// General information: 
//  MT Manager version: 2022.2.0 
//  XDA version: 2022.2.0 build 7381 rev 124627 built on 2023-07-19
// Device information: 
//  DeviceId: 00B4CB9F
//  ProductCode: MTW2-3A7G6
//  Firmware Version: 4.6.0
//  Hardware Version: 2.0.0
// Device settings: 
//  Filter Profile: human(46.1)
//  Option Flags: Orientation Smoother Disabled, Position/Velocity Smoother Disabled, Continuous Zero Rotation Update Disabled, AHS Disabled, ICC Disabled
// Coordinate system: ENU
PacketCounter	Acc_X	Acc_Y	Acc_Z	Gyr_X	Gyr_Y	Gyr_Z	Mat[1][1]	Mat[2][1]	Mat[3][1]	Mat[1][2]	Mat[2][2]	Mat[3][2]	Mat[1][3]	Mat[2][3]	Mat[3][3]
11759	9.700976	0.727650	-0.792271	0.030047	-0.000888	-0.008776	0.000344	0.062193	0.998064	0.355052	-0.933044	0.058019	0.934847	0.354344	-0.022403
11760	9.754298	0.599626	-0.778475	-0.011431	-0.009409	-0.010233	0.000466	0.062307	0.998057	0.354986	-0.933065	0.058084	0.934872	0.354269	-0.022553
11761	9.747500	0.466416	-0.674111	-0.023179	-0.012388	-0.011863	0.000623	0.062440	0.998049	0.354811	-0.933127	0.058157	0.934938	0.354083	-0.022736
11762	9.718335	0.400632	-0.672852	-0.011049	-0.023950	-0.014835	0.000865	0.062648	0.998035	0.354749	-0.933144	0.058268	0.934961	0.354002	-0.023032
11763	9.711652	0.497919	-0.582247	0.019774	-0.031294	-0.021058	0.001163	0.062934	0.998017	0.354973	-0.933049	0.058424	0.934876	0.354201	-0.023425
11764	9.631364	0.706992	-0.297629	-0.000744	-0.023454	-0.026705	0.001358	0.063252	0.997997	0.355007	-0.933022	0.058651	0.934863	0.354216	-0.023722
11765	9.659276	0.716036	0.322677	-0.027163	0.000983	-0.025763	0.001336	0.063464	0.997983	0.354790	-0.933091	0.058863	0.934945	0.353996	-0.023763
11766	9.756738	0.502366	0.808503	-0.075805	0.046255	-0.026617	0.000879	0.063534	0.997979	0.354122	-0.933329	0.059106	0.935199	0.353355	-0.023319
11767	9.907883	-0.022905	0.789091	-0.059901	0.059204	-0.024709	0.000318	0.063535	0.997980	0.353603	-0.933513	0.059318	0.935396	0.352870	-0.022763
11768	9.898106	0.068154	0.717049	0.026928	0.082759	-0.014160	-0.000436	0.063360	0.997991	0.353896	-0.933396	0.059413	0.935285	0.353211	-0.022016
11769	9.816811	0.540498	0.557378	0.118979	0.088072	-0.008752	-0.001212	0.063105	0.998006	0.355049	-0.932957	0.059423	0.934847	0.354413	-0.021275
11770	9.831231	0.763260	0.090121	0.164914	0.086661	-0.009706	-0.001986	0.062873	0.998020	0.356631	-0.932352	0.059446	0.934243	0.356042	-0.020571
11771	9.970199	0.711122	-0.549670	0.173260	0.062362	-0.010979	-0.002528	0.062728	0.998027	0.358292	-0.931714	0.059468	0.933606	0.357735	-0.020119
11772	9.952876	0.733350	-0.607934	0.132598	0.052790	-0.002925	-0.002961	0.062551	0.998037	0.359570	-0.931223	0.059431	0.933113	0.359041	-0.019734
11773	9.557192	0.718891	-0.935724	0.137953	0.012858	-0.006993	-0.003027	0.062548	0.998037	0.360898	-0.930710	0.059423	0.932600	0.360369	-0.019756
11774	9.638475	0.739473	-1.236935	0.119065	-0.037310	-0.001734	-0.002615	0.062685	0.998030	0.362049	-0.930266	0.059377	0.932155	0.361491	-0.020262
11775	9.794959	0.851420	-0.999823	0.029272	-0.051113	0.005790	-0.002036	0.062794	0.998024	0.362365	-0.930150	0.059263	0.932034	0.361770	-0.020861
11776	9.809476	0.635322	-0.573963	-0.051465	-0.056900	0.009436	-0.001401	0.062898	0.998019	0.361926	-0.930329	0.059139	0.932206	0.361292	-0.021461
11777	9.854571	0.421430	-0.194061	-0.074498	-0.064735	0.012048	-0.000672	0.062999	0.998013	0.361274	-0.930592	0.058987	0.932460	0.360596	-0.022135
11778	9.962772	0.465122	0.032058	-0.067938	-0.052584	0.009986	-0.000075	0.063081	0.998008	0.360681	-0.930830	0.058862	0.932689	0.359967	-0.022682
11779	10.319952	0.642175	0.275583	-0.071448	-0.015837	0.002486	0.000163	0.063092	0.998008	0.360057	-0.931076	0.058802	0.932930	0.359330	-0.022869
11780	10.193327	0.572626	0.648257	-0.084516	0.038177	-0.011630	-0.000164	0.063049	0.998010	0.359309	-0.931358	0.058897	0.933219	0.358604	-0.022501
11781	9.789872	0.579163	0.464990	-0.012736	0.053819	-0.032056	-0.000702	0.063136	0.998005	0.359231	-0.931371	0.059173	0.933248	0.358556	-0.022026
11782	9.544788	0.653677	0.128459	0.027768	0.056236	-0.034650	-0.001281	0.063242	0.997997	0.359531	-0.931236	0.059473	0.933132	0.358887	-0.021545
11783	9.475607	0.603843	-0.110458	-0.005737	0.089373	-0.027639	-0.002135	0.063155	0.998001	0.359519	-0.931226	0.059699	0.933135	0.358928	-0.020717
11784	9.537186	0.148373	-0.034678	-0.029353	0.104260	-0.015582	-0.003094	0.062912	0.998014	0.359286	-0.931308	0.059821	0.933222	0.358758	-0.019722
11785	9.629672	-0.059782	-0.237846	0.020366	0.113042	0.001764	-0.004064	0.062465	0.998039	0.359517	-0.931224	0.059747	0.933130	0.359054	-0.018673
11786	9.713153	0.201512	-0.498952	0.101009	0.089232	0.012367	-0.004781	0.062015	0.998064	0.360501	-0.930855	0.059566	0.932747	0.360087	-0.017906
11787	9.679406	0.794686	-0.783627	0.125560	0.051674	0.010967	-0.005144	0.061704	0.998081	0.361715	-0.930395	0.059383	0.932274	0.361327	-0.017534
11788	9.667680	1.169246	-1.004750	0.069654	0.018027	-0.003614	-0.005254	0.061658	0.998084	0.362405	-0.930128	0.059368	0.932006	0.362023	-0.017458
11789	9.673560	1.060452	-1.007175	0.008301	-0.014415	-0.008759	-0.005072	0.061770	0.998078	0.362523	-0.930080	0.059404	0.931961	0.362128	-0.017676
11790	9.750316	0.724317	-0.885006	-0.033090	-0.042862	-0.012754	-0.004648	0.062029	0.998063	0.362256	-0.930178	0.059497	0.932067	0.361831	-0.018147
11791	9.760105	0.647296	-0.768898	-0.048925	-0.060300	-0.008899	-0.004035	0.062309	0.998049	0.361844	-0.930335	0.059545	0.932230	0.361378	-0.018793
11792	9.755840	0.531968	-0.455233	-0.068500	-0.067913	-0.000563	-0.003333	0.062545	0.998037	0.361246	-0.930569	0.059524	0.932465	0.360735	-0.019493
11793	9.744555	0.514343	-0.180803	-0.084677	-0.070822	0.007787	-0.002561	0.062710	0.998028	0.360500	-0.930865	0.059415	0.932756	0.359941	-0.020223
11794	9.871025	0.471105	0.065839	-0.092913	-0.061896	0.009515	-0.001879	0.062830	0.998022	0.359675	-0.931192	0.059300	0.933076	0.359075	-0.020848
11795	9.874916	0.409378	0.322537	-0.094795	-0.046168	0.011200	-0.001326	0.062873	0.998021	0.358833	-0.931525	0.059161	0.933401	0.358201	-0.021325
11796	9.952536	0.222594	0.477527	-0.070237	-0.031431	0.007374	-0.000936	0.062902	0.998019	0.358218	-0.931768	0.059062	0.933637	0.357564	-0.021660
11797	9.967094	0.179049	0.456346	-0.011167	-0.009354	0.009933	-0.000732	0.062821	0.998025	0.358156	-0.931801	0.058915	0.933661	0.357492	-0.021818
11798	10.183702	0.375987	0.429176	0.026140	0.019966	0.018817	-0.000780	0.062559	0.998041	0.358441	-0.931706	0.058681	0.933552	0.357785	-0.021697
11799	10.209009	0.401470	0.702078	-0.000595	0.074230	0.023560	-0.001309	0.062050	0.998072	0.358477	-0.931710	0.058394	0.933538	0.357862	-0.021024
11800	9.757474	0.482335	0.808869	0.042685	0.093184	0.016515	-0.002049	0.061548	0.998102	0.358917	-0.931554	0.058181	0.933367	0.358355	-0.020182
11801	9.580599	0.621480	0.062290	0.112170	0.061576	0.004252	-0.002530	0.061265	0.998118	0.360005	-0.931142	0.058066	0.932947	0.359474	-0.019699
11802	9.739002	0.622297	-0.562848	0.102037	0.063613	-0.003995	-0.003068	0.061058	0.998129	0.360998	-0.930758	0.058047	0.932562	0.360500	-0.019187
11803	9.750841	0.559507	-0.659118	0.072719	0.047115	-0.006732	-0.003452	0.060928	0.998136	0.361719	-0.930478	0.058049	0.932281	0.361245	-0.018827
11804	9.665766	0.522802	-0.702046	0.063495	0.025651	0.003181	-0.003609	0.060791	0.998144	0.362352	-0.930237	0.057966	0.932034	0.361888	-0.018671
11805	9.661504	0.566407	-0.741087	0.047143	-0.001623	0.003563	-0.003502	0.060742	0.998147	0.362833	-0.930056	0.057871	0.931848	0.362363	-0.018782
11806	9.746810	0.599443	-0.564215	0.010349	-0.008388	0.008600	-0.003322	0.060678	0.998152	0.362971	-0.930010	0.057744	0.931795	0.362492	-0.018935
11807	9.743905	0.650530	-0.432566	-0.009223	-0.009751	0.007568	-0.003125	0.060623	0.998156	0.362925	-0.930035	0.057622	0.931813	0.362436	-0.019096
11808	9.833581	0.642284	-0.347307	-0.038724	-0.008189	0.002106	-0.002970	0.060619	0.998157	0.362606	-0.930163	0.057569	0.931938	0.362108	-0.019218
11809	9.684705	0.500302	-0.205223	-0.047863	-0.000016	-0.002106	-0.002898	0.060619	0.998157	0.362200	-0.930322	0.057551	0.932096	0.361700	-0.019260
11810	9.754108	0.566865	-0.049104	-0.042686	0.006993	-0.006566	-0.002917	0.060640	0.998155	0.361843	-0.930459	0.057585	0.932234	0.361344	-0.019228
11811	9.790173	0.688250	0.023011	-0.065861	0.017204	-0.006775	-0.003022	0.060619	0.998156	0.361271	-0.930679	0.057615	0.932456	0.360779	-0.019087
11812	9.797342	0.664658	0.148202	-0.099155	0.038530	-0.006508	-0.003335	0.060526	0.998161	0.360387	-0.931019	0.057659	0.932797	0.359916	-0.018708
11813	9.811855	0.470396	0.098585	-0.109302	0.046030	-0.007741	-0.003712	0.060410	0.998167	0.359410	-0.931394	0.057706	0.933172	0.358966	-0.018255
11814	9.809143	0.220892	0.034141	-0.088722	0.049902	-0.004401	-0.004123	0.060258	0.998174	0.358623	-0.931696	0.057726	0.933473	0.358207	-0.017768
11815	9.781650	0.319403	-0.013226	-0.028138	0.041888	-0.001203	-0.004440	0.060096	0.998183	0.358401	-0.931783	0.057693	0.933557	0.358006	-0.017401
11816	9.762629	0.558921	0.005613	-0.013957	0.033523	-0.004792	-0.004700	0.060006	0.998187	0.358312	-0.931817	0.057704	0.933590	0.357934	-0.017122
11817	9.771245	0.626111	-0.007763	-0.021510	0.026946	-0.009161	-0.004905	0.059973	0.998188	0.358154	-0.931875	0.057748	0.933649	0.357789	-0.016909
11818	9.843447	0.719389	-0.030115	-0.027460	0.017320	-0.016037	-0.005054	0.060046	0.998183	0.357939	-0.931950	0.057873	0.933731	0.357581	-0.016783
11819	9.899292	0.686650	0.152439	-0.086024	0.013179	-0.019358	-0.005168	0.060157	0.998176	0.357176	-0.932233	0.058032	0.934023	0.356824	-0.016669
11820	9.796709	0.519467	0.140433	-0.120635	0.012180	-0.026277	-0.005305	0.060344	0.998164	0.356088	-0.932633	0.058275	0.934437	0.355744	-0.016540
11821	9.940414	0.469872	-0.068459	-0.118613	-0.008064	-0.022330	-0.005231	0.060558	0.998151	0.355022	-0.933028	0.058468	0.934843	0.354671	-0.016619
11822	9.931382	0.167250	0.223035	-0.172874	0.020282	-0.013780	-0.005399	0.060600	0.998148	0.353446	-0.933618	0.058594	0.935439	0.353107	-0.016378
11823	9.692284	-0.202914	0.117401	-0.090049	0.014040	-0.005744	-0.005474	0.060582	0.998148	0.352645	-0.933920	0.058618	0.935741	0.352312	-0.016252
11824	9.794090	-0.190912	-0.076276	0.027970	0.001447	-0.000851	-0.005420	0.060570	0.998149	0.352948	-0.933807	0.058582	0.935627	0.352612	-0.016317
11825	9.841801	0.101185	-0.247724	0.111551	0.012182	0.005173	-0.005438	0.060453	0.998156	0.354034	-0.933404	0.058460	0.935217	0.353699	-0.016326
11826	9.818253	0.540394	-0.365327	0.149696	0.010608	-0.000269	-0.005468	0.060403	0.998159	0.355475	-0.932860	0.058399	0.934670	0.355140	-0.016371
11827	9.740073	0.868719	-0.528754	0.120469	0.002179	-0.007237	-0.005435	0.060437	0.998157	0.356644	-0.932413	0.058399	0.934225	0.356304	-0.016487
11828	9.618386	0.939077	-0.527493	0.058097	0.008701	-0.013555	-0.005495	0.060518	0.998152	0.357227	-0.932185	0.058485	0.934001	0.356888	-0.016497
11829	9.488466	0.946467	-0.204514	-0.017214	0.021506	-0.017213	-0.005679	0.060578	0.998147	0.357107	-0.932223	0.058609	0.934046	0.356778	-0.016339
11830	9.648656	1.101542	0.512211	-0.116388	0.056367	-0.016752	-0.006195	0.060519	0.998148	0.356060	-0.932614	0.058755	0.934442	0.355765	-0.015771
11831	9.723248	0.828555	0.684835	-0.201764	0.073012	-0.023482	-0.006884	0.060454	0.998147	0.354215	-0.933303	0.058969	0.935139	0.353965	-0.014989
11832	9.991670	0.184221	0.461490	-0.224711	0.071410	-0.021625	-0.007558	0.060389	0.998146	0.352153	-0.934070	0.059179	0.935912	0.351947	-0.014207
11833	9.977290	0.154003	0.405030	-0.164797	0.085221	-0.021512	-0.008356	0.060266	0.998147	0.350649	-0.934623	0.059366	0.936470	0.350496	-0.013323
11834	9.764143	0.298397	0.372013	-0.075704	0.088548	-0.024287	-0.009200	0.060167	0.998146	0.349980	-0.934861	0.059578	0.936712	0.349879	-0.012457
11835	9.692405	0.203151	-0.073432	0.028584	0.066242	-0.030772	-0.009852	0.060199	0.998138	0.350288	-0.934729	0.059832	0.936590	0.350225	-0.011878
11836	9.850143	0.088797	-0.551510	0.120373	0.050120	-0.023459	-0.010333	0.060227	0.998131	0.351455	-0.934279	0.060013	0.936148	0.351418	-0.011513
11837	10.089978	0.235399	-0.558405	0.144001	0.041670	-0.015615	-0.010703	0.060203	0.998129	0.352842	-0.933751	0.060103	0.935622	0.352825	-0.011248
11838	9.653835	0.356260	-0.659730	0.170536	0.028118	-0.011229	-0.010935	0.060193	0.998127	0.354478	-0.933127	0.060157	0.935001	0.354471	-0.011133
11839	9.659668	0.705324	-0.990059	0.169446	-0.026643	-0.011228	-0.010649	0.060368	0.998119	0.356102	-0.932506	0.060199	0.934386	0.356073	-0.011567
11840	9.876493	0.920435	-0.804583	0.056457	-0.038644	-0.012080	-0.010261	0.060604	0.998109	0.356670	-0.932284	0.060274	0.934174	0.356614	-0.012050
11841	9.928908	0.795593	-0.489415	-0.062647	-0.036784	-0.015494	-0.009894	0.060855	0.998098	0.356126	-0.932485	0.060384	0.934386	0.356045	-0.012446
11842	9.841629	0.591840	-0.354767	-0.121407	-0.053608	-0.020472	-0.009396	0.061221	0.998080	0.355030	-0.932891	0.060565	0.934808	0.354918	-0.012970
11843	9.892210	0.364423	-0.248226	-0.142382	-0.057449	-0.026258	-0.008874	0.061646	0.998059	0.353737	-0.933367	0.060795	0.935303	0.353590	-0.013523
11844	10.034424	0.070240	0.075192	-0.163657	-0.026987	-0.033900	-0.008671	0.062042	0.998036	0.352244	-0.933910	0.061116	0.935868	0.352082	-0.013756
11845	10.109400	-0.117121	0.668113	-0.094251	0.025526	-0.027554	-0.008928	0.062186	0.998025	0.351403	-0.934212	0.061353	0.936182	0.351256	-0.013511
11846	9.980884	0.147903	0.802308	0.046582	0.049944	-0.042528	-0.009475	0.062392	0.998007	0.351876	-0.934009	0.061732	0.935999	0.351760	-0.013105
11847	9.936062	0.758457	0.623529	0.139426	0.068853	-0.049096	-0.010215	0.062581	0.997988	0.353220	-0.933473	0.062151	0.935484	0.353144	-0.012570
11848	9.691323	0.969637	0.240547	0.114684	0.096405	-0.051480	-0.011228	0.062706	0.997969	0.354329	-0.933022	0.062612	0.935053	0.354312	-0.011742
11849	9.441039	0.820582	0.147718	0.055985	0.118244	-0.052988	-0.012445	0.062756	0.997951	0.354890	-0.932777	0.063083	0.934825	0.354948	-0.010663
11850	9.396118	0.790119	0.139316	0.035524	0.128726	-0.040842	-0.013723	0.062665	0.997940	0.355258	-0.932612	0.063448	0.934667	0.355397	-0.009464
11851	9.569313	0.801198	-0.101091	-0.001781	0.114669	-0.041780	-0.014868	0.062622	0.997927	0.355275	-0.932581	0.063815	0.934644	0.355487	-0.008382
11852	9.702235	0.567095	-0.268424	-0.050772	0.101174	-0.042792	-0.015896	0.062647	0.997909	0.354836	-0.932721	0.064207	0.934794	0.355114	-0.007403
11853	9.592377	0.543798	-0.657154	-0.032719	0.065083	-0.047968	-0.016598	0.062838	0.997886	0.354566	-0.932794	0.064636	0.934884	0.354889	-0.006797
11854	9.511771	0.676335	-1.058211	-0.032136	0.022631	-0.050993	-0.016920	0.063218	0.997856	0.354299	-0.932863	0.065108	0.934979	0.354641	-0.006614
11855	9.595661	0.796290	-1.057188	-0.075529	-0.015430	-0.045392	-0.016859	0.063672	0.997828	0.353628	-0.933089	0.065516	0.935234	0.353965	-0.006785
11856	9.598179	1.021391	-0.733872	-0.152999	-0.034929	-0.042254	-0.016611	0.064175	0.997800	0.352232	-0.933589	0.065909	0.935765	0.352552	-0.007096
11857	9.709706	0.886717	-0.589987	-0.234605	-0.058129	-0.039968	-0.016130	0.064729	0.997773	0.350072	-0.934375	0.066275	0.936584	0.350361	-0.007589
11858	9.848798	0.564905	-0.391087	-0.282224	-0.070194	-0.031568	-0.015512	0.065254	0.997748	0.347464	-0.935327	0.066573	0.937565	0.347715	-0.008165
11859	9.925699	0.482783	-0.031603	-0.259895	-0.073819	-0.024979	-0.014828	0.065720	0.997728	0.345063	-0.936200	0.066796	0.938462	0.345270	-0.008796
11860	9.976840	0.411584	-0.022548	-0.225764	-0.081576	-0.028951	-0.014092	0.066257	0.997703	0.342981	-0.936945	0.067066	0.939237	0.343138	-0.009522
11861	10.047208	0.165348	0.010696	-0.196117	-0.062337	-0.025773	-0.013517	0.066686	0.997682	0.341176	-0.937588	0.067292	0.939902	0.341295	-0.010078
11862	9.940931	0.037314	0.079780	-0.126171	-0.052012	-0.031142	-0.013064	0.067139	0.997658	0.340028	-0.937984	0.067576	0.940325	0.340114	-0.010576
11863	9.858386	0.022309	0.109547	-0.051151	-0.047214	-0.031033	-0.012648	0.067566	0.997635	0.339583	-0.938126	0.067841	0.940491	0.339638	-0.011079
11864	9.805153	0.081122	0.007091	0.035582	-0.049247	-0.030435	-0.012218	0.068003	0.997610	0.339956	-0.937972	0.068102	0.940362	0.339976	-0.011658
11865	9.742961	0.411770	0.162579	0.077145	-0.042290	-0.022446	-0.011818	0.068332	0.997593	0.340721	-0.937683	0.068265	0.940090	0.340708	-0.012200
11866	9.808213	0.713316	0.177378	0.075738	-0.033911	-0.021878	-0.011504	0.068637	0.997575	0.341472	-0.937397	0.068434	0.939821	0.341432	-0.012654
11867	9.907300	0.879734	0.323415	0.058350	-0.015151	-0.019064	-0.011349	0.068841	0.997563	0.342062	-0.937173	0.068565	0.939609	0.342006	-0.012912
11868	10.123255	0.758938	0.447026	-0.020683	0.024892	-0.012378	-0.011555	0.068856	0.997560	0.341908	-0.937222	0.068652	0.939662	0.341867	-0.012713
11869	9.992331	0.513588	0.870919	-0.040823	0.070341	-0.016032	-0.012194	0.068741	0.997560	0.341564	-0.937339	0.068766	0.939779	0.341569	-0.012049
11870	9.734732	0.715382	0.680572	0.028734	0.072746	-0.028597	-0.012905	0.068744	0.997551	0.341872	-0.937209	0.069009	0.939658	0.341926	-0.011407
11871	9.578110	1.082532	0.160894	0.081416	0.050632	-0.045514	-0.013462	0.068971	0.997528	0.342672	-0.936888	0.069402	0.939358	0.342760	-0.011022
11872	9.667766	1.247415	-0.103496	0.029278	0.053810	-0.047859	-0.014061	0.069219	0.997502	0.342983	-0.936742	0.069837	0.939236	0.343108	-0.010569
11873	9.668858	0.915427	-0.167732	-0.039990	0.051353	-0.044386	-0.014621	0.069431	0.997480	0.342646	-0.936836	0.070232	0.939351	0.342809	-0.010093
11874	9.793752	0.523948	-0.192897	-0.036059	0.039720	-0.034042	-0.015040	0.069598	0.997462	0.342344	-0.936923	0.070536	0.939454	0.342536	-0.009735
11875	9.813627	0.439847	-0.170218	-0.007080	0.033035	-0.026192	-0.015366	0.069705	0.997449	0.342315	-0.936918	0.070748	0.939460	0.342529	-0.009465
11876	9.751135	0.512525	-0.123903	0.019126	0.029613	-0.020247	-0.015643	0.069777	0.997440	0.342533	-0.936826	0.070909	0.939375	0.342766	-0.009246
11877	9.771323	0.779015	-0.122301	0.032968	0.037684	-0.022740	-0.016001	0.069834	0.997430	0.342880	-0.936686	0.071082	0.939243	0.343136	-0.008957
11878	9.687794	1.030141	0.072574	0.014319	0.034196	-0.027254	-0.016345	0.069957	0.997416	0.343052	-0.936605	0.071313	0.939174	0.343331	-0.008690
11879	9.758940	1.324588	0.299383	-0.049487	0.046879	-0.041264	-0.016852	0.070156	0.997394	0.342623	-0.936735	0.071678	0.939322	0.342938	-0.008251
11880	9.805295	1.212781	0.286613	-0.125844	0.042240	-0.057224	-0.017375	0.070532	0.997358	0.341473	-0.937113	0.072220	0.939731	0.341825	-0.007803
11881	9.857507	0.878272	0.150339	-0.181417	0.044259	-0.069432	-0.017953	0.071006	0.997314	0.339800	-0.937670	0.072876	0.940326	0.340196	-0.007294
11882	9.823409	0.756092	0.041120	-0.204190	0.053179	-0.062644	-0.018595	0.071397	0.997275	0.337910	-0.938306	0.073476	0.940995	0.338356	-0.006678
11883	9.756091	0.593974	-0.189695	-0.191045	0.033533	-0.068407	-0.019067	0.071901	0.997230	0.336146	-0.938889	0.074121	0.941617	0.336628	-0.006268
11884	9.806798	0.401550	-0.504182	-0.166257	0.026788	-0.059611	-0.019449	0.072354	0.997189	0.334611	-0.939392	0.074687	0.942156	0.335123	-0.005941
11885	9.849529	0.337559	-0.559739	-0.124887	0.004279	-0.057809	-0.019609	0.072858	0.997150	0.333465	-0.939757	0.075222	0.942559	0.333989	-0.005868
11886	9.729503	0.435898	-0.606274	-0.102449	-0.010043	-0.053808	-0.019623	0.073381	0.997111	0.332531	-0.940047	0.075725	0.942888	0.333056	-0.005954
11887	9.826880	0.526260	-0.410611	-0.116387	-0.026168	-0.058764	-0.019496	0.073993	0.997068	0.331468	-0.940379	0.076268	0.943265	0.331983	-0.006193
11888	9.874990	0.637165	-0.060504	-0.153731	-0.025157	-0.063067	-0.019397	0.074653	0.997021	0.330048	-0.940829	0.076867	0.943765	0.330556	-0.006390
11889	9.848974	0.601846	0.062178	-0.203122	-0.030746	-0.073339	-0.019273	0.075418	0.996966	0.328161	-0.941432	0.077561	0.944425	0.328660	-0.006605
11890	9.878799	0.430554	0.154425	-0.238109	-0.028349	-0.083828	-0.019209	0.076284	0.996901	0.325938	-0.942137	0.078374	0.945196	0.326433	-0.006766
11891	9.869485	0.266291	0.260292	-0.245351	-0.014406	-0.082020	-0.019265	0.077078	0.996839	0.323644	-0.942862	0.079159	0.945983	0.324146	-0.006782
11892	9.844133	0.038286	0.307516	-0.214414	-0.005066	-0.084450	-0.019419	0.077873	0.996774	0.321641	-0.943478	0.079976	0.946662	0.322157	-0.006726
11893	9.773330	-0.057023	0.285740	-0.151413	0.000784	-0.083905	-0.019621	0.078633	0.996711	0.320238	-0.943888	0.080770	0.947134	0.320769	-0.006662
11894	9.781039	0.026511	0.313924	-0.070271	0.002333	-0.085854	-0.019848	0.079419	0.996644	0.319597	-0.944034	0.081591	0.947346	0.320144	-0.006645
11895	9.807075	0.191080	0.312299	-0.004907	0.012391	-0.090989	-0.020182	0.080206	0.996574	0.319577	-0.943967	0.082444	0.947345	0.320146	-0.006581
11896	9.813902	0.371970	0.380599	0.018834	0.021428	-0.095920	-0.020622	0.081026	0.996499	0.319778	-0.943818	0.083360	0.947268	0.320377	-0.006447
11897	9.759181	0.430673	0.244061	0.042068	0.015319	-0.102677	-0.021022	0.081915	0.996418	0.320200	-0.943589	0.084327	0.947117	0.320825	-0.006393
11898	9.720446	0.448503	0.086427	0.035536	0.017498	-0.105306	-0.021455	0.082835	0.996332	0.320556	-0.943378	0.085335	0.946986	0.321212	-0.006313
11899	9.675253	0.511347	0.064341	0.011990	0.029098	-0.102753	-0.021987	0.083679	0.996250	0.320691	-0.943244	0.086304	0.946929	0.321386	-0.006096
11900	9.656666	0.553725	0.219789	-0.021970	0.042828	-0.110947	-0.022678	0.084571	0.996159	0.320501	-0.943210	0.087372	0.946977	0.321251	-0.005715
11901	9.704115	0.433072	0.120993	-0.051908	0.058401	-0.114670	-0.023524	0.085432	0.996066	0.320030	-0.943268	0.088462	0.947115	0.320852	-0.005151
11902	9.649953	0.388725	-0.092676	-0.026346	0.033949	-0.121332	-0.024164	0.086450	0.995963	0.319794	-0.943238	0.089633	0.947179	0.320669	-0.004854
11903	9.677262	0.920895	0.052484	-0.020277	0.040058	-0.124997	-0.024870	0.087466	0.995857	0.319617	-0.943184	0.090822	0.947220	0.320551	-0.004498
11904	9.639163	1.401095	0.079513	-0.062443	0.027440	-0.136308	-0.025496	0.088647	0.995737	0.319034	-0.943254	0.092143	0.947400	0.320023	-0.004232
11905	9.691295	1.327094	-0.159449	-0.151510	0.001131	-0.152768	-0.025919	0.090050	0.995600	0.317606	-0.943590	0.093614	0.947868	0.318635	-0.004143
11906	9.790538	0.911092	-0.146428	-0.213826	-0.004491	-0.150042	-0.026282	0.091463	0.995462	0.315583	-0.944123	0.095078	0.948534	0.316649	-0.004051
11907	9.808180	0.699132	-0.029945	-0.227247	-0.005745	-0.144523	-0.026608	0.092813	0.995328	0.313435	-0.944697	0.096471	0.949237	0.314538	-0.003955
11908	9.747619	0.506673	0.154002	-0.200010	-0.007071	-0.148977	-0.026937	0.094225	0.995186	0.311539	-0.945174	0.097922	0.949852	0.312677	-0.003895
11909	9.772751	0.369420	0.297489	-0.187068	-0.001268	-0.153814	-0.027328	0.095650	0.995040	0.309769	-0.945601	0.099405	0.950419	0.310949	-0.003788
11910	9.587895	0.453666	0.300604	-0.163428	-0.008891	-0.166144	-0.027687	0.097231	0.994877	0.308213	-0.945938	0.101026	0.950914	0.309431	-0.003777
11911	9.697429	0.708639	0.211979	-0.159839	-0.026275	-0.180742	-0.027920	0.098986	0.994697	0.306689	-0.946245	0.102773	0.951400	0.307932	-0.003939
11912	9.761014	0.530035	0.130929	-0.208891	-0.032706	-0.182661	-0.028098	0.100797	0.994510	0.304693	-0.946694	0.104559	0.952036	0.305958	-0.004112
11913	9.683141	-0.301886	0.168359	-0.241210	-0.010996	-0.175452	-0.028452	0.102456	0.994331	0.302396	-0.947241	0.106257	0.952758	0.303705	-0.004031
11914	9.584014	-0.934129	0.139689	-0.113996	-0.004578	-0.152416	-0.028799	0.103895	0.994171	0.301310	-0.947420	0.107738	0.953091	0.302656	-0.004020
11915	9.488445	-0.740447	0.222333	0.075920	-0.003008	-0.123504	-0.029068	0.105035	0.994044	0.302051	-0.947051	0.108902	0.952848	0.303418	-0.004197
11916	9.483267	0.530499	0.183347	0.233058	-0.014092	-0.105946	-0.029185	0.106062	0.993931	0.304283	-0.946220	0.109906	0.952134	0.305644	-0.004657
11917	9.677699	2.115595	0.208838	0.193138	-0.026523	-0.118599	-0.029222	0.107225	0.993805	0.306134	-0.945494	0.111014	0.951540	0.307481	-0.005196
11918	9.712785	2.929213	0.171751	0.028269	-0.036603	-0.141373	-0.029237	0.108656	0.993649	0.306404	-0.945245	0.112378	0.951452	0.307744	-0.005656
11919	9.649389	2.936535	-0.087367	-0.155230	-0.063336	-0.161634	-0.029053	0.110342	0.993469	0.304936	-0.945533	0.113935	0.951929	0.306255	-0.006177
11920	9.649445	2.435850	-0.223552	-0.320536	-0.076502	-0.175687	-0.028788	0.112218	0.993267	0.301876	-0.946305	0.115662	0.952913	0.303173	-0.006634
11921	9.513153	1.673717	-0.312892	-0.433438	-0.078527	-0.179055	-0.028504	0.114113	0.993059	0.297741	-0.947399	0.117413	0.954221	0.299021	-0.006971
11922	9.373863	0.831385	-0.264282	-0.482754	-0.069483	-0.171209	-0.028277	0.115924	0.992856	0.293126	-0.948626	0.119108	0.955656	0.294399	-0.007156
11923	9.593701	0.560486	-0.221080	-0.395053	-0.063640	-0.149383	-0.028033	0.117493	0.992678	0.289351	-0.949600	0.120565	0.956813	0.290612	-0.007376
11924	9.950145	0.864135	-0.032336	-0.320965	-0.055390	-0.128793	-0.027804	0.118857	0.992522	0.286285	-0.950368	0.121829	0.957741	0.287532	-0.007603
11925	10.050162	1.227400	0.222393	-0.267808	-0.045533	-0.130096	-0.027665	0.120188	0.992366	0.283733	-0.950971	0.123085	0.958504	0.284972	-0.007792
11926	9.921951	1.125320	0.111781	-0.234915	-0.044743	-0.132190	-0.027541	0.121553	0.992203	0.281488	-0.951470	0.124376	0.959170	0.282718	-0.008011
11927	9.678405	0.750613	0.230365	-0.195930	-0.020978	-0.127643	-0.027626	0.122788	0.992048	0.279624	-0.951859	0.125600	0.959712	0.280870	-0.008039
11928	9.511345	0.994133	0.538595	-0.097613	-0.004449	-0.120966	-0.027852	0.123932	0.991900	0.278697	-0.951976	0.126769	0.959975	0.279970	-0.008025
11929	9.702664	1.231530	0.716759	-0.041006	0.004004	-0.118984	-0.028151	0.125015	0.991755	0.278318	-0.951936	0.127896	0.960076	0.279624	-0.007996
11930	9.692605	1.270961	0.556027	-0.018159	-0.004424	-0.114426	-0.028358	0.126097	0.991613	0.278154	-0.951836	0.128993	0.960118	0.279479	-0.008082
11931	9.722842	1.502312	0.406581	-0.016898	-0.031667	-0.110199	-0.028291	0.127197	0.991474	0.278009	-0.951737	0.130032	0.960162	0.279317	-0.008437
11932	9.683788	1.747674	0.439478	-0.066727	-0.045843	-0.111543	-0.028091	0.128366	0.991329	0.277380	-0.951773	0.131104	0.960350	0.278658	-0.008870
11933	9.672195	1.765525	0.363999	-0.135304	-0.057597	-0.120560	-0.027803	0.129638	0.991171	0.276090	-0.951989	0.132258	0.960730	0.277330	-0.009324
11934	9.756882	1.518893	0.298825	-0.202377	-0.065949	-0.132479	-0.027465	0.131062	0.990994	0.274152	-0.952368	0.133551	0.961294	0.275351	-0.009774
11935	9.848518	0.995487	0.244926	-0.227201	-0.069750	-0.139247	-0.027106	0.132543	0.990807	0.271975	-0.952802	0.134900	0.961922	0.273131	-0.010222
11936	9.931238	0.448135	0.377650	-0.144262	-0.059267	-0.131777	-0.026825	0.133940	0.990626	0.270595	-0.953013	0.136181	0.962319	0.271712	-0.010679
11937	9.910338	0.453157	0.315877	0.056691	-0.067087	-0.116626	-0.026428	0.135196	0.990466	0.271155	-0.952696	0.137276	0.962173	0.272198	-0.011482
11938	9.784540	1.006210	0.272964	0.218269	-0.084616	-0.101350	-0.025821	0.136372	0.990321	0.273271	-0.951956	0.138214	0.961590	0.274195	-0.012686
11939	9.608309	1.590481	0.078878	0.300978	-0.092955	-0.089041	-0.025106	0.137437	0.990192	0.276184	-0.951000	0.139000	0.960777	0.276965	-0.014082
11940	9.576877	2.274623	0.133250	0.313234	-0.108808	-0.077544	-0.024207	0.138457	0.990073	0.279216	-0.950014	0.139682	0.959923	0.279826	-0.015662
11941	9.597191	2.512242	0.365378	0.253195	-0.116538	-0.071052	-0.023221	0.139424	0.989960	0.281673	-0.949199	0.140290	0.959229	0.282103	-0.017231
11942	9.594518	2.485554	0.353647	0.189950	-0.123688	-0.066490	-0.022154	0.140385	0.989849	0.283522	-0.948562	0.140875	0.958710	0.283765	-0.018788
11943	9.571198	2.449925	0.287520	0.134131	-0.127724	-0.056342	-0.021024	0.141247	0.989751	0.284840	-0.948096	0.141353	0.958344	0.284893	-0.020300
11944	9.562883	2.278276	0.258634	0.087299	-0.117874	-0.048960	-0.019965	0.142028	0.989661	0.285709	-0.947770	0.141780	0.958108	0.285586	-0.021656
11945	9.414596	2.198526	-0.096178	0.075803	-0.142232	-0.042420	-0.018660	0.142803	0.989575	0.286472	-0.947488	0.142131	0.957907	0.286137	-0.023229
11946	9.461167	2.219769	-0.315716	0.037072	-0.165931	-0.033883	-0.017098	0.143579	0.989491	0.286864	-0.947326	0.142418	0.957819	0.286284	-0.024990
11947	9.409126	2.205445	-0.343690	-0.021016	-0.203454	-0.029704	-0.015171	0.144412	0.989401	0.286699	-0.947338	0.142669	0.957901	0.285825	-0.027030
11948	9.563682	1.866270	-0.383283	-0.090229	-0.229748	-0.013911	-0.012941	0.145179	0.989321	0.285875	-0.947568	0.142792	0.958179	0.284670	-0.029241
11949	9.584384	1.590048	-0.275299	-0.097879	-0.254868	-0.003151	-0.010445	0.145902	0.989244	0.284976	-0.947837	0.142804	0.958478	0.283403	-0.031678
11950	9.630685	1.625788	-0.063271	-0.098748	-0.269642	0.014455	-0.007750	0.146508	0.989179	0.284074	-0.948131	0.142654	0.958771	0.282105	-0.034271
11951	9.582024	1.679162	0.248133	-0.090113	-0.264115	0.022051	-0.005092	0.147011	0.989122	0.283255	-0.948411	0.142419	0.959031	0.280898	-0.036813
11952	9.629753	1.705874	0.418025	-0.070398	-0.260095	0.022012	-0.002466	0.147512	0.989057	0.282623	-0.948634	0.142187	0.959228	0.279880	-0.039351
11953	9.582988	1.610785	0.567705	-0.045127	-0.254736	0.008694	0.000065	0.148111	0.988971	0.282233	-0.948768	0.142072	0.959346	0.279110	-0.041863
11954	9.534629	1.537564	0.628881	-0.007537	-0.245392	0.006006	0.002505	0.148718	0.988876	0.282202	-0.948791	0.141975	0.959352	0.278708	-0.044346
11955	9.561367	1.444086	0.576460	0.002587	-0.238038	0.005282	0.004864	0.149301	0.988780	0.282266	-0.948787	0.141874	0.959324	0.278409	-0.046757
11956	9.500401	1.236347	0.445796	0.039880	-0.238668	0.007675	0.007244	0.149872	0.988679	0.282691	-0.948681	0.141738	0.959184	0.278463	-0.049240
11957	9.480479	1.110406	0.514834	0.062213	-0.231121	0.024864	0.009589	0.150251	0.988601	0.283322	-0.948541	0.141414	0.958977	0.278737	-0.051665
11958	9.543738	1.112339	0.531219	0.096194	-0.229548	0.030663	0.011946	0.150580	0.988526	0.284283	-0.948313	0.141019	0.958666	0.279337	-0.054136
11959	9.710394	1.197554	0.328173	0.119749	-0.230931	0.040531	0.014332	0.150810	0.988459	0.285465	-0.948034	0.140503	0.958282	0.280157	-0.056639
11960	9.762651	1.334039	0.208232	0.127400	-0.216988	0.042138	0.016601	0.151000	0.988394	0.286721	-0.947734	0.139972	0.957870	0.281070	-0.059028
11961	9.571306	1.393115	-0.114791	0.145008	-0.229463	0.034045	0.018954	0.151292	0.988307	0.288143	-0.947372	0.139499	0.957400	0.282130	-0.061550
11962	9.507109	1.657939	-0.437663	0.158888	-0.258569	0.032010	0.021590	0.151700	0.988191	0.289698	-0.946965	0.139042	0.956874	0.283275	-0.064392
11963	9.355179	1.889184	-0.667342	0.103591	-0.303221	0.018672	0.024599	0.152351	0.988020	0.290722	-0.946695	0.138740	0.956491	0.283826	-0.067580
11964	9.419405	1.756343	-0.839238	0.001950	-0.351593	0.019578	0.028088	0.153143	0.987805	0.290776	-0.946713	0.138504	0.956379	0.283340	-0.071122
11965	9.496990	1.304535	-0.719103	-0.058302	-0.386269	0.031626	0.031931	0.153905	0.987570	0.290246	-0.946922	0.138186	0.956419	0.282226	-0.074906
11966	9.623052	1.113060	-0.807301	-0.010614	-0.422433	0.054556	0.036198	0.154560	0.987320	0.290167	-0.947030	0.137614	0.956291	0.281506	-0.079129
11967	9.883874	1.138245	-0.817915	0.010075	-0.451713	0.082256	0.040811	0.155020	0.987068	0.290268	-0.947125	0.136745	0.956075	0.280933	-0.083650
11968	9.741874	1.111925	-0.575842	0.007735	-0.450814	0.092591	0.045458	0.155388	0.986807	0.290342	-0.947240	0.135783	0.955843	0.280339	-0.088176
11969	9.537644	1.069052	-0.755725	0.099233	-0.470291	0.093391	0.050279	0.155792	0.986509	0.291281	-0.947104	0.134724	0.955315	0.280577	-0.092999
11970	9.612536	1.342777	-0.871218	0.185423	-0.478123	0.090987	0.055180	0.156255	0.986174	0.293043	-0.946718	0.133606	0.954506	0.281619	-0.098029
11971	9.622847	1.712838	-0.639230	0.195438	-0.452925	0.089946	0.059819	0.156649	0.985841	0.294894	-0.946303	0.132472	0.953656	0.282794	-0.102801
11972	9.364146	1.523079	-0.556515	0.172860	-0.438732	0.097324	0.064358	0.156951	0.985507	0.296521	-0.945959	0.131288	0.952855	0.283774	-0.107419
11973	9.489167	1.064625	-0.925960	0.229140	-0.450410	0.119467	0.069058	0.157074	0.985169	0.298657	-0.945491	0.129812	0.951859	0.285263	-0.112205
11974	9.580238	1.197071	-1.108982	0.322411	-0.454892	0.148070	0.073899	0.156958	0.984837	0.301657	-0.944793	0.127940	0.950548	0.287628	-0.117167
11975	9.527376	2.125652	-0.975824	0.408482	-0.478915	0.173581	0.079029	0.156673	0.984484	0.305439	-0.943879	0.125692	0.948926	0.290767	-0.122448
11976	9.597012	2.885293	-0.791108	0.344827	-0.484748	0.177577	0.084240	0.156394	0.984096	0.308603	-0.943144	0.123469	0.947453	0.293294	-0.127714
11977	9.736188	2.438566	-0.480167	0.171650	-0.487070	0.167231	0.089424	0.156220	0.983666	0.310117	-0.942896	0.121553	0.946483	0.294182	-0.132765
11978	9.566767	1.415716	-0.030869	0.145372	-0.469202	0.161891	0.094436	0.156057	0.983223	0.311382	-0.942713	0.119720	0.945581	0.294852	-0.137619
11979	9.743752	1.316773	0.070649	0.268574	-0.498701	0.169529	0.099731	0.155907	0.982724	0.313790	-0.942178	0.117630	0.944240	0.296637	-0.142886
11980	9.821650	1.472121	0.279918	0.312095	-0.477575	0.169241	0.104840	0.155716	0.982223	0.316599	-0.941505	0.115468	0.942748	0.298865	-0.148007
11981	9.476433	1.037593	0.536033	0.344619	-0.470958	0.186657	0.109921	0.155346	0.981725	0.319677	-0.940756	0.113070	0.941129	0.301406	-0.153070
11982	9.715169	0.900580	0.635577	0.419760	-0.461906	0.206871	0.114999	0.154783	0.981233	0.323428	-0.939797	0.110341	0.939239	0.304669	-0.158136
11983	9.997598	1.270115	0.639141	0.466727	-0.447958	0.221387	0.119971	0.154049	0.980753	0.327580	-0.938703	0.107373	0.937176	0.308393	-0.163081
11984	10.752354	1.358039	1.161035	0.424031	-0.384637	0.224508	0.124382	0.153118	0.980349	0.331312	-0.937725	0.104425	0.935287	0.311813	-0.167365
11985	10.388436	0.967992	1.931509	0.484074	-0.288069	0.223612	0.127865	0.151898	0.980091	0.335585	-0.936540	0.101368	0.933292	0.315942	-0.170725
11986	10.786992	1.621579	2.183970	0.721272	-0.225395	0.242534	0.130857	0.150332	0.979937	0.342029	-0.934596	0.097703	0.930534	0.322382	-0.173716
11987	11.599002	2.846575	1.841796	0.679564	-0.059831	0.241886	0.132289	0.148239	0.980064	0.348057	-0.932739	0.094101	0.928093	0.328669	-0.174987
11988	11.679480	3.012977	1.425295	0.335307	0.148757	0.208582	0.131708	0.145787	0.980510	0.350928	-0.931929	0.091425	0.927094	0.332046	-0.173903
11989	11.170048	2.127901	0.986364	0.045529	0.303393	0.172173	0.129535	0.143146	0.981188	0.351155	-0.932019	0.089614	0.927314	0.332941	-0.170996
11990	10.700856	1.242237	0.643736	-0.037381	0.373343	0.192792	0.126818	0.140090	0.981984	0.350597	-0.932407	0.087739	0.927900	0.333154	-0.167361
11991	11.288147	0.944224	0.796546	0.043975	0.381221	0.245612	0.124174	0.136500	0.982827	0.350727	-0.932593	0.085211	0.928209	0.334123	-0.163678
11992	12.762559	0.768791	1.293447	0.038723	0.409999	0.312574	0.121533	0.132196	0.983745	0.350738	-0.932874	0.082030	0.928554	0.335068	-0.159742
11993	12.724661	0.255766	2.730213	-0.152589	0.611434	0.357872	0.117133	0.126780	0.984991	0.348923	-0.933841	0.078703	0.929802	0.334468	-0.153620
11994	11.674463	0.043556	4.588972	-0.207172	0.759887	0.348579	0.111343	0.120969	0.986392	0.346634	-0.934954	0.075533	0.931369	0.333507	-0.146033
11995	11.462364	-0.305819	6.527582	-0.153414	0.887392	0.350485	0.104305	0.114699	0.987909	0.344856	-0.935871	0.072247	0.932842	0.333151	-0.137171
11996	10.947996	-0.485772	8.114918	-0.022787	1.109019	0.347082	0.095219	0.107733	0.989609	0.344334	-0.936323	0.068801	0.934006	0.334205	-0.126252
11997	10.770421	-0.114172	8.968248	0.117177	1.349946	0.347422	0.083813	0.099913	0.991460	0.345148	-0.936283	0.065175	0.934799	0.336738	-0.112958
11998	10.911630	0.653211	9.037943	0.179564	1.619007	0.310302	0.069817	0.091513	0.993353	0.346627	-0.935961	0.061864	0.935401	0.340004	-0.097067
11999	11.357808	1.556102	8.008518	0.130984	1.873492	0.236167	0.053103	0.082862	0.995145	0.347737	-0.935711	0.059357	0.936087	0.342897	-0.078503
12000	12.134764	1.888831	6.654563	-0.029605	2.132161	0.152317	0.033732	0.074094	0.996681	0.347433	-0.935921	0.057819	0.937098	0.344329	-0.057313
12001	12.914300	2.128400	5.351185	-0.231794	2.390952	0.077933	0.011566	0.065091	0.997812	0.345271	-0.936764	0.057107	0.938432	0.343856	-0.033308
12002	13.536388	2.444666	4.342877	-0.490361	2.563716	0.015645	-0.012392	0.056151	0.998345	0.340707	-0.938439	0.057011	0.940088	0.340849	-0.007502
12003	13.066335	3.038988	4.006030	-0.993833	2.466971	-0.000536	-0.035642	0.047799	0.998221	0.331381	-0.941778	0.056929	0.942824	0.332820	0.017727
12004	12.045034	2.958301	4.355013	-2.081723	2.017218	-0.011529	-0.054688	0.041366	0.997646	0.311730	-0.948494	0.056416	0.948596	0.314082	0.038976
12005	13.395486	1.853744	-1.917658	-1.947136	1.668581	0.070252	-0.070372	0.035558	0.996887	0.293288	-0.954455	0.054748	0.953431	0.296228	0.056739
12006	14.784059	3.984433	-6.070426	-0.414860	2.068901	0.250955	-0.089293	0.027047	0.995638	0.289579	-0.955744	0.051934	0.952980	0.292953	0.077510
12007	12.795401	3.932685	-5.499337	-0.909995	2.235488	0.082960	-0.110387	0.019751	0.993692	0.281022	-0.958384	0.050268	0.953332	0.284798	0.100243
12008	11.861560	1.885198	-5.268706	-1.375454	2.313770	-0.105149	-0.132678	0.014299	0.991056	0.267821	-0.962184	0.049737	0.954290	0.272025	0.123831
12009	10.986847	0.929549	-3.205606	-1.626873	2.353203	-0.140784	-0.155525	0.009397	0.987787	0.252123	-0.966459	0.048890	0.955116	0.256647	0.147939
12010	10.881461	-0.070031	-3.171481	-1.670098	2.281302	-0.109340	-0.177518	0.004760	0.984106	0.236035	-0.970594	0.047272	0.955393	0.240675	0.171174
12011	10.657589	-1.053746	-3.436378	-1.570226	2.248816	-0.045802	-0.199109	-0.000075	0.979977	0.220991	-0.974245	0.044826	0.954735	0.225492	0.193997
12012	10.044604	-1.736320	-3.174307	-1.459444	2.201677	0.043250	-0.219955	-0.005329	0.975495	0.207208	-0.977421	0.041381	0.953250	0.211233	0.216093
12013	9.405861	-2.175609	-2.956245	-1.058722	2.097620	0.155395	-0.239608	-0.011212	0.970805	0.197530	-0.979582	0.037440	0.950563	0.200734	0.236930
12014	8.544299	-1.838226	-2.860798	-0.514424	1.997269	0.233631	-0.258033	-0.017485	0.965978	0.193283	-0.980558	0.033881	0.946605	0.195450	0.256395
12015	7.649961	-1.212550	-2.706992	-0.011581	1.861315	0.254078	-0.275106	-0.023653	0.961123	0.193897	-0.980520	0.031370	0.941658	0.194989	0.274333
12016	7.192925	-0.175130	-2.584060	0.311961	1.697803	0.235627	-0.290522	-0.029322	0.956419	0.197545	-0.979836	0.029967	0.936255	0.197642	0.290457
12017	7.013840	0.483561	-2.533281	0.311965	1.530057	0.198697	-0.304397	-0.034355	0.951926	0.201096	-0.979143	0.028967	0.931076	0.200246	0.304956
12018	6.966863	0.637174	-2.381274	0.115133	1.383676	0.184259	-0.316812	-0.038960	0.947688	0.202791	-0.978834	0.027553	0.926556	0.200912	0.318008
12019	7.076520	0.226094	-2.205527	-0.099795	1.273618	0.214034	-0.328133	-0.043645	0.943623	0.202608	-0.978936	0.025175	0.922648	0.199446	0.330064
12020	7.197187	-0.587734	-1.820352	-0.174413	1.207817	0.241065	-0.338704	-0.048427	0.939646	0.201859	-0.979161	0.022298	0.918985	0.197228	0.341421
12021	7.212243	-1.106222	-1.221649	-0.128630	1.197948	0.261520	-0.349134	-0.053380	0.935551	0.201629	-0.979270	0.019371	0.915123	0.195397	0.352660
12022	7.251090	-1.409679	-0.716095	-0.142266	1.176762	0.336977	-0.359138	-0.058994	0.931418	0.201577	-0.979347	0.015695	0.911255	0.193389	0.363612
12023	7.094306	-1.881203	0.092514	-0.313197	1.194247	0.449397	-0.369063	-0.065724	0.927078	0.200417	-0.979656	0.010333	0.907538	0.189616	0.374727
12024	6.639843	-2.263286	1.369012	-0.535967	1.202879	0.550659	-0.378800	-0.073392	0.922564	0.197676	-0.980262	0.003183	0.904121	0.183574	0.385831
12025	6.166374	-2.315387	2.803345	-0.731125	1.047472	0.608820	-0.387031	-0.081288	0.918477	0.193459	-0.981094	-0.005309	0.901543	0.175633	0.395440
12026	6.094500	-2.402324	3.547020	-0.812961	0.744518	0.596021	-0.392538	-0.088441	0.915474	0.188513	-0.981970	-0.014034	0.900209	0.167070	0.402133
12027	6.957365	-3.038353	3.710344	-0.767802	0.383948	0.478928	-0.395068	-0.093821	0.913849	0.183542	-0.982776	-0.021550	0.900130	0.159216	0.405483
