// General information: 
//  MT Manager version: 2022.2.0 
//  XDA version: 2022.2.0 build 7381 rev 124627 built on 2023-07-19
// Device information: 
//  DeviceId: 00B4CAF0
//  ProductCode: MTW2-3A7G6
//  Firmware Version: 4.6.0
//  Hardware Version: 2.0.0
// Device settings: 
//  Filter Profile: human(46.1)
//  Option Flags: Orientation Smoother Disabled, Position/Velocity Smoother Disabled, Continuous Zero Rotation Update Disabled, AHS Disabled, ICC Disabled
// Coordinate system: ENU
PacketCounter	Acc_X	Acc_Y	Acc_Z	Gyr_X	Gyr_Y	Gyr_Z	Mat[1][1]	Mat[2][1]	Mat[3][1]	Mat[1][2]	Mat[2][2]	Mat[3][2]	Mat[1][3]	Mat[2][3]	Mat[3][3]
13024	4.397310	0.445519	9.278372	-0.011577	-0.007315	0.004681	-0.322875	0.848137	0.420017	-0.926441	-0.373977	0.042997	0.193544	-0.375239	0.906497
13025	4.440934	0.462137	9.291976	-0.013435	0.000654	0.002799	-0.322840	0.848130	0.420060	-0.926489	-0.373878	0.042827	0.193374	-0.375355	0.906485
13026	4.431079	0.419823	9.289290	-0.008869	0.005151	0.006027	-0.322893	0.848132	0.420015	-0.926495	-0.373875	0.042704	0.193252	-0.375353	0.906512
13027	4.408092	0.425573	9.264320	-0.012915	0.007284	0.005340	-0.322827	0.848166	0.419996	-0.926552	-0.373750	0.042585	0.193093	-0.375400	0.906526
13028	4.374398	0.431351	9.272364	-0.011377	0.010245	0.006574	-0.322896	0.848185	0.419905	-0.926561	-0.373742	0.042438	0.192931	-0.375365	0.906575
13029	4.407341	0.407295	9.283590	-0.004085	0.006207	0.002036	-0.322815	0.848213	0.419911	-0.926601	-0.373645	0.042414	0.192874	-0.375398	0.906574
13030	4.350748	0.437000	9.247711	-0.002686	0.004460	0.005044	-0.322857	0.848216	0.419872	-0.926600	-0.373657	0.042352	0.192812	-0.375380	0.906595
13031	4.363317	0.388708	9.270246	0.002937	0.001216	0.004243	-0.322830	0.848185	0.419956	-0.926598	-0.373657	0.042377	0.192863	-0.375450	0.906555
13032	4.351956	0.430203	9.338922	0.003446	-0.000618	0.003589	-0.322850	0.848174	0.419962	-0.926589	-0.373680	0.042376	0.192874	-0.375452	0.906552
13033	4.395657	0.422989	9.298272	0.002327	-0.005731	0.003949	-0.322795	0.848143	0.420067	-0.926606	-0.373640	0.042365	0.192885	-0.375562	0.906503
13034	4.331976	0.380138	9.295906	-0.001030	-0.004796	-0.001888	-0.322756	0.848137	0.420110	-0.926623	-0.373599	0.042346	0.192868	-0.375616	0.906485
13035	4.472157	0.449642	9.285437	-0.001680	-0.007670	0.000540	-0.322698	0.848133	0.420162	-0.926672	-0.373493	0.042213	0.192730	-0.375731	0.906467
13036	4.419011	0.431799	9.304327	0.002327	-0.005732	0.003948	-0.322711	0.848102	0.420216	-0.926664	-0.373514	0.042200	0.192747	-0.375780	0.906442
13037	4.398571	0.406589	9.315718	-0.005255	-0.003297	0.001921	-0.322575	0.848116	0.420291	-0.926721	-0.373374	0.042179	0.192698	-0.375887	0.906409
13038	4.419467	0.431291	9.304135	0.001539	0.002962	0.001234	-0.322579	0.848128	0.420264	-0.926724	-0.373369	0.042171	0.192680	-0.375865	0.906421
13039	4.396788	0.438164	9.278969	-0.002177	0.002627	0.004390	-0.322559	0.848120	0.420295	-0.926744	-0.373327	0.042104	0.192617	-0.375925	0.906410
13040	4.451787	0.398306	9.242652	-0.003105	0.006612	0.003450	-0.322591	0.848137	0.420236	-0.926748	-0.373323	0.042045	0.192544	-0.375890	0.906440
13041	4.386858	0.380381	9.295069	-0.000967	0.008058	0.001782	-0.322512	0.848197	0.420176	-0.926799	-0.373202	0.041994	0.192430	-0.375875	0.906471
13042	4.395848	0.421234	9.298261	0.000342	0.005993	0.007038	-0.322576	0.848199	0.420124	-0.926785	-0.373241	0.041951	0.192390	-0.375833	0.906496
13043	4.395281	0.421063	9.298537	0.000522	0.006629	0.002542	-0.322509	0.848243	0.420085	-0.926826	-0.373145	0.041914	0.192305	-0.375828	0.906516
13044	4.361053	0.444233	9.287961	0.002989	0.005605	0.004717	-0.322550	0.848252	0.420036	-0.926815	-0.373174	0.041904	0.192292	-0.375779	0.906540
13045	4.351858	0.387322	9.303664	0.004006	0.001937	0.003409	-0.322515	0.848236	0.420095	-0.926820	-0.373158	0.041925	0.192324	-0.375831	0.906511
13046	4.448822	0.423137	9.298269	0.002937	0.001214	0.004242	-0.322543	0.848230	0.420086	-0.926810	-0.373183	0.041917	0.192324	-0.375820	0.906516
13047	4.362116	0.387414	9.270866	0.002937	0.001214	0.004242	-0.322503	0.848228	0.420120	-0.926828	-0.373141	0.041903	0.192308	-0.375865	0.906501
13048	4.395193	0.405507	9.317359	0.000367	-0.006541	0.001120	-0.322487	0.848205	0.420180	-0.926833	-0.373130	0.041885	0.192309	-0.375929	0.906474
13049	4.416559	0.430471	9.305553	0.001906	-0.003581	0.002354	-0.322428	0.848194	0.420247	-0.926861	-0.373066	0.041847	0.192274	-0.376017	0.906444
13050	4.407181	0.389284	9.302558	-0.003118	-0.001850	0.000253	-0.322413	0.848191	0.420264	-0.926876	-0.373034	0.041801	0.192228	-0.376055	0.906439
13051	4.459465	0.464038	9.300674	-0.000090	-0.000318	0.002248	-0.322422	0.848156	0.420329	-0.926882	-0.373027	0.041726	0.192184	-0.376142	0.906412
13052	4.427912	0.413686	9.291076	-0.003194	0.006294	0.005696	-0.322473	0.848163	0.420275	-0.926879	-0.373042	0.041656	0.192111	-0.376111	0.906440
13053	4.448037	0.438251	9.279881	0.000484	0.010700	0.005263	-0.322473	0.848191	0.420217	-0.926897	-0.373004	0.041595	0.192023	-0.376085	0.906470
13054	4.383526	0.379078	9.296694	-0.003561	0.012834	0.004575	-0.322526	0.848228	0.420103	-0.926899	-0.373007	0.041527	0.191925	-0.375999	0.906526
13055	4.392252	0.394642	9.245851	0.001083	0.009183	0.002361	-0.322488	0.848246	0.420096	-0.926915	-0.372966	0.041535	0.191913	-0.375998	0.906529
13056	4.348952	0.386024	9.305077	0.002010	0.005198	0.003302	-0.322514	0.848258	0.420050	-0.926910	-0.372980	0.041522	0.191892	-0.375957	0.906550
13057	4.390761	0.419883	9.300726	0.000574	0.011016	0.003014	-0.322478	0.848287	0.420020	-0.926930	-0.372931	0.041518	0.191858	-0.375941	0.906565
13058	4.368620	0.411183	9.294074	0.008050	-0.000200	0.004097	-0.322502	0.848276	0.420024	-0.926911	-0.372974	0.041557	0.191910	-0.375923	0.906561
13059	4.401461	0.404381	9.286507	0.004006	0.001935	0.003409	-0.322438	0.848287	0.420052	-0.926934	-0.372915	0.041567	0.191904	-0.375957	0.906548
13060	4.412430	0.413722	9.326343	0.004985	0.002339	0.004823	-0.322473	0.848283	0.420033	-0.926918	-0.372953	0.041575	0.191920	-0.375930	0.906556
13061	4.401162	0.404945	9.286624	0.004605	0.000420	0.000508	-0.322381	0.848315	0.420040	-0.926960	-0.372851	0.041569	0.191876	-0.375959	0.906553
13062	4.445235	0.381897	9.264625	0.003027	0.001531	0.001994	-0.322388	0.848318	0.420027	-0.926957	-0.372856	0.041571	0.191875	-0.375945	0.906559
13063	4.411124	0.430533	9.308128	0.004058	0.006324	0.003881	-0.322442	0.848297	0.420027	-0.926947	-0.372889	0.041506	0.191833	-0.375959	0.906562
13064	4.368077	0.396914	9.313048	0.004567	0.004490	0.003228	-0.322467	0.848307	0.419988	-0.926938	-0.372911	0.041517	0.191837	-0.375915	0.906579
13065	4.400000	0.406046	9.287127	0.005584	0.000824	0.001922	-0.322352	0.848329	0.420032	-0.926970	-0.372823	0.041583	0.191873	-0.375953	0.906556
13066	4.410116	0.431390	9.308566	0.002988	0.005601	0.004714	-0.322392	0.848338	0.419984	-0.926959	-0.372851	0.041573	0.191859	-0.375905	0.906579
13067	4.410170	0.415460	9.327335	0.002062	0.009585	0.003771	-0.322404	0.848352	0.419947	-0.926969	-0.372834	0.041520	0.191794	-0.375892	0.906598
13068	4.398222	0.406236	9.287960	-0.000077	0.008141	0.005438	-0.322455	0.848367	0.419876	-0.926961	-0.372857	0.041479	0.191743	-0.375834	0.906633
13069	4.365488	0.397301	9.314246	0.000940	0.004474	0.004133	-0.322355	0.848393	0.419900	-0.926995	-0.372769	0.041516	0.191747	-0.375862	0.906620
13070	4.397460	0.405979	9.288332	0.000887	0.000086	0.003661	-0.322375	0.848385	0.419902	-0.926992	-0.372780	0.041492	0.191732	-0.375869	0.906621
13071	4.375492	0.396985	9.281607	0.001501	0.007029	0.003952	-0.322348	0.848413	0.419866	-0.927018	-0.372721	0.041439	0.191650	-0.375865	0.906640
13072	4.418245	0.414863	9.295624	0.002010	0.005196	0.003299	-0.322373	0.848425	0.419821	-0.927013	-0.372733	0.041426	0.191628	-0.375825	0.906661
13073	4.406491	0.431087	9.310297	0.003966	0.006003	0.006127	-0.322379	0.848456	0.419755	-0.927036	-0.372686	0.041335	0.191508	-0.375803	0.906696
13074	4.363551	0.372214	9.261003	0.004658	0.004806	0.000980	-0.322382	0.848475	0.419713	-0.927034	-0.372689	0.041356	0.191512	-0.375756	0.906714
13075	4.351868	0.413949	9.329768	0.004005	0.001933	0.003408	-0.322339	0.848469	0.419758	-0.927047	-0.372656	0.041366	0.191523	-0.375802	0.906693
13076	4.428125	0.399585	9.281804	0.004513	0.000100	0.002756	-0.322350	0.848465	0.419760	-0.927040	-0.372673	0.041378	0.191541	-0.375796	0.906692
13077	4.395014	0.432156	9.343589	0.000378	0.001919	0.004313	-0.322310	0.848467	0.419786	-0.927063	-0.372620	0.041340	0.191496	-0.375844	0.906681
13078	4.439151	0.383515	9.267475	0.003027	0.001529	0.001994	-0.322316	0.848470	0.419774	-0.927061	-0.372625	0.041342	0.191496	-0.375831	0.906686
13079	4.383981	0.406952	9.322577	-0.001656	0.009250	0.006921	-0.322317	0.848491	0.419732	-0.927081	-0.372582	0.041262	0.191395	-0.375827	0.906710
13080	4.405144	0.390518	9.275559	0.004567	0.004486	0.003226	-0.322340	0.848501	0.419694	-0.927072	-0.372603	0.041272	0.191399	-0.375783	0.906727
13081	4.415831	0.399800	9.315524	0.002010	0.005194	0.003298	-0.322356	0.848484	0.419716	-0.927073	-0.372608	0.041228	0.191371	-0.375818	0.906718
13082	4.371850	0.381972	9.302072	0.002063	0.009581	0.003768	-0.322394	0.848511	0.419632	-0.927067	-0.372624	0.041213	0.191335	-0.375740	0.906758
13083	4.380637	0.423077	9.305353	0.003041	0.009984	0.005181	-0.322427	0.848530	0.419568	-0.927075	-0.372611	0.041132	0.191237	-0.375710	0.906791
13084	4.390302	0.422912	9.272886	0.001085	0.009177	0.002353	-0.322451	0.848561	0.419487	-0.927076	-0.372612	0.041114	0.191194	-0.375639	0.906830
13085	4.346775	0.414434	9.332120	0.003549	0.008150	0.004529	-0.322446	0.848582	0.419449	-0.927090	-0.372581	0.041074	0.191133	-0.375623	0.906849
13086	4.378248	0.423436	9.306462	0.007084	0.007845	0.005872	-0.322500	0.848595	0.419381	-0.927068	-0.372633	0.041096	0.191149	-0.375542	0.906880
13087	4.389743	0.391682	9.310698	0.005074	0.002652	0.002575	-0.322457	0.848597	0.419410	-0.927083	-0.372596	0.041102	0.191150	-0.375575	0.906866
13088	4.399160	0.407935	9.259547	0.008663	0.006732	0.004386	-0.322495	0.848611	0.419353	-0.927063	-0.372642	0.041145	0.191184	-0.375497	0.906891
13089	4.388105	0.408435	9.292648	0.000054	0.004386	0.000469	-0.322390	0.848641	0.419372	-0.927105	-0.372536	0.041158	0.191159	-0.375533	0.906881
13090	4.419428	0.442425	9.321200	0.001555	0.011411	0.004416	-0.322437	0.848673	0.419272	-0.927098	-0.372555	0.041136	0.191113	-0.375443	0.906928
13091	4.396693	0.434044	9.314790	0.014392	0.012253	0.004531	-0.322422	0.848710	0.419208	-0.927092	-0.372559	0.041221	0.191165	-0.375354	0.906954
13092	4.439545	0.411043	9.293468	-0.000948	0.016503	0.004952	-0.322483	0.848759	0.419062	-0.927089	-0.372574	0.041174	0.191079	-0.375229	0.907024
13093	4.469004	0.460825	9.304137	0.001716	0.024563	0.005817	-0.322556	0.848816	0.418890	-0.927088	-0.372583	0.041100	0.190958	-0.375091	0.907106
13094	4.498433	0.469949	9.279505	0.016013	0.036489	0.012592	-0.322727	0.848911	0.418566	-0.927028	-0.372726	0.041175	0.190964	-0.374734	0.907253
13095	4.494731	0.479358	9.354160	-0.001722	0.054594	0.014470	-0.322850	0.849086	0.418116	-0.927034	-0.372720	0.041085	0.190725	-0.374344	0.907464
13096	4.468079	0.444091	9.295622	-0.003439	0.059437	0.020902	-0.323142	0.849235	0.417587	-0.926983	-0.372861	0.040948	0.190477	-0.373864	0.907714
13097	4.399231	0.392921	9.387125	-0.016224	0.062964	0.021228	-0.323337	0.849413	0.417073	-0.926993	-0.372862	0.040718	0.190097	-0.373458	0.907960
13098	4.474923	0.596729	9.469835	-0.036308	0.070524	0.026054	-0.323697	0.849584	0.416445	-0.926988	-0.372923	0.040262	0.189508	-0.373007	0.908269
13099	4.762147	0.574520	9.351631	-0.031782	0.087461	0.035145	-0.324053	0.849828	0.415671	-0.926999	-0.372945	0.039798	0.188844	-0.372430	0.908644
13100	5.145631	0.908998	9.411704	0.002309	0.157278	0.058157	-0.324872	0.850201	0.414266	-0.926817	-0.373424	0.039559	0.188330	-0.371097	0.909296
13101	4.699860	0.909789	9.373180	0.020561	0.270104	0.084172	-0.326134	0.850883	0.411869	-0.926533	-0.374155	0.039304	0.187546	-0.368792	0.910395
13102	4.374274	0.321004	9.271857	0.058055	0.276811	0.096766	-0.327532	0.851543	0.409387	-0.926119	-0.375167	0.039417	0.187154	-0.366231	0.911509
13103	4.241825	0.670191	9.517358	0.163779	0.264492	0.101996	-0.328846	0.852159	0.407045	-0.925533	-0.376496	0.040478	0.187745	-0.363423	0.912511
13104	4.664414	0.205434	9.757338	0.096764	0.284399	0.103648	-0.330323	0.852803	0.404492	-0.925021	-0.377706	0.040923	0.187678	-0.360646	0.913625
13105	4.475805	0.159454	9.497447	0.233666	0.293643	0.054631	-0.331201	0.853705	0.401862	-0.924472	-0.378832	0.042862	0.188829	-0.357314	0.914697
13106	3.656343	0.366846	9.327745	0.201561	0.345472	0.025804	-0.332077	0.854841	0.398713	-0.924017	-0.379744	0.044585	0.189522	-0.353611	0.915992
13107	4.136781	0.539498	9.529713	0.188402	0.229230	0.019490	-0.332499	0.855617	0.396691	-0.923657	-0.380412	0.046313	0.190533	-0.351008	0.916783
13108	3.538329	0.687689	9.205169	0.161237	0.220461	0.014914	-0.333040	0.856337	0.394678	-0.923311	-0.381079	0.047715	0.191264	-0.348520	0.917580
13109	3.782340	1.042191	9.496573	0.160847	0.132306	0.001428	-0.333155	0.856808	0.393558	-0.923040	-0.381537	0.049264	0.192366	-0.346857	0.917979
13110	3.506228	0.899990	9.244545	0.045050	0.102723	-0.011655	-0.333228	0.857214	0.392611	-0.923003	-0.381568	0.049705	0.192416	-0.345818	0.918361
13111	3.608527	0.526284	9.309730	0.037902	-0.020654	-0.033705	-0.332748	0.857292	0.392847	-0.923086	-0.381300	0.050224	0.192849	-0.345920	0.918231
13112	4.065198	0.388654	9.124748	0.007669	-0.027806	-0.046182	-0.332251	0.857378	0.393081	-0.923236	-0.380906	0.050458	0.192988	-0.346142	0.918118
13113	4.137052	0.151694	9.208726	0.016830	-0.015678	-0.050401	-0.331554	0.857567	0.393256	-0.923436	-0.380362	0.050900	0.193230	-0.346271	0.918019
13114	4.219812	-0.552579	9.252989	-0.039987	0.014385	-0.043391	-0.331163	0.857788	0.393105	-0.923668	-0.379826	0.050686	0.192789	-0.346313	0.918096
13115	4.230022	-1.098024	9.306807	-0.019291	0.050601	-0.006955	-0.331022	0.858020	0.392715	-0.923780	-0.379563	0.050624	0.192497	-0.346025	0.918266
13116	4.581816	-0.453065	9.752926	0.084797	0.073763	-0.017467	-0.330985	0.858347	0.392032	-0.923686	-0.379680	0.051454	0.193012	-0.345083	0.918512
13117	4.649666	0.205710	9.954464	0.033541	0.123975	-0.050042	-0.330614	0.858981	0.390956	-0.923829	-0.379254	0.052030	0.192964	-0.343975	0.918937
13118	4.303031	-0.064665	9.409562	0.071906	0.199917	-0.072191	-0.330314	0.859946	0.389083	-0.923940	-0.378854	0.052955	0.192944	-0.341998	0.919679
13119	3.974846	0.452124	9.460099	0.084007	0.187966	-0.081411	-0.329759	0.860915	0.387408	-0.924093	-0.378316	0.054129	0.193163	-0.340151	0.920318
13120	3.696090	1.018738	9.230885	0.095354	0.175564	-0.068333	-0.329448	0.861775	0.385757	-0.924145	-0.378025	0.055254	0.193442	-0.338292	0.920944
13121	3.440770	1.117127	9.182086	0.058310	0.109201	-0.048529	-0.329059	0.862344	0.384816	-0.924234	-0.377689	0.056055	0.193679	-0.337214	0.921290
13122	3.078625	1.130697	8.998685	0.034951	0.018484	-0.031485	-0.328785	0.862531	0.384630	-0.924282	-0.377510	0.056481	0.193918	-0.336937	0.921341
13123	3.002079	1.221650	9.039295	0.003095	-0.104439	0.000368	-0.328418	0.862204	0.385676	-0.924321	-0.377396	0.056600	0.194354	-0.337900	0.920896
13124	3.974488	0.797016	9.190916	-0.024471	-0.185056	0.021864	-0.328241	0.861500	0.387395	-0.924308	-0.377476	0.056274	0.194712	-0.339601	0.920195
13125	3.966008	0.478378	9.237775	-0.000286	-0.165317	0.025302	-0.327982	0.860878	0.388994	-0.924277	-0.377555	0.056256	0.195296	-0.341087	0.919521
13126	3.910994	0.492515	9.498039	-0.001382	-0.194509	0.027598	-0.327837	0.860115	0.390800	-0.924201	-0.377761	0.056119	0.195898	-0.342780	0.918763
13127	5.419845	-0.308546	10.407659	-0.039956	-0.183819	0.004229	-0.327319	0.859524	0.392530	-0.924330	-0.377489	0.055817	0.196152	-0.344558	0.918044
13128	4.578148	0.015460	9.340142	0.051241	-0.026179	-0.034510	-0.326929	0.859571	0.392755	-0.924355	-0.377342	0.056407	0.196688	-0.344604	0.917912
13129	4.445886	0.719105	9.604126	0.047138	-0.023020	-0.024261	-0.326473	0.859619	0.393028	-0.924395	-0.377149	0.057029	0.197253	-0.344695	0.917756
13130	4.326295	0.437465	9.494224	-0.014716	-0.003912	-0.022875	-0.326233	0.859698	0.393054	-0.924511	-0.376874	0.056968	0.197108	-0.344798	0.917749
13131	4.138693	0.627572	9.240518	0.010495	0.020739	-0.017586	-0.326024	0.859830	0.392938	-0.924576	-0.376688	0.057145	0.197150	-0.344670	0.917788
13132	3.858046	0.777993	9.303598	0.013498	0.019241	-0.007201	-0.325975	0.859930	0.392761	-0.924585	-0.376646	0.057281	0.197189	-0.344468	0.917855
13133	3.752619	0.707659	9.212837	0.006416	-0.020189	-0.000830	-0.325830	0.859883	0.392984	-0.924620	-0.376554	0.057314	0.197263	-0.344686	0.917758
13134	3.460503	0.911537	8.936218	0.046123	-0.064117	0.011654	-0.325791	0.859624	0.393582	-0.924503	-0.376787	0.057675	0.197876	-0.345078	0.917478
13135	3.707782	0.857674	9.200609	0.039070	-0.150731	0.032875	-0.325674	0.858995	0.395050	-0.924359	-0.377100	0.057935	0.198740	-0.346300	0.916831
13136	3.791760	0.832259	9.108560	-0.000782	-0.197425	0.054994	-0.325769	0.858108	0.396895	-0.924193	-0.377542	0.057695	0.199353	-0.348012	0.916049
13137	4.904122	0.549363	9.744602	-0.009180	-0.239464	0.055513	-0.325675	0.857093	0.399157	-0.924082	-0.377860	0.057399	0.200022	-0.350160	0.915084
13138	3.647218	0.694199	9.142899	0.009003	-0.138580	0.041587	-0.325761	0.856456	0.400452	-0.923940	-0.378221	0.057300	0.200534	-0.351328	0.914524
13139	4.845601	0.203789	10.269669	0.002498	-0.200941	0.038459	-0.325572	0.855639	0.402350	-0.923866	-0.378421	0.057182	0.201185	-0.353100	0.913699
13140	4.083031	-0.088616	8.979807	0.067092	-0.122567	-0.008082	-0.325229	0.855242	0.403468	-0.923769	-0.378561	0.057812	0.202181	-0.353909	0.913165
13141	4.449513	1.132171	9.719580	0.157253	-0.136660	-0.011561	-0.324704	0.854843	0.404737	-0.923549	-0.378871	0.059286	0.204023	-0.354544	0.912509
13142	4.277890	0.397845	9.542046	0.051334	-0.160616	-0.003090	-0.324326	0.854290	0.406203	-0.923466	-0.378999	0.059751	0.204995	-0.355736	0.911827
13143	4.686946	0.690291	9.479616	0.080821	-0.105969	-0.011638	-0.323908	0.853982	0.407183	-0.923390	-0.379070	0.060478	0.205998	-0.356400	0.911342
13144	4.489159	0.631893	9.426034	0.044757	-0.059628	-0.002557	-0.323740	0.853785	0.407729	-0.923318	-0.379180	0.060881	0.206582	-0.356754	0.911071
13145	4.344217	0.557868	9.392834	0.052415	-0.061853	-0.002746	-0.323460	0.853598	0.408342	-0.923269	-0.379219	0.061370	0.207237	-0.357159	0.910764
13146	4.391303	0.594174	9.385811	0.004113	-0.030473	-0.000046	-0.323375	0.853496	0.408623	-0.923274	-0.379206	0.061393	0.207350	-0.357418	0.910636
13147	4.273298	0.613476	9.307030	0.023732	-0.023660	-0.000726	-0.323223	0.853426	0.408891	-0.923269	-0.379185	0.061592	0.207609	-0.357608	0.910502
13148	4.155404	0.613222	9.338475	0.015399	-0.024283	0.001921	-0.323169	0.853338	0.409117	-0.923243	-0.379228	0.061709	0.207807	-0.357772	0.910393
13149	4.244465	0.639742	9.292795	0.016018	-0.025830	-0.000954	-0.323007	0.853270	0.409385	-0.923264	-0.379160	0.061813	0.207966	-0.358005	0.910265
13150	4.292435	0.586467	9.308290	0.021580	-0.033506	-0.002100	-0.322896	0.853165	0.409693	-0.923239	-0.379191	0.062003	0.208250	-0.358224	0.910114
13151	4.315731	0.639878	9.348470	0.027089	-0.028667	0.002452	-0.322779	0.853055	0.410012	-0.923210	-0.379227	0.062214	0.208560	-0.358446	0.909956
13152	4.386777	0.527005	9.282844	0.013624	-0.020451	-0.002751	-0.322689	0.852999	0.410200	-0.923203	-0.379224	0.062334	0.208729	-0.358584	0.909863
13153	4.204102	0.484692	9.312677	0.034156	-0.017606	-0.002448	-0.322489	0.852985	0.410387	-0.923205	-0.379169	0.062629	0.209028	-0.358675	0.909758
13154	4.289079	0.654930	9.351978	0.032057	-0.031527	-0.006460	-0.322342	0.852903	0.410674	-0.923172	-0.379201	0.062932	0.209402	-0.358837	0.909608
13155	4.316249	0.567268	9.306920	0.028024	-0.029368	-0.007186	-0.322126	0.852832	0.410989	-0.923177	-0.379146	0.063186	0.209711	-0.359062	0.909448
13156	4.303639	0.718344	9.332135	0.045492	-0.023959	-0.006215	-0.321996	0.852776	0.411207	-0.923114	-0.379227	0.063610	0.210186	-0.359109	0.909320
13157	4.414852	0.741155	9.311623	0.041140	-0.031118	-0.003236	-0.321829	0.852679	0.411539	-0.923075	-0.379265	0.063953	0.210614	-0.359300	0.909145
13158	4.438705	0.744169	9.244754	0.070407	-0.012910	0.002084	-0.321799	0.852631	0.411662	-0.922933	-0.379507	0.064569	0.211282	-0.359158	0.909046
13159	4.226088	0.594263	9.341649	0.077447	-0.013598	0.004745	-0.321716	0.852577	0.411838	-0.922798	-0.379722	0.065226	0.211994	-0.359060	0.908919
13160	4.399465	0.704503	9.357676	0.075596	-0.017422	0.010304	-0.321752	0.852482	0.412008	-0.922618	-0.380052	0.065856	0.212725	-0.358936	0.908797
13161	4.348700	0.597374	9.234443	0.059369	-0.000578	0.012711	-0.321768	0.852445	0.412072	-0.922496	-0.380268	0.066318	0.213230	-0.358796	0.908735
13162	4.236506	0.711163	9.356792	0.065406	0.005681	0.005978	-0.321813	0.852449	0.412029	-0.922350	-0.380524	0.066873	0.213792	-0.358514	0.908714
13163	4.280979	0.664823	9.282489	0.044616	0.006380	0.012861	-0.321855	0.852430	0.412034	-0.922253	-0.380701	0.067201	0.214146	-0.358371	0.908687
13164	4.097537	0.582735	9.279132	0.063814	-0.001663	0.004398	-0.321870	0.852414	0.412057	-0.922115	-0.380938	0.067747	0.214717	-0.358158	0.908636
13165	4.146913	0.445177	9.317633	0.065112	-0.033151	-0.002047	-0.321635	0.852343	0.412387	-0.922051	-0.380992	0.068315	0.215344	-0.358269	0.908444
13166	4.211041	0.624708	9.329253	0.060103	-0.039865	-0.007203	-0.321460	0.852234	0.412748	-0.921958	-0.381117	0.068876	0.216003	-0.358396	0.908237
13167	4.165301	0.470298	9.261812	0.036653	-0.060824	-0.017694	-0.321080	0.852095	0.413331	-0.921980	-0.380997	0.069235	0.216472	-0.358853	0.907945
13168	4.141770	0.390923	9.379499	0.056136	-0.079791	-0.025328	-0.320650	0.851911	0.414042	-0.921953	-0.380954	0.069834	0.217223	-0.359335	0.907575
13169	4.527937	0.537106	9.385834	0.014158	-0.089903	-0.029807	-0.320079	0.851722	0.414872	-0.922073	-0.380628	0.070031	0.217559	-0.360126	0.907181
13170	4.599505	0.526782	9.277392	-0.017969	-0.046770	-0.028675	-0.319690	0.851669	0.415280	-0.922217	-0.380290	0.069972	0.217519	-0.360609	0.906999
13171	4.446362	0.674539	9.400265	-0.022247	-0.029340	-0.029861	-0.319285	0.851675	0.415581	-0.922393	-0.379884	0.069858	0.217368	-0.361025	0.906869
13172	4.628475	0.848068	9.379287	-0.045256	-0.010065	-0.023545	-0.319023	0.851734	0.415660	-0.922579	-0.379490	0.069530	0.216960	-0.361298	0.906858
13173	4.421941	0.766833	9.260689	-0.063465	0.018592	-0.018227	-0.318796	0.851886	0.415522	-0.922825	-0.378991	0.068983	0.216245	-0.361462	0.906964
13174	4.302568	0.671505	9.317967	-0.057285	0.026253	-0.016203	-0.318681	0.852049	0.415277	-0.923014	-0.378617	0.068516	0.215609	-0.361472	0.907111
13175	4.223687	0.661306	9.221425	-0.027729	0.016640	-0.016220	-0.318458	0.852191	0.415157	-0.923180	-0.378253	0.068288	0.215229	-0.361518	0.907183
13176	3.987946	0.478711	9.333631	-0.023244	0.011488	-0.027169	-0.318209	0.852341	0.415039	-0.923330	-0.377908	0.068175	0.214955	-0.361524	0.907246
13177	4.020887	0.540290	9.413723	-0.007526	-0.049192	-0.033551	-0.317700	0.852304	0.415505	-0.923501	-0.377485	0.068197	0.214972	-0.362053	0.907031
13178	4.238930	0.734757	9.437798	-0.041843	-0.070085	-0.041292	-0.317145	0.852212	0.416117	-0.923735	-0.376952	0.067974	0.214784	-0.362824	0.906767
13179	4.119243	0.598049	9.489163	-0.093609	-0.082742	-0.033231	-0.316598	0.852042	0.416882	-0.924082	-0.376242	0.067193	0.214100	-0.363960	0.906474
13180	4.127373	0.246973	9.333403	-0.153574	-0.122111	-0.047206	-0.315877	0.851780	0.417962	-0.924572	-0.375249	0.065983	0.213043	-0.365593	0.906065
13181	4.265965	0.432505	9.453359	-0.141007	-0.152841	-0.065669	-0.314896	0.851463	0.419346	-0.925111	-0.374106	0.064920	0.212156	-0.367499	0.905502
13182	4.129043	0.350982	9.492203	-0.199486	-0.135315	-0.070823	-0.313931	0.851235	0.420531	-0.925769	-0.372737	0.063396	0.210712	-0.369412	0.905061
13183	3.822054	0.072263	9.841624	0.031823	-0.252253	-0.069142	-0.312680	0.850570	0.422802	-0.925965	-0.372163	0.063906	0.211707	-0.371518	0.903966
13184	4.514184	0.972749	9.911212	-0.073284	-0.211334	-0.132874	-0.310979	0.850282	0.424632	-0.926548	-0.370729	0.063791	0.211664	-0.373604	0.903116
13185	2.092873	0.665729	11.309641	0.027728	-0.292656	-0.070269	-0.309655	0.849443	0.427271	-0.926736	-0.370172	0.064294	0.212778	-0.376059	0.901834
13186	5.489451	0.655560	8.887292	0.359625	-0.576364	-0.066962	-0.307771	0.847519	0.432422	-0.926182	-0.370932	0.067805	0.217865	-0.379633	0.899118
13187	4.006503	1.256840	10.399562	0.039856	-0.320338	-0.068740	-0.306401	0.846554	0.435276	-0.926339	-0.370433	0.068371	0.219121	-0.382264	0.897697
13188	4.436757	0.755342	9.688492	0.131483	-0.431980	-0.052794	-0.304937	0.845097	0.439118	-0.926224	-0.370461	0.069766	0.221635	-0.385447	0.895717
13189	4.161976	1.422462	10.305925	0.282100	-0.497221	-0.055711	-0.303290	0.843377	0.443543	-0.925793	-0.371025	0.072438	0.225658	-0.388659	0.893321
13190	4.513170	1.382623	10.205735	0.167922	-0.612891	-0.043325	-0.301473	0.841148	0.448982	-0.925556	-0.371285	0.074114	0.229041	-0.393214	0.890462
13191	4.118749	1.492310	10.705297	-0.108612	-0.697765	-0.052084	-0.299391	0.838568	0.455159	-0.925984	-0.370382	0.073291	0.230042	-0.399527	0.887389
13192	3.779294	1.432372	10.807815	-0.367183	-0.987911	-0.034911	-0.296774	0.834708	0.463884	-0.926945	-0.368574	0.070186	0.229560	-0.409165	0.883112
13193	3.435109	1.778051	11.651863	-0.610085	-1.371789	0.042334	-0.294067	0.828841	0.475970	-0.928239	-0.366356	0.064472	0.227811	-0.422854	0.877095
13194	2.774018	2.582095	12.079219	-0.960637	-1.672321	0.267037	-0.292748	0.820654	0.490739	-0.929637	-0.364381	0.054777	0.223769	-0.440173	0.869583
13195	1.794515	3.230042	13.348517	-1.263843	-1.898144	0.624377	-0.294409	0.809829	0.507444	-0.930596	-0.363784	0.040649	0.217519	-0.460258	0.860725
13196	-0.765713	2.799742	13.682503	-1.759402	-2.325706	1.159646	-0.300232	0.794613	0.527685	-0.930905	-0.364737	0.019590	0.208032	-0.485342	0.849215
13197	-2.127197	4.277223	9.204683	-1.942159	-3.895891	1.970258	-0.310616	0.767728	0.560456	-0.928849	-0.370383	-0.007426	0.201883	-0.522886	0.828151
13198	-0.018531	5.915550	11.252912	-2.652178	-5.951376	2.688639	-0.323684	0.724948	0.608013	-0.925612	-0.375830	-0.044652	0.196139	-0.577237	0.792671
13199	1.185279	3.350415	11.412492	-3.820110	-6.244510	2.867267	-0.338464	0.676355	0.654207	-0.923301	-0.372842	-0.092220	0.181542	-0.635243	0.750672
13200	5.488513	0.726709	9.910340	-1.621598	-7.080401	2.123202	-0.344822	0.621564	0.703389	-0.919077	-0.375865	-0.118419	0.190774	-0.687302	0.700871
13201	16.941422	1.347529	17.883431	-0.622445	-8.068163	2.115328	-0.347918	0.556104	0.754786	-0.912995	-0.383931	-0.137976	0.213057	-0.737120	0.641296
13202	20.435454	5.564690	20.015230	-0.383147	-6.051790	2.312154	-0.355492	0.501481	0.788760	-0.905725	-0.393239	-0.158194	0.230840	-0.770636	0.593997
13203	10.242317	7.045361	16.120139	-1.899870	-5.023280	2.701847	-0.368322	0.451428	0.812743	-0.900287	-0.391332	-0.190635	0.231995	-0.801918	0.550551
13204	8.935543	5.542082	15.166327	-2.629530	-5.422774	2.968019	-0.382459	0.395544	0.835027	-0.895216	-0.382343	-0.228916	0.228720	-0.835080	0.500327
13205	8.757720	6.961030	15.886328	-2.313474	-4.728149	2.949668	-0.398064	0.344355	0.850273	-0.888893	-0.373886	-0.264723	0.226747	-0.861179	0.454926
13206	2.477291	9.549645	12.737863	-1.667213	-4.134200	2.760286	-0.413065	0.298101	0.860531	-0.881509	-0.368200	-0.295585	0.228733	-0.880662	0.414869
13207	-6.400323	11.234221	9.634777	-1.204898	-4.065081	2.615293	-0.426624	0.252495	0.868469	-0.873219	-0.365069	-0.322819	0.235541	-0.896086	0.376231
13208	2.657730	17.074151	15.745515	-2.889233	-6.618953	1.470649	-0.423763	0.187137	0.886231	-0.873829	-0.342014	-0.345614	0.238426	-0.920873	0.308459
13209	41.624377	16.765115	29.094869	-3.048028	-2.745645	-1.668009	-0.402752	0.167253	0.899899	-0.887637	-0.311292	-0.339408	0.223364	-0.935481	0.273833
13210	17.631659	15.548880	13.377024	-3.545730	1.046486	-2.972401	-0.378211	0.185771	0.906888	-0.906544	-0.272688	-0.322209	0.187441	-0.943997	0.271543
13211	4.437870	3.969882	11.517267	-4.362765	4.155446	-3.285816	-0.354800	0.233472	0.905322	-0.925460	-0.225260	-0.304600	0.132817	-0.945912	0.295991
13212	0.294074	-2.102168	8.353965	-2.292341	4.614178	-4.108839	-0.321676	0.285564	0.902761	-0.941994	-0.192953	-0.274620	0.095769	-0.938735	0.331068
13213	-1.912914	5.316162	10.491524	0.424723	4.129390	-4.064505	-0.287051	0.332035	0.898529	-0.953877	-0.185118	-0.236326	0.087866	-0.924924	0.369859
13214	-2.090141	0.883261	7.116461	-2.035719	3.977733	-3.430918	-0.257002	0.374449	0.890920	-0.964700	-0.154239	-0.213459	0.057485	-0.914330	0.400870
13215	-2.652704	-5.264261	3.321305	-0.827343	3.971340	-2.898314	-0.231079	0.415041	0.879968	-0.972093	-0.136104	-0.191077	0.040462	-0.899565	0.434909
13216	-1.300634	-2.267681	6.041250	1.284173	3.487961	-2.275612	-0.210380	0.449245	0.868285	-0.976572	-0.137684	-0.165380	0.045252	-0.882736	0.467686
13217	1.488890	-0.430855	8.806126	1.050815	3.784451	-1.798133	-0.194841	0.485165	0.852438	-0.979633	-0.139273	-0.144647	0.048543	-0.863260	0.502420
13218	2.953921	-2.070317	8.781701	1.026985	4.067964	-1.407081	-0.183045	0.521815	0.833189	-0.981786	-0.140911	-0.127439	0.050906	-0.841340	0.538104
13219	4.306233	-2.795161	8.866504	1.330674	4.385356	-1.124085	-0.174720	0.560163	0.809747	-0.982978	-0.146690	-0.110622	0.056815	-0.815291	0.576257
13220	4.701327	-3.706370	7.662349	1.570745	4.713267	-0.892177	-0.168779	0.599242	0.782574	-0.983564	-0.154063	-0.094156	0.064144	-0.785604	0.615396
13221	4.619238	-3.988427	6.863660	1.954757	4.864379	-0.699455	-0.165744	0.638146	0.751863	-0.983245	-0.165598	-0.076199	0.075882	-0.751895	0.654901
13222	4.129161	-4.001419	6.356338	2.185503	4.858613	-0.557001	-0.164266	0.674780	0.719505	-0.982363	-0.177961	-0.057379	0.089325	-0.716241	0.692113
13223	3.906036	-3.452610	5.931582	2.373390	4.679836	-0.453900	-0.164877	0.708616	0.686060	-0.980654	-0.192188	-0.037169	0.105514	-0.678916	0.726595
13224	4.547675	-2.202002	7.276257	2.378079	4.410358	-0.363342	-0.166308	0.738483	0.653440	-0.978561	-0.205245	-0.017098	0.121489	-0.642275	0.756785
13225	6.800275	-1.555843	8.504779	2.132354	4.117951	-0.267436	-0.169556	0.765054	0.621243	-0.976099	-0.217324	0.001224	0.135947	-0.606187	0.783617
13226	9.982448	-0.899845	10.455306	1.950392	3.955530	-0.241529	-0.172807	0.788883	0.589746	-0.973747	-0.226906	0.018198	0.148173	-0.571119	0.807384
13227	11.093643	-0.947053	10.770217	1.315736	3.994757	-0.287773	-0.176645	0.811893	0.556441	-0.972079	-0.232619	0.030819	0.154461	-0.535461	0.830316
13228	8.562896	-2.776043	10.457648	0.805476	4.088226	-0.129233	-0.181701	0.833368	0.521998	-0.971070	-0.235705	0.038284	0.154942	-0.499940	0.852087
13229	9.909859	-4.387521	10.057564	1.037771	4.056348	0.138860	-0.190002	0.852743	0.486548	-0.969009	-0.242568	0.046726	0.157866	-0.462591	0.872404
13230	11.981748	-4.354494	10.193720	1.437367	4.148886	0.324203	-0.199798	0.870327	0.450124	-0.966071	-0.251709	0.057873	0.163669	-0.423289	0.891089
13231	12.845686	-3.397895	10.386809	1.830314	4.306874	0.337741	-0.210348	0.887039	0.410993	-0.962279	-0.262059	0.073099	0.172546	-0.380114	0.908703
13232	12.987614	-1.346683	10.544363	2.173812	4.433747	0.240613	-0.220549	0.902250	0.370544	-0.957892	-0.271964	0.092073	0.183848	-0.334635	0.924240
13233	12.859830	0.027540	10.589823	2.175654	4.606386	0.096829	-0.229895	0.916574	0.327170	-0.953643	-0.279243	0.112200	0.194199	-0.286209	0.938281
13234	11.756999	-0.989248	9.456683	2.078702	4.728740	-0.034510	-0.238947	0.929042	0.282462	-0.949602	-0.284344	0.131924	0.202880	-0.236703	0.950164
13235	11.358554	-1.738499	8.269027	2.381426	4.621515	-0.102229	-0.248147	0.939096	0.237745	-0.944715	-0.288895	0.155093	0.214331	-0.186115	0.958866
13236	12.469342	-2.133454	8.310439	2.578468	4.346344	-0.124799	-0.256568	0.946500	0.195732	-0.939337	-0.291880	0.180145	0.227638	-0.137639	0.963969
13237	13.448781	-3.702300	7.481694	2.693226	4.014847	-0.163343	-0.264942	0.951517	0.156275	-0.933281	-0.293792	0.206573	0.242470	-0.091118	0.965870
13238	13.490392	-4.812911	5.588092	3.023034	3.532065	-0.214504	-0.271833	0.954618	0.121701	-0.926251	-0.293847	0.236034	0.261084	-0.048564	0.964094
13239	12.371089	-5.823648	3.509368	3.120947	2.962471	-0.269485	-0.277766	0.956213	0.092209	-0.918398	-0.292476	0.266462	0.281763	-0.010670	0.959425
13240	11.778601	-5.941462	2.293941	3.084654	2.246965	-0.651369	-0.278377	0.957999	0.068882	-0.911186	-0.286091	0.296465	0.303720	0.019765	0.952556
13241	13.047906	-0.875296	4.045967	3.190320	1.377352	-1.120356	-0.272851	0.960645	0.052083	-0.904093	-0.274543	0.327477	0.328888	0.042265	0.943423
13242	17.146556	3.683330	5.586901	2.088113	0.519671	-1.213433	-0.263651	0.963655	0.043090	-0.900307	-0.261865	0.347670	0.346318	0.052869	0.936626
13243	19.977156	5.961797	7.109515	-0.055569	0.343612	-1.039960	-0.255652	0.966095	0.036091	-0.903142	-0.251979	0.347622	0.344931	0.056275	0.936940
13244	20.983776	1.247838	5.071766	-1.969166	0.418080	-0.987306	-0.248086	0.968310	0.028806	-0.912242	-0.243521	0.329411	0.325987	0.055444	0.943747
13245	9.069582	3.444589	3.124205	-2.402120	0.188074	-1.769073	-0.232497	0.972363	0.021336	-0.924032	-0.227680	0.307127	0.303497	0.051691	0.951429
13246	20.196414	-4.073490	0.313872	-3.680472	-2.986681	0.212600	-0.225809	0.972862	0.050505	-0.934220	-0.230952	0.271836	0.276123	0.014200	0.961017
13247	5.336846	-6.741998	-0.104266	-3.000560	0.044659	-1.161678	-0.214976	0.975483	0.047103	-0.944644	-0.219936	0.243467	0.247857	0.007844	0.968765
13248	-3.152345	-0.947869	17.324130	-3.939848	-0.782257	-2.179020	-0.192435	0.980045	0.049806	-0.958148	-0.198613	0.206167	0.211945	-0.008048	0.977248
13249	3.357302	-0.370529	10.866883	-2.007454	-2.158049	-1.849705	-0.170182	0.983111	0.067317	-0.965609	-0.179999	0.187614	0.196562	-0.033073	0.979933
13250	-1.874008	-2.697852	13.320769	-3.255715	-0.900221	-1.441846	-0.154556	0.985234	0.073670	-0.973865	-0.164484	0.156628	0.166433	-0.047537	0.984906
13251	-3.162127	-9.045890	6.801591	-2.685262	-1.785169	-0.713616	-0.144769	0.985338	0.090284	-0.979094	-0.155831	0.130738	0.142890	-0.069470	0.987297
13252	6.001246	-10.035981	7.111317	-1.356747	-1.970836	-0.155156	-0.140527	0.983999	0.109539	-0.981186	-0.153204	0.117485	0.132387	-0.090968	0.987015
13253	2.203133	-9.653329	12.269987	-1.906840	-1.124752	0.157318	-0.140603	0.982661	0.120863	-0.983338	-0.152811	0.098468	0.115230	-0.105005	0.987773
13254	0.268193	-13.865920	10.119111	-1.134435	-1.659805	0.014951	-0.138902	0.980748	0.137255	-0.984577	-0.151653	0.087235	0.106371	-0.123021	0.986687
13255	2.832044	-6.432529	11.997581	0.514477	-1.929792	-0.077533	-0.135922	0.978320	0.156254	-0.984132	-0.151486	0.092392	0.114059	-0.141216	0.983386
13256	4.447423	-2.978683	11.805550	0.161023	-1.845511	0.234171	-0.136075	0.975195	0.174583	-0.983630	-0.154003	0.093572	0.118137	-0.158992	0.980186
13257	4.625674	-0.809191	12.361815	0.470428	-1.759263	0.211268	-0.135906	0.971925	0.192069	-0.982790	-0.156742	0.097752	0.125113	-0.175478	0.976501
13258	6.825226	4.101882	13.211011	1.137786	-1.874750	-0.087374	-0.132565	0.968622	0.210231	-0.981409	-0.157972	0.108998	0.138788	-0.191874	0.971557
13259	5.911018	8.189588	11.012490	0.913876	-1.466423	-0.424782	-0.126159	0.966377	0.224052	-0.980665	-0.155554	0.118743	0.149603	-0.204739	0.967316
13260	1.705482	7.529014	10.170828	-0.197670	-1.397954	-0.124420	-0.122839	0.963614	0.237398	-0.981119	-0.153922	0.117108	0.149388	-0.218530	0.964328
13261	3.614097	1.351764	9.893626	-0.791906	-1.513863	0.069936	-0.121186	0.960072	0.252142	-0.982215	-0.152682	0.109284	0.143418	-0.234414	0.961500
13262	2.461066	-3.404147	9.535790	-0.952500	-1.319276	0.133940	-0.120652	0.956686	0.264943	-0.983385	-0.151652	0.099778	0.135635	-0.248503	0.959088
13263	2.307313	-4.966630	9.191471	-0.221102	-1.513121	0.085192	-0.119314	0.952674	0.279600	-0.983605	-0.151773	0.097399	0.135225	-0.263395	0.955163
13264	4.444047	-0.926889	10.678040	0.539345	-1.643758	0.068620	-0.117697	0.948122	0.295318	-0.982778	-0.153872	0.102327	0.142460	-0.278189	0.949903
13265	6.717229	3.170925	11.623701	0.388940	-1.517345	0.089674	-0.116244	0.943642	0.309881	-0.982133	-0.155697	0.105704	0.147995	-0.292057	0.944881
13266	7.111151	4.747329	11.182464	0.096985	-1.206967	0.036076	-0.114788	0.939997	0.321293	-0.981950	-0.156311	0.106493	0.150325	-0.303269	0.940973
13267	7.134015	3.652278	11.212590	-0.136007	-0.970602	0.089203	-0.114062	0.936849	0.330611	-0.982079	-0.156584	0.104889	0.150034	-0.312722	0.937920
13268	6.412668	1.554566	11.348975	-0.310412	-0.730351	0.174314	-0.114677	0.934269	0.337625	-0.982346	-0.157217	0.101387	0.147803	-0.320038	0.935804
13269	6.838681	-0.076521	12.089965	-0.463283	-0.591471	0.267069	-0.116281	0.931913	0.343536	-0.982742	-0.158052	0.096110	0.143863	-0.326432	0.934209
13270	6.067871	-1.814494	10.839050	-0.539483	-0.310829	0.212189	-0.117917	0.930561	0.346629	-0.983260	-0.158242	0.090328	0.138907	-0.330176	0.933643
13271	5.017317	-1.161433	10.920949	-0.169201	-0.267623	0.143992	-0.118793	0.929419	0.349383	-0.983355	-0.158845	0.088206	0.137478	-0.333090	0.932819
13272	5.319415	-0.501847	10.849148	-0.205265	-0.201318	0.114182	-0.119631	0.928569	0.351353	-0.983503	-0.159204	0.085881	0.135683	-0.335283	0.932296
13273	5.333287	-0.690759	10.525620	-0.228862	-0.066813	0.066664	-0.120020	0.928210	0.352165	-0.983765	-0.158872	0.083468	0.133425	-0.336430	0.932208
13274	4.051399	-0.338587	9.838592	-0.228700	0.069069	0.029029	-0.120387	0.928401	0.351538	-0.984036	-0.158356	0.081222	0.131075	-0.336148	0.932643
13275	4.101117	0.376771	9.710386	-0.257422	0.033301	0.029251	-0.120537	0.928438	0.351388	-0.984369	-0.157574	0.078671	0.128410	-0.336413	0.932919
13276	3.703566	0.703670	8.912713	-0.456552	0.142423	0.049505	-0.121194	0.928843	0.350090	-0.984888	-0.156482	0.074224	0.123725	-0.335804	0.933771
13277	3.013577	1.782445	9.219450	-0.363545	0.038625	0.082952	-0.121877	0.928815	0.349927	-0.985264	-0.155841	0.070491	0.120006	-0.336180	0.934121
13278	3.946492	2.027925	9.666106	-0.439058	-0.058164	0.134196	-0.123120	0.928414	0.350556	-0.985620	-0.155592	0.065908	0.115733	-0.337400	0.934220
13279	3.114805	1.278133	9.024932	-0.578228	-0.024077	0.161450	-0.124506	0.928054	0.351018	-0.986106	-0.154948	0.059893	0.109973	-0.338683	0.934451
13280	3.906309	1.021201	9.678812	-0.414265	-0.160073	0.189643	-0.126192	0.927220	0.352616	-0.986319	-0.155282	0.055344	0.106071	-0.340808	0.934130
13281	3.964471	0.322680	9.897846	-0.494583	-0.065943	0.176380	-0.127688	0.926695	0.353458	-0.986639	-0.155040	0.050056	0.101187	-0.342344	0.934110
13282	3.832008	-0.379047	9.561380	-0.539353	-0.067702	0.157788	-0.129167	0.926222	0.354160	-0.986971	-0.154635	0.044448	0.095934	-0.343804	0.934128
13283	3.330408	0.849923	8.729334	-0.246421	-0.083292	0.128780	-0.130184	0.925709	0.355126	-0.987069	-0.154789	0.041644	0.093520	-0.345113	0.933890
13284	3.223428	3.073808	9.139281	0.098072	-0.211625	0.133199	-0.131288	0.924773	0.357152	-0.986806	-0.156343	0.042073	0.094747	-0.346916	0.933098
13285	4.146962	1.370569	10.167555	-0.279134	-0.220204	0.213247	-0.133015	0.923647	0.359422	-0.986817	-0.157157	0.038663	0.092196	-0.349541	0.932374
13286	3.522524	-0.968526	9.045040	-0.348488	-0.158638	0.192223	-0.134756	0.922792	0.360966	-0.986878	-0.157692	0.034710	0.088952	-0.351552	0.931933
13287	3.269198	1.290800	9.034851	0.321857	-0.298622	0.138696	-0.135684	0.921492	0.363926	-0.986430	-0.159921	0.037161	0.092443	-0.353945	0.930686
13288	4.710385	1.156931	10.356796	0.081337	-0.361844	0.186703	-0.137176	0.919909	0.367355	-0.986103	-0.161912	0.037223	0.093721	-0.357144	0.929335
13289	4.747787	-1.540472	9.728980	-0.151361	-0.192399	0.151646	-0.138324	0.918948	0.369325	-0.986067	-0.162580	0.035215	0.092406	-0.359308	0.928633
13290	4.527097	-0.718715	9.576890	0.339415	-0.193130	0.051890	-0.138642	0.918172	0.371132	-0.985679	-0.164260	0.038162	0.096001	-0.360526	0.927796
