// General information: 
//  MT Manager version: 2022.2.0 
//  XDA version: 2022.2.0 build 7381 rev 124627 built on 2023-07-19
// Device information: 
//  DeviceId: 00B4CB9F
//  ProductCode: MTW2-3A7G6
//  Firmware Version: 4.6.0
//  Hardware Version: 2.0.0
// Device settings: 
//  Filter Profile: human(46.1)
//  Option Flags: Orientation Smoother Disabled, Position/Velocity Smoother Disabled, Continuous Zero Rotation Update Disabled, AHS Disabled, ICC Disabled
// Coordinate system: ENU
PacketCounter	Acc_X	Acc_Y	Acc_Z	Gyr_X	Gyr_Y	Gyr_Z	Mat[1][1]	Mat[2][1]	Mat[3][1]	Mat[1][2]	Mat[2][2]	Mat[3][2]	Mat[1][3]	Mat[2][3]	Mat[3][3]
33825	9.944681	-0.306331	-1.032192	-0.100612	0.032188	-0.004243	0.126046	0.052924	0.990612	0.626518	-0.778474	-0.038128	0.769147	0.625442	-0.131281
33826	9.876210	-0.524326	-0.973075	-0.096915	0.052061	-0.007725	0.125653	0.052659	0.990676	0.625886	-0.778989	-0.037978	0.769726	0.624822	-0.130840
33827	9.761343	-0.638085	-0.978450	-0.054571	0.061013	-0.015727	0.125141	0.052391	0.990755	0.625512	-0.779298	-0.037798	0.770113	0.624459	-0.130293
33828	9.661407	-0.633773	-0.970716	0.013316	0.052677	-0.021426	0.124662	0.052219	0.990824	0.625663	-0.779184	-0.037654	0.770068	0.624616	-0.129806
33829	9.661712	-0.517200	-1.092681	0.078547	0.034831	-0.021837	0.124313	0.052162	0.990871	0.626321	-0.778658	-0.037587	0.769589	0.625276	-0.129468
33830	9.814824	-0.429261	-1.232761	0.139792	0.003272	-0.017482	0.124237	0.052271	0.990875	0.627471	-0.777729	-0.037646	0.768665	0.626422	-0.129421
33831	10.073029	-0.267457	-0.977307	0.149667	0.000215	-0.001168	0.124284	0.052270	0.990869	0.628649	-0.776767	-0.037876	0.767694	0.627616	-0.129399
33832	9.890479	-0.121446	-0.814091	0.112318	0.031536	-0.000228	0.124099	0.052066	0.990903	0.629559	-0.776019	-0.038070	0.766978	0.628557	-0.129082
33833	9.538097	-0.058490	-1.284708	0.084888	0.006710	-0.009623	0.124043	0.052090	0.990909	0.630249	-0.775456	-0.038131	0.766420	0.629249	-0.129019
33834	9.583562	0.034565	-1.460205	0.041420	-0.033981	-0.004226	0.124337	0.052328	0.990859	0.630606	-0.775163	-0.038194	0.766079	0.629590	-0.129380
33835	9.692847	-0.042421	-1.246522	-0.022326	-0.032969	0.008271	0.124698	0.052463	0.990807	0.630451	-0.775284	-0.038295	0.766148	0.629430	-0.129752
33836	9.594558	-0.215804	-1.216863	-0.083447	-0.022481	0.015488	0.125027	0.052476	0.990765	0.629832	-0.775782	-0.038390	0.766603	0.628815	-0.130045
33837	9.595310	-0.371970	-1.275643	-0.107703	-0.032367	0.015508	0.125429	0.052551	0.990710	0.629013	-0.776443	-0.038451	0.767209	0.627992	-0.130444
33838	9.716798	-0.511463	-1.250155	-0.107293	-0.026069	0.011403	0.125762	0.052612	0.990664	0.628172	-0.777123	-0.038473	0.767844	0.627146	-0.130782
33839	9.774359	-0.636078	-1.191513	-0.100648	-0.007801	0.008932	0.125934	0.052583	0.990644	0.627414	-0.777735	-0.038477	0.768435	0.626389	-0.130934
33840	9.778532	-0.683906	-1.217297	-0.065508	0.002717	0.000818	0.125979	0.052547	0.990640	0.626913	-0.778140	-0.038449	0.768836	0.625889	-0.130972
33841	9.752969	-0.747945	-1.238372	-0.027631	0.010239	-0.012400	0.125879	0.052571	0.990652	0.626743	-0.778282	-0.038337	0.768991	0.625710	-0.130917
33842	9.702004	-0.625801	-1.264336	0.005589	0.013964	-0.018147	0.125712	0.052625	0.990670	0.626919	-0.778147	-0.038218	0.768875	0.625874	-0.130813
33843	9.655657	-0.520079	-1.329020	0.022308	0.005160	-0.022788	0.125585	0.052761	0.990679	0.627145	-0.777971	-0.038069	0.768711	0.626081	-0.130790
33844	9.669357	-0.349082	-1.415491	0.032885	-0.005381	-0.019238	0.125567	0.052929	0.990672	0.627407	-0.777765	-0.037970	0.768501	0.626323	-0.130869
33845	9.718196	-0.261238	-1.432313	0.018804	-0.015885	-0.015634	0.125647	0.053141	0.990651	0.627598	-0.777615	-0.037887	0.768332	0.626491	-0.131056
33846	9.734544	-0.234388	-1.505511	0.002765	-0.033224	-0.009656	0.125904	0.053406	0.990604	0.627591	-0.777623	-0.037842	0.768295	0.626459	-0.131423
33847	9.825882	-0.243799	-1.617916	-0.016689	-0.052771	0.001874	0.126377	0.053713	0.990527	0.627487	-0.777704	-0.037886	0.768302	0.626331	-0.131988
33848	9.926905	-0.297173	-1.526492	-0.033964	-0.058015	0.003264	0.126903	0.054043	0.990442	0.627266	-0.777881	-0.037925	0.768396	0.626083	-0.132615
33849	9.774015	-0.352257	-1.403075	-0.041441	-0.057891	-0.002964	0.127385	0.054420	0.990359	0.626978	-0.778115	-0.037888	0.768552	0.625760	-0.133241
33850	9.665531	-0.303859	-1.257309	-0.038344	-0.068312	-0.005652	0.127937	0.054877	0.990263	0.626686	-0.778353	-0.037831	0.768698	0.625424	-0.133971
33851	9.626764	-0.442409	-1.239476	-0.036845	-0.065291	-0.001451	0.128486	0.055288	0.990169	0.626431	-0.778559	-0.037814	0.768814	0.625131	-0.134668
33852	9.674803	-0.606564	-1.277945	-0.032488	-0.067609	0.007651	0.129112	0.055644	0.990068	0.626216	-0.778728	-0.037897	0.768885	0.624889	-0.135388
33853	9.746654	-0.645891	-1.197071	-0.026429	-0.049388	0.010543	0.129614	0.055861	0.989990	0.626025	-0.778876	-0.038013	0.768955	0.624686	-0.135924
33854	9.771850	-0.581401	-1.179693	-0.005535	-0.030500	0.007065	0.129952	0.055988	0.989938	0.626014	-0.778879	-0.038127	0.768908	0.624670	-0.136267
33855	9.713041	-0.488149	-1.228649	-0.011455	-0.016125	-0.003932	0.130108	0.056111	0.989911	0.625957	-0.778925	-0.038120	0.768928	0.624602	-0.136467
33856	9.656122	-0.454189	-1.374577	-0.009739	-0.023268	-0.012255	0.130272	0.056335	0.989876	0.625877	-0.778993	-0.038035	0.768965	0.624496	-0.136740
33857	9.646767	-0.459985	-1.482447	0.001535	-0.019949	-0.020618	0.130353	0.056611	0.989850	0.625942	-0.778949	-0.037881	0.768898	0.624527	-0.136974
33858	9.576447	-0.375358	-1.512209	0.013624	-0.018829	-0.024342	0.130409	0.056902	0.989826	0.626053	-0.778868	-0.037708	0.768798	0.624601	-0.137195
33859	9.576513	-0.341480	-1.527625	0.013259	-0.021456	-0.024118	0.130479	0.057215	0.989799	0.626213	-0.778748	-0.037535	0.768656	0.624722	-0.137439
33860	9.642840	-0.310414	-1.503492	0.005459	-0.017439	-0.016389	0.130571	0.057439	0.989774	0.626284	-0.778696	-0.037430	0.768583	0.624767	-0.137648
33861	9.679081	-0.328546	-1.461627	0.001312	-0.012333	-0.010556	0.130656	0.057589	0.989754	0.626334	-0.778658	-0.037375	0.768527	0.624800	-0.137806
33862	9.758927	-0.339303	-1.355861	-0.009090	-0.004097	-0.004062	0.130720	0.057641	0.989742	0.626336	-0.778656	-0.037375	0.768515	0.624797	-0.137889
33863	9.816337	-0.308067	-1.239292	-0.017423	-0.000387	-0.006114	0.130741	0.057683	0.989737	0.626237	-0.778738	-0.037338	0.768592	0.624691	-0.137936
33864	9.867014	-0.271732	-1.155625	-0.026793	0.009207	-0.014008	0.130643	0.057720	0.989748	0.626045	-0.778898	-0.037211	0.768765	0.624489	-0.137893
33865	9.830297	-0.313544	-1.170570	-0.054815	0.019353	-0.023627	0.130402	0.057774	0.989776	0.625681	-0.779203	-0.036950	0.769102	0.624103	-0.137758
33866	9.816962	-0.300811	-1.236122	-0.062967	0.015411	-0.035732	0.130120	0.057944	0.989804	0.625246	-0.779571	-0.036559	0.769504	0.623628	-0.137667
33867	9.643103	-0.350722	-1.278012	-0.065683	0.014476	-0.041877	0.129803	0.058171	0.989832	0.624821	-0.779933	-0.036102	0.769902	0.623154	-0.137584
33868	9.574961	-0.315564	-1.205626	-0.053207	0.009593	-0.034399	0.129573	0.058368	0.989851	0.624477	-0.780226	-0.035737	0.770221	0.622769	-0.137546
33869	9.610069	-0.207950	-1.091045	-0.057840	0.008296	-0.024457	0.129412	0.058498	0.989864	0.624089	-0.780548	-0.035463	0.770562	0.622353	-0.137521
33870	9.816313	-0.153651	-0.964317	-0.079583	0.024317	-0.018534	0.129164	0.058487	0.989897	0.623569	-0.780975	-0.035222	0.771024	0.621818	-0.137345
33871	9.907298	-0.287536	-1.016718	-0.109957	0.033930	-0.009356	0.128900	0.058340	0.989940	0.622759	-0.781629	-0.035026	0.771723	0.621009	-0.137084
33872	9.945562	-0.460286	-1.027438	-0.123348	0.047393	-0.007706	0.128543	0.058100	0.990001	0.621875	-0.782341	-0.034832	0.772494	0.620134	-0.136696
33873	9.941298	-0.544377	-1.140844	-0.123487	0.055967	-0.019087	0.128048	0.057893	0.990077	0.620972	-0.783072	-0.034523	0.773303	0.619231	-0.136221
33874	10.019007	-0.730919	-1.231436	-0.107645	0.064504	-0.026078	0.127446	0.057685	0.990167	0.620182	-0.783714	-0.034167	0.774036	0.618438	-0.135656
33875	9.776848	-0.949192	-1.314619	-0.080994	0.082634	-0.037442	0.126630	0.057458	0.990284	0.619629	-0.784170	-0.033734	0.774613	0.617881	-0.134902
33876	9.725200	-0.983086	-1.267996	-0.027990	0.052357	-0.050394	0.125969	0.057525	0.990365	0.619554	-0.784249	-0.033251	0.774780	0.617773	-0.134431
33877	9.615183	-0.756344	-1.134655	-0.006149	0.119239	-0.067364	0.124684	0.057307	0.990540	0.619618	-0.784225	-0.032623	0.774937	0.617824	-0.133289
33878	9.494994	-0.497087	-0.926317	0.027965	-0.003412	-0.065765	0.124361	0.057834	0.990550	0.619959	-0.783979	-0.032061	0.774716	0.618088	-0.133351
33879	9.879596	-0.368586	-0.802586	-0.034131	0.099164	-0.069250	0.123220	0.057755	0.990697	0.619807	-0.784127	-0.031377	0.775020	0.617908	-0.132417
33880	10.040349	-0.392690	-0.777625	-0.041213	0.059277	-0.065174	0.122414	0.057892	0.990789	0.619629	-0.784293	-0.030730	0.775290	0.617684	-0.131880
33881	9.997531	-0.520775	-0.781895	-0.067911	0.077321	-0.065635	0.121464	0.057920	0.990904	0.619210	-0.784651	-0.030038	0.775774	0.617226	-0.131172
33882	10.007853	-0.641022	-0.812241	-0.083228	0.086219	-0.074311	0.120392	0.057963	0.991033	0.618713	-0.785073	-0.029245	0.776338	0.616685	-0.130379
33883	9.829092	-0.682680	-0.883188	-0.086633	0.081189	-0.086372	0.119283	0.058131	0.991157	0.618170	-0.785534	-0.028324	0.776941	0.616082	-0.129636
33884	9.691973	-0.694813	-0.976382	-0.092049	0.083010	-0.102526	0.118061	0.058414	0.991287	0.617617	-0.786007	-0.027240	0.777567	0.615452	-0.128874
33885	9.781069	-0.674777	-1.038570	-0.100140	0.071527	-0.109635	0.116884	0.058826	0.991402	0.616994	-0.786536	-0.026072	0.778239	0.614737	-0.128229
33886	9.741928	-0.803400	-1.240489	-0.128350	0.077552	-0.118078	0.115604	0.059275	0.991525	0.616249	-0.787161	-0.024792	0.779020	0.613892	-0.127527
33887	9.568003	-0.963379	-1.386040	-0.112445	0.071065	-0.127362	0.114322	0.059832	0.991640	0.615546	-0.787752	-0.023434	0.779765	0.613080	-0.126887
33888	9.319868	-1.046350	-1.435744	-0.071037	0.061345	-0.138179	0.113053	0.060532	0.991743	0.615186	-0.788074	-0.022027	0.780234	0.612597	-0.126332
33889	9.119525	-1.009705	-1.513598	-0.034510	0.041286	-0.152669	0.111848	0.061473	0.991822	0.615116	-0.788170	-0.020516	0.780463	0.612380	-0.125968
33890	9.113192	-0.808779	-1.695569	-0.001790	0.001264	-0.161218	0.110898	0.062732	0.991850	0.615419	-0.787972	-0.018972	0.780359	0.612507	-0.125991
33891	9.255865	-0.499214	-1.752168	0.020151	-0.053317	-0.155335	0.110414	0.064273	0.991805	0.615776	-0.787727	-0.017504	0.780147	0.612663	-0.126553
33892	9.442023	-0.192807	-1.591182	0.003998	-0.086139	-0.149317	0.110225	0.065964	0.991715	0.616020	-0.787566	-0.016083	0.779981	0.612689	-0.127445
33893	9.561031	-0.023013	-1.493664	-0.041200	-0.101848	-0.140126	0.110212	0.067682	0.991601	0.615881	-0.787702	-0.014688	0.780092	0.612327	-0.128499
33894	9.720747	-0.133587	-1.447304	-0.101244	-0.108530	-0.129803	0.110321	0.069353	0.991473	0.615243	-0.788225	-0.013323	0.780580	0.611467	-0.129627
33895	9.828337	-0.529699	-1.415962	-0.135994	-0.093330	-0.123759	0.110346	0.070889	0.991362	0.614345	-0.788947	-0.011966	0.781283	0.610359	-0.130607
33896	9.768237	-0.994586	-1.271604	-0.117789	-0.064885	-0.125851	0.110141	0.072263	0.991286	0.613583	-0.789559	-0.010618	0.781911	0.609405	-0.131302
33897	9.725628	-1.186907	-1.140554	-0.052460	-0.048843	-0.131559	0.109772	0.073589	0.991229	0.613345	-0.789760	-0.009292	0.782149	0.608986	-0.131829
33898	9.803595	-1.024679	-1.102116	0.042349	-0.039646	-0.148401	0.109230	0.074991	0.991184	0.613903	-0.789342	-0.007933	0.781788	0.609357	-0.132257
33899	9.596719	-0.445820	-1.174269	0.102937	-0.040441	-0.174236	0.108531	0.076602	0.991137	0.614925	-0.788560	-0.006390	0.781081	0.610169	-0.132688
33900	9.321655	0.135278	-1.288329	0.090082	-0.067711	-0.192635	0.107934	0.078520	0.991052	0.615879	-0.787827	-0.004656	0.780412	0.610871	-0.133392
33901	9.145430	0.220900	-1.392329	0.012985	-0.086667	-0.182138	0.107545	0.080474	0.990938	0.616204	-0.787581	-0.002916	0.780209	0.610934	-0.134289
33902	9.406411	-0.151852	-1.547283	-0.069859	-0.094430	-0.135974	0.107502	0.082109	0.990808	0.615863	-0.787852	-0.001530	0.780484	0.610367	-0.135264
33903	9.912215	-0.590239	-1.691816	-0.076114	-0.094814	-0.101235	0.107675	0.083476	0.990675	0.615406	-0.788210	-0.000472	0.780821	0.609718	-0.136242
33904	10.142930	-0.543873	-1.438437	0.012181	-0.047768	-0.088993	0.107559	0.084456	0.990605	0.615655	-0.788016	0.000337	0.780641	0.609834	-0.136753
33905	9.778560	0.026833	-1.407712	0.122937	-0.021480	-0.108224	0.107115	0.085429	0.990570	0.616758	-0.787152	0.001193	0.779831	0.610814	-0.137005
33906	9.201243	0.749328	-1.865282	0.202831	-0.070198	-0.142224	0.106844	0.086964	0.990465	0.618536	-0.785754	0.002267	0.778459	0.612396	-0.137743
33907	9.214626	1.310665	-1.943606	0.168629	-0.160275	-0.148610	0.107226	0.089103	0.990234	0.620034	-0.784567	0.003457	0.777213	0.613608	-0.139373
33908	9.485928	1.406175	-1.774437	0.045747	-0.166771	-0.127069	0.107795	0.091111	0.989989	0.620567	-0.784140	0.004596	0.776709	0.613859	-0.141067
33909	9.679922	1.111343	-1.732178	-0.064958	-0.143689	-0.094438	0.108381	0.092724	0.989776	0.620192	-0.784430	0.005575	0.776927	0.613247	-0.142524
33910	10.164825	0.842982	-1.692769	-0.126305	-0.135956	-0.067968	0.109079	0.094075	0.989571	0.619288	-0.785138	0.006376	0.777550	0.612135	-0.143902
33911	10.917619	0.953228	-1.384845	-0.173798	-0.051909	-0.073981	0.109082	0.094964	0.989486	0.618045	-0.786109	0.007311	0.778538	0.610749	-0.144442
33912	9.857621	1.266655	-1.275275	-0.262662	-0.026321	-0.086781	0.108805	0.095801	0.989436	0.616189	-0.787553	0.008494	0.780047	0.608755	-0.144721
33913	9.980822	1.694365	-1.646505	-0.397576	0.021287	-0.116762	0.107977	0.096583	0.989451	0.613237	-0.789833	0.010176	0.782484	0.605669	-0.144512
33914	9.329814	1.223698	-2.112315	-0.525909	-0.062166	-0.119487	0.107782	0.097902	0.989342	0.609378	-0.792788	0.012064	0.785520	0.601583	-0.145107
33915	9.201385	0.283350	-2.095099	-0.625091	-0.061003	-0.086613	0.107792	0.098945	0.989237	0.604577	-0.796427	0.013782	0.789219	0.596585	-0.145668
33916	9.093024	-0.423949	-1.859369	-0.632080	-0.119861	-0.027411	0.108633	0.099867	0.989053	0.599664	-0.800112	0.014925	0.792844	0.591478	-0.146806
33917	9.026706	-0.453676	-1.383354	-0.603914	-0.150343	0.019720	0.110002	0.100583	0.988829	0.594873	-0.803669	0.015573	0.796258	0.586514	-0.148239
33918	9.309397	0.145753	-0.765005	-0.603970	-0.178034	0.038147	0.111702	0.101308	0.988564	0.590096	-0.807173	0.016042	0.799568	0.581556	-0.149944
33919	9.684466	0.708544	-0.436820	-0.700087	-0.184724	0.038604	0.113465	0.102053	0.988287	0.584470	-0.811244	0.016668	0.803443	0.575733	-0.151695
33920	9.359315	0.851401	-0.310593	-0.805883	-0.154650	0.041445	0.114999	0.102595	0.988053	0.578054	-0.815812	0.017431	0.807854	0.569144	-0.153123
33921	9.915625	0.700337	-0.026762	-0.858956	-0.210865	0.046543	0.117030	0.103394	0.987732	0.571070	-0.820699	0.018247	0.812517	0.561928	-0.155092
33922	9.953909	0.072262	0.271979	-0.855551	-0.156998	0.050629	0.118634	0.103857	0.987492	0.564263	-0.825376	0.019019	0.817027	0.554949	-0.156520
33923	10.163580	-0.283256	0.330780	-0.758847	-0.154921	0.053175	0.120256	0.104258	0.987253	0.558013	-0.829600	0.019638	0.821072	0.548539	-0.157942
33924	10.384707	-0.312044	0.329910	-0.630302	-0.138054	0.045176	0.121688	0.104628	0.987038	0.552907	-0.833000	0.020134	0.824309	0.543291	-0.159216
33925	10.348407	0.018843	0.002527	-0.486538	-0.110852	0.023707	0.122789	0.105016	0.986861	0.548891	-0.835640	0.020629	0.826826	0.539146	-0.160250
33926	10.210432	0.369052	-0.438175	-0.358565	-0.104056	0.002437	0.123713	0.105540	0.986690	0.545994	-0.837522	0.021127	0.828604	0.536113	-0.161237
33927	10.129064	0.603957	-0.863258	-0.235822	-0.083398	-0.020600	0.124347	0.106144	0.986545	0.544094	-0.838745	0.021663	0.829759	0.534079	-0.162048
33928	10.006313	0.668522	-1.135487	-0.135551	-0.054055	-0.043146	0.124610	0.106782	0.986443	0.543112	-0.839365	0.022254	0.830362	0.532976	-0.162588
33929	9.883693	0.806930	-1.588857	-0.036723	-0.035216	-0.067804	0.124589	0.107524	0.986365	0.542921	-0.839471	0.022934	0.830490	0.532661	-0.162966
33930	9.629341	0.871973	-2.212132	0.018297	-0.060853	-0.076592	0.124723	0.108480	0.986243	0.543284	-0.839217	0.023603	0.830233	0.532866	-0.163605
33931	9.453739	0.878490	-2.801237	0.041933	-0.148750	-0.054833	0.125715	0.109718	0.985981	0.543730	-0.838916	0.024026	0.829791	0.533087	-0.165121
33932	9.185484	1.091116	-2.613229	0.036066	-0.243349	-0.005372	0.127753	0.111049	0.985570	0.544125	-0.838662	0.023965	0.829221	0.533211	-0.167566
33933	9.206675	1.210076	-2.597658	-0.033078	-0.312037	0.063624	0.130741	0.112163	0.985051	0.543797	-0.838892	0.023345	0.828970	0.532616	-0.170671
33934	9.285221	1.321982	-2.418939	-0.113499	-0.369180	0.152937	0.134683	0.112830	0.984444	0.542715	-0.839629	0.021983	0.829048	0.531312	-0.174319
33935	9.592783	1.702430	-1.904027	-0.228805	-0.406495	0.184387	0.139108	0.113420	0.983760	0.540594	-0.841034	0.020523	0.829703	0.528960	-0.178309
33936	9.664075	1.870085	-1.451777	-0.434992	-0.388262	0.200236	0.143463	0.113770	0.983095	0.536765	-0.843511	0.019286	0.831445	0.524924	-0.182080
33937	9.649574	1.357436	-1.090428	-0.613325	-0.378742	0.197274	0.147726	0.114064	0.982429	0.531399	-0.846921	0.018426	0.834142	0.519340	-0.185725
33938	10.122327	0.108388	-0.741560	-0.701105	-0.325974	0.187158	0.151492	0.114144	0.981846	0.525294	-0.850733	0.017853	0.837327	0.513053	-0.188838
33939	10.079025	-1.071424	-0.578742	-0.621887	-0.223658	0.156209	0.154238	0.113938	0.981442	0.519868	-0.854069	0.017451	0.840207	0.507528	-0.190963
33940	10.084774	-1.539980	-0.105197	-0.372428	-0.182030	0.116428	0.156423	0.113845	0.981107	0.516589	-0.856066	0.016974	0.841824	0.504174	-0.192719
33941	10.177444	-1.042394	0.365402	-0.088851	-0.107131	0.064915	0.157714	0.113812	0.980904	0.515767	-0.856571	0.016459	0.842087	0.503322	-0.193794
33942	9.967576	-0.243111	0.254772	0.146688	-0.008319	0.009442	0.157884	0.113755	0.980884	0.517022	-0.855822	0.016031	0.841285	0.504608	-0.193934
33943	9.665355	0.593658	-0.391757	0.303245	0.011650	-0.032303	0.157673	0.113955	0.980894	0.519650	-0.854235	0.015710	0.839704	0.507245	-0.193907
33944	9.404466	1.203503	-1.024975	0.362363	-0.009515	-0.052110	0.157530	0.114428	0.980862	0.522803	-0.852313	0.015468	0.837772	0.510361	-0.194088
33945	9.194502	1.270437	-1.678447	0.338259	-0.049129	-0.035358	0.157810	0.114965	0.980754	0.525718	-0.850525	0.015107	0.835893	0.513216	-0.194660
33946	9.142038	1.337680	-2.139158	0.331798	-0.145860	0.017882	0.159170	0.115544	0.980466	0.528492	-0.848819	0.014234	0.833883	0.515903	-0.196171
33947	9.153696	1.236897	-2.354636	0.289687	-0.228330	0.090941	0.161608	0.115937	0.980021	0.530787	-0.847410	0.012721	0.831954	0.518127	-0.198487
33948	8.988229	1.019407	-2.558535	0.237795	-0.341478	0.166451	0.165378	0.116282	0.979351	0.532529	-0.846346	0.010565	0.830098	0.519785	-0.201891
33949	9.161896	0.863276	-2.457887	0.224456	-0.394034	0.207779	0.169808	0.116560	0.978560	0.534069	-0.845403	0.008023	0.828212	0.521256	-0.205807
33950	9.177274	0.594341	-2.034897	0.202690	-0.508172	0.232369	0.175304	0.117229	0.977510	0.535355	-0.844611	0.005282	0.826235	0.522388	-0.210822
33951	10.113767	-0.093466	-1.582872	0.163646	-0.480039	0.222194	0.180511	0.117847	0.976488	0.536337	-0.844000	0.002712	0.824475	0.523237	-0.215557
33952	9.268745	-1.116834	-1.363070	0.154520	-0.412535	0.186428	0.184959	0.118415	0.975586	0.537275	-0.843407	0.000511	0.822876	0.524064	-0.219618
33953	10.148774	-1.336596	-0.603839	0.263405	-0.451300	0.151377	0.189537	0.119493	0.974575	0.539183	-0.842187	-0.001600	0.820584	0.525777	-0.224054
33954	9.927605	-1.370832	-0.244876	0.399325	-0.342438	0.112808	0.193001	0.120329	0.973792	0.542237	-0.840217	-0.003646	0.817759	0.528730	-0.227410
33955	9.463519	-1.119891	-0.234583	0.626490	-0.395821	0.125678	0.196969	0.121362	0.972869	0.547128	-0.837025	-0.006357	0.813544	0.533536	-0.231268
33956	9.838321	-0.407433	-0.237556	0.862563	-0.340208	0.139268	0.200542	0.122005	0.972058	0.553854	-0.832557	-0.009768	0.808102	0.540337	-0.234536
33957	9.632807	0.449504	-0.517803	1.040657	-0.332758	0.136329	0.204036	0.122672	0.971247	0.561979	-0.827040	-0.013601	0.801592	0.548595	-0.237685
33958	9.398067	1.526009	-0.679625	1.084246	-0.309350	0.130004	0.207288	0.123289	0.970480	0.570365	-0.821205	-0.017501	0.794805	0.557156	-0.240546
33959	10.135329	2.771854	-0.578035	1.050347	-0.315005	0.119706	0.210524	0.124065	0.969684	0.578453	-0.815439	-0.021255	0.788081	0.565391	-0.243435
33960	11.052030	3.347895	-0.399474	0.934168	-0.269451	0.126182	0.213418	0.124555	0.968989	0.585533	-0.810269	-0.024810	0.782051	0.572670	-0.245857
33961	11.709764	3.482148	-0.099697	0.827506	-0.202136	0.154333	0.215957	0.124460	0.968438	0.591675	-0.805676	-0.028398	0.776713	0.579133	-0.247631
33962	11.672643	3.492139	-0.452651	0.753741	-0.026846	0.174504	0.217243	0.123197	0.968312	0.597142	-0.801497	-0.031997	0.772157	0.585171	-0.247686
33963	11.798669	2.736524	-1.341921	0.670296	0.091352	0.198682	0.217786	0.121060	0.968460	0.601895	-0.797780	-0.035629	0.768304	0.590671	-0.246611
33964	11.429235	1.011276	-1.805664	0.533358	0.280760	0.221428	0.217007	0.117618	0.969058	0.605517	-0.794870	-0.039121	0.765674	0.595271	-0.243712
33965	10.498355	0.009736	-1.662014	0.432484	0.385366	0.230419	0.215514	0.113477	0.969885	0.608349	-0.792533	-0.042452	0.763849	0.599178	-0.239835
33966	10.614900	0.316434	-1.526848	0.323158	0.370007	0.240817	0.214195	0.109335	0.970653	0.610318	-0.790843	-0.045599	0.762648	0.602174	-0.236124
33967	11.330978	1.066533	-1.573061	0.167923	0.398582	0.253602	0.212760	0.104916	0.971456	0.611080	-0.790081	-0.048505	0.762440	0.603957	-0.232210
33968	11.745069	1.472398	-1.098979	-0.030914	0.468909	0.277333	0.210912	0.099879	0.972389	0.610275	-0.790535	-0.051169	0.763597	0.604217	-0.227687
33969	12.101318	1.164814	0.031312	-0.208065	0.474027	0.300149	0.209171	0.094632	0.973289	0.608077	-0.792062	-0.053671	0.765826	0.603061	-0.223220
33970	12.204078	0.225613	1.242584	-0.335706	0.544480	0.317196	0.206951	0.088826	0.974311	0.604860	-0.794357	-0.056057	0.768971	0.600922	-0.218120
33971	12.279408	-0.787139	2.016996	-0.343876	0.680795	0.335877	0.203785	0.082059	0.975571	0.601543	-0.796685	-0.058643	0.772410	0.598798	-0.211715
33972	12.515953	-1.310931	2.323249	-0.296748	0.943097	0.341262	0.198563	0.073682	0.977315	0.598579	-0.798707	-0.061398	0.776065	0.597191	-0.202698
33973	11.570478	-1.544301	2.421214	-0.255143	1.211261	0.307528	0.191031	0.063986	0.979496	0.596019	-0.800419	-0.063954	0.779916	0.596016	-0.191042
33974	10.829919	-1.206791	2.792847	-0.283109	1.451298	0.239221	0.181132	0.053411	0.982007	0.593382	-0.802226	-0.065817	0.784276	0.594627	-0.177002
33975	11.056544	-0.691321	2.906239	-0.343373	1.644017	0.150810	0.169146	0.042428	0.984677	0.590442	-0.804314	-0.066768	0.789157	0.592688	-0.161098
33976	9.815769	-0.599184	2.509631	-0.454138	1.952435	0.090333	0.154238	0.030137	0.987574	0.586723	-0.807011	-0.067007	0.794963	0.589767	-0.142154
33977	10.688366	-0.640498	2.150488	-0.477169	2.061729	0.058693	0.138187	0.017525	0.990251	0.582857	-0.809807	-0.067005	0.800738	0.586434	-0.122119
33978	10.103681	-0.956545	1.569758	-0.501596	2.288797	0.049651	0.120104	0.003720	0.992754	0.578788	-0.812723	-0.066976	0.806585	0.582639	-0.099764
33979	10.536449	-0.938236	1.243113	-0.471984	2.394306	0.047276	0.101055	-0.010581	0.994825	0.574945	-0.815438	-0.067076	0.811927	0.578748	-0.076321
33980	10.751597	-1.057597	0.797780	-0.441743	2.348415	0.026392	0.082105	-0.024366	0.996326	0.571353	-0.817958	-0.067088	0.816587	0.574762	-0.053237
33981	11.974174	-1.058846	0.211066	-0.414084	2.470305	-0.033605	0.061745	-0.038251	0.997359	0.568019	-0.820314	-0.066626	0.820696	0.570632	-0.028923
33982	11.952006	-1.316757	-0.857874	-0.154492	2.237072	-0.115023	0.042731	-0.050073	0.997831	0.566841	-0.821221	-0.065485	0.822719	0.568409	-0.006708
33983	13.514138	-0.857093	-1.383840	0.192562	2.206632	-0.253961	0.023194	-0.060549	0.997896	0.568541	-0.820240	-0.062984	0.822328	0.568806	0.015400
33984	12.990167	-0.099375	-0.960873	0.479077	2.089757	-0.416120	0.003683	-0.069080	0.997604	0.572564	-0.817753	-0.058739	0.819852	0.571408	0.036541
33985	11.724034	0.698355	-0.220385	0.561601	1.948816	-0.505607	-0.015113	-0.076132	0.996983	0.577164	-0.814875	-0.053477	0.816488	0.574615	0.056256
33986	10.846682	0.849120	-0.735239	0.469750	1.789103	-0.487061	-0.032491	-0.082494	0.996062	0.580910	-0.812531	-0.048345	0.813319	0.577051	0.074321
33987	10.375278	0.002180	-2.543494	0.258009	1.815175	-0.452046	-0.049808	-0.089316	0.994757	0.582855	-0.811402	-0.043669	0.811048	0.577624	0.092473
33988	9.371411	-1.464551	-4.276904	0.088019	1.846826	-0.405729	-0.067114	-0.096703	0.993048	0.583364	-0.811246	-0.039573	0.809433	0.576653	0.110859
33989	9.036458	-2.593872	-4.694305	-0.018071	1.737821	-0.392179	-0.083402	-0.103538	0.991123	0.582960	-0.811715	-0.035741	0.808209	0.574804	0.128057
33990	8.962488	-3.157835	-3.875233	0.016250	1.671432	-0.402118	-0.099212	-0.109886	0.988980	0.582759	-0.812024	-0.031764	0.806566	0.573185	0.144600
33991	8.844457	-2.905315	-3.028188	0.181459	1.629901	-0.412066	-0.114684	-0.115894	0.986619	0.583817	-0.811421	-0.027452	0.803745	0.572857	0.160717
33992	8.385330	-2.276299	-2.626081	0.354290	1.564278	-0.416144	-0.129626	-0.121508	0.984090	0.586186	-0.809856	-0.022781	0.799739	0.573907	0.176205
33993	7.837130	-1.601275	-2.334948	0.484320	1.461097	-0.430482	-0.143751	-0.126440	0.981503	0.589498	-0.807576	-0.017696	0.794876	0.576050	0.190626
33994	7.701026	-0.677499	-2.164202	0.579044	1.321379	-0.456384	-0.156881	-0.130409	0.978970	0.593437	-0.804790	-0.012108	0.789444	0.579057	0.203646
33995	7.648954	0.130152	-1.953468	0.583479	1.184066	-0.482483	-0.169014	-0.133420	0.976542	0.597281	-0.802008	-0.006201	0.784022	0.582221	0.215240
33996	7.673469	0.846098	-1.641583	0.446994	1.045032	-0.490765	-0.180082	-0.135600	0.974260	0.599956	-0.800033	-0.000455	0.779502	0.584432	0.225425
33997	7.630672	1.317960	-1.182914	0.180174	0.911610	-0.488498	-0.190052	-0.137033	0.972164	0.600495	-0.799615	0.004682	0.776715	0.584669	0.234256
33998	7.570000	1.402507	-0.640354	-0.180224	0.799190	-0.457149	-0.198957	-0.138049	0.970236	0.598244	-0.801267	0.008669	0.776222	0.582162	0.242004
33999	7.389731	0.847395	-0.110750	-0.553515	0.689945	-0.376745	-0.206508	-0.139033	0.968517	0.593219	-0.804967	0.010932	0.778104	0.576800	0.248709
34000	7.329977	-0.000584	0.537515	-0.868857	0.592401	-0.250903	-0.212567	-0.140412	0.967006	0.585953	-0.810268	0.011151	0.781968	0.568990	0.254511
34001	7.535062	-0.724821	1.299341	-1.078522	0.526215	-0.117296	-0.217323	-0.142440	0.965651	0.577281	-0.816490	0.009481	0.787094	0.559513	0.259670
34002	7.878905	-1.200427	2.094831	-1.173660	0.519175	-0.017402	-0.221481	-0.145187	0.964296	0.568011	-0.822995	0.006549	0.792660	0.549181	0.264746
34003	8.323962	-1.441356	2.819619	-1.140323	0.549310	0.042151	-0.225558	-0.148538	0.962840	0.559079	-0.829108	0.003064	0.797843	0.538995	0.270057
34004	8.618922	-1.543087	3.354929	-0.999556	0.573478	0.088301	-0.229613	-0.152352	0.961284	0.551324	-0.834291	-0.000536	0.802072	0.529856	0.275559
34005	8.789626	-1.587111	3.576041	-0.802754	0.552906	0.134675	-0.233264	-0.156403	0.959753	0.545228	-0.838278	-0.004092	0.805180	0.522330	0.280815
34006	8.755769	-1.743031	3.505796	-0.581899	0.494620	0.171769	-0.236276	-0.160432	0.958350	0.540982	-0.841002	-0.007411	0.807163	0.516699	0.285499
34007	8.588242	-1.887292	3.327952	-0.375919	0.410482	0.195893	-0.238480	-0.164210	0.957164	0.538454	-0.842591	-0.010397	0.808204	0.512909	0.289361
34008	8.530754	-2.043891	3.181930	-0.181439	0.309098	0.190421	-0.239911	-0.167417	0.956250	0.537486	-0.843176	-0.012772	0.808425	0.510907	0.292272
34009	8.572786	-2.317297	3.149864	-0.032910	0.223262	0.179908	-0.240695	-0.170090	0.955581	0.537696	-0.843012	-0.014616	0.808052	0.510294	0.294365
34010	8.773575	-2.546387	3.199540	0.111900	0.155066	0.176957	-0.240951	-0.172394	0.955104	0.539070	-0.842109	-0.016004	0.807060	0.511012	0.295839
34011	9.025791	-2.551979	3.152376	0.231610	0.108078	0.180680	-0.240792	-0.174483	0.954764	0.541417	-0.840581	-0.017071	0.805535	0.512815	0.296874
34012	9.215414	-2.460280	3.222124	0.330111	0.064860	0.154586	-0.240430	-0.176138	0.954552	0.544490	-0.838583	-0.017594	0.803570	0.515514	0.297526
34013	9.440132	-2.194718	3.321822	0.428464	0.039751	0.089544	-0.240206	-0.177109	0.954428	0.548186	-0.836179	-0.017201	0.801120	0.519073	0.297944
34014	9.444909	-2.080512	3.583187	0.488453	0.065850	0.014422	-0.240607	-0.177597	0.954237	0.552173	-0.833577	-0.015912	0.798256	0.523076	0.298629
34015	9.122490	-2.072669	3.664877	0.561948	0.084571	-0.052278	-0.241516	-0.177622	0.954002	0.556567	-0.830689	-0.013761	0.794923	0.527643	0.299483
34016	8.572014	-1.556197	3.679660	0.759692	0.069851	-0.084357	-0.242495	-0.177319	0.953810	0.562432	-0.826774	-0.010710	0.790485	0.533857	0.300219
34017	8.408025	0.080773	4.173304	0.919631	-0.006867	-0.061798	-0.242737	-0.176787	0.953848	0.569571	-0.821909	-0.007388	0.785282	0.541491	0.300200
34018	8.319543	1.840801	4.407126	0.732961	-0.037284	0.013749	-0.242320	-0.176722	0.953966	0.575392	-0.817860	-0.005352	0.781156	0.547608	0.299868
34019	8.354941	2.804326	4.108429	0.257911	-0.067135	0.076871	-0.241298	-0.176996	0.954174	0.577634	-0.816279	-0.005341	0.779817	0.549874	0.299205
34020	8.285342	2.856704	3.571321	-0.300136	-0.077057	0.111416	-0.240010	-0.177507	0.954404	0.575604	-0.817696	-0.007331	0.781713	0.547599	0.298429
34021	8.578957	2.287255	2.896780	-0.748436	-0.147775	0.163387	-0.237861	-0.178055	0.954840	0.570170	-0.821451	-0.011146	0.786339	0.541769	0.296913
34022	9.234066	1.346843	2.496216	-0.982196	-0.210356	0.256924	-0.234702	-0.179064	0.955432	0.563068	-0.826245	-0.016534	0.792382	0.534093	0.294746
34023	9.503310	0.166465	2.217799	-0.999396	-0.247040	0.338900	-0.230786	-0.180577	0.956101	0.555950	-0.830905	-0.022735	0.798535	0.526298	0.292153
34024	9.655263	-1.008260	2.014123	-0.839967	-0.312629	0.409509	-0.225974	-0.182375	0.956909	0.550200	-0.834525	-0.029120	0.803876	0.519911	0.288924
34025	9.800843	-1.947350	1.790643	-0.663867	-0.360535	0.447437	-0.220562	-0.184264	0.957810	0.545890	-0.837111	-0.035338	0.808305	0.515065	0.285223
34026	9.623592	-2.495182	1.486165	-0.535046	-0.363475	0.420301	-0.215286	-0.185946	0.958685	0.542517	-0.839048	-0.040911	0.811990	0.511295	0.281514
34027	9.122899	-2.815965	1.068238	-0.455470	-0.378081	0.336263	-0.210336	-0.186858	0.959605	0.539569	-0.840714	-0.045439	0.815244	0.508216	0.277656
34028	8.621955	-3.103634	0.509208	-0.365182	-0.438068	0.241310	-0.205414	-0.186693	0.960703	0.537135	-0.842084	-0.048794	0.818102	0.506004	0.273255
34029	8.733804	-3.515141	-0.020289	-0.240617	-0.534414	0.176434	-0.200035	-0.185494	0.962070	0.535564	-0.842943	-0.051171	0.820462	0.505014	0.267962
34030	9.373111	-3.761872	-0.541172	-0.046556	-0.602370	0.136923	-0.194307	-0.183631	0.963600	0.535499	-0.842894	-0.052647	0.821880	0.505777	0.262114
34031	9.512864	-3.511729	-0.551689	0.177544	-0.630623	0.063927	-0.188726	-0.180988	0.965208	0.537123	-0.841848	-0.052834	0.822120	0.508464	0.256091
34032	9.542002	-2.807093	-0.088615	0.367035	-0.694588	-0.048080	-0.183224	-0.177065	0.966994	0.540098	-0.840027	-0.051479	0.821416	0.512839	0.249546
34033	9.953407	-1.705512	0.992956	0.462780	-0.743843	-0.140014	-0.177823	-0.172072	0.968902	0.543685	-0.837857	-0.049016	0.820235	0.518061	0.242543
34034	10.566950	-0.341991	2.189880	0.391189	-0.742801	-0.183533	-0.172679	-0.166698	0.970770	0.546619	-0.836098	-0.046341	0.819384	0.522639	0.235497
34035	10.782881	1.067945	2.909662	0.154517	-0.645219	-0.195874	-0.168408	-0.161696	0.972365	0.547592	-0.835582	-0.044110	0.819623	0.525031	0.229263
34036	10.501648	1.776785	3.032279	-0.158778	-0.582197	-0.196809	-0.164653	-0.157022	0.973773	0.546009	-0.836696	-0.042595	0.821440	0.524676	0.223500
34037	10.308599	1.448053	2.819451	-0.406934	-0.590823	-0.197581	-0.160811	-0.152289	0.975166	0.542380	-0.839103	-0.041599	0.824599	0.522220	0.217535
34038	10.262510	0.576013	2.348551	-0.527452	-0.653162	-0.187907	-0.156374	-0.147335	0.976647	0.537768	-0.842098	-0.040934	0.828464	0.518809	0.210915
34039	10.410054	-0.172239	1.873306	-0.604844	-0.684051	-0.184122	-0.151623	-0.142263	0.978147	0.532502	-0.845463	-0.040422	0.832738	0.514736	0.203947
34040	9.957178	-0.606367	1.468205	-0.672109	-0.688026	-0.238726	-0.147090	-0.136740	0.979626	0.526579	-0.849209	-0.039471	0.837305	0.510045	0.196915
34041	9.546247	-0.504295	1.534423	-0.615507	-0.794201	-0.310499	-0.141994	-0.130080	0.981283	0.521004	-0.852724	-0.037647	0.841660	0.505907	0.188854
34042	9.690564	0.005317	1.655380	-0.461153	-0.949347	-0.381563	-0.135914	-0.122057	0.983173	0.516630	-0.855502	-0.034789	0.845353	0.503208	0.179333
34043	10.092891	0.003243	1.360681	-0.422615	-1.048560	-0.410932	-0.129091	-0.113289	0.985140	0.512546	-0.858081	-0.031515	0.848900	0.500861	0.168837
34044	10.220304	-0.814738	0.875672	-0.537263	-1.054016	-0.355836	-0.121885	-0.104995	0.986975	0.507573	-0.861123	-0.028925	0.852944	0.497437	0.158250
34045	10.292593	-2.110527	0.614399	-0.656757	-1.007631	-0.257931	-0.114515	-0.097798	0.988596	0.501692	-0.864612	-0.027419	0.857433	0.492831	0.148075
34046	9.927521	-3.490236	0.462675	-0.619978	-0.876296	-0.199881	-0.107927	-0.091795	0.989912	0.496187	-0.867815	-0.026375	0.861481	0.488335	0.139208
34047	9.260766	-4.330682	0.569655	-0.321894	-0.813349	-0.197034	-0.101831	-0.086138	0.991065	0.493244	-0.869535	-0.024895	0.863910	0.486302	0.131033
34048	8.841733	-4.088104	0.943269	0.128590	-0.865695	-0.231122	-0.095437	-0.079940	0.992220	0.494174	-0.869072	-0.022486	0.864109	0.488184	0.122446
34049	9.300449	-2.465392	1.481912	0.461003	-0.934959	-0.268534	-0.088642	-0.073041	0.993382	0.497947	-0.866992	-0.019314	0.862665	0.492940	0.113223
34050	9.695864	-0.493337	1.594358	0.582219	-0.921624	-0.308544	-0.082189	-0.065832	0.994440	0.502748	-0.864291	-0.015665	0.860517	0.498666	0.104132
34051	10.039591	0.937491	1.606478	0.565645	-0.912341	-0.324012	-0.075930	-0.058478	0.995397	0.507393	-0.861632	-0.011916	0.858363	0.504152	0.095095
34052	10.639451	1.517425	1.739737	0.474170	-0.859252	-0.310058	-0.070085	-0.051489	0.996211	0.511280	-0.859373	-0.008448	0.856552	0.508751	0.086554
34053	10.501370	1.435341	1.627831	0.411137	-0.742988	-0.306776	-0.065246	-0.045078	0.996851	0.514629	-0.857398	-0.005089	0.854927	0.512676	0.079140
34054	9.597751	0.993905	1.524315	0.408990	-0.727931	-0.333671	-0.060696	-0.038504	0.997413	0.517958	-0.855405	-0.001502	0.853250	0.516527	0.071863
34055	9.550332	0.690003	1.566562	0.407005	-0.820900	-0.317567	-0.055294	-0.031551	0.997972	0.521281	-0.853383	0.001902	0.851592	0.520329	0.063634
34056	9.336532	0.742679	1.527250	0.359913	-0.827358	-0.265564	-0.049588	-0.024997	0.998457	0.524249	-0.851552	0.004718	0.850120	0.523674	0.055331
34057	9.220988	0.868696	1.331177	0.315987	-0.855568	-0.225508	-0.043450	-0.018601	0.998882	0.526866	-0.849919	0.007091	0.848837	0.526585	0.046730
34058	9.685149	0.854768	0.961626	0.271140	-0.848947	-0.183166	-0.037163	-0.012592	0.999230	0.529136	-0.848490	0.008987	0.847723	0.529062	0.038195
34059	10.369719	0.640198	0.744978	0.175857	-0.775979	-0.121405	-0.031175	-0.007467	0.999486	0.530621	-0.847548	0.010219	0.847036	0.530667	0.030385
34060	10.734021	0.209343	0.523279	0.038859	-0.645106	-0.072317	-0.026042	-0.003456	0.999655	0.530972	-0.847319	0.010903	0.846989	0.531073	0.023901
34061	10.693796	-0.249491	0.197397	-0.059177	-0.535092	-0.061078	-0.021778	-0.000114	0.999763	0.530493	-0.847612	0.011460	0.847410	0.530616	0.018520
34062	10.348559	-0.079659	-0.064697	-0.060291	-0.477213	-0.075031	-0.018078	0.003026	0.999832	0.530009	-0.847905	0.012150	0.847799	0.530140	0.013725
34063	10.054126	0.764410	-0.020855	-0.036639	-0.460452	-0.100570	-0.014652	0.006304	0.999873	0.529718	-0.848073	0.013109	0.848047	0.529843	0.009087
34064	10.208265	1.516148	0.030312	-0.036742	-0.433815	-0.112762	-0.011517	0.009531	0.999888	0.529434	-0.848233	0.014184	0.848273	0.529538	0.004723
34065	10.341966	1.832064	-0.010404	-0.073167	-0.369493	-0.137781	-0.009056	0.012640	0.999879	0.528834	-0.848583	0.015517	0.848677	0.528911	0.001000
34066	9.802715	1.533351	-0.483929	-0.090592	-0.311774	-0.164368	-0.007226	0.015657	0.999851	0.528093	-0.849014	0.017112	0.849156	0.528138	-0.002134
34067	9.202303	1.089232	-1.294239	-0.028614	-0.390536	-0.174134	-0.004774	0.019182	0.999805	0.527875	-0.849114	0.018812	0.849309	0.527862	-0.006073
34068	9.106348	0.688016	-1.939980	0.070543	-0.502290	-0.147220	-0.001234	0.023060	0.999733	0.528510	-0.848686	0.020229	0.848926	0.528394	-0.011140
34069	9.426022	0.497565	-2.196011	0.183786	-0.593872	-0.088097	0.003393	0.026934	0.999631	0.530105	-0.847671	0.021040	0.847925	0.529839	-0.017154
34070	9.458698	0.437634	-2.346492	0.262515	-0.630200	-0.039903	0.008574	0.030595	0.999495	0.532371	-0.846242	0.021337	0.846468	0.531919	-0.023543
34071	9.371526	0.761988	-2.067103	0.325003	-0.672088	-0.022311	0.014193	0.034351	0.999309	0.535156	-0.844481	0.021429	0.844634	0.534482	-0.030369
34072	9.258758	1.310054	-1.319317	0.289567	-0.676122	-0.020570	0.019842	0.038125	0.999076	0.537642	-0.842900	0.021487	0.842940	0.536718	-0.037222
34073	9.700283	1.607531	-0.730824	0.154013	-0.650614	-0.003308	0.025360	0.041633	0.998811	0.538974	-0.842050	0.021414	0.841941	0.537790	-0.043794
34074	10.069352	1.338470	-0.239892	-0.017816	-0.585783	0.013777	0.030421	0.044646	0.998540	0.538857	-0.842129	0.021236	0.841848	0.537424	-0.049676
34075	10.254607	0.731575	0.157052	-0.148489	-0.529668	0.039393	0.035148	0.047142	0.998270	0.537627	-0.842924	0.020876	0.842450	0.535963	-0.054972
34076	10.432474	0.041025	0.594065	-0.180822	-0.429217	0.058939	0.039136	0.048921	0.998036	0.536118	-0.843898	0.020343	0.843236	0.534268	-0.059255
34077	10.208696	-0.234515	0.819239	-0.126717	-0.347527	0.038799	0.042331	0.050433	0.997830	0.535066	-0.844574	0.019988	0.843749	0.533059	-0.062736
34078	9.820643	-0.169513	0.728765	-0.023055	-0.319389	-0.004579	0.045054	0.052153	0.997622	0.534910	-0.844672	0.020000	0.843707	0.532737	-0.065953
34079	9.485755	0.231532	0.663519	0.095859	-0.376368	-0.058240	0.047971	0.054636	0.997353	0.535779	-0.844110	0.020471	0.842995	0.533379	-0.069766
34080	9.673474	0.637070	0.180492	0.187218	-0.398031	-0.082823	0.050932	0.057439	0.997049	0.537433	-0.843042	0.021113	0.841767	0.534772	-0.073807
34081	9.562021	0.932715	-0.545857	0.295608	-0.437962	-0.084720	0.054213	0.060484	0.996696	0.539996	-0.841388	0.021688	0.839920	0.537036	-0.078276
34082	9.393776	1.388473	-0.888600	0.389471	-0.508801	-0.071136	0.058147	0.063801	0.996267	0.543338	-0.839225	0.022033	0.837498	0.540028	-0.083464
34083	9.045232	1.919445	-1.014439	0.397989	-0.602292	-0.050389	0.062964	0.067470	0.995733	0.546728	-0.837017	0.022144	0.834939	0.543001	-0.089590
34084	9.071974	2.118946	-1.074275	0.348249	-0.721640	0.003089	0.069049	0.071353	0.995058	0.549664	-0.835103	0.021741	0.832528	0.545446	-0.096883
34085	9.749862	1.787314	-1.035360	0.232801	-0.743802	0.083401	0.075749	0.074705	0.994325	0.551571	-0.833873	0.020630	0.830681	0.546878	-0.104370
34086	10.053018	1.043769	-1.048979	0.117617	-0.695158	0.155683	0.082429	0.077192	0.993603	0.552456	-0.833327	0.018909	0.829456	0.547363	-0.111336
34087	9.936607	0.203000	-0.604755	0.006782	-0.589129	0.166248	0.088288	0.079016	0.992956	0.552401	-0.833401	0.017203	0.828890	0.546991	-0.117228
34088	9.635072	-0.855758	-0.204500	-0.162907	-0.541809	0.130235	0.093549	0.080871	0.992325	0.550964	-0.834375	0.016058	0.829269	0.545233	-0.122612
34089	9.582307	-2.129683	-0.262464	-0.235786	-0.483675	0.055564	0.097923	0.083024	0.991725	0.548985	-0.835684	0.015754	0.830076	0.542899	-0.127411
34090	9.826885	-3.025050	-0.253726	-0.050622	-0.503301	0.000715	0.102154	0.085729	0.991068	0.548596	-0.835939	0.015764	0.829824	0.542085	-0.132425
34091	9.595286	-2.637263	0.061448	0.303982	-0.452601	-0.022195	0.105838	0.088358	0.990450	0.551168	-0.834250	0.015527	0.827654	0.544261	-0.136996
