// General information: 
//  MT Manager version: 2022.2.0 
//  XDA version: 2022.2.0 build 7381 rev 124627 built on 2023-07-19
// Device information: 
//  DeviceId: 00B4CBA7
//  ProductCode: MTW2-3A7G6
//  Firmware Version: 4.6.0
//  Hardware Version: 2.0.0
// Device settings: 
//  Filter Profile: human(46.1)
//  Option Flags: Orientation Smoother Disabled, Position/Velocity Smoother Disabled, Continuous Zero Rotation Update Disabled, AHS Disabled, ICC Disabled
// Coordinate system: ENU
PacketCounter	Acc_X	Acc_Y	Acc_Z	Gyr_X	Gyr_Y	Gyr_Z	Mat[1][1]	Mat[2][1]	Mat[3][1]	Mat[1][2]	Mat[2][2]	Mat[3][2]	Mat[1][3]	Mat[2][3]	Mat[3][3]
07164	9.532434	1.050899	-2.233602	0.036744	-0.003217	-0.000483	0.218549	0.131654	0.966904	0.148395	-0.983817	0.100415	0.964477	0.121538	-0.234549
07165	9.515618	0.965484	-2.135282	0.006803	-0.010310	0.006132	0.218652	0.131635	0.966883	0.148411	-0.983818	0.100379	0.964451	0.121548	-0.234650
07166	9.448473	0.808932	-2.208473	0.018776	-0.009341	0.003181	0.218735	0.131651	0.966862	0.148597	-0.983794	0.100339	0.964403	0.121725	-0.234753
07167	9.434341	0.948081	-2.243085	0.011668	-0.017950	0.005218	0.218897	0.131673	0.966823	0.148796	-0.983769	0.100292	0.964336	0.121906	-0.234937
07168	9.429091	0.958988	-2.355874	-0.002961	-0.015258	0.004667	0.219039	0.131682	0.966789	0.148770	-0.983773	0.100290	0.964308	0.121861	-0.235075
07169	9.438476	1.038592	-2.365612	-0.008950	-0.017298	0.005891	0.219201	0.131692	0.966751	0.148735	-0.983779	0.100287	0.964276	0.121806	-0.235233
07170	9.459635	1.088396	-2.362893	-0.026189	-0.018184	0.007033	0.219376	0.131681	0.966713	0.148479	-0.983814	0.100316	0.964276	0.121529	-0.235377
07171	9.437840	1.061590	-2.360836	-0.037057	-0.020365	0.007906	0.219562	0.131684	0.966670	0.148233	-0.983847	0.100356	0.964272	0.121258	-0.235535
07172	9.397410	1.059923	-2.280119	-0.028789	-0.015540	0.009739	0.219715	0.131644	0.966641	0.147946	-0.983890	0.100365	0.964281	0.120959	-0.235651
07173	9.441830	0.956924	-2.283456	-0.026133	-0.019204	0.013240	0.219880	0.131612	0.966608	0.147926	-0.983898	0.100316	0.964246	0.120929	-0.235809
07174	9.441306	0.909847	-2.300625	0.007568	-0.016988	0.008024	0.220045	0.131590	0.966574	0.147993	-0.983894	0.100256	0.964198	0.120985	-0.235975
07175	9.459879	0.929736	-2.365221	0.046154	-0.011524	0.003663	0.220141	0.131617	0.966548	0.148528	-0.983825	0.100141	0.964094	0.121514	-0.236129
07176	9.431047	0.803668	-2.302962	0.099380	-0.000984	0.001107	0.220140	0.131644	0.966544	0.149496	-0.983700	0.099931	0.963945	0.122495	-0.236232
07177	9.424147	0.773299	-2.220425	0.154412	0.007330	-0.007083	0.220029	0.131770	0.966552	0.151189	-0.983468	0.099659	0.963706	0.124204	-0.236314
07178	9.360833	0.875239	-2.148593	0.188469	0.009264	-0.010854	0.219912	0.131902	0.966561	0.153041	-0.983213	0.099354	0.963440	0.126074	-0.236406
07179	9.349541	1.018059	-2.124293	0.185814	-0.002138	-0.010415	0.219916	0.132031	0.966543	0.154789	-0.982969	0.099056	0.963160	0.127826	-0.236607
07180	9.411418	1.182286	-2.166813	0.144618	-0.011167	-0.004333	0.220005	0.132125	0.966510	0.156204	-0.982772	0.098791	0.962911	0.129238	-0.236853
07181	9.460128	1.097993	-2.313716	0.088872	-0.021566	0.006929	0.220221	0.132109	0.966462	0.156979	-0.982672	0.098555	0.962736	0.130010	-0.237144
07182	9.497042	1.067179	-2.465481	0.040901	-0.020250	0.006868	0.220415	0.132104	0.966419	0.157370	-0.982622	0.098427	0.962628	0.130390	-0.237374
07183	9.430039	1.048658	-2.493174	0.008329	-0.023625	0.010034	0.220650	0.132070	0.966370	0.157418	-0.982623	0.098348	0.962566	0.130423	-0.237606
07184	9.438769	1.011658	-2.541890	-0.013045	-0.019393	0.008299	0.220838	0.132050	0.966330	0.157286	-0.982645	0.098334	0.962544	0.130274	-0.237775
07185	9.462066	0.974845	-2.510623	-0.021301	-0.019546	0.007236	0.221036	0.132029	0.966287	0.156998	-0.982689	0.098358	0.962546	0.129964	-0.237938
07186	9.497847	1.024243	-2.428578	-0.016411	-0.013183	0.008570	0.221164	0.131999	0.966262	0.156833	-0.982716	0.098349	0.962543	0.129790	-0.238044
07187	9.509367	0.994054	-2.417125	-0.016809	-0.016081	0.006615	0.221314	0.132005	0.966227	0.156741	-0.982730	0.098358	0.962524	0.129679	-0.238183
07188	9.523933	1.040135	-2.323399	-0.039290	-0.012183	0.006721	0.221430	0.131991	0.966202	0.156360	-0.982784	0.098422	0.962559	0.129282	-0.238256
07189	9.523215	0.947506	-2.354472	-0.055349	-0.013697	0.012271	0.221566	0.131934	0.966179	0.155863	-0.982858	0.098469	0.962608	0.128774	-0.238332
07190	9.452577	0.955740	-2.222491	-0.055673	-0.012918	0.017271	0.221706	0.131817	0.966163	0.155301	-0.982947	0.098470	0.962667	0.128215	-0.238396
07191	9.416229	0.905949	-2.306736	-0.045603	-0.013436	0.012958	0.221838	0.131755	0.966141	0.154911	-0.983007	0.098486	0.962700	0.127818	-0.238479
07192	9.426124	1.031857	-2.301157	-0.020507	-0.012210	0.011386	0.221962	0.131695	0.966121	0.154700	-0.983043	0.098460	0.962705	0.127605	-0.238571
07193	9.404930	1.074054	-2.275564	-0.014531	-0.013297	0.009648	0.222102	0.131645	0.966095	0.154492	-0.983077	0.098442	0.962706	0.127390	-0.238681
07194	9.425687	1.030511	-2.303548	-0.007393	-0.018157	0.011791	0.222283	0.131589	0.966061	0.154407	-0.983097	0.098381	0.962678	0.127298	-0.238844
07195	9.413329	1.012868	-2.332997	0.007241	-0.016199	0.013069	0.222463	0.131504	0.966031	0.154361	-0.983114	0.098283	0.962644	0.127253	-0.239006
07196	9.422269	0.998455	-2.373914	0.013998	-0.017727	0.014249	0.222644	0.131423	0.966001	0.154476	-0.983110	0.098147	0.962583	0.127372	-0.239185
07197	9.409728	0.957034	-2.411177	0.015883	-0.017830	0.015336	0.222829	0.131327	0.965971	0.154585	-0.983107	0.097997	0.962523	0.127488	-0.239366
07198	9.421598	0.971666	-2.385032	0.006922	-0.015420	0.018071	0.222994	0.131205	0.965950	0.154624	-0.983117	0.097841	0.962479	0.127541	-0.239516
07199	9.411830	0.936692	-2.362637	-0.005510	-0.018258	0.012884	0.223173	0.131154	0.965915	0.154632	-0.983123	0.097763	0.962436	0.127544	-0.239687
07200	9.423113	0.882570	-2.359312	-0.016368	-0.018859	0.014035	0.223364	0.131076	0.965882	0.154456	-0.983157	0.097702	0.962420	0.127363	-0.239848
07201	9.450245	0.967091	-2.230568	-0.028325	-0.018240	0.017268	0.223564	0.130959	0.965851	0.154101	-0.983219	0.097644	0.962430	0.127008	-0.239993
07202	9.471062	0.946640	-2.251157	-0.047065	-0.022323	0.018328	0.223796	0.130843	0.965813	0.153619	-0.983297	0.097616	0.962454	0.126521	-0.240157
07203	9.479703	0.909976	-2.299550	-0.039969	-0.018404	0.015501	0.223977	0.130758	0.965783	0.153263	-0.983354	0.097593	0.962468	0.126160	-0.240289
07204	9.534667	1.002545	-2.273296	-0.035119	-0.024507	0.014840	0.224224	0.130679	0.965736	0.152904	-0.983413	0.097570	0.962468	0.125787	-0.240486
07205	9.564153	0.922998	-2.348505	-0.009268	-0.013391	0.011450	0.224371	0.130600	0.965713	0.152682	-0.983452	0.097525	0.962469	0.125565	-0.240598
07206	9.506586	0.915426	-2.406448	0.020324	-0.010271	0.008979	0.224471	0.130561	0.965695	0.152870	-0.983432	0.097425	0.962415	0.125757	-0.240711
07207	9.536512	0.858218	-2.473159	0.031614	-0.000550	0.010783	0.224479	0.130506	0.965700	0.153230	-0.983391	0.097278	0.962356	0.126137	-0.240748
07208	9.426806	0.762603	-2.498375	0.050765	0.007975	0.011925	0.224409	0.130415	0.965729	0.153704	-0.983337	0.097076	0.962297	0.126652	-0.240715
07209	9.340478	0.878682	-2.465776	0.107285	0.017848	0.003471	0.224224	0.130416	0.965772	0.154857	-0.983182	0.096814	0.962155	0.127848	-0.240649
07210	9.357805	1.006172	-2.549713	0.109482	0.018505	-0.000198	0.224034	0.130431	0.965814	0.155923	-0.983035	0.096588	0.962027	0.128954	-0.240570
07211	9.361953	1.102380	-2.459442	0.114739	0.018397	0.001598	0.223853	0.130430	0.965856	0.157032	-0.982884	0.096335	0.961889	0.130105	-0.240503
07212	9.384286	1.172915	-2.447824	0.087740	0.014181	0.001615	0.223707	0.130432	0.965889	0.157885	-0.982766	0.096144	0.961783	0.130991	-0.240445
07213	9.419179	1.011635	-2.432111	0.050275	0.007613	0.004002	0.223631	0.130425	0.965908	0.158392	-0.982696	0.096020	0.961718	0.131519	-0.240420
07214	9.445493	0.933676	-2.354481	0.032665	0.008560	0.003977	0.223543	0.130411	0.965930	0.158709	-0.982653	0.095939	0.961686	0.131855	-0.240363
07215	9.429306	0.872554	-2.246678	-0.000330	-0.002325	0.004508	0.223564	0.130410	0.965926	0.158716	-0.982653	0.095933	0.961680	0.131860	-0.240384
07216	9.477218	0.868794	-2.158763	-0.010821	-0.009360	0.006140	0.223652	0.130398	0.965907	0.158610	-0.982669	0.095935	0.961677	0.131746	-0.240458
07217	9.489429	0.908248	-2.124365	-0.016807	-0.011377	0.007388	0.223757	0.130387	0.965884	0.158499	-0.982687	0.095937	0.961671	0.131625	-0.240549
07218	9.432017	0.924304	-2.174990	-0.019058	-0.021391	0.009580	0.223966	0.130357	0.965840	0.158307	-0.982719	0.095926	0.961654	0.131415	-0.240732
07219	9.450723	0.990684	-2.225131	-0.022446	-0.022962	0.008621	0.224189	0.130339	0.965790	0.158081	-0.982755	0.095933	0.961639	0.131166	-0.240927
07220	9.454136	1.010870	-2.370014	-0.014191	-0.022826	0.009671	0.224412	0.130310	0.965742	0.157936	-0.982781	0.095909	0.961611	0.131002	-0.241129
07221	9.405339	0.990649	-2.468065	-0.016093	-0.025840	0.008092	0.224678	0.130284	0.965684	0.157659	-0.982824	0.095915	0.961594	0.130699	-0.241359
07222	9.395269	0.957005	-2.446058	-0.013872	-0.022059	0.004917	0.224886	0.130301	0.965634	0.157527	-0.982844	0.095936	0.961567	0.130539	-0.241553
07223	9.449267	0.957082	-2.450873	-0.008620	-0.025270	0.006219	0.225127	0.130307	0.965576	0.157434	-0.982859	0.095933	0.961526	0.130417	-0.241783
07224	9.466803	0.986116	-2.306391	-0.012762	-0.020169	0.003330	0.225315	0.130337	0.965529	0.157316	-0.982874	0.095967	0.961501	0.130271	-0.241960
07225	9.490315	0.972792	-2.267818	-0.037078	-0.023344	0.007621	0.225543	0.130325	0.965477	0.156928	-0.982931	0.096021	0.961511	0.129853	-0.242144
07226	9.446108	0.849681	-2.284564	-0.033306	-0.023555	0.009789	0.225773	0.130295	0.965427	0.156598	-0.982982	0.096043	0.961511	0.129500	-0.242334
07227	9.455405	0.906171	-2.303109	-0.021357	-0.024197	0.006541	0.226017	0.130281	0.965372	0.156275	-0.983030	0.096076	0.961506	0.129149	-0.242541
07228	9.425508	0.953091	-2.449189	-0.014194	-0.022839	0.009665	0.226240	0.130252	0.965324	0.156129	-0.983055	0.096053	0.961478	0.128984	-0.242743
07229	9.444655	1.065772	-2.484007	-0.011180	-0.017935	0.009657	0.226419	0.130213	0.965287	0.155987	-0.983081	0.096025	0.961459	0.128830	-0.242899
07230	9.441598	1.081990	-2.537353	-0.006296	-0.016253	0.010237	0.226579	0.130169	0.965255	0.155916	-0.983097	0.095976	0.961432	0.128752	-0.243045
07231	9.419851	1.054489	-2.534622	0.002313	-0.009111	0.007515	0.226670	0.130139	0.965238	0.155905	-0.983102	0.095936	0.961413	0.128739	-0.243129
07232	9.386226	1.033471	-2.551677	0.016960	-0.005622	0.009006	0.226726	0.130094	0.965231	0.156060	-0.983087	0.095843	0.961374	0.128903	-0.243194
07233	9.368222	1.058179	-2.473846	0.008001	-0.004751	0.011509	0.226781	0.130025	0.965227	0.156120	-0.983086	0.095750	0.961352	0.128977	-0.243244
07234	9.391391	0.974081	-2.456746	-0.009627	-0.006910	0.011018	0.226852	0.129962	0.965219	0.156015	-0.983108	0.095703	0.961352	0.128878	-0.243296
07235	9.351585	0.949344	-2.382415	-0.023070	-0.006382	0.014648	0.226917	0.129879	0.965215	0.155865	-0.983137	0.095648	0.961361	0.128739	-0.243334
07236	9.408479	0.908892	-2.341590	-0.049695	-0.013903	0.015670	0.227063	0.129779	0.965194	0.155364	-0.983215	0.095653	0.961407	0.128237	-0.243415
07237	9.476717	0.815721	-2.296029	-0.058350	-0.013818	0.013172	0.227223	0.129683	0.965169	0.154647	-0.983322	0.095715	0.961485	0.127512	-0.243488
07238	9.518140	0.753169	-2.342746	-0.053485	-0.015258	0.013254	0.227378	0.129608	0.965143	0.154115	-0.983402	0.095752	0.961534	0.126971	-0.243579
07239	9.462437	0.909064	-2.346696	-0.031017	-0.005748	0.008858	0.227445	0.129549	0.965135	0.153711	-0.983462	0.095785	0.961583	0.126566	-0.243597
07240	9.439180	0.992185	-2.364581	-0.040409	-0.010892	0.008907	0.227552	0.129511	0.965115	0.153314	-0.983520	0.095833	0.961621	0.126159	-0.243657
07241	9.426387	0.952719	-2.400693	-0.038925	-0.012338	0.008281	0.227662	0.129491	0.965092	0.152993	-0.983565	0.095879	0.961646	0.125824	-0.243731
07242	9.393196	0.979332	-2.402518	-0.016502	-0.010615	0.002638	0.227756	0.129514	0.965066	0.152841	-0.983584	0.095929	0.961648	0.125653	-0.243812
07243	9.395461	0.938975	-2.359269	-0.010838	-0.010937	0.005885	0.227866	0.129497	0.965043	0.152672	-0.983609	0.095939	0.961649	0.125474	-0.243901
07244	9.458701	0.926035	-2.402339	-0.001869	-0.010247	0.003627	0.227958	0.129510	0.965019	0.152658	-0.983611	0.095944	0.961629	0.125447	-0.243993
07245	9.459387	0.995155	-2.380460	0.001898	-0.012020	0.005540	0.228070	0.129511	0.964993	0.152692	-0.983608	0.095922	0.961597	0.125469	-0.244107
07246	9.449650	0.961008	-2.357558	-0.002183	-0.011030	0.008379	0.228177	0.129479	0.964972	0.152664	-0.983616	0.095881	0.961576	0.125438	-0.244205
07247	9.449139	0.937168	-2.366282	-0.005577	-0.012596	0.007423	0.228306	0.129447	0.964945	0.152534	-0.983638	0.095865	0.961566	0.125300	-0.244316
07248	9.452321	0.965800	-2.300464	0.006765	-0.013458	0.005618	0.228433	0.129445	0.964916	0.152599	-0.983631	0.095830	0.961526	0.125354	-0.244446
07249	9.483175	1.025350	-2.329543	-0.016041	-0.013400	0.010061	0.228565	0.129394	0.964891	0.152407	-0.983663	0.095809	0.961525	0.125157	-0.244552
07250	9.474060	1.037642	-2.291408	-0.035485	-0.016453	0.014710	0.228734	0.129306	0.964863	0.152044	-0.983721	0.095789	0.961542	0.124791	-0.244671
07251	9.460165	0.928139	-2.351052	-0.049739	-0.018602	0.014935	0.228924	0.129222	0.964829	0.151552	-0.983796	0.095803	0.961575	0.124290	-0.244799
07252	9.448163	0.957827	-2.364805	-0.047853	-0.018714	0.016015	0.229117	0.129124	0.964797	0.151067	-0.983870	0.095801	0.961605	0.123800	-0.244928
07253	9.411416	0.955020	-2.434077	-0.056512	-0.018622	0.013526	0.229311	0.129038	0.964762	0.150434	-0.983963	0.095850	0.961658	0.123153	-0.245046
07254	9.407558	0.925798	-2.502539	-0.035908	-0.019360	0.012744	0.229505	0.128973	0.964724	0.150072	-0.984018	0.095851	0.961668	0.122780	-0.245192
07255	9.395875	0.978586	-2.508592	-0.029513	-0.016009	0.013196	0.229681	0.128889	0.964694	0.149694	-0.984077	0.095839	0.961685	0.122396	-0.245317
07256	9.395292	0.954967	-2.517369	-0.020915	-0.011978	0.009978	0.229799	0.128842	0.964672	0.149482	-0.984110	0.095829	0.961690	0.122180	-0.245407
07257	9.403898	0.941791	-2.557710	-0.011957	-0.012845	0.007461	0.229929	0.128821	0.964644	0.149346	-0.984131	0.095825	0.961680	0.122033	-0.245520
07258	9.471344	0.801803	-2.528371	-0.001158	-0.008132	0.000572	0.229997	0.128861	0.964622	0.149346	-0.984128	0.095858	0.961664	0.122015	-0.245591
07259	9.450413	0.821172	-2.509409	0.025127	0.004285	-0.001164	0.229939	0.128918	0.964628	0.149677	-0.984079	0.095839	0.961626	0.122345	-0.245574
07260	9.416544	0.777885	-2.533073	0.022459	0.006402	-0.004907	0.229858	0.128995	0.964637	0.149916	-0.984040	0.095867	0.961608	0.122579	-0.245528
07261	9.376700	0.932873	-2.455462	0.019503	0.010846	-0.003395	0.229740	0.129053	0.964658	0.150121	-0.984007	0.095889	0.961604	0.122786	-0.245439
07262	9.365280	0.963076	-2.466725	-0.001871	0.015148	-0.005020	0.229575	0.129120	0.964688	0.150127	-0.983997	0.095977	0.961643	0.122792	-0.245286
07263	9.389982	0.972930	-2.417634	-0.001116	0.010023	-0.002861	0.229464	0.129177	0.964707	0.150158	-0.983986	0.096043	0.961665	0.122820	-0.245186
07264	9.403306	1.035841	-2.373330	-0.005578	0.012794	-0.001224	0.229327	0.129210	0.964735	0.150120	-0.983986	0.096103	0.961703	0.122787	-0.245052
07265	9.427641	1.022318	-2.332019	-0.009692	0.009108	0.000861	0.229242	0.129211	0.964755	0.149935	-0.984008	0.096163	0.961752	0.122606	-0.244949
07266	9.428161	1.045722	-2.323482	-0.016089	0.005755	0.000407	0.229175	0.129236	0.964768	0.149791	-0.984023	0.096234	0.961791	0.122459	-0.244872
07267	9.430056	0.959350	-2.294390	-0.025093	0.000388	0.001913	0.229166	0.129251	0.964768	0.149534	-0.984054	0.096315	0.961833	0.122193	-0.244840
07268	9.453773	0.922584	-2.261905	-0.020560	-0.004956	0.006232	0.229212	0.129232	0.964760	0.149334	-0.984082	0.096341	0.961853	0.121989	-0.244862
07269	9.453301	0.899632	-2.270077	-0.019181	-0.008500	-0.001112	0.229275	0.129305	0.964735	0.149245	-0.984087	0.096429	0.961852	0.121873	-0.244925
07270	9.462333	0.910203	-2.302314	-0.009723	-0.007491	0.004544	0.229342	0.129305	0.964719	0.149154	-0.984099	0.096445	0.961850	0.121773	-0.244982
07271	9.455080	0.852118	-2.437366	-0.004553	-0.009695	-0.000386	0.229426	0.129361	0.964691	0.149133	-0.984097	0.096496	0.961833	0.121729	-0.245070
07272	9.441308	0.969072	-2.479225	0.008892	-0.010214	-0.004035	0.229507	0.129450	0.964660	0.149241	-0.984076	0.096548	0.961797	0.121808	-0.245171
07273	9.449887	0.956676	-2.519427	0.007731	-0.006422	-0.007902	0.229537	0.129585	0.964635	0.149422	-0.984040	0.096636	0.961762	0.121956	-0.245236
07274	9.441232	0.993093	-2.472763	0.010766	0.000041	-0.007645	0.229513	0.129696	0.964626	0.149555	-0.984012	0.096719	0.961747	0.122066	-0.245240
07275	9.462381	0.997224	-2.484362	0.008481	0.000376	-0.010183	0.229481	0.129841	0.964614	0.149714	-0.983976	0.096830	0.961730	0.122196	-0.245243
07276	9.441082	0.994442	-2.472796	-0.004963	0.000894	-0.006534	0.229451	0.129941	0.964607	0.149694	-0.983969	0.096941	0.961740	0.122153	-0.245224
07277	9.443312	0.931468	-2.436105	-0.009009	0.006555	-0.002933	0.229379	0.129991	0.964618	0.149578	-0.983977	0.097031	0.961775	0.122029	-0.245148
07278	9.431053	0.915824	-2.463196	-0.003818	0.007468	-0.007358	0.229285	0.130091	0.964627	0.149571	-0.983967	0.097147	0.961799	0.122006	-0.245067
07279	9.401445	0.948755	-2.403855	0.004852	0.008929	-0.004618	0.229190	0.130160	0.964640	0.149611	-0.983954	0.097219	0.961815	0.122040	-0.244985
07280	9.371516	0.958367	-2.352211	0.013428	0.009848	-0.008339	0.229071	0.130266	0.964654	0.149772	-0.983921	0.097302	0.961818	0.122189	-0.244898
07281	9.356806	0.982805	-2.423183	0.018712	0.011303	-0.006303	0.228938	0.130364	0.964672	0.150046	-0.983875	0.097349	0.961808	0.122458	-0.244806
07282	9.357344	1.006103	-2.414604	0.021702	0.011534	-0.007057	0.228804	0.130455	0.964692	0.150283	-0.983833	0.097400	0.961802	0.122692	-0.244711
07283	9.409500	1.046823	-2.460888	0.007113	0.005477	-0.002586	0.228745	0.130500	0.964700	0.150300	-0.983826	0.097449	0.961814	0.122703	-0.244660
07284	9.445424	1.003359	-2.407643	-0.003019	0.008573	-0.004193	0.228645	0.130567	0.964714	0.150292	-0.983819	0.097532	0.961839	0.122689	-0.244568
07285	9.445224	0.980763	-2.414635	-0.010910	0.005103	-0.004271	0.228575	0.130650	0.964720	0.150268	-0.983813	0.097633	0.961859	0.122650	-0.244507
07286	9.414575	0.944459	-2.378451	-0.023638	0.007741	-0.003666	0.228483	0.130713	0.964733	0.150061	-0.983832	0.097761	0.961913	0.122432	-0.244404
07287	9.457169	0.952398	-2.400668	-0.024761	0.004284	-0.002337	0.228425	0.130776	0.964738	0.149883	-0.983847	0.097878	0.961955	0.122240	-0.244336
07288	9.435743	0.926622	-2.395998	-0.028508	0.009175	-0.003741	0.228319	0.130838	0.964755	0.149630	-0.983872	0.098019	0.962019	0.121976	-0.244214
07289	9.423573	0.911448	-2.422695	-0.018436	0.010212	-0.007836	0.228195	0.130950	0.964769	0.149541	-0.983870	0.098172	0.962063	0.121870	-0.244096
07290	9.370167	0.981737	-2.395566	-0.020650	0.007970	-0.004420	0.228100	0.131021	0.964782	0.149365	-0.983884	0.098301	0.962113	0.121682	-0.243993
07291	9.391536	0.986211	-2.406192	-0.014679	0.006877	-0.006180	0.228001	0.131134	0.964790	0.149389	-0.983868	0.098423	0.962132	0.121688	-0.243913
07292	9.358990	1.036774	-2.398526	-0.014679	0.006877	-0.006180	0.227914	0.131223	0.964798	0.149274	-0.983872	0.098554	0.962171	0.121558	-0.243826
07293	9.416628	1.043823	-2.341535	-0.020712	-0.001379	-0.005942	0.227907	0.131325	0.964786	0.149126	-0.983880	0.098697	0.962195	0.121381	-0.243817
07294	9.450456	1.087751	-2.317243	-0.042739	-0.001799	0.001415	0.227915	0.131350	0.964781	0.148724	-0.983928	0.098823	0.962256	0.120963	-0.243787
07295	9.519061	1.018632	-2.263880	-0.063808	-0.010207	-0.000794	0.228007	0.131404	0.964752	0.148095	-0.984003	0.099025	0.962331	0.120297	-0.243819
07296	9.508672	0.940107	-2.256062	-0.061538	-0.012106	0.001489	0.228114	0.131440	0.964722	0.147512	-0.984073	0.099196	0.962395	0.119680	-0.243870
07297	9.465277	0.887864	-2.249397	-0.062663	-0.015570	0.002813	0.228242	0.131484	0.964685	0.147018	-0.984132	0.099350	0.962440	0.119150	-0.243950
07298	9.431665	0.892158	-2.259019	-0.045042	-0.016520	0.002788	0.228393	0.131512	0.964646	0.146590	-0.984184	0.099468	0.962470	0.118690	-0.244059
07299	9.404711	0.947352	-2.344154	-0.038667	-0.016280	0.002739	0.228533	0.131555	0.964607	0.146310	-0.984215	0.099566	0.962479	0.118378	-0.244173
07300	9.414111	1.004987	-2.361438	-0.032010	-0.019910	-0.002828	0.228709	0.131643	0.964553	0.146021	-0.984244	0.099707	0.962481	0.118041	-0.244328
07301	9.383523	1.014539	-2.312245	-0.029654	-0.022837	0.005659	0.228928	0.131650	0.964500	0.145724	-0.984282	0.099762	0.962474	0.117713	-0.244514
07302	9.368705	1.085548	-2.370290	-0.031577	-0.027402	0.003808	0.229185	0.131681	0.964435	0.145424	-0.984319	0.099838	0.962458	0.117371	-0.244741
07303	9.389963	1.135721	-2.368403	-0.040168	-0.029900	0.007270	0.229473	0.131686	0.964365	0.145054	-0.984367	0.099902	0.962446	0.116960	-0.244988
07304	9.403890	1.088646	-2.307153	-0.071708	-0.037587	0.007958	0.229835	0.131688	0.964279	0.144358	-0.984456	0.100036	0.962464	0.116209	-0.245273
07305	9.533897	0.914434	-2.331034	-0.074012	-0.038813	0.005163	0.230196	0.131736	0.964186	0.143742	-0.984530	0.100198	0.962470	0.115529	-0.245571
07306	9.522593	0.812453	-2.333959	-0.058246	-0.034978	0.004815	0.230528	0.131766	0.964103	0.143183	-0.984598	0.100330	0.962474	0.114914	-0.245844
07307	9.476477	0.823612	-2.365201	-0.030512	-0.030186	0.001442	0.230806	0.131828	0.964028	0.142926	-0.984625	0.100425	0.962445	0.114606	-0.246099
07308	9.440846	0.937551	-2.396395	-0.017778	-0.032812	0.000811	0.231112	0.131894	0.963946	0.142766	-0.984641	0.100496	0.962396	0.114392	-0.246392
07309	9.454983	0.954098	-2.521629	-0.007365	-0.026265	-0.007263	0.231334	0.132047	0.963872	0.142811	-0.984623	0.100615	0.962336	0.114376	-0.246634
07310	9.382609	1.002375	-2.434176	0.003195	-0.026473	-0.003710	0.231572	0.132150	0.963800	0.142863	-0.984609	0.100678	0.962271	0.114377	-0.246887
07311	9.361100	1.022371	-2.417032	0.001629	-0.022436	-0.009016	0.231766	0.132302	0.963733	0.142904	-0.984590	0.100798	0.962218	0.114359	-0.247101
07312	9.384642	1.008934	-2.379425	0.013254	-0.026967	-0.008078	0.232003	0.132448	0.963656	0.143063	-0.984559	0.100879	0.962137	0.114459	-0.247369
07313	9.396001	1.002304	-2.362263	0.021105	-0.029718	-0.009036	0.232268	0.132602	0.963570	0.143264	-0.984522	0.100952	0.962043	0.114597	-0.247671
07314	9.419805	1.011438	-2.317521	0.033149	-0.031364	-0.006126	0.232550	0.132735	0.963484	0.143610	-0.984471	0.100964	0.961923	0.114887	-0.248001
07315	9.452928	1.054210	-2.296980	0.034188	-0.038809	-0.009257	0.232897	0.132916	0.963376	0.144015	-0.984407	0.101002	0.961779	0.115218	-0.248407
07316	9.460689	1.041786	-2.340221	0.014784	-0.035686	-0.003542	0.233223	0.133029	0.963281	0.144178	-0.984380	0.101035	0.961675	0.115320	-0.248760
07317	9.443071	0.973672	-2.447180	0.015233	-0.043189	0.003084	0.233630	0.133099	0.963173	0.144393	-0.984352	0.101001	0.961545	0.115478	-0.249193
07318	9.384525	0.990658	-2.499160	0.008835	-0.031492	-0.001246	0.233919	0.133184	0.963091	0.144493	-0.984335	0.101026	0.961459	0.115528	-0.249499
07319	9.368050	0.991839	-2.581676	0.019000	-0.031467	0.000837	0.234213	0.133249	0.963010	0.144685	-0.984309	0.101007	0.961359	0.115676	-0.249817
07320	9.377001	1.048066	-2.600548	0.032475	-0.027282	-0.002077	0.234460	0.133337	0.962938	0.145015	-0.984263	0.100981	0.961249	0.115964	-0.250107
07321	9.359073	1.072405	-2.524365	0.028014	-0.024523	-0.000417	0.234700	0.133392	0.962872	0.145196	-0.984238	0.100961	0.961163	0.116110	-0.250368
07322	9.379619	1.075414	-2.538517	0.032109	-0.022381	-0.002760	0.234899	0.133482	0.962811	0.145524	-0.984192	0.100942	0.961065	0.116401	-0.250611
07323	9.349660	1.106804	-2.481941	0.025047	-0.021646	0.000861	0.235094	0.133543	0.962755	0.145816	-0.984152	0.100904	0.960973	0.116663	-0.250841
07324	9.373073	1.068954	-2.452435	0.015336	-0.029170	0.005417	0.235370	0.133560	0.962685	0.145963	-0.984136	0.100849	0.960883	0.116779	-0.251131
07325	9.450206	0.985231	-2.442042	0.000710	-0.026434	0.005003	0.235617	0.133579	0.962622	0.145978	-0.984136	0.100834	0.960820	0.116763	-0.251379
07326	9.491138	0.945871	-2.483520	0.002898	-0.025741	0.001327	0.235855	0.133632	0.962556	0.146015	-0.984129	0.100849	0.960756	0.116762	-0.251624
07327	9.462509	0.953861	-2.585228	0.005217	-0.022962	0.004369	0.236074	0.133654	0.962500	0.146065	-0.984123	0.100831	0.960695	0.116784	-0.251848
07328	9.420097	0.969265	-2.556118	0.006335	-0.019498	0.003045	0.236254	0.133683	0.962451	0.146132	-0.984114	0.100821	0.960640	0.116825	-0.252036
07329	9.398911	0.988379	-2.538349	0.005959	-0.016151	0.002104	0.236407	0.133713	0.962410	0.146157	-0.984110	0.100826	0.960599	0.116827	-0.252194
07330	9.389982	1.000577	-2.500465	0.011936	-0.015679	0.000572	0.236547	0.133762	0.962369	0.146283	-0.984091	0.100825	0.960545	0.116928	-0.252351
07331	9.339600	1.051584	-2.423546	0.020621	-0.014214	0.003280	0.236687	0.133768	0.962333	0.146394	-0.984079	0.100785	0.960494	0.117025	-0.252502
07332	9.382717	1.127272	-2.425019	0.031480	-0.013617	0.002053	0.236810	0.133800	0.962299	0.146704	-0.984039	0.100721	0.960416	0.117322	-0.252659
07333	9.415302	1.099810	-2.426484	0.021370	-0.020910	0.005165	0.237008	0.133812	0.962248	0.146914	-0.984015	0.100653	0.960335	0.117512	-0.252878
07334	9.480368	1.023006	-2.435537	0.013790	-0.020471	0.000877	0.237194	0.133864	0.962195	0.147057	-0.983994	0.100645	0.960267	0.117625	-0.253083
07335	9.462458	1.024444	-2.366684	0.011979	-0.024510	0.005498	0.237425	0.133884	0.962135	0.147212	-0.983976	0.100596	0.960187	0.117754	-0.253329
07336	9.452607	0.990142	-2.345373	-0.008270	-0.028705	0.007065	0.237699	0.133885	0.962068	0.147129	-0.983990	0.100584	0.960131	0.117639	-0.253592
07337	9.454532	0.925872	-2.312171	-0.018353	-0.032878	0.010697	0.238027	0.133842	0.961992	0.146866	-0.984031	0.100569	0.960090	0.117346	-0.253882
07338	9.404906	0.952950	-2.394841	-0.005587	-0.030835	0.010789	0.238327	0.133809	0.961923	0.146800	-0.984046	0.100515	0.960026	0.117254	-0.254168
07339	9.440113	1.017232	-2.516610	-0.009279	-0.033206	0.014596	0.238666	0.133731	0.961850	0.146623	-0.984080	0.100440	0.959969	0.117057	-0.254474
07340	9.427531	1.046421	-2.531869	-0.013501	-0.035877	0.010487	0.239014	0.133706	0.961767	0.146481	-0.984104	0.100409	0.959904	0.116881	-0.254800
07341	9.414539	1.052553	-2.554848	-0.009669	-0.031421	0.013397	0.239331	0.133637	0.961697	0.146303	-0.984137	0.100346	0.959852	0.116683	-0.255086
07342	9.393200	1.071075	-2.538153	-0.000708	-0.030718	0.011085	0.239631	0.133600	0.961628	0.146282	-0.984147	0.100276	0.959780	0.116640	-0.255376
07343	9.392985	1.092952	-2.533258	0.006474	-0.030935	0.013908	0.239928	0.133559	0.961560	0.146442	-0.984136	0.100154	0.959682	0.116782	-0.255680
07344	9.361996	1.054313	-2.500609	0.004576	-0.030826	0.012838	0.240231	0.133505	0.961491	0.146468	-0.984142	0.100054	0.959602	0.116791	-0.255975
07345	9.360930	1.029654	-2.511398	0.004291	-0.031631	0.017589	0.240559	0.133391	0.961425	0.146394	-0.984167	0.099917	0.959531	0.116711	-0.256278
07346	9.341784	0.960734	-2.466723	0.000482	-0.032969	0.015195	0.240886	0.133316	0.961354	0.146375	-0.984182	0.099805	0.959452	0.116676	-0.256590
07347	9.385907	0.902514	-2.457363	0.002796	-0.031752	0.017974	0.241215	0.133200	0.961287	0.146288	-0.984208	0.099668	0.959383	0.116584	-0.256891
07348	9.402420	0.898816	-2.531399	0.019938	-0.026772	0.010938	0.241476	0.133159	0.961227	0.146466	-0.984194	0.099546	0.959290	0.116749	-0.257163
07349	9.423825	0.946890	-2.530462	0.031571	-0.029764	0.012080	0.241767	0.133119	0.961160	0.146784	-0.984163	0.099384	0.959168	0.117055	-0.257478
07350	9.387733	1.035266	-2.569634	0.035691	-0.024507	0.010232	0.242005	0.133084	0.961105	0.147114	-0.984130	0.099229	0.959057	0.117378	-0.257743
07351	9.417105	1.047546	-2.615552	0.025970	-0.020069	0.010415	0.242209	0.133032	0.961061	0.147293	-0.984116	0.099102	0.958979	0.117554	-0.257956
07352	9.428547	1.015789	-2.605522	0.021505	-0.018858	0.011833	0.242395	0.132974	0.961022	0.147483	-0.984101	0.098968	0.958902	0.117745	-0.258153
07353	9.440790	0.983036	-2.745458	0.023093	-0.009379	0.012978	0.242500	0.132886	0.961007	0.147635	-0.984092	0.098824	0.958852	0.117914	-0.258261
07354	9.386805	1.003992	-2.734733	0.031446	-0.001454	0.015225	0.242525	0.132775	0.961016	0.147913	-0.984070	0.098632	0.958803	0.118226	-0.258301
07355	9.325939	0.904142	-2.670946	0.049877	0.010627	0.013812	0.242440	0.132650	0.961055	0.148292	-0.984035	0.098413	0.958766	0.118657	-0.258240
07356	9.324719	0.856073	-2.535414	0.088424	0.014380	0.008736	0.242304	0.132583	0.961099	0.149131	-0.983936	0.098136	0.958670	0.119551	-0.258183
07357	9.312177	0.861029	-2.404233	0.125067	0.018227	0.002592	0.242132	0.132547	0.961147	0.150196	-0.983804	0.097834	0.958548	0.120671	-0.258118
07358	9.347900	0.947018	-2.365092	0.132840	0.010745	0.000840	0.242019	0.132562	0.961173	0.151480	-0.983638	0.097518	0.958374	0.121997	-0.258139
07359	9.391749	1.020204	-2.366207	0.127211	0.005357	0.003087	0.241973	0.132542	0.961188	0.152592	-0.983497	0.097205	0.958209	0.123149	-0.258204
07360	9.455995	1.073974	-2.387591	0.088162	-0.007522	0.005202	0.242041	0.132537	0.961171	0.153437	-0.983390	0.096962	0.958057	0.124011	-0.258357
07361	9.489204	1.068230	-2.381229	0.042128	-0.014928	0.011721	0.242183	0.132485	0.961143	0.153871	-0.983341	0.096774	0.957951	0.124455	-0.258534
07362	9.476063	1.050016	-2.410939	0.008004	-0.024545	0.014642	0.242429	0.132408	0.961091	0.153925	-0.983344	0.096647	0.957881	0.124506	-0.258772
07363	9.431394	0.948853	-2.420340	-0.015923	-0.031032	0.020104	0.242749	0.132282	0.961028	0.153710	-0.983389	0.096534	0.957834	0.124286	-0.259050
07364	9.423149	0.958641	-2.534207	-0.023526	-0.032150	0.015587	0.243069	0.132205	0.960958	0.153460	-0.983434	0.096480	0.957793	0.124017	-0.259330
07365	9.405009	0.911875	-2.631678	-0.024912	-0.034836	0.021934	0.243446	0.132037	0.960885	0.152995	-0.983515	0.096385	0.957772	0.123546	-0.259634
07366	9.355571	0.961278	-2.706466	-0.023478	-0.027469	0.016338	0.243723	0.131947	0.960827	0.152743	-0.983561	0.096324	0.957742	0.123283	-0.259870
07367	9.309238	0.970525	-2.736898	-0.019703	-0.029258	0.018218	0.244024	0.131831	0.960767	0.152463	-0.983612	0.096241	0.957709	0.122996	-0.260124
07368	9.345685	0.948886	-2.679451	-0.004047	-0.022889	0.011779	0.244250	0.131779	0.960717	0.152409	-0.983627	0.096174	0.957661	0.122931	-0.260335
07369	9.378715	0.944290	-2.673101	0.014370	-0.012397	0.010065	0.244368	0.131732	0.960693	0.152531	-0.983618	0.096076	0.957611	0.123058	-0.260458
07370	9.472214	1.015060	-2.587710	0.023375	-0.007039	0.008480	0.244437	0.131693	0.960681	0.152747	-0.983595	0.095969	0.957559	0.123283	-0.260542
07371	9.502833	0.894414	-2.618479	0.012174	-0.002689	0.009049	0.244457	0.131656	0.960681	0.152914	-0.983577	0.095883	0.957527	0.123463	-0.260574
07372	9.409841	0.844023	-2.697260	0.032489	0.007686	0.008396	0.244384	0.131600	0.960707	0.153218	-0.983542	0.095753	0.957497	0.123797	-0.260526
07373	9.365546	0.899138	-2.709288	0.022780	0.012150	0.008574	0.244281	0.131517	0.960745	0.153306	-0.983538	0.095657	0.957509	0.123921	-0.260422
07374	9.333107	0.924336	-2.708802	0.031732	0.012818	0.006237	0.244156	0.131476	0.960782	0.153608	-0.983501	0.095549	0.957493	0.124255	-0.260323
07375	9.301800	0.995821	-2.693076	0.035137	0.014376	0.007162	0.244027	0.131408	0.960824	0.153846	-0.983476	0.095432	0.957488	0.124531	-0.260211
07376	9.346131	1.070671	-2.692695	0.028432	0.020625	0.006808	0.243828	0.131351	0.960882	0.154115	-0.983444	0.095328	0.957495	0.124842	-0.260034
07377	9.316946	1.055933	-2.647314	-0.001131	0.019186	0.009839	0.243646	0.131270	0.960940	0.154101	-0.983451	0.095273	0.957544	0.124869	-0.259842
07378	9.373944	0.968517	-2.620218	-0.025795	0.019419	0.013404	0.243468	0.131150	0.961001	0.153834	-0.983495	0.095246	0.957632	0.124645	-0.259625
07379	9.401114	0.867846	-2.549230	-0.041912	0.020541	0.013178	0.243279	0.131033	0.961065	0.153417	-0.983559	0.095265	0.957747	0.124268	-0.259382
07380	9.404641	0.827316	-2.503220	-0.038212	0.012503	0.014061	0.243169	0.130916	0.961109	0.153029	-0.983619	0.095264	0.957837	0.123913	-0.259219
07381	9.401052	0.820889	-2.560778	-0.031082	0.019528	0.011663	0.242979	0.130827	0.961169	0.152790	-0.983656	0.095264	0.957923	0.123710	-0.258997
07382	9.415118	0.859911	-2.523370	-0.012330	0.023533	0.010412	0.242758	0.130732	0.961238	0.152660	-0.983680	0.095231	0.958000	0.123624	-0.258753
07383	9.359478	0.945877	-2.546312	-0.007083	0.020292	0.011656	0.242567	0.130630	0.961300	0.152576	-0.983698	0.095173	0.958062	0.123586	-0.258543
07384	9.326754	0.948639	-2.552289	0.000698	0.024756	0.005463	0.242326	0.130582	0.961367	0.152583	-0.983699	0.095154	0.958121	0.123630	-0.258300
07385	9.339168	0.917832	-2.537733	0.021311	0.025522	0.004784	0.242097	0.130508	0.961435	0.152601	-0.983701	0.095104	0.958176	0.123691	-0.258067
07386	9.371427	0.999952	-2.556353	0.030650	0.024399	0.003662	0.241857	0.130478	0.961499	0.152899	-0.983663	0.095025	0.958189	0.124029	-0.257856
07387	9.401403	0.989627	-2.605586	0.022646	0.023518	-0.002314	0.241634	0.130487	0.961554	0.153005	-0.983645	0.095035	0.958229	0.124159	-0.257647
07388	9.417209	0.941899	-2.539392	0.013441	0.025190	0.005264	0.241389	0.130440	0.961622	0.153134	-0.983630	0.094985	0.958270	0.124329	-0.257412
07389	9.449604	0.868302	-2.551696	-0.000092	0.026764	0.002790	0.241141	0.130395	0.961690	0.153010	-0.983647	0.095005	0.958352	0.124239	-0.257149
07390	9.454821	0.897284	-2.482273	-0.007172	0.024425	0.005932	0.240904	0.130342	0.961757	0.152940	-0.983659	0.095002	0.958423	0.124205	-0.256902
07391	9.420437	0.831191	-2.510866	-0.015154	0.025105	0.000201	0.240656	0.130340	0.961819	0.152769	-0.983678	0.095078	0.958512	0.124055	-0.256640
07392	9.380487	0.894306	-2.462014	-0.013278	0.023429	0.001020	0.240421	0.130338	0.961878	0.152652	-0.983690	0.095138	0.958590	0.123960	-0.256396
07393	9.423820	0.924704	-2.475671	-0.018980	0.022210	-0.002437	0.240186	0.130382	0.961931	0.152551	-0.983696	0.095242	0.958665	0.123867	-0.256160
07394	9.466075	0.908875	-2.504462	-0.012572	0.025548	-0.002027	0.239926	0.130407	0.961992	0.152448	-0.983703	0.095329	0.958747	0.123782	-0.255896
07395	9.422710	0.989164	-2.507384	-0.013299	0.021865	0.000770	0.239705	0.130414	0.962046	0.152355	-0.983712	0.095390	0.958817	0.123707	-0.255670
07396	9.398293	0.980028	-2.552640	-0.007692	0.025654	-0.001729	0.239445	0.130436	0.962108	0.152298	-0.983714	0.095462	0.958891	0.123669	-0.255411
07397	9.378413	1.000154	-2.530525	-0.013612	0.029891	0.000565	0.239152	0.130428	0.962182	0.152158	-0.983729	0.095529	0.958986	0.123558	-0.255106
07398	9.415260	0.956519	-2.475447	-0.006874	0.026762	0.001434	0.238885	0.130417	0.962250	0.152101	-0.983734	0.095568	0.959062	0.123529	-0.254836
07399	9.386414	0.966240	-2.421719	0.002777	0.027988	-0.004175	0.238598	0.130456	0.962316	0.152127	-0.983723	0.095640	0.959129	0.123575	-0.254561
07400	9.355255	1.039280	-2.404799	0.004708	0.020618	0.002102	0.238392	0.130447	0.962368	0.152180	-0.983714	0.095643	0.959172	0.123653	-0.254361
07401	9.412967	0.998780	-2.362318	-0.015924	0.018292	0.002488	0.238209	0.130440	0.962415	0.152046	-0.983730	0.095695	0.959238	0.123535	-0.254166
07402	9.456760	0.895735	-2.363089	-0.012207	0.011821	0.003628	0.238090	0.130426	0.962446	0.151933	-0.983744	0.095727	0.959286	0.123435	-0.254035
07403	9.423727	0.899250	-2.370116	-0.009621	0.012268	0.001402	0.237973	0.130418	0.962476	0.151753	-0.983767	0.095782	0.959343	0.123265	-0.253901
07404	9.411239	0.883086	-2.396743	-0.008180	0.007698	0.000265	0.237888	0.130442	0.962494	0.151686	-0.983772	0.095836	0.959375	0.123199	-0.253814
07405	9.438260	0.914142	-2.491110	-0.013060	0.007590	-0.000037	0.237815	0.130465	0.962509	0.151529	-0.983789	0.095909	0.959418	0.123039	-0.253729
07406	9.392897	0.924793	-2.518629	-0.011185	0.005915	0.000783	0.237748	0.130486	0.962522	0.151432	-0.983798	0.095966	0.959450	0.122941	-0.253656
07407	9.380954	0.931972	-2.537584	-0.005923	0.014611	-0.002411	0.237604	0.130521	0.962553	0.151340	-0.983805	0.096045	0.959500	0.122852	-0.253509
07408	9.381275	0.932429	-2.536229	0.002621	0.013944	-0.006424	0.237449	0.130603	0.962580	0.151393	-0.983788	0.096135	0.959530	0.122901	-0.253372
07409	9.365218	0.981801	-2.448639	0.010871	0.012487	-0.005685	0.237302	0.130691	0.962605	0.151580	-0.983753	0.096195	0.959537	0.123084	-0.253256
07410	9.377600	0.975074	-2.427829	0.020580	0.008022	-0.005830	0.237204	0.130775	0.962617	0.151804	-0.983715	0.096234	0.959526	0.123302	-0.253193
07411	9.447588	0.951099	-2.359099	0.017158	0.004905	-0.007020	0.237130	0.130886	0.962620	0.152058	-0.983670	0.096290	0.959504	0.123541	-0.253160
07412	9.504787	0.910898	-2.318297	0.017523	0.001558	-0.006065	0.237094	0.130980	0.962617	0.152254	-0.983635	0.096340	0.959482	0.123720	-0.253156
07413	9.485108	0.905960	-2.456975	0.019728	0.003791	-0.009495	0.237028	0.131112	0.962615	0.152512	-0.983587	0.096415	0.959457	0.123957	-0.253134
07414	9.430092	0.883367	-2.461063	0.011844	0.001900	-0.009281	0.236984	0.131238	0.962609	0.152660	-0.983555	0.096510	0.959444	0.124081	-0.253122
07415	9.444273	0.898219	-2.583768	0.008179	0.002676	-0.004967	0.236944	0.131311	0.962608	0.152704	-0.983542	0.096578	0.959447	0.124110	-0.253096
07416	9.349123	0.961578	-2.533495	0.006649	0.009817	-0.009791	0.236824	0.131431	0.962622	0.152803	-0.983515	0.096691	0.959461	0.124193	-0.253003
07417	9.395762	0.998262	-2.489309	0.008890	0.004797	-0.008013	0.236746	0.131553	0.962624	0.152986	-0.983478	0.096778	0.959451	0.124356	-0.252961
07418	9.366256	1.008159	-2.437709	0.027661	0.010361	-0.008957	0.236622	0.131665	0.962639	0.153285	-0.983426	0.096829	0.959434	0.124647	-0.252882
07419	9.412440	1.021139	-2.401093	0.035526	0.010691	-0.009421	0.236487	0.131790	0.962655	0.153710	-0.983357	0.096863	0.959399	0.125063	-0.252809
07420	9.400858	1.051028	-2.413185	0.032177	0.003443	-0.004899	0.236435	0.131870	0.962657	0.154043	-0.983305	0.096864	0.959359	0.125389	-0.252801
07421	9.421080	1.007758	-2.439946	0.021356	0.006010	-0.003169	0.236362	0.131935	0.962666	0.154288	-0.983265	0.096876	0.959338	0.125630	-0.252762
07422	9.438611	1.004634	-2.510837	0.016148	0.001997	0.000780	0.236332	0.131961	0.962670	0.154453	-0.983240	0.096863	0.959318	0.125796	-0.252753
07423	9.413802	0.994754	-2.558439	0.013856	0.002334	-0.001749	0.236308	0.132008	0.962669	0.154567	-0.983220	0.096885	0.959306	0.125903	-0.252747
07424	9.401710	1.001365	-2.578232	0.007915	0.005011	0.000284	0.236248	0.132036	0.962680	0.154655	-0.983205	0.096897	0.959306	0.125992	-0.252701
07425	9.381188	1.020957	-2.558531	0.004928	0.004790	0.001052	0.236196	0.132053	0.962691	0.154689	-0.983198	0.096913	0.959314	0.126027	-0.252654
07426	9.371343	0.964219	-2.541552	-0.004431	0.004349	0.001898	0.236145	0.132065	0.962702	0.154654	-0.983201	0.096941	0.959332	0.125994	-0.252603
07427	9.417500	0.977077	-2.505072	-0.008895	0.005577	0.003298	0.236097	0.132051	0.962715	0.154498	-0.983222	0.096975	0.959369	0.125843	-0.252538
07428	9.418197	1.000177	-2.496773	-0.019332	0.006362	0.006233	0.236034	0.132018	0.962735	0.154311	-0.983249	0.096999	0.959415	0.125665	-0.252452
07429	9.405259	0.960656	-2.531104	-0.032062	0.007483	0.006637	0.235947	0.131994	0.962760	0.154082	-0.983281	0.097046	0.959473	0.125446	-0.252340
07430	9.376354	0.993562	-2.471519	-0.033174	0.005586	0.008228	0.235894	0.131943	0.962780	0.153757	-0.983328	0.097086	0.959538	0.125132	-0.252248
07431	9.384102	0.934456	-2.525002	-0.029841	0.011270	0.003457	0.235783	0.131925	0.962809	0.153432	-0.983370	0.097168	0.959617	0.124815	-0.252104
07432	9.409738	0.967491	-2.468455	-0.020498	0.010151	0.002363	0.235678	0.131926	0.962835	0.153242	-0.983393	0.097232	0.959673	0.124632	-0.251981
07433	9.435353	1.000288	-2.412015	-0.016714	0.009923	0.004509	0.235589	0.131896	0.962861	0.153016	-0.983425	0.097273	0.959731	0.124417	-0.251866
