// General information: 
//  MT Manager version: 2022.2.0 
//  XDA version: 2022.2.0 build 7381 rev 124627 built on 2023-07-19
// Device information: 
//  DeviceId: 00B4CAF0
//  ProductCode: MTW2-3A7G6
//  Firmware Version: 4.6.0
//  Hardware Version: 2.0.0
// Device settings: 
//  Filter Profile: human(46.1)
//  Option Flags: Orientation Smoother Disabled, Position/Velocity Smoother Disabled, Continuous Zero Rotation Update Disabled, AHS Disabled, ICC Disabled
// Coordinate system: ENU
PacketCounter	Acc_X	Acc_Y	Acc_Z	Gyr_X	Gyr_Y	Gyr_Z	Mat[1][1]	Mat[2][1]	Mat[3][1]	Mat[1][2]	Mat[2][2]	Mat[3][2]	Mat[1][3]	Mat[2][3]	Mat[3][3]
38462	5.854523	0.225773	8.333348	0.023212	0.050875	-0.001119	-0.166450	0.802020	0.573637	-0.975822	-0.217553	0.021017	0.141652	-0.556269	0.818840
38463	5.868570	0.275591	8.305399	0.017066	0.042514	0.000599	-0.166440	0.802237	0.573335	-0.975817	-0.217562	0.021143	0.141698	-0.555952	0.819048
38464	5.820561	0.275883	8.337997	0.010187	0.025682	0.000638	-0.166472	0.802380	0.573126	-0.975808	-0.217600	0.021204	0.141726	-0.555730	0.819193
38465	5.896652	0.283184	8.317969	0.001937	0.016172	0.005947	-0.166512	0.802421	0.573057	-0.975807	-0.217606	0.021163	0.141682	-0.555669	0.819242
38466	5.864397	0.239558	8.329416	-0.002633	0.003617	0.004728	-0.166553	0.802432	0.573029	-0.975809	-0.217604	0.021096	0.141622	-0.555653	0.819264
38467	5.929478	0.213843	8.309026	0.001410	0.007793	0.008248	-0.166594	0.802449	0.572994	-0.975812	-0.217598	0.021024	0.141553	-0.555632	0.819290
38468	5.916563	0.218696	8.349321	-0.002927	0.001424	0.007741	-0.166661	0.802442	0.572985	-0.975809	-0.217619	0.020938	0.141494	-0.555634	0.819299
38469	5.954784	0.202475	8.289325	-0.002892	0.007522	0.004478	-0.166674	0.802438	0.572987	-0.975818	-0.217587	0.020868	0.141419	-0.555652	0.819299
38470	5.915414	0.179773	8.310819	-0.004239	0.017898	0.008122	-0.166768	0.802521	0.572842	-0.975816	-0.217604	0.020768	0.141319	-0.555525	0.819403
38471	5.869020	0.216054	8.381633	-0.000334	0.004850	0.005108	-0.166775	0.802524	0.572837	-0.975826	-0.217567	0.020702	0.141244	-0.555536	0.819408
38472	5.834959	0.246793	8.352138	0.002499	0.001321	0.004356	-0.166809	0.802523	0.572827	-0.975821	-0.217591	0.020679	0.141237	-0.555528	0.819415
38473	5.869273	0.178368	8.342105	0.005867	-0.006967	0.002473	-0.166751	0.802474	0.572913	-0.975831	-0.217546	0.020691	0.141239	-0.555616	0.819355
38474	5.974767	0.176002	8.359954	0.004123	-0.009911	-0.000669	-0.166720	0.802422	0.572995	-0.975832	-0.217539	0.020711	0.141267	-0.555694	0.819297
38475	5.959300	0.255377	8.299389	0.006600	0.001503	0.004150	-0.166727	0.802420	0.572996	-0.975834	-0.217532	0.020688	0.141246	-0.555699	0.819297
38476	5.941232	0.207449	8.330069	0.002776	0.000466	0.002974	-0.166746	0.802418	0.572993	-0.975831	-0.217546	0.020676	0.141243	-0.555697	0.819299
38477	5.959112	0.255638	8.299516	0.004798	0.002554	0.004735	-0.166681	0.802407	0.573027	-0.975840	-0.217504	0.020718	0.141260	-0.555730	0.819274
38478	5.947618	0.186226	8.320534	0.000439	0.006278	0.004690	-0.166725	0.802433	0.572978	-0.975837	-0.217518	0.020676	0.141225	-0.555686	0.819310
38479	5.914394	0.179821	8.311543	-0.000315	0.007900	0.003476	-0.166667	0.802469	0.572945	-0.975857	-0.217430	0.020661	0.141155	-0.555669	0.819333
38480	5.886358	0.264538	8.351461	-0.001087	0.006473	0.003893	-0.166703	0.802498	0.572893	-0.975858	-0.217430	0.020611	0.141104	-0.555627	0.819371
38481	5.834298	0.246963	8.352594	-0.002374	-0.000286	0.004979	-0.166706	0.802480	0.572918	-0.975873	-0.217375	0.020517	0.141002	-0.555675	0.819356
38482	5.815708	0.273239	8.401917	-0.000035	-0.019239	0.004433	-0.166712	0.802365	0.573077	-0.975871	-0.217385	0.020473	0.141005	-0.555837	0.819246
38483	5.921312	0.269523	8.359275	-0.003105	-0.021896	0.004472	-0.166697	0.802217	0.573289	-0.975883	-0.217343	0.020373	0.140944	-0.556067	0.819100
38484	5.937093	0.226390	8.338068	-0.001889	-0.027331	0.009915	-0.166744	0.802045	0.573516	-0.975875	-0.217386	0.020282	0.140942	-0.556298	0.818943
38485	5.991027	0.205255	8.296215	-0.003361	-0.017989	0.004224	-0.166609	0.801956	0.573679	-0.975906	-0.217249	0.020272	0.140889	-0.556479	0.818829
38486	5.952953	0.219784	8.295698	-0.005641	-0.016172	0.002214	-0.166597	0.801863	0.573812	-0.975916	-0.217210	0.020195	0.140831	-0.556628	0.818738
38487	5.382609	0.180882	8.404055	0.003316	-0.017432	0.003014	-0.166534	0.801750	0.573989	-0.975928	-0.217158	0.020178	0.140824	-0.556811	0.818615
38488	5.555262	0.138823	8.547315	0.014364	-0.124619	-0.005093	-0.166297	0.801069	0.575008	-0.975922	-0.217171	0.020306	0.141142	-0.557786	0.817896
38489	6.023792	0.403555	8.230757	0.011529	-0.114019	-0.002219	-0.166001	0.800437	0.575973	-0.975934	-0.217106	0.020443	0.141410	-0.558718	0.817213
38490	5.839081	0.242268	8.438224	0.010068	-0.123876	-0.003439	-0.165780	0.799753	0.576985	-0.975932	-0.217109	0.020527	0.141685	-0.559695	0.816497
38491	6.126624	0.264288	8.275419	0.012672	-0.126510	-0.002780	-0.165486	0.799061	0.578028	-0.975943	-0.217047	0.020636	0.141949	-0.560707	0.815756
38492	6.137493	0.190488	8.249040	0.008266	-0.105647	-0.000257	-0.165322	0.798470	0.578890	-0.975938	-0.217065	0.020687	0.142175	-0.561541	0.815143
38493	6.248665	0.225469	8.240703	0.007684	-0.077678	0.000141	-0.165223	0.797985	0.579587	-0.975931	-0.217094	0.020690	0.142335	-0.562219	0.814647
38494	6.343660	0.227739	8.174887	0.012448	-0.045840	0.000837	-0.165154	0.797727	0.579962	-0.975919	-0.217144	0.020769	0.142503	-0.562566	0.814379
38495	6.101925	0.176263	8.299110	0.011524	-0.006967	0.003033	-0.165065	0.797653	0.580090	-0.975916	-0.217144	0.020886	0.142623	-0.562671	0.814285
38496	6.158120	0.247082	8.247014	0.010990	0.000828	0.002518	-0.165079	0.797653	0.580085	-0.975902	-0.217200	0.020943	0.142700	-0.562649	0.814287
38497	6.094409	0.161459	8.269978	0.013482	0.021351	0.002388	-0.165057	0.797768	0.579934	-0.975902	-0.217195	0.021022	0.142729	-0.562489	0.814392
38498	6.096186	0.215028	8.221214	0.007275	0.036193	0.003384	-0.165130	0.797965	0.579641	-0.975892	-0.217236	0.021043	0.142711	-0.562192	0.814600
38499	6.049120	0.177645	8.274967	0.010030	0.046739	0.006793	-0.165240	0.798207	0.579277	-0.975884	-0.217277	0.021021	0.142642	-0.561833	0.814860
38500	5.992148	0.235520	8.298338	0.005173	0.048182	0.005803	-0.165353	0.798466	0.578886	-0.975873	-0.217325	0.021011	0.142584	-0.561445	0.815137
38501	5.993708	0.213806	8.231484	0.005725	0.046476	0.003046	-0.165361	0.798707	0.578553	-0.975881	-0.217288	0.021048	0.142524	-0.561118	0.815373
38502	5.978547	0.182385	8.294868	0.004160	0.053711	0.004340	-0.165468	0.799000	0.578117	-0.975874	-0.217319	0.021038	0.142446	-0.560688	0.815683
38503	5.966025	0.203151	8.248191	0.003682	0.054480	0.001750	-0.165528	0.799292	0.577696	-0.975882	-0.217284	0.021010	0.142317	-0.560286	0.815982
38504	5.980610	0.251853	8.280448	0.000844	0.054969	0.004146	-0.165635	0.799593	0.577249	-0.975881	-0.217295	0.020974	0.142204	-0.559852	0.816298
38505	5.963673	0.256951	8.323813	-0.001995	0.055457	0.006541	-0.165706	0.799883	0.576827	-0.975895	-0.217240	0.020899	0.142026	-0.559459	0.816599
38506	6.062612	0.252800	8.285425	-0.003566	0.059653	0.009474	-0.165871	0.800198	0.576343	-0.975890	-0.217268	0.020797	0.141863	-0.558998	0.816943
38507	6.102112	0.252337	8.258810	-0.010502	0.076140	0.009259	-0.165994	0.800626	0.575711	-0.975919	-0.217159	0.020612	0.141524	-0.558426	0.817393
38508	6.089502	0.197294	8.254783	-0.008791	0.096229	0.014949	-0.166264	0.801133	0.574929	-0.975913	-0.217203	0.020436	0.141248	-0.557682	0.817948
38509	5.996255	0.209932	8.292321	-0.015904	0.112645	0.010772	-0.166465	0.801719	0.574052	-0.975935	-0.217120	0.020226	0.140854	-0.556871	0.818569
38510	5.330937	0.109149	8.359991	-0.011511	0.108949	0.010845	-0.166711	0.802303	0.573164	-0.975940	-0.217116	0.020051	0.140530	-0.556031	0.819195
38511	4.809479	0.165428	8.728380	0.015938	-0.021753	-0.002697	-0.166638	0.802165	0.573379	-0.975936	-0.217128	0.020135	0.140648	-0.556226	0.819043
38512	5.639578	0.236446	8.481755	0.029416	-0.127651	-0.006404	-0.166383	0.801470	0.574424	-0.975911	-0.217213	0.020394	0.141117	-0.557194	0.818304
38513	6.154506	0.503269	8.194562	0.029438	-0.104392	-0.007101	-0.166149	0.800875	0.575321	-0.975893	-0.217274	0.020625	0.141521	-0.558024	0.817668
38514	5.861432	0.144208	8.396794	0.020218	-0.105294	-0.004859	-0.165940	0.800299	0.576182	-0.975879	-0.217321	0.020800	0.141863	-0.558832	0.817057
38515	6.121234	0.177051	8.256106	0.022300	-0.097092	-0.006356	-0.165687	0.799748	0.577019	-0.975874	-0.217323	0.020994	0.142190	-0.559619	0.816461
38516	6.275458	0.251443	8.197454	0.024606	-0.066546	-0.009993	-0.165482	0.799399	0.577561	-0.975862	-0.217353	0.021235	0.142510	-0.560106	0.816071
38517	6.112909	0.170790	8.258471	0.018848	-0.032285	-0.005524	-0.165292	0.799220	0.577863	-0.975865	-0.217319	0.021428	0.142706	-0.560375	0.815852
38518	6.127379	0.205080	8.256205	0.023422	-0.019738	-0.004339	-0.165209	0.799120	0.578025	-0.975846	-0.217388	0.021626	0.142937	-0.560490	0.815732
38519	6.144681	0.292165	8.204428	0.019271	0.003286	-0.004886	-0.165049	0.799150	0.578030	-0.975854	-0.217332	0.021827	0.143067	-0.560470	0.815724
38520	6.060548	0.271176	8.256845	0.015088	0.017182	-0.000517	-0.165056	0.799249	0.577891	-0.975840	-0.217384	0.021934	0.143156	-0.560309	0.815819
38521	6.079348	0.245914	8.267847	0.006831	0.020816	0.003629	-0.165076	0.799344	0.577753	-0.975842	-0.217376	0.021930	0.143119	-0.560175	0.815917
38522	6.078229	0.171420	8.250563	0.007039	0.037082	0.004764	-0.165163	0.799543	0.577453	-0.975830	-0.217425	0.021941	0.143096	-0.559872	0.816129
38523	6.043262	0.128556	8.264266	0.006531	0.047929	0.002609	-0.165272	0.799786	0.577085	-0.975827	-0.217445	0.021889	0.142991	-0.559517	0.816391
38524	5.999265	0.144162	8.268116	0.004785	0.061159	-0.003359	-0.165315	0.800137	0.576586	-0.975832	-0.217417	0.021929	0.142906	-0.559027	0.816742
38525	5.961339	0.138786	8.262620	0.011424	0.065723	-0.000849	-0.165246	0.800508	0.576091	-0.975848	-0.217331	0.022080	0.142878	-0.558529	0.817087
38526	5.909510	0.175999	8.276912	0.007829	0.067835	0.000327	-0.165333	0.800887	0.575539	-0.975843	-0.217349	0.022124	0.142812	-0.557978	0.817475
38527	5.197396	0.137559	8.482546	0.020296	0.053346	-0.009802	-0.165186	0.801201	0.575144	-0.975859	-0.217254	0.022370	0.142876	-0.557564	0.817746
38528	5.520414	0.036411	8.507986	0.036515	-0.063183	-0.020143	-0.164886	0.800894	0.575658	-0.975846	-0.217269	0.022766	0.143306	-0.558000	0.817374
38529	5.818361	0.296610	8.396058	0.039177	-0.063751	-0.026491	-0.164490	0.800568	0.576224	-0.975846	-0.217220	0.023224	0.143760	-0.558486	0.816961
38530	5.727271	0.044486	8.456775	0.043619	-0.087623	-0.027289	-0.164085	0.800139	0.576935	-0.975835	-0.217218	0.023720	0.144300	-0.559102	0.816445
38531	6.021046	0.528674	8.279308	0.041305	-0.100931	-0.042754	-0.163459	0.799661	0.577775	-0.975866	-0.217018	0.024278	0.144802	-0.559863	0.815835
38532	6.141743	0.472860	8.301878	0.030594	-0.089553	-0.026191	-0.163061	0.799217	0.578501	-0.975871	-0.216952	0.024660	0.145216	-0.560521	0.815309
38533	6.137502	0.331827	8.239350	0.029487	-0.072982	-0.021883	-0.162733	0.798848	0.579103	-0.975878	-0.216885	0.024953	0.145532	-0.561073	0.814873
38534	6.407030	0.399258	8.158829	0.026568	-0.052332	-0.018646	-0.162462	0.798596	0.579526	-0.975877	-0.216857	0.025259	0.145846	-0.561442	0.814562
38535	6.317650	0.362318	8.119955	0.026795	0.004344	-0.011895	-0.162289	0.798632	0.579526	-0.975875	-0.216832	0.025531	0.146050	-0.561401	0.814554
38536	6.207273	0.352519	8.193255	0.020460	0.027179	-0.003532	-0.162281	0.798793	0.579305	-0.975858	-0.216891	0.025700	0.146175	-0.561149	0.814705
38537	6.205612	0.317057	8.215974	0.014182	0.046017	0.001123	-0.162314	0.799030	0.578969	-0.975850	-0.216914	0.025782	0.146187	-0.560802	0.814942
38538	6.071693	0.255956	8.203129	0.011036	0.063522	0.002017	-0.162413	0.799383	0.578454	-0.975838	-0.216963	0.025842	0.146160	-0.560280	0.815306
38539	5.938083	0.233481	8.289812	0.006947	0.066382	0.000592	-0.162478	0.799755	0.577922	-0.975848	-0.216918	0.025830	0.146019	-0.559767	0.815683
38540	5.951870	0.282905	8.322254	0.008747	0.059263	0.003309	-0.162583	0.800080	0.577441	-0.975837	-0.216965	0.025864	0.145977	-0.559283	0.816023
38541	6.013605	0.145114	8.247274	0.007675	0.068790	0.005537	-0.162681	0.800454	0.576896	-0.975838	-0.216958	0.025854	0.145857	-0.558751	0.816409
38542	6.138442	0.094686	8.210302	0.005157	0.080588	-0.000025	-0.162785	0.800905	0.576239	-0.975838	-0.216958	0.025878	0.145745	-0.558104	0.816871
38543	6.108726	0.233944	8.263951	0.005622	0.106110	0.000144	-0.162852	0.801488	0.575410	-0.975853	-0.216886	0.025914	0.145568	-0.557295	0.817454
38544	6.096732	0.307715	8.229930	-0.004719	0.124808	0.005024	-0.163069	0.802173	0.574393	-0.975859	-0.216871	0.025828	0.145288	-0.556314	0.818172
38545	5.890258	0.345943	8.320127	-0.011908	0.142180	0.006156	-0.163248	0.802947	0.573259	-0.975891	-0.216744	0.025680	0.144870	-0.555246	0.818972
38546	4.903073	0.390638	8.639832	-0.000281	0.131267	0.005592	-0.163479	0.803664	0.572187	-0.975889	-0.216758	0.025627	0.144622	-0.554202	0.819723
38547	5.232077	0.306383	8.817247	0.018733	-0.088990	-0.008252	-0.163209	0.803188	0.572932	-0.975897	-0.216701	0.025791	0.144870	-0.554914	0.819197
38548	6.237680	0.651818	8.156428	0.010133	-0.024872	-0.005540	-0.163105	0.803064	0.573137	-0.975898	-0.216684	0.025887	0.144979	-0.555101	0.819051
38549	5.578544	-0.027734	8.563240	0.018812	-0.070751	0.003596	-0.163001	0.802655	0.573738	-0.975883	-0.216742	0.025970	0.145198	-0.555668	0.818627
38550	5.876638	0.706813	8.323117	0.011954	-0.068369	-0.000814	-0.162879	0.802278	0.574299	-0.975874	-0.216773	0.026054	0.145395	-0.556200	0.818231
38551	5.904784	0.166253	8.416707	0.012239	-0.101569	0.003550	-0.162701	0.801679	0.575186	-0.975866	-0.216800	0.026131	0.145649	-0.557053	0.817605
38552	6.075340	0.322774	8.246531	0.010425	-0.074236	0.001698	-0.162595	0.801263	0.575795	-0.975855	-0.216843	0.026187	0.145840	-0.557635	0.817174
38553	6.016960	0.349745	8.322470	0.007307	-0.072882	0.005465	-0.162451	0.800835	0.576431	-0.975858	-0.216826	0.026218	0.145981	-0.558255	0.816725
38554	6.138855	0.302511	8.197515	0.001866	-0.059639	0.007629	-0.162425	0.800487	0.576922	-0.975850	-0.216868	0.026170	0.146065	-0.558738	0.816380
38555	6.171005	0.217683	8.215674	-0.002615	-0.028705	0.010463	-0.162404	0.800274	0.577223	-0.975852	-0.216866	0.026108	0.146074	-0.559044	0.816169
38556	6.133071	0.231864	8.214998	-0.003936	-0.009204	0.009120	-0.162465	0.800204	0.577302	-0.975850	-0.216888	0.026005	0.146019	-0.559136	0.816116
38557	6.087916	0.230323	8.245850	-0.007064	0.011345	0.008357	-0.162509	0.800242	0.577238	-0.975867	-0.216827	0.025860	0.145855	-0.559105	0.816167
38558	6.014133	0.276099	8.277421	-0.002767	0.024766	0.010896	-0.162637	0.800358	0.577041	-0.975861	-0.216869	0.025756	0.145756	-0.558922	0.816309
38559	6.025633	0.270457	8.298704	-0.005827	0.025145	0.009303	-0.162718	0.800463	0.576872	-0.975871	-0.216839	0.025621	0.145597	-0.558784	0.816432
38560	5.996198	0.316623	8.300040	-0.005880	0.029153	0.013013	-0.162873	0.800599	0.576640	-0.975866	-0.216881	0.025479	0.145461	-0.558573	0.816601
38561	6.052258	0.311115	8.291008	-0.007946	0.034105	0.013327	-0.162974	0.800741	0.576415	-0.975875	-0.216857	0.025335	0.145286	-0.558380	0.816765
38562	6.061472	0.303475	8.253454	-0.016738	0.045543	0.016915	-0.163191	0.800959	0.576049	-0.975878	-0.216869	0.025082	0.145017	-0.558061	0.817030
38563	6.057153	0.300999	8.256716	-0.017292	0.060402	0.018454	-0.163360	0.801248	0.575600	-0.975898	-0.216810	0.024837	0.144697	-0.557670	0.817354
38564	5.707539	0.265078	8.336917	-0.017615	0.078415	0.022333	-0.163677	0.801637	0.574967	-0.975894	-0.216861	0.024546	0.144365	-0.557089	0.817808
38565	4.993365	0.210505	8.690235	0.002195	-0.003883	0.009018	-0.163678	0.801571	0.575059	-0.975894	-0.216863	0.024516	0.144360	-0.557184	0.817745
38566	5.784092	0.144131	8.406871	0.013197	-0.090915	0.002152	-0.163554	0.801061	0.575805	-0.975879	-0.216924	0.024593	0.144606	-0.557894	0.817217
38567	5.866361	0.225659	8.339686	0.013654	-0.071474	0.005611	-0.163402	0.800659	0.576407	-0.975879	-0.216915	0.024660	0.144775	-0.558474	0.816791
38568	5.881829	0.168593	8.345219	0.016930	-0.107073	-0.003102	-0.163202	0.800068	0.577283	-0.975867	-0.216955	0.024797	0.145084	-0.559304	0.816168
38569	5.950096	0.406105	8.354350	0.011276	-0.083835	-0.004484	-0.162985	0.799586	0.578012	-0.975873	-0.216916	0.024897	0.145288	-0.560008	0.815648
38570	6.173345	0.341503	8.275722	0.010522	-0.104442	0.000483	-0.162823	0.799001	0.578866	-0.975864	-0.216949	0.024962	0.145529	-0.560830	0.815040
38571	6.382971	0.282250	8.237642	0.005294	-0.055733	-0.000780	-0.162730	0.798681	0.579334	-0.975871	-0.216919	0.024936	0.145584	-0.561297	0.814709
38572	6.343501	0.333938	8.155882	0.011050	-0.006188	0.000487	-0.162711	0.798646	0.579387	-0.975861	-0.216955	0.025004	0.145671	-0.561333	0.814669
38573	6.150412	0.224572	8.202226	0.012973	0.023112	0.005114	-0.162799	0.798739	0.579234	-0.975843	-0.217036	0.025014	0.145694	-0.561169	0.814778
38574	6.250902	0.183465	8.123415	0.009544	0.054598	0.006135	-0.162924	0.799033	0.578793	-0.975826	-0.217108	0.025037	0.145666	-0.560722	0.815090
38575	6.103595	0.165744	8.190520	0.007975	0.078001	0.004523	-0.163039	0.799448	0.578187	-0.975825	-0.217115	0.025034	0.145547	-0.560128	0.815520
38576	6.100121	0.131722	8.335835	0.014182	0.092456	-0.000510	-0.163154	0.799968	0.577436	-0.975812	-0.217160	0.025134	0.145502	-0.559368	0.816049
38577	6.426786	0.186901	8.215922	0.024757	0.129464	-0.007930	-0.163113	0.800727	0.576394	-0.975827	-0.217063	0.025396	0.145449	-0.558319	0.816777
38578	6.001021	0.330595	8.299781	0.022682	0.177869	-0.007558	-0.163283	0.801736	0.574941	-0.975814	-0.217099	0.025606	0.145348	-0.556854	0.817794
38579	5.919788	0.395056	8.310050	0.018343	0.172533	-0.002627	-0.163462	0.802668	0.573588	-0.975804	-0.217126	0.025755	0.145214	-0.555500	0.818739
38580	6.046583	0.451301	8.237671	0.010424	0.175378	0.000160	-0.163703	0.803642	0.572155	-0.975796	-0.217155	0.025821	0.144997	-0.554079	0.819739
38581	5.979567	0.194800	8.283461	-0.005074	0.174162	0.011545	-0.164011	0.804558	0.570778	-0.975801	-0.217146	0.025692	0.144613	-0.552752	0.820702
38582	5.896602	0.293722	8.333571	-0.013741	0.208960	0.014391	-0.164438	0.805681	0.569068	-0.975804	-0.217156	0.025478	0.144104	-0.551110	0.821895
38583	5.879571	0.329201	8.384497	-0.022728	0.188001	0.019751	-0.164852	0.806639	0.567589	-0.975817	-0.217135	0.025165	0.143542	-0.549715	0.822927
38584	5.752905	0.312955	8.406666	-0.025799	0.196508	0.025648	-0.165369	0.807663	0.565980	-0.975819	-0.217170	0.024788	0.142934	-0.548195	0.824046
38585	5.690544	0.383806	8.465924	-0.025244	0.168524	0.025356	-0.165748	0.808494	0.564681	-0.975831	-0.217150	0.024479	0.142412	-0.546976	0.824946
38586	5.764668	0.253563	8.447165	-0.026554	0.148637	0.027686	-0.166214	0.809247	0.563464	-0.975830	-0.217199	0.024085	0.141874	-0.545842	0.825789
38587	5.811671	0.207673	8.406693	-0.023118	0.150498	0.026342	-0.166608	0.809985	0.562287	-0.975837	-0.217206	0.023745	0.141366	-0.544744	0.826601
38588	5.680290	0.287865	8.453514	-0.020215	0.139929	0.023575	-0.167021	0.810696	0.561138	-0.975833	-0.217257	0.023426	0.140903	-0.543665	0.827390
38589	5.709310	0.231688	8.422306	-0.018221	0.128891	0.026568	-0.167331	0.811312	0.560155	-0.975837	-0.217266	0.023178	0.140507	-0.542741	0.828064
38590	5.626248	0.275837	8.458183	-0.017084	0.115330	0.020621	-0.167679	0.811893	0.559207	-0.975834	-0.217311	0.022902	0.140116	-0.541853	0.828711
38591	5.623207	0.326947	8.472993	-0.013353	0.085986	0.020462	-0.167827	0.812313	0.558554	-0.975851	-0.217249	0.022738	0.139816	-0.541249	0.829157
38592	5.656894	0.271577	8.438739	-0.011127	0.074044	0.022045	-0.168130	0.812666	0.557948	-0.975837	-0.217338	0.022504	0.139551	-0.540683	0.829571
38593	5.658389	0.248074	8.432913	-0.011438	0.057692	0.020861	-0.168251	0.812915	0.557549	-0.975845	-0.217316	0.022371	0.139350	-0.540317	0.829843
38594	5.645386	0.379182	8.443319	-0.010518	0.034919	0.019762	-0.168477	0.813062	0.557267	-0.975833	-0.217390	0.022154	0.139157	-0.540067	0.830038
38595	5.757315	0.166814	8.499195	-0.018674	0.030532	0.016342	-0.168527	0.813165	0.557101	-0.975855	-0.217308	0.021987	0.138942	-0.539945	0.830153
38596	5.618762	0.123653	8.431016	-0.010672	0.034819	0.015788	-0.168714	0.813319	0.556820	-0.975851	-0.217348	0.021792	0.138748	-0.539696	0.830348
38597	5.776616	0.300416	8.400929	-0.006165	0.017005	0.015655	-0.168748	0.813337	0.556783	-0.975851	-0.217351	0.021743	0.138702	-0.539669	0.830373
38598	5.541609	0.205326	8.501158	-0.013149	0.010233	0.016053	-0.168903	0.813358	0.556706	-0.975850	-0.217380	0.021526	0.138525	-0.539625	0.830431
38599	5.510320	0.123771	8.532063	-0.004475	-0.011437	0.012028	-0.168911	0.813241	0.556873	-0.975854	-0.217370	0.021445	0.138488	-0.539804	0.830321
38600	5.701089	0.178868	8.481289	-0.002786	-0.039878	0.008400	-0.168922	0.813008	0.557210	-0.975850	-0.217393	0.021357	0.138497	-0.540146	0.830097
38601	5.736193	0.221151	8.468737	-0.003289	-0.035084	0.009535	-0.168831	0.812794	0.557550	-0.975866	-0.217325	0.021316	0.138495	-0.540495	0.829870
38602	5.731828	0.278641	8.455698	-0.003061	-0.039005	0.009786	-0.168856	0.812563	0.557880	-0.975861	-0.217358	0.021217	0.138500	-0.540830	0.829651
38603	5.806692	0.305435	8.443370	-0.008180	-0.043773	0.007998	-0.168767	0.812290	0.558303	-0.975880	-0.217283	0.021136	0.138478	-0.541270	0.829368
38604	5.753794	0.195817	8.392430	-0.007503	-0.041364	0.012959	-0.168820	0.812038	0.558653	-0.975876	-0.217317	0.020983	0.138444	-0.541634	0.829136
38605	5.438678	0.116595	8.518951	0.001740	-0.050583	0.010384	-0.168732	0.811719	0.559144	-0.975876	-0.217312	0.020988	0.138545	-0.542114	0.828805
38606	5.625659	0.230692	8.454323	0.005474	-0.091065	0.004352	-0.168632	0.811216	0.559904	-0.975869	-0.217347	0.020991	0.138721	-0.542853	0.828292
38607	5.920935	0.229992	8.410125	0.004149	-0.097827	0.005437	-0.168467	0.810648	0.560775	-0.975870	-0.217341	0.021015	0.138915	-0.543703	0.827701
38608	5.797119	0.281522	8.443438	0.003209	-0.085180	0.006084	-0.168392	0.810172	0.561486	-0.975862	-0.217377	0.020990	0.139059	-0.544398	0.827220
38609	5.836762	0.286420	8.388748	0.001651	-0.080943	0.009018	-0.168236	0.809712	0.562196	-0.975872	-0.217332	0.020988	0.139177	-0.545100	0.826738
38610	5.909910	0.223146	8.385071	-0.002897	-0.080345	0.006595	-0.168172	0.809259	0.562865	-0.975872	-0.217339	0.020909	0.139253	-0.545768	0.826284
38611	5.851143	0.211270	8.420688	-0.003114	-0.069336	0.008453	-0.168089	0.808832	0.563505	-0.975876	-0.217329	0.020849	0.139330	-0.546406	0.825850
38612	5.832010	0.145235	8.357829	-0.004344	-0.069995	0.006272	-0.168036	0.808436	0.564088	-0.975878	-0.217325	0.020760	0.139374	-0.546993	0.825453
38613	5.765634	0.154591	8.403766	-0.007840	-0.061763	0.004154	-0.167871	0.808081	0.564645	-0.975907	-0.217203	0.020705	0.139374	-0.547566	0.825074
38614	5.673550	0.174557	8.469302	-0.002557	-0.081157	0.005259	-0.167792	0.807625	0.565320	-0.975909	-0.217200	0.020637	0.139454	-0.548239	0.824613
38615	5.849253	0.257170	8.462560	0.001584	-0.095111	0.000912	-0.167580	0.807048	0.566207	-0.975914	-0.217170	0.020705	0.139673	-0.549100	0.824003
38616	5.874128	0.378789	8.385542	-0.003249	-0.086573	0.001976	-0.167462	0.806568	0.566925	-0.975923	-0.217137	0.020649	0.139756	-0.549817	0.823510
38617	5.940989	0.336855	8.390729	-0.003548	-0.088740	0.005008	-0.167291	0.806047	0.567717	-0.975937	-0.217077	0.020623	0.139861	-0.550606	0.822965
38618	5.962444	0.256211	8.386919	-0.010465	-0.078285	0.008025	-0.167244	0.805598	0.568367	-0.975945	-0.217053	0.020474	0.139860	-0.551271	0.822520
38619	5.956273	0.222883	8.383016	-0.004546	-0.072088	0.009372	-0.167091	0.805170	0.569019	-0.975960	-0.216986	0.020450	0.139935	-0.551923	0.822070
38620	5.988728	0.136451	8.340593	-0.006274	-0.050792	0.010860	-0.167109	0.804866	0.569443	-0.975958	-0.217008	0.020320	0.139928	-0.552357	0.821780
38621	5.979009	0.140134	8.318138	-0.007687	-0.034384	0.007236	-0.167028	0.804646	0.569777	-0.975977	-0.216929	0.020246	0.139892	-0.552708	0.821550
38622	5.922892	0.143538	8.326623	-0.007416	-0.028180	0.007946	-0.167049	0.804473	0.570015	-0.975982	-0.216921	0.020122	0.139836	-0.552963	0.821388
38623	5.852249	0.227633	8.394287	-0.005307	-0.019989	0.006443	-0.166996	0.804332	0.570230	-0.975998	-0.216854	0.020052	0.139785	-0.553194	0.821241
38624	5.873902	0.237612	8.382394	-0.005878	-0.035435	0.006667	-0.166995	0.804122	0.570527	-0.976002	-0.216844	0.019949	0.139757	-0.553504	0.821037
38625	6.005865	0.259103	8.299498	-0.003538	-0.024091	0.007508	-0.166992	0.803953	0.570765	-0.976010	-0.216818	0.019842	0.139704	-0.553759	0.820874
38626	6.132173	0.191260	8.288542	0.003175	-0.006377	0.008868	-0.167053	0.803899	0.570824	-0.975998	-0.216876	0.019801	0.139716	-0.553816	0.820834
38627	6.013856	0.200352	8.309981	0.006743	0.027824	0.001809	-0.167021	0.804038	0.570638	-0.976007	-0.216833	0.019853	0.139696	-0.553631	0.820962
38628	5.920467	0.200079	8.372367	0.005958	0.033464	0.004315	-0.167092	0.804214	0.570369	-0.975999	-0.216870	0.019860	0.139667	-0.553361	0.821149
38629	5.858605	0.204069	8.324812	0.010032	0.030592	0.005769	-0.167072	0.804385	0.570134	-0.976005	-0.216835	0.019917	0.139646	-0.553126	0.821310
38630	5.805112	0.150733	8.347567	0.006245	0.025540	0.000850	-0.167098	0.804524	0.569929	-0.976002	-0.216844	0.019947	0.139634	-0.552919	0.821452
38631	5.556845	0.100252	8.411046	0.010283	0.012553	0.001853	-0.167090	0.804559	0.569883	-0.975997	-0.216863	0.020002	0.139679	-0.552862	0.821483
38632	5.381445	0.153280	8.480605	0.025581	-0.038851	-0.004703	-0.166973	0.804354	0.570206	-0.975977	-0.216935	0.020222	0.139963	-0.553131	0.821253
38633	5.310304	0.189415	8.656161	0.028741	-0.107826	-0.009236	-0.166691	0.803768	0.571115	-0.975969	-0.216947	0.020469	0.140354	-0.553978	0.820615
38634	5.757943	0.499469	8.400867	0.024574	-0.155459	-0.012874	-0.166329	0.802933	0.572392	-0.975963	-0.216948	0.020727	0.140822	-0.555186	0.819718
38635	5.932010	0.292046	8.412834	0.021778	-0.172067	-0.012964	-0.165922	0.801981	0.573843	-0.975966	-0.216912	0.020955	0.141279	-0.556574	0.818697
38636	6.270176	0.238188	8.200583	0.020087	-0.150744	-0.011461	-0.165579	0.801166	0.575079	-0.975964	-0.216900	0.021169	0.141694	-0.557752	0.817824
38637	6.184621	0.148147	8.205236	0.014011	-0.108564	-0.007545	-0.165314	0.800539	0.576028	-0.975966	-0.216880	0.021319	0.141995	-0.558660	0.817152
38638	6.224794	0.155806	8.208929	0.015353	-0.074543	-0.005704	-0.165135	0.800135	0.576641	-0.975961	-0.216888	0.021460	0.142238	-0.559235	0.816716
38639	6.249455	0.131140	8.215598	0.014351	-0.034717	-0.002191	-0.164999	0.799921	0.576977	-0.975958	-0.216888	0.021598	0.142416	-0.559541	0.816475
38640	6.166512	0.147411	8.245295	0.013602	-0.005858	-0.000492	-0.164968	0.799889	0.577030	-0.975946	-0.216929	0.021695	0.142528	-0.559571	0.816435
38641	6.196646	0.190375	8.174787	0.010544	0.021770	0.000825	-0.164975	0.799981	0.576900	-0.975942	-0.216945	0.021748	0.142553	-0.559433	0.816525
38642	6.059375	0.115192	8.249912	0.004653	0.042841	0.002454	-0.165042	0.800215	0.576556	-0.975938	-0.216959	0.021755	0.142498	-0.559092	0.816768
38643	5.899303	0.141126	8.334637	0.009881	0.059759	-0.002407	-0.165049	0.800533	0.576113	-0.975943	-0.216929	0.021836	0.142456	-0.558649	0.817078
38644	5.899882	0.232481	8.326025	0.010577	0.041971	0.001687	-0.165108	0.800763	0.575776	-0.975933	-0.216970	0.021896	0.142460	-0.558303	0.817314
38645	5.754176	0.178171	8.351268	0.011195	0.039273	-0.006428	-0.165016	0.800999	0.575474	-0.975952	-0.216872	0.022010	0.142434	-0.558003	0.817524
38646	5.790332	0.239415	8.371150	0.018860	0.014100	-0.006982	-0.164951	0.801093	0.575362	-0.975944	-0.216890	0.022188	0.142565	-0.557862	0.817598
38647	5.951930	0.232826	8.319895	0.019176	0.009221	-0.012075	-0.164788	0.801176	0.575292	-0.975960	-0.216800	0.022368	0.142644	-0.557776	0.817642
38648	6.000955	0.325574	8.278418	0.015530	0.015351	-0.007207	-0.164722	0.801277	0.575171	-0.975957	-0.216797	0.022520	0.142740	-0.557632	0.817723
38649	5.934840	0.316126	8.320435	0.013987	0.022603	-0.005939	-0.164619	0.801434	0.574982	-0.975975	-0.216704	0.022628	0.142736	-0.557443	0.817853
38650	5.960013	0.308040	8.361244	0.011148	0.016041	-0.005631	-0.164569	0.801535	0.574855	-0.975976	-0.216689	0.022734	0.142787	-0.557303	0.817939
38651	5.932295	0.281456	8.343414	0.006707	0.027807	0.001726	-0.164557	0.801658	0.574688	-0.975977	-0.216678	0.022791	0.142792	-0.557131	0.818056
38652	5.762476	0.237475	8.387243	0.013648	0.007288	-0.001688	-0.164533	0.801702	0.574633	-0.975968	-0.216708	0.022895	0.142883	-0.557056	0.818091
38653	5.822399	0.197388	8.396958	0.014644	-0.015395	-0.002688	-0.164414	0.801628	0.574770	-0.975975	-0.216664	0.023000	0.142969	-0.557180	0.817991
38654	5.694039	0.137917	8.378857	0.020359	-0.016385	-0.007436	-0.164300	0.801552	0.574908	-0.975966	-0.216685	0.023192	0.143164	-0.557280	0.817889
38655	5.674228	0.040369	8.458439	0.028050	-0.065774	-0.012524	-0.164042	0.801203	0.575469	-0.975964	-0.216666	0.023449	0.143473	-0.557790	0.817487
38656	5.921604	0.317197	8.326134	0.025543	-0.077208	-0.017291	-0.163745	0.800809	0.576101	-0.975963	-0.216638	0.023741	0.143817	-0.558366	0.817034
38657	5.973955	0.283446	8.311705	0.022183	-0.071929	-0.013794	-0.163473	0.800421	0.576718	-0.975968	-0.216594	0.023966	0.144097	-0.558940	0.816592
38658	6.038134	0.281789	8.296854	0.023527	-0.062126	-0.016549	-0.163204	0.800109	0.577227	-0.975968	-0.216560	0.024237	0.144397	-0.559399	0.816224
38659	6.047487	0.374955	8.281527	0.019155	-0.051338	-0.014555	-0.162933	0.799840	0.577675	-0.975981	-0.216478	0.024458	0.144616	-0.559815	0.815900
38660	6.059213	0.318973	8.289548	0.015302	-0.045321	-0.013670	-0.162715	0.799616	0.578047	-0.975989	-0.216422	0.024645	0.144808	-0.560157	0.815631
38661	6.106272	0.395772	8.275097	0.008042	-0.026992	-0.007248	-0.162548	0.799475	0.578289	-0.976009	-0.216323	0.024722	0.144862	-0.560396	0.815457
38662	6.075494	0.390385	8.264364	0.005377	-0.019327	0.001167	-0.162513	0.799364	0.578452	-0.976007	-0.216330	0.024743	0.144915	-0.560552	0.815341
38663	6.012486	0.379336	8.304585	-0.001339	-0.012823	0.004426	-0.162432	0.799288	0.578579	-0.976028	-0.216237	0.024711	0.144861	-0.560696	0.815252
38664	6.092005	0.272056	8.225197	-0.002936	-0.001563	0.009387	-0.162503	0.799259	0.578600	-0.976025	-0.216263	0.024616	0.144804	-0.560728	0.815240
38665	6.021624	0.244856	8.296985	-0.002373	0.009837	0.005386	-0.162571	0.799293	0.578534	-0.976034	-0.216238	0.024481	0.144668	-0.560689	0.815291
38666	6.054046	0.175402	8.288796	-0.000128	0.022143	0.011525	-0.162697	0.799392	0.578362	-0.976023	-0.216297	0.024396	0.144600	-0.560525	0.815415
38667	6.038339	0.179593	8.270625	-0.000546	0.032005	0.003971	-0.162777	0.799546	0.578127	-0.976030	-0.216276	0.024298	0.144462	-0.560314	0.815585
38668	5.911349	0.247795	8.343204	0.000759	0.038758	0.002851	-0.162843	0.799756	0.577817	-0.976032	-0.216270	0.024271	0.144375	-0.560015	0.815806
38669	6.069663	0.275736	8.272507	0.001727	0.037263	0.008060	-0.163000	0.799929	0.577533	-0.976026	-0.216312	0.024141	0.144239	-0.559752	0.816010
38670	6.021841	0.199931	8.287394	-0.004433	0.052139	0.008973	-0.163144	0.800201	0.577116	-0.976025	-0.216326	0.024036	0.144079	-0.559358	0.816309
38671	6.076671	0.119683	8.261755	-0.004875	0.066030	0.005137	-0.163172	0.800567	0.576600	-0.976053	-0.216208	0.023975	0.143859	-0.558880	0.816675
38672	6.003008	0.256794	8.284459	-0.002768	0.084317	0.004017	-0.163314	0.801029	0.575918	-0.976058	-0.216191	0.023912	0.143663	-0.558224	0.817158
38673	5.774850	0.307675	8.390983	-0.000219	0.078623	0.006331	-0.163368	0.801442	0.575327	-0.976071	-0.216132	0.023914	0.143512	-0.557654	0.817574
38674	5.802128	0.313473	8.404119	0.000537	0.049756	0.004676	-0.163467	0.801709	0.574927	-0.976071	-0.216140	0.023874	0.143405	-0.557267	0.817856
38675	5.792436	0.297622	8.437062	-0.001548	0.041581	0.006216	-0.163485	0.801928	0.574616	-0.976088	-0.216064	0.023827	0.143261	-0.556981	0.818076
38676	5.939156	0.293027	8.367355	-0.002354	0.019953	0.005808	-0.163552	0.802027	0.574460	-0.976090	-0.216064	0.023757	0.143174	-0.556839	0.818188
38677	5.975342	0.314125	8.348213	-0.003806	0.036329	0.002127	-0.163562	0.802213	0.574196	-0.976111	-0.215977	0.023694	0.143020	-0.556604	0.818375
38678	5.881489	0.273847	8.312140	-0.003389	0.029500	0.008028	-0.163664	0.802360	0.573962	-0.976110	-0.215989	0.023603	0.142908	-0.556388	0.818541
38679	5.620193	0.266378	8.456169	0.003568	0.019079	0.005050	-0.163684	0.802445	0.573838	-0.976115	-0.215970	0.023576	0.142850	-0.556273	0.818629
38680	5.783139	0.219546	8.365558	0.004003	-0.019049	0.004334	-0.163681	0.802329	0.574001	-0.976110	-0.215994	0.023567	0.142889	-0.556430	0.818516
38681	5.972201	0.275214	8.311521	0.004540	-0.013716	0.003645	-0.163662	0.802225	0.574151	-0.976111	-0.215991	0.023551	0.142905	-0.556581	0.818411
38682	5.980846	0.217279	8.321859	0.008410	-0.009630	0.003186	-0.163660	0.802164	0.574236	-0.976102	-0.216031	0.023584	0.142971	-0.556653	0.818350
38683	6.077590	0.271656	8.269523	0.004114	0.000179	-0.000189	-0.163581	0.802153	0.574276	-0.976115	-0.215967	0.023620	0.142971	-0.556695	0.818321
38684	5.999666	0.228757	8.311758	0.005880	0.020314	0.005430	-0.163644	0.802254	0.574116	-0.976105	-0.216010	0.023620	0.142964	-0.556533	0.818433
38685	5.945824	0.212145	8.314065	0.005943	0.026397	0.002137	-0.163658	0.802397	0.573912	-0.976115	-0.215970	0.023601	0.142885	-0.556341	0.818577
38686	5.963474	0.224657	8.365067	0.007781	0.028383	-0.000082	-0.163679	0.802555	0.573685	-0.976112	-0.215979	0.023648	0.142883	-0.556110	0.818734
38687	5.843970	0.158147	8.309663	0.008795	0.032969	0.001834	-0.163692	0.802717	0.573455	-0.976112	-0.215973	0.023687	0.142865	-0.555879	0.818895
38688	5.625896	0.264028	8.420834	0.012628	0.016843	0.000544	-0.163703	0.802809	0.573323	-0.976101	-0.216015	0.023771	0.142929	-0.555730	0.818985
38689	5.700278	0.182204	8.471181	0.014559	-0.031589	0.000224	-0.163567	0.802624	0.573620	-0.976101	-0.215998	0.023896	0.143080	-0.556003	0.818773
38690	5.731384	0.411884	8.414224	0.010735	-0.039697	-0.003027	-0.163462	0.802410	0.573950	-0.976099	-0.216000	0.023984	0.143218	-0.556312	0.818539
38691	5.977606	0.335187	8.320309	0.009586	-0.066540	0.001246	-0.163354	0.802013	0.574536	-0.976094	-0.216019	0.024022	0.143376	-0.556877	0.818127
38692	6.054272	0.326783	8.326279	0.009936	-0.044151	-0.000949	-0.163262	0.801768	0.574903	-0.976089	-0.216033	0.024091	0.143513	-0.557223	0.817867
38693	6.032693	0.263111	8.325442	0.007343	-0.037453	0.002110	-0.163251	0.801520	0.575252	-0.976078	-0.216085	0.024076	0.143601	-0.557560	0.817622
38694	6.028750	0.208875	8.255045	0.009701	-0.023074	0.001254	-0.163212	0.801388	0.575447	-0.976070	-0.216115	0.024131	0.143701	-0.557738	0.817483
38695	6.062755	0.215586	8.263466	0.008418	-0.009624	0.003191	-0.163169	0.801304	0.575576	-0.976065	-0.216128	0.024187	0.143779	-0.557853	0.817391
38696	6.004389	0.258627	8.312815	0.003335	-0.001245	0.000232	-0.163150	0.801296	0.575592	-0.976068	-0.216115	0.024196	0.143782	-0.557869	0.817379
38697	5.925331	0.289388	8.313318	0.003048	0.006684	0.003667	-0.163155	0.801321	0.575556	-0.976077	-0.216081	0.024148	0.143717	-0.557847	0.817406
38698	5.990435	0.263364	8.293349	-0.000548	0.001733	0.002754	-0.163166	0.801325	0.575548	-0.976081	-0.216067	0.024110	0.143677	-0.557848	0.817412
38699	5.997229	0.243079	8.344063	0.003541	0.016039	0.006680	-0.163200	0.801398	0.575436	-0.976086	-0.216048	0.024057	0.143601	-0.557750	0.817493
38700	5.917340	0.273430	8.345157	-0.000835	0.009664	0.006190	-0.163256	0.801438	0.575365	-0.976085	-0.216060	0.023997	0.143545	-0.557688	0.817545
38701	5.988557	0.225545	8.316092	-0.002883	0.014626	0.006490	-0.163247	0.801488	0.575297	-0.976097	-0.216009	0.023959	0.143472	-0.557635	0.817594
38702	5.979843	0.245182	8.266794	-0.000298	0.014995	0.005495	-0.163303	0.801560	0.575182	-0.976097	-0.216018	0.023908	0.143413	-0.557529	0.817676
38703	5.706037	0.204739	8.351714	0.000513	0.019459	0.003423	-0.163300	0.801653	0.575052	-0.976110	-0.215960	0.023871	0.143324	-0.557416	0.817768
38704	5.609936	0.189476	8.442662	0.012016	-0.028906	-0.000419	-0.163235	0.801493	0.575295	-0.976102	-0.215990	0.023954	0.143457	-0.557636	0.817595
38705	5.532879	0.296476	8.459424	0.016695	-0.037522	-0.005419	-0.163117	0.801268	0.575641	-0.976095	-0.216007	0.024082	0.143639	-0.557952	0.817348
38706	5.607009	0.275280	8.554012	0.026302	-0.131287	-0.006985	-0.162840	0.800549	0.576718	-0.976076	-0.216065	0.024320	0.144078	-0.558961	0.816581
38707	5.982484	0.518951	8.326854	0.018403	-0.122375	-0.007539	-0.162554	0.799868	0.577744	-0.976076	-0.216047	0.024481	0.144402	-0.559942	0.815851
38708	6.084256	0.171305	8.355483	0.017073	-0.128102	-0.001022	-0.162340	0.799151	0.578794	-0.976061	-0.216101	0.024609	0.144744	-0.560944	0.815102
38709	6.142002	0.336871	8.264077	0.010511	-0.106383	-0.006015	-0.162032	0.798549	0.579711	-0.976073	-0.216027	0.024759	0.145005	-0.561828	0.814446
38710	6.118963	0.219923	8.251524	0.009960	-0.080427	0.001245	-0.161908	0.798094	0.580372	-0.976065	-0.216059	0.024816	0.145200	-0.562463	0.813973
38711	6.175890	0.236107	8.185830	0.006152	-0.068337	-0.001183	-0.161712	0.797712	0.580951	-0.976081	-0.215981	0.024867	0.145311	-0.563034	0.813558
38712	6.233321	0.216496	8.201806	0.003559	-0.041469	0.002651	-0.161658	0.797472	0.581295	-0.976079	-0.215988	0.024864	0.145381	-0.563371	0.813313
38713	6.352713	0.207675	8.178124	0.006410	-0.011705	0.001436	-0.161626	0.797390	0.581418	-0.976082	-0.215975	0.024864	0.145398	-0.563493	0.813225
38714	6.525886	0.231484	8.125617	0.010807	0.051163	0.000527	-0.161686	0.797676	0.581008	-0.976074	-0.216006	0.024932	0.145389	-0.563076	0.813516
38715	6.213826	0.222976	8.186506	0.014923	0.108851	0.004324	-0.161828	0.798255	0.580174	-0.976058	-0.216065	0.025030	0.145335	-0.562233	0.814108
38716	5.871484	0.336795	8.266184	0.008529	0.107463	0.004175	-0.162005	0.798849	0.579306	-0.976047	-0.216112	0.025058	0.145213	-0.561370	0.814725
38717	5.807640	0.269393	8.384086	0.004934	0.089410	0.004560	-0.162142	0.799316	0.578623	-0.976044	-0.216128	0.025055	0.145083	-0.560699	0.815210
38718	5.923172	0.312455	8.315957	0.002833	0.068123	0.007392	-0.162293	0.799681	0.578075	-0.976035	-0.216169	0.025018	0.144968	-0.560162	0.815600
38719	5.962839	0.312011	8.289339	-0.003101	0.065974	0.009824	-0.162413	0.800016	0.577578	-0.976043	-0.216146	0.024929	0.144785	-0.559692	0.815955
38720	6.120470	0.264791	8.262408	-0.011100	0.075846	0.014599	-0.162645	0.800408	0.576969	-0.976043	-0.216167	0.024737	0.144521	-0.559123	0.816391
38721	6.054703	0.229080	8.239435	-0.016462	0.099232	0.017128	-0.162924	0.800907	0.576198	-0.976052	-0.216156	0.024467	0.144144	-0.558413	0.816944
38722	5.281572	0.162477	8.535314	-0.004583	0.090434	0.013570	-0.163167	0.801382	0.575469	-0.976045	-0.216205	0.024334	0.143920	-0.557712	0.817462
38723	5.329443	0.292043	8.593391	0.005027	-0.021519	0.004218	-0.163122	0.801240	0.575678	-0.976048	-0.216191	0.024331	0.143951	-0.557920	0.817314
38724	5.916329	0.317018	8.324271	0.001094	-0.055909	0.003479	-0.163056	0.800920	0.576142	-0.976049	-0.216191	0.024302	0.144021	-0.558380	0.816988
38725	6.142637	0.228287	8.240779	0.006252	-0.041039	0.005601	-0.163009	0.800658	0.576519	-0.976043	-0.216216	0.024303	0.144111	-0.558746	0.816722
38726	5.944087	0.254142	8.350541	0.001670	-0.023304	0.005641	-0.163011	0.800515	0.576717	-0.976039	-0.216237	0.024267	0.144133	-0.558943	0.816583
38727	6.036269	0.215938	8.249367	0.003494	-0.014259	0.005469	-0.163064	0.800384	0.576885	-0.976025	-0.216305	0.024221	0.144169	-0.559105	0.816466
38728	6.004597	0.248062	8.278211	0.003524	-0.011222	0.003816	-0.163065	0.800312	0.576984	-0.976022	-0.216321	0.024211	0.144190	-0.559201	0.816397
38729	5.739915	0.148951	8.313428	0.009201	-0.008196	0.002776	-0.163026	0.800244	0.577090	-0.976019	-0.216328	0.024258	0.144253	-0.559296	0.816320
38730	5.716120	0.236910	8.409889	0.014027	-0.046990	0.000572	-0.162944	0.799979	0.577480	-0.976006	-0.216377	0.024352	0.144435	-0.559656	0.816042
