// General information: 
//  MT Manager version: 2022.2.0 
//  XDA version: 2022.2.0 build 7381 rev 124627 built on 2023-07-19
// Device information: 
//  DeviceId: 00B4CBA7
//  ProductCode: MTW2-3A7G6
//  Firmware Version: 4.6.0
//  Hardware Version: 2.0.0
// Device settings: 
//  Filter Profile: human(46.1)
//  Option Flags: Orientation Smoother Disabled, Position/Velocity Smoother Disabled, Continuous Zero Rotation Update Disabled, AHS Disabled, ICC Disabled
// Coordinate system: ENU
PacketCounter	Acc_X	Acc_Y	Acc_Z	Gyr_X	Gyr_Y	Gyr_Z	Mat[1][1]	Mat[2][1]	Mat[3][1]	Mat[1][2]	Mat[2][2]	Mat[3][2]	Mat[1][3]	Mat[2][3]	Mat[3][3]
46116	9.239758	0.787275	-3.517980	-0.011290	-0.015025	0.000792	0.348470	-0.000360	0.937320	-0.152271	-0.986738	0.056231	0.924869	-0.162321	-0.343903
46117	9.224863	0.826801	-3.553333	-0.004297	-0.002073	0.006577	0.348479	-0.000409	0.937317	-0.152271	-0.986741	0.056181	0.924866	-0.162304	-0.343920
46118	9.206054	0.835754	-3.603771	-0.015556	-0.000202	0.006037	0.348175	-0.000750	0.937429	-0.153615	-0.986528	0.056266	0.924758	-0.163594	-0.343599
46119	9.121309	0.764351	-3.632225	-0.018703	0.001282	0.007474	0.348151	-0.000803	0.937438	-0.153752	-0.986507	0.056257	0.924744	-0.163719	-0.343576
46120	9.125026	0.760805	-3.551097	-0.008599	0.003059	0.008795	0.348163	-0.000656	0.937434	-0.153527	-0.986538	0.056330	0.924777	-0.163533	-0.343577
46121	9.086461	0.711148	-3.521172	-0.003286	0.011585	0.009973	0.348040	-0.000716	0.937479	-0.153529	-0.986542	0.056245	0.924823	-0.163506	-0.343466
46122	9.095374	0.750847	-3.562802	0.015059	0.018328	0.009159	0.347661	-0.000753	0.937620	-0.153839	-0.986494	0.056250	0.924914	-0.163798	-0.343082
46123	9.143612	0.879263	-3.484030	0.017139	0.024419	0.010138	0.347419	-0.000793	0.937710	-0.153653	-0.986531	0.056094	0.925036	-0.163570	-0.342861
46124	9.137141	0.890473	-3.429036	0.007251	0.032982	0.019467	0.346945	-0.000971	0.937885	-0.153989	-0.986488	0.055942	0.925158	-0.163833	-0.342406
46125	9.149566	0.872498	-3.397603	-0.004360	0.034633	0.016801	0.346597	-0.001061	0.938014	-0.154026	-0.986490	0.055797	0.925282	-0.163817	-0.342078
46126	9.132268	0.879704	-3.444677	0.010040	0.039540	0.024687	0.346186	-0.000909	0.938166	-0.153331	-0.986608	0.055624	0.925551	-0.163106	-0.341689
46127	9.202581	0.920518	-3.317110	0.012788	0.036400	0.026880	0.345806	-0.001095	0.938306	-0.153244	-0.986638	0.055325	0.925708	-0.162921	-0.341353
46128	9.203220	0.883938	-3.248846	0.007646	0.035728	0.028966	0.345315	-0.001224	0.938486	-0.153263	-0.986648	0.055106	0.925888	-0.162864	-0.340892
46129	9.253001	0.825945	-3.191179	0.010121	0.029077	0.035034	0.344990	-0.001502	0.938605	-0.153228	-0.986674	0.054740	0.926015	-0.162705	-0.340622
46130	9.277265	0.823343	-3.196577	0.008303	0.034774	0.038952	0.344416	-0.001884	0.938815	-0.153503	-0.986653	0.054334	0.926183	-0.162824	-0.340108
46131	9.248077	0.810983	-3.207472	0.010643	0.029974	0.044776	0.344067	-0.002257	0.938942	-0.153496	-0.986680	0.053875	0.926314	-0.162660	-0.339830
46132	9.241764	0.799540	-3.226904	0.003019	0.028762	0.045148	0.343878	-0.002205	0.939012	-0.153090	-0.986750	0.053746	0.926451	-0.162236	-0.339659
46133	9.234438	0.734415	-3.256204	0.001415	0.021061	0.046531	0.343609	-0.002610	0.939109	-0.153175	-0.986760	0.053303	0.926537	-0.162163	-0.339460
46134	9.211669	0.675274	-3.255335	0.001155	0.024769	0.046041	0.343283	-0.002727	0.939228	-0.152982	-0.986804	0.053049	0.926689	-0.161896	-0.339170
46135	9.212912	0.651107	-3.327533	0.000324	0.026163	0.041555	0.342975	-0.003074	0.939340	-0.153060	-0.986813	0.052656	0.926791	-0.161835	-0.338922
46136	9.148513	0.620734	-3.294105	-0.002692	0.025817	0.043226	0.342692	-0.003202	0.939442	-0.152913	-0.986849	0.052417	0.926919	-0.161616	-0.338675
46137	9.145339	0.586554	-3.307525	-0.000913	0.025906	0.040696	0.342388	-0.003540	0.939552	-0.152999	-0.986855	0.052037	0.927018	-0.161567	-0.338429
46138	9.090544	0.650683	-3.307734	0.011229	0.024054	0.039997	0.341977	-0.003809	0.939701	-0.153032	-0.986868	0.051692	0.927164	-0.161482	-0.338069
46139	9.123244	0.708587	-3.282021	0.004459	0.028673	0.040486	0.341647	-0.004141	0.939819	-0.153067	-0.986884	0.051295	0.927280	-0.161380	-0.337800
46140	9.129840	0.789058	-3.254009	-0.000404	0.031524	0.038691	0.341162	-0.004267	0.939995	-0.153134	-0.986883	0.051099	0.927447	-0.161378	-0.337341
46141	9.110503	0.872060	-3.298349	-0.015563	0.033051	0.041051	0.340790	-0.004597	0.940128	-0.153357	-0.986866	0.050765	0.927547	-0.161475	-0.337019
46142	9.141463	0.823425	-3.290686	-0.039588	0.033107	0.042916	0.340394	-0.004773	0.940271	-0.153361	-0.986878	0.050510	0.927692	-0.161394	-0.336660
46143	9.167998	0.744888	-3.298876	-0.047438	0.029835	0.041399	0.340051	-0.005112	0.940393	-0.153880	-0.986809	0.050280	0.927732	-0.161805	-0.336352
46144	9.207407	0.757341	-3.259860	-0.043116	0.027199	0.046574	0.339680	-0.005396	0.940526	-0.154423	-0.986733	0.050110	0.927778	-0.162261	-0.336006
46145	9.207500	0.700612	-3.266700	-0.049919	0.024634	0.051412	0.339369	-0.005842	0.940635	-0.154999	-0.986659	0.049794	0.927795	-0.162696	-0.335747
46146	9.252098	0.611828	-3.225040	-0.047438	0.025195	0.053122	0.339137	-0.006005	0.940718	-0.155038	-0.986663	0.049594	0.927874	-0.162666	-0.335544
46147	9.219435	0.623724	-3.242788	-0.040449	0.022666	0.054509	0.338839	-0.006484	0.940822	-0.155536	-0.986603	0.049217	0.927899	-0.163008	-0.335308
46148	9.268074	0.564813	-3.185938	-0.041540	0.014774	0.052496	0.338445	-0.007186	0.940959	-0.156469	-0.986479	0.048745	0.927886	-0.163729	-0.334993
46149	9.267674	0.507506	-3.193835	-0.018580	0.019770	0.045687	0.338187	-0.007583	0.941048	-0.156733	-0.986455	0.048377	0.927935	-0.163854	-0.334795
46150	9.303727	0.522045	-3.236802	-0.003300	0.016357	0.043584	0.338074	-0.007773	0.941087	-0.156429	-0.986520	0.048047	0.928028	-0.163457	-0.334733
46151	9.323784	0.673238	-3.236340	0.005868	0.021323	0.040223	0.337811	-0.008113	0.941179	-0.156447	-0.986536	0.047649	0.928121	-0.163341	-0.334532
46152	9.298603	0.692016	-3.232446	-0.004362	0.021465	0.038615	0.337537	-0.008266	0.941276	-0.156508	-0.986536	0.047460	0.928210	-0.163337	-0.334286
46153	9.240012	0.706871	-3.323408	-0.011991	0.020293	0.038964	0.337285	-0.008595	0.941363	-0.156687	-0.986523	0.047133	0.928271	-0.163397	-0.334086
46154	9.246065	0.694422	-3.454569	-0.007428	0.024414	0.034292	0.336889	-0.008698	0.941504	-0.157198	-0.986442	0.047135	0.928329	-0.163882	-0.333689
46155	9.207003	0.773715	-3.410203	-0.001277	0.029034	0.032600	0.336565	-0.008950	0.941618	-0.157257	-0.986447	0.046833	0.928436	-0.163838	-0.333411
46156	9.194487	0.699734	-3.380824	-0.022115	0.024399	0.038982	0.336303	-0.008998	0.941711	-0.157214	-0.986459	0.046719	0.928538	-0.163762	-0.333164
46157	9.217293	0.643720	-3.396111	-0.014800	0.027868	0.043892	0.335973	-0.009362	0.941825	-0.157437	-0.986440	0.046356	0.928621	-0.163852	-0.332891
46158	9.193957	0.716433	-3.381501	-0.011015	0.035894	0.042121	0.335604	-0.009369	0.941957	-0.157467	-0.986439	0.046291	0.928749	-0.163862	-0.332528
46159	9.154675	0.590484	-3.433489	-0.005721	0.043004	0.049071	0.335124	-0.009760	0.942123	-0.157622	-0.986435	0.045849	0.928896	-0.163865	-0.332117
46160	9.125299	0.598234	-3.369483	0.001039	0.032561	0.047195	0.334904	-0.009833	0.942201	-0.156998	-0.986550	0.045509	0.929081	-0.163165	-0.331943
46161	9.132436	0.566411	-3.279260	0.018119	0.037494	0.051368	0.334472	-0.010255	0.942350	-0.156939	-0.986584	0.044967	0.929246	-0.162932	-0.331594
46162	9.158012	0.504606	-3.213086	0.027892	0.033175	0.049231	0.334151	-0.010271	0.942464	-0.156495	-0.986665	0.044732	0.929437	-0.162438	-0.331303
46163	9.181962	0.519549	-3.143547	0.050795	0.036682	0.048210	0.333732	-0.010664	0.942608	-0.156122	-0.986752	0.044112	0.929650	-0.161883	-0.330976
46164	9.140459	0.619065	-3.104791	0.061022	0.042350	0.051221	0.333049	-0.011101	0.942844	-0.155974	-0.986804	0.043478	0.929920	-0.161539	-0.330386
46165	9.141915	0.612631	-3.101779	0.046336	0.030778	0.053106	0.332677	-0.011551	0.942970	-0.155658	-0.986882	0.042826	0.930106	-0.161028	-0.330111
46166	9.118535	0.551951	-3.100895	0.046108	0.028705	0.051226	0.332391	-0.011779	0.943068	-0.155162	-0.986980	0.042360	0.930291	-0.160408	-0.329891
46167	9.127716	0.532787	-3.150933	0.041846	0.028130	0.052019	0.332046	-0.012223	0.943184	-0.154884	-0.987051	0.041734	0.930461	-0.159941	-0.329639
46168	9.109321	0.482811	-3.208666	0.036665	0.030783	0.048085	0.331787	-0.012253	0.943275	-0.154286	-0.987157	0.041446	0.930652	-0.159285	-0.329417
46169	9.085788	0.422993	-3.207669	0.030933	0.027840	0.046144	0.331454	-0.012640	0.943387	-0.154090	-0.987209	0.040912	0.930803	-0.158927	-0.329163
46170	9.145600	0.436806	-3.257783	0.029444	0.028742	0.037420	0.331423	-0.012559	0.943399	-0.153135	-0.987369	0.040653	0.930972	-0.157941	-0.329160
46171	9.121456	0.398533	-3.182034	0.024703	0.033028	0.029861	0.331067	-0.012777	0.943521	-0.152942	-0.987413	0.040294	0.931130	-0.157644	-0.328855
46172	9.159118	0.392804	-3.297618	0.036484	0.045706	0.023878	0.330658	-0.012839	0.943663	-0.152481	-0.987497	0.039994	0.931351	-0.157115	-0.328482
46173	9.135977	0.523000	-3.353648	0.056565	0.051666	0.013051	0.330155	-0.012862	0.943839	-0.151935	-0.987593	0.039689	0.931619	-0.156506	-0.328013
46174	9.193847	0.562155	-3.407695	0.050712	0.059644	0.006249	0.329672	-0.012599	0.944011	-0.151060	-0.987732	0.039571	0.931932	-0.155648	-0.327531
46175	9.242639	0.692332	-3.405753	0.047561	0.064450	0.001660	0.329067	-0.012490	0.944224	-0.150560	-0.987815	0.039404	0.932227	-0.155129	-0.326938
46176	9.291427	0.635408	-3.344451	0.022289	0.064404	0.002534	0.328604	-0.012094	0.944390	-0.150010	-0.987893	0.039546	0.932479	-0.154663	-0.326440
46177	9.305099	0.540944	-3.312923	0.023076	0.066304	0.001024	0.327982	-0.011976	0.944608	-0.149736	-0.987938	0.039465	0.932742	-0.154385	-0.325820
46178	9.327578	0.658127	-3.162760	0.052400	0.070705	-0.001131	0.327460	-0.011515	0.944795	-0.148698	-0.988094	0.039495	0.933091	-0.153422	-0.325274
46179	9.325970	0.700592	-3.088629	0.031729	0.065675	-0.000320	0.326846	-0.011385	0.945009	-0.148339	-0.988151	0.039400	0.933363	-0.153059	-0.324662
46180	9.317976	0.659389	-3.039812	0.024989	0.064554	-0.001263	0.326552	-0.010673	0.945119	-0.147215	-0.988307	0.039705	0.933644	-0.152101	-0.324305
46181	9.298616	0.654978	-2.945446	0.023527	0.058943	0.001997	0.325997	-0.010577	0.945312	-0.146940	-0.988352	0.039615	0.933881	-0.151818	-0.323754
46182	9.257450	0.703684	-2.834751	0.013183	0.046062	0.003341	0.325712	-0.010298	0.945413	-0.146609	-0.988396	0.039743	0.934033	-0.151551	-0.323442
46183	9.248665	0.605925	-2.716597	0.001937	0.033148	0.005940	0.325393	-0.010280	0.945523	-0.146548	-0.988407	0.039687	0.934154	-0.151479	-0.323127
46184	9.222493	0.591680	-2.566739	-0.007963	0.018643	0.009654	0.325461	-0.009822	0.945504	-0.146035	-0.988470	0.040000	0.934210	-0.151095	-0.323143
46185	9.303526	0.499684	-2.563351	-0.028424	0.004037	0.009579	0.325409	-0.009884	0.945522	-0.146270	-0.988435	0.040008	0.934192	-0.151321	-0.323091
46186	9.321669	0.339113	-2.599029	-0.043710	-0.004116	0.008830	0.325557	-0.009601	0.945474	-0.146384	-0.988404	0.040368	0.934122	-0.151544	-0.323188
46187	9.391339	0.190212	-2.710058	-0.033046	-0.014277	0.004135	0.325684	-0.009636	0.945429	-0.146645	-0.988362	0.040443	0.934037	-0.151814	-0.323307
46188	9.350706	0.273114	-2.671316	0.004910	-0.031292	0.002600	0.326294	-0.009331	0.945222	-0.145963	-0.988455	0.040629	0.933931	-0.151224	-0.323889
46189	9.260615	0.377360	-2.624868	0.023431	-0.047257	0.004084	0.326730	-0.009416	0.945071	-0.145696	-0.988499	0.040522	0.933820	-0.150933	-0.324344
46190	9.282867	0.451259	-2.554552	0.023856	-0.072152	0.000972	0.327279	-0.009343	0.944882	-0.145689	-0.988493	0.040688	0.933629	-0.150975	-0.324874
46191	9.397201	0.433567	-2.676032	0.018561	-0.088357	-0.001348	0.328106	-0.009436	0.944594	-0.145451	-0.988530	0.040648	0.933376	-0.150729	-0.325715
46192	9.402107	0.440289	-2.662681	0.019678	-0.097837	-0.003481	0.328967	-0.009153	0.944297	-0.145115	-0.988566	0.040973	0.933125	-0.150510	-0.326534
46193	9.437972	0.434436	-2.710817	0.022136	-0.114709	-0.005873	0.330046	-0.009239	0.943920	-0.144830	-0.988608	0.040964	0.932788	-0.150227	-0.327624
46194	9.507026	0.507488	-2.581838	0.015505	-0.132526	-0.003307	0.331505	-0.009060	0.943410	-0.144265	-0.988681	0.041199	0.932358	-0.149758	-0.329060
46195	9.468011	0.433129	-2.479790	0.008976	-0.163797	-0.003231	0.333036	-0.009245	0.942869	-0.144111	-0.988703	0.041208	0.931836	-0.149601	-0.330606
46196	9.516228	0.331273	-2.427919	0.017377	-0.183889	-0.010579	0.334831	-0.009092	0.942234	-0.143770	-0.988738	0.041549	0.931245	-0.149377	-0.332368
46197	9.575623	0.339576	-2.631400	0.053422	-0.180812	-0.019300	0.336542	-0.009143	0.941624	-0.143149	-0.988828	0.041562	0.930724	-0.148780	-0.334091
46198	9.543918	0.565780	-2.927187	0.106411	-0.173481	-0.031536	0.338283	-0.008764	0.941004	-0.141677	-0.989033	0.041721	0.930318	-0.147432	-0.335815
46199	9.366649	0.723886	-3.124378	0.093521	-0.173275	-0.029384	0.339937	-0.008699	0.940408	-0.140648	-0.989181	0.041691	0.929872	-0.146439	-0.337482
46200	9.266571	0.606421	-3.342073	0.043174	-0.206044	-0.033714	0.341771	-0.008539	0.939745	-0.140065	-0.989253	0.041951	0.929287	-0.145963	-0.339294
46201	9.433541	0.552312	-3.459050	0.044660	-0.215092	-0.033762	0.343816	-0.008489	0.938999	-0.139475	-0.989329	0.042125	0.928621	-0.145450	-0.341331
46202	9.450349	0.587839	-3.552856	0.045994	-0.207486	-0.037331	0.345962	-0.008019	0.938214	-0.138619	-0.989427	0.042659	0.927952	-0.144813	-0.343416
46203	9.425562	0.631889	-3.687925	0.048573	-0.193840	-0.038684	0.347814	-0.007887	0.937530	-0.137976	-0.989508	0.042864	0.927355	-0.144265	-0.345253
46204	9.572057	0.783196	-3.700719	0.055453	-0.178248	-0.046620	0.349547	-0.007335	0.936890	-0.137007	-0.989620	0.043369	0.926847	-0.143520	-0.346924
46205	9.720175	0.977122	-3.564709	0.038876	-0.177549	-0.052678	0.351265	-0.007038	0.936250	-0.136404	-0.989687	0.043736	0.926287	-0.143072	-0.348602
46206	9.806620	1.025435	-3.467548	0.015349	-0.178910	-0.048326	0.352884	-0.006567	0.935644	-0.135944	-0.989724	0.044325	0.925739	-0.142837	-0.350151
46207	9.862911	1.054239	-3.244192	0.012630	-0.175663	-0.050546	0.354578	-0.006288	0.935005	-0.135590	-0.989753	0.044763	0.925143	-0.142650	-0.351798
46208	9.852005	0.970918	-2.933398	0.016345	-0.199136	-0.047746	0.356319	-0.005885	0.934346	-0.135214	-0.989779	0.045330	0.924529	-0.142488	-0.353473
46209	10.052262	0.878537	-2.483504	0.061429	-0.251483	-0.043671	0.358701	-0.005781	0.933434	-0.134432	-0.989876	0.045530	0.923721	-0.141815	-0.355847
46210	10.330698	0.716919	-1.775668	0.152310	-0.338128	-0.046166	0.361845	-0.005454	0.932222	-0.132668	-0.990106	0.045703	0.922750	-0.140213	-0.358989
46211	10.689514	0.567544	-0.809666	0.362509	-0.404865	-0.090173	0.365696	-0.005091	0.930720	-0.128939	-0.990620	0.045244	0.921760	-0.136552	-0.362922
46212	10.862234	1.175548	0.518318	0.548073	-0.403337	-0.174728	0.369482	-0.003631	0.929231	-0.123151	-0.991363	0.045094	0.921041	-0.131097	-0.366738
46213	11.596028	1.629497	1.488520	0.537183	-0.493374	-0.196726	0.374259	-0.002283	0.927321	-0.117418	-0.992065	0.044947	0.919860	-0.125706	-0.371557
46214	11.885866	1.864274	2.147019	0.498675	-0.528543	-0.164019	0.379085	-0.000929	0.925361	-0.112188	-0.992669	0.044962	0.918536	-0.120859	-0.376411
46215	11.947784	1.586554	2.051058	0.522115	-0.573809	-0.153646	0.384518	-0.000052	0.923118	-0.106754	-0.993293	0.044412	0.916924	-0.115624	-0.381944
46216	11.673641	1.606192	1.918220	0.559628	-0.684845	-0.121942	0.390721	0.000707	0.920509	-0.100976	-0.993932	0.043624	0.914954	-0.109994	-0.388279
46217	11.679026	1.679635	1.243888	0.482256	-0.848705	-0.070740	0.398541	0.000528	0.917150	-0.096236	-0.994455	0.042392	0.912087	-0.105158	-0.396281
46218	11.547544	1.873780	0.390780	0.413939	-0.924041	-0.010916	0.406672	0.000051	0.913574	-0.092241	-0.994887	0.041116	0.908906	-0.100990	-0.404588
46219	11.025133	1.984601	-0.895952	0.227166	-0.967487	0.060903	0.415388	-0.001490	0.909643	-0.090377	-0.995118	0.039640	0.905143	-0.098677	-0.413495
46220	10.306372	1.933174	-2.150371	-0.022181	-1.023270	0.140289	0.424227	-0.003461	0.905549	-0.091106	-0.995082	0.038878	0.900961	-0.098994	-0.422456
46221	9.703094	1.651086	-3.620478	-0.274710	-1.041512	0.227633	0.433371	-0.006739	0.901190	-0.094497	-0.994800	0.038003	0.896247	-0.101629	-0.431755
46222	9.068402	1.271753	-4.749083	-0.415340	-1.050368	0.294083	0.441994	-0.010296	0.896959	-0.099620	-0.994312	0.037676	0.891469	-0.106008	-0.440505
46223	8.519964	1.224014	-5.466639	-0.498088	-1.029256	0.333998	0.450796	-0.014701	0.892506	-0.105487	-0.993735	0.036912	0.886372	-0.110788	-0.449523
46224	8.124572	1.060345	-6.174378	-0.635831	-0.970760	0.385790	0.458626	-0.019174	0.888422	-0.112845	-0.992930	0.036824	0.881435	-0.117143	-0.457548
46225	7.745543	0.778085	-6.719639	-0.745339	-0.906315	0.447624	0.466064	-0.024679	0.884407	-0.121415	-0.991938	0.036304	0.876381	-0.124300	-0.465302
46226	7.346490	0.441265	-7.023792	-0.811078	-0.842744	0.498533	0.472737	-0.030356	0.880681	-0.130933	-0.990733	0.036133	0.871422	-0.132392	-0.472330
46227	7.120603	0.213722	-7.045126	-0.855540	-0.759199	0.533862	0.478605	-0.036646	0.877265	-0.140858	-0.989392	0.035517	0.866658	-0.140569	-0.478690
46228	6.819497	-0.227056	-7.262963	-0.889438	-0.641836	0.549850	0.483294	-0.042727	0.874415	-0.151155	-0.987880	0.035273	0.862310	-0.149220	-0.483895
46229	6.718045	-0.467594	-7.215442	-0.839164	-0.532564	0.541559	0.487028	-0.048857	0.872019	-0.160954	-0.986354	0.034631	0.858428	-0.157222	-0.488245
46230	6.715358	-0.412105	-6.695185	-0.789689	-0.329306	0.494262	0.489098	-0.054060	0.870552	-0.170129	-0.984820	0.034427	0.855476	-0.164944	-0.490871
46231	6.658580	-0.419298	-6.242149	-0.760597	-0.004816	0.427333	0.488391	-0.058241	0.870679	-0.178671	-0.983306	0.034448	0.854137	-0.172389	-0.490644
46232	6.530814	-0.431611	-5.830783	-0.721713	0.337491	0.348076	0.484918	-0.060906	0.872436	-0.186397	-0.981849	0.035059	0.854465	-0.179621	-0.487469
46233	6.664642	-0.725198	-6.172659	-0.714110	0.668153	0.278742	0.478671	-0.062384	0.875775	-0.193801	-0.980377	0.036091	0.856338	-0.187002	-0.481368
46234	7.000626	-1.156014	-5.813919	-0.512890	0.927637	0.207554	0.470275	-0.062469	0.880306	-0.199015	-0.979304	0.036824	0.859787	-0.192511	-0.472975
46235	7.431515	-1.062609	-4.939607	-0.267106	1.214975	0.106823	0.459582	-0.061123	0.886030	-0.201767	-0.978729	0.037139	0.864913	-0.195840	-0.462139
46236	7.342905	-0.769744	-4.809415	-0.077761	1.488342	-0.001160	0.446696	-0.058053	0.892800	-0.202333	-0.978595	0.037602	0.871507	-0.197439	-0.448880
46237	7.437332	-0.369065	-4.970136	0.115925	1.728599	-0.123890	0.431811	-0.053397	0.900382	-0.200727	-0.978902	0.038213	0.879345	-0.197231	-0.433418
46238	7.486825	0.005644	-5.075410	0.272986	1.955701	-0.219639	0.415037	-0.047313	0.908573	-0.197326	-0.979557	0.039129	0.888148	-0.195525	-0.415889
46239	7.563754	0.374077	-4.841452	0.394513	2.140364	-0.297150	0.396503	-0.040215	0.917152	-0.192550	-0.980461	0.040253	0.897613	-0.192558	-0.396499
46240	7.671794	0.588439	-4.403349	0.495155	2.335368	-0.361870	0.376119	-0.032091	0.926015	-0.186571	-0.981553	0.041763	0.907593	-0.188476	-0.375168
46241	7.740458	0.776643	-3.959831	0.592077	2.489646	-0.413769	0.354151	-0.023366	0.934896	-0.179609	-0.982777	0.043476	0.917779	-0.183313	-0.352248
46242	7.836880	1.111908	-3.669047	0.684741	2.624662	-0.456381	0.330727	-0.014026	0.943622	-0.171589	-0.984117	0.045511	0.927996	-0.176967	-0.327881
46243	7.958858	1.473537	-3.496883	0.756676	2.717066	-0.486117	0.306186	-0.004495	0.951961	-0.162935	-0.985481	0.047752	0.937924	-0.169729	-0.302473
46244	8.260712	2.167800	-3.100720	0.784017	2.798054	-0.505859	0.280594	0.005263	0.959812	-0.153905	-0.986799	0.050404	0.947407	-0.161862	-0.276080
46245	8.477329	2.587517	-2.775745	0.648740	2.864080	-0.493187	0.254071	0.014705	0.967074	-0.146366	-0.987784	0.053474	0.956047	-0.155133	-0.248815
46246	8.561225	2.708006	-2.760676	0.471264	2.913904	-0.473035	0.226759	0.023955	0.973656	-0.140543	-0.988430	0.057050	0.963757	-0.149777	-0.220769
46247	8.640719	2.562716	-2.599562	0.334152	2.937458	-0.454143	0.198973	0.032817	0.979455	-0.136300	-0.988799	0.060819	0.970480	-0.145601	-0.192271
46248	8.795485	2.303033	-2.588880	0.214495	2.926502	-0.413132	0.171024	0.041251	0.984403	-0.133281	-0.988971	0.064598	0.976210	-0.142250	-0.163640
46249	9.016611	2.293026	-2.604978	0.176763	2.871922	-0.371746	0.143405	0.049003	0.988450	-0.130924	-0.989056	0.068027	0.980966	-0.139167	-0.135420
46250	8.987523	2.651839	-2.163081	0.133896	2.788115	-0.327159	0.116407	0.056214	0.991610	-0.129016	-0.989082	0.071216	0.984786	-0.136223	-0.107884
46251	9.549758	3.071115	-0.189215	0.191065	2.633571	-0.295974	0.090805	0.062717	0.993892	-0.126783	-0.989166	0.074002	0.987765	-0.132728	-0.081870
46252	11.795239	2.122154	11.000098	0.172206	1.990141	-0.334833	0.071530	0.068778	0.995064	-0.124635	-0.989185	0.077331	0.989621	-0.129551	-0.062184
46253	11.814836	-2.987597	7.956642	-0.555180	0.580390	0.080094	0.065680	0.068787	0.995467	-0.130142	-0.988509	0.076893	0.989318	-0.134602	-0.055974
46254	8.042122	-3.714698	-4.880061	0.174281	-1.220689	0.639244	0.076882	0.060969	0.995174	-0.128657	-0.989177	0.070541	0.988705	-0.133459	-0.068206
46255	6.611727	3.188029	-7.265773	0.784827	-2.014748	0.985673	0.095556	0.048623	0.994236	-0.121708	-0.990742	0.060150	0.987956	-0.126754	-0.088754
46256	7.682443	6.681182	0.334375	-0.168177	-1.688284	0.822510	0.111182	0.038450	0.993056	-0.124032	-0.990901	0.052254	0.986030	-0.128980	-0.105401
46257	8.855770	0.777035	1.164346	-1.852647	-0.914444	0.479608	0.119539	0.032473	0.992298	-0.142778	-0.988514	0.049549	0.982510	-0.147602	-0.113529
46258	10.383796	-5.620596	0.018579	-1.117683	-0.743615	0.349332	0.126290	0.028039	0.991597	-0.153966	-0.986933	0.047516	0.979972	-0.158673	-0.120323
46259	10.952771	-3.824898	-2.472059	-0.007240	-0.733930	0.401887	0.132855	0.022942	0.990870	-0.154515	-0.987029	0.043570	0.979017	-0.158892	-0.127587
46260	9.915953	1.508307	-3.922550	-0.241571	-0.677545	0.400169	0.138833	0.018039	0.990151	-0.157237	-0.986749	0.040024	0.977753	-0.161245	-0.134157
46261	8.956570	1.877721	-5.003088	-1.049119	-0.631164	0.371466	0.144389	0.013361	0.989431	-0.167964	-0.985068	0.037813	0.975162	-0.171649	-0.139988
46262	8.672377	-0.290171	-4.500335	-1.236147	-0.675249	0.259318	0.150494	0.009744	0.988563	-0.180209	-0.982928	0.037123	0.972047	-0.183734	-0.146169
46263	9.879433	-2.166017	-4.548883	-0.538094	-0.743491	0.219511	0.157309	0.006236	0.987530	-0.185727	-0.981949	0.035787	0.969927	-0.189041	-0.153311
46264	10.959116	-0.528399	-3.236203	0.279653	-0.789685	0.273975	0.164450	0.002187	0.986383	-0.183308	-0.982510	0.032739	0.969203	-0.186195	-0.161173
46265	10.773283	1.565110	-3.277891	0.502898	-0.718416	0.383252	0.170715	-0.002865	0.985316	-0.179032	-0.983440	0.028159	0.968919	-0.181210	-0.168401
46266	9.823606	2.761017	-3.704202	0.431782	-0.696949	0.429153	0.176700	-0.008213	0.984230	-0.175453	-0.984212	0.023286	0.968501	-0.176800	-0.175351
46267	9.457063	2.658079	-3.807156	0.213961	-0.710901	0.452550	0.182788	-0.013882	0.983054	-0.174150	-0.984546	0.018478	0.967606	-0.174576	-0.182380
46268	9.851633	1.767920	-3.785405	0.020077	-0.719741	0.476114	0.188918	-0.019693	0.981795	-0.174698	-0.984524	0.013868	0.966328	-0.174138	-0.189435
46269	10.345850	0.976386	-3.989132	-0.117545	-0.638010	0.478996	0.194234	-0.025487	0.980624	-0.176705	-0.984219	0.009420	0.964909	-0.175111	-0.195672
46270	10.032064	0.551682	-4.119130	-0.189918	-0.543066	0.478551	0.198626	-0.031016	0.979585	-0.179339	-0.983774	0.005215	0.963528	-0.176713	-0.200965
46271	9.758768	0.499077	-3.596935	-0.296902	-0.513043	0.467272	0.202715	-0.036490	0.978558	-0.183089	-0.983095	0.001269	0.961969	-0.179421	-0.205969
46272	9.622031	-0.126284	-2.979162	-0.421594	-0.526439	0.452714	0.206947	-0.041759	0.977461	-0.187939	-0.982178	-0.002170	0.960131	-0.183253	-0.211107
46273	9.923352	-0.711122	-2.656095	-0.353876	-0.532886	0.428584	0.211242	-0.046916	0.976307	-0.192183	-0.981343	-0.005576	0.958354	-0.186452	-0.216317
46274	10.048637	-0.644971	-2.096845	-0.243854	-0.497217	0.411923	0.215219	-0.051759	0.975193	-0.195273	-0.980708	-0.008956	0.956843	-0.188501	-0.221174
46275	9.724844	-0.523921	-1.673662	-0.295778	-0.509240	0.405125	0.219287	-0.056661	0.974014	-0.198934	-0.979937	-0.012218	0.955164	-0.191085	-0.226159
46276	9.606487	-0.541328	-1.652255	-0.351671	-0.546298	0.384353	0.223741	-0.061350	0.972716	-0.203018	-0.979059	-0.015052	0.953270	-0.194111	-0.231511
46277	9.479289	-0.328407	-1.295025	-0.424837	-0.546411	0.373549	0.228175	-0.066040	0.971378	-0.207861	-0.977999	-0.017664	0.951173	-0.197881	-0.236882
46278	9.360660	-0.765795	-1.718098	-0.482800	-0.560173	0.345115	0.232784	-0.070405	0.969977	-0.213118	-0.976827	-0.019756	0.948890	-0.202120	-0.242394
46279	9.481694	-0.703192	-1.957627	-0.356392	-0.559525	0.312596	0.237413	-0.074561	0.968543	-0.217184	-0.975885	-0.021889	0.946819	-0.205155	-0.247882
46280	9.492187	-0.593828	-2.331311	-0.362236	-0.530593	0.297118	0.241794	-0.078429	0.967153	-0.221196	-0.974940	-0.023760	0.944779	-0.208186	-0.253082
46281	9.472168	-0.746727	-2.663424	-0.399379	-0.515539	0.286253	0.246018	-0.082264	0.965768	-0.225616	-0.973883	-0.025482	0.942641	-0.211624	-0.258153
46282	9.471403	-0.932146	-2.812866	-0.405503	-0.502256	0.270403	0.250145	-0.085843	0.964395	-0.229982	-0.972822	-0.026941	0.940498	-0.215055	-0.263089
46283	9.623111	-1.029594	-3.153738	-0.361093	-0.479277	0.255375	0.254054	-0.089328	0.963056	-0.233971	-0.971828	-0.028420	0.938464	-0.218107	-0.267797
46284	9.652121	-0.984143	-3.407759	-0.318931	-0.430251	0.237986	0.257541	-0.092465	0.961833	-0.237452	-0.970943	-0.029760	0.936637	-0.220725	-0.272014
46285	9.594257	-0.951287	-3.602472	-0.285382	-0.393555	0.223025	0.260691	-0.095466	0.960691	-0.240653	-0.970113	-0.031099	0.934947	-0.223086	-0.275873
46286	9.601810	-0.795529	-3.681292	-0.254942	-0.375022	0.203682	0.263716	-0.098168	0.959592	-0.243458	-0.969375	-0.032261	0.933371	-0.225113	-0.279539
46287	9.563796	-0.659666	-3.738568	-0.225493	-0.349827	0.177236	0.266545	-0.100639	0.958554	-0.245983	-0.968702	-0.033304	0.931905	-0.226911	-0.282958
46288	9.374095	-0.595476	-3.522970	-0.203665	-0.325791	0.166252	0.269184	-0.102882	0.957578	-0.248222	-0.968098	-0.034235	0.930551	-0.228476	-0.286134
46289	9.299456	-0.678081	-3.157031	-0.157154	-0.327661	0.147360	0.271864	-0.105022	0.956588	-0.250033	-0.967598	-0.035171	0.929286	-0.229617	-0.289314
46290	9.479947	-0.615796	-2.664729	-0.071414	-0.335961	0.135039	0.274663	-0.106994	0.955569	-0.250967	-0.967320	-0.036173	0.928211	-0.229881	-0.292539
46291	9.419005	-0.505605	-2.311322	-0.005849	-0.328345	0.125315	0.277395	-0.108923	0.954562	-0.251318	-0.967184	-0.037331	0.927303	-0.229543	-0.295667
46292	9.254633	-0.402561	-2.129260	0.030049	-0.323948	0.122602	0.280106	-0.110746	0.953560	-0.251281	-0.967148	-0.038511	0.926498	-0.228825	-0.298732
46293	9.237712	-0.485527	-2.013939	0.000930	-0.358878	0.108479	0.283157	-0.112578	0.952443	-0.251529	-0.967042	-0.039526	0.925503	-0.228376	-0.302141
46294	9.283738	-0.556607	-2.106308	0.024184	-0.361214	0.102794	0.286255	-0.114289	0.951313	-0.251494	-0.967011	-0.040499	0.924559	-0.227657	-0.305555
46295	9.160268	-0.457877	-1.964686	0.002824	-0.389149	0.095657	0.289610	-0.116062	0.950082	-0.251695	-0.966921	-0.041396	0.923459	-0.227142	-0.309243
46296	8.997792	-0.474383	-1.920331	-0.052548	-0.409727	0.087969	0.293184	-0.117734	0.948779	-0.252328	-0.966730	-0.041990	0.922157	-0.227092	-0.313137
46297	8.874143	-0.506574	-1.835187	-0.086774	-0.441738	0.083419	0.297044	-0.119508	0.947356	-0.253324	-0.966448	-0.042486	0.920648	-0.227368	-0.317351
46298	8.979480	-0.639789	-1.894109	-0.140094	-0.482372	0.077440	0.301296	-0.121244	0.945791	-0.254731	-0.966069	-0.042695	0.918876	-0.228058	-0.321958
46299	9.130962	-0.607158	-2.003994	-0.135092	-0.500648	0.069471	0.305715	-0.123021	0.944142	-0.256132	-0.965690	-0.042893	0.917025	-0.228712	-0.326736
46300	9.059225	-0.399367	-2.119513	-0.133263	-0.518367	0.068573	0.310299	-0.124758	0.942417	-0.257446	-0.965334	-0.043026	0.915115	-0.229271	-0.331661
46301	9.015284	-0.455288	-2.463789	-0.181658	-0.544275	0.070637	0.315092	-0.126653	0.940572	-0.259277	-0.964842	-0.043063	0.912958	-0.230300	-0.336853
46302	8.977515	-0.720866	-2.882651	-0.194746	-0.564188	0.072570	0.320058	-0.128542	0.938637	-0.261161	-0.964337	-0.043010	0.910691	-0.231370	-0.342214
46303	8.898815	-0.869596	-3.071598	-0.148152	-0.585249	0.063765	0.325215	-0.130475	0.936596	-0.262664	-0.963925	-0.043077	0.908429	-0.232001	-0.347754
46304	8.833302	-0.749019	-2.995902	-0.083302	-0.612812	0.053091	0.330646	-0.132295	0.934436	-0.263472	-0.963699	-0.043210	0.906232	-0.231911	-0.353499
46305	8.809068	-0.789832	-2.989424	-0.070346	-0.631688	0.046809	0.336241	-0.134173	0.932169	-0.264214	-0.963488	-0.043377	0.903954	-0.231707	-0.359414
46306	8.971044	-0.761830	-2.725248	-0.031068	-0.654554	0.040191	0.342053	-0.135963	0.929792	-0.264509	-0.963399	-0.043570	0.901684	-0.231035	-0.365497
46307	9.227304	-1.059750	-2.769461	-0.031765	-0.701551	0.034477	0.348280	-0.137876	0.927195	-0.264863	-0.963293	-0.043754	0.899193	-0.230341	-0.372014
46308	9.394430	-0.600088	-2.591419	0.085255	-0.720004	0.023915	0.354691	-0.139647	0.924496	-0.264057	-0.963492	-0.044230	0.896921	-0.228432	-0.378617
46309	9.269305	-0.189881	-2.416666	0.071437	-0.744856	0.022278	0.361305	-0.141519	0.921646	-0.263446	-0.963638	-0.044690	0.894458	-0.226657	-0.385450
46310	9.234528	-0.466143	-2.352766	-0.003591	-0.811732	0.017072	0.368516	-0.143403	0.918494	-0.263409	-0.963645	-0.044768	0.891522	-0.225442	-0.392892
46311	9.449932	-0.658432	-2.530253	0.030133	-0.866900	0.007089	0.376213	-0.145381	0.915056	-0.263116	-0.963717	-0.044936	0.888388	-0.223860	-0.400815
46312	9.612446	-0.152979	-2.406838	0.073000	-0.888973	0.010947	0.384074	-0.147348	0.911469	-0.262371	-0.963905	-0.045267	0.885239	-0.221758	-0.408870
46313	9.453413	0.161941	-2.376228	-0.014614	-0.927675	0.032551	0.392185	-0.149675	0.907628	-0.262575	-0.963839	-0.045487	0.881615	-0.220481	-0.417304
46314	9.472177	-0.018781	-2.921326	-0.114330	-0.967996	0.039688	0.400599	-0.152062	0.903547	-0.263588	-0.963571	-0.045298	0.877520	-0.220018	-0.426087
46315	9.501981	-0.174426	-3.485131	-0.164818	-0.991084	0.042270	0.409164	-0.154612	0.899266	-0.265149	-0.963159	-0.044955	0.873087	-0.220046	-0.435085
46316	9.466538	-0.281451	-3.783394	-0.181833	-1.015984	0.040725	0.417907	-0.157106	0.894803	-0.266744	-0.962742	-0.044454	0.868448	-0.220105	-0.444243
46317	9.355183	-0.585954	-3.652116	-0.215231	-1.073494	0.042645	0.427090	-0.159843	0.889969	-0.268735	-0.962215	-0.043855	0.863351	-0.220436	-0.453908
46318	9.721723	-1.095418	-3.746203	-0.209624	-1.132959	0.030809	0.436762	-0.162499	0.884778	-0.270511	-0.961752	-0.043101	0.857941	-0.220517	-0.464014
46319	9.990326	-0.933835	-3.972018	-0.096788	-1.122343	0.014983	0.446323	-0.165075	0.879515	-0.271352	-0.961530	-0.042767	0.852739	-0.219570	-0.473946
46320	9.868996	-0.285414	-3.756685	-0.023525	-1.132946	0.007131	0.455939	-0.167482	0.874111	-0.271419	-0.961516	-0.042656	0.847615	-0.217801	-0.483850
46321	9.827148	-0.137641	-3.441524	-0.117796	-1.202723	-0.009060	0.466125	-0.169970	0.868238	-0.272318	-0.961291	-0.041989	0.841766	-0.216865	-0.494368
46322	10.589472	-0.300287	-3.181516	-0.124603	-1.273633	-0.066236	0.476990	-0.171941	0.861926	-0.272876	-0.961186	-0.040732	0.835475	-0.215770	-0.505395
46323	11.238540	0.153147	-2.369100	-0.035916	-1.276466	-0.137664	0.487992	-0.173322	0.855467	-0.272457	-0.961363	-0.039357	0.829235	-0.213872	-0.516360
46324	11.489515	0.836015	-1.349950	-0.022128	-1.312148	-0.173392	0.499304	-0.174284	0.848717	-0.271590	-0.961674	-0.037702	0.822760	-0.211679	-0.527502
46325	11.941108	1.384196	-0.463891	-0.133107	-1.413466	-0.182110	0.511378	-0.175478	0.841249	-0.271706	-0.961727	-0.035444	0.815272	-0.210447	-0.539484
46326	12.541213	2.064347	0.265737	-0.163303	-1.457329	-0.194190	0.523729	-0.176475	0.833406	-0.271797	-0.961794	-0.032858	0.807363	-0.209308	-0.551684
46327	12.203176	2.955282	1.153025	-0.283500	-1.494659	-0.141708	0.536120	-0.178202	0.825118	-0.273268	-0.961467	-0.030095	0.798687	-0.209344	-0.564159
46328	12.082583	2.773343	1.226064	-0.558879	-1.635136	-0.062718	0.549267	-0.180799	0.815854	-0.277081	-0.960486	-0.026308	0.788372	-0.211608	-0.577660
46329	12.227212	2.111116	1.065433	-0.768908	-1.677704	0.008685	0.562377	-0.184430	0.806051	-0.283093	-0.958843	-0.021878	0.776911	-0.215883	-0.591442
46330	12.561990	0.711775	0.715556	-0.934375	-1.628950	0.034963	0.574444	-0.189336	0.796345	-0.292363	-0.956166	-0.016438	0.764551	-0.223379	-0.604619
46331	12.559321	-0.989832	0.015613	-1.034228	-1.590334	0.090298	0.586242	-0.193766	0.786623	-0.300676	-0.953665	-0.010830	0.752273	-0.230169	-0.617339
46332	12.215656	-2.212614	-1.644376	-1.064530	-1.684221	0.133457	0.597897	-0.200259	0.776154	-0.311644	-0.950185	-0.005093	0.738510	-0.238839	-0.630522
46333	11.910681	-2.982136	-3.306771	-0.901595	-1.773598	0.128423	0.610475	-0.205719	0.764853	-0.318962	-0.947767	-0.000334	0.724971	-0.243755	-0.644205
46334	11.220299	-2.926456	-4.637678	-0.626069	-1.905269	0.070687	0.623351	-0.212546	0.752501	-0.326335	-0.945248	0.003339	0.710591	-0.247649	-0.658583
46335	10.951813	-2.076741	-5.455230	-0.495612	-2.054267	-0.035926	0.637923	-0.217258	0.738819	-0.329540	-0.944116	0.006908	0.696030	-0.247877	-0.673869
46336	10.462400	-1.391607	-6.565674	-0.576046	-2.060299	-0.116829	0.651854	-0.222943	0.724833	-0.335315	-0.942032	0.011806	0.680184	-0.250743	-0.688823
46337	9.798144	-1.047652	-7.432075	-0.528129	-1.977696	-0.185896	0.665792	-0.226118	0.711050	-0.337589	-0.941143	0.016813	0.665398	-0.251236	-0.702941
46338	8.775976	-0.681890	-7.700339	-0.412296	-1.756073	-0.228189	0.677460	-0.230165	0.698622	-0.341380	-0.939681	0.021455	0.651543	-0.253030	-0.715170
46339	7.574740	-0.476404	-8.191763	-0.338225	-1.527793	-0.215013	0.688068	-0.231969	0.687571	-0.342041	-0.939342	0.025377	0.639977	-0.252639	-0.725674
46340	6.400619	-0.354451	-9.041132	-0.224074	-1.289674	-0.168040	0.696247	-0.235171	0.678185	-0.344476	-0.938370	0.028256	0.629743	-0.253291	-0.734348
46341	5.239517	-0.202588	-9.471293	-0.054329	-1.166819	-0.099753	0.703897	-0.237138	0.669548	-0.344062	-0.938489	0.029323	0.621409	-0.251007	-0.742190
46342	4.960520	0.015631	-9.842749	0.092076	-1.056073	-0.059111	0.710078	-0.240633	0.661729	-0.345049	-0.938133	0.029115	0.613784	-0.249003	-0.749177
46343	5.114583	0.527207	-10.192688	-0.017541	-0.654016	0.016096	0.714029	-0.242368	0.656826	-0.345216	-0.938071	0.029134	0.609089	-0.247550	-0.753479
46344	4.573420	0.147839	-9.548052	-0.232727	-0.270106	0.049697	0.715076	-0.244537	0.654880	-0.348428	-0.936835	0.030634	0.606024	-0.250084	-0.755111
46345	5.804108	-1.044145	-7.987928	-0.055844	-0.069466	-0.021282	0.715578	-0.244472	0.654355	-0.348559	-0.936768	0.031187	0.605354	-0.250399	-0.755544
46346	7.266726	-1.590951	-7.896221	0.518512	0.451274	-0.122625	0.712865	-0.243163	0.657796	-0.345879	-0.937857	0.028144	0.610075	-0.247581	-0.752670
46347	7.056345	-0.675615	-7.743075	1.139855	0.879464	-0.225046	0.708231	-0.238870	0.664342	-0.337213	-0.941192	0.021077	0.620239	-0.238952	-0.747132
46348	7.045856	0.218152	-7.753833	1.265715	1.107924	-0.276231	0.701838	-0.234578	0.672604	-0.328638	-0.944358	0.013567	0.631997	-0.230566	-0.739878
46349	7.022855	0.457693	-7.881140	1.278148	1.424062	-0.338218	0.693837	-0.228117	0.683046	-0.318054	-0.948051	0.006458	0.646089	-0.221727	-0.730347
46350	6.854427	0.150334	-7.671476	1.288245	1.742443	-0.408501	0.683473	-0.220954	0.695732	-0.307602	-0.951515	-0.000005	0.662001	-0.214005	-0.718301
46351	6.982498	-0.309953	-7.268098	1.458418	2.072760	-0.523388	0.671140	-0.211585	0.710495	-0.294210	-0.955717	-0.006698	0.680450	-0.204540	-0.703670
46352	7.251643	-0.227328	-6.760079	1.696315	2.357793	-0.628417	0.656357	-0.201592	0.727018	-0.279458	-0.960057	-0.013914	0.700784	-0.194039	-0.686477
46353	7.304462	0.136874	-6.293894	1.757050	2.625224	-0.697398	0.639566	-0.189900	0.744912	-0.262376	-0.964744	-0.020672	0.722575	-0.182226	-0.666843
46354	7.210973	0.494295	-6.163945	1.722895	2.860135	-0.741911	0.620265	-0.178054	0.763916	-0.245745	-0.968977	-0.026316	0.744903	-0.171406	-0.644779
46355	7.095480	1.008018	-5.896333	1.626931	3.049132	-0.776130	0.599050	-0.165411	0.783440	-0.228652	-0.973027	-0.030603	0.767370	-0.160802	-0.620714
46356	7.146448	1.521355	-5.777645	1.434918	3.246785	-0.801197	0.575362	-0.152860	0.803488	-0.213466	-0.976397	-0.032896	0.789551	-0.152590	-0.594412
46357	7.126301	1.832638	-5.695606	1.166153	3.440024	-0.823020	0.549523	-0.139631	0.823728	-0.199443	-0.979355	-0.032959	0.811324	-0.146175	-0.566027
46358	7.124156	1.809166	-5.599949	0.858694	3.617158	-0.838780	0.521272	-0.126397	0.843979	-0.188451	-0.981605	-0.030614	0.832323	-0.143091	-0.535503
46359	7.047532	1.612230	-5.705474	0.527593	3.810962	-0.839508	0.490706	-0.112666	0.864010	-0.179700	-0.983373	-0.026172	0.852593	-0.142420	-0.502793
46360	6.877965	1.159714	-5.997883	0.314170	3.982510	-0.849803	0.457756	-0.098619	0.883591	-0.173190	-0.984682	-0.020179	0.872046	-0.143792	-0.467824
46361	6.871068	0.766941	-6.027991	0.244758	4.125853	-0.864982	0.422858	-0.084094	0.902286	-0.167167	-0.985836	-0.013538	0.890644	-0.145107	-0.430926
46362	6.829289	0.430823	-6.378914	0.236393	4.289593	-0.883540	0.385643	-0.068991	0.920065	-0.161378	-0.986872	-0.006360	0.908426	-0.146025	-0.391714
46363	7.183770	0.426924	-6.181911	0.339165	4.390168	-0.897692	0.346806	-0.053688	0.936399	-0.154924	-0.987926	0.000735	0.925053	-0.145326	-0.350937
46364	7.608648	1.229035	-5.751754	0.357417	4.568284	-0.877052	0.305449	-0.038207	0.951442	-0.148436	-0.988890	0.007943	0.940568	-0.143655	-0.307727
46365	7.579523	1.466773	-6.494046	0.101771	4.707275	-0.814366	0.262039	-0.023336	0.964775	-0.145107	-0.989295	0.015483	0.954086	-0.144053	-0.262620
46366	7.687781	1.743840	-6.047226	-0.080387	4.769595	-0.754444	0.217272	-0.008742	0.976072	-0.143633	-0.989361	0.023112	0.965485	-0.145218	-0.216217
46367	8.018398	1.659589	-6.101080	-0.412439	4.812598	-0.667440	0.171551	0.004992	0.985163	-0.146285	-0.988773	0.030484	0.974254	-0.149344	-0.168894
46368	8.516046	1.627188	-6.029593	-0.643957	4.884309	-0.593108	0.124619	0.018461	0.992033	-0.151428	-0.987760	0.037403	0.980581	-0.154883	-0.120298
46369	8.294371	1.543574	-5.437661	-0.982095	4.938699	-0.535045	0.076926	0.031643	0.996535	-0.160490	-0.986070	0.043699	0.984035	-0.163295	-0.070776
46370	8.560661	0.996206	-4.873809	-1.230381	4.843508	-0.459444	0.029945	0.044478	0.998561	-0.172101	-0.983861	0.048984	0.984624	-0.173320	-0.021808
46371	8.760093	-0.002973	-2.627821	-1.385378	4.691862	-0.418639	-0.015465	0.057030	0.998253	-0.185655	-0.981175	0.053178	0.982493	-0.184508	0.025762
46372	8.798014	-1.717281	4.667543	-1.155197	4.249039	-0.488690	-0.056259	0.069972	0.995961	-0.196923	-0.978723	0.057638	0.978803	-0.192885	0.068841
46373	12.633301	-3.506145	0.612852	-1.336331	3.646269	-0.472471	-0.090895	0.081853	0.992491	-0.210275	-0.975724	0.061213	0.973408	-0.203133	0.105900
46374	9.134100	-1.175387	1.752240	-0.448782	2.680306	-0.222960	-0.116525	0.089605	0.989137	-0.214647	-0.974657	0.063007	0.969716	-0.204974	0.132806
46375	5.953429	-0.091586	3.187111	-0.708717	1.686567	-0.060310	-0.132720	0.093737	0.986711	-0.221543	-0.973136	0.062648	0.966077	-0.210285	0.149921
46376	5.141191	-1.919489	2.232851	-0.480796	0.834776	-0.002713	-0.140836	0.095631	0.985403	-0.225971	-0.972156	0.062049	0.963900	-0.213933	0.158524
46377	5.250558	-2.047610	0.703266	0.213065	0.020443	0.058012	-0.141164	0.095153	0.985403	-0.223797	-0.972671	0.061864	0.964359	-0.211797	0.158601
46378	5.384162	-0.969510	-0.598715	0.515138	-0.714279	0.174749	-0.134723	0.092045	0.986599	-0.218377	-0.973953	0.061046	0.966520	-0.207227	0.151314
46379	5.529500	-1.139288	-2.590226	0.463904	-1.285545	0.290668	-0.122910	0.086613	0.988631	-0.213474	-0.975172	0.058894	0.969186	-0.203809	0.138348
