// General information: 
//  MT Manager version: 2022.2.0 
//  XDA version: 2022.2.0 build 7381 rev 124627 built on 2023-07-19
// Device information: 
//  DeviceId: 00B4CBA7
//  ProductCode: MTW2-3A7G6
//  Firmware Version: 4.6.0
//  Hardware Version: 2.0.0
// Device settings: 
//  Filter Profile: human(46.1)
//  Option Flags: Orientation Smoother Disabled, Position/Velocity Smoother Disabled, Continuous Zero Rotation Update Disabled, AHS Disabled, ICC Disabled
// Coordinate system: ENU
PacketCounter	Acc_X	Acc_Y	Acc_Z	Gyr_X	Gyr_Y	Gyr_Z	Mat[1][1]	Mat[2][1]	Mat[3][1]	Mat[1][2]	Mat[2][2]	Mat[3][2]	Mat[1][3]	Mat[2][3]	Mat[3][3]
51042	9.595431	-1.023522	-1.558822	0.006779	0.020157	0.006539	0.157972	-0.079783	0.984215	0.125079	-0.987085	-0.100092	0.979490	0.138916	-0.145953
51043	9.602381	-0.995776	-1.481413	0.004392	0.017487	0.004441	0.157826	-0.079696	0.984246	0.124815	-0.987133	-0.099944	0.979547	0.138622	-0.145848
51044	9.569198	-0.987493	-1.479979	-0.004369	0.018833	0.004600	0.157620	-0.079732	0.984276	0.124751	-0.987142	-0.099941	0.979588	0.138542	-0.145647
51045	9.571796	-0.976700	-1.419572	0.002802	0.017229	0.004884	0.157382	-0.079721	0.984315	0.124715	-0.987151	-0.099891	0.979631	0.138480	-0.145417
51046	9.589200	-0.908905	-1.350495	-0.000833	0.016810	0.009478	0.157202	-0.079801	0.984337	0.124679	-0.987151	-0.099941	0.979665	0.138437	-0.145232
51047	9.585000	-0.926647	-1.366174	-0.014186	0.009268	0.005557	0.157220	-0.079874	0.984328	0.124495	-0.987169	-0.099989	0.979685	0.138265	-0.145259
51048	9.604911	-0.919797	-1.377731	-0.024536	0.010358	0.006155	0.157099	-0.079913	0.984344	0.124231	-0.987204	-0.099972	0.979738	0.137992	-0.145161
51049	9.598355	-0.948430	-1.452383	-0.024229	0.013339	0.007366	0.157126	-0.080045	0.984329	0.124010	-0.987222	-0.100076	0.979762	0.137791	-0.145191
51050	9.589819	-0.983059	-1.485369	-0.025308	0.007468	0.008651	0.157037	-0.080105	0.984339	0.123735	-0.987255	-0.100083	0.979811	0.137514	-0.145124
51051	9.634501	-1.019389	-1.530398	-0.023258	0.012196	0.010027	0.156886	-0.080189	0.984356	0.123494	-0.987283	-0.100110	0.979865	0.137268	-0.144988
51052	9.634587	-1.019942	-1.529487	-0.011960	0.010440	0.007052	0.156766	-0.080237	0.984371	0.123352	-0.987299	-0.100120	0.979902	0.137120	-0.144878
51053	9.603630	-1.000485	-1.470096	-0.009116	0.013014	0.005445	0.156788	-0.080412	0.984353	0.123368	-0.987279	-0.100301	0.979897	0.137164	-0.144873
51054	9.590185	-0.985165	-1.481608	-0.004478	0.011816	0.008552	0.156657	-0.080477	0.984369	0.123298	-0.987284	-0.100337	0.979927	0.137089	-0.144742
51055	9.614468	-0.961529	-1.475722	0.001058	0.015474	0.004733	0.156504	-0.080564	0.984386	0.123535	-0.987244	-0.100439	0.979921	0.137325	-0.144555
51056	9.605654	-0.924072	-1.369663	-0.008606	0.011965	0.011812	0.156376	-0.080662	0.984398	0.123419	-0.987252	-0.100502	0.979956	0.137210	-0.144427
51057	9.654620	-0.943848	-1.397615	0.000335	0.007065	0.011778	0.156312	-0.080716	0.984404	0.123342	-0.987259	-0.100535	0.979976	0.137133	-0.144365
51058	9.664177	-0.972868	-1.300396	-0.004301	0.012826	0.014196	0.156179	-0.080838	0.984415	0.123265	-0.987259	-0.100628	0.980007	0.137060	-0.144224
51059	9.616974	-0.954686	-1.412816	0.002232	0.010300	0.012550	0.156108	-0.080999	0.984413	0.123451	-0.987217	-0.100806	0.979995	0.137264	-0.144113
51060	9.625594	-0.921785	-1.378065	0.017682	0.007914	0.011359	0.156019	-0.081087	0.984420	0.123594	-0.987189	-0.100903	0.979991	0.137411	-0.143998
51061	9.619274	-0.945930	-1.352395	-0.012249	0.006983	0.010872	0.156035	-0.081181	0.984410	0.123437	-0.987202	-0.100977	0.980008	0.137269	-0.144017
51062	9.575570	-1.050484	-1.482989	-0.015892	0.002001	0.009935	0.156002	-0.081247	0.984410	0.123253	-0.987221	-0.101011	0.980037	0.137090	-0.143995
51063	9.597608	-1.033293	-1.436480	0.004990	0.000820	0.014398	0.155993	-0.081282	0.984408	0.123200	-0.987225	-0.101037	0.980045	0.137040	-0.143986
51064	9.612480	-0.977183	-1.427308	-0.009226	0.006005	0.009385	0.155920	-0.081347	0.984414	0.123082	-0.987236	-0.101075	0.980071	0.136923	-0.143918
51065	9.594643	-0.979033	-1.456391	-0.016555	0.006123	0.008487	0.155897	-0.081406	0.984413	0.122881	-0.987258	-0.101101	0.980100	0.136727	-0.143907
51066	9.592586	-0.985680	-1.414310	-0.010640	0.002197	0.009942	0.155862	-0.081472	0.984413	0.122748	-0.987270	-0.101143	0.980122	0.136599	-0.143878
51067	9.603176	-0.946295	-1.422211	-0.012716	0.002512	0.009053	0.155997	-0.081449	0.984394	0.122303	-0.987333	-0.101073	0.980157	0.136161	-0.144060
51068	9.610302	-0.985865	-1.384627	-0.008257	0.000300	0.006517	0.155978	-0.081478	0.984394	0.122198	-0.987345	-0.101085	0.980173	0.136058	-0.144047
51069	9.614544	-0.969416	-1.367768	-0.010796	0.000706	0.009335	0.156165	-0.081555	0.984358	0.121943	-0.987369	-0.101151	0.980175	0.135831	-0.144248
51070	9.661106	-0.999936	-1.455460	-0.009517	-0.002017	0.007681	0.156171	-0.081593	0.984354	0.121824	-0.987382	-0.101172	0.980189	0.135718	-0.144260
51071	9.610070	-0.987824	-1.384843	0.003996	0.002437	0.006701	0.156138	-0.081630	0.984356	0.121901	-0.987368	-0.101215	0.980184	0.135797	-0.144215
51072	9.620700	-0.948283	-1.392672	-0.011768	0.001850	0.006675	0.156104	-0.081663	0.984359	0.121761	-0.987384	-0.101223	0.980207	0.135658	-0.144192
51073	9.601625	-1.095289	-1.557366	-0.016517	-0.003959	0.007505	0.156168	-0.081648	0.984350	0.121505	-0.987421	-0.101179	0.980229	0.135404	-0.144283
51074	9.570454	-1.075902	-1.499109	0.020069	0.001444	0.002412	0.156134	-0.081638	0.984356	0.121684	-0.987397	-0.101191	0.980212	0.135580	-0.144232
51075	9.593483	-0.918010	-1.418148	0.012450	-0.001897	0.005337	0.155998	-0.081559	0.984385	0.121775	-0.987395	-0.101106	0.980222	0.135646	-0.144099
51076	9.582477	-0.963826	-1.510827	-0.001724	-0.002227	0.004871	0.156001	-0.081568	0.984383	0.121737	-0.987399	-0.101110	0.980226	0.135609	-0.144106
51077	9.589559	-1.003376	-1.473413	0.005760	-0.000859	0.006376	0.156072	-0.081586	0.984371	0.121739	-0.987396	-0.101139	0.980215	0.135621	-0.144172
51078	9.628692	-0.922638	-1.459826	0.012119	0.000163	0.004614	0.156052	-0.081596	0.984373	0.121837	-0.987382	-0.101160	0.980206	0.135719	-0.144141
51079	9.606726	-0.936364	-1.405764	-0.002674	-0.001564	0.007249	0.156187	-0.081604	0.984351	0.121639	-0.987406	-0.101157	0.980209	0.135535	-0.144294
51080	9.633433	-0.974006	-1.480970	-0.014637	0.004321	0.008770	0.156132	-0.081660	0.984355	0.121468	-0.987425	-0.101181	0.980239	0.135365	-0.144250
51081	9.665044	-1.061766	-1.577023	-0.000948	0.005220	0.007906	0.156116	-0.081700	0.984354	0.121453	-0.987423	-0.101217	0.980243	0.135354	-0.144229
51082	9.616150	-1.043569	-1.547632	0.024508	0.004266	0.000367	0.156051	-0.081674	0.984367	0.121678	-0.987396	-0.101215	0.980226	0.135571	-0.144146
51083	9.611586	-0.988900	-1.425257	0.025631	0.004610	0.003634	0.156043	-0.081686	0.984367	0.121946	-0.987357	-0.101265	0.980194	0.135842	-0.144109
51084	9.594011	-0.985683	-1.353607	0.009559	0.005609	0.007922	0.155975	-0.081736	0.984373	0.122013	-0.987344	-0.101316	0.980196	0.135909	-0.144028
51085	9.598858	-1.036491	-1.374269	0.011787	0.002222	0.003891	0.155920	-0.081734	0.984382	0.122178	-0.987322	-0.101330	0.980184	0.136069	-0.143957
51086	9.549400	-0.951187	-1.306981	0.024524	0.003780	0.005405	0.155866	-0.081756	0.984389	0.122396	-0.987290	-0.101377	0.980166	0.136287	-0.143879
51087	9.602068	-0.886502	-1.280762	0.004342	-0.004664	0.006936	0.155995	-0.081780	0.984367	0.122384	-0.987288	-0.101417	0.980147	0.136291	-0.144004
51088	9.580546	-0.967391	-1.265087	0.002267	-0.004348	0.006046	0.156022	-0.081798	0.984361	0.122382	-0.987286	-0.101439	0.980143	0.136295	-0.144028
51089	9.619937	-0.958773	-1.390760	-0.004421	-0.007866	0.001558	0.156180	-0.081804	0.984335	0.122280	-0.987297	-0.101452	0.980130	0.136209	-0.144193
51090	9.599668	-0.971301	-1.479838	-0.001863	-0.008755	0.003778	0.156248	-0.081794	0.984325	0.122242	-0.987302	-0.101445	0.980124	0.136176	-0.144265
51091	9.588791	-1.011668	-1.472746	-0.005682	-0.010182	0.002723	0.156339	-0.081743	0.984315	0.122144	-0.987320	-0.101392	0.980122	0.136080	-0.144372
51092	9.621722	-1.025878	-1.573903	-0.010781	-0.008885	0.003321	0.156408	-0.081727	0.984305	0.122019	-0.987338	-0.101368	0.980127	0.135959	-0.144455
51093	9.617236	-1.043198	-1.591538	-0.002037	-0.005204	0.003660	0.156603	-0.081722	0.984275	0.121834	-0.987361	-0.101363	0.980118	0.135792	-0.144667
51094	9.605960	-1.016426	-1.545788	-0.007308	-0.000356	0.004141	0.156589	-0.081727	0.984277	0.121742	-0.987374	-0.101352	0.980132	0.135698	-0.144662
51095	9.613059	-1.055598	-1.508300	0.000485	-0.000572	0.001330	0.156589	-0.081764	0.984274	0.121864	-0.987353	-0.101407	0.980117	0.135826	-0.144645
51096	9.607731	-0.938585	-1.449110	0.013066	-0.000505	0.002235	0.156574	-0.081749	0.984277	0.121974	-0.987339	-0.101407	0.980105	0.135934	-0.144621
51097	9.588079	-0.940872	-1.336489	0.003217	-0.005012	0.003668	0.156644	-0.081651	0.984274	0.121819	-0.987370	-0.101295	0.980114	0.135771	-0.144719
51098	9.578797	-0.908347	-1.332778	-0.001068	-0.006348	0.006321	0.156692	-0.081669	0.984265	0.121785	-0.987372	-0.101314	0.980110	0.135743	-0.144767
51099	9.625543	-0.933653	-1.320350	-0.008240	-0.004733	0.006030	0.156721	-0.081684	0.984259	0.121735	-0.987377	-0.101326	0.980112	0.135698	-0.144799
51100	9.603208	-0.952356	-1.367438	-0.013165	-0.006986	0.006747	0.156776	-0.081705	0.984249	0.121581	-0.987396	-0.101332	0.980122	0.135552	-0.144866
51101	9.612167	-0.985782	-1.372768	-0.018404	-0.012219	0.006250	0.156946	-0.081691	0.984223	0.121303	-0.987433	-0.101301	0.980129	0.135288	-0.145064
51102	9.587382	-1.015330	-1.479383	-0.019202	-0.014627	0.003707	0.157072	-0.081672	0.984204	0.121095	-0.987462	-0.101268	0.980135	0.135089	-0.145212
51103	9.609379	-0.997412	-1.434180	-0.023035	-0.006455	0.008671	0.157149	-0.081733	0.984187	0.120857	-0.987487	-0.101305	0.980152	0.134865	-0.145305
51104	9.620345	-1.024749	-1.481302	-0.041033	-0.008204	0.007156	0.157216	-0.081757	0.984174	0.120429	-0.987543	-0.101274	0.980194	0.134445	-0.145412
51105	9.624948	-1.074769	-1.503700	-0.028628	-0.009146	0.002412	0.157295	-0.081727	0.984164	0.120146	-0.987583	-0.101213	0.980216	0.134164	-0.145523
51106	9.659303	-0.943430	-1.470070	-0.013484	-0.009972	0.005530	0.157378	-0.081732	0.984150	0.119991	-0.987603	-0.101207	0.980222	0.134017	-0.145620
51107	9.603915	-0.947740	-1.417299	-0.043929	-0.005257	0.004218	0.157443	-0.081721	0.984141	0.119515	-0.987668	-0.101134	0.980269	0.133543	-0.145735
51108	9.599454	-1.036639	-1.573875	-0.028963	-0.007087	0.001689	0.157493	-0.081692	0.984135	0.119214	-0.987711	-0.101067	0.980298	0.133240	-0.145819
51109	9.581829	-0.960532	-1.365020	-0.014785	-0.006766	0.002147	0.157656	-0.081654	0.984112	0.118986	-0.987744	-0.101017	0.980299	0.133021	-0.146008
51110	9.592817	-0.987392	-1.412176	-0.042176	-0.008560	0.003890	0.157724	-0.081645	0.984102	0.118552	-0.987803	-0.100952	0.980341	0.132590	-0.146121
51111	9.583892	-1.021263	-1.447405	-0.035161	-0.011666	0.003566	0.157832	-0.081583	0.984090	0.118208	-0.987854	-0.100854	0.980365	0.132245	-0.146271
51112	9.565870	-0.950202	-1.339407	-0.033744	-0.007861	0.003013	0.157892	-0.081566	0.984082	0.117857	-0.987902	-0.100793	0.980398	0.131896	-0.146368
51113	9.576827	-0.976802	-1.386872	-0.036295	-0.012011	0.000299	0.158001	-0.081439	0.984075	0.117328	-0.987985	-0.100600	0.980444	0.131354	-0.146547
51114	9.621498	-1.007378	-1.334164	-0.023677	-0.022026	0.000198	0.158196	-0.081376	0.984049	0.117081	-0.988022	-0.100526	0.980442	0.131116	-0.146773
51115	9.601004	-0.946996	-1.285917	-0.014934	-0.022893	-0.004999	0.158505	-0.081248	0.984010	0.116786	-0.988070	-0.100395	0.980427	0.130831	-0.147126
51116	9.618642	-0.945206	-1.258966	-0.034053	-0.025479	-0.004736	0.158729	-0.081131	0.983983	0.116444	-0.988124	-0.100256	0.980431	0.130493	-0.147396
51117	9.628583	-0.908785	-1.370123	-0.044905	-0.023809	-0.005461	0.158971	-0.081060	0.983950	0.115980	-0.988190	-0.100148	0.980447	0.130039	-0.147692
51118	9.676035	-0.935428	-1.603202	-0.063086	-0.027059	-0.007575	0.159207	-0.080914	0.983924	0.115359	-0.988284	-0.099938	0.980482	0.129415	-0.148007
51119	9.727742	-1.075365	-1.653107	-0.064251	-0.017322	-0.009836	0.159313	-0.080738	0.983921	0.114781	-0.988376	-0.099688	0.980533	0.128817	-0.148195
51120	9.704307	-1.159547	-1.597992	-0.060000	-0.015483	-0.017527	0.159425	-0.080508	0.983922	0.114206	-0.988473	-0.099385	0.980582	0.128214	-0.148392
51121	9.727472	-1.272313	-1.630063	-0.072218	-0.000023	-0.025640	0.159513	-0.080323	0.983923	0.113563	-0.988575	-0.099114	0.980642	0.127548	-0.148569
51122	9.580094	-1.214511	-1.401002	-0.060798	0.005255	-0.032547	0.159404	-0.079972	0.983969	0.113005	-0.988684	-0.098662	0.980724	0.126920	-0.148563
51123	9.563393	-1.004299	-1.356451	-0.084778	0.012442	-0.034972	0.159361	-0.079696	0.983998	0.112191	-0.988817	-0.098256	0.980825	0.126054	-0.148637
51124	9.605713	-0.836637	-1.144277	-0.148935	0.010637	-0.032619	0.159200	-0.079351	0.984052	0.110768	-0.989035	-0.097672	0.981013	0.124551	-0.148665
51125	9.594430	-1.011422	-1.173472	-0.206132	0.001152	-0.036168	0.159202	-0.078988	0.984081	0.108772	-0.989322	-0.097005	0.981236	0.122484	-0.148910
51126	9.660129	-1.095887	-1.172978	-0.210218	-0.011415	-0.043929	0.159247	-0.078503	0.984113	0.106764	-0.989618	-0.096219	0.981449	0.120391	-0.149213
51127	9.687141	-1.054333	-1.112775	-0.225383	-0.013747	-0.051984	0.159344	-0.077998	0.984137	0.104729	-0.989913	-0.095412	0.981652	0.118272	-0.149568
51128	9.641105	-1.157456	-1.308292	-0.286489	-0.012737	-0.059984	0.159388	-0.077353	0.984181	0.101998	-0.990300	-0.094352	0.981933	0.115423	-0.149952
51129	9.587868	-1.218881	-1.541226	-0.264646	-0.012114	-0.067405	0.159439	-0.076723	0.984222	0.099575	-0.990641	-0.093354	0.982173	0.112888	-0.150307
51130	9.540952	-1.116752	-1.518013	-0.254653	-0.008660	-0.078177	0.159428	-0.075903	0.984287	0.097184	-0.990990	-0.092161	0.982414	0.110350	-0.150615
51131	9.528823	-1.223785	-1.714180	-0.255164	-0.011215	-0.084475	0.159512	-0.075101	0.984335	0.094823	-0.991326	-0.091000	0.982631	0.107853	-0.151008
51132	9.573657	-1.179447	-1.724734	-0.216963	-0.004791	-0.095026	0.159452	-0.074118	0.984419	0.092828	-0.991634	-0.089697	0.982832	0.105684	-0.151237
51133	9.568970	-1.050559	-1.664545	-0.245619	0.006886	-0.104252	0.159380	-0.073195	0.984500	0.090707	-0.991943	-0.088432	0.983041	0.103396	-0.151456
51134	9.492562	-0.922024	-1.720870	-0.266298	0.019345	-0.110631	0.159072	-0.072081	0.984632	0.088252	-0.992300	-0.086900	0.983315	0.100719	-0.151486
51135	9.395998	-0.871860	-1.662211	-0.297859	0.022710	-0.113827	0.158820	-0.071003	0.984751	0.085490	-0.992676	-0.085363	0.983599	0.097743	-0.151587
51136	9.388646	-1.028708	-1.838209	-0.309891	0.022282	-0.122171	0.158481	-0.069777	0.984893	0.082621	-0.993064	-0.083650	0.983899	0.094630	-0.151617
51137	9.404495	-1.166537	-1.867266	-0.269052	0.022964	-0.131058	0.158119	-0.068550	0.985038	0.080253	-0.993395	-0.082014	0.984153	0.092020	-0.151573
51138	9.440071	-1.296941	-2.009377	-0.214433	0.018330	-0.142018	0.157809	-0.067121	0.985186	0.078353	-0.993690	-0.080251	0.984356	0.089857	-0.151554
51139	9.534202	-1.198212	-1.904101	-0.123421	0.018364	-0.154879	0.157601	-0.065672	0.985317	0.077423	-0.993893	-0.078627	0.984463	0.088678	-0.151554
51140	9.531739	-1.058367	-1.779707	-0.101220	0.020864	-0.161617	0.157254	-0.064049	0.985479	0.076668	-0.994091	-0.076843	0.984578	0.087638	-0.151414
51141	9.559925	-1.008304	-1.713637	-0.089485	0.024309	-0.167735	0.156971	-0.062494	0.985624	0.076107	-0.994263	-0.075162	0.984666	0.086811	-0.151314
51142	9.505305	-0.933142	-1.617352	-0.084963	0.024227	-0.174717	0.156583	-0.060743	0.985795	0.075531	-0.994448	-0.073273	0.984772	0.085931	-0.151126
51143	9.588676	-0.873874	-1.503910	-0.099737	0.021203	-0.181523	0.156330	-0.058997	0.985941	0.074821	-0.994639	-0.071381	0.984867	0.084928	-0.151078
51144	9.543528	-0.830085	-1.413689	-0.132353	0.025543	-0.187361	0.155923	-0.057121	0.986116	0.073797	-0.994863	-0.069296	0.985009	0.083577	-0.150907
51145	9.543569	-0.818085	-1.371499	-0.162033	0.015338	-0.192222	0.155699	-0.055333	0.986254	0.072571	-0.995091	-0.067286	0.985135	0.082050	-0.150919
51146	9.487565	-1.041710	-1.336820	-0.184678	0.007170	-0.196866	0.155470	-0.053346	0.986399	0.071045	-0.995351	-0.065028	0.985282	0.080189	-0.150958
51147	9.465744	-1.272502	-1.404399	-0.126728	-0.002766	-0.209931	0.155503	-0.051427	0.986496	0.070185	-0.995545	-0.062962	0.985339	0.079028	-0.151201
51148	9.439809	-0.846039	-1.066823	-0.061797	-0.019080	-0.219668	0.155522	-0.049191	0.986607	0.069905	-0.995707	-0.060664	0.985356	0.078403	-0.151415
51149	9.319289	-0.436407	-0.794808	-0.176846	-0.031180	-0.224888	0.155731	-0.047028	0.986679	0.068556	-0.995943	-0.058290	0.985418	0.076721	-0.151875
51150	9.377895	-0.232265	-0.975187	-0.310170	-0.035403	-0.219734	0.155916	-0.044780	0.986755	0.065830	-0.996280	-0.055614	0.985574	0.073629	-0.152389
51151	9.336083	-0.634438	-0.854999	-0.512620	-0.045495	-0.194105	0.156321	-0.042955	0.986772	0.061122	-0.996718	-0.053071	0.985813	0.068610	-0.153182
51152	9.284467	-1.994724	-1.870790	-0.486722	-0.057245	-0.196740	0.156754	-0.040923	0.986789	0.056620	-0.997126	-0.050346	0.986013	0.063764	-0.153987
51153	9.624710	-1.400849	-1.960730	-0.021468	-0.070203	-0.209844	0.157417	-0.038963	0.986763	0.056782	-0.997211	-0.048434	0.985898	0.063654	-0.154765
51154	9.906411	0.901271	-1.010673	0.112433	-0.073111	-0.210106	0.158002	-0.036789	0.986753	0.058210	-0.997221	-0.046500	0.985722	0.064786	-0.155421
51155	9.939354	1.804096	-0.750945	-0.180843	-0.071914	-0.186241	0.158714	-0.035045	0.986702	0.056743	-0.997394	-0.044552	0.985693	0.063060	-0.156312
51156	9.785360	0.913223	-1.336222	-0.327018	-0.077571	-0.171145	0.159370	-0.033258	0.986659	0.053781	-0.997656	-0.042315	0.985753	0.059807	-0.157208
51157	9.691541	0.267350	-1.493957	-0.259387	-0.080163	-0.166903	0.159987	-0.031674	0.986611	0.051461	-0.997858	-0.040380	0.985777	0.057232	-0.158014
51158	9.580335	-0.161294	-1.317543	-0.251386	-0.086463	-0.160411	0.160744	-0.029993	0.986540	0.049229	-0.998050	-0.038364	0.985768	0.054733	-0.158954
51159	9.509704	-0.707548	-1.574339	-0.257141	-0.092756	-0.152419	0.161671	-0.028557	0.986431	0.047005	-0.998224	-0.036602	0.985725	0.052285	-0.160041
51160	9.652939	-0.676822	-1.591918	-0.145913	-0.096699	-0.152576	0.162539	-0.026953	0.986334	0.045804	-0.998343	-0.034829	0.985638	0.050839	-0.161035
51161	9.938238	-0.458188	-1.735231	-0.178719	-0.096460	-0.143874	0.163441	-0.025576	0.986221	0.044289	-0.998466	-0.033233	0.985558	0.049110	-0.162058
51162	10.061217	-0.251703	-1.898533	-0.157977	-0.059627	-0.142602	0.163953	-0.024092	0.986174	0.042955	-0.998579	-0.031536	0.985532	0.047532	-0.162685
51163	9.864198	0.010568	-1.879963	-0.241442	-0.037894	-0.134936	0.164326	-0.022804	0.986142	0.040834	-0.998719	-0.029899	0.985560	0.045181	-0.163184
51164	9.544928	-0.376577	-2.221307	-0.290313	-0.031272	-0.138597	0.164566	-0.021375	0.986134	0.038190	-0.998877	-0.028025	0.985626	0.042273	-0.163565
51165	9.469414	-0.400462	-2.077207	-0.147575	-0.022780	-0.139392	0.164726	-0.020001	0.986136	0.036962	-0.998967	-0.026436	0.985646	0.040804	-0.163817
51166	9.639600	0.611502	-1.046849	-0.195771	0.002063	-0.132458	0.164645	-0.018648	0.986177	0.035241	-0.999072	-0.024775	0.985723	0.038833	-0.163835
51167	9.535142	0.856810	-0.669813	-0.505623	0.009244	-0.106127	0.164475	-0.017682	0.986223	0.030402	-0.999273	-0.022986	0.985913	0.033764	-0.163818
51168	9.499385	-0.128267	-1.240722	-0.563599	-0.022655	-0.093078	0.164659	-0.016714	0.986209	0.024989	-0.999465	-0.021111	0.986034	0.028120	-0.164153
51169	9.807295	-0.097024	-1.029126	-0.282768	-0.053215	-0.091576	0.165160	-0.015768	0.986141	0.022368	-0.999555	-0.019729	0.986013	0.025317	-0.164734
51170	9.738975	0.613018	-0.766854	-0.240306	-0.074959	-0.084235	0.165868	-0.014877	0.986036	0.020129	-0.999627	-0.018468	0.985942	0.022911	-0.165507
51171	9.790205	0.731091	-0.904591	-0.240317	-0.103270	-0.071393	0.166876	-0.014106	0.985877	0.017914	-0.999689	-0.017336	0.985815	0.020554	-0.166571
51172	9.692151	0.824974	-1.155160	-0.299630	-0.113825	-0.057880	0.167976	-0.013475	0.985699	0.015049	-0.999755	-0.016232	0.985676	0.017560	-0.167732
51173	9.832758	0.661675	-1.177995	-0.423626	-0.116687	-0.035784	0.169102	-0.013053	0.985512	0.010946	-0.999826	-0.015120	0.985538	0.013344	-0.168930
51174	9.634739	0.087124	-1.599151	-0.550485	-0.109637	-0.012951	0.170169	-0.012881	0.985331	0.005534	-0.999886	-0.014027	0.985399	0.007840	-0.170079
51175	9.701951	-0.532669	-2.195732	-0.416700	-0.123228	-0.002142	0.171369	-0.012803	0.985124	0.001459	-0.999911	-0.013249	0.985206	0.003707	-0.171335
51176	9.675215	-0.321173	-2.020007	-0.257128	-0.127714	-0.003811	0.172615	-0.012731	0.984907	-0.001077	-0.999918	-0.012736	0.984989	0.001138	-0.172614
51177	9.772533	-0.009127	-2.324271	-0.180168	-0.122732	0.003782	0.173812	-0.012711	0.984697	-0.002829	-0.999919	-0.012408	0.984775	-0.000629	-0.173834
51178	9.712521	0.107452	-2.538833	-0.167238	-0.117786	0.010466	0.174959	-0.012787	0.984493	-0.004503	-0.999916	-0.012187	0.984565	-0.002301	-0.175002
51179	9.627049	-0.263415	-2.806051	-0.132905	-0.104999	0.012987	0.175979	-0.012866	0.984310	-0.005813	-0.999911	-0.012031	0.984377	-0.003605	-0.176038
51180	9.618064	-0.576639	-2.789931	0.010738	-0.096300	0.018595	0.176914	-0.013025	0.984140	-0.005749	-0.999909	-0.012200	0.984210	-0.003500	-0.176973
51181	9.650550	-0.100301	-2.114981	0.142048	-0.087549	0.025289	0.177764	-0.013227	0.983984	-0.004377	-0.999910	-0.012651	0.984063	-0.002058	-0.177806
51182	9.601894	0.329055	-1.513773	0.125936	-0.092127	0.034603	0.178657	-0.013543	0.983818	-0.003208	-0.999908	-0.013182	0.983906	-0.000801	-0.178684
51183	9.457703	0.217589	-1.130059	0.105939	-0.107011	0.045540	0.179700	-0.013944	0.983623	-0.002223	-0.999903	-0.013769	0.983719	0.000287	-0.179713
51184	9.369606	-0.179760	-1.005866	0.127084	-0.143587	0.049311	0.181099	-0.014405	0.983359	-0.001071	-0.999895	-0.014450	0.983464	0.001564	-0.181095
51185	9.460770	-0.282020	-0.901070	0.244374	-0.184437	0.046321	0.182901	-0.014808	0.983020	0.001270	-0.999882	-0.015298	0.983131	0.004046	-0.182861
51186	9.554710	-0.086500	-0.846830	0.272598	-0.210895	0.052568	0.184963	-0.015291	0.982626	0.003844	-0.999860	-0.016283	0.982738	0.006789	-0.184878
51187	9.501325	0.047824	-1.033098	0.236030	-0.229437	0.053555	0.187206	-0.015755	0.982194	0.006084	-0.999834	-0.017197	0.982302	0.009195	-0.187079
51188	9.395326	0.311540	-1.346357	0.156877	-0.248176	0.062059	0.189635	-0.016319	0.981719	0.007500	-0.999809	-0.018069	0.981826	0.010789	-0.189477
51189	9.405400	0.255182	-1.589168	0.131101	-0.269352	0.066690	0.192270	-0.016898	0.981197	0.008684	-0.999783	-0.018920	0.981304	0.012159	-0.192081
51190	9.388865	0.046755	-1.451143	0.050991	-0.283067	0.069257	0.195040	-0.017525	0.980639	0.009043	-0.999766	-0.019665	0.980754	0.012703	-0.194836
51191	9.451181	-0.427802	-1.753720	0.067010	-0.310844	0.072280	0.198079	-0.018150	0.980018	0.009581	-0.999745	-0.020451	0.980139	0.013441	-0.197854
51192	9.742126	-0.045043	-1.401593	0.139406	-0.317399	0.074796	0.201184	-0.018821	0.979373	0.010790	-0.999712	-0.021429	0.979494	0.014879	-0.200923
51193	9.858793	0.173382	-1.357831	0.032107	-0.322724	0.089194	0.204337	-0.019607	0.978704	0.010950	-0.999691	-0.022313	0.978839	0.015276	-0.204059
51194	9.789471	0.076402	-1.558492	-0.041257	-0.320348	0.094151	0.207469	-0.020468	0.978027	0.010345	-0.999679	-0.023116	0.978187	0.014914	-0.207191
51195	9.591480	-0.291111	-2.020250	-0.071011	-0.325029	0.101809	0.210640	-0.021379	0.977330	0.009465	-0.999669	-0.023908	0.977518	0.014286	-0.210368
51196	9.428239	-0.539872	-2.523244	0.006558	-0.335602	0.097930	0.213916	-0.022279	0.976598	0.009314	-0.999648	-0.024845	0.976808	0.014411	-0.213634
51197	9.594579	-0.160554	-2.467112	0.161350	-0.337362	0.105657	0.217204	-0.023225	0.975850	0.010689	-0.999600	-0.026169	0.976068	0.016115	-0.216869
51198	9.657646	0.201860	-2.151007	0.161549	-0.341381	0.119910	0.220536	-0.024335	0.975075	0.011996	-0.999545	-0.027659	0.975305	0.017797	-0.220144
51199	9.543093	-0.017774	-2.119463	0.205230	-0.355490	0.131339	0.224002	-0.025521	0.974254	0.013730	-0.999475	-0.029339	0.974492	0.019949	-0.223534
51200	9.876740	0.153077	-1.560440	0.315997	-0.360228	0.147530	0.227521	-0.026887	0.973402	0.016469	-0.999370	-0.031453	0.973634	0.023187	-0.226935
51201	9.824406	-0.321152	-0.883045	0.211791	-0.359982	0.153801	0.231033	-0.028274	0.972535	0.018211	-0.999277	-0.033377	0.972775	0.025422	-0.230351
51202	9.410685	-1.363389	-2.161432	0.332668	-0.411889	0.133863	0.235052	-0.029469	0.971536	0.021127	-0.999149	-0.035418	0.971753	0.028851	-0.234229
51203	9.262306	-0.131887	-1.125401	0.849133	-0.452740	0.149490	0.239464	-0.030759	0.970418	0.029033	-0.998824	-0.038823	0.970471	0.037471	-0.238290
51204	9.045090	0.923136	0.009359	0.419090	-0.520964	0.187358	0.244562	-0.032393	0.969093	0.032638	-0.998600	-0.041616	0.969084	0.041807	-0.243162
51205	9.078048	-0.646181	-1.194615	0.268945	-0.588641	0.215645	0.250309	-0.034234	0.967561	0.034727	-0.998414	-0.044310	0.967543	0.044692	-0.248723
51206	9.387500	-0.132256	-1.384481	0.657977	-0.649629	0.236640	0.256664	-0.036253	0.965820	0.040482	-0.998016	-0.048220	0.965652	0.051475	-0.254687
51207	10.196581	2.459570	0.121728	0.936518	-0.700340	0.286630	0.263523	-0.038657	0.963878	0.048800	-0.997383	-0.053342	0.963418	0.061094	-0.260947
51208	10.439979	3.695642	1.991864	0.467341	-0.757671	0.344367	0.270975	-0.041578	0.961688	0.052372	-0.996950	-0.057860	0.961161	0.066044	-0.267971
51209	10.168917	2.063670	0.321493	0.071290	-0.851949	0.384950	0.279319	-0.044769	0.959154	0.052042	-0.996738	-0.061679	0.958787	0.067144	-0.276078
51210	9.789855	0.895324	0.405271	0.149029	-0.918455	0.416669	0.288317	-0.048266	0.956318	0.052282	-0.996445	-0.066054	0.956107	0.069043	-0.284769
51211	9.650914	-0.824539	-1.019210	-0.029237	-1.025520	0.431645	0.298289	-0.051770	0.953071	0.050786	-0.996253	-0.070010	0.953124	0.069285	-0.294542
51212	10.079062	-1.507121	-1.843473	0.323292	-1.056621	0.432499	0.308552	-0.055295	0.949599	0.052546	-0.995794	-0.075059	0.949755	0.073057	-0.304349
51213	10.046012	-0.803594	-1.739070	0.251924	-1.100284	0.447805	0.319176	-0.058847	0.945867	0.053576	-0.995354	-0.080005	0.946180	0.076212	-0.314540
51214	10.290546	-0.958943	-2.705310	0.265881	-1.137889	0.457421	0.330155	-0.062483	0.941856	0.054599	-0.994872	-0.085139	0.942346	0.079534	-0.325050
51215	10.848106	-0.574212	-2.618795	0.307474	-1.159510	0.468003	0.341267	-0.066116	0.937638	0.055953	-0.994325	-0.090478	0.938299	0.083341	-0.335631
51216	12.407235	-0.905875	-1.916355	0.470342	-1.192157	0.481432	0.352690	-0.069845	0.933130	0.058684	-0.993597	-0.096551	0.933898	0.088813	-0.346333
51217	12.655920	-0.511557	-0.126853	0.573940	-1.180531	0.511042	0.363949	-0.073742	0.928495	0.062263	-0.992705	-0.103247	0.929335	0.095388	-0.356703
51218	12.406182	0.027507	1.577698	0.248540	-1.270018	0.549807	0.376051	-0.077935	0.923316	0.062532	-0.992050	-0.109205	0.924487	0.098804	-0.368188
51219	12.513142	-0.980131	1.775321	0.104344	-1.392176	0.598412	0.389198	-0.082392	0.917462	0.061256	-0.991472	-0.115024	0.919115	0.100967	-0.380832
51220	12.393749	-1.748571	1.948199	0.094026	-1.527386	0.650754	0.403570	-0.087253	0.910779	0.059538	-0.990828	-0.121303	0.913010	0.103180	-0.394674
51221	12.785481	-1.026758	2.601438	0.267283	-1.674199	0.685249	0.419134	-0.092196	0.903231	0.059197	-0.989939	-0.128517	0.905992	0.107335	-0.409460
51222	13.051644	0.134109	3.702859	0.025309	-1.829194	0.728313	0.436043	-0.097392	0.894640	0.056313	-0.989226	-0.135135	0.898162	0.109305	-0.425861
51223	13.479227	0.094889	3.496501	-0.411177	-1.989004	0.761229	0.454141	-0.102684	0.884993	0.049305	-0.988917	-0.140043	0.889565	0.107234	-0.444045
51224	13.823827	0.170977	3.101995	-0.743215	-2.074511	0.760914	0.472824	-0.108007	0.874512	0.039204	-0.988898	-0.143331	0.880284	0.102055	-0.463340
51225	13.807884	0.376564	1.605091	-1.162750	-2.118464	0.709997	0.491502	-0.112877	0.863530	0.025661	-0.989257	-0.143918	0.870498	0.092895	-0.483326
51226	12.938173	-0.371568	-1.888920	-1.266015	-2.178077	0.618843	0.510452	-0.117056	0.851902	0.011612	-0.989663	-0.142943	0.859828	0.082858	-0.503816
51227	12.355025	-1.082656	-4.748780	-0.977601	-2.233842	0.495219	0.529457	-0.120089	0.839794	0.000756	-0.989863	-0.142025	0.848336	0.075831	-0.523999
51228	11.798937	-1.268285	-5.722570	-0.626440	-2.188678	0.344518	0.547876	-0.121848	0.827638	-0.006371	-0.989915	-0.141521	0.836535	0.072263	-0.543127
51229	10.331446	-1.240821	-7.899831	-0.655423	-2.098351	0.193556	0.565187	-0.122188	0.815864	-0.012818	-0.990152	-0.139410	0.824863	0.068335	-0.561187
51230	9.546055	-1.404109	-9.931890	-0.146532	-1.947185	0.026306	0.581127	-0.121078	0.804756	-0.014162	-0.990225	-0.138756	0.813690	0.069238	-0.577161
51231	9.607537	-0.898672	-7.829772	0.303926	-1.673782	-0.079363	0.594580	-0.118984	0.795184	-0.011156	-0.990115	-0.139810	0.803959	0.074258	-0.590031
51232	8.744286	-1.292978	-7.557320	0.487374	-1.401331	-0.122029	0.605789	-0.116659	0.787026	-0.006516	-0.989886	-0.141713	0.795598	0.080720	-0.600423
51233	8.859707	-1.306554	-4.673386	0.866070	-0.955781	-0.131314	0.613279	-0.114429	0.781533	0.001238	-0.989310	-0.145823	0.789865	0.090398	-0.606582
51234	7.689418	0.236409	-2.324535	0.581667	-0.416124	-0.175024	0.616544	-0.112278	0.779274	0.006912	-0.988969	-0.147959	0.787290	0.096609	-0.608967
51235	6.190045	-0.390792	-4.203201	0.003926	0.015907	-0.286033	0.616303	-0.109347	0.779880	0.008799	-0.989295	-0.145662	0.787460	0.096634	-0.608744
51236	5.619720	-2.299401	-5.773253	0.017196	0.430156	-0.381349	0.612862	-0.105958	0.783054	0.011288	-0.989694	-0.142754	0.790109	0.096328	-0.605350
51237	5.503697	-3.304053	-6.373549	0.499299	0.862159	-0.413015	0.605874	-0.102604	0.788916	0.017853	-0.989645	-0.142421	0.795360	0.100374	-0.597769
51238	5.548736	-2.480659	-5.802939	0.940297	1.284084	-0.408721	0.595509	-0.099870	0.797117	0.027832	-0.989082	-0.144714	0.802867	0.108364	-0.586227
51239	5.431216	-1.629379	-5.402766	1.128230	1.688582	-0.410691	0.581638	-0.097620	0.807569	0.039438	-0.988221	-0.147862	0.812491	0.117851	-0.570937
51240	5.314199	-1.302773	-5.309634	1.030727	2.088370	-0.434763	0.564342	-0.095841	0.819959	0.050372	-0.987390	-0.150080	0.824003	0.126000	-0.552398
51241	5.138048	-1.656364	-5.436594	0.928925	2.445119	-0.477697	0.543672	-0.094194	0.833995	0.060807	-0.986650	-0.151075	0.837092	0.132848	-0.530687
51242	5.287276	-2.131790	-5.408234	0.861306	2.737634	-0.527829	0.520202	-0.092676	0.849000	0.070893	-0.985978	-0.151066	0.851095	0.138773	-0.506338
51243	5.582256	-3.109330	-5.626804	0.732730	2.973096	-0.564431	0.494158	-0.091215	0.864574	0.080112	-0.985472	-0.149759	0.865673	0.143267	-0.479672
51244	5.992141	-4.492133	-6.181535	0.830537	3.151274	-0.609938	0.466115	-0.089774	0.880157	0.090297	-0.984816	-0.148268	0.880104	0.148585	-0.450932
51245	6.420868	-4.710862	-5.861735	1.196106	3.290111	-0.659072	0.436194	-0.088251	0.895515	0.103925	-0.983580	-0.147550	0.893831	0.157426	-0.419860
51246	7.003031	-3.607264	-5.089741	1.336002	3.379390	-0.705638	0.404968	-0.086777	0.910204	0.118924	-0.982031	-0.146536	0.906564	0.167588	-0.387371
51247	7.487724	-2.865848	-4.599878	1.185311	3.410151	-0.739841	0.372821	-0.085329	0.923972	0.132638	-0.980636	-0.144082	0.918375	0.176270	-0.354284
51248	7.784097	-3.042657	-4.323186	0.937532	3.414062	-0.771268	0.340195	-0.083865	0.936608	0.144051	-0.979612	-0.140038	0.929256	0.182559	-0.321178
51249	7.902194	-3.327954	-4.314548	0.776181	3.387868	-0.786760	0.307273	-0.082386	0.948048	0.153855	-0.978838	-0.134928	0.939102	0.187322	-0.288095
51250	7.923245	-3.540890	-4.488632	0.699405	3.332352	-0.795058	0.274557	-0.080887	0.958163	0.162765	-0.978167	-0.129216	0.947695	0.191433	-0.255397
51251	8.016114	-3.399727	-4.214781	0.682067	3.254510	-0.794333	0.242169	-0.079387	0.966981	0.171294	-0.977493	-0.123149	0.954993	0.195461	-0.223120
51252	8.395346	-3.229545	-4.209185	0.667320	3.151467	-0.752893	0.210638	-0.078224	0.974429	0.179388	-0.976773	-0.117190	0.960964	0.199486	-0.191714
51253	8.830772	-2.664878	-4.064559	0.770879	3.029253	-0.668012	0.180137	-0.077803	0.980560	0.188090	-0.975748	-0.111975	0.965491	0.204604	-0.161134
51254	9.208168	-1.747850	-3.214094	0.811932	2.891480	-0.562530	0.151070	-0.078286	0.985418	0.196868	-0.974508	-0.107600	0.968721	0.210253	-0.131807
51255	9.442804	-0.826180	-2.465071	0.583488	2.749515	-0.443748	0.123420	-0.079774	0.989143	0.203102	-0.973633	-0.103865	0.971348	0.213716	-0.103964
51256	9.826440	-0.672473	-2.198671	0.149554	2.633037	-0.326246	0.097124	-0.082186	0.991873	0.204908	-0.973584	-0.100735	0.973950	0.213027	-0.077718
51257	9.828914	-1.646016	-2.693647	-0.191536	2.525699	-0.241837	0.071912	-0.085137	0.993771	0.203212	-0.974201	-0.098166	0.976490	0.209006	-0.052756
51258	9.461516	-2.343829	-3.159826	-0.090746	2.385123	-0.198650	0.048179	-0.088122	0.994944	0.202435	-0.974567	-0.096120	0.978110	0.206043	-0.029115
51259	9.467621	-2.143180	-3.256052	0.098511	2.218507	-0.193268	0.025999	-0.090775	0.995532	0.203435	-0.974549	-0.094174	0.978743	0.204974	-0.006871
51260	9.517017	-1.755722	-3.218417	0.162780	2.048340	-0.206521	0.005510	-0.092928	0.995658	0.205049	-0.974411	-0.092080	0.978736	0.204666	0.013686
51261	9.376049	-2.146021	-3.138469	0.299396	1.853462	-0.227119	-0.013167	-0.094496	0.995438	0.207932	-0.974020	-0.089712	0.978055	0.205802	0.032474
51262	9.070209	-2.403366	-2.585382	0.529049	1.638160	-0.257256	-0.029738	-0.095363	0.994998	0.213035	-0.973172	-0.086904	0.976592	0.209385	0.049256
51263	8.762585	-2.031588	-2.500612	0.577574	1.396647	-0.288103	-0.044054	-0.095492	0.994455	0.218523	-0.972238	-0.083679	0.974837	0.213624	0.063698
51264	8.430046	-2.028598	-3.040041	0.703704	1.110050	-0.309344	-0.055569	-0.094861	0.993938	0.225208	-0.971014	-0.080082	0.972725	0.219393	0.075322
51265	7.871255	-1.259547	-2.630527	1.069380	0.819880	-0.288055	-0.064255	-0.093884	0.993507	0.235378	-0.968902	-0.076336	0.969778	0.228944	0.084355
51266	7.408486	0.961087	-1.854924	0.825079	0.563438	-0.243456	-0.070315	-0.092810	0.993198	0.243192	-0.967215	-0.073165	0.967426	0.236393	0.090580
51267	6.996528	1.656941	-2.613232	0.138607	0.303887	-0.142536	-0.073653	-0.092126	0.993020	0.244398	-0.967029	-0.071587	0.966874	0.237419	0.093740
51268	6.698800	1.807484	-2.856233	-0.267164	0.029245	-0.013486	-0.073989	-0.092035	0.993003	0.241790	-0.967678	-0.071673	0.967504	0.234795	0.093850
51269	6.652029	1.791715	-2.778468	-0.896664	-0.245659	0.140983	-0.071316	-0.092797	0.993128	0.233204	-0.969619	-0.073854	0.969809	0.226334	0.090790
51270	6.489522	0.851669	-3.729757	-1.345261	-0.502530	0.262822	-0.065858	-0.094214	0.993371	0.220301	-0.972339	-0.077614	0.973206	0.213729	0.084791
51271	7.520204	0.039826	-3.655516	-1.575590	-0.743949	0.325347	-0.057942	-0.095798	0.993713	0.205162	-0.975282	-0.082058	0.977011	0.199118	0.076163
51272	8.598520	-1.387052	-2.901158	-1.540524	-0.794389	0.305462	-0.049581	-0.097227	0.994027	0.190235	-0.977950	-0.086165	0.980486	0.184826	0.066984
51273	10.391925	-1.818802	-1.949703	-1.113073	-0.699169	0.197472	-0.042373	-0.097849	0.994299	0.179435	-0.979756	-0.088771	0.982857	0.174651	0.059072
51274	12.228233	-0.107409	1.187240	-0.692044	-0.374135	0.069389	-0.038589	-0.097858	0.994452	0.172644	-0.980880	-0.089823	0.984228	0.168220	0.054746
51275	12.968053	1.663431	4.119678	-0.952236	0.006451	-0.013844	-0.038693	-0.097677	0.994466	0.163298	-0.982450	-0.090143	0.985818	0.158906	0.053964
51276	11.732389	2.554640	5.000192	-1.956263	0.204990	-0.040485	-0.040796	-0.097554	0.994394	0.143954	-0.985413	-0.090767	0.988743	0.139444	0.054245
51277	10.823710	0.218076	1.919890	-2.987015	0.102601	-0.025055	-0.041868	-0.097368	0.994367	0.114409	-0.989161	-0.092041	0.992551	0.109911	0.052554
51278	11.251614	-3.762194	-1.344055	-2.827569	-0.057236	-0.007873	-0.041323	-0.097204	0.994406	0.086285	-0.991885	-0.093372	0.995413	0.081944	0.049374
51279	11.972049	-6.236054	-1.865394	-2.129553	-0.185000	-0.012352	-0.039510	-0.096885	0.994511	0.065116	-0.993422	-0.094192	0.997095	0.061037	0.045558
51280	11.605060	-7.182178	-1.623577	-1.357358	-0.341695	-0.034597	-0.036136	-0.096323	0.994694	0.051549	-0.994199	-0.094402	0.998016	0.047864	0.040891
51281	10.732447	-6.561151	-1.056563	-0.924721	-0.448542	-0.060263	-0.031706	-0.095487	0.994926	0.042302	-0.994662	-0.094114	0.998602	0.039103	0.035576
51282	10.153805	-5.924864	-1.226222	-0.607917	-0.509969	-0.092254	-0.026663	-0.094351	0.995182	0.036190	-0.994974	-0.093362	0.998989	0.033527	0.029943
51283	10.200453	-4.548588	-1.692395	-0.119739	-0.482306	-0.157030	-0.021922	-0.092609	0.995461	0.034915	-0.995164	-0.091813	0.999150	0.032744	0.025050
51284	10.140256	-1.388404	-2.043913	0.170992	-0.431623	-0.212224	-0.017699	-0.090319	0.995756	0.036569	-0.995304	-0.089628	0.999174	0.034828	0.020919
51285	9.986692	0.506022	-2.832756	0.067299	-0.445497	-0.265420	-0.013365	-0.087508	0.996074	0.037144	-0.995519	-0.086961	0.999221	0.035836	0.016555
51286	9.960315	0.481292	-3.468996	0.082725	-0.428791	-0.298184	-0.009206	-0.084351	0.996394	0.037925	-0.995748	-0.083946	0.999238	0.037016	0.012366
51287	9.843647	0.116714	-2.573411	0.142867	-0.380515	-0.315523	-0.005536	-0.081046	0.996695	0.039291	-0.995958	-0.080768	0.999212	0.038714	0.008698
51288	9.382978	-2.120135	-1.992075	0.176542	-0.317000	-0.322229	-0.002512	-0.077678	0.996975	0.041030	-0.996147	-0.077511	0.999155	0.040712	0.005690
51289	9.091748	-3.508927	-1.026484	0.542790	-0.267555	-0.341605	0.000006	-0.074141	0.997248	0.046412	-0.996173	-0.074061	0.998922	0.046285	0.003435
51290	9.233878	-2.194209	0.820571	0.851088	-0.271903	-0.370110	0.002520	-0.070284	0.997524	0.054905	-0.996013	-0.070317	0.998488	0.054946	0.001349
51291	9.436088	-0.929147	2.097638	0.755386	-0.322311	-0.373107	0.005511	-0.066371	0.997780	0.062405	-0.995827	-0.066586	0.998036	0.062633	-0.001346
51292	9.587597	0.402918	2.396392	0.654492	-0.383540	-0.349578	0.009094	-0.062605	0.997997	0.068950	-0.995624	-0.063085	0.997579	0.069385	-0.004737
51293	9.640227	2.378966	3.052263	0.265615	-0.459897	-0.300717	0.013457	-0.059277	0.998151	0.071577	-0.995623	-0.060092	0.997344	0.072253	-0.009156
51294	9.530776	1.766924	1.813632	-0.375155	-0.558132	-0.265899	0.018824	-0.056204	0.998242	0.067867	-0.996044	-0.057360	0.997517	0.068827	-0.014935
51295	9.758479	0.264374	0.153212	-0.407964	-0.610963	-0.265407	0.024729	-0.053132	0.998281	0.063819	-0.996466	-0.054616	0.997655	0.065060	-0.021251
51296	9.804722	-0.022908	-0.156535	-0.230105	-0.644214	-0.283765	0.030963	-0.049859	0.998276	0.061592	-0.996762	-0.051694	0.997621	0.063086	-0.027792
51297	9.980686	-0.412718	-0.910972	-0.139176	-0.671933	-0.293934	0.037472	-0.046487	0.998216	0.060274	-0.996993	-0.048692	0.997478	0.061991	-0.034557
51298	10.202258	-0.242066	-1.480622	0.212833	-0.660350	-0.290638	0.043864	-0.043140	0.998106	0.062505	-0.996991	-0.045839	0.997080	0.064397	-0.041036
51299	10.195585	0.993096	-1.374148	0.320873	-0.634365	-0.262516	0.050006	-0.040080	0.997944	0.065801	-0.996891	-0.043335	0.996579	0.067832	-0.047213
51300	10.057634	1.247339	-1.437264	0.161370	-0.607354	-0.222330	0.055894	-0.037414	0.997735	0.067516	-0.996869	-0.041164	0.996151	0.069664	-0.053193
51301	10.023290	0.585207	-1.905612	0.021749	-0.572695	-0.178890	0.061467	-0.035199	0.997488	0.067828	-0.996920	-0.039359	0.995802	0.070077	-0.058890
51302	10.119126	0.091887	-2.010732	0.024867	-0.523898	-0.152170	0.066564	-0.033282	0.997227	0.068164	-0.996957	-0.037823	0.995451	0.070492	-0.064093
51303	9.810958	-0.780129	-2.255415	-0.009440	-0.488697	-0.137393	0.071327	-0.031532	0.996954	0.068165	-0.997009	-0.036410	0.995121	0.070554	-0.068964
51304	9.921602	-1.180174	-2.473982	0.296398	-0.459272	-0.137548	0.075785	-0.029797	0.996679	0.071205	-0.996840	-0.035216	0.994578	0.073638	-0.073424
51305	9.892100	0.006992	-1.433587	0.510756	-0.428790	-0.120876	0.079955	-0.028231	0.996399	0.076376	-0.996487	-0.034363	0.993868	0.078848	-0.077518
