// General information: 
//  MT Manager version: 2022.2.0 
//  XDA version: 2022.2.0 build 7381 rev 124627 built on 2023-07-19
// Device information: 
//  DeviceId: 00B4CBA7
//  ProductCode: MTW2-3A7G6
//  Firmware Version: 4.6.0
//  Hardware Version: 2.0.0
// Device settings: 
//  Filter Profile: human(46.1)
//  Option Flags: Orientation Smoother Disabled, Position/Velocity Smoother Disabled, Continuous Zero Rotation Update Disabled, AHS Disabled, ICC Disabled
// Coordinate system: ENU
PacketCounter	Acc_X	Acc_Y	Acc_Z	Gyr_X	Gyr_Y	Gyr_Z	Mat[1][1]	Mat[2][1]	Mat[3][1]	Mat[1][2]	Mat[2][2]	Mat[3][2]	Mat[1][3]	Mat[2][3]	Mat[3][3]
13024	9.711728	-0.525195	-0.765629	-0.061490	0.031368	0.021392	-0.072816	-0.044597	0.996348	-0.905109	0.422548	-0.047234	-0.418899	-0.905243	-0.071133
13025	9.717961	-0.461877	-0.484690	-0.054233	0.031488	0.023238	-0.072868	-0.044223	0.996361	-0.904869	0.423043	-0.047400	-0.419407	-0.905030	-0.070842
13026	9.580911	-0.642522	-0.504396	-0.059083	0.015102	0.018522	-0.072921	-0.043856	0.996373	-0.904573	0.423657	-0.047555	-0.420035	-0.904760	-0.070564
13027	9.586526	-0.677114	-0.433787	-0.012985	0.009928	0.021940	-0.073052	-0.043682	0.996371	-0.904507	0.423778	-0.047737	-0.420155	-0.904712	-0.070468
13028	9.528693	-0.592508	-0.233697	0.003118	0.001206	0.019793	-0.073193	-0.043540	0.996367	-0.904488	0.423798	-0.047924	-0.420172	-0.904710	-0.070401
13029	9.523444	-0.455003	-0.304978	-0.019071	-0.009315	0.017358	-0.073363	-0.043560	0.996354	-0.904399	0.423972	-0.048057	-0.420333	-0.904627	-0.070499
13030	9.721640	-0.324261	-0.422627	-0.040437	-0.013326	0.013316	-0.073639	-0.043470	0.996337	-0.904142	0.424492	-0.048304	-0.420837	-0.904388	-0.070562
13031	9.811649	-0.421234	-0.425433	-0.066201	-0.015723	0.017108	-0.073834	-0.043548	0.996319	-0.903855	0.425093	-0.048401	-0.421420	-0.904102	-0.070747
13032	9.924399	-0.531453	-0.624895	-0.096067	-0.009273	0.015370	-0.074109	-0.043448	0.996303	-0.903373	0.426092	-0.048615	-0.422405	-0.903636	-0.070827
13033	9.969735	-0.567665	-0.809426	-0.079688	-0.004389	0.010333	-0.074195	-0.043451	0.996297	-0.903032	0.426811	-0.048635	-0.423118	-0.903296	-0.070905
13034	9.922993	-0.636000	-0.889418	-0.039889	0.006802	0.014079	-0.074369	-0.043215	0.996294	-0.902794	0.427289	-0.048856	-0.423594	-0.903082	-0.070791
13035	9.904442	-0.569355	-0.786217	-0.004890	0.009798	0.020211	-0.074485	-0.043048	0.996293	-0.902762	0.427336	-0.049028	-0.423642	-0.903067	-0.070692
13036	9.778986	-0.609315	-0.724247	0.014294	0.014962	0.019666	-0.074504	-0.042689	0.996307	-0.902776	0.427288	-0.049201	-0.423610	-0.903107	-0.070374
13037	9.647071	-0.531593	-0.631048	0.024083	0.015537	0.024374	-0.074633	-0.042452	0.996307	-0.902863	0.427077	-0.049435	-0.423401	-0.903218	-0.070202
13038	9.572538	-0.549552	-0.528059	0.032576	0.011793	0.024072	-0.074721	-0.042099	0.996315	-0.902945	0.426875	-0.049681	-0.423211	-0.903330	-0.069909
13039	9.568118	-0.607089	-0.432707	0.033057	0.009957	0.022190	-0.074854	-0.041921	0.996313	-0.903072	0.426581	-0.049899	-0.422917	-0.903477	-0.069789
13040	9.535398	-0.609020	-0.420667	0.040447	-0.000110	0.021860	-0.075138	-0.041736	0.996299	-0.903174	0.426322	-0.050256	-0.422647	-0.903608	-0.069728
13041	9.527486	-0.605788	-0.443164	0.044691	-0.005347	0.020720	-0.075323	-0.041703	0.996287	-0.903351	0.425923	-0.050468	-0.422236	-0.903798	-0.069754
13042	9.659206	-0.496930	-0.435937	0.052216	-0.012151	0.022209	-0.075544	-0.041668	0.996272	-0.903541	0.425490	-0.050716	-0.421791	-0.904003	-0.069792
13043	9.729984	-0.432605	-0.445359	0.046327	-0.012860	0.020058	-0.075754	-0.041705	0.996254	-0.903724	0.425076	-0.050923	-0.421360	-0.904197	-0.069891
13044	9.784396	-0.463731	-0.498864	0.031733	-0.014894	0.019737	-0.075923	-0.041608	0.996245	-0.903804	0.424881	-0.051133	-0.421159	-0.904292	-0.069864
13045	9.876294	-0.534315	-0.548130	0.014754	-0.007393	0.020331	-0.076113	-0.041594	0.996231	-0.903854	0.424753	-0.051321	-0.421017	-0.904353	-0.069924
13046	9.874584	-0.648927	-0.601598	0.017709	-0.003504	0.018151	-0.076309	-0.041466	0.996222	-0.903881	0.424666	-0.051559	-0.420923	-0.904400	-0.069886
13047	9.854036	-0.600939	-0.661866	0.042244	0.002709	0.016498	-0.076421	-0.041378	0.996217	-0.904049	0.424287	-0.051728	-0.420541	-0.904582	-0.069832
13048	9.812316	-0.518040	-0.626322	0.021909	0.009973	0.017805	-0.076528	-0.041198	0.996216	-0.904124	0.424105	-0.051915	-0.420361	-0.904675	-0.069704
13049	9.715343	-0.503444	-0.746599	-0.004106	0.014889	0.013429	-0.076562	-0.041012	0.996221	-0.904099	0.424144	-0.052021	-0.420408	-0.904666	-0.069552
13050	9.719543	-0.550265	-0.784085	0.010542	0.011647	0.016935	-0.076562	-0.040729	0.996233	-0.904106	0.424115	-0.052143	-0.420393	-0.904692	-0.069294
13051	9.725090	-0.584829	-0.712906	0.020006	0.017666	0.016840	-0.076615	-0.040503	0.996238	-0.904180	0.423937	-0.052299	-0.420224	-0.904785	-0.069102
13052	9.620877	-0.567172	-0.591133	0.030560	0.016551	0.012810	-0.076598	-0.040123	0.996254	-0.904243	0.423785	-0.052456	-0.420093	-0.904874	-0.068742
13053	9.528549	-0.600157	-0.485784	0.049933	0.012949	0.015289	-0.076656	-0.039946	0.996257	-0.904443	0.423336	-0.052618	-0.419650	-0.905091	-0.068580
13054	9.519794	-0.611193	-0.351502	0.056560	0.004893	0.015235	-0.076697	-0.039794	0.996260	-0.904663	0.422849	-0.052755	-0.419169	-0.905326	-0.068432
13055	9.606282	-0.557115	-0.314583	0.050452	-0.000886	0.014621	-0.076808	-0.039745	0.996253	-0.904866	0.422396	-0.052911	-0.418710	-0.905540	-0.068407
13056	9.693097	-0.494505	-0.487988	0.039774	-0.002698	0.008341	-0.076920	-0.039596	0.996251	-0.904972	0.422145	-0.053094	-0.418460	-0.905663	-0.068305
13057	9.800892	-0.475218	-0.546678	0.018125	-0.000077	0.013120	-0.077014	-0.039546	0.996245	-0.905040	0.421984	-0.053213	-0.418295	-0.905741	-0.068289
13058	9.844665	-0.534324	-0.628415	0.012158	-0.002580	0.014307	-0.077167	-0.039436	0.996238	-0.905052	0.421934	-0.053402	-0.418241	-0.905768	-0.068251
13059	9.932394	-0.559347	-0.637463	0.024505	0.005509	0.015378	-0.077258	-0.039325	0.996235	-0.905145	0.421716	-0.053548	-0.418023	-0.905875	-0.068176
13060	9.842805	-0.650390	-0.679784	0.026985	0.011229	0.015076	-0.077257	-0.039074	0.996245	-0.905226	0.421528	-0.053665	-0.417848	-0.905973	-0.067937
13061	9.729480	-0.639899	-0.689341	0.053914	0.014592	0.014524	-0.077302	-0.038885	0.996249	-0.905442	0.421043	-0.053822	-0.417371	-0.906207	-0.067755
13062	9.671446	-0.560464	-0.542717	0.060819	0.013074	0.018095	-0.077352	-0.038610	0.996256	-0.905660	0.420550	-0.054019	-0.416890	-0.906447	-0.067498
13063	9.645381	-0.487794	-0.461739	0.046656	0.014483	0.012687	-0.077381	-0.038429	0.996261	-0.905847	0.420130	-0.054152	-0.416478	-0.906650	-0.067321
13064	9.699370	-0.433113	-0.412843	0.019646	0.009328	0.016589	-0.077364	-0.038201	0.996271	-0.905904	0.419996	-0.054242	-0.416358	-0.906722	-0.067098
13065	9.691004	-0.435622	-0.488557	-0.019853	0.011866	0.009844	-0.077378	-0.038055	0.996275	-0.905816	0.420178	-0.054302	-0.416546	-0.906644	-0.066983
13066	9.724188	-0.522666	-0.598328	-0.027236	0.015223	0.008158	-0.077319	-0.037754	0.996291	-0.905656	0.420515	-0.054350	-0.416904	-0.906500	-0.066705
13067	9.742585	-0.686025	-0.588728	0.001107	0.012717	0.010490	-0.077335	-0.037597	0.996296	-0.905655	0.420508	-0.054430	-0.416904	-0.906510	-0.066570
13068	9.707602	-0.713672	-0.528805	0.023167	0.013156	0.009178	-0.077289	-0.037324	0.996310	-0.905709	0.420379	-0.054512	-0.416793	-0.906580	-0.066295
13069	9.719513	-0.580058	-0.499697	0.034051	0.013302	0.011962	-0.077316	-0.037156	0.996314	-0.905844	0.420074	-0.054630	-0.416496	-0.906729	-0.066136
13070	9.775312	-0.504562	-0.552049	0.022957	0.014812	0.012700	-0.077352	-0.036871	0.996322	-0.905899	0.419935	-0.054791	-0.416370	-0.906805	-0.065884
13071	9.721932	-0.555516	-0.543603	0.025173	0.020713	0.010757	-0.077337	-0.036640	0.996331	-0.905997	0.419709	-0.054891	-0.416158	-0.906919	-0.065655
13072	9.734365	-0.601137	-0.503558	0.034318	0.013112	0.013612	-0.077377	-0.036310	0.996340	-0.906075	0.419516	-0.055079	-0.415981	-0.907021	-0.065361
13073	9.727238	-0.590729	-0.470211	0.039541	0.017631	0.012676	-0.077393	-0.036099	0.996347	-0.906232	0.419161	-0.055206	-0.415637	-0.907194	-0.065155
13074	9.736216	-0.491075	-0.447928	0.042673	0.012791	0.013525	-0.077410	-0.035826	0.996355	-0.906367	0.418849	-0.055358	-0.415339	-0.907349	-0.064895
13075	9.815161	-0.431687	-0.432645	0.020486	0.015823	0.014980	-0.077454	-0.035622	0.996359	-0.906442	0.418667	-0.055496	-0.415166	-0.907441	-0.064717
13076	9.778451	-0.479431	-0.534778	-0.018324	0.021294	0.013263	-0.077369	-0.035326	0.996376	-0.906351	0.418860	-0.055528	-0.415381	-0.907363	-0.064425
13077	9.748919	-0.538858	-0.668518	-0.019568	0.018435	0.013419	-0.077388	-0.035105	0.996383	-0.906261	0.419042	-0.055625	-0.415573	-0.907288	-0.064243
13078	9.748663	-0.633354	-0.556368	-0.006696	0.019405	0.015822	-0.077340	-0.034808	0.996397	-0.906213	0.419137	-0.055698	-0.415688	-0.907255	-0.063959
13079	9.655412	-0.671720	-0.505127	-0.009490	0.019127	0.011297	-0.077336	-0.034588	0.996405	-0.906166	0.419227	-0.055780	-0.415790	-0.907222	-0.063764
13080	9.625299	-0.645179	-0.539212	0.004626	0.022953	0.013550	-0.077319	-0.034301	0.996416	-0.906176	0.419193	-0.055886	-0.415774	-0.907249	-0.063495
13081	9.621201	-0.600795	-0.498496	0.009087	0.022768	0.010890	-0.077297	-0.034051	0.996426	-0.906207	0.419114	-0.055976	-0.415710	-0.907295	-0.063253
13082	9.667084	-0.547042	-0.525689	0.004607	0.016223	0.011587	-0.077263	-0.033786	0.996438	-0.906199	0.419119	-0.056055	-0.415732	-0.907303	-0.062999
13083	9.710419	-0.520568	-0.505816	0.005763	0.017283	0.014791	-0.077299	-0.033569	0.996443	-0.906214	0.419071	-0.056181	-0.415694	-0.907333	-0.062814
13084	9.753744	-0.494252	-0.485974	0.006509	0.015255	0.014553	-0.077241	-0.033181	0.996460	-0.906166	0.419160	-0.056284	-0.415808	-0.907306	-0.062444
13085	9.748136	-0.556604	-0.444029	-0.008299	0.014936	0.017692	-0.077313	-0.032973	0.996462	-0.906120	0.419241	-0.056431	-0.415897	-0.907276	-0.062290
13086	9.756846	-0.642787	-0.465378	-0.007197	0.014520	0.015739	-0.077236	-0.032797	0.996473	-0.906103	0.419276	-0.056432	-0.415946	-0.907266	-0.062101
13087	9.774215	-0.634523	-0.520152	0.008287	0.017739	0.017687	-0.077295	-0.032563	0.996476	-0.906126	0.419206	-0.056588	-0.415887	-0.907307	-0.061909
13088	9.704312	-0.595806	-0.511675	0.027825	0.017682	0.013534	-0.077275	-0.032280	0.996487	-0.906215	0.418998	-0.056701	-0.415696	-0.907413	-0.061631
13089	9.667076	-0.736901	-0.503257	0.051308	0.018956	0.017122	-0.077324	-0.032037	0.996491	-0.906416	0.418538	-0.056878	-0.415248	-0.907634	-0.061402
13090	9.621907	-0.780453	-0.363585	0.102713	0.014580	0.019689	-0.077305	-0.031726	0.996503	-0.906803	0.417676	-0.057049	-0.414406	-0.908042	-0.061058
13091	9.529694	-0.620133	-0.160844	0.146955	0.011892	0.017063	-0.077383	-0.031548	0.996502	-0.907399	0.416347	-0.057283	-0.413084	-0.908658	-0.060845
13092	9.563215	-0.429577	-0.074154	0.114929	-0.005798	0.007861	-0.077366	-0.031499	0.996505	-0.907857	0.415338	-0.057355	-0.412080	-0.909122	-0.060730
13093	9.591104	-0.492487	-0.308505	0.066937	0.000297	0.009731	-0.077426	-0.031456	0.996502	-0.908127	0.414733	-0.057468	-0.411474	-0.909399	-0.060677
13094	9.373067	-0.460127	-0.200745	0.110034	-0.002289	0.017594	-0.077532	-0.031398	0.996495	-0.908577	0.413719	-0.057656	-0.410458	-0.909863	-0.060604
13095	9.324348	-0.542684	-0.124448	0.022359	-0.017026	0.004881	-0.077619	-0.031533	0.996484	-0.908667	0.413517	-0.057693	-0.410244	-0.909950	-0.060750
13096	9.528358	-0.817572	-0.258241	-0.014141	-0.035691	-0.015370	-0.077555	-0.031867	0.996479	-0.908617	0.413655	-0.057488	-0.410367	-0.909876	-0.061036
13097	9.787875	-1.013458	-0.184149	0.067997	-0.058364	-0.030125	-0.077493	-0.032523	0.996462	-0.908920	0.413027	-0.057204	-0.409706	-0.910138	-0.061567
13098	10.213036	-0.467320	0.000213	0.116419	-0.074283	-0.049418	-0.077239	-0.033297	0.996456	-0.909411	0.412012	-0.056724	-0.408664	-0.910570	-0.062105
13099	10.641561	0.027689	0.090733	0.023357	-0.059709	-0.053053	-0.076973	-0.034060	0.996451	-0.909548	0.411782	-0.056185	-0.408408	-0.910645	-0.062675
13100	9.679921	-0.200129	0.549088	0.106346	0.062218	-0.023705	-0.076461	-0.033512	0.996509	-0.909988	0.410836	-0.056006	-0.407525	-0.911093	-0.061909
13101	7.970378	-0.524531	2.036625	-0.016170	0.115958	-0.040240	-0.075594	-0.032621	0.996605	-0.909953	0.410970	-0.055570	-0.407762	-0.911065	-0.060750
13102	7.243306	-1.176494	1.556449	-0.215604	-0.078381	-0.064610	-0.075245	-0.033500	0.996602	-0.909113	0.412935	-0.054759	-0.409698	-0.910144	-0.061527
13103	8.066008	-1.699121	1.515263	0.150437	-0.276770	-0.048422	-0.075909	-0.036219	0.996457	-0.909766	0.411550	-0.054346	-0.408123	-0.910667	-0.064191
13104	9.059004	-1.093241	2.974098	0.291534	-0.404021	-0.070459	-0.076864	-0.040155	0.996233	-0.911037	0.408798	-0.053813	-0.405097	-0.911741	-0.068005
13105	9.565085	-0.295818	2.565039	0.029623	-0.548611	-0.100231	-0.078143	-0.045566	0.995900	-0.911236	0.408485	-0.052810	-0.404404	-0.911627	-0.073442
13106	9.659587	0.257965	2.385825	-0.183751	-0.711971	-0.126208	-0.079815	-0.052510	0.995426	-0.910629	0.410018	-0.051387	-0.405444	-0.910565	-0.080543
13107	9.812300	0.435354	1.823036	-0.503044	-0.829688	-0.175196	-0.081573	-0.060776	0.994813	-0.908722	0.414492	-0.049191	-0.409353	-0.908021	-0.089040
13108	9.888786	0.335228	0.838409	-0.799849	-0.891868	-0.224954	-0.083125	-0.069680	0.994100	-0.905635	0.421536	-0.046181	-0.415831	-0.904131	-0.098144
13109	9.973564	0.075838	-0.418842	-0.990214	-0.905269	-0.267879	-0.084477	-0.078983	0.993290	-0.901703	0.430265	-0.042475	-0.424023	-0.899241	-0.107567
13110	10.067770	-0.296148	-2.350053	-1.119266	-0.868730	-0.287711	-0.085582	-0.087864	0.992449	-0.897167	0.440018	-0.038409	-0.433320	-0.893680	-0.116487
13111	10.242099	-0.432320	-3.924840	-1.077446	-0.773314	-0.286651	-0.086374	-0.096029	0.991624	-0.892698	0.449352	-0.034242	-0.442300	-0.888178	-0.124537
13112	10.431245	-0.805071	-5.200726	-1.083293	-0.662494	-0.269889	-0.087104	-0.102927	0.990868	-0.888086	0.458669	-0.030424	-0.451349	-0.882626	-0.131360
13113	10.382799	-1.382931	-6.275770	-0.929157	-0.538508	-0.258249	-0.087240	-0.108862	0.990221	-0.884083	0.466573	-0.026595	-0.459116	-0.877758	-0.136946
13114	10.228794	-2.158944	-6.862366	-0.731055	-0.394508	-0.255176	-0.086875	-0.113420	0.989742	-0.880937	0.472666	-0.023160	-0.465190	-0.873912	-0.140979
13115	10.269112	-3.179881	-6.814389	-0.381317	-0.242345	-0.261081	-0.085681	-0.116773	0.989456	-0.879384	0.475692	-0.020010	-0.468340	-0.871826	-0.143446
13116	10.409517	-3.873185	-6.090561	0.153827	-0.071608	-0.255621	-0.083993	-0.118479	0.989398	-0.880298	0.474080	-0.017961	-0.466926	-0.872474	-0.144117
13117	10.220019	-3.415090	-4.547260	0.742095	0.077872	-0.239778	-0.081490	-0.118927	0.989553	-0.883939	0.467307	-0.016631	-0.460447	-0.876060	-0.143205
13118	9.610489	-1.742742	-2.727585	1.085598	0.150642	-0.240685	-0.078839	-0.118640	0.989802	-0.889070	0.457493	-0.015979	-0.450932	-0.881263	-0.141548
13119	9.473364	0.044075	-1.072356	1.104311	0.155869	-0.229019	-0.076075	-0.118298	0.990060	-0.894174	0.447460	-0.015242	-0.441209	-0.886445	-0.139819
13120	9.495782	1.225287	0.027804	0.877272	0.113112	-0.230539	-0.073681	-0.118193	0.990253	-0.898147	0.439460	-0.014376	-0.433477	-0.890453	-0.138534
13121	9.698766	1.803571	0.979318	0.487193	0.072554	-0.240794	-0.071177	-0.118597	0.990388	-0.900424	0.434830	-0.012642	-0.429151	-0.892669	-0.137737
13122	9.897726	1.522075	0.953195	0.024298	0.073312	-0.246072	-0.068784	-0.118822	0.990530	-0.900634	0.434453	-0.010425	-0.429100	-0.892822	-0.136898
13123	9.968927	0.508473	0.183022	-0.290525	0.094363	-0.253236	-0.066072	-0.119081	0.990684	-0.899555	0.436743	-0.007498	-0.431782	-0.891670	-0.135976
13124	9.469688	-0.396342	-0.830037	-0.286932	0.096315	-0.262273	-0.063414	-0.119257	0.990836	-0.898460	0.439030	-0.004660	-0.434451	-0.890523	-0.134989
13125	9.309416	-0.453828	-1.430347	-0.150994	0.049806	-0.279507	-0.060661	-0.120040	0.990914	-0.897977	0.440039	-0.001665	-0.435841	-0.889919	-0.134487
13126	9.940225	-0.327223	-1.922687	-0.120569	0.068090	-0.296702	-0.057845	-0.120632	0.991011	-0.897626	0.440756	0.001257	-0.436945	-0.889484	-0.133778
13127	10.193937	-0.450941	-2.221854	-0.061744	0.192290	-0.275313	-0.054508	-0.120133	0.991260	-0.897511	0.440973	0.004089	-0.437610	-0.889444	-0.131857
13128	9.437570	-0.716405	-1.999011	-0.081307	0.180207	-0.285747	-0.051271	-0.119655	0.991491	-0.897265	0.441440	0.006876	-0.438506	-0.889277	-0.129995
13129	9.594109	-0.762840	-1.768072	0.037029	0.134469	-0.279717	-0.048146	-0.119690	0.991643	-0.897566	0.440775	0.009623	-0.438244	-0.889602	-0.128651
13130	9.863821	0.051058	-0.748482	0.020308	0.149583	-0.276497	-0.045142	-0.119475	0.991810	-0.897771	0.440293	0.012177	-0.438142	-0.889869	-0.127137
13131	9.464746	0.507431	-0.375428	0.005556	0.127191	-0.291916	-0.041939	-0.119625	0.991933	-0.897923	0.439895	0.015086	-0.438151	-0.890046	-0.125863
13132	9.350069	0.880496	0.312320	-0.096116	0.075750	-0.303333	-0.038998	-0.120167	0.991987	-0.897594	0.440453	0.018069	-0.439096	-0.889697	-0.125038
13133	9.412654	0.568238	0.017535	-0.202372	0.045874	-0.301061	-0.036070	-0.121084	0.991987	-0.896816	0.441890	0.021328	-0.440932	-0.888860	-0.124529
13134	9.422546	0.200456	-0.107114	-0.167880	0.019840	-0.296793	-0.033410	-0.122134	0.991951	-0.896178	0.443026	0.024364	-0.442436	-0.888151	-0.124255
13135	9.486426	0.253719	0.009147	-0.075465	0.013173	-0.301423	-0.030626	-0.123350	0.991891	-0.895940	0.443326	0.027468	-0.443119	-0.887833	-0.124091
13136	9.461760	1.036748	-0.177664	-0.081408	0.009010	-0.311684	-0.027827	-0.124598	0.991817	-0.895683	0.443638	0.030603	-0.443821	-0.887502	-0.123945
13137	9.418151	1.888817	-0.205835	-0.159179	-0.045148	-0.293735	-0.025373	-0.126300	0.991668	-0.895053	0.444682	0.033734	-0.445237	-0.886739	-0.124328
13138	9.648095	2.212866	-0.345917	-0.459256	-0.088821	-0.285065	-0.023219	-0.128317	0.991461	-0.893080	0.448365	0.037114	-0.449299	-0.884592	-0.125008
13139	9.882457	1.763908	-1.308809	-0.676882	-0.140709	-0.271481	-0.021411	-0.130781	0.991180	-0.890078	0.453989	0.040675	-0.455305	-0.881357	-0.126126
13140	10.212903	1.156328	-1.953566	-0.770776	-0.144837	-0.236402	-0.019997	-0.133081	0.990903	-0.886608	0.460430	0.043945	-0.462089	-0.877664	-0.127198
13141	10.244051	0.542080	-2.476809	-0.641737	-0.124679	-0.203615	-0.018750	-0.135113	0.990653	-0.883663	0.465778	0.046801	-0.467748	-0.874526	-0.128128
13142	10.531532	0.561602	-2.645246	-0.451171	-0.071167	-0.158967	-0.017691	-0.136435	0.990491	-0.881580	0.469493	0.048924	-0.471703	-0.872331	-0.128585
13143	10.392829	0.628897	-2.737130	-0.277970	0.031436	-0.111432	-0.016537	-0.136683	0.990477	-0.880284	0.471763	0.050405	-0.474160	-0.871067	-0.128121
13144	9.726484	0.768303	-1.597899	-0.143408	0.043704	-0.078436	-0.015622	-0.136651	0.990496	-0.879603	0.472926	0.051373	-0.475451	-0.870441	-0.127587
13145	9.746494	0.949024	-0.780207	-0.143977	0.068192	-0.058540	-0.014759	-0.136332	0.990553	-0.878926	0.474098	0.052156	-0.476730	-0.869853	-0.126823
13146	9.374095	1.292455	-0.041976	-0.148775	0.079271	-0.041544	-0.013994	-0.135821	0.990635	-0.878227	0.475325	0.052764	-0.478039	-0.869264	-0.125933
13147	8.993027	1.427135	0.530411	-0.224692	0.005733	-0.043847	-0.013557	-0.135977	0.990619	-0.877156	0.477216	0.053501	-0.480015	-0.868202	-0.125743
13148	9.039556	1.358166	0.848757	-0.273903	-0.080324	-0.035228	-0.013606	-0.136821	0.990502	-0.875830	0.479564	0.054213	-0.482427	-0.866774	-0.126357
13149	9.237764	0.923981	0.160362	-0.336315	-0.127179	-0.037942	-0.013866	-0.138102	0.990321	-0.874207	0.482424	0.055035	-0.485355	-0.864983	-0.127419
13150	9.303199	0.401129	-0.336624	-0.202809	-0.178584	-0.031817	-0.014430	-0.139769	0.990079	-0.873217	0.484147	0.055620	-0.487118	-0.863751	-0.129035
13151	9.605480	0.421602	-0.792406	-0.102927	-0.209095	-0.017640	-0.015271	-0.141657	0.989798	-0.872717	0.485010	0.055948	-0.487988	-0.862959	-0.131033
13152	9.686897	0.536346	-1.207891	-0.008229	-0.237774	-0.000441	-0.016391	-0.143680	0.989488	-0.872680	0.485073	0.055979	-0.488018	-0.862589	-0.133337
13153	9.678878	0.743254	-1.140994	0.019108	-0.245583	0.012175	-0.017672	-0.145736	0.989166	-0.872770	0.484925	0.055853	-0.487811	-0.862327	-0.135764
13154	9.854151	1.089500	-1.313525	-0.036618	-0.244887	0.017166	-0.018983	-0.147733	0.988845	-0.872582	0.485276	0.055749	-0.488098	-0.861790	-0.138121
13155	9.728433	1.459654	-1.560764	-0.117544	-0.231234	0.022971	-0.020289	-0.149610	0.988537	-0.872003	0.486321	0.055705	-0.489080	-0.860877	-0.140327
13156	9.631719	1.580095	-1.501420	-0.166083	-0.228859	0.039776	-0.021719	-0.151357	0.988241	-0.871184	0.487802	0.055564	-0.490476	-0.859732	-0.142454
13157	9.825573	1.515600	-1.433965	-0.223506	-0.188358	0.069574	-0.023227	-0.152632	0.988010	-0.870069	0.489827	0.055216	-0.492382	-0.858355	-0.144178
13158	9.287578	1.553493	-0.845150	-0.215474	-0.189163	0.087762	-0.024886	-0.153798	0.987789	-0.868985	0.491807	0.054681	-0.494211	-0.857013	-0.145887
13159	9.257985	1.790050	-0.043417	-0.322818	-0.233557	0.103335	-0.026917	-0.155285	0.987503	-0.867358	0.494729	0.054154	-0.496956	-0.855061	-0.148004
13160	9.397227	1.568818	-0.022410	-0.457621	-0.270692	0.113756	-0.029216	-0.157004	0.987166	-0.865034	0.498828	0.053735	-0.500862	-0.852362	-0.150387
13161	8.986932	1.187348	0.126254	-0.516366	-0.304441	0.113652	-0.031705	-0.159022	0.986766	-0.862401	0.503400	0.053416	-0.505232	-0.849294	-0.153101
13162	9.033953	1.091462	-0.032236	-0.437366	-0.355308	0.109226	-0.034404	-0.161452	0.986281	-0.860146	0.507283	0.053037	-0.508886	-0.846521	-0.156325
13163	9.398094	1.020524	-0.118310	-0.422818	-0.375367	0.116320	-0.037296	-0.164030	0.985750	-0.857945	0.511044	0.052578	-0.512386	-0.843758	-0.159789
13164	9.448198	0.582611	-0.744570	-0.379745	-0.403666	0.133247	-0.040465	-0.166713	0.985175	-0.855951	0.514446	0.051898	-0.515471	-0.841161	-0.163515
13165	9.689842	0.285682	-1.201495	-0.357200	-0.418572	0.143303	-0.043830	-0.169487	0.984557	-0.854044	0.517685	0.051097	-0.518351	-0.838616	-0.167439
13166	9.938924	-0.094631	-2.071056	-0.247504	-0.420587	0.143714	-0.047190	-0.172227	0.983926	-0.852710	0.519975	0.050120	-0.520249	-0.836639	-0.171397
13167	10.307729	0.061979	-2.651497	-0.154400	-0.405096	0.156653	-0.050611	-0.174795	0.983303	-0.851829	0.521535	0.048866	-0.521369	-0.835133	-0.175291
13168	10.387175	-0.253784	-3.592940	-0.142584	-0.362397	0.158072	-0.053801	-0.176958	0.982747	-0.851011	0.522987	0.047583	-0.522384	-0.833769	-0.178730
13169	10.637092	-0.773299	-4.376697	-0.020365	-0.306180	0.157619	-0.056717	-0.178683	0.982271	-0.850818	0.523435	0.046090	-0.522391	-0.833119	-0.181715
13170	10.352675	-0.469682	-4.204427	0.207616	-0.230203	0.187510	-0.059474	-0.179593	0.981942	-0.851794	0.522036	0.043887	-0.520490	-0.833802	-0.184024
13171	9.999470	0.590604	-3.629873	0.314668	-0.162653	0.205739	-0.062048	-0.179877	0.981730	-0.853303	0.519777	0.041305	-0.517711	-0.835150	-0.185740
13172	9.846289	1.333922	-2.658531	0.309045	-0.082608	0.212959	-0.064258	-0.179442	0.981668	-0.854760	0.517581	0.038660	-0.515030	-0.836606	-0.186639
13173	9.405671	1.248087	-1.531925	0.218061	-0.071928	0.231386	-0.066582	-0.178846	0.981622	-0.855730	0.516168	0.036000	-0.513120	-0.837606	-0.187412
13174	9.264828	1.094244	-0.443910	0.168875	-0.117113	0.252309	-0.069306	-0.178510	0.981494	-0.856419	0.515211	0.033230	-0.511609	-0.838267	-0.188587
13175	9.224846	0.716339	0.595932	0.152271	-0.183844	0.273996	-0.072569	-0.178639	0.981235	-0.857003	0.514421	0.030272	-0.510176	-0.838724	-0.190425
13176	9.290338	0.384000	1.417069	0.184500	-0.271785	0.293289	-0.076428	-0.179388	0.980805	-0.857722	0.513400	0.027063	-0.508400	-0.839190	-0.193104
13177	9.584402	0.656442	1.596009	0.210669	-0.372811	0.310457	-0.080960	-0.180923	0.980159	-0.858548	0.512189	0.023628	-0.506302	-0.839601	-0.196798
13178	9.827730	0.038976	1.715489	0.258278	-0.484245	0.322434	-0.086125	-0.183305	0.979276	-0.859600	0.510577	0.019972	-0.503657	-0.840066	-0.201543
13179	9.678915	-0.494281	1.341742	0.383289	-0.583857	0.347535	-0.092021	-0.186440	0.978147	-0.861215	0.507995	0.015806	-0.499841	-0.840940	-0.207311
13180	9.192425	0.460504	1.019356	0.412417	-0.673971	0.372692	-0.098533	-0.190170	0.976794	-0.862937	0.505186	0.011305	-0.495612	-0.841798	-0.213882
13181	9.305798	0.807132	0.205519	0.284981	-0.784267	0.371041	-0.105587	-0.194897	0.975124	-0.863967	0.503498	0.007083	-0.492354	-0.841727	-0.221548
13182	9.821975	0.563549	-0.410414	0.223485	-0.861329	0.361126	-0.112882	-0.200263	0.973218	-0.864685	0.502305	0.003068	-0.489466	-0.841180	-0.229865
13183	10.377629	0.775035	-0.351451	0.269389	-0.910614	0.375341	-0.120547	-0.206035	0.971091	-0.865563	0.500799	-0.001193	-0.486076	-0.840684	-0.238706
13184	10.580470	0.694977	-0.199293	0.223719	-0.963748	0.405924	-0.128668	-0.212035	0.968755	-0.866169	0.499720	-0.005667	-0.482904	-0.839834	-0.247955
13185	10.753119	0.535885	-0.538246	0.321508	-1.025912	0.425344	-0.137263	-0.218523	0.966130	-0.867151	0.497933	-0.010576	-0.478757	-0.839232	-0.257840
13186	11.127395	1.529145	0.047720	0.397533	-1.058031	0.434368	-0.146006	-0.225166	0.963319	-0.868456	0.495514	-0.015806	-0.473779	-0.838908	-0.267895
13187	10.523568	0.501507	0.136734	0.507092	-1.142769	0.459922	-0.155359	-0.232478	0.960113	-0.870153	0.492309	-0.021597	-0.467652	-0.838800	-0.278776
13188	10.618554	-0.378265	0.987275	0.930145	-1.255764	0.500370	-0.165459	-0.240489	0.956446	-0.873682	0.485630	-0.029035	-0.457496	-0.840433	-0.290463
13189	10.563659	0.258505	1.611808	1.169970	-1.341549	0.482908	-0.175719	-0.249452	0.952311	-0.878141	0.476962	-0.037096	-0.444963	-0.842781	-0.302866
13190	10.829012	0.292373	2.171806	1.254375	-1.484600	0.447675	-0.186087	-0.259764	0.947573	-0.882858	0.467456	-0.045232	-0.431199	-0.844989	-0.316323
13191	11.862426	0.000480	2.144463	1.309288	-1.646434	0.395201	-0.196541	-0.271859	0.942053	-0.887655	0.457427	-0.053187	-0.416461	-0.846672	-0.331220
13192	13.183792	-0.185260	2.800576	1.295514	-1.800101	0.369025	-0.207105	-0.285310	0.935791	-0.892236	0.447422	-0.061053	-0.401275	-0.847592	-0.347228
13193	14.458032	-0.915560	2.436427	1.228561	-1.949680	0.387146	-0.218221	-0.300115	0.928607	-0.896254	0.438138	-0.069017	-0.386145	-0.847329	-0.364590
13194	14.939955	-1.337802	3.059048	1.401816	-2.091505	0.442696	-0.230007	-0.315761	0.920539	-0.900584	0.427560	-0.078360	-0.368843	-0.847046	-0.382711
13195	14.849525	-1.300173	2.955334	1.557966	-2.220373	0.522507	-0.242677	-0.332353	0.911400	-0.904950	0.416054	-0.089240	-0.349533	-0.846428	-0.401730
13196	15.218554	-0.549011	4.547972	1.840387	-2.352851	0.578867	-0.255805	-0.349696	0.901264	-0.909754	0.402402	-0.102080	-0.326974	-0.846041	-0.421074
13197	15.464457	-0.309865	5.844506	1.798793	-2.448733	0.605580	-0.269032	-0.367991	0.890058	-0.913847	0.389363	-0.115242	-0.304148	-0.844381	-0.441039
13198	15.481344	0.184363	5.771355	1.595760	-2.560700	0.622575	-0.282239	-0.386878	0.877876	-0.916750	0.378407	-0.127974	-0.282684	-0.840912	-0.461472
13199	14.872793	1.352473	4.955556	1.425244	-2.642687	0.622314	-0.295126	-0.406703	0.864577	-0.918841	0.368918	-0.140108	-0.261976	-0.835759	-0.482573
13200	14.410557	2.326269	2.891764	0.935159	-2.692113	0.640901	-0.308002	-0.426293	0.850535	-0.919090	0.364278	-0.150249	-0.245781	-0.827995	-0.503999
13201	13.540541	3.949268	-0.671552	0.727860	-2.725290	0.701133	-0.320914	-0.446183	0.835425	-0.918625	0.361333	-0.159893	-0.230525	-0.818755	-0.525831
13202	12.809255	5.841475	-2.671180	0.336453	-2.698599	0.661824	-0.333634	-0.464975	0.820053	-0.916710	0.362886	-0.167200	-0.219842	-0.807534	-0.547319
13203	12.887582	5.895310	-4.855193	0.118428	-2.626889	0.589677	-0.344658	-0.483879	0.804408	-0.914972	0.364723	-0.172637	-0.209851	-0.795511	-0.568441
13204	12.396543	5.537177	-4.447231	0.116271	-2.437765	0.550736	-0.355666	-0.500097	0.789560	-0.912521	0.368409	-0.177710	-0.202008	-0.783695	-0.587379
13205	11.952814	4.621431	-4.863373	-0.054671	-2.099849	0.496005	-0.364335	-0.514599	0.776175	-0.910634	0.371339	-0.181255	-0.194950	-0.772849	-0.603903
13206	10.954874	3.545969	-6.384040	-0.204681	-1.544053	0.446624	-0.372584	-0.523620	0.766162	-0.907683	0.377434	-0.183454	-0.193115	-0.763784	-0.615906
13207	9.548454	2.457305	-10.462760	-0.479803	-1.240705	0.388178	-0.378476	-0.531562	0.757758	-0.905307	0.383114	-0.183420	-0.192809	-0.755424	-0.626226
13208	7.458954	1.667639	-10.591661	-0.451647	-0.938118	0.375317	-0.384937	-0.535964	0.751376	-0.902043	0.390746	-0.183403	-0.195300	-0.748372	-0.633875
13209	5.469794	0.685130	-11.492079	-0.918924	-0.877171	0.238870	-0.388803	-0.541542	0.745362	-0.899309	0.398859	-0.179316	-0.200187	-0.740030	-0.642092
13210	6.223613	1.101789	-11.146554	-0.324725	-0.671555	0.125989	-0.392624	-0.544749	0.741010	-0.897124	0.404267	-0.178147	-0.202521	-0.734722	-0.647432
13211	6.867277	1.412354	-7.062429	-0.177176	-0.521731	0.026082	-0.393893	-0.548461	0.737590	-0.896671	0.405695	-0.177178	-0.202061	-0.731165	-0.651590
13212	6.553513	2.991343	-7.690470	-0.479441	-0.111578	0.019893	-0.395705	-0.547922	0.737020	-0.894511	0.411720	-0.174178	-0.208010	-0.728195	-0.653042
13213	5.548120	2.670904	-6.080146	-0.840016	0.304331	-0.124012	-0.393930	-0.546217	0.739234	-0.893225	0.417137	-0.167769	-0.216723	-0.726391	-0.652217
13214	4.542194	2.725073	-3.515755	-1.251536	0.812247	-0.396983	-0.389988	-0.540727	0.745335	-0.890799	0.426540	-0.156654	-0.233208	-0.725037	-0.648024
13215	4.763661	3.331117	-3.436422	-2.169041	1.350643	-0.784642	-0.379671	-0.534334	0.755207	-0.888503	0.438013	-0.136775	-0.257708	-0.722933	-0.641058
13216	4.990670	2.260406	-5.911385	-2.923221	1.885797	-1.133052	-0.365796	-0.524583	0.768769	-0.883461	0.455521	-0.109535	-0.292730	-0.719245	-0.630076
13217	4.729869	0.479824	-7.651848	-3.103406	2.251626	-1.347327	-0.346911	-0.514652	0.784083	-0.878636	0.470789	-0.079731	-0.328104	-0.716583	-0.615513
13218	5.028835	-0.805391	-8.602192	-2.974677	2.578741	-1.395289	-0.326995	-0.501800	0.800794	-0.871768	0.487297	-0.050622	-0.364822	-0.714660	-0.596796
13219	4.917990	-1.571412	-7.898917	-2.559047	2.878374	-1.354456	-0.304245	-0.487877	0.818175	-0.866313	0.498893	-0.024656	-0.396152	-0.716297	-0.574440
13220	4.767935	-1.907786	-6.596087	-2.244950	3.134178	-1.293372	-0.281107	-0.471070	0.836105	-0.859778	0.510667	-0.001351	-0.426335	-0.719244	-0.548567
13221	5.195156	-2.422068	-6.855917	-2.013730	3.362129	-1.207687	-0.255953	-0.453015	0.853970	-0.854177	0.519612	0.019629	-0.452625	-0.724418	-0.519951
13222	5.712831	-3.018437	-7.473990	-1.442996	3.554425	-1.064980	-0.230930	-0.432128	0.871743	-0.849304	0.526670	0.036087	-0.474715	-0.732041	-0.488632
13223	6.019871	-3.148866	-6.796468	-0.738531	3.725091	-0.882794	-0.205460	-0.409288	0.888971	-0.847677	0.528394	0.047360	-0.489111	-0.743830	-0.455508
13224	5.916774	-2.799000	-7.115700	-0.074649	3.937940	-0.713534	-0.180214	-0.383076	0.905967	-0.848193	0.526919	0.054079	-0.498087	-0.758689	-0.419881
13225	5.504338	-2.178510	-6.964313	0.634920	4.022322	-0.594063	-0.155072	-0.355293	0.921802	-0.852363	0.519838	0.056973	-0.499430	-0.776875	-0.383451
13226	5.633860	-1.241089	-6.318083	0.979312	4.100660	-0.557751	-0.129956	-0.325629	0.936524	-0.857712	0.510783	0.058579	-0.497436	-0.795655	-0.345675
13227	6.244526	-0.322557	-6.962370	1.049213	4.154529	-0.623145	-0.103983	-0.295333	0.949719	-0.863644	0.500392	0.061048	-0.493261	-0.813871	-0.307095
13228	6.416754	0.356327	-6.435326	0.997578	4.202381	-0.755116	-0.076815	-0.264289	0.961380	-0.868992	0.490485	0.065404	-0.488828	-0.830407	-0.267342
13229	6.130419	0.740124	-5.601365	0.660215	4.194902	-0.921030	-0.048323	-0.233636	0.971123	-0.872790	0.482654	0.072688	-0.485698	-0.844073	-0.227238
13230	6.244485	0.590767	-5.446288	0.212526	4.164686	-1.073174	-0.018680	-0.203250	0.978949	-0.874014	0.478806	0.082733	-0.485542	-0.854069	-0.186587
13231	6.211782	0.186018	-5.844799	-0.231517	4.190071	-1.184840	0.012090	-0.172979	0.984851	-0.872930	0.478553	0.094769	-0.487696	-0.860852	-0.145213
13232	5.916211	-0.549241	-6.108617	-0.521103	4.180152	-1.234891	0.043386	-0.142698	0.988815	-0.869891	0.481358	0.107634	-0.491333	-0.864831	-0.103248
13233	6.145122	-1.540214	-7.405486	-0.535930	4.147365	-1.253610	0.074724	-0.112813	0.990802	-0.866513	0.484390	0.120503	-0.493529	-0.867548	-0.061559
13234	7.064707	-1.672521	-7.136223	-0.069492	4.080459	-1.282633	0.106001	-0.083442	0.990859	-0.864928	0.483877	0.133277	-0.490575	-0.871149	-0.020880
13235	8.747577	-1.440103	-5.266942	0.496148	4.043536	-1.360313	0.137453	-0.054644	0.989000	-0.865685	0.478594	0.146757	-0.481349	-0.876334	0.018480
13236	10.632796	-1.298645	-4.959132	0.873436	3.984494	-1.446723	0.168994	-0.026405	0.985263	-0.867532	0.470463	0.161409	-0.467792	-0.882024	0.056599
13237	11.614049	0.038325	-4.284509	1.424436	3.835802	-1.386528	0.198651	0.001145	0.980070	-0.871509	0.457665	0.176113	-0.448342	-0.889124	0.091913
13238	11.282770	0.653768	-3.785366	1.496757	3.636205	-1.184984	0.225021	0.028290	0.973943	-0.875489	0.444591	0.189360	-0.427650	-0.895287	0.124810
13239	10.132121	0.397324	-3.273508	1.693243	3.308026	-0.878633	0.246535	0.054179	0.967618	-0.880466	0.429735	0.200268	-0.404969	-0.901328	0.153648
13240	9.446226	0.938808	-1.114304	1.876876	2.969652	-0.596454	0.263562	0.078540	0.961440	-0.886258	0.413263	0.209193	-0.380897	-0.907219	0.178527
13241	9.481911	2.243840	0.404813	1.729573	2.585867	-0.374366	0.276475	0.100556	0.955746	-0.891639	0.397860	0.216071	-0.358525	-0.911919	0.199658
13242	9.237996	4.421715	1.802139	1.069635	2.114893	-0.187483	0.285665	0.119114	0.950898	-0.894784	0.388455	0.220148	-0.343158	-0.913737	0.217549
13243	8.246119	5.605868	1.960285	-0.416237	1.508522	-0.032721	0.291153	0.132757	0.947420	-0.893260	0.392287	0.219540	-0.342515	-0.910212	0.232802
13244	6.569677	4.014981	0.739172	-1.890261	0.732848	0.117261	0.292775	0.139849	0.945899	-0.886909	0.409392	0.213989	-0.357317	-0.901577	0.243893
13245	6.177537	1.287234	-0.440901	-3.033247	-0.001185	0.126643	0.291678	0.140386	0.946158	-0.876032	0.436365	0.205314	-0.384047	-0.888751	0.250260
13246	7.634598	-1.178167	-0.461146	-3.665673	-0.572070	-0.001744	0.289500	0.135314	0.947565	-0.861251	0.468783	0.196186	-0.417656	-0.872887	0.252253
13247	8.067516	-4.339872	-4.674876	-3.643334	-1.114267	0.031398	0.284412	0.125839	0.950407	-0.845496	0.500249	0.186781	-0.451936	-0.856689	0.248673
13248	9.332014	-5.603279	-1.707363	-2.701939	-1.414191	0.043224	0.277560	0.113994	0.953921	-0.832955	0.523305	0.179827	-0.478693	-0.844486	0.240200
13249	13.411750	-6.001820	1.857958	-1.629258	-1.173109	0.099220	0.271049	0.104665	0.956858	-0.825290	0.536892	0.175052	-0.495408	-0.837133	0.231903
13250	15.695027	-2.829068	6.909490	-0.710333	-0.561705	0.196633	0.266701	0.101012	0.958471	-0.822193	0.542732	0.171583	-0.502861	-0.833810	0.227798
13251	13.890781	1.135438	7.014650	-0.941752	-0.114139	0.265601	0.263970	0.101523	0.959173	-0.818123	0.550287	0.166908	-0.510876	-0.828780	0.228317
13252	9.067113	2.241350	4.949597	-1.696462	-0.158545	0.259054	0.261107	0.101683	0.959940	-0.809974	0.564056	0.160567	-0.525133	-0.819452	0.229639
13253	7.070130	-0.104529	1.720708	-2.416492	-0.454988	0.215350	0.256966	0.099228	0.961313	-0.797592	0.583477	0.152975	-0.545724	-0.806045	0.229077
13254	9.477964	-3.983461	1.788350	-2.618282	-0.664372	0.159748	0.252070	0.094902	0.963044	-0.783377	0.604278	0.145496	-0.568139	-0.791102	0.226664
13255	13.917657	-7.018010	1.736190	-2.107759	-0.683530	0.180054	0.246751	0.090645	0.964830	-0.771660	0.620652	0.139039	-0.586221	-0.778829	0.223094
13256	15.448673	-6.541110	2.846243	-1.154625	-0.665681	0.250653	0.240944	0.087103	0.966622	-0.765414	0.629416	0.134074	-0.596730	-0.772171	0.218324
13257	13.618662	-3.423122	3.529458	-0.330384	-0.748536	0.314103	0.234086	0.083314	0.968639	-0.764182	0.631693	0.130343	-0.601023	-0.770729	0.211538
13258	11.746093	0.135936	3.974583	-0.056531	-0.902561	0.263930	0.226679	0.078110	0.970832	-0.764452	0.631916	0.127650	-0.603514	-0.771090	0.202953
13259	10.161835	2.907177	2.988178	-0.133644	-1.037312	0.174510	0.219095	0.071220	0.973101	-0.764033	0.632812	0.125708	-0.606837	-0.771023	0.193060
13260	8.862694	3.663914	2.766386	-0.521490	-1.126127	0.111891	0.211419	0.063352	0.975340	-0.761093	0.636754	0.123619	-0.613221	-0.768460	0.182839
13261	8.341151	2.359431	1.855637	-0.877622	-1.143181	0.050256	0.204004	0.054922	0.977428	-0.755777	0.643442	0.121587	-0.622240	-0.763522	0.172774
13262	8.371192	-0.478233	0.218633	-0.982657	-1.123452	-0.002336	0.197027	0.046447	0.979297	-0.749609	0.650923	0.119943	-0.631876	-0.757722	0.163066
13263	8.914855	-2.843361	-1.055903	-0.547604	-1.073128	-0.005293	0.190281	0.038302	0.980982	-0.746123	0.655060	0.119148	-0.638039	-0.754605	0.153224
13264	9.487979	-2.489123	-0.959939	0.291052	-1.013148	0.021947	0.183700	0.030876	0.982497	-0.748024	0.652854	0.119343	-0.637742	-0.756855	0.143025
13265	9.935208	0.595401	-0.039548	0.930961	-0.993123	0.037604	0.177138	0.023578	0.983904	-0.754007	0.645762	0.120273	-0.632532	-0.763175	0.132166
13266	10.262988	3.991086	0.544484	1.023817	-1.036109	0.035351	0.170389	0.015946	0.985248	-0.760507	0.637918	0.121198	-0.626575	-0.769939	0.120821
13267	10.320167	5.953290	0.858176	0.535812	-1.106832	0.058434	0.163049	0.007781	0.986587	-0.763959	0.633770	0.121257	-0.624325	-0.773483	0.109280
13268	10.183854	5.358189	-0.289707	-0.312234	-1.176193	0.083363	0.155090	-0.000715	0.987900	-0.762097	0.636226	0.120101	-0.628614	-0.771502	0.098128
13269	9.778977	2.493163	-1.650610	-1.006475	-1.207546	0.085118	0.146824	-0.009441	0.989118	-0.755854	0.643956	0.118345	-0.638066	-0.765004	0.087412
13270	9.879191	-0.767776	-3.247128	-1.105581	-1.191923	0.043570	0.138876	-0.018191	0.990143	-0.748766	0.652425	0.117007	-0.648122	-0.757635	0.076986
13271	10.535045	-2.921333	-4.505724	-0.541881	-1.112042	-0.008307	0.131728	-0.026644	0.990928	-0.745231	0.656511	0.116719	-0.653665	-0.753846	0.066625
13272	11.203091	-3.441430	-5.301175	0.392675	-0.964508	-0.014327	0.125573	-0.033989	0.991502	-0.747717	0.653611	0.117104	-0.652036	-0.756068	0.056662
13273	11.319934	-2.475017	-4.832213	1.297840	-0.799730	0.023000	0.120249	-0.039913	0.991941	-0.756154	0.643746	0.117568	-0.643251	-0.764198	0.047229
13274	11.220228	-0.785318	-4.093171	1.876407	-0.636525	0.092033	0.115518	-0.044207	0.992321	-0.768138	0.629418	0.117461	-0.629777	-0.775808	0.038752
13275	10.717520	1.269645	-2.641604	2.126028	-0.496157	0.143253	0.111351	-0.047193	0.992660	-0.781525	0.612843	0.116803	-0.613857	-0.788794	0.031359
13276	10.443315	3.384699	-0.363976	1.900385	-0.377987	0.180099	0.107655	-0.049098	0.992975	-0.793167	0.597940	0.115558	-0.599414	-0.800035	0.025428
13277	9.827164	5.642613	1.099449	1.515490	-0.328294	0.211019	0.104051	-0.050483	0.993290	-0.802389	0.585846	0.113828	-0.587661	-0.808849	0.020451
13278	9.129266	7.235183	2.600582	0.567850	-0.343019	0.210435	0.100366	-0.052040	0.993589	-0.805828	0.581490	0.111855	-0.583582	-0.811888	0.016427
13279	8.216919	6.257579	2.375093	-0.535330	-0.412586	0.199546	0.096371	-0.054210	0.993868	-0.802891	0.585925	0.109812	-0.588285	-0.808550	0.012942
13280	7.905213	3.325119	1.963290	-1.310769	-0.519511	0.150613	0.092107	-0.057510	0.994087	-0.795151	0.596682	0.108194	-0.599376	-0.800414	0.009230
13281	8.454463	0.476251	1.082154	-1.414864	-0.600718	0.078036	0.087882	-0.061815	0.994211	-0.786661	0.607983	0.107337	-0.611098	-0.791540	0.004804
13282	9.173709	-0.683611	0.407560	-1.038713	-0.647599	0.042756	0.083587	-0.066665	0.994268	-0.780197	0.616330	0.106914	-0.619925	-0.784661	-0.000495
13283	9.809864	-0.395160	-0.047260	-0.548660	-0.664211	0.064540	0.078979	-0.071458	0.994312	-0.776839	0.620661	0.106310	-0.624727	-0.780816	-0.006493
13284	9.959903	0.032080	-0.045510	-0.179282	-0.665945	0.105731	0.074014	-0.075995	0.994357	-0.775697	0.622260	0.105295	-0.626751	-0.779113	-0.012893
13285	10.210421	0.198858	-0.132142	0.031292	-0.652754	0.134101	0.068910	-0.080239	0.994391	-0.775993	0.622112	0.103975	-0.626966	-0.778805	-0.019395
