// General information: 
//  MT Manager version: 2022.2.0 
//  XDA version: 2022.2.0 build 7381 rev 124627 built on 2023-07-19
// Device information: 
//  DeviceId: 00B4CBA7
//  ProductCode: MTW2-3A7G6
//  Firmware Version: 4.6.0
//  Hardware Version: 2.0.0
// Device settings: 
//  Filter Profile: human(46.1)
//  Option Flags: Orientation Smoother Disabled, Position/Velocity Smoother Disabled, Continuous Zero Rotation Update Disabled, AHS Disabled, ICC Disabled
// Coordinate system: ENU
PacketCounter	Acc_X	Acc_Y	Acc_Z	Gyr_X	Gyr_Y	Gyr_Z	Mat[1][1]	Mat[2][1]	Mat[3][1]	Mat[1][2]	Mat[2][2]	Mat[3][2]	Mat[1][3]	Mat[2][3]	Mat[3][3]
20990	9.496152	0.855427	-1.810527	0.049700	-0.097184	-0.050078	0.219590	-0.011609	0.975523	-0.148692	-0.988645	0.021706	0.964195	-0.149818	-0.218823
20991	9.550020	0.767272	-1.851175	0.008890	-0.120993	-0.040731	0.220827	-0.011356	0.975247	-0.148505	-0.988664	0.022114	0.963941	-0.149712	-0.220010
20992	9.591427	0.727890	-1.769528	-0.015589	-0.129983	-0.026583	0.222128	-0.011193	0.974953	-0.148562	-0.988647	0.022498	0.963633	-0.149839	-0.221269
20993	9.579346	0.629332	-1.925821	-0.064790	-0.138967	-0.015193	0.223499	-0.011219	0.974640	-0.149141	-0.988553	0.022821	0.963226	-0.150459	-0.222614
20994	9.572711	0.428627	-2.450758	-0.082118	-0.139883	-0.001635	0.224856	-0.011317	0.974326	-0.149894	-0.988432	0.023112	0.962794	-0.151243	-0.223951
20995	9.819876	0.282873	-2.891199	-0.022233	-0.113050	0.021182	0.225922	-0.011666	0.974075	-0.150144	-0.988397	0.022986	0.962505	-0.151445	-0.225053
20996	9.541532	0.887899	-2.603070	-0.001345	-0.048511	0.064962	0.226302	-0.012285	0.973980	-0.150269	-0.988390	0.022448	0.962396	-0.151439	-0.225520
20997	9.288764	0.728040	-2.909784	-0.162222	-0.038351	0.054100	0.226599	-0.012846	0.973904	-0.151941	-0.988138	0.022318	0.962064	-0.153033	-0.225862
20998	9.568692	0.416422	-2.946233	-0.111132	-0.026140	0.050092	0.226787	-0.013281	0.973854	-0.153086	-0.987964	0.022176	0.961838	-0.154113	-0.226090
20999	9.710865	0.506413	-2.599966	-0.082191	0.011059	0.076701	0.226572	-0.013990	0.973894	-0.154039	-0.987828	0.021646	0.961736	-0.154922	-0.225970
21000	9.351138	0.927076	-2.353739	-0.136783	0.061525	0.083529	0.225868	-0.014619	0.974048	-0.155505	-0.987607	0.021237	0.961666	-0.156266	-0.225342
21001	9.317684	0.429391	-2.308151	-0.286263	0.000456	0.066163	0.225769	-0.015240	0.974062	-0.158395	-0.987147	0.021269	0.961218	-0.159088	-0.225281
21002	9.517756	-0.406695	-2.617957	-0.262974	-0.004453	0.046008	0.225756	-0.015598	0.974059	-0.160987	-0.986722	0.021511	0.960790	-0.161667	-0.225270
21003	9.524926	-0.185296	-2.723719	0.055637	-0.025754	0.026553	0.225971	-0.015870	0.974005	-0.160500	-0.986809	0.021158	0.960821	-0.161109	-0.225537
21004	9.555816	0.477811	-2.174791	0.107243	-0.018149	0.025665	0.226123	-0.016054	0.973966	-0.159489	-0.986981	0.020760	0.960953	-0.160031	-0.225740
21005	9.526478	0.323045	-2.318095	0.036629	-0.025364	0.018805	0.226347	-0.016248	0.973911	-0.159168	-0.987038	0.020525	0.960954	-0.159661	-0.225999
21006	9.496481	0.267007	-2.389858	0.163104	-0.034973	0.001555	0.226700	-0.016219	0.973830	-0.157565	-0.987301	0.020236	0.961135	-0.158029	-0.226377
21007	9.548188	0.517028	-1.864630	0.192800	-0.051689	-0.003688	0.227212	-0.016232	0.973710	-0.155692	-0.987606	0.019866	0.961319	-0.156112	-0.226924
21008	9.515126	0.436979	-1.814498	0.129096	-0.056893	0.001226	0.227776	-0.016233	0.973578	-0.154414	-0.987811	0.019656	0.961392	-0.154811	-0.227507
21009	9.521365	0.435248	-1.773170	0.133988	-0.076478	0.010190	0.228505	-0.016420	0.973404	-0.153138	-0.988017	0.019283	0.961423	-0.153471	-0.228282
21010	9.510476	0.480121	-1.806440	0.092293	-0.097292	0.010520	0.229441	-0.016572	0.973181	-0.152236	-0.988160	0.019065	0.961343	-0.152527	-0.229248
21011	9.488978	0.350805	-2.032433	0.043812	-0.106224	0.011306	0.230455	-0.016813	0.972938	-0.151829	-0.988226	0.018886	0.961165	-0.152072	-0.230294
21012	9.403467	0.338601	-2.104262	0.065813	-0.121867	0.006647	0.231630	-0.016962	0.972656	-0.151173	-0.988329	0.018765	0.960986	-0.151386	-0.231491
21013	9.556990	0.379910	-2.043269	0.049821	-0.128875	0.012571	0.232859	-0.017249	0.972357	-0.150712	-0.988404	0.018558	0.960761	-0.150867	-0.232758
21014	9.563785	0.329957	-2.031644	0.047196	-0.138246	0.011330	0.234184	-0.017468	0.972035	-0.150246	-0.988477	0.018434	0.960512	-0.150362	-0.234110
21015	9.575445	0.378446	-2.073453	0.060654	-0.135973	0.008685	0.235486	-0.017725	0.971716	-0.149672	-0.988567	0.018239	0.960284	-0.149734	-0.235447
21016	9.523160	0.420095	-2.054758	0.037592	-0.128057	0.013541	0.236707	-0.017949	0.971415	-0.149305	-0.988625	0.018115	0.960040	-0.149325	-0.236695
21017	9.439144	0.284533	-2.198419	0.004277	-0.131481	0.016298	0.237954	-0.018274	0.971104	-0.149291	-0.988630	0.017978	0.959734	-0.149255	-0.237977
21018	9.495422	0.189986	-2.366401	0.000993	-0.131705	0.013499	0.239209	-0.018502	0.970792	-0.149275	-0.988633	0.017941	0.959425	-0.149207	-0.239252
21019	9.455210	0.158793	-2.470737	0.000943	-0.128632	0.015001	0.240430	-0.018809	0.970484	-0.149290	-0.988633	0.017824	0.959117	-0.149169	-0.240505
21020	9.403636	0.300094	-2.379682	0.012951	-0.123347	0.015471	0.241601	-0.019045	0.970189	-0.149165	-0.988653	0.017739	0.958842	-0.149004	-0.241701
21021	9.500690	0.385690	-2.187896	-0.023100	-0.125336	0.023133	0.242778	-0.019428	0.969887	-0.149430	-0.988616	0.017602	0.958504	-0.149204	-0.242917
21022	9.615513	0.104006	-2.137304	-0.099601	-0.128168	0.023528	0.243982	-0.019750	0.969579	-0.150404	-0.988466	0.017712	0.958046	-0.150150	-0.244138
21023	9.626371	-0.069144	-2.469268	-0.048503	-0.129996	0.009955	0.245221	-0.020011	0.969261	-0.150880	-0.988392	0.017766	0.957654	-0.150599	-0.245394
21024	9.698013	0.160160	-2.475571	0.014938	-0.114129	0.008933	0.246311	-0.020172	0.968981	-0.150722	-0.988417	0.017737	0.957400	-0.150415	-0.246498
21025	9.560466	0.093662	-2.584933	0.014238	-0.106531	0.005853	0.247331	-0.020357	0.968717	-0.150588	-0.988439	0.017676	0.957158	-0.150249	-0.247537
21026	9.528255	0.138299	-2.591288	0.074594	-0.106278	-0.005569	0.248367	-0.020362	0.968452	-0.149823	-0.988556	0.017638	0.957009	-0.149477	-0.248575
21027	9.515852	0.161043	-2.501028	0.109106	-0.099765	-0.010208	0.249346	-0.020377	0.968200	-0.148741	-0.988721	0.017497	0.956924	-0.148374	-0.249565
21028	9.451766	0.177451	-2.425664	0.122636	-0.094400	-0.009932	0.250275	-0.020320	0.967961	-0.147505	-0.988909	0.017379	0.956872	-0.147129	-0.250497
21029	9.383210	0.216365	-2.498967	0.113660	-0.099531	-0.010620	0.251252	-0.020328	0.967708	-0.146379	-0.989079	0.017228	0.956789	-0.145981	-0.251484
21030	9.345166	0.257587	-2.676508	0.094622	-0.083709	-0.007559	0.252075	-0.020277	0.967495	-0.145417	-0.989222	0.017155	0.956719	-0.145015	-0.252307
21031	9.270040	0.296999	-2.648031	0.085654	-0.084199	-0.005215	0.252897	-0.020314	0.967280	-0.144572	-0.989348	0.017021	0.956631	-0.144146	-0.253140
21032	9.370056	0.379597	-2.727036	0.072368	-0.081804	0.002094	0.253689	-0.020355	0.967072	-0.143848	-0.989455	0.016909	0.956530	-0.143400	-0.253941
21033	9.334891	0.399895	-2.630012	0.058048	-0.073419	0.001756	0.254397	-0.020444	0.966884	-0.143284	-0.989539	0.016776	0.956427	-0.142807	-0.254665
21034	9.366854	0.353218	-2.616617	0.053371	-0.069060	0.003661	0.255065	-0.020481	0.966707	-0.142745	-0.989619	0.016697	0.956329	-0.142251	-0.255341
21035	9.374781	0.330503	-2.450499	0.071666	-0.069582	0.001988	0.255737	-0.020566	0.966528	-0.142052	-0.989721	0.016527	0.956253	-0.141524	-0.256029
21036	9.467149	0.415516	-2.303910	0.080770	-0.069081	0.001140	0.256409	-0.020576	0.966349	-0.141244	-0.989839	0.016401	0.956193	-0.140697	-0.256710
21037	9.538177	0.399681	-2.199465	0.040908	-0.071357	0.000248	0.257100	-0.020645	0.966164	-0.140841	-0.989898	0.016326	0.956067	-0.140273	-0.257410
21038	9.797408	0.205059	-2.396101	-0.016170	-0.065377	0.000857	0.257735	-0.020646	0.965995	-0.140959	-0.989879	0.016452	0.955878	-0.140406	-0.258037
21039	9.668884	-0.085178	-2.715251	0.004962	-0.054936	0.003351	0.258264	-0.020723	0.965852	-0.140908	-0.989886	0.016439	0.955743	-0.140342	-0.258572
21040	9.583600	0.051962	-2.685266	0.085679	-0.053516	-0.002674	0.258791	-0.020673	0.965712	-0.140044	-0.990010	0.016335	0.955727	-0.139470	-0.259101
21041	9.490690	0.137372	-2.725705	0.033418	-0.039485	0.005095	0.259170	-0.020745	0.965609	-0.139725	-0.990057	0.016232	0.955671	-0.139127	-0.259492
21042	9.320784	0.064952	-2.868883	0.042061	-0.035982	0.001163	0.259524	-0.020710	0.965515	-0.139288	-0.990119	0.016202	0.955639	-0.138690	-0.259844
21043	9.272756	-0.283580	-2.799311	-0.056305	-0.021486	0.008676	0.259726	-0.020792	0.965459	-0.139836	-0.990041	0.016297	0.955504	-0.139239	-0.260047
21044	9.093261	-0.458210	-3.183047	0.014638	-0.011428	0.001852	0.259846	-0.020732	0.965427	-0.139664	-0.990064	0.016330	0.955497	-0.139079	-0.260160
21045	9.249171	-0.098339	-3.202010	0.043082	0.002703	0.018929	0.259802	-0.020882	0.965436	-0.139289	-0.990121	0.016067	0.955563	-0.138649	-0.260144
21046	9.318003	0.443824	-3.309350	0.075027	0.035444	0.035406	0.259431	-0.021092	0.965531	-0.138627	-0.990222	0.015617	0.955760	-0.137900	-0.259818
21047	9.206968	0.670665	-3.367977	0.040696	0.059493	0.027536	0.258833	-0.021249	0.965688	-0.138296	-0.990273	0.015278	0.955971	-0.137506	-0.259254
21048	9.321396	0.900685	-3.294127	0.133886	0.063137	0.024875	0.258216	-0.021315	0.965852	-0.137042	-0.990455	0.014779	0.956318	-0.136179	-0.258673
21049	9.298690	1.074050	-2.793609	0.089583	0.092946	0.028550	0.257297	-0.021438	0.966095	-0.136246	-0.990572	0.014304	0.956679	-0.135307	-0.257792
21050	9.180191	0.489892	-2.837903	-0.016898	0.087121	0.035483	0.256439	-0.021574	0.966320	-0.136457	-0.990546	0.014098	0.956880	-0.135477	-0.256958
21051	9.166897	0.040889	-2.907316	0.028481	0.089544	0.029702	0.255550	-0.021713	0.966552	-0.136248	-0.990579	0.013770	0.957147	-0.135210	-0.256100
21052	9.284753	-0.048101	-2.866693	0.085092	0.094218	0.030542	0.254632	-0.021791	0.966792	-0.135470	-0.990691	0.013350	0.957502	-0.134371	-0.255214
21053	9.486046	0.409138	-2.863772	0.162277	0.117185	0.049163	0.253452	-0.022088	0.967096	-0.134028	-0.990899	0.012494	0.958018	-0.132785	-0.254105
21054	9.499218	0.874978	-2.527907	0.151049	0.140007	0.074335	0.252039	-0.022542	0.967455	-0.132726	-0.991086	0.011485	0.958572	-0.131301	-0.252784
21055	9.414062	0.859743	-2.326084	0.075864	0.128413	0.084412	0.250704	-0.023176	0.967786	-0.132198	-0.991168	0.010510	0.958995	-0.130575	-0.251553
21056	9.410716	0.734406	-2.010641	0.032305	0.112577	0.102426	0.249516	-0.023944	0.968075	-0.132103	-0.991190	0.009533	0.959318	-0.130264	-0.250481
21057	9.328796	0.795084	-1.741171	-0.018076	0.091929	0.127255	0.248474	-0.025051	0.968315	-0.132580	-0.991137	0.008379	0.959522	-0.130462	-0.249593
21058	9.664984	0.721996	-1.715473	-0.120954	0.054485	0.138623	0.247791	-0.026249	0.968458	-0.134043	-0.990948	0.007438	0.959496	-0.131657	-0.249067
21059	9.724297	0.419344	-1.831274	-0.176654	0.037798	0.140778	0.247247	-0.027560	0.968561	-0.136073	-0.990677	0.006547	0.959350	-0.133414	-0.248692
21060	9.671395	0.356185	-1.741803	-0.115250	0.017735	0.129542	0.246920	-0.028713	0.968610	-0.137455	-0.990492	0.005679	0.959237	-0.134543	-0.248519
21061	9.597842	0.145842	-1.570491	-0.134564	-0.001735	0.125420	0.246772	-0.029923	0.968612	-0.139043	-0.990275	0.004831	0.959047	-0.135871	-0.248532
21062	9.580674	-0.187802	-1.704958	-0.066567	-0.032258	0.113749	0.246940	-0.030987	0.968535	-0.139920	-0.990155	0.003996	0.958876	-0.136504	-0.248844
21063	9.557201	-0.299121	-1.750448	0.013048	-0.046865	0.103859	0.247252	-0.032045	0.968421	-0.140039	-0.990141	0.002990	0.958778	-0.136356	-0.249302
21064	9.490081	-0.196933	-1.921994	0.101572	-0.062668	0.090109	0.247740	-0.032918	0.968267	-0.139247	-0.990256	0.001962	0.958768	-0.135314	-0.249910
21065	9.466459	0.234202	-1.818960	0.185005	-0.087876	0.083067	0.248476	-0.033825	0.968047	-0.137667	-0.990478	0.000728	0.958805	-0.133449	-0.250766
21066	9.520337	0.552367	-1.629137	0.161891	-0.107329	0.088513	0.249393	-0.034740	0.967779	-0.136297	-0.990668	-0.000439	0.958763	-0.131796	-0.251801
21067	9.451857	0.486668	-1.626801	0.075934	-0.134421	0.090579	0.250566	-0.035780	0.967438	-0.135783	-0.990737	-0.001474	0.958530	-0.130992	-0.253104
21068	9.463538	0.381077	-1.615038	0.040869	-0.172924	0.089827	0.252108	-0.036790	0.967000	-0.135578	-0.990764	-0.002348	0.958155	-0.130512	-0.254767
21069	9.563882	0.364815	-1.353651	-0.015199	-0.209217	0.095598	0.253990	-0.037976	0.966461	-0.135952	-0.990710	-0.003200	0.957604	-0.130580	-0.256793
21070	9.655125	0.328139	-0.894645	-0.099760	-0.251347	0.105696	0.256252	-0.039245	0.965813	-0.137138	-0.990544	-0.003864	0.956832	-0.131459	-0.259211
21071	9.635740	0.207036	-0.415021	-0.174693	-0.290124	0.105699	0.258889	-0.040641	0.965052	-0.139068	-0.990273	-0.004397	0.955843	-0.133069	-0.262023
21072	9.468830	0.145265	0.085792	-0.223135	-0.358541	0.096028	0.262171	-0.041966	0.964109	-0.141414	-0.989940	-0.004635	0.954604	-0.135124	-0.265468
21073	9.431226	0.074310	0.829709	-0.281980	-0.445936	0.081488	0.266316	-0.043346	0.962911	-0.144306	-0.989522	-0.004633	0.953022	-0.137720	-0.269781
21074	9.452250	-0.050811	1.181999	-0.365082	-0.552752	0.077249	0.271442	-0.044772	0.961413	-0.147952	-0.988985	-0.004284	0.951015	-0.141080	-0.275076
21075	9.472467	-0.084092	1.296878	-0.395221	-0.661817	0.079887	0.277616	-0.046473	0.959567	-0.151912	-0.988386	-0.003919	0.948605	-0.144682	-0.281452
21076	9.652348	-0.177394	1.517684	-0.457019	-0.789484	0.065879	0.284950	-0.048177	0.957331	-0.156397	-0.987689	-0.003153	0.945697	-0.148825	-0.288977
21077	9.832411	-0.175372	1.846887	-0.471494	-0.918194	0.063471	0.293526	-0.050155	0.954635	-0.161017	-0.986949	-0.002344	0.942293	-0.153024	-0.297770
21078	9.708446	-0.157627	2.333314	-0.525926	-1.059650	0.069937	0.303311	-0.052386	0.951451	-0.166145	-0.986100	-0.001329	0.938295	-0.157675	-0.307799
21079	9.996800	-0.403606	2.486667	-0.633389	-1.199210	0.084040	0.314401	-0.055104	0.947690	-0.172317	-0.985041	-0.000109	0.933519	-0.163269	-0.319194
21080	10.665240	-0.854463	1.838837	-0.673622	-1.330134	0.122147	0.326479	-0.058415	0.943398	-0.178956	-0.983857	0.001010	0.928109	-0.169156	-0.331662
21081	10.587537	-1.197246	1.310585	-0.587475	-1.366514	0.156305	0.338848	-0.062263	0.938779	-0.184896	-0.982757	0.001558	0.922494	-0.174104	-0.344517
21082	11.151170	-1.106692	0.613290	-0.412769	-1.497543	0.141147	0.352242	-0.066185	0.933566	-0.189166	-0.981944	0.001759	0.916593	-0.177218	-0.358402
21083	12.177612	-1.342547	0.612955	-0.330749	-1.469458	0.141353	0.365407	-0.070159	0.928200	-0.192678	-0.981261	0.001682	0.910688	-0.179459	-0.372078
21084	12.817715	-0.285815	0.557318	-0.185492	-1.378106	0.127644	0.377539	-0.073802	0.923048	-0.194824	-0.980837	0.001263	0.905267	-0.180309	-0.384683
21085	13.294003	1.029386	0.455443	-0.352610	-1.352552	0.115754	0.389525	-0.077358	0.917761	-0.198433	-0.980113	0.001607	0.899386	-0.182740	-0.397129
21086	13.277384	1.810831	-0.827745	-0.847847	-1.333336	0.021901	0.401269	-0.079970	0.912463	-0.206112	-0.978516	0.004881	0.892469	-0.190029	-0.409131
21087	13.109089	1.340340	-3.698425	-0.858317	-1.567062	-0.058067	0.415322	-0.082402	0.905935	-0.213482	-0.976905	0.009012	0.884270	-0.197144	-0.423322
21088	13.594161	0.403543	-4.989954	0.018616	-1.632232	-0.125209	0.429799	-0.084288	0.898982	-0.212782	-0.977047	0.010122	0.877495	-0.195638	-0.437869
21089	12.938281	0.975726	-4.452894	0.839557	-1.535303	-0.232810	0.443728	-0.084908	0.892130	-0.204400	-0.978851	0.008503	0.872540	-0.186124	-0.451699
21090	11.897795	1.668254	-4.387778	0.913827	-1.479195	-0.362210	0.457152	-0.083939	0.885419	-0.194807	-0.980812	0.007599	0.867792	-0.175959	-0.464732
21091	10.797369	1.144553	-5.700075	0.642893	-1.391477	-0.528369	0.470207	-0.081115	0.878821	-0.186775	-0.982359	0.009261	0.862566	-0.168496	-0.477062
21092	9.962990	0.293905	-6.877647	0.656383	-1.207098	-0.664978	0.481635	-0.076462	0.873030	-0.177950	-0.983966	0.011994	0.858115	-0.161133	-0.487519
21093	9.117236	-0.410296	-7.813171	0.756903	-1.010941	-0.774649	0.491638	-0.070386	0.867950	-0.167678	-0.985727	0.015042	0.854503	-0.152932	-0.496423
21094	8.640432	-1.079861	-8.058141	1.032003	-0.730385	-0.891874	0.499150	-0.062561	0.864254	-0.154437	-0.987844	0.017687	0.852642	-0.142301	-0.502745
21095	8.130772	-1.239743	-7.147869	1.290205	-0.328346	-0.953200	0.503354	-0.053545	0.862420	-0.138635	-0.990153	0.019439	0.852887	-0.129346	-0.505820
21096	7.496985	-1.073304	-5.723701	1.355074	0.107039	-0.948362	0.503530	-0.043920	0.862861	-0.122273	-0.992278	0.020847	0.855282	-0.116002	-0.505011
21097	6.739683	-0.411166	-5.162867	1.202979	0.502706	-0.936827	0.500300	-0.034027	0.865183	-0.107237	-0.993969	0.022919	0.859186	-0.104246	-0.500932
21098	6.653983	0.224400	-4.862276	0.952412	0.855546	-0.923761	0.493716	-0.023898	0.869295	-0.094426	-0.995185	0.026270	0.864482	-0.095054	-0.493595
21099	6.771475	0.325328	-3.995673	0.729042	1.273019	-0.870152	0.483446	-0.014034	0.875262	-0.083826	-0.996019	0.030330	0.871351	-0.088032	-0.482698
21100	6.329593	0.793280	-3.373070	0.510040	1.705498	-0.799900	0.469008	-0.004515	0.883182	-0.075538	-0.996528	0.035019	0.879958	-0.083139	-0.467721
21101	5.849735	0.888502	-3.971451	0.082820	1.980280	-0.757602	0.452050	0.004708	0.891980	-0.071297	-0.996596	0.041393	0.889139	-0.082307	-0.450176
21102	6.242641	0.875426	-5.102543	0.017708	2.228817	-0.693654	0.432464	0.013546	0.901549	-0.068060	-0.996544	0.047621	0.899079	-0.081954	-0.430048
21103	6.927002	1.512150	-5.359931	0.109652	2.601628	-0.572649	0.409311	0.021400	0.912144	-0.064639	-0.996533	0.052386	0.910102	-0.080402	-0.406509
21104	7.285424	1.969582	-4.948860	-0.045906	3.035176	-0.438071	0.381650	0.028303	0.923874	-0.063314	-0.996383	0.056679	0.922136	-0.080126	-0.378477
21105	7.347469	1.553454	-4.964522	-0.372631	3.377414	-0.304496	0.350497	0.034122	0.935942	-0.065642	-0.995983	0.060893	0.934261	-0.082780	-0.346849
21106	7.490803	0.866146	-5.476957	-0.371037	3.596176	-0.201834	0.316691	0.039263	0.947716	-0.068442	-0.995593	0.064117	0.946056	-0.085169	-0.312608
21107	8.097975	0.671951	-5.538901	-0.232492	3.773676	-0.105809	0.280852	0.043579	0.958761	-0.070325	-0.995349	0.065843	0.957171	-0.085916	-0.276481
21108	8.572402	0.695982	-5.394065	-0.102550	3.975284	-0.011253	0.242484	0.047204	0.969006	-0.071266	-0.995250	0.066316	0.967534	-0.085137	-0.237968
21109	9.067867	0.216312	-4.838534	-0.011554	4.033381	0.062475	0.203231	0.050014	0.977853	-0.071505	-0.995270	0.065766	0.976516	-0.083287	-0.198693
21110	9.748561	-0.395589	-4.724572	0.005124	4.077775	0.009501	0.163144	0.053384	0.985157	-0.071455	-0.995273	0.065765	0.984011	-0.081124	-0.158558
21111	10.195477	0.040646	-5.192498	0.058844	4.112449	-0.052014	0.122589	0.057214	0.990807	-0.070791	-0.995290	0.066232	0.989930	-0.078259	-0.117961
21112	9.778846	0.457630	-6.040414	0.009116	4.369621	-0.031129	0.079167	0.060992	0.994994	-0.070652	-0.995273	0.066631	0.994355	-0.075573	-0.074484
21113	8.952659	0.255185	-5.592381	0.229575	4.397149	0.011626	0.035372	0.064124	0.997315	-0.068366	-0.995446	0.066429	0.997033	-0.070532	-0.030827
21114	9.166791	0.471919	-4.222149	0.426164	4.169574	0.072938	-0.006331	0.066298	0.997780	-0.064105	-0.995774	0.065758	0.997923	-0.063547	0.010555
21115	9.200656	0.698229	-1.525645	0.637665	4.351953	0.088488	-0.049802	0.068015	0.996441	-0.057716	-0.996207	0.065115	0.997090	-0.054267	0.053538
21116	7.496578	3.916993	1.143851	0.885139	3.973112	0.245659	-0.089550	0.067596	0.993686	-0.048707	-0.996798	0.063418	0.994791	-0.042721	0.092556
21117	8.342971	4.565874	2.357661	-0.576928	2.892107	0.153308	-0.118353	0.067393	0.990682	-0.054277	-0.996642	0.061314	0.991487	-0.046515	0.121613
21118	7.596935	1.100654	0.327482	-2.000662	2.293511	0.141100	-0.141184	0.067382	0.987688	-0.073864	-0.995617	0.057365	0.987224	-0.064856	0.145542
21119	5.094156	-3.693562	-0.118150	-1.780033	1.960735	0.120279	-0.160596	0.067653	0.984699	-0.091219	-0.994396	0.053442	0.982796	-0.081240	0.165867
21120	1.808093	-4.255126	1.552601	-0.428193	1.150472	0.015189	-0.171945	0.068563	0.982718	-0.095376	-0.994047	0.052666	0.980479	-0.084672	0.177461
21121	1.986217	-1.371922	3.668902	0.034488	-0.183893	-0.053052	-0.170089	0.068970	0.983012	-0.095130	-0.994038	0.053283	0.980826	-0.084451	0.175636
21122	4.244161	0.216456	3.612582	-1.044622	-1.194298	-0.055919	-0.158365	0.068543	0.984999	-0.105460	-0.993055	0.052148	0.981732	-0.095620	0.164494
21123	10.128111	-2.181471	3.339682	-1.482091	-1.575385	-0.108379	-0.142768	0.068023	0.987416	-0.120181	-0.991445	0.050924	0.982433	-0.111398	0.149721
21124	15.994456	-1.865985	8.998663	-0.261621	-0.963089	0.165973	-0.133565	0.065375	0.988882	-0.122514	-0.991257	0.048984	0.983438	-0.114610	0.140406
21125	11.984315	1.225154	10.583887	-1.852971	-0.846366	0.243082	-0.125562	0.061953	0.990149	-0.140411	-0.989112	0.044082	0.982099	-0.133493	0.132894
21126	11.316710	-2.830002	2.015011	-3.941783	-1.615577	-0.048669	-0.109751	0.060036	0.992144	-0.179098	-0.983031	0.039672	0.977690	-0.173337	0.118641
21127	12.061367	-4.876814	-1.293514	-1.302709	-1.293709	-0.271813	-0.096599	0.060409	0.993488	-0.192108	-0.980519	0.040941	0.976608	-0.186902	0.106322
21128	11.711711	1.000503	1.299350	1.281024	-1.473623	-0.299564	-0.081716	0.060741	0.994803	-0.179846	-0.982655	0.045226	0.980295	-0.175216	0.091223
21129	11.962528	5.476454	0.911319	0.199287	-1.797385	-0.228083	-0.063668	0.059876	0.996173	-0.178055	-0.982864	0.047696	0.981959	-0.174337	0.073238
21130	12.276207	2.636979	-3.002433	-1.468566	-1.749146	-0.298452	-0.046046	0.059693	0.997154	-0.192626	-0.980009	0.049772	0.980191	-0.189786	0.056624
21131	9.801226	-1.061154	-7.627643	-1.028697	-1.247584	-0.302275	-0.033223	0.060251	0.997630	-0.202819	-0.977819	0.052301	0.978652	-0.200601	0.044706
21132	8.401341	-1.142006	-9.261814	0.824492	-0.919881	-0.359804	-0.023557	0.062032	0.997796	-0.194838	-0.979220	0.056277	0.980552	-0.193083	0.035154
21133	9.199115	0.141720	-5.794447	1.544205	-0.716289	-0.422747	-0.015725	0.064882	0.997769	-0.179752	-0.981818	0.061011	0.983586	-0.178392	0.027102
21134	9.913126	-0.143099	-3.530049	0.772742	-0.655748	-0.431601	-0.008532	0.068037	0.997646	-0.172188	-0.982880	0.065557	0.985027	-0.171224	0.020101
21135	10.419274	-1.116284	-4.480082	0.392906	-0.740838	-0.426400	-0.000502	0.071007	0.997476	-0.168332	-0.983248	0.069910	0.985730	-0.167872	0.012446
21136	11.051099	-0.064878	-3.719375	0.867119	-0.722017	-0.408210	0.007290	0.073894	0.997239	-0.159754	-0.984371	0.074108	0.987130	-0.159853	0.004629
21137	10.938692	2.627685	-1.153281	1.000755	-0.643015	-0.341539	0.014175	0.076295	0.996985	-0.149826	-0.985666	0.077559	0.988611	-0.150474	-0.002541
21138	9.950673	3.892394	0.599011	0.195927	-0.638526	-0.249332	0.020871	0.077852	0.996746	-0.147831	-0.985765	0.080089	0.988792	-0.149021	-0.009065
21139	9.421246	3.160920	-0.191267	-0.421967	-0.746409	-0.240197	0.028612	0.079123	0.996454	-0.151937	-0.984935	0.082571	0.987976	-0.153761	-0.016159
21140	9.550384	2.252450	-0.789235	-0.191970	-0.740938	-0.261608	0.036341	0.080620	0.996082	-0.153728	-0.984426	0.085285	0.987445	-0.156225	-0.023381
21141	9.356048	1.949724	0.071254	0.140957	-0.646813	-0.295987	0.043184	0.082561	0.995650	-0.152213	-0.984402	0.088230	0.987404	-0.155361	-0.029944
21142	9.142432	2.135236	0.826387	0.217128	-0.647493	-0.271589	0.049999	0.084310	0.995184	-0.149919	-0.984507	0.090937	0.987433	-0.153744	-0.036585
21143	9.357238	2.301938	1.010690	0.045819	-0.701515	-0.191557	0.057215	0.085152	0.994724	-0.149358	-0.984413	0.092860	0.987126	-0.153883	-0.043605
21144	9.465175	1.885670	0.883556	-0.384199	-0.769866	-0.122273	0.065000	0.085236	0.994238	-0.153048	-0.983705	0.094339	0.986079	-0.158298	-0.050896
21145	9.428300	0.704462	-0.020950	-0.709999	-0.825388	-0.131904	0.073343	0.085230	0.993658	-0.159946	-0.982440	0.096073	0.984397	-0.165977	-0.058423
21146	9.397881	0.236341	-0.726935	-0.450405	-0.844918	-0.182499	0.081950	0.085683	0.992946	-0.164209	-0.981521	0.098249	0.983016	-0.171102	-0.066366
21147	9.395979	0.360125	-0.414038	-0.227448	-0.818402	-0.222098	0.090362	0.086485	0.992147	-0.166245	-0.980935	0.100649	0.981936	-0.174034	-0.074262
21148	9.426795	0.314206	-0.928506	-0.156223	-0.793417	-0.240926	0.098551	0.087539	0.991274	-0.167525	-0.980447	0.103238	0.980930	-0.176238	-0.081959
21149	9.597473	0.396626	-1.639107	0.040585	-0.767213	-0.234509	0.106471	0.088520	0.990368	-0.166879	-0.980310	0.105562	0.980212	-0.176511	-0.089602
21150	9.709720	0.739703	-2.226698	0.209628	-0.706646	-0.225530	0.113772	0.089567	0.989461	-0.164552	-0.980474	0.107674	0.979785	-0.175068	-0.096812
21151	9.800909	1.448418	-2.449791	0.311949	-0.686063	-0.220953	0.120857	0.090576	0.988529	-0.161229	-0.980815	0.109581	0.979489	-0.172623	-0.103935
21152	9.866742	1.952619	-2.282358	0.274707	-0.648322	-0.210001	0.127551	0.091601	0.987593	-0.158252	-0.981090	0.111436	0.979126	-0.170502	-0.110643
21153	9.888382	2.199872	-2.061172	0.196953	-0.632970	-0.187347	0.134045	0.092399	0.986658	-0.156070	-0.981250	0.113096	0.978608	-0.169148	-0.117111
21154	9.719025	2.184140	-1.800427	0.055010	-0.616346	-0.150714	0.140323	0.092917	0.985736	-0.155296	-0.981199	0.114596	0.977851	-0.169162	-0.123255
21155	9.741180	1.434998	-1.754718	-0.182248	-0.635618	-0.146344	0.146767	0.093305	0.984761	-0.156858	-0.980749	0.116303	0.976655	-0.171537	-0.129306
21156	9.690507	0.649178	-2.267160	-0.140937	-0.613176	-0.178497	0.153050	0.094082	0.983730	-0.157935	-0.980334	0.118329	0.975516	-0.173475	-0.135181
21157	9.864268	0.976639	-1.533551	0.201575	-0.582826	-0.168090	0.159002	0.094758	0.982720	-0.155697	-0.980521	0.119737	0.974924	-0.172045	-0.141151
21158	9.628055	1.289887	-0.746194	0.057900	-0.550044	-0.141905	0.164601	0.095285	0.981747	-0.154872	-0.980481	0.121129	0.974126	-0.171983	-0.146632
21159	9.480656	0.853796	-1.886066	0.004518	-0.574110	-0.158447	0.170440	0.095885	0.980692	-0.154553	-0.980334	0.122711	0.973172	-0.172483	-0.152269
21160	9.727116	1.169976	-1.967318	0.344566	-0.566274	-0.158546	0.176210	0.096552	0.979606	-0.150895	-0.980766	0.123809	0.972718	-0.169634	-0.158252
21161	9.632128	1.983251	-1.590673	0.368266	-0.519250	-0.135410	0.181466	0.097043	0.978597	-0.147060	-0.981251	0.124577	0.972339	-0.166519	-0.163792
21162	9.428963	1.849300	-1.871359	0.241865	-0.524995	-0.125154	0.186770	0.097485	0.977555	-0.144447	-0.981524	0.125479	0.971726	-0.164641	-0.169238
21163	9.418516	1.756805	-1.629229	0.283055	-0.529819	-0.110427	0.192078	0.097738	0.976500	-0.141477	-0.981877	0.126105	0.971128	-0.162375	-0.174769
21164	9.299052	1.841544	-0.913235	0.209324	-0.531458	-0.083747	0.197374	0.097787	0.975439	-0.139249	-0.982127	0.126634	0.970388	-0.160823	-0.180230
21165	9.270695	1.494746	-0.512006	0.014838	-0.570728	-0.063799	0.203001	0.097530	0.974309	-0.138966	-0.982086	0.127263	0.969267	-0.161230	-0.185811
21166	9.148671	1.124214	-1.180939	-0.099241	-0.603224	-0.077179	0.208965	0.097398	0.973061	-0.139734	-0.981844	0.128286	0.967888	-0.162777	-0.191561
21167	9.211221	1.048044	-1.022702	0.043215	-0.647980	-0.090268	0.215362	0.097265	0.971678	-0.139113	-0.981823	0.129113	0.966575	-0.162979	-0.197917
21168	9.375464	1.468975	-0.624652	0.068682	-0.657677	-0.093592	0.221855	0.097199	0.970223	-0.138212	-0.981838	0.129967	0.965235	-0.162930	-0.204391
21169	9.254181	1.351910	-0.988203	-0.008725	-0.663161	-0.087083	0.228374	0.097007	0.968728	-0.138088	-0.981737	0.130863	0.963731	-0.163655	-0.210808
21170	9.352998	1.286857	-1.976731	0.067361	-0.687483	-0.115597	0.235159	0.097104	0.967094	-0.137138	-0.981728	0.131920	0.962234	-0.163648	-0.217545
21171	9.232124	1.546604	-2.033675	0.153921	-0.671903	-0.108497	0.241770	0.097108	0.965462	-0.135387	-0.981871	0.132662	0.960842	-0.162785	-0.224240
21172	9.241815	1.635634	-2.451901	0.095258	-0.707817	-0.102451	0.248708	0.097051	0.963704	-0.134188	-0.981920	0.133516	0.959238	-0.162524	-0.231188
21173	9.236759	1.472226	-2.812064	0.087779	-0.701212	-0.109885	0.255578	0.097026	0.961907	-0.133056	-0.981953	0.134401	0.957589	-0.162338	-0.238056
21174	9.409806	1.297271	-2.731465	0.129356	-0.696729	-0.104467	0.262389	0.097012	0.960073	-0.131513	-0.982055	0.135176	0.955958	-0.161731	-0.244922
21175	9.512845	1.504109	-2.431503	0.238444	-0.693936	-0.105130	0.269157	0.096964	0.958203	-0.128943	-0.982334	0.135626	0.954426	-0.160058	-0.251899
21176	9.596404	1.654355	-1.928858	0.197105	-0.690942	-0.081628	0.275857	0.096753	0.956317	-0.126805	-0.982562	0.135987	0.952798	-0.158779	-0.258777
21177	9.316393	1.474011	-2.387003	0.117992	-0.684709	-0.079073	0.282477	0.096481	0.954410	-0.125447	-0.982670	0.136466	0.951036	-0.158277	-0.265479
21178	9.183612	1.550029	-2.310313	0.228378	-0.710892	-0.069955	0.289323	0.096138	0.952392	-0.123042	-0.982955	0.136602	0.949291	-0.156706	-0.272563
21179	9.283903	1.726702	-1.762780	0.174994	-0.724781	-0.049228	0.296259	0.095526	0.950318	-0.121223	-0.983178	0.136620	0.947383	-0.155676	-0.279696
21180	9.150998	1.475172	-1.596664	0.076673	-0.756416	-0.049586	0.303479	0.094927	0.948098	-0.120313	-0.983243	0.136957	0.945212	-0.155632	-0.286972
21181	9.188451	1.663477	-1.265135	0.228557	-0.808971	-0.058378	0.311188	0.094284	0.945660	-0.117960	-0.983539	0.136878	0.942999	-0.154145	-0.294944
21182	9.329219	2.023460	-0.369736	0.147338	-0.864914	-0.041153	0.319377	0.093451	0.943009	-0.116407	-0.983720	0.136910	0.940451	-0.153498	-0.303299
21183	9.118154	1.254710	-0.968832	-0.062002	-0.928204	-0.042321	0.328144	0.092472	0.940091	-0.116836	-0.983582	0.137532	0.937375	-0.154967	-0.311952
21184	9.137995	1.169272	-1.614801	0.167988	-1.002941	-0.054962	0.337578	0.091556	0.936834	-0.115045	-0.983784	0.137599	0.934241	-0.154229	-0.321571
21185	9.248229	1.700402	-1.544937	0.187473	-1.050675	-0.031235	0.347414	0.090283	0.933355	-0.113173	-0.984041	0.137312	0.930857	-0.153335	-0.331652
21186	9.242797	1.607438	-2.228246	0.159105	-1.099575	-0.019806	0.357630	0.088890	0.929623	-0.111590	-0.984260	0.137043	0.927172	-0.152747	-0.342082
21187	9.395063	1.547401	-2.483859	0.210668	-1.144006	-0.010181	0.368228	0.087285	0.925629	-0.109586	-0.984569	0.136438	0.923255	-0.151676	-0.352981
21188	9.450061	1.386944	-2.611388	0.232493	-1.165711	-0.006140	0.378947	0.085680	0.921443	-0.107385	-0.984907	0.135744	0.919167	-0.150389	-0.364027
21189	9.836389	1.423357	-2.219408	0.324770	-1.207483	-0.014270	0.390037	0.084054	0.916955	-0.104334	-0.985377	0.134706	0.914869	-0.148210	-0.375564
21190	10.148697	1.142307	-1.768564	0.263209	-1.265961	-0.034226	0.401593	0.082620	0.912084	-0.101760	-0.985730	0.134096	0.910147	-0.146666	-0.387455
21191	9.628047	0.541407	-1.456210	0.298914	-1.228406	0.000436	0.412746	0.080862	0.907250	-0.099030	-0.986163	0.132948	0.905447	-0.144719	-0.399027
21192	10.093259	0.688431	-0.391195	0.511242	-1.387609	0.002751	0.425229	0.078946	0.901636	-0.094391	-0.986888	0.130927	0.900150	-0.140780	-0.412202
21193	10.567926	1.211651	1.096384	0.523975	-1.431283	0.035786	0.438041	0.076643	0.895682	-0.089824	-0.987641	0.128441	0.894456	-0.136716	-0.425743
21194	10.574683	2.203439	2.345503	0.475287	-1.610363	0.081075	0.452259	0.073758	0.888832	-0.085917	-0.988337	0.125732	0.887739	-0.133229	-0.440647
21195	11.506160	1.871601	3.489132	0.079105	-1.841788	0.101734	0.468446	0.070330	0.880689	-0.085666	-0.988514	0.124507	0.879329	-0.133770	-0.457040
21196	11.412775	0.540424	3.321116	-0.308984	-1.962309	0.104571	0.485424	0.066722	0.871729	-0.088836	-0.988159	0.125102	0.869754	-0.138168	-0.473749
21197	11.532902	-0.741596	1.743899	-0.322796	-2.159690	0.042301	0.504053	0.063307	0.861349	-0.091813	-0.987731	0.126324	0.858779	-0.142757	-0.492057
21198	11.967038	-0.477750	1.515907	0.271129	-2.316272	-0.017134	0.523706	0.060270	0.849764	-0.089387	-0.988100	0.125170	0.847196	-0.141510	-0.512087
21199	13.101716	1.252174	2.437174	0.577339	-2.496126	-0.007452	0.544702	0.056900	0.836697	-0.084470	-0.988899	0.122242	0.834365	-0.137261	-0.533849
21200	13.485525	1.860280	1.115404	-0.031835	-2.556732	0.052828	0.565661	0.052927	0.822938	-0.085005	-0.988880	0.122029	0.820245	-0.138981	-0.554871
21201	12.704893	0.553117	-2.030771	-0.366705	-2.519790	-0.038923	0.586178	0.049784	0.808651	-0.087737	-0.988340	0.124446	0.805418	-0.143896	-0.574975
21202	13.197637	-0.066127	-3.978428	0.355104	-2.580911	-0.158946	0.606739	0.047749	0.793465	-0.083937	-0.988765	0.123686	0.790457	-0.141646	-0.595915
21203	14.420429	1.376904	-4.101488	1.100733	-2.211847	-0.257214	0.624286	0.047307	0.779762	-0.073697	-0.990147	0.119072	0.777712	-0.131801	-0.614649
21204	12.738499	3.939529	-5.172114	1.064324	-1.739821	-0.304642	0.637757	0.048189	0.768729	-0.063533	-0.991349	0.114853	0.767613	-0.122088	-0.629178
21205	10.710591	4.321831	-7.411395	0.761555	-1.858627	-0.325047	0.652110	0.049242	0.756523	-0.055608	-0.992094	0.112508	0.756082	-0.115436	-0.644216
21206	10.300983	3.680154	-9.289315	0.706028	-1.965615	-0.239079	0.666790	0.049491	0.743601	-0.048712	-0.992764	0.109754	0.743652	-0.109405	-0.659554
21207	9.495856	2.830212	-9.865605	0.912377	-1.707522	-0.113783	0.679444	0.048859	0.732099	-0.041184	-0.993668	0.104537	0.732571	-0.101178	-0.673129
21208	8.380123	2.110345	-8.813428	1.168954	-1.472669	-0.044861	0.690002	0.047990	0.722215	-0.032336	-0.994760	0.096993	0.723085	-0.090279	-0.684834
21209	7.486719	2.163356	-7.285705	1.119442	-1.406157	0.051668	0.700087	0.046316	0.712554	-0.024625	-0.995735	0.088916	0.713633	-0.079796	-0.695961
21210	6.658831	1.968185	-7.217751	0.672028	-1.228482	0.118433	0.708606	0.044292	0.704213	-0.020651	-0.996299	0.083443	0.705302	-0.073671	-0.705069
21211	5.711668	1.014412	-8.427516	0.422693	-1.033859	0.164592	0.715826	0.041946	0.697018	-0.018829	-0.996672	0.079316	0.698025	-0.069900	-0.712654
21212	5.159240	0.455392	-8.254152	0.483860	-0.721048	0.138548	0.720655	0.040179	0.692128	-0.016413	-0.997051	0.074970	0.693099	-0.065388	-0.717871
21213	6.020152	0.249366	-7.638473	0.410802	-0.474510	0.123742	0.723915	0.038680	0.688804	-0.014438	-0.997359	0.071181	0.689738	-0.061474	-0.721445
21214	5.936116	0.455762	-9.367881	0.432193	-0.023992	0.105508	0.723913	0.037714	0.688860	-0.012173	-0.997651	0.067412	0.689784	-0.057186	-0.721753
21215	6.508819	-0.410517	-8.153452	0.727975	0.417698	0.064413	0.721016	0.037330	0.691912	-0.007577	-0.998063	0.061743	0.692877	-0.049760	-0.719337
21216	8.053949	1.789173	-2.812279	0.916681	0.938180	0.162567	0.714327	0.036226	0.698874	-0.002311	-0.998532	0.054122	0.699808	-0.040276	-0.713195
21217	7.663442	3.401886	-3.534801	-0.587460	1.367996	0.223099	0.704673	0.034623	0.708687	-0.008005	-0.998357	0.056734	0.709487	-0.045652	-0.703238
21218	6.750766	0.523565	-8.110533	-1.456100	1.671407	0.169396	0.692530	0.033918	0.720591	-0.019553	-0.997644	0.065751	0.721124	-0.059625	-0.690236
21219	6.975548	-1.753837	-9.322118	-0.688605	2.034514	0.088570	0.677696	0.034347	0.734540	-0.025145	-0.997242	0.069830	0.734912	-0.065794	-0.674963
21220	7.314911	-1.303807	-7.663857	0.139187	2.620059	0.053616	0.658033	0.035606	0.752146	-0.024422	-0.997347	0.068580	0.752593	-0.063497	-0.655418
21221	6.881537	-0.328638	-6.073846	0.213840	3.109550	0.090221	0.634291	0.036666	0.772224	-0.023347	-0.997511	0.066540	0.772742	-0.060235	-0.631856
21222	6.637360	-0.145716	-6.244991	-0.169119	3.334774	0.141022	0.607973	0.037369	0.793078	-0.025504	-0.997457	0.066551	0.793548	-0.060688	-0.605474
21223	6.982902	-1.035159	-7.335479	-0.380001	3.573859	0.165558	0.579183	0.037966	0.814313	-0.029518	-0.997283	0.067492	0.814663	-0.063127	-0.576489
21224	6.991697	-1.839817	-7.754758	-0.060442	3.942720	0.167007	0.546403	0.038859	0.836621	-0.030918	-0.997306	0.066515	0.836952	-0.062211	-0.543729
21225	6.697501	-1.702376	-6.810958	0.374980	4.291511	0.113779	0.509953	0.040313	0.859257	-0.028315	-0.997573	0.063606	0.859736	-0.056766	-0.507574
21226	6.392190	-1.001148	-5.667091	0.408630	4.494710	0.068351	0.470622	0.042123	0.881329	-0.025057	-0.997819	0.061072	0.881979	-0.050825	-0.468540
21227	6.656066	-0.748552	-5.791597	0.074153	4.561124	0.038664	0.429904	0.044030	0.901800	-0.024549	-0.997871	0.060424	0.902541	-0.048115	-0.427908
21228	7.116696	-1.083995	-7.175200	-0.107338	4.636673	0.056008	0.387434	0.045745	0.920762	-0.025728	-0.997843	0.060401	0.921538	-0.047091	-0.385421
21229	7.879015	-1.056649	-7.324841	0.168256	4.871363	0.065357	0.342079	0.047327	0.938479	-0.024383	-0.997947	0.059214	0.939355	-0.043139	-0.340223
21230	8.287831	-0.182664	-6.588871	0.264056	5.099326	0.068530	0.293589	0.048771	0.954687	-0.022075	-0.998085	0.057777	0.955677	-0.038037	-0.291950
21231	8.458414	0.916471	-6.217137	0.016945	5.218946	0.037817	0.243322	0.050343	0.968638	-0.021999	-0.998109	0.057401	0.969696	-0.035276	-0.241754
21232	8.852107	1.291912	-6.156398	-0.450289	5.201745	-0.001291	0.192445	0.052295	0.979913	-0.026368	-0.997943	0.058435	0.980953	-0.037084	-0.190670
21233	9.137769	0.902869	-6.682799	-0.834678	5.157047	-0.084856	0.141651	0.055233	0.988375	-0.034440	-0.997563	0.060683	0.989317	-0.042635	-0.139403
21234	9.809406	0.872533	-7.335788	-0.787126	5.034639	-0.084256	0.091612	0.058406	0.994080	-0.042134	-0.997157	0.062469	0.994903	-0.047607	-0.088891
21235	10.902178	0.900553	-7.605902	-0.798105	4.908684	-0.052034	0.042713	0.061420	0.997198	-0.050045	-0.996724	0.063535	0.997833	-0.052619	-0.039499
21236	12.229527	-0.445459	-8.352232	-0.922852	4.957840	-0.050946	-0.006829	0.064748	0.997878	-0.059232	-0.996176	0.064232	0.998221	-0.058667	0.010638
21237	12.302996	-0.790946	-6.773359	0.291974	5.693772	-0.044061	-0.063607	0.068373	0.995630	-0.056331	-0.996306	0.064821	0.996384	-0.051962	0.067224
21238	10.811314	2.058940	0.446634	2.174104	6.187213	-0.030892	-0.125154	0.071146	0.989583	-0.034732	-0.997128	0.067296	0.991529	-0.025948	0.127266
21239	6.870094	7.933857	4.517993	0.952707	4.493514	0.221494	-0.169645	0.069854	0.983026	-0.024988	-0.997469	0.066568	0.985188	-0.013271	0.170961
21240	8.342759	3.217661	2.067670	-2.300565	2.905836	0.090223	-0.198268	0.069714	0.977665	-0.047403	-0.996982	0.061478	0.979001	-0.034155	0.200974
21241	6.229412	-2.632658	-2.297972	-1.835191	2.727284	0.327788	-0.225066	0.067637	0.971993	-0.064617	-0.996428	0.054376	0.972198	-0.050570	0.228632
21242	1.418620	-4.006568	1.429992	0.852812	2.307618	0.251993	-0.247636	0.066245	0.966586	-0.055738	-0.996981	0.054049	0.967249	-0.040491	0.250581
21243	0.082139	-0.446666	8.494560	1.667172	0.706148	0.040860	-0.254487	0.066099	0.964815	-0.039521	-0.997539	0.057916	0.966268	-0.023392	0.256473
21244	1.404352	1.248388	8.495712	-0.593782	-0.565476	-0.160670	-0.249012	0.067608	0.966138	-0.045658	-0.997271	0.058019	0.967424	-0.029665	0.251419
21245	2.082478	-1.369993	1.929948	-1.924506	-1.380225	-0.287973	-0.235488	0.069966	0.969356	-0.065001	-0.996306	0.056120	0.969701	-0.049793	0.239166
21246	2.830657	-2.262016	-2.210239	-0.960703	-2.144811	-0.369303	-0.214466	0.072512	0.974036	-0.075159	-0.995509	0.057562	0.973835	-0.060862	0.218953
21247	7.896117	-1.976798	-1.749504	0.025688	-2.535387	-0.387854	-0.189421	0.074845	0.979039	-0.075693	-0.995237	0.061438	0.978974	-0.062469	0.194184
21248	11.324111	-0.430529	1.903276	0.797126	-1.790644	-0.176272	-0.171795	0.075586	0.982229	-0.068187	-0.995573	0.064686	0.982770	-0.055863	0.176188
21249	12.771636	3.008766	4.108121	0.241409	-1.521363	-0.095392	-0.156763	0.075731	0.984729	-0.065969	-0.995632	0.066067	0.985431	-0.054605	0.161074
21250	10.032728	1.513886	2.172256	-1.836673	-1.015032	-0.194377	-0.146682	0.077062	0.986177	-0.084358	-0.994303	0.065150	0.985580	-0.073635	0.152348
21251	11.400567	-0.497217	-1.751270	-1.734824	-1.384798	-0.352021	-0.132707	0.079448	0.987966	-0.101951	-0.992589	0.066126	0.985898	-0.091949	0.139823
21252	14.825996	0.440377	0.338031	-0.312944	-1.194846	-0.573230	-0.120385	0.084060	0.989162	-0.105756	-0.991824	0.071416	0.987078	-0.096012	0.128291
21253	14.910293	5.053230	1.162879	0.141440	-1.326080	-0.380766	-0.106887	0.086601	0.990493	-0.104790	-0.991632	0.075392	0.988734	-0.095736	0.115068
21254	13.902439	4.399494	-0.856378	-1.386002	-1.969700	-0.350599	-0.087071	0.088092	0.992300	-0.118826	-0.989890	0.077452	0.989090	-0.111167	0.096658
