// General information: 
//  MT Manager version: 2022.2.0 
//  XDA version: 2022.2.0 build 7381 rev 124627 built on 2023-07-19
// Device information: 
//  DeviceId: 00B4CB9F
//  ProductCode: MTW2-3A7G6
//  Firmware Version: 4.6.0
//  Hardware Version: 2.0.0
// Device settings: 
//  Filter Profile: human(46.1)
//  Option Flags: Orientation Smoother Disabled, Position/Velocity Smoother Disabled, Continuous Zero Rotation Update Disabled, AHS Disabled, ICC Disabled
// Coordinate system: ENU
PacketCounter	Acc_X	Acc_Y	Acc_Z	Gyr_X	Gyr_Y	Gyr_Z	Mat[1][1]	Mat[2][1]	Mat[3][1]	Mat[1][2]	Mat[2][2]	Mat[3][2]	Mat[1][3]	Mat[2][3]	Mat[3][3]
55897	9.790396	0.201390	-1.268175	-0.039338	0.062941	0.007497	-0.118467	-0.090323	0.988841	-0.597999	0.801495	0.001568	-0.792693	-0.591141	-0.148964
55898	9.772401	0.117741	-1.386162	-0.041318	0.058200	0.012182	-0.118105	-0.089805	0.988932	-0.597323	0.802000	0.001493	-0.793257	-0.590535	-0.148363
55899	9.878406	-0.013653	-1.520694	-0.064211	0.046866	0.017189	-0.117895	-0.089378	0.988996	-0.596788	0.802398	0.001374	-0.793691	-0.590058	-0.147938
55900	9.688740	-0.103219	-1.610513	-0.067447	0.040818	0.010045	-0.117562	-0.088975	0.989072	-0.595661	0.803234	0.001457	-0.794586	-0.588980	-0.147429
55901	9.547464	-0.119157	-1.766951	-0.061027	0.028307	0.000902	-0.117401	-0.088789	0.989107	-0.595170	0.803598	0.001494	-0.794978	-0.588512	-0.147188
55902	9.565279	-0.062182	-1.872596	-0.057791	0.003568	-0.001579	-0.117407	-0.088680	0.989117	-0.594358	0.804199	0.001552	-0.795584	-0.587707	-0.147126
55903	9.671217	-0.057532	-1.881635	-0.066355	-0.011042	0.002127	-0.117566	-0.088715	0.989095	-0.593822	0.804595	0.001584	-0.795961	-0.587160	-0.147274
55904	9.685815	-0.183888	-1.684711	-0.089053	-0.000338	0.008834	-0.117684	-0.088554	0.989095	-0.592869	0.805297	0.001558	-0.796653	-0.586221	-0.147271
55905	9.723324	-0.427184	-1.599997	-0.079107	0.010250	0.010538	-0.117723	-0.088396	0.989104	-0.592221	0.805774	0.001526	-0.797130	-0.585589	-0.147208
55906	9.660945	-0.533304	-1.581575	-0.026116	0.012480	0.005002	-0.117900	-0.088321	0.989090	-0.592492	0.805576	0.001309	-0.796902	-0.585873	-0.147307
55907	9.634183	-0.279351	-1.462440	0.034439	0.010931	-0.000791	-0.117867	-0.088251	0.989100	-0.592761	0.805377	0.001221	-0.796706	-0.586156	-0.147239
55908	9.739332	0.113730	-1.254344	0.055568	0.009654	-0.006507	-0.117924	-0.088144	0.989103	-0.593191	0.805061	0.001021	-0.796379	-0.586606	-0.147222
55909	9.787634	0.355409	-1.185041	0.012418	0.029155	-0.015025	-0.117662	-0.088081	0.989140	-0.593301	0.804980	0.001107	-0.796335	-0.586728	-0.146974
55910	9.810009	0.221769	-1.243393	-0.034015	0.041411	-0.018870	-0.117307	-0.087858	0.989202	-0.592677	0.805439	0.001253	-0.796852	-0.586130	-0.146555
55911	9.778516	0.000815	-1.310948	-0.049257	0.053345	-0.014402	-0.116856	-0.087648	0.989274	-0.592295	0.805720	0.001422	-0.797202	-0.585776	-0.146067
55912	9.773886	-0.065690	-1.331171	-0.031036	0.058432	-0.013194	-0.116330	-0.087376	0.989360	-0.591912	0.806001	0.001585	-0.797564	-0.585429	-0.145481
55913	9.750253	-0.047306	-1.342676	-0.016900	0.061450	-0.005569	-0.115865	-0.087048	0.989443	-0.591777	0.806100	0.001620	-0.797731	-0.585342	-0.144912
55914	9.757474	-0.012656	-1.312175	-0.014884	0.062200	-0.005823	-0.115459	-0.086577	0.989532	-0.591296	0.806453	0.001566	-0.798147	-0.584925	-0.144305
55915	9.722226	-0.097179	-1.373517	-0.021819	0.066146	-0.000893	-0.114985	-0.086184	0.989622	-0.591116	0.806585	0.001561	-0.798348	-0.584802	-0.143690
55916	9.765610	-0.218336	-1.307128	-0.020349	0.063287	-0.007312	-0.114519	-0.085678	0.989720	-0.590385	0.807120	0.001559	-0.798956	-0.584137	-0.143014
55917	9.752743	-0.250622	-1.348410	-0.002132	0.069922	-0.009521	-0.113963	-0.085333	0.989814	-0.590372	0.807130	0.001610	-0.799045	-0.584175	-0.142361
55918	9.701643	-0.111978	-1.372985	0.019780	0.062871	-0.010999	-0.113415	-0.084960	0.989909	-0.590123	0.807312	0.001677	-0.799307	-0.583978	-0.141698
55919	9.697085	0.061367	-1.360572	0.025891	0.064146	-0.014203	-0.112877	-0.084686	0.989993	-0.590339	0.807153	0.001736	-0.799224	-0.584236	-0.141103
55920	9.710525	0.130319	-1.305169	0.015616	0.067984	-0.015947	-0.112267	-0.084287	0.990097	-0.589879	0.807489	0.001856	-0.799649	-0.583829	-0.140374
55921	9.722004	-0.026062	-1.228743	0.009969	0.075963	-0.014480	-0.111633	-0.083947	0.990197	-0.589968	0.807424	0.001940	-0.799672	-0.583968	-0.139661
55922	9.743338	-0.145024	-1.230231	0.031403	0.087744	-0.011978	-0.110935	-0.083497	0.990314	-0.590175	0.807273	0.001952	-0.799617	-0.584242	-0.138832
55923	9.787203	-0.105118	-1.311021	0.072300	0.084672	-0.018306	-0.110209	-0.083135	0.990425	-0.590766	0.806840	0.001988	-0.799280	-0.584891	-0.138034
55924	9.848309	-0.028593	-1.448227	0.096311	0.071847	-0.014561	-0.109551	-0.082697	0.990535	-0.590891	0.806749	0.002002	-0.799279	-0.585078	-0.137245
55925	9.737198	0.086573	-1.379461	0.103132	0.040258	-0.013302	-0.109209	-0.082555	0.990585	-0.591722	0.806140	0.001947	-0.798711	-0.585938	-0.136887
55926	9.590715	0.124184	-1.610266	0.082794	0.040993	-0.019789	-0.108850	-0.082476	0.990631	-0.592486	0.805578	0.001967	-0.798193	-0.586721	-0.136553
55927	9.517803	0.022644	-1.741584	0.083240	-0.008036	-0.016501	-0.108875	-0.082642	0.990614	-0.593162	0.805081	0.001972	-0.797688	-0.587380	-0.136673
55928	9.447954	0.070148	-1.669622	0.076311	-0.030609	-0.017219	-0.109105	-0.082871	0.990570	-0.593598	0.804759	0.001945	-0.797331	-0.587788	-0.136995
55929	9.555585	0.151354	-1.373094	0.062388	-0.048295	-0.010562	-0.109486	-0.083226	0.990498	-0.594100	0.804389	0.001919	-0.796906	-0.588245	-0.137514
55930	9.623449	0.338137	-1.190818	0.028911	-0.044591	-0.000547	-0.109994	-0.083399	0.990427	-0.594335	0.804216	0.001714	-0.796660	-0.588457	-0.138026
55931	9.753595	0.424310	-1.054588	-0.022467	-0.029902	0.009412	-0.110347	-0.083485	0.990381	-0.594138	0.804362	0.001606	-0.796758	-0.588245	-0.138361
55932	9.909115	0.252559	-0.928879	-0.076108	-0.000358	0.007743	-0.110400	-0.083347	0.990386	-0.593073	0.805147	0.001647	-0.797544	-0.587190	-0.138319
55933	9.970953	0.045611	-0.874005	-0.093808	0.029315	0.007870	-0.110271	-0.083097	0.990422	-0.592308	0.805710	0.001654	-0.798130	-0.586453	-0.138066
55934	9.962651	-0.071632	-0.971393	-0.071392	0.064837	-0.009423	-0.109692	-0.082663	0.990522	-0.591078	0.806612	0.001858	-0.799121	-0.585272	-0.137339
55935	9.930626	-0.116904	-1.134045	-0.051951	0.081174	-0.022974	-0.108966	-0.082359	0.990628	-0.590680	0.806903	0.002111	-0.799515	-0.584914	-0.136572
55936	9.745744	-0.111739	-1.374330	-0.031114	0.094996	-0.034534	-0.107929	-0.082010	0.990770	-0.589775	0.807563	0.002598	-0.800323	-0.584051	-0.135527
55937	9.597770	-0.055173	-1.548108	-0.009154	0.087043	-0.038400	-0.107064	-0.081797	0.990882	-0.589735	0.807591	0.002946	-0.800468	-0.584042	-0.134703
55938	9.648215	0.020849	-1.604737	0.010507	0.081565	-0.026238	-0.106212	-0.081431	0.991004	-0.589096	0.808056	0.003261	-0.801052	-0.583450	-0.133796
55939	9.520520	0.054322	-1.659235	0.028241	0.068772	-0.008389	-0.105669	-0.081083	0.991090	-0.589324	0.807891	0.003261	-0.800957	-0.583728	-0.133153
55940	9.591941	0.071679	-1.598152	0.039290	0.052022	0.008955	-0.105319	-0.080575	0.991169	-0.588997	0.808129	0.003110	-0.801243	-0.583468	-0.132569
55941	9.638809	0.104410	-1.556237	0.036033	0.037584	0.024996	-0.105223	-0.080139	0.991214	-0.589251	0.807945	0.002769	-0.801069	-0.583783	-0.132236
55942	9.721337	0.133770	-1.398637	0.018441	0.031067	0.031821	-0.105249	-0.079743	0.991244	-0.589769	0.807569	0.002346	-0.800684	-0.584358	-0.132026
55943	9.812500	0.181709	-1.269046	-0.013483	0.032474	0.029424	-0.105220	-0.079301	0.991282	-0.589622	0.807677	0.002027	-0.800796	-0.584268	-0.131741
55944	9.806984	0.157369	-1.110862	-0.058345	0.039291	0.019783	-0.105034	-0.078913	0.991333	-0.589056	0.808090	0.001914	-0.801237	-0.583749	-0.131361
55945	9.766843	0.102583	-1.069888	-0.101755	0.044208	0.006191	-0.104774	-0.078590	0.991386	-0.588226	0.808695	0.001941	-0.801881	-0.582955	-0.130959
55946	9.791529	0.086751	-1.047651	-0.134929	0.045362	-0.005630	-0.104358	-0.078376	0.991447	-0.586902	0.809655	0.002229	-0.802905	-0.581649	-0.130493
55947	9.772994	0.022181	-1.115227	-0.152619	0.051737	-0.018120	-0.103894	-0.078208	0.991509	-0.585687	0.810533	0.002563	-0.803851	-0.580447	-0.130014
55948	9.847934	-0.006428	-1.107402	-0.163227	0.065117	-0.018005	-0.103178	-0.077812	0.991615	-0.583240	0.812294	0.003054	-0.805720	-0.578034	-0.129194
55949	9.694072	-0.178785	-1.161260	-0.170732	0.061480	-0.014907	-0.102652	-0.077563	0.991689	-0.581871	0.813274	0.003378	-0.806777	-0.576688	-0.128616
55950	9.847123	-0.407211	-1.283804	-0.157923	0.087418	-0.012369	-0.101891	-0.077361	0.991783	-0.581543	0.813507	0.003710	-0.807109	-0.576387	-0.127877
55951	9.843565	-0.679029	-1.334379	-0.095818	0.075221	-0.006688	-0.101301	-0.076967	0.991874	-0.580769	0.814059	0.003854	-0.807741	-0.575659	-0.127165
55952	9.660286	-0.869649	-1.430732	-0.012131	0.078485	-0.011085	-0.100676	-0.076542	0.991971	-0.580623	0.814163	0.003894	-0.807924	-0.575569	-0.126408
55953	9.657580	-0.701249	-1.289291	0.078068	0.072621	-0.023039	-0.100012	-0.076296	0.992057	-0.581269	0.813702	0.003980	-0.807542	-0.576254	-0.125729
55954	9.614230	-0.327247	-1.130663	0.137976	0.052250	-0.033086	-0.099450	-0.076239	0.992118	-0.582497	0.812822	0.004071	-0.806726	-0.577501	-0.125244
55955	9.764295	0.105996	-0.979828	0.143646	0.040246	-0.030109	-0.099007	-0.076236	0.992162	-0.583678	0.811975	0.004146	-0.805927	-0.578693	-0.124889
55956	9.880713	0.420358	-0.900382	0.096080	0.039135	-0.033085	-0.098463	-0.076082	0.992228	-0.583388	0.812182	0.004384	-0.806203	-0.578422	-0.124355
55957	9.874545	0.453301	-0.791958	0.028550	0.042653	-0.028116	-0.098012	-0.076048	0.992275	-0.583637	0.812001	0.004583	-0.806078	-0.578680	-0.123970
55958	9.955358	0.370021	-0.711677	-0.039594	0.050074	-0.032291	-0.097469	-0.075981	0.992334	-0.583290	0.812249	0.004901	-0.806395	-0.578341	-0.123488
55959	9.889590	0.252099	-0.766037	-0.084233	0.059404	-0.024158	-0.096905	-0.075819	0.992402	-0.582626	0.812723	0.005200	-0.806942	-0.577695	-0.122932
55960	9.719094	0.095527	-0.815512	-0.115567	0.060120	-0.024529	-0.096337	-0.075551	0.992477	-0.581523	0.813512	0.005481	-0.807806	-0.576620	-0.122306
55961	9.808044	-0.051986	-0.839884	-0.141516	0.063907	-0.027824	-0.095715	-0.075394	0.992549	-0.580397	0.814312	0.005885	-0.808689	-0.575510	-0.121701
55962	9.763377	-0.200283	-0.951639	-0.158235	0.076676	-0.030533	-0.094914	-0.075183	0.992642	-0.579019	0.815289	0.006386	-0.809770	-0.574153	-0.120915
55963	9.768013	-0.327865	-1.077376	-0.151132	0.070966	-0.040365	-0.094162	-0.075090	0.992721	-0.577825	0.816131	0.006924	-0.810711	-0.572967	-0.120237
55964	9.787476	-0.401967	-1.206490	-0.131903	0.066537	-0.044598	-0.093456	-0.074996	0.992795	-0.576841	0.816823	0.007402	-0.811493	-0.571993	-0.119597
55965	9.762307	-0.427244	-1.296123	-0.111856	0.057803	-0.048073	-0.092766	-0.075042	0.992856	-0.575969	0.817433	0.007968	-0.812191	-0.571115	-0.119052
55966	9.756388	-0.420259	-1.314562	-0.072072	0.052224	-0.053955	-0.092005	-0.075089	0.992923	-0.574854	0.818211	0.008610	-0.813067	-0.569994	-0.118445
55967	9.744139	-0.329595	-1.277495	-0.031722	0.050875	-0.059549	-0.091305	-0.075271	0.992974	-0.574642	0.818353	0.009195	-0.813295	-0.569765	-0.117974
55968	9.715254	-0.168171	-1.284438	-0.008090	0.040920	-0.067132	-0.090640	-0.075465	0.993020	-0.574419	0.818503	0.009771	-0.813528	-0.569524	-0.117538
55969	9.739963	0.075593	-1.152441	-0.022823	0.031481	-0.065914	-0.090062	-0.075809	0.993047	-0.574284	0.818590	0.010408	-0.813687	-0.569353	-0.117259
55970	9.750256	0.238673	-1.147369	-0.073499	0.018607	-0.068479	-0.089642	-0.076141	0.993059	-0.573893	0.818857	0.010980	-0.814010	-0.568925	-0.117100
55971	9.776591	0.249469	-1.178487	-0.131952	0.014632	-0.072891	-0.089161	-0.076638	0.993064	-0.572874	0.819558	0.011813	-0.814780	-0.567847	-0.116976
55972	9.705750	0.131920	-1.135921	-0.171997	0.004080	-0.068432	-0.088798	-0.076972	0.993071	-0.570827	0.820974	0.012591	-0.816254	-0.565754	-0.116839
55973	9.633470	0.048494	-1.092705	-0.183575	-0.001075	-0.064999	-0.088493	-0.077495	0.993058	-0.569376	0.821968	0.013406	-0.817301	-0.564237	-0.116862
55974	9.748774	-0.144589	-1.109601	-0.188622	-0.012767	-0.070153	-0.088245	-0.078075	0.993034	-0.567833	0.823021	0.014248	-0.818400	-0.562620	-0.116961
55975	9.791213	-0.340226	-1.132363	-0.189250	-0.016859	-0.070503	-0.088040	-0.078733	0.993001	-0.566335	0.824036	0.015125	-0.819459	-0.561039	-0.117137
55976	9.752312	-0.338936	-1.021958	-0.191120	-0.018585	-0.081238	-0.087679	-0.079411	0.992978	-0.564111	0.825540	0.016210	-0.821031	-0.558729	-0.117179
55977	9.719202	-0.248706	-0.934395	-0.213792	-0.011542	-0.093255	-0.087305	-0.080228	0.992946	-0.562426	0.826666	0.017341	-0.822226	-0.556944	-0.117294
55978	9.670753	-0.120781	-0.890427	-0.244773	-0.002308	-0.106406	-0.086769	-0.080982	0.992932	-0.560090	0.828223	0.018604	-0.823875	-0.554517	-0.117221
55979	9.707436	-0.037753	-0.872332	-0.281245	0.003966	-0.116755	-0.086140	-0.081910	0.992910	-0.557861	0.829692	0.020048	-0.825452	-0.552179	-0.117164
55980	9.696580	-0.064140	-0.795081	-0.298843	-0.005894	-0.120325	-0.085557	-0.082973	0.992872	-0.556137	0.830812	0.021507	-0.826675	-0.550333	-0.117226
55981	9.658084	0.050787	-0.780183	-0.316695	-0.030124	-0.120435	-0.085194	-0.084121	0.992807	-0.553609	0.832458	0.023029	-0.828408	-0.547665	-0.117491
55982	9.703166	0.017686	-0.825978	-0.324257	-0.062319	-0.105943	-0.085224	-0.085228	0.992710	-0.550910	0.834210	0.024324	-0.830202	-0.544821	-0.118048
55983	9.791611	-0.401697	-1.011541	-0.317398	-0.052832	-0.102617	-0.085155	-0.086352	0.992619	-0.548348	0.835856	0.025673	-0.831903	-0.542115	-0.118529
55984	9.594557	-1.048830	-1.128846	-0.258901	-0.036296	-0.119622	-0.084937	-0.087551	0.992532	-0.547294	0.836506	0.026953	-0.832619	-0.540918	-0.118966
55985	9.447121	-1.245030	-1.207189	-0.140803	-0.049611	-0.132755	-0.084680	-0.088910	0.992434	-0.546223	0.837159	0.028393	-0.833349	-0.539685	-0.119455
55986	9.389153	-0.818924	-0.990602	-0.021675	-0.068182	-0.147685	-0.084459	-0.090485	0.992310	-0.546333	0.837037	0.029826	-0.833299	-0.539612	-0.120130
55987	9.451152	0.139851	-0.827551	0.013769	-0.105118	-0.170377	-0.084460	-0.092458	0.992128	-0.546580	0.836816	0.031454	-0.833137	-0.539621	-0.121213
55988	9.736835	0.724075	-0.987624	-0.070319	-0.102112	-0.169985	-0.084445	-0.094361	0.991950	-0.546178	0.837014	0.033126	-0.833402	-0.538984	-0.122220
55989	9.787899	-0.094702	-0.937726	-0.180899	-0.054060	-0.131650	-0.084234	-0.095735	0.991836	-0.544769	0.837872	0.034608	-0.834345	-0.537407	-0.122731
55990	9.380284	-1.578924	-0.995357	-0.129482	0.017572	-0.092927	-0.083687	-0.096344	0.991824	-0.544085	0.838278	0.035520	-0.834846	-0.536664	-0.122573
55991	9.405019	-1.868060	-0.944461	0.108059	0.012607	-0.093338	-0.083130	-0.097038	0.991803	-0.545053	0.837617	0.036268	-0.834270	-0.537570	-0.122522
55992	9.750444	-0.351885	-1.277800	0.371089	-0.025664	-0.107811	-0.082806	-0.098011	0.991734	-0.548321	0.835458	0.036784	-0.832158	-0.540743	-0.122923
55993	9.878626	2.026020	-1.533264	0.433218	-0.052918	-0.122698	-0.082627	-0.099302	0.991621	-0.552011	0.832997	0.037421	-0.829733	-0.544294	-0.123644
55994	9.606812	3.388311	-1.796943	0.231418	-0.058863	-0.133891	-0.082457	-0.100640	0.991500	-0.553947	0.831669	0.038348	-0.828459	-0.546076	-0.124326
55995	9.418924	3.476944	-1.848204	-0.094528	-0.065404	-0.123264	-0.082373	-0.102002	0.991368	-0.553253	0.832070	0.039642	-0.828931	-0.545212	-0.124973
55996	9.609216	2.579974	-1.777511	-0.410140	-0.051762	-0.090540	-0.082416	-0.102987	0.991263	-0.550177	0.834045	0.040910	-0.830971	-0.541998	-0.125399
55997	9.648633	0.790515	-1.534641	-0.620339	-0.001375	-0.048501	-0.082218	-0.103379	0.991238	-0.545039	0.837352	0.042122	-0.834370	-0.536800	-0.125191
55998	9.637992	-0.607746	-1.111117	-0.620053	0.026441	-0.020178	-0.081989	-0.103339	0.991261	-0.539888	0.840639	0.042982	-0.837735	-0.531646	-0.124715
55999	9.838301	-0.805895	-0.625331	-0.455697	0.019003	-0.021534	-0.081770	-0.103399	0.991273	-0.536070	0.843041	0.043717	-0.840204	-0.527817	-0.124365
56000	10.011756	-0.068782	-0.341117	-0.268331	0.007012	-0.039071	-0.081683	-0.103677	0.991251	-0.534604	0.843945	0.044216	-0.841146	-0.526315	-0.124363
56001	9.910733	0.937163	-0.154915	-0.149779	-0.016126	-0.061826	-0.081546	-0.104263	0.991201	-0.533381	0.844679	0.044969	-0.841935	-0.525021	-0.124492
56002	9.893661	1.473710	0.095510	-0.122657	-0.048906	-0.072537	-0.081651	-0.105075	0.991107	-0.532461	0.845218	0.045742	-0.842507	-0.523991	-0.124961
56003	9.904971	1.388502	-0.021702	-0.149714	-0.065264	-0.061243	-0.081932	-0.105913	0.990994	-0.531236	0.845947	0.046490	-0.843253	-0.522643	-0.125575
56004	10.024195	1.188862	-0.491173	-0.111121	-0.104214	-0.015141	-0.082871	-0.106587	0.990844	-0.530995	0.846093	0.046605	-0.843313	-0.522271	-0.126714
56005	10.140751	1.020541	-0.956965	-0.045963	-0.040043	0.012380	-0.083332	-0.106670	0.990796	-0.530584	0.846356	0.046494	-0.843526	-0.521826	-0.127126
56006	9.806274	1.234947	-1.096070	0.019644	-0.026815	0.027018	-0.083813	-0.106444	0.990780	-0.530216	0.846608	0.046103	-0.843710	-0.521463	-0.127395
56007	9.719051	1.739189	-1.335601	0.009514	0.001063	0.012136	-0.083925	-0.106314	0.990784	-0.530272	0.846583	0.045923	-0.843663	-0.521532	-0.127425
56008	9.707798	1.790578	-1.660375	-0.061337	-0.002461	-0.007976	-0.083955	-0.106295	0.990784	-0.529301	0.847184	0.046038	-0.844270	-0.520558	-0.127388
56009	9.585632	1.419056	-1.652817	-0.135866	0.013841	-0.031470	-0.083729	-0.106467	0.990785	-0.528166	0.847868	0.046476	-0.845003	-0.519408	-0.127223
56010	9.609054	1.038347	-1.769732	-0.127933	-0.039198	-0.031226	-0.083982	-0.106857	0.990721	-0.526891	0.848640	0.046869	-0.845774	-0.518066	-0.127572
56011	9.613510	0.873862	-1.814793	-0.104853	-0.047333	-0.021903	-0.084324	-0.107265	0.990648	-0.526008	0.849170	0.047173	-0.846289	-0.517111	-0.128027
56012	9.468572	0.728772	-1.686647	-0.075207	-0.081579	0.008942	-0.085187	-0.107541	0.990544	-0.525228	0.849658	0.047076	-0.846687	-0.516251	-0.128863
56013	9.568859	0.641120	-1.324696	-0.028704	-0.121029	0.039395	-0.086475	-0.107808	0.990404	-0.524937	0.849860	0.046676	-0.846737	-0.515863	-0.130084
56014	9.608719	0.457051	-1.262645	0.003159	-0.126431	0.061115	-0.088004	-0.107817	0.990268	-0.524430	0.850212	0.045962	-0.846893	-0.515282	-0.131364
56015	9.568740	0.491868	-1.208593	0.047935	-0.141865	0.081170	-0.089688	-0.107835	0.990115	-0.524749	0.850064	0.045048	-0.846519	-0.515522	-0.132827
56016	9.636573	0.775080	-0.834017	0.070848	-0.163564	0.096086	-0.091773	-0.107797	0.989928	-0.525457	0.849692	0.043813	-0.845856	-0.516143	-0.134621
56017	9.667875	1.024087	-0.658083	0.040829	-0.177905	0.110369	-0.093915	-0.107755	0.989732	-0.525684	0.849612	0.042618	-0.845480	-0.516283	-0.136436
56018	9.735045	1.344543	-0.642495	-0.004761	-0.199685	0.117445	-0.096393	-0.107665	0.989503	-0.525170	0.849993	0.041325	-0.845521	-0.515674	-0.138476
56019	9.814233	1.189150	-0.569888	-0.111417	-0.183933	0.122592	-0.098649	-0.107546	0.989294	-0.524092	0.850712	0.040221	-0.845929	-0.514513	-0.140286
56020	9.553481	0.867516	-0.298445	-0.193551	-0.158443	0.119596	-0.100652	-0.107205	0.989129	-0.521461	0.852369	0.039320	-0.847318	-0.511835	-0.141696
56021	9.818762	0.698622	-0.154913	-0.235523	-0.170805	0.123603	-0.102800	-0.107000	0.988930	-0.519321	0.853716	0.038386	-0.848373	-0.509627	-0.143330
56022	9.923285	0.227792	-0.504548	-0.218972	-0.138582	0.125000	-0.104794	-0.106546	0.988770	-0.517255	0.855018	0.037313	-0.849391	-0.507536	-0.144713
56023	9.626883	-0.313283	-0.757780	-0.130117	-0.128879	0.129652	-0.106616	-0.106067	0.988627	-0.515994	0.855828	0.036173	-0.849931	-0.506269	-0.145975
56024	9.546091	-0.595867	-0.875919	-0.032583	-0.145172	0.127589	-0.108595	-0.105553	0.988466	-0.514782	0.856610	0.034918	-0.850415	-0.505053	-0.147360
56025	9.588368	-0.494084	-0.945600	0.083384	-0.172776	0.116749	-0.110722	-0.105402	0.988247	-0.515345	0.856324	0.033593	-0.849800	-0.505568	-0.149132
56026	9.491410	0.182908	-0.940585	0.167066	-0.211598	0.096759	-0.113124	-0.105649	0.987948	-0.517138	0.855295	0.032249	-0.848394	-0.507257	-0.151389
56027	9.432090	0.977079	-1.020159	0.159168	-0.272119	0.083020	-0.115918	-0.106297	0.987555	-0.518373	0.854587	0.031139	-0.847262	-0.508312	-0.154163
56028	9.454469	1.495844	-0.488696	0.093385	-0.323760	0.080861	-0.119139	-0.107289	0.987064	-0.519560	0.853903	0.030104	-0.846087	-0.509253	-0.157476
56029	9.653613	1.459276	-0.643553	0.018534	-0.352168	0.106969	-0.122731	-0.108144	0.986530	-0.519569	0.853937	0.028972	-0.845568	-0.509015	-0.160993
56030	9.804198	1.095174	-0.866421	-0.011664	-0.322944	0.124241	-0.126195	-0.108811	0.986020	-0.520147	0.853630	0.027631	-0.844702	-0.509388	-0.164321
56031	9.768908	0.705567	-0.665655	0.007561	-0.351489	0.134461	-0.129920	-0.109429	0.985467	-0.520020	0.853751	0.026246	-0.844216	-0.509053	-0.167824
56032	9.950606	0.541305	-0.361043	0.000233	-0.300208	0.112782	-0.133131	-0.110044	0.984970	-0.520443	0.853530	0.025015	-0.843454	-0.509291	-0.170903
56033	9.899266	0.373837	-0.261355	0.060663	-0.351513	0.095902	-0.136651	-0.110992	0.984382	-0.520806	0.853340	0.023919	-0.842667	-0.509403	-0.174415
56034	10.030436	-0.019226	-0.379427	0.126246	-0.306157	0.077059	-0.139709	-0.111936	0.983845	-0.522229	0.852500	0.022835	-0.841284	-0.510602	-0.177558
56035	9.573397	-0.403043	-0.650328	0.262701	-0.364918	0.064196	-0.143169	-0.113232	0.983199	-0.524326	0.851242	0.021685	-0.839396	-0.512412	-0.181242
56036	9.528745	-0.208625	-0.805694	0.405165	-0.360264	0.066309	-0.146668	-0.114630	0.982521	-0.528523	0.848681	0.020119	-0.836153	-0.516334	-0.185059
56037	9.596331	0.260425	-0.587849	0.534217	-0.384115	0.085573	-0.150386	-0.115873	0.981813	-0.532833	0.846024	0.018232	-0.832750	-0.520401	-0.188971
56038	9.965008	1.024352	-0.254676	0.572426	-0.403135	0.107342	-0.154393	-0.117158	0.981039	-0.538084	0.842740	0.015960	-0.828630	-0.525417	-0.193154
56039	9.362472	1.529980	0.022151	0.513815	-0.373678	0.118233	-0.158181	-0.118111	0.980321	-0.542129	0.840183	0.013751	-0.825273	-0.529285	-0.196932
56040	9.986119	1.943624	0.141756	0.445728	-0.379646	0.127955	-0.161948	-0.119269	0.979565	-0.546692	0.837254	0.011559	-0.821523	-0.533648	-0.200795
56041	9.720789	2.068735	0.000119	0.414327	-0.355886	0.126895	-0.165622	-0.120090	0.978850	-0.549862	0.835202	0.009430	-0.818670	-0.536671	-0.204361
56042	10.126030	2.484420	-0.224048	0.453262	-0.371395	0.111657	-0.169360	-0.121281	0.978063	-0.554118	0.832406	0.007269	-0.815028	-0.540732	-0.208181
56043	11.010477	2.675752	-0.736186	0.508227	-0.327041	0.113606	-0.172712	-0.122090	0.977376	-0.558038	0.829800	0.005045	-0.811643	-0.544541	-0.211447
56044	11.680068	2.371243	-0.585046	0.507750	-0.168480	0.134580	-0.175011	-0.122153	0.976960	-0.563191	0.826323	0.002429	-0.807581	-0.549790	-0.213411
56045	11.260774	1.917112	-0.275515	0.442563	0.056769	0.177990	-0.175618	-0.120350	0.977074	-0.566428	0.824111	-0.000300	-0.805182	-0.553495	-0.212898
56046	10.457393	1.143291	-0.250718	0.338920	0.230243	0.212643	-0.175009	-0.117755	0.977500	-0.570644	0.821191	-0.003242	-0.802332	-0.558372	-0.210912
56047	10.309433	0.502985	-0.407875	0.237439	0.304491	0.243048	-0.174016	-0.114036	0.978118	-0.572105	0.820157	-0.006163	-0.801507	-0.560658	-0.207961
56048	10.765038	0.098484	-0.539655	0.177335	0.406366	0.269916	-0.172190	-0.109861	0.978918	-0.574463	0.818479	-0.009192	-0.800215	-0.563935	-0.204045
56049	10.777337	-0.197890	-0.688756	0.202065	0.533583	0.290037	-0.169650	-0.104454	0.979953	-0.575565	0.817660	-0.012487	-0.799965	-0.566146	-0.198836
56050	10.335750	-0.362431	-0.597587	0.277955	0.595205	0.303727	-0.166733	-0.098826	0.981037	-0.578344	0.815634	-0.016129	-0.798573	-0.570066	-0.193148
56051	10.220043	-0.431679	-0.208842	0.386844	0.554236	0.308658	-0.164160	-0.093123	0.982028	-0.580903	0.813729	-0.019943	-0.797247	-0.573737	-0.187677
56052	11.140911	-0.322944	0.430585	0.504223	0.525834	0.305270	-0.161787	-0.087824	0.982910	-0.585447	0.810357	-0.023958	-0.794404	-0.579318	-0.182521
56053	12.265738	-0.073119	1.065192	0.527474	0.615171	0.317770	-0.158834	-0.081656	0.983923	-0.589106	0.807568	-0.028078	-0.792292	-0.584094	-0.176373
56054	13.047556	0.483141	1.722476	0.433960	0.750843	0.317259	-0.154781	-0.074778	0.985115	-0.592587	0.804870	-0.032011	-0.790496	-0.588721	-0.168891
56055	12.476470	1.014138	2.475659	0.207660	0.954318	0.271540	-0.148908	-0.066947	0.986582	-0.593801	0.803847	-0.035077	-0.790713	-0.591056	-0.159453
56056	11.786528	1.303939	2.855422	-0.051759	1.100384	0.219548	-0.141472	-0.058744	0.988198	-0.593630	0.803878	-0.037198	-0.792206	-0.591886	-0.148598
56057	10.967767	1.103299	2.905752	-0.366217	1.283297	0.191627	-0.132476	-0.049602	0.989944	-0.590444	0.806154	-0.038621	-0.796132	-0.589623	-0.136083
56058	10.950797	0.595795	2.758527	-0.642732	1.507521	0.183724	-0.121553	-0.039154	0.991812	-0.584814	0.810196	-0.039688	-0.802009	-0.584850	-0.121379
56059	10.810308	-0.226421	2.244236	-0.837210	1.719689	0.204449	-0.108952	-0.027470	0.993667	-0.577821	0.815142	-0.040821	-0.808859	-0.578610	-0.104683
56060	10.724694	-1.038280	1.624091	-0.953591	1.937566	0.230974	-0.094547	-0.014280	0.995418	-0.569235	0.821087	-0.042288	-0.816720	-0.570625	-0.085760
56061	10.498065	-1.761597	1.151380	-0.975631	2.105822	0.236492	-0.078668	-0.000378	0.996901	-0.561014	0.826639	-0.043958	-0.824060	-0.562733	-0.065242
56062	10.936390	-2.386240	0.637242	-0.891243	2.176580	0.220216	-0.061758	0.013772	0.997996	-0.552909	0.831988	-0.045696	-0.830950	-0.554623	-0.043768
56063	11.428527	-2.927711	0.120048	-0.786015	2.287856	0.190836	-0.043793	0.027994	0.998648	-0.546244	0.836284	-0.047396	-0.836481	-0.547581	-0.021332
56064	12.135770	-3.042546	-0.167183	-0.619577	2.284922	0.136209	-0.025175	0.041782	0.998810	-0.539892	0.840321	-0.048760	-0.841357	-0.540477	0.001403
56065	12.320198	-3.084840	-0.309277	-0.410292	2.257192	0.043539	-0.006449	0.054320	0.998503	-0.536419	0.842511	-0.049298	-0.843927	-0.535934	0.023705
56066	11.663474	-2.402580	-0.269978	-0.044377	2.099607	-0.041323	0.011705	0.065366	0.997793	-0.535170	0.843324	-0.048969	-0.844663	-0.533415	0.044853
56067	10.893516	-1.081400	-0.000913	0.378251	1.860648	-0.084470	0.027793	0.074620	0.996825	-0.538336	0.841364	-0.047973	-0.842272	-0.535294	0.063555
56068	10.088399	-0.136060	-0.784741	0.790366	1.592001	-0.096087	0.041838	0.082503	0.995712	-0.544486	0.837479	-0.046513	-0.837726	-0.540205	0.079960
56069	10.653611	0.568168	-1.988382	1.018314	1.438597	-0.069678	0.054167	0.089767	0.994489	-0.552946	0.832002	-0.044982	-0.831455	-0.547462	0.094703
56070	10.833374	0.634995	-3.435319	0.845503	1.460365	-0.001753	0.066317	0.097897	0.992985	-0.559907	0.827377	-0.044176	-0.825897	-0.553050	0.109682
56071	10.196759	-0.162815	-4.206463	0.382733	1.496644	0.036684	0.078387	0.106511	0.991217	-0.563085	0.825219	-0.044144	-0.822673	-0.554679	0.124661
56072	9.507686	-0.975686	-4.034365	-0.019477	1.507807	-0.000192	0.090777	0.114948	0.989215	-0.562962	0.825298	-0.044240	-0.821483	-0.552874	0.139630
56073	9.195944	-1.476462	-3.602661	-0.121689	1.477587	-0.064896	0.103215	0.122583	0.987077	-0.561897	0.826046	-0.043829	-0.820743	-0.550111	0.154139
56074	9.058007	-1.552624	-2.961901	-0.036958	1.435189	-0.108479	0.115578	0.129642	0.984802	-0.561504	0.826362	-0.042885	-0.819362	-0.548014	0.168303
56075	8.864055	-1.284256	-2.331281	0.098249	1.386845	-0.125722	0.127572	0.136218	0.982431	-0.562154	0.825989	-0.041529	-0.817134	-0.546979	0.181948
56076	8.308698	-0.877880	-1.808841	0.205058	1.356047	-0.137286	0.139383	0.142565	0.979922	-0.563667	0.825040	-0.039857	-0.814157	-0.546794	0.195356
56077	7.865799	-0.443169	-1.447449	0.241929	1.264917	-0.163121	0.150523	0.148160	0.977441	-0.565396	0.823952	-0.037825	-0.810969	-0.546948	0.207792
56078	7.472788	-0.084754	-1.231341	0.212142	1.149143	-0.188509	0.160865	0.152948	0.975054	-0.566836	0.823062	-0.035589	-0.807972	-0.546971	0.219098
56079	7.241428	0.169929	-0.931748	0.103064	1.024454	-0.213072	0.170280	0.156815	0.972838	-0.567316	0.822825	-0.033335	-0.805703	-0.546230	0.229074
56080	7.082587	0.371336	-0.545724	-0.072743	0.887396	-0.225341	0.178673	0.159842	0.970838	-0.566345	0.823571	-0.031366	-0.804568	-0.544225	0.237676
56081	7.054419	0.400808	-0.120623	-0.287743	0.754554	-0.217457	0.185914	0.162164	0.969092	-0.563635	0.825479	-0.030003	-0.804830	-0.540636	0.244869
56082	7.076411	0.061461	0.351307	-0.484202	0.623352	-0.176286	0.191896	0.164094	0.967600	-0.559400	0.828371	-0.029541	-0.806379	-0.535606	0.250755
56083	7.452180	-0.332120	0.891988	-0.616391	0.504226	-0.100147	0.196466	0.165971	0.966362	-0.554230	0.831816	-0.030185	-0.808845	-0.529656	0.255410
56084	7.753302	-0.771412	1.612204	-0.709028	0.452687	-0.017698	0.200202	0.168235	0.965203	-0.548445	0.835579	-0.031883	-0.811867	-0.522977	0.259552
56085	8.045782	-1.158629	2.331168	-0.747156	0.431027	0.055477	0.203347	0.170962	0.964065	-0.542482	0.839362	-0.034424	-0.815085	-0.515988	0.263425
56086	8.217192	-1.440603	2.797715	-0.716450	0.424190	0.126668	0.206095	0.174234	0.962895	-0.536889	0.842815	-0.037592	-0.818092	-0.509221	0.267245
56087	8.199857	-1.612450	3.029225	-0.611078	0.382079	0.171245	0.208252	0.177639	0.961809	-0.532241	0.845603	-0.040935	-0.820580	-0.503389	0.270645
56088	8.093981	-1.703880	3.105351	-0.460689	0.298027	0.184847	0.209687	0.180738	0.960919	-0.528849	0.847573	-0.044017	-0.822405	-0.498952	0.273308
56089	8.104868	-1.779022	3.091209	-0.293722	0.186785	0.179735	0.210217	0.183217	0.960333	-0.526813	0.848703	-0.046600	-0.823576	-0.496120	0.274933
56090	8.206120	-1.898433	3.076464	-0.150590	0.092888	0.158264	0.210115	0.185072	0.960000	-0.525922	0.849144	-0.048592	-0.824171	-0.494675	0.275751
56091	8.338450	-1.943726	3.241367	-0.025066	0.019521	0.129043	0.209539	0.186289	0.959890	-0.525989	0.849023	-0.049952	-0.824275	-0.494425	0.275890
56092	8.630753	-1.995866	3.396760	0.083553	-0.030739	0.099110	0.208729	0.187039	0.959921	-0.526912	0.848404	-0.050737	-0.823891	-0.495203	0.275639
56093	9.100174	-1.893449	3.663791	0.164534	-0.026550	0.065979	0.208104	0.187492	0.959969	-0.528407	0.847460	-0.050969	-0.823091	-0.496648	0.275432
56094	9.606125	-1.852096	3.930195	0.237428	-0.004252	0.009059	0.207984	0.187619	0.959970	-0.530416	0.846234	-0.050472	-0.821828	-0.498686	0.275519
56095	10.005307	-1.771271	4.215232	0.294858	0.033572	-0.040639	0.208417	0.187468	0.959905	-0.532755	0.844831	-0.049321	-0.820204	-0.501115	0.275951
56096	10.003751	-1.567262	4.491329	0.418571	0.060356	-0.081831	0.209310	0.187162	0.959771	-0.536059	0.842846	-0.047455	-0.817820	-0.504561	0.276746
56097	9.624724	-1.072362	4.823902	0.544796	0.081767	-0.097435	0.210444	0.186780	0.959597	-0.540305	0.840262	-0.045061	-0.814729	-0.508992	0.277746
56098	9.244312	-0.476080	4.863879	0.609636	0.062911	-0.087391	0.211392	0.186460	0.959451	-0.545132	0.837267	-0.042608	-0.811261	-0.514021	0.278636
56099	9.144749	0.050540	4.750400	0.550213	0.016808	-0.054791	0.211769	0.186112	0.959435	-0.549475	0.834523	-0.040600	-0.808227	-0.518588	0.278990
56100	9.174912	0.366488	4.331879	0.334670	-0.028578	-0.015216	0.211586	0.185932	0.959511	-0.552204	0.832768	-0.039603	-0.806413	-0.521466	0.278875
56101	9.443423	0.277480	3.883339	0.061304	-0.071998	-0.013689	0.211023	0.185466	0.959725	-0.552673	0.832468	-0.039352	-0.806239	-0.522110	0.278172
56102	9.588075	-0.031031	3.204988	-0.131354	-0.059008	-0.059147	0.210840	0.184761	0.959901	-0.551547	0.833221	-0.039232	-0.807058	-0.521159	0.277581
56103	9.504326	-0.018427	3.043752	-0.252366	-0.012303	-0.137535	0.211439	0.183573	0.959997	-0.549222	0.834781	-0.038663	-0.808485	-0.519077	0.277328
56104	9.065887	0.067247	3.194977	-0.404916	0.040351	-0.222064	0.212949	0.182021	0.959959	-0.545530	0.837241	-0.037736	-0.810586	-0.515650	0.277587
56105	8.492460	-0.113102	2.938639	-0.467932	0.027568	-0.264315	0.214551	0.179969	0.959989	-0.541170	0.840118	-0.036550	-0.813082	-0.511676	0.277642
56106	8.040772	-0.281967	2.418991	-0.303755	-0.091364	-0.260793	0.215184	0.177404	0.960325	-0.538194	0.842095	-0.034968	-0.814889	-0.509316	0.276683
56107	7.667124	-0.243403	2.362263	-0.091780	-0.223469	-0.220646	0.214489	0.174432	0.961024	-0.536976	0.842946	-0.033153	-0.815874	-0.508936	0.274469
56108	7.355648	0.006582	2.472819	-0.022600	-0.350008	-0.192089	0.212633	0.171125	0.962031	-0.536437	0.843354	-0.031449	-0.816715	-0.509382	0.271123
56109	7.190218	0.183751	2.264545	-0.082197	-0.496958	-0.181537	0.209486	0.167086	0.963430	-0.535386	0.844075	-0.029974	-0.818216	-0.509528	0.266277
56110	7.290369	0.311390	1.553629	-0.221996	-0.649345	-0.201269	0.205211	0.162173	0.965188	-0.533203	0.845500	-0.028697	-0.820721	-0.508753	0.259977
56111	7.539973	0.103270	0.269898	-0.391221	-0.829080	-0.236341	0.199589	0.155987	0.967384	-0.529511	0.847858	-0.027466	-0.824489	-0.506759	0.251820
56112	7.904286	-0.268736	-1.287185	-0.483729	-1.051173	-0.276726	0.192328	0.148409	0.970044	-0.525017	0.850693	-0.026055	-0.829076	-0.504278	0.241530
56113	8.975120	-0.594311	-1.975201	-0.466517	-1.290121	-0.293484	0.183077	0.139441	0.973159	-0.520590	0.853459	-0.024353	-0.833948	-0.502158	0.228841
56114	10.558126	-0.891384	-1.368279	-0.528194	-1.399680	-0.260176	0.172685	0.130281	0.976323	-0.515746	0.856431	-0.023061	-0.839158	-0.499552	0.215084
56115	12.091060	-1.050096	0.308579	-0.768028	-1.353204	-0.171098	0.162106	0.122111	0.979189	-0.508993	0.860462	-0.023041	-0.845369	-0.494665	0.201640
56116	13.162791	-1.066683	2.278296	-1.106142	-1.147015	-0.066512	0.152667	0.115978	0.981449	-0.499528	0.865947	-0.024626	-0.852739	-0.486502	0.190136
56117	13.528200	-1.160818	3.856492	-1.388394	-0.897538	0.005548	0.144892	0.111736	0.983118	-0.487641	0.872617	-0.027308	-0.860937	-0.475452	0.180922
56118	13.888323	-1.986440	4.260072	-1.497265	-0.690052	0.054082	0.138628	0.109045	0.984323	-0.474803	0.879561	-0.030570	-0.869105	-0.463122	0.173707
56119	13.570885	-3.534680	3.685968	-1.393620	-0.556967	0.054179	0.133457	0.107005	0.985261	-0.462714	0.885873	-0.033535	-0.876404	-0.451419	0.167739
56120	12.217346	-5.113534	2.580379	-1.044322	-0.508766	0.008420	0.128912	0.104896	0.986093	-0.453598	0.890502	-0.035428	-0.881833	-0.442723	0.162377
56121	10.070063	-5.710696	1.812514	-0.480261	-0.516478	-0.097194	0.124733	0.101782	0.986956	-0.449233	0.892717	-0.035289	-0.884664	-0.438972	0.157075
56122	8.185184	-5.500786	0.847137	0.220144	-0.601553	-0.236416	0.120440	0.097138	0.987957	-0.450974	0.891937	-0.032720	-0.884374	-0.441602	0.151232
56123	7.280251	-4.523744	-0.230470	0.944168	-0.744160	-0.373417	0.115514	0.090524	0.989172	-0.458867	0.888073	-0.027687	-0.880964	-0.450701	0.144124
56124	7.256208	-2.812897	-0.931272	1.564426	-0.943341	-0.482730	0.109439	0.082064	0.990600	-0.472164	0.881264	-0.020843	-0.874691	-0.465445	0.135193
56125	7.939675	-0.491992	-1.209644	1.918877	-1.115729	-0.577236	0.102440	0.071738	0.992149	-0.488260	0.872606	-0.012682	-0.866665	-0.483128	0.124417
56126	8.920054	1.990015	-1.246923	1.948601	-1.275929	-0.614085	0.094441	0.060258	0.993705	-0.504569	0.863360	-0.004400	-0.858191	-0.500977	0.111941
56127	9.821786	4.165004	-1.396043	1.635141	-1.382891	-0.551048	0.085382	0.048518	0.995166	-0.518048	0.855347	0.002745	-0.851080	-0.515778	0.098166
56128	10.651412	4.971085	-1.227064	1.047828	-1.457132	-0.367894	0.074890	0.037897	0.996471	-0.526728	0.850003	0.007259	-0.846728	-0.525413	0.083618
56129	11.099952	4.037971	-0.830370	0.267321	-1.355913	-0.131752	0.064049	0.029661	0.997506	-0.528898	0.848641	0.008726	-0.846265	-0.528137	0.070042
56130	10.624098	1.169578	-0.539897	-0.408303	-1.138200	0.026652	0.054217	0.023968	0.998241	-0.525500	0.850755	0.008114	-0.849064	-0.525016	0.058721
56131	9.804828	-1.787969	-0.346983	-0.641866	-0.957322	0.072196	0.045635	0.019608	0.998766	-0.520071	0.854095	0.006995	-0.852903	-0.519748	0.049174
56132	9.383278	-3.277947	-0.167139	-0.474613	-0.901722	0.048292	0.037637	0.015424	0.999172	-0.516081	0.856517	0.006218	-0.855713	-0.515888	0.040197
56133	9.649218	-2.802108	-0.342478	-0.104360	-0.945256	0.019651	0.029385	0.010746	0.999510	-0.515190	0.857055	0.005932	-0.856572	-0.515112	0.030720
56134	9.676711	-0.689189	-0.471902	0.230754	-0.989583	-0.002276	0.020880	0.005701	0.999766	-0.517224	0.855830	0.005922	-0.855595	-0.517226	0.020818
56135	9.360383	1.174818	-0.562147	0.302186	-0.993925	-0.059464	0.012633	0.000064	0.999920	-0.519793	0.854267	0.006513	-0.854199	-0.519834	0.010825
56136	9.926029	1.918117	-0.444527	0.175650	-0.985075	-0.073565	0.004560	-0.005616	0.999974	-0.521338	0.853320	0.007169	-0.853338	-0.521357	0.000963
56137	10.465510	1.439219	0.014891	-0.028305	-0.873985	-0.089700	-0.002490	-0.010911	0.999937	-0.521090	0.853464	0.008015	-0.853498	-0.521038	-0.007811
56138	10.290027	0.591273	0.491533	-0.145549	-0.758445	-0.132992	-0.008320	-0.015925	0.999839	-0.519910	0.854170	0.009278	-0.854180	-0.519749	-0.015387
56139	9.987436	0.206535	0.703083	-0.106006	-0.723952	-0.177714	-0.013641	-0.021177	0.999683	-0.519018	0.854692	0.011023	-0.854654	-0.518703	-0.022650
56140	9.866539	0.396781	0.599411	0.043316	-0.707401	-0.216195	-0.018606	-0.026625	0.999472	-0.519462	0.854393	0.013090	-0.854291	-0.518944	-0.029727
56141	10.059756	0.933510	0.548366	0.211004	-0.674031	-0.223880	-0.023253	-0.032014	0.999217	-0.521304	0.853236	0.015206	-0.853054	-0.520542	-0.036529
56142	10.397254	1.509097	0.095498	0.298513	-0.588289	-0.187446	-0.027331	-0.036616	0.998956	-0.523933	0.851592	0.016880	-0.851321	-0.522925	-0.042459
56143	10.272512	1.850676	-0.432990	0.331818	-0.490296	-0.133655	-0.030856	-0.040298	0.998711	-0.526788	0.849806	0.018014	-0.849437	-0.525553	-0.047450
56144	10.105409	1.864310	-0.927549	0.345243	-0.429028	-0.078181	-0.034124	-0.043159	0.998485	-0.529788	0.847927	0.018546	-0.847444	-0.528352	-0.051800
56145	9.885201	1.706212	-1.218480	0.347967	-0.374044	-0.043862	-0.037115	-0.045487	0.998275	-0.532742	0.846070	0.018745	-0.845463	-0.531127	-0.055635
56146	9.636682	1.271169	-1.572495	0.398366	-0.358904	-0.042737	-0.039965	-0.047711	0.998061	-0.536142	0.843916	0.018874	-0.843181	-0.534349	-0.059307
56147	9.385412	1.101413	-1.821626	0.459324	-0.342402	-0.063004	-0.042567	-0.050053	0.997839	-0.540028	0.841428	0.019170	-0.840570	-0.538045	-0.062847
56148	9.122845	1.092396	-2.128872	0.467941	-0.379873	-0.088443	-0.045321	-0.052802	0.997576	-0.544012	0.838847	0.019685	-0.837853	-0.541801	-0.066742
56149	9.242966	1.416103	-2.027565	0.435832	-0.473867	-0.097254	-0.048813	-0.056168	0.997227	-0.547696	0.836431	0.020302	-0.835252	-0.545187	-0.071591
56150	9.302926	1.789256	-1.716962	0.331718	-0.529502	-0.099923	-0.052725	-0.059857	0.996814	-0.550555	0.834535	0.020992	-0.833132	-0.547694	-0.076955
56151	9.342777	1.842218	-1.103133	0.204904	-0.607275	-0.073117	-0.057435	-0.063773	0.996310	-0.552294	0.833372	0.021505	-0.831669	-0.549021	-0.083086
56152	9.675330	2.036336	-0.305719	0.086758	-0.688680	-0.014924	-0.063129	-0.067653	0.995710	-0.553032	0.832882	0.021526	-0.830765	-0.549301	-0.089994
56153	9.462603	2.378056	0.309153	0.005044	-0.765415	0.076903	-0.069970	-0.071191	0.995006	-0.553015	0.832914	0.020705	-0.830228	-0.548804	-0.097649
56154	9.622279	2.642208	0.361370	-0.024188	-0.868291	0.175644	-0.078193	-0.074463	0.994154	-0.552673	0.833183	0.018937	-0.829722	-0.547961	-0.106302
56155	10.021532	2.194201	0.266621	-0.078978	-0.866030	0.250049	-0.086817	-0.077095	0.993237	-0.551802	0.833812	0.016488	-0.829444	-0.546639	-0.114930
56156	10.277285	1.470482	0.165529	-0.160284	-0.797368	0.293823	-0.095098	-0.078973	0.992330	-0.550183	0.834931	0.013721	-0.829611	-0.544659	-0.122850
56157	9.752642	0.428585	0.046630	-0.295283	-0.664069	0.275044	-0.102179	-0.080257	0.991523	-0.547451	0.836761	0.011314	-0.830576	-0.541654	-0.129436
56158	9.531282	-0.721843	0.036981	-0.357199	-0.675387	0.203866	-0.108949	-0.082173	0.990645	-0.544250	0.838866	0.009727	-0.831818	-0.538099	-0.136116
56159	9.858174	-1.402110	-0.186587	-0.281200	-0.653916	0.138549	-0.115202	-0.084494	0.989742	-0.541744	0.840498	0.008697	-0.832611	-0.535185	-0.142601
