// General information: 
//  MT Manager version: 2022.2.0 
//  XDA version: 2022.2.0 build 7381 rev 124627 built on 2023-07-19
// Device information: 
//  DeviceId: 00B4CAF0
//  ProductCode: MTW2-3A7G6
//  Firmware Version: 4.6.0
//  Hardware Version: 2.0.0
// Device settings: 
//  Filter Profile: human(46.1)
//  Option Flags: Orientation Smoother Disabled, Position/Velocity Smoother Disabled, Continuous Zero Rotation Update Disabled, AHS Disabled, ICC Disabled
// Coordinate system: ENU
PacketCounter	Acc_X	Acc_Y	Acc_Z	Gyr_X	Gyr_Y	Gyr_Z	Mat[1][1]	Mat[2][1]	Mat[3][1]	Mat[1][2]	Mat[2][2]	Mat[3][2]	Mat[1][3]	Mat[2][3]	Mat[3][3]
50350	5.476349	1.050649	8.648593	0.001908	0.000239	0.007832	0.126393	0.839113	0.529069	-0.991182	0.085432	0.101295	0.039798	-0.537206	0.842511
50351	5.451398	1.030534	8.611701	0.003446	0.002419	0.005143	0.126407	0.839148	0.529010	-0.991180	0.085447	0.101302	0.039805	-0.537150	0.842547
50352	5.470149	1.059135	8.615858	0.000872	0.003284	0.000479	0.126396	0.839168	0.528982	-0.991181	0.085442	0.101292	0.039804	-0.537119	0.842567
50353	5.489899	1.046898	8.609182	0.005818	0.002682	0.007846	0.126311	0.839171	0.528997	-0.991189	0.085335	0.101299	0.039865	-0.537131	0.842556
50354	5.450821	1.030695	8.612046	0.003020	0.002077	0.003676	0.126269	0.839187	0.528982	-0.991194	0.085292	0.101291	0.039884	-0.537113	0.842567
50355	5.456193	1.090118	8.608525	0.001502	0.002497	0.003909	0.126237	0.839217	0.528941	-0.991199	0.085281	0.101254	0.039866	-0.537068	0.842596
50356	5.463017	1.040621	8.630686	0.003224	0.000947	0.005638	0.126177	0.839229	0.528937	-0.991206	0.085220	0.101237	0.039885	-0.537060	0.842601
50357	5.343994	1.019268	8.754822	-0.000050	-0.021756	-0.000141	0.126195	0.839112	0.529118	-0.991207	0.085263	0.101188	0.039794	-0.537235	0.842493
50358	5.420653	1.047378	8.656093	0.010568	-0.052300	-0.010192	0.126313	0.838824	0.529546	-0.991191	0.085296	0.101317	0.039819	-0.537679	0.842209
50359	5.485843	1.038174	8.585201	-0.009196	-0.060469	-0.008067	0.126440	0.838481	0.530059	-0.991181	0.085418	0.101315	0.039674	-0.538195	0.841886
50360	5.483789	1.088576	8.559856	0.019467	-0.056304	-0.011098	0.126568	0.838170	0.530520	-0.991160	0.085410	0.101524	0.039782	-0.538680	0.841571
50361	5.520480	1.087274	8.568603	-0.006568	-0.045102	-0.004938	0.126606	0.837922	0.530903	-0.991162	0.085494	0.101430	0.039601	-0.539053	0.841341
50362	5.504955	1.059009	8.562373	0.006902	-0.036723	-0.005642	0.126672	0.837721	0.531204	-0.991154	0.085508	0.101504	0.039609	-0.539363	0.841141
50363	5.520366	1.069177	8.578912	-0.007856	-0.032172	-0.001828	0.126701	0.837541	0.531481	-0.991155	0.085564	0.101447	0.039490	-0.539633	0.840974
50364	5.489955	1.044456	8.613111	0.008856	-0.025762	-0.001045	0.126717	0.837403	0.531695	-0.991151	0.085529	0.101512	0.039531	-0.539853	0.840830
50365	5.510915	1.073481	8.615741	-0.003045	-0.021243	-0.006258	0.126772	0.837289	0.531861	-0.991149	0.085623	0.101453	0.039406	-0.540015	0.840732
50366	5.507601	1.041343	8.570874	0.004083	-0.020451	0.001838	0.126757	0.837182	0.532034	-0.991151	0.085590	0.101463	0.039406	-0.540187	0.840622
50367	5.495298	1.045076	8.609628	-0.004354	-0.016431	-0.002377	0.126817	0.837094	0.532157	-0.991146	0.085659	0.101455	0.039343	-0.540312	0.840545
50368	5.510353	1.041438	8.569094	0.003463	-0.011542	-0.002368	0.126841	0.837031	0.532250	-0.991142	0.085664	0.101482	0.039349	-0.540408	0.840483
50369	5.518405	1.019405	8.543360	0.003453	-0.003100	0.003454	0.126890	0.837034	0.532233	-0.991135	0.085687	0.101538	0.039385	-0.540399	0.840486
50370	5.503541	1.064227	8.593937	0.004558	0.004259	0.000975	0.126874	0.837060	0.532197	-0.991135	0.085658	0.101557	0.039422	-0.540364	0.840508
50371	5.523036	1.052200	8.587313	0.003689	0.006494	0.002181	0.126839	0.837095	0.532150	-0.991139	0.085623	0.101551	0.039444	-0.540315	0.840538
50372	5.496880	1.005374	8.598281	0.006300	0.010831	0.001925	0.126811	0.837157	0.532059	-0.991140	0.085577	0.101579	0.039506	-0.540226	0.840592
50373	5.469862	1.026521	8.572872	0.003913	0.013487	0.003367	0.126771	0.837223	0.531965	-0.991143	0.085525	0.101594	0.039561	-0.540132	0.840650
50374	5.487574	1.055558	8.577563	0.011509	0.016903	0.003872	0.126722	0.837320	0.531825	-0.991144	0.085435	0.101656	0.039682	-0.539997	0.840731
50375	5.499537	1.025296	8.586075	0.003942	0.018687	-0.001550	0.126694	0.837428	0.531661	-0.991149	0.085449	0.101597	0.039650	-0.539827	0.840842
50376	5.465428	1.028179	8.575501	0.010005	0.019923	0.001651	0.126665	0.837539	0.531493	-0.991148	0.085386	0.101658	0.039761	-0.539665	0.840940
50377	5.508732	1.036557	8.606468	0.008694	0.019215	0.003848	0.126543	0.837643	0.531357	-0.991164	0.085300	0.101578	0.039761	-0.539516	0.841036
50378	5.499532	1.059405	8.632800	0.007191	0.022236	0.001625	0.126514	0.837767	0.531170	-0.991164	0.085252	0.101615	0.039846	-0.539332	0.841150
50379	5.512367	1.015232	8.583521	0.006972	0.026285	0.003802	0.126388	0.837896	0.530996	-0.991178	0.085141	0.101571	0.039896	-0.539149	0.841265
50380	5.476796	1.059049	8.584019	0.013477	0.024942	0.004333	0.126330	0.838036	0.530789	-0.991180	0.085036	0.101646	0.040046	-0.538948	0.841386
50381	5.467722	1.013986	8.647159	0.004806	0.024890	0.003066	0.126297	0.838208	0.530524	-0.991185	0.085057	0.101575	0.040016	-0.538676	0.841562
50382	5.473389	1.019448	8.575880	0.013291	0.028667	-0.000085	0.126282	0.838365	0.530281	-0.991181	0.084991	0.101672	0.040169	-0.538443	0.841704
50383	5.483551	1.030302	8.595695	0.005695	0.025252	-0.000597	0.126326	0.838530	0.530009	-0.991176	0.085075	0.101647	0.040144	-0.538173	0.841878
50384	5.455083	1.024995	8.618158	0.017388	0.021860	0.002668	0.126287	0.838652	0.529826	-0.991174	0.084964	0.101764	0.040329	-0.538001	0.841979
50385	5.458475	1.085504	8.615656	0.007234	0.027428	-0.003289	0.126411	0.838790	0.529577	-0.991153	0.085035	0.101904	0.040444	-0.537773	0.842119
50386	5.463821	1.064145	8.591653	0.013498	0.022015	0.000203	0.126395	0.838911	0.529389	-0.991149	0.084965	0.102001	0.040590	-0.537596	0.842225
50387	5.455518	1.046530	8.607162	0.007642	0.019651	-0.001042	0.126465	0.839026	0.529190	-0.991137	0.085002	0.102090	0.040674	-0.537410	0.842340
50388	5.453934	1.047747	8.608017	0.018277	0.016700	-0.002668	0.126480	0.839116	0.529044	-0.991127	0.084931	0.102243	0.040861	-0.537281	0.842413
50389	5.498091	1.083823	8.591370	0.009790	0.012924	0.000477	0.126493	0.839177	0.528944	-0.991121	0.084896	0.102330	0.040968	-0.537191	0.842465
50390	5.431353	1.062400	8.616167	0.013295	0.017620	-0.003438	0.126516	0.839271	0.528789	-0.991113	0.084858	0.102445	0.041107	-0.537051	0.842548
50391	5.475014	1.071168	8.646921	0.006972	0.009717	-0.001233	0.126609	0.839320	0.528689	-0.991097	0.084904	0.102556	0.041189	-0.536966	0.842598
50392	5.456533	1.029855	8.585372	0.016111	0.015305	-0.003405	0.126632	0.839402	0.528554	-0.991087	0.084851	0.102694	0.041353	-0.536847	0.842665
50393	5.460165	1.063465	8.629706	0.007216	0.013784	-0.004188	0.126700	0.839489	0.528399	-0.991076	0.084893	0.102768	0.041415	-0.536704	0.842753
50394	5.445769	1.095481	8.622431	0.016516	0.007531	-0.001154	0.126704	0.839531	0.528332	-0.991069	0.084819	0.102898	0.041573	-0.536651	0.842780
50395	5.472648	1.061550	8.590762	-0.000201	0.006647	-0.000286	0.126699	0.839544	0.528312	-0.991070	0.084820	0.102888	0.041568	-0.536630	0.842793
50396	5.489444	1.104731	8.653124	0.016293	0.006060	-0.000657	0.126699	0.839578	0.528258	-0.991063	0.084744	0.103014	0.041722	-0.536589	0.842812
50397	5.459173	1.053190	8.572765	0.003507	0.004694	-0.003915	0.126621	0.839567	0.528293	-0.991075	0.084695	0.102941	0.041682	-0.536613	0.842798
50398	5.468374	1.118815	8.660347	0.011958	0.008795	-0.000459	0.126617	0.839616	0.528216	-0.991071	0.084640	0.103029	0.041797	-0.536545	0.842836
50399	5.457088	1.027542	8.620977	0.000895	0.011402	-0.000308	0.126627	0.839641	0.528175	-0.991067	0.084623	0.103077	0.041852	-0.536509	0.842856
50400	5.454453	1.109814	8.642702	0.008268	0.002303	-0.002644	0.126648	0.839653	0.528150	-0.991061	0.084605	0.103146	0.041922	-0.536493	0.842863
50401	5.475023	1.057269	8.625438	0.004582	0.006852	-0.001476	0.126660	0.839666	0.528127	-0.991058	0.084592	0.103191	0.041970	-0.536475	0.842872
50402	5.461108	1.088561	8.617925	0.003710	0.003567	-0.001951	0.126673	0.839685	0.528093	-0.991055	0.084594	0.103217	0.041996	-0.536444	0.842890
50403	5.474212	1.058386	8.625816	0.008492	0.003773	-0.003140	0.126793	0.839723	0.528005	-0.991036	0.084662	0.103340	0.042075	-0.536375	0.842930
50404	5.479860	1.050347	8.658874	-0.001722	0.001547	-0.001733	0.126806	0.839732	0.527988	-0.991036	0.084691	0.103320	0.042045	-0.536356	0.842944
50405	5.454957	1.030941	8.621920	0.016070	-0.000931	-0.001833	0.126810	0.839697	0.528042	-0.991030	0.084612	0.103446	0.042185	-0.536423	0.842894
50406	5.441381	1.062755	8.614119	0.003284	0.003222	-0.003419	0.126839	0.839713	0.528009	-0.991025	0.084628	0.103477	0.042206	-0.536395	0.842911
50407	5.493937	1.076315	8.571776	0.019132	0.006342	-0.003079	0.126884	0.839754	0.527933	-0.991012	0.084587	0.103633	0.042369	-0.536337	0.842940
50408	5.497352	1.150862	8.626206	0.005230	0.003145	-0.002182	0.126900	0.839771	0.527902	-0.991008	0.084583	0.103673	0.042410	-0.536311	0.842954
50409	5.433475	1.047497	8.629096	0.012628	0.007683	-0.003623	0.126958	0.839776	0.527880	-0.990995	0.084560	0.103817	0.042546	-0.536307	0.842950
50410	5.439520	1.067016	8.614768	0.006750	0.002723	-0.002412	0.126976	0.839791	0.527853	-0.990990	0.084549	0.103872	0.042601	-0.536286	0.842960
50411	5.405341	1.084200	8.661133	0.012181	-0.000778	-0.004304	0.127048	0.839767	0.527873	-0.990976	0.084537	0.104021	0.042729	-0.536325	0.842929
50412	5.440364	1.028319	8.603955	0.011310	0.001458	-0.003103	0.127074	0.839774	0.527855	-0.990968	0.084508	0.104118	0.042828	-0.536318	0.842928
50413	5.478021	1.086942	8.611785	0.018688	0.003402	-0.002083	0.127139	0.839781	0.527828	-0.990952	0.084466	0.104305	0.043010	-0.536314	0.842922
50414	5.437890	1.112982	8.625162	0.011087	-0.000012	-0.002606	0.127161	0.839781	0.527824	-0.990945	0.084434	0.104397	0.043105	-0.536320	0.842914
50415	5.450182	1.124046	8.643557	0.008271	0.002301	-0.002642	0.127184	0.839794	0.527798	-0.990940	0.084426	0.104455	0.043161	-0.536301	0.842922
50416	5.430851	1.069206	8.686881	0.003911	-0.008602	-0.003334	0.127217	0.839747	0.527865	-0.990935	0.084438	0.104491	0.043174	-0.536373	0.842876
50417	5.438392	1.088658	8.671603	0.017104	-0.015003	0.002186	0.127232	0.839658	0.528003	-0.990927	0.084359	0.104630	0.043311	-0.536524	0.842773
50418	5.458739	1.118017	8.674535	0.003422	-0.016730	0.002586	0.127210	0.839572	0.528144	-0.990930	0.084325	0.104630	0.043309	-0.536664	0.842684
50419	5.428181	1.120738	8.661605	0.011651	-0.025140	0.003195	0.127239	0.839428	0.528366	-0.990923	0.084280	0.104732	0.043384	-0.536896	0.842532
50420	5.361154	1.167381	8.810893	-0.001625	-0.034638	0.005856	0.127192	0.839249	0.528662	-0.990932	0.084245	0.104673	0.043309	-0.537182	0.842354
50421	5.469881	0.995304	8.637551	-0.003406	-0.046398	0.009840	0.127126	0.839014	0.529050	-0.990946	0.084213	0.104564	0.043178	-0.537553	0.842124
50422	5.378042	1.103163	8.770120	0.008312	-0.058240	0.007319	0.127075	0.838709	0.529546	-0.990953	0.084112	0.104580	0.043171	-0.538045	0.841810
50423	5.358510	1.056149	8.777157	0.005870	-0.074415	0.012803	0.127045	0.838299	0.530202	-0.990957	0.084004	0.104632	0.043174	-0.538700	0.841391
50424	5.323668	1.203821	8.817656	0.018395	-0.104407	0.017267	0.126916	0.837753	0.531096	-0.990972	0.083765	0.104681	0.043209	-0.539587	0.840821
50425	5.065892	1.196406	9.256883	-0.038329	-0.160294	0.015926	0.126738	0.836898	0.532484	-0.991024	0.083817	0.104143	0.042526	-0.540904	0.840009
50426	4.922518	1.247738	9.199178	0.057393	-0.261780	0.052413	0.126327	0.835524	0.534734	-0.991067	0.083073	0.104330	0.042748	-0.543137	0.838555
50427	4.956155	1.545356	9.439752	0.011320	-0.360014	0.080061	0.125686	0.833618	0.537851	-0.991163	0.082332	0.104010	0.042422	-0.546170	0.836599
50428	4.844378	1.021146	9.387556	-0.024616	-0.512946	0.090353	0.125002	0.830882	0.542227	-0.991287	0.081721	0.103302	0.041521	-0.550415	0.833858
50429	4.764381	1.327699	9.610745	0.026592	-0.669375	0.095821	0.124411	0.827283	0.547836	-0.991386	0.080868	0.103022	0.040926	-0.555934	0.830218
50430	4.782359	1.180880	9.659444	-0.077110	-0.851866	0.114417	0.123615	0.822612	0.555004	-0.991560	0.080361	0.101738	0.039090	-0.562896	0.825603
50431	5.037160	1.033431	9.471717	-0.042783	-1.021643	0.126992	0.122790	0.816943	0.563495	-0.991725	0.079567	0.100751	0.037472	-0.571204	0.819953
50432	5.445917	0.872550	9.272362	-0.056028	-1.144890	0.126065	0.121955	0.810452	0.572970	-0.991901	0.078870	0.099563	0.035500	-0.580471	0.813506
50433	5.638967	0.463534	9.065599	-0.013795	-1.189718	0.099999	0.121157	0.803630	0.582666	-0.992056	0.078007	0.098694	0.033862	-0.589995	0.806697
50434	5.840414	0.370086	8.839503	0.040542	-1.238898	0.053298	0.121038	0.796302	0.592666	-0.992108	0.077346	0.098692	0.032748	-0.599933	0.799379
50435	6.115200	0.581630	8.408942	0.053123	-1.230707	-0.001754	0.121335	0.788924	0.602393	-0.992102	0.076942	0.099063	0.031803	-0.609655	0.792029
50436	6.134017	0.771229	8.294569	0.007774	-1.210160	-0.042738	0.122132	0.781458	0.611889	-0.992048	0.077237	0.099369	0.030392	-0.619159	0.784677
50437	6.182665	1.007739	8.055630	-0.011039	-1.170871	-0.075285	0.123082	0.774142	0.620931	-0.991977	0.077793	0.099644	0.028835	-0.628214	0.777506
50438	6.364001	0.968678	7.965495	-0.119095	-1.121433	-0.116890	0.124547	0.766959	0.629493	-0.991866	0.079454	0.099439	0.026250	-0.636758	0.770617
50439	6.323284	0.972832	7.826214	-0.129113	-1.054499	-0.137388	0.126152	0.760103	0.637439	-0.991729	0.081321	0.099298	0.023639	-0.644694	0.764075
50440	6.130472	1.099172	8.000290	-0.246151	-0.962080	-0.162123	0.127966	0.753735	0.644599	-0.991578	0.084151	0.098449	0.019961	-0.651768	0.758155
50441	5.982880	0.842018	8.331482	-0.336324	-0.830625	-0.185366	0.129939	0.748147	0.650686	-0.991400	0.087741	0.097094	0.015549	-0.657706	0.753114
50442	5.518045	0.698207	8.417159	-0.323826	-0.699197	-0.210412	0.132115	0.743345	0.655731	-0.991169	0.091456	0.096022	0.011407	-0.662626	0.748863
50443	5.205311	0.999787	8.753287	-0.267712	-0.553797	-0.228620	0.134417	0.739465	0.659638	-0.990892	0.094920	0.095511	0.008014	-0.666469	0.745490
50444	4.610280	1.026069	9.047986	-0.300278	-0.397926	-0.230159	0.136719	0.736588	0.662379	-0.990600	0.098632	0.094783	0.004485	-0.669111	0.743149
50445	4.036094	0.896855	9.415016	-0.306909	-0.238623	-0.220747	0.138884	0.734790	0.663924	-0.990308	0.102288	0.093954	0.001125	-0.670538	0.741874
50446	3.403921	0.708073	9.829767	-0.289091	-0.075604	-0.189770	0.140759	0.734088	0.664305	-0.990042	0.105628	0.093055	-0.001859	-0.670788	0.741647
50447	2.793519	0.493639	10.229338	-0.224261	0.107574	-0.151561	0.142218	0.734683	0.663337	-0.989828	0.108198	0.092382	-0.003901	-0.669727	0.742597
50448	2.393063	0.451135	10.788388	-0.205154	0.287038	-0.078255	0.143002	0.736519	0.661128	-0.989707	0.110153	0.091360	-0.005537	-0.667388	0.744690
50449	1.825342	-0.026428	11.122699	-0.187627	0.503240	0.020011	0.142765	0.739943	0.657345	-0.989734	0.111175	0.089810	-0.006626	-0.663419	0.748219
50450	1.904161	-0.083409	11.564516	-0.112629	0.704206	0.162764	0.141197	0.744780	0.652201	-0.989958	0.110719	0.087884	-0.006757	-0.658061	0.752934
50451	2.199363	-0.044086	11.878886	-0.100174	0.857978	0.346010	0.137726	0.750851	0.645952	-0.990449	0.108670	0.084860	-0.006478	-0.651470	0.758647
50452	2.288483	-0.387405	12.189761	-0.092201	1.021488	0.545181	0.132384	0.758052	0.638617	-0.991180	0.105161	0.080642	-0.006027	-0.643660	0.765288
50453	2.296721	-1.115244	11.843545	-0.121085	1.282180	0.748954	0.124894	0.767101	0.629251	-0.992155	0.100065	0.074937	-0.005481	-0.633674	0.773581
50454	4.179214	-1.721689	12.387994	0.027679	1.454170	0.936788	0.115655	0.777141	0.618608	-0.993283	0.092665	0.069293	-0.003473	-0.622467	0.782638
50455	4.783866	-1.514411	12.478226	0.296625	1.735511	0.978593	0.105776	0.788790	0.605493	-0.994389	0.082982	0.065611	0.001508	-0.609036	0.793141
50456	4.066528	-0.563239	12.083528	0.495913	1.940903	0.940393	0.096319	0.801199	0.590595	-0.995315	0.072528	0.063933	0.008388	-0.593986	0.804432
50457	3.807977	0.561475	11.510890	0.567721	2.018094	0.894723	0.086964	0.813733	0.574697	-0.996083	0.061755	0.063287	0.016008	-0.577950	0.815915
50458	3.918520	1.105086	11.164232	0.449557	2.015011	0.844691	0.078158	0.825699	0.558670	-0.996695	0.052273	0.062178	0.022137	-0.561683	0.827056
50459	4.252814	1.116992	10.803451	0.335789	1.976363	0.780833	0.069662	0.837119	0.542567	-0.997203	0.043678	0.060644	0.027068	-0.545274	0.837821
50460	4.574335	0.997689	10.505649	0.246597	1.934139	0.691955	0.062196	0.847789	0.526673	-0.997589	0.036528	0.059008	0.030788	-0.529074	0.848017
50461	4.799449	0.976139	10.215570	0.187344	1.869942	0.584164	0.055522	0.857830	0.510926	-0.997882	0.030311	0.057549	0.033881	-0.513039	0.857696
50462	5.156840	1.142641	9.956515	0.112556	1.786955	0.467634	0.050226	0.866994	0.495781	-0.998091	0.025711	0.056150	0.035935	-0.497655	0.866630
50463	5.626815	1.286921	9.750663	-0.001933	1.723832	0.336572	0.045989	0.875618	0.480810	-0.998262	0.022523	0.054466	0.036862	-0.482479	0.875132
50464	5.861036	1.281379	9.257416	-0.119204	1.669552	0.217453	0.043200	0.883601	0.466244	-0.998403	0.021178	0.052373	0.036402	-0.467762	0.883104
50465	5.874888	1.153138	8.756749	-0.218054	1.602534	0.096824	0.041412	0.891088	0.451936	-0.998529	0.021060	0.049973	0.035013	-0.453341	0.890649
50466	5.653449	1.133744	8.263806	-0.282483	1.519680	-0.007468	0.040965	0.897875	0.438341	-0.998622	0.022389	0.047465	0.032804	-0.439681	0.897555
50467	5.550816	1.305821	7.865681	-0.346611	1.431843	-0.096347	0.041233	0.904133	0.425257	-0.998698	0.024503	0.044739	0.030030	-0.426549	0.903966
50468	5.650073	1.571036	7.593452	-0.432703	1.359041	-0.167616	0.042518	0.909804	0.412855	-0.998750	0.027842	0.041501	0.026264	-0.414104	0.909851
50469	5.876322	1.560983	7.207390	-0.541545	1.303401	-0.238366	0.044354	0.915122	0.400730	-0.998784	0.031983	0.037511	0.021511	-0.401907	0.915428
50470	4.215437	-0.539394	6.973229	-0.580572	0.934645	-0.320365	0.047370	0.918729	0.392037	-0.998747	0.037227	0.033439	0.016127	-0.393130	0.919341
50471	6.145064	0.712030	3.595586	0.235082	0.528696	-0.431384	0.051362	0.920694	0.386890	-0.998503	0.040044	0.037265	0.018817	-0.388225	0.921373
50472	8.996861	2.367246	4.208798	-0.015930	0.291997	-0.542491	0.056716	0.921596	0.383986	-0.998213	0.045101	0.039193	0.018802	-0.385522	0.922507
50473	9.651656	2.383450	3.086938	-0.120184	0.119911	-0.567436	0.062171	0.921843	0.382546	-0.997908	0.050600	0.040243	0.017741	-0.384247	0.923060
50474	9.869362	1.348913	1.098508	-0.033347	-0.181168	-0.620811	0.068388	0.920815	0.383956	-0.997509	0.056447	0.042300	0.017277	-0.385892	0.922382
50475	11.222356	1.127547	-0.525886	0.107400	-0.568892	-0.660703	0.074946	0.918257	0.388829	-0.997025	0.061969	0.045830	0.017989	-0.391107	0.920169
50476	13.196319	0.861406	-2.349542	0.314253	-1.029093	-0.663913	0.081753	0.913758	0.397949	-0.996446	0.066804	0.051312	0.020302	-0.400729	0.915971
50477	14.393495	1.451277	-3.325077	0.525764	-1.537750	-0.702528	0.089040	0.907021	0.411564	-0.995733	0.071002	0.058945	0.024242	-0.415056	0.909473
50478	8.320269	5.336327	11.368853	-0.062594	-1.582660	-0.488868	0.094266	0.899984	0.425609	-0.995301	0.075682	0.060408	0.022156	-0.429304	0.902888
50479	8.659619	-6.959998	13.659356	-1.010261	-1.235151	-0.175896	0.096226	0.894480	0.436631	-0.995300	0.081656	0.052067	0.010919	-0.439589	0.898133
50480	5.151788	-7.949814	10.197336	0.972770	-1.339583	-0.114491	0.097560	0.888417	0.448549	-0.995043	0.078338	0.061264	0.019290	-0.452303	0.891656
50481	7.063923	1.119429	10.244885	1.103004	-1.438045	-0.078287	0.098683	0.881755	0.461269	-0.994701	0.073976	0.071392	0.028828	-0.465870	0.884383
50482	8.165193	3.355232	9.768329	0.751163	-1.218450	-0.190801	0.100962	0.875874	0.471859	-0.994272	0.072111	0.078887	0.035069	-0.477121	0.878138
50483	5.490722	4.903446	9.463782	0.571627	-1.081773	-0.239896	0.103764	0.870481	0.481140	-0.993813	0.071475	0.085015	0.039614	-0.486985	0.872512
50484	5.298699	1.223295	9.077478	-0.021575	-1.146550	-0.227374	0.106461	0.864679	0.490914	-0.993584	0.073554	0.085917	0.038182	-0.496910	0.866961
50485	7.711856	0.394429	9.296739	0.476124	-1.119406	-0.198127	0.108894	0.858908	0.500419	-0.993179	0.072899	0.090999	0.041679	-0.506915	0.860988
50486	7.992706	2.646137	9.401325	0.381472	-0.919882	-0.114127	0.110415	0.854128	0.508206	-0.992891	0.071928	0.094834	0.044446	-0.515064	0.855998
50487	7.308303	3.152695	9.283960	0.077932	-0.707894	-0.025771	0.111017	0.850428	0.514244	-0.992826	0.071786	0.095618	0.044401	-0.521170	0.852297
50488	7.084586	1.608363	9.605208	-0.103495	-0.599498	0.014131	0.111129	0.847303	0.519354	-0.992888	0.072209	0.094649	0.042695	-0.526179	0.849302
50489	8.426206	1.174007	8.809722	0.196891	-0.255056	0.037135	0.110912	0.845967	0.521573	-0.992841	0.070908	0.096117	0.044328	-0.528500	0.847775
50490	5.678476	2.054723	9.086908	0.009558	-0.211600	0.049630	0.110505	0.844885	0.523410	-0.992893	0.070438	0.095924	0.044176	-0.530290	0.846665
50491	6.118285	0.705081	8.675382	-0.000586	-0.130594	0.066195	0.109954	0.844217	0.524602	-0.992963	0.069944	0.095564	0.043984	-0.531418	0.845967
50492	5.629498	1.121404	8.717397	0.045322	-0.102680	0.062046	0.109376	0.843718	0.525526	-0.993012	0.069180	0.095606	0.044309	-0.532310	0.845389
50493	5.492414	0.707347	8.612713	-0.000672	-0.084064	0.053948	0.108928	0.843285	0.526313	-0.993068	0.068792	0.095308	0.044165	-0.533046	0.844933
50494	5.375679	0.681132	8.641198	0.025546	-0.094016	0.047389	0.108491	0.842820	0.527148	-0.993110	0.068257	0.095258	0.044304	-0.533850	0.844418
50495	5.417362	0.746879	8.610576	0.041407	-0.099800	0.035325	0.108235	0.842288	0.528049	-0.993126	0.067802	0.095412	0.044562	-0.534746	0.843837
50496	5.523789	0.807871	8.603142	0.035828	-0.095143	0.035264	0.107920	0.841806	0.528881	-0.993150	0.067315	0.095513	0.044802	-0.535566	0.843304
50497	5.383451	0.710128	8.526277	0.032966	-0.084223	0.019254	0.107817	0.841346	0.529635	-0.993152	0.067040	0.095679	0.044992	-0.536324	0.842812
50498	5.462294	0.766784	8.540491	0.052908	-0.091338	0.011616	0.107736	0.840867	0.530411	-0.993142	0.066660	0.096048	0.045406	-0.537121	0.842282
50499	5.508311	0.910066	8.563697	0.070335	-0.089131	0.005106	0.107776	0.840369	0.531192	-0.993112	0.066303	0.096602	0.045962	-0.537944	0.841727
50500	5.462621	0.945165	8.611475	0.063419	-0.088088	0.003112	0.107778	0.839900	0.531932	-0.993088	0.065937	0.097104	0.046484	-0.538721	0.841201
50501	5.353273	0.903838	8.614916	0.065702	-0.101834	-0.001630	0.107892	0.839328	0.532811	-0.993052	0.065661	0.097654	0.046979	-0.539645	0.840581
50502	5.525715	0.841806	8.597715	0.089580	-0.106235	-0.002674	0.107962	0.838756	0.533697	-0.993008	0.065201	0.098406	0.047741	-0.540590	0.839931
50503	5.695664	1.097206	8.605914	0.157071	-0.071634	-0.000984	0.108057	0.838345	0.534323	-0.992928	0.064425	0.099719	0.049175	-0.541319	0.839378
50504	5.591167	0.807333	8.581499	0.096851	-0.054892	-0.009978	0.108176	0.838045	0.534769	-0.992870	0.063986	0.100570	0.050064	-0.541836	0.838992
50505	5.667922	0.928878	8.500481	0.228723	-0.042019	-0.012233	0.108366	0.837788	0.535134	-0.992737	0.062911	0.102542	0.052242	-0.542359	0.838521
50506	5.675198	1.293972	8.563390	0.193518	-0.024244	-0.009130	0.108463	0.837654	0.535324	-0.992626	0.061939	0.104197	0.054124	-0.542678	0.838195
50507	5.658387	1.074968	8.506300	0.134983	-0.008700	-0.009812	0.108621	0.837577	0.535412	-0.992538	0.061360	0.105371	0.055404	-0.542862	0.837992
50508	5.709719	1.129271	8.577063	0.175764	-0.001351	-0.008484	0.108699	0.837568	0.535410	-0.992431	0.060478	0.106874	0.057134	-0.542975	0.837803
50509	5.682571	1.328723	8.588986	0.149542	0.005723	-0.005991	0.108808	0.837572	0.535382	-0.992336	0.059784	0.108148	0.058574	-0.543046	0.837657
50510	5.641915	1.338834	8.649018	0.098663	0.007672	0.004035	0.108757	0.837619	0.535319	-0.992283	0.059217	0.108938	0.059549	-0.543035	0.837596
50511	5.596256	1.337747	8.618668	0.065357	0.005515	0.014443	0.108657	0.837635	0.535314	-0.992257	0.058802	0.109396	0.060156	-0.543056	0.837539
50512	5.596519	1.191785	8.636372	0.033065	-0.003340	0.014921	0.108504	0.837629	0.535355	-0.992255	0.058499	0.109577	0.060467	-0.543098	0.837489
50513	5.577785	1.124295	8.622712	0.031108	-0.003253	0.013687	0.108426	0.837596	0.535422	-0.992248	0.058287	0.109754	0.060721	-0.543172	0.837423
50514	5.500405	1.136060	8.638478	0.025936	-0.021484	0.010549	0.108328	0.837489	0.535610	-0.992246	0.058060	0.109899	0.060942	-0.543362	0.837284
50515	5.568815	1.076076	8.592026	0.015837	-0.030629	0.005762	0.108344	0.837302	0.535899	-0.992239	0.057995	0.109991	0.061016	-0.543656	0.837087
50516	5.578329	1.095724	8.575065	0.023639	-0.034329	-0.000011	0.108358	0.837118	0.536182	-0.992226	0.057869	0.110173	0.061200	-0.543952	0.836881
50517	5.575035	1.105576	8.539934	0.020183	-0.031225	-0.003510	0.108461	0.836924	0.536465	-0.992208	0.057852	0.110349	0.061318	-0.544253	0.836677
50518	5.564647	1.097165	8.520027	0.018276	-0.025598	-0.003128	0.108501	0.836786	0.536672	-0.992195	0.057781	0.110503	0.061458	-0.544473	0.836524
50519	5.592770	1.145561	8.506671	0.022008	-0.022085	-0.005133	0.108621	0.836638	0.536878	-0.992173	0.057774	0.110705	0.061603	-0.544700	0.836365
50520	5.581866	1.095893	8.477445	0.011158	-0.017890	-0.005502	0.108680	0.836541	0.537018	-0.992161	0.057762	0.110813	0.061680	-0.544851	0.836261
50521	5.543686	1.123185	8.489777	0.019909	-0.012768	-0.009230	0.108837	0.836442	0.537139	-0.992136	0.057804	0.111018	0.061811	-0.544998	0.836156
50522	5.524817	1.029863	8.524021	0.016659	-0.010776	-0.010750	0.108944	0.836380	0.537214	-0.992116	0.057805	0.111200	0.061951	-0.545093	0.836084
50523	5.565451	1.033531	8.461779	0.045206	-0.008415	-0.013362	0.109132	0.836304	0.537295	-0.992070	0.057736	0.111637	0.062342	-0.545218	0.835973
50524	5.565565	1.120567	8.480331	0.047369	-0.010007	-0.016748	0.109298	0.836243	0.537357	-0.992024	0.057620	0.112108	0.062787	-0.545324	0.835871
50525	5.532863	1.143491	8.525679	0.050432	-0.008316	-0.019702	0.109563	0.836162	0.537428	-0.991967	0.057591	0.112624	0.063221	-0.545450	0.835755
50526	5.546576	1.117572	8.532926	0.041916	-0.011975	-0.016483	0.109727	0.836091	0.537506	-0.991924	0.057503	0.113048	0.063610	-0.545570	0.835648
50527	5.586576	1.096649	8.518615	0.044798	-0.006205	-0.017314	0.109955	0.836024	0.537563	-0.991874	0.057471	0.113502	0.063996	-0.545675	0.835550
50528	5.554530	1.145160	8.515800	0.042092	-0.016458	-0.025203	0.110210	0.835922	0.537669	-0.991821	0.057455	0.113974	0.064382	-0.545832	0.835418
50529	5.522699	1.126343	8.551153	0.032070	-0.017103	-0.024251	0.110526	0.835791	0.537808	-0.991770	0.057564	0.114362	0.064624	-0.546022	0.835275
50530	5.530779	1.190190	8.544041	0.043513	-0.030568	-0.026132	0.110799	0.835612	0.538030	-0.991714	0.057548	0.114850	0.065008	-0.546297	0.835065
50531	5.500941	1.130527	8.568650	0.035364	-0.042391	-0.027146	0.111142	0.835343	0.538377	-0.991659	0.057644	0.115278	0.065262	-0.546699	0.834782
50532	5.414939	0.969480	8.525917	0.023462	-0.060705	-0.030240	0.111476	0.834996	0.538846	-0.991612	0.057771	0.115621	0.065414	-0.547215	0.834432
50533	5.479176	1.020392	8.520707	0.096978	-0.081085	-0.033199	0.111900	0.834512	0.539507	-0.991510	0.057575	0.116593	0.066237	-0.547973	0.833869
50534	5.348613	0.945071	8.629287	0.092307	-0.094271	-0.046379	0.112416	0.833972	0.540235	-0.991398	0.057459	0.117598	0.067032	-0.548808	0.833257
50535	5.273490	0.892005	8.587443	0.119359	-0.125893	-0.056343	0.113123	0.833225	0.541238	-0.991250	0.057355	0.118883	0.068014	-0.549951	0.832423
50536	5.343856	0.928620	8.625216	0.218530	-0.169775	-0.076562	0.113993	0.832250	0.542555	-0.991014	0.056792	0.121100	0.069973	-0.551485	0.831245
50537	5.176320	1.101925	8.591242	0.286292	-0.221664	-0.066240	0.114854	0.830965	0.544339	-0.990733	0.055824	0.123825	0.072507	-0.553516	0.829676
50538	5.462134	1.445584	8.664504	0.321441	-0.285427	-0.054089	0.115595	0.829355	0.546634	-0.990434	0.054493	0.126768	0.075348	-0.556058	0.827721
50539	5.585202	1.484772	8.734197	0.287750	-0.316349	-0.059147	0.116452	0.827542	0.549193	-0.990145	0.053424	0.129453	0.077788	-0.558856	0.825608
50540	5.232151	1.212547	8.868935	0.207943	-0.357749	-0.062782	0.117349	0.825507	0.552058	-0.989910	0.052781	0.131497	0.079414	-0.561919	0.823372
50541	5.215331	1.405222	9.087875	0.386369	-0.448473	-0.048378	0.118229	0.822934	0.555699	-0.989540	0.051055	0.134925	0.082663	-0.565838	0.820362
50542	5.294933	1.663056	9.438124	0.357249	-0.537879	-0.021086	0.118885	0.819871	0.560070	-0.989216	0.049202	0.137952	0.085546	-0.570431	0.816879
50543	5.250160	1.247009	9.171297	0.166063	-0.591798	-0.018421	0.119572	0.816462	0.564882	-0.989054	0.048412	0.139386	0.086457	-0.575366	0.813314
50544	5.450114	1.370126	9.340280	0.262581	-0.698615	-0.028757	0.120461	0.812412	0.570506	-0.988792	0.047132	0.141664	0.088201	-0.581176	0.808984
50545	5.338708	1.967383	9.525346	0.280520	-0.808541	-0.007262	0.121268	0.807670	0.577030	-0.988535	0.045580	0.143951	0.089964	-0.587871	0.803937
50546	5.553239	2.234258	9.383775	0.111479	-0.953136	0.018138	0.121940	0.802041	0.584689	-0.988458	0.044779	0.144724	0.089893	-0.595588	0.798244
50547	5.465078	2.320141	9.423801	0.045571	-1.101480	0.060977	0.122348	0.795447	0.593544	-0.988492	0.044059	0.144713	0.088961	-0.604419	0.791684
50548	5.099221	2.134703	9.775127	-0.006653	-1.320655	0.098399	0.122533	0.787442	0.604087	-0.988621	0.043325	0.144057	0.087264	-0.614864	0.783790
50549	4.864492	1.754420	9.914606	-0.073435	-1.601044	0.116604	0.122774	0.777539	0.616733	-0.988827	0.042900	0.142762	0.084545	-0.627369	0.774119
50550	4.697557	1.451480	9.854281	-0.105390	-1.923206	0.108803	0.123285	0.765381	0.631659	-0.989050	0.042735	0.141258	0.081123	-0.642157	0.762269
50551	5.070520	1.129513	9.620350	-0.148701	-2.195351	0.038976	0.124638	0.751117	0.648296	-0.989217	0.043420	0.139875	0.076913	-0.658739	0.748430
50552	5.021127	0.984485	9.977308	-0.082608	-2.509378	-0.050011	0.127007	0.734334	0.666800	-0.989217	0.044350	0.139578	0.072924	-0.677338	0.732049
50553	4.488111	0.772720	10.267243	-0.061139	-2.888820	-0.158232	0.130605	0.714401	0.687440	-0.989059	0.045912	0.140196	0.068594	-0.698228	0.712581
50554	5.891317	-0.002125	10.398592	-0.054021	-3.316347	-0.293402	0.135694	0.690723	0.710274	-0.988705	0.048364	0.141854	0.063630	-0.721501	0.689484
50555	6.592156	-0.387445	10.192018	0.209151	-3.647963	-0.431370	0.142193	0.663758	0.734307	-0.987980	0.049721	0.146370	0.060644	-0.746293	0.662849
50556	9.059332	0.098667	10.433583	0.245025	-3.866957	-0.541183	0.149815	0.634138	0.758567	-0.987046	0.051382	0.151985	0.057403	-0.771511	0.633621
50557	11.003653	-1.177913	10.996557	-0.021769	-3.789138	-0.661915	0.158498	0.604104	0.780984	-0.986031	0.055827	0.156929	0.051201	-0.794947	0.604514
50558	9.941052	-1.325553	10.536651	0.441097	-3.757045	-0.812241	0.168386	0.573360	0.801814	-0.984483	0.057062	0.165944	0.049393	-0.817314	0.574071
50559	9.844571	0.614801	10.320898	0.423241	-3.793020	-0.878996	0.179015	0.541427	0.821469	-0.982738	0.058779	0.175418	0.046691	-0.838691	0.542603
50560	9.294173	0.396434	9.740554	0.057479	-3.754413	-0.926814	0.189745	0.509003	0.839591	-0.981005	0.063169	0.183407	0.040318	-0.858444	0.511321
50561	8.410628	0.062178	9.131196	0.070785	-3.762204	-1.000667	0.200878	0.475764	0.856327	-0.979035	0.067401	0.192216	0.033732	-0.876987	0.479329
50562	7.425998	0.348230	8.771883	0.167068	-3.754205	-1.082595	0.212611	0.441766	0.871573	-0.976747	0.070899	0.202332	0.027590	-0.894324	0.446568
50563	6.308843	0.420351	8.279645	0.249245	-3.762271	-1.177434	0.224950	0.407048	0.885273	-0.974124	0.073538	0.213715	0.021891	-0.910441	0.413058
50564	5.310030	0.186429	7.590804	0.285597	-3.662074	-1.117250	0.236512	0.372611	0.897342	-0.971493	0.075284	0.224796	0.016206	-0.924929	0.379795
50565	7.609913	-2.972711	8.703431	0.104721	-3.217929	-0.632675	0.242985	0.342295	0.907630	-0.969982	0.076432	0.230852	0.009648	-0.936479	0.350592
50566	16.340080	-8.003963	13.078940	0.854578	-1.907089	0.801451	0.235417	0.324943	0.915964	-0.971803	0.065737	0.226448	0.013370	-0.943446	0.331256
50567	10.027462	-4.476428	14.267912	1.392250	-0.535030	1.720890	0.218653	0.321004	0.921492	-0.975459	0.046840	0.215142	0.025899	-0.945919	0.323368
50568	1.601775	-4.116634	10.835737	1.627129	0.134661	2.156936	0.197517	0.323053	0.925540	-0.979396	0.024511	0.200455	0.042071	-0.946063	0.321238
50569	-1.027496	-0.437507	9.921838	1.856793	0.208530	2.190265	0.175770	0.325476	0.929070	-0.982543	-0.000418	0.186033	0.060937	-0.945550	0.319721
50570	0.427097	2.214767	10.484493	1.533244	0.236794	2.003218	0.155894	0.327500	0.931902	-0.984815	-0.021438	0.172280	0.076400	-0.944608	0.319185
50571	2.008052	3.776321	11.363607	1.051942	0.513990	1.654040	0.138989	0.332083	0.932954	-0.986389	-0.037159	0.160176	0.087860	-0.942518	0.322398
50572	2.673147	3.840939	11.601155	0.512073	1.003131	1.182685	0.126395	0.341034	0.931515	-0.987494	-0.045946	0.150812	0.094232	-0.938928	0.330961
50573	2.504796	3.250793	11.222729	0.119658	1.489940	0.705818	0.117780	0.354895	0.927457	-0.988228	-0.049942	0.144608	0.097640	-0.933571	0.344835
50574	1.986937	2.482866	10.474888	-0.084457	1.861846	0.311514	0.112863	0.372064	0.921320	-0.988672	-0.050279	0.141418	0.098939	-0.926844	0.362175
50575	2.042518	2.010256	10.066223	-0.196025	2.124061	0.028481	0.110214	0.391931	0.913369	-0.988881	-0.049070	0.140382	0.099839	-0.918685	0.382165
50576	2.783012	1.709400	9.968511	-0.292488	2.379769	-0.129011	0.109109	0.413749	0.903829	-0.989033	-0.045868	0.140392	0.099544	-0.909235	0.404207
50577	3.591887	1.130580	9.825452	-0.368681	2.667458	-0.171756	0.107848	0.438235	0.892367	-0.989195	-0.042359	0.140352	0.099307	-0.897862	0.428931
50578	4.093705	0.621418	9.562142	-0.387360	2.962166	-0.115624	0.106051	0.464689	0.879100	-0.989457	-0.038377	0.139649	0.098631	-0.884642	0.455720
50579	4.388528	0.129123	9.170615	-0.349051	3.224101	0.021938	0.102278	0.493278	0.863838	-0.989809	-0.036028	0.137767	0.099080	-0.869125	0.484567
50580	4.602177	-0.086880	9.001875	-0.240934	3.427572	0.215641	0.096719	0.522703	0.847011	-0.990266	-0.035045	0.134704	0.100093	-0.851794	0.514226
50581	5.173118	0.076850	9.126142	-0.151570	3.607753	0.437636	0.088296	0.553251	0.828322	-0.990808	-0.036776	0.130180	0.102484	-0.832202	0.544919
50582	5.792943	0.362097	9.339110	-0.083428	3.799571	0.625299	0.078148	0.584232	0.807815	-0.991417	-0.039643	0.124581	0.104808	-0.810618	0.576120
50583	6.372711	0.654417	9.576618	-0.078130	4.013511	0.757447	0.067589	0.616128	0.784741	-0.992142	-0.041501	0.118036	0.105293	-0.786552	0.608481
50584	10.560064	1.474020	8.789293	-0.032178	4.176546	0.908849	0.054112	0.648035	0.759685	-0.992731	-0.046995	0.110800	0.107504	-0.760159	0.640782
50585	5.635429	-0.334556	8.603915	-0.117941	4.507701	1.177916	0.038633	0.681233	0.731046	-0.993493	-0.052253	0.101195	0.107137	-0.730199	0.674782
50586	6.167119	1.122816	8.812070	0.473498	4.420682	1.189380	0.021932	0.712146	0.701689	-0.993334	-0.063926	0.095927	0.113170	-0.699115	0.705996
50587	8.843928	3.256452	10.014357	0.396621	4.363610	0.967974	0.007796	0.741517	0.670889	-0.993079	-0.072885	0.092098	0.117189	-0.666964	0.735816
50588	8.072882	3.941298	10.947609	-0.225342	4.539128	0.781613	-0.005252	0.770439	0.637492	-0.993352	-0.077332	0.085275	0.114998	-0.632806	0.765723
50589	8.195118	3.206716	10.634786	-0.435503	4.609080	0.550048	-0.016587	0.798544	0.601708	-0.993726	-0.079735	0.078425	0.110603	-0.596632	0.794856
50590	8.678896	2.934049	10.515247	-0.563470	4.600240	0.299217	-0.024514	0.824913	0.564728	-0.994270	-0.078910	0.072107	0.104045	-0.559725	0.822121
50591	9.010181	3.618569	10.748994	-0.695506	4.555880	0.064196	-0.030417	0.849663	0.526449	-0.994892	-0.076454	0.065911	0.096251	-0.521755	0.847648
50592	9.650689	4.391947	11.101269	-0.821719	4.509736	-0.222973	-0.032337	0.872502	0.487540	-0.995714	-0.070409	0.059963	0.086645	-0.483511	0.871039
50593	10.710518	4.715054	11.381780	-1.094519	4.475280	-0.565892	-0.031020	0.893767	0.447458	-0.996729	-0.061087	0.052919	0.074631	-0.444352	0.892738
50594	11.834423	4.437609	11.142214	-1.317174	4.406588	-0.883108	-0.025199	0.912973	0.407242	-0.997866	-0.047521	0.044789	0.060244	-0.405244	0.912221
50595	2.679563	1.712620	12.844685	-1.373951	3.831884	-0.887662	-0.019065	0.928300	0.371343	-0.998763	-0.034740	0.035569	0.045919	-0.370205	0.927814
50596	19.554142	-3.980431	-7.844262	1.109733	1.148518	-1.216734	-0.007521	0.932871	0.360133	-0.998355	-0.027476	0.050322	0.056839	-0.359162	0.931543
50597	18.570565	8.652713	6.617573	0.292459	1.089162	-1.162187	0.002819	0.937086	0.349087	-0.998199	-0.018281	0.057134	0.059921	-0.348619	0.935347
50598	27.957656	6.918883	1.023663	-0.417636	1.175243	-0.568821	0.007800	0.941207	0.337740	-0.998411	-0.011518	0.055158	0.055805	-0.337634	0.939622
50599	21.300303	-2.037402	-4.864137	-1.191110	1.013578	-0.344064	0.010272	0.944679	0.327835	-0.998973	-0.004775	0.045060	0.044133	-0.327961	0.943660
50600	17.660978	-1.130655	-6.928027	0.230843	0.259472	-0.354073	0.013674	0.945543	0.325211	-0.998826	-0.002196	0.048383	0.046462	-0.325491	0.944403
50601	17.647486	0.616802	-6.951186	0.040204	-0.475786	-0.174041	0.015342	0.944033	0.329495	-0.998783	-0.000977	0.049304	0.046867	-0.329851	0.942869
50602	16.803564	-1.015669	-6.919972	0.306476	-1.155651	0.093618	0.014948	0.940160	0.340406	-0.998650	-0.002900	0.051861	0.049745	-0.340722	0.938847
50603	15.695976	-1.547614	-6.709019	0.891572	-1.819958	0.214663	0.013649	0.933816	0.357493	-0.998199	-0.008160	0.059427	0.058412	-0.357661	0.932023
50604	16.376950	-1.961441	-8.294057	1.405333	-2.554367	0.184702	0.013455	0.924361	0.381282	-0.997308	-0.015082	0.071758	0.072080	-0.381221	0.921670
50605	2.773794	12.042676	8.669140	2.321967	-3.119563	0.057611	0.015485	0.912015	0.409865	-0.995382	-0.024778	0.092741	0.094737	-0.409408	0.907419
50606	7.644407	6.892770	15.355648	-0.907602	-3.051730	-0.049164	0.018702	0.899111	0.437322	-0.996191	-0.020502	0.084753	0.085169	-0.437241	0.895303
50607	12.973804	-5.040298	12.206117	0.291199	-3.474852	-0.458774	0.026274	0.883466	0.467758	-0.995838	-0.017719	0.089402	0.087272	-0.468160	0.879323
50608	19.718103	0.863101	14.439861	1.447792	-2.938015	-0.380356	0.032804	0.869415	0.492992	-0.994365	-0.021360	0.103834	0.100805	-0.493620	0.863816
50609	21.393011	6.777503	11.809006	0.755359	-1.592008	-0.066868	0.035191	0.861446	0.506628	-0.993559	-0.024482	0.110642	0.107715	-0.507258	0.855036
50610	7.362740	8.523002	9.511009	0.091324	-0.662166	0.002999	0.035858	0.858073	0.512274	-0.993463	-0.024984	0.111390	0.108379	-0.512919	0.851568
50611	8.811407	0.740500	10.070710	-0.910713	-0.555187	0.044571	0.036111	0.855169	0.517090	-0.994427	-0.020535	0.103406	0.099048	-0.517942	0.849662
50612	5.536241	-0.550049	7.911194	0.438657	-0.320419	0.062798	0.035793	0.853497	0.519867	-0.994007	-0.023359	0.106788	0.103287	-0.520574	0.847546
50613	6.582997	2.744581	9.222048	0.067771	-0.235365	0.053958	0.035629	0.852221	0.521967	-0.993961	-0.024024	0.107071	0.103788	-0.522630	0.846219
50614	5.951040	0.824691	8.538107	-0.059095	-0.125162	0.060309	0.035141	0.851557	0.523083	-0.994045	-0.024239	0.106240	0.103149	-0.523701	0.845634
50615	5.364003	1.514913	8.778424	0.118507	-0.115101	0.070536	0.034692	0.850899	0.524182	-0.993952	-0.025307	0.106864	0.104196	-0.524719	0.844875
50616	5.636452	1.092907	8.717754	-0.016525	-0.104051	0.084205	0.033946	0.850337	0.525143	-0.993999	-0.025946	0.106267	0.103988	-0.525599	0.844353
50617	5.484433	0.874979	8.620010	0.093920	-0.107514	0.072268	0.033473	0.849715	0.526178	-0.993930	-0.026901	0.106671	0.104795	-0.526555	0.843657
50618	5.593276	0.890155	8.600737	0.095343	-0.100790	0.062920	0.032936	0.849172	0.527088	-0.993852	-0.027947	0.107128	0.105701	-0.527376	0.843031
50619	5.645408	0.933487	8.541643	0.141833	-0.092197	0.047104	0.032700	0.848636	0.527966	-0.993722	-0.028942	0.108066	0.106989	-0.528185	0.842362
50620	5.623183	1.097338	8.570794	0.161294	-0.075628	0.036929	0.032397	0.848230	0.528636	-0.993562	-0.030117	0.109214	0.108559	-0.528771	0.841794
