// General information: 
//  MT Manager version: 2022.2.0 
//  XDA version: 2022.2.0 build 7381 rev 124627 built on 2023-07-19
// Device information: 
//  DeviceId: 00B4CBA7
//  ProductCode: MTW2-3A7G6
//  Firmware Version: 4.6.0
//  Hardware Version: 2.0.0
// Device settings: 
//  Filter Profile: human(46.1)
//  Option Flags: Orientation Smoother Disabled, Position/Velocity Smoother Disabled, Continuous Zero Rotation Update Disabled, AHS Disabled, ICC Disabled
// Coordinate system: ENU
PacketCounter	Acc_X	Acc_Y	Acc_Z	Gyr_X	Gyr_Y	Gyr_Z	Mat[1][1]	Mat[2][1]	Mat[3][1]	Mat[1][2]	Mat[2][2]	Mat[3][2]	Mat[1][3]	Mat[2][3]	Mat[3][3]
20754	9.450042	1.382296	-2.189280	0.000558	-0.024855	-0.001500	0.239653	0.112531	0.964315	-0.119499	-0.982288	0.144326	0.963476	-0.149823	-0.221961
20755	9.482926	1.447241	-2.188758	0.034277	-0.017314	-0.002463	0.239819	0.112556	0.964271	-0.119176	-0.982331	0.144304	0.963475	-0.149525	-0.222168
20756	9.502526	1.547794	-2.009507	0.022159	-0.018466	0.000975	0.239992	0.112460	0.964239	-0.118920	-0.982381	0.144174	0.963464	-0.149268	-0.222389
20757	9.494371	1.353879	-2.106802	0.026918	-0.020129	0.000204	0.240182	0.112455	0.964192	-0.118674	-0.982415	0.144142	0.963447	-0.149045	-0.222613
20758	9.436699	1.444791	-2.071836	0.050366	-0.016832	0.003040	0.240385	0.112377	0.964151	-0.118128	-0.982506	0.143969	0.963463	-0.148501	-0.222905
20759	9.405850	1.461688	-2.133744	0.049422	-0.023023	-0.001545	0.240605	0.112384	0.964095	-0.117661	-0.982572	0.143902	0.963465	-0.148060	-0.223189
20760	9.427247	1.433205	-2.196275	0.074765	-0.019373	0.002330	0.240778	0.112396	0.964050	-0.116995	-0.982669	0.143787	0.963503	-0.147410	-0.223455
20761	9.400724	1.453903	-2.198926	0.071549	-0.017764	0.002718	0.240943	0.112369	0.964012	-0.116325	-0.982771	0.143630	0.963543	-0.146745	-0.223720
20762	9.380797	1.456580	-2.290645	0.059595	-0.017134	0.000737	0.241171	0.112376	0.963954	-0.115774	-0.982849	0.143544	0.963552	-0.146220	-0.224024
20763	9.358933	1.456717	-2.281485	0.037403	-0.017281	0.003252	0.241330	0.112345	0.963918	-0.115435	-0.982901	0.143458	0.963553	-0.145890	-0.224235
20764	9.347979	1.443421	-2.301964	0.027997	-0.018924	0.004506	0.241532	0.112405	0.963861	-0.115252	-0.982915	0.143508	0.963525	-0.145749	-0.224450
20765	9.358210	1.454594	-2.285802	0.013986	-0.020421	0.006913	0.241717	0.112334	0.963823	-0.115147	-0.982938	0.143440	0.963491	-0.145653	-0.224658
20766	9.368384	1.466059	-2.269731	0.002136	-0.024757	0.004649	0.241942	0.112386	0.963760	-0.115194	-0.982918	0.143538	0.963428	-0.145747	-0.224863
20767	9.424890	1.399156	-2.260911	-0.001404	-0.023390	0.010086	0.242153	0.112280	0.963720	-0.115245	-0.982921	0.143474	0.963369	-0.145807	-0.225077
20768	9.447567	1.425581	-2.326880	0.000334	-0.018215	0.004942	0.242267	0.112270	0.963692	-0.115246	-0.982920	0.143482	0.963341	-0.145822	-0.225191
20769	9.421112	1.447516	-2.328383	-0.003560	-0.017255	0.008952	0.242420	0.112184	0.963664	-0.115315	-0.982919	0.143435	0.963294	-0.145896	-0.225342
20770	9.399361	1.448298	-2.318378	-0.005605	-0.016093	0.007529	0.242620	0.112177	0.963614	-0.115413	-0.982900	0.143481	0.963232	-0.146025	-0.225524
20771	9.383876	1.456559	-2.349244	-0.000757	-0.010857	0.008091	0.242712	0.112109	0.963599	-0.115453	-0.982902	0.143435	0.963204	-0.146064	-0.225619
20772	9.409684	1.459028	-2.302241	0.000977	-0.008977	0.008754	0.242807	0.112029	0.963584	-0.115435	-0.982915	0.143364	0.963182	-0.146041	-0.225727
20773	9.409624	1.458361	-2.302906	-0.009252	-0.006455	0.007450	0.242858	0.111974	0.963578	-0.115555	-0.982904	0.143344	0.963155	-0.146159	-0.225767
20774	9.402108	1.396041	-2.257642	-0.012633	-0.003314	0.007461	0.242897	0.111965	0.963569	-0.115724	-0.982878	0.143381	0.963125	-0.146335	-0.225781
20775	9.434018	1.432092	-2.203063	-0.018303	-0.007686	0.010139	0.242956	0.111882	0.963564	-0.115938	-0.982857	0.143355	0.963084	-0.146543	-0.225820
20776	9.449431	1.396898	-2.222154	-0.021772	-0.011448	0.008812	0.242837	0.111799	0.963603	-0.116217	-0.982830	0.143317	0.963080	-0.146789	-0.225675
20777	9.440073	1.438630	-2.245374	-0.016567	-0.005807	0.010803	0.242877	0.111712	0.963603	-0.116416	-0.982811	0.143281	0.963046	-0.146978	-0.225697
20778	9.366586	1.458961	-2.281694	-0.035845	-0.004515	0.012192	0.242823	0.111569	0.963633	-0.116768	-0.982780	0.143210	0.963017	-0.147297	-0.225614
20779	9.429725	1.399944	-2.311794	-0.042335	-0.004730	0.012305	0.242850	0.111468	0.963638	-0.117219	-0.982725	0.143217	0.962956	-0.147737	-0.225589
20780	9.414328	1.434508	-2.293079	-0.039420	-0.003306	0.011155	0.242875	0.111393	0.963641	-0.117623	-0.982674	0.143238	0.962900	-0.148135	-0.225565
20781	9.386774	1.428257	-2.240110	-0.044020	-0.003163	0.012311	0.242887	0.111294	0.963649	-0.118089	-0.982616	0.143249	0.962840	-0.148590	-0.225522
20782	9.364047	1.375172	-2.223908	-0.035124	-0.000411	0.009243	0.242903	0.111241	0.963651	-0.118449	-0.982568	0.143282	0.962792	-0.148947	-0.225492
20783	9.379467	1.366084	-2.193807	-0.032210	0.001014	0.008094	0.242879	0.111191	0.963663	-0.118792	-0.982523	0.143307	0.962755	-0.149282	-0.225426
20784	9.408894	1.267994	-2.178250	-0.023408	-0.003132	0.003679	0.243011	0.111184	0.963631	-0.118988	-0.982491	0.143367	0.962698	-0.149500	-0.225526
20785	9.378174	1.311645	-2.189219	-0.011402	-0.000328	0.006318	0.243003	0.111149	0.963637	-0.119126	-0.982475	0.143362	0.962683	-0.149632	-0.225503
20786	9.422568	1.362922	-2.216359	-0.008846	0.000694	0.003741	0.243052	0.111108	0.963629	-0.119173	-0.982472	0.143339	0.962665	-0.149677	-0.225551
20787	9.445482	1.415803	-2.231917	-0.012269	0.000385	0.003084	0.243041	0.111106	0.963632	-0.119311	-0.982451	0.143367	0.962650	-0.149816	-0.225520
20788	9.408609	1.451926	-2.201612	-0.009202	0.000289	0.002313	0.243075	0.111076	0.963627	-0.119363	-0.982447	0.143355	0.962635	-0.149868	-0.225550
20789	9.403988	1.473093	-2.212816	-0.016916	-0.002921	0.003565	0.243095	0.111064	0.963623	-0.119547	-0.982419	0.143389	0.962607	-0.150056	-0.225544
20790	9.471464	1.418976	-2.183772	-0.011292	-0.001995	0.000217	0.243129	0.111091	0.963612	-0.119624	-0.982403	0.143440	0.962589	-0.150145	-0.225561
20791	9.471226	1.444864	-2.135776	-0.009805	-0.005494	-0.000844	0.243180	0.111118	0.963596	-0.119729	-0.982381	0.143500	0.962564	-0.150267	-0.225591
20792	9.438976	1.434581	-2.142857	-0.014917	-0.004231	-0.001492	0.243140	0.111178	0.963599	-0.119920	-0.982343	0.143599	0.962550	-0.150470	-0.225515
20793	9.432793	1.401861	-2.150281	-0.025898	-0.009274	-0.000522	0.243226	0.111196	0.963575	-0.120181	-0.982298	0.143693	0.962495	-0.150753	-0.225557
20794	9.394418	1.358581	-2.164728	-0.039743	-0.012296	0.002271	0.243432	0.111159	0.963527	-0.120589	-0.982235	0.143783	0.962393	-0.151192	-0.225702
20795	9.430877	1.348923	-2.147500	-0.051434	-0.018150	0.000383	0.243603	0.111154	0.963485	-0.121097	-0.982151	0.143926	0.962285	-0.151736	-0.225794
20796	9.462657	1.360703	-2.141537	-0.047296	-0.013725	-0.001901	0.243720	0.111208	0.963449	-0.121536	-0.982071	0.144102	0.962200	-0.152214	-0.225834
20797	9.447177	1.345380	-2.219938	-0.014651	-0.007417	-0.007219	0.243797	0.111295	0.963419	-0.121671	-0.982035	0.144234	0.962164	-0.152385	-0.225876
20798	9.480360	1.436883	-2.169305	-0.012715	-0.003611	-0.005497	0.243852	0.111380	0.963395	-0.121834	-0.981995	0.144369	0.962129	-0.152579	-0.225892
20799	9.479079	1.332098	-2.261920	0.003173	-0.001753	-0.006874	0.243874	0.111472	0.963379	-0.121799	-0.981986	0.144458	0.962128	-0.152569	-0.225904
20800	9.418841	1.474491	-2.287909	0.026772	0.003320	-0.009502	0.243864	0.111694	0.963356	-0.121613	-0.981983	0.144639	0.962154	-0.152429	-0.225886
20801	9.398789	1.505108	-2.328837	0.021972	0.001534	-0.009398	0.243857	0.111817	0.963343	-0.121392	-0.981999	0.144711	0.962184	-0.152231	-0.225894
20802	9.403410	1.484083	-2.317632	0.036731	0.007292	-0.008282	0.243808	0.111894	0.963347	-0.121016	-0.982048	0.144694	0.962244	-0.151858	-0.225891
20803	9.331628	1.426036	-2.237376	0.052513	0.014122	-0.009358	0.243681	0.112035	0.963363	-0.120500	-0.982111	0.144696	0.962341	-0.151345	-0.225821
20804	9.374411	1.474140	-2.163602	0.049405	0.010762	-0.009264	0.243576	0.112137	0.963377	-0.120018	-0.982174	0.144670	0.962427	-0.150861	-0.225776
20805	9.357861	1.428662	-2.188609	0.042763	0.012068	-0.009526	0.243468	0.112276	0.963388	-0.119596	-0.982222	0.144696	0.962507	-0.150446	-0.225712
20806	9.383812	1.431984	-2.140567	0.026226	0.000975	-0.011982	0.243493	0.112406	0.963367	-0.119295	-0.982249	0.144761	0.962538	-0.150173	-0.225762
20807	9.420629	1.396216	-2.171005	0.009002	-0.002213	-0.003366	0.243516	0.112463	0.963355	-0.119212	-0.982253	0.144804	0.962543	-0.150106	-0.225787
20808	9.421797	1.451209	-2.175582	-0.013273	-0.005953	-0.007975	0.243473	0.112622	0.963347	-0.119414	-0.982198	0.145007	0.962528	-0.150343	-0.225690
20809	9.398899	1.373657	-2.208425	-0.019607	-0.007691	-0.007484	0.243553	0.112712	0.963316	-0.119597	-0.982154	0.145153	0.962486	-0.150563	-0.225726
20810	9.410794	1.415697	-2.242827	-0.025896	-0.005980	-0.006317	0.243631	0.112798	0.963286	-0.119824	-0.982104	0.145307	0.962438	-0.150826	-0.225755
20811	9.412025	1.445717	-2.295492	-0.027629	-0.007861	-0.006984	0.243712	0.112883	0.963256	-0.120085	-0.982048	0.145467	0.962385	-0.151125	-0.225781
20812	9.417739	1.480447	-2.288598	-0.033252	-0.005484	-0.009436	0.243829	0.113009	0.963211	-0.120355	-0.981984	0.145678	0.962321	-0.151447	-0.225835
20813	9.400822	1.436587	-2.314210	-0.018582	-0.006621	-0.009677	0.243902	0.113121	0.963180	-0.120522	-0.981939	0.145844	0.962282	-0.151656	-0.225863
20814	9.431179	1.419907	-2.255356	-0.010050	-0.004260	-0.014173	0.243904	0.113308	0.963158	-0.120598	-0.981899	0.146052	0.962272	-0.151778	-0.225824
20815	9.473945	1.418361	-2.278355	0.003572	0.005408	-0.010567	0.243861	0.113447	0.963152	-0.120551	-0.981886	0.146176	0.962289	-0.151755	-0.225767
20816	9.400280	1.440472	-2.313997	-0.000918	0.003884	-0.015510	0.243882	0.113687	0.963118	-0.120596	-0.981842	0.146435	0.962277	-0.151861	-0.225744
20817	9.404698	1.446321	-2.254009	-0.006852	0.005997	-0.012913	0.243837	0.113851	0.963110	-0.120643	-0.981811	0.146605	0.962283	-0.151941	-0.225666
20818	9.442715	1.491642	-2.239485	-0.011295	0.004612	-0.011380	0.243672	0.113913	0.963145	-0.120648	-0.981804	0.146643	0.962324	-0.151935	-0.225494
20819	9.363140	1.480703	-2.281832	-0.022697	0.007577	-0.010859	0.243608	0.114058	0.963144	-0.120853	-0.981751	0.146829	0.962315	-0.152167	-0.225378
20820	9.404434	1.476143	-2.203345	-0.031583	0.004805	-0.007793	0.243655	0.114202	0.963115	-0.121143	-0.981682	0.147051	0.962266	-0.152505	-0.225357
20821	9.389155	1.486549	-2.231839	-0.029650	0.008612	-0.006072	0.243576	0.114302	0.963123	-0.121426	-0.981624	0.147207	0.962251	-0.152805	-0.225221
20822	9.404741	1.453195	-2.249404	-0.032757	0.005252	-0.005980	0.243445	0.114344	0.963151	-0.121692	-0.981579	0.147290	0.962250	-0.153064	-0.225046
20823	9.363192	1.511368	-2.229167	-0.017807	0.012953	-0.003804	0.243321	0.114428	0.963172	-0.121866	-0.981541	0.147397	0.962260	-0.153243	-0.224885
20824	9.399019	1.447091	-2.205415	-0.006478	0.018415	-0.003339	0.243063	0.114445	0.963236	-0.121880	-0.981543	0.147375	0.962323	-0.153221	-0.224628
20825	9.345862	1.437842	-2.198850	0.027381	0.024452	-0.003981	0.242829	0.114548	0.963282	-0.121619	-0.981574	0.147382	0.962415	-0.152942	-0.224423
20826	9.352237	1.470768	-2.190067	0.041851	0.021399	-0.005270	0.242689	0.114598	0.963312	-0.121142	-0.981645	0.147299	0.962511	-0.152445	-0.224352
20827	9.401282	1.526359	-2.156383	0.046810	0.021663	-0.004996	0.242483	0.114707	0.963351	-0.120691	-0.981705	0.147272	0.962619	-0.151979	-0.224203
20828	9.423367	1.498975	-2.214945	0.041816	0.017943	-0.005949	0.242415	0.114815	0.963355	-0.120257	-0.981759	0.147269	0.962691	-0.151550	-0.224186
20829	9.434209	1.510847	-2.195759	0.029110	0.011002	-0.005655	0.242312	0.114914	0.963369	-0.119975	-0.981790	0.147288	0.962752	-0.151270	-0.224113
20830	9.417573	1.491112	-2.172228	0.014442	0.012127	-0.005427	0.242197	0.114974	0.963391	-0.119802	-0.981811	0.147291	0.962802	-0.151089	-0.224017
20831	9.372856	1.598367	-2.216204	0.002640	0.007926	-0.001221	0.242118	0.115025	0.963404	-0.119785	-0.981808	0.147326	0.962824	-0.151072	-0.223935
20832	9.377978	1.552025	-2.252196	-0.028431	0.008295	-0.001437	0.242138	0.115140	0.963386	-0.120053	-0.981748	0.147509	0.962786	-0.151375	-0.223896
20833	9.394049	1.492347	-2.317755	-0.036413	0.008260	0.005533	0.242049	0.115125	0.963410	-0.120429	-0.981693	0.147567	0.962761	-0.151741	-0.223753
20834	9.432607	1.511335	-2.350624	-0.042231	0.008704	0.002023	0.241892	0.115161	0.963445	-0.120873	-0.981621	0.147681	0.962745	-0.152177	-0.223527
20835	9.443528	1.524276	-2.330408	-0.035143	0.018015	-0.000723	0.241716	0.115222	0.963482	-0.121221	-0.981561	0.147796	0.962745	-0.152519	-0.223292
20836	9.425591	1.476470	-2.252967	-0.042965	0.019762	0.000822	0.241501	0.115289	0.963528	-0.121682	-0.981483	0.147936	0.962741	-0.152970	-0.223001
20837	9.434462	1.355031	-2.272224	-0.033563	0.021415	-0.000428	0.241292	0.115353	0.963572	-0.122015	-0.981425	0.148045	0.962751	-0.153293	-0.222735
20838	9.403500	1.450538	-2.183942	-0.021563	0.027547	-0.003568	0.241063	0.115521	0.963610	-0.122252	-0.981367	0.148234	0.962779	-0.153537	-0.222449
20839	9.377869	1.473579	-2.181023	-0.018344	0.022619	0.001836	0.240840	0.115565	0.963660	-0.122445	-0.981335	0.148287	0.962810	-0.153709	-0.222194
20840	9.347572	1.517734	-2.189371	-0.013538	0.027724	-0.004056	0.240617	0.115601	0.963712	-0.122458	-0.981333	0.148289	0.962864	-0.153695	-0.221969
20841	9.378074	1.658740	-2.199050	-0.015749	0.023781	0.005741	0.240378	0.115608	0.963770	-0.122635	-0.981309	0.148299	0.962901	-0.153840	-0.221707
20842	9.322912	1.779423	-2.211292	-0.039697	0.018271	0.006890	0.240188	0.115579	0.963821	-0.123022	-0.981257	0.148327	0.962899	-0.154197	-0.221467
20843	9.276587	1.619152	-2.174105	-0.066200	0.011728	0.010605	0.240059	0.115520	0.963860	-0.123696	-0.981161	0.148401	0.962845	-0.154851	-0.221247
20844	9.335554	1.318028	-2.235149	-0.026284	0.014015	0.001334	0.239915	0.115533	0.963895	-0.123974	-0.981118	0.148454	0.962845	-0.155114	-0.221062
20845	9.346447	1.330376	-2.215153	0.038755	0.021370	-0.010888	0.239719	0.115699	0.963923	-0.123586	-0.981159	0.148503	0.962944	-0.154726	-0.220904
20846	9.393162	1.252391	-2.221499	0.044188	0.020385	-0.015279	0.239636	0.115926	0.963917	-0.123080	-0.981208	0.148604	0.963030	-0.154250	-0.220864
20847	9.412901	1.117298	-2.271680	0.064888	0.027369	-0.022504	0.239397	0.116215	0.963941	-0.122413	-0.981275	0.148707	0.963174	-0.153599	-0.220688
20848	9.377358	1.208570	-2.243608	0.061840	0.030765	-0.027537	0.239080	0.116540	0.963981	-0.121753	-0.981338	0.148835	0.963336	-0.152951	-0.220429
20849	9.339361	1.324616	-2.326933	0.054259	0.037878	-0.024268	0.238741	0.116862	0.964026	-0.121184	-0.981387	0.148978	0.963492	-0.152392	-0.220136
20850	9.275714	1.807391	-2.345044	0.063161	0.040646	-0.027311	0.238366	0.117159	0.964083	-0.120465	-0.981463	0.149056	0.963675	-0.151668	-0.219834
20851	9.234920	1.946303	-2.279187	-0.021754	0.032072	-0.022752	0.238081	0.117458	0.964117	-0.120632	-0.981398	0.149352	0.963725	-0.151861	-0.219483
20852	9.392746	1.444588	-2.389351	-0.038444	0.037652	-0.029783	0.237808	0.117850	0.964136	-0.120872	-0.981306	0.149763	0.963762	-0.152152	-0.219117
20853	9.467217	1.163279	-2.369110	0.017136	0.051634	-0.046202	0.237363	0.118409	0.964178	-0.120608	-0.981272	0.150199	0.963905	-0.151940	-0.218636
20854	9.585041	0.985161	-2.278681	0.051666	0.058224	-0.056834	0.236935	0.119114	0.964196	-0.119963	-0.981274	0.150702	0.964091	-0.151374	-0.218209
20855	9.574052	0.895648	-2.075345	0.063125	0.061877	-0.068914	0.236417	0.119910	0.964224	-0.119202	-0.981281	0.151258	0.964312	-0.150698	-0.217698
20856	9.585506	0.860470	-1.887400	0.082235	0.061859	-0.083567	0.235859	0.120739	0.964258	-0.118173	-0.981324	0.151781	0.964575	-0.149748	-0.217186
20857	9.488180	1.071474	-1.671259	0.095855	0.056072	-0.088710	0.235419	0.121719	0.964242	-0.117050	-0.981354	0.152457	0.964820	-0.148756	-0.216782
20858	9.446831	1.189942	-1.653350	0.127574	0.049359	-0.099824	0.235083	0.122770	0.964191	-0.115547	-0.981427	0.153136	0.965083	-0.147409	-0.216531
20859	9.481867	1.346209	-1.704902	0.137922	0.038112	-0.112400	0.234841	0.123955	0.964098	-0.113962	-0.981485	0.153950	0.965330	-0.146025	-0.216366
20860	9.524923	1.326708	-1.774365	0.121622	0.025238	-0.121019	0.234672	0.125197	0.963979	-0.112598	-0.981495	0.154883	0.965531	-0.144888	-0.216232
20861	9.479483	1.256580	-1.954627	0.081973	0.019474	-0.124059	0.234619	0.126469	0.963825	-0.111526	-0.981452	0.155930	0.965669	-0.144076	-0.216163
20862	9.474393	1.262221	-2.013512	0.032534	0.008323	-0.121496	0.234636	0.127704	0.963658	-0.110972	-0.981333	0.157066	0.965728	-0.143793	-0.216085
20863	9.528419	1.232224	-2.113470	-0.004899	0.002964	-0.135011	0.234753	0.129059	0.963449	-0.110714	-0.981147	0.158406	0.965729	-0.143853	-0.216039
20864	9.543055	1.345789	-2.092284	-0.039411	-0.000639	-0.136708	0.234935	0.130395	0.963225	-0.110748	-0.980917	0.159802	0.965681	-0.144218	-0.216011
20865	9.532463	1.404514	-1.954576	-0.063998	-0.003850	-0.144292	0.235129	0.131831	0.962982	-0.111037	-0.980629	0.161359	0.965601	-0.144867	-0.215936
20866	9.549147	1.416206	-1.865092	-0.069287	-0.011670	-0.153837	0.235365	0.133223	0.962733	-0.111318	-0.980347	0.162875	0.965511	-0.145505	-0.215909
20867	9.526402	1.490146	-1.698918	-0.069633	-0.026092	-0.164425	0.235796	0.134822	0.962405	-0.111614	-0.980019	0.164636	0.965372	-0.146238	-0.216037
20868	9.467501	1.548516	-1.600726	-0.075271	-0.044520	-0.170936	0.236422	0.136425	0.962025	-0.111889	-0.979685	0.166426	0.965187	-0.146987	-0.216355
20869	9.476862	1.663616	-1.483051	-0.103103	-0.070230	-0.176359	0.237294	0.138074	0.961575	-0.112477	-0.979285	0.168374	0.964904	-0.148109	-0.216848
20870	9.503336	1.637845	-1.216984	-0.195279	-0.106722	-0.173996	0.238630	0.139635	0.961019	-0.113879	-0.978757	0.170489	0.964410	-0.150124	-0.217659
20871	9.610143	1.600882	-0.957658	-0.284430	-0.145367	-0.173449	0.240228	0.141137	0.960402	-0.116216	-0.978076	0.172803	0.963735	-0.153126	-0.218558
20872	9.664545	1.443530	-0.688853	-0.347673	-0.177851	-0.166493	0.242093	0.142481	0.959734	-0.119238	-0.977292	0.175166	0.962899	-0.156843	-0.219606
20873	9.534125	1.357613	-0.466911	-0.335389	-0.223384	-0.173483	0.244449	0.143847	0.958933	-0.122053	-0.976505	0.177597	0.961950	-0.160454	-0.221148
20874	9.372147	1.506443	-0.323409	-0.290818	-0.276271	-0.190011	0.247208	0.145103	0.958036	-0.124373	-0.975793	0.179885	0.960947	-0.163623	-0.223177
20875	9.434339	1.686240	-0.233093	-0.275915	-0.343113	-0.192051	0.250740	0.146434	0.956915	-0.126554	-0.975051	0.182370	0.959747	-0.166829	-0.225953
20876	9.514771	1.668335	-0.158146	-0.262747	-0.406830	-0.188082	0.254896	0.147577	0.955641	-0.128585	-0.974335	0.184761	0.958381	-0.169976	-0.229378
20877	9.563942	1.957992	0.144133	-0.279543	-0.490659	-0.179242	0.259824	0.148505	0.954169	-0.130810	-0.973584	0.187147	0.956755	-0.173440	-0.233534
20878	9.557765	2.189306	0.637406	-0.362611	-0.610074	-0.171471	0.265781	0.148978	0.952453	-0.133795	-0.972725	0.189484	0.954704	-0.177794	-0.238600
20879	9.508933	2.161377	1.089569	-0.414159	-0.738303	-0.153384	0.273025	0.149162	0.950373	-0.137339	-0.971743	0.191971	0.952153	-0.182936	-0.244825
20880	9.587698	2.233103	1.392591	-0.386108	-0.865994	-0.138865	0.281424	0.148925	0.947957	-0.140657	-0.970811	0.194273	0.949219	-0.188010	-0.252263
20881	9.526415	2.473479	1.429431	-0.330298	-0.996280	-0.115282	0.291025	0.148172	0.945172	-0.143465	-0.970004	0.196239	0.945897	-0.192709	-0.261038
20882	9.450441	2.635193	1.189334	-0.291867	-1.132032	-0.087689	0.301642	0.146755	0.942059	-0.146168	-0.969284	0.197799	0.942150	-0.197363	-0.270925
20883	9.610912	2.729984	0.767617	-0.253288	-1.265415	-0.067829	0.313633	0.144912	0.938421	-0.148348	-0.968673	0.199164	0.937884	-0.201677	-0.282310
20884	9.971468	2.849439	0.247017	-0.219819	-1.386822	-0.048500	0.326535	0.142494	0.934382	-0.150315	-0.968161	0.200175	0.933156	-0.205816	-0.294720
20885	10.568306	3.058263	-0.449028	-0.237045	-1.489083	-0.026198	0.340427	0.139674	0.929839	-0.152440	-0.967624	0.201160	0.927831	-0.210225	-0.308114
20886	11.429881	3.264422	-0.754167	-0.369709	-1.580996	0.011861	0.354725	0.136054	0.925019	-0.156141	-0.966842	0.202082	0.921841	-0.216117	-0.321719
20887	12.358251	3.351829	-1.026990	-0.564160	-1.618727	0.054509	0.369502	0.131991	0.919808	-0.161526	-0.965667	0.203460	0.915084	-0.223752	-0.335496
20888	12.371438	2.958996	-1.174060	-0.758481	-1.644226	0.078838	0.383896	0.127314	0.914557	-0.169244	-0.963968	0.205234	0.907734	-0.233572	-0.348516
20889	12.551959	1.412717	-1.657503	-0.602559	-1.624868	0.028021	0.398532	0.123209	0.908841	-0.174807	-0.962566	0.207146	0.900341	-0.241426	-0.362076
20890	12.403256	1.078669	-1.779453	-0.303717	-1.600249	-0.018722	0.412530	0.119381	0.903088	-0.177959	-0.961712	0.208422	0.893392	-0.246693	-0.375490
20891	12.406603	1.392035	-1.923315	-0.129679	-1.582987	-0.024489	0.426656	0.115711	0.896981	-0.179016	-0.961355	0.209165	0.886520	-0.249815	-0.389454
20892	12.291148	1.272984	-2.639215	-0.066021	-1.529803	0.015627	0.439757	0.111613	0.891154	-0.180091	-0.961136	0.209247	0.879875	-0.252506	-0.402567
20893	11.914634	0.714069	-3.531816	0.064538	-1.477535	0.078183	0.452563	0.107147	0.885272	-0.179879	-0.961379	0.208315	0.873402	-0.253517	-0.415811
20894	11.456639	0.207862	-4.324252	0.122050	-1.385206	0.147538	0.464128	0.102176	0.879855	-0.179732	-0.961797	0.206501	0.867342	-0.253982	-0.428032
20895	11.057245	-0.834136	-5.240254	0.200154	-1.302447	0.249913	0.474932	0.096492	0.874716	-0.179180	-0.962546	0.203467	0.861588	-0.253365	-0.439855
20896	10.503608	-1.478475	-5.475974	0.344900	-1.155373	0.309102	0.484181	0.090610	0.870263	-0.177768	-0.963692	0.199241	0.856719	-0.251174	-0.450494
20897	9.774182	-1.505643	-5.963011	0.469874	-1.027483	0.371563	0.492299	0.084488	0.866316	-0.175571	-0.965182	0.193901	0.852535	-0.247557	-0.460325
20898	9.450366	-0.834443	-6.176247	0.536531	-0.867394	0.379601	0.498931	0.078686	0.863062	-0.172953	-0.966797	0.188126	0.849208	-0.243131	-0.468756
20899	8.900695	-0.531266	-6.023086	0.490871	-0.673083	0.382240	0.503975	0.073389	0.860595	-0.170711	-0.968265	0.182542	0.846680	-0.238909	-0.475453
20900	8.063896	-0.604826	-6.355678	0.529728	-0.512357	0.363458	0.507610	0.068627	0.858849	-0.168147	-0.969765	0.176870	0.845020	-0.234194	-0.480723
20901	7.325044	-0.087936	-6.728964	0.596860	-0.368421	0.306081	0.510205	0.064828	0.857606	-0.164667	-0.971345	0.171389	0.844142	-0.228663	-0.484910
20902	6.993520	0.586278	-6.705366	0.582693	-0.203853	0.237932	0.511461	0.062007	0.857066	-0.161055	-0.972801	0.166491	0.844078	-0.223189	-0.487564
20903	6.896358	0.613211	-6.363198	0.585728	-0.025817	0.148481	0.511436	0.060529	0.857187	-0.156872	-0.974178	0.162386	0.844881	-0.217519	-0.488735
20904	6.938167	0.387258	-5.938808	0.717059	0.203457	0.049114	0.509568	0.060429	0.858306	-0.151153	-0.975731	0.158434	0.847049	-0.210469	-0.488068
20905	6.233549	0.442508	-5.646491	0.911414	0.422904	0.013631	0.505951	0.061190	0.860389	-0.143490	-0.977611	0.153906	0.850543	-0.201326	-0.485843
20906	5.960803	1.047831	-5.585928	0.976304	0.621861	0.037204	0.500530	0.061983	0.863498	-0.135454	-0.979542	0.148829	0.855057	-0.191458	-0.481894
20907	5.872287	1.786495	-5.293867	0.992350	0.836528	0.079410	0.493242	0.062787	0.867623	-0.127341	-0.981436	0.143416	0.860521	-0.181222	-0.476090
20908	5.790484	2.506873	-4.864960	0.953252	1.055120	0.147335	0.483885	0.063137	0.872851	-0.119927	-0.983200	0.137603	0.866875	-0.171263	-0.468184
20909	5.561266	2.950176	-4.572281	0.823803	1.233149	0.234927	0.472870	0.062906	0.878884	-0.113886	-0.984718	0.131755	0.873742	-0.162396	-0.458479
20910	5.517402	2.984838	-4.798314	0.682688	1.368386	0.305412	0.460465	0.062020	0.885509	-0.109409	-0.985985	0.125949	0.880910	-0.154878	-0.447226
20911	5.676609	3.364411	-4.846704	0.506480	1.483201	0.346583	0.446962	0.060877	0.892479	-0.106507	-0.986963	0.120662	0.888190	-0.148987	-0.434651
20912	5.857435	3.078063	-4.702153	0.238217	1.583062	0.382166	0.432384	0.059409	0.899731	-0.106132	-0.987538	0.116210	0.895422	-0.145738	-0.420690
20913	6.064233	2.113161	-4.676341	0.111172	1.679094	0.393512	0.416859	0.057974	0.907120	-0.106810	-0.987926	0.112222	0.902674	-0.143671	-0.405634
20914	6.319426	1.357131	-4.918508	0.187268	1.789196	0.373288	0.400192	0.056817	0.914668	-0.106693	-0.988401	0.108078	0.910199	-0.140841	-0.389488
20915	6.529683	1.608716	-4.862504	0.277764	1.885693	0.337249	0.382589	0.056125	0.922212	-0.105483	-0.988973	0.103949	0.917877	-0.137047	-0.372450
20916	6.733846	1.760281	-4.711751	0.235504	1.956400	0.309190	0.364187	0.055706	0.929658	-0.104517	-0.989459	0.100233	0.925443	-0.133669	-0.354526
20917	6.779340	1.652157	-4.808223	0.191724	1.995171	0.275492	0.345354	0.055640	0.936822	-0.103722	-0.989862	0.097026	0.932723	-0.130677	-0.336082
20918	6.901912	1.758271	-4.754023	0.190149	2.011391	0.234071	0.326241	0.055920	0.943631	-0.102771	-0.990233	0.094212	0.939683	-0.127714	-0.317308
20919	7.176302	1.413664	-4.908918	0.234281	1.990522	0.180587	0.307277	0.056662	0.949932	-0.101144	-0.990627	0.091806	0.946230	-0.124290	-0.298666
20920	7.584118	1.218113	-4.838311	0.313832	1.944360	0.110875	0.288674	0.057944	0.955672	-0.098532	-0.991069	0.089853	0.952344	-0.120103	-0.280387
20921	7.976738	1.109499	-4.604824	0.395321	1.865321	0.018133	0.270830	0.059980	0.960757	-0.094818	-0.991541	0.088631	0.957946	-0.115101	-0.262852
20922	8.367065	1.241535	-4.062486	0.451106	1.728580	-0.068987	0.254264	0.062614	0.965106	-0.090338	-0.992002	0.088159	0.962906	-0.109602	-0.246574
20923	8.584272	1.524016	-3.626547	0.465984	1.561471	-0.131422	0.239300	0.065608	0.968726	-0.085529	-0.992412	0.088340	0.967171	-0.103994	-0.231873
20924	8.582415	1.781719	-3.727578	0.479712	1.372323	-0.160049	0.226113	0.068596	0.971683	-0.080538	-0.992786	0.088827	0.970766	-0.098342	-0.218957
20925	8.529631	2.359921	-3.544392	0.457402	1.175685	-0.166402	0.214802	0.071395	0.974045	-0.075737	-0.993104	0.089494	0.973717	-0.092994	-0.207913
20926	7.996401	2.253920	-3.245339	0.279194	0.963923	-0.130903	0.205484	0.073594	0.975890	-0.072759	-0.993260	0.090224	0.975952	-0.089545	-0.198744
20927	7.594025	1.305370	-3.949860	0.288975	0.759739	-0.119530	0.198137	0.075471	0.977265	-0.069709	-0.993422	0.090852	0.977692	-0.086125	-0.191572
20928	7.420807	1.574408	-3.882848	0.347963	0.582813	-0.144644	0.192519	0.077424	0.978234	-0.066032	-0.993601	0.091635	0.979069	-0.082237	-0.186175
20929	7.443282	1.886764	-4.047270	0.326038	0.417390	-0.164330	0.188525	0.079415	0.978852	-0.062539	-0.993731	0.092667	0.980075	-0.078687	-0.182377
20930	7.547775	2.010633	-4.269785	0.254758	0.268124	-0.163601	0.185989	0.081279	0.979184	-0.059737	-0.993794	0.093838	0.980734	-0.075946	-0.179980
20931	7.730561	1.959868	-4.386553	0.149344	0.137267	-0.140517	0.184715	0.082800	0.979298	-0.058025	-0.993788	0.094970	0.981078	-0.074366	-0.178763
20932	7.998445	2.096653	-4.197825	-0.001555	-0.000523	-0.081386	0.184767	0.083647	0.979216	-0.057880	-0.993716	0.095807	0.981077	-0.074379	-0.178764
20933	8.572671	2.360285	-4.084279	-0.163518	-0.142599	-0.041216	0.186179	0.083971	0.978921	-0.059421	-0.993555	0.096528	0.980717	-0.076140	-0.179989
20934	9.830375	2.978651	-2.726510	-0.442178	-0.226696	-0.023516	0.188422	0.084074	0.978483	-0.063690	-0.993186	0.097602	0.980021	-0.080710	-0.181783
20935	11.437772	3.005564	-1.509830	-0.656834	-0.288950	0.013066	0.191233	0.083724	0.977967	-0.070162	-0.992641	0.098699	0.979034	-0.087491	-0.183951
20936	15.317963	3.345378	1.905123	-1.045680	-0.286406	0.064378	0.193993	0.082878	0.977496	-0.080479	-0.991722	0.100056	0.977696	-0.098078	-0.185717
20937	15.304085	-0.704579	1.842241	-0.820304	-0.094430	0.236788	0.194705	0.080457	0.977557	-0.088969	-0.991073	0.099290	0.976819	-0.106305	-0.185808
20938	13.717643	-0.597061	1.323068	0.219890	-0.156540	0.079878	0.196157	0.079560	0.977340	-0.086944	-0.991366	0.098152	0.976710	-0.104227	-0.187546
20939	12.410807	1.678763	1.422254	0.257525	-0.309465	0.009159	0.199161	0.079172	0.976763	-0.084461	-0.991635	0.097599	0.976320	-0.101936	-0.190808
20940	10.468626	-0.613808	-1.769332	0.392809	-0.486605	0.027692	0.203871	0.078466	0.975848	-0.080657	-0.992048	0.096619	0.975670	-0.098407	-0.195921
20941	8.917488	0.025354	-2.555682	0.884405	-0.417792	-0.129065	0.208035	0.079376	0.974895	-0.071776	-0.992776	0.096148	0.975484	-0.089976	-0.200835
20942	8.200653	1.130985	-3.214260	0.924635	-0.380892	-0.117606	0.211813	0.080265	0.974009	-0.062494	-0.993470	0.095459	0.975310	-0.081089	-0.205414
20943	8.099755	0.755219	-4.153316	0.908471	-0.296249	-0.062256	0.214728	0.080679	0.973336	-0.053514	-0.994113	0.094207	0.975207	-0.072316	-0.209146
20944	8.226560	0.780239	-5.128525	0.926320	-0.220368	-0.047750	0.216889	0.081052	0.972826	-0.044358	-0.994699	0.092764	0.975188	-0.063273	-0.212144
20945	8.854685	1.384139	-4.842826	0.795004	-0.173303	-0.023778	0.218577	0.081208	0.972435	-0.036567	-0.995150	0.091324	0.975134	-0.055520	-0.214547
20946	9.826867	1.248097	-4.535478	0.604437	-0.155812	0.015170	0.220088	0.081024	0.972109	-0.030683	-0.995476	0.089919	0.974997	-0.049618	-0.216606
20947	10.290574	1.772412	-3.690305	0.585126	-0.086252	0.022393	0.220911	0.080783	0.971943	-0.025040	-0.995765	0.088454	0.974973	-0.043878	-0.217952
20948	10.360465	2.269238	-2.528287	0.496774	-0.044307	0.056578	0.221330	0.080254	0.971891	-0.020293	-0.996013	0.086867	0.974988	-0.038949	-0.218819
20949	10.171676	2.009447	-2.403706	0.479285	-0.032921	0.102118	0.221621	0.079246	0.971907	-0.015859	-0.996268	0.084849	0.975004	-0.034218	-0.219537
20950	9.462648	2.252220	-2.706863	0.577576	-0.003569	0.121188	0.221640	0.078098	0.971996	-0.010458	-0.996540	0.082455	0.975073	-0.028440	-0.220056
20951	8.977482	3.190184	-2.424160	0.496926	-0.011943	0.146911	0.221732	0.076653	0.972090	-0.005950	-0.996781	0.079957	0.975089	-0.023513	-0.220562
20952	9.133634	3.243014	-2.495528	0.209982	-0.060418	0.229130	0.222310	0.074427	0.972131	-0.004358	-0.996996	0.077328	0.974966	-0.021427	-0.221317
20953	9.443290	2.181869	-2.800942	-0.000305	-0.070467	0.281581	0.222971	0.071627	0.972190	-0.005000	-0.997200	0.074616	0.974812	-0.021498	-0.221989
20954	9.704513	0.774966	-2.682190	-0.130247	-0.067559	0.323420	0.223611	0.068472	0.972270	-0.006922	-0.997393	0.071833	0.974654	-0.022792	-0.222554
20955	9.741148	-1.046343	-3.005843	-0.103550	-0.051018	0.328985	0.224070	0.065200	0.972390	-0.008679	-0.997587	0.068890	0.974534	-0.023876	-0.222964
20956	9.521331	-1.138884	-2.917649	0.122460	0.013760	0.240069	0.223919	0.062888	0.972577	-0.007960	-0.997765	0.066349	0.974575	-0.022599	-0.222918
20957	9.538340	-0.365739	-2.519583	0.184477	0.011107	0.204429	0.223784	0.060873	0.972736	-0.006632	-0.997929	0.063975	0.974616	-0.020768	-0.222917
20958	9.666296	-0.152467	-2.299896	0.232445	0.030595	0.189962	0.223480	0.059053	0.972918	-0.004739	-0.998085	0.061669	0.974697	-0.018393	-0.222772
20959	9.725994	-0.125371	-2.198717	0.231425	0.035928	0.166813	0.223111	0.057416	0.973101	-0.002868	-0.998221	0.059556	0.974789	-0.016078	-0.222549
20960	9.723419	-0.019205	-1.976403	0.230425	0.036808	0.150152	0.222754	0.055987	0.973266	-0.000911	-0.998337	0.057638	0.974874	-0.013725	-0.222333
20961	9.777857	0.083862	-1.859988	0.234965	0.029674	0.129745	0.222452	0.054718	0.973407	0.001080	-0.998437	0.055878	0.974943	-0.011379	-0.222164
20962	9.819247	0.383645	-1.684604	0.262267	0.008442	0.108054	0.222377	0.053700	0.973481	0.003437	-0.998519	0.054296	0.974955	-0.008729	-0.222232
20963	9.634076	0.800387	-1.348271	0.286342	-0.022499	0.087256	0.222588	0.052849	0.973479	0.006023	-0.998585	0.052835	0.974894	-0.005898	-0.222591
20964	9.583983	1.107064	-0.869876	0.226115	-0.082624	0.089287	0.223402	0.052014	0.973338	0.008068	-0.998640	0.051515	0.974693	-0.003656	-0.223517
20965	9.774822	0.694367	-0.889236	0.122916	-0.156851	0.106244	0.224927	0.050971	0.973042	0.009016	-0.998697	0.050230	0.974334	-0.002525	-0.225093
20966	9.813066	0.327323	-1.065301	0.093556	-0.190498	0.104225	0.226791	0.049988	0.972660	0.009734	-0.998748	0.049059	0.973895	-0.001659	-0.226993
20967	9.587641	0.346504	-1.863748	0.105046	-0.211192	0.098292	0.228844	0.049026	0.972228	0.010521	-0.998797	0.047889	0.973406	-0.000730	-0.229085
20968	9.327182	0.771130	-1.860413	0.057045	-0.221542	0.100023	0.231008	0.048087	0.971763	0.010886	-0.998843	0.046839	0.972891	-0.000242	-0.231264
20969	9.463825	0.441462	-2.180886	-0.024788	-0.260071	0.095912	0.233535	0.047150	0.971205	0.010411	-0.998888	0.045991	0.972293	-0.000629	-0.233766
20970	9.581730	0.011931	-2.222485	0.001022	-0.252942	0.079608	0.235998	0.046415	0.970645	0.010274	-0.998922	0.045269	0.971699	-0.000711	-0.236220
20971	9.622563	-0.000522	-1.726266	0.069111	-0.251615	0.053523	0.238435	0.045902	0.970073	0.010808	-0.998946	0.044612	0.971098	-0.000153	-0.238680
20972	10.012634	-0.031520	-1.791915	0.097563	-0.259681	0.041701	0.240956	0.045545	0.969467	0.011691	-0.998962	0.044025	0.970466	0.000726	-0.241238
20973	9.864890	-0.297283	-2.297459	0.167624	-0.225333	0.038423	0.243134	0.045187	0.968940	0.013214	-0.998976	0.043272	0.969903	0.002283	-0.243482
20974	9.266700	-0.302534	-3.329605	0.310059	-0.195917	0.024685	0.245032	0.045002	0.968470	0.016191	-0.998973	0.042323	0.969380	0.005310	-0.245508
20975	9.122891	1.094052	-3.408012	0.385017	-0.173619	-0.002767	0.246701	0.045065	0.968043	0.019918	-0.998943	0.041427	0.968887	0.009062	-0.247338
20976	9.195028	1.239148	-3.401892	0.263202	-0.193906	0.029092	0.248582	0.044849	0.967572	0.022428	-0.998926	0.040540	0.968351	0.011623	-0.249321
20977	9.228082	1.073672	-3.388938	0.269349	-0.176618	0.031246	0.250286	0.044582	0.967145	0.024947	-0.998905	0.039590	0.967850	0.014219	-0.251124
20978	9.317409	1.093992	-2.982137	0.179354	-0.183144	0.051044	0.252070	0.044159	0.966701	0.026593	-0.998897	0.038696	0.967344	0.015954	-0.252966
20979	9.302846	0.963939	-2.547523	0.086477	-0.198730	0.073352	0.253998	0.043481	0.966227	0.027234	-0.998914	0.037793	0.966821	0.016714	-0.254907
20980	9.334024	0.681837	-2.122096	-0.034457	-0.229970	0.092727	0.256245	0.042658	0.965670	0.026709	-0.998957	0.037041	0.966243	0.016300	-0.257117
20981	9.553405	0.283695	-1.774105	-0.134406	-0.259438	0.108879	0.258766	0.041633	0.965042	0.025120	-0.999023	0.036363	0.965613	0.014833	-0.259559
20982	9.626510	-0.256315	-1.946697	-0.125210	-0.275468	0.111950	0.261450	0.040618	0.964362	0.023665	-0.999084	0.035665	0.964927	0.013497	-0.262171
20983	9.278633	-0.046844	-1.604522	-0.075279	-0.289584	0.098961	0.264253	0.039690	0.963636	0.022669	-0.999132	0.034935	0.964187	0.012613	-0.264923
20984	9.462822	0.177562	-1.496379	-0.118675	-0.345514	0.091444	0.267598	0.038879	0.962746	0.021322	-0.999180	0.034424	0.963295	0.011316	-0.268208
20985	9.932494	-0.081691	-1.900430	-0.092180	-0.365783	0.079021	0.271124	0.038151	0.961788	0.020213	-0.999220	0.033938	0.962332	0.010239	-0.271683
20986	9.703876	0.352656	-2.159166	-0.002641	-0.375315	0.057253	0.274739	0.037676	0.960780	0.020067	-0.999239	0.033446	0.961309	0.010091	-0.275286
20987	10.022205	0.536828	-2.358163	-0.072034	-0.405726	0.040234	0.278632	0.037336	0.959672	0.019255	-0.999260	0.033286	0.960205	0.009204	-0.279145
20988	10.090057	0.260273	-2.249807	-0.141814	-0.402709	0.036819	0.282496	0.037061	0.958552	0.017827	-0.999284	0.033382	0.959103	0.007658	-0.282954
20989	9.893635	-0.421773	-2.328652	-0.126321	-0.400176	0.031180	0.286324	0.036800	0.957426	0.016519	-0.999303	0.033470	0.957990	0.006232	-0.286733
20990	9.335179	-0.679137	-2.114097	-0.103900	-0.409618	0.015818	0.290239	0.036722	0.956249	0.015511	-0.999313	0.033668	0.956828	0.005060	-0.290609
20991	9.347620	-0.428182	-1.782176	-0.089242	-0.448588	-0.006947	0.294515	0.036834	0.954937	0.014669	-0.999313	0.034022	0.955534	0.003988	-0.294853
20992	9.246998	-0.277205	-1.267294	-0.165893	-0.494350	-0.013935	0.299222	0.037038	0.953464	0.013151	-0.999312	0.034692	0.954093	0.002158	-0.299503
20993	9.362364	-0.394789	-1.307957	-0.193145	-0.564147	-0.024487	0.304585	0.037312	0.951754	0.011375	-0.999304	0.035536	0.952417	0.000002	-0.304797
20994	9.915680	-0.143297	-1.357623	-0.205073	-0.594589	-0.047080	0.310223	0.037820	0.949911	0.009585	-0.999282	0.036655	0.950615	-0.002266	-0.310363
20995	9.823747	0.411736	-1.104559	-0.186205	-0.631916	-0.073787	0.316205	0.038560	0.947907	0.008040	-0.999247	0.037966	0.948657	-0.004383	-0.316277
20996	9.934751	0.784326	-0.702382	-0.261578	-0.704689	-0.077751	0.322859	0.039337	0.945629	0.005824	-0.999200	0.039578	0.946429	-0.007271	-0.322830
20997	9.769549	0.657502	-0.786539	-0.287866	-0.786806	-0.077477	0.330280	0.040065	0.943032	0.003348	-0.999142	0.041276	0.943877	-0.010475	-0.330131
20998	9.704934	0.428556	-1.226888	-0.296663	-0.862502	-0.081901	0.338383	0.040822	0.940122	0.000840	-0.999071	0.043079	0.941008	-0.013787	-0.338103
20999	9.837068	0.210406	-1.863536	-0.303298	-0.931707	-0.091099	0.347124	0.041611	0.936895	-0.001704	-0.998986	0.045000	0.937818	-0.017217	-0.346701
21000	10.123081	0.189404	-2.596717	-0.300160	-0.966101	-0.097180	0.356144	0.042441	0.933467	-0.004160	-0.998886	0.047003	0.934422	-0.020623	-0.355571
21001	10.014316	0.076803	-2.898159	-0.349483	-0.978616	-0.097822	0.365265	0.043221	0.929900	-0.007073	-0.998764	0.049200	0.930877	-0.024548	-0.364508
21002	10.344540	0.409435	-3.700187	-0.341264	-0.997942	-0.138325	0.374519	0.044378	0.926157	-0.009724	-0.998611	0.051781	0.927168	-0.028399	-0.373567
21003	10.153090	0.916578	-3.654681	-0.350361	-0.985246	-0.149740	0.383640	0.045597	0.922356	-0.012404	-0.998436	0.054517	0.923399	-0.032356	-0.382475
21004	10.144243	0.777017	-3.745446	-0.324871	-0.993811	-0.169767	0.392792	0.046992	0.918426	-0.014729	-0.998244	0.057376	0.919510	-0.036064	-0.391410
21005	10.046072	0.829772	-3.601538	-0.262333	-0.991208	-0.209138	0.401907	0.048730	0.914383	-0.016311	-0.998044	0.060358	0.915535	-0.039172	-0.400326
21006	9.922620	1.115619	-3.317148	-0.206231	-0.998595	-0.243040	0.411040	0.050794	0.910201	-0.017196	-0.997837	0.063450	0.911455	-0.041732	-0.409278
21007	9.715241	1.073012	-3.172206	-0.173450	-1.021727	-0.271634	0.420367	0.053089	0.905800	-0.017649	-0.997620	0.066661	0.907182	-0.044008	-0.418429
21008	9.724331	0.948120	-2.744580	-0.141590	-1.051517	-0.294400	0.429903	0.055598	0.901162	-0.017665	-0.997393	0.069962	0.902702	-0.045995	-0.427800
21009	10.091416	0.519918	-2.175439	-0.113635	-1.095692	-0.333303	0.439814	0.058432	0.896186	-0.017242	-0.997148	0.073476	0.897923	-0.047768	-0.437553
21010	10.486179	0.774062	-1.315605	-0.010096	-1.145163	-0.369457	0.450093	0.061609	0.890854	-0.015676	-0.996918	0.076864	0.892844	-0.048561	-0.447740
21011	11.038852	1.468075	-0.192417	0.016229	-1.246842	-0.367697	0.461233	0.064688	0.884918	-0.013860	-0.996692	0.080083	0.887171	-0.049201	-0.458811
21012	11.303460	2.389695	0.575871	0.025195	-1.398700	-0.331290	0.473596	0.067343	0.878164	-0.012076	-0.996482	0.082929	0.880659	-0.049879	-0.471117
21013	11.390779	3.670104	1.389670	-0.098998	-1.573811	-0.274986	0.487418	0.069305	0.870414	-0.011625	-0.996242	0.085834	0.873091	-0.051956	-0.484781
21014	11.348192	3.556516	1.464099	-0.406701	-1.773489	-0.169893	0.502791	0.070092	0.861562	-0.014291	-0.995897	0.089360	0.864290	-0.057242	-0.499726
21015	11.134641	2.512985	0.969056	-0.477999	-1.925625	-0.130844	0.519349	0.070257	0.851669	-0.017731	-0.995514	0.092936	0.854378	-0.063367	-0.515774
21016	10.724759	2.611439	0.433708	-0.370524	-2.064307	-0.133626	0.536831	0.070305	0.840755	-0.020131	-0.995171	0.096071	0.843450	-0.068499	-0.532823
21017	10.399829	2.859935	0.133814	-0.327144	-2.221349	-0.121901	0.555448	0.069967	0.828603	-0.022205	-0.994851	0.098890	0.831255	-0.073327	-0.551034
21018	10.656066	2.764783	-0.273387	-0.352816	-2.351291	-0.118315	0.574787	0.069452	0.815350	-0.024394	-0.994495	0.101909	0.817939	-0.078466	-0.569929
21019	11.133029	2.659361	-0.151222	-0.467712	-2.467364	-0.098162	0.594806	0.068438	0.800951	-0.027611	-0.994042	0.105441	0.803395	-0.084832	-0.589373
