// General information: 
//  MT Manager version: 2022.2.0 
//  XDA version: 2022.2.0 build 7381 rev 124627 built on 2023-07-19
// Device information: 
//  DeviceId: 00B4CB9F
//  ProductCode: MTW2-3A7G6
//  Firmware Version: 4.6.0
//  Hardware Version: 2.0.0
// Device settings: 
//  Filter Profile: human(46.1)
//  Option Flags: Orientation Smoother Disabled, Position/Velocity Smoother Disabled, Continuous Zero Rotation Update Disabled, AHS Disabled, ICC Disabled
// Coordinate system: ENU
PacketCounter	Acc_X	Acc_Y	Acc_Z	Gyr_X	Gyr_Y	Gyr_Z	Mat[1][1]	Mat[2][1]	Mat[3][1]	Mat[1][2]	Mat[2][2]	Mat[3][2]	Mat[1][3]	Mat[2][3]	Mat[3][3]
38462	10.063664	0.203738	-1.383263	-0.202974	0.035600	0.008833	-0.150743	-0.078969	0.985414	-0.589113	0.807651	-0.025396	-0.793865	-0.584348	-0.168270
38463	9.904922	-0.174413	-1.483834	-0.252575	0.045655	-0.008259	-0.150499	-0.078694	0.985473	-0.586911	0.809265	-0.025009	-0.795541	-0.582148	-0.167980
38464	9.758138	-0.428237	-1.560701	-0.241377	0.090527	-0.026711	-0.149689	-0.078373	0.985622	-0.585032	0.810643	-0.024391	-0.797076	-0.580272	-0.167195
38465	9.656993	-0.592332	-1.588267	-0.167980	0.045572	-0.031899	-0.149244	-0.078332	0.985693	-0.583692	0.811624	-0.023878	-0.798141	-0.578905	-0.166851
38466	9.655191	-0.650224	-1.613163	-0.098004	0.047686	-0.025775	-0.148779	-0.078254	0.985769	-0.582952	0.812166	-0.023511	-0.798769	-0.578154	-0.166452
38467	9.606743	-0.600472	-1.623115	-0.043469	0.039882	-0.020893	-0.148417	-0.078095	0.985836	-0.582557	0.812454	-0.023344	-0.799124	-0.577771	-0.166077
38468	9.665154	-0.546930	-1.739821	0.004090	0.014635	-0.004564	-0.148341	-0.078036	0.985853	-0.582600	0.812423	-0.023356	-0.799107	-0.577823	-0.165979
38469	9.768082	-0.506664	-1.795684	0.033294	0.013412	0.008979	-0.148286	-0.077873	0.985874	-0.583029	0.812110	-0.023546	-0.798804	-0.578285	-0.165826
38470	9.741332	-0.448191	-1.841286	0.053716	0.005062	0.015153	-0.148401	-0.077709	0.985869	-0.583440	0.811807	-0.023835	-0.798483	-0.578733	-0.165811
38471	9.670909	-0.387063	-1.807340	0.055116	-0.000420	0.016988	-0.148609	-0.077548	0.985851	-0.583758	0.811568	-0.024158	-0.798212	-0.579088	-0.165876
38472	9.664100	-0.316580	-1.799259	0.047751	-0.006403	0.004886	-0.148756	-0.077534	0.985830	-0.584136	0.811291	-0.024336	-0.797908	-0.579478	-0.165975
38473	9.679639	-0.230607	-1.825016	0.010028	-0.015525	-0.004705	-0.148854	-0.077624	0.985808	-0.584333	0.811148	-0.024362	-0.797745	-0.579667	-0.166101
38474	9.653795	-0.177070	-1.731136	-0.037844	-0.014182	-0.008669	-0.148984	-0.077765	0.985777	-0.584048	0.811356	-0.024264	-0.797930	-0.579356	-0.166297
38475	9.625708	-0.314558	-1.757126	-0.067891	-0.020892	-0.017167	-0.149081	-0.077957	0.985747	-0.583597	0.811686	-0.024070	-0.798241	-0.578868	-0.166502
38476	9.614157	-0.433540	-1.782975	-0.061179	-0.024811	-0.016693	-0.149248	-0.078224	0.985701	-0.583138	0.812023	-0.023854	-0.798546	-0.578359	-0.166809
38477	9.628997	-0.484202	-1.671491	-0.026306	-0.030111	-0.012474	-0.149415	-0.078490	0.985654	-0.582957	0.812157	-0.023697	-0.798646	-0.578135	-0.167105
38478	9.656836	-0.511974	-1.613394	0.007918	-0.029116	-0.011162	-0.149650	-0.078737	0.985599	-0.583041	0.812099	-0.023650	-0.798541	-0.578184	-0.167437
38479	9.701306	-0.522232	-1.554299	0.037389	-0.029794	-0.014760	-0.149786	-0.078992	0.985558	-0.583560	0.811726	-0.023631	-0.798136	-0.578672	-0.167682
38480	9.742739	-0.465728	-1.432579	0.065283	-0.027959	-0.022343	-0.149945	-0.079323	0.985507	-0.584118	0.811326	-0.023570	-0.797698	-0.579187	-0.167989
38481	9.827289	-0.282100	-1.299574	0.079580	-0.016648	-0.036533	-0.149948	-0.079628	0.985482	-0.584731	0.810888	-0.023450	-0.797249	-0.579758	-0.168151
38482	9.889584	-0.111097	-1.132728	0.063662	-0.005488	-0.046050	-0.149789	-0.080021	0.985475	-0.585311	0.810478	-0.023154	-0.796853	-0.580277	-0.168237
38483	9.924087	-0.039570	-1.116599	0.039678	0.010955	-0.051764	-0.149482	-0.080349	0.985494	-0.585711	0.810200	-0.022786	-0.796616	-0.580621	-0.168171
38484	9.781599	-0.000139	-1.178501	0.021170	0.025302	-0.050130	-0.149054	-0.080596	0.985539	-0.585958	0.810032	-0.022377	-0.796515	-0.580820	-0.167964
38485	9.638801	-0.021869	-1.356241	-0.003031	0.024973	-0.047429	-0.148545	-0.080845	0.985596	-0.586245	0.809837	-0.021928	-0.796399	-0.581058	-0.167692
38486	9.573908	-0.119024	-1.459496	-0.009025	0.018486	-0.038875	-0.148236	-0.081041	0.985626	-0.586235	0.809853	-0.021580	-0.796464	-0.581008	-0.167558
38487	9.611574	-0.176012	-1.620579	-0.012470	0.020420	-0.029252	-0.147939	-0.081167	0.985660	-0.586233	0.809862	-0.021298	-0.796521	-0.580977	-0.167393
38488	9.734827	-0.271687	-1.957509	-0.006096	-0.003249	-0.022492	-0.147899	-0.081356	0.985651	-0.586222	0.809875	-0.021116	-0.796536	-0.580933	-0.167473
38489	10.031850	-0.246039	-1.909902	-0.011723	-0.015394	-0.021886	-0.148004	-0.081539	0.985620	-0.586080	0.809981	-0.020999	-0.796621	-0.580760	-0.167669
38490	9.952468	0.013176	-1.547875	-0.037334	0.005569	-0.034652	-0.147823	-0.081776	0.985627	-0.585838	0.810165	-0.020645	-0.796833	-0.580469	-0.167668
38491	9.635564	0.143893	-1.544993	-0.083183	0.019566	-0.057097	-0.147368	-0.082053	0.985672	-0.585350	0.810533	-0.020042	-0.797276	-0.579916	-0.167477
38492	9.556334	-0.026839	-1.854402	-0.135903	0.009986	-0.058921	-0.147011	-0.082461	0.985692	-0.584357	0.811268	-0.019285	-0.798070	-0.578830	-0.167452
38493	9.650056	-0.367843	-1.886776	-0.155540	0.010945	-0.053941	-0.146725	-0.082768	0.985709	-0.582967	0.812283	-0.018570	-0.799138	-0.577360	-0.167433
38494	9.536855	-0.655265	-1.855175	-0.134935	0.031557	-0.041327	-0.146298	-0.082910	0.985760	-0.581953	0.813023	-0.017988	-0.799954	-0.576298	-0.167194
38495	9.508089	-0.651868	-1.928520	-0.094588	0.026317	-0.032813	-0.145859	-0.082946	0.985822	-0.581388	0.813437	-0.017579	-0.800446	-0.575709	-0.166871
38496	9.632443	-0.562124	-1.913854	-0.065607	0.032965	-0.034085	-0.145464	-0.083021	0.985874	-0.580917	0.813782	-0.017184	-0.800860	-0.575210	-0.166604
38497	9.643820	-0.535790	-1.876358	-0.059010	0.030680	-0.039273	-0.144991	-0.083173	0.985931	-0.580707	0.813941	-0.016735	-0.801098	-0.574963	-0.166313
38498	9.616849	-0.641460	-1.795661	-0.050622	0.045224	-0.049296	-0.144409	-0.083302	0.986006	-0.580377	0.814186	-0.016215	-0.801442	-0.574597	-0.165922
38499	9.663932	-0.615305	-1.714860	-0.018966	0.051254	-0.062160	-0.143709	-0.083442	0.986096	-0.580282	0.814265	-0.015666	-0.801636	-0.574465	-0.165437
38500	9.577694	-0.563775	-1.677590	0.000929	0.042294	-0.074656	-0.143003	-0.083794	0.986169	-0.580402	0.814193	-0.014982	-0.801676	-0.574516	-0.165066
38501	9.684810	-0.520474	-1.675827	0.016106	0.050856	-0.081144	-0.142133	-0.084132	0.986266	-0.580700	0.813993	-0.014249	-0.801614	-0.574750	-0.164551
38502	9.660295	-0.520799	-1.691949	0.029454	0.053912	-0.092860	-0.141228	-0.084566	0.986359	-0.581073	0.813741	-0.013433	-0.801504	-0.575043	-0.164062
38503	9.638491	-0.466744	-1.537566	0.044922	0.037988	-0.095902	-0.140380	-0.085080	0.986435	-0.581711	0.813297	-0.012637	-0.801190	-0.575595	-0.163662
38504	9.664460	-0.389937	-1.395818	0.067608	0.029645	-0.092454	-0.139670	-0.085648	0.986487	-0.582387	0.812825	-0.011886	-0.800823	-0.576178	-0.163408
38505	9.808776	-0.253002	-1.310540	0.082775	0.024415	-0.088421	-0.139001	-0.086081	0.986544	-0.583050	0.812358	-0.011268	-0.800457	-0.576771	-0.163108
38506	9.748338	-0.252821	-1.370609	0.082094	0.031260	-0.088726	-0.138300	-0.086608	0.986596	-0.583835	0.811804	-0.010577	-0.800006	-0.577472	-0.162837
38507	9.736022	-0.269410	-1.314690	0.093171	0.020136	-0.089767	-0.137673	-0.087138	0.986637	-0.584692	0.811194	-0.009943	-0.799488	-0.578248	-0.162628
38508	9.735457	-0.201125	-1.195331	0.090877	0.029510	-0.094065	-0.136953	-0.087717	0.986686	-0.585553	0.810582	-0.009214	-0.798982	-0.579019	-0.162374
38509	9.661715	-0.093127	-1.198595	0.080164	0.035604	-0.098415	-0.136206	-0.088241	0.986743	-0.586178	0.810138	-0.008466	-0.798651	-0.579560	-0.162071
38510	9.633117	-0.087136	-1.270667	0.061718	0.034152	-0.102967	-0.135396	-0.088864	0.986798	-0.586816	0.809685	-0.007601	-0.798320	-0.580098	-0.161775
38511	9.598577	-0.121995	-1.710216	0.047682	0.027948	-0.109484	-0.134536	-0.089528	0.986856	-0.587374	0.809288	-0.006656	-0.798055	-0.580549	-0.161465
38512	10.184540	-0.362814	-1.895000	0.048821	-0.044004	-0.104567	-0.134339	-0.090617	0.986783	-0.587909	0.808907	-0.005754	-0.797694	-0.580912	-0.161942
38513	10.554632	-0.092408	-1.277038	0.020384	-0.004946	-0.089290	-0.133771	-0.091378	0.986790	-0.588472	0.808503	-0.004906	-0.797374	-0.581355	-0.161927
38514	9.776191	0.352999	-0.740327	-0.035791	0.044126	-0.113520	-0.132817	-0.092027	0.986859	-0.588343	0.808602	-0.003779	-0.797629	-0.581114	-0.161540
38515	9.297863	0.569479	-0.916246	-0.118362	0.024780	-0.143398	-0.131745	-0.092933	0.986918	-0.587665	0.809101	-0.002259	-0.798306	-0.580275	-0.161209
38516	9.534458	0.358289	-1.216761	-0.189015	0.012933	-0.136498	-0.130906	-0.093950	0.986933	-0.586340	0.810065	-0.000658	-0.799418	-0.578764	-0.161130
38517	9.634309	-0.037367	-1.275785	-0.204626	0.037214	-0.109958	-0.130020	-0.094534	0.986994	-0.584811	0.811170	0.000655	-0.800682	-0.577120	-0.160753
38518	9.401470	-0.395056	-1.452448	-0.185820	0.051316	-0.094220	-0.129124	-0.094990	0.987068	-0.583449	0.812148	0.001832	-0.801819	-0.575668	-0.160290
38519	9.407069	-0.472451	-1.668753	-0.120942	0.028354	-0.096473	-0.128382	-0.095508	0.987115	-0.582572	0.812774	0.002872	-0.802576	-0.574697	-0.159986
38520	9.625755	-0.263360	-1.647015	-0.072884	0.015644	-0.107221	-0.127698	-0.096277	0.987129	-0.582130	0.813086	0.003996	-0.803006	-0.574127	-0.159875
38521	9.595646	-0.131639	-1.574916	-0.064201	0.018150	-0.118649	-0.126883	-0.097053	0.987158	-0.581711	0.813379	0.005199	-0.803438	-0.573582	-0.159661
38522	9.516407	-0.148561	-1.550467	-0.062253	0.002509	-0.121318	-0.126223	-0.098012	0.987148	-0.581370	0.813614	0.006444	-0.803789	-0.573085	-0.159678
38523	9.556588	-0.431047	-1.532010	-0.040981	-0.002694	-0.119205	-0.125688	-0.098861	0.987132	-0.580943	0.813909	0.007543	-0.804181	-0.572519	-0.159731
38524	9.619898	-0.636554	-1.517363	0.002503	-0.004263	-0.114765	-0.125121	-0.099805	0.987109	-0.581113	0.813777	0.008621	-0.804147	-0.572543	-0.159819
38525	9.611543	-0.594542	-1.381518	0.052823	-0.009679	-0.109834	-0.124559	-0.100674	0.987092	-0.581672	0.813368	0.009556	-0.803830	-0.572973	-0.159872
38526	9.575203	-0.212008	-1.161021	0.092454	-0.013699	-0.105746	-0.124119	-0.101599	0.987052	-0.582552	0.812727	0.010401	-0.803261	-0.573718	-0.160062
38527	9.556177	0.169155	-1.184927	0.087200	-0.017410	-0.101367	-0.123708	-0.102421	0.987019	-0.583324	0.812163	0.011165	-0.802764	-0.574370	-0.160216
38528	9.999730	0.131647	-1.418921	0.073145	-0.036785	-0.085914	-0.123568	-0.103316	0.986943	-0.584023	0.811651	0.011845	-0.802277	-0.574934	-0.160633
38529	10.582244	-0.179778	-1.229700	0.056273	-0.011665	-0.054992	-0.123383	-0.103734	0.986922	-0.584406	0.811370	0.012220	-0.802027	-0.575255	-0.160732
38530	10.263237	-0.212129	-0.858780	0.105450	0.058989	-0.053694	-0.122662	-0.103816	0.987004	-0.585323	0.810703	0.012530	-0.801468	-0.576179	-0.160208
38531	9.778764	0.130261	-1.170018	0.180549	0.066503	-0.093801	-0.121603	-0.104110	0.987104	-0.586936	0.809527	0.013075	-0.800449	-0.577777	-0.159547
38532	9.642998	0.716020	-1.391148	0.219874	0.047541	-0.109379	-0.120646	-0.104705	0.987158	-0.588833	0.808137	0.013753	-0.799200	-0.579613	-0.159152
38533	9.405051	1.130834	-1.616816	0.182991	0.039714	-0.115049	-0.119626	-0.105348	0.987214	-0.590482	0.806920	0.014557	-0.798136	-0.581190	-0.158734
38534	9.222078	1.181016	-1.919293	0.125995	0.016070	-0.111949	-0.118901	-0.106144	0.987216	-0.591626	0.806065	0.015410	-0.797396	-0.582231	-0.158640
38535	9.275508	1.052349	-2.036957	0.069455	-0.019136	-0.098684	-0.118527	-0.106883	0.987182	-0.592129	0.805681	0.016137	-0.797079	-0.582626	-0.158784
38536	9.354728	0.925706	-1.992153	0.010715	-0.023886	-0.088213	-0.118261	-0.107719	0.987123	-0.592325	0.805521	0.016939	-0.796973	-0.582694	-0.159066
38537	9.435647	0.666059	-1.861844	-0.036671	-0.023981	-0.078887	-0.118047	-0.108355	0.987078	-0.591930	0.805795	0.017665	-0.797297	-0.582197	-0.159261
38538	9.408730	0.490297	-1.583860	-0.066634	-0.018943	-0.070058	-0.117849	-0.109016	0.987029	-0.591487	0.806104	0.018411	-0.797655	-0.581646	-0.159481
38539	9.424837	0.446171	-1.470957	-0.092356	-0.024496	-0.067475	-0.117670	-0.109623	0.986984	-0.590801	0.806590	0.019151	-0.798190	-0.580858	-0.159677
38540	9.634760	0.400617	-1.393142	-0.132554	-0.033889	-0.065607	-0.117619	-0.110335	0.986910	-0.589826	0.807284	0.019958	-0.798919	-0.579758	-0.160030
38541	9.698822	0.317835	-1.322430	-0.139623	-0.052070	-0.050490	-0.117765	-0.110963	0.986822	-0.588708	0.808083	0.020610	-0.799721	-0.578524	-0.160489
38542	9.681503	0.169391	-1.155618	-0.131807	-0.053666	-0.043248	-0.118006	-0.111608	0.986721	-0.587711	0.808794	0.021196	-0.800419	-0.577405	-0.161036
38543	9.731897	0.161229	-1.132999	-0.070251	-0.067919	-0.022645	-0.118390	-0.112127	0.986616	-0.587248	0.809122	0.021488	-0.800702	-0.576844	-0.161639
38544	9.720887	0.488580	-1.103814	0.010000	-0.073672	-0.010366	-0.118985	-0.112621	0.986488	-0.587346	0.809050	0.021522	-0.800542	-0.576849	-0.162412
38545	9.651980	0.979103	-0.855514	0.034313	-0.077403	-0.009473	-0.119586	-0.113086	0.986362	-0.587577	0.808883	0.021500	-0.800283	-0.576993	-0.163177
38546	9.893434	1.298602	-1.098716	0.013388	-0.088891	-0.000560	-0.120359	-0.113588	0.986211	-0.587690	0.808802	0.021432	-0.800084	-0.577007	-0.164101
38547	10.401626	1.154350	-1.653011	-0.021016	-0.086873	0.011697	-0.121143	-0.113937	0.986074	-0.587446	0.808983	0.021305	-0.800144	-0.576685	-0.164934
38548	10.688462	0.811283	-1.574552	-0.070808	-0.070529	0.035280	-0.121980	-0.114043	0.985959	-0.586842	0.809428	0.021022	-0.800461	-0.576038	-0.165659
38549	9.950725	0.774303	-1.266782	-0.097095	-0.013372	0.021347	-0.122215	-0.113862	0.985951	-0.585962	0.810069	0.020917	-0.801070	-0.575173	-0.165722
38550	9.681873	0.559133	-1.382818	-0.110665	-0.019647	0.008534	-0.122488	-0.113891	0.985914	-0.585070	0.810712	0.020964	-0.801680	-0.574260	-0.165936
38551	10.112987	0.389279	-1.377175	-0.128304	0.000715	0.004535	-0.122498	-0.113755	0.985928	-0.584008	0.811474	0.021066	-0.802452	-0.573210	-0.165837
38552	9.734862	0.361548	-1.438808	-0.118054	0.060082	-0.008072	-0.122033	-0.113461	0.986020	-0.583076	0.812139	0.021289	-0.803200	-0.572326	-0.165264
38553	9.551208	0.439836	-1.718951	-0.108584	0.074591	-0.017176	-0.121372	-0.113065	0.986147	-0.582108	0.812826	0.021549	-0.804002	-0.571429	-0.164470
38554	9.472272	0.559362	-2.001698	-0.116379	0.059008	-0.018689	-0.120853	-0.112864	0.986233	-0.581200	0.813467	0.021872	-0.804737	-0.570555	-0.163907
38555	9.355225	0.570455	-2.052737	-0.152835	0.057817	-0.014766	-0.120326	-0.112590	0.986329	-0.579969	0.814336	0.022204	-0.805703	-0.569368	-0.163284
38556	9.372510	0.246284	-2.120027	-0.162234	0.044274	-0.000509	-0.120031	-0.112326	0.986395	-0.578666	0.815256	0.022422	-0.806683	-0.568103	-0.162855
38557	9.341533	-0.041392	-2.149691	-0.136065	0.012476	0.008761	-0.120036	-0.112087	0.986422	-0.577429	0.816131	0.022470	-0.807568	-0.566891	-0.162688
38558	9.519370	-0.028401	-2.170681	-0.084682	-0.001642	0.016939	-0.120212	-0.111942	0.986417	-0.576730	0.816628	0.022389	-0.808042	-0.566205	-0.162729
38559	9.666887	0.188511	-2.022902	-0.041896	-0.019979	0.019815	-0.120528	-0.111804	0.986394	-0.576240	0.816979	0.022191	-0.808344	-0.565725	-0.162895
38560	9.725126	0.445832	-1.842550	-0.055049	-0.014382	0.015637	-0.120799	-0.111742	0.986368	-0.575781	0.817306	0.022074	-0.808631	-0.565265	-0.163069
38561	9.689432	0.591907	-1.668955	-0.079139	-0.013346	0.006289	-0.120998	-0.111708	0.986347	-0.575032	0.817833	0.022082	-0.809134	-0.564509	-0.163192
38562	9.544218	0.576990	-1.518836	-0.106113	-0.018249	0.001621	-0.121220	-0.111782	0.986312	-0.574176	0.818431	0.022188	-0.809708	-0.563627	-0.163392
38563	9.628231	0.529658	-1.377133	-0.115809	-0.014836	0.007567	-0.121434	-0.111759	0.986288	-0.573173	0.819133	0.022248	-0.810387	-0.562612	-0.163527
38564	9.667490	0.460570	-1.312386	-0.101138	-0.018294	0.012216	-0.121716	-0.111745	0.986255	-0.572343	0.819713	0.022241	-0.810931	-0.561769	-0.163729
38565	9.696044	0.235076	-1.642144	-0.076093	-0.020240	0.026148	-0.122157	-0.111542	0.986223	-0.571546	0.820275	0.021979	-0.811426	-0.560987	-0.163954
38566	10.262715	-0.068078	-1.888270	-0.045456	-0.058321	0.047836	-0.122968	-0.111460	0.986132	-0.571124	0.820582	0.021530	-0.811601	-0.560556	-0.164563
38567	10.428251	-0.377571	-1.380259	-0.038131	-0.025610	0.072485	-0.123690	-0.110944	0.986099	-0.570640	0.820937	0.020784	-0.811832	-0.560137	-0.164851
38568	10.036364	-0.246090	-0.916374	0.026901	0.029703	0.051423	-0.123807	-0.110338	0.986153	-0.570800	0.820841	0.020181	-0.811702	-0.560397	-0.164607
38569	9.854800	0.273278	-1.164545	0.077260	0.040839	0.014119	-0.123618	-0.109916	0.986224	-0.571286	0.820511	0.019839	-0.811388	-0.560963	-0.164224
38570	9.836440	0.663544	-1.495137	0.064061	0.055175	-0.008504	-0.123186	-0.109659	0.986306	-0.571821	0.820140	0.019766	-0.811077	-0.561556	-0.163735
38571	9.629053	0.723744	-1.654778	0.029964	0.081800	-0.021013	-0.122436	-0.109276	0.986442	-0.571924	0.820066	0.019858	-0.811118	-0.561739	-0.162903
38572	9.352257	0.459795	-1.815998	0.012765	0.093704	-0.012726	-0.121668	-0.108837	0.986586	-0.572048	0.819978	0.019911	-0.811146	-0.561952	-0.162025
38573	9.261951	0.414679	-1.872779	0.007128	0.102978	-0.001633	-0.120911	-0.108220	0.986747	-0.572097	0.819947	0.019824	-0.811225	-0.562117	-0.161053
38574	9.383242	0.302197	-1.708361	-0.013454	0.106317	0.018020	-0.120216	-0.107457	0.986915	-0.571970	0.820040	0.019616	-0.811417	-0.562128	-0.160044
38575	9.369653	-0.044931	-1.619040	-0.034484	0.117653	0.045255	-0.119565	-0.106392	0.987109	-0.571601	0.820308	0.019178	-0.811774	-0.561940	-0.158894
38576	9.401075	-0.191357	-1.749859	-0.033637	0.103662	0.049399	-0.119070	-0.105387	0.987277	-0.571274	0.820547	0.018691	-0.812077	-0.561780	-0.157907
38577	9.490630	-0.100879	-1.856289	-0.013464	0.072253	0.040814	-0.118808	-0.104613	0.987391	-0.571109	0.820672	0.018231	-0.812231	-0.561742	-0.157248
38578	9.470261	0.184215	-1.614505	0.011931	0.042087	0.028317	-0.118693	-0.104127	0.987456	-0.571177	0.820632	0.017880	-0.812200	-0.561890	-0.156878
38579	9.661512	0.573572	-1.308928	-0.006479	0.012489	0.028436	-0.118805	-0.103750	0.987482	-0.570981	0.820776	0.017539	-0.812322	-0.561749	-0.156752
38580	9.532265	0.889727	-1.535616	-0.058456	-0.004761	0.048742	-0.119187	-0.103359	0.987477	-0.570452	0.821153	0.017097	-0.812637	-0.561271	-0.156832
38581	9.668864	0.920070	-1.408569	-0.121956	-0.044811	0.070511	-0.119980	-0.102998	0.987419	-0.569316	0.821952	0.016561	-0.813317	-0.560166	-0.157256
38582	9.788976	0.553555	-1.376056	-0.197898	-0.018301	0.084912	-0.120676	-0.102384	0.987398	-0.567608	0.823144	0.015982	-0.814407	-0.558526	-0.157448
38583	9.848782	0.115805	-1.436494	-0.167541	-0.002461	0.100255	-0.121291	-0.101531	0.987411	-0.566026	0.824247	0.015225	-0.815416	-0.557053	-0.157443
38584	9.868723	-0.016279	-1.298410	-0.111079	0.027271	0.094756	-0.121668	-0.100580	0.987462	-0.565009	0.824959	0.014411	-0.816065	-0.556171	-0.157200
38585	9.859459	0.017393	-1.300141	-0.087267	0.038750	0.077055	-0.121764	-0.099710	0.987538	-0.564106	0.825587	0.013803	-0.816675	-0.555396	-0.156774
38586	9.875722	0.104198	-1.405625	-0.082522	0.048713	0.060987	-0.121774	-0.098918	0.987616	-0.563362	0.826103	0.013278	-0.817187	-0.554769	-0.156325
38587	9.825943	-0.053231	-1.363178	-0.079217	0.054409	0.047453	-0.121667	-0.098171	0.987704	-0.562586	0.826639	0.012862	-0.817737	-0.554104	-0.155804
38588	9.760169	-0.154883	-1.433691	-0.035385	0.052523	0.052048	-0.121594	-0.097431	0.987786	-0.562238	0.826883	0.012350	-0.817988	-0.553869	-0.155324
38589	9.735190	-0.107017	-1.420751	0.044522	0.033071	0.059564	-0.121681	-0.096704	0.987847	-0.562422	0.826768	0.011657	-0.817848	-0.554169	-0.154990
38590	9.782876	0.158092	-1.305936	0.077788	0.030828	0.068955	-0.121881	-0.095945	0.987897	-0.562979	0.826401	0.010803	-0.817435	-0.554848	-0.154738
38591	9.770635	0.384557	-1.270629	0.057075	0.029877	0.069611	-0.122137	-0.095157	0.987941	-0.563378	0.826139	0.009923	-0.817121	-0.555373	-0.154511
38592	9.771262	0.377937	-1.267795	0.000713	0.030398	0.058372	-0.122281	-0.094488	0.987988	-0.563317	0.826189	0.009293	-0.817142	-0.555414	-0.154254
38593	9.764989	0.270870	-1.134338	-0.057205	0.039054	0.044922	-0.122272	-0.093844	0.988050	-0.562714	0.826604	0.008874	-0.817559	-0.554905	-0.153878
38594	9.739646	-0.000732	-1.132340	-0.079755	0.039939	0.036377	-0.122214	-0.093303	0.988108	-0.562022	0.827078	0.008584	-0.818044	-0.554289	-0.153519
38595	9.672762	-0.205759	-1.109011	-0.060021	0.026508	0.033662	-0.122207	-0.092859	0.988151	-0.561414	0.827493	0.008330	-0.818462	-0.553743	-0.153258
38596	9.688902	-0.159015	-1.089849	-0.030246	0.020977	0.031195	-0.122274	-0.092467	0.988180	-0.561132	0.827687	0.008016	-0.818645	-0.553519	-0.153091
38597	9.787551	0.002536	-0.994322	-0.000836	-0.001746	0.043180	-0.122579	-0.092067	0.988179	-0.561016	0.827771	0.007531	-0.818679	-0.553461	-0.153119
38598	9.880334	0.085360	-1.052898	-0.009202	0.015852	0.042265	-0.122751	-0.091611	0.988200	-0.560893	0.827858	0.007075	-0.818738	-0.553406	-0.153004
38599	9.880469	0.019182	-1.081700	-0.005990	0.020448	0.045899	-0.122931	-0.091051	0.988230	-0.560763	0.827950	0.006528	-0.818800	-0.553360	-0.152839
38600	9.804409	-0.134297	-1.206298	0.013133	0.024414	0.043906	-0.123041	-0.090534	0.988263	-0.560821	0.827915	0.006021	-0.818743	-0.553498	-0.152641
38601	9.813948	-0.210883	-1.213857	0.043104	0.032425	0.044570	-0.123071	-0.089939	0.988314	-0.561066	0.827753	0.005460	-0.818571	-0.553837	-0.152334
38602	9.671932	-0.090156	-1.230133	0.077291	0.029402	0.036238	-0.123098	-0.089458	0.988354	-0.561658	0.827355	0.004932	-0.818161	-0.554510	-0.152091
38603	9.617336	0.132641	-1.413851	0.094561	0.035215	0.025054	-0.122942	-0.089031	0.988412	-0.562349	0.826887	0.004535	-0.817709	-0.555276	-0.151726
38604	9.634749	0.221082	-1.521491	0.098260	0.011763	0.027068	-0.123062	-0.088723	0.988425	-0.563123	0.826363	0.004066	-0.817158	-0.556105	-0.151656
38605	9.533305	0.120844	-1.639127	0.098372	-0.002737	0.034836	-0.123342	-0.088397	0.988419	-0.563862	0.825862	0.003497	-0.816607	-0.556901	-0.151707
38606	9.668568	-0.038330	-1.602257	0.107545	-0.031417	0.042087	-0.123900	-0.088207	0.988367	-0.564692	0.825297	0.002865	-0.815949	-0.557767	-0.152064
38607	9.768536	-0.053139	-1.391147	0.086368	-0.031948	0.051599	-0.124504	-0.087908	0.988317	-0.565317	0.824871	0.002154	-0.815424	-0.558444	-0.152395
38608	9.689820	0.078374	-1.438157	0.065265	-0.029789	0.038324	-0.125027	-0.087740	0.988266	-0.565805	0.824537	0.001623	-0.815005	-0.558963	-0.152734
38609	9.604514	0.183739	-1.466490	0.049154	-0.030217	0.013753	-0.125400	-0.087749	0.988218	-0.566158	0.824296	0.001351	-0.814703	-0.559318	-0.153047
38610	9.673054	0.085831	-1.431012	0.027655	-0.040083	0.014134	-0.125871	-0.087839	0.988150	-0.566369	0.824151	0.001116	-0.814483	-0.559517	-0.153486
38611	9.735274	0.021472	-1.346810	0.009757	-0.033483	0.026855	-0.126357	-0.087788	0.988093	-0.566461	0.824088	0.000778	-0.814344	-0.559617	-0.153858
38612	9.767703	-0.212166	-1.271029	0.006542	-0.022876	0.043020	-0.126851	-0.087544	0.988051	-0.566463	0.824087	0.000291	-0.814265	-0.559658	-0.154127
38613	9.738531	-0.280900	-1.379169	0.033004	-0.022933	0.057581	-0.127456	-0.087118	0.988011	-0.566611	0.823986	-0.000439	-0.814068	-0.559873	-0.154384
38614	9.815607	-0.157194	-1.412972	0.051957	-0.027026	0.054234	-0.128048	-0.086804	0.987962	-0.566968	0.823739	-0.001108	-0.813727	-0.560285	-0.154693
38615	9.864729	0.048052	-1.335026	0.025643	-0.008659	0.039265	-0.128408	-0.086496	0.987942	-0.567161	0.823605	-0.001609	-0.813535	-0.560529	-0.154815
38616	9.792664	0.168235	-1.271007	-0.021448	0.010478	0.019315	-0.128496	-0.086260	0.987951	-0.566966	0.823739	-0.001819	-0.813658	-0.560368	-0.154754
38617	9.745778	0.186213	-1.385703	-0.050326	0.022105	-0.002496	-0.128330	-0.086107	0.987986	-0.566501	0.824059	-0.001763	-0.814007	-0.559922	-0.154531
38618	9.653214	0.081816	-1.480236	-0.058927	0.025694	-0.009147	-0.128133	-0.086020	0.988019	-0.566037	0.824378	-0.001634	-0.814361	-0.559465	-0.154320
38619	9.617277	-0.102208	-1.610332	-0.060650	0.023098	0.010100	-0.128009	-0.085802	0.988055	-0.565531	0.824725	-0.001650	-0.814732	-0.558987	-0.154096
38620	9.684820	-0.385699	-1.660384	-0.044146	0.012960	0.027489	-0.128123	-0.085484	0.988067	-0.565140	0.824993	-0.001906	-0.814986	-0.558640	-0.154011
38621	9.711111	-0.635419	-1.704258	-0.017853	0.012040	0.036836	-0.128292	-0.085045	0.988083	-0.564881	0.825169	-0.002321	-0.815139	-0.558447	-0.153903
38622	9.669330	-0.696721	-1.741364	0.022712	0.015591	0.036154	-0.128433	-0.084641	0.988100	-0.565023	0.825070	-0.002765	-0.815018	-0.558655	-0.153790
38623	9.674077	-0.571748	-1.767342	0.057401	0.009949	0.021966	-0.128533	-0.084355	0.988111	-0.565429	0.824791	-0.003139	-0.814720	-0.559110	-0.153710
38624	9.635906	-0.309711	-1.795967	0.054400	0.003722	0.001638	-0.128576	-0.084302	0.988110	-0.565874	0.824485	-0.003291	-0.814405	-0.559569	-0.153713
38625	9.552846	-0.045419	-1.745894	0.015625	-0.001918	-0.013459	-0.128603	-0.084385	0.988099	-0.566081	0.824343	-0.003277	-0.814256	-0.559766	-0.153781
38626	9.556947	0.104541	-1.617339	-0.029812	-0.015149	-0.019072	-0.128682	-0.084608	0.988070	-0.565867	0.824491	-0.003095	-0.814393	-0.559514	-0.153974
38627	9.541419	-0.084762	-1.499507	-0.080252	-0.010858	-0.018577	-0.128737	-0.084754	0.988050	-0.565189	0.824956	-0.002876	-0.814855	-0.558806	-0.154105
38628	9.655932	-0.321202	-1.405905	-0.079290	-0.011308	-0.011376	-0.128829	-0.084893	0.988027	-0.564561	0.825387	-0.002694	-0.815275	-0.558149	-0.154261
38629	9.772303	-0.423335	-1.393621	-0.061880	-0.002320	0.004567	-0.128964	-0.084785	0.988018	-0.564005	0.825767	-0.002757	-0.815639	-0.557603	-0.154313
38630	9.883214	-0.430029	-1.300699	-0.050567	0.018826	-0.007284	-0.128833	-0.084721	0.988041	-0.563606	0.826040	-0.002660	-0.815935	-0.557208	-0.154171
38631	9.937894	-0.407048	-1.343732	-0.053255	0.009154	-0.016327	-0.128768	-0.084747	0.988047	-0.563242	0.826288	-0.002533	-0.816197	-0.556835	-0.154132
38632	10.163179	-0.445862	-1.259933	-0.047330	0.035954	-0.030765	-0.128365	-0.084782	0.988096	-0.562899	0.826523	-0.002209	-0.816497	-0.556482	-0.153820
38633	10.194198	-0.570938	-1.185655	-0.031895	0.068232	-0.060628	-0.127474	-0.084858	0.988205	-0.562607	0.826723	-0.001583	-0.816837	-0.556173	-0.153127
38634	10.254643	-0.598945	-0.985923	-0.003502	0.111852	-0.094456	-0.126093	-0.084998	0.988370	-0.562702	0.826659	-0.000697	-0.816986	-0.556246	-0.152064
38635	9.769167	-0.352911	-1.016344	0.035324	0.132821	-0.129205	-0.124312	-0.085309	0.988569	-0.563182	0.826332	0.000489	-0.816929	-0.556684	-0.150767
38636	9.206576	0.011667	-1.246646	0.057205	0.162968	-0.141857	-0.122245	-0.085554	0.988806	-0.563829	0.825890	0.001753	-0.816795	-0.557303	-0.149199
38637	9.008131	0.338496	-1.722995	0.062105	0.104861	-0.116188	-0.120806	-0.085843	0.988957	-0.564377	0.825513	0.002714	-0.816630	-0.557817	-0.148175
38638	9.219909	0.359873	-2.099341	0.001634	0.045633	-0.054122	-0.120192	-0.086017	0.989017	-0.564460	0.825454	0.003194	-0.816663	-0.557876	-0.147766
38639	9.482950	0.159111	-2.345679	-0.064684	0.012610	-0.014202	-0.120030	-0.086014	0.989037	-0.563849	0.825871	0.003395	-0.817109	-0.557260	-0.147628
38640	9.483281	-0.085968	-2.466993	-0.114300	-0.012284	-0.004582	-0.120168	-0.086101	0.989013	-0.562924	0.826501	0.003556	-0.817726	-0.556312	-0.147788
38641	9.475999	-0.420051	-2.249504	-0.152411	-0.022138	-0.020043	-0.120284	-0.086359	0.988976	-0.561722	0.827317	0.003923	-0.818535	-0.555058	-0.148022
38642	9.368903	-0.775396	-1.910705	-0.153643	-0.027447	-0.031646	-0.120395	-0.086754	0.988928	-0.560506	0.828138	0.004411	-0.819352	-0.553769	-0.148329
38643	9.454925	-0.929116	-1.709118	-0.079635	-0.038314	-0.040297	-0.120541	-0.087270	0.988865	-0.559960	0.828505	0.004860	-0.819704	-0.553139	-0.148736
38644	9.581753	-0.778452	-1.346262	0.020545	-0.046257	-0.048193	-0.120714	-0.087906	0.988788	-0.560191	0.828347	0.005253	-0.819521	-0.553276	-0.149237
38645	9.678742	-0.269003	-1.087157	0.098616	-0.053850	-0.051242	-0.120842	-0.088620	0.988708	-0.560996	0.827799	0.005631	-0.818951	-0.553981	-0.149749
38646	9.732516	0.356503	-0.988345	0.119600	-0.066610	-0.038861	-0.121233	-0.089292	0.988600	-0.562026	0.827099	0.005783	-0.818187	-0.554918	-0.150456
38647	9.749087	0.741877	-1.110255	0.067152	-0.081286	-0.021919	-0.121833	-0.089866	0.988474	-0.562561	0.826736	0.005824	-0.817730	-0.555367	-0.151279
38648	9.812743	0.828712	-1.253496	-0.011278	-0.080700	-0.006025	-0.122523	-0.090345	0.988345	-0.562480	0.826790	0.005848	-0.817683	-0.555208	-0.152118
38649	9.736940	0.723076	-1.513945	-0.079965	-0.073360	0.002313	-0.123188	-0.090670	0.988233	-0.561742	0.827292	0.005880	-0.818090	-0.554407	-0.152846
38650	9.736315	0.384314	-1.688142	-0.131678	-0.069009	-0.007075	-0.123777	-0.091092	0.988120	-0.560677	0.828012	0.006099	-0.818731	-0.553261	-0.153562
38651	9.773059	0.100327	-1.736221	-0.146659	-0.071126	-0.016213	-0.124307	-0.091547	0.988012	-0.559328	0.828922	0.006434	-0.819573	-0.551822	-0.154246
38652	9.832216	-0.135425	-1.801808	-0.132678	-0.067229	-0.031466	-0.124746	-0.092159	0.987899	-0.558283	0.829622	0.006898	-0.820219	-0.550667	-0.154943
38653	9.853043	-0.343122	-1.807159	-0.096113	-0.077044	-0.036078	-0.125215	-0.092840	0.987776	-0.557499	0.830145	0.007353	-0.820680	-0.549763	-0.155705
38654	9.898670	-0.463064	-1.604277	-0.057856	-0.094629	-0.035910	-0.125855	-0.093639	0.987620	-0.557073	0.830428	0.007746	-0.820872	-0.549201	-0.156677
38655	9.989026	-0.564463	-1.324518	-0.002006	-0.089900	-0.041600	-0.126432	-0.094428	0.987471	-0.557120	0.830393	0.008075	-0.820751	-0.549119	-0.157596
38656	10.041969	-0.607487	-0.966284	0.069019	-0.063617	-0.055652	-0.126707	-0.095220	0.987359	-0.557760	0.829959	0.008463	-0.820273	-0.549638	-0.158272
38657	9.939572	-0.228428	-0.558226	0.164252	-0.024752	-0.079529	-0.126549	-0.095947	0.987309	-0.559196	0.828988	0.008886	-0.819320	-0.550975	-0.158561
38658	9.737909	0.520043	-0.422286	0.216035	0.005820	-0.090293	-0.126059	-0.096644	0.987304	-0.561082	0.827707	0.009382	-0.818105	-0.552776	-0.158565
38659	9.735975	1.090698	-0.588088	0.186993	0.020776	-0.084894	-0.125445	-0.097204	0.987327	-0.562760	0.826561	0.009875	-0.817046	-0.554390	-0.158390
38660	9.699943	1.276884	-0.836739	0.098312	0.029704	-0.057384	-0.124942	-0.097494	0.987362	-0.563639	0.825958	0.010233	-0.816517	-0.555237	-0.158148
38661	9.665575	1.108700	-1.109528	0.011228	0.030659	-0.050048	-0.124433	-0.097716	0.987405	-0.563826	0.825825	0.010672	-0.816466	-0.555397	-0.157855
38662	9.619584	0.791157	-1.389791	-0.047859	0.030950	-0.052234	-0.123949	-0.097956	0.987442	-0.563504	0.826037	0.011210	-0.816762	-0.555038	-0.157586
38663	9.557488	0.579980	-1.610995	-0.074793	0.024081	-0.054018	-0.123484	-0.098228	0.987473	-0.562926	0.826423	0.011813	-0.817231	-0.554416	-0.157345
38664	9.472905	0.415301	-1.770773	-0.093150	0.008136	-0.050937	-0.123194	-0.098584	0.987474	-0.562231	0.826887	0.012410	-0.817752	-0.553660	-0.157295
38665	9.476404	0.321270	-1.762672	-0.109808	-0.018094	-0.042633	-0.123179	-0.098966	0.987437	-0.561318	0.827499	0.012914	-0.818382	-0.552676	-0.157482
38666	9.610044	0.212892	-1.766341	-0.129332	-0.037127	-0.029208	-0.123383	-0.099393	0.987369	-0.560299	0.828183	0.013353	-0.819049	-0.551574	-0.157873
38667	9.673510	0.080576	-1.572064	-0.124861	-0.047597	-0.010629	-0.123792	-0.099677	0.987289	-0.559251	0.828888	0.013563	-0.819704	-0.550463	-0.158355
38668	9.692303	-0.011572	-1.425744	-0.102292	-0.056047	-0.000866	-0.124310	-0.099973	0.987194	-0.558417	0.829448	0.013681	-0.820194	-0.549565	-0.158936
38669	9.608291	0.059159	-1.417096	-0.080942	-0.069833	-0.002718	-0.124926	-0.100341	0.987079	-0.557800	0.829861	0.013763	-0.820520	-0.548873	-0.159642
38670	9.626045	0.101787	-1.353321	-0.053822	-0.083020	0.005000	-0.125698	-0.100735	0.986941	-0.557356	0.830160	0.013747	-0.820703	-0.548349	-0.160495
38671	9.618824	0.073130	-1.342607	-0.038267	-0.077762	0.010004	-0.126467	-0.101005	0.986815	-0.556952	0.830433	0.013622	-0.820860	-0.547886	-0.161278
38672	9.656214	0.014677	-1.426443	-0.013616	-0.066208	0.011072	-0.127136	-0.101256	0.986703	-0.556830	0.830517	0.013481	-0.820839	-0.547712	-0.161971
38673	9.928444	0.092299	-1.317228	0.020074	-0.066604	0.008474	-0.127806	-0.101505	0.986591	-0.557057	0.830368	0.013269	-0.820581	-0.547892	-0.162670
38674	10.092290	0.292239	-1.182134	0.033995	-0.027733	0.007169	-0.128137	-0.101577	0.986541	-0.557331	0.830187	0.013090	-0.820343	-0.548152	-0.162990
38675	10.171062	0.494717	-0.971746	0.027735	0.002568	0.001528	-0.128141	-0.101524	0.986546	-0.557532	0.830054	0.013003	-0.820206	-0.548365	-0.162967
38676	9.944783	0.595931	-1.018011	-0.005907	0.047887	-0.017438	-0.127714	-0.101387	0.986615	-0.557510	0.830067	0.013131	-0.820288	-0.548370	-0.162535
38677	9.821146	0.529852	-1.224238	-0.041456	0.063332	-0.023478	-0.127123	-0.101180	0.986713	-0.557175	0.830288	0.013357	-0.820607	-0.548074	-0.161923
38678	9.723738	0.411453	-1.438277	-0.066860	0.076889	-0.025018	-0.126415	-0.100947	0.986828	-0.556662	0.830627	0.013658	-0.821065	-0.547603	-0.161197
38679	9.608647	0.176624	-1.612102	-0.062818	0.080171	-0.019403	-0.125730	-0.100610	0.986950	-0.556200	0.830933	0.013850	-0.821482	-0.547200	-0.160433
38680	9.569485	0.010763	-1.848291	-0.034885	0.055031	-0.010688	-0.125282	-0.100378	0.987030	-0.555931	0.831111	0.013958	-0.821733	-0.546972	-0.159926
38681	9.592677	-0.020158	-2.049371	-0.010889	0.024444	-0.004565	-0.125097	-0.100241	0.987068	-0.555830	0.831178	0.013966	-0.821829	-0.546895	-0.159695
38682	9.464833	0.104998	-2.221554	0.006084	-0.002604	-0.001516	-0.125174	-0.100247	0.987057	-0.555886	0.831142	0.013918	-0.821780	-0.546949	-0.159763
38683	9.244165	0.202750	-2.307231	0.013926	-0.051677	0.005310	-0.125655	-0.100444	0.986976	-0.555901	0.831134	0.013811	-0.821697	-0.546925	-0.160273
38684	9.416876	0.300108	-2.199253	-0.006500	-0.080021	0.015746	-0.126463	-0.100730	0.986844	-0.555831	0.831184	0.013612	-0.821620	-0.546797	-0.161103
38685	9.574251	0.303439	-1.984764	-0.030855	-0.100603	0.024145	-0.127485	-0.101012	0.986683	-0.555404	0.831474	0.013361	-0.821751	-0.546304	-0.162103
38686	9.859868	0.194729	-1.740321	-0.062109	-0.098980	0.031832	-0.128538	-0.101268	0.986521	-0.554856	0.831843	0.013095	-0.821957	-0.545694	-0.163113
38687	9.831368	0.041638	-1.602906	-0.071855	-0.069602	0.036293	-0.129341	-0.101318	0.986410	-0.554183	0.832296	0.012822	-0.822284	-0.544994	-0.163799
38688	10.032122	-0.083571	-1.440752	-0.040491	-0.052552	0.030934	-0.130008	-0.101326	0.986322	-0.553814	0.832546	0.012530	-0.822428	-0.544610	-0.164353
38689	10.153903	-0.178064	-1.222844	0.012872	-0.025943	0.016305	-0.130348	-0.101304	0.986279	-0.553898	0.832493	0.012304	-0.822317	-0.544695	-0.164626
38690	10.107369	-0.076336	-0.851002	0.035769	0.027247	-0.012478	-0.130118	-0.101239	0.986316	-0.554212	0.832284	0.012315	-0.822142	-0.545026	-0.164403
38691	9.801825	0.057582	-0.841145	0.081289	0.057371	-0.048893	-0.129410	-0.101296	0.986404	-0.554903	0.831819	0.012621	-0.821788	-0.545725	-0.163855
38692	9.643432	0.354177	-1.147860	0.145678	0.064143	-0.071344	-0.128550	-0.101518	0.986493	-0.556195	0.830949	0.013034	-0.821049	-0.547008	-0.163282
38693	9.502618	0.438648	-1.420499	0.158839	0.057713	-0.047439	-0.127888	-0.101542	0.986577	-0.557581	0.830019	0.013150	-0.820213	-0.548414	-0.162767
38694	9.532119	0.360281	-1.528813	0.170164	0.042208	-0.011285	-0.127542	-0.101383	0.986638	-0.558993	0.829071	0.012932	-0.819304	-0.549875	-0.162414
38695	9.608560	0.395825	-1.602327	0.165232	0.036329	0.021059	-0.127394	-0.100962	0.986700	-0.560206	0.828260	0.012421	-0.818498	-0.551173	-0.162075
38696	9.645638	0.592583	-1.695932	0.131136	0.024295	0.034627	-0.127453	-0.100522	0.986738	-0.561238	0.827570	0.011814	-0.817782	-0.552289	-0.161892
38697	9.721678	0.688088	-1.740688	0.051193	0.015511	0.031866	-0.127537	-0.100139	0.986766	-0.561571	0.827350	0.011380	-0.817540	-0.552688	-0.161752
38698	9.684730	0.588707	-1.738607	-0.035773	0.025524	0.023502	-0.127523	-0.099783	0.986804	-0.561252	0.827570	0.011152	-0.817762	-0.552423	-0.161538
38699	9.604262	0.335289	-1.732581	-0.094293	0.021192	0.018558	-0.127511	-0.099471	0.986837	-0.560448	0.828116	0.011056	-0.818315	-0.551660	-0.161342
38700	9.548938	0.091496	-1.705944	-0.101402	0.009053	0.015373	-0.127586	-0.099274	0.986847	-0.559601	0.828689	0.011015	-0.818882	-0.550835	-0.161283
38701	9.508971	-0.102952	-1.663695	-0.082906	0.002442	0.018667	-0.127756	-0.099043	0.986848	-0.558859	0.829191	0.010871	-0.819362	-0.550120	-0.161285
38702	9.582311	-0.145658	-1.542125	-0.021048	-0.016793	0.031857	-0.128135	-0.098851	0.986818	-0.558649	0.829337	0.010537	-0.819446	-0.549935	-0.161490
38703	9.648129	-0.020856	-1.452629	0.041502	-0.019869	0.041488	-0.128574	-0.098603	0.986786	-0.559056	0.829070	0.010000	-0.819100	-0.550382	-0.161721
38704	9.866741	0.042672	-1.436790	0.091703	-0.031250	0.050998	-0.129179	-0.098332	0.986734	-0.559744	0.828613	0.009295	-0.818535	-0.551118	-0.162080
38705	10.161792	0.099653	-1.371632	0.124043	-0.024867	0.054477	-0.129724	-0.097999	0.986695	-0.560742	0.827947	0.008510	-0.817766	-0.552177	-0.162357
38706	10.253416	0.230389	-1.261246	0.137211	-0.014129	0.038966	-0.130121	-0.097735	0.986669	-0.561816	0.827225	0.007849	-0.816965	-0.553305	-0.162548
38707	10.145059	0.317626	-1.253682	0.106715	0.009444	0.022460	-0.130193	-0.097469	0.986686	-0.562602	0.826695	0.007429	-0.816412	-0.554144	-0.162466
38708	9.804356	0.429943	-1.448112	0.077214	0.017416	-0.006686	-0.130077	-0.097408	0.986708	-0.563244	0.826258	0.007316	-0.815988	-0.554805	-0.162341
38709	9.553780	0.273562	-1.639541	0.054331	0.024042	-0.004514	-0.129927	-0.097265	0.986741	-0.563711	0.825941	0.007189	-0.815689	-0.555303	-0.162141
38710	9.392678	0.013058	-1.893797	0.042742	0.026107	0.012419	-0.129847	-0.096998	0.986778	-0.564047	0.825714	0.006944	-0.815470	-0.555687	-0.161928
38711	9.402455	-0.050215	-2.044647	0.048101	-0.000954	0.035559	-0.130051	-0.096704	0.986780	-0.564361	0.825502	0.006520	-0.815220	-0.556053	-0.161934
38712	9.380015	0.003065	-2.123347	0.035449	0.011847	0.043577	-0.130264	-0.096259	0.986796	-0.564597	0.825345	0.005979	-0.815023	-0.556363	-0.161860
38713	9.326084	0.038609	-2.048055	0.021584	-0.001142	0.043424	-0.130575	-0.095843	0.986795	-0.564537	0.825389	0.005465	-0.815014	-0.556369	-0.161882
38714	9.249848	0.027873	-1.956533	-0.000003	-0.008922	0.040814	-0.130941	-0.095536	0.986776	-0.564487	0.825427	0.005009	-0.814990	-0.556366	-0.162011
38715	9.316534	0.142083	-1.725225	-0.023367	-0.009385	0.030771	-0.131259	-0.095309	0.986756	-0.564363	0.825513	0.004663	-0.815025	-0.556277	-0.162145
38716	9.641055	0.161908	-1.455432	-0.045597	0.000250	0.028843	-0.131483	-0.095050	0.986751	-0.563957	0.825793	0.004399	-0.815270	-0.555907	-0.162181
38717	9.864165	0.023608	-1.330914	-0.067217	0.033318	0.019416	-0.131374	-0.094688	0.986800	-0.563483	0.826116	0.004252	-0.815615	-0.555487	-0.161885
38718	9.998338	-0.154095	-1.358827	-0.044283	0.042410	0.017309	-0.131189	-0.094290	0.986863	-0.563103	0.826377	0.004100	-0.815907	-0.555167	-0.161506
38719	9.865446	-0.133787	-1.398293	-0.012056	0.056025	0.016900	-0.130887	-0.093817	0.986948	-0.563082	0.826392	0.003880	-0.815970	-0.555225	-0.160991
38720	9.621374	-0.014345	-1.483554	0.024668	0.054718	0.016187	-0.130595	-0.093359	0.987030	-0.563265	0.826268	0.003628	-0.815890	-0.555486	-0.160492
38721	9.545806	-0.011383	-1.529100	0.041567	0.038325	0.020278	-0.130413	-0.092985	0.987090	-0.563688	0.825981	0.003334	-0.815627	-0.555976	-0.160133
38722	9.616378	-0.097861	-1.629371	0.054500	0.029257	0.019680	-0.130348	-0.092639	0.987131	-0.564110	0.825694	0.003000	-0.815346	-0.556460	-0.159887
