// General information: 
//  MT Manager version: 2022.2.0 
//  XDA version: 2022.2.0 build 7381 rev 124627 built on 2023-07-19
// Device information: 
//  DeviceId: 00B4CB9F
//  ProductCode: MTW2-3A7G6
//  Firmware Version: 4.6.0
//  Hardware Version: 2.0.0
// Device settings: 
//  Filter Profile: human(46.1)
//  Option Flags: Orientation Smoother Disabled, Position/Velocity Smoother Disabled, Continuous Zero Rotation Update Disabled, AHS Disabled, ICC Disabled
// Coordinate system: ENU
PacketCounter	Acc_X	Acc_Y	Acc_Z	Gyr_X	Gyr_Y	Gyr_Z	Mat[1][1]	Mat[2][1]	Mat[3][1]	Mat[1][2]	Mat[2][2]	Mat[3][2]	Mat[1][3]	Mat[2][3]	Mat[3][3]
46425	9.559389	-0.308234	-2.410967	0.022309	-0.008279	-0.004807	-0.178899	-0.163005	0.970270	-0.752515	0.657970	-0.028210	-0.633811	-0.735190	-0.240374
46426	9.537061	-0.236229	-2.312686	0.020270	-0.004527	0.001848	-0.178994	-0.163033	0.970248	-0.752644	0.657819	-0.028315	-0.633631	-0.735319	-0.240452
46427	9.492975	-0.228891	-2.353214	0.006142	-0.010990	0.005185	-0.179371	-0.163094	0.970168	-0.752693	0.657751	-0.028589	-0.633467	-0.735366	-0.240740
46428	9.525425	-0.201717	-2.294899	0.008816	-0.010656	0.004982	-0.179530	-0.163147	0.970130	-0.752743	0.657689	-0.028697	-0.633362	-0.735410	-0.240882
46429	9.557405	-0.130229	-2.257047	-0.006217	-0.009516	0.008049	-0.179681	-0.163168	0.970098	-0.752722	0.657708	-0.028794	-0.633343	-0.735388	-0.240998
46430	9.568342	-0.166695	-2.277537	-0.043029	-0.010094	0.017357	-0.179930	-0.163136	0.970058	-0.752422	0.658047	-0.028897	-0.633630	-0.735092	-0.241149
46431	9.524674	-0.226434	-2.347444	-0.048515	-0.009922	0.015695	-0.180197	-0.162877	0.970051	-0.751838	0.658708	-0.029061	-0.634247	-0.734558	-0.241155
46432	9.557933	-0.310998	-2.357446	-0.053756	-0.006520	0.010795	-0.180374	-0.162861	0.970021	-0.751480	0.659115	-0.029076	-0.634620	-0.734196	-0.241274
46433	9.525207	-0.337878	-2.357888	-0.030057	-0.009269	0.006662	-0.180377	-0.163051	0.969989	-0.751464	0.659139	-0.028942	-0.634638	-0.734133	-0.241420
46434	9.525230	-0.360329	-2.348511	-0.028268	-0.006219	0.013594	-0.180572	-0.163014	0.969959	-0.751264	0.659363	-0.029044	-0.634820	-0.733939	-0.241529
46435	9.568448	-0.347672	-2.379473	-0.017944	-0.007292	0.013929	-0.180634	-0.162964	0.969956	-0.751120	0.659525	-0.029072	-0.634973	-0.733805	-0.241538
46436	9.513641	-0.349105	-2.379964	-0.005073	-0.007207	0.011975	-0.180822	-0.162946	0.969924	-0.751070	0.659576	-0.029213	-0.634979	-0.733763	-0.241649
46437	9.458505	-0.351006	-2.440521	0.004101	-0.013930	0.004931	-0.180918	-0.163053	0.969888	-0.751142	0.659492	-0.029244	-0.634865	-0.733814	-0.241790
46438	9.479770	-0.311242	-2.412459	0.015068	-0.014268	0.008266	-0.181123	-0.163111	0.969840	-0.751226	0.659390	-0.029398	-0.634707	-0.733894	-0.241964
46439	9.554977	-0.181441	-2.365751	0.018364	-0.014992	-0.003236	-0.181344	-0.163224	0.969780	-0.751352	0.659240	-0.029542	-0.634496	-0.734003	-0.242188
46440	9.543217	-0.124001	-2.357958	-0.011561	-0.018394	0.012423	-0.181607	-0.163285	0.969720	-0.751260	0.659339	-0.029672	-0.634530	-0.733900	-0.242410
46441	9.543315	-0.169250	-2.338998	-0.035395	-0.011452	0.017953	-0.182012	-0.163313	0.969639	-0.751104	0.659506	-0.029912	-0.634598	-0.733744	-0.242703
46442	9.587699	-0.245009	-2.269647	-0.032718	-0.007778	0.021201	-0.182275	-0.163238	0.969603	-0.750861	0.659775	-0.030077	-0.634810	-0.733519	-0.242829
46443	9.609251	-0.205710	-2.240653	-0.043304	0.001649	0.023621	-0.182409	-0.162973	0.969622	-0.750429	0.660261	-0.030198	-0.635282	-0.733141	-0.242737
46444	9.587508	-0.270387	-2.319419	-0.046112	0.005499	0.025210	-0.182616	-0.162773	0.969617	-0.750093	0.660634	-0.030368	-0.635619	-0.732849	-0.242738
46445	9.543927	-0.330515	-2.388197	-0.049816	0.002049	0.023584	-0.182797	-0.162509	0.969627	-0.749641	0.661141	-0.030518	-0.636101	-0.732450	-0.242678
46446	9.467871	-0.440048	-2.446792	-0.039099	-0.001524	0.030158	-0.183086	-0.162327	0.969603	-0.749340	0.661471	-0.030754	-0.636372	-0.732193	-0.242744
46447	9.489592	-0.491107	-2.496757	-0.022536	-0.004672	0.022919	-0.183580	-0.162038	0.969558	-0.748973	0.661866	-0.031199	-0.636662	-0.731900	-0.242867
46448	9.511360	-0.474147	-2.457481	0.002694	-0.001227	0.010647	-0.183722	-0.161982	0.969540	-0.748973	0.661858	-0.031349	-0.636620	-0.731919	-0.242918
46449	9.587746	-0.366556	-2.338815	0.004217	0.008361	0.006017	-0.183762	-0.162022	0.969526	-0.749146	0.661659	-0.031419	-0.636405	-0.732090	-0.242966
46450	9.598879	-0.313347	-2.278314	0.000270	0.016579	0.010584	-0.183790	-0.161837	0.969551	-0.749131	0.661669	-0.031562	-0.636414	-0.732122	-0.242845
46451	9.544973	-0.314073	-2.216463	-0.004323	0.020724	0.008691	-0.183880	-0.161517	0.969588	-0.748972	0.661838	-0.031790	-0.636576	-0.732040	-0.242670
46452	9.567307	-0.364018	-2.264091	-0.001140	0.019279	0.005951	-0.183857	-0.161342	0.969621	-0.748957	0.661851	-0.031885	-0.636600	-0.732067	-0.242524
46453	9.546043	-0.405365	-2.291503	0.013400	0.023207	0.008838	-0.183834	-0.160972	0.969687	-0.748888	0.661918	-0.032094	-0.636688	-0.732087	-0.242233
46454	9.568410	-0.410944	-2.299042	0.016969	0.027499	0.008401	-0.183777	-0.160720	0.969740	-0.748984	0.661803	-0.032257	-0.636592	-0.732247	-0.242001
46455	9.623643	-0.411241	-2.296469	0.020654	0.029171	-0.004269	-0.183461	-0.160742	0.969796	-0.749360	0.661382	-0.032137	-0.636240	-0.732622	-0.241791
46456	9.591705	-0.416016	-2.302815	0.013129	0.041339	-0.003202	-0.183229	-0.160467	0.969885	-0.749453	0.661276	-0.032177	-0.636198	-0.732779	-0.241427
46457	9.658747	-0.495762	-2.297993	0.011721	0.047385	-0.004374	-0.183084	-0.160267	0.969946	-0.749682	0.661010	-0.032287	-0.635970	-0.733062	-0.241169
46458	9.573969	-0.723405	-2.320567	0.006230	0.055807	-0.009975	-0.182709	-0.159931	0.970072	-0.749743	0.660943	-0.032245	-0.636005	-0.733196	-0.240667
46459	9.522243	-0.945914	-2.332484	0.061554	0.060248	-0.024893	-0.182257	-0.159821	0.970175	-0.750385	0.660216	-0.032207	-0.635377	-0.733875	-0.240257
46460	9.600448	-0.924882	-2.166894	0.138665	0.054835	-0.045500	-0.181623	-0.159727	0.970309	-0.751352	0.659118	-0.032139	-0.634415	-0.734881	-0.239722
46461	9.623088	-0.791178	-1.933091	0.182344	0.042558	-0.058718	-0.181047	-0.159959	0.970379	-0.752803	0.657464	-0.032076	-0.632858	-0.736311	-0.239450
46462	9.602376	-0.763553	-1.987238	0.223920	0.049063	-0.062212	-0.180325	-0.160015	0.970504	-0.754335	0.655707	-0.032048	-0.631238	-0.737864	-0.238945
46463	9.526312	-0.624132	-1.972740	0.299959	0.051661	-0.082621	-0.179349	-0.160307	0.970637	-0.756567	0.653136	-0.031925	-0.628840	-0.740078	-0.238422
46464	9.624534	-0.452728	-2.009087	0.317474	0.051261	-0.085425	-0.178436	-0.160494	0.970774	-0.758717	0.650639	-0.031891	-0.626505	-0.742234	-0.237867
46465	9.549526	-0.449943	-2.112788	0.328999	0.044617	-0.083380	-0.177679	-0.160781	0.970866	-0.761037	0.647919	-0.031979	-0.623901	-0.744547	-0.237481
46466	9.463081	-0.412210	-2.198366	0.345356	0.033770	-0.086000	-0.176870	-0.161096	0.970961	-0.763345	0.645198	-0.032003	-0.621307	-0.746838	-0.237088
46467	9.396667	-0.245885	-2.299228	0.347230	0.018865	-0.091556	-0.176041	-0.161518	0.971042	-0.765690	0.642416	-0.031957	-0.618651	-0.749142	-0.236764
46468	9.471227	-0.049001	-2.343166	0.308450	0.012783	-0.094598	-0.175293	-0.162040	0.971090	-0.767765	0.639941	-0.031808	-0.616286	-0.751145	-0.236586
46469	9.470291	0.040498	-2.385393	0.233707	0.001596	-0.078479	-0.174677	-0.162362	0.971147	-0.769212	0.638209	-0.031656	-0.614655	-0.752548	-0.236372
46470	9.548413	-0.072647	-2.400861	0.145066	-0.000820	-0.065305	-0.174236	-0.162796	0.971154	-0.770222	0.637003	-0.031404	-0.613515	-0.753475	-0.236377
46471	9.527103	-0.109190	-2.369601	0.069181	-0.003793	-0.045306	-0.173927	-0.163149	0.971150	-0.770815	0.636297	-0.031153	-0.612857	-0.753995	-0.236427
46472	9.529476	-0.264156	-2.413970	-0.000810	-0.011298	-0.031612	-0.173809	-0.163447	0.971121	-0.770869	0.636244	-0.030884	-0.612822	-0.753975	-0.236581
46473	9.498347	-0.378064	-2.430702	-0.002306	-0.016060	-0.034332	-0.173486	-0.163754	0.971127	-0.770937	0.636183	-0.030449	-0.612828	-0.753960	-0.236613
46474	9.519980	-0.378800	-2.442180	-0.005710	-0.019784	-0.042631	-0.173333	-0.164186	0.971081	-0.770981	0.636149	-0.030060	-0.612817	-0.753895	-0.236850
46475	9.498439	-0.413500	-2.412737	0.005207	-0.021875	-0.053383	-0.172973	-0.164720	0.971055	-0.771181	0.635933	-0.029496	-0.612667	-0.753961	-0.237027
46476	9.496038	-0.292090	-2.289692	0.006217	-0.022070	-0.054954	-0.172738	-0.165247	0.971007	-0.771318	0.635788	-0.029015	-0.612560	-0.753968	-0.237283
46477	9.506700	-0.296568	-2.201792	-0.029920	-0.024845	-0.048591	-0.172495	-0.165760	0.970963	-0.771273	0.635868	-0.028466	-0.612686	-0.753788	-0.237530
46478	9.658992	-0.291433	-2.045191	-0.034905	-0.038764	-0.043415	-0.172451	-0.166340	0.970872	-0.771139	0.636051	-0.027999	-0.612867	-0.753505	-0.237959
46479	9.702404	-0.288223	-1.887721	-0.056082	-0.004561	-0.045081	-0.171932	-0.166833	0.970879	-0.771106	0.636124	-0.027245	-0.613054	-0.753335	-0.238016
46480	9.582581	-0.291884	-1.847880	-0.071876	0.001275	-0.054686	-0.171555	-0.167184	0.970885	-0.770764	0.636566	-0.026579	-0.613589	-0.752884	-0.238065
46481	9.702753	-0.270300	-1.767956	-0.087745	0.015334	-0.068299	-0.170899	-0.167487	0.970949	-0.770374	0.637074	-0.025701	-0.614261	-0.752387	-0.237902
46482	9.806809	-0.514766	-1.786751	-0.114415	0.030674	-0.069030	-0.170231	-0.167708	0.971028	-0.769794	0.637810	-0.024795	-0.615173	-0.751713	-0.237676
46483	9.505689	-0.679051	-1.958249	-0.065678	0.027222	-0.077312	-0.169476	-0.168148	0.971084	-0.769728	0.637926	-0.023875	-0.615465	-0.751516	-0.237542
46484	9.293667	-0.913385	-2.388182	-0.019473	-0.003811	-0.078885	-0.168945	-0.168693	0.971082	-0.769747	0.637931	-0.023098	-0.615587	-0.751390	-0.237626
46485	9.100824	-1.045949	-2.943721	0.126689	-0.043115	-0.104855	-0.168289	-0.169637	0.971031	-0.770735	0.636765	-0.022335	-0.614530	-0.752166	-0.237906
46486	9.111488	-0.607015	-3.173142	0.250338	-0.087470	-0.133067	-0.167851	-0.171154	0.970841	-0.772500	0.634645	-0.021674	-0.612430	-0.753613	-0.238742
46487	9.436656	-0.162166	-3.187692	0.218268	-0.100568	-0.117899	-0.167690	-0.172641	0.970606	-0.774039	0.632783	-0.021177	-0.610527	-0.754838	-0.239742
46488	9.506644	-0.024022	-3.152611	0.126402	-0.101386	-0.104120	-0.167554	-0.174078	0.970372	-0.774991	0.631640	-0.020506	-0.609356	-0.755465	-0.240742
46489	9.619229	0.185665	-2.870947	0.039866	-0.086034	-0.096799	-0.167269	-0.175381	0.970187	-0.775491	0.631054	-0.019626	-0.608798	-0.755654	-0.241562
46490	9.550912	0.239188	-2.621235	-0.074646	-0.080843	-0.079614	-0.167195	-0.176507	0.969995	-0.775176	0.631469	-0.018708	-0.609220	-0.755045	-0.242403
46491	9.311198	0.161940	-2.515267	-0.150031	-0.096166	-0.065479	-0.167067	-0.177719	0.969796	-0.774514	0.632313	-0.017552	-0.610095	-0.754053	-0.243285
46492	9.330579	0.196404	-2.365943	-0.192396	-0.107811	-0.052908	-0.167366	-0.178880	0.969531	-0.773434	0.633660	-0.016604	-0.611383	-0.752647	-0.244405
46493	9.427380	0.205244	-2.216446	-0.264298	-0.105983	-0.023368	-0.167923	-0.179798	0.969265	-0.771848	0.635610	-0.015816	-0.613231	-0.750781	-0.245510
46494	9.494334	0.141137	-2.043470	-0.324499	-0.087241	-0.008557	-0.168443	-0.180519	0.969041	-0.769875	0.638019	-0.014969	-0.615564	-0.748562	-0.246447
46495	9.698471	-0.053648	-1.696753	-0.407478	-0.066851	0.017605	-0.169073	-0.180952	0.968850	-0.767389	0.641025	-0.014192	-0.618489	-0.745884	-0.247240
46496	9.618065	-0.641108	-1.577145	-0.479733	-0.048120	0.033365	-0.169678	-0.181108	0.968715	-0.764363	0.644648	-0.013362	-0.622060	-0.742717	-0.247815
46497	9.535995	-1.234234	-1.641080	-0.404008	-0.047099	0.034988	-0.170448	-0.181240	0.968555	-0.761795	0.647690	-0.012864	-0.624992	-0.740033	-0.248465
46498	9.416542	-1.333873	-1.806357	-0.153404	-0.064642	-0.040499	-0.170595	-0.181993	0.968388	-0.760911	0.648743	-0.012124	-0.626028	-0.738926	-0.249153
46499	9.294431	-0.609548	-1.946132	0.115950	-0.108682	-0.119022	-0.170501	-0.183440	0.968132	-0.761745	0.647776	-0.011414	-0.625039	-0.739416	-0.250181
46500	9.360275	0.304666	-2.106011	0.206816	-0.163653	-0.151524	-0.170419	-0.185643	0.967726	-0.763301	0.645958	-0.010502	-0.623161	-0.740456	-0.251785
46501	9.597389	0.591451	-2.182080	0.120305	-0.191123	-0.090203	-0.170897	-0.187588	0.967267	-0.764210	0.644891	-0.009953	-0.621914	-0.740896	-0.253567
46502	9.626567	0.188236	-2.321752	-0.032975	-0.187697	-0.016619	-0.171988	-0.189098	0.966779	-0.764040	0.645096	-0.009743	-0.621822	-0.740334	-0.255427
46503	9.600288	-0.220691	-2.519174	0.045763	-0.172051	-0.019998	-0.173015	-0.190345	0.966351	-0.764252	0.644843	-0.009815	-0.621276	-0.740234	-0.257039
46504	9.658512	0.341654	-2.269961	0.178924	-0.164946	-0.061537	-0.173619	-0.191975	0.965920	-0.765475	0.643392	-0.009717	-0.619600	-0.741075	-0.258657
46505	9.531848	0.694670	-2.333702	0.166113	-0.187951	-0.051433	-0.174542	-0.193604	0.965429	-0.766536	0.642127	-0.009814	-0.618028	-0.741748	-0.260483
46506	9.439433	0.545917	-2.596075	0.181534	-0.183329	-0.011877	-0.175634	-0.195053	0.964939	-0.767683	0.640749	-0.010209	-0.616292	-0.742560	-0.262276
46507	9.308228	0.244360	-2.824011	0.172776	-0.217983	0.037410	-0.177205	-0.196488	0.964360	-0.768782	0.639417	-0.010986	-0.614470	-0.743330	-0.264364
46508	9.458202	-0.090402	-3.138556	0.223079	-0.223147	0.064862	-0.179124	-0.197745	0.963749	-0.770040	0.637878	-0.012239	-0.612334	-0.744318	-0.266531
46509	9.423604	-0.083778	-3.337894	0.270312	-0.202805	0.056384	-0.180952	-0.198891	0.963171	-0.771596	0.635966	-0.013637	-0.609832	-0.745647	-0.268543
46510	9.591915	0.195436	-3.052100	0.280447	-0.180583	0.042382	-0.182430	-0.199982	0.962666	-0.773232	0.633950	-0.014836	-0.607315	-0.747071	-0.270284
46511	9.603819	0.408970	-2.668465	0.195584	-0.153426	0.045202	-0.183889	-0.200824	0.962213	-0.774323	0.632589	-0.015953	-0.605482	-0.747998	-0.271829
46512	9.464888	0.514559	-2.383174	0.102348	-0.129187	0.047637	-0.185091	-0.201503	0.961841	-0.774860	0.631911	-0.016726	-0.604428	-0.748388	-0.273097
46513	9.251726	0.623300	-2.363829	0.004139	-0.147423	0.054860	-0.186494	-0.202276	0.961408	-0.774808	0.631959	-0.017336	-0.604063	-0.748140	-0.274581
46514	9.281107	0.577565	-2.408620	-0.077133	-0.186709	0.082795	-0.188315	-0.203161	0.960866	-0.774193	0.632695	-0.017956	-0.604287	-0.747277	-0.276432
46515	9.345961	0.471120	-2.414988	-0.132746	-0.203918	0.109443	-0.190400	-0.204054	0.960265	-0.773267	0.633806	-0.018640	-0.604819	-0.746091	-0.278465
46516	9.437893	0.341629	-2.303370	-0.139586	-0.210421	0.125015	-0.192692	-0.204843	0.959640	-0.772189	0.635095	-0.019486	-0.605471	-0.744778	-0.280555
46517	9.538911	0.491798	-2.063101	-0.098602	-0.202227	0.125497	-0.194827	-0.205666	0.959033	-0.771474	0.635935	-0.020348	-0.605698	-0.743834	-0.282563
46518	9.555040	0.725191	-1.751495	-0.100250	-0.195938	0.131055	-0.197076	-0.206301	0.958437	-0.770616	0.636942	-0.021356	-0.606063	-0.742795	-0.284505
46519	9.500301	0.964004	-1.586347	-0.112541	-0.209783	0.140486	-0.199458	-0.207069	0.957778	-0.769765	0.637935	-0.022384	-0.606365	-0.741729	-0.286636
46520	9.344152	0.751558	-1.721708	-0.180180	-0.230679	0.186970	-0.202348	-0.207597	0.957057	-0.768302	0.639649	-0.023692	-0.607262	-0.740103	-0.288929
46521	9.252169	0.347233	-2.146141	-0.147258	-0.254002	0.213888	-0.205741	-0.207963	0.956254	-0.766836	0.641336	-0.025511	-0.607975	-0.738538	-0.291422
46522	9.122492	0.277201	-2.662307	-0.074435	-0.298126	0.228509	-0.209357	-0.208709	0.955306	-0.765914	0.642354	-0.027514	-0.607902	-0.737443	-0.294335
46523	8.777808	0.347704	-3.373921	-0.016689	-0.348484	0.248543	-0.213455	-0.209815	0.954156	-0.765419	0.642839	-0.029875	-0.607100	-0.736706	-0.297814
46524	8.907237	0.317983	-3.775120	-0.062112	-0.408215	0.285685	-0.218171	-0.210995	0.952829	-0.764431	0.643889	-0.032450	-0.606669	-0.735451	-0.301769
46525	9.079440	0.054947	-4.159091	-0.057340	-0.456127	0.317113	-0.223430	-0.212183	0.951345	-0.763275	0.645104	-0.035379	-0.606210	-0.734043	-0.306090
46526	9.271648	-0.004848	-4.004771	-0.033008	-0.459438	0.316164	-0.228678	-0.213525	0.949797	-0.762365	0.646011	-0.038321	-0.605397	-0.732855	-0.310512
46527	9.548850	0.139330	-3.313329	-0.118468	-0.442643	0.348418	-0.234086	-0.214556	0.948245	-0.760863	0.647597	-0.041298	-0.605220	-0.731152	-0.314841
46528	9.639082	-0.092258	-2.877525	-0.195359	-0.415282	0.370004	-0.239465	-0.215200	0.946755	-0.758809	0.649811	-0.044223	-0.605695	-0.728996	-0.318903
46529	9.550646	-0.119914	-2.390101	-0.153060	-0.393911	0.359885	-0.244777	-0.215578	0.945310	-0.756850	0.651873	-0.047318	-0.606021	-0.727040	-0.322723
46530	9.564340	0.087100	-1.924122	-0.122286	-0.390068	0.347511	-0.249822	-0.216154	0.943857	-0.755254	0.653504	-0.050242	-0.605954	-0.725404	-0.326511
46531	9.708248	0.264283	-1.528321	-0.086518	-0.384014	0.336816	-0.254714	-0.216704	0.942423	-0.753843	0.654901	-0.053155	-0.605675	-0.723978	-0.330173
46532	10.006715	0.683352	-0.970231	-0.010306	-0.355669	0.304351	-0.259214	-0.217294	0.941059	-0.753002	0.655629	-0.056026	-0.604811	-0.723142	-0.333571
46533	10.544305	1.289340	-0.085045	0.017012	-0.284141	0.264743	-0.263029	-0.217536	0.939944	-0.752347	0.656149	-0.058677	-0.603978	-0.722597	-0.336249
46534	10.716985	1.770187	0.615341	0.023667	-0.185251	0.214447	-0.265814	-0.217478	0.939173	-0.751926	0.656437	-0.060811	-0.603283	-0.722353	-0.338017
46535	10.463126	1.643554	1.085597	-0.060298	-0.179578	0.240004	-0.268778	-0.217312	0.938368	-0.751005	0.657295	-0.062892	-0.603117	-0.721623	-0.339868
46536	10.391020	0.665105	0.943295	-0.072627	-0.137119	0.280023	-0.271761	-0.216470	0.937703	-0.749813	0.658418	-0.065311	-0.603263	-0.720851	-0.341244
46537	10.273458	-0.284437	0.528764	0.061232	-0.070720	0.311698	-0.274646	-0.214862	0.937232	-0.749312	0.658656	-0.068580	-0.602578	-0.721115	-0.341896
46538	10.355444	-0.584786	0.343092	0.348201	0.034680	0.232957	-0.276240	-0.213091	0.937168	-0.750768	0.656631	-0.071994	-0.600033	-0.723483	-0.341369
46539	10.435776	0.244123	0.368699	0.626925	0.158483	0.121447	-0.276254	-0.211088	0.937617	-0.754182	0.652328	-0.075348	-0.595729	-0.727949	-0.339408
46540	10.277821	0.506316	-0.055562	0.555859	0.216210	0.106875	-0.275834	-0.208827	0.938247	-0.757192	0.648486	-0.078271	-0.592095	-0.732022	-0.336996
46541	9.878854	-0.294663	-0.910773	0.525781	0.231480	0.154416	-0.275653	-0.206121	0.938898	-0.759954	0.644840	-0.081552	-0.588630	-0.735999	-0.334395
46542	9.482257	-0.547423	-1.619094	0.669683	0.237097	0.144772	-0.275422	-0.203453	0.939548	-0.763486	0.640182	-0.085183	-0.584151	-0.740792	-0.331654
46543	9.584570	0.397974	-1.739097	0.839792	0.198749	0.064292	-0.274624	-0.201511	0.940199	-0.768243	0.634010	-0.088511	-0.578260	-0.746609	-0.328924
46544	11.075450	1.500262	-1.541603	0.694987	0.241686	0.065084	-0.273789	-0.199303	0.940913	-0.772070	0.628925	-0.091441	-0.573539	-0.751487	-0.326069
46545	12.630011	2.235461	-1.352900	0.372497	0.351458	0.163597	-0.272873	-0.195440	0.941989	-0.773737	0.626471	-0.094156	-0.571727	-0.754544	-0.322167
46546	12.724334	1.597434	-1.043502	-0.162082	0.470871	0.290809	-0.272478	-0.190077	0.943200	-0.772018	0.628244	-0.096420	-0.574233	-0.754440	-0.317926
46547	12.839772	0.407836	-0.643772	-0.405012	0.593640	0.360670	-0.271726	-0.183296	0.944758	-0.768770	0.631893	-0.098513	-0.578929	-0.753070	-0.312614
46548	12.760717	0.066815	0.135035	-0.408934	0.718671	0.294082	-0.269860	-0.176038	0.946671	-0.765599	0.635487	-0.100071	-0.583981	-0.751776	-0.306267
46549	12.373013	0.778556	0.446177	-0.324667	0.861886	0.206110	-0.266080	-0.168421	0.949124	-0.763356	0.638069	-0.100776	-0.588634	-0.751333	-0.298343
46550	12.209020	1.648422	0.580723	-0.340928	0.962510	0.077450	-0.261036	-0.160711	0.951857	-0.761141	0.640745	-0.100551	-0.593738	-0.750745	-0.289582
46551	12.285113	2.196279	0.454522	-0.445790	1.068365	-0.051989	-0.253995	-0.153079	0.955015	-0.758792	0.643825	-0.098609	-0.599767	-0.749704	-0.279684
46552	12.219382	1.986721	0.214487	-0.658818	1.163448	-0.121257	-0.246110	-0.145169	0.958309	-0.755124	0.648562	-0.095681	-0.607633	-0.747190	-0.269238
46553	11.907302	0.952457	-0.185213	-0.865415	1.227661	-0.113340	-0.237501	-0.136679	0.961723	-0.750231	0.654712	-0.092225	-0.617047	-0.743418	-0.258036
46554	11.948879	-0.301658	-0.581169	-1.000465	1.290792	-0.013411	-0.229425	-0.127216	0.964977	-0.744043	0.662094	-0.089611	-0.627506	-0.738544	-0.246555
46555	11.751643	-1.571290	-1.109878	-0.932110	1.388303	0.042281	-0.220607	-0.116655	0.968362	-0.738243	0.668821	-0.087612	-0.637440	-0.734214	-0.233667
46556	11.025610	-2.394367	-1.652428	-0.615914	1.447331	-0.103874	-0.210618	-0.106756	0.971722	-0.734525	0.673205	-0.085246	-0.645068	-0.731709	-0.220204
46557	10.655732	-2.513443	-1.964896	-0.271382	1.428109	-0.395129	-0.198155	-0.099146	0.975143	-0.733890	0.674475	-0.080554	-0.649723	-0.731610	-0.206413
46558	10.968681	-2.107603	-2.015674	-0.056358	1.371356	-0.567593	-0.185113	-0.092948	0.978312	-0.734621	0.674327	-0.074936	-0.652737	-0.732560	-0.193108
46559	10.640493	-2.407261	-2.581405	-0.042374	1.299992	-0.693369	-0.171232	-0.088002	0.981293	-0.735807	0.673771	-0.067973	-0.655185	-0.733681	-0.180124
46560	10.592596	-2.442523	-2.706053	0.105884	1.165702	-0.664331	-0.158751	-0.083924	0.983745	-0.737609	0.672406	-0.061668	-0.656301	-0.735409	-0.168648
46561	10.110558	-3.330677	-3.673771	-0.212124	1.129753	-0.498414	-0.147430	-0.078861	0.985924	-0.737169	0.673352	-0.056373	-0.659428	-0.735104	-0.157407
46562	9.825456	-4.860100	-4.174772	-0.173120	1.049808	-0.256872	-0.138658	-0.072890	0.987654	-0.736405	0.674413	-0.053612	-0.662179	-0.734748	-0.147189
46563	9.941911	-6.338522	-4.902564	0.083394	1.069278	-0.293514	-0.129286	-0.066965	0.989344	-0.737575	0.673351	-0.050808	-0.662773	-0.736284	-0.136447
46564	10.370242	-5.993430	-5.496083	0.730519	1.168208	-0.467500	-0.118163	-0.061479	0.991089	-0.742994	0.667634	-0.047169	-0.658785	-0.741947	-0.124569
46565	10.214993	-4.175739	-4.708149	1.050006	1.279602	-0.560999	-0.105489	-0.055554	0.992867	-0.750725	0.659222	-0.042877	-0.652138	-0.749893	-0.111246
46566	10.085918	-2.803493	-4.586338	1.085967	1.326340	-0.659966	-0.091963	-0.049893	0.994512	-0.758436	0.650669	-0.037490	-0.645227	-0.757721	-0.097678
46567	9.434800	-1.522519	-4.489631	1.094904	1.335458	-0.820830	-0.077052	-0.045016	0.996010	-0.766448	0.641591	-0.030295	-0.637668	-0.765725	-0.083938
46568	9.260264	-0.340853	-4.141782	0.863277	1.323971	-0.867734	-0.062027	-0.040391	0.997257	-0.772547	0.634564	-0.022350	-0.631920	-0.771814	-0.070564
46569	9.208205	0.422910	-3.839206	0.517615	1.324070	-0.711196	-0.047874	-0.034690	0.998251	-0.776567	0.629847	-0.015354	-0.628213	-0.775944	-0.057093
46570	8.881932	0.280175	-3.762510	0.046697	1.339174	-0.568243	-0.035102	-0.027889	0.998995	-0.777113	0.629286	-0.009738	-0.628382	-0.776673	-0.043762
46571	8.441190	-0.285186	-3.791920	-0.151776	1.386783	-0.537938	-0.022073	-0.020467	0.999547	-0.776493	0.630111	-0.004244	-0.629739	-0.776235	-0.029801
46572	7.927119	-0.364131	-3.510555	-0.263754	1.404427	-0.502499	-0.009371	-0.012765	0.999875	-0.774926	0.632052	0.000806	-0.631983	-0.774821	-0.015815
46573	7.548384	-0.690450	-3.501944	-0.411280	1.393435	-0.419749	0.002879	-0.004551	0.999986	-0.772498	0.634997	0.005114	-0.635011	-0.772501	-0.001688
46574	7.162423	-1.177341	-3.436628	-0.430435	1.351330	-0.333547	0.013998	0.003729	0.999895	-0.769748	0.638292	0.008395	-0.638194	-0.769785	0.011805
46575	7.003318	-1.330477	-3.377913	-0.365347	1.275334	-0.303408	0.024526	0.011669	0.999631	-0.767417	0.641048	0.011345	-0.640679	-0.767412	0.024677
46576	7.106446	-0.986517	-3.366834	-0.309281	1.193064	-0.246121	0.034012	0.019214	0.999237	-0.765380	0.643434	0.013679	-0.642680	-0.765261	0.036590
46577	7.287247	-0.539324	-3.231196	-0.346129	1.098891	-0.221107	0.042796	0.026242	0.998739	-0.763124	0.646061	0.015725	-0.644834	-0.762835	0.047675
46578	7.622560	-0.237980	-3.036156	-0.477741	0.989183	-0.179964	0.050505	0.032589	0.998192	-0.759972	0.649727	0.017239	-0.647991	-0.759469	0.057581
46579	7.919580	-0.021409	-2.797288	-0.624669	0.903898	-0.146777	0.057488	0.038508	0.997603	-0.755877	0.654458	0.018296	-0.652185	-0.755117	0.066731
46580	8.116389	0.182658	-2.053339	-0.784113	0.826991	-0.126834	0.063803	0.043881	0.996997	-0.750686	0.660387	0.018975	-0.657571	-0.749642	0.075076
46581	8.004253	0.054663	-1.372005	-0.984533	0.716087	-0.045290	0.068855	0.048935	0.996426	-0.744183	0.667716	0.018633	-0.664418	-0.742806	0.082392
46582	7.597326	-0.450386	-0.862788	-1.085530	0.604167	0.063790	0.072363	0.053814	0.995926	-0.736996	0.675682	0.017040	-0.672012	-0.735226	0.088555
46583	7.375477	-0.709230	-0.007152	-1.053670	0.463363	0.165013	0.074254	0.058325	0.995532	-0.730028	0.683265	0.014420	-0.679372	-0.727837	0.093314
46584	7.193969	-1.143283	0.248604	-0.975598	0.304658	0.266480	0.074340	0.062349	0.995282	-0.723587	0.690149	0.010812	-0.686218	-0.720977	0.096421
46585	7.801908	-1.711539	0.420685	-0.700314	0.144301	0.293571	0.073178	0.065423	0.995171	-0.719012	0.694961	0.007184	-0.691135	-0.716065	0.097896
46586	8.704538	-1.511033	0.552538	-0.306690	0.038146	0.210265	0.071876	0.067147	0.995151	-0.717064	0.696991	0.004762	-0.693292	-0.713929	0.098245
46587	8.617194	-0.653157	0.772946	-0.263875	-0.019834	0.149896	0.070616	0.068064	0.995179	-0.715373	0.698736	0.002973	-0.695165	-0.712134	0.098033
46588	7.558476	-1.027634	-0.239389	-0.271495	-0.200267	0.028461	0.068962	0.066827	0.995379	-0.713526	0.700625	0.002397	-0.697227	-0.710394	0.095999
46589	7.853237	-0.103543	1.519101	0.364190	-0.348219	-0.380414	0.069203	0.061701	0.995693	-0.715834	0.698241	0.006483	-0.694833	-0.713199	0.092488
46590	9.856816	2.413208	4.710334	0.866055	-0.427974	-0.766748	0.071694	0.053292	0.996002	-0.721308	0.692455	0.014871	-0.688894	-0.719490	0.088085
46591	10.943578	4.142574	6.570320	0.737540	-0.400864	-0.741003	0.074266	0.045306	0.996209	-0.725870	0.687453	0.022848	-0.683811	-0.724815	0.083940
46592	11.056584	2.502308	7.328407	-0.313959	-0.390402	-0.379405	0.074284	0.039854	0.996440	-0.723460	0.689864	0.026341	-0.686359	-0.722841	0.080079
46593	11.087660	-1.021746	6.550490	-0.739321	-0.209767	-0.030941	0.073061	0.038173	0.996597	-0.718396	0.695147	0.026040	-0.691788	-0.717853	0.078211
46594	11.283471	-2.173758	6.913983	-0.201770	-0.007402	-0.033420	0.073193	0.037875	0.996598	-0.716997	0.696585	0.026185	-0.693223	-0.716474	0.078141
46595	11.528276	-0.447247	7.205856	0.382962	0.117835	-0.153867	0.075129	0.037745	0.996459	-0.719611	0.693814	0.027975	-0.690302	-0.719164	0.079287
46596	11.188491	0.442776	6.276139	0.305837	0.105934	-0.250368	0.077606	0.036761	0.996306	-0.721550	0.691682	0.030683	-0.687999	-0.721266	0.080204
46597	11.273083	0.207352	5.414014	0.394729	0.226936	-0.345662	0.081701	0.036149	0.996001	-0.724084	0.688854	0.034394	-0.684856	-0.723998	0.082455
46598	8.153699	-0.216713	2.947549	0.493235	0.523228	-0.332076	0.087627	0.037651	0.995442	-0.727194	0.685374	0.038090	-0.680816	-0.727217	0.087437
46599	3.269525	-0.205245	-0.878171	0.512772	-0.059337	-0.325079	0.089642	0.035154	0.995353	-0.730498	0.681640	0.041715	-0.677006	-0.730843	0.086784
46600	3.013491	-0.210919	-1.882239	0.156576	-0.817811	-0.173855	0.085322	0.027974	0.995961	-0.731429	0.680526	0.043545	-0.676559	-0.732190	0.078525
46601	6.547802	-0.002872	-2.112163	-0.120038	-1.153859	0.032875	0.077306	0.019897	0.996809	-0.730747	0.681288	0.043073	-0.678257	-0.731745	0.067207
46602	9.502905	1.839599	-1.955972	-0.123122	-1.002960	-0.047059	0.070783	0.012227	0.997417	-0.729899	0.682173	0.043435	-0.679880	-0.731088	0.057211
46603	11.511158	4.490837	-0.140926	-0.517904	-0.668335	0.124478	0.065351	0.008324	0.997828	-0.726546	0.685841	0.041862	-0.684003	-0.727704	0.050868
46604	14.086347	3.178008	2.052894	-1.756032	-0.565911	0.378116	0.058662	0.006845	0.998254	-0.714678	0.698463	0.037208	-0.696989	-0.715613	0.045865
46605	18.352804	0.240721	4.193959	-1.907881	-0.197704	0.519872	0.053635	0.009211	0.998518	-0.701632	0.711860	0.031121	-0.710518	-0.702261	0.044643
46606	15.520335	-1.586861	3.442117	-1.675057	-0.074509	0.624600	0.048698	0.013165	0.998727	-0.689976	0.723431	0.024107	-0.722192	-0.690271	0.044313
46607	11.248675	-4.435525	0.987593	-1.724693	-0.430736	0.883973	0.039567	0.016792	0.999076	-0.677916	0.734997	0.014494	-0.734074	-0.677863	0.040465
46608	9.830840	-8.509087	0.056872	-0.973418	-0.662947	0.702088	0.029885	0.017496	0.999400	-0.671005	0.741419	0.007085	-0.740850	-0.670814	0.033898
46609	7.408692	-8.732035	-2.278939	0.617455	-0.787976	-0.222306	0.025586	0.010713	0.999615	-0.675636	0.737176	0.009393	-0.736791	-0.675616	0.026099
46610	6.646517	-4.122795	-2.605415	1.645723	-0.987607	-0.645369	0.022706	-0.000749	0.999742	-0.687540	0.725967	0.016159	-0.725792	-0.687729	0.015968
46611	6.916125	-1.297725	-4.062877	1.919848	-1.141537	-0.875259	0.020566	-0.014790	0.999679	-0.701294	0.712435	0.024968	-0.712575	-0.701582	0.004280
46612	8.004112	1.138070	-5.063801	2.170275	-1.197452	-1.121122	0.020015	-0.031192	0.999313	-0.716391	0.696764	0.036097	-0.697412	-0.716621	-0.008400
46613	9.305427	4.755693	-3.847734	1.953769	-1.027671	-0.658833	0.017660	-0.043016	0.998918	-0.729870	0.682277	0.042284	-0.683358	-0.729827	-0.019347
46614	8.692193	3.951137	-3.392856	0.479701	-1.271891	-0.210757	0.010476	-0.053762	0.998499	-0.733133	0.678645	0.044231	-0.680004	-0.732496	-0.032305
46615	9.398661	2.071964	-3.912402	0.342531	-1.231354	-0.072056	0.002625	-0.063175	0.997999	-0.735540	0.676003	0.044727	-0.677476	-0.734186	-0.044694
46616	10.040236	3.040358	-2.414359	0.119105	-1.158803	0.027716	-0.005480	-0.071508	0.997425	-0.736369	0.675125	0.044356	-0.676558	-0.734229	-0.056356
46617	10.289485	2.031689	-2.142355	-0.513216	-1.153847	0.173369	-0.014608	-0.078709	0.996791	-0.732940	0.678941	0.042870	-0.680137	-0.729961	-0.067607
46618	10.254114	0.505048	-1.439504	-0.666962	-1.065928	0.229937	-0.023618	-0.084906	0.996109	-0.728366	0.683959	0.041029	-0.684781	-0.724563	-0.077996
46619	10.201466	-0.343210	-1.007384	-0.636105	-0.998356	0.126261	-0.031422	-0.091188	0.995338	-0.724027	0.688597	0.040229	-0.689055	-0.719388	-0.087659
46620	10.113948	-0.273014	-0.781558	-0.352026	-0.931254	0.022908	-0.038070	-0.097724	0.994485	-0.721612	0.691125	0.040290	-0.691251	-0.716098	-0.096830
46621	9.780395	0.061828	-0.536727	-0.179024	-0.897485	0.002544	-0.044329	-0.104062	0.993582	-0.720430	0.692351	0.040371	-0.692109	-0.714017	-0.105661
46622	9.572156	-0.232932	-0.768846	-0.052551	-0.873066	0.022619	-0.050590	-0.110144	0.992627	-0.720078	0.692730	0.040168	-0.692047	-0.712737	-0.114357
46623	9.374454	-0.555340	-1.266867	0.111296	-0.858400	0.042903	-0.056864	-0.115900	0.991632	-0.720895	0.691916	0.039531	-0.690707	-0.712615	-0.122897
46624	9.123253	-0.797118	-2.081625	0.299148	-0.879561	0.045626	-0.063312	-0.121868	0.990525	-0.722951	0.689817	0.038661	-0.687992	-0.713654	-0.131778
46625	8.950150	-0.921012	-3.116662	0.492582	-0.933216	0.014274	-0.069851	-0.128375	0.989263	-0.726386	0.686248	0.037764	-0.683728	-0.715949	-0.141185
46626	9.258094	-0.290062	-3.843161	0.745025	-0.959220	-0.084506	-0.075819	-0.135850	0.987824	-0.731539	0.680768	0.037473	-0.677570	-0.719791	-0.150995
46627	9.461521	0.743358	-4.015670	0.758342	-0.975590	-0.104008	-0.081683	-0.143541	0.986268	-0.736795	0.675091	0.037230	-0.671164	-0.723636	-0.160904
46628	9.676027	1.393170	-4.049339	0.596828	-0.961005	-0.054636	-0.087760	-0.150886	0.984648	-0.740851	0.670664	0.036741	-0.665911	-0.726253	-0.170641
46629	9.891422	1.741666	-3.931333	0.422285	-0.954620	-0.003123	-0.094130	-0.157811	0.982973	-0.743706	0.667540	0.035952	-0.661847	-0.727658	-0.180200
46630	9.851970	1.563206	-3.785276	0.177344	-0.946211	0.088407	-0.101095	-0.164116	0.981247	-0.744811	0.666372	0.034717	-0.659573	-0.727333	-0.189602
46631	9.590256	1.030303	-3.635018	0.056471	-0.954921	0.120425	-0.108346	-0.170235	0.979429	-0.745092	0.666127	0.033357	-0.658103	-0.726150	-0.199013
46632	9.430546	0.807547	-3.197465	0.014270	-0.943808	0.143123	-0.115672	-0.176140	0.977545	-0.745044	0.666253	0.031889	-0.656909	-0.724626	-0.208299
46633	9.703707	0.792858	-2.758908	-0.009294	-0.930541	0.155181	-0.123000	-0.181834	0.975606	-0.744827	0.666568	0.030330	-0.655823	-0.722928	-0.217423
46634	9.969200	0.596413	-2.497421	-0.056718	-0.892124	0.175923	-0.130212	-0.187112	0.973670	-0.744251	0.667283	0.028702	-0.655084	-0.720918	-0.226147
46635	10.095843	0.401477	-2.018131	-0.005833	-0.833908	0.158732	-0.136916	-0.192055	0.971786	-0.744028	0.667599	0.027111	-0.653970	-0.719324	-0.234299
46636	10.058122	0.346366	-1.302328	0.042680	-0.765846	0.136185	-0.142987	-0.196661	0.969989	-0.744133	0.667538	0.025647	-0.652549	-0.718134	-0.241791
46637	9.912592	0.263738	-0.948687	0.071513	-0.705272	0.127762	-0.148597	-0.200863	0.968284	-0.744439	0.667253	0.024172	-0.650945	-0.717236	-0.248682
46638	9.562134	0.371702	-0.799843	0.168730	-0.657346	0.114375	-0.153774	-0.204825	0.966644	-0.745380	0.666257	0.022600	-0.648662	-0.717042	-0.255126
46639	9.399490	0.801374	-0.859967	0.270859	-0.641524	0.098585	-0.158713	-0.208759	0.965003	-0.747013	0.664481	0.020887	-0.645586	-0.717554	-0.261407
46640	9.223594	1.015203	-1.112592	0.237461	-0.633947	0.118194	-0.163735	-0.212535	0.963338	-0.748369	0.663008	0.019078	-0.642756	-0.717808	-0.267612
46641	8.908668	0.505791	-2.162005	0.260274	-0.688837	0.142267	-0.169260	-0.216522	0.961493	-0.749837	0.661405	0.016944	-0.639605	-0.718095	-0.274306
46642	8.651690	0.263095	-3.140061	0.391697	-0.774245	0.163070	-0.175474	-0.221020	0.959353	-0.752069	0.658930	0.014247	-0.635296	-0.719000	-0.281848
46643	8.589094	0.286028	-3.947237	0.478371	-0.844697	0.179794	-0.182216	-0.225904	0.956956	-0.754809	0.655851	0.011099	-0.630128	-0.720296	-0.290020
46644	8.859905	0.291494	-4.409028	0.479176	-0.887300	0.202342	-0.189367	-0.230987	0.954351	-0.757455	0.652842	0.007714	-0.624822	-0.721417	-0.298589
46645	8.961780	0.340414	-4.617437	0.460081	-0.880946	0.202169	-0.196431	-0.236026	0.951686	-0.759956	0.649961	0.004338	-0.619583	-0.722387	-0.307041
46646	9.280209	0.572984	-4.274223	0.403316	-0.856558	0.215829	-0.203413	-0.240827	0.949013	-0.762028	0.647543	0.000990	-0.614765	-0.722973	-0.315236
46647	9.656375	0.651351	-3.697764	0.264979	-0.810355	0.248215	-0.210327	-0.245083	0.946413	-0.763158	0.646208	-0.002259	-0.611026	-0.722738	-0.322952
46648	10.158584	0.498090	-2.948970	0.129473	-0.726562	0.272152	-0.216887	-0.248584	0.944016	-0.763380	0.645928	-0.005296	-0.608449	-0.721792	-0.329858
46649	10.218279	0.197930	-2.202779	0.022794	-0.642310	0.296983	-0.223109	-0.251303	0.941844	-0.762883	0.646484	-0.008221	-0.606821	-0.720351	-0.335951
46650	9.876463	-0.027488	-1.688061	0.019141	-0.571809	0.265972	-0.228656	-0.253709	0.939866	-0.762412	0.647001	-0.010831	-0.605347	-0.719042	-0.341372
46651	9.864253	0.272263	-1.263395	0.164633	-0.516509	0.192901	-0.233291	-0.256176	0.938056	-0.762984	0.646281	-0.013257	-0.602852	-0.718815	-0.346230
46652	9.681017	0.749565	-0.897417	0.195620	-0.482028	0.159180	-0.237459	-0.258624	0.936337	-0.763799	0.645268	-0.015474	-0.600186	-0.718848	-0.350762
46653	9.723698	0.932949	-0.693990	0.229349	-0.506027	0.146369	-0.241638	-0.261312	0.934520	-0.764853	0.643961	-0.017702	-0.597169	-0.719048	-0.355471
46654	9.985734	1.123626	-0.519870	0.237074	-0.500742	0.149722	-0.245819	-0.263962	0.932683	-0.765913	0.642633	-0.019991	-0.594096	-0.719268	-0.360143
46655	9.898737	1.331465	-0.595833	0.283564	-0.499381	0.159187	-0.250011	-0.266519	0.930839	-0.767238	0.640966	-0.022547	-0.590627	-0.719812	-0.364733
46656	9.642397	1.548596	-0.621242	0.308289	-0.527893	0.154925	-0.254361	-0.269341	0.928847	-0.768674	0.639145	-0.025163	-0.586890	-0.720381	-0.369609
46657	9.527581	1.629878	-0.847448	0.297193	-0.590235	0.209490	-0.259421	-0.272238	0.926600	-0.769922	0.637512	-0.028253	-0.583027	-0.720739	-0.374986
46658	9.552001	1.054146	-1.334065	0.229882	-0.659066	0.311639	-0.265704	-0.275013	0.923996	-0.770452	0.636692	-0.032050	-0.579487	-0.720410	-0.381056
46659	9.633943	0.453940	-2.036811	0.311038	-0.738756	0.394535	-0.272990	-0.277803	0.921033	-0.771240	0.635473	-0.036920	-0.575035	-0.720416	-0.387731
46660	10.020346	0.265081	-2.312493	0.418734	-0.767939	0.413722	-0.280630	-0.280724	0.917846	-0.772502	0.633595	-0.042406	-0.569638	-0.720938	-0.394666
46661	10.414146	0.177159	-2.255006	0.475194	-0.739814	0.423008	-0.288064	-0.283362	0.914727	-0.774052	0.631284	-0.048206	-0.563793	-0.721932	-0.401187
46662	11.103470	0.282903	-1.790661	0.483767	-0.657231	0.396979	-0.294878	-0.285621	0.911848	-0.775619	0.628902	-0.053830	-0.558088	-0.723120	-0.406983
46663	11.309560	0.516619	-0.985087	0.439628	-0.504139	0.342175	-0.300293	-0.287093	0.909616	-0.777111	0.626613	-0.058777	-0.553102	-0.724523	-0.411271
46664	11.573204	0.835280	0.136853	0.377228	-0.342091	0.283192	-0.304432	-0.287815	0.908011	-0.778343	0.624675	-0.062953	-0.549093	-0.725909	-0.414189
46665	11.786198	1.595091	1.467414	0.442865	-0.157766	0.122878	-0.306188	-0.288158	0.907312	-0.780474	0.621701	-0.065935	-0.545077	-0.728322	-0.415257
46666	12.218187	3.065201	2.862076	0.596195	0.012982	-0.053498	-0.305749	-0.288407	0.907380	-0.783883	0.617177	-0.067969	-0.540412	-0.732061	-0.414778
46667	12.765845	4.147310	4.292785	0.497557	0.173116	-0.034843	-0.304440	-0.287297	0.908172	-0.786776	0.613287	-0.069734	-0.536936	-0.735758	-0.412748
46668	12.588084	3.201080	3.820088	0.113778	0.233679	0.093000	-0.303968	-0.285019	0.909048	-0.787113	0.612698	-0.071092	-0.536709	-0.737133	-0.410583
46669	12.045162	1.283383	2.235604	0.090600	0.311152	0.182655	-0.303583	-0.281533	0.910262	-0.787180	0.612372	-0.073134	-0.536829	-0.738742	-0.407523
46670	11.930787	-0.219435	0.889554	0.084733	0.373272	0.294898	-0.303949	-0.276980	0.911536	-0.786748	0.612551	-0.076209	-0.537254	-0.740313	-0.404098
46671	12.095730	-1.546523	-0.649717	0.065543	0.464239	0.382567	-0.304282	-0.271105	0.913189	-0.786098	0.612906	-0.079976	-0.538017	-0.742192	-0.399611
46672	12.214059	-2.836513	-1.451683	0.106771	0.658459	0.285913	-0.303032	-0.264471	0.915547	-0.785815	0.612859	-0.083059	-0.539135	-0.744620	-0.393541
46673	12.150780	-3.292154	-2.321680	0.488877	0.860661	-0.000298	-0.298206	-0.257934	0.918990	-0.788627	0.608971	-0.084984	-0.537718	-0.750083	-0.385012
46674	12.260161	-1.848541	-2.606176	0.971965	1.058925	-0.308277	-0.290146	-0.251823	0.923255	-0.794748	0.600833	-0.085880	-0.533096	-0.758673	-0.374465
46675	12.054487	-0.188931	-3.260339	1.169783	1.233752	-0.599442	-0.278623	-0.245845	0.928401	-0.802843	0.590148	-0.084668	-0.527079	-0.768951	-0.361804
46676	12.086175	1.864117	-3.630848	1.436057	1.437538	-0.926680	-0.263665	-0.240127	0.934248	-0.812880	0.576747	-0.081173	-0.519333	-0.780834	-0.347262
46677	11.957345	4.501949	-4.060301	1.600046	1.627489	-1.092399	-0.246147	-0.233399	0.940711	-0.824082	0.561300	-0.076366	-0.510197	-0.794020	-0.330502
46678	11.126142	5.874913	-4.298192	1.004908	1.621681	-1.033570	-0.229402	-0.226210	0.946680	-0.831656	0.550875	-0.069897	-0.505691	-0.803347	-0.314500
46679	11.550907	5.003387	-5.371706	0.281087	1.537820	-1.015162	-0.212943	-0.219264	0.952144	-0.835489	0.546100	-0.061095	-0.506570	-0.808516	-0.299481
46680	12.182539	4.159149	-5.534969	-0.027777	1.558401	-0.967214	-0.196981	-0.211928	0.957228	-0.837343	0.544216	-0.051823	-0.509956	-0.811736	-0.284657
46681	12.294380	3.283053	-5.741879	-0.540988	1.551966	-0.791748	-0.182171	-0.203545	0.961968	-0.836211	0.546746	-0.042668	-0.517267	-0.812181	-0.269808
46682	11.546907	1.439852	-6.141862	-0.990129	1.536486	-0.569538	-0.169438	-0.194234	0.966211	-0.832051	0.553618	-0.034619	-0.528187	-0.809803	-0.255417
46683	11.075017	-0.468473	-6.343431	-1.203137	1.499299	-0.382887	-0.158047	-0.184170	0.970104	-0.826381	0.562422	-0.027858	-0.540477	-0.806079	-0.241084
46684	9.729547	-2.087054	-6.069291	-1.190520	1.565553	-0.203378	-0.147866	-0.172749	0.973804	-0.820202	0.571606	-0.023141	-0.552635	-0.802137	-0.226210
46685	10.225833	-3.161536	-5.589947	-1.105231	1.567633	-0.201631	-0.137285	-0.161285	0.977313	-0.814441	0.579945	-0.018699	-0.563771	-0.798531	-0.210974
