// General information: 
//  MT Manager version: 2022.2.0 
//  XDA version: 2022.2.0 build 7381 rev 124627 built on 2023-07-19
// Device information: 
//  DeviceId: 00B4CAF0
//  ProductCode: MTW2-3A7G6
//  Firmware Version: 4.6.0
//  Hardware Version: 2.0.0
// Device settings: 
//  Filter Profile: human(46.1)
//  Option Flags: Orientation Smoother Disabled, Position/Velocity Smoother Disabled, Continuous Zero Rotation Update Disabled, AHS Disabled, ICC Disabled
// Coordinate system: ENU
PacketCounter	Acc_X	Acc_Y	Acc_Z	Gyr_X	Gyr_Y	Gyr_Z	Mat[1][1]	Mat[2][1]	Mat[3][1]	Mat[1][2]	Mat[2][2]	Mat[3][2]	Mat[1][3]	Mat[2][3]	Mat[3][3]
18855	5.414796	0.987331	8.663474	0.001391	-0.005252	-0.002138	-0.494436	0.688393	0.530705	-0.778610	-0.622175	0.081641	0.386392	-0.372846	0.843615
18856	5.407681	1.019365	8.674108	0.006107	-0.016202	-0.000482	-0.494336	0.688350	0.530855	-0.778625	-0.622151	0.081671	0.386490	-0.372965	0.843518
18857	5.426488	1.010608	8.658805	0.006107	-0.016203	-0.000482	-0.494133	0.688394	0.530986	-0.778725	-0.622018	0.081734	0.386548	-0.373105	0.843430
18858	5.454620	1.023970	8.640434	0.001387	-0.015148	-0.000509	-0.494036	0.688355	0.531127	-0.778759	-0.621977	0.081724	0.386604	-0.373245	0.843342
18859	5.419816	0.988985	8.660145	0.006107	-0.016204	-0.000481	-0.494151	0.688150	0.531286	-0.778558	-0.622220	0.081793	0.386862	-0.373219	0.843235
18860	5.403884	0.998932	8.673527	0.006718	-0.017986	-0.002343	-0.494029	0.688112	0.531449	-0.778580	-0.622186	0.081838	0.386973	-0.373345	0.843128
18861	5.388322	1.008763	8.686699	0.001343	-0.025027	-0.003810	-0.493924	0.688025	0.531659	-0.778569	-0.622195	0.081879	0.387131	-0.373491	0.842991
18862	5.357943	0.968390	8.671681	0.012279	-0.039002	-0.010890	-0.493653	0.687961	0.531992	-0.778612	-0.622123	0.082017	0.387389	-0.373728	0.842768
18863	5.415207	0.996226	8.634113	0.012845	-0.050667	-0.016052	-0.493207	0.687953	0.532418	-0.778743	-0.621931	0.082225	0.387694	-0.374063	0.842479
18864	5.446187	1.011273	8.613682	0.014742	-0.051097	-0.015052	-0.492857	0.687869	0.532849	-0.778797	-0.621840	0.082405	0.388031	-0.374367	0.842189
18865	5.478280	1.080157	8.601463	0.011941	-0.045532	-0.012427	-0.492785	0.687617	0.533240	-0.778615	-0.622043	0.082585	0.388485	-0.374492	0.841923
18866	5.491710	1.030296	8.644367	0.005051	-0.035753	-0.010038	-0.492533	0.687560	0.533546	-0.778682	-0.621950	0.082657	0.388671	-0.374751	0.841722
18867	5.456162	1.015409	8.606880	0.005096	-0.025872	-0.006739	-0.492244	0.687614	0.533744	-0.778822	-0.621764	0.082743	0.388758	-0.374962	0.841589
18868	5.499040	1.025931	8.607534	0.007038	-0.016415	-0.002447	-0.492127	0.687582	0.533893	-0.778843	-0.621731	0.082791	0.388863	-0.375075	0.841489
18869	5.454024	1.042367	8.582262	0.003265	-0.010623	-0.002788	-0.492016	0.687605	0.533966	-0.778890	-0.621665	0.082840	0.388909	-0.375143	0.841438
18870	5.474058	1.013758	8.623914	0.000780	-0.003473	-0.000273	-0.491966	0.687608	0.534008	-0.778925	-0.621624	0.082824	0.388902	-0.375206	0.841413
18871	5.442394	1.026557	8.618802	0.006811	0.001773	0.004252	-0.491991	0.687598	0.533998	-0.778886	-0.621667	0.082869	0.388950	-0.375153	0.841415
18872	5.451723	1.049100	8.615620	0.002384	-0.000535	0.002477	-0.491974	0.687595	0.534018	-0.778901	-0.621650	0.082852	0.388941	-0.375186	0.841404
18873	5.474069	1.014104	8.623867	0.001166	0.003032	0.006200	-0.491861	0.687696	0.533991	-0.779021	-0.621502	0.082838	0.388844	-0.375245	0.841422
18874	5.456258	1.023303	8.638582	0.004327	0.008923	0.006767	-0.491914	0.687702	0.533934	-0.779007	-0.621522	0.082815	0.388804	-0.375201	0.841461
18875	5.461394	1.011095	8.571379	0.001334	0.011242	0.006152	-0.492036	0.687679	0.533852	-0.778936	-0.621613	0.082805	0.388792	-0.375093	0.841514
18876	5.463806	1.045264	8.636598	-0.000248	0.013246	0.005050	-0.492093	0.687712	0.533758	-0.778948	-0.621604	0.082752	0.388695	-0.375048	0.841579
18877	5.473604	1.007149	8.592297	0.000917	0.016277	0.011251	-0.492257	0.687694	0.533630	-0.778873	-0.621704	0.082709	0.388638	-0.374916	0.841664
18878	5.451875	1.022042	8.641498	0.000261	0.018076	0.008181	-0.492356	0.687725	0.533497	-0.778869	-0.621718	0.082644	0.388521	-0.374834	0.841754
18879	5.423623	1.008502	8.660088	0.000624	0.019638	0.013007	-0.492552	0.687700	0.533349	-0.778778	-0.621839	0.082591	0.388455	-0.374680	0.841854
18880	5.456964	0.989112	8.632249	-0.002708	0.015437	0.010850	-0.492662	0.687705	0.533241	-0.778772	-0.621861	0.082487	0.388328	-0.374635	0.841932
18881	5.456922	1.042364	8.641300	0.000138	0.019747	0.011526	-0.492938	0.687624	0.533090	-0.778608	-0.622072	0.082437	0.388306	-0.374432	0.842033
18882	5.431585	1.022723	8.626074	-0.000347	0.019856	0.010045	-0.493059	0.687651	0.532944	-0.778597	-0.622097	0.082357	0.388176	-0.374342	0.842133
18883	5.433147	1.016117	8.593193	0.000916	0.016272	0.011255	-0.493205	0.687636	0.532828	-0.778531	-0.622185	0.082318	0.388123	-0.374223	0.842210
18884	5.433713	0.995944	8.650634	-0.002560	0.018702	0.009156	-0.493314	0.687663	0.532691	-0.778532	-0.622196	0.082224	0.387981	-0.374155	0.842306
18885	5.435255	0.989376	8.617766	0.002160	0.017645	0.009181	-0.493526	0.687612	0.532561	-0.778403	-0.622359	0.082207	0.387971	-0.373976	0.842390
18886	5.422984	1.026573	8.663698	-0.001614	0.013539	0.010472	-0.493626	0.687612	0.532469	-0.778394	-0.622383	0.082113	0.387862	-0.373937	0.842457
18887	5.442145	1.010765	8.616295	0.003087	0.017439	0.007214	-0.493826	0.687572	0.532336	-0.778269	-0.622540	0.082113	0.387858	-0.373751	0.842542
18888	5.428396	0.994028	8.654192	-0.002710	0.015432	0.010852	-0.493936	0.687576	0.532228	-0.778262	-0.622561	0.082008	0.387731	-0.373706	0.842620
18889	5.412882	0.996863	8.635497	0.004349	0.013854	0.008425	-0.494105	0.687536	0.532123	-0.778151	-0.622700	0.082011	0.387739	-0.373550	0.842686
18890	5.438444	1.009641	8.618764	0.001358	0.016174	0.007807	-0.494194	0.687562	0.532006	-0.778144	-0.622716	0.081957	0.387640	-0.373474	0.842765
18891	5.434169	1.015521	8.653411	0.003865	0.013964	0.006943	-0.494409	0.687478	0.531916	-0.777982	-0.622917	0.081968	0.387691	-0.373295	0.842821
18892	5.467806	0.996784	8.625401	0.003865	0.013964	0.006943	-0.494483	0.687501	0.531817	-0.777969	-0.622936	0.081940	0.387622	-0.373219	0.842886
18893	5.405186	1.002530	8.672300	0.004959	0.012070	0.006564	-0.494610	0.687478	0.531728	-0.777882	-0.623043	0.081959	0.387634	-0.373084	0.842940
18894	5.445529	1.012227	8.674767	0.004007	0.007335	0.006883	-0.494658	0.687477	0.531685	-0.777869	-0.623062	0.081933	0.387599	-0.373053	0.842970
18895	5.438303	0.983783	8.644626	0.001485	0.014501	0.004463	-0.494672	0.687551	0.531576	-0.777900	-0.623023	0.081935	0.387518	-0.372983	0.843038
18896	5.429461	1.015505	8.656368	0.007314	0.006592	0.007397	-0.494721	0.687544	0.531540	-0.777872	-0.623059	0.081933	0.387513	-0.372936	0.843061
18897	5.446287	1.006216	8.642361	0.001627	0.007873	0.004403	-0.494806	0.687527	0.531483	-0.777818	-0.623126	0.081935	0.387513	-0.372855	0.843097
18898	5.401505	1.002725	8.674570	0.006347	0.006813	0.004432	-0.494833	0.687539	0.531442	-0.777808	-0.623138	0.081941	0.387499	-0.372813	0.843122
18899	5.445279	1.006520	8.642961	0.004299	0.003973	0.005129	-0.494693	0.687669	0.531404	-0.777942	-0.622968	0.081959	0.387408	-0.372857	0.843144
18900	5.421249	0.987613	8.626786	0.003816	0.004084	0.003646	-0.494703	0.687676	0.531386	-0.777946	-0.622965	0.081948	0.387388	-0.372850	0.843157
18901	5.403389	0.997158	8.641406	0.003968	0.007351	0.001950	-0.494757	0.687671	0.531342	-0.777897	-0.623020	0.081986	0.387416	-0.372767	0.843181
18902	5.418974	1.048187	8.669019	0.006780	-0.003176	0.002617	-0.494731	0.687657	0.531384	-0.777895	-0.623021	0.082005	0.387455	-0.372791	0.843152
18903	5.430520	1.010595	8.623647	0.002075	-0.007072	0.005873	-0.494765	0.687579	0.531454	-0.777836	-0.623095	0.082003	0.387529	-0.372812	0.843109
18904	5.424879	1.022774	8.691022	0.002672	-0.003899	0.000727	-0.494721	0.687574	0.531500	-0.777858	-0.623067	0.081998	0.387540	-0.372866	0.843080
18905	5.426704	1.036389	8.600286	0.004097	-0.009171	0.003528	-0.494733	0.687487	0.531603	-0.777791	-0.623148	0.082030	0.387662	-0.372893	0.843012
18906	5.429369	1.016763	8.656278	-0.002835	-0.009262	0.002607	-0.494683	0.687451	0.531696	-0.777825	-0.623112	0.081969	0.387656	-0.373018	0.842959
18907	5.361434	0.940159	8.662865	0.002125	-0.023562	-0.002416	-0.494607	0.687357	0.531888	-0.777796	-0.623144	0.082008	0.387811	-0.373138	0.842835
18908	5.331522	0.939921	8.746178	0.002315	-0.046682	-0.010762	-0.494308	0.687264	0.532285	-0.777877	-0.623036	0.082061	0.388030	-0.373489	0.842578
18909	5.392916	0.960880	8.674206	0.007733	-0.066040	-0.015945	-0.493995	0.687061	0.532838	-0.777855	-0.623042	0.082223	0.388472	-0.373853	0.842213
18910	5.413305	0.959240	8.689744	0.006394	-0.077287	-0.022092	-0.493488	0.686924	0.533484	-0.777976	-0.622871	0.082371	0.388874	-0.374388	0.841790
18911	5.489950	1.051051	8.587569	0.007028	-0.074140	-0.022300	-0.493015	0.686788	0.534096	-0.778060	-0.622741	0.082561	0.389305	-0.374856	0.841383
18912	5.491496	1.004488	8.609443	-0.005888	-0.069600	-0.024438	-0.492519	0.686693	0.534675	-0.778240	-0.622508	0.082618	0.389573	-0.375414	0.841010
18913	5.492024	1.030843	8.583173	-0.005375	-0.064777	-0.021304	-0.491957	0.686677	0.535214	-0.778485	-0.622191	0.082702	0.389795	-0.375970	0.840658
18914	5.514202	1.021988	8.565585	-0.007829	-0.052687	-0.017142	-0.491583	0.686599	0.535656	-0.778636	-0.622002	0.082705	0.389964	-0.376425	0.840377
18915	5.491299	1.009418	8.580732	-0.005296	-0.040056	-0.018004	-0.491279	0.686573	0.535969	-0.778753	-0.621847	0.082764	0.390114	-0.376727	0.840171
18916	5.479581	1.013434	8.559487	0.002323	-0.026915	-0.014026	-0.491030	0.686574	0.536196	-0.778849	-0.621717	0.082836	0.390235	-0.376941	0.840019
18917	5.514608	1.055860	8.571165	0.007267	-0.019775	-0.009129	-0.490948	0.686513	0.536349	-0.778804	-0.621758	0.082954	0.390428	-0.376985	0.839910
18918	5.497000	1.011944	8.576783	-0.001199	-0.007979	-0.007842	-0.490822	0.686546	0.536422	-0.778884	-0.621657	0.082963	0.390428	-0.377091	0.839862
18919	5.508980	1.015374	8.629719	0.007660	-0.003363	-0.004303	-0.490860	0.686512	0.536431	-0.778803	-0.621746	0.083055	0.390542	-0.377006	0.839848
18920	5.489437	1.045153	8.587576	0.009413	0.002846	-0.003256	-0.490811	0.686557	0.536417	-0.778818	-0.621717	0.083128	0.390572	-0.376971	0.839849
18921	5.476856	1.029730	8.624773	0.007883	0.004836	0.000575	-0.490756	0.686633	0.536371	-0.778854	-0.621663	0.083200	0.390570	-0.376923	0.839871
18922	5.472235	0.982303	8.650787	0.001067	0.003064	-0.003668	-0.490706	0.686681	0.536355	-0.778904	-0.621599	0.083206	0.390534	-0.376940	0.839881
18923	5.448214	0.963971	8.634647	0.009532	0.001170	-0.006598	-0.490535	0.686830	0.536321	-0.779016	-0.621442	0.083327	0.390524	-0.376928	0.839891
18924	5.469681	1.003639	8.594304	0.007317	0.000016	-0.007482	-0.490443	0.686890	0.536328	-0.779061	-0.621376	0.083405	0.390551	-0.376926	0.839879
18925	5.457483	0.988538	8.631227	0.010798	-0.002415	-0.005387	-0.490383	0.686918	0.536347	-0.779045	-0.621378	0.083536	0.390657	-0.376874	0.839853
18926	5.480081	0.954921	8.639163	0.008531	-0.003556	-0.011204	-0.490248	0.686988	0.536381	-0.779103	-0.621290	0.083645	0.390711	-0.376889	0.839821
18927	5.481868	1.010444	8.646716	0.015494	-0.008417	-0.007013	-0.490117	0.687039	0.536435	-0.779117	-0.621250	0.083820	0.390848	-0.376864	0.839769
18928	5.499660	1.002397	8.631827	0.008149	-0.003473	-0.002820	-0.490047	0.687058	0.536475	-0.779135	-0.621219	0.083881	0.390899	-0.376881	0.839737
18929	5.476056	0.984495	8.615388	0.014424	-0.001577	-0.004991	-0.490203	0.686929	0.536497	-0.778910	-0.621479	0.084042	0.391152	-0.376685	0.839707
18930	5.461678	0.989366	8.595742	0.018537	-0.000847	-0.003113	-0.490142	0.686960	0.536514	-0.778889	-0.621485	0.084191	0.391272	-0.376620	0.839681
18931	5.417760	0.987714	8.627584	0.022770	-0.001795	-0.004577	-0.490266	0.686858	0.536532	-0.778664	-0.621737	0.084417	0.391564	-0.376391	0.839647
18932	5.376954	0.980966	8.625315	0.037973	-0.006851	-0.009834	-0.490128	0.686907	0.536594	-0.778599	-0.621770	0.084766	0.391864	-0.376245	0.839573
18933	5.458491	0.951413	8.619873	0.059135	-0.011595	-0.017150	-0.489960	0.686964	0.536675	-0.778438	-0.621891	0.085364	0.392395	-0.375943	0.839460
18934	5.486126	1.098115	8.560343	0.063164	-0.005908	-0.023495	-0.489720	0.687102	0.536717	-0.778341	-0.621924	0.085997	0.392886	-0.375635	0.839368
18935	5.495679	1.126799	8.556092	0.058498	-0.004865	-0.018577	-0.489652	0.687141	0.536729	-0.778118	-0.622120	0.086593	0.393412	-0.375238	0.839299
18936	5.461109	1.151466	8.584093	0.055014	-0.002444	-0.020672	-0.489448	0.687275	0.536744	-0.778039	-0.622143	0.087143	0.393823	-0.374956	0.839233
18937	5.405375	1.023274	8.603090	0.052170	-0.006766	-0.021327	-0.489161	0.687466	0.536761	-0.778030	-0.622075	0.087699	0.394196	-0.374717	0.839164
18938	5.426627	1.055166	8.652023	0.072976	-0.006473	-0.018616	-0.488956	0.687572	0.536812	-0.777870	-0.622179	0.088389	0.394766	-0.374351	0.839059
18939	5.464410	1.151560	8.637432	0.069699	-0.010693	-0.015816	-0.488882	0.687564	0.536889	-0.777583	-0.622439	0.089069	0.395421	-0.373932	0.838938
18940	5.447941	1.167372	8.650430	0.063482	-0.012589	-0.008705	-0.488731	0.687585	0.537000	-0.777411	-0.622575	0.089625	0.395947	-0.373667	0.838808
18941	5.415607	1.118221	8.726673	0.048898	-0.019215	-0.003638	-0.488702	0.687482	0.537157	-0.777162	-0.622823	0.090065	0.396472	-0.373443	0.838660
18942	5.373545	0.992270	8.798312	0.054555	-0.030390	-0.003901	-0.488517	0.687408	0.537421	-0.777001	-0.622958	0.090520	0.397015	-0.373356	0.838442
18943	5.079958	1.151411	9.164238	0.062985	-0.066965	-0.008321	-0.488058	0.687317	0.537954	-0.776914	-0.622982	0.091098	0.397749	-0.373482	0.838037
18944	5.018579	0.972212	9.151495	0.054660	-0.155890	-0.003393	-0.487377	0.686769	0.539269	-0.776749	-0.623121	0.091552	0.398905	-0.374256	0.837142
18945	4.659688	1.341570	9.604497	0.068182	-0.287842	-0.012357	-0.486009	0.685857	0.541661	-0.776643	-0.623157	0.092199	0.400775	-0.375867	0.835526
18946	4.784001	1.051699	9.472946	0.027289	-0.455689	-0.016861	-0.484012	0.684256	0.545459	-0.776652	-0.623102	0.092496	0.403168	-0.378863	0.833018
18947	4.799236	1.364027	9.615102	0.035325	-0.608474	-0.023392	-0.481251	0.682191	0.550466	-0.776740	-0.622930	0.092922	0.406292	-0.382850	0.829670
18948	4.883288	1.169600	9.567481	-0.004943	-0.762425	-0.020754	-0.477944	0.679395	0.556769	-0.776896	-0.622727	0.092974	0.409881	-0.388115	0.825448
18949	4.955106	1.256948	9.702908	0.012699	-0.916746	-0.013475	-0.473878	0.676043	0.564274	-0.777085	-0.622463	0.093161	0.414221	-0.394342	0.820315
18950	5.104551	0.974556	9.849678	-0.040233	-1.079386	-0.026483	-0.469141	0.671925	0.573083	-0.777414	-0.622082	0.092962	0.418968	-0.401910	0.814208
18951	5.164999	0.962023	9.895682	0.024205	-1.251055	-0.022115	-0.463578	0.667105	0.583152	-0.777544	-0.621870	0.093287	0.424877	-0.410181	0.806989
18952	5.396130	0.886419	9.632077	-0.051388	-1.400782	-0.031545	-0.457304	0.661501	0.594381	-0.777946	-0.621404	0.093040	0.430897	-0.419849	0.798783
18953	5.460831	0.663381	9.646945	-0.066449	-1.497101	-0.062214	-0.450262	0.655583	0.606196	-0.778577	-0.620635	0.092898	0.437129	-0.430142	0.789871
18954	5.805020	0.222484	9.344365	-0.061372	-1.584229	-0.118903	-0.442324	0.649434	0.618534	-0.779415	-0.619548	0.093127	0.443692	-0.440903	0.780220
18955	6.083606	0.260478	9.135125	-0.044790	-1.635000	-0.204165	-0.433414	0.643405	0.631017	-0.780505	-0.618031	0.094073	0.450515	-0.451739	0.770044
18956	6.520302	0.579986	8.877455	-0.072448	-1.637710	-0.290792	-0.423676	0.637723	0.643279	-0.782117	-0.615792	0.095356	0.456937	-0.462720	0.759671
18957	6.089077	0.643620	8.899193	-0.248732	-1.571566	-0.363565	-0.413601	0.632599	0.654792	-0.784779	-0.612318	0.095857	0.461580	-0.474220	0.749706
18958	5.707862	0.702383	9.097561	-0.407755	-1.397185	-0.433443	-0.403690	0.628550	0.664800	-0.788474	-0.607583	0.095664	0.464051	-0.485559	0.740870
18959	4.864564	0.734033	8.972110	-0.510610	-1.223452	-0.534274	-0.393772	0.625783	0.673305	-0.792975	-0.601724	0.095495	0.464903	-0.496311	0.733172
18960	4.595794	1.145463	9.248339	-0.624724	-1.053150	-0.609340	-0.383996	0.624158	0.680422	-0.798282	-0.594736	0.095047	0.463996	-0.506671	0.726631
18961	3.580338	1.466498	9.386484	-0.818632	-0.804049	-0.668224	-0.374912	0.624002	0.685611	-0.804603	-0.586374	0.093703	0.460495	-0.516514	0.721912
18962	2.952642	1.360066	9.577194	-0.970270	-0.563514	-0.690482	-0.366717	0.625092	0.689042	-0.811639	-0.576958	0.091447	0.454711	-0.525718	0.718929
18963	2.456517	1.296599	10.142495	-1.078457	-0.277025	-0.676133	-0.359943	0.627508	0.690417	-0.818959	-0.567004	0.088383	0.446930	-0.533610	0.717992
18964	1.842429	0.603033	10.670886	-1.126964	0.040803	-0.598230	-0.355166	0.631099	0.689617	-0.826116	-0.557144	0.084401	0.437481	-0.539727	0.719239
18965	4.675689	0.114071	11.564389	-0.987696	0.377927	-0.451461	-0.353045	0.635660	0.686509	-0.831993	-0.548928	0.080407	0.427956	-0.542784	0.722661
18966	4.253840	-0.159180	11.877549	-0.833448	0.863740	-0.312867	-0.354052	0.642060	0.680004	-0.836657	-0.542360	0.076482	0.417914	-0.541852	0.729208
18967	2.960121	-0.595896	11.157298	-0.539861	1.232327	-0.211884	-0.357357	0.649874	0.670791	-0.839651	-0.538065	0.073971	0.409001	-0.536796	0.737949
18968	2.655174	-0.112989	10.887532	-0.253579	1.424331	-0.089885	-0.362339	0.657955	0.660156	-0.841035	-0.536077	0.072672	0.401710	-0.528883	0.747605
18969	3.339886	0.161477	10.809610	-0.058536	1.549973	0.059399	-0.369002	0.665783	0.648514	-0.841063	-0.536143	0.071858	0.395538	-0.518926	0.757803
18970	3.734025	0.128076	10.805788	0.063050	1.682005	0.211921	-0.377352	0.673285	0.635840	-0.840057	-0.537838	0.070963	0.389757	-0.507364	0.768552
18971	4.093191	0.083782	10.599364	0.208521	1.800074	0.311659	-0.386921	0.680645	0.622104	-0.838073	-0.540968	0.070629	0.384612	-0.494040	0.779742
18972	4.418062	0.004824	10.435506	0.281368	1.894529	0.382605	-0.397326	0.687801	0.607505	-0.835529	-0.544908	0.070470	0.379503	-0.479589	0.791184
18973	4.454796	0.040556	10.240502	0.337859	1.942704	0.427232	-0.408197	0.694662	0.592301	-0.832552	-0.549429	0.070609	0.374477	-0.464299	0.802617
18974	4.528737	0.117344	10.065533	0.332404	1.961957	0.451610	-0.419209	0.701138	0.576775	-0.829480	-0.554052	0.070637	0.369089	-0.448811	0.813844
18975	4.921449	0.225042	10.030235	0.299555	1.968210	0.463051	-0.430233	0.707274	0.560949	-0.826435	-0.558605	0.070465	0.363187	-0.433272	0.824846
18976	5.194600	0.250801	9.909998	0.221622	1.975061	0.459464	-0.441095	0.713116	0.544886	-0.823669	-0.562766	0.069742	0.356378	-0.418042	0.835605
18977	5.275531	0.166047	9.659679	0.138301	1.962023	0.455110	-0.451738	0.718634	0.528676	-0.821170	-0.566562	0.068468	0.348731	-0.403203	0.846058
18978	5.327621	0.154030	9.277611	0.073382	1.907081	0.436166	-0.461853	0.723722	0.512755	-0.818957	-0.569954	0.066797	0.340589	-0.389074	0.855933
18979	5.422088	0.292856	9.002895	0.001231	1.828505	0.408475	-0.471326	0.728412	0.497261	-0.817068	-0.572894	0.064748	0.332040	-0.375778	0.865182
18980	5.581946	0.431293	8.701375	-0.093178	1.748959	0.372288	-0.480059	0.732753	0.482303	-0.815635	-0.575226	0.062088	0.322929	-0.363577	0.873801
18981	5.656869	0.440934	8.333014	-0.192318	1.668619	0.315205	-0.487919	0.736940	0.467819	-0.814742	-0.576823	0.058903	0.313257	-0.352412	0.881859
18982	5.643287	0.673483	7.988836	-0.294704	1.590566	0.233644	-0.494690	0.741131	0.453880	-0.814534	-0.577484	0.055189	0.303011	-0.342400	0.889352
18983	5.688171	0.967701	7.661580	-0.440504	1.506253	0.133016	-0.500237	0.745482	0.440477	-0.815203	-0.576955	0.050660	0.291902	-0.333736	0.896334
18984	5.677871	1.100305	7.234389	-0.596957	1.420366	0.021195	-0.504437	0.750063	0.427724	-0.816835	-0.575101	0.045169	0.279864	-0.326595	0.902780
18985	5.607267	1.262191	6.715180	-0.757970	1.320287	-0.100825	-0.507207	0.754940	0.415700	-0.819435	-0.571862	0.038727	0.266960	-0.320997	0.908677
18986	5.635804	1.531814	6.398356	-0.901458	1.210944	-0.221319	-0.508507	0.760077	0.404602	-0.822935	-0.567268	0.031389	0.253376	-0.317000	0.913954
18987	5.709990	1.740167	6.081362	-1.045477	1.110963	-0.324622	-0.508551	0.765437	0.394313	-0.827174	-0.561471	0.023103	0.239078	-0.314416	0.918686
18988	5.989018	1.748595	5.817310	-1.162026	1.017748	-0.405400	-0.507513	0.770906	0.384882	-0.831954	-0.554669	0.013950	0.224237	-0.313124	0.922860
18989	6.444608	1.831215	5.597799	-1.219875	0.957920	-0.441174	-0.505899	0.776348	0.375965	-0.836843	-0.547425	0.004345	0.209186	-0.312426	0.926624
18990	1.414829	-1.247051	5.878380	-1.129869	0.663980	-0.325107	-0.504486	0.780208	0.369822	-0.840804	-0.541317	-0.004959	0.196322	-0.313450	0.929089
18991	8.543354	-3.628223	-4.560770	1.025410	-0.733242	-0.283900	-0.500608	0.779461	0.376607	-0.840163	-0.542305	0.005610	0.208608	-0.313603	0.926356
18992	11.714248	4.795923	0.794222	1.091920	-1.200949	-0.208520	-0.496228	0.776819	0.387698	-0.838870	-0.544083	0.016464	0.223729	-0.317058	0.921640
18993	18.406905	5.402153	-1.187685	1.121121	-1.372310	-0.037951	-0.492725	0.772651	0.400290	-0.836463	-0.547362	0.026913	0.239898	-0.321568	0.915993
18994	9.633705	4.110731	1.011980	1.127919	-1.635939	-0.146898	-0.487398	0.768156	0.415186	-0.834408	-0.549851	0.037773	0.257306	-0.328024	0.908952
18995	8.534975	5.806419	13.077066	0.017064	-1.834073	-0.113945	-0.481651	0.762633	0.431745	-0.834910	-0.549045	0.038414	0.266343	-0.341965	0.901178
18996	7.169151	-3.894309	13.904649	0.055922	-1.654141	-0.098499	-0.476320	0.757428	0.446568	-0.835260	-0.548448	0.039320	0.274701	-0.354272	0.893885
18997	7.354627	-1.207856	11.160443	0.793697	-1.768212	-0.150809	-0.470076	0.751907	0.462238	-0.833727	-0.550166	0.047073	0.289702	-0.363252	0.885506
18998	10.274197	0.708959	10.436046	0.560511	-1.591589	-0.171869	-0.463903	0.747013	0.476198	-0.832903	-0.550896	0.052794	0.301774	-0.372136	0.877752
18999	8.261180	3.639807	10.005825	0.612128	-1.255850	-0.264603	-0.457845	0.743756	0.487037	-0.832236	-0.551227	0.059428	0.312669	-0.378121	0.871357
19000	4.316875	2.025832	8.818466	0.218398	-1.199638	-0.260029	-0.451851	0.740617	0.497310	-0.832759	-0.550088	0.062579	0.319911	-0.385863	0.865313
19001	6.493582	1.447280	9.143590	0.313576	-1.315903	-0.248598	-0.445520	0.736848	0.508495	-0.832849	-0.549485	0.066542	0.328442	-0.393854	0.858490
19002	10.126728	2.921495	9.551996	0.180889	-1.078658	-0.127428	-0.440847	0.733273	0.517652	-0.832846	-0.549223	0.068719	0.334697	-0.400829	0.852827
19003	6.994545	2.353409	8.795759	-0.065542	-0.751431	-0.052576	-0.437890	0.730520	0.524016	-0.833286	-0.548589	0.068448	0.337472	-0.406682	0.848954
19004	7.959755	1.556478	9.745769	-0.021016	-0.711364	-0.043775	-0.435080	0.727860	0.530025	-0.833579	-0.548139	0.068477	0.340369	-0.412025	0.845213
19005	7.059718	1.644266	8.611913	0.204698	-0.274342	-0.001102	-0.434140	0.726725	0.532347	-0.832871	-0.548993	0.070226	0.343290	-0.412889	0.843608
19006	7.431139	3.019225	9.341548	0.051651	-0.169333	0.056068	-0.433990	0.725728	0.533827	-0.832482	-0.549569	0.070339	0.344422	-0.413875	0.842663
19007	5.736351	0.778541	8.788604	-0.124450	-0.100529	0.084703	-0.434358	0.724835	0.534741	-0.832527	-0.549689	0.068854	0.343849	-0.415279	0.842206
19008	5.616354	0.322433	8.771361	0.069221	-0.077918	0.082565	-0.434742	0.724068	0.535467	-0.831962	-0.550530	0.068973	0.344731	-0.415503	0.841735
19009	5.684679	0.929568	8.859404	0.009842	-0.072010	0.074070	-0.435118	0.723350	0.536132	-0.831590	-0.551127	0.068674	0.345152	-0.415961	0.841336
19010	5.511835	0.394997	8.587281	-0.001477	-0.053323	0.060339	-0.435401	0.722807	0.536635	-0.831364	-0.551513	0.068315	0.345340	-0.416394	0.841045
19011	5.489151	0.905126	8.697181	0.049903	-0.052646	0.052058	-0.435659	0.722290	0.537121	-0.830950	-0.552117	0.068471	0.346009	-0.416491	0.840722
19012	5.469764	0.938807	8.687830	0.010453	-0.056949	0.049515	-0.435839	0.721790	0.537646	-0.830730	-0.552473	0.068270	0.346312	-0.416884	0.840402
19013	5.466296	0.779918	8.632141	0.004636	-0.062477	0.049841	-0.436044	0.721243	0.538213	-0.830482	-0.552873	0.068056	0.346649	-0.417301	0.840056
19014	5.486164	0.878049	8.635626	0.025747	-0.064618	0.045618	-0.436164	0.720733	0.538800	-0.830225	-0.553264	0.068005	0.347112	-0.417664	0.839684
19015	5.496539	0.667190	8.621862	0.002034	-0.065123	0.039237	-0.436271	0.720233	0.539381	-0.830032	-0.553576	0.067826	0.347439	-0.418114	0.839325
19016	5.528936	0.732174	8.578030	0.042751	-0.060934	0.031435	-0.436286	0.719815	0.539927	-0.829778	-0.553936	0.067993	0.348027	-0.418356	0.838961
19017	5.506925	0.772516	8.602478	0.050024	-0.060505	0.023934	-0.436281	0.719419	0.540459	-0.829485	-0.554337	0.068298	0.348732	-0.418505	0.838594
19018	5.512161	0.775990	8.598811	0.059329	-0.057237	0.020687	-0.436218	0.719076	0.540966	-0.829220	-0.554690	0.068662	0.349441	-0.418628	0.838237
19019	5.456210	0.780112	8.642538	0.072116	-0.056207	0.014517	-0.436148	0.718750	0.541455	-0.828889	-0.555116	0.069203	0.350310	-0.418624	0.837877
19020	5.454971	0.709872	8.629986	0.086550	-0.057148	0.009372	-0.435991	0.718470	0.541953	-0.828577	-0.555500	0.069855	0.351244	-0.418594	0.837500
19021	5.500483	0.729743	8.628000	0.102399	-0.058351	0.003717	-0.435823	0.718195	0.542452	-0.828186	-0.555975	0.070708	0.352372	-0.418435	0.837106
19022	5.554580	0.636089	8.536053	0.113246	-0.050280	-0.011526	-0.435516	0.718060	0.542878	-0.827869	-0.556321	0.071696	0.353496	-0.418207	0.836746
19023	5.562101	0.916264	8.639539	0.151559	-0.044259	-0.008644	-0.435294	0.717913	0.543249	-0.827356	-0.556911	0.073026	0.354968	-0.417673	0.836389
19024	5.606193	0.904449	8.537588	0.107304	-0.036079	-0.012459	-0.435028	0.717843	0.543555	-0.827060	-0.557225	0.073969	0.355981	-0.417374	0.836108
19025	5.610743	1.049142	8.587816	0.122982	-0.030832	-0.008106	-0.434857	0.717750	0.543814	-0.826643	-0.557698	0.075057	0.357156	-0.416901	0.835842
19026	5.619335	1.135123	8.593402	0.092242	-0.025271	-0.000342	-0.434729	0.717658	0.544038	-0.826347	-0.558036	0.075807	0.357996	-0.416608	0.835629
19027	5.587848	1.103453	8.610862	0.068173	-0.020934	0.008310	-0.434729	0.717515	0.544227	-0.826052	-0.558398	0.076347	0.358676	-0.416369	0.835457
19028	5.586148	1.026921	8.566774	0.048084	-0.018950	0.015510	-0.434754	0.717361	0.544409	-0.825845	-0.558665	0.076643	0.359123	-0.416277	0.835311
19029	5.569016	0.988202	8.604247	0.041164	-0.011140	0.019716	-0.434884	0.717195	0.544525	-0.825596	-0.558997	0.076895	0.359537	-0.416118	0.835212
19030	5.564897	0.963202	8.571411	0.040251	-0.010996	0.021691	-0.434988	0.717039	0.544646	-0.825390	-0.559275	0.077091	0.359885	-0.416012	0.835115
19031	5.512987	0.988393	8.615846	0.038132	-0.005627	0.017573	-0.435120	0.716908	0.544715	-0.825161	-0.559579	0.077330	0.360249	-0.415830	0.835049
19032	5.506375	0.967427	8.617092	0.033622	-0.021293	0.022308	-0.435192	0.716706	0.544922	-0.824975	-0.559834	0.077467	0.360587	-0.415834	0.834900
19033	5.508788	0.969532	8.615313	0.039263	-0.030498	0.015262	-0.435215	0.716484	0.545196	-0.824753	-0.560126	0.077728	0.361069	-0.415824	0.834697
19034	5.513688	0.918666	8.602557	0.040622	-0.042232	0.011367	-0.435121	0.716256	0.545570	-0.824589	-0.560332	0.077983	0.361556	-0.415939	0.834429
19035	5.494839	0.902363	8.582924	0.050365	-0.050584	0.006157	-0.434995	0.716002	0.546005	-0.824365	-0.560604	0.078385	0.362217	-0.416010	0.834107
19036	5.509329	0.876819	8.566545	0.072166	-0.062827	-0.000114	-0.434732	0.715752	0.546541	-0.824137	-0.560859	0.078966	0.363053	-0.416095	0.833701
19037	5.481802	0.996980	8.544734	0.084054	-0.068392	0.003814	-0.434520	0.715437	0.547121	-0.823800	-0.561255	0.079662	0.364068	-0.416104	0.833254
19038	5.529577	0.914076	8.554711	0.095413	-0.086917	-0.005348	-0.434125	0.715117	0.547853	-0.823508	-0.561569	0.080464	0.365199	-0.416230	0.832696
19039	5.469505	0.950202	8.575155	0.125084	-0.090834	-0.007780	-0.433734	0.714774	0.548611	-0.823070	-0.562053	0.081564	0.366648	-0.416168	0.832090
19040	5.537271	0.911950	8.544835	0.119764	-0.101370	-0.012512	-0.433224	0.714434	0.549456	-0.822717	-0.562417	0.082608	0.368041	-0.416259	0.831429
19041	5.553471	0.909768	8.435500	0.136195	-0.107751	-0.018441	-0.432681	0.714080	0.550343	-0.822280	-0.562871	0.083857	0.369653	-0.416253	0.830717
19042	5.477935	0.955949	8.469575	0.127218	-0.120975	-0.013613	-0.432086	0.713665	0.551348	-0.821900	-0.563259	0.084967	0.371190	-0.416440	0.829937
19043	5.760286	0.998505	8.406774	0.158129	-0.118520	-0.029660	-0.431406	0.713330	0.552313	-0.821426	-0.563723	0.086459	0.373025	-0.416385	0.829141
19044	5.585641	1.121859	8.562713	0.145562	-0.114577	-0.030010	-0.430697	0.713033	0.553248	-0.821044	-0.564071	0.087810	0.374683	-0.416422	0.828375
19045	5.446028	0.746227	8.581808	0.078497	-0.131682	-0.028850	-0.429971	0.712639	0.554320	-0.820860	-0.564210	0.088636	0.375918	-0.416908	0.827571
19046	5.443724	0.811055	8.529584	0.184613	-0.158294	-0.036032	-0.429044	0.712194	0.555609	-0.820351	-0.564679	0.090342	0.378082	-0.417034	0.826521
19047	5.467537	1.273903	8.768889	0.217367	-0.202516	-0.036396	-0.427981	0.711547	0.557255	-0.819669	-0.565343	0.092356	0.380756	-0.417238	0.825189
19048	5.195119	1.367910	8.969647	0.177179	-0.241287	-0.013452	-0.426914	0.710627	0.559243	-0.819083	-0.565943	0.093871	0.383207	-0.417992	0.823672
19049	5.252724	1.610596	9.182381	0.179982	-0.341005	0.018701	-0.425760	0.709086	0.562072	-0.818297	-0.566846	0.095263	0.386158	-0.419383	0.821584
19050	5.274069	1.583427	9.006629	0.154229	-0.453631	0.051656	-0.424389	0.706897	0.565854	-0.817513	-0.567816	0.096217	0.389316	-0.421759	0.818872
19051	5.328942	1.514510	8.990309	0.156121	-0.543662	0.076275	-0.422889	0.704156	0.570376	-0.816565	-0.569032	0.097077	0.392919	-0.424696	0.815627
19052	5.310913	1.368263	8.994594	0.085220	-0.633251	0.105062	-0.421213	0.700867	0.575643	-0.815819	-0.570089	0.097149	0.396256	-0.428700	0.811910
19053	5.350045	1.453661	9.118194	0.102469	-0.723538	0.117709	-0.419295	0.697072	0.581620	-0.814903	-0.571370	0.097317	0.400157	-0.433160	0.807618
19054	5.120794	1.614094	9.652427	0.015357	-0.857096	0.143952	-0.416987	0.692523	0.588672	-0.814273	-0.572392	0.096579	0.403834	-0.439067	0.802582
19055	4.705232	1.239357	10.191478	-0.095421	-1.053331	0.162240	-0.414037	0.686923	0.597252	-0.813972	-0.573104	0.094874	0.407459	-0.446865	0.796423
19056	4.360399	1.323455	10.605939	-0.096543	-1.324003	0.179291	-0.410035	0.679926	0.607924	-0.813663	-0.573848	0.093011	0.412097	-0.456507	0.788528
19057	3.890628	1.555586	11.100650	-0.137866	-1.699656	0.189173	-0.404520	0.670975	0.621414	-0.813453	-0.574501	0.090791	0.417922	-0.468765	0.778204
19058	3.706936	1.296189	11.474007	-0.186303	-2.167512	0.161213	-0.396660	0.659731	0.638292	-0.813626	-0.574641	0.088322	0.425057	-0.484297	0.764711
19059	3.432875	1.303449	11.843713	-0.138851	-2.705488	0.111566	-0.385935	0.645741	0.658842	-0.813776	-0.574694	0.086574	0.434537	-0.502739	0.747283
19060	3.678856	1.345812	11.614491	-0.232384	-3.291858	0.052787	-0.371850	0.628529	0.683139	-0.814633	-0.573789	0.084496	0.445086	-0.525088	0.725383
19061	3.478167	1.632964	11.083984	-0.200342	-3.873373	-0.014788	-0.354237	0.607798	0.710702	-0.815584	-0.572626	0.083201	0.457537	-0.550164	0.698555
19062	4.439868	1.209401	10.769051	-0.199993	-4.452174	-0.074225	-0.332917	0.583117	0.741040	-0.816801	-0.571009	0.082367	0.471170	-0.577861	0.666389
19063	6.057320	0.082374	11.492463	-0.146223	-4.993773	-0.150004	-0.307772	0.554399	0.773252	-0.817977	-0.569291	0.082591	0.485993	-0.607083	0.628698
19064	8.204426	-0.492794	12.113293	0.085348	-5.549648	-0.245590	-0.278278	0.521289	0.806734	-0.818309	-0.568452	0.085047	0.502924	-0.636491	0.584763
19065	13.277867	-1.052367	12.893306	0.137125	-5.699595	-0.275747	-0.246868	0.485802	0.838482	-0.818331	-0.567950	0.088126	0.519028	-0.664401	0.537756
19066	16.186045	-0.487124	14.304260	0.288297	-5.494114	-0.266302	-0.215716	0.450148	0.866506	-0.817462	-0.568606	0.091883	0.534062	-0.688516	0.490636
19067	14.690815	-0.083139	12.877850	0.159795	-5.280607	-0.258498	-0.185053	0.414710	0.890938	-0.817121	-0.568593	0.094946	0.545956	-0.710435	0.444089
19068	12.616944	0.390318	12.523332	-0.188282	-5.110162	-0.249421	-0.154888	0.379273	0.912229	-0.818612	-0.566196	0.096412	0.553067	-0.731829	0.398175
19069	8.167892	-0.008048	11.186929	-0.347533	-4.917018	-0.331670	-0.124839	0.344713	0.930370	-0.821014	-0.562397	0.098210	0.557091	-0.751587	0.353223
19070	4.132839	-0.726732	9.280591	-0.446237	-4.751633	-0.482716	-0.094318	0.311271	0.945629	-0.824064	-0.557371	0.101276	0.558591	-0.769706	0.309077
19071	1.174593	-1.861582	6.595893	-0.245685	-4.596448	-0.688873	-0.062885	0.279422	0.958107	-0.825992	-0.553398	0.107179	0.560163	-0.784649	0.265601
19072	1.823381	-1.205630	6.314662	0.041841	-4.055279	-0.798912	-0.033481	0.251803	0.967199	-0.826171	-0.551560	0.114995	0.562424	-0.795222	0.226499
19073	22.448232	-0.888338	12.017754	-0.163156	-1.837477	-0.595989	-0.018196	0.240478	0.970484	-0.827259	-0.548754	0.120466	0.561527	-0.800649	0.208923
19074	9.658425	-2.077364	13.719249	-0.253949	0.480075	-0.339869	-0.018034	0.246187	0.969055	-0.828771	-0.545847	0.123248	0.559298	-0.800901	0.213876
19075	-2.439873	-5.389683	7.246002	0.216487	1.251523	-0.136365	-0.023886	0.256993	0.966118	-0.827613	-0.547182	0.125091	0.560790	-0.796584	0.225761
19076	-6.452324	-3.407133	5.144958	0.805423	1.056327	0.037413	-0.030114	0.265168	0.963732	-0.823089	-0.553620	0.126607	0.567114	-0.789424	0.234929
19077	-3.242470	-0.569343	6.377604	0.933730	0.820266	0.266562	-0.036958	0.270194	0.962096	-0.817707	-0.561606	0.126309	0.574447	-0.782045	0.241696
19078	0.325037	1.118143	8.368099	0.650692	1.082862	0.481876	-0.047098	0.275911	0.960029	-0.813780	-0.567943	0.123303	0.579262	-0.775445	0.251280
19079	1.916786	1.184655	9.555543	0.253718	1.737288	0.598725	-0.062015	0.285991	0.956223	-0.812024	-0.571515	0.118268	0.580320	-0.769142	0.267674
19080	1.729005	-0.007048	9.367293	0.060099	2.386337	0.600257	-0.080683	0.300828	0.950259	-0.811278	-0.573690	0.112733	0.579067	-0.761828	0.290342
19081	0.942357	-0.416295	8.739829	0.138502	2.816435	0.568708	-0.101561	0.318963	0.942310	-0.810006	-0.576426	0.107813	0.577560	-0.752327	0.316905
19082	1.170870	0.077919	8.853964	0.253741	3.044181	0.556440	-0.123587	0.338481	0.932822	-0.807947	-0.580103	0.103452	0.576149	-0.740886	0.345168
19083	2.945495	1.066309	9.604876	0.270692	3.253511	0.579128	-0.146948	0.359096	0.921660	-0.805662	-0.584029	0.099095	0.573860	-0.727984	0.375132
19084	4.902334	1.451354	10.155695	0.189825	3.559188	0.591360	-0.172022	0.381298	0.908306	-0.803666	-0.587540	0.094439	0.569675	-0.713729	0.407506
19085	5.994657	1.250903	10.144309	0.108330	3.917846	0.582288	-0.198871	0.405615	0.892147	-0.802031	-0.590509	0.089693	0.563202	-0.697693	0.442751
19086	6.380094	0.893447	9.974070	0.114066	4.207241	0.539836	-0.226688	0.431401	0.873216	-0.800279	-0.593507	0.085461	0.555128	-0.679443	0.479782
19087	6.938766	0.798197	9.862413	0.167508	4.386402	0.502974	-0.254834	0.457866	0.851715	-0.798209	-0.596775	0.081990	0.545822	-0.658953	0.517551
19088	8.004105	1.013672	10.075993	0.192481	4.496599	0.477232	-0.282911	0.484152	0.827984	-0.795920	-0.600223	0.079017	0.535231	-0.636655	0.555156
19089	9.101157	1.034158	10.281304	0.160934	4.584760	0.480215	-0.310959	0.510015	0.801991	-0.793710	-0.603523	0.076054	0.522809	-0.612899	0.592475
19090	9.790327	0.769277	10.293801	0.118972	4.652761	0.523113	-0.339068	0.534799	0.773966	-0.791432	-0.606924	0.072656	0.508595	-0.587906	0.629045
19091	10.319800	0.336545	10.298267	0.127462	4.680043	0.596533	-0.367191	0.558173	0.744052	-0.788757	-0.610824	0.068975	0.492985	-0.561549	0.664552
19092	10.604662	0.031602	10.219285	0.201610	4.658725	0.684927	-0.395141	0.579503	0.712769	-0.785204	-0.615780	0.065351	0.476780	-0.533846	0.698347
19093	10.721434	0.088083	10.308462	0.267896	4.600016	0.761267	-0.422615	0.598795	0.680324	-0.780908	-0.621564	0.061980	0.459978	-0.505077	0.730286
19094	10.853708	0.614052	10.501851	0.329037	4.506402	0.802854	-0.449178	0.615893	0.647236	-0.775958	-0.628010	0.059089	0.442863	-0.475687	0.759996
19095	10.418619	1.056548	10.503717	0.290922	4.406783	0.728754	-0.473894	0.631715	0.613482	-0.771406	-0.633807	0.056760	0.424686	-0.446346	0.787666
19096	10.311845	1.868695	10.732832	0.044995	4.317943	0.581339	-0.496232	0.646707	0.579244	-0.768435	-0.637676	0.053635	0.404056	-0.418496	0.813388
19097	10.328257	2.586724	10.706241	-0.145638	4.219083	0.367202	-0.515583	0.661554	0.544538	-0.767220	-0.639402	0.050379	0.381507	-0.391805	0.837222
19098	10.204014	2.701477	10.449937	-0.417895	4.106901	0.104497	-0.531515	0.676485	0.509764	-0.768251	-0.638475	0.046261	0.356767	-0.367038	0.859070
19099	10.334230	3.003481	10.337461	-0.716536	3.965805	-0.172088	-0.543763	0.691777	0.475149	-0.771701	-0.634670	0.040889	0.329849	-0.344439	0.878955
19100	10.618296	2.943521	10.098138	-0.985676	3.806300	-0.446322	-0.552287	0.707336	0.441197	-0.777292	-0.628213	0.034155	0.301324	-0.324075	0.896760
19101	10.930494	2.728897	9.515754	-1.198893	3.637507	-0.700254	-0.557199	0.723231	0.408002	-0.784667	-0.619360	0.026286	0.271711	-0.305499	0.912602
19102	11.140307	2.352199	8.720067	-1.369350	3.454260	-0.865926	-0.559203	0.738829	0.376063	-0.793047	-0.608922	0.017058	0.241596	-0.288697	0.926437
19103	11.147650	1.688780	7.714385	-1.450670	3.236646	-0.896861	-0.559354	0.753398	0.345709	-0.801396	-0.598095	0.006769	0.211867	-0.273263	0.938318
19104	8.311005	-0.093126	7.764285	-1.338841	2.819220	-0.774516	-0.558687	0.765525	0.319124	-0.808414	-0.588605	-0.003316	0.185299	-0.259837	0.947707
19105	13.556896	-0.192159	2.119977	-0.704593	2.055108	-0.599631	-0.557422	0.774305	0.299554	-0.813041	-0.582150	-0.008163	0.168064	-0.248100	0.954044
19106	14.202325	0.279551	4.104084	-0.632277	1.916580	-0.293128	-0.558074	0.780669	0.281264	-0.815715	-0.578299	-0.013398	0.152196	-0.236908	0.959537
19107	13.844853	0.699686	2.703588	-0.526137	1.774816	0.052332	-0.561047	0.784513	0.264133	-0.816212	-0.577452	-0.018607	0.137927	-0.226027	0.964307
19108	11.910517	0.350524	1.260087	-0.083390	1.432099	0.323726	-0.565569	0.785816	0.250251	-0.814526	-0.579773	-0.020282	0.129151	-0.215307	0.967969
19109	11.430777	0.346661	0.302088	0.201463	0.991510	0.543179	-0.571224	0.784771	0.240493	-0.811202	-0.584435	-0.019668	0.125118	-0.206324	0.970451
19110	11.411812	1.165715	-0.126250	0.492152	0.506399	0.715478	-0.577618	0.781610	0.235463	-0.806499	-0.591002	-0.016630	0.126161	-0.199507	0.971741
19111	10.947408	1.844360	-0.870910	0.724125	-0.028112	0.814821	-0.584117	0.776725	0.235594	-0.800844	-0.598762	-0.011517	0.132119	-0.195401	0.971783
19112	10.552292	2.399323	-1.633450	0.843699	-0.634754	0.800527	-0.589604	0.770678	0.241708	-0.795014	-0.606568	-0.005272	0.142549	-0.195270	0.970335
19113	10.591344	2.230434	-2.706779	0.863708	-1.246057	0.681732	-0.593138	0.764067	0.253750	-0.789695	-0.613499	0.001405	0.156749	-0.199551	0.967269
19114	11.421152	1.821777	-4.567923	0.930547	-1.912981	0.473217	-0.593658	0.757266	0.272247	-0.785369	-0.618961	0.009101	0.175402	-0.208411	0.962184
19115	13.023959	0.465739	-7.047991	0.973475	-2.667819	0.169061	-0.589996	0.750467	0.297832	-0.782543	-0.622338	0.017951	0.198824	-0.222475	0.954450
19116	1.350370	3.540554	5.503745	0.697285	-3.042239	-0.046832	-0.583197	0.743727	0.326730	-0.781380	-0.623567	0.024685	0.222097	-0.240904	0.944795
19117	6.093363	-1.027968	13.883997	0.972477	-3.120867	-0.378916	-0.572913	0.738297	0.355934	-0.781276	-0.623197	0.035122	0.247748	-0.257961	0.933851
19118	7.051749	-3.307412	14.363847	0.785760	-3.303710	-0.473039	-0.560588	0.732413	0.386409	-0.781944	-0.621784	0.044136	0.272588	-0.277408	0.921271
19119	9.429782	-1.608604	10.819646	0.626983	-3.480916	-0.004492	-0.550644	0.722409	0.418230	-0.780179	-0.623563	0.049893	0.296836	-0.298821	0.906970
19120	9.479516	-2.629578	12.464520	0.153976	-3.561177	0.039956	-0.539985	0.711095	0.450289	-0.779521	-0.624290	0.051076	0.317431	-0.323430	0.891421
19121	21.113930	4.197835	13.043918	1.760669	-3.264601	-0.586311	-0.524548	0.704002	0.478779	-0.776777	-0.625944	0.069362	0.348520	-0.335521	0.875191
