// General information: 
//  MT Manager version: 2022.2.0 
//  XDA version: 2022.2.0 build 7381 rev 124627 built on 2023-07-19
// Device information: 
//  DeviceId: 00B4CAF0
//  ProductCode: MTW2-3A7G6
//  Firmware Version: 4.6.0
//  Hardware Version: 2.0.0
// Device settings: 
//  Filter Profile: human(46.1)
//  Option Flags: Orientation Smoother Disabled, Position/Velocity Smoother Disabled, Continuous Zero Rotation Update Disabled, AHS Disabled, ICC Disabled
// Coordinate system: ENU
PacketCounter	Acc_X	Acc_Y	Acc_Z	Gyr_X	Gyr_Y	Gyr_Z	Mat[1][1]	Mat[2][1]	Mat[3][1]	Mat[1][2]	Mat[2][2]	Mat[3][2]	Mat[1][3]	Mat[2][3]	Mat[3][3]
63192	4.886173	-0.270106	9.001956	0.008458	0.004441	0.003143	0.123865	0.872233	0.473147	-0.987485	0.155260	-0.027705	-0.097626	-0.463794	0.880548
63193	4.897063	-0.295724	9.048777	0.004261	0.001788	0.002409	0.123937	0.872218	0.473155	-0.987472	0.155345	-0.027708	-0.097670	-0.463793	0.880543
63194	4.933377	-0.231976	9.050045	0.004325	0.000923	0.004085	0.123901	0.872222	0.473158	-0.987477	0.155308	-0.027715	-0.097658	-0.463799	0.880542
63195	4.879012	-0.237864	9.046796	0.010811	0.004682	0.001942	0.123938	0.872227	0.473138	-0.987475	0.155331	-0.027684	-0.097639	-0.463780	0.880554
63196	4.924471	-0.244539	9.031990	0.004618	0.004470	0.001863	0.123927	0.872244	0.473109	-0.987478	0.155312	-0.027677	-0.097621	-0.463755	0.880569
63197	4.924081	-0.244343	9.032208	0.003748	0.003961	0.005542	0.123863	0.872249	0.473118	-0.987486	0.155255	-0.027707	-0.097621	-0.463765	0.880563
63198	4.915520	-0.257799	9.013943	0.005616	0.003249	0.001536	0.123854	0.872259	0.473101	-0.987489	0.155235	-0.027690	-0.097594	-0.463752	0.880573
63199	4.892413	-0.253748	9.021567	0.006742	0.000300	0.004560	0.123781	0.872250	0.473137	-0.987499	0.155168	-0.027712	-0.097587	-0.463793	0.880553
63200	4.861060	-0.263492	9.010745	0.004682	0.003606	0.003538	0.123753	0.872265	0.473116	-0.987505	0.155134	-0.027713	-0.097569	-0.463775	0.880564
63201	4.908246	-0.290382	9.009905	0.005322	-0.000296	0.003757	0.123797	0.872240	0.473151	-0.987498	0.155179	-0.027695	-0.097580	-0.463807	0.880546
63202	4.924496	-0.262664	9.046930	0.003134	0.004738	-0.000616	0.123811	0.872254	0.473121	-0.987497	0.155189	-0.027690	-0.097576	-0.463777	0.880562
63203	4.890222	-0.232723	9.007884	0.003901	-0.000892	0.002954	0.123751	0.872236	0.473170	-0.987502	0.155146	-0.027727	-0.097595	-0.463825	0.880535
63204	4.892910	-0.272121	9.036243	0.004491	0.006199	-0.001490	0.123775	0.872256	0.473128	-0.987501	0.155157	-0.027705	-0.097575	-0.463785	0.880558
63205	4.914097	-0.255461	9.014785	0.008224	0.000032	0.007038	0.123713	0.872241	0.473171	-0.987514	0.155081	-0.027684	-0.097527	-0.463838	0.880536
63206	4.889536	-0.231530	9.008287	0.005616	0.003250	0.001534	0.123705	0.872252	0.473154	-0.987517	0.155061	-0.027668	-0.097501	-0.463825	0.880545
63207	4.929779	-0.292030	9.003221	0.003747	0.003963	0.005540	0.123693	0.872253	0.473154	-0.987518	0.155056	-0.027684	-0.097512	-0.463824	0.880545
63208	4.937495	-0.278095	9.021957	0.004976	0.007152	0.001314	0.123691	0.872281	0.473103	-0.987521	0.155040	-0.027671	-0.097487	-0.463776	0.880573
63209	4.914137	-0.273981	9.029712	0.006613	0.002029	0.001207	0.123821	0.872260	0.473107	-0.987504	0.155157	-0.027614	-0.097492	-0.463776	0.880572
63210	4.910765	-0.233609	9.001745	0.008749	0.007988	0.000916	0.123823	0.872292	0.473049	-0.987510	0.155128	-0.027566	-0.097429	-0.463727	0.880605
63211	4.903462	-0.266558	8.997725	0.007034	0.003847	0.002336	0.123782	0.872293	0.473057	-0.987516	0.155087	-0.027576	-0.097419	-0.463738	0.880600
63212	4.904409	-0.285835	9.012140	0.007329	0.007392	0.000113	0.123791	0.872320	0.473004	-0.987519	0.155071	-0.027537	-0.097370	-0.463692	0.880630
63213	4.877909	-0.241928	8.991773	0.006458	0.006885	0.003791	0.123975	0.872315	0.472966	-0.987498	0.155224	-0.027442	-0.097354	-0.463651	0.880653
63214	4.889924	-0.287338	9.052907	0.008938	0.005397	0.005942	0.123925	0.872342	0.472929	-0.987510	0.155150	-0.027417	-0.097291	-0.463625	0.880674
63215	4.889541	-0.286771	9.053132	0.006549	0.002893	-0.000470	0.124048	0.872324	0.472929	-0.987494	0.155262	-0.027366	-0.097300	-0.463620	0.880675
63216	4.912157	-0.289954	9.045821	0.006099	0.004205	0.004337	0.124013	0.872344	0.472903	-0.987502	0.155215	-0.027358	-0.097268	-0.463600	0.880690
63217	4.940094	-0.239700	9.028702	0.006549	0.002893	-0.000470	0.124008	0.872339	0.472913	-0.987502	0.155214	-0.027366	-0.097275	-0.463608	0.880684
63218	4.909954	-0.269163	9.032132	0.003555	0.006556	0.000508	0.124013	0.872363	0.472867	-0.987502	0.155213	-0.027362	-0.097265	-0.463564	0.880709
63219	4.886472	-0.265151	9.039933	0.004553	0.005335	0.000182	0.124080	0.872359	0.472857	-0.987494	0.155270	-0.027330	-0.097262	-0.463552	0.880715
63220	4.915805	-0.234810	9.036967	0.007096	0.002984	0.004010	0.124047	0.872372	0.472842	-0.987502	0.155222	-0.027312	-0.097221	-0.463544	0.880724
63221	4.908431	-0.267817	9.032999	0.006204	0.010341	-0.002917	0.124198	0.872382	0.472785	-0.987485	0.155342	-0.027230	-0.097199	-0.463486	0.880757
63222	4.906263	-0.247500	9.019273	0.003617	0.005693	0.002184	0.124186	0.872404	0.472746	-0.987488	0.155326	-0.027234	-0.097189	-0.463449	0.880778
63223	4.906938	-0.266940	9.033837	0.006688	0.011296	-0.000114	0.124208	0.872428	0.472697	-0.987491	0.155317	-0.027183	-0.097133	-0.463408	0.880806
63224	4.922215	-0.303607	9.022546	0.006329	0.008614	0.000434	0.124216	0.872461	0.472633	-0.987494	0.155303	-0.027154	-0.097092	-0.463349	0.880841
63225	4.896984	-0.279457	9.016377	0.007685	0.010075	-0.000441	0.124395	0.872480	0.472551	-0.987468	0.155474	-0.027112	-0.097124	-0.463256	0.880886
63226	4.827483	-0.267795	9.039208	0.008450	0.004446	0.003135	0.124373	0.872499	0.472523	-0.987476	0.155427	-0.027078	-0.097068	-0.463237	0.880902
63227	4.925800	-0.248255	9.013723	0.007608	0.000810	0.000880	0.124366	0.872480	0.472558	-0.987480	0.155407	-0.027045	-0.097035	-0.463279	0.880884
63228	4.916022	-0.241269	8.981236	0.014280	0.001977	0.003762	0.124335	0.872488	0.472552	-0.987495	0.155328	-0.026962	-0.096924	-0.463291	0.880890
63229	4.925353	-0.246540	9.014015	0.005487	0.004978	-0.001823	0.124416	0.872485	0.472536	-0.987483	0.155407	-0.026944	-0.096944	-0.463269	0.880899
63230	4.856082	-0.234932	9.036705	0.008448	0.004447	0.003134	0.124393	0.872503	0.472508	-0.987491	0.155360	-0.026910	-0.096888	-0.463250	0.880915
63231	4.947486	-0.249199	9.007009	0.001714	0.004142	-0.001425	0.124470	0.872490	0.472514	-0.987480	0.155437	-0.026889	-0.096907	-0.463251	0.880913
63232	4.891365	-0.235229	8.989712	0.008681	0.008855	-0.000770	0.124491	0.872522	0.472448	-0.987483	0.155423	-0.026835	-0.096843	-0.463194	0.880950
63233	4.870563	-0.270643	9.025894	0.004971	0.007155	0.001305	0.124726	0.872517	0.472395	-0.987451	0.155644	-0.026762	-0.096876	-0.463129	0.880981
63234	4.868620	-0.250354	9.012032	0.005548	0.004116	-0.000147	0.124735	0.872529	0.472371	-0.987452	0.155640	-0.026738	-0.096849	-0.463108	0.880994
63235	4.886056	-0.306690	9.014545	0.010958	-0.000172	-0.000645	0.124882	0.872494	0.472396	-0.987437	0.155753	-0.026632	-0.096813	-0.463136	0.880984
63236	4.910579	-0.264679	9.069923	0.006608	0.002032	0.001204	0.124876	0.872498	0.472390	-0.987441	0.155732	-0.026605	-0.096779	-0.463135	0.880988
63237	4.933260	-0.267742	9.062615	0.005003	0.004022	-0.004628	0.125059	0.872480	0.472375	-0.987414	0.155914	-0.026561	-0.096824	-0.463108	0.880997
63238	5.001298	-0.278515	9.040658	-0.005941	0.014322	-0.006987	0.125146	0.872528	0.472263	-0.987395	0.156022	-0.026606	-0.096898	-0.462981	0.881056
63239	5.000583	-0.298431	9.055997	-0.005855	0.033719	-0.011322	0.125275	0.872649	0.472007	-0.987372	0.156162	-0.026655	-0.096970	-0.462707	0.881192
63240	5.038738	-0.246270	9.000540	-0.009682	0.043877	-0.015614	0.125477	0.872820	0.471637	-0.987339	0.156363	-0.026692	-0.097044	-0.462316	0.881389
63241	5.022740	-0.353136	9.023246	-0.013078	0.076121	-0.024804	0.125732	0.873108	0.471036	-0.987304	0.156584	-0.026705	-0.097073	-0.461698	0.881710
63242	4.863961	-0.265067	8.996719	-0.006382	0.084303	-0.030884	0.126123	0.873441	0.470313	-0.987255	0.156903	-0.026642	-0.097064	-0.460958	0.882097
63243	4.775618	-0.275753	9.077122	-0.010052	0.081751	-0.027162	0.126628	0.873746	0.469609	-0.987178	0.157385	-0.026638	-0.097184	-0.460214	0.882473
63244	4.823510	-0.333431	9.035453	-0.005194	0.057110	-0.026119	0.126946	0.873961	0.469124	-0.987136	0.157657	-0.026587	-0.097197	-0.459714	0.882732
63245	4.815289	-0.227606	9.058695	0.009356	0.062654	-0.024576	0.127203	0.874193	0.468622	-0.987113	0.157820	-0.026462	-0.097091	-0.459217	0.883002
63246	4.873824	-0.289748	9.049232	0.012643	0.052407	-0.024767	0.127503	0.874387	0.468178	-0.987090	0.157998	-0.026260	-0.096932	-0.458786	0.883244
63247	4.975541	-0.254080	9.045435	0.020819	0.060330	-0.028352	0.127860	0.874589	0.467704	-0.987069	0.158180	-0.025948	-0.096675	-0.458338	0.883504
63248	5.054784	-0.298319	9.015254	0.028566	0.076577	-0.036098	0.128295	0.874875	0.467049	-0.987047	0.158385	-0.025552	-0.096329	-0.457721	0.883862
63249	5.021765	-0.205133	9.061809	0.036458	0.110525	-0.044890	0.128913	0.875280	0.466119	-0.987010	0.158696	-0.025026	-0.095876	-0.456838	0.884368
63250	4.856562	-0.140138	9.123121	0.048525	0.126873	-0.046912	0.129502	0.875777	0.465020	-0.986992	0.158905	-0.024404	-0.095266	-0.455811	0.884964
63251	4.786722	-0.015694	9.131136	0.049721	0.119956	-0.048181	0.130226	0.876206	0.464009	-0.986955	0.159241	-0.023709	-0.094663	-0.454868	0.885513
63252	4.470350	0.118166	9.010839	0.021539	0.148589	-0.021153	0.130580	0.876840	0.462710	-0.986944	0.159349	-0.023445	-0.094290	-0.453607	0.886200
63253	3.716028	-0.729310	9.034331	0.005186	0.020882	-0.004014	0.130826	0.876897	0.462531	-0.986905	0.159595	-0.023427	-0.094361	-0.453409	0.886293
63254	4.455971	-0.424828	9.006867	0.035180	-0.083881	-0.009732	0.130848	0.876494	0.463289	-0.986921	0.159541	-0.023096	-0.094157	-0.454208	0.885906
63255	5.128699	0.215402	9.240074	0.025956	-0.086023	0.009354	0.130797	0.876079	0.464088	-0.986938	0.159468	-0.022879	-0.094051	-0.455034	0.885494
63256	4.714057	-0.414356	9.114168	-0.032091	-0.054192	0.017332	0.130580	0.875853	0.464576	-0.986927	0.159482	-0.023269	-0.094472	-0.455464	0.885227
63257	5.000061	-0.076077	8.929149	0.003794	-0.068428	0.017614	0.130500	0.875532	0.465203	-0.986925	0.159486	-0.023304	-0.094597	-0.456079	0.884897
63258	4.936299	-0.199802	9.014904	-0.025418	-0.043710	0.018853	0.130278	0.875355	0.465598	-0.986922	0.159457	-0.023642	-0.094938	-0.456429	0.884681
63259	5.024568	-0.185668	9.028218	-0.014733	-0.027983	0.016067	0.130070	0.875241	0.465870	-0.986922	0.159413	-0.023945	-0.095223	-0.456662	0.884529
63260	4.991602	-0.271370	9.040036	-0.019176	-0.014778	0.013164	0.129932	0.875187	0.466010	-0.986916	0.159406	-0.024201	-0.095465	-0.456768	0.884449
63261	4.895438	-0.199317	9.026477	-0.009501	0.012306	0.007661	0.129989	0.875233	0.465907	-0.986889	0.159550	-0.024381	-0.095675	-0.456630	0.884498
63262	4.867620	-0.270439	9.058335	-0.015033	0.008174	0.007803	0.129925	0.875275	0.465846	-0.986880	0.159571	-0.024576	-0.095846	-0.456541	0.884525
63263	4.894651	-0.222014	9.041780	-0.010338	0.018804	0.002369	0.129952	0.875337	0.465722	-0.986865	0.159650	-0.024698	-0.095971	-0.456395	0.884587
63264	4.848070	-0.235790	9.071522	-0.013409	0.023333	0.001636	0.129964	0.875439	0.465527	-0.986850	0.159717	-0.024849	-0.096107	-0.456176	0.884685
63265	4.798794	-0.210011	9.072829	-0.011693	0.017341	0.003242	0.130037	0.875496	0.465400	-0.986823	0.159859	-0.024993	-0.096279	-0.456018	0.884747
63266	4.797307	-0.211355	9.073584	-0.014460	0.015276	0.003311	0.130025	0.875563	0.465277	-0.986810	0.159917	-0.025162	-0.096436	-0.455868	0.884807
63267	4.781056	-0.195268	9.099958	-0.009978	0.011350	0.004848	0.129995	0.875602	0.465213	-0.986798	0.159962	-0.025331	-0.096596	-0.455778	0.884836
63268	4.804717	-0.219983	9.107234	-0.012030	0.004512	0.006842	0.129937	0.875626	0.465184	-0.986791	0.159978	-0.025495	-0.096743	-0.455726	0.884847
63269	4.734292	-0.255205	9.066433	-0.006312	0.003778	0.004141	0.130042	0.875619	0.465168	-0.986761	0.160150	-0.025603	-0.096914	-0.455680	0.884852
63270	4.638055	-0.182182	9.052941	-0.006893	-0.003323	0.008623	0.129959	0.875610	0.465208	-0.986761	0.160126	-0.025729	-0.097021	-0.455705	0.884828
63271	4.596216	-0.216514	9.095021	-0.019350	-0.030201	0.021784	0.129752	0.875482	0.465505	-0.986758	0.160092	-0.026044	-0.097325	-0.455962	0.884662
63272	4.700685	-0.284631	9.033711	-0.014665	-0.059279	0.026828	0.129435	0.875247	0.466035	-0.986775	0.159945	-0.026324	-0.097580	-0.456464	0.884375
63273	4.724115	-0.344587	9.033191	-0.020915	-0.068770	0.028063	0.129232	0.874942	0.466665	-0.986765	0.159955	-0.026635	-0.097949	-0.457046	0.884033
63274	4.762897	-0.227973	9.152095	-0.018269	-0.085251	0.030672	0.128852	0.874593	0.467423	-0.986782	0.159792	-0.026965	-0.098274	-0.457770	0.883623
63275	4.995850	-0.385146	9.035700	-0.011398	-0.092058	0.025047	0.128494	0.874190	0.468275	-0.986802	0.159626	-0.027218	-0.098543	-0.458597	0.883164
63276	4.987278	-0.172285	9.039942	-0.007647	-0.058517	0.023168	0.128213	0.873951	0.468798	-0.986820	0.159480	-0.027420	-0.098728	-0.459104	0.882880
63277	5.002104	-0.245097	9.020984	-0.011490	-0.058486	0.021864	0.127962	0.873690	0.469351	-0.986830	0.159382	-0.027640	-0.098955	-0.459633	0.882579
63278	5.096953	-0.241535	8.974907	-0.006782	-0.037724	0.013426	0.127798	0.873531	0.469693	-0.986836	0.159317	-0.027789	-0.099104	-0.459959	0.882392
63279	5.038242	-0.282845	8.965636	-0.007535	-0.009546	0.011408	0.127703	0.873482	0.469810	-0.986832	0.159312	-0.027958	-0.099267	-0.460053	0.882325
63280	4.979247	-0.279040	9.020122	-0.005591	-0.000988	0.006070	0.127648	0.873479	0.469829	-0.986830	0.159306	-0.028061	-0.099358	-0.460060	0.882311
63281	4.952934	-0.236440	8.999491	-0.004757	0.012789	0.005305	0.127605	0.873525	0.469757	-0.986827	0.159305	-0.028170	-0.099441	-0.459975	0.882346
63282	4.854383	-0.276216	9.039484	-0.010591	0.015259	0.004659	0.127580	0.873595	0.469634	-0.986819	0.159334	-0.028310	-0.099560	-0.459832	0.882407
63283	4.830135	-0.273914	9.047495	-0.013304	0.012335	0.006405	0.127741	0.873620	0.469544	-0.986776	0.159573	-0.028442	-0.099774	-0.459701	0.882451
63284	4.750680	-0.258228	9.037481	-0.008351	0.009359	0.010729	0.127650	0.873672	0.469471	-0.986777	0.159539	-0.028591	-0.099878	-0.459614	0.882485
63285	4.802203	-0.346798	9.079209	-0.019860	-0.010838	0.012891	0.127364	0.873636	0.469616	-0.986789	0.159410	-0.028926	-0.100132	-0.459727	0.882397
63286	4.892304	-0.323565	9.020879	-0.007482	-0.010411	0.013078	0.127231	0.873601	0.469717	-0.986794	0.159351	-0.029079	-0.100253	-0.459814	0.882338
63287	4.915663	-0.263844	9.061965	-0.009952	0.001217	0.007902	0.127189	0.873592	0.469745	-0.986785	0.159379	-0.029216	-0.100390	-0.459821	0.882319
63288	4.829219	-0.261786	9.032883	-0.009189	-0.004418	0.011488	0.127077	0.873582	0.469793	-0.986786	0.159342	-0.029376	-0.100520	-0.459852	0.882288
63289	4.936508	-0.230185	9.025926	-0.003890	-0.006979	0.007652	0.127073	0.873531	0.469890	-0.986777	0.159387	-0.029447	-0.100617	-0.459935	0.882234
63290	4.897410	-0.254924	8.996224	-0.008121	0.003635	0.009833	0.126985	0.873555	0.469868	-0.986777	0.159360	-0.029590	-0.100727	-0.459897	0.882241
63291	4.881978	-0.238832	9.022374	-0.008290	0.008496	0.012406	0.126823	0.873593	0.469842	-0.986790	0.159251	-0.029740	-0.100803	-0.459864	0.882249
63292	4.911173	-0.275033	8.970867	-0.008944	0.002264	0.015185	0.126681	0.873619	0.469831	-0.986796	0.159181	-0.029915	-0.100923	-0.459837	0.882250
63293	4.870266	-0.215619	8.976022	-0.001803	0.004383	0.020887	0.126630	0.873643	0.469802	-0.986787	0.159206	-0.030082	-0.101076	-0.459785	0.882259
63294	4.864657	-0.205690	9.034619	-0.002044	-0.000030	0.024791	0.126391	0.873674	0.469807	-0.986812	0.159021	-0.030242	-0.101131	-0.459789	0.882251
63295	4.906362	-0.288514	9.043774	-0.020320	0.002894	0.022272	0.126401	0.873683	0.469789	-0.986777	0.159182	-0.030534	-0.101458	-0.459717	0.882251
63296	4.872469	-0.330448	9.119333	-0.031121	-0.001784	0.020307	0.126205	0.873699	0.469811	-0.986767	0.159169	-0.030929	-0.101802	-0.459691	0.882225
63297	4.864522	-0.347726	9.100594	-0.028242	-0.003720	0.015986	0.126042	0.873681	0.469888	-0.986756	0.159169	-0.031263	-0.102105	-0.459724	0.882172
63298	4.878189	-0.283934	9.109242	-0.028945	0.001054	0.014077	0.125910	0.873701	0.469887	-0.986740	0.159201	-0.031609	-0.102424	-0.459677	0.882160
63299	4.841441	-0.350933	9.107766	-0.035199	0.001716	0.012298	0.125934	0.873693	0.469895	-0.986692	0.159422	-0.031981	-0.102853	-0.459615	0.882143
63300	4.824946	-0.382072	9.070689	-0.036678	0.001989	0.009810	0.125845	0.873710	0.469888	-0.986663	0.159526	-0.032376	-0.103247	-0.459546	0.882132
63301	4.803537	-0.336926	9.140837	-0.024486	-0.005144	0.007978	0.125849	0.873669	0.469962	-0.986628	0.159685	-0.032653	-0.103574	-0.459569	0.882082
63302	4.820394	-0.376983	9.128532	-0.027566	-0.010748	0.010261	0.125743	0.873628	0.470067	-0.986608	0.159744	-0.032970	-0.103894	-0.459626	0.882015
63303	4.831225	-0.317473	9.045489	-0.022927	-0.019547	0.009197	0.125671	0.873526	0.470275	-0.986585	0.159829	-0.033236	-0.104196	-0.459790	0.881894
63304	4.877481	-0.307331	9.015662	-0.020152	-0.017491	0.009132	0.125569	0.873452	0.470439	-0.986571	0.159864	-0.033482	-0.104452	-0.459918	0.881797
63305	4.796839	-0.300857	9.076856	-0.014737	-0.021789	0.008647	0.125433	0.873346	0.470674	-0.986566	0.159851	-0.033692	-0.104662	-0.460125	0.881664
63306	4.865296	-0.337920	8.976241	-0.002312	-0.032392	0.013509	0.125272	0.873210	0.470968	-0.986576	0.159766	-0.033801	-0.104760	-0.460411	0.881503
63307	4.843650	-0.315300	8.968115	-0.005372	-0.027854	0.012799	0.125233	0.873073	0.471232	-0.986561	0.159829	-0.033939	-0.104948	-0.460649	0.881356
63308	4.845205	-0.365138	9.067289	-0.005039	-0.035308	0.015236	0.125052	0.872927	0.471551	-0.986570	0.159742	-0.034080	-0.105076	-0.460957	0.881180
63309	4.860478	-0.343363	9.011478	0.005989	-0.036366	0.016294	0.124883	0.872758	0.471909	-0.986590	0.159614	-0.034107	-0.105091	-0.461322	0.880987
63310	4.900488	-0.345052	8.962027	-0.000298	-0.045834	0.017501	0.124669	0.872566	0.472320	-0.986607	0.159485	-0.034218	-0.105185	-0.461729	0.880763
63311	4.950952	-0.288820	8.993720	0.000331	-0.049736	0.017712	0.124502	0.872340	0.472781	-0.986614	0.159419	-0.034333	-0.105320	-0.462178	0.880511
63312	4.962507	-0.340369	8.961234	0.002501	-0.033638	0.014441	0.124331	0.872199	0.473086	-0.986630	0.159303	-0.034404	-0.105371	-0.462483	0.880344
63313	4.948061	-0.283409	8.957435	0.011650	-0.033985	0.019485	0.124225	0.872040	0.473407	-0.986642	0.159227	-0.034403	-0.105380	-0.462810	0.880172
63314	4.945094	-0.336750	8.965641	0.010260	-0.024440	0.015697	0.124051	0.871944	0.473630	-0.986668	0.159065	-0.034413	-0.105344	-0.463047	0.880051
63315	4.878247	-0.325308	8.987003	0.014939	-0.020844	0.019237	0.123913	0.871854	0.473831	-0.986687	0.158944	-0.034426	-0.105327	-0.463257	0.879943
63316	4.935951	-0.338821	9.003396	0.011004	-0.030072	0.019254	0.123698	0.871737	0.474102	-0.986718	0.158747	-0.034446	-0.105290	-0.463544	0.879796
63317	4.938042	-0.338443	9.002264	0.016178	-0.017653	0.015014	0.123505	0.871665	0.474286	-0.986749	0.158557	-0.034451	-0.105231	-0.463746	0.879697
63318	4.917858	-0.354600	9.023062	0.002275	-0.014645	0.018290	0.123316	0.871618	0.474422	-0.986769	0.158409	-0.034543	-0.105261	-0.463885	0.879620
63319	4.903895	-0.402417	8.999460	0.003693	-0.014051	0.019092	0.123112	0.871560	0.474581	-0.986792	0.158245	-0.034628	-0.105281	-0.464050	0.879530
63320	4.894382	-0.445515	9.067030	-0.001200	-0.011923	0.016463	0.122944	0.871522	0.474694	-0.986807	0.158130	-0.034742	-0.105342	-0.464160	0.879465
63321	4.820389	-0.404383	9.133335	-0.006825	-0.015155	0.014920	0.122815	0.871453	0.474854	-0.986806	0.158098	-0.034915	-0.105501	-0.464301	0.879372
63322	4.842386	-0.369755	9.096695	-0.009828	-0.024740	0.012941	0.122668	0.871350	0.475081	-0.986807	0.158053	-0.035089	-0.105663	-0.464509	0.879242
63323	4.845906	-0.307227	9.143972	-0.022664	-0.040195	0.008680	0.122686	0.871145	0.475451	-0.986764	0.158263	-0.035351	-0.106042	-0.464821	0.879031
63324	4.840130	-0.304505	9.109249	-0.043868	-0.045410	0.013496	0.122511	0.870947	0.475859	-0.986729	0.158372	-0.035826	-0.106566	-0.465155	0.878792
63325	4.851834	-0.276164	9.110993	-0.057720	-0.059628	0.009540	0.122389	0.870659	0.476417	-0.986672	0.158603	-0.036380	-0.107236	-0.465615	0.878466
63326	4.925384	-0.273767	9.070793	-0.070473	-0.076790	0.008579	0.122228	0.870307	0.477102	-0.986602	0.158880	-0.037065	-0.108060	-0.466179	0.878066
63327	4.918597	-0.348282	9.057718	-0.083154	-0.081561	0.012247	0.122017	0.869923	0.477855	-0.986522	0.159184	-0.037888	-0.109027	-0.466791	0.877621
63328	4.843606	-0.413209	9.067001	-0.108353	-0.088081	0.006458	0.121864	0.869514	0.478638	-0.986406	0.159657	-0.038895	-0.110238	-0.467392	0.877150
63329	4.388607	-0.148192	9.807665	-0.222077	-0.054283	-0.030730	0.122133	0.869186	0.479164	-0.986114	0.161005	-0.040709	-0.112531	-0.467539	0.876781
63330	4.776384	-0.637355	8.877236	-0.281325	-0.292296	-0.026621	0.122069	0.867765	0.481749	-0.985755	0.162577	-0.043071	-0.115697	-0.469629	0.875250
63331	5.078746	-0.678714	9.326993	-0.310041	-0.122293	-0.060102	0.122518	0.867072	0.482882	-0.985312	0.164581	-0.045528	-0.118949	-0.470211	0.874501
63332	4.384815	-0.294372	9.343918	-0.316758	-0.172925	-0.065324	0.122960	0.866142	0.484437	-0.984845	0.166661	-0.048006	-0.122316	-0.471193	0.873508
63333	4.822245	-0.184528	9.269800	-0.301507	-0.257891	-0.037681	0.122995	0.864845	0.486739	-0.984421	0.168422	-0.050498	-0.125651	-0.472945	0.872086
63334	5.029422	-0.293492	9.293092	-0.384498	-0.259580	-0.041977	0.123083	0.863536	0.489037	-0.983873	0.170629	-0.053669	-0.129789	-0.474544	0.870611
63335	4.968724	-0.311560	9.179539	-0.367206	-0.256194	-0.032813	0.123029	0.862252	0.491311	-0.983343	0.172661	-0.056782	-0.133791	-0.476141	0.869132
63336	4.551353	-0.156713	9.681845	-0.419759	-0.283882	-0.016014	0.122806	0.860861	0.493798	-0.982747	0.174824	-0.060373	-0.138301	-0.477865	0.867478
63337	4.774904	-0.443727	9.269396	-0.480132	-0.445646	-0.001813	0.122075	0.858718	0.497696	-0.982075	0.177065	-0.064621	-0.143616	-0.480887	0.864941
63338	4.908560	-0.387181	9.387743	-0.462642	-0.435767	0.004042	0.121405	0.856614	0.501471	-0.981398	0.179286	-0.068662	-0.148724	-0.483807	0.862446
63339	4.542320	-0.348232	9.500782	-0.424538	-0.499156	0.021638	0.120275	0.854232	0.505787	-0.980791	0.181062	-0.072569	-0.153569	-0.487343	0.859601
63340	4.331677	-0.441822	9.700177	-0.375599	-0.645254	0.047698	0.118808	0.851150	0.511300	-0.980256	0.182518	-0.076058	-0.158058	-0.492169	0.856030
63341	4.092248	-0.420904	9.939043	-0.276830	-0.807454	0.077794	0.116405	0.847308	0.518189	-0.979947	0.182934	-0.078988	-0.161721	-0.498603	0.851611
63342	3.678122	-0.500336	10.313887	-0.212989	-1.052054	0.101154	0.113700	0.842193	0.527051	-0.979709	0.183174	-0.081349	-0.165053	-0.507107	0.845931
63343	3.884849	-0.477467	10.192175	-0.201876	-1.367705	0.129727	0.109866	0.835438	0.538491	-0.979546	0.182896	-0.083901	-0.168582	-0.518259	0.838444
63344	3.809342	-0.660134	10.294325	-0.203089	-1.544479	0.131068	0.105955	0.827568	0.551276	-0.979334	0.182896	-0.086333	-0.172272	-0.530736	0.829844
63345	2.927167	-0.474382	10.347566	-0.042762	-1.757426	0.033458	0.102278	0.818199	0.565764	-0.979328	0.182598	-0.087029	-0.174515	-0.545167	0.819962
63346	1.959620	-0.608417	10.101919	-0.057055	-2.185332	-0.087127	0.099292	0.805923	0.583634	-0.979133	0.183647	-0.087016	-0.177311	-0.562816	0.807341
63347	2.159337	-1.124147	9.878193	-0.002613	-2.848818	-0.231094	0.096381	0.789149	0.606592	-0.978912	0.185435	-0.085703	-0.180116	-0.585541	0.790380
63348	3.500066	-1.532564	9.811367	0.145504	-3.373163	-0.351917	0.093725	0.768282	0.633213	-0.978834	0.187330	-0.082408	-0.181932	-0.612087	0.769578
63349	3.928923	-2.291386	9.144953	0.416350	-3.786234	-0.470860	0.091386	0.743680	0.662260	-0.979168	0.188201	-0.076223	-0.181324	-0.641498	0.745387
63350	5.261049	-1.776710	9.361150	0.691103	-4.331965	-0.522075	0.088711	0.714182	0.694316	-0.979935	0.187487	-0.067649	-0.178489	-0.674383	0.716484
63351	6.684500	-0.999719	9.533696	0.715652	-4.629298	-0.489190	0.085225	0.681292	0.727034	-0.980796	0.185842	-0.059178	-0.175431	-0.708028	0.684047
63352	7.940242	-0.312104	10.241141	0.643682	-4.846631	-0.437816	0.081077	0.645339	0.759581	-0.981547	0.184111	-0.051651	-0.173180	-0.741378	0.648358
63353	9.681139	-0.474898	11.329864	0.233976	-5.024887	-0.354920	0.075915	0.606633	0.791349	-0.981643	0.184734	-0.047443	-0.174970	-0.773220	0.609521
63354	12.465210	-2.113460	11.566712	-0.081204	-4.905850	-0.392392	0.071077	0.567245	0.820476	-0.981204	0.187709	-0.044773	-0.179408	-0.801872	0.569925
63355	13.698613	-2.526972	11.337842	0.067518	-4.507731	-0.402548	0.066791	0.529817	0.845478	-0.981078	0.189206	-0.041063	-0.181726	-0.826738	0.532429
63356	12.002257	-2.307730	9.879546	0.234575	-4.112675	-0.449949	0.063727	0.494503	0.866837	-0.981205	0.189578	-0.036014	-0.182142	-0.848250	0.497290
63357	10.698021	-1.969590	8.514591	0.417711	-3.926300	-0.534338	0.061759	0.459852	0.885845	-0.981662	0.188358	-0.029340	-0.180348	-0.867789	0.463052
63358	10.851099	-1.962227	8.900675	0.525141	-3.869610	-0.588807	0.060619	0.424799	0.903256	-0.982235	0.186390	-0.021739	-0.177593	-0.885892	0.428552
63359	9.968144	-2.022344	8.964507	0.664949	-3.650025	-0.618207	0.060199	0.391088	0.918382	-0.983069	0.182749	-0.013383	-0.173067	-0.902027	0.395468
63360	8.171223	-2.071518	8.680602	0.780647	-3.496946	-0.624419	0.060390	0.358147	0.931710	-0.984015	0.178022	-0.004651	-0.167531	-0.916537	0.363172
63361	6.746648	-1.869458	9.456193	0.804813	-3.388141	-0.662890	0.061245	0.325790	0.943456	-0.984985	0.172588	0.004344	-0.161414	-0.929556	0.331468
63362	3.591255	-2.140434	9.595726	0.742823	-3.214136	-0.720994	0.063251	0.294487	0.953560	-0.985710	0.167910	0.013528	-0.156128	-0.940789	0.300899
63363	-2.374954	-4.429652	8.057175	0.713343	-2.924163	-0.645283	0.065025	0.265885	0.961809	-0.986450	0.162615	0.021737	-0.150625	-0.950190	0.272856
63364	-6.988814	-3.260396	14.417078	1.028728	-3.060373	-0.818952	0.068626	0.235345	0.969486	-0.987406	0.154878	0.032297	-0.142551	-0.959492	0.243010
63365	21.529782	-6.605938	15.391256	0.428884	-4.094249	-0.420129	0.066867	0.195384	0.978445	-0.987807	0.151145	0.037325	-0.140594	-0.969010	0.203109
63366	27.813076	-4.961883	9.796502	2.753086	2.051631	-1.353286	0.082847	0.213364	0.973454	-0.990265	0.127268	0.056383	-0.111860	-0.968648	0.221831
63367	3.586695	9.284811	19.329287	2.440917	4.955395	-1.253380	0.099940	0.259906	0.960448	-0.991563	0.106107	0.074464	-0.082557	-0.959787	0.268317
63368	-0.095666	-1.247051	11.858868	-1.890296	3.692614	0.076766	0.102510	0.295197	0.949921	-0.989934	0.123955	0.068307	-0.097583	-0.947362	0.304932
63369	-2.765719	-6.521303	6.318656	-0.203448	4.383569	-0.248207	0.108921	0.336390	0.935403	-0.989573	0.125903	0.069952	-0.094239	-0.933269	0.346596
63370	-5.615226	-0.104743	5.733633	0.064198	3.881098	-0.447570	0.116915	0.371771	0.920933	-0.989123	0.126925	0.074333	-0.089254	-0.919607	0.382567
63371	-5.297620	-1.666581	4.251987	-1.662824	2.754209	-0.181897	0.121001	0.396993	0.909811	-0.987436	0.141980	0.069372	-0.101635	-0.906774	0.409185
63372	-2.912212	-3.260433	5.305836	-1.586390	2.185320	-0.229168	0.125627	0.416331	0.900492	-0.985434	0.157239	0.064780	-0.114623	-0.895513	0.430020
63373	0.439468	-2.922995	7.908588	-1.865290	1.715927	-0.196514	0.129253	0.431627	0.892744	-0.983056	0.173783	0.058307	-0.129977	-0.885154	0.446775
63374	4.547013	-3.860037	9.929174	-2.025208	1.690423	-0.056319	0.132154	0.446381	0.885031	-0.980166	0.191875	0.049584	-0.147682	-0.874030	0.462884
63375	6.550384	-5.068093	10.541658	-1.763780	2.115630	0.066133	0.134295	0.465241	0.874938	-0.977731	0.205898	0.040589	-0.161264	-0.860905	0.482532
63376	6.787605	-4.663963	10.447024	-1.337387	2.496405	0.196149	0.136527	0.486953	0.862692	-0.975770	0.216408	0.032269	-0.170980	-0.846194	0.504699
63377	7.030521	-4.040055	10.132967	-1.160517	2.678437	0.361247	0.137109	0.510601	0.848816	-0.974480	0.223283	0.023092	-0.177736	-0.830320	0.528185
63378	7.419855	-3.186435	10.021186	-0.952619	2.787344	0.504305	0.137227	0.534642	0.833863	-0.973447	0.228505	0.013689	-0.183223	-0.813599	0.551802
63379	7.326593	-2.512325	9.945138	-0.851565	2.798112	0.610950	0.135804	0.558984	0.817982	-0.972969	0.230907	0.003741	-0.186787	-0.796379	0.575232
63380	7.421086	-1.826480	10.135571	-0.762372	2.761807	0.664314	0.134550	0.582269	0.801785	-0.972423	0.233145	-0.006128	-0.190501	-0.778849	0.597581
63381	7.984027	-1.299109	10.255295	-0.730835	2.730006	0.683689	0.132402	0.605300	0.784909	-0.972211	0.233550	-0.016111	-0.193067	-0.760964	0.619402
63382	8.732500	-0.974752	10.316605	-0.681110	2.782033	0.676434	0.131237	0.627784	0.767244	-0.971772	0.234521	-0.025672	-0.196052	-0.742217	0.640841
63383	8.756526	-0.499369	9.884528	-0.584516	2.910338	0.643908	0.129889	0.651014	0.747870	-0.971749	0.233487	-0.034476	-0.197062	-0.722264	0.662949
63384	8.111408	0.397010	9.485471	-0.548128	2.972217	0.599241	0.129942	0.673562	0.727619	-0.971437	0.233440	-0.042612	-0.198557	-0.701299	0.684657
63385	7.937716	0.634586	9.283753	-0.640336	2.897723	0.530873	0.129690	0.695214	0.707006	-0.971136	0.233015	-0.050989	-0.200191	-0.679986	0.705367
63386	7.995805	0.631582	9.408811	-0.687456	2.813958	0.443571	0.131055	0.715078	0.686650	-0.970321	0.234506	-0.059017	-0.203226	-0.658537	0.724589
63387	8.219893	0.156180	9.437241	-0.698681	2.708217	0.356441	0.132211	0.733852	0.666319	-0.969650	0.235231	-0.066674	-0.205667	-0.637281	0.742680
63388	8.624918	-0.162863	9.454969	-0.648930	2.661312	0.286401	0.134941	0.751200	0.646134	-0.968683	0.237187	-0.073452	-0.208431	-0.615988	0.759681
63389	8.899196	-0.312609	9.432684	-0.580255	2.664060	0.238729	0.137239	0.768269	0.625243	-0.968083	0.237670	-0.079546	-0.209714	-0.594370	0.776366
63390	8.906545	-0.161678	9.454621	-0.539809	2.709261	0.238337	0.140629	0.784633	0.603801	-0.967273	0.238982	-0.085270	-0.211203	-0.572049	0.792562
63391	8.768252	-0.321783	9.293718	-0.551344	2.736093	0.303610	0.142501	0.801060	0.581375	-0.966820	0.238469	-0.091602	-0.212019	-0.549031	0.808463
63392	8.733579	-0.649621	9.064879	-0.560592	2.747613	0.406525	0.144411	0.816787	0.558574	-0.966205	0.238204	-0.098520	-0.213524	-0.525470	0.823583
63393	8.982641	-1.073530	9.109417	-0.547164	2.778714	0.544228	0.144102	0.832685	0.534668	-0.966095	0.235354	-0.106159	-0.214233	-0.501242	0.838368
63394	9.237300	-1.325910	9.303163	-0.466976	2.857668	0.701791	0.143442	0.848287	0.509739	-0.966097	0.231746	-0.113799	-0.214664	-0.476134	0.852769
63395	9.183412	-1.154894	9.208076	-0.352009	2.985467	0.851056	0.140609	0.864367	0.482803	-0.966807	0.224951	-0.121163	-0.213337	-0.449741	0.867306
63396	8.496507	-0.477191	8.637268	-0.236905	3.133093	0.963838	0.137930	0.880152	0.454211	-0.967642	0.217582	-0.127778	-0.211292	-0.421889	0.881683
63397	7.514480	0.531471	7.900395	-0.160254	3.177176	1.025265	0.133678	0.895563	0.424379	-0.968925	0.208038	-0.133811	-0.208123	-0.393303	0.895543
63398	6.921730	1.504957	7.451218	-0.162026	3.127237	1.018691	0.130262	0.909490	0.394790	-0.969929	0.199460	-0.139472	-0.205593	-0.364751	0.908124
63399	6.575665	2.508663	7.108170	-0.237500	3.028409	0.961097	0.126164	0.922223	0.365495	-0.970873	0.190441	-0.145391	-0.203688	-0.336506	0.919388
63400	6.548343	3.033516	6.995602	-0.387447	2.882030	0.847736	0.123796	0.933111	0.337606	-0.971138	0.183828	-0.151980	-0.203875	-0.309047	0.928937
63401	6.807061	2.905800	7.136247	-0.511946	2.727743	0.705723	0.121586	0.942662	0.310812	-0.971129	0.177726	-0.159130	-0.205245	-0.282491	0.937056
63402	7.323701	2.214376	7.185528	-0.500617	2.596996	0.521053	0.121869	0.950584	0.285548	-0.970727	0.174142	-0.165419	-0.206971	-0.257030	0.943980
63403	7.412818	1.451218	7.290722	-0.411280	2.452805	0.325696	0.122910	0.957335	0.261540	-0.970425	0.171111	-0.170281	-0.207769	-0.232876	0.950053
63404	8.487133	1.049527	7.793216	-0.266794	2.273166	0.150154	0.126162	0.962631	0.239633	-0.970054	0.170257	-0.173226	-0.207552	-0.210603	0.955285
63405	9.709193	1.148181	7.907613	-0.143425	2.171101	0.009374	0.129744	0.967148	0.218611	-0.969907	0.169601	-0.174691	-0.206028	-0.189367	0.960048
63406	10.737976	1.314274	7.524313	-0.100954	2.110803	-0.100600	0.135038	0.970757	0.198485	-0.969562	0.170751	-0.175478	-0.204238	-0.168747	0.964267
63407	10.411709	1.241690	6.223000	-0.062049	2.055919	-0.215721	0.140591	0.973786	0.178814	-0.969259	0.172207	-0.175733	-0.201920	-0.148610	0.968062
63408	9.681423	1.383327	4.730942	-0.016160	1.823595	-0.363016	0.147757	0.975703	0.161776	-0.968700	0.175761	-0.175298	-0.199472	-0.130811	0.971133
63409	9.610414	1.533229	3.611890	-0.015976	1.441535	-0.532186	0.155170	0.976657	0.148537	-0.967966	0.180356	-0.174683	-0.197395	-0.116673	0.973356
63410	10.315656	1.501716	3.030296	-0.028315	1.033916	-0.677648	0.163747	0.976567	0.139654	-0.966826	0.186998	-0.174008	-0.196046	-0.106528	0.974791
63411	10.972532	1.374351	2.890889	-0.002173	0.663436	-0.753631	0.171845	0.975917	0.134370	-0.965646	0.193862	-0.173047	-0.194928	-0.100016	0.975705
63412	7.686520	-1.993558	4.010510	0.065071	0.357976	-0.775646	0.180013	0.974738	0.132219	-0.964405	0.201355	-0.171403	-0.193696	-0.096658	0.976288
63413	10.798693	2.048174	-0.629210	1.603249	-1.549948	-1.091723	0.187272	0.970936	0.149041	-0.965478	0.209898	-0.154257	-0.181057	-0.115007	0.976725
63414	15.135486	1.977341	3.463536	0.019993	-0.749388	-0.291841	0.188715	0.969431	0.156812	-0.964963	0.212697	-0.153641	-0.182298	-0.122324	0.975605
63415	10.683179	-0.865819	0.174951	1.635776	-1.334383	-0.596598	0.191920	0.966460	0.170650	-0.966744	0.216121	-0.136741	-0.169036	-0.138732	0.975797
63416	13.205201	2.901816	1.484771	1.266364	-1.736112	-0.354704	0.192481	0.963114	0.188048	-0.968145	0.217655	-0.123782	-0.160146	-0.158232	0.974328
63417	11.101950	-1.475963	-0.069384	1.315293	-2.115174	-0.309270	0.192110	0.958864	0.208983	-0.969611	0.218325	-0.110400	-0.151485	-0.181424	0.971668
63418	9.235595	1.091685	2.401417	1.752820	-2.134686	-0.467375	0.193536	0.953710	0.230177	-0.971252	0.219395	-0.092392	-0.138615	-0.205679	0.968753
63419	5.449728	1.922784	14.376032	1.251166	-1.702523	-0.402201	0.195201	0.949147	0.247014	-0.972135	0.220581	-0.079355	-0.129806	-0.224641	0.965757
63420	5.203118	-1.050260	12.568548	1.132053	-1.958230	-0.063193	0.193331	0.944404	0.265940	-0.973441	0.218511	-0.068310	-0.122623	-0.245670	0.961566
63421	-2.941143	2.974761	9.903730	1.900985	-1.340002	-0.272198	0.194512	0.940386	0.278998	-0.975075	0.216323	-0.049334	-0.106747	-0.262448	0.959023
63422	-2.142403	9.204787	7.869917	0.681998	-3.268525	0.239257	0.188681	0.931795	0.310092	-0.976260	0.212180	-0.043556	-0.106381	-0.294512	0.949708
63423	4.734459	3.133183	9.239285	-0.401382	-3.699451	0.187622	0.182736	0.920668	0.344933	-0.976151	0.211724	-0.047978	-0.117203	-0.327939	0.937400
63424	7.467904	3.347781	12.346961	1.351955	-3.512656	-0.757506	0.186120	0.906919	0.377964	-0.976293	0.213974	-0.032674	-0.110508	-0.362922	0.925243
63425	32.167360	5.515125	27.833530	0.887878	-5.288661	0.231062	0.178042	0.886883	0.426309	-0.977685	0.208526	-0.025496	-0.111508	-0.412257	0.904218
63426	39.811093	-12.845914	16.773684	-1.594388	-1.376795	0.871606	0.167850	0.882957	0.438421	-0.977270	0.207456	-0.043657	-0.129500	-0.421127	0.897709
63427	-10.932884	-2.195884	-3.653767	4.097744	5.482864	-1.052520	0.184195	0.902692	0.388868	-0.979637	0.200767	-0.002024	-0.079899	-0.380577	0.921291
63428	-7.139799	14.364799	24.214396	0.288342	-4.001519	0.271989	0.178230	0.887273	0.425418	-0.980367	0.197182	-0.000525	-0.084350	-0.416972	0.904997
63429	18.269408	-0.064865	7.192575	-1.907721	-3.798622	0.647777	0.168368	0.872092	0.459466	-0.979597	0.199926	-0.020504	-0.109740	-0.446639	0.887959
63430	7.662377	-6.853069	4.162939	-0.326285	1.493729	0.085550	0.169162	0.878830	0.446141	-0.979381	0.200612	-0.023827	-0.110441	-0.432911	0.894646
63431	2.085304	2.216825	14.106635	1.277397	0.155066	-0.416394	0.173664	0.878578	0.444907	-0.979935	0.199038	-0.010544	-0.097817	-0.434149	0.895515
63432	6.406548	4.419503	9.201942	0.362730	-1.126130	0.034406	0.172222	0.873695	0.454968	-0.980346	0.197144	-0.007486	-0.096235	-0.444737	0.890476
63433	7.390983	0.939909	9.793945	-1.009111	0.001050	0.169346	0.170815	0.873946	0.455016	-0.979555	0.200435	-0.017246	-0.106273	-0.442768	0.890316
63434	3.549877	-1.376687	8.795617	-0.272434	0.135364	0.105778	0.169912	0.874755	0.453799	-0.979442	0.200715	-0.020180	-0.108737	-0.441041	0.890875
63435	5.311707	0.698455	9.478132	-0.016106	-0.321303	0.091127	0.168925	0.873425	0.456720	-0.979517	0.200289	-0.020741	-0.109592	-0.443862	0.889368
63436	5.182922	-0.290855	9.036998	-0.248006	0.015229	0.073996	0.168205	0.873639	0.456577	-0.979366	0.200744	-0.023312	-0.112022	-0.443235	0.889379
63437	4.694534	-0.268602	9.093780	-0.083588	-0.076770	0.054021	0.167849	0.873315	0.457327	-0.979301	0.200947	-0.024305	-0.113125	-0.443781	0.888966
63438	5.039796	-0.355809	9.050351	-0.118292	-0.047405	0.043426	0.167358	0.873189	0.457746	-0.979238	0.201095	-0.025582	-0.114388	-0.443961	0.888715
63439	4.758551	-0.545794	9.096564	-0.069025	-0.006817	0.024675	0.167368	0.873117	0.457881	-0.979137	0.201489	-0.026312	-0.115231	-0.443925	0.888624
63440	4.753069	-0.222176	9.142754	-0.015060	-0.028134	0.024599	0.167083	0.873039	0.458133	-0.979160	0.201344	-0.026585	-0.115452	-0.444143	0.888486
63441	4.741950	-0.229644	9.181087	-0.028226	-0.030385	0.029673	0.167015	0.872873	0.458475	-0.979115	0.201512	-0.026975	-0.115934	-0.444394	0.888298
63442	4.814438	-0.188049	9.057916	-0.000707	-0.045404	0.028399	0.166673	0.872726	0.458879	-0.979160	0.201270	-0.027139	-0.116043	-0.444793	0.888084
63443	4.769469	-0.141666	9.134345	0.003434	-0.030623	0.027386	0.166626	0.872553	0.459224	-0.979148	0.201316	-0.027237	-0.116215	-0.445109	0.887903
63444	4.776892	-0.229178	9.004702	0.008360	-0.051307	0.028133	0.166280	0.872379	0.459680	-0.979203	0.201036	-0.027319	-0.116245	-0.445577	0.887664
63445	4.909775	-0.169251	9.067876	0.018149	-0.046083	0.032338	0.166165	0.872148	0.460160	-0.979216	0.200973	-0.027311	-0.116299	-0.446058	0.887416
63446	4.756457	-0.262029	9.002741	-0.003921	-0.026779	0.033591	0.165794	0.872094	0.460397	-0.979266	0.200700	-0.027527	-0.116408	-0.446287	0.887286
63447	4.773594	-0.266875	9.124131	0.001603	-0.074498	0.036485	0.165604	0.871744	0.461127	-0.979267	0.200675	-0.027684	-0.116670	-0.446982	0.886902
63448	4.885586	-0.271980	9.052366	0.023248	-0.049021	0.036745	0.165177	0.871596	0.461560	-0.979353	0.200254	-0.027675	-0.116550	-0.447459	0.886677
63449	4.874545	-0.182320	9.053522	0.012840	-0.064142	0.037548	0.164988	0.871293	0.462198	-0.979369	0.200168	-0.027738	-0.116685	-0.448086	0.886343
63450	4.930704	-0.227619	9.063688	0.007071	-0.046170	0.032752	0.164603	0.871149	0.462606	-0.979430	0.199854	-0.027853	-0.116718	-0.448506	0.886126
63451	4.880890	-0.163802	9.035066	0.011366	-0.039814	0.031321	0.164504	0.870943	0.463030	-0.979433	0.199829	-0.027901	-0.116827	-0.448917	0.885903
63452	4.840372	-0.180357	9.061491	0.003060	-0.037788	0.031794	0.164138	0.870834	0.463364	-0.979488	0.199542	-0.028048	-0.116886	-0.449256	0.885724
63453	4.768175	-0.232373	8.999044	0.000425	-0.033299	0.035644	0.164003	0.870666	0.463729	-0.979486	0.199528	-0.028213	-0.117091	-0.449589	0.885528
63454	4.745023	-0.242462	9.076650	-0.001758	-0.054935	0.039916	0.163538	0.870495	0.464212	-0.979548	0.199192	-0.028441	-0.117225	-0.450067	0.885267
63455	4.803195	-0.258834	9.000297	-0.005865	-0.070577	0.042590	0.163289	0.870173	0.464904	-0.979550	0.199145	-0.028695	-0.117552	-0.450711	0.884896
63456	4.714560	-0.233428	9.012452	-0.025540	-0.075839	0.048045	0.162720	0.869924	0.465570	-0.979597	0.198846	-0.029171	-0.117953	-0.451324	0.884530
63457	4.713857	-0.283197	9.075425	-0.041204	-0.102365	0.057913	0.162281	0.869488	0.466536	-0.979582	0.198824	-0.029809	-0.118677	-0.452173	0.884000
63458	4.730077	-0.373646	9.033338	-0.050459	-0.127924	0.059586	0.161536	0.869024	0.467657	-0.979617	0.198538	-0.030560	-0.119405	-0.453188	0.883381
