// General information: 
//  MT Manager version: 2022.2.0 
//  XDA version: 2022.2.0 build 7381 rev 124627 built on 2023-07-19
// Device information: 
//  DeviceId: 00B4CAF0
//  ProductCode: MTW2-3A7G6
//  Firmware Version: 4.6.0
//  Hardware Version: 2.0.0
// Device settings: 
//  Filter Profile: human(46.1)
//  Option Flags: Orientation Smoother Disabled, Position/Velocity Smoother Disabled, Continuous Zero Rotation Update Disabled, AHS Disabled, ICC Disabled
// Coordinate system: ENU
PacketCounter	Acc_X	Acc_Y	Acc_Z	Gyr_X	Gyr_Y	Gyr_Z	Mat[1][1]	Mat[2][1]	Mat[3][1]	Mat[1][2]	Mat[2][2]	Mat[3][2]	Mat[1][3]	Mat[2][3]	Mat[3][3]
58895	4.977518	-0.151569	8.959853	0.000710	-0.005234	0.004818	-0.789868	0.380656	0.480843	-0.438303	-0.898788	-0.008470	0.428951	-0.217445	0.876766
58896	4.978091	-0.151698	8.959533	0.001525	-0.007714	0.004396	-0.789841	0.380615	0.480919	-0.438283	-0.898797	-0.008480	0.429021	-0.217477	0.876724
58897	5.009386	-0.174996	8.941947	0.000159	-0.003742	0.000170	-0.789763	0.380691	0.480988	-0.438406	-0.898736	-0.008517	0.429039	-0.217594	0.876686
58898	4.975538	-0.171107	8.944722	0.003493	-0.003928	0.002619	-0.789744	0.380675	0.481031	-0.438393	-0.898743	-0.008502	0.429087	-0.217595	0.876662
58899	4.996340	-0.163651	8.971343	0.002679	-0.001448	0.003041	-0.789699	0.380669	0.481109	-0.438426	-0.898727	-0.008538	0.429136	-0.217673	0.876619
58900	4.962298	-0.180167	9.002093	0.003990	0.001076	0.001857	-0.789699	0.380670	0.481109	-0.438417	-0.898732	-0.008515	0.429146	-0.217650	0.876619
58901	4.962120	-0.179780	9.002198	0.005171	0.002851	-0.000821	-0.789674	0.380745	0.481091	-0.438499	-0.898691	-0.008521	0.429108	-0.217687	0.876629
58902	4.910748	-0.163690	8.992765	0.001629	-0.002472	0.007212	-0.789681	0.380691	0.481121	-0.438458	-0.898711	-0.008545	0.429136	-0.217699	0.876612
58903	4.996182	-0.163066	8.971441	-0.000946	0.001730	-0.001071	-0.789666	0.380701	0.481139	-0.438509	-0.898685	-0.008616	0.429112	-0.217787	0.876602
58904	4.931365	-0.135967	8.991621	0.002837	-0.005190	0.003212	-0.789644	0.380677	0.481193	-0.438494	-0.898693	-0.008609	0.429168	-0.217798	0.876572
58905	4.976151	-0.170414	8.944395	-0.000235	-0.003504	0.003748	-0.789629	0.380675	0.481220	-0.438542	-0.898669	-0.008696	0.429147	-0.217902	0.876556
58906	4.949404	-0.148264	9.003549	0.000317	-0.007484	0.000341	-0.789585	0.380672	0.481295	-0.438560	-0.898660	-0.008698	0.429209	-0.217945	0.876515
58907	4.998016	-0.183803	8.998281	-0.001809	-0.007528	0.001948	-0.789558	0.380622	0.481379	-0.438577	-0.898650	-0.008799	0.429242	-0.218069	0.876468
58908	4.977908	-0.170822	8.943409	0.000580	-0.005984	0.003327	-0.789533	0.380595	0.481440	-0.438571	-0.898653	-0.008813	0.429294	-0.218104	0.876435
58909	4.998992	-0.163540	8.969867	0.001104	-0.005472	0.001241	-0.789473	0.380623	0.481518	-0.438648	-0.898615	-0.008862	0.429326	-0.218213	0.876391
58910	4.968597	-0.140279	8.986967	0.000290	-0.002992	0.001663	-0.789454	0.380617	0.481553	-0.438656	-0.898611	-0.008871	0.429353	-0.218239	0.876372
58911	4.996247	-0.182926	8.955162	0.005227	-0.003646	0.004590	-0.789414	0.380614	0.481621	-0.438686	-0.898596	-0.008899	0.429396	-0.218305	0.876335
58912	4.982916	-0.171543	8.984730	0.004150	-0.002666	0.002027	-0.789398	0.380606	0.481653	-0.438675	-0.898602	-0.008876	0.429436	-0.218296	0.876317
58913	5.003600	-0.164058	9.011415	0.001734	0.000282	0.001971	-0.789406	0.380627	0.481623	-0.438726	-0.898577	-0.008949	0.429368	-0.218365	0.876333
58914	4.979455	-0.170245	8.942559	0.003335	-0.000186	0.002449	-0.789403	0.380621	0.481633	-0.438715	-0.898582	-0.008936	0.429386	-0.218353	0.876327
58915	4.982989	-0.171115	8.984698	0.003467	0.000564	0.003942	-0.789421	0.380613	0.481610	-0.438732	-0.898573	-0.009004	0.429334	-0.218406	0.876340
58916	4.979619	-0.190510	8.970343	0.000946	-0.001730	0.001071	-0.789405	0.380615	0.481634	-0.438743	-0.898568	-0.009005	0.429353	-0.218422	0.876326
58917	4.935626	-0.156242	9.017157	-0.001678	-0.006777	0.003442	-0.789377	0.380617	0.481679	-0.438808	-0.898535	-0.009107	0.429339	-0.218554	0.876300
58918	4.987720	-0.172327	9.026170	0.004074	-0.009911	0.005948	-0.789347	0.380558	0.481774	-0.438766	-0.898555	-0.009104	0.429436	-0.218573	0.876248
58919	4.984928	-0.171497	8.983616	-0.005145	-0.007341	-0.000499	-0.789291	0.380582	0.481847	-0.438867	-0.898505	-0.009213	0.429436	-0.218738	0.876207
58920	4.989097	-0.152498	8.997523	-0.002989	-0.009300	0.004629	-0.789258	0.380536	0.481937	-0.438866	-0.898505	-0.009265	0.429497	-0.218819	0.876157
58921	4.972942	-0.161165	9.012431	-0.000995	-0.010007	0.001528	-0.789140	0.380630	0.482056	-0.439030	-0.898424	-0.009312	0.429547	-0.218986	0.876091
58922	4.953373	-0.168899	8.985129	-0.006165	-0.012856	0.002353	-0.789082	0.380597	0.482178	-0.439061	-0.898408	-0.009382	0.429622	-0.219108	0.876023
58923	4.995466	-0.134414	9.010201	-0.003643	-0.010562	0.005223	-0.789039	0.380618	0.482232	-0.439162	-0.898358	-0.009506	0.429599	-0.219279	0.875992
58924	4.938337	-0.157882	8.971538	-0.002960	-0.013792	0.003309	-0.788981	0.380575	0.482361	-0.439172	-0.898352	-0.009552	0.429695	-0.219376	0.875920
58925	4.977586	-0.163497	9.009825	-0.009441	-0.019164	0.005321	-0.788935	0.380508	0.482489	-0.439227	-0.898323	-0.009747	0.429722	-0.219612	0.875848
58926	4.989571	-0.215619	8.992589	-0.008917	-0.018651	0.003236	-0.788856	0.380454	0.482661	-0.439264	-0.898304	-0.009845	0.429831	-0.219782	0.875752
58927	4.964006	-0.173882	9.023298	-0.009571	-0.019913	0.003830	-0.788737	0.380463	0.482848	-0.439402	-0.898235	-0.009998	0.429907	-0.220050	0.875647
58928	5.010196	-0.209159	8.975127	-0.006631	-0.022349	0.001800	-0.788635	0.380414	0.483052	-0.439440	-0.898216	-0.010069	0.430054	-0.220213	0.875534
58929	4.967541	-0.155111	8.993439	-0.008780	-0.017901	0.004732	-0.788559	0.380340	0.483235	-0.439489	-0.898190	-0.010234	0.430144	-0.220446	0.875431
58930	5.034136	-0.183121	8.972061	-0.007443	-0.019868	0.002224	-0.788470	0.380293	0.483417	-0.439527	-0.898170	-0.010315	0.430268	-0.220608	0.875329
58931	5.018718	-0.171708	8.958693	-0.005706	-0.019587	0.004194	-0.788343	0.380277	0.483636	-0.439628	-0.898119	-0.010429	0.430397	-0.220842	0.875207
58932	5.033789	-0.183533	8.928061	-0.006946	-0.014865	0.001461	-0.788272	0.380248	0.483775	-0.439670	-0.898098	-0.010501	0.430484	-0.220980	0.875129
58933	5.021312	-0.172803	8.957218	-0.000335	-0.008744	0.000936	-0.788229	0.380238	0.483854	-0.439721	-0.898072	-0.010580	0.430513	-0.221101	0.875085
58934	5.015158	-0.212012	8.928101	-0.005796	-0.008600	0.000103	-0.788178	0.380235	0.483938	-0.439769	-0.898048	-0.010636	0.430556	-0.221204	0.875037
58935	5.015659	-0.212274	8.927814	0.002029	-0.002711	0.003632	-0.788187	0.380195	0.483956	-0.439768	-0.898048	-0.010716	0.430541	-0.221274	0.875027
58936	5.022742	-0.152813	8.928519	0.002844	-0.005191	0.003210	-0.788165	0.380171	0.484010	-0.439754	-0.898054	-0.010712	0.430595	-0.221288	0.874997
58937	4.988811	-0.169417	8.959340	0.001576	0.004022	0.001797	-0.788150	0.380201	0.484011	-0.439813	-0.898025	-0.010761	0.430563	-0.221355	0.874996
58938	5.053590	-0.196627	8.938921	-0.001175	-0.001774	0.002681	-0.788140	0.380190	0.484035	-0.439821	-0.898021	-0.010789	0.430572	-0.221392	0.874982
58939	5.005843	-0.181818	8.971775	0.000922	0.002760	0.002391	-0.788144	0.380198	0.484023	-0.439862	-0.898000	-0.010860	0.430523	-0.221462	0.874988
58940	4.971583	-0.178019	8.974889	0.001082	-0.000981	0.002563	-0.788138	0.380190	0.484040	-0.439861	-0.898000	-0.010868	0.430536	-0.221476	0.874978
58941	5.040030	-0.206196	8.996586	0.002658	0.003041	0.004360	-0.788160	0.380186	0.484005	-0.439882	-0.897989	-0.010939	0.430473	-0.221527	0.874997
58942	5.005388	-0.182090	8.972023	-0.004540	0.002905	0.001558	-0.788166	0.380196	0.483989	-0.439914	-0.897973	-0.010992	0.430430	-0.221577	0.875005
58943	5.008662	-0.162717	8.986467	0.005729	0.001354	0.003819	-0.788180	0.380211	0.483955	-0.439943	-0.897958	-0.011036	0.430375	-0.221611	0.875023
58944	5.005023	-0.182104	8.972226	0.000401	0.002248	0.004478	-0.788196	0.380192	0.483944	-0.439930	-0.897964	-0.011060	0.430359	-0.221619	0.875029
58945	5.021827	-0.173764	8.956911	0.004127	0.001823	0.003343	-0.788207	0.380170	0.483942	-0.439929	-0.897964	-0.011110	0.430339	-0.221657	0.875030
58946	4.967052	-0.197477	8.961141	0.003993	0.001073	0.001851	-0.788207	0.380173	0.483941	-0.439922	-0.897968	-0.011089	0.430348	-0.221637	0.875030
58947	4.987383	-0.169457	8.960134	0.004127	0.001823	0.003344	-0.788192	0.380185	0.483956	-0.439958	-0.897950	-0.011126	0.430338	-0.221689	0.875022
58948	4.987434	-0.189723	8.987994	0.003993	0.001073	0.001851	-0.788191	0.380187	0.483955	-0.439950	-0.897953	-0.011106	0.430347	-0.221669	0.875022
58949	4.987222	-0.189368	8.988119	0.005303	0.003596	0.000663	-0.788193	0.380249	0.483904	-0.440020	-0.897919	-0.011134	0.430273	-0.221703	0.875050
58950	5.020932	-0.172421	8.957438	0.004261	0.002572	0.004837	-0.788212	0.380228	0.483890	-0.439988	-0.897935	-0.011126	0.430271	-0.221675	0.875058
58951	4.982908	-0.187954	8.946379	0.000630	0.005752	0.000727	-0.788210	0.380240	0.483883	-0.440027	-0.897915	-0.011181	0.430234	-0.221735	0.875061
58952	5.016608	-0.191524	8.943592	0.005958	0.004857	0.000069	-0.788218	0.380267	0.483849	-0.440026	-0.897916	-0.011135	0.430221	-0.221683	0.875081
58953	4.985545	-0.167811	8.961188	0.004782	0.003084	0.002750	-0.788219	0.380306	0.483817	-0.440079	-0.897889	-0.011174	0.430165	-0.221725	0.875098
58954	5.019207	-0.150828	8.930541	0.005437	0.004346	0.002156	-0.788233	0.380313	0.483787	-0.440064	-0.897897	-0.011143	0.430154	-0.221680	0.875115
58955	5.001704	-0.158955	8.946246	0.002500	0.006783	0.004189	-0.788295	0.380288	0.483707	-0.440052	-0.897902	-0.011224	0.430053	-0.221704	0.875158
58956	5.018524	-0.171257	8.958810	-0.000254	0.000988	0.005072	-0.788308	0.380262	0.483706	-0.440038	-0.897909	-0.011257	0.430044	-0.221723	0.875158
58957	5.007639	-0.209186	8.888204	0.003969	0.005564	0.003173	-0.788310	0.380306	0.483668	-0.440097	-0.897879	-0.011298	0.429979	-0.221767	0.875178
58958	4.966366	-0.175796	8.977821	-0.001652	0.009451	0.002165	-0.788347	0.380324	0.483594	-0.440112	-0.897871	-0.011329	0.429896	-0.221767	0.875219
58959	5.010282	-0.231112	8.958752	-0.000642	0.001227	0.008652	-0.788386	0.380283	0.483563	-0.440117	-0.897868	-0.011452	0.429820	-0.221853	0.875235
58960	4.965374	-0.176374	8.978359	0.002209	0.009775	0.002525	-0.788425	0.380299	0.483486	-0.440112	-0.897870	-0.011451	0.429752	-0.221816	0.875277
58961	5.016179	-0.172103	8.960107	-0.001565	-0.001534	0.006261	-0.788425	0.380270	0.483510	-0.440139	-0.897855	-0.011560	0.429726	-0.221926	0.875263
58962	4.999151	-0.180952	8.975523	-0.002244	0.001696	0.008176	-0.788454	0.380217	0.483502	-0.440109	-0.897869	-0.011626	0.429701	-0.221960	0.875266
58963	5.029776	-0.204759	8.958184	-0.000909	-0.000273	0.005667	-0.788413	0.380199	0.483584	-0.440150	-0.897848	-0.011701	0.429737	-0.222075	0.875219
58964	5.026106	-0.224706	8.943952	-0.004271	0.004407	0.004542	-0.788438	0.380185	0.483554	-0.440157	-0.897844	-0.011767	0.429682	-0.222117	0.875235
58965	5.042326	-0.195946	8.901108	0.007673	0.009628	0.003362	-0.788485	0.380189	0.483474	-0.440148	-0.897848	-0.011787	0.429605	-0.222094	0.875279
58966	5.020775	-0.223373	8.902801	0.005526	0.014077	0.006294	-0.788560	0.380181	0.483359	-0.440100	-0.897872	-0.011776	0.429518	-0.222012	0.875343
58967	5.022670	-0.182982	8.890158	0.009618	0.017903	0.002903	-0.788624	0.380234	0.483213	-0.440116	-0.897864	-0.011770	0.429384	-0.221952	0.875424
58968	4.990670	-0.220310	8.991866	0.010931	0.020425	0.001717	-0.788706	0.380281	0.483042	-0.440081	-0.897882	-0.011690	0.429270	-0.221797	0.875519
58969	4.927825	-0.193180	9.055232	0.011902	0.014204	0.001468	-0.788737	0.380324	0.482956	-0.440086	-0.897880	-0.011650	0.429206	-0.221730	0.875567
58970	4.903000	-0.130118	9.101802	0.007542	0.008878	0.001872	-0.788770	0.380344	0.482887	-0.440064	-0.897892	-0.011599	0.429169	-0.221650	0.875606
58971	4.868795	-0.146544	9.132697	-0.001023	-0.005513	0.002853	-0.788726	0.380350	0.482956	-0.440131	-0.897858	-0.011683	0.429182	-0.221778	0.875567
58972	4.904429	-0.171542	9.156760	-0.009430	-0.023647	0.004006	-0.788628	0.380278	0.483171	-0.440165	-0.897840	-0.011792	0.429326	-0.221974	0.875447
58973	4.906835	-0.152342	9.127579	-0.016447	-0.032013	0.000050	-0.788466	0.380250	0.483458	-0.440318	-0.897762	-0.012001	0.429467	-0.222338	0.875285
58974	4.924016	-0.165486	9.095840	-0.027395	-0.047944	-0.000338	-0.788245	0.380164	0.483886	-0.440464	-0.897687	-0.012246	0.429723	-0.222787	0.875045
58975	4.918696	-0.117267	9.109451	-0.033284	-0.059291	0.005018	-0.787969	0.380051	0.484424	-0.440675	-0.897578	-0.012618	0.430013	-0.223416	0.874743
58976	4.938281	-0.152798	9.104216	-0.047578	-0.070538	0.003521	-0.787667	0.379879	0.485049	-0.440878	-0.897472	-0.013058	0.430357	-0.224132	0.874390
58977	4.958904	-0.189084	9.098346	-0.053894	-0.082123	-0.002326	-0.787266	0.379802	0.485761	-0.441255	-0.897279	-0.013580	0.430705	-0.225035	0.873986
58978	4.963269	-0.213508	9.079585	-0.058059	-0.091181	-0.001719	-0.786851	0.379629	0.486566	-0.441544	-0.897129	-0.014086	0.431165	-0.225924	0.873530
58979	4.955347	-0.248040	9.117846	-0.068463	-0.102096	-0.002827	-0.786393	0.379425	0.487466	-0.441899	-0.896944	-0.014738	0.431638	-0.227000	0.873017
58980	4.965196	-0.274636	9.140200	-0.071493	-0.107362	-0.011626	-0.785864	0.379302	0.488414	-0.442325	-0.896724	-0.015312	0.432164	-0.228071	0.872478
58981	4.965441	-0.209493	9.123028	-0.084886	-0.125557	-0.014804	-0.785223	0.379174	0.489542	-0.442876	-0.896439	-0.016036	0.432764	-0.229398	0.871832
58982	5.028903	-0.231834	9.125195	-0.071056	-0.137994	-0.019311	-0.784526	0.379047	0.490756	-0.443361	-0.896190	-0.016567	0.433531	-0.230580	0.871139
58983	4.964326	-0.199670	9.168691	-0.078676	-0.154838	-0.018659	-0.783734	0.378881	0.492149	-0.443916	-0.895903	-0.017213	0.434396	-0.231964	0.870341
58984	4.967501	-0.235321	9.245441	-0.058687	-0.182369	-0.021694	-0.782830	0.378668	0.493748	-0.444367	-0.895671	-0.017624	0.435562	-0.233202	0.869426
58985	4.948535	-0.254153	9.224306	-0.037329	-0.223583	-0.024646	-0.781743	0.378419	0.495659	-0.444810	-0.895446	-0.017902	0.437061	-0.234469	0.868333
58986	4.941310	-0.273510	9.285674	-0.016428	-0.253562	-0.028088	-0.780493	0.378091	0.497873	-0.445127	-0.895288	-0.017912	0.438967	-0.235597	0.867065
58987	4.906952	-0.396935	9.331102	0.006515	-0.295639	-0.045317	-0.778959	0.377844	0.500457	-0.445537	-0.895089	-0.017686	0.441271	-0.236749	0.865581
58988	4.841125	-0.443757	9.451929	0.044073	-0.336378	-0.068847	-0.777149	0.377680	0.503386	-0.445904	-0.894920	-0.016966	0.444083	-0.237647	0.863895
58989	4.750924	-0.461180	9.589325	0.109030	-0.398918	-0.103243	-0.774935	0.377660	0.506802	-0.446253	-0.894771	-0.015585	0.447586	-0.238240	0.861922
58990	4.727382	-0.502996	9.503659	0.183159	-0.494547	-0.146418	-0.772043	0.377808	0.511088	-0.446588	-0.894641	-0.013271	0.452227	-0.238491	0.859426
58991	4.695613	-0.495004	9.531491	0.267963	-0.574344	-0.200321	-0.768541	0.378259	0.516009	-0.446974	-0.894491	-0.010016	0.457776	-0.238341	0.856525
58992	4.548124	-0.573589	9.597545	0.348738	-0.721063	-0.256875	-0.764052	0.378857	0.522200	-0.447360	-0.894336	-0.005709	0.464859	-0.237974	0.852804
58993	5.087956	-1.042830	9.603843	0.406173	-0.908905	-0.335624	-0.758362	0.379730	0.529803	-0.448066	-0.894000	-0.000600	0.473416	-0.237842	0.848120
58994	5.354211	-1.384760	9.231452	0.566850	-0.941861	-0.440224	-0.751870	0.381449	0.537762	-0.448706	-0.893655	0.006536	0.483068	-0.236383	0.843071
58995	5.290347	-0.322500	9.132709	0.740774	-1.007168	-0.526550	-0.744640	0.383861	0.546042	-0.449142	-0.893326	0.015501	0.493744	-0.233708	0.837614
58996	5.614365	-0.699717	9.128117	0.653046	-1.061818	-0.570915	-0.736759	0.386504	0.554798	-0.450138	-0.892634	0.024088	0.504542	-0.231989	0.831636
58997	5.564764	-0.604124	9.213258	0.787017	-1.088987	-0.628349	-0.728478	0.389611	0.563491	-0.450768	-0.891993	0.033995	0.515875	-0.229240	0.825422
58998	5.613479	-0.248966	9.288965	0.730088	-1.195089	-0.666105	-0.719222	0.392838	0.573061	-0.451807	-0.891041	0.043775	0.527817	-0.227429	0.818343
58999	6.168279	-0.659530	9.317791	0.504052	-1.269923	-0.697776	-0.709272	0.396183	0.583071	-0.454181	-0.889400	0.051841	0.539122	-0.228050	0.810765
59000	6.845902	-2.188208	9.476822	0.328321	-1.277660	-0.757150	-0.698851	0.399998	0.592967	-0.457751	-0.887125	0.058938	0.549611	-0.230243	0.803067
59001	7.041877	-3.939546	9.255668	0.548926	-1.187524	-0.881432	-0.688176	0.405095	0.601923	-0.460908	-0.884799	0.068517	0.560337	-0.230280	0.795609
59002	6.782033	-3.405792	8.685707	0.940651	-1.086550	-1.048296	-0.677168	0.411895	0.609743	-0.462765	-0.882651	0.082313	0.572094	-0.226428	0.788314
59003	6.383963	-2.434418	9.399549	1.098728	-0.977067	-1.158390	-0.666106	0.419941	0.616402	-0.464312	-0.880240	0.097936	0.583709	-0.220968	0.781317
59004	5.878120	-1.866014	8.957995	1.290026	-0.951288	-1.274323	-0.654558	0.429092	0.622443	-0.465145	-0.877620	0.115858	0.595982	-0.213691	0.774043
59005	5.914706	-2.194857	9.125015	1.268327	-0.894288	-1.367935	-0.642751	0.439213	0.627665	-0.466518	-0.874293	0.134061	0.607645	-0.206649	0.766853
59006	3.690723	-2.051348	8.680779	1.409080	-0.558797	-1.428278	-0.632645	0.450565	0.629882	-0.467020	-0.870767	0.153806	0.617781	-0.196864	0.761309
59007	1.719957	-2.923701	9.888780	1.119416	-0.460992	-1.136235	-0.624412	0.459566	0.631592	-0.467348	-0.867705	0.169334	0.625856	-0.189439	0.756583
59008	2.642302	-6.022199	10.535204	0.662482	-0.327990	-0.287850	-0.620993	0.461467	0.633574	-0.465005	-0.867606	0.176153	0.630981	-0.185225	0.753362
59009	5.808819	-6.472592	13.143489	0.318163	-0.189685	0.856948	-0.623688	0.453676	0.636547	-0.457830	-0.872056	0.172946	0.633565	-0.183566	0.751597
59010	3.267296	-7.084661	13.219605	-0.180120	0.743939	1.813331	-0.636574	0.439169	0.633959	-0.447568	-0.879808	0.160064	0.628057	-0.181847	0.756621
59011	-0.047726	-7.545655	11.634261	-0.292392	0.967452	2.487429	-0.653510	0.418929	0.630415	-0.433559	-0.889881	0.141911	0.620445	-0.180582	0.763176
59012	-1.272828	-5.853668	11.219135	-0.300640	1.169794	2.943720	-0.673205	0.394682	0.625317	-0.415911	-0.901304	0.121116	0.611403	-0.178540	0.770915
59013	-1.772667	-4.446539	11.168135	-0.371358	1.178679	3.279369	-0.693615	0.367060	0.619810	-0.395991	-0.913055	0.097579	0.601738	-0.177757	0.778661
59014	-1.140675	-2.057403	11.036579	-0.389033	1.262106	3.482283	-0.714536	0.337317	0.612907	-0.373821	-0.924619	0.073063	0.591351	-0.176912	0.786770
59015	-0.680806	0.696129	11.175158	-0.536931	1.375347	3.633920	-0.735723	0.306003	0.604213	-0.350858	-0.935276	0.046445	0.579318	-0.177822	0.795468
59016	-0.063955	1.830618	11.528832	-0.879904	1.454379	3.674488	-0.756520	0.274101	0.593756	-0.328506	-0.944342	0.017386	0.565474	-0.181900	0.804457
59017	0.903993	2.532311	12.082387	-1.043983	1.598233	3.552729	-0.776721	0.243431	0.580901	-0.307314	-0.951530	-0.012164	0.549784	-0.187967	0.813883
59018	1.594287	2.920525	12.435857	-1.153759	1.756323	3.307117	-0.796053	0.215252	0.565655	-0.287580	-0.956897	-0.040580	0.532538	-0.194975	0.823643
59019	2.616108	2.732011	12.645846	-1.172191	1.902090	2.939273	-0.814215	0.190915	0.548274	-0.270236	-0.960469	-0.066867	0.513835	-0.202607	0.833621
59020	3.782805	2.533493	12.853460	-1.084201	2.076830	2.441882	-0.831091	0.171730	0.528957	-0.255640	-0.962655	-0.089125	0.493898	-0.209294	0.843956
59021	4.642539	2.179927	12.919817	-0.909522	2.272360	1.871805	-0.846774	0.158580	0.507766	-0.244485	-0.963762	-0.106722	0.472442	-0.214511	0.854859
59022	5.056002	1.655406	12.571702	-0.674712	2.392623	1.257759	-0.860832	0.151641	0.485771	-0.236890	-0.964247	-0.118787	0.450390	-0.217330	0.865977
59023	5.201098	1.305767	11.860016	-0.370865	2.465032	0.582341	-0.873053	0.151448	0.463511	-0.233595	-0.964276	-0.124924	0.428033	-0.217339	0.877241
59024	5.172762	1.759006	11.296531	-0.117864	2.470706	-0.086982	-0.883144	0.157643	0.441820	-0.234881	-0.963877	-0.125583	0.406063	-0.214683	0.888270
59025	5.244042	0.935596	12.436240	-0.170271	2.412996	-0.653381	-0.891143	0.169152	0.421012	-0.241452	-0.962406	-0.124403	0.384142	-0.212515	0.898483
59026	-0.860568	-3.391000	4.458811	0.832995	1.743429	-1.560528	-0.893861	0.187791	0.407119	-0.252266	-0.961335	-0.110437	0.370639	-0.201418	0.906674
59027	10.991432	15.996563	14.510043	1.324046	0.699140	-2.186975	-0.890780	0.210219	0.402888	-0.266994	-0.959518	-0.089665	0.367729	-0.187440	0.910847
59028	10.702699	-5.383524	4.374657	-2.772077	0.607909	-1.126294	-0.889846	0.222218	0.398489	-0.287066	-0.951526	-0.110413	0.354637	-0.212643	0.910503
59029	10.239233	-3.945391	3.770725	1.411048	1.185876	-2.644778	-0.886189	0.249811	0.390210	-0.305660	-0.948142	-0.087173	0.348197	-0.196523	0.916590
59030	10.630101	5.015364	6.405651	0.563425	1.065010	-2.417311	-0.882222	0.274738	0.382366	-0.325124	-0.942875	-0.072673	0.340557	-0.188430	0.921149
59031	10.335863	-1.615001	3.415073	-0.219732	0.358273	-1.825299	-0.877350	0.292621	0.380302	-0.341999	-0.937250	-0.067824	0.336591	-0.189568	0.922372
59032	10.328155	0.247637	5.715067	0.451057	0.464503	-1.766009	-0.872734	0.310021	0.377125	-0.355969	-0.932759	-0.056986	0.334099	-0.183979	0.924408
59033	10.576332	-0.352441	6.570593	0.099054	0.181107	-1.323955	-0.868542	0.322729	0.376140	-0.367253	-0.928712	-0.051184	0.332807	-0.182594	0.925148
59034	10.062667	-0.168394	7.366958	0.060822	0.224774	-0.953801	-0.865735	0.332001	0.374538	-0.375351	-0.925688	-0.047058	0.331082	-0.181322	0.926017
59035	9.664927	-0.391830	7.168110	-0.144416	0.149172	-0.531247	-0.864202	0.337243	0.373393	-0.380522	-0.923601	-0.046519	0.329178	-0.182286	0.926506
59036	8.341190	-0.842640	6.498981	-0.209608	0.078872	-0.125152	-0.863972	0.338562	0.372731	-0.382321	-0.922782	-0.048010	0.327695	-0.183983	0.926696
59037	8.049303	-1.557310	5.931491	-0.228780	-0.084518	0.208697	-0.864466	0.336545	0.373412	-0.381378	-0.923009	-0.051029	0.327489	-0.186524	0.926261
59038	7.708703	-1.653330	5.833840	-0.034264	-0.199978	0.428027	-0.865422	0.332236	0.375051	-0.377818	-0.924364	-0.052965	0.329087	-0.187538	0.925490
59039	7.907609	-1.085560	6.402668	0.132864	-0.295307	0.552500	-0.866487	0.326643	0.377499	-0.372723	-0.926373	-0.053951	0.332082	-0.187450	0.924437
59040	8.453978	-0.638384	6.634800	0.218083	-0.297989	0.640185	-0.867846	0.320167	0.379915	-0.366473	-0.928838	-0.054377	0.335470	-0.186419	0.923422
59041	7.824331	0.023650	6.554206	0.338280	-0.287790	0.661165	-0.869239	0.313562	0.382234	-0.359731	-0.931497	-0.053920	0.339143	-0.184371	0.922491
59042	7.108119	-0.195236	5.874906	0.396895	-0.319085	0.672696	-0.870534	0.306723	0.384827	-0.352555	-0.934297	-0.052857	0.343330	-0.181687	0.921474
59043	6.293702	-0.078173	5.778311	0.496937	-0.424206	0.673699	-0.871376	0.299735	0.388410	-0.345116	-0.937171	-0.051036	0.348709	-0.178518	0.920072
59044	6.233876	0.153709	5.862598	0.599490	-0.518609	0.711107	-0.871964	0.292165	0.392834	-0.336838	-0.940322	-0.048320	0.355273	-0.174454	0.918339
59045	6.105212	0.854572	5.374949	0.736189	-0.609954	0.749687	-0.872225	0.284135	0.398110	-0.327809	-0.943687	-0.044683	0.362995	-0.169477	0.916249
59046	4.403904	1.545077	3.810389	0.916370	-0.663340	0.735461	-0.872152	0.276100	0.403882	-0.318058	-0.947258	-0.039262	0.371740	-0.162701	0.913968
59047	2.497510	1.730100	3.258691	0.894572	-1.038067	0.717881	-0.870442	0.267704	0.413116	-0.308574	-0.950586	-0.034181	0.383552	-0.157229	0.910037
59048	5.800474	-2.948018	4.668826	0.905654	-1.794972	0.685722	-0.865465	0.258407	0.429180	-0.299097	-0.953786	-0.028875	0.401884	-0.153357	0.902757
59049	16.083136	4.025139	14.141864	3.449552	-2.823768	-0.923783	-0.850856	0.263331	0.454643	-0.292723	-0.956178	0.005997	0.436299	-0.127982	0.890653
59050	26.244143	44.463512	26.563538	1.797903	1.581860	-0.423983	-0.856449	0.269264	0.440445	-0.288605	-0.957149	0.023955	0.428022	-0.106599	0.897460
59051	-12.042665	-7.865808	-2.625069	-3.576936	2.360674	0.522033	-0.867710	0.267135	0.419187	-0.298882	-0.954231	-0.010579	0.397176	-0.134467	0.907838
59052	2.459777	-15.305466	14.169369	-0.311724	-4.316124	0.604095	-0.851567	0.255274	0.457896	-0.295015	-0.955358	-0.016045	0.433359	-0.148749	0.888861
59053	14.702382	-3.848425	3.805709	1.807620	-0.382239	-0.135771	-0.849475	0.256075	0.461323	-0.288339	-0.957528	0.000568	0.441875	-0.132535	0.887232
59054	3.560294	8.171463	14.925462	1.930742	1.212538	-0.705789	-0.852766	0.264332	0.450465	-0.285893	-0.958032	0.020953	0.437098	-0.110917	0.892548
59055	3.349276	2.604091	10.404887	-1.215749	-0.855415	0.416418	-0.850181	0.259372	0.458169	-0.287757	-0.957669	0.008177	0.440895	-0.124889	0.888827
59056	7.079108	-3.160288	8.377723	-0.345706	-0.659601	0.136412	-0.847639	0.257246	0.464040	-0.288164	-0.957571	0.004466	0.445500	-0.129934	0.885803
59057	6.637445	3.339078	10.028962	1.108909	0.158537	-0.135862	-0.847932	0.258782	0.462647	-0.284440	-0.958578	0.014864	0.447330	-0.118992	0.886418
59058	4.090979	1.321974	9.379066	-0.560878	0.028843	0.141209	-0.848452	0.257485	0.462417	-0.285779	-0.958251	0.009224	0.445487	-0.124323	0.886614
59059	5.325348	-0.915338	8.391348	-0.000892	-0.170711	0.084973	-0.847911	0.256490	0.463961	-0.285124	-0.958451	0.008780	0.446936	-0.124841	0.885812
59060	4.984271	0.929835	9.541367	0.046006	0.031620	0.054888	-0.848197	0.256025	0.463695	-0.284486	-0.958639	0.008919	0.446799	-0.124350	0.885950
59061	4.846110	-0.502391	8.999476	-0.069698	-0.045484	0.069469	-0.848169	0.255334	0.464127	-0.284270	-0.958712	0.007936	0.446990	-0.125206	0.885733
59062	4.932946	-0.026951	9.184984	0.018259	-0.021292	0.042463	-0.848183	0.254922	0.464328	-0.283861	-0.958833	0.007886	0.447223	-0.125116	0.885628
59063	4.931247	-0.286364	9.075136	-0.022876	-0.001765	0.040168	-0.848266	0.254567	0.464371	-0.283686	-0.958888	0.007451	0.447176	-0.125415	0.885610
59064	4.806810	-0.216189	9.064397	-0.005682	0.008363	0.030103	-0.848378	0.254310	0.464308	-0.283489	-0.958948	0.007246	0.447090	-0.125479	0.885644
59065	4.737208	-0.133114	9.006582	-0.021599	-0.002876	0.026964	-0.848418	0.254082	0.464360	-0.283423	-0.958970	0.006883	0.447056	-0.125771	0.885620
59066	4.692283	-0.112334	9.035894	-0.037779	-0.010985	0.037910	-0.848465	0.253726	0.464469	-0.283303	-0.959009	0.006357	0.447043	-0.126192	0.885567
59067	4.763875	-0.061457	9.054577	-0.026240	-0.032251	0.043115	-0.848419	0.253305	0.464781	-0.283121	-0.959066	0.005876	0.447245	-0.126604	0.885406
59068	4.776228	0.027472	9.088295	-0.034002	-0.038237	0.045854	-0.848366	0.252839	0.465132	-0.282918	-0.959129	0.005347	0.447473	-0.127058	0.885225
59069	4.816391	0.086593	9.107763	-0.036996	-0.042948	0.048461	-0.848287	0.252353	0.465539	-0.282739	-0.959185	0.004746	0.447735	-0.127600	0.885015
59070	4.871541	-0.009928	9.178983	-0.050638	-0.047993	0.053809	-0.848213	0.251797	0.465975	-0.282543	-0.959246	0.004032	0.448000	-0.128238	0.884789
59071	4.875330	-0.016219	9.176962	-0.037085	-0.034726	0.039181	-0.848145	0.251410	0.466308	-0.282443	-0.959278	0.003473	0.448192	-0.128760	0.884616
59072	4.863279	-0.135720	9.127154	-0.046474	-0.041475	0.036149	-0.848050	0.251031	0.466685	-0.282378	-0.959299	0.002879	0.448413	-0.129341	0.884419
59073	4.854401	-0.181634	9.100481	-0.036803	-0.033892	0.040724	-0.847989	0.250631	0.467011	-0.282265	-0.959334	0.002315	0.448599	-0.129858	0.884249
59074	4.848295	-0.224250	9.115970	-0.036174	-0.037755	0.035235	-0.847908	0.250265	0.467354	-0.282162	-0.959365	0.001815	0.448818	-0.130330	0.884068
59075	4.888030	-0.220504	9.082619	-0.027149	-0.036881	0.031914	-0.847808	0.249945	0.467706	-0.282081	-0.959390	0.001376	0.449056	-0.130764	0.883883
59076	4.791855	-0.069861	9.120480	-0.021387	-0.028286	0.025207	-0.847741	0.249687	0.467965	-0.281997	-0.959415	0.001054	0.449236	-0.131071	0.883746
59077	4.782643	-0.113863	9.093987	-0.033151	-0.040978	0.029690	-0.847617	0.249383	0.468352	-0.281963	-0.959425	0.000572	0.449492	-0.131573	0.883542
59078	4.726430	-0.065069	9.036108	-0.027261	-0.048549	0.029316	-0.847470	0.249059	0.468790	-0.281871	-0.959452	0.000179	0.449827	-0.131987	0.883309
59079	4.776828	-0.108862	9.075096	-0.030005	-0.067001	0.032701	-0.847237	0.248691	0.469407	-0.281797	-0.959474	-0.000290	0.450312	-0.132523	0.882982
59080	4.771490	-0.082278	9.027981	-0.021962	-0.080092	0.038176	-0.846972	0.248240	0.470123	-0.281606	-0.959530	-0.000678	0.450929	-0.132964	0.882601
59081	4.842877	-0.121987	9.049575	-0.024428	-0.097710	0.043101	-0.846628	0.247731	0.471009	-0.281421	-0.959584	-0.001147	0.451689	-0.133523	0.882127
59082	4.870280	-0.051284	9.010300	-0.023898	-0.097353	0.040963	-0.846292	0.247229	0.471877	-0.281216	-0.959643	-0.001566	0.452446	-0.134024	0.881663
59083	4.963736	-0.069837	8.985702	-0.025846	-0.100048	0.044474	-0.845940	0.246702	0.472782	-0.281026	-0.959698	-0.002054	0.453222	-0.134602	0.881177
59084	4.942340	-0.063147	9.025020	-0.040582	-0.090897	0.042704	-0.845636	0.246191	0.473592	-0.280882	-0.959739	-0.002629	0.453877	-0.135247	0.880741
59085	4.930880	-0.215185	9.073887	-0.054087	-0.080218	0.038113	-0.845355	0.245751	0.474321	-0.280875	-0.959739	-0.003336	0.454405	-0.136046	0.880345
59086	4.921447	-0.083232	9.048265	-0.028663	-0.089053	0.037121	-0.845043	0.245295	0.475113	-0.280726	-0.959781	-0.003780	0.455077	-0.136571	0.879917
59087	4.994958	-0.162535	8.986471	-0.042320	-0.090032	0.029923	-0.844693	0.244919	0.475929	-0.280735	-0.959775	-0.004345	0.455721	-0.137281	0.879473
59088	4.948877	-0.124185	9.083259	-0.044194	-0.069105	0.026364	-0.844441	0.244592	0.476545	-0.280748	-0.959769	-0.004875	0.456181	-0.137905	0.879137
59089	4.931222	-0.153698	9.082960	-0.043385	-0.081187	0.030206	-0.844131	0.244224	0.477282	-0.280761	-0.959762	-0.005451	0.456745	-0.138604	0.878734
59090	4.965199	-0.188918	9.064325	-0.057145	-0.077951	0.026361	-0.843837	0.243884	0.477974	-0.280834	-0.959737	-0.006094	0.457243	-0.139374	0.878353
59091	4.871824	-0.238447	9.085622	-0.057401	-0.072138	0.022632	-0.843547	0.243601	0.478631	-0.280976	-0.959691	-0.006758	0.457692	-0.140184	0.877990
59092	4.942840	-0.195132	9.016348	-0.063363	-0.097399	0.021962	-0.843151	0.243275	0.479494	-0.281115	-0.959645	-0.007434	0.458336	-0.141061	0.877514
59093	4.935226	-0.259648	9.016446	-0.072538	-0.083367	0.013849	-0.842783	0.243058	0.480249	-0.281402	-0.959555	-0.008189	0.458835	-0.142045	0.877094
59094	4.895476	-0.259371	9.072326	-0.075784	-0.090180	0.009782	-0.842385	0.242857	0.481049	-0.281701	-0.959461	-0.008916	0.459382	-0.143023	0.876649
59095	4.986358	-0.228296	9.057950	-0.089365	-0.104390	0.007129	-0.841901	0.242673	0.481988	-0.282123	-0.959328	-0.009786	0.460010	-0.144219	0.876123
59096	4.959756	-0.261111	9.156708	-0.112833	-0.080818	-0.004819	-0.841504	0.242624	0.482706	-0.282718	-0.959143	-0.010766	0.460372	-0.145529	0.875716
59097	4.807560	-0.167906	9.259697	-0.139087	-0.101884	-0.016708	-0.840963	0.242670	0.483625	-0.283571	-0.958877	-0.011956	0.460835	-0.147196	0.875194
59098	4.545976	0.111745	9.546008	-0.197305	-0.148405	-0.030335	-0.840181	0.242762	0.484936	-0.284770	-0.958500	-0.013550	0.461522	-0.149480	0.874444
59099	5.098443	-0.143121	8.918484	-0.275213	-0.251597	-0.024163	-0.838925	0.242647	0.487163	-0.286315	-0.958004	-0.015888	0.462848	-0.152811	0.873167
59100	4.911492	0.037630	9.214537	-0.253743	-0.178617	-0.029493	-0.838001	0.242675	0.488736	-0.287772	-0.957530	-0.017974	0.463618	-0.155707	0.872247
59101	4.842710	-0.032768	8.945371	-0.281861	-0.250656	0.009119	-0.836840	0.242226	0.490943	-0.289073	-0.957087	-0.020525	0.464903	-0.159095	0.870950
59102	5.034616	-0.099585	9.144549	-0.267158	-0.265067	0.024357	-0.835665	0.241589	0.493254	-0.290148	-0.956706	-0.022985	0.466346	-0.162324	0.869581
59103	5.205183	-0.413501	8.843530	-0.296049	-0.272755	0.034292	-0.834467	0.240845	0.495639	-0.291312	-0.956281	-0.025774	0.467763	-0.165894	0.868146
59104	5.119023	-0.377868	9.022572	-0.277903	-0.230234	0.031930	-0.833470	0.240176	0.497638	-0.292382	-0.955881	-0.028359	0.468872	-0.169136	0.866921
59105	5.060572	-0.497902	9.006667	-0.306042	-0.247532	0.024116	-0.832355	0.239554	0.499799	-0.293686	-0.955393	-0.031178	0.470035	-0.172735	0.865580
59106	5.050084	-0.480740	9.079896	-0.291123	-0.247073	0.021877	-0.831245	0.238935	0.501939	-0.294909	-0.954927	-0.033820	0.471234	-0.176139	0.864242
59107	4.865288	-0.403037	9.384002	-0.311693	-0.254208	0.014619	-0.830065	0.238375	0.504152	-0.296327	-0.954384	-0.036634	0.472422	-0.179802	0.862838
59108	4.806474	-0.367521	9.405267	-0.336588	-0.318613	0.016943	-0.828595	0.237655	0.506902	-0.297814	-0.953801	-0.039635	0.474064	-0.183804	0.861092
59109	4.946041	-0.424551	9.275587	-0.331306	-0.381575	0.025540	-0.826836	0.236734	0.510196	-0.299244	-0.953222	-0.042662	0.476231	-0.187947	0.858999
59110	4.865831	-0.272972	9.365017	-0.306649	-0.408816	0.015832	-0.824919	0.235827	0.513707	-0.300612	-0.952666	-0.045388	0.478687	-0.191868	0.856765
59111	4.672382	-0.078930	9.411089	-0.274040	-0.509243	0.048345	-0.822596	0.234410	0.518062	-0.301596	-0.952225	-0.048026	0.482054	-0.195752	0.853994
59112	4.652018	-0.002241	9.405968	-0.260547	-0.681060	0.070105	-0.819496	0.232416	0.523841	-0.302318	-0.951862	-0.050626	0.486858	-0.199854	0.850310
59113	4.675633	-0.056221	9.348999	-0.169222	-0.831503	0.113673	-0.815744	0.229686	0.530854	-0.302279	-0.951762	-0.052700	0.493142	-0.203456	0.845823
59114	4.514893	-0.143385	9.500736	-0.104156	-0.958078	0.140543	-0.811395	0.226404	0.538868	-0.301688	-0.951857	-0.054344	0.500621	-0.206664	0.840636
59115	4.526179	-0.257756	9.653447	-0.048249	-1.126989	0.164062	-0.806178	0.222522	0.548234	-0.300662	-0.952104	-0.055674	0.509588	-0.209717	0.834470
59116	4.190115	-0.424382	10.192389	-0.061816	-1.279775	0.169701	-0.800088	0.218221	0.558783	-0.299653	-0.952336	-0.057140	0.519680	-0.213158	0.827343
59117	3.708715	-0.492348	10.221577	-0.129024	-1.440027	0.146629	-0.792947	0.213748	0.570567	-0.299215	-0.952356	-0.059060	0.530759	-0.217554	0.819125
59118	3.070992	-0.687992	9.993135	-0.250603	-1.711920	0.061440	-0.783922	0.209408	0.584478	-0.300113	-0.951921	-0.061466	0.543505	-0.223594	0.809078
59119	3.446722	-0.964528	9.528851	-0.224146	-2.093397	-0.046998	-0.772226	0.205128	0.601323	-0.301763	-0.951299	-0.063012	0.559113	-0.230116	0.796517
59120	3.930199	-1.007488	9.598644	-0.072908	-2.422295	-0.134213	-0.758040	0.200783	0.620533	-0.303240	-0.950844	-0.062777	0.577426	-0.235758	0.781664
59121	3.887078	-1.188785	9.369309	0.086155	-2.784556	-0.207454	-0.741025	0.196146	0.642191	-0.304335	-0.950621	-0.060822	0.598550	-0.240512	0.764128
59122	3.641026	-1.448166	9.619947	0.219653	-3.269166	-0.283748	-0.720175	0.190930	0.667003	-0.305103	-0.950593	-0.057317	0.623105	-0.244783	0.742847
59123	4.287531	-1.915219	10.505988	0.364800	-3.906794	-0.321147	-0.694279	0.184364	0.695691	-0.305095	-0.950875	-0.052485	0.651839	-0.248691	0.716421
59124	4.522849	-2.595376	10.902224	0.506583	-4.397163	-0.437306	-0.663573	0.177537	0.726740	-0.304719	-0.951339	-0.045828	0.683240	-0.251862	0.685382
59125	6.344326	-2.799346	12.122466	0.633388	-5.102579	-0.614269	-0.625939	0.170475	0.761012	-0.304291	-0.951858	-0.037055	0.718058	-0.254763	0.647679
59126	8.880419	-2.448422	12.790188	0.583783	-5.526102	-0.795883	-0.582835	0.163889	0.795892	-0.304844	-0.952014	-0.027201	0.753242	-0.258477	0.604828
59127	14.409353	-2.742882	13.884169	0.198348	-5.786294	-0.901232	-0.535521	0.157307	0.829742	-0.308412	-0.951068	-0.018743	0.786193	-0.265940	0.557832
59128	16.239202	-3.927585	14.334860	0.146282	-5.140265	-1.012237	-0.491249	0.153107	0.857457	-0.312478	-0.949878	-0.009414	0.813039	-0.272561	0.514470
59129	13.471681	-4.449751	13.749359	0.356190	-4.760577	-1.160844	-0.448338	0.151068	0.881006	-0.315060	-0.949069	0.002406	0.836498	-0.276491	0.473099
59130	11.619121	-4.154439	12.636277	0.744091	-4.666374	-1.343015	-0.404532	0.150931	0.901983	-0.314517	-0.949086	0.017755	0.858739	-0.276507	0.431406
59131	9.575611	-3.603278	13.149490	0.940331	-4.612509	-1.436472	-0.359950	0.151853	0.920531	-0.311918	-0.949477	0.034660	0.879286	-0.274654	0.389130
59132	5.037661	-3.180458	12.271911	1.148769	-4.400733	-1.481684	-0.316241	0.153952	0.936104	-0.306756	-0.950330	0.052662	0.897715	-0.270501	0.347759
59133	-0.156655	-1.491530	11.751490	1.254838	-4.448773	-1.569094	-0.271180	0.156933	0.949649	-0.300083	-0.951230	0.071503	0.914555	-0.265583	0.305047
59134	-3.192557	-0.327190	11.145602	0.949671	-4.802533	-1.621517	-0.222050	0.159657	0.961875	-0.295361	-0.951166	0.089695	0.929223	-0.264183	0.258363
59135	-7.031511	-2.948372	9.096918	0.503533	-4.740722	-1.378313	-0.173710	0.160159	0.971686	-0.293462	-0.950278	0.104168	0.940056	-0.267058	0.212074
59136	-7.775563	-3.562827	17.097412	0.734485	-5.128976	-1.199969	-0.121726	0.157854	0.979931	-0.288327	-0.950324	0.117269	0.949763	-0.268266	0.161192
59137	34.772460	-8.762924	14.062512	0.580360	-5.878927	-0.332853	-0.064770	0.145134	0.987290	-0.283179	-0.951368	0.121276	0.956877	-0.271725	0.102719
59138	28.502601	4.542375	20.357923	2.811424	4.502525	-1.774090	-0.103134	0.173548	0.979410	-0.257739	-0.955693	0.142205	0.960695	-0.237766	0.143295
59139	0.543590	6.017068	21.678643	-0.075927	4.963901	0.290423	-0.151488	0.182357	0.971492	-0.258196	-0.956013	0.139190	0.954142	-0.229750	0.191909
59140	2.476423	-6.015640	10.596814	-1.833111	4.622769	0.968639	-0.197867	0.183960	0.962812	-0.273914	-0.953480	0.125885	0.941180	-0.238819	0.239051
59141	-4.726325	-6.009322	5.192565	0.542743	5.788507	0.685251	-0.253968	0.190782	0.948210	-0.267372	-0.955999	0.120736	0.929523	-0.222862	0.293803
59142	-5.452461	-0.957757	5.476138	-0.078771	4.698165	0.724677	-0.299253	0.194147	0.934213	-0.266131	-0.957210	0.113678	0.916309	-0.214604	0.338117
59143	-2.311537	-2.546571	4.658520	-0.567357	4.141471	0.798174	-0.339127	0.195340	0.920236	-0.268835	-0.957535	0.104186	0.901510	-0.212059	0.377240
59144	-1.038105	-0.336047	5.774107	-0.404880	4.085500	0.688289	-0.377481	0.197349	0.904744	-0.270024	-0.958025	0.096311	0.885774	-0.207947	0.414925
59145	0.546392	0.387285	5.792361	-0.788235	3.924492	0.605756	-0.413642	0.199710	0.888266	-0.274635	-0.957568	0.087401	0.868030	-0.207796	0.450937
59146	0.741823	0.583520	6.162267	-1.197753	3.809325	0.486599	-0.447676	0.203064	0.870833	-0.282857	-0.956024	0.077518	0.848279	-0.211618	0.485428
59147	2.326865	-0.749046	7.579231	-1.560576	3.396593	0.327656	-0.477188	0.207273	0.854008	-0.294507	-0.953311	0.066815	0.827984	-0.219628	0.515952
59148	5.539662	-1.290716	9.742171	-1.703912	3.247906	0.192558	-0.504304	0.212748	0.836908	-0.307531	-0.949880	0.056155	0.806909	-0.229056	0.544455
59149	8.850332	-2.249006	10.989390	-1.808286	3.364952	0.157342	-0.531658	0.219148	0.818116	-0.321180	-0.945964	0.044674	0.783699	-0.239011	0.573315
59150	11.131189	-3.252085	11.078811	-1.702277	3.657414	0.146416	-0.560320	0.226675	0.796656	-0.333544	-0.942140	0.033475	0.758149	-0.246963	0.603506
59151	10.762219	-4.223930	10.480555	-1.384218	3.928158	0.114268	-0.590042	0.235398	0.772294	-0.343284	-0.938927	0.023915	0.730758	-0.251005	0.634815
59152	9.932246	-3.665704	10.334249	-1.046973	3.901276	0.050513	-0.618183	0.244747	0.746960	-0.350526	-0.936404	0.016725	0.703549	-0.251490	0.664659
59153	9.948321	-2.922750	10.505912	-0.907910	3.747257	-0.011525	-0.644080	0.254286	0.721457	-0.356973	-0.934055	0.010531	0.676559	-0.250758	0.692379
59154	10.671310	-2.275045	10.647025	-0.866368	3.617265	-0.066233	-0.667815	0.263972	0.695947	-0.363191	-0.931702	0.004884	0.649704	-0.249500	0.718077
59155	10.794612	-2.085384	10.428907	-0.901944	3.571320	-0.112151	-0.690179	0.273934	0.669785	-0.369807	-0.929108	-0.001073	0.622009	-0.248432	0.742554
59156	10.787823	-2.236729	10.410318	-0.981236	3.563858	-0.091703	-0.711481	0.283646	0.642915	-0.376450	-0.926403	-0.007881	0.593364	-0.247633	0.765897
59157	10.815841	-2.487098	10.485212	-1.035164	3.591192	0.001780	-0.732311	0.292547	0.614929	-0.382552	-0.923794	-0.016089	0.563360	-0.247025	0.788419
59158	10.388211	-2.569534	10.156601	-1.054436	3.615220	0.151632	-0.752689	0.300082	0.586012	-0.387241	-0.921628	-0.025439	0.532451	-0.246075	0.809903
59159	9.635405	-2.426168	9.679973	-1.053477	3.593787	0.334831	-0.772594	0.305872	0.556363	-0.390267	-0.919991	-0.036161	0.500789	-0.245068	0.830152
