// General information: 
//  MT Manager version: 2022.2.0 
//  XDA version: 2022.2.0 build 7381 rev 124627 built on 2023-07-19
// Device information: 
//  DeviceId: 00B4CAF0
//  ProductCode: MTW2-3A7G6
//  Firmware Version: 4.6.0
//  Hardware Version: 2.0.0
// Device settings: 
//  Filter Profile: human(46.1)
//  Option Flags: Orientation Smoother Disabled, Position/Velocity Smoother Disabled, Continuous Zero Rotation Update Disabled, AHS Disabled, ICC Disabled
// Coordinate system: ENU
PacketCounter	Acc_X	Acc_Y	Acc_Z	Gyr_X	Gyr_Y	Gyr_Z	Mat[1][1]	Mat[2][1]	Mat[3][1]	Mat[1][2]	Mat[2][2]	Mat[3][2]	Mat[1][3]	Mat[2][3]	Mat[3][3]
07164	6.259148	-0.407552	8.091461	-0.002662	-0.007923	0.004616	-0.647585	0.446385	0.617555	-0.592536	-0.804561	-0.039793	0.479098	-0.391692	0.785521
07165	6.278993	-0.458404	8.035603	-0.005367	-0.005953	0.006575	-0.647567	0.446334	0.617611	-0.592561	-0.804538	-0.039881	0.479091	-0.391797	0.785472
07166	6.303268	-0.381110	8.059320	0.006755	-0.007820	0.001694	-0.647515	0.446304	0.617687	-0.592551	-0.804546	-0.039849	0.479173	-0.391814	0.785414
07167	6.285031	-0.440023	8.019693	-0.001364	-0.005662	0.004175	-0.647431	0.446353	0.617739	-0.592670	-0.804457	-0.039889	0.479139	-0.391941	0.785371
07168	6.299154	-0.399413	8.073730	0.009530	-0.002635	-0.000603	-0.647391	0.446362	0.617775	-0.592662	-0.804466	-0.039821	0.479204	-0.391912	0.785346
07169	6.317520	-0.395350	8.044318	0.002817	-0.004708	0.000361	-0.647372	0.446326	0.617821	-0.592638	-0.804485	-0.039809	0.479260	-0.391915	0.785311
07170	6.279750	-0.403794	8.060304	0.007116	-0.002739	0.002263	-0.647348	0.446311	0.617857	-0.592623	-0.804497	-0.039778	0.479311	-0.391906	0.785284
07171	6.249932	-0.376775	8.003988	0.003937	-0.003112	0.001332	-0.647334	0.446285	0.617891	-0.592602	-0.804514	-0.039762	0.479356	-0.391902	0.785258
07172	6.285187	-0.384817	8.044889	0.003113	-0.003029	0.004664	-0.647322	0.446250	0.617928	-0.592590	-0.804521	-0.039777	0.479386	-0.391927	0.785228
07173	6.272272	-0.369663	8.058891	0.008058	-0.001806	0.004647	-0.647307	0.446243	0.617949	-0.592577	-0.804532	-0.039749	0.479422	-0.391912	0.785213
07174	6.273644	-0.423253	8.032585	0.001702	-0.002551	0.002786	-0.647287	0.446225	0.617983	-0.592585	-0.804526	-0.039763	0.479440	-0.391946	0.785185
07175	6.318710	-0.394219	8.043439	0.004589	-0.000105	0.002809	-0.647256	0.446257	0.617992	-0.592622	-0.804499	-0.039750	0.479435	-0.391964	0.785179
07176	6.357782	-0.439082	8.001212	0.003362	0.004790	0.002912	-0.647272	0.446266	0.617969	-0.592621	-0.804500	-0.039752	0.479416	-0.391952	0.785197
07177	6.344060	-0.423712	8.015861	0.007905	0.010823	-0.000333	-0.647257	0.446394	0.617892	-0.592696	-0.804447	-0.039693	0.479343	-0.391914	0.785260
07178	6.265160	-0.442083	8.006763	0.010140	0.010263	-0.001787	-0.647271	0.446463	0.617828	-0.592693	-0.804454	-0.039613	0.479328	-0.391823	0.785315
07179	6.269866	-0.367057	8.060882	0.014147	0.014306	-0.000794	-0.647334	0.446514	0.617725	-0.592626	-0.804508	-0.039505	0.479326	-0.391653	0.785401
07180	6.263849	-0.384621	8.076814	0.008081	0.011487	-0.001748	-0.647354	0.446587	0.617651	-0.592632	-0.804507	-0.039441	0.479291	-0.391572	0.785463
07181	6.243094	-0.388868	8.064444	0.012664	0.007629	-0.002332	-0.647344	0.446667	0.617604	-0.592636	-0.804510	-0.039333	0.479299	-0.391476	0.785505
07182	6.288742	-0.412705	8.049692	0.009130	0.005930	-0.000437	-0.647346	0.446708	0.617573	-0.592629	-0.804518	-0.039269	0.479307	-0.391412	0.785533
07183	6.280141	-0.378536	8.049127	0.008304	0.006014	0.002894	-0.647356	0.446748	0.617533	-0.592629	-0.804520	-0.039228	0.479293	-0.391362	0.785566
07184	6.246564	-0.368303	8.050626	0.006715	0.005828	0.002429	-0.647374	0.446765	0.617501	-0.592614	-0.804532	-0.039201	0.479286	-0.391318	0.785592
07185	6.259221	-0.382840	8.036885	0.007362	0.005080	0.000510	-0.647368	0.446813	0.617472	-0.592627	-0.804525	-0.039152	0.479278	-0.391276	0.785618
07186	6.299016	-0.371895	8.063074	0.006823	-0.000664	0.001357	-0.647349	0.446814	0.617492	-0.592619	-0.804533	-0.039117	0.479315	-0.391260	0.785604
07187	6.261019	-0.380452	8.079206	0.002642	-0.001616	0.005171	-0.647336	0.446805	0.617512	-0.592631	-0.804523	-0.039135	0.479317	-0.391290	0.785588
07188	6.229973	-0.369163	8.122389	0.000875	-0.002465	0.006119	-0.647336	0.446761	0.617544	-0.592621	-0.804528	-0.039176	0.479329	-0.391329	0.785560
07189	6.268890	-0.469795	8.011495	0.002637	-0.005371	0.001778	-0.647292	0.446756	0.617595	-0.592643	-0.804512	-0.039173	0.479362	-0.391370	0.785520
07190	6.281881	-0.375452	8.091529	0.002637	-0.005371	0.001778	-0.647252	0.446734	0.617651	-0.592653	-0.804505	-0.039174	0.479403	-0.391408	0.785476
07191	6.281527	-0.430767	8.022940	0.003936	-0.003111	0.001335	-0.647203	0.446761	0.617684	-0.592696	-0.804474	-0.039157	0.479417	-0.391441	0.785451
07192	6.267470	-0.361786	8.062983	0.002347	-0.003298	0.000869	-0.647168	0.446755	0.617725	-0.592712	-0.804462	-0.039155	0.479444	-0.391473	0.785419
07193	6.311965	-0.388217	8.005401	0.003289	-0.002363	0.003253	-0.647128	0.446775	0.617752	-0.592753	-0.804432	-0.039155	0.479446	-0.391513	0.785398
07194	6.267926	-0.361779	8.062629	0.001343	-0.003875	0.005614	-0.647118	0.446729	0.617795	-0.592744	-0.804437	-0.039189	0.479470	-0.391555	0.785362
07195	6.289383	-0.410490	8.049305	0.003110	-0.003026	0.004666	-0.647073	0.446754	0.617825	-0.592800	-0.804395	-0.039199	0.479463	-0.391611	0.785338
07196	6.301557	-0.371833	8.061091	-0.001009	-0.004333	0.001352	-0.647036	0.446740	0.617874	-0.592830	-0.804372	-0.039226	0.479477	-0.391675	0.785298
07197	6.294809	-0.392240	8.033852	0.000763	0.000272	0.003797	-0.647058	0.446698	0.617881	-0.592797	-0.804395	-0.039251	0.479487	-0.391676	0.785291
07198	6.295025	-0.392518	8.033669	0.000044	-0.006135	0.006058	-0.647040	0.446640	0.617942	-0.592792	-0.804397	-0.039299	0.479518	-0.391739	0.785241
07199	6.307120	-0.353937	8.045515	0.003941	0.000645	0.004727	-0.647055	0.446613	0.617945	-0.592763	-0.804417	-0.039304	0.479532	-0.391727	0.785238
07200	6.270257	-0.416480	8.035583	0.002642	-0.001615	0.005170	-0.647054	0.446579	0.617971	-0.592751	-0.804425	-0.039326	0.479550	-0.391749	0.785216
07201	6.270423	-0.416557	8.035449	0.003110	-0.003026	0.004666	-0.646987	0.446630	0.618005	-0.592840	-0.804359	-0.039334	0.479530	-0.391826	0.785190
07202	6.265623	-0.435022	8.050403	0.004877	-0.002177	0.003717	-0.646974	0.446606	0.618036	-0.592827	-0.804369	-0.039329	0.479564	-0.391833	0.785166
07203	6.284708	-0.375656	8.089324	0.005228	-0.004608	-0.002502	-0.646891	0.446661	0.618082	-0.592892	-0.804323	-0.039279	0.479594	-0.391865	0.785132
07204	6.201995	-0.412998	8.094383	0.002168	-0.003960	0.002283	-0.646861	0.446641	0.618128	-0.592901	-0.804316	-0.039286	0.479623	-0.391901	0.785095
07205	6.258701	-0.400631	8.048540	0.005450	-0.010079	0.002143	-0.646784	0.446633	0.618215	-0.592931	-0.804296	-0.039263	0.479691	-0.391953	0.785028
07206	6.279572	-0.394943	8.060882	0.006742	-0.011576	-0.001694	-0.646694	0.446615	0.618322	-0.592943	-0.804289	-0.039210	0.479798	-0.391986	0.784946
07207	6.301721	-0.442787	8.047051	0.007388	-0.012324	-0.003612	-0.646610	0.446589	0.618429	-0.592932	-0.804301	-0.039137	0.479925	-0.391993	0.784866
07208	6.303694	-0.495339	8.020399	0.014165	-0.006855	-0.008317	-0.646503	0.446643	0.618501	-0.592952	-0.804294	-0.038985	0.480044	-0.391946	0.784816
07209	6.366595	-0.282632	8.022834	0.024883	-0.000740	-0.008297	-0.646448	0.446697	0.618519	-0.592884	-0.804355	-0.038747	0.480201	-0.391758	0.784814
07210	6.336273	-0.378774	7.971539	0.006630	-0.008840	-0.004015	-0.646358	0.446709	0.618606	-0.592912	-0.804338	-0.038680	0.480289	-0.391780	0.784749
07211	6.272916	-0.300796	8.084216	0.014718	0.006403	-0.002385	-0.646323	0.446816	0.618565	-0.592943	-0.804321	-0.038556	0.480298	-0.391693	0.784787
07212	6.350169	-0.336481	8.025750	0.001225	-0.004894	-0.000099	-0.646274	0.446811	0.618619	-0.592971	-0.804300	-0.038556	0.480328	-0.391741	0.784745
07213	6.294075	-0.348565	8.071186	0.006182	0.003843	0.006662	-0.646326	0.446769	0.618596	-0.592904	-0.804349	-0.038556	0.480341	-0.391688	0.784763
07214	6.280201	-0.389409	8.017026	-0.004067	-0.003683	0.006140	-0.646320	0.446720	0.618638	-0.592918	-0.804335	-0.038637	0.480332	-0.391773	0.784726
07215	6.295358	-0.402954	8.045014	0.004587	-0.000101	0.002807	-0.646341	0.446675	0.618647	-0.592861	-0.804378	-0.038626	0.480373	-0.391738	0.784719
07216	6.296461	-0.456842	8.019002	-0.001292	0.001498	0.003836	-0.646347	0.446664	0.618650	-0.592877	-0.804364	-0.038670	0.480347	-0.391777	0.784715
07217	6.265160	-0.445281	8.062447	0.005886	0.002158	0.002361	-0.646381	0.446629	0.618640	-0.592812	-0.804413	-0.038647	0.480381	-0.391718	0.784724
07218	6.295046	-0.402644	8.045273	0.005411	-0.000189	-0.000525	-0.646352	0.446646	0.618657	-0.592823	-0.804406	-0.038612	0.480405	-0.391711	0.784712
07219	6.266929	-0.373938	8.031295	0.004765	0.000560	0.001393	-0.646374	0.446607	0.618662	-0.592766	-0.804450	-0.038591	0.480447	-0.391666	0.784709
07220	6.286998	-0.368348	8.044245	0.005700	-0.002261	0.000385	-0.646341	0.446610	0.618695	-0.592770	-0.804449	-0.038560	0.480487	-0.391666	0.784685
07221	6.292219	-0.349374	8.028954	0.006168	-0.003672	-0.000119	-0.646258	0.446677	0.618733	-0.592850	-0.804391	-0.038516	0.480500	-0.391707	0.784656
07222	6.325383	-0.358926	8.027789	0.001121	0.001598	0.000968	-0.646247	0.446690	0.618736	-0.592872	-0.804375	-0.038523	0.480487	-0.391727	0.784654
07223	6.282259	-0.386144	8.059214	0.003763	-0.000013	0.006138	-0.646235	0.446696	0.618743	-0.592894	-0.804358	-0.038538	0.480476	-0.391753	0.784648
07224	6.287344	-0.367703	8.044004	0.003109	-0.003022	0.004666	-0.646224	0.446661	0.618780	-0.592882	-0.804366	-0.038553	0.480506	-0.391778	0.784617
07225	6.288861	-0.421783	8.017670	-0.001544	-0.006317	0.005597	-0.646162	0.446666	0.618840	-0.592958	-0.804308	-0.038604	0.480495	-0.391891	0.784568
07226	6.284298	-0.440373	8.032464	0.004401	-0.004521	0.000830	-0.646121	0.446656	0.618891	-0.592965	-0.804303	-0.038585	0.480541	-0.391911	0.784529
07227	6.271659	-0.425088	8.046233	0.001692	-0.006305	-0.000602	-0.646036	0.446696	0.618951	-0.593045	-0.804245	-0.038574	0.480558	-0.391986	0.784482
07228	6.301994	-0.382655	8.028679	0.002523	-0.002635	-0.000544	-0.645995	0.446704	0.618987	-0.593070	-0.804227	-0.038561	0.480581	-0.392013	0.784454
07229	6.314116	-0.343782	8.040467	0.001699	-0.002547	0.002788	-0.645993	0.446668	0.619016	-0.593050	-0.804241	-0.038573	0.480609	-0.392025	0.784431
07230	6.314238	-0.343853	8.040368	-0.000178	-0.000661	0.001414	-0.645974	0.446668	0.619036	-0.593075	-0.804221	-0.038594	0.480603	-0.392065	0.784414
07231	6.314450	-0.343991	8.040196	0.000400	-0.004806	0.003234	-0.646000	0.446567	0.619081	-0.592993	-0.804281	-0.038619	0.480669	-0.392059	0.784377
07232	6.314767	-0.344385	8.039930	-0.002479	-0.003494	0.006605	-0.645998	0.446514	0.619122	-0.592996	-0.804275	-0.038690	0.480668	-0.392131	0.784341
07233	6.336218	-0.393753	8.026596	-0.005834	-0.004529	0.007091	-0.646005	0.446448	0.619163	-0.592999	-0.804268	-0.038788	0.480656	-0.392220	0.784304
07234	6.285179	-0.388143	8.056841	-0.002114	0.001587	0.007168	-0.646030	0.446411	0.619163	-0.592996	-0.804267	-0.038859	0.480625	-0.392266	0.784301
07235	6.308117	-0.366965	8.012523	-0.004059	0.000078	0.009531	-0.646089	0.446316	0.619170	-0.592943	-0.804301	-0.038958	0.480612	-0.392303	0.784290
07236	6.296133	-0.406423	8.000583	-0.000059	0.000363	0.007127	-0.646108	0.446274	0.619180	-0.592931	-0.804308	-0.039013	0.480601	-0.392337	0.784280
07237	6.268236	-0.447321	8.059943	-0.001835	-0.004243	0.004687	-0.646092	0.446242	0.619219	-0.592947	-0.804293	-0.039063	0.480602	-0.392403	0.784246
07238	6.274487	-0.482949	8.018641	0.000765	0.000275	0.003795	-0.646092	0.446227	0.619231	-0.592952	-0.804288	-0.039092	0.480597	-0.392431	0.784235
07239	6.285442	-0.390436	8.056525	0.002166	-0.003959	0.002283	-0.646034	0.446254	0.619271	-0.593013	-0.804243	-0.039094	0.480599	-0.392492	0.784203
07240	6.316764	-0.401898	8.013035	0.005054	-0.001513	0.002301	-0.646016	0.446244	0.619298	-0.593008	-0.804248	-0.039080	0.480630	-0.392494	0.784183
07241	6.287764	-0.388359	8.098465	0.003287	-0.002361	0.003251	-0.646017	0.446207	0.619323	-0.592979	-0.804269	-0.039082	0.480664	-0.392493	0.784163
07242	6.305015	-0.440468	8.000949	0.003941	0.000647	0.004723	-0.646024	0.446186	0.619331	-0.592964	-0.804280	-0.039091	0.480674	-0.392495	0.784156
07243	6.270742	-0.376778	8.028185	0.002531	0.001122	0.002845	-0.646007	0.446210	0.619332	-0.592996	-0.804256	-0.039095	0.480657	-0.392517	0.784155
07244	6.298870	-0.405033	8.042160	0.006285	-0.002650	0.005592	-0.646003	0.446169	0.619366	-0.592964	-0.804280	-0.039090	0.480702	-0.392514	0.784129
07245	6.336969	-0.396435	8.025871	0.001708	0.001211	0.006177	-0.646007	0.446164	0.619365	-0.592976	-0.804269	-0.039121	0.480682	-0.392541	0.784128
07246	6.265777	-0.395311	8.043296	0.002998	-0.000289	0.002341	-0.645995	0.446158	0.619382	-0.592980	-0.804266	-0.039123	0.480693	-0.392554	0.784115
07247	6.318813	-0.399843	8.055188	0.004120	0.001309	0.003309	-0.646051	0.446080	0.619379	-0.592880	-0.804340	-0.039120	0.480741	-0.392491	0.784117
07248	6.278801	-0.410122	8.029236	0.004874	-0.002175	0.003715	-0.646038	0.446056	0.619410	-0.592866	-0.804351	-0.039116	0.480775	-0.392497	0.784092
07249	6.285948	-0.389555	8.056173	0.007108	-0.002739	0.002261	-0.646029	0.446027	0.619440	-0.592828	-0.804380	-0.039082	0.480834	-0.392469	0.784070
07250	6.287388	-0.442986	8.029901	0.004865	-0.005933	0.000326	-0.645978	0.446015	0.619502	-0.592836	-0.804376	-0.039056	0.480893	-0.392493	0.784023
07251	6.273617	-0.373601	8.069747	0.007753	-0.003489	0.000343	-0.645929	0.446035	0.619539	-0.592852	-0.804366	-0.039004	0.480939	-0.392489	0.783997
07252	6.318131	-0.399821	8.012061	0.003455	-0.005459	-0.001552	-0.645869	0.446041	0.619597	-0.592879	-0.804348	-0.038978	0.480986	-0.392521	0.783951
07253	6.298580	-0.404429	7.998758	0.010274	-0.006124	-0.000202	-0.645854	0.445984	0.619654	-0.592800	-0.804410	-0.038905	0.481104	-0.392458	0.783910
07254	6.318894	-0.398714	8.011515	0.002055	-0.001225	-0.000040	-0.645823	0.445994	0.619679	-0.592824	-0.804392	-0.038899	0.481116	-0.392483	0.783891
07255	6.306095	-0.383463	8.025420	0.004219	-0.005183	0.002243	-0.645833	0.445913	0.619727	-0.592747	-0.804450	-0.038890	0.481197	-0.392457	0.783854
07256	6.318382	-0.344665	8.037078	0.001519	-0.003207	0.004201	-0.645818	0.445881	0.619765	-0.592746	-0.804449	-0.038914	0.481218	-0.392495	0.783822
07257	6.306661	-0.383579	8.024970	0.001519	-0.003207	0.004201	-0.645804	0.445857	0.619797	-0.592749	-0.804445	-0.038936	0.481233	-0.392529	0.783796
07258	6.261874	-0.412683	8.013988	-0.000069	-0.003393	0.003738	-0.645786	0.445828	0.619838	-0.592759	-0.804436	-0.038970	0.481246	-0.392581	0.783762
07259	6.328362	-0.432520	8.011439	0.001042	-0.005555	0.001317	-0.645739	0.445817	0.619893	-0.592785	-0.804417	-0.038976	0.481276	-0.392632	0.783718
07260	6.321473	-0.452494	7.984332	0.009241	0.003190	0.001869	-0.645741	0.445829	0.619883	-0.592762	-0.804437	-0.038926	0.481302	-0.392579	0.783728
07261	6.335353	-0.411294	8.038531	0.007464	-0.001417	-0.000569	-0.645720	0.445826	0.619907	-0.592739	-0.804456	-0.038871	0.481358	-0.392543	0.783712
07262	6.320173	-0.397332	8.010575	0.011951	0.004974	0.003298	-0.645739	0.445833	0.619882	-0.592694	-0.804492	-0.038808	0.481388	-0.392460	0.783735
07263	6.301896	-0.399979	8.040041	0.008764	0.000842	-0.001016	-0.645717	0.445863	0.619884	-0.592691	-0.804498	-0.038741	0.481422	-0.392415	0.783737
07264	6.311687	-0.362223	8.009927	0.011007	0.004037	0.000917	-0.645717	0.445885	0.619867	-0.592665	-0.804520	-0.038671	0.481453	-0.392344	0.783753
07265	6.301453	-0.398654	8.040454	0.004298	0.001971	0.001893	-0.645696	0.445925	0.619861	-0.592702	-0.804494	-0.038655	0.481437	-0.392352	0.783759
07266	6.291214	-0.366542	7.997363	0.007652	0.003004	0.001405	-0.645694	0.445940	0.619852	-0.592690	-0.804505	-0.038615	0.481454	-0.392313	0.783768
07267	6.301096	-0.398054	8.040764	0.002353	0.000464	0.004258	-0.645723	0.445891	0.619857	-0.592642	-0.804539	-0.038631	0.481474	-0.392298	0.783764
07268	6.323951	-0.376049	7.996517	0.007007	0.003755	0.003322	-0.645736	0.445894	0.619841	-0.592620	-0.804556	-0.038607	0.481482	-0.392261	0.783777
07269	6.262627	-0.406473	8.057370	0.001708	0.001215	0.006175	-0.645732	0.445904	0.619838	-0.592651	-0.804532	-0.038639	0.481451	-0.392298	0.783778
07270	6.306708	-0.433331	8.000005	0.002997	-0.000287	0.002340	-0.645720	0.445898	0.619855	-0.592655	-0.804529	-0.038640	0.481462	-0.392311	0.783765
07271	6.305619	-0.379277	8.025993	0.004764	0.000559	0.001389	-0.645676	0.445953	0.619861	-0.592713	-0.804487	-0.038617	0.481449	-0.392334	0.783761
07272	6.293551	-0.417795	8.014198	0.005707	0.001497	0.003770	-0.645681	0.445943	0.619863	-0.592695	-0.804501	-0.038606	0.481465	-0.392317	0.783759
07273	6.305458	-0.378813	8.026141	0.004585	-0.000101	0.002803	-0.645687	0.445918	0.619876	-0.592665	-0.804524	-0.038595	0.481495	-0.392298	0.783750
07274	6.312417	-0.358313	8.053203	0.003176	0.000373	0.000926	-0.645669	0.445926	0.619888	-0.592677	-0.804515	-0.038586	0.481503	-0.392307	0.783741
07275	6.287433	-0.381959	8.055378	0.002640	-0.001607	0.005169	-0.645646	0.445927	0.619911	-0.592703	-0.804495	-0.038603	0.481502	-0.392347	0.783722
07276	6.301633	-0.451026	8.015268	0.001230	-0.001134	0.003291	-0.645636	0.445910	0.619934	-0.592710	-0.804489	-0.038624	0.481508	-0.392378	0.783702
07277	6.320712	-0.391918	8.054087	0.004872	-0.002172	0.003714	-0.645631	0.445882	0.619959	-0.592686	-0.804508	-0.038617	0.481543	-0.392373	0.783683
07278	6.351839	-0.403405	8.010747	0.003354	0.001033	-0.000488	-0.645609	0.445904	0.619967	-0.592706	-0.804493	-0.038598	0.481548	-0.392377	0.783678
07279	6.305640	-0.378275	8.026023	0.002531	0.001125	0.002843	-0.645525	0.446023	0.619968	-0.592857	-0.804382	-0.038599	0.481475	-0.392469	0.783677
07280	6.318425	-0.393264	8.012154	0.004953	0.004981	0.003361	-0.645545	0.446030	0.619943	-0.592845	-0.804392	-0.038592	0.481464	-0.392443	0.783697
07281	6.305061	-0.378051	8.026489	0.003652	0.002723	0.003809	-0.645556	0.446035	0.619927	-0.592843	-0.804392	-0.038595	0.481450	-0.392435	0.783709
07282	6.297847	-0.398310	7.999641	0.003652	0.002723	0.003809	-0.645567	0.446030	0.619920	-0.592835	-0.804398	-0.038600	0.481446	-0.392429	0.783715
07283	6.322602	-0.374615	7.997651	0.004595	0.003661	0.006189	-0.645628	0.445973	0.619897	-0.592757	-0.804456	-0.038612	0.481460	-0.392377	0.783733
07284	6.324202	-0.372731	8.040146	0.001956	0.005268	0.001020	-0.645635	0.445999	0.619871	-0.592774	-0.804442	-0.038613	0.481429	-0.392373	0.783753
07285	6.283697	-0.383342	8.014578	-0.001100	0.005926	0.005805	-0.645682	0.445985	0.619832	-0.592765	-0.804447	-0.038666	0.481377	-0.392380	0.783782
07286	6.316523	-0.393548	8.013640	0.003581	-0.000668	0.007549	-0.645699	0.445936	0.619849	-0.592732	-0.804469	-0.038695	0.481394	-0.392390	0.783766
07287	6.293210	-0.415645	8.058225	0.000487	0.006112	0.006268	-0.645729	0.445949	0.619809	-0.592749	-0.804455	-0.038737	0.481334	-0.392404	0.783796
07288	6.262748	-0.389232	8.002311	0.006361	0.004507	0.005238	-0.645758	0.445939	0.619787	-0.592718	-0.804478	-0.038730	0.481334	-0.392369	0.783814
07289	6.323416	-0.427425	8.015617	0.001311	0.006020	0.002937	-0.645782	0.445953	0.619751	-0.592723	-0.804474	-0.038744	0.481295	-0.392361	0.783841
07290	6.294966	-0.399124	8.001868	0.004594	0.003661	0.006189	-0.645812	0.445932	0.619735	-0.592695	-0.804494	-0.038757	0.481290	-0.392344	0.783853
07291	6.319617	-0.375321	7.999977	0.005132	0.005640	0.001946	-0.645880	0.445882	0.619700	-0.592599	-0.804566	-0.038739	0.481316	-0.392254	0.783882
07292	6.301003	-0.378693	8.029645	0.001608	0.007711	0.007233	-0.645936	0.445868	0.619652	-0.592578	-0.804579	-0.038782	0.481267	-0.392243	0.783918
07293	6.320506	-0.373745	8.043005	0.003948	0.004414	0.008106	-0.646022	0.445783	0.619624	-0.592471	-0.804656	-0.038810	0.481283	-0.392182	0.783939
07294	6.287005	-0.364169	8.044430	-0.001101	0.005928	0.005804	-0.646060	0.445773	0.619591	-0.592473	-0.804652	-0.038865	0.481230	-0.392200	0.783962
07295	6.264420	-0.440160	8.063304	0.003661	0.006486	0.007194	-0.646131	0.445734	0.619545	-0.592411	-0.804697	-0.038890	0.481211	-0.392153	0.783997
07296	6.302199	-0.431913	8.047267	-0.000063	0.000373	0.007125	-0.646150	0.445693	0.619555	-0.592399	-0.804703	-0.038945	0.481200	-0.392188	0.783987
07297	6.306935	-0.413626	8.032320	0.004486	0.006392	0.003863	-0.646197	0.445681	0.619514	-0.592357	-0.804734	-0.038942	0.481188	-0.392138	0.784019
07298	6.286602	-0.418760	8.019600	0.002529	0.001125	0.002843	-0.646195	0.445677	0.619519	-0.592360	-0.804731	-0.038950	0.481187	-0.392148	0.784015
07299	6.317516	-0.430208	7.976486	0.007831	0.003661	-0.000009	-0.646144	0.445777	0.619501	-0.592439	-0.804676	-0.038894	0.481159	-0.392148	0.784032
07300	6.351085	-0.384042	8.043850	0.002899	0.006207	0.003399	-0.646169	0.445788	0.619466	-0.592437	-0.804677	-0.038903	0.481127	-0.392133	0.784059
07301	6.277364	-0.384357	8.019491	0.005967	0.009309	0.001999	-0.646273	0.445732	0.619399	-0.592311	-0.804771	-0.038880	0.481144	-0.392004	0.784113
07302	6.296761	-0.378968	8.032959	0.004305	0.005734	0.005277	-0.646307	0.445726	0.619367	-0.592290	-0.804786	-0.038890	0.481124	-0.391979	0.784138
07303	6.288362	-0.345217	8.032155	0.007004	0.003754	0.003322	-0.646316	0.445744	0.619345	-0.592282	-0.804793	-0.038863	0.481122	-0.391944	0.784157
07304	6.296014	-0.378705	8.033557	0.003945	0.004416	0.008105	-0.646361	0.445710	0.619322	-0.592244	-0.804820	-0.038893	0.481108	-0.391929	0.784173
07305	6.260501	-0.439543	8.066380	0.000770	0.004044	0.007178	-0.646400	0.445685	0.619300	-0.592226	-0.804830	-0.038938	0.481077	-0.391935	0.784189
07306	6.259279	-0.495383	7.998523	0.006824	0.003095	0.004736	-0.646419	0.445673	0.619289	-0.592196	-0.804853	-0.038925	0.481089	-0.391902	0.784198
07307	6.282981	-0.417247	8.022516	0.009778	0.005164	-0.002374	-0.646467	0.445643	0.619260	-0.592091	-0.804934	-0.038843	0.481154	-0.391769	0.784224
07308	6.297656	-0.429670	8.050943	0.008296	0.002248	-0.000511	-0.646450	0.445670	0.619258	-0.592088	-0.804939	-0.038786	0.481180	-0.391728	0.784229
07309	6.276456	-0.380278	8.064012	0.009703	0.001775	0.001367	-0.646416	0.445727	0.619253	-0.592119	-0.804920	-0.038725	0.481188	-0.391703	0.784236
07310	6.299396	-0.357722	8.019799	0.010063	0.003092	-0.001462	-0.646398	0.445765	0.619244	-0.592113	-0.804927	-0.038647	0.481219	-0.391644	0.784247
07311	6.307071	-0.390798	8.021216	0.003363	0.004796	0.002895	-0.646375	0.445837	0.619217	-0.592184	-0.804875	-0.038645	0.481163	-0.391669	0.784269
07312	6.301676	-0.409067	8.036680	0.005416	0.003569	0.002857	-0.646384	0.445842	0.619203	-0.592173	-0.804884	-0.038630	0.481163	-0.391646	0.784280
07313	6.293271	-0.375124	8.035873	0.006898	0.006485	0.000993	-0.646408	0.445867	0.619160	-0.592153	-0.804901	-0.038591	0.481156	-0.391583	0.784316
07314	6.267732	-0.398382	8.038470	0.006537	0.005168	0.003822	-0.646431	0.445870	0.619134	-0.592131	-0.804918	-0.038574	0.481153	-0.391543	0.784338
07315	6.300389	-0.407934	8.037746	0.007183	0.004414	0.001906	-0.646447	0.445882	0.619109	-0.592107	-0.804937	-0.038537	0.481160	-0.391491	0.784359
07316	6.262102	-0.415934	8.054151	0.006994	-0.000010	-0.000061	-0.646422	0.445897	0.619124	-0.592108	-0.804939	-0.038493	0.481193	-0.391471	0.784349
07317	6.313242	-0.422130	8.023913	0.006167	0.000086	0.003269	-0.646390	0.445932	0.619132	-0.592144	-0.804914	-0.038471	0.481193	-0.391482	0.784344
07318	6.320077	-0.401188	8.051057	0.010062	0.003092	-0.001462	-0.646371	0.445970	0.619124	-0.592138	-0.804921	-0.038393	0.481224	-0.391424	0.784354
07319	6.317749	-0.402309	8.009225	0.008664	0.007330	0.000041	-0.646366	0.446045	0.619076	-0.592164	-0.804905	-0.038333	0.481200	-0.391372	0.784395
07320	6.296217	-0.352975	8.022505	0.007363	0.005073	0.000491	-0.646368	0.446075	0.619052	-0.592159	-0.804911	-0.038289	0.481202	-0.391326	0.784416
07321	6.285548	-0.389242	8.053355	0.008198	0.008743	0.000542	-0.646410	0.446097	0.618992	-0.592118	-0.804944	-0.038237	0.481197	-0.391233	0.784466
07322	6.328075	-0.361888	8.022451	0.004663	0.007055	0.002443	-0.646434	0.446119	0.618951	-0.592113	-0.804948	-0.038226	0.481170	-0.391199	0.784499
07323	6.302319	-0.385284	8.025217	0.008310	0.009781	0.006251	-0.646494	0.446130	0.618881	-0.592072	-0.804979	-0.038207	0.481141	-0.391123	0.784555
07324	6.296605	-0.403330	8.040943	0.008302	0.006014	0.002870	-0.646515	0.446145	0.618848	-0.592047	-0.804999	-0.038170	0.481142	-0.391065	0.784583
07325	6.283068	-0.387934	8.055353	0.004301	0.005739	0.005272	-0.646573	0.446110	0.618812	-0.591987	-0.805043	-0.038178	0.481139	-0.391013	0.784611
07326	6.278500	-0.460171	8.045153	0.004662	0.007055	0.002443	-0.646597	0.446132	0.618771	-0.591982	-0.805047	-0.038167	0.481113	-0.390980	0.784643
07327	6.289983	-0.421031	8.057395	0.008301	0.006015	0.002870	-0.646639	0.446125	0.618733	-0.591925	-0.805091	-0.038128	0.481126	-0.390899	0.784676
07328	6.314632	-0.396970	8.055538	0.005594	0.004229	0.001442	-0.646644	0.446144	0.618714	-0.591922	-0.805094	-0.038104	0.481123	-0.390870	0.784691
07329	6.274216	-0.407028	8.029897	0.006714	0.005828	0.002406	-0.646671	0.446153	0.618679	-0.591894	-0.805116	-0.038074	0.481122	-0.390814	0.784721
07330	6.285669	-0.367786	8.042160	0.008015	0.008086	0.001955	-0.646697	0.446183	0.618630	-0.591876	-0.805131	-0.038033	0.481109	-0.390749	0.784761
07331	6.318044	-0.377289	8.041698	0.008773	0.008370	0.005749	-0.646742	0.446199	0.618572	-0.591845	-0.805156	-0.038008	0.481087	-0.390680	0.784808
07332	6.299251	-0.380167	8.071445	0.006429	0.007900	0.001491	-0.646764	0.446233	0.618525	-0.591838	-0.805162	-0.037977	0.481066	-0.390629	0.784847
07333	6.263955	-0.371867	8.030557	0.007102	0.001030	0.005650	-0.646774	0.446217	0.618525	-0.591811	-0.805182	-0.037964	0.481085	-0.390604	0.784847
07334	6.271606	-0.405318	8.032022	0.001489	0.006683	0.001513	-0.646791	0.446245	0.618487	-0.591828	-0.805170	-0.037972	0.481042	-0.390598	0.784877
07335	6.289484	-0.402193	8.003009	0.001981	-0.000844	0.007088	-0.646857	0.446130	0.618502	-0.591716	-0.805250	-0.038011	0.481091	-0.390565	0.784863
07336	6.279320	-0.439016	8.033425	0.004758	0.000559	0.001392	-0.646843	0.446135	0.618513	-0.591718	-0.805249	-0.037992	0.481107	-0.390560	0.784856
07337	6.261171	-0.442073	8.062654	0.002991	-0.000285	0.002343	-0.646838	0.446130	0.618522	-0.591717	-0.805250	-0.037992	0.481115	-0.390565	0.784849
07338	6.291328	-0.399654	8.045256	0.008578	0.000176	0.000406	-0.646816	0.446142	0.618536	-0.591707	-0.805260	-0.037938	0.481156	-0.390531	0.784840
07339	6.298311	-0.378621	8.072251	0.006053	-0.000953	-0.002437	-0.646754	0.446204	0.618556	-0.591763	-0.805222	-0.037882	0.481171	-0.390539	0.784827
07340	6.309592	-0.395023	8.016015	0.012034	-0.001522	0.002249	-0.646736	0.446194	0.618582	-0.591724	-0.805253	-0.037812	0.481244	-0.390484	0.784810
07341	6.283483	-0.364268	8.044028	0.001120	0.001600	0.000964	-0.646709	0.446239	0.618578	-0.591781	-0.805211	-0.037817	0.481210	-0.390519	0.784813
07342	6.316481	-0.373918	8.043083	0.008396	-0.000481	0.001820	-0.646693	0.446237	0.618596	-0.591762	-0.805227	-0.037773	0.481255	-0.390489	0.784801
07343	6.290430	-0.343310	8.071041	0.002809	-0.000942	0.003758	-0.646689	0.446216	0.618615	-0.591753	-0.805234	-0.037782	0.481271	-0.390500	0.784785
07344	6.309720	-0.394060	8.015962	0.003093	-0.003012	0.004673	-0.646678	0.446181	0.618652	-0.591741	-0.805241	-0.037797	0.481300	-0.390524	0.784755
07345	6.283734	-0.363838	8.043852	0.002162	-0.000185	0.005673	-0.646665	0.446186	0.618661	-0.591769	-0.805220	-0.037822	0.481282	-0.390563	0.784747
07346	6.302877	-0.414610	7.988884	0.002990	-0.000284	0.002343	-0.646654	0.446180	0.618678	-0.591774	-0.805216	-0.037824	0.481293	-0.390576	0.784734
07347	6.291549	-0.397420	8.045194	0.004583	0.003671	0.006184	-0.646680	0.446168	0.618659	-0.591753	-0.805231	-0.037833	0.481283	-0.390559	0.784748
07348	6.266438	-0.420797	8.047452	0.004751	-0.003211	-0.001986	-0.646628	0.446186	0.618700	-0.591776	-0.805216	-0.037794	0.481324	-0.390571	0.784718
07349	6.273443	-0.400039	8.074412	0.004292	0.001973	0.001891	-0.646621	0.446203	0.618695	-0.591786	-0.805209	-0.037780	0.481321	-0.390564	0.784722
07350	6.278592	-0.381273	8.059160	0.006155	-0.003681	-0.000107	-0.646579	0.446204	0.618739	-0.591791	-0.805208	-0.037742	0.481373	-0.390567	0.784689
07351	6.296893	-0.377564	8.029841	0.006809	-0.000668	0.001356	-0.646608	0.446140	0.618754	-0.591699	-0.805277	-0.037707	0.481446	-0.390497	0.784679
07352	6.240889	-0.388955	8.075083	0.004024	-0.005838	0.003675	-0.646578	0.446102	0.618814	-0.591689	-0.805284	-0.037708	0.481499	-0.390527	0.784632
07353	6.325564	-0.405361	8.043537	0.006439	-0.005752	0.000809	-0.646488	0.446155	0.618869	-0.591766	-0.805229	-0.037669	0.481525	-0.390578	0.784590
07354	6.317933	-0.371387	8.042060	0.004103	-0.002454	-0.000071	-0.646451	0.446161	0.618904	-0.591780	-0.805220	-0.037647	0.481557	-0.390592	0.784564
07355	6.357115	-0.416789	8.000065	0.000939	0.000943	0.002378	-0.646483	0.446113	0.618905	-0.591732	-0.805254	-0.037664	0.481574	-0.390575	0.784562
07356	6.333939	-0.370070	7.970848	0.002895	0.006213	0.003388	-0.646508	0.446124	0.618871	-0.591730	-0.805255	-0.037673	0.481542	-0.390560	0.784589
07357	6.272015	-0.400040	8.031967	0.005600	0.008000	0.004815	-0.646586	0.446087	0.618816	-0.591647	-0.805317	-0.037668	0.481539	-0.390476	0.784633
07358	6.291324	-0.394666	8.045506	0.002792	0.008941	0.001057	-0.646611	0.446127	0.618760	-0.591660	-0.805307	-0.037664	0.481489	-0.390450	0.784676
07359	6.272624	-0.397519	8.075172	0.007360	0.005073	0.000487	-0.646619	0.446157	0.618731	-0.591650	-0.805317	-0.037617	0.481492	-0.390396	0.784702
07360	6.262349	-0.365429	8.032105	0.008298	0.006016	0.002865	-0.646640	0.446171	0.618698	-0.591625	-0.805337	-0.037580	0.481493	-0.390338	0.784729
07361	6.271804	-0.396719	8.075849	0.003644	0.002730	0.003805	-0.646636	0.446194	0.618686	-0.591647	-0.805320	-0.037582	0.481472	-0.390346	0.784739
07362	6.259649	-0.435253	8.064207	0.005404	-0.000198	-0.000523	-0.646608	0.446211	0.618703	-0.591658	-0.805314	-0.037547	0.481496	-0.390339	0.784727
07363	6.271891	-0.396308	8.075802	0.000386	-0.004797	0.003248	-0.646566	0.446207	0.618750	-0.591697	-0.805285	-0.037572	0.481505	-0.390405	0.784689
07364	6.272169	-0.396177	8.075592	0.005688	-0.002268	0.000394	-0.646533	0.446209	0.618783	-0.591701	-0.805283	-0.037540	0.481545	-0.390405	0.784664
07365	6.298555	-0.426142	8.047429	0.002044	-0.004998	-0.003411	-0.646487	0.446207	0.618833	-0.591712	-0.805276	-0.037512	0.481593	-0.390422	0.784627
07366	6.316048	-0.368514	8.043673	0.006153	-0.003682	-0.000106	-0.646444	0.446208	0.618877	-0.591717	-0.805274	-0.037474	0.481644	-0.390425	0.784594
07367	6.321505	-0.349876	8.028162	0.001033	-0.005554	0.001334	-0.646417	0.446173	0.618930	-0.591711	-0.805278	-0.037483	0.481687	-0.390458	0.784551
07368	6.263600	-0.363480	8.031218	0.002989	-0.000283	0.002343	-0.646405	0.446167	0.618947	-0.591715	-0.805275	-0.037485	0.481698	-0.390471	0.784538
07369	6.278583	-0.376702	8.059382	0.001041	-0.001783	0.004710	-0.646422	0.446113	0.618968	-0.591680	-0.805300	-0.037515	0.481719	-0.390482	0.784520
07370	6.253913	-0.400588	8.061289	-0.000632	-0.009123	0.004617	-0.646381	0.446054	0.619053	-0.591687	-0.805292	-0.037559	0.481766	-0.390563	0.784450
07371	6.277416	-0.447462	8.090264	0.001498	-0.006967	0.000835	-0.646329	0.446038	0.619119	-0.591709	-0.805276	-0.037560	0.481809	-0.390615	0.784398
07372	6.293319	-0.392253	8.044063	0.001782	-0.009037	0.001751	-0.646271	0.446003	0.619205	-0.591723	-0.805266	-0.037568	0.481869	-0.390676	0.784330
07373	6.334882	-0.435731	8.043879	0.002618	-0.005367	0.001797	-0.646187	0.446049	0.619260	-0.591811	-0.805201	-0.037564	0.481874	-0.390758	0.784287
07374	6.286475	-0.358679	8.041942	-0.001855	-0.007996	0.001323	-0.646132	0.446021	0.619338	-0.591845	-0.805174	-0.037597	0.481906	-0.390845	0.784224
07375	6.358101	-0.360047	8.024351	0.007738	-0.003495	0.000356	-0.646064	0.446062	0.619378	-0.591890	-0.805144	-0.037545	0.481942	-0.390860	0.784194
07376	6.292256	-0.339831	8.026180	0.001688	-0.002540	0.002795	-0.646044	0.446044	0.619413	-0.591897	-0.805138	-0.037559	0.481959	-0.390894	0.784167
07377	6.320380	-0.368361	8.040276	-0.000545	-0.001969	0.004246	-0.646068	0.445975	0.619437	-0.591852	-0.805170	-0.037599	0.481984	-0.390906	0.784145
07378	6.318668	-0.370758	7.997921	0.000678	-0.003095	0.007540	-0.646073	0.445917	0.619474	-0.591833	-0.805181	-0.037651	0.481999	-0.390951	0.784114
07379	6.313709	-0.389685	8.013034	-0.000434	-0.000923	0.009953	-0.646094	0.445866	0.619489	-0.591824	-0.805184	-0.037724	0.481983	-0.391001	0.784098
07380	6.296649	-0.447213	8.016461	0.000283	-0.002070	0.000916	-0.646065	0.445865	0.619520	-0.591850	-0.805164	-0.037738	0.481990	-0.391044	0.784073
07381	6.323641	-0.421486	8.056399	0.004292	0.001973	0.001888	-0.646074	0.445859	0.619515	-0.591832	-0.805178	-0.037724	0.482000	-0.391021	0.784078
07382	6.326689	-0.405150	7.999078	0.001696	0.001232	0.006170	-0.646092	0.445828	0.619518	-0.591817	-0.805187	-0.037760	0.481994	-0.391038	0.784074
07383	6.280383	-0.379873	8.014255	0.007180	0.004415	0.001898	-0.646044	0.445932	0.619493	-0.591907	-0.805123	-0.037721	0.481947	-0.391052	0.784095
07384	6.317978	-0.371120	7.998450	0.005785	0.008656	0.003395	-0.646081	0.445953	0.619439	-0.591891	-0.805135	-0.037707	0.481917	-0.391002	0.784139
07385	6.297491	-0.376140	7.985857	0.005230	0.002917	0.004266	-0.646086	0.445965	0.619426	-0.591893	-0.805134	-0.037700	0.481908	-0.390992	0.784149
07386	6.298957	-0.374052	8.028387	0.003835	0.007158	0.005762	-0.646130	0.445961	0.619383	-0.591871	-0.805150	-0.037716	0.481876	-0.390965	0.784182
07387	6.298540	-0.374240	8.028705	0.001230	0.002646	0.006669	-0.646204	0.445869	0.619371	-0.591775	-0.805218	-0.037758	0.481894	-0.390928	0.784190
07388	6.326034	-0.402929	8.043289	0.001603	0.007730	0.007212	-0.646260	0.445855	0.619323	-0.591755	-0.805231	-0.037800	0.481845	-0.390916	0.784225
07389	6.292496	-0.393298	8.044656	0.000765	0.004061	0.007167	-0.646261	0.445885	0.619301	-0.591805	-0.805192	-0.037845	0.481782	-0.390963	0.784241
07390	6.300090	-0.427133	8.046174	0.002997	0.003489	0.005716	-0.646287	0.445867	0.619287	-0.591788	-0.805204	-0.037868	0.481768	-0.390959	0.784251
07391	6.271743	-0.398764	8.032243	0.004482	0.006400	0.003848	-0.646292	0.445912	0.619249	-0.591818	-0.805182	-0.037863	0.481724	-0.390953	0.784282
07392	6.327609	-0.387082	7.987128	0.003826	0.003386	0.002387	-0.646298	0.445921	0.619236	-0.591818	-0.805182	-0.037858	0.481717	-0.390943	0.784291
07393	6.290930	-0.393226	8.045884	0.006067	0.006587	0.004311	-0.646343	0.445912	0.619195	-0.591773	-0.805216	-0.037845	0.481710	-0.390884	0.784324
07394	6.278575	-0.431866	8.034395	0.002988	-0.000284	0.002342	-0.646331	0.445906	0.619212	-0.591777	-0.805212	-0.037847	0.481721	-0.390897	0.784311
07395	6.297469	-0.372372	8.073199	0.007179	0.004414	0.001898	-0.646345	0.445919	0.619189	-0.591756	-0.805230	-0.037811	0.481729	-0.390848	0.784331
07396	6.315373	-0.368971	8.044182	0.002523	0.001131	0.002841	-0.646343	0.445914	0.619194	-0.591760	-0.805227	-0.037819	0.481728	-0.390858	0.784327
07397	6.306348	-0.391366	7.975181	0.005229	0.002917	0.004266	-0.646342	0.445936	0.619179	-0.591773	-0.805218	-0.037812	0.481712	-0.390853	0.784339
07398	6.294778	-0.373910	8.031671	0.004664	0.007056	0.002431	-0.646366	0.445958	0.619138	-0.591768	-0.805221	-0.037801	0.481686	-0.390820	0.784372
07399	6.304101	-0.405380	8.075513	0.001593	0.003959	0.003837	-0.646367	0.445989	0.619116	-0.591804	-0.805194	-0.037820	0.481641	-0.390841	0.784389
07400	6.313971	-0.368610	8.045299	0.006349	0.004517	0.005227	-0.646395	0.445978	0.619094	-0.591774	-0.805217	-0.037813	0.481641	-0.390805	0.784406
07401	6.308463	-0.387030	8.060853	0.000946	0.004718	0.005750	-0.646425	0.445971	0.619067	-0.591770	-0.805218	-0.037849	0.481604	-0.390812	0.784425
07402	6.276066	-0.431203	8.036391	0.003460	0.002076	0.005218	-0.646442	0.445951	0.619064	-0.591753	-0.805230	-0.037865	0.481603	-0.390811	0.784427
07403	6.295792	-0.425976	8.049599	0.004763	0.004331	0.004764	-0.646457	0.445961	0.619041	-0.591750	-0.805232	-0.037865	0.481585	-0.390796	0.784445
07404	6.293625	-0.428020	8.007647	0.000655	0.003015	0.001459	-0.646456	0.445975	0.619032	-0.591771	-0.805215	-0.037879	0.481561	-0.390813	0.784452
07405	6.267346	-0.397246	8.035750	0.006888	0.002710	-0.002392	-0.646475	0.445962	0.619022	-0.591713	-0.805261	-0.037821	0.481608	-0.390733	0.784463
07406	6.338165	-0.398449	8.018882	0.007468	0.006118	0.006188	-0.646517	0.445950	0.618987	-0.591670	-0.805293	-0.037811	0.481604	-0.390682	0.784491
07407	6.302741	-0.390109	7.978094	0.007079	0.007139	-0.000435	-0.646532	0.445993	0.618940	-0.591665	-0.805299	-0.037762	0.481590	-0.390619	0.784530
07408	6.322213	-0.384360	7.991531	0.008298	0.006014	0.002859	-0.646553	0.446008	0.618907	-0.591640	-0.805319	-0.037725	0.481592	-0.390562	0.784558
07409	6.305364	-0.385013	8.063374	0.006248	0.007243	0.002893	-0.646595	0.446016	0.618857	-0.591606	-0.805345	-0.037703	0.481577	-0.390499	0.784598
07410	6.290002	-0.371616	8.035518	0.006347	0.004519	0.005227	-0.646624	0.446006	0.618835	-0.591575	-0.805368	-0.037697	0.481577	-0.390463	0.784616
07411	6.276576	-0.356203	8.049780	0.004945	0.004988	0.003347	-0.646612	0.446064	0.618805	-0.591623	-0.805334	-0.037686	0.481534	-0.390467	0.784640
07412	6.272088	-0.428616	8.039635	0.000289	0.001705	0.004290	-0.646621	0.446050	0.618805	-0.591627	-0.805329	-0.037720	0.481517	-0.390493	0.784638
07413	6.265100	-0.449004	8.012713	0.008023	-0.001795	0.004652	-0.646558	0.446108	0.618830	-0.591696	-0.805279	-0.037692	0.481516	-0.390529	0.784620
07414	6.291935	-0.423129	8.052764	0.003360	0.004802	0.002883	-0.646574	0.446118	0.618806	-0.591695	-0.805280	-0.037694	0.481497	-0.390517	0.784639
07415	6.315081	-0.401340	8.008438	0.004465	-0.001148	-0.002899	-0.646530	0.446149	0.618830	-0.591721	-0.805263	-0.037649	0.481524	-0.390516	0.784623
07416	6.321958	-0.380309	8.035475	0.007825	0.003654	-0.000015	-0.646523	0.446178	0.618816	-0.591717	-0.805268	-0.037598	0.481538	-0.390472	0.784636
07417	6.321639	-0.379815	8.035750	0.005592	0.004228	0.001434	-0.646545	0.446181	0.618791	-0.591690	-0.805289	-0.037573	0.481542	-0.390425	0.784656
07418	6.296103	-0.403055	8.038348	0.005127	0.005643	0.001931	-0.646559	0.446202	0.618762	-0.591687	-0.805293	-0.037555	0.481527	-0.390395	0.784681
07419	6.274727	-0.353991	8.051319	0.003542	0.005457	0.001467	-0.646571	0.446231	0.618728	-0.591696	-0.805286	-0.037545	0.481499	-0.390375	0.784708
07420	6.262170	-0.392550	8.040015	0.005127	0.005643	0.001931	-0.646585	0.446252	0.618698	-0.591693	-0.805289	-0.037527	0.481484	-0.390344	0.784732
07421	6.281952	-0.386909	8.053202	0.008388	-0.000484	0.001822	-0.646522	0.446326	0.618711	-0.591764	-0.805239	-0.037479	0.481482	-0.390362	0.784724
07422	6.312967	-0.398716	8.010236	0.003359	0.004803	0.002882	-0.646537	0.446336	0.618687	-0.591763	-0.805240	-0.037481	0.481462	-0.390349	0.784743
07423	6.299624	-0.383219	8.024423	0.006057	0.002814	0.000936	-0.646546	0.446345	0.618672	-0.591745	-0.805255	-0.037450	0.481473	-0.390309	0.784757
07424	6.286258	-0.367668	8.038629	0.003542	0.005457	0.001466	-0.646556	0.446369	0.618644	-0.591753	-0.805250	-0.037442	0.481450	-0.390292	0.784779
07425	6.324054	-0.359125	8.022737	0.005408	0.003574	0.002849	-0.646581	0.446359	0.618625	-0.591719	-0.805275	-0.037426	0.481458	-0.390251	0.784794
07426	6.298568	-0.382702	8.025277	0.000942	0.004723	0.005747	-0.646613	0.446346	0.618601	-0.591712	-0.805279	-0.037465	0.481424	-0.390259	0.784811
07427	6.292959	-0.401130	8.040906	0.004478	0.006404	0.003843	-0.646602	0.446413	0.618564	-0.591769	-0.805237	-0.037459	0.481368	-0.390268	0.784841
07428	6.305583	-0.416237	8.027308	0.003823	0.003388	0.002385	-0.646608	0.446421	0.618552	-0.591769	-0.805237	-0.037455	0.481360	-0.390258	0.784851
07429	6.292239	-0.400733	8.041489	0.005591	0.004229	0.001433	-0.646617	0.446440	0.618529	-0.591762	-0.805244	-0.037429	0.481357	-0.390224	0.784870
