// General information: 
//  MT Manager version: 2022.2.0 
//  XDA version: 2022.2.0 build 7381 rev 124627 built on 2023-07-19
// Device information: 
//  DeviceId: 00B4CBA7
//  ProductCode: MTW2-3A7G6
//  Firmware Version: 4.6.0
//  Hardware Version: 2.0.0
// Device settings: 
//  Filter Profile: human(46.1)
//  Option Flags: Orientation Smoother Disabled, Position/Velocity Smoother Disabled, Continuous Zero Rotation Update Disabled, AHS Disabled, ICC Disabled
// Coordinate system: ENU
PacketCounter	Acc_X	Acc_Y	Acc_Z	Gyr_X	Gyr_Y	Gyr_Z	Mat[1][1]	Mat[2][1]	Mat[3][1]	Mat[1][2]	Mat[2][2]	Mat[3][2]	Mat[1][3]	Mat[2][3]	Mat[3][3]
16519	9.668527	-0.879743	-1.331948	0.054555	0.042835	-0.043480	-0.128597	-0.027200	0.991324	-0.853612	0.511858	-0.096688	-0.504787	-0.858640	-0.089041
16520	9.703119	-0.764990	-1.221641	0.017113	0.060499	-0.046819	-0.127873	-0.026936	0.991425	-0.853750	0.511717	-0.096213	-0.504738	-0.858731	-0.088432
16521	9.645481	-0.776087	-1.111893	-0.012922	0.078140	-0.041189	-0.127087	-0.026497	0.991538	-0.853741	0.511819	-0.095747	-0.504951	-0.858685	-0.087667
16522	9.623774	-0.884212	-1.006839	-0.051495	0.084702	-0.039528	-0.126290	-0.025984	0.991653	-0.853525	0.512267	-0.095276	-0.505515	-0.858433	-0.086873
16523	9.657374	-1.011752	-0.733694	-0.095584	0.095961	-0.042822	-0.125399	-0.025402	0.991781	-0.853099	0.513078	-0.094723	-0.506455	-0.857966	-0.086010
16524	9.815676	-0.680131	-0.362676	-0.209786	0.155900	-0.041924	-0.124222	-0.024292	0.991957	-0.852067	0.514907	-0.094094	-0.508479	-0.856902	-0.084661
16525	9.444115	-0.273505	0.056417	-0.427259	0.168861	-0.019322	-0.123155	-0.022969	0.992122	-0.849914	0.518560	-0.093497	-0.512327	-0.854733	-0.083385
16526	9.449245	-0.957723	-0.620682	-0.522081	0.113001	-0.012997	-0.122475	-0.022090	0.992226	-0.847128	0.523202	-0.092917	-0.517082	-0.851922	-0.082792
16527	9.707522	-1.369534	-0.685985	-0.230674	0.072696	-0.027559	-0.121824	-0.021638	0.992316	-0.845970	0.525162	-0.092407	-0.519127	-0.850727	-0.082282
16528	9.702133	-0.768703	-0.014944	-0.165766	0.056012	-0.018782	-0.121335	-0.021286	0.992383	-0.845306	0.526291	-0.092064	-0.520322	-0.850038	-0.081851
16529	9.676494	-0.919907	-0.671533	-0.182021	0.020452	-0.021246	-0.121009	-0.021247	0.992424	-0.844387	0.527834	-0.091658	-0.521888	-0.849082	-0.081813
16530	9.718197	-0.920312	-0.752635	-0.050600	0.006897	-0.020176	-0.120840	-0.021327	0.992443	-0.844076	0.528374	-0.091420	-0.522431	-0.848744	-0.081850
16531	9.666542	-0.795176	-0.762110	-0.032396	-0.005261	-0.018972	-0.120667	-0.021494	0.992460	-0.843933	0.528646	-0.091159	-0.522701	-0.848570	-0.081930
16532	9.680881	-0.949681	-0.991622	-0.036341	-0.009817	-0.015378	-0.120640	-0.021701	0.992459	-0.843727	0.529004	-0.090993	-0.523040	-0.848342	-0.082129
16533	9.597830	-1.239789	-1.126569	-0.017332	-0.008694	-0.024911	-0.120435	-0.021929	0.992479	-0.843670	0.529147	-0.090686	-0.523179	-0.848247	-0.082229
16534	9.561792	-1.470284	-1.246957	0.033026	-0.011920	-0.022749	-0.120311	-0.022174	0.992489	-0.843838	0.528916	-0.090474	-0.522937	-0.848384	-0.082345
16535	9.609279	-1.301959	-1.097338	0.128034	-0.009424	-0.026436	-0.120097	-0.022416	0.992509	-0.844542	0.527826	-0.090272	-0.521848	-0.849057	-0.082321
16536	9.631789	-0.857627	-0.809904	0.134591	-0.011525	-0.017584	-0.120017	-0.022628	0.992514	-0.845193	0.526796	-0.090192	-0.520811	-0.849691	-0.082350
16537	9.718828	-0.578282	-0.630402	0.094677	-0.005820	-0.014516	-0.119885	-0.022776	0.992526	-0.845707	0.525990	-0.090081	-0.520007	-0.850186	-0.082320
16538	9.705596	-0.450837	-0.488879	0.042302	-0.008731	-0.008611	-0.119798	-0.022899	0.992534	-0.845991	0.525548	-0.089985	-0.519564	-0.850456	-0.082331
16539	9.676320	-0.404925	-0.499079	-0.027551	-0.007892	-0.008787	-0.119724	-0.023034	0.992540	-0.845863	0.525782	-0.089830	-0.519791	-0.850307	-0.082433
16540	9.671412	-0.551429	-0.621067	-0.103738	-0.007232	-0.000816	-0.119779	-0.023134	0.992531	-0.845329	0.526655	-0.089739	-0.520646	-0.849764	-0.082638
16541	9.627886	-0.977611	-0.825454	-0.135849	-0.009227	0.001586	-0.119801	-0.023227	0.992526	-0.844623	0.527811	-0.089597	-0.521785	-0.849044	-0.082850
16542	9.687094	-1.342746	-0.995627	-0.064416	-0.012966	-0.001285	-0.119868	-0.023365	0.992515	-0.844192	0.528514	-0.089513	-0.522467	-0.848603	-0.083077
16543	9.706135	-1.298434	-0.908557	0.025557	-0.012771	-0.004699	-0.119856	-0.023521	0.992513	-0.844335	0.528298	-0.089442	-0.522239	-0.848733	-0.083179
16544	9.668779	-1.309576	-0.781418	0.073434	-0.017161	-0.002390	-0.119956	-0.023713	0.992496	-0.844677	0.527744	-0.089481	-0.521662	-0.849072	-0.083337
16545	9.559907	-1.487586	-0.852158	0.112625	-0.021453	-0.003928	-0.119996	-0.023939	0.992486	-0.845272	0.526789	-0.089491	-0.520688	-0.849659	-0.083447
16546	9.680010	-1.184760	-0.847205	0.266520	-0.025839	-0.011772	-0.120048	-0.024248	0.992472	-0.846650	0.524554	-0.089594	-0.518433	-0.851032	-0.083501
16547	9.743711	-0.168203	-0.419895	0.231965	-0.024220	-0.008505	-0.120062	-0.024521	0.992464	-0.847864	0.522579	-0.089658	-0.516442	-0.852238	-0.083532
16548	9.623009	0.188497	-0.176900	-0.039156	-0.018745	0.008516	-0.120199	-0.024641	0.992444	-0.847609	0.522989	-0.089672	-0.516827	-0.851983	-0.083749
16549	9.584768	-0.562363	-0.604892	-0.244490	-0.032697	0.033835	-0.120616	-0.024765	0.992390	-0.846306	0.525081	-0.089757	-0.518862	-0.850692	-0.084292
16550	9.643602	-0.877696	-0.836890	-0.110935	-0.038168	0.040625	-0.121094	-0.024874	0.992329	-0.845722	0.525976	-0.090019	-0.519702	-0.850136	-0.084729
16551	9.693198	-0.199264	-0.383608	-0.073443	-0.044517	0.052597	-0.121731	-0.024998	0.992248	-0.845280	0.526615	-0.090433	-0.520273	-0.849736	-0.085235
16552	9.859239	-0.002940	-0.444007	-0.204188	-0.043812	0.072277	-0.122535	-0.025002	0.992149	-0.844203	0.528252	-0.090951	-0.521830	-0.848720	-0.085836
16553	9.800535	-0.362379	-0.961407	-0.225378	-0.044179	0.084816	-0.123442	-0.024950	0.992038	-0.842924	0.530186	-0.091553	-0.523680	-0.847514	-0.086478
16554	9.772182	-0.690448	-1.165568	-0.105237	-0.043484	0.087557	-0.124396	-0.024874	0.991921	-0.842289	0.531062	-0.092313	-0.524475	-0.846968	-0.087012
16555	9.766424	-0.738473	-1.156489	0.019255	-0.046671	0.092853	-0.125383	-0.024798	0.991798	-0.842278	0.530924	-0.093206	-0.524258	-0.847057	-0.087456
16556	9.762598	-0.711392	-1.097309	0.100385	-0.041032	0.100902	-0.126458	-0.024642	0.991666	-0.842684	0.530088	-0.094288	-0.523346	-0.847585	-0.087799
16557	9.765609	-0.737560	-1.053451	0.168991	-0.032949	0.112087	-0.127536	-0.024350	0.991535	-0.843429	0.528684	-0.095502	-0.521883	-0.848469	-0.087964
16558	9.850481	-0.910583	-0.881037	0.201347	-0.030644	0.124589	-0.128724	-0.023969	0.991391	-0.844308	0.527027	-0.096885	-0.520167	-0.849511	-0.088078
16559	9.808284	-1.035884	-0.911482	0.210821	-0.016337	0.127850	-0.129850	-0.023458	0.991256	-0.845242	0.525267	-0.098293	-0.518368	-0.850614	-0.088033
16560	9.790152	-0.994776	-1.096753	0.220014	-0.007666	0.137861	-0.131056	-0.022832	0.991112	-0.846257	0.523335	-0.099846	-0.516404	-0.851821	-0.087908
16561	9.816673	-0.932402	-0.741458	0.155257	0.009025	0.140503	-0.132159	-0.022043	0.990983	-0.846877	0.522046	-0.101329	-0.515105	-0.852633	-0.087661
16562	9.936183	-0.723861	-1.039335	0.009819	0.058309	0.146893	-0.133057	-0.020795	0.990890	-0.846832	0.521839	-0.102761	-0.514949	-0.852790	-0.087044
16563	9.708329	-0.288315	-0.570770	-0.123016	0.093720	0.172279	-0.133992	-0.019119	0.990798	-0.845972	0.522924	-0.104316	-0.516118	-0.852165	-0.086242
16564	9.629373	-0.778248	-1.031894	-0.256962	0.070511	0.186940	-0.135098	-0.017532	0.990677	-0.844522	0.524950	-0.105877	-0.518199	-0.850953	-0.085726
16565	9.707065	-0.995173	-1.094451	-0.030011	0.049460	0.196769	-0.136464	-0.016100	0.990514	-0.844104	0.525240	-0.107755	-0.518523	-0.850802	-0.085266
16566	9.674827	-0.426584	-0.295187	0.049859	0.036985	0.201810	-0.137922	-0.014741	0.990333	-0.844193	0.524681	-0.109759	-0.517992	-0.851171	-0.084809
16567	9.710475	-0.315302	-0.332360	-0.038818	0.017832	0.220055	-0.139647	-0.013457	0.990110	-0.843692	0.525044	-0.111860	-0.518346	-0.850968	-0.084674
16568	9.601521	-0.350693	-0.327455	-0.008639	-0.012114	0.230143	-0.141625	-0.012370	0.989843	-0.843314	0.525170	-0.114097	-0.518425	-0.850907	-0.084809
16569	9.630510	-0.273540	0.132336	0.044288	-0.056479	0.246867	-0.143960	-0.011577	0.989516	-0.843196	0.524824	-0.116532	-0.517973	-0.851132	-0.085315
16570	9.679153	-0.086849	0.569649	-0.024432	-0.085277	0.267786	-0.146637	-0.010908	0.989130	-0.842578	0.525236	-0.119119	-0.518227	-0.850887	-0.086210
16571	9.645173	-0.723584	0.402167	-0.124813	-0.121104	0.284268	-0.149620	-0.010466	0.988688	-0.841515	0.526330	-0.121776	-0.519101	-0.850216	-0.087557
16572	9.529789	-0.902318	0.172161	-0.022044	-0.158622	0.294695	-0.152856	-0.010279	0.988195	-0.841108	0.526312	-0.124629	-0.518818	-0.850229	-0.089096
16573	9.480809	-0.714720	0.148321	0.057605	-0.200761	0.302356	-0.156400	-0.010418	0.987639	-0.840945	0.525855	-0.127623	-0.518026	-0.850510	-0.091005
16574	9.465585	-0.489404	0.411441	0.043883	-0.243215	0.312758	-0.160229	-0.010850	0.987020	-0.840734	0.525435	-0.130706	-0.517197	-0.850764	-0.093311
16575	9.460863	-0.627276	0.507265	-0.006213	-0.295842	0.335246	-0.164537	-0.011627	0.986302	-0.840164	0.525527	-0.133963	-0.516771	-0.850697	-0.096237
16576	9.473387	-1.119208	0.846267	-0.019355	-0.368832	0.347059	-0.169318	-0.012951	0.985476	-0.839517	0.525691	-0.137332	-0.516277	-0.850577	-0.099881
16577	9.468801	-1.948807	1.076490	0.042744	-0.448792	0.358719	-0.174604	-0.014905	0.984526	-0.839128	0.525378	-0.140864	-0.515149	-0.850738	-0.104241
16578	9.453082	-2.234920	1.289091	0.203937	-0.541589	0.357537	-0.180285	-0.017624	0.983457	-0.839631	0.523573	-0.144536	-0.512364	-0.851799	-0.109190
16579	9.447499	-1.821293	1.579743	0.364794	-0.641767	0.362155	-0.186563	-0.021227	0.982214	-0.840836	0.520533	-0.148460	-0.508124	-0.853577	-0.114961
16580	9.581135	-1.042737	1.826788	0.421962	-0.735829	0.370617	-0.193264	-0.025555	0.980814	-0.842370	0.516867	-0.152517	-0.503053	-0.855684	-0.121419
16581	9.615743	-0.424395	2.149751	0.326748	-0.826621	0.380661	-0.200573	-0.030694	0.979198	-0.843265	0.514176	-0.156612	-0.498673	-0.857135	-0.129013
16582	9.844063	0.018090	2.490978	-0.074037	-0.884329	0.388526	-0.208139	-0.036202	0.977429	-0.842079	0.515001	-0.160242	-0.497576	-0.856425	-0.137676
16583	9.908063	0.096119	1.741714	-0.451571	-0.893789	0.404373	-0.215954	-0.041775	0.975509	-0.838979	0.519020	-0.163503	-0.499479	-0.853741	-0.147133
16584	9.892919	-0.396661	0.898832	-0.633833	-1.002149	0.411020	-0.224301	-0.048099	0.973332	-0.834911	0.524603	-0.166478	-0.502605	-0.849987	-0.157827
16585	10.454754	-1.373462	-0.408093	-0.529919	-1.114179	0.395958	-0.233171	-0.055486	0.970851	-0.831347	0.529302	-0.169415	-0.504474	-0.846617	-0.169546
16586	10.853003	-1.163545	0.078324	-0.344960	-1.154905	0.368508	-0.241898	-0.063208	0.968241	-0.828778	0.532391	-0.172301	-0.504591	-0.844136	-0.181170
16587	10.504208	-1.825118	-1.081681	-0.400699	-1.196894	0.354127	-0.250831	-0.071424	0.965392	-0.825893	0.536004	-0.174930	-0.504960	-0.841189	-0.193435
16588	10.757550	-2.105923	-1.605801	-0.292011	-1.207342	0.347585	-0.259757	-0.079614	0.962387	-0.823451	0.538849	-0.177681	-0.504436	-0.838632	-0.205528
16589	11.047954	-2.423361	-1.789742	-0.215340	-1.178811	0.379609	-0.268779	-0.087460	0.959223	-0.821374	0.540968	-0.180829	-0.503094	-0.836483	-0.217238
16590	11.250228	-1.969462	-1.959839	-0.053414	-1.160551	0.399913	-0.277673	-0.094952	0.955972	-0.820192	0.541539	-0.184446	-0.500183	-0.835296	-0.228249
16591	11.047208	-0.988220	-0.943515	-0.225999	-1.117173	0.378843	-0.286318	-0.102237	0.952665	-0.818007	0.543795	-0.187489	-0.498886	-0.832968	-0.239328
16592	10.421474	-1.579358	-2.209036	-0.453418	-1.126685	0.323524	-0.294531	-0.109778	0.949316	-0.814813	0.547898	-0.189442	-0.499332	-0.829311	-0.250821
16593	10.353678	-1.332594	-1.935540	-0.321417	-1.091098	0.280414	-0.302218	-0.117292	0.945995	-0.812385	0.550873	-0.191232	-0.498693	-0.826306	-0.261770
16594	9.965340	-1.390973	-2.031753	-0.526638	-1.070297	0.230941	-0.309414	-0.124644	0.942723	-0.808863	0.555768	-0.191997	-0.500004	-0.821940	-0.272782
16595	9.947103	-2.248816	-2.827867	-0.444205	-1.027159	0.181977	-0.315983	-0.132075	0.939527	-0.806085	0.559640	-0.192431	-0.500381	-0.818144	-0.283300
16596	9.894753	-1.789948	-2.216137	-0.169322	-0.896157	0.130251	-0.321451	-0.138585	0.936730	-0.804816	0.561215	-0.193153	-0.498939	-0.815985	-0.291939
16597	9.661811	-2.076662	-2.295887	-0.304350	-0.769028	0.075752	-0.325858	-0.144446	0.934319	-0.803067	0.563797	-0.192918	-0.498899	-0.813184	-0.299718
16598	9.713191	-3.025759	-2.769589	-0.087630	-0.592974	-0.009165	-0.328753	-0.149151	0.932564	-0.802523	0.564680	-0.192597	-0.497874	-0.811721	-0.305337
16599	9.630588	-2.991919	-1.946427	0.082022	-0.336943	-0.117130	-0.329448	-0.152570	0.931765	-0.803330	0.563832	-0.191714	-0.496109	-0.811675	-0.308317
16600	9.308754	-3.219672	-2.310951	0.175074	-0.084595	-0.204916	-0.328167	-0.154315	0.931930	-0.804863	0.562107	-0.190345	-0.494472	-0.812540	-0.308668
16601	9.181859	-3.420106	-2.582215	0.378640	0.166931	-0.282561	-0.325027	-0.154563	0.932989	-0.807667	0.558584	-0.188832	-0.491966	-0.814920	-0.306390
16602	9.184143	-3.360127	-2.463533	0.647006	0.414341	-0.348189	-0.320113	-0.153042	0.934936	-0.811993	0.552716	-0.187543	-0.488052	-0.819197	-0.301201
16603	9.272059	-3.018821	-2.265397	0.814008	0.661506	-0.404083	-0.313569	-0.149845	0.937668	-0.817241	0.545408	-0.186137	-0.483519	-0.824668	-0.293483
16604	9.312419	-2.640818	-2.100406	0.910174	0.903506	-0.449325	-0.305457	-0.144748	0.941140	-0.823075	0.537118	-0.184529	-0.478793	-0.830995	-0.283205
16605	9.421177	-2.358017	-2.075600	0.896727	1.131365	-0.480560	-0.296055	-0.137892	0.945165	-0.828809	0.528953	-0.182438	-0.474791	-0.837373	-0.270885
16606	9.466199	-2.262965	-2.077190	0.882858	1.341023	-0.505627	-0.285436	-0.129213	0.949647	-0.834510	0.520772	-0.179971	-0.471295	-0.843860	-0.256477
16607	9.374599	-2.172071	-1.740323	0.860811	1.538637	-0.509374	-0.273902	-0.118832	0.954388	-0.839991	0.512844	-0.177216	-0.468393	-0.850218	-0.240287
16608	9.342281	-2.152145	-1.481710	0.765003	1.695832	-0.523641	-0.261496	-0.106963	0.959259	-0.845016	0.505651	-0.173970	-0.466442	-0.856082	-0.222611
16609	9.254051	-2.251001	-1.418820	0.670883	1.832592	-0.529473	-0.248431	-0.093906	0.964087	-0.849503	0.499354	-0.170265	-0.465432	-0.861294	-0.203828
16610	9.168948	-2.456423	-1.533010	0.583159	1.934836	-0.541643	-0.234748	-0.079818	0.968774	-0.853580	0.493756	-0.166153	-0.465076	-0.865930	-0.184039
16611	9.026446	-2.740193	-1.701008	0.652156	1.997835	-0.566044	-0.220581	-0.065267	0.973182	-0.857908	0.487680	-0.161747	-0.464045	-0.870579	-0.163566
16612	8.986540	-2.498868	-1.458889	0.790496	2.051109	-0.592080	-0.205925	-0.050159	0.977281	-0.862897	0.480318	-0.157171	-0.461523	-0.875659	-0.142191
16613	9.053776	-1.969987	-1.160650	0.787320	2.089302	-0.604677	-0.191036	-0.034715	0.980969	-0.867730	0.473147	-0.152240	-0.458858	-0.880299	-0.120511
16614	9.108456	-1.805505	-1.105893	0.660852	2.131196	-0.601267	-0.175987	-0.018667	0.984216	-0.871923	0.467040	-0.147050	-0.456923	-0.884039	-0.098469
16615	9.080593	-2.039550	-1.386567	0.576944	2.167196	-0.593470	-0.160872	-0.002249	0.986973	-0.875563	0.461868	-0.141660	-0.455533	-0.886946	-0.076271
16616	9.048623	-2.133256	-1.378484	0.611652	2.190447	-0.585866	-0.145713	0.014596	0.989219	-0.879302	0.456358	-0.136256	-0.453427	-0.889677	-0.053663
16617	9.083393	-2.062805	-1.285249	0.679342	2.193261	-0.577438	-0.130669	0.031504	0.990925	-0.883177	0.450439	-0.130782	-0.450472	-0.892251	-0.031035
16618	9.054033	-1.809046	-0.876839	0.691320	2.182053	-0.576503	-0.115718	0.048494	0.992098	-0.887055	0.444368	-0.125186	-0.446927	-0.894531	-0.008404
16619	9.010724	-2.184027	-0.730047	0.565394	2.145279	-0.579805	-0.100964	0.065120	0.992757	-0.890207	0.439638	-0.119373	-0.444227	-0.895811	0.013583
16620	8.852635	-2.898367	-1.277006	0.634714	2.081792	-0.600398	-0.086354	0.081231	0.992947	-0.893651	0.434240	-0.113243	-0.440376	-0.897127	0.035094
16621	8.784033	-2.507806	-1.085549	0.997588	2.002673	-0.629346	-0.071926	0.096502	0.992731	-0.898509	0.425840	-0.106495	-0.433021	-0.899638	0.056079
16622	9.157380	-1.005868	-0.138153	1.170142	1.887304	-0.622989	-0.058183	0.110961	0.992120	-0.904004	0.415779	-0.099517	-0.423545	-0.902671	0.076118
16623	9.141168	0.390151	0.808859	0.863225	1.764399	-0.584666	-0.045431	0.124477	0.991182	-0.907937	0.408673	-0.092938	-0.416638	-0.904153	0.094451
16624	9.368946	0.277466	0.482579	0.351610	1.608600	-0.509292	-0.034078	0.137018	0.989982	-0.909677	0.405993	-0.087505	-0.413916	-0.903546	0.110807
16625	9.181566	-0.221893	0.147003	0.200427	1.451127	-0.427208	-0.024151	0.148375	0.988636	-0.910631	0.404799	-0.082998	-0.412513	-0.902288	0.125339
16626	9.250709	-0.486765	0.107733	0.074517	1.263805	-0.337878	-0.015819	0.158479	0.987236	-0.911062	0.404524	-0.079536	-0.411966	-0.900691	0.137985
16627	9.284718	-0.879639	-0.445244	0.133910	1.043252	-0.227141	-0.009414	0.166938	0.985922	-0.911643	0.403695	-0.077059	-0.410876	-0.899534	0.148388
16628	8.807381	-0.302208	0.040191	0.438414	0.803922	-0.107553	-0.005111	0.173812	0.984766	-0.913511	0.399783	-0.075304	-0.406781	-0.899979	0.156736
16629	8.254035	1.060408	1.376975	0.300311	0.534472	0.004409	-0.002942	0.178627	0.983912	-0.914729	0.397079	-0.074824	-0.404056	-0.900234	0.162228
16630	7.667046	2.683814	2.955463	-0.716665	0.319093	0.104292	-0.002562	0.181977	0.983300	-0.911862	0.403210	-0.076997	-0.410488	-0.896831	0.164905
16631	5.916823	1.917619	1.673580	-2.140981	-0.057659	0.189973	-0.004485	0.182232	0.983245	-0.902860	0.421979	-0.082327	-0.429911	-0.888102	0.162638
16632	6.045828	-2.293345	-3.260093	-2.518949	-0.665128	0.158797	-0.008806	0.177106	0.984152	-0.891790	0.443839	-0.087852	-0.452364	-0.878431	0.154033
16633	7.024638	-3.616270	-3.456718	-1.184158	-1.048329	0.132884	-0.014742	0.168497	0.985592	-0.886357	0.453996	-0.090873	-0.462767	-0.874926	0.142655
16634	7.720712	-2.525024	0.256532	-0.925670	-1.279073	0.135168	-0.021877	0.157977	0.987200	-0.882061	0.461776	-0.093443	-0.470627	-0.872815	0.129243
16635	10.942250	-3.823192	0.363715	-0.514886	-1.200945	0.100990	-0.028402	0.147951	0.988587	-0.879603	0.466119	-0.095030	-0.474859	-0.872263	0.116900
16636	12.009838	-0.778451	4.471272	-0.267612	-0.719958	0.141269	-0.033038	0.142371	0.989262	-0.878336	0.468159	-0.096709	-0.476901	-0.872099	0.109582
16637	10.692906	0.225280	5.326162	-1.452355	-0.436127	0.128296	-0.036226	0.139173	0.989605	-0.871277	0.480604	-0.099484	-0.489454	-0.865824	0.103848
16638	9.923860	-1.278120	3.788807	-2.258521	-0.221500	0.073260	-0.037930	0.137676	0.989751	-0.860028	0.499848	-0.102489	-0.508835	-0.855101	0.099446
16639	8.161439	-2.552274	-0.387062	-2.303487	-0.143904	0.082965	-0.039344	0.136858	0.989809	-0.848051	0.519304	-0.105512	-0.528452	-0.843560	0.095631
16640	9.219609	-3.954399	-0.867996	-1.372966	-0.470848	0.008528	-0.041903	0.132997	0.990230	-0.840784	0.530719	-0.106860	-0.539746	-0.837048	0.089583
16641	11.862943	-3.342426	-1.358742	-0.570355	-0.656229	-0.030200	-0.045166	0.127331	0.990831	-0.837710	0.535530	-0.107007	-0.544245	-0.834862	0.082479
16642	12.594263	-1.732157	0.325736	-0.117314	-0.769352	-0.041982	-0.048978	0.120725	0.991477	-0.837152	0.536467	-0.106676	-0.544773	-0.835242	0.074790
16643	11.647675	-1.037335	0.476214	-0.319651	-0.861479	-0.054694	-0.053183	0.113219	0.992146	-0.835439	0.539203	-0.106314	-0.547005	-0.834531	0.065911
16644	10.677459	-0.613816	-0.249414	-0.414320	-0.902776	-0.044979	-0.057727	0.105489	0.992743	-0.833243	0.542630	-0.106112	-0.549886	-0.833322	0.056574
16645	10.092371	-0.303633	-1.360547	-0.511875	-0.888396	-0.070176	-0.062004	0.097693	0.993283	-0.830465	0.546964	-0.105636	-0.553610	-0.831436	0.047216
16646	9.815571	-0.091619	-2.735596	-0.505460	-0.833094	-0.103902	-0.065734	0.090239	0.993748	-0.827773	0.551187	-0.104807	-0.557199	-0.829488	0.038466
16647	9.888676	-0.030548	-3.495898	-0.513513	-0.761094	-0.140190	-0.068791	0.083139	0.994161	-0.825001	0.555564	-0.103546	-0.560929	-0.827307	0.030372
16648	10.019626	-0.605261	-4.135791	-0.554959	-0.661202	-0.158233	-0.071179	0.076803	0.994502	-0.822003	0.560256	-0.102100	-0.565017	-0.824751	0.023253
16649	9.873676	-1.578037	-3.708351	-0.501040	-0.604981	-0.169097	-0.073181	0.070849	0.994799	-0.819290	0.564508	-0.100474	-0.568690	-0.822382	0.016735
16650	9.997771	-2.669406	-2.954540	-0.381038	-0.545900	-0.174294	-0.074835	0.065376	0.995051	-0.817268	0.567731	-0.098765	-0.571378	-0.820614	0.010944
16651	9.686926	-2.814116	-1.467594	-0.169285	-0.473124	-0.184547	-0.075994	0.060426	0.995276	-0.816444	0.569236	-0.096899	-0.572402	-0.819951	0.006076
16652	9.351750	-2.234058	-0.065680	-0.061254	-0.437253	-0.189491	-0.076920	0.055752	0.995477	-0.816227	0.569870	-0.094985	-0.572588	-0.819841	0.001672
16653	9.137809	-2.243017	0.998144	-0.174866	-0.441475	-0.208927	-0.077706	0.050921	0.995675	-0.815391	0.571414	-0.092860	-0.573671	-0.819080	-0.002881
16654	9.346452	-3.136738	0.644425	-0.043100	-0.469399	-0.236588	-0.078442	0.045718	0.995870	-0.815326	0.571890	-0.090475	-0.573664	-0.819056	-0.007585
16655	9.553292	-2.321040	0.836583	0.297040	-0.526566	-0.256189	-0.079324	0.039918	0.996049	-0.817233	0.569563	-0.087909	-0.570822	-0.820978	-0.012558
16656	9.793560	-0.294619	1.274288	0.384289	-0.607315	-0.258854	-0.080635	0.033454	0.996182	-0.819631	0.566496	-0.085369	-0.567189	-0.823385	-0.018260
16657	9.828334	0.187021	0.232364	0.217736	-0.674716	-0.256940	-0.082307	0.026420	0.996257	-0.821078	0.564777	-0.082812	-0.564851	-0.824820	-0.024792
16658	9.816658	0.751757	-0.523604	0.261881	-0.673074	-0.242497	-0.084074	0.019504	0.996269	-0.822774	0.562646	-0.080448	-0.562116	-0.826468	-0.031257
16659	9.644176	1.129075	-1.260756	0.109252	-0.644944	-0.228976	-0.085770	0.012864	0.996232	-0.823587	0.561778	-0.078160	-0.560667	-0.827188	-0.037589
16660	9.644587	0.062262	-2.042724	-0.042389	-0.612409	-0.223270	-0.087328	0.006551	0.996158	-0.823572	0.562112	-0.075895	-0.560449	-0.827035	-0.043693
16661	9.370085	-1.386571	-2.369605	0.091691	-0.557434	-0.237249	-0.088454	0.000586	0.996080	-0.824299	0.561359	-0.073530	-0.559202	-0.827572	-0.049171
16662	9.424360	-1.534527	-1.468471	0.329947	-0.511834	-0.265164	-0.089083	-0.005137	0.996011	-0.826373	0.558625	-0.071029	-0.556032	-0.829404	-0.054009
16663	9.653849	-1.200887	-0.640628	0.343565	-0.484805	-0.263976	-0.089546	-0.010653	0.995926	-0.828520	0.555748	-0.068550	-0.552754	-0.831282	-0.058592
16664	9.735103	-0.800071	0.138127	0.272768	-0.488556	-0.245277	-0.090174	-0.016081	0.995796	-0.830250	0.553440	-0.066246	-0.550048	-0.832734	-0.063257
16665	9.728093	-0.532271	0.587765	0.156673	-0.531976	-0.225662	-0.091181	-0.021780	0.995596	-0.831321	0.552088	-0.064058	-0.548262	-0.833501	-0.068446
16666	9.827331	-0.131614	0.732449	0.077759	-0.576187	-0.204218	-0.092609	-0.027711	0.995317	-0.831925	0.551408	-0.062054	-0.547106	-0.833775	-0.074119
16667	9.744557	0.372610	0.587078	-0.044694	-0.620173	-0.184243	-0.094429	-0.033916	0.994954	-0.831858	0.551720	-0.060142	-0.546896	-0.833340	-0.080312
16668	9.676158	0.291338	0.239725	-0.178583	-0.664340	-0.165872	-0.096647	-0.040354	0.994500	-0.831045	0.553140	-0.058317	-0.547745	-0.832110	-0.086995
16669	9.337793	-1.006570	-0.473394	-0.173015	-0.724265	-0.155239	-0.099287	-0.047255	0.993936	-0.830254	0.554506	-0.056573	-0.548470	-0.830837	-0.094289
16670	9.590716	-1.390941	-1.278395	0.329520	-0.776260	-0.159835	-0.102163	-0.054583	0.993269	-0.832231	0.551667	-0.055283	-0.544936	-0.832277	-0.101785
16671	10.202941	0.275466	-1.020681	0.691544	-0.783120	-0.145426	-0.105151	-0.061931	0.992526	-0.836133	0.545809	-0.054525	-0.538353	-0.835618	-0.109175
16672	10.227820	1.067450	-1.287172	0.392077	-0.760930	-0.125683	-0.108141	-0.068966	0.991741	-0.838373	0.542446	-0.053696	-0.534262	-0.837255	-0.116480
16673	9.878095	0.305628	-3.097643	0.204573	-0.690812	-0.116158	-0.110808	-0.075400	0.990978	-0.839597	0.540642	-0.052746	-0.531787	-0.837867	-0.123213
16674	9.782739	-0.051596	-4.174720	0.251234	-0.593917	-0.111168	-0.112988	-0.080968	0.990292	-0.841039	0.538476	-0.051932	-0.529044	-0.838742	-0.128938
16675	9.968430	-0.185477	-4.533538	0.350381	-0.482886	-0.087223	-0.114759	-0.085508	0.989706	-0.842993	0.535455	-0.051485	-0.525541	-0.840224	-0.133531
16676	10.125897	-0.273298	-4.161989	0.351579	-0.375731	-0.055626	-0.116224	-0.088968	0.989230	-0.844886	0.532474	-0.051376	-0.522168	-0.841758	-0.137054
16677	10.245767	-0.726058	-3.681801	0.290310	-0.279826	-0.033459	-0.117357	-0.091522	0.988864	-0.846444	0.529991	-0.051403	-0.519384	-0.843050	-0.139666
16678	10.134606	-1.220191	-2.752295	0.301976	-0.198911	-0.009840	-0.118275	-0.093261	0.988592	-0.847989	0.527487	-0.051691	-0.516649	-0.844428	-0.141473
16679	9.889847	-1.418400	-1.985556	0.305429	-0.164070	-0.008667	-0.119006	-0.094712	0.988366	-0.849580	0.524891	-0.051997	-0.513859	-0.845884	-0.142930
16680	9.634592	-1.427683	-1.749356	0.437953	-0.160370	-0.008678	-0.119725	-0.096127	0.988142	-0.851805	0.521222	-0.052501	-0.509994	-0.847990	-0.144285
16681	9.592339	-0.500271	-0.543731	0.595524	-0.155572	-0.013302	-0.120360	-0.097536	0.987927	-0.854849	0.516143	-0.053189	-0.504724	-0.850931	-0.145501
16682	9.644544	1.263946	0.828200	0.340432	-0.148819	0.012465	-0.121187	-0.098748	0.987706	-0.856519	0.513307	-0.053772	-0.501686	-0.852505	-0.146786
16683	9.359102	1.406681	0.873792	-0.082078	-0.215835	0.060953	-0.122752	-0.100292	0.987357	-0.856040	0.514059	-0.054210	-0.502123	-0.851871	-0.148956
16684	9.143312	0.597474	0.394760	-0.054034	-0.323100	0.093957	-0.125147	-0.102564	0.986823	-0.855625	0.514663	-0.055018	-0.502238	-0.851236	-0.152165
16685	9.173433	0.887658	1.140909	0.081435	-0.398766	0.120858	-0.128141	-0.105354	0.986144	-0.855888	0.514088	-0.056293	-0.501034	-0.851243	-0.156047
16686	9.370445	1.056073	0.474282	-0.082796	-0.477077	0.133542	-0.131640	-0.108724	0.985317	-0.855275	0.514980	-0.057442	-0.501174	-0.850279	-0.160781
16687	9.543672	0.433653	-0.917768	-0.194631	-0.499987	0.147553	-0.135369	-0.112228	0.984419	-0.854109	0.516789	-0.058534	-0.502168	-0.848725	-0.165812
16688	9.278194	-0.562507	-2.219002	-0.191819	-0.520357	0.149615	-0.139226	-0.115861	0.983459	-0.852918	0.518627	-0.059646	-0.503138	-0.847114	-0.171026
16689	9.414699	-1.182534	-3.255854	-0.010400	-0.515289	0.158778	-0.143130	-0.119418	0.982473	-0.852649	0.518893	-0.061146	-0.502497	-0.846457	-0.176091
16690	9.715182	-0.880877	-3.580487	0.024939	-0.457377	0.159047	-0.146753	-0.122458	0.981564	-0.852505	0.518944	-0.062714	-0.501697	-0.845991	-0.180553
16691	9.588062	-1.366847	-4.312890	-0.053028	-0.399825	0.158761	-0.150071	-0.125033	0.980737	-0.852011	0.519580	-0.064133	-0.501553	-0.845224	-0.184503
16692	9.375663	-2.213137	-4.429114	0.121725	-0.361330	0.147237	-0.153106	-0.127326	0.979973	-0.852365	0.518796	-0.065763	-0.500033	-0.845363	-0.187959
16693	9.604538	-2.081841	-3.706183	0.443833	-0.327165	0.137690	-0.155869	-0.129401	0.979265	-0.854370	0.515208	-0.067909	-0.495738	-0.847240	-0.190861
16694	9.739613	-1.029052	-1.934075	0.552232	-0.308941	0.139743	-0.158566	-0.131310	0.978578	-0.856829	0.510786	-0.070298	-0.490613	-0.849621	-0.193504
16695	9.640703	-1.203963	-1.102834	0.356355	-0.322534	0.136890	-0.161275	-0.133373	0.977856	-0.858361	0.507928	-0.072289	-0.487039	-0.851012	-0.196398
16696	9.435053	-1.611777	-0.835647	0.512295	-0.368030	0.140938	-0.164245	-0.135801	0.977027	-0.860579	0.503817	-0.074642	-0.482107	-0.853069	-0.199617
16697	9.395703	-0.473030	-0.041111	0.823736	-0.437892	0.160891	-0.167686	-0.138756	0.976027	-0.864260	0.496988	-0.077830	-0.474274	-0.856592	-0.203259
16698	9.100018	0.884463	1.362896	0.849543	-0.531515	0.191361	-0.171815	-0.142372	0.974787	-0.867903	0.490018	-0.081406	-0.466073	-0.860008	-0.207758
16699	9.099597	0.965002	1.742055	0.634207	-0.652747	0.234840	-0.176835	-0.146865	0.973222	-0.870438	0.484887	-0.084987	-0.459421	-0.862158	-0.213581
16700	9.193153	0.266346	1.140348	0.637848	-0.765997	0.272714	-0.182680	-0.152142	0.971329	-0.872816	0.479868	-0.088989	-0.452571	-0.864048	-0.220454
16701	9.519982	1.110669	1.255038	0.792026	-0.855819	0.308357	-0.189171	-0.158093	0.969134	-0.875803	0.473483	-0.093714	-0.444053	-0.866499	-0.228028
16702	9.373717	1.709874	1.408975	0.429173	-0.916626	0.364215	-0.196374	-0.164296	0.966667	-0.876975	0.470395	-0.098204	-0.438580	-0.867027	-0.236457
16703	9.315145	0.591003	-0.251665	0.064547	-0.988111	0.402329	-0.204181	-0.170979	0.963886	-0.876462	0.470499	-0.102202	-0.436033	-0.865677	-0.245924
16704	9.206416	-0.448326	-1.471908	0.064109	-1.030376	0.431097	-0.212401	-0.177829	0.960865	-0.875820	0.470745	-0.106480	-0.433387	-0.864162	-0.255733
16705	9.073323	-1.034595	-2.320763	0.169611	-1.065591	0.449688	-0.220896	-0.184932	0.957604	-0.875589	0.470085	-0.111194	-0.429592	-0.863030	-0.265764
16706	9.282769	-0.729738	-2.633845	0.436684	-1.105523	0.465482	-0.229654	-0.192254	0.954095	-0.876379	0.467246	-0.116796	-0.423343	-0.862971	-0.275793
16707	9.887857	0.563458	-1.630695	0.616968	-1.130994	0.487197	-0.238629	-0.199768	0.950342	-0.877837	0.462863	-0.123126	-0.415281	-0.863627	-0.285816
16708	10.514264	1.619280	-0.606963	0.495621	-1.170389	0.523353	-0.248009	-0.207423	0.946291	-0.878582	0.459698	-0.129500	-0.408147	-0.863512	-0.296248
16709	10.693751	1.234560	-0.215363	0.189163	-1.213715	0.548619	-0.257712	-0.215388	0.941909	-0.877976	0.459214	-0.135210	-0.403415	-0.861818	-0.307450
16710	11.054450	0.302141	-0.706485	0.298767	-1.311069	0.576887	-0.267993	-0.223983	0.937023	-0.877628	0.457972	-0.141534	-0.397429	-0.860287	-0.319306
16711	12.630508	1.337660	1.098168	0.703754	-1.436433	0.585242	-0.278728	-0.233688	0.931505	-0.878803	0.453243	-0.149252	-0.387320	-0.860210	-0.331697
16712	13.483960	2.369785	3.467936	0.187865	-1.529434	0.642695	-0.290214	-0.243851	0.925371	-0.877674	0.453218	-0.155825	-0.381397	-0.857397	-0.345552
16713	13.584641	0.405461	2.819008	-0.216224	-1.704998	0.703032	-0.302810	-0.255241	0.918237	-0.874783	0.456807	-0.161502	-0.378235	-0.852162	-0.361606
16714	14.479498	-1.800316	3.637908	-0.262847	-1.897221	0.796272	-0.316859	-0.267616	0.909935	-0.871313	0.461153	-0.167783	-0.374718	-0.846002	-0.379298
16715	14.739357	-2.880355	2.915575	0.202678	-2.044227	0.875061	-0.332009	-0.280840	0.900500	-0.869241	0.461827	-0.176453	-0.366320	-0.841335	-0.397448
16716	14.299857	-0.525438	5.347864	0.231432	-2.129523	0.991418	-0.348264	-0.294012	0.890095	-0.866704	0.462743	-0.186261	-0.357122	-0.836317	-0.415978
16717	13.791512	-0.632063	2.726314	-0.344557	-2.310616	1.152528	-0.366374	-0.307884	0.878053	-0.861381	0.469062	-0.194944	-0.351841	-0.827761	-0.437057
16718	13.892396	-1.055633	2.051708	-0.251535	-2.432103	1.271133	-0.385710	-0.321766	0.864694	-0.855719	0.475143	-0.204899	-0.344924	-0.818967	-0.458608
16719	14.060645	-0.206272	2.500817	-0.494588	-2.508547	1.322410	-0.405522	-0.335855	0.850149	-0.848814	0.483498	-0.213878	-0.339213	-0.808351	-0.481147
16720	14.235911	-0.035730	1.008678	-1.142637	-2.536420	1.343540	-0.425420	-0.349405	0.834826	-0.839336	0.497290	-0.219584	-0.338427	-0.794115	-0.504825
16721	13.933956	1.113040	-0.266637	-1.928375	-2.469630	1.311199	-0.444731	-0.362155	0.819181	-0.827074	0.517072	-0.220421	-0.343749	-0.775551	-0.529487
16722	13.513523	2.601154	-2.469451	-2.733225	-2.393309	1.177005	-0.462745	-0.373961	0.803754	-0.812098	0.542392	-0.215191	-0.355477	-0.752306	-0.554682
16723	12.281602	1.902707	-8.293652	-3.113589	-2.351076	1.027705	-0.479494	-0.385648	0.788265	-0.795992	0.569294	-0.205674	-0.369436	-0.726072	-0.579946
16724	11.408394	-1.225889	-10.244535	-2.011179	-2.492959	0.841492	-0.495438	-0.398337	0.771926	-0.784285	0.587148	-0.200384	-0.373414	-0.704687	-0.603305
16725	12.106443	-2.582126	-8.640830	-1.427259	-2.391953	0.764500	-0.510284	-0.410459	0.755734	-0.775141	0.600147	-0.197432	-0.372514	-0.686547	-0.624409
16726	11.026092	-3.777003	-9.461113	-0.877354	-2.159025	0.727999	-0.523971	-0.420413	0.740748	-0.767945	0.609348	-0.197373	-0.368395	-0.672271	-0.642135
16727	12.238862	-3.248081	-4.292727	-0.239918	-1.627334	0.612795	-0.534569	-0.427560	0.728992	-0.763851	0.613526	-0.200292	-0.361618	-0.663911	-0.654564
16728	10.440397	-1.225356	-0.779363	-0.604500	-0.988573	0.458723	-0.541727	-0.430914	0.721696	-0.758993	0.619718	-0.199699	-0.361195	-0.655945	-0.662778
16729	7.840948	-2.378697	-3.846219	-1.383712	-0.554154	0.085180	-0.544357	-0.434009	0.717852	-0.753507	0.629063	-0.191068	-0.368649	-0.644916	-0.669464
16730	6.569718	-6.775829	-8.347383	-1.034964	-0.082237	-0.310502	-0.542478	-0.436077	0.718022	-0.751048	0.634676	-0.181971	-0.376358	-0.637984	-0.671812
16731	5.932463	-8.573770	-8.304912	0.370418	0.442841	-0.593172	-0.536307	-0.437015	0.722075	-0.755667	0.629692	-0.180155	-0.375955	-0.642267	-0.667946
16732	5.654264	-6.871614	-6.563305	1.456083	0.961689	-0.761372	-0.527074	-0.435107	0.729983	-0.764875	0.617233	-0.184365	-0.370351	-0.655519	-0.658130
16733	5.272984	-4.583171	-5.519485	2.018675	1.445392	-0.876798	-0.514983	-0.430855	0.741051	-0.776864	0.599992	-0.191028	-0.362319	-0.674072	-0.643701
16734	4.751071	-2.569641	-5.071411	2.094666	1.885980	-0.982464	-0.500608	-0.423400	0.755066	-0.789183	0.581688	-0.197048	-0.355783	-0.694529	-0.625338
16735	4.073126	-1.573990	-4.771632	1.834912	2.301523	-1.056873	-0.484015	-0.413258	0.771328	-0.800910	0.564313	-0.200234	-0.352523	-0.714681	-0.604119
16736	3.855087	-1.814710	-4.549428	1.352334	2.669217	-1.095643	-0.465810	-0.399717	0.789460	-0.810743	0.550266	-0.199758	-0.354567	-0.733098	-0.580387
16737	3.734932	-3.371826	-5.143606	0.900186	3.025074	-1.102944	-0.445958	-0.383311	0.808822	-0.819015	0.539250	-0.196021	-0.361020	-0.749855	-0.554420
16738	3.548157	-5.072485	-6.365849	0.757973	3.341931	-1.100166	-0.424707	-0.363577	0.829117	-0.826483	0.529512	-0.191161	-0.369526	-0.766439	-0.525378
16739	3.284036	-5.519784	-6.858928	1.034357	3.655891	-1.103836	-0.401867	-0.341015	0.849831	-0.834923	0.517577	-0.187127	-0.376040	-0.784744	-0.492718
16740	3.040778	-3.960291	-5.845748	1.158174	3.924866	-1.093379	-0.377768	-0.315218	0.870591	-0.843564	0.504789	-0.183270	-0.381695	-0.803633	-0.456600
16741	3.645592	-2.828429	-6.074002	0.710439	4.170872	-1.032589	-0.352868	-0.286540	0.890718	-0.850101	0.495894	-0.177250	-0.390913	-0.819746	-0.418573
16742	4.420421	-3.199713	-7.264124	0.317139	4.390341	-0.922087	-0.327493	-0.254625	0.909898	-0.854537	0.490694	-0.170252	-0.403131	-0.833298	-0.378285
16743	4.876677	-3.930712	-7.862022	0.401535	4.580613	-0.807803	-0.301811	-0.220110	0.927611	-0.858738	0.485386	-0.164226	-0.414101	-0.846140	-0.335511
16744	5.645126	-2.873610	-6.493666	0.635384	4.734711	-0.689529	-0.275987	-0.182907	0.943597	-0.863436	0.478480	-0.159793	-0.422266	-0.858837	-0.289983
16745	6.729857	-1.670505	-5.247811	0.220798	4.858973	-0.551763	-0.250388	-0.143594	0.957437	-0.865849	0.475658	-0.155098	-0.433141	-0.867831	-0.243430
16746	7.652405	-3.006594	-6.365850	-0.435263	4.946847	-0.431327	-0.224759	-0.102479	0.969011	-0.865033	0.478765	-0.150009	-0.448555	-0.871942	-0.196254
16747	8.209227	-6.095499	-8.465928	-0.428573	5.015780	-0.386900	-0.198510	-0.060556	0.978226	-0.863912	0.482179	-0.145463	-0.462872	-0.873977	-0.148032
16748	8.448107	-7.176983	-8.626554	0.429950	5.044576	-0.419763	-0.171315	-0.018250	0.985047	-0.866775	0.478088	-0.141888	-0.468350	-0.878122	-0.097723
16749	8.366791	-4.561855	-7.476086	1.345742	4.973918	-0.489399	-0.143809	0.023269	0.989332	-0.873836	0.466230	-0.137986	-0.464467	-0.884358	-0.046715
16750	8.140858	-0.744576	-4.905924	1.503366	4.762274	-0.545677	-0.117016	0.063108	0.991123	-0.881557	0.452978	-0.132922	-0.457345	-0.889285	0.002627
16751	8.243190	-0.057321	-3.925096	0.631176	4.394141	-0.565452	-0.091900	0.099617	0.990773	-0.885041	0.447821	-0.127119	-0.456352	-0.888557	0.047010
16752	8.340130	-1.670630	-6.198603	0.223318	3.941475	-0.586135	-0.068661	0.132044	0.988863	-0.886606	0.446372	-0.121165	-0.457400	-0.885051	0.086423
16753	8.824649	-2.091287	-5.701056	0.565638	3.382767	-0.628205	-0.047616	0.159144	0.986106	-0.889558	0.442284	-0.114333	-0.454335	-0.882643	0.120508
16754	8.564614	-1.374527	-3.520396	0.827378	2.778041	-0.614426	-0.029575	0.181022	0.983034	-0.893585	0.435917	-0.107157	-0.447919	-0.881594	0.148866
16755	8.121597	0.401985	-2.334082	0.998252	2.116544	-0.530241	-0.015391	0.197385	0.980205	-0.898139	0.428116	-0.100313	-0.439442	-0.881905	0.170690
16756	9.273220	2.303411	0.496697	0.896272	1.468053	-0.330789	-0.005994	0.208986	0.977900	-0.902123	0.420788	-0.095455	-0.431438	-0.882758	0.186009
16757	6.282002	2.599971	2.993036	-0.175583	0.753225	-0.067163	-0.002089	0.215334	0.976538	-0.901371	0.422478	-0.095088	-0.433042	-0.880422	0.193213
16758	6.343753	-0.531509	1.427383	-1.181940	-0.085748	0.046510	-0.002853	0.214827	0.976648	-0.896232	0.432672	-0.097790	-0.443576	-0.875582	0.191301
16759	6.919504	-0.626306	0.623293	-1.140198	-0.663110	0.103520	-0.006710	0.209476	0.977791	-0.891117	0.442415	-0.100896	-0.453724	-0.872003	0.183699
16760	8.456398	1.624778	2.005781	-1.687070	-0.949590	0.153629	-0.012420	0.201956	0.979316	-0.883366	0.456682	-0.105381	-0.468519	-0.866403	0.172729
16761	11.642591	-0.363713	1.347419	-1.968305	-0.883498	0.125143	-0.017693	0.194905	0.980663	-0.873962	0.473414	-0.109858	-0.485671	-0.859006	0.161963
16762	12.613401	-0.637295	2.637552	-1.846431	-0.608067	0.135882	-0.021841	0.190396	0.981464	-0.864866	0.488869	-0.114083	-0.501528	-0.851326	0.153990
16763	10.865259	-2.454436	1.272090	-2.433315	-0.611008	0.070148	-0.025529	0.185565	0.982300	-0.852399	0.509318	-0.118368	-0.522268	-0.840334	0.145173
16764	10.558927	-5.609284	-0.677998	-2.089911	-0.656373	-0.031885	-0.028710	0.179951	0.983256	-0.841358	0.526765	-0.120973	-0.539714	-0.830744	0.136280
16765	10.798380	-5.010791	-0.884886	-1.333441	-0.665416	-0.041157	-0.031952	0.174209	0.984190	-0.834108	0.537874	-0.122287	-0.550674	-0.824829	0.128124
16766	11.693294	-3.111948	0.786879	-0.667908	-0.659359	-0.079722	-0.034905	0.168382	0.985104	-0.830489	0.543440	-0.122316	-0.555940	-0.822387	0.120870
16767	11.577105	-1.771575	0.392037	-0.705812	-0.715826	-0.094589	-0.038080	0.161972	0.986060	-0.826588	0.549389	-0.122165	-0.561518	-0.819717	0.112964
16768	11.163348	-1.251299	-0.702339	-0.689239	-0.900169	-0.129114	-0.042063	0.153922	0.987187	-0.822800	0.555165	-0.121620	-0.566772	-0.817374	0.103296
16769	10.855232	-1.664211	-1.155834	-0.748480	-0.978915	-0.169574	-0.046207	0.144972	0.988356	-0.818620	0.561523	-0.120635	-0.572474	-0.814663	0.092731
16770	10.444050	-2.306723	-2.430747	-0.411118	-0.942305	-0.193417	-0.050001	0.136232	0.989414	-0.816397	0.565084	-0.119064	-0.575323	-0.813708	0.082965
16771	10.237839	-1.464788	-3.009373	-0.102845	-0.882413	-0.225385	-0.053199	0.127759	0.990377	-0.815930	0.566215	-0.116871	-0.575698	-0.814296	0.074120
16772	10.158089	-0.567347	-4.349790	0.084315	-0.861630	-0.281408	-0.055825	0.119152	0.991305	-0.816599	0.565835	-0.113999	-0.574499	-0.815863	0.065712
16773	10.311890	-0.471117	-4.422533	0.204246	-0.823883	-0.318702	-0.057904	0.110605	0.992176	-0.817961	0.564528	-0.110669	-0.572352	-0.817970	0.057782
16774	10.309440	-0.658923	-2.864436	0.164925	-0.748605	-0.353298	-0.059257	0.102471	0.992969	-0.819122	0.563544	-0.107038	-0.570550	-0.819706	0.050542
16775	9.898717	-2.739256	-2.617559	0.024788	-0.688891	-0.346095	-0.060309	0.094855	0.993663	-0.819479	0.563677	-0.103546	-0.569926	-0.820531	0.043737
16776	9.630380	-3.730339	-2.350766	0.253141	-0.639655	-0.324309	-0.061255	0.087752	0.994257	-0.821117	0.561899	-0.100181	-0.567463	-0.822538	0.037636
16777	9.665232	-2.679105	-1.233355	0.522236	-0.610098	-0.303475	-0.062165	0.081009	0.994773	-0.824265	0.557844	-0.096938	-0.562781	-0.825983	0.032094
16778	9.920390	-0.325514	0.149061	0.511775	-0.599295	-0.279187	-0.063190	0.074472	0.995219	-0.827307	0.553835	-0.093972	-0.558185	-0.829289	0.026614
