// General information: 
//  MT Manager version: 2022.2.0 
//  XDA version: 2022.2.0 build 7381 rev 124627 built on 2023-07-19
// Device information: 
//  DeviceId: 00B4CAF0
//  ProductCode: MTW2-3A7G6
//  Firmware Version: 4.6.0
//  Hardware Version: 2.0.0
// Device settings: 
//  Filter Profile: human(46.1)
//  Option Flags: Orientation Smoother Disabled, Position/Velocity Smoother Disabled, Continuous Zero Rotation Update Disabled, AHS Disabled, ICC Disabled
// Coordinate system: ENU
PacketCounter	Acc_X	Acc_Y	Acc_Z	Gyr_X	Gyr_Y	Gyr_Z	Mat[1][1]	Mat[2][1]	Mat[3][1]	Mat[1][2]	Mat[2][2]	Mat[3][2]	Mat[1][3]	Mat[2][3]	Mat[3][3]
37020	4.944819	-0.173860	8.968170	-0.000350	0.005465	0.003562	0.438444	-0.755499	0.486815	0.866133	0.499794	-0.004431	-0.239960	0.423589	0.873494
37021	4.956019	-0.193745	8.976630	0.001873	0.002927	0.000769	0.438471	-0.755508	0.486776	0.866130	0.499799	-0.004459	-0.239922	0.423566	0.873515
37022	4.951824	-0.161291	8.988013	0.001384	0.002201	0.002964	0.438575	-0.755536	0.486639	0.866136	0.499786	-0.004643	-0.239708	0.423532	0.873591
37023	4.983189	-0.174390	8.984292	0.002958	0.004636	0.002013	0.438617	-0.755546	0.486585	0.866125	0.499805	-0.004667	-0.239671	0.423491	0.873621
37024	4.915056	-0.206756	9.001351	0.003905	0.000155	0.001891	0.438707	-0.755570	0.486467	0.866130	0.499795	-0.004824	-0.239489	0.423460	0.873685
37025	4.970487	-0.167882	9.016076	0.007511	-0.000182	0.002062	0.438738	-0.755560	0.486455	0.866108	0.499834	-0.004809	-0.239514	0.423433	0.873692
37026	4.912224	-0.159721	8.972587	0.002464	-0.005001	0.005838	0.438849	-0.755541	0.486384	0.866098	0.499849	-0.004997	-0.239343	0.423449	0.873731
37027	4.944150	-0.173006	8.968556	-0.000489	-0.000726	0.002196	0.438880	-0.755528	0.486376	0.866095	0.499855	-0.005053	-0.239299	0.423466	0.873735
37028	4.983506	-0.173778	8.984128	-0.000489	-0.000726	0.002196	0.438971	-0.755545	0.486268	0.866108	0.499829	-0.005249	-0.239085	0.423465	0.873794
37029	4.951911	-0.160834	8.987973	0.001029	-0.001245	0.008156	0.439052	-0.755500	0.486265	0.866074	0.499887	-0.005321	-0.239057	0.423478	0.873795
37030	4.999666	-0.135267	8.983210	-0.002222	0.002538	0.002794	0.439155	-0.755527	0.486130	0.866089	0.499859	-0.005534	-0.238815	0.423462	0.873869
37031	4.983347	-0.174831	8.984196	-0.003200	0.001087	0.007186	0.439234	-0.755496	0.486106	0.866070	0.499891	-0.005639	-0.238740	0.423479	0.873882
37032	4.943029	-0.188548	9.008547	0.002604	0.001189	0.007204	0.439372	-0.755495	0.485984	0.866053	0.499918	-0.005830	-0.238547	0.423449	0.873948
37033	4.935323	-0.201192	8.989089	0.000299	0.000492	0.001720	0.439402	-0.755489	0.485966	0.866049	0.499924	-0.005878	-0.238505	0.423453	0.873958
37034	4.942733	-0.188923	9.008702	-0.001326	0.004014	0.007955	0.439553	-0.755495	0.485819	0.866038	0.499940	-0.006108	-0.238266	0.423423	0.874038
37035	4.982738	-0.175857	8.984514	0.002007	0.000206	0.003764	0.439600	-0.755478	0.485804	0.866022	0.499969	-0.006151	-0.238240	0.423420	0.874046
37036	4.986450	-0.208446	8.973391	-0.000837	0.004740	0.005759	0.439734	-0.755497	0.485652	0.866019	0.499971	-0.006365	-0.238003	0.423383	0.874129
37037	4.941890	-0.189564	9.009150	0.000763	0.004196	0.002166	0.439777	-0.755505	0.485602	0.866012	0.499982	-0.006411	-0.237948	0.423356	0.874157
37038	4.965522	-0.215248	8.985989	0.004967	0.004841	0.005778	0.439910	-0.755524	0.485451	0.865995	0.500009	-0.006574	-0.237763	0.423290	0.874239
37039	4.961310	-0.182821	8.997385	0.000597	0.000984	0.003441	0.439957	-0.755511	0.485428	0.865983	0.500029	-0.006629	-0.237720	0.423289	0.874252
37040	4.937274	-0.157023	9.020768	0.004826	-0.001350	0.004412	0.440064	-0.755510	0.485333	0.865972	0.500046	-0.006786	-0.237562	0.423271	0.874303
37041	4.962451	-0.168721	8.957360	0.001542	-0.003498	0.003319	0.440099	-0.755480	0.485349	0.865959	0.500069	-0.006832	-0.237546	0.423299	0.874294
37042	4.949184	-0.176690	9.028841	0.002197	0.000439	-0.000152	0.440171	-0.755508	0.485239	0.865974	0.500040	-0.006989	-0.237359	0.423281	0.874354
37043	4.961772	-0.182659	8.997133	-0.000057	-0.002954	0.006913	0.440238	-0.755462	0.485250	0.865948	0.500084	-0.007067	-0.237327	0.423313	0.874347
37044	4.982120	-0.176379	8.984846	-0.001766	-0.002668	0.004869	0.440346	-0.755452	0.485168	0.865950	0.500077	-0.007283	-0.237120	0.423339	0.874390
37045	4.963033	-0.169413	8.957024	0.000109	0.000258	0.005638	0.440410	-0.755425	0.485151	0.865930	0.500112	-0.007353	-0.237075	0.423345	0.874399
37046	4.982271	-0.176718	8.984756	0.006534	-0.001636	0.006456	0.440534	-0.755411	0.485062	0.865905	0.500152	-0.007504	-0.236937	0.423323	0.874448
37047	4.954495	-0.195909	8.977424	0.003203	0.002173	0.010648	0.440646	-0.755367	0.485028	0.865855	0.500238	-0.007571	-0.236910	0.423300	0.874466
37048	4.985954	-0.208964	8.973655	0.008898	0.002015	0.005029	0.440766	-0.755375	0.484907	0.865830	0.500278	-0.007694	-0.236777	0.423238	0.874532
37049	4.965552	-0.215072	8.985977	0.010284	0.004216	0.007995	0.440860	-0.755353	0.484855	0.865775	0.500374	-0.007687	-0.236803	0.423165	0.874561
37050	4.985244	-0.207955	8.974073	0.006868	0.004788	0.003906	0.440976	-0.755377	0.484712	0.865761	0.500397	-0.007821	-0.236641	0.423094	0.874639
37051	4.980780	-0.175263	8.985611	0.006356	0.007042	0.008745	0.441084	-0.755363	0.484635	0.865711	0.500482	-0.007852	-0.236620	0.423018	0.874681
37052	4.940690	-0.174452	8.970434	0.004815	0.010540	0.005425	0.441226	-0.755403	0.484443	0.865694	0.500509	-0.008012	-0.236416	0.422915	0.874786
37053	4.951226	-0.194099	8.979267	0.005603	0.011757	0.004949	0.441312	-0.755429	0.484325	0.865664	0.500561	-0.008031	-0.236367	0.422807	0.874851
37054	4.977921	-0.174750	8.987205	0.003406	0.011318	0.005101	0.441454	-0.755473	0.484127	0.865651	0.500580	-0.008201	-0.236149	0.422706	0.874959
37055	4.956793	-0.181173	8.999907	0.007013	0.010979	0.005275	0.441541	-0.755493	0.484016	0.865616	0.500641	-0.008210	-0.236116	0.422597	0.875021
37056	4.947255	-0.207497	9.020855	0.002618	0.010102	0.005578	0.441683	-0.755529	0.483830	0.865603	0.500661	-0.008388	-0.235897	0.422509	0.875122
37057	4.954726	-0.181091	9.001047	-0.000330	0.014378	0.001933	0.441749	-0.755581	0.483689	0.865600	0.500665	-0.008446	-0.235785	0.422412	0.875199
37058	4.966184	-0.186888	8.969993	0.005628	0.008777	0.002310	0.441860	-0.755627	0.483516	0.865594	0.500673	-0.008581	-0.235599	0.422320	0.875294
37059	4.933640	-0.173408	8.974334	0.003109	0.010826	0.003383	0.441931	-0.755656	0.483406	0.865576	0.500703	-0.008616	-0.235532	0.422232	0.875354
37060	4.964244	-0.186509	8.971075	0.004196	0.012535	0.004629	0.442070	-0.755706	0.483200	0.865563	0.500723	-0.008774	-0.235319	0.422119	0.875466
37061	4.969653	-0.187732	9.031172	0.003577	0.014530	0.003830	0.442153	-0.755748	0.483058	0.865542	0.500759	-0.008807	-0.235239	0.422001	0.875544
37062	4.917658	-0.167005	9.007871	0.005606	0.011757	0.004955	0.442293	-0.755793	0.482860	0.865524	0.500788	-0.008954	-0.235043	0.421888	0.875652
37063	4.939674	-0.206693	9.025027	-0.000497	0.011166	0.003210	0.442363	-0.755824	0.482747	0.865515	0.500801	-0.009020	-0.234943	0.421815	0.875713
37064	4.919870	-0.199201	8.997599	0.007980	0.003516	0.002518	0.442463	-0.755845	0.482623	0.865502	0.500822	-0.009134	-0.234804	0.421753	0.875781
37065	4.947209	-0.179559	9.005211	0.003455	0.005359	-0.000179	0.442490	-0.755869	0.482561	0.865499	0.500827	-0.009150	-0.234763	0.421705	0.875815
37066	4.938185	-0.205739	9.025864	0.004373	0.003856	0.002343	0.442588	-0.755892	0.482434	0.865495	0.500831	-0.009294	-0.234593	0.421658	0.875883
37067	4.946643	-0.178937	9.005535	0.005314	-0.000626	0.002222	0.442622	-0.755878	0.482425	0.865477	0.500862	-0.009305	-0.234595	0.421646	0.875888
37068	4.935140	-0.158634	8.997231	0.005805	0.000098	0.000026	0.442692	-0.755897	0.482332	0.865480	0.500855	-0.009425	-0.234455	0.421621	0.875938
37069	4.930400	-0.217200	9.006485	0.002496	0.000931	0.001572	0.442724	-0.755893	0.482309	0.865471	0.500869	-0.009457	-0.234425	0.421611	0.875950
37070	4.947691	-0.163984	8.965609	0.005934	-0.002621	0.003023	0.442813	-0.755884	0.482241	0.865460	0.500886	-0.009590	-0.234299	0.421607	0.875986
37071	4.959379	-0.183438	8.973828	0.005016	-0.001119	0.000501	0.442831	-0.755877	0.482235	0.865450	0.500903	-0.009596	-0.234300	0.421600	0.875989
37072	4.954465	-0.164368	9.024955	0.008302	0.001028	0.001598	0.442916	-0.755890	0.482137	0.865440	0.500919	-0.009700	-0.234180	0.421556	0.876042
37073	4.919095	-0.195448	8.998106	0.010927	-0.000759	0.006168	0.442984	-0.755856	0.482127	0.865391	0.501004	-0.009681	-0.234230	0.421517	0.876048
37074	4.959705	-0.180843	8.973701	0.025999	-0.007097	0.005033	0.443079	-0.755817	0.482101	0.865323	0.501121	-0.009646	-0.234300	0.421447	0.876063
37075	4.947652	-0.172882	9.005099	0.026276	-0.003623	0.009398	0.443169	-0.755755	0.482116	0.865225	0.501294	-0.009509	-0.234496	0.421353	0.876056
37076	4.948295	-0.248370	8.963069	0.026300	-0.006604	0.006760	0.443280	-0.755709	0.482086	0.865148	0.501427	-0.009479	-0.234567	0.421278	0.876073
37077	4.940874	-0.181096	8.985239	0.034776	-0.002366	0.007085	0.443352	-0.755664	0.482090	0.865040	0.501618	-0.009257	-0.234830	0.421131	0.876073
37078	4.863702	-0.251390	9.062369	0.023507	-0.008029	0.003472	0.443431	-0.755628	0.482074	0.864984	0.501714	-0.009235	-0.234885	0.421082	0.876082
37079	4.921451	-0.274443	8.994820	0.028080	-0.015836	0.000897	0.443419	-0.755556	0.482197	0.864919	0.501831	-0.009042	-0.235150	0.421071	0.876016
37080	4.954629	-0.207587	9.031897	0.028126	-0.021801	-0.004379	0.443398	-0.755502	0.482303	0.864887	0.501887	-0.008942	-0.235306	0.421102	0.875959
37081	4.986393	-0.157876	8.958235	0.032657	-0.023642	-0.001672	0.443345	-0.755410	0.482494	0.864822	0.502003	-0.008696	-0.235644	0.421127	0.875856
37082	5.015857	-0.136201	8.964629	0.017642	-0.014360	-0.007465	0.443314	-0.755402	0.482536	0.864829	0.501992	-0.008673	-0.235678	0.421156	0.875833
37083	4.948923	-0.166936	8.981082	0.013201	-0.009267	-0.001889	0.443293	-0.755372	0.482602	0.864810	0.502025	-0.008597	-0.235784	0.421170	0.875798
37084	4.953716	-0.198291	8.969499	0.008503	-0.010637	-0.003310	0.443307	-0.755357	0.482612	0.864820	0.502007	-0.008673	-0.235723	0.421217	0.875791
37085	4.978626	-0.145698	8.987332	0.009124	-0.012631	-0.002505	0.443273	-0.755317	0.482707	0.864814	0.502018	-0.008630	-0.235809	0.421277	0.875739
37086	4.991239	-0.164672	8.995094	0.008014	-0.011358	-0.001111	0.443303	-0.755287	0.482724	0.864815	0.502015	-0.008721	-0.235748	0.421333	0.875729
37087	4.989311	-0.117262	8.965681	0.015723	-0.011318	-0.002953	0.443269	-0.755254	0.482808	0.864795	0.502051	-0.008618	-0.235885	0.421350	0.875684
37088	4.982194	-0.128934	8.945956	0.007329	-0.000410	0.005994	0.443386	-0.755235	0.482730	0.864766	0.502099	-0.008748	-0.235772	0.421327	0.875725
37089	4.961852	-0.057390	8.999820	0.009097	0.002246	0.001121	0.443419	-0.755239	0.482695	0.864744	0.502137	-0.008723	-0.235791	0.421275	0.875745
37090	4.961360	-0.057465	9.000090	-0.007883	0.008644	0.004112	0.443541	-0.755267	0.482539	0.864759	0.502107	-0.008975	-0.235508	0.421260	0.875829
37091	4.924298	-0.181756	8.972159	-0.008883	0.010189	0.011145	0.443679	-0.755253	0.482433	0.864735	0.502146	-0.009156	-0.235336	0.421239	0.875885
37092	4.902655	-0.202761	9.024597	0.005108	0.002136	0.008782	0.443826	-0.755230	0.482334	0.864697	0.502207	-0.009316	-0.235195	0.421208	0.875938
37093	4.990793	-0.164156	8.995350	-0.001958	-0.002880	0.008793	0.443913	-0.755174	0.482342	0.864667	0.502256	-0.009426	-0.235141	0.421250	0.875932
37094	4.987941	-0.118261	8.966430	0.004319	0.000921	0.009260	0.444061	-0.755142	0.482255	0.864630	0.502318	-0.009595	-0.235000	0.421232	0.875978
37095	5.015253	-0.099309	8.973957	-0.000062	0.008954	0.007910	0.444168	-0.755140	0.482160	0.864599	0.502369	-0.009683	-0.234910	0.421176	0.876030
37096	4.966490	-0.125676	8.979324	-0.003071	0.010286	0.011175	0.444354	-0.755138	0.481991	0.864570	0.502414	-0.009925	-0.234665	0.421125	0.876120
37097	4.988733	-0.165941	8.996460	0.004278	0.006889	0.014536	0.444514	-0.755094	0.481913	0.864500	0.502533	-0.010008	-0.234621	0.421063	0.876162
37098	4.965409	-0.126178	8.979915	0.016478	-0.000838	0.019687	0.444747	-0.755002	0.481843	0.864387	0.502725	-0.010118	-0.234596	0.420998	0.876199
37099	4.976724	-0.145512	8.988389	0.014319	0.004648	0.015551	0.444911	-0.754943	0.481784	0.864288	0.502895	-0.010118	-0.234648	0.420902	0.876231
37100	4.963982	-0.216449	8.978584	0.014640	0.002159	0.014636	0.445107	-0.754888	0.481689	0.864202	0.503041	-0.010218	-0.234596	0.420825	0.876283
37101	4.956024	-0.151097	9.000886	0.009321	0.002785	0.012409	0.445239	-0.754837	0.481647	0.864129	0.503166	-0.010247	-0.234613	0.420768	0.876305
37102	4.975960	-0.144488	8.988828	0.006331	0.001134	0.013036	0.445418	-0.754786	0.481561	0.864069	0.503266	-0.010413	-0.234494	0.420740	0.876350
37103	4.926926	-0.184036	9.033769	0.004621	0.001417	0.010987	0.445535	-0.754736	0.481532	0.864014	0.503359	-0.010476	-0.234477	0.420717	0.876366
37104	4.936362	-0.144357	8.973351	-0.000587	0.002316	0.014400	0.445728	-0.754682	0.481436	0.863963	0.503441	-0.010708	-0.234294	0.420716	0.876416
37105	4.971633	-0.113251	9.000151	0.000522	0.001041	0.013008	0.445861	-0.754621	0.481410	0.863908	0.503533	-0.010817	-0.234243	0.420717	0.876429
37106	4.951249	-0.120596	9.012443	-0.005116	0.004158	0.011694	0.446036	-0.754588	0.481299	0.863881	0.503575	-0.011074	-0.234014	0.420725	0.876486
37107	4.974482	-0.147573	8.989596	-0.002160	0.011779	0.016343	0.446223	-0.754555	0.481178	0.863817	0.503681	-0.011223	-0.233891	0.420658	0.876551
37108	4.933126	-0.161749	9.014495	-0.006070	0.011628	0.014443	0.446438	-0.754539	0.481003	0.863779	0.503740	-0.011501	-0.233622	0.420614	0.876644
37109	4.935784	-0.195625	9.004031	-0.008587	0.013683	0.015509	0.446623	-0.754518	0.480865	0.863734	0.503812	-0.011703	-0.233436	0.420566	0.876717
37110	4.967302	-0.118983	9.002468	-0.004659	0.010848	0.014774	0.446838	-0.754497	0.480696	0.863690	0.503880	-0.011969	-0.233183	0.420521	0.876805
37111	4.925868	-0.133516	9.027380	-0.012194	0.014029	0.015332	0.447022	-0.754479	0.480555	0.863655	0.503936	-0.012201	-0.232964	0.420488	0.876880
37112	4.928475	-0.090725	9.058557	-0.020693	0.012786	0.017651	0.447267	-0.754451	0.480370	0.863635	0.503959	-0.012621	-0.232565	0.420510	0.876975
37113	4.947216	-0.164951	9.005487	-0.029334	0.017243	0.019605	0.447495	-0.754424	0.480200	0.863620	0.503975	-0.013024	-0.232183	0.420539	0.877062
37114	4.884292	-0.124115	9.124261	-0.023697	0.014121	0.020924	0.447770	-0.754386	0.480004	0.863592	0.504011	-0.013484	-0.231755	0.420565	0.877163
37115	4.888034	-0.146852	9.073733	-0.040076	0.009645	0.026367	0.448039	-0.754293	0.479899	0.863571	0.504033	-0.014015	-0.231313	0.420706	0.877212
37116	4.845263	-0.270213	9.136222	-0.044064	-0.005335	0.030401	0.448352	-0.754125	0.479871	0.863547	0.504054	-0.014698	-0.230797	0.420981	0.877216
37117	4.949666	-0.060313	9.078357	-0.040632	-0.023768	0.028225	0.448560	-0.753882	0.480059	0.863518	0.504087	-0.015242	-0.230501	0.421376	0.877104
37118	4.714807	-0.160141	9.322408	-0.074162	-0.010449	0.026394	0.448826	-0.753713	0.480076	0.863580	0.503952	-0.016169	-0.229748	0.421841	0.877078
37119	4.666918	-0.305547	9.212886	-0.150547	-0.057637	0.009964	0.448799	-0.753418	0.480563	0.863885	0.503382	-0.017590	-0.228654	0.423045	0.876784
37120	4.206346	0.051593	9.951870	-0.058946	-0.140607	0.051652	0.448987	-0.752571	0.481714	0.863797	0.503500	-0.018504	-0.228617	0.424411	0.876133
37121	4.482953	-0.220878	9.395462	-0.177353	-0.276140	0.062692	0.448917	-0.751079	0.484102	0.863924	0.503208	-0.020413	-0.228272	0.427391	0.874773
37122	4.177196	-0.099727	9.976217	-0.159487	-0.364296	0.077301	0.448820	-0.749138	0.487189	0.863949	0.503084	-0.022330	-0.228369	0.430929	0.873011
37123	4.299635	0.054345	9.842827	-0.249479	-0.501063	0.097772	0.448540	-0.746474	0.491517	0.864084	0.502724	-0.025036	-0.228409	0.435942	0.870508
37124	4.290748	0.193417	10.043038	-0.292750	-0.649347	0.131476	0.448264	-0.742977	0.497035	0.864169	0.502401	-0.028375	-0.228629	0.442242	0.867266
37125	4.103745	0.502140	10.300837	-0.349119	-0.840146	0.200626	0.448094	-0.738220	0.504225	0.864073	0.502319	-0.032453	-0.229325	0.450229	0.862962
37126	4.233429	0.629106	10.446837	-0.384049	-1.077912	0.320976	0.448466	-0.731723	0.513284	0.863519	0.502918	-0.037528	-0.230680	0.460061	0.857398
37127	4.640844	0.565728	10.273502	-0.487484	-1.281730	0.406462	0.449028	-0.723705	0.524047	0.862827	0.503593	-0.043852	-0.232171	0.471853	0.850559
37128	5.092426	1.148813	10.586930	-0.603435	-1.489435	0.462838	0.449637	-0.714273	0.536322	0.862150	0.504025	-0.051542	-0.233504	0.485565	0.842438
37129	5.603004	0.985720	10.974597	-0.809247	-1.635523	0.534139	0.450439	-0.703512	0.549705	0.861641	0.503805	-0.061275	-0.233837	0.501250	0.833108
37130	6.170541	0.991257	10.177612	-0.997559	-1.694731	0.635616	0.452050	-0.691714	0.563189	0.861092	0.503156	-0.073184	-0.232750	0.518040	0.823081
37131	7.007612	1.364984	10.232251	-1.141358	-1.784593	0.738219	0.454286	-0.678599	0.577172	0.860396	0.502183	-0.086777	-0.230959	0.536018	0.811999
37132	7.849737	2.297527	10.373504	-1.270536	-1.674018	0.899911	0.458273	-0.665012	0.589699	0.859189	0.501314	-0.102364	-0.227551	0.553574	0.801109
37133	6.705533	0.779001	8.450149	-1.472790	-1.594877	0.997643	0.463272	-0.651049	0.601261	0.857908	0.499576	-0.120074	-0.222202	0.571453	0.789980
37134	7.653688	1.440746	9.387339	-1.320647	-1.600230	1.034567	0.468691	-0.636661	0.612365	0.855977	0.498596	-0.136769	-0.218247	0.588273	0.778655
37135	6.863830	0.483399	8.563810	-1.587276	-1.327722	1.122513	0.475460	-0.623162	0.620973	0.854086	0.496180	-0.156019	-0.210889	0.604545	0.768148
37136	5.617289	-0.175862	7.751564	-1.588468	-1.113011	1.115851	0.482746	-0.610892	0.627508	0.852003	0.493371	-0.175144	-0.202600	0.619189	0.758655
37137	3.399750	0.508803	7.938394	-1.445781	-0.776422	1.003381	0.489765	-0.601107	0.631507	0.849993	0.490392	-0.192426	-0.194018	0.631019	0.751114
37138	1.926182	2.491705	7.827371	-1.249422	-0.482111	0.615914	0.494151	-0.595109	0.633767	0.849309	0.486175	-0.205690	-0.185714	0.639905	0.745675
37139	1.212958	5.044210	8.161378	-1.006068	-0.188800	-0.108321	0.492905	-0.594423	0.635379	0.851674	0.479040	-0.212538	-0.178035	0.645896	0.742376
37140	1.777977	4.742229	8.165381	-0.752376	0.130393	-0.993919	0.484705	-0.600078	0.636370	0.857812	0.468306	-0.211773	-0.170936	0.648534	0.741745
37141	0.519255	4.751354	8.043968	-0.345083	0.564660	-1.630364	0.471619	-0.611277	0.635544	0.866188	0.456173	-0.204019	-0.165206	0.646720	0.744621
37142	-0.434221	4.232648	7.529624	-0.143526	0.829753	-1.989298	0.455711	-0.625706	0.633103	0.875609	0.443051	-0.192395	-0.160114	0.642027	0.749777
37143	1.624535	0.660968	8.221653	-0.143567	0.904920	-2.182820	0.437932	-0.641009	0.630336	0.885589	0.428285	-0.179735	-0.154751	0.636930	0.755230
37144	2.265500	-0.835399	10.023496	0.711831	1.651511	-1.903480	0.423636	-0.659657	0.620794	0.892648	0.420517	-0.162309	-0.153986	0.622910	0.766988
37145	2.029039	-2.625904	7.684654	0.717333	1.761184	-1.561196	0.412379	-0.677023	0.609576	0.898074	0.414478	-0.147210	-0.152992	0.608151	0.778939
37146	4.642398	-4.214961	8.657101	0.995194	2.069728	-1.138642	0.405408	-0.694303	0.594632	0.901159	0.412761	-0.132445	-0.153484	0.589552	0.793014
37147	6.087382	-5.186374	7.501114	1.365473	2.333106	-0.861012	0.401277	-0.711369	0.577001	0.902517	0.414592	-0.116518	-0.156333	0.567510	0.808389
37148	8.524530	-5.263236	6.447618	1.822942	2.446011	-0.767532	0.398370	-0.728297	0.557570	0.902630	0.419291	-0.097230	-0.162972	0.542013	0.824416
37149	9.524085	-4.863131	6.278419	2.144356	2.532222	-0.723946	0.396102	-0.744735	0.537097	0.901914	0.425272	-0.075470	-0.172207	0.514309	0.840137
37150	14.845267	-2.920925	7.553137	2.624470	2.216441	-0.660490	0.394243	-0.758779	0.518486	0.899774	0.433512	-0.049740	-0.187028	0.486130	0.853638
37151	16.969827	-0.411157	9.935229	1.288348	2.251900	-0.022398	0.398303	-0.769571	0.499115	0.897439	0.439447	-0.038603	-0.189626	0.463301	0.865676
37152	16.980215	-10.609522	2.702096	0.106770	1.931307	0.152662	0.403342	-0.777770	0.482068	0.896604	0.441164	-0.038407	-0.182799	0.447716	0.875292
37153	17.425630	-15.924243	2.131331	0.154838	1.073586	0.205325	0.407149	-0.781622	0.472543	0.895494	0.443442	-0.038081	-0.179780	0.438664	0.880485
37154	11.273129	-16.119045	4.784563	0.368615	0.860801	0.058999	0.409264	-0.785105	0.464880	0.894594	0.445491	-0.035207	-0.179459	0.430287	0.884674
37155	1.794784	0.407759	12.055579	1.385647	0.370152	-0.129942	0.408807	-0.787266	0.461617	0.892566	0.450361	-0.022385	-0.190271	0.421174	0.886797
37156	1.724150	2.533744	10.201984	0.286801	-0.095771	-0.114790	0.407646	-0.787368	0.462468	0.892498	0.450629	-0.019488	-0.193057	0.420696	0.886422
37157	4.701670	1.113903	10.451622	0.109138	-0.272690	-0.095696	0.406283	-0.786652	0.464880	0.892679	0.450328	-0.018131	-0.195086	0.422355	0.885188
37158	5.671474	-0.972170	8.077161	0.080708	-0.116079	-0.079139	0.405401	-0.786514	0.465881	0.892852	0.450021	-0.017204	-0.196125	0.422937	0.884680
37159	4.854419	0.060101	9.091832	0.097673	-0.106531	-0.071045	0.404578	-0.786385	0.466813	0.892951	0.449868	-0.016063	-0.197373	0.423340	0.884210
37160	4.554673	-0.225442	9.075346	0.015853	-0.092746	-0.057007	0.403935	-0.786243	0.467608	0.893161	0.449460	-0.015813	-0.197738	0.424037	0.883794
37161	5.281759	0.015412	8.978178	-0.018158	-0.084038	-0.058959	0.403263	-0.786154	0.468339	0.893438	0.448911	-0.015752	-0.197859	0.424783	0.883409
37162	4.768266	-0.382108	9.040253	-0.021237	-0.076659	-0.054238	0.402676	-0.786066	0.468992	0.893709	0.448367	-0.015840	-0.197829	0.425520	0.883061
37163	4.908504	-0.098723	9.144546	0.000662	-0.117770	-0.053477	0.401985	-0.785806	0.470018	0.893926	0.447942	-0.015637	-0.198253	0.426447	0.882518
37164	5.171844	0.279553	9.057988	0.025962	-0.131297	-0.038581	0.401429	-0.785412	0.471150	0.894040	0.447723	-0.015381	-0.198864	0.427402	0.881919
37165	5.289050	0.365112	8.933836	0.010359	-0.097836	-0.019452	0.401081	-0.785083	0.471995	0.894101	0.447606	-0.015252	-0.199293	0.428128	0.881470
37166	5.007568	0.079241	9.058517	0.004682	-0.060562	-0.009112	0.400926	-0.784858	0.472501	0.894138	0.447529	-0.015316	-0.199437	0.428622	0.881197
37167	5.007063	-0.155944	8.935499	0.013691	-0.064267	-0.009445	0.400734	-0.784627	0.473047	0.894152	0.447505	-0.015205	-0.199760	0.429069	0.880906
37168	5.050064	0.042010	8.977036	0.026595	-0.052160	-0.006275	0.400620	-0.784424	0.473479	0.894135	0.447544	-0.015087	-0.200068	0.429399	0.880676
37169	5.044365	-0.043075	9.002641	-0.000855	-0.017202	-0.012297	0.400496	-0.784407	0.473612	0.894189	0.447436	-0.015091	-0.200073	0.429542	0.880605
37170	4.957174	-0.175267	8.965808	0.010027	-0.008346	-0.006084	0.400470	-0.784392	0.473660	0.894203	0.447406	-0.015117	-0.200061	0.429602	0.880578
37171	4.964580	-0.161851	8.985375	0.001754	-0.003588	-0.011739	0.400379	-0.784431	0.473672	0.894250	0.447313	-0.015101	-0.200034	0.429627	0.880572
37172	4.944812	-0.169783	8.997216	-0.012657	0.003571	-0.010895	0.400333	-0.784488	0.473617	0.894329	0.447148	-0.015302	-0.199772	0.429696	0.880598
37173	4.864311	-0.247679	9.012812	-0.034586	0.001339	-0.012262	0.400247	-0.784550	0.473586	0.894450	0.446895	-0.015604	-0.199401	0.429844	0.880609
37174	4.718816	-0.303653	9.036538	-0.034284	0.011035	-0.015885	0.400171	-0.784661	0.473467	0.894592	0.446597	-0.015972	-0.198916	0.429951	0.880667
37175	4.757912	-0.320539	9.091668	-0.052242	-0.015853	-0.026681	0.399922	-0.784714	0.473589	0.894806	0.446155	-0.016361	-0.198456	0.430313	0.880594
37176	4.895658	-0.370981	8.983326	-0.046034	-0.024237	-0.029058	0.399658	-0.784732	0.473782	0.895023	0.445704	-0.016770	-0.198006	0.430748	0.880482
37177	4.888745	-0.250460	8.998147	-0.044927	-0.041221	-0.037654	0.399261	-0.784724	0.474130	0.895266	0.445207	-0.017043	-0.197712	0.431277	0.880290
37178	4.960323	-0.156604	8.972719	-0.041684	-0.045174	-0.037986	0.398876	-0.784690	0.474509	0.895509	0.444703	-0.017371	-0.197385	0.431857	0.880079
37179	5.048709	-0.172946	8.950497	-0.035517	-0.041026	-0.031950	0.398530	-0.784657	0.474855	0.895710	0.444291	-0.017588	-0.197173	0.432341	0.879889
37180	5.069413	-0.015687	8.933542	-0.024795	-0.044807	-0.024766	0.398264	-0.784565	0.475230	0.895867	0.443964	-0.017829	-0.196997	0.432843	0.879681
37181	4.993628	-0.048831	8.979192	-0.019409	-0.026506	-0.022165	0.398035	-0.784551	0.475445	0.895997	0.443698	-0.017950	-0.196871	0.433142	0.879562
37182	5.052541	-0.128316	8.917826	-0.007482	-0.022100	-0.016164	0.397889	-0.784518	0.475621	0.896085	0.443514	-0.018077	-0.196762	0.433389	0.879465
37183	4.984747	-0.044284	9.008729	0.000817	-0.017629	-0.015850	0.397734	-0.784514	0.475757	0.896150	0.443385	-0.018050	-0.196783	0.433529	0.879391
37184	4.990798	-0.134435	9.003159	0.005600	-0.018910	-0.011566	0.397635	-0.784475	0.475905	0.896194	0.443294	-0.018082	-0.196781	0.433693	0.879311
37185	4.920399	-0.153374	9.069663	0.002993	-0.017128	-0.016005	0.397480	-0.784474	0.476037	0.896255	0.443173	-0.018036	-0.196818	0.433819	0.879240
37186	4.882310	-0.197586	9.020715	0.004937	-0.032499	-0.013976	0.397332	-0.784386	0.476305	0.896310	0.443060	-0.018061	-0.196865	0.434093	0.879095
37187	5.003288	-0.178302	9.026716	-0.001847	-0.034481	-0.015190	0.397150	-0.784305	0.476589	0.896377	0.442925	-0.018060	-0.196928	0.434376	0.878940
37188	4.974656	-0.151177	8.989440	0.001968	-0.043652	-0.013579	0.396983	-0.784167	0.476956	0.896436	0.442803	-0.018112	-0.196994	0.434750	0.878741
37189	5.003272	-0.218160	8.931017	0.008261	-0.051666	-0.004887	0.396859	-0.783966	0.477389	0.896442	0.442792	-0.018072	-0.197216	0.435124	0.878506
37190	4.982642	-0.192731	8.952419	0.026144	-0.056101	-0.002995	0.396763	-0.783726	0.477863	0.896412	0.442859	-0.017961	-0.197549	0.435489	0.878251
37191	4.996999	-0.074663	8.994021	0.017544	-0.054878	-0.003548	0.396644	-0.783504	0.478325	0.896394	0.442899	-0.017847	-0.197867	0.435846	0.878002
37192	5.053635	-0.060898	8.935849	0.017814	-0.045177	-0.007169	0.396531	-0.783330	0.478704	0.896396	0.442897	-0.017787	-0.198083	0.436162	0.877796
37193	4.954063	-0.008745	8.998362	0.010887	-0.028643	-0.004093	0.396459	-0.783225	0.478935	0.896394	0.442903	-0.017728	-0.198237	0.436343	0.877671
37194	4.991568	0.053655	9.096015	-0.008942	-0.033644	-0.004321	0.396393	-0.783088	0.479214	0.896438	0.442807	-0.017915	-0.198170	0.436687	0.877515
37195	5.097660	-0.205992	8.890249	-0.005400	-0.018487	-0.008090	0.396306	-0.783045	0.479356	0.896484	0.442712	-0.017980	-0.198137	0.436861	0.877436
37196	5.034350	-0.213276	8.976954	0.002628	-0.014487	-0.009495	0.396231	-0.783014	0.479468	0.896525	0.442626	-0.018039	-0.198101	0.437003	0.877374
37197	5.073940	-0.224749	8.880765	0.019846	-0.016929	-0.008379	0.396144	-0.782979	0.479597	0.896522	0.442638	-0.017881	-0.198288	0.437053	0.877307
37198	5.045380	-0.137969	8.987732	0.016072	-0.013932	-0.011414	0.396053	-0.782959	0.479706	0.896544	0.442596	-0.017812	-0.198370	0.437132	0.877248
37199	5.032921	-0.160657	8.947297	0.019317	-0.017880	-0.011763	0.395934	-0.782934	0.479844	0.896556	0.442580	-0.017642	-0.198556	0.437192	0.877177
37200	5.055106	-0.106464	8.966555	0.012124	-0.011047	-0.005061	0.395904	-0.782898	0.479927	0.896560	0.442570	-0.017637	-0.198594	0.437266	0.877131
37201	4.983332	-0.154003	8.962267	0.018029	-0.013722	-0.007727	0.395830	-0.782874	0.480028	0.896558	0.442580	-0.017499	-0.198752	0.437299	0.877079
37202	4.925915	-0.176529	8.997415	0.012046	-0.020637	-0.010805	0.395729	-0.782822	0.480197	0.896586	0.442526	-0.017465	-0.198828	0.437449	0.876987
37203	5.034664	-0.062833	8.948403	0.009888	-0.030362	-0.005304	0.395643	-0.782714	0.480443	0.896590	0.442519	-0.017410	-0.198978	0.437648	0.876853
37204	4.977022	-0.131167	8.951066	-0.011863	-0.026177	-0.008991	0.395547	-0.782629	0.480660	0.896658	0.442374	-0.017593	-0.198863	0.437947	0.876730
37205	5.024424	-0.146899	8.913607	0.000878	-0.026680	-0.004917	0.395472	-0.782535	0.480874	0.896679	0.442330	-0.017618	-0.198918	0.438157	0.876613
37206	5.009794	-0.066199	8.988061	0.000797	-0.029912	-0.003700	0.395416	-0.782410	0.481124	0.896701	0.442283	-0.017715	-0.198933	0.438429	0.876473
37207	4.947716	-0.043941	8.995259	-0.007763	-0.028511	0.001290	0.395393	-0.782281	0.481353	0.896714	0.442250	-0.017846	-0.198918	0.438692	0.876345
37208	5.047156	-0.079041	8.980912	-0.020370	-0.024592	0.001553	0.395394	-0.782156	0.481555	0.896757	0.442151	-0.018151	-0.198723	0.439015	0.876228
37209	5.087336	-0.124166	8.963221	-0.020987	-0.022421	0.006341	0.395428	-0.782031	0.481730	0.896777	0.442100	-0.018423	-0.198565	0.439289	0.876126
37210	5.094707	-0.142599	8.910560	-0.011728	-0.016403	0.002308	0.395451	-0.781939	0.481861	0.896799	0.442044	-0.018654	-0.198417	0.439509	0.876049
37211	5.094772	-0.202709	8.917382	-0.003437	-0.011925	0.002579	0.395473	-0.781877	0.481944	0.896799	0.442041	-0.018754	-0.198375	0.439624	0.876001
37212	5.088728	-0.215332	8.897020	0.001661	-0.009672	0.001784	0.395504	-0.781815	0.482018	0.896797	0.442040	-0.018865	-0.198322	0.439733	0.875958
37213	5.057028	-0.203397	8.901038	0.015719	-0.004928	0.002013	0.395535	-0.781786	0.482040	0.896761	0.442116	-0.018794	-0.198424	0.439708	0.875948
37214	5.064844	-0.189325	8.920421	0.021943	-0.013299	-0.000382	0.395539	-0.781718	0.482147	0.896727	0.442188	-0.018716	-0.198569	0.439757	0.875890
37215	4.994525	-0.192439	8.948200	0.020710	-0.015314	0.002236	0.395551	-0.781643	0.482260	0.896680	0.442288	-0.018603	-0.198756	0.439791	0.875831
37216	5.004286	-0.134003	8.999154	0.019691	-0.017035	0.001006	0.395559	-0.781552	0.482400	0.896645	0.442361	-0.018551	-0.198896	0.439879	0.875755
37217	4.965581	-0.177994	8.950752	0.013896	-0.026707	0.000853	0.395536	-0.781432	0.482613	0.896618	0.442419	-0.018491	-0.199068	0.440033	0.875639
37218	5.002997	-0.099579	9.008856	0.011456	-0.027687	-0.000669	0.395508	-0.781302	0.482846	0.896606	0.442443	-0.018501	-0.199177	0.440240	0.875510
37219	5.050575	-0.099142	8.931533	0.012989	-0.034417	0.003756	0.395496	-0.781135	0.483126	0.896568	0.442521	-0.018464	-0.199371	0.440458	0.875356
37220	5.074454	-0.045884	8.949710	0.011167	-0.031211	0.004403	0.395506	-0.780967	0.483390	0.896537	0.442583	-0.018500	-0.199493	0.440694	0.875209
37221	5.004019	-0.109593	8.984619	0.006446	-0.020348	0.005871	0.395540	-0.780853	0.483547	0.896504	0.442649	-0.018530	-0.199572	0.440830	0.875123
37222	5.006765	-0.049469	8.976121	0.019355	-0.014386	0.007486	0.395611	-0.780745	0.483663	0.896443	0.442772	-0.018507	-0.199703	0.440898	0.875059
37223	5.005788	0.056315	9.090542	-0.000362	-0.025380	0.011451	0.395685	-0.780584	0.483862	0.896402	0.442850	-0.018624	-0.199741	0.441104	0.874946
37224	5.103375	-0.216443	8.865065	-0.000414	-0.019207	0.012861	0.395794	-0.780431	0.484020	0.896360	0.442928	-0.018798	-0.199716	0.441296	0.874855
37225	5.100004	-0.199338	8.915504	0.018231	-0.028749	0.007290	0.395824	-0.780273	0.484249	0.896298	0.443057	-0.018732	-0.199934	0.441446	0.874730
37226	5.094906	-0.210373	8.894641	0.025863	-0.015925	0.013739	0.395947	-0.780130	0.484379	0.896199	0.443258	-0.018680	-0.200132	0.441496	0.874659
37227	5.214019	-0.160192	8.821130	0.027689	-0.019131	0.013101	0.396048	-0.779989	0.484523	0.896095	0.443473	-0.018559	-0.200397	0.441529	0.874582
37228	5.107053	-0.075542	8.897581	0.035533	-0.006017	0.015697	0.396207	-0.779881	0.484567	0.895970	0.443732	-0.018431	-0.200644	0.441460	0.874560
37229	5.184306	-0.101190	8.856776	0.013232	0.003583	0.015603	0.396376	-0.779829	0.484512	0.895885	0.443903	-0.018450	-0.200689	0.441380	0.874590
37230	5.071779	-0.194924	8.957443	0.037768	0.013295	0.015896	0.396575	-0.779805	0.484390	0.895754	0.444173	-0.018302	-0.200881	0.441152	0.874661
37231	4.881136	-0.065014	9.126856	0.053637	-0.013204	0.020479	0.396754	-0.779657	0.484481	0.895568	0.444560	-0.017990	-0.201355	0.441023	0.874617
37232	4.956422	0.001444	9.089047	0.025028	-0.042056	0.027419	0.396943	-0.779338	0.484839	0.895417	0.444863	-0.018008	-0.201653	0.441281	0.874418
37233	4.926797	-0.151239	9.225277	-0.016632	-0.058624	0.016489	0.396995	-0.779007	0.485328	0.895389	0.444909	-0.018292	-0.201677	0.441819	0.874141
37234	5.040192	-0.027933	8.741109	-0.015496	-0.087870	0.020134	0.397028	-0.778517	0.486086	0.895348	0.444978	-0.018628	-0.201796	0.442612	0.873712
37235	4.718769	-0.123690	9.517975	-0.049491	-0.088276	0.029394	0.397136	-0.777996	0.486831	0.895334	0.444979	-0.019262	-0.201644	0.443526	0.873284
37236	4.811109	-0.159816	8.988233	-0.043224	-0.136939	0.044235	0.397286	-0.777181	0.488010	0.895252	0.445112	-0.019956	-0.201710	0.444820	0.872610
37237	4.354466	0.227683	9.750879	-0.005119	-0.204239	0.070177	0.397524	-0.775959	0.489757	0.894987	0.445625	-0.020402	-0.202417	0.446436	0.871620
37238	4.542015	0.206425	9.596513	-0.104699	-0.360702	0.107025	0.397783	-0.773858	0.492862	0.894780	0.445968	-0.021938	-0.202824	0.449730	0.869831
37239	4.354726	0.092888	9.544217	-0.068939	-0.432545	0.136957	0.398151	-0.771294	0.496569	0.894379	0.446705	-0.023273	-0.203869	0.453387	0.867685
37240	4.357278	0.094912	9.649626	-0.121225	-0.620448	0.161038	0.398357	-0.767740	0.501884	0.893990	0.447376	-0.025223	-0.205166	0.458727	0.864567
37241	4.308029	-0.166062	9.665308	-0.111045	-0.773821	0.172756	0.398328	-0.763393	0.508493	0.893535	0.448175	-0.027112	-0.207197	0.465155	0.860639
37242	4.284794	-0.205850	9.682708	-0.140031	-1.012373	0.170095	0.397774	-0.757880	0.517102	0.893154	0.448797	-0.029278	-0.209884	0.473498	0.855423
37243	4.348987	0.061168	9.746753	-0.109657	-1.210057	0.171531	0.396766	-0.751323	0.527343	0.892709	0.449555	-0.031166	-0.213653	0.483129	0.849081
37244	4.531036	0.460101	9.922972	-0.152377	-1.479910	0.193581	0.395342	-0.743220	0.539748	0.892274	0.450244	-0.033578	-0.218063	0.494878	0.841156
37245	4.720396	0.906253	10.307977	-0.258594	-1.689153	0.264568	0.394006	-0.733556	0.553765	0.891804	0.450887	-0.037246	-0.222363	0.508524	0.831840
37246	4.922369	1.295680	10.932350	-0.524600	-1.913284	0.385933	0.393214	-0.721943	0.569369	0.891459	0.450976	-0.043829	-0.225129	0.524803	0.820913
37247	4.235284	1.260499	11.162351	-0.879305	-2.209586	0.507634	0.392780	-0.707845	0.587094	0.891452	0.449888	-0.053983	-0.225915	0.544570	0.807717
37248	4.672970	1.142695	10.998161	-1.281080	-2.621911	0.645260	0.392678	-0.690385	0.607595	0.891801	0.447266	-0.068146	-0.224710	0.568614	0.791318
37249	4.574607	0.928024	10.651845	-1.555109	-3.015106	0.800181	0.393095	-0.669265	0.630524	0.892140	0.443631	-0.085309	-0.222625	0.596050	0.771467
37250	4.682778	1.072197	11.373427	-1.790291	-3.422904	0.993929	0.394445	-0.644003	0.655495	0.892181	0.439220	-0.105352	-0.220059	0.626376	0.747815
37251	5.132321	1.323919	12.423098	-1.959575	-3.865984	1.181097	0.396540	-0.613996	0.682470	0.891804	0.434028	-0.127690	-0.217810	0.659264	0.719673
37252	7.649534	2.854048	14.245696	-2.327538	-4.190822	1.499814	0.400932	-0.579251	0.709734	0.890831	0.427245	-0.154538	-0.213714	0.694212	0.687311
37253	9.101439	2.672649	13.582834	-2.792516	-4.525614	1.804697	0.407499	-0.539369	0.736903	0.889415	0.417403	-0.186322	-0.207089	0.731338	0.649814
37254	12.144382	1.262240	14.251058	-3.048948	-4.688219	1.906696	0.414974	-0.496500	0.762420	0.887749	0.404465	-0.219794	-0.199245	0.768047	0.608610
37255	12.769848	-0.181211	12.438221	-2.891173	-4.359030	1.818953	0.422605	-0.455089	0.783772	0.885786	0.390410	-0.250923	-0.191800	0.800296	0.568101
37256	12.780300	-0.719354	11.825392	-2.577941	-4.191789	1.659288	0.429386	-0.414743	0.802257	0.883582	0.376705	-0.278167	-0.186846	0.828301	0.528211
37257	10.671448	0.267418	11.492033	-2.258807	-3.861626	1.592870	0.436310	-0.376407	0.817283	0.880872	0.363987	-0.302619	-0.183573	0.851957	0.490378
37258	7.210623	1.307176	10.374179	-2.147719	-3.579165	1.621003	0.444066	-0.339944	0.829002	0.877633	0.351377	-0.326029	-0.180461	0.872337	0.454381
37259	3.499424	2.317344	9.642326	-2.110001	-3.434915	1.803288	0.453732	-0.303453	0.837881	0.873313	0.338534	-0.350313	-0.177348	0.890680	0.418613
37260	-3.863659	6.271911	7.802692	-2.238162	-3.153162	2.166394	0.467076	-0.268172	0.842570	0.867242	0.324757	-0.377390	-0.172425	0.906982	0.384257
37261	2.450717	4.679528	11.562364	-3.020316	-4.997410	1.610914	0.472502	-0.217269	0.854129	0.864840	0.300894	-0.401888	-0.169685	0.928578	0.330076
37262	19.722166	2.124888	15.363928	-2.359494	-2.465652	0.325069	0.471226	-0.193611	0.860500	0.867203	0.279733	-0.411956	-0.160951	0.940353	0.299718
37263	12.794226	3.338683	8.963818	-1.853671	0.257268	-0.782664	0.464826	-0.198170	0.862940	0.873688	0.260679	-0.410751	-0.143551	0.944868	0.294309
37264	3.239739	2.943144	11.730630	-1.336840	2.539910	-1.559258	0.454413	-0.226480	0.861519	0.882638	0.245024	-0.401139	-0.120243	0.942693	0.311242
37265	-3.667879	3.542395	9.977590	-1.052686	2.929682	-1.893834	0.440818	-0.258557	0.859551	0.892261	0.230484	-0.388262	-0.097725	0.938097	0.332302
37266	-7.526490	3.228095	6.712878	-0.974411	2.390210	-1.930316	0.425554	-0.285709	0.858647	0.901499	0.216435	-0.374774	-0.078765	0.933556	0.349671
37267	-4.582426	1.456682	6.394454	-0.728956	1.928409	-1.794377	0.410701	-0.307469	0.858363	0.909518	0.204278	-0.362004	-0.064040	0.929372	0.363546
37268	-0.716345	0.407877	8.753306	-0.394415	1.940598	-1.660315	0.396640	-0.329295	0.856879	0.916457	0.195689	-0.349016	-0.052752	0.923726	0.379403
37269	2.184873	-0.386733	10.162341	-0.007259	2.401606	-1.517359	0.383860	-0.354335	0.852701	0.922378	0.190392	-0.336110	-0.043252	0.915531	0.399914
37270	2.936227	-0.708544	10.394702	0.369069	3.042138	-1.289813	0.373113	-0.385026	0.844122	0.927114	0.189356	-0.323426	-0.035312	0.903271	0.427614
37271	2.496294	-1.048212	9.848447	0.676030	3.546685	-0.995116	0.365018	-0.418708	0.831532	0.930566	0.191371	-0.312128	-0.028441	0.887728	0.459489
37272	2.159911	-1.624607	9.136263	0.951918	3.805081	-0.670815	0.359773	-0.454042	0.815113	0.932739	0.197201	-0.301844	-0.023691	0.868883	0.494450
37273	2.824018	-1.911957	8.831560	1.225217	3.894917	-0.371533	0.357195	-0.488255	0.796253	0.933791	0.205934	-0.292618	-0.021103	0.848056	0.529486
37274	3.942264	-2.277622	9.150655	1.511028	3.932122	-0.145359	0.356719	-0.522060	0.774729	0.933968	0.218244	-0.282973	-0.021352	0.824514	0.565439
37275	5.683866	-2.713302	10.005888	1.832883	3.960573	-0.002858	0.357613	-0.554245	0.751615	0.933555	0.233078	-0.272305	-0.024262	0.799054	0.600770
37276	7.227196	-2.823062	10.740340	2.198662	4.092914	0.037856	0.359158	-0.586854	0.725677	0.932785	0.250951	-0.258719	-0.030279	0.769822	0.637540
37277	10.427092	-3.817096	10.413529	2.471052	4.125483	-0.022376	0.360385	-0.618052	0.698666	0.932012	0.269428	-0.242408	-0.038419	0.738525	0.673130
37278	4.946477	-0.509428	11.251880	2.768447	4.629473	-0.039525	0.362107	-0.652029	0.666136	0.930918	0.289488	-0.222683	-0.047642	0.700753	0.711811
37279	8.142730	-1.711302	10.630632	2.791591	4.302317	-0.254745	0.362026	-0.682165	0.635285	0.930362	0.306815	-0.200724	-0.057988	0.663713	0.745736
37280	7.518316	-1.333371	11.366292	2.712557	4.159550	-0.539105	0.359753	-0.711170	0.603999	0.930539	0.320902	-0.176405	-0.068371	0.625507	0.777217
37281	7.960045	-1.199447	11.781330	2.651724	4.045424	-0.881827	0.354532	-0.738600	0.573390	0.931738	0.330578	-0.150275	-0.078557	0.587527	0.805383
37282	8.108987	-0.884342	12.326080	2.505748	3.927619	-1.220814	0.346549	-0.765430	0.542237	0.933866	0.335947	-0.122614	-0.088310	0.548868	0.831231
37283	9.378086	-1.019459	13.810125	2.245647	3.779093	-1.485334	0.336162	-0.790485	0.511985	0.936862	0.336290	-0.095912	-0.096358	0.511901	0.853623
37284	12.279758	-2.538183	15.841639	1.987737	3.801740	-1.679569	0.324318	-0.815230	0.479810	0.940367	0.332868	-0.070057	-0.102601	0.473918	0.874571
37285	14.580914	-4.367697	16.485202	1.888265	4.114813	-1.777360	0.311906	-0.839781	0.444390	0.944041	0.326719	-0.045184	-0.107246	0.433616	0.894693
37286	14.809786	-5.687607	15.340155	1.940859	4.533074	-1.769572	0.300283	-0.864431	0.403224	0.947270	0.319823	-0.019802	-0.111843	0.387908	0.914887
37287	8.145371	8.524824	22.633484	1.699157	4.043956	-1.156241	0.293945	-0.882982	0.365978	0.948772	0.315962	0.000278	-0.115880	0.347148	0.930624
