// General information: 
//  MT Manager version: 2022.2.0 
//  XDA version: 2022.2.0 build 7381 rev 124627 built on 2023-07-19
// Device information: 
//  DeviceId: 00B4CAF0
//  ProductCode: MTW2-3A7G6
//  Firmware Version: 4.6.0
//  Hardware Version: 2.0.0
// Device settings: 
//  Filter Profile: human(46.1)
//  Option Flags: Orientation Smoother Disabled, Position/Velocity Smoother Disabled, Continuous Zero Rotation Update Disabled, AHS Disabled, ICC Disabled
// Coordinate system: ENU
PacketCounter	Acc_X	Acc_Y	Acc_Z	Gyr_X	Gyr_Y	Gyr_Z	Mat[1][1]	Mat[2][1]	Mat[3][1]	Mat[1][2]	Mat[2][2]	Mat[3][2]	Mat[1][3]	Mat[2][3]	Mat[3][3]
12656	6.186887	-0.341412	8.098050	0.004698	0.005181	0.003613	0.289531	0.741455	0.605324	-0.922090	0.385699	-0.031396	-0.256752	-0.549073	0.795360
12657	6.226115	-0.351761	8.108349	0.007668	0.006116	0.002198	0.289621	0.741459	0.605275	-0.922063	0.385767	-0.031360	-0.256747	-0.549020	0.795398
12658	6.233077	-0.279686	8.095616	0.005834	0.008137	0.001624	0.289623	0.741503	0.605220	-0.922078	0.385734	-0.031340	-0.256693	-0.548983	0.795441
12659	6.220561	-0.259777	8.104686	0.007668	0.006117	0.002198	0.289695	0.741514	0.605173	-0.922055	0.385790	-0.031319	-0.256693	-0.548930	0.795478
12660	6.208179	-0.301979	8.046800	0.007635	0.005083	-0.000259	0.289707	0.741534	0.605142	-0.922069	0.385761	-0.031274	-0.256631	-0.548922	0.795503
12661	6.219693	-0.258582	8.105390	0.007635	0.005083	-0.000259	0.289768	0.741545	0.605099	-0.922042	0.385824	-0.031279	-0.256657	-0.548863	0.795535
12662	6.242828	-0.258858	8.070718	0.004204	0.006996	0.003967	0.289746	0.741592	0.605052	-0.922059	0.385782	-0.031287	-0.256621	-0.548829	0.795571
12663	6.203255	-0.324872	8.096772	0.004085	0.001449	0.007703	0.289728	0.741578	0.605079	-0.922075	0.385746	-0.031252	-0.256583	-0.548873	0.795552
12664	6.230576	-0.316116	8.115649	0.003711	0.008810	0.004322	0.289706	0.741636	0.605017	-0.922092	0.385705	-0.031267	-0.256547	-0.548823	0.795598
12665	6.218099	-0.296699	8.124662	0.001727	0.004248	0.005026	0.289725	0.741655	0.604985	-0.922068	0.385757	-0.031327	-0.256612	-0.548762	0.795620
12666	6.261055	-0.283437	8.085965	0.006852	0.005548	0.003370	0.289704	0.741692	0.604950	-0.922090	0.385706	-0.031311	-0.256556	-0.548748	0.795648
12667	6.213126	-0.305825	8.071723	0.004696	0.005184	0.003612	0.289681	0.741716	0.604931	-0.922096	0.385689	-0.031339	-0.256560	-0.548726	0.795661
12668	6.240674	-0.335182	8.108481	0.004696	0.005184	0.003612	0.289658	0.741752	0.604898	-0.922113	0.385648	-0.031341	-0.256525	-0.548707	0.795686
12669	6.236015	-0.282184	8.122121	0.005018	0.007569	0.002795	0.289754	0.741751	0.604853	-0.922089	0.385712	-0.031285	-0.256505	-0.548663	0.795722
12670	6.207926	-0.329080	8.121877	0.004171	0.005963	0.001510	0.289752	0.741783	0.604815	-0.922099	0.385689	-0.031279	-0.256473	-0.548636	0.795751
12671	6.203143	-0.275997	8.135606	0.005340	0.009955	0.001978	0.289797	0.741820	0.604749	-0.922083	0.385724	-0.031287	-0.256476	-0.548562	0.795801
12672	6.175066	-0.284452	8.117311	0.006667	-0.002070	0.002193	0.289768	0.741810	0.604774	-0.922101	0.385683	-0.031265	-0.256444	-0.548604	0.795783
12673	6.155272	-0.297958	8.121322	0.005189	0.003372	0.003257	0.289928	0.741776	0.604740	-0.922044	0.385825	-0.031202	-0.256469	-0.548551	0.795811
12674	6.151452	-0.283214	8.152354	0.004158	-0.005855	0.000796	0.289902	0.741740	0.604796	-0.922052	0.385808	-0.031192	-0.256471	-0.548611	0.795769
12675	6.223285	-0.323429	8.064574	0.001358	-0.010989	0.002673	0.289916	0.741650	0.604900	-0.922025	0.385871	-0.031199	-0.256552	-0.548688	0.795690
12676	6.278926	-0.228917	8.065479	0.006635	-0.003106	-0.000264	0.289907	0.741626	0.604934	-0.922036	0.385849	-0.031162	-0.256523	-0.548737	0.795665
12677	6.247987	-0.299820	8.113568	-0.001428	-0.004304	0.005264	0.289826	0.741603	0.605001	-0.922041	0.385829	-0.031239	-0.256594	-0.548782	0.795612
12678	6.318944	-0.239613	8.075183	0.007869	0.002958	0.005116	0.289783	0.741632	0.604986	-0.922071	0.385759	-0.031225	-0.256536	-0.548791	0.795624
12679	6.251377	-0.276330	8.064812	-0.006571	0.005179	0.005177	0.289765	0.741649	0.604973	-0.922051	0.385799	-0.031323	-0.256629	-0.548740	0.795629
12680	6.195669	-0.270508	8.112698	0.000386	0.004458	0.004095	0.289735	0.741683	0.604946	-0.922058	0.385778	-0.031362	-0.256636	-0.548709	0.795648
12681	6.199343	-0.323546	8.099820	0.001233	0.006065	0.005380	0.289574	0.741728	0.604969	-0.922122	0.385622	-0.031413	-0.256589	-0.548759	0.795629
12682	6.175335	-0.323036	8.135139	0.002218	0.002437	0.004671	0.289534	0.741752	0.604958	-0.922136	0.385587	-0.031441	-0.256585	-0.548750	0.795637
12683	6.198823	-0.323727	8.100211	0.003526	0.001194	0.003144	0.289506	0.741746	0.604978	-0.922141	0.385572	-0.031458	-0.256596	-0.548769	0.795620
12684	6.190754	-0.318533	8.077748	0.004834	-0.000050	0.001618	0.289487	0.741745	0.604988	-0.922153	0.385545	-0.031446	-0.256575	-0.548788	0.795613
12685	6.238263	-0.295358	8.092352	0.009112	-0.000359	-0.001323	0.289464	0.741725	0.605025	-0.922168	0.385512	-0.031419	-0.256549	-0.548839	0.795587
12686	6.269778	-0.262346	8.061895	0.001864	-0.000984	0.003032	0.289430	0.741724	0.605041	-0.922176	0.385491	-0.031440	-0.256558	-0.548855	0.795573
12687	6.249920	-0.275974	8.065953	0.007343	0.003736	0.003014	0.289417	0.741738	0.605031	-0.922178	0.385483	-0.031459	-0.256564	-0.548842	0.795580
12688	6.273007	-0.213993	8.098141	0.005342	0.009956	0.001975	0.289421	0.741793	0.604962	-0.922192	0.385451	-0.031446	-0.256510	-0.548790	0.795633
12689	6.224969	-0.274942	8.102014	-0.000599	0.008088	0.004803	0.289562	0.741797	0.604889	-0.922126	0.385607	-0.031459	-0.256586	-0.548675	0.795688
12690	6.204618	-0.288971	8.106431	0.002048	0.006638	0.004207	0.289537	0.741843	0.604845	-0.922138	0.385577	-0.031486	-0.256572	-0.548634	0.795720
12691	6.176449	-0.298076	8.088181	-0.001246	0.003319	0.006438	0.289607	0.741834	0.604822	-0.922093	0.385681	-0.031525	-0.256655	-0.548573	0.795736
12692	6.215829	-0.308941	8.098389	0.003849	0.003580	0.002327	0.289591	0.741856	0.604803	-0.922104	0.385655	-0.031526	-0.256633	-0.548562	0.795751
12693	6.176037	-0.298056	8.088497	0.005357	-0.000826	0.003721	0.289448	0.741861	0.604865	-0.922158	0.385523	-0.031556	-0.256600	-0.548648	0.795702
12694	6.227561	-0.327978	8.089984	0.005157	0.002336	0.000800	0.289444	0.741870	0.604856	-0.922168	0.385501	-0.031538	-0.256569	-0.548651	0.795710
12695	6.195494	-0.283555	8.084786	0.004633	0.003112	-0.001302	0.289393	0.741877	0.604871	-0.922182	0.385465	-0.031567	-0.256576	-0.548666	0.795697
12696	6.203410	-0.288196	8.107383	0.006696	-0.001032	0.004651	0.289345	0.741883	0.604888	-0.922207	0.385406	-0.031560	-0.256541	-0.548701	0.795685
12697	6.235170	-0.293504	8.094803	0.007481	-0.001499	0.001023	0.289395	0.741829	0.604930	-0.922205	0.385418	-0.031462	-0.256491	-0.548765	0.795657
12698	6.171948	-0.281785	8.119775	0.004541	-0.001395	0.004893	0.289343	0.741833	0.604950	-0.922226	0.385369	-0.031473	-0.256477	-0.548793	0.795641
12699	6.203726	-0.287523	8.107165	0.002386	-0.001759	0.005135	0.289237	0.741817	0.605021	-0.922269	0.385265	-0.031473	-0.256441	-0.548889	0.795587
12700	6.251346	-0.265067	8.121664	0.001047	-0.001552	0.004204	0.289191	0.741817	0.605042	-0.922278	0.385240	-0.031508	-0.256460	-0.548905	0.795570
12701	6.215768	-0.307229	8.098501	0.003525	0.001196	0.003144	0.289260	0.741789	0.605044	-0.922251	0.385308	-0.031481	-0.256480	-0.548896	0.795569
12702	6.247502	-0.312981	8.085922	0.000200	-0.003161	0.002921	0.289221	0.741776	0.605078	-0.922254	0.385297	-0.031514	-0.256512	-0.548922	0.795542
12703	6.188056	-0.277777	8.061861	0.004017	-0.000619	0.002790	0.289240	0.741752	0.605098	-0.922235	0.385342	-0.031534	-0.256560	-0.548922	0.795526
12704	6.188299	-0.316116	8.079724	-0.000292	-0.001346	0.003274	0.289203	0.741751	0.605118	-0.922238	0.385332	-0.031573	-0.256591	-0.548932	0.795510
12705	6.227919	-0.288461	8.071706	0.005325	-0.001863	0.001265	0.289270	0.741706	0.605140	-0.922205	0.385413	-0.031558	-0.256635	-0.548934	0.795493
12706	6.236019	-0.293200	8.094160	0.004017	-0.000618	0.002790	0.289239	0.741707	0.605154	-0.922217	0.385382	-0.031560	-0.256624	-0.548955	0.795482
12707	6.141095	-0.275956	8.131688	0.003201	-0.001188	0.003962	0.289459	0.741633	0.605139	-0.922128	0.385602	-0.031492	-0.256698	-0.548900	0.795497
12708	6.125933	-0.280231	8.188882	0.001352	-0.010987	0.002679	0.289403	0.741576	0.605236	-0.922133	0.385587	-0.031515	-0.256741	-0.548988	0.795422
12709	6.241566	-0.307993	8.061803	-0.003606	-0.016482	0.004800	0.289401	0.741471	0.605365	-0.922078	0.385710	-0.031621	-0.256941	-0.549043	0.795319
12710	6.218943	-0.268963	8.078005	0.007460	-0.013318	0.000314	0.289361	0.741392	0.605481	-0.922092	0.385679	-0.031581	-0.256935	-0.549171	0.795233
12711	6.263967	-0.370718	8.091897	-0.000604	-0.014508	0.005842	0.289241	0.741325	0.605621	-0.922095	0.385664	-0.031695	-0.257063	-0.549272	0.795122
12712	6.248954	-0.298254	8.112881	0.008630	-0.009325	0.000778	0.289207	0.741270	0.605705	-0.922113	0.385624	-0.031649	-0.257035	-0.549376	0.795060
12713	6.261558	-0.279414	8.085715	-0.002435	-0.012487	0.005266	0.289169	0.741183	0.605829	-0.922096	0.385662	-0.031700	-0.257141	-0.549465	0.794963
12714	6.246477	-0.307945	8.058001	0.005201	-0.007405	0.005002	0.289101	0.741155	0.605896	-0.922118	0.385609	-0.031707	-0.257138	-0.549541	0.794912
12715	6.215482	-0.302219	8.070044	0.000858	-0.009170	0.003032	0.289163	0.741057	0.605986	-0.922082	0.385698	-0.031671	-0.257197	-0.549610	0.794845
12716	6.240005	-0.279086	8.119163	0.001739	-0.006523	0.006771	0.289081	0.741041	0.606045	-0.922100	0.385651	-0.031716	-0.257224	-0.549666	0.794797
12717	6.240336	-0.341392	8.052089	0.009018	-0.004863	0.004869	0.288967	0.741019	0.606126	-0.922144	0.385544	-0.031720	-0.257194	-0.549769	0.794736
12718	6.205308	-0.321116	8.095348	-0.003128	-0.007512	0.002700	0.288920	0.740981	0.606195	-0.922138	0.385554	-0.031779	-0.257269	-0.549813	0.794681
12719	6.233422	-0.312402	8.113608	0.006697	-0.001029	0.004646	0.288936	0.740953	0.606221	-0.922131	0.385572	-0.031760	-0.257275	-0.549839	0.794662
12720	6.221821	-0.292677	8.121958	0.003336	-0.006422	0.001970	0.288899	0.740918	0.606282	-0.922139	0.385552	-0.031763	-0.257287	-0.549900	0.794615
12721	6.202687	-0.306324	8.125484	0.004351	-0.009011	0.003718	0.288877	0.740850	0.606375	-0.922134	0.385564	-0.031767	-0.257331	-0.549982	0.794544
12722	6.250651	-0.307576	8.054777	0.005133	-0.009480	0.000090	0.288849	0.740791	0.606461	-0.922141	0.385548	-0.031744	-0.257336	-0.550073	0.794480
12723	6.302932	-0.275190	8.122445	0.002845	-0.004608	0.002324	0.288897	0.740728	0.606515	-0.922113	0.385619	-0.031728	-0.257385	-0.550109	0.794439
12724	6.310881	-0.342273	8.078195	0.005973	0.002903	-0.000378	0.288905	0.740736	0.606502	-0.922121	0.385601	-0.031696	-0.257346	-0.550111	0.794450
12725	6.302227	-0.298564	8.038109	0.005840	0.008139	0.001612	0.289016	0.740737	0.606448	-0.922086	0.385688	-0.031654	-0.257347	-0.550048	0.794493
12726	6.230107	-0.281569	8.041368	0.006456	0.011866	-0.002482	0.289066	0.740785	0.606364	-0.922089	0.385684	-0.031605	-0.257277	-0.549986	0.794559
12727	6.217596	-0.237503	8.135313	0.005381	0.010994	0.004421	0.288963	0.740857	0.606327	-0.922136	0.385569	-0.031646	-0.257226	-0.549971	0.794586
12728	6.204359	-0.241785	8.060028	0.005997	0.014720	0.000326	0.288996	0.740931	0.606220	-0.922147	0.385546	-0.031618	-0.257152	-0.549886	0.794668
12729	6.188275	-0.284357	8.136055	-0.002905	0.001147	0.006327	0.289005	0.740933	0.606213	-0.922102	0.385643	-0.031743	-0.257301	-0.549816	0.794668
12730	6.203718	-0.318895	8.096654	-0.000101	0.006277	0.004444	0.288978	0.740977	0.606172	-0.922108	0.385623	-0.031788	-0.257309	-0.549770	0.794698
12731	6.207372	-0.271635	8.132527	-0.003688	0.001619	0.009955	0.288700	0.741039	0.606229	-0.922190	0.385415	-0.031953	-0.257329	-0.549833	0.794648
12732	6.250669	-0.259883	8.093498	-0.009629	-0.000244	0.012786	0.288579	0.741079	0.606237	-0.922196	0.385387	-0.032125	-0.257443	-0.549799	0.794635
12733	6.246507	-0.309496	8.057917	-0.014105	0.003228	0.012806	0.288547	0.741112	0.606213	-0.922137	0.385506	-0.032369	-0.257688	-0.549672	0.794643
12734	6.269805	-0.249542	8.089884	-0.005945	0.007535	0.014643	0.288429	0.741202	0.606159	-0.922158	0.385443	-0.032523	-0.257746	-0.549594	0.794678
12735	6.249259	-0.188470	8.058340	-0.014074	0.004272	0.015261	0.288259	0.741259	0.606169	-0.922181	0.385373	-0.032721	-0.257856	-0.549565	0.794662
12736	6.257058	-0.296304	8.032138	-0.014726	-0.000492	0.016898	0.288100	0.741314	0.606178	-0.922185	0.385342	-0.032958	-0.258018	-0.549513	0.794646
12737	6.193947	-0.301323	8.159920	-0.016198	0.004954	0.017959	0.288018	0.741376	0.606141	-0.922141	0.385424	-0.033245	-0.258268	-0.549372	0.794662
12738	6.279795	-0.402218	7.948727	-0.012086	0.008836	0.014553	0.287904	0.741473	0.606077	-0.922145	0.385395	-0.033447	-0.258379	-0.549261	0.794703
12739	6.140396	-0.073401	8.257707	-0.004090	0.028115	0.014180	0.287826	0.741654	0.605892	-0.922180	0.385303	-0.033561	-0.258343	-0.549082	0.794838
12740	6.285191	-0.311018	8.022003	-0.036193	-0.000974	0.026684	0.287575	0.741744	0.605902	-0.922157	0.385317	-0.034028	-0.258704	-0.548951	0.794812
12741	6.209214	-0.259816	8.141030	-0.021565	0.025972	0.024306	0.287448	0.741955	0.605703	-0.922129	0.385350	-0.034419	-0.258945	-0.548643	0.794946
12742	6.247402	-0.475748	8.053968	-0.037736	0.002407	0.022828	0.287242	0.742048	0.605687	-0.922090	0.385401	-0.034875	-0.259311	-0.548480	0.794939
12743	6.262449	-0.450638	8.081606	-0.011079	0.017037	0.014557	0.287312	0.742136	0.605546	-0.922026	0.385540	-0.035033	-0.259462	-0.548263	0.795039
12744	6.217941	-0.350289	8.067573	-0.007130	0.003553	0.014176	0.287188	0.742203	0.605523	-0.922042	0.385487	-0.035194	-0.259542	-0.548210	0.795049
12745	6.189959	-0.336385	8.133997	-0.005985	0.006505	0.012188	0.287176	0.742233	0.605491	-0.922025	0.385519	-0.035279	-0.259614	-0.548147	0.795070
12746	6.280546	-0.302089	8.109943	-0.004188	0.003442	0.010307	0.287088	0.742284	0.605471	-0.922038	0.385479	-0.035393	-0.259667	-0.548106	0.795080
12747	6.220814	-0.306144	8.104086	-0.004455	0.003139	0.016035	0.286869	0.742351	0.605492	-0.922093	0.385331	-0.035561	-0.259714	-0.548119	0.795056
12748	6.177185	-0.320797	8.143124	-0.011253	-0.000319	0.017576	0.286703	0.742410	0.605499	-0.922108	0.385276	-0.035774	-0.259843	-0.548079	0.795042
12749	6.244338	-0.387226	8.104775	-0.009915	-0.000526	0.018505	0.286619	0.742425	0.605521	-0.922102	0.385276	-0.035914	-0.259956	-0.548058	0.795019
12750	6.224724	-0.440890	8.126358	-0.007363	-0.005104	0.010541	0.286506	0.742430	0.605568	-0.922107	0.385252	-0.036054	-0.260064	-0.548069	0.794976
12751	6.197061	-0.412113	8.089774	-0.000236	0.000737	0.008185	0.286509	0.742417	0.605582	-0.922095	0.385278	-0.036078	-0.260102	-0.548067	0.794965
12752	6.256629	-0.447897	8.113566	0.006064	-0.004771	0.008739	0.286414	0.742417	0.605627	-0.922129	0.385193	-0.036101	-0.260085	-0.548127	0.794930
12753	6.193527	-0.397381	8.120642	0.013948	-0.000445	0.000299	0.286481	0.742374	0.605647	-0.922124	0.385216	-0.036000	-0.260030	-0.548169	0.794918
12754	6.225344	-0.401916	8.108043	0.018420	-0.003927	0.000278	0.286466	0.742346	0.605689	-0.922166	0.385126	-0.035873	-0.259897	-0.548270	0.794892
12755	6.201921	-0.361005	8.125107	0.024368	-0.002076	-0.002548	0.286478	0.742290	0.605753	-0.922230	0.384998	-0.035627	-0.259659	-0.548437	0.794855
12756	6.119110	-0.284507	8.118196	0.019725	-0.005173	-0.001248	0.286474	0.742249	0.605805	-0.922271	0.384912	-0.035480	-0.259517	-0.548552	0.794822
12757	6.159689	-0.371082	8.163292	0.007329	-0.017836	0.006501	0.286477	0.742127	0.605953	-0.922253	0.384958	-0.035455	-0.259579	-0.548684	0.794710
12758	6.169031	-0.398946	8.099916	0.020595	-0.022705	-0.007582	0.286486	0.741965	0.606146	-0.922278	0.384915	-0.035263	-0.259479	-0.548933	0.794571
12759	6.139887	-0.291167	8.159729	0.005884	-0.031525	-0.000050	0.286317	0.741770	0.606465	-0.922333	0.384789	-0.035196	-0.259468	-0.549286	0.794331
12760	6.229423	-0.518372	8.102269	0.014823	-0.038480	-0.000094	0.286215	0.741551	0.606781	-0.922365	0.384722	-0.035095	-0.259467	-0.549629	0.794094
12761	6.228827	-0.463314	8.113082	0.028407	-0.040961	-0.015002	0.286317	0.741225	0.607131	-0.922357	0.384770	-0.034778	-0.259385	-0.550034	0.793840
12762	6.157064	-0.390369	8.126505	0.031375	-0.040025	-0.016420	0.286362	0.740934	0.607465	-0.922385	0.384733	-0.034447	-0.259235	-0.550453	0.793599
12763	5.827656	-0.279667	8.187405	0.039150	-0.029414	-0.020428	0.286492	0.740660	0.607738	-0.922412	0.384707	-0.034018	-0.258997	-0.550838	0.793409
12764	5.436735	-0.492617	8.754089	0.008234	-0.113206	-0.016684	0.286350	0.739964	0.608652	-0.922379	0.384799	-0.033869	-0.259270	-0.551709	0.792714
12765	6.162121	-0.524499	8.137998	0.001276	-0.179479	-0.034219	0.286205	0.738816	0.610113	-0.922264	0.385091	-0.033689	-0.259839	-0.553043	0.791598
12766	6.409083	-0.203105	8.140988	0.016703	-0.141161	-0.039578	0.286201	0.737874	0.611254	-0.922187	0.385304	-0.033333	-0.260114	-0.554151	0.790733
12767	6.279799	-0.282162	8.191020	-0.008697	-0.167667	-0.031007	0.285996	0.736806	0.612637	-0.922095	0.385535	-0.033216	-0.260666	-0.555410	0.789666
12768	6.418014	-0.607320	7.983076	-0.026790	-0.162671	-0.018484	0.285739	0.735822	0.613937	-0.921966	0.385834	-0.033331	-0.261403	-0.556505	0.788651
12769	5.991439	-0.323197	8.249824	0.001809	-0.171229	-0.068802	0.285962	0.734570	0.615331	-0.921746	0.386395	-0.032909	-0.261935	-0.557768	0.787581
12770	2.473979	-1.893463	10.389712	-0.269571	-0.095767	-0.153257	0.287120	0.733434	0.616147	-0.920591	0.389037	-0.034104	-0.264717	-0.557427	0.786892
12771	5.067894	1.670325	11.042637	0.416715	-1.056307	-0.180116	0.285974	0.726781	0.624506	-0.921174	0.388014	-0.029735	-0.263928	-0.566775	0.780453
12772	6.398841	-1.131943	8.126761	-0.693406	-0.981610	0.089506	0.282512	0.721536	0.632117	-0.919559	0.391326	-0.035704	-0.273126	-0.571182	0.774050
12773	5.036119	-1.212165	8.971507	0.283457	-1.052023	-0.030621	0.280007	0.715347	0.640215	-0.920182	0.390065	-0.033387	-0.273609	-0.579765	0.767470
12774	5.013158	-1.043107	10.891079	-0.008949	-1.318158	-0.110406	0.277389	0.707203	0.650322	-0.919843	0.390918	-0.032760	-0.277390	-0.589107	0.758952
12775	6.485657	-1.886556	9.215334	-0.017459	-1.569347	-0.167995	0.274477	0.697230	0.662218	-0.919346	0.392159	-0.031841	-0.281895	-0.600068	0.748635
12776	5.924348	-2.280554	9.802899	0.030031	-1.548351	-0.428540	0.274016	0.686160	0.673869	-0.918249	0.394957	-0.028771	-0.285891	-0.610896	0.738290
12777	5.240551	-0.689409	10.679201	0.302470	-1.803670	-0.905324	0.276957	0.671486	0.687315	-0.916678	0.399099	-0.020528	-0.288091	-0.624361	0.726069
12778	5.376193	0.172507	11.824414	-0.387265	-2.489879	-1.246747	0.281050	0.650701	0.705407	-0.912056	0.409805	-0.014640	-0.298605	-0.639256	0.708652
12779	6.018909	-2.026252	12.078215	-0.995749	-2.987147	-1.440377	0.284905	0.625392	0.726439	-0.904940	0.425389	-0.011306	-0.316090	-0.654163	0.687138
12780	9.356708	-6.183678	13.678690	-1.302294	-3.598086	-1.270727	0.284582	0.596038	0.750834	-0.897053	0.441794	-0.010709	-0.338097	-0.670490	0.660404
12781	11.990804	-10.686446	9.854949	-1.443396	-3.607164	-0.468195	0.276079	0.569536	0.774215	-0.890743	0.454208	-0.016497	-0.361051	-0.685072	0.632708
12782	6.259423	-20.768870	3.804425	0.483796	-3.008066	-1.565670	0.279080	0.541478	0.793042	-0.888144	0.459563	-0.001236	-0.365122	-0.703991	0.609166
12783	7.664322	-11.615469	5.399894	3.983073	-2.677487	-4.077678	0.305829	0.503681	0.807945	-0.890292	0.452033	0.055198	-0.337415	-0.736188	0.586668
12784	4.285769	-2.948350	5.895545	4.368871	-2.075438	-4.335301	0.337767	0.468729	0.816215	-0.890371	0.440315	0.115593	-0.305210	-0.765778	0.566066
12785	2.808259	0.668604	10.794623	4.740964	-1.805528	-3.854914	0.366791	0.438157	0.820660	-0.890506	0.420615	0.173439	-0.269188	-0.794419	0.544460
12786	7.097718	4.557857	12.734698	2.928817	-1.785646	-4.078052	0.398312	0.406752	0.822131	-0.882502	0.414304	0.222583	-0.250076	-0.814190	0.523982
12787	11.196379	8.312668	9.125531	1.509197	-1.085817	-4.140304	0.431779	0.380792	0.817658	-0.869147	0.418006	0.264299	-0.241143	-0.824784	0.511450
12788	11.562226	17.136228	10.236185	-0.145633	0.584958	-2.422361	0.454104	0.375345	0.808026	-0.858061	0.428383	0.283230	-0.239835	-0.821951	0.516599
12789	3.192568	5.765114	15.174401	-3.014093	0.681382	1.261674	0.444882	0.386591	0.807854	-0.856285	0.447903	0.257213	-0.262404	-0.806183	0.530296
12790	4.429017	-0.810496	6.072207	-4.035593	0.222921	2.068155	0.427812	0.397870	0.811589	-0.854036	0.471955	0.218818	-0.295973	-0.786739	0.541703
12791	2.018245	-4.228616	4.067520	-3.455258	1.376014	3.209665	0.404432	0.424111	0.810287	-0.856922	0.485297	0.173700	-0.319561	-0.764603	0.559700
12792	-2.046861	-8.195015	5.928440	-2.045901	1.229143	3.395443	0.379222	0.449898	0.808568	-0.863551	0.485962	0.134614	-0.332371	-0.749288	0.572797
12793	1.267988	-11.769122	5.336820	-1.603412	1.155544	0.756978	0.376383	0.462418	0.802811	-0.861211	0.494078	0.119174	-0.341543	-0.736245	0.584202
12794	4.845602	-4.619825	5.010941	0.380915	1.464368	-0.425079	0.384975	0.471055	0.793663	-0.860870	0.493283	0.124801	-0.332713	-0.731286	0.595419
12795	5.656173	-1.061967	7.406148	0.418474	1.962581	-0.279189	0.393545	0.484231	0.781436	-0.861389	0.491174	0.129446	-0.321140	-0.724064	0.610411
12796	5.516357	0.581790	8.164806	0.157699	1.935513	0.206625	0.397888	0.499165	0.769753	-0.862700	0.489039	0.128803	-0.312145	-0.715315	0.625212
12797	6.425943	0.973497	7.114479	-0.272042	2.093391	0.545172	0.399366	0.516967	0.757134	-0.864285	0.487773	0.122837	-0.305806	-0.703436	0.641607
12798	6.401356	1.478036	7.151467	-0.288329	2.293841	0.945899	0.398111	0.537541	0.743342	-0.867179	0.484808	0.113850	-0.299180	-0.689935	0.659152
12799	6.579050	1.662491	7.136237	-0.568446	2.334940	1.241387	0.393947	0.559759	0.729024	-0.870663	0.481435	0.100830	-0.294537	-0.674456	0.677021
12800	6.822346	0.726681	6.337883	-0.710125	2.359988	1.465720	0.388069	0.582500	0.714210	-0.874308	0.477806	0.085366	-0.291528	-0.657567	0.694706
12801	7.209741	0.537658	6.289054	-0.562373	2.416488	1.497150	0.381601	0.605580	0.698322	-0.878694	0.472113	0.070753	-0.286840	-0.640611	0.712279
12802	7.915764	0.898809	6.769720	-0.484619	2.396900	1.562154	0.374652	0.628049	0.682049	-0.883217	0.465552	0.056462	-0.282069	-0.623551	0.729124
12803	8.874776	1.060881	6.970205	-0.404734	2.334123	1.619668	0.366476	0.650148	0.665585	-0.888328	0.457241	0.042483	-0.276712	-0.606827	0.745112
12804	9.257176	1.612337	7.036175	-0.266534	2.247037	1.574482	0.358597	0.670728	0.649255	-0.893301	0.448449	0.030109	-0.270963	-0.590777	0.759975
12805	8.773970	2.763264	7.118887	-0.092770	2.165011	1.336750	0.352060	0.689531	0.632930	-0.898021	0.439463	0.020751	-0.263841	-0.575690	0.773931
12806	8.458428	4.172926	7.268907	-0.059225	2.060367	0.949230	0.348882	0.705378	0.617027	-0.901189	0.433189	0.014338	-0.257176	-0.561060	0.786811
12807	8.975143	5.798915	7.293797	-0.184072	1.964008	0.538915	0.348679	0.718795	0.601462	-0.902795	0.429965	0.009525	-0.251761	-0.546318	0.798844
12808	8.945070	7.492466	7.320986	-0.349475	1.906021	0.419391	0.349651	0.730858	0.586166	-0.903382	0.428817	0.004204	-0.248285	-0.531002	0.810180
12809	7.937523	7.650616	7.719253	-0.720381	1.770957	0.755138	0.346920	0.743534	0.571668	-0.904390	0.426664	-0.006102	-0.248447	-0.514894	0.820462
12810	8.320654	5.200542	6.778634	-0.938635	1.425916	0.618244	0.344891	0.753405	0.559850	-0.904176	0.426808	-0.017357	-0.252025	-0.500216	0.828412
12811	10.061822	5.618644	5.517175	-0.664672	1.281590	0.143123	0.346570	0.760502	0.549114	-0.903133	0.428704	-0.023732	-0.253455	-0.487698	0.835411
12812	10.491036	6.628776	4.512232	-0.623568	0.926132	-0.221153	0.350917	0.764016	0.541421	-0.900770	0.433408	-0.027769	-0.255872	-0.477951	0.840293
12813	10.175818	6.274265	2.580164	-0.786437	0.011458	-0.184169	0.352406	0.763381	0.541350	-0.898188	0.438338	-0.033421	-0.262808	-0.474456	0.840133
12814	9.571827	4.700741	0.219153	-1.067054	-1.176789	0.356520	0.346026	0.759335	0.551068	-0.896552	0.440716	-0.044316	-0.276515	-0.478726	0.833283
12815	9.677597	1.065534	-4.467042	-1.166854	-1.892407	1.192240	0.329825	0.755484	0.566091	-0.897316	0.437201	-0.060664	-0.293326	-0.487954	0.822107
12816	13.324499	-5.672524	-9.164213	-0.390335	-0.379923	1.168219	0.318196	0.758691	0.568454	-0.899942	0.430270	-0.070514	-0.298087	-0.489138	0.819688
12817	10.682022	-5.384358	-3.893705	1.384980	1.130332	0.356902	0.318231	0.765727	0.558920	-0.905098	0.420784	-0.061146	-0.282006	-0.486419	0.826964
12818	8.284010	-1.223792	1.580375	2.114046	0.136486	0.110480	0.317592	0.766850	0.557742	-0.911199	0.409579	-0.044279	-0.262395	-0.494152	0.828832
12819	0.758611	1.736341	2.460214	2.266047	2.589511	-0.544009	0.329012	0.777268	0.536288	-0.915031	0.402762	-0.022372	-0.233385	-0.483360	0.843739
12820	2.176921	1.900509	15.945700	2.319359	-1.146531	0.373469	0.323001	0.773096	0.545888	-0.921456	0.388453	-0.004909	-0.215847	-0.501426	0.837844
12821	-3.759420	-0.482881	15.997780	0.672393	-2.969312	1.656102	0.301239	0.764112	0.570427	-0.928074	0.372296	-0.008598	-0.218938	-0.526809	0.821303
12822	18.563114	6.519192	17.260739	1.408948	-3.912634	-0.378611	0.296210	0.741413	0.602135	-0.930015	0.367487	0.005016	-0.217558	-0.561480	0.798379
12823	46.503236	26.246030	23.749097	2.180927	-2.288318	-4.578715	0.333740	0.710966	0.618988	-0.920192	0.388234	0.050216	-0.204610	-0.586346	0.783794
12824	-10.675223	9.654983	-5.981646	-4.338008	4.209535	2.030436	0.324236	0.742631	0.585978	-0.917427	0.397891	0.003373	-0.230651	-0.538686	0.810320
12825	10.339999	-12.927233	15.786051	-0.831994	-2.078153	5.257129	0.270818	0.751243	0.601907	-0.931028	0.363310	-0.034548	-0.244633	-0.551035	0.797819
12826	3.770343	-5.277723	3.892963	-0.283936	-0.667151	1.721766	0.253101	0.753705	0.606521	-0.934833	0.351932	-0.047229	-0.249052	-0.555042	0.793663
12827	5.933900	-2.555592	3.517556	0.757837	1.344003	-2.107765	0.276134	0.753517	0.596626	-0.931054	0.363767	-0.028509	-0.238515	-0.547618	0.802013
12828	5.736468	1.770211	13.624243	1.586379	0.552917	-0.408326	0.281208	0.755070	0.592276	-0.933566	0.358156	-0.013348	-0.222206	-0.549176	0.805624
12829	5.035049	3.174337	9.066743	-0.402273	-0.371205	-0.813035	0.288038	0.750027	0.595394	-0.930301	0.366608	-0.011764	-0.227099	-0.550507	0.803348
12830	8.315061	0.726009	7.402417	-0.281458	-0.339979	0.229628	0.285117	0.748989	0.598100	-0.930311	0.366447	-0.015410	-0.230714	-0.552026	0.801273
12831	7.149010	-1.164617	6.459224	-0.357151	-0.001259	0.340644	0.282042	0.750169	0.598080	-0.930394	0.365997	-0.020314	-0.234134	-0.550721	0.801179
12832	6.545672	-0.680909	8.000361	0.223142	0.172607	-0.031875	0.282734	0.750997	0.596712	-0.930820	0.365016	-0.018353	-0.231592	-0.550243	0.802246
12833	5.532417	0.096336	8.736666	0.094175	0.102747	-0.019846	0.283260	0.751425	0.595923	-0.930926	0.364790	-0.017483	-0.230524	-0.549808	0.802851
12834	6.282533	0.017711	8.048219	-0.013025	0.003031	0.003342	0.283230	0.751448	0.595908	-0.930901	0.364845	-0.017626	-0.230659	-0.549739	0.802859
12835	5.808756	0.301590	8.448406	0.080442	0.078374	-0.013464	0.283637	0.751766	0.595313	-0.930993	0.364645	-0.016905	-0.229786	-0.549437	0.803316
12836	5.980517	0.403140	8.463161	-0.038098	-0.016177	0.013150	0.283471	0.751720	0.595450	-0.930939	0.364764	-0.017307	-0.230209	-0.549422	0.803206
12837	6.114672	0.039784	8.058884	-0.014804	0.008282	0.010046	0.283498	0.751739	0.595413	-0.930879	0.364909	-0.017491	-0.230420	-0.549299	0.803229
12838	6.021728	0.130920	8.213728	-0.023189	0.005809	0.018836	0.283330	0.751834	0.595373	-0.930875	0.364903	-0.017807	-0.230642	-0.549173	0.803252
12839	5.976795	-0.482496	8.161739	-0.056641	-0.003966	0.037978	0.283069	0.751888	0.595430	-0.930797	0.365068	-0.018493	-0.231277	-0.548990	0.803195
12840	6.081286	-1.032029	8.017986	-0.034655	-0.047298	0.021950	0.282749	0.751703	0.595815	-0.930775	0.365103	-0.018920	-0.231756	-0.549221	0.802899
12841	6.278951	-0.513641	7.921858	0.055126	0.023356	-0.015556	0.283047	0.751712	0.595662	-0.930805	0.365054	-0.018389	-0.231272	-0.549240	0.803025
12842	6.184458	0.018093	8.346566	0.035931	0.002809	-0.015898	0.283196	0.751664	0.595652	-0.930839	0.364985	-0.018024	-0.230953	-0.549352	0.803040
12843	6.432437	-0.394832	8.023675	-0.002522	-0.016810	-0.004344	0.283298	0.751493	0.595819	-0.930766	0.365170	-0.018024	-0.231120	-0.549462	0.802916
12844	6.304416	0.051958	8.154784	0.057640	0.051000	-0.013117	0.283532	0.751720	0.595422	-0.930858	0.364961	-0.017501	-0.230462	-0.549291	0.803223
12845	6.169827	0.082681	8.337790	-0.010692	0.001362	0.008503	0.283558	0.751695	0.595441	-0.930802	0.365097	-0.017642	-0.230655	-0.549235	0.803205
12846	6.205440	-0.068464	8.165958	-0.011310	0.031180	0.009395	0.283537	0.751894	0.595199	-0.930799	0.365098	-0.017807	-0.230695	-0.548962	0.803381
12847	6.058901	-0.060872	8.375417	-0.038529	0.012692	0.021876	0.283465	0.751980	0.595125	-0.930716	0.365286	-0.018252	-0.231116	-0.548719	0.803426
12848	6.234643	-0.324032	8.082143	-0.042491	0.004607	0.025831	0.283230	0.752094	0.595093	-0.930687	0.365334	-0.018765	-0.231521	-0.548531	0.803438
12849	6.077875	-0.324069	8.214627	-0.028809	0.016074	0.016469	0.283217	0.752178	0.594993	-0.930611	0.365510	-0.019099	-0.231842	-0.548298	0.803504
12850	6.170007	-0.204925	8.050808	-0.019768	0.012508	0.007877	0.283167	0.752270	0.594901	-0.930584	0.365569	-0.019323	-0.232013	-0.548133	0.803567
12851	6.135547	-0.110950	8.213024	-0.024372	0.021269	0.009747	0.283229	0.752358	0.594760	-0.930499	0.365770	-0.019582	-0.232278	-0.547877	0.803665
12852	5.971062	-0.308874	8.230152	-0.026680	0.005647	0.018118	0.283068	0.752449	0.594721	-0.930484	0.365790	-0.019922	-0.232533	-0.547739	0.803685
12853	6.046666	-0.344119	8.198153	-0.022763	-0.010043	0.013057	0.283025	0.752379	0.594831	-0.930413	0.365957	-0.020187	-0.232871	-0.547724	0.803598
12854	6.094662	-0.183809	8.240262	-0.007721	0.003386	0.009530	0.282939	0.752426	0.594811	-0.930417	0.365937	-0.020324	-0.232956	-0.547672	0.803608
12855	6.175019	-0.233186	8.177246	-0.018484	-0.020105	0.014471	0.282859	0.752306	0.595002	-0.930360	0.366070	-0.020564	-0.233282	-0.547749	0.803461
12856	6.108601	-0.232568	8.147242	0.004650	0.005292	0.003567	0.282833	0.752342	0.594968	-0.930377	0.366027	-0.020566	-0.233247	-0.547728	0.803486
12857	6.121674	-0.176725	8.101356	-0.000175	-0.016332	0.005690	0.282843	0.752210	0.595130	-0.930337	0.366125	-0.020606	-0.233392	-0.547843	0.803365
12858	6.066805	-0.269604	8.100784	0.022258	-0.008682	-0.006523	0.282879	0.752132	0.595211	-0.930366	0.366063	-0.020407	-0.233233	-0.547992	0.803310
12859	6.059537	-0.198580	8.142786	0.029177	-0.010466	-0.009997	0.283049	0.751975	0.595329	-0.930351	0.366118	-0.020118	-0.233089	-0.548170	0.803230
12860	6.108461	-0.033652	8.184276	0.024720	-0.016727	-0.005720	0.283059	0.751856	0.595474	-0.930388	0.366036	-0.019903	-0.232929	-0.548388	0.803128
12861	6.101353	-0.140964	8.216844	0.016485	-0.023401	0.003585	0.283072	0.751678	0.595693	-0.930381	0.366059	-0.019797	-0.232940	-0.548618	0.802968
12862	5.987503	-0.312141	8.246566	0.016642	-0.027609	0.004104	0.282965	0.751535	0.595924	-0.930427	0.365947	-0.019706	-0.232887	-0.548888	0.802799
12863	6.103094	-0.250915	8.113260	0.024668	-0.049138	-0.000060	0.282952	0.751202	0.596350	-0.930429	0.365951	-0.019513	-0.232893	-0.549340	0.802487
12864	6.071222	-0.087417	8.180635	0.034947	-0.042189	0.006404	0.282789	0.750988	0.596697	-0.930524	0.365721	-0.019289	-0.232711	-0.549787	0.802234
12865	5.963194	-0.247374	8.262351	0.011945	-0.064208	0.008656	0.282660	0.750603	0.597242	-0.930522	0.365730	-0.019250	-0.232878	-0.550306	0.801830
12866	6.136329	-0.270562	8.117901	0.024449	-0.076209	0.007524	0.282408	0.750205	0.597862	-0.930596	0.365549	-0.019117	-0.232890	-0.550969	0.801371
12867	5.947962	-0.101723	8.160208	0.039989	-0.053802	0.001737	0.282366	0.749853	0.598323	-0.930639	0.365454	-0.018812	-0.232766	-0.551511	0.801034
12868	5.471661	-0.459193	8.407156	0.005891	-0.100553	0.012291	0.282013	0.749336	0.599136	-0.930683	0.365340	-0.018857	-0.233019	-0.552288	0.800425
12869	5.580903	-0.745782	8.362228	0.020078	-0.171591	-0.002122	0.281727	0.748319	0.600539	-0.930672	0.365378	-0.018689	-0.233409	-0.553640	0.799377
12870	6.626800	0.152832	7.883988	0.066937	-0.168677	-0.045977	0.281757	0.747210	0.601906	-0.930694	0.365361	-0.017896	-0.233285	-0.555147	0.798367
12871	6.701685	0.326164	8.148035	0.012029	-0.120828	-0.010945	0.281671	0.746439	0.602902	-0.930639	0.365508	-0.017740	-0.233607	-0.556087	0.797618
12872	6.226000	-0.299664	8.080786	-0.007412	-0.127473	-0.000049	0.281369	0.745723	0.603928	-0.930617	0.365561	-0.017817	-0.234059	-0.557013	0.796840
12873	6.264089	-0.024326	7.959442	0.034108	-0.101459	-0.017043	0.281387	0.745034	0.604769	-0.930595	0.365633	-0.017447	-0.234123	-0.557886	0.796209
12874	6.155774	0.356967	8.330899	0.006344	-0.110568	0.002714	0.281099	0.744420	0.605659	-0.930613	0.365589	-0.017431	-0.234398	-0.558735	0.795533
12875	6.124665	-0.130358	8.269257	-0.061599	-0.144606	0.026870	0.280606	0.743648	0.606834	-0.930490	0.365870	-0.018089	-0.235474	-0.559578	0.794622
12876	6.139251	-0.241314	8.080624	-0.033036	-0.142340	0.015092	0.280126	0.742899	0.607972	-0.930450	0.365954	-0.018461	-0.236204	-0.560516	0.793744
12877	6.151588	-0.332004	8.212192	-0.035027	-0.154231	0.009045	0.279773	0.742006	0.609224	-0.930339	0.366218	-0.018799	-0.237058	-0.561526	0.792775
12878	6.063899	-0.644433	8.150678	-0.023681	-0.166856	0.014712	0.279236	0.741115	0.610553	-0.930319	0.366254	-0.019094	-0.237768	-0.562678	0.791745
12879	6.250917	-0.710666	8.038698	0.014332	-0.173930	-0.037653	0.279265	0.739938	0.611966	-0.930196	0.366583	-0.018756	-0.238215	-0.564011	0.790662
12880	6.206611	-0.503270	8.115679	0.056460	-0.149452	-0.076912	0.279620	0.738805	0.613171	-0.930111	0.366845	-0.017857	-0.238131	-0.565324	0.789748
12881	6.398879	-0.269541	8.111671	0.057959	-0.167404	-0.086664	0.280118	0.737481	0.614537	-0.929955	0.367286	-0.016873	-0.238155	-0.566765	0.788708
12882	6.327175	-0.313593	7.963311	0.043672	-0.159689	-0.090374	0.280575	0.736236	0.615820	-0.929801	0.367716	-0.015991	-0.238220	-0.568103	0.787724
12883	6.481570	-0.091721	8.154647	0.036646	-0.144745	-0.115872	0.281397	0.734928	0.617007	-0.929511	0.368489	-0.014994	-0.238380	-0.569295	0.786815
12884	6.007253	-0.170216	8.386234	0.006600	-0.166892	-0.114669	0.282060	0.733546	0.618346	-0.929199	0.369305	-0.014252	-0.238813	-0.570546	0.785777
12885	6.388172	-0.109488	8.541129	-0.098796	-0.242138	-0.161517	0.283069	0.731507	0.620298	-0.928455	0.371181	-0.014033	-0.240508	-0.571946	0.784241
12886	5.213188	-0.260638	8.280798	-0.040551	-0.179279	-0.154361	0.284066	0.729899	0.621734	-0.927914	0.372553	-0.013410	-0.241417	-0.573107	0.783114
12887	5.784479	1.159047	9.418887	0.148760	-0.531374	-0.090404	0.283698	0.726453	0.625925	-0.927971	0.372468	-0.011691	-0.241630	-0.577523	0.779796
12888	6.629783	-0.459322	7.678482	-0.320350	-0.519393	0.004300	0.282387	0.723456	0.629976	-0.927197	0.374303	-0.014228	-0.246095	-0.580094	0.776485
12889	5.840358	-0.026482	8.585720	0.178131	-0.514472	-0.073912	0.281886	0.720130	0.633998	-0.927380	0.373916	-0.012386	-0.245982	-0.584465	0.773236
12890	6.441452	0.392237	8.146543	-0.058758	-0.629676	-0.034065	0.280642	0.716301	0.638868	-0.927133	0.374518	-0.012640	-0.248322	-0.588769	0.769212
12891	6.358705	0.105992	8.103343	0.072675	-0.617123	-0.035849	0.279510	0.712469	0.643632	-0.927170	0.374452	-0.011859	-0.249459	-0.593441	0.765243
12892	6.290073	0.174509	8.445383	0.048302	-0.717123	-0.004949	0.277757	0.708169	0.649113	-0.927272	0.374213	-0.011476	-0.251033	-0.598717	0.760605
12893	6.087126	-0.575646	8.388680	0.067759	-0.776591	-0.018117	0.276037	0.703381	0.655026	-0.927350	0.374037	-0.010850	-0.252635	-0.604443	0.755529
12894	6.144784	-0.991993	8.530408	0.070633	-0.876141	-0.074004	0.274499	0.697772	0.661637	-0.927320	0.374139	-0.009848	-0.254416	-0.610846	0.749759
12895	6.303437	-1.017080	8.133746	0.141882	-0.928074	-0.169805	0.273765	0.691392	0.668603	-0.927179	0.374541	-0.007666	-0.255720	-0.617816	0.743580
12896	6.947008	-0.396647	7.880380	0.146913	-0.945692	-0.241788	0.273579	0.684601	0.675630	-0.926888	0.375305	-0.004970	-0.256970	-0.624874	0.737224
12897	7.398373	-0.750510	7.266815	0.062632	-0.924971	-0.278302	0.273822	0.677704	0.682450	-0.926253	0.376893	-0.002628	-0.258991	-0.631402	0.730927
12898	7.621776	-0.623260	6.599788	0.052380	-0.726321	-0.328666	0.274975	0.671850	0.687755	-0.925482	0.378792	-0.000011	-0.260524	-0.636502	0.725943
12899	5.907606	-0.682881	8.152124	0.215055	-0.765706	-0.382195	0.276568	0.665460	0.693306	-0.924951	0.380063	0.004176	-0.260721	-0.642429	0.720631
12900	5.288611	0.117932	8.942555	0.377400	-1.137868	-0.462552	0.277877	0.656331	0.701437	-0.924647	0.380693	0.010091	-0.260409	-0.651385	0.712660
12901	5.411901	0.139765	9.890963	0.322997	-1.693858	-0.363631	0.276850	0.643775	0.713377	-0.924454	0.381002	0.014937	-0.262182	-0.663620	0.700621
12902	5.752038	-1.604825	8.320328	0.132466	-1.975130	-0.406052	0.275378	0.628979	0.727016	-0.923677	0.382713	0.018764	-0.266436	-0.676695	0.686364
12903	5.118351	-1.825854	9.809813	0.502393	-2.282273	-0.704597	0.275797	0.610632	0.742337	-0.923062	0.383677	0.027336	-0.268126	-0.692763	0.669468
12904	5.019693	-1.153510	10.315911	0.491450	-2.850800	-1.048113	0.277769	0.586565	0.760780	-0.921481	0.386516	0.038437	-0.271508	-0.711721	0.647871
12905	6.363967	-2.356715	11.001010	0.435359	-3.357612	-1.333834	0.280817	0.557133	0.781502	-0.918956	0.390988	0.051473	-0.276880	-0.732620	0.621776
12906	7.514616	-1.858635	10.737529	0.624311	-3.664537	-1.633588	0.285570	0.523442	0.802781	-0.916066	0.395187	0.068192	-0.281554	-0.754874	0.592362
12907	9.954481	-0.994058	10.647909	0.489707	-3.995355	-1.833424	0.290893	0.485572	0.824379	-0.912207	0.400621	0.085912	-0.288547	-0.776996	0.559480
12908	11.051778	-2.767508	10.165448	0.118490	-3.959520	-1.913678	0.296661	0.446672	0.844083	-0.906926	0.408628	0.102510	-0.299127	-0.795932	0.526322
12909	11.992749	-3.861132	9.145784	0.287187	-3.972345	-2.029707	0.302888	0.406386	0.862038	-0.901764	0.414869	0.121267	-0.308352	-0.814085	0.492124
12910	11.630670	-4.595999	9.508424	0.512493	-3.871409	-2.276813	0.311276	0.365024	0.877419	-0.896363	0.419454	0.143496	-0.315658	-0.831153	0.457760
12911	10.255469	-5.213464	8.910494	0.783547	-3.636653	-2.459019	0.321621	0.324253	0.889618	-0.891147	0.421205	0.168651	-0.320026	-0.847022	0.424426
12912	8.869679	-5.941473	7.979117	1.127806	-3.570219	-2.604401	0.333308	0.282769	0.899415	-0.886230	0.419488	0.196538	-0.321719	-0.862596	0.390417
12913	5.281656	-7.062898	7.876185	1.915074	-3.511430	-2.792105	0.346718	0.240724	0.906553	-0.882956	0.409899	0.228850	-0.316506	-0.879792	0.354668
12914	1.669455	-8.101610	5.419401	2.688976	-3.879319	-3.448015	0.365009	0.192346	0.910918	-0.879056	0.393464	0.269159	-0.306642	-0.898993	0.312701
12915	1.799759	-6.736756	7.690669	4.145334	-3.904150	-4.627214	0.393952	0.139486	0.908485	-0.873893	0.363117	0.323199	-0.284804	-0.921244	0.264947
12916	14.371772	0.113482	14.992021	4.589888	-3.527234	-5.943368	0.435947	0.086090	0.895845	-0.861712	0.327080	0.387905	-0.259619	-0.941067	0.216774
12917	17.517533	7.233820	12.879794	3.108821	-1.954764	-6.640657	0.487485	0.047004	0.871865	-0.838997	0.301692	0.452842	-0.241749	-0.952246	0.186506
12918	19.164720	21.418584	9.341485	2.065118	-1.577833	-5.562917	0.529773	0.015623	0.847996	-0.815590	0.283716	0.504300	-0.232711	-0.958781	0.163047
12919	11.880142	22.987812	8.985412	-3.445129	2.826212	-0.272554	0.538700	0.042145	0.841443	-0.806078	0.316257	0.500219	-0.245031	-0.947737	0.204340
12920	-2.508380	-2.467920	14.513897	-4.596126	2.740382	1.835535	0.530937	0.074071	0.844168	-0.804114	0.358388	0.474299	-0.267408	-0.930630	0.249843
12921	3.129957	-0.573395	5.945061	-5.392300	0.116725	1.367362	0.520266	0.080835	0.850170	-0.796004	0.406517	0.448466	-0.309357	-0.910060	0.275842
12922	2.054921	-3.307555	1.300589	-5.455900	1.024681	2.886961	0.500685	0.102437	0.859547	-0.792815	0.452891	0.407840	-0.347504	-0.885661	0.307969
