// General information: 
//  MT Manager version: 2022.2.0 
//  XDA version: 2022.2.0 build 7381 rev 124627 built on 2023-07-19
// Device information: 
//  DeviceId: 00B4CBA7
//  ProductCode: MTW2-3A7G6
//  Firmware Version: 4.6.0
//  Hardware Version: 2.0.0
// Device settings: 
//  Filter Profile: human(46.1)
//  Option Flags: Orientation Smoother Disabled, Position/Velocity Smoother Disabled, Continuous Zero Rotation Update Disabled, AHS Disabled, ICC Disabled
// Coordinate system: ENU
PacketCounter	Acc_X	Acc_Y	Acc_Z	Gyr_X	Gyr_Y	Gyr_Z	Mat[1][1]	Mat[2][1]	Mat[3][1]	Mat[1][2]	Mat[2][2]	Mat[3][2]	Mat[1][3]	Mat[2][3]	Mat[3][3]
58895	9.529129	1.033202	-1.965397	-0.021129	-0.016701	-0.005675	0.216605	-0.016687	0.976117	-0.450195	-0.888904	0.084704	0.866260	-0.457790	-0.200053
58896	9.493531	0.986787	-1.978606	-0.008346	-0.019933	0.001207	0.216772	-0.016780	0.976078	-0.450265	-0.888867	0.084716	0.866182	-0.457857	-0.200237
58897	9.476825	0.979049	-1.950882	-0.006629	-0.017206	0.002560	0.216877	-0.016814	0.976054	-0.450366	-0.888812	0.084760	0.866103	-0.457964	-0.200335
58898	9.466956	0.946235	-1.946239	-0.001953	-0.021549	0.004649	0.217043	-0.016945	0.976015	-0.450388	-0.888804	0.084725	0.866050	-0.457975	-0.200540
58899	9.443396	0.962959	-1.895961	-0.001406	-0.023642	0.004887	0.217156	-0.017018	0.975989	-0.450570	-0.888709	0.084755	0.865927	-0.458157	-0.200656
58900	9.494432	0.991263	-1.861966	-0.003271	-0.020758	0.004625	0.217314	-0.017144	0.975951	-0.450604	-0.888695	0.084724	0.865870	-0.458179	-0.200851
58901	9.557145	1.024044	-1.881023	-0.015047	-0.022524	0.005509	0.217406	-0.017250	0.975929	-0.451090	-0.888442	0.084785	0.865594	-0.458665	-0.200934
58902	9.600849	0.991752	-1.886950	-0.018607	-0.016636	0.006752	0.217519	-0.017377	0.975901	-0.451261	-0.888357	0.084764	0.865476	-0.458824	-0.201076
58903	9.528928	1.063097	-1.909294	-0.025854	-0.017135	0.010813	0.217567	-0.017444	0.975889	-0.451391	-0.888292	0.084756	0.865396	-0.458948	-0.201137
58904	9.556451	1.048941	-1.939630	-0.033471	-0.023609	0.008483	0.217732	-0.017618	0.975849	-0.451694	-0.888139	0.084748	0.865196	-0.459238	-0.201334
58905	9.541906	1.012825	-1.958583	-0.026025	-0.017258	0.009051	0.217741	-0.017667	0.975847	-0.451885	-0.888041	0.084752	0.865095	-0.459425	-0.201347
58906	9.504425	1.019631	-1.978789	-0.032897	-0.019973	0.011584	0.217861	-0.017852	0.975817	-0.452190	-0.887890	0.084713	0.864905	-0.459710	-0.201509
58907	9.527189	1.001955	-2.033035	-0.026129	-0.023808	0.013486	0.218025	-0.018068	0.975776	-0.452863	-0.887543	0.084753	0.864512	-0.460371	-0.201689
58908	9.473342	1.000589	-2.024237	-0.023091	-0.021875	0.014865	0.218146	-0.018290	0.975745	-0.453090	-0.887436	0.084662	0.864362	-0.460569	-0.201877
58909	9.466280	1.024563	-2.003061	-0.027446	-0.023017	0.013469	0.218215	-0.018398	0.975727	-0.453262	-0.887350	0.084637	0.864255	-0.460729	-0.201972
58910	9.488975	0.980676	-2.003345	-0.035009	-0.018029	0.016863	0.218293	-0.018621	0.975706	-0.453596	-0.887188	0.084551	0.864060	-0.461033	-0.202113
58911	9.549154	0.981583	-2.092103	-0.035328	-0.012541	0.016190	0.218159	-0.018652	0.975735	-0.453909	-0.887029	0.084530	0.863929	-0.461336	-0.201980
58912	9.555760	0.929927	-2.061961	-0.045155	-0.008183	0.018007	0.218146	-0.018839	0.975734	-0.454334	-0.886819	0.084453	0.863709	-0.461732	-0.202016
58913	9.567189	0.907613	-2.061832	-0.050881	-0.011809	0.018806	0.218120	-0.018982	0.975737	-0.454872	-0.886545	0.084437	0.863432	-0.462253	-0.202008
58914	9.506786	0.905147	-1.974928	-0.048591	-0.013630	0.015323	0.218166	-0.019170	0.975723	-0.455320	-0.886319	0.084393	0.863184	-0.462678	-0.202093
58915	9.534264	0.864867	-1.951066	-0.044438	-0.018336	0.012093	0.218237	-0.019317	0.975705	-0.455914	-0.886010	0.084434	0.862853	-0.463264	-0.202167
58916	9.571229	0.830903	-1.879926	-0.016710	-0.013799	0.009898	0.218309	-0.019458	0.975686	-0.456075	-0.885932	0.084379	0.862749	-0.463407	-0.202281
58917	9.464987	0.914231	-1.795951	0.008276	-0.014236	0.012073	0.218359	-0.019590	0.975672	-0.456300	-0.885820	0.084335	0.862618	-0.463615	-0.202365
58918	9.568064	0.995769	-1.779154	0.007081	-0.016605	0.016032	0.218427	-0.019798	0.975653	-0.456270	-0.885852	0.084173	0.862617	-0.463546	-0.202527
58919	9.641310	0.894602	-1.807620	0.008984	-0.024385	0.006136	0.218560	-0.019875	0.975621	-0.456189	-0.885895	0.084150	0.862626	-0.463459	-0.202688
58920	9.550078	0.900214	-1.818560	0.039509	-0.036764	0.011285	0.218824	-0.020134	0.975557	-0.455868	-0.886078	0.083967	0.862729	-0.463099	-0.203073
58921	9.462655	1.047757	-1.750323	0.062920	-0.045538	0.011024	0.219149	-0.020396	0.975478	-0.455531	-0.886266	0.083808	0.862824	-0.462727	-0.203516
58922	9.416230	1.131606	-1.757779	0.059270	-0.046203	0.016728	0.219470	-0.020747	0.975399	-0.455052	-0.886538	0.083532	0.862995	-0.462190	-0.204009
58923	9.441387	1.143421	-1.745013	0.031912	-0.052940	0.017428	0.219806	-0.021036	0.975317	-0.454806	-0.886679	0.083375	0.863039	-0.461906	-0.204465
58924	9.494742	1.002286	-1.817953	0.012145	-0.058941	0.017587	0.220233	-0.021453	0.975211	-0.454735	-0.886733	0.083187	0.862968	-0.461783	-0.205043
58925	9.580309	0.876532	-1.950043	0.033781	-0.055832	0.017705	0.220560	-0.021779	0.975130	-0.454645	-0.886795	0.083027	0.862932	-0.461650	-0.205493
58926	9.597346	0.827697	-1.978337	0.044557	-0.058781	0.017453	0.220985	-0.022194	0.975025	-0.454294	-0.886998	0.082774	0.863008	-0.461240	-0.206096
58927	9.580017	0.843310	-2.008796	0.048694	-0.061043	0.019310	0.221383	-0.022553	0.974926	-0.454088	-0.887120	0.082592	0.863014	-0.460987	-0.206635
58928	9.570374	0.945560	-2.053106	0.059707	-0.063055	0.013540	0.221863	-0.022951	0.974808	-0.453599	-0.887394	0.082344	0.863148	-0.460441	-0.207291
58929	9.504355	0.964405	-2.049089	0.042664	-0.061629	0.014405	0.222337	-0.023307	0.974691	-0.453430	-0.887492	0.082211	0.863115	-0.460233	-0.207890
58930	9.480364	1.005589	-2.056644	0.025032	-0.063837	0.012185	0.222830	-0.023696	0.974569	-0.453237	-0.887606	0.082048	0.863089	-0.459994	-0.208525
58931	9.458142	0.993289	-2.056976	0.004762	-0.064458	0.009921	0.223293	-0.024026	0.974455	-0.453403	-0.887524	0.082013	0.862882	-0.460134	-0.209071
58932	9.377810	0.951792	-2.015860	0.001900	-0.066267	0.010346	0.223815	-0.024411	0.974326	-0.453406	-0.887532	0.081917	0.862746	-0.460099	-0.209711
58933	9.399374	0.907742	-2.020895	-0.002461	-0.067404	0.008980	0.224431	-0.024898	0.974172	-0.454112	-0.887168	0.081944	0.862214	-0.460774	-0.210415
58934	9.404213	0.908027	-2.103906	-0.002776	-0.061915	0.008293	0.224925	-0.025245	0.974049	-0.454151	-0.887154	0.081878	0.862065	-0.460782	-0.211008
58935	9.436484	0.894177	-2.215514	-0.001996	-0.058157	0.013153	0.225290	-0.025543	0.973957	-0.454277	-0.887096	0.081816	0.861903	-0.460878	-0.211457
58936	9.490089	0.865494	-2.278978	-0.018272	-0.057880	0.008755	0.225746	-0.025875	0.973843	-0.454450	-0.887010	0.081778	0.861692	-0.461024	-0.211998
58937	9.545046	0.809275	-2.388778	-0.028227	-0.050348	0.006604	0.226135	-0.026165	0.973745	-0.455071	-0.886685	0.081857	0.861263	-0.461633	-0.212417
58938	9.571305	0.795549	-2.422203	-0.032910	-0.045993	0.004540	0.226507	-0.026405	0.973651	-0.455361	-0.886533	0.081892	0.861012	-0.461912	-0.212830
58939	9.625567	0.742005	-2.430128	-0.012866	-0.033340	0.001610	0.226750	-0.026496	0.973593	-0.455658	-0.886370	0.082000	0.860790	-0.462219	-0.213057
58940	9.570179	0.770123	-2.374604	-0.011052	-0.024066	-0.001520	0.226961	-0.026581	0.973541	-0.455746	-0.886320	0.082048	0.860688	-0.462309	-0.213275
58941	9.589350	0.809741	-2.335724	-0.003381	-0.016789	-0.006560	0.227009	-0.026476	0.973533	-0.455810	-0.886275	0.082183	0.860642	-0.462402	-0.213261
58942	9.580814	0.889189	-2.321016	-0.005232	-0.011443	-0.001753	0.227112	-0.026500	0.973508	-0.455847	-0.886252	0.082221	0.860595	-0.462444	-0.213359
58943	9.514545	0.938783	-2.264072	0.000906	-0.004311	-0.001288	0.227218	-0.026614	0.973480	-0.456581	-0.885862	0.082351	0.860178	-0.463184	-0.213435
58944	9.485795	0.981215	-2.188542	-0.004379	-0.003590	-0.006434	0.227275	-0.026561	0.973468	-0.456601	-0.885845	0.082432	0.860152	-0.463221	-0.213458
58945	9.477962	0.895600	-2.174853	-0.003713	0.004142	-0.012885	0.227283	-0.026425	0.973470	-0.457007	-0.885614	0.082660	0.859934	-0.463670	-0.213362
58946	9.488096	0.903050	-2.127062	0.016205	0.006972	-0.009142	0.227262	-0.026299	0.973479	-0.456844	-0.885692	0.082724	0.860026	-0.463528	-0.213298
58947	9.480538	0.956357	-2.056571	0.021530	0.009528	-0.006225	0.227132	-0.026149	0.973513	-0.456964	-0.885620	0.082826	0.859997	-0.463673	-0.213102
58948	9.495234	0.992482	-2.038964	0.016752	0.004876	-0.008899	0.227127	-0.026035	0.973517	-0.456798	-0.885701	0.082887	0.860087	-0.463526	-0.213059
58949	9.493980	1.020925	-1.991774	0.011264	0.007113	-0.003452	0.227065	-0.025939	0.973534	-0.456881	-0.885650	0.082965	0.860059	-0.463628	-0.212952
58950	9.473042	1.010393	-1.985356	-0.000517	0.002912	-0.007538	0.227071	-0.025845	0.973535	-0.456866	-0.885650	0.083049	0.860065	-0.463633	-0.212914
58951	9.485330	0.987297	-2.084728	-0.009921	0.010806	-0.004385	0.226925	-0.025718	0.973573	-0.457262	-0.885433	0.083191	0.859893	-0.464056	-0.212687
58952	9.473524	1.035367	-2.138276	-0.014914	0.005214	-0.001533	0.226884	-0.025667	0.973584	-0.457385	-0.885364	0.083247	0.859839	-0.464190	-0.212614
58953	9.459014	1.000240	-2.154639	-0.030825	0.005731	-0.002382	0.226786	-0.025597	0.973608	-0.458008	-0.885026	0.083417	0.859533	-0.464838	-0.212435
58954	9.470072	1.005421	-2.206899	-0.033636	0.009654	0.000878	0.226696	-0.025546	0.973631	-0.458297	-0.884869	0.083490	0.859403	-0.465139	-0.212304
58955	9.494559	0.934953	-2.250928	-0.041319	0.017812	0.000302	0.226489	-0.025428	0.973682	-0.458930	-0.884526	0.083653	0.859120	-0.465798	-0.212004
58956	9.535209	0.872594	-2.323669	-0.053142	0.028231	-0.002096	0.226252	-0.025264	0.973741	-0.459380	-0.884278	0.083796	0.858941	-0.466276	-0.211675
58957	9.508545	0.748659	-2.347658	-0.063509	0.032245	-0.005538	0.226067	-0.025173	0.973786	-0.460566	-0.883634	0.084079	0.858355	-0.467500	-0.211354
58958	9.601135	0.741757	-2.437317	-0.047063	0.045076	-0.010041	0.225723	-0.024859	0.973874	-0.460946	-0.883417	0.084287	0.858241	-0.467929	-0.210866
58959	9.639271	0.763155	-2.467448	-0.070021	0.058208	-0.015650	0.225211	-0.024301	0.974007	-0.461350	-0.883172	0.084639	0.858158	-0.468420	-0.210112
58960	9.706712	0.743641	-2.571701	-0.060667	0.080384	-0.022676	0.224622	-0.023710	0.974157	-0.461818	-0.882893	0.084997	0.858061	-0.468976	-0.209267
58961	9.733067	0.676656	-2.608871	-0.070026	0.089095	-0.026758	0.223940	-0.023034	0.974331	-0.462635	-0.882419	0.085472	0.857799	-0.469900	-0.208265
58962	9.699908	0.634478	-2.610455	-0.054847	0.106008	-0.033431	0.223182	-0.022226	0.974523	-0.463030	-0.882168	0.085922	0.857784	-0.470410	-0.207175
58963	9.608608	0.702075	-2.512496	-0.034530	0.122919	-0.043992	0.222350	-0.021253	0.974735	-0.463435	-0.881900	0.086487	0.857781	-0.470957	-0.205940
58964	9.530752	0.694047	-2.405947	-0.019757	0.138768	-0.046863	0.221373	-0.020171	0.974981	-0.463499	-0.881816	0.086995	0.857999	-0.471161	-0.204560
58965	9.448198	0.656492	-2.268587	0.008436	0.147655	-0.055035	0.220430	-0.019108	0.975216	-0.463979	-0.881504	0.087602	0.857983	-0.471790	-0.203175
58966	9.434205	0.766092	-2.114331	0.050563	0.154818	-0.053033	0.219343	-0.017896	0.975484	-0.463428	-0.881752	0.088028	0.858559	-0.471374	-0.201700
58967	9.338515	0.862201	-1.866567	0.079095	0.158223	-0.060451	0.218299	-0.016614	0.975740	-0.462787	-0.882039	0.088520	0.859170	-0.470884	-0.200237
58968	9.387016	1.090005	-1.666157	0.102211	0.154957	-0.061288	0.217247	-0.015330	0.975996	-0.461774	-0.882529	0.088925	0.859982	-0.470008	-0.198806
58969	9.484685	1.124377	-1.449182	0.055350	0.160971	-0.066411	0.216149	-0.013994	0.976260	-0.461374	-0.882680	0.089498	0.860473	-0.469766	-0.197247
58970	9.764164	0.862433	-1.452798	0.084519	0.155863	-0.067315	0.215114	-0.012654	0.976507	-0.460500	-0.883085	0.090000	0.861200	-0.469042	-0.195791
58971	10.003683	0.997677	-1.352135	0.178580	0.160248	-0.067558	0.214003	-0.011224	0.976768	-0.458699	-0.883988	0.090340	0.862437	-0.467376	-0.194324
58972	9.951663	1.086356	-1.264559	0.254621	0.161329	-0.066193	0.212910	-0.009871	0.977022	-0.456358	-0.885181	0.090505	0.863948	-0.465141	-0.192969
58973	9.855028	1.206141	-1.175519	0.247839	0.131011	-0.054564	0.211948	-0.008596	0.977243	-0.453656	-0.886561	0.090592	0.865606	-0.462533	-0.191805
58974	9.848624	1.233797	-1.144293	0.210652	0.095897	-0.055148	0.211363	-0.007650	0.977378	-0.451712	-0.887537	0.090738	0.866765	-0.460672	-0.191048
58975	9.771185	1.227703	-1.022479	0.217225	0.067531	-0.049878	0.211037	-0.006860	0.977454	-0.449749	-0.888521	0.090867	0.867865	-0.458785	-0.190596
58976	9.712023	1.175335	-0.925477	0.197262	0.031173	-0.049436	0.210984	-0.006263	0.977469	-0.447929	-0.889427	0.090985	0.868818	-0.457034	-0.190461
58977	9.638738	1.199007	-0.840038	0.179118	0.004072	-0.052089	0.211114	-0.005649	0.977445	-0.446149	-0.890298	0.091217	0.869702	-0.455344	-0.190474
58978	9.547695	1.165407	-0.619480	0.150291	-0.029003	-0.053462	0.211600	-0.005290	0.977342	-0.444727	-0.890984	0.091464	0.870312	-0.454004	-0.190884
58979	9.581277	0.968816	-0.575677	0.119598	-0.064959	-0.057952	0.212372	-0.004964	0.977176	-0.443448	-0.891582	0.091846	0.870777	-0.452832	-0.191549
58980	9.710276	1.018806	-0.541055	0.114247	-0.100970	-0.056435	0.213497	-0.004903	0.976931	-0.442330	-0.892102	0.092189	0.871070	-0.451808	-0.192630
58981	9.755835	1.073995	-0.596263	0.117626	-0.144270	-0.043554	0.214973	-0.005163	0.976606	-0.441577	-0.892444	0.092483	0.871089	-0.451128	-0.194132
58982	9.804627	1.280500	-0.455148	0.121108	-0.201581	-0.041242	0.216907	-0.005688	0.976176	-0.440431	-0.892992	0.092660	0.871190	-0.450036	-0.196201
58983	9.676700	1.502051	-0.314111	0.081924	-0.277052	-0.030690	0.219442	-0.006566	0.975604	-0.439608	-0.893376	0.092868	0.870971	-0.449262	-0.198930
58984	9.670738	1.537941	-0.198451	0.062694	-0.342442	-0.029432	0.222548	-0.007825	0.974890	-0.438994	-0.893660	0.093041	0.870492	-0.448677	-0.202317
58985	9.749427	1.593628	-0.058551	0.036899	-0.409686	-0.030922	0.226256	-0.009327	0.974023	-0.438788	-0.893727	0.093368	0.869640	-0.448515	-0.206304
58986	9.844829	1.524300	0.192648	0.025921	-0.473928	-0.024357	0.230478	-0.011219	0.973013	-0.438505	-0.893845	0.093563	0.868674	-0.448235	-0.210931
58987	10.029775	1.441135	0.319522	0.037278	-0.536309	-0.024353	0.235219	-0.013278	0.971852	-0.438060	-0.894037	0.093810	0.867626	-0.447796	-0.216111
58988	10.312611	1.574948	0.380930	0.069163	-0.607561	-0.013208	0.240541	-0.015863	0.970509	-0.437427	-0.894349	0.093798	0.866486	-0.447089	-0.222066
58989	10.559603	1.718307	0.513537	0.054292	-0.685949	0.003928	0.246394	-0.018816	0.968987	-0.436823	-0.894654	0.093702	0.865145	-0.446364	-0.228656
58990	10.608743	1.816285	0.206332	0.042686	-0.757387	0.032912	0.252791	-0.022474	0.967260	-0.436534	-0.894838	0.093296	0.863444	-0.445826	-0.236018
58991	10.537658	1.750743	-0.459788	0.062697	-0.794762	0.067680	0.259286	-0.026579	0.965435	-0.436531	-0.894911	0.092601	0.861517	-0.445453	-0.243641
58992	10.483042	1.758862	-0.841865	0.056112	-0.821449	0.115477	0.265847	-0.031253	0.963509	-0.436349	-0.895127	0.091360	0.859608	-0.444714	-0.251604
58993	10.447188	1.347877	-1.543549	0.144372	-0.794862	0.164185	0.271922	-0.036213	0.961638	-0.435875	-0.895543	0.089528	0.857946	-0.443498	-0.259302
58994	10.267720	1.310921	-1.963965	0.170314	-0.780499	0.172643	0.277856	-0.041198	0.959739	-0.434887	-0.896230	0.087433	0.856545	-0.441672	-0.266940
58995	10.303077	0.641069	-2.461063	0.131074	-0.768479	0.170489	0.283661	-0.046205	0.957811	-0.434934	-0.896388	0.085566	0.854616	-0.440857	-0.274366
58996	10.245110	0.207419	-2.689018	0.190934	-0.748016	0.153016	0.289379	-0.050851	0.955863	-0.433740	-0.897153	0.083583	0.853305	-0.438783	-0.281674
58997	10.131603	-0.308255	-2.780353	0.261268	-0.732432	0.144142	0.294871	-0.055351	0.953933	-0.432526	-0.897922	0.081597	0.852040	-0.436661	-0.288712
58998	9.875149	-0.703430	-2.690384	0.325143	-0.730045	0.130704	0.300520	-0.059685	0.951906	-0.430144	-0.899261	0.079413	0.851272	-0.433322	-0.295919
58999	9.623965	-0.932106	-2.727972	0.426900	-0.713553	0.121915	0.305963	-0.064123	0.949881	-0.428101	-0.900435	0.077110	0.850362	-0.430238	-0.302951
59000	9.510666	-1.336065	-2.718556	0.426568	-0.716189	0.128169	0.311500	-0.068328	0.947786	-0.424870	-0.902176	0.074599	0.849972	-0.425923	-0.310058
59001	9.594742	-1.857919	-2.799641	0.405700	-0.728717	0.151027	0.316865	-0.072849	0.945669	-0.422609	-0.903447	0.072007	0.849116	-0.422465	-0.317058
59002	9.822212	-2.138094	-2.791384	0.444013	-0.724333	0.173822	0.322277	-0.077448	0.943472	-0.419395	-0.905181	0.068955	0.848673	-0.417910	-0.324201
59003	9.702099	-1.919132	-2.972846	0.517276	-0.695522	0.197277	0.327262	-0.082502	0.941325	-0.416934	-0.906574	0.065496	0.847977	-0.413905	-0.331085
59004	9.592086	-1.223640	-2.911590	0.459049	-0.671534	0.206530	0.332093	-0.087124	0.939214	-0.413724	-0.908286	0.062032	0.847671	-0.409176	-0.337681
59005	9.345410	-0.747606	-3.336900	0.356204	-0.613803	0.220820	0.336323	-0.091766	0.937265	-0.411995	-0.909286	0.058812	0.846845	-0.405928	-0.343621
59006	9.334304	-0.415919	-3.416463	0.218510	-0.552958	0.234353	0.340034	-0.096119	0.935488	-0.410939	-0.909949	0.055874	0.845876	-0.403428	-0.348912
59007	9.300557	0.186241	-3.138575	0.125271	-0.442573	0.246706	0.342733	-0.100069	0.934088	-0.410707	-0.910215	0.053184	0.844898	-0.401865	-0.353060
59008	9.074303	0.831265	-2.487511	0.006998	-0.264547	0.254563	0.343915	-0.103433	0.933287	-0.411523	-0.909983	0.050796	0.844021	-0.401539	-0.355522
59009	8.617480	0.528075	-2.134101	-0.110100	-0.011629	0.255252	0.342940	-0.105700	0.933391	-0.413249	-0.909306	0.048860	0.843574	-0.402480	-0.355518
59010	8.328153	-0.792109	-2.166234	-0.037235	0.245965	0.257987	0.339791	-0.107039	0.934390	-0.414445	-0.908881	0.046596	0.844261	-0.403086	-0.353192
59011	8.895843	-1.933265	-2.296977	0.329998	0.511792	0.301687	0.334195	-0.107624	0.936339	-0.412582	-0.909921	0.042670	0.847402	-0.400576	-0.348495
59012	9.642208	-2.153745	-2.219551	0.917222	0.844957	0.351415	0.325564	-0.107458	0.939394	-0.405939	-0.913182	0.036226	0.853945	-0.393131	-0.340920
59013	9.504699	-1.498443	-2.068874	1.516305	1.191992	0.381782	0.313772	-0.106256	0.943534	-0.394057	-0.918672	0.027587	0.863867	-0.380462	-0.330124
59014	8.633170	-0.516862	-0.907046	1.830554	1.441288	0.358876	0.299844	-0.104176	0.948283	-0.379240	-0.925118	0.018283	0.875369	-0.365109	-0.316899
59015	8.854258	0.197395	-1.026856	1.965831	1.678484	0.273246	0.284002	-0.100643	0.953527	-0.362633	-0.931882	0.009650	0.887603	-0.348522	-0.301153
59016	8.983761	0.931203	-1.038189	1.896414	1.941817	0.117184	0.266227	-0.095108	0.959207	-0.346009	-0.938226	0.003007	0.899667	-0.332695	-0.282689
59017	9.053938	1.238983	-1.035114	1.542210	2.115302	-0.048131	0.247210	-0.087665	0.964988	-0.331843	-0.943334	-0.000687	0.910367	-0.320055	-0.262292
59018	9.368651	1.354771	-0.837157	1.099212	2.256481	-0.200410	0.227213	-0.078628	0.970666	-0.321313	-0.946972	-0.001496	0.919311	-0.311547	-0.240428
59019	9.731125	0.832862	-0.731611	0.632487	2.379591	-0.320176	0.206230	-0.068135	0.976129	-0.314680	-0.949198	0.000228	0.926523	-0.307216	-0.217193
59020	10.107881	0.035951	-0.813793	0.243405	2.447503	-0.401310	0.184733	-0.056798	0.981146	-0.311636	-0.950194	0.003670	0.932071	-0.306439	-0.193233
59021	10.505597	-0.746305	-1.103135	0.039730	2.504976	-0.448966	0.162680	-0.044748	0.985664	-0.310377	-0.950579	0.008072	0.936590	-0.307241	-0.168529
59022	10.691190	-1.023485	-1.123866	-0.046955	2.531355	-0.462156	0.140350	-0.032542	0.989567	-0.310121	-0.950612	0.012723	0.940280	-0.308671	-0.143510
59023	10.771015	-0.460523	-0.894830	-0.104096	2.516037	-0.452119	0.118008	-0.020372	0.992804	-0.310417	-0.950441	0.017395	0.943247	-0.310236	-0.118483
59024	10.668192	0.472062	-0.633049	-0.235628	2.484518	-0.424675	0.095862	-0.008580	0.995358	-0.312191	-0.949767	0.021880	0.945170	-0.312840	-0.093725
59025	10.570432	1.595586	-0.412260	-0.430279	2.435590	-0.405158	0.074051	0.003017	0.997250	-0.315818	-0.948455	0.026320	0.945926	-0.316898	-0.069281
59026	10.435761	2.683103	1.046814	-0.847579	2.296306	-0.361356	0.053490	0.013823	0.998473	-0.323604	-0.945703	0.030428	0.944680	-0.324737	-0.046113
59027	10.789054	2.734454	-0.038701	-1.211810	2.187267	-0.224737	0.033544	0.023255	0.999167	-0.334821	-0.941698	0.033158	0.941684	-0.335655	-0.023802
59028	9.415162	3.683009	1.174248	-1.357137	1.987266	-0.181473	0.015482	0.031769	0.999375	-0.347534	-0.937008	0.035170	0.937540	-0.347861	-0.003466
59029	9.294397	3.874402	0.848776	-1.815692	1.691130	-0.113231	0.000025	0.038947	0.999241	-0.364353	-0.930554	0.036278	0.931261	-0.364078	0.014167
59030	9.368854	2.553905	0.831609	-2.026715	1.416514	-0.036603	-0.012983	0.044589	0.998921	-0.383157	-0.922973	0.036219	0.923592	-0.382274	0.029068
59031	8.994177	0.995197	0.728280	-1.844917	1.158429	0.060666	-0.023936	0.048665	0.998528	-0.399959	-0.915863	0.035049	0.916221	-0.398531	0.041386
59032	8.735009	0.419332	0.563752	-1.438529	0.881012	0.152283	-0.032607	0.050859	0.998173	-0.413056	-0.910112	0.032879	0.910122	-0.411230	0.050683
59033	8.778259	0.011708	0.263774	-0.896628	0.660459	0.216816	-0.039568	0.051741	0.997876	-0.420961	-0.906572	0.030314	0.906216	-0.418867	0.057652
59034	8.613509	0.247505	0.331272	-0.344916	0.471443	0.252535	-0.044909	0.051452	0.997665	-0.423981	-0.905250	0.027601	0.904557	-0.421752	0.062469
59035	8.621763	0.634982	0.239975	0.021605	0.291770	0.271257	-0.048756	0.050332	0.997542	-0.423501	-0.905551	0.024991	0.904582	-0.421242	0.065467
59036	8.660133	1.018200	0.060508	0.263885	0.144902	0.278330	-0.051249	0.048436	0.997511	-0.420978	-0.906794	0.022403	0.905622	-0.418782	0.066863
59037	8.813360	1.206663	0.130847	0.289789	-0.038481	0.294549	-0.052192	0.045709	0.997590	-0.418040	-0.908214	0.019743	0.906928	-0.416002	0.066509
59038	8.770968	1.031338	0.020618	0.291751	-0.142827	0.319687	-0.052234	0.042229	0.997742	-0.415229	-0.909562	0.016759	0.908216	-0.413416	0.065044
59039	8.349716	0.401910	-0.454930	0.329120	-0.248869	0.367137	-0.051543	0.037971	0.997949	-0.411883	-0.911138	0.013395	0.909778	-0.410348	0.062602
59040	8.251414	-0.072005	-0.948243	0.494367	-0.369561	0.402598	-0.049832	0.032808	0.998219	-0.407180	-0.913297	0.009690	0.911988	-0.405972	0.058870
59041	8.175453	-0.141188	-1.106045	0.612601	-0.509605	0.427421	-0.046953	0.026951	0.998533	-0.401218	-0.915964	0.005856	0.914778	-0.400355	0.053820
59042	8.289563	-0.282980	-1.674562	0.724372	-0.610841	0.466519	-0.043218	0.020263	0.998860	-0.394373	-0.918949	0.001579	0.917933	-0.393856	0.047706
59043	8.262798	-0.322413	-2.902926	0.915335	-0.634720	0.479387	-0.039292	0.013479	0.999137	-0.385605	-0.922660	-0.002717	0.921827	-0.385379	0.041450
59044	8.030559	-0.479179	-3.540026	0.922762	-0.681543	0.463911	-0.034772	0.006611	0.999373	-0.376913	-0.926222	-0.006987	0.925596	-0.376919	0.034698
59045	8.131696	-0.324565	-3.541551	0.913331	-0.691370	0.461909	-0.030115	-0.000157	0.999546	-0.368157	-0.929696	-0.011238	0.929276	-0.368329	0.027940
59046	8.579711	0.092307	-3.582913	0.889632	-0.639122	0.428872	-0.025733	-0.006461	0.999648	-0.359758	-0.932920	-0.015290	0.932691	-0.360025	0.021683
59047	8.377489	0.326611	-3.560226	0.786171	-0.529564	0.371039	-0.022133	-0.011726	0.999686	-0.352204	-0.935735	-0.018774	0.935662	-0.352509	0.016581
59048	7.843143	-0.869864	-3.804222	0.603586	-0.497005	0.265497	-0.018412	-0.015932	0.999704	-0.346499	-0.937808	-0.021328	0.937870	-0.346789	0.011747
59049	7.887470	-2.031487	-3.584197	0.550698	-0.517026	0.203908	-0.014277	-0.019545	0.999707	-0.341188	-0.939708	-0.023245	0.939887	-0.341420	0.006748
59050	10.965128	-2.536906	-5.733851	1.044302	-0.611120	0.208130	-0.009231	-0.023542	0.999680	-0.331332	-0.943176	-0.025271	0.943469	-0.331460	0.000906
59051	13.288184	1.615600	-3.655911	1.594605	-0.586226	0.035930	-0.003812	-0.025717	0.999662	-0.316170	-0.948357	-0.025603	0.948695	-0.316160	-0.004516
59052	10.780756	5.527579	-1.001242	0.726370	-0.705732	-0.050094	0.003040	-0.027430	0.999619	-0.309273	-0.950641	-0.025145	0.950968	-0.309079	-0.011373
59053	11.973245	2.860912	0.697039	-0.598629	-0.779246	-0.079759	0.010688	-0.029023	0.999522	-0.314856	-0.948831	-0.024184	0.949079	-0.314447	-0.019279
59054	13.610905	-1.869178	-1.627373	-0.533866	-0.571699	0.039269	0.015975	-0.031188	0.999386	-0.319926	-0.947127	-0.024443	0.947308	-0.319339	-0.025109
59055	12.072903	-1.888516	-2.446009	0.548108	-0.527890	0.169598	0.020440	-0.034384	0.999200	-0.314656	-0.948844	-0.026214	0.948986	-0.313868	-0.030213
59056	10.875304	2.008893	-2.685162	1.030262	-0.501337	0.178570	0.024644	-0.037611	0.998989	-0.304905	-0.951962	-0.028319	0.952064	-0.303899	-0.034927
59057	9.621653	4.646567	-3.182540	0.626607	-0.497324	0.124543	0.029009	-0.040211	0.998770	-0.298868	-0.953832	-0.029722	0.953854	-0.297638	-0.039687
59058	9.409589	3.665353	-3.457528	-0.173202	-0.520212	0.100331	0.033660	-0.042702	0.998521	-0.300552	-0.953273	-0.030635	0.953171	-0.299076	-0.044921
59059	9.717001	1.620628	-3.476424	-0.563600	-0.486465	0.129882	0.037910	-0.045305	0.998254	-0.305839	-0.951560	-0.031571	0.951328	-0.304108	-0.049929
59060	10.116925	0.131591	-3.227625	-0.555203	-0.414760	0.162814	0.041341	-0.048106	0.997986	-0.311181	-0.949781	-0.032892	0.949451	-0.309195	-0.054234
59061	10.428650	-1.068757	-2.767131	-0.485312	-0.319123	0.201039	0.043756	-0.050905	0.997745	-0.315744	-0.948216	-0.034531	0.947835	-0.313521	-0.057563
59062	10.336851	-1.648455	-2.184165	-0.275217	-0.207901	0.188400	0.045120	-0.053326	0.997557	-0.318436	-0.947252	-0.036234	0.946870	-0.316023	-0.059720
59063	9.982437	-1.396609	-1.617656	-0.195427	-0.153813	0.148546	0.046122	-0.055126	0.997414	-0.320242	-0.946593	-0.037509	0.946212	-0.317684	-0.061312
59064	9.728175	-1.197962	-1.189326	-0.205675	-0.120026	0.117812	0.046870	-0.056604	0.997296	-0.322243	-0.945872	-0.038541	0.945496	-0.319566	-0.062574
59065	9.404601	-0.965335	-0.939849	-0.253387	-0.109552	0.094603	0.047621	-0.057763	0.997194	-0.324583	-0.945043	-0.039241	0.944658	-0.321803	-0.063753
59066	9.325055	-0.874066	-0.769410	-0.218103	-0.097171	0.090989	0.048234	-0.058917	0.997097	-0.326687	-0.944286	-0.039993	0.943901	-0.323809	-0.064794
59067	9.332262	-0.837197	-0.512386	-0.070389	-0.086620	0.107072	0.048722	-0.060125	0.997001	-0.327309	-0.944030	-0.040935	0.943660	-0.324333	-0.065675
59068	9.640713	-0.401066	-0.296111	0.141571	-0.094585	0.124142	0.049201	-0.061584	0.996888	-0.326034	-0.944413	-0.042251	0.944077	-0.322941	-0.066545
59069	9.873773	0.131120	0.100065	0.276775	-0.121232	0.136577	0.049923	-0.063182	0.996753	-0.323396	-0.945253	-0.043720	0.944946	-0.320163	-0.067623
59070	9.997745	0.201944	0.331274	0.379741	-0.140206	0.149969	0.050758	-0.065028	0.996592	-0.319881	-0.946367	-0.045458	0.946097	-0.316483	-0.068837
59071	9.959012	0.075110	0.454747	0.355003	-0.180772	0.152697	0.052003	-0.066956	0.996400	-0.316499	-0.947420	-0.047146	0.947166	-0.312908	-0.070460
59072	9.958185	-0.650328	0.292490	0.329744	-0.231286	0.140290	0.053744	-0.068986	0.996169	-0.313449	-0.948352	-0.048764	0.948083	-0.309628	-0.072592
59073	9.881064	-0.943459	0.338867	0.319605	-0.260241	0.128682	0.055830	-0.070919	0.995918	-0.310384	-0.949285	-0.050199	0.948970	-0.306315	-0.075010
59074	9.730667	-0.910310	0.291216	0.283478	-0.283759	0.108973	0.058178	-0.072800	0.995648	-0.307755	-0.950072	-0.051484	0.949685	-0.303421	-0.077678
59075	9.703337	-0.742330	0.160398	0.221508	-0.311547	0.090529	0.060876	-0.074513	0.995360	-0.305602	-0.950712	-0.052480	0.950211	-0.300989	-0.080647
59076	9.757657	-0.558573	0.063091	0.158992	-0.347787	0.075637	0.063942	-0.076256	0.995036	-0.304138	-0.951133	-0.053348	0.950480	-0.299217	-0.084009
59077	9.860388	-0.558182	-0.088665	0.117349	-0.372558	0.069270	0.067287	-0.077937	0.994685	-0.302964	-0.951468	-0.054057	0.950624	-0.297716	-0.087634
59078	9.783378	-0.491248	-0.242983	0.148374	-0.388434	0.061329	0.070786	-0.079655	0.994306	-0.301595	-0.951861	-0.054783	0.950805	-0.296000	-0.091402
59079	9.779021	-0.513319	-0.430472	0.179228	-0.400589	0.071649	0.074393	-0.081427	0.993899	-0.299837	-0.952370	-0.055582	0.951085	-0.293873	-0.095265
59080	9.791868	-0.471701	-0.899963	0.233858	-0.396219	0.068522	0.077949	-0.083219	0.993478	-0.297664	-0.952999	-0.056474	0.951483	-0.291320	-0.099057
59081	9.855951	-0.314170	-1.311816	0.202516	-0.397585	0.073720	0.081527	-0.084983	0.993041	-0.295689	-0.953563	-0.057329	0.951799	-0.288957	-0.102870
59082	9.863333	0.057530	-1.554653	0.130888	-0.389467	0.069362	0.085020	-0.086748	0.992596	-0.294500	-0.953881	-0.058139	0.951862	-0.287376	-0.106646
59083	9.737500	-0.001234	-1.611231	-0.017943	-0.391136	0.065440	0.088564	-0.088401	0.992140	-0.294619	-0.953811	-0.058687	0.951502	-0.287105	-0.110518
59084	9.703024	-0.180720	-1.458147	-0.132056	-0.392452	0.053772	0.092129	-0.090023	0.991669	-0.295922	-0.953385	-0.059055	0.950759	-0.288016	-0.114474
59085	9.837410	-0.529088	-1.378405	-0.171123	-0.389458	0.044593	0.095714	-0.091475	0.991197	-0.297480	-0.952890	-0.059214	0.949918	-0.289193	-0.118417
59086	9.878631	-0.553151	-1.261874	-0.112171	-0.386623	0.048761	0.099231	-0.093039	0.990705	-0.298591	-0.952522	-0.059546	0.949208	-0.289907	-0.122300
59087	9.681737	-0.399139	-0.932847	-0.110721	-0.400926	0.048635	0.102906	-0.094569	0.990185	-0.299581	-0.952195	-0.059807	0.948505	-0.290486	-0.126318
59088	9.603305	-0.400839	-0.753821	-0.121662	-0.422701	0.034561	0.106801	-0.096108	0.989625	-0.300769	-0.951809	-0.059976	0.947698	-0.291243	-0.130560
59089	9.521538	-0.416552	-0.415367	-0.115454	-0.451823	0.034086	0.110995	-0.097651	0.989012	-0.301788	-0.951480	-0.060076	0.946892	-0.291804	-0.135079
59090	9.405376	-0.506643	-0.205056	-0.086873	-0.486839	0.035601	0.115486	-0.099391	0.988324	-0.302649	-0.951193	-0.060292	0.946080	-0.292152	-0.139930
59091	9.453792	-0.495308	-0.058513	-0.090300	-0.524347	0.035026	0.120353	-0.101155	0.987564	-0.303429	-0.950936	-0.060425	0.945223	-0.292383	-0.145142
59092	9.559607	-0.595441	-0.124867	-0.101911	-0.559808	0.043514	0.125501	-0.103186	0.986713	-0.304443	-0.950595	-0.060687	0.944227	-0.292782	-0.150715
59093	9.585954	-0.577321	-0.244849	-0.115259	-0.592795	0.040281	0.130986	-0.105201	0.985787	-0.305464	-0.950259	-0.060821	0.943151	-0.293156	-0.156605
59094	9.569245	-0.859291	-0.655088	-0.145983	-0.615528	0.036653	0.136666	-0.107335	0.984785	-0.306886	-0.949794	-0.060933	0.941883	-0.293890	-0.162744
59095	9.631077	-1.235287	-1.159081	-0.137426	-0.641989	0.021303	0.142655	-0.109319	0.983717	-0.308090	-0.949411	-0.060829	0.940601	-0.294395	-0.169119
59096	9.863771	-1.287176	-1.622154	-0.082465	-0.656323	0.011305	0.148781	-0.111339	0.982582	-0.308878	-0.949157	-0.060781	0.939393	-0.294455	-0.175607
59097	10.150477	-0.962639	-2.193005	-0.013031	-0.650069	-0.005321	0.154912	-0.113096	0.981433	-0.308878	-0.949168	-0.060624	0.938401	-0.293752	-0.181970
59098	10.372536	0.032094	-2.441246	-0.038398	-0.643700	-0.022394	0.161009	-0.114753	0.980259	-0.309199	-0.949083	-0.060316	0.937268	-0.293384	-0.188293
59099	10.273836	0.532822	-2.434061	-0.217596	-0.632176	-0.057302	0.167119	-0.115963	0.979093	-0.311029	-0.948551	-0.059257	0.935592	-0.294623	-0.194589
59100	9.895106	-0.346629	-2.604200	-0.347959	-0.615830	-0.094638	0.173161	-0.116867	0.977935	-0.314116	-0.947634	-0.057626	0.933459	-0.297207	-0.200803
59101	9.710263	-1.125490	-2.430435	-0.264634	-0.597453	-0.107498	0.179085	-0.117521	0.976789	-0.316277	-0.947015	-0.055952	0.931610	-0.298916	-0.206766
59102	9.728517	-1.759652	-2.323485	-0.132001	-0.581197	-0.128678	0.184895	-0.118020	0.975646	-0.317267	-0.946774	-0.054403	0.930137	-0.299482	-0.212498
59103	9.714823	-1.751080	-2.010339	0.065336	-0.580511	-0.146025	0.190767	-0.118269	0.974485	-0.316277	-0.947183	-0.053041	0.929288	-0.298088	-0.218097
59104	9.731065	-1.447023	-1.347203	0.127239	-0.603584	-0.149958	0.196839	-0.118621	0.973234	-0.314800	-0.947741	-0.051845	0.928523	-0.296169	-0.223894
59105	9.793102	-1.036263	-0.781744	0.147656	-0.617755	-0.173960	0.203129	-0.118697	0.971931	-0.312981	-0.948421	-0.050414	0.927783	-0.293955	-0.229801
59106	9.918261	-0.758545	-0.483757	0.104938	-0.652531	-0.189500	0.209763	-0.118790	0.970509	-0.311612	-0.948956	-0.048801	0.926767	-0.292185	-0.236072
59107	10.241180	-0.299456	-0.382876	0.049808	-0.706007	-0.192234	0.216907	-0.118925	0.968921	-0.310638	-0.949367	-0.046984	0.925449	-0.290792	-0.242866
59108	10.448455	0.293633	-0.328510	0.016651	-0.758258	-0.189710	0.224498	-0.119303	0.967144	-0.310060	-0.949643	-0.045172	0.923831	-0.289732	-0.250184
59109	10.574396	1.173143	-0.165454	-0.054563	-0.833153	-0.192941	0.232790	-0.119774	0.965123	-0.310009	-0.949756	-0.043092	0.921794	-0.289166	-0.258225
59110	10.587998	1.992583	0.068770	-0.183388	-0.926873	-0.193945	0.241915	-0.120594	0.962774	-0.311231	-0.949461	-0.040724	0.919028	-0.289794	-0.267221
59111	10.383998	2.365138	0.456091	-0.369632	-1.016949	-0.199308	0.251870	-0.121532	0.960100	-0.313992	-0.948676	-0.037714	0.915407	-0.291964	-0.277103
59112	10.092910	1.922345	0.460952	-0.450619	-1.103273	-0.197266	0.262561	-0.122877	0.957060	-0.317594	-0.947598	-0.034533	0.911151	-0.294889	-0.287827
59113	9.869692	1.514019	0.506176	-0.375583	-1.216253	-0.190010	0.274226	-0.124519	0.953569	-0.320330	-0.946782	-0.031513	0.906746	-0.296815	-0.299520
59114	9.829593	1.105371	0.560133	-0.278758	-1.318204	-0.171562	0.286692	-0.126793	0.949595	-0.322363	-0.946171	-0.029011	0.902158	-0.297797	-0.312134
59115	10.182949	0.880497	0.484098	-0.156827	-1.432379	-0.143868	0.300049	-0.129515	0.945091	-0.323161	-0.945958	-0.027036	0.897517	-0.297305	-0.325688
59116	10.910461	1.209754	0.234948	-0.155881	-1.532548	-0.112007	0.314119	-0.132986	0.940023	-0.324205	-0.945645	-0.025445	0.892312	-0.296768	-0.340160
59117	11.451159	1.958428	-0.130844	-0.228991	-1.607444	-0.098088	0.328737	-0.136626	0.934487	-0.325713	-0.945174	-0.023608	0.886478	-0.296614	-0.355214
59118	11.600395	2.779795	-0.022746	-0.544280	-1.699775	-0.090173	0.344030	-0.140818	0.928339	-0.330207	-0.943680	-0.020775	0.878981	-0.299396	-0.371153
59119	11.655022	2.898240	0.565348	-0.926650	-1.799415	-0.099393	0.360098	-0.145087	0.921563	-0.337713	-0.941110	-0.016204	0.869643	-0.305389	-0.387890
59120	11.755050	2.784337	1.649902	-1.258170	-1.924130	-0.112683	0.377102	-0.149969	0.913949	-0.348159	-0.937380	-0.010161	0.858242	-0.314368	-0.405701
59121	12.039829	2.538567	3.128045	-1.509212	-2.086271	-0.132537	0.395435	-0.154873	0.905343	-0.359667	-0.933077	-0.002522	0.845145	-0.324625	-0.424674
59122	12.106353	2.324095	4.608925	-1.525936	-2.254797	-0.111873	0.414730	-0.161249	0.895543	-0.371989	-0.928223	0.005137	0.830436	-0.335262	-0.444944
59123	12.515166	2.588075	5.445365	-1.347031	-2.413629	-0.076752	0.434888	-0.168398	0.884599	-0.382419	-0.923909	0.012124	0.815247	-0.343560	-0.466196
59124	13.119883	2.745022	5.503466	-1.197659	-2.574298	-0.000414	0.455665	-0.177300	0.872315	-0.392074	-0.919760	0.017861	0.799154	-0.350151	-0.488618
59125	13.735946	1.358342	3.922431	-1.045486	-2.662099	0.102457	0.476576	-0.186555	0.859111	-0.399212	-0.916584	0.022421	0.783265	-0.353653	-0.511297
59126	13.509581	-1.550818	0.889408	-0.596569	-2.651437	0.190868	0.496370	-0.197660	0.845309	-0.404756	-0.914112	0.023926	0.767977	-0.354020	-0.533742
59127	12.360938	-3.892281	-1.888717	0.259128	-2.648543	0.293985	0.515723	-0.208284	0.831052	-0.402333	-0.915268	0.020283	0.756411	-0.344821	-0.555825
59128	11.769754	-4.769267	-4.039144	1.046269	-2.809702	0.422186	0.535138	-0.221600	0.815182	-0.396679	-0.917893	0.010884	0.745838	-0.329190	-0.579103
59129	12.955214	-4.580805	-5.350202	1.728593	-2.819587	0.592756	0.554195	-0.234488	0.798676	-0.384913	-0.922945	-0.003884	0.738045	-0.305268	-0.601749
59130	13.953282	-2.919768	-4.366744	1.930964	-2.759184	0.720578	0.571706	-0.249214	0.781693	-0.374780	-0.926867	-0.021395	0.729857	-0.280732	-0.623296
59131	13.044175	-2.481323	-3.787650	1.683537	-2.588149	0.767559	0.588007	-0.262098	0.765214	-0.365392	-0.930086	-0.037795	0.721621	-0.257379	-0.642666
59132	11.614857	-1.935229	-5.154899	1.581208	-2.194470	0.732509	0.601108	-0.274317	0.750613	-0.358377	-0.932036	-0.053623	0.714308	-0.236769	-0.658563
59133	9.547779	-1.711404	-7.580768	1.347772	-1.787414	0.586470	0.612222	-0.282425	0.738526	-0.350437	-0.934205	-0.066751	0.708787	-0.217940	-0.670913
59134	7.717955	-2.312718	-7.858555	0.974304	-1.468227	0.419276	0.621122	-0.289422	0.728315	-0.346126	-0.935072	-0.076401	0.703139	-0.204634	-0.680971
59135	6.052983	-2.799650	-7.933184	0.989507	-1.020839	0.271854	0.627804	-0.292654	0.721260	-0.339135	-0.936894	-0.084956	0.700607	-0.191269	-0.687434
59136	4.295155	-2.776371	-7.668807	0.949262	-0.681629	0.126313	0.632146	-0.295081	0.716463	-0.333266	-0.938294	-0.092398	0.699518	-0.180364	-0.691479
59137	3.494112	-2.340730	-5.459100	0.695962	-0.548537	0.021951	0.636356	-0.294934	0.712787	-0.326821	-0.940074	-0.097204	0.698741	-0.171097	-0.694613
59138	5.687486	-0.916441	-6.867388	0.599647	-0.150871	-0.085778	0.637684	-0.294357	0.711838	-0.322062	-0.941342	-0.100749	0.699740	-0.165010	-0.695080
59139	3.843387	-3.423233	-8.571595	-0.141654	0.026682	-0.223178	0.638646	-0.290921	0.712387	-0.319943	-0.942354	-0.098009	0.699834	-0.165330	-0.694909
59140	3.682071	-3.274559	-5.901203	-0.107215	-0.081146	-0.236562	0.639964	-0.288801	0.712067	-0.319160	-0.942870	-0.095568	0.698987	-0.166103	-0.695577
59141	5.273064	-0.525193	-3.791415	-0.000804	0.361673	-0.290309	0.638686	-0.284394	0.714983	-0.315928	-0.944180	-0.093347	0.701620	-0.166264	-0.692882
59142	6.667740	0.395477	-3.819395	-0.137306	1.033768	-0.448626	0.632808	-0.278391	0.722532	-0.314022	-0.945219	-0.089165	0.707774	-0.170467	-0.685563
59143	7.350425	0.312697	-4.071204	-0.487609	1.581843	-0.532593	0.623692	-0.269130	0.733878	-0.312161	-0.946500	-0.081811	0.716633	-0.178063	-0.674337
59144	7.335976	-1.838929	-4.763692	-0.798800	2.010954	-0.509971	0.610773	-0.260567	0.747704	-0.314756	-0.946385	-0.072692	0.726557	-0.190946	-0.660042
59145	6.798082	-3.602687	-5.291787	-0.457557	2.357036	-0.458060	0.595350	-0.250248	0.763501	-0.313434	-0.947308	-0.066089	0.739809	-0.199961	-0.642416
59146	7.566966	-2.553795	-4.495215	0.014555	2.645409	-0.437985	0.576932	-0.240696	0.780522	-0.310736	-0.948420	-0.062788	0.755376	-0.206312	-0.621967
59147	8.788021	-1.648648	-4.580795	0.105455	2.896391	-0.494883	0.556796	-0.228411	0.798628	-0.304797	-0.950565	-0.059364	0.772708	-0.210366	-0.598890
59148	9.237102	-1.024807	-4.959535	-0.048734	3.048557	-0.552052	0.534653	-0.216609	0.816839	-0.302143	-0.951697	-0.054606	0.789212	-0.217607	-0.574275
59149	9.124700	-0.992556	-5.224125	-0.358504	3.123462	-0.537819	0.511809	-0.203023	0.834765	-0.299696	-0.952827	-0.047988	0.805129	-0.225615	-0.548511
59150	9.608182	-0.834195	-5.032672	-0.603475	3.156536	-0.480082	0.487609	-0.191110	0.851889	-0.302177	-0.952383	-0.040693	0.819101	-0.237579	-0.522139
59151	10.318989	-0.823634	-4.727704	-0.896725	3.165009	-0.423902	0.463220	-0.177682	0.868249	-0.304581	-0.951938	-0.032311	0.832260	-0.249485	-0.495076
59152	11.047883	-0.799559	-4.517775	-1.113644	3.210383	-0.347895	0.437386	-0.166076	0.883805	-0.312324	-0.949675	-0.023888	0.843295	-0.265585	-0.467244
59153	11.222663	-0.803515	-4.645271	-1.316366	3.247665	-0.271912	0.411098	-0.152986	0.898662	-0.319139	-0.947584	-0.015323	0.853902	-0.280499	-0.438373
59154	10.732237	-1.008303	-4.734431	-1.430147	3.249091	-0.176888	0.383782	-0.141872	0.912460	-0.330688	-0.943709	-0.007643	0.862182	-0.298806	-0.409094
59155	10.487244	-1.158703	-4.738183	-1.353621	3.232106	-0.073016	0.356385	-0.129715	0.925291	-0.338705	-0.940892	-0.001446	0.870786	-0.312885	-0.379255
59156	10.223091	-1.072378	-4.842450	-1.100778	3.247974	0.025500	0.327884	-0.119527	0.937126	-0.348398	-0.937344	0.002344	0.878129	-0.327262	-0.348982
59157	9.819742	-0.776121	-4.904585	-0.783120	3.253367	0.130085	0.298644	-0.109704	0.948038	-0.355483	-0.934675	0.003824	0.885688	-0.338153	-0.318133
