// General information: 
//  MT Manager version: 2022.2.0 
//  XDA version: 2022.2.0 build 7381 rev 124627 built on 2023-07-19
// Device information: 
//  DeviceId: 00B4CBA7
//  ProductCode: MTW2-3A7G6
//  Firmware Version: 4.6.0
//  Hardware Version: 2.0.0
// Device settings: 
//  Filter Profile: human(46.1)
//  Option Flags: Orientation Smoother Disabled, Position/Velocity Smoother Disabled, Continuous Zero Rotation Update Disabled, AHS Disabled, ICC Disabled
// Coordinate system: ENU
PacketCounter	Acc_X	Acc_Y	Acc_Z	Gyr_X	Gyr_Y	Gyr_Z	Mat[1][1]	Mat[2][1]	Mat[3][1]	Mat[1][2]	Mat[2][2]	Mat[3][2]	Mat[1][3]	Mat[2][3]	Mat[3][3]
25457	9.501268	1.625847	-1.603792	-0.003284	0.012041	0.004127	-0.013896	-0.230918	0.972874	-0.661245	0.731959	0.164291	-0.750042	-0.641025	-0.162865
25458	9.492856	1.643684	-1.616972	-0.009712	0.006054	0.000397	-0.013795	-0.230934	0.972872	-0.661196	0.731984	0.164378	-0.750087	-0.640991	-0.162790
25459	9.481117	1.608559	-1.569333	-0.005016	0.006176	0.002490	-0.013734	-0.230898	0.972881	-0.661161	0.732011	0.164398	-0.750119	-0.640973	-0.162714
25460	9.502857	1.619717	-1.567463	-0.014580	0.004297	0.003737	-0.013731	-0.230879	0.972885	-0.661057	0.732102	0.164408	-0.750210	-0.640875	-0.162677
25461	9.520163	1.583699	-1.538535	-0.008120	0.005414	0.002408	-0.013675	-0.230849	0.972894	-0.660999	0.732149	0.164434	-0.750262	-0.640833	-0.162603
25462	9.531015	1.624499	-1.618869	-0.001622	0.005510	0.003049	-0.013643	-0.230834	0.972897	-0.660999	0.732146	0.164443	-0.750262	-0.640841	-0.162570
25463	9.553495	1.587970	-1.677828	0.001193	0.007701	0.002655	-0.013572	-0.230787	0.972910	-0.661011	0.732134	0.164451	-0.750253	-0.640872	-0.162489
25464	9.503104	1.576994	-1.659314	0.008595	0.016926	0.005474	-0.013484	-0.230647	0.972944	-0.661050	0.732111	0.164393	-0.750220	-0.640949	-0.162341
25465	9.497872	1.535215	-1.664683	0.019887	0.020820	-0.001165	-0.013289	-0.230543	0.972971	-0.661203	0.731971	0.164408	-0.750089	-0.641147	-0.162163
25466	9.468457	1.583147	-1.583431	0.031515	0.026113	0.001674	-0.013022	-0.230380	0.973014	-0.661421	0.731773	0.164410	-0.749902	-0.641431	-0.161907
25467	9.476305	1.570554	-1.601434	0.034114	0.023842	-0.002288	-0.012797	-0.230266	0.973044	-0.661680	0.731538	0.164412	-0.749677	-0.641740	-0.161724
25468	9.467337	1.635622	-1.553063	0.044733	0.026919	-0.000507	-0.012601	-0.230122	0.973080	-0.662010	0.731251	0.164359	-0.749389	-0.642118	-0.161557
25469	9.524797	1.639154	-1.622461	0.059216	0.029534	-0.003124	-0.012328	-0.229977	0.973118	-0.662457	0.730853	0.164330	-0.748999	-0.642623	-0.161360
25470	9.496207	1.639163	-1.601815	0.065905	0.035118	-0.000894	-0.012103	-0.229754	0.973174	-0.662914	0.730466	0.164209	-0.748598	-0.643143	-0.161148
25471	9.480694	1.668333	-1.593986	0.064613	0.034330	-0.002434	-0.011799	-0.229572	0.973220	-0.663401	0.730034	0.164164	-0.748171	-0.643698	-0.160912
25472	9.508335	1.720278	-1.583876	0.046019	0.028737	-0.000966	-0.011547	-0.229385	0.973267	-0.663696	0.729775	0.164123	-0.747913	-0.644059	-0.160668
25473	9.509687	1.671803	-1.642392	0.032261	0.029774	0.002215	-0.011308	-0.229198	0.973314	-0.663940	0.729561	0.164085	-0.747700	-0.644367	-0.160424
25474	9.532849	1.676705	-1.604855	0.018031	0.026752	0.003330	-0.011207	-0.229030	0.973355	-0.664075	0.729459	0.163995	-0.747582	-0.644542	-0.160268
25475	9.514691	1.605623	-1.596417	0.008712	0.024464	0.003078	-0.011014	-0.228871	0.973394	-0.664142	0.729400	0.163986	-0.747525	-0.644666	-0.160037
25476	9.518703	1.657798	-1.655300	0.004017	0.028201	0.007999	-0.010787	-0.228673	0.973444	-0.664178	0.729369	0.163977	-0.747497	-0.644771	-0.159747
25477	9.520261	1.651454	-1.618792	-0.004508	0.023662	0.005243	-0.010614	-0.228503	0.973485	-0.664146	0.729400	0.163969	-0.747527	-0.644796	-0.159501
25478	9.477567	1.628269	-1.618856	-0.015130	0.024446	0.010474	-0.010500	-0.228296	0.973535	-0.664024	0.729523	0.163913	-0.747637	-0.644730	-0.159254
25479	9.475558	1.568991	-1.521068	-0.011480	0.023370	0.009548	-0.010358	-0.228097	0.973583	-0.663940	0.729609	0.163874	-0.747714	-0.644704	-0.159000
25480	9.459991	1.598363	-1.513303	-0.004182	0.021218	0.007697	-0.010189	-0.227942	0.973621	-0.663909	0.729638	0.163873	-0.747744	-0.644726	-0.158767
25481	9.490602	1.590935	-1.495570	-0.000316	0.024611	0.010327	-0.010043	-0.227729	0.973673	-0.663908	0.729653	0.163808	-0.747747	-0.644784	-0.158519
25482	9.533320	1.618412	-1.524902	0.002575	0.020904	0.006857	-0.009869	-0.227568	0.973712	-0.663912	0.729651	0.163799	-0.747746	-0.644843	-0.158286
25483	9.540296	1.611413	-1.576730	-0.002118	0.020778	0.004753	-0.009714	-0.227421	0.973748	-0.663898	0.729665	0.163792	-0.747760	-0.644879	-0.158072
25484	9.554913	1.591930	-1.648150	0.007486	0.025500	0.012515	-0.009599	-0.227205	0.973800	-0.663961	0.729630	0.163691	-0.747705	-0.644994	-0.157859
25485	9.477309	1.687649	-1.644765	0.007423	0.027535	0.008568	-0.009419	-0.226987	0.973852	-0.664019	0.729592	0.163632	-0.747657	-0.645115	-0.157595
25486	9.525802	1.756330	-1.666745	-0.006342	0.028578	0.011728	-0.009232	-0.226754	0.973908	-0.663972	0.729644	0.163589	-0.747700	-0.645137	-0.157295
25487	9.522768	1.702596	-1.602530	-0.042110	0.024703	0.015760	-0.009121	-0.226502	0.973968	-0.663658	0.729941	0.163537	-0.747980	-0.644890	-0.156978
25488	9.527226	1.636820	-1.558027	-0.041851	0.024294	0.014266	-0.009042	-0.226237	0.974030	-0.663295	0.730286	0.163465	-0.748303	-0.644592	-0.156665
25489	9.517505	1.589455	-1.439721	-0.038809	0.030954	0.017428	-0.008895	-0.225932	0.974102	-0.663006	0.730566	0.163392	-0.748561	-0.644382	-0.156293
25490	9.498358	1.565579	-1.369758	-0.029131	0.025911	0.015100	-0.008729	-0.225726	0.974152	-0.662827	0.730730	0.163382	-0.748722	-0.644268	-0.155996
25491	9.530744	1.546508	-1.283406	-0.024430	0.022174	0.010185	-0.008600	-0.225531	0.974198	-0.662646	0.730900	0.163357	-0.748883	-0.644144	-0.155733
25492	9.537850	1.539281	-1.335099	-0.005375	0.017370	0.012078	-0.008527	-0.225403	0.974228	-0.662652	0.730906	0.163307	-0.748879	-0.644182	-0.155596
25493	9.539073	1.532514	-1.299746	0.003286	0.010105	0.008699	-0.008478	-0.225296	0.974253	-0.662678	0.730894	0.163252	-0.748856	-0.644233	-0.155495
25494	9.531941	1.501838	-1.374060	0.014258	0.005849	0.007914	-0.008528	-0.225213	0.974272	-0.662761	0.730844	0.163141	-0.748782	-0.644318	-0.155495
25495	9.519088	1.589594	-1.463680	0.020314	0.000862	0.008484	-0.008547	-0.225168	0.974283	-0.662915	0.730722	0.163062	-0.748646	-0.644473	-0.155513
25496	9.462949	1.654796	-1.556425	0.019301	-0.001357	0.007427	-0.008576	-0.225153	0.974286	-0.663060	0.730603	0.163003	-0.748517	-0.644612	-0.155556
25497	9.470561	1.641861	-1.576728	-0.005556	-0.007433	0.006696	-0.008645	-0.225174	0.974280	-0.663021	0.730644	0.162982	-0.748551	-0.644559	-0.155612
25498	9.515795	1.610310	-1.600975	-0.018336	-0.003144	0.008926	-0.008705	-0.225184	0.974277	-0.662914	0.730743	0.162973	-0.748645	-0.644443	-0.155639
25499	9.486701	1.610552	-1.582674	-0.011551	-0.004483	0.010070	-0.008775	-0.225162	0.974282	-0.662829	0.730830	0.162929	-0.748719	-0.644353	-0.155656
25500	9.540230	1.602923	-1.497808	-0.024549	-0.004661	0.008743	-0.008869	-0.225154	0.974283	-0.662638	0.731009	0.162902	-0.748888	-0.644152	-0.155679
25501	9.548727	1.584501	-1.483692	-0.025816	-0.006469	0.009177	-0.008948	-0.225151	0.974283	-0.662446	0.731186	0.162889	-0.749056	-0.643952	-0.155693
25502	9.557187	1.566116	-1.469762	-0.026829	-0.008687	0.008119	-0.009000	-0.225170	0.974278	-0.662232	0.731374	0.162914	-0.749244	-0.643732	-0.155697
25503	9.550552	1.572030	-1.416183	-0.018077	-0.003553	0.007433	-0.009045	-0.225161	0.974280	-0.662099	0.731496	0.162905	-0.749362	-0.643596	-0.155695
25504	9.520498	1.578385	-1.432092	-0.019820	-0.009418	0.005798	-0.009066	-0.225214	0.974267	-0.661957	0.731613	0.162961	-0.749487	-0.643445	-0.155715
25505	9.505339	1.602323	-1.393301	-0.020518	-0.014085	0.007191	-0.009189	-0.225274	0.974252	-0.661805	0.731750	0.162959	-0.749620	-0.643267	-0.155811
25506	9.482755	1.596415	-1.429650	-0.016112	-0.012539	0.008820	-0.009218	-0.225377	0.974228	-0.661759	0.731776	0.163027	-0.749660	-0.643202	-0.155890
25507	9.497661	1.613390	-1.375664	-0.022769	-0.019131	0.008537	-0.009387	-0.225459	0.974207	-0.661591	0.731931	0.163015	-0.749806	-0.642996	-0.156032
25508	9.602765	1.568497	-1.370365	-0.016207	-0.024939	0.006116	-0.009553	-0.225652	0.974161	-0.661533	0.731972	0.163065	-0.749855	-0.642882	-0.156269
25509	9.542443	1.539566	-1.498437	0.013875	-0.020601	0.007940	-0.009729	-0.225749	0.974137	-0.661640	0.731890	0.163002	-0.749759	-0.642942	-0.156485
25510	9.533863	1.556533	-1.514558	0.033468	-0.011797	0.005600	-0.009943	-0.225798	0.974124	-0.661867	0.731718	0.162853	-0.749555	-0.643121	-0.156723
25511	9.482969	1.503421	-1.593831	0.057787	-0.007752	0.000309	-0.009972	-0.225868	0.974107	-0.662303	0.731336	0.162796	-0.749170	-0.643531	-0.156886
25512	9.456597	1.603953	-1.577455	0.069206	-0.006938	-0.000393	-0.009930	-0.225934	0.974092	-0.662814	0.730880	0.162766	-0.748719	-0.644025	-0.157010
25513	9.475316	1.673661	-1.585207	0.046891	-0.009381	-0.001982	-0.009956	-0.226031	0.974069	-0.663168	0.730562	0.162748	-0.748404	-0.644351	-0.157170
25514	9.571967	1.646612	-1.594037	0.035764	-0.011622	-0.000804	-0.010023	-0.226120	0.974048	-0.663408	0.730351	0.162720	-0.748191	-0.644560	-0.157330
25515	9.485225	1.601105	-1.601002	0.050290	-0.010050	-0.001419	-0.010058	-0.226217	0.974025	-0.663787	0.730013	0.162691	-0.747854	-0.644909	-0.157503
25516	9.477572	1.612650	-1.582696	0.026383	-0.007996	0.002005	-0.010073	-0.226339	0.973996	-0.664063	0.729756	0.162714	-0.747608	-0.645156	-0.157655
25517	9.536690	1.604450	-1.586901	0.025369	-0.010215	0.000950	-0.010125	-0.226421	0.973977	-0.664256	0.729584	0.162701	-0.747436	-0.645323	-0.157788
25518	9.545961	1.580270	-1.539888	0.024831	-0.008374	0.001959	-0.010090	-0.226519	0.973954	-0.664489	0.729361	0.162748	-0.747230	-0.645540	-0.157879
25519	9.524247	1.610717	-1.447862	0.016046	-0.012488	0.000689	-0.010157	-0.226617	0.973931	-0.664612	0.729248	0.162753	-0.747120	-0.645633	-0.158019
25520	9.530589	1.603998	-1.503301	0.010654	-0.017273	-0.000013	-0.010267	-0.226715	0.973907	-0.664634	0.729229	0.162750	-0.747099	-0.645620	-0.158170
25521	9.486173	1.629086	-1.447351	0.016459	-0.021850	0.002042	-0.010413	-0.226864	0.973871	-0.664760	0.729116	0.162740	-0.746985	-0.645695	-0.158402
25522	9.530023	1.603386	-1.507540	0.009386	-0.019080	0.000425	-0.010511	-0.226999	0.973838	-0.664815	0.729060	0.162766	-0.746934	-0.645711	-0.158575
25523	9.470481	1.610761	-1.506805	0.026578	-0.021827	-0.000205	-0.010641	-0.227164	0.973798	-0.665017	0.728877	0.162763	-0.746753	-0.645860	-0.158824
25524	9.507634	1.666735	-1.710807	0.033022	-0.015837	0.003516	-0.010709	-0.227268	0.973773	-0.665266	0.728653	0.162744	-0.746530	-0.646075	-0.158996
25525	9.499188	1.725938	-1.632241	0.023351	-0.010782	0.005849	-0.010797	-0.227317	0.973761	-0.665443	0.728505	0.162686	-0.746371	-0.646226	-0.159132
25526	9.507315	1.504973	-1.705217	0.047586	0.000171	0.001610	-0.010781	-0.227316	0.973761	-0.665774	0.728216	0.162624	-0.746075	-0.646552	-0.159192
25527	9.466084	1.470073	-1.640121	0.083568	0.009495	-0.000897	-0.010673	-0.227283	0.973770	-0.666401	0.727662	0.162536	-0.745517	-0.647186	-0.159228
25528	9.465521	1.559404	-1.485639	0.083068	0.006450	-0.004936	-0.010475	-0.227326	0.973762	-0.667052	0.727060	0.162558	-0.744937	-0.647848	-0.159254
25529	9.480619	1.576644	-1.431566	0.090916	0.002446	-0.007801	-0.010373	-0.227389	0.973749	-0.667733	0.726442	0.162525	-0.744328	-0.648518	-0.159371
25530	9.501292	1.635365	-1.371651	0.075283	-0.009874	-0.003865	-0.010416	-0.227476	0.973728	-0.668246	0.725986	0.162452	-0.743867	-0.648998	-0.159572
25531	9.479413	1.623536	-1.375213	0.060309	-0.016521	-0.003309	-0.010485	-0.227630	0.973691	-0.668698	0.725576	0.162425	-0.743460	-0.649402	-0.159823
25532	9.538310	1.615385	-1.381069	0.036318	-0.027886	-0.000527	-0.010628	-0.227826	0.973644	-0.668948	0.725347	0.162424	-0.743234	-0.649591	-0.160112
25533	9.567758	1.565687	-1.463476	0.028386	-0.036287	-0.000320	-0.010864	-0.228086	0.973580	-0.669162	0.725151	0.162418	-0.743038	-0.649718	-0.160504
25534	9.646689	1.648838	-1.701014	0.032449	-0.031283	-0.003149	-0.011014	-0.228310	0.973526	-0.669366	0.724956	0.162443	-0.742851	-0.649856	-0.160808
25535	9.553733	1.679437	-1.818793	-0.001930	-0.026808	0.000118	-0.011182	-0.228505	0.973478	-0.669355	0.724958	0.162481	-0.742859	-0.649786	-0.161058
25536	9.516149	1.607605	-1.971277	-0.013523	-0.018683	-0.002024	-0.011215	-0.228689	0.973435	-0.669285	0.724994	0.162611	-0.742922	-0.649681	-0.161189
25537	9.452043	1.728626	-1.951017	-0.038245	-0.014367	0.003945	-0.011316	-0.228775	0.973413	-0.669003	0.725240	0.162671	-0.743174	-0.649376	-0.161258
25538	9.445478	1.735969	-1.897501	-0.060940	-0.009493	0.004997	-0.011316	-0.228830	0.973401	-0.668549	0.725627	0.162811	-0.743582	-0.648924	-0.161195
25539	9.496727	1.672377	-1.716576	-0.073506	-0.004597	0.003786	-0.011343	-0.228855	0.973394	-0.668005	0.726101	0.162929	-0.744070	-0.648384	-0.161112
25540	9.484851	1.521230	-1.565293	-0.066990	-0.004504	0.004422	-0.011356	-0.228841	0.973398	-0.667446	0.726593	0.163032	-0.744572	-0.647839	-0.160990
25541	9.486961	1.510619	-1.496540	-0.043157	0.000359	0.002031	-0.011335	-0.228846	0.973397	-0.667127	0.726866	0.163118	-0.744858	-0.647530	-0.160908
25542	9.473099	1.529975	-1.422670	-0.034998	-0.006089	0.001622	-0.011306	-0.228906	0.973383	-0.666865	0.727079	0.163238	-0.745092	-0.647270	-0.160869
25543	9.531174	1.528303	-1.460074	-0.014472	-0.007476	-0.002416	-0.011313	-0.228994	0.973362	-0.666761	0.727156	0.163322	-0.745186	-0.647152	-0.160910
25544	9.493775	1.589991	-1.362077	-0.008409	-0.012462	-0.001856	-0.011363	-0.229119	0.973332	-0.666698	0.727197	0.163397	-0.745242	-0.647061	-0.161016
25545	9.512067	1.618306	-1.464014	-0.016971	-0.012103	0.000444	-0.011424	-0.229217	0.973308	-0.666574	0.727297	0.163457	-0.745352	-0.646915	-0.161098
25546	9.496914	1.643176	-1.425894	-0.025378	-0.024564	-0.001415	-0.011623	-0.229406	0.973261	-0.666370	0.727471	0.163513	-0.745530	-0.646652	-0.161325
25547	9.501875	1.642696	-1.515368	-0.033245	-0.019543	-0.000522	-0.011733	-0.229558	0.973224	-0.666125	0.727674	0.163609	-0.745747	-0.646370	-0.161453
25548	9.499386	1.654367	-1.585109	-0.035166	-0.027025	0.003298	-0.011872	-0.229736	0.973180	-0.665859	0.727895	0.163709	-0.745983	-0.646058	-0.161614
25549	9.511722	1.641450	-1.694509	-0.050766	-0.024913	0.005967	-0.012066	-0.229876	0.973145	-0.665482	0.728226	0.163770	-0.746316	-0.645635	-0.161765
25550	9.513143	1.588166	-1.722310	-0.051873	-0.020215	0.006011	-0.012212	-0.230009	0.973112	-0.665116	0.728541	0.163854	-0.746640	-0.645232	-0.161880
25551	9.502183	1.617926	-1.805535	-0.052480	-0.016342	0.003074	-0.012322	-0.230114	0.973086	-0.664727	0.728876	0.163946	-0.746985	-0.644816	-0.161945
25552	9.519020	1.582731	-1.777532	-0.044014	-0.009783	0.001869	-0.012385	-0.230176	0.973070	-0.664370	0.729182	0.164029	-0.747301	-0.644447	-0.161953
25553	9.526813	1.613300	-1.702877	-0.040940	-0.008008	-0.000026	-0.012412	-0.230250	0.973052	-0.664067	0.729435	0.164133	-0.747570	-0.644135	-0.161955
25554	9.526803	1.613507	-1.702734	-0.017363	0.001126	0.006100	-0.012435	-0.230227	0.973058	-0.663930	0.729560	0.164131	-0.747691	-0.644001	-0.161926
25555	9.495476	1.555723	-1.588274	0.007924	0.008397	-0.000186	-0.012339	-0.230196	0.973066	-0.663992	0.729498	0.164156	-0.747638	-0.644083	-0.161849
25556	9.468862	1.544878	-1.500508	0.029585	0.020614	0.001479	-0.012175	-0.230109	0.973089	-0.664245	0.729271	0.164142	-0.747416	-0.644371	-0.161728
25557	9.446272	1.628782	-1.379463	0.059230	0.016014	-0.003914	-0.011997	-0.230057	0.973103	-0.664691	0.728869	0.164121	-0.747022	-0.644844	-0.161661
25558	9.454934	1.610339	-1.364811	0.046876	0.010953	-0.000293	-0.011785	-0.229997	0.973120	-0.665011	0.728571	0.164144	-0.746740	-0.645201	-0.161537
25559	9.519939	1.643471	-1.361474	0.049353	0.001149	-0.001886	-0.011732	-0.230026	0.973114	-0.665383	0.728238	0.164120	-0.746410	-0.645568	-0.161599
25560	9.542758	1.558417	-1.482226	0.043964	-0.003634	-0.002577	-0.011619	-0.230073	0.973104	-0.665677	0.727959	0.164164	-0.746150	-0.645865	-0.161612
25561	9.607188	1.549274	-1.574014	0.048823	0.002992	-0.000883	-0.011558	-0.230082	0.973103	-0.666044	0.727631	0.164131	-0.745823	-0.646232	-0.161655
25562	9.623855	1.470470	-1.639946	0.070675	0.016833	-0.004678	-0.011337	-0.230028	0.973118	-0.666559	0.727161	0.164123	-0.745367	-0.646779	-0.161571
25563	9.524658	1.465124	-1.794426	0.078421	0.019745	-0.006462	-0.011114	-0.229969	0.973134	-0.667146	0.726628	0.164096	-0.744844	-0.647399	-0.161499
25564	9.507983	1.499966	-1.821972	0.081447	0.027425	-0.005303	-0.010765	-0.229845	0.973168	-0.667733	0.726088	0.164103	-0.744323	-0.648049	-0.161292
25565	9.466278	1.630889	-1.797752	0.089450	0.029923	-0.008582	-0.010452	-0.229736	0.973197	-0.668401	0.725477	0.164080	-0.743727	-0.648771	-0.161139
25566	9.432304	1.792506	-1.699052	0.062482	0.025316	-0.008245	-0.010201	-0.229612	0.973229	-0.668798	0.725115	0.164065	-0.743374	-0.649220	-0.160961
25567	9.464836	1.774640	-1.614051	0.042779	0.023437	-0.004728	-0.009962	-0.229516	0.973254	-0.669119	0.724815	0.164079	-0.743088	-0.649588	-0.160795
25568	9.493468	1.821574	-1.571035	0.027548	0.017203	-0.002658	-0.009785	-0.229437	0.973274	-0.669296	0.724648	0.164097	-0.742931	-0.649803	-0.160653
25569	9.536179	1.732279	-1.497969	0.001364	0.014219	0.002195	-0.009662	-0.229351	0.973296	-0.669309	0.724633	0.164111	-0.742922	-0.649850	-0.160508
25570	9.564720	1.619373	-1.445581	-0.011872	0.013440	0.004379	-0.009544	-0.229246	0.973322	-0.669191	0.724737	0.164135	-0.743030	-0.649771	-0.160326
25571	9.543308	1.608048	-1.445318	-0.014479	0.011848	0.001319	-0.009432	-0.229181	0.973338	-0.669085	0.724824	0.164183	-0.743126	-0.649697	-0.160178
25572	9.522854	1.591240	-1.411413	-0.035579	0.000647	0.007666	-0.009462	-0.229147	0.973346	-0.668809	0.725075	0.164197	-0.743374	-0.649429	-0.160116
25573	9.460689	1.615084	-1.510084	-0.033700	-0.001410	0.010164	-0.009507	-0.229104	0.973356	-0.668559	0.725307	0.164189	-0.743598	-0.649185	-0.160065
25574	9.490946	1.608033	-1.494232	-0.036523	-0.003595	0.010569	-0.009578	-0.229097	0.973356	-0.668306	0.725539	0.164193	-0.743824	-0.648928	-0.160056
25575	9.514418	1.565101	-1.519379	-0.020620	-0.007135	0.008391	-0.009654	-0.229105	0.973354	-0.668154	0.725682	0.164182	-0.743960	-0.648766	-0.160083
25576	9.512690	1.618270	-1.493502	0.005309	-0.003739	0.005037	-0.009613	-0.229113	0.973352	-0.668173	0.725658	0.164211	-0.743944	-0.648789	-0.160063
25577	9.505204	1.630113	-1.474482	0.011590	-0.008129	0.002137	-0.009655	-0.229172	0.973338	-0.668261	0.725578	0.164209	-0.743864	-0.648858	-0.160152
25578	9.468255	1.600305	-1.531730	0.024894	-0.009375	0.003906	-0.009738	-0.229248	0.973319	-0.668463	0.725400	0.164167	-0.743681	-0.649030	-0.160308
25579	9.491857	1.599784	-1.463881	0.032194	-0.011543	0.002050	-0.009804	-0.229330	0.973299	-0.668705	0.725186	0.164133	-0.743463	-0.649241	-0.160464
25580	9.501912	1.527657	-1.477466	0.036097	-0.013043	-0.000369	-0.009839	-0.229467	0.973267	-0.668998	0.724911	0.164149	-0.743199	-0.649499	-0.160645
25581	9.512771	1.567097	-1.560803	0.048101	-0.015083	-0.000135	-0.009917	-0.229588	0.973237	-0.669358	0.724588	0.164111	-0.742874	-0.649817	-0.160862
25582	9.521874	1.660112	-1.618118	0.041343	-0.014756	0.000713	-0.009980	-0.229698	0.973211	-0.669649	0.724324	0.164089	-0.742610	-0.650072	-0.161046
25583	9.469843	1.654853	-1.636815	0.022136	-0.017465	0.001257	-0.010085	-0.229825	0.973180	-0.669816	0.724172	0.164078	-0.742459	-0.650196	-0.161244
25584	9.488053	1.681946	-1.739929	0.010743	-0.019287	0.003969	-0.010232	-0.229923	0.973155	-0.669854	0.724143	0.164047	-0.742422	-0.650194	-0.161424
25585	9.441115	1.766590	-1.691452	-0.021545	-0.016268	0.006295	-0.010362	-0.230005	0.973134	-0.669696	0.724287	0.164058	-0.742563	-0.650004	-0.161538
25586	9.482352	1.682866	-1.654815	-0.047226	-0.020075	0.008182	-0.010549	-0.230125	0.973104	-0.669367	0.724582	0.164097	-0.742857	-0.649633	-0.161681
25587	9.492824	1.654015	-1.573416	-0.057057	-0.021515	0.010931	-0.010749	-0.230207	0.973082	-0.668945	0.724967	0.164120	-0.743235	-0.649174	-0.161788
25588	9.540900	1.606143	-1.496252	-0.070033	-0.022702	0.011628	-0.010937	-0.230333	0.973050	-0.668465	0.725392	0.164196	-0.743663	-0.648654	-0.161903
25589	9.525901	1.630671	-1.458046	-0.073829	-0.028117	0.012959	-0.011199	-0.230444	0.973021	-0.667917	0.725890	0.164227	-0.744152	-0.648058	-0.162047
25590	9.565442	1.600397	-1.395936	-0.076067	-0.033152	0.014324	-0.011542	-0.230547	0.972993	-0.667293	0.726466	0.164218	-0.744706	-0.647375	-0.162228
25591	9.571999	1.545374	-1.512120	-0.064672	-0.031329	0.011602	-0.011820	-0.230688	0.972956	-0.666812	0.726901	0.164247	-0.745132	-0.646837	-0.162418
25592	9.505088	1.565350	-1.491147	-0.059500	-0.031020	0.008729	-0.011998	-0.230847	0.972916	-0.666347	0.727303	0.164352	-0.745545	-0.646328	-0.162550
25593	9.553596	1.538855	-1.639634	-0.044622	-0.036786	0.005473	-0.012275	-0.231067	0.972860	-0.666016	0.727594	0.164409	-0.745837	-0.645922	-0.162826
25594	9.514455	1.563520	-1.671809	-0.023714	-0.027207	0.004560	-0.012474	-0.231205	0.972825	-0.665786	0.727799	0.164434	-0.746039	-0.645642	-0.163012
25595	9.438988	1.601287	-1.665240	-0.009184	-0.025645	0.003890	-0.012658	-0.231364	0.972785	-0.665719	0.727857	0.164449	-0.746095	-0.645520	-0.163237
25596	9.471114	1.583177	-1.584074	0.012022	-0.022384	-0.001585	-0.012767	-0.231524	0.972745	-0.665767	0.727804	0.164488	-0.746051	-0.645522	-0.163433
25597	9.440127	1.637754	-1.541402	0.012598	-0.025239	-0.000625	-0.012917	-0.231714	0.972698	-0.665863	0.727711	0.164511	-0.745962	-0.645559	-0.163690
25598	9.469916	1.630944	-1.528639	0.011045	-0.025616	-0.000663	-0.013076	-0.231929	0.972645	-0.665967	0.727607	0.164546	-0.745866	-0.645598	-0.163972
25599	9.531082	1.611822	-1.466579	0.009779	-0.027422	-0.000220	-0.013246	-0.232130	0.972595	-0.666042	0.727533	0.164570	-0.745796	-0.645609	-0.164245
25600	9.575556	1.580436	-1.493655	0.013178	-0.028092	0.000334	-0.013428	-0.232352	0.972539	-0.666159	0.727421	0.164592	-0.745689	-0.645656	-0.164551
25601	9.543331	1.640669	-1.485683	-0.001544	-0.035142	-0.000564	-0.013653	-0.232605	0.972475	-0.666150	0.727419	0.164638	-0.745693	-0.645567	-0.164881
25602	9.545866	1.533576	-1.541815	-0.008049	-0.035226	-0.001192	-0.013907	-0.232845	0.972414	-0.666056	0.727497	0.164674	-0.745772	-0.645393	-0.165205
25603	9.531566	1.622106	-1.634882	-0.016850	-0.034447	0.002620	-0.014148	-0.233070	0.972357	-0.665932	0.727601	0.164714	-0.745878	-0.645194	-0.165503
25604	9.516682	1.598777	-1.658720	-0.018444	-0.033811	0.000610	-0.014293	-0.233320	0.972295	-0.665797	0.727697	0.164838	-0.745996	-0.644995	-0.165745
25605	9.483147	1.664949	-1.684508	-0.023352	-0.034531	0.001993	-0.014530	-0.233551	0.972236	-0.665624	0.727842	0.164895	-0.746146	-0.644748	-0.166033
25606	9.462422	1.600375	-1.714927	-0.026458	-0.035286	0.001919	-0.014772	-0.233767	0.972180	-0.665388	0.728045	0.164953	-0.746352	-0.644440	-0.166301
25607	9.467661	1.641964	-1.711167	-0.015329	-0.033052	0.000674	-0.014990	-0.233998	0.972122	-0.665275	0.728135	0.165010	-0.746448	-0.644255	-0.166588
25608	9.459811	1.654508	-1.694171	-0.008906	-0.030939	-0.002651	-0.015178	-0.234272	0.972053	-0.665248	0.728139	0.165100	-0.746468	-0.644151	-0.166900
25609	9.444952	1.631292	-1.717453	-0.011045	-0.023576	0.001401	-0.015330	-0.234436	0.972011	-0.665168	0.728203	0.165142	-0.746537	-0.644019	-0.167102
25610	9.512274	1.605759	-1.709190	-0.004487	-0.029391	-0.001056	-0.015473	-0.234638	0.971960	-0.665091	0.728256	0.165218	-0.746602	-0.643886	-0.167324
25611	9.565168	1.557032	-1.721803	0.024826	-0.017137	-0.010253	-0.015499	-0.234845	0.971909	-0.665280	0.728061	0.165314	-0.746433	-0.644030	-0.167522
25612	9.594763	1.646546	-1.587352	0.015249	-0.014107	-0.003923	-0.015593	-0.234987	0.971873	-0.665389	0.727957	0.165335	-0.746334	-0.644096	-0.167709
25613	9.525149	1.518138	-1.624990	0.008208	-0.012351	-0.003526	-0.015628	-0.235114	0.971842	-0.665453	0.727885	0.165394	-0.746276	-0.644130	-0.167833
25614	9.530658	1.559781	-1.619818	0.025312	-0.013077	-0.008196	-0.015630	-0.235282	0.971802	-0.665632	0.727703	0.165478	-0.746117	-0.644275	-0.167985
25615	9.511678	1.649526	-1.623340	0.015207	-0.013092	-0.005896	-0.015655	-0.235431	0.971765	-0.665748	0.727581	0.165547	-0.746012	-0.644359	-0.168128
25616	9.489722	1.638491	-1.625873	0.019916	-0.012971	-0.003823	-0.015657	-0.235538	0.971739	-0.665839	0.727484	0.165605	-0.745931	-0.644429	-0.168221
25617	9.459291	1.597169	-1.703174	0.029779	-0.012541	-0.004634	-0.015686	-0.235675	0.971705	-0.666063	0.727271	0.165638	-0.745730	-0.644619	-0.168383
25618	9.451818	1.609295	-1.684676	0.039257	-0.003770	-0.004826	-0.015726	-0.235757	0.971685	-0.666360	0.727007	0.165607	-0.745464	-0.644887	-0.168532
25619	9.427191	1.657057	-1.694431	0.055878	-0.003667	-0.006520	-0.015677	-0.235850	0.971663	-0.666779	0.726621	0.165614	-0.745090	-0.645288	-0.168651
25620	9.431242	1.591779	-1.653779	0.051457	-0.000326	-0.003074	-0.015593	-0.235887	0.971655	-0.667129	0.726299	0.165616	-0.744779	-0.645637	-0.168693
25621	9.451448	1.608106	-1.687886	0.065462	-0.001808	-0.007822	-0.015521	-0.235978	0.971634	-0.667619	0.725847	0.165620	-0.744341	-0.646111	-0.168810
25622	9.449824	1.661420	-1.662812	0.059004	-0.002906	-0.006465	-0.015497	-0.236079	0.971610	-0.668072	0.725433	0.165608	-0.743935	-0.646540	-0.168960
25623	9.464150	1.636626	-1.703640	0.038500	-0.006402	-0.007372	-0.015462	-0.236196	0.971582	-0.668362	0.725157	0.165652	-0.743676	-0.646807	-0.169076
25624	9.476994	1.665598	-1.718155	0.029991	-0.007048	-0.003059	-0.015486	-0.236286	0.971560	-0.668577	0.724957	0.165655	-0.743481	-0.646998	-0.169203
25625	9.492593	1.635593	-1.725033	0.017265	-0.013549	-0.008835	-0.015495	-0.236460	0.971518	-0.668709	0.724814	0.165749	-0.743363	-0.647094	-0.169354
25626	9.518346	1.694252	-1.752954	0.004480	-0.009249	-0.006510	-0.015418	-0.236590	0.971487	-0.668715	0.724776	0.165894	-0.743359	-0.647090	-0.169386
25627	9.525321	1.682365	-1.773820	-0.004759	-0.013543	-0.002754	-0.015467	-0.236720	0.971455	-0.668682	0.724790	0.165967	-0.743388	-0.647027	-0.169501
25628	9.474523	1.672591	-1.756817	-0.011079	-0.008143	-0.001793	-0.015505	-0.236748	0.971447	-0.668494	0.724953	0.166006	-0.743556	-0.646833	-0.169505
25629	9.517679	1.695418	-1.755444	-0.016280	-0.007438	-0.000878	-0.015521	-0.236824	0.971429	-0.668375	0.725047	0.166080	-0.743663	-0.646701	-0.169541
25630	9.508903	1.713693	-1.770085	-0.021236	-0.007149	-0.001456	-0.015565	-0.236914	0.971406	-0.668223	0.725170	0.166153	-0.743798	-0.646530	-0.169598
25631	9.479867	1.715330	-1.751403	-0.034748	-0.006497	0.000310	-0.015582	-0.236975	0.971391	-0.667966	0.725385	0.166247	-0.744029	-0.646266	-0.169594
25632	9.531590	1.560823	-1.726291	-0.034257	-0.007328	-0.002676	-0.015599	-0.237076	0.971366	-0.667712	0.725591	0.166368	-0.744256	-0.645998	-0.169617
25633	9.506962	1.609649	-1.734894	-0.017780	0.000706	-0.005260	-0.015526	-0.237132	0.971353	-0.667582	0.725683	0.166487	-0.744374	-0.645874	-0.169572
25634	9.485238	1.599203	-1.735486	-0.022689	-0.000016	-0.003864	-0.015537	-0.237169	0.971344	-0.667391	0.725844	0.166551	-0.744545	-0.645679	-0.169562
25635	9.476542	1.618006	-1.749193	-0.027982	0.002711	-0.006896	-0.015438	-0.237223	0.971333	-0.667186	0.725998	0.166703	-0.744732	-0.645486	-0.169479
25636	9.485150	1.601253	-1.734074	-0.019235	0.007839	-0.007664	-0.015338	-0.237258	0.971326	-0.667046	0.726099	0.166825	-0.744859	-0.645360	-0.169399
25637	9.477905	1.614622	-1.713216	-0.014325	0.008562	-0.009060	-0.015181	-0.237290	0.971320	-0.666942	0.726160	0.166975	-0.744955	-0.645279	-0.169283
25638	9.479344	1.610010	-1.677917	0.005303	0.016345	-0.009599	-0.014943	-0.237269	0.971329	-0.666939	0.726130	0.167113	-0.744962	-0.645320	-0.169094
25639	9.472084	1.671097	-1.596287	0.014923	0.017194	-0.008924	-0.014722	-0.237245	0.971338	-0.667053	0.726003	0.167212	-0.744865	-0.645473	-0.168943
25640	9.479337	1.707425	-1.554377	0.006951	0.014700	-0.005622	-0.014576	-0.237203	0.971351	-0.667077	0.725967	0.167271	-0.744846	-0.645528	-0.168814
25641	9.453213	1.697925	-1.466388	-0.017341	0.005777	-0.005185	-0.014465	-0.237225	0.971347	-0.666950	0.726057	0.167388	-0.744962	-0.645419	-0.168720
25642	9.492297	1.625773	-1.496770	-0.007046	0.001750	0.000400	-0.014460	-0.237221	0.971348	-0.666867	0.726129	0.167406	-0.745037	-0.645339	-0.168695
25643	9.506472	1.697645	-1.415606	-0.013210	-0.005670	-0.002800	-0.014451	-0.237299	0.971329	-0.666770	0.726198	0.167493	-0.745123	-0.645233	-0.168718
25644	9.478934	1.645271	-1.423771	-0.010443	-0.012009	0.001127	-0.014582	-0.237351	0.971315	-0.666627	0.726332	0.167479	-0.745248	-0.645063	-0.168816
25645	9.525079	1.560360	-1.475857	0.008605	-0.015797	0.000904	-0.014673	-0.237468	0.971285	-0.666693	0.726269	0.167493	-0.745188	-0.645091	-0.168975
25646	9.598756	1.479756	-1.581005	0.046360	-0.006508	-0.003271	-0.014752	-0.237548	0.971264	-0.667043	0.725964	0.167423	-0.744874	-0.645405	-0.169164
25647	9.568434	1.597628	-1.666798	0.065512	-0.002782	-0.005870	-0.014701	-0.237630	0.971244	-0.667533	0.725518	0.167406	-0.744435	-0.645876	-0.169292
25648	9.585722	1.673059	-1.708741	0.046559	-0.001016	-0.001702	-0.014667	-0.237707	0.971226	-0.667927	0.725156	0.167395	-0.744082	-0.646253	-0.169407
25649	9.541139	1.607255	-1.805883	0.040097	-0.002118	-0.000340	-0.014648	-0.237745	0.971217	-0.668227	0.724887	0.167368	-0.743813	-0.646542	-0.169486
25650	9.499344	1.690208	-1.843641	0.035040	0.005085	0.000171	-0.014613	-0.237727	0.971222	-0.668472	0.724671	0.167320	-0.743593	-0.646790	-0.169503
25651	9.440090	1.745604	-1.779735	0.022017	0.004900	-0.001048	-0.014537	-0.237724	0.971224	-0.668637	0.724517	0.167330	-0.743446	-0.646964	-0.169484
25652	9.386756	1.794341	-1.769350	0.009521	0.007768	0.001760	-0.014465	-0.237707	0.971229	-0.668732	0.724426	0.167342	-0.743362	-0.647072	-0.169442
25653	9.418524	1.782065	-1.719700	0.007484	0.003325	-0.000324	-0.014406	-0.237710	0.971229	-0.668789	0.724367	0.167370	-0.743312	-0.647137	-0.169413
25654	9.392400	1.771982	-1.632681	-0.001754	-0.000973	0.003435	-0.014457	-0.237672	0.971238	-0.668699	0.724460	0.167329	-0.743393	-0.647047	-0.169405
25655	9.440159	1.681243	-1.649161	-0.022999	-0.003234	0.007016	-0.014496	-0.237664	0.971239	-0.668528	0.724616	0.167337	-0.743545	-0.646875	-0.169389
25656	9.435816	1.634072	-1.621627	-0.020615	-0.006122	0.006519	-0.014611	-0.237688	0.971232	-0.668395	0.724745	0.167311	-0.743663	-0.646722	-0.169459
25657	9.494987	1.626212	-1.625604	-0.024743	-0.009103	0.005412	-0.014682	-0.237730	0.971220	-0.668212	0.724908	0.167337	-0.743826	-0.646524	-0.169497
25658	9.493575	1.631560	-1.660030	-0.031743	-0.008362	0.007787	-0.014730	-0.237750	0.971215	-0.667931	0.725156	0.167385	-0.744078	-0.646238	-0.169482
25659	9.500787	1.619175	-1.680144	-0.031251	-0.009193	0.004801	-0.014798	-0.237796	0.971202	-0.667699	0.725360	0.167428	-0.744285	-0.645993	-0.169510
25660	9.484863	1.649149	-1.674968	-0.038157	-0.010474	0.011122	-0.014937	-0.237797	0.971200	-0.667381	0.725655	0.167412	-0.744567	-0.645660	-0.169540
25661	9.476246	1.666658	-1.689443	-0.033828	-0.006898	0.008762	-0.015014	-0.237800	0.971198	-0.667129	0.725885	0.167421	-0.744791	-0.645401	-0.169542
25662	9.484878	1.648563	-1.675457	-0.032999	-0.010166	0.008229	-0.015101	-0.237825	0.971191	-0.666844	0.726140	0.167449	-0.745044	-0.645104	-0.169558
25663	9.486244	1.642785	-1.641757	-0.025270	-0.007258	0.006416	-0.015165	-0.237847	0.971184	-0.666656	0.726309	0.167466	-0.745211	-0.644906	-0.169577
25664	9.496207	1.619196	-1.594008	-0.022352	-0.011988	0.004903	-0.015297	-0.237904	0.971168	-0.666471	0.726479	0.167466	-0.745374	-0.644694	-0.169669
25665	9.464417	1.631202	-1.644041	-0.012732	-0.011141	0.005575	-0.015385	-0.237957	0.971154	-0.666377	0.726565	0.167470	-0.745457	-0.644578	-0.169748
25666	9.485974	1.690005	-1.583463	-0.018127	-0.011034	0.009956	-0.015492	-0.237991	0.971144	-0.666233	0.726699	0.167459	-0.745583	-0.644414	-0.169815
25667	9.508991	1.647258	-1.609749	-0.023368	-0.014206	0.003856	-0.015591	-0.238076	0.971121	-0.666059	0.726849	0.167498	-0.745736	-0.644213	-0.169905
25668	9.510228	1.641517	-1.576865	-0.022737	-0.018072	0.006786	-0.015737	-0.238164	0.971098	-0.665856	0.727031	0.167515	-0.745914	-0.643975	-0.170024
25669	9.538951	1.640197	-1.597020	-0.021472	-0.016266	0.006338	-0.015868	-0.238244	0.971076	-0.665696	0.727175	0.167527	-0.746054	-0.643783	-0.170137
25670	9.550400	1.674820	-1.645319	-0.023656	-0.012777	0.003375	-0.015981	-0.238305	0.971059	-0.665474	0.727373	0.167550	-0.746250	-0.643536	-0.170210
25671	9.525752	1.626887	-1.775542	-0.016175	-0.009457	0.003056	-0.016040	-0.238365	0.971043	-0.665353	0.727475	0.167585	-0.746356	-0.643399	-0.170266
25672	9.493953	1.687026	-1.764824	-0.023122	-0.009731	0.007406	-0.016134	-0.238374	0.971039	-0.665112	0.727696	0.167586	-0.746569	-0.643146	-0.170286
25673	9.450573	1.616430	-1.827549	-0.019090	-0.004727	0.004573	-0.016167	-0.238393	0.971034	-0.664970	0.727820	0.167611	-0.746695	-0.642998	-0.170291
25674	9.414464	1.629725	-1.788890	-0.012677	-0.002613	0.001236	-0.016225	-0.238418	0.971027	-0.664880	0.727902	0.167614	-0.746774	-0.642897	-0.170330
25675	9.452056	1.658681	-1.732930	-0.004421	0.003337	0.003458	-0.016191	-0.238393	0.971034	-0.664847	0.727929	0.167624	-0.746804	-0.642875	-0.170281
25676	9.467979	1.676437	-1.677924	-0.007771	-0.001891	-0.000161	-0.016215	-0.238434	0.971023	-0.664801	0.727965	0.167650	-0.746844	-0.642819	-0.170315
25677	9.446348	1.713096	-1.618424	-0.009763	-0.002458	0.004764	-0.016233	-0.238437	0.971022	-0.664728	0.728030	0.167657	-0.746909	-0.642744	-0.170314
25678	9.493967	1.670406	-1.574964	-0.017825	-0.002921	0.004125	-0.016240	-0.238428	0.971024	-0.664514	0.728217	0.167695	-0.747100	-0.642536	-0.170265
25679	9.485305	1.640117	-1.649826	-0.015639	-0.006412	0.007084	-0.016303	-0.238440	0.971020	-0.664396	0.728325	0.167690	-0.747203	-0.642409	-0.170292
25680	9.470879	1.664165	-1.610610	-0.011705	-0.008923	0.006611	-0.016429	-0.238449	0.971016	-0.664264	0.728456	0.167646	-0.747317	-0.642257	-0.170361
25681	9.463604	1.628022	-1.651852	-0.013793	-0.007461	0.007594	-0.016503	-0.238463	0.971011	-0.664161	0.728553	0.167632	-0.747408	-0.642141	-0.170401
25682	9.453549	1.651091	-1.700431	-0.007868	-0.004522	0.007244	-0.016541	-0.238440	0.971016	-0.664013	0.728690	0.167623	-0.747538	-0.641995	-0.170381
25683	9.466590	1.679558	-1.714215	-0.006702	-0.010231	0.009154	-0.016647	-0.238460	0.971010	-0.663962	0.728746	0.167582	-0.747581	-0.641924	-0.170460
25684	9.470952	1.726065	-1.742269	-0.023116	-0.009727	0.007400	-0.016810	-0.238487	0.971000	-0.663806	0.728900	0.167533	-0.747716	-0.641739	-0.170562
25685	9.504043	1.659798	-1.720058	-0.035060	-0.008691	0.009205	-0.016905	-0.238497	0.970996	-0.663542	0.729138	0.167540	-0.747948	-0.641465	-0.170579
25686	9.531311	1.552225	-1.704373	-0.036903	-0.007640	0.008695	-0.016990	-0.238476	0.971000	-0.663164	0.729479	0.167555	-0.748281	-0.641085	-0.170542
25687	9.567495	1.586609	-1.682639	-0.032531	-0.005079	0.008313	-0.017051	-0.238469	0.971000	-0.662919	0.729698	0.167567	-0.748497	-0.640838	-0.170528
25688	9.488128	1.577258	-1.645746	-0.032287	-0.005490	0.006818	-0.017179	-0.238460	0.971000	-0.662666	0.729935	0.167535	-0.748718	-0.640571	-0.170560
25689	9.489652	1.571281	-1.611542	-0.022234	0.000419	0.007586	-0.017195	-0.238424	0.971009	-0.662499	0.730087	0.167535	-0.748865	-0.640412	-0.170510
25690	9.456492	1.524717	-1.565176	0.022092	0.002837	0.002901	-0.017243	-0.238384	0.971018	-0.662655	0.729968	0.167439	-0.748727	-0.640562	-0.170554
25691	9.432275	1.619779	-1.513072	0.041321	0.004509	0.004242	-0.017206	-0.238346	0.971028	-0.662963	0.729705	0.167364	-0.748454	-0.640876	-0.170570
25692	9.488751	1.670316	-1.524899	0.065455	0.002023	-0.000868	-0.017190	-0.238347	0.971028	-0.663416	0.729315	0.167272	-0.748054	-0.641320	-0.170660
25693	9.464247	1.717554	-1.534574	0.062448	-0.005642	-0.002048	-0.017187	-0.238419	0.971010	-0.663883	0.728901	0.167221	-0.747639	-0.641763	-0.170811
25694	9.505906	1.696859	-1.628914	0.059395	-0.007410	-0.000146	-0.017240	-0.238473	0.970996	-0.664279	0.728559	0.167137	-0.747286	-0.642131	-0.170972
25695	9.476770	1.648870	-1.672474	0.057214	-0.013459	0.003191	-0.017330	-0.238557	0.970974	-0.664706	0.728191	0.167044	-0.746904	-0.642517	-0.171190
25696	9.465057	1.676774	-1.756864	0.052022	-0.012749	0.004108	-0.017434	-0.238621	0.970956	-0.665053	0.727896	0.166946	-0.746592	-0.642827	-0.171386
25697	9.489507	1.739371	-1.819483	0.042407	-0.013586	0.003441	-0.017527	-0.238705	0.970934	-0.665369	0.727624	0.166876	-0.746309	-0.643105	-0.171580
25698	9.479304	1.761710	-1.869330	0.030657	-0.007059	0.006833	-0.017599	-0.238738	0.970925	-0.665604	0.727427	0.166800	-0.746098	-0.643316	-0.171707
25699	9.454825	1.808825	-1.878930	0.003111	-0.008781	0.006368	-0.017676	-0.238769	0.970915	-0.665626	0.727413	0.166769	-0.746076	-0.643319	-0.171789
25700	9.428698	1.750060	-1.853154	-0.019672	-0.011395	0.009940	-0.017765	-0.238814	0.970903	-0.665463	0.727559	0.166783	-0.746220	-0.643137	-0.171847
25701	9.444686	1.767456	-1.798816	-0.028852	-0.007159	0.009365	-0.017849	-0.238814	0.970901	-0.665246	0.727759	0.166778	-0.746411	-0.642911	-0.171860
25702	9.509633	1.688802	-1.726928	-0.052455	-0.006502	0.013471	-0.017993	-0.238773	0.970909	-0.664827	0.728148	0.166750	-0.746781	-0.642486	-0.171844
25703	9.558668	1.592206	-1.709418	-0.023306	0.004117	0.009632	-0.017995	-0.238697	0.970927	-0.664651	0.728313	0.166733	-0.746937	-0.642327	-0.171757
25704	9.569054	1.568073	-1.660181	-0.002173	0.013262	0.007136	-0.017896	-0.238604	0.970952	-0.664623	0.728338	0.166734	-0.746965	-0.642333	-0.171616
25705	9.510443	1.623069	-1.594568	0.004095	0.013756	0.009230	-0.017823	-0.238470	0.970986	-0.664652	0.728326	0.166673	-0.746941	-0.642397	-0.171481
25706	9.532275	1.585328	-1.653049	0.006473	0.010865	0.008724	-0.017749	-0.238384	0.971009	-0.664696	0.728291	0.166646	-0.746903	-0.642468	-0.171379
25707	9.447786	1.693626	-1.630473	0.024206	0.011143	0.011992	-0.017714	-0.238246	0.971043	-0.664875	0.728156	0.166525	-0.746745	-0.642673	-0.171303
25708	9.449736	1.750432	-1.725141	0.005750	0.012108	0.013200	-0.017715	-0.238109	0.971077	-0.664944	0.728120	0.166406	-0.746683	-0.642764	-0.171228
25709	9.458606	1.683142	-1.770369	0.002399	0.011769	0.014630	-0.017693	-0.237949	0.971117	-0.664959	0.728131	0.166296	-0.746670	-0.642811	-0.171109
25710	9.470714	1.716484	-1.816452	-0.014212	0.011687	0.016346	-0.017698	-0.237774	0.971159	-0.664815	0.728286	0.166194	-0.746798	-0.642700	-0.170965
25711	9.453641	1.639166	-1.774345	-0.028978	0.010555	0.018570	-0.017712	-0.237592	0.971204	-0.664596	0.728508	0.166100	-0.746993	-0.642516	-0.170806
25712	9.464232	1.614257	-1.724399	-0.033680	0.015326	0.021549	-0.017710	-0.237371	0.971258	-0.664320	0.728782	0.165998	-0.747238	-0.642287	-0.170597
25713	9.445904	1.590686	-1.655484	-0.036844	0.010704	0.014466	-0.017695	-0.237218	0.971295	-0.664043	0.729045	0.165956	-0.747485	-0.642045	-0.170423
25714	9.470691	1.541669	-1.645363	-0.029309	0.012997	0.016117	-0.017696	-0.237016	0.971345	-0.663741	0.729339	0.165872	-0.747754	-0.641785	-0.170224
25715	9.498807	1.592965	-1.636175	-0.019401	0.012397	0.017264	-0.017687	-0.236832	0.971390	-0.663592	0.729496	0.165774	-0.747885	-0.641675	-0.170063
25716	9.483508	1.621839	-1.629143	-0.017025	0.009504	0.016758	-0.017664	-0.236671	0.971429	-0.663378	0.729704	0.165716	-0.748076	-0.641498	-0.169892
25717	9.493899	1.596986	-1.579808	-0.011877	0.009805	0.013869	-0.017652	-0.236528	0.971464	-0.663286	0.729805	0.165638	-0.748157	-0.641435	-0.169768
25718	9.523346	1.642425	-1.537266	0.000163	0.006721	0.016006	-0.017694	-0.236398	0.971495	-0.663276	0.729842	0.165515	-0.748165	-0.641441	-0.169711
25719	9.509142	1.617590	-1.557559	0.005599	0.005593	0.013596	-0.017711	-0.236284	0.971523	-0.663316	0.729830	0.165410	-0.748130	-0.641496	-0.169657
