// General information: 
//  MT Manager version: 2022.2.0 
//  XDA version: 2022.2.0 build 7381 rev 124627 built on 2023-07-19
// Device information: 
//  DeviceId: 00B4CB9F
//  ProductCode: MTW2-3A7G6
//  Firmware Version: 4.6.0
//  Hardware Version: 2.0.0
// Device settings: 
//  Filter Profile: human(46.1)
//  Option Flags: Orientation Smoother Disabled, Position/Velocity Smoother Disabled, Continuous Zero Rotation Update Disabled, AHS Disabled, ICC Disabled
// Coordinate system: ENU
PacketCounter	Acc_X	Acc_Y	Acc_Z	Gyr_X	Gyr_Y	Gyr_Z	Mat[1][1]	Mat[2][1]	Mat[3][1]	Mat[1][2]	Mat[2][2]	Mat[3][2]	Mat[1][3]	Mat[2][3]	Mat[3][3]
13024	9.801477	-0.699098	-0.390699	-0.019576	-0.023962	0.015790	-0.049027	0.064665	0.996702	-0.317772	0.945040	-0.076944	-0.946899	-0.320496	-0.025784
13025	9.914573	-0.684773	-0.301324	-0.050559	-0.016077	0.011113	-0.049276	0.064724	0.996686	-0.317308	0.945186	-0.077067	-0.947041	-0.320054	-0.026037
13026	9.851120	-0.687521	-0.236979	-0.072540	-0.003779	0.003022	-0.049165	0.064964	0.996676	-0.316700	0.945376	-0.077243	-0.947251	-0.319444	-0.025906
13027	9.768727	-0.746052	-0.164757	-0.097179	0.006645	0.000389	-0.049164	0.064995	0.996674	-0.315799	0.945676	-0.077247	-0.947551	-0.318547	-0.025968
13028	9.707912	-0.814742	-0.116791	-0.116969	0.015787	-0.002243	-0.048967	0.065062	0.996679	-0.315046	0.945929	-0.077227	-0.947812	-0.317781	-0.025822
13029	9.708637	-0.851096	0.019503	-0.130457	0.025189	-0.005391	-0.048771	0.065097	0.996686	-0.313832	0.946338	-0.077165	-0.948225	-0.316556	-0.025724
13030	9.790684	-0.953230	0.014752	-0.137169	0.033096	-0.003860	-0.048444	0.065190	0.996696	-0.312784	0.946688	-0.077122	-0.948588	-0.315487	-0.025471
13031	9.878177	-0.948058	-0.052825	-0.145523	0.036393	-0.007325	-0.048136	0.065242	0.996708	-0.311427	0.947142	-0.077038	-0.949050	-0.314110	-0.025273
13032	9.962053	-0.921151	-0.131756	-0.144640	0.041165	-0.013418	-0.047566	0.065321	0.996730	-0.310487	0.947461	-0.076909	-0.949387	-0.313130	-0.024785
13033	9.919850	-0.894974	-0.223248	-0.130507	0.043622	-0.013483	-0.047169	0.065336	0.996748	-0.309275	0.947869	-0.076768	-0.949802	-0.311891	-0.024503
13034	9.829669	-0.872896	-0.307071	-0.105792	0.033587	-0.009397	-0.046788	0.065392	0.996762	-0.308615	0.948091	-0.076686	-0.950036	-0.311204	-0.024179
13035	9.775902	-0.945747	-0.369819	-0.075978	0.021588	-0.001978	-0.046636	0.065447	0.996766	-0.307915	0.948319	-0.076673	-0.950270	-0.310495	-0.024074
13036	9.744531	-0.905355	-0.388552	-0.051002	0.006733	0.001776	-0.046655	0.065474	0.996763	-0.307711	0.948383	-0.076699	-0.950335	-0.310293	-0.024099
13037	9.683570	-0.975212	-0.341705	-0.026322	0.000833	0.009532	-0.046735	0.065574	0.996753	-0.307478	0.948450	-0.076813	-0.950407	-0.310069	-0.024163
13038	9.704135	-0.991255	-0.222497	-0.005225	-0.001163	0.014926	-0.046688	0.065851	0.996737	-0.307793	0.948327	-0.077070	-0.950307	-0.310387	-0.024008
13039	9.653903	-1.047236	-0.100694	0.015589	0.001663	0.020657	-0.046795	0.066059	0.996718	-0.307953	0.948256	-0.077305	-0.950250	-0.310560	-0.024031
13040	9.634459	-1.027211	-0.054055	0.026582	0.006257	0.023438	-0.046638	0.066343	0.996706	-0.308805	0.947959	-0.077548	-0.949981	-0.311405	-0.023724
13041	9.618629	-1.029005	0.005008	0.042837	0.013798	0.036166	-0.046677	0.066736	0.996678	-0.309217	0.947792	-0.077944	-0.949845	-0.311828	-0.023604
13042	9.644667	-1.018408	0.023889	0.054158	0.011696	0.037514	-0.046641	0.067214	0.996648	-0.309937	0.947519	-0.078405	-0.949613	-0.312554	-0.023362
13043	9.759435	-0.957685	0.003805	0.063553	0.013955	0.037848	-0.046684	0.067623	0.996618	-0.310544	0.947285	-0.078822	-0.949412	-0.313174	-0.023223
13044	9.866967	-0.854628	-0.039443	0.062851	0.018678	0.031896	-0.046534	0.068035	0.996597	-0.311661	0.946887	-0.079194	-0.949053	-0.314286	-0.022859
13045	9.941008	-0.801602	-0.162657	0.054134	0.022288	0.023625	-0.046454	0.068336	0.996580	-0.312186	0.946692	-0.079468	-0.948885	-0.314810	-0.022644
13046	9.929961	-0.740392	-0.195374	0.029736	0.023383	0.015522	-0.046151	0.068628	0.996574	-0.313015	0.946401	-0.079669	-0.948626	-0.315619	-0.022196
13047	9.932193	-0.691907	-0.307034	0.000816	0.023205	0.009653	-0.046018	0.068800	0.996569	-0.313040	0.946382	-0.079791	-0.948624	-0.315638	-0.022014
13048	9.796410	-0.663583	-0.362845	-0.018476	0.022332	0.004882	-0.045847	0.069006	0.996562	-0.312753	0.946466	-0.079925	-0.948727	-0.315342	-0.021810
13049	9.748429	-0.667650	-0.353056	-0.034741	0.023065	-0.000525	-0.045683	0.069082	0.996565	-0.312446	0.946566	-0.079938	-0.948836	-0.315025	-0.021658
13050	9.730568	-0.757259	-0.354317	-0.041854	0.016151	0.004962	-0.045561	0.069296	0.996555	-0.312174	0.946642	-0.080098	-0.948932	-0.314748	-0.021498
13051	9.697025	-0.845971	-0.298325	-0.035370	0.015324	0.006316	-0.045493	0.069412	0.996550	-0.311857	0.946740	-0.080179	-0.949039	-0.314429	-0.021423
13052	9.685081	-0.945091	-0.267285	-0.024093	0.015084	0.008771	-0.045336	0.069601	0.996544	-0.312161	0.946628	-0.080316	-0.948947	-0.314724	-0.021190
13053	9.648956	-0.967914	-0.192845	-0.012583	0.011890	0.011990	-0.045318	0.069760	0.996534	-0.312059	0.946650	-0.080459	-0.948981	-0.314623	-0.021131
13054	9.668043	-1.029449	-0.102409	-0.001429	0.017259	0.017728	-0.045170	0.070079	0.996518	-0.312371	0.946524	-0.080723	-0.948885	-0.314930	-0.020864
13055	9.628165	-1.032064	-0.038933	0.009571	0.021840	0.020518	-0.045084	0.070350	0.996503	-0.312475	0.946470	-0.080955	-0.948855	-0.315032	-0.020687
13056	9.735976	-1.044605	0.013957	0.019270	0.029801	0.030427	-0.044892	0.070801	0.996480	-0.313073	0.946240	-0.081335	-0.948668	-0.315622	-0.020312
13057	9.818675	-0.988371	-0.054628	0.033306	0.027713	0.025262	-0.044764	0.071135	0.996462	-0.313400	0.946107	-0.081619	-0.948566	-0.315945	-0.020058
13058	9.853421	-0.935642	-0.115639	0.033078	0.026530	0.020836	-0.044631	0.071490	0.996442	-0.313973	0.945891	-0.081926	-0.948382	-0.316513	-0.019770
13059	9.855915	-0.887784	-0.226910	0.039448	0.023040	0.018153	-0.044525	0.071743	0.996429	-0.314362	0.945743	-0.082141	-0.948259	-0.316896	-0.019556
13060	9.815164	-0.819094	-0.288843	0.036039	0.019465	0.011408	-0.044317	0.072034	0.996417	-0.314958	0.945525	-0.082363	-0.948070	-0.317480	-0.019215
13061	9.806789	-0.744930	-0.301291	0.023733	0.014140	0.012071	-0.044277	0.072202	0.996407	-0.315200	0.945431	-0.082515	-0.947992	-0.317721	-0.019103
13062	9.787429	-0.723557	-0.254162	0.007935	0.008982	0.008174	-0.044268	0.072358	0.996396	-0.315450	0.945335	-0.082665	-0.947909	-0.317972	-0.019023
13063	9.753515	-0.733795	-0.158566	-0.006908	0.017277	0.006990	-0.044182	0.072488	0.996390	-0.315404	0.945342	-0.082759	-0.947928	-0.317922	-0.018904
13064	9.714858	-0.768503	-0.104543	-0.014770	0.021102	0.011266	-0.043926	0.072783	0.996380	-0.315498	0.945293	-0.082960	-0.947909	-0.318000	-0.018560
13065	9.750645	-0.785334	-0.040590	-0.031105	0.025593	0.008018	-0.043764	0.072949	0.996375	-0.315223	0.945376	-0.083061	-0.948008	-0.317715	-0.018378
13066	9.731279	-0.842466	-0.031933	-0.023089	0.026693	0.010352	-0.043503	0.073277	0.996362	-0.315183	0.945369	-0.083288	-0.948033	-0.317660	-0.018030
13067	9.725368	-0.913157	-0.101960	-0.016684	0.025466	0.010243	-0.043349	0.073464	0.996355	-0.315043	0.945405	-0.083414	-0.948087	-0.317511	-0.017838
13068	9.721802	-0.971793	-0.151211	-0.008287	0.020265	0.012633	-0.043252	0.073683	0.996343	-0.315263	0.945315	-0.083595	-0.948018	-0.317726	-0.017657
13069	9.702350	-1.029551	-0.143072	0.006511	0.017971	0.018577	-0.043195	0.073925	0.996328	-0.315340	0.945271	-0.083808	-0.947995	-0.317802	-0.017519
13070	9.753774	-1.048843	-0.136961	0.016287	0.018049	0.022650	-0.043029	0.074273	0.996309	-0.315914	0.945053	-0.084096	-0.947812	-0.318367	-0.017201
13071	9.749998	-1.030429	-0.147055	0.020383	0.012762	0.031692	-0.043063	0.074623	0.996282	-0.316117	0.944955	-0.084442	-0.947743	-0.318577	-0.017103
13072	9.801324	-0.971841	-0.102147	0.017126	0.005843	0.024234	-0.043030	0.074918	0.996261	-0.316846	0.944685	-0.084725	-0.947500	-0.319307	-0.016913
13073	9.791789	-0.943954	-0.145631	0.019439	0.014034	0.018744	-0.043011	0.075149	0.996244	-0.317045	0.944599	-0.084942	-0.947435	-0.319508	-0.016803
13074	9.773462	-0.877668	-0.067998	0.014306	0.013748	0.012828	-0.042895	0.075427	0.996228	-0.317359	0.944473	-0.085173	-0.947335	-0.319815	-0.016576
13075	9.795108	-0.810444	-0.051695	0.014004	0.016306	0.010587	-0.042828	0.075589	0.996219	-0.317510	0.944410	-0.085308	-0.947287	-0.319963	-0.016447
13076	9.793893	-0.778041	-0.040545	0.007111	0.021178	0.006592	-0.042525	0.075859	0.996211	-0.318145	0.944181	-0.085478	-0.947088	-0.320575	-0.016017
13077	9.807469	-0.713352	-0.077828	-0.008804	0.017513	0.002292	-0.042421	0.075947	0.996209	-0.318084	0.944197	-0.085526	-0.947113	-0.320506	-0.015896
13078	9.797001	-0.729104	-0.151202	-0.018050	0.016067	0.004879	-0.042173	0.076221	0.996199	-0.318151	0.944158	-0.085708	-0.947101	-0.320557	-0.015568
13079	9.721346	-0.792674	-0.189853	-0.024527	0.016905	0.003506	-0.042077	0.076319	0.996195	-0.317941	0.944223	-0.085766	-0.947176	-0.320340	-0.015465
13080	9.650337	-0.831922	-0.186462	-0.029168	0.017116	0.005344	-0.042008	0.076515	0.996183	-0.317679	0.944297	-0.085926	-0.947267	-0.320076	-0.015361
13081	9.611423	-0.945287	-0.172334	-0.030325	0.021291	0.015407	-0.041908	0.076739	0.996170	-0.317408	0.944372	-0.086102	-0.947363	-0.319801	-0.015219
13082	9.636517	-0.978104	-0.183664	-0.023809	0.018581	0.015688	-0.041776	0.077003	0.996155	-0.317426	0.944347	-0.086310	-0.947362	-0.319811	-0.015009
13083	9.724713	-0.967807	-0.085835	-0.027888	0.011410	0.019436	-0.041783	0.077233	0.996137	-0.317177	0.944411	-0.086527	-0.947446	-0.319567	-0.014964
13084	9.799026	-0.951888	-0.075152	-0.024704	0.009661	0.018101	-0.041746	0.077600	0.996110	-0.317160	0.944386	-0.086863	-0.947453	-0.319553	-0.014813
13085	9.825258	-0.939393	-0.056983	-0.022008	0.011554	0.012671	-0.041730	0.077768	0.996098	-0.316969	0.944436	-0.087013	-0.947517	-0.319363	-0.014761
13086	9.727772	-0.914867	-0.032102	-0.016955	0.007305	0.013455	-0.041732	0.078056	0.996075	-0.317172	0.944342	-0.087291	-0.947449	-0.319570	-0.014652
13087	9.674951	-0.865639	-0.027040	-0.008311	-0.002730	0.015525	-0.041860	0.078205	0.996058	-0.317110	0.944346	-0.087472	-0.947465	-0.319521	-0.014731
13088	9.705745	-0.907609	-0.007914	-0.007753	-0.010114	0.017433	-0.041968	0.078463	0.996033	-0.317527	0.944180	-0.087757	-0.947320	-0.319951	-0.014711
13089	9.721647	-0.981736	0.059030	0.003663	-0.013731	0.019209	-0.042212	0.078612	0.996011	-0.317576	0.944143	-0.087977	-0.947293	-0.320023	-0.014889
13090	9.819942	-1.042456	0.024305	-0.001502	-0.012136	0.014382	-0.042415	0.078830	0.995985	-0.317654	0.944091	-0.088251	-0.947258	-0.320122	-0.015003
13091	9.895298	-1.137885	-0.014818	0.001695	0.010979	0.011248	-0.042400	0.078983	0.995974	-0.317688	0.944067	-0.088391	-0.947247	-0.320156	-0.014936
13092	9.889455	-1.129716	-0.045160	-0.001914	0.039370	0.005595	-0.042052	0.079228	0.995969	-0.318249	0.943865	-0.088521	-0.947074	-0.320689	-0.014477
13093	9.980069	-1.034975	-0.047777	-0.013675	0.070023	-0.001697	-0.041436	0.079449	0.995977	-0.318143	0.943900	-0.088530	-0.947137	-0.320531	-0.013835
13094	9.616001	-0.960603	0.043588	-0.059657	0.103343	-0.045440	-0.040304	0.079442	0.996024	-0.318025	0.943974	-0.088159	-0.947225	-0.320314	-0.012782
13095	9.083465	-0.888150	0.324738	-0.143040	0.068667	-0.092618	-0.039412	0.078799	0.996111	-0.316730	0.944495	-0.087247	-0.947697	-0.318937	-0.012267
13096	9.844331	-0.912351	0.094802	-0.230400	0.002225	-0.109104	-0.039085	0.077901	0.996195	-0.314740	0.945250	-0.086265	-0.948373	-0.316914	-0.012427
13097	10.166212	-1.811450	-0.074034	-0.345071	-0.015363	-0.138267	-0.038850	0.076557	0.996308	-0.311543	0.946434	-0.084873	-0.949438	-0.313690	-0.012918
13098	9.223239	-3.623296	0.196654	-0.455739	-0.077121	-0.173705	-0.039035	0.074750	0.996438	-0.308085	0.947717	-0.083165	-0.950558	-0.310234	-0.013965
13099	8.686056	-4.765704	0.001309	-0.464038	-0.192615	-0.270080	-0.040093	0.071608	0.996627	-0.303801	0.949334	-0.080432	-0.951891	-0.306001	-0.016307
13100	8.812445	-4.489924	0.184230	-0.138492	-0.244819	-0.399727	-0.041166	0.067111	0.996896	-0.303550	0.949742	-0.076471	-0.951926	-0.305755	-0.018725
13101	9.647627	-2.969162	1.367801	0.300560	-0.071037	-0.406364	-0.040654	0.063048	0.997182	-0.306599	0.949073	-0.072506	-0.950970	-0.308683	-0.019253
13102	9.482911	-1.180259	1.657109	0.662136	0.093375	-0.303037	-0.038712	0.060597	0.997411	-0.314298	0.946761	-0.069718	-0.948535	-0.316184	-0.017605
13103	10.269161	-0.228829	1.242244	0.746420	0.155578	-0.096902	-0.036981	0.060191	0.997502	-0.321430	0.944423	-0.068904	-0.946211	-0.323175	-0.015578
13104	11.095641	-0.065459	1.266049	0.533073	0.275468	0.029285	-0.034369	0.061598	0.997509	-0.327390	0.942332	-0.069471	-0.944264	-0.328962	-0.012220
13105	11.618227	-0.104373	1.821091	0.270630	0.489737	0.037870	-0.029922	0.063585	0.997528	-0.329956	0.941404	-0.069904	-0.943522	-0.331232	-0.007188
13106	11.154885	-0.470518	2.284118	0.016046	0.648431	0.007599	-0.023689	0.066055	0.997535	-0.331077	0.940991	-0.070173	-0.943306	-0.331923	-0.000422
13107	10.569451	-0.934498	2.223816	-0.250329	0.744764	-0.004594	-0.016695	0.068486	0.997512	-0.328740	0.941811	-0.070164	-0.944273	-0.329093	0.006791
13108	10.070091	-0.797031	1.544979	-0.524939	0.742678	-0.033826	-0.009338	0.070872	0.997442	-0.325621	0.942902	-0.070045	-0.945454	-0.325442	0.014272
13109	9.910004	-0.345670	0.352342	-0.769907	0.760930	-0.059978	-0.001991	0.072767	0.997347	-0.318360	0.945410	-0.069613	-0.947968	-0.317654	0.021284
13110	9.549997	-0.009138	-0.915874	-0.886170	0.750819	-0.093539	0.005502	0.074504	0.997206	-0.311923	0.947593	-0.069076	-0.950091	-0.310672	0.028453
13111	9.553936	0.094743	-1.728088	-0.863100	0.701958	-0.147158	0.012584	0.075274	0.997084	-0.303724	0.950337	-0.067911	-0.952677	-0.301984	0.034822
13112	9.523707	-0.337168	-2.577389	-0.732686	0.642509	-0.214749	0.019438	0.075453	0.996960	-0.298751	0.952030	-0.066228	-0.954133	-0.296556	0.041048
13113	8.722225	-1.029664	-3.684372	-0.579197	0.509365	-0.243922	0.024977	0.074641	0.996898	-0.293192	0.953904	-0.064076	-0.955727	-0.290682	0.045709
13114	8.969399	-1.764930	-4.248489	-0.363877	0.323561	-0.203583	0.028664	0.073977	0.996848	-0.292323	0.954281	-0.062413	-0.955890	-0.289613	0.048979
13115	9.665875	-2.551058	-3.910790	-0.078478	0.152431	-0.141875	0.030488	0.073081	0.996860	-0.291558	0.954602	-0.061066	-0.956067	-0.288781	0.050411
13116	10.010778	-2.959101	-3.361028	0.219797	0.027784	-0.126199	0.031132	0.072306	0.996897	-0.295823	0.953362	-0.059910	-0.954735	-0.293039	0.051070
13117	9.909653	-2.801839	-2.328194	0.502443	-0.063947	-0.152593	0.030930	0.070681	0.997019	-0.300596	0.951977	-0.058162	-0.953250	-0.297901	0.050691
13118	9.870642	-2.273125	-0.939661	0.737741	-0.115301	-0.162383	0.030275	0.069029	0.997155	-0.309879	0.949108	-0.056295	-0.950294	-0.307293	0.050125
13119	9.634081	-1.216118	0.253933	0.836750	-0.117582	-0.153822	0.029595	0.067222	0.997299	-0.317801	0.946597	-0.054374	-0.947696	-0.315333	0.049378
13120	9.467767	-0.108797	1.160789	0.766111	-0.116297	-0.166527	0.028963	0.065467	0.997434	-0.326162	0.943856	-0.052479	-0.944870	-0.323805	0.048689
13121	9.415369	0.383257	1.701832	0.572666	-0.106327	-0.185625	0.028522	0.063386	0.997581	-0.331542	0.942094	-0.050381	-0.943009	-0.329303	0.047886
13122	9.750489	0.228282	1.871028	0.355591	-0.065412	-0.218322	0.028551	0.061204	0.997717	-0.334913	0.941018	-0.048141	-0.941816	-0.332774	0.047365
13123	9.547970	-0.182052	1.502243	0.226454	-0.051700	-0.275025	0.028941	0.058460	0.997870	-0.336994	0.940416	-0.045320	-0.941062	-0.334964	0.046918
13124	9.552462	-0.301806	1.329624	0.167147	-0.082094	-0.325357	0.029208	0.055280	0.998044	-0.339242	0.939756	-0.042123	-0.940246	-0.337348	0.046202
13125	9.768220	-0.325240	1.153336	0.141396	-0.084518	-0.350903	0.029559	0.051713	0.998224	-0.340496	0.939454	-0.038586	-0.939781	-0.338750	0.045378
13126	9.601249	-0.379091	0.298020	0.135767	-0.096658	-0.364974	0.029835	0.048060	0.998399	-0.342101	0.939012	-0.034978	-0.939190	-0.340509	0.044457
13127	9.636971	-0.741172	-0.414696	0.114421	-0.148412	-0.374284	0.029676	0.044056	0.998588	-0.343092	0.938783	-0.031221	-0.938833	-0.341681	0.042975
13128	9.714879	-1.291368	-0.231521	0.136518	-0.182563	-0.372207	0.029183	0.040047	0.998772	-0.344545	0.938365	-0.027558	-0.938316	-0.343317	0.041182
13129	9.846915	-1.488716	0.196994	0.217313	-0.189170	-0.350849	0.028573	0.036121	0.998939	-0.346510	0.937739	-0.023996	-0.937611	-0.345456	0.039310
13130	9.590157	-1.075084	0.332217	0.298010	-0.201236	-0.350270	0.027861	0.032250	0.999091	-0.349537	0.936699	-0.020489	-0.936508	-0.348648	0.037370
13131	9.564158	-0.580965	0.667954	0.326909	-0.214527	-0.338184	0.026992	0.028349	0.999234	-0.352532	0.935645	-0.017022	-0.935411	-0.351802	0.035249
13132	9.887013	-0.161752	1.381705	0.267813	-0.161559	-0.311103	0.026516	0.024962	0.999337	-0.354989	0.934767	-0.013930	-0.934494	-0.354385	0.033647
13133	9.411997	0.032878	1.765127	0.182948	-0.121967	-0.323970	0.026482	0.021517	0.999418	-0.356641	0.934181	-0.010663	-0.933866	-0.356151	0.032413
13134	9.340120	0.083063	2.001625	0.151188	-0.126409	-0.340806	0.026438	0.017971	0.999489	-0.357879	0.933739	-0.007322	-0.933394	-0.357502	0.031118
13135	9.269987	0.188061	1.892172	0.169396	-0.116566	-0.345833	0.026543	0.014341	0.999545	-0.359396	0.933177	-0.003845	-0.932807	-0.359131	0.029924
13136	9.037152	0.708280	1.617943	0.169063	-0.143396	-0.344797	0.026379	0.010709	0.999595	-0.360879	0.932613	-0.000468	-0.932240	-0.360720	0.028466
13137	9.430205	1.488955	1.769472	0.131572	-0.171932	-0.319663	0.025884	0.007123	0.999640	-0.362050	0.932155	0.002733	-0.931799	-0.361991	0.026707
13138	9.809254	2.230465	1.568921	0.050576	-0.179272	-0.294084	0.025231	0.003837	0.999674	-0.362533	0.931954	0.005573	-0.931629	-0.362556	0.024905
13139	9.739943	2.640635	1.147960	-0.079066	-0.188804	-0.297946	0.024503	0.000392	0.999700	-0.361751	0.932236	0.008501	-0.931953	-0.361851	0.022985
13140	10.038676	2.676840	0.778223	-0.224400	-0.228805	-0.295851	0.023364	-0.003108	0.999722	-0.359545	0.933059	0.011303	-0.932835	-0.359709	0.020683
13141	9.669751	2.434857	0.275006	-0.343899	-0.235879	-0.281583	0.022123	-0.006565	0.999734	-0.356299	0.934267	0.014019	-0.934110	-0.356515	0.018329
13142	9.519084	1.980553	-0.191950	-0.435120	-0.311313	-0.265374	0.020092	-0.010076	0.999747	-0.352141	0.935801	0.016508	-0.935731	-0.352383	0.015254
13143	9.938301	1.548037	-0.491578	-0.458567	-0.357967	-0.234350	0.017511	-0.013508	0.999755	-0.347831	0.937370	0.018757	-0.937394	-0.348074	0.011716
13144	9.710953	1.196269	-0.465634	-0.448004	-0.374789	-0.189032	0.014587	-0.016511	0.999757	-0.343601	0.938892	0.020519	-0.939002	-0.343817	0.008022
13145	9.715189	1.092862	-0.058783	-0.495937	-0.383313	-0.153163	0.011459	-0.019242	0.999749	-0.338949	0.940548	0.021987	-0.940735	-0.339116	0.004256
13146	10.070021	0.940546	0.616221	-0.553222	-0.355081	-0.129870	0.008491	-0.021600	0.999731	-0.333679	0.942401	0.023195	-0.942648	-0.333786	0.000795
13147	9.956245	0.645326	1.129460	-0.599695	-0.304975	-0.130170	0.005996	-0.023819	0.999698	-0.328040	0.944347	0.024468	-0.944645	-0.328088	-0.002151
13148	10.141193	0.118725	1.818998	-0.625750	-0.214569	-0.136911	0.004336	-0.025747	0.999659	-0.322042	0.946375	0.025772	-0.946715	-0.322044	-0.004188
13149	9.396118	-0.462717	1.896890	-0.554365	-0.164916	-0.161081	0.003240	-0.027781	0.999609	-0.316812	0.948093	0.027377	-0.948483	-0.316777	-0.005729
13150	9.195777	-0.906221	1.573757	-0.404408	-0.176790	-0.146060	0.001950	-0.029649	0.999558	-0.312972	0.949327	0.028770	-0.949760	-0.312890	-0.007428
13151	9.232251	-0.943914	1.021483	-0.224212	-0.202610	-0.125780	0.000370	-0.031456	0.999505	-0.310869	0.949979	0.030013	-0.950453	-0.310727	-0.009427
13152	9.397583	-0.416671	0.436432	-0.053438	-0.256490	-0.106083	-0.001793	-0.033179	0.999448	-0.310421	0.950094	0.030983	-0.950598	-0.310194	-0.012003
13153	9.450380	0.428573	0.402029	0.018320	-0.290208	-0.085296	-0.004334	-0.034870	0.999382	-0.310627	0.950000	0.031800	-0.950522	-0.310298	-0.014949
13154	9.518554	1.388795	0.467598	0.003118	-0.316430	-0.074880	-0.007169	-0.036477	0.999309	-0.310728	0.949945	0.032446	-0.950472	-0.310280	-0.018145
13155	9.375295	2.234886	0.323100	-0.061104	-0.361161	-0.076370	-0.010412	-0.038302	0.999212	-0.310183	0.950097	0.033187	-0.950620	-0.309593	-0.021773
13156	9.445031	2.737685	0.436420	-0.192326	-0.400946	-0.075520	-0.014036	-0.040184	0.999094	-0.308449	0.950637	0.033902	-0.951137	-0.307694	-0.025738
13157	9.424022	2.873853	0.446618	-0.355218	-0.444116	-0.084668	-0.018049	-0.042328	0.998941	-0.305112	0.951680	0.034813	-0.952145	-0.304160	-0.030092
13158	9.815443	2.728715	0.447126	-0.517660	-0.453122	-0.070406	-0.022197	-0.044306	0.998771	-0.300253	0.953195	0.035611	-0.953601	-0.299093	-0.034461
13159	10.178227	2.135089	1.041333	-0.688618	-0.417663	-0.056785	-0.026062	-0.046063	0.998599	-0.293722	0.955198	0.036395	-0.955535	-0.292362	-0.038424
13160	9.939783	1.282839	1.329937	-0.805893	-0.372491	-0.056314	-0.029498	-0.047629	0.998429	-0.286092	0.957479	0.037223	-0.957748	-0.284545	-0.041869
13161	10.002011	0.472641	1.349569	-0.835351	-0.325387	-0.040778	-0.032549	-0.048911	0.998273	-0.278124	0.959795	0.037957	-0.959993	-0.276408	-0.044844
13162	9.847897	-0.177819	1.487621	-0.798551	-0.257982	-0.035344	-0.034972	-0.049900	0.998142	-0.270529	0.961937	0.038612	-0.962076	-0.268676	-0.047140
13163	9.694985	-0.609949	1.189610	-0.690523	-0.223340	-0.040840	-0.037060	-0.050864	0.998018	-0.263923	0.963742	0.039317	-0.963831	-0.261943	-0.049140
13164	9.629834	-0.673309	0.710172	-0.530678	-0.217755	-0.030340	-0.039102	-0.051670	0.997898	-0.258880	0.965088	0.039827	-0.965118	-0.256778	-0.051113
13165	9.724849	-0.579967	0.337500	-0.383979	-0.212573	0.000024	-0.041200	-0.052189	0.997787	-0.255202	0.966060	0.039992	-0.966010	-0.252989	-0.053121
13166	9.804706	-0.568529	-0.210897	-0.252887	-0.222149	0.029819	-0.043449	-0.052397	0.997681	-0.252829	0.966694	0.039759	-0.966535	-0.250516	-0.055249
13167	9.788360	-0.479586	-0.897152	-0.115420	-0.250861	0.047444	-0.046039	-0.052543	0.997557	-0.251722	0.967001	0.039316	-0.966704	-0.249297	-0.057746
13168	9.554627	-0.624194	-1.650026	0.028907	-0.298875	0.059113	-0.049099	-0.052651	0.997405	-0.252054	0.966942	0.038635	-0.966467	-0.249503	-0.060746
13169	9.006810	-0.765646	-2.680717	0.187559	-0.390605	0.056853	-0.053062	-0.053056	0.997181	-0.253866	0.966496	0.037915	-0.965783	-0.251139	-0.064753
13170	9.082557	-0.571790	-3.068979	0.373018	-0.542716	0.073214	-0.058513	-0.053654	0.996844	-0.257514	0.965571	0.036855	-0.964501	-0.254545	-0.070315
13171	9.792530	0.020414	-2.747541	0.556940	-0.595964	0.110342	-0.064589	-0.054099	0.996444	-0.262842	0.964193	0.035310	-0.962675	-0.259627	-0.076496
13172	9.524978	0.817054	-2.280207	0.686320	-0.615293	0.126225	-0.070871	-0.054432	0.995999	-0.269442	0.962436	0.033425	-0.960405	-0.265995	-0.082875
13173	9.621003	1.600157	-1.499212	0.670034	-0.660687	0.132336	-0.077616	-0.054915	0.995470	-0.275799	0.960699	0.031493	-0.958076	-0.272105	-0.089711
13174	9.931870	1.864131	-0.680439	0.481209	-0.610863	0.155571	-0.083930	-0.055038	0.994951	-0.280360	0.959444	0.029424	-0.956219	-0.276475	-0.095956
13175	10.662803	1.582292	0.176023	0.219427	-0.542541	0.154883	-0.089597	-0.055035	0.994456	-0.282351	0.958913	0.027630	-0.955118	-0.278310	-0.101455
13176	11.537860	0.550893	1.262753	0.072707	-0.407881	0.176904	-0.094026	-0.054423	0.994081	-0.282954	0.958788	0.025728	-0.954514	-0.278860	-0.105550
13177	11.459620	-0.525474	2.400748	0.083017	-0.252852	0.246500	-0.097183	-0.052745	0.993868	-0.283538	0.958681	0.023152	-0.954024	-0.279550	-0.108123
13178	10.977661	-1.459457	2.876403	0.189567	-0.157815	0.311133	-0.099599	-0.050149	0.993763	-0.285114	0.958289	0.019783	-0.953305	-0.281366	-0.109742
13179	10.037954	-2.096202	2.921433	0.354475	-0.131881	0.360410	-0.101935	-0.047048	0.993678	-0.288156	0.957454	0.015773	-0.952143	-0.284726	-0.111155
13180	9.517648	-2.034048	2.975243	0.544303	-0.128394	0.437448	-0.104446	-0.043161	0.993594	-0.292978	0.956059	0.010733	-0.950397	-0.289980	-0.112502
13181	9.826807	-1.118918	3.214650	0.679873	-0.133122	0.496041	-0.107225	-0.038792	0.993478	-0.298934	0.954261	0.004997	-0.948231	-0.296449	-0.113917
13182	10.033843	-0.000022	3.350730	0.724428	-0.145582	0.489268	-0.110096	-0.034478	0.993323	-0.305382	0.952230	-0.000795	-0.945844	-0.303430	-0.115366
13183	10.186245	0.734544	3.238914	0.639845	-0.175095	0.442742	-0.113161	-0.030782	0.993100	-0.310959	0.950404	-0.005974	-0.943662	-0.309490	-0.117121
13184	10.380856	0.667591	2.617157	0.546880	-0.222052	0.406403	-0.116536	-0.027525	0.992805	-0.315773	0.948774	-0.010761	-0.941651	-0.314755	-0.119258
13185	10.447756	0.128340	1.704778	0.552934	-0.256382	0.420255	-0.120331	-0.024335	0.992435	-0.320503	0.947118	-0.015637	-0.939573	-0.319960	-0.121768
13186	10.968970	-0.246258	1.492657	0.593933	-0.249446	0.475751	-0.124211	-0.020547	0.992043	-0.325622	0.945263	-0.021192	-0.937306	-0.325663	-0.124103
13187	11.196382	-0.654555	2.288291	0.657468	-0.206032	0.495591	-0.127814	-0.016525	0.991660	-0.331178	0.943183	-0.026968	-0.934871	-0.331863	-0.126025
13188	11.258375	-1.087423	3.232662	0.757227	-0.093169	0.504525	-0.130370	-0.011989	0.991393	-0.337731	0.940663	-0.033037	-0.932170	-0.339132	-0.126684
13189	10.901182	-1.687979	3.808714	0.843902	0.028792	0.555042	-0.132044	-0.006658	0.991221	-0.344884	0.937808	-0.039644	-0.929311	-0.347091	-0.126128
13190	11.857813	-2.296396	4.594876	0.938288	0.184987	0.666818	-0.132647	0.000343	0.991163	-0.352860	0.934467	-0.047547	-0.926226	-0.356049	-0.123833
13191	12.541971	-2.575868	5.118297	0.971142	0.406632	0.801042	-0.131793	0.009299	0.991234	-0.360808	0.930915	-0.056706	-0.923281	-0.365118	-0.119332
13192	12.776378	-2.687079	5.387680	0.949915	0.604005	0.903977	-0.129508	0.020059	0.991376	-0.368568	0.927190	-0.066908	-0.920535	-0.374054	-0.112685
13193	12.990608	-2.967007	5.725593	0.889056	0.842165	1.026394	-0.125631	0.032759	0.991536	-0.375459	0.923544	-0.078085	-0.918285	-0.382091	-0.103726
13194	13.053319	-3.190447	6.133169	0.805229	1.064550	1.170564	-0.120279	0.047807	0.991588	-0.381623	0.919863	-0.090640	-0.916459	-0.389315	-0.092396
13195	12.286369	-3.159225	6.784469	0.689666	1.314127	1.314023	-0.113337	0.065042	0.991425	-0.386432	0.916402	-0.104296	-0.915328	-0.394939	-0.078728
13196	11.087582	-2.612643	7.125318	0.546790	1.560921	1.427736	-0.104577	0.084479	0.990922	-0.390132	0.913035	-0.119011	-0.914801	-0.399036	-0.062524
13197	10.595980	-1.640174	6.752835	0.361061	1.755157	1.517920	-0.094501	0.105352	0.989935	-0.391953	0.910133	-0.134276	-0.915119	-0.400697	-0.044716
13198	9.821439	-0.856481	5.981930	0.016112	1.919170	1.571101	-0.083056	0.127517	0.988353	-0.390988	0.908087	-0.150018	-0.916640	-0.398894	-0.025565
13199	10.059596	-0.445946	6.065457	-0.549666	2.071765	1.559500	-0.070124	0.149880	0.986214	-0.384774	0.908077	-0.165364	-0.920343	-0.391066	-0.006008
13200	9.502897	-0.424566	6.280074	-1.260234	2.197912	1.463976	-0.055355	0.171848	0.983567	-0.372518	0.910395	-0.180028	-0.926372	-0.376362	0.013621
13201	9.217103	-0.530305	5.108000	-1.750681	2.175008	1.299729	-0.039905	0.191696	0.980643	-0.355646	0.914429	-0.193225	-0.933768	-0.356472	0.031686
13202	10.179417	-0.528886	3.523806	-1.838925	2.102703	1.142186	-0.024151	0.209673	0.977473	-0.338351	0.918341	-0.205348	-0.940710	-0.335688	0.048764
13203	12.299960	-0.703229	2.480775	-1.677940	2.201646	0.993682	-0.006704	0.226005	0.974103	-0.322396	0.921621	-0.216047	-0.946581	-0.315495	0.066684
13204	13.645156	-1.107090	1.936405	-1.319495	2.312347	0.806092	0.012687	0.240771	0.970499	-0.310207	0.923638	-0.225090	-0.950585	-0.298199	0.086408
13205	15.762389	-1.523487	1.159612	-0.755947	2.291434	0.619699	0.032544	0.253209	0.966864	-0.303189	0.924294	-0.231856	-0.952375	-0.285597	0.106850
13206	17.009472	-0.671794	-2.015319	-0.085063	2.341948	0.462926	0.053439	0.264326	0.962952	-0.302868	0.923195	-0.236605	-0.951533	-0.279004	0.129391
13207	16.049337	0.843845	-3.701334	0.322345	2.429178	0.354026	0.075399	0.274350	0.958670	-0.306197	0.921328	-0.239581	-0.948978	-0.275477	0.153472
13208	13.901421	0.946637	-4.176185	0.458738	2.378975	0.215457	0.097271	0.283062	0.954156	-0.310978	0.919345	-0.241032	-0.945426	-0.273276	0.177452
13209	12.401454	0.476090	-3.486745	0.433936	2.269841	0.160707	0.118139	0.290737	0.949482	-0.315284	0.917683	-0.241771	-0.941615	-0.270794	0.200079
13210	11.798271	-0.242385	-0.937266	0.173208	2.118703	0.195848	0.137438	0.298392	0.944496	-0.317371	0.916539	-0.243378	-0.938289	-0.266306	0.220668
13211	12.954776	-0.733727	1.754237	-0.184315	2.121351	0.232898	0.156532	0.306115	0.939038	-0.316026	0.916297	-0.246022	-0.935749	-0.258250	0.240170
13212	13.253224	0.436102	1.391049	-0.357078	2.257628	0.131417	0.177219	0.313187	0.933010	-0.313094	0.916705	-0.248243	-0.933041	-0.248126	0.260514
13213	12.662631	1.277072	0.030909	-0.384276	2.218917	-0.029535	0.197936	0.318330	0.927085	-0.309500	0.917711	-0.249032	-0.930070	-0.237640	0.280172
13214	12.744743	1.134570	-1.424651	-0.404465	2.106804	-0.062864	0.217703	0.322772	0.921099	-0.305765	0.918783	-0.249692	-0.926883	-0.227281	0.298715
13215	12.249774	0.552699	-2.174135	-0.530753	2.087100	-0.045112	0.237108	0.327006	0.914793	-0.300794	0.920084	-0.250933	-0.923744	-0.215666	0.316521
13216	10.331416	-0.467239	-2.125103	-0.751478	2.128274	-0.022962	0.256821	0.331322	0.907892	-0.293920	0.921681	-0.253211	-0.920681	-0.201818	0.334089
13217	9.003479	-1.306548	-2.146503	-0.923537	2.061850	-0.034862	0.275832	0.335031	0.900928	-0.285381	0.923570	-0.256077	-0.917864	-0.186474	0.350362
13218	8.587513	-1.558351	-2.246273	-0.973915	2.009130	-0.030320	0.294344	0.338404	0.893781	-0.276462	0.925376	-0.259321	-0.914839	-0.170767	0.365935
13219	8.523715	-1.465532	-2.229671	-0.930262	1.996915	-0.028560	0.312613	0.341425	0.886398	-0.267927	0.926972	-0.262562	-0.911311	-0.155410	0.381260
13220	7.838303	-1.127800	-1.935320	-0.816584	1.996083	-0.076359	0.330975	0.343727	0.878810	-0.260335	0.928416	-0.265083	-0.907018	-0.141049	0.396767
13221	7.170135	-0.702409	-1.559809	-0.703802	1.943227	-0.155111	0.348910	0.344928	0.871370	-0.253487	0.929879	-0.266589	-0.902223	-0.127865	0.411879
13222	6.917415	-0.458445	-1.221634	-0.652533	1.898455	-0.217231	0.366545	0.345251	0.863972	-0.246902	0.931403	-0.267448	-0.897042	-0.115285	0.426644
13223	6.896568	-0.373556	-0.884442	-0.578560	1.871137	-0.263158	0.383877	0.344875	0.856562	-0.240788	0.932927	-0.267710	-0.891437	-0.103482	0.441171
13224	6.889655	-0.239583	-0.395189	-0.457465	1.847501	-0.304441	0.401026	0.343867	0.849078	-0.235576	0.934413	-0.267162	-0.885258	-0.092884	0.455731
13225	6.336401	-0.181545	0.212898	-0.294854	1.780591	-0.348061	0.417503	0.342219	0.841771	-0.231599	0.935852	-0.265598	-0.878666	-0.084065	0.469979
13226	5.618456	-0.307030	0.789367	-0.129169	1.634320	-0.406705	0.432757	0.339731	0.835047	-0.228770	0.937340	-0.262789	-0.872001	-0.077310	0.483361
13227	5.059601	-0.680781	1.197121	0.014608	1.435777	-0.446342	0.446209	0.336652	0.829194	-0.226985	0.938823	-0.259016	-0.865665	-0.072639	0.495326
13228	4.777253	-1.198285	1.588112	0.109627	1.234279	-0.442424	0.457872	0.333365	0.824149	-0.225952	0.940228	-0.254787	-0.859825	-0.069558	0.505829
13229	4.489390	-1.780852	1.617381	0.144451	1.036099	-0.416586	0.467654	0.330188	0.819924	-0.225312	0.941497	-0.250637	-0.854713	-0.067527	0.514690
13230	4.352008	-2.485900	1.376201	0.150583	0.855744	-0.414625	0.475893	0.326846	0.816516	-0.224660	0.942759	-0.246441	-0.850326	-0.066159	0.522082
13231	3.927568	-2.981769	1.157415	0.180820	0.693190	-0.450515	0.482746	0.323085	0.813985	-0.224084	0.944089	-0.241829	-0.846606	-0.065659	0.528154
13232	2.984671	-3.271944	0.647102	0.356747	0.457323	-0.496913	0.487731	0.318698	0.812743	-0.224718	0.945443	-0.235879	-0.843576	-0.067592	0.532739
13233	2.710994	-3.229388	-0.059267	0.687460	0.122151	-0.548852	0.489963	0.313624	0.813374	-0.227876	0.946678	-0.227756	-0.841433	-0.073757	0.535305
13234	3.548821	-2.787616	-0.272377	0.994582	-0.178244	-0.625805	0.489904	0.307576	0.815715	-0.233217	0.947829	-0.217326	-0.840003	-0.083770	0.536077
13235	4.682980	-2.367379	0.102148	1.166037	-0.354091	-0.688492	0.488520	0.300761	0.819080	-0.239687	0.948861	-0.205460	-0.838987	-0.095951	0.535625
13236	5.779760	-2.369313	1.568051	1.334578	-0.460447	-0.721788	0.486407	0.293465	0.822975	-0.247410	0.949617	-0.192396	-0.837972	-0.110030	0.534506
13237	7.285448	-2.425772	4.338175	1.546517	-0.530630	-0.769639	0.483864	0.285558	0.827244	-0.256675	0.950002	-0.177801	-0.836656	-0.126301	0.532967
13238	8.442035	-2.525251	7.502657	1.692818	-0.492919	-0.881020	0.482036	0.276556	0.831359	-0.266621	0.950176	-0.161489	-0.834598	-0.143815	0.531755
13239	9.055538	-1.980133	9.047693	1.764738	-0.396344	-1.061481	0.481575	0.265893	0.835097	-0.276260	0.950343	-0.143277	-0.831725	-0.161705	0.531117
13240	8.883372	-0.029576	9.392987	1.694087	-0.322452	-1.337767	0.482632	0.252667	0.838585	-0.283934	0.950909	-0.123097	-0.828521	-0.178692	0.530680
13241	8.229970	1.479815	9.526533	1.326996	-0.344144	-1.559081	0.484198	0.237221	0.842187	-0.287427	0.952251	-0.102973	-0.826401	-0.192208	0.529262
13242	6.774077	2.485381	9.279023	0.814788	-0.425194	-1.651766	0.485417	0.220668	0.845976	-0.286202	0.954415	-0.084733	-0.826111	-0.200990	0.526445
13243	5.344546	2.665962	9.301590	0.181014	-0.612042	-1.574275	0.484770	0.204408	0.850421	-0.280112	0.957379	-0.070443	-0.828574	-0.204064	0.521366
13244	5.116788	1.918361	9.233785	-0.478391	-0.880752	-1.311807	0.481060	0.190056	0.855839	-0.269836	0.960926	-0.061720	-0.834128	-0.201245	0.513547
13245	6.672690	0.530078	8.430710	-1.092693	-1.094813	-0.936351	0.474306	0.178911	0.861989	-0.256253	0.964792	-0.059246	-0.842240	-0.192786	0.503453
13246	9.296969	-1.936312	7.639458	-1.574591	-1.177092	-0.496475	0.465583	0.171932	0.868143	-0.240616	0.968588	-0.062783	-0.851667	-0.179658	0.492327
13247	10.699825	-4.868491	6.394853	-1.831464	-1.155867	-0.118976	0.455920	0.168821	0.873863	-0.224430	0.971924	-0.070674	-0.861260	-0.163900	0.481008
13248	9.623044	-6.340778	4.722624	-1.814521	-1.222459	0.044716	0.445247	0.167385	0.879623	-0.208972	0.974669	-0.079694	-0.870681	-0.148333	0.468948
13249	7.866714	-6.112527	1.479855	-1.369946	-1.532266	-0.100178	0.431997	0.164249	0.886793	-0.196588	0.976782	-0.085149	-0.880189	-0.137549	0.454256
13250	8.889597	-4.492209	-1.674530	-0.623531	-1.850982	-0.476495	0.416543	0.157152	0.895430	-0.189142	0.978374	-0.083722	-0.889223	-0.134490	0.437259
13251	12.496416	-2.320038	-2.491914	-0.161904	-1.823351	-0.821990	0.401753	0.146671	0.903926	-0.184382	0.979831	-0.077038	-0.896994	-0.135717	0.420694
13252	14.283298	-1.554934	1.901958	-0.449674	-1.418324	-0.785563	0.390399	0.137147	0.910373	-0.177323	0.981528	-0.071824	-0.903407	-0.133390	0.407507
13253	10.645867	-2.666871	7.882131	-0.953878	-0.955715	-0.620161	0.382766	0.129849	0.914674	-0.166331	0.983580	-0.070026	-0.908749	-0.125335	0.398079
13254	7.023409	-3.731769	8.633275	-1.066064	-0.977976	-0.617794	0.374836	0.122681	0.918938	-0.154381	0.985626	-0.068612	-0.914147	-0.116148	0.388388
13255	8.226814	-5.398819	3.932760	-0.966784	-1.300849	-0.651583	0.363834	0.114826	0.924359	-0.143154	0.987476	-0.066320	-0.920398	-0.108197	0.375715
13256	12.226904	-6.973573	2.062788	-0.914449	-1.467420	-0.570884	0.351063	0.107778	0.930128	-0.132806	0.989042	-0.064479	-0.926886	-0.100890	0.361529
13257	14.652228	-6.827841	3.784535	-0.751494	-1.318998	-0.371406	0.339240	0.102845	0.935061	-0.124586	0.990162	-0.063705	-0.932413	-0.094884	0.348715
13258	14.204576	-5.396344	4.569235	-0.476462	-1.102695	-0.282789	0.329269	0.099185	0.939012	-0.119367	0.990862	-0.062805	-0.936661	-0.091408	0.338099
13259	12.100486	-4.597323	4.593381	-0.206675	-0.940488	-0.347934	0.320816	0.094916	0.942374	-0.116345	0.991380	-0.060244	-0.939969	-0.090313	0.329093
13260	9.940381	-4.104025	2.998873	0.148755	-0.880158	-0.521176	0.313125	0.089139	0.945519	-0.116302	0.991691	-0.054976	-0.942564	-0.092751	0.320891
13261	8.836350	-3.045507	0.559273	0.400477	-0.857221	-0.653489	0.305763	0.081876	0.948581	-0.118106	0.991862	-0.047542	-0.944754	-0.097497	0.312945
13262	8.006375	-1.468560	0.488385	0.553272	-0.831513	-0.582923	0.298586	0.075471	0.951394	-0.121804	0.991730	-0.040443	-0.946578	-0.103808	0.305309
13263	7.342971	0.479734	1.135535	0.687559	-0.880933	-0.431834	0.290738	0.070275	0.954218	-0.127094	0.991298	-0.034282	-0.948324	-0.111308	0.297139
13264	9.079650	2.037205	1.578500	0.685496	-0.973527	-0.254186	0.281813	0.066844	0.957138	-0.133098	0.990649	-0.029996	-0.950193	-0.118940	0.288074
13265	10.717868	2.167160	2.241832	0.530929	-0.944212	-0.048886	0.272859	0.065242	0.959839	-0.138059	0.990027	-0.028047	-0.952096	-0.124862	0.279145
13266	10.811732	2.402605	1.920533	0.510989	-0.880768	-0.027527	0.264490	0.064029	0.962260	-0.143058	0.989359	-0.026511	-0.953719	-0.130647	0.270836
13267	11.469083	2.069652	1.214261	0.417676	-0.785922	-0.121652	0.257126	0.061814	0.964399	-0.146774	0.988873	-0.024250	-0.955167	-0.135313	0.263337
13268	11.283436	1.267144	0.279793	0.322420	-0.631467	-0.200773	0.251373	0.059125	0.966083	-0.149526	0.988522	-0.021592	-0.956271	-0.139027	0.257328
13269	10.369407	-0.225333	-0.687896	0.368666	-0.522534	-0.196402	0.246630	0.056480	0.967462	-0.152610	0.988108	-0.018781	-0.957018	-0.143013	0.252317
13270	9.691920	-1.987243	-1.408781	0.531323	-0.495796	-0.152050	0.242101	0.054406	0.968724	-0.157495	0.987389	-0.016093	-0.957383	-0.148673	0.247617
13271	9.340836	-2.843825	-1.931271	0.858124	-0.578490	-0.115285	0.236709	0.052415	0.970166	-0.165481	0.986129	-0.012902	-0.957384	-0.157490	0.242099
13272	10.910820	-2.297441	-2.360701	1.355060	-0.556605	-0.055474	0.231452	0.051112	0.971503	-0.178498	0.983897	-0.009238	-0.956331	-0.171273	0.236848
13273	9.752671	-0.959928	-2.151861	1.779952	-0.614822	-0.042153	0.225616	0.049621	0.972952	-0.195453	0.980702	-0.004693	-0.954409	-0.189108	0.230960
13274	8.796680	0.710836	-1.275993	1.934224	-0.817182	-0.087962	0.217971	0.047293	0.974809	-0.213880	0.976860	0.000432	-0.952231	-0.208586	0.223042
13275	9.372897	2.386212	-0.387639	1.891810	-1.056168	-0.105652	0.208117	0.043990	0.977114	-0.231697	0.972772	0.005555	-0.950265	-0.227551	0.212642
13276	9.650160	3.730938	0.546392	1.646722	-1.186984	-0.138900	0.197141	0.039980	0.979560	-0.247215	0.968907	0.010208	-0.948694	-0.244175	0.200895
13277	9.575451	5.224635	1.400253	1.314046	-1.228275	-0.172443	0.185887	0.035260	0.981938	-0.259390	0.965665	0.014428	-0.947714	-0.257387	0.188651
13278	9.832977	6.258828	1.943635	0.819335	-1.128513	-0.162211	0.175582	0.030848	0.983981	-0.266990	0.963542	0.017434	-0.947569	-0.265775	0.177417
13279	9.458234	5.810711	2.496964	0.157823	-0.949843	-0.184754	0.167026	0.026563	0.985595	-0.268214	0.963162	0.019495	-0.948769	-0.267607	0.167998
13280	9.135747	4.013880	2.743236	-0.470401	-0.753623	-0.241230	0.160473	0.022306	0.986788	-0.263438	0.964447	0.021040	-0.951235	-0.263334	0.160644
13281	9.439770	1.595980	2.536290	-0.881690	-0.653003	-0.289597	0.154957	0.017845	0.987760	-0.254624	0.966779	0.022479	-0.954544	-0.254991	0.154353
13282	9.962925	-0.529702	2.357115	-0.902935	-0.577591	-0.309425	0.150177	0.013456	0.988568	-0.245590	0.969074	0.024118	-0.957670	-0.246405	0.148838
13283	9.926455	-1.752075	2.083783	-0.670201	-0.505466	-0.277794	0.145960	0.009562	0.989244	-0.238797	0.970725	0.025851	-0.960037	-0.240001	0.143970
13284	9.050574	-2.147863	2.312461	-0.350666	-0.503845	-0.245322	0.141670	0.006042	0.989895	-0.235157	0.971562	0.027725	-0.961577	-0.236708	0.139062
13285	8.573250	-1.565194	1.929616	-0.035685	-0.671633	-0.242102	0.135734	0.002130	0.990743	-0.234521	0.971647	0.030041	-0.962588	-0.236428	0.132385
13286	9.249430	-0.229174	1.372692	0.165568	-0.764911	-0.208908	0.128832	-0.001637	0.991665	-0.235936	0.971233	0.032255	-0.963191	-0.238125	0.124739
13287	9.397349	0.728766	1.070845	0.179734	-0.758766	-0.150561	0.121834	-0.004883	0.992538	-0.237523	0.970789	0.033932	-0.963711	-0.239885	0.117115
