// General information: 
//  MT Manager version: 2022.2.0 
//  XDA version: 2022.2.0 build 7381 rev 124627 built on 2023-07-19
// Device information: 
//  DeviceId: 00B4CBA7
//  ProductCode: MTW2-3A7G6
//  Firmware Version: 4.6.0
//  Hardware Version: 2.0.0
// Device settings: 
//  Filter Profile: human(46.1)
//  Option Flags: Orientation Smoother Disabled, Position/Velocity Smoother Disabled, Continuous Zero Rotation Update Disabled, AHS Disabled, ICC Disabled
// Coordinate system: ENU
PacketCounter	Acc_X	Acc_Y	Acc_Z	Gyr_X	Gyr_Y	Gyr_Z	Mat[1][1]	Mat[2][1]	Mat[3][1]	Mat[1][2]	Mat[2][2]	Mat[3][2]	Mat[1][3]	Mat[2][3]	Mat[3][3]
08833	9.814120	-0.308339	-0.543988	-0.217010	-0.097810	-0.020800	0.065149	0.017024	0.997730	0.217807	-0.975989	0.002431	0.973815	0.217154	-0.067293
08834	9.874555	-0.266636	-0.610059	-0.151014	-0.097029	-0.017983	0.066041	0.017447	0.997664	0.216362	-0.976309	0.002751	0.974077	0.215675	-0.068252
08835	9.875070	-0.141001	-0.767882	-0.099209	-0.101061	-0.019316	0.066973	0.017883	0.997594	0.215368	-0.976528	0.003047	0.974234	0.214646	-0.069253
08836	9.822770	-0.042604	-0.916088	-0.060048	-0.097802	-0.016769	0.067876	0.018294	0.997526	0.214808	-0.976651	0.003295	0.974295	0.214053	-0.070221
08837	9.769214	-0.062940	-1.093941	-0.021579	-0.096574	-0.014489	0.068780	0.018666	0.997457	0.214437	-0.976732	0.003491	0.974313	0.213651	-0.071182
08838	9.802313	-0.097959	-1.080985	0.034747	-0.097080	-0.011469	0.069687	0.019023	0.997388	0.214798	-0.976652	0.003620	0.974169	0.213984	-0.072146
08839	9.824555	-0.106491	-1.113753	0.066214	-0.086787	-0.014640	0.070478	0.019397	0.997325	0.215670	-0.976459	0.003751	0.973920	0.214829	-0.073002
08840	9.781303	-0.081787	-1.097447	0.096961	-0.077522	-0.009460	0.071198	0.019694	0.997268	0.216635	-0.976245	0.003813	0.973653	0.215772	-0.073773
08841	9.832887	-0.054833	-1.114340	0.113636	-0.072843	-0.010139	0.071867	0.019988	0.997214	0.217808	-0.975984	0.003866	0.973342	0.216923	-0.074494
08842	9.847239	-0.076260	-1.098022	0.118342	-0.062259	-0.006934	0.072444	0.020229	0.997167	0.218979	-0.975722	0.003885	0.973037	0.218077	-0.075115
08843	9.871330	-0.006998	-1.081807	0.115031	-0.048481	-0.006334	0.072898	0.020422	0.997130	0.220061	-0.975478	0.003891	0.972759	0.219145	-0.075605
08844	9.867898	0.105114	-1.033107	0.094399	-0.034574	-0.004760	0.073210	0.020582	0.997104	0.220997	-0.975267	0.003905	0.972523	0.220071	-0.075948
08845	9.813141	0.037716	-1.087409	0.070897	-0.023174	-0.010628	0.073407	0.020763	0.997086	0.221633	-0.975122	0.003989	0.972363	0.220694	-0.076182
08846	9.758644	0.045220	-0.994777	0.070833	-0.013127	-0.008138	0.073502	0.020909	0.997076	0.222342	-0.974960	0.004054	0.972194	0.221394	-0.076311
08847	9.685643	0.028630	-0.884897	0.077699	-0.006504	-0.006654	0.073528	0.021030	0.997071	0.223203	-0.974763	0.004099	0.971995	0.222248	-0.076366
08848	9.642105	0.123681	-0.614855	0.082108	-0.000762	-0.009017	0.073501	0.021157	0.997071	0.224022	-0.974575	0.004165	0.971808	0.223060	-0.076372
08849	9.586888	0.284895	-0.407122	0.042689	-0.001046	-0.007761	0.073477	0.021269	0.997070	0.224415	-0.974485	0.004249	0.971720	0.223445	-0.076375
08850	9.505957	0.257957	-0.250210	0.000042	-0.014494	-0.011404	0.073578	0.021450	0.997059	0.224438	-0.974478	0.004401	0.971707	0.223454	-0.076515
08851	9.547364	0.190862	-0.159988	-0.039643	-0.032060	-0.009814	0.073852	0.021653	0.997034	0.224094	-0.974557	0.004565	0.971765	0.223092	-0.076825
08852	9.627863	0.137338	-0.188625	-0.075867	-0.043930	-0.015861	0.074229	0.021942	0.997000	0.223383	-0.974719	0.004821	0.971900	0.222355	-0.077254
08853	9.709006	0.128162	-0.335073	-0.108827	-0.056097	-0.019780	0.074711	0.022300	0.996956	0.222440	-0.974933	0.005138	0.972080	0.221379	-0.077798
08854	9.814860	0.075723	-0.591001	-0.105475	-0.063020	-0.019899	0.075265	0.022670	0.996906	0.221444	-0.975158	0.005457	0.972264	0.220348	-0.078416
08855	9.837105	-0.005691	-0.767053	-0.081504	-0.066955	-0.018590	0.075856	0.023036	0.996853	0.220695	-0.975326	0.005745	0.972389	0.219564	-0.079068
08856	9.865267	-0.041053	-0.905774	-0.074577	-0.070367	-0.019633	0.076483	0.023419	0.996796	0.219999	-0.975481	0.006038	0.972497	0.218832	-0.079760
08857	9.840998	-0.216970	-1.164647	-0.062822	-0.066417	-0.019397	0.077068	0.023791	0.996742	0.219456	-0.975602	0.006318	0.972574	0.218254	-0.080409
08858	9.774079	-0.186605	-1.022026	0.044145	-0.063400	-0.011025	0.077646	0.024075	0.996690	0.219909	-0.975499	0.006431	0.972425	0.218682	-0.081038
08859	9.872617	-0.103201	-0.939866	0.087022	-0.056363	-0.011326	0.078163	0.024336	0.996644	0.220712	-0.975317	0.006506	0.972202	0.219462	-0.081605
08860	9.830228	0.079409	-0.906780	0.056267	-0.045388	-0.013015	0.078561	0.024600	0.996606	0.221283	-0.975187	0.006628	0.972040	0.220012	-0.082056
08861	9.745193	0.015137	-0.992432	0.062766	-0.052821	-0.009311	0.079038	0.024844	0.996562	0.221968	-0.975031	0.006703	0.971845	0.220675	-0.082579
08862	9.674710	-0.075593	-0.954545	0.095968	-0.046033	-0.000759	0.079470	0.024990	0.996524	0.222916	-0.974815	0.006669	0.971593	0.221611	-0.083039
08863	9.687537	-0.023745	-0.867166	0.100657	-0.038860	0.002155	0.079834	0.025094	0.996492	0.223957	-0.974577	0.006600	0.971324	0.222644	-0.083424
08864	9.644305	0.039130	-0.862534	0.087257	-0.041459	-0.003347	0.080215	0.025256	0.996458	0.224821	-0.974378	0.006598	0.971093	0.223496	-0.083838
08865	9.725440	0.102741	-0.863289	0.061882	-0.041586	-0.005141	0.080589	0.025438	0.996423	0.225504	-0.974220	0.006633	0.970903	0.224162	-0.084248
08866	9.732689	0.114052	-0.914009	0.059192	-0.036040	-0.005077	0.080913	0.025606	0.996392	0.226097	-0.974082	0.006672	0.970738	0.224742	-0.084606
08867	9.708139	0.158423	-0.809006	0.049790	-0.033509	-0.007879	0.081197	0.025802	0.996364	0.226728	-0.973935	0.006744	0.970568	0.225356	-0.084930
08868	9.711634	0.164567	-0.835752	0.029197	-0.033104	-0.008944	0.081484	0.026001	0.996335	0.227033	-0.973863	0.006847	0.970472	0.225644	-0.085257
08869	9.748927	0.174360	-0.856124	0.001245	-0.030917	-0.012570	0.081744	0.026226	0.996308	0.227079	-0.973851	0.007004	0.970440	0.225668	-0.085562
08870	9.750620	0.101711	-0.927395	-0.011159	-0.030073	-0.012477	0.081993	0.026453	0.996282	0.226996	-0.973869	0.007176	0.970438	0.225564	-0.085855
08871	9.760218	-0.002841	-0.928730	0.003573	-0.027848	-0.015440	0.082211	0.026701	0.996257	0.227049	-0.973855	0.007365	0.970407	0.225594	-0.086124
08872	9.829753	0.089215	-0.974552	-0.015364	-0.022998	-0.019330	0.082376	0.026979	0.996236	0.226931	-0.973881	0.007609	0.970421	0.225450	-0.086347
08873	9.893780	0.096547	-1.041093	-0.024720	-0.013648	-0.021560	0.082449	0.027250	0.996223	0.226686	-0.973936	0.007880	0.970472	0.225180	-0.086478
08874	9.811721	0.077961	-1.161851	-0.005842	-0.008454	-0.015166	0.082483	0.027454	0.996214	0.226656	-0.973941	0.008074	0.970476	0.225132	-0.086556
08875	9.827926	0.019511	-1.123412	0.006477	-0.002666	-0.013035	0.082459	0.027626	0.996211	0.226797	-0.973907	0.008235	0.970445	0.225258	-0.086573
08876	9.812175	0.037028	-1.045452	0.000832	0.008016	-0.009515	0.082346	0.027738	0.996218	0.226827	-0.973899	0.008368	0.970448	0.225280	-0.086488
08877	9.714612	0.033643	-1.086170	0.011132	0.017961	-0.007322	0.082145	0.027799	0.996233	0.226895	-0.973882	0.008466	0.970449	0.225345	-0.086307
08878	9.702747	0.056412	-1.030152	0.012631	0.018803	-0.008765	0.081929	0.027879	0.996248	0.227040	-0.973848	0.008581	0.970433	0.225485	-0.086116
08879	9.728443	0.087954	-0.991126	0.016497	0.023751	-0.004422	0.081669	0.027909	0.996269	0.227311	-0.973784	0.008646	0.970392	0.225756	-0.085872
08880	9.646073	0.059084	-0.907149	0.020756	0.029293	-0.005116	0.081359	0.027930	0.996293	0.227531	-0.973732	0.008717	0.970366	0.225978	-0.085577
08881	9.684284	0.024857	-0.805016	0.021838	0.026129	-0.001801	0.081084	0.027926	0.996316	0.227799	-0.973669	0.008752	0.970326	0.226250	-0.085310
08882	9.682390	0.098837	-0.734218	0.018427	0.026227	-0.002258	0.080810	0.027926	0.996338	0.227994	-0.973623	0.008798	0.970303	0.226448	-0.085045
08883	9.674200	0.126685	-0.701185	0.015536	0.021329	-0.001330	0.080589	0.027921	0.996356	0.228098	-0.973598	0.008833	0.970297	0.226555	-0.084830
08884	9.684342	0.178553	-0.685299	-0.004536	0.016718	-0.001000	0.080411	0.027930	0.996370	0.228070	-0.973604	0.008886	0.970319	0.226528	-0.084658
08885	9.682016	0.138426	-0.744458	-0.015848	0.020175	-0.005689	0.080187	0.027973	0.996387	0.227907	-0.973641	0.008993	0.970375	0.226362	-0.084448
08886	9.695121	0.077554	-0.780814	0.008540	0.014499	-0.001110	0.080029	0.027989	0.996400	0.228005	-0.973618	0.009036	0.970365	0.226461	-0.084299
08887	9.687656	0.066411	-0.732545	0.024618	0.013964	-0.004103	0.079871	0.028029	0.996411	0.228217	-0.973568	0.009093	0.970329	0.226671	-0.084157
08888	9.663945	0.115163	-0.723516	0.030875	0.011939	-0.005126	0.079730	0.028089	0.996421	0.228535	-0.973493	0.009156	0.970265	0.226987	-0.084035
08889	9.678612	0.133637	-0.715791	0.031956	0.008776	-0.001807	0.079622	0.028123	0.996428	0.228862	-0.973416	0.009185	0.970197	0.227313	-0.083942
08890	9.683268	0.100013	-0.722388	0.029627	0.005709	0.001056	0.079555	0.028137	0.996433	0.229163	-0.973345	0.009188	0.970132	0.227615	-0.083882
08891	9.689468	0.145798	-0.684955	0.027928	-0.005569	0.003360	0.079604	0.028147	0.996429	0.229374	-0.973295	0.009169	0.970078	0.227825	-0.083934
08892	9.689427	0.145157	-0.685666	0.008285	-0.008547	0.007304	0.079689	0.028133	0.996423	0.229463	-0.973274	0.009128	0.970050	0.227915	-0.084015
08893	9.683165	0.098371	-0.723989	0.005815	-0.009442	0.003472	0.079779	0.028151	0.996415	0.229493	-0.973268	0.009122	0.970035	0.227942	-0.084107
08894	9.712845	0.138742	-0.812117	0.015481	-0.011564	0.002906	0.079884	0.028186	0.996406	0.229655	-0.973229	0.009119	0.969988	0.228102	-0.084219
08895	9.744150	0.100809	-0.867598	0.015259	-0.005128	0.006805	0.079931	0.028169	0.996402	0.229834	-0.973188	0.009076	0.969942	0.228281	-0.084262
08896	9.748407	0.109603	-0.992466	0.030487	-0.011305	0.004959	0.080038	0.028184	0.996393	0.230140	-0.973116	0.009039	0.969861	0.228587	-0.084372
08897	9.764561	0.048807	-0.953981	0.041188	-0.003128	0.010471	0.080078	0.028124	0.996392	0.230552	-0.973019	0.008935	0.969759	0.229004	-0.084401
08898	9.774579	0.099052	-0.940180	0.047223	0.001284	0.013340	0.080082	0.028028	0.996394	0.231014	-0.972911	0.008801	0.969649	0.229476	-0.084387
08899	9.759236	0.117973	-0.962714	0.034865	0.008948	0.013972	0.080006	0.027911	0.996404	0.231399	-0.972820	0.008671	0.969564	0.229873	-0.084290
08900	9.695542	0.115172	-0.997694	0.033386	0.011524	0.015681	0.079916	0.027770	0.996415	0.231725	-0.972744	0.008525	0.969493	0.230213	-0.084173
08901	9.631300	0.108443	-0.932083	0.039508	0.009303	0.016332	0.079851	0.027619	0.996424	0.232027	-0.972673	0.008367	0.969426	0.230529	-0.084078
08902	9.664808	0.263624	-0.812269	0.047607	0.016390	0.019680	0.079724	0.027427	0.996440	0.232487	-0.972565	0.008169	0.969326	0.231008	-0.083913
08903	9.993674	0.203518	-0.745944	0.016769	0.013654	0.017009	0.079612	0.027269	0.996453	0.232693	-0.972517	0.008023	0.969286	0.231229	-0.083769
08904	9.940223	0.209978	-0.649919	0.019748	0.011915	0.013854	0.079514	0.027144	0.996464	0.232888	-0.972471	0.007907	0.969247	0.231436	-0.083647
08905	9.643146	0.186557	-0.651372	-0.038198	0.011215	0.014521	0.079421	0.027015	0.996475	0.232552	-0.972553	0.007831	0.969336	0.231110	-0.083523
08906	9.511155	-0.052046	-0.956294	-0.072713	0.008198	0.014744	0.079361	0.026890	0.996483	0.231850	-0.972720	0.007784	0.969509	0.230417	-0.083431
08907	9.517629	-0.318280	-1.042449	-0.002636	0.010014	0.008973	0.079275	0.026809	0.996492	0.231764	-0.972741	0.007732	0.969536	0.230338	-0.083327
08908	9.581533	-0.092261	-0.647407	0.092514	0.008176	0.008032	0.079200	0.026749	0.996500	0.232669	-0.972526	0.007614	0.969326	0.231252	-0.083248
08909	9.949366	0.022879	-0.788331	-0.008028	0.003160	-0.002557	0.079144	0.026804	0.996503	0.232626	-0.972536	0.007684	0.969341	0.231204	-0.083205
08910	9.817640	-0.057125	-1.081835	0.020526	0.009656	0.003520	0.079044	0.026785	0.996511	0.232836	-0.972486	0.007671	0.969298	0.231418	-0.083106
08911	9.444644	-0.101897	-0.948584	0.114624	0.009690	0.016254	0.078973	0.026641	0.996521	0.233987	-0.972211	0.007448	0.969027	0.232585	-0.083012
08912	9.567638	0.201187	-0.628619	0.160303	-0.003111	0.002587	0.078995	0.026660	0.996518	0.235553	-0.971834	0.007327	0.968646	0.234154	-0.083050
08913	9.516380	0.561859	-0.350761	0.103053	-0.001760	0.003482	0.079002	0.026666	0.996518	0.236553	-0.971592	0.007246	0.968402	0.235156	-0.083066
08914	9.457153	0.526357	-0.394845	0.030735	-0.013259	0.009989	0.079140	0.026637	0.996508	0.236857	-0.971518	0.007159	0.968316	0.235463	-0.083195
08915	9.623028	0.497071	-0.325692	-0.005082	-0.029311	0.015954	0.079435	0.026597	0.996485	0.236931	-0.971501	0.007043	0.968274	0.235539	-0.083472
08916	9.692725	0.385531	-0.266891	-0.051102	-0.039318	0.012443	0.079830	0.026605	0.996453	0.236441	-0.971621	0.007000	0.968361	0.235044	-0.083855
08917	9.686468	0.183663	-0.420536	-0.045005	-0.061838	0.009851	0.080435	0.026690	0.996402	0.235989	-0.971731	0.006979	0.968421	0.234578	-0.084460
08918	9.748895	0.065433	-0.419024	-0.060547	-0.077392	0.003158	0.081177	0.026878	0.996337	0.235415	-0.971870	0.007037	0.968499	0.233981	-0.085221
08919	9.595922	-0.206843	-0.413411	-0.071290	-0.088980	-0.002606	0.082018	0.027146	0.996261	0.234748	-0.972030	0.007160	0.968590	0.233283	-0.086096
08920	9.507868	-0.513533	-0.457591	-0.002850	-0.107433	-0.000040	0.083044	0.027434	0.996168	0.234735	-0.972033	0.007201	0.968506	0.233238	-0.087161
08921	9.522263	-0.340832	-0.349765	0.081947	-0.122645	-0.003657	0.084199	0.027799	0.996061	0.235629	-0.971816	0.007204	0.968189	0.234094	-0.088377
08922	9.588341	-0.098169	-0.371349	0.089296	-0.135524	-0.012281	0.085468	0.028273	0.995940	0.236519	-0.971600	0.007285	0.967861	0.234936	-0.089728
08923	9.596273	0.035539	-0.505162	0.088764	-0.153143	-0.008636	0.086910	0.028753	0.995801	0.237406	-0.971383	0.007328	0.967515	0.235772	-0.091249
08924	9.668666	0.131433	-0.588702	0.073216	-0.165269	-0.015083	0.088459	0.029327	0.995648	0.238142	-0.971202	0.007449	0.967194	0.236447	-0.092895
08925	9.721606	0.049315	-0.767825	0.054057	-0.170853	-0.018063	0.090052	0.029941	0.995487	0.238685	-0.971067	0.007615	0.966913	0.236922	-0.094593
08926	9.759826	-0.054508	-0.853451	0.063971	-0.178320	-0.014026	0.091728	0.030537	0.995316	0.239331	-0.970907	0.007731	0.966595	0.237501	-0.096368
08927	9.751657	-0.136314	-0.992076	0.084365	-0.185690	-0.012092	0.093482	0.031124	0.995134	0.240093	-0.970718	0.007806	0.966238	0.238196	-0.098217
08928	9.814138	-0.171000	-1.059513	0.112129	-0.194812	-0.007695	0.095331	0.031700	0.994941	0.241199	-0.970444	0.007809	0.965782	0.239234	-0.100159
08929	9.749570	-0.287331	-1.163754	0.154636	-0.193975	0.004371	0.097187	0.032167	0.994746	0.242783	-0.970050	0.007649	0.965200	0.240764	-0.102086
08930	9.626206	-0.137645	-0.963389	0.235467	-0.196255	0.008852	0.099088	0.032593	0.994545	0.245061	-0.969480	0.007356	0.964431	0.242996	-0.104051
08931	9.505705	0.168530	-0.653327	0.245165	-0.202478	-0.004339	0.101013	0.033161	0.994332	0.247413	-0.968884	0.007178	0.963630	0.245285	-0.106074
08932	9.521344	0.342830	-0.557458	0.148571	-0.213437	-0.023798	0.102995	0.033954	0.994102	0.248884	-0.968506	0.007293	0.963041	0.246665	-0.108202
08933	9.512756	0.298522	-0.615362	0.035295	-0.232556	-0.042233	0.105110	0.034971	0.993846	0.249271	-0.968403	0.007712	0.962713	0.246926	-0.110506
08934	9.512178	0.031058	-0.697250	-0.029525	-0.250926	-0.054785	0.107374	0.036157	0.993561	0.249061	-0.968452	0.008328	0.962517	0.246563	-0.112992
08935	9.509661	-0.278555	-0.740284	-0.055576	-0.267349	-0.071186	0.109742	0.037548	0.993251	0.248676	-0.968544	0.009138	0.962350	0.245995	-0.115627
08936	9.617152	-0.288834	-0.781760	-0.050792	-0.280966	-0.085545	0.112218	0.039104	0.992914	0.248298	-0.968631	0.010085	0.962162	0.245407	-0.118408
08937	9.708212	-0.194903	-0.904691	-0.077933	-0.279862	-0.092180	0.114651	0.040731	0.992570	0.247799	-0.968748	0.011131	0.962003	0.244682	-0.121162
08938	9.789509	-0.108540	-1.080510	-0.069756	-0.265883	-0.088665	0.116975	0.042277	0.992235	0.247247	-0.968877	0.012134	0.961866	0.243907	-0.123787
08939	9.865039	0.094816	-1.305834	-0.117526	-0.254438	-0.093273	0.119170	0.043838	0.991906	0.246273	-0.969110	0.013243	0.961846	0.242701	-0.126285
08940	9.888562	0.083972	-1.634011	-0.172526	-0.240913	-0.103591	0.121218	0.045462	0.991584	0.244754	-0.969476	0.014528	0.961978	0.240933	-0.128645
08941	9.812140	-0.118779	-2.116375	-0.160394	-0.229314	-0.110078	0.123127	0.047122	0.991271	0.243415	-0.969792	0.015866	0.962075	0.239337	-0.130878
08942	9.818831	-0.368957	-2.146566	-0.092936	-0.223782	-0.111026	0.124996	0.048770	0.990958	0.242675	-0.969956	0.017127	0.962021	0.238340	-0.133076
08943	9.813081	-0.488343	-2.045858	-0.077504	-0.179490	-0.121129	0.126405	0.050412	0.990697	0.242135	-0.970067	0.018467	0.961973	0.237548	-0.134828
08944	9.834450	-0.539801	-2.325624	-0.069112	-0.135418	-0.128522	0.127382	0.052017	0.990489	0.241650	-0.970160	0.019872	0.961966	0.236820	-0.136151
08945	10.015508	-0.481216	-2.431572	-0.009678	-0.055974	-0.118790	0.127603	0.053351	0.990389	0.241852	-0.970084	0.021097	0.961886	0.236836	-0.136689
08946	9.900547	-0.277222	-2.249328	0.154830	0.031740	-0.105726	0.127026	0.054338	0.990410	0.243492	-0.969654	0.021970	0.961549	0.238366	-0.136403
08947	9.790361	0.173333	-1.626246	-0.036470	0.093933	-0.105298	0.125833	0.055186	0.990515	0.243418	-0.969646	0.023100	0.961724	0.238203	-0.135447
08948	9.609196	0.248252	-2.273981	-0.270768	0.147766	-0.113779	0.124121	0.055976	0.990687	0.240972	-0.970220	0.024629	0.962563	0.235671	-0.133913
08949	9.279471	0.183605	-2.593674	-0.281012	0.087319	-0.125563	0.122957	0.057030	0.990772	0.238491	-0.970789	0.026283	0.963329	0.233059	-0.132967
08950	9.854125	0.406883	-2.325139	-0.308196	0.071475	-0.135343	0.121933	0.058216	0.990830	0.235703	-0.971420	0.028070	0.964145	0.230119	-0.132170
08951	9.982478	0.096454	-2.583482	-0.381399	0.085442	-0.156221	0.120720	0.059583	0.990897	0.232320	-0.972172	0.030153	0.965119	0.226565	-0.131203
08952	9.906926	-0.144405	-2.167142	-0.194540	0.084031	-0.164984	0.119512	0.061034	0.990955	0.230656	-0.972506	0.032080	0.965668	0.224736	-0.130304
08953	10.104425	0.077340	-1.580830	-0.084969	0.129486	-0.164044	0.117863	0.062380	0.991069	0.230118	-0.972574	0.033850	0.965999	0.224073	-0.128985
08954	9.897653	0.241308	-1.325536	-0.054648	0.168391	-0.162271	0.115849	0.063619	0.991227	0.229796	-0.972589	0.035566	0.966319	0.223660	-0.127292
08955	9.668512	0.294939	-1.073252	-0.069155	0.159006	-0.175257	0.113890	0.065007	0.991364	0.229390	-0.972615	0.037424	0.966649	0.223147	-0.125683
08956	9.699038	0.053123	-0.915716	-0.126702	0.168217	-0.193232	0.111807	0.066549	0.991499	0.228399	-0.972765	0.039536	0.967126	0.222037	-0.123962
08957	9.547420	0.191895	-0.432305	-0.156766	0.154344	-0.186192	0.109872	0.068057	0.991613	0.227161	-0.972968	0.041608	0.967639	0.220684	-0.122362
08958	9.381657	0.835638	0.176123	-0.323772	0.145652	-0.193159	0.108012	0.069655	0.991706	0.224253	-0.973539	0.043955	0.968527	0.217645	-0.120774
08959	9.041781	1.025097	0.068824	-0.548338	0.091489	-0.206751	0.106652	0.071507	0.991722	0.219186	-0.974565	0.046698	0.969837	0.212391	-0.119612
08960	9.117790	0.680983	0.222672	-0.721195	0.023350	-0.235497	0.105903	0.073792	0.991635	0.212452	-0.975895	0.049932	0.971416	0.205387	-0.119027
08961	9.443449	-0.057754	-0.118114	-0.791216	-0.014352	-0.258165	0.105492	0.076375	0.991483	0.205046	-0.977291	0.053465	0.973051	0.197660	-0.118756
08962	9.484547	-0.151013	-0.404619	-0.580574	-0.046189	-0.255687	0.105411	0.079003	0.991286	0.199679	-0.978218	0.056728	0.974175	0.191960	-0.118890
08963	9.602602	0.399996	-0.605463	-0.423518	-0.070536	-0.253252	0.105582	0.081648	0.991053	0.195838	-0.978813	0.059776	0.974936	0.187775	-0.119335
08964	9.745047	0.849624	-1.010052	-0.366281	-0.095050	-0.252800	0.106006	0.084338	0.990783	0.192549	-0.979278	0.062757	0.975545	0.184122	-0.120048
08965	9.972115	0.663955	-1.411746	-0.329772	-0.095282	-0.253883	0.106437	0.087031	0.990503	0.189609	-0.979659	0.065703	0.976074	0.180815	-0.120774
08966	10.125739	0.325827	-1.765966	-0.221314	-0.075050	-0.234627	0.106714	0.089502	0.990253	0.187715	-0.979844	0.068332	0.976409	0.178593	-0.121364
08967	10.008529	0.357095	-2.063774	-0.065003	-0.038303	-0.220984	0.106661	0.091768	0.990051	0.187322	-0.979756	0.070633	0.976491	0.177924	-0.121692
08968	9.848210	0.691110	-2.246510	0.008639	-0.019441	-0.207757	0.106449	0.093876	0.989877	0.187643	-0.979542	0.072717	0.976452	0.178003	-0.121887
08969	9.763326	0.867303	-2.082275	0.003621	-0.016859	-0.192567	0.106240	0.095824	0.989712	0.187888	-0.979349	0.074652	0.976428	0.178024	-0.122051
08970	9.729074	1.127430	-1.989705	-0.066940	-0.025844	-0.188803	0.106126	0.097757	0.989536	0.187451	-0.979280	0.076640	0.976524	0.177356	-0.122251
08971	9.953399	1.347224	-1.701440	-0.182924	-0.015521	-0.179839	0.105930	0.099578	0.989375	0.185860	-0.979421	0.078677	0.976849	0.175551	-0.122258
08972	9.604792	0.927584	-1.535627	-0.336015	0.004237	-0.178087	0.105548	0.101353	0.989236	0.182781	-0.979821	0.080887	0.977472	0.172276	-0.121944
08973	9.685626	0.094709	-1.683805	-0.295420	0.006268	-0.164269	0.105178	0.102986	0.989106	0.180071	-0.980154	0.082905	0.978014	0.169390	-0.121635
08974	9.919774	-0.568748	-1.252113	-0.087441	0.037404	-0.147684	0.104534	0.104408	0.989026	0.179387	-0.980142	0.084510	0.978209	0.168584	-0.121187
08975	9.644158	-0.164125	-1.334603	0.200821	0.057916	-0.142791	0.103699	0.105741	0.988972	0.181503	-0.979648	0.085712	0.977907	0.170613	-0.120781
08976	9.812463	0.569186	-1.320840	0.471339	0.037620	-0.105554	0.103125	0.106747	0.988924	0.186235	-0.978714	0.086225	0.977078	0.175281	-0.120810
08977	9.826868	1.557413	-1.047108	0.531028	0.050128	-0.079657	0.102475	0.107469	0.988913	0.191505	-0.977681	0.086404	0.976127	0.180528	-0.120768
08978	9.798836	2.495809	-1.160699	0.444002	0.028869	-0.062501	0.102059	0.108065	0.988891	0.195917	-0.976796	0.086523	0.975295	0.184910	-0.120862
08979	9.922823	2.840530	-0.717877	0.050617	0.043743	-0.058230	0.101507	0.108585	0.988891	0.196474	-0.976635	0.087072	0.975241	0.185453	-0.120469
08980	9.719420	2.626295	-1.588703	-0.244504	0.061668	-0.058517	0.100778	0.109080	0.988911	0.194164	-0.977016	0.087981	0.975779	0.183144	-0.119641
08981	9.851859	1.929092	-1.693107	-0.338587	0.086899	-0.039842	0.099841	0.109346	0.988977	0.190907	-0.977582	0.088814	0.976517	0.179935	-0.118478
08982	9.618205	1.309141	-1.555023	-0.359353	0.171162	-0.032849	0.098094	0.109400	0.989146	0.187444	-0.978180	0.089598	0.977365	0.176621	-0.116460
08983	9.368818	1.111859	-1.188645	-0.276400	0.151702	-0.016034	0.096570	0.109326	0.989304	0.184767	-0.978642	0.090112	0.978026	0.174088	-0.114707
08984	9.497001	1.241329	-0.427103	-0.293800	0.118164	-0.015676	0.095372	0.109313	0.989421	0.181923	-0.979126	0.090640	0.978677	0.171354	-0.113268
08985	9.441177	1.072403	-0.113088	-0.335672	0.087001	-0.011385	0.094489	0.109312	0.989506	0.178657	-0.979679	0.091166	0.979364	0.168168	-0.112098
08986	9.111938	1.047915	0.314347	-0.298455	0.026873	-0.001909	0.094210	0.109324	0.989532	0.175751	-0.980168	0.091557	0.979916	0.165285	-0.111555
08987	9.167844	1.309229	0.587362	-0.299057	-0.029861	0.002873	0.094495	0.109380	0.989498	0.172828	-0.980656	0.091898	0.980409	0.162329	-0.111571
08988	9.273984	1.513115	0.277721	-0.325228	-0.076800	0.003566	0.095242	0.109506	0.989413	0.169651	-0.981176	0.092264	0.980891	0.159067	-0.112027
08989	9.343655	1.538031	-0.071902	-0.302271	-0.123934	0.016048	0.096472	0.109580	0.989285	0.166683	-0.981664	0.092481	0.981280	0.155975	-0.112968
08990	9.651702	1.664222	-0.469996	-0.292952	-0.156150	0.019808	0.098026	0.109665	0.989123	0.163804	-0.982132	0.092656	0.981610	0.152940	-0.114238
08991	9.620153	1.628697	-0.806010	-0.312377	-0.173918	0.024968	0.099760	0.109719	0.988944	0.160728	-0.982626	0.092805	0.981944	0.149693	-0.115662
08992	9.452908	1.331079	-1.039116	-0.329634	-0.195638	0.042036	0.101737	0.109634	0.988752	0.157465	-0.983154	0.092811	0.982270	0.146251	-0.117286
08993	9.890366	1.119900	-1.388657	-0.304159	-0.179854	0.063029	0.103588	0.109311	0.988595	0.154429	-0.983656	0.092584	0.982559	0.143077	-0.118776
08994	9.504964	0.963414	-1.051836	-0.241137	-0.125109	0.082433	0.104932	0.108716	0.988519	0.151989	-0.984082	0.092094	0.982796	0.140580	-0.119786
08995	9.380582	1.354315	-0.653348	-0.236832	-0.147811	0.098829	0.106521	0.107987	0.988429	0.149574	-0.984513	0.091440	0.982996	0.138103	-0.121023
08996	9.539070	1.742714	-0.588644	-0.334858	-0.159660	0.093969	0.108218	0.107317	0.988318	0.146197	-0.985065	0.090956	0.983319	0.134646	-0.122291
08997	9.514611	1.495424	-0.893253	-0.430267	-0.184728	0.094330	0.110157	0.106670	0.988174	0.141881	-0.985730	0.090590	0.983735	0.130224	-0.123719
08998	9.775504	1.002048	-1.339119	-0.418841	-0.195297	0.100743	0.112208	0.105965	0.988019	0.137664	-0.986367	0.090154	0.984103	0.125899	-0.125266
08999	9.860990	0.425297	-1.968388	-0.310448	-0.194024	0.106552	0.114249	0.105194	0.987867	0.134508	-0.986860	0.089530	0.984304	0.122648	-0.126897
09000	9.874520	-0.032597	-2.017392	-0.070235	-0.191612	0.127265	0.116295	0.104210	0.987733	0.133687	-0.987073	0.088400	0.984176	0.121766	-0.128724
09001	9.991600	0.027917	-1.970344	0.166619	-0.164274	0.154701	0.118107	0.102923	0.987653	0.135163	-0.987023	0.086694	0.983759	0.123255	-0.130485
09002	9.753806	0.406756	-1.603460	0.287238	-0.129470	0.174188	0.119607	0.101403	0.987629	0.137798	-0.986838	0.084634	0.983212	0.125970	-0.132006
09003	9.456830	0.550266	-1.560343	0.314798	-0.140134	0.177652	0.121219	0.099866	0.987589	0.140695	-0.986610	0.082498	0.982604	0.128948	-0.133647
09004	9.656227	0.568151	-1.413743	0.282738	-0.145927	0.165246	0.122876	0.098464	0.987525	0.143287	-0.986400	0.080523	0.982024	0.131605	-0.135314
09005	9.728728	0.845041	-1.111792	0.240000	-0.138650	0.156965	0.124452	0.097137	0.987459	0.145465	-0.986230	0.078683	0.981505	0.133849	-0.136868
09006	9.782599	1.373035	-1.296822	0.164737	-0.139522	0.150375	0.126030	0.095880	0.987382	0.146910	-0.986148	0.077009	0.981088	0.135351	-0.138370
09007	9.605968	1.472494	-1.029226	0.054449	-0.145297	0.138742	0.127646	0.094747	0.987284	0.147285	-0.986201	0.075600	0.980823	0.135763	-0.139839
09008	9.366039	1.013582	-1.166321	-0.004038	-0.162407	0.147805	0.129445	0.093547	0.987164	0.147073	-0.986340	0.074184	0.980619	0.135582	-0.141435
09009	9.451711	0.751038	-1.052563	0.026225	-0.168523	0.152353	0.131309	0.092311	0.987034	0.147150	-0.986440	0.072680	0.980360	0.135698	-0.143112
09010	9.351009	0.289966	-0.661772	0.134816	-0.195718	0.156669	0.133447	0.091071	0.986863	0.148281	-0.986395	0.070976	0.979900	0.136861	-0.145136
09011	9.719988	0.546830	-0.145229	0.236012	-0.246408	0.189350	0.136130	0.089581	0.986633	0.150356	-0.986235	0.068799	0.979215	0.138980	-0.147725
09012	9.739150	0.782583	0.122206	0.315636	-0.282594	0.238447	0.139247	0.087664	0.986370	0.153134	-0.985998	0.066013	0.978346	0.141855	-0.150721
09013	9.399408	0.789117	0.279101	0.429580	-0.328297	0.256998	0.142840	0.085641	0.986034	0.156992	-0.985597	0.062860	0.977215	0.145821	-0.154228
09014	9.578066	1.282428	0.142385	0.487820	-0.357693	0.281168	0.146770	0.083438	0.985645	0.161366	-0.985108	0.059364	0.975920	0.150337	-0.158048
09015	9.872218	1.225421	-0.427902	0.507650	-0.395195	0.313279	0.151120	0.080994	0.985192	0.165872	-0.984584	0.055501	0.974499	0.155029	-0.162225
09016	9.986597	1.225406	-1.070747	0.531249	-0.407168	0.337076	0.155640	0.078356	0.984701	0.170546	-0.984011	0.051345	0.972980	0.159946	-0.166515
09017	10.095384	1.496826	-1.679735	0.511851	-0.402424	0.348028	0.160136	0.075624	0.984194	0.174998	-0.983442	0.047093	0.971459	0.164691	-0.170719
09018	10.106200	1.346623	-1.912516	0.404366	-0.408768	0.350126	0.164711	0.072900	0.983644	0.178373	-0.983024	0.042986	0.970079	0.168376	-0.174918
09019	9.910899	1.126332	-1.565053	0.342061	-0.431942	0.361931	0.169531	0.070117	0.983027	0.181111	-0.982695	0.038859	0.968740	0.171450	-0.179296
09020	9.679614	0.991465	-0.889127	0.314809	-0.470284	0.371969	0.174749	0.067313	0.982309	0.183537	-0.982401	0.034668	0.967356	0.174232	-0.184028
09021	9.263943	1.159330	0.243531	0.304917	-0.535022	0.387064	0.180618	0.064490	0.981437	0.185825	-0.982114	0.030337	0.965840	0.176896	-0.189371
09022	9.041297	0.919669	1.387578	0.265395	-0.643505	0.393547	0.187550	0.061809	0.980308	0.187681	-0.981886	0.026002	0.964158	0.179108	-0.195753
09023	9.013837	0.228350	2.047393	0.220112	-0.750750	0.397815	0.195511	0.059296	0.978907	0.189069	-0.981724	0.021705	0.962304	0.180837	-0.203149
09024	9.316128	-0.421480	1.910417	0.297303	-0.877312	0.409674	0.204709	0.056909	0.977167	0.191126	-0.981416	0.017117	0.959982	0.183258	-0.211782
09025	9.742188	0.146057	1.952783	0.450404	-0.975528	0.426812	0.214860	0.054570	0.975119	0.194584	-0.980812	0.012014	0.957064	0.187161	-0.221356
09026	10.466804	0.781391	1.084632	0.509831	-1.087032	0.430282	0.226078	0.052448	0.972696	0.198526	-0.980073	0.006703	0.953664	0.191590	-0.231985
09027	11.974876	0.934521	1.530448	0.604269	-1.164759	0.403890	0.237950	0.050796	0.969948	0.203378	-0.979099	0.001382	0.949746	0.196937	-0.243307
09028	12.436685	0.689013	1.831226	0.681212	-1.214238	0.384072	0.250234	0.049504	0.966919	0.208917	-0.977925	-0.003999	0.945376	0.203006	-0.255053
09029	12.028132	0.194091	1.030237	0.739343	-1.328769	0.407896	0.263599	0.048303	0.963422	0.214886	-0.976590	-0.009831	0.940393	0.209618	-0.267808
09030	12.250979	-0.180695	0.600218	0.809233	-1.428743	0.426058	0.277910	0.047230	0.959445	0.221342	-0.975063	-0.016115	0.934759	0.216844	-0.281434
09031	12.541387	-1.076731	0.686704	0.826642	-1.521154	0.436889	0.293032	0.046373	0.954977	0.227843	-0.973434	-0.022644	0.928558	0.224221	-0.295814
09032	12.725040	-1.339783	0.767470	0.952303	-1.616072	0.451037	0.309012	0.045717	0.949959	0.235318	-0.971462	-0.029795	0.921486	0.232749	-0.310952
09033	12.875405	-0.745022	0.950074	1.072046	-1.707375	0.480000	0.325793	0.045160	0.944362	0.243681	-0.969122	-0.037722	0.913498	0.242412	-0.326738
09034	13.130753	-0.144863	2.022067	1.089578	-1.800085	0.521022	0.343435	0.044606	0.938116	0.251867	-0.966656	-0.046243	0.904773	0.252163	-0.343219
09035	13.820064	0.165686	2.058232	1.053769	-1.897153	0.585993	0.361973	0.043867	0.931156	0.259342	-0.964196	-0.055392	0.895387	0.261538	-0.360390
09036	14.142676	0.417421	3.112783	1.105873	-1.984248	0.660320	0.381360	0.042833	0.923434	0.266759	-0.961530	-0.065567	0.885101	0.271338	-0.378116
09037	13.742767	0.356950	3.889555	1.009362	-2.068173	0.707797	0.401424	0.041788	0.914938	0.272931	-0.959031	-0.075945	0.874281	0.280202	-0.396383
09038	13.197126	-0.013126	4.443856	0.856034	-2.214482	0.674460	0.422500	0.041649	0.905406	0.277615	-0.956878	-0.085530	0.862800	0.287490	-0.415843
09039	13.197116	-0.165582	3.040345	0.722250	-2.297164	0.582709	0.443766	0.042804	0.895120	0.281351	-0.955008	-0.093816	0.850831	0.293475	-0.435843
09040	12.570722	0.146534	2.203130	0.662047	-2.353459	0.482692	0.464994	0.045204	0.884159	0.284778	-0.953254	-0.101033	0.838261	0.298769	-0.456131
09041	12.075616	0.482257	-0.594134	0.496028	-2.327434	0.406829	0.485474	0.048381	0.872912	0.287051	-0.951933	-0.106884	0.825783	0.302460	-0.476027
09042	10.986089	1.894197	-3.032150	0.524200	-2.309202	0.341864	0.505364	0.052194	0.861326	0.289682	-0.950504	-0.112366	0.812829	0.306297	-0.495470
09043	11.141002	2.860302	-4.465181	0.488285	-2.334694	0.234748	0.524817	0.057218	0.849290	0.292497	-0.949106	-0.116805	0.799383	0.309716	-0.514843
09044	12.167813	3.634440	-4.931990	0.479185	-2.217786	0.123558	0.542747	0.062987	0.837531	0.295667	-0.947682	-0.120331	0.786134	0.312940	-0.532974
09045	12.265139	4.625613	-4.712438	0.543415	-1.953901	0.040459	0.558053	0.068830	0.826946	0.299783	-0.945971	-0.123568	0.773762	0.316862	-0.548536
09046	11.674552	5.003053	-5.796085	0.479150	-1.657911	-0.017423	0.570723	0.074311	0.817773	0.303594	-0.944426	-0.126058	0.762958	0.320216	-0.561566
09047	10.650049	4.993745	-6.538198	0.376163	-1.306144	-0.036015	0.580465	0.078936	0.810450	0.306770	-0.943157	-0.127855	0.754289	0.322837	-0.571685
09048	8.810551	4.037943	-8.676801	0.013337	-0.976941	-0.072816	0.587566	0.082809	0.804928	0.307327	-0.943048	-0.127319	0.748542	0.322185	-0.579553
09049	6.577477	3.075897	-10.945390	-0.114172	-0.774558	-0.103792	0.592970	0.086373	0.800579	0.307214	-0.943292	-0.125776	0.744316	0.320530	-0.585879
09050	4.513083	1.913568	-11.182420	-0.328621	-0.721404	-0.142918	0.597873	0.090056	0.796516	0.305657	-0.944206	-0.122675	0.741027	0.316804	-0.592042
09051	5.950300	1.429969	-7.724203	0.130862	-0.630185	-0.137760	0.602050	0.093459	0.792970	0.307581	-0.943628	-0.122311	0.736838	0.317540	-0.596857
09052	4.610509	1.841701	-7.569762	-0.016633	-0.394381	-0.157428	0.604450	0.096231	0.790810	0.308442	-0.943524	-0.120941	0.734510	0.317021	-0.599994
09053	4.903513	2.905971	-7.312140	0.224031	-0.180712	-0.139255	0.605286	0.098227	0.789924	0.311062	-0.942638	-0.121137	0.732713	0.319038	-0.601120
09054	5.044116	2.378566	-2.977387	-0.012571	0.093538	-0.179015	0.604026	0.099651	0.790710	0.312085	-0.942493	-0.119623	0.733318	0.319024	-0.600390
09055	5.309475	2.958413	-1.283299	-0.732721	0.675331	-0.394769	0.597767	0.101355	0.795237	0.309202	-0.944371	-0.112060	0.739641	0.312874	-0.595853
09056	5.409582	2.938208	-2.281739	-1.691786	1.236207	-0.766190	0.586192	0.104866	0.803357	0.301151	-0.948742	-0.095899	0.752122	0.298147	-0.587725
09057	5.572414	1.593201	-4.595808	-2.310515	1.676267	-1.078505	0.570195	0.110416	0.814056	0.289964	-0.954197	-0.073677	0.768634	0.278057	-0.576095
09058	5.950447	0.380802	-5.862674	-2.387623	2.037372	-1.243178	0.550799	0.116891	0.826412	0.278393	-0.959171	-0.049879	0.786840	0.257541	-0.560852
09059	5.837907	-0.035259	-5.547327	-2.304586	2.401367	-1.302305	0.528054	0.123571	0.840172	0.267210	-0.963280	-0.026266	0.806076	0.238372	-0.541683
09060	5.608554	-0.138122	-5.967670	-2.302665	2.725291	-1.288042	0.502431	0.129799	0.854819	0.255083	-0.966914	-0.003109	0.826133	0.219612	-0.518917
09061	5.363372	-0.233082	-6.171041	-2.189906	2.929347	-1.247775	0.474765	0.135812	0.869571	0.243014	-0.969841	0.018792	0.845897	0.202396	-0.493451
09062	5.840800	-1.141766	-6.875148	-1.912075	3.105830	-1.205630	0.445318	0.141490	0.884122	0.232233	-0.971895	0.038565	0.864731	0.188149	-0.465661
09063	6.285199	-1.565665	-6.986116	-1.403095	3.296117	-1.144482	0.413844	0.146664	0.898456	0.225031	-0.972790	0.055145	0.882096	0.179359	-0.435587
09064	6.699829	-1.649674	-7.370096	-0.871172	3.491501	-1.070385	0.380362	0.150910	0.912442	0.221555	-0.972737	0.068524	0.897908	0.176092	-0.403427
09065	6.853839	-1.752354	-7.633272	-0.264965	3.630986	-0.991011	0.345240	0.154187	0.925762	0.222880	-0.971663	0.078714	0.911666	0.179159	-0.369822
09066	6.822607	-1.720707	-6.776532	0.430859	3.767456	-0.955122	0.308498	0.156555	0.938253	0.229979	-0.969377	0.086131	0.923005	0.189208	-0.335055
09067	6.843613	-1.196251	-5.359176	1.015953	3.869944	-0.969104	0.270253	0.158380	0.949673	0.242323	-0.965813	0.092113	0.931796	0.205234	-0.299393
09068	7.068921	-0.184962	-5.261760	1.395900	3.936860	-1.020895	0.230869	0.159786	0.959775	0.257956	-0.961177	0.097969	0.938167	0.224962	-0.263124
09069	7.134637	0.961658	-4.518712	1.630817	3.924426	-1.085549	0.191011	0.161000	0.968294	0.275687	-0.955551	0.104497	0.942078	0.246986	-0.226906
09070	7.550233	1.904572	-4.928396	1.414148	3.924919	-1.133765	0.150747	0.161756	0.975249	0.290987	-0.950078	0.112602	0.944776	0.266810	-0.190290
09071	7.799707	2.878560	-5.687200	1.087090	3.884947	-1.183090	0.110428	0.162341	0.980536	0.302916	-0.945129	0.122364	0.946598	0.283507	-0.153544
09072	8.211512	2.975780	-5.352227	0.617789	3.867119	-1.233539	0.069988	0.162813	0.984171	0.309898	-0.941324	0.133687	0.948190	0.295636	-0.116337
09073	8.453109	2.515937	-5.358037	0.064119	3.860443	-1.262048	0.029366	0.163189	0.986158	0.311232	-0.939033	0.146122	0.949880	0.302633	-0.078366
09074	8.719279	2.221965	-5.514724	-0.370867	3.832508	-1.261097	-0.010993	0.163409	0.986497	0.307834	-0.938091	0.158821	0.951377	0.305423	-0.039990
09075	8.928055	1.715531	-4.880768	-0.784209	3.823140	-1.263989	-0.051293	0.163661	0.985182	0.300069	-0.938373	0.171508	0.952538	0.304419	-0.000978
09076	8.912667	0.358178	-4.423952	-1.172998	3.748291	-1.257477	-0.090731	0.164187	0.982248	0.288005	-0.939844	0.183702	0.953321	0.299560	0.037987
09077	9.494037	-1.198586	-4.159477	-1.262663	3.650744	-1.230694	-0.129046	0.164978	0.977819	0.274705	-0.941525	0.195108	0.952830	0.293790	0.076180
09078	10.528399	-3.251860	-4.949118	-1.026797	3.543043	-1.163186	-0.165911	0.165630	0.972132	0.263223	-0.942590	0.205520	0.950362	0.289986	0.112788
09079	10.906758	-4.483600	-4.009770	0.180871	3.395429	-0.965829	-0.200658	0.164789	0.965702	0.263241	-0.940428	0.215174	0.943632	0.297389	0.145325
09080	10.739132	-3.728210	-2.221330	1.201678	3.201745	-0.734076	-0.232695	0.161924	0.958975	0.272933	-0.935545	0.224195	0.933467	0.313905	0.173502
09081	10.185443	-0.785419	-1.512009	1.962933	2.893292	-0.457827	-0.260851	0.156809	0.952559	0.290060	-0.928396	0.232262	0.920772	0.336885	0.196689
09082	9.727235	2.508919	0.758007	1.955012	2.429719	-0.253575	-0.283848	0.150738	0.946947	0.307251	-0.921196	0.238737	0.908310	0.358716	0.215165
09083	9.097710	4.231037	1.675044	1.052829	1.879749	-0.107921	-0.301214	0.144899	0.942483	0.316503	-0.917161	0.242159	0.899498	0.371240	0.230400
09084	8.592378	4.704528	4.341472	-0.103387	1.207864	-0.080855	-0.312331	0.141186	0.939423	0.315326	-0.917420	0.242716	0.896113	0.372032	0.242019
09085	6.835606	3.109561	2.566555	-1.867999	0.428152	0.006241	-0.316197	0.139600	0.938366	0.298618	-0.924191	0.238115	0.900470	0.355504	0.250539
09086	5.131995	1.396416	1.886567	-2.906586	-0.378968	0.058107	-0.312616	0.140390	0.939447	0.272487	-0.934196	0.230280	0.909957	0.327976	0.253790
09087	6.132655	-0.660202	1.219980	-3.675109	-1.086551	0.048895	-0.302571	0.143329	0.942288	0.239014	-0.945629	0.220586	0.922672	0.291963	0.251862
09088	9.926530	-2.023134	1.179298	-3.718439	-1.482339	0.060929	-0.288678	0.146837	0.946099	0.204646	-0.955869	0.210795	0.935300	0.254467	0.245888
09089	14.708255	-1.673467	5.934244	-3.436043	-1.268582	0.125052	-0.276545	0.148677	0.949430	0.172739	-0.964178	0.201301	0.945349	0.219672	0.240956
09090	16.593209	-1.072183	6.129522	-3.499443	-0.736145	0.182521	-0.269283	0.148436	0.951553	0.140021	-0.971517	0.191176	0.952828	0.184718	0.240829
09091	12.897655	0.107550	4.299296	-3.462494	-0.439535	0.159524	-0.264916	0.147653	0.952900	0.107405	-0.977540	0.181330	0.958271	0.150383	0.243107
09092	8.638804	-0.549824	0.891001	-3.414362	-0.491013	0.022095	-0.260188	0.148129	0.954128	0.074667	-0.982116	0.172836	0.962667	0.116212	0.244475
09093	7.379084	-2.519346	-1.515160	-3.115577	-0.664544	-0.058793	-0.253840	0.149410	0.955637	0.044509	-0.985147	0.165846	0.966222	0.084632	0.243419
09094	8.712868	-6.466234	-1.228132	-2.537349	-0.722299	-0.058006	-0.246876	0.150538	0.957283	0.019814	-0.986869	0.160301	0.968844	0.058542	0.240652
09095	11.983156	-10.832325	-0.702574	-1.425312	-0.697619	0.052065	-0.240124	0.150416	0.959018	0.006149	-0.987667	0.156449	0.970723	0.043464	0.236238
09096	14.113204	-11.079234	-0.547379	0.198914	-0.604378	0.249362	-0.234241	0.148258	0.960807	0.008675	-0.987945	0.154560	0.972140	0.044539	0.230131
09097	13.532067	-6.981335	1.036909	1.566859	-0.498050	0.374840	-0.229347	0.144849	0.962507	0.024787	-0.987675	0.154542	0.973029	0.059301	0.222930
09098	12.154677	-1.457329	3.167622	2.152646	-0.552291	0.355116	-0.223852	0.141766	0.964258	0.046546	-0.986681	0.155868	0.973511	0.079774	0.214272
09099	11.585023	4.490711	4.135852	1.853913	-0.696569	0.286329	-0.216921	0.139592	0.966157	0.065222	-0.985439	0.157021	0.974008	0.097076	0.204658
09100	10.585552	9.371050	4.652009	0.920483	-0.845772	0.254632	-0.208508	0.137976	0.968239	0.074739	-0.984856	0.156439	0.975161	0.104984	0.195039
09101	9.098758	11.132855	3.871079	-0.562924	-0.981249	0.213889	-0.198790	0.136899	0.970434	0.069681	-0.985715	0.153329	0.977562	0.098101	0.186411
