// General information: 
//  MT Manager version: 2022.2.0 
//  XDA version: 2022.2.0 build 7381 rev 124627 built on 2023-07-19
// Device information: 
//  DeviceId: 00B4CAF0
//  ProductCode: MTW2-3A7G6
//  Firmware Version: 4.6.0
//  Hardware Version: 2.0.0
// Device settings: 
//  Filter Profile: human(46.1)
//  Option Flags: Orientation Smoother Disabled, Position/Velocity Smoother Disabled, Continuous Zero Rotation Update Disabled, AHS Disabled, ICC Disabled
// Coordinate system: ENU
PacketCounter	Acc_X	Acc_Y	Acc_Z	Gyr_X	Gyr_Y	Gyr_Z	Mat[1][1]	Mat[2][1]	Mat[3][1]	Mat[1][2]	Mat[2][2]	Mat[3][2]	Mat[1][3]	Mat[2][3]	Mat[3][3]
25457	6.184776	-0.188309	8.141686	0.004775	0.007292	-0.000892	0.268434	0.752594	0.601287	-0.935766	0.351891	-0.022684	-0.228659	-0.556575	0.798711
25458	6.176418	-0.209487	8.150912	-0.000193	-0.000088	0.005706	0.268412	0.752594	0.601296	-0.935781	0.351853	-0.022663	-0.228624	-0.556598	0.798705
25459	6.168177	-0.230756	8.160047	0.004620	0.004322	0.001896	0.268392	0.752623	0.601269	-0.935796	0.351813	-0.022657	-0.228586	-0.556584	0.798726
25460	6.175918	-0.209449	8.151292	0.002616	0.003349	0.004659	0.268397	0.752666	0.601213	-0.935793	0.351819	-0.022684	-0.228592	-0.556523	0.798767
25461	6.166648	-0.215328	8.129574	0.003458	0.002930	0.003456	0.268359	0.752693	0.601196	-0.935810	0.351774	-0.022696	-0.228569	-0.556515	0.798779
25462	6.184495	-0.203432	8.173539	0.005307	0.000933	0.003480	0.268372	0.752733	0.601140	-0.935805	0.351785	-0.022716	-0.228571	-0.556454	0.798821
25463	6.189494	-0.256199	8.185728	0.005307	0.000933	0.003480	0.268330	0.752749	0.601139	-0.935826	0.351730	-0.022714	-0.228536	-0.556467	0.798821
25464	6.221588	-0.171207	8.149848	0.003458	0.002931	0.003456	0.268269	0.752783	0.601123	-0.935835	0.351702	-0.022790	-0.228572	-0.556438	0.798831
25465	6.178860	-0.246364	8.133423	0.005581	0.009757	0.000823	0.268271	0.752839	0.601053	-0.935849	0.351665	-0.022770	-0.228511	-0.556386	0.798885
25466	6.186330	-0.224768	8.124885	0.007274	0.004790	0.003636	0.268359	0.752888	0.600951	-0.935847	0.351677	-0.022681	-0.228417	-0.556312	0.798964
25467	6.156462	-0.234931	8.140227	0.007751	0.009572	0.000491	0.268364	0.752942	0.600882	-0.935865	0.351631	-0.022641	-0.228336	-0.556268	0.799017
25468	6.163880	-0.213241	8.131728	0.006268	0.006369	0.002408	0.268413	0.753024	0.600758	-0.935850	0.351669	-0.022674	-0.228342	-0.556133	0.799110
25469	6.164258	-0.228374	8.163075	0.003257	0.006974	0.003943	0.268380	0.753075	0.600708	-0.935867	0.351622	-0.022690	-0.228310	-0.556093	0.799147
25470	6.192809	-0.217761	8.148752	0.001729	0.010783	0.003560	0.268417	0.753132	0.600621	-0.935872	0.351612	-0.022654	-0.228247	-0.556023	0.799213
25471	6.161797	-0.213082	8.133311	0.003578	0.008786	0.003586	0.268391	0.753192	0.600557	-0.935889	0.351566	-0.022666	-0.228208	-0.555971	0.799261
25472	6.157867	-0.190603	8.183555	0.004420	0.008367	0.002383	0.268407	0.753281	0.600437	-0.935879	0.351586	-0.022728	-0.228226	-0.555837	0.799349
25473	6.173495	-0.244619	8.137548	0.004062	0.009441	0.005659	0.268364	0.753352	0.600367	-0.935903	0.351522	-0.022749	-0.228180	-0.555781	0.799401
25474	6.159732	-0.212852	8.134881	0.000120	0.005855	0.000129	0.268387	0.753410	0.600285	-0.935879	0.351582	-0.022835	-0.228253	-0.555665	0.799460
25475	6.168312	-0.207047	8.157111	0.003100	0.004006	0.006732	0.268321	0.753455	0.600257	-0.935903	0.351515	-0.022870	-0.228231	-0.555646	0.799480
25476	6.146715	-0.196568	8.163258	0.002937	0.005164	0.004301	0.268258	0.753501	0.600228	-0.935915	0.351479	-0.022946	-0.228257	-0.555607	0.799500
25477	6.170752	-0.229441	8.108009	0.003779	0.004745	0.003099	0.268229	0.753537	0.600196	-0.935931	0.351436	-0.022953	-0.228227	-0.555585	0.799524
25478	6.175205	-0.185775	8.149006	0.003779	0.004745	0.003099	0.268270	0.753556	0.600154	-0.935933	0.351432	-0.022896	-0.228167	-0.555562	0.799556
25479	6.187932	-0.217534	8.152462	0.001610	0.004931	0.003430	0.268237	0.753594	0.600121	-0.935945	0.351399	-0.022923	-0.228157	-0.555531	0.799581
25480	6.148978	-0.233948	8.145910	0.007880	0.011302	0.005840	0.268254	0.753670	0.600018	-0.935960	0.351362	-0.022893	-0.228077	-0.555451	0.799659
25481	6.186709	-0.217242	8.153398	0.001648	0.002046	0.000513	0.268242	0.753682	0.600007	-0.935964	0.351351	-0.022902	-0.228074	-0.555442	0.799667
25482	6.156040	-0.212202	8.137691	0.007755	0.009575	0.000492	0.268331	0.753766	0.599863	-0.935948	0.351395	-0.022882	-0.228036	-0.555300	0.799776
25483	6.148215	-0.248369	8.178117	0.005590	0.005634	0.006043	0.268276	0.753818	0.599822	-0.935976	0.351320	-0.022892	-0.227986	-0.555278	0.799806
25484	6.172949	-0.199879	8.182350	0.005949	0.004560	0.002768	0.268345	0.753839	0.599765	-0.935974	0.351330	-0.022814	-0.227914	-0.555242	0.799851
25485	6.213961	-0.205371	8.140135	0.006592	0.008184	0.002052	0.268333	0.753891	0.599705	-0.935993	0.351280	-0.022793	-0.227848	-0.555203	0.799897
25486	6.170948	-0.184033	8.152269	0.004748	0.006056	0.007245	0.268222	0.753898	0.599745	-0.936040	0.351154	-0.022790	-0.227785	-0.555273	0.799866
25487	6.174547	-0.221726	8.133926	0.003259	0.006979	0.003943	0.268190	0.753950	0.599695	-0.936057	0.351108	-0.022807	-0.227753	-0.555232	0.799904
25488	6.170800	-0.199284	8.183985	0.003780	0.004747	0.003099	0.268236	0.753972	0.599646	-0.936056	0.351115	-0.022759	-0.227704	-0.555198	0.799941
25489	6.194650	-0.232337	8.128932	0.002379	0.010288	0.008061	0.268173	0.754056	0.599568	-0.936082	0.351042	-0.022807	-0.227672	-0.555129	0.799998
25490	6.160388	-0.205332	8.163140	0.006234	0.009261	0.005327	0.268039	0.754089	0.599588	-0.936132	0.350906	-0.022840	-0.227623	-0.555171	0.799983
25491	6.121379	-0.221761	8.156603	0.000929	0.008324	0.001842	0.268029	0.754140	0.599527	-0.936138	0.350889	-0.022863	-0.227609	-0.555112	0.800028
25492	6.150852	-0.226310	8.173238	0.007077	0.008841	0.004126	0.268047	0.754206	0.599436	-0.936144	0.350873	-0.022855	-0.227564	-0.555032	0.800096
25493	6.145389	-0.269641	8.133054	0.004103	0.006560	0.002741	0.268025	0.754251	0.599390	-0.936160	0.350831	-0.022858	-0.227525	-0.554998	0.800131
25494	6.132701	-0.252841	8.161150	0.006793	0.004141	0.001568	0.268074	0.754297	0.599310	-0.936148	0.350864	-0.022857	-0.227517	-0.554916	0.800190
25495	6.149439	-0.225194	8.174332	0.008962	0.003955	0.001238	0.268061	0.754322	0.599285	-0.936170	0.350806	-0.022811	-0.227440	-0.554917	0.800211
25496	6.136103	-0.192834	8.171327	0.005987	0.001674	-0.000147	0.268082	0.754334	0.599260	-0.936170	0.350808	-0.022789	-0.227416	-0.554900	0.800230
25497	6.178252	-0.213685	8.159902	0.005107	0.004984	0.003971	0.268045	0.754375	0.599225	-0.936191	0.350752	-0.022791	-0.227372	-0.554880	0.800256
25498	6.165402	-0.196800	8.188112	0.007760	0.009579	0.000493	0.268086	0.754441	0.599123	-0.936192	0.350752	-0.022769	-0.227322	-0.554790	0.800333
25499	6.186022	-0.206907	8.182755	0.007277	0.004798	0.003641	0.268052	0.754479	0.599090	-0.936217	0.350686	-0.022752	-0.227258	-0.554779	0.800358
25500	6.167705	-0.218474	8.139203	0.003781	0.004750	0.003099	0.268021	0.754478	0.599106	-0.936238	0.350632	-0.022721	-0.227208	-0.554816	0.800348
25501	6.168093	-0.233515	8.170507	0.006273	0.006376	0.002411	0.268002	0.754521	0.599060	-0.936257	0.350581	-0.022704	-0.227150	-0.554790	0.800382
25502	6.155385	-0.216670	8.198599	0.005951	0.004564	0.002769	0.268028	0.754542	0.599022	-0.936264	0.350566	-0.022656	-0.227091	-0.554771	0.800412
25503	6.159211	-0.254168	8.180123	0.003459	0.002938	0.003458	0.267992	0.754569	0.599004	-0.936280	0.350522	-0.022668	-0.227069	-0.554761	0.800425
25504	6.136841	-0.227974	8.155227	0.009447	0.004613	0.003311	0.267983	0.754609	0.598958	-0.936296	0.350480	-0.022646	-0.227012	-0.554733	0.800460
25505	6.165844	-0.216736	8.140660	0.008481	0.003301	-0.000834	0.267988	0.754624	0.598937	-0.936312	0.350442	-0.022593	-0.226941	-0.554738	0.800477
25506	6.145321	-0.220755	8.177550	0.008319	0.000332	0.001956	0.268093	0.754626	0.598887	-0.936299	0.350482	-0.022488	-0.226869	-0.554709	0.800518
25507	6.157362	-0.236806	8.149993	0.007278	0.004800	0.003641	0.268059	0.754664	0.598854	-0.936324	0.350417	-0.022470	-0.226806	-0.554698	0.800543
25508	6.144815	-0.219800	8.177956	0.008642	0.002145	0.001597	0.268055	0.754687	0.598827	-0.936335	0.350388	-0.022451	-0.226766	-0.554685	0.800564
25509	6.156905	-0.235740	8.150369	0.007315	0.001910	0.000726	0.268042	0.754699	0.598817	-0.936353	0.350344	-0.022416	-0.226710	-0.554696	0.800572
25510	6.212060	-0.191839	8.170526	0.003459	0.002940	0.003457	0.268001	0.754730	0.598798	-0.936359	0.350323	-0.022469	-0.226731	-0.554668	0.800585
25511	6.197853	-0.241071	8.108319	0.007440	0.007770	0.000850	0.268000	0.754775	0.598741	-0.936377	0.350278	-0.022434	-0.226658	-0.554635	0.800628
25512	6.139231	-0.180232	8.197779	0.009611	0.007584	0.000520	0.267927	0.754816	0.598722	-0.936409	0.350192	-0.022450	-0.226613	-0.554634	0.800642
25513	6.171177	-0.191745	8.133838	0.004067	0.009458	0.005654	0.267885	0.754887	0.598651	-0.936432	0.350129	-0.022471	-0.226568	-0.554576	0.800695
25514	6.129646	-0.201007	8.207916	0.003585	0.008801	0.003581	0.267836	0.754943	0.598603	-0.936447	0.350086	-0.022521	-0.226564	-0.554528	0.800729
25515	6.141405	-0.217228	8.180585	0.006312	0.003488	-0.000504	0.267838	0.754960	0.598581	-0.936459	0.350057	-0.022487	-0.226514	-0.554524	0.800747
25516	6.165593	-0.250063	8.125420	0.001612	0.004940	0.003427	0.267830	0.754983	0.598555	-0.936460	0.350053	-0.022507	-0.226519	-0.554495	0.800765
25517	6.157575	-0.189699	8.194168	0.007925	0.008429	0.002923	0.267811	0.755039	0.598493	-0.936484	0.349989	-0.022481	-0.226440	-0.554459	0.800813
25518	6.151432	-0.217725	8.122999	0.004626	0.004333	0.001897	0.267722	0.755070	0.598493	-0.936504	0.349930	-0.022556	-0.226462	-0.554453	0.800811
25519	6.127177	-0.199528	8.209795	0.007925	0.008430	0.002923	0.267702	0.755127	0.598431	-0.936529	0.349866	-0.022529	-0.226383	-0.554416	0.800858
25520	6.163471	-0.248912	8.127065	0.001129	0.004283	0.001354	0.267659	0.755136	0.598438	-0.936537	0.349841	-0.022567	-0.226399	-0.554419	0.800851
25521	6.134346	-0.177701	8.201491	0.011942	0.006245	0.002625	0.267638	0.755179	0.598393	-0.936570	0.349757	-0.022507	-0.226289	-0.554414	0.800886
25522	6.141433	-0.237423	8.133492	0.004785	0.003179	0.004330	0.267437	0.755212	0.598442	-0.936616	0.349624	-0.022649	-0.226334	-0.554454	0.800846
25523	6.184405	-0.177056	8.181291	0.003014	-0.000608	-0.001529	0.267439	0.755202	0.598453	-0.936618	0.349621	-0.022635	-0.226326	-0.554469	0.800838
25524	6.123735	-0.167092	8.149266	0.011263	0.009636	0.001034	0.267522	0.755270	0.598331	-0.936611	0.349643	-0.022582	-0.226258	-0.554362	0.800931
25525	6.197587	-0.223355	8.216080	-0.002695	-0.001701	0.006394	0.267447	0.755282	0.598349	-0.936620	0.349612	-0.022662	-0.226306	-0.554365	0.800915
25526	6.283461	-0.161117	8.110131	0.011391	0.015497	0.001156	0.267617	0.755369	0.598163	-0.936601	0.349673	-0.022539	-0.226186	-0.554208	0.801058
25527	6.168223	-0.225534	8.120656	0.000376	0.013462	0.005589	0.267584	0.755463	0.598059	-0.936615	0.349631	-0.022589	-0.226165	-0.554107	0.801133
25528	6.141882	-0.273978	8.117661	0.001061	0.014195	0.001956	0.267677	0.755541	0.597919	-0.936594	0.349689	-0.022577	-0.226144	-0.553964	0.801238
25529	6.099391	-0.186340	8.220516	0.008506	0.021971	0.002807	0.267690	0.755671	0.597748	-0.936619	0.349623	-0.022546	-0.226024	-0.553827	0.801367
25530	6.113784	-0.225094	8.144149	0.003587	0.008807	0.003580	0.267737	0.755709	0.597679	-0.936617	0.349632	-0.022508	-0.225977	-0.553770	0.801420
25531	6.091762	-0.214473	8.150507	0.001741	0.010807	0.003547	0.267718	0.755781	0.597597	-0.936629	0.349598	-0.022535	-0.225950	-0.553694	0.801480
25532	6.121943	-0.234309	8.198217	0.005433	0.006808	0.003612	0.267719	0.755798	0.597576	-0.936648	0.349551	-0.022477	-0.225871	-0.553700	0.801498
25533	6.048948	-0.207863	8.193858	0.009812	0.003540	0.000044	0.267716	0.755817	0.597553	-0.936669	0.349499	-0.022418	-0.225788	-0.553707	0.801516
25534	6.071145	-0.233275	8.218946	0.003202	-0.008781	0.003218	0.267633	0.755761	0.597661	-0.936688	0.349446	-0.022437	-0.225807	-0.553817	0.801435
25535	6.181109	-0.212129	8.168330	0.004370	-0.007390	0.001658	0.267590	0.755725	0.597725	-0.936701	0.349412	-0.022431	-0.225804	-0.553888	0.801387
25536	6.176871	-0.158851	8.155478	0.006217	-0.009389	0.001690	0.267545	0.755653	0.597836	-0.936716	0.349372	-0.022398	-0.225793	-0.554010	0.801306
25537	6.197997	-0.153835	8.118230	0.006541	-0.007575	0.001330	0.267505	0.755615	0.597902	-0.936733	0.349329	-0.022374	-0.225770	-0.554090	0.801257
25538	6.195078	-0.131115	8.167513	0.000678	-0.003390	0.001593	0.267529	0.755590	0.597923	-0.936715	0.349377	-0.022390	-0.225818	-0.554093	0.801241
25539	6.141691	-0.205629	8.209146	-0.005840	-0.006951	0.007801	0.267429	0.755578	0.597983	-0.936721	0.349353	-0.022503	-0.225910	-0.554125	0.801193
25540	6.174624	-0.218055	8.144549	0.004462	0.001369	0.004690	0.267263	0.755560	0.598080	-0.936779	0.349195	-0.022524	-0.225865	-0.554249	0.801120
25541	6.154359	-0.222888	8.181154	-0.002502	-0.005747	0.005913	0.267184	0.755548	0.598131	-0.936788	0.349167	-0.022599	-0.225923	-0.554284	0.801080
25542	6.166807	-0.239709	8.153335	0.004462	0.001369	0.004690	0.267123	0.755565	0.598136	-0.936803	0.349124	-0.022644	-0.225932	-0.554287	0.801074
25543	6.133362	-0.212528	8.186741	0.001161	-0.002730	0.003665	0.267072	0.755561	0.598163	-0.936814	0.349092	-0.022676	-0.225947	-0.554312	0.801053
25544	6.137629	-0.250242	8.168004	0.004982	-0.000867	0.003850	0.267056	0.755551	0.598184	-0.936824	0.349067	-0.022657	-0.225924	-0.554342	0.801039
25545	6.150027	-0.170098	8.168365	0.003007	-0.004729	0.003698	0.267001	0.755537	0.598227	-0.936839	0.349025	-0.022674	-0.225927	-0.554388	0.801006
25546	6.146430	-0.228942	8.158466	0.005336	-0.006069	0.005803	0.266959	0.755541	0.598240	-0.936833	0.349035	-0.022757	-0.226001	-0.554376	0.800994
25547	6.133769	-0.196934	8.154875	0.005019	-0.003763	0.000937	0.266931	0.755522	0.598276	-0.936846	0.349003	-0.022742	-0.225982	-0.554421	0.800967
25548	6.138945	-0.249574	8.167035	0.005502	-0.003103	0.003010	0.266867	0.755490	0.598345	-0.936872	0.348934	-0.022724	-0.225951	-0.554508	0.800916
25549	6.155601	-0.206982	8.148662	0.004694	-0.005575	0.001298	0.266831	0.755463	0.598395	-0.936884	0.348901	-0.022714	-0.225940	-0.554566	0.800879
25550	6.186148	-0.211487	8.164531	0.004334	-0.004492	0.004571	0.266827	0.755431	0.598437	-0.936892	0.348884	-0.022676	-0.225915	-0.554620	0.800849
25551	6.165319	-0.200703	8.170008	0.005178	-0.004915	0.003370	0.266774	0.755415	0.598482	-0.936911	0.348833	-0.022675	-0.225899	-0.554675	0.800816
25552	6.148667	-0.227473	8.156821	0.005538	-0.005998	0.000098	0.266818	0.755361	0.598529	-0.936907	0.348847	-0.022592	-0.225860	-0.554739	0.800782
25553	6.157873	-0.221188	8.178555	0.006310	-0.000629	0.004722	0.266762	0.755373	0.598539	-0.936933	0.348779	-0.022589	-0.225821	-0.554765	0.800775
25554	6.195559	-0.189242	8.154540	0.005019	-0.003762	0.000937	0.266832	0.755321	0.598574	-0.936928	0.348799	-0.022475	-0.225758	-0.554823	0.800753
25555	6.225017	-0.178425	8.139645	0.006635	0.001184	0.004361	0.266784	0.755342	0.598569	-0.936953	0.348733	-0.022467	-0.225711	-0.554837	0.800756
25556	6.199416	-0.226630	8.136126	0.001097	0.007182	0.004263	0.266800	0.755351	0.598551	-0.936967	0.348699	-0.022400	-0.225634	-0.554846	0.800772
25557	6.135154	-0.194644	8.153888	0.005762	0.008621	0.003246	0.266779	0.755409	0.598487	-0.936987	0.348646	-0.022392	-0.225575	-0.554801	0.800820
25558	6.147694	-0.226439	8.157583	0.000448	0.003557	0.004984	0.266784	0.755437	0.598449	-0.936982	0.348659	-0.022421	-0.225592	-0.554755	0.800847
25559	6.125930	-0.215694	8.163760	0.006931	0.010011	0.001685	0.266781	0.755497	0.598375	-0.937000	0.348610	-0.022395	-0.225519	-0.554703	0.800903
25560	6.126140	-0.230662	8.195184	0.003945	0.003608	0.005529	0.266722	0.755527	0.598364	-0.937013	0.348571	-0.022450	-0.225534	-0.554687	0.800910
25561	6.100150	-0.263310	8.160383	0.008876	-0.004796	-0.001789	0.266718	0.755493	0.598408	-0.937027	0.348539	-0.022387	-0.225482	-0.554754	0.800878
25562	6.147771	-0.239911	8.189155	0.013701	-0.004508	-0.000372	0.266682	0.755414	0.598523	-0.937073	0.348425	-0.022230	-0.225334	-0.554931	0.800797
25563	6.181728	-0.265814	8.155408	0.017234	-0.007354	-0.002739	0.266681	0.755363	0.598589	-0.937103	0.348353	-0.022095	-0.225210	-0.555047	0.800752
25564	6.151828	-0.162429	8.167165	0.024887	0.000490	-0.007601	0.266728	0.755309	0.598635	-0.937144	0.348258	-0.021849	-0.224982	-0.555179	0.800724
25565	6.193857	-0.263541	8.096367	0.009072	-0.008843	-0.002265	0.266720	0.755251	0.598712	-0.937157	0.348228	-0.021782	-0.224939	-0.555278	0.800668
25566	6.174167	-0.088178	8.220242	0.028156	0.007492	-0.003671	0.266794	0.755258	0.598671	-0.937202	0.348122	-0.021518	-0.224662	-0.555335	0.800706
25567	6.176881	-0.190694	8.111549	0.007904	-0.010230	-0.000702	0.266767	0.755197	0.598759	-0.937217	0.348086	-0.021469	-0.224633	-0.555440	0.800641
25568	6.101979	-0.156464	8.187321	0.011468	0.005594	0.000547	0.266769	0.755211	0.598741	-0.937237	0.348035	-0.021402	-0.224546	-0.555453	0.800657
25569	6.155965	-0.178632	8.117105	0.003887	-0.008046	-0.000407	0.266745	0.755164	0.598812	-0.937243	0.348019	-0.021387	-0.224549	-0.555527	0.800604
25570	6.116588	-0.202549	8.221131	0.004530	-0.008534	0.004099	0.266636	0.755126	0.598907	-0.937266	0.347956	-0.021442	-0.224585	-0.555618	0.800531
25571	6.145196	-0.258510	8.115660	-0.000620	-0.010636	0.003045	0.266574	0.755076	0.598998	-0.937271	0.347939	-0.021484	-0.224637	-0.555696	0.800462
25572	6.151623	-0.229889	8.186549	0.005374	-0.008957	0.002898	0.266554	0.755032	0.599062	-0.937268	0.347946	-0.021496	-0.224672	-0.555752	0.800414
25573	6.189096	-0.182823	8.131018	0.004890	-0.009619	0.000826	0.266515	0.754980	0.599145	-0.937280	0.347916	-0.021481	-0.224670	-0.555842	0.800352
25574	6.202822	-0.214413	8.133860	0.002201	-0.007196	0.001993	0.266475	0.754939	0.599214	-0.937278	0.347919	-0.021522	-0.224726	-0.555895	0.800299
25575	6.160921	-0.192991	8.144984	0.003853	-0.005146	0.002502	0.266430	0.754918	0.599261	-0.937291	0.347882	-0.021526	-0.224722	-0.555947	0.800264
25576	6.183369	-0.218803	8.169909	0.001842	-0.006110	0.005264	0.266322	0.754859	0.599384	-0.937326	0.347788	-0.021523	-0.224705	-0.556086	0.800172
25577	6.170546	-0.186918	8.166387	0.006154	0.000529	0.002286	0.266291	0.754868	0.599386	-0.937344	0.347740	-0.021507	-0.224665	-0.556104	0.800171
25578	6.161895	-0.192864	8.144249	0.000190	-0.008159	0.004755	0.266275	0.754824	0.599448	-0.937337	0.347758	-0.021531	-0.224715	-0.556152	0.800124
25579	6.183498	-0.203775	8.138184	0.001647	-0.002061	0.005740	0.266207	0.754831	0.599470	-0.937355	0.347708	-0.021571	-0.224723	-0.556173	0.800107
25580	6.184260	-0.218894	8.169232	0.005635	0.002765	0.003124	0.266268	0.754843	0.599428	-0.937349	0.347728	-0.021511	-0.224676	-0.556145	0.800140
25581	6.184259	-0.218728	8.169237	0.003334	-0.002909	0.003340	0.266220	0.754837	0.599457	-0.937363	0.347688	-0.021523	-0.224670	-0.556179	0.800118
25582	6.159050	-0.170237	8.193487	0.003140	0.001139	0.003815	0.266302	0.754842	0.599414	-0.937348	0.347732	-0.021463	-0.224636	-0.556144	0.800151
25583	6.183508	-0.203577	8.138181	0.001488	-0.000911	0.003306	0.266259	0.754847	0.599427	-0.937359	0.347702	-0.021489	-0.224643	-0.556157	0.800141
25584	6.158231	-0.155185	8.162479	0.001812	0.000901	0.002943	0.266242	0.754862	0.599415	-0.937349	0.347723	-0.021557	-0.224703	-0.556122	0.800148
25585	6.170499	-0.172067	8.134793	-0.000523	-0.001874	0.006069	0.266171	0.754872	0.599435	-0.937363	0.347684	-0.021617	-0.224731	-0.556134	0.800132
25586	6.180222	-0.181629	8.187737	0.000611	0.002413	0.007415	0.266210	0.754895	0.599388	-0.937350	0.347717	-0.021618	-0.224737	-0.556082	0.800166
25587	6.162135	-0.194123	8.144039	-0.004700	0.001460	0.003929	0.266167	0.754915	0.599382	-0.937349	0.347717	-0.021698	-0.224795	-0.556055	0.800169
25588	6.144768	-0.221728	8.131415	0.000936	0.004225	0.007053	0.266137	0.754956	0.599343	-0.937351	0.347706	-0.021756	-0.224820	-0.556005	0.800196
25589	6.183779	-0.220841	8.169544	-0.001851	-0.002112	0.005197	0.266074	0.754961	0.599365	-0.937359	0.347681	-0.021821	-0.224862	-0.556014	0.800178
25590	6.133297	-0.221140	8.190091	-0.002370	0.000125	0.006035	0.266079	0.754959	0.599365	-0.937351	0.347701	-0.021841	-0.224889	-0.556004	0.800178
25591	6.144860	-0.223270	8.131304	-0.003019	-0.003499	0.006760	0.265999	0.754962	0.599398	-0.937361	0.347670	-0.021924	-0.224944	-0.556020	0.800151
25592	6.192475	-0.201202	8.159993	0.001681	-0.004959	0.002831	0.265951	0.754906	0.599489	-0.937375	0.347632	-0.021908	-0.224940	-0.556119	0.800083
25593	6.155178	-0.233147	8.183784	-0.002209	-0.001024	0.008469	0.265860	0.754928	0.599501	-0.937391	0.347584	-0.021995	-0.224981	-0.556119	0.800072
25594	6.184788	-0.222998	8.168722	0.002523	-0.005384	0.001630	0.265795	0.754874	0.599599	-0.937402	0.347552	-0.022016	-0.225011	-0.556214	0.799998
25595	6.201493	-0.180931	8.150217	-0.000848	-0.003684	0.006431	0.265717	0.754874	0.599633	-0.937416	0.347511	-0.022080	-0.225047	-0.556238	0.799970
25596	6.201561	-0.181325	8.150157	0.000127	0.001751	0.005344	0.265762	0.754877	0.599610	-0.937407	0.347537	-0.022049	-0.225031	-0.556219	0.799989
25597	6.154044	-0.204027	8.121376	0.000452	0.003562	0.004981	0.265714	0.754912	0.599586	-0.937419	0.347500	-0.022093	-0.225035	-0.556193	0.800005
25598	6.183877	-0.209069	8.137762	-0.000390	0.003987	0.006181	0.265772	0.754955	0.599507	-0.937395	0.347565	-0.022123	-0.225070	-0.556095	0.800064
25599	6.129113	-0.171430	8.177048	-0.000198	-0.000061	0.005706	0.265709	0.754972	0.599512	-0.937408	0.347527	-0.022177	-0.225090	-0.556095	0.800058
25600	6.134021	-0.224776	8.189451	-0.001851	-0.002110	0.005197	0.265622	0.754974	0.599550	-0.937413	0.347507	-0.022285	-0.225172	-0.556106	0.800027
25601	6.176975	-0.246525	8.177492	-0.000950	-0.012443	0.003409	0.265553	0.754914	0.599655	-0.937418	0.347490	-0.022331	-0.225232	-0.556197	0.799947
25602	6.143378	-0.203877	8.179448	0.007515	-0.002135	0.000248	0.265533	0.754885	0.599701	-0.937429	0.347461	-0.022302	-0.225208	-0.556255	0.799914
25603	6.168300	-0.236975	8.123757	0.002032	-0.010155	0.004790	0.265457	0.754843	0.599787	-0.937445	0.347417	-0.022333	-0.225234	-0.556339	0.799848
25604	6.187031	-0.224878	8.166971	0.006214	-0.009381	0.001698	0.265529	0.754769	0.599849	-0.937431	0.347462	-0.022237	-0.225208	-0.556412	0.799804
25605	6.195955	-0.203554	8.157293	0.001872	-0.009006	0.002356	0.265477	0.754725	0.599926	-0.937439	0.347437	-0.022254	-0.225232	-0.556486	0.799746
25606	6.204639	-0.182229	8.147793	0.006347	-0.003521	0.001810	0.265533	0.754703	0.599930	-0.937424	0.347480	-0.022213	-0.225228	-0.556491	0.799744
25607	6.178921	-0.215155	8.112800	0.001355	-0.006769	0.003194	0.265480	0.754674	0.599989	-0.937434	0.347452	-0.022240	-0.225252	-0.556546	0.799699
25608	6.175357	-0.177400	8.130991	0.003009	-0.004719	0.003702	0.265483	0.754626	0.600049	-0.937437	0.347448	-0.022196	-0.225235	-0.556615	0.799656
25609	6.177220	-0.207869	8.192835	-0.000521	-0.001870	0.006069	0.265414	0.754635	0.600068	-0.937450	0.347409	-0.022255	-0.225263	-0.556627	0.799639
25610	6.175656	-0.177727	8.130757	0.003985	0.000714	0.002613	0.265358	0.754617	0.600115	-0.937471	0.347352	-0.022249	-0.225241	-0.556687	0.799604
25611	6.109051	-0.219537	8.169440	0.001712	-0.007857	-0.000078	0.265333	0.754571	0.600184	-0.937472	0.347347	-0.022253	-0.225264	-0.556752	0.799552
25612	6.156112	-0.278416	8.138864	0.007542	-0.009141	0.002569	0.265318	0.754517	0.600258	-0.937476	0.347339	-0.022230	-0.225266	-0.556830	0.799497
25613	6.170995	-0.228226	8.200509	0.005078	-0.013664	0.000353	0.265276	0.754441	0.600373	-0.937487	0.347312	-0.022210	-0.225273	-0.556950	0.799411
25614	6.175228	-0.250448	8.150183	0.006732	-0.011614	0.000860	0.265245	0.754354	0.600496	-0.937499	0.347282	-0.022160	-0.225258	-0.557087	0.799320
25615	6.196535	-0.245648	8.112680	0.003233	-0.011664	0.000319	0.265207	0.754288	0.600596	-0.937505	0.347266	-0.022154	-0.225276	-0.557186	0.799246
25616	6.231752	-0.191077	8.137536	0.005729	-0.010040	-0.000374	0.265244	0.754222	0.600662	-0.937488	0.347315	-0.022124	-0.225305	-0.557245	0.799197
25617	6.214534	-0.202499	8.093174	0.005567	-0.008893	-0.002808	0.265242	0.754161	0.600739	-0.937491	0.347309	-0.022080	-0.225294	-0.557331	0.799140
25618	6.194699	-0.206438	8.129594	0.005020	-0.003757	0.000937	0.265200	0.754168	0.600749	-0.937484	0.347322	-0.022170	-0.225373	-0.557313	0.799130
25619	6.225113	-0.210920	8.145530	0.000517	-0.002236	-0.000837	0.265194	0.754151	0.600773	-0.937481	0.347330	-0.022180	-0.225393	-0.557331	0.799112
25620	6.194864	-0.205941	8.129481	0.006807	0.004149	0.001555	0.265189	0.754165	0.600758	-0.937490	0.347307	-0.022164	-0.225363	-0.557327	0.799123
25621	6.206754	-0.222271	8.102045	0.005640	0.002764	0.003119	0.265157	0.754189	0.600741	-0.937508	0.347256	-0.022156	-0.225321	-0.557325	0.799136
25622	6.173129	-0.194548	8.135698	0.005479	0.003911	0.000684	0.265185	0.754192	0.600725	-0.937509	0.347258	-0.022118	-0.225288	-0.557320	0.799150
25623	6.215303	-0.215589	8.124296	0.004828	0.000290	0.001411	0.265164	0.754197	0.600729	-0.937521	0.347225	-0.022106	-0.225260	-0.557334	0.799147
25624	6.182688	-0.203091	8.188829	0.005802	0.001618	0.005554	0.265195	0.754180	0.600737	-0.937528	0.347211	-0.022026	-0.225194	-0.557367	0.799143
25625	6.174305	-0.223760	8.198140	0.008492	0.003299	-0.000846	0.265202	0.754193	0.600717	-0.937543	0.347174	-0.021971	-0.225124	-0.557371	0.799160
25626	6.202670	-0.197787	8.152330	0.003986	0.000716	0.002612	0.265168	0.754206	0.600715	-0.937546	0.347163	-0.022017	-0.225151	-0.557360	0.799160
25627	6.193509	-0.203645	8.130571	0.004798	0.003191	0.004319	0.265126	0.754237	0.600695	-0.937566	0.347109	-0.022022	-0.225117	-0.557352	0.799175
25628	6.180332	-0.171764	8.127331	0.003144	0.001142	0.003812	0.265177	0.754227	0.600685	-0.937559	0.347131	-0.021968	-0.225085	-0.557353	0.799184
25629	6.231578	-0.187052	8.137763	0.005315	0.000955	0.003483	0.265139	0.754242	0.600683	-0.937579	0.347079	-0.021964	-0.225051	-0.557364	0.799186
25630	6.162225	-0.183654	8.083645	0.000648	-0.000482	0.004506	0.265201	0.754229	0.600672	-0.937559	0.347133	-0.021936	-0.225058	-0.557348	0.799194
25631	6.202083	-0.197636	8.152780	0.001299	0.003140	0.003778	0.265165	0.754258	0.600652	-0.937570	0.347102	-0.021966	-0.225055	-0.557329	0.799209
25632	6.150694	-0.182399	8.142456	0.001652	-0.002053	0.005741	0.265068	0.754228	0.600732	-0.937597	0.347028	-0.021993	-0.225059	-0.557415	0.799148
25633	6.184912	-0.225059	8.140028	0.004635	0.000235	0.007118	0.264993	0.754252	0.600735	-0.937624	0.346954	-0.022017	-0.225033	-0.557429	0.799145
25634	6.213536	-0.199760	8.094009	-0.001006	-0.002530	0.003999	0.265001	0.754243	0.600743	-0.937606	0.347000	-0.022065	-0.225100	-0.557413	0.799137
25635	6.151872	-0.198176	8.173201	0.001813	-0.003199	0.008176	0.264910	0.754251	0.600773	-0.937629	0.346933	-0.022117	-0.225110	-0.557443	0.799114
25636	6.205661	-0.221433	8.102906	0.000487	0.000665	0.002071	0.264846	0.754202	0.600863	-0.937651	0.346875	-0.022102	-0.225093	-0.557546	0.799047
25637	6.231782	-0.188293	8.137578	0.003987	0.000716	0.002612	0.264815	0.754213	0.600862	-0.937665	0.346837	-0.022104	-0.225072	-0.557554	0.799047
25638	6.214441	-0.215281	8.124963	0.003471	0.002953	0.003448	0.264766	0.754188	0.600916	-0.937691	0.346770	-0.022068	-0.225023	-0.557631	0.799007
25639	6.181645	-0.202952	8.189619	0.002629	0.003379	0.004649	0.264722	0.754220	0.600894	-0.937707	0.346725	-0.022093	-0.225008	-0.557614	0.799023
25640	6.178783	-0.157222	8.096844	0.011803	0.007396	0.000167	0.264750	0.754232	0.600867	-0.937727	0.346676	-0.021987	-0.224890	-0.557628	0.799047
25641	6.216624	-0.237647	8.076197	-0.006546	-0.000637	0.009130	0.264655	0.754258	0.600876	-0.937734	0.346649	-0.022112	-0.224971	-0.557610	0.799036
25642	6.150229	-0.198064	8.174441	0.008439	0.013202	-0.000266	0.264752	0.754313	0.600765	-0.937727	0.346674	-0.022031	-0.224887	-0.557521	0.799122
25643	6.165905	-0.252560	8.128663	-0.002691	-0.001677	0.006400	0.264681	0.754323	0.600783	-0.937736	0.346645	-0.022108	-0.224935	-0.557524	0.799106
25644	6.149643	-0.198094	8.174881	0.006810	0.004150	0.001555	0.264722	0.754352	0.600729	-0.937728	0.346667	-0.022092	-0.224918	-0.557472	0.799147
25645	6.143785	-0.226591	8.103499	0.002006	-0.003143	0.002470	0.264684	0.754341	0.600760	-0.937737	0.346642	-0.022109	-0.224926	-0.557503	0.799124
25646	6.103191	-0.234779	8.177004	0.013513	-0.000460	0.000094	0.264757	0.754305	0.600773	-0.937745	0.346631	-0.021955	-0.224807	-0.557559	0.799118
25647	6.204709	-0.234411	8.135350	0.010909	-0.010843	-0.002226	0.264746	0.754234	0.600866	-0.937761	0.346591	-0.021872	-0.224752	-0.557678	0.799050
25648	6.150892	-0.194938	8.174017	0.016230	-0.005785	-0.003978	0.264850	0.754172	0.600899	-0.937760	0.346605	-0.021691	-0.224633	-0.557755	0.799031
25649	6.197146	-0.238081	8.112439	0.004913	-0.012516	-0.002072	0.264833	0.754093	0.601006	-0.937764	0.346598	-0.021656	-0.224638	-0.557866	0.798951
25650	6.220292	-0.165858	8.164830	0.020763	-0.010205	-0.005109	0.264785	0.754008	0.601133	-0.937800	0.346506	-0.021548	-0.224544	-0.558037	0.798858
25651	6.202102	-0.161308	8.089569	0.011047	-0.004982	-0.002119	0.264786	0.753971	0.601179	-0.937817	0.346465	-0.021465	-0.224472	-0.558113	0.798826
25652	6.203328	-0.175600	8.120324	0.004046	-0.005087	-0.003201	0.264770	0.753923	0.601246	-0.937812	0.346478	-0.021477	-0.224510	-0.558170	0.798775
25653	6.219915	-0.132807	8.101821	0.009173	-0.000081	0.000751	0.264756	0.753923	0.601253	-0.937832	0.346426	-0.021426	-0.224443	-0.558202	0.798771
25654	6.208762	-0.130767	8.160372	0.003011	-0.004711	0.003706	0.264732	0.753887	0.601308	-0.937833	0.346423	-0.021437	-0.224468	-0.558251	0.798730
25655	6.203053	-0.159552	8.088875	0.003146	0.001146	0.003811	0.264691	0.753905	0.601304	-0.937848	0.346382	-0.021452	-0.224454	-0.558254	0.798732
25656	6.204816	-0.189757	8.150888	0.000840	-0.004524	0.004036	0.264691	0.753890	0.601322	-0.937832	0.346423	-0.021502	-0.224522	-0.558247	0.798717
25657	6.207985	-0.212610	8.101362	0.005289	0.003862	0.006387	0.264632	0.753932	0.601296	-0.937858	0.346351	-0.021516	-0.224481	-0.558237	0.798737
25658	6.207935	-0.212563	8.101401	0.003337	-0.002901	0.003341	0.264660	0.753888	0.601339	-0.937855	0.346363	-0.021462	-0.224462	-0.558288	0.798706
25659	6.186855	-0.201723	8.107097	0.003988	0.000719	0.002611	0.264630	0.753898	0.601339	-0.937869	0.346326	-0.021463	-0.224441	-0.558297	0.798706
25660	6.238147	-0.217131	8.117492	0.003308	0.000003	0.006247	0.264613	0.753913	0.601327	-0.937869	0.346324	-0.021495	-0.224459	-0.558278	0.798714
25661	6.195748	-0.195794	8.129057	0.002305	0.001573	0.005011	0.264562	0.753937	0.601320	-0.937885	0.346278	-0.021524	-0.224452	-0.558274	0.798718
25662	6.174479	-0.185142	8.134893	0.001817	0.000907	0.002941	0.264485	0.753942	0.601348	-0.937897	0.346241	-0.021596	-0.224493	-0.558291	0.798695
25663	6.195623	-0.195904	8.129150	0.002821	-0.000664	0.004176	0.264437	0.753950	0.601359	-0.937912	0.346199	-0.021616	-0.224487	-0.558306	0.798687
25664	6.195438	-0.195833	8.129293	0.005129	0.005006	0.003951	0.264381	0.753972	0.601356	-0.937930	0.346148	-0.021642	-0.224476	-0.558308	0.798688
25665	6.203287	-0.174702	8.120375	0.002631	0.003384	0.004646	0.264338	0.754005	0.601334	-0.937946	0.346103	-0.021667	-0.224461	-0.558291	0.798704
25666	6.185683	-0.201794	8.107990	0.002796	0.006337	0.001844	0.264358	0.754024	0.601301	-0.937945	0.346107	-0.021652	-0.224441	-0.558263	0.798729
25667	6.182306	-0.178984	8.157666	0.001491	-0.000903	0.003306	0.264318	0.754028	0.601314	-0.937955	0.346079	-0.021678	-0.224448	-0.558275	0.798719
25668	6.164291	-0.191103	8.113915	0.001817	0.000907	0.002941	0.264357	0.754020	0.601306	-0.937938	0.346126	-0.021678	-0.224473	-0.558257	0.798725
25669	6.135729	-0.216555	8.159918	0.001491	-0.000903	0.003306	0.264317	0.754024	0.601318	-0.937947	0.346098	-0.021703	-0.224480	-0.558269	0.798715
25670	6.178275	-0.237964	8.148248	0.005181	-0.004897	0.003378	0.264360	0.753984	0.601350	-0.937936	0.346131	-0.021659	-0.224477	-0.558302	0.798692
25671	6.144636	-0.195245	8.150204	0.003526	-0.006947	0.002873	0.264310	0.753953	0.601411	-0.937949	0.346096	-0.021666	-0.224481	-0.558366	0.798646
25672	6.216789	-0.206348	8.123399	0.001680	-0.004950	0.002837	0.264428	0.753930	0.601389	-0.937904	0.346219	-0.021645	-0.224531	-0.558321	0.798663
25673	6.204118	-0.174562	8.119743	0.003825	-0.002233	0.005412	0.264365	0.753933	0.601411	-0.937924	0.346163	-0.021664	-0.224520	-0.558351	0.798646
25674	6.234490	-0.179503	8.135702	-0.003666	-0.003005	0.002261	0.264365	0.753898	0.601456	-0.937907	0.346207	-0.021705	-0.224592	-0.558371	0.798611
25675	6.174849	-0.185306	8.134609	0.005618	0.005674	0.006020	0.264314	0.753948	0.601415	-0.937933	0.346136	-0.021714	-0.224543	-0.558348	0.798642
25676	6.204145	-0.175119	8.119710	-0.001333	-0.004335	0.004368	0.264322	0.753894	0.601479	-0.937921	0.346169	-0.021715	-0.224584	-0.558400	0.798593
25677	6.187016	-0.202675	8.106951	-0.002037	0.001950	0.005671	0.264267	0.753922	0.601469	-0.937929	0.346143	-0.021783	-0.224617	-0.558378	0.798599
25678	6.187647	-0.218112	8.138138	0.001465	0.002002	0.006211	0.264320	0.753963	0.601394	-0.937902	0.346214	-0.021827	-0.224668	-0.558279	0.798654
25679	6.187508	-0.218234	8.138240	0.003148	0.001147	0.003811	0.264280	0.753980	0.601390	-0.937916	0.346174	-0.021842	-0.224654	-0.558281	0.798657
25680	6.196442	-0.212324	8.160169	0.002468	0.000433	0.007447	0.264166	0.753982	0.601438	-0.937944	0.346094	-0.021906	-0.224671	-0.558328	0.798619
25681	6.187431	-0.218624	8.138288	-0.000680	-0.000715	0.003636	0.264124	0.753988	0.601449	-0.937949	0.346076	-0.021951	-0.224698	-0.558331	0.798610
25682	6.195598	-0.197752	8.129125	0.002306	0.001575	0.005011	0.264050	0.753994	0.601474	-0.937965	0.346030	-0.022004	-0.224719	-0.558352	0.798589
25683	6.215624	-0.193464	8.092558	0.002798	0.006337	0.001843	0.264040	0.754033	0.601429	-0.937974	0.346007	-0.022010	-0.224695	-0.558313	0.798623
25684	6.194915	-0.197931	8.129641	-0.000706	0.002191	0.006541	0.263952	0.754049	0.601448	-0.937988	0.345962	-0.022095	-0.224739	-0.558319	0.798607
25685	6.202820	-0.177102	8.120680	0.002960	0.005195	0.004280	0.263916	0.754091	0.601411	-0.938004	0.345919	-0.022114	-0.224716	-0.558290	0.798633
25686	6.195104	-0.213389	8.161158	0.000135	0.001764	0.005341	0.263900	0.754087	0.601423	-0.938008	0.345908	-0.022122	-0.224718	-0.558301	0.798625
25687	6.189732	-0.257349	8.121070	0.005132	0.005007	0.003950	0.263867	0.754126	0.601388	-0.938027	0.345855	-0.022122	-0.224676	-0.558281	0.798651
25688	6.206678	-0.230098	8.133971	0.005808	0.001628	0.005552	0.263837	0.754132	0.601394	-0.938040	0.345819	-0.022121	-0.224656	-0.558295	0.798646
25689	6.234975	-0.204386	8.088193	0.006654	0.005293	-0.000886	0.263851	0.754156	0.601358	-0.938050	0.345795	-0.022080	-0.224598	-0.558278	0.798674
25690	6.176627	-0.239618	8.149448	0.004644	0.004340	0.001880	0.263868	0.754160	0.601346	-0.938049	0.345800	-0.022063	-0.224584	-0.558270	0.798684
25691	6.184111	-0.218011	8.140828	0.011111	0.013682	0.001462	0.263879	0.754238	0.601242	-0.938075	0.345734	-0.022000	-0.224463	-0.558205	0.798764
25692	6.179310	-0.179461	8.159925	0.007470	0.007772	0.000818	0.263875	0.754239	0.601244	-0.938095	0.345684	-0.021935	-0.224384	-0.558236	0.798765
25693	6.152521	-0.212069	8.125809	0.007143	0.005963	0.001184	0.263871	0.754273	0.601202	-0.938111	0.345641	-0.021902	-0.224321	-0.558215	0.798797
25694	6.191197	-0.210272	8.164203	0.005813	0.005723	0.000314	0.263944	0.754282	0.601159	-0.938100	0.345675	-0.021842	-0.224281	-0.558182	0.798831
25695	6.180909	-0.200947	8.111650	0.005460	0.006820	0.003584	0.263919	0.754330	0.601110	-0.938119	0.345624	-0.021837	-0.224230	-0.558150	0.798868
25696	6.210509	-0.205475	8.128224	0.004130	0.006580	0.002713	0.263979	0.754351	0.601057	-0.938105	0.345663	-0.021813	-0.224217	-0.558097	0.798908
25697	6.210068	-0.205162	8.128568	0.006816	0.004154	0.001551	0.263968	0.754377	0.601030	-0.938122	0.345619	-0.021785	-0.224161	-0.558089	0.798929
25698	6.226818	-0.177701	8.141615	0.002640	0.007481	-0.000594	0.263944	0.754399	0.601012	-0.938124	0.345611	-0.021824	-0.224180	-0.558064	0.798942
25699	6.195433	-0.157916	8.094745	0.003121	0.004058	0.006716	0.263884	0.754442	0.600985	-0.938146	0.345549	-0.021856	-0.224159	-0.558044	0.798962
25700	6.216769	-0.183862	8.120542	0.003262	0.009917	0.006816	0.263910	0.754481	0.600925	-0.938149	0.345543	-0.021830	-0.224115	-0.557996	0.799008
25701	6.198000	-0.196188	8.077381	-0.000727	0.009196	0.004204	0.263885	0.754544	0.600857	-0.938156	0.345521	-0.021878	-0.224117	-0.557924	0.799057
25702	6.135400	-0.194403	8.157180	-0.001737	0.006674	0.008206	0.263834	0.754560	0.600858	-0.938169	0.345483	-0.021912	-0.224120	-0.557925	0.799056
25703	6.129812	-0.238819	8.117285	-0.000053	0.005817	0.005807	0.263787	0.754610	0.600816	-0.938182	0.345445	-0.021965	-0.224124	-0.557881	0.799085
25704	6.144518	-0.204424	8.210582	-0.004352	-0.003716	0.005896	0.263783	0.754560	0.600881	-0.938171	0.345475	-0.021982	-0.224176	-0.557931	0.799036
25705	6.189546	-0.233886	8.118361	0.007189	-0.003945	0.000618	0.263762	0.754537	0.600919	-0.938186	0.345436	-0.021945	-0.224138	-0.557985	0.799009
25706	6.177725	-0.216890	8.145704	0.000834	-0.004521	0.004040	0.263681	0.754531	0.600962	-0.938184	0.345432	-0.022062	-0.224238	-0.557996	0.798973
25707	6.177370	-0.201911	8.114322	0.002517	-0.005378	0.001641	0.263647	0.754504	0.601011	-0.938191	0.345412	-0.022069	-0.224248	-0.558045	0.798936
25708	6.216891	-0.200615	8.152066	0.002164	-0.004280	0.004911	0.263632	0.754461	0.601071	-0.938191	0.345413	-0.022066	-0.224265	-0.558102	0.798891
25709	6.195431	-0.174933	8.126365	0.001348	-0.006759	0.003207	0.263581	0.754432	0.601131	-0.938200	0.345387	-0.022091	-0.224290	-0.558158	0.798845
25710	6.207952	-0.191960	8.098480	-0.001010	-0.002522	0.004003	0.263480	0.754406	0.601207	-0.938213	0.345346	-0.022174	-0.224352	-0.558218	0.798786
25711	6.208875	-0.207351	8.129424	-0.000521	-0.001852	0.006073	0.263413	0.754414	0.601227	-0.938225	0.345310	-0.022231	-0.224381	-0.558231	0.798769
25712	6.199921	-0.213732	8.107505	0.002467	0.000439	0.007448	0.263338	0.754409	0.601266	-0.938242	0.345262	-0.022277	-0.224400	-0.558266	0.798739
25713	6.199730	-0.213885	8.107647	-0.000185	0.004049	0.000467	0.263336	0.754430	0.601240	-0.938240	0.345266	-0.022298	-0.224410	-0.558235	0.798758
25714	6.221421	-0.240031	8.133156	-0.001877	0.000816	0.008106	0.263373	0.754433	0.601220	-0.938219	0.345322	-0.022324	-0.224457	-0.558196	0.798772
25715	6.169206	-0.209758	8.091765	0.004807	0.003201	0.004317	0.263333	0.754463	0.601200	-0.938238	0.345270	-0.022329	-0.224422	-0.558189	0.798787
25716	6.208089	-0.208491	8.129995	-0.000025	0.002909	0.002903	0.263323	0.754487	0.601174	-0.938223	0.345304	-0.022408	-0.224495	-0.558135	0.798804
25717	6.177641	-0.203806	8.114068	0.002475	0.004530	0.002209	0.263306	0.754517	0.601144	-0.938232	0.345280	-0.022419	-0.224479	-0.558110	0.798826
25718	6.186151	-0.197694	8.136317	0.004622	0.007250	0.004783	0.263331	0.754563	0.601075	-0.938222	0.345305	-0.022446	-0.224491	-0.558031	0.798878
25719	6.177476	-0.218673	8.145846	0.003477	0.002961	0.003446	0.263300	0.754589	0.601057	-0.938236	0.345267	-0.022456	-0.224470	-0.558020	0.798891
25720	6.198322	-0.229504	8.140357	0.003123	0.004060	0.006716	0.263263	0.754604	0.601054	-0.938248	0.345233	-0.022474	-0.224462	-0.558021	0.798892
25721	6.176922	-0.218746	8.146264	0.001659	0.002051	0.000505	0.263257	0.754614	0.601044	-0.938250	0.345227	-0.022481	-0.224461	-0.558011	0.798900
25722	6.176762	-0.218543	8.146391	0.003830	0.001862	0.000176	0.263269	0.754592	0.601066	-0.938250	0.345230	-0.022453	-0.224448	-0.558039	0.798884
25723	6.188848	-0.235210	8.118854	0.004150	-0.000418	0.005050	0.263215	0.754604	0.601075	-0.938269	0.345175	-0.022467	-0.224430	-0.558056	0.798877
25724	6.197090	-0.213969	8.109663	0.006162	0.000533	0.002285	0.263288	0.754601	0.601046	-0.938250	0.345229	-0.022428	-0.224423	-0.558027	0.798900
