// General information: 
//  MT Manager version: 2022.2.0 
//  XDA version: 2022.2.0 build 7381 rev 124627 built on 2023-07-19
// Device information: 
//  DeviceId: 00B4CAF0
//  ProductCode: MTW2-3A7G6
//  Firmware Version: 4.6.0
//  Hardware Version: 2.0.0
// Device settings: 
//  Filter Profile: human(46.1)
//  Option Flags: Orientation Smoother Disabled, Position/Velocity Smoother Disabled, Continuous Zero Rotation Update Disabled, AHS Disabled, ICC Disabled
// Coordinate system: ENU
PacketCounter	Acc_X	Acc_Y	Acc_Z	Gyr_X	Gyr_Y	Gyr_Z	Mat[1][1]	Mat[2][1]	Mat[3][1]	Mat[1][2]	Mat[2][2]	Mat[3][2]	Mat[1][3]	Mat[2][3]	Mat[3][3]
27761	4.670329	0.273374	9.152968	0.003042	0.003054	0.003059	-0.866378	0.214248	0.451096	-0.224418	-0.973981	0.031573	0.446124	-0.073880	0.891917
27762	4.645805	0.298283	9.152494	0.006101	0.004566	0.003075	-0.866396	0.214226	0.451071	-0.224368	-0.973991	0.031620	0.446113	-0.073810	0.891928
27763	4.668888	0.274488	9.202118	0.003054	0.003046	0.001533	-0.866417	0.214315	0.450989	-0.224438	-0.973974	0.031663	0.446037	-0.073785	0.891968
27764	4.644669	0.299138	9.177267	0.004594	0.006091	0.001529	-0.866439	0.214310	0.450948	-0.224409	-0.973979	0.031704	0.446009	-0.073727	0.891987
27765	4.644547	0.274846	9.153247	0.004578	-0.000021	0.000036	-0.866449	0.214338	0.450917	-0.224424	-0.973975	0.031731	0.445983	-0.073703	0.892002
27766	4.643739	0.300172	9.201930	0.006096	0.006101	0.004593	-0.866478	0.214304	0.450877	-0.224362	-0.973988	0.031771	0.445957	-0.073631	0.892021
27767	4.643497	0.251093	9.153909	0.003068	0.006098	0.001517	-0.866471	0.214305	0.450890	-0.224359	-0.973988	0.031780	0.445972	-0.073625	0.892014
27768	4.594177	0.276570	9.177444	0.006098	0.001506	0.001566	-0.866473	0.214296	0.450890	-0.224323	-0.973995	0.031834	0.445987	-0.073562	0.892011
27769	4.642935	0.276572	9.178236	0.006079	-0.000011	0.003100	-0.866510	0.214163	0.450883	-0.224198	-0.974025	0.031783	0.445978	-0.073546	0.892017
27770	4.642943	0.276777	9.178225	0.001502	0.000010	0.003064	-0.866508	0.214138	0.450897	-0.224169	-0.974032	0.031789	0.445995	-0.073532	0.892010
27771	4.643722	0.276262	9.129400	0.003016	0.000011	0.004602	-0.866434	0.214278	0.450973	-0.224285	-0.974002	0.031885	0.446081	-0.073520	0.891968
27772	4.619464	0.276619	9.128933	0.004527	-0.003048	0.004631	-0.866422	0.214237	0.451016	-0.224229	-0.974014	0.031911	0.446132	-0.073482	0.891945
27773	4.643632	0.301374	9.177719	0.001463	-0.003025	0.006132	-0.866482	0.214150	0.450943	-0.224160	-0.974032	0.031841	0.446052	-0.073493	0.891985
27774	4.619755	0.301219	9.152852	-0.000012	0.000009	0.001526	-0.866477	0.214141	0.450956	-0.224151	-0.974034	0.031841	0.446065	-0.073493	0.891978
27775	4.643696	0.276986	9.177838	0.006053	-0.003055	0.004643	-0.866435	0.214218	0.450999	-0.224202	-0.974020	0.031921	0.446120	-0.073457	0.891953
27776	4.643464	0.277359	9.202169	-0.000024	0.000017	0.003052	-0.866434	0.214195	0.451013	-0.224181	-0.974025	0.031914	0.446134	-0.073457	0.891947
27777	4.667883	0.277087	9.202550	0.003016	0.000011	0.004602	-0.866472	0.214147	0.450962	-0.224138	-0.974036	0.031881	0.446080	-0.073454	0.891974
27778	4.644081	0.252418	9.153576	0.003008	-0.001515	0.004610	-0.866468	0.214108	0.450990	-0.224090	-0.974046	0.031894	0.446114	-0.073427	0.891959
27779	4.619396	0.302093	9.201456	0.003023	0.001537	0.004593	-0.866420	0.214201	0.451036	-0.224169	-0.974026	0.031956	0.446166	-0.073421	0.891933
27780	4.643505	0.277653	9.202139	0.004566	-0.000013	0.001562	-0.866415	0.214193	0.451050	-0.224141	-0.974031	0.031997	0.446190	-0.073376	0.891925
27781	4.668615	0.277136	9.153730	0.003047	0.001520	0.001541	-0.866385	0.214255	0.451078	-0.224194	-0.974018	0.032035	0.446222	-0.073374	0.891909
27782	4.619420	0.278129	9.177358	0.004546	-0.001531	0.003096	-0.866377	0.214232	0.451106	-0.224153	-0.974026	0.032069	0.446259	-0.073333	0.891894
27783	4.644220	0.277746	9.153325	0.001509	0.001536	0.003055	-0.866386	0.214083	0.451158	-0.224036	-0.974056	0.031979	0.446300	-0.073370	0.891871
27784	4.643323	0.278445	9.202207	0.004561	0.001521	0.003079	-0.866391	0.214061	0.451159	-0.223994	-0.974065	0.032013	0.446311	-0.073322	0.891869
27785	4.643958	0.302849	9.177505	0.004546	-0.001531	0.003097	-0.866392	0.214021	0.451176	-0.223955	-0.974074	0.032005	0.446329	-0.073314	0.891861
27786	4.643934	0.278641	9.177668	0.003013	-0.003049	0.003093	-0.866377	0.213996	0.451218	-0.223920	-0.974081	0.032025	0.446376	-0.073291	0.891839
27787	4.619569	0.254498	9.177417	0.001475	-0.003033	0.004607	-0.866415	0.213785	0.451244	-0.223751	-0.974124	0.031894	0.446387	-0.073333	0.891830
27788	4.668785	0.278419	9.177828	0.003016	0.000012	0.004601	-0.866417	0.213746	0.451259	-0.223702	-0.974135	0.031907	0.446407	-0.073303	0.891823
27789	4.644629	0.303312	9.177151	0.004578	-0.000023	0.000036	-0.866351	0.213803	0.451358	-0.223747	-0.974123	0.031964	0.446512	-0.073298	0.891771
27790	4.620119	0.279384	9.176968	0.003001	-0.003040	0.004619	-0.866339	0.213762	0.451400	-0.223698	-0.974134	0.031976	0.446559	-0.073276	0.891749
27791	4.669470	0.278532	9.153251	-0.000036	0.000027	0.004577	-0.866318	0.214070	0.451294	-0.223964	-0.974068	0.032117	0.446467	-0.073250	0.891797
27792	4.644692	0.279057	9.177272	0.004542	0.000004	0.004613	-0.866320	0.214033	0.451309	-0.223910	-0.974080	0.032145	0.446491	-0.073205	0.891789
27793	4.693202	0.254217	9.178351	0.001498	0.001545	0.004581	-0.866188	0.214080	0.451539	-0.223964	-0.974066	0.032186	0.446719	-0.073250	0.891671
27794	4.620092	0.279503	9.176978	0.004573	0.001512	0.001553	-0.866189	0.214075	0.451541	-0.223937	-0.974071	0.032227	0.446731	-0.073202	0.891668
27795	4.620271	0.279526	9.152661	0.004569	0.003047	0.003070	-0.866140	0.214290	0.451532	-0.224109	-0.974026	0.032368	0.446741	-0.073158	0.891667
27796	4.644340	0.279485	9.153212	0.003051	0.004580	0.003049	-0.866157	0.214274	0.451507	-0.224076	-0.974033	0.032390	0.446723	-0.073117	0.891679
27797	4.619477	0.255667	9.153206	0.007605	-0.000021	0.003112	-0.866138	0.214219	0.451570	-0.224013	-0.974047	0.032405	0.446792	-0.073091	0.891647
27798	4.619286	0.280647	9.177348	0.001510	0.001536	0.003055	-0.866142	0.214200	0.451572	-0.223987	-0.974053	0.032413	0.446798	-0.073072	0.891646
27799	4.643449	0.256121	9.178017	0.004546	-0.001531	0.003097	-0.866079	0.214285	0.451652	-0.224056	-0.974035	0.032482	0.446885	-0.073063	0.891603
27800	4.643584	0.305480	9.201833	0.003048	0.001519	0.001541	-0.866079	0.214281	0.451654	-0.224037	-0.974038	0.032512	0.446895	-0.073030	0.891601
27801	4.643462	0.256533	9.177999	0.003020	-0.001523	0.003085	-0.866098	0.214163	0.451673	-0.223940	-0.974063	0.032443	0.446906	-0.073048	0.891593
27802	4.668204	0.280863	9.178049	0.003040	-0.000006	0.001550	-0.866091	0.214157	0.451689	-0.223920	-0.974066	0.032472	0.446929	-0.073018	0.891585
27803	4.668666	0.280768	9.153593	0.004534	-0.001522	0.004623	-0.866057	0.214260	0.451706	-0.224001	-0.974045	0.032547	0.446956	-0.072995	0.891573
27804	4.619859	0.281407	9.152811	0.003024	0.001538	0.004592	-0.866063	0.214227	0.451709	-0.223956	-0.974055	0.032562	0.446965	-0.072962	0.891571
27805	4.668164	0.281333	9.178055	0.003048	0.001519	0.001541	-0.866068	0.214191	0.451718	-0.223927	-0.974063	0.032540	0.446971	-0.072970	0.891567
27806	4.643413	0.281865	9.177833	0.006100	0.006100	0.004589	-0.866095	0.214160	0.451680	-0.223868	-0.974075	0.032582	0.446948	-0.072897	0.891585
27807	4.642743	0.258012	9.178321	0.009159	0.003013	0.001580	-0.866105	0.214114	0.451683	-0.223803	-0.974089	0.032609	0.446961	-0.072845	0.891583
27808	4.618584	0.307612	9.177455	0.004570	0.003047	0.003069	-0.866115	0.214096	0.451672	-0.223764	-0.974096	0.032645	0.446961	-0.072793	0.891587
27809	4.642127	0.258847	9.178609	0.004590	0.004563	0.001534	-0.866095	0.214068	0.451724	-0.223736	-0.974103	0.032647	0.447014	-0.072792	0.891560
27810	4.617707	0.283759	9.178048	0.003036	0.001529	0.003067	-0.866098	0.214049	0.451727	-0.223704	-0.974109	0.032669	0.447024	-0.072759	0.891558
27811	4.666520	0.258800	9.154781	0.006087	0.001513	0.003091	-0.866156	0.214078	0.451601	-0.223710	-0.974107	0.032700	0.446908	-0.072705	0.891620
27812	4.641785	0.284053	9.178589	0.003044	0.003055	0.003057	-0.866167	0.214060	0.451590	-0.223678	-0.974114	0.032722	0.446904	-0.072668	0.891625
27813	4.642043	0.284089	9.154235	0.007605	-0.000021	0.003113	-0.866140	0.214122	0.451612	-0.223711	-0.974104	0.032798	0.446940	-0.072623	0.891611
27814	4.666003	0.284413	9.179059	0.001510	0.001537	0.003054	-0.866143	0.214103	0.451614	-0.223686	-0.974109	0.032806	0.446946	-0.072605	0.891610
27815	4.617760	0.284554	9.129551	0.006108	0.003029	0.001556	-0.866233	0.214089	0.451449	-0.223654	-0.974116	0.032807	0.446787	-0.072550	0.891694
27816	4.666043	0.259964	9.130772	0.004558	0.003057	0.004595	-0.866247	0.214057	0.451437	-0.223603	-0.974127	0.032836	0.446786	-0.072499	0.891699
27817	4.640850	0.285680	9.179011	0.007634	0.003021	0.001568	-0.866234	0.214156	0.451415	-0.223666	-0.974109	0.032928	0.446780	-0.072443	0.891706
27818	4.665840	0.285167	9.130679	0.003036	0.001529	0.003067	-0.866238	0.214138	0.451417	-0.223635	-0.974116	0.032950	0.446788	-0.072410	0.891705
27819	4.640569	0.261541	9.155101	0.004570	0.003047	0.003069	-0.866227	0.214126	0.451443	-0.223621	-0.974119	0.032957	0.446816	-0.072403	0.891691
27820	4.664979	0.285927	9.155313	0.004558	0.003057	0.004595	-0.866241	0.214094	0.451431	-0.223569	-0.974130	0.032986	0.446815	-0.072352	0.891696
27821	4.615893	0.286836	9.154643	0.007622	0.003030	0.003094	-0.866257	0.214117	0.451389	-0.223568	-0.974128	0.033033	0.446784	-0.072301	0.891716
27822	4.664839	0.286431	9.131151	0.006083	0.003049	0.004607	-0.866271	0.214086	0.451377	-0.223510	-0.974140	0.033075	0.446786	-0.072235	0.891720
27823	4.663966	0.286924	9.155798	0.001544	0.007641	0.003014	-0.866284	0.214203	0.451297	-0.223613	-0.974115	0.033118	0.446709	-0.072226	0.891759
27824	4.663215	0.262579	9.156358	0.004545	0.003067	0.006121	-0.866302	0.214158	0.451285	-0.223549	-0.974129	0.033141	0.446707	-0.072175	0.891764
27825	4.639332	0.286850	9.107089	0.006118	0.009152	0.004568	-0.866362	0.214297	0.451103	-0.223646	-0.974104	0.033228	0.446542	-0.072100	0.891853
27826	4.637296	0.238502	9.156900	-0.004593	0.006169	0.006025	-0.866393	0.214255	0.451063	-0.223624	-0.974111	0.033170	0.446492	-0.072131	0.891876
27827	4.637507	0.336075	9.156075	0.007682	0.013711	0.003025	-0.866513	0.214168	0.450874	-0.223520	-0.974136	0.033147	0.446312	-0.072057	0.891972
27828	4.634811	0.238554	9.182368	-0.007610	0.012290	0.005959	-0.866572	0.214131	0.450779	-0.223512	-0.974140	0.033062	0.446202	-0.072104	0.892023
27829	4.634669	0.286633	9.157891	0.004596	0.012222	0.006062	-0.866522	0.214281	0.450803	-0.223635	-0.974109	0.033161	0.446237	-0.072081	0.892007
27830	4.633635	0.286355	9.158423	-0.004567	0.010748	0.005994	-0.866573	0.214244	0.450722	-0.223614	-0.974116	0.033103	0.446147	-0.072101	0.892050
27831	4.632249	0.261317	9.159320	-0.001524	0.013802	0.009052	-0.866654	0.214144	0.450615	-0.223542	-0.974135	0.033003	0.446027	-0.072129	0.892108
27832	4.630442	0.236812	9.184617	0.000010	0.010722	0.006033	-0.866705	0.214105	0.450535	-0.223500	-0.974146	0.032986	0.445949	-0.072105	0.892149
27833	4.629977	0.285494	9.184506	0.003071	0.012230	0.006050	-0.866793	0.214225	0.450308	-0.223591	-0.974123	0.033032	0.445731	-0.072053	0.892262
27834	4.677540	0.260658	9.186162	0.006105	0.009161	0.006096	-0.866838	0.214185	0.450240	-0.223522	-0.974138	0.033069	0.445679	-0.071973	0.892295
27835	4.653531	0.333984	9.160813	0.003062	0.010704	0.006060	-0.866909	0.214124	0.450133	-0.223464	-0.974152	0.033026	0.445570	-0.071958	0.892351
27836	4.651989	0.285126	9.161945	0.003049	0.010714	0.007586	-0.866964	0.214071	0.450052	-0.223396	-0.974168	0.033030	0.445497	-0.071904	0.892391
27837	4.724561	0.332697	9.187446	-0.006205	0.007778	0.016679	-0.866975	0.213952	0.450088	-0.223335	-0.974187	0.032891	0.445507	-0.072004	0.892378
27838	4.549424	0.213470	9.211589	0.023183	0.044094	-0.003139	-0.867154	0.214028	0.449707	-0.223270	-0.974194	0.033123	0.445191	-0.071683	0.892562
27839	4.573381	0.135931	9.091874	-0.070349	-0.005593	0.013133	-0.867180	0.213869	0.449732	-0.223462	-0.974175	0.032383	0.445043	-0.072416	0.892576
27840	4.765417	0.331012	9.337620	0.052102	0.031712	-0.002783	-0.867305	0.213932	0.449461	-0.223265	-0.974203	0.032871	0.444898	-0.071840	0.892695
27841	4.472154	0.138221	9.140230	-0.018328	0.001656	0.002872	-0.867269	0.213953	0.449519	-0.223385	-0.974182	0.032689	0.444908	-0.072066	0.892672
27842	4.643480	0.330990	9.166020	0.000229	0.030487	-0.004776	-0.867384	0.214035	0.449259	-0.223436	-0.974169	0.032722	0.444658	-0.071998	0.892802
27843	4.543018	0.258641	9.190306	-0.015263	0.001627	0.001372	-0.867425	0.213856	0.449265	-0.223370	-0.974193	0.032455	0.444612	-0.072200	0.892809
27844	4.615305	0.232103	9.192354	-0.012118	0.012270	-0.001719	-0.867466	0.213894	0.449168	-0.223449	-0.974178	0.032364	0.444492	-0.072292	0.892861
27845	4.589955	0.207017	9.192547	-0.012154	0.001569	-0.004703	-0.867476	0.213963	0.449116	-0.223580	-0.974152	0.032247	0.444407	-0.072440	0.892891
27846	4.615486	0.328437	9.191660	0.000080	0.006074	-0.004616	-0.867483	0.214025	0.449073	-0.223630	-0.974139	0.032278	0.444368	-0.072426	0.892912
27847	4.635893	0.083182	9.219910	-0.033430	0.006235	-0.011039	-0.867441	0.214066	0.449134	-0.223838	-0.974102	0.031963	0.444344	-0.072807	0.892893
27848	4.536810	0.157341	9.290842	-0.007344	0.013644	-0.021518	-0.867444	0.214298	0.449018	-0.224068	-0.974048	0.032004	0.444224	-0.072849	0.892949
27849	4.584526	0.107473	9.292637	-0.027220	-0.003064	-0.027710	-0.867323	0.214610	0.449102	-0.224490	-0.973955	0.031875	0.444246	-0.073173	0.892912
27850	4.534956	0.132006	9.340287	-0.024081	0.004521	-0.032304	-0.867261	0.214940	0.449065	-0.224887	-0.973865	0.031814	0.444167	-0.073398	0.892932
27851	3.993813	0.042956	9.574526	0.001370	-0.038192	-0.005866	-0.867069	0.214871	0.449467	-0.224873	-0.973870	0.031763	0.444548	-0.073532	0.892732
27852	4.764034	0.106553	9.243113	0.042408	-0.098036	-0.023438	-0.866570	0.215039	0.450349	-0.224897	-0.973848	0.032256	0.445508	-0.073330	0.892270
27853	3.493706	0.767168	10.015193	-0.019591	-0.039887	-0.051814	-0.866270	0.215582	0.450667	-0.225512	-0.973705	0.032304	0.445781	-0.073647	0.892107
27854	3.979361	1.316880	9.914076	-0.114264	-0.252694	0.005105	-0.865143	0.215356	0.452935	-0.225989	-0.973628	0.031271	0.447725	-0.075304	0.890995
27855	4.929185	-0.203262	9.199680	-0.175460	-0.310462	-0.013345	-0.863793	0.215089	0.455629	-0.226769	-0.973497	0.029646	0.449931	-0.077715	0.889676
27856	4.369489	0.772563	9.831229	-0.112240	-0.197925	-0.027220	-0.862829	0.215210	0.457395	-0.227519	-0.973348	0.028781	0.451398	-0.079234	0.888798
27857	4.636599	0.046526	9.436717	-0.171016	-0.351725	-0.020782	-0.861248	0.214985	0.460471	-0.228363	-0.973195	0.027244	0.453985	-0.081691	0.887257
27858	4.934980	0.033472	9.593826	-0.105072	-0.298708	-0.043629	-0.859779	0.215173	0.463120	-0.229226	-0.973012	0.026522	0.456328	-0.083356	0.885898
27859	4.596665	-0.188483	9.554525	-0.063948	-0.323372	-0.066382	-0.858198	0.215463	0.465909	-0.230031	-0.972831	0.026179	0.458891	-0.084707	0.884445
27860	4.435718	-0.232396	9.758313	0.031890	-0.392523	-0.098259	-0.856155	0.216095	0.469364	-0.230735	-0.972644	0.026928	0.462343	-0.085244	0.882594
27861	4.453211	-0.682539	9.691888	0.122759	-0.530416	-0.183533	-0.853336	0.217305	0.473915	-0.231644	-0.972375	0.028764	0.467074	-0.085234	0.880101
27862	4.752324	-1.681359	9.597350	0.231646	-0.679137	-0.305631	-0.849423	0.219710	0.479800	-0.233166	-0.971902	0.032264	0.473407	-0.084467	0.876785
27863	4.997616	-1.083612	9.536338	0.654475	-0.747593	-0.470453	-0.844911	0.223494	0.485979	-0.233904	-0.971433	0.040086	0.481055	-0.079803	0.873051
27864	4.781450	-0.651530	9.481734	0.718748	-0.798912	-0.594430	-0.839631	0.228658	0.492682	-0.235431	-0.970642	0.049262	0.489482	-0.074631	0.868814
27865	5.066626	-0.518714	9.608364	0.778857	-0.899038	-0.685853	-0.833825	0.234515	0.499738	-0.237231	-0.969647	0.059206	0.498455	-0.069186	0.864151
27866	5.154348	-0.556628	9.448743	0.790980	-0.914300	-0.779050	-0.827358	0.241465	0.507122	-0.239729	-0.968317	0.069949	0.507945	-0.063699	0.859031
27867	5.304036	-0.349465	9.152395	0.810924	-0.958760	-0.865839	-0.820651	0.249081	0.514286	-0.242612	-0.966730	0.081072	0.517369	-0.058241	0.853778
27868	5.570352	-0.142110	8.791806	0.713675	-1.035930	-0.951468	-0.812904	0.257697	0.522283	-0.246662	-0.964717	0.092080	0.527584	-0.053975	0.847786
27869	5.679061	-0.031287	9.220617	0.465024	-1.137415	-1.054970	-0.804330	0.267084	0.530772	-0.252605	-0.962241	0.101401	0.537814	-0.052515	0.841426
27870	6.138281	-2.936349	10.437222	0.064218	-1.212514	-1.160797	-0.794758	0.277590	0.539725	-0.261545	-0.959112	0.108158	0.547681	-0.055203	0.834864
27871	6.913282	-6.326041	9.756862	0.504072	-1.130189	-1.356798	-0.784942	0.289873	0.547576	-0.269445	-0.955560	0.119603	0.557911	-0.053661	0.828164
27872	5.787758	-4.298063	10.343099	1.698782	-0.830332	-1.654101	-0.775772	0.305265	0.552261	-0.272788	-0.951430	0.142716	0.569004	-0.039935	0.821365
27873	5.076461	-2.495431	10.311752	1.668884	-0.882840	-1.735987	-0.765988	0.321272	0.556818	-0.276512	-0.946603	0.165785	0.580347	-0.026977	0.813922
27874	4.709989	-2.458876	10.072823	1.824372	-0.892275	-1.838833	-0.755634	0.338459	0.560770	-0.279813	-0.940896	0.190841	0.592218	-0.012705	0.805678
27875	3.529330	-1.147987	9.851700	2.093833	-0.779369	-1.940882	-0.745621	0.356379	0.563067	-0.281740	-0.934333	0.218278	0.603881	0.004114	0.797064
27876	1.453636	-1.119311	10.463871	1.742146	-0.722379	-1.623511	-0.736627	0.371586	0.565070	-0.283170	-0.928230	0.241257	0.614162	0.017706	0.788981
27877	1.914902	-4.927397	10.841600	0.925838	-0.760551	-0.592524	-0.730408	0.376916	0.569596	-0.281609	-0.925953	0.251611	0.622255	0.023375	0.782466
27878	4.391820	-7.512668	11.870711	0.267998	-0.662756	0.851647	-0.728622	0.369180	0.576902	-0.273729	-0.929064	0.248824	0.627840	0.023384	0.777991
27879	4.578452	-7.310749	13.797138	-0.329905	-0.048365	2.078078	-0.734061	0.349413	0.582293	-0.260408	-0.936755	0.233832	0.627170	0.020013	0.778625
27880	1.435709	-8.064867	12.921458	-0.498261	0.497405	3.013100	-0.744719	0.320948	0.585137	-0.241249	-0.946944	0.212356	0.622248	0.016982	0.782636
27881	0.296759	-6.509151	12.240733	-0.450829	0.794667	3.673216	-0.758204	0.285510	0.586183	-0.216414	-0.958262	0.186815	0.615054	0.014785	0.788346
27882	-0.638694	-4.953639	11.827969	-0.440287	0.997400	4.162656	-0.772692	0.245254	0.585489	-0.187245	-0.969369	0.158942	0.606536	0.013183	0.794947
27883	-0.299609	-3.099718	11.860664	-0.411166	1.131797	4.488532	-0.787216	0.201633	0.582783	-0.155431	-0.979401	0.128901	0.596768	0.010890	0.802340
27884	0.547026	-0.949234	11.801025	-0.398912	1.304422	4.711519	-0.801422	0.155158	0.577623	-0.120369	-0.987846	0.098344	0.585861	0.009288	0.810358
27885	1.506847	1.908473	10.831349	-0.226691	1.569291	4.869921	-0.815486	0.107746	0.568659	-0.083892	-0.994148	0.068060	0.572665	0.007796	0.819753
27886	1.500099	3.771998	11.081023	-0.540693	1.786274	4.896413	-0.828775	0.058862	0.556477	-0.046695	-0.998259	0.036049	0.557630	0.003891	0.830081
27887	2.275493	3.420928	11.044743	-0.776145	1.867223	4.670548	-0.840589	0.014042	0.541491	-0.014465	-0.999889	0.003474	0.541480	-0.004913	0.840699
27888	3.378452	4.210987	11.613491	-0.616826	2.019294	4.219485	-0.851275	-0.027975	0.523974	0.017935	-0.999546	-0.024228	0.524414	-0.011227	0.851390
27889	3.978630	5.253527	12.325634	-0.593815	2.174840	3.649741	-0.861731	-0.061389	0.503638	0.042789	-0.997910	-0.048425	0.505558	-0.020179	0.862557
27890	4.550741	4.828376	12.401298	-0.684596	2.240796	3.023732	-0.871205	-0.090971	0.482417	0.065582	-0.995439	-0.069277	0.486519	-0.028717	0.873198
27891	4.607396	3.462310	11.983507	-0.526974	2.231832	2.245903	-0.880411	-0.112448	0.460686	0.082443	-0.992980	-0.084820	0.466989	-0.036696	0.883501
27892	4.189194	3.661887	11.343933	-0.128866	2.170104	1.276976	-0.889215	-0.124270	0.440289	0.093139	-0.991419	-0.091720	0.447909	-0.040550	0.893159
27893	5.120199	4.764540	11.113832	-0.088503	2.048308	0.289630	-0.898140	-0.126146	0.421226	0.095097	-0.991018	-0.094017	0.429302	-0.044383	0.902070
27894	6.172888	5.175626	10.998175	-0.238601	2.052108	-0.632007	-0.907340	-0.118909	0.403231	0.088375	-0.991682	-0.093577	0.411004	-0.049270	0.910301
27895	6.472357	4.227686	11.981665	-0.579749	2.063191	-1.428673	-0.916962	-0.103517	0.385311	0.072836	-0.992958	-0.093431	0.392270	-0.057609	0.918045
27896	1.832243	-0.205487	6.587488	-0.029767	1.652436	-2.380636	-0.924788	-0.078873	0.372219	0.050783	-0.995112	-0.084692	0.377079	-0.059420	0.924273
27897	11.441118	10.557884	12.046824	0.431249	0.984840	-2.888606	-0.929713	-0.049423	0.364954	0.025447	-0.997207	-0.070218	0.367405	-0.055995	0.928374
27898	8.843484	-0.197924	7.499128	-2.580895	1.413015	-2.493114	-0.935039	-0.023582	0.353761	-0.007131	-0.996333	-0.085265	0.354474	-0.082249	0.931441
27899	10.269726	0.783882	8.059964	-0.208861	1.511184	-3.136974	-0.939709	0.009010	0.341857	-0.037354	-0.996376	-0.076421	0.339929	-0.084583	0.936640
27900	8.819448	3.480216	8.277971	-1.062570	1.420986	-2.947724	-0.942874	0.039644	0.330781	-0.068656	-0.994704	-0.076486	0.325997	-0.094827	0.940603
27901	9.155509	-0.949401	6.199340	-1.377045	1.268767	-2.655727	-0.944672	0.069164	0.320642	-0.100075	-0.991683	-0.080930	0.312378	-0.108541	0.943737
27902	7.179547	-1.085034	5.745841	-0.920813	1.207059	-2.491056	-0.945542	0.095200	0.311268	-0.126453	-0.988597	-0.081770	0.299934	-0.116677	0.946798
27903	6.984289	-1.313202	5.397778	-0.808333	0.819097	-2.228417	-0.944808	0.119341	0.305115	-0.151128	-0.985049	-0.082693	0.290685	-0.124241	0.948718
27904	7.106625	-2.067562	5.743186	-0.872970	0.691051	-1.857854	-0.943791	0.138505	0.300125	-0.171190	-0.981533	-0.085365	0.282759	-0.131945	0.950072
27905	6.922651	-2.100601	5.903627	-0.458319	0.438033	-1.519467	-0.942226	0.154769	0.297082	-0.187637	-0.978525	-0.085333	0.277495	-0.136147	0.951031
27906	6.663144	-2.288245	6.004674	-0.385172	0.302769	-1.123001	-0.940883	0.166172	0.295171	-0.199287	-0.976188	-0.085679	0.273905	-0.139438	0.951595
27907	6.646003	-2.144619	6.065797	-0.092339	0.134198	-0.741081	-0.939670	0.174229	0.294388	-0.207199	-0.974639	-0.084543	0.272192	-0.140439	0.951939
27908	6.300612	-1.969057	5.889539	0.093610	-0.043836	-0.346264	-0.938823	0.177552	0.295105	-0.210211	-0.974157	-0.082638	0.272806	-0.139617	0.951885
27909	6.420754	-1.609620	5.853798	0.275347	-0.223716	0.031145	-0.938207	0.177471	0.297106	-0.209755	-0.974452	-0.080294	0.275266	-0.137652	0.951462
27910	6.581290	-1.165687	5.794707	0.494115	-0.415857	0.386864	-0.937848	0.173146	0.300767	-0.204768	-0.975796	-0.076759	0.280197	-0.133576	0.950604
27911	6.637459	-0.944173	5.688903	0.648239	-0.567579	0.695636	-0.937570	0.166103	0.305568	-0.196972	-0.977695	-0.072901	0.286643	-0.128538	0.949375
27912	6.861853	-0.334593	5.741932	0.984494	-0.722496	0.880285	-0.937148	0.156598	0.311819	-0.185871	-0.980336	-0.066287	0.295306	-0.120079	0.947827
27913	6.999446	0.692941	5.600350	1.233076	-0.755196	0.949098	-0.936522	0.146920	0.318340	-0.173867	-0.983072	-0.057792	0.304461	-0.109472	0.946213
27914	6.691599	2.219772	5.417207	1.451879	-0.792229	0.904773	-0.935581	0.137209	0.325365	-0.160922	-0.985848	-0.046987	0.314314	-0.096318	0.944420
27915	6.162693	3.663733	5.276139	1.480613	-0.895412	0.785660	-0.933864	0.129208	0.333473	-0.149490	-0.988116	-0.035778	0.324887	-0.083263	0.942081
27916	6.109896	4.642852	5.336439	1.324966	-1.029848	0.614533	-0.931341	0.122345	0.342980	-0.139394	-0.989911	-0.025402	0.336412	-0.071468	0.938999
27917	6.589920	4.723880	5.038791	1.122135	-1.159599	0.356174	-0.927779	0.118593	0.353782	-0.132869	-0.991000	-0.016246	0.348672	-0.062080	0.935187
27918	4.129975	3.578393	5.705805	0.987708	-0.980409	0.028593	-0.924342	0.117756	0.362940	-0.129126	-0.991602	-0.007136	0.359052	-0.053462	0.931785
27919	3.045181	0.552822	8.957201	0.885255	-1.066637	-0.269105	-0.920026	0.120435	0.372892	-0.128993	-0.991643	0.002014	0.370018	-0.046247	0.927873
27920	4.273936	-1.681885	10.207577	1.423905	-0.782709	-0.735641	-0.916134	0.127430	0.380078	-0.130431	-0.991295	0.017967	0.379058	-0.033114	0.924780
27921	6.062126	-4.359776	14.948122	1.813152	-1.128060	-1.333045	-0.909923	0.140869	0.390124	-0.136204	-0.989883	0.039753	0.391777	-0.016964	0.919904
27922	27.067196	19.130709	36.230605	1.981458	-3.071179	0.172572	-0.897644	0.138887	0.418265	-0.126597	-0.990307	0.057145	0.422148	-0.001655	0.906526
27923	8.048286	1.585488	-10.186151	-0.368449	2.957074	-0.131540	-0.909415	0.141007	0.391255	-0.130137	-0.990007	0.054312	0.395004	-0.001525	0.918678
27924	-11.677990	0.715285	15.707831	-0.466986	0.284400	-0.164836	-0.910312	0.142662	0.388562	-0.133491	-0.989755	0.050654	0.391807	-0.005759	0.920029
27925	12.073232	-3.539299	10.577724	-1.964805	-3.878341	0.854033	-0.895522	0.134093	0.424335	-0.134450	-0.990488	0.029257	0.424222	-0.030851	0.905033
27926	6.684350	-2.946540	5.892592	1.349149	1.586447	-0.468303	-0.901521	0.139110	0.409766	-0.133036	-0.990158	0.043455	0.411778	-0.015338	0.911155
27927	0.673646	7.174521	12.471289	1.834344	-0.459704	-0.368902	-0.898999	0.143367	0.413820	-0.129457	-0.989668	0.061631	0.418380	0.001834	0.908270
27928	5.478403	3.324840	8.249346	-1.153427	-0.917268	0.221104	-0.895414	0.141150	0.422268	-0.132356	-0.989928	0.050241	0.425107	-0.010903	0.905078
27929	5.713108	-0.764869	10.227760	-0.422433	-0.670667	0.125886	-0.892592	0.140415	0.428443	-0.133696	-0.989959	0.045909	0.430587	-0.016303	0.902402
27930	5.654896	2.503157	9.255717	0.754825	-0.066824	0.021331	-0.892326	0.140209	0.429064	-0.130267	-0.990082	0.052620	0.432186	-0.008939	0.901740
27931	5.161009	3.463519	10.972673	-0.291434	-0.420398	0.184311	-0.890616	0.138965	0.433002	-0.130574	-0.990216	0.049225	0.435606	-0.012698	0.900048
27932	4.619971	-0.883039	8.678802	-0.495917	-0.076129	0.222290	-0.890569	0.136766	0.433799	-0.130773	-0.990445	0.043792	0.435643	-0.017730	0.899945
27933	4.684081	-0.208957	9.248954	-0.045395	-0.228461	0.150854	-0.889642	0.135878	0.435976	-0.130335	-0.990548	0.042759	0.437665	-0.018783	0.898942
27934	4.613008	0.610820	9.389055	-0.130577	-0.138723	0.138155	-0.889207	0.134495	0.437289	-0.129697	-0.990707	0.040975	0.438736	-0.020279	0.898387
27935	4.692052	-0.049308	9.165438	-0.165018	-0.236058	0.143096	-0.888228	0.133686	0.439522	-0.129873	-0.990767	0.038895	0.440664	-0.022534	0.897389
27936	4.917785	0.252371	9.135433	-0.103374	-0.153582	0.110144	-0.887687	0.132572	0.440950	-0.129369	-0.990888	0.037476	0.441900	-0.023778	0.896749
27937	4.653237	0.428333	9.278699	-0.111740	-0.141198	0.101911	-0.887070	0.132166	0.442311	-0.129661	-0.990903	0.036050	0.443051	-0.025371	0.896137
27938	4.888178	0.189113	9.245587	-0.110133	-0.143401	0.086733	-0.886540	0.131283	0.443634	-0.129399	-0.990986	0.034673	0.444187	-0.026667	0.895537
27939	4.875699	0.174401	9.166642	-0.067859	-0.077977	0.060282	-0.886151	0.131285	0.444411	-0.129850	-0.990957	0.033823	0.444832	-0.027734	0.895184
27940	4.692839	0.242385	9.227270	-0.050434	-0.070316	0.046432	-0.885892	0.130818	0.445064	-0.129681	-0.991001	0.033159	0.445396	-0.028341	0.894885
27941	4.698372	0.239596	9.272862	-0.048548	-0.066242	0.035595	-0.885518	0.131098	0.445726	-0.130301	-0.990939	0.032590	0.445959	-0.029220	0.894576
27942	4.675087	0.182938	9.200210	-0.038203	-0.047203	0.028880	-0.885339	0.130811	0.446166	-0.130234	-0.990963	0.032113	0.446334	-0.029676	0.894374
27943	4.630001	0.187981	9.245601	-0.024206	-0.043476	0.027362	-0.885056	0.131171	0.446621	-0.130813	-0.990897	0.031795	0.446726	-0.030283	0.894158
27944	4.688146	0.227349	9.241331	-0.024092	-0.042068	0.024253	-0.884894	0.130932	0.447013	-0.130725	-0.990919	0.031465	0.447073	-0.030592	0.893974
27945	4.721452	0.270029	9.236738	-0.015737	-0.030440	0.020849	-0.884664	0.131338	0.447348	-0.131300	-0.990850	0.031251	0.447359	-0.031090	0.893814
27946	4.652054	0.272299	9.185043	-0.016906	-0.024263	0.020610	-0.884576	0.131140	0.447580	-0.131212	-0.990870	0.031001	0.447559	-0.031305	0.893707
27947	4.735378	0.336157	9.204668	-0.009439	-0.027860	0.017758	-0.884350	0.131602	0.447890	-0.131815	-0.990794	0.030856	0.447828	-0.031751	0.893556
27948	4.705128	0.259112	9.135675	-0.014012	-0.001685	0.015221	-0.884356	0.131464	0.447918	-0.131761	-0.990807	0.030656	0.447831	-0.031907	0.893549
27949	4.689401	0.334701	9.154041	-0.008047	-0.005309	0.009294	-0.884227	0.131970	0.448025	-0.132381	-0.990728	0.030560	0.447904	-0.032288	0.893498
27950	4.735218	0.301720	9.132749	-0.011740	0.010235	0.010218	-0.884280	0.131886	0.447945	-0.132362	-0.990735	0.030403	0.447805	-0.032406	0.893544
27951	4.679956	0.255868	9.111540	-0.004952	0.022175	0.012906	-0.884274	0.132396	0.447807	-0.132970	-0.990656	0.030318	0.447637	-0.032735	0.893616
27952	4.675116	0.230702	9.114336	-0.004928	0.022062	0.009852	-0.884379	0.132319	0.447621	-0.132924	-0.990665	0.030224	0.447442	-0.032771	0.893712
27953	4.694096	0.202711	9.117933	-0.004427	0.031365	0.014105	-0.884418	0.132808	0.447401	-0.133506	-0.990590	0.030137	0.447193	-0.033077	0.893826
27954	4.615602	0.185872	9.119403	-0.005862	0.032976	0.014033	-0.884578	0.132694	0.447118	-0.133427	-0.990604	0.030015	0.446900	-0.033107	0.893971
27955	4.547637	0.270959	9.186758	-0.007859	0.025566	0.017342	-0.884594	0.133150	0.446951	-0.133998	-0.990531	0.029880	0.446697	-0.033459	0.894059
27956	4.543171	0.246699	9.213488	-0.013893	0.001587	0.021212	-0.884623	0.132954	0.446951	-0.133892	-0.990552	0.029655	0.446671	-0.033610	0.894067
27957	4.571364	0.265252	9.211901	-0.023081	-0.023679	0.026625	-0.884435	0.133281	0.447225	-0.134425	-0.990489	0.029344	0.446883	-0.034165	0.893940
27958	4.571003	0.237531	9.212481	-0.028002	-0.029557	0.025259	-0.884331	0.133035	0.447505	-0.134346	-0.990511	0.028975	0.447113	-0.034497	0.893812
27959	4.550613	0.239092	9.234220	-0.014542	-0.061008	0.023473	-0.883969	0.133397	0.448111	-0.134890	-0.990443	0.028751	0.447664	-0.035031	0.893516
27960	4.706661	0.234874	9.111335	-0.013289	-0.065664	0.023654	-0.883701	0.133154	0.448713	-0.134760	-0.990468	0.028519	0.448233	-0.035266	0.893221
27961	4.669174	0.290203	9.152486	-0.014609	-0.062641	0.020475	-0.883334	0.133505	0.449331	-0.135287	-0.990402	0.028310	0.448798	-0.035781	0.892917
27962	4.696411	0.260260	9.151825	-0.026993	-0.064911	0.021975	-0.883065	0.133278	0.449925	-0.135233	-0.990419	0.027964	0.449341	-0.036151	0.892629
27963	4.778122	0.270361	9.124468	-0.031292	-0.060075	0.021765	-0.882707	0.133640	0.450520	-0.135851	-0.990345	0.027598	0.449858	-0.036842	0.892340
27964	4.709592	0.278953	9.169233	-0.024193	-0.043690	0.021241	-0.882533	0.133428	0.450924	-0.135791	-0.990362	0.027280	0.450217	-0.037156	0.892146
27965	4.726916	0.171754	9.125830	-0.044179	-0.045616	0.019617	-0.882239	0.133802	0.451388	-0.136472	-0.990281	0.026809	0.450588	-0.037950	0.891925
27966	4.703230	0.149693	9.173731	-0.028664	-0.041953	0.019612	-0.882070	0.133606	0.451776	-0.136447	-0.990294	0.026459	0.450926	-0.038305	0.891739
27967	4.676916	0.099951	9.174769	-0.045328	-0.039489	0.017867	-0.881798	0.134022	0.452185	-0.137174	-0.990206	0.025984	0.451239	-0.039115	0.891546
27968	4.658657	0.128174	9.243769	-0.030203	-0.043873	0.005899	-0.881601	0.133960	0.452586	-0.137277	-0.990200	0.025682	0.451591	-0.039489	0.891351
27969	4.563381	0.112021	9.241370	-0.044611	-0.055503	-0.001447	-0.881232	0.134541	0.453131	-0.138151	-0.990088	0.025300	0.452044	-0.040306	0.891085
27970	4.681629	0.217662	9.231512	-0.040482	-0.089677	-0.009406	-0.880807	0.134612	0.453936	-0.138437	-0.990056	0.024975	0.452785	-0.040843	0.890684
27971	4.638791	0.191865	9.179603	-0.060167	-0.087241	-0.017264	-0.880271	0.135342	0.454759	-0.139530	-0.989914	0.024526	0.453492	-0.041863	0.890277
27972	4.692651	0.157947	9.202194	-0.083723	-0.098324	-0.024672	-0.879783	0.135559	0.455637	-0.140146	-0.989843	0.023887	0.454247	-0.042841	0.889845
27973	4.617920	0.059672	9.154275	-0.097751	-0.104068	-0.038316	-0.879139	0.136482	0.456604	-0.141591	-0.989653	0.023196	0.455045	-0.044258	0.889368
27974	4.560044	0.123391	9.364184	-0.118613	-0.121524	-0.048536	-0.878510	0.136922	0.457682	-0.142577	-0.989531	0.022357	0.455951	-0.045614	0.888835
27975	4.264614	0.439914	9.628671	-0.118430	-0.170622	-0.053028	-0.877544	0.137912	0.459234	-0.144199	-0.989314	0.021552	0.457299	-0.047308	0.888054
27976	4.615535	0.082639	9.081698	-0.174948	-0.193868	-0.023404	-0.876616	0.138065	0.460959	-0.145226	-0.989194	0.020101	0.458753	-0.049322	0.887194
27977	4.141209	0.531850	10.021408	-0.137545	-0.234393	-0.026600	-0.875394	0.138726	0.463078	-0.146673	-0.989002	0.019010	0.460622	-0.051280	0.886114
27978	4.744925	0.156032	9.272801	-0.219249	-0.324106	-0.016259	-0.873866	0.138730	0.465953	-0.147848	-0.988862	0.017138	0.463141	-0.053914	0.884643
27979	4.450850	0.529325	9.848324	-0.223015	-0.310363	-0.024270	-0.872282	0.139322	0.468736	-0.149688	-0.988615	0.015289	0.465529	-0.056828	0.883206
27980	4.451686	0.424217	9.667297	-0.315641	-0.405414	-0.007525	-0.870370	0.139173	0.472320	-0.151248	-0.988416	0.012533	0.468593	-0.060529	0.881338
27981	4.661860	0.363045	9.476920	-0.359695	-0.480653	-0.000607	-0.868001	0.139417	0.476590	-0.153556	-0.988095	0.009381	0.472224	-0.065040	0.879076
27982	4.574044	0.424115	9.599686	-0.388297	-0.501605	0.012463	-0.865635	0.138971	0.481003	-0.155309	-0.987848	0.005907	0.475979	-0.069591	0.876699
27983	4.702640	0.018883	9.321399	-0.427822	-0.606071	0.024639	-0.862671	0.138811	0.486345	-0.157733	-0.987480	0.002058	0.480541	-0.074937	0.873765
27984	4.630387	0.082681	9.561312	-0.339419	-0.611283	0.022282	-0.859747	0.138134	0.491686	-0.159200	-0.987246	-0.001017	0.485274	-0.079151	0.870772
27985	4.293724	0.133654	9.811488	-0.293871	-0.700811	0.037320	-0.856285	0.137706	0.497808	-0.160895	-0.986964	-0.003739	0.490804	-0.083296	0.867279
27986	4.129187	0.069612	10.010173	-0.224482	-0.857366	0.060600	-0.852137	0.136393	0.505231	-0.161507	-0.986853	-0.005990	0.497772	-0.086703	0.862963
27987	3.633619	0.108223	10.318573	-0.105437	-1.052240	0.075412	-0.846879	0.135223	0.514305	-0.161969	-0.986769	-0.007261	0.506519	-0.089450	0.857576
27988	3.551340	0.283145	10.625642	-0.037281	-1.281017	0.088697	-0.840458	0.133203	0.525250	-0.161432	-0.986851	-0.008045	0.517272	-0.091553	0.850910
27989	3.076007	0.321123	10.427789	0.015601	-1.494313	0.074473	-0.832669	0.131561	0.537916	-0.161277	-0.986874	-0.008284	0.529766	-0.093651	0.842957
27990	2.258596	0.276153	10.448353	0.178614	-1.775063	0.010843	-0.823141	0.129801	0.552802	-0.160248	-0.987053	-0.006850	0.544756	-0.094224	0.833285
27991	1.073714	0.340834	10.955179	0.270372	-2.215266	-0.087895	-0.810647	0.129085	0.571130	-0.160058	-0.987099	-0.004081	0.563235	-0.094722	0.820850
27992	0.225111	-0.008365	11.494608	0.301970	-3.000655	-0.157670	-0.793116	0.127800	0.595512	-0.159605	-0.987181	-0.000712	0.587787	-0.095611	0.803346
27993	1.413295	-0.672354	11.369416	0.461232	-3.859459	-0.214334	-0.769431	0.126695	0.626039	-0.159067	-0.987258	0.004296	0.618606	-0.096276	0.779780
27994	1.983966	-1.467565	11.579299	0.848653	-4.738900	-0.330680	-0.738701	0.125468	0.662252	-0.156173	-0.987645	0.012914	0.655691	-0.093886	0.749169
27995	4.484080	-0.677255	13.367660	1.011513	-5.708295	-0.344967	-0.699550	0.123617	0.703810	-0.151800	-0.988151	0.022677	0.698274	-0.090975	0.710026
27996	7.077391	0.261890	14.705562	0.836045	-6.463187	-0.291705	-0.652503	0.120644	0.748121	-0.147766	-0.988551	0.030537	0.743239	-0.090621	0.662860
27997	13.460833	1.077664	19.130852	-0.198540	-7.097486	-0.170230	-0.597973	0.115550	0.793143	-0.150346	-0.988159	0.030612	0.787289	-0.100941	0.608265
27998	24.072189	-2.403983	20.923116	-1.082336	-6.549849	-0.124872	-0.545012	0.109591	0.831235	-0.159798	-0.986825	0.025331	0.823059	-0.119024	0.555344
27999	19.428819	-2.598176	17.939909	-0.374710	-4.975800	-0.451446	-0.502767	0.107921	0.857659	-0.165298	-0.985870	0.027155	0.848470	-0.128117	0.513502
28000	13.300055	-2.545912	16.404190	-0.660914	-4.918165	-0.628962	-0.459396	0.107539	0.881698	-0.174028	-0.984302	0.029378	0.871016	-0.139943	0.470900
28001	9.179386	-2.010282	16.167509	-0.582483	-4.503105	-0.788652	-0.418453	0.108771	0.901702	-0.182642	-0.982599	0.033771	0.889685	-0.150557	0.431038
28002	0.650248	0.544433	10.288383	-0.151102	-4.238555	-1.244383	-0.378061	0.114490	0.918674	-0.188975	-0.980974	0.044485	0.906288	-0.156788	0.392503
28003	-2.755388	6.555795	6.005487	-0.144636	-4.915735	-2.676696	-0.328035	0.132834	0.935280	-0.199775	-0.977427	0.068752	0.923300	-0.164292	0.347167
28004	30.769744	6.865665	21.072524	-4.101061	-7.668146	-1.643734	-0.253030	0.134311	0.958090	-0.242733	-0.967453	0.071518	0.936513	-0.214463	0.277396
28005	23.339577	-7.047196	12.566058	-2.696013	-0.957043	-2.072931	-0.238944	0.152161	0.959037	-0.272992	-0.958339	0.084034	0.931870	-0.241730	0.270528
28006	9.047377	-8.227004	9.881756	-1.447832	-0.566935	-1.845659	-0.228452	0.168389	0.958882	-0.290795	-0.951768	0.097858	0.929111	-0.256482	0.266400
28007	10.506286	-11.107184	5.558625	-1.105432	-0.112845	-1.202646	-0.224058	0.179529	0.957897	-0.303811	-0.946774	0.106381	0.926011	-0.267184	0.266675
28008	5.962180	-11.341709	2.250528	0.655464	1.127595	-0.836291	-0.231959	0.190426	0.953904	-0.299667	-0.946945	0.116167	0.925416	-0.258908	0.276717
28009	2.204033	-8.604347	2.402024	1.280182	1.099255	-0.289327	-0.241516	0.195878	0.950422	-0.288640	-0.949587	0.122358	0.926476	-0.244778	0.285879
28010	1.211442	-6.579875	4.409492	1.427837	1.091948	0.306264	-0.252490	0.195563	0.947631	-0.274662	-0.953563	0.123605	0.927798	-0.229069	0.294479
28011	0.145609	-4.825256	4.359933	1.691082	1.273961	0.804546	-0.266692	0.190569	0.944753	-0.257076	-0.958807	0.120834	0.928863	-0.210648	0.304697
28012	-3.361722	-2.738159	1.973981	1.805471	1.578539	1.195280	-0.284296	0.182251	0.941254	-0.237029	-0.964650	0.115189	0.928974	-0.190357	0.317445
28013	-8.419875	-0.855076	1.259569	1.217002	1.080635	1.635505	-0.298329	0.168306	0.939507	-0.221186	-0.969726	0.103485	0.928481	-0.176933	0.326525
28014	-4.179137	-0.374438	4.123099	-0.084909	-0.412634	2.173601	-0.299230	0.146472	0.942872	-0.215499	-0.972991	0.082760	0.929528	-0.178424	0.322712
28015	2.840007	-1.268338	7.167127	-0.480555	-0.076458	2.360129	-0.303851	0.123241	0.944715	-0.213054	-0.975275	0.058703	0.928592	-0.183438	0.322595
28016	4.233354	-2.290466	7.892254	-0.526670	0.832836	2.416979	-0.316676	0.101206	0.943119	-0.210455	-0.977006	0.034177	0.924892	-0.187662	0.330693
28017	3.549382	-4.051480	6.644797	-0.398178	1.680759	2.386253	-0.337446	0.080951	0.937858	-0.206519	-0.978390	0.010143	0.918412	-0.190263	0.346871
28018	1.765144	-3.389322	5.225223	0.114875	2.335023	2.248316	-0.363332	0.063356	0.929503	-0.197611	-0.980225	-0.010431	0.910462	-0.187470	0.368666
28019	0.679070	-1.985637	4.499347	0.279417	2.546071	2.115724	-0.390790	0.047222	0.919268	-0.187309	-0.981867	-0.029189	0.901221	-0.183594	0.392549
28020	0.811934	-0.582089	4.541865	0.388347	2.599541	1.919346	-0.417569	0.033085	0.908043	-0.176092	-0.983338	-0.045148	0.891419	-0.178751	0.416437
28021	1.820091	0.365885	4.752968	0.301614	2.652364	1.678191	-0.444271	0.021185	0.895642	-0.166386	-0.984279	-0.059252	0.880306	-0.175347	0.440812
28022	3.242217	0.384927	4.954069	0.217583	2.783647	1.362575	-0.470807	0.012628	0.882146	-0.158272	-0.984885	-0.070372	0.867923	-0.172751	0.465689
28023	4.558460	0.306418	5.535308	0.182219	3.032109	1.011518	-0.498804	0.007812	0.866680	-0.151979	-0.985254	-0.078589	0.853286	-0.170918	0.492636
28024	5.747099	-0.013435	5.937338	0.188009	3.381681	0.682666	-0.528383	0.006844	0.848978	-0.146908	-0.985621	-0.083487	0.836199	-0.168835	0.521791
28025	5.675192	-0.404762	5.677897	0.271053	3.753491	0.376547	-0.560261	0.009379	0.828263	-0.142784	-0.986061	-0.085418	0.815917	-0.166119	0.553790
28026	5.177549	-0.442273	5.291452	0.339744	3.967500	0.137093	-0.592376	0.014557	0.805530	-0.139285	-0.986632	-0.084598	0.793530	-0.162312	0.586485
28027	4.982423	-0.273397	5.191815	0.348596	4.044780	-0.056835	-0.624209	0.021588	0.780959	-0.137067	-0.987140	-0.082269	0.769139	-0.158396	0.619141
