// General information: 
//  MT Manager version: 2022.2.0 
//  XDA version: 2022.2.0 build 7381 rev 124627 built on 2023-07-19
// Device information: 
//  DeviceId: 00B4CAF0
//  ProductCode: MTW2-3A7G6
//  Firmware Version: 4.6.0
//  Hardware Version: 2.0.0
// Device settings: 
//  Filter Profile: human(46.1)
//  Option Flags: Orientation Smoother Disabled, Position/Velocity Smoother Disabled, Continuous Zero Rotation Update Disabled, AHS Disabled, ICC Disabled
// Coordinate system: ENU
PacketCounter	Acc_X	Acc_Y	Acc_Z	Gyr_X	Gyr_Y	Gyr_Z	Mat[1][1]	Mat[2][1]	Mat[3][1]	Mat[1][2]	Mat[2][2]	Mat[3][2]	Mat[1][3]	Mat[2][3]	Mat[3][3]
16519	5.985634	0.389753	8.337645	0.013058	-0.022779	-0.007525	-0.231413	0.787511	0.571204	-0.953764	-0.299398	0.026377	0.191789	-0.538690	0.820384
16520	6.028610	0.258406	8.318235	0.014167	-0.012768	-0.000092	-0.231371	0.787444	0.571313	-0.953745	-0.299448	0.026482	0.191932	-0.538760	0.820305
16521	5.991129	0.305585	8.320211	0.010283	0.003485	0.002242	-0.231345	0.787462	0.571300	-0.953759	-0.299404	0.026469	0.191892	-0.538759	0.820314
16522	5.961395	0.216138	8.354226	0.009976	0.005931	0.001607	-0.231356	0.787490	0.571257	-0.953745	-0.299445	0.026529	0.191951	-0.538695	0.820343
16523	6.066067	0.171997	8.397194	0.008450	0.008950	0.002727	-0.231283	0.787538	0.571221	-0.953762	-0.299386	0.026590	0.191956	-0.538658	0.820366
16524	6.343165	0.187358	8.310316	0.013603	0.056894	-0.003838	-0.231339	0.787857	0.570758	-0.953753	-0.299403	0.026712	0.191932	-0.538182	0.820684
16525	5.874949	0.232809	8.382897	0.020659	0.093065	-0.004602	-0.231387	0.788379	0.570016	-0.953762	-0.299358	0.026875	0.191826	-0.537441	0.821194
16526	5.862805	0.284641	8.340489	0.019401	0.082071	-0.004384	-0.231487	0.788835	0.569345	-0.953744	-0.299401	0.027047	0.191798	-0.536748	0.821654
16527	5.701767	0.233986	8.405821	0.015172	0.068396	-0.001456	-0.231551	0.789195	0.568820	-0.953750	-0.299376	0.027116	0.191691	-0.536233	0.822015
16528	5.759272	0.286845	8.406711	0.016994	0.051341	-0.003460	-0.231600	0.789481	0.568402	-0.953734	-0.299414	0.027263	0.191711	-0.535790	0.822299
16529	5.778080	0.270031	8.362945	0.009560	0.037925	-0.002285	-0.231555	0.789700	0.568117	-0.953762	-0.299317	0.027322	0.191623	-0.535522	0.822494
16530	5.804624	0.318444	8.412028	0.004736	0.029124	-0.000623	-0.231588	0.789859	0.567882	-0.953763	-0.299311	0.027353	0.191578	-0.535290	0.822655
16531	5.842905	0.289862	8.354262	0.001912	0.020620	0.004554	-0.231531	0.789996	0.567714	-0.953807	-0.299175	0.027323	0.191431	-0.535164	0.822772
16532	5.869676	0.300796	8.339163	0.000609	0.018311	0.004310	-0.231591	0.790082	0.567570	-0.953804	-0.299186	0.027291	0.191371	-0.535030	0.822873
16533	5.930617	0.211082	8.315956	-0.002380	0.027243	0.008531	-0.231640	0.790218	0.567361	-0.953834	-0.299103	0.027161	0.191163	-0.534877	0.823021
16534	5.982720	0.074821	8.320255	0.001129	0.031356	0.000800	-0.231691	0.790384	0.567108	-0.953839	-0.299089	0.027154	0.191078	-0.534639	0.823195
16535	5.934051	0.153626	8.334457	0.001252	0.055575	-0.003830	-0.231675	0.790702	0.566672	-0.953885	-0.298943	0.027146	0.190866	-0.534251	0.823496
16536	5.840362	0.249581	8.321533	-0.000455	0.064445	-0.005198	-0.231732	0.791063	0.566145	-0.953907	-0.298872	0.027159	0.190690	-0.533755	0.823858
16537	5.751949	0.332272	8.419542	-0.000691	0.058183	-0.005362	-0.231660	0.791403	0.565699	-0.953967	-0.298676	0.027183	0.190474	-0.533362	0.824163
16538	5.750979	0.386358	8.428829	-0.002060	0.046153	0.002530	-0.231755	0.791642	0.565325	-0.953974	-0.298659	0.027139	0.190324	-0.533015	0.824422
16539	5.713372	0.345613	8.417308	-0.005652	0.036770	0.002437	-0.231799	0.791820	0.565058	-0.954007	-0.298563	0.027023	0.190103	-0.532806	0.824608
16540	5.779575	0.285043	8.424654	-0.001797	0.019980	0.003974	-0.231858	0.791915	0.564900	-0.954010	-0.298558	0.026974	0.190016	-0.532666	0.824718
16541	5.869205	0.206064	8.385380	-0.005557	0.021206	0.013051	-0.231826	0.792028	0.564755	-0.954048	-0.298442	0.026916	0.189865	-0.532563	0.824820
16542	5.828324	0.172484	8.406062	-0.000501	0.022296	0.004217	-0.231892	0.792136	0.564577	-0.954048	-0.298446	0.026876	0.189785	-0.532401	0.824943
16543	5.844374	0.161521	8.394454	0.001798	0.020145	0.008376	-0.231945	0.792184	0.564488	-0.954043	-0.298466	0.026846	0.189747	-0.532319	0.825005
16544	5.855465	0.158265	8.416191	0.002412	0.022086	-0.000478	-0.231965	0.792304	0.564311	-0.954048	-0.298448	0.026856	0.189696	-0.532150	0.825126
16545	5.795811	0.099512	8.386411	-0.001507	0.026767	0.000298	-0.231961	0.792442	0.564118	-0.954085	-0.298336	0.026775	0.189515	-0.532006	0.825260
16546	5.815820	0.222294	8.364097	0.004460	0.032122	-0.005102	-0.231956	0.792630	0.563857	-0.954097	-0.298293	0.026828	0.189459	-0.531752	0.825436
16547	5.761251	0.333967	8.386645	0.003713	0.022017	-0.006058	-0.231834	0.792761	0.563722	-0.954135	-0.298164	0.026913	0.189417	-0.531628	0.825526
16548	5.807782	0.310073	8.382866	0.003779	0.024908	-0.004066	-0.231825	0.792907	0.563521	-0.954146	-0.298124	0.026955	0.189372	-0.531432	0.825662
16549	5.856106	0.224795	8.339340	0.007629	0.017340	-0.006834	-0.231761	0.792996	0.563423	-0.954168	-0.298051	0.027004	0.189342	-0.531341	0.825727
16550	5.792294	0.211046	8.406085	0.004314	0.026351	-0.009093	-0.231707	0.793164	0.563208	-0.954190	-0.297975	0.027078	0.189299	-0.531133	0.825871
16551	5.806538	0.263083	8.434238	0.010989	0.020459	-0.006899	-0.231601	0.793277	0.563093	-0.954210	-0.297896	0.027204	0.189324	-0.531008	0.825946
16552	5.695843	0.353438	8.488153	0.012397	0.011652	-0.011990	-0.231491	0.793375	0.562999	-0.954224	-0.297840	0.027362	0.189392	-0.530892	0.826005
16553	5.822156	0.395906	8.444671	0.008513	-0.002139	-0.002584	-0.231388	0.793356	0.563068	-0.954241	-0.297778	0.027429	0.189430	-0.530956	0.825955
16554	5.811987	0.374877	8.447588	0.006612	-0.008784	0.000205	-0.231356	0.793310	0.563146	-0.954237	-0.297788	0.027470	0.189490	-0.531019	0.825901
16555	5.842988	0.324595	8.391301	0.003546	-0.011962	0.006733	-0.231249	0.793258	0.563263	-0.954265	-0.297697	0.027479	0.189479	-0.531148	0.825821
16556	5.810648	0.320787	8.439902	0.001791	-0.015215	0.007684	-0.231276	0.793156	0.563396	-0.954253	-0.297740	0.027438	0.189508	-0.531277	0.825731
16557	5.777922	0.280193	8.424995	0.002939	-0.016290	0.009765	-0.231273	0.793042	0.563558	-0.954258	-0.297729	0.027357	0.189483	-0.531453	0.825623
16558	5.694425	0.246880	8.471931	0.007412	-0.028762	0.008285	-0.231280	0.792865	0.563803	-0.954234	-0.297807	0.027359	0.189596	-0.531673	0.825456
16559	5.737440	0.176070	8.491932	0.011110	-0.039717	0.007356	-0.231268	0.792593	0.564191	-0.954210	-0.297885	0.027337	0.189731	-0.532035	0.825192
16560	5.959086	0.139785	8.405288	0.013113	-0.044192	-0.000770	-0.231160	0.792361	0.564561	-0.954196	-0.297921	0.027437	0.189935	-0.532360	0.824935
16561	5.988877	0.213681	8.426677	0.014218	-0.024413	-0.001505	-0.231070	0.792209	0.564811	-0.954193	-0.297925	0.027503	0.190060	-0.532583	0.824762
16562	6.094849	0.213002	8.388859	0.018824	0.011093	-0.008464	-0.230992	0.792295	0.564723	-0.954186	-0.297931	0.027694	0.190190	-0.532453	0.824816
16563	5.870790	0.302492	8.426525	0.026301	0.025041	-0.013474	-0.230763	0.792485	0.564549	-0.954212	-0.297817	0.028021	0.190338	-0.532233	0.824924
16564	5.912655	0.190268	8.353569	0.030712	0.035819	-0.011955	-0.230699	0.792712	0.564256	-0.954190	-0.297858	0.028329	0.190525	-0.531872	0.825114
16565	5.714142	0.352832	8.415317	0.021225	0.030802	-0.014787	-0.230608	0.792889	0.564045	-0.954200	-0.297808	0.028514	0.190585	-0.531636	0.825252
16566	5.763730	0.384301	8.417944	0.009819	0.023926	-0.003185	-0.230605	0.793027	0.563852	-0.954197	-0.297807	0.028600	0.190600	-0.531431	0.825380
16567	5.787644	0.342316	8.396417	0.011555	0.003434	-0.003300	-0.230483	0.793063	0.563851	-0.954225	-0.297710	0.028678	0.190608	-0.531431	0.825378
16568	5.806983	0.447950	8.429459	0.002052	0.003197	0.005509	-0.230524	0.793065	0.563832	-0.954218	-0.297737	0.028651	0.190596	-0.531414	0.825392
16569	5.835344	0.458201	8.413479	-0.007139	0.000509	0.014963	-0.230587	0.793017	0.563873	-0.954229	-0.297717	0.028485	0.190464	-0.531496	0.825370
16570	5.604521	0.319386	8.391605	-0.009499	-0.007071	0.018953	-0.230737	0.792924	0.563943	-0.954213	-0.297789	0.028287	0.190365	-0.531594	0.825329
16571	5.524513	0.296360	8.525444	-0.007021	-0.052818	0.019123	-0.230761	0.792562	0.564442	-0.954199	-0.297848	0.028118	0.190404	-0.532102	0.824993
16572	5.769329	0.300994	8.431119	-0.006146	-0.074672	0.017561	-0.230768	0.792113	0.565069	-0.954179	-0.297927	0.027956	0.190493	-0.532726	0.824570
16573	5.807669	0.364330	8.416813	-0.010377	-0.076752	0.022005	-0.230744	0.791637	0.565746	-0.954178	-0.297950	0.027748	0.190530	-0.533420	0.824112
16574	5.899855	0.395057	8.363681	-0.016362	-0.084471	0.021582	-0.230771	0.791122	0.566454	-0.954168	-0.298006	0.027478	0.190545	-0.534151	0.823635
16575	5.985828	0.353883	8.361412	-0.014559	-0.075917	0.028429	-0.230787	0.790626	0.567140	-0.954160	-0.298055	0.027227	0.190565	-0.534859	0.823171
16576	5.919504	0.497459	8.367422	-0.017727	-0.061125	0.030151	-0.230941	0.790210	0.567658	-0.954134	-0.298170	0.026897	0.190513	-0.535410	0.822825
16577	5.928136	0.224660	8.407145	-0.019353	-0.060972	0.029261	-0.231021	0.789802	0.568192	-0.954141	-0.298179	0.026533	0.190379	-0.536006	0.822468
16578	5.870024	0.169920	8.406489	-0.022046	-0.045254	0.029797	-0.231201	0.789471	0.568579	-0.954123	-0.298268	0.026170	0.190249	-0.536444	0.822213
16579	5.671624	0.035058	8.511238	-0.024205	-0.048928	0.028113	-0.231237	0.789144	0.569017	-0.954147	-0.298220	0.025842	0.190085	-0.536951	0.821920
16580	5.780826	0.230888	8.531608	-0.028297	-0.070827	0.027704	-0.231349	0.788682	0.569612	-0.954146	-0.298258	0.025439	0.189955	-0.537608	0.821520
16581	5.767586	0.402910	8.538473	-0.037690	-0.084021	0.021534	-0.231311	0.788171	0.570335	-0.954205	-0.298110	0.024973	0.189706	-0.538440	0.821032
16582	6.168497	0.371700	8.541863	-0.033763	-0.090560	0.011079	-0.231227	0.787651	0.571087	-0.954252	-0.297987	0.024621	0.189569	-0.539268	0.820520
16583	5.822131	0.684182	8.578706	-0.040425	-0.031950	0.008704	-0.231169	0.787455	0.571381	-0.954346	-0.297722	0.024201	0.189170	-0.539700	0.820328
16584	5.395080	0.633361	8.668050	-0.018731	-0.092234	0.004283	-0.231017	0.786945	0.572144	-0.954380	-0.297626	0.024010	0.189180	-0.540497	0.819801
16585	5.216185	0.461159	8.726168	0.010817	-0.170184	0.026281	-0.230897	0.785934	0.573580	-0.954325	-0.297813	0.023903	0.189606	-0.541863	0.818800
16586	5.775601	0.520917	8.669335	0.070473	-0.250284	-0.004441	-0.230360	0.784589	0.575633	-0.954210	-0.298132	0.024493	0.190831	-0.543633	0.817341
16587	5.557256	0.990780	8.590140	0.046362	-0.239366	-0.011656	-0.229723	0.783323	0.577609	-0.954181	-0.298193	0.024902	0.191745	-0.545423	0.815934
16588	4.980890	1.980391	9.327678	-0.131620	-0.313908	-0.139134	-0.227775	0.782021	0.580139	-0.954760	-0.296355	0.024623	0.191183	-0.548285	0.814145
16589	5.294850	2.539855	11.584744	-0.296950	-0.558323	0.362109	-0.230134	0.777870	0.584771	-0.954529	-0.297446	0.020017	0.189508	-0.553574	0.810952
16590	5.783459	1.841509	9.557613	-0.547320	-0.717623	0.538052	-0.233903	0.772269	0.590669	-0.954317	-0.298538	0.012416	0.185925	-0.560782	0.806818
16591	5.934967	2.967483	9.611092	-0.724158	-0.842349	0.612705	-0.238131	0.765705	0.597486	-0.954238	-0.299035	0.002911	0.180898	-0.569450	0.801874
16592	6.433337	3.366214	9.983204	-0.964429	-0.762841	0.701959	-0.243459	0.759230	0.603570	-0.954265	-0.298824	-0.009027	0.173508	-0.578164	0.797259
16593	6.545782	2.509281	10.142820	-1.193440	-0.697544	0.737925	-0.249279	0.753011	0.608961	-0.954501	-0.297313	-0.023083	0.163670	-0.587008	0.792864
16594	4.957272	1.803815	10.671421	-1.320220	-0.443122	0.690451	-0.255153	0.748351	0.612265	-0.954853	-0.294669	-0.037758	0.152159	-0.594257	0.789751
16595	4.461589	-1.331441	12.248929	-1.038458	-0.441622	0.494137	-0.259168	0.744321	0.615482	-0.955155	-0.292015	-0.049054	0.143218	-0.600594	0.786623
16596	5.094636	-1.157173	12.237812	-0.359897	-0.375340	0.154718	-0.260094	0.741609	0.618358	-0.955273	-0.290966	-0.052846	0.140730	-0.604446	0.784117
16597	2.834381	0.323606	11.907532	-0.035904	-0.139185	0.076356	-0.260572	0.740625	0.619336	-0.955162	-0.291181	-0.053658	0.140598	-0.605548	0.783290
16598	1.220771	1.334453	11.561086	0.024794	0.040854	0.144232	-0.261989	0.740452	0.618945	-0.954759	-0.292369	-0.054368	0.140704	-0.605187	0.783550
16599	0.083270	0.144945	11.477730	-0.008281	0.140619	0.303542	-0.265134	0.740460	0.617595	-0.953972	-0.294543	-0.056401	0.140146	-0.604122	0.784471
16600	-0.057019	-1.493800	11.889926	0.129705	0.288081	0.442833	-0.269742	0.740884	0.615086	-0.952615	-0.298575	-0.058123	0.140587	-0.601618	0.786315
16601	0.149030	-1.976738	12.277386	0.393249	0.461096	0.568022	-0.275821	0.742004	0.611026	-0.950508	-0.305142	-0.058514	0.143032	-0.596924	0.789445
16602	0.341417	-1.319177	12.437516	0.608986	0.672179	0.671479	-0.283151	0.743917	0.605321	-0.947757	-0.313715	-0.057788	0.146909	-0.590060	0.793881
16603	0.569642	-0.558088	12.427594	0.687024	0.901825	0.765861	-0.291759	0.746838	0.597586	-0.944528	-0.323464	-0.056894	0.150807	-0.581036	0.799784
16604	0.939737	-0.271414	12.305570	0.699408	1.118829	0.830495	-0.301277	0.750552	0.588136	-0.941009	-0.333680	-0.056212	0.154059	-0.570376	0.806807
16605	1.295275	-0.260976	12.120236	0.716781	1.321542	0.834110	-0.311193	0.755249	0.576851	-0.937327	-0.344050	-0.055206	0.156771	-0.557878	0.814981
16606	1.628516	-0.161305	11.769734	0.763265	1.480228	0.780804	-0.320818	0.760681	0.564305	-0.933663	-0.354145	-0.053420	0.159210	-0.544009	0.823837
16607	1.926927	0.187362	11.250914	0.798802	1.611990	0.680354	-0.329748	0.766970	0.550476	-0.930168	-0.363639	-0.050540	0.161412	-0.528701	0.833320
16608	1.996850	0.316200	10.627432	0.833188	1.665777	0.560843	-0.337646	0.773583	0.536250	-0.926953	-0.372271	-0.046618	0.163567	-0.512819	0.842771
16609	2.287529	0.447239	10.183450	0.853249	1.666040	0.420089	-0.344178	0.780543	0.521818	-0.924165	-0.379725	-0.041557	0.165710	-0.496549	0.852044
16610	2.729052	0.634024	9.777607	0.844753	1.634267	0.273421	-0.349411	0.787484	0.507722	-0.921819	-0.385970	-0.035745	0.167817	-0.480517	0.860779
16611	3.005658	0.634670	9.357425	0.792903	1.578735	0.137240	-0.353119	0.794595	0.493889	-0.920109	-0.390548	-0.029522	0.169429	-0.464857	0.869024
16612	3.125954	0.477145	8.947956	0.724267	1.483935	0.022138	-0.355830	0.801301	0.480938	-0.918809	-0.394013	-0.023324	0.170806	-0.450190	0.876444
16613	3.327592	0.203242	8.714494	0.657726	1.352811	-0.069164	-0.357165	0.807807	0.468915	-0.918102	-0.395972	-0.017158	0.171817	-0.436640	0.883077
16614	3.648095	-0.144703	8.457276	0.612791	1.192997	-0.136779	-0.357952	0.813490	0.458371	-0.917545	-0.397477	-0.011111	0.173153	-0.424553	0.888691
16615	3.818871	-0.494185	8.256122	0.602157	1.030308	-0.208721	-0.357406	0.818898	0.449074	-0.917453	-0.397815	-0.004751	0.174758	-0.413702	0.893482
16616	4.146905	-0.685156	8.159825	0.629395	0.834618	-0.275038	-0.356337	0.823410	0.441610	-0.917337	-0.398107	0.002093	0.177531	-0.404359	0.897205
16617	4.791072	-0.640380	8.191097	0.655406	0.654328	-0.333990	-0.354045	0.827602	0.435576	-0.917545	-0.397520	0.009495	0.181008	-0.396299	0.900102
16618	5.491743	-0.438711	8.227953	0.665932	0.499730	-0.376963	-0.351486	0.831067	0.431027	-0.917665	-0.396986	0.017112	0.185333	-0.389524	0.902177
16619	6.298552	-0.271952	8.190720	0.641742	0.378725	-0.387500	-0.348913	0.834038	0.427364	-0.917691	-0.396531	0.024636	0.190011	-0.383592	0.903744
16620	6.880238	-0.597561	8.126452	0.611746	0.310913	-0.376022	-0.346044	0.836717	0.424451	-0.917831	-0.395699	0.031753	0.194523	-0.378587	0.904894
16621	7.051959	-0.980423	8.013502	0.614973	0.216865	-0.386193	-0.343181	0.839032	0.422199	-0.917833	-0.395044	0.039015	0.199521	-0.374119	0.905663
16622	8.112920	-0.663288	7.049916	0.604007	0.096637	-0.417852	-0.339525	0.841044	0.421149	-0.918049	-0.393761	0.046231	0.204714	-0.370939	0.905812
16623	8.502743	-0.583735	7.405211	0.515706	0.034297	-0.427252	-0.335900	0.842828	0.420491	-0.918322	-0.392304	0.052751	0.209420	-0.368426	0.905762
16624	9.106199	-0.499784	7.120121	0.356522	0.072316	-0.386310	-0.332489	0.844610	0.419626	-0.918871	-0.390333	0.057586	0.212432	-0.366435	0.905869
16625	9.570028	-0.655148	6.866748	0.188026	0.023318	-0.354169	-0.329474	0.846056	0.419089	-0.919557	-0.388222	0.060816	0.214153	-0.365339	0.905906
16626	9.593683	-1.313200	6.925361	0.045267	0.067088	-0.338084	-0.326493	0.847613	0.418276	-0.920579	-0.385503	0.062625	0.214328	-0.364609	0.906159
16627	10.294825	-2.226729	6.693722	-0.020603	0.068080	-0.376276	-0.323322	0.849294	0.417328	-0.921781	-0.382385	0.064039	0.213968	-0.363980	0.906497
16628	11.283205	-2.539415	6.144951	-0.011988	0.080873	-0.470377	-0.319141	0.851381	0.416292	-0.923328	-0.378320	0.065874	0.213576	-0.363351	0.906841
16629	12.792722	-2.000553	5.182546	-0.094032	0.108847	-0.529925	-0.314570	0.853763	0.414891	-0.925169	-0.373554	0.067236	0.212388	-0.362694	0.907383
16630	15.776433	-1.968130	4.039269	-0.208338	0.111370	-0.526603	-0.309914	0.856123	0.413529	-0.927263	-0.368275	0.067509	0.210089	-0.362528	0.907985
16631	17.127255	-1.232859	1.021925	-0.337449	0.353393	-0.318495	-0.307710	0.858569	0.410089	-0.928944	-0.364335	0.065745	0.205857	-0.360720	0.909673
16632	12.660927	-4.128136	-3.734389	-0.425927	0.255989	0.034629	-0.308539	0.859369	0.407784	-0.929714	-0.363076	0.061710	0.201088	-0.360083	0.910991
16633	3.634397	-2.205130	-5.292965	-0.098156	-0.135633	-0.026514	-0.307938	0.858985	0.409046	-0.930031	-0.362402	0.060890	0.200543	-0.361675	0.910480
16634	-4.969370	2.854344	10.102978	-0.326852	-0.587743	0.358514	-0.310082	0.855542	0.414604	-0.929586	-0.364262	0.056424	0.199298	-0.367914	0.908251
16635	3.941730	-4.243446	12.661719	-0.300898	-1.253272	0.664361	-0.313679	0.848430	0.426347	-0.928148	-0.368717	0.050874	0.200365	-0.379755	0.903128
16636	1.582739	-4.209986	13.014299	0.130423	-0.928696	0.238914	-0.314001	0.843989	0.434841	-0.927144	-0.371217	0.051005	0.204468	-0.387145	0.899062
16637	-0.320822	-0.861578	8.401376	0.318093	-1.339127	-0.110801	-0.310127	0.839155	0.446812	-0.926860	-0.371457	0.054308	0.211545	-0.397289	0.892978
16638	1.386453	3.020441	5.316022	0.531390	-1.794930	-0.134525	-0.304975	0.832410	0.462691	-0.926132	-0.372456	0.059627	0.221967	-0.410328	0.884512
16639	7.045045	4.278089	8.601068	0.598262	-2.053014	-0.144194	-0.298921	0.824376	0.480676	-0.925229	-0.373706	0.065541	0.233662	-0.425144	0.874445
16640	14.784240	3.858959	12.074008	0.372377	-1.945615	-0.315808	-0.291349	0.817145	0.497384	-0.925284	-0.372701	0.070309	0.242828	-0.439737	0.864677
16641	13.524286	1.674128	10.609780	0.172598	-0.896968	-0.338678	-0.285955	0.814432	0.504906	-0.925872	-0.370627	0.073465	0.246964	-0.446470	0.860042
16642	6.270176	-2.064348	9.082146	0.066833	-0.724642	-0.155826	-0.282698	0.811756	0.511012	-0.926159	-0.369637	0.074816	0.249622	-0.452128	0.856311
16643	6.381763	-2.006355	9.989697	0.169178	-0.896461	-0.066453	-0.279741	0.807920	0.518662	-0.925964	-0.369768	0.076567	0.253645	-0.458843	0.851544
16644	8.473438	-0.128077	10.148736	0.196554	-0.775279	-0.050277	-0.277279	0.804531	0.525211	-0.925612	-0.370246	0.078486	0.257602	-0.464379	0.847345
16645	7.025969	3.639557	8.956550	0.068229	-0.578333	0.034820	-0.276009	0.801703	0.530180	-0.925389	-0.370729	0.078839	0.259759	-0.468862	0.844212
16646	6.466202	4.419614	8.012504	-0.178785	-0.527220	0.158148	-0.276089	0.798635	0.534750	-0.925427	-0.371128	0.076477	0.259538	-0.473757	0.841543
16647	7.397545	2.646415	8.402503	-0.332150	-0.454477	0.210078	-0.276763	0.795690	0.538775	-0.925753	-0.371108	0.072521	0.257649	-0.478702	0.839322
16648	8.082466	-0.458375	9.188730	-0.322314	-0.277065	0.188230	-0.277780	0.793664	0.541235	-0.926069	-0.371032	0.068789	0.255410	-0.482113	0.838053
16649	7.596646	-1.635724	9.065791	-0.204347	-0.093833	0.139716	-0.278732	0.792691	0.542171	-0.926253	-0.371030	0.066282	0.253702	-0.483712	0.837650
16650	5.885312	-0.863715	8.938861	-0.104744	-0.008917	0.101397	-0.279633	0.792275	0.542315	-0.926245	-0.371302	0.064841	0.252735	-0.484185	0.837669
16651	5.411875	0.654972	8.462336	-0.082049	-0.040110	0.092367	-0.280276	0.791736	0.542770	-0.926251	-0.371502	0.063611	0.252003	-0.484912	0.837469
16652	4.885551	1.095906	8.135351	-0.151983	-0.061681	0.129153	-0.281302	0.790960	0.543371	-0.926281	-0.371762	0.061624	0.250746	-0.485979	0.837228
16653	4.906630	0.825139	8.212917	-0.241911	-0.106718	0.199157	-0.282771	0.789699	0.544441	-0.926378	-0.372026	0.058474	0.248724	-0.487824	0.836758
16654	5.113725	0.042762	8.692760	-0.319387	-0.166048	0.251532	-0.284675	0.787953	0.545976	-0.926466	-0.372424	0.054419	0.246214	-0.490336	0.836032
16655	6.116654	-0.726142	8.847541	-0.307835	-0.201250	0.241186	-0.286311	0.786065	0.547840	-0.926586	-0.372679	0.050487	0.243855	-0.493166	0.835058
16656	6.088504	-0.096146	8.769400	-0.275922	-0.160978	0.190209	-0.287667	0.784563	0.549280	-0.926720	-0.372784	0.047127	0.241738	-0.495472	0.834308
16657	6.042633	0.778825	8.566281	-0.263962	-0.153175	0.173275	-0.288796	0.783156	0.550694	-0.926912	-0.372698	0.043931	0.239648	-0.497758	0.833550
16658	5.847130	0.876144	8.471390	-0.256981	-0.103170	0.162488	-0.290040	0.782039	0.551627	-0.927066	-0.372664	0.040881	0.237542	-0.499537	0.833089
16659	6.144076	-0.482263	9.177658	-0.153190	-0.187462	0.110977	-0.290517	0.780686	0.553289	-0.927162	-0.372630	0.038951	0.236581	-0.501673	0.832078
16660	5.790447	0.464230	8.371272	-0.102235	-0.137957	0.079680	-0.290914	0.779699	0.554471	-0.927183	-0.372713	0.037646	0.236011	-0.503144	0.831351
16661	6.054748	0.642689	8.325119	-0.084426	-0.177127	0.081086	-0.291140	0.778503	0.556031	-0.927202	-0.372784	0.036452	0.235658	-0.504940	0.830362
16662	5.660777	-0.082510	8.576290	-0.083217	-0.121314	0.074650	-0.291530	0.777614	0.557069	-0.927191	-0.372919	0.035333	0.235217	-0.506209	0.829714
16663	5.754822	-0.168634	8.565913	-0.056627	-0.170615	0.052586	-0.291508	0.776552	0.558560	-0.927227	-0.372905	0.034528	0.235103	-0.507847	0.828745
16664	6.036046	0.231401	8.366380	-0.051990	-0.151177	0.036388	-0.291474	0.775651	0.559829	-0.927254	-0.372897	0.033881	0.235039	-0.509228	0.827915
16665	5.835400	0.113670	8.470440	-0.044335	-0.107050	0.024786	-0.291343	0.775012	0.560782	-0.927342	-0.372727	0.033333	0.234851	-0.510325	0.827292
16666	5.836806	0.262919	8.490371	-0.038242	-0.118807	0.013085	-0.291170	0.774359	0.561773	-0.927405	-0.372607	0.032930	0.234820	-0.511403	0.826636
16667	5.908419	0.473974	8.447789	-0.032195	-0.111095	0.013239	-0.290923	0.773739	0.562754	-0.927498	-0.372407	0.032547	0.234757	-0.512484	0.825984
16668	6.084862	0.489594	8.314066	-0.033981	-0.100112	0.014733	-0.290808	0.773174	0.563589	-0.927546	-0.372321	0.032171	0.234710	-0.513400	0.825428
16669	6.066639	0.309776	8.357100	-0.028917	-0.063511	0.017563	-0.290713	0.772781	0.564177	-0.927620	-0.372171	0.031791	0.234538	-0.514100	0.825041
16670	5.923869	0.130276	8.476200	-0.033617	-0.029728	0.010692	-0.290726	0.772591	0.564430	-0.927678	-0.372055	0.031440	0.234289	-0.514469	0.824882
16671	5.836556	0.405155	8.453521	-0.022995	-0.044939	0.009905	-0.290603	0.772321	0.564863	-0.927760	-0.371874	0.031152	0.234117	-0.515004	0.824596
16672	5.735582	0.413780	8.487703	-0.027431	-0.049728	0.012493	-0.290586	0.772021	0.565281	-0.927799	-0.371803	0.030842	0.233984	-0.515505	0.824321
16673	5.737863	0.347213	8.448218	-0.024958	-0.064947	0.014955	-0.290464	0.771629	0.565879	-0.927870	-0.371653	0.030510	0.233853	-0.516200	0.823923
16674	5.906057	0.420589	8.298331	-0.021782	-0.092834	0.018304	-0.290400	0.771084	0.566654	-0.927879	-0.371655	0.030214	0.233898	-0.517012	0.823402
16675	6.078180	0.327906	8.323670	-0.018426	-0.064856	0.021014	-0.290336	0.770669	0.567252	-0.927917	-0.371586	0.029902	0.233827	-0.517681	0.823001
16676	5.916604	0.280460	8.329253	-0.013456	-0.050800	0.020301	-0.290389	0.770333	0.567681	-0.927901	-0.371646	0.029663	0.233827	-0.518137	0.822714
16677	5.773012	0.173881	8.373018	-0.003819	-0.059282	0.014794	-0.290279	0.769969	0.568231	-0.927923	-0.371603	0.029506	0.233875	-0.518709	0.822340
16678	5.917664	0.112945	8.332741	0.005226	-0.063235	0.011697	-0.290223	0.769600	0.568759	-0.927888	-0.371694	0.029470	0.234084	-0.519191	0.821976
16679	6.062096	0.029119	8.317924	0.012161	-0.040304	0.007342	-0.290089	0.769361	0.569150	-0.927894	-0.371676	0.029486	0.234225	-0.519557	0.821705
16680	5.949754	0.107597	8.369251	0.005242	-0.016018	0.001587	-0.290049	0.769275	0.569287	-0.927888	-0.371689	0.029507	0.234297	-0.519676	0.821609
16681	6.230679	0.147666	8.375161	0.003814	-0.012916	0.002618	-0.289934	0.769196	0.569452	-0.927928	-0.371591	0.029482	0.234280	-0.519863	0.821496
16682	6.111496	0.320521	8.329386	-0.003950	0.059718	0.001283	-0.290069	0.769505	0.568966	-0.927945	-0.371553	0.029429	0.234047	-0.519433	0.821834
16683	5.879162	0.403641	8.369288	0.007145	0.045392	-0.000759	-0.290058	0.769741	0.568652	-0.927988	-0.371445	0.029450	0.233892	-0.519160	0.822051
16684	5.788549	0.330578	8.327978	0.015116	0.056209	-0.001635	-0.290157	0.770042	0.568194	-0.927968	-0.371484	0.029570	0.233845	-0.518686	0.822363
16685	5.593195	0.318529	8.417338	0.010264	0.020255	-0.001924	-0.290077	0.770152	0.568086	-0.928007	-0.371384	0.029624	0.233793	-0.518594	0.822436
16686	5.458887	0.506821	8.526762	0.009679	-0.011235	-0.000999	-0.290024	0.770100	0.568183	-0.927998	-0.371399	0.029696	0.233891	-0.518660	0.822366
16687	5.688593	0.360732	8.450951	0.002572	-0.095386	0.002784	-0.289720	0.769593	0.569025	-0.928040	-0.371299	0.029660	0.234104	-0.519485	0.821785
16688	6.004553	0.199307	8.261579	0.007259	-0.073506	0.002566	-0.289554	0.769204	0.569635	-0.928027	-0.371329	0.029692	0.234361	-0.520039	0.821361
16689	6.045131	0.151145	8.257754	0.010661	-0.070447	0.002383	-0.289304	0.768826	0.570271	-0.928050	-0.371268	0.029725	0.234576	-0.520640	0.820919
16690	5.953471	0.193736	8.319759	0.008056	-0.058202	-0.001970	-0.289132	0.768533	0.570753	-0.928048	-0.371267	0.029789	0.234796	-0.521073	0.820581
16691	6.339026	0.133478	8.130059	0.006573	-0.038588	-0.001143	-0.288924	0.768334	0.571127	-0.928092	-0.371157	0.029809	0.234880	-0.521446	0.820321
16692	6.315502	0.092562	8.138520	0.004176	0.023710	-0.003501	-0.288929	0.768474	0.570936	-0.928104	-0.371124	0.029850	0.234827	-0.521264	0.820452
16693	6.142613	0.010645	8.233967	0.006229	0.063186	-0.006861	-0.288904	0.768826	0.570475	-0.928166	-0.370964	0.029898	0.234612	-0.520857	0.820771
16694	5.942676	0.253472	8.306158	0.005205	0.086343	-0.001551	-0.289074	0.769284	0.569770	-0.928170	-0.370951	0.029937	0.234387	-0.520190	0.821258
16695	5.816114	-0.000815	8.405901	0.004505	0.085255	-0.006748	-0.289100	0.769750	0.569128	-0.928236	-0.370783	0.029970	0.234092	-0.519620	0.821703
16696	5.876755	-0.026245	8.336523	0.004095	0.076343	-0.012445	-0.289146	0.770195	0.568502	-0.928274	-0.370680	0.030061	0.233885	-0.519033	0.822133
16697	5.861930	0.128652	8.368292	-0.000499	0.093576	-0.019074	-0.289076	0.770749	0.567786	-0.928388	-0.370390	0.030122	0.233519	-0.518418	0.822625
16698	5.780400	0.418604	8.316036	-0.008405	0.088504	-0.020819	-0.289071	0.771287	0.567057	-0.928479	-0.370158	0.030158	0.233161	-0.517783	0.823126
16699	5.680890	0.585695	8.314851	-0.012819	0.092120	-0.015143	-0.289034	0.771818	0.566353	-0.928610	-0.369834	0.030096	0.232685	-0.517223	0.823613
16700	5.384708	0.273392	8.624142	-0.009255	0.050990	-0.013478	-0.289009	0.772134	0.565935	-0.928682	-0.369654	0.030083	0.232428	-0.516879	0.823901
16701	5.372899	0.524473	8.695964	0.001510	-0.016815	-0.015520	-0.288718	0.772103	0.566127	-0.928780	-0.369405	0.030141	0.232402	-0.517105	0.823767
16702	5.479421	0.474066	8.594720	0.004077	-0.093091	-0.007194	-0.288416	0.771650	0.566897	-0.928803	-0.369342	0.030202	0.232684	-0.517824	0.823235
16703	5.514631	0.285021	8.574561	0.006743	-0.132876	-0.011431	-0.287896	0.771002	0.568042	-0.928874	-0.369156	0.030282	0.233044	-0.518922	0.822442
16704	5.778737	0.316490	8.445025	0.013597	-0.190372	-0.011666	-0.287325	0.770058	0.569609	-0.928887	-0.369108	0.030447	0.233693	-0.520355	0.821352
16705	6.093631	0.357286	8.226566	-0.005317	-0.169696	-0.006410	-0.286766	0.769196	0.571055	-0.928971	-0.368901	0.030400	0.234046	-0.521776	0.820349
16706	5.925178	0.460536	8.344118	-0.019741	-0.158108	0.002179	-0.286397	0.768364	0.572357	-0.929023	-0.368786	0.030212	0.234291	-0.523081	0.819447
16707	5.802401	0.606533	8.527659	-0.044450	-0.164107	0.018428	-0.286081	0.767434	0.573762	-0.929128	-0.368563	0.029703	0.234263	-0.524600	0.818484
16708	5.499641	0.900973	8.788511	-0.070731	-0.211283	0.031092	-0.285856	0.766212	0.575505	-0.929217	-0.368401	0.028933	0.234185	-0.526498	0.817287
16709	5.530883	0.689827	8.798625	-0.113317	-0.282783	0.033380	-0.285406	0.764594	0.577875	-0.929438	-0.367932	0.027777	0.233857	-0.529171	0.815652
16710	5.403993	0.517929	8.827243	-0.129497	-0.345130	0.048829	-0.285034	0.762585	0.580706	-0.929613	-0.367589	0.026426	0.233613	-0.532299	0.813684
16711	5.342814	0.922312	9.164269	-0.158286	-0.419715	0.059366	-0.284513	0.760122	0.584180	-0.929862	-0.367074	0.024758	0.233257	-0.536163	0.811246
16712	4.675073	1.539270	9.784151	-0.225472	-0.522116	0.076841	-0.283993	0.757031	0.588432	-0.930181	-0.366413	0.022469	0.232620	-0.540967	0.808234
16713	3.782410	1.802859	11.107911	-0.581577	-0.790263	-0.215776	-0.280076	0.753506	0.594799	-0.932175	-0.361507	0.019027	0.229361	-0.549128	0.803649
16714	-0.137909	-0.147284	10.759697	0.029617	-1.099620	0.387581	-0.281128	0.746018	0.603676	-0.931031	-0.364547	0.016930	0.232698	-0.557282	0.797050
16715	4.180414	1.336960	11.497009	-0.103486	-2.007621	0.314747	-0.279289	0.733525	0.619628	-0.930420	-0.366220	0.014163	0.237309	-0.572559	0.784768
16716	3.208246	-1.398513	11.363645	-0.147899	-2.189381	0.384783	-0.277601	0.719398	0.636713	-0.929715	-0.368126	0.010585	0.242005	-0.589024	0.771028
16717	4.302508	1.269524	11.267539	-0.118551	-2.784276	0.523630	-0.275610	0.700781	0.657986	-0.928575	-0.371092	0.006276	0.248572	-0.609259	0.753004
16718	3.924310	-0.268487	11.684219	-0.257626	-3.155589	0.557400	-0.272822	0.679122	0.681441	-0.927707	-0.373309	0.000621	0.254809	-0.632008	0.731873
16719	4.928512	0.813852	12.128940	-0.098195	-3.721109	0.660548	-0.269290	0.652659	0.708180	-0.926175	-0.377064	-0.004682	0.263974	-0.657159	0.706017
16720	5.981764	1.536653	12.711584	-0.025657	-4.269927	0.822493	-0.265370	0.620891	0.737613	-0.924058	-0.382099	-0.010812	0.275128	-0.684467	0.675137
16721	11.296056	9.586956	15.506065	-0.382310	-4.928776	1.187410	-0.262556	0.581829	0.769766	-0.921982	-0.386592	-0.022268	0.284630	-0.715556	0.637938
16722	11.416568	8.907061	13.618577	-1.388600	-4.560150	1.504166	-0.263444	0.542683	0.797554	-0.921986	-0.384866	-0.042670	0.283795	-0.746574	0.601736
16723	13.785579	13.634203	15.999017	-2.234035	-4.481885	1.639772	-0.266096	0.502283	0.822742	-0.923853	-0.376486	-0.068954	0.275117	-0.778441	0.564217
16724	10.931760	13.383800	19.407540	-3.651141	-3.798573	1.187887	-0.267091	0.467768	0.842529	-0.930311	-0.353208	-0.098819	0.251364	-0.810208	0.529509
16725	24.842618	0.784136	21.578112	-2.868134	-2.220872	-0.608402	-0.256125	0.451675	0.854628	-0.938749	-0.327086	-0.108469	0.230544	-0.830063	0.507784
16726	2.022227	-0.266381	18.516837	-1.761194	-0.689861	-1.461020	-0.240796	0.450541	0.859669	-0.946319	-0.305766	-0.104819	0.215632	-0.838761	0.499983
16727	-5.741035	1.261204	12.800903	-0.617972	-0.664290	-1.678158	-0.223561	0.450063	0.864560	-0.951453	-0.293298	-0.093349	0.211561	-0.843457	0.493784
16728	-6.237426	1.659072	11.486536	-0.382868	-1.047245	-1.133064	-0.210535	0.444474	0.870700	-0.954729	-0.284958	-0.085388	0.210159	-0.849260	0.484346
16729	-2.687962	-1.148769	14.398924	-0.308434	-0.738019	-0.393910	-0.205377	0.439430	0.874483	-0.956087	-0.280983	-0.083347	0.209089	-0.853200	0.477841
16730	-0.378694	-4.176203	16.543385	0.070308	0.028414	0.157737	-0.206926	0.439227	0.874220	-0.955624	-0.282244	-0.084389	0.209678	-0.852888	0.478140
16731	-0.837695	-4.477378	15.720778	0.698528	0.983800	0.549338	-0.214458	0.446163	0.868876	-0.952845	-0.291103	-0.085703	0.214695	-0.846284	0.487554
16732	-2.043365	-2.644684	13.476874	1.155811	1.761202	0.884853	-0.226696	0.458331	0.859384	-0.948380	-0.304791	-0.087619	0.221773	-0.834886	0.503767
16733	-2.293869	-1.158200	11.706573	1.308252	2.296196	1.165843	-0.243159	0.473837	0.846376	-0.942510	-0.321629	-0.090717	0.229234	-0.819777	0.524803
16734	-1.266591	-0.742370	10.752128	1.335346	2.740931	1.277663	-0.261506	0.491849	0.830481	-0.936198	-0.338599	-0.094260	0.234838	-0.802144	0.549013
16735	-0.215682	-0.363440	10.005929	1.338716	3.142015	1.193360	-0.280413	0.512726	0.811468	-0.929563	-0.355840	-0.096385	0.239334	-0.781339	0.576393
16736	0.340977	0.315438	9.015181	1.302540	3.472701	0.961618	-0.297656	0.535971	0.790023	-0.923663	-0.370883	-0.096391	0.241343	-0.758406	0.605453
16737	0.578720	0.133159	8.130477	1.213779	3.696053	0.645078	-0.312915	0.561213	0.766241	-0.918495	-0.384166	-0.093719	0.241768	-0.733114	0.635682
16738	0.929968	-1.423868	7.713204	1.199603	3.814664	0.262018	-0.324503	0.587658	0.741186	-0.914777	-0.394281	-0.087894	0.240584	-0.706542	0.665521
16739	1.895550	-2.850837	7.618297	1.308883	3.862602	-0.168090	-0.332706	0.615139	0.714780	-0.911886	-0.403043	-0.077593	0.240357	-0.677614	0.695031
16740	3.030772	-2.806866	7.621251	1.393997	3.899418	-0.559389	-0.336960	0.643251	0.687522	-0.910422	-0.408734	-0.063790	0.239980	-0.647429	0.723356
16741	3.954014	-2.502777	8.063951	1.277863	3.921427	-0.873750	-0.338898	0.671655	0.658808	-0.910005	-0.411773	-0.048314	0.238829	-0.615892	0.750758
16742	5.336006	-3.216269	8.802654	1.052314	3.919597	-1.116545	-0.338004	0.699781	0.629332	-0.911301	-0.410409	-0.033094	0.235125	-0.584697	0.776431
16743	6.463088	-4.503488	9.090752	0.868971	3.942290	-1.273706	-0.336103	0.727426	0.598236	-0.913264	-0.406959	-0.018252	0.230180	-0.552482	0.801112
16744	6.362286	-4.633966	8.661444	0.715883	3.871337	-1.290622	-0.333072	0.753426	0.566932	-0.915968	-0.401221	-0.004926	0.223754	-0.520933	0.823750
16745	6.450866	-3.715625	8.278007	0.514160	3.625714	-1.184877	-0.330762	0.776482	0.536350	-0.918477	-0.395429	0.006051	0.216787	-0.490624	0.843974
16746	7.293204	-3.019186	8.662611	0.276947	3.310202	-1.021063	-0.328395	0.796283	0.508026	-0.921263	-0.388699	0.013732	0.208404	-0.463516	0.861232
16747	8.981008	-3.025330	9.315947	0.143669	2.976005	-0.841922	-0.325059	0.813755	0.481808	-0.924512	-0.380670	0.019202	0.199035	-0.439195	0.876066
16748	11.701787	-3.442110	9.745511	0.205533	2.694218	-0.667994	-0.324135	0.827812	0.457891	-0.926287	-0.376046	0.024140	0.192171	-0.416313	0.888681
16749	15.134210	-3.571874	9.549995	0.420937	2.463031	-0.551618	-0.324266	0.839818	0.435382	-0.927030	-0.373746	0.030487	0.188325	-0.393727	0.899729
16750	18.744327	-2.533812	8.614637	0.641520	2.326746	-0.473454	-0.324228	0.850492	0.414173	-0.927370	-0.372181	0.038286	0.186709	-0.371678	0.909393
16751	21.659806	-1.444106	7.202970	0.728354	2.348749	-0.387310	-0.325498	0.860344	0.392249	-0.927067	-0.371988	0.046600	0.186004	-0.348473	0.918678
16752	22.905784	-1.006463	5.670615	0.748783	2.441375	-0.352500	-0.326748	0.869874	0.369533	-0.926836	-0.371441	0.054840	0.184964	-0.324577	0.927598
16753	24.158506	-0.518228	3.907260	0.720571	2.463845	-0.350212	-0.328410	0.878823	0.346145	-0.926505	-0.370993	0.062873	0.183672	-0.300057	0.936072
16754	25.385269	-0.725792	1.731138	0.642591	2.544666	-0.425245	-0.329102	0.887720	0.321938	-0.926738	-0.369069	0.070319	0.181241	-0.275210	0.944146
16755	21.232723	-1.053411	-1.210446	0.505781	2.538653	-0.593677	-0.328370	0.896541	0.297301	-0.927698	-0.365310	0.076982	0.177625	-0.250527	0.951675
16756	15.850549	-0.230980	-11.448681	0.191635	0.240345	-0.816233	-0.321206	0.900097	0.294368	-0.930015	-0.358439	0.081204	0.178605	-0.247683	0.952236
16757	13.567115	0.606334	-15.453352	-0.539089	0.085337	-0.690515	-0.315007	0.902746	0.292950	-0.933131	-0.350953	0.078098	0.173314	-0.248759	0.952933
16758	12.330888	-4.222894	-19.728121	-0.474902	-2.085864	-0.655842	-0.305231	0.899626	0.312262	-0.936000	-0.343797	0.075554	0.175325	-0.269216	0.946987
16759	0.892116	1.085521	-8.802084	-0.129955	-2.517319	-0.766678	-0.293512	0.895173	0.335434	-0.938545	-0.336507	0.076788	0.181615	-0.292282	0.938929
16760	0.530814	3.035028	18.073486	-0.285102	-3.697973	-0.121002	-0.285501	0.884146	0.369831	-0.939432	-0.334533	0.074540	0.189625	-0.326150	0.926104
16761	27.577826	-5.501392	19.533509	0.542344	-3.829975	-0.310777	-0.274988	0.872086	0.404782	-0.939245	-0.333625	0.080708	0.205430	-0.357996	0.910844
16762	14.776451	-5.351303	21.429574	0.520352	-0.731422	-1.037627	-0.263695	0.872878	0.410548	-0.940960	-0.326430	0.089654	0.212273	-0.362668	0.907421
16763	4.529143	-1.404906	8.229639	0.645464	-1.178932	-1.212468	-0.249600	0.872465	0.420125	-0.942721	-0.318087	0.100487	0.221308	-0.370979	0.901885
16764	-0.017734	3.801044	0.111867	0.548167	-1.520684	-0.640246	-0.240119	0.868764	0.433119	-0.943059	-0.314561	0.108129	0.230181	-0.382493	0.894827
16765	0.056596	3.263527	7.238618	0.138188	-2.183216	0.124345	-0.236078	0.859819	0.452746	-0.942488	-0.316048	0.108767	0.236610	-0.401030	0.884981
16766	11.429175	-0.418589	13.917168	0.061468	-2.570020	0.047138	-0.230346	0.849086	0.475389	-0.942238	-0.316686	0.109075	0.243163	-0.422804	0.872988
16767	15.460216	0.844282	11.650905	0.068165	-1.946952	-0.121126	-0.224306	0.841073	0.492222	-0.942394	-0.315827	0.110214	0.248155	-0.439145	0.863464
16768	8.652765	-1.024905	9.042899	-0.076484	-1.158144	0.022439	-0.221622	0.835862	0.502214	-0.942542	-0.315657	0.109431	0.249997	-0.449106	0.857791
16769	5.646935	-0.922550	9.401426	0.077124	-1.417528	0.086744	-0.218485	0.829186	0.514505	-0.942309	-0.316296	0.109596	0.253611	-0.460877	0.850455
16770	8.516016	2.484463	10.629393	0.048458	-1.373999	0.185130	-0.216710	0.822192	0.526343	-0.941790	-0.318032	0.109031	0.257038	-0.472077	0.843253
16771	12.125593	4.750215	9.646447	-0.409347	-1.182974	0.471525	-0.217724	0.815086	0.536872	-0.941975	-0.319482	0.103031	0.255500	-0.483288	0.837349
16772	8.089914	5.160108	8.998012	-0.639021	-0.462048	0.506870	-0.221320	0.811220	0.541239	-0.942487	-0.320477	0.094941	0.250473	-0.489098	0.835492
16773	9.945101	2.123106	7.210369	-1.006482	-0.464755	0.728233	-0.226611	0.806651	0.545859	-0.943508	-0.320906	0.082530	0.241742	-0.496321	0.833802
16774	5.596192	-0.877879	9.670013	-0.913627	-0.020017	0.615606	-0.232363	0.804577	0.546501	-0.944273	-0.321296	0.071535	0.233144	-0.499424	0.834397
16775	7.850112	-2.455037	9.447274	-0.637069	-0.306191	0.492826	-0.235835	0.801526	0.549489	-0.944782	-0.321495	0.063466	0.227528	-0.504180	0.833087
16776	6.300362	-2.083388	9.145437	-0.471987	-0.037641	0.327821	-0.238836	0.800284	0.550002	-0.945075	-0.321716	0.057720	0.223137	-0.506008	0.833166
16777	6.454279	-0.352678	8.703010	-0.366878	-0.169005	0.244579	-0.240291	0.798712	0.551651	-0.945501	-0.321235	0.053257	0.219746	-0.508789	0.832373
16778	6.850561	-0.981752	9.278640	-0.268398	-0.037967	0.137982	-0.241501	0.798079	0.552040	-0.945763	-0.320948	0.050249	0.217279	-0.509963	0.832302
16779	6.107008	0.606868	8.289306	-0.155920	0.009185	0.073840	-0.241706	0.797969	0.552109	-0.946133	-0.320128	0.048480	0.215431	-0.510650	0.832361
16780	6.051205	1.284650	8.440136	-0.156315	0.005504	0.079530	-0.242458	0.797745	0.552102	-0.946284	-0.319943	0.046728	0.213918	-0.511116	0.832466
16781	6.010353	0.865864	8.416361	-0.144305	0.030452	0.081990	-0.242789	0.797718	0.551996	-0.946602	-0.319248	0.045011	0.212130	-0.511593	0.832631
16782	5.842900	0.733939	8.532558	-0.094765	0.047741	0.071104	-0.243550	0.797738	0.551632	-0.946637	-0.319309	0.043817	0.211096	-0.511524	0.832936
16783	5.623521	0.829910	8.507670	-0.072692	0.005595	0.071989	-0.243751	0.797611	0.551726	-0.946816	-0.318921	0.042752	0.210057	-0.511963	0.832929
16784	5.643039	0.453574	8.534685	-0.065947	-0.017323	0.071751	-0.244381	0.797296	0.551903	-0.946788	-0.319134	0.041795	0.209454	-0.512321	0.832860
16785	5.656011	0.362940	8.573784	-0.063671	-0.054037	0.068233	-0.244427	0.796877	0.552488	-0.946954	-0.318766	0.040827	0.208649	-0.513201	0.832520
