// General information: 
//  MT Manager version: 2022.2.0 
//  XDA version: 2022.2.0 build 7381 rev 124627 built on 2023-07-19
// Device information: 
//  DeviceId: 00B4CAF0
//  ProductCode: MTW2-3A7G6
//  Firmware Version: 4.6.0
//  Hardware Version: 2.0.0
// Device settings: 
//  Filter Profile: human(46.1)
//  Option Flags: Orientation Smoother Disabled, Position/Velocity Smoother Disabled, Continuous Zero Rotation Update Disabled, AHS Disabled, ICC Disabled
// Coordinate system: ENU
PacketCounter	Acc_X	Acc_Y	Acc_Z	Gyr_X	Gyr_Y	Gyr_Z	Mat[1][1]	Mat[2][1]	Mat[3][1]	Mat[1][2]	Mat[2][2]	Mat[3][2]	Mat[1][3]	Mat[2][3]	Mat[3][3]
64775	5.495359	1.226063	8.563788	0.001118	-0.000393	0.004699	-0.760874	-0.348848	0.547153	0.487675	-0.863662	0.127520	0.428070	0.363860	0.827262
64776	5.498340	1.178149	8.527459	-0.003655	-0.004969	0.005437	-0.760837	-0.348837	0.547210	0.487656	-0.863683	0.127450	0.428157	0.363819	0.827235
64777	5.520209	1.200824	8.564746	0.012620	-0.009962	0.006109	-0.760782	-0.348859	0.547274	0.487721	-0.863644	0.127467	0.428181	0.363892	0.827190
64778	5.507669	1.237617	8.581518	0.007462	-0.005425	0.004517	-0.760748	-0.348839	0.547334	0.487742	-0.863628	0.127494	0.428218	0.363949	0.827146
64779	5.519654	1.223103	8.552024	0.007591	-0.008463	0.005294	-0.760702	-0.348861	0.547383	0.487782	-0.863608	0.127475	0.428254	0.363974	0.827116
64780	5.530026	1.229708	8.510648	0.005059	-0.012406	0.008571	-0.760618	-0.348851	0.547506	0.487824	-0.863586	0.127459	0.428355	0.364035	0.827038
64781	5.519726	1.244550	8.539012	0.005282	-0.008993	0.009230	-0.760556	-0.348892	0.547566	0.487870	-0.863569	0.127400	0.428413	0.364036	0.827007
64782	5.544445	1.219490	8.540015	0.003745	-0.008874	0.009567	-0.760482	-0.348903	0.547661	0.487914	-0.863549	0.127368	0.428493	0.364073	0.826949
64783	5.534585	1.207913	8.520709	0.002079	-0.005718	0.009127	-0.760433	-0.348960	0.547694	0.487951	-0.863541	0.127283	0.428540	0.364038	0.826940
64784	5.527166	1.206050	8.620584	0.001503	-0.009506	0.007031	-0.760369	-0.348947	0.547791	0.487965	-0.863538	0.127247	0.428636	0.364058	0.826882
64785	5.453997	1.157114	8.595797	-0.010415	-0.000207	0.010659	-0.760332	-0.349045	0.547780	0.487969	-0.863565	0.127050	0.428697	0.363900	0.826919
64786	5.633895	1.343003	8.446411	0.020149	-0.015497	0.004149	-0.760257	-0.348985	0.547923	0.488042	-0.863504	0.127184	0.428748	0.364102	0.826804
64787	5.585710	1.130254	8.474338	-0.019993	0.000136	0.011247	-0.760224	-0.349077	0.547910	0.487995	-0.863572	0.126905	0.428860	0.363854	0.826855
64788	5.554878	1.270538	8.533503	0.009096	-0.000514	0.010922	-0.760179	-0.349130	0.547938	0.488072	-0.863527	0.126910	0.428851	0.363908	0.826836
64789	5.524990	1.214733	8.488692	-0.006409	0.003719	0.013518	-0.760158	-0.349238	0.547898	0.488082	-0.863548	0.126731	0.428877	0.363755	0.826890
64790	5.565356	1.280024	8.552721	-0.004519	0.003974	0.014618	-0.760115	-0.349339	0.547893	0.488128	-0.863540	0.126603	0.428901	0.363676	0.826913
64791	5.558964	1.198588	8.509751	-0.006183	0.007132	0.014178	-0.760093	-0.349491	0.547827	0.488174	-0.863541	0.126423	0.428887	0.363529	0.826984
64792	5.574679	1.257389	8.465023	-0.009739	0.008616	0.019500	-0.760046	-0.349652	0.547789	0.488236	-0.863535	0.126226	0.428900	0.363388	0.827039
64793	5.606625	1.262960	8.474424	-0.012173	0.011124	0.022660	-0.760006	-0.349878	0.547701	0.488306	-0.863536	0.125950	0.428893	0.363168	0.827140
64794	5.583783	1.264011	8.485578	-0.018574	0.017679	0.022455	-0.759983	-0.350097	0.547593	0.488352	-0.863552	0.125663	0.428880	0.362919	0.827255
64795	5.542996	1.199252	8.482769	-0.024559	0.023090	0.024076	-0.759983	-0.350388	0.547407	0.488389	-0.863586	0.125277	0.428838	0.362556	0.827437
64796	5.502979	1.139799	8.539700	-0.009369	0.026443	0.019543	-0.760012	-0.350613	0.547222	0.488453	-0.863579	0.125082	0.428714	0.362356	0.827588
64797	5.491584	1.131608	8.581907	-0.006230	0.024682	0.019258	-0.760049	-0.350853	0.547017	0.488515	-0.863574	0.124874	0.428577	0.362137	0.827755
64798	5.470343	1.087115	8.557120	0.011105	0.023632	0.010521	-0.760110	-0.350990	0.546844	0.488598	-0.863523	0.124898	0.428375	0.362123	0.827866
64799	5.462103	1.178496	8.571033	0.026070	0.023570	0.005334	-0.760197	-0.351133	0.546631	0.488725	-0.863432	0.125034	0.428075	0.362203	0.827986
64800	5.464193	1.137226	8.595269	0.014912	0.016071	0.006753	-0.760244	-0.351211	0.546516	0.488795	-0.863381	0.125110	0.427911	0.362249	0.828051
64801	5.517841	1.116872	8.546747	0.030527	0.019694	-0.002807	-0.760380	-0.351214	0.546325	0.488817	-0.863337	0.125328	0.427646	0.362350	0.828143
64802	5.527156	1.105299	8.518614	0.040636	0.026065	-0.008537	-0.760544	-0.351196	0.546108	0.488881	-0.863247	0.125701	0.427280	0.362583	0.828230
64803	5.589038	1.263919	8.485890	0.042282	0.032391	-0.008991	-0.760754	-0.351213	0.545805	0.488929	-0.863168	0.126050	0.426851	0.362753	0.828377
64804	5.603879	1.305866	8.454133	0.017596	0.045329	-0.004914	-0.760983	-0.351296	0.545432	0.488922	-0.863149	0.126212	0.426451	0.362719	0.828598
64805	5.571370	1.287761	8.578687	0.004456	0.047166	0.000974	-0.761194	-0.351480	0.545019	0.488916	-0.863155	0.126194	0.426081	0.362526	0.828873
64806	5.558384	1.254779	8.574350	-0.009219	0.053183	0.004254	-0.761411	-0.351671	0.544593	0.488864	-0.863200	0.126084	0.425752	0.362233	0.829169
64807	5.553738	1.253693	8.577518	-0.010875	0.056337	0.003810	-0.761646	-0.351914	0.544106	0.488817	-0.863251	0.125923	0.425386	0.361877	0.829513
64808	5.505226	1.259193	8.600866	-0.022647	0.053121	0.009085	-0.761839	-0.352145	0.543686	0.488745	-0.863328	0.125675	0.425123	0.361468	0.829826
64809	5.479093	1.260309	8.613950	-0.024289	0.046792	0.009538	-0.762016	-0.352378	0.543287	0.488656	-0.863421	0.125373	0.424907	0.361017	0.830133
64810	5.459708	1.310178	8.562477	-0.028829	0.036151	0.011821	-0.762123	-0.352572	0.543011	0.488579	-0.863511	0.125059	0.424804	0.360614	0.830361
64811	5.437185	1.289047	8.586248	-0.029969	0.024224	0.021737	-0.762142	-0.352834	0.542814	0.488567	-0.863578	0.124643	0.424784	0.360197	0.830552
64812	5.465781	1.339861	8.632730	-0.037902	0.010515	0.030493	-0.762049	-0.353097	0.542774	0.488594	-0.863633	0.124152	0.424920	0.359806	0.830652
64813	5.442328	1.189008	8.575622	-0.048541	-0.001160	0.034488	-0.761896	-0.353381	0.542804	0.488604	-0.863719	0.123513	0.425183	0.359320	0.830728
64814	5.468439	1.136832	8.589395	-0.044211	-0.003419	0.032440	-0.761735	-0.353610	0.542881	0.488618	-0.863790	0.122959	0.425456	0.358924	0.830759
64815	5.468985	1.132180	8.589661	-0.023284	-0.000844	0.031657	-0.761587	-0.353893	0.542904	0.488738	-0.863781	0.122546	0.425582	0.358667	0.830806
64816	5.485125	1.215263	8.592755	-0.019076	-0.000064	0.028833	-0.761457	-0.354103	0.542949	0.488832	-0.863774	0.122220	0.425707	0.358476	0.830824
64817	5.388559	1.189530	8.565850	-0.013643	-0.012206	0.032371	-0.761270	-0.354324	0.543067	0.488968	-0.863745	0.121883	0.425886	0.358328	0.830796
64818	5.370744	1.173434	8.646652	-0.018546	-0.013733	0.032318	-0.761065	-0.354516	0.543230	0.489090	-0.863724	0.121542	0.426112	0.358190	0.830740
64819	5.420142	1.120996	8.648980	0.005921	-0.023561	0.033962	-0.760827	-0.354698	0.543445	0.489307	-0.863626	0.121359	0.426288	0.358244	0.830626
64820	5.417736	1.184222	8.612316	0.017736	-0.032789	0.036830	-0.760518	-0.354859	0.543771	0.489618	-0.863459	0.121295	0.426482	0.358487	0.830422
64821	5.446823	1.137185	8.623382	0.016549	-0.041783	0.039486	-0.760160	-0.355056	0.544143	0.489960	-0.863283	0.121170	0.426727	0.358717	0.830196
64822	5.450892	1.136837	8.620857	0.024242	-0.042402	0.037818	-0.759805	-0.355192	0.544551	0.490306	-0.863088	0.121155	0.426962	0.359051	0.829931
64823	5.501318	1.082397	8.561821	0.035713	-0.042526	0.038357	-0.759463	-0.355345	0.544927	0.490685	-0.862867	0.121194	0.427134	0.359430	0.829678
64824	5.469779	1.149527	8.634338	0.033184	-0.045042	0.034766	-0.759111	-0.355444	0.545353	0.491046	-0.862651	0.121270	0.427345	0.359850	0.829388
64825	5.498126	1.125283	8.632851	0.031645	-0.054410	0.035991	-0.758731	-0.355531	0.545824	0.491388	-0.862454	0.121288	0.427627	0.360236	0.829075
64826	5.554611	1.146755	8.557008	0.040647	-0.049087	0.032429	-0.758373	-0.355595	0.546280	0.491763	-0.862220	0.121437	0.427831	0.360735	0.828753
64827	5.515499	1.155522	8.574007	0.031191	-0.051754	0.033781	-0.758005	-0.355695	0.546727	0.492111	-0.862017	0.121463	0.428084	0.361120	0.828454
64828	5.538303	1.056103	8.588732	0.031501	-0.048444	0.027968	-0.757671	-0.355722	0.547171	0.492413	-0.861831	0.121561	0.428327	0.361537	0.828146
64829	5.506282	1.119649	8.601228	0.052612	-0.050484	0.028301	-0.757337	-0.355773	0.547601	0.492805	-0.861574	0.121795	0.428467	0.362100	0.827828
64830	5.518366	1.175975	8.593204	0.039430	-0.055160	0.027850	-0.756975	-0.355774	0.548101	0.493140	-0.861359	0.121958	0.428722	0.362609	0.827473
64831	5.534333	1.189163	8.608402	0.043040	-0.059604	0.029782	-0.756598	-0.355793	0.548608	0.493490	-0.861138	0.122103	0.428984	0.363116	0.827116
64832	5.514614	1.237461	8.591210	0.038551	-0.062270	0.031574	-0.756187	-0.355799	0.549171	0.493849	-0.860913	0.122239	0.429296	0.363643	0.826722
64833	5.533503	1.228709	8.617467	0.033456	-0.078213	0.032181	-0.755708	-0.355792	0.549834	0.494201	-0.860703	0.122292	0.429733	0.364145	0.826273
64834	5.595977	1.180284	8.515471	0.026311	-0.081771	0.036480	-0.755187	-0.355769	0.550563	0.494545	-0.860505	0.122298	0.430253	0.364636	0.825786
64835	5.613987	1.165419	8.481869	0.023666	-0.071762	0.031213	-0.754750	-0.355756	0.551171	0.494824	-0.860348	0.122275	0.430699	0.365020	0.825384
64836	5.602140	1.100359	8.463658	0.018533	-0.067200	0.029624	-0.754325	-0.355727	0.551772	0.495083	-0.860202	0.122254	0.431146	0.365392	0.824986
64837	5.627564	1.144393	8.485748	0.022387	-0.057326	0.024432	-0.753975	-0.355724	0.552252	0.495324	-0.860062	0.122258	0.431481	0.365723	0.824664
64838	5.675895	1.137081	8.462094	0.016300	-0.047426	0.018409	-0.753691	-0.355670	0.552675	0.495488	-0.859964	0.122281	0.431789	0.366006	0.824377
64839	5.654353	1.183865	8.446242	0.012465	-0.036905	0.014916	-0.753471	-0.355668	0.552975	0.495625	-0.859889	0.122255	0.432015	0.366184	0.824180
64840	5.635562	1.187843	8.454463	0.009162	-0.030569	0.014032	-0.753281	-0.355638	0.553253	0.495725	-0.859833	0.122243	0.432231	0.366345	0.823995
64841	5.637911	1.161160	8.405242	0.000657	-0.018137	0.011171	-0.753165	-0.355665	0.553395	0.495774	-0.859819	0.122141	0.432378	0.366351	0.823915
64842	5.693675	1.164001	8.402680	-0.000808	-0.010033	0.010990	-0.753078	-0.355683	0.553500	0.495809	-0.859811	0.122064	0.432489	0.366354	0.823855
64843	5.674185	1.119467	8.376725	-0.005065	0.001639	0.005671	-0.753084	-0.355714	0.553472	0.495767	-0.859852	0.121945	0.432527	0.366228	0.823892
64844	5.653208	1.101729	8.399419	-0.000031	0.020510	-0.002217	-0.753195	-0.355731	0.553310	0.495705	-0.859887	0.121947	0.432404	0.366128	0.824001
64845	5.627311	1.153702	8.447129	0.004536	0.031137	-0.004545	-0.753371	-0.355800	0.553026	0.495648	-0.859917	0.121964	0.432162	0.365991	0.824188
64846	5.611789	1.164144	8.418505	-0.001840	0.037733	-0.004747	-0.753569	-0.355858	0.552719	0.495560	-0.859968	0.121965	0.431919	0.365814	0.824394
64847	5.631604	1.165779	8.470133	0.004021	0.044814	-0.008066	-0.753818	-0.355952	0.552319	0.495482	-0.860009	0.121998	0.431574	0.365628	0.824658
64848	5.634898	1.219901	8.468025	-0.006129	0.049503	-0.003596	-0.754061	-0.356063	0.551916	0.495383	-0.860071	0.121957	0.431263	0.365373	0.824933
64849	5.653878	1.194178	8.472695	-0.013276	0.056867	-0.007064	-0.754359	-0.356203	0.551418	0.495231	-0.860175	0.121841	0.430916	0.364991	0.825284
64850	5.646559	1.240698	8.512445	-0.022117	0.067503	-0.004503	-0.754684	-0.356371	0.550865	0.495057	-0.860299	0.121673	0.430547	0.364534	0.825678
64851	5.588280	1.213801	8.529767	-0.034074	0.060826	-0.006309	-0.755015	-0.356489	0.550335	0.494773	-0.860503	0.121382	0.430294	0.363936	0.826074
64852	5.597602	1.179904	8.575630	-0.032907	0.050827	-0.007174	-0.755280	-0.356573	0.549916	0.494532	-0.860676	0.121139	0.430104	0.363445	0.826388
64853	5.579081	1.208853	8.536488	-0.034740	0.049058	-0.007881	-0.755552	-0.356668	0.549481	0.494272	-0.860866	0.120851	0.429926	0.362903	0.826720
64854	5.597046	1.201989	8.529290	-0.043976	0.040334	-0.004948	-0.755761	-0.356733	0.549151	0.494001	-0.861070	0.120504	0.429870	0.362354	0.826989
64855	5.562832	1.143726	8.487394	-0.038815	0.045249	-0.004257	-0.756003	-0.356832	0.548753	0.493738	-0.861268	0.120163	0.429745	0.361784	0.827304
64856	5.476549	1.092293	8.566104	-0.034556	0.044489	-0.006705	-0.756239	-0.356896	0.548386	0.493494	-0.861444	0.119903	0.429611	0.361301	0.827584
64857	5.492601	1.107985	8.547110	-0.016802	0.050274	-0.007658	-0.756512	-0.357001	0.547941	0.493319	-0.861565	0.119762	0.429331	0.360911	0.827899
64858	5.532101	1.099365	8.529705	-0.012901	0.047720	-0.004678	-0.756752	-0.357094	0.547550	0.493183	-0.861655	0.119671	0.429066	0.360604	0.828171
64859	5.514809	1.135684	8.549851	0.002550	0.054410	-0.008549	-0.757050	-0.357197	0.547070	0.493075	-0.861714	0.119694	0.428663	0.360361	0.828485
64860	5.508375	1.157547	8.541128	-0.000166	0.055033	-0.006440	-0.757329	-0.357301	0.546616	0.492981	-0.861764	0.119718	0.428279	0.360137	0.828782
64861	5.478326	1.205307	8.530708	0.021186	0.056379	-0.005439	-0.757611	-0.357456	0.546123	0.492998	-0.861732	0.119879	0.427760	0.360059	0.829083
64862	5.484343	1.217516	8.552435	-0.002359	0.051467	-0.001732	-0.757851	-0.357588	0.545704	0.492930	-0.861774	0.119859	0.427413	0.359829	0.829362
64863	5.509199	1.102759	8.544077	0.016912	0.047641	-0.002092	-0.758084	-0.357731	0.545287	0.492943	-0.861751	0.119967	0.426986	0.359740	0.829621
64864	5.522972	1.169550	8.560889	0.017990	0.050176	-0.004642	-0.758332	-0.357833	0.544875	0.492939	-0.861730	0.120131	0.426548	0.359689	0.829868
64865	5.520245	1.149757	8.575238	0.013734	0.050927	-0.002203	-0.758575	-0.357994	0.544430	0.492947	-0.861715	0.120213	0.426108	0.359566	0.830147
64866	5.523321	1.204889	8.573229	0.014551	0.048631	0.001452	-0.758786	-0.358143	0.544038	0.492975	-0.861684	0.120316	0.425699	0.359491	0.830390
64867	5.504806	1.263549	8.581069	0.007508	0.043466	-0.000359	-0.758988	-0.358294	0.543657	0.492970	-0.861684	0.120337	0.425345	0.359341	0.830636
64868	5.468524	1.281881	8.622046	-0.017207	0.028060	0.006377	-0.759087	-0.358411	0.543441	0.492900	-0.861750	0.120148	0.425248	0.359065	0.830804
64869	5.436016	1.251676	8.626128	-0.004440	0.011953	0.014091	-0.759085	-0.358568	0.543340	0.492950	-0.861744	0.119992	0.425195	0.358924	0.830893
64870	5.447870	1.240444	8.657183	-0.002877	0.000824	0.015050	-0.759026	-0.358662	0.543361	0.493007	-0.861727	0.119876	0.425234	0.358870	0.830896
64871	5.471152	1.208976	8.599114	-0.004819	-0.010323	0.021709	-0.758906	-0.358773	0.543455	0.493076	-0.861716	0.119675	0.425367	0.358787	0.830864
64872	5.436140	1.269502	8.613797	0.005809	-0.017665	0.019504	-0.758746	-0.358839	0.543635	0.493204	-0.861652	0.119607	0.425504	0.358874	0.830756
64873	5.423085	1.186851	8.669440	-0.004773	-0.032327	0.024292	-0.758512	-0.358913	0.543913	0.493315	-0.861618	0.119393	0.425794	0.358881	0.830604
64874	5.438539	1.144120	8.590652	0.005482	-0.041466	0.027510	-0.758211	-0.358962	0.544300	0.493502	-0.861527	0.119278	0.426113	0.359051	0.830367
64875	5.475117	1.150506	8.597091	0.006777	-0.045007	0.026519	-0.757901	-0.359030	0.544687	0.493703	-0.861430	0.119148	0.426432	0.359216	0.830133
64876	5.504902	1.077050	8.560191	0.010933	-0.042731	0.023302	-0.757615	-0.359039	0.545079	0.493881	-0.861334	0.119101	0.426733	0.359437	0.829882
64877	5.498922	1.070460	8.598581	0.008478	-0.037273	0.019201	-0.757388	-0.359041	0.545393	0.493999	-0.861277	0.119026	0.427000	0.359573	0.829686
64878	5.522934	1.061765	8.526886	0.017491	-0.031974	0.015637	-0.757185	-0.359021	0.545687	0.494148	-0.861185	0.119075	0.427187	0.359812	0.829486
64879	5.518973	1.013567	8.589435	0.016765	-0.021716	0.011469	-0.757062	-0.359013	0.545863	0.494243	-0.861125	0.119110	0.427295	0.359962	0.829365
64880	5.562718	1.029018	8.556297	0.037917	-0.012897	0.004055	-0.756999	-0.358962	0.545984	0.494391	-0.861002	0.119392	0.427236	0.360309	0.829245
64881	5.569387	1.106787	8.539031	0.023932	-0.005756	-0.000971	-0.757008	-0.358898	0.546013	0.494415	-0.860965	0.119554	0.427191	0.360460	0.829202
64882	5.578460	1.141393	8.545861	0.022376	0.005377	-0.001934	-0.757052	-0.358862	0.545976	0.494451	-0.860918	0.119739	0.427071	0.360608	0.829200
64883	5.554141	1.168064	8.544496	0.004960	0.012404	-0.007730	-0.757158	-0.358837	0.545845	0.494380	-0.860954	0.119780	0.426966	0.360548	0.829280
64884	5.511355	1.129447	8.529176	0.014895	0.012371	-0.006862	-0.757257	-0.358784	0.545744	0.494346	-0.860952	0.119931	0.426830	0.360605	0.829325
64885	5.531712	1.153236	8.567378	0.006251	0.008864	-0.008720	-0.757363	-0.358713	0.545643	0.494245	-0.861002	0.119989	0.426758	0.360557	0.829383
64886	5.518441	1.164513	8.537206	0.009220	0.011641	-0.010171	-0.757475	-0.358628	0.545544	0.494163	-0.861032	0.120110	0.426656	0.360568	0.829431
64887	5.504545	1.202036	8.554887	0.002768	0.010268	-0.009880	-0.757600	-0.358537	0.545429	0.494021	-0.861109	0.120145	0.426597	0.360476	0.829501
64888	5.476104	1.131786	8.581739	0.009134	0.003675	-0.009651	-0.757675	-0.358428	0.545397	0.493942	-0.861138	0.120263	0.426556	0.360515	0.829505
64889	5.486834	1.117919	8.552971	0.009789	0.005940	-0.007168	-0.757745	-0.358395	0.545321	0.493907	-0.861146	0.120342	0.426471	0.360527	0.829544
64890	5.451919	1.160312	8.579993	0.029274	-0.003980	-0.005952	-0.757769	-0.358291	0.545357	0.493942	-0.861089	0.120607	0.426388	0.360767	0.829482
64891	5.475847	1.137788	8.581110	0.025952	-0.007132	-0.005938	-0.757791	-0.358191	0.545391	0.493952	-0.861055	0.120813	0.426337	0.360948	0.829429
64892	5.499990	1.115595	8.582059	0.037482	-0.008812	-0.005010	-0.757790	-0.358077	0.545468	0.494029	-0.860964	0.121141	0.426251	0.361276	0.829331
64893	5.490122	1.108165	8.562195	0.042982	-0.011599	-0.008827	-0.757788	-0.357980	0.545535	0.494138	-0.860851	0.121504	0.426128	0.361644	0.829233
64894	5.481793	1.080157	8.554121	0.050514	-0.007696	-0.011674	-0.757824	-0.357812	0.545594	0.494220	-0.860737	0.121977	0.425968	0.362081	0.829125
64895	5.487125	1.022283	8.588579	0.072301	-0.006108	-0.015698	-0.757907	-0.357614	0.545609	0.494333	-0.860581	0.122620	0.425689	0.362647	0.829021
64896	5.482601	1.094409	8.551792	0.094270	-0.007675	-0.025410	-0.758012	-0.357329	0.545651	0.494497	-0.860356	0.123530	0.425313	0.363460	0.828858
64897	5.523032	1.164968	8.554127	0.093915	-0.009464	-0.019978	-0.758089	-0.357109	0.545687	0.494700	-0.860118	0.124376	0.424939	0.364240	0.828708
64898	5.552763	1.223356	8.537652	0.072516	-0.007887	-0.028248	-0.758207	-0.356798	0.545727	0.494749	-0.859982	0.125121	0.424672	0.364865	0.828569
64899	5.545864	1.176711	8.541326	0.059258	-0.011016	-0.029093	-0.758322	-0.356496	0.545764	0.494736	-0.859900	0.125730	0.424480	0.365353	0.828452
64900	5.524000	1.214230	8.597650	0.063528	-0.011791	-0.031530	-0.758439	-0.356142	0.545832	0.494722	-0.859807	0.126418	0.424287	0.365915	0.828303
64901	5.521574	1.264172	8.572145	0.069914	-0.018389	-0.031281	-0.758531	-0.355801	0.545927	0.494747	-0.859689	0.127127	0.424095	0.366525	0.828132
64902	5.513966	1.238506	8.563401	0.051737	-0.023027	-0.032157	-0.758604	-0.355402	0.546086	0.494677	-0.859641	0.127721	0.424045	0.367026	0.827936
64903	5.486639	1.194963	8.576481	0.056586	-0.029492	-0.031570	-0.758639	-0.355040	0.546272	0.494669	-0.859556	0.128321	0.423992	0.367573	0.827720
64904	5.560293	1.265757	8.526563	0.074885	-0.035995	-0.035825	-0.758675	-0.354561	0.546533	0.494670	-0.859435	0.129126	0.423927	0.368319	0.827422
64905	5.495471	1.332693	8.589231	0.047399	-0.047825	-0.034126	-0.758661	-0.354075	0.546868	0.494565	-0.859414	0.129665	0.424075	0.368834	0.827117
64906	5.511922	1.162074	8.622418	0.016546	-0.051811	-0.033740	-0.758619	-0.353555	0.547262	0.494334	-0.859500	0.129976	0.424418	0.369133	0.826807
64907	5.474724	0.960727	8.609577	0.035391	-0.051618	-0.043200	-0.758633	-0.352976	0.547616	0.494109	-0.859555	0.130465	0.424655	0.369557	0.826496
64908	5.430500	1.013643	8.542573	0.099723	-0.058847	-0.051861	-0.758651	-0.352274	0.548043	0.494094	-0.859396	0.131563	0.424640	0.370595	0.826039
64909	5.477853	1.265466	8.653680	0.142988	-0.084512	-0.058542	-0.758595	-0.351457	0.548645	0.494227	-0.859095	0.133024	0.424586	0.372067	0.825405
64910	5.364551	1.481364	8.719658	0.146713	-0.110831	-0.047360	-0.758370	-0.350598	0.549505	0.494446	-0.858742	0.134484	0.424733	0.373689	0.824596
64911	5.498917	1.444377	8.702846	0.106138	-0.149227	-0.036739	-0.757940	-0.349702	0.550668	0.494564	-0.858511	0.135520	0.425363	0.375057	0.823650
64912	5.359040	1.365275	8.805047	0.101870	-0.194253	-0.023303	-0.757239	-0.348733	0.552244	0.494777	-0.858237	0.136477	0.426362	0.376584	0.822435
64913	5.176811	1.451646	9.150611	0.130117	-0.235594	-0.017153	-0.756341	-0.347677	0.554139	0.495150	-0.857842	0.137601	0.427522	0.378455	0.820973
64914	5.264211	1.411975	8.937197	0.111832	-0.325995	-0.003912	-0.754975	-0.346367	0.556815	0.495555	-0.857458	0.138530	0.429463	0.380519	0.819003
64915	5.199203	1.314463	9.041506	0.093749	-0.391205	0.000757	-0.753302	-0.344877	0.559997	0.495929	-0.857125	0.139254	0.431962	0.382619	0.816708
64916	5.119801	1.413371	9.193082	0.109341	-0.478458	0.011395	-0.751183	-0.343099	0.563922	0.496444	-0.856693	0.140072	0.435050	0.385175	0.813862
64917	5.002698	1.532912	9.290469	0.055813	-0.576233	0.026089	-0.748551	-0.341092	0.568619	0.496848	-0.856416	0.140339	0.439105	0.387567	0.810542
64918	4.893454	1.559625	9.574247	0.031059	-0.718838	0.041302	-0.745182	-0.338611	0.574497	0.497248	-0.856182	0.140345	0.444351	0.390250	0.806385
64919	4.921482	1.506934	9.402435	0.030017	-0.874716	0.059149	-0.740997	-0.335677	0.581588	0.497773	-0.855900	0.140206	0.450717	0.393391	0.801310
64920	4.932375	1.655688	9.574254	0.084918	-1.064642	0.078431	-0.735779	-0.332098	0.590204	0.498693	-0.855330	0.140416	0.458187	0.397646	0.794948
64921	4.926127	1.717940	9.688156	0.095322	-1.297610	0.102002	-0.729287	-0.327774	0.600587	0.499841	-0.854641	0.140527	0.467226	0.402683	0.787113
64922	4.673353	1.641667	9.801504	0.147149	-1.578930	0.113143	-0.721269	-0.322293	0.613106	0.501312	-0.853703	0.140985	0.477972	0.409045	0.777319
64923	4.424430	1.779172	10.132463	0.179406	-1.909161	0.132107	-0.711382	-0.315533	0.627993	0.503084	-0.852572	0.141516	0.490757	0.416605	0.765244
64924	4.552906	1.656600	10.324828	0.079646	-2.252648	0.131292	-0.699501	-0.307141	0.645262	0.504362	-0.851856	0.141279	0.506278	0.424271	0.750784
64925	4.526409	1.172528	10.481525	0.024956	-2.643318	0.086723	-0.685466	-0.296554	0.664976	0.505049	-0.851518	0.140866	0.524464	0.432404	0.733460
64926	4.835705	0.851381	10.423665	0.077662	-3.043889	0.019229	-0.669105	-0.283371	0.687022	0.505548	-0.851150	0.141296	0.544720	0.441865	0.712766
64927	5.876534	0.528172	10.995573	0.059605	-3.447658	-0.077852	-0.650359	-0.267304	0.711043	0.505324	-0.851127	0.142231	0.567169	0.451808	0.688614
64928	6.085787	-0.218697	10.996733	0.175920	-3.821237	-0.215578	-0.629331	-0.247946	0.736522	0.504917	-0.850905	0.144981	0.590763	0.463124	0.660693
64929	8.719509	-0.417225	11.725055	0.356784	-4.140872	-0.337805	-0.606112	-0.225637	0.762703	0.504939	-0.850059	0.149790	0.614545	0.475908	0.629163
64930	10.779076	-1.700545	12.170285	0.385201	-4.232788	-0.451058	-0.581889	-0.201356	0.787947	0.504625	-0.849191	0.155653	0.637776	0.488191	0.595745
64931	10.355171	-1.613533	11.032975	0.851765	-4.198779	-0.610019	-0.557815	-0.175382	0.811223	0.506623	-0.846147	0.165432	0.657400	0.503265	0.560847
64932	10.279156	0.485630	10.278292	0.982344	-4.205853	-0.680300	-0.533248	-0.148111	0.832893	0.509413	-0.842255	0.176369	0.675385	0.518334	0.524580
64933	9.943853	0.369981	9.198059	0.554521	-4.069497	-0.722252	-0.509103	-0.120755	0.852193	0.509402	-0.840354	0.185241	0.693775	0.528415	0.489340
64934	8.922151	-0.464506	7.891631	0.568497	-3.865128	-0.783042	-0.485965	-0.093543	0.868958	0.509451	-0.838188	0.194680	0.710139	0.537299	0.454986
64935	7.157089	-0.229513	7.060487	0.746395	-3.690611	-0.859230	-0.463924	-0.066383	0.883384	0.510679	-0.834862	0.205455	0.723865	0.546441	0.421213
64936	4.919003	-0.148489	6.156516	0.854839	-3.550584	-0.923206	-0.442743	-0.039089	0.895796	0.512687	-0.830662	0.217146	0.735616	0.555403	0.387810
64937	4.807859	-2.081211	5.216409	0.828775	-3.321489	-0.738517	-0.421982	-0.014428	0.906490	0.515589	-0.826257	0.226862	0.745720	0.563108	0.356104
64938	14.949897	-6.819096	8.462648	1.132673	-2.382501	0.386319	-0.402162	-0.004037	0.915559	0.525607	-0.819811	0.227260	0.749668	0.572620	0.331819
64939	16.854802	-4.501833	12.955062	2.138603	-0.560948	1.490718	-0.390029	-0.012950	0.920711	0.547403	-0.807288	0.220535	0.740424	0.590015	0.321955
64940	7.818100	-2.622036	11.185381	1.842897	0.768501	2.171736	-0.383551	-0.034908	0.922860	0.569286	-0.795784	0.206500	0.727188	0.604574	0.325096
64941	-0.677972	-2.631390	7.307949	2.183302	1.126811	2.411528	-0.377670	-0.060893	0.923936	0.594116	-0.781286	0.191361	0.710205	0.621196	0.331246
64942	-2.770732	0.637326	6.615907	2.160532	0.892563	2.346071	-0.369728	-0.084622	0.925279	0.618012	-0.766009	0.176893	0.693803	0.637235	0.335512
64943	-0.914489	2.372786	7.336276	1.751673	0.686621	2.126379	-0.361151	-0.105258	0.926548	0.637780	-0.752756	0.163080	0.680299	0.649830	0.338990
64944	1.443360	3.554536	8.662878	1.250810	0.856038	1.793047	-0.355371	-0.124224	0.926434	0.652606	-0.742547	0.150767	0.669191	0.658174	0.344949
64945	2.763750	3.543057	9.368582	0.722755	1.354452	1.382841	-0.355348	-0.143460	0.923660	0.662288	-0.735961	0.140486	0.659623	0.661650	0.356534
64946	2.473653	3.055722	9.232088	0.333350	1.890987	0.943044	-0.361479	-0.162852	0.918048	0.667814	-0.732342	0.133040	0.650659	0.661176	0.373481
64947	1.632758	2.504915	8.458937	0.095072	2.286048	0.519210	-0.372855	-0.181808	0.909904	0.670304	-0.730852	0.128641	0.641617	0.657876	0.394368
64948	1.468931	2.232103	8.005716	-0.081248	2.512916	0.154504	-0.387845	-0.199364	0.899906	0.670335	-0.731122	0.126932	0.632635	0.652468	0.417202
64949	2.349115	2.081616	8.167062	-0.255614	2.684050	-0.110738	-0.405531	-0.216050	0.888182	0.668261	-0.733040	0.126807	0.623677	0.644961	0.441648
64950	3.848686	1.732656	8.491469	-0.446165	2.902982	-0.262627	-0.425271	-0.232663	0.874650	0.664368	-0.736518	0.127109	0.614622	0.635145	0.467793
64951	4.901095	1.065955	8.565863	-0.594266	3.191861	-0.313922	-0.446895	-0.250510	0.858796	0.659347	-0.741044	0.126945	0.604604	0.622975	0.496342
64952	5.225891	0.419056	8.536863	-0.642565	3.450434	-0.265278	-0.469316	-0.269759	0.840816	0.654244	-0.745726	0.125926	0.593049	0.609198	0.526470
64953	5.509006	0.037004	8.590060	-0.615609	3.615926	-0.138236	-0.491507	-0.290576	0.820967	0.649941	-0.749848	0.123711	0.579652	0.594385	0.557413
64954	6.135023	-0.072244	9.078743	-0.547787	3.712604	0.052406	-0.512425	-0.312717	0.799768	0.647030	-0.752937	0.120158	0.564600	0.579045	0.588161
64955	7.295835	-0.076324	9.772521	-0.491538	3.796786	0.272301	-0.531870	-0.336540	0.777082	0.645690	-0.754889	0.115011	0.547905	0.562924	0.618803
64956	8.276399	-0.407516	10.235972	-0.392651	3.905814	0.500614	-0.549691	-0.361947	0.752884	0.646241	-0.755352	0.108696	0.529350	0.546294	0.649116
64957	9.177674	-0.489083	10.547705	-0.254588	4.018328	0.733964	-0.565870	-0.389184	0.726861	0.648989	-0.753992	0.101534	0.508532	0.529180	0.679238
64958	9.416123	-0.482052	10.717415	-0.060433	4.089723	0.957878	-0.579974	-0.417651	0.699427	0.654136	-0.750477	0.094284	0.485526	0.512203	0.708458
64959	9.124538	0.033404	10.821979	0.073971	4.128228	1.154625	-0.591986	-0.447157	0.670525	0.661229	-0.745138	0.086864	0.460792	0.494793	0.736784
64960	9.481264	0.481753	10.943464	0.200246	4.072821	1.228540	-0.602076	-0.476037	0.641009	0.669422	-0.738529	0.080305	0.435175	0.477455	0.763321
64961	9.494785	0.922455	10.986486	0.128689	4.020107	1.230296	-0.610842	-0.503976	0.610639	0.677406	-0.731923	0.073556	0.409870	0.458581	0.788486
64962	9.388164	1.294782	10.923058	0.165947	3.947397	1.164171	-0.618609	-0.530149	0.579883	0.685184	-0.725194	0.067946	0.384506	0.439359	0.811861
64963	9.269072	1.519292	10.715472	0.064813	3.832553	1.030685	-0.625840	-0.554110	0.548896	0.691819	-0.719351	0.062614	0.360154	0.418923	0.833542
64964	9.394556	1.875072	10.622963	-0.024327	3.709349	0.868145	-0.632763	-0.575449	0.518140	0.697161	-0.714584	0.057765	0.337014	0.397779	0.853343
64965	9.231926	2.024064	10.259367	-0.136462	3.583971	0.660650	-0.639881	-0.594079	0.487466	0.700901	-0.711271	0.053219	0.315104	0.375719	0.871519
64966	8.964622	2.381374	9.816278	-0.306511	3.436979	0.420808	-0.647437	-0.609557	0.457455	0.702638	-0.709891	0.048519	0.295168	0.352838	0.887908
64967	8.810708	2.757341	9.354128	-0.489313	3.266662	0.163715	-0.655681	-0.621906	0.428153	0.702287	-0.710572	0.043365	0.277265	0.329120	0.902665
64968	8.939410	2.952228	8.743469	-0.733090	3.083599	-0.104560	-0.664752	-0.630900	0.400087	0.699584	-0.713586	0.037114	0.262081	0.304566	0.915725
64969	4.859916	1.161341	8.471616	-0.944317	2.663777	-0.297403	-0.673695	-0.636604	0.375327	0.695155	-0.718253	0.029521	0.250787	0.280799	0.926422
64970	11.505749	-0.988410	-0.600624	0.457876	1.257019	-0.660797	-0.681379	-0.635316	0.363451	0.691765	-0.721215	0.036193	0.239132	0.276084	0.930910
64971	12.941255	5.746280	5.345891	-0.165595	1.077220	-0.829816	-0.689670	-0.632266	0.352980	0.685667	-0.726945	0.037570	0.232843	0.267938	0.934876
64972	17.106131	5.460676	2.650069	-0.313277	0.974284	-0.809611	-0.697464	-0.628893	0.343566	0.679295	-0.732910	0.037433	0.228261	0.259491	0.938382
64973	15.084487	2.765644	-0.706730	-0.758205	0.763476	-0.864428	-0.705074	-0.624485	0.335989	0.671483	-0.740276	0.033199	0.227992	0.249019	0.941281
64974	14.616020	2.167897	-2.462779	-0.276878	0.300456	-0.914597	-0.711889	-0.618395	0.332868	0.664337	-0.746676	0.033627	0.227750	0.245076	0.942374
64975	14.776101	0.819224	-3.973977	-0.142045	-0.228567	-0.852968	-0.717033	-0.611449	0.334655	0.657895	-0.752292	0.035092	0.230302	0.245330	0.941687
64976	14.115998	0.354861	-5.030999	0.321675	-0.852555	-0.645728	-0.719308	-0.604424	0.342442	0.653968	-0.755449	0.040280	0.234351	0.252920	0.938675
64977	13.572384	-0.070089	-6.108974	0.597056	-1.556628	-0.372193	-0.718062	-0.597564	0.356797	0.652686	-0.756162	0.047125	0.241636	0.266716	0.932992
64978	14.636160	0.107401	-6.424376	0.811282	-2.299508	-0.195336	-0.713673	-0.589694	0.378064	0.653257	-0.755110	0.055356	0.252837	0.286479	0.924123
64979	2.830303	2.753081	7.931368	0.454548	-2.538655	-0.235806	-0.708627	-0.580396	0.401234	0.652729	-0.755179	0.060412	0.267941	0.304707	0.913981
64980	6.948681	-5.229078	13.253847	-0.009181	-2.604608	-0.464896	-0.704454	-0.568714	0.424629	0.649382	-0.757912	0.062229	0.286441	0.319584	0.903226
64981	3.162645	-5.218851	10.848678	1.302006	-2.945322	-0.414211	-0.698553	-0.555765	0.450720	0.650249	-0.755943	0.075673	0.298663	0.345942	0.889452
64982	5.308167	-3.369920	8.745175	1.626874	-3.712587	-0.701491	-0.691762	-0.536984	0.482819	0.650318	-0.753917	0.093252	0.313930	0.378494	0.870741
64983	16.529371	5.967121	13.888998	2.388074	-3.848335	-0.861684	-0.685105	-0.515197	0.514979	0.651975	-0.748995	0.118045	0.324900	0.416627	0.849036
64984	28.336842	13.821758	13.882822	0.820377	-2.097749	-0.119601	-0.678994	-0.505351	0.532529	0.653823	-0.746154	0.125576	0.333888	0.433446	0.837044
64985	17.317961	7.465425	9.729198	-0.608400	0.054428	-0.052707	-0.679543	-0.505172	0.531998	0.651384	-0.749082	0.120730	0.337521	0.428576	0.838095
64986	1.536243	-0.964860	9.945049	-1.055978	-0.332235	0.029878	-0.678232	-0.503947	0.534826	0.647935	-0.753459	0.111712	0.346673	0.422299	0.837545
64987	6.530049	1.649476	7.725363	1.017704	-0.040277	0.074484	-0.677630	-0.504313	0.535243	0.651896	-0.748785	0.119801	0.340364	0.430104	0.836159
64988	6.039966	3.561300	9.599095	-0.380987	-0.053019	0.082145	-0.676933	-0.504666	0.535793	0.651112	-0.750039	0.116164	0.343242	0.427497	0.836320
64989	5.636389	-0.551494	8.071255	-0.162319	-0.080500	0.079357	-0.676161	-0.504895	0.536552	0.651051	-0.750370	0.114355	0.344875	0.426645	0.836083
64990	5.732207	2.031701	9.034022	0.218374	-0.103836	0.082816	-0.675282	-0.505036	0.537525	0.652325	-0.749053	0.115724	0.344190	0.428787	0.835269
64991	5.523973	0.561654	8.569384	-0.220765	-0.084896	0.072342	-0.674539	-0.505191	0.538312	0.652011	-0.749671	0.113464	0.346236	0.427521	0.835073
64992	5.580927	0.809762	8.637278	0.150071	-0.095951	0.069148	-0.673774	-0.505263	0.539201	0.652958	-0.748715	0.114334	0.345939	0.429111	0.834380
64993	5.509464	0.896013	8.698165	-0.049055	-0.070442	0.051729	-0.673214	-0.505325	0.539843	0.653097	-0.748702	0.113618	0.346768	0.429059	0.834063
64994	5.485306	0.408486	8.554291	0.047621	-0.048975	0.044173	-0.672774	-0.505410	0.540311	0.653521	-0.748310	0.113766	0.346822	0.429643	0.833739
64995	5.335185	0.824438	8.728724	0.092522	-0.037191	0.026063	-0.672496	-0.505422	0.540646	0.653977	-0.747820	0.114368	0.346501	0.430482	0.833440
64996	5.321751	0.665959	8.575111	0.068281	-0.040228	0.016550	-0.672267	-0.505336	0.541010	0.654286	-0.747477	0.114837	0.346361	0.431176	0.833139
64997	5.348836	0.987507	8.592407	0.172298	-0.050938	0.015187	-0.672013	-0.505207	0.541446	0.654945	-0.746696	0.116161	0.345610	0.432679	0.832672
64998	5.544033	0.932739	8.567681	0.113892	-0.053563	0.014147	-0.671754	-0.505045	0.541919	0.655395	-0.746166	0.117022	0.345260	0.433780	0.832244
64999	5.662962	0.891378	8.552135	0.144268	-0.030415	0.011028	-0.671598	-0.504973	0.542179	0.655926	-0.745523	0.118134	0.344553	0.434968	0.831917
65000	5.682623	1.164361	8.538367	0.149119	-0.012292	0.007584	-0.671525	-0.504940	0.542300	0.656452	-0.744871	0.119322	0.343693	0.436122	0.831669
65001	5.654404	1.414416	8.570623	0.128788	0.000050	0.012234	-0.671466	-0.505009	0.542309	0.656936	-0.744287	0.120298	0.342882	0.437039	0.831522
65002	5.607539	1.299271	8.645534	0.035850	0.008027	0.019940	-0.671382	-0.505157	0.542276	0.657155	-0.744065	0.120478	0.342629	0.437246	0.831518
65003	5.582621	1.179254	8.639909	0.034389	0.009816	0.019759	-0.671307	-0.505324	0.542213	0.657365	-0.743855	0.120628	0.342371	0.437411	0.831537
65004	5.511339	1.234596	8.620177	0.017519	0.007113	0.019873	-0.671219	-0.505467	0.542188	0.657520	-0.743713	0.120655	0.342245	0.437486	0.831550
65005	5.522031	1.035263	8.639729	-0.009984	0.002030	0.018431	-0.671126	-0.505590	0.542188	0.657570	-0.743703	0.120444	0.342332	0.437360	0.831580
65006	5.503582	1.062649	8.634239	0.009096	-0.005228	0.019173	-0.671002	-0.505674	0.542264	0.657691	-0.743602	0.120405	0.342343	0.437434	0.831536
65007	5.416193	1.057613	8.696794	0.001541	-0.023080	0.011680	-0.670867	-0.505638	0.542465	0.657735	-0.743576	0.120326	0.342523	0.437521	0.831417
65008	5.489377	1.091511	8.625871	0.025468	-0.049060	0.002074	-0.670704	-0.505403	0.542885	0.657798	-0.743490	0.120516	0.342720	0.437939	0.831115
65009	5.519431	1.123434	8.585744	0.005776	-0.053774	0.005182	-0.670507	-0.505183	0.543333	0.657813	-0.743479	0.120507	0.343078	0.438212	0.830823
65010	5.504189	1.041700	8.548689	0.014199	-0.056324	0.000534	-0.670329	-0.504904	0.543811	0.657827	-0.743449	0.120612	0.343398	0.438583	0.830495
65011	5.550010	1.117206	8.570475	0.027095	-0.055313	-0.001378	-0.670170	-0.504629	0.544263	0.657871	-0.743377	0.120816	0.343626	0.439022	0.830169
65012	5.559938	1.067338	8.496320	0.012637	-0.048940	-0.002995	-0.670040	-0.504356	0.544675	0.657856	-0.743373	0.120926	0.343907	0.439343	0.829883
65013	5.555885	1.097920	8.447405	0.041582	-0.038565	-0.005247	-0.669963	-0.504125	0.544984	0.657923	-0.743256	0.121271	0.343927	0.439805	0.829630
65014	5.562111	1.132763	8.489512	0.029977	-0.029827	-0.003348	-0.669902	-0.503933	0.545237	0.657966	-0.743177	0.121528	0.343966	0.440159	0.829426
65015	5.535260	1.073269	8.480664	0.030923	-0.018964	-0.005289	-0.669893	-0.503787	0.545383	0.657997	-0.743108	0.121784	0.343925	0.440442	0.829293
65016	5.538797	1.096222	8.465179	0.038218	-0.013388	-0.005551	-0.669902	-0.503651	0.545496	0.658053	-0.743003	0.122121	0.343799	0.440774	0.829168
65017	5.488895	1.038425	8.538590	0.037467	-0.012670	-0.008893	-0.669939	-0.503506	0.545586	0.658082	-0.742923	0.122452	0.343673	0.441075	0.829061
65018	5.461362	0.981286	8.530050	0.072880	-0.020630	-0.008785	-0.669945	-0.503314	0.545755	0.658235	-0.742681	0.123093	0.343368	0.441701	0.828854
65019	5.456907	1.127920	8.509682	0.096123	-0.030683	-0.009904	-0.669926	-0.503083	0.545992	0.658458	-0.742346	0.123915	0.342976	0.442527	0.828576
65020	5.526231	1.241918	8.493885	0.114828	-0.038357	-0.010604	-0.669883	-0.502798	0.546306	0.658742	-0.741927	0.124914	0.342513	0.443553	0.828219
65021	5.494408	1.129683	8.526242	0.084235	-0.050302	-0.014016	-0.669824	-0.502448	0.546700	0.658897	-0.741664	0.125659	0.342330	0.444388	0.827846
65022	5.503513	0.980779	8.554830	0.119004	-0.063530	-0.020378	-0.669761	-0.501979	0.547210	0.659129	-0.741272	0.126745	0.342008	0.445571	0.827344
65023	5.586387	1.093735	8.363918	0.179234	-0.082255	-0.028177	-0.669687	-0.501380	0.547849	0.659513	-0.740654	0.128353	0.341413	0.447269	0.826673
65024	5.439195	1.208307	8.635590	0.146434	-0.084271	-0.032427	-0.669632	-0.500727	0.548512	0.659757	-0.740196	0.129730	0.341048	0.448756	0.826017
65025	5.490413	1.117686	8.700930	0.118714	-0.101324	-0.034895	-0.669538	-0.499990	0.549298	0.659888	-0.739878	0.130873	0.340979	0.450100	0.825314
65026	5.488131	1.127628	8.602640	0.161144	-0.125444	-0.051384	-0.669469	-0.499009	0.550274	0.660055	-0.739444	0.132474	0.340791	0.451899	0.824408
65027	5.273522	1.182962	8.692771	0.198955	-0.159493	-0.048596	-0.669268	-0.497905	0.551518	0.660368	-0.738826	0.134352	0.340581	0.454122	0.823272
65028	5.281385	1.328183	8.806467	0.214102	-0.213304	-0.033668	-0.668783	-0.496649	0.553236	0.660833	-0.738054	0.136289	0.340630	0.456745	0.821800
65029	5.096486	1.539509	9.183109	0.188179	-0.296734	-0.008576	-0.667849	-0.495204	0.555654	0.661378	-0.737276	0.137853	0.341405	0.459562	0.819906
65030	5.207044	1.385998	8.983110	0.238631	-0.403804	0.021096	-0.666348	-0.493460	0.558997	0.662296	-0.736107	0.139679	0.342556	0.463297	0.817320
65031	5.174555	1.526152	9.064956	0.243363	-0.497288	0.033530	-0.664439	-0.491371	0.563094	0.663315	-0.734850	0.141448	0.344286	0.467493	0.814198
65032	5.133151	1.601543	9.095825	0.235261	-0.592542	0.066795	-0.661968	-0.489042	0.568011	0.664533	-0.733454	0.142972	0.346690	0.472105	0.810508
65033	5.169943	1.486977	9.130910	0.155412	-0.699239	0.098238	-0.658900	-0.486425	0.573796	0.665684	-0.732279	0.143641	0.350308	0.476612	0.806304
65034	5.047430	1.497862	9.233436	0.128255	-0.806922	0.107880	-0.655356	-0.483313	0.580446	0.666807	-0.731178	0.144041	0.354793	0.481443	0.801458
65035	5.086149	1.577516	9.521471	0.098407	-0.939015	0.130002	-0.651154	-0.479698	0.588123	0.667968	-0.730117	0.144041	0.360302	0.486641	0.795841
65036	5.056590	1.599506	9.483124	0.061082	-1.106708	0.139676	-0.646214	-0.475264	0.597103	0.669058	-0.729188	0.143690	0.367109	0.492351	0.789190
65037	5.150285	1.644193	9.514942	0.115415	-1.291566	0.146102	-0.640468	-0.469907	0.607443	0.670387	-0.727966	0.143692	0.374676	0.499252	0.781259
65038	4.983582	2.062050	9.867376	0.174207	-1.554063	0.162257	-0.633507	-0.463226	0.619750	0.672042	-0.726368	0.144043	0.383442	0.507751	0.771467
65039	4.904466	1.943919	10.085931	0.056618	-1.856925	0.173547	-0.625138	-0.454959	0.634203	0.673316	-0.725322	0.143366	0.394776	0.516643	0.759758
65040	4.599975	1.775477	10.231234	0.011519	-2.197223	0.180369	-0.615118	-0.444769	0.651007	0.674442	-0.724487	0.142290	0.408360	0.526592	0.745616
65041	4.702046	1.829345	10.398622	-0.059953	-2.534729	0.172848	-0.603425	-0.432526	0.669925	0.675207	-0.724088	0.140687	0.424234	0.537232	0.728977
65042	4.140176	1.643629	11.174403	-0.193874	-2.980538	0.132359	-0.589619	-0.417267	0.691548	0.675116	-0.724614	0.138391	0.443359	0.548473	0.708950
65043	4.088272	1.072642	10.822504	-0.124660	-3.544070	0.048122	-0.573228	-0.397929	0.716284	0.674792	-0.725149	0.137168	0.464829	0.561971	0.684195
65044	5.171270	0.698947	11.379165	-0.108774	-4.105314	-0.052190	-0.554021	-0.374130	0.743699	0.673939	-0.726006	0.136824	0.488740	0.577011	0.654364
