// General information: 
//  MT Manager version: 2022.2.0 
//  XDA version: 2022.2.0 build 7381 rev 124627 built on 2023-07-19
// Device information: 
//  DeviceId: 00B4CB9F
//  ProductCode: MTW2-3A7G6
//  Firmware Version: 4.6.0
//  Hardware Version: 2.0.0
// Device settings: 
//  Filter Profile: human(46.1)
//  Option Flags: Orientation Smoother Disabled, Position/Velocity Smoother Disabled, Continuous Zero Rotation Update Disabled, AHS Disabled, ICC Disabled
// Coordinate system: ENU
PacketCounter	Acc_X	Acc_Y	Acc_Z	Gyr_X	Gyr_Y	Gyr_Z	Mat[1][1]	Mat[2][1]	Mat[3][1]	Mat[1][2]	Mat[2][2]	Mat[3][2]	Mat[1][3]	Mat[2][3]	Mat[3][3]
37020	9.187275	-0.055301	-2.976321	0.004175	0.032079	-0.005453	0.090872	0.304003	0.948327	0.955869	-0.293782	0.002582	0.279386	0.906242	-0.317284
37021	9.244459	-0.098315	-3.123346	-0.004359	0.021907	-0.003925	0.090771	0.303821	0.948395	0.955860	-0.293809	0.002637	0.279448	0.906294	-0.317080
37022	9.324147	-0.091063	-3.217699	0.028450	0.008664	-0.007747	0.090676	0.303792	0.948414	0.955966	-0.293465	0.002604	0.279118	0.906415	-0.317025
37023	9.314753	-0.058824	-3.210082	0.025133	0.007149	-0.006587	0.090591	0.303751	0.948435	0.956042	-0.293217	0.002590	0.278884	0.906509	-0.316962
37024	9.379511	-0.065216	-3.175042	0.014650	0.011068	-0.007318	0.090493	0.303699	0.948461	0.956110	-0.292998	0.002596	0.278685	0.906598	-0.316884
37025	9.499720	-0.002600	-3.038696	0.017937	0.023208	-0.009209	0.090338	0.303521	0.948533	0.956168	-0.292807	0.002630	0.278535	0.906719	-0.316668
37026	9.485993	-0.001006	-2.885904	-0.015864	0.040254	-0.008193	0.090151	0.303206	0.948651	0.956151	-0.292861	0.002740	0.278654	0.906807	-0.316312
37027	9.407667	-0.048871	-2.845321	-0.009402	0.052478	-0.024344	0.089770	0.302806	0.948815	0.956147	-0.292872	0.003004	0.278791	0.906937	-0.315818
37028	9.345435	0.045154	-2.755453	0.007715	0.056475	-0.023417	0.089392	0.302384	0.948985	0.956208	-0.292670	0.003183	0.278702	0.907143	-0.315305
37029	9.230726	0.071776	-2.857269	-0.004654	0.059741	-0.021619	0.089017	0.301910	0.949171	0.956215	-0.292646	0.003407	0.278800	0.907308	-0.314742
37030	9.214988	0.097263	-2.990072	0.019202	0.034902	-0.020803	0.088724	0.301672	0.949274	0.956304	-0.292352	0.003526	0.278586	0.907482	-0.314429
37031	9.275730	0.141972	-3.109072	0.016419	0.021662	-0.017106	0.088499	0.301531	0.949340	0.956365	-0.292151	0.003640	0.278448	0.907594	-0.314229
37032	9.275986	0.057581	-3.226141	-0.000641	0.020011	-0.010656	0.088344	0.301398	0.949397	0.956389	-0.292072	0.003727	0.278415	0.907664	-0.314056
37033	9.256455	-0.004962	-3.389731	-0.005292	0.007722	-0.003599	0.088286	0.301343	0.949420	0.956378	-0.292109	0.003781	0.278473	0.907670	-0.313987
37034	9.278955	-0.010991	-3.414797	0.007566	0.003378	-0.003570	0.088246	0.301343	0.949423	0.956419	-0.291975	0.003775	0.278345	0.907713	-0.313976
37035	9.291541	0.000655	-3.453248	-0.004690	-0.000039	0.007159	0.088313	0.301328	0.949422	0.956399	-0.292039	0.003725	0.278390	0.907698	-0.313981
37036	9.266000	-0.123253	-3.515067	-0.004199	-0.004377	0.007307	0.088399	0.301371	0.949400	0.956399	-0.292041	0.003653	0.278365	0.907683	-0.314047
37037	9.314980	-0.157893	-3.371015	0.014791	-0.004581	0.003220	0.088440	0.301408	0.949385	0.956437	-0.291916	0.003579	0.278220	0.907710	-0.314095
37038	9.324852	-0.120099	-3.279045	0.024783	-0.004154	0.003821	0.088493	0.301464	0.949362	0.956522	-0.291638	0.003448	0.277910	0.907781	-0.314165
37039	9.399155	-0.103064	-3.172170	0.026668	0.002999	0.004618	0.088527	0.301428	0.949370	0.956593	-0.291410	0.003323	0.277658	0.907866	-0.314142
37040	9.441560	-0.061327	-3.052194	0.021870	0.008004	0.001998	0.088529	0.301380	0.949386	0.956672	-0.291149	0.003216	0.277382	0.907966	-0.314097
37041	9.494068	-0.037406	-2.918101	0.031274	0.025923	-0.003173	0.088425	0.301159	0.949465	0.956762	-0.290855	0.003152	0.277106	0.908134	-0.313856
37042	9.418235	0.013949	-2.831871	0.011243	0.032457	-0.006774	0.088275	0.300912	0.949558	0.956820	-0.290665	0.003160	0.276954	0.908276	-0.313577
37043	9.280866	0.059196	-2.890614	0.003632	0.039714	-0.003939	0.088126	0.300568	0.949680	0.956833	-0.290620	0.003190	0.276955	0.908405	-0.313204
37044	9.313938	0.063756	-2.860593	0.004108	0.022397	-0.010437	0.087969	0.300419	0.949742	0.956873	-0.290487	0.003256	0.276866	0.908496	-0.313017
37045	9.275748	0.137634	-2.909976	-0.010724	0.039231	-0.013572	0.087729	0.300107	0.949863	0.956856	-0.290543	0.003422	0.277003	0.908581	-0.312648
37046	9.234562	0.082322	-3.046512	-0.048167	0.019787	-0.007044	0.087612	0.299970	0.949917	0.956747	-0.290900	0.003621	0.277417	0.908513	-0.312481
37047	9.299429	-0.007664	-3.128867	-0.036746	0.024329	-0.003386	0.087510	0.299764	0.949991	0.956648	-0.291224	0.003771	0.277790	0.908477	-0.312253
37048	9.223175	-0.082929	-3.221897	-0.058564	0.020295	0.002814	0.087486	0.299594	0.950047	0.956500	-0.291706	0.003908	0.278305	0.908378	-0.312081
37049	9.275342	-0.170910	-3.246456	-0.034777	0.013470	0.000541	0.087452	0.299475	0.950088	0.956403	-0.292023	0.004015	0.278650	0.908316	-0.311957
37050	9.169495	-0.177785	-3.359994	-0.040916	0.007707	0.003817	0.087472	0.299418	0.950104	0.956305	-0.292343	0.004086	0.278980	0.908231	-0.311907
37051	9.278461	-0.238509	-3.436211	-0.003812	-0.010162	-0.005665	0.087445	0.299532	0.950070	0.956299	-0.292361	0.004155	0.279008	0.908188	-0.312008
37052	9.335692	-0.082716	-3.308123	0.039431	-0.002793	-0.008420	0.087379	0.299610	0.950052	0.956438	-0.291906	0.004090	0.278551	0.908308	-0.312065
37053	9.390133	0.000183	-3.187747	0.024189	-0.004501	-0.011074	0.087284	0.299689	0.950036	0.956515	-0.291653	0.004122	0.278316	0.908364	-0.312114
37054	9.432088	0.014544	-3.107723	0.005194	0.007058	-0.001177	0.087261	0.299658	0.950048	0.956553	-0.291530	0.004094	0.278194	0.908414	-0.312078
37055	9.407204	0.005179	-3.009687	-0.005790	0.015315	-0.002081	0.087197	0.299531	0.950094	0.956539	-0.291576	0.004135	0.278263	0.908441	-0.311937
37056	9.311213	0.036627	-3.030441	-0.030032	0.012607	-0.000894	0.087161	0.299448	0.950123	0.956478	-0.291774	0.004214	0.278483	0.908405	-0.311846
37057	9.395429	-0.019398	-2.988308	-0.033350	0.015954	0.002755	0.087141	0.299300	0.950171	0.956383	-0.292085	0.004295	0.278816	0.908353	-0.311698
37058	9.341486	-0.016000	-2.988200	-0.037709	0.022402	-0.002938	0.087058	0.299133	0.950232	0.956302	-0.292349	0.004417	0.279120	0.908323	-0.311513
37059	9.242813	-0.042314	-2.996564	-0.054787	0.017507	0.001820	0.087026	0.298974	0.950285	0.956147	-0.292851	0.004573	0.279659	0.908214	-0.311349
37060	9.233448	-0.079423	-3.088030	-0.039546	0.004618	-0.003025	0.086992	0.298968	0.950290	0.956061	-0.293131	0.004701	0.279965	0.908126	-0.311332
37061	9.310270	-0.058167	-3.072344	-0.035686	-0.008838	-0.003316	0.086983	0.299064	0.950260	0.955964	-0.293445	0.004847	0.280299	0.907993	-0.311419
37062	9.387045	-0.079393	-3.116528	-0.038117	-0.001004	-0.004976	0.086947	0.299114	0.950248	0.955883	-0.293704	0.004988	0.280584	0.907892	-0.311455
37063	9.335412	-0.073686	-3.209644	-0.032873	-0.001341	-0.003763	0.086914	0.299143	0.950242	0.955794	-0.293991	0.005129	0.280897	0.907790	-0.311471
37064	9.293364	-0.072327	-3.270307	-0.029952	-0.010268	-0.000292	0.086949	0.299265	0.950200	0.955734	-0.294188	0.005199	0.281093	0.907686	-0.311597
37065	9.312422	-0.164715	-3.325286	-0.031289	-0.019432	0.006423	0.087064	0.299428	0.950138	0.955640	-0.294491	0.005238	0.281375	0.907534	-0.311785
37066	9.334061	-0.213126	-3.412631	-0.018416	-0.025410	0.005617	0.087199	0.299672	0.950049	0.955608	-0.294596	0.005215	0.281444	0.907419	-0.312057
37067	9.484319	-0.133243	-3.231732	0.005796	-0.013706	0.002884	0.087264	0.299794	0.950005	0.955621	-0.294552	0.005172	0.281376	0.907394	-0.312193
37068	9.417112	-0.057800	-3.075754	0.000839	0.008646	-0.009357	0.087161	0.299775	0.950020	0.955658	-0.294432	0.005229	0.281284	0.907438	-0.312145
37069	9.276104	0.014729	-3.006324	-0.012927	0.002034	-0.007416	0.087083	0.299784	0.950024	0.955628	-0.294527	0.005342	0.281410	0.907405	-0.312130
37070	9.276138	0.029775	-2.986313	-0.003864	0.000492	-0.006381	0.087032	0.299830	0.950015	0.955649	-0.294459	0.005385	0.281355	0.907412	-0.312159
37071	9.362782	0.017883	-2.977370	-0.017630	-0.001258	-0.001932	0.087016	0.299852	0.950009	0.955601	-0.294613	0.005461	0.281523	0.907354	-0.312175
37072	9.350214	-0.021557	-2.978503	-0.024814	0.004196	-0.003821	0.086979	0.299856	0.950011	0.955560	-0.294745	0.005545	0.281674	0.907310	-0.312167
37073	9.276341	0.046450	-2.965740	0.002274	0.007884	-0.008809	0.086872	0.299816	0.950034	0.955574	-0.294698	0.005624	0.281659	0.907339	-0.312097
37074	9.129732	0.391528	-3.061055	0.004261	-0.014350	-0.010774	0.086820	0.300006	0.949978	0.955620	-0.294546	0.005683	0.281517	0.907325	-0.312265
37075	9.419974	0.637170	-2.937277	-0.034611	-0.024192	0.005902	0.086944	0.300214	0.949901	0.955518	-0.294877	0.005737	0.281827	0.907149	-0.312498
37076	9.281355	0.768417	-2.880494	-0.137958	-0.001548	0.021797	0.087166	0.300192	0.949888	0.955130	-0.296128	0.005937	0.283070	0.906749	-0.312534
37077	9.169330	0.590541	-3.051150	-0.258861	-0.019311	0.040306	0.087605	0.300253	0.949828	0.954359	-0.298594	0.006366	0.285525	0.905919	-0.312707
37078	9.270201	-0.019464	-3.306699	-0.315051	-0.018449	0.076027	0.088391	0.300218	0.949766	0.953403	-0.301627	0.006614	0.288461	0.904925	-0.312890
37079	9.139170	-0.659803	-3.574545	-0.336638	-0.029890	0.093149	0.089365	0.300212	0.949677	0.952344	-0.304951	0.006786	0.291642	0.903813	-0.313157
37080	9.203975	-1.093875	-3.932137	-0.152064	-0.054252	0.077944	0.090275	0.300495	0.949502	0.951848	-0.306500	0.006502	0.292976	0.903195	-0.313695
37081	9.293972	-0.645314	-3.776002	0.012042	-0.053096	0.054261	0.090946	0.300814	0.949336	0.951835	-0.306554	0.005952	0.292813	0.903070	-0.314205
37082	9.338764	-0.673463	-3.943589	0.048678	-0.056808	0.037200	0.091481	0.301253	0.949146	0.951970	-0.306142	0.005415	0.292205	0.903064	-0.314790
37083	9.399893	-0.786343	-3.635359	0.129118	-0.032319	0.012071	0.091689	0.301514	0.949043	0.952336	-0.305012	0.004896	0.290946	0.903359	-0.315109
37084	9.303448	-0.914331	-3.551526	0.198698	-0.018671	0.007139	0.091829	0.301707	0.948968	0.952939	-0.303133	0.004162	0.288919	0.903927	-0.315345
37085	9.261875	-0.532633	-3.377196	0.329653	-0.010591	-0.003637	0.091825	0.301820	0.948933	0.953890	-0.300140	0.003159	0.285766	0.904887	-0.315463
37086	9.252594	0.115618	-3.125382	0.397965	-0.019707	-0.006591	0.091839	0.302067	0.948853	0.955064	-0.296394	0.001917	0.281813	0.906039	-0.315714
37087	9.296954	0.677238	-2.996914	0.400424	-0.020722	-0.005233	0.091847	0.302276	0.948785	0.956190	-0.292747	0.000704	0.277967	0.907154	-0.315921
37088	9.494755	1.226410	-2.503051	0.321205	-0.022641	0.007820	0.092004	0.302507	0.948696	0.957104	-0.289745	-0.000429	0.274750	0.908040	-0.316189
37089	9.868434	0.888236	-2.331482	0.257321	0.017801	0.019609	0.092142	0.302295	0.948750	0.957790	-0.287467	-0.001426	0.272303	0.908835	-0.316023
37090	9.806214	1.036820	-1.747898	0.179213	0.071475	0.022532	0.092179	0.301620	0.948962	0.958279	-0.285827	-0.002237	0.270564	0.909576	-0.315383
37091	9.400359	0.689671	-1.822932	0.097950	0.074523	0.026205	0.092229	0.300873	0.949194	0.958519	-0.285014	-0.002792	0.269694	0.910078	-0.314679
37092	9.096838	0.900971	-1.882975	0.061623	0.055241	0.056101	0.092627	0.300234	0.949358	0.958649	-0.284570	-0.003538	0.269097	0.910428	-0.314178
37093	9.031992	0.548403	-2.806677	-0.029725	-0.005126	0.086407	0.093469	0.300041	0.949336	0.958488	-0.285100	-0.004263	0.269377	0.910326	-0.314234
37094	9.322927	0.583074	-2.962480	0.016468	-0.032148	0.105077	0.094568	0.300050	0.949224	0.958443	-0.285236	-0.005323	0.269156	0.910281	-0.314555
37095	9.389376	0.146093	-3.379795	-0.065255	-0.049990	0.101831	0.095678	0.300220	0.949059	0.958170	-0.286135	-0.006082	0.269733	0.909942	-0.315039
37096	9.331667	-0.167365	-3.493514	0.010097	-0.046634	0.085411	0.096626	0.300417	0.948901	0.958121	-0.286281	-0.006930	0.269571	0.909831	-0.315498
37097	9.345601	-0.285070	-3.478900	0.016740	-0.046075	0.088021	0.097593	0.300590	0.948747	0.958080	-0.286393	-0.007816	0.269365	0.909739	-0.315940
37098	9.368878	-0.450854	-3.489548	0.073703	-0.027341	0.085735	0.098494	0.300614	0.948646	0.958201	-0.285958	-0.008869	0.268607	0.909868	-0.316214
37099	9.367147	-0.333526	-3.222778	0.113570	-0.024041	0.089019	0.099411	0.300585	0.948560	0.958417	-0.285192	-0.010071	0.267495	0.910118	-0.316437
37100	9.291774	-0.471081	-3.162836	0.130115	-0.035279	0.092213	0.100396	0.300667	0.948430	0.958681	-0.284256	-0.011368	0.266179	0.910384	-0.316782
37101	9.285170	-0.350414	-3.112796	0.227159	-0.043610	0.080179	0.101280	0.300843	0.948280	0.959203	-0.282428	-0.012846	0.263956	0.910894	-0.317174
37102	9.457701	-0.083949	-2.901495	0.256883	-0.042166	0.082119	0.102187	0.301019	0.948127	0.959804	-0.280298	-0.014454	0.261407	0.911493	-0.317563
37103	9.486665	0.155202	-2.668964	0.279506	-0.034441	0.088694	0.103128	0.301092	0.948002	0.960440	-0.278016	-0.016181	0.258688	0.912168	-0.317852
37104	9.537324	0.329552	-2.540510	0.235393	-0.021368	0.096993	0.104122	0.301037	0.947911	0.960954	-0.276130	-0.017861	0.256370	0.912759	-0.318034
37105	9.631455	0.519655	-2.331799	0.223576	0.001459	0.104718	0.105124	0.300742	0.947894	0.961416	-0.274403	-0.019563	0.254222	0.913377	-0.317985
37106	9.665711	0.553256	-2.246191	0.154990	0.022623	0.104863	0.106078	0.300259	0.947941	0.961702	-0.273288	-0.021054	0.252739	0.913870	-0.317749
37107	9.615210	0.245003	-2.204058	0.107283	0.035122	0.112338	0.107069	0.299637	0.948026	0.961853	-0.272644	-0.022458	0.251744	0.914266	-0.317399
37108	9.638679	-0.072929	-2.091623	0.116421	0.068787	0.112492	0.107977	0.298701	0.948219	0.962024	-0.271916	-0.023892	0.250699	0.914789	-0.316719
37109	9.524888	-0.419841	-2.227246	0.104765	0.092410	0.126654	0.108964	0.297518	0.948478	0.962149	-0.271334	-0.025422	0.249791	0.915347	-0.315823
37110	9.537060	-0.513061	-2.372614	0.260964	0.102871	0.102336	0.109688	0.296288	0.948779	0.962686	-0.269247	-0.027215	0.247393	0.916362	-0.314766
37111	9.636295	-0.159827	-2.245299	0.337294	0.124374	0.090035	0.110249	0.294913	0.949143	0.963417	-0.266420	-0.029126	0.244281	0.917631	-0.313497
37112	9.740838	0.088348	-2.128531	0.335272	0.153561	0.082720	0.110667	0.293263	0.949605	0.964140	-0.263581	-0.030960	0.241218	0.918979	-0.311917
37113	9.790355	0.117767	-2.085428	0.337535	0.189505	0.075367	0.110939	0.291329	0.950168	0.964866	-0.260696	-0.032724	0.238172	0.920416	-0.310015
37114	9.759252	0.402911	-1.740518	0.297026	0.236252	0.079389	0.111135	0.288915	0.950882	0.965481	-0.258195	-0.034391	0.235577	0.921880	-0.307636
37115	9.768145	0.284338	-1.726832	0.196223	0.269465	0.093596	0.111406	0.286195	0.951673	0.965837	-0.256654	-0.035881	0.233981	0.923158	-0.305010
37116	9.970094	0.355691	-1.549233	0.243341	0.324985	0.086786	0.111469	0.282924	0.952643	0.966303	-0.254670	-0.037434	0.232018	0.924715	-0.301778
37117	10.065080	0.721173	-1.222322	0.160128	0.377306	0.074619	0.111317	0.279249	0.953745	0.966591	-0.253397	-0.038623	0.230891	0.926180	-0.298127
37118	10.318335	0.390125	-1.114846	-0.007766	0.416808	0.066335	0.110967	0.275153	0.954975	0.966491	-0.253687	-0.039212	0.231476	0.927326	-0.294084
37119	10.625030	0.121115	-0.701968	-0.026836	0.524748	0.052509	0.110258	0.270156	0.956483	0.966371	-0.254079	-0.039633	0.232315	0.928687	-0.289085
37120	10.872075	-0.187205	-0.119159	-0.081882	0.642279	0.074369	0.109443	0.263909	0.958318	0.966088	-0.255082	-0.040084	0.233871	0.930207	-0.282876
37121	11.375280	-0.561831	0.407346	-0.063828	0.771318	0.105083	0.108648	0.256465	0.960428	0.965824	-0.255949	-0.040912	0.235329	0.932049	-0.275508
37122	11.581484	-0.240285	1.086008	0.059615	0.942034	0.091763	0.107268	0.247315	0.962979	0.965858	-0.255657	-0.041930	0.235823	0.934599	-0.266294
37123	11.659445	0.258248	1.489544	-0.008736	1.080999	0.055804	0.105250	0.237060	0.965777	0.965778	-0.255874	-0.042443	0.237056	0.937193	-0.255879
37124	11.597412	0.449512	1.436995	0.003714	1.234405	0.007634	0.102327	0.225285	0.968905	0.965772	-0.255887	-0.042498	0.238355	0.940090	-0.243758
37125	11.265751	0.620964	1.435817	-0.004523	1.350383	-0.035827	0.098752	0.212667	0.972122	0.965798	-0.255851	-0.042138	0.239757	0.943034	-0.230659
37126	11.083174	0.789589	1.390270	-0.086868	1.432853	-0.074267	0.094501	0.199112	0.975410	0.965652	-0.256556	-0.041184	0.242047	0.945798	-0.216517
37127	11.104337	0.848211	1.269156	-0.178449	1.515675	-0.121612	0.089633	0.185075	0.978628	0.965329	-0.258012	-0.039621	0.245165	0.948249	-0.201785
37128	11.044596	0.917800	0.927277	-0.228930	1.588845	-0.172978	0.083936	0.170187	0.981830	0.964902	-0.259930	-0.037434	0.248837	0.950512	-0.186031
37129	10.789117	0.839412	0.185659	-0.367174	1.569015	-0.199320	0.078071	0.155786	0.984701	0.964141	-0.263099	-0.034817	0.253649	0.952108	-0.170740
37130	10.426836	-0.109188	-0.963403	-0.543196	1.438590	-0.194885	0.072376	0.142325	0.987170	0.962875	-0.268050	-0.031948	0.260064	0.952834	-0.156441
37131	10.224083	-1.633935	-2.235169	-0.473489	1.258076	-0.206394	0.067082	0.130896	0.989124	0.961775	-0.272281	-0.029195	0.265498	0.953273	-0.144158
37132	10.383592	-2.451425	-2.843224	-0.243021	1.127648	-0.235844	0.061684	0.120513	0.990793	0.961265	-0.274353	-0.026475	0.268636	0.954048	-0.132768
37133	10.696454	-3.177934	-3.688493	-0.022559	1.046667	-0.287515	0.056103	0.111313	0.992200	0.961373	-0.274235	-0.023594	0.269470	0.955199	-0.122399
37134	10.304159	-3.147437	-4.530685	0.289676	0.958100	-0.371823	0.049863	0.102914	0.993440	0.962349	-0.271062	-0.020223	0.267202	0.957045	-0.112555
37135	9.938291	-2.785884	-5.018975	0.559988	0.884607	-0.456679	0.043122	0.095665	0.994479	0.964044	-0.265243	-0.016287	0.262220	0.959424	-0.103663
37136	9.685533	-2.649351	-5.233298	0.605265	0.823712	-0.511443	0.035994	0.088879	0.995392	0.965832	-0.258900	-0.011808	0.256658	0.961806	-0.095161
37137	9.101577	-2.502352	-5.259960	0.731829	0.799299	-0.531057	0.028834	0.082538	0.996171	0.967857	-0.251397	-0.007185	0.249841	0.964358	-0.087134
37138	8.509289	-2.318988	-5.849636	0.717659	0.785114	-0.515746	0.021883	0.076067	0.996863	0.969781	-0.243963	-0.002672	0.242995	0.966797	-0.079107
37139	7.703910	-2.325316	-6.176397	0.833530	0.727960	-0.495743	0.015329	0.070210	0.997414	0.971865	-0.235532	0.001644	0.235038	0.969327	-0.071846
37140	7.115868	-1.674520	-5.987581	0.918911	0.680174	-0.475651	0.009150	0.064596	0.997870	0.974072	-0.226166	0.005709	0.226053	0.971944	-0.064990
37141	7.014528	-0.677432	-5.753736	0.945017	0.641267	-0.458180	0.003261	0.059371	0.998231	0.976193	-0.216686	0.009699	0.216878	0.974434	-0.058665
37142	7.132003	0.622810	-5.434556	0.782376	0.623856	-0.442503	-0.002348	0.054175	0.998529	0.977890	-0.208676	0.013621	0.209107	0.976483	-0.052488
37143	7.280478	1.445636	-5.252817	0.487216	0.598333	-0.398971	-0.007489	0.049153	0.998763	0.978877	-0.203709	0.017366	0.204311	0.977797	-0.046589
37144	7.406965	1.971972	-4.633989	0.172099	0.562083	-0.372944	-0.012239	0.044418	0.998938	0.979208	-0.201770	0.020969	0.202488	0.978425	-0.041025
37145	7.447538	2.222395	-4.379720	-0.214410	0.548382	-0.345118	-0.016735	0.039754	0.999069	0.978722	-0.203723	0.024501	0.204507	0.978221	-0.035499
37146	6.636758	1.756570	-5.001549	-0.589129	0.387481	-0.318041	-0.020617	0.036681	0.999114	0.977446	-0.209343	0.027855	0.210179	0.977154	-0.031538
37147	6.575028	0.811967	-4.592625	-0.868364	0.148058	-0.285615	-0.023724	0.035847	0.999076	0.975520	-0.217717	0.030977	0.218626	0.975353	-0.029805
37148	6.817531	0.090985	-4.430016	-1.098084	-0.097030	-0.250076	-0.025914	0.037463	0.998962	0.972993	-0.228348	0.033804	0.229377	0.972859	-0.030534
37149	7.394667	-0.843287	-4.071663	-1.260997	-0.296780	-0.186571	-0.027028	0.040785	0.998802	0.969973	-0.240523	0.036070	0.241706	0.969786	-0.033060
37150	8.373808	-1.702339	-3.301402	-1.298722	-0.427695	-0.066451	-0.026566	0.045245	0.998623	0.966725	-0.253100	0.037185	0.254434	0.966382	-0.037016
37151	10.578426	-1.827656	-1.080922	-1.194982	-0.414924	0.092994	-0.024589	0.049010	0.998496	0.963639	-0.264673	0.036722	0.266074	0.963092	-0.040720
37152	12.779574	-0.830530	1.574253	-1.039541	-0.245441	0.160359	-0.022310	0.051106	0.998444	0.960859	-0.274750	0.035533	0.276139	0.960156	-0.042976
37153	13.667369	0.144617	3.382989	-0.980952	-0.148120	0.057733	-0.021341	0.052367	0.998400	0.958116	-0.284185	0.035386	0.285584	0.957338	-0.044109
37154	13.907806	0.063316	5.398209	-1.057197	-0.237102	-0.117908	-0.021710	0.055104	0.998245	0.955026	-0.294203	0.037010	0.295726	0.954153	-0.046239
37155	10.521365	-1.220625	2.542540	-1.156571	-0.483455	-0.176970	-0.021941	0.060242	0.997943	0.951503	-0.305115	0.039338	0.306857	0.950408	-0.050626
37156	6.702303	-5.769948	-4.465212	-1.054314	-0.447102	-0.023944	-0.020708	0.064631	0.997694	0.948229	-0.315047	0.040091	0.316912	0.946873	-0.054761
37157	13.855454	-2.980009	16.689138	1.195764	-1.835999	0.191965	-0.013168	0.081448	0.996591	0.951985	-0.303851	0.037411	0.305862	0.949232	-0.073536
37158	13.290595	-3.108813	-1.383091	-2.463930	0.096586	0.453756	-0.009086	0.079087	0.996826	0.944270	-0.327349	0.034578	0.329045	0.941588	-0.071705
37159	7.655969	-4.426585	-1.887688	-0.059773	-0.452740	0.452965	-0.003318	0.081867	0.996638	0.944102	-0.328277	0.030109	0.329638	0.941027	-0.076202
37160	8.537221	-3.994581	-1.733090	-0.050229	-0.566853	-0.005192	-0.001372	0.087199	0.996190	0.944020	-0.328516	0.030056	0.329885	0.940464	-0.081867
37161	7.740230	-4.725206	-1.584156	0.866473	-0.547398	-0.304761	-0.002470	0.093346	0.995631	0.946837	-0.320082	0.032358	0.321704	0.942780	-0.087593
37162	10.045056	-1.092777	-1.057009	1.157934	-0.560006	-0.344263	-0.003800	0.099695	0.995011	0.950593	-0.308511	0.034542	0.310416	0.945982	-0.093597
37163	10.538320	2.465645	-3.316474	0.896565	-0.125068	-0.199246	-0.005313	0.101489	0.994822	0.953329	-0.299818	0.035678	0.301887	0.948583	-0.095160
37164	10.675531	-1.242504	-4.137525	1.292492	-0.891773	-0.398267	-0.006320	0.111122	0.993787	0.957221	-0.286829	0.038160	0.289288	0.951515	-0.104556
37165	9.683654	5.989390	1.854251	1.654268	-0.380659	-0.362430	-0.008726	0.115766	0.993238	0.961849	-0.270642	0.039994	0.273442	0.955694	-0.108988
37166	10.023387	2.603049	-2.727783	-0.047558	-0.473690	-0.216960	-0.009377	0.120877	0.992623	0.961775	-0.270595	0.042037	0.273680	0.955074	-0.113719
37167	9.929203	3.485674	-1.805237	0.757653	-0.423177	-0.251983	-0.010659	0.125597	0.992024	0.963796	-0.263043	0.043659	0.266428	0.956574	-0.118246
37168	8.994700	3.823775	-1.484348	-0.049251	-0.510456	-0.160609	-0.010729	0.130918	0.991335	0.963705	-0.263120	0.045178	0.266755	0.955839	-0.123343
37169	10.465069	2.434853	-2.205099	-0.162146	-0.471428	-0.195419	-0.011349	0.135940	0.990652	0.963249	-0.264408	0.047318	0.268369	0.954782	-0.127943
37170	9.651240	2.476802	-1.516705	-0.285919	-0.478926	-0.126559	-0.011183	0.140876	0.989964	0.962506	-0.266828	0.048844	0.271031	0.953392	-0.132610
37171	9.802050	0.870914	-2.077052	-0.482791	-0.462482	-0.041422	-0.010315	0.145396	0.989320	0.961181	-0.271367	0.049904	0.275725	0.951430	-0.136953
37172	9.608180	0.310618	-1.647169	-0.404678	-0.436028	0.019689	-0.008833	0.149526	0.988718	0.960094	-0.275138	0.050186	0.279538	0.949706	-0.141128
37173	9.585372	-0.713909	-1.740465	-0.391523	-0.401560	0.078622	-0.006946	0.153122	0.988183	0.958998	-0.278972	0.049969	0.283326	0.948013	-0.144905
37174	9.313019	-1.275021	-1.615963	-0.184038	-0.394344	0.086243	-0.004911	0.156657	0.987641	0.958518	-0.280739	0.049296	0.284991	0.946913	-0.148780
37175	9.898632	-1.658940	-1.720799	0.011338	-0.425878	0.061364	-0.003107	0.160519	0.987028	0.958552	-0.280728	0.048672	0.284899	0.946269	-0.152994
37176	9.657923	-1.227680	-1.540064	0.229219	-0.380743	0.001020	-0.001914	0.164157	0.986432	0.959248	-0.278424	0.048195	0.282558	0.946326	-0.156934
37177	9.844274	-0.542789	-1.670970	0.346846	-0.460960	-0.057581	-0.001170	0.168683	0.985670	0.960222	-0.275046	0.048209	0.279236	0.946518	-0.161651
37178	9.447040	0.481975	-1.798812	0.412498	-0.438070	-0.123309	-0.001029	0.173201	0.984886	0.961414	-0.270776	0.048622	0.275105	0.946933	-0.166239
37179	9.344915	1.050445	-1.845154	0.382572	-0.472953	-0.160917	-0.001282	0.178116	0.984009	0.962457	-0.266870	0.049560	0.271430	0.947130	-0.171087
37180	9.437647	1.911066	-1.461549	0.349767	-0.495573	-0.169914	-0.001474	0.183297	0.983056	0.963444	-0.263107	0.050503	0.267906	0.947194	-0.176209
37181	9.424738	2.043178	-1.570451	0.112057	-0.473239	-0.157879	-0.001728	0.188196	0.982130	0.963741	-0.261753	0.051853	0.266834	0.946608	-0.180920
37182	9.378309	2.119919	-1.270804	-0.077526	-0.487595	-0.120135	-0.001489	0.193162	0.981166	0.963569	-0.262141	0.053071	0.267455	0.945500	-0.185735
37183	9.370003	2.109651	-1.175054	-0.161698	-0.480124	-0.090112	-0.001067	0.197939	0.980214	0.963134	-0.263493	0.054257	0.269019	0.944135	-0.190361
37184	9.751599	1.104307	-1.412555	-0.430792	-0.480906	-0.050577	-0.000173	0.202645	0.979252	0.961996	-0.267364	0.055498	0.273063	0.942047	-0.194897
37185	9.784717	0.508925	-1.220581	-0.449311	-0.442474	-0.005684	0.000993	0.206828	0.978377	0.960760	-0.271580	0.056436	0.277380	0.939929	-0.198982
37186	10.064087	-0.165865	-1.030508	-0.493274	-0.422986	0.014493	0.002387	0.210789	0.977529	0.959409	-0.276155	0.057205	0.282007	0.937713	-0.202892
37187	9.725469	-0.674353	-1.544171	-0.532881	-0.405795	0.007081	0.003613	0.214574	0.976701	0.957893	-0.281160	0.058225	0.287103	0.935365	-0.206555
37188	10.051173	-1.026751	-1.791373	-0.020153	-0.334605	-0.055195	0.004120	0.217877	0.975968	0.957873	-0.281127	0.058716	0.287164	0.934611	-0.209856
37189	9.785499	-0.870480	-1.547561	-0.253410	-0.345750	-0.070960	0.004441	0.221310	0.975193	0.957145	-0.283337	0.059942	0.289574	0.933135	-0.213084
37190	9.676718	-0.767946	-1.301005	0.214641	-0.317519	-0.085987	0.004616	0.224526	0.974457	0.957812	-0.281018	0.060213	0.287360	0.933068	-0.216351
37191	9.703796	0.219582	-1.084397	0.217987	-0.308813	-0.120589	0.004348	0.227749	0.973710	0.958441	-0.278711	0.060910	0.285256	0.932979	-0.219496
37192	9.628026	0.869440	-1.065865	0.264988	-0.309336	-0.146480	0.003904	0.231040	0.972936	0.959247	-0.275763	0.061635	0.282540	0.933046	-0.222701
37193	9.529560	1.312913	-1.387122	0.388679	-0.289959	-0.187166	0.002925	0.234262	0.972169	0.960345	-0.271700	0.062582	0.278799	0.933435	-0.225768
37194	9.193596	2.103747	-1.751923	0.380869	-0.321179	-0.192966	0.002034	0.237771	0.971319	0.961450	-0.267553	0.063482	0.274973	0.933745	-0.229149
37195	9.372668	1.892142	-2.330488	0.175659	-0.368031	-0.152217	0.001583	0.241617	0.970370	0.961934	-0.265548	0.064551	0.273276	0.933330	-0.232840
37196	9.399953	1.707205	-2.768111	0.048225	-0.391999	-0.098981	0.001762	0.245528	0.969388	0.962105	-0.264743	0.065306	0.272673	0.932538	-0.236691
37197	9.341126	1.534156	-2.742337	-0.085253	-0.424377	-0.046034	0.002482	0.249609	0.968343	0.961874	-0.265423	0.065952	0.273483	0.931260	-0.240751
37198	9.472458	1.306550	-2.835452	-0.241039	-0.431339	-0.004352	0.003681	0.253633	0.967293	0.961243	-0.267562	0.066499	0.275677	0.929560	-0.244788
37199	9.407076	1.423538	-2.475303	-0.310515	-0.431956	0.023166	0.005105	0.257586	0.966242	0.960382	-0.270504	0.067038	0.278640	0.927619	-0.248762
37200	9.602793	1.017993	-2.496186	-0.442007	-0.440862	0.031318	0.006695	0.261589	0.965156	0.959167	-0.274602	0.067773	0.282762	0.925292	-0.252745
37201	9.771865	0.546477	-1.968273	-0.458969	-0.421059	0.048049	0.008359	0.265351	0.964116	0.957856	-0.278969	0.068475	0.287129	0.922911	-0.256500
37202	9.903804	0.264115	-1.642516	-0.463423	-0.374062	0.061417	0.010078	0.268627	0.963192	0.956537	-0.283328	0.069010	0.291437	0.920633	-0.259807
37203	9.981234	0.277295	-1.229719	-0.471929	-0.328203	0.052807	0.011551	0.271498	0.962370	0.955145	-0.287810	0.069731	0.295912	0.918398	-0.262645
37204	9.734447	-0.271606	-1.500698	-0.216407	-0.308060	-0.007799	0.012435	0.274336	0.961553	0.954537	-0.289685	0.070304	0.297834	0.916964	-0.265466
37205	9.877824	0.473903	-0.953606	0.003646	-0.269291	-0.046926	0.012794	0.276944	0.960801	0.954554	-0.289522	0.070742	0.297764	0.916231	-0.268062
37206	9.808811	0.671864	-1.027282	0.158080	-0.229034	-0.064832	0.012895	0.279203	0.960146	0.955070	-0.287786	0.070859	0.296100	0.916092	-0.270369
37207	9.266226	0.908602	-1.079731	0.208263	-0.231346	-0.057634	0.013032	0.281491	0.959475	0.955692	-0.285716	0.070843	0.294079	0.916040	-0.272742
37208	8.688604	0.879556	-1.964978	0.296654	-0.285110	-0.060066	0.013321	0.284232	0.958663	0.956609	-0.282711	0.070528	0.291071	0.916126	-0.275665
37209	8.596602	0.944320	-2.882912	0.372562	-0.372023	-0.043533	0.013986	0.287766	0.957598	0.957693	-0.279173	0.069907	0.287453	0.916107	-0.279496
37210	8.902096	0.886827	-3.786851	0.392751	-0.447782	-0.015956	0.015138	0.291872	0.956338	0.958854	-0.275417	0.068879	0.283495	0.915946	-0.284032
37211	9.052367	1.292330	-4.084594	0.414540	-0.481776	0.002808	0.016526	0.296280	0.954958	0.960021	-0.271628	0.067661	0.279440	0.915662	-0.288924
37212	9.147079	1.369876	-4.282474	0.301295	-0.508320	0.040597	0.018358	0.300796	0.953512	0.960882	-0.268897	0.066327	0.276348	0.914995	-0.293966
37213	9.275895	1.653834	-3.966117	0.142492	-0.529059	0.089084	0.020677	0.305398	0.952000	0.961258	-0.267864	0.065052	0.274873	0.913773	-0.299105
37214	9.634393	1.689812	-3.397507	-0.050900	-0.513578	0.139139	0.023457	0.309701	0.950545	0.961111	-0.268686	0.063824	0.275165	0.912082	-0.303960
37215	9.812967	1.110315	-2.998356	-0.215422	-0.465572	0.166251	0.026345	0.313498	0.949223	0.960475	-0.271167	0.062900	0.277117	0.910048	-0.308251
37216	9.909927	0.948511	-1.908890	-0.252259	-0.399052	0.174693	0.029159	0.316640	0.948098	0.959744	-0.273952	0.061976	0.279358	0.908124	-0.311881
37217	10.116734	0.341493	-1.368624	-0.406283	-0.388517	0.164722	0.031836	0.319712	0.946980	0.958552	-0.278161	0.061685	0.283134	0.905765	-0.315316
37218	9.918808	-0.122439	-1.211413	-0.327600	-0.266391	0.143673	0.033987	0.321697	0.946233	0.957596	-0.281514	0.061313	0.286102	0.904025	-0.317624
37219	9.976261	0.223045	-0.322103	-0.029410	-0.246404	0.089828	0.035558	0.323674	0.945500	0.957481	-0.282069	0.060553	0.286296	0.903146	-0.319941
37220	9.661054	0.106731	-0.367167	-0.010282	-0.190583	0.054457	0.036629	0.325193	0.944938	0.957466	-0.282236	0.060015	0.286213	0.902547	-0.321700
37221	9.597582	0.386468	-0.166508	0.248879	-0.153078	0.019438	0.037257	0.326524	0.944454	0.958168	-0.280053	0.059025	0.283771	0.902747	-0.323299
37222	9.394267	0.596848	-0.602826	0.316085	-0.136424	-0.008705	0.037546	0.327707	0.944033	0.959106	-0.277036	0.058023	0.280546	0.903249	-0.324707
37223	8.510869	0.880679	-1.710599	0.496547	-0.195562	-0.032427	0.037784	0.329566	0.943376	0.960500	-0.272443	0.056707	0.275705	0.903970	-0.326842
37224	7.980567	0.489899	-3.725316	0.482285	-0.369956	-0.029196	0.038489	0.332901	0.942176	0.961874	-0.267835	0.055341	0.270771	0.904125	-0.330518
37225	8.042936	0.361249	-5.280262	0.669256	-0.558628	-0.006633	0.039925	0.337972	0.940309	0.963667	-0.261762	0.053168	0.264107	0.904022	-0.336143
37226	8.280854	0.627170	-6.307413	0.752799	-0.668726	0.037792	0.042013	0.343847	0.938085	0.965650	-0.254952	0.050203	0.256429	0.903752	-0.342747
37227	8.727650	1.366064	-6.196002	0.756120	-0.759775	0.087395	0.044783	0.350494	0.935494	0.967522	-0.248425	0.046760	0.248789	0.903017	-0.350236
37228	9.105631	2.026181	-5.648185	0.596873	-0.779590	0.138124	0.048033	0.357147	0.932812	0.968950	-0.243433	0.043310	0.242545	0.901769	-0.357750
37229	9.343472	2.291400	-4.739378	0.346707	-0.794521	0.202211	0.051911	0.363817	0.930023	0.969684	-0.241039	0.040168	0.238786	0.899743	-0.365300
37230	9.382581	2.031746	-3.568691	0.070660	-0.751346	0.281628	0.056429	0.369863	0.927371	0.969715	-0.241381	0.037264	0.237632	0.897183	-0.372283
37231	9.807938	2.239792	-2.141029	-0.061615	-0.707216	0.314631	0.061167	0.375439	0.924827	0.969383	-0.243106	0.034577	0.237812	0.894397	-0.378814
37232	10.448216	2.039245	-0.870387	-0.326768	-0.643447	0.356136	0.066138	0.380281	0.922503	0.968388	-0.247321	0.032525	0.240523	0.891190	-0.384616
37233	10.116619	1.079616	-0.578249	-0.391411	-0.572637	0.353432	0.070951	0.384495	0.920396	0.967197	-0.252155	0.030779	0.243917	0.888021	-0.389773
37234	8.707902	-0.308557	-3.136336	-0.169861	-0.488905	0.294881	0.074950	0.388029	0.918595	0.966586	-0.254726	0.028734	0.245139	0.885747	-0.394155
37235	11.130584	1.234434	3.885213	1.770792	-0.497933	0.115076	0.077247	0.392164	0.916646	0.970685	-0.239468	0.020649	0.227606	0.888179	-0.399166
37236	9.439844	1.921514	1.249415	-1.065134	-0.524772	0.282732	0.081128	0.396032	0.914646	0.968016	-0.249891	0.022338	0.237409	0.883580	-0.403639
37237	10.840740	-0.565217	-1.732195	-0.089221	-0.561658	0.205645	0.084459	0.400475	0.912407	0.967634	-0.251498	0.020817	0.237805	0.881118	-0.408754
37238	10.333840	0.788107	-1.949791	0.462089	-0.150451	0.197802	0.086617	0.401190	0.911891	0.968597	-0.248046	0.017125	0.233061	0.881771	-0.410076
37239	12.336651	0.381629	0.314850	0.915745	-0.128344	0.158983	0.088457	0.401936	0.911385	0.970551	-0.240602	0.011910	0.224068	0.883492	-0.411383
37240	11.547586	0.060422	-0.668718	0.264254	-0.099024	0.166269	0.090150	0.402267	0.911073	0.971045	-0.238714	0.009315	0.221233	0.883853	-0.412140
37241	10.358121	-0.536547	-1.633611	0.937834	0.141293	0.137210	0.091183	0.400696	0.911662	0.972953	-0.230964	0.004200	0.212244	0.886622	-0.410918
37242	10.494838	1.785747	-0.446839	1.095859	0.085677	0.112582	0.091938	0.399509	0.912107	0.975181	-0.221407	-0.001318	0.201421	0.889590	-0.409949
37243	11.449236	2.469270	-0.831635	0.694257	0.099679	0.117141	0.092889	0.398367	0.912510	0.976447	-0.215692	-0.005234	0.194736	0.891505	-0.409020
37244	12.263277	2.554718	-0.861829	1.036686	0.290749	0.042518	0.092550	0.395482	0.913799	0.978442	-0.206289	-0.009817	0.184624	0.895008	-0.406048
37245	12.711173	4.021601	1.136964	0.698971	0.417008	0.078711	0.092569	0.391585	0.915474	0.979637	-0.200333	-0.013367	0.178165	0.898069	-0.402155
37246	13.098081	3.128121	1.655973	-0.007189	0.603863	0.146205	0.092668	0.385626	0.917990	0.979562	-0.200609	-0.014613	0.178522	0.900583	-0.396334
37247	13.181760	3.119649	2.218207	0.057811	0.883328	0.182650	0.092884	0.377289	0.921426	0.979496	-0.200784	-0.016524	0.178774	0.904068	-0.388203
37248	13.104661	3.049508	2.747992	-0.355905	1.144074	0.236860	0.092816	0.366157	0.925913	0.978723	-0.204459	-0.017256	0.182992	0.907814	-0.377343
37249	12.748471	2.512655	2.366674	-0.554003	1.384361	0.323239	0.093403	0.352892	0.930991	0.977390	-0.210661	-0.018207	0.189698	0.911641	-0.364589
37250	11.989155	0.695352	1.245118	-0.507257	1.598850	0.310286	0.092979	0.337273	0.936804	0.976237	-0.215856	-0.019179	0.195747	0.916326	-0.349328
37251	11.671469	0.334615	0.232820	-0.544730	1.657066	0.159220	0.091237	0.321704	0.942434	0.975005	-0.221384	-0.018819	0.202586	0.920595	-0.333861
37252	12.071833	-0.228286	-1.014443	-0.158165	1.698411	-0.087005	0.086532	0.305832	0.948145	0.974893	-0.221995	-0.017368	0.205172	0.925843	-0.317363
37253	12.124234	0.718519	-1.564759	0.098240	1.686953	-0.356200	0.079598	0.290954	0.953420	0.975391	-0.220020	-0.014289	0.205613	0.931095	-0.301307
37254	11.872980	1.623539	-2.608776	0.394761	1.666347	-0.612557	0.069824	0.276305	0.958530	0.976792	-0.213982	-0.009472	0.202492	0.936946	-0.284834
37255	11.246786	2.493093	-3.306246	0.408703	1.580198	-0.777697	0.059050	0.263097	0.962961	0.978114	-0.208045	-0.003137	0.199514	0.942071	-0.269624
37256	10.655942	2.279168	-4.212502	0.275446	1.465444	-0.896701	0.046970	0.250671	0.966932	0.979262	-0.202539	0.004938	0.197079	0.946648	-0.254986
37257	10.939231	2.124799	-4.928282	0.174182	1.373234	-0.913339	0.035328	0.239475	0.970260	0.979980	-0.198648	0.013348	0.195937	0.950364	-0.241698
37258	11.101822	1.122312	-5.831780	-0.036129	1.294929	-0.889401	0.023681	0.228483	0.973260	0.980281	-0.196354	0.022245	0.196186	0.953541	-0.228628
37259	11.462608	0.643164	-6.542285	-0.025548	1.251598	-0.873895	0.012658	0.218236	0.975814	0.980389	-0.194646	0.030814	0.196663	0.956288	-0.216420
37260	11.796942	0.831518	-6.689167	-0.094899	1.279417	-0.788122	0.002046	0.207116	0.978314	0.980353	-0.193379	0.038890	0.197240	0.959014	-0.203442
37261	11.731787	0.820592	-6.558645	-0.299524	1.397348	-0.658811	-0.007185	0.194973	0.980782	0.979741	-0.194930	0.045928	0.200139	0.961243	-0.189623
37262	10.936617	0.229453	-5.979764	-0.489202	1.548034	-0.488470	-0.015436	0.180675	0.983422	0.978775	-0.198284	0.051792	0.204355	0.963348	-0.173780
37263	11.076793	0.469509	-4.736900	-0.450206	1.690174	-0.430508	-0.023134	0.165231	0.985984	0.977763	-0.201881	0.056772	0.208432	0.965372	-0.156886
37264	10.755681	1.655978	-4.427350	-0.502660	1.816202	-0.413535	-0.031303	0.148189	0.988463	0.976664	-0.205701	0.061767	0.212481	0.967330	-0.138292
37265	10.184143	1.427391	-5.071707	-0.780916	1.738509	-0.418125	-0.039136	0.132233	0.990446	0.974830	-0.212672	0.066912	0.219488	0.968135	-0.120582
37266	10.537235	1.203786	-4.753513	-0.906738	1.667470	-0.452025	-0.047549	0.116765	0.992021	0.972671	-0.220550	0.072581	0.227265	0.968361	-0.103087
37267	10.912424	0.823980	-4.739815	-1.172809	1.647632	-0.441970	-0.055672	0.101808	0.993245	0.969716	-0.231419	0.078074	0.237804	0.967512	-0.085842
37268	10.190094	0.157980	-5.025419	-1.337833	1.667930	-0.398657	-0.063859	0.086364	0.994215	0.966275	-0.243691	0.083233	0.249469	0.966000	-0.067890
37269	9.256238	-0.513158	-4.943614	-1.505545	1.719570	-0.366651	-0.071798	0.070685	0.994911	0.962170	-0.257928	0.087761	0.262819	0.963575	-0.049492
37270	8.546765	-1.257143	-4.786822	-1.541088	1.765051	-0.371836	-0.080354	0.054464	0.995277	0.957785	-0.272289	0.092227	0.276026	0.960673	-0.030286
37271	8.186551	-1.719124	-4.508595	-1.475909	1.753957	-0.398869	-0.089117	0.038749	0.995267	0.953281	-0.286257	0.096502	0.288642	0.957369	-0.011428
37272	8.022911	-1.950185	-4.069756	-1.416622	1.727572	-0.432396	-0.098503	0.023322	0.994863	0.948748	-0.299473	0.100957	0.300289	0.953820	0.007372
37273	7.766410	-1.804081	-3.539984	-1.434379	1.691496	-0.431727	-0.107768	0.008536	0.994139	0.943911	-0.313056	0.105011	0.312117	0.949696	0.025680
37274	7.456150	-2.060328	-3.279318	-1.533471	1.637639	-0.355051	-0.116466	-0.005992	0.993177	0.938672	-0.327428	0.108099	0.324546	0.944857	0.043758
37275	7.129769	-2.626161	-3.167754	-1.531275	1.589198	-0.228393	-0.123861	-0.020210	0.992094	0.933333	-0.341886	0.109560	0.336968	0.939524	0.061209
37276	6.676919	-3.059360	-2.926559	-1.411541	1.535741	-0.097547	-0.130126	-0.034381	0.990901	0.928412	-0.355018	0.109602	0.348020	0.934227	0.078117
37277	6.219889	-3.212535	-2.613895	-1.197178	1.454420	-0.012515	-0.135372	-0.047897	0.989636	0.924175	-0.366178	0.108695	0.357177	0.929311	0.093835
37278	6.346931	-3.274483	-2.003150	-1.036229	1.374723	0.084933	-0.139598	-0.061057	0.988324	0.920589	-0.375639	0.106825	0.364731	0.924753	0.108647
37279	6.098785	-3.083769	-1.851725	-0.878243	1.235378	0.150077	-0.142766	-0.073034	0.987058	0.917570	-0.383641	0.104329	0.371056	0.920590	0.121785
37280	5.868585	-2.738580	-1.667573	-0.777640	1.035878	0.200224	-0.144806	-0.083412	0.985938	0.914989	-0.390544	0.101345	0.376598	0.916798	0.132874
37281	5.894101	-2.594968	-1.522084	-0.667967	0.846106	0.251608	-0.145715	-0.092154	0.985025	0.912823	-0.396435	0.097946	0.381472	0.913426	0.141887
37282	5.929575	-2.574775	-1.555087	-0.629390	0.661097	0.301122	-0.145472	-0.099456	0.984351	0.910881	-0.401817	0.094016	0.386178	0.910303	0.149046
37283	5.960385	-2.588358	-1.642998	-0.574833	0.431673	0.316519	-0.144271	-0.104668	0.983987	0.909107	-0.406718	0.090029	0.390782	0.907538	0.153832
37284	6.318757	-2.332164	-1.472562	-0.453424	0.249458	0.275172	-0.142681	-0.108110	0.983847	0.907751	-0.410486	0.086539	0.394500	0.905435	0.156706
37285	6.989451	-1.465160	-0.527991	-0.243823	0.121527	0.169020	-0.141630	-0.109914	0.983799	0.907028	-0.412507	0.084491	0.396537	0.904299	0.158119
37286	7.899807	-0.750326	0.106356	-0.150007	0.037706	-0.022231	-0.141886	-0.110206	0.983729	0.906423	-0.413858	0.084372	0.397826	0.903646	0.158614
37287	8.295112	0.209208	0.735854	-0.089956	-0.068949	-0.156904	-0.143035	-0.108942	0.983704	0.905842	-0.414842	0.085771	0.398737	0.903348	0.158021
