// General information: 
//  MT Manager version: 2022.2.0 
//  XDA version: 2022.2.0 build 7381 rev 124627 built on 2023-07-19
// Device information: 
//  DeviceId: 00B4CAF0
//  ProductCode: MTW2-3A7G6
//  Firmware Version: 4.6.0
//  Hardware Version: 2.0.0
// Device settings: 
//  Filter Profile: human(46.1)
//  Option Flags: Orientation Smoother Disabled, Position/Velocity Smoother Disabled, Continuous Zero Rotation Update Disabled, AHS Disabled, ICC Disabled
// Coordinate system: ENU
PacketCounter	Acc_X	Acc_Y	Acc_Z	Gyr_X	Gyr_Y	Gyr_Z	Mat[1][1]	Mat[2][1]	Mat[3][1]	Mat[1][2]	Mat[2][2]	Mat[3][2]	Mat[1][3]	Mat[2][3]	Mat[3][3]
24432	5.452601	0.888382	8.650499	0.003052	-0.000778	0.006147	0.001199	0.849094	0.528240	-0.995182	-0.050773	0.083872	0.098035	-0.525796	0.844943
24433	5.477286	0.852915	8.617014	-0.001353	0.003270	0.004480	0.001162	0.849111	0.528213	-0.995186	-0.050783	0.083824	0.098000	-0.525767	0.844964
24434	5.477093	0.852746	8.617154	0.003581	0.002178	0.005195	0.001048	0.849095	0.528240	-0.995187	-0.050874	0.083749	0.097984	-0.525785	0.844955
24435	5.476978	0.852603	8.617241	0.000331	0.001622	0.006182	0.000995	0.849102	0.528228	-0.995189	-0.050907	0.083706	0.097966	-0.525770	0.844967
24436	5.490154	0.861012	8.635979	0.004162	0.001136	0.001976	0.001266	0.849096	0.528237	-0.995190	-0.050676	0.083843	0.097960	-0.525802	0.844947
24437	5.490142	0.860978	8.635990	-0.000389	-0.000147	0.005177	0.001225	0.849095	0.528239	-0.995192	-0.050697	0.083799	0.097934	-0.525802	0.844950
24438	5.476682	0.852350	8.617455	0.003073	0.005885	0.005980	0.001296	0.849099	0.528232	-0.995194	-0.050625	0.083818	0.097912	-0.525802	0.844953
24439	5.476397	0.852113	8.617659	-0.001618	0.001793	0.004956	0.001256	0.849108	0.528218	-0.995198	-0.050637	0.083766	0.097874	-0.525786	0.844967
24440	5.489583	0.860282	8.636415	0.001368	0.000870	0.004445	0.001132	0.849076	0.528269	-0.995199	-0.050744	0.083693	0.097868	-0.525827	0.844942
24441	5.457293	0.865162	8.625189	0.003772	0.000989	0.007154	0.001071	0.849080	0.528263	-0.995197	-0.050803	0.083674	0.097883	-0.525816	0.844948
24442	5.489437	0.860042	8.636531	0.000140	0.002810	0.004225	0.001079	0.849073	0.528274	-0.995204	-0.050763	0.083622	0.097818	-0.525831	0.844946
24443	5.483655	0.870175	8.604138	0.005339	0.003194	0.004464	0.001042	0.849089	0.528248	-0.995201	-0.050808	0.083631	0.097849	-0.525800	0.844961
24444	5.487048	0.819686	8.624539	0.001633	0.002348	0.003969	0.001260	0.849097	0.528235	-0.995205	-0.050598	0.083707	0.097803	-0.525808	0.844962
24445	5.464242	0.883680	8.611819	0.003390	0.003365	0.003238	0.001236	0.849115	0.528207	-0.995204	-0.050622	0.083706	0.097815	-0.525777	0.844980
24446	5.475387	0.851695	8.618342	0.004228	0.001279	0.008636	0.001297	0.849114	0.528208	-0.995209	-0.050542	0.083692	0.097761	-0.525786	0.844980
24447	5.467501	0.833018	8.632321	0.002810	0.004406	0.006457	0.001240	0.849135	0.528174	-0.995209	-0.050590	0.083669	0.097766	-0.525747	0.845004
24448	5.482733	0.870034	8.604741	0.001368	0.000870	0.004446	0.001233	0.849124	0.528192	-0.995214	-0.050570	0.083619	0.097714	-0.525767	0.844997
24449	5.448232	0.846274	8.639931	0.003582	0.002177	0.005196	0.001190	0.849134	0.528176	-0.995213	-0.050611	0.083609	0.097727	-0.525746	0.845009
24450	5.495928	0.878246	8.623488	-0.000655	-0.001624	0.005654	0.001215	0.849112	0.528211	-0.995224	-0.050535	0.083524	0.097614	-0.525790	0.844995
24451	5.461803	0.842687	8.599921	0.004809	0.000237	0.005417	0.001172	0.849112	0.528211	-0.995221	-0.050584	0.083523	0.097640	-0.525785	0.844995
24452	5.480846	0.828923	8.592502	-0.005133	-0.000239	0.006419	0.001208	0.849072	0.528276	-0.995226	-0.050534	0.083498	0.097592	-0.525854	0.844957
24453	5.480854	0.840287	8.651058	0.003823	-0.003009	0.004888	0.001174	0.849055	0.528302	-0.995224	-0.050574	0.083492	0.097608	-0.525877	0.844941
24454	5.467735	0.831873	8.632283	0.003317	0.000698	0.005673	0.001125	0.849023	0.528355	-0.995222	-0.050635	0.083484	0.097633	-0.525924	0.844909
24455	5.509878	0.874198	8.583281	0.004353	-0.000054	0.003936	0.001097	0.849022	0.528356	-0.995220	-0.050669	0.083488	0.097654	-0.525922	0.844908
24456	5.488703	0.858593	8.637142	-0.006816	0.001411	0.004716	0.000990	0.848977	0.528428	-0.995223	-0.050749	0.083397	0.097619	-0.525987	0.844872
24457	5.456388	0.863375	8.625941	0.008516	0.001080	0.005913	0.000941	0.848982	0.528422	-0.995217	-0.050822	0.083425	0.097682	-0.525973	0.844873
24458	5.481064	0.827961	8.592456	-0.002918	0.001068	0.007170	0.000942	0.848980	0.528425	-0.995229	-0.050761	0.083327	0.097566	-0.525982	0.844881
24459	5.488517	0.857947	8.637324	0.003583	0.002176	0.005196	0.000900	0.848990	0.528408	-0.995227	-0.050802	0.083317	0.097579	-0.525961	0.844892
24460	5.480944	0.827553	8.592571	0.001559	-0.000318	0.006405	0.000970	0.848967	0.528445	-0.995231	-0.050728	0.083322	0.097544	-0.526006	0.844869
24461	5.450386	0.884531	8.652289	0.000407	0.004287	0.003748	0.000940	0.848989	0.528410	-0.995233	-0.050740	0.083293	0.097526	-0.525969	0.844894
24462	5.495894	0.876075	8.623730	0.004230	0.001277	0.008637	0.001063	0.848971	0.528439	-0.995234	-0.050628	0.083340	0.097507	-0.526009	0.844871
24463	5.512933	0.821899	8.604066	-0.002148	-0.001162	0.005909	0.001018	0.848963	0.528451	-0.995239	-0.050645	0.083278	0.097464	-0.526020	0.844869
24464	5.476895	0.888937	8.631214	0.001900	0.003825	0.003493	0.001018	0.848965	0.528448	-0.995246	-0.050606	0.083218	0.097391	-0.526021	0.844877
24465	5.493822	0.834902	8.611605	0.001750	-0.001506	0.008364	0.000949	0.848954	0.528466	-0.995246	-0.050664	0.083176	0.097386	-0.526032	0.844870
24466	5.501618	0.853197	8.597729	0.002281	0.001449	0.007411	0.001048	0.848949	0.528474	-0.995253	-0.050545	0.083169	0.097318	-0.526052	0.844866
24467	5.501641	0.853032	8.597731	0.003508	-0.000491	0.007632	0.000984	0.848944	0.528482	-0.995252	-0.050605	0.083146	0.097330	-0.526055	0.844863
24468	5.495933	0.874669	8.623848	0.000789	0.001911	0.007666	0.000923	0.848911	0.528535	-0.995250	-0.050673	0.083127	0.097350	-0.526101	0.844832
24469	5.493926	0.833769	8.611648	-0.001235	-0.000582	0.008874	0.000848	0.848905	0.528545	-0.995253	-0.050719	0.083058	0.097315	-0.526107	0.844832
24470	5.517054	0.900485	8.628715	-0.002271	0.000171	0.010611	0.000831	0.848903	0.528547	-0.995270	-0.050642	0.082901	0.097141	-0.526116	0.844846
24471	5.472999	0.817091	8.665441	-0.003450	-0.001887	0.008124	0.000764	0.848891	0.528568	-0.995276	-0.050670	0.082816	0.097084	-0.526134	0.844842
24472	5.496522	0.871769	8.623766	-0.006053	-0.003338	0.012552	0.000753	0.848853	0.528629	-0.995289	-0.050612	0.082688	0.096945	-0.526201	0.844816
24473	5.489301	0.863988	8.695925	-0.004657	-0.010607	0.005805	0.000718	0.848795	0.528721	-0.995296	-0.050614	0.082605	0.096876	-0.526294	0.844766
24474	5.464343	0.846036	8.657667	-0.013164	-0.024865	0.006890	0.000729	0.848644	0.528963	-0.995315	-0.050528	0.082437	0.096687	-0.526545	0.844631
24475	5.474782	0.863564	8.642203	-0.003469	-0.036537	0.004267	0.000734	0.848451	0.529273	-0.995320	-0.050524	0.082372	0.096629	-0.526857	0.844443
24476	5.483733	0.840654	8.614118	-0.016081	-0.038601	0.003043	0.000906	0.848233	0.529622	-0.995342	-0.050294	0.082252	0.096406	-0.527230	0.844236
24477	5.513986	0.844756	8.590637	-0.001543	-0.043379	0.005663	0.000904	0.848003	0.529991	-0.995345	-0.050311	0.082196	0.096367	-0.527598	0.844010
24478	5.517207	0.855257	8.647290	-0.021248	-0.032319	0.002645	0.001077	0.847809	0.530301	-0.995370	-0.050059	0.082052	0.096111	-0.527934	0.843830
24479	5.515819	0.773047	8.621136	-0.007598	-0.031011	0.002127	0.001099	0.847645	0.530562	-0.995380	-0.050014	0.081965	0.096012	-0.528201	0.843674
24480	5.496227	0.847758	8.665230	-0.011642	-0.036000	0.004550	0.001144	0.847428	0.530909	-0.995396	-0.049920	0.081827	0.095845	-0.528558	0.843469
24481	5.505041	0.824509	8.637208	-0.012480	-0.036439	0.008249	0.001110	0.847233	0.531221	-0.995410	-0.049901	0.081665	0.095698	-0.528873	0.843288
24482	5.537105	0.868344	8.626177	-0.016909	-0.039050	0.006757	0.001091	0.847002	0.531589	-0.995431	-0.049837	0.081449	0.095480	-0.529248	0.843077
24483	5.549433	0.782494	8.559707	-0.013243	-0.034213	0.009515	0.001042	0.846817	0.531883	-0.995446	-0.049824	0.081275	0.095325	-0.529545	0.842909
24484	5.556108	0.861491	8.582855	-0.016435	-0.021435	0.010173	0.001021	0.846678	0.532104	-0.995467	-0.049742	0.081060	0.095100	-0.529775	0.842790
24485	5.526719	0.761862	8.520187	-0.016715	-0.012250	0.012751	0.000919	0.846608	0.532216	-0.995485	-0.049738	0.080839	0.094910	-0.529888	0.842740
24486	5.514333	0.763406	8.559777	-0.009424	-0.006709	0.009333	0.000990	0.846556	0.532298	-0.995503	-0.049587	0.080713	0.094723	-0.529984	0.842701
24487	5.507068	0.743807	8.573446	-0.003431	-0.001895	0.008132	0.000924	0.846543	0.532319	-0.995509	-0.049614	0.080628	0.094666	-0.530003	0.842695
24488	5.469303	0.769778	8.588502	-0.007180	0.001262	0.009913	0.000823	0.846518	0.532359	-0.995519	-0.049645	0.080479	0.094556	-0.530040	0.842684
24489	5.524662	0.819753	8.558142	0.004249	0.001265	0.008630	0.000749	0.846522	0.532354	-0.995517	-0.049717	0.080457	0.094575	-0.530027	0.842690
24490	5.524737	0.830844	8.616858	-0.006148	0.000511	0.008173	0.000634	0.846514	0.532366	-0.995534	-0.049720	0.080244	0.094397	-0.530039	0.842703
24491	5.517092	0.811439	8.630753	-0.003166	-0.000416	0.007656	0.000571	0.846509	0.532374	-0.995540	-0.049744	0.080164	0.094342	-0.530045	0.842705
24492	5.501762	0.761975	8.599758	-0.003890	-0.002183	0.006651	0.000604	0.846482	0.532417	-0.995551	-0.049655	0.080075	0.094219	-0.530097	0.842686
24493	5.464190	0.788353	8.614669	-0.000908	-0.003110	0.006134	0.000559	0.846464	0.532446	-0.995554	-0.049679	0.080022	0.094187	-0.530124	0.842673
24494	5.500996	0.852548	8.591534	0.010061	-0.003396	0.003369	0.000593	0.846452	0.532465	-0.995558	-0.049634	0.080011	0.094153	-0.530147	0.842662
24495	5.514841	0.861117	8.609847	0.002004	-0.006707	0.008051	0.000532	0.846414	0.532526	-0.995558	-0.049689	0.079972	0.094150	-0.530203	0.842627
24496	5.502149	0.852581	8.590793	0.005906	-0.007058	0.010497	0.000312	0.846342	0.532639	-0.995556	-0.049898	0.079870	0.094175	-0.530297	0.842565
24497	5.508424	0.830498	8.564193	-0.000212	-0.008010	0.007306	0.000260	0.846297	0.532711	-0.995558	-0.049935	0.079816	0.094149	-0.530365	0.842525
24498	5.506921	0.789897	8.551488	0.005712	-0.005868	0.008539	0.000393	0.846268	0.532757	-0.995566	-0.049783	0.079813	0.094066	-0.530426	0.842496
24499	5.478805	0.744572	8.560122	0.007969	-0.008562	0.007017	0.000345	0.846220	0.532833	-0.995561	-0.049860	0.079830	0.094121	-0.530495	0.842446
24500	5.483795	0.825701	8.584267	0.008961	-0.005317	0.007545	0.000255	0.846169	0.532914	-0.995558	-0.049960	0.079803	0.094151	-0.530567	0.842398
24501	5.509023	0.802615	8.608770	0.012248	-0.008764	0.004282	0.000234	0.846122	0.532990	-0.995549	-0.050037	0.079870	0.094249	-0.530636	0.842343
24502	5.522063	0.890965	8.560050	0.011842	-0.015582	0.009632	0.000162	0.846009	0.533169	-0.995540	-0.050165	0.079902	0.094344	-0.530804	0.842227
24503	5.526671	0.840548	8.579526	0.002771	-0.008937	0.006791	0.000116	0.845959	0.533248	-0.995539	-0.050213	0.079876	0.094348	-0.530878	0.842180
24504	5.496430	0.743408	8.517100	0.013014	-0.010996	0.003019	0.000248	0.845887	0.533363	-0.995534	-0.050145	0.079990	0.094408	-0.531000	0.842096
24505	5.486482	0.788048	8.568612	0.014896	-0.013843	0.006679	0.000209	0.845811	0.533483	-0.995522	-0.050256	0.080067	0.094532	-0.531111	0.842012
24506	5.493363	0.767561	8.541465	0.022922	-0.017206	0.002163	0.000224	0.845698	0.533661	-0.995506	-0.050349	0.080206	0.094699	-0.531281	0.841886
24507	5.518176	0.836844	8.557295	0.023493	-0.018248	-0.001058	0.000266	0.845603	0.533813	-0.995486	-0.050440	0.080396	0.094909	-0.531424	0.841772
24508	5.533046	0.847276	8.574754	0.024682	-0.016194	0.001427	0.000324	0.845487	0.533996	-0.995464	-0.050531	0.080612	0.095140	-0.531599	0.841636
24509	5.536657	0.890041	8.585844	0.030913	-0.016575	-0.000086	0.000355	0.845400	0.534134	-0.995437	-0.050670	0.080859	0.095423	-0.531725	0.841524
24510	5.571565	1.030203	8.658529	0.022094	-0.017646	0.005868	0.000345	0.845289	0.534308	-0.995424	-0.050766	0.080956	0.095556	-0.531891	0.841404
24511	5.561837	0.817409	8.537710	0.013805	-0.015758	0.010865	0.000266	0.845201	0.534449	-0.995413	-0.050906	0.081001	0.095669	-0.532019	0.841311
24512	5.568851	0.807903	8.569310	0.014336	-0.012802	0.009907	0.000035	0.845091	0.534623	-0.995401	-0.051184	0.080973	0.095793	-0.532167	0.841203
24513	5.537617	0.814108	8.557447	0.025927	-0.010001	0.012839	-0.000069	0.845032	0.534716	-0.995379	-0.051405	0.081109	0.096027	-0.532240	0.841130
24514	5.599422	0.855429	8.558716	0.011189	-0.004014	0.008290	-0.000072	0.844987	0.534786	-0.995374	-0.051440	0.081144	0.096075	-0.532307	0.841082
24515	5.582038	0.778657	8.574148	0.015430	-0.000220	0.007814	-0.000136	0.844983	0.534793	-0.995362	-0.051564	0.081219	0.096204	-0.532302	0.841070
24516	5.561770	0.884048	8.573520	0.017612	0.005082	0.010819	-0.000220	0.844992	0.534779	-0.995353	-0.051678	0.081246	0.096288	-0.532276	0.841077
24517	5.501623	0.753201	8.580012	0.007407	0.003151	0.012331	-0.000332	0.845003	0.534761	-0.995349	-0.051796	0.081229	0.096337	-0.532247	0.841090
24518	5.547682	0.865202	8.496453	0.031196	0.003700	0.012712	-0.000367	0.844988	0.534785	-0.995323	-0.051971	0.081433	0.096603	-0.532254	0.841055
24519	5.565556	0.967469	8.598033	0.013799	0.005579	0.015039	-0.000508	0.845011	0.534749	-0.995312	-0.052146	0.081455	0.096716	-0.532201	0.841076
24520	5.566490	0.877394	8.606326	0.024043	0.003504	0.011268	-0.000660	0.845007	0.534755	-0.995295	-0.052366	0.081520	0.096888	-0.532185	0.841066
24521	5.549924	0.932705	8.625799	0.026321	-0.001717	0.018856	-0.000832	0.844989	0.534784	-0.995272	-0.052641	0.081627	0.097126	-0.532187	0.841037
24522	5.513802	0.869753	8.648671	0.018172	-0.005155	0.016889	-0.001028	0.844953	0.534839	-0.995267	-0.052836	0.081558	0.097171	-0.532224	0.841008
24523	5.583660	0.929443	8.635745	0.029398	-0.013176	0.022928	-0.001229	0.844872	0.534968	-0.995241	-0.053161	0.081669	0.097439	-0.532321	0.840916
24524	5.553379	0.831924	8.573609	0.008718	-0.007828	0.028509	-0.001550	0.844797	0.535085	-0.995236	-0.053465	0.081528	0.097483	-0.532410	0.840855
24525	5.541825	0.732028	8.562902	0.016408	-0.004685	0.028996	-0.001820	0.844757	0.535147	-0.995222	-0.053772	0.081497	0.097621	-0.532442	0.840818
24526	5.564879	0.890524	8.570832	0.023670	-0.005836	0.025744	-0.001931	0.844680	0.535267	-0.995197	-0.054010	0.081640	0.097870	-0.532539	0.840728
24527	5.523697	0.734015	8.511119	0.011616	0.001758	0.023405	-0.002151	0.844678	0.535271	-0.995188	-0.054244	0.081599	0.097960	-0.532520	0.840730
24528	5.577052	0.755424	8.526890	0.013077	0.005292	0.025406	-0.002276	0.844675	0.535275	-0.995182	-0.054379	0.081580	0.098016	-0.532510	0.840729
24529	5.507338	0.697129	8.539621	0.022010	0.015669	0.016820	-0.002444	0.844750	0.535156	-0.995163	-0.054613	0.081662	0.098210	-0.532368	0.840797
24530	5.490565	0.660736	8.568343	0.009454	0.016309	0.013183	-0.002554	0.844800	0.535077	-0.995155	-0.054739	0.081674	0.098288	-0.532276	0.840846
24531	5.491920	0.703283	8.580878	0.053399	0.008493	0.008964	-0.002637	0.844840	0.535012	-0.995104	-0.055073	0.082062	0.098794	-0.532176	0.840850
24532	5.546807	0.768768	8.608922	0.034386	0.014720	0.007132	-0.002564	0.844895	0.534926	-0.995076	-0.055156	0.082349	0.099081	-0.532081	0.840876
24533	5.587800	0.825990	8.618648	0.055743	0.019116	0.007080	-0.002638	0.844994	0.534770	-0.995023	-0.055487	0.082766	0.099610	-0.531890	0.840935
24534	5.614249	0.966210	8.601283	0.048218	0.018794	0.010815	-0.002686	0.845067	0.534654	-0.994978	-0.055756	0.083128	0.100059	-0.531746	0.840973
24535	5.550800	1.044037	8.708957	0.036186	0.023887	0.017573	-0.002870	0.845185	0.534467	-0.994944	-0.056071	0.083325	0.100393	-0.531525	0.841072
24536	5.552640	0.982864	8.671602	0.019187	0.008757	0.019495	-0.002920	0.845194	0.534452	-0.994927	-0.056200	0.083440	0.100560	-0.531497	0.841070
24537	5.537573	0.842812	8.649831	0.001766	0.000005	0.019741	-0.003101	0.845183	0.534468	-0.994927	-0.056351	0.083337	0.100552	-0.531498	0.841070
24538	5.526998	0.874266	8.642996	0.009910	-0.007244	0.019654	-0.003267	0.845102	0.534595	-0.994917	-0.056554	0.083320	0.100647	-0.531605	0.840991
24539	5.544880	0.716235	8.573252	-0.005439	-0.006841	0.018482	-0.003430	0.845056	0.534667	-0.994924	-0.056655	0.083163	0.100569	-0.531668	0.840961
24540	5.571605	0.823640	8.601297	0.016979	-0.007226	0.014443	-0.003629	0.844986	0.534776	-0.994909	-0.056910	0.083171	0.100713	-0.531752	0.840891
24541	5.523530	0.882686	8.609188	-0.003872	-0.004648	0.015779	-0.003767	0.844953	0.534828	-0.994915	-0.056997	0.083041	0.100650	-0.531795	0.840871
24542	5.569657	0.872795	8.579979	0.003215	-0.007134	0.019682	-0.003934	0.844873	0.534953	-0.994911	-0.057166	0.082968	0.100678	-0.531904	0.840799
24543	5.506446	0.790972	8.566179	-0.011985	-0.001402	0.013615	-0.004053	0.844858	0.534975	-0.994925	-0.057191	0.082781	0.100534	-0.531925	0.840803
24544	5.525602	0.776190	8.558637	0.002168	-0.003870	0.012306	-0.004092	0.844825	0.535026	-0.994934	-0.057184	0.082686	0.100450	-0.531978	0.840779
24545	5.536908	0.743644	8.565082	0.000752	-0.000737	0.010114	-0.004177	0.844816	0.535041	-0.994935	-0.057247	0.082625	0.100433	-0.531985	0.840776
24546	5.491081	0.740314	8.535496	0.005644	0.004651	0.003964	-0.003988	0.844834	0.535014	-0.994941	-0.057059	0.082685	0.100382	-0.531977	0.840787
24547	5.509474	0.727207	8.528294	0.010193	0.005901	0.000746	-0.003986	0.844865	0.534964	-0.994933	-0.057093	0.082753	0.100458	-0.531924	0.840812
24548	5.503031	0.841365	8.545700	0.017110	0.000593	0.000432	-0.003842	0.844871	0.534956	-0.994929	-0.056997	0.082872	0.100507	-0.531925	0.840805
24549	5.524221	0.869587	8.550127	0.015156	0.000773	-0.000793	-0.003819	0.844876	0.534949	-0.994916	-0.057045	0.082991	0.100633	-0.531912	0.840799
24550	5.457989	0.749724	8.524538	0.012831	0.000820	0.003166	-0.003780	0.844850	0.534990	-0.994906	-0.057071	0.083098	0.100738	-0.531951	0.840762
24551	5.513931	0.813998	8.551924	0.040652	-0.000409	0.001324	-0.003777	0.844847	0.534994	-0.994867	-0.057272	0.083420	0.101117	-0.531933	0.840727
24552	5.458356	0.870383	8.632005	0.034421	-0.014683	-0.001469	-0.003648	0.844753	0.535143	-0.994840	-0.057326	0.083710	0.101392	-0.532077	0.840603
24553	5.507834	0.905454	8.613660	0.043128	-0.022996	-0.004767	-0.003561	0.844634	0.535332	-0.994799	-0.057488	0.084085	0.101797	-0.532248	0.840446
24554	5.536994	0.811288	8.540724	0.048634	-0.025177	-0.007269	-0.003392	0.844483	0.535571	-0.994753	-0.057613	0.084543	0.102251	-0.532474	0.840248
24555	5.576384	0.892044	8.573628	0.058247	-0.028902	-0.005350	-0.003294	0.844333	0.535809	-0.994696	-0.057851	0.085048	0.102806	-0.532687	0.840045
24556	5.520630	0.691889	8.482836	0.067790	-0.022118	-0.008056	-0.002950	0.844214	0.535999	-0.994638	-0.057884	0.085696	0.103372	-0.532872	0.839858
24557	5.473977	0.771496	8.547693	0.104165	-0.019824	-0.013114	-0.002782	0.844116	0.536153	-0.994533	-0.058302	0.086629	0.104383	-0.532981	0.839664
24558	5.523762	0.825377	8.587107	0.109955	-0.020547	-0.016087	-0.002626	0.844010	0.536322	-0.994426	-0.058732	0.087558	0.105400	-0.533103	0.839460
24559	5.517537	0.818169	8.599183	0.129790	-0.018387	-0.013419	-0.002457	0.843920	0.536464	-0.994292	-0.059284	0.088707	0.106665	-0.533184	0.839248
24560	5.600265	0.975613	8.534830	0.137253	-0.016760	-0.012429	-0.002239	0.843844	0.536584	-0.994159	-0.059779	0.089861	0.107905	-0.533248	0.839049
24561	5.647989	1.003119	8.620476	0.114327	-0.023319	-0.009627	-0.002102	0.843726	0.536770	-0.994038	-0.060280	0.090859	0.109017	-0.533379	0.838822
24562	5.567092	0.946017	8.612931	0.102935	-0.016599	-0.008563	-0.002021	0.843614	0.536947	-0.993927	-0.060773	0.091741	0.110026	-0.533500	0.838613
24563	5.576304	0.972933	8.596796	0.087039	-0.019140	-0.008745	-0.001897	0.843517	0.537099	-0.993834	-0.061136	0.092505	0.110866	-0.533611	0.838432
24564	5.615140	1.056577	8.628907	0.079907	-0.021779	-0.001061	-0.001845	0.843381	0.537313	-0.993751	-0.061515	0.093142	0.111607	-0.533783	0.838224
24565	5.594173	1.216868	8.603205	0.051911	-0.025814	0.005707	-0.001857	0.843240	0.537534	-0.993695	-0.061812	0.093533	0.112097	-0.533972	0.838039
24566	5.653463	1.074225	8.530793	0.011026	-0.026646	0.011536	-0.001919	0.843063	0.537811	-0.993688	-0.061930	0.093534	0.112162	-0.534237	0.837861
24567	5.587203	1.028886	8.600988	0.006080	-0.025524	0.010817	-0.001982	0.842920	0.538035	-0.993684	-0.062027	0.093514	0.112197	-0.534451	0.837719
24568	5.505740	0.830238	8.592657	0.001850	-0.033319	0.009100	-0.001887	0.842722	0.538346	-0.993690	-0.061953	0.093498	0.112145	-0.534773	0.837521
24569	5.497961	0.862846	8.583530	0.015776	-0.042891	-0.005279	-0.001770	0.842496	0.538700	-0.993675	-0.061966	0.093646	0.112277	-0.535127	0.837277
24570	5.513663	0.845618	8.646053	0.018750	-0.054536	-0.007764	-0.001527	0.842195	0.539171	-0.993661	-0.061883	0.093849	0.112405	-0.535610	0.836951
24571	5.514465	0.675240	8.629833	0.008147	-0.058089	-0.012403	-0.001322	0.841892	0.539645	-0.993655	-0.061795	0.093971	0.112461	-0.536097	0.836632
24572	5.484513	0.746507	8.652380	0.045275	-0.064768	-0.018501	-0.001021	0.841547	0.540182	-0.993612	-0.061810	0.094416	0.112844	-0.536635	0.836235
24573	5.481008	0.915589	8.642523	0.060681	-0.079921	-0.021530	-0.000700	0.841132	0.540830	-0.993547	-0.061927	0.095026	0.113421	-0.537273	0.835747
24574	5.509895	0.948638	8.641004	0.058941	-0.100744	-0.013350	-0.000510	0.840589	0.541674	-0.993486	-0.062153	0.095517	0.113957	-0.538096	0.835144
24575	5.422546	0.983107	8.660104	0.075748	-0.110980	-0.009715	-0.000270	0.839997	0.542591	-0.993402	-0.062452	0.096189	0.114684	-0.538985	0.834472
24576	5.437900	0.848774	8.684026	0.064674	-0.141350	-0.008095	0.000082	0.839229	0.543778	-0.993333	-0.062619	0.096793	0.115283	-0.540160	0.833629
24577	4.795329	1.124145	9.493097	0.093416	-0.167714	-0.019802	0.000490	0.838335	0.545155	-0.993228	-0.062930	0.097667	0.116184	-0.541511	0.832627
24578	5.515063	0.257148	8.462693	0.042045	-0.209681	-0.031096	0.001112	0.837191	0.546910	-0.993179	-0.062841	0.098214	0.116592	-0.543289	0.831411
24579	4.755892	1.402489	9.503960	0.185319	-0.326629	-0.004443	0.001557	0.835415	0.549617	-0.992965	-0.063784	0.099765	0.118402	-0.545906	0.829438
24580	5.209417	0.922571	9.044291	0.070276	-0.437038	0.016670	0.001757	0.832998	0.553274	-0.992882	-0.064438	0.100170	0.119093	-0.549511	0.826955
24581	5.009024	1.522693	9.379261	0.180814	-0.577385	0.055720	0.001913	0.829775	0.558094	-0.992669	-0.065871	0.101340	0.120852	-0.554197	0.823566
24582	5.050788	1.708908	9.437411	0.012046	-0.706989	0.108587	0.001592	0.825776	0.563996	-0.992663	-0.066885	0.100732	0.120905	-0.560019	0.819610
24583	4.943506	1.407838	9.554775	-0.039782	-0.869996	0.167278	0.000998	0.820760	0.571273	-0.992716	-0.068009	0.099445	0.120473	-0.567211	0.814714
24584	4.904863	1.494077	9.767573	-0.065139	-1.071262	0.220662	-0.000150	0.814496	0.580169	-0.992793	-0.069651	0.097525	0.119843	-0.575973	0.808637
24585	4.953745	1.503611	9.718156	-0.164257	-1.283325	0.272330	-0.001310	0.806846	0.590760	-0.992990	-0.070875	0.094597	0.118195	-0.586495	0.801282
24586	4.976129	1.591421	9.622412	-0.209631	-1.524429	0.308378	-0.002857	0.797610	0.603167	-0.993221	-0.072356	0.090977	0.116207	-0.598818	0.792409
24587	4.927085	1.511488	9.716461	-0.263480	-1.775886	0.309026	-0.003869	0.786624	0.617420	-0.993516	-0.073178	0.087006	0.113623	-0.613081	0.781807
24588	4.923273	1.528186	9.808889	-0.266325	-2.060664	0.309100	-0.004788	0.773618	0.633634	-0.993799	-0.074070	0.082924	0.111085	-0.629308	0.769176
24589	5.021202	1.456560	9.581041	-0.342655	-2.365397	0.303389	-0.005199	0.758290	0.651897	-0.994162	-0.074177	0.078354	0.107771	-0.647684	0.754249
24590	5.109189	1.292028	9.415160	-0.338742	-2.645017	0.298336	-0.005358	0.740677	0.671839	-0.994507	-0.074177	0.073846	0.104531	-0.667753	0.737007
24591	5.311997	1.541515	9.564597	-0.346184	-2.952204	0.282081	-0.005110	0.720432	0.693507	-0.994851	-0.073858	0.069395	0.101215	-0.689582	0.717100
24592	5.750721	1.081643	10.007025	-0.415667	-3.267460	0.290889	-0.004777	0.697316	0.716748	-0.995249	-0.073019	0.064406	0.097248	-0.713035	0.694351
24593	6.061008	0.549712	10.271605	-0.361404	-3.648208	0.283173	-0.004094	0.670634	0.741777	-0.995584	-0.072302	0.059873	0.093785	-0.738256	0.667969
24594	8.079477	0.084493	10.848880	-0.369819	-3.978902	0.261590	-0.002660	0.640566	0.767899	-0.995957	-0.070647	0.055483	0.089791	-0.764646	0.638164
24595	11.472932	0.094767	11.809824	-0.305419	-4.107288	0.269003	-0.001696	0.608435	0.793602	-0.996223	-0.069921	0.051478	0.086811	-0.790518	0.606256
24596	12.537319	1.338581	12.604007	-0.326681	-3.964192	0.301691	-0.000746	0.576443	0.817137	-0.996566	-0.068089	0.047123	0.082802	-0.814296	0.574514
24597	12.358593	1.369774	12.048083	-0.579829	-3.888097	0.337576	-0.000987	0.544122	0.839005	-0.997028	-0.065163	0.041087	0.077028	-0.836472	0.542570
24598	11.194816	0.582061	11.677607	-0.900359	-3.792208	0.331071	-0.001585	0.511850	0.859073	-0.997672	-0.059381	0.033539	0.068180	-0.857020	0.510753
24599	9.209419	-0.200509	10.944441	-1.031036	-3.782025	0.227669	-0.001457	0.478942	0.877846	-0.998320	-0.051541	0.026464	0.057919	-0.876332	0.478212
24600	8.019074	-0.241086	10.517499	-1.125421	-3.714190	0.099618	-0.000567	0.446081	0.894992	-0.998902	-0.042177	0.020389	0.046843	-0.893998	0.445616
24601	6.172578	-0.201746	9.541299	-1.235997	-3.675806	-0.050021	0.001443	0.412935	0.910759	-0.999405	-0.030780	0.015539	0.034449	-0.910240	0.412645
24602	4.307422	0.250313	8.994054	-1.346404	-3.570386	-0.183401	0.004195	0.380312	0.924849	-0.999769	-0.017892	0.011892	0.021071	-0.924685	0.380149
24603	2.225925	-0.715619	9.153012	-1.631751	-2.867395	-0.359327	0.008171	0.353676	0.935332	-0.999956	-0.001366	0.009252	0.004550	-0.935367	0.353649
24604	14.358985	-4.048315	12.182067	-1.199259	-1.359246	-0.620825	0.014274	0.341023	0.939947	-0.999871	0.011773	0.010912	-0.007344	-0.939981	0.341147
24605	4.503167	-4.276627	13.149068	-0.443097	0.159270	-0.682449	0.021128	0.342416	0.939311	-0.999707	0.018298	0.015816	-0.011772	-0.939370	0.342703
24606	-3.406344	-4.761975	8.776425	0.205820	0.658275	-0.569727	0.026773	0.348654	0.936869	-0.999599	0.017992	0.021870	-0.009231	-0.937079	0.348996
24607	-3.436339	-0.780923	8.699197	0.645954	0.610226	-0.291588	0.029739	0.354321	0.934651	-0.999554	0.013000	0.026876	-0.002628	-0.935034	0.354549
24608	-0.171891	0.952528	9.880381	0.340881	0.877457	0.065407	0.028931	0.362725	0.931447	-0.999580	0.009153	0.027483	0.001443	-0.931851	0.362838
24609	0.943316	0.612987	10.177352	0.029902	1.496797	0.291969	0.026001	0.376656	0.925988	-0.999660	0.007825	0.024887	0.002127	-0.926320	0.376732
24610	0.317912	-0.357834	9.444158	-0.037938	2.166810	0.335867	0.022385	0.396900	0.917589	-0.999746	0.006359	0.021638	0.002753	-0.917840	0.396942
24611	-0.620037	-0.206607	8.489617	0.091830	2.627326	0.255087	0.019757	0.420889	0.906897	-0.999796	0.004507	0.019689	0.004200	-0.907101	0.420893
24612	-0.442662	0.967556	8.104566	0.168840	2.923666	0.125866	0.018069	0.447493	0.894105	-0.999812	0.001845	0.019281	0.006978	-0.894286	0.447442
24613	0.796988	2.170705	8.327774	0.046343	3.207982	-0.005927	0.017902	0.475947	0.879292	-0.999808	0.001490	0.019549	0.007994	-0.879473	0.475882
24614	2.318557	2.670305	8.630239	-0.200831	3.532377	-0.144254	0.018741	0.506986	0.861751	-0.999798	0.003288	0.019809	0.007210	-0.861948	0.506945
24615	3.879269	2.233158	8.681241	-0.434912	3.875409	-0.267050	0.021215	0.539986	0.841407	-0.999768	0.008419	0.019805	0.003611	-0.841632	0.540039
24616	5.037522	1.628525	8.602180	-0.532480	4.184574	-0.390674	0.024640	0.574966	0.817806	-0.999696	0.014304	0.020064	-0.000161	-0.818052	0.575144
24617	6.109860	1.159915	8.506808	-0.517352	4.406364	-0.475502	0.029502	0.610357	0.791577	-0.999556	0.021314	0.020819	-0.004165	-0.791840	0.610715
24618	7.329935	1.079682	8.743900	-0.465097	4.553466	-0.498471	0.034254	0.645935	0.762624	-0.999390	0.027318	0.021751	-0.006784	-0.762904	0.646477
24619	8.637325	0.779852	9.017113	-0.428163	4.643326	-0.444504	0.039084	0.680513	0.731693	-0.999192	0.033493	0.022223	-0.009384	-0.731970	0.681272
24620	9.755392	-0.067882	9.307667	-0.343329	4.699642	-0.287004	0.041876	0.714323	0.698562	-0.999069	0.037198	0.021853	-0.010375	-0.698827	0.715216
24621	10.626983	-1.015466	9.531783	-0.121699	4.709047	-0.046442	0.042822	0.746410	0.664107	-0.999036	0.038391	0.021270	-0.009620	-0.664378	0.747335
24622	11.196700	-1.515324	9.702249	0.185080	4.670837	0.242408	0.040168	0.776957	0.628271	-0.999179	0.034606	0.021087	-0.005358	-0.628602	0.777708
24623	11.511022	-1.557569	9.811813	0.481734	4.585848	0.531245	0.034965	0.805126	0.592072	-0.999388	0.027483	0.021647	0.001157	-0.592466	0.805595
24624	11.848613	-1.181312	9.986826	0.700527	4.465511	0.782207	0.026298	0.831154	0.555420	-0.999605	0.016348	0.022866	0.009925	-0.555802	0.831256
24625	11.969869	-0.736139	9.955339	0.798658	4.326869	0.940096	0.016287	0.854518	0.519167	-0.999690	0.004149	0.024533	0.018810	-0.519406	0.854321
24626	11.887411	-0.318525	9.851435	0.793088	4.143719	0.995118	0.004785	0.875434	0.483315	-0.999611	-0.009101	0.026381	0.027493	-0.483253	0.875049
24627	11.864168	0.221507	9.649511	0.695320	3.904573	0.924224	-0.005654	0.893494	0.449040	-0.999392	-0.020498	0.028205	0.034405	-0.448607	0.893067
24628	11.969493	0.597956	9.068598	0.501287	3.623554	0.750444	-0.015051	0.909079	0.416351	-0.999115	-0.030032	0.029457	0.039282	-0.415539	0.908727
24629	11.681986	0.863998	7.949965	0.248931	3.315335	0.495294	-0.021324	0.922192	0.386144	-0.998926	-0.035548	0.029732	0.041145	-0.385095	0.921959
24630	10.363906	1.609082	6.934638	-0.067544	2.969300	0.189904	-0.024933	0.933227	0.358422	-0.998890	-0.037589	0.028384	0.039961	-0.357317	0.933128
24631	8.806876	-0.549465	4.228911	0.133052	1.287888	0.063503	-0.026081	0.937728	0.346389	-0.998821	-0.038635	0.029387	0.040940	-0.345214	0.937631
24632	11.626325	1.952637	-0.233573	-0.054646	0.762896	-0.364687	-0.023193	0.940532	0.338911	-0.998917	-0.035482	0.030109	0.040344	-0.337846	0.940337
24633	16.738458	4.739797	0.188535	-0.016546	0.379198	-0.593214	-0.017412	0.942003	0.335154	-0.999045	-0.029829	0.031936	0.040081	-0.334277	0.941622
24634	16.036719	2.312522	-1.800420	-0.598921	0.087747	-0.926311	-0.008507	0.942573	0.333893	-0.999380	-0.019426	0.029378	0.034178	-0.333436	0.942153
24635	14.036706	2.921674	-3.502582	-0.152712	-0.428749	-1.298073	0.004617	0.941306	0.337524	-0.999457	-0.006673	0.032282	0.032639	-0.337490	0.940763
24636	13.600560	3.350864	-4.668702	0.035733	-1.033696	-1.491452	0.019688	0.937798	0.346622	-0.999264	0.007043	0.037705	0.032918	-0.347110	0.937247
24637	15.160728	2.630527	-5.947341	0.274051	-1.669678	-1.476475	0.035015	0.931675	0.361602	-0.998767	0.019886	0.045477	0.035179	-0.362749	0.931223
24638	14.744341	4.477971	-4.962385	0.717825	-2.357777	-1.277845	0.048649	0.922559	0.382776	-0.997959	0.029027	0.056874	0.041359	-0.384762	0.922089
24639	10.502276	9.224261	13.003556	-0.849491	-2.464364	-0.516604	0.054710	0.912633	0.405102	-0.998003	0.037146	0.051099	0.031587	-0.407089	0.912842
24640	8.028249	-16.062755	15.076315	-1.736411	-2.144172	-0.192595	0.057181	0.903609	0.424524	-0.998279	0.046204	0.036115	0.013019	-0.425858	0.904696
24641	11.853822	-12.140101	12.432777	1.702143	-2.410708	-0.532748	0.063006	0.892835	0.445954	-0.997605	0.043565	0.053724	0.028538	-0.448271	0.893442
24642	10.409627	2.979465	10.362903	1.304058	-2.006205	-0.336713	0.067137	0.883494	0.463607	-0.996935	0.040692	0.066824	0.040174	-0.466673	0.883517
24643	9.628959	8.082685	10.145047	0.941462	-1.737954	-0.398287	0.071883	0.875089	0.478594	-0.996242	0.039743	0.076963	0.048328	-0.482328	0.874657
24644	9.219423	4.977638	10.470687	-0.273804	-1.317040	-0.271532	0.075321	0.868513	0.489911	-0.996164	0.043589	0.075880	0.044548	-0.493747	0.868464
24645	8.734737	-0.808228	9.417055	-0.075851	-1.069260	-0.109267	0.076885	0.863138	0.499081	-0.996114	0.044930	0.075749	0.042958	-0.502966	0.863238
24646	7.441932	1.359543	9.327423	0.187593	-0.795230	-0.041589	0.077790	0.859046	0.505953	-0.995993	0.044508	0.077565	0.044112	-0.509959	0.859067
24647	7.339451	1.923248	9.478616	0.063593	-0.666209	-0.043990	0.078530	0.855613	0.511625	-0.995931	0.044576	0.078320	0.044205	-0.515694	0.855632
24648	7.469505	1.588616	8.949483	0.106881	-0.306351	-0.012224	0.078946	0.853972	0.514295	-0.995866	0.044313	0.079288	0.044920	-0.518428	0.853940
24649	5.381392	1.617249	8.956711	-0.008969	-0.325820	0.009626	0.079003	0.852285	0.517077	-0.995878	0.044295	0.079148	0.044553	-0.521199	0.852272
24650	6.032420	0.831149	8.724900	0.050445	-0.262695	0.028469	0.079001	0.850872	0.519400	-0.995870	0.043982	0.079423	0.044735	-0.523530	0.850832
24651	5.954752	1.289885	8.853127	0.079660	-0.206948	0.038381	0.078720	0.849805	0.521185	-0.995865	0.043255	0.079887	0.045344	-0.525319	0.849696
24652	5.810962	0.955290	8.848301	0.024707	-0.174559	0.042101	0.078547	0.848850	0.522766	-0.995879	0.042964	0.079870	0.045337	-0.526885	0.848726
24653	5.900811	1.272212	8.804141	0.097552	-0.098527	0.057255	0.078030	0.848357	0.523643	-0.995879	0.041982	0.080385	0.046211	-0.527758	0.848137
24654	5.626343	0.598319	8.693974	-0.020438	-0.077051	0.049822	0.077739	0.847915	0.524402	-0.995920	0.041866	0.079944	0.045831	-0.528477	0.847710
24655	5.519877	0.679147	8.666600	0.100648	-0.059826	0.049766	0.077279	0.847621	0.524944	-0.995912	0.040930	0.080522	0.046766	-0.529020	0.847319
24656	5.533805	0.873588	8.634532	0.062454	-0.051950	0.042439	0.077050	0.847308	0.525484	-0.995908	0.040439	0.080821	0.047230	-0.529561	0.846956
24657	5.492888	0.881164	8.660162	0.084770	-0.056632	0.036401	0.076722	0.847024	0.525988	-0.995896	0.039700	0.081334	0.048010	-0.530069	0.846594
24658	5.488281	1.047633	8.621539	0.076874	-0.060379	0.041027	0.076512	0.846664	0.526598	-0.995883	0.039144	0.081761	0.048612	-0.530686	0.846173
24659	5.510984	0.869860	8.625166	0.066804	-0.060111	0.040195	0.076149	0.846363	0.527135	-0.995881	0.038467	0.082101	0.049210	-0.531216	0.845806
24660	5.522212	0.902487	8.667291	0.072599	-0.060492	0.037187	0.075978	0.846000	0.527742	-0.995867	0.037965	0.082512	0.049769	-0.531830	0.845387
24661	5.512300	0.718886	8.601468	0.066564	-0.056289	0.029345	0.075722	0.845713	0.528238	-0.995856	0.037382	0.082906	0.050368	-0.532327	0.845039
24662	5.516064	0.763712	8.612058	0.084565	-0.047406	0.027451	0.075641	0.845415	0.528726	-0.995827	0.036897	0.083468	0.051057	-0.532834	0.844678
24663	5.552317	0.798237	8.574440	0.104920	-0.043873	0.019730	0.075476	0.845191	0.529109	-0.995788	0.036190	0.084236	0.052047	-0.533238	0.844362
24664	5.513727	0.948867	8.629387	0.095471	-0.039110	0.017572	0.075490	0.844932	0.529519	-0.995745	0.035731	0.084942	0.052850	-0.533678	0.844035
24665	5.591949	0.809166	8.579358	0.076796	-0.033462	0.017515	0.075342	0.844762	0.529812	-0.995718	0.035192	0.085484	0.053568	-0.533984	0.843796
24666	5.618810	0.903210	8.583477	0.087488	-0.023889	0.012290	0.075400	0.844583	0.530089	-0.995674	0.034819	0.086149	0.054303	-0.534292	0.843554
24667	5.601562	0.880780	8.576038	0.061905	-0.014537	0.008029	0.075337	0.844510	0.530214	-0.995646	0.034440	0.086615	0.054887	-0.534431	0.843428
24668	5.523990	0.901558	8.652592	0.054170	-0.011356	0.007497	0.075437	0.844396	0.530382	-0.995616	0.034285	0.087024	0.055299	-0.534622	0.843280
24669	5.524048	0.976871	8.619656	0.066863	-0.020914	0.006809	0.075390	0.844288	0.530560	-0.995585	0.033890	0.087539	0.055927	-0.534817	0.843115
24670	5.539719	0.949525	8.623026	0.032946	-0.023707	0.006212	0.075509	0.844108	0.530830	-0.995565	0.033859	0.087776	0.056119	-0.535104	0.842920
24671	5.544318	0.832211	8.580138	0.033140	-0.024993	0.001529	0.075517	0.843976	0.531038	-0.995548	0.033688	0.088033	0.056408	-0.535322	0.842763
24672	5.538120	0.926840	8.573743	0.052866	-0.025979	-0.004876	0.075748	0.843780	0.531318	-0.995508	0.033644	0.088497	0.056796	-0.535634	0.842538
24673	5.533979	0.921360	8.644119	0.046214	-0.026181	-0.004787	0.075820	0.843639	0.531530	-0.995479	0.033456	0.088898	0.057215	-0.535867	0.842362
24674	5.530330	0.896428	8.596436	0.043194	-0.028170	-0.008464	0.076087	0.843430	0.531824	-0.995442	0.033493	0.089299	0.057505	-0.536194	0.842134
24675	5.493322	0.924339	8.610541	0.050089	-0.034647	-0.008490	0.076201	0.843243	0.532104	-0.995407	0.033316	0.089752	0.057955	-0.536499	0.841908
24676	5.502093	0.978992	8.549257	0.049912	-0.044312	-0.007523	0.076468	0.842947	0.532535	-0.995366	0.033308	0.090205	0.058300	-0.536965	0.841588
24677	5.506867	0.953729	8.591429	0.057231	-0.053280	-0.010306	0.076612	0.842659	0.532970	-0.995325	0.033108	0.090728	0.058807	-0.537429	0.841256
24678	5.498836	0.960120	8.627870	0.059672	-0.063948	-0.004750	0.076862	0.842258	0.533567	-0.995281	0.033022	0.091247	0.059234	-0.538063	0.840821
24679	5.466777	0.899162	8.553630	0.058628	-0.074216	-0.006705	0.076983	0.841858	0.534181	-0.995241	0.032784	0.091762	0.059738	-0.538703	0.840375
24680	5.424291	0.770219	8.550857	0.087004	-0.088782	-0.013357	0.077334	0.841319	0.534978	-0.995173	0.032621	0.092556	0.060418	-0.539553	0.839781
24681	5.437272	0.839602	8.545212	0.122902	-0.094400	-0.017690	0.077577	0.840805	0.535750	-0.995085	0.032127	0.093669	0.061546	-0.540384	0.839165
24682	5.446810	0.821009	8.584067	0.123628	-0.111771	-0.019809	0.078007	0.840139	0.536732	-0.994987	0.031818	0.094804	0.062571	-0.541437	0.838410
24683	5.513042	0.958692	8.605638	0.138483	-0.125585	-0.028161	0.078377	0.839451	0.537754	-0.994878	0.031325	0.096103	0.063829	-0.542532	0.837607
24684	5.428823	0.881124	8.643251	0.142358	-0.145205	-0.042073	0.079050	0.838594	0.538991	-0.994748	0.031095	0.097513	0.065013	-0.543868	0.836648
24685	5.423362	0.939069	8.818277	0.164227	-0.170909	-0.045645	0.079627	0.837651	0.540371	-0.994605	0.030605	0.099119	0.066489	-0.545348	0.835568
24686	5.256075	0.600104	8.657759	0.137404	-0.195354	-0.058569	0.080498	0.836511	0.542004	-0.994461	0.030532	0.100574	0.067583	-0.547098	0.834336
24687	5.006514	1.036329	9.211027	0.223789	-0.272597	-0.059667	0.081289	0.835000	0.544212	-0.994260	0.029825	0.102751	0.069565	-0.549441	0.832632
24688	5.159338	1.297144	9.148614	0.187641	-0.364720	-0.052935	0.082223	0.832922	0.547248	-0.994080	0.029414	0.104591	0.071020	-0.552608	0.830410
24689	5.066665	1.739486	9.139672	0.238168	-0.541694	0.009919	0.082525	0.829920	0.551744	-0.993918	0.028031	0.106497	0.072918	-0.557177	0.827186
24690	5.046029	1.825399	9.256974	0.174921	-0.654386	0.055331	0.082599	0.826221	0.557258	-0.993831	0.026766	0.107626	0.074007	-0.562710	0.823335
24691	5.057576	1.219323	9.241363	0.102798	-0.798137	0.097438	0.082234	0.821730	0.563913	-0.993836	0.025403	0.107911	0.074348	-0.569310	0.818754
24692	5.121850	1.126696	9.225136	0.135619	-0.918942	0.118515	0.081874	0.816445	0.571589	-0.993829	0.023816	0.108337	0.074838	-0.576932	0.813357
24693	5.057385	1.427583	9.308459	0.093559	-1.033950	0.128910	0.081378	0.810467	0.580104	-0.993865	0.022246	0.108340	0.074901	-0.585361	0.807305
24694	4.876617	1.071738	9.893384	-0.057502	-1.179046	0.130909	0.081071	0.803494	0.589767	-0.994011	0.021679	0.107105	0.073273	-0.594918	0.800440
24695	4.422192	0.595671	10.376700	-0.036765	-1.423245	0.106425	0.081056	0.794970	0.601209	-0.994125	0.021072	0.106167	0.071731	-0.606283	0.792008
24696	4.292738	1.336557	10.783159	0.141278	-1.777684	0.061276	0.081820	0.784042	0.615291	-0.994072	0.019848	0.106898	0.071600	-0.620390	0.781019
24697	4.486358	1.779102	10.971812	0.123670	-2.216127	0.020657	0.083205	0.770108	0.632464	-0.994002	0.018933	0.107715	0.070978	-0.637633	0.767063
24698	4.138321	2.429149	10.859397	0.148709	-2.686987	0.026862	0.084904	0.752677	0.652892	-0.993918	0.017859	0.108664	0.070129	-0.658148	0.749616
24699	4.610204	2.537614	10.224750	-0.122702	-3.123886	0.056000	0.086489	0.731765	0.676047	-0.994050	0.018289	0.107375	0.066209	-0.681311	0.728994
24700	4.560399	2.007262	10.048948	-0.285077	-3.536403	0.064360	0.088126	0.707220	0.701480	-0.994286	0.019864	0.104884	0.060242	-0.706715	0.704929
24701	5.190709	0.809926	9.776044	-0.286919	-3.954340	-0.004887	0.090442	0.678730	0.728798	-0.994446	0.021990	0.102929	0.053835	-0.734059	0.676949
