// General information: 
//  MT Manager version: 2022.2.0 
//  XDA version: 2022.2.0 build 7381 rev 124627 built on 2023-07-19
// Device information: 
//  DeviceId: 00B4CBA7
//  ProductCode: MTW2-3A7G6
//  Firmware Version: 4.6.0
//  Hardware Version: 2.0.0
// Device settings: 
//  Filter Profile: human(46.1)
//  Option Flags: Orientation Smoother Disabled, Position/Velocity Smoother Disabled, Continuous Zero Rotation Update Disabled, AHS Disabled, ICC Disabled
// Coordinate system: ENU
PacketCounter	Acc_X	Acc_Y	Acc_Z	Gyr_X	Gyr_Y	Gyr_Z	Mat[1][1]	Mat[2][1]	Mat[3][1]	Mat[1][2]	Mat[2][2]	Mat[3][2]	Mat[1][3]	Mat[2][3]	Mat[3][3]
33825	9.564807	-0.988982	-0.996435	-0.151760	0.033761	-0.001358	0.149918	-0.083170	0.985194	0.150319	-0.982954	-0.105855	0.977204	0.163963	-0.134861
33826	9.600144	-1.203100	-1.281013	-0.123137	0.019537	0.000649	0.149716	-0.083173	0.985224	0.149131	-0.983156	-0.105660	0.977417	0.162747	-0.134791
33827	9.566733	-1.049469	-1.200046	-0.034189	-0.002109	-0.000412	0.149724	-0.083132	0.985227	0.148794	-0.983216	-0.105574	0.977468	0.162403	-0.134842
33828	9.635643	-0.922759	-1.131602	-0.008363	-0.014495	0.004474	0.149861	-0.083117	0.985207	0.148719	-0.983228	-0.105572	0.977458	0.162340	-0.134986
33829	10.081794	-0.976682	-1.127459	0.017956	-0.004742	0.010839	0.149911	-0.083183	0.985194	0.148874	-0.983194	-0.105667	0.977427	0.162511	-0.135008
33830	9.833724	-1.057280	-0.932639	0.004628	0.017033	0.010078	0.149754	-0.083264	0.985211	0.148993	-0.983169	-0.105739	0.977433	0.162624	-0.134828
33831	9.626501	-1.192587	-1.380892	0.024816	-0.003197	-0.005995	0.149765	-0.083167	0.985218	0.149240	-0.983138	-0.105678	0.977393	0.162861	-0.134827
33832	9.734828	-1.141316	-1.668960	0.147665	-0.005567	-0.006869	0.149794	-0.083059	0.985222	0.150680	-0.982908	-0.105773	0.977168	0.164297	-0.134719
33833	9.591053	-0.619735	-1.285599	0.111622	0.002644	-0.001936	0.149753	-0.083011	0.985233	0.151769	-0.982730	-0.105869	0.977006	0.165382	-0.134568
33834	9.581466	-1.086960	-1.557426	-0.014819	0.001881	0.000130	0.149724	-0.082979	0.985240	0.151645	-0.982755	-0.105815	0.977029	0.165250	-0.134558
33835	9.545123	-1.105042	-1.478642	0.045204	0.009305	-0.003001	0.149616	-0.082932	0.985260	0.152088	-0.982687	-0.105810	0.976977	0.165677	-0.134413
33836	9.536780	-0.958921	-1.211444	-0.008761	0.004572	-0.000480	0.149556	-0.082902	0.985272	0.151996	-0.982707	-0.105758	0.977001	0.165574	-0.134369
33837	9.490833	-1.097482	-1.203728	-0.026214	0.001054	-0.001529	0.149532	-0.082856	0.985279	0.151738	-0.982756	-0.105672	0.977044	0.165306	-0.134381
33838	9.481611	-0.986686	-1.121958	-0.020149	-0.006257	0.002167	0.149579	-0.082839	0.985274	0.151499	-0.982797	-0.105630	0.977074	0.165068	-0.134456
33839	9.545571	-1.035773	-1.165653	-0.011757	-0.014834	-0.002681	0.149708	-0.082754	0.985261	0.151384	-0.982823	-0.105552	0.977072	0.164955	-0.134609
33840	9.556521	-1.059230	-1.221241	0.000956	-0.023036	-0.002894	0.149918	-0.082651	0.985238	0.151426	-0.982824	-0.105490	0.977034	0.165005	-0.134828
33841	9.605825	-1.059546	-1.246557	0.031808	-0.033565	-0.005195	0.150226	-0.082511	0.985203	0.151740	-0.982780	-0.105446	0.976938	0.165336	-0.135119
33842	9.637286	-0.986120	-1.286393	0.031270	-0.032650	-0.006292	0.150522	-0.082365	0.985170	0.152033	-0.982740	-0.105391	0.976846	0.165642	-0.135402
33843	9.625127	-1.112337	-1.468883	0.024817	-0.036290	-0.002046	0.150861	-0.082251	0.985127	0.152275	-0.982705	-0.105368	0.976757	0.165906	-0.135727
33844	9.615923	-1.149350	-1.568315	0.048468	-0.035015	-0.005850	0.151180	-0.082105	0.985091	0.152741	-0.982636	-0.105341	0.976634	0.166389	-0.136014
33845	9.787171	-1.081962	-1.643230	0.072482	-0.029738	-0.004335	0.151452	-0.081979	0.985059	0.153451	-0.982523	-0.105361	0.976481	0.167116	-0.136225
33846	9.944304	-1.014615	-1.487129	0.068445	-0.010379	0.005395	0.151551	-0.081980	0.985044	0.154125	-0.982406	-0.105472	0.976360	0.167804	-0.136249
33847	9.899217	-1.037538	-1.374901	0.003098	0.020226	0.011300	0.151358	-0.082091	0.985064	0.154134	-0.982396	-0.105552	0.976388	0.167808	-0.136041
33848	9.795386	-1.313476	-1.826145	0.013802	0.033825	0.002798	0.151016	-0.082148	0.985112	0.154226	-0.982380	-0.105562	0.976426	0.167872	-0.135686
33849	9.689789	-1.115806	-1.665992	0.144217	0.033637	-0.008424	0.150662	-0.082088	0.985171	0.155643	-0.982148	-0.105639	0.976256	0.169251	-0.135196
33850	9.575425	-1.002954	-1.391846	0.129109	0.029612	-0.008872	0.150347	-0.082018	0.985225	0.156921	-0.981940	-0.105690	0.976100	0.170493	-0.134761
33851	9.480516	-1.222981	-1.275556	0.158116	0.024005	-0.014624	0.150077	-0.081882	0.985278	0.158482	-0.981685	-0.105723	0.975889	0.172016	-0.134351
33852	9.513219	-0.998927	-1.077215	0.156965	0.015793	-0.012485	0.149891	-0.081751	0.985317	0.160051	-0.981425	-0.105776	0.975662	0.173555	-0.134022
33853	9.486019	-1.093891	-0.948509	0.108535	0.006994	-0.007479	0.149798	-0.081657	0.985339	0.161117	-0.981247	-0.105812	0.975501	0.174605	-0.133833
33854	9.516898	-1.024294	-1.039323	0.104580	-0.002477	-0.011400	0.149790	-0.081507	0.985352	0.162157	-0.981076	-0.105804	0.975330	0.175630	-0.133739
33855	9.525648	-0.940168	-1.153415	0.081565	-0.007311	-0.010880	0.149832	-0.081354	0.985359	0.162965	-0.980946	-0.105770	0.975189	0.176427	-0.133719
33856	9.538291	-1.030150	-1.410778	0.083502	-0.009149	-0.011215	0.149890	-0.081192	0.985363	0.163817	-0.980808	-0.105736	0.975037	0.177268	-0.133712
33857	9.517461	-1.047034	-1.508006	0.112049	-0.016136	-0.017865	0.150005	-0.080955	0.985365	0.164932	-0.980628	-0.105674	0.974831	0.178370	-0.133747
33858	9.519318	-0.960125	-1.480755	0.137851	-0.012759	-0.016707	0.150089	-0.080733	0.985371	0.166316	-0.980395	-0.105658	0.974583	0.179741	-0.133719
33859	9.548099	-1.023762	-1.389696	0.119852	-0.012667	-0.014448	0.150176	-0.080536	0.985374	0.167502	-0.980195	-0.105641	0.974367	0.180917	-0.133712
33860	9.535116	-1.086561	-1.363133	0.119491	-0.005912	-0.015005	0.150195	-0.080345	0.985386	0.168688	-0.979995	-0.105617	0.974159	0.182086	-0.133637
33861	9.586897	-1.080370	-1.276495	0.129562	-0.011460	-0.015928	0.150267	-0.080135	0.985392	0.169970	-0.979775	-0.105598	0.973925	0.183355	-0.133607
33862	9.644694	-0.927555	-1.156174	0.130770	-0.007446	-0.013178	0.150305	-0.079957	0.985401	0.171280	-0.979546	-0.105607	0.973690	0.184653	-0.133536
33863	9.678813	-0.927554	-1.003526	0.103196	-0.013123	-0.009052	0.150404	-0.079811	0.985398	0.172294	-0.979367	-0.105620	0.973495	0.185664	-0.133550
33864	9.728352	-0.928254	-1.026964	0.093867	-0.018487	-0.015388	0.150541	-0.079597	0.985394	0.173201	-0.979213	-0.105558	0.973313	0.186562	-0.133625
33865	9.676073	-0.818881	-1.067247	0.055883	-0.012274	-0.015474	0.150620	-0.079389	0.985399	0.173764	-0.979126	-0.105444	0.973201	0.187109	-0.133681
33866	9.674273	-0.905051	-1.094600	0.001061	-0.008154	-0.015639	0.150656	-0.079192	0.985409	0.173771	-0.979145	-0.105256	0.973194	0.187093	-0.133753
33867	9.664742	-0.683004	-0.628634	-0.153014	0.012224	-0.020735	0.150489	-0.078978	0.985452	0.172309	-0.979451	-0.104811	0.973480	0.185575	-0.133787
33868	9.519266	-0.612851	-0.946732	-0.354349	0.043637	-0.009103	0.150032	-0.078941	0.985525	0.168838	-0.980119	-0.104211	0.974158	0.182029	-0.133721
33869	9.479281	-0.918946	-1.023529	-0.388933	0.026352	0.003494	0.149768	-0.078990	0.985561	0.165039	-0.980821	-0.103689	0.974850	0.178185	-0.133860
33870	9.517510	-1.243095	-1.246886	-0.330062	0.006656	-0.000658	0.149692	-0.078957	0.985575	0.161858	-0.981402	-0.103206	0.975394	0.174973	-0.134128
33871	9.622681	-1.141055	-1.050458	-0.233551	-0.010853	-0.001849	0.149782	-0.078886	0.985567	0.159579	-0.981814	-0.102838	0.975756	0.172679	-0.134470
33872	9.660558	-1.033825	-1.105443	-0.208141	-0.034600	-0.006259	0.150097	-0.078731	0.985532	0.157568	-0.982178	-0.102461	0.976034	0.170667	-0.135016
33873	9.653289	-0.981422	-1.179708	-0.168665	-0.052064	-0.007889	0.150580	-0.078532	0.985474	0.155930	-0.982475	-0.102119	0.976223	0.169042	-0.135696
33874	9.656708	-1.117883	-1.201633	-0.146476	-0.065291	-0.014720	0.151177	-0.078252	0.985404	0.154458	-0.982747	-0.101738	0.976365	0.167584	-0.136482
33875	9.653170	-1.170625	-1.163104	-0.150868	-0.068418	-0.023745	0.151797	-0.077872	0.985339	0.153017	-0.983022	-0.101261	0.976496	0.166145	-0.137304
33876	9.500702	-0.908914	-0.983631	-0.201383	-0.057477	-0.022248	0.152313	-0.077523	0.985287	0.151097	-0.983373	-0.100730	0.976714	0.164217	-0.138067
33877	9.512700	-0.694155	-0.837980	-0.350722	-0.067185	-0.022725	0.152923	-0.077157	0.985221	0.147702	-0.983965	-0.099984	0.977138	0.160809	-0.139075
33878	9.482985	-1.198870	-1.295136	-0.379969	-0.076091	-0.020497	0.153625	-0.076798	0.985140	0.144035	-0.984586	-0.099216	0.977575	0.157137	-0.140195
33879	9.608649	-1.198667	-1.112895	-0.266012	-0.089461	-0.031254	0.154443	-0.076318	0.985050	0.141479	-0.985029	-0.098498	0.977820	0.154576	-0.141333
33880	9.640552	-1.116769	-1.107485	-0.258697	-0.113171	-0.033645	0.155489	-0.075781	0.984927	0.138989	-0.985456	-0.097764	0.978011	0.152095	-0.142695
33881	9.694994	-1.163117	-1.132667	-0.200339	-0.136663	-0.045613	0.156751	-0.075092	0.984779	0.137097	-0.985798	-0.096991	0.978076	0.150214	-0.144230
33882	9.654082	-1.036530	-1.053401	-0.176508	-0.155211	-0.053805	0.158188	-0.074288	0.984610	0.135508	-0.986098	-0.096171	0.978067	0.148636	-0.145922
33883	9.590303	-1.038945	-1.178084	-0.172380	-0.170678	-0.058382	0.159767	-0.073427	0.984420	0.133911	-0.986400	-0.095308	0.978030	0.147052	-0.147761
33884	9.613426	-1.073163	-1.196606	-0.167281	-0.188375	-0.065374	0.161512	-0.072469	0.984206	0.132408	-0.986692	-0.094380	0.977948	0.145560	-0.149767
33885	9.680001	-1.082078	-1.327838	-0.175216	-0.193424	-0.072289	0.163297	-0.071442	0.983987	0.130808	-0.987001	-0.093369	0.977867	0.143960	-0.151829
33886	9.543951	-1.208242	-1.580936	-0.209980	-0.193488	-0.085366	0.165068	-0.070284	0.983775	0.128927	-0.987361	-0.092173	0.977819	0.142050	-0.153920
33887	9.423680	-1.294562	-1.824220	-0.209586	-0.181283	-0.092235	0.166711	-0.069084	0.983583	0.127027	-0.987725	-0.090905	0.977789	0.140097	-0.155889
33888	9.351772	-1.237904	-1.961636	-0.181826	-0.167486	-0.100510	0.168211	-0.067819	0.983415	0.125453	-0.988046	-0.089597	0.977735	0.138443	-0.157692
33889	9.367274	-1.071790	-2.113581	-0.221675	-0.146460	-0.105587	0.169501	-0.066541	0.983281	0.123460	-0.988425	-0.088172	0.977766	0.136341	-0.159323
33890	9.474193	-1.217606	-2.360207	-0.231151	-0.130141	-0.114752	0.170628	-0.065180	0.983177	0.121508	-0.988802	-0.086641	0.977815	0.134247	-0.160797
33891	9.511720	-1.178640	-2.343265	-0.203585	-0.106764	-0.118988	0.171517	-0.063828	0.983111	0.119718	-0.989153	-0.085106	0.977880	0.132293	-0.162015
33892	9.487175	-1.150522	-2.179208	-0.178010	-0.091980	-0.123256	0.172258	-0.062455	0.983070	0.118181	-0.989469	-0.083570	0.977937	0.130576	-0.163063
33893	9.553354	-1.126044	-2.028256	-0.147601	-0.078354	-0.131002	0.172859	-0.061023	0.983054	0.116960	-0.989745	-0.082005	0.977977	0.129154	-0.163949
33894	9.611372	-1.138146	-1.722081	-0.128957	-0.066361	-0.132082	0.173342	-0.059594	0.983057	0.115953	-0.989991	-0.080460	0.978012	0.127935	-0.164697
33895	9.539293	-1.481753	-1.624581	-0.109670	-0.060157	-0.136418	0.173762	-0.058132	0.983070	0.115114	-0.990214	-0.078902	0.978037	0.126875	-0.165370
33896	9.564672	-1.567501	-1.588015	0.016070	-0.069916	-0.150229	0.174263	-0.056515	0.983076	0.115582	-0.990276	-0.077418	0.977892	0.127117	-0.166036
33897	9.610448	-1.273374	-1.413082	0.097227	-0.078051	-0.161769	0.174827	-0.054780	0.983074	0.116812	-0.990245	-0.075953	0.977645	0.128114	-0.166723
33898	9.659310	-0.858149	-1.469575	0.142053	-0.083255	-0.167486	0.175438	-0.052966	0.983065	0.118592	-0.990143	-0.074512	0.977322	0.129656	-0.167427
33899	9.582806	-0.236648	-1.272021	0.093086	-0.076369	-0.169013	0.175972	-0.051160	0.983065	0.119796	-0.990113	-0.072970	0.977079	0.130608	-0.168103
33900	9.434667	-0.338388	-1.314056	-0.136184	-0.068036	-0.165916	0.176430	-0.049383	0.983074	0.118835	-0.990367	-0.071077	0.977113	0.129364	-0.168862
33901	9.570848	-1.544917	-1.773093	-0.203328	-0.035130	-0.167815	0.176564	-0.047642	0.983135	0.117141	-0.990712	-0.069047	0.977294	0.127357	-0.169344
33902	9.876204	-1.948766	-1.470247	-0.051962	0.016971	-0.171784	0.176187	-0.045921	0.983285	0.116991	-0.990854	-0.067237	0.977380	0.126882	-0.169203
33903	9.646993	-1.152921	-1.627285	-0.005498	0.037680	-0.181948	0.175594	-0.044132	0.983473	0.117254	-0.990946	-0.065402	0.977455	0.126801	-0.168830
33904	9.478213	-0.306068	-2.388489	0.108960	0.018451	-0.197012	0.175172	-0.042164	0.983635	0.118708	-0.990889	-0.063615	0.977355	0.127909	-0.168571
33905	9.619878	0.083488	-2.365460	0.194846	-0.001508	-0.187103	0.174952	-0.040274	0.983753	0.120937	-0.990718	-0.062067	0.977121	0.129830	-0.168457
33906	9.571159	0.036193	-2.296953	0.207183	-0.000132	-0.183595	0.174719	-0.038414	0.983869	0.123335	-0.990515	-0.060576	0.976863	0.131929	-0.168324
33907	9.465212	-0.307158	-2.198791	0.168160	0.005096	-0.178381	0.174437	-0.036621	0.983987	0.125285	-0.990361	-0.059068	0.976665	0.133583	-0.168167
33908	9.606663	-0.554122	-2.135126	0.269160	-0.007658	-0.163677	0.174292	-0.034954	0.984073	0.128216	-0.990056	-0.057875	0.976311	0.136261	-0.168078
33909	9.952882	-0.105729	-1.252130	0.292507	0.003125	-0.138243	0.174071	-0.033556	0.984161	0.131309	-0.989703	-0.056970	0.975939	0.139146	-0.167873
33910	10.027521	-0.021375	-0.972699	0.202167	0.001262	-0.136329	0.173866	-0.032177	0.984244	0.133514	-0.989467	-0.055933	0.975677	0.141135	-0.167738
33911	10.174306	0.116839	-1.475031	0.255081	-0.000503	-0.163162	0.173639	-0.030528	0.984336	0.136283	-0.989158	-0.054719	0.975334	0.143649	-0.167596
33912	9.962322	1.181718	-1.384062	0.228329	0.010465	-0.159317	0.173305	-0.028936	0.984443	0.138778	-0.988878	-0.053497	0.975042	0.145890	-0.167362
33913	9.606645	0.564155	-1.664840	-0.174941	0.025580	-0.135708	0.172856	-0.027597	0.984560	0.137304	-0.989172	-0.051833	0.975330	0.144143	-0.167196
33914	9.451558	-1.109067	-2.757737	-0.275674	0.038324	-0.128598	0.172294	-0.026347	0.984693	0.134830	-0.989603	-0.050070	0.975774	0.141393	-0.166951
33915	9.417096	-0.973231	-2.350066	-0.130324	0.096201	-0.128568	0.171171	-0.025176	0.984920	0.133776	-0.989822	-0.048551	0.976117	0.140069	-0.166061
33916	9.107045	-0.842254	-2.002482	-0.305768	0.106624	-0.119093	0.169961	-0.024112	0.985156	0.130993	-0.990276	-0.046836	0.976706	0.137009	-0.165149
33917	9.197391	-1.057986	-2.191465	-0.259554	0.107245	-0.121010	0.168744	-0.023025	0.985391	0.128659	-0.990659	-0.045180	0.977227	0.134403	-0.164206
33918	9.235545	-0.215197	-1.270137	-0.243999	0.108372	-0.119494	0.167521	-0.021952	0.985624	0.126474	-0.991013	-0.043568	0.977722	0.131955	-0.163239
33919	9.168328	-0.129093	-1.193985	-0.406786	0.090770	-0.123531	0.166468	-0.020812	0.985827	0.122699	-0.991570	-0.041652	0.978383	0.127894	-0.162511
33920	9.235373	-0.336837	-0.958778	-0.341633	0.058803	-0.124563	0.165730	-0.019617	0.985976	0.119561	-0.992027	-0.039834	0.978897	0.124486	-0.162063
33921	9.352905	0.084503	-0.012564	-0.379810	0.027146	-0.127828	0.165303	-0.018348	0.986072	0.116050	-0.992519	-0.037922	0.979391	0.120703	-0.161937
33922	9.454498	0.012563	0.158895	-0.503073	-0.019303	-0.123377	0.165340	-0.017067	0.986089	0.111322	-0.993137	-0.035855	0.979934	0.115702	-0.162305
33923	9.648133	0.089836	0.211867	-0.559214	-0.079891	-0.107762	0.165995	-0.015872	0.985999	0.106016	-0.993788	-0.033846	0.980411	0.110150	-0.163281
33924	9.761104	-0.057925	0.107816	-0.656224	-0.142544	-0.089967	0.167289	-0.014792	0.985797	0.099729	-0.994505	-0.031847	0.980851	0.103640	-0.164894
33925	9.881461	0.029997	-0.569086	-0.581309	-0.196084	-0.074213	0.169130	-0.013822	0.985497	0.094148	-0.995103	-0.030114	0.981087	0.097876	-0.167000
33926	9.767879	0.356880	-0.786390	-0.526261	-0.247516	-0.059356	0.171492	-0.012962	0.985100	0.089083	-0.995613	-0.028608	0.981150	0.092661	-0.169585
33927	9.745129	0.234196	-1.294636	-0.404155	-0.292146	-0.043611	0.174310	-0.012228	0.984615	0.085190	-0.995987	-0.027451	0.980999	0.088664	-0.172569
33928	9.862465	0.365193	-1.522975	-0.277843	-0.311048	-0.031474	0.177323	-0.011609	0.984084	0.082519	-0.996234	-0.026622	0.980687	0.085926	-0.175697
33929	10.142836	0.507805	-2.056344	-0.232795	-0.301233	-0.015958	0.180254	-0.011161	0.983557	0.080262	-0.996434	-0.026016	0.980340	0.083632	-0.178715
33930	10.428201	0.518342	-2.307162	-0.333964	-0.236056	0.009574	0.182563	-0.011028	0.983132	0.076969	-0.996708	-0.025474	0.980177	0.080321	-0.181114
33931	9.861418	-0.343966	-3.453468	-0.518482	-0.174203	0.022228	0.184278	-0.011080	0.982812	0.071843	-0.997110	-0.024712	0.980245	0.075162	-0.182949
33932	9.550077	-1.431690	-4.309918	-0.371011	-0.148118	0.029897	0.185740	-0.011235	0.982535	0.068149	-0.997379	-0.024288	0.980233	0.071470	-0.184487
33933	9.852366	-1.446535	-3.775072	-0.009233	-0.088192	0.024532	0.186612	-0.011383	0.982368	0.068010	-0.997384	-0.024476	0.980077	0.071379	-0.185349
33934	9.640339	-0.343298	-2.578121	0.018060	-0.034179	0.025731	0.186954	-0.011581	0.982300	0.068137	-0.997370	-0.024727	0.980003	0.071554	-0.185673
33935	9.644541	-0.102274	-2.307167	-0.047718	-0.020695	0.029688	0.187168	-0.011828	0.982257	0.067611	-0.997401	-0.024893	0.979998	0.071071	-0.185881
33936	9.522695	-0.043262	-1.597241	0.010299	-0.016327	0.037561	0.187343	-0.012157	0.982219	0.067639	-0.997390	-0.025246	0.979963	0.071166	-0.186032
33937	9.537298	-0.449212	-0.929601	-0.053620	-0.043909	0.049623	0.187797	-0.012586	0.982127	0.067018	-0.997423	-0.025597	0.979919	0.070628	-0.186470
33938	9.322137	-1.993577	-1.386753	0.222229	-0.116849	0.047301	0.188964	-0.012940	0.981899	0.069104	-0.997259	-0.026441	0.979550	0.072850	-0.187552
33939	9.525006	-0.620435	-0.209540	0.859567	-0.182470	0.033428	0.190765	-0.013098	0.981548	0.077454	-0.996593	-0.028352	0.978575	0.081434	-0.189101
33940	9.457723	1.784559	2.112560	0.769913	-0.238553	0.047001	0.193126	-0.013329	0.981083	0.084892	-0.995931	-0.030242	0.977495	0.089126	-0.191208
33941	9.382743	1.741764	1.205894	0.220457	-0.319560	0.075591	0.196303	-0.013760	0.980447	0.086896	-0.995723	-0.031372	0.976685	0.091356	-0.194268
33942	9.283958	0.987239	-0.298066	0.222619	-0.378431	0.105516	0.200078	-0.014426	0.979674	0.088859	-0.995504	-0.032807	0.975742	0.093617	-0.197896
33943	9.255783	0.764925	-0.888017	0.200511	-0.429959	0.128856	0.204377	-0.015268	0.978773	0.090552	-0.995296	-0.034433	0.974695	0.095667	-0.202033
33944	9.405930	0.235700	-2.061443	0.183019	-0.463088	0.141889	0.209004	-0.016198	0.977781	0.092041	-0.995098	-0.036159	0.973574	0.097553	-0.206489
33945	9.672586	0.225387	-2.534634	0.185364	-0.445461	0.161030	0.213478	-0.017327	0.976794	0.093503	-0.994890	-0.038083	0.972463	0.099463	-0.210767
33946	9.779266	-0.292048	-3.045783	-0.020590	-0.404782	0.179348	0.217567	-0.018674	0.975867	0.092915	-0.994880	-0.039754	0.971613	0.099322	-0.214718
33947	9.711591	-1.349347	-4.315855	-0.048295	-0.365078	0.188583	0.221277	-0.020155	0.975003	0.092031	-0.994893	-0.041452	0.970859	0.098903	-0.218292
33948	9.671726	-1.172404	-4.473123	0.239166	-0.311010	0.185597	0.224455	-0.021655	0.974244	0.093938	-0.994616	-0.043750	0.969946	0.101339	-0.221213
33949	9.612506	-0.280081	-3.348081	0.293245	-0.269042	0.188870	0.227233	-0.023222	0.973563	0.096353	-0.994274	-0.046206	0.969062	0.104306	-0.223695
33950	9.651844	-0.476859	-2.665416	0.116101	-0.233401	0.193799	0.229670	-0.024870	0.972951	0.097035	-0.994108	-0.048316	0.968419	0.105507	-0.225903
33951	9.539532	-1.075524	-2.473698	0.250785	-0.225062	0.187963	0.232023	-0.026464	0.972350	0.099028	-0.993793	-0.050678	0.967656	0.108048	-0.227962
33952	9.318525	-0.752065	-1.290120	0.432989	-0.243915	0.179709	0.234551	-0.027946	0.971702	0.102796	-0.993269	-0.053380	0.966653	0.112408	-0.230100
33953	9.233058	-0.550267	-0.752673	0.427805	-0.304005	0.188437	0.237675	-0.029435	0.970899	0.106483	-0.992727	-0.056164	0.965491	0.116733	-0.232812
33954	9.314684	-0.590093	-0.593150	0.400516	-0.360861	0.205965	0.241367	-0.031017	0.969938	0.109854	-0.992191	-0.059065	0.964196	0.120808	-0.236075
33955	9.214497	-0.606156	-0.747165	0.467249	-0.418325	0.221194	0.245634	-0.032662	0.968812	0.113816	-0.991548	-0.062285	0.962658	0.125566	-0.239840
33956	9.116622	-0.000857	-0.767872	0.585383	-0.485580	0.238661	0.250568	-0.034369	0.967489	0.118856	-0.990717	-0.065976	0.960775	0.131523	-0.244157
33957	9.036590	0.550308	-0.735973	0.637456	-0.551281	0.259332	0.256163	-0.036160	0.965957	0.124316	-0.989769	-0.070019	0.958606	0.138020	-0.249047
33958	9.348342	1.333827	-0.697560	0.705080	-0.621463	0.293931	0.262473	-0.038154	0.964185	0.130305	-0.988664	-0.074594	0.956101	0.145217	-0.254526
33959	10.050057	1.529001	0.063602	0.650132	-0.684172	0.340513	0.269446	-0.040468	0.962165	0.135607	-0.987567	-0.079512	0.953420	0.151901	-0.260609
33960	10.593108	1.171679	0.254034	0.580892	-0.748103	0.374454	0.277070	-0.042971	0.959889	0.140116	-0.986514	-0.084607	0.950579	0.157938	-0.267312
33961	10.812382	2.015020	0.285978	0.689560	-0.789747	0.433137	0.285171	-0.045932	0.957375	0.145443	-0.985210	-0.090590	0.947377	0.165078	-0.274273
33962	10.861621	3.164269	1.404540	0.310547	-0.851405	0.511967	0.293957	-0.049519	0.954535	0.146901	-0.984451	-0.096310	0.944463	0.168533	-0.282111
33963	10.759510	0.685241	-0.466507	-0.386098	-0.929431	0.553816	0.303512	-0.053388	0.951331	0.141606	-0.984814	-0.100445	0.942246	0.165200	-0.291343
33964	10.484160	-2.408440	-2.835840	-0.120011	-0.963222	0.534637	0.313307	-0.057029	0.947938	0.138833	-0.984720	-0.105128	0.939449	0.164542	-0.300602
33965	10.429368	-1.834851	-2.908866	0.566883	-0.971124	0.517572	0.323128	-0.060461	0.944422	0.142503	-0.983469	-0.111717	0.935565	0.170682	-0.309170
33966	10.773671	0.022451	-1.600727	0.441756	-0.984372	0.530602	0.333063	-0.063936	0.940734	0.144892	-0.982378	-0.118065	0.931705	0.175628	-0.317930
33967	11.399624	-0.344064	-1.924005	0.237007	-1.009031	0.542758	0.343222	-0.067446	0.936830	0.145264	-0.981606	-0.123889	0.927953	0.178609	-0.327111
33968	12.183028	-0.975086	-1.007751	0.204339	-1.004478	0.569095	0.353333	-0.071187	0.932785	0.145181	-0.980848	-0.129848	0.924164	0.181302	-0.336231
33969	11.952776	-1.624672	-0.523766	0.185996	-1.041792	0.608035	0.363810	-0.075213	0.928432	0.144720	-0.980067	-0.136105	0.920162	0.183879	-0.345673
33970	12.017978	-1.156566	0.938497	0.159905	-1.110866	0.652676	0.374931	-0.079515	0.923637	0.143785	-0.979270	-0.142671	0.915834	0.186297	-0.355725
33971	12.132722	-1.133944	2.132619	-0.148633	-1.206647	0.697837	0.386933	-0.084070	0.918267	0.139774	-0.978981	-0.148525	0.911453	0.185819	-0.367050
33972	12.247032	-0.422861	3.769824	-0.518145	-1.224598	0.729539	0.399043	-0.088926	0.912610	0.132205	-0.979307	-0.153232	0.907352	0.181798	-0.379029
33973	11.496539	-0.371976	3.014169	-0.972126	-1.378252	0.752541	0.412458	-0.093818	0.906133	0.120358	-0.980351	-0.156288	0.902991	0.173522	-0.393062
33974	11.883112	-0.590498	2.599357	-0.913801	-1.551493	0.776056	0.427295	-0.098759	0.898702	0.108885	-0.981160	-0.159590	0.897532	0.166047	-0.408491
33975	11.627109	-1.058631	1.817055	-0.916526	-1.757518	0.797758	0.443823	-0.103701	0.890094	0.097221	-0.981846	-0.162868	0.890825	0.158820	-0.425684
33976	11.939800	-1.291667	1.355185	-0.579866	-1.918661	0.789243	0.461549	-0.108401	0.880467	0.088521	-0.981925	-0.167296	0.882687	0.155155	-0.443611
33977	11.931714	-0.567104	0.671849	-0.602042	-2.077122	0.741513	0.480403	-0.112465	0.869807	0.079750	-0.982034	-0.171022	0.873414	0.151527	-0.462803
33978	12.065752	-0.231296	-1.529192	-0.495852	-2.187510	0.646752	0.499867	-0.115490	0.858368	0.072292	-0.982048	-0.174230	0.863080	0.149145	-0.482544
33979	11.987015	0.909203	-3.290360	-0.503585	-2.276771	0.512338	0.519734	-0.117119	0.846262	0.065372	-0.982203	-0.176081	0.851823	0.146837	-0.502828
33980	11.568688	0.868345	-6.041160	-0.443714	-2.337268	0.340774	0.539695	-0.117015	0.833689	0.059834	-0.982457	-0.176629	0.839732	0.145209	-0.523226
33981	11.437418	1.421914	-7.221119	-0.158061	-2.319907	0.163969	0.559118	-0.115210	0.821044	0.057627	-0.982503	-0.177110	0.827083	0.146340	-0.542696
33982	10.991911	1.091063	-7.711933	0.014359	-2.156187	0.045633	0.576826	-0.112435	0.809092	0.057508	-0.982435	-0.177522	0.814840	0.148929	-0.560228
33983	9.893317	1.061376	-7.493370	0.207527	-1.983642	-0.007417	0.592861	-0.109333	0.797848	0.059243	-0.982135	-0.178608	0.803122	0.153157	-0.575793
33984	9.630284	0.721935	-6.565425	0.192523	-1.789485	-0.041907	0.607091	-0.106105	0.787517	0.061054	-0.981887	-0.179359	0.792284	0.156968	-0.589617
33985	8.687573	0.369965	-5.260214	0.267810	-1.470700	-0.101013	0.618605	-0.102741	0.778956	0.063797	-0.981572	-0.180129	0.783108	0.161123	-0.600651
33986	7.376547	0.600281	-4.745588	0.046391	-1.147220	-0.228314	0.627380	-0.098600	0.772446	0.065606	-0.981732	-0.178599	0.775945	0.162726	-0.609450
33987	6.527569	-0.752861	-5.654247	-0.134382	-0.835454	-0.376170	0.633584	-0.093515	0.768002	0.066953	-0.982317	-0.174846	0.770772	0.162199	-0.616119
33988	6.267076	-1.995868	-5.993915	-0.030716	-0.474110	-0.478954	0.636883	-0.087998	0.765922	0.069785	-0.982806	-0.170943	0.767796	0.162320	-0.619792
33989	5.971816	-2.766460	-5.865582	0.127567	-0.085258	-0.556011	0.637129	-0.082360	0.766345	0.074321	-0.983077	-0.167442	0.767166	0.163637	-0.620225
33990	5.742297	-3.318419	-5.604519	0.406732	0.303409	-0.634273	0.634283	-0.076585	0.769298	0.081501	-0.982912	-0.165049	0.768793	0.167387	-0.617203
33991	5.513797	-3.250735	-5.170423	0.609514	0.695121	-0.713916	0.628303	-0.070719	0.774748	0.090721	-0.982405	-0.163247	0.772661	0.172854	-0.610832
33992	5.481508	-3.153992	-5.418777	0.796664	1.086035	-0.784030	0.619102	-0.064894	0.782625	0.101815	-0.981536	-0.161930	0.778682	0.179934	-0.601064
33993	5.469846	-2.647967	-5.013451	0.918875	1.483395	-0.839900	0.606574	-0.059351	0.792808	0.114169	-0.980371	-0.160743	0.786786	0.188017	-0.587892
33994	5.653166	-1.844186	-4.799992	0.932823	1.861213	-0.873264	0.590762	-0.054329	0.805015	0.126807	-0.979079	-0.159134	0.796819	0.196092	-0.571513
33995	5.988478	-1.085224	-4.632142	0.731892	2.209328	-0.869199	0.571865	-0.050189	0.818811	0.137748	-0.978080	-0.156156	0.808700	0.202090	-0.552416
33996	6.428183	-1.268798	-5.038404	0.363007	2.523926	-0.841826	0.550064	-0.047046	0.833796	0.145452	-0.977755	-0.151126	0.822358	0.204407	-0.530985
33997	6.690422	-2.456714	-5.526162	0.163351	2.795010	-0.789846	0.525689	-0.045008	0.849485	0.151068	-0.977788	-0.145291	0.837156	0.204708	-0.507213
33998	6.614544	-3.896432	-5.291145	0.274427	3.009975	-0.758390	0.499068	-0.043735	0.865458	0.157291	-0.977564	-0.140102	0.852168	0.206049	-0.480992
33999	6.794231	-4.257385	-4.652185	0.430562	3.152086	-0.758871	0.470741	-0.042826	0.881231	0.164681	-0.977002	-0.135450	0.866766	0.208884	-0.452863
34000	7.441028	-3.851852	-4.306654	0.444114	3.264551	-0.768392	0.440892	-0.042149	0.896570	0.172080	-0.976397	-0.130524	0.880910	0.211829	-0.423233
34001	8.076089	-3.584457	-4.041142	0.243879	3.336651	-0.773741	0.409901	-0.041647	0.911179	0.177544	-0.976207	-0.124489	0.894684	0.212803	-0.392754
34002	8.734487	-3.847020	-4.390223	0.074471	3.392726	-0.773422	0.377905	-0.041267	0.924924	0.181275	-0.976372	-0.117628	0.907925	0.212118	-0.361496
34003	9.055138	-3.636641	-4.225372	0.098384	3.425002	-0.748959	0.345212	-0.041178	0.937621	0.184887	-0.976476	-0.110956	0.920133	0.211657	-0.329478
34004	9.383893	-3.196655	-3.887790	-0.020478	3.425939	-0.715651	0.312134	-0.041376	0.949137	0.187059	-0.976817	-0.104100	0.931440	0.210038	-0.297158
34005	9.677172	-3.064824	-3.965316	-0.189172	3.415417	-0.655453	0.278900	-0.042056	0.959399	0.187226	-0.977488	-0.097277	0.941892	0.206755	-0.264747
34006	9.798904	-3.210735	-3.906611	-0.235414	3.377361	-0.582438	0.245813	-0.043245	0.968352	0.186532	-0.978222	-0.091037	0.951200	0.203007	-0.232393
34007	9.912464	-3.166408	-3.589834	-0.172813	3.303904	-0.516195	0.213278	-0.044817	0.975963	0.186066	-0.978801	-0.085608	0.959110	0.199851	-0.200417
34008	10.194317	-2.820306	-3.281453	-0.106474	3.224203	-0.442779	0.181395	-0.046851	0.982294	0.185918	-0.979218	-0.081036	0.965676	0.197326	-0.168915
34009	10.404282	-2.599111	-2.953999	-0.138427	3.152637	-0.379374	0.150144	-0.049278	0.987435	0.185203	-0.979675	-0.077051	0.971162	0.194445	-0.137966
34010	10.308399	-3.074147	-2.985721	-0.179286	3.061435	-0.322953	0.119719	-0.051982	0.991446	0.183895	-0.980187	-0.073597	0.975628	0.191132	-0.107788
34011	9.888479	-3.464128	-2.930816	-0.070559	2.943692	-0.290587	0.090403	-0.054693	0.994402	0.183505	-0.980480	-0.070610	0.978853	0.188861	-0.078602
34012	9.796115	-3.472212	-3.001882	0.095625	2.810242	-0.268883	0.062345	-0.057322	0.996407	0.184645	-0.980453	-0.067958	0.980826	0.188219	-0.050542
34013	9.619223	-3.090694	-3.137479	0.306934	2.656804	-0.243707	0.035807	-0.059921	0.997561	0.187769	-0.980020	-0.065607	0.981560	0.189661	-0.023841
34014	9.297576	-2.361823	-2.967578	0.521753	2.473452	-0.212232	0.011104	-0.062545	0.997980	0.192935	-0.979154	-0.063512	0.981149	0.193251	0.001195
34015	8.800687	-1.758607	-2.241536	0.573508	2.245991	-0.168306	-0.011265	-0.065253	0.997805	0.198550	-0.978145	-0.061726	0.980026	0.197419	0.023974
34016	7.978312	-1.444373	-2.483074	0.413711	1.982369	-0.114104	-0.030934	-0.068046	0.997202	0.202572	-0.977402	-0.060411	0.978779	0.200136	0.044019
34017	7.631899	-1.204311	-2.531316	0.395886	1.691382	-0.075272	-0.047645	-0.070686	0.996360	0.206404	-0.976661	-0.059418	0.977306	0.202821	0.061123
34018	7.737443	-0.851576	-2.154156	0.312629	1.386344	-0.031829	-0.061274	-0.073170	0.995435	0.209431	-0.976051	-0.058854	0.975902	0.204869	0.075131
34019	7.958002	-0.484569	-1.966424	0.060229	1.105581	0.037920	-0.071994	-0.075771	0.994523	0.210033	-0.975904	-0.059148	0.975040	0.204624	0.086173
34020	8.282522	-0.509435	-2.025380	-0.277721	0.842041	0.130150	-0.079955	-0.078720	0.993685	0.207415	-0.976371	-0.060659	0.974980	0.201255	0.094393
34021	8.476843	-0.873655	-2.353513	-0.457306	0.590302	0.225201	-0.085264	-0.082060	0.992973	0.203129	-0.977103	-0.063306	0.975433	0.196304	0.099980
34022	8.490663	-0.816994	-2.289338	-0.536197	0.356433	0.299369	-0.088163	-0.085645	0.992417	0.198147	-0.977894	-0.066789	0.976199	0.190756	0.103184
34023	8.572256	-0.720229	-2.378305	-0.727181	0.135606	0.347631	-0.088824	-0.089267	0.992039	0.191339	-0.978956	-0.070958	0.977497	0.183513	0.104035
34024	8.657015	-1.045170	-2.739854	-0.829077	-0.065590	0.362863	-0.087523	-0.092672	0.991843	0.183538	-0.980118	-0.075380	0.979109	0.175443	0.102791
34025	8.543241	-1.361563	-2.851338	-0.811618	-0.236562	0.341161	-0.084605	-0.095578	0.991820	0.175866	-0.981194	-0.079553	0.980772	0.167697	0.099823
34026	8.308132	-1.474133	-2.940519	-0.803225	-0.380507	0.290455	-0.080389	-0.097774	0.991957	0.168211	-0.982235	-0.083184	0.982468	0.160171	0.095407
34027	8.113666	-1.764893	-3.254365	-0.707723	-0.509143	0.228803	-0.075018	-0.099190	0.992237	0.161418	-0.983125	-0.086075	0.984031	0.153708	0.089763
34028	8.065271	-2.383953	-3.227309	-0.593187	-0.620596	0.144941	-0.068694	-0.099646	0.992649	0.155670	-0.983882	-0.087993	0.985418	0.148481	0.083099
34029	9.263088	-4.009775	-3.633542	-0.204414	-0.682354	0.045904	-0.061909	-0.099056	0.993154	0.153674	-0.984143	-0.088578	0.986180	0.147138	0.076149
34030	9.989569	-4.064919	-2.744369	0.699302	-0.557862	-0.046271	-0.056497	-0.097728	0.993608	0.160529	-0.983139	-0.087570	0.985413	0.154556	0.071233
34031	10.696438	-1.890020	-0.104887	1.286547	-0.373917	-0.111205	-0.053015	-0.096000	0.993969	0.173123	-0.981179	-0.085531	0.983472	0.167544	0.068637
34032	11.195856	0.507886	2.218834	0.953428	-0.172975	-0.123283	-0.051549	-0.094462	0.994193	0.182417	-0.979659	-0.083623	0.981869	0.177047	0.067732
34033	10.881409	1.274162	2.274775	0.050460	-0.081731	-0.075644	-0.050898	-0.093543	0.994313	0.182863	-0.979645	-0.082803	0.981820	0.177608	0.066968
34034	10.372829	0.113046	1.262032	-0.556061	-0.088569	-0.043301	-0.050122	-0.092933	0.994410	0.177368	-0.980663	-0.082708	0.982867	0.172231	0.065636
34035	10.283407	-0.246121	0.495502	-0.570210	-0.068718	-0.034925	-0.049521	-0.092441	0.994486	0.171732	-0.981667	-0.082698	0.983898	0.166690	0.064488
34036	10.592584	-0.190324	0.606483	-0.789419	-0.056126	-0.028559	-0.049032	-0.092037	0.994548	0.163935	-0.982983	-0.082885	0.985252	0.158978	0.063285
34037	10.357500	-1.683945	-1.306853	-0.737971	-0.090067	-0.039974	-0.048220	-0.091471	0.994640	0.156630	-0.984171	-0.082915	0.986480	0.151792	0.061784
34038	10.373154	-1.002357	-1.292029	-0.220919	-0.159117	-0.076774	-0.046785	-0.090443	0.994802	0.154403	-0.984578	-0.082252	0.986900	0.149752	0.060028
34039	10.610349	0.632979	-0.326450	-0.299569	-0.186032	-0.085785	-0.045092	-0.089289	0.994985	0.151396	-0.985104	-0.081541	0.987444	0.146959	0.057938
34040	10.535067	1.022850	-0.173323	-0.563691	-0.189593	-0.074996	-0.043344	-0.088244	0.995155	0.145783	-0.985988	-0.081082	0.988367	0.141563	0.055602
34041	10.656081	0.513823	-0.122903	-0.822253	-0.166237	-0.064850	-0.041804	-0.087342	0.995301	0.137613	-0.987181	-0.080850	0.989603	0.133586	0.053288
34042	10.306667	-0.294823	-0.272145	-0.920723	-0.141525	-0.065884	-0.040504	-0.086476	0.995430	0.128458	-0.988431	-0.080641	0.990887	0.124605	0.051144
34043	10.043355	-1.581799	-0.122693	-0.932204	-0.141554	-0.086795	-0.039219	-0.085414	0.995573	0.119170	-0.989629	-0.080209	0.992099	0.115497	0.048991
34044	9.873177	-3.131704	-0.288055	-0.824301	-0.150696	-0.129297	-0.037885	-0.083932	0.995751	0.110928	-0.990661	-0.079283	0.993106	0.107453	0.046842
34045	9.792881	-4.208438	-0.270590	-0.568393	-0.150859	-0.183190	-0.036595	-0.081925	0.995966	0.105203	-0.991412	-0.077685	0.993777	0.101935	0.044900
34046	9.562831	-4.834431	-0.551372	-0.169411	-0.136458	-0.213018	-0.035473	-0.079642	0.996192	0.103432	-0.991759	-0.075605	0.994004	0.100356	0.043418
34047	9.614703	-3.547416	0.234877	0.273922	-0.104570	-0.222695	-0.034678	-0.077294	0.996405	0.106065	-0.991659	-0.073234	0.993754	0.103145	0.042587
34048	9.727512	-1.322679	1.169932	0.270489	-0.093659	-0.189310	-0.033962	-0.075287	0.996583	0.108677	-0.991524	-0.071202	0.993497	0.105888	0.041856
34049	9.916523	-0.062528	1.068839	0.025932	-0.106570	-0.145350	-0.033072	-0.073699	0.996732	0.108876	-0.991608	-0.069708	0.993505	0.106215	0.040819
34050	9.872793	0.236552	1.049578	-0.121453	-0.130589	-0.123030	-0.031920	-0.072310	0.996871	0.107618	-0.991830	-0.068498	0.993680	0.105095	0.039441
34051	9.634636	0.436962	0.918758	-0.061891	-0.183348	-0.144670	-0.030264	-0.070649	0.997042	0.106948	-0.992002	-0.067045	0.993804	0.104603	0.037578
34052	9.824965	0.943885	0.651486	0.025785	-0.256658	-0.190529	-0.027930	-0.068458	0.997263	0.107138	-0.992110	-0.065104	0.993852	0.105027	0.035044
34053	9.705412	0.682061	0.517139	0.044476	-0.292145	-0.225704	-0.025279	-0.065877	0.997507	0.107510	-0.992218	-0.062803	0.993883	0.105655	0.032165
34054	9.396098	-0.288484	0.450940	0.176371	-0.317549	-0.251265	-0.022408	-0.063014	0.997761	0.109193	-0.992195	-0.060210	0.993768	0.107599	0.029114
34055	9.462252	-0.524664	0.574605	0.362839	-0.334178	-0.283209	-0.019413	-0.059804	0.998021	0.112729	-0.991975	-0.057249	0.993436	0.111395	0.025999
34056	9.510129	-0.344064	0.936125	0.459630	-0.347177	-0.291337	-0.016312	-0.056488	0.998270	0.117232	-0.991625	-0.054196	0.992971	0.116145	0.022798
34057	9.446755	0.045648	1.164728	0.459295	-0.397315	-0.274816	-0.012708	-0.053258	0.998500	0.121742	-0.991234	-0.051321	0.992480	0.120907	0.019080
34058	9.481469	0.092542	1.711558	0.265331	-0.467744	-0.227503	-0.008359	-0.050400	0.998694	0.124342	-0.991030	-0.048972	0.992204	0.123770	0.014551
34059	9.561473	-0.435562	1.504561	-0.054395	-0.541480	-0.178475	-0.003219	-0.047927	0.998846	0.123782	-0.991188	-0.047161	0.992304	0.123487	0.009123
34060	9.821483	-1.477055	0.536952	-0.154936	-0.604643	-0.145620	0.002588	-0.045709	0.998951	0.122235	-0.991449	-0.045683	0.992498	0.122225	0.003021
34061	9.859520	-0.980889	0.440022	0.062458	-0.642653	-0.155544	0.008764	-0.043345	0.999022	0.122855	-0.991445	-0.044094	0.992386	0.123121	-0.003364
34062	9.931133	0.223066	0.874096	-0.052326	-0.669048	-0.171081	0.015180	-0.040794	0.999052	0.122347	-0.991583	-0.042348	0.992371	0.122874	-0.010061
34063	9.996017	0.304890	0.428578	-0.227960	-0.682998	-0.158183	0.021755	-0.038359	0.999027	0.120106	-0.991926	-0.040702	0.992523	0.120874	-0.016973
34064	9.969152	0.386348	-0.071717	-0.138228	-0.707825	-0.155002	0.028581	-0.035938	0.998945	0.118765	-0.992153	-0.039091	0.992511	0.119757	-0.024089
34065	10.202048	1.098455	-0.245517	-0.133761	-0.703339	-0.138688	0.035387	-0.033689	0.998806	0.117474	-0.992363	-0.037634	0.992445	0.118665	-0.031159
34066	10.041676	1.011425	-1.268796	-0.269397	-0.675770	-0.114753	0.041946	-0.031724	0.998616	0.114837	-0.992719	-0.036361	0.992498	0.116203	-0.037998
34067	10.021543	0.361788	-2.186283	-0.273948	-0.650827	-0.096067	0.048286	-0.029989	0.998383	0.112154	-0.993065	-0.035253	0.992517	0.113674	-0.044588
34068	9.994732	-0.484961	-2.413360	-0.240210	-0.595508	-0.081480	0.054092	-0.028476	0.998130	0.109804	-0.993362	-0.034291	0.992480	0.111454	-0.050606
34069	9.991362	-1.130944	-3.018683	-0.064525	-0.540378	-0.074394	0.059362	-0.027102	0.997869	0.109199	-0.993456	-0.033478	0.992246	0.110953	-0.056014
34070	10.015745	-0.704327	-2.660701	0.144440	-0.467943	-0.076811	0.063907	-0.025784	0.997623	0.110672	-0.993317	-0.032762	0.991800	0.112503	-0.060627
34071	9.514560	-0.060934	-1.954977	0.224016	-0.417320	-0.064106	0.067963	-0.024639	0.997384	0.112929	-0.993080	-0.032227	0.991276	0.114823	-0.064710
34072	9.557926	0.440093	-1.237624	0.235518	-0.397849	-0.061456	0.071823	-0.023534	0.997140	0.115299	-0.992824	-0.031737	0.990731	0.117249	-0.068594
34073	9.960720	0.603241	-0.207085	0.112638	-0.382501	-0.046342	0.075547	-0.022589	0.996886	0.116442	-0.992704	-0.031319	0.990320	0.118446	-0.072365
34074	9.587852	-0.481918	-0.159739	-0.072558	-0.396422	-0.037250	0.079417	-0.021718	0.996605	0.115746	-0.992799	-0.030859	0.990099	0.117804	-0.076331
34075	9.616016	-1.126602	-0.031465	0.152137	-0.436326	-0.041061	0.083677	-0.020759	0.996277	0.117279	-0.992629	-0.030533	0.989567	0.119397	-0.080625
34076	9.615625	-0.191179	0.772973	0.264436	-0.477629	-0.033712	0.088349	-0.019815	0.995892	0.119918	-0.992319	-0.030382	0.988845	0.122110	-0.085294
34077	9.712004	0.663683	0.721181	0.129851	-0.515580	-0.018861	0.093412	-0.018961	0.995447	0.121213	-0.992165	-0.030273	0.988222	0.123489	-0.090381
34078	9.588430	0.714014	0.163247	-0.012883	-0.542743	0.003097	0.098764	-0.018289	0.994943	0.121077	-0.992182	-0.030257	0.987718	0.123453	-0.095778
34079	9.574802	0.428964	-0.400791	-0.080959	-0.568080	0.016507	0.104383	-0.017719	0.994379	0.120255	-0.992280	-0.030305	0.987240	0.122742	-0.101446
34080	9.813864	0.132613	-1.311867	-0.071173	-0.571412	0.030215	0.110045	-0.017286	0.993776	0.119515	-0.992364	-0.030496	0.986715	0.122127	-0.107139
34081	9.738638	0.195094	-1.848495	0.025475	-0.552287	0.044092	0.115534	-0.017015	0.993158	0.119712	-0.992327	-0.030926	0.986063	0.122465	-0.112611
34082	9.627031	0.381668	-2.242140	0.098993	-0.538913	0.057806	0.120902	-0.016892	0.992521	0.120614	-0.992197	-0.031579	0.985310	0.123530	-0.117921
34083	9.601078	0.715972	-1.946980	0.184508	-0.508603	0.079944	0.125997	-0.017018	0.991885	0.122328	-0.991956	-0.032558	0.984460	0.125438	-0.122902
34084	9.472262	0.163641	-1.432529	0.025307	-0.499058	0.088079	0.131003	-0.017231	0.991232	0.122460	-0.991910	-0.033428	0.983789	0.125765	-0.127833
34085	9.602542	-1.187884	-2.034183	0.116959	-0.503366	0.087769	0.136050	-0.017432	0.990549	0.123488	-0.991749	-0.034414	0.982976	0.127003	-0.132775
34086	9.655068	-0.807518	-1.255728	0.462168	-0.502257	0.082331	0.141074	-0.017565	0.989843	0.127910	-0.991139	-0.035818	0.981701	0.131664	-0.137577
34087	9.431442	-0.345132	-0.071777	0.378692	-0.528266	0.089341	0.146361	-0.017711	0.989073	0.131493	-0.990619	-0.037196	0.980453	0.135500	-0.142659
34088	9.467712	-0.796199	-0.201249	0.208709	-0.565209	0.090384	0.152006	-0.017801	0.988219	0.133400	-0.990320	-0.038358	0.979336	0.137659	-0.148160
