// General information: 
//  MT Manager version: 2022.2.0 
//  XDA version: 2022.2.0 build 7381 rev 124627 built on 2023-07-19
// Device information: 
//  DeviceId: 00B4CBA7
//  ProductCode: MTW2-3A7G6
//  Firmware Version: 4.6.0
//  Hardware Version: 2.0.0
// Device settings: 
//  Filter Profile: human(46.1)
//  Option Flags: Orientation Smoother Disabled, Position/Velocity Smoother Disabled, Continuous Zero Rotation Update Disabled, AHS Disabled, ICC Disabled
// Coordinate system: ENU
PacketCounter	Acc_X	Acc_Y	Acc_Z	Gyr_X	Gyr_Y	Gyr_Z	Mat[1][1]	Mat[2][1]	Mat[3][1]	Mat[1][2]	Mat[2][2]	Mat[3][2]	Mat[1][3]	Mat[2][3]	Mat[3][3]
08348	9.881426	-0.171994	-3.328232	-0.077458	-0.084258	0.121641	-0.066877	-0.117704	0.990794	-0.675082	0.736550	0.041933	-0.734706	-0.666063	-0.128718
08349	9.889788	-0.316057	-3.284392	-0.041422	-0.046524	0.103376	-0.068005	-0.117161	0.990782	-0.673392	0.738144	0.041066	-0.736151	-0.664392	-0.129092
08350	9.934786	-0.195448	-2.995562	0.055829	0.001891	0.082146	-0.068482	-0.116543	0.990822	-0.673739	0.737874	0.040224	-0.735789	-0.664801	-0.129050
08351	9.852193	-0.111293	-2.782238	0.142805	0.049393	0.066641	-0.068713	-0.115596	0.990917	-0.671633	0.739818	0.039731	-0.737690	-0.662803	-0.128473
08352	9.771134	0.083733	-2.445883	0.241688	0.070224	0.058719	-0.068527	-0.114697	0.991034	-0.673367	0.738286	0.038884	-0.736126	-0.664665	-0.127826
08353	9.768219	0.244730	-2.180730	0.262334	0.096280	0.052146	-0.068196	-0.113857	0.991154	-0.674112	0.737633	0.038352	-0.735474	-0.665533	-0.127056
08354	9.738401	0.316936	-1.949204	0.256715	0.108121	0.045904	-0.067648	-0.112800	0.991312	-0.675960	0.735978	0.037617	-0.733827	-0.667542	-0.126036
08355	9.680280	0.399212	-1.735122	0.265802	0.119370	0.047281	-0.067025	-0.111656	0.991484	-0.678435	0.733739	0.036767	-0.731596	-0.670194	-0.124930
08356	9.693179	0.481465	-1.434668	0.244635	0.123117	0.048335	-0.066390	-0.110477	0.991659	-0.680184	0.732156	0.036029	-0.730029	-0.672118	-0.123753
08357	9.631377	0.497923	-1.281186	0.220074	0.122502	0.050984	-0.065880	-0.109068	0.991849	-0.680606	0.731801	0.035265	-0.729682	-0.672735	-0.122443
08358	9.594511	0.551532	-1.052248	0.198844	0.112424	0.051082	-0.065345	-0.107938	0.992008	-0.682014	0.730522	0.034561	-0.728414	-0.674305	-0.121351
08359	9.624027	0.649925	-0.906475	0.158881	0.104692	0.047126	-0.065117	-0.106672	0.992160	-0.679504	0.732875	0.034198	-0.730777	-0.671949	-0.120207
08360	9.549814	0.748499	-0.766469	0.126105	0.092164	0.057543	-0.064772	-0.105632	0.992294	-0.680378	0.732094	0.033521	-0.729993	-0.672964	-0.119289
08361	9.483821	0.939254	-0.565665	0.070275	0.068388	0.066559	-0.064937	-0.104610	0.992391	-0.677349	0.734915	0.033147	-0.732790	-0.670043	-0.118580
08362	9.453858	0.846571	-0.391030	-0.037686	0.050564	0.073665	-0.065001	-0.103731	0.992479	-0.677016	0.735250	0.032506	-0.733092	-0.669811	-0.118020
08363	9.469983	0.516591	-0.464015	-0.143074	0.023848	0.070628	-0.065419	-0.102961	0.992532	-0.672942	0.738990	0.032305	-0.736797	-0.665803	-0.117631
08364	9.574029	0.057617	-0.702120	-0.143375	0.015119	0.062378	-0.065663	-0.102402	0.992574	-0.671834	0.740014	0.031901	-0.737785	-0.664750	-0.117389
08365	9.565559	-0.039529	-0.763891	-0.098101	0.007077	0.060224	-0.066311	-0.101938	0.992578	-0.667133	0.744257	0.031867	-0.741981	-0.660068	-0.117359
08366	9.637751	0.008707	-0.945750	-0.075437	-0.004250	0.052475	-0.066628	-0.101580	0.992594	-0.666529	0.744814	0.031482	-0.742496	-0.659495	-0.117331
08367	9.678425	0.097043	-1.191748	-0.048839	-0.014960	0.052082	-0.067448	-0.100957	0.992602	-0.661256	0.749507	0.031299	-0.747122	-0.654253	-0.117311
08368	9.668759	0.213486	-1.348510	-0.061991	-0.014503	0.044210	-0.067784	-0.100725	0.992603	-0.660753	0.749964	0.030981	-0.747537	-0.653765	-0.117389
08369	9.723764	0.192658	-1.539346	-0.086470	-0.011716	0.043871	-0.068254	-0.100204	0.992623	-0.658531	0.751930	0.030624	-0.749452	-0.651583	-0.117310
08370	9.742798	0.216425	-1.816105	-0.094972	0.002122	0.036414	-0.068414	-0.099920	0.992641	-0.657783	0.752593	0.030422	-0.750094	-0.650861	-0.117213
08371	9.752463	0.221177	-1.891410	-0.112284	0.015043	0.034470	-0.068678	-0.099444	0.992670	-0.654945	0.755068	0.030329	-0.752549	-0.648061	-0.116987
08372	9.720438	0.232983	-1.931057	-0.149610	0.027002	0.034571	-0.068636	-0.099013	0.992716	-0.653783	0.756079	0.030209	-0.753563	-0.646948	-0.116628
08373	9.700206	0.178815	-1.856567	-0.155722	0.039956	0.036120	-0.068511	-0.098596	0.992766	-0.652436	0.757242	0.030181	-0.754740	-0.645649	-0.116207
08374	9.793708	0.243891	-1.732483	-0.150468	0.065641	0.014164	-0.068043	-0.098071	0.992851	-0.651279	0.758235	0.030262	-0.755782	-0.644563	-0.115464
08375	9.745623	0.185634	-1.549084	-0.162955	0.077834	0.014800	-0.067389	-0.097725	0.992929	-0.651337	0.758179	0.030415	-0.755790	-0.644682	-0.114744
08376	9.680144	0.055868	-1.373616	-0.108153	0.084018	0.014189	-0.066781	-0.097081	0.993033	-0.650499	0.758897	0.030446	-0.756566	-0.643934	-0.113831
08377	9.651269	0.121592	-1.223019	-0.059847	0.075607	0.011670	-0.065922	-0.097129	0.993086	-0.654415	0.755522	0.030453	-0.753257	-0.647883	-0.113368
08378	9.567459	0.330917	-1.113692	-0.021655	0.071771	0.026016	-0.065487	-0.096473	0.993179	-0.654225	0.755694	0.030267	-0.753459	-0.647781	-0.112603
08379	9.588939	0.479317	-0.934723	-0.042934	0.055094	0.033195	-0.065255	-0.095956	0.993244	-0.652749	0.756970	0.030245	-0.754758	-0.646366	-0.112031
08380	9.650736	0.370233	-1.009745	-0.071802	0.044288	0.035381	-0.065087	-0.095408	0.993308	-0.652175	0.757473	0.030022	-0.755269	-0.645857	-0.111525
08381	9.564059	0.311976	-0.998726	-0.083570	0.032987	0.038862	-0.065063	-0.095010	0.993348	-0.650991	0.758496	0.029908	-0.756292	-0.644715	-0.111201
08382	9.657471	0.177544	-1.136889	-0.119145	0.020044	0.038467	-0.065097	-0.094596	0.993385	-0.650056	0.759306	0.029707	-0.757093	-0.643822	-0.110921
08383	9.686988	0.094404	-1.154314	-0.120705	0.018547	0.040073	-0.065099	-0.094422	0.993401	-0.650321	0.759086	0.029534	-0.756865	-0.644107	-0.110821
08384	9.685416	0.151457	-1.217772	-0.117416	0.009068	0.037486	-0.065210	-0.094086	0.993426	-0.649399	0.759882	0.029340	-0.757647	-0.643217	-0.110651
08385	9.689642	0.232523	-1.278515	-0.125593	0.008737	0.033664	-0.065252	-0.093881	0.993443	-0.648577	0.760586	0.029275	-0.758347	-0.642414	-0.110519
08386	9.698451	0.211229	-1.332691	-0.158169	0.014546	0.026622	-0.065249	-0.093592	0.993470	-0.647352	0.761631	0.029234	-0.759393	-0.641217	-0.110283
08387	9.809179	0.151536	-1.462425	-0.167623	0.034483	0.002823	-0.064864	-0.093599	0.993495	-0.645116	0.763503	0.029812	-0.761327	-0.638985	-0.109906
08388	9.801129	-0.034378	-1.540509	-0.162916	0.062650	-0.027961	-0.064142	-0.093421	0.993558	-0.643885	0.764521	0.030318	-0.762429	-0.637793	-0.109190
08389	9.660778	-0.148711	-1.705858	-0.113901	0.072604	-0.029078	-0.063424	-0.093155	0.993630	-0.642438	0.765719	0.030780	-0.763708	-0.636393	-0.108411
08390	9.644444	-0.006038	-1.569575	-0.039605	0.068407	-0.024593	-0.062678	-0.092916	0.993699	-0.642144	0.765953	0.031117	-0.764018	-0.636147	-0.107674
08391	9.707865	0.139300	-1.422634	-0.041064	0.060006	-0.014271	-0.062084	-0.092727	0.993754	-0.643003	0.765227	0.031232	-0.763343	-0.637048	-0.107132
08392	9.726235	0.112693	-1.425211	-0.045467	0.060343	-0.012246	-0.061479	-0.092445	0.993818	-0.642656	0.765509	0.031452	-0.763685	-0.636749	-0.106473
08393	9.684781	0.119557	-1.385414	-0.020147	0.056697	-0.002710	-0.060977	-0.092214	0.993870	-0.644047	0.764341	0.031404	-0.762552	-0.638184	-0.105998
08394	9.631325	0.189053	-1.231044	-0.006575	0.058718	-0.008559	-0.060409	-0.091914	0.993933	-0.643994	0.764379	0.031545	-0.762641	-0.638182	-0.105367
08395	9.605559	0.238118	-1.161385	-0.000613	0.054768	-0.006377	-0.059847	-0.091777	0.993980	-0.642749	0.765409	0.031973	-0.763735	-0.636966	-0.104797
08396	9.623438	0.309486	-1.146571	-0.014049	0.048854	-0.010148	-0.059343	-0.091553	0.994030	-0.642641	0.765493	0.032138	-0.763866	-0.636898	-0.104263
08397	9.645830	0.277789	-1.126732	-0.023497	0.046766	-0.009369	-0.058873	-0.091413	0.994071	-0.643221	0.765001	0.032254	-0.763414	-0.637509	-0.103837
08398	9.668155	0.246162	-1.107360	-0.056749	0.037940	-0.006759	-0.058475	-0.091232	0.994111	-0.642785	0.765360	0.032429	-0.763812	-0.637103	-0.103397
08399	9.727469	0.174691	-1.228649	-0.078582	0.037392	-0.007719	-0.058146	-0.091367	0.994118	-0.643578	0.764684	0.032637	-0.763169	-0.637895	-0.103265
08400	9.729527	0.017630	-1.179521	-0.098573	0.029209	-0.012582	-0.057777	-0.091286	0.994147	-0.642827	0.765304	0.032913	-0.763829	-0.637163	-0.102898
08401	9.792866	0.042461	-1.259184	-0.075812	0.038728	-0.027995	-0.057252	-0.091371	0.994170	-0.642740	0.765359	0.033327	-0.763942	-0.637085	-0.102546
08402	9.793493	0.046855	-1.254139	-0.051498	0.063725	-0.045380	-0.056409	-0.091322	0.994222	-0.642367	0.765648	0.033880	-0.764318	-0.636745	-0.101852
08403	9.767358	0.050857	-1.368902	-0.012550	0.074024	-0.054576	-0.055493	-0.091290	0.994277	-0.643029	0.765071	0.034356	-0.763828	-0.637443	-0.101159
08404	9.699189	0.198245	-1.348009	0.024948	0.072185	-0.064614	-0.054462	-0.091334	0.994330	-0.643250	0.764855	0.035023	-0.763717	-0.637695	-0.100406
08405	9.615855	0.341564	-1.275225	0.029662	0.068112	-0.059217	-0.053643	-0.091447	0.994364	-0.643784	0.764380	0.035566	-0.763325	-0.638248	-0.099876
08406	9.668100	0.234029	-1.274185	-0.005322	0.061325	-0.060985	-0.052719	-0.091531	0.994406	-0.643771	0.764361	0.036227	-0.763400	-0.638259	-0.099221
08407	9.806805	0.282730	-1.259320	0.083925	0.072760	-0.095066	-0.051516	-0.091767	0.994447	-0.644330	0.763847	0.037109	-0.763010	-0.638841	-0.098478
08408	9.909193	0.402375	-1.120761	0.170474	0.142985	-0.144140	-0.049432	-0.091962	0.994535	-0.645697	0.762626	0.038425	-0.761992	-0.640269	-0.097077
08409	9.554685	0.412878	-1.221061	0.237774	0.153054	-0.131212	-0.047420	-0.092215	0.994609	-0.648031	0.760583	0.039621	-0.760136	-0.642659	-0.095825
08410	9.579751	0.708653	-1.136565	0.255572	0.114082	-0.094211	-0.045879	-0.092205	0.994683	-0.650011	0.758852	0.040363	-0.758539	-0.644702	-0.094749
08411	9.490595	0.807734	-0.920219	0.145426	0.085061	-0.064345	-0.044955	-0.092203	0.994725	-0.651666	0.757410	0.040755	-0.757173	-0.646396	-0.094135
08412	9.562188	0.484260	-0.858792	0.068027	0.055009	-0.046987	-0.044169	-0.092212	0.994759	-0.652197	0.756929	0.041207	-0.756762	-0.646959	-0.093573
08413	9.690364	0.170370	-0.781238	0.080656	0.046168	-0.050402	-0.043451	-0.092625	0.994753	-0.653515	0.755757	0.041826	-0.755665	-0.648268	-0.093370
08414	9.836714	0.168871	-0.803535	0.160112	0.034156	-0.046412	-0.042826	-0.092763	0.994767	-0.654741	0.754675	0.042187	-0.754639	-0.649508	-0.093056
08415	9.738570	0.487272	-0.729550	0.192754	0.025329	-0.017663	-0.042413	-0.092750	0.994786	-0.655989	0.753584	0.042293	-0.753578	-0.650775	-0.092805
08416	9.607185	0.575561	-0.590936	0.120279	0.002933	-0.006378	-0.042285	-0.092789	0.994788	-0.656894	0.752796	0.042295	-0.752796	-0.651682	-0.092784
08417	9.602760	0.304767	-0.837378	0.068502	-0.001775	0.007383	-0.042076	-0.093009	0.994776	-0.657235	0.752483	0.042556	-0.752510	-0.652011	-0.092790
08418	9.559115	0.201390	-0.948177	0.131208	-0.005247	0.004369	-0.042080	-0.093020	0.994775	-0.658217	0.751631	0.042441	-0.751651	-0.652992	-0.092856
08419	9.582593	0.407903	-1.043891	0.191389	-0.008934	0.007771	-0.042130	-0.093115	0.994764	-0.659639	0.750391	0.042303	-0.750401	-0.654403	-0.093036
08420	9.667780	0.560437	-1.034695	0.191370	-0.014009	0.013606	-0.042260	-0.093114	0.994758	-0.661065	0.749150	0.042040	-0.749137	-0.655824	-0.093214
08421	9.665039	0.588336	-1.082046	0.154009	-0.022869	0.021104	-0.042519	-0.093396	0.994721	-0.662565	0.747832	0.041893	-0.747796	-0.657286	-0.093678
08422	9.633102	0.510654	-1.041987	0.131880	-0.035015	0.030043	-0.042916	-0.093411	0.994702	-0.663536	0.746991	0.041521	-0.746912	-0.658239	-0.094040
08423	9.696220	0.440064	-1.043052	0.136185	-0.048738	0.042595	-0.043570	-0.093708	0.994646	-0.664979	0.745729	0.041128	-0.745590	-0.659627	-0.094805
08424	9.782753	0.489963	-1.054483	0.163427	-0.049424	0.053924	-0.044232	-0.093643	0.994623	-0.666173	0.744698	0.040487	-0.744485	-0.660800	-0.095322
08425	9.672294	0.598888	-0.972874	0.173187	-0.054365	0.065052	-0.044952	-0.093400	0.994613	-0.666949	0.744044	0.039727	-0.743747	-0.661570	-0.095739
08426	9.575603	0.555555	-0.918134	0.159408	-0.062922	0.076598	-0.045866	-0.093257	0.994585	-0.668097	0.743058	0.038863	-0.742659	-0.662697	-0.096385
08427	9.634623	0.525514	-0.863711	0.174524	-0.069537	0.080937	-0.046914	-0.093235	0.994538	-0.669546	0.741800	0.037958	-0.741288	-0.664108	-0.097226
08428	9.673022	0.513416	-0.927991	0.206719	-0.055995	0.078828	-0.047793	-0.093033	0.994515	-0.671039	0.740497	0.037023	-0.739880	-0.665589	-0.097819
08429	9.550591	0.589901	-1.000335	0.244904	-0.054781	0.089248	-0.048768	-0.092587	0.994510	-0.672353	0.739362	0.035863	-0.738623	-0.666912	-0.098308
08430	9.553013	0.774165	-0.953883	0.227473	-0.065778	0.097955	-0.049848	-0.092312	0.994482	-0.673982	0.737932	0.034715	-0.737064	-0.668532	-0.099001
08431	9.654971	0.734811	-0.934304	0.168215	-0.083271	0.113309	-0.051036	-0.092078	0.994443	-0.674801	0.737233	0.033630	-0.736233	-0.669335	-0.099760
08432	9.628012	0.631318	-0.977445	0.117827	-0.094830	0.117396	-0.052462	-0.091857	0.994389	-0.675606	0.736551	0.032396	-0.735394	-0.670116	-0.100700
08433	9.592666	0.491887	-0.899499	0.088484	-0.102935	0.127440	-0.053925	-0.091887	0.994308	-0.676189	0.736061	0.031349	-0.734752	-0.670650	-0.101825
08434	9.642723	0.322959	-0.991396	0.093179	-0.106919	0.132951	-0.055544	-0.091636	0.994242	-0.676800	0.735556	0.029983	-0.734069	-0.671238	-0.102875
08435	9.708645	0.438347	-0.945664	0.110053	-0.113965	0.140201	-0.057054	-0.091397	0.994179	-0.677041	0.735383	0.028751	-0.733730	-0.671460	-0.103836
08436	9.669294	0.468822	-1.069301	0.092013	-0.122076	0.155397	-0.058936	-0.091084	0.994098	-0.677625	0.734905	0.027162	-0.733042	-0.672025	-0.105033
08437	9.567118	0.464898	-1.211890	0.075584	-0.127083	0.167546	-0.060912	-0.090862	0.993999	-0.677934	0.734676	0.025614	-0.732595	-0.672306	-0.106349
08438	9.545808	0.406944	-1.277048	0.036970	-0.140558	0.184469	-0.063126	-0.090462	0.993897	-0.678091	0.734593	0.023793	-0.732262	-0.672450	-0.107714
08439	9.613912	0.256879	-1.421917	0.041501	-0.137113	0.195087	-0.065334	-0.090057	0.993791	-0.677995	0.734737	0.022008	-0.732157	-0.672347	-0.109062
08440	9.676491	0.212813	-1.349972	0.064131	-0.132379	0.199350	-0.067589	-0.089493	0.993691	-0.678332	0.734483	0.020009	-0.731640	-0.672701	-0.110349
08441	9.591025	0.207776	-1.294591	0.084042	-0.122549	0.201075	-0.069791	-0.088737	0.993607	-0.678444	0.734434	0.017937	-0.731330	-0.672854	-0.111460
08442	9.522956	0.262265	-1.108807	0.082514	-0.138097	0.205006	-0.072126	-0.088171	0.993491	-0.678901	0.734058	0.015860	-0.730678	-0.673338	-0.112804
08443	9.555011	0.172324	-1.013183	0.074006	-0.148201	0.209964	-0.074553	-0.087808	0.993344	-0.679224	0.733799	0.013888	-0.730134	-0.673668	-0.114349
08444	9.620864	0.023877	-0.933021	0.089604	-0.157803	0.207878	-0.077051	-0.087357	0.993193	-0.679722	0.733376	0.011772	-0.729412	-0.674188	-0.115886
08445	9.674540	-0.088132	-0.946761	0.108632	-0.168103	0.210046	-0.079474	-0.087175	0.993018	-0.679874	0.733261	0.009959	-0.729010	-0.674335	-0.117544
08446	9.581513	-0.132845	-0.999366	0.135334	-0.179445	0.212913	-0.082164	-0.086836	0.992829	-0.680690	0.732531	0.007738	-0.727950	-0.675172	-0.119296
08447	9.526315	-0.037070	-1.040812	0.149643	-0.194117	0.219972	-0.084621	-0.086857	0.992620	-0.680804	0.732440	0.006052	-0.727561	-0.675268	-0.121112
08448	9.546161	-0.008713	-1.132719	0.139490	-0.211374	0.218603	-0.087579	-0.086696	0.992378	-0.681633	0.731684	0.003766	-0.726434	-0.676108	-0.123175
08449	9.586634	-0.132586	-1.300854	0.097186	-0.216892	0.221277	-0.090095	-0.086730	0.992150	-0.680953	0.732324	0.002182	-0.726764	-0.675411	-0.125038
08450	9.649029	-0.298676	-1.654813	0.081935	-0.206636	0.211117	-0.092965	-0.086593	0.991897	-0.681359	0.731950	0.000039	-0.726022	-0.675834	-0.127047
08451	9.634179	-0.118483	-1.945759	0.134779	-0.193560	0.210867	-0.095261	-0.086779	0.991663	-0.680284	0.732948	-0.001210	-0.726732	-0.674727	-0.128856
08452	9.631257	0.303091	-2.130143	0.142913	-0.175050	0.220335	-0.097963	-0.086360	0.991436	-0.681114	0.732169	-0.003524	-0.725594	-0.675626	-0.130547
08453	9.571751	0.447459	-2.138286	0.036695	-0.170859	0.236822	-0.100679	-0.085684	0.991223	-0.680180	0.733023	-0.005722	-0.726098	-0.674786	-0.132080
08454	9.584219	0.264712	-2.128460	-0.034922	-0.165195	0.255883	-0.103548	-0.084935	0.990991	-0.679670	0.733472	-0.008155	-0.726172	-0.674392	-0.133678
08455	9.546354	0.040982	-2.062764	-0.061835	-0.154281	0.265696	-0.106313	-0.083978	0.990780	-0.678233	0.734772	-0.010497	-0.727116	-0.673096	-0.135072
08456	9.725718	-0.219437	-2.021262	-0.059826	-0.144912	0.258270	-0.109047	-0.083068	0.990560	-0.677525	0.735386	-0.012917	-0.727371	-0.672537	-0.136473
08457	9.913604	-0.496951	-2.133410	-0.011383	-0.109111	0.243931	-0.111324	-0.082000	0.990395	-0.675402	0.737300	-0.014872	-0.728999	-0.670570	-0.137462
08458	9.932194	-0.507622	-2.070034	0.082170	-0.084455	0.230112	-0.113423	-0.080885	0.990249	-0.675748	0.736932	-0.017207	-0.728355	-0.671110	-0.138243
08459	9.801738	-0.252583	-1.860201	0.109822	-0.046874	0.207274	-0.114939	-0.079805	0.990162	-0.674694	0.737857	-0.018849	-0.729094	-0.670222	-0.138652
08460	9.730185	-0.056147	-1.769971	0.102494	-0.052658	0.218715	-0.116727	-0.078560	0.990052	-0.675194	0.737339	-0.021098	-0.728346	-0.670940	-0.139111
08461	9.956348	0.266629	-1.472784	0.073092	-0.026517	0.186140	-0.118108	-0.077459	0.989975	-0.675346	0.737145	-0.022894	-0.727982	-0.671280	-0.139374
08462	9.698496	0.082551	-1.267115	-0.044940	-0.015426	0.186098	-0.119405	-0.076206	0.989917	-0.674805	0.737585	-0.024615	-0.728272	-0.670940	-0.139496
08463	9.506665	-0.309918	-1.280981	-0.134756	-0.039865	0.193473	-0.120954	-0.075127	0.989811	-0.673037	0.739147	-0.026143	-0.729652	-0.669341	-0.139966
08464	9.528113	-0.533060	-1.369902	-0.143158	-0.059183	0.199672	-0.122658	-0.074062	0.989682	-0.671756	0.740249	-0.027859	-0.730547	-0.668241	-0.140549
08465	9.516146	-0.543110	-1.424552	-0.190703	-0.075428	0.199604	-0.124481	-0.072896	0.989541	-0.669142	0.742549	-0.029475	-0.732634	-0.665813	-0.141211
08466	9.563314	-0.775003	-1.500626	-0.281813	-0.092968	0.201364	-0.126437	-0.072033	0.989356	-0.666830	0.744565	-0.031009	-0.734406	-0.663652	-0.142174
08467	9.566922	-1.061141	-1.679743	-0.298369	-0.102455	0.191949	-0.128487	-0.071294	0.989145	-0.663798	0.747211	-0.032369	-0.736792	-0.660752	-0.143332
08468	9.669534	-1.189777	-1.959421	-0.254080	-0.099301	0.180877	-0.130347	-0.070613	0.988951	-0.661698	0.749011	-0.033734	-0.738353	-0.658784	-0.144356
08469	9.640229	-1.050808	-2.144424	-0.204783	-0.086202	0.172871	-0.132119	-0.069783	0.988774	-0.659035	0.751296	-0.035036	-0.740417	-0.656266	-0.145250
08470	9.493163	-0.987557	-2.187518	-0.178784	-0.076001	0.168942	-0.133724	-0.069029	0.988612	-0.657493	0.752581	-0.036387	-0.741499	-0.654871	-0.146024
08471	9.510457	-0.766695	-2.289714	-0.111041	-0.067573	0.164660	-0.135220	-0.068041	0.988477	-0.654625	0.755020	-0.037579	-0.743762	-0.652162	-0.146635
08472	9.492530	-0.301396	-2.115208	-0.041301	-0.046273	0.173360	-0.136627	-0.067051	0.988351	-0.654089	0.755402	-0.039172	-0.743976	-0.651821	-0.147066
08473	9.439932	-0.117717	-1.849700	-0.054582	-0.052943	0.188565	-0.138230	-0.065777	0.988213	-0.651690	0.757390	-0.040744	-0.745783	-0.649641	-0.147560
08474	9.483569	-0.302541	-1.588307	-0.114261	-0.056949	0.203203	-0.139907	-0.064625	0.988053	-0.650563	0.758261	-0.042523	-0.746454	-0.648740	-0.148129
08475	9.657951	-0.670001	-1.511054	-0.103316	-0.036794	0.176715	-0.141291	-0.063384	0.987937	-0.648705	0.759765	-0.044030	-0.747809	-0.647100	-0.148466
08476	9.574825	-0.895304	-1.176259	0.015554	-0.012672	0.161025	-0.142359	-0.062261	0.987855	-0.648600	0.759763	-0.045584	-0.747698	-0.647212	-0.148542
08477	9.445511	-0.596021	-0.745172	0.141786	-0.042280	0.161327	-0.143740	-0.061309	0.987715	-0.649129	0.759204	-0.047341	-0.746974	-0.647959	-0.148925
08478	9.444974	-0.073983	-0.107693	0.146816	-0.100258	0.177410	-0.145570	-0.060632	0.987488	-0.649976	0.758357	-0.049252	-0.745883	-0.649013	-0.149803
08479	9.443779	0.315246	0.274921	0.084182	-0.153649	0.195660	-0.147953	-0.060229	0.987159	-0.649840	0.758349	-0.051127	-0.745532	-0.649060	-0.151339
08480	9.579558	0.478168	0.637789	-0.004932	-0.186115	0.173211	-0.150395	-0.060142	0.986795	-0.649553	0.758483	-0.052769	-0.745293	-0.648912	-0.153137
08481	9.544149	-0.122046	0.304107	-0.175269	-0.228656	0.177209	-0.153163	-0.060308	0.986359	-0.646978	0.760597	-0.053959	-0.746968	-0.646417	-0.155514
08482	9.516705	-0.646613	-0.658879	-0.236822	-0.272629	0.193025	-0.156377	-0.060617	0.985836	-0.644917	0.762239	-0.055431	-0.748083	-0.644451	-0.158290
08483	9.507803	-0.798264	-1.495823	-0.320173	-0.303368	0.204673	-0.159991	-0.060913	0.985237	-0.641935	0.764640	-0.056968	-0.749881	-0.641573	-0.161437
08484	9.595920	-0.954723	-2.336943	-0.429268	-0.324782	0.210957	-0.163710	-0.061395	0.984596	-0.638379	0.767512	-0.058286	-0.752111	-0.638087	-0.164842
08485	9.698785	-1.244014	-2.856294	-0.569482	-0.324364	0.202621	-0.167385	-0.061951	0.983943	-0.633395	0.771563	-0.059172	-0.755508	-0.633130	-0.168388
08486	9.691442	-1.609408	-3.192292	-0.600974	-0.315389	0.190534	-0.170905	-0.062487	0.983304	-0.628532	0.775468	-0.059963	-0.758774	-0.628287	-0.171807
08487	9.689909	-1.665796	-3.219250	-0.549103	-0.294604	0.166828	-0.174131	-0.063269	0.982688	-0.624112	0.778994	-0.060437	-0.761684	-0.623832	-0.175134
08488	9.703183	-1.810780	-3.188502	-0.510255	-0.274412	0.140007	-0.177025	-0.063904	0.982129	-0.619984	0.782251	-0.060851	-0.764383	-0.619677	-0.178098
08489	9.717031	-1.945088	-3.255329	-0.401813	-0.240175	0.123540	-0.179684	-0.064523	0.981606	-0.616834	0.784700	-0.061332	-0.766309	-0.616508	-0.180798
08490	9.602615	-1.805467	-3.253682	-0.217040	-0.204368	0.101232	-0.181804	-0.065009	0.981183	-0.614998	0.786098	-0.061870	-0.767284	-0.614674	-0.182896
08491	9.535270	-1.651512	-2.868037	-0.076010	-0.187083	0.091043	-0.183827	-0.065444	0.980778	-0.614160	0.786693	-0.062619	-0.767473	-0.613866	-0.184808
08492	9.705429	-1.497725	-2.588243	0.040070	-0.181534	0.084786	-0.185671	-0.065914	0.980399	-0.614323	0.786499	-0.063464	-0.766899	-0.614065	-0.186522
08493	9.656809	-1.223539	-2.199872	0.148373	-0.170371	0.083111	-0.187513	-0.066404	0.980015	-0.615258	0.785684	-0.064485	-0.765700	-0.615054	-0.188182
08494	9.548811	-0.980211	-1.801644	0.188221	-0.175788	0.083401	-0.189302	-0.066855	0.979640	-0.616553	0.784576	-0.065598	-0.764217	-0.616418	-0.189742
08495	9.511639	-0.907383	-1.509355	0.183582	-0.196425	0.076222	-0.191272	-0.067678	0.979201	-0.617815	0.783504	-0.066529	-0.762705	-0.617690	-0.191675
08496	9.562947	-0.989242	-1.530060	0.175961	-0.204461	0.054787	-0.193099	-0.068536	0.978783	-0.619064	0.782448	-0.067344	-0.761231	-0.618933	-0.193518
08497	9.477303	-0.794067	-1.434300	0.179557	-0.206308	0.049491	-0.195088	-0.069608	0.978313	-0.620997	0.780833	-0.068278	-0.759146	-0.620850	-0.195557
08498	9.306288	-0.578116	-1.211119	0.122827	-0.230561	0.044903	-0.197046	-0.070712	0.977841	-0.621855	0.780096	-0.068899	-0.757938	-0.621651	-0.197688
08499	9.260617	-0.488251	-0.972090	0.036456	-0.265534	0.043884	-0.199380	-0.071941	0.977278	-0.621957	0.779963	-0.069473	-0.757243	-0.621677	-0.200253
08500	9.325577	-0.543101	-0.743671	-0.044637	-0.302704	0.038925	-0.201844	-0.073541	0.976653	-0.621555	0.780264	-0.069704	-0.756921	-0.621112	-0.203201
08501	9.338416	-0.656822	-0.774332	-0.095810	-0.331122	0.035048	-0.204584	-0.075251	0.975952	-0.621088	0.780608	-0.070006	-0.756568	-0.620474	-0.206437
08502	9.316919	-0.773455	-0.902625	-0.151174	-0.352159	0.026174	-0.207342	-0.077252	0.975214	-0.619903	0.781560	-0.069887	-0.756789	-0.619028	-0.209939
08503	9.267793	-1.088640	-1.299927	-0.197727	-0.381517	0.023312	-0.210476	-0.079500	0.974361	-0.618572	0.782625	-0.069765	-0.757013	-0.617397	-0.213900
08504	9.260839	-1.434956	-1.539632	-0.202398	-0.408444	0.014299	-0.213588	-0.081928	0.973482	-0.617023	0.783878	-0.069408	-0.757405	-0.615486	-0.217979
08505	9.452487	-1.664569	-1.867644	-0.161881	-0.425878	0.002107	-0.216865	-0.084420	0.972545	-0.615456	0.785137	-0.069087	-0.757749	-0.613541	-0.222225
08506	9.364380	-1.487024	-1.772385	-0.085737	-0.437024	-0.010631	-0.220042	-0.087205	0.971585	-0.614844	0.785648	-0.068732	-0.757330	-0.612497	-0.226493
08507	9.346166	-1.277550	-1.742941	-0.075570	-0.467278	-0.011267	-0.223614	-0.090090	0.970505	-0.614428	0.785984	-0.068609	-0.756621	-0.611648	-0.231111
08508	9.443589	-1.123936	-1.866590	-0.087733	-0.491362	-0.020377	-0.227137	-0.093275	0.969386	-0.613825	0.786496	-0.068148	-0.756061	-0.610512	-0.235897
08509	9.188283	-1.039062	-1.769655	-0.087210	-0.510224	-0.024840	-0.230999	-0.096346	0.968172	-0.613011	0.787149	-0.067929	-0.755550	-0.609192	-0.240892
08510	9.452306	-1.019882	-1.980169	-0.071054	-0.554703	-0.040191	-0.234875	-0.100061	0.966862	-0.612582	0.787536	-0.067309	-0.754703	-0.608092	-0.246268
08511	9.418310	-0.591479	-1.699530	0.000121	-0.581152	-0.028920	-0.239226	-0.103670	0.965414	-0.612834	0.787340	-0.067310	-0.753131	-0.607741	-0.251885
08512	9.391497	-0.318854	-1.482948	-0.020405	-0.632756	-0.011616	-0.243849	-0.107626	0.963823	-0.612722	0.787446	-0.067089	-0.751737	-0.606915	-0.257963
08513	9.466002	-0.309620	-1.413739	-0.072982	-0.686557	0.005066	-0.249140	-0.111403	0.962039	-0.611741	0.788203	-0.067150	-0.750801	-0.605249	-0.264523
08514	9.375472	-0.440409	-1.429931	-0.100396	-0.736761	0.017736	-0.254709	-0.115739	0.960067	-0.610957	0.788824	-0.066994	-0.749570	-0.603624	-0.271632
08515	9.443086	-0.675142	-1.580989	-0.092299	-0.785069	0.024159	-0.260903	-0.119991	0.957879	-0.610067	0.789489	-0.067271	-0.748163	-0.601922	-0.279182
08516	9.289632	-0.719581	-1.431585	-0.055189	-0.835969	0.036013	-0.267303	-0.124754	0.955503	-0.609573	0.789859	-0.067403	-0.746304	-0.600466	-0.287178
08517	9.085452	-0.702818	-0.826479	-0.032846	-0.914979	0.054916	-0.274636	-0.129640	0.952769	-0.609204	0.790084	-0.068099	-0.743939	-0.599133	-0.295963
08518	9.080903	-0.461084	0.313521	0.027019	-1.029428	0.071771	-0.282651	-0.135256	0.949639	-0.609218	0.790012	-0.068808	-0.740919	-0.597986	-0.305698
08519	9.383448	0.211359	1.589706	0.084341	-1.156926	0.072384	-0.291856	-0.140946	0.946020	-0.608631	0.790359	-0.070014	-0.737827	-0.596211	-0.316455
08520	9.539572	0.691439	2.444792	-0.000842	-1.290709	0.096220	-0.301875	-0.147890	0.941807	-0.608353	0.790497	-0.070864	-0.734015	-0.594343	-0.328600
08521	10.087250	0.057595	0.089878	-0.250184	-1.366658	0.106678	-0.312807	-0.154426	0.937179	-0.605265	0.792817	-0.071385	-0.731987	-0.589572	-0.341467
08522	9.681076	-0.413092	-2.047842	-0.311648	-1.350337	0.163239	-0.323597	-0.161080	0.932383	-0.602482	0.794899	-0.071772	-0.729589	-0.584969	-0.354275
08523	9.117109	-0.469575	-3.132214	-0.589750	-1.409575	0.254024	-0.335806	-0.166161	0.927160	-0.595897	0.799782	-0.072494	-0.729480	-0.576836	-0.367586
08524	9.245638	-0.966034	-4.139327	-0.884808	-1.471899	0.290562	-0.348203	-0.172269	0.921454	-0.588461	0.805330	-0.071810	-0.729704	-0.567245	-0.381792
08525	10.083119	-1.097739	-4.934241	-1.051822	-1.480333	0.281460	-0.360914	-0.177583	0.915535	-0.579050	0.812218	-0.070725	-0.731055	-0.555667	-0.395971
08526	10.431711	-1.051435	-6.369783	-1.048963	-1.331381	0.193162	-0.371704	-0.183355	0.910064	-0.570681	0.818333	-0.068214	-0.732229	-0.544712	-0.408815
08527	9.392423	-0.466672	-6.565310	-1.026111	-1.229220	0.185736	-0.381819	-0.188212	0.904870	-0.562185	0.824394	-0.065746	-0.733595	-0.533808	-0.420580
08528	9.368551	-0.088045	-6.359436	-1.181352	-1.247200	0.154842	-0.391783	-0.193535	0.899472	-0.552923	0.830919	-0.062051	-0.735379	-0.521649	-0.432550
08529	9.792110	-0.155219	-6.480644	-1.268207	-1.214849	0.099482	-0.401248	-0.198903	0.894113	-0.543140	0.837678	-0.057395	-0.737563	-0.508658	-0.444149
08530	9.850628	-0.194096	-6.301882	-1.209600	-1.138101	0.054268	-0.409886	-0.204190	0.888988	-0.534002	0.843859	-0.052388	-0.739483	-0.496194	-0.454923
08531	9.681246	-0.040691	-6.027108	-1.099599	-1.091131	0.021070	-0.418038	-0.209370	0.883973	-0.525802	0.849280	-0.047502	-0.740795	-0.484652	-0.465118
08532	9.937081	0.204957	-5.360063	-0.980198	-1.062943	-0.071784	-0.425482	-0.215103	0.879031	-0.518856	0.853819	-0.042211	-0.741454	-0.474050	-0.474892
08533	10.354847	-0.138999	-4.614389	-1.017442	-1.061728	-0.120125	-0.432706	-0.221112	0.874000	-0.511834	0.858319	-0.036257	-0.742153	-0.463032	-0.484572
08534	10.685927	-0.577804	-3.942020	-0.842160	-1.059047	-0.158783	-0.439697	-0.227358	0.868893	-0.506295	0.861814	-0.030701	-0.741844	-0.453415	-0.494047
08535	11.052282	-0.733786	-3.143107	-0.639113	-1.043253	-0.206295	-0.446347	-0.233834	0.863769	-0.502488	0.864202	-0.025706	-0.740459	-0.445507	-0.503233
08536	11.183556	-1.267919	-2.830277	-0.480366	-1.023185	-0.241787	-0.452642	-0.240478	0.858653	-0.500040	0.865744	-0.021134	-0.738292	-0.438927	-0.512121
08537	10.997365	-1.929669	-2.790181	-0.276926	-1.102162	-0.246679	-0.459470	-0.247433	0.853033	-0.499161	0.866331	-0.017574	-0.734660	-0.433876	-0.521562
08538	11.238548	-2.121454	-2.442916	0.002786	-1.179157	-0.262193	-0.466733	-0.254830	0.846890	-0.500414	0.865651	-0.015310	-0.729209	-0.430941	-0.531548
08539	11.191209	-1.937432	-2.202254	0.188158	-1.199958	-0.285381	-0.473937	-0.262468	0.840532	-0.503181	0.864069	-0.013903	-0.722629	-0.429529	-0.541583
08540	10.858032	-1.722778	-2.372426	0.310251	-1.222068	-0.272258	-0.481291	-0.270092	0.833912	-0.506731	0.862002	-0.013269	-0.715250	-0.428955	-0.551738
08541	10.258562	-1.330536	-2.778709	0.367073	-1.280739	-0.215451	-0.489209	-0.277446	0.826860	-0.510471	0.859789	-0.013524	-0.707173	-0.428704	-0.562245
08542	9.814359	-0.714251	-3.050083	0.374291	-1.366896	-0.131731	-0.498085	-0.284461	0.819142	-0.513772	0.857804	-0.014516	-0.698534	-0.428082	-0.573408
08543	9.592945	-0.159307	-3.568527	0.271141	-1.427068	-0.067713	-0.507533	-0.291149	0.810952	-0.516098	0.856389	-0.015538	-0.689966	-0.426417	-0.584907
08544	9.165728	0.106841	-4.214484	0.163121	-1.446757	0.015482	-0.517479	-0.297193	0.802429	-0.517159	0.855729	-0.016578	-0.681735	-0.423562	-0.596518
08545	8.848096	0.456550	-4.583574	0.088051	-1.470657	0.111429	-0.527898	-0.302460	0.793626	-0.517290	0.855621	-0.018000	-0.673599	-0.420037	-0.608140
08546	8.521539	0.755138	-5.032891	-0.031999	-1.447283	0.192866	-0.538533	-0.306882	0.784733	-0.516069	0.856330	-0.019278	-0.666074	-0.415358	-0.619535
08547	8.202567	0.783798	-5.498601	-0.149561	-1.397034	0.258700	-0.548991	-0.310455	0.776032	-0.513796	0.857671	-0.020361	-0.659259	-0.409900	-0.630365
08548	7.970407	0.641305	-5.942009	-0.246212	-1.333374	0.323248	-0.559342	-0.313132	0.767519	-0.510413	0.859667	-0.021244	-0.653159	-0.403634	-0.640674
08549	7.702488	0.509798	-6.269407	-0.256102	-1.237256	0.356734	-0.569068	-0.315053	0.759542	-0.506862	0.861738	-0.022311	-0.647497	-0.397679	-0.650076
08550	7.699493	0.384074	-6.227458	-0.308582	-1.105552	0.368460	-0.578006	-0.316265	0.752254	-0.502783	0.864106	-0.023031	-0.642743	-0.391532	-0.658471
08551	8.169610	-0.496028	-6.390104	-0.456924	-0.902852	0.341977	-0.585372	-0.316850	0.746288	-0.497993	0.866888	-0.022562	-0.639799	-0.384853	-0.665241
08552	8.142830	-1.881682	-6.954023	-0.371781	-0.625488	0.317635	-0.590890	-0.316514	0.742070	-0.493775	0.869301	-0.022398	-0.637993	-0.379650	-0.669948
08553	8.325619	-2.536809	-6.964808	0.161270	-0.468006	0.212095	-0.594781	-0.316487	0.738967	-0.493676	0.869285	-0.025051	-0.634444	-0.379710	-0.673276
08554	9.184667	-2.047719	-6.066542	0.757326	-0.236239	0.069736	-0.596566	-0.316816	0.737385	-0.498072	0.866594	-0.030625	-0.629311	-0.385541	-0.674778
08555	9.482403	-1.042094	-5.692488	1.079963	0.081204	-0.054291	-0.595648	-0.317005	0.738045	-0.505306	0.862124	-0.037513	-0.624395	-0.395284	-0.673707
08556	9.077982	-0.155641	-5.810569	1.197012	0.355470	-0.109264	-0.592825	-0.316548	0.740510	-0.513433	0.856965	-0.044706	-0.620440	-0.406705	-0.670556
08557	8.438937	0.626079	-5.800234	1.118870	0.548722	-0.111293	-0.588705	-0.315274	0.744331	-0.521168	0.851907	-0.051362	-0.617908	-0.418159	-0.665832
08558	8.471718	1.009015	-5.556096	0.881895	0.723131	-0.109162	-0.583611	-0.313170	0.749215	-0.527282	0.847820	-0.056347	-0.617553	-0.427932	-0.659926
08559	8.571019	0.874200	-5.339076	0.590332	0.959206	-0.108346	-0.576946	-0.309982	0.755675	-0.531718	0.844836	-0.059401	-0.620008	-0.436077	-0.652248
08560	8.563268	0.431354	-5.404741	0.394084	1.209630	-0.147688	-0.568574	-0.305937	0.763627	-0.535042	0.842636	-0.060785	-0.624863	-0.443133	-0.642790
08561	8.369661	0.303783	-5.375010	0.340173	1.454117	-0.201403	-0.558195	-0.301174	0.773119	-0.538472	0.840404	-0.061393	-0.631242	-0.450572	-0.631283
08562	8.109036	0.513756	-5.195190	0.271176	1.675350	-0.267413	-0.546053	-0.295834	0.783778	-0.541695	0.838362	-0.060958	-0.639056	-0.457855	-0.618042
08563	7.836634	0.501646	-5.352232	0.157420	1.897293	-0.336689	-0.531837	-0.289938	0.795667	-0.544684	0.836546	-0.059242	-0.648435	-0.464894	-0.602831
08564	7.674315	0.247320	-5.739516	0.075405	2.111742	-0.407227	-0.515750	-0.283478	0.808482	-0.547332	0.835014	-0.056376	-0.659113	-0.471584	-0.585815
08565	7.660234	0.026279	-5.973502	0.061302	2.307005	-0.486479	-0.497566	-0.276606	0.822142	-0.550362	0.833259	-0.052737	-0.670469	-0.478716	-0.566835
08566	7.720316	-0.134696	-6.017641	0.101457	2.524858	-0.579058	-0.477232	-0.269263	0.836509	-0.553891	0.831178	-0.048450	-0.682242	-0.486457	-0.545808
08567	7.487577	-0.342396	-6.115712	0.145291	2.738508	-0.680969	-0.454423	-0.261498	0.851539	-0.558212	0.828560	-0.043448	-0.694189	-0.495083	-0.522488
08568	7.411116	-0.528968	-6.144815	0.243052	2.887126	-0.784956	-0.429752	-0.253581	0.866608	-0.563401	0.825314	-0.037894	-0.705615	-0.504533	-0.497548
08569	7.258721	-0.572185	-6.154642	0.290681	3.021282	-0.913732	-0.402923	-0.245720	0.881632	-0.569408	0.821460	-0.031281	-0.716539	-0.514612	-0.470900
08570	7.154841	-1.101286	-5.716295	0.327044	3.108712	-1.037892	-0.374481	-0.238088	0.896146	-0.575817	0.817241	-0.023498	-0.726772	-0.524816	-0.443137
08571	7.914418	-1.115845	-5.269505	0.630849	3.313245	-1.157837	-0.343387	-0.229909	0.910619	-0.584703	0.811095	-0.015705	-0.734988	-0.537835	-0.412948
08572	7.299395	-0.691955	-5.381222	0.753089	3.467320	-1.229706	-0.310466	-0.220970	0.924545	-0.594297	0.804212	-0.007358	-0.741904	-0.551739	-0.381002
08573	7.380192	0.149379	-4.846014	0.880676	3.507713	-1.333494	-0.276208	-0.212014	0.937422	-0.604868	0.796323	0.001880	-0.746889	-0.566497	-0.348191
08574	7.486862	0.757458	-4.435462	0.690149	3.581184	-1.342152	-0.241124	-0.202154	0.949206	-0.613521	0.789583	0.012308	-0.751965	-0.579390	-0.314413
08575	7.396837	1.037105	-3.950623	0.463005	3.629871	-1.317203	-0.205467	-0.191269	0.959791	-0.620042	0.784215	0.023544	-0.757186	-0.590274	-0.279725
08576	7.621122	1.022400	-3.710056	0.149437	3.691255	-1.318490	-0.169136	-0.179664	0.969079	-0.623652	0.780876	0.035924	-0.763185	-0.598292	-0.244122
08577	7.752305	0.646726	-3.753662	-0.120601	3.749279	-1.305537	-0.132118	-0.167286	0.977016	-0.624765	0.779277	0.048944	-0.769554	-0.603939	-0.207471
08578	8.002340	0.225211	-3.953071	-0.224013	3.767541	-1.284981	-0.094919	-0.154473	0.983427	-0.624493	0.778564	0.062019	-0.775241	-0.608257	-0.170368
08579	8.091446	0.371163	-4.037320	-0.197889	3.779961	-1.241838	-0.057663	-0.141041	0.988323	-0.623957	0.777889	0.074606	-0.779329	-0.612369	-0.132859
08580	8.112619	0.802270	-4.253474	-0.219907	3.748828	-1.193559	-0.020881	-0.127318	0.991642	-0.622704	0.777636	0.086729	-0.782179	-0.615688	-0.095519
08581	8.406256	1.364914	-4.193025	-0.225969	3.676518	-1.112998	0.014930	-0.113264	0.993453	-0.621002	0.777659	0.097994	-0.783667	-0.618399	-0.058727
08582	8.609384	1.870790	-3.816457	-0.368167	3.621417	-1.008581	0.049649	-0.098714	0.993877	-0.617781	0.778868	0.108220	-0.784782	-0.619371	-0.022313
08583	8.894833	2.064465	-3.023194	-0.609506	3.538914	-0.886566	0.082988	-0.083729	0.993027	-0.612418	0.781813	0.117100	-0.786166	-0.617865	0.013604
08584	9.179483	1.909544	-2.036241	-0.825495	3.409644	-0.749072	0.114453	-0.068614	0.991056	-0.605169	0.786329	0.124329	-0.787827	-0.613986	0.048475
08585	9.852486	1.740643	1.744947	-0.763048	3.144636	-0.626112	0.143080	-0.054310	0.988220	-0.598345	0.790608	0.130082	-0.788360	-0.609909	0.080624
08586	8.831803	0.497806	2.837011	-1.042842	2.623001	-0.391896	0.166182	-0.041530	0.985220	-0.589491	0.796747	0.133018	-0.790496	-0.602884	0.107924
08587	8.009310	-0.224464	2.254034	-0.724067	1.983134	-0.211068	0.183184	-0.031308	0.982580	-0.583397	0.801009	0.134286	-0.791259	-0.597834	0.128467
08588	8.199706	0.507868	2.356985	-0.630035	1.368105	-0.073732	0.194511	-0.023769	0.980612	-0.578253	0.804744	0.134207	-0.792331	-0.593147	0.142787
08589	6.892356	-0.514088	1.839756	-0.739516	0.788024	0.064691	0.200474	-0.018585	0.979523	-0.572518	0.809110	0.132526	-0.795005	-0.587363	0.151565
08590	5.676000	-1.434191	0.598013	-0.234838	0.141930	0.159043	0.200759	-0.016482	0.979502	-0.570952	0.810519	0.130661	-0.796059	-0.585480	0.153309
08591	5.459082	-0.259071	-0.472630	0.393659	-0.489186	0.245935	0.195537	-0.017344	0.980543	-0.574581	0.808237	0.128878	-0.794747	-0.588601	0.148075
08592	5.299543	0.570132	-2.130231	0.574705	-1.082904	0.369430	0.184871	-0.020779	0.982543	-0.579831	0.804916	0.126121	-0.793485	-0.593025	0.136757
08593	5.779271	0.077890	-3.918898	0.673118	-1.569226	0.457915	0.169827	-0.026435	0.985119	-0.585982	0.801009	0.122513	-0.792328	-0.598068	0.120542
08594	9.996984	0.460482	-1.605161	1.268364	-1.611571	0.366340	0.154997	-0.033247	0.987355	-0.596581	0.793475	0.120371	-0.787443	-0.607695	0.103152
08595	14.505415	3.284686	2.529004	1.628867	-1.159854	0.076451	0.145500	-0.039763	0.988559	-0.609444	0.783508	0.121216	-0.779364	-0.620108	0.089767
08596	14.052048	4.074502	-1.336511	1.437598	-1.110646	0.142680	0.136074	-0.045612	0.989648	-0.620783	0.774580	0.121056	-0.772083	-0.630829	0.077085
08597	12.497228	5.130187	-1.568698	1.143544	-1.176219	0.545003	0.123670	-0.048886	0.991119	-0.630271	0.767584	0.116504	-0.766462	-0.639081	0.064116
08598	11.685239	2.351232	-0.560755	-0.640722	-1.225481	0.865374	0.108874	-0.050034	0.992796	-0.626336	0.772092	0.107598	-0.771913	-0.633539	0.052722
08599	11.648357	-3.302151	-5.110016	-0.899252	-1.452075	0.956375	0.091704	-0.051788	0.994439	-0.620296	0.778255	0.097732	-0.778989	-0.625809	0.039245
08600	12.060015	-1.769426	-6.273285	0.717531	-1.516626	0.779700	0.075120	-0.055277	0.995641	-0.626514	0.774168	0.090251	-0.775782	-0.630563	0.023524
08601	10.294202	2.846248	-5.164409	0.815731	-1.430252	0.704184	0.059634	-0.058930	0.996479	-0.633250	0.769441	0.083400	-0.771647	-0.635994	0.008567
08602	8.818227	2.081471	-4.511293	-0.048154	-1.404102	0.659677	0.044682	-0.062787	0.997026	-0.633213	0.770150	0.076877	-0.772687	-0.634765	-0.005345
08603	8.716501	0.381838	-4.451603	-0.163018	-1.329229	0.558920	0.030863	-0.066953	0.997279	-0.632090	0.771602	0.071364	-0.774280	-0.632573	-0.018507
08604	9.681981	0.394226	-3.127686	0.100275	-1.296677	0.518567	0.017613	-0.071168	0.997309	-0.632985	0.771327	0.066220	-0.773964	-0.632448	-0.031463
08605	10.415491	1.079981	-1.826952	0.178914	-1.245867	0.569001	0.004352	-0.074723	0.997195	-0.634343	0.770679	0.060518	-0.773040	-0.632827	-0.044046
08606	9.957611	1.607607	-0.946447	0.025647	-1.200077	0.632532	-0.008870	-0.077451	0.996957	-0.634521	0.771000	0.054251	-0.772855	-0.632108	-0.055983
08607	9.170475	0.945055	-1.074290	-0.431768	-1.213696	0.673501	-0.022548	-0.079955	0.996543	-0.630980	0.774322	0.047849	-0.775471	-0.627720	-0.067909
08608	9.331671	-0.727273	-2.046971	-0.698129	-1.204769	0.647211	-0.035913	-0.082465	0.995947	-0.625358	0.779209	0.041969	-0.779511	-0.621316	-0.079554
08609	9.902078	-1.833204	-2.687070	-0.696108	-1.102368	0.551305	-0.047985	-0.085032	0.995222	-0.619591	0.784047	0.037115	-0.783457	-0.614849	-0.090308
