// General information: 
//  MT Manager version: 2022.2.0 
//  XDA version: 2022.2.0 build 7381 rev 124627 built on 2023-07-19
// Device information: 
//  DeviceId: 00B4CB9F
//  ProductCode: MTW2-3A7G6
//  Firmware Version: 4.6.0
//  Hardware Version: 2.0.0
// Device settings: 
//  Filter Profile: human(46.1)
//  Option Flags: Orientation Smoother Disabled, Position/Velocity Smoother Disabled, Continuous Zero Rotation Update Disabled, AHS Disabled, ICC Disabled
// Coordinate system: ENU
PacketCounter	Acc_X	Acc_Y	Acc_Z	Gyr_X	Gyr_Y	Gyr_Z	Mat[1][1]	Mat[2][1]	Mat[3][1]	Mat[1][2]	Mat[2][2]	Mat[3][2]	Mat[1][3]	Mat[2][3]	Mat[3][3]
29814	9.655460	0.601596	-1.866251	0.028030	-0.033172	-0.024239	-0.093230	-0.161518	0.982456	-0.692175	0.719806	0.052654	-0.715683	-0.675123	-0.178907
29815	9.671471	0.519619	-1.890692	0.022326	-0.030934	-0.022810	-0.093411	-0.161754	0.982400	-0.692290	0.719695	0.052673	-0.715548	-0.675185	-0.179208
29816	9.690350	0.432773	-1.781038	0.025321	-0.023899	-0.021692	-0.093462	-0.162065	0.982344	-0.692491	0.719490	0.052815	-0.715346	-0.675329	-0.179474
29817	9.693338	0.468268	-1.688289	0.025707	-0.016237	-0.025547	-0.093609	-0.162176	0.982312	-0.692605	0.719384	0.052766	-0.715217	-0.675415	-0.179665
29818	9.650222	0.573232	-1.680653	0.025989	-0.008921	-0.024311	-0.093537	-0.162403	0.982281	-0.692814	0.719172	0.052930	-0.715025	-0.675587	-0.179785
29819	9.654352	0.529527	-1.665531	0.022196	-0.009523	-0.028860	-0.093446	-0.162663	0.982247	-0.693001	0.718976	0.053136	-0.714855	-0.675732	-0.179911
29820	9.623988	0.479016	-1.734520	0.035045	-0.005491	-0.030943	-0.093303	-0.162916	0.982218	-0.693280	0.718691	0.053349	-0.714603	-0.675975	-0.180003
29821	9.654833	0.454399	-1.745806	0.045786	-0.006957	-0.026339	-0.093097	-0.163077	0.982211	-0.693567	0.718400	0.053538	-0.714351	-0.676245	-0.179985
29822	9.661342	0.387248	-1.722238	0.047950	-0.003856	-0.024062	-0.092989	-0.163269	0.982190	-0.693932	0.718038	0.053661	-0.714011	-0.676583	-0.180067
29823	9.634612	0.369244	-1.695941	0.061951	0.000025	-0.019554	-0.093013	-0.163386	0.982168	-0.694453	0.717539	0.053598	-0.713500	-0.677084	-0.180205
29824	9.637395	0.541775	-1.726819	0.085968	-0.008827	-0.023854	-0.092944	-0.163611	0.982137	-0.695089	0.716919	0.053650	-0.712890	-0.677686	-0.180357
29825	9.620204	0.782949	-1.706931	0.086399	-0.011247	-0.028241	-0.092841	-0.163940	0.982092	-0.695819	0.716201	0.053777	-0.712192	-0.678365	-0.180566
29826	9.641796	0.849361	-1.751967	0.047343	-0.018601	-0.026588	-0.092822	-0.164252	0.982041	-0.696181	0.715838	0.053925	-0.711840	-0.678673	-0.180795
29827	9.672375	0.668246	-1.764892	0.011648	-0.021600	-0.023060	-0.092751	-0.164609	0.981988	-0.696379	0.715626	0.054184	-0.711656	-0.678810	-0.181005
29828	9.661169	0.510186	-1.847068	0.008946	-0.012292	-0.020507	-0.092729	-0.164835	0.981953	-0.696463	0.715532	0.054343	-0.711576	-0.678854	-0.181152
29829	9.608738	0.393740	-1.873446	0.018056	-0.020268	-0.020601	-0.092925	-0.164905	0.981922	-0.696482	0.715520	0.054253	-0.711532	-0.678850	-0.181344
29830	9.602009	0.345536	-1.939365	0.023463	-0.022175	-0.013812	-0.093022	-0.165149	0.981872	-0.696662	0.715340	0.054317	-0.711343	-0.678981	-0.181595
29831	9.633044	0.357867	-1.991516	0.052888	-0.031600	-0.018385	-0.093066	-0.165391	0.981827	-0.696988	0.715018	0.054380	-0.711018	-0.679261	-0.181820
29832	9.636786	0.469024	-1.978275	0.059557	-0.031981	-0.017146	-0.093208	-0.165724	0.981757	-0.697427	0.714587	0.054411	-0.710568	-0.679633	-0.182186
29833	9.627628	0.580167	-1.889092	0.051689	-0.032858	-0.017984	-0.093446	-0.166076	0.981675	-0.697854	0.714172	0.054392	-0.710119	-0.679983	-0.182633
29834	9.608729	0.451391	-1.958613	0.046250	-0.041353	-0.020172	-0.093634	-0.166495	0.981587	-0.698201	0.713826	0.054477	-0.709752	-0.680244	-0.183085
29835	9.706221	0.463974	-1.812808	0.054373	-0.033180	-0.018151	-0.093825	-0.167000	0.981483	-0.698826	0.713208	0.054548	-0.709111	-0.680768	-0.183621
29836	9.742342	0.705451	-1.520172	0.052752	-0.021643	-0.017996	-0.093889	-0.167271	0.981430	-0.699218	0.712820	0.054599	-0.708716	-0.681108	-0.183885
29837	9.694711	0.836670	-1.365407	0.021095	-0.003938	-0.022229	-0.093860	-0.167589	0.981379	-0.699536	0.712496	0.054768	-0.708407	-0.681369	-0.184109
29838	9.591080	0.834558	-1.492630	-0.011206	-0.001227	-0.023798	-0.093739	-0.167764	0.981360	-0.699480	0.712533	0.054994	-0.708477	-0.681287	-0.184139
29839	9.585573	0.706899	-1.634682	-0.006161	-0.009454	-0.020185	-0.093737	-0.167946	0.981330	-0.699418	0.712582	0.055144	-0.708539	-0.681191	-0.184259
29840	9.575310	0.624590	-1.793889	-0.000300	-0.013748	-0.017756	-0.093747	-0.168163	0.981291	-0.699435	0.712555	0.055290	-0.708521	-0.681166	-0.184419
29841	9.607144	0.519104	-1.883981	0.004570	-0.021277	-0.010991	-0.093957	-0.168409	0.981229	-0.699512	0.712478	0.055302	-0.708417	-0.681186	-0.184746
29842	9.666651	0.489749	-1.915116	0.009890	-0.020837	-0.013209	-0.094051	-0.168643	0.981180	-0.699597	0.712388	0.055384	-0.708321	-0.681222	-0.184983
29843	9.561354	0.528573	-1.926826	0.009621	-0.019134	-0.012007	-0.094149	-0.168754	0.981151	-0.699571	0.712412	0.055403	-0.708333	-0.681169	-0.185129
29844	9.620796	0.499195	-1.958226	0.010872	-0.027984	-0.012930	-0.094296	-0.169035	0.981089	-0.699663	0.712316	0.055480	-0.708223	-0.681200	-0.185436
29845	9.587616	0.469220	-2.037143	0.019798	-0.035282	-0.009899	-0.094686	-0.169294	0.981007	-0.699780	0.712210	0.055365	-0.708056	-0.681246	-0.185905
29846	9.638126	0.512003	-1.938390	0.036028	-0.036993	-0.010718	-0.094914	-0.169619	0.980928	-0.700047	0.711946	0.055372	-0.707761	-0.681441	-0.186315
29847	9.651139	0.531389	-1.892956	0.026650	-0.037679	-0.004775	-0.095418	-0.169795	0.980849	-0.700181	0.711835	0.055112	-0.707560	-0.681514	-0.186809
29848	9.739635	0.635058	-1.780033	0.016012	-0.028190	-0.004960	-0.095627	-0.170019	0.980790	-0.700302	0.711718	0.055096	-0.707413	-0.681580	-0.187124
29849	9.704272	0.689422	-1.623796	-0.004192	-0.016032	-0.010134	-0.095574	-0.170453	0.980720	-0.700538	0.711462	0.055385	-0.707186	-0.681738	-0.187406
29850	9.656431	0.682808	-1.632798	-0.022317	-0.010111	-0.010359	-0.095616	-0.170594	0.980691	-0.700393	0.711596	0.055497	-0.707323	-0.681563	-0.187524
29851	9.654586	0.588764	-1.680544	-0.026557	-0.008330	-0.010529	-0.095664	-0.170698	0.980669	-0.700209	0.711771	0.055588	-0.707500	-0.681355	-0.187615
29852	9.605338	0.524958	-1.775496	-0.017817	-0.013611	-0.011406	-0.095723	-0.170870	0.980633	-0.700097	0.711872	0.055701	-0.707603	-0.681206	-0.187769
29853	9.636104	0.499770	-1.787731	0.004984	-0.023724	-0.015384	-0.095803	-0.171155	0.980575	-0.700134	0.711825	0.055842	-0.707555	-0.681184	-0.188026
29854	9.541815	0.481201	-1.961541	0.011848	-0.015719	-0.014873	-0.095854	-0.171367	0.980533	-0.700235	0.711718	0.055934	-0.707448	-0.681242	-0.188218
29855	9.616203	0.466850	-2.100481	0.045374	-0.036345	-0.016747	-0.096239	-0.171758	0.980427	-0.700583	0.711381	0.055855	-0.707051	-0.681495	-0.188793
29856	9.621861	0.517015	-2.040543	0.046197	-0.033740	-0.010889	-0.096447	-0.172065	0.980353	-0.700924	0.711047	0.055842	-0.706685	-0.681767	-0.189183
29857	9.651388	0.570859	-1.976589	0.039342	-0.032693	-0.008973	-0.096692	-0.172288	0.980289	-0.701195	0.710785	0.055759	-0.706382	-0.681983	-0.189535
29858	9.631042	0.639499	-1.928328	0.031698	-0.026505	-0.003430	-0.096901	-0.172493	0.980233	-0.701426	0.710563	0.055699	-0.706124	-0.682163	-0.189845
29859	9.641994	0.681408	-1.890082	0.020613	-0.023661	-0.001663	-0.097177	-0.172601	0.980186	-0.701551	0.710451	0.055551	-0.705963	-0.682252	-0.190128
29860	9.600485	0.761616	-1.876133	0.010656	-0.027362	-0.009827	-0.097349	-0.172856	0.980124	-0.701639	0.710361	0.055592	-0.705852	-0.682281	-0.190435
29861	9.613905	0.857806	-1.908113	-0.008011	-0.027084	-0.010040	-0.097453	-0.173200	0.980053	-0.701654	0.710332	0.055763	-0.705822	-0.682224	-0.190751
29862	9.632049	0.833405	-1.844969	-0.047192	-0.031087	-0.019051	-0.097586	-0.173546	0.979979	-0.701343	0.710620	0.056005	-0.706112	-0.681836	-0.191062
29863	9.684764	0.898336	-1.619031	-0.089906	-0.011840	-0.014322	-0.097750	-0.173628	0.979948	-0.700633	0.711310	0.056142	-0.706794	-0.681096	-0.191181
29864	9.724692	1.081891	-1.275559	-0.143506	0.009787	-0.016123	-0.097617	-0.173675	0.979953	-0.699637	0.712258	0.056539	-0.707799	-0.680092	-0.191038
29865	9.678076	0.921690	-1.279050	-0.215053	0.035471	-0.019429	-0.097101	-0.173616	0.980015	-0.698200	0.713610	0.057242	-0.709287	-0.678688	-0.190511
29866	9.641752	0.377271	-1.414236	-0.233067	0.029000	-0.016467	-0.096828	-0.173536	0.980056	-0.696564	0.715161	0.057812	-0.710931	-0.677074	-0.190126
29867	9.627023	-0.063822	-1.634221	-0.181398	0.029615	-0.010912	-0.096487	-0.173451	0.980105	-0.695318	0.716333	0.058320	-0.712196	-0.675857	-0.189721
29868	9.582880	-0.345865	-1.836005	-0.088161	0.030264	-0.008374	-0.096260	-0.173305	0.980153	-0.694701	0.716913	0.058535	-0.712829	-0.675278	-0.189406
29869	9.628106	-0.334443	-2.115987	0.029033	0.015554	-0.021602	-0.096181	-0.173465	0.980132	-0.695061	0.716558	0.058610	-0.712488	-0.675614	-0.189488
29870	9.903961	-0.117686	-2.177736	0.131459	0.011339	-0.038339	-0.095882	-0.173662	0.980126	-0.696038	0.715601	0.058702	-0.711574	-0.676577	-0.189489
29871	9.207793	0.164990	-2.343789	0.183665	0.011333	-0.049208	-0.095745	-0.174043	0.980072	-0.697561	0.714120	0.058668	-0.710100	-0.678043	-0.189779
29872	9.679270	0.210688	-2.360814	0.197449	-0.011073	-0.054238	-0.095496	-0.174506	0.980014	-0.699018	0.712683	0.058789	-0.708699	-0.679434	-0.190041
29873	9.657684	0.397333	-2.272160	0.200732	-0.018609	-0.040896	-0.095486	-0.174848	0.979954	-0.700441	0.711296	0.058662	-0.707294	-0.680798	-0.190390
29874	9.612227	0.579388	-2.188144	0.176942	-0.012956	-0.030752	-0.095414	-0.175156	0.979906	-0.701725	0.710035	0.058589	-0.706030	-0.682035	-0.190659
29875	9.633062	0.781810	-2.070143	0.112050	-0.016446	-0.027950	-0.095453	-0.175259	0.979884	-0.702365	0.709412	0.058464	-0.705388	-0.682656	-0.190811
29876	9.611268	0.932343	-1.943427	0.055096	-0.017382	-0.036455	-0.095372	-0.175636	0.979825	-0.702792	0.708971	0.058678	-0.704973	-0.683017	-0.191052
29877	9.600812	0.912941	-1.860396	-0.001996	-0.008494	-0.039321	-0.095213	-0.176031	0.979769	-0.702916	0.708818	0.059042	-0.704872	-0.683074	-0.191224
29878	9.674718	0.579061	-1.808359	-0.061161	-0.003773	-0.042507	-0.094994	-0.176359	0.979731	-0.702529	0.709160	0.059537	-0.705286	-0.682635	-0.191263
29879	9.696698	0.069463	-1.865325	-0.083080	0.009222	-0.037743	-0.094624	-0.176539	0.979735	-0.701982	0.709656	0.060075	-0.705881	-0.682072	-0.191078
29880	9.576798	-0.602446	-2.109205	-0.037151	0.014855	-0.044811	-0.094256	-0.176756	0.979731	-0.701766	0.709829	0.060548	-0.706144	-0.681835	-0.190947
29881	9.573234	-0.918479	-2.053518	0.103669	-0.000257	-0.055367	-0.093855	-0.177163	0.979696	-0.702613	0.708962	0.060895	-0.705356	-0.682632	-0.191017
29882	9.608654	-0.808335	-1.765602	0.186665	-0.006673	-0.036983	-0.093693	-0.177471	0.979656	-0.703967	0.707620	0.060864	-0.704025	-0.683943	-0.191233
29883	9.609691	-0.428927	-1.868463	0.327443	-0.016435	-0.034537	-0.093805	-0.177782	0.979589	-0.706341	0.705294	0.060362	-0.701629	-0.686261	-0.191735
29884	9.518657	0.352934	-1.844895	0.504157	-0.035137	-0.067069	-0.093629	-0.178496	0.979476	-0.709936	0.701704	0.060013	-0.698014	-0.689747	-0.192420
29885	9.366265	1.439556	-1.634263	0.562662	-0.058366	-0.095759	-0.093475	-0.179847	0.979243	-0.714302	0.697271	0.059875	-0.693567	-0.693879	-0.193643
29886	9.601944	2.232443	-1.509566	0.459671	-0.104366	-0.098008	-0.093548	-0.181259	0.978976	-0.717580	0.693895	0.059906	-0.690165	-0.696890	-0.194980
29887	9.857479	2.267485	-1.455666	0.287325	-0.098409	-0.074274	-0.093903	-0.182311	0.978747	-0.719504	0.691905	0.059850	-0.688111	-0.698592	-0.196145
29888	9.906682	1.840265	-1.299859	0.100814	-0.056277	-0.026844	-0.094150	-0.182894	0.978614	-0.720228	0.691149	0.059878	-0.687319	-0.699188	-0.196797
29889	9.816275	1.169542	-1.238433	-0.029300	-0.018265	0.013361	-0.094463	-0.182687	0.978623	-0.719771	0.691645	0.059638	-0.687755	-0.698751	-0.196828
29890	9.537560	0.721923	-1.349768	-0.041792	0.003272	0.026742	-0.094686	-0.182482	0.978639	-0.719463	0.691984	0.059421	-0.688046	-0.698468	-0.196810
29891	9.342236	0.589835	-1.557756	0.015297	-0.015099	0.002992	-0.094884	-0.182506	0.978616	-0.719528	0.691929	0.059277	-0.687951	-0.698517	-0.196971
29892	9.295296	0.840407	-1.715368	0.102449	-0.040336	-0.025071	-0.095035	-0.182963	0.978516	-0.720261	0.691166	0.059282	-0.687163	-0.699153	-0.197466
29893	9.427935	0.971247	-1.766688	0.183231	-0.069667	-0.036273	-0.095422	-0.183463	0.978384	-0.721346	0.690053	0.059043	-0.685970	-0.700120	-0.198187
29894	9.622707	1.056497	-1.684789	0.223731	-0.078839	-0.020968	-0.095866	-0.184161	0.978210	-0.722903	0.688446	0.058764	-0.684267	-0.701517	-0.199129
29895	9.272487	1.261400	-1.795004	0.247590	-0.074971	0.012281	-0.096423	-0.184582	0.978076	-0.724548	0.686765	0.058177	-0.682446	-0.703053	-0.199958
29896	9.573539	1.248814	-1.979038	0.216124	-0.128159	0.053073	-0.097735	-0.185121	0.977844	-0.725974	0.685341	0.057184	-0.680742	-0.704300	-0.201375
29897	9.487487	1.110673	-2.282637	0.184855	-0.107403	0.097138	-0.099308	-0.185214	0.977668	-0.727164	0.684196	0.055755	-0.679243	-0.705387	-0.202627
29898	9.379565	0.818523	-2.427007	0.124942	-0.144409	0.132948	-0.101310	-0.185325	0.977441	-0.727882	0.683560	0.054160	-0.678177	-0.705975	-0.204146
29899	9.408642	0.646231	-2.642731	0.094275	-0.172131	0.142576	-0.103354	-0.185950	0.977108	-0.728755	0.682733	0.052844	-0.676930	-0.706611	-0.206075
29900	9.503110	0.542069	-2.712003	0.058903	-0.183762	0.139487	-0.105668	-0.186300	0.976794	-0.729012	0.682574	0.051321	-0.676295	-0.706672	-0.207942
29901	9.535545	0.586788	-2.532347	0.006543	-0.205320	0.129483	-0.107994	-0.186893	0.976426	-0.728851	0.682838	0.050087	-0.676102	-0.706260	-0.209959
29902	9.619694	0.665434	-2.223199	-0.039255	-0.218722	0.138258	-0.110534	-0.187497	0.976026	-0.728439	0.683372	0.048782	-0.676135	-0.705583	-0.212116
29903	9.718708	0.631622	-1.868823	-0.073499	-0.209770	0.137436	-0.112915	-0.188112	0.975635	-0.727768	0.684164	0.047685	-0.676464	-0.704652	-0.214155
29904	9.785602	0.647362	-1.513420	-0.099337	-0.214548	0.131283	-0.115376	-0.188729	0.975228	-0.726951	0.685108	0.046581	-0.676928	-0.703568	-0.216242
29905	9.904505	0.648799	-1.142170	-0.082305	-0.194870	0.119849	-0.117612	-0.189159	0.974878	-0.726087	0.686094	0.045528	-0.677470	-0.702491	-0.218039
29906	9.899075	0.780220	-0.736475	-0.038487	-0.158477	0.117421	-0.119592	-0.189470	0.974576	-0.725691	0.686585	0.044430	-0.677547	-0.701928	-0.219606
29907	9.795032	0.871402	-0.464511	0.015404	-0.128081	0.112282	-0.121118	-0.189512	0.974380	-0.725523	0.686828	0.043400	-0.677456	-0.701678	-0.220683
29908	9.762738	1.029635	-0.440116	0.083407	-0.094651	0.107991	-0.122596	-0.189438	0.974209	-0.725960	0.686446	0.042126	-0.676722	-0.702072	-0.221680
29909	9.113310	1.251248	-0.740721	0.145076	-0.083579	0.092299	-0.123543	-0.189248	0.974126	-0.726645	0.685785	0.041074	-0.675814	-0.702769	-0.222240
29910	9.591832	1.230230	-1.376978	0.166977	-0.177220	0.099430	-0.125513	-0.189815	0.973764	-0.727651	0.684798	0.039697	-0.674366	-0.703578	-0.224070
29911	9.361947	1.273023	-2.043867	0.195221	-0.175069	0.116758	-0.127506	-0.190049	0.973460	-0.728605	0.683875	0.038079	-0.672962	-0.704412	-0.225668
29912	9.347995	1.131772	-2.629635	0.201148	-0.227426	0.138837	-0.130097	-0.190705	0.972988	-0.729780	0.682721	0.036234	-0.671189	-0.705354	-0.227993
29913	9.367670	1.246823	-3.047608	0.173667	-0.264346	0.155530	-0.133117	-0.191427	0.972438	-0.730625	0.681921	0.034222	-0.669677	-0.705932	-0.230637
29914	9.494697	1.290205	-3.022516	0.102555	-0.275849	0.172297	-0.136275	-0.192201	0.971848	-0.731081	0.681527	0.032271	-0.668543	-0.706102	-0.233389
29915	9.552378	1.008012	-2.802926	-0.007047	-0.282729	0.201308	-0.139696	-0.192586	0.971285	-0.730489	0.682256	0.030214	-0.668484	-0.705292	-0.235991
29916	9.519644	0.807407	-2.551152	-0.071704	-0.282540	0.239184	-0.143384	-0.192944	0.970677	-0.729672	0.683222	0.028022	-0.668595	-0.704258	-0.238749
29917	9.399821	0.714662	-2.329777	-0.104447	-0.275636	0.272520	-0.147258	-0.192857	0.970114	-0.728306	0.684774	0.025579	-0.669242	-0.702773	-0.241298
29918	9.386444	0.773566	-2.150796	-0.147276	-0.296442	0.289690	-0.151404	-0.192951	0.969457	-0.726888	0.686367	0.023086	-0.669858	-0.701192	-0.244173
29919	9.774180	0.767705	-1.912097	-0.195752	-0.326972	0.277986	-0.155713	-0.193129	0.968739	-0.724852	0.688592	0.020767	-0.671076	-0.698959	-0.247212
29920	9.728298	0.670992	-1.654149	-0.233009	-0.291133	0.261653	-0.159617	-0.193353	0.968058	-0.722874	0.690724	0.018770	-0.672291	-0.696789	-0.250021
29921	9.645705	0.541906	-1.201477	-0.270179	-0.268115	0.251051	-0.163317	-0.193440	0.967423	-0.720411	0.693339	0.017019	-0.674044	-0.694163	-0.252591
29922	9.647300	0.295779	-0.930038	-0.291130	-0.288951	0.251130	-0.167129	-0.193695	0.966721	-0.718031	0.695843	0.015286	-0.675648	-0.691581	-0.255374
29923	9.890342	0.080962	-0.637269	-0.239467	-0.247586	0.241283	-0.170504	-0.193590	0.966153	-0.715674	0.698302	0.013620	-0.677303	-0.689128	-0.257611
29924	9.689291	0.101297	-0.705249	-0.113259	-0.253856	0.228811	-0.173916	-0.193734	0.965516	-0.714512	0.699526	0.011659	-0.677662	-0.687845	-0.260084
29925	9.621936	0.001818	-0.709230	0.009131	-0.245933	0.233971	-0.177139	-0.193589	0.964958	-0.713829	0.700257	0.009446	-0.677547	-0.687142	-0.262233
29926	9.651729	-0.006938	-0.839882	0.146625	-0.259512	0.234733	-0.180627	-0.193725	0.964284	-0.714400	0.699705	0.006751	-0.676023	-0.687665	-0.264783
29927	9.486032	0.103008	-0.883615	0.280437	-0.249505	0.245085	-0.184028	-0.193479	0.963691	-0.715653	0.698447	0.003564	-0.673777	-0.689012	-0.266998
29928	9.860854	0.424716	-0.917703	0.368519	-0.305300	0.250992	-0.187935	-0.193829	0.962866	-0.717661	0.696393	0.000112	-0.670554	-0.690990	-0.269980
29929	9.603779	0.698970	-0.990198	0.439490	-0.274736	0.246548	-0.191400	-0.193853	0.962178	-0.720045	0.693919	-0.003428	-0.667009	-0.693468	-0.272399
29930	10.058167	0.917605	-0.906625	0.469822	-0.308526	0.228493	-0.195156	-0.194408	0.961311	-0.722725	0.691101	-0.006958	-0.663010	-0.696122	-0.275376
29931	10.312428	1.049509	-0.604967	0.460476	-0.272185	0.234724	-0.198455	-0.194567	0.960604	-0.725255	0.688402	-0.010400	-0.659258	-0.698747	-0.277727
29932	10.328319	1.181482	-0.379566	0.446509	-0.207433	0.244415	-0.201650	-0.194334	0.959985	-0.727699	0.685753	-0.014037	-0.655585	-0.701410	-0.279699
29933	10.500741	1.451450	-0.108613	0.453628	-0.143662	0.245354	-0.204141	-0.193563	0.959614	-0.730179	0.683030	-0.017559	-0.652047	-0.704275	-0.280770
29934	10.306545	2.071205	-0.069625	0.458050	-0.077655	0.234674	-0.206418	-0.192506	0.959340	-0.732672	0.680253	-0.021144	-0.648523	-0.707246	-0.281461
29935	10.458995	2.347162	-0.218780	0.385839	0.010205	0.223349	-0.207677	-0.190813	0.959406	-0.734721	0.677937	-0.024208	-0.645798	-0.709923	-0.280986
29936	10.253489	1.799177	-0.716216	0.266195	0.045819	0.239808	-0.209200	-0.188858	0.959462	-0.735934	0.676502	-0.027302	-0.643922	-0.711813	-0.280512
29937	10.003566	0.787032	-1.332323	0.200279	0.114743	0.294601	-0.210272	-0.185950	0.959796	-0.736634	0.675604	-0.030490	-0.642773	-0.713429	-0.279038
29938	9.706956	-0.182731	-2.125974	0.204355	0.126388	0.361688	-0.212181	-0.182600	0.960019	-0.737179	0.674813	-0.034577	-0.641519	-0.715042	-0.277791
29939	9.780392	-0.606375	-2.690002	0.250468	0.104831	0.405540	-0.214132	-0.179014	0.960261	-0.737952	0.673728	-0.038961	-0.639980	-0.716969	-0.276370
29940	10.439531	-0.903846	-3.038187	0.253448	0.086872	0.435030	-0.216844	-0.175457	0.960309	-0.738631	0.672680	-0.043883	-0.638282	-0.718830	-0.275464
29941	10.798684	-0.783137	-2.743703	0.227095	0.121764	0.442181	-0.218985	-0.171505	0.960537	-0.739152	0.671786	-0.048565	-0.636946	-0.720618	-0.273879
29942	11.034219	-0.461233	-2.276958	0.265709	0.192386	0.405669	-0.220816	-0.167389	0.960844	-0.739946	0.670556	-0.053233	-0.635390	-0.722727	-0.271929
29943	11.176029	-0.019869	-1.596504	0.244459	0.254426	0.372295	-0.221614	-0.162945	0.961424	-0.740714	0.669373	-0.057292	-0.634216	-0.724837	-0.269038
29944	11.643297	0.342649	-0.892988	0.189732	0.318140	0.352502	-0.222264	-0.158274	0.962054	-0.741131	0.668562	-0.061235	-0.633501	-0.726618	-0.265899
29945	11.417935	0.402925	-0.489418	0.106700	0.426851	0.330369	-0.221645	-0.152841	0.963075	-0.741120	0.668266	-0.064509	-0.633731	-0.728052	-0.261392
29946	11.765868	0.539435	0.034650	0.041483	0.516084	0.309730	-0.220722	-0.147007	0.964194	-0.740694	0.668428	-0.067646	-0.634550	-0.729104	-0.256424
29947	11.947580	0.907373	0.563098	0.012149	0.690122	0.279745	-0.218010	-0.139961	0.965858	-0.740214	0.668699	-0.070178	-0.636046	-0.730241	-0.249384
29948	11.695534	1.175471	1.028968	-0.110152	0.845088	0.233946	-0.214409	-0.132218	0.967754	-0.739003	0.669821	-0.072215	-0.638674	-0.730656	-0.241325
29949	10.969230	1.415249	1.276383	-0.253229	0.978367	0.166536	-0.208914	-0.123794	0.970067	-0.737094	0.671835	-0.073006	-0.642688	-0.730282	-0.231604
29950	10.920254	1.163640	1.412835	-0.428571	1.082775	0.088919	-0.202635	-0.115291	0.972444	-0.734142	0.675066	-0.072944	-0.648054	-0.728693	-0.221432
29951	10.052106	0.857455	1.198226	-0.556706	1.244313	0.019371	-0.194166	-0.105926	0.975233	-0.730544	0.679092	-0.071689	-0.654679	-0.726370	-0.209240
29952	10.109853	0.382085	1.174513	-0.659726	1.357381	-0.058188	-0.184860	-0.096478	0.978018	-0.726309	0.683812	-0.069827	-0.662044	-0.723251	-0.196483
29953	9.763621	0.054543	0.671831	-0.697156	1.381899	-0.120001	-0.174240	-0.087128	0.980841	-0.721969	0.688667	-0.067079	-0.669628	-0.719824	-0.182896
29954	9.946655	-0.315328	0.226360	-0.677494	1.425870	-0.190726	-0.163321	-0.078200	0.983469	-0.717728	0.693370	-0.064058	-0.676899	-0.716325	-0.169369
29955	8.991919	-0.639378	-0.303001	-0.593087	1.475048	-0.264197	-0.150840	-0.069277	0.986128	-0.714194	0.697349	-0.060255	-0.683501	-0.713376	-0.154665
29956	9.503155	-0.840053	-0.264919	-0.567963	1.451597	-0.339299	-0.138510	-0.061309	0.988461	-0.710786	0.701167	-0.056111	-0.689636	-0.710357	-0.140696
29957	8.917508	-1.140572	-0.546841	-0.493009	1.307745	-0.410511	-0.125990	-0.054689	0.990523	-0.708006	0.704350	-0.051166	-0.694877	-0.707743	-0.127461
29958	8.746408	-1.803094	-0.636188	-0.380522	1.204418	-0.479878	-0.114257	-0.049555	0.992214	-0.705932	0.706785	-0.045991	-0.699003	-0.705691	-0.115738
29959	9.610241	-2.044244	-0.641071	-0.317609	0.965668	-0.529755	-0.103222	-0.046246	0.993583	-0.704364	0.708700	-0.040189	-0.702294	-0.703992	-0.105727
29960	9.659205	-2.598069	-1.312477	-0.215454	0.884565	-0.550027	-0.093182	-0.043917	0.994680	-0.703391	0.709963	-0.034548	-0.704669	-0.702869	-0.097047
29961	10.689750	-3.161746	-2.197872	-0.180758	0.785046	-0.544273	-0.083320	-0.041997	0.995637	-0.702669	0.710933	-0.028815	-0.706621	-0.702005	-0.088745
29962	11.098927	-3.916371	-3.267267	0.073608	0.738381	-0.508360	-0.074582	-0.040414	0.996396	-0.703595	0.710201	-0.023859	-0.706677	-0.702838	-0.081404
29963	11.963634	-4.424355	-4.040226	0.371403	0.793134	-0.420510	-0.065597	-0.037525	0.997140	-0.706577	0.707357	-0.019863	-0.704589	-0.705859	-0.072915
29964	12.365881	-4.255850	-4.409416	0.603334	0.898204	-0.300730	-0.057208	-0.033277	0.997808	-0.711006	0.702972	-0.017321	-0.700855	-0.710438	-0.063876
29965	12.830949	-3.896687	-4.406479	0.792821	1.011111	-0.199991	-0.048395	-0.027178	0.998458	-0.716709	0.697195	-0.015761	-0.695691	-0.716367	-0.053219
29966	13.069382	-2.656137	-3.937933	0.954273	1.184942	-0.195953	-0.038832	-0.020000	0.999046	-0.723408	0.690272	-0.014299	-0.689327	-0.723273	-0.041273
29967	12.168127	-1.231196	-3.531721	0.945732	1.320018	-0.263847	-0.027617	-0.011948	0.999547	-0.730039	0.683300	-0.012003	-0.682847	-0.730040	-0.027594
29968	11.640090	-0.502656	-3.441674	0.753154	1.362049	-0.372262	-0.015679	-0.004496	0.999867	-0.735250	0.677743	-0.008482	-0.677615	-0.735285	-0.013932
29969	10.670566	-0.076361	-3.265719	0.469318	1.396823	-0.442613	-0.002786	0.003041	0.999991	-0.738510	0.674230	-0.004108	-0.674237	-0.738515	0.000367
29970	9.865829	0.046835	-2.965893	0.164177	1.399475	-0.459575	0.009983	0.010294	0.999897	-0.739607	0.673039	0.000456	-0.672965	-0.739536	0.014333
29971	9.439665	-0.216181	-2.517297	-0.120267	1.426261	-0.428405	0.022902	0.018142	0.999573	-0.738766	0.673945	0.004695	-0.673573	-0.738558	0.028837
29972	8.785434	-0.821596	-2.200942	-0.362288	1.466440	-0.380514	0.035549	0.026389	0.999019	-0.736220	0.676691	0.008323	-0.675808	-0.735794	0.043483
29973	8.433430	-1.294565	-2.117200	-0.494496	1.472124	-0.311772	0.047920	0.035240	0.998229	-0.732775	0.680379	0.011157	-0.678782	-0.732012	0.058427
29974	8.134113	-1.704566	-2.319325	-0.509758	1.458141	-0.246668	0.059588	0.044209	0.997244	-0.729185	0.684188	0.013240	-0.681717	-0.727964	0.073006
29975	8.007537	-1.875050	-2.382555	-0.433928	1.421388	-0.192341	0.070754	0.053356	0.996066	-0.726129	0.687400	0.014757	-0.683908	-0.724317	0.087379
29976	7.943443	-1.621356	-2.431496	-0.320606	1.363900	-0.148554	0.081114	0.062200	0.994762	-0.723833	0.689792	0.015891	-0.685191	-0.721331	0.100974
29977	7.839499	-1.524817	-2.410166	-0.267255	1.297027	-0.116443	0.090854	0.070860	0.993340	-0.721930	0.691764	0.016683	-0.685975	-0.718638	0.114005
29978	7.654769	-1.393698	-2.247234	-0.192597	1.232228	-0.103785	0.100003	0.078991	0.991847	-0.720522	0.693212	0.017439	-0.686183	-0.716392	0.126238
29979	7.448542	-1.217432	-1.913375	-0.203915	1.147839	-0.094297	0.108516	0.086650	0.990311	-0.719051	0.694724	0.018005	-0.686432	-0.714038	0.137695
29980	7.303751	-1.247500	-1.825369	-0.250612	1.025539	-0.044514	0.115826	0.093658	0.988844	-0.717294	0.696537	0.018046	-0.687077	-0.711382	0.147857
29981	7.159719	-1.468539	-1.758097	-0.306093	0.885417	0.021202	0.121677	0.100176	0.987502	-0.715238	0.698668	0.017255	-0.688207	-0.708398	0.156661
29982	6.988606	-1.655125	-1.676292	-0.288968	0.710155	0.105254	0.125764	0.105942	0.986387	-0.713391	0.700590	0.015711	-0.689388	-0.705656	0.163687
29983	6.812020	-1.716934	-1.544101	-0.226694	0.523615	0.176864	0.127989	0.110940	0.985551	-0.712073	0.701976	0.013454	-0.690341	-0.703506	0.168843
29984	6.474708	-1.925915	-1.615940	-0.055546	0.281203	0.228003	0.128253	0.114527	0.985106	-0.711996	0.702097	0.011071	-0.690372	-0.702811	0.171589
29985	6.779027	-1.603337	-1.282869	0.313356	0.017205	0.217749	0.126650	0.116233	0.985114	-0.714451	0.699624	0.009305	-0.688127	-0.704994	0.171650
29986	7.385163	-0.014135	-0.224695	0.480242	-0.159959	0.182140	0.124194	0.116382	0.985409	-0.717990	0.696004	0.008289	-0.684884	-0.708543	0.170001
29987	7.665297	1.919650	0.915141	0.342028	-0.232403	0.028875	0.122206	0.114977	0.985822	-0.720379	0.693529	0.008414	-0.682729	-0.711194	0.167581
29988	7.064787	2.374434	0.836562	0.132317	-0.365244	-0.204500	0.121134	0.110968	0.986414	-0.721047	0.692805	0.010608	-0.682215	-0.712536	0.163935
29989	6.546073	2.095661	0.489515	0.193098	-0.661039	-0.353211	0.119003	0.103824	0.987451	-0.721951	0.691797	0.014268	-0.681634	-0.714589	0.157282
29990	7.326700	2.204596	2.124271	0.195669	-0.943020	-0.323506	0.114860	0.094846	0.988843	-0.722920	0.690704	0.017721	-0.681318	-0.716890	0.147901
29991	8.981551	2.697285	5.307782	-0.086586	-1.056816	-0.150265	0.108588	0.086229	0.990340	-0.722171	0.691454	0.018979	-0.683138	-0.717256	0.137356
29992	11.357336	2.361999	7.708073	-0.551681	-1.016913	0.030536	0.101342	0.079170	0.991696	-0.718433	0.695365	0.017904	-0.688174	-0.714282	0.127349
29993	13.318413	0.918156	9.102868	-1.008535	-0.718839	0.169412	0.095077	0.075274	0.992620	-0.711635	0.702392	0.014899	-0.696086	-0.707799	0.120349
29994	13.781745	-0.386243	8.994859	-1.003621	-0.290968	0.157326	0.091873	0.074344	0.992992	-0.704771	0.709331	0.012100	-0.703460	-0.700944	0.117564
29995	13.509394	-0.639610	8.209536	-0.651015	0.084221	-0.037308	0.092718	0.074773	0.992881	-0.700173	0.713878	0.011623	-0.707927	-0.696266	0.118543
29996	12.014569	-0.831416	6.892629	-0.360512	0.390768	-0.221969	0.096986	0.075911	0.992387	-0.697419	0.716539	0.013349	-0.710070	-0.693404	0.122436
29997	7.966514	-1.018576	4.045253	-0.225697	0.391736	-0.298348	0.101881	0.076656	0.991839	-0.695563	0.718288	0.015934	-0.711205	-0.691510	0.126499
29998	3.167445	-1.961717	-0.795433	-0.052484	-0.270606	-0.350106	0.102336	0.072279	0.992120	-0.694845	0.718900	0.019298	-0.711841	-0.691345	0.123793
29999	4.042373	-3.294943	-3.112538	0.273157	-1.152540	-0.311640	0.096330	0.062252	0.993401	-0.696527	0.717175	0.022600	-0.711035	-0.694107	0.112446
30000	10.991906	-3.166775	-1.451161	0.476428	-1.392978	-0.101286	0.087094	0.051839	0.994850	-0.699830	0.713904	0.024067	-0.708980	-0.698322	0.098455
30001	14.017893	-1.043782	0.372599	0.306196	-0.908135	0.201235	0.079219	0.047111	0.995743	-0.702211	0.711623	0.022197	-0.707548	-0.700980	0.089456
30002	12.232235	0.225400	0.556798	-0.287589	-0.542174	0.280725	0.073354	0.045326	0.996275	-0.700399	0.713495	0.019108	-0.709972	-0.699192	0.084084
30003	12.064726	-0.633636	1.189283	-0.552105	-0.519598	0.144817	0.068598	0.042926	0.996720	-0.696615	0.717242	0.017054	-0.714158	-0.695500	0.079104
30004	14.087955	0.290587	3.130520	-0.541707	-0.509126	0.049616	0.064554	0.039762	0.997122	-0.692780	0.720969	0.016101	-0.718253	-0.691826	0.074088
30005	12.716323	1.048027	1.946395	-0.694016	-0.515041	-0.077534	0.061339	0.035848	0.997473	-0.687776	0.725742	0.016213	-0.723326	-0.687033	0.069172
30006	10.187504	1.061369	0.184731	-0.579955	-0.792694	-0.335849	0.057837	0.027985	0.997934	-0.683380	0.729811	0.019141	-0.727768	-0.683076	0.061335
30007	9.309017	0.834682	-0.330958	-0.255088	-0.907948	-0.515292	0.054708	0.018213	0.998336	-0.681278	0.731632	0.023986	-0.729978	-0.681456	0.052434
30008	9.040192	0.819643	-0.597598	0.039541	-0.881496	-0.503576	0.051650	0.008532	0.998629	-0.681310	0.731420	0.028989	-0.730170	-0.681874	0.043591
30009	9.791444	0.606153	-0.295490	0.101766	-0.794152	-0.392533	0.048497	0.000413	0.998823	-0.681900	0.730710	0.032807	-0.729836	-0.682688	0.035719
30010	9.408293	0.340076	-0.773018	0.010053	-0.705135	-0.284764	0.045239	-0.006470	0.998955	-0.681851	0.730623	0.035610	-0.730091	-0.682750	0.028641
30011	9.191707	-0.725268	-1.514030	-0.182330	-0.759564	-0.196621	0.040990	-0.012932	0.999076	-0.680474	0.731817	0.037391	-0.731625	-0.681378	0.021197
30012	9.656701	-1.554797	-2.434037	-0.290882	-0.831509	-0.153773	0.035889	-0.019703	0.999162	-0.678295	0.733763	0.038833	-0.733913	-0.679120	0.012969
30013	9.546187	-1.615353	-3.584311	-0.174264	-0.873857	-0.153672	0.030443	-0.026613	0.999182	-0.677002	0.734883	0.040200	-0.735351	-0.677672	0.004355
30014	9.597395	-1.186668	-3.992264	-0.002928	-0.908755	-0.193477	0.025016	-0.034179	0.999103	-0.676938	0.734836	0.042088	-0.735615	-0.677383	-0.004754
30015	10.390191	-0.508926	-3.740583	0.082619	-0.888015	-0.244943	0.020031	-0.041868	0.998922	-0.677523	0.734163	0.044358	-0.735228	-0.677682	-0.013660
30016	9.132897	0.235425	-3.094688	0.106213	-0.889215	-0.311593	0.015556	-0.050169	0.998620	-0.678259	0.733292	0.047405	-0.734658	-0.678060	-0.022621
30017	9.351884	0.739085	-2.202875	0.142891	-1.030561	-0.395706	0.010531	-0.059959	0.998145	-0.679284	0.732091	0.051144	-0.733800	-0.678563	-0.033019
30018	10.030098	1.163455	-2.029952	0.213372	-1.076560	-0.424338	0.005471	-0.070359	0.997507	-0.680825	0.730359	0.055250	-0.732426	-0.679430	-0.043906
30019	9.861497	1.963259	-1.837893	0.237278	-0.981056	-0.331530	0.000400	-0.079369	0.996845	-0.682574	0.728489	0.058277	-0.730816	-0.680444	-0.053883
30020	10.154080	2.758965	-1.175271	0.063623	-0.820424	-0.163265	-0.004532	-0.086127	0.996274	-0.683052	0.727915	0.059821	-0.730355	-0.680236	-0.062128
30021	9.887421	2.441763	-0.800749	-0.226663	-0.699993	-0.047319	-0.009473	-0.091172	0.995790	-0.681416	0.729408	0.060301	-0.731835	-0.677976	-0.069036
30022	9.482218	1.326080	-0.506979	-0.402743	-0.704446	-0.054304	-0.014321	-0.096320	0.995247	-0.678479	0.732075	0.061087	-0.734480	-0.674380	-0.075835
30023	9.817625	-0.016226	-0.598406	-0.341114	-0.692725	-0.124023	-0.018711	-0.101848	0.994624	-0.676006	0.734244	0.062469	-0.736659	-0.671202	-0.082588
30024	9.919612	-0.156766	-0.766884	-0.107785	-0.598130	-0.153424	-0.022135	-0.106972	0.994016	-0.675252	0.734802	0.064040	-0.737255	-0.669793	-0.088498
30025	9.657717	0.166343	-0.916521	0.072265	-0.486230	-0.150098	-0.024841	-0.111284	0.993478	-0.675836	0.734151	0.065337	-0.736634	-0.669805	-0.093446
30026	9.123877	0.275940	-1.158942	0.179744	-0.508481	-0.158130	-0.027566	-0.115838	0.992886	-0.677209	0.732762	0.066688	-0.735274	-0.670553	-0.098646
30027	9.018096	0.071092	-1.677914	0.276080	-0.576189	-0.190975	-0.030640	-0.121054	0.992173	-0.679308	0.730680	0.068171	-0.733213	-0.671902	-0.104621
30028	9.417314	0.248849	-2.271100	0.401711	-0.593322	-0.196460	-0.033697	-0.126466	0.991398	-0.682320	0.727730	0.069640	-0.730277	-0.674104	-0.110813
30029	9.644093	0.954770	-2.475680	0.470652	-0.575412	-0.172093	-0.036859	-0.131558	0.990623	-0.685824	0.724327	0.070675	-0.726833	-0.676788	-0.116924
30030	9.561052	1.642338	-2.347126	0.448680	-0.582830	-0.179067	-0.039908	-0.136792	0.989796	-0.689155	0.721042	0.071863	-0.723514	-0.679255	-0.123046
30031	9.803430	1.828785	-2.128142	0.338311	-0.601552	-0.175345	-0.043194	-0.142117	0.988907	-0.691682	0.718499	0.073044	-0.720909	-0.680854	-0.129334
30032	10.031040	1.725047	-1.925882	0.220966	-0.556410	-0.156427	-0.046170	-0.147018	0.988056	-0.693351	0.716764	0.074252	-0.719119	-0.681641	-0.135028
30033	9.899418	1.398371	-1.718991	0.135290	-0.492790	-0.119877	-0.049028	-0.151223	0.987283	-0.694388	0.715667	0.075136	-0.717929	-0.681874	-0.140095
30034	9.753391	1.053566	-1.397515	0.106168	-0.449591	-0.094250	-0.051652	-0.154951	0.986571	-0.695205	0.714797	0.075868	-0.716953	-0.681950	-0.144643
30035	9.670044	0.806673	-1.325623	0.132391	-0.425634	-0.099176	-0.054156	-0.158554	0.985864	-0.696212	0.713744	0.076545	-0.715791	-0.682225	-0.149041
30036	9.741560	0.678575	-1.116736	0.179748	-0.400093	-0.102377	-0.056357	-0.162003	0.985180	-0.697561	0.712350	0.077235	-0.714305	-0.682870	-0.153153
30037	9.889879	0.687427	-0.771627	0.284052	-0.352577	-0.119171	-0.058180	-0.165251	0.984534	-0.699662	0.710219	0.077863	-0.712102	-0.684311	-0.156940
30038	9.795012	1.003456	-0.507692	0.357454	-0.298656	-0.124496	-0.059483	-0.168169	0.983962	-0.702283	0.707560	0.078474	-0.709409	-0.686351	-0.160190
30039	9.154660	1.391518	-0.643343	0.408414	-0.297158	-0.126427	-0.060828	-0.171089	0.983376	-0.705257	0.704541	0.078952	-0.706337	-0.688731	-0.163518
30040	8.809030	1.371859	-1.550477	0.449619	-0.368830	-0.129787	-0.062564	-0.174534	0.982661	-0.708513	0.701213	0.079436	-0.702919	-0.691258	-0.167530
30041	8.864292	1.059978	-2.450206	0.504912	-0.458428	-0.117597	-0.065064	-0.178519	0.981783	-0.712134	0.697512	0.079635	-0.699022	-0.693980	-0.172512
30042	9.154466	0.907253	-3.063969	0.581880	-0.523121	-0.085074	-0.068155	-0.182738	0.980796	-0.716252	0.693310	0.079403	-0.694506	-0.697086	-0.178139
30043	9.682181	1.191671	-2.961018	0.597386	-0.528708	-0.050821	-0.071578	-0.186781	0.979791	-0.720426	0.689049	0.078726	-0.689828	-0.700232	-0.183883
30044	9.541237	1.453610	-2.748923	0.508599	-0.542042	-0.033530	-0.075118	-0.190803	0.978750	-0.723955	0.685417	0.078057	-0.685745	-0.702707	-0.189620
30045	9.417522	1.823983	-2.281015	0.386342	-0.566610	-0.011931	-0.079039	-0.194881	0.977637	-0.726608	0.682686	0.077342	-0.682491	-0.704245	-0.195561
30046	9.485025	2.149228	-1.807863	0.241695	-0.579822	0.017868	-0.083174	-0.198834	0.976497	-0.728246	0.681017	0.076640	-0.680250	-0.704756	-0.201443
30047	10.047497	1.907035	-1.282208	0.088418	-0.549968	0.038129	-0.087312	-0.202468	0.975389	-0.728811	0.680482	0.076013	-0.679125	-0.704238	-0.206976
30048	9.841698	1.314460	-1.001009	0.028019	-0.503866	0.064416	-0.091256	-0.205567	0.974379	-0.728950	0.680416	0.075278	-0.678458	-0.703404	-0.211940
30049	9.891495	0.902377	-0.623438	0.071130	-0.479713	0.075278	-0.095166	-0.208445	0.973393	-0.729359	0.680082	0.074327	-0.677480	-0.702879	-0.216752
30050	9.721862	0.800225	-0.376448	0.185931	-0.431725	0.076811	-0.098702	-0.210949	0.972501	-0.730547	0.678935	0.073125	-0.675691	-0.703241	-0.221121
30051	9.909427	1.017355	-0.069123	0.304815	-0.404500	0.062522	-0.101983	-0.213377	0.971632	-0.732540	0.676930	0.071771	-0.673041	-0.704440	-0.225343
30052	9.779377	1.227727	0.206377	0.384835	-0.373625	0.046953	-0.104890	-0.215686	0.970813	-0.735080	0.674316	0.070393	-0.669817	-0.706242	-0.229276
30053	9.180363	1.363327	-0.106731	0.473763	-0.360561	0.041263	-0.107677	-0.217951	0.970002	-0.738204	0.671056	0.068834	-0.665928	-0.708647	-0.233150
30054	9.032813	1.267412	-1.205514	0.562512	-0.445051	0.045376	-0.111021	-0.220798	0.968980	-0.741892	0.667162	0.067022	-0.661265	-0.711437	-0.237877
30055	9.158444	1.135381	-2.090695	0.651698	-0.507044	0.071028	-0.114948	-0.223927	0.967804	-0.746108	0.662673	0.064710	-0.655827	-0.714648	-0.243247
30056	9.475628	1.258519	-2.494759	0.665035	-0.541903	0.104436	-0.119323	-0.227110	0.966531	-0.750333	0.658145	0.062015	-0.650202	-0.717820	-0.248940
30057	9.769640	1.561392	-2.531171	0.604752	-0.531369	0.135829	-0.123841	-0.230030	0.965272	-0.754088	0.654106	0.059131	-0.644992	-0.720577	-0.254468
30058	9.807383	2.100098	-2.125423	0.487897	-0.543718	0.158935	-0.128591	-0.232908	0.963959	-0.757026	0.650955	0.056295	-0.640605	-0.722504	-0.260025
30059	10.114506	2.425821	-1.643477	0.319016	-0.540806	0.177028	-0.133436	-0.235663	0.962631	-0.758835	0.649064	0.053712	-0.637467	-0.723311	-0.265438
30060	10.428774	2.579899	-1.005398	0.148189	-0.482204	0.202261	-0.138095	-0.237831	0.961440	-0.759507	0.648472	0.051321	-0.635672	-0.723133	-0.270185
30061	10.338235	2.142478	-0.677854	-0.002283	-0.437894	0.225600	-0.142615	-0.239529	0.960358	-0.759178	0.649025	0.049138	-0.635067	-0.722075	-0.274406
30062	10.450853	1.767369	-0.155419	-0.077338	-0.413081	0.259786	-0.147264	-0.240814	0.959334	-0.758313	0.650208	0.046811	-0.635040	-0.720582	-0.278364
30063	10.487058	1.378182	0.498867	-0.098490	-0.342909	0.272652	-0.151508	-0.241496	0.958501	-0.757286	0.651568	0.044462	-0.635267	-0.719123	-0.281599
30064	10.276887	0.907630	0.463625	-0.093685	-0.333883	0.271806	-0.155740	-0.242114	0.957667	-0.756275	0.652900	0.042075	-0.635447	-0.717707	-0.284788
30065	10.551209	0.308703	0.625779	-0.015551	-0.321224	0.264184	-0.159752	-0.242662	0.956867	-0.755772	0.653637	0.039584	-0.635049	-0.716850	-0.287817
30066	11.051924	-0.314079	0.772968	0.082967	-0.279721	0.256551	-0.163520	-0.242982	0.956149	-0.755886	0.653666	0.036842	-0.633954	-0.716715	-0.290554
30067	11.190368	-0.309019	1.497511	0.236026	-0.189725	0.244914	-0.166526	-0.242684	0.955706	-0.756998	0.652542	0.033799	-0.631841	-0.717839	-0.292376
30068	11.406861	-0.172479	2.242896	0.339174	-0.062504	0.211519	-0.168577	-0.241747	0.955584	-0.758783	0.650617	0.030737	-0.629150	-0.719899	-0.293113
30069	10.842190	0.430857	3.143278	0.436837	0.069026	0.148649	-0.169197	-0.240188	0.955867	-0.761310	0.647783	0.028015	-0.625923	-0.722971	-0.292461
30070	10.259322	1.090983	3.008852	0.466409	0.097697	0.067898	-0.169159	-0.239034	0.956163	-0.764108	0.644567	0.025955	-0.622515	-0.726221	-0.291682
30071	9.730056	2.474857	2.098265	0.696959	0.106165	-0.024264	-0.168199	-0.238284	0.956520	-0.768520	0.639371	0.024137	-0.617322	-0.731044	-0.290667
30072	10.884393	3.997672	1.242282	0.880211	0.070645	-0.083636	-0.167174	-0.238290	0.956698	-0.774065	0.632712	0.022333	-0.610636	-0.736813	-0.290225
30073	11.644237	3.943464	0.373915	0.830644	0.219519	-0.057007	-0.165237	-0.236881	0.957384	-0.779265	0.626360	0.020483	-0.604519	-0.742671	-0.288091
30074	11.200114	2.508126	-1.441545	0.567072	0.322446	0.065571	-0.163860	-0.234064	0.958313	-0.782575	0.622290	0.018181	-0.600605	-0.746973	-0.285141
30075	11.640164	0.651226	-3.992267	0.451254	0.432614	0.213506	-0.162749	-0.229355	0.959640	-0.784992	0.619327	0.014890	-0.597746	-0.750887	-0.280836
30076	11.938499	-0.065544	-5.819227	0.593327	0.560356	0.289261	-0.161739	-0.223341	0.961228	-0.788060	0.615511	0.010413	-0.593972	-0.755821	-0.275558
