// General information: 
//  MT Manager version: 2022.2.0 
//  XDA version: 2022.2.0 build 7381 rev 124627 built on 2023-07-19
// Device information: 
//  DeviceId: 00B4CBA7
//  ProductCode: MTW2-3A7G6
//  Firmware Version: 4.6.0
//  Hardware Version: 2.0.0
// Device settings: 
//  Filter Profile: human(46.1)
//  Option Flags: Orientation Smoother Disabled, Position/Velocity Smoother Disabled, Continuous Zero Rotation Update Disabled, AHS Disabled, ICC Disabled
// Coordinate system: ENU
PacketCounter	Acc_X	Acc_Y	Acc_Z	Gyr_X	Gyr_Y	Gyr_Z	Mat[1][1]	Mat[2][1]	Mat[3][1]	Mat[1][2]	Mat[2][2]	Mat[3][2]	Mat[1][3]	Mat[2][3]	Mat[3][3]
50350	9.576090	-0.577651	-1.815787	-0.027239	0.004501	0.028801	-0.187388	-0.069707	0.979809	-0.568833	0.820908	-0.050387	-0.800821	-0.566790	-0.193480
50351	9.597314	-0.556169	-1.843661	-0.019217	0.002333	0.019640	-0.187575	-0.069523	0.979787	-0.568581	0.821070	-0.050591	-0.800956	-0.566578	-0.193542
50352	9.555353	-0.555888	-1.788664	-0.014622	0.002433	0.023658	-0.187671	-0.069338	0.979782	-0.568427	0.821166	-0.050766	-0.801043	-0.566462	-0.193522
50353	9.618117	-0.560841	-1.870717	-0.016904	0.004415	0.021623	-0.187743	-0.069201	0.979778	-0.568239	0.821289	-0.050878	-0.801160	-0.566299	-0.193513
50354	9.563601	-0.538211	-1.912799	-0.009712	0.006356	0.015711	-0.187762	-0.069059	0.979784	-0.568139	0.821352	-0.050984	-0.801226	-0.566226	-0.193454
50355	9.575622	-0.493399	-2.013388	-0.008691	0.008365	0.014537	-0.187744	-0.068938	0.979796	-0.568045	0.821412	-0.051052	-0.801297	-0.566153	-0.193375
50356	9.694205	-0.472374	-2.051996	0.019410	0.040503	-0.006115	-0.187365	-0.068782	0.979879	-0.568220	0.821295	-0.051000	-0.801262	-0.566343	-0.192965
50357	9.849765	-0.374136	-2.014304	0.114983	0.181711	-0.067197	-0.185402	-0.068381	0.980281	-0.569321	0.820567	-0.050436	-0.800937	-0.567446	-0.191065
50358	9.558236	-0.511765	-1.976521	0.102764	0.218577	-0.060380	-0.183288	-0.067659	0.980728	-0.570263	0.819938	-0.050010	-0.800753	-0.568440	-0.188868
50359	9.587381	-0.704108	-1.928205	0.142667	0.221398	-0.045687	-0.181124	-0.066754	0.981192	-0.571509	0.819085	-0.049773	-0.800357	-0.569775	-0.186507
50360	9.442611	-0.531049	-1.942320	0.181671	0.195596	-0.041303	-0.179303	-0.066000	0.981577	-0.573044	0.818018	-0.049675	-0.799669	-0.571394	-0.184494
50361	9.428127	-0.279622	-1.709138	0.142219	0.145019	-0.026186	-0.177925	-0.065390	0.981869	-0.574224	0.817192	-0.049632	-0.799130	-0.572644	-0.182947
50362	9.523187	-0.355361	-1.731117	0.071482	0.098114	-0.010275	-0.177061	-0.064935	0.982055	-0.574821	0.816772	-0.049632	-0.798893	-0.573294	-0.181945
50363	9.625439	-0.526651	-1.679488	0.069420	0.092100	-0.007890	-0.176233	-0.064462	0.982236	-0.575384	0.816375	-0.049658	-0.798671	-0.573914	-0.180962
50364	9.629695	-0.551007	-1.644790	0.105208	0.098609	-0.006924	-0.175385	-0.063975	0.982419	-0.576243	0.815763	-0.049750	-0.798238	-0.574838	-0.179938
50365	9.613560	-0.501004	-1.585405	0.093124	0.092414	-0.009334	-0.174531	-0.063666	0.982591	-0.577067	0.815185	-0.049681	-0.797830	-0.575692	-0.179015
50366	9.618372	-0.476030	-1.552289	0.104579	0.100567	-0.017727	-0.173606	-0.063254	0.982782	-0.577939	0.814567	-0.049664	-0.797400	-0.576610	-0.177971
50367	9.564965	-0.525454	-1.584178	0.048554	0.079816	-0.011875	-0.172855	-0.062968	0.982933	-0.578371	0.814268	-0.049547	-0.797250	-0.577064	-0.177169
50368	9.541481	-0.548965	-1.574067	0.024654	0.049021	-0.009909	-0.172386	-0.062789	0.983026	-0.578592	0.814116	-0.049463	-0.797191	-0.577298	-0.176671
50369	9.584564	-0.575318	-1.623800	0.007244	0.022337	-0.008401	-0.172092	-0.062733	0.983081	-0.578658	0.814076	-0.049348	-0.797207	-0.577361	-0.176396
50370	9.580041	-0.503135	-1.673872	-0.015449	0.001748	-0.005616	-0.172024	-0.062792	0.983089	-0.578552	0.814158	-0.049235	-0.797298	-0.577239	-0.176383
50371	9.555072	-0.550516	-1.670100	-0.044719	-0.016906	-0.004645	-0.172002	-0.062923	0.983085	-0.578229	0.814399	-0.049042	-0.797538	-0.576883	-0.176462
50372	9.575807	-0.574850	-1.698683	-0.061008	-0.027266	-0.004586	-0.172172	-0.063141	0.983041	-0.577758	0.814745	-0.048858	-0.797843	-0.576372	-0.176756
50373	9.598296	-0.671355	-1.701451	-0.055748	-0.037434	-0.005794	-0.172350	-0.063510	0.982986	-0.577399	0.815016	-0.048580	-0.798064	-0.575948	-0.177138
50374	9.553004	-0.595247	-1.677987	-0.034074	-0.037190	-0.004912	-0.172597	-0.063788	0.982925	-0.577143	0.815205	-0.048440	-0.798195	-0.575649	-0.177517
50375	9.550027	-0.546318	-1.708286	-0.038332	-0.049404	-0.002287	-0.173012	-0.064193	0.982826	-0.576845	0.815425	-0.048286	-0.798321	-0.575292	-0.178108
50376	9.530403	-0.567468	-1.661351	-0.047373	-0.055726	-0.008128	-0.173389	-0.064603	0.982732	-0.576488	0.815689	-0.048091	-0.798497	-0.574872	-0.178675
50377	9.553050	-0.615020	-1.668796	-0.035803	-0.069962	-0.011820	-0.173869	-0.065160	0.982611	-0.576226	0.815888	-0.047857	-0.798582	-0.574526	-0.179405
50378	9.552475	-0.564759	-1.677686	-0.017345	-0.077876	-0.009549	-0.174415	-0.065709	0.982477	-0.576112	0.815978	-0.047701	-0.798545	-0.574337	-0.180175
50379	9.551071	-0.563670	-1.686027	-0.026943	-0.094149	-0.005456	-0.175128	-0.066423	0.982302	-0.575954	0.816101	-0.047498	-0.798503	-0.574079	-0.181179
50380	9.525145	-0.562175	-1.693007	-0.033634	-0.110498	-0.006941	-0.175949	-0.067138	0.982107	-0.575706	0.816285	-0.047338	-0.798501	-0.573734	-0.182277
50381	9.619301	-0.635627	-1.713512	-0.027339	-0.116547	-0.009390	-0.176723	-0.067944	0.981913	-0.575567	0.816397	-0.047099	-0.798430	-0.573480	-0.183383
50382	9.662874	-0.635846	-1.754580	-0.006879	-0.106184	-0.011906	-0.177482	-0.068675	0.981725	-0.575542	0.816424	-0.046938	-0.798281	-0.573355	-0.184425
50383	9.588785	-0.608708	-1.756219	0.009852	-0.100095	-0.021698	-0.178068	-0.069476	0.981562	-0.575711	0.816320	-0.046661	-0.798028	-0.573406	-0.185359
50384	9.608292	-0.608117	-1.792988	0.020759	-0.099918	-0.020225	-0.178727	-0.070239	0.981388	-0.575922	0.816183	-0.046470	-0.797729	-0.573508	-0.186326
50385	9.593166	-0.481550	-1.730338	0.034339	-0.089766	-0.028821	-0.179141	-0.071090	0.981252	-0.576370	0.815887	-0.046115	-0.797312	-0.573825	-0.187132
50386	9.599581	-0.556595	-1.860431	0.028611	-0.089885	-0.033860	-0.179640	-0.071907	0.981101	-0.576667	0.815694	-0.045805	-0.796984	-0.573997	-0.187998
50387	9.595360	-0.530017	-1.893203	0.046509	-0.075637	-0.042819	-0.179947	-0.072773	0.980981	-0.577164	0.815366	-0.045386	-0.796555	-0.574354	-0.188725
50388	9.648184	-0.507892	-2.055196	0.048156	-0.065616	-0.051746	-0.180149	-0.073597	0.980882	-0.577650	0.815047	-0.044937	-0.796158	-0.574702	-0.189343
50389	9.532013	-0.549607	-1.995041	0.084792	-0.061166	-0.054205	-0.180207	-0.074383	0.980812	-0.578468	0.814489	-0.044514	-0.795550	-0.575391	-0.189805
50390	9.618977	-0.476338	-2.088453	0.085227	-0.063340	-0.063927	-0.180318	-0.075293	0.980722	-0.579270	0.813946	-0.044017	-0.794941	-0.576040	-0.190384
50391	9.577615	-0.437924	-1.843330	0.074627	-0.057257	-0.061179	-0.180376	-0.076162	0.980645	-0.579988	0.813463	-0.043503	-0.794404	-0.576609	-0.190902
50392	9.605098	-0.560991	-1.995229	0.063448	-0.053416	-0.067002	-0.180389	-0.077040	0.980574	-0.580622	0.813041	-0.042935	-0.793938	-0.577087	-0.191394
50393	9.859330	-0.555652	-1.935154	0.120887	-0.050520	-0.065449	-0.180404	-0.077847	0.980507	-0.581670	0.812312	-0.042529	-0.793167	-0.578004	-0.191826
50394	9.704333	-0.229087	-1.831880	0.151385	-0.031683	-0.063516	-0.180263	-0.078571	0.980475	-0.582994	0.811382	-0.042165	-0.792227	-0.579212	-0.192069
50395	9.490700	-0.253723	-1.952961	0.104144	-0.034206	-0.058156	-0.180088	-0.079323	0.980447	-0.584022	0.810667	-0.041686	-0.791509	-0.580110	-0.192318
50396	9.396207	-0.345293	-1.914612	0.083187	-0.032594	-0.064362	-0.179947	-0.080059	0.980413	-0.584805	0.810128	-0.041183	-0.790963	-0.580761	-0.192599
50397	9.524157	-0.493655	-2.051181	0.103297	-0.028303	-0.071206	-0.179696	-0.080793	0.980399	-0.585767	0.809459	-0.040659	-0.790308	-0.581592	-0.192782
50398	9.495577	-0.384783	-1.905420	0.123857	-0.013688	-0.071821	-0.179360	-0.081478	0.980404	-0.586884	0.808675	-0.040161	-0.789555	-0.582586	-0.192862
50399	9.616402	-0.405896	-1.921894	0.126143	-0.023638	-0.069587	-0.179020	-0.082204	0.980405	-0.588082	0.807829	-0.039649	-0.788741	-0.583656	-0.192960
50400	9.584359	-0.297935	-1.800969	0.125999	-0.025625	-0.071695	-0.178777	-0.082957	0.980386	-0.589212	0.807029	-0.039157	-0.787952	-0.584656	-0.193157
50401	9.650145	-0.320517	-1.859851	0.113082	-0.021723	-0.070917	-0.178427	-0.083740	0.980383	-0.590333	0.806238	-0.038573	-0.787192	-0.585635	-0.193289
50402	9.697024	-0.259182	-1.698721	0.103896	-0.033792	-0.062432	-0.178300	-0.084466	0.980344	-0.591271	0.805571	-0.038130	-0.786516	-0.586448	-0.193576
50403	9.551488	-0.327080	-1.678266	0.094279	-0.031868	-0.060748	-0.178190	-0.085093	0.980310	-0.592086	0.804990	-0.037748	-0.785928	-0.587154	-0.193824
50404	9.485166	-0.417231	-1.618354	0.075759	-0.042402	-0.062472	-0.178130	-0.085869	0.980253	-0.592801	0.804487	-0.037251	-0.785402	-0.587731	-0.194206
50405	9.488039	-0.410789	-1.598061	0.091110	-0.046365	-0.075312	-0.177895	-0.086734	0.980220	-0.593742	0.803821	-0.036630	-0.784745	-0.588514	-0.194493
50406	9.540207	-0.364526	-1.759224	0.095561	-0.040069	-0.073617	-0.177748	-0.087585	0.980171	-0.594631	0.803189	-0.036062	-0.784104	-0.589250	-0.194846
50407	9.564469	-0.198119	-1.946971	0.112922	-0.027397	-0.072979	-0.177447	-0.088347	0.980157	-0.595692	0.802427	-0.035516	-0.783367	-0.590174	-0.195016
50408	9.431772	-0.089765	-1.838880	0.084952	-0.042154	-0.070660	-0.177332	-0.089187	0.980102	-0.596492	0.801858	-0.034957	-0.782784	-0.590821	-0.195394
50409	9.513801	-0.153520	-1.777175	0.024539	-0.059819	-0.068184	-0.177321	-0.090145	0.980016	-0.596863	0.801611	-0.034259	-0.782504	-0.591010	-0.195947
50410	9.634762	-0.342615	-1.788811	0.004008	-0.060319	-0.067835	-0.177363	-0.091070	0.979923	-0.597024	0.801521	-0.033570	-0.782371	-0.590991	-0.196531
50411	9.706480	-0.336355	-1.804560	0.026540	-0.057719	-0.070551	-0.177298	-0.092027	0.979845	-0.597441	0.801239	-0.032852	-0.782067	-0.591225	-0.197039
50412	9.671897	-0.319289	-2.051874	0.020017	-0.037634	-0.070663	-0.177146	-0.092839	0.979796	-0.597732	0.801050	-0.032167	-0.781880	-0.591354	-0.197396
50413	9.550857	-0.298177	-2.211726	0.023288	-0.027385	-0.070098	-0.176872	-0.093660	0.979767	-0.598111	0.800797	-0.031422	-0.781652	-0.591568	-0.197658
50414	9.529576	-0.290674	-2.187155	0.009548	-0.035730	-0.065656	-0.176734	-0.094422	0.979719	-0.598311	0.800673	-0.030765	-0.781530	-0.591614	-0.198000
50415	9.680948	-0.305657	-2.161841	0.004683	-0.046150	-0.073674	-0.176582	-0.095311	0.979661	-0.598552	0.800521	-0.030006	-0.781379	-0.591677	-0.198406
50416	9.745634	-0.291430	-2.052220	-0.014723	-0.040587	-0.072470	-0.176440	-0.096155	0.979603	-0.598575	0.800534	-0.029234	-0.781394	-0.591524	-0.198803
50417	9.822365	-0.403879	-2.034833	-0.014397	-0.026635	-0.082629	-0.176068	-0.096994	0.979588	-0.598686	0.800482	-0.028346	-0.781393	-0.591457	-0.199009
50418	9.723177	-0.494766	-2.042223	0.015585	-0.023789	-0.086990	-0.175708	-0.097856	0.979567	-0.598970	0.800299	-0.027492	-0.781256	-0.591562	-0.199232
50419	9.659986	-0.424533	-1.792814	0.043822	-0.039049	-0.086386	-0.175403	-0.098795	0.979527	-0.599538	0.799901	-0.026680	-0.780889	-0.591944	-0.199537
50420	9.711623	-0.444315	-1.433263	0.042721	-0.071415	-0.088623	-0.175404	-0.099951	0.979410	-0.600037	0.799554	-0.025865	-0.780506	-0.592218	-0.200219
50421	9.920397	-0.589929	-1.190640	0.067165	-0.103078	-0.097019	-0.175594	-0.101352	0.979232	-0.600764	0.799035	-0.025027	-0.779903	-0.592682	-0.201194
50422	10.001739	-0.493255	-0.971154	0.109343	-0.117778	-0.098530	-0.175895	-0.102862	0.979020	-0.601799	0.798280	-0.024250	-0.779038	-0.593438	-0.202315
50423	9.951592	-0.341994	-0.639456	0.102348	-0.148331	-0.107932	-0.176338	-0.104590	0.978757	-0.602848	0.797513	-0.023389	-0.778126	-0.594166	-0.203684
50424	9.965202	-0.487445	-0.401820	0.057290	-0.204109	-0.107269	-0.177253	-0.106682	0.978366	-0.603492	0.797054	-0.022424	-0.777418	-0.594411	-0.205662
50425	10.185069	-0.953860	-0.304092	0.090921	-0.271579	-0.127164	-0.178525	-0.109379	0.977837	-0.604522	0.796304	-0.021295	-0.776326	-0.594925	-0.208283
50426	10.635480	-1.159201	0.329291	0.197281	-0.340039	-0.144949	-0.180259	-0.112582	0.977155	-0.606321	0.794962	-0.020260	-0.774520	-0.596122	-0.211560
50427	11.340863	-1.315591	0.346188	0.402726	-0.363102	-0.221768	-0.181707	-0.116485	0.976429	-0.609869	0.792275	-0.018976	-0.771390	-0.598942	-0.215002
50428	11.435926	-1.076340	0.435053	0.648478	-0.287326	-0.325017	-0.181900	-0.120805	0.975868	-0.615457	0.787984	-0.017174	-0.766893	-0.603729	-0.217684
50429	11.196777	-0.805181	0.604660	0.769607	-0.279997	-0.368644	-0.181625	-0.125354	0.975345	-0.622152	0.782748	-0.015254	-0.761537	-0.609584	-0.220156
50430	11.329507	-0.748622	0.614559	0.932195	-0.161451	-0.432459	-0.180116	-0.129739	0.975052	-0.630014	0.776474	-0.013063	-0.755407	-0.616649	-0.221593
50431	10.852931	-0.502959	0.713365	1.092663	-0.168076	-0.462822	-0.178371	-0.134309	0.974754	-0.639149	0.769004	-0.010999	-0.748113	-0.624975	-0.223012
50432	9.954698	-0.032719	0.550873	1.095380	-0.249422	-0.450231	-0.177303	-0.139345	0.974241	-0.648113	0.761491	-0.009035	-0.740617	-0.633020	-0.225326
50433	9.396162	0.736398	-0.027673	0.949284	-0.451687	-0.390457	-0.177807	-0.145143	0.973303	-0.656094	0.754644	-0.007322	-0.733434	-0.639880	-0.229408
50434	9.400720	1.601823	-0.319953	0.788637	-0.547963	-0.316285	-0.179696	-0.151062	0.972054	-0.662429	0.749101	-0.006044	-0.727253	-0.645003	-0.234679
50435	9.245777	2.113792	-1.102795	0.470255	-0.596146	-0.223789	-0.182222	-0.156503	0.970722	-0.666555	0.745440	-0.004942	-0.722842	-0.647940	-0.240153
50436	8.988165	2.225698	-1.786952	0.184567	-0.629530	-0.127706	-0.185885	-0.161555	0.969199	-0.668131	0.744032	-0.004120	-0.720450	-0.648318	-0.246244
50437	8.691368	2.064075	-2.419806	-0.089801	-0.667044	-0.041231	-0.190161	-0.166099	0.967600	-0.667835	0.744301	-0.003481	-0.719607	-0.646860	-0.252464
50438	8.634078	1.805431	-2.955933	-0.261865	-0.669133	0.019403	-0.195079	-0.170293	0.965891	-0.665923	0.746015	-0.002968	-0.720063	-0.643787	-0.258933
50439	8.392636	1.424404	-3.409402	-0.381562	-0.650553	0.084706	-0.200009	-0.173794	0.964257	-0.663350	0.748305	-0.002722	-0.721085	-0.640184	-0.264954
50440	8.291197	1.064726	-3.767545	-0.413483	-0.625196	0.136359	-0.205395	-0.176781	0.962581	-0.660099	0.751173	-0.002896	-0.722553	-0.635993	-0.270980
50441	8.395628	0.811641	-3.958341	-0.454505	-0.592906	0.184372	-0.210640	-0.179099	0.961017	-0.656747	0.754103	-0.003411	-0.724095	-0.631864	-0.276467
50442	8.648634	0.554065	-3.828852	-0.486148	-0.533262	0.213536	-0.215876	-0.180862	0.959524	-0.652777	0.757539	-0.004074	-0.726140	-0.627234	-0.281597
50443	8.788749	0.128043	-3.574720	-0.507749	-0.438703	0.222321	-0.220262	-0.181929	0.958325	-0.648918	0.760844	-0.004709	-0.728279	-0.622911	-0.285642
50444	8.872580	-0.270654	-3.459529	-0.473732	-0.360581	0.219327	-0.224283	-0.182515	0.957280	-0.644985	0.764176	-0.005417	-0.730542	-0.618647	-0.289111
50445	9.081648	-0.432407	-3.220723	-0.375011	-0.269752	0.195063	-0.227386	-0.182662	0.956520	-0.642020	0.766662	-0.006216	-0.732192	-0.615519	-0.291601
50446	9.225666	-0.509049	-3.042026	-0.278061	-0.133729	0.154578	-0.229328	-0.182317	0.956122	-0.639640	0.768644	-0.006851	-0.733669	-0.613145	-0.292889
50447	9.349330	-0.547354	-2.948826	-0.180880	0.028530	0.102007	-0.229650	-0.181381	0.956223	-0.638244	0.769800	-0.007263	-0.734782	-0.611972	-0.292550
50448	9.374334	-0.530962	-2.744169	-0.093243	0.201487	0.043703	-0.228418	-0.179832	0.956810	-0.637469	0.770440	-0.007379	-0.735838	-0.611622	-0.290620
50449	9.584765	-0.559902	-2.610228	0.010795	0.396738	-0.029450	-0.225200	-0.177617	0.957986	-0.637758	0.770204	-0.007121	-0.736580	-0.612567	-0.286727
50450	9.793578	-0.617314	-2.272602	0.149459	0.618535	-0.101261	-0.219968	-0.174620	0.959751	-0.639095	0.769100	-0.006543	-0.737002	-0.614811	-0.280776
50451	10.018745	-0.559239	-2.051307	0.287904	0.828438	-0.178749	-0.212643	-0.170893	0.962070	-0.641658	0.766970	-0.005586	-0.736924	-0.618508	-0.272745
50452	10.290876	-0.408142	-1.699533	0.399022	1.025904	-0.242580	-0.203495	-0.166399	0.964832	-0.645113	0.764075	-0.004286	-0.736491	-0.623298	-0.262832
50453	10.551026	-0.278639	-1.368338	0.506861	1.212687	-0.301043	-0.192518	-0.161097	0.967980	-0.649539	0.760323	-0.002647	-0.735551	-0.629250	-0.251015
50454	10.454900	-0.255619	-1.432199	0.554512	1.397217	-0.345738	-0.179965	-0.154901	0.971400	-0.654269	0.756262	-0.000617	-0.734538	-0.635668	-0.237447
50455	10.439303	-0.504864	-1.534568	0.642852	1.543228	-0.373699	-0.166114	-0.147836	0.974962	-0.659687	0.751538	0.001560	-0.732952	-0.642911	-0.222366
50456	10.699537	-0.577865	-1.311773	0.775789	1.664762	-0.397250	-0.151270	-0.140057	0.978520	-0.666003	0.745939	0.003810	-0.730450	-0.651121	-0.206116
50457	10.916235	-0.282825	-0.740125	0.906116	1.761856	-0.423866	-0.135521	-0.131653	0.981989	-0.673253	0.739386	0.006214	-0.726887	-0.660285	-0.188838
50458	10.748875	0.339783	-0.211063	0.965179	1.833998	-0.444415	-0.119189	-0.122744	0.985255	-0.680822	0.732395	0.008882	-0.722686	-0.669725	-0.170860
50459	10.508643	0.897961	0.024180	0.940735	1.861577	-0.453347	-0.102577	-0.113491	0.988230	-0.688164	0.725458	0.011883	-0.718268	-0.678845	-0.152516
50460	10.298033	1.434080	0.392110	0.815608	1.854841	-0.436555	-0.086241	-0.103997	0.990832	-0.694425	0.719407	0.015066	-0.714378	-0.686759	-0.134260
50461	10.250555	1.655880	0.592459	0.612876	1.851121	-0.400792	-0.070151	-0.094083	0.993090	-0.699167	0.714723	0.018323	-0.711508	-0.693050	-0.115918
50462	10.013709	1.567797	0.681539	0.419279	1.821099	-0.362604	-0.054638	-0.084022	0.994965	-0.702378	0.711479	0.021512	-0.709704	-0.697666	-0.097889
50463	9.798118	1.437834	0.569024	0.323574	1.773741	-0.315619	-0.039759	-0.073836	0.996478	-0.704885	0.708902	0.024403	-0.708207	-0.701431	-0.080231
50464	9.648493	1.599811	0.561489	0.241240	1.703163	-0.258637	-0.025850	-0.063712	0.997633	-0.706681	0.707023	0.026841	-0.707060	-0.704315	-0.063300
50465	9.458128	1.680423	0.432714	0.107585	1.624479	-0.206714	-0.012806	-0.053706	0.998475	-0.707557	0.706065	0.028903	-0.706540	-0.706108	-0.047042
50466	9.288774	1.665632	-0.286179	-0.031483	1.560441	-0.146382	-0.000712	-0.043733	0.999043	-0.707349	0.706211	0.030410	-0.706865	-0.706650	-0.031437
50467	8.906599	1.840017	-0.837563	-0.197800	1.481803	-0.084960	0.010470	-0.033845	0.999372	-0.706019	0.707498	0.031357	-0.708115	-0.705904	-0.016488
50468	8.600225	1.703243	-1.090860	-0.379283	1.428767	-0.039532	0.020915	-0.024072	0.999491	-0.703326	0.710155	0.031821	-0.710560	-0.703634	-0.002078
50469	8.281530	1.498130	-1.319099	-0.532840	1.385146	-0.008617	0.030933	-0.014388	0.999418	-0.699596	0.713825	0.031930	-0.713869	-0.700176	0.012014
50470	8.311734	1.527985	-1.748428	-0.650481	1.328960	0.022458	0.040321	-0.004969	0.999174	-0.694950	0.718363	0.031617	-0.717927	-0.695651	0.025512
50471	8.677896	1.430556	-0.383899	-0.823222	1.239004	0.040265	0.049050	0.003920	0.998789	-0.689124	0.723980	0.031001	-0.722982	-0.689810	0.038213
50472	8.054267	0.662852	-1.381131	-1.061189	1.086035	0.095738	0.056313	0.012049	0.998340	-0.681469	0.731247	0.029614	-0.729677	-0.682006	0.049390
50473	7.327781	0.683891	-1.285501	-1.075893	0.855782	0.143468	0.061684	0.018918	0.997916	-0.673725	0.738465	0.027645	-0.736404	-0.674026	0.058297
50474	7.154888	0.181766	-1.075119	-1.260555	0.622982	0.177022	0.065142	0.024385	0.997578	-0.664506	0.746860	0.025136	-0.744438	-0.664534	0.064856
50475	6.941896	-0.886091	-1.573615	-1.196455	0.338456	0.197026	0.066439	0.028103	0.997395	-0.655727	0.754665	0.022416	-0.752069	-0.655508	0.068567
50476	6.547772	-1.178300	-2.033590	-0.928399	0.005054	0.220641	0.065068	0.029789	0.997436	-0.648864	0.760651	0.019612	-0.758117	-0.648477	0.068823
50477	6.131610	-1.084186	-1.970198	-0.681584	-0.407645	0.254745	0.060386	0.029096	0.997751	-0.643870	0.764953	0.016661	-0.762748	-0.643428	0.064927
50478	7.405676	-1.174580	-2.074498	-0.490890	-0.890753	0.318777	0.051559	0.025805	0.998337	-0.640299	0.768012	0.013216	-0.766394	-0.639915	0.056121
50479	11.864211	-0.520284	2.577586	-0.192424	-0.948408	0.310420	0.042358	0.022117	0.998858	-0.638982	0.769156	0.010066	-0.768055	-0.638678	0.046713
50480	14.415607	-2.485261	4.734157	-0.378005	-0.628378	0.232366	0.036072	0.019884	0.999151	-0.636168	0.771513	0.007614	-0.770707	-0.635903	0.040479
50481	12.297624	-4.261759	1.699644	0.361561	-0.680291	0.305385	0.028953	0.017908	0.999420	-0.639085	0.769121	0.004733	-0.768591	-0.638852	0.033713
50482	10.258438	0.003966	-0.141516	1.080210	-0.943891	0.421450	0.019049	0.015046	0.999705	-0.647457	0.762102	0.000867	-0.761864	-0.647283	0.024259
50483	9.934478	4.099973	-0.277887	0.612755	-0.987780	0.481854	0.008473	0.012310	0.999888	-0.652229	0.758012	-0.003805	-0.757975	-0.652124	0.014452
50484	9.370291	3.661095	-1.084862	-0.320612	-0.894428	0.488964	-0.001469	0.010181	0.999947	-0.649818	0.760041	-0.008693	-0.760089	-0.649796	0.005499
50485	9.357359	1.044478	-2.430747	-0.827346	-0.813914	0.461247	-0.010594	0.008433	0.999908	-0.643506	0.765326	-0.013272	-0.765368	-0.643587	-0.002681
50486	9.689588	-0.894250	-3.483890	-0.778116	-0.773755	0.441929	-0.019335	0.006850	0.999790	-0.637471	0.770273	-0.017606	-0.770232	-0.637677	-0.010527
50487	10.344862	-0.795050	-3.672468	-0.506651	-0.810316	0.406541	-0.028112	0.004821	0.999593	-0.633476	0.773462	-0.021546	-0.773251	-0.633824	-0.018689
50488	10.864510	0.215848	-2.954995	-0.425999	-0.803112	0.379546	-0.036700	0.002666	0.999323	-0.630060	0.776137	-0.025210	-0.775679	-0.630559	-0.026805
50489	10.762866	0.115432	-2.788833	-0.652500	-0.760852	0.365798	-0.044858	0.000707	0.998993	-0.624836	0.780232	-0.028610	-0.779467	-0.625490	-0.034558
50490	10.329634	-0.335072	-3.062632	-0.716867	-0.771148	0.348300	-0.053022	-0.001388	0.998592	-0.619070	0.784693	-0.031779	-0.783544	-0.619883	-0.042465
50491	10.445058	-0.391436	-2.429145	-0.861134	-0.747062	0.324886	-0.060846	-0.003473	0.998141	-0.612101	0.790024	-0.034565	-0.788435	-0.613066	-0.050195
50492	10.394700	-1.445887	-2.391607	-0.941636	-0.688084	0.295691	-0.068059	-0.005340	0.997667	-0.604469	0.795770	-0.036976	-0.793716	-0.605575	-0.057388
50493	10.103025	-1.989044	-2.027328	-0.777317	-0.666104	0.262495	-0.074896	-0.007299	0.997165	-0.598074	0.800488	-0.039062	-0.797933	-0.599304	-0.064319
50494	9.998535	-1.836293	-1.307834	-0.607907	-0.652990	0.208528	-0.081330	-0.009543	0.996642	-0.593059	0.804130	-0.040696	-0.801041	-0.594377	-0.071060
50495	9.753114	-1.748976	-0.868470	-0.493606	-0.627259	0.163898	-0.087294	-0.011976	0.996111	-0.588944	0.807087	-0.041908	-0.803446	-0.590312	-0.077507
50496	9.333901	-1.866754	-0.702581	-0.301945	-0.639927	0.125376	-0.093147	-0.014753	0.995543	-0.586411	0.808878	-0.042880	-0.804640	-0.587792	-0.083996
50497	9.131025	-1.558158	-0.162394	-0.092826	-0.681938	0.125375	-0.099333	-0.017776	0.994895	-0.585535	0.809452	-0.043999	-0.804538	-0.586917	-0.090814
50498	9.064735	-1.103179	0.467335	0.043043	-0.724473	0.134578	-0.105918	-0.020960	0.994154	-0.585752	0.809221	-0.045345	-0.803540	-0.587130	-0.097989
50499	9.104234	-0.868612	1.123952	0.074348	-0.748738	0.141945	-0.112725	-0.024235	0.993331	-0.586197	0.808816	-0.046790	-0.802288	-0.587562	-0.105380
50500	8.852530	-0.754531	1.650986	0.121413	-0.795923	0.139537	-0.119894	-0.027807	0.992397	-0.587017	0.808134	-0.048275	-0.800648	-0.588342	-0.113213
50501	8.949933	-0.774252	1.378770	0.141363	-0.838784	0.132279	-0.127338	-0.031694	0.991353	-0.587999	0.807332	-0.049717	-0.798775	-0.589245	-0.121440
50502	9.032427	-0.680136	0.902098	0.145249	-0.868783	0.126324	-0.134985	-0.035818	0.990200	-0.589002	0.806514	-0.051119	-0.796779	-0.590130	-0.129964
50503	9.066213	-0.729882	-0.058334	0.080778	-0.861499	0.130795	-0.142566	-0.039859	0.988982	-0.589493	0.806066	-0.052491	-0.795093	-0.590482	-0.138415
50504	9.209487	-0.879336	-1.516277	0.024656	-0.848356	0.126425	-0.150023	-0.043870	0.987709	-0.589514	0.805968	-0.053744	-0.793704	-0.590331	-0.146775
50505	9.336768	-0.845443	-2.688534	0.016189	-0.814447	0.119638	-0.157140	-0.047721	0.986423	-0.589494	0.805904	-0.054920	-0.792341	-0.590120	-0.154770
50506	9.448939	-0.788373	-3.370560	-0.025375	-0.797918	0.104117	-0.164043	-0.051608	0.985102	-0.589136	0.806100	-0.055875	-0.791207	-0.589525	-0.162639
50507	9.788299	-0.776393	-3.905089	-0.058301	-0.765247	0.085777	-0.170556	-0.055436	0.983787	-0.588561	0.806470	-0.056593	-0.790258	-0.588671	-0.170176
50508	10.004164	-1.038374	-4.120775	-0.085142	-0.726362	0.078971	-0.176729	-0.059091	0.982484	-0.587762	0.807010	-0.057189	-0.789495	-0.587574	-0.177354
50509	10.072498	-1.095436	-4.178157	0.039946	-0.699174	0.066379	-0.182597	-0.062680	0.981188	-0.587978	0.806803	-0.057882	-0.787998	-0.587486	-0.184174
50510	10.087732	-0.735509	-3.627959	0.098773	-0.696969	0.054954	-0.188378	-0.066353	0.979853	-0.588665	0.806252	-0.058574	-0.786122	-0.587839	-0.190939
50511	10.026917	-0.875483	-3.390767	0.085014	-0.697332	0.042962	-0.194073	-0.070126	0.978477	-0.589264	0.805774	-0.059127	-0.784285	-0.588057	-0.197702
50512	10.041186	-1.169571	-3.304370	0.129271	-0.691457	0.024516	-0.199605	-0.074017	0.977077	-0.590240	0.805025	-0.059596	-0.782160	-0.588606	-0.204375
50513	10.010909	-1.043350	-3.127755	0.244751	-0.664614	0.014101	-0.204849	-0.077843	0.975693	-0.592130	0.803590	-0.060207	-0.779371	-0.590071	-0.210708
50514	9.877907	-0.828685	-2.708963	0.272846	-0.578754	-0.003168	-0.209304	-0.081309	0.974464	-0.594272	0.801968	-0.060727	-0.776552	-0.591807	-0.216175
50515	9.676755	-1.067242	-2.643182	0.257581	-0.516736	-0.042474	-0.213030	-0.084734	0.973364	-0.596366	0.800404	-0.060843	-0.773929	-0.593443	-0.221042
50516	9.603299	-0.957860	-2.486508	0.257975	-0.500295	-0.066762	-0.216468	-0.088261	0.972292	-0.598514	0.798806	-0.060739	-0.771312	-0.595079	-0.225741
50517	9.543105	-0.721119	-2.288985	0.219219	-0.511749	-0.074959	-0.219932	-0.091928	0.971174	-0.600376	0.797427	-0.060479	-0.768881	-0.596371	-0.230571
50518	9.428863	-0.433661	-2.135438	0.118731	-0.518233	-0.083081	-0.223384	-0.095702	0.970021	-0.601485	0.796634	-0.059918	-0.767017	-0.596838	-0.235519
50519	9.319198	-0.488978	-2.037860	-0.024646	-0.531221	-0.084624	-0.226920	-0.099567	0.968811	-0.601495	0.796695	-0.059007	-0.765971	-0.596124	-0.240675
50520	9.331791	-0.803431	-2.173060	-0.098720	-0.533300	-0.088358	-0.230443	-0.103467	0.967569	-0.600954	0.797185	-0.057881	-0.765343	-0.594802	-0.245885
50521	9.226353	-0.975435	-2.044822	-0.118141	-0.538653	-0.098215	-0.233943	-0.107465	0.966293	-0.600300	0.797768	-0.056612	-0.764794	-0.593310	-0.251144
50522	9.332300	-1.161984	-2.109288	-0.103127	-0.559175	-0.108864	-0.237536	-0.111668	0.964939	-0.599782	0.798253	-0.055269	-0.764093	-0.591881	-0.256590
50523	9.290620	-1.047069	-2.086145	-0.033567	-0.553159	-0.119447	-0.241011	-0.115905	0.963576	-0.599842	0.798293	-0.054010	-0.762956	-0.591011	-0.261923
50524	9.157586	-0.887348	-2.145017	-0.018578	-0.565367	-0.120665	-0.244569	-0.120228	0.962149	-0.600007	0.798253	-0.052768	-0.761694	-0.590202	-0.267365
50525	9.175272	-0.874803	-2.179630	-0.017481	-0.591639	-0.128696	-0.248270	-0.124758	0.960624	-0.600222	0.798176	-0.051465	-0.760326	-0.589364	-0.273045
50526	9.314339	-0.974061	-2.438443	-0.010083	-0.599846	-0.130355	-0.252016	-0.129351	0.959039	-0.600485	0.798062	-0.050156	-0.758885	-0.588529	-0.278797
50527	9.247225	-1.010429	-2.504274	0.020878	-0.607963	-0.144521	-0.255722	-0.134090	0.957406	-0.601050	0.797720	-0.048815	-0.757196	-0.587931	-0.284589
50528	9.255139	-0.986216	-2.366547	0.037704	-0.643054	-0.147638	-0.259669	-0.139067	0.955632	-0.601729	0.797288	-0.047481	-0.755311	-0.587361	-0.290711
50529	9.288308	-0.877230	-2.041166	0.085252	-0.675514	-0.157857	-0.263782	-0.144302	0.953727	-0.602824	0.796535	-0.046210	-0.753009	-0.587119	-0.297100
50530	9.190911	-0.677854	-1.463382	0.082040	-0.718287	-0.164861	-0.268159	-0.149851	0.951649	-0.603893	0.795802	-0.044856	-0.750603	-0.586722	-0.303895
50531	9.203430	-0.981691	-1.138504	0.050727	-0.776687	-0.169937	-0.272919	-0.155771	0.949342	-0.604760	0.795226	-0.043375	-0.748185	-0.585962	-0.311237
50532	9.091046	-1.049168	-0.569543	0.111059	-0.836212	-0.173864	-0.278082	-0.162071	0.946786	-0.606083	0.794290	-0.042047	-0.745207	-0.585523	-0.319106
50533	9.039768	-1.243185	-0.088053	0.079276	-0.931700	-0.174127	-0.283906	-0.168902	0.943859	-0.607242	0.793476	-0.040663	-0.742061	-0.584695	-0.327837
50534	9.066098	-1.337491	0.004440	0.137951	-0.997687	-0.191161	-0.290100	-0.176268	0.940623	-0.608826	0.792330	-0.039291	-0.738358	-0.584074	-0.337172
50535	9.101426	-0.476738	0.074769	0.168915	-1.074836	-0.204033	-0.296716	-0.184148	0.937043	-0.610786	0.790884	-0.037981	-0.734099	-0.583602	-0.347142
50536	9.304133	0.096702	-0.539219	0.046171	-1.141731	-0.194086	-0.303861	-0.192355	0.933096	-0.611722	0.790240	-0.036301	-0.730387	-0.581826	-0.357791
50537	9.259233	0.274391	-1.547872	-0.076364	-1.181879	-0.189835	-0.311249	-0.200708	0.928892	-0.611851	0.790230	-0.034269	-0.727161	-0.579010	-0.368762
50538	8.898729	-0.025266	-2.348385	-0.234065	-1.250804	-0.186903	-0.319158	-0.209421	0.924273	-0.610757	0.791186	-0.031632	-0.724648	-0.574602	-0.380418
50539	8.956080	-0.505288	-2.720903	-0.279715	-1.356685	-0.201947	-0.327700	-0.218745	0.919110	-0.609387	0.792354	-0.028694	-0.721984	-0.569497	-0.392954
50540	9.139912	-0.541463	-2.741484	-0.277832	-1.411115	-0.207165	-0.336577	-0.228406	0.913535	-0.608090	0.793454	-0.025658	-0.718987	-0.564147	-0.405950
50541	9.370187	-1.092216	-2.860717	-0.362961	-1.430809	-0.225007	-0.345444	-0.238178	0.907711	-0.606241	0.794973	-0.022119	-0.716338	-0.557933	-0.419012
50542	10.197707	-1.895460	-4.061145	-0.313077	-1.430046	-0.281917	-0.353930	-0.248377	0.901689	-0.605006	0.796012	-0.018209	-0.713233	-0.551972	-0.432003
50543	10.353949	-0.914538	-4.565778	-0.033977	-1.359688	-0.326196	-0.361582	-0.258409	0.895814	-0.605937	0.795369	-0.015143	-0.708589	-0.548282	-0.444171
50544	10.404368	-0.306715	-5.164948	-0.157536	-1.353854	-0.338549	-0.369069	-0.268512	0.889769	-0.606078	0.795324	-0.011385	-0.704597	-0.543471	-0.456269
50545	10.943028	-0.094768	-5.966643	-0.165005	-1.337350	-0.389426	-0.376087	-0.278773	0.883654	-0.606315	0.795192	-0.007185	-0.700671	-0.538475	-0.468085
50546	10.864472	0.907303	-5.713577	-0.171038	-1.302747	-0.435620	-0.382519	-0.289238	0.877508	-0.606790	0.794858	-0.002514	-0.696767	-0.533425	-0.479555
50547	10.835852	1.318444	-5.221929	-0.359780	-1.330778	-0.480905	-0.388842	-0.300043	0.871077	-0.606084	0.795394	0.003423	-0.693876	-0.526615	-0.491134
50548	11.342235	0.970555	-4.557037	-0.558509	-1.317272	-0.558202	-0.394565	-0.311388	0.864498	-0.604418	0.796590	0.011066	-0.692096	-0.518152	-0.502515
50549	11.869931	0.201694	-3.634230	-0.641728	-1.323700	-0.606123	-0.400064	-0.322924	0.857711	-0.602284	0.798043	0.019535	-0.690799	-0.508770	-0.513761
50550	11.868518	-0.304459	-2.313353	-0.622243	-1.329473	-0.614530	-0.405514	-0.334555	0.850665	-0.600484	0.799145	0.028040	-0.689185	-0.499441	-0.524960
50551	11.822826	-1.132432	-1.300789	-0.605755	-1.376257	-0.609403	-0.411338	-0.346128	0.843206	-0.598693	0.800151	0.036396	-0.687290	-0.489851	-0.536357
50552	11.985729	-1.791366	-0.767965	-0.408428	-1.351182	-0.637212	-0.416761	-0.357811	0.835632	-0.598550	0.799877	0.043981	-0.684140	-0.481838	-0.547526
50553	11.902812	-2.106994	-0.402980	-0.100616	-1.224289	-0.691782	-0.421023	-0.369011	0.828595	-0.600528	0.798023	0.050257	-0.679784	-0.476435	-0.557588
50554	11.188257	-1.898322	-0.632372	0.242415	-1.184997	-0.692908	-0.424836	-0.380179	0.821571	-0.605118	0.794259	0.054633	-0.673310	-0.473937	-0.567483
50555	10.468550	-1.239286	-0.908253	0.434403	-1.342614	-0.624789	-0.430071	-0.391275	0.813599	-0.610492	0.789954	0.057196	-0.665085	-0.472098	-0.578606
50556	10.200028	-0.475573	-1.343624	0.510287	-1.458386	-0.574304	-0.436151	-0.402691	0.804744	-0.616370	0.785253	0.058881	-0.655638	-0.470339	-0.590695
50557	10.121767	0.464033	-2.238780	0.549912	-1.582555	-0.487172	-0.443491	-0.413695	0.795093	-0.621865	0.780866	0.059425	-0.645445	-0.468086	-0.603570
50558	10.216389	1.591513	-2.514390	0.431265	-1.678271	-0.357883	-0.451977	-0.424328	0.784642	-0.626250	0.777338	0.059640	-0.635239	-0.464426	-0.617074
50559	10.273887	2.263751	-2.865234	0.179636	-1.732210	-0.239610	-0.461578	-0.433815	0.773790	-0.628052	0.775830	0.060315	-0.626495	-0.458141	-0.630565
50560	9.926156	2.407731	-3.664819	-0.063824	-1.754768	-0.133682	-0.471636	-0.442839	0.762531	-0.628300	0.775515	0.061767	-0.618707	-0.449966	-0.643997
50561	9.463178	2.538397	-4.409854	-0.204587	-1.764822	-0.059989	-0.482336	-0.450745	0.751120	-0.626841	0.776557	0.063480	-0.611901	-0.440213	-0.657107
50562	8.942107	2.542374	-5.278986	-0.389307	-1.749156	0.026112	-0.493122	-0.458166	0.739537	-0.624365	0.778349	0.065886	-0.605804	-0.429251	-0.669884
50563	8.543842	2.423699	-5.851913	-0.484085	-1.701926	0.089593	-0.504259	-0.464155	0.728205	-0.620362	0.781324	0.068433	-0.600728	-0.417243	-0.681934
50564	8.174969	2.215925	-6.334868	-0.543649	-1.600672	0.144949	-0.514705	-0.469626	0.717308	-0.616393	0.784218	0.071139	-0.595934	-0.405528	-0.693116
50565	7.755975	2.297396	-6.658467	-0.516752	-1.482297	0.205853	-0.525104	-0.473393	0.707223	-0.611593	0.787777	0.073213	-0.591793	-0.394088	-0.703189
50566	8.003674	1.687170	-7.319524	-0.803038	-1.227470	0.276772	-0.534016	-0.475990	0.698757	-0.605405	0.792188	0.076962	-0.590180	-0.381932	-0.711207
50567	7.813681	-0.957567	-8.233969	-1.083179	-0.764164	0.306074	-0.540713	-0.475875	0.693666	-0.596682	0.798227	0.082492	-0.592959	-0.369293	-0.715558
50568	7.822786	-3.330986	-7.862421	-0.566091	-0.443913	0.221146	-0.544636	-0.475752	0.690675	-0.592146	0.801331	0.085034	-0.593915	-0.362668	-0.718148
50569	8.889593	-4.557334	-7.492945	0.397299	-0.107010	0.044685	-0.545893	-0.475198	0.690063	-0.593553	0.800628	0.081791	-0.591351	-0.364940	-0.719113
50570	9.189744	-3.326544	-7.109218	1.494807	0.217500	-0.080432	-0.544107	-0.475053	0.691572	-0.602797	0.794674	0.071614	-0.583595	-0.377912	-0.718749
50571	9.037567	-0.685780	-6.761737	1.907966	0.491331	-0.112655	-0.540911	-0.473472	0.695155	-0.613808	0.787277	0.058603	-0.575026	-0.394993	-0.716467
50572	8.847892	0.969285	-6.765222	1.688656	0.783604	-0.088065	-0.535857	-0.471020	0.700712	-0.623964	0.780028	0.047171	-0.568794	-0.411942	-0.711883
50573	8.595156	1.253347	-6.820253	1.296182	1.105393	-0.030615	-0.529748	-0.466013	0.708660	-0.630793	0.775015	0.038108	-0.566981	-0.426830	-0.704520
50574	8.479420	0.806684	-6.730441	1.050558	1.405826	0.026373	-0.521911	-0.459725	0.718513	-0.636639	0.770556	0.030584	-0.567715	-0.441471	-0.694840
50575	8.500993	0.407623	-6.618180	0.953489	1.708099	0.033527	-0.512764	-0.451182	0.730417	-0.641178	0.767026	0.023679	-0.570932	-0.456186	-0.682591
50576	8.302724	0.361661	-6.426182	0.873431	1.997845	0.000316	-0.501286	-0.441927	0.743917	-0.646207	0.762955	0.017792	-0.575438	-0.471805	-0.668035
50577	8.027744	0.357300	-6.371064	0.755806	2.302118	-0.063889	-0.487740	-0.430931	0.759215	-0.650445	0.759438	0.013194	-0.582263	-0.487393	-0.650706
50578	7.581880	0.264527	-6.365149	0.691754	2.582176	-0.151089	-0.471588	-0.419297	0.775755	-0.655248	0.755348	0.009936	-0.590131	-0.503626	-0.630957
50579	7.230009	0.214897	-6.302381	0.713194	2.813711	-0.236812	-0.453530	-0.406191	0.793296	-0.660045	0.751190	0.007282	-0.598875	-0.520309	-0.608792
50580	7.009854	0.351540	-6.501594	0.792655	3.053753	-0.330416	-0.432893	-0.392514	0.811503	-0.666312	0.745654	0.005222	-0.607150	-0.538454	-0.584326
50581	6.730320	0.729135	-6.605029	0.895634	3.290903	-0.412620	-0.410110	-0.377201	0.830379	-0.673203	0.739450	0.003412	-0.615311	-0.557614	-0.557189
50582	6.351042	1.226422	-6.591203	0.916214	3.508090	-0.473592	-0.385150	-0.360792	0.849405	-0.680781	0.732483	0.002439	-0.623054	-0.577319	-0.527736
50583	6.253015	1.404796	-6.601130	0.885486	3.710716	-0.522270	-0.358364	-0.342522	0.868478	-0.688001	0.725706	0.002320	-0.631055	-0.596682	-0.495723
50584	6.015729	1.432004	-6.510143	0.844304	3.914062	-0.539170	-0.329752	-0.322699	0.887203	-0.695237	0.718774	0.003034	-0.638677	-0.615816	-0.461369
50585	5.702281	1.064020	-7.288676	0.776151	4.065644	-0.568827	-0.299626	-0.301165	0.905276	-0.701908	0.712252	0.004634	-0.646180	-0.634032	-0.424800
50586	6.066480	0.556499	-6.849751	1.012972	4.143785	-0.639478	-0.268203	-0.279032	0.922068	-0.710313	0.703857	0.006388	-0.650786	-0.653243	-0.386976
50587	7.105975	1.462738	-5.531766	1.134553	4.307856	-0.699697	-0.234996	-0.255251	0.937883	-0.719555	0.694381	0.008689	-0.653466	-0.672816	-0.346844
50588	6.900845	2.164248	-6.058005	0.984738	4.464764	-0.662500	-0.200931	-0.229398	0.952367	-0.727465	0.686044	0.011767	-0.656065	-0.690450	-0.304727
50589	6.699024	2.555597	-5.780113	0.868328	4.532595	-0.652707	-0.166281	-0.202087	0.965148	-0.734416	0.678521	0.015542	-0.658014	-0.706236	-0.261241
50590	7.114400	2.979902	-5.370681	0.596199	4.601819	-0.592375	-0.131541	-0.173305	0.976044	-0.739245	0.673143	0.019895	-0.660465	-0.718919	-0.216660
50591	7.426982	3.128895	-5.068244	0.215958	4.653158	-0.523194	-0.096736	-0.143079	0.984972	-0.741401	0.670611	0.024600	-0.664053	-0.727880	-0.170951
50592	8.349981	2.788298	-4.984083	-0.346310	4.663939	-0.449406	-0.062252	-0.112069	0.991749	-0.739461	0.672549	0.029583	-0.670315	-0.731518	-0.124739
50593	8.880900	1.788882	-5.001747	-0.772333	4.682561	-0.398166	-0.027648	-0.080449	0.996375	-0.734537	0.677699	0.034336	-0.678005	-0.730925	-0.077830
50594	8.918868	1.311921	-4.387835	-0.840061	4.630607	-0.352939	0.006522	-0.049072	0.998774	-0.728862	0.683586	0.038346	-0.684630	-0.728218	-0.031308
50595	9.248252	1.016080	-2.445751	-0.886153	4.439850	-0.315593	0.039415	-0.018953	0.999043	-0.722775	0.689830	0.041602	-0.689958	-0.723724	0.013491
50596	10.952930	0.528395	4.490298	-0.746480	4.043670	-0.367339	0.070060	0.007661	0.997513	-0.717421	0.695182	0.045048	-0.693108	-0.718793	0.054201
50597	13.449323	-0.377592	2.310343	-1.196841	3.475075	-0.302605	0.096480	0.030427	0.994870	-0.708919	0.703707	0.047227	-0.698660	-0.709839	0.089464
50598	9.322543	1.385575	2.480448	-0.856084	2.470893	-0.049665	0.114169	0.047518	0.992324	-0.702879	0.709763	0.046880	-0.702087	-0.702836	0.114433
50599	5.935926	1.363898	4.008232	-1.379686	1.640940	0.038743	0.125556	0.059307	0.990312	-0.693273	0.719280	0.044820	-0.709654	-0.692184	0.131426
50600	4.270428	-2.732132	2.048149	-1.366812	0.888166	0.057947	0.131528	0.065816	0.989125	-0.683599	0.728624	0.042419	-0.717908	-0.681744	0.140826
50601	4.766269	-3.061886	-0.220776	-0.182174	0.091687	0.064546	0.131818	0.066992	0.989008	-0.682479	0.729724	0.041534	-0.718920	-0.680452	0.141912
50602	5.686181	0.433542	-0.998484	0.260937	-0.573530	0.167755	0.126583	0.064293	0.989870	-0.684579	0.727826	0.040270	-0.717864	-0.682742	0.136144
50603	5.478081	1.428882	-3.652804	-0.077505	-1.004786	0.326798	0.117193	0.059891	0.991302	-0.684525	0.728053	0.036939	-0.719508	-0.682899	0.126320
50604	4.860633	0.635383	-6.577530	-0.361802	-1.324232	0.450771	0.104590	0.054135	0.993041	-0.682423	0.730253	0.032066	-0.723436	-0.681028	0.113320
50605	5.998422	-0.675823	-7.202939	-0.413305	-1.663539	0.471917	0.089370	0.046321	0.994921	-0.679955	0.732758	0.026962	-0.727787	-0.678911	0.096983
50606	12.324871	0.175411	-3.197245	0.148501	-1.591582	0.270696	0.075973	0.037471	0.996406	-0.681270	0.731624	0.024431	-0.728079	-0.680677	0.081112
50607	15.922651	1.531031	1.033649	-0.268991	-1.121188	0.125065	0.067004	0.030783	0.997278	-0.679444	0.733366	0.023013	-0.730661	-0.679136	0.070054
50608	14.923308	-1.924308	-2.246749	-0.459443	-1.141647	0.206140	0.057275	0.024550	0.998057	-0.676217	0.736411	0.020692	-0.734472	-0.676088	0.058779
50609	13.114468	-2.126216	-3.797608	0.131664	-1.408860	0.367195	0.044501	0.017730	0.998852	-0.677413	0.735404	0.017126	-0.734256	-0.677397	0.044737
