// General information: 
//  MT Manager version: 2022.2.0 
//  XDA version: 2022.2.0 build 7381 rev 124627 built on 2023-07-19
// Device information: 
//  DeviceId: 00B4CBA7
//  ProductCode: MTW2-3A7G6
//  Firmware Version: 4.6.0
//  Hardware Version: 2.0.0
// Device settings: 
//  Filter Profile: human(46.1)
//  Option Flags: Orientation Smoother Disabled, Position/Velocity Smoother Disabled, Continuous Zero Rotation Update Disabled, AHS Disabled, ICC Disabled
// Coordinate system: ENU
PacketCounter	Acc_X	Acc_Y	Acc_Z	Gyr_X	Gyr_Y	Gyr_Z	Mat[1][1]	Mat[2][1]	Mat[3][1]	Mat[1][2]	Mat[2][2]	Mat[3][2]	Mat[1][3]	Mat[2][3]	Mat[3][3]
46425	9.539297	0.161063	-2.151745	0.015219	0.004213	0.015404	-0.175514	-0.141533	0.974250	-0.588729	0.808251	0.011357	-0.789046	-0.571576	-0.225184
46426	9.513743	0.135568	-2.128145	-0.013955	-0.006000	0.016641	-0.175641	-0.141462	0.974238	-0.588603	0.808344	0.011258	-0.789112	-0.571461	-0.225243
46427	9.587758	0.156415	-2.126721	-0.042790	0.005137	0.019568	-0.175695	-0.141354	0.974243	-0.588276	0.808582	0.011229	-0.789343	-0.571151	-0.225219
46428	9.467115	0.184560	-2.151755	-0.059511	0.008480	0.017947	-0.175715	-0.141190	0.974264	-0.587788	0.808937	0.011220	-0.789702	-0.570689	-0.225133
46429	9.490435	0.158412	-2.127004	-0.055123	-0.002289	0.019418	-0.175788	-0.141092	0.974265	-0.587349	0.809256	0.011219	-0.790013	-0.570261	-0.225128
46430	9.490786	0.158085	-2.151522	-0.068888	-0.002095	0.023898	-0.175926	-0.140940	0.974262	-0.586776	0.809672	0.011174	-0.790408	-0.569707	-0.225143
46431	9.538595	0.107492	-2.200851	-0.050658	-0.006982	0.023989	-0.175760	-0.140885	0.974300	-0.586450	0.809906	0.011320	-0.790686	-0.569388	-0.224971
46432	9.515369	0.155622	-2.176508	-0.047584	-0.007008	0.020959	-0.175918	-0.140786	0.974286	-0.586051	0.810196	0.011257	-0.790947	-0.569000	-0.225036
46433	9.465478	0.108461	-2.227617	-0.029268	-0.008807	0.016496	-0.176146	-0.140754	0.974249	-0.585797	0.810381	0.011166	-0.791084	-0.568745	-0.225198
46434	9.537207	0.080087	-2.203833	-0.015657	-0.016658	0.014994	-0.176345	-0.140758	0.974212	-0.585661	0.810481	0.011089	-0.791141	-0.568602	-0.225361
46435	9.512785	0.080082	-2.230257	0.010265	-0.018620	0.013634	-0.176555	-0.140916	0.974152	-0.585821	0.810365	0.011049	-0.790976	-0.568727	-0.225625
46436	9.538105	0.125993	-2.206455	0.014815	-0.020226	0.013651	-0.176775	-0.140951	0.974106	-0.585928	0.810290	0.010917	-0.790847	-0.568826	-0.225826
46437	9.588258	0.171697	-2.206432	-0.007937	-0.012197	0.013568	-0.176922	-0.140933	0.974082	-0.585843	0.810352	0.010837	-0.790877	-0.568742	-0.225934
46438	9.539684	0.172815	-2.232103	-0.027606	-0.001197	0.016589	-0.177009	-0.140836	0.974081	-0.585609	0.810522	0.010772	-0.791031	-0.568524	-0.225945
46439	9.490146	0.172430	-2.184299	-0.026220	-0.007369	0.021118	-0.177109	-0.140727	0.974078	-0.585380	0.810689	0.010687	-0.791178	-0.568313	-0.225960
46440	9.561673	0.142987	-2.135640	-0.032344	-0.007290	0.024130	-0.177288	-0.140604	0.974063	-0.585095	0.810896	0.010559	-0.791349	-0.568048	-0.226029
46441	9.539049	0.191148	-2.134944	-0.056532	0.006848	0.027157	-0.177389	-0.140305	0.974088	-0.584545	0.811294	0.010407	-0.791732	-0.567552	-0.225930
46442	9.488266	0.142255	-2.111851	-0.062809	-0.002210	0.028550	-0.177554	-0.140117	0.974085	-0.584011	0.811680	0.010304	-0.792090	-0.567047	-0.225947
46443	9.511142	0.091735	-2.137468	-0.052246	-0.010001	0.025489	-0.177781	-0.140055	0.974053	-0.583598	0.811978	0.010234	-0.792343	-0.566636	-0.226090
46444	9.510516	0.089784	-2.114417	-0.040207	-0.019378	0.025471	-0.178064	-0.139989	0.974010	-0.583248	0.812231	0.010111	-0.792537	-0.566290	-0.226277
46445	9.511640	0.090746	-2.238855	-0.025163	-0.031847	0.023910	-0.178257	-0.140149	0.973952	-0.583162	0.812292	0.010153	-0.792557	-0.566162	-0.226526
46446	9.559547	0.063883	-2.290328	-0.018938	-0.025842	0.022490	-0.178573	-0.140144	0.973895	-0.582986	0.812420	0.010012	-0.792615	-0.565979	-0.226778
46447	9.560016	0.086640	-2.291655	-0.020228	-0.013592	0.021090	-0.178751	-0.140202	0.973854	-0.582906	0.812478	0.009977	-0.792634	-0.565882	-0.226956
46448	9.461687	0.087890	-2.244567	-0.026026	0.001812	0.018173	-0.178822	-0.140077	0.973859	-0.582682	0.812640	0.009894	-0.792783	-0.565681	-0.226938
46449	9.484173	0.059543	-2.171859	-0.021651	-0.007479	0.022675	-0.178979	-0.140097	0.973827	-0.582582	0.812712	0.009846	-0.792821	-0.565572	-0.227076
46450	9.506552	0.031090	-2.099620	-0.006345	-0.007683	0.015136	-0.179108	-0.140051	0.973810	-0.582520	0.812758	0.009749	-0.792838	-0.565517	-0.227154
46451	9.482797	0.055139	-2.100660	-0.001989	-0.019957	0.013497	-0.179260	-0.140266	0.973751	-0.582631	0.812677	0.009806	-0.792721	-0.565580	-0.227404
46452	9.531460	0.052682	-2.126472	0.008691	-0.021636	0.008964	-0.179463	-0.140350	0.973702	-0.582700	0.812629	0.009735	-0.792625	-0.565629	-0.227619
46453	9.505662	0.028269	-2.129453	0.014783	-0.023244	0.005930	-0.179761	-0.140401	0.973639	-0.582758	0.812589	0.009584	-0.792514	-0.565673	-0.227892
46454	9.577960	0.023902	-2.106886	0.020702	-0.032531	0.007387	-0.180042	-0.140559	0.973565	-0.582924	0.812471	0.009500	-0.792328	-0.565804	-0.228214
46455	9.529108	0.026065	-2.159120	0.014723	-0.027770	0.001301	-0.180284	-0.140795	0.973486	-0.583096	0.812348	0.009504	-0.792147	-0.565922	-0.228551
46456	9.553036	0.047522	-2.087583	-0.003545	-0.024400	0.004289	-0.180483	-0.140933	0.973429	-0.583076	0.812362	0.009506	-0.792117	-0.565867	-0.228792
46457	9.548834	-0.095143	-2.264036	-0.000459	-0.024392	-0.001799	-0.180511	-0.141262	0.973376	-0.583233	0.812247	0.009718	-0.791994	-0.565951	-0.229008
46458	9.524136	-0.071180	-2.192346	0.019613	-0.014028	-0.007682	-0.180557	-0.141438	0.973342	-0.583418	0.812113	0.009785	-0.791848	-0.566099	-0.229151
46459	9.495202	-0.190456	-2.245919	0.043895	-0.025026	-0.021412	-0.180676	-0.141755	0.973274	-0.583779	0.811852	0.009873	-0.791554	-0.566393	-0.229436
46460	9.566992	-0.193940	-2.174706	0.107856	-0.035290	-0.031877	-0.180749	-0.142249	0.973188	-0.584706	0.811184	0.009972	-0.790853	-0.567227	-0.229795
46461	9.540743	-0.217286	-2.154102	0.143005	-0.034367	-0.037796	-0.180837	-0.142733	0.973101	-0.585888	0.810331	0.009979	-0.789958	-0.568324	-0.230164
46462	9.438128	-0.288967	-1.988418	0.185814	-0.034994	-0.055908	-0.180766	-0.143420	0.973013	-0.587472	0.809181	0.010131	-0.788797	-0.569786	-0.230527
46463	9.491853	-0.142283	-2.013274	0.243664	-0.046613	-0.070996	-0.180875	-0.144288	0.972864	-0.589513	0.807695	0.010189	-0.787247	-0.571673	-0.231152
46464	9.521664	0.076252	-1.843627	0.235916	-0.054068	-0.075658	-0.180835	-0.145243	0.972730	-0.591521	0.806222	0.010414	-0.785749	-0.573507	-0.231707
46465	9.544536	0.007996	-2.118762	0.217344	-0.067501	-0.071235	-0.180764	-0.146250	0.972592	-0.593446	0.804803	0.010722	-0.784313	-0.575242	-0.232271
46466	9.518291	-0.036130	-2.271667	0.213028	-0.053659	-0.077281	-0.180706	-0.147215	0.972457	-0.595271	0.803450	0.011014	-0.782942	-0.576885	-0.232821
46467	9.474748	0.139657	-2.373290	0.234497	-0.049407	-0.086338	-0.180441	-0.148141	0.972366	-0.597276	0.801956	0.011343	-0.781475	-0.578724	-0.233186
46468	9.453944	0.289887	-2.402297	0.214617	-0.052126	-0.087934	-0.180301	-0.149182	0.972233	-0.599126	0.800569	0.011733	-0.780090	-0.580374	-0.233722
46469	9.529159	0.412856	-2.333394	0.152133	-0.045033	-0.078957	-0.179984	-0.150036	0.972160	-0.600486	0.799542	0.012223	-0.779117	-0.581568	-0.233999
46470	9.474182	0.247846	-2.436694	0.081792	-0.051576	-0.065433	-0.179971	-0.150893	0.972030	-0.601256	0.798955	0.012704	-0.778525	-0.582152	-0.234514
46471	9.492678	0.105450	-2.417029	0.040695	-0.044840	-0.067064	-0.179772	-0.151562	0.971962	-0.601653	0.798648	0.013256	-0.778265	-0.582401	-0.234762
46472	9.491739	0.111075	-2.470186	0.005570	-0.045841	-0.062572	-0.179730	-0.152362	0.971845	-0.601824	0.798508	0.013888	-0.778142	-0.582384	-0.235211
46473	9.490029	0.092389	-2.498595	-0.009589	-0.037991	-0.056498	-0.179577	-0.153183	0.971744	-0.601987	0.798372	0.014607	-0.778051	-0.582354	-0.235584
46474	9.469187	0.269382	-2.404197	-0.004924	-0.031954	-0.056486	-0.179463	-0.153854	0.971659	-0.602066	0.798302	0.015205	-0.778017	-0.582274	-0.235896
46475	9.489991	0.176716	-2.431761	-0.011067	-0.034918	-0.058024	-0.179264	-0.154543	0.971587	-0.602123	0.798246	0.015876	-0.778018	-0.582169	-0.236151
46476	9.486517	0.109205	-2.239331	0.004349	-0.024446	-0.064097	-0.179045	-0.155231	0.971517	-0.602287	0.798108	0.016525	-0.777942	-0.582174	-0.236391
46477	9.484364	0.066389	-2.193229	-0.000332	-0.032013	-0.064108	-0.178747	-0.156012	0.971447	-0.602485	0.797943	0.017290	-0.777857	-0.582192	-0.236625
46478	9.507584	0.071987	-2.025202	-0.029301	-0.030105	-0.064147	-0.178571	-0.156733	0.971364	-0.602388	0.798000	0.018020	-0.777973	-0.581920	-0.236914
46479	9.482989	0.104014	-1.905273	-0.093209	-0.015551	-0.061166	-0.178108	-0.157442	0.971334	-0.601910	0.798337	0.019032	-0.778448	-0.581266	-0.236956
46480	9.335389	0.091140	-1.833898	-0.132914	-0.018101	-0.064267	-0.177838	-0.158095	0.971277	-0.601005	0.798995	0.020010	-0.779209	-0.580184	-0.237108
46481	9.456991	0.120748	-1.641031	-0.133220	-0.044020	-0.074992	-0.177643	-0.158904	0.971181	-0.600098	0.799649	0.021071	-0.779952	-0.579061	-0.237410
46482	9.428870	0.010095	-1.842800	-0.191654	-0.081480	-0.073603	-0.177813	-0.159998	0.970970	-0.598749	0.800627	0.022280	-0.780949	-0.577406	-0.238161
46483	9.494466	-0.246184	-2.293014	-0.104955	-0.106821	-0.095012	-0.178037	-0.161391	0.970699	-0.598144	0.801045	0.023477	-0.781362	-0.576438	-0.239151
46484	9.495118	-0.086258	-2.619796	-0.022614	-0.112265	-0.105723	-0.178258	-0.162919	0.970403	-0.598172	0.800991	0.024596	-0.781291	-0.576083	-0.240236
46485	9.494093	0.048843	-2.995664	0.041480	-0.111376	-0.114918	-0.178387	-0.164524	0.970108	-0.598768	0.800512	0.025658	-0.780804	-0.576292	-0.241312
46486	9.518692	0.278975	-3.321358	0.105745	-0.093702	-0.114929	-0.178405	-0.166018	0.969850	-0.599814	0.799699	0.026556	-0.779997	-0.576992	-0.242250
46487	9.545764	0.553235	-3.180660	0.086303	-0.053891	-0.101033	-0.178122	-0.167078	0.969720	-0.600665	0.799033	0.027337	-0.779406	-0.577608	-0.242684
46488	9.468951	0.414277	-3.038332	0.045464	-0.015411	-0.090163	-0.177675	-0.167921	0.969657	-0.601195	0.798607	0.028139	-0.779099	-0.577953	-0.242846
46489	9.497648	0.639328	-2.696715	0.002818	-0.007439	-0.083951	-0.177074	-0.168581	0.969652	-0.601368	0.798446	0.028996	-0.779103	-0.577983	-0.242763
46490	9.496532	0.573547	-2.550686	-0.084059	0.000841	-0.066964	-0.176639	-0.169144	0.969633	-0.600847	0.798805	0.029888	-0.779604	-0.577322	-0.242730
46491	9.395945	0.388390	-2.501498	-0.134324	0.011897	-0.063774	-0.176152	-0.169645	0.969635	-0.599964	0.799431	0.030872	-0.780394	-0.576307	-0.242602
46492	9.326074	0.542898	-2.229259	-0.166265	0.022768	-0.051461	-0.175640	-0.169959	0.969672	-0.598771	0.800288	0.031813	-0.781424	-0.575024	-0.242329
46493	9.250843	0.381443	-2.178834	-0.273087	0.017342	-0.034493	-0.175362	-0.170051	0.969706	-0.596639	0.801842	0.032717	-0.783115	-0.572828	-0.242072
46494	9.323821	0.289444	-1.933653	-0.321947	0.014652	-0.038993	-0.174990	-0.170314	0.969728	-0.594199	0.803603	0.033912	-0.785052	-0.570277	-0.241823
46495	9.298603	0.174739	-1.762086	-0.401241	0.019645	-0.023550	-0.174740	-0.170296	0.969776	-0.591022	0.805895	0.035024	-0.787502	-0.567039	-0.241471
46496	9.268129	-0.278207	-1.794870	-0.390785	-0.009258	-0.040622	-0.174549	-0.170708	0.969738	-0.588026	0.808023	0.036398	-0.789783	-0.563878	-0.241421
46497	9.437825	-0.367756	-1.751564	-0.279552	-0.024840	-0.074564	-0.174384	-0.171370	0.969651	-0.585909	0.809500	0.037695	-0.791392	-0.561553	-0.241571
46498	9.462885	-0.231203	-1.850606	-0.169908	-0.054152	-0.101088	-0.174198	-0.172525	0.969479	-0.584754	0.810267	0.039122	-0.792286	-0.560092	-0.242031
46499	9.587372	0.227153	-2.137752	-0.023498	-0.062310	-0.121356	-0.174166	-0.173576	0.969297	-0.584614	0.810322	0.040062	-0.792397	-0.559687	-0.242605
46500	9.614628	0.751764	-2.178941	0.020758	-0.068816	-0.107822	-0.174058	-0.174865	0.969085	-0.584980	0.810006	0.041092	-0.792150	-0.559743	-0.243281
46501	9.585452	0.696129	-2.480938	-0.038751	-0.084172	-0.081918	-0.174197	-0.175914	0.968870	-0.584789	0.810101	0.041946	-0.792261	-0.559277	-0.243990
46502	9.432661	0.318241	-2.596246	-0.046379	-0.085710	-0.078862	-0.174393	-0.177063	0.968626	-0.584573	0.810209	0.042857	-0.792377	-0.558758	-0.244801
46503	9.482111	0.414392	-2.261070	0.046579	-0.101015	-0.099261	-0.174810	-0.178427	0.968300	-0.585144	0.809758	0.043575	-0.791864	-0.558977	-0.245959
46504	9.631194	0.901495	-1.966701	0.083176	-0.113373	-0.096535	-0.175120	-0.179873	0.967977	-0.585985	0.809108	0.044339	-0.791173	-0.559455	-0.247094
46505	9.603727	0.957151	-1.978157	0.096918	-0.139572	-0.080165	-0.175906	-0.181211	0.967584	-0.586857	0.808455	0.044719	-0.790352	-0.559967	-0.248557
46506	9.521187	0.752168	-2.389256	0.129000	-0.170414	-0.060901	-0.176873	-0.182688	0.967130	-0.587997	0.807609	0.045020	-0.789288	-0.560707	-0.250264
46507	9.436688	0.568522	-2.849955	0.216051	-0.176847	-0.047799	-0.178026	-0.183937	0.966682	-0.589722	0.806361	0.044827	-0.787740	-0.562093	-0.252026
46508	9.505075	0.882935	-2.887779	0.289338	-0.193873	-0.037837	-0.179307	-0.185363	0.966173	-0.592080	0.804650	0.044493	-0.785678	-0.564074	-0.254029
46509	9.623473	0.998350	-2.833294	0.237666	-0.154308	-0.018714	-0.180507	-0.186158	0.965796	-0.593843	0.803384	0.043864	-0.784071	-0.565614	-0.255565
46510	9.427036	0.845533	-2.675777	0.162995	-0.106932	-0.014586	-0.181238	-0.186909	0.965514	-0.595160	0.802422	0.043619	-0.782903	-0.566730	-0.256670
46511	9.329337	0.498668	-2.494630	0.132459	-0.099241	-0.017288	-0.181940	-0.187440	0.965279	-0.596123	0.801724	0.043320	-0.782007	-0.567543	-0.257603
46512	9.309194	0.591083	-2.184977	0.120142	-0.089985	-0.029307	-0.182449	-0.188212	0.965033	-0.597128	0.800975	0.043323	-0.781121	-0.568344	-0.258524
46513	9.330620	0.811228	-2.242068	0.054694	-0.125138	-0.009012	-0.183464	-0.188864	0.964713	-0.597497	0.800710	0.043128	-0.780601	-0.568501	-0.259747
46514	9.467282	0.740908	-2.551454	0.002942	-0.132789	0.003723	-0.184503	-0.189615	0.964368	-0.597526	0.800690	0.043114	-0.780334	-0.568280	-0.261030
46515	9.419555	0.811483	-2.390624	-0.015249	-0.123671	0.013149	-0.185599	-0.190128	0.964056	-0.597336	0.800841	0.042940	-0.780220	-0.567896	-0.262205
46516	9.397340	0.661183	-2.184342	-0.047161	-0.138972	0.025656	-0.186818	-0.190736	0.963701	-0.596933	0.801146	0.042845	-0.780237	-0.567260	-0.263525
46517	9.382516	0.677676	-1.732886	-0.025732	-0.146670	0.031431	-0.188079	-0.191302	0.963343	-0.596653	0.801365	0.042649	-0.780149	-0.566760	-0.264861
46518	9.290886	0.916023	-1.472633	-0.094298	-0.166473	0.041402	-0.189605	-0.191938	0.962917	-0.595851	0.801968	0.042529	-0.780392	-0.565692	-0.266424
46519	9.315084	0.911862	-1.417239	-0.083558	-0.218454	0.051559	-0.191680	-0.192489	0.962396	-0.594936	0.802672	0.042049	-0.780583	-0.564504	-0.268375
46520	9.377904	0.837766	-1.661630	-0.136785	-0.259689	0.068874	-0.194099	-0.193424	0.961724	-0.593747	0.803566	0.041783	-0.780890	-0.562911	-0.270816
46521	9.307797	0.523355	-2.129352	-0.101654	-0.294936	0.075619	-0.196792	-0.194390	0.960981	-0.592748	0.804327	0.041318	-0.780975	-0.561489	-0.273510
46522	9.439330	0.936952	-2.448439	-0.057279	-0.316517	0.085295	-0.199750	-0.195503	0.960145	-0.592144	0.804805	0.040683	-0.780683	-0.560418	-0.276526
46523	9.425199	0.967306	-3.235302	-0.081092	-0.338128	0.119158	-0.203190	-0.196237	0.959273	-0.591185	0.805565	0.039570	-0.780522	-0.559067	-0.279695
46524	9.442483	0.966986	-3.755555	-0.038271	-0.318467	0.119940	-0.206366	-0.197072	0.958424	-0.590652	0.806005	0.038553	-0.780091	-0.558139	-0.282733
46525	9.478967	0.980693	-3.834557	-0.004212	-0.286716	0.134717	-0.209450	-0.197504	0.957665	-0.590307	0.806322	0.037186	-0.779531	-0.557528	-0.285472
46526	9.478827	0.792096	-3.644839	0.018980	-0.270139	0.143463	-0.212384	-0.197875	0.956942	-0.590164	0.806490	0.035783	-0.778845	-0.557153	-0.288064
46527	9.472215	0.645838	-3.157669	-0.001814	-0.228940	0.156614	-0.215053	-0.197767	0.956368	-0.589716	0.806884	0.034250	-0.778452	-0.556620	-0.290150
46528	9.380882	0.349610	-2.446276	0.030205	-0.224559	0.154260	-0.217693	-0.197794	0.955765	-0.589629	0.807012	0.032711	-0.777784	-0.556426	-0.292306
46529	9.281950	0.424260	-1.997588	0.071285	-0.266149	0.160337	-0.220638	-0.197929	0.955062	-0.589761	0.806983	0.030994	-0.776853	-0.556420	-0.294782
46530	9.339790	0.451806	-1.807339	0.096829	-0.306045	0.157694	-0.223927	-0.198381	0.954202	-0.590174	0.806747	0.029226	-0.775598	-0.556601	-0.297731
46531	9.468024	0.423631	-1.283140	0.113491	-0.323017	0.158560	-0.227414	-0.198847	0.953280	-0.590683	0.806442	0.027305	-0.774194	-0.556877	-0.300851
46532	9.374645	0.666549	-0.545891	0.082631	-0.337964	0.153352	-0.230917	-0.199513	0.952298	-0.590982	0.806278	0.025617	-0.772928	-0.556876	-0.304092
46533	9.181388	0.935671	0.415789	0.102807	-0.406816	0.139921	-0.234828	-0.200548	0.951124	-0.591388	0.806032	0.023944	-0.771438	-0.556860	-0.307880
46534	9.229584	1.272687	1.499403	0.037629	-0.551311	0.156552	-0.239986	-0.202374	0.949448	-0.591317	0.806129	0.022362	-0.769903	-0.556059	-0.313127
46535	9.087735	0.244079	0.776204	-0.032380	-0.724799	0.177974	-0.246549	-0.204920	0.947218	-0.590637	0.806670	0.020778	-0.768350	-0.554339	-0.319917
46536	9.204518	-0.090931	0.665980	0.039866	-0.834140	0.151225	-0.253825	-0.208338	0.944547	-0.590576	0.806752	0.019241	-0.766024	-0.552943	-0.327813
46537	8.990811	-0.460212	0.208038	0.082858	-0.943435	0.156142	-0.261888	-0.212249	0.941470	-0.590847	0.806594	0.017486	-0.763095	-0.551685	-0.336644
46538	8.895336	-0.178301	0.281332	0.226632	-1.041911	0.128269	-0.270560	-0.216980	0.937932	-0.592242	0.805610	0.015529	-0.758977	-0.551282	-0.346471
46539	9.116792	0.436850	0.409385	0.276986	-1.182221	0.138517	-0.280012	-0.222335	0.933895	-0.593919	0.804413	0.013433	-0.754224	-0.550896	-0.357295
46540	9.470121	0.023721	-0.321908	0.241540	-1.316850	0.169416	-0.290900	-0.228241	0.929130	-0.595263	0.803456	0.010999	-0.749025	-0.549877	-0.369589
46541	9.648205	-1.000612	-1.817399	0.272972	-1.420617	0.185490	-0.302393	-0.234422	0.923907	-0.596762	0.802376	0.008267	-0.743259	-0.548853	-0.382527
46542	9.344918	-0.527826	-2.846964	0.484949	-1.472767	0.147968	-0.314153	-0.241342	0.918184	-0.599905	0.800056	0.005038	-0.735814	-0.549241	-0.396122
46543	9.587145	-0.285299	-3.806427	0.446412	-1.572516	0.258794	-0.326932	-0.247686	0.912013	-0.602312	0.798260	0.000880	-0.728242	-0.549028	-0.410161
46544	10.574296	2.120091	-2.306443	0.442368	-1.570663	0.247180	-0.339782	-0.254353	0.905457	-0.604705	0.796443	-0.003191	-0.720334	-0.548619	-0.424425
46545	11.245172	0.732969	-2.039408	-0.087319	-1.549698	0.482722	-0.353492	-0.258720	0.898948	-0.602347	0.798202	-0.007135	-0.715696	-0.544001	-0.437997
46546	11.682021	-1.161707	-2.821210	0.002230	-1.733149	0.471360	-0.368658	-0.264361	0.891181	-0.600674	0.799413	-0.011344	-0.709423	-0.539492	-0.453505
46547	12.279969	-1.288983	-2.596408	0.133552	-1.612935	0.369772	-0.381985	-0.269925	0.883871	-0.600218	0.799692	-0.015181	-0.702727	-0.536314	-0.467484
46548	12.010605	-0.465293	-1.521245	0.084825	-1.510339	0.324828	-0.394480	-0.275417	0.876659	-0.599564	0.800115	-0.018423	-0.696353	-0.532881	-0.480760
46549	11.611937	0.071731	-0.898515	0.090146	-1.619953	0.331384	-0.407445	-0.281241	0.868845	-0.598872	0.800551	-0.021706	-0.689450	-0.529171	-0.494608
46550	11.576456	0.834832	-0.226394	0.080549	-1.746356	0.368005	-0.421601	-0.287515	0.859993	-0.597913	0.801163	-0.025273	-0.681728	-0.524856	-0.509679
46551	11.405940	1.013253	-0.617483	-0.033689	-1.928099	0.470390	-0.437258	-0.293731	0.850016	-0.595754	0.802639	-0.029103	-0.673708	-0.519126	-0.525952
46552	11.367314	0.596006	-1.611262	-0.058755	-2.128152	0.532284	-0.454643	-0.300446	0.838470	-0.593002	0.804513	-0.033265	-0.664566	-0.512338	-0.543932
46553	11.838337	-0.590042	-2.350691	-0.146739	-2.164712	0.505099	-0.471697	-0.307269	0.826491	-0.589737	0.806764	-0.036641	-0.655525	-0.504696	-0.561756
46554	11.829219	-1.341325	-3.202733	-0.182978	-2.132914	0.340190	-0.487564	-0.315216	0.814199	-0.586930	0.808728	-0.038371	-0.646370	-0.496586	-0.579316
46555	11.633431	-0.824554	-4.641486	-0.019590	-2.106555	0.132240	-0.501604	-0.324429	0.801960	-0.586234	0.809187	-0.039321	-0.636179	-0.489860	-0.596082
46556	11.338272	-0.125273	-5.481909	0.152729	-2.010149	-0.022478	-0.514130	-0.334420	0.789831	-0.587328	0.808357	-0.040049	-0.625073	-0.484481	-0.612015
46557	10.584105	0.835564	-6.016670	0.162063	-1.859229	0.084647	-0.525920	-0.342561	0.778499	-0.587938	0.807830	-0.041718	-0.614603	-0.479649	-0.626258
46558	9.764342	-0.220259	-6.847174	0.131968	-1.782737	-0.030572	-0.536587	-0.351330	0.767230	-0.588922	0.807082	-0.042302	-0.604355	-0.474538	-0.639975
46559	9.453923	0.163019	-6.760059	0.313631	-1.766880	-0.095882	-0.546364	-0.360334	0.756073	-0.591379	0.805214	-0.043596	-0.593091	-0.470945	-0.653034
46560	8.611764	-0.220439	-7.281783	0.151414	-1.618510	-0.079578	-0.555393	-0.368575	0.745446	-0.592726	0.804202	-0.043983	-0.583279	-0.466274	-0.665113
46561	7.610646	-1.277426	-7.873379	0.066342	-1.506157	-0.087432	-0.563419	-0.376066	0.735618	-0.593542	0.803612	-0.043776	-0.574688	-0.461284	-0.675981
46562	7.178237	-2.119451	-8.299501	0.026373	-1.341207	-0.190837	-0.569922	-0.383769	0.726574	-0.594792	0.802753	-0.042547	-0.566931	-0.456409	-0.685769
46563	6.587360	-2.472014	-9.080636	0.061581	-1.036165	-0.279994	-0.573919	-0.390559	0.719778	-0.596723	0.801401	-0.040952	-0.560837	-0.453011	-0.692995
46564	6.343092	-2.806429	-9.422465	0.151329	-0.635411	-0.354451	-0.575329	-0.396287	0.715509	-0.599624	0.799309	-0.039448	-0.556280	-0.451732	-0.697488
46565	6.328455	-2.033837	-8.296238	0.330712	-0.212583	-0.465970	-0.573564	-0.400775	0.714425	-0.604083	0.795994	-0.038444	-0.553271	-0.453622	-0.698655
46566	6.615183	-0.167316	-7.102852	0.289182	0.161918	-0.489911	-0.569679	-0.403946	0.715747	-0.608501	0.792693	-0.036948	-0.552443	-0.456581	-0.697382
46567	6.321684	0.871025	-7.143799	-0.054429	0.508433	-0.385103	-0.564383	-0.404482	0.719629	-0.610330	0.791424	-0.033827	-0.555849	-0.458303	-0.693534
46568	6.454655	0.592344	-6.515741	-0.445020	0.935190	-0.233740	-0.557703	-0.402062	0.726164	-0.609169	0.792508	-0.029054	-0.563809	-0.458560	-0.686908
46569	6.559751	0.020882	-5.601349	-0.759713	1.374168	-0.157588	-0.548792	-0.396818	0.735774	-0.605631	0.795421	-0.022735	-0.576228	-0.458084	-0.676846
46570	6.180432	-0.833340	-6.182261	-0.851971	1.685935	-0.118859	-0.538219	-0.390059	0.747110	-0.601325	0.798842	-0.016127	-0.590532	-0.457936	-0.664504
46571	6.078884	-1.354012	-6.784403	-0.646225	2.013748	-0.083654	-0.525527	-0.381320	0.760537	-0.597878	0.801508	-0.011269	-0.605280	-0.460630	-0.649197
46572	6.069690	-1.434086	-6.850224	-0.373440	2.383249	-0.069501	-0.510493	-0.370843	0.775804	-0.595968	0.802965	-0.008332	-0.619854	-0.466608	-0.630918
46573	6.138012	-1.335553	-6.701271	-0.122260	2.722987	-0.038299	-0.493021	-0.358186	0.792863	-0.595410	0.803389	-0.007299	-0.634363	-0.475678	-0.609356
46574	6.115709	-1.405478	-6.882982	0.144872	3.018006	0.027856	-0.473813	-0.343443	0.810893	-0.596223	0.802775	-0.008374	-0.648089	-0.487441	-0.585134
46575	6.242118	-1.384532	-7.175196	0.430480	3.245094	0.071277	-0.452820	-0.326713	0.829586	-0.598783	0.800829	-0.011451	-0.660615	-0.501928	-0.558261
46576	6.737521	-1.187076	-7.435077	0.729190	3.477901	0.107405	-0.430276	-0.308117	0.848485	-0.603184	0.797435	-0.016302	-0.671589	-0.518807	-0.528969
46577	7.310698	-0.659561	-7.127283	0.957145	3.777122	0.102037	-0.405160	-0.287247	0.867948	-0.609323	0.792614	-0.022117	-0.681595	-0.537822	-0.496162
46578	7.803910	0.134556	-6.784793	1.033445	3.997390	0.075196	-0.378163	-0.264781	0.887064	-0.616138	0.787151	-0.027707	-0.690917	-0.557031	-0.460814
46579	8.297240	0.928641	-6.516154	0.940729	4.154210	0.081995	-0.349591	-0.240546	0.905497	-0.622523	0.781921	-0.032623	-0.700180	-0.575097	-0.423098
46580	8.690238	1.162021	-6.023029	0.647128	4.390426	0.148305	-0.319516	-0.213819	0.923142	-0.626609	0.778476	-0.036570	-0.710824	-0.590133	-0.382716
46581	8.763365	0.742776	-5.193250	0.202396	4.607455	0.154483	-0.287264	-0.185105	0.939796	-0.627731	0.777465	-0.038744	-0.723487	-0.601069	-0.339534
46582	8.173935	0.452938	-5.484433	-0.042468	4.568941	0.159216	-0.254890	-0.156241	0.954264	-0.627004	0.777983	-0.040098	-0.736136	-0.608548	-0.296264
46583	8.559944	0.162689	-5.201773	-0.148242	4.467131	0.100083	-0.222203	-0.128117	0.966546	-0.625861	0.778875	-0.040641	-0.747612	-0.613954	-0.253252
46584	9.310535	0.367237	-5.464792	-0.239900	4.334731	0.086213	-0.190082	-0.100773	0.976583	-0.623890	0.780441	-0.040901	-0.758044	-0.617055	-0.211218
46585	10.019131	-0.261850	-6.044692	-0.342293	4.211551	0.100237	-0.158442	-0.073919	0.984597	-0.621209	0.782560	-0.041214	-0.767460	-0.618171	-0.169910
46586	10.870426	-0.907198	-5.545962	-0.215889	4.199191	-0.049506	-0.125727	-0.048339	0.990886	-0.619627	0.783857	-0.040381	-0.774762	-0.619057	-0.128504
46587	10.551027	0.295654	-3.725995	-0.278458	4.489104	-0.186397	-0.089532	-0.021974	0.995742	-0.617740	0.785454	-0.038210	-0.781269	-0.618530	-0.083897
46588	8.897036	0.829845	-1.614407	-0.289915	4.540789	-0.009306	-0.053856	0.005988	0.998531	-0.615485	0.787236	-0.037917	-0.786307	-0.616622	-0.038712
46589	8.745304	1.361610	1.541296	-0.239889	4.198373	0.151716	-0.021608	0.033054	0.999220	-0.613598	0.788637	-0.039357	-0.789322	-0.613970	0.003241
46590	9.349264	0.049904	0.350443	-0.257906	3.079569	0.313900	0.000830	0.054376	0.998520	-0.611537	0.790073	-0.042516	-0.791215	-0.610597	0.033909
46591	8.213265	-2.260605	-3.326772	0.065486	2.699777	0.266096	0.020659	0.072982	0.997119	-0.612142	0.789461	-0.045100	-0.790478	-0.609447	0.060985
46592	6.654708	-2.523898	-1.066118	0.573634	2.920734	-0.042786	0.043968	0.090465	0.994929	-0.616659	0.785988	-0.044215	-0.786002	-0.611587	0.090345
46593	4.773715	-1.430696	3.285516	0.562800	2.389843	-0.087810	0.063321	0.104454	0.992512	-0.621077	0.782584	-0.042737	-0.781188	-0.613720	0.114428
46594	4.070777	-1.498010	3.479654	0.500610	1.064796	-0.126791	0.072431	0.110001	0.991289	-0.624899	0.779636	-0.040855	-0.777338	-0.616496	0.125209
46595	5.218166	-0.410762	2.518782	0.371819	0.209663	-0.230277	0.075585	0.109566	0.991102	-0.627691	0.777531	-0.038086	-0.774785	-0.619226	0.127543
46596	5.416863	-0.391717	2.065880	0.024258	-0.397166	-0.238078	0.074025	0.105242	0.991688	-0.627708	0.777631	-0.035670	-0.774921	-0.619850	0.123625
46597	5.192431	-0.351608	0.841678	-0.165504	-1.167582	-0.316633	0.067042	0.095612	0.993158	-0.626286	0.778907	-0.032709	-0.776706	-0.619808	0.112100
46598	5.833706	-0.020237	-1.332201	-0.374144	-1.787101	-0.328453	0.055205	0.081972	0.995105	-0.623180	0.781510	-0.029805	-0.780127	-0.618484	0.094227
46599	8.248838	0.977039	-1.288632	-0.453517	-1.854798	-0.264259	0.042431	0.068514	0.996747	-0.619585	0.784446	-0.027546	-0.783782	-0.616401	0.075735
46600	10.095687	1.480680	-0.237866	-1.264089	-1.491630	0.013226	0.030619	0.059478	0.997760	-0.609638	0.792167	-0.028514	-0.792088	-0.607400	0.060516
46601	9.997604	0.160674	-0.372072	-1.711212	-1.315913	0.178853	0.019136	0.053038	0.998409	-0.596102	0.802303	-0.031195	-0.802681	-0.594556	0.046969
46602	9.261438	-0.040445	-1.200844	-1.875680	-1.031560	0.097730	0.010245	0.047756	0.998806	-0.580965	0.813263	-0.032926	-0.813864	-0.579934	0.036076
46603	11.700796	0.476635	-0.716670	-1.979895	-0.929478	0.041287	0.002474	0.042807	0.999080	-0.564797	0.824532	-0.033930	-0.825226	-0.564194	0.026217
46604	13.763368	-2.248257	1.680214	-2.249849	-0.390790	0.152234	-0.001599	0.041889	0.999121	-0.546101	0.836947	-0.035964	-0.837718	-0.545678	0.021537
46605	11.055305	-3.403028	-0.154622	-1.500906	-0.831732	-0.042287	-0.008290	0.037078	0.999278	-0.533531	0.845023	-0.035781	-0.845740	-0.533442	0.012776
46606	12.577159	-3.803942	-0.737671	-0.976948	-1.425643	-0.277604	-0.018892	0.027160	0.999453	-0.525293	0.850280	-0.033036	-0.850712	-0.525629	-0.001797
46607	12.957525	-6.110054	-1.750714	-0.265630	-1.309451	-0.440436	-0.027661	0.016591	0.999480	-0.523217	0.851719	-0.028618	-0.851751	-0.523736	-0.014879
46608	10.295384	-0.730641	-1.416576	0.435649	-1.339855	-0.754316	-0.035072	0.003117	0.999380	-0.527170	0.849497	-0.021150	-0.849036	-0.527585	-0.028151
46609	9.912073	-2.006248	-2.699063	-0.061700	-1.517868	-0.545170	-0.045029	-0.009458	0.998941	-0.526961	0.849744	-0.015708	-0.848696	-0.527110	-0.043247
46610	8.808670	-2.162886	-3.844197	0.804719	-1.260531	-0.720188	-0.051854	-0.022263	0.998407	-0.534132	0.845354	-0.008891	-0.843809	-0.533742	-0.055726
46611	8.850045	2.625343	-2.749705	0.884445	-1.266237	-0.798875	-0.058166	-0.035740	0.997667	-0.542105	0.840309	-0.001503	-0.838295	-0.540928	-0.068252
46612	9.729882	2.393022	-4.387068	0.510529	-1.298361	-0.571026	-0.065897	-0.047591	0.996691	-0.546743	0.837292	0.003832	-0.834704	-0.544681	-0.081195
46613	9.736240	1.334061	-4.371310	0.372719	-0.989138	-0.490630	-0.071416	-0.057065	0.995813	-0.550247	0.834960	0.008385	-0.831942	-0.547344	-0.091029
46614	9.025652	1.151463	-4.572133	0.406531	-0.907536	-0.468592	-0.076344	-0.065965	0.994897	-0.553982	0.832432	0.012683	-0.829021	-0.550187	-0.100095
46615	9.799719	2.420235	-3.491385	0.248664	-0.848662	-0.424873	-0.080994	-0.074168	0.993951	-0.556411	0.830741	0.016649	-0.826950	-0.551697	-0.108553
46616	9.721727	2.074517	-2.933853	-0.200030	-0.778904	-0.321418	-0.085629	-0.081142	0.993017	-0.555037	0.831583	0.020089	-0.827407	-0.549441	-0.116244
46617	9.612548	1.096635	-2.385847	-0.427766	-0.773979	-0.297393	-0.090381	-0.087870	0.992023	-0.551766	0.833666	0.023573	-0.829087	-0.545234	-0.123831
46618	9.587042	0.494405	-1.662159	-0.513998	-0.771715	-0.317079	-0.095022	-0.094720	0.990959	-0.547806	0.836157	0.027394	-0.831191	-0.540250	-0.131342
46619	9.622263	0.284772	-1.034686	-0.464238	-0.788112	-0.342688	-0.099699	-0.101851	0.989791	-0.544280	0.838314	0.031440	-0.832958	-0.535589	-0.139015
46620	9.648951	0.144314	-0.727274	-0.360572	-0.802949	-0.344674	-0.104499	-0.109042	0.988529	-0.541640	0.839866	0.035386	-0.834090	-0.531729	-0.146827
46621	9.754866	0.096295	-0.705444	-0.221773	-0.834704	-0.350954	-0.109553	-0.116438	0.987137	-0.540171	0.840641	0.039210	-0.834394	-0.528928	-0.154991
46622	9.569846	-0.178931	-1.144174	-0.081460	-0.845140	-0.350828	-0.114686	-0.123865	0.985649	-0.539899	0.840640	0.042821	-0.833880	-0.527240	-0.163284
46623	9.469763	-0.291356	-1.807402	0.103724	-0.855031	-0.368194	-0.119805	-0.131481	0.984053	-0.541207	0.839614	0.046292	-0.832311	-0.527030	-0.171748
46624	9.424306	0.023298	-2.650814	0.275280	-0.840024	-0.387251	-0.124663	-0.139174	0.982390	-0.543982	0.837628	0.049636	-0.829785	-0.528215	-0.180130
46625	9.529282	0.680077	-3.288290	0.421660	-0.828643	-0.381827	-0.129431	-0.146768	0.980666	-0.547973	0.834839	0.052621	-0.826422	-0.530568	-0.188479
46626	9.665258	1.393580	-3.802082	0.438223	-0.789247	-0.372384	-0.133870	-0.154083	0.978947	-0.552091	0.831938	0.055447	-0.822967	-0.533045	-0.196439
46627	9.708996	1.423801	-4.049213	0.371978	-0.723125	-0.337457	-0.137938	-0.160771	0.977305	-0.555608	0.829417	0.058023	-0.819922	-0.534995	-0.203734
46628	9.697340	1.478528	-3.946402	0.347203	-0.642805	-0.318264	-0.141404	-0.166865	0.975787	-0.558909	0.827024	0.060433	-0.817084	-0.536831	-0.210207
46629	9.831703	1.835065	-3.572428	0.287141	-0.606133	-0.273326	-0.144824	-0.172415	0.974320	-0.561631	0.825023	0.062514	-0.814614	-0.538155	-0.216317
46630	9.759472	1.458365	-3.609232	0.187535	-0.566318	-0.236002	-0.148082	-0.177424	0.972930	-0.563517	0.823589	0.064421	-0.812724	-0.538723	-0.221940
46631	9.613793	1.430237	-3.350258	0.181203	-0.531616	-0.222794	-0.151153	-0.182166	0.971580	-0.565297	0.822225	0.066217	-0.810920	-0.539223	-0.227260
46632	9.519673	1.634000	-2.853087	0.094016	-0.503812	-0.196023	-0.154104	-0.186507	0.970292	-0.566372	0.821346	0.067924	-0.809614	-0.539079	-0.232205
46633	9.459678	1.386218	-2.572953	-0.006765	-0.487099	-0.160155	-0.157154	-0.190496	0.969027	-0.566533	0.821100	0.069537	-0.808914	-0.538058	-0.236961
46634	9.530777	0.867265	-2.234175	-0.015928	-0.485856	-0.152446	-0.160197	-0.194373	0.967758	-0.566661	0.820880	0.071071	-0.808228	-0.537005	-0.241646
46635	9.604657	0.798018	-1.626434	0.058634	-0.481650	-0.174297	-0.163099	-0.198455	0.966444	-0.567442	0.820201	0.072662	-0.807099	-0.536550	-0.246386
46636	9.511864	0.684423	-1.141121	0.039055	-0.502042	-0.160934	-0.166213	-0.202481	0.965078	-0.568036	0.819658	0.074139	-0.806045	-0.535876	-0.251254
46637	9.220279	0.371664	-1.103126	0.088098	-0.544069	-0.171900	-0.169613	-0.206866	0.963555	-0.569061	0.818811	0.075620	-0.804612	-0.535496	-0.256600
46638	9.097356	0.492693	-0.901603	0.151024	-0.592198	-0.177264	-0.173340	-0.211501	0.961884	-0.570593	0.817619	0.076954	-0.802731	-0.535505	-0.262407
46639	9.007080	0.732238	-1.090092	0.203409	-0.636071	-0.173316	-0.177436	-0.216380	0.960050	-0.572563	0.816130	0.078122	-0.800430	-0.535828	-0.268702
46640	9.196169	1.011042	-1.490369	0.217915	-0.692685	-0.164416	-0.182007	-0.221447	0.958037	-0.574615	0.814590	0.079125	-0.797930	-0.536101	-0.275507
46641	9.209699	0.968553	-2.467385	0.241583	-0.723465	-0.145951	-0.186915	-0.226561	0.955894	-0.576830	0.812949	0.079888	-0.795192	-0.536456	-0.282639
46642	9.204186	1.258565	-3.382269	0.296717	-0.732125	-0.141680	-0.191884	-0.231655	0.953686	-0.579467	0.811019	0.080410	-0.792085	-0.537200	-0.289858
46643	9.160631	1.526246	-3.954175	0.304349	-0.701890	-0.127567	-0.196678	-0.236510	0.951515	-0.582140	0.809066	0.080775	-0.788943	-0.538028	-0.296808
46644	9.123167	1.577742	-4.115850	0.251473	-0.656071	-0.092686	-0.201282	-0.240805	0.949473	-0.584320	0.807479	0.080920	-0.786165	-0.538508	-0.303238
46645	8.927777	1.617411	-4.113497	0.210764	-0.626661	-0.067638	-0.205796	-0.244781	0.947486	-0.586122	0.806167	0.080964	-0.783651	-0.538681	-0.309378
46646	9.098014	1.513633	-3.922334	0.121580	-0.605647	-0.037512	-0.210294	-0.248358	0.945566	-0.587167	0.805407	0.080958	-0.781672	-0.538180	-0.315200
46647	9.203529	1.317154	-3.186616	0.055840	-0.579311	-0.029489	-0.214643	-0.251768	0.943685	-0.587657	0.805034	0.081113	-0.780120	-0.537153	-0.320748
46648	9.390545	0.884017	-2.539526	-0.002091	-0.592447	-0.029979	-0.219063	-0.255201	0.941745	-0.587721	0.804956	0.081421	-0.778843	-0.535647	-0.326323
46649	9.441964	0.407183	-2.103342	-0.026589	-0.615705	-0.036784	-0.223635	-0.258848	0.939673	-0.587587	0.805004	0.081910	-0.777643	-0.533822	-0.332122
46650	9.117702	0.553790	-1.606473	0.047492	-0.641869	-0.058136	-0.228257	-0.262751	0.937476	-0.588103	0.804587	0.082314	-0.775909	-0.532543	-0.338177
46651	9.123910	0.715446	-1.272275	0.073104	-0.721127	-0.057963	-0.233501	-0.267097	0.934953	-0.588779	0.804057	0.082657	-0.773832	-0.531180	-0.345009
46652	9.112232	0.785899	-1.141894	0.130157	-0.773888	-0.062410	-0.239090	-0.271719	0.932204	-0.589947	0.803185	0.082804	-0.771232	-0.530154	-0.352333
46653	9.231872	0.785921	-0.987990	0.158608	-0.844008	-0.063938	-0.245188	-0.276746	0.929136	-0.591331	0.802159	0.082880	-0.768252	-0.529106	-0.360328
46654	9.297500	0.937951	-1.027987	0.195578	-0.915448	-0.075339	-0.251737	-0.282203	0.925737	-0.593032	0.800901	0.082884	-0.764814	-0.528127	-0.368972
46655	9.198661	1.155823	-1.000658	0.173750	-1.000597	-0.056673	-0.259017	-0.287955	0.921950	-0.594480	0.799836	0.082799	-0.761251	-0.526634	-0.378355
46656	9.337145	1.122066	-1.398165	0.137166	-1.123093	-0.020341	-0.267403	-0.294034	0.917627	-0.595590	0.799043	0.082477	-0.757475	-0.524475	-0.388790
46657	9.544076	1.094443	-2.069842	0.113450	-1.211761	0.009496	-0.276584	-0.300313	0.912860	-0.596407	0.798484	0.081983	-0.753525	-0.521761	-0.399957
46658	9.531858	0.644648	-2.848976	0.096834	-1.283553	0.034491	-0.286413	-0.306729	0.907681	-0.597054	0.798072	0.081293	-0.749330	-0.518651	-0.411711
46659	9.645619	0.842893	-3.175315	0.174846	-1.330628	0.026157	-0.296465	-0.313419	0.902151	-0.598288	0.797241	0.080363	-0.744419	-0.515921	-0.423869
46660	9.780328	1.078908	-3.140672	0.154523	-1.367444	0.047657	-0.306874	-0.320087	0.896311	-0.599306	0.796584	0.079286	-0.739365	-0.512834	-0.436281
46661	9.781772	0.745714	-3.018915	0.113987	-1.420140	0.077547	-0.317752	-0.326742	0.890097	-0.599921	0.796236	0.078124	-0.734254	-0.509164	-0.449025
46662	9.729021	0.575166	-2.606613	0.147205	-1.442201	0.057862	-0.328627	-0.333613	0.883576	-0.600827	0.795666	0.076956	-0.728705	-0.505587	-0.461921
46663	9.760108	0.398029	-1.736158	0.144389	-1.500495	0.054405	-0.339801	-0.340731	0.876606	-0.601681	0.795129	0.075830	-0.722852	-0.501670	-0.475197
46664	9.696115	0.296391	-0.938741	0.221966	-1.556249	0.031051	-0.351163	-0.348277	0.869130	-0.603188	0.794112	0.074504	-0.716135	-0.498085	-0.488940
46665	9.935063	1.053696	0.264014	0.320058	-1.667634	0.006818	-0.363026	-0.356483	0.860891	-0.605439	0.792548	0.072877	-0.708276	-0.494761	-0.503544
46666	10.409678	1.336648	1.195443	0.225464	-1.835087	0.052036	-0.376242	-0.365120	0.851545	-0.606852	0.791611	0.071293	-0.700123	-0.489939	-0.519411
46667	11.160172	0.491243	0.943745	0.151921	-2.049598	0.117859	-0.391142	-0.374128	0.840855	-0.607461	0.791303	0.069507	-0.691375	-0.483599	-0.536779
46668	11.588276	-0.797788	0.027864	0.271038	-2.230231	0.124231	-0.407178	-0.383875	0.828762	-0.608842	0.790457	0.067003	-0.680821	-0.477303	-0.555575
46669	12.433749	-1.715804	-0.936047	0.628692	-2.409719	0.076897	-0.423778	-0.394672	0.815258	-0.612800	0.787738	0.062811	-0.667000	-0.472972	-0.575681
46670	12.526664	-1.556781	-1.756003	0.859834	-2.507135	0.037849	-0.440511	-0.406207	0.800591	-0.618320	0.783821	0.057478	-0.650869	-0.469702	-0.596448
46671	12.585912	-1.726573	-2.478162	1.033194	-2.552194	0.029835	-0.456959	-0.417860	0.785228	-0.624867	0.779067	0.050943	-0.633032	-0.467384	-0.617108
46672	12.630416	-1.145833	-2.930196	1.169471	-2.558604	-0.026992	-0.472719	-0.430020	0.769168	-0.632303	0.773481	0.043827	-0.613783	-0.465630	-0.637542
46673	12.387305	-0.344215	-2.960986	1.161045	-2.470224	-0.009228	-0.487465	-0.441465	0.753317	-0.639395	0.768019	0.036333	-0.594602	-0.463956	-0.656653
46674	11.836168	-0.044108	-3.215942	1.192786	-2.466996	-0.023613	-0.501716	-0.453082	0.736884	-0.646506	0.762374	0.028573	-0.574727	-0.462064	-0.675415
46675	11.923842	0.896671	-2.729325	1.227633	-2.374953	-0.128222	-0.514170	-0.464884	0.720772	-0.654118	0.756099	0.021047	-0.554759	-0.460648	-0.692853
46676	11.314259	3.300717	-3.302961	0.911786	-2.304719	-0.186793	-0.525500	-0.476876	0.704584	-0.660086	0.751020	0.015993	-0.536783	-0.456682	-0.709440
46677	10.547205	4.271130	-5.780095	0.738778	-2.499964	-0.131971	-0.537746	-0.488998	0.686812	-0.664620	0.747092	0.011546	-0.518757	-0.450260	-0.726744
46678	10.620085	3.957525	-8.316311	1.182406	-2.974510	-0.003199	-0.552776	-0.502340	0.664901	-0.670649	0.741769	0.002860	-0.494639	-0.444334	-0.746926
46679	11.706591	3.934613	-10.074804	1.062155	-2.646046	-0.129689	-0.564649	-0.514767	0.645125	-0.676417	0.736506	-0.004355	-0.472897	-0.438832	-0.764065
46680	11.664063	4.810755	-10.125334	0.872493	-1.957813	-0.051769	-0.573368	-0.523715	0.630057	-0.680783	0.732406	-0.010741	-0.455832	-0.435091	-0.776475
46681	9.776524	5.169607	-9.084703	0.425003	-1.360569	0.226547	-0.581060	-0.527658	0.619634	-0.681192	0.731941	-0.015492	-0.445361	-0.431091	-0.784738
46682	7.515538	4.235817	-8.737221	-0.089078	-1.114189	0.449550	-0.589024	-0.529140	0.610787	-0.678188	0.734679	-0.017553	-0.439445	-0.424567	-0.791600
46683	6.052629	2.195053	-8.449989	-0.354126	-0.998463	0.637527	-0.597762	-0.528311	0.602966	-0.672591	0.739781	-0.018600	-0.436236	-0.416668	-0.797550
46684	4.769141	0.337719	-8.844737	-0.520493	-0.726538	0.622530	-0.605076	-0.526700	0.597051	-0.666599	0.745195	-0.018171	-0.435349	-0.408988	-0.801997
46685	3.372699	-0.830323	-9.661297	-0.356628	-0.555461	0.555570	-0.611272	-0.524446	0.592708	-0.661362	0.749836	-0.018599	-0.434680	-0.403364	-0.805203
