// General information: 
//  MT Manager version: 2022.2.0 
//  XDA version: 2022.2.0 build 7381 rev 124627 built on 2023-07-19
// Device information: 
//  DeviceId: 00B4CBA7
//  ProductCode: MTW2-3A7G6
//  Firmware Version: 4.6.0
//  Hardware Version: 2.0.0
// Device settings: 
//  Filter Profile: human(46.1)
//  Option Flags: Orientation Smoother Disabled, Position/Velocity Smoother Disabled, Continuous Zero Rotation Update Disabled, AHS Disabled, ICC Disabled
// Coordinate system: ENU
PacketCounter	Acc_X	Acc_Y	Acc_Z	Gyr_X	Gyr_Y	Gyr_Z	Mat[1][1]	Mat[2][1]	Mat[3][1]	Mat[1][2]	Mat[2][2]	Mat[3][2]	Mat[1][3]	Mat[2][3]	Mat[3][3]
29029	9.768545	-0.195920	-0.795207	-0.020383	-0.003513	0.007361	-0.034081	-0.036044	0.998769	-0.855462	0.517759	-0.010506	-0.516743	-0.854767	-0.048480
29030	9.711889	-0.229127	-0.653233	0.008682	0.003253	0.004973	-0.033994	-0.036185	0.998767	-0.855439	0.517799	-0.010356	-0.516786	-0.854737	-0.048556
29031	9.692305	-0.118223	-0.534375	0.017048	0.003419	0.002091	-0.033984	-0.036147	0.998768	-0.855527	0.517653	-0.010375	-0.516641	-0.854826	-0.048517
29032	9.666198	-0.081788	-0.376819	0.012813	-0.002336	-0.000602	-0.033936	-0.036290	0.998765	-0.855470	0.517751	-0.010255	-0.516739	-0.854761	-0.048615
29033	9.669270	-0.113987	-0.316426	0.024985	-0.010433	-0.001417	-0.033966	-0.036388	0.998760	-0.855600	0.517536	-0.010242	-0.516522	-0.854887	-0.048713
29034	9.670613	-0.087722	-0.206153	0.017087	-0.014810	-0.001591	-0.034016	-0.036600	0.998751	-0.855579	0.517573	-0.010173	-0.516554	-0.854856	-0.048920
29035	9.673821	-0.050296	-0.227525	0.012793	-0.023751	-0.000205	-0.034126	-0.036805	0.998740	-0.855645	0.517464	-0.010167	-0.516437	-0.854913	-0.049151
29036	9.699636	-0.044540	-0.306568	0.022873	-0.028575	-0.003481	-0.034207	-0.036999	0.998730	-0.855611	0.517520	-0.010133	-0.516488	-0.854871	-0.049360
29037	9.754371	0.046359	-0.401131	0.020661	-0.031671	0.002211	-0.034378	-0.037257	0.998714	-0.855716	0.517346	-0.010156	-0.516302	-0.854965	-0.049667
29038	9.804249	0.004083	-0.507351	-0.007243	-0.033705	-0.002306	-0.034424	-0.037674	0.998697	-0.855616	0.517514	-0.009970	-0.516464	-0.854845	-0.050049
29039	9.829953	-0.032555	-0.667888	-0.021174	-0.028360	0.002065	-0.034575	-0.037904	0.998683	-0.855505	0.517698	-0.009969	-0.516638	-0.854723	-0.050326
29040	9.747677	-0.086130	-0.694459	0.007593	-0.028821	0.006381	-0.034754	-0.038262	0.998663	-0.855478	0.517745	-0.009935	-0.516672	-0.854679	-0.050726
29041	9.761965	-0.023043	-0.664138	0.027456	-0.024283	0.006136	-0.034920	-0.038436	0.998651	-0.855616	0.517514	-0.010000	-0.516431	-0.854811	-0.050958
29042	9.808503	0.050932	-0.668403	-0.024854	-0.017863	0.006432	-0.035056	-0.038612	0.998639	-0.855394	0.517882	-0.010004	-0.516791	-0.854580	-0.051183
29043	9.748807	-0.146360	-0.751179	-0.025707	-0.015368	0.006631	-0.035180	-0.038707	0.998631	-0.855257	0.518106	-0.010047	-0.517008	-0.854440	-0.051331
29044	9.719713	-0.232169	-0.737478	0.028345	-0.014482	0.003687	-0.035234	-0.038892	0.998622	-0.855292	0.518049	-0.010002	-0.516946	-0.854466	-0.051517
29045	9.703636	-0.153428	-0.559023	0.041599	-0.007358	0.002771	-0.035283	-0.038937	0.998619	-0.855505	0.517697	-0.010041	-0.516591	-0.854678	-0.051577
29046	9.716532	-0.031669	-0.476523	0.026639	-0.009491	0.004086	-0.035314	-0.039178	0.998608	-0.855592	0.517555	-0.009952	-0.516444	-0.854753	-0.051797
29047	9.684305	-0.042812	-0.442510	0.019196	-0.013523	0.001789	-0.035387	-0.039282	0.998601	-0.855690	0.517393	-0.009970	-0.516278	-0.854846	-0.051922
29048	9.710067	-0.064658	-0.359089	0.009142	-0.017811	0.003245	-0.035522	-0.039541	0.998586	-0.855655	0.517451	-0.009949	-0.516326	-0.854799	-0.052215
29049	9.672990	-0.097023	-0.336773	0.007648	-0.021076	0.003237	-0.035646	-0.039702	0.998576	-0.855692	0.517389	-0.009975	-0.516256	-0.854829	-0.052416
29050	9.693832	-0.070576	-0.345697	0.027344	-0.026516	-0.000277	-0.035571	-0.040035	0.998565	-0.855750	0.517298	-0.009744	-0.516165	-0.854869	-0.052660
29051	9.758035	0.062828	-0.418617	-0.000822	-0.032588	-0.002111	-0.035706	-0.040322	0.998549	-0.855746	0.517306	-0.009710	-0.516163	-0.854850	-0.052977
29052	9.812440	0.041684	-0.514083	-0.002374	-0.034477	0.002878	-0.036022	-0.040822	0.998517	-0.855722	0.517344	-0.009721	-0.516180	-0.854803	-0.053568
29053	9.776583	0.020350	-0.624373	-0.011775	-0.037561	0.003633	-0.036234	-0.041124	0.998497	-0.855660	0.517447	-0.009740	-0.516269	-0.854726	-0.053937
29054	9.794049	-0.102434	-0.615524	-0.036543	-0.039938	0.003774	-0.036197	-0.041437	0.998485	-0.855333	0.517991	-0.009511	-0.516812	-0.854382	-0.054192
29055	9.772616	-0.171490	-0.693759	-0.022613	-0.040726	0.000306	-0.036394	-0.041782	0.998464	-0.855215	0.518186	-0.009488	-0.516994	-0.854247	-0.054591
29056	9.737429	-0.065352	-0.561757	-0.001483	-0.041525	0.001772	-0.036513	-0.042289	0.998438	-0.855145	0.518305	-0.009320	-0.517101	-0.854150	-0.055088
29057	9.631296	-0.028279	-0.481576	-0.033915	-0.039677	0.000044	-0.036701	-0.042627	0.998417	-0.854969	0.518595	-0.009286	-0.517378	-0.853957	-0.055478
29058	9.599039	-0.038737	-0.450582	-0.049241	-0.048080	-0.002374	-0.036936	-0.043098	0.998388	-0.854636	0.519145	-0.009207	-0.517912	-0.853599	-0.056008
29059	9.644087	-0.129458	-0.408269	-0.023039	-0.053359	0.004720	-0.037235	-0.043528	0.998358	-0.854515	0.519345	-0.009227	-0.518091	-0.853455	-0.056534
29060	9.715006	-0.060667	-0.361464	-0.009976	-0.051653	0.001430	-0.037492	-0.044067	0.998325	-0.854419	0.519505	-0.009156	-0.518231	-0.853330	-0.057130
29061	9.730813	-0.055254	-0.384143	0.007996	-0.052102	-0.001736	-0.037731	-0.044521	0.998296	-0.854460	0.519437	-0.009129	-0.518145	-0.853348	-0.057640
29062	9.755917	0.062095	-0.465460	-0.000598	-0.051750	0.004754	-0.038068	-0.045053	0.998259	-0.854424	0.519496	-0.009137	-0.518180	-0.853285	-0.058271
29063	9.797580	0.084072	-0.695842	-0.039419	-0.051006	0.002954	-0.038342	-0.045473	0.998229	-0.854218	0.519834	-0.009130	-0.518499	-0.853056	-0.058776
29064	9.858022	0.037346	-0.963873	-0.049012	-0.050388	0.003230	-0.038477	-0.045776	0.998210	-0.853830	0.520473	-0.009044	-0.519127	-0.852650	-0.059111
29065	9.906595	-0.116719	-1.072418	-0.040733	-0.039744	0.007133	-0.038727	-0.046076	0.998187	-0.853615	0.520825	-0.009077	-0.519463	-0.852419	-0.059502
29066	9.754457	-0.255295	-1.120227	-0.005323	-0.027331	0.005618	-0.038851	-0.046462	0.998164	-0.853559	0.520919	-0.008975	-0.519546	-0.852341	-0.059896
29067	9.791657	-0.293575	-1.066494	0.027310	-0.020591	0.005518	-0.038987	-0.046608	0.998152	-0.853698	0.520690	-0.009032	-0.519307	-0.852473	-0.060089
29068	9.791095	-0.193558	-0.936190	0.058301	-0.007046	-0.003261	-0.038951	-0.046712	0.998149	-0.853915	0.520335	-0.008971	-0.518953	-0.852683	-0.060155
29069	9.739801	-0.034948	-0.732025	0.057850	-0.002835	-0.000203	-0.038946	-0.046736	0.998148	-0.854214	0.519844	-0.008989	-0.518461	-0.852982	-0.060168
29070	9.669914	-0.019550	-0.622077	0.023934	-0.004245	-0.001844	-0.038741	-0.046862	0.998150	-0.854240	0.519805	-0.008751	-0.518433	-0.852999	-0.060169
29071	9.602625	0.022607	-0.400981	-0.003126	-0.008758	-0.006417	-0.038711	-0.046968	0.998146	-0.854225	0.519830	-0.008669	-0.518460	-0.852977	-0.060245
29072	9.719074	-0.029317	-0.515196	-0.046412	-0.010069	-0.011356	-0.038512	-0.047217	0.998142	-0.853886	0.520393	-0.008329	-0.519033	-0.852621	-0.060359
29073	9.768729	-0.028253	-0.538735	-0.005472	-0.009527	-0.006221	-0.038487	-0.047329	0.998138	-0.853859	0.520439	-0.008246	-0.519079	-0.852586	-0.060442
29074	9.743646	0.078527	-0.462617	-0.001845	-0.014088	-0.004671	-0.038708	-0.047737	0.998110	-0.853877	0.520410	-0.008225	-0.519034	-0.852581	-0.060906
29075	9.889996	0.053540	-0.643550	-0.051501	-0.021064	-0.010626	-0.038707	-0.047972	0.998098	-0.853613	0.520845	-0.008070	-0.519468	-0.852302	-0.061110
29076	9.809054	-0.026066	-0.507220	-0.023162	-0.021880	-0.004316	-0.038809	-0.048201	0.998083	-0.853398	0.521199	-0.008013	-0.519813	-0.852073	-0.061362
29077	10.055244	-0.223926	-0.179255	-0.070931	-0.003843	-0.012831	-0.038701	-0.048300	0.998083	-0.853033	0.521798	-0.007825	-0.520420	-0.851701	-0.061395
29078	10.090643	-0.407734	-0.705342	0.025837	0.084416	0.020267	-0.038275	-0.047430	0.998141	-0.853050	0.521770	-0.007917	-0.520424	-0.851767	-0.060431
29079	9.362844	0.206283	0.556609	0.084345	0.113716	0.036255	-0.037972	-0.046270	0.998207	-0.853473	0.521071	-0.008313	-0.519752	-0.852259	-0.059277
29080	8.848035	0.274724	0.221567	-0.277566	0.032648	0.021806	-0.037961	-0.045830	0.998228	-0.851930	0.523589	-0.008359	-0.522278	-0.850738	-0.058920
29081	9.325758	-0.530308	-0.607974	-0.175619	-0.038197	0.005749	-0.038189	-0.046122	0.998206	-0.851008	0.525087	-0.008296	-0.523763	-0.849798	-0.059303
29082	9.960274	-0.716894	-0.535960	-0.062201	-0.050112	-0.014494	-0.038255	-0.046702	0.998176	-0.850667	0.525645	-0.008008	-0.524312	-0.849421	-0.059836
29083	10.176848	-0.225335	-1.036420	-0.066267	-0.029040	-0.015179	-0.038257	-0.047026	0.998161	-0.850323	0.526203	-0.007800	-0.524868	-0.849058	-0.060119
29084	10.233148	-0.071791	-1.784538	-0.027794	-0.007900	-0.010266	-0.038217	-0.047188	0.998155	-0.850152	0.526481	-0.007661	-0.525148	-0.848876	-0.060238
29085	9.910741	-0.055142	-1.834374	0.020965	0.006443	0.012289	-0.038268	-0.047067	0.998158	-0.850256	0.526311	-0.007780	-0.524976	-0.848988	-0.060160
29086	9.821997	-0.084631	-1.686065	-0.011218	0.013721	0.013048	-0.038391	-0.047075	0.998153	-0.850191	0.526416	-0.007874	-0.525073	-0.848923	-0.060232
29087	9.942802	-0.251984	-1.525060	-0.080251	0.046791	0.009596	-0.038208	-0.046627	0.998181	-0.849765	0.527103	-0.007905	-0.525776	-0.848521	-0.059761
29088	9.706061	-0.156344	-1.434801	-0.049500	0.059499	-0.000591	-0.037843	-0.046210	0.998215	-0.849407	0.527680	-0.007774	-0.526379	-0.848185	-0.059220
29089	9.591490	0.403315	-0.511120	-0.079342	0.081212	0.002777	-0.037418	-0.045507	0.998263	-0.848988	0.528356	-0.007737	-0.527086	-0.847802	-0.058405
29090	9.563788	0.696079	-0.400846	-0.299175	0.104637	-0.006372	-0.036841	-0.044788	0.998317	-0.847337	0.531004	-0.007446	-0.529777	-0.846185	-0.057513
29091	9.429674	0.578338	-0.211365	-0.439293	0.072901	-0.017544	-0.036284	-0.044266	0.998361	-0.845007	0.534710	-0.007003	-0.533524	-0.843875	-0.056806
29092	9.517813	-0.185418	-0.236201	-0.489232	0.054662	-0.023486	-0.035924	-0.043999	0.998385	-0.842291	0.538984	-0.006555	-0.537825	-0.841166	-0.056423
29093	9.559033	-0.656839	-0.420152	-0.312277	0.041842	-0.024878	-0.035470	-0.043781	0.998411	-0.840615	0.541599	-0.006115	-0.540471	-0.839496	-0.056014
29094	9.637551	-0.612792	-0.162330	-0.068299	0.022064	-0.029038	-0.035181	-0.043729	0.998424	-0.840126	0.542359	-0.005849	-0.541249	-0.839008	-0.055819
29095	9.729838	-0.363903	-0.028275	0.071533	0.002333	-0.015633	-0.035018	-0.043793	0.998427	-0.840517	0.541755	-0.005718	-0.540652	-0.839395	-0.055780
29096	9.585127	-0.008624	0.058593	0.142985	-0.024892	0.001564	-0.035441	-0.044009	0.998402	-0.841211	0.540673	-0.006029	-0.539544	-0.840081	-0.056183
29097	9.546393	0.310501	0.056748	0.145943	-0.058543	0.012067	-0.035842	-0.044433	0.998369	-0.841992	0.539454	-0.006219	-0.538298	-0.840842	-0.056747
29098	9.689589	0.570740	0.028241	0.121805	-0.083829	0.019498	-0.036619	-0.045041	0.998314	-0.842591	0.538513	-0.006611	-0.537307	-0.841412	-0.057671
29099	9.834648	0.745146	-0.267152	0.067606	-0.102472	0.040235	-0.037494	-0.045684	0.998252	-0.842937	0.537966	-0.007041	-0.536704	-0.841728	-0.058679
29100	9.909867	0.720385	-0.589964	0.040094	-0.117506	0.064100	-0.038733	-0.046476	0.998168	-0.843137	0.537644	-0.007684	-0.536302	-0.841890	-0.060010
29101	9.960123	0.404022	-0.893502	0.114554	-0.112790	0.096210	-0.040135	-0.046907	0.998093	-0.843711	0.536727	-0.008703	-0.535295	-0.842451	-0.061118
29102	9.902571	0.162694	-0.927328	0.255138	-0.079489	0.128044	-0.041596	-0.046941	0.998031	-0.844946	0.534757	-0.010064	-0.533231	-0.843701	-0.061906
29103	9.828307	0.180758	-0.754340	0.357768	-0.069885	0.145082	-0.043181	-0.046755	0.997973	-0.846785	0.531805	-0.011724	-0.530179	-0.845575	-0.062556
29104	9.853804	0.197391	-0.626357	0.443698	-0.068672	0.173510	-0.045009	-0.046356	0.997910	-0.848925	0.528335	-0.013747	-0.526594	-0.847770	-0.063133
29105	9.853586	0.574188	-0.479449	0.464366	-0.064170	0.203297	-0.047061	-0.045827	0.997840	-0.851265	0.524490	-0.016060	-0.522621	-0.850183	-0.063695
29106	9.924213	1.073090	-0.606111	0.341719	-0.051340	0.226659	-0.048956	-0.045119	0.997781	-0.852834	0.521863	-0.018246	-0.519882	-0.851835	-0.064028
29107	10.068534	1.132499	-1.066054	0.208468	-0.044873	0.244858	-0.051264	-0.044222	0.997706	-0.853791	0.520199	-0.020812	-0.518085	-0.852899	-0.064424
29108	10.069870	0.759031	-1.272750	0.135943	-0.027220	0.259453	-0.053395	-0.043204	0.997638	-0.854281	0.519292	-0.023234	-0.517062	-0.853504	-0.064636
29109	9.858114	0.094284	-1.245164	0.154676	-0.011372	0.281131	-0.055841	-0.041839	0.997563	-0.854924	0.518094	-0.026127	-0.515739	-0.854300	-0.064700
29110	9.769148	-0.371114	-0.843475	0.280930	-0.003111	0.303986	-0.058313	-0.040513	0.997476	-0.856152	0.515904	-0.029097	-0.513423	-0.855688	-0.064769
29111	9.678599	-0.195391	-0.262994	0.352077	0.004477	0.308429	-0.060917	-0.038884	0.997385	-0.857769	0.513014	-0.032389	-0.510414	-0.857499	-0.064605
29112	9.432980	-0.066634	0.162194	0.350384	-0.006983	0.316525	-0.063179	-0.037680	0.997291	-0.859357	0.510166	-0.035166	-0.507459	-0.859250	-0.064612
29113	9.404861	0.333776	0.380090	0.316435	-0.044086	0.326077	-0.066187	-0.036398	0.997143	-0.860746	0.507568	-0.038606	-0.504713	-0.860843	-0.064924
29114	9.546361	0.424599	0.563049	0.231185	-0.082980	0.338337	-0.069035	-0.035404	0.996986	-0.861562	0.505937	-0.041691	-0.502936	-0.861844	-0.065430
29115	9.598492	0.165509	0.475265	0.146593	-0.106865	0.352445	-0.072587	-0.034542	0.996764	-0.862048	0.504799	-0.045283	-0.501602	-0.862545	-0.066419
29116	9.474076	-0.059398	0.238127	0.206003	-0.136170	0.362572	-0.075780	-0.033964	0.996546	-0.862736	0.503328	-0.048450	-0.499944	-0.863428	-0.067444
29117	9.529804	-0.081899	0.341810	0.315332	-0.183464	0.355398	-0.079736	-0.033763	0.996244	-0.864031	0.500726	-0.052185	-0.497084	-0.864947	-0.069098
29118	9.684970	-0.033314	0.645160	0.356066	-0.210729	0.349967	-0.083361	-0.033891	0.995943	-0.865461	0.497893	-0.055497	-0.493992	-0.866576	-0.070836
29119	9.872676	0.298740	1.330161	0.350526	-0.265896	0.350463	-0.087677	-0.034455	0.995553	-0.866887	0.494975	-0.059215	-0.490734	-0.868224	-0.073266
29120	9.860798	0.765464	2.445364	0.167865	-0.341432	0.331949	-0.091658	-0.035803	0.995147	-0.867392	0.493731	-0.062128	-0.489111	-0.868877	-0.076310
29121	9.697220	0.979522	2.531823	0.100223	-0.468388	0.339826	-0.096862	-0.038195	0.994565	-0.867562	0.492989	-0.065561	-0.487806	-0.869197	-0.080889
29122	9.361862	0.544864	4.049395	0.206920	-0.614800	0.388521	-0.102378	-0.041485	0.993880	-0.868164	0.491469	-0.068914	-0.485602	-0.869907	-0.086331
29123	9.086342	-0.290161	5.379655	0.086241	-0.781699	0.400780	-0.109611	-0.046314	0.992895	-0.868158	0.490898	-0.072942	-0.484032	-0.869985	-0.094016
29124	9.137645	-0.944748	5.249541	0.066292	-0.967568	0.398540	-0.116806	-0.052471	0.991768	-0.868074	0.490538	-0.076285	-0.482497	-0.869839	-0.102846
29125	9.697314	-0.569779	4.946246	0.172010	-1.119324	0.373590	-0.125394	-0.060374	0.990268	-0.868450	0.489256	-0.080140	-0.479656	-0.870048	-0.113782
29126	11.007992	0.161624	3.765287	0.093830	-1.213686	0.324681	-0.132965	-0.068983	0.988717	-0.868615	0.488532	-0.082728	-0.477313	-0.869815	-0.124878
29127	11.841717	0.645913	2.051193	-0.045376	-1.266165	0.279656	-0.141383	-0.078618	0.986828	-0.868018	0.489135	-0.085393	-0.475979	-0.868657	-0.137398
29128	12.245213	-0.116655	0.447345	-0.155060	-1.333720	0.314520	-0.149204	-0.087983	0.984884	-0.866984	0.490591	-0.087517	-0.475475	-0.866937	-0.149477
29129	12.925860	-1.175851	-0.525930	-0.151729	-1.376320	0.371023	-0.158906	-0.098071	0.982411	-0.865695	0.492252	-0.090887	-0.474681	-0.864910	-0.163122
29130	12.345743	-1.337567	-0.861477	-0.012283	-1.414285	0.380205	-0.167477	-0.107655	0.979981	-0.865194	0.492596	-0.093747	-0.472642	-0.863574	-0.175641
29131	12.442938	-0.777521	-0.137418	0.150970	-1.474343	0.412400	-0.177929	-0.118341	0.976902	-0.865196	0.491762	-0.098012	-0.468804	-0.862650	-0.189887
29132	12.731613	-0.699588	0.822387	0.307692	-1.495073	0.440696	-0.187770	-0.128251	0.973804	-0.866014	0.489395	-0.102532	-0.463425	-0.862580	-0.202960
29133	12.827167	-0.404361	2.359276	0.509382	-1.536700	0.465364	-0.198810	-0.139229	0.970098	-0.867460	0.485626	-0.108079	-0.456057	-0.863008	-0.217323
29134	12.601625	-1.186379	3.057024	0.393794	-1.627271	0.439562	-0.209186	-0.150490	0.966227	-0.868536	0.482603	-0.112870	-0.449318	-0.862813	-0.231660
29135	12.332445	-1.203567	2.630724	0.270005	-1.739942	0.354669	-0.219974	-0.163769	0.961661	-0.868985	0.480835	-0.116889	-0.443257	-0.861381	-0.248084
29136	11.914999	-0.739923	1.208854	0.090602	-1.818816	0.224464	-0.229176	-0.177617	0.957043	-0.869063	0.480178	-0.118992	-0.438415	-0.859000	-0.264406
29137	12.082818	-1.077024	-0.825752	-0.193239	-1.855148	0.093951	-0.238042	-0.193048	0.951876	-0.868005	0.482008	-0.119313	-0.435779	-0.854635	-0.282305
29138	12.430170	-2.064154	-3.369211	0.057418	-1.793947	0.022491	-0.245260	-0.207486	0.946994	-0.868359	0.481339	-0.119434	-0.431045	-0.851623	-0.298226
29139	11.734995	-1.446672	-4.108838	0.515274	-1.671765	-0.054535	-0.251862	-0.221962	0.941965	-0.870701	0.476836	-0.120447	-0.422428	-0.850506	-0.313359
29140	11.081440	-0.109762	-5.112820	0.739222	-1.522282	-0.213674	-0.255665	-0.235162	0.937728	-0.874423	0.469949	-0.120552	-0.412335	-0.850792	-0.325780
29141	10.524695	0.925441	-6.234556	0.924974	-1.346358	-0.381492	-0.257736	-0.248385	0.933744	-0.879170	0.461150	-0.120002	-0.400789	-0.851848	-0.337227
29142	10.232467	1.538067	-6.274039	1.052950	-1.091569	-0.546206	-0.256571	-0.259512	0.931034	-0.884795	0.450743	-0.118190	-0.388985	-0.854099	-0.345262
29143	9.201758	0.669486	-6.197074	0.976663	-0.824071	-0.684554	-0.253599	-0.269594	0.928982	-0.890295	0.440576	-0.115181	-0.378235	-0.856278	-0.351748
29144	8.594503	0.040911	-7.556309	1.013434	-0.631451	-0.804659	-0.248159	-0.277908	0.928000	-0.896083	0.429808	-0.110909	-0.368039	-0.859088	-0.355689
29145	7.361608	-0.980552	-8.432291	1.100532	-0.419807	-0.870887	-0.241793	-0.285196	0.927469	-0.902214	0.417878	-0.106712	-0.357135	-0.862578	-0.358348
29146	5.748272	-1.698940	-8.133865	1.409024	-0.367602	-0.916930	-0.234292	-0.291622	0.927396	-0.909231	0.403384	-0.102858	-0.344101	-0.867317	-0.359661
29147	5.102297	-1.606306	-7.694741	1.721276	-0.250477	-0.936676	-0.226523	-0.297478	0.927467	-0.917180	0.385638	-0.100320	-0.327824	-0.873379	-0.360196
29148	5.581028	-0.202579	-5.374658	2.141645	-0.047951	-0.922363	-0.217819	-0.300957	0.928429	-0.925903	0.364544	-0.099057	-0.308641	-0.881211	-0.358062
29149	5.807365	1.837934	-5.549318	1.985920	0.101414	-0.872158	-0.209350	-0.303129	0.929670	-0.933721	0.344331	-0.097989	-0.290410	-0.888566	-0.355123
29150	6.132307	3.407016	-3.989558	1.701053	0.415537	-0.819330	-0.200168	-0.301865	0.932100	-0.940074	0.327202	-0.095915	-0.276032	-0.895442	-0.349271
29151	5.396260	4.714369	-1.176931	0.816428	0.840558	-0.900229	-0.189337	-0.297192	0.935857	-0.944063	0.317169	-0.090276	-0.269995	-0.900600	-0.340620
29152	4.598318	5.490774	0.322322	-0.522438	1.213326	-1.081245	-0.175438	-0.289411	0.940990	-0.944413	0.319414	-0.077837	-0.278038	-0.902339	-0.329361
29153	4.137651	5.321503	0.666434	-1.798505	1.416049	-1.254822	-0.159476	-0.280709	0.946451	-0.941344	0.332046	-0.060133	-0.297386	-0.900526	-0.317197
29154	5.492663	4.028721	-1.368557	-2.846776	1.544815	-1.333232	-0.141670	-0.271142	0.952057	-0.934199	0.354724	-0.037989	-0.327417	-0.894792	-0.303554
29155	6.591513	2.692921	-2.486757	-3.417311	1.783039	-1.296648	-0.123419	-0.260008	0.957687	-0.924147	0.381725	-0.015460	-0.361553	-0.886951	-0.287397
29156	7.293590	1.113620	-3.233388	-3.850062	2.010085	-1.207380	-0.104127	-0.246877	0.963436	-0.910519	0.413400	0.007525	-0.400142	-0.876443	-0.267832
29157	8.388040	-1.060173	-4.285736	-3.760162	2.220011	-1.088177	-0.084951	-0.232181	0.968956	-0.895820	0.443549	0.027744	-0.436221	-0.865653	-0.245673
29158	9.581342	-3.334508	-4.007314	-3.002713	2.427690	-0.897364	-0.065439	-0.215240	0.974366	-0.882604	0.468042	0.044116	-0.465540	-0.857093	-0.220600
29159	10.473148	-5.277922	-2.763339	-2.017468	2.591931	-0.644316	-0.047403	-0.196130	0.979432	-0.873379	0.483966	0.054643	-0.484729	-0.852825	-0.194237
29160	9.908809	-5.982793	-3.635066	-0.800681	2.658242	-0.412256	-0.030296	-0.175350	0.984040	-0.869310	0.490532	0.060646	-0.493338	-0.853599	-0.167294
29161	9.095274	-4.015460	-3.043891	0.621265	2.622091	-0.282571	-0.014899	-0.154232	0.987922	-0.872420	0.484742	0.062519	-0.488530	-0.860952	-0.141778
29162	9.114963	-1.506633	-2.107959	1.369372	2.587115	-0.231411	0.000041	-0.132829	0.991139	-0.878834	0.472896	0.063412	-0.477128	-0.871049	-0.116715
29163	9.259045	0.538229	-1.601031	1.626486	2.551792	-0.237803	0.014193	-0.111553	0.993657	-0.886454	0.458353	0.064119	-0.462598	-0.881742	-0.092382
29164	9.504876	2.293408	-2.375711	1.324890	2.477094	-0.291707	0.028499	-0.090840	0.995458	-0.892260	0.446627	0.066301	-0.450621	-0.890097	-0.068324
29165	9.362552	2.902994	-3.701669	0.988430	2.389316	-0.335360	0.042212	-0.070959	0.996586	-0.896542	0.437532	0.069128	-0.440943	-0.896399	-0.045149
29166	8.660507	2.651945	-1.868181	0.591564	2.313950	-0.368264	0.056062	-0.051771	0.997084	-0.898736	0.432375	0.072982	-0.434892	-0.900207	-0.022289
29167	7.622509	1.714237	-0.921026	-0.187582	2.238488	-0.427640	0.069703	-0.033450	0.997007	-0.897643	0.433889	0.077313	-0.435176	-0.900345	0.000217
29168	7.100905	0.240319	-1.370069	-0.739448	2.124343	-0.474519	0.083686	-0.016482	0.996356	-0.893800	0.440838	0.082365	-0.440589	-0.897436	0.022161
29169	6.817888	-1.422265	-0.982687	-0.714360	1.944498	-0.504230	0.096858	-0.001279	0.995297	-0.890172	0.447203	0.087202	-0.445211	-0.894432	0.042177
29170	7.528143	-2.491167	-0.974421	-0.512850	1.685027	-0.511444	0.109328	0.011392	0.993940	-0.887127	0.452182	0.092397	-0.448389	-0.891853	0.059542
29171	8.691902	-2.682682	-1.995833	-0.116696	1.449845	-0.459123	0.119957	0.022257	0.992530	-0.886068	0.453310	0.096925	-0.447766	-0.891075	0.074099
29172	9.070127	-2.436884	-2.318692	0.577593	1.220958	-0.370651	0.128987	0.031385	0.991150	-0.887947	0.448641	0.101350	-0.441490	-0.893161	0.085737
29173	8.741597	-0.562135	-1.338128	1.183825	0.984695	-0.255084	0.135608	0.039093	0.989991	-0.892755	0.438140	0.104988	-0.429650	-0.898056	0.094316
29174	8.348225	1.248746	-0.784627	1.326407	0.737713	-0.127261	0.140117	0.045062	0.989109	-0.897970	0.426656	0.107769	-0.417153	-0.903291	0.100246
29175	7.982627	2.883426	-1.146386	1.114571	0.425655	-0.041441	0.142304	0.048762	0.988621	-0.902491	0.416594	0.109358	-0.406521	-0.907784	0.103290
29176	9.017078	4.316906	0.022582	0.693606	0.212711	-0.090287	0.144226	0.050152	0.988273	-0.904948	0.410729	0.111222	-0.400335	-0.910377	0.104623
29177	7.325060	4.000463	-2.390533	-0.436167	-0.183398	0.002900	0.143522	0.048517	0.988457	-0.903186	0.414707	0.110786	-0.404545	-0.908660	0.103340
29178	6.130111	3.209582	-2.708238	-0.912275	-0.527827	0.031108	0.141368	0.043617	0.988996	-0.899243	0.423428	0.109864	-0.413977	-0.904879	0.099082
29179	7.739606	0.869699	-1.380723	-1.495170	-0.781512	-0.064896	0.138719	0.036310	0.989666	-0.892843	0.436950	0.109116	-0.428473	-0.898753	0.093033
29180	11.619359	-2.461384	3.510643	-1.566346	-0.594949	-0.087723	0.137181	0.030282	0.990083	-0.885578	0.451547	0.108891	-0.443771	-0.891733	0.088761
29181	16.317077	-7.739538	6.607644	-2.313671	-0.259773	0.055584	0.135574	0.028254	0.990364	-0.875134	0.472052	0.106333	-0.464499	-0.881118	0.088724
29182	17.668445	-9.531382	7.879064	-1.883041	0.077575	0.472067	0.132015	0.031052	0.990761	-0.866623	0.488809	0.100154	-0.481183	-0.871838	0.091440
29183	13.431433	-4.084340	6.206030	-1.997273	0.030500	0.531848	0.127642	0.033977	0.991238	-0.857519	0.505962	0.093080	-0.498366	-0.861886	0.093718
29184	10.111366	-1.634596	3.564365	-2.127711	-0.371036	0.344432	0.122915	0.032635	0.991880	-0.847006	0.524298	0.087711	-0.517178	-0.850909	0.092086
29185	10.786588	-1.987493	1.064480	-2.858998	-0.759083	0.127241	0.117890	0.026928	0.992662	-0.832003	0.548384	0.083934	-0.542100	-0.835793	0.087053
29186	13.120153	-3.344206	-2.476574	-2.890135	-0.959923	0.030300	0.112374	0.019269	0.993479	-0.815891	0.572478	0.081183	-0.567180	-0.819694	0.080053
29187	12.631794	-3.734204	-3.945772	-2.538125	-0.996840	0.055264	0.106230	0.011502	0.994275	-0.801269	0.593100	0.078748	-0.588799	-0.805047	0.072221
29188	11.105673	-2.749262	-3.674494	-1.669900	-0.949291	0.038161	0.100213	0.004231	0.994957	-0.791241	0.606622	0.077115	-0.603237	-0.794979	0.064140
29189	9.675032	-0.712802	-3.918875	-0.824062	-0.842465	-0.028520	0.095389	-0.002612	0.995437	-0.786201	0.613162	0.076948	-0.610565	-0.789953	0.056436
29190	9.036195	1.258844	-4.436062	0.049398	-0.663391	-0.116624	0.092117	-0.008518	0.995712	-0.786244	0.612976	0.077982	-0.611011	-0.790056	0.049768
29191	9.069600	2.266008	-4.203854	0.428439	-0.503344	-0.134141	0.090170	-0.013315	0.995837	-0.788722	0.609579	0.079566	-0.608101	-0.792613	0.044464
29192	9.939926	2.130558	-4.050697	0.554819	-0.377911	-0.080894	0.088347	-0.016849	0.995947	-0.791846	0.605394	0.080484	-0.604297	-0.795748	0.040143
29193	10.980456	0.881198	-3.420401	0.514749	-0.297817	-0.001839	0.086632	-0.019227	0.996055	-0.794934	0.601298	0.080747	-0.600478	-0.798793	0.036807
29194	11.525120	0.118150	-2.572724	0.594675	-0.236212	0.049051	0.084626	-0.020941	0.996193	-0.798305	0.596867	0.080362	-0.596278	-0.802067	0.033793
29195	11.379187	0.396481	-2.260920	0.578884	-0.168621	0.074475	0.083092	-0.021846	0.996302	-0.801796	0.592239	0.079856	-0.591793	-0.805466	0.031695
29196	10.515092	1.019043	-2.155348	0.264711	-0.104620	0.071920	0.081664	-0.022414	0.996408	-0.803184	0.590455	0.079110	-0.590107	-0.806759	0.030217
29197	9.585749	0.921955	-1.539215	-0.244650	-0.082524	0.007208	0.081182	-0.023028	0.996433	-0.801733	0.592437	0.079011	-0.592143	-0.805288	0.029633
29198	9.598991	0.232893	-1.349795	-0.695381	-0.071063	-0.088034	0.081220	-0.024305	0.996400	-0.797293	0.598323	0.079584	-0.598103	-0.800887	0.029218
29199	10.161191	-0.260158	-1.025124	-0.723383	-0.031429	-0.116539	0.082021	-0.025249	0.996311	-0.792839	0.604080	0.080580	-0.603886	-0.796524	0.029529
29200	10.395734	0.022804	-0.352636	-0.487497	-0.012526	-0.099201	0.082468	-0.026142	0.996251	-0.789535	0.608294	0.081318	-0.608139	-0.793281	0.029524
29201	10.205076	1.030443	0.223311	-0.297197	0.034194	-0.060472	0.083217	-0.026234	0.996186	-0.787663	0.610641	0.081878	-0.610460	-0.791473	0.030152
29202	9.353715	1.906288	0.318401	-0.153216	0.065077	-0.037513	0.083649	-0.026138	0.996152	-0.786423	0.612208	0.082101	-0.611998	-0.790265	0.030655
29203	8.869198	1.997462	0.691004	-0.125142	0.029914	-0.058217	0.084353	-0.026253	0.996090	-0.785596	0.613189	0.082689	-0.612963	-0.789500	0.031100
29204	9.342796	1.617879	0.878168	-0.171478	0.001584	-0.079817	0.084755	-0.026926	0.996038	-0.784206	0.614877	0.083352	-0.614685	-0.788163	0.030998
29205	9.843979	0.951107	0.603238	-0.218083	0.012243	-0.089573	0.085596	-0.027376	0.995954	-0.782775	0.616579	0.084223	-0.616390	-0.786817	0.031348
29206	9.998555	0.625518	0.856188	-0.222946	-0.004500	-0.056234	0.085793	-0.027948	0.995921	-0.781092	0.618651	0.084648	-0.618494	-0.785168	0.031246
29207	10.118226	0.317254	1.081552	-0.239080	0.003589	-0.027467	0.086093	-0.028085	0.995891	-0.779576	0.620528	0.084892	-0.620362	-0.783681	0.031528
29208	9.419112	0.836166	1.230689	-0.221124	-0.003588	-0.016646	0.085995	-0.028389	0.995891	-0.777940	0.622573	0.084922	-0.622426	-0.782046	0.031454
29209	8.830484	2.403130	1.645671	-0.346672	-0.062074	-0.045232	0.086023	-0.029151	0.995867	-0.775727	0.625276	0.085310	-0.625179	-0.779859	0.031175
29210	8.835123	3.013477	1.837978	-0.725174	-0.136411	-0.093475	0.085710	-0.030960	0.995839	-0.770826	0.631218	0.085968	-0.631253	-0.774987	0.030237
29211	9.197480	2.072587	1.709259	-1.106956	-0.227269	-0.114347	0.085206	-0.033436	0.995802	-0.763680	0.639729	0.086825	-0.639947	-0.767873	0.028975
29212	9.717366	-0.036045	1.012927	-1.034986	-0.297223	-0.096051	0.083884	-0.036482	0.995807	-0.756680	0.647907	0.087477	-0.648382	-0.760846	0.026744
29213	10.073177	-1.183250	0.495376	-0.605278	-0.318776	-0.061183	0.082335	-0.039296	0.995830	-0.752678	0.652485	0.087979	-0.653221	-0.756782	0.024145
29214	9.714646	-0.950702	0.710909	-0.051692	-0.333047	-0.040482	0.080319	-0.042206	0.995875	-0.752096	0.653106	0.088337	-0.654140	-0.756089	0.020714
29215	9.544779	0.209919	0.868707	0.200000	-0.362040	-0.023417	0.078192	-0.045096	0.995918	-0.753373	0.651590	0.088654	-0.652928	-0.757229	0.016975
29216	9.370489	1.340557	1.149298	0.148146	-0.399032	-0.025418	0.075632	-0.048384	0.995961	-0.754111	0.650705	0.088878	-0.652377	-0.757788	0.012727
29217	9.271876	1.899292	0.986072	-0.106008	-0.448463	-0.026934	0.072970	-0.051954	0.995980	-0.753387	0.651502	0.089181	-0.653516	-0.756866	0.008399
29218	9.363818	1.897745	0.511261	-0.325367	-0.475540	-0.021898	0.069893	-0.055781	0.995994	-0.751036	0.654189	0.089342	-0.656552	-0.754271	0.003830
29219	9.323020	1.405748	0.071038	-0.416345	-0.500029	-0.020312	0.066817	-0.059677	0.995979	-0.748269	0.657319	0.089584	-0.660022	-0.751246	-0.000734
29220	9.489936	0.803310	-0.304860	-0.397420	-0.536580	-0.015773	0.063268	-0.063897	0.995949	-0.745398	0.660553	0.089731	-0.663611	-0.748055	-0.005837
29221	9.803236	0.504046	-0.218833	-0.184850	-0.555112	0.007656	0.059586	-0.067993	0.995905	-0.744163	0.661946	0.089717	-0.665336	-0.746461	-0.011156
29222	9.807033	0.810988	-0.236997	-0.007320	-0.559160	0.031022	0.055514	-0.072049	0.995855	-0.743892	0.662295	0.089385	-0.665990	-0.745771	-0.016830
29223	9.627163	0.966798	-0.263245	0.113328	-0.577037	0.050602	0.051359	-0.076018	0.995783	-0.744662	0.661494	0.088905	-0.665462	-0.746088	-0.022634
29224	9.590404	1.055624	0.100834	0.218997	-0.575246	0.077885	0.046835	-0.079882	0.995703	-0.745916	0.660195	0.088051	-0.664392	-0.746835	-0.028665
29225	9.429888	0.987597	0.038123	0.201645	-0.588425	0.094863	0.042284	-0.083653	0.995597	-0.747285	0.658772	0.087090	-0.663157	-0.747678	-0.034657
29226	9.588820	0.281753	-0.188166	0.090388	-0.597212	0.091323	0.037529	-0.087594	0.995449	-0.747678	0.658452	0.086128	-0.663000	-0.747508	-0.040781
29227	9.656749	-0.299306	-0.354582	0.098060	-0.592657	0.081186	0.033057	-0.091489	0.995257	-0.748346	0.657798	0.085324	-0.662485	-0.747617	-0.046721
29228	9.663439	0.252280	-0.560268	0.195620	-0.606324	0.079718	0.028326	-0.095560	0.995021	-0.749414	0.656700	0.084403	-0.661495	-0.748073	-0.053013
29229	9.907159	1.445483	-0.455883	0.088446	-0.605357	0.074153	0.023830	-0.099601	0.994742	-0.750008	0.656116	0.083662	-0.660999	-0.748058	-0.059066
29230	9.682462	1.844371	-0.811878	-0.136567	-0.629636	0.072547	0.019004	-0.103886	0.994408	-0.748893	0.657473	0.082999	-0.662419	-0.746282	-0.065305
29231	9.597540	1.137051	-1.141420	-0.294888	-0.647495	0.080539	0.014168	-0.108178	0.994031	-0.746939	0.659761	0.082447	-0.664741	-0.743648	-0.071455
29232	9.578381	-0.064948	-1.399141	-0.141511	-0.656807	0.095699	0.008968	-0.112486	0.993613	-0.745755	0.661206	0.081586	-0.666160	-0.741724	-0.077957
29233	9.578895	-0.080855	-0.903955	0.245974	-0.682942	0.105861	0.003697	-0.116855	0.993142	-0.747389	0.659507	0.080381	-0.664377	-0.742560	-0.084898
29234	9.820606	1.171725	-0.306621	0.598612	-0.692752	0.153031	-0.002165	-0.121054	0.992644	-0.751093	0.655536	0.078305	-0.660192	-0.745398	-0.092343
29235	9.538190	2.193423	0.558939	0.656012	-0.722161	0.222531	-0.008529	-0.124995	0.992121	-0.755387	0.650913	0.075513	-0.655223	-0.748791	-0.099971
29236	9.341710	2.663537	0.886339	0.629925	-0.758401	0.244708	-0.015444	-0.129138	0.991506	-0.759212	0.646803	0.072416	-0.650661	-0.751645	-0.108032
29237	9.914357	2.740616	0.725520	0.452549	-0.779390	0.255570	-0.022383	-0.133352	0.990816	-0.762091	0.643737	0.069424	-0.647082	-0.753538	-0.116036
29238	9.818335	1.129461	-0.133603	0.327394	-0.800633	0.282287	-0.029785	-0.137605	0.990039	-0.763863	0.641969	0.066246	-0.644691	-0.754281	-0.124233
29239	9.639042	0.010763	-0.763441	0.410722	-0.823018	0.308591	-0.037376	-0.141840	0.989184	-0.766393	0.639304	0.062712	-0.641284	-0.755759	-0.132600
29240	9.866617	0.280538	-1.082158	0.488987	-0.835423	0.310009	-0.045168	-0.146199	0.988223	-0.769136	0.636357	0.058989	-0.637487	-0.757414	-0.141190
29241	10.049493	0.605145	-1.252503	0.425494	-0.861332	0.315751	-0.053014	-0.150722	0.987154	-0.771679	0.633604	0.055299	-0.633799	-0.758834	-0.149898
29242	10.210146	0.892181	-0.854653	0.384568	-0.910121	0.329391	-0.061387	-0.155549	0.985919	-0.773656	0.631512	0.051463	-0.630625	-0.759603	-0.159108
29243	10.068714	1.157954	-0.289243	0.391726	-0.992166	0.334330	-0.070154	-0.160980	0.984461	-0.775893	0.629068	0.047575	-0.626951	-0.760499	-0.169035
29244	9.771711	0.958947	0.961070	0.421739	-1.110277	0.334730	-0.079764	-0.167307	0.982673	-0.777996	0.626758	0.043560	-0.623186	-0.761041	-0.180157
29245	9.461976	0.390619	2.272806	0.539532	-1.257889	0.339205	-0.090153	-0.174765	0.980474	-0.781051	0.623232	0.039272	-0.617926	-0.762259	-0.192686
29246	9.312325	0.569825	2.748396	0.648817	-1.396560	0.316133	-0.101249	-0.183402	0.977810	-0.784497	0.619150	0.034898	-0.611811	-0.763556	-0.206566
29247	9.875653	0.473788	2.608907	0.588595	-1.523724	0.286994	-0.112719	-0.193267	0.974650	-0.787769	0.615197	0.030884	-0.605570	-0.764317	-0.221594
29248	10.772246	-0.139311	1.202156	0.561119	-1.581667	0.256226	-0.124279	-0.203670	0.971120	-0.790601	0.611730	0.027119	-0.599586	-0.764398	-0.237047
29249	11.323970	-1.171835	-0.582258	0.670273	-1.660623	0.264800	-0.136211	-0.214752	0.967124	-0.794248	0.607160	0.022958	-0.592129	-0.765009	-0.253268
29250	11.469162	-0.477521	-0.396463	1.048587	-1.744462	0.323455	-0.149032	-0.226001	0.962659	-0.799701	0.600155	0.017093	-0.581608	-0.767292	-0.270176
29251	11.990936	0.453538	-0.452826	1.029694	-1.808334	0.363928	-0.162309	-0.237719	0.957677	-0.805065	0.593088	0.010775	-0.570549	-0.769244	-0.287642
29252	12.136866	0.051169	-0.103588	1.088365	-1.885074	0.390737	-0.176107	-0.249730	0.952167	-0.810321	0.585974	0.003815	-0.558897	-0.770889	-0.305556
29253	11.991039	-0.558315	0.868186	1.235209	-1.992546	0.411287	-0.190392	-0.262713	0.945903	-0.816387	0.577492	-0.003931	-0.545219	-0.772971	-0.324426
29254	11.895686	-0.730428	2.069822	1.441144	-2.147374	0.408430	-0.205291	-0.276719	0.938766	-0.823050	0.567828	-0.012608	-0.529569	-0.775240	-0.344324
29255	12.918976	-0.862876	3.100838	1.825591	-2.364898	0.391688	-0.220759	-0.292890	0.930312	-0.831703	0.554757	-0.022705	-0.509447	-0.778756	-0.366065
29256	14.972746	-0.471254	4.791384	2.141194	-2.543086	0.393272	-0.236692	-0.310238	0.920722	-0.841223	0.539590	-0.034440	-0.486128	-0.782684	-0.388696
29257	16.488805	1.068065	5.528706	2.203810	-2.695178	0.472904	-0.253397	-0.328853	0.909750	-0.850505	0.523813	-0.047549	-0.460902	-0.785796	-0.412424
29258	17.070988	2.347256	6.769029	1.992724	-2.876953	0.565490	-0.271120	-0.348038	0.897421	-0.857692	0.510518	-0.061128	-0.436874	-0.786283	-0.436921
29259	17.080840	1.070740	7.881431	1.695066	-3.049861	0.627874	-0.289438	-0.368803	0.883295	-0.863149	0.499454	-0.074299	-0.413763	-0.783920	-0.462893
29260	15.940449	-0.137498	8.283754	1.581031	-3.218083	0.612443	-0.307278	-0.390587	0.867769	-0.867841	0.489140	-0.087139	-0.390425	-0.779861	-0.489269
29261	14.125102	0.880720	6.408850	1.372801	-3.299578	0.495645	-0.324048	-0.413798	0.850743	-0.871493	0.480465	-0.098256	-0.368094	-0.773256	-0.516315
29262	13.088105	1.821304	1.075423	0.849660	-3.379339	0.367035	-0.338770	-0.437665	0.832877	-0.873643	0.474929	-0.105783	-0.349260	-0.763474	-0.543255
29263	11.901602	3.900788	-2.958807	0.667288	-3.387894	0.268300	-0.352599	-0.462047	0.813749	-0.874999	0.471071	-0.111664	-0.331739	-0.751402	-0.570390
29264	11.636834	6.237442	-4.101883	0.292852	-3.336214	0.147607	-0.364035	-0.485869	0.794613	-0.875761	0.468981	-0.114450	-0.317051	-0.737555	-0.596231
29265	12.359642	6.048879	-6.128106	-0.094177	-3.211707	0.035189	-0.374296	-0.509119	0.775049	-0.875350	0.469830	-0.114110	-0.306046	-0.721150	-0.621513
29266	12.495010	5.130802	-6.979481	-0.217556	-2.853823	0.049386	-0.382595	-0.528975	0.757500	-0.874849	0.471050	-0.112924	-0.297086	-0.705902	-0.642995
29267	11.989388	5.514955	-7.241743	-0.352804	-2.190479	0.036734	-0.389313	-0.544107	0.743224	-0.873682	0.473698	-0.110859	-0.291745	-0.692501	-0.659794
29268	10.591767	4.297502	-9.878339	-0.738176	-1.611233	0.025667	-0.393461	-0.554809	0.733059	-0.871766	0.478345	-0.105879	-0.291913	-0.680715	-0.671874
29269	9.590769	2.962305	-9.627535	-0.844309	-1.080219	0.070391	-0.397191	-0.561760	0.725718	-0.869024	0.484426	-0.100642	-0.295020	-0.670640	-0.680592
29270	6.107947	0.464027	-11.833244	-1.221576	-0.792018	0.113591	-0.399765	-0.566270	0.720782	-0.865242	0.492688	-0.092815	-0.302563	-0.660755	-0.686920
29271	4.617951	0.203413	-11.729185	-0.146366	-0.706894	0.082455	-0.402558	-0.570508	0.715869	-0.864484	0.494102	-0.092358	-0.301022	-0.656037	-0.692100
29272	5.911685	1.181429	-8.890128	-0.220610	-0.505213	-0.027305	-0.403124	-0.573774	0.712934	-0.864215	0.494948	-0.090327	-0.301037	-0.652541	-0.695389
29273	7.209885	2.357051	-11.402602	0.249779	-0.104056	0.070722	-0.403993	-0.574094	0.712183	-0.864693	0.493704	-0.092529	-0.298487	-0.653201	-0.695869
29274	5.769285	1.187807	-6.440180	0.492529	0.463329	0.239042	-0.403995	-0.569723	0.715683	-0.865453	0.491447	-0.097320	-0.296275	-0.658707	-0.691611
29275	6.338587	0.055027	-1.726265	0.433765	1.010564	0.122308	-0.402005	-0.562417	0.722551	-0.866261	0.489246	-0.101143	-0.296621	-0.666577	-0.683879
29276	4.501435	2.212666	-1.156197	-0.567387	1.764537	-0.088025	-0.395208	-0.550857	0.735096	-0.865155	0.492168	-0.096316	-0.308735	-0.674038	-0.671086
29277	2.936622	2.724112	-5.260665	-1.651673	2.176560	-0.471640	-0.384112	-0.538476	0.750001	-0.861720	0.500745	-0.081810	-0.331507	-0.677715	-0.656358
29278	2.807343	1.807465	-5.889198	-2.100693	2.522508	-0.978908	-0.366276	-0.526109	0.767497	-0.858376	0.509450	-0.060426	-0.359211	-0.680933	-0.638199
29279	3.734010	0.277824	-5.773835	-2.633329	2.878753	-1.310212	-0.344190	-0.513221	0.786217	-0.853151	0.520576	-0.033675	-0.392003	-0.682353	-0.617032
29280	4.353605	-0.882575	-6.634594	-2.970698	3.292872	-1.446366	-0.317702	-0.498164	0.806782	-0.845944	0.533258	-0.003853	-0.428304	-0.683717	-0.590836
29281	4.752437	-2.458388	-6.518859	-3.014611	3.600506	-1.510715	-0.288848	-0.481664	0.827386	-0.837074	0.546476	0.025902	-0.464622	-0.685102	-0.561037
29282	5.540712	-4.346795	-6.558145	-2.596309	3.916780	-1.461587	-0.257172	-0.462601	0.848447	-0.828731	0.557170	0.052591	-0.497058	-0.689610	-0.526660
29283	5.987587	-5.055712	-7.419125	-1.865593	4.219710	-1.267470	-0.225125	-0.440413	0.869112	-0.822281	0.564380	0.072999	-0.522660	-0.698220	-0.489199
29284	6.212805	-3.958597	-10.090449	-0.896210	4.423914	-0.947967	-0.193879	-0.413962	0.889408	-0.818769	0.567684	0.085740	-0.540396	-0.711596	-0.449002
29285	6.144024	-2.090370	-10.027024	0.313947	4.563423	-0.663631	-0.163577	-0.384766	0.908404	-0.821664	0.562756	0.090405	-0.545995	-0.731615	-0.408202
29286	5.814091	-0.293923	-8.910696	0.777559	4.732011	-0.496053	-0.133403	-0.352003	0.926443	-0.826296	0.555649	0.092137	-0.547210	-0.753225	-0.364984
29287	5.843841	1.040127	-9.859362	0.966061	4.902856	-0.449245	-0.102830	-0.316994	0.942837	-0.832104	0.546755	0.093074	-0.545004	-0.774967	-0.319995
29288	6.023432	1.370059	-8.597341	0.891628	5.036627	-0.555270	-0.070480	-0.280206	0.957349	-0.837276	0.538302	0.095916	-0.542219	-0.794805	-0.272549
29289	5.890177	0.393163	-7.805885	0.315013	5.158006	-0.734969	-0.036272	-0.242732	0.969415	-0.839374	0.533847	0.102263	-0.542342	-0.809993	-0.223107
29290	5.450870	-1.396443	-9.868747	-0.177550	5.188564	-0.880194	-0.000281	-0.204954	0.978772	-0.838606	0.533223	0.111416	-0.544738	-0.820773	-0.172025
