// General information: 
//  MT Manager version: 2022.2.0 
//  XDA version: 2022.2.0 build 7381 rev 124627 built on 2023-07-19
// Device information: 
//  DeviceId: 00B4CAF0
//  ProductCode: MTW2-3A7G6
//  Firmware Version: 4.6.0
//  Hardware Version: 2.0.0
// Device settings: 
//  Filter Profile: human(46.1)
//  Option Flags: Orientation Smoother Disabled, Position/Velocity Smoother Disabled, Continuous Zero Rotation Update Disabled, AHS Disabled, ICC Disabled
// Coordinate system: ENU
PacketCounter	Acc_X	Acc_Y	Acc_Z	Gyr_X	Gyr_Y	Gyr_Z	Mat[1][1]	Mat[2][1]	Mat[3][1]	Mat[1][2]	Mat[2][2]	Mat[3][2]	Mat[1][3]	Mat[2][3]	Mat[3][3]
46425	4.829541	-0.310405	9.069434	0.002635	0.004274	0.005312	-0.251422	0.848737	0.465222	-0.962518	-0.269768	-0.028020	0.101720	-0.454830	0.884750
46426	4.813523	-0.276322	9.109295	0.004263	0.002746	0.006556	-0.251476	0.848753	0.465164	-0.962515	-0.269768	-0.028127	0.101613	-0.454800	0.884778
46427	4.813520	-0.317219	9.039681	0.006244	0.003224	0.005356	-0.251531	0.848759	0.465123	-0.962497	-0.269834	-0.028108	0.101649	-0.454750	0.884799
46428	4.838691	-0.271264	9.055780	0.007872	0.001695	0.006600	-0.251505	0.848729	0.465193	-0.962485	-0.269889	-0.027962	0.101818	-0.454774	0.884767
46429	4.807861	-0.315237	9.081928	0.005640	0.003824	0.003465	-0.251542	0.848742	0.465149	-0.962473	-0.269937	-0.027939	0.101847	-0.454721	0.884792
46430	4.815261	-0.296489	9.053985	0.002348	-0.000067	0.007662	-0.251709	0.848663	0.465203	-0.962435	-0.270057	-0.028086	0.101796	-0.454797	0.884758
46431	4.828104	-0.309137	9.070243	0.009853	0.002173	0.005401	-0.251763	0.848663	0.465173	-0.962413	-0.270141	-0.028035	0.101870	-0.454747	0.884776
46432	4.827751	-0.308692	9.070446	0.004013	0.005352	0.002222	-0.251667	0.848769	0.465032	-0.962451	-0.270002	-0.028057	0.101745	-0.454632	0.884849
46433	4.824896	-0.328410	9.056773	0.005824	0.003550	0.007897	-0.251746	0.848770	0.464988	-0.962427	-0.270088	-0.028054	0.101776	-0.454580	0.884872
46434	4.806450	-0.314123	9.082713	0.003659	0.003345	0.004666	-0.251762	0.848793	0.464936	-0.962430	-0.270069	-0.028113	0.101703	-0.454546	0.884898
46435	4.824177	-0.328221	9.057162	0.002032	0.004873	0.003422	-0.251800	0.848812	0.464881	-0.962421	-0.270100	-0.028123	0.101693	-0.454493	0.884926
46436	4.826230	-0.308237	9.071271	0.003659	0.003345	0.004667	-0.251737	0.848872	0.464807	-0.962444	-0.270022	-0.028117	0.101640	-0.454428	0.884966
46437	4.820581	-0.276722	9.027184	0.001678	0.002867	0.005867	-0.251796	0.848875	0.464769	-0.962429	-0.270071	-0.028141	0.101633	-0.454393	0.884985
46438	4.859030	-0.315398	9.075985	0.003593	0.005678	0.004763	-0.251917	0.848864	0.464724	-0.962407	-0.270135	-0.028273	0.101538	-0.454376	0.885004
46439	4.838013	-0.321013	9.088091	0.005220	0.004149	0.006008	-0.251979	0.848872	0.464674	-0.962389	-0.270202	-0.028267	0.101561	-0.454320	0.885030
46440	4.824633	-0.308104	9.072125	0.004379	0.004805	0.011088	-0.252184	0.848815	0.464668	-0.962339	-0.270365	-0.028401	0.101523	-0.454331	0.885029
46441	4.826540	-0.288062	9.086311	0.007739	0.006359	0.006797	-0.252257	0.848831	0.464599	-0.962316	-0.270450	-0.028377	0.101564	-0.454250	0.885066
46442	4.820954	-0.327740	9.058896	0.005270	0.008543	0.010633	-0.252389	0.848802	0.464580	-0.962280	-0.270572	-0.028428	0.101573	-0.454231	0.885074
46443	4.797375	-0.353352	9.057159	0.005823	0.003547	0.007902	-0.252469	0.848802	0.464536	-0.962256	-0.270658	-0.028426	0.101602	-0.454180	0.885098
46444	4.817335	-0.306354	9.115216	0.004262	0.002742	0.006562	-0.252608	0.848704	0.464640	-0.962210	-0.270817	-0.028449	0.101688	-0.454267	0.885043
46445	4.801577	-0.313325	9.085318	0.004196	0.005076	0.006658	-0.252679	0.848714	0.464583	-0.962191	-0.270886	-0.028456	0.101698	-0.454208	0.885072
46446	4.801196	-0.313359	9.085518	0.001677	0.002866	0.005870	-0.252599	0.848801	0.464468	-0.962223	-0.270767	-0.028483	0.101586	-0.454117	0.885132
46447	4.841896	-0.301983	9.062044	0.003173	0.006004	0.007306	-0.252676	0.848814	0.464402	-0.962203	-0.270836	-0.028502	0.101584	-0.454051	0.885166
46448	4.839017	-0.321888	9.048383	0.006426	0.002945	0.009798	-0.252623	0.848880	0.464310	-0.962219	-0.270785	-0.028462	0.101567	-0.453958	0.885216
46449	4.810388	-0.346220	9.088516	0.003173	0.006003	0.007307	-0.252700	0.848894	0.464244	-0.962199	-0.270853	-0.028481	0.101565	-0.453892	0.885250
46450	4.784071	-0.320399	9.056340	0.005823	0.003545	0.007906	-0.252786	0.848913	0.464162	-0.962186	-0.270889	-0.028580	0.101474	-0.453835	0.885289
46451	4.806688	-0.294858	9.058592	-0.000370	0.004722	0.007166	-0.252860	0.848921	0.464107	-0.962170	-0.270940	-0.028630	0.101440	-0.453790	0.885316
46452	4.832239	-0.320949	9.091165	0.000719	0.001460	0.006423	-0.252892	0.848899	0.464130	-0.962161	-0.270970	-0.028648	0.101446	-0.453813	0.885304
46453	4.808960	-0.346851	9.089248	0.000653	0.003793	0.006519	-0.252958	0.848904	0.464084	-0.962146	-0.271021	-0.028686	0.101425	-0.453773	0.885327
46454	4.805774	-0.295770	9.059048	0.000835	0.003520	0.010954	-0.253018	0.848952	0.463965	-0.962148	-0.271000	-0.028826	0.101262	-0.453696	0.885385
46455	4.831190	-0.321752	9.091694	0.001431	0.005471	0.001533	-0.253038	0.848979	0.463904	-0.962144	-0.271011	-0.028835	0.101243	-0.453639	0.885416
46456	4.820445	-0.289063	9.089514	0.001923	0.000257	0.010212	-0.253157	0.848931	0.463927	-0.962117	-0.271099	-0.028932	0.101209	-0.453676	0.885401
46457	4.830762	-0.322227	9.091905	-0.000305	0.002388	0.007072	-0.253228	0.848928	0.463893	-0.962101	-0.271149	-0.028981	0.101181	-0.453650	0.885417
46458	4.835637	-0.323936	9.050116	0.000232	0.004120	0.009062	-0.253187	0.848996	0.463791	-0.962123	-0.271066	-0.029029	0.101072	-0.453574	0.885469
46459	4.806939	-0.348722	9.090245	-0.001393	0.005650	0.007816	-0.253268	0.849007	0.463727	-0.962107	-0.271117	-0.029092	0.101025	-0.453523	0.885500
46460	4.793611	-0.336441	9.074226	-0.003311	0.002841	0.008920	-0.253260	0.849015	0.463716	-0.962113	-0.271091	-0.029122	0.100984	-0.453523	0.885505
46461	4.813901	-0.331158	9.062522	0.001677	0.002863	0.005874	-0.253319	0.849019	0.463677	-0.962099	-0.271139	-0.029148	0.100974	-0.453487	0.885524
46462	4.777921	-0.344352	9.044253	-0.004744	-0.002629	0.007387	-0.253368	0.849022	0.463644	-0.962107	-0.271088	-0.029347	0.100772	-0.453511	0.885535
46463	4.806138	-0.350669	9.090594	-0.001690	0.003864	-0.001151	-0.253360	0.849050	0.463598	-0.962114	-0.271062	-0.029371	0.100726	-0.453476	0.885559
46464	4.813396	-0.291280	9.132325	-0.003785	-0.001225	0.006835	-0.253403	0.849030	0.463611	-0.962113	-0.271052	-0.029487	0.100627	-0.453518	0.885548
46465	4.778043	-0.345754	9.044135	-0.003235	-0.006219	0.004102	-0.253436	0.848997	0.463652	-0.962108	-0.271063	-0.029549	0.100592	-0.453573	0.885524
46466	4.808701	-0.261057	9.087729	-0.008596	0.001033	0.003001	-0.253272	0.849034	0.463675	-0.962154	-0.270904	-0.029502	0.100563	-0.453599	0.885514
46467	4.842381	-0.310247	9.022382	-0.005410	0.000305	0.005589	-0.253325	0.849027	0.463658	-0.962148	-0.270918	-0.029590	0.100491	-0.453603	0.885520
46468	4.872981	-0.296984	9.082653	-0.005474	0.002638	0.005686	-0.253312	0.848991	0.463732	-0.962148	-0.270920	-0.029576	0.100525	-0.453670	0.885482
46469	4.844407	-0.322430	9.122674	-0.012088	0.004146	0.007488	-0.253387	0.848996	0.463681	-0.962143	-0.270919	-0.029730	0.100379	-0.453661	0.885503
46470	4.759169	-0.335971	9.070104	-0.002953	0.004844	0.006477	-0.253230	0.849092	0.463592	-0.962190	-0.270759	-0.029672	0.100328	-0.453577	0.885552
46471	4.787303	-0.342640	9.116472	-0.005166	-0.002305	0.009931	-0.253321	0.849062	0.463597	-0.962172	-0.270810	-0.029776	0.100266	-0.453603	0.885546
46472	4.782622	-0.382898	9.088517	0.001689	-0.003864	0.001150	-0.253429	0.848983	0.463683	-0.962149	-0.270876	-0.029907	0.100210	-0.453711	0.885496
46473	4.847260	-0.345841	9.066684	0.001331	-0.005871	0.003596	-0.253457	0.848953	0.463722	-0.962141	-0.270903	-0.029925	0.100219	-0.453751	0.885475
46474	4.839655	-0.293093	9.078088	0.002227	-0.002133	0.003141	-0.253421	0.848947	0.463753	-0.962151	-0.270872	-0.029916	0.100220	-0.453781	0.885459
46475	4.834803	-0.332803	9.050241	0.002584	-0.000127	0.000694	-0.253426	0.848952	0.463742	-0.962148	-0.270880	-0.029909	0.100227	-0.453768	0.885465
46476	4.806333	-0.285292	9.073649	0.008777	-0.001309	0.001435	-0.253397	0.848941	0.463778	-0.962152	-0.270871	-0.029869	0.100267	-0.453794	0.885448
46477	4.793801	-0.343199	9.073872	0.005771	-0.000856	0.003283	-0.253426	0.848935	0.463773	-0.962140	-0.270916	-0.029846	0.100306	-0.453778	0.885451
46478	4.829901	-0.330202	9.092076	0.002648	-0.002460	0.000598	-0.253328	0.848993	0.463720	-0.962177	-0.270783	-0.029874	0.100205	-0.453748	0.885478
46479	4.904393	-0.254242	9.056242	0.010518	-0.000783	0.007215	-0.253395	0.848977	0.463712	-0.962150	-0.270882	-0.029827	0.100289	-0.453719	0.885484
46480	4.819730	-0.337657	9.020049	0.009011	0.002806	0.010503	-0.253411	0.848951	0.463750	-0.962132	-0.270961	-0.029719	0.100428	-0.453720	0.885467
46481	4.849795	-0.251733	9.064025	0.012913	0.006089	0.008199	-0.253494	0.848964	0.463682	-0.962100	-0.271079	-0.029655	0.100518	-0.453626	0.885505
46482	4.723641	-0.376598	9.137920	0.008409	0.003407	0.008610	-0.253408	0.849027	0.463614	-0.962122	-0.271010	-0.029581	0.100529	-0.453549	0.885543
46483	4.793151	-0.340258	9.074326	0.013650	-0.005907	0.005181	-0.253449	0.848993	0.463652	-0.962098	-0.271106	-0.029496	0.100657	-0.453555	0.885526
46484	4.760296	-0.403888	9.086278	0.002828	-0.002736	0.005038	-0.253603	0.848921	0.463702	-0.962064	-0.271208	-0.029649	0.100590	-0.453629	0.885495
46485	4.786297	-0.357723	9.101993	0.012931	-0.007364	-0.001247	-0.253582	0.848898	0.463755	-0.962057	-0.271246	-0.029541	0.100715	-0.453650	0.885471
46486	4.751597	-0.440451	9.099782	0.013541	-0.014693	-0.004074	-0.253502	0.848869	0.463850	-0.962073	-0.271191	-0.029497	0.100753	-0.453736	0.885422
46487	4.881022	-0.293424	9.039334	0.018466	-0.012343	-0.007024	-0.253420	0.848840	0.463949	-0.962075	-0.271205	-0.029313	0.100943	-0.453783	0.885377
46488	4.838866	-0.394134	9.065121	0.015342	-0.013948	-0.009707	-0.253198	0.848806	0.464133	-0.962108	-0.271117	-0.029039	0.101186	-0.453899	0.885289
46489	4.865416	-0.275033	9.063854	0.024658	-0.013531	-0.006275	-0.253121	0.848769	0.464243	-0.962102	-0.271165	-0.028804	0.101438	-0.453940	0.885240
46490	4.833154	-0.336858	9.075633	0.019901	-0.006877	-0.005487	-0.253015	0.848754	0.464327	-0.962111	-0.271152	-0.028616	0.101615	-0.453975	0.885201
46491	4.810768	-0.360128	9.073367	0.025491	-0.007464	-0.006635	-0.252941	0.848745	0.464383	-0.962105	-0.271201	-0.028372	0.101861	-0.453962	0.885180
46492	4.806410	-0.325631	9.028685	0.035353	-0.012045	-0.005928	-0.252810	0.848682	0.464571	-0.962094	-0.271279	-0.027978	0.102284	-0.454034	0.885094
46493	4.797037	-0.360950	9.042648	0.029573	-0.004460	-0.004496	-0.252760	0.848681	0.464600	-0.962078	-0.271365	-0.027707	0.102562	-0.453985	0.885087
46494	4.779715	-0.342959	9.068107	0.044907	-0.011695	-0.009461	-0.252702	0.848628	0.464728	-0.962055	-0.271479	-0.027390	0.102920	-0.454015	0.885030
46495	4.883676	-0.310756	9.008254	0.033974	-0.013130	-0.002811	-0.252660	0.848583	0.464833	-0.962029	-0.271599	-0.027089	0.103261	-0.454028	0.884984
46496	4.704414	-0.359492	9.073025	0.040441	-0.000711	-0.011030	-0.252428	0.848645	0.464847	-0.962049	-0.271573	-0.026632	0.103639	-0.453928	0.884991
46497	4.713551	-0.408562	9.061172	0.034293	-0.024810	-0.003246	-0.252369	0.848548	0.465056	-0.962025	-0.271691	-0.026325	0.104013	-0.454038	0.884890
46498	4.782625	-0.306616	9.121484	0.036702	-0.031416	-0.011682	-0.252245	0.848369	0.465449	-0.962002	-0.271807	-0.025927	0.104517	-0.454303	0.884695
46499	4.747156	-0.335500	9.088096	0.036765	-0.033759	-0.011759	-0.252095	0.848254	0.465740	-0.961996	-0.271865	-0.025559	0.104938	-0.454483	0.884552
46500	4.793414	-0.187564	9.129269	0.035203	-0.034571	-0.013088	-0.251857	0.848129	0.466095	-0.962011	-0.271850	-0.025156	0.105373	-0.454724	0.884377
46501	4.805506	-0.462442	9.010998	0.025280	-0.034401	-0.018408	-0.251642	0.848029	0.466393	-0.962033	-0.271799	-0.024858	0.105685	-0.454941	0.884228
46502	4.846949	-0.313338	9.093860	0.030997	-0.039671	-0.019714	-0.251367	0.847915	0.466750	-0.962068	-0.271704	-0.024533	0.106016	-0.455212	0.884049
46503	4.876437	-0.305366	9.038017	0.031543	-0.044689	-0.022410	-0.251102	0.847779	0.467139	-0.962094	-0.271647	-0.024161	0.106414	-0.455499	0.883854
46504	4.836374	-0.220091	9.098717	0.025701	-0.041510	-0.025602	-0.250788	0.847674	0.467498	-0.962146	-0.271485	-0.023880	0.106676	-0.455790	0.883672
46505	4.885772	-0.093993	9.083432	0.028060	-0.041569	-0.017917	-0.250569	0.847540	0.467859	-0.962164	-0.271451	-0.023560	0.107032	-0.456060	0.883489
46506	4.872109	-0.261490	9.071769	0.003343	-0.032407	-0.016312	-0.250377	0.847446	0.468131	-0.962216	-0.271264	-0.023574	0.107009	-0.456345	0.883345
46507	4.895425	-0.254259	9.058329	0.013972	-0.028582	-0.015893	-0.250191	0.847366	0.468376	-0.962244	-0.271182	-0.023388	0.107197	-0.456543	0.883220
46508	4.895558	-0.272354	9.043209	0.009214	-0.028671	-0.019817	-0.249965	0.847295	0.468624	-0.962296	-0.271005	-0.023301	0.107257	-0.456779	0.883090
46509	4.968883	-0.101831	9.044051	0.019362	-0.022168	-0.016782	-0.249778	0.847246	0.468812	-0.962320	-0.270941	-0.023064	0.107480	-0.456908	0.882997
46510	4.932483	-0.203845	9.028462	0.013704	-0.012485	-0.010872	-0.249709	0.847224	0.468889	-0.962340	-0.270869	-0.023070	0.107462	-0.456991	0.882956
46511	4.890158	-0.233852	9.038111	0.006746	-0.012959	-0.006627	-0.249629	0.847190	0.468994	-0.962352	-0.270834	-0.022993	0.107540	-0.457077	0.882902
46512	4.865603	-0.278214	9.022164	0.015744	-0.007598	-0.007474	-0.249434	0.847220	0.469042	-0.962390	-0.270711	-0.022814	0.107646	-0.457092	0.882881
46513	4.878936	-0.176474	9.090436	0.013418	-0.010067	-0.003815	-0.249384	0.847192	0.469121	-0.962388	-0.270729	-0.022691	0.107781	-0.457135	0.882843
46514	4.880505	-0.287696	9.037489	0.019071	-0.012998	-0.005040	-0.249271	0.847158	0.469241	-0.962398	-0.270710	-0.022512	0.107957	-0.457208	0.882783
46515	4.916940	-0.201453	9.037947	0.021525	-0.008450	-0.004181	-0.249220	0.847138	0.469305	-0.962387	-0.270763	-0.022316	0.108165	-0.457214	0.882754
46516	4.907660	-0.237653	9.052157	0.024045	-0.006240	-0.003402	-0.249199	0.847105	0.469376	-0.962375	-0.270819	-0.022180	0.108327	-0.457243	0.882720
46517	4.938511	-0.191156	9.025444	0.027716	-0.002881	0.001249	-0.249206	0.847095	0.469389	-0.962344	-0.270945	-0.021955	0.108581	-0.457185	0.882718
46518	4.943654	-0.148292	9.052847	0.036974	-0.000116	0.004759	-0.249134	0.847102	0.469414	-0.962322	-0.271054	-0.021595	0.108943	-0.457107	0.882714
46519	4.863958	-0.189729	9.045399	0.035058	0.003836	0.010557	-0.249238	0.847098	0.469366	-0.962260	-0.271293	-0.021348	0.109251	-0.456973	0.882745
46520	4.822394	-0.198567	9.069804	0.029752	0.008763	0.009324	-0.249362	0.847095	0.469307	-0.962207	-0.271491	-0.021221	0.109436	-0.456862	0.882780
46521	4.831941	-0.271338	9.003548	0.022729	0.010635	0.013644	-0.249502	0.847114	0.469198	-0.962151	-0.271699	-0.021098	0.109609	-0.456704	0.882841
46522	4.769960	-0.244479	9.109303	0.032536	0.001614	0.009798	-0.249486	0.847176	0.469094	-0.962139	-0.271756	-0.020924	0.109753	-0.456554	0.882900
46523	4.892784	-0.208682	9.037306	0.021234	0.000721	0.007568	-0.249558	0.847166	0.469074	-0.962099	-0.271906	-0.020786	0.109935	-0.456483	0.882914
46524	4.913364	-0.272460	9.042777	0.027166	0.008879	0.008640	-0.249610	0.847214	0.468960	-0.962072	-0.272013	-0.020660	0.110060	-0.456330	0.882978
46525	5.019780	-0.202367	9.010666	0.023426	0.014618	0.008737	-0.249707	0.847264	0.468817	-0.962027	-0.272183	-0.020508	0.110228	-0.456136	0.883057
46526	4.897385	-0.255726	9.028226	0.030471	0.026419	0.002357	-0.249624	0.847451	0.468524	-0.962036	-0.272170	-0.020269	0.110342	-0.455797	0.883218
46527	4.803195	-0.355852	9.022883	0.033988	0.020767	0.009246	-0.249733	0.847528	0.468327	-0.961978	-0.272392	-0.020026	0.110596	-0.455521	0.883328
46528	4.857645	-0.221088	9.081745	0.038364	0.014580	-0.000344	-0.249748	0.847584	0.468217	-0.961944	-0.272530	-0.019760	0.110854	-0.455333	0.883393
46529	4.892145	-0.246817	9.031314	0.034275	0.018324	0.002211	-0.249787	0.847669	0.468042	-0.961904	-0.272693	-0.019482	0.111117	-0.455078	0.883492
46530	4.831458	-0.240197	9.081972	0.041426	0.018523	0.002428	-0.249783	0.847777	0.467849	-0.961878	-0.272805	-0.019201	0.111353	-0.454809	0.883600
46531	4.901333	-0.181638	9.032234	0.039639	0.017809	0.008070	-0.249878	0.847844	0.467677	-0.961817	-0.273041	-0.018903	0.111669	-0.454543	0.883697
46532	4.814748	-0.191439	8.980955	0.051195	0.016098	0.014700	-0.249899	0.847971	0.467435	-0.961781	-0.273190	-0.018594	0.111931	-0.454216	0.883832
46533	4.877767	-0.136920	9.115217	0.068083	0.016356	0.015855	-0.250068	0.848010	0.467274	-0.961668	-0.273621	-0.018081	0.112523	-0.453884	0.883928
46534	4.787651	0.061528	9.153665	0.074111	0.019675	0.028220	-0.250327	0.848028	0.467103	-0.961532	-0.274126	-0.017620	0.113103	-0.453545	0.884028
46535	4.850949	-0.081834	9.098034	0.055271	0.016466	0.039629	-0.250724	0.848002	0.466937	-0.961374	-0.274700	-0.017332	0.113571	-0.453246	0.884121
46536	4.841349	-0.096703	9.127522	0.065065	0.027711	0.049834	-0.251141	0.848067	0.466594	-0.961219	-0.275257	-0.017071	0.113955	-0.452786	0.884307
46537	4.787698	-0.184427	9.098657	0.074448	0.025756	0.053273	-0.251680	0.848045	0.466344	-0.961004	-0.276032	-0.016677	0.114583	-0.452355	0.884446
46538	4.683019	-0.165991	9.228813	0.065527	0.015611	0.065408	-0.252217	0.847969	0.466193	-0.960800	-0.276757	-0.016406	0.115110	-0.452056	0.884531
46539	4.768330	0.053821	9.329074	0.040947	0.020199	0.066713	-0.252878	0.847884	0.465990	-0.960588	-0.277495	-0.016370	0.115430	-0.451763	0.884639
46540	4.308350	0.180583	9.793132	-0.057726	-0.018237	0.087153	-0.253646	0.847541	0.466195	-0.960445	-0.277935	-0.017272	0.114934	-0.452136	0.884513
46541	4.623961	0.017207	9.210062	-0.085501	-0.093108	0.107506	-0.254569	0.846829	0.466986	-0.960273	-0.278446	-0.018544	0.114326	-0.453155	0.884070
46542	3.404824	-2.413920	10.533073	-0.549310	-0.058490	-0.025085	-0.254091	0.846732	0.467421	-0.961008	-0.275540	-0.023265	0.109094	-0.455106	0.883729
46543	3.526519	0.935765	10.383632	0.066281	-0.508796	0.076704	-0.254264	0.844203	0.471879	-0.960744	-0.276478	-0.023055	0.111001	-0.459217	0.881362
46544	4.130597	0.432013	9.874876	-0.377780	-0.722888	0.096414	-0.254337	0.840601	0.478228	-0.960930	-0.275490	-0.026813	0.109208	-0.466363	0.877826
46545	4.028371	0.203042	10.286568	-0.339389	-0.828493	0.154886	-0.254922	0.836287	0.485426	-0.960908	-0.275179	-0.030546	0.108034	-0.474236	0.873744
46546	4.198414	1.082233	10.493920	-0.431617	-1.024516	0.213019	-0.255850	0.830862	0.494176	-0.960851	-0.274789	-0.035457	0.106334	-0.483901	0.868639
46547	4.322808	1.145551	11.168694	-0.624862	-1.262724	0.316328	-0.257560	0.823816	0.504966	-0.960698	-0.274330	-0.042459	0.103548	-0.496056	0.862094
46548	4.282016	1.078277	10.309500	-0.847192	-1.547610	0.410831	-0.259980	0.814960	0.517929	-0.960501	-0.273381	-0.051969	0.099239	-0.510982	0.853844
46549	4.684437	1.201386	11.044133	-0.933222	-1.797588	0.519821	-0.263223	0.804212	0.532877	-0.960051	-0.272726	-0.062637	0.094956	-0.528076	0.843872
46550	4.916965	1.183644	10.908449	-1.237372	-2.029358	0.655835	-0.267870	0.791541	0.549280	-0.959407	-0.271358	-0.076838	0.088231	-0.547566	0.832098
46551	5.533068	1.171803	11.162200	-1.576241	-2.169899	0.817601	-0.273894	0.777229	0.566478	-0.958513	-0.268956	-0.094426	0.078967	-0.568839	0.818649
46552	5.617182	0.914425	10.476972	-1.930227	-2.327620	0.969768	-0.281854	0.761164	0.584113	-0.957140	-0.265351	-0.116070	0.066646	-0.591792	0.803331
46553	6.496559	1.507806	10.881574	-2.133586	-2.544769	1.144767	-0.291269	0.742786	0.602852	-0.955143	-0.261052	-0.139833	0.053510	-0.616539	0.785504
46554	7.338985	2.786803	12.055062	-2.412235	-2.660060	1.397393	-0.303424	0.722476	0.621259	-0.952080	-0.256186	-0.167072	0.038452	-0.642181	0.765588
46555	6.779388	1.165135	10.299345	-2.783711	-2.804838	1.616267	-0.317948	0.700009	0.639450	-0.947882	-0.249411	-0.198275	0.020691	-0.669165	0.742826
46556	7.290630	0.560869	11.558541	-2.546614	-3.081447	1.724818	-0.333820	0.674785	0.658202	-0.942613	-0.243933	-0.227986	0.006715	-0.696536	0.717490
46557	8.118084	0.556230	12.155668	-2.561867	-3.127008	1.748372	-0.350248	0.648387	0.675960	-0.936633	-0.237292	-0.257703	-0.006691	-0.723386	0.690411
46558	8.345159	-0.293362	10.750343	-2.503051	-3.105704	1.716297	-0.366591	0.621643	0.692222	-0.930190	-0.229767	-0.286275	-0.018911	-0.748844	0.662476
46559	7.111651	-1.037660	9.735773	-2.380670	-2.989336	1.668147	-0.382778	0.595149	0.706596	-0.923360	-0.221788	-0.313396	-0.029803	-0.772404	0.634432
46560	6.167435	-0.903081	9.013132	-2.215501	-2.989351	1.629458	-0.398671	0.568353	0.719748	-0.916285	-0.213882	-0.338640	-0.038526	-0.794499	0.606042
46561	4.993756	-0.413132	8.155636	-2.092438	-2.985517	1.676592	-0.415222	0.540809	0.731516	-0.908582	-0.206316	-0.363198	-0.045497	-0.815450	0.577037
46562	3.289126	-0.030409	8.367592	-2.045122	-3.076668	1.799752	-0.432825	0.511999	0.741970	-0.900033	-0.198845	-0.387817	-0.051025	-0.835654	0.546881
46563	1.979189	0.493326	9.699617	-2.011796	-3.032862	1.802030	-0.450580	0.482869	0.750876	-0.890998	-0.190785	-0.411974	-0.055673	-0.854657	0.516199
46564	3.169971	2.598534	12.972192	-1.744707	-2.800575	0.812054	-0.459188	0.457549	0.761443	-0.886403	-0.179437	-0.426722	-0.058616	-0.870891	0.487968
46565	11.828909	1.061126	10.000072	-0.963680	-1.250039	-0.628641	-0.454356	0.447726	0.770131	-0.888696	-0.168143	-0.426554	-0.061487	-0.878220	0.474289
46566	3.108096	2.626710	12.432877	-0.272568	0.660200	-1.368875	-0.441764	0.455881	0.772669	-0.894662	-0.160010	-0.417105	-0.066515	-0.875540	0.478546
46567	-0.924152	2.334192	12.345603	0.129633	1.331392	-1.775114	-0.424894	0.470290	0.773494	-0.902443	-0.152901	-0.402763	-0.071147	-0.869165	0.489377
46568	-2.980731	1.348507	9.968052	0.113034	1.530134	-1.776615	-0.407750	0.486354	0.772787	-0.909923	-0.145960	-0.388247	-0.076029	-0.861484	0.502060
46569	-2.561488	-0.497120	9.503756	0.321786	1.716612	-1.582500	-0.391956	0.503353	0.770069	-0.916501	-0.140869	-0.374410	-0.079982	-0.852521	0.516538
46570	-1.420624	-2.099265	10.082092	0.614806	1.994240	-1.290917	-0.378630	0.522271	0.764115	-0.921955	-0.140151	-0.361049	-0.081474	-0.841184	0.534576
46571	-0.460185	-2.831812	10.394991	0.993236	2.323382	-0.964757	-0.367824	0.543041	0.754859	-0.926362	-0.143281	-0.348317	-0.080993	-0.827392	0.555754
46572	0.152793	-2.997452	10.197716	1.391045	2.657174	-0.640417	-0.360013	0.565993	0.741649	-0.929751	-0.151912	-0.335390	-0.077163	-0.810293	0.580923
46573	0.620338	-2.776496	9.794621	1.729268	2.945554	-0.347400	-0.354586	0.590137	0.725263	-0.932277	-0.163731	-0.322570	-0.071613	-0.790525	0.608228
46574	1.068733	-2.312467	9.525216	1.993162	3.123847	-0.117154	-0.351705	0.614939	0.705800	-0.933960	-0.179419	-0.309076	-0.063429	-0.767892	0.637431
46575	1.835784	-1.898599	9.695045	2.186693	3.220185	0.004937	-0.349855	0.639286	0.684773	-0.935228	-0.195965	-0.294866	-0.054312	-0.743580	0.666438
46576	3.119877	-1.536949	10.235076	2.332844	3.260121	0.003366	-0.348800	0.663281	0.662115	-0.936204	-0.214077	-0.278735	-0.043136	-0.717098	0.695636
46577	4.643810	-1.166064	10.818964	2.426595	3.322709	-0.072117	-0.346877	0.686826	0.638707	-0.937365	-0.230645	-0.261055	-0.031985	-0.689256	0.723812
46578	5.586632	-0.663467	11.125865	2.447772	3.360320	-0.222263	-0.344632	0.710117	0.613973	-0.938529	-0.246846	-0.241309	-0.019801	-0.659394	0.751537
46579	6.222199	-0.307152	11.168920	2.367653	3.339183	-0.415774	-0.340247	0.732703	0.589388	-0.940293	-0.259096	-0.220723	-0.009016	-0.629297	0.777112
46580	6.544119	0.134538	11.185401	2.204665	3.217472	-0.617232	-0.335280	0.754086	0.564750	-0.942117	-0.269518	-0.199439	0.001816	-0.598928	0.800801
46581	8.427103	-0.449231	12.432358	1.985341	3.039398	-0.818183	-0.327751	0.774097	0.541620	-0.944706	-0.274868	-0.178823	0.010448	-0.570281	0.821383
46582	10.847222	-1.033089	13.685554	1.920673	3.083830	-1.037444	-0.319511	0.794027	0.517140	-0.947380	-0.278959	-0.157014	0.019588	-0.540095	0.841376
46583	11.868155	-1.685156	14.212478	1.851364	3.320188	-1.234735	-0.308566	0.814888	0.490657	-0.950828	-0.278727	-0.135047	0.026711	-0.508201	0.860824
46584	11.626812	-2.309870	13.951960	1.916059	3.580012	-1.402668	-0.297484	0.836263	0.460616	-0.954086	-0.278071	-0.111339	0.034976	-0.472589	0.880589
46585	10.667865	-3.202746	13.439433	1.880280	3.709601	-1.469201	-0.284876	0.857186	0.429042	-0.957638	-0.274172	-0.088084	0.042127	-0.435960	0.898979
46586	10.720434	-4.644136	12.436815	1.913123	3.713239	-1.417912	-0.273596	0.876626	0.395819	-0.960515	-0.270639	-0.064534	0.050552	-0.397847	0.916058
46587	10.918546	-5.688440	10.731570	2.032836	3.682638	-1.261322	-0.263512	0.893979	0.362440	-0.962776	-0.267174	-0.040988	0.060192	-0.359749	0.931105
46588	7.476977	-5.346826	10.493764	2.088276	3.603943	-1.000162	-0.256821	0.908967	0.328363	-0.963827	-0.265945	-0.017651	0.071282	-0.321018	0.944387
46589	8.115535	-2.134770	10.309599	-0.256026	1.394675	-0.499234	-0.252968	0.914682	0.315222	-0.965273	-0.260590	-0.018482	0.065239	-0.308950	0.948838
46590	15.048104	-12.340170	1.492123	1.669631	1.938035	0.005556	-0.254939	0.920462	0.296236	-0.963909	-0.266221	-0.002338	0.076712	-0.286141	0.955112
46591	19.094901	-11.872844	3.426351	0.063613	1.789778	0.354422	-0.259702	0.924490	0.279056	-0.962948	-0.269672	-0.002761	0.072701	-0.269434	0.960271
46592	16.504862	-7.665829	2.787481	0.950502	1.861766	0.563634	-0.266898	0.927777	0.260760	-0.960635	-0.277768	0.005045	0.077112	-0.249149	0.965390
46593	13.083125	-5.694246	-4.469736	0.714422	1.523235	0.657371	-0.274412	0.929602	0.246046	-0.958293	-0.285602	0.010278	0.079825	-0.232963	0.969204
46594	12.545513	-5.709341	-6.483048	0.219274	0.553830	0.552397	-0.280375	0.929273	0.240501	-0.956510	-0.291486	0.011181	0.080493	-0.226907	0.970584
46595	12.964799	-5.924929	-5.381572	-0.063275	-0.423320	0.113809	-0.281134	0.927976	0.244589	-0.956239	-0.292405	0.010279	0.081058	-0.230996	0.969572
46596	14.289510	-3.789935	-5.216139	-0.705423	-1.168409	-0.440055	-0.276080	0.926477	0.255772	-0.957995	-0.286747	0.004618	0.077621	-0.243753	0.966726
46597	12.212086	-3.902546	-4.750282	-1.489266	-1.728937	-0.833299	-0.266836	0.924436	0.272428	-0.961340	-0.275262	-0.007557	0.068003	-0.263913	0.962146
46598	-1.054650	-6.874130	10.256167	-0.904067	-1.982446	-1.056260	-0.255295	0.921845	0.291592	-0.964710	-0.262983	-0.013223	0.064494	-0.284678	0.956451
46599	5.761625	-2.422941	8.537693	-0.838251	-2.451388	-1.599131	-0.238287	0.918639	0.315153	-0.969187	-0.245782	-0.016370	0.062421	-0.309343	0.948900
46600	0.810912	4.952400	9.265265	-0.608605	-2.245061	-1.539986	-0.221880	0.915109	0.336667	-0.973122	-0.229654	-0.017102	0.061667	-0.331412	0.941469
46601	-0.872051	4.190804	8.118482	-1.376279	-2.634299	-1.273886	-0.207949	0.908852	0.361587	-0.976654	-0.213293	-0.025560	0.053894	-0.358460	0.931988
46602	3.109469	-1.917138	8.647637	-1.213924	-3.005167	-1.080207	-0.195822	0.899865	0.389738	-0.979458	-0.198975	-0.032712	0.048112	-0.388138	0.920345
46603	6.105910	-10.343574	13.530484	-0.807653	-3.247398	-0.879247	-0.185678	0.888475	0.419685	-0.981516	-0.187859	-0.036546	0.046372	-0.418714	0.906934
46604	31.947110	-22.538653	24.125865	0.950939	-3.618494	-0.810747	-0.175723	0.874291	0.452478	-0.982470	-0.184808	-0.024458	0.062238	-0.448844	0.891440
46605	18.674916	7.096397	17.090251	-0.969156	1.312918	0.246587	-0.178896	0.879680	0.440636	-0.982578	-0.182672	-0.034239	0.050372	-0.439084	0.897033
46606	-11.916684	0.001474	-3.370879	0.244566	-0.473453	0.129956	-0.179778	0.877321	0.444958	-0.982250	-0.184709	-0.032673	0.053523	-0.442934	0.894955
46607	18.918689	4.451900	21.191369	-0.020421	-1.702270	-0.011035	-0.178746	0.869687	0.460103	-0.982280	-0.184525	-0.032818	0.056359	-0.457816	0.887259
46608	0.536405	-12.665125	4.335141	-1.581106	1.043499	0.122796	-0.180311	0.874180	0.450884	-0.982841	-0.178239	-0.047473	0.038865	-0.451708	0.891319
46609	8.811099	2.175748	10.758456	1.533792	-1.098169	-0.404605	-0.175825	0.869923	0.460781	-0.982834	-0.181694	-0.032004	0.055880	-0.458499	0.886937
46610	3.460925	1.624226	9.918739	-0.891558	0.333313	0.002405	-0.175879	0.871411	0.457941	-0.983317	-0.177450	-0.039989	0.046415	-0.457334	0.888083
46611	5.889903	-2.096071	7.661555	0.326403	-0.132932	-0.085544	-0.174984	0.870967	0.459126	-0.983309	-0.178202	-0.036712	0.049842	-0.457887	0.887612
46612	4.816757	0.767539	9.657963	-0.144427	-0.084823	-0.066719	-0.174147	0.870663	0.460021	-0.983527	-0.176777	-0.037747	0.048456	-0.459017	0.887105
46613	5.063108	-0.343033	8.722488	0.061773	-0.001655	-0.057827	-0.173587	0.870770	0.460030	-0.983596	-0.176560	-0.036947	0.049051	-0.458897	0.887134
46614	5.079418	-0.554814	8.957351	-0.056866	-0.028308	-0.057785	-0.172866	0.870707	0.460419	-0.983754	-0.175617	-0.037241	0.048431	-0.459377	0.886920
46615	4.862028	-0.438249	9.018892	0.037720	-0.025754	-0.050136	-0.172370	0.870690	0.460639	-0.983821	-0.175356	-0.036690	0.048830	-0.459510	0.886829
46616	5.107410	-0.352193	8.978716	-0.012740	-0.023433	-0.049707	-0.171729	0.870634	0.460982	-0.983943	-0.174684	-0.036630	0.048635	-0.459871	0.886653
46617	5.009812	-0.391486	9.035382	0.001220	-0.015614	-0.033995	-0.171397	0.870634	0.461106	-0.984000	-0.174396	-0.036476	0.048658	-0.459980	0.886595
46618	4.869499	-0.373910	9.061376	-0.005774	0.001183	-0.035893	-0.170903	0.870667	0.461227	-0.984094	-0.173876	-0.036418	0.048489	-0.460115	0.886534
46619	5.072630	-0.232721	8.989937	0.005657	-0.041438	-0.024121	-0.170655	0.870531	0.461576	-0.984132	-0.173694	-0.036270	0.048599	-0.460441	0.886359
46620	4.922327	-0.276181	9.053668	0.001663	-0.025135	-0.016916	-0.170335	0.870409	0.461924	-0.984190	-0.173373	-0.036232	0.048548	-0.460792	0.886179
46621	4.963893	-0.257566	9.029648	0.030167	-0.013700	-0.014492	-0.170195	0.870384	0.462023	-0.984199	-0.173387	-0.035912	0.048852	-0.460835	0.886140
46622	4.909115	-0.316379	8.991702	0.015428	-0.016811	-0.016438	-0.169884	0.870299	0.462297	-0.984249	-0.173135	-0.035754	0.048923	-0.461089	0.886004
46623	4.958765	-0.331091	9.010278	0.018058	-0.014710	-0.011433	-0.169773	0.870264	0.462405	-0.984259	-0.173120	-0.035555	0.049109	-0.461162	0.885956
46624	4.981766	-0.413342	9.037216	0.016952	-0.026962	-0.011002	-0.169510	0.870123	0.462766	-0.984299	-0.172921	-0.035408	0.049213	-0.461502	0.885773
46625	4.908406	-0.349762	9.000824	0.023025	-0.025429	-0.010322	-0.169404	0.870036	0.462968	-0.984304	-0.172939	-0.035170	0.049466	-0.461660	0.885677
46626	4.958264	-0.383504	9.003908	0.020179	-0.027497	-0.008605	-0.169165	0.869888	0.463333	-0.984339	-0.172776	-0.035005	0.049602	-0.461999	0.885492
46627	4.935209	-0.410277	9.041234	0.019753	-0.027198	-0.006138	-0.169099	0.869785	0.463550	-0.984339	-0.172815	-0.034816	0.049826	-0.462178	0.885386
46628	4.883933	-0.411682	9.047685	0.025955	-0.030068	-0.010012	-0.168844	0.869628	0.463938	-0.984373	-0.172667	-0.034594	0.050023	-0.462529	0.885192
46629	4.974545	-0.297636	9.017463	0.024894	-0.040257	-0.005163	-0.168781	0.869463	0.464271	-0.984368	-0.172738	-0.034364	0.050319	-0.462813	0.885027
46630	4.930686	-0.389879	9.020881	0.026974	-0.044070	-0.010896	-0.168511	0.869242	0.464782	-0.984403	-0.172588	-0.034128	0.050550	-0.463284	0.884767
46631	4.935042	-0.387569	9.018599	0.017762	-0.051993	-0.000964	-0.168483	0.869015	0.465217	-0.984395	-0.172661	-0.033981	0.050795	-0.463682	0.884544
46632	4.960565	-0.358101	9.019297	0.025876	-0.056560	0.000540	-0.168319	0.868716	0.465835	-0.984411	-0.172606	-0.033808	0.051037	-0.464263	0.884226
46633	4.951266	-0.343048	9.001282	0.028972	-0.052481	-0.003475	-0.168265	0.868490	0.466275	-0.984401	-0.172710	-0.033550	0.051393	-0.464646	0.884004
46634	4.922124	-0.336090	8.994944	0.028468	-0.056548	0.001168	-0.168107	0.868189	0.466891	-0.984414	-0.172673	-0.033357	0.051660	-0.465222	0.883685
46635	4.889662	-0.311408	9.045205	0.027196	-0.066494	0.001799	-0.168098	0.867889	0.467453	-0.984397	-0.172815	-0.033140	0.052021	-0.465730	0.883396
46636	4.929266	-0.332969	9.030606	0.021210	-0.074743	0.003186	-0.167951	0.867499	0.468229	-0.984410	-0.172763	-0.033020	0.052248	-0.466475	0.882990
46637	5.037327	-0.346765	8.881608	0.025673	-0.078493	0.004781	-0.167964	0.867136	0.468895	-0.984388	-0.172923	-0.032831	0.052614	-0.467089	0.882643
46638	4.943554	-0.328833	9.022944	0.028774	-0.085487	0.004976	-0.167828	0.866692	0.469765	-0.984394	-0.172922	-0.032653	0.052933	-0.467914	0.882188
46639	4.883493	-0.298107	9.026760	0.039357	-0.074562	0.007413	-0.167869	0.866342	0.470395	-0.984361	-0.173169	-0.032355	0.053427	-0.468470	0.881862
46640	4.988570	-0.273864	8.949267	0.031422	-0.083418	0.010030	-0.167784	0.865898	0.471243	-0.984356	-0.173225	-0.032178	0.053769	-0.469270	0.881416
46641	5.046370	-0.249531	8.993756	0.039353	-0.087962	0.018270	-0.167923	0.865465	0.471988	-0.984304	-0.173567	-0.031932	0.054285	-0.469942	0.881026
46642	4.991389	-0.348294	8.965341	0.046426	-0.089415	0.013899	-0.167872	0.864984	0.472886	-0.984285	-0.173728	-0.031641	0.054785	-0.470767	0.880555
46643	4.995149	-0.346007	9.002914	0.051293	-0.095779	0.019634	-0.168020	0.864510	0.473699	-0.984224	-0.174137	-0.031297	0.055432	-0.471485	0.880130
46644	5.038911	-0.403457	8.915463	0.051920	-0.085300	0.017228	-0.168004	0.864042	0.474559	-0.984196	-0.174355	-0.030974	0.055979	-0.472263	0.879678
46645	5.068164	-0.352906	8.929128	0.051030	-0.086799	0.017806	-0.168136	0.863612	0.475293	-0.984137	-0.174747	-0.030624	0.056608	-0.472903	0.879294
46646	5.050912	-0.378034	8.963941	0.046418	-0.089548	0.014082	-0.168086	0.863128	0.476191	-0.984117	-0.174911	-0.030335	0.057108	-0.473726	0.878818
46647	4.959585	-0.302574	8.993913	0.069362	-0.088990	0.021870	-0.168256	0.862679	0.476943	-0.984040	-0.175426	-0.029845	0.057921	-0.474353	0.878427
46648	4.982941	-0.310323	9.004426	0.059838	-0.111954	0.023213	-0.168282	0.862070	0.478033	-0.983996	-0.175734	-0.029483	0.058591	-0.475344	0.877847
46649	4.941383	-0.290280	9.021823	0.067352	-0.138227	0.031571	-0.168518	0.861369	0.479213	-0.983903	-0.176324	-0.029058	0.059467	-0.476397	0.877217
46650	4.978140	-0.276581	8.960813	0.068183	-0.150030	0.031052	-0.168598	0.860562	0.480633	-0.983840	-0.176742	-0.028661	0.060283	-0.477698	0.876454
46651	5.010080	-0.225991	9.012594	0.077798	-0.169300	0.040458	-0.168899	0.859692	0.482081	-0.983724	-0.177459	-0.028190	0.061315	-0.478996	0.875673
46652	5.055466	-0.172100	8.937368	0.081631	-0.174892	0.047008	-0.169119	0.858734	0.483710	-0.983624	-0.178081	-0.027754	0.062306	-0.480483	0.874788
46653	4.892584	-0.163555	9.180108	0.083887	-0.205731	0.056636	-0.169552	0.857654	0.485471	-0.983476	-0.178967	-0.027310	0.063460	-0.482079	0.873826
46654	4.966728	-0.213444	9.074020	0.071081	-0.237270	0.071406	-0.169970	0.856344	0.487632	-0.983339	-0.179752	-0.027088	0.064456	-0.484112	0.872629
46655	4.806506	-0.209727	9.158423	0.092474	-0.271077	0.080247	-0.170588	0.854896	0.489952	-0.983142	-0.180883	-0.026689	0.065807	-0.486245	0.871341
46656	4.650378	-0.298449	9.323913	0.079545	-0.351459	0.086439	-0.171076	0.852990	0.493094	-0.982971	-0.181842	-0.026472	0.067085	-0.489226	0.869573
46657	4.871154	-0.276783	9.221943	0.069268	-0.447711	0.093569	-0.171697	0.850632	0.496935	-0.982764	-0.182975	-0.026349	0.068513	-0.492894	0.867387
46658	4.673236	-0.205265	9.294025	0.083504	-0.525112	0.096732	-0.172161	0.847821	0.501558	-0.982569	-0.184049	-0.026159	0.070133	-0.497319	0.864728
46659	4.784223	-0.272867	9.312219	0.048820	-0.632731	0.098488	-0.172686	0.844488	0.506972	-0.982365	-0.185121	-0.026249	0.071684	-0.502564	0.861563
46660	4.781565	-0.301072	9.161469	0.057228	-0.742049	0.100216	-0.173371	0.840434	0.513433	-0.982100	-0.186514	-0.026323	0.073640	-0.508806	0.857726
46661	4.851706	-0.022141	9.240178	0.043508	-0.873650	0.104197	-0.173747	0.835775	0.520858	-0.981887	-0.187604	-0.026505	0.075563	-0.516029	0.853232
46662	5.026658	-0.062886	9.028990	0.026308	-0.983006	0.118383	-0.174358	0.830333	0.529288	-0.981618	-0.188943	-0.026955	0.077624	-0.524259	0.848014
46663	5.099220	0.091902	9.176259	0.017224	-1.070858	0.144045	-0.174934	0.824411	0.538279	-0.981354	-0.190220	-0.027594	0.079643	-0.533069	0.842315
46664	5.217212	0.198383	9.204873	-0.062880	-1.193018	0.185777	-0.176029	0.817524	0.548332	-0.981027	-0.191662	-0.029182	0.081238	-0.543065	0.835752
46665	5.091064	0.114786	9.432356	-0.160455	-1.253348	0.226492	-0.177234	0.810230	0.558673	-0.980759	-0.192619	-0.031786	0.081857	-0.553557	0.828778
46666	4.813167	1.097092	10.749712	-0.318702	-1.487920	0.301509	-0.179195	0.801207	0.570925	-0.980432	-0.193510	-0.036164	0.081505	-0.566234	0.820205
46667	4.436694	1.222512	10.408625	-0.723481	-1.715496	0.417087	-0.181925	0.790572	0.584721	-0.980254	-0.192671	-0.044487	0.077489	-0.581268	0.810014
46668	4.553289	1.072061	10.488644	-0.964238	-2.110979	0.531076	-0.185733	0.776995	0.601483	-0.979957	-0.191347	-0.055421	0.072030	-0.599721	0.796961
46669	4.368263	0.766809	10.353525	-1.255128	-2.485679	0.653060	-0.190441	0.760593	0.620669	-0.979585	-0.188697	-0.069331	0.064386	-0.621202	0.781001
46670	3.676978	0.512430	10.487861	-1.336487	-2.935798	0.768850	-0.196366	0.740470	0.642763	-0.978866	-0.186217	-0.084521	0.057108	-0.645776	0.761388
46671	4.615570	0.151454	11.311397	-1.375941	-3.458991	0.893388	-0.203249	0.716013	0.667843	-0.977822	-0.183638	-0.100704	0.050536	-0.673500	0.737458
46672	5.137403	0.886446	12.066764	-1.740438	-3.740522	1.084212	-0.212107	0.688304	0.693721	-0.976375	-0.179234	-0.120695	0.041264	-0.702932	0.710059
46673	5.609775	-0.868818	9.649950	-1.846715	-4.374994	1.172700	-0.221933	0.654776	0.722505	-0.974513	-0.173815	-0.141821	0.032721	-0.735565	0.676663
46674	7.680331	0.613806	11.753448	-2.035320	-4.537300	1.332105	-0.233633	0.618412	0.750321	-0.972047	-0.166996	-0.165036	0.023240	-0.767905	0.640142
46675	9.074608	1.193991	12.452981	-2.097926	-4.928324	1.540013	-0.247648	0.577249	0.778109	-0.968738	-0.159734	-0.189820	0.014717	-0.800793	0.598761
46676	11.305941	0.700103	12.760257	-2.378990	-5.116905	1.714067	-0.263736	0.532831	0.804073	-0.964583	-0.149863	-0.217075	0.004837	-0.832846	0.553484
46677	14.492496	-1.128250	12.724469	-2.445198	-5.025531	1.648385	-0.279612	0.487882	0.826915	-0.960100	-0.137538	-0.243500	-0.005067	-0.862006	0.506872
46678	14.569586	-1.609315	12.843619	-2.283835	-4.810775	1.466611	-0.294115	0.443933	0.846416	-0.955681	-0.124486	-0.266791	-0.013071	-0.887371	0.460872
46679	13.916537	-1.963478	12.829436	-1.922033	-4.534289	1.276789	-0.306995	0.401710	0.862776	-0.951545	-0.112606	-0.286151	-0.017796	-0.908817	0.416814
46680	10.947270	-0.551097	12.019970	-1.572158	-4.211107	1.182516	-0.319022	0.361872	0.875942	-0.947548	-0.102844	-0.302614	-0.019422	-0.926538	0.375700
46681	7.102541	0.822735	11.394675	-1.422274	-3.980195	1.256454	-0.331688	0.323475	0.886198	-0.943178	-0.093849	-0.318759	-0.019942	-0.941571	0.336223
46682	3.123013	2.627373	11.049844	-1.516476	-3.740434	1.489316	-0.346480	0.286808	0.893136	-0.937815	-0.084260	-0.336755	-0.021329	-0.954275	0.298167
46683	-7.211268	4.507772	8.005836	-1.869719	-3.244308	2.101130	-0.366895	0.254060	0.894898	-0.929863	-0.071987	-0.360793	-0.027242	-0.964506	0.262653
46684	11.937523	-2.516055	11.202068	-2.036005	-5.347733	2.146064	-0.388183	0.200874	0.899424	-0.921226	-0.057455	-0.384761	-0.025612	-0.977931	0.207354
46685	17.990321	-1.451452	14.197584	-0.833636	-1.023126	1.837289	-0.405324	0.189867	0.894239	-0.913706	-0.052867	-0.402922	-0.029226	-0.980385	0.194911
46686	8.449853	2.217922	13.557451	-0.454588	0.474302	1.156152	-0.415704	0.194097	0.888547	-0.908828	-0.051111	-0.414027	-0.034947	-0.979650	0.197648
46687	3.399871	3.214079	8.715248	-0.065091	2.118149	0.656951	-0.420828	0.214489	0.881418	-0.906052	-0.051803	-0.419983	-0.044422	-0.975352	0.216139
46688	0.788153	3.526896	8.372954	0.068874	3.019291	0.292386	-0.421974	0.243890	0.873187	-0.904873	-0.053742	-0.422275	-0.056062	-0.968313	0.243367
