// General information: 
//  MT Manager version: 2022.2.0 
//  XDA version: 2022.2.0 build 7381 rev 124627 built on 2023-07-19
// Device information: 
//  DeviceId: 00B4CB9F
//  ProductCode: MTW2-3A7G6
//  Firmware Version: 4.6.0
//  Hardware Version: 2.0.0
// Device settings: 
//  Filter Profile: human(46.1)
//  Option Flags: Orientation Smoother Disabled, Position/Velocity Smoother Disabled, Continuous Zero Rotation Update Disabled, AHS Disabled, ICC Disabled
// Coordinate system: ENU
PacketCounter	Acc_X	Acc_Y	Acc_Z	Gyr_X	Gyr_Y	Gyr_Z	Mat[1][1]	Mat[2][1]	Mat[3][1]	Mat[1][2]	Mat[2][2]	Mat[3][2]	Mat[1][3]	Mat[2][3]	Mat[3][3]
47180	9.273233	1.242785	2.787448	0.027806	0.018892	-0.031270	-0.250365	0.136334	0.958504	-0.106804	-0.987882	0.112615	0.962242	-0.074177	0.261892
47181	9.310809	1.245573	2.851273	0.031836	0.021673	-0.023374	-0.250496	0.136536	0.958441	-0.106502	-0.987883	0.112895	0.962242	-0.073796	0.262002
47182	9.288169	1.225277	2.865928	0.040572	0.017915	-0.017708	-0.250614	0.136662	0.958392	-0.106035	-0.987904	0.113143	0.962262	-0.073268	0.262074
47183	9.346782	1.266682	2.897821	0.048042	0.020873	-0.012891	-0.250749	0.136759	0.958343	-0.105551	-0.987931	0.113364	0.962281	-0.072728	0.262158
47184	9.367846	1.292461	2.885862	0.049670	0.020577	-0.011262	-0.250898	0.136828	0.958295	-0.104995	-0.987966	0.113575	0.962303	-0.072120	0.262245
47185	9.345193	1.271600	2.900790	0.043321	0.027415	-0.010673	-0.251098	0.136908	0.958231	-0.104550	-0.987992	0.113763	0.962299	-0.071617	0.262396
47186	9.390635	1.272389	2.931576	0.040112	0.026922	-0.011027	-0.251310	0.136975	0.958166	-0.104075	-0.988021	0.113946	0.962295	-0.071085	0.262555
47187	9.344165	1.259883	2.923612	0.027356	0.032771	-0.011144	-0.251561	0.137063	0.958087	-0.103785	-0.988034	0.114097	0.962261	-0.070733	0.262776
47188	9.323522	1.327217	2.919762	0.015327	0.033636	-0.006464	-0.251842	0.137091	0.958009	-0.103538	-0.988051	0.114172	0.962214	-0.070437	0.263027
47189	9.322300	1.328245	2.923195	0.000577	0.042270	-0.010619	-0.252185	0.137180	0.957906	-0.103504	-0.988046	0.114247	0.962128	-0.070336	0.263369
47190	9.284376	1.297591	2.901695	-0.009339	0.042194	-0.011165	-0.252545	0.137259	0.957800	-0.103502	-0.988040	0.114302	0.962034	-0.070267	0.263731
47191	9.229462	1.284984	2.929125	-0.016476	0.046188	-0.016675	-0.252919	0.137411	0.957680	-0.103648	-0.988014	0.114391	0.961919	-0.070330	0.264130
47192	9.243886	1.284280	2.866597	-0.021436	0.048158	-0.024494	-0.253323	0.137624	0.957542	-0.103789	-0.987982	0.114541	0.961798	-0.070366	0.264562
47193	9.271586	1.186816	2.881487	-0.023864	0.050504	-0.018764	-0.253737	0.137800	0.957407	-0.104012	-0.987948	0.114630	0.961665	-0.070496	0.265011
47194	9.288692	1.137889	2.874565	-0.012267	0.049205	-0.013664	-0.254159	0.137912	0.957279	-0.104057	-0.987935	0.114701	0.961548	-0.070459	0.265443
47195	9.305866	1.088634	2.867635	-0.003457	0.052741	-0.005228	-0.254608	0.137956	0.957154	-0.104049	-0.987934	0.114714	0.961430	-0.070384	0.265890
47196	9.305204	1.072822	2.890923	0.007893	0.051763	0.003306	-0.255073	0.137901	0.957038	-0.103854	-0.987959	0.114677	0.961328	-0.070141	0.266324
47197	9.298159	1.047248	2.841727	0.015705	0.052239	0.010541	-0.255534	0.137788	0.956931	-0.103622	-0.987994	0.114590	0.961231	-0.069877	0.266744
47198	9.325052	1.079039	2.905747	0.019674	0.055576	0.016986	-0.256050	0.137600	0.956820	-0.103275	-0.988046	0.114453	0.961131	-0.069510	0.267200
47199	9.332582	1.061091	2.895653	0.024470	0.056320	0.017522	-0.256557	0.137420	0.956710	-0.102941	-0.988096	0.114323	0.961032	-0.069154	0.267649
47200	9.335921	1.101647	2.935850	0.030458	0.051978	0.014552	-0.257037	0.137252	0.956605	-0.102493	-0.988152	0.114239	0.960951	-0.068682	0.268059
47201	9.287645	1.118621	2.892608	0.026537	0.047557	0.011014	-0.257452	0.137131	0.956511	-0.102155	-0.988194	0.114177	0.960876	-0.068317	0.268422
47202	9.280974	1.093117	2.842563	0.024552	0.041434	0.008604	-0.257824	0.137014	0.956428	-0.101783	-0.988238	0.114134	0.960816	-0.067921	0.268737
47203	9.233221	1.110178	2.797778	0.019426	0.024822	0.010384	-0.258021	0.136883	0.956393	-0.101515	-0.988274	0.114059	0.960791	-0.067658	0.268891
47204	9.284023	1.171164	2.721241	0.009723	0.016595	0.005102	-0.258152	0.136782	0.956373	-0.101284	-0.988303	0.114009	0.960781	-0.067433	0.268986
47205	9.250459	1.212770	2.695193	-0.000337	0.010858	-0.002584	-0.258201	0.136770	0.956361	-0.101239	-0.988308	0.114006	0.960772	-0.067385	0.269028
47206	9.313488	1.193742	2.676749	-0.007806	0.008431	-0.008886	-0.258237	0.136804	0.956346	-0.101223	-0.988306	0.114043	0.960764	-0.067354	0.269065
47207	9.329660	1.192349	2.610434	-0.019746	0.003313	-0.014787	-0.258202	0.136907	0.956341	-0.101396	-0.988281	0.114104	0.960755	-0.067508	0.269058
47208	9.348098	1.143091	2.599706	-0.027679	0.009360	-0.012959	-0.258245	0.136979	0.956319	-0.101570	-0.988260	0.114126	0.960725	-0.067661	0.269126
47209	9.317624	1.120965	2.647459	-0.035860	0.006820	-0.006070	-0.258252	0.136998	0.956315	-0.101875	-0.988237	0.114060	0.960691	-0.067969	0.269170
47210	9.303700	1.096136	2.628180	-0.034822	0.008798	-0.001951	-0.258301	0.136960	0.956307	-0.102086	-0.988227	0.113958	0.960656	-0.068190	0.269242
47211	9.264229	1.090075	2.691246	-0.035743	0.013020	-0.000418	-0.258373	0.136928	0.956292	-0.102376	-0.988210	0.113839	0.960605	-0.068489	0.269345
47212	9.301038	1.104760	2.736861	-0.031599	0.008752	-0.000133	-0.258423	0.136875	0.956286	-0.102560	-0.988204	0.113728	0.960572	-0.068687	0.269412
47213	9.312083	1.039130	2.778269	-0.029719	0.008135	-0.001921	-0.258446	0.136854	0.956283	-0.102796	-0.988190	0.113639	0.960541	-0.068932	0.269462
47214	9.356500	1.068935	2.771439	-0.021026	0.004929	0.002339	-0.258460	0.136776	0.956290	-0.102883	-0.988193	0.113533	0.960528	-0.069042	0.269480
47215	9.376023	1.002031	2.778624	-0.012279	0.000636	0.009513	-0.258423	0.136637	0.956320	-0.102922	-0.988206	0.113381	0.960533	-0.069126	0.269438
47216	9.367160	1.017985	2.793561	-0.001141	-0.004914	0.008047	-0.258349	0.136496	0.956360	-0.102800	-0.988231	0.113274	0.960567	-0.069049	0.269340
47217	9.331043	0.985861	2.767191	0.012281	-0.005750	0.008484	-0.258250	0.136363	0.956406	-0.102605	-0.988260	0.113199	0.960614	-0.068899	0.269210
47218	9.318481	0.945214	2.764147	0.031525	-0.012239	0.013759	-0.258112	0.136157	0.956472	-0.102147	-0.988316	0.113125	0.960700	-0.068502	0.269004
47219	9.232933	0.957037	2.776611	0.043367	-0.013866	0.015467	-0.257942	0.135950	0.956548	-0.101636	-0.988376	0.113066	0.960800	-0.068055	0.268761
47220	9.192751	0.983595	2.799772	0.047834	-0.011174	0.015065	-0.257816	0.135731	0.956613	-0.101013	-0.988444	0.113023	0.960899	-0.067491	0.268547
47221	9.229557	1.015018	2.824156	0.047218	-0.008359	0.016086	-0.257699	0.135521	0.956674	-0.100463	-0.988507	0.112969	0.960988	-0.066999	0.268352
47222	9.225585	1.073333	2.873603	0.044899	-0.003622	0.011095	-0.257639	0.135353	0.956714	-0.099901	-0.988565	0.112956	0.961063	-0.066475	0.268214
47223	9.193988	1.083550	2.882865	0.041945	0.004470	0.005667	-0.257634	0.135255	0.956729	-0.099429	-0.988609	0.112987	0.961113	-0.066017	0.268148
47224	9.238501	1.114777	2.875129	0.038385	0.006467	0.002898	-0.257664	0.135171	0.956733	-0.098939	-0.988653	0.113035	0.961156	-0.065533	0.268114
47225	9.252644	1.124180	2.914553	0.027406	0.013863	-0.004897	-0.257740	0.135183	0.956711	-0.098633	-0.988673	0.113127	0.961167	-0.065206	0.268154
47226	9.234832	1.143509	2.964428	0.021025	0.021244	-0.005807	-0.257902	0.135198	0.956665	-0.098345	-0.988692	0.113212	0.961153	-0.064885	0.268281
47227	9.188660	1.130243	2.955745	0.013605	0.026642	-0.010836	-0.258094	0.135278	0.956602	-0.098187	-0.988694	0.113325	0.961117	-0.064677	0.268459
47228	9.225447	1.131661	3.021078	0.014160	0.033817	-0.016416	-0.258369	0.135400	0.956510	-0.097971	-0.988697	0.113493	0.961066	-0.064387	0.268714
47229	9.260413	1.165245	3.050251	0.007419	0.043685	-0.019738	-0.258717	0.135578	0.956391	-0.097896	-0.988683	0.113674	0.960980	-0.064218	0.269062
47230	9.327502	1.172889	3.089261	-0.004305	0.051515	-0.015810	-0.259162	0.135708	0.956252	-0.097863	-0.988674	0.113786	0.960863	-0.064093	0.269507
47231	9.314276	1.139298	2.968126	-0.010080	0.056078	-0.017750	-0.259631	0.135875	0.956101	-0.097951	-0.988652	0.113902	0.960728	-0.064079	0.269993
47232	9.315650	1.113365	2.885761	-0.022333	0.047283	-0.005146	-0.260046	0.135896	0.955986	-0.098063	-0.988645	0.113863	0.960604	-0.064137	0.270419
47233	9.371232	1.099869	2.779661	-0.035730	0.030298	-0.002310	-0.260282	0.135893	0.955922	-0.098358	-0.988627	0.113761	0.960510	-0.064412	0.270688
47234	9.341208	1.097932	2.686177	-0.048783	0.019733	0.001285	-0.260437	0.135836	0.955888	-0.098716	-0.988611	0.113590	0.960431	-0.064778	0.270880
47235	9.360633	1.067820	2.533846	-0.063510	0.010544	0.000316	-0.260486	0.135794	0.955880	-0.099270	-0.988579	0.113388	0.960361	-0.065354	0.270991
47236	9.368811	1.065437	2.501597	-0.066210	0.001034	-0.006728	-0.260454	0.135803	0.955888	-0.099814	-0.988541	0.113245	0.960313	-0.065915	0.271024
47237	9.366686	1.112615	2.446593	-0.065711	-0.007979	-0.013406	-0.260311	0.135885	0.955915	-0.100425	-0.988488	0.113168	0.960288	-0.066539	0.270961
47238	9.405378	1.133898	2.366496	-0.063291	-0.009780	-0.020589	-0.260162	0.136022	0.955936	-0.100971	-0.988432	0.113166	0.960271	-0.067080	0.270887
47239	9.369129	1.103426	2.340049	-0.059686	-0.016119	-0.032733	-0.259921	0.136290	0.955963	-0.101575	-0.988356	0.113290	0.960273	-0.067655	0.270739
47240	9.360110	1.122354	2.353981	-0.051799	-0.021072	-0.037472	-0.259647	0.136585	0.955996	-0.102053	-0.988285	0.113481	0.960296	-0.068097	0.270544
47241	9.347344	1.084633	2.350349	-0.039699	-0.023010	-0.039176	-0.259333	0.136912	0.956034	-0.102481	-0.988213	0.113721	0.960335	-0.068484	0.270307
47242	9.376881	1.087635	2.444843	-0.031625	-0.023401	-0.033883	-0.259039	0.137169	0.956077	-0.102754	-0.988160	0.113932	0.960386	-0.068728	0.270067
47243	9.405794	1.106245	2.520752	-0.013888	-0.023391	-0.024567	-0.258737	0.137351	0.956133	-0.102896	-0.988126	0.114102	0.960452	-0.068860	0.269797
47244	9.406169	1.107860	2.518641	-0.001235	-0.023264	-0.013835	-0.258464	0.137413	0.956198	-0.102833	-0.988121	0.114204	0.960532	-0.068811	0.269524
47245	9.429450	1.115665	2.521504	0.010618	-0.030011	0.005884	-0.258129	0.137289	0.956306	-0.102661	-0.988145	0.114149	0.960641	-0.068710	0.269163
47246	9.375307	1.133263	2.503921	0.023292	-0.038796	0.018232	-0.257740	0.137022	0.956449	-0.102273	-0.988201	0.114010	0.960786	-0.068434	0.268713
47247	9.440868	1.096342	2.498614	0.030878	-0.047465	0.031995	-0.257264	0.136628	0.956634	-0.101840	-0.988275	0.113759	0.960960	-0.068157	0.268162
47248	9.487820	1.108508	2.504326	0.046026	-0.050762	0.039899	-0.256781	0.136139	0.956833	-0.101181	-0.988376	0.113474	0.961159	-0.067675	0.267571
47249	9.504727	1.098373	2.556243	0.052981	-0.051492	0.036684	-0.256271	0.135697	0.957033	-0.100523	-0.988470	0.113237	0.961364	-0.067184	0.266956
47250	9.475415	1.090004	2.579353	0.052957	-0.042579	0.035053	-0.255862	0.135260	0.957204	-0.099803	-0.988568	0.113015	0.961548	-0.066615	0.266436
47251	9.432273	1.057609	2.582616	0.060618	-0.039388	0.035011	-0.255465	0.134843	0.957369	-0.099076	-0.988664	0.112814	0.961729	-0.066032	0.265929
47252	9.338562	1.085326	2.607595	0.062075	-0.036426	0.027900	-0.255107	0.134483	0.957515	-0.098289	-0.988758	0.112684	0.961904	-0.065367	0.265457
47253	9.267549	1.120940	2.637814	0.063258	-0.041510	0.024389	-0.254678	0.134170	0.957673	-0.097564	-0.988840	0.112590	0.962092	-0.064760	0.264926
47254	9.283444	1.128828	2.671995	0.057399	-0.044229	0.019724	-0.254235	0.133888	0.957830	-0.096852	-0.988917	0.112526	0.962281	-0.064160	0.264385
47255	9.262115	1.121784	2.661852	0.052015	-0.047057	0.006751	-0.253736	0.133746	0.957982	-0.096280	-0.988968	0.112571	0.962470	-0.063671	0.263814
47256	9.280573	1.104616	2.608119	0.038736	-0.053288	-0.001285	-0.253184	0.133669	0.958139	-0.095808	-0.989004	0.112658	0.962662	-0.063274	0.263207
47257	9.292483	1.056873	2.624863	0.025261	-0.051369	-0.004614	-0.252632	0.133637	0.958289	-0.095522	-0.989022	0.112741	0.962836	-0.063056	0.262624
47258	9.296279	1.010175	2.675310	0.017252	-0.052605	-0.005509	-0.252085	0.133598	0.958439	-0.095252	-0.989040	0.112811	0.963006	-0.062855	0.262047
47259	9.323587	0.975915	2.606596	0.010844	-0.053593	-0.006224	-0.251510	0.133582	0.958592	-0.095109	-0.989047	0.112871	0.963170	-0.062783	0.261460
47260	9.345276	0.894772	2.627132	0.011284	-0.048795	-0.001089	-0.251001	0.133505	0.958736	-0.094899	-0.989066	0.112884	0.963324	-0.062649	0.260926
47261	9.332674	0.870911	2.602467	0.019946	-0.042546	0.000047	-0.250538	0.133433	0.958867	-0.094652	-0.989087	0.112907	0.963469	-0.062471	0.260434
47262	9.279380	0.873771	2.603241	0.026764	-0.036217	0.004431	-0.250156	0.133309	0.958984	-0.094276	-0.989123	0.112907	0.963605	-0.062165	0.260003
47263	9.310142	0.896363	2.553017	0.034040	-0.030004	0.000501	-0.249814	0.133241	0.959083	-0.093893	-0.989153	0.112962	0.963731	-0.061831	0.259615
47264	9.405781	0.983829	2.587457	0.035548	-0.028137	-0.003699	-0.249503	0.133203	0.959169	-0.093452	-0.989183	0.113062	0.963854	-0.061427	0.259252
47265	9.438931	0.959538	2.593221	0.040013	-0.025446	-0.004121	-0.249200	0.133183	0.959250	-0.093022	-0.989211	0.113177	0.963974	-0.061027	0.258901
47266	9.407076	0.987001	2.581533	0.049430	-0.029630	-0.010174	-0.248867	0.133209	0.959333	-0.092467	-0.989240	0.113374	0.964114	-0.060491	0.258507
47267	9.322680	0.869942	2.544168	0.058963	-0.035969	-0.010396	-0.248458	0.133246	0.959434	-0.091870	-0.989270	0.113598	0.964276	-0.059918	0.258033
47268	9.237601	0.768705	2.487619	0.070516	-0.045621	-0.005123	-0.247977	0.133209	0.959564	-0.091086	-0.989319	0.113801	0.964474	-0.059183	0.257462
47269	9.207101	0.664877	2.425448	0.087435	-0.056803	-0.001809	-0.247374	0.133149	0.959728	-0.090193	-0.989376	0.114015	0.964713	-0.058356	0.256755
47270	9.241987	0.625887	2.446567	0.098548	-0.062891	-0.001868	-0.246729	0.133071	0.959905	-0.089128	-0.989445	0.114257	0.964977	-0.057364	0.255986
47271	9.415298	0.600032	2.534666	0.115195	-0.069777	-0.010237	-0.245993	0.133088	0.960091	-0.087987	-0.989505	0.114621	0.965270	-0.056279	0.255122
47272	9.579923	0.592772	2.637139	0.136989	-0.069499	-0.017354	-0.245270	0.133163	0.960266	-0.086598	-0.989571	0.115108	0.965579	-0.054925	0.254244
47273	9.653881	0.673986	2.785725	0.152670	-0.062728	-0.027348	-0.244587	0.133355	0.960413	-0.085137	-0.989625	0.115730	0.965882	-0.053460	0.253403
47274	9.596240	0.755205	2.939683	0.156515	-0.050963	-0.052639	-0.244013	0.133791	0.960499	-0.083643	-0.989650	0.116602	0.966158	-0.051886	0.252678
47275	9.374414	0.858981	3.215023	0.153350	-0.042913	-0.089576	-0.243470	0.134611	0.960522	-0.082325	-0.989617	0.117821	0.966408	-0.050389	0.252024
47276	9.211483	1.005567	3.520667	0.129498	-0.039745	-0.124327	-0.242948	0.135763	0.960492	-0.081263	-0.989526	0.119312	0.966630	-0.049066	0.251436
47277	9.197004	1.122713	3.792236	0.092193	-0.029216	-0.150371	-0.242490	0.137192	0.960405	-0.080683	-0.989373	0.120959	0.966793	-0.048157	0.250982
47278	9.198071	1.221857	4.017467	0.048873	0.000584	-0.164638	-0.242327	0.138762	0.960220	-0.080497	-0.989182	0.122633	0.966850	-0.047578	0.250875
47279	9.183017	1.194824	4.142005	0.006633	0.031833	-0.173352	-0.242441	0.140448	0.959946	-0.080799	-0.988951	0.124285	0.966796	-0.047431	0.251110
47280	9.169283	1.235884	4.391871	-0.047156	0.068732	-0.172247	-0.242933	0.142121	0.959576	-0.081544	-0.988700	0.125790	0.966610	-0.047689	0.251777
47281	9.291860	1.288386	4.712856	-0.116054	0.098787	-0.174359	-0.243690	0.143848	0.959126	-0.083036	-0.988403	0.127142	0.966292	-0.048658	0.252809
47282	9.441207	1.355441	5.115936	-0.193631	0.146515	-0.175371	-0.244926	0.145593	0.958548	-0.085215	-0.988067	0.128303	0.965790	-0.050258	0.254410
47283	9.482442	1.362426	5.485492	-0.251135	0.207153	-0.169067	-0.246726	0.147325	0.957821	-0.088001	-0.987699	0.129253	0.965081	-0.052399	0.256656
47284	9.416697	1.302449	5.591595	-0.269682	0.287054	-0.162082	-0.249321	0.149015	0.956887	-0.090873	-0.987331	0.130079	0.964148	-0.054524	0.259704
47285	9.328587	1.090045	5.546304	-0.253908	0.382816	-0.147488	-0.252820	0.150639	0.955714	-0.093636	-0.986977	0.130797	0.962972	-0.056421	0.263633
47286	9.434913	1.010960	5.482249	-0.227198	0.483332	-0.143781	-0.257308	0.152269	0.954257	-0.096058	-0.986646	0.131536	0.961543	-0.057819	0.268499
47287	11.802397	1.582930	5.971743	-0.233751	0.643931	-0.101120	-0.263343	0.153599	0.952396	-0.098512	-0.986364	0.131838	0.959659	-0.059104	0.274883
47288	8.999738	1.052456	5.084000	-0.259485	0.813549	-0.119508	-0.270998	0.155195	0.949987	-0.101179	-0.986043	0.132222	0.957248	-0.060286	0.282918
47289	8.670751	1.034295	5.155472	-0.224145	0.841419	-0.164277	-0.278821	0.157280	0.947376	-0.103718	-0.985659	0.133111	0.954726	-0.061146	0.291135
47290	8.923827	1.122975	5.297274	-0.205889	0.895199	-0.185397	-0.287141	0.159585	0.944501	-0.106058	-0.985259	0.134228	0.951999	-0.061629	0.299833
47291	8.794804	1.049619	5.377563	-0.170552	0.933690	-0.191097	-0.295760	0.161999	0.941426	-0.108180	-0.984856	0.135486	0.949117	-0.061773	0.308806
47292	8.922581	1.061563	5.300117	-0.094861	0.961511	-0.171020	-0.304668	0.164198	0.938199	-0.109439	-0.984539	0.136769	0.946150	-0.061007	0.317927
47293	8.692767	1.195616	4.585960	-0.024624	0.925551	-0.134939	-0.313213	0.166040	0.935055	-0.110033	-0.984311	0.137929	0.943287	-0.059686	0.326569
47294	8.821550	1.608639	3.747737	0.007803	0.791023	-0.116806	-0.320520	0.167579	0.932300	-0.110177	-0.984142	0.139019	0.940812	-0.058160	0.333901
47295	9.373707	2.052756	3.122871	-0.042609	0.632226	-0.151291	-0.326243	0.169389	0.929985	-0.111010	-0.983872	0.140261	0.938745	-0.057479	0.339786
47296	10.184406	2.273255	2.818504	-0.136985	0.538398	-0.190410	-0.331065	0.171494	0.927893	-0.112765	-0.983490	0.141535	0.936846	-0.057777	0.344937
47297	10.600283	2.179522	2.916741	-0.240122	0.515366	-0.219088	-0.335587	0.173905	0.925818	-0.115686	-0.982981	0.142709	0.934879	-0.059213	0.349994
47298	10.685618	1.876624	3.091624	-0.314326	0.553625	-0.210572	-0.340496	0.176226	0.923584	-0.119169	-0.982446	0.143523	0.932663	-0.061193	0.355520
47299	10.941760	1.511159	3.388566	-0.387424	0.617949	-0.177278	-0.345987	0.178309	0.921140	-0.123329	-0.981900	0.143747	0.930098	-0.063869	0.361715
47300	10.260271	1.002867	3.449950	-0.441050	0.710495	-0.126530	-0.352414	0.179931	0.918384	-0.127701	-0.981409	0.143276	0.927091	-0.066786	0.368839
47301	9.442822	0.493015	3.638419	-0.450776	0.742675	-0.057309	-0.359163	0.180955	0.915564	-0.132019	-0.981009	0.142101	0.923890	-0.069835	0.376232
47302	8.502207	0.177009	3.859878	-0.368822	0.729271	0.056823	-0.365955	0.180827	0.912896	-0.135045	-0.980877	0.140157	0.920782	-0.071991	0.383376
47303	7.740793	0.212937	3.970166	-0.228674	0.668440	0.203760	-0.372328	0.179268	0.910623	-0.136338	-0.981088	0.137395	0.918033	-0.072996	0.389728
47304	7.585342	0.571771	4.269688	-0.105142	0.590622	0.366543	-0.378230	0.176013	0.908824	-0.135761	-0.981689	0.133625	0.915702	-0.072842	0.395200
47305	7.847364	0.833025	4.374777	-0.049582	0.549269	0.496780	-0.383876	0.171488	0.907321	-0.134264	-0.982527	0.128897	0.913571	-0.072340	0.400193
47306	8.130373	0.870393	4.151056	-0.053853	0.553899	0.566454	-0.389674	0.166228	0.905827	-0.132394	-0.983470	0.123522	0.911387	-0.071793	0.405241
47307	8.626077	0.832399	3.887160	-0.081690	0.577849	0.571244	-0.395637	0.160976	0.904189	-0.130837	-0.984357	0.118000	0.909039	-0.071616	0.410510
47308	8.340349	0.577577	3.487137	-0.102841	0.585119	0.518167	-0.401610	0.156202	0.902391	-0.129541	-0.985129	0.112872	0.906603	-0.071566	0.415873
47309	8.454453	0.447164	3.233207	-0.065098	0.539160	0.437726	-0.407008	0.152229	0.900650	-0.128303	-0.985767	0.108635	0.904369	-0.071340	0.420747
47310	8.847040	0.767005	3.153477	0.014976	0.479520	0.370174	-0.411798	0.148826	0.899040	-0.126485	-0.986359	0.105345	0.902455	-0.070334	0.425005
47311	9.207230	1.531243	3.075681	0.075070	0.421945	0.346450	-0.415988	0.145657	0.897629	-0.124316	-0.986931	0.102536	0.900833	-0.068936	0.428659
47312	9.411128	2.230198	2.846306	0.034864	0.361893	0.356201	-0.419669	0.142296	0.896454	-0.122351	-0.987490	0.099469	0.899393	-0.067938	0.431829
47313	10.002933	2.302977	2.595445	-0.080128	0.318866	0.399935	-0.422973	0.138518	0.895492	-0.121328	-0.988006	0.095521	0.897983	-0.068245	0.434706
47314	9.748376	1.896714	2.154194	-0.171492	0.294808	0.457487	-0.426152	0.134115	0.894655	-0.120776	-0.988531	0.090658	0.896553	-0.069418	0.437463
47315	9.382625	1.268592	1.924463	-0.208328	0.279945	0.506427	-0.429223	0.129259	0.893902	-0.120417	-0.989061	0.085198	0.895135	-0.071072	0.440092
47316	8.985315	0.710288	1.886013	-0.194478	0.284468	0.557033	-0.432413	0.123868	0.893127	-0.119611	-0.989645	0.079343	0.893707	-0.072519	0.442751
47317	8.272535	0.161744	1.966503	-0.143478	0.284394	0.601718	-0.435620	0.118073	0.892353	-0.118222	-0.990277	0.073318	0.892333	-0.073557	0.445343
47318	7.871388	-0.438220	2.113016	-0.062608	0.280302	0.643097	-0.438846	0.111827	0.891577	-0.115829	-0.990988	0.067283	0.891065	-0.073743	0.447844
47319	7.435086	-0.898567	2.109174	0.009906	0.265979	0.706327	-0.441974	0.104974	0.890865	-0.112571	-0.991769	0.061016	0.889937	-0.073318	0.450153
47320	7.442514	-1.229784	2.312710	0.055726	0.248902	0.779273	-0.445020	0.097344	0.890214	-0.108489	-0.992613	0.054308	0.888925	-0.072410	0.452293
47321	7.554369	-1.520433	2.549162	0.052546	0.255184	0.861026	-0.448154	0.088932	0.889522	-0.104117	-0.993460	0.046868	0.887872	-0.071611	0.454483
47322	7.720858	-1.815583	3.007172	0.033351	0.257706	0.940074	-0.451366	0.079700	0.888773	-0.099479	-0.994289	0.038641	0.886777	-0.070973	0.456716
47323	7.831748	-2.103786	3.674410	0.052542	0.280693	1.013076	-0.454786	0.069776	0.887863	-0.094364	-0.995090	0.029867	0.885587	-0.070200	0.459138
47324	7.875219	-2.456435	4.378290	0.140180	0.313239	1.074844	-0.458505	0.059222	0.886717	-0.088109	-0.995890	0.020954	0.884313	-0.068520	0.461838
47325	7.617490	-2.658976	4.981287	0.277716	0.339798	1.115042	-0.462398	0.048296	0.885356	-0.080461	-0.996681	0.012345	0.883014	-0.065528	0.464750
47326	7.166166	-2.534155	5.250393	0.407297	0.314695	1.140192	-0.466005	0.037060	0.884005	-0.071478	-0.997434	0.004135	0.881890	-0.061260	0.467458
47327	6.858941	-1.983131	5.386438	0.507225	0.240044	1.128947	-0.468824	0.025891	0.882912	-0.061670	-0.998091	-0.003478	0.881136	-0.056080	0.469525
47328	6.701282	-1.192905	5.483725	0.559385	0.148167	1.084743	-0.470706	0.015075	0.882161	-0.051555	-0.998616	-0.010443	0.880783	-0.050395	0.470832
47329	6.770127	-0.364029	5.587949	0.556503	0.075256	1.005678	-0.471788	0.005022	0.881698	-0.041854	-0.998984	-0.016706	0.880718	-0.044784	0.471519
47330	7.029894	0.594357	5.674706	0.512120	0.026597	0.897700	-0.472321	-0.003995	0.881418	-0.033026	-0.999207	-0.022226	0.880808	-0.039608	0.471815
47331	7.389292	1.479682	6.010498	0.414773	0.012680	0.753711	-0.472603	-0.011566	0.881199	-0.025752	-0.999306	-0.026927	0.880899	-0.035418	0.471977
47332	7.799121	2.185948	6.728356	0.272060	0.034747	0.578690	-0.473005	-0.017396	0.880888	-0.020536	-0.999316	-0.030762	0.880820	-0.032640	0.472324
47333	8.182507	2.577062	7.566695	0.109588	0.083630	0.402434	-0.473767	-0.021435	0.880389	-0.017606	-0.999273	-0.033803	0.880474	-0.031515	0.473046
47334	8.395948	2.339492	8.521302	-0.007269	0.186751	0.248453	-0.475416	-0.023905	0.879436	-0.016431	-0.999215	-0.036043	0.879607	-0.031586	0.474650
47335	8.135085	1.613022	9.413992	-0.034972	0.333304	0.129917	-0.478315	-0.025140	0.877828	-0.016059	-0.999173	-0.037366	0.878041	-0.031970	0.477516
47336	7.734431	1.101942	9.921111	0.005635	0.448594	0.067399	-0.482225	-0.025719	0.875670	-0.015619	-0.999158	-0.037947	0.875908	-0.031976	0.481417
47337	7.260752	0.877162	9.784151	0.064530	0.496359	0.032268	-0.486521	-0.025928	0.873284	-0.014838	-0.999170	-0.037932	0.873543	-0.031413	0.485732
47338	7.156215	1.134687	9.348923	0.087465	0.463691	0.032472	-0.490538	-0.026152	0.871027	-0.013859	-0.999189	-0.037805	0.871309	-0.030616	0.489778
47339	7.302013	1.402431	8.643490	0.023954	0.418563	0.043798	-0.494136	-0.026505	0.868980	-0.013375	-0.999185	-0.038082	0.869282	-0.030440	0.493379
47340	6.700191	1.255065	7.877432	-0.041879	0.332916	0.026106	-0.497000	-0.026714	0.867339	-0.013536	-0.999166	-0.038530	0.867645	-0.030890	0.496224
47341	6.666562	1.010409	7.292174	-0.054551	0.270342	-0.000882	-0.499293	-0.026664	0.866023	-0.013953	-0.999149	-0.038807	0.866321	-0.031460	0.498497
47342	6.701839	0.738409	6.700316	-0.005712	0.230021	-0.005651	-0.501255	-0.026587	0.864891	-0.013954	-0.999150	-0.038801	0.865187	-0.031517	0.500458
47343	6.791824	0.493303	6.110122	0.084432	0.200919	0.005589	-0.502942	-0.026623	0.863910	-0.013135	-0.999175	-0.038439	0.864220	-0.030680	0.502178
47344	7.191152	0.261872	5.838970	0.192204	0.159300	-0.001710	-0.504290	-0.026620	0.863124	-0.011387	-0.999233	-0.037470	0.863459	-0.028724	0.503600
47345	7.671594	-0.081248	5.563162	0.281493	0.105779	-0.006907	-0.505151	-0.026565	0.862622	-0.008931	-0.999312	-0.036004	0.862985	-0.025892	0.504566
47346	7.644115	-0.361523	5.178447	0.322126	0.041948	0.005570	-0.505486	-0.026651	0.862423	-0.006065	-0.999388	-0.034439	0.862813	-0.022639	0.505016
47347	7.489731	-0.384858	4.525760	0.356314	-0.082017	0.046691	-0.504730	-0.027178	0.862850	-0.002693	-0.999450	-0.033056	0.863273	-0.019008	0.504379
47348	7.276334	0.149985	3.416600	0.334611	-0.271453	0.119111	-0.502358	-0.028456	0.864191	0.000856	-0.999474	-0.032413	0.864659	-0.015543	0.502118
47349	7.315307	0.777973	2.470487	0.270483	-0.460118	0.179589	-0.498318	-0.030358	0.866463	0.004157	-0.999459	-0.032627	0.866984	-0.012657	0.498175
47350	6.877358	1.408038	1.020189	0.167207	-0.611020	0.207833	-0.492971	-0.032559	0.869436	0.006723	-0.999412	-0.033615	0.870020	-0.010726	0.492900
47351	6.655973	1.886180	-0.571661	-0.035699	-0.833581	0.227067	-0.485633	-0.034960	0.873463	0.007583	-0.999331	-0.035782	0.874130	-0.010754	0.485573
47352	7.342354	2.365829	-1.031454	-0.303700	-0.988965	0.235258	-0.476917	-0.037479	0.878149	0.006132	-0.999208	-0.039316	0.878927	-0.013366	0.476769
47353	8.251722	2.416165	0.237904	-0.509235	-1.077079	0.181062	-0.467362	-0.039500	0.883183	0.002558	-0.999058	-0.043329	0.884062	-0.017991	0.467023
47354	10.201182	1.671976	3.335242	-0.614146	-0.970918	0.085560	-0.458723	-0.040599	0.887651	-0.002423	-0.998895	-0.046939	0.888576	-0.023683	0.458118
47355	11.603079	-0.206061	6.126727	-0.612471	-0.700822	0.120253	-0.452438	-0.042029	0.890805	-0.007268	-0.998682	-0.050810	0.891766	-0.029463	0.451536
47356	11.654668	-1.851303	6.433671	-0.533222	-0.589671	0.282348	-0.447162	-0.045096	0.893315	-0.010656	-0.998389	-0.055735	0.894389	-0.034442	0.445961
47357	13.192061	-2.298833	6.540624	-0.382741	-0.689908	0.384790	-0.440973	-0.049231	0.896169	-0.012317	-0.998069	-0.060889	0.897436	-0.037888	0.439515
47358	14.714114	-1.883813	7.317059	-0.114274	-0.666647	0.416717	-0.434996	-0.053690	0.898830	-0.011447	-0.997810	-0.065142	0.900360	-0.038625	0.433429
47359	13.521201	-0.402844	6.172902	0.142746	-0.562373	0.425772	-0.429914	-0.058194	0.900992	-0.008259	-0.997625	-0.068376	0.902832	-0.036837	0.428413
47360	10.823416	1.822947	3.562917	0.137400	-0.552789	0.416216	-0.424910	-0.062592	0.903069	-0.005160	-0.997423	-0.071560	0.905221	-0.035066	0.423492
47361	8.157785	3.733463	1.563789	-0.112134	-0.642444	0.389309	-0.419051	-0.066746	0.905506	-0.004475	-0.997130	-0.075570	0.907952	-0.035720	0.417550
47362	6.642593	4.841987	1.251462	-0.432502	-0.840124	0.313956	-0.411390	-0.070240	0.908749	-0.007020	-0.996752	-0.080221	0.911433	-0.039382	0.409561
47363	6.744789	4.640094	1.681034	-0.764103	-1.012312	0.227627	-0.402112	-0.072986	0.912677	-0.013016	-0.996261	-0.085405	0.915498	-0.046222	0.399658
47364	7.858966	3.031141	1.864818	-1.075201	-1.108575	0.158025	-0.391929	-0.075174	0.916919	-0.022169	-0.995595	-0.091100	0.919728	-0.056032	0.388536
47365	8.766223	0.965314	1.680780	-1.320971	-1.133947	0.119417	-0.381457	-0.077112	0.921165	-0.033826	-0.994683	-0.097273	0.923768	-0.068264	0.376820
47366	9.450381	-1.093406	1.440343	-1.468963	-1.097376	0.107575	-0.371304	-0.079058	0.925140	-0.046916	-0.993498	-0.103729	0.927325	-0.081919	0.365181
47367	9.642521	-2.866096	1.328898	-1.471359	-1.044175	0.121700	-0.361617	-0.081240	0.928780	-0.060080	-0.992095	-0.110169	0.930389	-0.095640	0.353878
47368	9.659963	-4.080407	1.378969	-1.297951	-0.995771	0.174073	-0.352414	-0.084029	0.932064	-0.071457	-0.990637	-0.116327	0.933112	-0.107598	0.343110
47369	9.334669	-4.672489	1.513777	-1.035314	-0.952661	0.220875	-0.343628	-0.087333	0.935036	-0.080305	-0.989287	-0.121912	0.935666	-0.116981	0.332933
47370	8.976682	-4.935225	1.766551	-0.723966	-0.931277	0.267380	-0.335085	-0.091147	0.937769	-0.086094	-0.988184	-0.126810	0.938246	-0.123229	0.323278
47371	8.600546	-4.709271	1.749699	-0.378223	-0.945594	0.290455	-0.326401	-0.095243	0.940421	-0.088631	-0.987443	-0.130767	0.941067	-0.126033	0.313862
47372	9.413607	-4.064907	1.879189	-0.076993	-0.981687	0.279415	-0.317357	-0.099283	0.943095	-0.088391	-0.987078	-0.133658	0.944178	-0.125778	0.304480
47373	9.681324	-3.446311	1.988708	0.142086	-1.008363	0.253568	-0.307988	-0.103091	0.945788	-0.086198	-0.987000	-0.135652	0.947477	-0.123304	0.295098
47374	10.198631	-2.820090	2.323098	0.286213	-1.015312	0.240127	-0.298515	-0.106739	0.948417	-0.082688	-0.987097	-0.137119	0.950816	-0.119354	0.285838
47375	9.720393	-2.626211	2.432804	0.352721	-0.992991	0.244826	-0.289202	-0.110367	0.950885	-0.078553	-0.987245	-0.138478	0.954040	-0.114743	0.276844
47376	10.047836	-2.959701	2.684826	0.397954	-0.990843	0.275190	-0.279903	-0.114243	0.953207	-0.073900	-0.987384	-0.140039	0.957180	-0.109640	0.267929
47377	9.432458	-3.503559	2.626187	0.441470	-0.989289	0.306530	-0.270583	-0.118374	0.955391	-0.068769	-0.987500	-0.141829	0.960237	-0.104078	0.259060
47378	8.756744	-3.850727	2.352458	0.509992	-0.983266	0.300806	-0.261284	-0.122385	0.957472	-0.062998	-0.987653	-0.143434	0.963204	-0.097796	0.250348
47379	9.598539	-3.759827	2.359240	0.592713	-0.972618	0.263437	-0.252004	-0.125950	0.959495	-0.056550	-0.987883	-0.144529	0.966072	-0.090681	0.241828
47380	9.301299	-2.906900	2.388481	0.637832	-0.917411	0.209535	-0.243200	-0.128863	0.961378	-0.049808	-0.988169	-0.145054	0.968696	-0.083161	0.233905
47381	9.818067	-1.640364	2.641623	0.611198	-0.879611	0.145563	-0.234681	-0.131047	0.963199	-0.043478	-0.988465	-0.145078	0.971100	-0.075925	0.226276
47382	9.655996	-0.349185	2.952941	0.478564	-0.815301	0.080807	-0.226746	-0.132487	0.964901	-0.038578	-0.988705	-0.144821	0.973190	-0.070061	0.219074
47383	9.176317	0.287677	3.161009	0.277743	-0.770785	0.010162	-0.219186	-0.133158	0.966554	-0.035796	-0.988879	-0.144351	0.975026	-0.066238	0.211981
47384	9.208088	0.257646	3.483449	0.070545	-0.711514	-0.048155	-0.212182	-0.133194	0.968111	-0.035142	-0.988987	-0.143769	0.976598	-0.064526	0.205165
47385	8.612071	-0.231555	3.563426	-0.097082	-0.658352	-0.083721	-0.205662	-0.132836	0.969566	-0.036212	-0.989033	-0.143185	0.977953	-0.064558	0.198596
47386	8.464515	-0.857638	3.525701	-0.222023	-0.633757	-0.101674	-0.199380	-0.132289	0.970952	-0.038529	-0.989021	-0.142662	0.979164	-0.065853	0.192094
47387	8.344003	-1.634122	3.362007	-0.293529	-0.632749	-0.096525	-0.193086	-0.131802	0.972289	-0.041541	-0.988950	-0.142310	0.980302	-0.067868	0.185477
47388	7.923810	-2.264365	2.998918	-0.280048	-0.673768	-0.084937	-0.186399	-0.131472	0.973638	-0.044381	-0.988868	-0.142025	0.981471	-0.069684	0.178489
47389	9.108915	-2.437800	2.800155	-0.265928	-0.706348	-0.065363	-0.179376	-0.131369	0.974970	-0.047060	-0.988764	-0.141885	0.982654	-0.071333	0.171178
47390	9.121975	-2.670424	2.130992	-0.255267	-0.721653	-0.057570	-0.172211	-0.131367	0.976261	-0.049599	-0.988654	-0.141784	0.983811	-0.072839	0.163742
47391	9.055061	-2.806678	1.600818	-0.226097	-0.764388	-0.065731	-0.164597	-0.131324	0.977580	-0.051884	-0.988572	-0.141537	0.984995	-0.074017	0.155903
47392	9.731958	-2.643530	1.682077	-0.171262	-0.791567	-0.081589	-0.156712	-0.131154	0.978897	-0.053633	-0.988551	-0.141033	0.986187	-0.074603	0.147883
47393	9.530578	-2.298148	1.627955	-0.117149	-0.787520	-0.115297	-0.148822	-0.130647	0.980196	-0.054914	-0.988612	-0.140106	0.987338	-0.074677	0.139953
47394	9.358784	-1.886639	1.736792	-0.077343	-0.757691	-0.149815	-0.141213	-0.129780	0.981436	-0.055822	-0.988749	-0.138778	0.988404	-0.074383	0.132379
47395	9.384350	-1.296470	2.017896	-0.043200	-0.738113	-0.196779	-0.133747	-0.128426	0.982659	-0.056469	-0.988969	-0.136937	0.989405	-0.073805	0.125019
47396	9.368731	-0.808856	2.304791	-0.044230	-0.682781	-0.221594	-0.126821	-0.126785	0.983790	-0.057122	-0.989218	-0.134849	0.990280	-0.073298	0.118211
47397	9.397097	-0.663456	2.618819	-0.070283	-0.630117	-0.225253	-0.120393	-0.125064	0.984817	-0.058046	-0.989449	-0.132748	0.991028	-0.073147	0.111863
47398	9.043171	-0.961599	2.860911	-0.108269	-0.579470	-0.203697	-0.114485	-0.123525	0.985715	-0.059258	-0.989623	-0.130897	0.991656	-0.073397	0.105977
47399	9.015317	-1.516651	2.919081	-0.149527	-0.570768	-0.167060	-0.108667	-0.122338	0.986522	-0.060878	-0.989717	-0.129440	0.992212	-0.074123	0.100101
47400	9.243329	-2.318321	2.692235	-0.180441	-0.572013	-0.128979	-0.102867	-0.121540	0.987242	-0.062708	-0.989740	-0.128381	0.992717	-0.075114	0.094191
47401	8.353997	-2.981846	2.124199	-0.185648	-0.626964	-0.114354	-0.096513	-0.120928	0.987958	-0.064615	-0.989737	-0.127457	0.993232	-0.076139	0.087709
47402	10.660783	-2.676889	2.415739	-0.198149	-0.663282	-0.110680	-0.089811	-0.120391	0.988656	-0.066601	-0.989719	-0.126571	0.993730	-0.077213	0.080869
47403	10.244462	-2.360462	1.737964	-0.288327	-0.598124	-0.140500	-0.083714	-0.119514	0.989297	-0.069540	-0.989661	-0.125443	0.994060	-0.079297	0.074538
47404	9.080472	-2.394075	1.189570	-0.337261	-0.615291	-0.206687	-0.077409	-0.118016	0.989990	-0.072963	-0.989636	-0.123679	0.994326	-0.081807	0.067996
47405	9.634717	-2.206793	1.430511	-0.356339	-0.651707	-0.262185	-0.070677	-0.116010	0.990730	-0.076653	-0.989646	-0.121351	0.994550	-0.084519	0.061052
47406	9.885549	-2.109559	1.519142	-0.362071	-0.662338	-0.319048	-0.063799	-0.113473	0.991491	-0.080374	-0.989703	-0.118440	0.994721	-0.087246	0.054022
47407	9.855151	-2.116622	1.514960	-0.345327	-0.668070	-0.377384	-0.056787	-0.110376	0.992266	-0.083989	-0.989819	-0.114910	0.994847	-0.089865	0.046939
47408	9.991086	-2.065372	1.719253	-0.282193	-0.686591	-0.423212	-0.049556	-0.106863	0.993038	-0.086923	-0.990026	-0.110876	0.994982	-0.091812	0.039772
47409	10.183240	-1.455020	1.704298	-0.236963	-0.673617	-0.463120	-0.042389	-0.102948	0.993783	-0.089446	-0.990292	-0.106401	0.995089	-0.093401	0.032769
47410	10.468738	-0.301201	2.133361	-0.247068	-0.605040	-0.507960	-0.035869	-0.098540	0.994486	-0.091995	-0.990576	-0.101471	0.995113	-0.095128	0.026466
47411	10.619706	0.655755	2.836959	-0.329295	-0.494792	-0.513002	-0.030410	-0.093983	0.995109	-0.095395	-0.990752	-0.096486	0.994975	-0.097863	0.021163
47412	9.822797	1.196975	3.328351	-0.528947	-0.393473	-0.538254	-0.025929	-0.089098	0.995685	-0.100681	-0.990723	-0.091275	0.994581	-0.102613	0.016718
47413	9.315924	0.517064	3.413449	-0.727538	-0.335635	-0.570646	-0.021942	-0.083848	0.996237	-0.108005	-0.990446	-0.085740	0.993908	-0.109480	0.012677
47414	9.279027	-0.589201	3.403240	-0.848314	-0.300123	-0.603991	-0.018248	-0.078260	0.996766	-0.116432	-0.989983	-0.079859	0.993031	-0.117513	0.008953
47415	9.951519	-1.723775	3.745935	-0.895353	-0.244081	-0.605879	-0.015039	-0.072610	0.997247	-0.125373	-0.989352	-0.073925	0.991996	-0.126140	0.005776
47416	10.743196	-2.737945	3.968342	-0.910991	-0.157738	-0.600641	-0.012662	-0.066929	0.997677	-0.134350	-0.988596	-0.068025	0.990853	-0.134899	0.003526
47417	11.190740	-3.495689	4.142296	-0.851494	-0.075305	-0.591022	-0.011045	-0.061242	0.998062	-0.142806	-0.987795	-0.062192	0.989689	-0.143216	0.002164
47418	11.332094	-3.540567	4.726762	-0.779152	0.007222	-0.598212	-0.010210	-0.055381	0.998413	-0.150420	-0.987018	-0.056287	0.988569	-0.150756	0.001747
47419	11.257164	-2.630845	5.126369	-0.714626	0.084789	-0.643798	-0.010004	-0.048948	0.998751	-0.157501	-0.986257	-0.049913	0.987468	-0.157803	0.002157
47420	11.179072	-0.830536	5.316965	-0.717777	0.163652	-0.739610	-0.010403	-0.041451	0.999086	-0.164485	-0.985459	-0.042598	0.986325	-0.164777	0.003434
47421	11.043778	1.140558	5.623495	-0.824422	0.278475	-0.857156	-0.011652	-0.032589	0.999401	-0.172659	-0.984391	-0.034113	0.984913	-0.172953	0.005843
47422	10.671190	2.495013	6.025725	-0.971125	0.427726	-0.976023	-0.014108	-0.022290	0.999652	-0.182106	-0.982974	-0.024488	0.983178	-0.182389	0.009809
47423	10.702641	3.426936	6.434777	-1.121540	0.603739	-1.062279	-0.017994	-0.010775	0.999780	-0.193246	-0.981050	-0.014051	0.980985	-0.193456	0.015571
47424	11.846216	3.647757	6.928230	-1.301904	0.840748	-1.119009	-0.023984	0.001806	0.999711	-0.205982	-0.978551	-0.003174	0.978262	-0.205999	0.023841
47425	11.756637	3.387296	6.582167	-1.480164	1.188098	-1.140578	-0.033104	0.015428	0.999333	-0.220717	-0.975307	0.007746	0.974776	-0.220313	0.035692
47426	11.803753	2.696245	6.289057	-1.541558	1.481912	-1.112730	-0.044980	0.029561	0.998550	-0.235820	-0.971627	0.018141	0.970755	-0.234662	0.050675
47427	10.475073	1.733687	5.560155	-1.454791	1.687450	-1.066057	-0.058685	0.043918	0.997310	-0.250417	-0.967737	0.027880	0.966358	-0.248107	0.067790
47428	10.374318	0.365851	4.350112	-1.304865	1.763989	-0.999002	-0.073145	0.057958	0.995636	-0.263253	-0.964026	0.036778	0.961950	-0.259414	0.085771
47429	9.573100	-1.197261	2.319669	-1.215729	1.769366	-0.941205	-0.087543	0.071641	0.993581	-0.275628	-0.960213	0.044950	0.957270	-0.269924	0.103806
47430	9.623657	-2.975122	1.051382	-1.068162	1.769806	-0.888852	-0.101982	0.084908	0.991156	-0.286221	-0.956724	0.052508	0.952721	-0.278335	0.121871
47431	10.827969	-5.003114	0.199888	-0.743983	1.823722	-0.755231	-0.117084	0.097192	0.988355	-0.294073	-0.953962	0.058973	0.948584	-0.283744	0.140275
47432	11.253821	-6.812821	-0.240932	-0.302081	1.900639	-0.525383	-0.133528	0.107549	0.985192	-0.297549	-0.952582	0.063661	0.945323	-0.284643	0.159197
47433	11.397495	-7.691578	-0.686077	0.152029	2.000448	-0.207980	-0.151754	0.115131	0.981690	-0.296361	-0.952798	0.065930	0.942942	-0.280930	0.178712
47434	12.395759	-7.586592	-0.952882	0.586613	1.994808	0.108468	-0.170867	0.119565	0.978013	-0.290620	-0.954565	0.065924	0.941459	-0.272966	0.197852
47435	12.346350	-6.525263	-1.097148	0.958356	1.952227	0.400102	-0.190339	0.120900	0.974245	-0.280828	-0.957624	0.063972	0.940695	-0.261419	0.216226
47436	12.177650	-4.821537	-1.190679	1.289412	1.872449	0.602566	-0.209600	0.119817	0.970418	-0.267459	-0.961639	0.060964	0.940496	-0.246769	0.233606
47437	11.774281	-2.857807	-1.147237	1.527497	1.727305	0.704525	-0.227632	0.117089	0.966682	-0.251498	-0.966130	0.057800	0.940709	-0.229962	0.249369
47438	10.642116	-1.217874	-1.069215	1.618960	1.577168	0.720187	-0.244214	0.113545	0.963051	-0.234533	-0.970554	0.054955	0.940933	-0.212446	0.263652
47439	10.511035	0.284444	-0.138508	1.579910	1.427663	0.676115	-0.259131	0.109828	0.959578	-0.217911	-0.974545	0.052695	0.940939	-0.195448	0.276467
47440	10.392665	0.682181	1.168924	1.517147	1.351583	0.607691	-0.273161	0.106233	0.956084	-0.201545	-0.978145	0.051101	0.940618	-0.178735	0.288602
47441	10.968681	1.620683	1.191009	1.394510	1.361333	0.571964	-0.287022	0.102909	0.952380	-0.186779	-0.981143	0.049727	0.939538	-0.163612	0.300831
47442	10.166350	2.132775	0.606074	1.129119	1.350084	0.547605	-0.300714	0.099461	0.948514	-0.174121	-0.983557	0.047933	0.937685	-0.150743	0.313088
47443	9.903566	2.242395	0.266037	0.852806	1.249493	0.508102	-0.313228	0.096233	0.944790	-0.164519	-0.985309	0.045816	0.935319	-0.141085	0.324458
47444	10.237620	2.044007	0.301307	0.612652	1.145255	0.492354	-0.324739	0.092762	0.941244	-0.156803	-0.986687	0.043142	0.932715	-0.133580	0.334961
47445	10.600928	1.814868	0.352317	0.434300	1.107414	0.487107	-0.335753	0.089355	0.937702	-0.151093	-0.987709	0.040019	0.929753	-0.128244	0.345127
