// General information: 
//  MT Manager version: 2022.2.0 
//  XDA version: 2022.2.0 build 7381 rev 124627 built on 2023-07-19
// Device information: 
//  DeviceId: 00B4CBA7
//  ProductCode: MTW2-3A7G6
//  Firmware Version: 4.6.0
//  Hardware Version: 2.0.0
// Device settings: 
//  Filter Profile: human(46.1)
//  Option Flags: Orientation Smoother Disabled, Position/Velocity Smoother Disabled, Continuous Zero Rotation Update Disabled, AHS Disabled, ICC Disabled
// Coordinate system: ENU
PacketCounter	Acc_X	Acc_Y	Acc_Z	Gyr_X	Gyr_Y	Gyr_Z	Mat[1][1]	Mat[2][1]	Mat[3][1]	Mat[1][2]	Mat[2][2]	Mat[3][2]	Mat[1][3]	Mat[2][3]	Mat[3][3]
12656	9.514949	1.190386	-1.758721	0.066415	-0.016421	0.013804	-0.075422	-0.227585	0.970833	-0.635763	0.761027	0.129011	-0.768191	-0.607489	-0.202088
12657	9.534382	1.244780	-1.845497	0.063610	-0.020162	0.016276	-0.075576	-0.227610	0.970815	-0.636373	0.760557	0.128774	-0.767670	-0.608069	-0.202325
12658	9.505845	1.268366	-1.865272	0.063468	-0.018422	0.014995	-0.075787	-0.227631	0.970794	-0.636851	0.760198	0.128533	-0.767253	-0.608509	-0.202580
12659	9.413635	1.248845	-1.950461	0.078128	-0.026021	0.012441	-0.076020	-0.227723	0.970754	-0.637497	0.759697	0.128290	-0.766693	-0.609100	-0.202925
12660	9.448353	1.345237	-1.999028	0.074913	-0.025253	0.015617	-0.076287	-0.227781	0.970719	-0.638061	0.759269	0.128019	-0.766198	-0.609612	-0.203260
12661	9.471842	1.376260	-2.094227	0.067351	-0.027170	0.013669	-0.076570	-0.227867	0.970677	-0.638506	0.758933	0.127792	-0.765798	-0.609998	-0.203606
12662	9.486899	1.431005	-2.104906	0.034777	-0.027605	0.017840	-0.076869	-0.227922	0.970640	-0.638760	0.758754	0.127582	-0.765556	-0.610199	-0.203912
12663	9.495171	1.375569	-2.099317	0.005552	-0.030546	0.020118	-0.077155	-0.227978	0.970604	-0.638818	0.758731	0.127432	-0.765479	-0.610208	-0.204176
12664	9.479701	1.286635	-2.001601	-0.014849	-0.028198	0.023332	-0.077493	-0.227996	0.970573	-0.638688	0.758868	0.127270	-0.765554	-0.610031	-0.204425
12665	9.524731	1.181729	-2.062567	-0.016659	-0.025323	0.023757	-0.077834	-0.228007	0.970543	-0.638615	0.758960	0.127086	-0.765580	-0.609912	-0.204682
12666	9.444060	1.198442	-2.007144	-0.016928	-0.022554	0.025735	-0.078145	-0.227972	0.970527	-0.638467	0.759114	0.126904	-0.765672	-0.609733	-0.204874
12667	9.452491	1.135887	-1.977480	-0.004093	-0.026586	0.019059	-0.078401	-0.228014	0.970496	-0.638463	0.759139	0.126779	-0.765649	-0.609687	-0.205096
12668	9.540037	1.188463	-1.937036	0.023194	-0.019755	0.020448	-0.078656	-0.228002	0.970478	-0.638626	0.759037	0.126566	-0.765486	-0.609818	-0.205311
12669	9.511854	1.182695	-1.863446	0.048065	-0.019753	0.014540	-0.078834	-0.228039	0.970455	-0.639057	0.758708	0.126369	-0.765109	-0.610214	-0.205542
12670	9.503268	1.218640	-1.828268	0.062314	-0.023335	0.015698	-0.079086	-0.228085	0.970424	-0.639523	0.758356	0.126123	-0.764694	-0.610633	-0.205841
12671	9.490339	1.284688	-1.809525	0.070270	-0.025696	0.015421	-0.079317	-0.228151	0.970389	-0.640115	0.757898	0.125871	-0.764174	-0.611177	-0.206157
12672	9.477332	1.350748	-1.791450	0.058770	-0.036208	0.016758	-0.079674	-0.228268	0.970333	-0.640553	0.757570	0.125620	-0.763770	-0.611541	-0.206577
12673	9.513074	1.312927	-1.909700	0.053148	-0.042731	0.015684	-0.080105	-0.228443	0.970256	-0.640954	0.757270	0.125379	-0.763388	-0.611846	-0.207082
12674	9.604837	1.259287	-2.110059	0.055820	-0.037967	0.016447	-0.080474	-0.228574	0.970195	-0.641368	0.756959	0.125137	-0.763001	-0.612182	-0.207515
12675	9.539617	1.257282	-2.317932	0.048460	-0.024723	0.016858	-0.080735	-0.228622	0.970162	-0.641713	0.756704	0.124917	-0.762684	-0.612480	-0.207802
12676	9.422451	1.255715	-2.473191	0.024851	-0.020403	0.015720	-0.080965	-0.228650	0.970136	-0.641891	0.756580	0.124747	-0.762509	-0.612622	-0.208025
12677	9.450505	1.234641	-2.481101	0.014832	-0.012620	0.019910	-0.081153	-0.228603	0.970131	-0.641986	0.756530	0.124566	-0.762410	-0.612702	-0.208154
12678	9.410516	1.283663	-2.337399	0.022578	0.005839	0.015081	-0.081179	-0.228475	0.970159	-0.642148	0.756419	0.124407	-0.762271	-0.612886	-0.208120
12679	9.431820	1.250080	-2.142241	0.028331	0.010859	0.015912	-0.081105	-0.228313	0.970204	-0.642433	0.756203	0.124249	-0.762038	-0.613213	-0.208008
12680	9.412497	1.296990	-1.895805	0.017568	0.009733	0.017174	-0.081115	-0.228146	0.970242	-0.642555	0.756127	0.124079	-0.761934	-0.613369	-0.207929
12681	9.465751	1.243537	-1.783896	0.022716	0.003873	0.017879	-0.081117	-0.228013	0.970273	-0.642784	0.755960	0.123911	-0.761741	-0.613625	-0.207884
12682	9.466221	1.226829	-1.737574	0.008009	-0.005611	0.020917	-0.081267	-0.227912	0.970284	-0.642830	0.755951	0.123726	-0.761686	-0.613673	-0.207943
12683	9.506561	1.166110	-1.859323	0.003795	-0.010733	0.021637	-0.081398	-0.227835	0.970291	-0.642878	0.755935	0.123571	-0.761631	-0.613720	-0.208002
12684	9.522501	1.115827	-2.029108	0.016230	-0.011219	0.021694	-0.081597	-0.227763	0.970292	-0.642986	0.755878	0.123360	-0.761519	-0.613818	-0.208125
12685	9.493542	1.176125	-2.164149	0.024048	-0.011856	0.020129	-0.081755	-0.227710	0.970291	-0.643203	0.755726	0.123160	-0.761319	-0.614025	-0.208248
12686	9.473138	1.175915	-2.266929	0.025317	-0.008492	0.019108	-0.081916	-0.227640	0.970294	-0.643382	0.755607	0.122956	-0.761150	-0.614197	-0.208356
12687	9.477396	1.150419	-2.274953	0.057071	0.001105	0.014709	-0.081931	-0.227545	0.970315	-0.643824	0.755263	0.122751	-0.760774	-0.614655	-0.208378
12688	9.444639	1.324217	-2.194584	0.087408	0.009530	0.007014	-0.081877	-0.227456	0.970340	-0.644485	0.754734	0.122535	-0.760220	-0.615337	-0.208387
12689	9.420609	1.430673	-2.058437	0.053320	0.009063	0.011231	-0.081837	-0.227339	0.970371	-0.644850	0.754450	0.122368	-0.759916	-0.615729	-0.208341
12690	9.490305	1.285532	-1.975415	0.010678	-0.000366	0.018644	-0.081933	-0.227223	0.970390	-0.644918	0.754419	0.122199	-0.759847	-0.615810	-0.208352
12691	9.503533	1.178471	-1.880356	-0.004824	-0.000585	0.021546	-0.082007	-0.227086	0.970416	-0.644868	0.754484	0.122061	-0.759882	-0.615780	-0.208313
12692	9.479956	1.151054	-1.811918	-0.027101	-0.011727	0.021169	-0.082205	-0.227021	0.970414	-0.644647	0.754692	0.121945	-0.760048	-0.615550	-0.208388
12693	9.483929	1.133688	-1.843576	-0.031051	-0.020310	0.024469	-0.082462	-0.226987	0.970400	-0.644413	0.754911	0.121822	-0.760218	-0.615293	-0.208525
12694	9.487840	1.116352	-1.875462	-0.039007	-0.017703	0.023233	-0.082719	-0.226943	0.970389	-0.644100	0.755197	0.121711	-0.760456	-0.614959	-0.208644
12695	9.507130	1.170962	-1.962082	-0.042841	-0.027099	0.021761	-0.082989	-0.226966	0.970360	-0.643759	0.755496	0.121653	-0.760715	-0.614583	-0.208809
12696	9.514424	1.160283	-2.094898	-0.043111	-0.023631	0.019188	-0.083265	-0.226988	0.970331	-0.643418	0.755797	0.121590	-0.760974	-0.614204	-0.208980
12697	9.501746	1.235435	-2.098368	-0.033885	-0.022880	0.019396	-0.083581	-0.227016	0.970298	-0.643137	0.756052	0.121491	-0.761177	-0.613880	-0.209194
12698	9.505278	1.226160	-2.153967	-0.035307	-0.023814	0.014590	-0.083829	-0.227075	0.970263	-0.642858	0.756295	0.121457	-0.761385	-0.613559	-0.209376
12699	9.529112	1.229316	-2.154367	-0.032876	-0.016280	0.017317	-0.084017	-0.227066	0.970249	-0.642564	0.756552	0.121413	-0.761612	-0.613246	-0.209467
12700	9.481261	1.198798	-2.087692	-0.039169	-0.014813	0.014380	-0.084195	-0.227070	0.970232	-0.642255	0.756818	0.121390	-0.761853	-0.612916	-0.209557
12701	9.485313	1.167963	-2.072721	-0.035835	-0.017570	0.013989	-0.084363	-0.227098	0.970211	-0.641995	0.757040	0.121377	-0.762053	-0.612631	-0.209662
12702	9.461625	1.134138	-1.981968	-0.032631	-0.018823	0.013827	-0.084568	-0.227131	0.970185	-0.641737	0.757264	0.121346	-0.762248	-0.612342	-0.209799
12703	9.449500	1.187736	-1.915118	-0.023282	-0.019114	0.010775	-0.084736	-0.227195	0.970156	-0.641584	0.757396	0.121332	-0.762358	-0.612156	-0.209943
12704	9.457320	1.141301	-1.931450	-0.016618	-0.024396	0.008476	-0.084949	-0.227302	0.970112	-0.641453	0.757509	0.121319	-0.762445	-0.611975	-0.210153
12705	9.472903	1.190485	-1.918080	-0.007254	-0.025385	0.009963	-0.085182	-0.227415	0.970065	-0.641437	0.757531	0.121265	-0.762432	-0.611907	-0.210401
12706	9.444040	1.223564	-1.960811	-0.008675	-0.026547	0.006671	-0.085401	-0.227550	0.970014	-0.641368	0.757592	0.121252	-0.762466	-0.611781	-0.210642
12707	9.543533	1.230565	-2.013115	-0.005089	-0.032077	0.004303	-0.085599	-0.227739	0.969952	-0.641388	0.757571	0.121271	-0.762426	-0.611736	-0.210916
12708	9.597859	1.250988	-2.214227	0.010778	-0.017523	-0.001054	-0.085698	-0.227877	0.969911	-0.641474	0.757496	0.121292	-0.762343	-0.611778	-0.211093
12709	9.569023	1.284564	-2.256156	-0.009591	-0.015327	0.003747	-0.085780	-0.227966	0.969883	-0.641409	0.757545	0.121328	-0.762389	-0.611684	-0.211201
12710	9.496437	1.145767	-2.351327	-0.035090	-0.007492	0.009372	-0.085870	-0.227963	0.969876	-0.641136	0.757773	0.121346	-0.762608	-0.611402	-0.211225
12711	9.512227	1.203109	-2.358979	-0.046386	-0.001883	0.007037	-0.085902	-0.227948	0.969877	-0.640760	0.758079	0.121418	-0.762920	-0.611028	-0.211181
12712	9.461057	1.182060	-2.236685	-0.056145	0.003852	0.004736	-0.085876	-0.227911	0.969888	-0.640330	0.758426	0.121524	-0.763284	-0.610612	-0.211069
12713	9.457390	1.198498	-2.204844	-0.070376	0.007011	0.006643	-0.085791	-0.227848	0.969910	-0.639869	0.758794	0.121655	-0.763681	-0.610178	-0.210890
12714	9.453937	1.207708	-2.149456	-0.076541	0.006750	0.004994	-0.085744	-0.227791	0.969927	-0.639282	0.759265	0.121802	-0.764177	-0.609613	-0.210725
12715	9.435207	1.137474	-2.016672	-0.076668	0.008018	0.006738	-0.085721	-0.227731	0.969944	-0.638753	0.759691	0.121915	-0.764622	-0.609104	-0.210585
12716	9.476004	1.169841	-1.928644	-0.070143	0.004477	0.003144	-0.085680	-0.227702	0.969954	-0.638217	0.760118	0.122066	-0.765074	-0.608582	-0.210450
12717	9.500743	1.152193	-1.856700	-0.065384	0.002637	0.007548	-0.085659	-0.227663	0.969965	-0.637793	0.760458	0.122164	-0.765429	-0.608173	-0.210342
12718	9.441030	1.191468	-1.766417	-0.056812	-0.006551	0.001538	-0.085692	-0.227713	0.969950	-0.637360	0.760799	0.122303	-0.765787	-0.607727	-0.210330
12719	9.444729	1.176781	-1.797385	-0.054623	-0.014413	0.003422	-0.085806	-0.227803	0.969919	-0.636919	0.761148	0.122423	-0.766140	-0.607256	-0.210403
12720	9.484390	1.238397	-1.804630	-0.045000	-0.018416	0.004431	-0.085948	-0.227903	0.969883	-0.636573	0.761424	0.122509	-0.766412	-0.606872	-0.210520
12721	9.507414	1.272524	-1.897939	-0.041527	-0.023151	0.006817	-0.086187	-0.228016	0.969835	-0.636144	0.761773	0.122567	-0.766742	-0.606391	-0.210706
12722	9.442080	1.245165	-2.010729	-0.041267	-0.026393	0.007856	-0.086412	-0.228139	0.969786	-0.635823	0.762034	0.122612	-0.766982	-0.606017	-0.210905
12723	9.505767	1.168479	-2.063541	-0.015340	-0.021768	0.011922	-0.086647	-0.228210	0.969749	-0.635685	0.762158	0.122559	-0.767071	-0.605835	-0.211108
12724	9.473500	1.068052	-2.096818	0.048375	-0.004165	0.002876	-0.086670	-0.228236	0.969740	-0.636056	0.761863	0.122463	-0.766760	-0.606195	-0.211202
12725	9.374003	1.043742	-2.001309	0.106335	0.007483	-0.000969	-0.086566	-0.228224	0.969752	-0.636884	0.761199	0.122291	-0.766084	-0.607034	-0.211247
12726	9.329769	1.159643	-1.989149	0.160293	0.011486	-0.007615	-0.086403	-0.228235	0.969764	-0.638120	0.760200	0.122060	-0.765073	-0.608280	-0.211325
12727	9.316864	1.538572	-1.970991	0.142596	0.000046	-0.003373	-0.086415	-0.228290	0.969751	-0.639142	0.759381	0.121813	-0.764219	-0.609282	-0.211531
12728	9.489044	1.548328	-1.996829	0.048242	-0.021513	0.004825	-0.086583	-0.228407	0.969708	-0.639509	0.759090	0.121698	-0.763893	-0.609600	-0.211793
12729	9.452750	1.462968	-2.000506	0.007110	-0.030763	0.012323	-0.086867	-0.228524	0.969655	-0.639514	0.759100	0.121611	-0.763856	-0.609544	-0.212085
12730	9.428176	1.458053	-2.004601	-0.054028	-0.041615	0.019406	-0.087282	-0.228653	0.969587	-0.639086	0.759466	0.121571	-0.764167	-0.609039	-0.212417
12731	9.466960	1.250447	-2.151029	-0.073913	-0.044719	0.018753	-0.087668	-0.228808	0.969516	-0.638551	0.759912	0.121600	-0.764570	-0.608424	-0.212726
12732	9.513085	1.154213	-2.313824	-0.076913	-0.045054	0.009374	-0.088046	-0.229034	0.969428	-0.637957	0.760394	0.121707	-0.765022	-0.607738	-0.213063
12733	9.487295	1.032051	-2.433012	-0.071269	-0.038551	0.010435	-0.088381	-0.229216	0.969355	-0.637387	0.760857	0.121800	-0.765459	-0.607089	-0.213344
12734	9.454175	1.082596	-2.445132	-0.040824	-0.030484	-0.005108	-0.088554	-0.229462	0.969281	-0.637081	0.761085	0.121971	-0.765693	-0.606709	-0.213584
12735	9.334670	1.451547	-2.199978	-0.063641	-0.036044	-0.001511	-0.088774	-0.229724	0.969199	-0.636643	0.761421	0.122162	-0.766032	-0.606189	-0.213846
12736	9.347062	1.496024	-2.085888	-0.165288	-0.045503	0.014817	-0.089190	-0.229909	0.969117	-0.635366	0.762448	0.122406	-0.767044	-0.604826	-0.214079
12737	9.361302	1.346673	-1.854342	-0.199687	-0.042433	0.016582	-0.089582	-0.230063	0.969044	-0.633777	0.763718	0.122727	-0.768311	-0.603164	-0.214224
12738	9.212559	1.043309	-1.876628	-0.155216	-0.036413	0.011653	-0.089909	-0.230216	0.968977	-0.632576	0.764672	0.122981	-0.769262	-0.601895	-0.214380
12739	9.379414	0.804678	-2.010983	0.016326	-0.027483	-0.013589	-0.090031	-0.230513	0.968895	-0.632658	0.764582	0.123117	-0.769180	-0.601895	-0.214672
12740	9.558543	0.928044	-2.053504	0.158938	-0.024411	-0.046204	-0.089899	-0.231036	0.968783	-0.633924	0.763510	0.123257	-0.768153	-0.603054	-0.215099
12741	9.694156	0.849965	-2.059664	0.199591	-0.027342	-0.065011	-0.089657	-0.231724	0.968641	-0.635513	0.762148	0.123503	-0.766867	-0.604511	-0.215595
12742	9.614127	0.708009	-1.981873	0.149649	-0.042169	-0.066153	-0.089532	-0.232505	0.968465	-0.636722	0.761082	0.123854	-0.765878	-0.605554	-0.216183
12743	9.489390	0.692586	-1.914423	0.083372	-0.047425	-0.058105	-0.089538	-0.233269	0.968281	-0.637419	0.760433	0.124253	-0.765298	-0.606075	-0.216777
12744	9.374842	1.070697	-1.849624	-0.038899	-0.069004	-0.045180	-0.089751	-0.234053	0.968072	-0.637164	0.760555	0.124809	-0.765485	-0.605619	-0.217391
12745	9.424724	1.210345	-1.839163	-0.178399	-0.088270	-0.036602	-0.090158	-0.234898	0.967830	-0.635906	0.761481	0.125578	-0.766482	-0.604127	-0.218027
12746	9.445022	1.251919	-1.937436	-0.259510	-0.101383	-0.036024	-0.090681	-0.235807	0.967560	-0.633950	0.762954	0.126527	-0.768039	-0.601911	-0.218675
12747	9.563716	1.124548	-1.939668	-0.291218	-0.111820	-0.045633	-0.091284	-0.236850	0.967248	-0.631659	0.764668	0.127632	-0.769853	-0.599321	-0.219410
12748	9.667578	1.066765	-1.843298	-0.269459	-0.112621	-0.058116	-0.091758	-0.237991	0.966923	-0.629638	0.766134	0.128820	-0.771451	-0.596991	-0.220148
12749	9.643082	1.035272	-1.736862	-0.256302	-0.121660	-0.071985	-0.092223	-0.239295	0.966557	-0.627750	0.767464	0.130109	-0.772932	-0.594757	-0.220996
12750	9.608793	0.900306	-1.563065	-0.243307	-0.129156	-0.076312	-0.092718	-0.240671	0.966168	-0.625941	0.768718	0.131419	-0.774339	-0.592579	-0.221920
12751	9.515914	0.841528	-1.492626	-0.194043	-0.142978	-0.089365	-0.093282	-0.242232	0.965724	-0.624520	0.769648	0.132726	-0.775418	-0.590733	-0.223073
12752	9.519658	0.931405	-1.350067	-0.173689	-0.163692	-0.094355	-0.093937	-0.243947	0.965228	-0.623263	0.770436	0.134060	-0.776350	-0.588998	-0.224416
12753	9.498008	0.759893	-1.375530	-0.118246	-0.176931	-0.107406	-0.094722	-0.245839	0.964671	-0.622354	0.770943	0.135359	-0.776983	-0.587546	-0.226024
12754	9.463026	0.805478	-1.354377	-0.034338	-0.196045	-0.126159	-0.095434	-0.247986	0.964052	-0.622210	0.770825	0.136687	-0.777012	-0.586798	-0.227862
12755	9.459447	0.950462	-1.302445	0.030913	-0.214930	-0.137190	-0.096274	-0.250315	0.963366	-0.622495	0.770368	0.137959	-0.776680	-0.586409	-0.229986
12756	9.487861	1.170420	-1.073984	0.072079	-0.242865	-0.152884	-0.097181	-0.252940	0.962589	-0.623205	0.769553	0.139298	-0.775997	-0.586353	-0.232419
12757	9.724188	1.315858	-0.676632	0.032508	-0.288071	-0.144858	-0.098558	-0.255751	0.961706	-0.623506	0.769068	0.140624	-0.775582	-0.585770	-0.235260
12758	9.706459	1.220992	-0.253570	0.007723	-0.342839	-0.146227	-0.100278	-0.258906	0.960683	-0.623714	0.768638	0.142045	-0.775194	-0.584947	-0.238560
12759	9.436407	1.299616	0.286339	0.023261	-0.414996	-0.152333	-0.102561	-0.262507	0.959464	-0.624004	0.768139	0.143459	-0.774661	-0.583996	-0.242587
12760	9.268449	1.123771	0.547751	0.016090	-0.510817	-0.149860	-0.105555	-0.266661	0.957993	-0.624288	0.767641	0.144889	-0.774030	-0.582769	-0.247502
12761	9.233824	1.058710	0.626038	0.042855	-0.603396	-0.139509	-0.109334	-0.271235	0.956283	-0.624709	0.767060	0.146140	-0.773165	-0.581421	-0.253309
12762	9.288151	1.337328	0.806963	0.092094	-0.706275	-0.139141	-0.113894	-0.276427	0.954262	-0.625579	0.766135	0.147267	-0.771803	-0.580194	-0.260185
12763	9.556939	1.666821	0.718833	0.137517	-0.821062	-0.144053	-0.119327	-0.282276	0.951883	-0.626774	0.764963	0.148274	-0.770010	-0.578923	-0.268204
12764	10.508155	1.829269	-0.274217	0.249470	-0.903074	-0.160763	-0.125234	-0.288752	0.949178	-0.628892	0.763052	0.149155	-0.767341	-0.578251	-0.277154
12765	10.422220	2.914977	-0.551997	0.238470	-0.937660	-0.137136	-0.131597	-0.295183	0.946335	-0.630777	0.761373	0.149773	-0.764724	-0.577216	-0.286389
12766	10.330940	3.781104	-1.192880	-0.031735	-1.067551	-0.082046	-0.139211	-0.301974	0.943097	-0.630649	0.761301	0.150674	-0.763480	-0.573788	-0.296421
12767	10.180735	3.722689	-1.255508	-0.416774	-1.186686	0.005322	-0.148377	-0.308666	0.939526	-0.627344	0.763793	0.151857	-0.764476	-0.566874	-0.306969
12768	10.506903	2.906097	-1.556158	-0.579492	-1.267778	0.066321	-0.158468	-0.315315	0.935663	-0.622811	0.767250	0.153078	-0.766155	-0.558483	-0.317966
12769	10.891959	2.767807	-1.623040	-0.615671	-1.316587	0.102351	-0.169223	-0.321789	0.931566	-0.617857	0.771041	0.154102	-0.767864	-0.549497	-0.329298
12770	11.658033	3.343786	-1.218621	-0.695970	-1.365096	0.131566	-0.180503	-0.328229	0.927192	-0.612281	0.775249	0.155244	-0.769760	-0.539680	-0.340903
12771	12.191195	3.788710	-0.277700	-0.868116	-1.401062	0.159684	-0.192420	-0.334381	0.922586	-0.605059	0.780603	0.156726	-0.772579	-0.528061	-0.352524
12772	12.396839	3.533837	0.561666	-0.904308	-1.537784	0.168224	-0.205307	-0.341113	0.917328	-0.597732	0.785880	0.158456	-0.774962	-0.515785	-0.365241
12773	13.073964	3.179791	1.200070	-0.859890	-1.661080	0.171050	-0.219310	-0.348133	0.911431	-0.590520	0.790996	0.160040	-0.776653	-0.503120	-0.379053
12774	13.786829	2.399896	1.515614	-0.704168	-1.762779	0.145833	-0.233835	-0.355766	0.904849	-0.584726	0.794999	0.161469	-0.776799	-0.491331	-0.393924
12775	14.445682	1.299815	1.151988	-0.410608	-1.794436	0.095168	-0.248341	-0.363638	0.897828	-0.581183	0.797440	0.162223	-0.774953	-0.481516	-0.409377
12776	14.381677	1.331926	0.474757	0.067702	-1.763137	0.039180	-0.262165	-0.371787	0.890530	-0.581613	0.797248	0.161621	-0.770062	-0.475573	-0.425247
12777	13.799443	1.700739	-0.882045	0.396510	-1.743501	0.043412	-0.275727	-0.379644	0.883088	-0.584548	0.795529	0.159489	-0.763072	-0.472232	-0.441269
12778	12.912298	1.332868	-2.767072	0.623904	-1.682878	0.115518	-0.289151	-0.386686	0.875709	-0.588964	0.793018	0.155701	-0.754661	-0.470740	-0.457046
12779	11.638479	0.466309	-4.530500	0.733762	-1.582889	0.277793	-0.302606	-0.391873	0.868830	-0.593673	0.790634	0.149832	-0.745642	-0.470461	-0.471896
12780	10.353366	-0.192874	-6.306278	0.864476	-1.443909	0.425084	-0.315814	-0.395343	0.862535	-0.598772	0.788223	0.142044	-0.736025	-0.471602	-0.485652
12781	9.537484	0.026951	-6.760445	0.807215	-1.265823	0.580456	-0.328489	-0.396695	0.857163	-0.602844	0.786687	0.133052	-0.727100	-0.473029	-0.497563
12782	8.735076	0.045066	-7.729304	0.514463	-1.078656	0.789915	-0.341037	-0.395603	0.852755	-0.603933	0.787371	0.123743	-0.720388	-0.472806	-0.507441
12783	7.907304	0.171355	-7.985814	0.186749	-0.855985	0.890132	-0.352487	-0.392569	0.849496	-0.602225	0.789974	0.115177	-0.716295	-0.470989	-0.514870
12784	7.177435	-0.064951	-7.872171	-0.185578	-0.651951	0.940042	-0.362767	-0.388203	0.847171	-0.597546	0.794502	0.108192	-0.715079	-0.466975	-0.520188
12785	6.099218	-0.261673	-7.492270	-0.488446	-0.408067	0.954791	-0.371295	-0.382437	0.846098	-0.590586	0.800423	0.102624	-0.716483	-0.461590	-0.523055
12786	5.537900	-0.817634	-6.963386	-0.687614	-0.259424	0.862925	-0.378194	-0.376715	0.845609	-0.582427	0.806837	0.098955	-0.719547	-0.455081	-0.524551
12787	5.224823	-1.247178	-5.937371	-0.763869	0.019971	0.773326	-0.382454	-0.370325	0.846515	-0.574027	0.813144	0.096382	-0.724032	-0.449061	-0.523567
12788	4.932827	-2.060340	-6.444223	-0.605520	0.184165	0.674148	-0.384940	-0.364027	0.848119	-0.567055	0.818314	0.093863	-0.728196	-0.444799	-0.521425
12789	4.861463	-2.062431	-6.612096	-0.382657	0.362196	0.540073	-0.385288	-0.357946	0.850546	-0.562222	0.821939	0.091227	-0.731751	-0.443046	-0.517928
12790	5.437110	-1.206248	-5.533491	-0.360565	0.643859	0.423877	-0.382913	-0.351630	0.854245	-0.557959	0.825028	0.089500	-0.736247	-0.442363	-0.512109
12791	4.963282	-1.138103	-4.846732	-0.352474	0.891684	0.383740	-0.378400	-0.344471	0.859158	-0.553942	0.827895	0.087964	-0.741594	-0.442638	-0.504092
12792	5.306162	-0.990539	-4.491578	-0.303537	1.141730	0.343278	-0.371771	-0.336588	0.865156	-0.550406	0.830399	0.086548	-0.747556	-0.444011	-0.493978
12793	5.134663	-0.958884	-4.203171	-0.232315	1.359120	0.301177	-0.363156	-0.327997	0.872087	-0.547628	0.832391	0.085023	-0.753804	-0.446702	-0.481908
12794	5.379373	-0.887309	-4.368710	-0.092923	1.565053	0.251341	-0.352662	-0.318904	0.879733	-0.546037	0.833610	0.083293	-0.759917	-0.450992	-0.468116
12795	5.380294	-0.688116	-4.385821	0.036178	1.749859	0.194696	-0.340306	-0.309305	0.887987	-0.545728	0.834003	0.081360	-0.765750	-0.456912	-0.452613
12796	5.755744	-0.538054	-4.589418	0.144232	1.875714	0.138259	-0.326623	-0.299542	0.896433	-0.546386	0.833750	0.079516	-0.771220	-0.463827	-0.435988
12797	5.952648	-0.038768	-4.843738	0.263222	1.993801	0.067325	-0.311495	-0.289621	0.905036	-0.548311	0.832653	0.077741	-0.776097	-0.472025	-0.418170
12798	6.217536	0.697627	-4.664762	0.350645	2.109651	-0.004717	-0.295025	-0.279632	0.913655	-0.551064	0.830960	0.076381	-0.780569	-0.480949	-0.399249
12799	6.555197	0.900888	-4.290814	0.362777	2.194661	-0.015036	-0.277690	-0.269076	0.922218	-0.554061	0.829084	0.075069	-0.784796	-0.490119	-0.379313
12800	7.006594	0.583491	-4.467872	0.483359	2.288233	-0.028775	-0.259507	-0.258008	0.930638	-0.557949	0.826606	0.073583	-0.788257	-0.500153	-0.358466
12801	7.562497	0.793777	-4.243861	0.652491	2.360057	-0.064745	-0.240448	-0.246579	0.938820	-0.563378	0.823066	0.071886	-0.790437	-0.511626	-0.336822
12802	8.349726	1.446205	-4.263614	0.808924	2.411951	-0.110290	-0.220721	-0.235017	0.946599	-0.570039	0.818603	0.070322	-0.791415	-0.524076	-0.314651
12803	8.327204	2.790895	-4.142484	0.848920	2.469189	-0.139210	-0.200316	-0.223031	0.954008	-0.577163	0.813705	0.069042	-0.791679	-0.536788	-0.291723
12804	8.372821	3.730478	-3.606430	0.689344	2.374804	-0.082573	-0.181004	-0.210848	0.960615	-0.582787	0.809781	0.067930	-0.792210	-0.547538	-0.269453
12805	8.980533	3.553990	-3.645369	0.440211	2.282895	-0.016119	-0.162748	-0.198369	0.966521	-0.586411	0.807243	0.066936	-0.793496	-0.555885	-0.247703
12806	9.445800	3.043946	-3.363809	0.269141	2.217542	0.018125	-0.145212	-0.185847	0.971789	-0.588527	0.805767	0.066154	-0.795330	-0.562318	-0.226383
12807	9.576816	2.661392	-2.574020	0.027421	2.108854	0.042291	-0.128600	-0.173592	0.976385	-0.588781	0.805620	0.065683	-0.797997	-0.566430	-0.205810
12808	9.754340	1.310993	-2.938509	-0.202786	1.966605	0.056549	-0.113178	-0.162003	0.980278	-0.587095	0.806859	0.065560	-0.801568	-0.568096	-0.186430
12809	9.737622	0.438544	-3.373822	-0.124693	1.888444	-0.001753	-0.097948	-0.151260	0.983629	-0.586193	0.807495	0.065803	-0.804229	-0.570151	-0.167760
12810	9.902243	1.914823	-2.807737	-0.161100	1.729625	-0.057977	-0.083651	-0.141879	0.986343	-0.584951	0.808324	0.066663	-0.806743	-0.571386	-0.150609
12811	9.442592	2.873762	-1.759901	-0.655141	1.497732	-0.061174	-0.071125	-0.133827	0.988449	-0.579783	0.811911	0.068206	-0.811661	-0.568235	-0.135338
12812	8.154554	0.727284	-2.069329	-1.148858	1.166421	0.004448	-0.061615	-0.127231	0.989957	-0.570415	0.818396	0.069679	-0.819042	-0.560394	-0.123000
12813	7.113542	-1.874584	-3.222847	-0.794046	0.911816	-0.016855	-0.053984	-0.122273	0.991027	-0.563959	0.822763	0.070792	-0.824036	-0.555078	-0.113373
12814	6.909461	-2.000534	-3.020690	-0.016470	0.716710	-0.235981	-0.046721	-0.120257	0.991643	-0.563945	0.822563	0.073182	-0.824490	-0.555813	-0.106249
12815	6.856623	-0.434495	-2.575111	0.613098	0.500319	-0.344724	-0.040609	-0.120276	0.991910	-0.569200	0.818682	0.075968	-0.821196	-0.561510	-0.101707
12816	6.779378	1.159739	-3.262860	0.841365	0.225989	-0.370080	-0.036614	-0.122042	0.991849	-0.576234	0.813475	0.078822	-0.816464	-0.568651	-0.100109
12817	6.358196	1.241255	-3.810197	0.883554	-0.048476	-0.313454	-0.035151	-0.124851	0.991553	-0.583588	0.807995	0.081049	-0.811289	-0.575809	-0.101264
12818	5.713545	0.272005	-5.035022	1.175566	-0.270946	-0.286891	-0.035627	-0.128753	0.991036	-0.593188	0.800804	0.082714	-0.804276	-0.584924	-0.104905
12819	6.418673	0.714218	-4.771848	1.369808	-0.418254	-0.371180	-0.036716	-0.134179	0.990277	-0.604315	0.792205	0.084935	-0.795899	-0.595321	-0.110172
12820	6.798042	0.188194	-4.106986	1.274165	-0.425487	-0.354271	-0.037900	-0.139546	0.989490	-0.614540	0.784070	0.087037	-0.787975	-0.604782	-0.115473
12821	10.500393	1.384589	-1.927068	1.311807	-0.262198	-0.448258	-0.037147	-0.144649	0.988785	-0.625010	0.775416	0.089955	-0.779732	-0.614659	-0.119211
12822	15.802059	3.558108	3.003631	0.983572	0.126746	-0.512755	-0.032911	-0.147845	0.988463	-0.632831	0.768577	0.093886	-0.773591	-0.622440	-0.118855
12823	20.039607	5.415332	6.843859	0.543911	0.295173	-0.299882	-0.028695	-0.148307	0.988525	-0.637142	0.764715	0.096234	-0.770212	-0.627070	-0.116436
12824	21.202499	7.779309	4.496545	0.603420	-0.154893	-0.174286	-0.028743	-0.150631	0.988172	-0.641830	0.760652	0.097280	-0.766308	-0.631442	-0.118543
12825	11.164818	3.616156	1.114188	0.246408	-0.611077	0.205045	-0.034694	-0.152933	0.987627	-0.643683	0.759376	0.094977	-0.764505	-0.632424	-0.124787
12826	7.173567	-1.060815	-3.497850	0.757559	-1.203064	0.336901	-0.046011	-0.158034	0.986361	-0.649320	0.755088	0.090691	-0.759122	-0.636292	-0.137357
12827	8.485734	3.675505	-3.211719	1.349379	-0.956240	-0.314744	-0.051115	-0.166524	0.984712	-0.659711	0.745880	0.091891	-0.749779	-0.644928	-0.147984
12828	8.576475	3.799734	-4.266348	0.529426	-0.904594	0.189883	-0.059109	-0.170976	0.983501	-0.663568	0.742774	0.089246	-0.745777	-0.647344	-0.157358
12829	8.811103	-0.990972	-8.930239	0.638025	-0.728068	0.384404	-0.067036	-0.172870	0.982661	-0.668102	0.739259	0.084474	-0.741044	-0.650854	-0.165052
12830	8.749801	-1.563747	-10.103560	1.231800	-0.285860	0.001361	-0.069124	-0.174753	0.982183	-0.677180	0.731185	0.082436	-0.732564	-0.659416	-0.168881
12831	9.530146	1.680747	-8.152748	1.028925	-0.142231	-0.124911	-0.069273	-0.176639	0.981835	-0.684791	0.724116	0.081958	-0.725440	-0.666674	-0.171123
12832	9.805522	2.183961	-6.188758	0.280303	-0.147701	0.100384	-0.071004	-0.176918	0.981661	-0.686754	0.722416	0.080523	-0.723414	-0.668442	-0.172793
12833	10.206854	1.364690	-4.616301	-0.017435	-0.005984	0.129759	-0.071912	-0.176072	0.981747	-0.686530	0.722760	0.079336	-0.723536	-0.668294	-0.172854
12834	9.513821	1.659994	-2.855476	0.323917	0.147908	0.101635	-0.071514	-0.174367	0.982080	-0.688801	0.720763	0.077812	-0.721415	-0.670893	-0.171649
12835	9.493759	3.665507	-0.901922	0.443347	0.185835	0.086687	-0.070755	-0.172550	0.982456	-0.691904	0.717950	0.076265	-0.718514	-0.674370	-0.170187
12836	9.695462	2.965303	-0.676013	0.162228	0.070472	0.261401	-0.072031	-0.170218	0.982770	-0.692886	0.717296	0.073453	-0.717441	-0.675657	-0.169609
12837	9.335688	0.994885	-1.602166	0.351605	0.084649	0.278411	-0.073340	-0.167711	0.983105	-0.695156	0.715424	0.070188	-0.715108	-0.678263	-0.169054
12838	9.301547	0.720685	-0.754577	0.468859	0.058211	0.228415	-0.074487	-0.165703	0.983359	-0.698335	0.712611	0.067182	-0.711884	-0.681710	-0.168796
12839	9.619517	-0.016342	-0.522191	0.345159	0.013596	0.237749	-0.076031	-0.163979	0.983529	-0.700586	0.710662	0.064327	-0.709506	-0.684156	-0.168914
12840	9.804776	-0.897419	-1.227632	0.279250	-0.000141	0.254003	-0.077785	-0.162195	0.983688	-0.702372	0.709158	0.061389	-0.707547	-0.686140	-0.169083
12841	9.674692	-0.275483	-1.515166	0.243026	0.005871	0.219545	-0.079262	-0.160654	0.983823	-0.703902	0.707853	0.058879	-0.705861	-0.687848	-0.169191
12842	9.829727	-0.020201	-2.022098	0.034342	-0.025273	0.215365	-0.080928	-0.159322	0.983904	-0.703975	0.707955	0.056735	-0.705599	-0.688052	-0.169452
12843	9.811895	-0.227131	-2.465668	0.015649	-0.012243	0.197645	-0.082382	-0.158059	0.983987	-0.703904	0.708176	0.054823	-0.705501	-0.688116	-0.169599
12844	9.913696	0.017528	-2.578631	0.062329	-0.000847	0.160417	-0.083489	-0.156948	0.984072	-0.704214	0.707994	0.053171	-0.705062	-0.688558	-0.169634
12845	10.188904	0.395031	-2.252538	0.151617	0.013761	0.131116	-0.084291	-0.155978	0.984157	-0.705160	0.707162	0.051682	-0.704020	-0.689632	-0.169597
12846	10.125895	0.471039	-1.885057	0.253408	0.028101	0.096051	-0.084743	-0.155124	0.984254	-0.706864	0.705556	0.050340	-0.702255	-0.691467	-0.169443
12847	9.969978	0.083038	-1.870693	0.327359	0.036059	0.076285	-0.085006	-0.154390	0.984346	-0.709079	0.703418	0.049093	-0.699986	-0.693806	-0.169270
12848	9.852395	-0.073274	-1.727731	0.426707	0.058151	0.052651	-0.084946	-0.153635	0.984470	-0.712018	0.700526	0.047886	-0.697004	-0.696893	-0.168897
12849	9.707285	0.313286	-1.674871	0.391987	0.048983	0.047430	-0.084919	-0.153012	0.984569	-0.714691	0.697872	0.046815	-0.694267	-0.699687	-0.168619
12850	9.360499	0.630182	-1.775951	0.307471	0.048819	0.046014	-0.084882	-0.152368	0.984672	-0.716786	0.695782	0.045876	-0.692108	-0.701905	-0.168274
12851	9.545723	0.825033	-1.275070	0.124525	0.013416	0.063955	-0.085221	-0.151882	0.984718	-0.717592	0.695003	0.045094	-0.691230	-0.702783	-0.168218
12852	9.847985	0.135488	-1.042989	-0.062764	-0.023252	0.077039	-0.085905	-0.151528	0.984713	-0.717095	0.695555	0.044473	-0.691661	-0.702312	-0.168411
12853	9.815554	-0.471551	-1.065501	-0.017383	-0.026535	0.058317	-0.086479	-0.151359	0.984689	-0.716925	0.695761	0.043984	-0.691766	-0.702144	-0.168682
12854	9.840567	-0.468494	-1.090918	0.098808	-0.046846	0.018890	-0.086910	-0.151575	0.984618	-0.717595	0.695091	0.043664	-0.691017	-0.702762	-0.169180
12855	9.861879	-0.184515	-1.138414	0.154299	-0.061067	-0.008224	-0.087242	-0.152109	0.984506	-0.718679	0.693978	0.043536	-0.689848	-0.703745	-0.169861
12856	9.696305	0.070444	-1.279613	0.148349	-0.081259	-0.025696	-0.087589	-0.152877	0.984356	-0.719727	0.692889	0.043569	-0.688710	-0.704651	-0.170719
12857	9.471219	0.529370	-0.939396	0.160137	-0.098891	-0.026963	-0.088047	-0.153804	0.984171	-0.720851	0.691717	0.043610	-0.687475	-0.705601	-0.171773
12858	9.354934	0.903593	-0.612181	0.119402	-0.122991	-0.007505	-0.088809	-0.154742	0.983955	-0.721681	0.690857	0.043511	-0.686505	-0.706237	-0.173029
12859	9.158835	0.826411	-0.203973	0.073976	-0.177390	0.021332	-0.090153	-0.155888	0.983652	-0.722167	0.690367	0.043221	-0.685818	-0.706465	-0.174816
12860	9.335834	0.370799	0.048214	0.117150	-0.242209	0.035134	-0.092038	-0.157375	0.983241	-0.722941	0.689589	0.042702	-0.684752	-0.706895	-0.177241
12861	9.482297	0.107866	0.452819	0.185740	-0.311317	0.027775	-0.094338	-0.159422	0.982693	-0.724185	0.688317	0.042144	-0.683122	-0.707676	-0.180385
12862	9.732836	-0.062961	0.275322	0.252898	-0.385481	0.024455	-0.097116	-0.162002	0.982000	-0.725890	0.686559	0.041475	-0.680920	-0.708796	-0.184271
12863	9.401430	0.709979	0.287805	0.301395	-0.435842	0.034980	-0.100299	-0.164883	0.981200	-0.727913	0.684466	0.040612	-0.678294	-0.710155	-0.188672
12864	9.246118	1.373259	0.454026	0.107602	-0.530038	0.075659	-0.104412	-0.168147	0.980217	-0.728568	0.683822	0.039696	-0.676969	-0.710010	-0.193906
12865	9.533520	0.752506	-0.046757	-0.129775	-0.608900	0.108068	-0.109281	-0.171752	0.979060	-0.727606	0.684890	0.038933	-0.677235	-0.708115	-0.199813
12866	9.492939	-0.031287	-0.692485	-0.131183	-0.642689	0.108012	-0.114391	-0.175574	0.977798	-0.726600	0.685999	0.038175	-0.677471	-0.706101	-0.206044
12867	9.504620	-0.387360	-0.893446	-0.080324	-0.700510	0.082033	-0.119694	-0.179970	0.976363	-0.725976	0.686693	0.037578	-0.677224	-0.704318	-0.212847
12868	10.159690	-0.553029	-2.025104	0.023756	-0.718268	0.033983	-0.124772	-0.184810	0.974822	-0.726099	0.686582	0.037227	-0.676175	-0.703172	-0.219857
12869	10.315968	-0.064348	-3.196377	0.122431	-0.665910	-0.012785	-0.129138	-0.189595	0.973333	-0.726961	0.685675	0.037112	-0.674426	-0.702783	-0.226375
12870	9.788142	0.487563	-4.277766	0.030551	-0.614169	-0.010263	-0.133173	-0.193996	0.971921	-0.727185	0.685434	0.037174	-0.673400	-0.701816	-0.232353
12871	9.802258	0.383559	-4.804188	-0.300931	-0.615708	0.002672	-0.137305	-0.198310	0.970474	-0.725176	0.687520	0.037891	-0.674735	-0.698562	-0.238210
12872	9.852880	-0.361314	-4.751691	-0.310769	-0.518820	-0.022362	-0.140619	-0.202098	0.969218	-0.723113	0.689634	0.038888	-0.676265	-0.695385	-0.243115
12873	9.687416	0.086708	-3.596843	-0.132528	-0.411039	-0.076005	-0.142817	-0.205501	0.968180	-0.722330	0.690392	0.039988	-0.676641	-0.693634	-0.247039
12874	9.686352	0.498706	-1.920511	-0.062105	-0.383097	-0.106067	-0.144614	-0.208907	0.967184	-0.722067	0.690595	0.041201	-0.676540	-0.692413	-0.250715
12875	9.865989	0.006325	-0.393331	-0.078177	-0.402435	-0.121617	-0.146425	-0.212557	0.966115	-0.721728	0.690863	0.042613	-0.676511	-0.691033	-0.254568
12876	9.824435	0.126217	1.324166	-0.021591	-0.491372	-0.139828	-0.148710	-0.216934	0.964793	-0.721794	0.690705	0.044050	-0.675943	-0.689831	-0.259296
12877	9.696099	0.286942	2.868167	-0.221191	-0.661043	-0.113636	-0.152322	-0.222288	0.963009	-0.720492	0.691952	0.045758	-0.676528	-0.686870	-0.265556
12878	9.681459	-0.312868	2.656075	-0.376950	-0.850601	-0.097343	-0.157353	-0.228804	0.960671	-0.718095	0.694305	0.047743	-0.677923	-0.682341	-0.273554
12879	9.723273	-0.420556	1.994863	-0.369746	-0.997045	-0.104435	-0.163320	-0.236314	0.957853	-0.715797	0.696531	0.049794	-0.678941	-0.677496	-0.282910
12880	9.644217	-0.047714	0.548854	-0.302812	-1.116794	-0.116881	-0.170040	-0.244687	0.954576	-0.713941	0.698286	0.051816	-0.679245	-0.672700	-0.293429
12881	9.405784	0.444187	-0.770027	-0.274802	-1.197834	-0.123308	-0.177241	-0.253570	0.950940	-0.712344	0.699763	0.053823	-0.679081	-0.667857	-0.304656
12882	9.325415	0.659268	-2.312710	-0.251414	-1.250290	-0.126948	-0.184797	-0.262797	0.946989	-0.710873	0.701100	0.055840	-0.678608	-0.662870	-0.316377
12883	9.289010	1.084810	-3.144144	-0.242433	-1.259680	-0.124150	-0.192402	-0.271977	0.942873	-0.709522	0.702309	0.057800	-0.677908	-0.657868	-0.328100
12884	9.451990	1.246442	-3.804357	-0.279784	-1.258629	-0.113431	-0.200100	-0.281040	0.938604	-0.707855	0.703819	0.059833	-0.677422	-0.652423	-0.339769
12885	9.709999	1.112379	-3.991822	-0.288588	-1.238218	-0.097318	-0.207742	-0.289758	0.934282	-0.706143	0.705372	0.061750	-0.676909	-0.646909	-0.351146
12886	9.728121	0.784643	-4.092319	-0.314047	-1.209408	-0.096084	-0.215220	-0.298245	0.929909	-0.704228	0.707102	0.063797	-0.676567	-0.641137	-0.362215
12887	9.864192	0.978783	-4.324733	-0.253186	-1.205134	-0.137108	-0.222357	-0.306895	0.925404	-0.702842	0.708277	0.066009	-0.675700	-0.635736	-0.373189
12888	9.657309	1.315478	-4.013828	-0.182310	-1.169575	-0.163331	-0.229077	-0.315478	0.920868	-0.701988	0.708912	0.068237	-0.674342	-0.630807	-0.383857
12889	9.289996	1.059812	-3.825102	-0.089094	-1.166087	-0.181513	-0.235605	-0.324091	0.916218	-0.701841	0.708860	0.070265	-0.672242	-0.626485	-0.394471
12890	9.059533	0.920235	-3.653629	0.002070	-1.168801	-0.227044	-0.241823	-0.333019	0.911384	-0.702405	0.708090	0.072362	-0.669439	-0.622662	-0.405147
12891	9.341443	0.434566	-3.840231	0.117764	-1.181892	-0.278156	-0.247714	-0.342319	0.906342	-0.703890	0.706399	0.074420	-0.665715	-0.619530	-0.415940
12892	10.142190	0.255371	-3.849834	0.246706	-1.193644	-0.348167	-0.253149	-0.352173	0.901049	-0.706407	0.703653	0.076557	-0.660987	-0.617128	-0.426907
12893	10.835041	0.996269	-3.420781	0.362849	-1.184434	-0.392110	-0.258125	-0.362214	0.895641	-0.709815	0.699997	0.078522	-0.655388	-0.615471	-0.437792
12894	11.049059	1.421124	-2.785831	0.289718	-1.197155	-0.379790	-0.263211	-0.372240	0.890033	-0.712706	0.696810	0.080659	-0.650208	-0.613101	-0.448705
12895	11.035484	1.495502	-2.558761	0.219443	-1.199145	-0.338243	-0.268516	-0.381914	0.884331	-0.715050	0.694168	0.082673	-0.645448	-0.610141	-0.459483
12896	10.665108	1.833426	-2.203840	0.119080	-1.233020	-0.319320	-0.274135	-0.391645	0.878330	-0.716692	0.692195	0.084962	-0.641251	-0.606201	-0.470444
12897	10.389359	1.645600	-1.617472	-0.041013	-1.309040	-0.290511	-0.280382	-0.401532	0.871870	-0.717244	0.691280	0.087707	-0.637924	-0.600752	-0.481819
12898	10.039383	0.907105	-1.405908	-0.059666	-1.385258	-0.283075	-0.287135	-0.411787	0.864861	-0.717678	0.690472	0.090484	-0.634423	-0.594710	-0.493789
12899	10.036663	1.077648	-1.395734	0.081883	-1.479800	-0.303748	-0.294256	-0.422613	0.857211	-0.719096	0.688701	0.092691	-0.629535	-0.589142	-0.506554
12900	10.365705	1.938811	-1.205733	0.149638	-1.588722	-0.323849	-0.301851	-0.434172	0.848752	-0.721009	0.686422	0.094713	-0.623724	-0.583369	-0.520240
12901	10.760510	3.262368	-0.517282	0.094750	-1.692687	-0.308904	-0.310070	-0.446077	0.839566	-0.722573	0.684481	0.096816	-0.617855	-0.576628	-0.534561
12902	11.175250	4.370297	0.501893	-0.171366	-1.837755	-0.192406	-0.319965	-0.457923	0.829415	-0.722135	0.684576	0.099378	-0.613305	-0.567152	-0.549723
12903	11.605833	4.157989	0.431969	-0.452987	-1.988979	-0.026246	-0.331895	-0.469213	0.818343	-0.719456	0.686990	0.102110	-0.610105	-0.554872	-0.565587
12904	11.603907	4.190653	0.554041	-0.582919	-2.095547	0.109656	-0.345408	-0.479959	0.806432	-0.715549	0.690688	0.104591	-0.607193	-0.540915	-0.582003
12905	12.209411	4.524197	0.098042	-0.808707	-2.213931	0.254833	-0.360601	-0.489926	0.793688	-0.709743	0.696239	0.107311	-0.605171	-0.524618	-0.598786
12906	11.666430	3.477665	-0.474901	-1.183984	-2.274732	0.416975	-0.377281	-0.498737	0.780334	-0.701053	0.704379	0.111242	-0.605132	-0.505085	-0.615389
12907	11.870047	1.656432	-2.174187	-1.228699	-2.339595	0.482493	-0.394777	-0.506804	0.766355	-0.691712	0.712934	0.115151	-0.604720	-0.484639	-0.632012
12908	12.084911	0.596618	-3.887538	-1.064065	-2.305410	0.518214	-0.412231	-0.514060	0.752202	-0.683211	0.720616	0.118052	-0.602734	-0.465248	-0.648271
12909	11.395830	-0.085222	-5.693762	-0.956687	-2.227382	0.577998	-0.429553	-0.519912	0.738361	-0.674953	0.728041	0.119981	-0.599936	-0.446820	-0.663648
12910	10.317416	-0.243888	-7.041431	-0.824312	-2.128150	0.621700	-0.446426	-0.524712	0.724832	-0.667315	0.734883	0.120986	-0.596149	-0.429680	-0.678219
12911	9.984998	0.751944	-7.702496	-0.927759	-2.012216	0.690618	-0.462995	-0.527937	0.711981	-0.658557	0.742521	0.122329	-0.593243	-0.412243	-0.691461
12912	9.099369	-0.058000	-8.545191	-1.236421	-1.795327	0.814422	-0.478935	-0.529107	0.700476	-0.647405	0.751789	0.125218	-0.592864	-0.393521	-0.702605
12913	8.146574	-1.216855	-8.880739	-1.152538	-1.525118	0.923766	-0.493908	-0.527864	0.690952	-0.636009	0.761179	0.126882	-0.592915	-0.376783	-0.711679
12914	7.429103	-1.775165	-9.422778	-0.892409	-1.169571	0.934466	-0.506713	-0.525066	0.683775	-0.626061	0.769386	0.126862	-0.592697	-0.363802	-0.718581
12915	6.540609	-1.358920	-9.795401	-0.581166	-0.775269	0.902814	-0.516924	-0.520747	0.679420	-0.617932	0.776259	0.124829	-0.592411	-0.355308	-0.723053
12916	5.545299	0.556827	-10.711205	-0.556661	-0.549782	0.885488	-0.525594	-0.515801	0.676535	-0.610035	0.782788	0.122880	-0.592966	-0.348125	-0.726086
12917	6.205630	2.347946	-9.553260	-1.275529	-0.421772	0.871567	-0.533365	-0.510263	0.674651	-0.597768	0.791675	0.126189	-0.598494	-0.335980	-0.727271
