// General information: 
//  MT Manager version: 2022.2.0 
//  XDA version: 2022.2.0 build 7381 rev 124627 built on 2023-07-19
// Device information: 
//  DeviceId: 00B4CAF0
//  ProductCode: MTW2-3A7G6
//  Firmware Version: 4.6.0
//  Hardware Version: 2.0.0
// Device settings: 
//  Filter Profile: human(46.1)
//  Option Flags: Orientation Smoother Disabled, Position/Velocity Smoother Disabled, Continuous Zero Rotation Update Disabled, AHS Disabled, ICC Disabled
// Coordinate system: ENU
PacketCounter	Acc_X	Acc_Y	Acc_Z	Gyr_X	Gyr_Y	Gyr_Z	Mat[1][1]	Mat[2][1]	Mat[3][1]	Mat[1][2]	Mat[2][2]	Mat[3][2]	Mat[1][3]	Mat[2][3]	Mat[3][3]
08348	5.376578	1.166206	8.703685	0.048018	0.021196	-0.001971	0.728967	0.463346	0.503902	-0.586857	0.801970	0.111548	-0.352429	-0.377033	0.856528
08349	5.321675	1.123262	8.736235	0.018730	0.015924	0.002779	0.728814	0.463687	0.503809	-0.587231	0.801681	0.111656	-0.352121	-0.377229	0.856568
08350	5.348179	1.098368	8.706654	0.032568	0.009386	0.004270	0.728834	0.463764	0.503710	-0.587375	0.801540	0.111917	-0.351841	-0.377435	0.856592
08351	5.387519	1.126176	8.680623	0.015247	0.010285	0.007665	0.728939	0.463691	0.503625	-0.587294	0.801585	0.112016	-0.351758	-0.377429	0.856629
08352	5.347427	1.067697	8.697851	0.014928	0.005257	0.011293	0.728903	0.463809	0.503569	-0.587427	0.801477	0.112090	-0.351611	-0.377513	0.856653
08353	5.361834	1.096732	8.725654	0.012920	0.002480	0.008666	0.728680	0.464137	0.503590	-0.587814	0.801188	0.112130	-0.351426	-0.377724	0.856635
08354	5.360455	1.088306	8.692175	0.004848	-0.001553	0.013626	0.728606	0.464247	0.503595	-0.587928	0.801108	0.112106	-0.351389	-0.377758	0.856636
08355	5.346977	1.101423	8.707007	0.001955	-0.002292	0.011327	0.728529	0.464323	0.503637	-0.588017	0.801047	0.112070	-0.351400	-0.377793	0.856616
08356	5.349432	1.076413	8.730910	0.002300	-0.004157	0.009485	0.728470	0.464390	0.503660	-0.588092	0.800996	0.112045	-0.351397	-0.377820	0.856605
08357	5.331246	1.096814	8.654680	-0.000792	-0.006498	0.012458	0.728423	0.464389	0.503729	-0.588096	0.801002	0.111977	-0.351487	-0.377808	0.856573
08358	5.334037	1.071361	8.678429	-0.003146	-0.007409	0.011673	0.728340	0.464462	0.503782	-0.588168	0.800961	0.111894	-0.351540	-0.377805	0.856553
08359	5.363516	1.085217	8.690674	-0.005011	-0.013653	0.012475	0.728156	0.464574	0.503945	-0.588330	0.800855	0.111797	-0.351649	-0.377892	0.856470
08360	5.336126	1.069455	8.677381	-0.002335	-0.007714	0.009631	0.728083	0.464629	0.503998	-0.588390	0.800820	0.111732	-0.351698	-0.377898	0.856447
08361	5.336463	1.102157	8.686197	0.001785	-0.010880	0.009757	0.728055	0.464572	0.504092	-0.588359	0.800848	0.111699	-0.351809	-0.377910	0.856396
08362	5.337717	1.101081	8.685562	-0.011340	-0.014867	0.014995	0.727926	0.464643	0.504213	-0.588426	0.800822	0.111529	-0.351964	-0.377877	0.856347
08363	5.324859	1.037729	8.647955	-0.012835	-0.010923	0.012097	0.727710	0.464848	0.504336	-0.588620	0.800710	0.111307	-0.352087	-0.377862	0.856303
08364	5.341150	1.031690	8.665871	0.000436	-0.010405	0.010287	0.727624	0.464898	0.504414	-0.588694	0.800662	0.111261	-0.352140	-0.377902	0.856264
08365	5.359818	0.968092	8.698660	-0.007461	-0.005938	0.008193	0.727561	0.464907	0.504496	-0.588706	0.800666	0.111170	-0.352249	-0.377883	0.856227
08366	5.358053	0.992609	8.674407	0.012730	0.000777	0.005304	0.727544	0.464959	0.504473	-0.588788	0.800594	0.111255	-0.352149	-0.377970	0.856230
08367	5.341702	1.064441	8.674566	0.003973	0.000389	0.005326	0.727547	0.464982	0.504448	-0.588785	0.800602	0.111218	-0.352148	-0.377927	0.856249
08368	5.370456	1.046280	8.678122	0.006649	0.006328	0.002480	0.727566	0.465033	0.504373	-0.588824	0.800566	0.111265	-0.352043	-0.377940	0.856287
08369	5.355839	1.093534	8.702553	0.009492	0.001905	0.004850	0.727703	0.464838	0.504354	-0.588626	0.800703	0.111327	-0.352089	-0.377889	0.856290
08370	5.356325	1.060620	8.693241	0.003433	0.000563	0.003812	0.727695	0.464877	0.504331	-0.588664	0.800674	0.111340	-0.352045	-0.377903	0.856302
08371	5.367404	1.105253	8.663484	0.008143	0.002382	0.005380	0.727598	0.465010	0.504347	-0.588825	0.800552	0.111359	-0.351974	-0.377997	0.856290
08372	5.340757	1.065703	8.674992	-0.002845	0.004511	0.006260	0.727589	0.465084	0.504293	-0.588858	0.800535	0.111305	-0.351938	-0.377942	0.856329
08373	5.355246	1.093805	8.702884	0.004439	0.001950	0.005126	0.727425	0.465326	0.504305	-0.589114	0.800353	0.111265	-0.351847	-0.378031	0.856327
08374	5.343562	1.082511	8.741970	-0.001548	-0.001126	0.005803	0.727399	0.465375	0.504298	-0.589149	0.800333	0.111225	-0.351845	-0.378012	0.856336
08375	5.357915	1.068273	8.726707	-0.004081	-0.010532	0.012079	0.727173	0.465591	0.504424	-0.589375	0.800191	0.111050	-0.351932	-0.378048	0.856285
08376	5.355613	1.050327	8.659554	-0.003560	-0.003900	0.003176	0.727152	0.465609	0.504438	-0.589383	0.800191	0.111006	-0.351961	-0.378026	0.856282
08377	5.328804	1.076967	8.689151	0.000703	-0.010536	0.006732	0.727187	0.465446	0.504538	-0.589252	0.800288	0.111004	-0.352109	-0.378021	0.856224
08378	5.357170	1.049382	8.658705	-0.005771	-0.008278	0.005822	0.727135	0.465468	0.504593	-0.589271	0.800284	0.110928	-0.352184	-0.378002	0.856202
08379	5.358887	1.090649	8.701039	0.000289	-0.006938	0.006860	0.726871	0.465767	0.504697	-0.589615	0.800044	0.110838	-0.352155	-0.378142	0.856152
08380	5.344813	1.061680	8.672988	-0.006113	-0.006413	0.007666	0.726815	0.465811	0.504737	-0.589646	0.800032	0.110749	-0.352218	-0.378111	0.856139
08381	5.371918	1.100565	8.661283	0.001637	-0.007416	0.006330	0.726641	0.465958	0.504853	-0.589839	0.799899	0.110689	-0.352255	-0.378213	0.856079
08382	5.377590	0.983749	8.690625	-0.018180	-0.003933	0.005521	0.726605	0.465995	0.504870	-0.589813	0.799943	0.110507	-0.352371	-0.378074	0.856093
08383	5.348463	1.034663	8.696375	0.009171	-0.003130	0.008479	0.726519	0.466087	0.504908	-0.589914	0.799874	0.110462	-0.352378	-0.378105	0.856076
08384	5.333469	1.039490	8.677813	-0.004981	-0.001687	0.001992	0.726513	0.466104	0.504902	-0.589909	0.799885	0.110411	-0.352401	-0.378061	0.856086
08385	5.346545	1.059313	8.672209	0.009350	0.005369	0.001418	0.726347	0.466353	0.504911	-0.590221	0.799644	0.110492	-0.352221	-0.378265	0.856070
08386	5.374825	1.074130	8.685062	-0.004783	0.000003	0.005350	0.726326	0.466403	0.504895	-0.590241	0.799639	0.110426	-0.352230	-0.378215	0.856088
08387	5.320949	1.061418	8.726427	0.003435	0.000560	0.003812	0.726304	0.466411	0.504919	-0.590275	0.799609	0.110460	-0.352218	-0.378268	0.856070
08388	5.375540	1.040389	8.675683	-0.003560	-0.003900	0.003177	0.726283	0.466429	0.504933	-0.590284	0.799609	0.110415	-0.352248	-0.378247	0.856067
08389	5.362186	1.053746	8.690463	0.002302	-0.004252	0.000856	0.726096	0.466651	0.504997	-0.590537	0.799429	0.110361	-0.352209	-0.378352	0.856037
08390	5.361552	1.120387	8.708836	0.002302	-0.004252	0.000856	0.726087	0.466649	0.505012	-0.590549	0.799417	0.110378	-0.352207	-0.378379	0.856026
08391	5.361375	1.045087	8.656622	-0.005448	-0.003248	0.002193	0.725988	0.466750	0.505061	-0.590649	0.799356	0.110294	-0.352244	-0.378385	0.856008
08392	5.391687	1.068070	8.702620	0.002230	-0.002432	0.007772	0.725944	0.466810	0.505068	-0.590711	0.799312	0.110275	-0.352229	-0.378403	0.856006
08393	5.349712	1.066415	8.704790	-0.004981	-0.001687	0.001992	0.725784	0.467017	0.505106	-0.590893	0.799199	0.110120	-0.352253	-0.378387	0.856003
08394	5.350844	0.999608	8.686119	0.001619	-0.000523	0.004543	0.725767	0.467058	0.505094	-0.590930	0.799173	0.110112	-0.352228	-0.378391	0.856011
08395	5.361195	1.110336	8.674893	0.001151	-0.002084	0.004744	0.725912	0.466859	0.505068	-0.590677	0.799366	0.110062	-0.352351	-0.378228	0.856033
08396	5.375597	1.063287	8.650506	-0.002086	-0.000953	0.004290	0.725895	0.466896	0.505059	-0.590698	0.799356	0.110024	-0.352352	-0.378204	0.856043
08397	5.362004	1.076626	8.665445	0.002967	-0.001001	0.004013	0.725535	0.467362	0.505144	-0.591226	0.798975	0.109959	-0.352207	-0.378434	0.856001
08398	5.350754	1.031949	8.695288	-0.007822	0.002740	-0.000377	0.725558	0.467377	0.505098	-0.591194	0.799007	0.109895	-0.352215	-0.378347	0.856037
08399	5.350680	1.031795	8.695352	0.006672	-0.000572	0.004266	0.725337	0.467648	0.505165	-0.591501	0.798788	0.109839	-0.352153	-0.378476	0.856005
08400	5.364033	1.051466	8.689599	-0.001546	-0.001127	0.005805	0.725310	0.467697	0.505159	-0.591536	0.798768	0.109798	-0.352152	-0.378457	0.856013
08401	5.352860	1.006656	8.719407	-0.004046	0.001435	0.001591	0.725524	0.467367	0.505157	-0.591153	0.799057	0.109753	-0.352355	-0.378253	0.856020
08402	5.409813	1.036290	8.744869	0.006941	-0.000701	0.000707	0.725528	0.467377	0.505142	-0.591180	0.799029	0.109810	-0.352300	-0.378300	0.856022
08403	5.335574	1.036693	8.676853	0.000269	-0.000129	-0.003559	0.725109	0.467936	0.505225	-0.591809	0.798572	0.109745	-0.352105	-0.378574	0.855981
08404	5.404846	1.280382	8.521955	0.036322	-0.004286	-0.017819	0.725210	0.467785	0.505220	-0.591806	0.798519	0.110147	-0.351903	-0.378873	0.855932
08405	5.338420	0.710349	8.814069	-0.121020	0.007918	0.001317	0.725349	0.467638	0.505157	-0.591196	0.799110	0.109134	-0.352641	-0.377807	0.856100
08406	5.376019	1.136715	8.702830	0.123843	-0.005449	-0.000733	0.725345	0.467619	0.505181	-0.591625	0.798646	0.110199	-0.351930	-0.378810	0.855949
08407	5.422728	1.057285	8.739229	-0.082952	0.006629	-0.001692	0.724917	0.468254	0.505207	-0.592026	0.798454	0.109441	-0.352138	-0.378431	0.856031
08408	5.464048	0.982468	8.685261	0.060025	0.001417	0.002074	0.724920	0.468283	0.505176	-0.592250	0.798218	0.109946	-0.351754	-0.378892	0.855985
08409	5.414556	1.306640	8.747533	-0.021937	0.016326	-0.000094	0.724667	0.468715	0.505137	-0.592619	0.797974	0.109731	-0.351653	-0.378873	0.856035
08410	5.399818	1.069272	8.631562	-0.000178	0.017344	0.001628	0.724729	0.468802	0.504969	-0.592629	0.797967	0.109723	-0.351510	-0.378779	0.856135
08411	5.384034	1.224026	8.718243	-0.002678	0.019990	0.006047	0.724321	0.469509	0.504896	-0.593341	0.797449	0.109647	-0.351149	-0.378995	0.856188
08412	5.314715	1.006664	8.653075	-0.031109	0.019625	0.008688	0.724348	0.469660	0.504716	-0.593294	0.797526	0.109338	-0.351173	-0.378644	0.856333
08413	5.274031	0.912070	8.661896	-0.011561	0.016181	0.004429	0.724547	0.469555	0.504529	-0.592995	0.797779	0.109113	-0.351268	-0.378241	0.856472
08414	5.287690	0.939797	8.690366	0.002536	0.009491	0.002359	0.724576	0.469618	0.504429	-0.593019	0.797759	0.109125	-0.351167	-0.378205	0.856530
08415	5.311288	1.004018	8.655486	0.003004	0.011051	0.002159	0.724836	0.469331	0.504322	-0.592660	0.798024	0.109144	-0.351236	-0.378003	0.856590
08416	5.271124	0.945054	8.672716	0.004782	0.000080	0.003284	0.724827	0.469365	0.504304	-0.592699	0.797991	0.109170	-0.351189	-0.378030	0.856598
08417	5.311763	0.938119	8.637089	0.004982	0.001686	-0.001989	0.725095	0.468950	0.504304	-0.592275	0.798295	0.109251	-0.351350	-0.377904	0.856587
08418	5.352223	1.040491	8.662836	0.024314	0.003530	-0.002758	0.725134	0.468949	0.504249	-0.592339	0.798217	0.109474	-0.351162	-0.378070	0.856591
08419	5.338237	1.055502	8.677790	0.005793	0.001382	-0.004034	0.725413	0.468565	0.504206	-0.591886	0.798555	0.109453	-0.351351	-0.377831	0.856619
08420	5.324939	1.036669	8.683386	0.011455	-0.000576	-0.001078	0.725427	0.468561	0.504188	-0.591917	0.798519	0.109558	-0.351269	-0.377914	0.856616
08421	5.322525	1.095514	8.668431	0.009638	-0.001658	-0.000348	0.724761	0.469405	0.504360	-0.592938	0.797758	0.109578	-0.350921	-0.378472	0.856512
08422	5.366927	1.072884	8.690099	0.007822	-0.002740	0.000382	0.724759	0.469406	0.504363	-0.592967	0.797727	0.109644	-0.350877	-0.378536	0.856502
08423	5.353967	1.053883	8.695512	0.009709	-0.003393	0.001367	0.724478	0.469742	0.504455	-0.593369	0.797432	0.109615	-0.350778	-0.378742	0.856452
08424	5.356179	1.030074	8.719385	0.009100	-0.001484	-0.001862	0.724493	0.469729	0.504445	-0.593387	0.797407	0.109703	-0.350717	-0.378810	0.856447
08425	5.365652	1.100180	8.665215	0.016650	-0.004095	0.002079	0.724786	0.469288	0.504433	-0.592954	0.797709	0.109846	-0.350841	-0.378721	0.856435
08426	5.325653	1.075025	8.691323	0.001349	-0.000479	-0.000529	0.724798	0.469290	0.504416	-0.592954	0.797707	0.109861	-0.350819	-0.378722	0.856443
08427	5.311106	1.047227	8.663420	0.011058	-0.003872	0.000839	0.725269	0.468551	0.504425	-0.592179	0.798270	0.109945	-0.351152	-0.378450	0.856427
08428	5.368449	1.077404	8.688600	0.004188	-0.004904	0.001843	0.725251	0.468554	0.504448	-0.592205	0.798247	0.109972	-0.351146	-0.378494	0.856410
08429	5.324699	1.101343	8.666357	0.010590	-0.005432	0.001040	0.725650	0.467889	0.504492	-0.591563	0.798700	0.110141	-0.351405	-0.378363	0.856362
08430	5.365931	1.094648	8.630316	0.007963	-0.006209	0.003815	0.725616	0.467903	0.504529	-0.591617	0.798653	0.110191	-0.351385	-0.378444	0.856334
08431	5.369665	1.112015	8.696655	0.001165	-0.008975	0.006536	0.725500	0.467907	0.504691	-0.591704	0.798588	0.110197	-0.351478	-0.378576	0.856238
08432	5.341729	1.097020	8.683609	0.001149	-0.002082	0.004746	0.725474	0.467945	0.504693	-0.591740	0.798563	0.110184	-0.351469	-0.378583	0.856238
08433	5.371766	1.044934	8.677473	-0.002001	-0.009578	0.007796	0.725715	0.467444	0.504810	-0.591255	0.798920	0.110205	-0.351788	-0.378449	0.856167
08434	5.359220	1.024955	8.682770	0.003917	-0.004774	0.005403	0.725677	0.467476	0.504836	-0.591306	0.798881	0.110213	-0.351782	-0.378492	0.856150
08435	5.315561	1.048436	8.660541	0.004798	-0.006813	0.005075	0.725789	0.467209	0.504922	-0.591069	0.799050	0.110251	-0.351948	-0.378463	0.856095
08436	5.316258	1.048573	8.660097	0.003791	-0.008200	0.003761	0.725748	0.467215	0.504976	-0.591108	0.799020	0.110266	-0.351967	-0.378521	0.856061
08437	5.359336	1.050269	8.657257	0.011612	-0.010943	0.004144	0.726078	0.466519	0.505144	-0.590507	0.799436	0.110469	-0.352295	-0.378500	0.855936
08438	5.356371	1.100088	8.608290	0.009525	-0.011893	0.008434	0.725996	0.466548	0.505235	-0.590600	0.799362	0.110509	-0.352307	-0.378621	0.855877
08439	5.363388	1.026241	8.680044	-0.002270	-0.009535	0.002725	0.725322	0.467396	0.505420	-0.591561	0.798672	0.110356	-0.352085	-0.379030	0.855787
08440	5.361451	1.117579	8.673804	0.015657	-0.012294	0.011188	0.725222	0.467446	0.505517	-0.591696	0.798561	0.110435	-0.352064	-0.379202	0.855720
08441	5.362831	1.084051	8.664007	-0.007734	-0.005794	0.011762	0.724899	0.467835	0.505621	-0.592081	0.798307	0.110208	-0.352081	-0.379259	0.855688
08442	5.392622	1.065298	8.666967	0.012150	-0.011121	0.005659	0.724836	0.467845	0.505702	-0.592164	0.798235	0.110285	-0.352073	-0.379397	0.855630
08443	5.362527	1.108334	8.638865	-0.003689	-0.007232	0.010174	0.724309	0.468522	0.505829	-0.592871	0.797744	0.110040	-0.351966	-0.379595	0.855586
08444	5.369855	1.000163	8.701586	-0.007323	-0.009394	0.011638	0.724217	0.468587	0.505902	-0.592928	0.797718	0.109920	-0.352060	-0.379570	0.855559
08445	5.326624	1.022893	8.679215	0.006019	-0.010634	0.011539	0.723788	0.469113	0.506028	-0.593513	0.797302	0.109782	-0.351957	-0.379793	0.855502
08446	5.357124	0.970910	8.672730	0.000766	-0.012273	0.008460	0.723704	0.469141	0.506122	-0.593575	0.797260	0.109747	-0.352024	-0.379846	0.855451
08447	5.314176	0.994583	8.650084	0.014448	-0.015380	0.006517	0.723077	0.469788	0.506418	-0.594492	0.796557	0.109890	-0.351766	-0.380520	0.855257
08448	5.453851	1.119013	8.664386	0.025621	-0.008942	0.007198	0.723011	0.469819	0.506483	-0.594634	0.796426	0.110073	-0.351661	-0.380756	0.855195
08449	5.385036	1.112571	8.687074	0.005187	0.003462	0.009996	0.723005	0.469866	0.506448	-0.594639	0.796431	0.110004	-0.351664	-0.380687	0.855225
08450	5.388533	0.954839	8.674368	0.006196	0.004848	0.011309	0.722964	0.469982	0.506399	-0.594742	0.796355	0.110000	-0.351576	-0.380703	0.855254
08451	5.413658	1.062024	8.681579	0.036572	0.009677	0.009568	0.722855	0.470146	0.506403	-0.595037	0.796097	0.110277	-0.351299	-0.381043	0.855217
08452	5.380943	1.173762	8.672764	0.024709	0.013867	0.010777	0.722849	0.470292	0.506276	-0.595201	0.795952	0.110435	-0.351035	-0.381164	0.855271
08453	5.406936	1.180971	8.652503	0.016561	0.011590	0.014035	0.722379	0.470997	0.506291	-0.596025	0.795322	0.110533	-0.350604	-0.381609	0.855249
08454	5.379476	1.142069	8.664500	0.014066	0.014243	0.018452	0.722327	0.471206	0.506170	-0.596207	0.795181	0.110561	-0.350400	-0.381643	0.855317
08455	5.405374	1.181789	8.653367	0.018659	0.005731	0.020179	0.722151	0.471401	0.506240	-0.596454	0.794997	0.110555	-0.350343	-0.381787	0.855277
08456	5.326980	1.071632	8.721498	-0.010110	0.007290	0.024659	0.722037	0.471634	0.506186	-0.596597	0.794919	0.110345	-0.350334	-0.381662	0.855336
08457	5.386950	1.008357	8.752703	0.003648	-0.004460	0.026244	0.721516	0.472234	0.506369	-0.597266	0.794444	0.110144	-0.350268	-0.381908	0.855254
08458	5.399233	1.051884	8.722287	0.009785	-0.011855	0.022163	0.721350	0.472374	0.506475	-0.597461	0.794301	0.110116	-0.350278	-0.382032	0.855194
08459	5.387744	0.997720	8.718089	-0.010019	-0.015218	0.023143	0.721108	0.472568	0.506639	-0.597669	0.794174	0.109906	-0.350421	-0.382057	0.855124
08460	5.371833	1.059278	8.683830	0.008173	-0.018231	0.019417	0.720936	0.472661	0.506797	-0.597838	0.794051	0.109878	-0.350487	-0.382198	0.855034
08461	5.374879	1.133725	8.734379	-0.001051	-0.027047	0.021445	0.720557	0.472973	0.507045	-0.598221	0.793790	0.109676	-0.350613	-0.382353	0.854913
08462	5.389400	1.142754	8.693758	-0.016274	-0.032026	0.022360	0.720319	0.473037	0.507324	-0.598325	0.793747	0.109424	-0.350925	-0.382365	0.854780
08463	5.391610	1.064490	8.640386	-0.024962	-0.034124	0.024108	0.720278	0.472802	0.507599	-0.598074	0.793979	0.109111	-0.351435	-0.382172	0.854657
08464	5.381272	1.041771	8.644667	-0.016138	-0.028608	0.024004	0.720043	0.472891	0.507851	-0.598189	0.793927	0.108852	-0.351722	-0.382169	0.854540
08465	5.341818	1.037988	8.645632	-0.015057	-0.028962	0.027038	0.719955	0.472784	0.508074	-0.598084	0.794039	0.108617	-0.352078	-0.382071	0.854437
08466	5.433123	0.921338	8.669621	-0.023416	-0.019129	0.023348	0.719757	0.472904	0.508244	-0.598169	0.794018	0.108299	-0.352340	-0.381964	0.854377
08467	5.375280	0.947724	8.628692	0.002926	-0.012901	0.023175	0.718965	0.473866	0.508469	-0.599225	0.793261	0.108015	-0.352164	-0.382346	0.854279
08468	5.349465	0.940683	8.648866	-0.000447	-0.008289	0.019284	0.718828	0.473995	0.508541	-0.599361	0.793172	0.107913	-0.352210	-0.382371	0.854249
08469	5.417207	0.972052	8.601276	0.017069	-0.000684	0.017420	0.718177	0.474794	0.508716	-0.600347	0.792420	0.107956	-0.351860	-0.382938	0.854139
08470	5.433946	1.009738	8.662144	0.021719	0.002853	0.017262	0.718092	0.474950	0.508691	-0.600547	0.792255	0.108054	-0.351693	-0.383086	0.854141
08471	5.418082	1.048720	8.653099	0.016195	0.008256	0.015948	0.717686	0.475636	0.508622	-0.601293	0.791681	0.108112	-0.351245	-0.383422	0.854175
08472	5.401925	1.087979	8.644193	0.026772	0.009681	0.015183	0.717637	0.475801	0.508537	-0.601496	0.791506	0.108264	-0.350998	-0.383577	0.854207
08473	5.387584	1.136007	8.668547	0.019497	0.005375	0.018125	0.717294	0.476283	0.508571	-0.602114	0.791013	0.108434	-0.350641	-0.383997	0.854165
08474	5.387286	1.135986	8.668735	0.002452	0.006236	0.017982	0.717215	0.476457	0.508518	-0.602251	0.790918	0.108364	-0.350565	-0.383976	0.854205
08475	5.364930	1.013102	8.719411	-0.005840	-0.006348	0.021415	0.716642	0.477024	0.508795	-0.602942	0.790415	0.108190	-0.350550	-0.384307	0.854062
08476	5.391302	1.009047	8.664753	0.001361	-0.014107	0.020361	0.716477	0.477140	0.508919	-0.603094	0.790312	0.108098	-0.350627	-0.384376	0.854000
08477	5.419692	1.014036	8.643200	-0.000734	-0.015139	0.016018	0.716010	0.477734	0.509019	-0.603796	0.789776	0.108092	-0.350372	-0.384738	0.853941
08478	5.407059	1.093556	8.675802	0.005332	-0.013826	0.017049	0.715866	0.477824	0.509137	-0.603937	0.789674	0.108051	-0.350423	-0.384837	0.853876
08479	5.368304	1.033177	8.692516	-0.019457	-0.011918	0.018253	0.715048	0.478943	0.509234	-0.605153	0.788765	0.107886	-0.349995	-0.385308	0.853839
08480	5.355876	1.077941	8.716143	-0.009494	-0.015486	0.016052	0.714905	0.479018	0.509365	-0.605234	0.788725	0.107724	-0.350147	-0.385298	0.853781
08481	5.331721	0.935716	8.699222	-0.042648	-0.024424	0.018978	0.713943	0.480248	0.509556	-0.606497	0.787818	0.107263	-0.349924	-0.385623	0.853726
08482	5.386339	0.869188	8.604887	-0.008553	-0.019273	0.017447	0.713778	0.480319	0.509720	-0.606591	0.787767	0.107102	-0.350098	-0.385638	0.853648
08483	5.390659	1.018421	8.707666	0.001958	-0.016119	0.014954	0.714052	0.479682	0.509936	-0.605869	0.788364	0.106793	-0.350789	-0.385211	0.853557
08484	5.444472	0.953878	8.613563	-0.012862	-0.010872	0.012163	0.713948	0.479744	0.510024	-0.605910	0.788356	0.106622	-0.350929	-0.385151	0.853527
08485	5.460525	0.981278	8.640658	0.009378	-0.008395	0.013646	0.713702	0.479912	0.510210	-0.606141	0.788194	0.106505	-0.351031	-0.385272	0.853430
08486	5.430188	1.024247	8.612942	-0.003215	0.001227	0.008193	0.713664	0.479990	0.510189	-0.606188	0.788167	0.106436	-0.351027	-0.385230	0.853451
08487	5.447287	0.960942	8.646434	0.004274	0.007216	0.008605	0.712665	0.481639	0.510033	-0.607909	0.786848	0.106383	-0.350080	-0.385869	0.853551
08488	5.434710	1.016209	8.704466	0.000779	0.008492	0.011718	0.712631	0.481771	0.509954	-0.607994	0.786789	0.106330	-0.350000	-0.385823	0.853605
08489	5.403716	0.925825	8.640689	-0.004543	0.015514	0.005120	0.711120	0.483953	0.509998	-0.610407	0.784924	0.106288	-0.348871	-0.386890	0.853584
08490	5.444439	0.993553	8.657426	0.019508	0.012160	0.007673	0.711124	0.484068	0.509884	-0.610529	0.784812	0.106416	-0.348651	-0.386974	0.853636
08491	5.404294	1.043584	8.736539	-0.004069	0.017073	0.004914	0.711098	0.484189	0.509805	-0.610556	0.784814	0.106250	-0.348657	-0.386819	0.853703
08492	5.399608	0.992039	8.661544	-0.009384	0.017275	0.008763	0.711112	0.484332	0.509649	-0.610585	0.784808	0.106125	-0.348576	-0.386651	0.853812
08493	5.411679	1.010793	8.656693	-0.001851	0.014543	0.004057	0.711663	0.483753	0.509430	-0.609833	0.785393	0.106117	-0.348769	-0.386187	0.853944
08494	5.371930	0.993063	8.717407	-0.011348	0.012773	0.007860	0.711668	0.483871	0.509311	-0.609848	0.785400	0.105980	-0.348732	-0.386025	0.854032
08495	5.381189	0.993975	8.645485	-0.010555	0.005566	0.007614	0.712083	0.483220	0.509349	-0.609063	0.786038	0.105770	-0.349258	-0.385542	0.854035
08496	5.382254	1.001367	8.679409	-0.013656	0.010060	0.000155	0.712125	0.483268	0.509245	-0.609015	0.786090	0.105652	-0.349254	-0.385375	0.854112
08497	5.395418	0.920415	8.646451	-0.001057	0.007334	0.003812	0.711448	0.484318	0.509194	-0.610192	0.785163	0.105758	-0.348580	-0.385947	0.854129
08498	5.378913	0.991639	8.647169	-0.001851	0.014540	0.004061	0.711482	0.484413	0.509056	-0.610213	0.785151	0.105721	-0.348473	-0.385852	0.854216
08499	5.392729	0.985959	8.666523	-0.010267	0.019236	0.000449	0.710668	0.485697	0.508970	-0.611523	0.784153	0.105564	-0.347838	-0.386268	0.854287
08500	5.376004	0.957028	8.639986	-0.004674	0.018984	0.001685	0.710731	0.485790	0.508791	-0.611518	0.784164	0.105516	-0.347717	-0.386128	0.854399
08501	5.347348	0.950513	8.661841	-0.008446	0.020309	-0.000285	0.711281	0.485094	0.508688	-0.610619	0.784890	0.105321	-0.348173	-0.385528	0.854485
08502	5.357027	0.961456	8.623982	0.007264	0.026809	-0.001408	0.711390	0.485194	0.508439	-0.610633	0.784869	0.105391	-0.347924	-0.385444	0.854624
08503	5.354659	0.962435	8.625344	0.010697	0.027270	-0.006236	0.710431	0.486799	0.508246	-0.612292	0.783581	0.105353	-0.346967	-0.386041	0.854744
08504	5.369133	0.933629	8.669396	0.003095	0.031734	-0.003252	0.710569	0.486903	0.507954	-0.612279	0.783586	0.105395	-0.346708	-0.385900	0.854912
08505	5.368327	0.843580	8.676785	0.014352	0.036312	-0.009497	0.712696	0.484204	0.507555	-0.609119	0.786040	0.105432	-0.347907	-0.384302	0.855145
08506	5.389512	0.943506	8.652365	0.039297	0.044703	-0.010832	0.712925	0.484297	0.507143	-0.609176	0.785943	0.105823	-0.347336	-0.384383	0.855341
08507	5.372020	0.960043	8.669433	0.011467	0.042480	-0.013594	0.713878	0.483260	0.506791	-0.607840	0.786983	0.105776	-0.347719	-0.383559	0.855555
08508	5.427691	0.900463	8.702621	0.025074	0.041054	-0.017245	0.714134	0.483288	0.506404	-0.607802	0.786972	0.106077	-0.347260	-0.383546	0.855747
08509	5.291592	1.042355	8.657027	0.052287	0.038285	-0.015896	0.714445	0.483175	0.506073	-0.607759	0.786923	0.106682	-0.346694	-0.383789	0.855867
08510	5.362537	1.012208	8.717570	0.006878	0.037116	-0.020370	0.714706	0.483164	0.505716	-0.607635	0.786997	0.106844	-0.346374	-0.383652	0.856059
08511	5.334035	0.950937	8.755070	0.023321	0.038144	-0.023427	0.714374	0.483877	0.505502	-0.608449	0.786322	0.107175	-0.345628	-0.384136	0.856143
08512	5.313728	1.051050	8.732080	0.040676	0.021611	-0.021483	0.714588	0.483798	0.505276	-0.608435	0.786271	0.107632	-0.345212	-0.384340	0.856219
08513	5.270000	1.020299	8.725741	0.010417	0.013327	-0.024990	0.714612	0.483950	0.505096	-0.608617	0.786095	0.107890	-0.344840	-0.384509	0.856293
08514	5.314477	1.008364	8.781433	0.024828	0.004704	-0.028869	0.714812	0.483748	0.505006	-0.608494	0.786141	0.108247	-0.344642	-0.384670	0.856301
08515	5.257718	0.949011	8.746395	0.012480	-0.013393	-0.030715	0.714779	0.483572	0.505221	-0.608540	0.786060	0.108578	-0.344629	-0.385057	0.856132
08516	5.345399	0.931533	8.764823	0.064014	-0.026598	-0.037111	0.714921	0.483184	0.505391	-0.608494	0.785993	0.109313	-0.344416	-0.385678	0.855938
08517	5.279510	0.973043	8.828208	0.034369	-0.029920	-0.039176	0.714352	0.483744	0.505661	-0.609452	0.785178	0.109833	-0.343903	-0.386636	0.855713
08518	5.244378	0.860008	8.858569	-0.004507	-0.042135	-0.047860	0.714506	0.483212	0.505951	-0.609094	0.785428	0.110036	-0.344217	-0.386793	0.855515
08519	5.088073	0.694782	8.943230	0.022236	-0.067309	-0.058142	0.715795	0.480868	0.506363	-0.606835	0.787135	0.110319	-0.345527	-0.386245	0.855235
08520	4.835770	0.536742	9.012088	0.075799	-0.119496	-0.085617	0.715910	0.479738	0.507272	-0.606482	0.787255	0.111400	-0.345909	-0.387404	0.854556
08521	4.584442	0.234407	9.172284	0.146156	-0.193257	-0.112498	0.716426	0.477351	0.508792	-0.605263	0.787965	0.112995	-0.346972	-0.388906	0.853442
08522	4.738831	0.400291	9.313371	0.284939	-0.299144	-0.195293	0.716578	0.474649	0.511101	-0.604851	0.787783	0.116419	-0.347378	-0.392563	0.851600
08523	4.821532	1.144837	9.139382	0.344196	-0.332391	-0.281870	0.716612	0.471817	0.513670	-0.604702	0.787288	0.120468	-0.347567	-0.396946	0.849489
08524	4.196777	2.056577	10.117322	0.217667	-0.441908	-0.441343	0.717743	0.466584	0.516860	-0.602293	0.788493	0.124587	-0.349410	-0.400723	0.846956
08525	4.294970	1.612779	9.769872	-0.130959	-0.675746	-0.471887	0.718237	0.460194	0.521878	-0.598227	0.791453	0.125406	-0.355331	-0.402273	0.843751
08526	4.980719	1.439217	9.481068	-0.077544	-0.749591	-0.545817	0.718814	0.452847	0.527481	-0.594024	0.794261	0.127615	-0.361167	-0.405068	0.839928
08527	5.345205	1.793871	9.130908	-0.205423	-0.850755	-0.536075	0.717904	0.446625	0.533985	-0.590760	0.796642	0.127921	-0.368263	-0.407292	0.835761
08528	5.423926	1.657161	8.946540	-0.335306	-0.903208	-0.513666	0.717570	0.438845	0.540840	-0.585820	0.800288	0.127883	-0.376707	-0.408600	0.831347
08529	5.583829	1.586474	8.839364	-0.264191	-0.999640	-0.460648	0.715351	0.432759	0.548628	-0.583004	0.802451	0.127199	-0.385200	-0.410844	0.826334
08530	5.691783	1.661296	8.781194	-0.264257	-1.079284	-0.414354	0.713560	0.424987	0.556972	-0.579009	0.805320	0.127309	-0.394436	-0.413334	0.820716
08531	5.714364	1.574774	8.697813	-0.283084	-1.149768	-0.375515	0.710775	0.417628	0.566026	-0.575401	0.808053	0.126346	-0.404613	-0.415495	0.814648
08532	5.514724	1.518631	8.915242	-0.227019	-1.278557	-0.325251	0.707411	0.409670	0.575970	-0.572161	0.810349	0.126356	-0.414972	-0.418933	0.807647
08533	5.351766	1.523385	9.165079	-0.181426	-1.463875	-0.266144	0.702778	0.401300	0.587419	-0.569452	0.812250	0.126387	-0.426412	-0.423329	0.799353
08534	5.066718	1.749397	9.301660	-0.171658	-1.693030	-0.198533	0.696588	0.392481	0.600603	-0.567316	0.813773	0.126197	-0.439224	-0.428639	0.789526
08535	4.982701	1.707043	9.477587	-0.292219	-1.960355	-0.159873	0.688720	0.382727	0.615780	-0.564908	0.815651	0.124869	-0.454471	-0.433859	0.777961
08536	4.873002	1.238323	9.529398	-0.307742	-2.262197	-0.144956	0.679071	0.371668	0.633029	-0.562487	0.817546	0.123396	-0.471668	-0.439865	0.764230
08537	5.267485	0.983526	9.727699	-0.255513	-2.587615	-0.159031	0.667508	0.358892	0.652403	-0.560189	0.819260	0.122477	-0.490532	-0.447224	0.747910
08538	6.258788	0.467154	10.194308	-0.257855	-2.834864	-0.207098	0.654483	0.344411	0.673077	-0.557525	0.821156	0.121940	-0.510704	-0.455065	0.729450
08539	6.705244	0.023191	9.672299	-0.149050	-3.072646	-0.289743	0.640078	0.327924	0.694814	-0.554883	0.822809	0.122838	-0.531418	-0.464166	0.708622
08540	8.819832	0.005714	10.178408	-0.133153	-3.139279	-0.358273	0.625065	0.310269	0.716259	-0.551891	0.824581	0.124432	-0.552006	-0.473075	0.686651
08541	9.487976	-0.386818	10.356551	-0.187664	-3.033534	-0.469658	0.610591	0.291964	0.736163	-0.547965	0.826872	0.126555	-0.571763	-0.480665	0.664867
08542	9.226890	-0.821522	10.040486	-0.068761	-2.947483	-0.587236	0.596688	0.272828	0.754671	-0.544015	0.828868	0.130479	-0.589924	-0.488408	0.642999
08543	9.129980	-0.026527	9.344456	0.126972	-2.906403	-0.705366	0.583109	0.252728	0.772083	-0.540675	0.830061	0.136634	-0.606345	-0.497119	0.620660
08544	8.941614	0.712877	8.994874	-0.018886	-2.828535	-0.793555	0.570010	0.231985	0.788208	-0.535978	0.832083	0.142707	-0.622748	-0.503806	0.598635
08545	8.124276	0.225046	8.248442	-0.190239	-2.791274	-0.870793	0.557016	0.210692	0.803332	-0.529950	0.834929	0.148479	-0.639442	-0.508431	0.576725
08546	7.291529	-0.058268	7.725606	-0.152339	-2.802957	-0.960697	0.543939	0.188354	0.817712	-0.523669	0.837628	0.155402	-0.655668	-0.512740	0.554254
08547	6.668961	0.194453	7.540655	-0.040902	-2.837003	-1.061017	0.530629	0.164956	0.831398	-0.517796	0.839660	0.163882	-0.671058	-0.517455	0.530962
08548	6.099703	0.535250	7.681969	0.020522	-2.867020	-1.124783	0.516981	0.140609	0.844370	-0.512038	0.841276	0.173410	-0.685965	-0.521999	0.506921
08549	5.457831	-0.207808	8.683837	-0.101863	-2.757843	-1.018946	0.503048	0.117726	0.856203	-0.506249	0.843068	0.181518	-0.700468	-0.524764	0.483702
08550	8.827264	-3.876674	8.719396	-0.027423	-2.465764	-0.453997	0.487930	0.100936	0.867027	-0.503799	0.843713	0.185297	-0.712819	-0.527220	0.462525
08551	12.225032	-2.840773	11.916103	0.697711	-1.532626	0.246908	0.475729	0.095062	0.874440	-0.510139	0.839684	0.186251	-0.716548	-0.534691	0.447957
08552	8.260805	-1.677139	11.915594	0.576307	-0.522260	0.679001	0.468514	0.097955	0.878009	-0.517466	0.835936	0.182864	-0.716047	-0.540014	0.442336
08553	3.695486	-1.326057	10.375347	0.702578	0.029578	0.964071	0.463696	0.106404	0.879582	-0.527200	0.831017	0.177399	-0.712072	-0.545975	0.441435
08554	1.323294	-0.057329	9.317032	0.779722	0.111354	1.075078	0.458777	0.115930	0.880956	-0.537687	0.825545	0.171373	-0.707401	-0.552301	0.441075
08555	1.401822	1.277756	9.341189	0.701711	0.077395	1.057056	0.453609	0.125349	0.882342	-0.547700	0.820234	0.165045	-0.703039	-0.558124	0.440719
08556	2.452414	2.308470	10.079286	0.513043	0.198883	0.928790	0.449894	0.134074	0.882961	-0.555488	0.816161	0.159107	-0.699306	-0.562055	0.441662
08557	3.051769	2.800753	10.494572	0.263204	0.495715	0.719127	0.449388	0.143026	0.881813	-0.560787	0.813544	0.153834	-0.695391	-0.563640	0.445803
08558	2.773476	2.854473	10.428077	0.029559	0.855186	0.465906	0.452714	0.151641	0.878667	-0.563087	0.812696	0.149863	-0.691363	-0.562611	0.453305
08559	2.183853	2.563209	10.082470	-0.154755	1.155353	0.216494	0.459537	0.160192	0.873593	-0.563219	0.813096	0.147172	-0.686739	-0.559655	0.463871
08560	1.818193	2.092775	9.840762	-0.271827	1.364243	0.012276	0.468819	0.167907	0.867189	-0.561409	0.814596	0.145784	-0.681930	-0.555194	0.476162
08561	2.082366	1.805064	9.929991	-0.337783	1.543366	-0.128814	0.480130	0.175703	0.859421	-0.558701	0.816562	0.145187	-0.676261	-0.549868	0.490221
08562	2.701734	1.467051	9.984811	-0.407568	1.764722	-0.187119	0.493065	0.183830	0.850349	-0.555041	0.819131	0.144753	-0.669938	-0.543351	0.505918
08563	3.129436	1.032595	10.050007	-0.449855	2.023495	-0.161539	0.507564	0.193760	0.839545	-0.551429	0.821747	0.143726	-0.662046	-0.535900	0.523934
08564	3.392394	0.696196	10.064979	-0.441656	2.277407	-0.065547	0.522911	0.205343	0.827284	-0.548182	0.824231	0.141910	-0.652733	-0.527709	0.543565
08565	3.833744	0.600863	10.168202	-0.410461	2.514362	0.072971	0.538918	0.219466	0.813266	-0.546114	0.826105	0.138957	-0.641347	-0.519023	0.565056
08566	4.397262	0.731077	10.309372	-0.367859	2.744604	0.228161	0.555112	0.235482	0.797746	-0.545022	0.827483	0.134994	-0.628333	-0.509726	0.587688
08567	5.028496	0.819166	10.134211	-0.329791	2.973344	0.385656	0.571600	0.254067	0.780207	-0.545360	0.828077	0.129890	-0.613071	-0.499739	0.611887
08568	7.496507	1.912103	9.580016	-0.237030	3.239716	0.627313	0.587765	0.275292	0.760754	-0.547559	0.827592	0.123571	-0.595576	-0.489188	0.637169
08569	4.632768	0.073530	9.194871	-0.330235	3.543180	0.942898	0.603460	0.300588	0.738568	-0.551459	0.826339	0.114270	-0.575959	-0.476247	0.664424
08570	5.322001	0.288727	9.055112	0.397107	3.444019	0.931927	0.617734	0.324553	0.716289	-0.559386	0.821553	0.110172	-0.552713	-0.468739	0.689052
08571	6.033635	3.132239	10.238108	0.418768	3.496366	0.826672	0.632068	0.347977	0.692388	-0.567048	0.816679	0.107205	-0.528154	-0.460378	0.713516
08572	7.209977	3.732794	10.723599	0.190917	3.634079	0.667402	0.647031	0.369951	0.666698	-0.572298	0.813418	0.104049	-0.503812	-0.448873	0.738029
08573	7.080525	2.816085	10.592183	-0.201791	3.817016	0.511545	0.662952	0.391315	0.638253	-0.574862	0.812223	0.099131	-0.479612	-0.432626	0.763417
08574	7.176465	1.898870	10.287784	-0.111839	3.916321	0.355117	0.679201	0.410828	0.608199	-0.576719	0.811277	0.096044	-0.453961	-0.415993	0.787953
08575	7.144521	1.459440	9.904295	-0.138098	3.959051	0.228537	0.695392	0.429158	0.576414	-0.577875	0.810748	0.093528	-0.427189	-0.398135	0.811787
08576	7.273204	1.624383	9.900809	-0.074178	3.950896	0.117448	0.711062	0.445498	0.543988	-0.578392	0.810526	0.092253	-0.399818	-0.380235	0.834006
08577	7.614896	1.836332	9.987357	-0.137324	3.920394	0.024861	0.726089	0.460576	0.510553	-0.578229	0.810794	0.090908	-0.372084	-0.361224	0.855027
08578	7.886453	1.850562	10.092229	-0.271424	3.893832	-0.067439	0.740451	0.473708	0.476795	-0.576759	0.812065	0.088886	-0.345082	-0.340811	0.874509
08579	8.104204	1.617523	9.897472	-0.395464	3.840955	-0.152535	0.754085	0.485455	0.442368	-0.574487	0.813979	0.086040	-0.318309	-0.319016	0.892697
08580	8.329230	1.526892	9.786194	-0.520490	3.762471	-0.237033	0.766945	0.495107	0.408245	-0.571092	0.816745	0.082351	-0.292659	-0.296304	0.909150
08581	8.978485	1.649359	9.705469	-0.649274	3.659531	-0.315615	0.778987	0.503220	0.374098	-0.567006	0.820052	0.077582	-0.267739	-0.272551	0.924138
08582	9.719673	1.514150	9.601028	-0.828905	3.562496	-0.407887	0.790419	0.509141	0.340607	-0.561680	0.824275	0.071316	-0.244444	-0.247681	0.937497
08583	10.265979	1.304549	9.052984	-0.976628	3.441656	-0.505024	0.801242	0.513299	0.307465	-0.555547	0.829043	0.063685	-0.222212	-0.221838	0.949426
08584	6.067086	-0.125983	11.691503	-0.872796	2.005129	-0.326465	0.807396	0.514865	0.288142	-0.551030	0.832582	0.056334	-0.210897	-0.204258	0.955929
08585	11.173046	-2.548396	-0.790302	-0.102101	1.553932	-0.195580	0.811608	0.516577	0.272837	-0.549405	0.833688	0.055848	-0.198611	-0.195224	0.960438
08586	16.280461	0.424458	0.923044	0.092616	0.954124	-0.194113	0.814533	0.516807	0.263526	-0.548006	0.834513	0.057251	-0.190328	-0.191047	0.962952
08587	15.989106	2.797002	-0.054800	0.165145	0.630556	0.017289	0.815551	0.518376	0.257222	-0.548628	0.834001	0.058734	-0.184077	-0.189020	0.964566
08588	16.080406	1.729234	-2.045534	-0.166272	0.136299	0.077608	0.815380	0.519285	0.255926	-0.548954	0.833912	0.056923	-0.183861	-0.186906	0.965019
08589	17.037701	0.517093	-3.824425	0.156889	-0.411617	0.127234	0.813862	0.519737	0.259813	-0.550411	0.832873	0.058056	-0.186217	-0.190254	0.963912
08590	17.041318	-1.240063	-6.065810	0.578299	-1.035926	0.231606	0.810632	0.519646	0.269897	-0.553384	0.830540	0.063000	-0.191423	-0.200427	0.960826
08591	17.183356	-1.286326	-7.317237	1.212939	-1.756746	0.529943	0.804186	0.520483	0.287023	-0.560146	0.825163	0.073092	-0.198797	-0.219554	0.955131
08592	17.194847	0.162283	-7.104585	1.495168	-2.454655	1.076691	0.793080	0.523629	0.311186	-0.571801	0.816072	0.084081	-0.209923	-0.244620	0.946622
08593	3.548768	5.656290	5.103206	1.376293	-2.932244	1.572164	0.777511	0.528906	0.340199	-0.587243	0.804181	0.091860	-0.224996	-0.271202	0.935856
08594	5.015199	6.804982	13.167586	0.551028	-3.289742	0.929440	0.764252	0.527079	0.371626	-0.595708	0.797721	0.093668	-0.247083	-0.292966	0.923645
08595	6.613527	9.329976	10.039239	1.445539	-3.462233	-0.072788	0.755792	0.515871	0.403306	-0.598886	0.793632	0.107168	-0.264792	-0.322531	0.908768
08596	7.581056	9.055407	11.460752	-0.497604	-3.382475	0.145399	0.745491	0.505900	0.433946	-0.598588	0.794529	0.102062	-0.293149	-0.335841	0.895139
08597	14.430254	-12.423557	12.953535	-2.550967	-3.850246	-0.412712	0.735844	0.489603	0.467784	-0.587420	0.805189	0.081291	-0.336854	-0.334603	0.880096
08598	26.838248	-4.277042	11.145126	3.496899	-2.828220	-0.666746	0.730263	0.474221	0.491762	-0.594312	0.795975	0.114967	-0.336910	-0.376216	0.863106
08599	7.949584	14.521024	14.866341	1.740739	-1.473112	-0.153124	0.726139	0.467324	0.504312	-0.599109	0.789940	0.130631	-0.337329	-0.396993	0.853584
08600	20.449945	9.592050	8.824167	-0.942113	-0.933205	-0.082604	0.723435	0.462991	0.512134	-0.595272	0.794052	0.123018	-0.349705	-0.393854	0.850050
08601	3.097760	1.048380	10.439031	-0.952629	0.088194	0.173711	0.722722	0.464576	0.511705	-0.593080	0.797027	0.114035	-0.354865	-0.385897	0.851560
08602	6.464792	-1.616018	7.146221	0.082413	-0.044037	0.074477	0.722132	0.465011	0.512143	-0.593908	0.796365	0.114348	-0.354680	-0.386740	0.851255
08603	6.101816	3.546619	9.764498	0.587784	-0.090600	0.078503	0.721342	0.465164	0.513117	-0.596479	0.793765	0.118949	-0.351964	-0.391867	0.850037
08604	5.510042	0.455381	8.356206	-0.570881	-0.034997	0.057094	0.720886	0.465492	0.513459	-0.594869	0.795727	0.113794	-0.355603	-0.387474	0.850535
08605	5.631573	1.113863	8.652926	0.304499	-0.082276	0.066467	0.720201	0.465572	0.514347	-0.596347	0.794294	0.116048	-0.354514	-0.390308	0.849694
08606	5.594301	1.591371	8.740472	-0.162350	-0.060714	0.060029	0.719636	0.465823	0.514910	-0.596201	0.794650	0.114353	-0.355905	-0.389282	0.849583
08607	5.464113	0.710419	8.438205	-0.009728	-0.066542	0.053551	0.719084	0.465859	0.515648	-0.596467	0.794500	0.114002	-0.356574	-0.389544	0.849182
08608	5.283410	1.137491	8.673166	-0.013287	-0.060251	0.047980	0.718591	0.466016	0.516193	-0.596763	0.794331	0.113634	-0.357073	-0.389701	0.848901
08609	5.393079	0.599928	8.410427	-0.002694	-0.050213	0.040043	0.718175	0.466012	0.516775	-0.596960	0.794215	0.113411	-0.357580	-0.389943	0.848576
08610	5.466547	0.978655	8.608150	0.111537	-0.060250	0.031805	0.717778	0.466040	0.517301	-0.597584	0.793634	0.114185	-0.357333	-0.391091	0.848151
08611	5.615760	0.885254	8.585607	0.047528	-0.041837	0.024676	0.717481	0.465951	0.517795	-0.597855	0.793390	0.114465	-0.357478	-0.391692	0.847813
08612	5.648072	0.764569	8.525325	0.115057	-0.016920	0.012283	0.717355	0.465992	0.517931	-0.598352	0.792884	0.115369	-0.356898	-0.392666	0.847607
08613	5.595367	1.164186	8.602791	0.152120	-0.009071	0.007450	0.717274	0.465899	0.518127	-0.598876	0.792305	0.116621	-0.356181	-0.393944	0.847315
08614	5.618399	1.238702	8.564678	0.095155	0.001808	0.002762	0.717272	0.465938	0.518094	-0.599232	0.791920	0.117406	-0.355585	-0.394671	0.847227
08615	5.614574	1.413001	8.608641	0.095793	-0.003407	0.013005	0.717179	0.465911	0.518249	-0.599595	0.791534	0.118152	-0.355164	-0.395475	0.847029
08616	5.578495	1.291610	8.607787	0.033050	-0.009421	0.012709	0.717077	0.465984	0.518323	-0.599801	0.791347	0.118358	-0.355021	-0.395763	0.846955
08617	5.605788	1.300790	8.585459	0.051338	-0.006999	0.017334	0.716946	0.465975	0.518513	-0.600034	0.791118	0.118705	-0.354892	-0.396231	0.846790
