// General information: 
//  MT Manager version: 2022.2.0 
//  XDA version: 2022.2.0 build 7381 rev 124627 built on 2023-07-19
// Device information: 
//  DeviceId: 00B4CAF0
//  ProductCode: MTW2-3A7G6
//  Firmware Version: 4.6.0
//  Hardware Version: 2.0.0
// Device settings: 
//  Filter Profile: human(46.1)
//  Option Flags: Orientation Smoother Disabled, Position/Velocity Smoother Disabled, Continuous Zero Rotation Update Disabled, AHS Disabled, ICC Disabled
// Coordinate system: ENU
PacketCounter	Acc_X	Acc_Y	Acc_Z	Gyr_X	Gyr_Y	Gyr_Z	Mat[1][1]	Mat[2][1]	Mat[3][1]	Mat[1][2]	Mat[2][2]	Mat[3][2]	Mat[1][3]	Mat[2][3]	Mat[3][3]
29814	4.884701	-0.270908	9.051032	-0.004598	-0.004574	-0.003028	-0.279676	0.835637	0.472750	-0.952057	-0.304964	-0.024174	0.123971	-0.456846	0.880865
29815	4.910057	-0.222656	9.050185	-0.003057	-0.001519	-0.001524	-0.279554	0.835691	0.472727	-0.952102	-0.304824	-0.024169	0.123901	-0.456841	0.880877
29816	4.885435	-0.271722	9.026310	-0.000037	-0.004564	0.001567	-0.279561	0.835668	0.472763	-0.952099	-0.304833	-0.024177	0.123910	-0.456876	0.880858
29817	4.886368	-0.222815	9.025296	0.004556	-0.001529	0.003082	-0.279725	0.835587	0.472809	-0.952054	-0.304962	-0.024305	0.123880	-0.456939	0.880830
29818	4.861052	-0.295180	9.050690	-0.000037	-0.004564	0.001567	-0.279734	0.835564	0.472845	-0.952051	-0.304972	-0.024314	0.123888	-0.456974	0.880810
29819	4.886509	-0.247104	9.025479	0.001526	-0.000010	0.000006	-0.279623	0.835664	0.472733	-0.952104	-0.304804	-0.024362	0.123732	-0.456903	0.880869
29820	4.886327	-0.246709	9.049891	-0.000016	0.000041	0.004578	-0.279666	0.835654	0.472726	-0.952092	-0.304838	-0.024387	0.123726	-0.456899	0.880872
29821	4.861920	-0.271951	9.001326	-0.003057	0.000034	0.001515	-0.279668	0.835662	0.472711	-0.952104	-0.304792	-0.024476	0.123625	-0.456915	0.880878
29822	4.861263	-0.295258	9.074876	-0.000037	-0.004564	0.001567	-0.279676	0.835639	0.472745	-0.952101	-0.304801	-0.024486	0.123631	-0.456950	0.880859
29823	4.862113	-0.271467	9.049841	-0.003073	-0.003031	0.000016	-0.279657	0.835641	0.472753	-0.952119	-0.304737	-0.024571	0.123533	-0.456989	0.880852
29824	4.887469	-0.223193	9.048996	-0.001547	-0.003041	0.000022	-0.279653	0.835631	0.472774	-0.952122	-0.304726	-0.024588	0.123520	-0.457015	0.880841
29825	4.887006	-0.272080	9.049752	-0.000010	-0.001526	0.000014	-0.279730	0.835583	0.472814	-0.952107	-0.304766	-0.024695	0.123463	-0.457077	0.880816
29826	4.887570	-0.223004	9.073252	-0.003057	0.000034	0.001515	-0.279744	0.835582	0.472807	-0.952108	-0.304761	-0.024733	0.123426	-0.457082	0.880819
29827	4.838621	-0.272244	9.024833	-0.000037	-0.004564	0.001567	-0.279853	0.835587	0.472734	-0.952112	-0.304723	-0.025022	0.123145	-0.457098	0.880850
29828	4.887407	-0.272580	9.049521	-0.001515	0.001536	-0.000019	-0.279856	0.835597	0.472713	-0.952115	-0.304713	-0.025043	0.123116	-0.457085	0.880861
29829	4.862797	-0.296795	9.049700	-0.001557	-0.004567	0.000035	-0.279777	0.835631	0.472701	-0.952152	-0.304594	-0.025093	0.123013	-0.457104	0.880865
29830	4.838230	-0.320709	9.074170	-0.006114	-0.003037	-0.003047	-0.279745	0.835630	0.472721	-0.952169	-0.304536	-0.025141	0.122952	-0.457143	0.880854
29831	4.888245	-0.273260	9.049047	-0.003073	-0.004584	-0.003022	-0.279615	0.835688	0.472695	-0.952223	-0.304364	-0.025180	0.122829	-0.457152	0.880866
29832	4.863926	-0.297499	9.049070	-0.004593	-0.004587	-0.004553	-0.279567	0.835686	0.472728	-0.952243	-0.304300	-0.025208	0.122785	-0.457199	0.880848
29833	4.889330	-0.274154	9.024127	-0.006135	-0.006089	-0.003020	-0.279513	0.835670	0.472788	-0.952269	-0.304213	-0.025274	0.122707	-0.457285	0.880814
29834	4.914658	-0.225679	9.047612	-0.006119	-0.003024	-0.001520	-0.279495	0.835666	0.472806	-0.952282	-0.304167	-0.025330	0.122645	-0.457324	0.880803
29835	4.866083	-0.249895	9.023064	0.004536	-0.006134	0.000069	-0.279397	0.835694	0.472814	-0.952313	-0.304074	-0.025297	0.122630	-0.457334	0.880799
29836	4.866803	-0.224756	9.046757	0.003005	-0.006110	0.001590	-0.279405	0.835667	0.472857	-0.952306	-0.304095	-0.025286	0.122663	-0.457370	0.880776
29837	4.890984	-0.274135	9.023231	0.003047	-0.000007	0.001536	-0.279457	0.835651	0.472855	-0.952297	-0.304118	-0.025355	0.122615	-0.457384	0.880775
29838	4.866855	-0.248405	9.071311	0.001479	-0.006100	0.001585	-0.279465	0.835623	0.472898	-0.952292	-0.304132	-0.025359	0.122633	-0.457424	0.880752
29839	4.891768	-0.249109	9.046885	0.001510	-0.001523	0.001544	-0.279370	0.835640	0.472926	-0.952314	-0.304071	-0.025277	0.122680	-0.457436	0.880740
29840	4.891830	-0.249222	9.046849	-0.001536	0.000037	0.003047	-0.279399	0.835636	0.472915	-0.952309	-0.304083	-0.025313	0.122653	-0.457434	0.880744
29841	4.867236	-0.273913	9.022703	-0.000005	0.000014	0.001526	-0.279400	0.835656	0.472880	-0.952322	-0.304036	-0.025395	0.122551	-0.457429	0.880761
29842	4.891711	-0.274320	9.022832	-0.000015	-0.001512	0.001539	-0.279412	0.835650	0.472882	-0.952319	-0.304043	-0.025411	0.122542	-0.457435	0.880759
29843	4.867827	-0.225245	9.021881	0.000026	0.004591	0.001486	-0.279149	0.835882	0.472628	-0.952428	-0.303703	-0.025409	0.122300	-0.457237	0.880896
29844	4.891328	-0.274110	9.047356	-0.000036	-0.003011	0.004604	-0.279187	0.835862	0.472641	-0.952417	-0.303733	-0.025440	0.122293	-0.457254	0.880888
29845	4.866890	-0.273421	9.071526	0.000005	-0.000014	-0.001526	-0.279173	0.835895	0.472591	-0.952437	-0.303664	-0.025526	0.122172	-0.457240	0.880912
29846	4.890945	-0.323473	9.023733	-0.000010	0.000027	0.003052	-0.279200	0.835894	0.472577	-0.952431	-0.303680	-0.025550	0.122156	-0.457231	0.880919
29847	4.892219	-0.225878	9.022049	0.000016	0.001512	-0.001539	-0.279120	0.835893	0.472625	-0.952446	-0.303640	-0.025466	0.122221	-0.457258	0.880896
29848	4.866975	-0.273928	9.047154	-0.000016	-0.001512	0.001539	-0.279131	0.835890	0.472625	-0.952445	-0.303644	-0.025481	0.122210	-0.457262	0.880895
29849	4.843105	-0.249226	9.046447	-0.000021	-0.003052	0.000027	-0.279110	0.835913	0.472597	-0.952465	-0.303574	-0.025564	0.122099	-0.457267	0.880908
29850	4.891954	-0.274774	9.022686	-0.000015	-0.001512	0.001539	-0.279121	0.835909	0.472596	-0.952463	-0.303577	-0.025580	0.122087	-0.457271	0.880908
29851	4.892350	-0.250685	9.022215	-0.004588	0.000058	0.003036	-0.279134	0.835905	0.472597	-0.952471	-0.303547	-0.025667	0.122000	-0.457299	0.880905
29852	4.892075	-0.275444	9.022601	-0.001536	-0.001515	0.000008	-0.279130	0.835906	0.472597	-0.952475	-0.303531	-0.025689	0.121974	-0.457307	0.880904
29853	4.867411	-0.274492	9.071213	-0.003057	0.000034	0.001516	-0.279181	0.835917	0.472547	-0.952481	-0.303498	-0.025850	0.121809	-0.457309	0.880926
29854	4.892650	-0.226862	9.046104	-0.004583	0.000045	0.001510	-0.279193	0.835921	0.472532	-0.952485	-0.303480	-0.025907	0.121748	-0.457313	0.880933
29855	4.891896	-0.276096	9.046988	-0.003046	0.001560	0.001502	-0.279186	0.835965	0.472460	-0.952508	-0.303399	-0.026025	0.121588	-0.457288	0.880968
29856	4.867500	-0.276400	9.022485	0.000006	0.001539	0.001513	-0.279200	0.835976	0.472431	-0.952507	-0.303402	-0.026042	0.121566	-0.457265	0.880983
29857	4.867787	-0.252492	8.997761	0.000016	0.003065	0.001499	-0.279099	0.836009	0.472434	-0.952533	-0.303328	-0.025964	0.121596	-0.457255	0.880984
29858	4.891596	-0.251944	9.046900	0.003063	0.003057	0.003035	-0.279129	0.836022	0.472391	-0.952523	-0.303357	-0.025961	0.121600	-0.457210	0.881006
29859	4.891180	-0.276326	9.047368	-0.000016	-0.001512	0.001539	-0.279032	0.836013	0.472466	-0.952540	-0.303312	-0.025856	0.121688	-0.457257	0.880970
29860	4.891535	-0.252527	9.022605	-0.001504	0.004615	0.003006	-0.279063	0.836034	0.472410	-0.952537	-0.303321	-0.025892	0.121645	-0.457214	0.880998
29861	4.892250	-0.178822	9.045816	0.007599	-0.001525	0.006143	-0.279026	0.836008	0.472477	-0.952529	-0.303357	-0.025762	0.121792	-0.457237	0.880966
29862	4.965264	-0.203666	9.046690	0.013692	-0.001541	0.009215	-0.279109	0.835982	0.472475	-0.952489	-0.303487	-0.025692	0.121912	-0.457198	0.880969
29863	4.966467	-0.130036	8.996683	0.028969	0.004523	0.016843	-0.279043	0.836005	0.472473	-0.952458	-0.303620	-0.025290	0.122310	-0.457068	0.880982
29864	4.865303	-0.322509	8.999948	0.021378	0.010694	0.018288	-0.279225	0.836007	0.472361	-0.952383	-0.303860	-0.025193	0.122471	-0.456904	0.881045
29865	4.888649	-0.296452	9.049120	0.022915	0.012209	0.018279	-0.279599	0.835910	0.472312	-0.952258	-0.304247	-0.025254	0.122590	-0.456824	0.881070
29866	4.864141	-0.247209	8.999879	0.016822	0.012225	0.015206	-0.279756	0.835928	0.472188	-0.952198	-0.304442	-0.025184	0.122702	-0.456661	0.881138
29867	4.787089	-0.415458	9.051870	0.012216	0.007667	0.013706	-0.279924	0.835883	0.472167	-0.952136	-0.304635	-0.025175	0.122796	-0.456614	0.881150
29868	4.861968	-0.294977	9.001601	0.009151	0.003055	0.007634	-0.279998	0.835882	0.472126	-0.952106	-0.304732	-0.025137	0.122860	-0.456552	0.881173
29869	4.861620	-0.269436	9.050167	0.004580	0.004630	0.009129	-0.279927	0.835916	0.472108	-0.952114	-0.304718	-0.025002	0.122960	-0.456500	0.881186
29870	4.886032	-0.245282	9.050089	0.006105	0.003064	0.006097	-0.279985	0.835919	0.472067	-0.952093	-0.304788	-0.024982	0.122997	-0.456446	0.881208
29871	4.860517	-0.293710	9.051025	0.000018	0.004621	0.004534	-0.279985	0.835964	0.471988	-0.952104	-0.304748	-0.025035	0.122909	-0.456391	0.881249
29872	4.884498	-0.294399	9.051428	-0.003028	0.004629	0.002997	-0.280015	0.835985	0.471934	-0.952102	-0.304750	-0.025081	0.122854	-0.456352	0.881277
29873	4.883878	-0.319514	9.027700	0.000029	0.004592	0.001483	-0.280145	0.835939	0.471937	-0.952072	-0.304833	-0.025207	0.122791	-0.456380	0.881272
29874	4.883686	-0.293977	9.076178	0.006098	-0.000032	0.001549	-0.280157	0.835942	0.471925	-0.952063	-0.304865	-0.025167	0.122835	-0.456353	0.881279
29875	4.933678	-0.246221	9.026786	0.009138	-0.001581	0.001575	-0.280302	0.835811	0.472071	-0.951998	-0.305070	-0.025136	0.123006	-0.456457	0.881202
29876	4.909532	-0.220165	9.050531	0.012191	-0.000049	0.004624	-0.280344	0.835803	0.472059	-0.951973	-0.305156	-0.025058	0.123109	-0.456412	0.881211
29877	4.884707	-0.243898	9.026541	0.010694	0.004555	0.006100	-0.280272	0.835882	0.471964	-0.951991	-0.305107	-0.024964	0.123132	-0.456302	0.881264
29878	4.857975	-0.340244	9.052999	0.004632	0.009164	0.004507	-0.280323	0.835917	0.471870	-0.951975	-0.305158	-0.024951	0.123137	-0.456203	0.881315
29879	4.858021	-0.341366	8.980050	0.006104	0.001509	0.003060	-0.280416	0.835887	0.471869	-0.951950	-0.305228	-0.025020	0.123114	-0.456212	0.881314
29880	4.783167	-0.386952	9.078149	0.000012	0.001526	-0.000015	-0.280416	0.835901	0.471843	-0.951953	-0.305220	-0.025027	0.123096	-0.456191	0.881327
29881	4.832749	-0.388882	9.005193	0.003021	-0.006171	-0.004507	-0.280267	0.835950	0.471846	-0.952002	-0.305069	-0.024992	0.123054	-0.456202	0.881327
29882	4.832708	-0.437307	9.005773	-0.000048	-0.009214	-0.006015	-0.280196	0.835934	0.471916	-0.952022	-0.305010	-0.024971	0.123065	-0.456271	0.881290
29883	4.835958	-0.289248	9.051055	0.005990	-0.019986	-0.010466	-0.280176	0.835840	0.472095	-0.952029	-0.304980	-0.025040	0.123050	-0.456464	0.881192
29884	4.938111	-0.118768	9.047451	0.009019	-0.021505	-0.007388	-0.280078	0.835772	0.472274	-0.952041	-0.304951	-0.024935	0.123181	-0.456608	0.881099
29885	4.914967	-0.166792	8.998521	0.015159	-0.015418	-0.004374	-0.279901	0.835719	0.472471	-0.952056	-0.304928	-0.024652	0.123467	-0.456719	0.881002
29886	4.939217	-0.238493	9.023964	0.013664	-0.009258	0.000138	-0.279889	0.835684	0.472540	-0.952042	-0.304983	-0.024540	0.123609	-0.456746	0.880967
29887	4.966113	-0.114981	9.021397	0.027432	-0.004784	0.000140	-0.279805	0.835726	0.472517	-0.952045	-0.304988	-0.024339	0.123771	-0.456667	0.880986
29888	4.816590	-0.304633	9.073067	0.025940	-0.000195	0.000089	-0.279803	0.835732	0.472506	-0.952015	-0.305098	-0.024118	0.124004	-0.456581	0.880998
29889	4.816604	-0.351933	9.025104	0.028928	-0.009388	-0.001333	-0.279561	0.835833	0.472471	-0.952061	-0.304979	-0.023805	0.124197	-0.456476	0.881025
29890	4.892166	-0.277509	8.999204	0.030429	-0.014009	-0.004332	-0.279498	0.835791	0.472582	-0.952039	-0.305072	-0.023524	0.124510	-0.456491	0.880973
29891	4.967784	-0.202968	8.973209	0.033485	-0.010916	0.001749	-0.279224	0.835866	0.472611	-0.952074	-0.304995	-0.023078	0.124854	-0.456405	0.880969
29892	4.968935	-0.150814	8.996321	0.032023	-0.001733	0.003173	-0.279247	0.835859	0.472611	-0.952029	-0.305156	-0.022817	0.125149	-0.456311	0.880976
29893	4.869666	-0.243920	9.022253	0.028985	0.001374	0.006181	-0.279261	0.835913	0.472507	-0.952011	-0.305221	-0.022691	0.125251	-0.456169	0.881035
29894	4.869704	-0.217911	8.997627	0.025987	0.009043	0.007614	-0.279340	0.835941	0.472411	-0.951961	-0.305391	-0.022505	0.125458	-0.456003	0.881091
29895	4.868861	-0.215393	9.022455	0.024447	0.005969	0.004591	-0.279338	0.835969	0.472362	-0.951937	-0.305480	-0.022314	0.125644	-0.455892	0.881122
29896	4.769515	-0.259289	9.096424	0.021374	0.004501	0.007649	-0.279411	0.835977	0.472306	-0.951892	-0.305630	-0.022168	0.125819	-0.455778	0.881156
29897	4.842145	-0.308263	9.073663	0.016745	-0.004688	0.001634	-0.279244	0.836026	0.472317	-0.951920	-0.305560	-0.021939	0.125979	-0.455734	0.881156
29898	4.891703	-0.308548	9.025000	0.018281	-0.004735	-0.001412	-0.279219	0.836020	0.472343	-0.951905	-0.305619	-0.021777	0.126151	-0.455706	0.881146
29899	4.918107	-0.208913	9.047030	0.019776	-0.009341	-0.002880	-0.279021	0.836068	0.472375	-0.951941	-0.305522	-0.021539	0.126313	-0.455683	0.881134
29900	4.893279	-0.280923	9.023892	0.012170	-0.003091	0.004653	-0.279055	0.836051	0.472385	-0.951917	-0.305604	-0.021459	0.126422	-0.455660	0.881131
29901	4.868149	-0.352099	9.049582	0.012151	-0.009301	-0.004431	-0.278893	0.836151	0.472304	-0.951977	-0.305418	-0.021435	0.126328	-0.455601	0.881175
29902	4.894619	-0.277661	9.047576	0.016726	-0.010898	-0.007450	-0.278801	0.836136	0.472384	-0.951981	-0.305418	-0.021257	0.126501	-0.455627	0.881136
29903	4.846358	-0.298832	9.071729	0.016719	-0.012442	-0.008958	-0.278607	0.836118	0.472530	-0.952009	-0.305348	-0.021013	0.126717	-0.455707	0.881064
29904	4.898978	-0.152497	9.019094	0.013644	-0.015470	-0.008931	-0.278495	0.836087	0.472651	-0.952021	-0.305322	-0.020855	0.126874	-0.455781	0.881003
29905	4.949136	-0.151634	9.018688	0.013647	-0.013908	-0.005897	-0.278512	0.836008	0.472781	-0.952006	-0.305368	-0.020844	0.126947	-0.455896	0.880933
29906	4.901501	-0.149947	8.993443	0.016721	-0.009298	-0.001366	-0.278480	0.835982	0.472846	-0.951993	-0.305420	-0.020696	0.127115	-0.455910	0.880902
29907	4.926237	-0.173013	9.018151	0.010596	-0.009160	0.006245	-0.278530	0.835955	0.472864	-0.951981	-0.305452	-0.020749	0.127092	-0.455937	0.880891
29908	4.927619	-0.098106	9.040569	0.021343	-0.000067	0.007690	-0.278597	0.835943	0.472845	-0.951937	-0.305600	-0.020604	0.127278	-0.455859	0.880905
29909	4.902258	-0.144434	9.066095	0.022868	0.001504	0.012254	-0.278804	0.835842	0.472902	-0.951850	-0.305875	-0.020545	0.127476	-0.455860	0.880876
29910	4.877000	-0.192612	9.018574	0.022903	0.006081	0.012197	-0.278922	0.835844	0.472829	-0.951791	-0.306069	-0.020408	0.127660	-0.455726	0.880918
29911	4.900018	-0.239641	9.044653	0.024417	0.004543	0.012220	-0.279287	0.835735	0.472806	-0.951676	-0.306417	-0.020533	0.127716	-0.455693	0.880927
29912	4.924681	-0.189708	9.019557	0.036656	0.009046	0.013725	-0.279425	0.835745	0.472707	-0.951595	-0.306686	-0.020284	0.128020	-0.455493	0.880986
29913	5.021934	-0.165801	8.971331	0.029063	0.013682	0.013643	-0.279425	0.835876	0.472475	-0.951582	-0.306736	-0.020112	0.128114	-0.455218	0.881115
29914	4.946163	-0.185469	9.021405	0.038323	0.027362	0.015019	-0.279598	0.835966	0.472213	-0.951495	-0.307023	-0.019855	0.128382	-0.454859	0.881261
29915	4.892982	-0.279150	9.049568	0.035286	0.030478	0.018021	-0.279759	0.835989	0.472077	-0.951393	-0.307360	-0.019512	0.128786	-0.454590	0.881341
29916	4.865742	-0.301357	9.027125	0.035269	0.025819	0.011979	-0.279901	0.836081	0.471830	-0.951318	-0.307608	-0.019266	0.129031	-0.454253	0.881479
29917	4.864241	-0.249922	9.027127	0.036777	0.024302	0.013531	-0.280058	0.836148	0.471619	-0.951241	-0.307859	-0.019055	0.129259	-0.453960	0.881596
29918	4.911781	-0.199218	9.027342	0.036758	0.021229	0.012047	-0.280195	0.836218	0.471413	-0.951164	-0.308114	-0.018797	0.129531	-0.453657	0.881712
29919	4.934178	-0.197067	9.028677	0.033713	0.022801	0.013540	-0.280277	0.836310	0.471202	-0.951110	-0.308294	-0.018559	0.129747	-0.453367	0.881830
29920	4.882309	-0.218380	9.030473	0.032284	0.035041	0.014889	-0.280459	0.836434	0.470873	-0.951030	-0.308552	-0.018353	0.129937	-0.452962	0.882010
29921	4.780707	-0.236653	9.105249	0.035309	0.030395	0.011915	-0.280683	0.836540	0.470551	-0.950955	-0.308789	-0.018282	0.130007	-0.452604	0.882183
29922	4.827589	-0.237131	9.033841	0.032199	0.024340	0.013516	-0.280839	0.836620	0.470316	-0.950879	-0.309035	-0.018072	0.130225	-0.452289	0.882313
29923	4.825802	-0.184330	9.082477	0.038309	0.024266	0.012016	-0.281045	0.836674	0.470095	-0.950794	-0.309305	-0.017930	0.130401	-0.452003	0.882434
29924	4.774883	-0.205525	9.059424	0.044335	0.016631	0.015207	-0.281208	0.836714	0.469928	-0.950697	-0.309619	-0.017621	0.130755	-0.451714	0.882529
29925	4.846362	-0.203037	9.085372	0.038231	0.016683	0.015179	-0.281291	0.836804	0.469717	-0.950643	-0.309801	-0.017383	0.130973	-0.451423	0.882646
29926	4.868932	-0.251351	9.014812	0.048913	0.018163	0.018257	-0.281485	0.836841	0.469535	-0.950531	-0.310161	-0.017047	0.131366	-0.451107	0.882749
29927	4.820026	-0.148282	9.036706	0.058042	0.016604	0.021375	-0.281633	0.836865	0.469404	-0.950417	-0.310535	-0.016601	0.131873	-0.450805	0.882828
29928	4.817669	-0.167236	9.087125	0.053430	0.015191	0.025954	-0.281895	0.836865	0.469247	-0.950277	-0.310979	-0.016262	0.132317	-0.450499	0.882917
29929	4.891215	-0.090690	9.110385	0.063952	0.001487	0.033853	-0.281986	0.836869	0.469185	-0.950166	-0.311347	-0.015724	0.132920	-0.450238	0.882960
29930	4.891090	-0.114489	8.989657	0.076268	0.015180	0.038268	-0.282365	0.836830	0.469026	-0.949961	-0.311996	-0.015240	0.133581	-0.449860	0.883053
29931	4.791658	-0.103917	9.111105	0.073014	-0.001420	0.047686	-0.282904	0.836678	0.468973	-0.949730	-0.312709	-0.015025	0.134081	-0.449649	0.883085
29932	4.838885	-0.172325	9.138515	0.086728	-0.001473	0.052331	-0.283395	0.836519	0.468959	-0.949470	-0.313523	-0.014515	0.134888	-0.449376	0.883100
29933	4.719818	-0.016568	9.180807	0.089633	-0.010443	0.064712	-0.283798	0.836346	0.469024	-0.949222	-0.314299	-0.013913	0.135778	-0.449156	0.883076
29934	4.822243	0.157474	9.199263	0.077281	-0.020861	0.072472	-0.284453	0.836037	0.469179	-0.948916	-0.315237	-0.013580	0.136550	-0.449074	0.882999
29935	4.556287	0.274094	9.532961	0.020462	-0.049057	0.083409	-0.285237	0.835486	0.469684	-0.948631	-0.316082	-0.013843	0.136893	-0.449505	0.882726
29936	4.430236	-0.113385	9.616904	0.011125	-0.059355	0.098820	-0.286088	0.834919	0.470175	-0.948338	-0.316944	-0.014220	0.137147	-0.449953	0.882459
29937	4.390712	-0.193578	9.614011	-0.083330	-0.172481	0.112735	-0.286828	0.833794	0.471718	-0.948149	-0.317454	-0.015398	0.136910	-0.451676	0.881615
29938	4.272950	-0.572992	10.447775	-0.286406	-0.202048	0.030209	-0.286835	0.832795	0.473475	-0.948455	-0.316395	-0.018074	0.134753	-0.454254	0.880622
29939	3.627348	0.340047	9.349232	-0.053874	-0.516031	0.133622	-0.287253	0.830133	0.477875	-0.948202	-0.317092	-0.019137	0.135644	-0.458619	0.878220
29940	4.314084	-0.729023	9.896868	-0.261056	-0.607903	0.139821	-0.287751	0.826897	0.483157	-0.948158	-0.317031	-0.022107	0.134896	-0.464470	0.875255
29941	4.598274	0.226916	9.591048	-0.257843	-0.713216	0.142964	-0.288015	0.823244	0.489201	-0.948149	-0.316838	-0.025034	0.134388	-0.471045	0.871812
29942	4.330674	0.132862	9.661537	-0.292919	-0.831553	0.160167	-0.288412	0.818801	0.496371	-0.948086	-0.316746	-0.028380	0.133986	-0.478787	0.867647
29943	4.439856	0.395759	9.980171	-0.342853	-1.032014	0.186200	-0.288857	0.813208	0.505227	-0.947991	-0.316651	-0.032323	0.133696	-0.488288	0.862381
29944	4.697765	0.689524	10.261598	-0.475819	-1.194392	0.233002	-0.289469	0.806586	0.515390	-0.947956	-0.316173	-0.037609	0.132618	-0.499454	0.856130
29945	4.579828	0.283431	9.830205	-0.593687	-1.381487	0.286269	-0.290588	0.798693	0.526923	-0.947869	-0.315547	-0.044435	0.130779	-0.512366	0.848750
29946	4.753148	0.599934	10.321461	-0.706708	-1.571887	0.347413	-0.291837	0.789443	0.540010	-0.947778	-0.314618	-0.052266	0.128636	-0.527063	0.840034
29947	4.995529	0.592682	9.872897	-0.897256	-1.724395	0.436172	-0.294058	0.778897	0.553940	-0.947592	-0.313313	-0.062477	0.124894	-0.543281	0.830209
29948	5.290607	0.684320	10.096242	-1.053222	-1.884246	0.542816	-0.296886	0.766810	0.569088	-0.947285	-0.311677	-0.074222	0.120458	-0.561123	0.818920
29949	5.544267	0.501751	10.236346	-1.299109	-2.047517	0.676765	-0.301159	0.753071	0.584967	-0.946722	-0.309533	-0.088917	0.114106	-0.580580	0.806168
29950	5.254644	0.721570	10.385420	-1.697572	-2.166131	0.792739	-0.306291	0.737842	0.601478	-0.946175	-0.305389	-0.107196	0.104591	-0.601936	0.791665
29951	5.702146	0.338135	10.055123	-1.916033	-2.486046	0.921864	-0.312498	0.719919	0.619727	-0.945241	-0.300328	-0.127757	0.094147	-0.625715	0.774349
29952	6.627199	1.195381	11.146804	-2.095399	-2.585651	1.050333	-0.320133	0.700314	0.638024	-0.943773	-0.294401	-0.150402	0.082506	-0.650299	0.755185
29953	6.724759	1.491637	11.605812	-2.547814	-2.817995	1.237515	-0.329687	0.678144	0.656831	-0.941658	-0.286109	-0.177259	0.067718	-0.676951	0.732907
29954	6.097007	0.383838	11.100371	-2.652584	-3.048419	1.379624	-0.340816	0.653215	0.676132	-0.938636	-0.276949	-0.205574	0.052970	-0.704705	0.707521
29955	7.344690	0.469432	11.530497	-2.720881	-3.332836	1.445243	-0.352766	0.625515	0.695908	-0.934894	-0.266695	-0.234194	0.039103	-0.733216	0.678871
29956	8.493880	-0.305062	11.253110	-2.625144	-3.459865	1.466648	-0.365300	0.595844	0.715211	-0.930498	-0.256016	-0.261972	0.027011	-0.761200	0.647954
29957	10.065238	-0.827980	10.412240	-2.511144	-3.316973	1.442847	-0.377874	0.566814	0.732075	-0.925717	-0.245041	-0.288101	0.016089	-0.786560	0.617304
29958	8.740886	-0.983771	9.764254	-2.554108	-3.134325	1.415163	-0.390612	0.538431	0.746668	-0.920544	-0.232453	-0.313949	0.004525	-0.809974	0.586449
29959	8.888745	-1.883206	9.488604	-2.411977	-2.995329	1.315881	-0.402552	0.511194	0.759363	-0.915379	-0.219626	-0.337409	-0.005706	-0.830930	0.556348
29960	6.790665	-1.012402	8.392962	-2.275903	-2.723093	1.279035	-0.414509	0.485608	0.769654	-0.909915	-0.206859	-0.359532	-0.015382	-0.849349	0.527608
29961	3.817511	0.381118	7.218992	-2.217214	-2.768069	1.293741	-0.426478	0.459760	0.778933	-0.904178	-0.193789	-0.380669	-0.024067	-0.866641	0.498352
29962	3.527038	0.850624	7.519272	-2.341880	-3.027387	1.420349	-0.440119	0.430621	0.787947	-0.897366	-0.179587	-0.403091	-0.032074	-0.884485	0.465464
29963	2.414172	1.000217	8.524303	-2.594644	-3.027748	1.543683	-0.455007	0.401148	0.795015	-0.889530	-0.163363	-0.426671	-0.041282	-0.901328	0.431165
29964	3.221095	2.378168	12.290080	-2.635399	-2.872502	0.703942	-0.462582	0.373986	0.803836	-0.885079	-0.142117	-0.443214	-0.051517	-0.916481	0.396747
29965	15.429317	-0.249091	10.791246	-1.988601	-1.280009	-0.910911	-0.455206	0.363682	0.812726	-0.888173	-0.121156	-0.443248	-0.062734	-0.923611	0.378164
29966	7.014397	1.141461	11.408644	-1.165304	1.133463	-1.607659	-0.440071	0.375973	0.815464	-0.894549	-0.104445	-0.434595	-0.078225	-0.920725	0.382290
29967	0.779673	-0.747883	11.226614	-0.595908	2.068701	-1.946468	-0.420761	0.397189	0.815599	-0.902511	-0.092257	-0.420670	-0.091841	-0.913088	0.397286
29968	-3.649656	-0.984279	9.267704	-0.199442	2.182431	-1.850659	-0.401860	0.418668	0.814386	-0.909929	-0.082876	-0.406400	-0.102653	-0.904350	0.414263
29969	-3.334978	-2.687897	8.087943	0.166412	1.995894	-1.465098	-0.386409	0.438239	0.811563	-0.915953	-0.079056	-0.393422	-0.108254	-0.895375	0.431955
29970	-1.237298	-3.831963	8.833507	0.600134	2.021854	-0.968152	-0.375303	0.457042	0.806387	-0.920296	-0.080051	-0.382946	-0.110471	-0.885835	0.450657
29971	1.187992	-4.381186	10.004748	1.077809	2.304319	-0.423316	-0.369026	0.478161	0.796983	-0.923087	-0.088633	-0.374239	-0.108307	-0.873789	0.474092
29972	2.377485	-4.540009	10.092171	1.559639	2.741999	0.110301	-0.367129	0.501837	0.783184	-0.924336	-0.102671	-0.367508	-0.104019	-0.858847	0.501559
29973	2.042114	-4.232876	9.635549	2.027404	3.132474	0.565362	-0.369488	0.528316	0.764435	-0.924266	-0.123984	-0.361054	-0.095973	-0.839947	0.534115
29974	1.610038	-3.613192	9.200474	2.429424	3.332387	0.885885	-0.374636	0.554770	0.742885	-0.923179	-0.148917	-0.354350	-0.085955	-0.818568	0.567941
29975	2.041552	-2.848625	8.962156	2.746575	3.400359	1.058696	-0.382089	0.580950	0.718683	-0.921266	-0.178328	-0.345640	-0.072638	-0.794164	0.603347
29976	3.070882	-2.218315	9.177467	2.961320	3.422495	1.076863	-0.389750	0.605633	0.693760	-0.919053	-0.207842	-0.334877	-0.058620	-0.768121	0.637616
29977	4.071232	-1.518529	9.505316	3.094256	3.476321	0.959533	-0.397139	0.630223	0.667158	-0.916740	-0.238183	-0.320711	-0.043214	-0.738978	0.672343
29978	4.632767	-0.596591	9.633527	3.124575	3.512273	0.734514	-0.402603	0.653821	0.640647	-0.914926	-0.265508	-0.304001	-0.028665	-0.708537	0.705092
29979	4.889619	0.055566	9.766234	3.036188	3.476495	0.411428	-0.406319	0.677027	0.613628	-0.913624	-0.290736	-0.284189	-0.014000	-0.676097	0.736680
29980	5.053428	0.389238	10.122620	2.907007	3.396993	0.005751	-0.406112	0.699456	0.588077	-0.913822	-0.309957	-0.262403	-0.001260	-0.643963	0.765056
29981	5.564069	0.205418	10.837961	2.758959	3.272150	-0.440048	-0.402966	0.721642	0.562896	-0.915141	-0.325517	-0.237814	0.011615	-0.610960	0.791576
29982	6.439353	-0.198676	11.500438	2.639786	3.195307	-0.866147	-0.395581	0.743533	0.539142	-0.918142	-0.334870	-0.211841	0.023032	-0.578810	0.815137
29983	6.351846	-0.432373	11.579096	2.504961	3.152565	-1.222359	-0.385972	0.765618	0.514640	-0.921863	-0.341009	-0.184070	0.034570	-0.545473	0.837415
29984	5.428174	-0.823381	11.607034	2.284638	2.978467	-1.457088	-0.373682	0.786399	0.491871	-0.926496	-0.341807	-0.157396	0.044349	-0.514533	0.856323
29985	7.416458	-3.043752	13.996621	2.017669	2.637840	-1.582363	-0.361398	0.805029	0.470446	-0.930826	-0.340907	-0.131701	0.054355	-0.485500	0.872545
29986	13.953824	-5.730890	16.951931	2.046694	2.668810	-1.702001	-0.347097	0.823388	0.448950	-0.935644	-0.336690	-0.105876	0.063980	-0.456807	0.887262
29987	16.791054	-7.269787	16.146111	2.230782	3.377501	-1.725923	-0.334025	0.844142	0.419347	-0.939652	-0.333169	-0.077800	0.074039	-0.420028	0.904486
29988	15.663504	-7.089751	13.174435	2.263361	4.068813	-1.669242	-0.321487	0.865907	0.383212	-0.943357	-0.327923	-0.050433	0.081994	-0.377720	0.922282
29989	13.649300	-6.324594	9.399993	2.008889	4.359276	-1.474112	-0.311973	0.886265	0.342357	-0.946040	-0.323014	-0.025889	0.087641	-0.331960	0.939213
29990	6.095136	3.932073	13.186210	-0.252857	2.446169	-0.731475	-0.307072	0.896475	0.319436	-0.948513	-0.315681	-0.025863	0.077654	-0.310931	0.947255
29991	18.776665	-12.838127	-7.537500	-0.000726	2.252905	-0.477485	-0.304880	0.904778	0.297364	-0.949728	-0.312159	-0.023939	0.071165	-0.289713	0.954464
29992	19.133235	-12.711379	-4.472869	-0.705093	1.140793	-0.433101	-0.301524	0.909385	0.286536	-0.951506	-0.306219	-0.029425	0.060984	-0.281513	0.957618
29993	21.473167	-10.184024	-3.004803	-0.026187	1.064822	-0.516630	-0.297637	0.913913	0.275998	-0.952929	-0.301901	-0.027954	0.057777	-0.271326	0.960752
29994	21.193556	-8.202015	-7.909438	-0.150089	0.522680	-0.693885	-0.291319	0.917401	0.271127	-0.955056	-0.295147	-0.027507	0.054787	-0.266955	0.962150
29995	18.438082	-6.619452	-11.903172	-0.719008	-0.399891	-0.732462	-0.284219	0.918463	0.275038	-0.957497	-0.286629	-0.032289	0.049178	-0.272525	0.960891
29996	15.148641	-8.579081	-11.336209	-1.198142	-1.430302	-0.777117	-0.276125	0.916643	0.288999	-0.960218	-0.276138	-0.041592	0.041678	-0.288987	0.956425
29997	-1.893468	-8.172977	9.938017	-0.381261	-1.836552	-0.720948	-0.268281	0.913134	0.306938	-0.962379	-0.268276	-0.043058	0.043026	-0.306943	0.950755
29998	5.376756	-5.425522	13.969281	-0.646056	-1.917976	-0.375562	-0.263857	0.908072	0.325247	-0.963652	-0.262813	-0.048002	0.041890	-0.326090	0.944410
29999	2.281330	-3.571559	12.732733	-0.680590	-1.734451	0.193845	-0.264907	0.901752	0.341567	-0.963450	-0.262159	-0.055105	0.039854	-0.343680	0.938241
30000	1.589525	-5.213431	6.854948	-0.227412	-1.986032	0.034100	-0.264420	0.894666	0.360075	-0.963453	-0.261665	-0.057359	0.042902	-0.362082	0.931158
30001	2.601464	-3.461096	8.278640	0.292440	-2.410585	-0.448084	-0.258874	0.886848	0.382734	-0.964515	-0.258638	-0.053077	0.051918	-0.382893	0.922332
30002	9.542762	-7.188985	14.328831	0.770164	-2.785675	-0.771881	-0.249781	0.877862	0.408616	-0.966022	-0.254865	-0.042969	0.066421	-0.405465	0.911694
30003	20.819209	0.249669	16.608125	1.328193	-1.864242	-0.902905	-0.239568	0.872453	0.425949	-0.967269	-0.252282	-0.027285	0.083655	-0.418543	0.904336
30004	11.473355	6.807744	10.983189	-0.329930	-0.461161	-0.006623	-0.239131	0.870544	0.430081	-0.967557	-0.250837	-0.030246	0.081550	-0.423361	0.902283
30005	4.112526	2.224857	7.980519	0.232416	-0.720423	-0.018656	-0.238159	0.867476	0.436767	-0.967466	-0.251426	-0.028172	0.085376	-0.429267	0.899133
30006	7.443135	-0.058233	9.999096	-0.183726	-0.556427	0.036048	-0.238042	0.864998	0.441718	-0.967536	-0.250946	-0.029989	0.084907	-0.434517	0.896652
30007	4.520230	-1.316723	9.381020	0.046669	-0.377805	0.014870	-0.237662	0.863265	0.445299	-0.967522	-0.251034	-0.029721	0.086128	-0.437900	0.894889
30008	7.085364	0.183474	9.783077	-0.111944	-0.469387	0.021363	-0.237472	0.861161	0.449454	-0.967567	-0.250726	-0.030827	0.086143	-0.442197	0.892772
30009	6.013946	-2.672848	9.687834	-0.020156	0.105111	-0.015795	-0.237204	0.861614	0.448726	-0.967684	-0.250249	-0.031021	0.085565	-0.441584	0.893131
30010	4.813042	-1.124892	9.578936	0.035798	-0.168012	-0.065663	-0.236431	0.861051	0.450212	-0.967809	-0.249842	-0.030416	0.086292	-0.442911	0.892403
30011	4.941335	-0.731543	8.852803	0.043339	-0.009269	-0.053176	-0.235704	0.861090	0.450519	-0.967960	-0.249318	-0.029891	0.086584	-0.443130	0.892266
30012	4.724556	-0.863200	9.211409	0.048940	-0.061032	-0.055216	-0.235124	0.860973	0.451047	-0.968047	-0.249060	-0.029215	0.087184	-0.443504	0.892022
30013	4.740224	-0.439923	9.168493	0.037179	-0.082596	-0.058587	-0.234282	0.860698	0.452007	-0.968215	-0.248463	-0.028724	0.087585	-0.444369	0.891552
30014	4.783063	-0.649796	9.062822	0.045012	-0.091565	-0.061677	-0.233611	0.860460	0.452807	-0.968320	-0.248132	-0.028053	0.088217	-0.445016	0.891167
30015	5.048542	-0.339665	9.067846	0.034539	-0.102475	-0.060334	-0.232738	0.860100	0.453940	-0.968492	-0.247513	-0.027577	0.088637	-0.446056	0.890605
30016	5.051997	-0.160823	8.944270	0.026716	-0.095065	-0.054205	-0.232135	0.859825	0.454768	-0.968594	-0.247166	-0.027103	0.089099	-0.446778	0.890197
30017	4.938288	-0.187484	9.059722	0.031244	-0.093475	-0.051112	-0.231357	0.859479	0.455817	-0.968746	-0.246613	-0.026695	0.089466	-0.447747	0.889673
30018	4.923024	-0.208296	9.054678	0.017264	-0.083130	-0.046507	-0.230839	0.859237	0.456536	-0.968838	-0.246289	-0.026340	0.089808	-0.448390	0.889315
30019	4.911684	-0.326841	8.975061	0.000239	-0.072839	-0.043439	-0.230155	0.858963	0.457396	-0.968999	-0.245666	-0.026239	0.089828	-0.449256	0.888876
30020	5.036886	-0.247675	9.071325	0.008150	-0.084834	-0.048099	-0.229619	0.858715	0.458131	-0.969103	-0.245288	-0.025957	0.090084	-0.449936	0.888506
30021	5.018675	-0.221516	9.067639	0.007836	-0.072748	-0.035774	-0.229010	0.858421	0.458986	-0.969238	-0.244767	-0.025822	0.090179	-0.450780	0.888068
30022	5.027674	-0.266473	8.965689	-0.001574	-0.062330	-0.029604	-0.228673	0.858228	0.459515	-0.969307	-0.244504	-0.025710	0.090288	-0.451291	0.887798
30023	4.981903	-0.219106	8.987741	-0.003273	-0.054751	-0.028011	-0.228156	0.857994	0.460207	-0.969434	-0.244001	-0.025708	0.090234	-0.452006	0.887439
30024	4.943288	-0.342865	9.006831	-0.007927	-0.051832	-0.024945	-0.227874	0.857836	0.460642	-0.969498	-0.243749	-0.025673	0.090257	-0.452442	0.887215
30025	4.946738	-0.317897	9.004827	-0.006504	-0.047221	-0.024897	-0.227395	0.857629	0.461264	-0.969620	-0.243260	-0.025712	0.090156	-0.453098	0.886890
30026	4.950076	-0.292532	8.978528	-0.008037	-0.047285	-0.021849	-0.227146	0.857483	0.461658	-0.969678	-0.243034	-0.025693	0.090167	-0.453495	0.886686
30027	4.932019	-0.343242	9.023897	-0.014136	-0.047408	-0.023392	-0.226683	0.857270	0.462280	-0.969802	-0.242525	-0.025804	0.089993	-0.454169	0.886359
30028	4.914385	-0.393136	9.044735	-0.000271	-0.053213	-0.021893	-0.226429	0.857097	0.462726	-0.969852	-0.242333	-0.025716	0.090092	-0.454599	0.886128
30029	4.915586	-0.293734	8.994868	-0.004531	-0.067031	-0.023564	-0.225948	0.856795	0.463519	-0.969968	-0.241868	-0.025741	0.090056	-0.455415	0.885713
30030	4.945921	-0.291423	8.991732	0.006075	-0.063750	-0.021990	-0.225683	0.856573	0.464058	-0.970012	-0.241704	-0.025596	0.090240	-0.455919	0.885435
30031	5.023861	-0.261900	8.964803	0.001527	-0.065442	-0.015907	-0.225280	0.856259	0.464833	-0.970104	-0.241335	-0.025601	0.090259	-0.456704	0.885028
30032	4.957907	-0.288801	8.985213	0.010786	-0.069806	-0.015942	-0.225067	0.855994	0.465424	-0.970131	-0.241244	-0.025442	0.090502	-0.457249	0.884722
30033	4.966688	-0.336249	9.005126	0.012417	-0.074362	-0.014460	-0.224671	0.855634	0.466275	-0.970209	-0.240939	-0.025356	0.090648	-0.458081	0.884276
30034	4.996911	-0.307294	8.928585	0.017136	-0.080372	-0.012992	-0.224477	0.855312	0.466959	-0.970223	-0.240902	-0.025155	0.090976	-0.458701	0.883921
30035	4.979659	-0.306750	8.973544	0.026217	-0.077093	-0.014490	-0.224080	0.854940	0.467832	-0.970288	-0.240662	-0.024946	0.091262	-0.459521	0.883466
30036	5.061071	-0.324313	8.944703	0.026329	-0.081727	-0.008430	-0.223928	0.854599	0.468526	-0.970284	-0.240707	-0.024685	0.091681	-0.460131	0.883105
30037	5.040653	-0.249710	8.966496	0.032430	-0.081584	-0.008436	-0.223586	0.854190	0.469434	-0.970329	-0.240549	-0.024449	0.092038	-0.460972	0.882629
30038	5.021375	-0.198726	8.963398	0.033994	-0.083088	-0.006927	-0.223446	0.853839	0.470140	-0.970314	-0.240642	-0.024128	0.092534	-0.461574	0.882262
30039	5.004402	-0.197824	9.008340	0.026232	-0.077207	-0.002280	-0.223168	0.853434	0.471006	-0.970350	-0.240510	-0.023974	0.092822	-0.462391	0.881804
30040	5.038191	-0.265803	8.905721	0.022934	-0.066615	-0.000652	-0.223104	0.853142	0.471564	-0.970332	-0.240606	-0.023780	0.093173	-0.462879	0.881511
30041	5.117499	-0.260669	8.926420	0.022965	-0.068127	-0.002192	-0.222837	0.852779	0.472348	-0.970370	-0.240462	-0.023654	0.093410	-0.463623	0.881095
30042	5.029079	-0.336501	8.922487	0.016643	-0.059105	-0.003621	-0.222750	0.852528	0.472840	-0.970364	-0.240504	-0.023502	0.093684	-0.464062	0.880835
30043	5.129074	-0.279919	8.846588	0.025812	-0.058929	0.000929	-0.222522	0.852199	0.473541	-0.970392	-0.240401	-0.023365	0.093928	-0.464720	0.880462
30044	5.137535	-0.350955	8.842480	0.019579	-0.054445	-0.005116	-0.222425	0.851973	0.473993	-0.970386	-0.240443	-0.023180	0.094219	-0.465112	0.880224
30045	5.043391	-0.305775	8.938947	0.033338	-0.055634	-0.006706	-0.222126	0.851677	0.474665	-0.970425	-0.240311	-0.022941	0.094529	-0.465723	0.879867
30046	5.021956	-0.254365	8.937123	0.045699	-0.061472	-0.003753	-0.222035	0.851414	0.475178	-0.970391	-0.240486	-0.022533	0.095089	-0.466112	0.879601
30047	5.076619	-0.271151	8.860129	0.042612	-0.060019	-0.003728	-0.221762	0.851090	0.475886	-0.970413	-0.240426	-0.022226	0.095499	-0.466735	0.879226
30048	5.013447	-0.345632	8.954226	0.033552	-0.064788	-0.006776	-0.221637	0.850818	0.476430	-0.970397	-0.240518	-0.021911	0.095948	-0.467182	0.878940
30049	5.037682	-0.195010	8.977160	0.038496	-0.079946	-0.005393	-0.221330	0.850404	0.477311	-0.970426	-0.240426	-0.021631	0.096363	-0.467983	0.878468
30050	4.930704	-0.368728	8.947493	0.006399	-0.079146	-0.009792	-0.221161	0.850072	0.477980	-0.970443	-0.240366	-0.021540	0.096579	-0.468617	0.878106
30051	5.123565	-0.138237	8.944089	0.025318	-0.103163	-0.003979	-0.220847	0.849545	0.479062	-0.970481	-0.240228	-0.021383	0.096918	-0.469643	0.877521
30052	4.988664	-0.144979	9.037876	0.005910	-0.121929	-0.005523	-0.220678	0.848999	0.480105	-0.970489	-0.240202	-0.021317	0.097224	-0.470641	0.876952
30053	4.979198	-0.219388	9.030778	-0.009062	-0.131512	0.003667	-0.220412	0.848318	0.481430	-0.970543	-0.239969	-0.021497	0.097292	-0.471986	0.876221
30054	5.111447	-0.188310	8.924363	0.003826	-0.158714	0.007942	-0.220337	0.847564	0.482791	-0.970523	-0.240047	-0.021514	0.097658	-0.473300	0.875471
30055	4.933566	-0.199728	9.065848	0.008683	-0.167815	0.015462	-0.220151	0.846679	0.484426	-0.970532	-0.240001	-0.021594	0.097980	-0.474905	0.874566
30056	4.949189	-0.198403	9.007999	0.030950	-0.199467	0.031806	-0.220266	0.845668	0.486136	-0.970434	-0.240410	-0.021490	0.098699	-0.476496	0.873619
30057	5.020908	-0.292831	8.945936	0.010475	-0.235102	0.037855	-0.220233	0.844403	0.488346	-0.970391	-0.240565	-0.021662	0.099187	-0.478657	0.872381
30058	5.089189	-0.240814	8.908527	0.047895	-0.267835	0.040234	-0.220359	0.843036	0.490645	-0.970257	-0.241126	-0.021454	0.100221	-0.480780	0.871095
30059	4.972231	-0.223250	9.093708	0.057823	-0.298182	0.045987	-0.220340	0.841435	0.493393	-0.970148	-0.241581	-0.021257	0.101308	-0.483348	0.869547
30060	4.953937	-0.270841	9.029419	0.057787	-0.359299	0.053189	-0.220492	0.839580	0.496477	-0.969973	-0.242300	-0.021030	0.102640	-0.486206	0.867795
30061	4.945103	-0.271156	9.133498	0.074742	-0.435250	0.052397	-0.220391	0.837277	0.500395	-0.969831	-0.242897	-0.020722	0.104194	-0.489865	0.865549
30062	4.724481	-0.279859	9.242779	0.088678	-0.503729	0.063899	-0.220482	0.834659	0.504710	-0.969599	-0.243859	-0.020289	0.106143	-0.493839	0.863051
30063	4.773217	-0.130176	9.291263	0.070029	-0.621762	0.071189	-0.220355	0.831348	0.510200	-0.969415	-0.244600	-0.020125	0.108064	-0.499030	0.859820
30064	4.735793	-0.130993	9.215153	0.069429	-0.728740	0.078185	-0.220319	0.827514	0.516411	-0.969169	-0.245588	-0.019943	0.110321	-0.504884	0.856108
30065	4.762767	-0.083052	9.253710	0.054099	-0.868109	0.080846	-0.220270	0.822768	0.523959	-0.968895	-0.246664	-0.019983	0.112801	-0.512063	0.851509
30066	4.798623	-0.107605	9.162841	0.061776	-1.016225	0.082793	-0.219912	0.817334	0.532544	-0.968644	-0.247653	-0.019908	0.115614	-0.520224	0.846168
30067	4.740784	-0.114851	9.269057	0.052036	-1.189306	0.097435	-0.219620	0.810711	0.542692	-0.968326	-0.248880	-0.020073	0.118792	-0.529911	0.839692
30068	4.780334	0.320787	9.341135	0.065339	-1.365158	0.114174	-0.219080	0.803134	0.554057	-0.967999	-0.250141	-0.020165	0.122397	-0.540745	0.832234
30069	5.021675	0.417237	9.383140	-0.012548	-1.523193	0.147669	-0.218744	0.794312	0.566763	-0.967658	-0.251375	-0.021171	0.125654	-0.553064	0.823609
30070	5.406670	0.118134	9.122560	-0.165654	-1.687384	0.172224	-0.218274	0.784447	0.580517	-0.967494	-0.251796	-0.023527	0.127716	-0.566782	0.813908
30071	5.172441	0.014901	9.723153	-0.269310	-1.797571	0.219415	-0.218246	0.773443	0.595109	-0.967315	-0.252129	-0.027063	0.129112	-0.581564	0.803190
30072	4.694239	0.726906	10.852672	-0.478470	-2.122856	0.279723	-0.218213	0.760225	0.611917	-0.967325	-0.251438	-0.032576	0.129094	-0.599031	0.790251
30073	4.341559	1.061335	10.369525	-0.623808	-2.485295	0.364590	-0.218668	0.744060	0.631316	-0.967294	-0.250520	-0.039782	0.128557	-0.619367	0.774505
30074	4.942698	0.858918	10.110520	-0.799412	-2.853324	0.468229	-0.219552	0.724908	0.652921	-0.967292	-0.248904	-0.048917	0.127054	-0.642305	0.755845
30075	5.996151	-0.036313	9.677153	-0.910620	-3.037075	0.575132	-0.221235	0.703585	0.675295	-0.967194	-0.246956	-0.059563	0.124860	-0.666319	0.735139
30076	6.644749	0.340746	9.516178	-1.140562	-3.168913	0.691722	-0.224032	0.680398	0.697760	-0.967058	-0.243988	-0.072580	0.120862	-0.691035	0.712646
30077	6.689194	0.744628	9.212277	-1.273343	-3.398741	0.823938	-0.227933	0.654461	0.720921	-0.966723	-0.240446	-0.087368	0.116164	-0.716845	0.687488
