// General information: 
//  MT Manager version: 2022.2.0 
//  XDA version: 2022.2.0 build 7381 rev 124627 built on 2023-07-19
// Device information: 
//  DeviceId: 00B4CAF0
//  ProductCode: MTW2-3A7G6
//  Firmware Version: 4.6.0
//  Hardware Version: 2.0.0
// Device settings: 
//  Filter Profile: human(46.1)
//  Option Flags: Orientation Smoother Disabled, Position/Velocity Smoother Disabled, Continuous Zero Rotation Update Disabled, AHS Disabled, ICC Disabled
// Coordinate system: ENU
PacketCounter	Acc_X	Acc_Y	Acc_Z	Gyr_X	Gyr_Y	Gyr_Z	Mat[1][1]	Mat[2][1]	Mat[3][1]	Mat[1][2]	Mat[2][2]	Mat[3][2]	Mat[1][3]	Mat[2][3]	Mat[3][3]
55897	5.590570	0.295622	8.395246	0.007604	0.015479	0.005904	-0.270111	0.772115	0.575221	-0.937638	-0.346706	0.025087	0.218803	-0.532572	0.817614
55898	5.714171	0.163627	8.473071	0.014874	-0.054761	-0.001295	-0.269972	0.771828	0.575671	-0.937617	-0.346756	0.025196	0.219064	-0.532956	0.817293
55899	6.060174	0.570982	8.285203	0.013518	-0.033437	0.003494	-0.269420	0.771771	0.576005	-0.937729	-0.346426	0.025553	0.219264	-0.533252	0.817047
55900	5.919047	0.005448	8.458751	0.017421	-0.047543	-0.002375	-0.269286	0.771526	0.576396	-0.937705	-0.346480	0.025690	0.219530	-0.533572	0.816767
55901	6.201336	0.446497	8.138351	0.007414	-0.033285	0.003628	-0.268681	0.771532	0.576670	-0.937875	-0.346002	0.025946	0.219547	-0.533874	0.816565
55902	5.861072	0.213317	8.348763	0.011209	-0.021281	0.001533	-0.268641	0.771414	0.576848	-0.937855	-0.346052	0.026010	0.219684	-0.534012	0.816438
55903	6.139871	0.216016	8.247074	0.006616	-0.014527	0.005624	-0.268401	0.771379	0.577006	-0.937917	-0.345875	0.026105	0.219709	-0.534177	0.816323
55904	6.032165	0.191057	8.296489	0.004996	-0.004035	0.003361	-0.268415	0.771346	0.577043	-0.937906	-0.345906	0.026108	0.219741	-0.534204	0.816297
55905	6.075572	0.246453	8.276370	0.006752	0.012914	0.002196	-0.268306	0.771417	0.576998	-0.937937	-0.345816	0.026194	0.219742	-0.534160	0.816325
55906	6.047169	0.262934	8.262876	0.007951	0.023415	0.001738	-0.268366	0.771537	0.576811	-0.937923	-0.345850	0.026230	0.219728	-0.533965	0.816457
55907	5.998741	0.328105	8.339064	0.007134	0.024160	-0.000437	-0.268074	0.771807	0.576585	-0.938053	-0.345489	0.026333	0.219528	-0.533808	0.816613
55908	5.961292	0.310184	8.303236	0.009874	0.035576	0.002491	-0.268167	0.771989	0.576298	-0.938033	-0.345539	0.026381	0.219499	-0.533513	0.816814
55909	5.918881	0.359196	8.349919	0.007945	0.023422	0.001736	-0.268179	0.772080	0.576170	-0.938035	-0.345532	0.026411	0.219477	-0.533385	0.816903
55910	5.956873	0.311223	8.306368	0.005259	0.024322	0.002411	-0.268246	0.772202	0.575975	-0.938026	-0.345557	0.026422	0.219435	-0.533192	0.817040
55911	5.950494	0.293373	8.336721	0.008757	0.022683	0.003909	-0.267975	0.772386	0.575855	-0.938107	-0.345322	0.026627	0.219421	-0.533078	0.817118
55912	5.955266	0.277345	8.308218	0.001336	0.020423	0.004103	-0.268049	0.772482	0.575693	-0.938101	-0.345339	0.026596	0.219354	-0.532929	0.817234
55913	5.963671	0.277348	8.331678	0.003471	0.022084	0.006220	-0.268233	0.772540	0.575528	-0.938070	-0.345433	0.026478	0.219262	-0.532783	0.817353
55914	5.976388	0.295548	8.326266	0.001380	0.023732	0.005623	-0.268329	0.772648	0.575339	-0.938061	-0.345461	0.026439	0.219185	-0.532608	0.817488
55915	5.966358	0.260795	8.304705	0.000565	0.024477	0.003447	-0.268275	0.772775	0.575194	-0.938090	-0.345379	0.026486	0.219127	-0.532478	0.817588
55916	5.968279	0.191643	8.304778	0.000654	0.031094	0.006487	-0.268394	0.772919	0.574945	-0.938079	-0.345410	0.026436	0.219024	-0.532249	0.817765
55917	5.917982	0.292290	8.301056	-0.001483	0.029436	0.004368	-0.268709	0.772898	0.574824	-0.937976	-0.345699	0.026351	0.219083	-0.532091	0.817852
55918	5.971746	0.312615	8.303888	0.000009	0.027044	0.006235	-0.268818	0.773021	0.574608	-0.937967	-0.345725	0.026297	0.218985	-0.531895	0.818006
55919	5.944470	0.293701	8.290258	-0.002124	0.034402	0.006193	-0.268464	0.773296	0.574404	-0.938094	-0.345366	0.026508	0.218878	-0.531728	0.818143
55920	5.989613	0.278958	8.270582	-0.007369	0.037114	0.010018	-0.268629	0.773460	0.574106	-0.938091	-0.345382	0.026373	0.218684	-0.531480	0.818356
55921	5.952714	0.222972	8.315304	-0.004772	0.038619	0.008381	-0.269046	0.773511	0.573843	-0.937998	-0.345653	0.026144	0.218573	-0.531230	0.818548
55922	5.701812	0.258957	8.322749	-0.002218	0.045835	0.007302	-0.269205	0.773729	0.573473	-0.937992	-0.345676	0.026066	0.218404	-0.530896	0.818809
55923	5.483462	0.257489	8.556195	0.000811	-0.018783	-0.001977	-0.269053	0.773625	0.573686	-0.938018	-0.345600	0.026126	0.218477	-0.531099	0.818658
55924	6.052654	0.350660	8.269992	0.006737	-0.031676	0.003981	-0.269011	0.773443	0.573950	-0.938001	-0.345644	0.026141	0.218601	-0.531334	0.818473
55925	5.788871	0.227816	8.416684	0.006906	-0.018924	-0.002106	-0.268794	0.773345	0.574183	-0.938027	-0.345561	0.026301	0.218755	-0.531530	0.818304
55926	6.088508	0.354022	8.252376	0.010272	-0.039022	0.004927	-0.268745	0.773121	0.574508	-0.938000	-0.345632	0.026339	0.218932	-0.531810	0.818075
55927	6.060896	0.230429	8.291790	0.000937	-0.008851	0.002582	-0.268440	0.773092	0.574690	-0.938069	-0.345433	0.026512	0.219013	-0.531982	0.817941
55928	6.098564	0.301983	8.301010	0.010320	-0.000130	0.002587	-0.268454	0.773083	0.574696	-0.938048	-0.345486	0.026564	0.219086	-0.531961	0.817936
55929	6.072755	0.284052	8.286300	0.007384	0.026003	0.004521	-0.268516	0.773183	0.574532	-0.938041	-0.345506	0.026560	0.219040	-0.531803	0.818051
55930	5.936953	0.241017	8.322088	0.008619	0.030810	0.003499	-0.268606	0.773335	0.574285	-0.938021	-0.345556	0.026594	0.219014	-0.531549	0.818223
55931	5.922108	0.275831	8.302518	0.005718	0.033205	0.000721	-0.268221	0.773653	0.574037	-0.938161	-0.345160	0.026826	0.218889	-0.531344	0.818390
55932	5.871423	0.290044	8.326117	0.006013	0.029317	0.005131	-0.268323	0.773792	0.573803	-0.938142	-0.345209	0.026829	0.218842	-0.531110	0.818554
55933	5.879351	0.290281	8.349867	0.004050	0.022857	0.004938	-0.268435	0.773839	0.573686	-0.938114	-0.345289	0.026801	0.218827	-0.530988	0.818637
55934	5.848603	0.253563	8.364363	0.001449	0.012337	0.004498	-0.268494	0.773890	0.573590	-0.938107	-0.345309	0.026770	0.218783	-0.530902	0.818705
55935	5.837180	0.338630	8.396066	0.003665	0.002577	0.005509	-0.268248	0.773983	0.573579	-0.938199	-0.345053	0.026840	0.218689	-0.530932	0.818710
55936	5.933428	0.310584	8.352572	-0.000983	-0.002986	0.005987	-0.268287	0.773947	0.573610	-0.938194	-0.345071	0.026781	0.218663	-0.530972	0.818691
55937	5.940240	0.293936	8.322732	-0.001068	-0.000585	0.005023	-0.268124	0.773947	0.573685	-0.938236	-0.344951	0.026862	0.218683	-0.531050	0.818635
55938	5.962609	0.259223	8.366358	-0.000856	-0.002075	0.008470	-0.268188	0.773908	0.573709	-0.938224	-0.344989	0.026790	0.218656	-0.531083	0.818621
55939	5.994906	0.262531	8.271357	-0.003542	0.007848	0.011212	-0.267972	0.774002	0.573682	-0.938323	-0.344721	0.026793	0.218498	-0.531119	0.818640
55940	5.999525	0.243825	8.323220	0.000768	0.013991	0.004804	-0.268036	0.774061	0.573573	-0.938317	-0.344739	0.026755	0.218443	-0.531022	0.818717
55941	5.937882	0.291631	8.324496	-0.003965	0.019853	0.006390	-0.267607	0.774247	0.573522	-0.938448	-0.344364	0.027004	0.218408	-0.530994	0.818745
55942	5.944221	0.325480	8.348719	-0.001027	0.020774	0.010686	-0.267741	0.774321	0.573360	-0.938430	-0.344418	0.026919	0.218319	-0.530851	0.818861
55943	5.929612	0.271921	8.356130	-0.001753	0.028142	0.011544	-0.267754	0.774436	0.573199	-0.938450	-0.344367	0.026896	0.218220	-0.530717	0.818975
55944	5.923967	0.254755	8.305777	-0.002479	0.026487	0.010330	-0.267896	0.774541	0.572990	-0.938436	-0.344411	0.026801	0.218102	-0.530534	0.819124
55945	5.891722	0.302544	8.374298	-0.002480	0.026489	0.010329	-0.268015	0.774614	0.572836	-0.938426	-0.344447	0.026711	0.218002	-0.530405	0.819235
55946	5.916373	0.285535	8.390597	-0.005085	0.024993	0.011960	-0.268170	0.774706	0.572639	-0.938414	-0.344489	0.026585	0.217864	-0.530243	0.819376
55947	5.925629	0.286325	8.333407	-0.007899	0.024987	0.010143	-0.268075	0.774891	0.572433	-0.938504	-0.344250	0.026494	0.217590	-0.530129	0.819523
55948	5.902274	0.283081	8.371284	-0.004407	0.023343	0.011653	-0.268223	0.774975	0.572250	-0.938492	-0.344293	0.026376	0.217462	-0.529977	0.819655
55949	5.880365	0.454464	8.354108	0.000327	0.017478	0.010071	-0.268525	0.774956	0.572135	-0.938429	-0.344481	0.026158	0.217361	-0.529883	0.819742
55950	5.895787	-0.030784	8.403202	-0.005092	0.025002	0.011955	-0.268679	0.775048	0.571938	-0.938417	-0.344523	0.026033	0.217222	-0.529721	0.819884
55951	6.077173	0.344153	8.320383	-0.002237	0.010265	0.011148	-0.268470	0.775160	0.571883	-0.938503	-0.344286	0.026083	0.217110	-0.529711	0.819921
55952	5.975844	0.146051	8.367493	-0.004749	0.051024	0.011930	-0.268680	0.775390	0.571472	-0.938490	-0.344329	0.025961	0.216904	-0.529346	0.820211
55953	6.113646	0.309910	8.332932	-0.002794	0.057503	0.012118	-0.268588	0.775753	0.571024	-0.938575	-0.344095	0.025992	0.216650	-0.528967	0.820522
55954	5.860216	0.258687	8.368085	-0.008829	0.073331	0.017330	-0.268897	0.776082	0.570431	-0.938557	-0.344158	0.025806	0.216346	-0.528443	0.820940
55955	5.879806	0.362973	8.360438	-0.000934	0.066404	0.011335	-0.268976	0.776463	0.569875	-0.938605	-0.344031	0.025733	0.216036	-0.527966	0.821328
55956	5.825454	0.116414	8.387048	-0.003312	0.066745	0.017919	-0.269275	0.776754	0.569336	-0.938574	-0.344129	0.025589	0.215801	-0.527473	0.821707
55957	5.891078	0.362770	8.331394	-0.002500	0.047933	0.015959	-0.269330	0.776976	0.569008	-0.938593	-0.344078	0.025569	0.215650	-0.527180	0.821934
55958	5.784768	0.284184	8.433636	-0.006845	0.056062	0.012806	-0.269557	0.777228	0.568555	-0.938583	-0.344117	0.025425	0.215410	-0.526783	0.822252
55959	5.860365	0.271033	8.401073	-0.005273	0.042220	0.013579	-0.269273	0.777580	0.568209	-0.938724	-0.343723	0.025518	0.215149	-0.526521	0.822488
55960	5.812429	0.251164	8.343199	-0.006483	0.040730	0.016112	-0.269497	0.777740	0.567883	-0.938704	-0.343789	0.025358	0.214954	-0.526241	0.822718
55961	5.827408	0.284383	8.390631	-0.006508	0.028370	0.012529	-0.269215	0.777975	0.567695	-0.938823	-0.343457	0.025465	0.214790	-0.526110	0.822845
55962	5.775973	0.210119	8.440984	-0.003820	0.027465	0.011870	-0.269370	0.778081	0.567477	-0.938809	-0.343504	0.025351	0.214656	-0.525924	0.822999
55963	5.904858	0.235846	8.357564	-0.005896	0.020077	0.009193	-0.269248	0.778196	0.567377	-0.938866	-0.343345	0.025384	0.214560	-0.525856	0.823067
55964	5.993633	0.273676	8.398774	-0.003025	0.026725	0.014048	-0.269422	0.778290	0.567165	-0.938845	-0.343413	0.025265	0.214436	-0.525673	0.823216
55965	6.103743	0.228142	8.351037	-0.005224	0.048891	0.016598	-0.269570	0.778498	0.566809	-0.938840	-0.343431	0.025189	0.214269	-0.525353	0.823464
55966	5.958900	0.287093	8.389681	-0.005536	0.070905	0.016307	-0.269859	0.778816	0.566234	-0.938818	-0.343503	0.025037	0.214002	-0.524834	0.823864
55967	5.905122	0.178056	8.442109	-0.004930	0.084048	0.018609	-0.269879	0.779297	0.565563	-0.938895	-0.343295	0.025004	0.213641	-0.524256	0.824326
55968	5.951486	0.389660	8.343077	-0.005965	0.082988	0.011455	-0.270147	0.779694	0.564887	-0.938886	-0.343327	0.024877	0.213337	-0.523644	0.824793
55969	5.854853	0.242550	8.467921	0.000680	0.101720	0.014209	-0.270507	0.780133	0.564109	-0.938841	-0.343457	0.024782	0.213081	-0.522905	0.825328
55970	5.703542	0.113537	8.429976	-0.002064	0.099340	0.013331	-0.270827	0.780608	0.563297	-0.938820	-0.343524	0.024676	0.212769	-0.522151	0.825886
55971	5.827667	0.311628	8.377148	-0.001793	0.074008	0.012104	-0.270827	0.781005	0.562747	-0.938866	-0.343392	0.024738	0.212563	-0.521644	0.826259
55972	5.714024	0.288041	8.348506	-0.005266	0.079014	0.012073	-0.271091	0.781377	0.562102	-0.938855	-0.343432	0.024613	0.212276	-0.521060	0.826702
55973	5.677991	0.214005	8.445682	-0.003004	0.063478	0.012563	-0.271175	0.781676	0.561647	-0.938869	-0.343392	0.024612	0.212104	-0.520639	0.827011
55974	5.714922	0.215166	8.457328	-0.002688	0.041440	0.012863	-0.271367	0.781849	0.561313	-0.938850	-0.343452	0.024504	0.211943	-0.520339	0.827241
55975	5.836185	0.257043	8.405467	-0.003427	0.036451	0.010134	-0.271271	0.782034	0.561101	-0.938887	-0.343344	0.024619	0.211904	-0.520132	0.827381
55976	5.929613	0.070457	8.472611	0.007054	0.045783	0.005191	-0.271400	0.782256	0.560729	-0.938868	-0.343395	0.024635	0.211823	-0.519765	0.827633
55977	6.026576	-0.132224	8.591789	0.030484	0.058370	-0.011808	-0.270841	0.782757	0.560301	-0.938995	-0.343001	0.025287	0.211977	-0.519271	0.827903
55978	5.978533	-0.021944	8.427862	0.057521	0.084546	-0.034351	-0.270680	0.783315	0.559598	-0.938976	-0.343003	0.025943	0.212265	-0.518427	0.828358
55979	5.825395	0.149821	8.468742	0.070427	0.084511	-0.047930	-0.270245	0.783854	0.559052	-0.938953	-0.342984	0.027013	0.212920	-0.517624	0.828692
55980	5.706264	0.326694	8.414707	0.079912	0.088494	-0.045939	-0.269985	0.784472	0.558312	-0.938917	-0.343010	0.027920	0.213409	-0.516670	0.829161
55981	5.888011	0.155385	8.525094	0.089573	0.082891	-0.058146	-0.269619	0.785035	0.557697	-0.938855	-0.343084	0.029047	0.214140	-0.515765	0.829536
55982	5.869137	0.029772	8.482735	0.111549	0.095586	-0.076092	-0.269092	0.785790	0.556887	-0.938831	-0.343034	0.030385	0.214908	-0.514647	0.830032
55983	5.587595	0.254653	8.364292	0.110666	0.086405	-0.082829	-0.268140	0.786596	0.556208	-0.938900	-0.342698	0.032017	0.215796	-0.513639	0.830426
55984	5.355716	0.514245	8.276263	0.084874	0.071738	-0.058312	-0.267729	0.787166	0.555599	-0.938883	-0.342648	0.033035	0.216379	-0.512798	0.830794
55985	5.326759	0.712243	8.207615	0.055003	0.036915	-0.027438	-0.267307	0.787449	0.555401	-0.938875	-0.342589	0.033856	0.216935	-0.512402	0.830893
55986	5.529671	0.641070	8.281529	0.024035	0.015807	-0.001156	-0.267312	0.787536	0.555276	-0.938836	-0.342676	0.034051	0.217096	-0.512211	0.830969
55987	5.866734	0.366475	8.459848	0.018212	0.015377	0.004836	-0.267243	0.787596	0.555224	-0.938794	-0.342761	0.034348	0.217362	-0.512062	0.830991
55988	5.904418	0.181430	8.393390	0.027017	0.038691	-0.000997	-0.267299	0.787799	0.554908	-0.938749	-0.342865	0.034567	0.217490	-0.511680	0.831193
55989	5.515729	-0.186463	8.404039	0.016074	0.042854	0.013691	-0.267041	0.788085	0.554627	-0.938803	-0.342681	0.034912	0.217574	-0.511363	0.831366
55990	5.457458	-0.744849	8.541649	0.008123	0.020684	0.008574	-0.267147	0.788163	0.554464	-0.938773	-0.342763	0.034922	0.217574	-0.511187	0.831474
55991	5.781827	-0.431395	8.692721	0.035477	-0.006185	-0.011445	-0.266746	0.788213	0.554587	-0.938784	-0.342673	0.035490	0.218016	-0.511170	0.831369
55992	5.541488	1.137209	8.325327	0.036247	-0.002625	-0.023381	-0.266501	0.788282	0.554607	-0.938778	-0.342646	0.035911	0.218342	-0.511082	0.831337
55993	5.483668	2.106946	8.072757	-0.014092	-0.013893	0.012576	-0.266283	0.788206	0.554820	-0.938836	-0.342483	0.035960	0.218360	-0.511309	0.831193
55994	5.620433	1.138320	8.238727	-0.075126	-0.028233	0.066164	-0.266822	0.787837	0.555085	-0.938834	-0.342592	0.034959	0.217710	-0.511804	0.831059
55995	5.912570	-0.139859	8.632282	-0.068988	-0.037436	0.064082	-0.266929	0.787501	0.555510	-0.938900	-0.342472	0.034342	0.217290	-0.512402	0.830800
55996	6.131228	-0.029296	8.537480	-0.028111	-0.027777	0.043218	-0.267254	0.787213	0.555762	-0.938856	-0.342640	0.033859	0.217080	-0.512732	0.830652
55997	5.947541	-0.043114	8.456272	-0.016369	0.017475	0.035085	-0.267084	0.787313	0.555702	-0.938948	-0.342393	0.033817	0.216893	-0.512744	0.830693
55998	5.736003	-0.266679	8.548469	-0.000807	0.018915	0.019933	-0.267291	0.787344	0.555559	-0.938907	-0.342517	0.033691	0.216815	-0.512613	0.830795
55999	5.685113	0.092238	8.620166	0.010125	0.011399	0.003747	-0.267217	0.787362	0.555569	-0.938884	-0.342561	0.033900	0.217007	-0.512556	0.830779
56000	5.586729	0.851020	8.416362	0.005127	-0.005548	0.006917	-0.267248	0.787312	0.555624	-0.938865	-0.342613	0.033896	0.217050	-0.512597	0.830742
56001	5.651865	0.732310	8.416191	-0.016988	-0.015758	0.023849	-0.267234	0.787144	0.555869	-0.938875	-0.342599	0.033776	0.217026	-0.512865	0.830584
56002	5.645510	0.207032	8.582406	-0.026834	-0.021030	0.029029	-0.267440	0.786939	0.556060	-0.938866	-0.342661	0.033383	0.216811	-0.513138	0.830471
56003	5.698649	0.049011	8.719705	-0.014902	-0.043218	0.014970	-0.267570	0.786612	0.556460	-0.938819	-0.342809	0.033170	0.216851	-0.513540	0.830212
56004	5.826317	0.109676	8.531306	-0.002402	-0.048873	0.004654	-0.267486	0.786348	0.556874	-0.938823	-0.342805	0.033116	0.216940	-0.513948	0.829937
56005	5.893578	0.285161	8.526702	-0.013714	-0.048387	0.009434	-0.267135	0.786184	0.557273	-0.938943	-0.342480	0.033067	0.216852	-0.514414	0.829671
56006	5.708172	0.514874	8.470507	-0.025893	-0.022288	0.019068	-0.267244	0.786007	0.557471	-0.938959	-0.342468	0.032738	0.216649	-0.514693	0.829551
56007	5.678516	0.421648	8.509787	-0.040530	-0.055062	0.028843	-0.267348	0.785506	0.558127	-0.938941	-0.342555	0.032349	0.216600	-0.515400	0.829125
56008	5.799727	0.387980	8.510331	-0.049781	-0.059558	0.032753	-0.267505	0.785089	0.558639	-0.938971	-0.342527	0.031746	0.216273	-0.516053	0.828803
56009	5.789437	0.312784	8.461038	-0.046476	-0.056361	0.032341	-0.267561	0.784645	0.559235	-0.938992	-0.342510	0.031313	0.216113	-0.516739	0.828418
56010	5.822206	0.205639	8.419933	-0.045288	-0.058182	0.028296	-0.267679	0.784249	0.559733	-0.939025	-0.342469	0.030772	0.215824	-0.517366	0.828101
56011	5.884618	0.186785	8.418750	-0.034368	-0.043252	0.020122	-0.267486	0.783986	0.560194	-0.939120	-0.342229	0.030528	0.215648	-0.517924	0.827798
56012	5.835194	0.214961	8.385863	-0.033038	-0.037487	0.021568	-0.267585	0.783720	0.560519	-0.939144	-0.342199	0.030127	0.215420	-0.518347	0.827593
56013	5.840334	0.055239	8.410268	-0.025766	-0.027058	0.021000	-0.267666	0.783472	0.560827	-0.939140	-0.342234	0.029876	0.215341	-0.518698	0.827394
56014	5.891982	0.125259	8.360696	-0.018155	-0.015317	0.013239	-0.267735	0.783349	0.560966	-0.939154	-0.342216	0.029645	0.215194	-0.518896	0.827308
56015	5.835311	0.188410	8.411259	-0.011839	-0.002663	0.007040	-0.267844	0.783298	0.560985	-0.939152	-0.342235	0.029458	0.215063	-0.518960	0.827302
56016	5.743780	0.233558	8.423939	-0.011818	0.000673	0.008546	-0.267904	0.783274	0.560990	-0.939166	-0.342212	0.029305	0.214932	-0.519011	0.827304
56017	5.781663	0.303349	8.433896	-0.008480	-0.008577	0.004599	-0.267867	0.783166	0.561159	-0.939183	-0.342171	0.029226	0.214901	-0.519202	0.827192
56018	5.973888	0.158453	8.378203	-0.005244	0.009421	0.006773	-0.267929	0.783193	0.561091	-0.939187	-0.342169	0.029138	0.214809	-0.519162	0.827241
56019	5.757661	0.248819	8.418234	-0.008325	0.022404	0.002553	-0.267764	0.783326	0.560984	-0.939255	-0.341975	0.029198	0.214715	-0.519089	0.827311
56020	5.712827	0.280280	8.411288	-0.007386	0.016834	0.006681	-0.267840	0.783392	0.560855	-0.939264	-0.341961	0.029093	0.214582	-0.518998	0.827403
56021	5.609879	0.289569	8.482374	-0.009380	0.003665	0.003480	-0.267777	0.783396	0.560879	-0.939305	-0.341852	0.029028	0.214478	-0.519064	0.827389
56022	5.658983	0.274555	8.461155	-0.003572	-0.019317	0.005018	-0.267761	0.783281	0.561049	-0.939310	-0.341845	0.028964	0.214478	-0.519243	0.827276
56023	5.826699	0.145978	8.388883	-0.008318	-0.025820	0.002990	-0.267654	0.783124	0.561318	-0.939346	-0.341751	0.028886	0.214452	-0.519541	0.827096
56024	5.789775	0.159631	8.430862	-0.003750	-0.017822	0.001566	-0.267608	0.783028	0.561474	-0.939361	-0.341716	0.028840	0.214447	-0.519709	0.826991
56025	5.824432	0.248406	8.388689	-0.003850	-0.018742	-0.000914	-0.267549	0.782878	0.561711	-0.939362	-0.341713	0.028830	0.214515	-0.519937	0.826831
56026	5.818877	0.264526	8.417227	-0.001844	-0.017991	-0.001261	-0.267476	0.782790	0.561868	-0.939380	-0.341666	0.028816	0.214528	-0.520100	0.826725
56027	5.885493	0.234179	8.388189	0.002168	-0.016490	-0.001956	-0.267397	0.782668	0.562077	-0.939383	-0.341655	0.028847	0.214614	-0.520291	0.826582
56028	5.725619	0.208143	8.403831	0.003357	-0.005915	-0.002444	-0.267339	0.782647	0.562133	-0.939392	-0.341625	0.028883	0.214644	-0.520342	0.826542
56029	5.701388	0.154446	8.467361	0.010757	-0.019408	-0.007627	-0.267048	0.782580	0.562364	-0.939433	-0.341494	0.029113	0.214827	-0.520529	0.826377
56030	5.713950	0.364622	8.434189	0.010709	-0.026073	-0.010643	-0.266870	0.782482	0.562585	-0.939449	-0.341438	0.029256	0.214980	-0.520712	0.826222
56031	5.631661	0.360232	8.495614	0.013051	-0.044045	-0.009151	-0.266654	0.782266	0.562988	-0.939471	-0.341368	0.029354	0.215148	-0.521084	0.825943
56032	5.749427	0.302666	8.310709	0.015312	-0.059598	-0.008633	-0.266422	0.781986	0.563486	-0.939472	-0.341352	0.029523	0.215433	-0.521514	0.825598
56033	5.270176	0.359861	8.543507	0.023714	-0.081044	-0.008732	-0.266241	0.781557	0.564168	-0.939439	-0.341431	0.029655	0.215801	-0.522106	0.825128
56034	5.961820	0.039143	8.455013	0.039820	-0.134656	-0.012197	-0.265813	0.780896	0.565283	-0.939396	-0.341515	0.030046	0.216515	-0.523038	0.824350
56035	6.071972	0.154760	8.350686	0.042881	-0.079395	-0.017473	-0.265465	0.780472	0.566031	-0.939342	-0.341622	0.030500	0.217173	-0.523601	0.823819
56036	5.895042	0.095077	8.479889	0.043718	-0.062506	-0.023370	-0.265087	0.780226	0.566548	-0.939320	-0.341640	0.030986	0.217732	-0.523955	0.823446
56037	5.991843	0.383222	8.381130	0.033678	-0.066240	-0.021613	-0.264575	0.779957	0.567156	-0.939347	-0.341522	0.031463	0.218236	-0.524432	0.823009
56038	5.985161	0.299752	8.383224	0.026728	-0.038138	-0.017587	-0.264304	0.779819	0.567473	-0.939346	-0.341496	0.031777	0.218570	-0.524655	0.822778
56039	5.833510	0.381606	8.341756	0.025882	-0.031655	-0.019238	-0.263848	0.779757	0.567771	-0.939404	-0.341298	0.032178	0.218870	-0.524876	0.822557
56040	5.598258	0.472171	8.496948	0.022230	-0.048511	-0.015176	-0.263576	0.779555	0.568174	-0.939406	-0.341268	0.032442	0.219190	-0.525195	0.822269
56041	5.330945	0.407658	8.507034	0.027465	-0.086944	-0.014970	-0.263122	0.779191	0.568883	-0.939440	-0.341146	0.032750	0.219591	-0.525814	0.821766
56042	4.812467	0.410614	8.840703	0.044213	-0.181632	-0.028433	-0.262432	0.778333	0.570374	-0.939428	-0.341129	0.033270	0.220466	-0.527094	0.820711
56043	5.173972	0.432554	8.997888	0.045927	-0.319635	-0.039171	-0.261270	0.776787	0.573009	-0.939463	-0.340972	0.033873	0.221693	-0.529471	0.818848
56044	5.557855	0.737673	8.791635	0.032444	-0.404606	-0.026247	-0.260100	0.774730	0.576317	-0.939470	-0.340912	0.034284	0.223035	-0.532515	0.816506
56045	6.201316	0.522211	8.360408	0.003085	-0.419400	-0.002257	-0.259003	0.772560	0.579715	-0.939536	-0.340727	0.034309	0.224031	-0.535777	0.814097
56046	5.975339	0.002273	8.486220	-0.028698	-0.368469	0.001877	-0.258170	0.770575	0.582720	-0.939606	-0.340558	0.034060	0.224696	-0.538734	0.811959
56047	5.955799	-0.003106	8.433631	-0.038215	-0.392895	0.002552	-0.257266	0.768474	0.585886	-0.939740	-0.340233	0.033618	0.225172	-0.541932	0.809696
56048	6.175023	0.471459	8.346298	-0.053973	-0.377275	0.007230	-0.256460	0.766400	0.588947	-0.939854	-0.339966	0.033134	0.225616	-0.545027	0.807492
56049	5.992929	0.640952	8.423144	-0.085201	-0.367314	0.023394	-0.255858	0.764319	0.591906	-0.940026	-0.339584	0.032163	0.225585	-0.548177	0.805365
56050	5.813245	0.803599	8.663423	-0.147916	-0.396772	-0.011729	-0.254830	0.762178	0.595101	-0.940400	-0.338652	0.031038	0.225189	-0.551724	0.803051
56051	4.918675	1.079340	9.495192	-0.249404	-0.470345	-0.069225	-0.253148	0.759828	0.598813	-0.941189	-0.336613	0.029237	0.223783	-0.556195	0.800355
56052	3.176512	0.395153	9.290152	-0.081978	-0.635762	0.112489	-0.252758	0.755898	0.603930	-0.941099	-0.336978	0.027901	0.224601	-0.561305	0.796549
56053	4.669558	1.009815	10.193014	0.005991	-1.125700	0.211403	-0.252387	0.748758	0.612913	-0.940543	-0.338646	0.026404	0.227331	-0.569807	0.789709
56054	4.516607	-0.476349	9.757279	-0.053338	-1.216380	0.202974	-0.251492	0.741083	0.622534	-0.940165	-0.339822	0.024726	0.229875	-0.579066	0.782202
56055	4.968008	0.905170	9.803068	-0.048802	-1.502226	0.219533	-0.250262	0.731591	0.634148	-0.939771	-0.341057	0.022589	0.232807	-0.590300	0.772882
56056	4.978123	0.373290	9.859036	-0.096247	-1.713371	0.272118	-0.248778	0.720438	0.647362	-0.939329	-0.342428	0.020103	0.236158	-0.603085	0.761917
56057	5.308739	0.919145	9.909557	-0.126334	-1.987864	0.341889	-0.247374	0.707148	0.662380	-0.938813	-0.344024	0.016665	0.239659	-0.617729	0.748982
56058	5.458793	0.744384	10.317667	-0.145435	-2.212488	0.415252	-0.245900	0.691871	0.678857	-0.938152	-0.345988	0.012798	0.243731	-0.633724	0.734159
56059	5.504433	0.851929	10.172321	-0.147866	-2.543489	0.545679	-0.244770	0.673636	0.697353	-0.937176	-0.348767	0.007959	0.248575	-0.651595	0.716683
56060	6.396681	0.792170	10.341615	-0.073373	-2.859375	0.692723	-0.244036	0.652299	0.717602	-0.935679	-0.352844	0.002537	0.254856	-0.670826	0.696449
56061	7.412178	-0.163444	9.372590	0.151594	-3.204632	0.846742	-0.243661	0.627475	0.739530	-0.933208	-0.359326	-0.002594	0.264104	-0.690767	0.673119
56062	9.180358	3.801768	9.901977	0.504355	-3.568900	1.038962	-0.243649	0.598677	0.763034	-0.929323	-0.369201	-0.007073	0.277479	-0.710828	0.646320
56063	12.050370	8.885974	10.966997	0.039316	-3.482866	1.368112	-0.246555	0.568473	0.784888	-0.925839	-0.377517	-0.017406	0.286414	-0.730971	0.619393
56064	9.881725	10.883998	11.198367	-1.006520	-3.146493	1.626164	-0.252590	0.538985	0.803551	-0.924668	-0.379028	-0.036428	0.284934	-0.752219	0.594120
56065	8.380597	10.555170	11.794302	-1.903679	-2.641960	1.488895	-0.259028	0.513261	0.818210	-0.926145	-0.372433	-0.059571	0.274152	-0.773212	0.571825
56066	13.983720	2.305807	13.564647	-1.807365	-2.323376	0.519413	-0.257580	0.493177	0.830920	-0.929673	-0.360876	-0.074002	0.263363	-0.791546	0.551448
56067	7.557351	-0.353649	13.045445	-0.936595	-1.223367	-0.315581	-0.251513	0.484599	0.837798	-0.932865	-0.352022	-0.076436	0.257883	-0.800777	0.540603
56068	3.682081	1.132438	11.697823	0.033687	-0.862145	-0.809452	-0.241698	0.480511	0.843025	-0.934786	-0.348357	-0.069448	0.260304	-0.804833	0.533372
56069	-0.481752	3.089036	10.420998	0.240639	-0.620316	-0.797760	-0.232701	0.478339	0.846783	-0.935973	-0.346680	-0.061376	0.264204	-0.806849	0.528386
56070	-1.217837	2.304138	10.581119	0.115568	-0.480027	-0.539543	-0.226353	0.476327	0.849634	-0.936916	-0.345009	-0.056185	0.266368	-0.808753	0.524372
56071	-0.391013	-0.737351	11.967434	0.085645	-0.166712	-0.305285	-0.223183	0.476110	0.850593	-0.937271	-0.344537	-0.053075	0.267791	-0.809082	0.523139
56072	0.367533	-2.626868	13.096086	0.305283	0.310612	-0.126630	-0.222809	0.479056	0.849036	-0.936744	-0.346369	-0.050392	0.269939	-0.806557	0.525926
56073	0.916130	-2.719413	13.284787	0.597869	0.870113	0.039113	-0.225729	0.486008	0.844300	-0.934897	-0.351729	-0.047483	0.273887	-0.800052	0.533763
56074	0.843757	-2.100463	12.601789	0.757368	1.432421	0.239461	-0.231893	0.496548	0.836461	-0.932272	-0.358899	-0.045401	0.277661	-0.790337	0.546143
56075	0.775818	-1.647598	11.501050	0.799516	1.902122	0.429319	-0.241447	0.510009	0.825587	-0.928854	-0.367768	-0.044458	0.280951	-0.777584	0.562520
56076	1.182771	-1.480044	10.591666	0.809120	2.257658	0.553328	-0.252920	0.525339	0.812435	-0.925217	-0.376837	-0.044359	0.282852	-0.762897	0.581362
56077	2.025996	-1.045741	9.867819	0.821626	2.542327	0.595753	-0.265932	0.542348	0.796956	-0.921140	-0.386713	-0.044202	0.284221	-0.745863	0.602417
56078	2.806426	-0.276124	9.386383	0.797872	2.774798	0.567163	-0.279008	0.560572	0.779688	-0.917339	-0.395692	-0.043776	0.283977	-0.727452	0.624636
56079	3.651639	0.379471	9.093209	0.727194	2.969456	0.467821	-0.292056	0.580089	0.760394	-0.913714	-0.404113	-0.042655	0.282541	-0.707241	0.648059
56080	4.511560	0.586349	8.853017	0.634907	3.119437	0.305888	-0.303587	0.600582	0.739687	-0.911032	-0.410316	-0.040759	0.279026	-0.686252	0.671716
56081	5.427844	0.107042	8.752166	0.587879	3.214662	0.107027	-0.313861	0.621902	0.717446	-0.908824	-0.415499	-0.037417	0.274828	-0.663775	0.695609
56082	6.368429	-0.553481	8.497477	0.623097	3.277039	-0.085533	-0.321994	0.643634	0.694302	-0.907410	-0.418996	-0.032408	0.270051	-0.640452	0.718954
56083	6.774632	-1.033464	8.277134	0.706100	3.282315	-0.245201	-0.329002	0.665317	0.670158	-0.906056	-0.422391	-0.025472	0.266122	-0.615581	0.741781
56084	7.356316	-1.385447	8.242355	0.813104	3.218159	-0.349927	-0.334326	0.686209	0.646021	-0.905077	-0.424905	-0.017054	0.262795	-0.590400	0.763129
56085	8.047758	-1.551396	8.266116	0.910234	3.135142	-0.408212	-0.339294	0.706064	0.621573	-0.903810	-0.427871	-0.007325	0.260781	-0.564270	0.783322
56086	8.273279	-1.616058	8.145119	0.972125	3.035880	-0.437471	-0.343217	0.724684	0.597525	-0.902787	-0.430077	0.003042	0.259186	-0.538393	0.801845
56087	8.026482	-1.504772	7.974777	1.007823	2.879725	-0.455688	-0.347021	0.741773	0.573890	-0.901498	-0.432557	0.013976	0.258607	-0.512511	0.818813
56088	8.712456	-1.114326	8.398803	1.010100	2.660193	-0.492619	-0.349441	0.757223	0.551819	-0.900614	-0.433896	0.025088	0.258429	-0.488209	0.833586
56089	9.932279	-0.287865	8.984284	0.901016	2.539516	-0.539373	-0.351595	0.771637	0.530055	-0.899938	-0.434557	0.035669	0.257862	-0.464475	0.847213
56090	10.276217	-0.593801	9.035312	0.739215	2.519269	-0.581831	-0.352809	0.785581	0.508319	-0.900100	-0.433353	0.044992	0.255627	-0.441664	0.859993
56091	9.884937	-1.591235	8.545059	0.659465	2.449379	-0.632017	-0.353785	0.798818	0.486545	-0.900434	-0.431637	0.053930	0.253091	-0.419022	0.871989
56092	9.777271	-2.247655	7.874997	0.661944	2.266176	-0.681223	-0.353344	0.811011	0.466272	-0.901185	-0.428836	0.062973	0.251026	-0.397946	0.882397
56093	9.941889	-2.090342	7.107714	0.649957	2.032711	-0.648693	-0.352991	0.821630	0.447574	-0.901651	-0.426466	0.071771	0.249845	-0.378221	0.891362
56094	9.886145	-1.645148	6.225249	0.555993	1.765432	-0.569981	-0.352234	0.830586	0.431346	-0.902286	-0.423793	0.079243	0.248619	-0.361285	0.898700
56095	10.003547	-1.211648	5.729949	0.417220	1.449994	-0.492725	-0.351741	0.837759	0.417659	-0.902817	-0.421509	0.085152	0.247384	-0.347118	0.904605
56096	10.398689	-0.886613	5.352901	0.252096	1.163996	-0.453179	-0.350501	0.843644	0.406710	-0.903798	-0.418541	0.089296	0.245559	-0.336285	0.909183
56097	10.163364	-0.744402	4.817899	0.107684	0.891954	-0.439149	-0.349015	0.848397	0.398009	-0.904932	-0.415473	0.092087	0.243488	-0.328031	0.912748
56098	10.039184	-0.651444	4.409314	-0.001204	0.617582	-0.416713	-0.346723	0.852136	0.391980	-0.906395	-0.411907	0.093711	0.241314	-0.322797	0.915188
56099	9.932316	-1.118136	4.218980	-0.041658	0.375170	-0.374800	-0.344471	0.854845	0.388045	-0.907682	-0.408806	0.094822	0.239694	-0.319558	0.916749
56100	9.801401	-1.876677	4.313694	0.024656	0.172315	-0.347740	-0.341710	0.856816	0.386136	-0.908826	-0.405889	0.096384	0.239312	-0.317995	0.917393
56101	9.985150	-2.282173	4.572208	0.155303	-0.024643	-0.345904	-0.338690	0.858114	0.385913	-0.909551	-0.403588	0.099162	0.240842	-0.317423	0.917190
56102	10.160480	-1.683165	4.533664	0.263014	-0.164410	-0.317428	-0.335389	0.858875	0.387102	-0.909994	-0.401679	0.102790	0.243774	-0.317786	0.916289
56103	9.947484	-0.461706	4.432279	0.196694	-0.270671	-0.256522	-0.332512	0.859028	0.389239	-0.910320	-0.400211	0.105592	0.246484	-0.319221	0.915065
56104	10.489420	-0.365322	3.421560	-0.056699	-0.436000	-0.138615	-0.330158	0.858186	0.393081	-0.910928	-0.398820	0.105605	0.247397	-0.323203	0.913419
56105	11.333878	-1.102020	2.671906	-0.281257	-0.551639	-0.027710	-0.328601	0.856493	0.398047	-0.911694	-0.397714	0.103144	0.246650	-0.329004	0.911548
56106	11.212992	-1.318517	1.615652	-0.422208	-0.694008	0.090772	-0.327707	0.853827	0.404459	-0.912443	-0.397066	0.098925	0.245062	-0.336627	0.909190
56107	10.819787	-0.836644	0.616267	-0.581304	-0.927304	0.248936	-0.327701	0.849675	0.413116	-0.913057	-0.397176	0.092615	0.242772	-0.346849	0.905957
56108	10.297045	-0.363350	0.135145	-0.779304	-1.201238	0.426184	-0.328681	0.843738	0.424352	-0.913548	-0.398010	0.083777	0.239582	-0.360130	0.901613
56109	6.681391	1.216431	4.225423	-0.981258	-1.206143	0.591333	-0.331137	0.836964	0.435705	-0.913967	-0.399282	0.072381	0.234550	-0.374252	0.897174
56110	7.294759	-0.249212	11.227293	-0.986957	-1.347162	0.631627	-0.333766	0.829298	0.448180	-0.914168	-0.400756	0.060751	0.229992	-0.389435	0.891877
56111	5.217568	-0.646028	13.245646	-0.701121	-0.756928	0.319163	-0.334851	0.825050	0.455156	-0.914753	-0.400516	0.053037	0.226056	-0.398596	0.888831
56112	2.353275	-0.612642	12.554258	-0.516793	-1.111835	0.031209	-0.332614	0.820436	0.465030	-0.915824	-0.398664	0.048304	0.225021	-0.409819	0.883976
56113	2.879772	-1.106135	7.403731	-0.250933	-0.974187	-0.302802	-0.327552	0.817612	0.473520	-0.917435	-0.395042	0.047482	0.225883	-0.418871	0.879502
56114	0.760970	0.111896	6.966657	-0.111579	-1.527171	-0.393163	-0.320447	0.812666	0.486711	-0.918972	-0.391343	0.048384	0.229791	-0.431770	0.872222
56115	6.203880	0.846833	7.940039	-0.133006	-1.725203	-0.184921	-0.314668	0.805821	0.501634	-0.919908	-0.389171	0.048115	0.233994	-0.446317	0.863741
56116	11.726273	-0.746740	11.903258	-0.194344	-1.790263	0.041749	-0.310814	0.797536	0.517040	-0.920245	-0.388603	0.046225	0.237790	-0.461436	0.854712
56117	14.388198	-3.464956	12.043263	-0.152375	-1.077106	0.023438	-0.308362	0.792431	0.526275	-0.920585	-0.387966	0.044773	0.239657	-0.470675	0.849135
56118	10.299954	-3.115168	10.787128	0.034509	-0.614809	-0.074644	-0.306179	0.789816	0.531455	-0.920741	-0.387518	0.045453	0.241849	-0.475416	0.845866
56119	7.639457	-2.748072	9.514357	0.133017	-0.421106	-0.038649	-0.304667	0.787963	0.535063	-0.920603	-0.387692	0.046741	0.244269	-0.478340	0.843518
56120	6.452358	-1.473504	9.910495	0.230089	-0.443603	-0.037134	-0.303218	0.785983	0.538785	-0.920159	-0.388482	0.048871	0.247720	-0.480949	0.841025
56121	6.766980	1.529667	9.170380	0.209845	-0.410528	-0.043325	-0.301656	0.784176	0.542283	-0.919841	-0.388987	0.050820	0.250793	-0.483484	0.838657
56122	6.297076	3.024291	8.160076	0.055127	-0.327769	0.011206	-0.300919	0.782548	0.545038	-0.919678	-0.389320	0.051214	0.252272	-0.485848	0.836845
56123	5.310989	3.192594	7.865682	-0.096185	-0.313125	0.074085	-0.300668	0.780737	0.547767	-0.919771	-0.389264	0.049960	0.252231	-0.488798	0.835138
56124	7.044277	3.329101	8.435116	-0.307618	-0.401036	0.247717	-0.301923	0.777807	0.551234	-0.919807	-0.389662	0.046026	0.250595	-0.493133	0.833080
56125	7.200513	-0.485464	8.724138	-0.279033	-0.120121	0.213267	-0.303445	0.776385	0.552401	-0.919929	-0.389777	0.042486	0.248299	-0.495278	0.832495
56126	6.141790	-1.466420	9.241783	-0.200720	-0.241935	0.156799	-0.304272	0.774576	0.554482	-0.919959	-0.389974	0.039942	0.247172	-0.497948	0.831237
56127	7.352557	-1.272287	8.821842	0.011716	-0.153177	0.019671	-0.303929	0.773739	0.555838	-0.919945	-0.390014	0.039887	0.247646	-0.499217	0.830333
56128	4.951881	0.323899	8.313639	-0.042412	-0.114264	0.045810	-0.304051	0.772993	0.556808	-0.919920	-0.390134	0.039273	0.247588	-0.500278	0.829712
56129	6.148410	-0.135712	8.608175	-0.028838	-0.124610	0.032581	-0.303895	0.772244	0.557930	-0.919969	-0.390066	0.038808	0.247599	-0.501485	0.828980
56130	5.580690	-0.945807	8.629087	-0.033664	-0.122941	0.030095	-0.303852	0.771513	0.558965	-0.919970	-0.390108	0.038354	0.247647	-0.502577	0.828304
56131	5.909402	-0.222657	8.334429	-0.033778	-0.134889	0.011225	-0.303473	0.770793	0.560162	-0.920096	-0.389848	0.037966	0.247642	-0.503882	0.827512
56132	5.750901	0.583094	8.354624	-0.030810	-0.100705	-0.002383	-0.303186	0.770298	0.560998	-0.920190	-0.389652	0.037718	0.247648	-0.504789	0.826957
56133	6.073084	0.465275	8.241998	-0.017157	-0.120589	-0.011616	-0.302633	0.769736	0.562067	-0.920344	-0.389299	0.037595	0.247750	-0.505918	0.826237
56134	6.075026	0.501664	8.397794	-0.010258	-0.064460	-0.013566	-0.302332	0.769466	0.562599	-0.920420	-0.389120	0.037580	0.247835	-0.506466	0.825876
56135	6.072046	0.637237	8.208157	-0.002047	-0.049036	-0.011735	-0.301954	0.769265	0.563076	-0.920538	-0.388841	0.037583	0.247859	-0.506984	0.825550
56136	5.998089	0.501588	8.455567	-0.000477	-0.036509	-0.007513	-0.301778	0.769113	0.563379	-0.920571	-0.388759	0.037615	0.247949	-0.507279	0.825342
56137	5.894747	0.378112	8.422873	-0.004822	-0.025178	0.000276	-0.301569	0.768986	0.563664	-0.920659	-0.388559	0.037528	0.247875	-0.507625	0.825151
56138	5.930457	0.309159	8.408178	-0.004263	-0.038358	-0.000867	-0.301449	0.768798	0.563984	-0.920682	-0.388508	0.037491	0.247935	-0.507949	0.824934
56139	6.003242	0.413847	8.400119	-0.005573	-0.005837	-0.004053	-0.301248	0.768786	0.564108	-0.920786	-0.388269	0.037423	0.247796	-0.508149	0.824852
56140	5.757225	0.494809	8.399043	-0.003229	-0.004522	0.003931	-0.301257	0.768751	0.564151	-0.920792	-0.388260	0.037368	0.247764	-0.508209	0.824826
56141	5.627681	0.405696	8.484092	-0.019974	-0.024933	0.008316	-0.301124	0.768593	0.564437	-0.920893	-0.388046	0.037111	0.247551	-0.508610	0.824642
56142	5.764441	0.284803	8.479426	-0.025209	-0.069852	0.017906	-0.301099	0.768172	0.565024	-0.920911	-0.388032	0.036795	0.247512	-0.509257	0.824254
56143	6.006909	0.301555	8.371400	-0.037791	-0.063397	0.022288	-0.301003	0.767763	0.565630	-0.921012	-0.387837	0.036313	0.247252	-0.510022	0.823859
56144	6.043236	0.297374	8.354287	-0.042529	-0.047884	0.019719	-0.301049	0.767446	0.566036	-0.921068	-0.387748	0.035844	0.246988	-0.510567	0.823601
56145	5.973580	0.481645	8.406828	-0.045694	-0.028001	0.021956	-0.301036	0.767219	0.566350	-0.921190	-0.387508	0.035299	0.246547	-0.511090	0.823409
56146	5.934749	0.475559	8.396845	-0.043533	-0.031039	0.026035	-0.301182	0.766963	0.566619	-0.921229	-0.387462	0.034786	0.246223	-0.511509	0.823245
56147	5.882846	0.314360	8.395805	-0.037702	-0.022702	0.019453	-0.301159	0.766773	0.566889	-0.921339	-0.387242	0.034322	0.245840	-0.511960	0.823079
56148	5.999278	0.449511	8.314577	-0.030765	-0.035492	0.026521	-0.301299	0.766492	0.567195	-0.921345	-0.387264	0.033912	0.245647	-0.512364	0.822885
56149	6.017680	0.203541	8.257406	-0.024520	-0.010328	0.027189	-0.301377	0.766335	0.567364	-0.921399	-0.387170	0.033512	0.245348	-0.512669	0.822785
56150	5.965933	0.130524	8.308222	-0.027445	0.003922	0.019375	-0.301548	0.766284	0.567343	-0.921418	-0.387154	0.033169	0.245067	-0.512758	0.822813
56151	5.911597	0.161681	8.358380	-0.016751	0.005864	0.017235	-0.301575	0.766248	0.567376	-0.921483	-0.387025	0.032889	0.244790	-0.512909	0.822802
56152	5.787222	0.122426	8.334058	-0.013410	0.011365	0.015762	-0.301731	0.766249	0.567293	-0.921478	-0.387053	0.032683	0.244615	-0.512887	0.822867
56153	5.335803	0.168075	8.638975	-0.001093	-0.005186	0.007002	-0.301639	0.766195	0.567414	-0.921534	-0.386928	0.032590	0.244519	-0.513061	0.822787
56154	5.501656	0.291011	8.536103	0.009373	-0.091109	-0.002161	-0.301378	0.765739	0.568168	-0.921528	-0.386936	0.032672	0.244863	-0.513736	0.822264
56155	6.132136	0.230759	8.230008	0.009465	-0.090097	0.000278	-0.301017	0.765277	0.568981	-0.921578	-0.386813	0.032705	0.245117	-0.514516	0.821700
56156	5.819564	0.297202	8.445603	0.009731	-0.058983	0.001523	-0.300869	0.764971	0.569471	-0.921560	-0.386850	0.032769	0.245368	-0.514943	0.821358
56157	5.851851	0.383920	8.374648	0.006042	-0.090791	-0.000265	-0.300507	0.764503	0.570290	-0.921617	-0.386713	0.032775	0.245595	-0.515740	0.820790
56158	5.920040	0.195554	8.372598	0.006138	-0.089780	0.002174	-0.300289	0.764035	0.571032	-0.921606	-0.386737	0.032806	0.245904	-0.516416	0.820272
56159	5.950693	0.195478	8.250022	0.009125	-0.087217	-0.006667	-0.299873	0.763611	0.571818	-0.921677	-0.386563	0.032874	0.246147	-0.517173	0.819722
56160	5.942329	0.042118	8.335196	0.011889	-0.063808	-0.008971	-0.299615	0.763318	0.572343	-0.921685	-0.386532	0.033016	0.246431	-0.517628	0.819349
56161	5.650809	-0.046142	8.465910	0.018146	-0.084850	-0.015651	-0.299112	0.762942	0.573107	-0.921763	-0.386328	0.033215	0.246748	-0.518334	0.818807
56162	6.061198	0.014420	8.305531	0.026946	-0.097324	-0.026993	-0.298604	0.762545	0.573900	-0.921788	-0.386237	0.033583	0.247270	-0.518986	0.818236
56163	6.178394	0.070914	8.169547	0.029699	-0.061070	-0.031848	-0.298024	0.762349	0.574461	-0.921881	-0.385982	0.033964	0.247624	-0.519463	0.817827
