// General information: 
//  MT Manager version: 2022.2.0 
//  XDA version: 2022.2.0 build 7381 rev 124627 built on 2023-07-19
// Device information: 
//  DeviceId: 00B4CB9F
//  ProductCode: MTW2-3A7G6
//  Firmware Version: 4.6.0
//  Hardware Version: 2.0.0
// Device settings: 
//  Filter Profile: human(46.1)
//  Option Flags: Orientation Smoother Disabled, Position/Velocity Smoother Disabled, Continuous Zero Rotation Update Disabled, AHS Disabled, ICC Disabled
// Coordinate system: ENU
PacketCounter	Acc_X	Acc_Y	Acc_Z	Gyr_X	Gyr_Y	Gyr_Z	Mat[1][1]	Mat[2][1]	Mat[3][1]	Mat[1][2]	Mat[2][2]	Mat[3][2]	Mat[1][3]	Mat[2][3]	Mat[3][3]
58895	9.650360	-0.050654	1.841829	-0.046483	-0.004561	-0.021348	-0.191298	0.042433	0.980614	-0.198751	-0.980043	0.003636	0.961199	-0.194202	0.195914
58896	9.596580	-0.052274	1.849796	-0.031332	-0.003787	-0.019121	-0.191091	0.042422	0.980655	-0.198829	-0.980027	0.003651	0.961224	-0.194285	0.195709
58897	9.558108	-0.010528	1.828854	-0.029404	-0.005173	-0.011183	-0.190998	0.042531	0.980669	-0.199160	-0.979960	0.003712	0.961174	-0.194601	0.195641
58898	9.567914	0.030784	1.833237	-0.028520	-0.009125	-0.009521	-0.190808	0.042528	0.980706	-0.199421	-0.979907	0.003693	0.961157	-0.194869	0.195455
58899	9.592537	0.060263	1.786135	-0.038333	-0.010959	-0.010455	-0.190660	0.042619	0.980730	-0.199836	-0.979822	0.003730	0.961101	-0.195274	0.195330
58900	9.612987	0.048768	1.840240	-0.050743	-0.009007	-0.009732	-0.190460	0.042520	0.980774	-0.200124	-0.979764	0.003614	0.961080	-0.195588	0.195115
58901	9.661336	0.048673	1.865262	-0.071032	-0.002350	-0.012124	-0.190391	0.042644	0.980782	-0.200856	-0.979614	0.003603	0.960941	-0.196310	0.195075
58902	9.726297	0.054327	1.929352	-0.084591	0.004779	-0.015936	-0.190333	0.042686	0.980791	-0.201626	-0.979456	0.003500	0.960792	-0.197087	0.195029
58903	9.754063	0.065740	1.900910	-0.104101	0.015218	-0.014925	-0.190427	0.042872	0.980765	-0.202681	-0.979239	0.003452	0.960551	-0.198125	0.195163
58904	9.677550	0.053628	1.906364	-0.110921	0.015224	-0.018435	-0.190541	0.042901	0.980741	-0.203640	-0.979040	0.003262	0.960325	-0.199097	0.195284
58905	9.682843	0.056284	1.874135	-0.130488	0.018539	-0.020620	-0.190656	0.043148	0.980708	-0.204958	-0.978765	0.003218	0.960022	-0.200391	0.195451
58906	9.637770	0.038625	1.867099	-0.131025	0.021004	-0.026378	-0.190806	0.043307	0.980672	-0.206232	-0.978498	0.003085	0.959719	-0.201658	0.195635
58907	9.585170	0.001181	1.804249	-0.134342	0.020393	-0.026716	-0.190925	0.043618	0.980635	-0.207598	-0.978209	0.003092	0.959401	-0.202988	0.195820
58908	9.536211	-0.053748	1.757523	-0.133295	0.015692	-0.027133	-0.190966	0.043703	0.980623	-0.208705	-0.977974	0.002942	0.959153	-0.204099	0.195881
58909	9.554354	-0.082283	1.724037	-0.131377	0.014639	-0.027606	-0.191027	0.044011	0.980598	-0.210043	-0.977688	0.002963	0.958849	-0.205402	0.196009
58910	9.548508	-0.084822	1.759054	-0.123622	0.010922	-0.034341	-0.191024	0.044247	0.980588	-0.211205	-0.977437	0.002961	0.958594	-0.206540	0.196059
58911	9.618530	-0.130628	1.767125	-0.125570	0.011475	-0.028999	-0.191051	0.044562	0.980568	-0.212490	-0.977159	0.003006	0.958305	-0.207786	0.196156
58912	9.670123	-0.147986	1.810164	-0.127697	0.013150	-0.029999	-0.191114	0.044761	0.980547	-0.213707	-0.976893	0.002942	0.958021	-0.208988	0.196264
58913	9.683122	-0.124357	1.832861	-0.127060	0.002823	-0.029567	-0.191056	0.045063	0.980544	-0.215006	-0.976608	0.002989	0.957742	-0.210252	0.196276
58914	9.613817	-0.226552	1.845753	-0.134279	-0.003298	-0.027332	-0.191073	0.045196	0.980535	-0.216438	-0.976292	0.002824	0.957416	-0.211686	0.196325
58915	9.594929	-0.308186	1.833352	-0.126931	-0.005923	-0.021592	-0.190948	0.045401	0.980550	-0.217720	-0.976007	0.002793	0.957150	-0.212952	0.196251
58916	9.384750	-0.427909	1.784722	-0.108009	-0.006509	-0.018187	-0.190937	0.045405	0.980552	-0.218755	-0.975776	0.002587	0.956917	-0.214007	0.196244
58917	8.859023	-0.602693	1.816045	-0.062480	-0.055174	-0.012402	-0.190361	0.045414	0.980663	-0.219402	-0.975631	0.002592	0.956883	-0.214666	0.195686
58918	10.189184	-0.493901	2.149625	-0.013604	-0.037401	-0.000168	-0.190091	0.045265	0.980722	-0.219746	-0.975554	0.002433	0.956858	-0.215048	0.195391
58919	9.984510	-0.350938	2.093149	0.014773	-0.012360	0.008258	-0.189971	0.045164	0.980750	-0.219614	-0.975584	0.002387	0.956912	-0.214934	0.195251
58920	9.674326	-0.083048	2.052107	0.034121	0.000298	0.009169	-0.190001	0.044932	0.980755	-0.219228	-0.975671	0.002228	0.956995	-0.214586	0.195228
58921	9.450481	0.033362	2.009552	0.031987	-0.005535	0.013330	-0.189956	0.044797	0.980770	-0.218922	-0.975740	0.002166	0.957074	-0.214301	0.195155
58922	9.435747	0.043385	2.060597	0.027927	-0.002808	0.012808	-0.189878	0.044717	0.980789	-0.218891	-0.975747	0.002110	0.957096	-0.214285	0.195061
58923	9.480070	0.005125	2.046450	0.034839	0.004157	0.016086	-0.189933	0.044575	0.980785	-0.218553	-0.975823	0.002026	0.957163	-0.213968	0.195083
58924	9.572106	-0.088549	2.035355	0.040725	0.015714	0.016304	-0.190179	0.044442	0.980743	-0.218429	-0.975851	0.001864	0.957142	-0.213868	0.195293
58925	9.587757	-0.194581	2.028833	0.041248	0.020311	0.025269	-0.190408	0.044245	0.980708	-0.218012	-0.975945	0.001702	0.957192	-0.213482	0.195474
58926	9.611040	-0.276295	1.938308	0.049153	0.015589	0.028359	-0.190683	0.043889	0.980670	-0.217582	-0.976041	0.001375	0.957235	-0.213114	0.195664
58927	9.672281	-0.250154	1.847272	0.050366	0.010266	0.029369	-0.190825	0.043630	0.980654	-0.217069	-0.976155	0.001191	0.957323	-0.212643	0.195746
58928	9.683288	-0.244950	1.780717	0.053389	0.012127	0.026827	-0.190944	0.043389	0.980641	-0.216678	-0.976243	0.001005	0.957388	-0.212291	0.195810
58929	9.687573	-0.148941	1.704825	0.039558	0.012908	0.021849	-0.191095	0.043210	0.980620	-0.216283	-0.976330	0.000873	0.957447	-0.211925	0.195918
58930	9.677038	-0.041382	1.680457	0.025183	0.016695	0.006238	-0.191244	0.043051	0.980598	-0.215969	-0.976400	0.000747	0.957488	-0.211636	0.196028
58931	9.682706	0.017337	1.671970	0.005717	0.027399	-0.004578	-0.191476	0.043160	0.980548	-0.215949	-0.976404	0.000808	0.957446	-0.211594	0.196278
58932	9.591094	0.017481	1.730027	-0.013028	0.035271	-0.020105	-0.191713	0.043399	0.980491	-0.216197	-0.976349	0.000943	0.957343	-0.211799	0.196561
58933	9.484077	-0.025764	1.816786	-0.029638	0.040956	-0.029748	-0.192020	0.043782	0.980414	-0.216564	-0.976268	0.001181	0.957198	-0.212096	0.196945
58934	9.434830	-0.078129	1.771771	-0.040187	0.042348	-0.034410	-0.192317	0.044104	0.980341	-0.217015	-0.976167	0.001343	0.957036	-0.212491	0.197305
58935	9.454012	-0.143000	1.807091	-0.049317	0.037681	-0.040104	-0.192570	0.044581	0.980270	-0.217590	-0.976039	0.001644	0.956855	-0.212981	0.197656
58936	9.514972	-0.167514	1.694609	-0.054496	0.029993	-0.033405	-0.192792	0.044846	0.980214	-0.218170	-0.975909	0.001739	0.956678	-0.213518	0.197932
58937	9.612895	-0.199645	1.674573	-0.058296	0.016760	-0.032648	-0.192861	0.045206	0.980184	-0.218816	-0.975764	0.001948	0.956517	-0.214104	0.198079
58938	9.681470	-0.260171	1.592377	-0.056471	0.001216	-0.027721	-0.192683	0.045354	0.980212	-0.219272	-0.975662	0.002040	0.956448	-0.214540	0.197939
58939	9.759551	-0.335200	1.491352	-0.054228	-0.008698	-0.023649	-0.192528	0.045571	0.980233	-0.219862	-0.975529	0.002169	0.956344	-0.215098	0.197836
58940	9.819193	-0.381981	1.424632	-0.042910	-0.013428	-0.018786	-0.192363	0.045665	0.980261	-0.220438	-0.975399	0.002181	0.956245	-0.215667	0.197697
58941	9.806647	-0.348703	1.424193	-0.029870	-0.017955	-0.017238	-0.192133	0.045800	0.980300	-0.220782	-0.975320	0.002295	0.956211	-0.215992	0.197503
58942	9.814418	-0.273257	1.502183	-0.013858	-0.013415	-0.011494	-0.191946	0.045834	0.980335	-0.221055	-0.975259	0.002315	0.956186	-0.216264	0.197329
58943	9.742407	-0.192091	1.567638	-0.001842	-0.013348	-0.013005	-0.191769	0.045937	0.980364	-0.221124	-0.975243	0.002442	0.956205	-0.216314	0.197179
58944	9.701986	-0.116262	1.620154	-0.003033	-0.015639	-0.012356	-0.191649	0.045976	0.980386	-0.221380	-0.975184	0.002456	0.956170	-0.216567	0.197071
58945	9.637132	-0.070607	1.718273	-0.000653	-0.011056	-0.013655	-0.191493	0.046090	0.980411	-0.221439	-0.975171	0.002592	0.956188	-0.216605	0.196944
58946	9.629546	-0.094308	1.801198	0.002955	-0.011797	-0.013943	-0.191301	0.046027	0.980452	-0.221296	-0.975203	0.002602	0.956259	-0.216473	0.196743
58947	9.624066	-0.096486	1.834039	0.004144	-0.009505	-0.014593	-0.191157	0.046153	0.980474	-0.221311	-0.975199	0.002757	0.956285	-0.216462	0.196631
58948	9.605667	-0.066758	1.868448	0.006575	-0.005444	-0.010982	-0.191016	0.046185	0.980500	-0.221326	-0.975196	0.002818	0.956309	-0.216472	0.196500
58949	9.576281	-0.038659	1.830692	0.008090	-0.004509	-0.012249	-0.190925	0.046299	0.980512	-0.221298	-0.975202	0.002957	0.956334	-0.216421	0.196437
58950	9.576643	0.072276	1.877328	-0.002685	-0.002810	-0.006473	-0.190849	0.046276	0.980528	-0.221407	-0.975177	0.002929	0.956324	-0.216537	0.196358
58951	9.608212	0.067450	1.864425	-0.015859	0.002335	-0.009448	-0.190830	0.046378	0.980527	-0.221603	-0.975132	0.002994	0.956282	-0.216716	0.196362
58952	9.571458	0.130435	1.794833	-0.026362	0.003197	-0.009200	-0.190750	0.046283	0.980547	-0.221652	-0.975122	0.002908	0.956287	-0.216785	0.196263
58953	9.519494	0.093875	1.729574	-0.041141	0.000418	-0.010682	-0.190710	0.046392	0.980550	-0.222092	-0.975021	0.002935	0.956193	-0.217212	0.196249
58954	9.547234	-0.003230	1.653174	-0.052113	-0.003831	-0.014503	-0.190619	0.046447	0.980565	-0.222704	-0.974882	0.002885	0.956069	-0.217826	0.196175
58955	9.582400	-0.080960	1.632383	-0.054498	-0.008416	-0.013211	-0.190489	0.046561	0.980585	-0.223276	-0.974751	0.002910	0.955961	-0.218387	0.196075
58956	9.629063	-0.096385	1.567261	-0.056601	-0.006741	-0.014192	-0.190463	0.046471	0.980594	-0.223770	-0.974638	0.002726	0.955851	-0.218909	0.196032
58957	9.638268	-0.220479	1.501508	-0.054276	-0.010097	-0.001969	-0.190342	0.046472	0.980617	-0.224319	-0.974512	0.002641	0.955746	-0.219468	0.195915
58958	9.703519	-0.265474	1.400649	-0.055290	-0.013547	0.005013	-0.190238	0.046346	0.980643	-0.224998	-0.974356	0.002401	0.955607	-0.220186	0.195787
58959	9.809669	-0.330469	1.268423	-0.050806	-0.025772	0.011467	-0.189998	0.046180	0.980698	-0.225487	-0.974244	0.002191	0.955540	-0.220719	0.195517
58960	9.922739	-0.438192	1.307951	-0.045319	-0.027892	0.022587	-0.189783	0.045767	0.980759	-0.225923	-0.974144	0.001741	0.955480	-0.221245	0.195216
58961	9.982357	-0.488740	1.239018	-0.030946	-0.030749	0.024903	-0.189525	0.045459	0.980823	-0.226197	-0.974080	0.001439	0.955466	-0.221587	0.194896
58962	9.937877	-0.563864	1.202364	-0.017366	-0.037354	0.023761	-0.189156	0.045005	0.980915	-0.226261	-0.974066	0.001060	0.955524	-0.221743	0.194433
58963	9.826694	-0.610164	1.174926	-0.002340	-0.042926	0.024830	-0.188781	0.044670	0.981003	-0.226262	-0.974066	0.000813	0.955598	-0.221810	0.193993
58964	9.745113	-0.683308	1.184040	0.023973	-0.052704	0.025827	-0.188207	0.044165	0.981136	-0.225824	-0.974168	0.000533	0.955814	-0.221464	0.193319
58965	9.695354	-0.706909	1.203481	0.057777	-0.058139	0.032355	-0.187704	0.043724	0.981252	-0.225237	-0.974304	0.000329	0.956052	-0.220953	0.192729
58966	9.603249	-0.677679	1.327373	0.102814	-0.060166	0.037149	-0.187191	0.043047	0.981380	-0.224088	-0.974569	0.000005	0.956422	-0.219915	0.192077
58967	9.478054	-0.603321	1.398164	0.140404	-0.059988	0.044555	-0.186697	0.042483	0.981499	-0.222687	-0.974890	-0.000162	0.956846	-0.218598	0.191469
58968	9.471924	-0.520538	1.524592	0.174486	-0.059272	0.045271	-0.186147	0.041755	0.981634	-0.220850	-0.975308	-0.000394	0.957379	-0.216867	0.190772
58969	9.592258	-0.464071	1.739089	0.207889	-0.055433	0.038807	-0.185681	0.041258	0.981744	-0.218812	-0.975767	-0.000378	0.957937	-0.214888	0.190209
58970	9.792859	-0.356803	1.990421	0.229295	-0.029853	0.038691	-0.185413	0.040591	0.981822	-0.216337	-0.976319	-0.000491	0.958551	-0.212495	0.189804
58971	10.076119	-0.326726	2.249527	0.237405	0.001504	0.034166	-0.185481	0.040262	0.981823	-0.214022	-0.976829	-0.000375	0.959058	-0.210202	0.189800
58972	10.227869	-0.360563	2.361058	0.236864	0.033303	0.027995	-0.185894	0.039823	0.981763	-0.211562	-0.977364	-0.000414	0.959523	-0.207781	0.190111
58973	10.052469	-0.334361	2.393087	0.233075	0.057253	0.014773	-0.186454	0.039798	0.981657	-0.209323	-0.977847	-0.000115	0.959906	-0.205505	0.190654
58974	9.746610	-0.321295	2.439244	0.216092	0.072116	-0.007849	-0.187172	0.039857	0.981518	-0.207289	-0.978280	0.000196	0.960207	-0.203422	0.191369
58975	9.481695	-0.271044	2.477917	0.208075	0.070428	-0.030986	-0.187765	0.040303	0.981387	-0.205374	-0.978683	0.000899	0.960503	-0.201383	0.192039
58976	9.426139	-0.265334	2.493800	0.184739	0.075793	-0.051111	-0.188360	0.040769	0.981254	-0.203616	-0.979050	0.001592	0.960761	-0.199499	0.192715
58977	9.537367	-0.248639	2.591858	0.168373	0.095932	-0.081627	-0.189096	0.041760	0.981070	-0.202177	-0.979345	0.002718	0.960920	-0.197836	0.193633
58978	10.009671	-0.142834	2.848924	0.145260	0.145336	-0.116249	-0.190264	0.043059	0.980788	-0.201087	-0.979565	0.003996	0.960918	-0.196464	0.195035
58979	9.404547	-0.181108	2.902826	0.118472	0.232354	-0.153010	-0.192170	0.045013	0.980329	-0.200266	-0.979725	0.005728	0.960710	-0.195226	0.197288
58980	9.381208	-0.209274	3.096482	0.112616	0.286109	-0.161743	-0.194524	0.046743	0.979783	-0.198869	-0.979999	0.007270	0.960527	-0.193434	0.199929
58981	9.348372	-0.257768	3.239460	0.113286	0.339714	-0.155176	-0.197459	0.048918	0.979090	-0.198109	-0.980139	0.009017	0.960085	-0.192186	0.203228
58982	9.836422	-0.204897	3.383578	0.142679	0.400950	-0.146622	-0.200813	0.050719	0.978316	-0.196212	-0.980505	0.010557	0.959779	-0.189837	0.206850
58983	9.550431	-0.054541	3.440403	0.147895	0.462509	-0.140111	-0.204956	0.052966	0.977337	-0.195100	-0.980707	0.012235	0.959129	-0.188171	0.211335
58984	9.485288	0.019278	3.482240	0.170052	0.510096	-0.143002	-0.209401	0.054860	0.976290	-0.192779	-0.981145	0.013784	0.958638	-0.185321	0.216029
58985	9.622691	0.159706	3.696382	0.182051	0.570533	-0.145676	-0.214567	0.057339	0.975025	-0.191365	-0.981395	0.015601	0.957779	-0.183238	0.221548
58986	9.713225	0.193030	4.061675	0.202825	0.671915	-0.162883	-0.220524	0.059778	0.973548	-0.188965	-0.981828	0.017483	0.956902	-0.180112	0.227813
58987	8.978105	0.131807	4.174000	0.226476	0.774695	-0.193380	-0.227547	0.063060	0.971723	-0.187255	-0.982110	0.019885	0.955593	-0.177435	0.235285
58988	9.340182	0.049447	4.482449	0.265065	0.848697	-0.215788	-0.234830	0.066210	0.969779	-0.183760	-0.982711	0.022595	0.954509	-0.172900	0.242937
58989	9.287762	0.009965	4.842297	0.291377	0.956629	-0.244720	-0.243483	0.070250	0.967358	-0.181587	-0.983039	0.025683	0.952755	-0.169406	0.252110
58990	9.708571	0.203071	5.287383	0.322651	1.063730	-0.284564	-0.252855	0.074358	0.964643	-0.177996	-0.983599	0.029163	0.950990	-0.164329	0.261943
58991	9.541334	0.274528	5.744858	0.343367	1.182327	-0.325616	-0.263486	0.079477	0.961384	-0.175595	-0.983902	0.033213	0.948547	-0.160063	0.273200
58992	8.861520	0.323985	5.771997	0.352345	1.217320	-0.353584	-0.274364	0.084782	0.957881	-0.173135	-0.984183	0.037519	0.945912	-0.155548	0.284703
58993	8.376137	0.473117	5.445933	0.324016	1.135929	-0.375881	-0.284424	0.090223	0.954444	-0.171144	-0.984348	0.042049	0.943299	-0.151388	0.295413
58994	8.390028	0.830543	4.835346	0.252625	0.971489	-0.395310	-0.292906	0.095528	0.951357	-0.170013	-0.984344	0.046496	0.940905	-0.148125	0.304561
58995	8.766719	1.284457	4.299182	0.158706	0.805878	-0.407397	-0.299765	0.100720	0.948681	-0.169749	-0.984174	0.050851	0.938790	-0.145795	0.312118
58996	9.307260	1.554839	4.242306	0.037696	0.676980	-0.403934	-0.305435	0.105643	0.946335	-0.170722	-0.983798	0.054724	0.936784	-0.144846	0.318522
58997	9.923758	1.557487	4.263482	-0.123090	0.597643	-0.387696	-0.310338	0.110321	0.944203	-0.173087	-0.983198	0.057987	0.934736	-0.145434	0.324219
58998	10.280623	1.140735	4.398065	-0.304013	0.565394	-0.372535	-0.314975	0.114781	0.942134	-0.177186	-0.982320	0.060439	0.932414	-0.147896	0.329744
58999	10.214873	0.455230	4.163180	-0.464904	0.562312	-0.353101	-0.319553	0.119088	0.940055	-0.182655	-0.981207	0.062211	0.929797	-0.151827	0.335300
59000	10.181360	-0.167269	3.681006	-0.572365	0.573178	-0.305799	-0.324318	0.122942	0.937925	-0.189047	-0.979940	0.063080	0.926865	-0.156854	0.341054
59001	9.930554	-0.635433	3.130907	-0.612258	0.580712	-0.236292	-0.329215	0.126179	0.935786	-0.195505	-0.978665	0.063181	0.923794	-0.162151	0.346860
59002	9.953330	-1.424384	2.815743	-0.582089	0.575252	-0.135784	-0.334262	0.128424	0.933690	-0.201425	-0.977518	0.062342	0.920705	-0.167230	0.352615
59003	9.960465	-1.902541	2.810206	-0.455590	0.583815	-0.000407	-0.339605	0.129412	0.931623	-0.205634	-0.976743	0.060719	0.917814	-0.170953	0.358319
59004	9.728852	-2.221346	2.682175	-0.273348	0.567625	0.135182	-0.345095	0.129031	0.929656	-0.207794	-0.976428	0.058388	0.915276	-0.173028	0.363772
59005	9.622355	-2.268554	2.403960	-0.094870	0.538756	0.257257	-0.350533	0.127449	0.927838	-0.207787	-0.976590	0.055645	0.913209	-0.173288	0.368809
59006	9.358884	-2.038132	2.317514	0.105052	0.491844	0.351817	-0.355752	0.124818	0.926208	-0.205724	-0.977192	0.052671	0.911657	-0.171805	0.373316
59007	9.126998	-1.567027	2.225429	0.314791	0.453874	0.399860	-0.360679	0.121677	0.924719	-0.201443	-0.978216	0.050145	0.910676	-0.168192	0.377333
59008	9.011254	-0.827842	1.971965	0.504636	0.421031	0.417508	-0.365341	0.118240	0.923334	-0.195488	-0.979526	0.048087	0.910116	-0.162933	0.380975
59009	8.899497	0.111344	1.630296	0.618743	0.375338	0.415705	-0.369532	0.114762	0.922104	-0.188350	-0.980995	0.046610	0.909929	-0.156455	0.384125
59010	9.019505	1.212926	1.387699	0.645234	0.332114	0.402951	-0.373293	0.111267	0.921017	-0.181144	-0.982414	0.045266	0.909857	-0.149939	0.386884
59011	9.243681	1.835547	1.448380	0.589910	0.325459	0.379882	-0.376908	0.108008	0.919932	-0.174373	-0.983694	0.044052	0.909689	-0.143808	0.389595
59012	9.365473	1.856671	1.612112	0.515085	0.352183	0.370080	-0.380733	0.104819	0.918725	-0.168440	-0.984793	0.042553	0.909214	-0.138549	0.392599
59013	9.010636	1.344897	1.860409	0.457542	0.379430	0.375872	-0.384783	0.101629	0.917395	-0.162864	-0.985801	0.040897	0.908525	-0.133674	0.395871
59014	8.580574	0.782325	2.063826	0.418774	0.386346	0.390833	-0.388900	0.098243	0.916027	-0.157695	-0.986722	0.038875	0.907683	-0.129334	0.399229
59015	8.137036	0.246279	2.191733	0.367646	0.367558	0.431800	-0.392883	0.094445	0.914726	-0.152692	-0.987604	0.036387	0.906823	-0.125376	0.402434
59016	8.003882	-0.218950	2.449986	0.307687	0.348301	0.476637	-0.396736	0.090129	0.913497	-0.148167	-0.988406	0.033170	0.905896	-0.122190	0.405490
59017	7.842110	-0.712722	2.587015	0.220323	0.352611	0.537575	-0.400692	0.085238	0.912239	-0.144050	-0.989141	0.029151	0.904818	-0.119727	0.408619
59018	7.702091	-1.193100	2.774091	0.144719	0.346991	0.594031	-0.404652	0.079734	0.910988	-0.140499	-0.989785	0.024222	0.903613	-0.118191	0.411721
59019	7.713766	-1.594382	2.973660	0.095146	0.353236	0.630627	-0.408695	0.073903	0.909674	-0.137096	-0.990378	0.018866	0.902315	-0.117002	0.414895
59020	7.894344	-1.868475	3.363878	0.075549	0.351809	0.660907	-0.412740	0.067726	0.908328	-0.133861	-0.990914	0.013058	0.900959	-0.116200	0.418056
59021	8.127117	-2.062336	3.800784	0.088996	0.342046	0.675037	-0.416689	0.061428	0.906971	-0.130282	-0.991450	0.007294	0.899665	-0.115122	0.421130
59022	8.306205	-2.162238	4.256995	0.128810	0.323270	0.673879	-0.420440	0.055072	0.905647	-0.126478	-0.991968	0.001605	0.898462	-0.113870	0.424029
59023	8.619987	-2.240348	4.642403	0.205467	0.297117	0.664694	-0.423912	0.048809	0.904387	-0.121848	-0.992542	-0.003547	0.897470	-0.111701	0.426698
59024	8.748548	-2.009991	5.158330	0.310926	0.276444	0.642982	-0.427141	0.042686	0.903177	-0.116513	-0.993156	-0.008165	0.896647	-0.108719	0.429191
59025	8.605043	-1.540214	5.627825	0.408322	0.260404	0.620503	-0.430157	0.036796	0.902004	-0.110215	-0.993835	-0.012018	0.896001	-0.104584	0.431561
59026	8.356980	-0.860579	6.288462	0.498623	0.253217	0.581986	-0.433036	0.031223	0.900836	-0.103437	-0.994519	-0.015253	0.895422	-0.099785	0.433893
59027	8.151353	-0.159660	7.110778	0.549639	0.277616	0.511072	-0.436010	0.026405	0.899554	-0.096318	-0.995197	-0.017472	0.894772	-0.094262	0.436460
59028	8.104282	0.676486	7.978345	0.577098	0.343105	0.424902	-0.439472	0.022446	0.897976	-0.089499	-0.995807	-0.018910	0.893786	-0.088678	0.439638
59029	7.496336	1.162388	8.694658	0.586724	0.435514	0.333990	-0.443628	0.019490	0.895999	-0.082806	-0.996378	-0.019326	0.892377	-0.082768	0.443635
59030	6.978740	1.660165	8.996331	0.575197	0.500618	0.242002	-0.448296	0.017440	0.893715	-0.076790	-0.996865	-0.019066	0.890581	-0.077176	0.448229
59031	6.795243	2.258877	8.835852	0.508166	0.519392	0.154317	-0.453009	0.016286	0.891357	-0.071596	-0.997268	-0.018165	0.888626	-0.072046	0.452938
59032	6.604612	2.644640	8.371158	0.380996	0.518030	0.069363	-0.457682	0.015927	0.888973	-0.068072	-0.997533	-0.017175	0.886506	-0.068374	0.457637
59033	6.553802	2.724413	7.870518	0.229009	0.487575	-0.009178	-0.461972	0.016344	0.886744	-0.066108	-0.997683	-0.016052	0.884427	-0.066037	0.461982
59034	6.862155	2.460936	7.273021	0.110460	0.449396	-0.060350	-0.465939	0.017215	0.884649	-0.065563	-0.997734	-0.015116	0.882384	-0.065043	0.466012
59035	7.309617	2.031610	6.599029	0.030954	0.420759	-0.085745	-0.469571	0.018342	0.882704	-0.065713	-0.997737	-0.014226	0.880446	-0.064686	0.469714
59036	7.689779	1.550629	6.068112	-0.001421	0.406351	-0.092484	-0.473128	0.019508	0.880778	-0.066294	-0.997709	-0.013514	0.878496	-0.064784	0.473337
59037	7.934520	1.077753	5.526203	0.007423	0.399598	-0.075168	-0.476564	0.020514	0.878900	-0.066608	-0.997697	-0.012830	0.876613	-0.064656	0.476833
59038	8.066073	0.722235	5.190267	0.047487	0.393215	-0.054441	-0.480019	0.021294	0.877000	-0.066573	-0.997707	-0.012214	0.874729	-0.064248	0.480335
59039	8.018698	0.536909	4.965178	0.084019	0.380646	-0.032917	-0.483303	0.021863	0.875180	-0.066020	-0.997752	-0.011534	0.872960	-0.063354	0.483659
59040	7.686007	0.535959	4.812687	0.097179	0.366154	-0.009011	-0.486538	0.022168	0.873378	-0.065331	-0.997802	-0.011068	0.871213	-0.062443	0.486917
59041	7.317624	0.480909	4.892819	0.109635	0.337428	0.021815	-0.489469	0.022157	0.871739	-0.064292	-0.997873	-0.010736	0.869647	-0.061301	0.489853
59042	7.338577	0.388327	5.097157	0.161413	0.309149	0.057652	-0.492241	0.021756	0.870187	-0.062716	-0.997976	-0.010526	0.868197	-0.059756	0.492609
59043	7.127541	0.226073	5.298245	0.245266	0.282485	0.089379	-0.494727	0.021027	0.868794	-0.060169	-0.998137	-0.010106	0.866963	-0.057274	0.495070
59044	6.182844	0.266552	4.359097	0.273848	0.091745	0.141570	-0.495656	0.019653	0.868296	-0.057200	-0.998312	-0.010056	0.866633	-0.054651	0.495944
59045	5.892030	0.554600	3.019874	0.171620	-0.280943	0.182638	-0.493302	0.017676	0.869679	-0.054831	-0.998437	-0.010808	0.868128	-0.053017	0.493500
59046	6.708751	0.692934	2.017220	-0.025168	-0.613663	0.221254	-0.488138	0.015129	0.872635	-0.054066	-0.998454	-0.012934	0.871090	-0.053493	0.488201
59047	7.853995	0.485986	1.595660	-0.238089	-0.766987	0.269237	-0.481569	0.012018	0.876326	-0.054861	-0.998358	-0.016456	0.874689	-0.056001	0.481438
59048	8.214976	-0.009365	1.024865	-0.439383	-0.822540	0.291166	-0.474569	0.008620	0.880176	-0.057416	-0.998126	-0.021183	0.878344	-0.060589	0.474175
59049	8.321579	0.042114	0.496090	-0.628731	-0.892767	0.268360	-0.466850	0.005369	0.884320	-0.061710	-0.997742	-0.026520	0.882181	-0.066953	0.466127
59050	9.869207	-0.143247	1.907085	-0.815055	-0.927850	0.205982	-0.458818	0.002641	0.888526	-0.068056	-0.997162	-0.032179	0.885920	-0.075234	0.457695
59051	12.156260	-1.209521	4.055386	-0.842005	-0.796558	0.216648	-0.451883	-0.000155	0.892077	-0.074565	-0.996494	-0.037944	0.888956	-0.083664	0.450287
59052	12.938065	-1.713836	3.901792	-0.651054	-0.747609	0.267171	-0.445462	-0.003483	0.895294	-0.079258	-0.995913	-0.043311	0.891786	-0.090253	0.443365
59053	13.243842	-1.480989	2.976138	-0.452873	-0.836403	0.273580	-0.438189	-0.006985	0.898856	-0.082119	-0.995477	-0.047768	0.895124	-0.094745	0.435634
59054	13.761065	-1.109147	4.539676	-0.223257	-0.835864	0.307083	-0.430969	-0.010863	0.902302	-0.082890	-0.995223	-0.051573	0.898552	-0.097018	0.428010
59055	12.553690	-0.183337	5.156316	0.049610	-0.734336	0.412169	-0.424675	-0.015679	0.905210	-0.080703	-0.995214	-0.055100	0.901742	-0.096453	0.421377
59056	10.012057	1.322825	3.265159	0.203698	-0.772239	0.550714	-0.418151	-0.021919	0.908113	-0.076644	-0.995293	-0.059315	0.905138	-0.094404	0.414502
59057	8.868273	2.903779	1.831637	0.105152	-0.936698	0.594717	-0.410079	-0.028721	0.911598	-0.073251	-0.995238	-0.064307	0.909104	-0.093147	0.406022
59058	8.811180	3.711084	1.592298	-0.104596	-1.066916	0.516593	-0.400746	-0.034878	0.915525	-0.072192	-0.994966	-0.069504	0.913341	-0.093947	0.396210
59059	8.650271	3.815058	1.385248	-0.414529	-1.137999	0.354489	-0.390567	-0.039498	0.919727	-0.074608	-0.994434	-0.074389	0.917546	-0.097673	0.385446
59060	8.592232	3.141178	1.133798	-0.762082	-1.203103	0.190977	-0.379656	-0.042625	0.924145	-0.080931	-0.993578	-0.079076	0.921581	-0.104814	0.373768
59061	9.124328	2.022539	1.112983	-1.033462	-1.215333	0.074624	-0.368476	-0.044704	0.928562	-0.090220	-0.992409	-0.083579	0.925249	-0.114571	0.361646
59062	9.582841	0.315487	1.249721	-1.208789	-1.210117	0.051051	-0.357303	-0.046671	0.932822	-0.101266	-0.990927	-0.088366	0.928483	-0.126036	0.349335
59063	10.185925	-1.569570	1.223129	-1.235346	-1.181376	0.114572	-0.346418	-0.049368	0.936780	-0.112375	-0.989239	-0.093688	0.931325	-0.137726	0.337143
59064	9.926735	-3.299836	0.919357	-1.143956	-1.158908	0.203272	-0.335835	-0.053041	0.940426	-0.122377	-0.987494	-0.099397	0.933937	-0.148468	0.325144
59065	9.546340	-4.480591	0.675104	-0.920132	-1.116796	0.297849	-0.325745	-0.057690	0.943696	-0.130022	-0.985919	-0.105153	0.936474	-0.156955	0.313657
59066	8.984353	-5.108934	0.559138	-0.590673	-1.056791	0.374232	-0.316311	-0.063079	0.946556	-0.134410	-0.984741	-0.110539	0.939085	-0.162191	0.303006
59067	8.321291	-5.057877	1.233497	-0.162688	-0.996023	0.378690	-0.307432	-0.068432	0.949106	-0.134784	-0.984223	-0.114623	0.941976	-0.163164	0.293358
59068	8.443648	-4.336602	2.298666	0.257660	-0.957140	0.350438	-0.298848	-0.073456	0.951470	-0.131372	-0.984374	-0.117259	0.945215	-0.160039	0.284528
59069	9.148182	-3.118700	3.068356	0.593071	-0.917390	0.327228	-0.290558	-0.078122	0.953663	-0.124817	-0.985051	-0.118722	0.948682	-0.153529	0.276464
59070	9.805224	-1.546930	3.843483	0.737921	-0.872160	0.301744	-0.282619	-0.082437	0.955683	-0.117039	-0.985893	-0.119654	0.952065	-0.145669	0.268984
59071	10.070163	-0.639615	4.257083	0.665060	-0.818874	0.266556	-0.275091	-0.086234	0.957543	-0.109979	-0.986609	-0.120447	0.955107	-0.138444	0.261923
59072	9.971430	-0.720833	4.273458	0.488016	-0.782143	0.248237	-0.267866	-0.089781	0.959264	-0.104735	-0.987035	-0.121627	0.957747	-0.133048	0.254989
59073	9.550293	-0.981322	4.203645	0.310395	-0.764086	0.248336	-0.260772	-0.093240	0.960887	-0.101129	-0.987211	-0.123239	0.960089	-0.129311	0.248008
59074	8.797354	-1.556455	3.894538	0.120950	-0.770918	0.218810	-0.253576	-0.096424	0.962498	-0.099496	-0.987142	-0.125106	0.962185	-0.127489	0.240721
59075	8.704281	-2.384674	3.548142	0.030952	-0.791864	0.205023	-0.246130	-0.099458	0.964120	-0.098712	-0.986977	-0.127016	0.964197	-0.126433	0.233107
59076	8.909342	-2.604275	3.219476	0.009290	-0.813797	0.154943	-0.238427	-0.102051	0.965784	-0.098345	-0.986814	-0.128552	0.966168	-0.125630	0.225248
59077	9.159042	-2.260276	2.837260	0.032510	-0.763742	0.100519	-0.231118	-0.104003	0.967351	-0.097821	-0.986748	-0.129459	0.967996	-0.124547	0.217882
59078	9.544336	-1.607398	2.529655	0.011829	-0.730240	0.049258	-0.224095	-0.105438	0.968847	-0.097699	-0.986692	-0.129978	0.969658	-0.123783	0.210812
59079	9.120551	-1.172249	2.320593	-0.015928	-0.705056	-0.000440	-0.217231	-0.106309	0.970314	-0.097881	-0.986669	-0.130015	0.971200	-0.123219	0.203929
59080	9.556863	-0.298586	2.405453	-0.079440	-0.668328	-0.030240	-0.210711	-0.106879	0.971688	-0.098824	-0.986584	-0.129947	0.972540	-0.123407	0.197322
59081	9.311672	-0.033293	2.136625	-0.227879	-0.647985	-0.072494	-0.204311	-0.106974	0.973044	-0.101219	-0.986375	-0.129692	0.973659	-0.124988	0.190699
59082	9.137614	-0.019151	1.798859	-0.366399	-0.685348	-0.106970	-0.197529	-0.106826	0.974459	-0.105100	-0.986007	-0.129397	0.974647	-0.127975	0.183538
59083	9.200774	0.011831	1.689897	-0.509943	-0.718344	-0.124682	-0.190368	-0.106537	0.975915	-0.110341	-0.985473	-0.129104	0.975492	-0.132261	0.175847
59084	8.959491	-0.514270	1.479254	-0.590354	-0.776766	-0.145815	-0.182626	-0.106185	0.977432	-0.116462	-0.984815	-0.128747	0.976260	-0.137346	0.167486
59085	8.785127	-1.037988	1.323395	-0.624736	-0.814926	-0.154474	-0.174460	-0.105810	0.978963	-0.122866	-0.984100	-0.128261	0.976969	-0.142658	0.158686
59086	9.660268	-1.402545	1.369716	-0.627004	-0.846780	-0.166736	-0.165976	-0.105437	0.980477	-0.129362	-0.983347	-0.127644	0.977608	-0.148023	0.149573
59087	9.238295	-1.536595	1.397755	-0.627951	-0.831654	-0.191342	-0.157568	-0.104815	0.981930	-0.135840	-0.982598	-0.126684	0.978121	-0.153347	0.140588
59088	9.251458	-1.792987	1.460420	-0.625532	-0.839735	-0.218924	-0.149050	-0.104014	0.983344	-0.142381	-0.981832	-0.125435	0.978525	-0.158706	0.131532
59089	9.190469	-1.925220	1.480918	-0.579717	-0.837053	-0.236794	-0.140491	-0.103044	0.984705	-0.148426	-0.981138	-0.123847	0.978893	-0.163555	0.122547
59090	9.605984	-1.919367	1.710875	-0.529768	-0.804858	-0.243883	-0.132246	-0.102029	0.985952	-0.154035	-0.980489	-0.122124	0.979175	-0.168022	0.113949
59091	9.480964	-2.175514	1.723470	-0.475324	-0.755318	-0.235152	-0.124459	-0.101014	0.987069	-0.159020	-0.979915	-0.120333	0.979399	-0.171940	0.105896
59092	9.684404	-2.190723	1.900611	-0.422701	-0.713329	-0.221258	-0.117121	-0.100132	0.988057	-0.163523	-0.979380	-0.118637	0.979563	-0.175465	0.098332
59093	9.716454	-2.226559	1.806079	-0.395897	-0.665137	-0.211073	-0.110234	-0.099250	0.988938	-0.167669	-0.978884	-0.116930	0.979661	-0.178704	0.091265
59094	9.656354	-2.352613	1.565451	-0.381508	-0.633565	-0.197835	-0.103702	-0.098508	0.989718	-0.171720	-0.978367	-0.115371	0.979673	-0.181918	0.084543
59095	9.456639	-2.423363	1.270145	-0.376612	-0.616230	-0.182240	-0.097326	-0.097862	0.990429	-0.175621	-0.977849	-0.113877	0.979635	-0.185023	0.077984
59096	8.740069	-2.604601	0.786158	-0.370337	-0.622495	-0.188948	-0.090907	-0.097234	0.991101	-0.179536	-0.977315	-0.112349	0.979542	-0.188152	0.071387
59097	9.686545	-2.429951	0.463414	-0.349023	-0.698668	-0.200466	-0.083678	-0.096607	0.991799	-0.183158	-0.976842	-0.110603	0.979516	-0.190911	0.064045
59098	10.658523	-1.638572	0.273376	-0.357399	-0.703568	-0.229955	-0.076376	-0.095780	0.992468	-0.186963	-0.976344	-0.108612	0.979394	-0.193850	0.056662
59099	10.612675	-0.850696	0.126637	-0.406760	-0.688381	-0.279478	-0.069085	-0.094405	0.993134	-0.191178	-0.975809	-0.106057	0.979121	-0.197192	0.049366
59100	9.419717	-0.756417	-0.202553	-0.456884	-0.683805	-0.335397	-0.061756	-0.092562	0.993790	-0.195990	-0.975181	-0.103008	0.978659	-0.201134	0.042082
59101	9.210666	-1.291277	0.039933	-0.450821	-0.724657	-0.370319	-0.053909	-0.090430	0.994443	-0.200644	-0.974598	-0.099502	0.978180	-0.204893	0.034396
59102	9.056939	-2.085075	0.272574	-0.406075	-0.763727	-0.363889	-0.045714	-0.088531	0.995024	-0.204917	-0.974052	-0.096080	0.977711	-0.208289	0.026386
59103	9.072999	-2.903179	0.427529	-0.330380	-0.819863	-0.333216	-0.036990	-0.087012	0.995520	-0.208313	-0.973646	-0.092840	0.977362	-0.210814	0.017889
59104	9.766977	-3.325959	0.712256	-0.264073	-0.872704	-0.312866	-0.027819	-0.085892	0.995916	-0.211127	-0.973321	-0.089841	0.977063	-0.212764	0.008943
59105	10.028052	-3.202452	1.111422	-0.223245	-0.850934	-0.310738	-0.018825	-0.084692	0.996229	-0.213409	-0.973103	-0.086759	0.976781	-0.214238	0.000245
59106	10.007187	-2.793122	1.597408	-0.220206	-0.811527	-0.328687	-0.010214	-0.083330	0.996470	-0.215755	-0.972865	-0.083567	0.976394	-0.215847	-0.008042
59107	9.923509	-2.153613	2.114665	-0.247217	-0.774081	-0.365968	-0.001842	-0.081455	0.996675	-0.218219	-0.972624	-0.079893	0.975898	-0.217641	-0.015984
59108	10.547767	-1.144699	2.546240	-0.320365	-0.736890	-0.423825	0.006251	-0.079046	0.996851	-0.221491	-0.972219	-0.075704	0.975142	-0.220321	-0.023585
59109	11.202369	-0.241633	2.791837	-0.435955	-0.680143	-0.499540	0.014018	-0.075710	0.997031	-0.225719	-0.971630	-0.070607	0.974092	-0.224059	-0.030710
59110	11.376767	0.456597	2.853869	-0.560916	-0.596079	-0.588264	0.021130	-0.071443	0.997221	-0.231226	-0.970750	-0.064648	0.972671	-0.229217	-0.037031
59111	11.384938	0.625533	3.139594	-0.678958	-0.495612	-0.655344	0.027504	-0.066245	0.997424	-0.237695	-0.969616	-0.057844	0.970950	-0.235491	-0.042414
59112	10.957063	0.300280	3.213466	-0.719331	-0.397964	-0.695759	0.033000	-0.060541	0.997620	-0.244598	-0.968300	-0.050671	0.969063	-0.242344	-0.046762
59113	10.751413	-0.155893	3.159538	-0.706827	-0.306140	-0.710793	0.037747	-0.054424	0.997804	-0.251220	-0.966964	-0.043238	0.967194	-0.249036	-0.050172
59114	10.690697	-0.787988	3.232475	-0.667753	-0.218775	-0.707812	0.041610	-0.048216	0.997970	-0.257518	-0.965606	-0.035915	0.965377	-0.255501	-0.052595
59115	11.107970	-1.292265	3.289904	-0.600356	-0.130105	-0.663277	0.044612	-0.042160	0.998114	-0.263053	-0.964346	-0.028977	0.963749	-0.261264	-0.054112
59116	11.450231	-1.493508	3.577697	-0.562554	-0.030757	-0.587360	0.046406	-0.036660	0.998250	-0.268329	-0.963055	-0.022894	0.962209	-0.266797	-0.054528
59117	11.444747	-1.174246	4.071453	-0.569807	0.074534	-0.517301	0.047112	-0.031490	0.998393	-0.273595	-0.961687	-0.017422	0.960691	-0.272335	-0.053922
59118	11.135304	-0.219420	4.443650	-0.631823	0.166340	-0.540783	0.046934	-0.025914	0.998562	-0.279532	-0.960064	-0.011776	0.958988	-0.278578	-0.052304
59119	10.843359	0.650956	5.012587	-0.782543	0.225496	-0.656196	0.046653	-0.018993	0.998731	-0.286751	-0.957993	-0.004824	0.956868	-0.286162	-0.050139
59120	11.091645	1.235280	6.266831	-0.993957	0.306748	-0.808699	0.045987	-0.010434	0.998888	-0.295991	-0.955184	0.003650	0.954083	-0.295829	-0.047015
59121	10.997266	1.405367	7.131251	-1.234014	0.497256	-0.939779	0.044107	0.000016	0.999027	-0.307349	-0.951500	0.013585	0.950574	-0.307649	-0.041963
59122	11.552477	0.997947	7.658475	-1.429872	0.784066	-1.011855	0.039737	0.012035	0.999138	-0.320585	-0.946912	0.024156	0.946386	-0.321269	-0.033770
59123	11.772774	0.482448	8.399568	-1.536728	1.185022	-1.000462	0.031848	0.025364	0.999171	-0.334765	-0.941667	0.034575	0.941763	-0.335589	-0.021499
59124	10.588201	-0.410071	8.169050	-1.514372	1.533680	-0.969202	0.020620	0.039682	0.999000	-0.348818	-0.936139	0.044385	0.936963	-0.349385	-0.005461
59125	11.141075	-0.805947	7.407985	-1.386419	1.880361	-0.899055	0.006258	0.054748	0.998481	-0.361685	-0.930775	0.053302	0.932279	-0.361469	0.013977
59126	9.698767	-0.972505	5.460330	-1.138115	2.131790	-0.802938	-0.010965	0.069953	0.997490	-0.370023	-0.927022	0.060943	0.928958	-0.368426	0.036049
59127	8.863839	-1.484966	2.813092	-0.798336	2.109836	-0.681446	-0.027963	0.084082	0.996066	-0.377587	-0.923521	0.067357	0.925552	-0.374218	0.057573
59128	10.238272	-1.798354	0.211865	-0.552159	1.982782	-0.567012	-0.044299	0.096737	0.994324	-0.382977	-0.920906	0.072532	0.922695	-0.377590	0.077843
59129	11.653690	-2.172779	-0.720871	-0.337910	1.921974	-0.496263	-0.060083	0.108560	0.992272	-0.386378	-0.919107	0.077160	0.920381	-0.378756	0.097168
59130	12.518191	-3.146221	-0.288305	-0.046802	2.026006	-0.378624	-0.077413	0.119656	0.989793	-0.387173	-0.918464	0.080752	0.918751	-0.376970	0.117428
59131	13.742329	-3.451628	-0.620449	0.272972	2.152573	-0.218236	-0.096321	0.129709	0.986863	-0.384884	-0.919203	0.083250	0.917925	-0.371809	0.138462
59132	13.149029	-3.840941	-1.595473	0.474072	2.233062	-0.032387	-0.116843	0.138174	0.983492	-0.380706	-0.920860	0.084145	0.917284	-0.364589	0.160200
59133	12.503957	-3.981531	-1.902988	0.673571	2.180375	0.158712	-0.137423	0.144548	0.979909	-0.374354	-0.923498	0.083727	0.917046	-0.355327	0.181022
59134	12.076937	-3.253323	-2.587331	0.972078	1.984966	0.291628	-0.156851	0.148714	0.976362	-0.365185	-0.927266	0.082569	0.917626	-0.343602	0.199751
59135	11.202291	-1.681606	-2.617377	1.186279	1.723645	0.365417	-0.173976	0.151112	0.973087	-0.353715	-0.931799	0.081460	0.919031	-0.330023	0.215561
59136	11.104799	0.023096	-1.757615	1.336671	1.505192	0.374132	-0.189245	0.152392	0.970033	-0.340947	-0.936619	0.080626	0.920837	-0.315472	0.229208
59137	10.215381	0.675968	-0.820014	1.327381	1.377547	0.309634	-0.202961	0.153720	0.967046	-0.328134	-0.941175	0.080740	0.922570	-0.300933	0.241462
59138	10.065681	0.659333	-0.211346	1.249436	1.395596	0.259793	-0.216788	0.155292	0.963788	-0.316274	-0.945190	0.081155	0.923566	-0.287227	0.254021
59139	9.092725	0.804010	-0.946044	1.046024	1.398088	0.285388	-0.230572	0.156511	0.960386	-0.306002	-0.948569	0.081120	0.923688	-0.275176	0.266606
59140	8.586668	1.088613	-1.309863	0.840167	1.253297	0.334694	-0.243251	0.156642	0.957231	-0.297674	-0.951307	0.080028	0.923157	-0.265476	0.278035
59141	9.919242	1.542907	-1.012672	0.708170	1.152918	0.315684	-0.254801	0.156638	0.954223	-0.290381	-0.953644	0.079004	0.922364	-0.256958	0.288474
59142	11.032344	1.977746	-0.627584	0.620734	1.152681	0.282181	-0.266319	0.156790	0.951047	-0.284147	-0.955605	0.077972	0.921051	-0.249472	0.299047
59143	11.747765	2.092087	-0.270950	0.518680	1.213343	0.273091	-0.278235	0.157154	0.947570	-0.278660	-0.957303	0.076946	0.919203	-0.242641	0.310147
59144	11.326028	1.732694	0.072636	0.352824	1.317977	0.306405	-0.291248	0.157316	0.943624	-0.274767	-0.958581	0.075004	0.916339	-0.237432	0.322410
59145	10.229414	1.047082	0.546502	0.235673	1.366922	0.367710	-0.304738	0.156996	0.939408	-0.271544	-0.959706	0.072301	0.912907	-0.233058	0.335090
59146	9.381859	0.517746	0.939805	0.218097	1.336938	0.459785	-0.318217	0.155609	0.935160	-0.268340	-0.960880	0.068578	0.909248	-0.229118	0.347525
59147	9.060818	0.223415	1.342821	0.261184	1.303099	0.545996	-0.331480	0.153306	0.930923	-0.264224	-0.962309	0.064391	0.905708	-0.224628	0.359494
59148	8.705106	0.047466	1.580617	0.286007	1.295508	0.616610	-0.344856	0.150193	0.926561	-0.259771	-0.963832	0.059551	0.901994	-0.220157	0.371399
59149	8.468527	0.052052	1.918977	0.305444	1.286278	0.668525	-0.358138	0.146536	0.922098	-0.254700	-0.965483	0.054506	0.898257	-0.215337	0.383098
59150	8.426762	-0.055410	2.256484	0.298128	1.303010	0.690941	-0.371605	0.142585	0.917376	-0.249727	-0.967068	0.049150	0.894174	-0.210829	0.394974
59151	8.704518	-0.193831	2.684301	0.297512	1.330077	0.699197	-0.385181	0.138581	0.912376	-0.244455	-0.968665	0.043928	0.889875	-0.206114	0.406988
59152	9.266770	-0.220705	3.375446	0.282867	1.390114	0.706014	-0.399269	0.134526	0.906910	-0.239398	-0.970157	0.038512	0.885027	-0.201736	0.419559
59153	9.643223	-0.131143	4.184624	0.272673	1.472368	0.701445	-0.413906	0.130644	0.900896	-0.234168	-0.971625	0.033315	0.879686	-0.197172	0.432754
59154	10.052532	-0.063134	4.920476	0.267132	1.537568	0.699867	-0.429050	0.126798	0.894337	-0.229101	-0.972999	0.028042	0.873744	-0.192862	0.446514
59155	9.754830	-0.131616	5.162753	0.270061	1.556329	0.691423	-0.444150	0.123023	0.887466	-0.223758	-0.974371	0.023086	0.867562	-0.188324	0.460295
59156	9.655331	0.319101	5.126712	0.316119	1.499588	0.671659	-0.458641	0.119232	0.880586	-0.218218	-0.975725	0.018458	0.861411	-0.183694	0.473526
59157	9.379341	1.190650	4.793752	0.335272	1.422377	0.647075	-0.472229	0.115483	0.873878	-0.212355	-0.977087	0.014369	0.855514	-0.178787	0.485933
59158	8.803681	1.948360	4.257226	0.317647	1.334410	0.628529	-0.484967	0.111671	0.867374	-0.206858	-0.978317	0.010296	0.849716	-0.174429	0.497551
59159	8.269986	1.988695	3.417240	0.258695	1.256485	0.604123	-0.496827	0.107916	0.861114	-0.201728	-0.979421	0.006354	0.844079	-0.170554	0.508372
