// General information: 
//  MT Manager version: 2022.2.0 
//  XDA version: 2022.2.0 build 7381 rev 124627 built on 2023-07-19
// Device information: 
//  DeviceId: 00B4CBA7
//  ProductCode: MTW2-3A7G6
//  Firmware Version: 4.6.0
//  Hardware Version: 2.0.0
// Device settings: 
//  Filter Profile: human(46.1)
//  Option Flags: Orientation Smoother Disabled, Position/Velocity Smoother Disabled, Continuous Zero Rotation Update Disabled, AHS Disabled, ICC Disabled
// Coordinate system: ENU
PacketCounter	Acc_X	Acc_Y	Acc_Z	Gyr_X	Gyr_Y	Gyr_Z	Mat[1][1]	Mat[2][1]	Mat[3][1]	Mat[1][2]	Mat[2][2]	Mat[3][2]	Mat[1][3]	Mat[2][3]	Mat[3][3]
55897	9.794001	-0.715261	-1.066563	-0.102842	-0.001201	0.024288	-0.150020	-0.048243	0.987505	-0.799149	0.593992	-0.092387	-0.582113	-0.803023	-0.127664
55898	9.898023	-0.932605	-1.093727	-0.156024	0.011861	0.022038	-0.150025	-0.048022	0.987515	-0.798132	0.595370	-0.092301	-0.583505	-0.802015	-0.127648
55899	9.732284	-1.065476	-1.678730	-0.130708	0.014321	0.000992	-0.149918	-0.047909	0.987537	-0.797378	0.596408	-0.092116	-0.584562	-0.801250	-0.127614
55900	9.755182	-0.865006	-1.753007	-0.023822	0.019572	0.002764	-0.150058	-0.047814	0.987520	-0.797335	0.596440	-0.092280	-0.584584	-0.801232	-0.127624
55901	9.616754	-0.753736	-1.521898	-0.094947	0.032730	0.010676	-0.149921	-0.047496	0.987557	-0.796775	0.597195	-0.092237	-0.585383	-0.800689	-0.127376
55902	9.651692	-1.110667	-1.871935	-0.078229	0.037411	0.008159	-0.149812	-0.047162	0.987589	-0.796264	0.597877	-0.092237	-0.586106	-0.800199	-0.127123
55903	9.604264	-1.118723	-1.594420	-0.018115	0.045715	0.002759	-0.149535	-0.046788	0.987649	-0.796164	0.598012	-0.092214	-0.586312	-0.800120	-0.126675
55904	9.515606	-1.086578	-1.443726	-0.021997	0.052389	0.001971	-0.149300	-0.046507	0.987698	-0.796224	0.597934	-0.092203	-0.586290	-0.800195	-0.126302
55905	9.638009	-1.037610	-1.383246	-0.008335	0.052676	-0.002836	-0.148939	-0.046111	0.987771	-0.796191	0.597989	-0.092137	-0.586428	-0.800177	-0.125777
55906	9.594319	-0.769221	-1.162018	0.000451	0.059683	-0.003938	-0.148608	-0.045713	0.987839	-0.796226	0.597947	-0.092112	-0.586464	-0.800231	-0.125258
55907	9.571289	-0.670880	-1.061814	-0.046970	0.061176	-0.001936	-0.148204	-0.045244	0.987921	-0.795964	0.598311	-0.092007	-0.586921	-0.799986	-0.124684
55908	9.551217	-0.669340	-1.012217	-0.046104	0.057936	-0.000206	-0.147871	-0.044771	0.987993	-0.795590	0.598819	-0.091939	-0.587512	-0.799632	-0.124167
55909	9.656639	-0.636190	-1.039905	-0.050060	0.047346	-0.001214	-0.147553	-0.044408	0.988057	-0.795309	0.599208	-0.091837	-0.587973	-0.799361	-0.123733
55910	9.629122	-0.730936	-1.020240	-0.055549	0.040032	-0.000959	-0.147422	-0.044109	0.988090	-0.794967	0.599661	-0.091838	-0.588468	-0.799038	-0.123468
55911	9.630188	-0.775175	-1.096754	-0.054345	0.035125	0.005536	-0.147229	-0.043804	0.988132	-0.794650	0.600087	-0.091799	-0.588944	-0.798735	-0.123159
55912	9.642467	-0.823996	-1.141491	-0.047501	0.028153	0.006985	-0.147135	-0.043587	0.988156	-0.794370	0.600458	-0.091795	-0.589345	-0.798468	-0.122973
55913	9.668756	-0.804787	-1.127500	-0.041329	0.022859	0.005161	-0.147012	-0.043382	0.988183	-0.794130	0.600780	-0.091768	-0.589699	-0.798237	-0.122773
55914	9.622850	-0.867660	-1.173456	-0.051123	0.017551	0.004465	-0.147141	-0.043189	0.988172	-0.793732	0.601284	-0.091909	-0.590202	-0.797868	-0.122754
55915	9.570520	-1.030498	-1.194223	-0.051548	0.012885	0.004308	-0.147070	-0.043069	0.988188	-0.793432	0.601686	-0.091862	-0.590623	-0.797570	-0.122662
55916	9.597441	-1.055418	-1.261468	-0.006843	0.006980	-0.001442	-0.147146	-0.043096	0.988175	-0.793483	0.601611	-0.091918	-0.590536	-0.797626	-0.122721
55917	9.669265	-0.804228	-1.123527	0.010464	0.005284	-0.002290	-0.147069	-0.043076	0.988188	-0.793559	0.601516	-0.091882	-0.590453	-0.797699	-0.122648
55918	9.618355	-0.762658	-1.229101	-0.013145	-0.001869	0.001735	-0.147106	-0.043150	0.988179	-0.793541	0.601543	-0.091864	-0.590469	-0.797674	-0.122731
55919	9.583470	-0.829784	-1.244640	0.014395	-0.004521	-0.003113	-0.147079	-0.043213	0.988180	-0.793641	0.601417	-0.091824	-0.590340	-0.797766	-0.122751
55920	9.556198	-0.929230	-1.175244	0.028790	-0.010698	0.000038	-0.147212	-0.043442	0.988151	-0.794014	0.600917	-0.091872	-0.589805	-0.798130	-0.122956
55921	9.586061	-1.051550	-1.294567	0.087310	-0.016409	-0.004175	-0.147247	-0.043607	0.988138	-0.794546	0.600207	-0.091912	-0.589079	-0.798655	-0.123026
55922	9.726184	-0.746923	-1.046340	0.150469	-0.025777	-0.002675	-0.147368	-0.043840	0.988110	-0.795377	0.599086	-0.092044	-0.587927	-0.799484	-0.123155
55923	10.026655	-0.467874	-0.856922	0.070507	0.003949	0.009596	-0.147393	-0.043760	0.988110	-0.795788	0.598515	-0.092199	-0.587364	-0.799915	-0.123040
55924	9.795444	-0.737956	-1.418068	-0.018129	0.011107	0.008630	-0.147524	-0.043711	0.988092	-0.795781	0.598504	-0.092335	-0.587341	-0.799926	-0.123078
55925	9.816497	-0.991079	-1.806439	0.044540	0.012781	0.010159	-0.147501	-0.043557	0.988102	-0.796039	0.598141	-0.092464	-0.586997	-0.800206	-0.122900
55926	9.755527	-0.951593	-1.887084	0.093227	0.037885	0.007258	-0.147399	-0.043184	0.988134	-0.796444	0.597566	-0.092690	-0.586472	-0.800656	-0.122474
55927	9.638546	-0.892428	-1.722853	0.089774	0.050885	0.000349	-0.147076	-0.042783	0.988199	-0.796981	0.596836	-0.092778	-0.585824	-0.801222	-0.121877
55928	9.672309	-0.861394	-1.539693	0.062364	0.067693	0.003790	-0.146718	-0.042236	0.988276	-0.797276	0.596428	-0.092873	-0.585513	-0.801555	-0.121181
55929	9.520866	-0.702320	-1.256847	0.018848	0.084564	0.002011	-0.146211	-0.041555	0.988380	-0.797394	0.596267	-0.092890	-0.585478	-0.801710	-0.120317
55930	9.492532	-0.711699	-1.019501	-0.019918	0.078925	0.004190	-0.145753	-0.040861	0.988477	-0.797089	0.596678	-0.092867	-0.586008	-0.801440	-0.119538
55931	9.538039	-0.690348	-0.694443	-0.040508	0.069986	0.001005	-0.145323	-0.040303	0.988563	-0.796861	0.596993	-0.092803	-0.586425	-0.801234	-0.118873
55932	9.550151	-0.698021	-0.602159	-0.073342	0.051160	0.005929	-0.145074	-0.039920	0.988615	-0.796460	0.597537	-0.092748	-0.587031	-0.800847	-0.118482
55933	9.578068	-0.727120	-0.611734	-0.066341	0.034797	0.002621	-0.144863	-0.039635	0.988658	-0.796077	0.598058	-0.092669	-0.587602	-0.800472	-0.118189
55934	9.633420	-0.657384	-0.693434	-0.056153	0.010139	0.009367	-0.144740	-0.039564	0.988678	-0.795784	0.598466	-0.092552	-0.588029	-0.800171	-0.118107
55935	9.701988	-0.681407	-0.903480	-0.050262	0.001723	0.007463	-0.144762	-0.039515	0.988677	-0.795489	0.598861	-0.092541	-0.588423	-0.799878	-0.118126
55936	9.673056	-0.682520	-1.188133	-0.030952	-0.003358	0.010218	-0.144855	-0.039510	0.988664	-0.795262	0.599156	-0.092574	-0.588707	-0.799657	-0.118211
55937	9.657983	-0.743846	-1.356787	-0.026366	-0.002251	0.011274	-0.144930	-0.039469	0.988654	-0.795101	0.599361	-0.092629	-0.588905	-0.799505	-0.118247
55938	9.684479	-0.931644	-1.610730	-0.024709	0.006974	0.014911	-0.144927	-0.039397	0.988658	-0.794996	0.599498	-0.092649	-0.589048	-0.799406	-0.118204
55939	9.665715	-1.021075	-1.725112	0.019664	0.013659	0.009357	-0.144894	-0.039241	0.988669	-0.795109	0.599334	-0.092739	-0.588903	-0.799537	-0.118041
55940	9.704672	-0.890793	-1.571777	0.036845	0.029164	0.016601	-0.144890	-0.038982	0.988680	-0.795357	0.598974	-0.092942	-0.588570	-0.799819	-0.117790
55941	9.676800	-0.822601	-1.420875	0.026387	0.038130	0.011188	-0.144727	-0.038619	0.988718	-0.795507	0.598757	-0.093058	-0.588407	-0.799999	-0.117378
55942	9.677137	-0.786801	-1.228206	0.007544	0.043118	0.013248	-0.144754	-0.038156	0.988732	-0.795358	0.598911	-0.093331	-0.588601	-0.799906	-0.117043
55943	9.652570	-0.814395	-1.127133	-0.012654	0.043644	0.005507	-0.144514	-0.037783	0.988781	-0.795287	0.599004	-0.093345	-0.588757	-0.799854	-0.116613
55944	9.621809	-0.817194	-1.002603	-0.014957	0.042271	0.008111	-0.144241	-0.037476	0.988833	-0.795270	0.599033	-0.093303	-0.588847	-0.799847	-0.116209
55945	9.609889	-0.768785	-0.951796	-0.021254	0.035073	0.005012	-0.144047	-0.037175	0.988872	-0.795148	0.599194	-0.093302	-0.589058	-0.799740	-0.115871
55946	9.634445	-0.701371	-0.911639	-0.039276	0.028994	0.005537	-0.143946	-0.036986	0.988894	-0.794984	0.599413	-0.093301	-0.589305	-0.799585	-0.115686
55947	9.587523	-0.719710	-0.877481	-0.059777	0.024764	0.003942	-0.143804	-0.036774	0.988923	-0.794636	0.599882	-0.093245	-0.589808	-0.799243	-0.115487
55948	9.660172	-0.806346	-0.893700	-0.070145	0.013230	0.002996	-0.143765	-0.036651	0.988933	-0.794115	0.600582	-0.093185	-0.590520	-0.798723	-0.115447
55949	9.663264	-0.898846	-0.998325	-0.077178	0.009199	0.004481	-0.143719	-0.036560	0.988943	-0.793663	0.601189	-0.093115	-0.591138	-0.798270	-0.115418
55950	9.687131	-0.988016	-1.201759	-0.066931	0.008238	0.000524	-0.143645	-0.036609	0.988952	-0.793427	0.601521	-0.092978	-0.591472	-0.798017	-0.115453
55951	9.639079	-1.125998	-1.222331	-0.048402	0.004916	-0.006290	-0.143539	-0.036618	0.988967	-0.793161	0.601895	-0.092834	-0.591855	-0.797735	-0.115439
55952	9.673416	-0.888696	-1.128399	-0.060870	0.015639	-0.008989	-0.143353	-0.036619	0.988994	-0.792887	0.602287	-0.092627	-0.592267	-0.797439	-0.115374
55953	9.584029	-0.932341	-1.305375	-0.081625	0.016121	-0.007439	-0.143171	-0.036545	0.989023	-0.792425	0.602925	-0.092434	-0.592928	-0.796961	-0.115281
55954	9.633930	-0.968578	-1.252833	-0.027589	0.013928	-0.010827	-0.142973	-0.036602	0.989050	-0.792429	0.602950	-0.092237	-0.592972	-0.796939	-0.115210
55955	9.678941	-0.864465	-1.069241	-0.010621	0.012224	-0.010112	-0.142793	-0.036575	0.989077	-0.792391	0.603021	-0.092099	-0.593065	-0.796887	-0.115089
55956	9.662391	-0.838413	-1.022641	-0.006380	0.007189	-0.017082	-0.142524	-0.036765	0.989108	-0.792624	0.602760	-0.091807	-0.592819	-0.797075	-0.115049
55957	9.688875	-0.821713	-0.955662	0.000111	0.000205	-0.014128	-0.142383	-0.036859	0.989125	-0.792656	0.602743	-0.091641	-0.592810	-0.797084	-0.115037
55958	9.722715	-0.712748	-0.805924	-0.006979	-0.006855	-0.020579	-0.142316	-0.037105	0.989126	-0.792675	0.602748	-0.091440	-0.592801	-0.797068	-0.115193
55959	9.658486	-0.700360	-0.784129	-0.039093	-0.016222	-0.021787	-0.142213	-0.037376	0.989130	-0.792486	0.603040	-0.091153	-0.593079	-0.796835	-0.115380
55960	9.591564	-0.759734	-0.790891	-0.066366	-0.029182	-0.025085	-0.142285	-0.037743	0.989106	-0.791971	0.603756	-0.090888	-0.593748	-0.796275	-0.115797
55961	9.614825	-0.809695	-0.809850	-0.068840	-0.039927	-0.025818	-0.142291	-0.038227	0.989086	-0.791610	0.604283	-0.090527	-0.594228	-0.795852	-0.116245
55962	9.640233	-0.782920	-0.856960	-0.092044	-0.048531	-0.031256	-0.142460	-0.038841	0.989038	-0.791103	0.604997	-0.090190	-0.594862	-0.795280	-0.116915
55963	9.663901	-0.867344	-1.066366	-0.121261	-0.042463	-0.031525	-0.142437	-0.039380	0.989020	-0.790438	0.605937	-0.089711	-0.595751	-0.794537	-0.117435
55964	9.671707	-0.934759	-1.121394	-0.130495	-0.047640	-0.041572	-0.142374	-0.040090	0.989001	-0.789818	0.606835	-0.089101	-0.596588	-0.793816	-0.118062
55965	9.646748	-0.862872	-1.274803	-0.166302	-0.039253	-0.046413	-0.142216	-0.040694	0.988999	-0.788902	0.608124	-0.088420	-0.597836	-0.792798	-0.118589
55966	9.659019	-0.904463	-1.327762	-0.166024	-0.036103	-0.046275	-0.142241	-0.041314	0.988969	-0.787978	0.609400	-0.087875	-0.599048	-0.791785	-0.119236
55967	9.759044	-0.849276	-1.230307	-0.180582	-0.018810	-0.050794	-0.141928	-0.041783	0.988995	-0.786978	0.610797	-0.087132	-0.600434	-0.790684	-0.119572
55968	9.731037	-0.808428	-1.273489	-0.208214	0.001292	-0.051909	-0.141605	-0.042106	0.989027	-0.785742	0.612487	-0.086424	-0.602128	-0.789358	-0.119816
55969	9.672393	-0.805340	-1.384154	-0.227601	0.009581	-0.052955	-0.141106	-0.042366	0.989088	-0.784456	0.614249	-0.085602	-0.603919	-0.787974	-0.119908
55970	9.754483	-0.835397	-1.400365	-0.200862	0.005459	-0.054826	-0.140659	-0.042725	0.989136	-0.783371	0.615743	-0.084802	-0.605430	-0.786788	-0.120079
55971	9.645191	-0.879836	-1.427192	-0.179570	0.003507	-0.059462	-0.140147	-0.043075	0.989193	-0.782377	0.617118	-0.083973	-0.606832	-0.785691	-0.120188
55972	9.628948	-0.847754	-1.382482	-0.144136	-0.006054	-0.067383	-0.139681	-0.043625	0.989235	-0.781717	0.618069	-0.083122	-0.607789	-0.784913	-0.120435
55973	9.628011	-0.796564	-1.303361	-0.146287	-0.004147	-0.070952	-0.139126	-0.044108	0.989292	-0.780938	0.619174	-0.082219	-0.608917	-0.784014	-0.120589
55974	9.685950	-0.860504	-1.170311	-0.148119	-0.011739	-0.073128	-0.138741	-0.044716	0.989319	-0.780176	0.620245	-0.081377	-0.609981	-0.783133	-0.120940
55975	9.641298	-0.886605	-0.978458	-0.159499	-0.014928	-0.086779	-0.138131	-0.045383	0.989374	-0.779334	0.621443	-0.080300	-0.611195	-0.782144	-0.121209
55976	9.614632	-0.853083	-0.912691	-0.202556	-0.007288	-0.094700	-0.137727	-0.046008	0.989401	-0.777989	0.623252	-0.079316	-0.612997	-0.780667	-0.121633
55977	9.479840	-0.794955	-0.898146	-0.231947	-0.010532	-0.098260	-0.137003	-0.046715	0.989468	-0.776711	0.625004	-0.078037	-0.614776	-0.779223	-0.121912
55978	9.504114	-0.716368	-0.861960	-0.273195	-0.020275	-0.107829	-0.136351	-0.047514	0.989521	-0.774955	0.627350	-0.076661	-0.617133	-0.777287	-0.122361
55979	9.606311	-0.728130	-1.034466	-0.326259	-0.018109	-0.108664	-0.135597	-0.048349	0.989584	-0.773097	0.629819	-0.075162	-0.619625	-0.775235	-0.122780
55980	9.574747	-0.709758	-1.026971	-0.365237	-0.020374	-0.111163	-0.135028	-0.049317	0.989614	-0.771195	0.632317	-0.073715	-0.622114	-0.773138	-0.123413
55981	9.658289	-0.766404	-1.183629	-0.416501	-0.016489	-0.119322	-0.134188	-0.050212	0.989683	-0.768769	0.635461	-0.071995	-0.625290	-0.770498	-0.123873
55982	9.515209	-0.974845	-1.400587	-0.398922	-0.022551	-0.123378	-0.133530	-0.051236	0.989719	-0.766500	0.638378	-0.070367	-0.628210	-0.768016	-0.124515
55983	9.562417	-1.216423	-1.395661	-0.312102	-0.046307	-0.128381	-0.132815	-0.052424	0.989753	-0.764718	0.640694	-0.068683	-0.630529	-0.766004	-0.125183
55984	9.576024	-1.219394	-1.263163	-0.211422	-0.053897	-0.139138	-0.132468	-0.053714	0.989731	-0.763313	0.642515	-0.067294	-0.632302	-0.764388	-0.126114
55985	9.521463	-1.154733	-1.186442	-0.154260	-0.052640	-0.148294	-0.131647	-0.055082	0.989765	-0.762544	0.643601	-0.065607	-0.633400	-0.763376	-0.126731
55986	9.462806	-0.841362	-1.098446	-0.090917	-0.047027	-0.162194	-0.131024	-0.056514	0.989767	-0.762112	0.644265	-0.064101	-0.634049	-0.762712	-0.127484
55987	9.520084	0.027296	-0.817972	-0.143672	-0.045025	-0.164399	-0.130035	-0.057929	0.989816	-0.761426	0.645255	-0.062267	-0.635076	-0.761768	-0.128014
55988	9.394244	-0.022129	-0.344602	-0.409274	-0.051843	-0.152972	-0.129341	-0.059408	0.989819	-0.759234	0.648017	-0.060317	-0.637836	-0.759306	-0.128920
55989	9.233497	-2.672650	-1.287425	-0.530909	-0.082424	-0.156143	-0.128664	-0.061059	0.989807	-0.756050	0.651933	-0.058062	-0.641743	-0.755814	-0.130044
55990	9.209209	-3.867307	-2.065572	0.083298	-0.091336	-0.181003	-0.128267	-0.062902	0.989743	-0.756507	0.651528	-0.056633	-0.641283	-0.756012	-0.131155
55991	9.727312	-0.888146	-0.995193	0.567196	-0.095460	-0.204777	-0.127303	-0.064967	0.989734	-0.760405	0.647088	-0.055330	-0.636850	-0.759642	-0.131777
55992	9.977378	1.723172	-0.575892	0.308676	-0.097290	-0.194147	-0.126725	-0.067026	0.989671	-0.762727	0.644460	-0.054019	-0.634183	-0.761695	-0.132792
55993	9.934505	1.831836	-1.058156	-0.131426	-0.080783	-0.170738	-0.125916	-0.068755	0.989656	-0.762120	0.645333	-0.052132	-0.635073	-0.760801	-0.133657
55994	9.714667	1.457739	-1.427196	-0.331126	-0.049457	-0.156493	-0.125277	-0.070185	0.989636	-0.760223	0.647712	-0.050300	-0.637469	-0.758646	-0.134499
55995	9.550858	0.884544	-1.645637	-0.551866	-0.027515	-0.136119	-0.124400	-0.071289	0.989668	-0.756875	0.651781	-0.048188	-0.641611	-0.755049	-0.135039
55996	9.417927	-0.656417	-2.084759	-0.606506	-0.027287	-0.130616	-0.124072	-0.072331	0.989633	-0.752811	0.656600	-0.046391	-0.646438	-0.750763	-0.135917
55997	9.305055	-1.726907	-2.172555	-0.386028	-0.022851	-0.132434	-0.123206	-0.073386	0.989664	-0.750484	0.659386	-0.044535	-0.649302	-0.748214	-0.136315
55998	9.548016	-1.568427	-1.677668	-0.069049	-0.027833	-0.148464	-0.122468	-0.074604	0.989664	-0.750170	0.659840	-0.043091	-0.649805	-0.747693	-0.136775
55999	9.864887	-0.171337	-0.884193	0.127303	-0.043034	-0.155297	-0.121563	-0.075962	0.989673	-0.751196	0.658760	-0.041708	-0.648788	-0.748509	-0.137144
56000	9.890013	0.912388	-0.387186	0.018064	-0.054331	-0.148257	-0.121080	-0.077369	0.989623	-0.751407	0.658599	-0.040445	-0.648635	-0.748506	-0.137879
56001	9.830577	0.869808	-0.289178	-0.170131	-0.070345	-0.133462	-0.120516	-0.078787	0.989580	-0.750474	0.659756	-0.038869	-0.649819	-0.747338	-0.138639
56002	9.841469	0.416408	-0.355655	-0.275198	-0.092255	-0.113492	-0.120550	-0.080267	0.989457	-0.748827	0.661701	-0.037554	-0.651710	-0.745459	-0.139874
56003	9.873831	0.006457	-0.574962	-0.286507	-0.117080	-0.100102	-0.120548	-0.081814	0.989330	-0.747088	0.663742	-0.036142	-0.653703	-0.743474	-0.141135
56004	9.812789	-0.122102	-0.762651	-0.239969	-0.140666	-0.085217	-0.121059	-0.083415	0.989134	-0.745389	0.665705	-0.035088	-0.655545	-0.741538	-0.142767
56005	9.825482	0.335581	-0.783808	-0.155964	-0.160438	-0.082546	-0.121480	-0.085166	0.988933	-0.744477	0.666781	-0.034028	-0.656504	-0.740371	-0.144405
56006	9.808808	1.073475	-0.979480	-0.221635	-0.168018	-0.071896	-0.122239	-0.086880	0.988691	-0.742906	0.668577	-0.033101	-0.658140	-0.738550	-0.146270
56007	9.854191	0.976567	-1.466008	-0.302250	-0.163889	-0.052625	-0.122912	-0.088454	0.988468	-0.740988	0.670750	-0.032117	-0.660173	-0.736391	-0.147986
56008	9.847503	0.698819	-1.858757	-0.322134	-0.148678	-0.041665	-0.123744	-0.089866	0.988236	-0.738957	0.673024	-0.031328	-0.662291	-0.734141	-0.149690
56009	9.843552	0.232134	-2.162669	-0.282660	-0.136946	-0.030962	-0.124408	-0.091092	0.988041	-0.737131	0.675058	-0.030578	-0.664199	-0.732120	-0.151129
56010	9.832849	-0.283287	-2.475953	-0.201717	-0.121360	-0.014477	-0.125256	-0.092104	0.987840	-0.735759	0.676569	-0.030211	-0.665559	-0.730597	-0.152510
56011	9.821281	-0.255036	-2.327413	-0.076204	-0.101710	0.000560	-0.125921	-0.092855	0.987685	-0.735261	0.677116	-0.030082	-0.665984	-0.729995	-0.153536
56012	9.758789	-0.440451	-2.222681	-0.048498	-0.086381	0.016807	-0.126704	-0.093396	0.987534	-0.734853	0.677554	-0.030204	-0.666286	-0.729519	-0.154481
56013	9.673585	-0.725973	-2.110729	0.014491	-0.079837	0.025650	-0.127409	-0.093817	0.987403	-0.734927	0.677462	-0.030462	-0.666070	-0.729550	-0.155263
56014	9.701097	-0.555376	-1.844030	0.113385	-0.068202	0.029729	-0.128133	-0.094125	0.987280	-0.735503	0.676815	-0.030930	-0.665294	-0.730111	-0.155952
56015	9.631306	-0.093189	-1.454744	0.110533	-0.064298	0.045089	-0.128876	-0.094303	0.987167	-0.736190	0.676040	-0.031530	-0.664390	-0.730806	-0.156550
56016	9.651749	0.001571	-1.333807	0.079316	-0.071281	0.049133	-0.129699	-0.094516	0.987038	-0.736599	0.675568	-0.032100	-0.663777	-0.731215	-0.157241
56017	9.686934	0.010873	-1.162418	0.058871	-0.074654	0.055658	-0.130589	-0.094698	0.986904	-0.736927	0.675180	-0.032724	-0.663238	-0.731549	-0.157957
56018	9.532919	-0.005172	-1.131357	0.020633	-0.082802	0.062901	-0.131582	-0.094913	0.986751	-0.736979	0.675093	-0.033340	-0.662984	-0.731602	-0.158779
56019	9.458787	-0.153890	-0.972830	0.041508	-0.106710	0.065590	-0.132757	-0.095263	0.986560	-0.737177	0.674842	-0.034035	-0.662529	-0.731788	-0.159816
56020	9.422313	-0.076794	-0.856940	0.093700	-0.130212	0.068467	-0.134079	-0.095788	0.986330	-0.737722	0.674207	-0.034808	-0.661657	-0.732304	-0.161062
56021	9.640767	0.158887	-0.563053	0.067772	-0.164277	0.073446	-0.135692	-0.096509	0.986039	-0.738081	0.673771	-0.035624	-0.660927	-0.732610	-0.162657
56022	9.563454	-0.301750	-0.952293	0.018311	-0.182129	0.077869	-0.137437	-0.097344	0.985716	-0.738075	0.673738	-0.036374	-0.660573	-0.732531	-0.164444
56023	9.473614	-0.547760	-1.272631	0.076079	-0.207356	0.075424	-0.139347	-0.098368	0.985346	-0.738483	0.673244	-0.037225	-0.659716	-0.732848	-0.166457
56024	9.567303	-0.465114	-1.482392	0.123743	-0.230408	0.077309	-0.141391	-0.099563	0.984934	-0.739188	0.672418	-0.038141	-0.658490	-0.733445	-0.168670
56025	9.647911	-0.340618	-1.641823	0.177191	-0.239902	0.079637	-0.143542	-0.100801	0.984497	-0.740250	0.671187	-0.039208	-0.656830	-0.734402	-0.170962
56026	9.624794	-0.109566	-1.756360	0.182107	-0.242159	0.085213	-0.145723	-0.102035	0.984050	-0.741318	0.669942	-0.040313	-0.655143	-0.735369	-0.173267
56027	9.578262	-0.005564	-1.680612	0.176202	-0.248473	0.096210	-0.148047	-0.103232	0.983578	-0.742340	0.668734	-0.041549	-0.653463	-0.736300	-0.175637
56028	9.507460	-0.216677	-1.644114	0.134877	-0.257615	0.103186	-0.150454	-0.104464	0.983082	-0.743054	0.667864	-0.042751	-0.652099	-0.736916	-0.178105
56029	9.714689	-0.251637	-1.741737	0.244121	-0.269569	0.114550	-0.153045	-0.105700	0.982550	-0.744480	0.666174	-0.044297	-0.649867	-0.738268	-0.180646
56030	9.666417	0.375566	-1.175642	0.311743	-0.274619	0.125933	-0.155727	-0.106917	0.981997	-0.746299	0.664015	-0.046053	-0.647137	-0.740035	-0.183197
56031	9.696885	0.278603	-1.197158	0.244010	-0.298422	0.133436	-0.158635	-0.108255	0.981385	-0.747676	0.662342	-0.047795	-0.644838	-0.741340	-0.186010
56032	9.615164	0.023956	-1.224737	0.295051	-0.316404	0.151704	-0.161767	-0.109628	0.980721	-0.749336	0.660315	-0.049788	-0.642127	-0.742944	-0.188965
56033	9.912517	-0.427352	-0.823679	0.270556	-0.335794	0.180455	-0.165256	-0.110947	0.979990	-0.750785	0.658492	-0.052055	-0.639541	-0.744365	-0.192117
56034	9.548998	-1.592200	-1.946358	0.369509	-0.348600	0.195494	-0.168905	-0.112286	0.979215	-0.752822	0.655952	-0.054636	-0.636184	-0.746404	-0.195325
56035	9.486177	-1.044287	-1.930967	0.739496	-0.383631	0.185309	-0.172716	-0.113960	0.978357	-0.757197	0.650616	-0.057889	-0.629937	-0.750808	-0.198662
56036	9.551694	-0.063046	-1.378470	0.860154	-0.408937	0.202291	-0.176762	-0.115754	0.977423	-0.762238	0.644366	-0.061535	-0.622695	-0.755906	-0.202131
56037	9.491190	0.680568	-0.906826	0.679633	-0.426814	0.232637	-0.181168	-0.117507	0.976407	-0.766043	0.639476	-0.065177	-0.616730	-0.759778	-0.205868
56038	9.361617	0.455489	-1.008995	0.553912	-0.471093	0.248908	-0.185924	-0.119530	0.975266	-0.768998	0.635548	-0.068708	-0.611616	-0.762752	-0.210082
56039	9.368179	0.554873	-0.866759	0.523388	-0.507283	0.268957	-0.191070	-0.121714	0.974001	-0.771689	0.631863	-0.072423	-0.606620	-0.765464	-0.214655
56040	9.610961	0.682556	-0.408411	0.478196	-0.548486	0.298884	-0.196636	-0.124051	0.972597	-0.773996	0.628575	-0.076311	-0.601884	-0.767792	-0.219615
56041	9.799189	0.612624	-0.425176	0.486576	-0.594533	0.322747	-0.202684	-0.126611	0.971025	-0.776278	0.625228	-0.080512	-0.596918	-0.770104	-0.225009
56042	10.346961	0.944825	0.201328	0.655576	-0.643392	0.333990	-0.209046	-0.129512	0.969292	-0.779491	0.620594	-0.085191	-0.590503	-0.773363	-0.230686
56043	10.745397	1.893856	1.354039	0.608061	-0.660475	0.374266	-0.215832	-0.132326	0.967423	-0.782278	0.616361	-0.090219	-0.584344	-0.776266	-0.236546
56044	10.207755	1.841201	0.876859	0.418540	-0.708388	0.427839	-0.223235	-0.135214	0.965341	-0.783789	0.613672	-0.095295	-0.579518	-0.777897	-0.242972
56045	9.465706	0.732314	0.704320	0.199677	-0.827288	0.474799	-0.231720	-0.138750	0.962837	-0.783873	0.612758	-0.100348	-0.576063	-0.777995	-0.250750
56046	9.410067	-1.444804	-0.738513	0.111095	-0.926203	0.497289	-0.240858	-0.142921	0.959980	-0.783359	0.612578	-0.105344	-0.573006	-0.777382	-0.259502
56047	9.793493	-2.200800	-1.355589	0.464448	-0.992699	0.505270	-0.250461	-0.147568	0.956814	-0.784776	0.609686	-0.111396	-0.566918	-0.778785	-0.268510
56048	10.110764	-1.010847	-1.366368	0.676391	-1.034886	0.509638	-0.260213	-0.152555	0.953424	-0.787314	0.605145	-0.118050	-0.558950	-0.781362	-0.277575
56049	10.295992	-0.148762	-1.256826	0.631530	-1.084428	0.513282	-0.270261	-0.157955	0.949741	-0.789469	0.600989	-0.124701	-0.551087	-0.783494	-0.287125
56050	10.541311	-0.485888	-1.693090	0.547508	-1.127872	0.513461	-0.280402	-0.163719	0.945818	-0.791079	0.597500	-0.131101	-0.543662	-0.784978	-0.297054
56051	11.021656	-0.824294	-1.515143	0.680167	-1.171326	0.515571	-0.290786	-0.169868	0.941588	-0.793286	0.593002	-0.138006	-0.534921	-0.787079	-0.307190
56052	12.283773	-0.784942	-0.214843	0.806440	-1.195520	0.524072	-0.301202	-0.176196	0.937140	-0.796053	0.587503	-0.145396	-0.524955	-0.789807	-0.317218
56053	12.636447	-1.165751	0.475591	0.674040	-1.231951	0.559192	-0.312052	-0.182674	0.932338	-0.797857	0.583165	-0.152781	-0.515797	-0.791548	-0.327726
56054	12.507104	-0.367982	2.718726	0.699229	-1.279050	0.614004	-0.323381	-0.189268	0.927148	-0.799604	0.578605	-0.160778	-0.506022	-0.793344	-0.338449
56055	12.149954	-0.885138	1.729258	0.118288	-1.398443	0.697494	-0.335972	-0.196322	0.921184	-0.797912	0.579000	-0.167617	-0.500458	-0.791339	-0.351176
56056	12.023006	-0.707911	2.429379	0.176322	-1.492759	0.755531	-0.349296	-0.203772	0.914587	-0.796351	0.578918	-0.175155	-0.493780	-0.789513	-0.364487
56057	12.152118	-0.416212	2.527386	-0.330105	-1.615654	0.792242	-0.363523	-0.211892	0.907168	-0.791915	0.583150	-0.181128	-0.490635	-0.784244	-0.379789
56058	12.217708	-0.878512	1.758127	-0.499262	-1.728429	0.807486	-0.378199	-0.220710	0.899029	-0.786696	0.588506	-0.186466	-0.487929	-0.777784	-0.396205
56059	12.254347	-0.682537	1.664402	-0.679413	-1.825321	0.810961	-0.393427	-0.230043	0.890110	-0.780271	0.595578	-0.190955	-0.486202	-0.769654	-0.413812
56060	12.007926	-0.872016	0.244423	-0.833063	-1.907235	0.793234	-0.408703	-0.239887	0.880577	-0.773222	0.603587	-0.194447	-0.484860	-0.760353	-0.432174
56061	11.667541	-0.840287	-1.191641	-0.916540	-1.965762	0.736111	-0.423871	-0.250268	0.870459	-0.765733	0.612299	-0.196831	-0.483721	-0.749970	-0.451174
56062	11.266517	-0.962699	-3.420618	-1.001809	-2.019661	0.648926	-0.438399	-0.261338	0.859947	-0.758325	0.621133	-0.197830	-0.482440	-0.738848	-0.470484
56063	10.641957	-1.166950	-5.763975	-0.837537	-2.042956	0.511261	-0.452072	-0.273140	0.849132	-0.752035	0.628629	-0.198167	-0.479661	-0.728162	-0.489597
56064	10.345971	-0.920604	-6.612304	-0.558024	-2.018904	0.324479	-0.463967	-0.285737	0.838504	-0.748099	0.633319	-0.198127	-0.474429	-0.719208	-0.507599
56065	9.644720	-1.092069	-7.021289	-0.411590	-1.932363	0.159243	-0.474249	-0.298556	0.828222	-0.745427	0.636713	-0.197319	-0.468429	-0.710958	-0.524513
56066	9.132061	-0.749158	-6.890573	-0.060113	-1.748102	0.061808	-0.482696	-0.310527	0.818888	-0.744979	0.637179	-0.197508	-0.460446	-0.705391	-0.538900
56067	8.140639	0.407781	-6.344369	-0.196926	-1.559768	0.038878	-0.490103	-0.321245	0.810309	-0.743905	0.638669	-0.196741	-0.454318	-0.699216	-0.551990
56068	8.298350	-1.172595	-6.389439	-0.325684	-1.357493	0.002380	-0.496151	-0.330636	0.802816	-0.742495	0.640859	-0.194937	-0.450039	-0.692806	-0.563459
56069	8.423508	-1.854648	-5.336242	-0.074054	-0.984167	-0.056240	-0.500125	-0.337808	0.797346	-0.742460	0.641167	-0.194058	-0.445678	-0.689050	-0.571472
56070	7.717896	-1.089725	-3.938922	-0.049459	-0.559925	-0.172728	-0.501269	-0.342665	0.794550	-0.743093	0.640935	-0.192391	-0.443330	-0.686864	-0.575913
56071	6.965480	-1.593129	-4.605108	-0.169952	-0.181346	-0.334918	-0.499567	-0.346066	0.794148	-0.744031	0.640932	-0.188741	-0.443678	-0.685160	-0.577673
56072	6.980201	-2.941374	-5.954336	0.042811	0.191904	-0.452875	-0.495282	-0.347540	0.796186	-0.746456	0.639092	-0.185378	-0.444409	-0.686132	-0.575954
56073	6.714745	-3.492780	-5.844438	0.520464	0.585651	-0.510855	-0.488840	-0.346769	0.800492	-0.751296	0.633717	-0.184274	-0.443385	-0.691487	-0.570312
56074	6.527197	-3.496963	-5.657983	0.986473	0.954622	-0.535879	-0.480496	-0.343415	0.806963	-0.758275	0.624975	-0.185538	-0.440616	-0.701051	-0.560701
56075	6.400444	-2.822070	-4.927565	1.350809	1.308789	-0.555329	-0.470504	-0.337605	0.815260	-0.766856	0.613511	-0.188510	-0.436529	-0.713881	-0.547554
56076	6.214651	-2.143650	-4.483047	1.478294	1.640956	-0.585837	-0.458774	-0.329244	0.825303	-0.776023	0.600876	-0.191668	-0.432799	-0.728386	-0.531167
56077	6.066840	-1.575782	-4.110627	1.415964	1.953008	-0.609786	-0.445566	-0.318510	0.836673	-0.784908	0.588466	-0.193978	-0.430570	-0.743141	-0.512202
56078	6.080139	-1.208166	-4.263984	1.205443	2.233766	-0.625485	-0.430906	-0.305347	0.849166	-0.792908	0.577386	-0.194739	-0.430834	-0.757225	-0.490910
56079	6.297292	-1.166797	-4.399898	0.947925	2.479545	-0.632000	-0.415135	-0.290040	0.862287	-0.799694	0.568248	-0.193864	-0.433765	-0.770046	-0.467844
56080	6.642767	-1.715627	-4.671244	0.648028	2.691264	-0.628524	-0.398234	-0.272662	0.875822	-0.805148	0.561363	-0.191335	-0.439485	-0.781362	-0.443087
56081	6.860001	-2.971918	-4.901383	0.534883	2.868561	-0.635066	-0.380382	-0.253651	0.889366	-0.810003	0.555468	-0.188017	-0.446323	-0.791907	-0.416747
56082	7.037270	-3.347571	-4.461765	0.599111	3.008395	-0.669688	-0.361281	-0.233356	0.902785	-0.815320	0.548859	-0.184407	-0.452470	-0.802682	-0.388552
56083	7.604706	-3.121279	-4.503816	0.511679	3.114430	-0.710794	-0.341252	-0.212093	0.915731	-0.820164	0.543128	-0.179844	-0.459216	-0.812422	-0.359294
56084	7.989094	-3.226898	-4.360533	0.439782	3.196469	-0.747463	-0.320189	-0.190001	0.928105	-0.824801	0.537841	-0.174444	-0.466028	-0.821356	-0.328924
56085	8.278975	-3.403900	-4.282210	0.403849	3.246994	-0.790530	-0.298391	-0.167441	0.939642	-0.829155	0.533079	-0.168311	-0.472721	-0.829331	-0.297901
56086	8.625755	-2.831489	-3.781906	0.380510	3.287080	-0.816605	-0.275834	-0.144388	0.950299	-0.833478	0.528380	-0.161644	-0.478779	-0.836640	-0.266089
56087	9.144336	-2.226059	-3.389189	0.191387	3.307481	-0.828020	-0.252945	-0.120996	0.959885	-0.836603	0.525660	-0.154198	-0.485915	-0.842046	-0.234189
56088	9.426519	-1.973639	-3.259186	0.015317	3.305404	-0.794522	-0.229981	-0.097265	0.968322	-0.838790	0.524363	-0.146546	-0.493499	-0.845922	-0.202178
56089	9.363927	-2.204016	-3.453713	-0.118342	3.249329	-0.749541	-0.207502	-0.073680	0.975456	-0.839852	0.524710	-0.139022	-0.501589	-0.848086	-0.170758
56090	9.263105	-3.110169	-3.954204	0.014099	3.126879	-0.714297	-0.185613	-0.050866	0.981305	-0.841549	0.523798	-0.132027	-0.507290	-0.850323	-0.140030
56091	9.661237	-3.021330	-3.277689	0.354081	2.979667	-0.685434	-0.164665	-0.029069	0.985921	-0.844561	0.520494	-0.125710	-0.509511	-0.853371	-0.110258
56092	10.019026	-2.285895	-2.451995	0.593296	2.835862	-0.637578	-0.144746	-0.008097	0.989436	-0.848773	0.514972	-0.119954	-0.508560	-0.857169	-0.081413
56093	10.168958	-1.191176	-1.536491	0.633135	2.680245	-0.578401	-0.126198	0.011952	0.991933	-0.852781	0.509532	-0.114633	-0.506792	-0.860368	-0.054110
56094	10.135367	-0.368019	-0.708902	0.404145	2.497269	-0.496272	-0.109244	0.030960	0.993533	-0.855648	0.505768	-0.109843	-0.505898	-0.862114	-0.028761
56095	9.870960	-0.545824	-0.545022	0.033927	2.293389	-0.404607	-0.094135	0.048671	0.994369	-0.856241	0.505624	-0.105807	-0.507927	-0.861380	-0.005923
56096	9.711445	-1.307298	-0.822818	-0.097625	2.050715	-0.319488	-0.080905	0.064735	0.994617	-0.856256	0.506259	-0.102601	-0.510176	-0.859948	0.014471
56097	9.514024	-1.436819	-0.580235	-0.078778	1.801085	-0.256832	-0.069480	0.078901	0.994458	-0.856056	0.507108	-0.100044	-0.512192	-0.858263	0.032310
56098	9.216544	-1.657161	-0.600484	-0.137030	1.544246	-0.218206	-0.059620	0.091082	0.994057	-0.855568	0.508351	-0.097893	-0.514246	-0.856319	0.047619
56099	8.907600	-2.055866	-1.181109	-0.129494	1.295213	-0.198715	-0.051228	0.101143	0.993552	-0.855020	0.509639	-0.095966	-0.516059	-0.854423	0.060371
56100	8.855046	-2.226264	-1.647701	0.005367	1.055785	-0.187170	-0.044115	0.109253	0.993035	-0.855206	0.509681	-0.094067	-0.516408	-0.853399	0.070949
56101	8.950302	-2.029032	-1.986871	0.226357	0.835486	-0.166811	-0.038360	0.115528	0.992563	-0.856451	0.507925	-0.092219	-0.514802	-0.853619	0.079460
56102	8.775609	-0.919681	-1.503379	0.363740	0.622070	-0.139773	-0.033909	0.120175	0.992173	-0.858429	0.504887	-0.090492	-0.511810	-0.854779	0.086041
56103	8.493804	-0.345818	-2.122594	0.018293	0.420848	-0.091489	-0.030950	0.123303	0.991886	-0.858561	0.504831	-0.089547	-0.511776	-0.854366	0.090239
56104	8.644906	-1.586074	-3.265468	0.021466	0.206949	-0.049497	-0.029408	0.124852	0.991740	-0.858736	0.504632	-0.088993	-0.511574	-0.854259	0.092374
56105	8.035245	-1.583604	-3.227394	0.411179	0.010304	-0.011908	-0.029234	0.124873	0.991742	-0.860844	0.501119	-0.088472	-0.508028	-0.856322	0.092847
56106	7.616106	0.466919	-2.389204	0.346881	-0.187889	0.037686	-0.030454	0.123466	0.991881	-0.862626	0.498045	-0.088480	-0.504925	-0.858317	0.091337
56107	7.385662	1.017403	-2.568949	-0.235985	-0.400465	0.100654	-0.033327	0.120526	0.992151	-0.861408	0.499935	-0.089667	-0.506818	-0.857635	0.087160
56108	7.237049	0.142928	-3.379349	-0.578889	-0.600427	0.146961	-0.037590	0.116119	0.992524	-0.858431	0.504691	-0.091557	-0.511550	-0.855455	0.080709
56109	7.272062	0.145453	-3.261473	-0.752434	-0.758424	0.147684	-0.042738	0.110386	0.992969	-0.854509	0.510938	-0.093579	-0.517676	-0.852500	0.072489
56110	8.119084	-0.413471	-2.977359	-0.985421	-0.840980	0.133421	-0.048204	0.103901	0.993419	-0.849314	0.519175	-0.095512	-0.525682	-0.848329	0.063219
56111	9.608785	-1.491192	-2.383653	-0.974644	-0.734711	0.130139	-0.053178	0.098359	0.993729	-0.844096	0.527279	-0.097360	-0.533549	-0.843980	0.054985
56112	10.709882	-1.449308	-0.451060	-1.064960	-0.503442	0.142066	-0.057024	0.094846	0.993857	-0.838284	0.536122	-0.099261	-0.542243	-0.838795	0.048936
56113	11.238021	-1.765474	0.577447	-1.390260	-0.199748	0.168147	-0.059502	0.094081	0.993785	-0.830578	0.547562	-0.101568	-0.553715	-0.831459	0.045560
56114	10.565834	-1.041910	1.412956	-1.807859	-0.003961	0.181961	-0.060971	0.095025	0.993606	-0.820316	0.562352	-0.104119	-0.568650	-0.821420	0.043663
56115	10.351205	-2.290813	0.603259	-2.425008	0.036406	0.179548	-0.062202	0.096340	0.993403	-0.806187	0.581921	-0.106914	-0.588383	-0.807518	0.041472
56116	10.497842	-4.183725	-0.640986	-2.232337	0.005926	0.133250	-0.063178	0.097144	0.993263	-0.792766	0.599687	-0.109076	-0.606244	-0.794316	0.039126
56117	11.155366	-4.977078	-0.764173	-1.699328	-0.145908	0.060818	-0.064532	0.096353	0.993253	-0.782323	0.613030	-0.110296	-0.619522	-0.784162	0.035819
56118	11.564516	-5.477468	-0.429273	-1.142404	-0.339753	-0.006945	-0.066549	0.093630	0.993380	-0.775200	0.621967	-0.110555	-0.628201	-0.777426	0.031191
56119	11.573185	-5.289179	-0.014639	-0.529564	-0.494866	-0.055843	-0.069216	0.089432	0.993585	-0.771913	0.626117	-0.110130	-0.631950	-0.774583	0.025696
56120	11.077548	-3.622694	0.585269	-0.091168	-0.576842	-0.091761	-0.072111	0.084369	0.993822	-0.771408	0.626902	-0.109193	-0.632241	-0.774516	0.019877
56121	10.393159	-2.273126	0.131225	0.064815	-0.611997	-0.127567	-0.074974	0.078818	0.994066	-0.771923	0.626493	-0.107893	-0.631279	-0.775431	0.013870
56122	9.921162	-0.374173	-0.603179	0.284543	-0.607678	-0.164022	-0.077494	0.073058	0.994312	-0.773853	0.624400	-0.106190	-0.628607	-0.777681	0.008149
56123	9.727909	1.644884	-0.769602	0.152301	-0.578671	-0.182633	-0.079693	0.067405	0.994538	-0.774964	0.623332	-0.104345	-0.626961	-0.779047	0.002561
56124	9.646810	1.999850	-1.591446	-0.170624	-0.529630	-0.176035	-0.081611	0.062161	0.994724	-0.774040	0.624776	-0.102548	-0.627855	-0.778325	-0.002873
56125	9.720629	1.474361	-2.569105	-0.337601	-0.479251	-0.160040	-0.083369	0.057424	0.994863	-0.772060	0.627486	-0.100917	-0.630057	-0.776508	-0.007978
56126	9.946275	0.358305	-2.821984	-0.544439	-0.424114	-0.153152	-0.084826	0.053138	0.994978	-0.768738	0.631811	-0.099281	-0.633914	-0.773299	-0.012745
56127	9.737490	-1.671183	-2.914631	-0.594664	-0.346425	-0.143226	-0.085913	0.049548	0.995070	-0.765090	0.636462	-0.097748	-0.638167	-0.769715	-0.016772
56128	9.559554	-3.938910	-2.440530	-0.432492	-0.300437	-0.168638	-0.086506	0.046118	0.995183	-0.762445	0.639903	-0.095929	-0.641245	-0.767071	-0.020193
56129	9.567382	-4.793666	-1.955636	0.048556	-0.256593	-0.223103	-0.086430	0.042712	0.995342	-0.762961	0.639618	-0.093699	-0.640641	-0.767505	-0.022695
56130	9.583495	-4.157228	-1.028917	0.386687	-0.233324	-0.277521	-0.085765	0.039104	0.995548	-0.765648	0.636795	-0.090972	-0.637517	-0.770041	-0.024675
56131	9.775828	-3.212580	-0.691994	0.716543	-0.231973	-0.300362	-0.084912	0.035398	0.995759	-0.770463	0.631361	-0.088144	-0.631804	-0.774681	-0.026338
56132	9.929487	-0.640549	0.280837	0.790117	-0.232716	-0.290817	-0.084096	0.031723	0.995953	-0.775658	0.625347	-0.085413	-0.625526	-0.779702	-0.027982
56133	9.701568	1.028912	0.637668	0.332276	-0.237122	-0.265728	-0.083493	0.028204	0.996109	-0.777966	0.622821	-0.082843	-0.622734	-0.781856	-0.030059
56134	9.623790	0.462467	-0.382318	-0.006988	-0.270701	-0.235871	-0.083310	0.024581	0.996220	-0.778102	0.622966	-0.080441	-0.622588	-0.781863	-0.032773
56135	9.757407	-0.191770	-0.570310	0.069204	-0.309990	-0.232324	-0.083412	0.020700	0.996300	-0.778738	0.622465	-0.078130	-0.621780	-0.782373	-0.035801
56136	9.829216	-0.489006	-0.310255	0.233211	-0.336312	-0.249081	-0.083525	0.016478	0.996369	-0.780373	0.620717	-0.075683	-0.619710	-0.783862	-0.038986
56137	9.811131	-0.399738	0.212231	0.418675	-0.362805	-0.263415	-0.083688	0.011989	0.996420	-0.783192	0.617455	-0.073209	-0.616122	-0.786515	-0.042284
56138	9.715245	0.296259	0.807025	0.446868	-0.385536	-0.264367	-0.083949	0.007284	0.996443	-0.786140	0.613990	-0.070719	-0.612321	-0.789281	-0.045817
56139	9.750838	1.357404	1.052712	0.243081	-0.404882	-0.244395	-0.084481	0.002578	0.996422	-0.787842	0.612069	-0.068380	-0.610055	-0.790800	-0.049677
56140	9.705066	1.217117	0.979993	0.076159	-0.454063	-0.199387	-0.085642	-0.002271	0.996323	-0.788460	0.611494	-0.066380	-0.609095	-0.791246	-0.054160
56141	9.670486	1.176489	1.080438	-0.030942	-0.487866	-0.164876	-0.087294	-0.007149	0.996157	-0.788425	0.611719	-0.064701	-0.608905	-0.791043	-0.059036
56142	9.848426	0.903512	0.400459	-0.246518	-0.513424	-0.135737	-0.089316	-0.012074	0.995930	-0.787028	0.613677	-0.063142	-0.610417	-0.789465	-0.064314
56143	9.861293	0.253249	-0.238699	-0.310042	-0.539631	-0.113071	-0.091708	-0.017033	0.995640	-0.785246	0.616093	-0.061789	-0.612354	-0.787489	-0.069876
56144	9.924685	-0.120737	-0.987030	-0.145009	-0.571717	-0.095973	-0.094417	-0.022160	0.995286	-0.784434	0.617238	-0.060672	-0.612984	-0.786465	-0.075661
56145	9.911831	0.571745	-0.921702	0.048531	-0.571726	-0.074409	-0.097317	-0.027126	0.994884	-0.784814	0.616825	-0.059950	-0.612043	-0.786633	-0.081316
56146	9.735616	0.668303	-1.368704	-0.009810	-0.571731	-0.049183	-0.100389	-0.031964	0.994435	-0.784786	0.616914	-0.059395	-0.611582	-0.786381	-0.087016
56147	9.953796	0.326688	-2.275883	0.025314	-0.545132	-0.028610	-0.103477	-0.036436	0.993964	-0.784982	0.616692	-0.059114	-0.610816	-0.786361	-0.092415
56148	9.987016	0.121983	-2.829676	0.093640	-0.488542	-0.003968	-0.106388	-0.040346	0.993506	-0.785535	0.615988	-0.059103	-0.609603	-0.786721	-0.097227
56149	9.742626	-0.446738	-3.086539	0.159726	-0.447477	0.017852	-0.109234	-0.043768	0.993052	-0.786499	0.614726	-0.059420	-0.607854	-0.787525	-0.101572
56150	9.867336	-0.799224	-2.873021	0.306535	-0.394260	0.028948	-0.111817	-0.046748	0.992629	-0.788295	0.612369	-0.059959	-0.605052	-0.789189	-0.105325
56151	9.832070	-0.589895	-2.316466	0.385433	-0.346250	0.045701	-0.114248	-0.049215	0.992232	-0.790580	0.609332	-0.060806	-0.601606	-0.791387	-0.108523
56152	9.816990	-0.378066	-1.505338	0.365031	-0.319450	0.062222	-0.116624	-0.051422	0.991844	-0.792662	0.606525	-0.061759	-0.598402	-0.793400	-0.111496
56153	9.988472	-0.312096	-1.014039	0.355010	-0.302966	0.077701	-0.119030	-0.053368	0.991455	-0.794701	0.603732	-0.062911	-0.595216	-0.795399	-0.114274
56154	10.075548	0.394727	0.034532	0.272836	-0.256906	0.103980	-0.121350	-0.054840	0.991094	-0.796160	0.601672	-0.064190	-0.592793	-0.796858	-0.116675
56155	9.378110	0.629176	0.187725	-0.060133	-0.275158	0.117365	-0.123897	-0.056335	0.990695	-0.795671	0.602203	-0.065263	-0.592923	-0.796353	-0.119435
56156	9.519940	-0.382323	-0.667840	-0.017925	-0.354214	0.122207	-0.126934	-0.058470	0.990186	-0.795378	0.602468	-0.066385	-0.592674	-0.795999	-0.122979
