// General information: 
//  MT Manager version: 2022.2.0 
//  XDA version: 2022.2.0 build 7381 rev 124627 built on 2023-07-19
// Device information: 
//  DeviceId: 00B4CB9F
//  ProductCode: MTW2-3A7G6
//  Firmware Version: 4.6.0
//  Hardware Version: 2.0.0
// Device settings: 
//  Filter Profile: human(46.1)
//  Option Flags: Orientation Smoother Disabled, Position/Velocity Smoother Disabled, Continuous Zero Rotation Update Disabled, AHS Disabled, ICC Disabled
// Coordinate system: ENU
PacketCounter	Acc_X	Acc_Y	Acc_Z	Gyr_X	Gyr_Y	Gyr_Z	Mat[1][1]	Mat[2][1]	Mat[3][1]	Mat[1][2]	Mat[2][2]	Mat[3][2]	Mat[1][3]	Mat[2][3]	Mat[3][3]
46116	9.830179	-0.934699	-0.225004	-0.014903	0.015857	-0.008511	0.033576	-0.120515	0.992144	0.143897	-0.981777	-0.124125	0.989023	0.146934	-0.015622
46117	9.842620	-0.959580	-0.296244	-0.022605	-0.001186	-0.004913	0.033635	-0.120526	0.992140	0.143730	-0.981799	-0.124143	0.989045	0.146776	-0.015699
46118	9.849345	-0.981147	-0.270585	-0.030060	0.006734	-0.005197	0.034105	-0.120306	0.992151	0.144872	-0.981648	-0.124013	0.988863	0.147964	-0.016050
46119	9.769960	-0.962323	-0.373642	-0.032177	0.001624	-0.006620	0.034134	-0.120305	0.992150	0.144610	-0.981687	-0.124012	0.988900	0.147708	-0.016112
46120	9.732104	-1.001119	-0.375098	-0.030288	-0.007664	-0.001280	0.034472	-0.120278	0.992142	0.145023	-0.981622	-0.124041	0.988828	0.148160	-0.016396
46121	9.699563	-0.985313	-0.354304	-0.017198	-0.012962	0.000567	0.034657	-0.120325	0.992129	0.144908	-0.981630	-0.124114	0.988838	0.148069	-0.016584
46122	9.676478	-0.993888	-0.356782	-0.004488	-0.014048	0.009022	0.035216	-0.120302	0.992112	0.145935	-0.981468	-0.124192	0.988667	0.149158	-0.017007
46123	9.706127	-0.932551	-0.358529	0.004653	-0.013908	0.010722	0.035424	-0.120448	0.992087	0.146032	-0.981431	-0.124368	0.988645	0.149283	-0.017177
46124	9.777503	-0.852778	-0.285197	0.000840	-0.016518	0.015848	0.036085	-0.120493	0.992058	0.147318	-0.981218	-0.124535	0.988431	0.150641	-0.017656
46125	9.819081	-0.835625	-0.211511	0.003402	-0.014367	0.017284	0.036309	-0.120702	0.992025	0.147400	-0.981175	-0.124777	0.988410	0.150755	-0.017834
46126	9.794514	-0.844744	-0.188742	-0.002881	0.003296	0.019732	0.036531	-0.120970	0.991984	0.147966	-0.981050	-0.125086	0.988318	0.151349	-0.017939
46127	9.765690	-0.851802	-0.093187	0.002437	-0.020330	0.026487	0.036828	-0.121260	0.991937	0.148036	-0.980997	-0.125419	0.988296	0.151461	-0.018177
46128	9.830030	-0.904146	0.008295	-0.001000	-0.016594	0.032977	0.037216	-0.121603	0.991881	0.148493	-0.980876	-0.125825	0.988213	0.151970	-0.018447
46129	9.822829	-0.961775	0.008684	-0.006987	-0.004433	0.038069	0.037373	-0.122030	0.991822	0.148465	-0.980823	-0.126271	0.988211	0.151970	-0.018539
46130	9.812756	-1.018164	0.058143	-0.015103	-0.007955	0.041703	0.037528	-0.122350	0.991777	0.148348	-0.980797	-0.126609	0.988223	0.151880	-0.018657
46131	9.850033	-1.059375	0.085666	-0.016835	0.003860	0.041678	0.037609	-0.122826	0.991715	0.148222	-0.980754	-0.127089	0.988239	0.151774	-0.018679
46132	9.807717	-1.082386	0.011367	-0.026310	0.018505	0.046645	0.037734	-0.123359	0.991644	0.148596	-0.980626	-0.127643	0.988178	0.152171	-0.018672
46133	9.793621	-1.118813	-0.011827	-0.027556	0.007482	0.045243	0.037785	-0.123875	0.991578	0.148362	-0.980594	-0.128156	0.988211	0.151955	-0.018673
46134	9.779491	-1.155294	-0.035027	-0.020210	0.018143	0.048238	0.037599	-0.124389	0.991521	0.147946	-0.980595	-0.128629	0.988280	0.151528	-0.018467
46135	9.700519	-1.218099	-0.133572	-0.019741	0.025786	0.040351	0.037461	-0.124884	0.991464	0.147792	-0.980557	-0.129095	0.988309	0.151366	-0.018276
46136	9.687816	-1.254878	-0.180303	-0.016024	0.016506	0.044448	0.037311	-0.125469	0.991396	0.147479	-0.980532	-0.129644	0.988361	0.151047	-0.018080
46137	9.634683	-1.252879	-0.206336	-0.008396	0.021690	0.042139	0.037215	-0.125975	0.991335	0.147436	-0.980474	-0.130130	0.988371	0.151002	-0.017915
46138	9.631897	-1.178993	-0.182599	0.001258	0.020122	0.042534	0.037036	-0.126599	0.991262	0.147324	-0.980412	-0.130718	0.988395	0.150878	-0.017659
46139	9.646511	-1.151991	-0.180836	0.009666	0.018118	0.041551	0.036975	-0.127095	0.991201	0.147461	-0.980327	-0.131201	0.988377	0.151015	-0.017506
46140	9.665457	-1.069060	-0.131552	0.012980	0.022402	0.037738	0.036781	-0.127551	0.991150	0.147529	-0.980260	-0.131624	0.988374	0.151065	-0.017237
46141	9.684479	-0.985842	-0.082360	-0.004939	0.017943	0.035662	0.036713	-0.127989	0.991096	0.147524	-0.980204	-0.132047	0.988377	0.151059	-0.017105
46142	9.734561	-0.917295	-0.030858	-0.026975	0.025717	0.029492	0.036663	-0.128230	0.991067	0.147662	-0.980152	-0.132280	0.988358	0.151193	-0.017000
46143	9.669480	-0.946586	-0.105531	-0.043375	0.016186	0.031432	0.036606	-0.128623	0.991018	0.147279	-0.980159	-0.132654	0.988417	0.150812	-0.016936
46144	9.744087	-1.024190	-0.049435	-0.064404	0.000695	0.029178	0.036607	-0.129093	0.990957	0.146537	-0.980209	-0.133106	0.988528	0.150084	-0.016966
46145	9.795602	-1.109742	0.004570	-0.072264	0.000999	0.028877	0.036696	-0.129438	0.990908	0.145870	-0.980262	-0.133449	0.988623	0.149441	-0.017091
46146	9.797387	-1.190550	-0.017662	-0.075325	0.009808	0.030150	0.036530	-0.129803	0.990867	0.144853	-0.980369	-0.133769	0.988779	0.148417	-0.017011
46147	9.774574	-1.278923	-0.016587	-0.079171	0.005884	0.036628	0.036582	-0.130232	0.990808	0.144115	-0.980421	-0.134188	0.988885	0.147699	-0.017097
46148	9.782607	-1.382741	-0.013398	-0.076488	0.009275	0.036784	0.036607	-0.130436	0.990781	0.143562	-0.980475	-0.134383	0.988964	0.147157	-0.017166
46149	9.774808	-1.440368	-0.012288	-0.070244	0.011456	0.035747	0.036601	-0.130863	0.990725	0.142912	-0.980513	-0.134794	0.989058	0.146520	-0.017186
46150	9.774209	-1.444433	-0.011675	-0.041870	0.017635	0.047556	0.036675	-0.131432	0.990647	0.142926	-0.980432	-0.135368	0.989054	0.146554	-0.017172
46151	9.809853	-1.389227	-0.107952	-0.028118	0.014524	0.036149	0.036639	-0.131869	0.990590	0.142693	-0.980408	-0.135791	0.989089	0.146326	-0.017105
46152	9.839286	-1.253762	-0.108964	-0.009461	0.011774	0.039533	0.036853	-0.132296	0.990525	0.143253	-0.980262	-0.136255	0.989000	0.146917	-0.017174
46153	9.805996	-1.164356	-0.087514	-0.003424	0.020768	0.034539	0.036754	-0.132726	0.990471	0.143265	-0.980203	-0.136666	0.989002	0.146923	-0.017012
46154	9.757090	-1.085805	-0.188405	-0.000193	0.023785	0.032042	0.036628	-0.133007	0.990438	0.143410	-0.980145	-0.136928	0.988985	0.147054	-0.016826
46155	9.723988	-0.995837	-0.166798	-0.009459	0.011835	0.031582	0.036613	-0.133395	0.990386	0.143364	-0.980099	-0.137309	0.988993	0.147013	-0.016761
46156	9.731495	-1.022087	-0.165194	-0.021041	0.001523	0.033696	0.036648	-0.133659	0.990350	0.143160	-0.980091	-0.137572	0.989021	0.146820	-0.016784
46157	9.766474	-1.042555	-0.236245	-0.042975	-0.000029	0.034142	0.036754	-0.134054	0.990292	0.142781	-0.980090	-0.137972	0.989072	0.146466	-0.016882
46158	9.735519	-1.107947	-0.237369	-0.048991	-0.009040	0.039153	0.036591	-0.134324	0.990262	0.141549	-0.980238	-0.138194	0.989255	0.145227	-0.016855
46159	9.750642	-1.157938	-0.236806	-0.045575	-0.012830	0.040599	0.036832	-0.134763	0.990193	0.141141	-0.980231	-0.138657	0.989304	0.144864	-0.017083
46160	9.682586	-1.263195	-0.264502	-0.034711	-0.013995	0.042359	0.037066	-0.135054	0.990145	0.140911	-0.980219	-0.138975	0.989328	0.144673	-0.017302
46161	9.723969	-1.327319	-0.189573	-0.034422	-0.028899	0.051555	0.037481	-0.135577	0.990058	0.140609	-0.980181	-0.139548	0.989355	0.144441	-0.017675
46162	9.667828	-1.324136	-0.170825	-0.019747	-0.008863	0.050989	0.037543	-0.135842	0.990019	0.140167	-0.980207	-0.139811	0.989416	0.144017	-0.017759
46163	9.656437	-1.304911	-0.124659	-0.003426	-0.019300	0.055531	0.037868	-0.136418	0.989927	0.140170	-0.980119	-0.140428	0.989403	0.144075	-0.017993
46164	9.683653	-1.324306	-0.074960	0.014297	-0.008093	0.053671	0.037815	-0.136983	0.989851	0.139815	-0.980091	-0.140974	0.989455	0.143727	-0.017909
46165	9.663126	-1.281456	-0.004161	0.016068	-0.000070	0.055151	0.037948	-0.137583	0.989763	0.140011	-0.979974	-0.141590	0.989422	0.143951	-0.017925
46166	9.626736	-1.249778	-0.055897	0.018018	0.001141	0.060570	0.038291	-0.138078	0.989681	0.140796	-0.979781	-0.142145	0.989298	0.144786	-0.018076
46167	9.590365	-1.295300	-0.105053	0.006122	0.013736	0.056236	0.038290	-0.138708	0.989593	0.140893	-0.979676	-0.142770	0.989284	0.144894	-0.017969
46168	9.519810	-1.304139	-0.230397	-0.000300	0.007677	0.061269	0.038229	-0.139273	0.989516	0.140725	-0.979621	-0.143317	0.989310	0.144729	-0.017851
46169	9.539120	-1.378155	-0.178596	-0.002644	-0.009263	0.061046	0.038462	-0.139917	0.989416	0.140734	-0.979521	-0.143988	0.989300	0.144782	-0.017984
46170	9.634868	-1.509181	-0.243818	-0.013316	-0.005518	0.056681	0.038189	-0.140428	0.989354	0.139656	-0.979609	-0.144435	0.989463	0.143685	-0.017799
46171	9.624295	-1.548302	-0.340672	0.003791	0.022023	0.062924	0.038114	-0.141134	0.989257	0.139727	-0.979497	-0.145125	0.989456	0.143757	-0.017612
46172	9.515828	-1.461383	-0.347552	0.042465	0.011441	0.057706	0.038319	-0.141582	0.989185	0.140672	-0.979289	-0.145615	0.989314	0.144730	-0.017609
46173	9.516782	-1.390312	-0.372837	0.080627	-0.006775	0.052420	0.038516	-0.142143	0.989096	0.141507	-0.979080	-0.146214	0.989188	0.145595	-0.017596
46174	9.614800	-1.387373	-0.342475	0.085103	-0.012655	0.049921	0.038657	-0.142713	0.989009	0.142234	-0.978885	-0.146811	0.989078	0.146346	-0.017543
46175	9.674527	-1.345144	-0.316898	0.067835	-0.033396	0.039779	0.039100	-0.143111	0.988934	0.142947	-0.978710	-0.147283	0.988958	0.147124	-0.017810
46176	9.801025	-1.277366	-0.240982	0.048243	-0.043100	0.025622	0.039587	-0.143306	0.988886	0.143481	-0.978591	-0.147558	0.988861	0.147728	-0.018177
46177	9.850304	-1.285220	-0.167308	0.043275	-0.026103	0.014888	0.039922	-0.143471	0.988849	0.143962	-0.978487	-0.147779	0.988778	0.148256	-0.018409
46178	9.782482	-1.329789	-0.074696	0.045455	-0.038327	0.012244	0.040270	-0.143527	0.988827	0.144313	-0.978418	-0.147894	0.988712	0.148657	-0.018688
46179	9.836773	-1.358040	0.048566	0.051547	-0.037361	0.004509	0.040702	-0.143574	0.988802	0.144879	-0.978316	-0.148014	0.988612	0.149282	-0.019018
46180	9.795592	-1.318219	0.091914	0.043933	-0.015849	0.004336	0.040778	-0.143510	0.988808	0.145137	-0.978285	-0.147968	0.988571	0.149547	-0.019064
46181	9.717121	-1.317195	0.110742	0.023222	-0.015470	-0.003150	0.040982	-0.143514	0.988799	0.145426	-0.978236	-0.148008	0.988520	0.149863	-0.019219
46182	9.719205	-1.336713	0.208183	0.017789	-0.014172	-0.008690	0.040922	-0.143368	0.988823	0.145228	-0.978289	-0.147851	0.988552	0.149655	-0.019213
46183	9.666047	-1.347124	0.327273	0.019804	-0.002290	-0.011214	0.040984	-0.143312	0.988829	0.145487	-0.978257	-0.147810	0.988511	0.149919	-0.019243
46184	9.655424	-1.398162	0.378208	0.015017	0.017197	-0.016640	0.041092	-0.143049	0.988862	0.146297	-0.978170	-0.147581	0.988387	0.150732	-0.019267
46185	9.597046	-1.463445	0.452946	0.008190	0.032803	-0.016834	0.040799	-0.142991	0.988883	0.146443	-0.978163	-0.147482	0.988377	0.150832	-0.018968
46186	9.625714	-1.630938	0.487725	0.001571	0.033591	-0.015760	0.040715	-0.142711	0.988927	0.147052	-0.978114	-0.147205	0.988290	0.151417	-0.018838
46187	9.697291	-1.762805	0.450728	0.003832	0.038570	-0.006309	0.040381	-0.142764	0.988933	0.147150	-0.978098	-0.147209	0.988290	0.151466	-0.018488
46188	9.775236	-1.841055	0.436947	0.024097	0.030487	0.009140	0.039917	-0.142851	0.988939	0.147024	-0.978115	-0.147222	0.988327	0.151275	-0.018041
46189	9.795567	-1.755380	0.488712	0.063345	0.043392	0.009498	0.039558	-0.143066	0.988922	0.147704	-0.977987	-0.147393	0.988240	0.151899	-0.017556
46190	9.740580	-1.592976	0.510539	0.087179	0.052791	0.010563	0.038910	-0.143229	0.988924	0.148273	-0.977890	-0.147464	0.988181	0.152369	-0.016812
46191	9.769781	-1.531103	0.541945	0.083489	0.068792	0.010525	0.038301	-0.143493	0.988910	0.149152	-0.977729	-0.147647	0.988072	0.153153	-0.016046
46192	9.699741	-1.554611	0.546944	0.072714	0.079263	0.010155	0.037571	-0.143758	0.988899	0.149979	-0.977578	-0.147810	0.987975	0.153867	-0.015168
46193	9.737035	-1.671321	0.561558	0.059183	0.067714	0.014884	0.036980	-0.144064	0.988877	0.150616	-0.977447	-0.148031	0.987900	0.154415	-0.014448
46194	9.905662	-1.719238	0.581540	0.065469	0.069834	0.013869	0.036331	-0.144321	0.988864	0.151327	-0.977312	-0.148195	0.987816	0.155026	-0.013667
46195	9.907901	-1.740622	0.665412	0.087486	0.095218	0.013675	0.035466	-0.144659	0.988846	0.152245	-0.977137	-0.148407	0.987706	0.155810	-0.012632
46196	9.880231	-1.824229	0.727696	0.114230	0.109180	0.013689	0.034420	-0.144840	0.988856	0.153385	-0.976954	-0.148436	0.987567	0.156785	-0.011411
46197	9.871723	-1.783891	0.618387	0.137210	0.152472	0.029721	0.033016	-0.145426	0.988818	0.154788	-0.976676	-0.148808	0.987396	0.157970	-0.009736
46198	9.785753	-1.647808	0.404371	0.150347	0.153638	0.027846	0.031660	-0.145758	0.988814	0.156492	-0.976385	-0.148937	0.987172	0.159456	-0.008102
46199	9.866697	-1.420685	0.367638	0.148154	0.129914	0.023805	0.030471	-0.146254	0.988778	0.158005	-0.976094	-0.149247	0.986968	0.160779	-0.006633
46200	9.847620	-1.336981	0.207159	0.133644	0.153803	0.017974	0.029356	-0.146630	0.988756	0.160090	-0.975723	-0.149451	0.986666	0.162677	-0.005169
46201	9.763132	-1.278102	-0.006198	0.106041	0.135171	0.009954	0.028095	-0.147003	0.988737	0.161191	-0.975516	-0.149617	0.986523	0.163579	-0.003711
46202	9.856413	-1.307531	-0.109023	0.072960	0.079167	-0.002563	0.027477	-0.146970	0.988759	0.162254	-0.975360	-0.149488	0.986366	0.164538	-0.002954
46203	10.027394	-1.355178	-0.109890	0.047760	0.085456	-0.007843	0.026678	-0.147089	0.988763	0.162786	-0.975273	-0.149474	0.986301	0.164944	-0.002075
46204	10.052325	-1.328531	-0.222886	0.040608	0.080026	-0.024220	0.026012	-0.146798	0.988824	0.163510	-0.975213	-0.149079	0.986199	0.165560	-0.001364
46205	10.307749	-1.260570	-0.102576	0.063855	0.032514	-0.029766	0.025699	-0.146616	0.988860	0.164205	-0.975131	-0.148848	0.986091	0.166201	-0.000985
46206	10.573525	-1.175299	0.187861	0.081923	0.043488	-0.047388	0.025456	-0.146133	0.988937	0.165571	-0.974979	-0.148333	0.985869	0.167516	-0.000624
46207	10.648162	-1.127389	0.444130	0.109985	0.079188	-0.051012	0.024648	-0.145823	0.989004	0.166726	-0.974849	-0.147891	0.985695	0.168538	0.000284
46208	10.627507	-1.184600	0.725582	0.133392	0.086276	-0.060262	0.023748	-0.145333	0.989098	0.168179	-0.974696	-0.147255	0.985470	0.169842	0.001295
46209	10.552652	-1.268623	1.202349	0.159133	0.106336	-0.065292	0.022648	-0.144931	0.989182	0.169819	-0.974500	-0.146668	0.985215	0.171304	0.002542
46210	10.424354	-1.421561	1.656995	0.196801	0.128422	-0.058890	0.021602	-0.144318	0.989295	0.172399	-0.974166	-0.145876	0.984790	0.173705	0.003836
46211	10.365467	-1.680921	2.394741	0.251137	0.118504	-0.058102	0.020393	-0.144012	0.989366	0.174940	-0.973791	-0.145351	0.984368	0.176044	0.005335
46212	11.499014	-1.852461	3.418941	0.347964	0.049966	-0.061227	0.020082	-0.143347	0.989469	0.178959	-0.973170	-0.144618	0.983651	0.179979	0.006110
46213	12.183540	-2.167730	4.967458	0.392445	0.231092	-0.028700	0.017817	-0.143540	0.989484	0.182880	-0.972478	-0.144366	0.982974	0.183529	0.008924
46214	10.655007	-2.470921	5.164659	0.580078	1.025940	0.024738	0.007896	-0.145566	0.989317	0.188819	-0.971333	-0.144427	0.981980	0.187942	0.019816
46215	9.176547	-2.328254	5.165668	0.705561	1.047949	0.063126	-0.002207	-0.148227	0.988951	0.195798	-0.969875	-0.144931	0.980642	0.193315	0.031163
46216	10.022345	-1.873368	6.128554	0.852860	0.967605	0.060854	-0.011219	-0.150621	0.988528	0.204857	-0.967968	-0.145163	0.978728	0.200878	0.041715
46217	10.209526	-1.153843	6.582033	0.940508	1.437720	0.056067	-0.025097	-0.154151	0.987729	0.214120	-0.965939	-0.145310	0.976485	0.207845	0.057249
46218	9.159469	-0.541033	5.552164	0.872396	1.739682	0.045137	-0.041655	-0.158205	0.986527	0.223277	-0.963888	-0.145147	0.973865	0.214223	0.075474
46219	8.798509	0.031143	4.689552	0.699145	1.590131	0.026187	-0.057001	-0.161946	0.985152	0.230150	-0.962311	-0.144875	0.971484	0.218475	0.092125
46220	8.895487	0.511989	4.129564	0.396001	1.518186	-0.004809	-0.070964	-0.165020	0.983734	0.235476	-0.961117	-0.144240	0.969286	0.221410	0.107063
46221	9.022830	0.500539	3.197267	0.024383	1.431410	-0.054942	-0.084897	-0.167695	0.982177	0.235729	-0.961132	-0.143726	0.968103	0.219326	0.121128
46222	9.043809	0.681996	2.039326	-0.269664	1.391067	-0.053629	-0.097476	-0.170156	0.980584	0.235041	-0.961341	-0.143452	0.967086	0.216494	0.133701
46223	9.534096	0.430353	0.741344	-0.572218	1.215884	-0.051710	-0.109292	-0.172293	0.978964	0.229514	-0.962625	-0.143794	0.967150	0.208970	0.144750
46224	10.196343	0.271696	0.094978	-0.688785	1.153006	-0.062617	-0.119136	-0.174136	0.977488	0.225591	-0.963499	-0.144149	0.966910	0.203339	0.154071
46225	10.729371	-0.149109	-0.523350	-0.710450	1.152607	-0.102273	-0.130445	-0.175491	0.975801	0.218655	-0.965069	-0.144331	0.967044	0.194536	0.164260
46226	10.970399	-0.402783	-1.048923	-0.708607	1.167595	-0.137634	-0.140795	-0.176382	0.974200	0.214141	-0.966134	-0.143973	0.966603	0.188346	0.173797
46227	10.703367	-0.719633	-1.372227	-0.688027	1.196310	-0.174486	-0.152659	-0.176944	0.972309	0.207297	-0.967688	-0.143556	0.966293	0.179642	0.184407
46228	10.091075	-1.281605	-1.632851	-0.663041	1.165817	-0.190918	-0.163605	-0.176973	0.970522	0.202070	-0.968931	-0.142620	0.965609	0.172780	0.194283
46229	9.954630	-1.511264	-1.708534	-0.637182	1.058186	-0.148406	-0.174051	-0.177369	0.968631	0.195730	-0.970250	-0.142495	0.965089	0.164789	0.203589
46230	9.633103	-1.860842	-1.846237	-0.635012	1.016277	-0.094418	-0.183559	-0.178083	0.966743	0.190476	-0.971258	-0.142749	0.964378	0.157938	0.212204
46231	9.197904	-2.075890	-2.044719	-0.580997	0.929449	-0.040035	-0.192531	-0.179178	0.964794	0.184862	-0.972207	-0.143664	0.963721	0.150694	0.220303
46232	8.918911	-2.240686	-2.034535	-0.495607	0.838344	0.027600	-0.200412	-0.180735	0.962897	0.180508	-0.972823	-0.145028	0.962939	0.144745	0.227590
46233	8.582925	-2.294912	-1.647994	-0.364182	0.758286	0.088357	-0.207489	-0.182723	0.961021	0.177247	-0.973162	-0.146763	0.962046	0.139886	0.234308
46234	8.800950	-2.391755	-1.053565	-0.211546	0.693642	0.173979	-0.213784	-0.185396	0.959127	0.175776	-0.973101	-0.148918	0.960937	0.136756	0.240621
46235	8.348980	-2.594768	-0.651613	-0.073315	0.721036	0.237711	-0.220226	-0.188738	0.957015	0.175653	-0.972738	-0.151418	0.959503	0.134756	0.247375
46236	7.689079	-2.777959	-0.403552	0.088320	0.651992	0.238180	-0.226039	-0.191950	0.955019	0.177115	-0.972150	-0.153472	0.957881	0.134457	0.253741
46237	7.679888	-2.688521	0.028740	0.281354	0.512603	0.233376	-0.230465	-0.194961	0.953350	0.180405	-0.971299	-0.155020	0.956211	0.136263	0.259022
46238	7.732901	-2.208764	0.355732	0.487664	0.417686	0.240480	-0.233995	-0.197897	0.951884	0.185696	-0.970138	-0.156043	0.954339	0.140248	0.263756
46239	7.619750	-1.675744	0.637326	0.649281	0.328322	0.221552	-0.236642	-0.200564	0.950671	0.192473	-0.968748	-0.156467	0.952342	0.145952	0.267850
46240	7.593294	-1.238562	0.917773	0.788157	0.197319	0.186940	-0.238128	-0.202694	0.949847	0.200489	-0.967175	-0.156129	0.950315	0.153255	0.270949
46241	7.688566	-0.934324	1.212753	0.893012	0.082184	0.134672	-0.238568	-0.204173	0.949420	0.209352	-0.965474	-0.155020	0.948292	0.161781	0.273075
46242	7.816952	-0.705328	1.411299	0.975445	0.026704	0.087353	-0.238606	-0.205084	0.949214	0.218877	-0.963653	-0.153184	0.946129	0.171210	0.274822
46243	7.832067	-0.371129	1.600258	1.032194	-0.060518	0.042339	-0.237874	-0.205432	0.949323	0.228798	-0.961725	-0.150785	0.943964	0.181335	0.275772
46244	8.038637	0.042108	1.864483	1.067370	-0.153245	0.008242	-0.236379	-0.205245	0.949737	0.238962	-0.959696	-0.147922	0.941819	0.191985	0.275898
46245	8.600394	0.718066	2.002615	1.067153	-0.245454	0.004090	-0.233994	-0.204845	0.950413	0.249076	-0.957558	-0.145062	0.939791	0.202782	0.275085
46246	8.598572	1.098108	2.186668	0.965742	-0.255855	-0.012445	-0.231589	-0.204209	0.951139	0.258203	-0.955555	-0.142288	0.937922	0.212635	0.274023
46247	8.288162	1.304737	2.429099	0.812843	-0.338844	-0.013523	-0.228381	-0.203389	0.952090	0.265854	-0.953796	-0.139982	0.936570	0.221148	0.271901
46248	8.311933	1.283837	2.735936	0.636334	-0.504198	-0.012959	-0.223658	-0.202138	0.953476	0.271883	-0.952366	-0.138127	0.935979	0.228340	0.267962
46249	8.514185	1.526512	2.953666	0.469643	-0.542757	-0.030077	-0.218593	-0.200640	0.954966	0.276275	-0.951317	-0.136634	0.935889	0.233967	0.263383
46250	8.223222	1.613900	3.121153	0.263074	-0.588536	-0.060651	-0.213214	-0.198672	0.956592	0.278717	-0.950788	-0.135344	0.936406	0.237762	0.258095
46251	8.310359	1.487136	5.636452	0.003198	-0.782092	-0.106424	-0.206112	-0.195837	0.958731	0.278587	-0.950966	-0.134359	0.938033	0.239397	0.250564
46252	12.053865	0.284642	15.628383	-0.211325	-1.050913	-0.195439	-0.196748	-0.191450	0.961580	0.276325	-0.951821	-0.132968	0.940710	0.239547	0.240172
46253	17.229591	-2.508096	23.548632	-0.118714	0.711285	-0.439259	-0.204577	-0.189005	0.960430	0.274390	-0.952916	-0.129079	0.939605	0.237126	0.246806
46254	10.752825	-5.203479	12.469775	0.694202	2.247168	-0.684271	-0.227516	-0.187836	0.955486	0.279495	-0.952530	-0.120703	0.932802	0.239592	0.269215
46255	5.013212	-2.085195	5.055766	1.468238	0.441481	-0.379412	-0.232639	-0.185357	0.954737	0.292344	-0.949599	-0.113124	0.927585	0.252794	0.275102
46256	3.896473	1.358784	0.478755	0.830552	-0.446502	-0.077082	-0.228749	-0.183481	0.956038	0.299919	-0.947590	-0.110099	0.926133	0.261549	0.271790
46257	5.282093	3.504005	-2.274970	-0.488440	-1.293578	0.098205	-0.216380	-0.181084	0.959369	0.295668	-0.948658	-0.112376	0.930463	0.259338	0.258811
46258	10.009568	5.372954	0.577481	-2.035250	-1.953940	0.294328	-0.197272	-0.178964	0.963875	0.277311	-0.953228	-0.120231	0.940310	0.243575	0.237674
46259	12.002238	3.663712	1.850306	-3.266291	-0.740272	0.335533	-0.189326	-0.180525	0.965177	0.247143	-0.960070	-0.131091	0.950303	0.213718	0.226382
46260	8.907772	-1.159401	-0.771979	-3.448606	-0.257311	0.393421	-0.185970	-0.183785	0.965214	0.215067	-0.966143	-0.142525	0.958729	0.181081	0.219200
46261	8.948302	-5.322614	-0.271003	-2.875894	-0.893178	0.650499	-0.175995	-0.188629	0.966150	0.188627	-0.969744	-0.154970	0.966150	0.154968	0.206251
46262	10.769321	-6.448834	-0.465490	-1.870953	-0.939350	0.740958	-0.165566	-0.194427	0.966843	0.171873	-0.971059	-0.165843	0.971106	0.138717	0.194191
46263	11.787277	-6.041170	-2.110159	-1.330076	-0.932840	0.562372	-0.155494	-0.198696	0.967647	0.159898	-0.971707	-0.173836	0.974810	0.127694	0.182865
46264	12.498967	-4.803068	-0.866219	-0.642975	-0.977486	0.412237	-0.145307	-0.201476	0.968655	0.154330	-0.971678	-0.178954	0.977276	0.123489	0.172285
46265	11.872542	-2.738307	0.424880	0.034098	-0.657617	0.300765	-0.138349	-0.203630	0.969224	0.155152	-0.971008	-0.181858	0.978155	0.125217	0.165932
46266	10.517735	-0.956418	0.039455	0.464824	-0.544807	0.206620	-0.132691	-0.204944	0.969738	0.160062	-0.969978	-0.183093	0.978148	0.130924	0.161512
46267	10.712360	0.676235	-0.051045	0.580232	-0.714062	0.166497	-0.125372	-0.205646	0.970562	0.166014	-0.968836	-0.183835	0.978121	0.138080	0.155606
46268	11.152021	1.703091	0.467412	0.315687	-0.681544	0.170038	-0.118410	-0.206335	0.971290	0.169405	-0.968029	-0.184990	0.978407	0.142637	0.149578
46269	10.491135	1.280613	-0.045223	-0.134542	-0.522315	0.176283	-0.112936	-0.207345	0.971727	0.168353	-0.967837	-0.186948	0.979236	0.142480	0.144211
46270	10.046122	0.280568	-0.323237	-0.511906	-0.686176	0.221672	-0.105826	-0.208509	0.972278	0.163694	-0.968082	-0.189792	0.980819	0.139071	0.136580
46271	10.226654	-1.002754	-0.292601	-0.717431	-0.798625	0.269879	-0.097490	-0.210081	0.972811	0.156985	-0.968477	-0.193413	0.982777	0.133861	0.127396
46272	9.915952	-2.029705	-0.174007	-0.767079	-0.792405	0.284270	-0.089236	-0.211775	0.973236	0.149830	-0.968869	-0.197087	0.984677	0.128233	0.118188
46273	9.900714	-2.602214	0.259204	-0.707299	-0.873501	0.272542	-0.080165	-0.213366	0.973678	0.143150	-0.969160	-0.200590	0.986449	0.123302	0.108236
46274	9.718050	-3.045217	0.726070	-0.612795	-0.791066	0.254522	-0.071973	-0.214853	0.973991	0.137420	-0.969347	-0.203674	0.987895	0.119186	0.099292
46275	9.168999	-3.017726	1.003548	-0.534528	-0.720807	0.253076	-0.064445	-0.216509	0.974151	0.132368	-0.969409	-0.206699	0.989103	0.115626	0.091132
46276	8.544863	-3.014000	1.206655	-0.501639	-0.693736	0.232461	-0.057253	-0.217955	0.974278	0.127664	-0.969466	-0.209376	0.990164	0.112393	0.083330
46277	8.712043	-2.730388	1.482824	-0.488034	-0.738446	0.196656	-0.049630	-0.219093	0.974441	0.122993	-0.969558	-0.211731	0.991166	0.109341	0.075066
46278	8.705067	-2.604519	1.408033	-0.502126	-0.649692	0.146981	-0.042989	-0.219806	0.974596	0.118194	-0.969766	-0.213503	0.992060	0.106013	0.067669
46279	8.744784	-2.366209	1.198967	-0.525529	-0.643823	0.111260	-0.036409	-0.220264	0.974761	0.113080	-0.970051	-0.214976	0.992919	0.102399	0.060226
46280	9.098554	-2.300003	0.887885	-0.589637	-0.652131	0.104863	-0.029797	-0.220618	0.974905	0.107364	-0.970402	-0.216317	0.993773	0.098224	0.052602
46281	9.201859	-2.495839	0.454263	-0.680597	-0.642020	0.116531	-0.023233	-0.221185	0.974955	0.100686	-0.970777	-0.217838	0.994647	0.093104	0.044824
46282	9.422219	-2.883964	0.023580	-0.759716	-0.696025	0.128272	-0.016165	-0.221795	0.974959	0.093255	-0.971171	-0.219387	0.995511	0.087374	0.036383
46283	9.646219	-3.190602	-0.267311	-0.760492	-0.700702	0.129389	-0.009012	-0.222511	0.974889	0.085755	-0.971508	-0.220946	0.996276	0.081610	0.027836
46284	9.543977	-3.444004	-0.700346	-0.693103	-0.665374	0.110258	-0.002273	-0.223053	0.974804	0.078952	-0.971803	-0.222182	0.996876	0.076458	0.019820
46285	9.585193	-3.431304	-1.002653	-0.603713	-0.702112	0.085935	0.004852	-0.223418	0.974711	0.072988	-0.972043	-0.223169	0.997321	0.072225	0.011591
46286	9.694993	-3.103218	-1.057377	-0.503749	-0.729530	0.063231	0.012190	-0.223519	0.974623	0.068050	-0.972250	-0.223826	0.997607	0.069052	0.003358
46287	9.610073	-2.849123	-1.010620	-0.434809	-0.709455	0.025650	0.019344	-0.223340	0.974549	0.063764	-0.972471	-0.224129	0.997778	0.066477	-0.004570
46288	9.239054	-2.836053	-1.027451	-0.366483	-0.722138	0.008443	0.026573	-0.222954	0.974467	0.060194	-0.972685	-0.224188	0.997833	0.064615	-0.012427
46289	9.897195	-2.798985	-0.580897	-0.304769	-0.868966	-0.006148	0.035298	-0.222389	0.974319	0.057210	-0.972878	-0.224133	0.997738	0.063652	-0.021618
46290	9.786421	-2.958900	0.025037	-0.239522	-0.708560	-0.022905	0.042374	-0.221726	0.974188	0.054915	-0.973073	-0.223860	0.997592	0.062983	-0.029057
46291	8.992965	-2.924078	0.018270	-0.137520	-0.646760	-0.030852	0.048866	-0.221069	0.974033	0.053611	-0.973212	-0.223573	0.997366	0.063144	-0.035705
46292	9.263919	-2.830609	0.369367	-0.063830	-0.775677	-0.045146	0.056594	-0.220148	0.973823	0.053078	-0.973344	-0.223124	0.996985	0.064316	-0.043401
46293	9.548740	-2.658150	0.697933	-0.038069	-0.692792	-0.044552	0.063534	-0.219316	0.973583	0.052779	-0.973450	-0.222730	0.996583	0.065536	-0.050272
46294	9.111017	-2.155769	0.625186	-0.058230	-0.588226	-0.053009	0.069381	-0.218427	0.973384	0.052308	-0.973596	-0.222204	0.996218	0.066332	-0.056124
46295	8.998458	-2.078286	0.566350	-0.189637	-0.644188	-0.074733	0.075817	-0.217325	0.973150	0.050526	-0.973868	-0.221422	0.995841	0.065957	-0.062855
46296	8.823208	-2.266814	0.506075	-0.294069	-0.610597	-0.086582	0.081865	-0.216100	0.972933	0.047737	-0.974239	-0.220407	0.995500	0.064489	-0.069440
46297	8.852538	-2.290427	0.588713	-0.360811	-0.643841	-0.100709	0.088284	-0.214762	0.972668	0.044284	-0.974669	-0.219223	0.995110	0.062427	-0.076537
46298	9.049419	-2.568689	0.578154	-0.413590	-0.613760	-0.116536	0.094349	-0.213269	0.972427	0.040342	-0.975163	-0.217783	0.994721	0.059777	-0.083402
46299	9.093510	-2.688743	0.355260	-0.439551	-0.575372	-0.118542	0.100082	-0.211830	0.972169	0.036137	-0.975656	-0.216310	0.994323	0.056780	-0.089991
46300	9.213495	-2.519576	0.235084	-0.435958	-0.573584	-0.128800	0.105744	-0.210278	0.971906	0.031996	-0.976160	-0.214680	0.993878	0.053798	-0.096495
46301	9.332633	-2.440724	0.033542	-0.437176	-0.542766	-0.148379	0.111149	-0.208598	0.971665	0.027864	-0.976685	-0.212863	0.993413	0.050734	-0.102745
46302	9.147876	-2.449989	-0.250404	-0.421709	-0.505727	-0.145007	0.116134	-0.206959	0.971432	0.023896	-0.977185	-0.211041	0.992946	0.047722	-0.108539
46303	9.078584	-2.529023	-0.539836	-0.431255	-0.535525	-0.143033	0.121475	-0.205366	0.971117	0.019835	-0.977665	-0.209232	0.992396	0.044678	-0.114688
46304	8.580598	-2.724625	-0.718760	-0.418663	-0.523492	-0.143791	0.126640	-0.203764	0.970795	0.015910	-0.978131	-0.207379	0.991821	0.041708	-0.120629
46305	8.982971	-2.709195	-0.783908	-0.329313	-0.657012	-0.163111	0.133185	-0.201953	0.970297	0.012907	-0.978583	-0.205449	0.991007	0.039886	-0.127726
46306	9.880861	-2.594384	-0.244334	-0.312860	-0.734309	-0.167144	0.140435	-0.200065	0.969666	0.010081	-0.979032	-0.203457	0.990039	0.038348	-0.135474
46307	9.609989	-2.799789	-0.112884	-0.282185	-0.508706	-0.142686	0.145512	-0.198530	0.969233	0.007541	-0.979409	-0.201746	0.989328	0.036666	-0.141019
46308	9.340198	-2.801250	-0.191017	-0.268468	-0.573073	-0.141263	0.151162	-0.196980	0.968684	0.005133	-0.979775	-0.200036	0.988496	0.035211	-0.147094
46309	9.710933	-2.544601	0.132767	-0.230606	-0.644775	-0.149774	0.157580	-0.195341	0.967993	0.003135	-0.980136	-0.198302	0.987501	0.034283	-0.153838
46310	9.830272	-2.373596	0.429139	-0.249226	-0.555320	-0.172425	0.163046	-0.193509	0.967456	0.000982	-0.980545	-0.196292	0.986618	0.032954	-0.159684
46311	9.569206	-2.305096	0.243479	-0.295615	-0.483677	-0.174993	0.167870	-0.191691	0.966992	-0.001597	-0.980964	-0.194184	0.985808	0.031054	-0.164981
46312	9.967114	-2.244218	0.221390	-0.364233	-0.542406	-0.184622	0.173203	-0.189766	0.966431	-0.004846	-0.981414	-0.191840	0.984874	0.028544	-0.170904
46313	10.051547	-2.137995	0.221463	-0.373932	-0.438698	-0.196408	0.177588	-0.187773	0.966025	-0.008136	-0.981874	-0.189358	0.984071	0.025768	-0.175897
46314	10.171955	-1.875597	0.272732	-0.396854	-0.412625	-0.202713	0.181645	-0.185733	0.965665	-0.011656	-0.982339	-0.186747	0.983295	0.022666	-0.180602
46315	9.951990	-1.913788	-0.233347	-0.438850	-0.266879	-0.202947	0.184349	-0.183737	0.965534	-0.015552	-0.982793	-0.184053	0.982738	0.018914	-0.184034
46316	9.401507	-2.061298	-0.875745	-0.487434	-0.278929	-0.200534	0.187098	-0.181772	0.965377	-0.019951	-0.983232	-0.181267	0.982139	0.014654	-0.187587
46317	9.933486	-2.584302	-0.802739	-0.566492	-0.513754	-0.220731	0.192242	-0.179592	0.964774	-0.025047	-0.983690	-0.178122	0.981028	0.010078	-0.193605
46318	10.422633	-3.187146	-0.513035	-0.548812	-0.484179	-0.215921	0.197019	-0.177486	0.964200	-0.029997	-0.984108	-0.175021	0.979941	0.005559	-0.199212
46319	10.224099	-3.269368	-0.696849	-0.472931	-0.324294	-0.213701	0.200316	-0.175427	0.963898	-0.034160	-0.984491	-0.172075	0.979136	0.001543	-0.203201
46320	10.019725	-2.942894	-0.726571	-0.398486	-0.391855	-0.247079	0.204204	-0.173059	0.963510	-0.037559	-0.984910	-0.168943	0.978208	-0.001690	-0.207622
46321	10.539762	-2.751457	-0.131982	-0.396646	-0.544210	-0.283672	0.209686	-0.170337	0.962817	-0.040805	-0.985375	-0.165442	0.976917	-0.004597	-0.213570
46322	11.251420	-2.849382	0.482222	-0.429160	-0.477412	-0.312520	0.214439	-0.167360	0.962292	-0.044342	-0.985863	-0.161578	0.975730	-0.008021	-0.218829
46323	11.656823	-2.873873	0.847706	-0.436782	-0.313901	-0.340646	0.217708	-0.164088	0.962122	-0.047821	-0.986376	-0.157404	0.974842	-0.011742	-0.222589
46324	11.879896	-2.634783	1.564711	-0.422933	-0.307683	-0.377173	0.220844	-0.160489	0.962014	-0.051136	-0.986917	-0.152904	0.973968	-0.015425	-0.226161
46325	11.928280	-2.410694	2.706956	-0.396915	-0.196409	-0.415005	0.223024	-0.156482	0.962171	-0.054035	-0.987499	-0.148076	0.973314	-0.018967	-0.228691
46326	12.182689	-2.012899	3.481777	-0.395504	0.025782	-0.482815	0.222981	-0.151793	0.962932	-0.056839	-0.988146	-0.142606	0.973164	-0.022934	-0.228965
46327	12.183962	-1.472110	3.949253	-0.396970	0.377737	-0.514889	0.219652	-0.146666	0.964491	-0.059520	-0.988808	-0.136808	0.973761	-0.027356	-0.225923
46328	12.601131	-0.851983	4.449885	-0.334142	0.589187	-0.497131	0.214139	-0.141662	0.966476	-0.061738	-0.989412	-0.131345	0.974850	-0.031542	-0.220618
46329	12.324466	-0.713146	4.295592	-0.214801	1.083591	-0.460816	0.203900	-0.136798	0.969387	-0.062826	-0.989977	-0.126489	0.976974	-0.035112	-0.210451
46330	11.328497	-0.624279	4.219156	-0.172124	1.474199	-0.409620	0.189647	-0.132278	0.972901	-0.063747	-0.990451	-0.122238	0.979781	-0.038838	-0.196269
46331	10.797901	-1.142577	3.509674	-0.260733	1.596745	-0.326019	0.174240	-0.128450	0.976289	-0.065666	-0.990764	-0.118635	0.982511	-0.043438	-0.181066
46332	10.611965	-2.022542	2.698793	-0.492788	1.697068	-0.189672	0.157573	-0.125850	0.979455	-0.070246	-0.990762	-0.116002	0.985006	-0.050524	-0.164957
46333	10.053444	-2.900441	1.357169	-0.587602	1.913527	-0.026104	0.138769	-0.124605	0.982454	-0.075953	-0.990470	-0.114894	0.987408	-0.058677	-0.146910
46334	9.595907	-3.688925	0.360966	-0.621522	1.831364	0.140665	0.120445	-0.124926	0.984828	-0.082335	-0.989889	-0.115498	0.989300	-0.067175	-0.129513
46335	10.058063	-4.307791	-0.209103	-0.553397	1.661260	0.331892	0.103763	-0.127091	0.986449	-0.088135	-0.989076	-0.118159	0.990689	-0.074680	-0.113831
46336	10.654810	-4.517851	-0.816384	-0.363627	1.745443	0.514945	0.085876	-0.130917	0.987667	-0.092299	-0.988111	-0.122951	0.992021	-0.080602	-0.096939
46337	10.438742	-4.141658	-1.470513	-0.153263	1.806923	0.662239	0.067369	-0.136026	0.988412	-0.094275	-0.987098	-0.129419	0.993264	-0.084464	-0.079324
46338	10.449239	-3.169645	-1.942608	0.192702	1.666728	0.740089	0.049988	-0.142016	0.988601	-0.092879	-0.986210	-0.136976	0.994422	-0.084973	-0.062489
46339	10.821258	-2.374747	-2.238699	0.373478	1.508242	0.761342	0.034335	-0.148312	0.988344	-0.089429	-0.985416	-0.144765	0.995401	-0.083416	-0.047098
46340	10.757839	-1.726890	-2.480936	0.591609	1.465027	0.722511	0.018997	-0.154333	0.987836	-0.083816	-0.984782	-0.152244	0.996300	-0.079904	-0.031644
46341	10.307291	-0.923730	-2.746225	0.739261	1.322938	0.659780	0.005331	-0.159867	0.987124	-0.076471	-0.984313	-0.158998	0.997058	-0.074639	-0.017472
46342	10.294773	-0.384951	-2.658271	0.738007	1.163230	0.518108	-0.006765	-0.164222	0.986400	-0.069185	-0.983982	-0.164294	0.997581	-0.069356	-0.004706
46343	10.249627	-0.522116	-2.862437	0.633413	1.143925	0.395843	-0.018390	-0.167408	0.985716	-0.062757	-0.983746	-0.168244	0.997859	-0.064955	0.007585
46344	10.252527	-1.000253	-3.063166	0.647978	1.010472	0.308832	-0.028766	-0.169898	0.985042	-0.056283	-0.983611	-0.171295	0.998000	-0.060369	0.018732
46345	10.860542	-1.910551	-2.735416	0.759263	0.886397	0.283388	-0.037712	-0.172235	0.984334	-0.048552	-0.983555	-0.173959	0.998109	-0.054351	0.028729
46346	11.578317	-2.934788	-2.427273	1.028211	1.060259	0.289703	-0.048519	-0.174633	0.983438	-0.038221	-0.983551	-0.176539	0.998091	-0.046153	0.041046
46347	11.367408	-3.402695	-2.465687	1.364743	1.278842	0.312830	-0.061329	-0.177249	0.982253	-0.024369	-0.983547	-0.179004	0.997820	-0.034914	0.056000
46348	11.430092	-3.213472	-2.218649	1.755371	1.254317	0.366982	-0.073990	-0.180595	0.980771	-0.006667	-0.983355	-0.181574	0.997237	-0.019974	0.071554
46349	11.395241	-2.458514	-1.804396	2.013221	1.350157	0.393849	-0.087381	-0.184371	0.978965	0.013778	-0.982853	-0.183873	0.996080	-0.002578	0.088423
46350	10.845404	-1.623902	-1.308435	2.145946	1.436692	0.396520	-0.101665	-0.188440	0.976808	0.035453	-0.981958	-0.185743	0.994187	0.015748	0.106511
46351	10.074515	-1.185512	-0.970159	2.142258	1.491357	0.372301	-0.116246	-0.192518	0.974384	0.057194	-0.980704	-0.186944	0.991572	0.033997	0.125014
46352	9.799007	-1.068822	-0.701625	2.135169	1.463319	0.358667	-0.130564	-0.196733	0.971725	0.078728	-0.979077	-0.187643	0.988309	0.052002	0.143320
46353	9.540341	-1.061380	-0.399540	2.107124	1.449874	0.357780	-0.144489	-0.201167	0.968842	0.100069	-0.977067	-0.187951	0.984433	0.069794	0.161306
46354	9.093763	-0.845924	-0.228980	2.090998	1.437491	0.356193	-0.158282	-0.205833	0.965702	0.121110	-0.974693	-0.187899	0.979938	0.087215	0.179205
46355	8.501548	-0.538448	-0.123704	2.020473	1.442319	0.326503	-0.171893	-0.210440	0.962376	0.141464	-0.972065	-0.187292	0.974905	0.103948	0.196861
46356	8.128414	-0.154726	0.042037	1.950471	1.437996	0.277224	-0.185513	-0.214793	0.958879	0.160896	-0.969287	-0.185996	0.969380	0.119776	0.214375
46357	7.777090	0.390489	0.131231	1.881436	1.433834	0.245012	-0.198893	-0.219038	0.955230	0.179617	-0.966340	-0.184187	0.963421	0.134942	0.231542
46358	7.579659	0.724597	0.174687	1.747809	1.399766	0.188774	-0.212032	-0.222887	0.951506	0.196778	-0.963439	-0.181833	0.957246	0.148682	0.248139
46359	7.233927	0.936536	0.285541	1.553850	1.365104	0.119275	-0.224753	-0.226192	0.947799	0.211933	-0.960747	-0.179026	0.951089	0.160633	0.263868
46360	7.106137	0.890811	0.299299	1.347320	1.272221	0.043157	-0.236764	-0.228745	0.944255	0.224813	-0.958411	-0.175805	0.945200	0.170656	0.278342
46361	7.066777	0.877557	0.336906	1.138487	1.171918	-0.021607	-0.247797	-0.230632	0.940960	0.235558	-0.956448	-0.172395	0.939739	0.178932	0.291332
46362	7.051000	0.755474	0.178526	0.927508	1.048731	-0.056620	-0.257797	-0.232024	0.937926	0.244130	-0.954882	-0.169117	0.934848	0.185378	0.302809
46363	7.304010	0.683541	0.062741	0.769629	0.899406	-0.071859	-0.266302	-0.233073	0.935286	0.251189	-0.953578	-0.166111	0.930585	0.190697	0.312485
46364	7.385595	0.551422	-0.121071	0.640645	0.789966	-0.091778	-0.273896	-0.233738	0.932924	0.256928	-0.952547	-0.163223	0.926806	0.194988	0.320953
46365	7.219906	0.757680	-0.250675	0.506107	0.605113	-0.106853	-0.279710	-0.233954	0.931143	0.261384	-0.951777	-0.160620	0.923819	0.198459	0.327373
46366	7.089065	0.933724	-0.246248	0.324084	0.332694	-0.156232	-0.283206	-0.233141	0.930290	0.263990	-0.951482	-0.158086	0.922011	0.200816	0.331012
46367	7.209323	0.782310	-0.183984	0.221408	0.107973	-0.219604	-0.284720	-0.231313	0.930284	0.265476	-0.951521	-0.155342	0.921117	0.202739	0.332325
46368	6.942633	0.340001	-0.285390	0.112173	0.035130	-0.235953	-0.285676	-0.229143	0.930528	0.265907	-0.951820	-0.152751	0.920697	0.203797	0.332843
46369	6.743164	0.445138	0.069667	-0.002991	-0.085823	-0.171651	-0.285279	-0.227377	0.931083	0.265459	-0.952193	-0.151197	0.920949	0.204031	0.332000
46370	6.765857	0.847015	1.277865	-0.245572	-0.218047	-0.127304	-0.283604	-0.225721	0.931997	0.262919	-0.952961	-0.150793	0.922194	0.202275	0.329610
46371	7.014478	0.482690	2.972650	-0.595682	-0.347371	-0.147333	-0.280717	-0.223665	0.933366	0.257072	-0.954459	-0.151404	0.924723	0.197440	0.325430
46372	8.369068	-2.321102	7.150944	-1.027124	-0.578613	-0.139905	-0.275702	-0.221206	0.935444	0.247258	-0.956735	-0.153367	0.928898	0.189013	0.318469
46373	11.332511	-5.709854	11.155235	-1.173829	-0.537549	-0.060798	-0.270783	-0.219679	0.937239	0.236232	-0.959006	-0.156530	0.933205	0.179020	0.311578
46374	13.039941	-7.245614	10.932793	-0.586671	0.237549	0.028295	-0.272948	-0.220373	0.936448	0.230900	-0.959963	-0.158606	0.933908	0.172935	0.312904
46375	12.062544	-5.298628	10.102730	0.391217	0.720775	0.070071	-0.279445	-0.222345	0.934063	0.234811	-0.959105	-0.158057	0.931007	0.175160	0.320226
46376	10.525095	-2.270703	9.863711	0.886438	0.865357	0.049344	-0.287398	-0.224376	0.931159	0.243215	-0.957405	-0.155634	0.926417	0.181743	0.329727
46377	8.575565	-0.498373	8.762779	0.987386	0.943921	0.062581	-0.295901	-0.226769	0.927911	0.252589	-0.955410	-0.152942	0.921217	0.189124	0.339986
46378	6.283308	-0.318793	6.562698	0.879264	0.499631	0.088386	-0.300316	-0.228589	0.926044	0.260953	-0.953510	-0.150741	0.917450	0.196384	0.346005
46379	5.634471	-0.740215	4.590804	0.734978	-0.196373	0.139251	-0.298085	-0.229565	0.926523	0.268177	-0.951695	-0.149523	0.916093	0.203902	0.345251
46380	5.339689	-0.793363	2.219080	0.626764	-0.876159	0.207176	-0.289549	-0.229724	0.929187	0.274541	-0.949914	-0.149298	0.916945	0.211871	0.338115
