// General information: 
//  MT Manager version: 2022.2.0 
//  XDA version: 2022.2.0 build 7381 rev 124627 built on 2023-07-19
// Device information: 
//  DeviceId: 00B4CBA7
//  ProductCode: MTW2-3A7G6
//  Firmware Version: 4.6.0
//  Hardware Version: 2.0.0
// Device settings: 
//  Filter Profile: human(46.1)
//  Option Flags: Orientation Smoother Disabled, Position/Velocity Smoother Disabled, Continuous Zero Rotation Update Disabled, AHS Disabled, ICC Disabled
// Coordinate system: ENU
PacketCounter	Acc_X	Acc_Y	Acc_Z	Gyr_X	Gyr_Y	Gyr_Z	Mat[1][1]	Mat[2][1]	Mat[3][1]	Mat[1][2]	Mat[2][2]	Mat[3][2]	Mat[1][3]	Mat[2][3]	Mat[3][3]
29814	9.591955	0.108387	-2.044600	0.101377	-0.062337	-0.027038	-0.156872	-0.125650	0.979594	-0.610412	0.792075	0.003846	-0.776395	-0.597352	-0.200952
29815	9.599581	0.138775	-1.927376	0.077688	-0.058223	-0.033379	-0.157123	-0.126271	0.979473	-0.611072	0.791565	0.004021	-0.775825	-0.597897	-0.201534
29816	9.708308	0.036025	-1.856189	0.020168	-0.022994	-0.026771	-0.156804	-0.126600	0.979482	-0.611186	0.791474	0.004455	-0.775799	-0.597947	-0.201483
29817	9.555874	0.128423	-1.795494	-0.001249	-0.006441	-0.019750	-0.156734	-0.126805	0.979467	-0.611212	0.791453	0.004658	-0.775793	-0.597932	-0.201552
29818	9.503426	0.081976	-1.883068	0.004244	-0.019033	-0.020221	-0.156672	-0.126951	0.979458	-0.611208	0.791455	0.004816	-0.775808	-0.597898	-0.201592
29819	9.592803	0.025621	-1.906770	0.022065	-0.023034	-0.023930	-0.156706	-0.127287	0.979409	-0.611421	0.791290	0.005011	-0.775634	-0.598046	-0.201825
29820	9.532114	0.083886	-1.869932	0.048699	-0.029043	-0.030252	-0.156602	-0.127784	0.979360	-0.611846	0.790958	0.005366	-0.775319	-0.598378	-0.202050
29821	9.568115	0.031808	-1.906467	0.056109	-0.037087	-0.029501	-0.156710	-0.128250	0.979282	-0.612332	0.790581	0.005548	-0.774914	-0.598777	-0.202423
29822	9.514667	-0.087295	-1.969376	0.068003	-0.042303	-0.030904	-0.156829	-0.128696	0.979205	-0.612904	0.790137	0.005685	-0.774437	-0.599267	-0.202795
29823	9.581772	0.007674	-1.942982	0.104426	-0.045639	-0.033897	-0.156976	-0.129248	0.979109	-0.613771	0.789463	0.005811	-0.773721	-0.600036	-0.203255
29824	9.576784	0.229580	-1.952161	0.105266	-0.044033	-0.027871	-0.157093	-0.129619	0.979041	-0.614596	0.788821	0.005819	-0.773042	-0.600800	-0.203582
29825	9.590229	0.256029	-1.910672	0.082059	-0.046022	-0.027971	-0.157279	-0.130125	0.978944	-0.615278	0.788288	0.005930	-0.772461	-0.601390	-0.204044
29826	9.530741	0.207626	-2.025163	0.063573	-0.052804	-0.025489	-0.157428	-0.130707	0.978842	-0.615829	0.787856	0.006160	-0.771992	-0.601830	-0.204523
29827	9.542444	0.085158	-2.030110	0.064438	-0.054485	-0.030183	-0.157664	-0.131282	0.978727	-0.616379	0.787424	0.006329	-0.771505	-0.602269	-0.205068
29828	9.554506	0.107145	-2.090637	0.075932	-0.068919	-0.031346	-0.157868	-0.131891	0.978612	-0.616992	0.786942	0.006527	-0.770972	-0.602766	-0.205609
29829	9.536372	0.058463	-2.142223	0.084739	-0.075523	-0.032328	-0.158252	-0.132610	0.978453	-0.617701	0.786385	0.006674	-0.770326	-0.603335	-0.206361
29830	9.533192	-0.017873	-2.223046	0.115769	-0.089425	-0.037537	-0.158800	-0.133301	0.978271	-0.618615	0.785666	0.006639	-0.769479	-0.604118	-0.207225
29831	9.554667	-0.019611	-2.237901	0.156860	-0.094493	-0.039615	-0.159284	-0.134191	0.978070	-0.619888	0.784662	0.006704	-0.768354	-0.605226	-0.208168
29832	9.558233	0.106768	-2.176900	0.181454	-0.091084	-0.041314	-0.159390	-0.134900	0.977955	-0.621191	0.783629	0.006851	-0.767279	-0.606405	-0.208701
29833	9.544299	0.123148	-2.334677	0.182247	-0.086420	-0.036897	-0.159823	-0.135720	0.977771	-0.622650	0.782470	0.006835	-0.766005	-0.607717	-0.209563
29834	9.813283	0.103988	-1.882007	0.117223	-0.055721	-0.038465	-0.159884	-0.136408	0.977666	-0.623532	0.781765	0.007104	-0.765274	-0.608470	-0.210046
29835	9.626420	0.202684	-1.762051	0.027393	0.022804	-0.022632	-0.159568	-0.136453	0.977711	-0.623781	0.781565	0.007273	-0.765137	-0.608717	-0.209829
29836	9.489199	0.248867	-1.625110	0.004267	-0.000568	-0.014407	-0.159419	-0.136473	0.977732	-0.623802	0.781548	0.007379	-0.765152	-0.608735	-0.209726
29837	9.496523	0.143830	-1.749609	-0.013284	-0.007516	-0.016572	-0.159373	-0.136654	0.977715	-0.623729	0.781604	0.007573	-0.765220	-0.608622	-0.209802
29838	9.558244	0.185050	-1.819931	0.010331	-0.027122	-0.017594	-0.159188	-0.136910	0.977709	-0.623709	0.781617	0.007900	-0.765276	-0.608548	-0.209816
29839	9.515078	0.258083	-1.915820	0.012443	-0.039625	-0.020628	-0.159360	-0.137318	0.977624	-0.623839	0.781511	0.008081	-0.765133	-0.608592	-0.210206
29840	9.540790	0.174176	-2.075438	0.009033	-0.048698	-0.019949	-0.159407	-0.137960	0.977526	-0.623890	0.781465	0.008551	-0.765082	-0.608505	-0.210643
29841	9.523025	0.125435	-2.124359	0.020802	-0.052398	-0.022929	-0.159661	-0.138467	0.977413	-0.624089	0.781304	0.008739	-0.764867	-0.608597	-0.211159
29842	9.506744	0.154498	-2.101102	0.033560	-0.051367	-0.019999	-0.159702	-0.138929	0.977340	-0.624260	0.781164	0.009035	-0.764719	-0.608671	-0.211481
29843	9.541943	0.173280	-2.167261	0.027585	-0.054116	-0.017603	-0.160001	-0.139404	0.977224	-0.624503	0.780969	0.009158	-0.764458	-0.608814	-0.212014
29844	9.573524	0.089401	-2.303922	0.034352	-0.046669	-0.015604	-0.160156	-0.139814	0.977140	-0.624696	0.780812	0.009333	-0.764268	-0.608920	-0.212393
29845	9.542660	0.091432	-2.325457	0.040654	-0.040820	-0.016587	-0.160359	-0.140201	0.977051	-0.625037	0.780538	0.009418	-0.763946	-0.609183	-0.212798
29846	9.526608	0.119477	-2.301060	0.054789	-0.038352	-0.015431	-0.160363	-0.140356	0.977028	-0.625312	0.780318	0.009463	-0.763720	-0.609430	-0.212901
29847	9.521299	0.089610	-2.024078	0.061355	-0.043465	-0.022321	-0.160549	-0.140802	0.976933	-0.625819	0.779910	0.009559	-0.763266	-0.609849	-0.213330
29848	9.566621	0.193678	-1.893718	0.055459	-0.049256	-0.018300	-0.160626	-0.141293	0.976850	-0.626137	0.779652	0.009813	-0.762989	-0.610065	-0.213701
29849	9.508213	0.149560	-1.906829	0.041150	-0.060923	-0.017624	-0.160972	-0.141810	0.976718	-0.626482	0.779373	0.009907	-0.762632	-0.610302	-0.214299
29850	9.523989	0.147243	-1.942968	0.046215	-0.070545	-0.022649	-0.161177	-0.142483	0.976586	-0.626796	0.779116	0.010225	-0.762331	-0.610472	-0.214884
29851	9.500953	0.175339	-1.945736	0.061534	-0.083795	-0.030475	-0.161615	-0.143241	0.976403	-0.627317	0.778694	0.010402	-0.761809	-0.610833	-0.215706
29852	9.571755	0.140117	-2.048270	0.050909	-0.089402	-0.027354	-0.161905	-0.144004	0.976243	-0.627636	0.778433	0.010735	-0.761485	-0.610987	-0.216415
29853	9.505649	0.112827	-2.189948	0.071235	-0.088727	-0.025464	-0.162409	-0.144754	0.976048	-0.628224	0.777957	0.010842	-0.760893	-0.611416	-0.217285
29854	9.547922	0.210733	-2.164561	0.081674	-0.087749	-0.028432	-0.162841	-0.145793	0.975821	-0.628848	0.777448	0.011216	-0.760285	-0.611817	-0.218282
29855	9.599515	0.099657	-2.308921	0.060762	-0.080578	-0.025827	-0.163280	-0.146499	0.975642	-0.629357	0.777034	0.011350	-0.759770	-0.612174	-0.219074
29856	9.512441	0.135251	-2.268815	0.078290	-0.069021	-0.025455	-0.163370	-0.146966	0.975557	-0.629801	0.776671	0.011536	-0.759382	-0.612522	-0.219444
29857	9.527834	0.186820	-2.231786	0.075452	-0.064269	-0.025213	-0.163686	-0.147567	0.975413	-0.630420	0.776167	0.011632	-0.758800	-0.613016	-0.220076
29858	9.514169	0.167726	-2.182627	0.068907	-0.059145	-0.018313	-0.163796	-0.148175	0.975303	-0.630874	0.775794	0.011913	-0.758399	-0.613341	-0.220552
29859	9.540181	0.214286	-2.198084	0.064410	-0.052818	-0.019440	-0.164059	-0.148661	0.975184	-0.631399	0.775366	0.011978	-0.757905	-0.613765	-0.221070
29860	9.639605	0.261255	-2.131484	0.042554	-0.036304	-0.015442	-0.164138	-0.148830	0.975145	-0.631656	0.775156	0.011986	-0.757674	-0.613989	-0.221242
29861	9.739968	0.362656	-1.988207	-0.048911	0.016339	0.009234	-0.164057	-0.148668	0.975184	-0.631274	0.775467	0.012021	-0.758010	-0.613636	-0.221071
29862	10.239107	0.264619	-1.430542	-0.236644	0.109549	0.061184	-0.163606	-0.147729	0.975402	-0.629351	0.777026	0.012122	-0.759704	-0.611888	-0.220100
29863	9.530645	0.711358	-1.386308	-0.447456	0.265742	0.126746	-0.162364	-0.145132	0.975999	-0.625743	0.779939	0.011881	-0.762944	-0.608796	-0.217449
29864	8.760302	0.370841	-1.845660	-0.442493	0.148628	0.087781	-0.161793	-0.143529	0.976331	-0.622164	0.782795	0.011976	-0.765986	-0.605501	-0.215949
29865	9.567173	-0.000444	-1.635891	-0.373420	0.067190	0.043666	-0.161535	-0.142792	0.976482	-0.619233	0.785110	0.012371	-0.768412	-0.602672	-0.215244
29866	9.344274	-0.120672	-1.944341	-0.300008	0.057346	0.031034	-0.161112	-0.142185	0.976640	-0.616780	0.787031	0.012833	-0.770471	-0.600304	-0.214497
29867	9.381386	-0.277859	-2.125080	-0.212003	-0.019520	0.011767	-0.161321	-0.142221	0.976601	-0.615131	0.788315	0.013190	-0.771745	-0.598609	-0.214656
29868	9.542509	-0.295699	-2.274032	-0.094891	-0.056090	-0.010801	-0.161681	-0.142744	0.976465	-0.614383	0.788891	0.013596	-0.772265	-0.597725	-0.215248
29869	9.550315	-0.133573	-2.490421	0.008462	-0.076214	-0.014970	-0.162164	-0.143330	0.976299	-0.614478	0.788815	0.013741	-0.772088	-0.597686	-0.215990
29870	9.543435	-0.036833	-2.550029	0.083409	-0.079868	-0.029577	-0.162484	-0.143824	0.976173	-0.615097	0.788331	0.013765	-0.771527	-0.598205	-0.216557
29871	9.626589	-0.017255	-2.531657	0.132286	-0.091539	-0.040530	-0.162927	-0.144702	0.975969	-0.616188	0.787477	0.013890	-0.770563	-0.599117	-0.217465
29872	9.555953	-0.092552	-2.670459	0.171451	-0.079412	-0.039911	-0.163284	-0.145429	0.975802	-0.617565	0.786398	0.013862	-0.769384	-0.600358	-0.218218
29873	9.520797	0.081065	-2.674645	0.191492	-0.075731	-0.041158	-0.163598	-0.146218	0.975631	-0.619108	0.785183	0.013860	-0.768076	-0.601754	-0.218979
29874	9.569485	0.169810	-2.344284	0.166970	-0.073127	-0.040966	-0.163994	-0.146901	0.975462	-0.620397	0.784167	0.013792	-0.766951	-0.602911	-0.219735
29875	9.806500	0.241983	-2.063898	0.082823	-0.035133	-0.025822	-0.164090	-0.147325	0.975382	-0.621078	0.783626	0.013876	-0.766379	-0.603511	-0.220086
29876	9.487299	0.414862	-2.082429	-0.039434	0.044668	-0.009627	-0.163689	-0.147168	0.975473	-0.620706	0.783916	0.014111	-0.766766	-0.603172	-0.219666
29877	9.326202	0.278502	-2.156043	-0.062764	0.009906	-0.022546	-0.163460	-0.147295	0.975492	-0.620265	0.784258	0.014483	-0.767171	-0.602697	-0.219557
29878	9.471845	-0.047926	-2.157703	-0.097929	0.009676	-0.031633	-0.163187	-0.147376	0.975526	-0.619440	0.784901	0.014958	-0.767896	-0.601839	-0.219376
29879	9.429245	-0.283465	-2.136733	-0.052401	-0.004938	-0.043635	-0.162942	-0.147758	0.975509	-0.619112	0.785149	0.015512	-0.768212	-0.601422	-0.219413
29880	9.486181	-0.393421	-2.352780	-0.009868	-0.023982	-0.053588	-0.162730	-0.148196	0.975478	-0.618970	0.785251	0.016039	-0.768372	-0.601182	-0.219513
29881	9.470569	-0.635822	-2.417989	0.053683	-0.031773	-0.071300	-0.162520	-0.148955	0.975397	-0.619502	0.784819	0.016630	-0.767988	-0.601557	-0.219827
29882	9.433617	-0.852328	-2.478059	0.165174	-0.040038	-0.087826	-0.162421	-0.149766	0.975289	-0.620884	0.783719	0.016949	-0.766892	-0.602789	-0.220280
29883	9.671392	-0.225271	-2.013500	0.297322	-0.031961	-0.093705	-0.162072	-0.150699	0.975204	-0.623316	0.781781	0.017219	-0.764990	-0.605069	-0.220638
29884	9.619279	0.620570	-1.935255	0.307857	0.007838	-0.085391	-0.161419	-0.151166	0.975240	-0.625719	0.779857	0.017314	-0.763165	-0.607431	-0.220471
29885	9.598473	0.895169	-1.918635	0.269365	-0.002525	-0.070578	-0.160984	-0.151737	0.975223	-0.627888	0.778109	0.017420	-0.761473	-0.609527	-0.220537
29886	9.532064	0.676311	-1.992169	0.193284	0.014554	-0.068411	-0.160368	-0.151873	0.975303	-0.629310	0.776957	0.017510	-0.760428	-0.610961	-0.220174
29887	9.470929	1.002992	-1.307038	0.149254	-0.000309	-0.058866	-0.159987	-0.152335	0.975294	-0.630540	0.775953	0.017765	-0.759489	-0.612120	-0.220196
29888	9.450859	0.739384	-1.289295	-0.022447	-0.023248	-0.033219	-0.159800	-0.152827	0.975248	-0.630230	0.776191	0.018366	-0.759785	-0.611696	-0.220351
29889	9.324744	0.155480	-1.735142	-0.083477	-0.066793	-0.026617	-0.160127	-0.153446	0.975097	-0.629640	0.776659	0.018822	-0.760206	-0.610946	-0.220979
29890	9.446047	0.317281	-1.811206	-0.040978	-0.105695	-0.031214	-0.160590	-0.154388	0.974872	-0.629245	0.776965	0.019391	-0.760435	-0.610319	-0.221921
29891	9.575650	0.504685	-1.864798	-0.085739	-0.051260	-0.025210	-0.160807	-0.154902	0.974755	-0.628635	0.777447	0.019840	-0.760893	-0.609575	-0.222395
29892	9.369128	0.587566	-1.994117	-0.041108	-0.071423	-0.019933	-0.161125	-0.155429	0.974618	-0.628285	0.777722	0.020160	-0.761116	-0.609090	-0.222964
29893	9.494312	0.424368	-2.131132	0.023788	-0.094213	-0.023558	-0.161679	-0.156191	0.974405	-0.628505	0.777539	0.020349	-0.760816	-0.609129	-0.223878
29894	9.502150	0.474663	-2.121232	0.117787	-0.111761	-0.019053	-0.162176	-0.156953	0.974200	-0.629220	0.776959	0.020428	-0.760119	-0.609673	-0.224762
29895	9.588390	0.582601	-2.215436	0.171551	-0.128588	0.006405	-0.163176	-0.157692	0.973913	-0.630514	0.775920	0.019993	-0.758832	-0.610803	-0.226039
29896	9.599896	0.481210	-2.507773	0.191839	-0.133270	0.031503	-0.164266	-0.158249	0.973640	-0.631728	0.774948	0.019374	-0.757586	-0.611893	-0.227268
29897	9.606159	0.413141	-2.648268	0.196682	-0.136155	0.044817	-0.165563	-0.158740	0.973340	-0.633144	0.773812	0.018504	-0.756120	-0.613201	-0.228620
29898	9.522404	0.261378	-2.986113	0.154671	-0.120447	0.048666	-0.166768	-0.158926	0.973104	-0.634198	0.772971	0.017554	-0.754971	-0.614213	-0.229697
29899	9.506718	0.455326	-2.929750	0.122636	-0.116014	0.049962	-0.167943	-0.159256	0.972848	-0.635041	0.772296	0.016798	-0.754002	-0.614977	-0.230836
29900	9.524546	0.271118	-2.986596	0.062019	-0.095301	0.040863	-0.169006	-0.159411	0.972638	-0.635264	0.772126	0.016165	-0.753576	-0.615150	-0.231762
29901	9.469484	0.005782	-2.913546	0.087213	-0.092035	0.032531	-0.169890	-0.159729	0.972432	-0.635866	0.771641	0.015657	-0.752869	-0.615676	-0.232660
29902	9.459955	0.351662	-2.534598	0.119629	-0.104097	0.036056	-0.170890	-0.160070	0.972201	-0.636462	0.771160	0.015094	-0.752139	-0.616189	-0.233662
29903	9.529034	0.344197	-2.209972	0.066680	-0.127973	0.039897	-0.172090	-0.160553	0.971909	-0.636895	0.770813	0.014562	-0.751498	-0.616499	-0.234905
29904	9.544873	0.235691	-1.686991	0.107953	-0.157726	0.035057	-0.173432	-0.161172	0.971568	-0.637445	0.770368	0.014006	-0.750723	-0.616892	-0.236345
29905	9.648860	0.426000	-1.056273	0.023253	-0.139956	0.042033	-0.174735	-0.161713	0.971245	-0.637547	0.770293	0.013554	-0.750335	-0.616846	-0.237696
29906	9.306499	0.290669	-0.881361	-0.023325	-0.126568	0.057581	-0.175926	-0.162049	0.970974	-0.637200	0.770587	0.013154	-0.750351	-0.616390	-0.238824
29907	9.311466	0.380140	-0.648435	0.002799	-0.191160	0.054645	-0.177692	-0.162807	0.970525	-0.637124	0.770658	0.012629	-0.749999	-0.616101	-0.240668
29908	9.339293	0.509375	-0.788040	0.050124	-0.233105	0.063165	-0.179788	-0.163915	0.969953	-0.637136	0.770656	0.012138	-0.749489	-0.615809	-0.242991
29909	9.384044	0.628715	-1.295163	0.085438	-0.272954	0.073352	-0.182283	-0.165034	0.969297	-0.637644	0.770250	0.011231	-0.748454	-0.616019	-0.245636
29910	9.422953	0.532752	-1.996082	0.096457	-0.297913	0.081949	-0.184756	-0.166148	0.968638	-0.637917	0.770035	0.010407	-0.747615	-0.615988	-0.248257
29911	9.472709	0.563376	-2.609677	0.128187	-0.309510	0.100810	-0.187692	-0.167282	0.967878	-0.638687	0.769412	0.009126	-0.746224	-0.616458	-0.251254
29912	9.535326	0.751885	-3.060939	0.114699	-0.316146	0.115533	-0.190593	-0.168205	0.967151	-0.639029	0.769143	0.007837	-0.745196	-0.616543	-0.254082
29913	9.532822	0.764019	-3.326267	0.090983	-0.302281	0.127953	-0.193643	-0.169088	0.966391	-0.639461	0.768797	0.006382	-0.744038	-0.616733	-0.256997
29914	9.430766	0.671125	-3.216178	0.042346	-0.284226	0.137936	-0.196435	-0.169559	0.965745	-0.639126	0.769086	0.005031	-0.743593	-0.616244	-0.259445
29915	9.410292	0.226064	-3.132250	-0.015432	-0.276762	0.142118	-0.199380	-0.170172	0.965033	-0.638730	0.769422	0.003714	-0.743150	-0.615655	-0.262101
29916	9.341975	0.157616	-3.005758	0.012987	-0.274602	0.154563	-0.202108	-0.170571	0.964395	-0.638131	0.769924	0.002442	-0.742927	-0.614917	-0.264455
29917	9.427278	0.344227	-2.895537	-0.007450	-0.274541	0.171801	-0.205221	-0.170936	0.963673	-0.637725	0.770263	0.000821	-0.742422	-0.614390	-0.267085
29918	9.404856	0.251914	-2.705007	-0.026558	-0.281478	0.170555	-0.208283	-0.171165	0.962975	-0.636849	0.770988	-0.000705	-0.742322	-0.613417	-0.269590
29919	9.374934	0.336703	-2.213887	-0.031328	-0.293610	0.173399	-0.211543	-0.171627	0.962182	-0.636252	0.771478	-0.002274	-0.741912	-0.612671	-0.272399
29920	9.296183	0.190341	-1.872786	-0.048306	-0.320771	0.172669	-0.214853	-0.172062	0.961370	-0.635156	0.772375	-0.003712	-0.741900	-0.611417	-0.275233
29921	9.315794	0.088897	-1.493957	-0.058054	-0.371770	0.167055	-0.218647	-0.173041	0.960339	-0.634362	0.773019	-0.005141	-0.741471	-0.610326	-0.278789
29922	9.371489	-0.129007	-1.280460	-0.081497	-0.418965	0.162060	-0.222547	-0.174246	0.959224	-0.633060	0.774078	-0.006261	-0.741423	-0.608639	-0.282577
29923	9.298683	-0.127663	-1.220925	-0.007592	-0.463722	0.154337	-0.226935	-0.175870	0.957899	-0.632655	0.774395	-0.007703	-0.740438	-0.607768	-0.287003
29924	9.371482	-0.125430	-1.270141	0.027904	-0.513774	0.159516	-0.231500	-0.177631	0.956481	-0.631924	0.774978	-0.009023	-0.739648	-0.606512	-0.291656
29925	9.348370	-0.523373	-1.733802	0.090380	-0.547519	0.145267	-0.236436	-0.179824	0.954862	-0.632251	0.774691	-0.010660	-0.737806	-0.606232	-0.296859
29926	9.208703	-0.353307	-1.774665	0.230319	-0.579531	0.129381	-0.241204	-0.182096	0.953238	-0.633016	0.774041	-0.012311	-0.735603	-0.606384	-0.301971
29927	9.251164	-0.075629	-1.790363	0.277486	-0.628851	0.138489	-0.246668	-0.184841	0.951309	-0.634714	0.772612	-0.014458	-0.732320	-0.607375	-0.307900
29928	9.284936	-0.005182	-1.899930	0.282998	-0.663251	0.153070	-0.252319	-0.187434	0.949317	-0.635962	0.771540	-0.016698	-0.729306	-0.607943	-0.313875
29929	9.377499	0.529202	-1.754632	0.315793	-0.711759	0.167864	-0.258536	-0.190470	0.947038	-0.637829	0.769937	-0.019273	-0.725488	-0.609031	-0.320544
29930	9.305633	0.279446	-1.493212	0.213097	-0.752491	0.180276	-0.264913	-0.193390	0.944681	-0.638204	0.769569	-0.021427	-0.722853	-0.608575	-0.327291
29931	9.342967	0.187077	-1.290516	0.215224	-0.823109	0.188034	-0.272019	-0.196951	0.941921	-0.639250	0.768628	-0.023894	-0.719281	-0.608623	-0.334983
29932	9.264341	0.228367	-1.106748	0.211860	-0.883806	0.204337	-0.279348	-0.200353	0.939055	-0.639456	0.768378	-0.026285	-0.716283	-0.607827	-0.342762
29933	9.385322	0.873477	-0.873938	0.232517	-0.970679	0.231209	-0.287727	-0.204475	0.935630	-0.640460	0.767435	-0.029239	-0.712056	-0.607646	-0.351770
29934	9.542252	1.145893	-0.825889	0.145646	-1.051868	0.272642	-0.296661	-0.208422	0.931962	-0.640165	0.767565	-0.032121	-0.708647	-0.606139	-0.361131
29935	9.710102	0.522701	-0.993099	0.079599	-1.130553	0.300699	-0.306542	-0.212953	0.927730	-0.639820	0.767719	-0.035186	-0.704743	-0.604366	-0.371590
29936	9.792270	-0.438726	-1.920338	0.011496	-1.193641	0.328919	-0.316689	-0.217234	0.923319	-0.638242	0.768897	-0.038007	-0.701681	-0.601337	-0.382149
29937	9.639216	-1.109173	-3.046056	0.098179	-1.225942	0.338069	-0.327385	-0.221992	0.918443	-0.637839	0.769052	-0.041478	-0.697123	-0.599398	-0.393372
29938	9.569094	-0.423922	-4.085131	0.190379	-1.270890	0.360292	-0.338132	-0.226666	0.913394	-0.637907	0.768775	-0.045371	-0.691911	-0.598002	-0.404540
29939	10.302770	-1.143657	-4.543488	0.014056	-1.292540	0.410911	-0.349630	-0.231213	0.907909	-0.636591	0.769634	-0.049148	-0.687394	-0.595150	-0.416275
29940	10.050006	-0.611392	-3.860385	0.246000	-1.234971	0.398274	-0.360280	-0.235458	0.902640	-0.636963	0.769026	-0.053634	-0.681525	-0.594271	-0.427042
29941	10.121731	-1.032792	-3.884657	0.130659	-1.257003	0.427945	-0.371502	-0.239621	0.896977	-0.636284	0.769269	-0.058026	-0.676113	-0.592290	-0.438252
29942	10.242172	-0.775223	-3.454663	0.242877	-1.241442	0.420584	-0.382227	-0.243719	0.891349	-0.636509	0.768711	-0.062761	-0.669894	-0.591341	-0.448952
29943	10.567103	-0.934617	-2.998669	0.218410	-1.290593	0.430662	-0.393538	-0.248028	0.885218	-0.636296	0.768482	-0.067556	-0.663518	-0.589846	-0.460246
29944	10.562577	-1.117624	-2.487045	0.212416	-1.295206	0.442896	-0.404601	-0.252205	0.879028	-0.636063	0.768237	-0.072351	-0.657055	-0.588391	-0.471248
29945	10.594226	-0.921851	-1.934732	0.250068	-1.345811	0.442450	-0.416176	-0.256712	0.872294	-0.635883	0.767895	-0.077395	-0.649962	-0.586887	-0.482818
29946	10.743844	-0.454108	-1.330938	0.255812	-1.405787	0.461295	-0.427835	-0.261387	0.865236	-0.635814	0.767415	-0.082557	-0.642416	-0.585450	-0.494520
29947	11.082449	-0.493435	-1.255051	0.187779	-1.444372	0.494542	-0.440169	-0.266027	0.857602	-0.634869	0.767622	-0.087734	-0.634975	-0.583083	-0.506776
29948	10.700581	-0.485730	-1.170307	0.143666	-1.466379	0.496049	-0.452168	-0.270705	0.849861	-0.633807	0.767927	-0.092610	-0.627561	-0.580523	-0.518806
29949	10.653527	-0.461752	-1.049014	0.130847	-1.581768	0.471594	-0.464983	-0.276235	0.841121	-0.632463	0.768460	-0.097262	-0.619501	-0.577203	-0.532030
29950	10.941246	-0.458328	-1.240329	0.107092	-1.653131	0.451331	-0.477541	-0.282245	0.832041	-0.631304	0.768863	-0.101516	-0.611073	-0.573749	-0.545346
29951	11.120751	-0.401322	-1.645580	0.038662	-1.636308	0.432320	-0.490166	-0.288269	0.822581	-0.629450	0.769875	-0.105283	-0.602934	-0.569380	-0.558817
29952	10.849920	-0.289913	-2.520584	0.003004	-1.619826	0.405883	-0.501930	-0.294238	0.813321	-0.627722	0.770836	-0.108523	-0.595005	-0.565010	-0.571605
29953	11.054577	-0.694162	-3.254204	-0.066262	-1.596386	0.356780	-0.513571	-0.300460	0.803722	-0.625523	0.772269	-0.111002	-0.587338	-0.559754	-0.584560
29954	11.272882	-0.580720	-3.499909	-0.193167	-1.411163	0.334358	-0.523420	-0.305572	0.795397	-0.622851	0.774218	-0.112439	-0.581453	-0.554267	-0.595567
29955	10.569953	-0.390971	-4.070203	-0.407709	-1.292617	0.360837	-0.533117	-0.309888	0.787246	-0.618588	0.777573	-0.112823	-0.577179	-0.547129	-0.606230
29956	9.982315	-0.486283	-4.937428	-0.649198	-1.243323	0.357642	-0.541961	-0.313703	0.779660	-0.613157	0.782044	-0.111559	-0.574732	-0.538514	-0.616186
29957	9.418094	-0.717272	-6.624431	-0.577886	-1.331887	0.364741	-0.551786	-0.317955	0.770997	-0.607858	0.786281	-0.110772	-0.571000	-0.529779	-0.627131
29958	9.179728	-1.036905	-6.841497	-0.425946	-1.365567	0.364444	-0.561258	-0.322102	0.762390	-0.603598	0.789555	-0.110779	-0.566267	-0.522353	-0.637565
29959	8.901339	-1.520672	-6.712601	-0.392586	-1.335096	0.338980	-0.570792	-0.326343	0.753456	-0.599472	0.792689	-0.110803	-0.561096	-0.514922	-0.648094
29960	8.455536	-1.941384	-7.199850	-0.127450	-1.323507	0.297629	-0.579449	-0.330651	0.744922	-0.597295	0.794147	-0.112114	-0.554506	-0.509902	-0.657664
29961	7.979313	-1.807242	-7.343090	-0.031184	-1.218989	0.244654	-0.587595	-0.334896	0.736598	-0.595702	0.795117	-0.113699	-0.547604	-0.505602	-0.666705
29962	7.079840	-2.211936	-7.673861	-0.147794	-1.027614	0.174440	-0.593756	-0.338572	0.729947	-0.594103	0.796282	-0.113918	-0.542674	-0.501303	-0.673944
29963	6.156585	-2.859114	-8.477068	-0.182743	-0.890062	0.119185	-0.599244	-0.342063	0.723809	-0.592412	0.797597	-0.113526	-0.538474	-0.496822	-0.680598
29964	6.050650	-3.274141	-8.705274	-0.170642	-0.721172	0.041830	-0.602929	-0.345193	0.719249	-0.591466	0.798427	-0.112618	-0.535393	-0.493312	-0.685564
29965	6.183887	-3.351959	-8.650648	-0.013564	-0.399417	-0.063786	-0.604655	-0.347669	0.716603	-0.591786	0.798270	-0.112047	-0.533087	-0.491825	-0.688423
29966	6.737234	-2.229015	-7.740756	0.247972	-0.079102	-0.152279	-0.603807	-0.349121	0.716611	-0.594182	0.796403	-0.112655	-0.531381	-0.493819	-0.688315
29967	7.028247	-0.831407	-7.328990	0.234173	0.316945	-0.145659	-0.601224	-0.348709	0.718979	-0.596312	0.794731	-0.113198	-0.531922	-0.496793	-0.685752
29968	6.976149	-0.371132	-6.049981	-0.086190	0.691006	-0.132653	-0.596393	-0.346172	0.724210	-0.596791	0.794591	-0.111649	-0.536801	-0.498788	-0.680481
29969	7.367098	-0.747428	-5.272323	-0.455584	1.067340	-0.137544	-0.589765	-0.341941	0.731611	-0.595148	0.796388	-0.107544	-0.545872	-0.498842	-0.673187
29970	7.214380	-1.689464	-6.173250	-0.570528	1.483582	-0.160555	-0.580230	-0.335730	0.742037	-0.593170	0.798521	-0.102538	-0.558107	-0.499650	-0.662470
29971	6.480982	-2.761822	-6.488929	-0.434296	1.847206	-0.230519	-0.568400	-0.328317	0.754407	-0.592049	0.799928	-0.097945	-0.571314	-0.502318	-0.649059
29972	6.290266	-3.527183	-6.857671	-0.067873	2.139938	-0.318957	-0.553795	-0.319895	0.768751	-0.593607	0.799117	-0.095093	-0.583903	-0.508998	-0.632439
29973	6.405568	-3.626471	-6.986803	0.432282	2.455283	-0.373791	-0.537064	-0.310238	0.784420	-0.598200	0.795712	-0.094862	-0.594743	-0.520187	-0.612933
29974	6.668448	-3.500127	-6.761206	0.836318	2.748711	-0.408499	-0.517766	-0.298854	0.801626	-0.605613	0.789862	-0.096694	-0.604277	-0.535541	-0.589954
29975	6.952639	-3.383060	-6.724675	1.221379	3.048267	-0.414161	-0.496660	-0.285497	0.819646	-0.615150	0.781996	-0.100364	-0.612306	-0.554053	-0.564009
29976	6.993432	-2.959052	-6.705173	1.558104	3.339130	-0.442036	-0.473011	-0.269958	0.838679	-0.627178	0.771722	-0.105320	-0.618795	-0.575819	-0.534345
29977	6.770600	-2.240249	-6.554660	1.788708	3.560298	-0.481823	-0.447798	-0.252730	0.857674	-0.640517	0.759954	-0.110484	-0.623871	-0.598830	-0.502184
29978	6.722717	-1.325321	-5.893098	1.806786	3.714308	-0.529560	-0.420780	-0.233963	0.876474	-0.654486	0.747320	-0.114721	-0.628166	-0.621912	-0.467582
29979	6.961460	-0.910745	-5.612394	1.614264	3.883798	-0.543530	-0.392652	-0.213427	0.894580	-0.666884	0.735896	-0.117142	-0.633316	-0.642578	-0.431282
29980	7.209302	-0.812791	-5.826133	1.358615	4.096024	-0.563082	-0.362484	-0.190764	0.912258	-0.678045	0.725535	-0.117702	-0.639422	-0.661217	-0.392341
29981	7.419398	-1.005583	-6.189241	0.988864	4.238922	-0.589806	-0.331144	-0.166666	0.928744	-0.686457	0.717869	-0.115933	-0.647395	-0.675934	-0.352128
29982	7.825116	-1.203852	-6.052828	0.710024	4.381162	-0.632008	-0.297959	-0.141214	0.944076	-0.693438	0.711695	-0.112400	-0.656022	-0.688149	-0.309979
29983	8.204392	-0.913308	-6.309746	0.549019	4.492367	-0.647132	-0.263741	-0.114658	0.957755	-0.698884	0.707063	-0.107808	-0.664832	-0.697793	-0.266614
29984	8.928943	-0.509963	-6.401353	0.388013	4.573771	-0.625465	-0.228576	-0.086795	0.969649	-0.703126	0.703600	-0.102768	-0.673325	-0.705276	-0.221854
29985	9.976906	-0.549808	-6.369232	-0.075767	4.723476	-0.647964	-0.191920	-0.057955	0.979698	-0.703975	0.703669	-0.096280	-0.683803	-0.708161	-0.175847
29986	9.419418	-0.554807	-7.191980	-0.214500	4.800943	-0.711492	-0.153710	-0.028793	0.987696	-0.703798	0.704805	-0.088982	-0.693571	-0.708817	-0.128600
29987	10.148414	0.098348	-7.059065	-0.116373	4.591473	-0.675167	-0.116905	-0.000995	0.993143	-0.703900	0.705533	-0.082150	-0.700613	-0.708677	-0.083181
29988	10.382976	1.620573	-4.595349	-0.142098	4.678027	-0.492581	-0.080447	0.028740	0.996344	-0.703422	0.706570	-0.077177	-0.706205	-0.707059	-0.036625
29989	9.053262	1.976589	-2.468904	-0.374057	4.511018	-0.227300	-0.046824	0.058939	0.997163	-0.700912	0.709311	-0.074838	-0.711709	-0.702428	0.008099
29990	8.923477	0.671364	-1.665772	-0.643924	4.106265	-0.026841	-0.017215	0.087478	0.996018	-0.696330	0.713821	-0.074729	-0.717516	-0.694843	0.048625
29991	8.876465	-0.322557	1.443561	-1.122583	3.811785	0.013068	0.010239	0.113845	0.993446	-0.688225	0.721548	-0.075594	-0.725425	-0.682941	0.085739
29992	7.787128	-2.982288	-0.683233	-0.934890	2.975565	0.046760	0.031666	0.134374	0.990425	-0.681431	0.727825	-0.076959	-0.731197	-0.672469	0.114614
29993	5.573606	-3.549332	0.895309	-0.698004	2.517396	-0.100015	0.050840	0.150474	0.987306	-0.676268	0.732637	-0.076837	-0.734899	-0.663777	0.139008
29994	2.716038	-0.496439	2.897433	-0.047991	1.473499	-0.180754	0.062931	0.158955	0.985278	-0.675822	0.733227	-0.075126	-0.734374	-0.661145	0.153568
29995	3.589702	1.922275	2.375899	-0.202768	0.281352	-0.176950	0.066233	0.159523	0.984970	-0.674212	0.734853	-0.073679	-0.735562	-0.659199	0.156224
29996	4.659780	0.550143	0.436077	-0.640630	-0.659160	-0.180402	0.062650	0.153914	0.986096	-0.669385	0.739333	-0.072870	-0.740269	-0.655512	0.149347
29997	5.692817	-1.636179	-2.643514	-0.563932	-1.463334	-0.240839	0.053431	0.142561	0.988343	-0.665052	0.743388	-0.071274	-0.744883	-0.653492	0.134530
29998	9.266754	-3.009532	-1.865369	-0.413568	-1.626162	-0.273203	0.043154	0.129942	0.990582	-0.661840	0.746455	-0.069085	-0.748402	-0.652626	0.118213
29999	11.547517	-3.537988	1.970281	-0.583986	-1.189548	-0.139163	0.035184	0.121163	0.992009	-0.657398	0.750438	-0.068342	-0.752722	-0.649740	0.106056
30000	11.850711	-3.636910	1.222037	-0.849778	-0.975830	-0.100078	0.028486	0.114145	0.993056	-0.650955	0.756044	-0.068230	-0.758582	-0.644491	0.095840
30001	9.042664	-3.336238	-0.768097	-1.097943	-0.748386	-0.129638	0.023660	0.108374	0.993829	-0.642548	0.763229	-0.067930	-0.765880	-0.636975	0.087693
30002	10.779626	-0.809503	1.064194	-1.236645	-0.777254	-0.138223	0.018551	0.102466	0.994564	-0.633013	0.771180	-0.067644	-0.773919	-0.628316	0.079168
30003	12.585085	-1.173054	0.794912	-1.320204	-0.735889	-0.082003	0.013380	0.097249	0.995170	-0.622722	0.779500	-0.067801	-0.782328	-0.618808	0.070989
30004	12.834740	-0.236236	-0.973379	-0.885865	-0.951220	-0.073423	0.006360	0.090886	0.995841	-0.615776	0.785006	-0.067712	-0.787895	-0.612785	0.060958
30005	12.497014	0.014783	-0.734158	-0.671525	-0.994110	-0.289075	0.000320	0.082548	0.996587	-0.610458	0.789362	-0.065187	-0.792049	-0.608353	0.050645
30006	10.866876	-0.371446	-0.120112	-0.176478	-1.023704	-0.475372	-0.004908	0.072614	0.997348	-0.609076	0.790795	-0.060573	-0.793097	-0.607758	0.040346
30007	9.645771	1.311204	0.115944	0.116243	-1.022929	-0.476242	-0.010073	0.062630	0.997986	-0.610029	0.790414	-0.055761	-0.792315	-0.609363	0.030244
30008	9.205683	0.723954	0.420283	-0.143685	-1.038056	-0.471722	-0.015435	0.052606	0.998496	-0.608951	0.791559	-0.051117	-0.793057	-0.608824	0.019817
30009	8.880352	-0.267882	-0.317274	-0.095623	-1.081413	-0.435023	-0.021324	0.042586	0.998865	-0.608269	0.792352	-0.046767	-0.793444	-0.608576	0.009007
30010	9.089820	-1.057031	-1.979180	-0.230040	-1.147235	-0.407900	-0.027959	0.032398	0.999084	-0.606541	0.793904	-0.042718	-0.794560	-0.607180	-0.002546
30011	9.446300	-1.198090	-2.945870	-0.303613	-1.149540	-0.407630	-0.034592	0.022197	0.999155	-0.604251	0.795859	-0.038601	-0.796043	-0.605075	-0.014118
30012	9.858510	-0.724232	-3.254077	-0.437942	-1.152437	-0.430361	-0.041214	0.011821	0.999080	-0.600913	0.798581	-0.034238	-0.798251	-0.601771	-0.025809
30013	10.208078	-1.151466	-3.790650	-0.414177	-1.036934	-0.461331	-0.046696	0.001915	0.998907	-0.597802	0.801101	-0.029481	-0.800282	-0.598526	-0.036264
30014	10.034762	-0.707151	-4.078851	-0.280166	-0.919445	-0.458487	-0.051384	-0.007264	0.998653	-0.595762	0.802778	-0.024814	-0.801516	-0.596234	-0.045577
30015	10.006713	-0.296519	-3.703496	-0.149042	-0.813677	-0.460594	-0.055124	-0.015804	0.998354	-0.594809	0.803615	-0.020122	-0.801975	-0.594940	-0.053699
30016	10.126343	0.492706	-2.994641	-0.043719	-0.745728	-0.464411	-0.058432	-0.024003	0.998003	-0.594688	0.803807	-0.015486	-0.801830	-0.594405	-0.061243
30017	10.157919	0.720727	-2.459726	-0.014115	-0.680275	-0.449846	-0.061169	-0.031655	0.997625	-0.594841	0.803768	-0.010969	-0.801513	-0.594100	-0.067996
30018	10.060449	0.940539	-1.827004	-0.018560	-0.652456	-0.428133	-0.063953	-0.039025	0.997190	-0.594915	0.803760	-0.006698	-0.801240	-0.593672	-0.074620
30019	9.944102	0.713407	-1.355398	-0.095181	-0.641796	-0.394879	-0.066707	-0.046001	0.996712	-0.594408	0.804159	-0.002668	-0.801392	-0.592631	-0.080986
30020	9.534678	0.710664	-0.909407	-0.147975	-0.617299	-0.361795	-0.069608	-0.052632	0.996185	-0.593418	0.804894	0.001061	-0.801879	-0.591080	-0.087260
30021	9.440138	0.587614	-0.779400	-0.181133	-0.633961	-0.343548	-0.072616	-0.059134	0.995605	-0.592206	0.805773	0.004666	-0.802508	-0.589265	-0.093532
30022	9.539888	0.518546	-0.583385	-0.196659	-0.637979	-0.343623	-0.075800	-0.065729	0.994954	-0.590830	0.806753	0.008284	-0.803227	-0.587221	-0.099987
30023	9.707083	0.245237	-0.474264	-0.206727	-0.646953	-0.348684	-0.078901	-0.072331	0.994255	-0.589436	0.807726	0.011985	-0.803952	-0.585104	-0.106364
30024	9.498002	-0.243312	-0.695997	-0.125148	-0.654314	-0.358830	-0.082135	-0.079123	0.993475	-0.588669	0.808222	0.015701	-0.804191	-0.583539	-0.112960
30025	9.464119	-0.136665	-0.952342	0.047225	-0.668807	-0.362257	-0.085336	-0.085946	0.992638	-0.589349	0.807649	0.019263	-0.803359	-0.583367	-0.119574
30026	9.501315	0.149470	-1.548114	0.163878	-0.669625	-0.345665	-0.088755	-0.092707	0.991730	-0.590920	0.806416	0.022499	-0.801833	-0.584036	-0.126356
30027	9.705598	0.123291	-2.127965	0.234582	-0.651432	-0.337333	-0.091935	-0.099227	0.990809	-0.593101	0.804722	0.025559	-0.799862	-0.585300	-0.132834
30028	9.693215	0.489020	-2.319387	0.305501	-0.623932	-0.330899	-0.095039	-0.105608	0.989856	-0.595804	0.802627	0.028427	-0.797487	-0.587058	-0.139202
30029	9.790166	0.921205	-2.361707	0.302507	-0.611554	-0.306035	-0.098041	-0.111651	0.988899	-0.598506	0.800517	0.031045	-0.795097	-0.588818	-0.145307
30030	9.749731	1.098284	-2.244935	0.267818	-0.573360	-0.285772	-0.100972	-0.117388	0.987940	-0.600866	0.798648	0.033485	-0.792947	-0.590238	-0.151175
30031	9.728945	0.958673	-2.047185	0.195199	-0.553734	-0.268681	-0.103701	-0.122797	0.986999	-0.602685	0.797173	0.035858	-0.791213	-0.591131	-0.156675
30032	9.642695	0.877906	-1.731206	0.128500	-0.538980	-0.252022	-0.106533	-0.128071	0.986027	-0.603911	0.796138	0.038159	-0.789900	-0.591407	-0.162158
30033	9.543448	0.666008	-1.656517	0.077278	-0.540319	-0.242890	-0.109290	-0.133194	0.985046	-0.604781	0.795364	0.040446	-0.788858	-0.591316	-0.167478
30034	9.473138	0.597224	-1.616640	0.085223	-0.553012	-0.237405	-0.112301	-0.138432	0.983984	-0.605660	0.794579	0.042663	-0.787759	-0.591169	-0.173075
30035	9.482152	0.653396	-1.399557	0.099938	-0.575259	-0.237202	-0.115351	-0.143711	0.982874	-0.606714	0.793654	0.044840	-0.786506	-0.591151	-0.178741
30036	9.540591	0.488854	-1.139261	0.083542	-0.587173	-0.230251	-0.118652	-0.149088	0.981679	-0.607586	0.792864	0.046976	-0.785342	-0.590881	-0.184659
30037	9.382731	0.531282	-0.904862	0.164152	-0.597693	-0.235675	-0.121867	-0.154482	0.980451	-0.609155	0.791536	0.049000	-0.783632	-0.591274	-0.190566
30038	9.350316	0.605340	-0.882380	0.191139	-0.627784	-0.223126	-0.125495	-0.160034	0.979102	-0.610876	0.790092	0.050842	-0.781717	-0.591729	-0.196913
30039	9.368588	0.734515	-1.613929	0.271109	-0.648555	-0.208675	-0.129239	-0.165516	0.977702	-0.613255	0.788147	0.052362	-0.779240	-0.592814	-0.203363
30040	9.376458	0.746050	-2.596736	0.337758	-0.642759	-0.196306	-0.133099	-0.170945	0.976249	-0.616092	0.785848	0.053608	-0.776347	-0.594324	-0.209914
30041	9.492981	1.020431	-3.041973	0.382359	-0.641304	-0.197905	-0.136806	-0.176309	0.974782	-0.619319	0.783228	0.054744	-0.773129	-0.596212	-0.216342
30042	9.543484	1.030774	-3.381621	0.370887	-0.606911	-0.177068	-0.140459	-0.181392	0.973328	-0.622375	0.780735	0.055686	-0.770013	-0.597954	-0.222555
30043	9.466435	1.234440	-3.410167	0.331324	-0.576095	-0.147413	-0.143928	-0.185984	0.971954	-0.625129	0.778481	0.056393	-0.767136	-0.599480	-0.228310
30044	9.289245	0.916409	-3.246776	0.246679	-0.560167	-0.138285	-0.147429	-0.190503	0.970553	-0.627163	0.776784	0.057202	-0.764808	-0.600262	-0.233997
30045	9.371382	1.338133	-2.563725	0.211226	-0.571585	-0.126284	-0.150962	-0.194910	0.969134	-0.628963	0.775273	0.057948	-0.762638	-0.600801	-0.239628
30046	9.398947	1.454731	-2.100419	0.067487	-0.571823	-0.086915	-0.154849	-0.199106	0.967667	-0.629549	0.774742	0.058668	-0.761373	-0.600109	-0.245315
30047	9.312981	0.727856	-1.853077	-0.062861	-0.588918	-0.078038	-0.158801	-0.203234	0.966167	-0.629191	0.774962	0.059599	-0.760855	-0.598439	-0.250938
30048	9.256076	0.544112	-1.546798	0.006720	-0.626848	-0.092556	-0.163054	-0.207787	0.964488	-0.629331	0.774777	0.060523	-0.759839	-0.597114	-0.257097
30049	9.444680	0.637696	-1.034718	0.018519	-0.679978	-0.089527	-0.167614	-0.212531	0.962671	-0.629618	0.774478	0.061358	-0.758609	-0.595830	-0.263627
30050	9.286594	0.487173	-0.986387	0.091809	-0.720720	-0.091075	-0.172560	-0.217605	0.960662	-0.630413	0.773777	0.062034	-0.756837	-0.594909	-0.270704
30051	9.361360	0.647588	-0.629092	0.160458	-0.788004	-0.098868	-0.177851	-0.223050	0.958445	-0.631797	0.772605	0.062563	-0.754454	-0.594416	-0.278331
30052	9.325627	0.571996	-0.846811	0.213176	-0.851803	-0.101086	-0.183623	-0.229002	0.955950	-0.633690	0.771019	0.062979	-0.751478	-0.594212	-0.286693
30053	9.242917	0.598990	-1.897048	0.343204	-0.885483	-0.082791	-0.189696	-0.234898	0.953330	-0.636416	0.768786	0.062791	-0.747657	-0.594803	-0.295329
30054	9.212067	0.913825	-2.606030	0.417285	-0.921980	-0.082498	-0.196032	-0.241114	0.950492	-0.639773	0.766029	0.062372	-0.743143	-0.595872	-0.304425
30055	9.258203	1.016433	-3.128259	0.417824	-0.938042	-0.070947	-0.202489	-0.247245	0.947559	-0.643009	0.763363	0.061775	-0.738605	-0.596780	-0.313553
30056	9.314220	1.105926	-3.475052	0.398436	-0.942498	-0.051327	-0.209086	-0.253357	0.944507	-0.646126	0.760786	0.061042	-0.734033	-0.597507	-0.322770
30057	9.271723	1.210052	-3.413577	0.362464	-0.937549	-0.038072	-0.215663	-0.259244	0.941425	-0.648858	0.758521	0.060236	-0.729707	-0.597861	-0.331798
30058	9.394052	1.453898	-2.929286	0.272893	-0.971697	-0.016522	-0.222603	-0.265283	0.938122	-0.650981	0.756756	0.059528	-0.725721	-0.597449	-0.341151
30059	9.353129	1.247349	-2.596995	0.150639	-0.985027	0.003518	-0.229721	-0.271129	0.934729	-0.652063	0.755866	0.058995	-0.722524	-0.595950	-0.350431
30060	9.429543	1.265227	-2.230653	0.082422	-1.049020	0.032389	-0.237473	-0.277221	0.930997	-0.652652	0.755399	0.058459	-0.719481	-0.593734	-0.360315
30061	9.535197	0.743659	-2.098097	-0.044471	-1.098663	0.048802	-0.245645	-0.283351	0.927022	-0.652214	0.755798	0.058190	-0.717130	-0.590323	-0.370464
30062	9.798155	0.846979	-1.620854	-0.094825	-1.189778	0.053953	-0.254480	-0.290031	0.922563	-0.651467	0.756448	0.058108	-0.714724	-0.586232	-0.381447
30063	9.563451	0.336143	-1.444072	-0.183303	-1.224606	0.079475	-0.263700	-0.296573	0.917882	-0.649953	0.757750	0.058108	-0.712758	-0.581257	-0.392577
30064	9.768413	0.021579	-1.679489	-0.154380	-1.338168	0.089407	-0.273752	-0.303711	0.912589	-0.648676	0.758855	0.057963	-0.710127	-0.576107	-0.404748
30065	9.875131	-0.310218	-1.629514	-0.110787	-1.397591	0.064519	-0.284035	-0.311233	0.906895	-0.647711	0.759687	0.057853	-0.706962	-0.570973	-0.417367
30066	10.026557	-0.685862	-1.301859	-0.099274	-1.472291	0.044962	-0.294661	-0.319294	0.900681	-0.646908	0.760366	0.057914	-0.703338	-0.565593	-0.430604
30067	10.116382	-0.562271	-0.427023	-0.057773	-1.523081	0.017877	-0.305420	-0.327728	0.894043	-0.646450	0.760747	0.058027	-0.699157	-0.560231	-0.444207
30068	10.095907	-0.775415	0.238353	-0.045755	-1.622298	0.002270	-0.316662	-0.336773	0.886741	-0.646182	0.760957	0.058245	-0.694387	-0.554552	-0.458583
30069	10.456153	-0.443367	-0.040403	0.039968	-1.762852	-0.036639	-0.328578	-0.346774	0.878513	-0.646578	0.760609	0.058403	-0.688457	-0.548837	-0.474135
30070	9.364127	-0.385809	-1.218493	0.207754	-1.764147	-0.074885	-0.340094	-0.356948	0.870014	-0.648268	0.759195	0.058069	-0.681237	-0.544253	-0.489596
30071	9.240283	1.475444	-0.990674	0.621518	-2.030701	-0.086544	-0.353217	-0.368626	0.859856	-0.652770	0.755503	0.055740	-0.670171	-0.541600	-0.507484
30072	11.077397	2.519369	-0.638707	0.490995	-2.223183	-0.000475	-0.367888	-0.380566	0.848426	-0.656056	0.752834	0.053214	-0.658976	-0.537038	-0.526632
30073	11.995604	1.246218	-1.676604	0.225136	-2.251049	0.083293	-0.383123	-0.391947	0.836418	-0.657218	0.751951	0.051326	-0.649062	-0.530044	-0.545684
30074	11.459455	-0.214716	-4.427414	0.274538	-2.276905	0.078500	-0.398162	-0.403281	0.823913	-0.658706	0.750792	0.049165	-0.638414	-0.523141	-0.564580
