// General information: 
//  MT Manager version: 2022.2.0 
//  XDA version: 2022.2.0 build 7381 rev 124627 built on 2023-07-19
// Device information: 
//  DeviceId: 00B4CB9F
//  ProductCode: MTW2-3A7G6
//  Firmware Version: 4.6.0
//  Hardware Version: 2.0.0
// Device settings: 
//  Filter Profile: human(46.1)
//  Option Flags: Orientation Smoother Disabled, Position/Velocity Smoother Disabled, Continuous Zero Rotation Update Disabled, AHS Disabled, ICC Disabled
// Coordinate system: ENU
PacketCounter	Acc_X	Acc_Y	Acc_Z	Gyr_X	Gyr_Y	Gyr_Z	Mat[1][1]	Mat[2][1]	Mat[3][1]	Mat[1][2]	Mat[2][2]	Mat[3][2]	Mat[1][3]	Mat[2][3]	Mat[3][3]
24432	9.508531	-2.061117	1.364407	-0.017158	0.004856	-0.002979	0.098880	0.219059	0.970688	-0.165588	0.965491	-0.201018	-0.981225	-0.140857	0.131742
24433	9.491034	-2.085705	1.319473	-0.002285	0.012118	0.000713	0.098958	0.219096	0.970672	-0.165580	0.965486	-0.201045	-0.981219	-0.140829	0.131820
24434	9.424274	-2.087180	1.372669	-0.000548	0.009650	0.006735	0.099082	0.219299	0.970614	-0.165415	0.965472	-0.201251	-0.981234	-0.140613	0.131936
24435	9.438358	-2.071917	1.346098	-0.002636	0.002633	0.005987	0.099058	0.219374	0.970599	-0.165408	0.965457	-0.201330	-0.981238	-0.140602	0.131922
24436	9.468923	-2.034760	1.340430	-0.004505	0.001514	0.001346	0.098999	0.219453	0.970587	-0.165545	0.965419	-0.201399	-0.981221	-0.140738	0.131905
24437	9.497877	-1.957703	1.379610	-0.003293	0.009489	0.005681	0.099043	0.219535	0.970564	-0.165532	0.965405	-0.201476	-0.981218	-0.140705	0.131956
24438	9.461794	-1.921606	1.426908	-0.009584	0.012194	-0.000128	0.099119	0.219634	0.970534	-0.165451	0.965398	-0.201574	-0.981224	-0.140596	0.132028
24439	9.465331	-1.955804	1.431334	-0.021715	0.005094	-0.002771	0.099134	0.219628	0.970534	-0.165249	0.965429	-0.201593	-0.981257	-0.140395	0.132000
24440	9.438256	-2.027792	1.440791	-0.031884	0.001661	0.001489	0.099159	0.219721	0.970510	-0.165147	0.965425	-0.201696	-0.981272	-0.140276	0.132017
24441	9.481289	-2.133224	1.401797	-0.028160	0.003654	0.005995	0.099145	0.219798	0.970494	-0.164890	0.965445	-0.201809	-0.981316	-0.140017	0.131962
24442	9.463661	-2.158936	1.356002	-0.017267	0.001983	0.012723	0.099153	0.220010	0.970445	-0.164747	0.965422	-0.202038	-0.981339	-0.139845	0.131970
24443	9.480813	-2.135718	1.401216	-0.017413	-0.001844	0.009325	0.099079	0.220111	0.970430	-0.164599	0.965419	-0.202169	-0.981372	-0.139701	0.131883
24444	9.445315	-2.142994	1.378473	-0.015470	0.001346	0.006679	0.099051	0.220254	0.970400	-0.164654	0.965381	-0.202308	-0.981365	-0.139742	0.131888
24445	9.460471	-2.125066	1.375580	-0.003564	0.002307	0.008442	0.099020	0.220353	0.970381	-0.164642	0.965361	-0.202412	-0.981371	-0.139722	0.131869
24446	9.429600	-2.163410	1.381312	0.002670	-0.001916	0.008342	0.099042	0.220543	0.970336	-0.164794	0.965300	-0.202578	-0.981343	-0.139842	0.131950
24447	9.464807	-2.157745	1.403572	0.011735	-0.003665	0.006786	0.098955	0.220618	0.970328	-0.164930	0.965263	-0.202646	-0.981329	-0.139984	0.131905
24448	9.488177	-2.052218	1.390399	0.029254	0.000964	0.004503	0.098946	0.220759	0.970296	-0.165361	0.965172	-0.202730	-0.981257	-0.140390	0.132005
24449	9.470292	-2.033818	1.413572	0.017810	-0.011954	-0.001488	0.098792	0.220742	0.970316	-0.165549	0.965144	-0.202710	-0.981241	-0.140609	0.131892
24450	9.454158	-2.055169	1.390997	0.002053	-0.018256	-0.001603	0.098627	0.220781	0.970324	-0.165769	0.965099	-0.202743	-0.981220	-0.140854	0.131783
24451	9.454484	-2.055013	1.389010	-0.005433	-0.023042	-0.002198	0.098365	0.220742	0.970360	-0.165728	0.965105	-0.202747	-0.981254	-0.140872	0.131515
24452	9.440510	-2.071127	1.413557	-0.017416	-0.026077	0.003329	0.098118	0.220849	0.970360	-0.165568	0.965098	-0.202910	-0.981305	-0.140752	0.131259
24453	9.436671	-2.083103	1.313478	-0.024956	-0.032142	0.001600	0.097761	0.220834	0.970399	-0.165340	0.965123	-0.202977	-0.981379	-0.140602	0.130864
24454	9.437035	-2.083587	1.310095	-0.026638	-0.028159	0.001487	0.097443	0.220892	0.970418	-0.165139	0.965131	-0.203106	-0.981445	-0.140463	0.130524
24455	9.475200	-1.962416	1.265555	-0.048094	-0.039656	-0.000490	0.097016	0.220846	0.970472	-0.164681	0.965193	-0.203182	-0.981564	-0.140107	0.130008
24456	9.551566	-2.024102	1.265015	-0.044217	-0.033279	-0.005785	0.096679	0.220827	0.970509	-0.164409	0.965226	-0.203247	-0.981643	-0.139911	0.129623
24457	9.551593	-1.981504	1.330784	-0.035287	-0.014616	-0.004730	0.096504	0.220776	0.970539	-0.164073	0.965279	-0.203265	-0.981716	-0.139623	0.129376
24458	9.478571	-1.957126	1.304427	-0.041715	-0.015264	-0.004383	0.096310	0.220788	0.970555	-0.163743	0.965318	-0.203348	-0.981791	-0.139337	0.129122
24459	9.519464	-2.024855	1.282569	-0.067022	-0.031084	-0.008371	0.095979	0.220679	0.970613	-0.163091	0.965423	-0.203371	-0.981931	-0.138779	0.128651
24460	9.514346	-2.149202	1.268701	-0.041210	-0.025499	0.002044	0.095687	0.220742	0.970627	-0.162773	0.965446	-0.203517	-0.982013	-0.138518	0.128312
24461	9.522680	-2.063056	1.254915	-0.048569	-0.026477	0.004844	0.095380	0.220767	0.970652	-0.162315	0.965496	-0.203645	-0.982118	-0.138128	0.127923
24462	9.553200	-1.984317	1.314960	-0.051965	-0.019555	0.008278	0.095121	0.220882	0.970651	-0.161908	0.965522	-0.203848	-0.982211	-0.137766	0.127604
24463	9.469293	-2.011661	1.318929	-0.066408	-0.014325	0.011142	0.094923	0.220985	0.970647	-0.161281	0.965582	-0.204060	-0.982333	-0.137177	0.127297
24464	9.463440	-2.095178	1.374574	-0.071240	-0.020248	0.010442	0.094657	0.221154	0.970634	-0.160442	0.965655	-0.204373	-0.982496	-0.136385	0.126889
24465	9.503817	-2.164788	1.352857	-0.062617	-0.010041	0.013133	0.094498	0.221283	0.970620	-0.159854	0.965705	-0.204599	-0.982607	-0.135824	0.126631
24466	9.497755	-2.138198	1.298734	-0.070554	-0.001847	0.013149	0.094479	0.221503	0.970572	-0.159242	0.965742	-0.204900	-0.982708	-0.135197	0.126515
24467	9.457370	-2.114927	1.246835	-0.081553	-0.001232	0.010060	0.094411	0.221614	0.970553	-0.158465	0.965823	-0.205119	-0.982840	-0.134433	0.126303
24468	9.465550	-2.182365	1.276385	-0.075249	-0.003139	0.007425	0.094375	0.221766	0.970522	-0.157914	0.965866	-0.205346	-0.982933	-0.133880	0.126173
24469	9.495132	-2.148667	1.244424	-0.061869	-0.011467	-0.000061	0.094223	0.221765	0.970537	-0.157321	0.965942	-0.205442	-0.983042	-0.133328	0.125902
24470	9.454165	-2.126207	1.166929	-0.058908	-0.028349	-0.007863	0.093936	0.221751	0.970568	-0.156640	0.966029	-0.205554	-0.983178	-0.132721	0.125480
24471	9.501168	-2.153760	1.015749	-0.048489	-0.042540	-0.007774	0.093491	0.221636	0.970637	-0.156171	0.966104	-0.205558	-0.983295	-0.132368	0.124935
24472	9.488705	-2.056061	0.951238	-0.033406	-0.054629	-0.010403	0.092979	0.221571	0.970701	-0.155844	0.966147	-0.205604	-0.983396	-0.132161	0.124361
24473	9.548403	-1.943134	0.954984	-0.028088	-0.058343	-0.016503	0.092392	0.221351	0.970808	-0.155567	0.966214	-0.205498	-0.983495	-0.132039	0.123705
24474	9.486664	-1.977654	1.005039	-0.018898	-0.057532	-0.015805	0.091866	0.221223	0.970887	-0.155333	0.966257	-0.205471	-0.983581	-0.131935	0.123130
24475	9.516414	-2.166154	1.165678	0.006703	-0.060409	-0.003800	0.091239	0.221123	0.970969	-0.155410	0.966250	-0.205445	-0.983627	-0.132154	0.122525
24476	9.540070	-2.326362	1.275122	0.055441	-0.058266	0.008024	0.090647	0.221214	0.971003	-0.156100	0.966121	-0.205529	-0.983573	-0.132943	0.122107
24477	9.505325	-2.401749	1.429227	0.109898	-0.050732	0.026482	0.090068	0.221418	0.971011	-0.157219	0.965909	-0.205672	-0.983448	-0.134137	0.121809
24478	9.464095	-2.448764	1.533549	0.173359	-0.044973	0.043293	0.089518	0.221861	0.970961	-0.159009	0.965554	-0.205965	-0.983210	-0.135954	0.121712
24479	9.439880	-2.361102	1.575041	0.223950	-0.036159	0.050971	0.089042	0.222319	0.970899	-0.161271	0.965127	-0.206207	-0.982885	-0.138216	0.121791
24480	9.347095	-2.279843	1.621329	0.235313	-0.042762	0.050531	0.088557	0.222843	0.970824	-0.163821	0.964639	-0.206480	-0.982507	-0.140756	0.121931
24481	9.376196	-2.245678	1.592443	0.230428	-0.043129	0.041095	0.088027	0.223194	0.970791	-0.166135	0.964214	-0.206618	-0.982166	-0.143095	0.121957
24482	9.276602	-2.290113	1.604112	0.233863	-0.042561	0.044337	0.087573	0.223689	0.970718	-0.168561	0.963738	-0.206874	-0.981793	-0.145509	0.122102
24483	9.292808	-2.311605	1.557008	0.233608	-0.063172	0.041592	0.086843	0.224013	0.970709	-0.170905	0.963295	-0.207012	-0.981453	-0.147921	0.121941
24484	9.406409	-2.251472	1.518333	0.242234	-0.066878	0.029177	0.086113	0.224274	0.970714	-0.173405	0.962836	-0.207071	-0.981079	-0.150495	0.121803
24485	9.383300	-2.161017	1.557311	0.249681	-0.057143	0.034106	0.085454	0.224532	0.970713	-0.175898	0.962373	-0.207118	-0.980692	-0.153047	0.121733
24486	9.321832	-2.235172	1.570657	0.250602	-0.050589	0.037156	0.084851	0.224926	0.970674	-0.178368	0.961880	-0.207296	-0.980299	-0.155548	0.121736
24487	9.290201	-2.231911	1.621844	0.255362	-0.059951	0.044377	0.084145	0.225274	0.970655	-0.180923	0.961373	-0.207436	-0.979891	-0.158159	0.121652
24488	9.372149	-2.169473	1.633057	0.255353	-0.073174	0.043706	0.083326	0.225687	0.970630	-0.183464	0.960842	-0.207661	-0.979489	-0.160772	0.121469
24489	9.461391	-2.023267	1.606681	0.249539	-0.073924	0.036749	0.082496	0.225936	0.970643	-0.185953	0.960348	-0.207735	-0.979089	-0.163357	0.121238
24490	9.449918	-1.924124	1.567172	0.228761	-0.066968	0.037487	0.081722	0.226249	0.970635	-0.188478	0.959828	-0.207861	-0.978671	-0.165957	0.121082
24491	9.372619	-1.976444	1.626087	0.208341	-0.073023	0.037765	0.080898	0.226505	0.970645	-0.190563	0.959387	-0.207996	-0.978336	-0.168142	0.120776
24492	9.341606	-2.124419	1.719727	0.196712	-0.085497	0.041478	0.079966	0.226842	0.970643	-0.192596	0.958929	-0.208237	-0.978014	-0.170290	0.120370
24493	9.389198	-2.176282	1.819134	0.186573	-0.086329	0.048045	0.078990	0.227170	0.970646	-0.194474	0.958492	-0.208500	-0.977722	-0.172296	0.119890
24494	9.429767	-2.094581	1.750256	0.181066	-0.102381	0.043244	0.077907	0.227504	0.970656	-0.196401	0.958038	-0.208783	-0.977424	-0.174372	0.119320
24495	9.510062	-1.889005	1.658726	0.164122	-0.112114	0.034055	0.076705	0.227650	0.970717	-0.198047	0.957665	-0.208939	-0.977187	-0.176221	0.118543
24496	9.441017	-1.707237	1.628073	0.136013	-0.112311	0.032261	0.075532	0.227848	0.970763	-0.199604	0.957294	-0.209156	-0.976961	-0.177971	0.117786
24497	9.312564	-1.678928	1.548585	0.082112	-0.124781	0.028197	0.074218	0.227911	0.970849	-0.200443	0.957075	-0.209354	-0.976890	-0.179062	0.116715
24498	9.304024	-1.812304	1.484025	0.034046	-0.130450	0.031765	0.072848	0.228044	0.970922	-0.200979	0.956894	-0.209670	-0.976883	-0.179861	0.115540
24499	9.315812	-1.958503	1.443067	0.024907	-0.149854	0.039482	0.071266	0.228167	0.971010	-0.201266	0.956751	-0.210045	-0.976941	-0.180462	0.114106
24500	9.418006	-2.025535	1.530656	0.016428	-0.157585	0.057220	0.069549	0.228508	0.971055	-0.201607	0.956546	-0.210654	-0.976994	-0.181121	0.112596
24501	9.477529	-2.032287	1.586316	0.002781	-0.158046	0.056948	0.067851	0.228782	0.971110	-0.201689	0.956402	-0.211225	-0.977097	-0.181531	0.111036
24502	9.554688	-1.906720	1.570466	-0.006808	-0.163627	0.038754	0.066170	0.228926	0.971192	-0.201789	0.956284	-0.211664	-0.977191	-0.181970	0.109472
24503	9.482990	-1.844803	1.575152	-0.035267	-0.154539	0.034236	0.064552	0.228988	0.971286	-0.201482	0.956262	-0.212055	-0.977363	-0.182009	0.107866
24504	9.242732	-1.914787	1.513722	-0.052561	-0.157393	0.042773	0.062916	0.229206	0.971343	-0.201126	0.956214	-0.212608	-0.977543	-0.181986	0.106260
24505	9.185844	-2.027819	1.518678	-0.058362	-0.163336	0.049447	0.061181	0.229397	0.971408	-0.200602	0.956199	-0.213171	-0.977761	-0.181824	0.104519
24506	9.267989	-1.974755	1.486966	-0.043779	-0.173284	0.048845	0.059379	0.229618	0.971468	-0.200388	0.956117	-0.213742	-0.977916	-0.181979	0.102786
24507	9.351569	-1.838635	1.540709	-0.060909	-0.183295	0.035055	0.057478	0.229636	0.971578	-0.199828	0.956139	-0.214166	-0.978144	-0.181839	0.100844
24508	9.431182	-1.719412	1.347748	-0.133256	-0.196422	0.022016	0.055493	0.229593	0.971703	-0.198581	0.956299	-0.214612	-0.978512	-0.181053	0.098661
24509	9.455384	-1.590516	1.131081	-0.192132	-0.208942	0.013879	0.053382	0.229365	0.971876	-0.196724	0.956605	-0.214956	-0.979005	-0.179716	0.096187
24510	9.480189	-1.570201	1.002496	-0.267108	-0.226291	-0.010764	0.051170	0.228943	0.972094	-0.194239	0.957063	-0.215179	-0.979619	-0.177807	0.093443
24511	9.528669	-1.786339	0.902617	-0.328178	-0.248750	-0.029153	0.048750	0.228242	0.972383	-0.191023	0.957701	-0.215219	-0.980374	-0.175256	0.090288
24512	9.425886	-2.074129	0.623159	-0.407304	-0.283580	-0.028960	0.046016	0.227528	0.972684	-0.187222	0.958425	-0.215335	-0.981239	-0.172199	0.086701
24513	9.351189	-2.477868	0.349065	-0.441043	-0.349993	-0.033519	0.042604	0.226627	0.973049	-0.182893	0.959245	-0.215404	-0.982209	-0.168787	0.082316
24514	9.461336	-2.538332	0.127249	-0.436026	-0.400668	-0.039729	0.038691	0.225644	0.973441	-0.178651	0.960037	-0.215436	-0.983151	-0.165571	0.077457
24515	9.504264	-2.292767	0.018633	-0.440901	-0.406940	-0.045914	0.034732	0.224553	0.973843	-0.174313	0.960855	-0.215342	-0.984078	-0.162274	0.072515
24516	9.315705	-2.173436	0.074996	-0.432760	-0.418172	-0.061387	0.030675	0.223348	0.974256	-0.170194	0.961648	-0.215099	-0.984933	-0.159215	0.067511
24517	9.278736	-2.256199	0.213772	-0.397227	-0.441582	-0.077560	0.026417	0.221922	0.974706	-0.166274	0.962440	-0.214623	-0.985726	-0.156398	0.062324
24518	9.418949	-2.352718	0.208545	-0.355361	-0.460287	-0.078933	0.021984	0.220565	0.975125	-0.162750	0.963139	-0.214185	-0.986422	-0.153993	0.057070
24519	9.518179	-2.233543	0.308084	-0.252917	-0.442007	-0.085282	0.017722	0.219083	0.975545	-0.160253	0.963707	-0.213514	-0.986917	-0.152550	0.052188
24520	9.561411	-2.217581	0.305450	-0.156903	-0.432491	-0.084839	0.013548	0.217686	0.975925	-0.158684	0.964113	-0.212849	-0.987236	-0.151980	0.047605
24521	9.753330	-2.178066	0.383551	-0.075624	-0.404686	-0.082366	0.009645	0.216295	0.976280	-0.157943	0.964400	-0.212102	-0.987401	-0.152151	0.043464
24522	9.885642	-1.716555	0.577120	-0.038371	-0.348449	-0.072946	0.006248	0.215126	0.976566	-0.157578	0.964596	-0.211481	-0.987487	-0.152564	0.039926
24523	9.708137	-1.525768	0.872325	-0.045968	-0.281191	-0.065520	0.003537	0.214083	0.976809	-0.157135	0.964799	-0.210882	-0.987571	-0.152745	0.037052
24524	9.477208	-1.970877	0.973980	-0.113518	-0.272585	-0.061994	0.000960	0.213183	0.977012	-0.156103	0.965067	-0.210423	-0.987740	-0.152313	0.034205
24525	9.466228	-2.421578	0.547642	-0.150514	-0.302318	-0.062983	-0.001966	0.212134	0.977239	-0.154632	0.965422	-0.209880	-0.987970	-0.151525	0.030904
24526	9.479354	-2.442404	-0.005071	-0.187547	-0.314251	-0.072742	-0.004956	0.211023	0.977469	-0.152909	0.965825	-0.209285	-0.988228	-0.150501	0.027481
24527	9.298107	-2.370616	-0.266990	-0.177961	-0.318289	-0.082346	-0.008014	0.209769	0.977718	-0.151171	0.966258	-0.208549	-0.988475	-0.149474	0.023967
24528	9.183605	-2.629596	-0.207769	-0.137752	-0.344790	-0.086250	-0.011311	0.208513	0.977954	-0.149905	0.966611	-0.207828	-0.988636	-0.148951	0.020324
24529	9.157940	-3.052669	-0.146320	-0.040195	-0.370167	-0.088767	-0.014875	0.207122	0.978202	-0.149534	0.966848	-0.206991	-0.988645	-0.149353	0.016590
24530	9.218937	-3.355715	-0.234318	0.082725	-0.410964	-0.090308	-0.018835	0.205684	0.978437	-0.150474	0.966881	-0.206151	-0.988435	-0.151112	0.012739
24531	9.357745	-3.526188	-0.296645	0.233552	-0.423735	-0.078628	-0.022941	0.204295	0.978640	-0.152813	0.966678	-0.205380	-0.987989	-0.154261	0.009043
24532	9.499233	-3.299906	-0.398060	0.395898	-0.453860	-0.069795	-0.027323	0.202964	0.978805	-0.156918	0.966160	-0.204722	-0.987234	-0.159186	0.005450
24533	9.856786	-2.501493	-0.424789	0.524282	-0.448575	-0.054848	-0.031699	0.201725	0.978929	-0.162122	0.965413	-0.204190	-0.986261	-0.165179	0.002101
24534	9.892671	-1.599737	-0.412471	0.548518	-0.379239	-0.047631	-0.035348	0.200756	0.979003	-0.167681	0.964537	-0.203844	-0.985207	-0.171365	-0.000431
24535	9.802076	-0.870714	-0.237364	0.458366	-0.359455	-0.068528	-0.038809	0.199489	0.979131	-0.172234	0.963869	-0.203206	-0.984291	-0.176526	-0.003048
24536	9.841144	-0.874641	-0.075329	0.344772	-0.366511	-0.082101	-0.042314	0.198145	0.979259	-0.175771	0.963373	-0.202526	-0.983521	-0.180695	-0.005936
24537	9.723476	-1.626933	-0.214973	0.254304	-0.375638	-0.094381	-0.045878	0.196569	0.979416	-0.178327	0.963088	-0.201646	-0.982901	-0.183908	-0.009131
24538	9.892429	-2.312764	-0.215835	0.282266	-0.416997	-0.054235	-0.049914	0.195308	0.979471	-0.181196	0.962648	-0.201188	-0.982179	-0.187518	-0.012661
24539	9.522196	-2.321149	-0.074349	0.257831	-0.373877	-0.012681	-0.053600	0.194497	0.979438	-0.183748	0.962177	-0.201125	-0.981511	-0.190750	-0.015834
24540	9.712221	-2.407755	-0.008725	0.191414	-0.444585	-0.000797	-0.057987	0.193686	0.979348	-0.185726	0.961780	-0.201208	-0.980889	-0.193558	-0.019798
24541	9.440099	-2.354324	-0.048249	0.135015	-0.414612	-0.028225	-0.062038	0.192625	0.979309	-0.187081	0.961564	-0.200986	-0.980384	-0.195679	-0.023617
24542	9.554758	-2.350721	-0.210592	0.132055	-0.448860	-0.031295	-0.066369	0.191568	0.979233	-0.188546	0.961308	-0.200841	-0.979819	-0.197960	-0.027682
24543	9.449564	-2.452543	-0.135596	0.100184	-0.405879	-0.065655	-0.070259	0.190148	0.979238	-0.189586	0.961226	-0.200253	-0.979347	-0.199720	-0.031485
24544	9.353679	-2.694706	-0.089470	0.110912	-0.404703	-0.080916	-0.074071	0.188610	0.979255	-0.190779	0.961136	-0.199551	-0.978834	-0.201602	-0.035210
24545	9.325343	-2.882277	-0.115649	0.103889	-0.423055	-0.096987	-0.078063	0.186839	0.979284	-0.191883	0.961100	-0.198665	-0.978308	-0.203416	-0.039175
24546	9.380165	-2.968145	-0.124827	0.130933	-0.429478	-0.101291	-0.082085	0.185078	0.979290	-0.193373	0.960975	-0.197826	-0.977686	-0.205606	-0.043092
24547	9.379431	-2.850020	-0.125165	0.177499	-0.427506	-0.100241	-0.086106	0.183248	0.979288	-0.195205	0.960784	-0.196950	-0.976975	-0.208121	-0.046958
24548	9.374144	-2.559067	0.002942	0.221528	-0.425820	-0.114714	-0.090038	0.181344	0.979289	-0.197642	0.960474	-0.196031	-0.976131	-0.211198	-0.050638
24549	9.451429	-2.323425	0.145058	0.250510	-0.432603	-0.123283	-0.094051	0.179257	0.979296	-0.200213	0.960155	-0.194981	-0.975228	-0.214406	-0.054414
24550	9.528290	-2.301792	0.396454	0.276970	-0.418535	-0.117377	-0.097897	0.177281	0.979279	-0.203162	0.959724	-0.194050	-0.974239	-0.217950	-0.057937
24551	9.560329	-2.366271	0.571843	0.287495	-0.416809	-0.094233	-0.101800	0.175478	0.979206	-0.206070	0.959250	-0.193325	-0.973228	-0.221465	-0.061491
24552	9.678169	-2.318575	0.709267	0.293998	-0.389254	-0.079411	-0.105467	0.173936	0.979093	-0.209088	0.958695	-0.192836	-0.972193	-0.225054	-0.064743
24553	9.811223	-2.243917	1.046351	0.307694	-0.320406	-0.062857	-0.108486	0.172625	0.978995	-0.212158	0.958098	-0.192450	-0.971195	-0.228580	-0.067316
24554	9.803774	-2.236089	1.438515	0.320896	-0.227265	-0.039381	-0.110645	0.171805	0.978898	-0.215415	0.957386	-0.192378	-0.970234	-0.232155	-0.068921
24555	9.638669	-2.296709	1.764634	0.295063	-0.138651	-0.016532	-0.111992	0.171340	0.978826	-0.218308	0.956716	-0.192447	-0.969432	-0.235239	-0.069740
24556	9.476121	-2.495727	1.993136	0.256107	-0.079324	0.015320	-0.112832	0.171433	0.978713	-0.220931	0.956017	-0.192928	-0.968741	-0.237996	-0.069994
24557	9.306646	-2.477684	2.034439	0.183646	-0.052590	0.030605	-0.113447	0.171618	0.978610	-0.222688	0.955517	-0.193383	-0.968266	-0.239864	-0.070183
24558	9.231378	-2.223175	1.544313	-0.008894	-0.062055	0.029772	-0.114073	0.171833	0.978499	-0.222773	0.955423	-0.193751	-0.968173	-0.240085	-0.070708
24559	9.110304	-1.917232	0.588059	-0.248254	-0.118296	0.000396	-0.115257	0.171571	0.978406	-0.220382	0.956007	-0.193604	-0.968580	-0.237938	-0.072375
24560	9.149187	-1.672307	-0.407846	-0.426780	-0.200190	-0.059920	-0.117107	0.170736	0.978333	-0.216517	0.957025	-0.192935	-0.969230	-0.234420	-0.075107
24561	9.016948	-1.796281	-1.328524	-0.594518	-0.297684	-0.123711	-0.119767	0.168879	0.978333	-0.210912	0.958605	-0.191294	-0.970140	-0.229253	-0.079190
24562	9.357366	-1.991563	-2.147099	-0.704883	-0.414676	-0.194384	-0.123369	0.166109	0.978360	-0.204461	0.960484	-0.188856	-0.971070	-0.223335	-0.084531
24563	9.791221	-2.027026	-2.645908	-0.696880	-0.473962	-0.234672	-0.127538	0.162827	0.978377	-0.197999	0.962397	-0.185978	-0.971870	-0.217437	-0.090503
24564	9.990282	-1.844018	-2.684401	-0.654713	-0.507519	-0.265588	-0.132004	0.159276	0.978369	-0.192118	0.964180	-0.182888	-0.972453	-0.212104	-0.096676
24565	9.978140	-1.482210	-2.742599	-0.619566	-0.549307	-0.297933	-0.136820	0.155269	0.978351	-0.186506	0.965939	-0.179382	-0.972880	-0.207011	-0.103201
24566	9.943916	-1.205649	-2.370496	-0.585104	-0.564421	-0.305933	-0.141717	0.151259	0.978283	-0.181456	0.967542	-0.175885	-0.973134	-0.202441	-0.109670
24567	9.700325	-1.207192	-1.690292	-0.572727	-0.567406	-0.303917	-0.146732	0.147201	0.978162	-0.176334	0.969134	-0.172293	-0.973332	-0.197764	-0.116247
24568	9.600303	-1.517437	-1.063639	-0.556747	-0.615422	-0.271144	-0.152238	0.143438	0.977880	-0.171429	0.970583	-0.169056	-0.973363	-0.193374	-0.123171
24569	9.574796	-2.011071	-0.546183	-0.517783	-0.681515	-0.225835	-0.158526	0.139960	0.977385	-0.166754	0.971887	-0.166220	-0.973171	-0.189333	-0.130730
24570	9.721118	-2.555206	-0.008371	-0.508373	-0.728873	-0.165323	-0.165367	0.137057	0.976662	-0.162177	0.973037	-0.164008	-0.972806	-0.185513	-0.138681
24571	9.744777	-3.065160	0.480225	-0.483757	-0.719080	-0.123741	-0.172199	0.134552	0.975829	-0.157694	0.974086	-0.162139	-0.972358	-0.181802	-0.146519
24572	9.920168	-3.091517	0.811562	-0.468380	-0.670567	-0.100141	-0.178557	0.132503	0.974967	-0.153588	0.974991	-0.160635	-0.971868	-0.178426	-0.153741
24573	9.976252	-2.715793	1.299326	-0.529574	-0.581927	-0.104749	-0.184090	0.130477	0.974211	-0.148645	0.976055	-0.158812	-0.971605	-0.174047	-0.160287
24574	9.880519	-2.399683	1.598408	-0.655391	-0.459456	-0.129834	-0.188432	0.128680	0.973619	-0.142955	0.977226	-0.156824	-0.971626	-0.168734	-0.165745
24575	9.741797	-2.349969	1.665229	-0.819963	-0.360737	-0.159137	-0.191752	0.126551	0.973250	-0.135301	0.978775	-0.153927	-0.972072	-0.161197	-0.170559
24576	9.633394	-2.652644	1.550384	-0.991225	-0.295824	-0.178912	-0.194445	0.124583	0.972970	-0.126479	0.980438	-0.150816	-0.972725	-0.152386	-0.174884
24577	9.606733	-3.223582	1.215748	-1.090270	-0.264966	-0.176345	-0.196845	0.122486	0.972753	-0.116227	0.982254	-0.147201	-0.973521	-0.142036	-0.179116
24578	9.831294	-3.724666	0.722316	-1.122650	-0.265764	-0.157595	-0.199218	0.120675	0.972497	-0.105871	0.983930	-0.143782	-0.974219	-0.131603	-0.183240
24579	10.270908	-3.737697	0.399466	-1.081112	-0.220030	-0.140056	-0.201255	0.119042	0.972278	-0.095629	0.985459	-0.140450	-0.974860	-0.121244	-0.186945
24580	11.023225	-3.388039	0.264842	-1.012207	-0.131832	-0.147646	-0.202433	0.117700	0.972197	-0.086682	0.986701	-0.137505	-0.975452	-0.112108	-0.189539
24581	11.568713	-2.694760	0.395796	-0.952910	0.055651	-0.134056	-0.201814	0.116462	0.972475	-0.077667	0.987876	-0.134424	-0.976340	-0.102658	-0.190322
24582	11.193370	-2.275569	0.615749	-0.931899	0.254072	-0.090298	-0.199323	0.116150	0.973026	-0.069479	0.988777	-0.132263	-0.977468	-0.093968	-0.189016
24583	10.832244	-2.377879	0.603983	-0.893326	0.354447	-0.055544	-0.195853	0.115944	0.973755	-0.060865	0.989634	-0.130077	-0.978743	-0.084743	-0.186766
24584	11.105382	-2.546120	0.505843	-0.713813	0.403991	-0.035305	-0.191956	0.116294	0.974489	-0.054730	0.990141	-0.128943	-0.979876	-0.078085	-0.183698
24585	11.550650	-2.461995	0.591746	-0.412594	0.477151	0.001200	-0.187311	0.116696	0.975344	-0.050697	0.990447	-0.128239	-0.980991	-0.073468	-0.179606
24586	11.613147	-2.053611	0.726681	-0.092562	0.604388	0.064413	-0.181453	0.118085	0.976284	-0.050435	0.990340	-0.129159	-0.982105	-0.072675	-0.173745
24587	11.172090	-1.559411	0.946931	0.166531	0.727093	0.129217	-0.174407	0.119925	0.977343	-0.051857	0.990060	-0.130740	-0.983307	-0.073484	-0.166455
24588	10.704440	-1.127758	1.235188	0.348956	0.839469	0.161892	-0.166269	0.122552	0.978435	-0.056057	0.989468	-0.133459	-0.984486	-0.077038	-0.157648
24589	10.559489	-0.840401	1.527579	0.473177	0.951691	0.157226	-0.157019	0.124887	0.979667	-0.060481	0.988894	-0.135757	-0.985742	-0.080568	-0.147722
24590	10.496890	-0.332253	1.725249	0.563239	1.148596	0.141964	-0.145846	0.127695	0.981032	-0.066923	0.988090	-0.138563	-0.987041	-0.085862	-0.135564
24591	10.457287	-0.031715	2.137210	0.602141	1.362756	0.113605	-0.132498	0.130046	0.982615	-0.072731	0.987407	-0.140488	-0.988511	-0.090081	-0.121371
24592	10.442646	-0.073187	2.717480	0.558963	1.577134	0.098107	-0.116987	0.132694	0.984229	-0.078757	0.986673	-0.142385	-0.990006	-0.094172	-0.104978
24593	10.397830	-0.207506	2.793686	0.429053	1.743192	0.087566	-0.099821	0.135248	0.985771	-0.082933	0.986141	-0.143696	-0.991543	-0.096097	-0.087221
24594	10.638782	-0.710021	2.297779	0.199438	1.803615	0.166978	-0.082155	0.139002	0.986878	-0.085416	0.985600	-0.145933	-0.992952	-0.096285	-0.069099
24595	10.915327	-1.539555	1.473398	-0.013868	1.836302	0.247912	-0.064154	0.143220	0.987609	-0.085119	0.985256	-0.148408	-0.994303	-0.093585	-0.051018
24596	11.165605	-2.568818	0.928896	-0.165700	1.908359	0.321872	-0.045547	0.148528	0.987859	-0.083881	0.984824	-0.151939	-0.995434	-0.089783	-0.032397
24597	11.653039	-3.518853	0.824226	-0.183146	1.933175	0.452655	-0.026705	0.154707	0.987599	-0.081917	0.984290	-0.156404	-0.996281	-0.085078	-0.013612
24598	11.999459	-3.984853	0.451859	-0.140790	1.976675	0.573758	-0.007581	0.162294	0.986713	-0.080691	0.983425	-0.162373	-0.996710	-0.080850	0.005640
24599	11.899772	-3.754677	-0.639123	0.023506	2.051332	0.631441	0.012320	0.170160	0.985339	-0.080966	0.982348	-0.168631	-0.996641	-0.077701	0.025879
24600	11.486941	-3.357097	-1.458976	0.180630	2.111990	0.587667	0.032737	0.177897	0.983504	-0.083110	0.981108	-0.174698	-0.996003	-0.076019	0.046904
24601	11.079942	-2.689719	-1.773811	0.368249	2.142671	0.460097	0.053639	0.184069	0.981449	-0.087001	0.979987	-0.179040	-0.994763	-0.075783	0.068580
24602	10.636492	-2.024994	-1.411775	0.625092	2.156484	0.323206	0.074616	0.189304	0.979079	-0.093732	0.978801	-0.182107	-0.992797	-0.078183	0.090778
24603	10.929529	-1.090311	-0.929973	0.830344	2.077579	0.239215	0.094946	0.193346	0.976526	-0.102198	0.977667	-0.183636	-0.990223	-0.082363	0.112586
24604	10.962503	-0.444972	-1.262486	0.982532	2.097364	0.204028	0.115316	0.197435	0.973510	-0.112248	0.976361	-0.184717	-0.986966	-0.087974	0.134752
24605	10.394004	0.363026	-1.000328	1.053502	2.016463	0.207581	0.134901	0.201332	0.970189	-0.122917	0.974977	-0.185234	-0.983206	-0.094265	0.156272
24606	10.505427	0.534817	-0.789783	0.832629	1.876785	0.288182	0.152782	0.206357	0.966475	-0.131740	0.973481	-0.187028	-0.979440	-0.098749	0.175915
24607	10.444959	-0.177768	-1.042271	0.478357	1.791520	0.368328	0.169765	0.211753	0.962466	-0.137043	0.972226	-0.189727	-0.975909	-0.099690	0.194069
24608	9.853799	-0.568415	-1.125723	0.244573	1.740409	0.410854	0.185919	0.217845	0.958111	-0.140152	0.971021	-0.193585	-0.972518	-0.098290	0.211063
24609	9.071737	-0.931441	-1.275225	0.121446	1.620873	0.432896	0.201007	0.223656	0.953716	-0.142203	0.969936	-0.197488	-0.969213	-0.095925	0.226768
24610	8.480867	-1.529872	-1.476704	0.155290	1.481499	0.437264	0.214476	0.229621	0.949355	-0.144540	0.968733	-0.201654	-0.965975	-0.093970	0.240959
24611	7.989644	-1.703967	-1.607517	0.343313	1.347844	0.428219	0.226807	0.235070	0.945146	-0.148831	0.967403	-0.204890	-0.962501	-0.094197	0.254399
24612	7.483818	-1.704636	-1.604350	0.478278	1.181848	0.378038	0.237405	0.240181	0.941250	-0.154411	0.965963	-0.207540	-0.959060	-0.096069	0.266411
24613	7.361329	-1.757156	-1.723692	0.580561	1.010852	0.299551	0.246573	0.244095	0.937880	-0.160732	0.964658	-0.208807	-0.955702	-0.099261	0.277092
24614	7.314091	-2.023437	-1.823819	0.709004	0.867923	0.227695	0.254366	0.247328	0.934948	-0.168116	0.963335	-0.209099	-0.952384	-0.103992	0.286619
24615	7.085027	-2.393114	-1.914446	0.919162	0.756573	0.159850	0.261243	0.249715	0.932413	-0.177304	0.961937	-0.207945	-0.948850	-0.110996	0.295575
24616	6.698897	-2.600601	-1.722381	1.180633	0.660929	0.067815	0.267298	0.251278	0.930275	-0.188785	0.960349	-0.205157	-0.944940	-0.120784	0.304137
24617	6.391162	-2.363935	-1.453521	1.520616	0.550269	0.000116	0.272446	0.252015	0.928581	-0.203159	0.958398	-0.200500	-0.940478	-0.134024	0.312311
24618	6.232826	-1.864470	-1.111864	1.793449	0.448846	-0.047169	0.276680	0.252337	0.927240	-0.219975	0.955918	-0.194503	-0.935446	-0.150154	0.319991
24619	6.349170	-1.389433	-0.744602	1.882155	0.325928	-0.077880	0.279858	0.252145	0.926338	-0.237354	0.953112	-0.187725	-0.930238	-0.167334	0.326584
24620	6.789204	-1.150153	-0.127067	1.827300	0.219065	-0.072317	0.282008	0.251980	0.925731	-0.254251	0.950024	-0.181139	-0.925110	-0.184286	0.331981
24621	7.329138	-0.986638	0.715138	1.724662	0.151900	-0.039036	0.283470	0.251934	0.925297	-0.270092	0.946790	-0.175041	-0.920160	-0.200296	0.336432
24622	7.663015	-0.905997	1.995580	1.573009	0.107811	0.007346	0.284374	0.252345	0.924907	-0.284684	0.943450	-0.169875	-0.915471	-0.214998	0.340132
24623	7.990466	-0.898428	3.139614	1.350568	0.025617	0.057755	0.284398	0.252977	0.924727	-0.297224	0.940298	-0.165826	-0.911469	-0.227690	0.342609
24624	8.087039	-0.982134	3.880956	1.094661	-0.102114	0.097020	0.283116	0.253764	0.924905	-0.307596	0.937443	-0.163048	-0.908422	-0.238335	0.343462
24625	8.257669	-0.916324	4.201498	0.900797	-0.223331	0.089329	0.280768	0.254088	0.925532	-0.316059	0.935011	-0.160811	-0.906243	-0.247372	0.342828
24626	8.530191	-0.900420	4.490859	0.775205	-0.254771	0.038908	0.278281	0.253921	0.926328	-0.323318	0.932906	-0.158596	-0.904448	-0.255364	0.341707
24627	8.685535	-0.812609	4.972361	0.739112	-0.221334	-0.066996	0.276456	0.252753	0.927194	-0.329848	0.931142	-0.155481	-0.902647	-0.262850	0.340790
24628	8.715696	-0.241097	5.710790	0.844168	-0.209279	-0.176690	0.275103	0.250660	0.928164	-0.337104	0.929272	-0.151044	-0.900377	-0.271335	0.340144
24629	8.703101	0.361527	6.223703	1.046760	-0.284144	-0.267841	0.273418	0.247417	0.929531	-0.345818	0.927026	-0.145029	-0.897581	-0.281794	0.339027
24630	8.903986	1.398102	6.699233	1.366714	-0.389969	-0.321203	0.271003	0.243422	0.931291	-0.357310	0.923810	-0.137491	-0.893805	-0.295499	0.337333
24631	9.273184	2.781333	7.630737	1.440764	-0.415203	-0.336753	0.268479	0.239089	0.933143	-0.369288	0.920243	-0.129534	-0.889688	-0.309821	0.335359
24632	9.855432	3.013445	8.490252	1.129394	-0.362736	-0.307661	0.266365	0.235206	0.934734	-0.378606	0.917356	-0.122944	-0.886401	-0.321148	0.333402
24633	10.390163	2.363800	9.033457	0.699976	-0.232106	-0.218570	0.265099	0.232476	0.935776	-0.384260	0.915575	-0.118600	-0.884346	-0.328141	0.332049
24634	10.021819	1.843147	8.925853	0.245434	-0.010468	-0.072859	0.265254	0.231849	0.935888	-0.386331	0.914890	-0.117151	-0.883396	-0.330487	0.332249
24635	8.937671	1.975742	7.998368	-0.180474	0.180353	0.079490	0.266495	0.233197	0.935200	-0.384985	0.915281	-0.118525	-0.883610	-0.328452	0.333695
24636	6.932248	2.598837	6.633880	-0.701158	0.224347	0.241606	0.267530	0.236209	0.934148	-0.379519	0.916948	-0.123170	-0.885660	-0.321575	0.334957
24637	5.032741	2.661849	4.463136	-1.374913	-0.019599	0.341638	0.266033	0.239313	0.933785	-0.368255	0.920452	-0.130981	-0.890850	-0.309026	0.332999
24638	4.337036	2.111759	2.575215	-2.088833	-0.435353	0.334928	0.260915	0.241156	0.934755	-0.350516	0.925878	-0.141027	-0.899479	-0.290851	0.326104
24639	5.352260	0.662924	2.082694	-2.647174	-0.895766	0.196142	0.252098	0.240503	0.937339	-0.327096	0.932790	-0.151363	-0.910744	-0.268441	0.313822
24640	8.564898	-2.296828	2.109289	-2.716788	-1.251859	-0.114019	0.240970	0.236260	0.941337	-0.301977	0.940025	-0.158629	-0.922358	-0.246037	0.297863
24641	13.800444	-5.175582	2.772185	-2.441109	-1.393151	-0.352283	0.229026	0.229677	0.945936	-0.278543	0.946594	-0.162398	-0.932717	-0.226290	0.280770
24642	18.201552	-8.227354	2.997918	-1.522379	-1.072825	-0.224342	0.219578	0.225242	0.949237	-0.263868	0.950430	-0.164488	-0.939233	-0.214355	0.268128
24643	16.263864	-8.564575	2.203049	-0.245112	-0.479503	0.125450	0.214698	0.225442	0.950306	-0.261873	0.950656	-0.166362	-0.940918	-0.213142	0.263141
24644	11.766311	-4.225197	-0.448378	0.361995	-0.398911	0.354071	0.209984	0.228032	0.950741	-0.266143	0.949032	-0.168841	-0.940784	-0.217579	0.259970
24645	8.925619	0.317085	-2.606633	-0.095123	-0.559097	0.396150	0.203623	0.230604	0.951504	-0.266103	0.948314	-0.172885	-0.942192	-0.217995	0.254463
24646	7.516209	1.590088	-1.674475	-0.838595	-0.695788	0.226718	0.196431	0.231337	0.952837	-0.258740	0.949555	-0.177200	-0.945763	-0.211729	0.246379
24647	7.757794	0.676744	-0.200089	-1.230751	-0.849394	0.001355	0.188332	0.229626	0.954884	-0.247110	0.952082	-0.180214	-0.950509	-0.202021	0.236050
24648	8.858729	-0.505733	-0.067793	-1.402673	-1.085661	-0.122963	0.178254	0.226376	0.957591	-0.233590	0.955092	-0.182303	-0.955856	-0.191187	0.223128
24649	10.478618	-2.073226	-0.596769	-1.371506	-1.332741	-0.125924	0.165722	0.222724	0.960692	-0.220263	0.957913	-0.184084	-0.961260	-0.181098	0.207805
24650	11.169341	-2.738751	-0.864903	-1.152297	-1.400117	-0.053868	0.152322	0.219777	0.963585	-0.209137	0.960051	-0.185911	-0.965950	-0.173203	0.192200
24651	11.185668	-3.216838	-0.809303	-1.014238	-1.419901	0.048371	0.138437	0.217864	0.966111	-0.199424	0.961655	-0.188283	-0.970085	-0.166601	0.176576
24652	10.352640	-3.030463	-0.617722	-0.688884	-1.281672	0.121138	0.125718	0.216969	0.968049	-0.192954	0.962504	-0.190667	-0.973121	-0.162819	0.162869
24653	9.461349	-2.543502	-0.075105	-0.356712	-1.196418	0.168013	0.113701	0.216677	0.969599	-0.189715	0.962706	-0.192890	-0.975234	-0.162015	0.150567
24654	9.023886	-2.327514	1.018755	-0.253496	-1.152875	0.174428	0.102089	0.216540	0.970921	-0.187493	0.962717	-0.194996	-0.976946	-0.162133	0.138883
24655	8.775974	-2.415131	1.197652	-0.282335	-1.143280	0.174162	0.090546	0.216399	0.972097	-0.184933	0.962783	-0.197100	-0.978571	-0.161927	0.127195
24656	8.772301	-2.317841	0.565136	-0.177096	-1.065441	0.128014	0.079846	0.215958	0.973132	-0.183376	0.962770	-0.198612	-0.979795	-0.162591	0.116475
24657	8.883627	-1.048893	0.977044	-0.189435	-1.009447	0.070401	0.069781	0.215027	0.974112	-0.181605	0.962913	-0.199546	-0.980893	-0.162979	0.106243
24658	9.194211	-0.297298	1.223157	-0.360117	-0.924749	0.014425	0.060648	0.213718	0.975011	-0.178144	0.963444	-0.200101	-0.982134	-0.161557	0.096503
24659	9.245389	-0.326929	1.361864	-0.570938	-0.840998	-0.029495	0.052393	0.212125	0.975837	-0.172548	0.964405	-0.200376	-0.983607	-0.157880	0.087130
24660	9.478846	-1.395845	0.784452	-0.802300	-0.798435	-0.104963	0.044683	0.209920	0.976697	-0.164651	0.965851	-0.200056	-0.985339	-0.151875	0.077720
24661	9.689422	-2.081395	0.476036	-0.889071	-0.737394	-0.129210	0.037578	0.207612	0.977489	-0.155861	0.967426	-0.199483	-0.987064	-0.144856	0.068712
24662	9.257839	-2.832683	0.151627	-0.979038	-0.701841	-0.090910	0.030755	0.205786	0.978114	-0.146206	0.968977	-0.199267	-0.988776	-0.136878	0.059888
24663	9.147600	-3.296951	-0.535129	-0.905947	-0.775956	-0.087760	0.023162	0.203937	0.978710	-0.137249	0.970352	-0.198947	-0.990266	-0.129719	0.050466
24664	9.638506	-3.045830	-1.079351	-0.835422	-0.815327	-0.106935	0.015197	0.201917	0.979285	-0.129010	0.971607	-0.198332	-0.991527	-0.123323	0.040815
24665	9.584928	-3.109575	-1.366775	-0.760801	-0.786119	-0.140007	0.007535	0.199646	0.979839	-0.121477	0.972793	-0.197276	-0.992566	-0.117541	0.031582
24666	9.206219	-3.351767	-1.625511	-0.686010	-0.839844	-0.184038	-0.000618	0.196941	0.980415	-0.114720	0.973929	-0.195710	-0.993398	-0.112594	0.021991
24667	9.283975	-3.413914	-1.712252	-0.610552	-0.943798	-0.224363	-0.009784	0.193748	0.981002	-0.108695	0.975030	-0.193653	-0.994027	-0.108525	0.011519
24668	9.662623	-3.390812	-1.606412	-0.495656	-0.978509	-0.242510	-0.019290	0.190396	0.981518	-0.103877	0.976006	-0.191368	-0.994403	-0.105648	0.000951
24669	9.720834	-3.131436	-1.114363	-0.320102	-0.954612	-0.261541	-0.028553	0.186877	0.981968	-0.100786	0.976824	-0.188829	-0.994498	-0.104360	-0.009057
24670	9.657944	-3.422619	-0.820351	-0.175801	-0.936956	-0.256301	-0.037650	0.183457	0.982307	-0.099200	0.977462	-0.186354	-0.994355	-0.104461	-0.018602
24671	9.341277	-2.919473	-0.501085	-0.022482	-0.907529	-0.239787	-0.046472	0.180195	0.982532	-0.099106	0.977911	-0.184035	-0.993991	-0.105927	-0.027587
24672	9.204346	-2.531933	-0.276465	-0.031047	-0.929156	-0.246695	-0.055499	0.176864	0.982669	-0.099019	0.978359	-0.181681	-0.993537	-0.107386	-0.036785
24673	9.383983	-2.006852	-0.066712	-0.054170	-0.905896	-0.254381	-0.064284	0.173434	0.982745	-0.098662	0.978853	-0.179201	-0.993043	-0.108479	-0.045813
24674	9.298411	-1.698760	0.230293	-0.145918	-0.873810	-0.263761	-0.072739	0.169973	0.982760	-0.097487	0.979440	-0.176614	-0.992575	-0.108653	-0.054673
24675	9.258706	-1.681724	0.255819	-0.238983	-0.876510	-0.276254	-0.081208	0.166355	0.982716	-0.095356	0.980153	-0.173801	-0.992125	-0.107822	-0.063734
24676	9.421376	-1.613604	0.334172	-0.310441	-0.867434	-0.277163	-0.089590	0.162774	0.982588	-0.092599	0.980920	-0.170941	-0.991665	-0.106301	-0.072808
24677	9.390682	-1.667570	0.485800	-0.367496	-0.828028	-0.272113	-0.097589	0.159271	0.982400	-0.089237	0.981735	-0.168027	-0.991218	-0.104064	-0.081594
24678	9.398663	-1.893452	0.661786	-0.411581	-0.782111	-0.263046	-0.105146	0.155955	0.982152	-0.085523	0.982550	-0.165174	-0.990772	-0.101364	-0.089974
24679	9.460423	-2.340521	0.807841	-0.428298	-0.719368	-0.256146	-0.112095	0.152757	0.981886	-0.081584	0.983363	-0.162301	-0.990343	-0.098299	-0.097767
24680	9.350919	-2.802415	0.901100	-0.403651	-0.629292	-0.239059	-0.118170	0.149873	0.981618	-0.077975	0.984091	-0.159637	-0.989927	-0.095406	-0.104604
24681	8.910044	-2.989703	0.829066	-0.433835	-0.586699	-0.215695	-0.123849	0.147238	0.981317	-0.073967	0.984809	-0.157097	-0.989540	-0.092042	-0.111077
24682	8.883463	-3.042468	0.569869	-0.499143	-0.629941	-0.259240	-0.129929	0.144191	0.980983	-0.069469	0.985614	-0.154073	-0.989087	-0.088167	-0.118043
24683	9.351642	-3.158696	0.395684	-0.554367	-0.679279	-0.317380	-0.136470	0.140517	0.980628	-0.064435	0.986534	-0.150330	-0.988546	-0.083703	-0.125578
24684	9.370877	-3.597102	0.516481	-0.568623	-0.694434	-0.323763	-0.143164	0.136842	0.980193	-0.059405	0.987421	-0.146527	-0.987914	-0.079206	-0.133235
24685	8.966737	-4.289540	0.805324	-0.560472	-0.727834	-0.290344	-0.150223	0.133453	0.979604	-0.054321	0.988237	-0.142959	-0.987159	-0.074689	-0.141206
24686	9.228126	-4.592268	0.739398	-0.511174	-0.828848	-0.283382	-0.158286	0.130144	0.978779	-0.049878	0.988956	-0.139564	-0.986133	-0.070911	-0.150046
24687	9.971273	-3.629094	0.602417	-0.481594	-0.860235	-0.304364	-0.166654	0.126579	0.977857	-0.045650	0.989672	-0.135888	-0.984958	-0.067286	-0.159154
24688	10.530259	-2.027959	0.760435	-0.615056	-0.778297	-0.344453	-0.174200	0.122763	0.977028	-0.040358	0.990475	-0.131648	-0.983883	-0.062363	-0.167586
24689	10.556488	-0.591837	1.260556	-0.937500	-0.638581	-0.427160	-0.180360	0.118199	0.976473	-0.031918	0.991527	-0.125917	-0.983083	-0.053877	-0.175060
24690	10.422563	-0.584822	1.705527	-1.308052	-0.479700	-0.496080	-0.184973	0.113145	0.976209	-0.020141	0.992705	-0.118873	-0.982537	-0.041651	-0.181345
24691	9.929902	-1.344463	2.022773	-1.521358	-0.341761	-0.533818	-0.188294	0.107767	0.976182	-0.006216	0.993811	-0.110912	-0.982093	-0.026952	-0.186458
24692	9.648680	-2.294469	2.352536	-1.560898	-0.285387	-0.493793	-0.191120	0.102898	0.976158	0.007999	0.994620	-0.103278	-0.981534	-0.011930	-0.190915
24693	9.534323	-3.283395	2.784845	-1.441605	-0.252739	-0.374014	-0.193687	0.099207	0.976034	0.021402	0.995065	-0.096895	-0.980830	0.002122	-0.194854
24694	9.656645	-4.661381	3.141888	-1.117020	-0.188287	-0.195659	-0.195600	0.097377	0.975837	0.031783	0.995165	-0.092935	-0.980169	0.012837	-0.197749
24695	10.574378	-5.531373	3.623996	-0.596249	-0.151587	-0.036907	-0.197130	0.097077	0.975559	0.037531	0.995103	-0.091438	-0.979659	0.018588	-0.199808
