// General information: 
//  MT Manager version: 2022.2.0 
//  XDA version: 2022.2.0 build 7381 rev 124627 built on 2023-07-19
// Device information: 
//  DeviceId: 00B4CBA7
//  ProductCode: MTW2-3A7G6
//  Firmware Version: 4.6.0
//  Hardware Version: 2.0.0
// Device settings: 
//  Filter Profile: human(46.1)
//  Option Flags: Orientation Smoother Disabled, Position/Velocity Smoother Disabled, Continuous Zero Rotation Update Disabled, AHS Disabled, ICC Disabled
// Coordinate system: ENU
PacketCounter	Acc_X	Acc_Y	Acc_Z	Gyr_X	Gyr_Y	Gyr_Z	Mat[1][1]	Mat[2][1]	Mat[3][1]	Mat[1][2]	Mat[2][2]	Mat[3][2]	Mat[1][3]	Mat[2][3]	Mat[3][3]
63192	9.686982	0.470573	-1.009006	-0.024826	0.012381	0.001642	-0.035506	-0.102557	0.994093	-0.673191	0.737635	0.052055	-0.738616	-0.667366	-0.095231
63193	9.698790	0.522661	-0.996576	-0.009738	0.010502	0.002806	-0.035416	-0.102493	0.994103	-0.673124	0.737694	0.052076	-0.738681	-0.667310	-0.095117
63194	9.673820	0.535002	-0.975320	-0.003766	0.015811	0.007294	-0.035329	-0.102354	0.994120	-0.673073	0.737743	0.052039	-0.738732	-0.667277	-0.094955
63195	9.682424	0.550421	-1.003185	0.009971	0.017647	0.002115	-0.035181	-0.102248	0.994137	-0.673151	0.737671	0.052048	-0.738667	-0.667373	-0.094780
63196	9.716206	0.553002	-1.050711	0.012544	0.022362	0.006946	-0.035068	-0.102061	0.994160	-0.673146	0.737680	0.051986	-0.738677	-0.667392	-0.094571
63197	9.758115	0.560644	-0.971556	-0.005319	0.020334	0.006634	-0.034931	-0.101903	0.994181	-0.673111	0.737714	0.051965	-0.738716	-0.667379	-0.094361
63198	9.786798	0.473302	-0.967558	-0.018002	0.024283	0.006873	-0.034753	-0.101696	0.994208	-0.672967	0.737846	0.051949	-0.738856	-0.667263	-0.094080
63199	9.760434	0.442602	-1.009101	-0.004093	0.028763	0.005115	-0.034543	-0.101493	0.994236	-0.672940	0.737871	0.051942	-0.738890	-0.667267	-0.093787
63200	9.784179	0.436172	-1.002546	0.008887	0.034449	0.003221	-0.034213	-0.101249	0.994273	-0.673122	0.737704	0.051959	-0.738740	-0.667489	-0.093392
63201	9.731280	0.485423	-1.068403	0.002561	0.038016	0.006939	-0.033948	-0.100970	0.994310	-0.673145	0.737686	0.051928	-0.738731	-0.667552	-0.093010
63202	9.721759	0.536070	-1.080318	0.005963	0.038608	0.006590	-0.033668	-0.100687	0.994348	-0.673211	0.737627	0.051897	-0.738684	-0.667659	-0.092618
63203	9.715902	0.463014	-1.157418	0.007807	0.051251	0.004304	-0.033287	-0.100339	0.994396	-0.673273	0.737571	0.051887	-0.738645	-0.667773	-0.092107
63204	9.753366	0.502045	-1.161035	0.007021	0.051920	0.000359	-0.032862	-0.100009	0.994444	-0.673347	0.737501	0.051918	-0.738595	-0.667900	-0.091576
63205	9.773829	0.509375	-1.105326	-0.002092	0.059108	0.003643	-0.032418	-0.099613	0.994498	-0.673337	0.737510	0.051923	-0.738625	-0.667949	-0.090982
63206	9.764674	0.450288	-1.133871	0.000142	0.066059	0.000348	-0.031947	-0.099218	0.994553	-0.673312	0.737532	0.051949	-0.738668	-0.667984	-0.090367
63207	9.716382	0.408661	-1.042211	-0.001715	0.076001	-0.001239	-0.031346	-0.098746	0.994619	-0.673305	0.737534	0.052003	-0.738700	-0.668052	-0.089605
63208	9.750357	0.461692	-0.996593	-0.002947	0.075099	-0.001021	-0.030835	-0.098302	0.994679	-0.673178	0.737648	0.052032	-0.738838	-0.667991	-0.088920
63209	9.705527	0.516908	-0.931886	0.002931	0.085017	-0.003151	-0.030154	-0.097783	0.994751	-0.673206	0.737617	0.052100	-0.738840	-0.668101	-0.088071
63210	9.605215	0.568179	-0.844855	0.001008	0.080170	-0.000275	-0.029503	-0.097254	0.994822	-0.673219	0.737602	0.052143	-0.738854	-0.668195	-0.087235
63211	9.561381	0.555954	-0.735320	-0.012595	0.077798	0.001038	-0.028904	-0.096753	0.994889	-0.673131	0.737680	0.052183	-0.738958	-0.668182	-0.086450
63212	9.611785	0.469862	-0.699092	-0.007951	0.071761	0.001740	-0.028295	-0.096260	0.994954	-0.673139	0.737669	0.052225	-0.738974	-0.668265	-0.085669
63213	9.673738	0.435682	-0.651597	0.012315	0.075851	0.003522	-0.027727	-0.095754	0.995019	-0.673235	0.737583	0.052220	-0.738909	-0.668433	-0.084916
63214	9.746316	0.410150	-0.656862	0.033430	0.071475	0.008649	-0.027252	-0.095245	0.995081	-0.673451	0.737391	0.052136	-0.738729	-0.668718	-0.084239
63215	9.780707	0.522285	-0.680438	0.036757	0.064808	0.011496	-0.026820	-0.094753	0.995139	-0.673725	0.737148	0.052031	-0.738495	-0.669055	-0.083608
63216	9.756808	0.594224	-0.723162	0.034675	0.064844	0.009670	-0.026415	-0.094289	0.995194	-0.673945	0.736954	0.051934	-0.738309	-0.669335	-0.083012
63217	9.714629	0.591203	-0.770986	0.021763	0.069605	0.015492	-0.025974	-0.093735	0.995258	-0.674107	0.736815	0.051802	-0.738177	-0.669565	-0.082326
63218	9.680226	0.543871	-0.780054	-0.002828	0.055420	0.007956	-0.025601	-0.093333	0.995306	-0.674071	0.736851	0.051759	-0.738223	-0.669582	-0.081778
63219	9.755578	0.554381	-0.745898	-0.000508	0.057757	0.011256	-0.025219	-0.092890	0.995357	-0.674070	0.736857	0.051687	-0.738237	-0.669637	-0.081197
63220	9.725907	0.536550	-0.738029	0.016122	0.058874	0.011891	-0.024842	-0.092434	0.995409	-0.674179	0.736763	0.051591	-0.738150	-0.669803	-0.080620
63221	9.666046	0.502061	-0.728129	0.025794	0.056162	0.009780	-0.024462	-0.092012	0.995457	-0.674373	0.736592	0.051513	-0.737986	-0.670049	-0.080069
63222	9.656981	0.441886	-0.757490	0.025716	0.056431	0.011660	-0.024025	-0.091554	0.995510	-0.674680	0.736316	0.051435	-0.737720	-0.670415	-0.079459
63223	9.649419	0.331572	-0.874055	0.034926	0.059677	0.012410	-0.023637	-0.091089	0.995562	-0.674940	0.736086	0.051324	-0.737494	-0.670731	-0.078878
63224	9.766129	0.256894	-0.913092	0.048633	0.061764	0.009193	-0.023155	-0.090607	0.995618	-0.675369	0.735697	0.051246	-0.737116	-0.671223	-0.078228
63225	9.904827	0.310828	-1.038106	0.047052	0.070886	0.001850	-0.022613	-0.090143	0.995672	-0.675721	0.735375	0.051231	-0.736810	-0.671638	-0.077541
63226	10.001436	0.363233	-1.215889	0.044378	0.092472	0.003977	-0.021925	-0.089530	0.995743	-0.676110	0.735019	0.051201	-0.736474	-0.672109	-0.076647
63227	10.035736	0.346275	-1.427432	0.051212	0.120816	-0.007360	-0.020954	-0.088798	0.995829	-0.676494	0.734661	0.051275	-0.736150	-0.672598	-0.075465
63228	9.897488	0.383103	-1.438715	0.032268	0.129477	-0.019381	-0.019793	-0.088072	0.995917	-0.676786	0.734376	0.051492	-0.735913	-0.673004	-0.074141
63229	9.880657	0.420723	-1.412111	-0.005408	0.140253	-0.026739	-0.018548	-0.087350	0.996005	-0.676757	0.734382	0.051803	-0.735973	-0.673093	-0.072736
63230	9.761804	0.554559	-1.242543	-0.034280	0.164557	-0.039072	-0.017022	-0.086534	0.996103	-0.676489	0.734597	0.052256	-0.736256	-0.672963	-0.071044
63231	9.755837	0.341620	-1.060486	-0.045645	0.172322	-0.034076	-0.015491	-0.085651	0.996205	-0.676164	0.734867	0.052668	-0.736589	-0.672781	-0.069298
63232	9.815335	0.472181	-0.895683	-0.015469	0.180670	-0.039478	-0.013793	-0.084718	0.996309	-0.676123	0.734871	0.053127	-0.736660	-0.672895	-0.067416
63233	9.625431	0.533073	-0.581440	-0.006936	0.187496	-0.037484	-0.012126	-0.083758	0.996412	-0.676082	0.734878	0.053546	-0.736727	-0.673007	-0.065539
63234	9.566902	0.325589	-0.533048	0.007272	0.189737	-0.031114	-0.010453	-0.082720	0.996518	-0.676176	0.734766	0.053900	-0.736666	-0.673258	-0.063614
63235	9.686748	0.291527	-0.517125	0.091139	0.191800	-0.028740	-0.008814	-0.081665	0.996621	-0.676855	0.734120	0.054169	-0.736064	-0.674090	-0.061746
63236	9.798823	0.411427	-0.521561	0.153161	0.197477	-0.021905	-0.007148	-0.080510	0.996728	-0.678054	0.733001	0.054345	-0.734978	-0.675447	-0.059830
63237	9.872190	0.711536	-0.481938	0.177881	0.191498	-0.008879	-0.005649	-0.079306	0.996834	-0.679365	0.731783	0.054369	-0.733778	-0.676908	-0.058012
63238	9.904808	0.954866	-0.303058	0.144886	0.189936	0.002729	-0.004159	-0.077990	0.996945	-0.680549	0.730686	0.054322	-0.732691	-0.678245	-0.056114
63239	9.833902	1.005117	0.024371	0.128931	0.194283	0.018101	-0.002827	-0.076565	0.997061	-0.681498	0.729817	0.054111	-0.731815	-0.679342	-0.054242
63240	9.492165	0.698154	0.480017	0.118356	0.195243	0.014426	-0.001510	-0.075183	0.997169	-0.682325	0.729057	0.053935	-0.731047	-0.680312	-0.052400
63241	9.145585	0.319117	0.855075	0.179844	0.211747	0.019273	-0.000063	-0.073626	0.997286	-0.683643	0.727839	0.053690	-0.729816	-0.681784	-0.050380
63242	8.850744	0.196323	1.158299	0.326239	0.198491	0.028910	0.001220	-0.072082	0.997398	-0.686033	0.725617	0.053280	-0.727569	-0.684313	-0.048566
63243	8.986123	0.220684	1.412769	0.432917	0.121072	0.053010	0.001767	-0.070893	0.997482	-0.689182	0.722678	0.052583	-0.724586	-0.687540	-0.047582
63244	9.354282	0.620788	1.365109	0.475658	0.068291	0.064105	0.001881	-0.069967	0.997548	-0.692698	0.719368	0.051762	-0.721225	-0.691097	-0.047113
63245	9.433154	0.971794	1.290380	0.479570	0.051091	0.070316	0.001793	-0.069133	0.997606	-0.696155	0.716086	0.050876	-0.717889	-0.694580	-0.046844
63246	9.241089	1.171465	1.223632	0.325157	-0.034196	0.072846	0.001102	-0.068860	0.997626	-0.698600	0.713760	0.050039	-0.715511	-0.696997	-0.047319
63247	9.192389	1.160301	0.951147	0.250028	-0.108443	0.082536	-0.000217	-0.069054	0.997613	-0.700392	0.712065	0.049136	-0.713758	-0.698710	-0.048519
63248	9.093518	1.200771	0.986204	0.235594	-0.154524	0.100342	-0.001908	-0.069401	0.997587	-0.702235	0.710320	0.048073	-0.711943	-0.700449	-0.050091
63249	8.913098	1.361667	1.069377	0.197994	-0.226822	0.113400	-0.004285	-0.070211	0.997523	-0.703645	0.709004	0.046881	-0.710539	-0.701701	-0.052442
63250	9.159657	1.196872	1.045856	0.204376	-0.302381	0.137768	-0.007251	-0.071309	0.997428	-0.705236	0.707514	0.045456	-0.708936	-0.703092	-0.055420
63251	9.406824	1.361678	1.057628	0.179486	-0.369269	0.168100	-0.011019	-0.072743	0.997290	-0.706497	0.706364	0.043717	-0.707630	-0.704101	-0.059177
63252	9.768157	1.324295	0.882962	0.057835	-0.415452	0.200964	-0.015287	-0.074237	0.997123	-0.707001	0.705981	0.041722	-0.707047	-0.704330	-0.063278
63253	10.288375	0.881225	0.262398	-0.099515	-0.409130	0.204620	-0.019593	-0.075696	0.996938	-0.706267	0.706826	0.039788	-0.707674	-0.703326	-0.067310
63254	10.469308	-0.103429	-0.984849	-0.151875	-0.355575	0.195075	-0.023364	-0.076785	0.996774	-0.705294	0.707895	0.038000	-0.708530	-0.702131	-0.070695
63255	10.403060	-0.871450	-2.042186	-0.079752	-0.345381	0.198457	-0.027177	-0.077827	0.996596	-0.704685	0.708600	0.036120	-0.708999	-0.701305	-0.074101
63256	10.251931	-0.770685	-2.958204	0.094948	-0.321628	0.185305	-0.030649	-0.078737	0.996424	-0.705395	0.707986	0.034247	-0.708151	-0.701823	-0.077240
63257	10.120061	0.227287	-3.371493	0.066862	-0.310934	0.150168	-0.033876	-0.079881	0.996229	-0.705827	0.707627	0.032739	-0.707574	-0.702056	-0.080353
63258	10.128535	0.429647	-3.472348	-0.177482	-0.289649	0.096114	-0.036462	-0.081195	0.996031	-0.704679	0.708805	0.031985	-0.708589	-0.700716	-0.083061
63259	10.070444	0.005200	-3.281022	-0.329738	-0.226302	0.063163	-0.038478	-0.082354	0.995860	-0.702322	0.711154	0.031673	-0.710819	-0.698196	-0.085203
63260	9.928821	-0.433060	-3.060450	-0.330163	-0.163353	0.040976	-0.039785	-0.083176	0.995740	-0.700107	0.713337	0.031613	-0.712928	-0.695867	-0.086613
63261	9.752793	-0.515610	-2.493008	-0.223699	-0.121188	0.027706	-0.040810	-0.083845	0.995643	-0.698507	0.714906	0.031573	-0.714439	-0.694175	-0.087742
63262	9.665722	-0.347701	-1.869716	-0.111163	-0.094100	0.022847	-0.041581	-0.084350	0.995568	-0.697759	0.715640	0.031490	-0.715124	-0.693358	-0.088613
63263	9.627376	-0.011630	-1.244368	-0.010373	-0.076442	0.024694	-0.042266	-0.084727	0.995507	-0.697682	0.715723	0.031294	-0.715159	-0.693225	-0.089364
63264	9.557802	0.261693	-0.676407	0.067026	-0.050032	0.032637	-0.042759	-0.084836	0.995477	-0.698219	0.715214	0.030961	-0.714606	-0.693737	-0.089816
63265	9.504765	0.518403	-0.230101	0.142453	-0.048240	0.051020	-0.043426	-0.084831	0.995449	-0.699222	0.714259	0.030365	-0.713584	-0.694721	-0.090333
63266	9.577773	0.823051	0.156026	0.195692	-0.063528	0.066601	-0.044251	-0.084811	0.995414	-0.700724	0.712819	0.029583	-0.712059	-0.696201	-0.090972
63267	9.566916	0.983514	0.502261	0.194643	-0.109167	0.084666	-0.045587	-0.084993	0.995338	-0.702078	0.711526	0.028603	-0.710640	-0.697501	-0.092108
63268	9.575907	1.111671	0.674821	0.188870	-0.155913	0.105254	-0.047279	-0.085305	0.995232	-0.703526	0.710139	0.027447	-0.709095	-0.698874	-0.093590
63269	9.426960	1.140928	0.710151	0.143885	-0.195632	0.133754	-0.049573	-0.085748	0.995083	-0.704489	0.709238	0.026020	-0.707982	-0.699735	-0.095568
63270	9.335722	1.035120	0.635916	0.077704	-0.246352	0.156609	-0.052296	-0.086352	0.994891	-0.705098	0.708688	0.024448	-0.707179	-0.700217	-0.097949
63271	9.521535	0.799849	0.360624	-0.013036	-0.285153	0.175638	-0.055516	-0.087128	0.994649	-0.704919	0.708923	0.022754	-0.707112	-0.699884	-0.100775
63272	9.824848	0.445325	-0.076925	-0.056092	-0.283426	0.180825	-0.058708	-0.087798	0.994407	-0.704421	0.709470	0.021053	-0.707350	-0.699245	-0.103498
63273	9.788335	-0.024102	-0.883012	-0.022777	-0.280543	0.188271	-0.061984	-0.088447	0.994150	-0.704155	0.709786	0.019245	-0.707336	-0.698843	-0.106276
63274	9.954699	0.118281	-1.575066	0.016470	-0.275419	0.194695	-0.065167	-0.088983	0.993899	-0.704316	0.709674	0.017356	-0.706889	-0.698888	-0.108919
63275	9.962687	0.405331	-2.142049	-0.011565	-0.242979	0.191148	-0.068196	-0.089348	0.993663	-0.704116	0.709916	0.015509	-0.706803	-0.698596	-0.111325
63276	9.836630	0.503211	-2.518451	-0.117304	-0.219788	0.187431	-0.070921	-0.089543	0.993455	-0.703343	0.710716	0.013849	-0.707304	-0.697757	-0.113385
63277	9.875570	0.338683	-2.794493	-0.208831	-0.185442	0.176569	-0.073440	-0.089603	0.993266	-0.701746	0.712320	0.012373	-0.708632	-0.696112	-0.115192
63278	9.605475	0.057364	-2.756333	-0.224018	-0.141511	0.173767	-0.075503	-0.089311	0.993138	-0.700145	0.713916	0.010972	-0.709997	-0.694512	-0.116434
63279	9.390912	-0.205178	-2.512803	-0.166035	-0.102771	0.174324	-0.077418	-0.088802	0.993036	-0.698842	0.715213	0.009475	-0.711074	-0.693242	-0.117429
63280	9.284367	-0.314558	-2.338828	-0.033890	-0.063050	0.177068	-0.078938	-0.087942	0.992993	-0.698604	0.715465	0.007828	-0.711141	-0.693091	-0.117914
63281	9.334588	-0.119003	-1.871910	0.080619	-0.043104	0.185012	-0.080502	-0.086942	0.992955	-0.699040	0.715058	0.005936	-0.710537	-0.693637	-0.118340
63282	9.481476	0.023768	-1.460291	0.131519	-0.019937	0.192932	-0.081939	-0.085715	0.992945	-0.699825	0.714303	0.003911	-0.709599	-0.694567	-0.118515
63283	9.709576	0.136105	-1.138421	0.091139	-0.020570	0.204582	-0.083483	-0.084421	0.992927	-0.700312	0.713834	0.001811	-0.708938	-0.695208	-0.118713
63284	9.974655	0.062215	-0.933742	0.068946	-0.012993	0.209165	-0.084918	-0.083030	0.992922	-0.700755	0.713402	-0.000275	-0.708330	-0.695819	-0.118764
63285	10.094760	-0.041131	-1.058400	0.051373	-0.012455	0.208785	-0.086434	-0.081651	0.992906	-0.700950	0.713207	-0.002369	-0.707954	-0.696182	-0.118879
63286	9.953236	-0.022718	-1.256676	0.073460	0.006646	0.204944	-0.087645	-0.080117	0.992925	-0.701462	0.712693	-0.004412	-0.707297	-0.696886	-0.118663
63287	9.664347	0.106288	-1.444061	0.021723	0.002070	0.207081	-0.089047	-0.078651	0.992917	-0.701443	0.712696	-0.006453	-0.707141	-0.697050	-0.118633
63288	9.722988	0.201926	-1.609797	-0.048760	-0.004205	0.200032	-0.090262	-0.077242	0.992918	-0.701185	0.712931	-0.008280	-0.707243	-0.696967	-0.118511
63289	9.687225	0.116130	-1.690595	-0.087557	0.014922	0.196745	-0.091499	-0.075758	0.992919	-0.700397	0.713682	-0.010090	-0.707864	-0.696361	-0.118362
63290	9.529851	0.056537	-1.576978	-0.110325	0.004310	0.196933	-0.092699	-0.074303	0.992918	-0.699562	0.714474	-0.011845	-0.708533	-0.695706	-0.118211
63291	9.395847	-0.017742	-1.484246	-0.097717	0.000196	0.198072	-0.094047	-0.072910	0.992894	-0.698695	0.715289	-0.013656	-0.709211	-0.695015	-0.118213
63292	9.248775	0.083207	-1.449996	-0.034205	0.011225	0.208533	-0.095263	-0.071322	0.992894	-0.698407	0.715531	-0.015610	-0.709333	-0.694931	-0.117975
63293	9.234206	0.181951	-1.436750	-0.049437	0.015997	0.222385	-0.096666	-0.069643	0.992877	-0.697854	0.716021	-0.017719	-0.709687	-0.694596	-0.117815
63294	9.403027	-0.038589	-1.441588	-0.074824	0.018198	0.230087	-0.098055	-0.067901	0.992862	-0.697186	0.716615	-0.019845	-0.710152	-0.694156	-0.117608
63295	9.735902	-0.518671	-1.382624	-0.094115	0.020799	0.225710	-0.099444	-0.066162	0.992841	-0.696306	0.717410	-0.021935	-0.710823	-0.693502	-0.117411
63296	10.175137	-0.890525	-1.279893	-0.028506	0.025498	0.214298	-0.100642	-0.064463	0.992832	-0.695991	0.717650	-0.023956	-0.710962	-0.693414	-0.117092
63297	10.274454	-0.896191	-1.022455	0.085963	0.030676	0.203573	-0.101806	-0.062813	0.992819	-0.696407	0.717174	-0.026037	-0.710389	-0.694057	-0.116756
63298	10.095908	-0.569295	-0.572338	0.116970	0.017894	0.177849	-0.102832	-0.061434	0.992800	-0.697120	0.716412	-0.027875	-0.709541	-0.694968	-0.116497
63299	9.829145	-0.516926	-0.162942	0.096659	-0.002189	0.154842	-0.103892	-0.060363	0.992755	-0.697657	0.715825	-0.029485	-0.708859	-0.695666	-0.116481
63300	9.691995	-0.745460	0.109990	0.049795	-0.026740	0.137265	-0.104955	-0.059581	0.992691	-0.697932	0.715499	-0.030847	-0.708431	-0.696068	-0.116679
63301	9.697719	-0.888230	0.303761	0.085976	-0.068200	0.132952	-0.106330	-0.059129	0.992571	-0.698412	0.714970	-0.032227	-0.707753	-0.696650	-0.117319
63302	9.582874	-0.645129	0.440226	0.146074	-0.106043	0.129259	-0.107817	-0.058953	0.992421	-0.699524	0.713819	-0.033593	-0.706429	-0.697844	-0.118201
63303	9.612519	-0.499561	0.608391	0.145886	-0.152410	0.123770	-0.109723	-0.059158	0.992200	-0.700430	0.712864	-0.034955	-0.705236	-0.698802	-0.119654
63304	9.584575	-0.458771	0.547884	0.146439	-0.213581	0.116903	-0.111891	-0.059799	0.991920	-0.701518	0.711731	-0.036225	-0.703814	-0.699902	-0.121586
63305	9.384327	-0.070015	0.335913	0.149573	-0.257741	0.121870	-0.114522	-0.060761	0.991561	-0.702443	0.710747	-0.037577	-0.702466	-0.700818	-0.124077
63306	9.253909	-0.071092	-0.055940	0.057653	-0.291608	0.133536	-0.117351	-0.061861	0.991162	-0.702904	0.710220	-0.038895	-0.701537	-0.701256	-0.126827
63307	9.318353	-0.342427	-0.691392	0.025866	-0.306866	0.141145	-0.120458	-0.063033	0.990715	-0.702930	0.710117	-0.040286	-0.700985	-0.701256	-0.129847
63308	9.457795	-0.677921	-1.100287	-0.013610	-0.323528	0.138559	-0.123568	-0.064293	0.990251	-0.702808	0.710163	-0.041591	-0.700566	-0.701095	-0.132939
63309	9.867844	-0.976186	-1.729671	0.038720	-0.317652	0.136816	-0.126717	-0.065572	0.989769	-0.702920	0.709971	-0.042957	-0.699890	-0.701172	-0.136057
63310	9.948279	-0.780049	-2.089811	0.091217	-0.299779	0.127346	-0.129522	-0.066773	0.989326	-0.703653	0.709164	-0.044258	-0.698639	-0.701874	-0.138838
63311	9.798877	-0.944463	-2.477893	0.070966	-0.274054	0.106311	-0.132147	-0.067966	0.988897	-0.704022	0.708728	-0.045369	-0.697775	-0.702201	-0.141506
63312	9.857019	-0.856934	-2.537218	0.126154	-0.241311	0.095901	-0.134344	-0.068942	0.988534	-0.704961	0.707723	-0.046448	-0.696406	-0.703118	-0.143680
63313	9.823924	-0.328810	-2.228463	0.107686	-0.215306	0.091741	-0.136452	-0.069830	0.988182	-0.705599	0.707019	-0.047471	-0.695349	-0.703738	-0.145746
63314	9.617692	-0.366215	-1.925276	0.014757	-0.184207	0.077198	-0.138109	-0.070538	0.987902	-0.705798	0.706771	-0.048206	-0.694820	-0.703917	-0.147397
63315	9.502030	-0.874108	-1.845332	-0.052253	-0.187711	0.063357	-0.139823	-0.071433	0.987597	-0.705360	0.707173	-0.048714	-0.694922	-0.703423	-0.149265
63316	9.606248	-1.099871	-1.660216	0.027275	-0.190458	0.066900	-0.141481	-0.072300	0.987297	-0.705625	0.706864	-0.049354	-0.694317	-0.703645	-0.151025
63317	9.645763	-0.893558	-1.107285	0.055324	-0.202382	0.059493	-0.143269	-0.073326	0.986964	-0.705938	0.706507	-0.049985	-0.693632	-0.703897	-0.152984
63318	9.446566	-0.918985	-0.547168	0.008230	-0.218451	0.045324	-0.144987	-0.074534	0.986622	-0.706063	0.706353	-0.050397	-0.693148	-0.703924	-0.155038
63319	9.420933	-1.242267	-0.173512	-0.038644	-0.245076	0.034716	-0.146893	-0.076036	0.986226	-0.705758	0.706641	-0.050639	-0.693057	-0.703475	-0.157464
63320	9.372307	-1.334415	-0.037394	-0.020421	-0.286660	0.025554	-0.148937	-0.077833	0.985779	-0.705721	0.706664	-0.050829	-0.692659	-0.703255	-0.160177
63321	9.816529	-1.045156	-0.077596	0.029070	-0.327996	0.012108	-0.151255	-0.080076	0.985246	-0.705918	0.706458	-0.050955	-0.691955	-0.703210	-0.163383
63322	10.037514	-0.313941	-0.217730	0.012979	-0.362161	0.009785	-0.153721	-0.082519	0.984663	-0.706115	0.706255	-0.051048	-0.691210	-0.703132	-0.166835
63323	10.377307	-0.151097	-0.507212	-0.030566	-0.407473	-0.002278	-0.156483	-0.085421	0.983980	-0.705921	0.706457	-0.050934	-0.690788	-0.702583	-0.170850
63324	10.310575	0.381428	-0.604010	-0.013014	-0.453051	-0.009577	-0.159460	-0.088666	0.983215	-0.705939	0.706450	-0.050784	-0.690089	-0.702188	-0.175243
63325	9.792595	0.370319	-0.778286	-0.088165	-0.482017	-0.004912	-0.162714	-0.092104	0.982365	-0.705353	0.707052	-0.050539	-0.689928	-0.701138	-0.180013
63326	9.292546	-0.033720	-1.022712	-0.152942	-0.515575	-0.002948	-0.166168	-0.095707	0.981442	-0.704386	0.708039	-0.050214	-0.690093	-0.699658	-0.185068
63327	9.342606	-0.593309	-1.038413	-0.195525	-0.555917	0.002363	-0.169984	-0.099596	0.980401	-0.703047	0.709395	-0.049831	-0.690529	-0.697739	-0.190607
63328	9.775314	-1.049941	-0.758160	-0.237793	-0.588822	-0.006875	-0.173932	-0.103764	0.979276	-0.701495	0.710970	-0.049260	-0.691124	-0.695525	-0.196450
63329	9.944261	-1.107004	-0.579048	-0.231512	-0.623707	-0.028826	-0.178005	-0.108322	0.978049	-0.699960	0.712535	-0.048477	-0.691643	-0.693225	-0.202656
63330	10.047986	-0.555766	-0.397631	-0.264356	-0.653642	-0.049691	-0.182128	-0.113176	0.976740	-0.698269	0.714262	-0.047441	-0.692278	-0.690668	-0.209114
63331	9.717089	-0.233081	-0.467058	-0.411109	-0.692888	-0.080703	-0.186331	-0.118549	0.975309	-0.695584	0.716987	-0.045740	-0.693861	-0.686932	-0.216057
63332	9.765630	-0.750819	-0.808211	-0.461988	-0.751119	-0.090413	-0.190868	-0.124322	0.973711	-0.692598	0.719991	-0.043837	-0.695613	-0.682757	-0.223528
63333	10.038730	-0.754890	-0.881833	-0.416888	-0.780844	-0.107815	-0.195522	-0.130438	0.971986	-0.689919	0.722678	-0.041801	-0.696981	-0.678765	-0.231291
63334	10.091586	-0.498142	-0.919468	-0.313256	-0.823406	-0.135119	-0.200283	-0.136963	0.970117	-0.688052	0.724572	-0.039754	-0.697475	-0.675453	-0.239357
63335	10.051702	-0.133015	-0.830084	-0.271460	-0.884160	-0.156629	-0.205337	-0.144080	0.968028	-0.686493	0.726167	-0.037537	-0.697542	-0.672252	-0.248018
63336	10.436333	-0.031861	-0.841579	-0.182141	-0.949166	-0.161616	-0.210799	-0.151576	0.965706	-0.685609	0.727103	-0.035533	-0.696782	-0.669587	-0.257194
63337	10.742893	1.073425	-0.346215	-0.180432	-1.022784	-0.161330	-0.216778	-0.159606	0.963085	-0.684714	0.728043	-0.033467	-0.695826	-0.666693	-0.267108
63338	10.770292	1.353656	0.153007	-0.360297	-1.102827	-0.162110	-0.223270	-0.168062	0.960159	-0.682641	0.730099	-0.030945	-0.695810	-0.662353	-0.277735
63339	10.721788	1.103802	0.459765	-0.471508	-1.191740	-0.165482	-0.230402	-0.177156	0.956834	-0.679752	0.732908	-0.027985	-0.696313	-0.656857	-0.289286
63340	10.876768	0.846965	0.544689	-0.486017	-1.281963	-0.145600	-0.238304	-0.186560	0.953104	-0.676743	0.735788	-0.025183	-0.696584	-0.651008	-0.301595
63341	11.067305	0.942871	0.423893	-0.445232	-1.376543	-0.123710	-0.247019	-0.196416	0.948895	-0.673961	0.738421	-0.022598	-0.696246	-0.645101	-0.314781
63342	11.241944	1.377799	0.551960	-0.454324	-1.485905	-0.090899	-0.256692	-0.206600	0.944153	-0.671072	0.741114	-0.020278	-0.695536	-0.638800	-0.328882
63343	11.360252	2.115214	0.798157	-0.548261	-1.599193	-0.067872	-0.267321	-0.217284	0.938790	-0.667458	0.744436	-0.017758	-0.695011	-0.631350	-0.344031
63344	11.706420	2.683173	1.140577	-0.734961	-1.715078	-0.058583	-0.278798	-0.228435	0.932786	-0.662537	0.748887	-0.014625	-0.695210	-0.622082	-0.360135
63345	11.923905	2.744974	1.461224	-0.910809	-1.828398	-0.052274	-0.291136	-0.240125	0.926056	-0.656370	0.754362	-0.010747	-0.696001	-0.610964	-0.377233
63346	11.696869	2.994371	1.883600	-0.969877	-1.955549	-0.050402	-0.304374	-0.252287	0.918536	-0.649766	0.760106	-0.006539	-0.696535	-0.598823	-0.395284
63347	11.670982	3.352745	1.937159	-0.954543	-2.074986	-0.043553	-0.318508	-0.264939	0.910143	-0.643275	0.765632	-0.002244	-0.696240	-0.586187	-0.414288
63348	11.872093	3.454674	1.561760	-0.888370	-2.179963	0.011970	-0.333693	-0.277434	0.900932	-0.637060	0.770813	0.001406	-0.694841	-0.573478	-0.433957
63349	12.213717	3.828053	0.103539	-0.729692	-2.213157	0.100835	-0.349644	-0.289241	0.891117	-0.631678	0.775221	0.003774	-0.691904	-0.561580	-0.453759
63350	11.922995	3.736640	-0.841397	-0.726117	-2.244981	0.168488	-0.366162	-0.300319	0.880758	-0.626015	0.779790	0.005635	-0.688499	-0.549304	-0.473534
63351	11.343298	3.188582	-1.201832	-0.831456	-2.316908	0.225044	-0.383441	-0.311155	0.869572	-0.619486	0.784970	0.007717	-0.684989	-0.535729	-0.493746
63352	10.907816	2.374313	-1.199661	-0.937451	-2.322057	0.263060	-0.400911	-0.321245	0.857946	-0.611952	0.790830	0.010154	-0.681752	-0.520951	-0.513639
63353	10.376152	-0.028485	-2.297734	-0.896972	-2.267075	0.309361	-0.418173	-0.330463	0.846124	-0.604612	0.796426	0.012240	-0.677920	-0.506458	-0.532845
63354	9.986387	-2.608437	-3.786091	-0.674330	-2.203384	0.335992	-0.435086	-0.338646	0.834277	-0.598461	0.801045	0.013052	-0.672714	-0.493604	-0.551190
63355	9.487818	-5.351868	-5.747989	-0.203873	-2.136224	0.370117	-0.451546	-0.346154	0.822365	-0.595485	0.803289	0.011155	-0.664458	-0.484669	-0.568851
63356	9.011169	-6.723075	-7.199923	0.524857	-2.098000	0.446536	-0.468039	-0.352526	0.810348	-0.596709	0.802446	0.004443	-0.651827	-0.481463	-0.585932
63357	9.273669	-6.640947	-7.439398	1.079492	-2.052213	0.452376	-0.483928	-0.358827	0.798159	-0.601533	0.798829	-0.005585	-0.635588	-0.482821	-0.602421
63358	8.652440	-6.178321	-6.136983	1.282268	-1.944099	0.409686	-0.498615	-0.364794	0.786326	-0.607407	0.794215	-0.016707	-0.618417	-0.485950	-0.617586
63359	8.414801	-5.829433	-5.451699	1.425425	-1.796185	0.302127	-0.511377	-0.371201	0.775051	-0.614599	0.788345	-0.027943	-0.600634	-0.490635	-0.631281
63360	8.186442	-5.067051	-5.418618	1.602253	-1.675120	0.124881	-0.522096	-0.378271	0.764412	-0.623255	0.781036	-0.039187	-0.582210	-0.496883	-0.643536
63361	7.990378	-4.789620	-5.743577	1.584436	-1.616370	-0.054851	-0.530981	-0.386805	0.753951	-0.632652	0.772882	-0.049037	-0.563747	-0.503026	-0.655098
63362	7.682735	-5.195514	-6.930106	1.749700	-1.394081	-0.165935	-0.537718	-0.394887	0.744932	-0.643033	0.763530	-0.059418	-0.545315	-0.510966	-0.664489
63363	6.796787	-4.579410	-6.762594	1.950740	-1.231163	-0.196675	-0.543003	-0.402755	0.736842	-0.654576	0.752657	-0.070979	-0.526002	-0.520860	-0.672329
63364	6.303849	-3.238030	-6.512050	2.101640	-1.010799	-0.220240	-0.546851	-0.409439	0.730283	-0.666406	0.740883	-0.083637	-0.506810	-0.532402	-0.678006
63365	6.126452	-1.691984	-5.265959	1.912333	-0.882867	-0.221228	-0.549728	-0.415836	0.724486	-0.677172	0.729664	-0.095019	-0.489119	-0.542836	-0.682709
63366	7.861092	1.174367	-4.939849	1.709675	-0.657725	-0.216777	-0.551512	-0.420716	0.720300	-0.686373	0.719596	-0.105231	-0.474053	-0.552431	-0.685634
63367	7.578207	1.877730	-5.827797	0.666125	-0.467717	-0.268118	-0.551832	-0.425251	0.717386	-0.691016	0.714747	-0.107860	-0.466882	-0.555246	-0.688275
63368	6.488109	0.694071	-5.424721	0.034988	-0.372889	-0.186655	-0.552402	-0.428331	0.715112	-0.691943	0.714004	-0.106837	-0.464831	-0.553833	-0.690797
63369	6.779857	2.505401	-3.699356	-0.270396	-0.001498	-0.128828	-0.551483	-0.429282	0.715251	-0.691424	0.714921	-0.104028	-0.466690	-0.551911	-0.691082
63370	7.668911	3.121618	-3.197659	-0.792772	0.512233	-0.152923	-0.548194	-0.427175	0.719030	-0.688171	0.718964	-0.097531	-0.475294	-0.548281	-0.688101
63371	8.383223	1.557025	-3.426069	-1.243634	0.981465	-0.150274	-0.542396	-0.422925	0.725907	-0.683022	0.725089	-0.087905	-0.489169	-0.543490	-0.682153
63372	8.465132	-0.024797	-3.875361	-1.411758	1.337766	-0.106521	-0.534828	-0.416514	0.735171	-0.676822	0.732041	-0.077639	-0.505838	-0.539103	-0.673421
63373	8.599001	-1.820922	-4.553971	-1.268005	1.610279	0.008686	-0.526568	-0.407813	0.745932	-0.670282	0.738871	-0.069213	-0.522922	-0.536431	-0.662416
63374	8.692154	-3.035872	-4.974546	-0.918876	1.839811	0.143542	-0.517965	-0.396435	0.757991	-0.664191	0.744789	-0.064337	-0.539038	-0.536776	-0.649084
63375	9.348971	-2.953782	-5.094143	-0.485155	2.011244	0.193647	-0.508236	-0.384174	0.770783	-0.660579	0.748135	-0.062684	-0.552569	-0.541021	-0.634006
63376	9.984387	-2.029744	-4.860102	-0.342091	2.148470	0.200229	-0.497732	-0.370546	0.784193	-0.657185	0.751160	-0.062182	-0.566013	-0.546310	-0.617394
63377	10.418050	-1.332546	-4.506163	-0.375527	2.269914	0.177055	-0.485855	-0.356774	0.797908	-0.654192	0.753842	-0.061275	-0.579635	-0.551756	-0.599657
63378	10.187178	-1.113902	-4.324950	-0.525696	2.395067	0.163726	-0.473036	-0.341820	0.812032	-0.649827	0.757743	-0.059579	-0.594947	-0.555864	-0.580563
63379	9.947336	-1.795721	-4.495091	-0.665501	2.489532	0.136478	-0.458875	-0.326926	0.826168	-0.645207	0.761888	-0.056875	-0.610853	-0.559148	-0.560546
63380	9.960422	-2.147172	-4.551394	-0.689913	2.559417	0.094989	-0.443824	-0.311374	0.840278	-0.639945	0.766524	-0.053967	-0.627289	-0.561683	-0.539464
63381	10.083771	-2.425538	-4.643520	-0.616420	2.615756	0.053567	-0.427521	-0.296251	0.854085	-0.635825	0.770137	-0.051137	-0.642614	-0.564910	-0.517614
63382	10.106109	-2.513912	-4.810707	-0.459541	2.663902	0.024161	-0.410485	-0.280542	0.867639	-0.632262	0.773196	-0.049122	-0.657074	-0.568739	-0.494761
63383	10.046608	-2.337814	-4.839725	-0.245265	2.695657	-0.014052	-0.392481	-0.265268	0.880677	-0.630719	0.774539	-0.047787	-0.669442	-0.574215	-0.471301
63384	10.074384	-1.713817	-4.742667	-0.036980	2.730867	-0.044154	-0.373859	-0.249442	0.893313	-0.630194	0.774994	-0.047338	-0.680504	-0.580658	-0.446936
63385	10.086208	-0.428275	-4.458429	0.010729	2.770381	-0.077533	-0.354343	-0.233885	0.905394	-0.630576	0.774724	-0.046658	-0.690518	-0.587453	-0.422000
63386	9.868421	0.071438	-4.405920	-0.209116	2.797349	-0.106416	-0.334267	-0.217834	0.916959	-0.629040	0.776072	-0.044945	-0.701836	-0.591828	-0.396441
63387	9.635807	-0.161404	-4.514395	-0.385007	2.817450	-0.128207	-0.313489	-0.202136	0.927829	-0.626756	0.778069	-0.042255	-0.713373	-0.594769	-0.370605
63388	9.542621	-0.344326	-4.627273	-0.426219	2.842693	-0.119040	-0.292340	-0.185787	0.938094	-0.623635	0.780706	-0.039727	-0.724995	-0.596642	-0.344095
63389	9.317323	-0.522813	-4.897913	-0.369412	2.852926	-0.098963	-0.270856	-0.169529	0.947574	-0.621240	0.782721	-0.037540	-0.735322	-0.598839	-0.317323
63390	9.137183	-0.591850	-5.137648	-0.218039	2.873396	-0.089546	-0.249050	-0.152686	0.956379	-0.619494	0.784169	-0.036130	-0.744447	-0.601470	-0.289885
63391	8.781181	-0.304342	-4.910738	-0.031757	2.898471	-0.076539	-0.226858	-0.135817	0.964411	-0.619462	0.784234	-0.035273	-0.751533	-0.605418	-0.262043
63392	8.423677	-0.073472	-4.872479	0.144544	2.914743	-0.070688	-0.204317	-0.118538	0.971701	-0.621003	0.783024	-0.035055	-0.756710	-0.610591	-0.233597
63393	8.104883	0.236686	-4.781630	0.292871	2.911758	-0.067061	-0.181773	-0.101225	0.978117	-0.623375	0.781139	-0.035008	-0.760501	-0.616097	-0.205091
63394	7.911179	0.226417	-4.926442	0.361235	2.901500	-0.072071	-0.159113	-0.083705	0.983705	-0.626531	0.778607	-0.035088	-0.762983	-0.621905	-0.176330
63395	7.668312	0.062100	-4.924272	0.410687	2.890482	-0.088871	-0.136438	-0.066362	0.988423	-0.629819	0.775960	-0.034840	-0.764665	-0.627281	-0.147667
63396	7.603876	-0.224600	-4.710003	0.513887	2.893881	-0.111418	-0.113511	-0.048859	0.992335	-0.634148	0.772442	-0.034507	-0.764835	-0.633203	-0.118664
63397	7.568422	0.020744	-4.454737	0.646919	2.910985	-0.144746	-0.090303	-0.031471	0.995417	-0.639258	0.768254	-0.033704	-0.763672	-0.639372	-0.089494
63398	7.448828	0.573930	-3.835188	0.553300	2.916268	-0.186839	-0.066776	-0.014050	0.997669	-0.643864	0.764457	-0.032329	-0.762221	-0.644522	-0.060094
63399	7.236243	0.446549	-3.563460	0.349591	2.907124	-0.257314	-0.042927	0.002745	0.999074	-0.646685	0.762172	-0.029881	-0.761548	-0.647369	-0.030943
63400	7.217906	0.298199	-3.324794	0.170935	2.892476	-0.341130	-0.018629	0.019023	0.999645	-0.648308	0.760915	-0.026561	-0.761150	-0.648573	-0.001843
63401	7.454516	0.209946	-3.116772	-0.029501	2.835791	-0.407588	0.005642	0.034280	0.999396	-0.648124	0.761203	-0.022451	-0.761514	-0.647607	0.026512
63402	7.962179	0.175474	-2.787049	-0.225690	2.774457	-0.454125	0.029779	0.048882	0.998361	-0.646522	0.762681	-0.018058	-0.762314	-0.644924	0.054315
63403	8.670131	-0.228471	-2.884495	-0.362696	2.728571	-0.476956	0.053711	0.062758	0.996582	-0.643569	0.765269	-0.013506	-0.763501	-0.640644	0.081492
63404	8.648124	-0.441245	-2.890663	-0.372219	2.642139	-0.495402	0.077121	0.075956	0.994124	-0.640584	0.767836	-0.008972	-0.764006	-0.636128	0.107873
63405	8.533551	-0.148857	-2.285774	-0.372387	2.478870	-0.508128	0.099347	0.087736	0.991177	-0.637301	0.770603	-0.004334	-0.764184	-0.631248	0.132472
63406	8.458186	0.335672	-1.991977	-0.271528	2.302853	-0.491998	0.120107	0.098554	0.987857	-0.634854	0.772632	0.000106	-0.763240	-0.627158	0.155365
63407	8.257210	1.168392	-1.549992	-0.190878	2.091661	-0.442773	0.138899	0.108189	0.984379	-0.632835	0.774275	0.004198	-0.761726	-0.623533	0.176012
63408	8.055742	2.149246	-1.056332	-0.218508	1.888938	-0.358304	0.155576	0.117269	0.980838	-0.630794	0.775916	0.007285	-0.760194	-0.619840	0.194686
63409	7.717045	2.529719	-0.347095	-0.455384	1.615549	-0.246771	0.169448	0.125300	0.977542	-0.626939	0.779018	0.008821	-0.760418	-0.614354	0.210558
63410	7.486666	2.085463	-0.196168	-0.566573	1.359611	-0.133527	0.180665	0.132667	0.974556	-0.622523	0.782551	0.008875	-0.761463	-0.608287	0.223968
63411	7.268315	1.517982	-0.126211	-0.540757	1.048902	-0.026769	0.188862	0.138786	0.972147	-0.618360	0.785855	0.007940	-0.762864	-0.602636	0.234238
63412	7.380943	0.996402	0.268887	-0.412375	0.689371	0.056980	0.193810	0.143459	0.970493	-0.615435	0.788162	0.006397	-0.763988	-0.598515	0.241043
63413	8.214764	0.365855	0.301957	-0.361440	0.307272	0.175830	0.195117	0.146659	0.969753	-0.613020	0.790058	0.003858	-0.765595	-0.595231	0.244058
63414	7.002756	-0.373057	-0.444465	0.144303	-0.023783	0.199177	0.193749	0.148164	0.969798	-0.614616	0.788823	0.002275	-0.764663	-0.596494	0.243897
63415	7.239199	0.177843	-1.167164	0.376276	-0.467269	0.269593	0.188554	0.147470	0.970927	-0.618014	0.786167	0.000611	-0.763221	-0.600162	0.239373
63416	8.111596	0.446160	-1.687241	0.631986	-0.767695	0.305873	0.180843	0.145300	0.972720	-0.623488	0.781833	-0.000870	-0.760631	-0.606321	0.231981
63417	8.293529	0.466834	-2.613765	0.768704	-1.033205	0.336088	0.170930	0.141595	0.975056	-0.629923	0.776654	-0.002356	-0.757615	-0.613808	0.221947
63418	8.588059	0.190325	-3.097282	0.906852	-1.242125	0.390951	0.159104	0.136984	0.977712	-0.637497	0.770441	-0.004204	-0.753846	-0.622620	0.209907
63419	9.365854	0.019864	-2.546462	0.952741	-1.399004	0.459238	0.145676	0.131712	0.980525	-0.645370	0.763841	-0.006723	-0.749851	-0.631822	0.196277
63420	11.352413	0.976156	-0.160056	0.889203	-1.310976	0.451437	0.132981	0.126832	0.982970	-0.652705	0.757553	-0.009445	-0.745850	-0.640333	0.183524
63421	12.822308	1.977423	2.062841	0.663809	-1.043522	0.403583	0.122606	0.123146	0.984786	-0.658172	0.752769	-0.012190	-0.742817	-0.646664	0.173345
63422	13.037754	3.474527	1.603409	0.687547	-0.797888	0.329674	0.114557	0.120448	0.986088	-0.663702	0.747861	-0.014245	-0.739173	-0.652837	0.165614
63423	11.759658	4.683053	0.854565	0.332827	-0.772481	0.184286	0.107665	0.116749	0.987308	-0.666376	0.745455	-0.015483	-0.737802	-0.656251	0.158058
63424	12.600344	3.197963	2.963995	-0.336855	-0.945345	0.135539	0.099819	0.111557	0.988732	-0.664050	0.747488	-0.017297	-0.740995	-0.654841	0.148693
63425	15.575761	1.242097	2.823701	-0.776180	-1.027587	0.269560	0.090429	0.106854	0.990154	-0.658543	0.752249	-0.021037	-0.747090	-0.650157	0.138393
63426	14.458285	-3.081992	-2.725638	-0.788171	-1.113789	0.477337	0.078992	0.103227	0.991516	-0.653054	0.756838	-0.026767	-0.753181	-0.645399	0.127197
63427	11.567037	-5.000251	-4.473241	0.140370	-1.509568	0.662863	0.063325	0.098457	0.993124	-0.654596	0.755253	-0.033136	-0.753322	-0.647997	0.112276
63428	11.823872	-2.190061	-3.981612	0.768421	-1.607408	0.572568	0.047527	0.092272	0.994599	-0.660700	0.749688	-0.037979	-0.749144	-0.655327	0.096595
63429	11.353517	-1.187553	-5.196328	1.463696	-1.358970	0.489835	0.034184	0.086912	0.995629	-0.671812	0.739558	-0.041493	-0.739932	-0.667458	0.083670
63430	9.706248	1.014097	-6.079338	1.110398	-1.178050	0.399649	0.022849	0.081903	0.996378	-0.680101	0.731763	-0.044556	-0.732762	-0.676620	0.072422
63431	9.664282	0.876680	-6.741884	0.424903	-0.935339	0.387635	0.013404	0.078369	0.996834	-0.683293	0.728559	-0.048090	-0.730021	-0.680486	0.063314
63432	10.092819	2.265208	-5.370667	-0.056186	-0.754591	0.344812	0.005577	0.075687	0.997116	-0.682881	0.728712	-0.051494	-0.730508	-0.680625	0.055749
63433	10.939678	3.544831	-3.623357	-1.063510	-0.675613	0.223097	-0.000859	0.072729	0.997351	-0.675094	0.735735	-0.054233	-0.737731	-0.673353	0.048467
63434	11.270171	2.270765	-2.754951	-1.890548	-0.578548	0.190902	-0.006400	0.070204	0.997512	-0.660953	0.748267	-0.056903	-0.750400	-0.659673	0.041612
63435	10.955856	-0.826898	-2.089450	-2.360303	-0.541620	0.196784	-0.011752	0.068147	0.997606	-0.643057	0.763485	-0.059729	-0.765728	-0.642220	0.034850
63436	10.494810	-4.006291	-1.605036	-1.811867	-0.464706	0.199222	-0.016567	0.066628	0.997640	-0.628965	0.774942	-0.062200	-0.777257	-0.628511	0.029068
63437	9.694738	-5.158817	-0.683337	-0.759792	-0.393987	0.195908	-0.020828	0.065665	0.997624	-0.623022	0.779556	-0.064319	-0.781927	-0.622881	0.024675
63438	9.864576	-5.206654	-0.093171	0.186566	-0.368302	0.210031	-0.024982	0.064916	0.997578	-0.624357	0.778322	-0.066284	-0.780740	-0.624500	0.021086
63439	9.629567	-4.092858	0.202818	0.912898	-0.355599	0.218957	-0.029086	0.064360	0.997503	-0.631415	0.772436	-0.068249	-0.774899	-0.631824	0.018171
63440	9.545833	-1.942953	0.669781	1.269176	-0.383917	0.210026	-0.033351	0.063455	0.997427	-0.641077	0.764273	-0.070058	-0.766752	-0.641764	0.015190
63441	9.709855	0.022321	0.789840	1.241698	-0.396124	0.201253	-0.037635	0.062404	0.997341	-0.650492	0.756106	-0.071856	-0.758580	-0.651467	0.012137
63442	9.555202	1.077771	0.766754	0.882907	-0.389609	0.187132	-0.041772	0.061193	0.997252	-0.657039	0.750260	-0.073558	-0.752699	-0.658305	0.008866
63443	9.535893	0.807001	0.382920	0.420076	-0.407743	0.186094	-0.046022	0.059876	0.997144	-0.660129	0.747364	-0.075345	-0.749741	-0.661712	0.005131
63444	9.798206	-0.057463	-0.174918	0.101765	-0.399903	0.173319	-0.050132	0.058452	0.997031	-0.660755	0.746642	-0.076996	-0.748926	-0.662653	0.001192
63445	9.990288	-1.197184	-0.379988	-0.067578	-0.414368	0.162489	-0.054271	0.056901	0.996904	-0.660181	0.746985	-0.078576	-0.749143	-0.662401	-0.002974
63446	10.130779	-2.070035	-0.490764	-0.003384	-0.409130	0.143941	-0.058254	0.055195	0.996775	-0.660020	0.746983	-0.079936	-0.748986	-0.662548	-0.007085
63447	9.967743	-2.250445	-0.499057	0.157960	-0.397780	0.126078	-0.062026	0.053479	0.996641	-0.661143	0.745856	-0.081168	-0.747691	-0.663957	-0.010905
63448	9.906758	-1.774799	-0.451130	0.325437	-0.389498	0.120830	-0.065704	0.051721	0.996498	-0.663445	0.743680	-0.082343	-0.745334	-0.666532	-0.014549
63449	9.831623	-0.959808	-0.299691	0.346054	-0.379713	0.100792	-0.069161	0.049914	0.996356	-0.665970	0.741306	-0.083365	-0.742766	-0.669309	-0.018028
63450	9.768810	-0.353412	0.012791	0.198580	-0.394644	0.078213	-0.072582	0.047784	0.996217	-0.667340	0.739988	-0.084115	-0.741208	-0.670921	-0.021821
63451	9.604513	-0.546716	0.244789	0.048232	-0.409264	0.078338	-0.076099	0.045598	0.996057	-0.667657	0.739616	-0.084868	-0.740570	-0.671483	-0.025840
63452	9.562282	-0.809506	0.532993	-0.021649	-0.432620	0.067007	-0.079720	0.043125	0.995884	-0.667397	0.739782	-0.085460	-0.740423	-0.671463	-0.030194
63453	9.524323	-1.044369	0.606267	-0.029310	-0.460804	0.060592	-0.083498	0.040461	0.995686	-0.667149	0.739942	-0.086015	-0.740230	-0.671453	-0.034790
