// General information: 
//  MT Manager version: 2022.2.0 
//  XDA version: 2022.2.0 build 7381 rev 124627 built on 2023-07-19
// Device information: 
//  DeviceId: 00B4CB9F
//  ProductCode: MTW2-3A7G6
//  Firmware Version: 4.6.0
//  Hardware Version: 2.0.0
// Device settings: 
//  Filter Profile: human(46.1)
//  Option Flags: Orientation Smoother Disabled, Position/Velocity Smoother Disabled, Continuous Zero Rotation Update Disabled, AHS Disabled, ICC Disabled
// Coordinate system: ENU
PacketCounter	Acc_X	Acc_Y	Acc_Z	Gyr_X	Gyr_Y	Gyr_Z	Mat[1][1]	Mat[2][1]	Mat[3][1]	Mat[1][2]	Mat[2][2]	Mat[3][2]	Mat[1][3]	Mat[2][3]	Mat[3][3]
07164	9.694319	1.032954	-1.863147	0.028539	-0.001303	-0.010870	0.205086	0.112567	0.972249	0.075480	-0.992225	0.098958	0.975829	0.053090	-0.211988
07165	9.696374	0.988025	-1.832585	0.022573	-0.000604	0.000795	0.205136	0.112517	0.972244	0.075643	-0.992221	0.098869	0.975806	0.053262	-0.212051
07166	9.660079	0.864553	-1.719387	0.029204	0.007205	0.002906	0.205126	0.112440	0.972255	0.075956	-0.992212	0.098723	0.975784	0.053598	-0.212069
07167	9.578168	0.890344	-1.789851	0.028322	0.011653	0.006608	0.205053	0.112327	0.972284	0.076259	-0.992206	0.098546	0.975775	0.053938	-0.212021
07168	9.519895	0.978546	-1.906371	0.027010	0.001043	0.004054	0.205105	0.112243	0.972283	0.076549	-0.992199	0.098394	0.975742	0.054246	-0.212097
07169	9.591297	1.062447	-1.923543	0.013214	0.002065	-0.000513	0.205122	0.112203	0.972284	0.076723	-0.992193	0.098314	0.975725	0.054431	-0.212129
07170	9.540437	1.151404	-1.906748	-0.004634	0.002947	-0.006817	0.205147	0.112225	0.972276	0.076726	-0.992191	0.098335	0.975719	0.054426	-0.212155
07171	9.542968	1.117970	-1.822069	-0.022100	-0.003397	-0.009990	0.205212	0.112283	0.972255	0.076528	-0.992197	0.098433	0.975721	0.054205	-0.212204
07172	9.539977	1.040589	-1.840135	-0.035867	-0.004330	-0.010589	0.205305	0.112347	0.972228	0.076234	-0.992207	0.098557	0.975724	0.053883	-0.212270
07173	9.582371	0.916851	-1.794094	-0.019918	-0.004003	-0.013519	0.205364	0.112441	0.972205	0.076190	-0.992200	0.098659	0.975716	0.053811	-0.212329
07174	9.583271	0.852021	-1.870932	0.015011	-0.008781	-0.003952	0.205505	0.112441	0.972175	0.076379	-0.992191	0.098611	0.975671	0.053989	-0.212488
07175	9.530971	0.806481	-1.896073	0.047463	-0.009257	-0.008705	0.205628	0.112488	0.972144	0.076889	-0.992158	0.098541	0.975605	0.054484	-0.212664
07176	9.510824	0.756835	-1.910611	0.066926	-0.025116	-0.007806	0.205925	0.112536	0.972075	0.077592	-0.992116	0.098419	0.975487	0.055159	-0.213034
07177	9.585909	0.750828	-1.868746	0.090449	-0.023359	-0.008405	0.206190	0.112589	0.972013	0.078437	-0.992063	0.098273	0.975363	0.055979	-0.213385
07178	9.565212	0.777070	-1.754023	0.101851	-0.015240	-0.011877	0.206388	0.112672	0.971961	0.079490	-0.991995	0.098116	0.975236	0.057011	-0.213693
07179	9.628567	0.948245	-1.723580	0.112526	-0.003351	-0.016057	0.206446	0.112791	0.971935	0.080636	-0.991916	0.097982	0.975130	0.058145	-0.213872
07180	9.692658	1.243289	-1.705790	0.098818	0.009281	-0.011961	0.206405	0.112861	0.971936	0.081659	-0.991847	0.097832	0.975053	0.059174	-0.213938
07181	9.580416	1.341134	-1.824333	0.052738	0.012925	-0.005774	0.206319	0.112869	0.971953	0.082101	-0.991819	0.097748	0.975034	0.059631	-0.213898
07182	9.559155	1.259324	-1.996795	-0.004211	0.000541	0.002663	0.206375	0.112799	0.971950	0.082089	-0.991827	0.097676	0.975024	0.059629	-0.213947
07183	9.537726	1.064972	-2.102567	-0.036031	-0.007617	0.001866	0.206484	0.112744	0.971933	0.081801	-0.991851	0.097676	0.975025	0.059336	-0.214024
07184	9.524385	0.995128	-2.088781	-0.037344	-0.009505	-0.002291	0.206633	0.112729	0.971903	0.081475	-0.991873	0.097723	0.975020	0.058993	-0.214139
07185	9.513181	0.993774	-2.111115	-0.030542	-0.011095	-0.002987	0.206780	0.112724	0.971872	0.081155	-0.991894	0.097779	0.975016	0.058653	-0.214252
07186	9.620856	0.986108	-2.055598	-0.025799	-0.010813	-0.008524	0.206937	0.112771	0.971833	0.080955	-0.991902	0.097862	0.974999	0.058423	-0.214391
07187	9.690725	1.024974	-1.930924	-0.025265	-0.009990	-0.011398	0.207065	0.112847	0.971797	0.080737	-0.991908	0.097979	0.974990	0.058172	-0.214501
07188	9.631245	1.078603	-1.852450	-0.033315	-0.014180	-0.006914	0.207257	0.112880	0.971752	0.080461	-0.991922	0.098062	0.974972	0.057864	-0.214665
07189	9.605098	1.062065	-1.839091	-0.033267	-0.024854	-0.001328	0.207543	0.112865	0.971693	0.080072	-0.991949	0.098115	0.974943	0.057443	-0.214909
07190	9.629841	0.956301	-1.842924	-0.046424	-0.030831	0.007155	0.207908	0.112768	0.971626	0.079639	-0.991986	0.098090	0.974901	0.056986	-0.215223
07191	9.566301	0.908475	-1.890811	-0.036867	-0.027383	0.006393	0.208219	0.112678	0.971570	0.079273	-0.992018	0.098060	0.974864	0.056601	-0.215490
07192	9.564253	0.963671	-1.870584	-0.014443	-0.025319	0.007548	0.208531	0.112574	0.971515	0.079150	-0.992038	0.097963	0.974808	0.056467	-0.215781
07193	9.566641	1.042293	-1.854864	-0.006395	-0.021126	0.003062	0.208780	0.112514	0.971469	0.079038	-0.992052	0.097912	0.974763	0.056341	-0.216014
07194	9.570045	1.055264	-1.914800	-0.003114	-0.015267	0.000136	0.208988	0.112478	0.971428	0.079042	-0.992056	0.097862	0.974719	0.056331	-0.216218
07195	9.608179	1.019846	-1.931431	0.004385	-0.003173	-0.003084	0.209052	0.112471	0.971415	0.079089	-0.992055	0.097841	0.974701	0.056374	-0.216287
07196	9.609688	0.964643	-1.954310	0.014110	-0.002368	-0.004254	0.209131	0.112472	0.971398	0.079269	-0.992045	0.097796	0.974670	0.056550	-0.216383
07197	9.587665	0.960133	-1.997725	0.017242	0.004173	-0.002786	0.209129	0.112455	0.971401	0.079420	-0.992037	0.097746	0.974658	0.056708	-0.216395
07198	9.528025	1.001357	-1.971757	0.016370	-0.000106	0.002530	0.209191	0.112386	0.971395	0.079609	-0.992034	0.097630	0.974629	0.056908	-0.216471
07199	9.540641	0.947686	-1.972798	0.014904	-0.001306	0.002768	0.209242	0.112321	0.971392	0.079741	-0.992033	0.097531	0.974607	0.057052	-0.216532
07200	9.569255	0.930300	-1.903506	0.014559	-0.004762	0.005215	0.209352	0.112229	0.971379	0.079906	-0.992033	0.097394	0.974570	0.057230	-0.216652
07201	9.596275	0.968196	-1.811822	0.012911	-0.003327	0.005874	0.209424	0.112134	0.971374	0.080027	-0.992036	0.097266	0.974545	0.057367	-0.216730
07202	9.611665	0.993237	-1.795236	-0.003049	-0.003666	0.008847	0.209526	0.112005	0.971367	0.080013	-0.992050	0.097131	0.974524	0.057371	-0.216822
07203	9.646270	0.944156	-1.752984	-0.020888	-0.004760	0.006560	0.209611	0.111902	0.971361	0.079861	-0.992070	0.097055	0.974518	0.057230	-0.216885
07204	9.617665	0.960615	-1.822647	-0.029509	0.000906	0.008332	0.209667	0.111776	0.971363	0.079590	-0.992099	0.096982	0.974528	0.056976	-0.216907
07205	9.619109	1.018389	-1.912110	-0.019995	-0.009204	0.002844	0.209800	0.111710	0.971342	0.079384	-0.992118	0.096953	0.974516	0.056769	-0.217014
07206	9.657261	0.983059	-1.928528	-0.024048	-0.009346	0.001111	0.209950	0.111660	0.971315	0.079182	-0.992136	0.096939	0.974500	0.056558	-0.217141
07207	9.560190	0.918240	-2.093397	-0.007911	-0.011645	-0.002281	0.210101	0.111649	0.971284	0.079081	-0.992143	0.096941	0.974476	0.056443	-0.217280
07208	9.502598	0.838499	-2.167804	0.000056	-0.026174	0.004805	0.210418	0.111573	0.971224	0.079106	-0.992151	0.096839	0.974406	0.056453	-0.217593
07209	9.469908	0.728221	-2.114834	0.029990	-0.020754	0.004337	0.210657	0.111498	0.971181	0.079506	-0.992137	0.096659	0.974322	0.056853	-0.217865
07210	9.465649	0.827107	-2.125833	0.065624	-0.023391	0.002549	0.210945	0.111443	0.971124	0.080174	-0.992105	0.096435	0.974204	0.057516	-0.218215
07211	9.494990	1.056549	-2.085574	0.082655	-0.021399	-0.006197	0.211190	0.111476	0.971067	0.080945	-0.992057	0.096282	0.974088	0.058269	-0.218536
07212	9.562864	1.137868	-1.993878	0.065188	-0.012254	-0.008574	0.211361	0.111525	0.971025	0.081632	-0.992012	0.096167	0.973993	0.058941	-0.218777
07213	9.530865	1.152022	-1.953669	0.038179	-0.015282	-0.008558	0.211531	0.111580	0.970981	0.082167	-0.991975	0.096092	0.973911	0.059456	-0.219002
07214	9.602974	0.944289	-1.914812	0.012115	-0.011161	-0.003533	0.211696	0.111578	0.970946	0.082326	-0.991967	0.096044	0.973862	0.059602	-0.219181
07215	9.652305	0.798304	-1.842822	0.011515	-0.008089	-0.008612	0.211797	0.111629	0.970918	0.082563	-0.991948	0.096036	0.973820	0.059821	-0.219308
07216	9.695582	0.797082	-1.810435	0.020778	-0.003268	-0.000598	0.211887	0.111593	0.970902	0.082800	-0.991937	0.095941	0.973780	0.060062	-0.219419
07217	9.666773	0.890166	-1.750910	0.019850	0.003126	-0.000864	0.211898	0.111558	0.970904	0.082947	-0.991932	0.095871	0.973765	0.060219	-0.219442
07218	9.659350	0.977465	-1.701211	0.006958	0.004494	-0.002739	0.211911	0.111539	0.970903	0.083054	-0.991927	0.095827	0.973753	0.060331	-0.219464
07219	9.620428	1.002286	-1.738384	-0.003288	0.009642	0.003687	0.211860	0.111457	0.970924	0.082965	-0.991940	0.095767	0.973772	0.060263	-0.219400
07220	9.511640	1.000399	-1.847143	-0.006838	0.003536	-0.003267	0.211882	0.111444	0.970920	0.082939	-0.991943	0.095758	0.973770	0.060238	-0.219418
07221	9.524747	0.994977	-1.990734	-0.014974	-0.003538	-0.009074	0.211946	0.111495	0.970900	0.082826	-0.991946	0.095831	0.973765	0.060105	-0.219474
07222	9.530489	0.964147	-2.018205	-0.007610	-0.006255	-0.008678	0.212059	0.111542	0.970870	0.082804	-0.991943	0.095876	0.973743	0.060061	-0.219586
07223	9.583220	0.944797	-2.071117	-0.011107	-0.007529	-0.009298	0.212160	0.111596	0.970842	0.082778	-0.991940	0.095931	0.973723	0.060012	-0.219687
07224	9.605062	0.950578	-2.028436	-0.011106	-0.007529	-0.009299	0.212284	0.111649	0.970809	0.082724	-0.991939	0.095990	0.973700	0.059932	-0.219809
07225	9.710251	0.940541	-1.860955	-0.000981	0.001564	-0.006603	0.212306	0.111668	0.970802	0.082725	-0.991937	0.096008	0.973695	0.059926	-0.219832
07226	9.669213	0.897601	-1.862347	-0.002057	0.008646	-0.002471	0.212278	0.111644	0.970811	0.082744	-0.991938	0.095981	0.973700	0.059954	-0.219805
07227	9.572279	0.908585	-1.895647	0.000207	0.010916	0.004309	0.212216	0.111556	0.970834	0.082668	-0.991951	0.095912	0.973720	0.059903	-0.219730
07228	9.524364	0.999135	-1.990483	0.005528	0.001350	0.001481	0.212263	0.111498	0.970831	0.082753	-0.991952	0.095830	0.973702	0.059998	-0.219781
07229	9.563236	1.086973	-2.019430	0.014895	0.007428	0.001128	0.212232	0.111440	0.970844	0.082874	-0.991950	0.095746	0.973699	0.060138	-0.219759
07230	9.516844	1.122275	-2.136913	0.010260	0.001630	-0.004063	0.212271	0.111436	0.970836	0.083017	-0.991942	0.095707	0.973678	0.060280	-0.219812
07231	9.549166	1.118958	-2.125523	0.001234	-0.000996	-0.006162	0.212313	0.111458	0.970825	0.083055	-0.991937	0.095718	0.973666	0.060310	-0.219858
07232	9.571137	1.124269	-2.082351	0.002323	-0.001302	-0.007929	0.212378	0.111494	0.970806	0.083129	-0.991930	0.095734	0.973645	0.060370	-0.219932
07233	9.519655	1.089706	-2.052556	-0.003877	-0.002784	-0.002142	0.212440	0.111476	0.970795	0.083118	-0.991933	0.095714	0.973633	0.060357	-0.219992
07234	9.543296	1.039107	-2.031631	-0.011386	0.000621	0.001855	0.212494	0.111414	0.970790	0.083037	-0.991944	0.095666	0.973628	0.060283	-0.220034
07235	9.549565	0.894003	-1.991599	-0.015933	-0.002293	0.006977	0.212569	0.111303	0.970786	0.082782	-0.991971	0.095605	0.973633	0.060041	-0.220076
07236	9.567357	0.874729	-1.943365	-0.016299	0.002975	0.007816	0.212605	0.111181	0.970792	0.082641	-0.991992	0.095510	0.973637	0.059921	-0.220090
07237	9.634542	0.822091	-1.888999	-0.015735	0.001849	0.008919	0.212634	0.111048	0.970801	0.082472	-0.992016	0.095411	0.973645	0.059776	-0.220095
07238	9.684043	0.788103	-1.882588	-0.018093	0.005097	0.012870	0.212654	0.110874	0.970817	0.082303	-0.992043	0.095270	0.973655	0.059641	-0.220087
07239	9.575203	0.862344	-1.862089	-0.019792	0.001703	0.007190	0.212670	0.110761	0.970826	0.082259	-0.992057	0.095163	0.973655	0.059621	-0.220092
07240	9.569324	0.894050	-1.834747	-0.020549	-0.001310	0.004139	0.212745	0.110678	0.970819	0.082084	-0.992076	0.095113	0.973654	0.059454	-0.220144
07241	9.523580	0.940524	-1.898961	-0.016198	-0.002535	-0.002927	0.212814	0.110666	0.970805	0.081803	-0.992095	0.095161	0.973662	0.059164	-0.220184
07242	9.505705	0.960124	-1.947492	-0.012531	-0.010668	-0.005095	0.212972	0.110680	0.970769	0.081726	-0.992099	0.095183	0.973634	0.059066	-0.220335
07243	9.565789	0.930112	-1.920941	-0.010735	-0.012786	-0.010154	0.213125	0.110749	0.970728	0.081641	-0.992099	0.095263	0.973608	0.058949	-0.220483
07244	9.660296	0.965212	-1.918609	-0.010051	-0.005877	-0.015051	0.213229	0.110859	0.970692	0.081609	-0.992090	0.095376	0.973588	0.058881	-0.220590
07245	9.637915	0.961979	-1.962695	-0.004119	-0.011744	-0.010439	0.213374	0.110928	0.970653	0.081582	-0.992086	0.095443	0.973558	0.058823	-0.220735
07246	9.606037	0.977189	-1.921374	-0.003545	-0.006098	-0.006966	0.213486	0.110957	0.970625	0.081596	-0.992083	0.095463	0.973533	0.058819	-0.220850
07247	9.580168	0.960177	-1.907048	-0.003506	-0.008046	-0.002993	0.213596	0.110951	0.970601	0.081634	-0.992082	0.095442	0.973505	0.058848	-0.220962
07248	9.610063	1.001455	-1.927359	-0.015028	-0.006738	0.003251	0.213722	0.110880	0.970581	0.081514	-0.992097	0.095388	0.973488	0.058729	-0.221072
07249	9.651851	1.055619	-1.872083	-0.028093	-0.002732	0.001788	0.213786	0.110825	0.970574	0.081246	-0.992119	0.095389	0.973496	0.058462	-0.221105
07250	9.628131	1.106910	-1.892848	-0.054149	-0.005386	0.004428	0.213900	0.110741	0.970558	0.080743	-0.992158	0.095410	0.973513	0.057958	-0.221165
07251	9.636429	1.030989	-1.888451	-0.072145	0.002930	0.004935	0.213912	0.110649	0.970566	0.080058	-0.992208	0.095471	0.973567	0.057279	-0.221103
07252	9.579242	0.951979	-1.960231	-0.079593	-0.002375	0.010497	0.214002	0.110503	0.970563	0.079294	-0.992267	0.095490	0.973610	0.056525	-0.221109
07253	9.538257	0.909204	-1.961464	-0.065121	0.005497	0.006143	0.213996	0.110397	0.970576	0.078588	-0.992318	0.095543	0.973668	0.055830	-0.221028
07254	9.513154	0.939895	-2.088500	-0.054461	-0.000086	0.005204	0.214059	0.110302	0.970573	0.078081	-0.992357	0.095557	0.973695	0.055328	-0.221035
07255	9.523500	0.932439	-2.119798	-0.041287	0.003946	0.000686	0.214059	0.110255	0.970578	0.077647	-0.992386	0.095607	0.973730	0.054897	-0.220990
07256	9.540547	0.903499	-2.124840	-0.025308	0.002325	0.001687	0.214096	0.110193	0.970577	0.077431	-0.992405	0.095591	0.973739	0.054687	-0.221002
07257	9.537795	0.824978	-2.142548	-0.006261	0.002425	-0.002173	0.214110	0.110173	0.970577	0.077370	-0.992410	0.095583	0.973741	0.054628	-0.221009
07258	9.554803	0.795754	-2.147919	0.011137	0.003957	-0.005368	0.214125	0.110180	0.970572	0.077524	-0.992401	0.095555	0.973725	0.054781	-0.221040
07259	9.576153	0.789908	-2.158067	0.020510	0.001299	-0.004094	0.214151	0.110176	0.970567	0.077717	-0.992390	0.095506	0.973704	0.054977	-0.221084
07260	9.531919	0.857160	-2.114854	0.023062	0.002197	-0.006097	0.214183	0.110192	0.970558	0.077989	-0.992374	0.095459	0.973675	0.055247	-0.221143
07261	9.461190	0.896451	-2.110507	0.023809	-0.001564	-0.005425	0.214235	0.110206	0.970545	0.078180	-0.992362	0.095426	0.973648	0.055434	-0.221215
07262	9.486731	0.990205	-1.996032	0.017771	-0.003729	-0.004056	0.214327	0.110205	0.970525	0.078396	-0.992350	0.095371	0.973611	0.055644	-0.221327
07263	9.510683	1.063661	-1.988776	0.001560	-0.004290	-0.010986	0.214391	0.110274	0.970503	0.078561	-0.992334	0.095400	0.973583	0.055791	-0.221410
07264	9.558976	1.097448	-1.907297	-0.016077	-0.008007	-0.013709	0.214516	0.110371	0.970464	0.078468	-0.992331	0.095513	0.973563	0.055661	-0.221532
07265	9.625788	1.046966	-1.854080	-0.027854	-0.006924	-0.017381	0.214602	0.110508	0.970430	0.078314	-0.992326	0.095683	0.973557	0.055464	-0.221609
07266	9.621181	1.025388	-1.849704	-0.039355	-0.005618	-0.011159	0.214706	0.110579	0.970399	0.077988	-0.992339	0.095823	0.973560	0.055106	-0.221685
07267	9.655022	0.968113	-1.860808	-0.036792	0.002050	-0.010781	0.214718	0.110643	0.970389	0.077624	-0.992353	0.095971	0.973586	0.054719	-0.221665
07268	9.658943	0.869169	-1.852289	-0.026999	-0.001059	-0.004010	0.214784	0.110640	0.970375	0.077403	-0.992366	0.096015	0.973590	0.054488	-0.221708
07269	9.662996	0.769558	-1.843494	-0.017087	0.010646	-0.000827	0.214723	0.110600	0.970392	0.077163	-0.992383	0.096032	0.973622	0.054259	-0.221622
07270	9.607121	0.824656	-1.874128	0.010356	0.016451	-0.007619	0.214616	0.110623	0.970414	0.077314	-0.992372	0.096027	0.973634	0.054418	-0.221531
07271	9.543798	0.890757	-1.984623	0.014592	0.013959	-0.006314	0.214516	0.110632	0.970435	0.077473	-0.992361	0.096006	0.973643	0.054588	-0.221449
07272	9.543276	0.880799	-2.036987	0.017144	0.014858	-0.008317	0.214424	0.110663	0.970452	0.077692	-0.992345	0.095993	0.973646	0.054813	-0.221380
07273	9.518069	0.987737	-2.033892	0.020212	0.009820	-0.015575	0.214356	0.110768	0.970454	0.077925	-0.992321	0.096052	0.973642	0.055034	-0.221342
07274	9.530288	1.049412	-2.100886	0.013046	0.003145	-0.018802	0.214369	0.110910	0.970435	0.078126	-0.992296	0.096150	0.973623	0.055205	-0.221383
07275	9.580262	1.028388	-2.041312	-0.000190	0.003025	-0.022246	0.214363	0.111086	0.970417	0.078151	-0.992277	0.096325	0.973623	0.055191	-0.221389
07276	9.612469	1.026669	-2.029726	-0.014440	-0.000712	-0.015980	0.214416	0.111202	0.970392	0.078079	-0.992270	0.096457	0.973617	0.055085	-0.221441
07277	9.571266	0.984982	-2.031901	-0.010764	-0.002071	-0.015776	0.214463	0.111316	0.970368	0.078023	-0.992262	0.096584	0.973611	0.054998	-0.221488
07278	9.541136	0.945172	-2.012451	-0.011999	-0.001097	-0.009611	0.214524	0.111369	0.970349	0.077961	-0.992261	0.096648	0.973602	0.054916	-0.221547
07279	9.547725	0.925040	-1.986238	-0.012374	-0.002598	-0.011144	0.214587	0.111440	0.970327	0.077751	-0.992266	0.096765	0.973605	0.054679	-0.221591
07280	9.573318	0.943942	-2.000848	0.001353	0.007081	-0.012153	0.214567	0.111513	0.970323	0.077824	-0.992254	0.096824	0.973604	0.054739	-0.221583
07281	9.528997	1.012148	-1.956656	0.005555	0.013318	-0.012430	0.214464	0.111588	0.970337	0.077931	-0.992240	0.096883	0.973618	0.054842	-0.221496
07282	9.539406	1.005247	-1.987537	0.000231	0.009343	-0.014363	0.214420	0.111682	0.970336	0.077998	-0.992227	0.096966	0.973622	0.054893	-0.221464
07283	9.565091	1.024546	-2.001438	-0.006402	0.010261	-0.018075	0.214343	0.111815	0.970337	0.077992	-0.992213	0.097108	0.973640	0.054865	-0.221394
07284	9.579789	1.041513	-2.036875	-0.013302	0.010562	-0.009011	0.214291	0.111856	0.970344	0.077916	-0.992213	0.097170	0.973657	0.054783	-0.221338
07285	9.595066	0.944706	-2.006082	-0.016601	0.006658	-0.010076	0.214263	0.111911	0.970344	0.077692	-0.992220	0.097279	0.973681	0.054545	-0.221290
07286	9.580467	0.930530	-1.968785	-0.013487	0.006430	-0.010974	0.214250	0.111973	0.970340	0.077618	-0.992218	0.097360	0.973690	0.054456	-0.221274
07287	9.587158	0.910521	-1.942056	-0.010000	0.000937	-0.012728	0.214269	0.112058	0.970326	0.077550	-0.992213	0.097461	0.973691	0.054365	-0.221290
07288	9.570034	0.941452	-1.935949	-0.004711	0.006876	-0.014769	0.214249	0.112158	0.970319	0.077569	-0.992202	0.097560	0.973694	0.054365	-0.221278
07289	9.541909	0.970115	-1.951419	0.002636	0.004158	-0.014354	0.214233	0.112254	0.970311	0.077670	-0.992187	0.097637	0.973690	0.054447	-0.221278
07290	9.538173	0.958309	-1.893092	-0.001035	-0.001248	-0.016953	0.214291	0.112380	0.970284	0.077730	-0.992171	0.097748	0.973672	0.054474	-0.221348
07291	9.535528	1.004971	-1.924001	-0.001595	-0.000117	-0.018059	0.214315	0.112521	0.970262	0.077746	-0.992156	0.097887	0.973666	0.054455	-0.221382
07292	9.567650	1.003055	-1.912962	-0.006692	-0.008689	-0.016448	0.214445	0.112646	0.970219	0.077750	-0.992144	0.098006	0.973637	0.054418	-0.221519
07293	9.613195	1.082467	-1.862202	-0.021756	-0.004756	-0.018817	0.214509	0.112794	0.970187	0.077669	-0.992134	0.098173	0.973629	0.054294	-0.221582
07294	9.623891	1.086986	-1.840851	-0.040978	-0.009025	-0.016943	0.214642	0.112923	0.970143	0.077340	-0.992140	0.098372	0.973626	0.053916	-0.221688
07295	9.692709	0.981787	-1.810138	-0.047571	-0.003303	-0.014302	0.214700	0.113025	0.970118	0.076926	-0.992153	0.098567	0.973646	0.053465	-0.221710
07296	9.671127	0.989726	-1.799884	-0.055581	-0.007512	-0.009852	0.214824	0.113083	0.970084	0.076440	-0.992174	0.098731	0.973657	0.052943	-0.221787
07297	9.628310	0.879447	-1.766829	-0.052838	-0.002468	-0.009899	0.214884	0.113140	0.970064	0.075884	-0.992199	0.098912	0.973687	0.052358	-0.221793
07298	9.578024	0.904240	-1.825755	-0.045338	0.000918	-0.011498	0.214925	0.113210	0.970047	0.075501	-0.992212	0.099069	0.973708	0.051947	-0.221799
07299	9.543022	0.954702	-1.867470	-0.037619	-0.000297	-0.009550	0.214960	0.113267	0.970032	0.075107	-0.992228	0.099215	0.973731	0.051529	-0.221796
07300	9.544576	1.025037	-1.902663	-0.038693	-0.006758	-0.010193	0.215076	0.113328	0.969999	0.074786	-0.992239	0.099344	0.973730	0.051175	-0.221882
07301	9.544375	1.026752	-1.902747	-0.051679	-0.004715	-0.007736	0.215154	0.113364	0.969978	0.074304	-0.992261	0.099487	0.973749	0.050668	-0.221913
07302	9.511765	1.032527	-1.914090	-0.054465	-0.005800	-0.015674	0.215257	0.113479	0.969942	0.073841	-0.992273	0.099705	0.973762	0.050159	-0.221974
07303	9.582919	1.130017	-1.877117	-0.053711	-0.002799	-0.012612	0.215314	0.113563	0.969919	0.073352	-0.992290	0.099898	0.973786	0.049636	-0.221984
07304	9.668773	1.119002	-1.864939	-0.065137	-0.017014	-0.007271	0.215533	0.113600	0.969866	0.072767	-0.992317	0.100058	0.973782	0.049008	-0.222143
07305	9.618762	0.896068	-1.900244	-0.076140	0.000594	-0.003108	0.215564	0.113586	0.969861	0.072024	-0.992356	0.100213	0.973830	0.048251	-0.222098
07306	9.639557	0.757905	-1.952150	-0.058689	-0.008539	-0.000733	0.215705	0.113554	0.969833	0.071488	-0.992386	0.100295	0.973838	0.047698	-0.222181
07307	9.624110	0.733373	-1.969870	-0.026898	-0.007809	-0.006548	0.215814	0.113581	0.969806	0.071238	-0.992396	0.100374	0.973832	0.047425	-0.222264
07308	9.551152	0.828299	-1.942357	-0.004058	-0.004908	-0.008146	0.215914	0.113621	0.969779	0.071249	-0.992392	0.100407	0.973809	0.047417	-0.222367
07309	9.507260	0.954928	-1.987795	0.007057	-0.007665	-0.015887	0.216009	0.113741	0.969744	0.071420	-0.992372	0.100487	0.973776	0.047553	-0.222485
07310	9.520161	1.037357	-1.948826	0.007085	-0.021173	-0.020729	0.216259	0.113914	0.969668	0.071568	-0.992348	0.100617	0.973710	0.047638	-0.222756
07311	9.525642	1.007954	-1.978386	-0.002629	-0.020010	-0.023579	0.216470	0.114117	0.969597	0.071624	-0.992325	0.100802	0.973658	0.047625	-0.222982
07312	9.553176	0.983009	-1.964627	0.005231	-0.021885	-0.026028	0.216723	0.114342	0.969514	0.071765	-0.992296	0.100987	0.973592	0.047691	-0.223259
07313	9.581448	0.967823	-1.897355	0.020971	-0.020860	-0.024532	0.216945	0.114555	0.969439	0.072018	-0.992263	0.101136	0.973524	0.047876	-0.223516
07314	9.682333	0.982508	-1.869569	0.029517	-0.011011	-0.025452	0.217092	0.114769	0.969381	0.072394	-0.992222	0.101261	0.973463	0.048194	-0.223712
07315	9.651825	1.066532	-1.863143	0.033345	-0.001489	-0.020844	0.217127	0.114937	0.969353	0.072760	-0.992187	0.101347	0.973428	0.048525	-0.223793
07316	9.632502	1.152349	-1.834401	0.025295	0.003015	-0.017960	0.217143	0.115070	0.969334	0.073079	-0.992157	0.101409	0.973401	0.048818	-0.223849
07317	9.546613	1.091461	-1.977309	0.006683	-0.002401	-0.015028	0.217188	0.115181	0.969310	0.073220	-0.992139	0.101487	0.973380	0.048931	-0.223914
07318	9.511041	1.007216	-2.061425	0.006759	-0.006355	-0.007079	0.217303	0.115211	0.969281	0.073335	-0.992130	0.101485	0.973345	0.049029	-0.224042
07319	9.471503	1.033121	-2.099602	0.008005	-0.007298	-0.013263	0.217398	0.115307	0.969248	0.073456	-0.992115	0.101552	0.973315	0.049120	-0.224154
07320	9.470398	1.024334	-2.154313	0.017153	-0.012087	-0.017927	0.217561	0.115448	0.969195	0.073696	-0.992089	0.101632	0.973261	0.049315	-0.224348
07321	9.489307	1.075170	-2.143001	0.019895	-0.013801	-0.020368	0.217721	0.115613	0.969140	0.073912	-0.992061	0.101743	0.973209	0.049479	-0.224537
07322	9.563440	1.137002	-2.023525	0.018968	-0.014160	-0.023018	0.217900	0.115805	0.969076	0.074180	-0.992028	0.101868	0.973148	0.049689	-0.224753
07323	9.556839	1.170120	-1.997221	0.010188	-0.007877	-0.016813	0.218009	0.115935	0.969036	0.074208	-0.992014	0.101989	0.973121	0.049676	-0.224871
07324	9.563403	1.150075	-1.971913	-0.002606	-0.008489	-0.014775	0.218138	0.116042	0.968994	0.074249	-0.992001	0.102083	0.973089	0.049679	-0.225010
07325	9.571288	1.064651	-2.023130	-0.007522	-0.006192	-0.008797	0.218230	0.116093	0.968968	0.074177	-0.992000	0.102146	0.973074	0.049584	-0.225096
07326	9.614444	0.930334	-2.032307	-0.007521	-0.006191	-0.008797	0.218342	0.116140	0.968937	0.074157	-0.991997	0.102193	0.973051	0.049540	-0.225207
07327	9.566524	0.908909	-2.061747	0.011921	-0.013250	-0.009532	0.218495	0.116208	0.968894	0.074288	-0.991984	0.102224	0.973006	0.049642	-0.225377
07328	9.535022	0.981651	-2.109869	0.014376	-0.020412	-0.005561	0.218748	0.116230	0.968834	0.074474	-0.991973	0.102191	0.972935	0.049799	-0.225648
07329	9.492541	1.003687	-2.037688	0.019821	-0.021862	-0.014422	0.218986	0.116341	0.968767	0.074743	-0.991949	0.102229	0.972861	0.050022	-0.225918
07330	9.477494	0.988904	-2.003666	0.014007	-0.026678	-0.013513	0.219293	0.116445	0.968685	0.074942	-0.991929	0.102273	0.972777	0.050167	-0.226250
07331	9.528595	1.035995	-1.982364	0.022205	-0.025065	-0.018419	0.219558	0.116599	0.968607	0.075232	-0.991900	0.102350	0.972694	0.050398	-0.226551
07332	9.562408	1.112776	-1.955301	0.030604	-0.026079	-0.023770	0.219852	0.116804	0.968515	0.075615	-0.991859	0.102455	0.972598	0.050710	-0.226894
07333	9.632753	1.210018	-1.921418	0.010465	-0.023997	-0.022128	0.220101	0.116995	0.968436	0.075835	-0.991829	0.102585	0.972525	0.050862	-0.227175
07334	9.656418	1.160648	-1.903112	-0.005789	-0.016346	-0.007910	0.220312	0.117038	0.968382	0.075830	-0.991826	0.102620	0.972477	0.050824	-0.227387
07335	9.684291	1.000429	-1.930547	-0.011602	-0.021165	-0.006993	0.220551	0.117077	0.968323	0.075719	-0.991829	0.102673	0.972432	0.050675	-0.227614
07336	9.686855	0.955975	-1.901240	-0.003437	-0.008027	-0.003070	0.220685	0.117068	0.968294	0.075725	-0.991830	0.102655	0.972401	0.050670	-0.227747
07337	9.622642	0.973199	-1.870820	-0.000486	-0.007592	0.000449	0.220804	0.117023	0.968272	0.075649	-0.991840	0.102621	0.972380	0.050590	-0.227854
07338	9.566727	1.037392	-1.849125	-0.001976	-0.002048	0.003106	0.220884	0.116950	0.968263	0.075656	-0.991848	0.102540	0.972361	0.050606	-0.227931
07339	9.532453	1.020637	-1.968124	-0.007067	-0.008652	0.000707	0.221001	0.116908	0.968241	0.075639	-0.991854	0.102494	0.972336	0.050585	-0.228043
07340	9.544503	1.091685	-1.982842	-0.012478	-0.018725	0.000740	0.221241	0.116867	0.968191	0.075549	-0.991864	0.102460	0.972288	0.050478	-0.228271
07341	9.461011	1.118221	-2.054999	-0.015546	-0.025255	-0.000791	0.221524	0.116845	0.968129	0.075402	-0.991875	0.102457	0.972235	0.050303	-0.228535
07342	9.540563	1.137752	-2.017828	-0.014098	-0.028820	-0.007433	0.221857	0.116890	0.968048	0.075315	-0.991877	0.102506	0.972166	0.050167	-0.228858
07343	9.610956	1.100117	-2.025570	-0.014615	-0.029661	-0.004562	0.222179	0.116909	0.967972	0.075180	-0.991884	0.102541	0.972103	0.049989	-0.229165
07344	9.562619	1.078455	-2.056539	-0.011139	-0.028382	-0.003924	0.222510	0.116918	0.967894	0.075114	-0.991888	0.102549	0.972033	0.049884	-0.229487
07345	9.519337	1.090266	-2.038293	-0.014761	-0.029006	-0.000151	0.222829	0.116892	0.967824	0.074980	-0.991899	0.102537	0.971970	0.049719	-0.229788
07346	9.530787	0.968786	-2.007163	-0.009834	-0.026523	0.000259	0.223145	0.116860	0.967755	0.074917	-0.991908	0.102502	0.971902	0.049629	-0.230094
07347	9.532304	0.913610	-2.032502	-0.002523	-0.022477	0.003089	0.223403	0.116798	0.967703	0.074877	-0.991918	0.102434	0.971846	0.049575	-0.230343
07348	9.542073	0.905658	-2.066477	0.010016	-0.017250	-0.002510	0.223627	0.116788	0.967653	0.075013	-0.991913	0.102380	0.971784	0.049692	-0.230579
07349	9.553966	0.976443	-2.081772	0.014625	-0.018238	0.000330	0.223846	0.116749	0.967607	0.075126	-0.991912	0.102302	0.971725	0.049793	-0.230806
07350	9.537439	1.074454	-2.112767	0.018769	-0.016767	-0.006328	0.224062	0.116777	0.967553	0.075356	-0.991899	0.102265	0.971657	0.049998	-0.231047
07351	9.531996	1.175106	-2.122237	0.005249	-0.020377	-0.007350	0.224292	0.116817	0.967495	0.075436	-0.991892	0.102274	0.971598	0.050045	-0.231286
07352	9.541605	1.167827	-2.156382	-0.005316	-0.023555	-0.004854	0.224575	0.116834	0.967427	0.075428	-0.991892	0.102278	0.971533	0.050002	-0.231567
07353	9.499233	1.114618	-2.214789	-0.010710	-0.033620	-0.004833	0.224947	0.116854	0.967339	0.075200	-0.991904	0.102334	0.971465	0.049725	-0.231913
07354	9.473842	1.031974	-2.280145	-0.006364	-0.044815	-0.002014	0.225439	0.116853	0.967224	0.075176	-0.991908	0.102313	0.971353	0.049647	-0.232399
07355	9.460555	0.961255	-2.270923	-0.005216	-0.047074	0.000174	0.225930	0.116834	0.967112	0.075151	-0.991913	0.102274	0.971240	0.049573	-0.232884
07356	9.482922	0.841676	-2.219800	0.019753	-0.037945	-0.002654	0.226355	0.116836	0.967012	0.075382	-0.991904	0.102199	0.971124	0.049762	-0.233330
07357	9.545367	0.830644	-2.089285	0.043124	-0.029369	-0.000836	0.226679	0.116819	0.966938	0.075762	-0.991888	0.102072	0.971018	0.050119	-0.233691
07358	9.616271	0.866758	-1.966837	0.062505	-0.012869	-0.006722	0.226857	0.116849	0.966893	0.076417	-0.991852	0.101936	0.970926	0.050762	-0.233938
07359	9.627447	1.002405	-1.905234	0.064440	-0.004072	-0.007407	0.226929	0.116883	0.966872	0.077043	-0.991815	0.101816	0.970859	0.051386	-0.234077
07360	9.710817	1.168227	-1.883561	0.045396	0.002478	-0.001058	0.226962	0.116850	0.966868	0.077520	-0.991794	0.101665	0.970814	0.051877	-0.234158
07361	9.725092	1.183148	-1.920020	0.014628	0.008103	0.005626	0.226926	0.116748	0.966889	0.077627	-0.991799	0.101537	0.970813	0.052015	-0.234128
07362	9.658196	1.110351	-1.959740	-0.013710	0.008551	0.012287	0.226911	0.116579	0.966913	0.077499	-0.991823	0.101395	0.970827	0.051927	-0.234090
07363	9.598436	1.016355	-1.973241	-0.032368	0.005076	0.011339	0.226907	0.116421	0.966933	0.077180	-0.991857	0.101310	0.970853	0.051640	-0.234045
07364	9.547782	1.038616	-2.031196	-0.042051	0.004235	0.012519	0.226934	0.116252	0.966947	0.076777	-0.991896	0.101232	0.970879	0.051266	-0.234020
07365	9.494911	0.982395	-2.107773	-0.043143	-0.000242	0.007871	0.226979	0.116132	0.966951	0.076343	-0.991931	0.101212	0.970903	0.050847	-0.234014
07366	9.471363	0.967995	-2.204449	-0.035577	-0.005558	0.007793	0.227097	0.116015	0.966937	0.076013	-0.991962	0.101165	0.970901	0.050526	-0.234091
07367	9.426427	0.959234	-2.291032	-0.028790	-0.007121	0.007067	0.227201	0.115912	0.966925	0.075771	-0.991985	0.101112	0.970896	0.050292	-0.234163
07368	9.427411	0.969596	-2.237909	-0.010578	-0.007943	-0.003910	0.227334	0.115912	0.966894	0.075710	-0.991989	0.101120	0.970869	0.050216	-0.234288
07369	9.505249	0.968865	-2.306629	-0.004000	-0.006885	-0.004181	0.227427	0.115917	0.966871	0.075762	-0.991987	0.101108	0.970843	0.050257	-0.234387
07370	9.632044	1.000435	-2.293632	0.011894	-0.006478	-0.007181	0.227543	0.115949	0.966840	0.075927	-0.991975	0.101094	0.970803	0.050406	-0.234520
07371	9.617783	0.984844	-2.257418	0.025008	0.002381	-0.005281	0.227556	0.115957	0.966836	0.076151	-0.991963	0.101047	0.970783	0.050632	-0.234557
07372	9.538659	0.975542	-2.242924	0.042065	0.005298	0.000326	0.227563	0.115908	0.966840	0.076592	-0.991945	0.100890	0.970746	0.051093	-0.234608
07373	9.492832	0.896614	-2.294308	0.046072	-0.002614	0.008005	0.227628	0.115792	0.966839	0.077044	-0.991934	0.100658	0.970695	0.051577	-0.234713
07374	9.451287	0.975017	-2.309101	0.060270	0.001194	0.001688	0.227676	0.115731	0.966835	0.077658	-0.991907	0.100445	0.970635	0.052214	-0.234821
07375	9.430215	1.113486	-2.257983	0.046383	-0.003909	-0.000861	0.227751	0.115698	0.966821	0.078114	-0.991886	0.100297	0.970581	0.052680	-0.234941
07376	9.490153	1.206308	-2.244363	0.025438	-0.002862	-0.006202	0.227832	0.115718	0.966800	0.078408	-0.991869	0.100242	0.970538	0.052967	-0.235053
07377	9.489262	1.272119	-2.168142	-0.005924	-0.000879	-0.007019	0.227872	0.115749	0.966787	0.078376	-0.991868	0.100278	0.970532	0.052922	-0.235090
07378	9.506141	1.109735	-2.215186	-0.035568	-0.002285	-0.004541	0.227948	0.115752	0.966768	0.078074	-0.991884	0.100350	0.970538	0.052605	-0.235136
07379	9.566945	0.887557	-2.140723	-0.042805	-0.003528	0.003030	0.228018	0.115685	0.966760	0.077685	-0.991913	0.100372	0.970553	0.052216	-0.235161
07380	9.601462	0.829366	-2.152049	-0.016577	0.009432	0.000379	0.227985	0.115633	0.966774	0.077556	-0.991925	0.100352	0.970571	0.052101	-0.235112
07381	9.559116	0.840491	-2.130071	-0.006038	0.009323	0.010231	0.227940	0.115484	0.966802	0.077504	-0.991943	0.100214	0.970586	0.052088	-0.235053
07382	9.560421	0.908363	-2.164353	0.009294	0.010865	0.006122	0.227897	0.115374	0.966826	0.077613	-0.991948	0.100078	0.970587	0.052231	-0.235016
07383	9.537565	0.968609	-2.129594	0.005720	0.018302	0.003950	0.227758	0.115281	0.966869	0.077720	-0.991951	0.099964	0.970611	0.052377	-0.234884
07384	9.443475	0.933722	-2.130522	0.013535	0.018419	-0.002527	0.227635	0.115254	0.966902	0.077890	-0.991944	0.099901	0.970626	0.052571	-0.234779
07385	9.502833	0.958437	-2.079234	0.020267	0.018826	-0.007228	0.227476	0.115279	0.966936	0.078180	-0.991925	0.099866	0.970640	0.052878	-0.234651
07386	9.525517	1.021672	-2.123307	0.026283	0.021020	-0.008609	0.227323	0.115310	0.966968	0.078488	-0.991904	0.099832	0.970651	0.053201	-0.234533
07387	9.561334	1.031951	-2.168806	0.029600	0.018182	-0.009971	0.227175	0.115358	0.966997	0.078818	-0.991880	0.099810	0.970659	0.053542	-0.234423
07388	9.586992	1.049994	-2.182602	0.019085	0.013034	-0.003477	0.227104	0.115343	0.967016	0.079044	-0.991869	0.099743	0.970657	0.053785	-0.234375
07389	9.603497	0.951920	-2.151799	0.002765	0.017870	0.000420	0.226969	0.115290	0.967054	0.079032	-0.991874	0.099700	0.970690	0.053799	-0.234237
07390	9.598771	0.859651	-2.110078	-0.001484	0.020347	-0.000871	0.226829	0.115245	0.967092	0.079052	-0.991877	0.099657	0.970721	0.053846	-0.234097
07391	9.591029	0.812538	-2.098948	0.013861	0.021893	-0.004982	0.226657	0.115237	0.967133	0.079151	-0.991871	0.099635	0.970753	0.053966	-0.233935
07392	9.546846	0.879423	-2.053122	0.017857	0.024014	-0.007230	0.226476	0.115253	0.967174	0.079373	-0.991856	0.099608	0.970777	0.054209	-0.233780
07393	9.599139	0.925748	-2.027264	0.024243	0.027707	-0.007069	0.226238	0.115269	0.967228	0.079624	-0.991839	0.099577	0.970812	0.054487	-0.233570
07394	9.546888	1.003958	-2.060824	0.022174	0.029603	-0.011923	0.225999	0.115328	0.967277	0.079900	-0.991816	0.099586	0.970845	0.054779	-0.233364
07395	9.588916	1.058753	-2.003047	0.013661	0.019747	-0.010964	0.225836	0.115381	0.967308	0.080096	-0.991798	0.099603	0.970867	0.054983	-0.233225
07396	9.532398	1.113663	-2.032730	-0.000804	0.020533	-0.008196	0.225688	0.115408	0.967339	0.080139	-0.991792	0.099629	0.970898	0.055037	-0.233085
07397	9.502199	1.062618	-2.065132	-0.008956	0.012170	-0.005690	0.225598	0.115420	0.967359	0.080116	-0.991792	0.099652	0.970921	0.055019	-0.232993
07398	9.552056	1.030517	-2.058909	-0.004298	0.004443	-0.005277	0.225609	0.115428	0.967356	0.080119	-0.991791	0.099658	0.970918	0.055020	-0.233004
07399	9.609903	0.987099	-1.973209	-0.001911	0.006016	-0.002866	0.225582	0.115413	0.967364	0.080143	-0.991791	0.099638	0.970922	0.055051	-0.232980
07400	9.581599	1.014475	-1.988316	0.004108	0.008213	-0.004243	0.225557	0.115407	0.967370	0.080225	-0.991787	0.099614	0.970921	0.055139	-0.232963
07401	9.578657	1.001545	-1.929020	-0.004024	0.014659	-0.005293	0.225449	0.115408	0.967395	0.080212	-0.991787	0.099625	0.970947	0.055136	-0.232854
07402	9.645919	0.940083	-1.927906	-0.010814	0.016219	-0.004580	0.225346	0.115402	0.967420	0.080150	-0.991790	0.099639	0.970976	0.055086	-0.232745
07403	9.631033	0.914672	-1.943072	-0.008629	0.020419	-0.001730	0.225184	0.115365	0.967462	0.080080	-0.991797	0.099628	0.971020	0.055039	-0.232576
07404	9.568564	0.866809	-1.986049	-0.004313	0.026008	-0.006417	0.224985	0.115372	0.967508	0.080085	-0.991795	0.099645	0.971065	0.055065	-0.232378
07405	9.490791	0.927154	-2.005201	-0.011330	0.015382	-0.001708	0.224869	0.115338	0.967539	0.080034	-0.991801	0.099629	0.971097	0.055033	-0.232256
07406	9.525739	0.927505	-2.104538	-0.005632	0.009333	-0.007049	0.224831	0.115360	0.967545	0.080029	-0.991798	0.099655	0.971106	0.055026	-0.232219
07407	9.489266	0.908302	-2.110433	-0.009835	0.005058	-0.010772	0.224813	0.115421	0.967542	0.079929	-0.991798	0.099743	0.971118	0.054912	-0.232195
07408	9.519618	0.961484	-2.075861	-0.009109	0.003272	-0.014093	0.224828	0.115516	0.967527	0.079906	-0.991789	0.099845	0.971116	0.054863	-0.232213
07409	9.545832	0.991398	-2.036805	-0.004384	0.003610	-0.019657	0.224815	0.115668	0.967512	0.079912	-0.991773	0.099999	0.971119	0.054835	-0.232209
07410	9.617769	0.965094	-1.987554	0.000342	0.008727	-0.018815	0.224774	0.115807	0.967505	0.079991	-0.991754	0.100125	0.971122	0.054886	-0.232184
07411	9.611649	0.998372	-1.958983	0.003410	0.015265	-0.017300	0.224648	0.115927	0.967519	0.080082	-0.991736	0.100235	0.971144	0.054963	-0.232076
07412	9.685981	0.916363	-1.931540	0.004501	0.019755	-0.012672	0.224505	0.115999	0.967544	0.080187	-0.991722	0.100292	0.971168	0.055069	-0.231948
07413	9.631627	0.916155	-1.983940	0.020947	0.025810	-0.012137	0.224283	0.116063	0.967588	0.080396	-0.991702	0.100320	0.971202	0.055290	-0.231753
07414	9.596552	0.964913	-2.023889	0.024150	0.021656	-0.005077	0.224127	0.116059	0.967625	0.080675	-0.991685	0.100258	0.971215	0.055593	-0.231627
07415	9.509787	0.967411	-2.087841	0.012594	0.020066	-0.009202	0.223958	0.116097	0.967659	0.080881	-0.991669	0.100258	0.971237	0.055812	-0.231482
07416	9.485612	1.018928	-2.106990	0.002783	0.008329	-0.012428	0.223926	0.116173	0.967658	0.080969	-0.991655	0.100317	0.971237	0.055887	-0.231463
07417	9.475358	1.028080	-2.074311	0.002422	0.006833	-0.013972	0.223886	0.116265	0.967656	0.081025	-0.991642	0.100400	0.971241	0.055926	-0.231436
07418	9.549137	1.080477	-2.006657	-0.000001	0.007230	-0.020375	0.223858	0.116420	0.967644	0.081104	-0.991622	0.100542	0.971241	0.055973	-0.231425
07419	9.614848	1.085831	-1.929551	-0.006069	0.011779	-0.016586	0.223769	0.116535	0.967650	0.081072	-0.991611	0.100672	0.971264	0.055922	-0.231340
07420	9.654687	1.121185	-1.979586	-0.006477	0.017035	-0.015713	0.223649	0.116638	0.967665	0.081078	-0.991599	0.100784	0.971292	0.055916	-0.231227
07421	9.578990	1.126711	-2.021712	-0.003740	0.024889	-0.005352	0.223440	0.116632	0.967715	0.081107	-0.991597	0.100784	0.971337	0.055969	-0.231022
07422	9.570560	1.069794	-2.063959	-0.009555	0.020057	-0.004419	0.223300	0.116622	0.967748	0.081057	-0.991600	0.100793	0.971374	0.055936	-0.230877
07423	9.540022	1.008107	-2.149565	0.000870	0.023917	-0.002505	0.223096	0.116595	0.967798	0.081134	-0.991597	0.100759	0.971414	0.056042	-0.230681
07424	9.544511	1.031933	-2.152021	0.006211	0.021157	-0.002975	0.222946	0.116570	0.967836	0.081234	-0.991593	0.100719	0.971440	0.056166	-0.230541
07425	9.491763	1.051607	-2.097584	0.004564	0.017797	-0.008713	0.222810	0.116603	0.967863	0.081239	-0.991589	0.100759	0.971471	0.056178	-0.230408
07426	9.503072	1.054639	-2.074420	-0.002912	0.014382	-0.007110	0.222723	0.116623	0.967881	0.081260	-0.991585	0.100780	0.971489	0.056204	-0.230325
07427	9.522359	1.105088	-2.060668	-0.015882	0.009601	-0.007020	0.222660	0.116647	0.967892	0.081109	-0.991590	0.100844	0.971516	0.056051	-0.230249
07428	9.540528	1.087079	-2.011806	-0.028490	0.006318	-0.005391	0.222653	0.116654	0.967893	0.080878	-0.991603	0.100907	0.971537	0.055814	-0.230218
07429	9.524824	1.051807	-2.081678	-0.039244	0.003769	0.001534	0.222653	0.116597	0.967900	0.080512	-0.991630	0.100934	0.971568	0.055454	-0.230176
07430	9.523155	0.973777	-2.099290	-0.037051	0.003196	-0.002026	0.222678	0.116572	0.967897	0.080190	-0.991651	0.100984	0.971588	0.055128	-0.230167
07431	9.547662	0.923871	-2.077993	-0.031399	0.008687	0.001467	0.222630	0.116512	0.967916	0.079896	-0.991674	0.100995	0.971624	0.054848	-0.230085
07432	9.558890	0.926739	-2.055236	-0.022624	0.009189	-0.002346	0.222597	0.116488	0.967926	0.079715	-0.991686	0.101015	0.971646	0.054673	-0.230032
