// General information: 
//  MT Manager version: 2022.2.0 
//  XDA version: 2022.2.0 build 7381 rev 124627 built on 2023-07-19
// Device information: 
//  DeviceId: 00B4CB9F
//  ProductCode: MTW2-3A7G6
//  Firmware Version: 4.6.0
//  Hardware Version: 2.0.0
// Device settings: 
//  Filter Profile: human(46.1)
//  Option Flags: Orientation Smoother Disabled, Position/Velocity Smoother Disabled, Continuous Zero Rotation Update Disabled, AHS Disabled, ICC Disabled
// Coordinate system: ENU
PacketCounter	Acc_X	Acc_Y	Acc_Z	Gyr_X	Gyr_Y	Gyr_Z	Mat[1][1]	Mat[2][1]	Mat[3][1]	Mat[1][2]	Mat[2][2]	Mat[3][2]	Mat[1][3]	Mat[2][3]	Mat[3][3]
19928	9.693514	0.051358	-0.444701	0.100358	0.062626	0.037960	0.095156	-0.030938	0.994981	0.364427	-0.929048	-0.063741	0.926357	0.368664	-0.077130
19929	9.654750	-0.127415	-0.422380	0.055798	0.061221	0.046448	0.094886	-0.031842	0.994979	0.364983	-0.928775	-0.064530	0.926166	0.369274	-0.076506
19930	9.775384	-0.211293	-0.577316	0.028234	0.044009	0.035814	0.094640	-0.032340	0.994986	0.365203	-0.928661	-0.064921	0.926105	0.369516	-0.076078
19931	9.823674	-0.402263	-0.857179	0.008369	0.028902	0.022642	0.094694	-0.032920	0.994962	0.365355	-0.928561	-0.065495	0.926039	0.369717	-0.075901
19932	9.969840	-0.546258	-1.075792	-0.035068	0.026053	0.008436	0.094515	-0.033098	0.994973	0.365016	-0.928690	-0.065567	0.926191	0.369378	-0.075694
19933	9.749331	-0.758181	-1.393969	-0.077121	0.041814	-0.014441	0.094043	-0.033396	0.995008	0.364384	-0.928934	-0.065618	0.926488	0.368736	-0.075191
19934	9.505143	-0.927771	-1.646550	-0.062602	0.012058	-0.050392	0.093779	-0.032976	0.995047	0.363845	-0.929183	-0.065085	0.926727	0.368146	-0.075140
19935	9.759082	-1.041137	-1.575936	-0.046352	-0.015866	-0.042039	0.093720	-0.032829	0.995057	0.363450	-0.929351	-0.064893	0.926888	0.367736	-0.075167
19936	9.663939	-1.020717	-1.479769	0.007090	-0.032296	-0.027958	0.093949	-0.032455	0.995048	0.363536	-0.929335	-0.064636	0.926831	0.367808	-0.075511
19937	9.721795	-1.078359	-1.320405	0.044630	-0.041047	-0.018854	0.094422	-0.032312	0.995008	0.364039	-0.929132	-0.064718	0.926585	0.368333	-0.075967
19938	9.708133	-1.089409	-1.044746	0.067990	-0.037081	-0.018583	0.094729	-0.032008	0.994988	0.364681	-0.928889	-0.064602	0.926301	0.368973	-0.076320
19939	9.712287	-1.049192	-0.880651	0.077113	-0.027331	-0.030703	0.094977	-0.032017	0.994964	0.365492	-0.928558	-0.064769	0.925956	0.369803	-0.076490
19940	9.763056	-0.877062	-0.596830	0.076713	-0.018302	-0.037161	0.095043	-0.031611	0.994971	0.366233	-0.928287	-0.064476	0.925657	0.370519	-0.076650
19941	9.960317	-0.731832	-0.358966	0.071162	0.012840	-0.019997	0.095000	-0.031754	0.994971	0.367002	-0.927971	-0.064657	0.925357	0.371298	-0.076503
19942	9.932217	-0.655721	-0.347138	0.057908	0.051902	0.001803	0.094558	-0.031971	0.995006	0.367531	-0.927755	-0.064737	0.925192	0.371817	-0.075977
19943	9.905393	-0.644937	-0.392513	0.030382	0.078580	0.004593	0.093861	-0.032694	0.995048	0.367883	-0.927585	-0.065179	0.925123	0.372179	-0.075036
19944	10.112747	-0.784476	-0.280388	-0.036022	0.107787	0.010930	0.092936	-0.033205	0.995118	0.367536	-0.927715	-0.065281	0.925354	0.371808	-0.074014
19945	9.591619	-0.992664	-0.811143	-0.029648	0.104953	-0.024700	0.091839	-0.033639	0.995206	0.367276	-0.927820	-0.065253	0.925567	0.371508	-0.072855
19946	9.592555	-1.109362	-1.001328	0.004477	0.046583	-0.068453	0.091188	-0.033186	0.995281	0.367377	-0.927826	-0.064596	0.925591	0.371533	-0.072415
19947	9.593776	-1.223652	-1.194926	0.033445	0.026351	-0.081742	0.090763	-0.032824	0.995331	0.367833	-0.927677	-0.064136	0.925452	0.371937	-0.072125
19948	9.588416	-1.167309	-1.304499	0.103535	0.000147	-0.091640	0.090456	-0.031985	0.995387	0.368871	-0.927321	-0.063319	0.925068	0.372897	-0.072084
19949	9.785056	-1.016855	-1.064438	0.142880	0.014227	-0.074254	0.090209	-0.031620	0.995421	0.370417	-0.926726	-0.063007	0.924475	0.374405	-0.071886
19950	9.785181	-0.768298	-0.666474	0.158813	0.040079	-0.052492	0.089676	-0.031295	0.995479	0.371929	-0.926146	-0.062620	0.923919	0.375863	-0.071414
19951	9.885014	-0.609290	-0.347944	0.153669	0.066346	-0.021815	0.089054	-0.031586	0.995526	0.373407	-0.925542	-0.062769	0.923383	0.377326	-0.070629
19952	9.781642	-0.519303	-0.359044	0.128562	0.086937	-0.006530	0.088260	-0.031865	0.995588	0.374598	-0.925057	-0.062816	0.922977	0.378489	-0.069709
19953	9.636819	-0.603427	-0.453473	0.116903	0.065079	-0.013572	0.087706	-0.032311	0.995622	0.375811	-0.924545	-0.063110	0.922536	0.379701	-0.068945
19954	9.692548	-0.734972	-0.490939	0.110742	0.055986	-0.024371	0.087130	-0.032310	0.995673	0.376852	-0.924131	-0.062967	0.922166	0.380708	-0.068343
19955	9.816767	-0.790285	-0.548629	0.118274	0.044200	-0.033923	0.086632	-0.032515	0.995710	0.378061	-0.923631	-0.063055	0.921718	0.381902	-0.067724
19956	10.111271	-0.840845	-0.634883	0.094637	0.059708	-0.034428	0.085985	-0.032438	0.995768	0.378962	-0.923279	-0.062800	0.921409	0.382758	-0.067095
19957	9.714967	-0.829980	-0.799697	0.114954	0.057193	-0.060460	0.085364	-0.032390	0.995823	0.380191	-0.922787	-0.062605	0.920960	0.383947	-0.066459
19958	9.774866	-0.851701	-0.510979	0.114791	0.049973	-0.066108	0.084686	-0.031985	0.995894	0.381304	-0.922365	-0.062048	0.920563	0.384993	-0.065915
19959	9.658457	-0.877134	-0.394151	0.112618	0.069041	-0.060807	0.083851	-0.031944	0.995966	0.382455	-0.921907	-0.061768	0.920162	0.386091	-0.065086
19960	9.745231	-1.003052	-0.228526	0.129915	0.074117	-0.059443	0.082975	-0.031697	0.996047	0.383699	-0.921422	-0.061286	0.919723	0.387268	-0.064293
19961	9.870777	-0.984658	-0.098252	0.161164	0.088176	-0.041927	0.081982	-0.031909	0.996123	0.385231	-0.920789	-0.061201	0.919172	0.388754	-0.063196
19962	9.865236	-0.874667	-0.063578	0.182280	0.106364	-0.032437	0.080913	-0.032040	0.996206	0.386932	-0.920087	-0.061019	0.918551	0.390401	-0.062049
19963	9.790149	-0.871035	-0.125764	0.185872	0.122544	-0.025803	0.079688	-0.032592	0.996287	0.388603	-0.919373	-0.061158	0.917953	0.392034	-0.060597
19964	9.643124	-0.842377	-0.066666	0.175920	0.137101	-0.019947	0.078385	-0.032963	0.996378	0.390234	-0.918687	-0.061092	0.917373	0.393609	-0.059148
19965	9.534498	-0.766460	-0.323313	0.185561	0.122797	-0.023653	0.077253	-0.033411	0.996452	0.392069	-0.917899	-0.061174	0.916686	0.395404	-0.057811
19966	9.714294	-0.583696	-0.536561	0.199415	0.096981	-0.024808	0.076300	-0.033583	0.996519	0.393917	-0.917115	-0.061068	0.915974	0.397205	-0.056747
19967	9.816388	-0.336025	-0.768893	0.184340	0.087836	-0.015908	0.075528	-0.034057	0.996562	0.395766	-0.916303	-0.061309	0.915240	0.399036	-0.055728
19968	9.901037	-0.172111	-0.930421	0.141830	0.074392	-0.024771	0.074783	-0.034144	0.996615	0.397083	-0.915742	-0.061169	0.914731	0.400314	-0.054924
19969	9.655615	-0.224937	-1.161307	0.103280	0.048027	-0.041770	0.074237	-0.034172	0.996655	0.398119	-0.915301	-0.061037	0.914325	0.401318	-0.054344
19970	9.732726	-0.244994	-1.075474	0.074554	0.029788	-0.049003	0.073803	-0.033860	0.996698	0.398838	-0.915016	-0.060618	0.914047	0.401995	-0.054026
19971	9.766401	-0.293862	-0.804813	0.024396	0.045501	-0.040987	0.073252	-0.033913	0.996737	0.399122	-0.914902	-0.060460	0.913967	0.402249	-0.053483
19972	9.708705	-0.499887	-0.718654	-0.004516	0.041860	-0.044703	0.072724	-0.033689	0.996783	0.399116	-0.914933	-0.060042	0.914012	0.402198	-0.053092
19973	9.738794	-0.513987	-0.507895	-0.017659	0.034364	-0.040378	0.072406	-0.033651	0.996807	0.399114	-0.914944	-0.059878	0.914038	0.402175	-0.052817
19974	9.742668	-0.506667	-0.303627	-0.023108	0.029540	-0.034270	0.072033	-0.033474	0.996840	0.398930	-0.915046	-0.059554	0.914148	0.401959	-0.052560
19975	9.801728	-0.621978	-0.193391	-0.028953	0.025431	-0.039145	0.071748	-0.033414	0.996863	0.398789	-0.915119	-0.059376	0.914232	0.401798	-0.052333
19976	9.907949	-0.640399	0.169678	-0.062508	0.044880	-0.048080	0.071180	-0.033172	0.996912	0.398254	-0.915383	-0.058895	0.914509	0.401216	-0.051946
19977	9.961759	-0.633844	0.453148	-0.104136	0.086869	-0.049056	0.070212	-0.033299	0.996976	0.397377	-0.915784	-0.058572	0.914965	0.400288	-0.051067
19978	9.947462	-0.771846	0.500116	-0.128326	0.109695	-0.059572	0.069005	-0.033210	0.997063	0.396247	-0.916314	-0.057944	0.915547	0.399082	-0.050071
19979	9.980195	-0.875456	0.565184	-0.139230	0.126363	-0.079132	0.067444	-0.033262	0.997168	0.394938	-0.916919	-0.057298	0.916229	0.397684	-0.048704
19980	9.963475	-1.006790	0.437164	-0.136568	0.141643	-0.096367	0.065800	-0.032960	0.997288	0.393754	-0.917490	-0.056302	0.916858	0.396391	-0.047392
19981	9.888207	-1.036206	0.031520	-0.122372	0.156128	-0.114597	0.063877	-0.032702	0.997422	0.392660	-0.918023	-0.055246	0.917463	0.395176	-0.045799
19982	9.956256	-0.949216	-0.072663	-0.124040	0.185612	-0.130362	0.061695	-0.032257	0.997574	0.391607	-0.918551	-0.053921	0.918062	0.393983	-0.044038
19983	10.198549	-0.857046	0.181490	-0.174541	0.238544	-0.136048	0.059034	-0.032082	0.997740	0.390098	-0.919267	-0.052640	0.918879	0.392325	-0.041752
19984	10.508630	-0.693920	0.703064	-0.266105	0.317970	-0.117975	0.055684	-0.032261	0.997927	0.387723	-0.920342	-0.051388	0.920092	0.389781	-0.038740
19985	10.555083	-0.673712	0.763177	-0.352093	0.417202	-0.125301	0.051454	-0.032998	0.998130	0.384623	-0.921702	-0.050299	0.921638	0.386492	-0.034733
19986	10.251724	-0.566830	0.677186	-0.463656	0.493076	-0.146241	0.046378	-0.033564	0.998360	0.380421	-0.923529	-0.048721	0.923650	0.382057	-0.030063
19987	9.996684	-0.783241	0.800930	-0.571037	0.547070	-0.151589	0.040752	-0.034412	0.998577	0.375215	-0.925735	-0.047214	0.926042	0.376605	-0.024814
19988	10.085708	-1.029277	0.917619	-0.667713	0.616237	-0.124027	0.034608	-0.035585	0.998767	0.369074	-0.928268	-0.045862	0.928756	0.370206	-0.018992
19989	9.686889	-1.445252	0.380377	-0.745271	0.714520	-0.075788	0.027667	-0.037695	0.998906	0.362127	-0.931034	-0.045164	0.931718	0.362980	-0.012108
19990	9.282110	-2.033847	-0.049195	-0.736985	0.746673	-0.044675	0.020572	-0.039985	0.998988	0.355266	-0.933697	-0.044687	0.934539	0.355825	-0.005002
19991	9.028766	-2.438151	-0.171702	-0.665911	0.737424	-0.026031	0.013603	-0.042619	0.998999	0.349069	-0.936031	-0.044686	0.936998	0.349327	0.002144
19992	8.683028	-2.529055	-0.925671	-0.500289	0.633404	-0.043597	0.007543	-0.044431	0.998984	0.344387	-0.937782	-0.044309	0.938797	0.344371	0.008227
19993	8.664014	-2.572597	-1.727061	-0.248843	0.477706	-0.077986	0.002811	-0.045547	0.998958	0.342076	-0.938653	-0.043760	0.939668	0.341842	0.012942
19994	8.730411	-2.551664	-2.744103	0.062995	0.269204	-0.110054	-0.000063	-0.045459	0.998966	0.342675	-0.938484	-0.042685	0.939454	0.342319	0.015637
19995	9.087330	-2.342763	-3.538462	0.361857	0.087286	-0.143653	-0.001440	-0.044673	0.999001	0.345955	-0.937337	-0.041417	0.938250	0.345549	0.016804
19996	9.237209	-1.885721	-3.761495	0.602229	-0.053929	-0.151494	-0.001431	-0.043091	0.999070	0.351603	-0.935301	-0.039837	0.936148	0.351219	0.016489
19997	9.323109	-1.359002	-3.517937	0.744534	-0.161144	-0.182193	-0.000500	-0.041121	0.999154	0.358641	-0.932693	-0.038206	0.933475	0.358319	0.015214
19998	9.557768	-0.720902	-2.650215	0.830391	-0.231915	-0.206554	0.000945	-0.038382	0.999263	0.366387	-0.929763	-0.036059	0.930462	0.366151	0.013184
19999	10.184284	-0.182997	-1.568255	0.853184	-0.270120	-0.198386	0.002751	-0.035662	0.999360	0.374319	-0.926673	-0.034099	0.927296	0.374173	0.010800
20000	10.292376	-0.006071	-0.645000	0.788877	-0.259542	-0.214766	0.004375	-0.032719	0.999455	0.381637	-0.923761	-0.031911	0.924302	0.381568	0.008446
20001	10.076640	-0.076398	-0.058611	0.702322	-0.260195	-0.251020	0.005812	-0.029706	0.999542	0.388063	-0.921156	-0.029633	0.921614	0.388058	0.006174
20002	9.814715	-0.105711	0.468869	0.623421	-0.250671	-0.284968	0.007038	-0.026129	0.999634	0.393826	-0.918795	-0.026789	0.919158	0.393870	0.003823
20003	9.638935	-0.192514	0.920146	0.564805	-0.239265	-0.284795	0.008191	-0.022883	0.999705	0.399111	-0.916582	-0.024250	0.916866	0.399192	0.001625
20004	9.746414	-0.293940	1.119622	0.520353	-0.196528	-0.266560	0.008954	-0.019678	0.999766	0.403906	-0.914545	-0.021618	0.914757	0.404005	-0.000241
20005	9.701458	-0.537970	1.229539	0.453099	-0.104375	-0.277363	0.008783	-0.017082	0.999816	0.407967	-0.912795	-0.019179	0.912954	0.408060	-0.001048
20006	9.537280	-0.573774	1.308320	0.468637	-0.077657	-0.303649	0.008279	-0.014020	0.999867	0.412274	-0.910916	-0.016187	0.911023	0.412353	-0.001761
20007	9.773515	-0.214744	1.277989	0.547059	-0.061590	-0.290007	0.007777	-0.011469	0.999904	0.417302	-0.908665	-0.013668	0.908735	0.417368	-0.002281
20008	9.891420	0.495387	1.264081	0.592578	-0.040269	-0.265919	0.007059	-0.008913	0.999935	0.422706	-0.906199	-0.011061	0.906239	0.422757	-0.002630
20009	9.804970	1.288146	1.002288	0.586579	-0.025591	-0.253009	0.006328	-0.006764	0.999957	0.428067	-0.903704	-0.008821	0.903725	0.428105	-0.002823
20010	9.678859	1.891612	0.147350	0.543426	-0.028211	-0.253697	0.005525	-0.004378	0.999975	0.432994	-0.901374	-0.006339	0.901380	0.433018	-0.003084
20011	9.769746	2.073922	-0.547488	0.456213	-0.043055	-0.244745	0.004926	-0.002127	0.999986	0.437097	-0.899405	-0.004066	0.899401	0.437110	-0.003501
20012	9.741051	2.211208	-1.239648	0.355379	-0.071692	-0.233906	0.004579	0.000264	0.999989	0.440308	-0.897845	-0.001779	0.897835	0.440312	-0.004227
20013	9.840695	2.206688	-1.447060	0.240082	-0.125130	-0.213968	0.004831	0.002652	0.999985	0.442463	-0.896787	0.000241	0.896774	0.442455	-0.005506
20014	9.714571	2.583017	-1.586717	0.130167	-0.167871	-0.189968	0.005529	0.005073	0.999972	0.443646	-0.896200	0.002093	0.896185	0.443622	-0.007206
20015	9.854738	2.784559	-1.657838	-0.002111	-0.249177	-0.185455	0.006994	0.007795	0.999945	0.443635	-0.896199	0.003884	0.896180	0.443584	-0.009726
20016	10.063934	2.945621	-1.174110	-0.204462	-0.281856	-0.182119	0.008749	0.010650	0.999905	0.441823	-0.897084	0.005689	0.897060	0.441731	-0.012554
20017	9.903642	2.786251	-0.889740	-0.429900	-0.296838	-0.187255	0.010649	0.013618	0.999851	0.438004	-0.898941	0.007578	0.898910	0.437858	-0.015538
20018	10.088561	1.929879	-0.419766	-0.638729	-0.291530	-0.187382	0.012493	0.016547	0.999785	0.432282	-0.901688	0.009521	0.901652	0.432070	-0.018418
20019	10.110996	0.862350	0.122551	-0.788691	-0.240528	-0.171360	0.013986	0.019116	0.999719	0.425214	-0.905022	0.011357	0.904985	0.424936	-0.020786
20020	9.763788	-0.488582	0.255823	-0.840212	-0.200138	-0.169530	0.015121	0.021470	0.999655	0.417626	-0.908523	0.013196	0.908493	0.417283	-0.022704
20021	9.764486	-1.671547	0.619457	-0.757516	-0.181605	-0.158088	0.016174	0.023651	0.999589	0.410793	-0.911607	0.014922	0.911585	0.410383	-0.024460
20022	9.548463	-2.198405	0.981000	-0.567682	-0.165340	-0.140379	0.017144	0.025579	0.999526	0.405641	-0.913885	0.016430	0.913871	0.405167	-0.026043
20023	9.298883	-2.295964	0.794038	-0.281451	-0.201023	-0.148213	0.018436	0.027723	0.999446	0.403113	-0.914974	0.017944	0.914964	0.402559	-0.028044
20024	9.605645	-1.671463	0.974482	-0.000687	-0.239555	-0.135230	0.020117	0.029898	0.999351	0.403140	-0.914936	0.019257	0.914917	0.402490	-0.030458
20025	9.265150	-0.525743	0.887243	0.197938	-0.262352	-0.123408	0.022068	0.032045	0.999243	0.404975	-0.914101	0.020371	0.914061	0.404219	-0.033150
20026	9.399280	0.404423	0.770108	0.287975	-0.335455	-0.117159	0.024690	0.034448	0.999101	0.407639	-0.912892	0.021402	0.912809	0.406745	-0.036582
20027	9.686889	1.287983	0.762590	0.258906	-0.345864	-0.088783	0.027527	0.036628	0.998950	0.410016	-0.911810	0.022134	0.911663	0.408976	-0.040118
20028	9.573756	1.697087	0.384160	0.166801	-0.356029	-0.086998	0.030448	0.038852	0.998781	0.411567	-0.911092	0.022894	0.910871	0.410368	-0.043732
20029	9.902874	1.825980	0.501148	0.063245	-0.369109	-0.059569	0.033609	0.040874	0.998599	0.412161	-0.910810	0.023409	0.910491	0.410796	-0.047458
20030	9.824474	1.859569	0.430152	-0.047026	-0.347795	-0.039945	0.036645	0.042638	0.998418	0.411752	-0.910985	0.023792	0.910559	0.410229	-0.050940
20031	9.691963	1.542363	-0.126177	-0.112122	-0.373592	-0.055142	0.039857	0.044640	0.998208	0.410753	-0.911421	0.024358	0.910875	0.409045	-0.054663
20032	9.969815	1.034181	-0.140119	-0.189470	-0.362597	-0.041381	0.043026	0.046470	0.997993	0.409049	-0.912174	0.024839	0.911498	0.407159	-0.058256
20033	9.560423	0.628680	-0.297502	-0.173222	-0.365457	-0.023622	0.046302	0.048144	0.997767	0.407490	-0.912864	0.025137	0.912035	0.405416	-0.061885
20034	9.714809	0.271685	-0.334904	-0.111481	-0.390439	-0.010755	0.049853	0.049795	0.997514	0.406484	-0.913308	0.025277	0.912297	0.404213	-0.065772
20035	9.922032	0.306466	0.101835	-0.129281	-0.358458	0.018883	0.053242	0.051044	0.997276	0.405308	-0.913835	0.025135	0.912628	0.402866	-0.069343
20036	9.645877	0.314273	-0.013338	-0.124799	-0.368042	0.001494	0.056641	0.052483	0.997014	0.404173	-0.914336	0.025170	0.912927	0.401541	-0.073002
20037	9.950629	0.278756	0.010910	-0.113781	-0.382953	0.014206	0.060230	0.053853	0.996731	0.403127	-0.914801	0.025066	0.913160	0.400299	-0.076808
20038	9.862292	0.333840	-0.140045	-0.144294	-0.330294	0.018524	0.063355	0.054976	0.996476	0.401802	-0.915386	0.024956	0.913532	0.398805	-0.080084
20039	9.828696	0.194800	-0.286909	-0.130703	-0.327831	0.003788	0.066397	0.056214	0.996208	0.400605	-0.915910	0.024983	0.913842	0.397428	-0.083334
20040	9.976486	0.199628	-0.295188	-0.088734	-0.300305	0.021424	0.069261	0.057182	0.995958	0.399784	-0.916273	0.024805	0.913989	0.396451	-0.086323
20041	9.855587	0.218341	-0.655854	-0.049366	-0.274372	0.028351	0.071912	0.057981	0.995724	0.399312	-0.916487	0.024528	0.913990	0.395841	-0.089059
20042	9.807494	-0.184357	-1.309328	0.032746	-0.274282	0.019259	0.074529	0.058863	0.995480	0.399602	-0.916367	0.024268	0.913654	0.395987	-0.091818
20043	9.317593	-0.703210	-1.723019	0.165397	-0.298887	-0.001922	0.077286	0.060036	0.995200	0.401117	-0.915710	0.024091	0.912761	0.397330	-0.094854
20044	8.998978	-0.902552	-2.098460	0.348976	-0.381721	-0.024500	0.080702	0.061755	0.994823	0.404323	-0.914303	0.023957	0.911049	0.400296	-0.098756
20045	9.025901	-0.322115	-2.065325	0.495445	-0.477509	-0.005577	0.085059	0.063694	0.994338	0.408829	-0.912309	0.023466	0.908638	0.404518	-0.103640
20046	9.392071	0.818694	-1.602507	0.531170	-0.534659	0.035868	0.090092	0.065514	0.993776	0.413621	-0.910171	0.022506	0.905981	0.409019	-0.109097
20047	9.699216	1.859629	-0.923962	0.400413	-0.548516	0.070655	0.095387	0.067086	0.993177	0.417177	-0.908575	0.021305	0.903805	0.412299	-0.114653
20048	9.974754	2.196487	-0.278446	0.154660	-0.523774	0.081197	0.100491	0.068484	0.992578	0.418498	-0.907991	0.020278	0.902641	0.413354	-0.119905
20049	10.050134	1.814950	0.409406	-0.112012	-0.469709	0.062869	0.105032	0.069827	0.992014	0.417434	-0.908492	0.019752	0.902617	0.412026	-0.124569
20050	10.116700	0.826195	0.489633	-0.290480	-0.419822	0.040450	0.109025	0.071156	0.991489	0.414771	-0.909713	0.019679	0.903371	0.409095	-0.128695
20051	10.213606	-0.318053	0.636821	-0.317164	-0.380781	0.030606	0.112626	0.072407	0.990996	0.411884	-0.911022	0.019753	0.904250	0.405950	-0.132428
20052	10.171115	-1.060376	0.754783	-0.203312	-0.327369	0.057153	0.115856	0.073184	0.990566	0.409982	-0.911887	0.019420	0.904706	0.403865	-0.135651
20053	9.534326	-0.862986	0.374347	0.038581	-0.341732	0.044678	0.119157	0.074125	0.990105	0.410272	-0.911767	0.018885	0.904145	0.403962	-0.139054
20054	9.389741	-0.097337	-0.140683	0.264200	-0.373088	0.037992	0.122717	0.075263	0.989584	0.412616	-0.910725	0.018097	0.902601	0.406097	-0.142816
20055	9.184360	1.068265	-0.848099	0.455407	-0.444831	0.029019	0.126871	0.076772	0.988944	0.416668	-0.908898	0.017104	0.900162	0.409891	-0.147301
20056	9.402748	1.870426	-1.757277	0.520701	-0.528111	0.037025	0.131807	0.078585	0.988156	0.421302	-0.906781	0.015918	0.897291	0.414213	-0.152628
20057	9.576110	2.332575	-2.174230	0.447095	-0.548595	0.060840	0.136999	0.080279	0.987313	0.425217	-0.904974	0.014581	0.894663	0.417824	-0.158117
20058	9.494189	2.269735	-2.265804	0.279706	-0.545594	0.088850	0.142288	0.081734	0.986445	0.427594	-0.903874	0.013215	0.892702	0.419918	-0.163560
20059	9.853415	2.044257	-2.036876	0.084647	-0.535266	0.106962	0.147540	0.082995	0.985568	0.428197	-0.903606	0.011992	0.891560	0.420248	-0.168856
20060	10.139991	1.534291	-1.583630	-0.153000	-0.491096	0.110221	0.152423	0.084032	0.984736	0.426669	-0.904340	0.011129	0.891471	0.418460	-0.173696
20061	10.390333	0.777220	-0.971857	-0.379524	-0.429443	0.114249	0.156754	0.084775	0.983993	0.423116	-0.906013	0.010653	0.892413	0.414673	-0.177891
20062	10.577493	0.093742	0.264486	-0.495306	-0.351192	0.132522	0.160482	0.084994	0.983372	0.418482	-0.908168	0.010199	0.893934	0.409887	-0.181313
20063	10.835597	-0.249007	1.444486	-0.573866	-0.267869	0.157912	0.163545	0.084632	0.982899	0.413094	-0.910637	0.009675	0.895883	0.404448	-0.183892
20064	11.123582	-0.586776	2.492775	-0.548646	-0.173017	0.165389	0.165810	0.083792	0.982591	0.407902	-0.912981	0.009024	0.897844	0.399305	-0.185560
20065	10.957213	-0.090229	3.166058	-0.373112	-0.093786	0.160745	0.167309	0.082666	0.982433	0.404270	-0.914604	0.008111	0.899207	0.395811	-0.186441
20066	10.435474	1.004964	3.220459	-0.232763	-0.093854	0.140303	0.168752	0.081725	0.982265	0.401941	-0.915638	0.007128	0.899981	0.393609	-0.187365
20067	9.985750	1.073227	2.450461	-0.180495	-0.169052	0.135295	0.170805	0.081103	0.981961	0.400053	-0.916472	0.006107	0.900435	0.391793	-0.188984
20068	9.746576	0.075964	1.421075	-0.095484	-0.288396	0.184827	0.174174	0.080509	0.981418	0.398874	-0.916995	0.004435	0.900313	0.390690	-0.191829
20069	9.855611	-1.187393	0.508380	0.103138	-0.376638	0.290044	0.178698	0.079265	0.980706	0.399241	-0.916845	0.001357	0.899263	0.391296	-0.195484
20070	10.140221	-2.124894	0.117099	0.377928	-0.392522	0.421802	0.183946	0.076915	0.979922	0.401870	-0.915690	-0.003564	0.897031	0.394457	-0.199347
20071	11.089653	-2.682618	0.352995	0.652459	-0.382892	0.534327	0.189509	0.073475	0.979126	0.406650	-0.913528	-0.010154	0.893712	0.400086	-0.203001
20072	12.220787	-2.961411	2.027418	0.907779	-0.296587	0.603676	0.194663	0.069142	0.978430	0.413583	-0.910289	-0.017958	0.889413	0.408158	-0.205795
20073	12.328998	-2.344575	4.004505	1.108110	-0.058052	0.641785	0.197829	0.063450	0.978181	0.422057	-0.906180	-0.026578	0.884721	0.418106	-0.206048
20074	11.645431	-1.136457	5.102741	1.159146	0.221774	0.673713	0.198779	0.056394	0.978420	0.430949	-0.901675	-0.035582	0.880210	0.428722	-0.203537
20075	11.720533	-0.229431	4.950469	1.088492	0.413245	0.737644	0.198311	0.047833	0.978971	0.438915	-0.897398	-0.045064	0.876371	0.438622	-0.198959
20076	12.527356	-0.171158	4.705181	0.918940	0.595363	0.816369	0.196746	0.037859	0.979723	0.445342	-0.893676	-0.054899	0.873477	0.447113	-0.192687
20077	12.777178	-0.519339	4.432718	0.758672	0.799134	0.867991	0.193591	0.026358	0.980728	0.450112	-0.890610	-0.064914	0.871735	0.454004	-0.184278
20078	12.626383	-0.990038	4.017989	0.599022	0.953519	0.898753	0.189378	0.013984	0.981805	0.453609	-0.888052	-0.074847	0.870847	0.459530	-0.174521
20079	12.456843	-1.329074	3.757713	0.422333	1.107240	0.930866	0.183875	0.000440	0.982950	0.455371	-0.886255	-0.084788	0.871107	0.463197	-0.163161
20080	12.574115	-1.481171	4.115849	0.240042	1.322540	0.979556	0.176842	-0.014402	0.984134	0.455696	-0.885069	-0.094838	0.872392	0.465237	-0.149955
20081	11.961388	-1.293853	4.641869	0.093747	1.582130	1.025164	0.167574	-0.031032	0.985371	0.454548	-0.884493	-0.105157	0.874817	0.465520	-0.134113
20082	11.374328	-0.905612	4.453472	-0.075953	1.751345	1.052874	0.157033	-0.048512	0.986401	0.452173	-0.884423	-0.115482	0.877998	0.464158	-0.116947
20083	11.175105	-0.545931	4.061469	-0.400762	1.898318	1.095419	0.145104	-0.067185	0.987133	0.446768	-0.885739	-0.125957	0.882804	0.459296	-0.098508
20084	11.155344	-0.585473	3.823098	-0.866683	2.019536	1.130574	0.132241	-0.086427	0.987443	0.437519	-0.888806	-0.136387	0.889432	0.450061	-0.079723
20085	11.367628	-0.773840	3.652484	-1.381192	2.098758	1.123029	0.118152	-0.105948	0.987327	0.423534	-0.893938	-0.146610	0.898142	0.435488	-0.060748
20086	11.191507	-1.378148	4.691962	-1.954034	2.135014	1.020600	0.103123	-0.124221	0.986881	0.404751	-0.901071	-0.155714	0.908593	0.415499	-0.042643
20087	10.791170	-2.221304	3.548221	-2.394312	2.015689	0.815418	0.087708	-0.139953	0.986266	0.381831	-0.909736	-0.163049	0.920061	0.390888	-0.026353
20088	11.885290	-2.386240	0.394781	-2.219337	1.850972	0.585158	0.072791	-0.152351	0.985642	0.360835	-0.917294	-0.168435	0.929785	0.367914	-0.011797
20089	13.893743	-1.892787	-1.608059	-1.563541	1.887441	0.455152	0.056578	-0.163534	0.984914	0.345689	-0.922266	-0.172990	0.936642	0.350261	0.004352
20090	15.253194	-1.543639	-2.707915	-0.794215	2.016149	0.369242	0.038949	-0.173929	0.983988	0.338061	-0.924373	-0.176773	0.940318	0.339533	0.022796
20091	16.735317	-0.120544	-3.582470	-0.066815	2.210284	0.282289	0.018904	-0.184186	0.982710	0.337108	-0.924158	-0.179697	0.941276	0.334676	0.044621
20092	16.655448	1.225605	-4.101553	0.343447	2.490807	0.262092	-0.003613	-0.194955	0.980805	0.340323	-0.922505	-0.182113	0.940302	0.333132	0.069681
20093	14.781378	2.152947	-4.568037	0.553394	2.718740	0.324357	-0.028223	-0.207148	0.977902	0.345373	-0.920065	-0.184929	0.938041	0.332521	0.097511
20094	12.710102	3.064466	-4.331228	0.544563	2.709283	0.381615	-0.052240	-0.219685	0.974171	0.350632	-0.917431	-0.188087	0.935055	0.331750	0.124956
20095	11.614888	1.912368	-2.715723	0.299289	2.560559	0.435244	-0.074782	-0.232237	0.969780	0.353562	-0.915500	-0.191974	0.932417	0.328522	0.150573
20096	12.859047	1.630978	-1.135925	-0.219268	2.678850	0.414681	-0.098248	-0.244753	0.964595	0.351885	-0.915211	-0.196382	0.930873	0.320133	0.176042
20097	11.620628	1.737887	-0.778583	-0.675918	2.881104	0.280270	-0.124226	-0.256425	0.958548	0.345810	-0.916654	-0.200402	0.930045	0.306581	0.202547
20098	9.007394	1.501086	-1.074015	-0.884574	2.716055	0.066851	-0.149221	-0.265193	0.952579	0.337686	-0.919113	-0.202977	0.929355	0.291384	0.226703
20099	9.022398	0.679149	-1.973548	-1.045697	2.342427	-0.062922	-0.171329	-0.271303	0.947123	0.327808	-0.922261	-0.204883	0.929079	0.275372	0.246945
20100	9.727884	-0.315476	-2.573330	-1.169959	2.160304	-0.076228	-0.191616	-0.276401	0.941746	0.316811	-0.925582	-0.207195	0.928932	0.258653	0.264923
20101	9.348389	-1.323264	-2.562519	-1.311803	2.202852	-0.010455	-0.212219	-0.281835	0.935699	0.304576	-0.928890	-0.210706	0.928545	0.240276	0.282968
20102	8.201003	-2.159648	-2.290649	-1.410674	2.243131	0.062851	-0.232825	-0.287625	0.929012	0.291634	-0.931951	-0.215447	0.927762	0.220770	0.300863
20103	7.229488	-2.817890	-2.191200	-1.359556	2.152898	0.125766	-0.252517	-0.293378	0.922044	0.279322	-0.934459	-0.220831	0.926399	0.201784	0.317913
20104	6.884346	-3.184238	-2.008236	-1.169344	2.000497	0.145045	-0.270606	-0.298638	0.915198	0.268894	-0.936278	-0.226010	0.924375	0.184932	0.333664
20105	7.250516	-3.185637	-2.061073	-0.923833	1.880589	0.111018	-0.287746	-0.303051	0.908495	0.260668	-0.937584	-0.230193	0.921550	0.170579	0.348782
20106	7.115575	-2.942710	-1.818000	-0.652633	1.793076	0.075206	-0.304019	-0.306747	0.901931	0.254903	-0.938417	-0.233234	0.917931	0.158998	0.363487
20107	7.186150	-2.432956	-1.840993	-0.407489	1.709510	0.036426	-0.319644	-0.309759	0.895476	0.251280	-0.938930	-0.235095	0.913612	0.149868	0.377959
20108	7.348505	-1.780166	-1.725903	-0.237500	1.645591	-0.009785	-0.334638	-0.312109	0.889160	0.249100	-0.939294	-0.235958	0.908827	0.142529	0.392070
20109	7.256565	-1.085942	-1.158416	-0.077792	1.587880	-0.073171	-0.349255	-0.313669	0.882968	0.248148	-0.939625	-0.235642	0.903573	0.136808	0.406005
20110	7.275970	-0.329587	-0.509430	0.057714	1.540557	-0.160833	-0.363507	-0.314268	0.876983	0.248112	-0.940039	-0.234023	0.897944	0.132521	0.419684
20111	7.097792	0.436225	0.152490	0.139743	1.503638	-0.248184	-0.377609	-0.313928	0.871126	0.248464	-0.940627	-0.231272	0.892008	0.129113	0.433189
20112	6.635537	0.748118	0.721221	0.175984	1.454717	-0.300575	-0.391264	-0.312993	0.865417	0.248891	-0.941331	-0.227922	0.885983	0.126217	0.446211
20113	5.822679	0.611700	1.169179	0.168486	1.354199	-0.340845	-0.404086	-0.311498	0.860048	0.249067	-0.942173	-0.224221	0.880159	0.123605	0.458303
20114	4.942213	-0.119469	1.435350	0.189438	1.167968	-0.361693	-0.415212	-0.309558	0.855437	0.249267	-0.943051	-0.220274	0.874908	0.121772	0.468729
20115	4.313559	-1.065357	1.192569	0.223142	0.924665	-0.341492	-0.424140	-0.307482	0.851798	0.249839	-0.943820	-0.216296	0.870451	0.121073	0.477133
20116	4.176047	-2.150874	1.072605	0.190794	0.659579	-0.278269	-0.430542	-0.305689	0.849228	0.250328	-0.944430	-0.213046	0.867162	0.120860	0.483139
20117	4.384259	-3.612669	0.861035	0.236827	0.401488	-0.188256	-0.434495	-0.304422	0.847668	0.251621	-0.944703	-0.210295	0.864813	0.121919	0.487067
20118	4.576298	-4.652691	0.664097	0.501138	0.140739	-0.160309	-0.436093	-0.303118	0.847315	0.255273	-0.944555	-0.206523	0.862936	0.126233	0.489291
20119	5.123752	-5.494259	1.545852	0.790972	-0.070744	-0.212191	-0.436034	-0.301050	0.848082	0.261203	-0.944155	-0.200859	0.861190	0.133941	0.490319
20120	5.383414	-5.126170	2.880531	1.066873	-0.313232	-0.352380	-0.434248	-0.297323	0.850310	0.268871	-0.943709	-0.192671	0.859731	0.144957	0.489745
20121	6.058441	-3.972165	4.443302	1.325500	-0.614017	-0.605735	-0.430634	-0.290705	0.854426	0.277650	-0.943465	-0.181063	0.858758	0.159260	0.487003
20122	6.881291	-2.697342	6.321302	1.471757	-0.779417	-0.892155	-0.426435	-0.281019	0.859757	0.286480	-0.943541	-0.166312	0.857952	0.175382	0.482865
20123	7.463008	-1.859173	8.722715	1.375312	-0.783507	-1.107740	-0.422943	-0.269165	0.865257	0.293562	-0.944069	-0.150187	0.857287	0.190486	0.478303
20124	7.430413	-0.115889	9.196327	1.318025	-0.668749	-1.243449	-0.420875	-0.256135	0.870206	0.299628	-0.944719	-0.133152	0.856205	0.204698	0.474354
20125	7.499857	1.596503	10.301143	1.128386	-0.694480	-1.303942	-0.418891	-0.242379	0.875090	0.303792	-0.945591	-0.116486	0.855711	0.217050	0.469733
20126	6.980070	2.319134	10.217258	0.745971	-0.758983	-1.218397	-0.416077	-0.229205	0.879969	0.305112	-0.946801	-0.102346	0.856614	0.225905	0.463875
20127	5.968215	3.408477	7.744187	0.251594	-1.105710	-1.072362	-0.409884	-0.216547	0.886060	0.302825	-0.948619	-0.091751	0.860402	0.230714	0.454400
20128	6.331457	2.888064	4.494940	-0.324175	-1.572910	-0.858050	-0.398838	-0.204800	0.893860	0.296574	-0.951166	-0.085599	0.867740	0.230955	0.440100
20129	7.769267	1.478647	1.412945	-0.978043	-1.810408	-0.572424	-0.384750	-0.195241	0.902135	0.285794	-0.954541	-0.084695	0.877661	0.225239	0.423059
20130	8.333818	0.638092	-2.883461	-1.353928	-1.884002	-0.401832	-0.369208	-0.187277	0.910282	0.272340	-0.958288	-0.086693	0.888547	0.215899	0.404811
20131	9.423755	-0.496467	-6.857805	-1.301559	-2.017375	-0.502315	-0.352540	-0.178209	0.918671	0.258916	-0.961951	-0.087246	0.899265	0.207102	0.385267
20132	14.104785	-2.235466	-5.564349	-1.067455	-1.989547	-0.737923	-0.336394	-0.167081	0.926781	0.246741	-0.965392	-0.084482	0.908822	0.200255	0.365978
20133	18.668386	-2.526815	0.025900	-0.844398	-1.721451	-0.791014	-0.322594	-0.156050	0.933585	0.236479	-0.968326	-0.080144	0.916521	0.194919	0.349278
20134	18.843530	-2.942049	5.485933	-1.042519	-1.260232	-0.626158	-0.312424	-0.147609	0.938405	0.224918	-0.971259	-0.077895	0.922932	0.186728	0.336644
20135	14.948605	-5.400041	7.826042	-1.828040	-0.892006	-0.546617	-0.305330	-0.140716	0.941792	0.206350	-0.975298	-0.078824	0.929620	0.170272	0.326825
20136	10.958560	-9.514196	7.160643	-2.611428	-0.881931	-0.730117	-0.298484	-0.132219	0.945212	0.179782	-0.980418	-0.080371	0.937329	0.145943	0.316410
20137	10.031295	-13.995193	2.764593	-2.269057	-1.163300	-0.801854	-0.288890	-0.122803	0.949454	0.156072	-0.984513	-0.079849	0.944555	0.125116	0.303582
20138	9.767027	-15.084382	-2.248103	-0.733418	-1.437556	-0.689107	-0.276298	-0.114292	0.954252	0.147193	-0.986222	-0.075502	0.949734	0.119598	0.289314
20139	9.083279	-12.982837	-3.410491	1.090589	-1.544729	-0.604966	-0.262531	-0.106465	0.959032	0.155829	-0.985526	-0.066749	0.952258	0.131921	0.275321
20140	7.904687	-7.005864	-2.064883	2.439292	-1.492244	-0.585502	-0.249276	-0.098581	0.963402	0.177571	-0.982592	-0.054599	0.952014	0.157462	0.262442
20141	7.273748	-0.220905	-0.650477	3.070757	-1.548755	-0.597214	-0.235683	-0.090157	0.967639	0.205160	-0.977863	-0.041140	0.949928	0.188825	0.248963
20142	9.081323	4.588982	0.732652	3.126417	-1.654469	-0.494012	-0.221051	-0.081989	0.971810	0.233698	-0.971882	-0.028837	0.946848	0.220735	0.233996
20143	10.998102	7.623502	1.223636	2.849742	-1.633321	-0.338741	-0.206432	-0.074973	0.975584	0.259768	-0.965479	-0.019230	0.943348	0.249456	0.218781
20144	11.847294	9.160006	1.650366	2.239188	-1.514247	-0.276712	-0.192891	-0.068395	0.978834	0.280317	-0.959834	-0.011828	0.940327	0.272103	0.204316
20145	11.492396	9.286196	2.162652	1.286730	-1.315235	-0.344470	-0.181491	-0.061506	0.981467	0.291693	-0.956493	-0.006001	0.939136	0.285198	0.191536
20146	10.756606	7.867468	2.422643	0.210208	-1.133902	-0.386433	-0.171937	-0.054596	0.983594	0.292995	-0.956112	-0.001854	0.940527	0.287870	0.180388
20147	10.211796	5.244518	1.957492	-0.756708	-0.925502	-0.317438	-0.164109	-0.048969	0.985226	0.285321	-0.958432	-0.000111	0.944278	0.281087	0.171259
20148	9.742804	1.854652	1.339524	-1.333448	-0.783343	-0.191387	-0.157200	-0.045013	0.986540	0.272398	-0.962185	-0.000497	0.949256	0.268653	0.163517
20149	9.601595	-1.129533	1.017297	-1.412731	-0.694374	-0.120004	-0.150887	-0.042068	0.987655	0.258784	-0.965934	-0.001607	0.954077	0.255347	0.156634
20150	9.191613	-2.715881	0.687022	-1.119284	-0.725167	-0.139148	-0.144282	-0.038944	0.988770	0.247887	-0.968787	-0.001985	0.957985	0.244816	0.149432
20151	9.567876	-2.981624	0.445924	-0.696700	-0.834515	-0.196684	-0.136731	-0.035059	0.989988	0.240930	-0.970542	-0.001095	0.960863	0.238368	0.141150
20152	10.227300	-1.897032	0.408452	-0.270000	-0.883220	-0.209988	-0.128715	-0.030962	0.991198	0.238062	-0.971250	0.000576	0.962683	0.236041	0.132385
20153	10.323887	-0.638316	0.019668	0.047885	-0.889901	-0.216096	-0.120630	-0.026807	0.992335	0.238241	-0.971202	0.002725	0.963685	0.236744	0.123543
20154	9.962220	0.216541	-0.215007	0.161789	-0.857147	-0.231424	-0.112896	-0.022559	0.993351	0.239538	-0.970873	0.005175	0.964301	0.238530	0.115011
20155	9.763315	0.291602	-0.064395	0.103310	-0.806732	-0.220952	-0.105612	-0.018533	0.994235	0.240283	-0.970674	0.007430	0.964940	0.239683	0.106968
20156	9.993001	-0.191189	0.420082	0.021507	-0.722290	-0.171573	-0.099027	-0.015171	0.994969	0.240322	-0.970650	0.009118	0.965629	0.240016	0.099767
20157	10.103894	-0.707242	0.792618	0.041028	-0.631164	-0.118388	-0.093181	-0.012553	0.995570	0.240597	-0.970571	0.010281	0.966142	0.240489	0.093459
20158	10.110459	-0.875317	0.899350	0.160861	-0.556032	-0.082719	-0.087984	-0.010444	0.996067	0.242082	-0.970191	0.011210	0.966258	0.242116	0.087889
20159	9.485305	-0.583528	0.971893	0.281895	-0.499782	-0.099556	-0.083362	-0.008313	0.996485	0.244706	-0.969518	0.012384	0.966007	0.244878	0.082856
20160	8.968067	0.000965	0.864739	0.429225	-0.535405	-0.143659	-0.078521	-0.005634	0.996897	0.248740	-0.968467	0.014119	0.965382	0.249077	0.077447
20161	9.283246	0.993627	0.956003	0.507284	-0.584823	-0.136806	-0.073186	-0.002892	0.997314	0.253513	-0.967203	0.015799	0.964559	0.253989	0.071519
20162	9.304247	2.142215	0.797796	0.470359	-0.654705	-0.121330	-0.067159	-0.000077	0.997742	0.257969	-0.965999	0.017289	0.963816	0.258547	0.064895
20163	9.697777	2.849431	0.300628	0.317801	-0.751120	-0.103660	-0.060155	0.002831	0.998185	0.260956	-0.965174	0.018464	0.963474	0.261594	0.057321
20164	9.750060	2.642933	0.029363	0.092527	-0.771885	-0.093080	-0.052935	0.005716	0.998582	0.261800	-0.964927	0.019401	0.963669	0.262456	0.049582
20165	9.468966	1.991987	-0.226122	-0.056519	-0.776819	-0.070798	-0.045598	0.008402	0.998925	0.261232	-0.965068	0.020042	0.964198	0.261865	0.041810
20166	9.736898	1.343637	-0.268335	-0.162044	-0.767321	-0.040092	-0.038275	0.010757	0.999209	0.259656	-0.965487	0.020340	0.964942	0.260229	0.034161
20167	9.762594	0.518635	-0.047235	-0.242880	-0.745596	-0.033500	-0.031129	0.012987	0.999431	0.257324	-0.966106	0.020569	0.965824	0.257818	0.026732
20168	9.769448	-0.252230	0.040215	-0.226561	-0.733801	-0.040201	-0.024116	0.015223	0.999593	0.255128	-0.966682	0.020877	0.966607	0.255527	0.019429
20169	10.027961	-0.699968	0.458696	-0.136300	-0.694810	-0.027056	-0.017432	0.017230	0.999700	0.253828	-0.967019	0.021093	0.967092	0.254120	0.012484
20170	9.773899	-0.580888	0.653834	-0.013398	-0.648017	-0.014474	-0.011176	0.018980	0.999757	0.253700	-0.967051	0.021196	0.967219	0.253875	0.005992
20171	9.270419	-0.235418	0.764673	0.079366	-0.636732	-0.034919	-0.005072	0.020907	0.999769	0.254480	-0.966839	0.021510	0.967065	0.254530	-0.000417
20172	9.314622	0.302225	0.749512	0.133309	-0.648882	-0.054458	0.001089	0.023053	0.999734	0.255770	-0.966487	0.022008	0.966737	0.255678	-0.006948
20173	9.809714	0.806858	0.711973	0.108869	-0.671179	-0.052960	0.007473	0.025252	0.999653	0.256836	-0.966193	0.022487	0.966426	0.256579	-0.013706
20174	9.688169	1.089206	0.188055	0.050054	-0.730419	-0.064226	0.014392	0.027712	0.999512	0.257328	-0.966048	0.023079	0.966217	0.256871	-0.021034
20175	9.453808	0.738482	-0.101408	-0.116154	-0.764078	-0.110316	0.021522	0.030707	0.999297	0.256240	-0.966311	0.024175	0.966374	0.255539	-0.028666
20176	9.465877	0.349627	-0.202875	-0.209270	-0.757608	-0.099410	0.028617	0.033560	0.999027	0.254243	-0.966812	0.025195	0.966717	0.253275	-0.036199
20177	9.328920	0.268303	-0.219628	-0.209638	-0.763491	-0.067911	0.035857	0.036114	0.998704	0.252254	-0.967314	0.025923	0.966997	0.250997	-0.043795
20178	9.375696	0.266643	0.030303	-0.227632	-0.773085	-0.059148	0.043210	0.038582	0.998321	0.250076	-0.967861	0.026580	0.967261	0.248508	-0.051470
20179	9.658100	0.209244	0.362326	-0.238461	-0.752318	-0.060513	0.050366	0.041000	0.997889	0.247811	-0.968424	0.027281	0.967498	0.245914	-0.058936
20180	9.882471	-0.219266	0.827302	-0.304003	-0.691630	-0.064926	0.056924	0.043282	0.997440	0.244905	-0.969141	0.028078	0.967875	0.242679	-0.065768
20181	10.128119	-1.070383	1.013050	-0.281231	-0.638968	-0.089368	0.062918	0.045659	0.996974	0.242243	-0.969778	0.029125	0.968173	0.239677	-0.072076
20182	10.300692	-2.201965	1.223274	-0.143641	-0.600120	-0.121283	0.068460	0.048232	0.996487	0.240932	-0.970066	0.030401	0.968125	0.238004	-0.078031
20183	9.997590	-2.588209	0.881434	0.119588	-0.624265	-0.145207	0.074172	0.051083	0.995936	0.242178	-0.969714	0.031702	0.967393	0.238842	-0.084297
20184	9.988757	-1.951555	1.108553	0.408087	-0.674657	-0.152837	0.080346	0.054151	0.995295	0.246240	-0.968653	0.032824	0.965873	0.242444	-0.091161
20185	9.828426	-0.950956	1.472946	0.593523	-0.673209	-0.125562	0.086548	0.056952	0.994618	0.252030	-0.967141	0.033448	0.963842	0.247778	-0.098058
20186	9.466940	-0.020676	0.957638	0.749828	-0.711669	-0.070499	0.093244	0.059385	0.993871	0.259309	-0.965219	0.033345	0.961283	0.254611	-0.105400
20187	9.676461	0.665216	0.337234	0.823300	-0.735425	-0.039880	0.100214	0.061595	0.993057	0.267195	-0.963085	0.032772	0.958417	0.262056	-0.112973
20188	8.962649	0.779870	-0.532961	0.812749	-0.749340	-0.037156	0.107310	0.063908	0.992169	0.275009	-0.960904	0.032150	0.955434	0.269405	-0.120690
20189	8.540602	0.951077	-1.475640	0.785474	-0.894247	-0.058448	0.115691	0.066836	0.991034	0.282511	-0.958741	0.031678	0.952262	0.276313	-0.129800
20190	9.168231	1.243086	-2.459844	0.703886	-0.974885	-0.018430	0.124933	0.069700	0.989714	0.289222	-0.956764	0.030871	0.949075	0.282390	-0.139690
20191	9.588898	1.410408	-2.519966	0.591762	-1.020307	0.050452	0.134764	0.072057	0.988254	0.294717	-0.955131	0.029453	0.946034	0.287286	-0.149954
20192	10.321103	1.798280	-1.907874	0.420393	-1.024884	0.105824	0.144787	0.073973	0.986694	0.298537	-0.953996	0.027715	0.943352	0.290551	-0.160210
20193	11.128102	1.984028	-0.883809	0.176750	-0.953177	0.111510	0.154120	0.075626	0.985154	0.300001	-0.953577	0.026269	0.941407	0.291498	-0.169654
20194	11.698999	1.454665	0.328534	-0.120933	-0.815966	0.062381	0.162012	0.077368	0.983751	0.298760	-0.953979	0.025824	0.940476	0.289721	-0.177670
