// General information: 
//  MT Manager version: 2022.2.0 
//  XDA version: 2022.2.0 build 7381 rev 124627 built on 2023-07-19
// Device information: 
//  DeviceId: 00B4CAF0
//  ProductCode: MTW2-3A7G6
//  Firmware Version: 4.6.0
//  Hardware Version: 2.0.0
// Device settings: 
//  Filter Profile: human(46.1)
//  Option Flags: Orientation Smoother Disabled, Position/Velocity Smoother Disabled, Continuous Zero Rotation Update Disabled, AHS Disabled, ICC Disabled
// Coordinate system: ENU
PacketCounter	Acc_X	Acc_Y	Acc_Z	Gyr_X	Gyr_Y	Gyr_Z	Mat[1][1]	Mat[2][1]	Mat[3][1]	Mat[1][2]	Mat[2][2]	Mat[3][2]	Mat[1][3]	Mat[2][3]	Mat[3][3]
47180	4.694080	-0.064150	9.117289	0.010188	0.012925	0.002219	-0.881756	0.103424	0.460229	-0.119500	-0.992817	-0.005843	0.456319	-0.060149	0.887781
47181	4.746858	-0.066416	9.125736	0.009583	0.012555	0.005623	-0.881807	0.103403	0.460136	-0.119451	-0.992823	-0.005806	0.456233	-0.060084	0.887830
47182	4.701512	-0.016020	9.144976	0.010122	0.013446	0.003720	-0.881864	0.103365	0.460035	-0.119375	-0.992833	-0.005756	0.456142	-0.059993	0.887882
47183	4.742645	-0.050159	9.146002	0.004098	0.010220	0.003919	-0.881902	0.103360	0.459963	-0.119366	-0.992834	-0.005761	0.456071	-0.059984	0.887920
47184	4.707895	-0.056708	9.148406	0.005568	0.010405	0.005757	-0.881936	0.103398	0.459889	-0.119402	-0.992829	-0.005759	0.455996	-0.059991	0.887958
47185	4.709091	-0.071444	9.129719	0.007833	0.005866	0.004237	-0.881955	0.103387	0.459855	-0.119373	-0.992833	-0.005732	0.455967	-0.059950	0.887975
47186	4.708394	-0.070990	9.130082	0.005702	0.009362	0.002756	-0.881989	0.103385	0.459791	-0.119358	-0.992835	-0.005716	0.455905	-0.059921	0.888009
47187	4.725996	-0.065296	9.159240	0.005353	0.003379	0.004707	-0.881997	0.103368	0.459779	-0.119337	-0.992837	-0.005713	0.455896	-0.059907	0.888015
47188	4.743096	-0.078563	9.109652	0.008372	0.006756	0.002334	-0.882012	0.103420	0.459738	-0.119370	-0.992834	-0.005671	0.455857	-0.059881	0.888036
47189	4.738505	-0.047704	9.148160	0.007307	0.008504	0.001594	-0.882039	0.103436	0.459682	-0.119367	-0.992834	-0.005636	0.455805	-0.059842	0.888066
47190	4.733189	-0.035824	9.108040	0.010853	0.009244	0.001866	-0.882078	0.103390	0.459619	-0.119276	-0.992846	-0.005571	0.455755	-0.059735	0.888099
47191	4.702964	-0.053285	9.150963	0.001026	0.010894	0.003243	-0.882118	0.103392	0.459541	-0.119287	-0.992844	-0.005599	0.455674	-0.059757	0.888139
47192	4.706151	-0.083309	9.113198	0.008831	0.004640	0.006480	-0.882134	0.103359	0.459518	-0.119235	-0.992850	-0.005573	0.455656	-0.059707	0.888151
47193	4.717344	-0.051171	9.120857	0.006836	0.007093	0.001998	-0.882156	0.103371	0.459473	-0.119231	-0.992851	-0.005545	0.455616	-0.059674	0.888174
47194	4.736910	-0.060554	9.130944	0.004288	0.005128	0.003967	-0.882161	0.103452	0.459445	-0.119320	-0.992840	-0.005546	0.455582	-0.059714	0.888189
47195	4.728087	-0.018876	9.128746	0.005892	0.004270	0.002805	-0.882171	0.103454	0.459426	-0.119313	-0.992841	-0.005530	0.455565	-0.059693	0.888199
47196	4.734080	-0.044880	9.150466	0.002751	0.005464	0.003629	-0.882189	0.103430	0.459397	-0.119290	-0.992844	-0.005544	0.455536	-0.059692	0.888214
47197	4.715449	-0.050077	9.121843	0.004356	0.004606	0.002467	-0.882199	0.103436	0.459375	-0.119293	-0.992844	-0.005539	0.455514	-0.059687	0.888225
47198	4.689735	-0.097806	9.126315	0.005555	0.001814	0.000208	-0.882195	0.103465	0.459377	-0.119313	-0.992841	-0.005513	0.455518	-0.059673	0.888224
47199	4.715095	-0.049461	9.122029	0.002399	-0.000518	0.005580	-0.882186	0.103437	0.459400	-0.119297	-0.992843	-0.005540	0.455539	-0.059692	0.888212
47200	4.721759	-0.075759	9.143402	0.000120	-0.004571	0.001548	-0.882151	0.103475	0.459458	-0.119359	-0.992836	-0.005569	0.455591	-0.059753	0.888182
47201	4.735740	-0.059010	9.131561	0.006215	-0.001868	-0.000147	-0.882129	0.103503	0.459494	-0.119376	-0.992834	-0.005536	0.455628	-0.059736	0.888164
47202	4.736080	-0.058738	9.131387	0.002587	-0.005611	0.005629	-0.882098	0.103464	0.459562	-0.119350	-0.992837	-0.005561	0.455695	-0.059754	0.888128
47203	4.716292	-0.048970	9.121413	0.001065	-0.001748	0.000742	-0.882078	0.103483	0.459597	-0.119383	-0.992833	-0.005577	0.455725	-0.059788	0.888110
47204	4.716675	-0.048877	9.121216	0.002721	-0.006656	0.002629	-0.882035	0.103499	0.459676	-0.119411	-0.992829	-0.005587	0.455801	-0.059818	0.888069
47205	4.739255	-0.073732	9.111692	0.000120	-0.004571	0.001549	-0.882003	0.103508	0.459735	-0.119441	-0.992825	-0.005616	0.455855	-0.059864	0.888038
47206	4.713702	-0.018618	9.158858	0.001590	-0.004385	0.003387	-0.881976	0.103484	0.459792	-0.119430	-0.992827	-0.005640	0.455910	-0.059887	0.888009
47207	4.755647	-0.072254	9.080541	0.006606	-0.003461	0.005498	-0.881954	0.103455	0.459841	-0.119396	-0.992831	-0.005629	0.455962	-0.059868	0.887983
47208	4.716163	-0.033584	9.139534	-0.002143	-0.000030	0.003066	-0.881951	0.103395	0.459861	-0.119359	-0.992835	-0.005685	0.455978	-0.059903	0.887973
47209	4.740257	-0.073491	9.111172	0.006215	-0.001869	-0.000148	-0.881929	0.103423	0.459896	-0.119376	-0.992833	-0.005652	0.456015	-0.059885	0.887955
47210	4.714504	-0.018058	9.158447	0.001995	-0.002451	0.004484	-0.881918	0.103331	0.459938	-0.119288	-0.992843	-0.005678	0.456059	-0.059872	0.887933
47211	4.722908	-0.059370	9.160873	0.003412	0.001783	0.003273	-0.881917	0.103327	0.459940	-0.119288	-0.992843	-0.005685	0.456061	-0.059879	0.887932
47212	4.755881	-0.071623	9.080423	0.003885	0.003194	0.002869	-0.881914	0.103397	0.459931	-0.119366	-0.992834	-0.005685	0.456047	-0.059914	0.887937
47213	4.724399	-0.074153	9.142052	0.001942	0.001597	0.001435	-0.881910	0.103411	0.459935	-0.119389	-0.992831	-0.005697	0.456049	-0.059935	0.887934
47214	4.682045	-0.039433	9.141596	0.001875	0.002120	0.002935	-0.881902	0.103477	0.459936	-0.119472	-0.992821	-0.005715	0.456043	-0.059989	0.887934
47215	4.724249	-0.073934	9.142131	0.002668	-0.002607	-0.000420	-0.881877	0.103507	0.459978	-0.119508	-0.992817	-0.005712	0.456083	-0.060008	0.887912
47216	4.722520	-0.058459	9.161079	0.007078	-0.002050	0.005095	-0.881865	0.103440	0.460016	-0.119427	-0.992827	-0.005695	0.456127	-0.059960	0.887892
47217	4.738323	-0.056883	9.130235	0.001064	-0.001748	0.000742	-0.881845	0.103460	0.460050	-0.119459	-0.992823	-0.005711	0.456157	-0.059994	0.887875
47218	4.726647	-0.088365	9.122846	0.004477	0.000035	0.004015	-0.881843	0.103385	0.460070	-0.119377	-0.992833	-0.005713	0.456182	-0.059959	0.887864
47219	4.767726	-0.038730	9.087734	0.003007	-0.000151	0.002177	-0.881832	0.103390	0.460090	-0.119388	-0.992831	-0.005719	0.456200	-0.059972	0.887854
47220	4.736453	-0.041272	9.149254	0.002940	0.000372	0.003677	-0.881824	0.103386	0.460105	-0.119391	-0.992831	-0.005732	0.456214	-0.059987	0.887846
47221	4.752024	-0.039711	9.118530	0.005017	0.000924	0.002111	-0.881818	0.103394	0.460116	-0.119394	-0.992830	-0.005719	0.456226	-0.059979	0.887840
47222	4.726331	-0.087685	9.123017	0.000745	0.004391	0.003692	-0.881822	0.103449	0.460097	-0.119472	-0.992821	-0.005751	0.456199	-0.060039	0.887850
47223	4.737575	-0.055619	9.130630	0.010521	0.006784	-0.000732	-0.881839	0.103488	0.460055	-0.119474	-0.992821	-0.005677	0.456165	-0.059971	0.887872
47224	4.756998	-0.064861	9.140800	0.000693	0.008439	0.000642	-0.881854	0.103615	0.459998	-0.119622	-0.992803	-0.005695	0.456097	-0.060048	0.887902
47225	4.738014	-0.069784	9.112368	0.010860	0.009241	0.001865	-0.881885	0.103630	0.459934	-0.119600	-0.992806	-0.005630	0.456042	-0.059973	0.887935
47226	4.735142	-0.053850	9.131903	0.006789	0.011140	-0.001055	-0.881915	0.103727	0.459855	-0.119681	-0.992797	-0.005586	0.455963	-0.059962	0.887976
47227	4.741321	-0.010487	9.099257	0.007195	0.013074	0.000042	-0.881961	0.103762	0.459758	-0.119692	-0.992796	-0.005545	0.455870	-0.059920	0.888027
47228	4.633022	0.015307	9.162578	0.004240	0.009177	0.000915	-0.881998	0.103735	0.459694	-0.119651	-0.992801	-0.005535	0.455811	-0.059884	0.888060
47229	4.700815	-0.074526	9.116028	-0.001080	-0.001777	0.003808	-0.881981	0.103723	0.459729	-0.119667	-0.992798	-0.005584	0.455839	-0.059940	0.888042
47230	4.681371	-0.045702	9.184810	0.002399	-0.000516	0.005582	-0.881974	0.103688	0.459751	-0.119642	-0.992801	-0.005611	0.455860	-0.059955	0.888030
47231	4.714838	-0.057905	9.104158	0.005876	-0.004327	-0.002741	-0.881938	0.103740	0.459809	-0.119684	-0.992796	-0.005569	0.455919	-0.059944	0.888001
47232	4.699903	-0.059309	9.134539	-0.005928	-0.011318	0.006298	-0.881880	0.103702	0.459928	-0.119703	-0.992793	-0.005673	0.456025	-0.060058	0.887938
47233	4.734667	-0.053294	9.132153	-0.004847	-0.009542	0.002490	-0.881826	0.103699	0.460031	-0.119748	-0.992788	-0.005750	0.456117	-0.060159	0.887884
47234	4.777687	-0.088473	9.132286	-0.001907	-0.009169	0.006168	-0.881771	0.103731	0.460130	-0.119826	-0.992778	-0.005817	0.456204	-0.060265	0.887832
47235	4.720620	-0.055515	9.162076	-0.002365	-0.007056	0.002021	-0.881728	0.103735	0.460211	-0.119863	-0.992773	-0.005870	0.456277	-0.060338	0.887790
47236	4.734827	-0.039271	9.150105	0.000051	-0.004047	0.003051	-0.881702	0.103712	0.460267	-0.119860	-0.992773	-0.005906	0.456328	-0.060375	0.887761
47237	4.737036	-0.054655	9.130916	-0.002550	-0.001963	0.001970	-0.881682	0.103719	0.460303	-0.119898	-0.992768	-0.005960	0.456356	-0.060445	0.887742
47238	4.759423	-0.079830	9.121500	-0.000421	-0.005459	0.003455	-0.881650	0.103690	0.460371	-0.119893	-0.992769	-0.006002	0.456419	-0.060487	0.887707
47239	4.753381	-0.053655	9.099788	0.003532	-0.002787	0.004824	-0.881630	0.103668	0.460414	-0.119878	-0.992770	-0.006016	0.456462	-0.060497	0.887684
47240	4.717790	-0.045210	9.120657	0.000931	-0.000702	0.003743	-0.881625	0.103594	0.460441	-0.119814	-0.992778	-0.006047	0.456489	-0.060498	0.887670
47241	4.769956	-0.033138	9.147517	0.002062	-0.002973	0.002986	-0.881602	0.103591	0.460486	-0.119822	-0.992777	-0.006065	0.456531	-0.060523	0.887646
47242	4.720083	-0.060283	9.101425	0.004005	-0.001376	0.004420	-0.881588	0.103576	0.460516	-0.119812	-0.992778	-0.006073	0.456561	-0.060529	0.887631
47243	4.722664	-0.056143	9.161019	0.001404	0.000709	0.003339	-0.881582	0.103571	0.460528	-0.119820	-0.992777	-0.006098	0.456570	-0.060557	0.887624
47244	4.738156	-0.054806	9.130334	0.003347	0.002306	0.004773	-0.881582	0.103579	0.460526	-0.119837	-0.992775	-0.006112	0.456566	-0.060576	0.887625
47245	4.721791	-0.075201	9.082497	0.004478	0.000035	0.004016	-0.881574	0.103567	0.460545	-0.119825	-0.992776	-0.006114	0.456584	-0.060574	0.887616
47246	4.722369	-0.055846	9.161173	0.002874	0.000895	0.005178	-0.881576	0.103509	0.460554	-0.119772	-0.992783	-0.006135	0.456595	-0.060570	0.887610
47247	4.717950	-0.044926	9.120576	0.001322	-0.002291	0.009391	-0.881563	0.103442	0.460593	-0.119727	-0.992788	-0.006189	0.456631	-0.060602	0.887590
47248	4.690700	-0.077929	9.143921	0.004005	-0.001376	0.004420	-0.881556	0.103368	0.460624	-0.119650	-0.992797	-0.006197	0.456665	-0.060577	0.887574
47249	4.744795	-0.081026	9.151735	-0.001013	-0.002299	0.002309	-0.881535	0.103372	0.460663	-0.119679	-0.992793	-0.006239	0.456698	-0.060632	0.887553
47250	4.740713	-0.070142	9.110962	0.002046	-0.006497	0.007538	-0.881508	0.103257	0.460739	-0.119575	-0.992805	-0.006279	0.456776	-0.060628	0.887513
47251	4.739299	-0.055016	9.129740	0.003125	-0.004721	0.003729	-0.881478	0.103244	0.460800	-0.119572	-0.992806	-0.006291	0.456835	-0.060644	0.887482
47252	4.759888	-0.064771	9.139296	0.001115	-0.005795	0.003795	-0.881443	0.103236	0.460869	-0.119584	-0.992804	-0.006321	0.456900	-0.060684	0.887446
47253	4.759628	-0.084012	9.060445	0.003532	-0.002787	0.004825	-0.881423	0.103214	0.460913	-0.119569	-0.992806	-0.006334	0.456943	-0.060694	0.887423
47254	4.732107	-0.013537	9.126672	0.002062	-0.002973	0.002986	-0.881400	0.103210	0.460957	-0.119578	-0.992804	-0.006353	0.456984	-0.060719	0.887400
47255	4.722462	-0.060364	9.100190	0.000458	-0.002112	0.004148	-0.881383	0.103196	0.460994	-0.119584	-0.992804	-0.006390	0.457017	-0.060760	0.887380
47256	4.754603	-0.038662	9.117190	0.002927	-0.003151	0.008230	-0.881366	0.103128	0.461041	-0.119528	-0.992810	-0.006424	0.457064	-0.060770	0.887356
47257	4.707332	-0.061785	9.130696	0.005004	-0.002601	0.006664	-0.881349	0.103088	0.461083	-0.119491	-0.992814	-0.006433	0.457106	-0.060765	0.887334
47258	4.745163	-0.085475	9.090599	0.000392	-0.001589	0.005648	-0.881333	0.103072	0.461116	-0.119498	-0.992813	-0.006477	0.457135	-0.060811	0.887316
47259	4.719582	-0.030315	9.137780	0.003059	-0.004198	0.005230	-0.881307	0.103045	0.461172	-0.119482	-0.992815	-0.006497	0.457189	-0.060828	0.887287
47260	4.779492	-0.078812	9.088411	0.004006	-0.001376	0.004420	-0.881292	0.103037	0.461203	-0.119480	-0.992815	-0.006504	0.457219	-0.060836	0.887271
47261	4.709895	-0.076875	9.111321	0.003350	0.002306	0.004773	-0.881295	0.103019	0.461201	-0.119466	-0.992817	-0.006519	0.457216	-0.060843	0.887272
47262	4.719684	-0.030121	9.137729	0.002337	0.000008	0.007083	-0.881293	0.102960	0.461218	-0.119419	-0.992822	-0.006554	0.457232	-0.060854	0.887263
47263	4.714387	-0.088225	9.151882	-0.001618	-0.002661	0.005715	-0.881275	0.102929	0.461260	-0.119421	-0.992822	-0.006617	0.457268	-0.060915	0.887240
47264	4.730261	-0.087129	9.120985	0.002061	-0.002973	0.002987	-0.881248	0.102959	0.461305	-0.119467	-0.992816	-0.006634	0.457308	-0.060957	0.887217
47265	4.740799	-0.040364	9.147007	0.001297	-0.010888	0.003849	-0.881189	0.102942	0.461420	-0.119472	-0.992815	-0.006663	0.457419	-0.060998	0.887157
47266	4.731776	-0.087270	9.120197	0.000168	-0.008616	0.004607	-0.881141	0.102927	0.461516	-0.119483	-0.992814	-0.006705	0.457509	-0.061051	0.887107
47267	4.728013	-0.076320	9.079250	0.002179	-0.007543	0.004540	-0.881099	0.102905	0.461601	-0.119477	-0.992814	-0.006729	0.457592	-0.061080	0.887062
47268	4.704817	-0.036354	9.107162	0.000102	-0.008092	0.006107	-0.881060	0.102831	0.461693	-0.119426	-0.992820	-0.006778	0.457681	-0.061110	0.887014
47269	4.735917	-0.103028	9.099987	-0.001843	-0.009688	0.004674	-0.881008	0.102806	0.461797	-0.119438	-0.992818	-0.006839	0.457777	-0.061181	0.886959
47270	4.705520	-0.105937	9.161105	-0.001369	-0.008278	0.004269	-0.880965	0.102756	0.461890	-0.119416	-0.992820	-0.006892	0.457866	-0.061229	0.886910
47271	4.635077	-0.089322	9.202565	-0.004196	-0.013218	0.002146	-0.880894	0.102754	0.462026	-0.119461	-0.992814	-0.006962	0.457991	-0.061327	0.886839
47272	4.668414	-0.087762	9.139918	-0.015239	-0.033522	0.002305	-0.880729	0.102748	0.462341	-0.119565	-0.992801	-0.007130	0.458280	-0.061560	0.886673
47273	4.721198	-0.061835	9.184480	-0.010452	-0.023462	0.001308	-0.880610	0.102748	0.462568	-0.119646	-0.992790	-0.007252	0.458488	-0.061730	0.886554
47274	4.716650	-0.106042	9.216308	-0.023673	-0.036222	-0.003069	-0.880427	0.102778	0.462908	-0.119820	-0.992768	-0.007469	0.458793	-0.062042	0.886375
47275	4.693495	-0.072139	9.183288	-0.025680	-0.037293	-0.002998	-0.880240	0.102813	0.463258	-0.120009	-0.992743	-0.007706	0.459104	-0.062378	0.886190
47276	4.673509	-0.034636	9.209660	-0.033533	-0.046673	-0.002668	-0.880007	0.102858	0.463689	-0.120254	-0.992711	-0.008013	0.459485	-0.062812	0.885962
47277	4.662777	-0.039342	9.238013	-0.043327	-0.057647	-0.003765	-0.879724	0.102887	0.464219	-0.120530	-0.992674	-0.008402	0.459954	-0.063344	0.885680
47278	4.708900	-0.063022	9.254475	-0.047095	-0.068928	-0.000515	-0.879398	0.102834	0.464848	-0.120749	-0.992644	-0.008839	0.460520	-0.063903	0.885346
47279	4.685586	-0.104642	9.214837	-0.057818	-0.079192	-0.005343	-0.879014	0.102864	0.465569	-0.121107	-0.992595	-0.009348	0.461160	-0.064601	0.884962
47280	4.720917	-0.230745	9.277511	-0.078355	-0.084262	-0.013313	-0.878601	0.102920	0.466335	-0.121575	-0.992532	-0.010002	0.461823	-0.065482	0.884552
47281	4.629779	-0.239134	9.357671	-0.098479	-0.112142	-0.023670	-0.878040	0.103109	0.467348	-0.122283	-0.992437	-0.010785	0.462701	-0.066618	0.884008
47282	4.667623	-0.213917	9.328735	-0.100965	-0.112597	-0.042358	-0.877458	0.103449	0.468365	-0.123131	-0.992324	-0.011502	0.463580	-0.067762	0.883460
47283	4.519792	-0.348206	9.468668	-0.141790	-0.140433	-0.060676	-0.876718	0.103982	0.469631	-0.124365	-0.992158	-0.012491	0.464649	-0.069357	0.882774
47284	4.778775	-0.300313	9.314665	-0.106508	-0.175405	-0.084367	-0.875786	0.104708	0.471206	-0.125627	-0.991992	-0.013057	0.466065	-0.070632	0.881926
47285	4.480543	-0.243935	9.539512	-0.130403	-0.168569	-0.115131	-0.874840	0.105757	0.472727	-0.127288	-0.991771	-0.013686	0.467389	-0.072145	0.881103
47286	4.487994	-0.196612	9.487100	-0.107237	-0.265847	-0.145042	-0.873396	0.107026	0.475106	-0.129099	-0.991533	-0.013964	0.469589	-0.073532	0.879818
47287	4.454729	-0.173092	9.696322	-0.109670	-0.295403	-0.175724	-0.871762	0.108576	0.477746	-0.131193	-0.991256	-0.014113	0.472037	-0.074980	0.878384
47288	4.478939	-0.220570	9.653780	-0.085138	-0.405844	-0.204389	-0.869570	0.110208	0.481354	-0.133292	-0.990979	-0.013903	0.475479	-0.076250	0.876416
47289	4.589037	-0.306412	9.584510	-0.062924	-0.464720	-0.241965	-0.867012	0.112276	0.485473	-0.135738	-0.990655	-0.013306	0.479442	-0.077433	0.874150
47290	4.477428	-0.359293	9.596156	-0.005810	-0.550044	-0.294559	-0.863959	0.114704	0.490325	-0.138259	-0.990324	-0.011944	0.484211	-0.078111	0.871458
47291	4.602781	-0.472459	9.611321	0.024933	-0.650121	-0.328804	-0.860319	0.117477	0.496035	-0.141017	-0.989955	-0.010127	0.489863	-0.078662	0.868243
47292	4.663512	-0.606178	9.699326	0.095091	-0.738146	-0.380219	-0.856141	0.120574	0.502478	-0.143728	-0.989589	-0.007429	0.496351	-0.078581	0.864558
47293	5.160099	-1.045732	9.592451	0.177893	-0.840983	-0.441647	-0.851280	0.124313	0.509774	-0.146654	-0.989181	-0.003680	0.503801	-0.077893	0.860301
47294	5.308037	-0.699283	9.296471	0.386572	-0.811104	-0.525365	-0.846388	0.128823	0.516751	-0.149092	-0.988821	0.002309	0.511272	-0.075089	0.856133
47295	5.402081	-0.710298	9.067231	0.402993	-0.865104	-0.585525	-0.841034	0.134001	0.524123	-0.152001	-0.988341	0.008778	0.519189	-0.072285	0.851597
47296	5.381200	-0.920765	9.055006	0.505136	-0.922272	-0.682721	-0.835144	0.140120	0.531884	-0.155120	-0.987755	0.016652	0.527704	-0.068599	0.846654
47297	5.476528	-1.044723	8.772061	0.617251	-1.029411	-0.797937	-0.828396	0.147343	0.540417	-0.158516	-0.987011	0.026120	0.537246	-0.064027	0.840992
47298	5.495200	-0.790943	8.656689	0.679222	-1.129301	-0.915417	-0.820786	0.155707	0.549606	-0.162426	-0.986035	0.036781	0.547657	-0.059081	0.834614
47299	5.732944	-0.527288	8.632731	0.605464	-1.239316	-1.022975	-0.812225	0.165107	0.559491	-0.167476	-0.984733	0.047468	0.558786	-0.055146	0.827476
47300	6.104942	-0.422230	8.764008	0.460946	-1.307963	-1.114737	-0.802923	0.175396	0.569693	-0.173923	-0.983077	0.057541	0.570145	-0.052882	0.819841
47301	6.751912	-1.625696	8.897787	0.192668	-1.283391	-1.182843	-0.793414	0.186358	0.579453	-0.182302	-0.981032	0.065893	0.580741	-0.053355	0.812338
47302	7.010826	-3.540733	8.727081	0.270379	-1.153023	-1.313544	-0.784193	0.198643	0.587863	-0.191128	-0.978639	0.075729	0.590349	-0.052971	0.805408
47303	6.870962	-3.547744	9.095621	0.558296	-0.973350	-1.522755	-0.775410	0.213052	0.594431	-0.199730	-0.975783	0.089195	0.599039	-0.049563	0.799185
47304	7.083947	-3.992962	8.812460	0.743541	-0.869406	-1.728929	-0.766618	0.229513	0.599684	-0.208624	-0.972297	0.105421	0.607267	-0.044291	0.793262
47305	6.423241	-3.165495	9.156723	1.085368	-0.719295	-1.954375	-0.758044	0.248215	0.603125	-0.216937	-0.968054	0.125740	0.615068	-0.035523	0.787674
47306	5.783059	-3.038271	8.902601	1.176030	-0.685059	-2.147392	-0.749029	0.268764	0.605575	-0.225890	-0.962855	0.147930	0.622839	-0.025989	0.781918
47307	5.560742	-1.660914	8.441495	1.387728	-0.739044	-2.330410	-0.739008	0.291008	0.607602	-0.234573	-0.956606	0.172858	0.631540	-0.014783	0.775203
47308	5.554299	-1.885345	7.884363	1.282505	-0.611161	-2.449458	-0.729238	0.314320	0.607795	-0.244458	-0.949307	0.197629	0.639102	-0.004462	0.769109
47309	4.355275	-1.506054	8.183319	1.386770	-0.446674	-2.481416	-0.720168	0.337811	0.606005	-0.253580	-0.941187	0.223304	0.645798	0.007146	0.763475
47310	4.296792	-2.895923	9.487047	0.935546	-0.385461	-1.647701	-0.713422	0.353340	0.605128	-0.259376	-0.935382	0.240384	0.650963	0.014540	0.758970
47311	7.566452	-6.580192	10.059728	0.148404	-0.418103	-0.061718	-0.710512	0.354005	0.608155	-0.258894	-0.935132	0.241870	0.654329	0.014403	0.756073
47312	6.228944	-6.510585	11.860337	-0.607799	0.206434	1.296533	-0.715162	0.341853	0.609655	-0.253673	-0.939707	0.229350	0.651301	0.009369	0.758762
47313	1.468527	-8.341280	10.507838	-1.039002	0.390161	2.398661	-0.723632	0.319224	0.611926	-0.243203	-0.947679	0.206777	0.645918	0.000808	0.763407
47314	0.519390	-7.584884	9.847382	-1.110025	0.286058	3.110669	-0.732779	0.289634	0.615749	-0.227749	-0.957096	0.179160	0.641221	-0.008951	0.767304
47315	0.126112	-6.682015	10.269714	-1.170724	0.223377	3.678520	-0.742206	0.254301	0.620050	-0.208147	-0.966925	0.147411	0.637029	-0.019652	0.770590
47316	0.777685	-5.340575	11.099135	-1.115264	0.228201	4.068506	-0.751636	0.214851	0.623605	-0.184895	-0.976186	0.113470	0.633133	-0.030013	0.773461
47317	1.718758	-3.961260	11.829571	-1.005688	0.340285	4.302677	-0.761159	0.172815	0.625117	-0.158739	-0.984172	0.078793	0.628839	-0.039257	0.776544
47318	2.341409	-1.721698	11.343418	-0.823672	0.611068	4.463856	-0.771412	0.129022	0.623119	-0.129740	-0.990550	0.044485	0.622970	-0.046528	0.780861
47319	2.190800	1.715164	11.500743	-0.778873	0.905688	4.555162	-0.782219	0.084271	0.617278	-0.099219	-0.995014	0.010109	0.615053	-0.053338	0.786680
47320	1.891979	2.468311	11.719926	-1.184897	1.037051	4.536628	-0.792399	0.039712	0.608709	-0.070786	-0.997124	-0.027094	0.605882	-0.064557	0.792931
47321	2.521883	2.635452	12.191399	-1.124923	1.176016	4.287151	-0.801901	-0.002192	0.597453	-0.043413	-0.997136	-0.061927	0.595878	-0.075597	0.799509
47322	9.134320	0.502531	12.582833	-1.073052	0.611303	3.193930	-0.806601	-0.033498	0.590146	-0.024144	-0.995693	-0.089518	0.590603	-0.086453	0.802318
47323	5.714969	14.086427	14.387551	1.673115	3.350063	1.654552	-0.826131	-0.047312	0.561489	-0.001026	-0.996341	-0.085463	0.563477	-0.071180	0.823059
47324	-0.401046	11.445864	12.770097	-1.189956	1.746989	1.582204	-0.835810	-0.061681	0.545543	0.005452	-0.994552	-0.104094	0.548992	-0.084029	0.831593
47325	4.466778	4.685681	10.109568	-1.181540	2.028577	0.921012	-0.846708	-0.068969	0.527569	0.006767	-0.992879	-0.118937	0.532015	-0.097135	0.841145
47326	3.046067	5.467093	12.364478	-0.324973	1.830845	0.043917	-0.856301	-0.067559	0.512040	0.005390	-0.992523	-0.121940	0.516450	-0.101657	0.850262
47327	7.625326	3.063687	11.322037	-0.615283	1.886464	-0.497115	-0.865888	-0.060612	0.496552	-0.002064	-0.992191	-0.124712	0.500233	-0.109011	0.859001
47328	5.019296	6.925228	11.465390	-0.580594	2.545140	-0.825248	-0.878276	-0.049532	0.475581	-0.012147	-0.991988	-0.125748	0.477999	-0.116218	0.870638
47329	5.891708	2.499028	10.063722	-1.208069	2.260516	-0.999870	-0.888649	-0.036818	0.457107	-0.026678	-0.990933	-0.131680	0.457810	-0.129212	0.879610
47330	5.543451	1.868592	10.395889	-1.011541	2.506487	-1.364795	-0.899358	-0.019900	0.436759	-0.043440	-0.989954	-0.134555	0.435049	-0.139986	0.889458
47331	3.744252	-4.355445	10.022794	-1.350906	1.989995	-1.364373	-0.907104	-0.003458	0.420893	-0.061559	-0.988124	-0.140789	0.416381	-0.153620	0.896118
47332	0.303234	6.325180	5.842187	1.278211	1.386645	-2.544656	-0.910998	0.023776	0.411725	-0.079487	-0.989741	-0.118721	0.404678	-0.140881	0.903542
47333	12.255407	3.410948	8.958447	-2.833650	-0.336758	-0.867290	-0.908849	0.031844	0.415907	-0.098898	-0.985102	-0.140689	0.405231	-0.168998	0.898459
47334	11.192584	-11.154061	1.869525	-1.029746	0.481560	-0.995016	-0.909733	0.042497	0.413014	-0.112130	-0.982932	-0.145848	0.399767	-0.178994	0.898970
47335	9.472850	-0.836199	6.365204	1.869511	1.230215	-2.030066	-0.912194	0.064584	0.404636	-0.123277	-0.985005	-0.120695	0.390774	-0.159979	0.906478
47336	9.450424	2.097075	7.496430	0.123036	0.535207	-1.005405	-0.912983	0.075361	0.400977	-0.132016	-0.984489	-0.115558	0.386049	-0.158438	0.908770
47337	9.437616	-1.331675	4.995973	0.507007	0.282093	-0.563178	-0.913305	0.081372	0.399065	-0.135249	-0.984829	-0.108719	0.384164	-0.153267	0.910454
47338	8.426580	1.556871	6.939167	0.575647	0.239439	-0.287765	-0.913825	0.084592	0.397200	-0.135712	-0.985447	-0.102358	0.382760	-0.147442	0.912006
47339	9.889867	0.329061	7.052804	0.288663	-0.037784	0.049228	-0.913735	0.084077	0.397516	-0.134198	-0.985901	-0.099946	0.383509	-0.144671	0.912136
47340	9.637591	0.832879	7.424207	0.336672	0.062629	0.233823	-0.914277	0.081886	0.396728	-0.130813	-0.986568	-0.097833	0.383388	-0.141343	0.912708
47341	9.003319	0.317493	6.823379	0.355795	0.047547	0.355883	-0.914905	0.078466	0.395971	-0.126236	-0.987342	-0.096020	0.383424	-0.137835	0.913229
47342	7.834616	0.254729	6.373920	0.457011	0.037234	0.387733	-0.915518	0.074712	0.395278	-0.120977	-0.988251	-0.093409	0.383655	-0.133337	0.913800
47343	7.088970	0.484619	6.202355	0.597513	-0.062669	0.341054	-0.915669	0.071284	0.395561	-0.115600	-0.989272	-0.089322	0.384950	-0.127516	0.914086
47344	6.900832	1.015819	6.644364	0.643398	-0.155169	0.260128	-0.915355	0.068542	0.396770	-0.110778	-0.990246	-0.084500	0.387108	-0.121301	0.914020
47345	6.739835	1.538759	7.125842	0.700335	-0.186854	0.153119	-0.914785	0.066831	0.398374	-0.106699	-0.991169	-0.078734	0.389594	-0.114531	0.913837
47346	6.529620	1.800629	7.064718	0.620567	-0.182770	0.054928	-0.914119	0.066109	0.400019	-0.103815	-0.991891	-0.073311	0.391929	-0.108543	0.913570
47347	5.410930	1.670412	6.353259	0.613927	-0.169244	-0.047797	-0.913394	0.066431	0.401620	-0.101881	-0.992501	-0.067537	0.394122	-0.102606	0.913313
47348	3.886151	1.557180	5.607846	0.567843	-0.271278	-0.143550	-0.912165	0.067612	0.404207	-0.100988	-0.992966	-0.061802	0.397185	-0.097194	0.912577
47349	3.311840	1.077107	4.823624	0.524809	-0.505471	-0.202229	-0.909929	0.069168	0.408956	-0.100775	-0.993320	-0.056220	0.402335	-0.092369	0.910821
47350	1.957970	0.465261	3.701790	0.534783	-0.686492	-0.235604	-0.906897	0.070918	0.415342	-0.100788	-0.993630	-0.050411	0.409122	-0.087580	0.908267
47351	2.550754	-1.583851	3.538775	0.560765	-1.301932	-0.266689	-0.901209	0.072485	0.427280	-0.100913	-0.993911	-0.044234	0.421472	-0.082982	0.903037
47352	12.621121	-11.422607	8.492355	0.381332	-2.872516	-0.369675	-0.888340	0.073827	0.453214	-0.102608	-0.993949	-0.039211	0.447576	-0.081336	0.890539
47353	40.121158	16.489413	21.802640	5.486066	-1.853810	-1.733568	-0.878131	0.090087	0.469861	-0.092810	-0.995531	0.017421	0.469331	-0.028310	0.882568
47354	-3.478674	15.443768	5.330590	-1.580569	6.099697	-0.672249	-0.904381	0.098840	0.415121	-0.105826	-0.994365	0.006204	0.413395	-0.038320	0.909745
47355	-12.574458	-10.184057	6.706287	-1.832278	-2.017694	0.641681	-0.896550	0.091510	0.433388	-0.107815	-0.994084	-0.013134	0.429622	-0.058501	0.901112
47356	15.743553	-1.737163	15.503140	0.731735	-3.821472	0.352989	-0.879824	0.085865	0.467480	-0.101451	-0.994807	-0.008215	0.464347	-0.054655	0.883965
47357	7.763388	2.328240	3.491959	1.487456	1.464047	-0.113699	-0.886414	0.087707	0.454509	-0.095678	-0.995397	0.005485	0.452898	-0.038624	0.890725
47358	2.036833	1.968342	16.134918	-0.695389	0.292325	-0.143979	-0.887579	0.089291	0.451918	-0.100137	-0.994974	-0.000083	0.449639	-0.045327	0.892059
47359	5.377942	-1.330707	6.615822	0.211154	-0.886222	0.153792	-0.883699	0.087392	0.459825	-0.097861	-0.995200	0.001072	0.457712	-0.044052	0.888009
47360	5.948746	1.924766	10.477993	0.349301	0.034164	-0.098952	-0.883746	0.088419	0.459537	-0.097180	-0.995256	0.004607	0.457765	-0.040587	0.888146
47361	4.300200	0.372255	8.891031	-0.011848	-0.205912	0.036619	-0.882825	0.087999	0.461385	-0.096956	-0.995279	0.004310	0.459587	-0.040929	0.887189
47362	5.638155	0.691653	9.244738	0.148336	-0.225089	0.028232	-0.881803	0.087655	0.463401	-0.096067	-0.995360	0.005474	0.461730	-0.039691	0.886132
47363	5.279944	1.075666	9.397403	0.043821	-0.085610	0.045157	-0.881438	0.087200	0.464180	-0.095511	-0.995412	0.005630	0.462542	-0.039372	0.885723
47364	5.322388	0.221277	8.960483	-0.072053	-0.063941	0.069685	-0.881196	0.086509	0.464769	-0.095274	-0.995440	0.004647	0.463051	-0.040186	0.885420
47365	4.786164	-0.219509	9.245583	-0.039467	0.026480	0.045982	-0.881350	0.086090	0.464555	-0.095096	-0.995460	0.004061	0.462795	-0.040598	0.885535
47366	4.499622	0.002421	8.967735	-0.017894	-0.009334	0.044804	-0.881337	0.085668	0.464658	-0.094827	-0.995487	0.003673	0.462875	-0.040825	0.885483
47367	4.364946	-0.158939	9.147341	-0.100854	-0.049646	0.075725	-0.881166	0.084922	0.465118	-0.094671	-0.995506	0.002406	0.463232	-0.041913	0.885245
47368	4.510028	-0.162903	9.116031	-0.081252	-0.123216	0.090950	-0.880668	0.083992	0.466229	-0.094290	-0.995544	0.001242	0.464255	-0.042867	0.884663
47369	4.663096	0.042461	9.163728	-0.067731	-0.132267	0.096145	-0.880131	0.083006	0.467418	-0.093803	-0.995591	0.000172	0.465371	-0.043694	0.884037
47370	4.702218	-0.042839	9.091973	-0.108330	-0.159671	0.108478	-0.879476	0.081883	0.468846	-0.093398	-0.995628	-0.001315	0.466689	-0.044945	0.883279
47371	4.938387	-0.000771	9.117446	-0.089139	-0.177801	0.102400	-0.878728	0.080810	0.470433	-0.092959	-0.995667	-0.002605	0.468184	-0.046020	0.882432
47372	5.069072	0.019477	9.090151	-0.090118	-0.147324	0.091618	-0.878110	0.079857	0.471748	-0.092620	-0.995694	-0.003852	0.469409	-0.047076	0.881725
47373	5.085917	-0.004102	9.124073	-0.101349	-0.121014	0.084243	-0.877606	0.078989	0.472829	-0.092401	-0.995708	-0.005165	0.470392	-0.048223	0.881139
47374	4.972358	-0.008108	9.135048	-0.083462	-0.088817	0.075487	-0.877245	0.078222	0.473626	-0.092176	-0.995723	-0.006279	0.471109	-0.049165	0.880704
47375	5.003083	-0.159301	9.121248	-0.081788	-0.083294	0.063636	-0.876899	0.077574	0.474374	-0.092048	-0.995728	-0.007323	0.471779	-0.050086	0.880293
47376	5.128058	-0.166694	9.060229	-0.058921	-0.063974	0.051575	-0.876632	0.077056	0.474952	-0.091918	-0.995734	-0.008107	0.472301	-0.050763	0.879974
47377	4.953004	-0.229955	9.123056	-0.075019	-0.026959	0.041493	-0.876530	0.076657	0.475204	-0.091953	-0.995723	-0.008986	0.472483	-0.051573	0.879830
47378	4.939046	-0.222174	9.171358	-0.049525	-0.028579	0.025229	-0.876405	0.076419	0.475472	-0.092010	-0.995712	-0.009562	0.472703	-0.052129	0.879679
47379	5.018234	-0.189243	9.112347	-0.034271	-0.016068	0.016172	-0.876332	0.076277	0.475631	-0.092075	-0.995702	-0.009963	0.472827	-0.052524	0.879589
47380	4.937819	-0.135947	9.092155	-0.019185	0.002070	0.008514	-0.876337	0.076222	0.475630	-0.092135	-0.995694	-0.010193	0.472806	-0.052755	0.879586
47381	4.930319	-0.095950	9.089360	-0.008924	0.005678	0.003574	-0.876354	0.076217	0.475599	-0.092191	-0.995688	-0.010310	0.472762	-0.052881	0.879602
47382	4.890434	-0.092072	9.051818	-0.011318	0.019903	0.003364	-0.876439	0.076222	0.475442	-0.092259	-0.995680	-0.010447	0.472592	-0.053019	0.879685
47383	4.869941	-0.097925	9.024242	-0.000934	0.018422	-0.001475	-0.876512	0.076274	0.475299	-0.092321	-0.995674	-0.010470	0.472445	-0.053057	0.879762
47384	4.815727	-0.108893	8.999014	0.000604	0.014590	0.003466	-0.876571	0.076275	0.475189	-0.092331	-0.995673	-0.010502	0.472332	-0.053080	0.879821
47385	4.732597	-0.136383	9.016727	-0.002438	0.011285	0.005898	-0.876617	0.076250	0.475108	-0.092336	-0.995672	-0.010573	0.472246	-0.053138	0.879864
47386	4.699146	-0.142560	9.018923	-0.000170	-0.023086	0.011429	-0.876506	0.076152	0.475329	-0.092281	-0.995676	-0.010650	0.472463	-0.053198	0.879744
47387	4.860222	-0.161886	8.979441	0.000111	-0.040757	0.019337	-0.876319	0.075965	0.475704	-0.092155	-0.995686	-0.010763	0.472835	-0.053270	0.879539
47388	4.772985	-0.133529	9.010816	-0.011565	-0.027339	0.023226	-0.876198	0.075747	0.475961	-0.092050	-0.995694	-0.010996	0.473079	-0.053447	0.879398
47389	4.805291	-0.203574	9.002353	-0.024538	-0.063779	0.024010	-0.875906	0.075502	0.476538	-0.092001	-0.995694	-0.011348	0.473629	-0.053782	0.879081
47390	4.944767	-0.152997	9.026709	-0.011148	-0.068375	0.027451	-0.875594	0.075219	0.477155	-0.091857	-0.995705	-0.011598	0.474233	-0.053985	0.878743
47391	4.910633	-0.135114	9.004265	-0.019940	-0.060823	0.021928	-0.875313	0.074996	0.477705	-0.091805	-0.995706	-0.011899	0.474761	-0.054271	0.878440
47392	4.946472	-0.085766	9.055375	-0.016407	-0.056118	0.019075	-0.875052	0.074803	0.478215	-0.091760	-0.995707	-0.012155	0.475252	-0.054517	0.878159
47393	4.970138	-0.083216	9.081173	-0.018665	-0.050459	0.023580	-0.874821	0.074568	0.478674	-0.091687	-0.995710	-0.012454	0.475691	-0.054783	0.877905
47394	4.917752	-0.101833	8.993496	-0.025923	-0.043261	0.018395	-0.874619	0.074389	0.479070	-0.091694	-0.995705	-0.012790	0.476061	-0.055114	0.877684
47395	4.883681	-0.048858	9.069250	-0.025227	-0.051500	0.019676	-0.874379	0.074193	0.479538	-0.091687	-0.995701	-0.013128	0.476503	-0.055446	0.877423
47396	4.939576	-0.077005	8.995237	-0.024203	-0.052717	0.021939	-0.874135	0.073972	0.480016	-0.091654	-0.995700	-0.013466	0.476956	-0.055766	0.877156
47397	4.930174	-0.096321	9.004875	-0.028371	-0.049709	0.022031	-0.873905	0.073753	0.480468	-0.091642	-0.995696	-0.013842	0.477379	-0.056128	0.876903
47398	4.850810	-0.195846	9.075475	-0.044175	-0.052082	0.020753	-0.873663	0.073545	0.480941	-0.091716	-0.995682	-0.014350	0.477809	-0.056647	0.876636
47399	4.862174	-0.227176	9.094193	-0.044396	-0.067133	0.025985	-0.873353	0.073276	0.481544	-0.091746	-0.995671	-0.014886	0.478369	-0.057180	0.876295
47400	4.903788	-0.242592	9.068892	-0.052709	-0.079915	0.020878	-0.872977	0.073049	0.482260	-0.091860	-0.995652	-0.015468	0.479033	-0.057804	0.875892
47401	4.954888	-0.265153	9.143301	-0.074126	-0.077033	0.010277	-0.872605	0.072930	0.482952	-0.092170	-0.995612	-0.016189	0.479652	-0.058640	0.875497
47402	4.940500	-0.246640	9.148996	-0.078282	-0.067583	-0.000322	-0.872267	0.072921	0.483562	-0.092593	-0.995561	-0.016893	0.480184	-0.059510	0.875147
47403	4.949338	-0.201234	9.071186	-0.095581	-0.063677	-0.014098	-0.871935	0.073051	0.484141	-0.093220	-0.995488	-0.017682	0.480665	-0.060550	0.874811
47404	4.758368	-0.153809	9.358113	-0.133061	-0.049478	-0.030685	-0.871656	0.073353	0.484598	-0.094172	-0.995380	-0.018718	0.480986	-0.061951	0.874537
47405	4.238064	0.219010	9.893774	-0.220584	-0.118634	-0.053602	-0.871021	0.073840	0.485665	-0.095745	-0.995197	-0.020408	0.481825	-0.064276	0.873907
47406	4.926525	-0.227839	9.065043	-0.347944	-0.303302	-0.039893	-0.869505	0.074063	0.488340	-0.097817	-0.994932	-0.023272	0.484142	-0.068003	0.872343
47407	4.929532	0.269237	9.229238	-0.233096	-0.173769	-0.018878	-0.868631	0.074158	0.489879	-0.099156	-0.994752	-0.025233	0.485437	-0.070493	0.871425
47408	4.368667	0.213464	9.746627	-0.344807	-0.266822	0.014358	-0.867334	0.073850	0.492217	-0.100753	-0.994508	-0.028326	0.487422	-0.074160	0.870011
47409	5.217143	-0.401623	8.760859	-0.369972	-0.387851	0.032655	-0.865458	0.073257	0.495597	-0.102324	-0.994245	-0.031723	0.490421	-0.078167	0.867973
47410	4.947703	-0.217582	9.336029	-0.375646	-0.252486	0.018387	-0.864223	0.072899	0.497799	-0.104055	-0.993952	-0.035092	0.492230	-0.082126	0.866582
47411	4.853551	-0.283959	9.091840	-0.388361	-0.353231	0.027696	-0.862495	0.072353	0.500866	-0.105778	-0.993640	-0.038613	0.494887	-0.086284	0.864663
47412	5.026830	-0.295413	9.119416	-0.395341	-0.360381	0.029711	-0.860726	0.071767	0.503985	-0.107528	-0.993306	-0.042195	0.497583	-0.090511	0.862681
47413	4.979870	-0.389386	9.079702	-0.375556	-0.376907	0.037942	-0.858872	0.071068	0.507236	-0.109121	-0.992980	-0.045644	0.500431	-0.094552	0.860598
47414	4.902985	-0.350960	9.277137	-0.324801	-0.407897	0.045962	-0.856862	0.070245	0.510738	-0.110402	-0.992694	-0.048688	0.503587	-0.098105	0.858356
47415	4.731534	-0.385573	9.406741	-0.281974	-0.463253	0.059367	-0.854572	0.069221	0.514699	-0.111364	-0.992448	-0.051429	0.507252	-0.101269	0.855827
47416	4.540310	-0.376378	9.656608	-0.223085	-0.558232	0.079106	-0.851803	0.067890	0.519445	-0.111870	-0.992267	-0.053762	0.511778	-0.103905	0.852811
47417	4.117887	-0.300008	10.160964	-0.161946	-0.670295	0.094569	-0.848446	0.066275	0.525117	-0.111945	-0.992155	-0.055654	0.517309	-0.106004	0.849208
47418	3.702363	-0.412307	10.381234	-0.110596	-0.974162	0.108996	-0.843475	0.064179	0.533321	-0.111645	-0.992102	-0.057184	0.525439	-0.107776	0.843978
47419	3.740831	-0.393928	10.589590	-0.088591	-1.254162	0.096819	-0.836913	0.061882	0.543827	-0.111347	-0.992060	-0.058469	0.535890	-0.109487	0.837158
47420	3.497512	-0.356223	10.481741	-0.082082	-1.493487	0.070952	-0.828883	0.059556	0.556243	-0.111246	-0.992007	-0.059559	0.548250	-0.111248	0.828882
47421	2.594274	-0.328286	10.507293	-0.090366	-1.772256	-0.041864	-0.818976	0.058009	0.570889	-0.112139	-0.991874	-0.060085	0.562764	-0.113227	0.818826
47422	1.969784	-0.483037	10.226688	-0.004935	-2.266125	-0.201730	-0.805772	0.057454	0.589432	-0.113852	-0.991746	-0.058969	0.581179	-0.114623	0.805663
47423	2.498399	-0.498054	10.291099	0.147275	-2.913607	-0.307631	-0.788128	0.057188	0.612848	-0.115477	-0.991732	-0.055961	0.604581	-0.114875	0.788216
47424	3.406886	-1.282322	9.949137	0.238318	-3.422514	-0.379887	-0.766519	0.057057	0.639682	-0.117003	-0.991783	-0.051740	0.631473	-0.114505	0.766896
47425	3.476998	-2.642239	9.796453	0.506938	-3.976914	-0.503103	-0.740188	0.057574	0.669931	-0.117563	-0.992062	-0.044634	0.662043	-0.111797	0.741080
47426	4.478110	-2.637913	10.732336	0.821056	-4.632124	-0.657598	-0.707932	0.059073	0.703806	-0.116793	-0.992568	-0.034168	0.696557	-0.106389	0.709570
47427	5.911141	-2.552160	10.341482	0.954098	-5.072284	-0.811860	-0.670715	0.061926	0.739126	-0.115621	-0.993056	-0.021719	0.732649	-0.100025	0.673217
47428	8.840758	-1.344885	11.971954	0.928366	-5.565516	-0.889831	-0.627855	0.065381	0.775580	-0.114471	-0.993386	-0.008925	0.769867	-0.094385	0.631186
47429	13.063361	-1.800760	12.983583	0.448509	-5.606307	-0.917300	-0.582636	0.069247	0.809778	-0.116543	-0.993185	0.001078	0.804334	-0.093746	0.586735
47430	16.332278	-2.877268	15.008985	0.142376	-5.175535	-0.903601	-0.539157	0.073335	0.839007	-0.120494	-0.992670	0.009335	0.833541	-0.096063	0.544041
47431	14.264194	-4.621275	13.330356	0.464297	-4.336263	-1.021364	-0.501245	0.079362	0.861658	-0.121933	-0.992327	0.020465	0.856671	-0.094807	0.507076
47432	11.152386	-3.791158	12.433832	0.940102	-4.261848	-1.161990	-0.462851	0.087001	0.882156	-0.119428	-0.992219	0.035194	0.878354	-0.089064	0.469640
47433	9.922224	-3.500671	12.345934	1.068098	-4.197085	-1.247173	-0.424075	0.095806	0.900545	-0.115519	-0.991988	0.051135	0.898229	-0.082345	0.431745
47434	6.721456	-2.615323	12.015427	1.237745	-3.968477	-1.308988	-0.386592	0.105711	0.916172	-0.109647	-0.991631	0.068151	0.915710	-0.074109	0.394947
47435	3.281394	-1.170059	12.127376	1.190382	-3.933404	-1.340748	-0.348805	0.116262	0.929956	-0.103630	-0.990975	0.085021	0.931448	-0.066716	0.357706
47436	0.011144	0.397331	12.010564	0.771580	-4.047720	-1.363586	-0.309409	0.127147	0.942391	-0.100925	-0.989814	0.100410	0.945558	-0.064043	0.319089
47437	-4.923576	-3.719644	11.094340	-0.046797	-3.941765	-1.080846	-0.270774	0.135230	0.953097	-0.104553	-0.988358	0.110529	0.956948	-0.069721	0.281760
47438	-2.794875	-7.322264	20.334613	0.245253	-4.263424	-0.621200	-0.229085	0.138347	0.963525	-0.103793	-0.987677	0.117137	0.967857	-0.073173	0.240621
47439	28.632651	-11.178616	16.974106	-0.062414	-4.431886	0.427004	-0.186400	0.130764	0.973733	-0.103559	-0.988197	0.112883	0.977001	-0.079797	0.197742
47440	21.852836	-8.026213	10.568088	2.555061	4.004076	-0.015655	-0.225397	0.133526	0.965074	-0.078748	-0.989820	0.118557	0.971079	-0.049275	0.233617
47441	-5.643901	0.204407	19.484920	2.559428	5.874123	0.563636	-0.282418	0.129893	0.950457	-0.052670	-0.991395	0.119837	0.957844	-0.016216	0.286830
47442	-8.283398	-5.313096	11.347427	-0.176653	3.737894	1.479876	-0.318782	0.115782	0.940730	-0.049955	-0.993184	0.105310	0.946511	-0.013424	0.322393
47443	-6.855296	-4.695303	7.513840	1.349302	4.071270	1.364081	-0.357597	0.102434	0.928241	-0.032705	-0.994730	0.097172	0.933303	0.004390	0.359063
47444	-7.457551	0.085020	7.088848	0.593736	3.609568	1.391784	-0.391442	0.088274	0.915959	-0.022043	-0.996002	0.086568	0.919939	0.013696	0.391823
