// General information: 
//  MT Manager version: 2022.2.0 
//  XDA version: 2022.2.0 build 7381 rev 124627 built on 2023-07-19
// Device information: 
//  DeviceId: 00B4CB9F
//  ProductCode: MTW2-3A7G6
//  Firmware Version: 4.6.0
//  Hardware Version: 2.0.0
// Device settings: 
//  Filter Profile: human(46.1)
//  Option Flags: Orientation Smoother Disabled, Position/Velocity Smoother Disabled, Continuous Zero Rotation Update Disabled, AHS Disabled, ICC Disabled
// Coordinate system: ENU
PacketCounter	Acc_X	Acc_Y	Acc_Z	Gyr_X	Gyr_Y	Gyr_Z	Mat[1][1]	Mat[2][1]	Mat[3][1]	Mat[1][2]	Mat[2][2]	Mat[3][2]	Mat[1][3]	Mat[2][3]	Mat[3][3]
51114	9.581241	0.090267	2.297282	0.021275	-0.032077	0.010468	0.263057	0.099439	0.959642	-0.316535	0.948511	-0.011517	-0.911376	-0.300730	0.280989
51115	9.542782	0.050905	2.317081	0.005045	-0.031849	0.004606	0.262708	0.099395	0.959742	-0.316569	0.948499	-0.011577	-0.911465	-0.300783	0.280643
51116	9.491883	0.005336	2.357218	-0.006916	-0.026868	0.000546	0.262414	0.099317	0.959831	-0.316516	0.948516	-0.011612	-0.911568	-0.300754	0.280340
51117	9.464895	-0.080683	2.370010	-0.012465	-0.023984	0.000393	0.262141	0.099259	0.959911	-0.316383	0.948560	-0.011684	-0.911693	-0.300636	0.280060
51118	9.428237	-0.100100	2.428280	-0.012985	-0.016040	0.000025	0.261948	0.099209	0.959969	-0.316273	0.948596	-0.011732	-0.911787	-0.300539	0.279860
51119	9.424040	-0.110750	2.480487	-0.007504	-0.010999	0.010163	0.261767	0.099274	0.960012	-0.316179	0.948625	-0.011883	-0.911871	-0.300425	0.279707
51120	9.423383	-0.165225	2.492301	-0.010613	-0.000246	0.012773	0.261678	0.099392	0.960024	-0.316124	0.948641	-0.012046	-0.911916	-0.300335	0.279659
51121	9.429060	-0.190194	2.488778	-0.008168	0.007624	0.015536	0.261652	0.099562	0.960013	-0.316049	0.948664	-0.012245	-0.911949	-0.300207	0.279686
51122	9.491051	-0.246820	2.451705	-0.002724	0.018655	0.022951	0.261703	0.099834	0.959971	-0.316093	0.948646	-0.012484	-0.911919	-0.300173	0.279820
51123	9.537485	-0.213756	2.464455	-0.003480	0.027576	0.023764	0.261828	0.100145	0.959905	-0.316092	0.948643	-0.012751	-0.911884	-0.300080	0.280036
51124	9.543307	-0.186161	2.451136	0.000453	0.032828	0.020979	0.262014	0.100440	0.959823	-0.316160	0.948617	-0.012962	-0.911807	-0.300061	0.280307
51125	9.567155	-0.175267	2.414629	-0.000643	0.042250	0.017206	0.262288	0.100741	0.959717	-0.316206	0.948599	-0.013156	-0.911712	-0.300017	0.280661
51126	9.533423	-0.186090	2.425514	-0.001942	0.046656	0.017335	0.262612	0.101044	0.959596	-0.316242	0.948585	-0.013338	-0.911606	-0.299962	0.281064
51127	9.469823	-0.132912	2.468408	-0.009406	0.052191	0.012377	0.262995	0.101324	0.959462	-0.316178	0.948604	-0.013510	-0.911518	-0.299808	0.281514
51128	9.465821	-0.124433	2.564198	-0.014699	0.054108	0.011044	0.263406	0.101589	0.959321	-0.316082	0.948633	-0.013668	-0.911433	-0.299624	0.281986
51129	9.468152	-0.086142	2.644698	-0.020760	0.070947	0.007804	0.263975	0.101880	0.959134	-0.315901	0.948691	-0.013828	-0.911331	-0.299341	0.282615
51130	9.470953	0.005486	2.714147	-0.038803	0.080320	0.000169	0.264660	0.102120	0.958920	-0.315557	0.948804	-0.013950	-0.911251	-0.298902	0.283335
51131	9.427308	0.115089	2.761352	-0.057868	0.087134	-0.005800	0.265414	0.102334	0.958688	-0.315016	0.948982	-0.014086	-0.911219	-0.298264	0.284110
51132	9.404667	0.111314	2.756357	-0.080908	0.091468	-0.013240	0.266242	0.102479	0.958443	-0.314252	0.949233	-0.014200	-0.911241	-0.297413	0.284930
51133	9.379228	0.034820	2.726292	-0.100281	0.089570	-0.022611	0.267075	0.102533	0.958206	-0.313254	0.949562	-0.014297	-0.911341	-0.296344	0.285723
51134	9.352204	-0.061194	2.658215	-0.111098	0.081940	-0.024447	0.267851	0.102541	0.957988	-0.312185	0.949912	-0.014391	-0.911480	-0.295215	0.286447
51135	9.877430	-0.165214	2.695141	-0.120540	0.082382	-0.026070	0.268626	0.102540	0.957771	-0.311006	0.950297	-0.014512	-0.911655	-0.293974	0.287165
51136	8.989023	-0.294501	2.460781	-0.106259	0.072330	-0.025300	0.269317	0.102511	0.957580	-0.309978	0.950632	-0.014586	-0.911802	-0.292900	0.287798
51137	9.401087	-0.249247	2.503602	-0.106916	0.069270	-0.019041	0.269953	0.102530	0.957399	-0.308909	0.950977	-0.014741	-0.911976	-0.291770	0.288392
51138	9.413371	-0.311471	2.589126	-0.098762	0.077960	-0.008748	0.270644	0.102672	0.957189	-0.307993	0.951271	-0.014953	-0.912081	-0.290761	0.289079
51139	9.518329	-0.269827	2.649195	-0.086458	0.093720	-0.006602	0.271458	0.102890	0.956935	-0.307193	0.951526	-0.015165	-0.912109	-0.289847	0.289906
51140	9.500957	-0.264028	2.590904	-0.077592	0.093465	0.002844	0.272255	0.103186	0.956677	-0.306502	0.951745	-0.015429	-0.912104	-0.289022	0.290744
51141	9.520044	-0.244165	2.651148	-0.066665	0.101148	0.004765	0.273107	0.103526	0.956397	-0.305895	0.951936	-0.015692	-0.912053	-0.288272	0.291648
51142	9.537755	-0.277726	2.724257	-0.055656	0.115300	0.009781	0.274082	0.103949	0.956072	-0.305423	0.952083	-0.015958	-0.911919	-0.287633	0.292697
51143	9.588646	-0.248915	2.780820	-0.046527	0.126110	0.012695	0.275129	0.104441	0.955717	-0.305036	0.952202	-0.016244	-0.911733	-0.287059	0.293837
51144	9.395239	-0.242967	2.763929	-0.033803	0.124647	0.016349	0.276169	0.104953	0.955361	-0.304782	0.952279	-0.016510	-0.911503	-0.286617	0.294978
51145	9.334469	-0.214729	2.809731	-0.020711	0.131914	0.023465	0.277233	0.105568	0.954986	-0.304688	0.952304	-0.016820	-0.911212	-0.286310	0.296175
51146	9.371737	-0.158933	2.837841	-0.019080	0.129791	0.023693	0.278297	0.106164	0.954610	-0.304589	0.952330	-0.017113	-0.910921	-0.286001	0.297366
51147	9.369204	-0.142440	2.887913	-0.018384	0.137589	0.025985	0.279409	0.106809	0.954213	-0.304475	0.952361	-0.017447	-0.910618	-0.285659	0.298619
51148	9.510257	-0.048723	2.845735	-0.036821	0.130507	0.022915	0.280481	0.107399	0.953832	-0.304213	0.952438	-0.017786	-0.910376	-0.285179	0.299812
51149	9.243149	-0.077006	2.768127	-0.062402	0.122022	0.016336	0.281479	0.107908	0.953481	-0.303689	0.952598	-0.018156	-0.910243	-0.284451	0.300907
51150	9.174233	-0.064654	2.741556	-0.088697	0.119260	0.009076	0.282490	0.108333	0.953133	-0.302916	0.952837	-0.018521	-0.910187	-0.283487	0.301983
51151	9.242559	-0.072702	2.736330	-0.111966	0.105717	-0.000879	0.283393	0.108631	0.952831	-0.301910	0.953150	-0.018872	-0.910241	-0.282321	0.302913
51152	9.420945	-0.167704	2.803792	-0.135524	0.109452	-0.012245	0.284379	0.108821	0.952516	-0.300650	0.953542	-0.019177	-0.910350	-0.280921	0.303885
51153	9.507875	-0.226067	2.824314	-0.148421	0.119025	-0.016195	0.285459	0.109000	0.952172	-0.299247	0.953977	-0.019493	-0.910475	-0.279370	0.304939
51154	9.297541	-0.371464	2.771411	-0.158118	0.130341	-0.022370	0.286666	0.109149	0.951793	-0.297752	0.954438	-0.019774	-0.910586	-0.277730	0.306104
51155	9.312299	-0.458844	2.857344	-0.146357	0.135151	-0.023854	0.287900	0.109303	0.951402	-0.296354	0.954868	-0.020023	-0.910652	-0.276187	0.307299
51156	9.335485	-0.477930	3.004241	-0.131586	0.149128	-0.023236	0.289280	0.109491	0.950962	-0.295098	0.955253	-0.020217	-0.910623	-0.274778	0.308647
51157	9.751563	-0.435493	3.223793	-0.110714	0.167949	-0.020082	0.290808	0.109765	0.950464	-0.294024	0.955580	-0.020394	-0.910484	-0.273529	0.310164
51158	9.231233	-0.345672	3.143394	-0.096906	0.219291	-0.008111	0.292782	0.110285	0.949798	-0.293128	0.955851	-0.020630	-0.910140	-0.272372	0.312183
51159	9.071451	-0.203781	3.140374	-0.090264	0.196249	-0.010138	0.294510	0.110745	0.949210	-0.292323	0.956092	-0.020850	-0.909841	-0.271336	0.313952
51160	9.179721	-0.079261	3.187085	-0.094073	0.176708	-0.020730	0.296132	0.111026	0.948672	-0.291415	0.956367	-0.020960	-0.909606	-0.270251	0.315565
51161	9.281810	0.050244	3.199428	-0.107692	0.166032	-0.027571	0.297648	0.111222	0.948175	-0.290354	0.956687	-0.021073	-0.909450	-0.269034	0.317050
51162	9.249309	-0.004723	3.052479	-0.137095	0.148715	-0.039148	0.299068	0.111246	0.947725	-0.289000	0.957096	-0.021148	-0.909416	-0.267568	0.318386
51163	8.965969	-0.234423	2.944718	-0.165483	0.114811	-0.045722	0.300163	0.111135	0.947392	-0.287410	0.957571	-0.021268	-0.909559	-0.265906	0.319369
51164	9.002125	-0.542720	2.867714	-0.174683	0.075576	-0.041198	0.300922	0.110941	0.947174	-0.285707	0.958077	-0.021447	-0.909845	-0.264160	0.320003
51165	9.120359	-0.734830	2.823346	-0.170592	0.051837	-0.031574	0.301402	0.110793	0.947039	-0.284095	0.958550	-0.021725	-0.910191	-0.262501	0.320384
51166	9.317467	-0.918440	2.834562	-0.153808	0.042656	-0.010245	0.301772	0.110807	0.946919	-0.282673	0.958961	-0.022132	-0.910511	-0.260990	0.320710
51167	9.367560	-0.963828	2.857009	-0.129846	0.040134	0.000512	0.302053	0.110939	0.946814	-0.281532	0.959286	-0.022585	-0.910771	-0.259737	0.320988
51168	9.348241	-0.898132	2.873117	-0.098584	0.041202	0.015244	0.302339	0.111192	0.946693	-0.280690	0.959521	-0.023057	-0.910936	-0.258756	0.321311
51169	9.212355	-0.790916	2.916893	-0.070381	0.029106	0.014622	0.302475	0.111434	0.946621	-0.280136	0.959674	-0.023459	-0.911061	-0.258087	0.321494
51170	9.132205	-0.526790	3.025590	-0.038405	0.022916	0.006833	0.302618	0.111560	0.946561	-0.279817	0.959762	-0.023657	-0.911112	-0.257704	0.321657
51171	9.057133	-0.337685	3.139499	-0.021834	0.012021	-0.011118	0.302679	0.111512	0.946547	-0.279639	0.959814	-0.023655	-0.911146	-0.257531	0.321699
51172	9.139069	-0.148090	3.205741	-0.022514	0.010222	-0.032230	0.302815	0.111230	0.946536	-0.279346	0.959905	-0.023433	-0.911191	-0.257315	0.321745
51173	9.173625	-0.027115	3.305870	-0.036256	0.005862	-0.052146	0.302917	0.110782	0.946556	-0.278952	0.960028	-0.023089	-0.911278	-0.257049	0.321712
51174	9.246476	0.044462	3.320759	-0.054221	0.013892	-0.064858	0.303177	0.110196	0.946541	-0.278271	0.960235	-0.022660	-0.911399	-0.256525	0.321786
51175	9.219537	0.052050	3.398674	-0.081712	0.017034	-0.065230	0.303429	0.109655	0.946523	-0.277458	0.960478	-0.022327	-0.911563	-0.255846	0.321862
51176	9.171702	-0.016071	3.434098	-0.118683	0.014922	-0.059039	0.303681	0.109127	0.946504	-0.276207	0.960843	-0.022160	-0.911859	-0.254701	0.321932
51177	9.625888	-0.095582	3.534294	-0.158600	0.020394	-0.051616	0.303936	0.108708	0.946470	-0.274654	0.961286	-0.022211	-0.912243	-0.253201	0.322026
51178	9.094368	-0.228933	3.368156	-0.189611	0.057219	-0.040448	0.304521	0.108464	0.946310	-0.272811	0.961806	-0.022450	-0.912601	-0.251327	0.322481
51179	8.417228	-0.444694	3.287399	-0.202247	0.037022	-0.043902	0.304892	0.108162	0.946225	-0.270893	0.962341	-0.022718	-0.913049	-0.249399	0.322711
51180	8.654512	-0.587447	3.401248	-0.199049	0.032751	-0.043491	0.305262	0.107826	0.946144	-0.268952	0.962880	-0.022959	-0.913499	-0.247459	0.322930
51181	8.769733	-0.648428	3.461119	-0.176615	0.031680	-0.044465	0.305575	0.107511	0.946079	-0.267285	0.963340	-0.023141	-0.913883	-0.245801	0.323109
51182	9.011118	-0.593135	3.498148	-0.165037	0.033274	-0.047409	0.305958	0.107137	0.945997	-0.265641	0.963792	-0.023237	-0.914234	-0.244187	0.323340
51183	9.159275	-0.642362	3.553548	-0.156526	0.028927	-0.067130	0.306295	0.106599	0.945949	-0.264096	0.964219	-0.023144	-0.914569	-0.242733	0.323488
51184	9.209331	-0.700817	3.660355	-0.154180	0.023655	-0.092431	0.306707	0.105766	0.945909	-0.262413	0.964687	-0.022779	-0.914915	-0.241232	0.323631
51185	9.350307	-0.812974	3.776210	-0.152307	0.013849	-0.102460	0.307012	0.104865	0.945911	-0.260858	0.965119	-0.022328	-0.915258	-0.239893	0.323658
51186	9.594936	-0.955220	3.921741	-0.156058	0.038135	-0.089798	0.307547	0.104091	0.945822	-0.259164	0.965583	-0.021995	-0.915559	-0.238359	0.323939
51187	9.230827	-1.399269	3.739778	-0.146309	0.046384	-0.084294	0.308100	0.103442	0.945714	-0.257699	0.965981	-0.021704	-0.915787	-0.237023	0.324276
51188	8.999091	-1.715143	3.607142	-0.097275	0.037869	-0.063912	0.308564	0.102916	0.945620	-0.256622	0.966274	-0.021426	-0.915933	-0.236056	0.324568
51189	8.984638	-1.880076	3.530080	-0.025375	0.022155	-0.049818	0.308802	0.102541	0.945583	-0.256335	0.966358	-0.021082	-0.915933	-0.235876	0.324698
51190	9.127678	-1.918060	3.552241	0.065084	0.018372	-0.041728	0.309030	0.102183	0.945547	-0.256813	0.966244	-0.020487	-0.915723	-0.236498	0.324840
51191	9.277425	-1.798401	3.707831	0.156270	0.035317	-0.040685	0.309343	0.101940	0.945471	-0.258237	0.965882	-0.019650	-0.915216	-0.238077	0.325113
51192	9.314721	-1.623481	3.966757	0.228250	0.066186	-0.044994	0.310017	0.101666	0.945279	-0.260196	0.965379	-0.018493	-0.914433	-0.240225	0.325737
51193	9.234570	-1.332937	4.161625	0.286523	0.104472	-0.045805	0.310989	0.101573	0.944970	-0.262883	0.964675	-0.017176	-0.913334	-0.243075	0.326705
51194	9.166892	-1.102683	4.186138	0.323467	0.134653	-0.052479	0.312310	0.101398	0.944553	-0.265683	0.963934	-0.015632	-0.912072	-0.246069	0.327985
51195	9.084083	-0.950055	4.202429	0.339273	0.165691	-0.055603	0.313887	0.101364	0.944034	-0.268748	0.963108	-0.014054	-0.910631	-0.249296	0.329549
51196	9.017932	-0.901252	4.254837	0.345559	0.201725	-0.068083	0.315859	0.101216	0.943392	-0.271690	0.962307	-0.012281	-0.909075	-0.252431	0.331453
51197	8.958759	-0.803166	4.209287	0.350876	0.238390	-0.077410	0.318122	0.101176	0.942636	-0.274803	0.961444	-0.010454	-0.907349	-0.255713	0.333660
51198	8.992301	-0.634771	4.070792	0.351522	0.259042	-0.082498	0.320650	0.101051	0.941792	-0.277737	0.960619	-0.008511	-0.905564	-0.258842	0.336089
51199	8.895984	-0.199887	3.690701	0.356342	0.254999	-0.105744	0.323144	0.100801	0.940966	-0.280780	0.959751	-0.006389	-0.903737	-0.262140	0.338441
51200	8.983712	0.323802	3.092037	0.312895	0.201520	-0.134317	0.325295	0.100045	0.940306	-0.283182	0.959058	-0.004075	-0.902215	-0.264952	0.340307
51201	9.232549	0.629926	2.642863	0.232922	0.142058	-0.166506	0.326937	0.098938	0.939853	-0.284938	0.958544	-0.001787	-0.901067	-0.267215	0.341575
51202	9.544061	0.618587	2.331122	0.148881	0.086339	-0.197208	0.328230	0.097280	0.939575	-0.285645	0.958335	0.000564	-0.900373	-0.268570	0.342342
51203	9.807280	0.360571	2.169568	0.101933	0.063037	-0.207843	0.329301	0.095556	0.939377	-0.286034	0.958215	0.002798	-0.899858	-0.269616	0.342873
51204	9.935938	-0.077061	2.219079	0.086578	0.061965	-0.194679	0.330367	0.093859	0.939174	-0.286184	0.958162	0.004912	-0.899420	-0.270399	0.343407
51205	9.848258	-0.489723	2.344707	0.099007	0.080303	-0.165111	0.331476	0.092584	0.938910	-0.286656	0.958010	0.006735	-0.898862	-0.271377	0.344097
51206	9.721854	-0.874015	2.677824	0.132848	0.114949	-0.135492	0.332849	0.091600	0.938521	-0.287413	0.957770	0.008453	-0.898112	-0.272556	0.345120
51207	9.580435	-1.053439	2.990800	0.190611	0.163391	-0.092646	0.334482	0.091238	0.937975	-0.288899	0.957308	0.009903	-0.897028	-0.274292	0.346561
51208	9.521041	-1.102024	3.293523	0.265483	0.202466	-0.076457	0.336471	0.091065	0.937280	-0.291034	0.956643	0.011531	-0.895593	-0.276661	0.348386
51209	9.900229	-0.757296	3.753253	0.343303	0.252786	-0.071693	0.338836	0.091180	0.936417	-0.293993	0.955715	0.013320	-0.893733	-0.279813	0.350637
51210	9.502047	-0.276366	4.054975	0.383293	0.337121	-0.077667	0.342027	0.091388	0.935236	-0.297163	0.954703	0.015386	-0.891466	-0.283180	0.353692
51211	8.851345	0.077843	4.221573	0.396868	0.375027	-0.105442	0.345561	0.091538	0.933921	-0.300412	0.953646	0.017685	-0.889011	-0.286672	0.357042
51212	8.291985	0.310071	4.372288	0.410517	0.353273	-0.136010	0.349060	0.091261	0.932646	-0.303597	0.952582	0.020415	-0.886558	-0.290275	0.360215
51213	8.441476	0.766462	4.645137	0.402760	0.309463	-0.149923	0.352131	0.090875	0.931529	-0.306866	0.951470	0.023180	-0.884216	-0.294017	0.362928
51214	8.713641	1.200912	4.804571	0.362068	0.264980	-0.164685	0.354930	0.090092	0.930542	-0.309495	0.950545	0.026020	-0.882178	-0.297233	0.365260
51215	8.848671	1.456791	5.014447	0.257281	0.215961	-0.182252	0.357297	0.089126	0.929729	-0.311294	0.949884	0.028573	-0.880588	-0.299628	0.367135
51216	8.949405	1.613262	5.287538	0.143585	0.179762	-0.193288	0.359433	0.087830	0.929028	-0.311879	0.949620	0.030887	-0.879511	-0.300846	0.368717
51217	9.086764	1.739533	5.833330	-0.011776	0.167897	-0.183518	0.361401	0.086683	0.928373	-0.311215	0.949785	0.032469	-0.878939	-0.300658	0.370230
51218	9.453550	1.911346	6.515522	-0.183368	0.216581	-0.166641	0.363773	0.085749	0.927532	-0.309014	0.950474	0.033323	-0.878738	-0.298742	0.372254
51219	9.050200	1.810385	6.760307	-0.360451	0.281711	-0.167288	0.366706	0.085097	0.926437	-0.305382	0.951642	0.033465	-0.878788	-0.295189	0.374960
51220	8.759711	1.573188	7.053649	-0.489631	0.344669	-0.172583	0.370211	0.084463	0.925100	-0.300457	0.953217	0.033208	-0.879016	-0.290247	0.378269
51221	9.012156	1.389371	7.412604	-0.600548	0.450595	-0.174547	0.374640	0.084196	0.923339	-0.294678	0.955044	0.032477	-0.879096	-0.284255	0.382609
51222	8.940064	0.922904	7.529927	-0.690764	0.584593	-0.170422	0.380227	0.084210	0.921051	-0.287978	0.957123	0.031375	-0.878917	-0.277172	0.388175
51223	8.889854	0.222213	7.518058	-0.692591	0.712204	-0.165699	0.386921	0.084678	0.918217	-0.281414	0.959113	0.030133	-0.878122	-0.270059	0.394930
51224	8.583153	-0.432718	7.519946	-0.615986	0.784615	-0.129000	0.394117	0.085536	0.915071	-0.275521	0.960862	0.028849	-0.876790	-0.263491	0.402259
51225	8.368611	-0.505654	7.175792	-0.488675	0.796056	-0.049761	0.401194	0.087262	0.911827	-0.271231	0.962128	0.027262	-0.874916	-0.258253	0.409668
51226	8.233704	-0.373385	6.706262	-0.368672	0.728727	0.038952	0.407410	0.089507	0.908848	-0.268182	0.963034	0.025374	-0.872981	-0.254074	0.416354
51227	8.429547	-0.490243	6.046269	-0.246899	0.610173	0.105460	0.412423	0.092206	0.906314	-0.266660	0.963509	0.023320	-0.871091	-0.251295	0.421960
51228	8.692698	-0.310082	4.977980	-0.125750	0.500333	0.138296	0.416361	0.094796	0.904244	-0.266154	0.963690	0.021524	-0.869371	-0.249630	0.426473
51229	9.051631	0.263964	3.602231	-0.071602	0.404869	0.119692	0.419531	0.097116	0.902531	-0.266259	0.963692	0.020071	-0.867813	-0.248728	0.430157
51230	9.522862	0.397974	2.279347	-0.110859	0.373503	0.074164	0.422526	0.098761	0.900954	-0.265626	0.963891	0.018913	-0.866553	-0.247308	0.433502
51231	9.808259	0.127823	1.633144	-0.178461	0.410291	0.061183	0.425882	0.100527	0.899177	-0.264592	0.964201	0.017523	-0.865226	-0.245378	0.437235
51232	9.789523	-0.776132	1.535505	-0.153963	0.497417	0.120571	0.429816	0.102910	0.897033	-0.263794	0.964450	0.015753	-0.863522	-0.243403	0.441683
51233	9.560863	-1.824617	1.716524	-0.005356	0.599546	0.224007	0.434351	0.106692	0.894403	-0.264964	0.964162	0.013661	-0.860891	-0.242918	0.447054
51234	8.791675	-2.707504	1.677483	0.246834	0.668952	0.357335	0.439098	0.111771	0.891460	-0.268661	0.963165	0.011571	-0.857330	-0.244581	0.452952
51235	8.127888	-3.109210	1.790973	0.521316	0.655064	0.461577	0.443389	0.118010	0.888527	-0.275425	0.961273	0.009770	-0.852964	-0.249054	0.458721
51236	7.915819	-3.018208	2.057628	0.766113	0.590181	0.535941	0.446863	0.124649	0.885876	-0.284344	0.958684	0.008538	-0.848211	-0.255709	0.463843
51237	7.655136	-2.542660	2.263898	0.926733	0.510199	0.585528	0.449412	0.131784	0.883550	-0.295104	0.955435	0.007597	-0.843174	-0.264153	0.468274
51238	7.822044	-1.913409	2.533759	1.020352	0.459270	0.613133	0.451383	0.138869	0.881459	-0.306460	0.951858	0.006974	-0.838055	-0.273279	0.472210
51239	7.784440	-1.304860	2.896243	1.068354	0.441474	0.614426	0.453062	0.146176	0.879413	-0.318528	0.947891	0.006543	-0.832631	-0.283082	0.476014
51240	7.490948	-0.836321	3.181673	1.058534	0.419588	0.597438	0.454561	0.153037	0.877470	-0.330042	0.943945	0.006343	-0.827313	-0.292486	0.479589
51241	7.368905	-0.442337	3.514300	1.008887	0.402741	0.571698	0.455864	0.159870	0.875574	-0.341342	0.939919	0.006099	-0.821993	-0.301651	0.483046
51242	7.319856	-0.103322	3.918166	0.944006	0.379620	0.549755	0.457025	0.166190	0.873790	-0.351605	0.936130	0.005856	-0.817008	-0.309906	0.486268
51243	7.362235	0.244678	4.262121	0.864568	0.362902	0.536618	0.457957	0.172607	0.872056	-0.361507	0.932354	0.005302	-0.812150	-0.317683	0.489377
51244	7.450355	0.635407	4.550004	0.791567	0.351298	0.524335	0.458838	0.178616	0.870382	-0.370339	0.928885	0.004610	-0.807661	-0.324452	0.492356
51245	7.468019	1.033730	4.831489	0.716827	0.337656	0.486387	0.459665	0.184395	0.868739	-0.378536	0.925578	0.003830	-0.803379	-0.330610	0.495256
51246	7.426349	1.391894	5.173952	0.635393	0.327038	0.422249	0.460627	0.189388	0.867154	-0.385590	0.922664	0.003311	-0.799465	-0.335891	0.498030
51247	7.426942	1.866479	5.550647	0.549503	0.310947	0.335761	0.461732	0.193688	0.865614	-0.391701	0.920088	0.003063	-0.795848	-0.340476	0.500702
51248	7.330242	2.371403	5.974127	0.448523	0.313701	0.231110	0.463268	0.196886	0.864071	-0.396350	0.918093	0.003306	-0.792647	-0.344006	0.503359
51249	7.469063	3.038965	6.612378	0.320872	0.330519	0.124117	0.465325	0.199308	0.862409	-0.399632	0.916668	0.003779	-0.789789	-0.346404	0.506198
51250	7.078047	3.401355	7.061637	0.123207	0.365723	0.015163	0.468103	0.200715	0.860577	-0.400692	0.916203	0.004265	-0.787607	-0.346823	0.509302
51251	6.696338	3.486552	7.458413	-0.068712	0.379192	-0.078858	0.471349	0.201430	0.858636	-0.399930	0.916535	0.004529	-0.786058	-0.345529	0.512565
51252	6.375994	3.405961	7.599282	-0.273128	0.377580	-0.144139	0.474844	0.201407	0.856714	-0.397121	0.917756	0.004352	-0.785378	-0.342285	0.515774
51253	6.334506	3.208494	7.647529	-0.493785	0.349203	-0.187894	0.478287	0.200977	0.854897	-0.392480	0.919755	0.003355	-0.785621	-0.337134	0.518786
51254	6.349243	2.831366	7.816586	-0.706172	0.321571	-0.219151	0.481623	0.200032	0.853245	-0.385895	0.922542	0.001544	-0.786845	-0.330006	0.521509
51255	6.560628	2.266492	7.847939	-0.885483	0.308339	-0.234332	0.484916	0.198971	0.851626	-0.377909	0.925842	-0.001129	-0.788696	-0.321290	0.524149
51256	6.578474	1.642528	7.792902	-1.011130	0.291678	-0.249151	0.488105	0.197584	0.850126	-0.368729	0.929527	-0.004330	-0.791070	-0.311353	0.526562
51257	6.704681	1.200020	7.570156	-1.100531	0.272626	-0.260372	0.491190	0.196090	0.848694	-0.358853	0.933360	-0.007962	-0.793698	-0.300645	0.528825
51258	7.005151	0.897335	7.461304	-1.191503	0.237262	-0.271719	0.493992	0.194251	0.847489	-0.348058	0.937396	-0.011979	-0.796760	-0.289058	0.530677
51259	7.046014	0.683554	7.200834	-1.282182	0.203877	-0.284463	0.496578	0.192253	0.846433	-0.336532	0.941529	-0.016419	-0.800098	-0.276699	0.532242
51260	7.121157	0.509093	6.903276	-1.328064	0.133795	-0.302551	0.498605	0.189765	0.845803	-0.324396	0.945689	-0.020942	-0.803841	-0.263933	0.533085
51261	7.266345	0.313014	6.580342	-1.270068	0.072811	-0.302861	0.500145	0.187182	0.845469	-0.312774	0.949494	-0.025189	-0.807482	-0.251842	0.533430
51262	7.347871	0.019043	6.161470	-1.145550	0.014842	-0.278654	0.501077	0.184575	0.845490	-0.302129	0.952827	-0.028951	-0.810950	-0.240940	0.533205
51263	7.266494	-0.557899	5.910275	-0.950186	-0.017092	-0.214127	0.501567	0.182593	0.845630	-0.293461	0.955427	-0.032241	-0.813825	-0.231988	0.532795
51264	6.912374	-1.188493	5.535119	-0.699378	-0.064257	-0.134308	0.501389	0.181169	0.846042	-0.287108	0.957265	-0.034837	-0.816198	-0.225438	0.531976
51265	6.030032	-1.582161	4.419907	-0.438137	-0.199245	-0.027396	0.499830	0.180570	0.847092	-0.283523	0.958252	-0.036972	-0.818404	-0.221690	0.530159
51266	5.302168	-1.693961	2.786432	-0.289485	-0.445784	0.077649	0.495910	0.180338	0.849442	-0.281557	0.958745	-0.039169	-0.821461	-0.219742	0.526227
51267	5.564655	-1.725648	1.412848	-0.213721	-0.713894	0.160171	0.489569	0.180427	0.853093	-0.280731	0.958880	-0.041696	-0.825537	-0.219076	0.520090
51268	6.265890	-1.896436	0.646875	-0.160436	-0.941894	0.209519	0.481137	0.180380	0.857887	-0.280440	0.958848	-0.044326	-0.830579	-0.219259	0.511922
51269	7.578523	-1.938518	0.663743	-0.138534	-1.084936	0.214969	0.471474	0.180182	0.863277	-0.280461	0.958718	-0.046930	-0.836094	-0.219989	0.502545
51270	8.552418	-1.917839	1.245027	-0.122492	-1.151037	0.199282	0.461213	0.179563	0.868930	-0.280383	0.958623	-0.049276	-0.841824	-0.220907	0.492476
51271	9.468466	-1.814831	2.093969	-0.104641	-1.177327	0.192023	0.450658	0.179026	0.874561	-0.280767	0.958393	-0.051508	-0.847394	-0.222335	0.482172
51272	11.224428	-1.538937	3.648304	-0.092823	-1.100629	0.216318	0.440649	0.178654	0.879722	-0.280963	0.958206	-0.053860	-0.852578	-0.223436	0.472427
51273	13.155732	-1.185521	6.259760	-0.026097	-0.918379	0.220094	0.432105	0.178925	0.883895	-0.282082	0.957756	-0.055977	-0.856572	-0.225143	0.464323
51274	15.837077	-0.915646	11.575700	0.144489	-0.524217	0.143284	0.427157	0.179119	0.886258	-0.283957	0.957166	-0.056588	-0.858432	-0.227487	0.459722
51275	15.793682	-1.179023	14.940742	0.490030	0.015771	0.129345	0.426851	0.180606	0.886104	-0.289080	0.955693	-0.055535	-0.856873	-0.232449	0.460148
51276	10.649906	0.107681	10.313345	0.872469	-0.137495	0.320332	0.424687	0.183346	0.886581	-0.297932	0.953037	-0.054375	-0.854914	-0.241049	0.459367
51277	9.335659	3.156816	5.119416	0.733713	-0.800000	0.496795	0.416274	0.186334	0.889941	-0.306683	0.950192	-0.055497	-0.855957	-0.249828	0.452686
51278	9.580451	5.468155	2.422161	0.273326	-1.085493	0.585050	0.405107	0.189158	0.894487	-0.311451	0.948397	-0.059504	-0.859585	-0.254484	0.443116
51279	8.037617	6.989458	0.119514	-0.279797	-1.119168	0.569658	0.393622	0.191891	0.899021	-0.311655	0.947909	-0.065873	-0.864831	-0.254256	0.432922
51280	5.999915	7.042166	-1.120672	-0.919547	-1.105048	0.422289	0.382675	0.193131	0.903471	-0.305330	0.949396	-0.073622	-0.871971	-0.247683	0.422279
51281	5.829630	5.493728	-0.215603	-1.443838	-1.114128	0.229926	0.372176	0.192729	0.907932	-0.293808	0.952364	-0.081724	-0.880433	-0.236342	0.411072
51282	7.155526	2.415917	0.884327	-1.805323	-1.107896	0.094773	0.362050	0.191107	0.912358	-0.278198	0.956306	-0.089915	-0.889677	-0.221263	0.399396
51283	9.227631	-1.132748	0.587920	-1.929831	-1.110489	0.080813	0.351860	0.189582	0.916653	-0.261449	0.960206	-0.098232	-0.898799	-0.205094	0.387424
51284	11.444442	-3.619760	0.021408	-1.814589	-1.135900	0.157814	0.341153	0.188868	0.920839	-0.245629	0.963483	-0.106613	-0.907348	-0.189813	0.375086
51285	12.134929	-5.525167	-0.170474	-1.507255	-1.112848	0.235566	0.330415	0.189141	0.924690	-0.232843	0.965769	-0.114344	-0.914664	-0.177526	0.363145
51286	11.460774	-6.595760	0.295730	-0.992205	-1.053080	0.283000	0.320056	0.190058	0.928139	-0.224680	0.966950	-0.120528	-0.920371	-0.169958	0.352181
51287	10.409970	-6.553056	0.761669	-0.397581	-0.958787	0.302430	0.310483	0.191432	0.931104	-0.222158	0.966999	-0.124732	-0.924254	-0.168124	0.342765
51288	9.585790	-5.293074	1.179586	0.141823	-0.877699	0.317597	0.301602	0.193024	0.933690	-0.224462	0.966142	-0.127227	-0.926635	-0.171206	0.334717
51289	9.024068	-3.453190	1.618952	0.545267	-0.889861	0.312507	0.292573	0.194575	0.936238	-0.230656	0.964530	-0.128375	-0.928008	-0.178390	0.327075
51290	9.644930	-1.393773	2.555116	0.759634	-0.886357	0.321221	0.283541	0.196059	0.938704	-0.238654	0.962506	-0.128944	-0.928789	-0.187464	0.319700
51291	9.169281	-0.256533	3.218486	0.750824	-0.885909	0.309944	0.274484	0.197432	0.941105	-0.246721	0.960392	-0.129519	-0.929401	-0.196640	0.312323
51292	9.761720	-0.335859	3.687560	0.594484	-0.889659	0.283775	0.265453	0.198382	0.943493	-0.253035	0.958632	-0.130374	-0.930327	-0.204129	0.304669
51293	9.145875	-1.099752	3.729626	0.403582	-0.839250	0.267061	0.256889	0.199284	0.945671	-0.257696	0.957207	-0.131713	-0.931451	-0.209860	0.297250
51294	8.503737	-2.390474	3.637417	0.260008	-0.842296	0.251224	0.248336	0.199912	0.947821	-0.260774	0.956147	-0.133344	-0.932913	-0.214053	0.289577
51295	8.596892	-3.524579	3.609759	0.189862	-0.839749	0.232665	0.239820	0.200399	0.949909	-0.263306	0.955214	-0.135042	-0.934428	-0.217731	0.281846
51296	8.570399	-4.415251	3.068291	0.228672	-0.832629	0.218283	0.231406	0.200663	0.951938	-0.265978	0.954266	-0.136498	-0.935792	-0.221608	0.274195
51297	10.341131	-3.945059	2.864430	0.345289	-0.797362	0.178266	0.223385	0.200676	0.953849	-0.269870	0.953057	-0.137307	-0.936627	-0.226743	0.267055
51298	9.365628	-3.035860	2.734867	0.433723	-0.738156	0.137309	0.216045	0.200298	0.955618	-0.274254	0.951778	-0.137490	-0.937075	-0.232378	0.260560
51299	8.874477	-1.796257	3.228387	0.512165	-0.712838	0.130173	0.208927	0.199958	0.957270	-0.279573	0.950232	-0.137470	-0.937117	-0.238906	0.254432
51300	8.709319	-0.461336	3.226868	0.465467	-0.719274	0.124434	0.201785	0.199408	0.958916	-0.284210	0.948850	-0.137508	-0.937287	-0.244787	0.248137
51301	8.694321	0.088574	2.872095	0.326973	-0.708620	0.103607	0.194778	0.198728	0.960504	-0.287681	0.947767	-0.137755	-0.937710	-0.249487	0.241775
51302	8.903913	0.191668	2.691515	0.145302	-0.744206	0.070226	0.187543	0.197534	0.962189	-0.289198	0.947256	-0.138100	-0.938719	-0.252363	0.234777
51303	9.008600	-0.072322	2.385423	-0.081504	-0.750616	0.028761	0.180345	0.195988	0.963880	-0.288672	0.947341	-0.138614	-0.940289	-0.253246	0.227425
51304	8.695514	-0.964191	2.036674	-0.273461	-0.819889	-0.014052	0.172616	0.193791	0.965737	-0.286091	0.948051	-0.139106	-0.942526	-0.252277	0.219091
51305	9.009911	-1.808380	1.718298	-0.363204	-0.854441	-0.028926	0.164576	0.191439	0.967608	-0.282791	0.948961	-0.139651	-0.944957	-0.250648	0.210313
51306	9.408641	-2.310515	1.487775	-0.354916	-0.901968	-0.025545	0.156062	0.188952	0.969506	-0.279410	0.949888	-0.140151	-0.947404	-0.249018	0.201037
51307	8.796913	-2.518946	1.203058	-0.304877	-0.944440	-0.033033	0.147139	0.186360	0.971401	-0.276635	0.950652	-0.140478	-0.949644	-0.248054	0.191431
51308	10.095022	-2.469144	1.816389	-0.238393	-0.953921	-0.047583	0.138150	0.183552	0.973254	-0.274319	0.951323	-0.140477	-0.951664	-0.247575	0.181777
51309	9.220503	-2.348525	1.731264	-0.158901	-0.937098	-0.086818	0.129411	0.180470	0.975030	-0.272819	0.951830	-0.139966	-0.953322	-0.247893	0.172413
51310	9.263539	-1.841758	1.876815	-0.078616	-0.957123	-0.112405	0.120534	0.177031	0.976797	-0.271946	0.952218	-0.139019	-0.954734	-0.248880	0.162918
51311	9.343125	-1.583816	2.214391	-0.029992	-0.977125	-0.120327	0.111483	0.173507	0.978502	-0.271614	0.952469	-0.137946	-0.955928	-0.250396	0.153311
51312	9.470090	-1.762515	2.399054	-0.014954	-0.961671	-0.123552	0.102569	0.169924	0.980105	-0.271357	0.952711	-0.136777	-0.956998	-0.251929	0.143828
51313	9.304700	-1.827363	2.416255	-0.005969	-0.948419	-0.128582	0.093796	0.166363	0.981593	-0.271261	0.952909	-0.135581	-0.957925	-0.253551	0.134507
51314	9.510028	-2.053312	2.622158	-0.000110	-0.908671	-0.117067	0.085354	0.162945	0.982936	-0.271173	0.953094	-0.134451	-0.958739	-0.255070	0.125537
51315	9.455499	-2.290059	2.758170	0.016348	-0.851042	-0.097217	0.077421	0.159903	0.984092	-0.271317	0.953182	-0.133535	-0.959371	-0.256662	0.117180
51316	9.466372	-2.506205	2.938085	0.034410	-0.793625	-0.069298	0.069942	0.157207	0.985086	-0.271613	0.953195	-0.132833	-0.959862	-0.258272	0.109368
51317	9.685421	-2.715310	3.080761	0.052039	-0.736358	-0.041580	0.062955	0.154969	0.985911	-0.272141	0.953100	-0.132434	-0.960196	-0.259970	0.102176
51318	9.307682	-2.787568	2.950753	0.045622	-0.674712	-0.018420	0.056474	0.153043	0.986605	-0.272586	0.953002	-0.132227	-0.960473	-0.261467	0.095537
51319	9.100626	-2.615473	2.928010	0.001165	-0.656187	-0.035097	0.050237	0.151064	0.987247	-0.272653	0.953021	-0.131952	-0.960800	-0.262547	0.089065
51320	9.346583	-2.106560	2.600083	-0.066210	-0.651535	-0.075038	0.044128	0.148645	0.987906	-0.271999	0.953300	-0.131288	-0.961285	-0.262915	0.082498
51321	10.102429	-1.002275	2.257303	-0.173669	-0.692878	-0.164031	0.037889	0.145339	0.988656	-0.270301	0.953975	-0.129882	-0.962030	-0.262313	0.075430
51322	11.139858	0.630183	2.440952	-0.334092	-0.666207	-0.284301	0.032188	0.140894	0.989501	-0.267002	0.955247	-0.127331	-0.963158	-0.260100	0.068367
51323	10.819531	1.664932	2.569647	-0.541409	-0.621650	-0.425969	0.027305	0.135292	0.990430	-0.261696	0.957211	-0.123540	-0.964764	-0.255819	0.061542
51324	11.038856	2.039359	3.182349	-0.737073	-0.569003	-0.535576	0.023140	0.128730	0.991410	-0.254460	0.959773	-0.118683	-0.966806	-0.249528	0.054966
51325	10.539183	1.849355	3.359882	-0.852097	-0.502437	-0.597015	0.019769	0.121818	0.992356	-0.246049	0.962617	-0.113266	-0.969056	-0.241929	0.049003
51326	9.991675	1.372840	3.676268	-0.901684	-0.439619	-0.608511	0.016923	0.114916	0.993231	-0.237207	0.965475	-0.107663	-0.971312	-0.233779	0.043597
51327	9.245898	0.910005	3.985480	-0.957526	-0.361723	-0.564834	0.014729	0.108677	0.993968	-0.227705	0.968321	-0.102498	-0.973619	-0.224822	0.039009
51328	8.669356	0.067961	3.722454	-1.032795	-0.313488	-0.476933	0.012684	0.103374	0.994562	-0.217589	0.971092	-0.098159	-0.975958	-0.215161	0.034811
51329	8.702937	-0.938563	3.221805	-1.132100	-0.284538	-0.381846	0.010736	0.099113	0.995018	-0.206329	0.973881	-0.094781	-0.978424	-0.204283	0.030905
51330	9.105468	-1.839905	2.624449	-1.211403	-0.272787	-0.331666	0.008677	0.095349	0.995406	-0.194446	0.976603	-0.091853	-0.980875	-0.192756	0.027015
51331	9.412954	-2.551316	2.127874	-1.251934	-0.256761	-0.344992	0.006837	0.091550	0.995777	-0.181911	0.979298	-0.088786	-0.983291	-0.180536	0.023349
51332	9.790158	-3.221763	1.644557	-1.237162	-0.293666	-0.430386	0.004652	0.086830	0.996212	-0.169725	0.981837	-0.084785	-0.985480	-0.168688	0.019305
51333	11.807626	-3.158680	2.084476	-1.204043	-0.210012	-0.542002	0.003501	0.081224	0.996690	-0.157589	0.984287	-0.079660	-0.987499	-0.156788	0.016246
51334	12.818944	-2.885353	2.744182	-1.170413	-0.075379	-0.689427	0.003753	0.074331	0.997227	-0.146013	0.986587	-0.072989	-0.989276	-0.145334	0.014556
51335	12.844135	-2.327684	3.928747	-1.180080	0.104216	-0.823839	0.005971	0.066415	0.997774	-0.134087	0.988834	-0.065018	-0.990952	-0.133400	0.014809
51336	11.842326	-1.676247	5.362564	-1.189853	0.263094	-0.924996	0.009716	0.057610	0.998292	-0.122232	0.990921	-0.055995	-0.992454	-0.121479	0.016669
51337	11.243116	-0.569844	6.980833	-1.182042	0.430838	-0.983174	0.015156	0.048455	0.998710	-0.110567	0.992781	-0.046490	-0.993753	-0.109720	0.020404
51338	11.736791	0.790377	8.775238	-1.179330	0.643677	-0.986637	0.022539	0.039337	0.998972	-0.098673	0.994434	-0.036932	-0.994865	-0.097739	0.026295
51339	11.275513	2.089537	9.863660	-1.186713	0.992457	-0.949319	0.033333	0.030905	0.998966	-0.086798	0.995835	-0.027912	-0.995668	-0.085778	0.035877
51340	11.177928	3.547458	10.337161	-1.130481	1.331957	-0.922189	0.047296	0.022800	0.998621	-0.075186	0.996985	-0.019202	-0.996047	-0.074175	0.048868
51341	10.681549	5.055516	10.184134	-1.019366	1.726909	-0.898837	0.065190	0.015058	0.997759	-0.063957	0.997893	-0.010881	-0.995821	-0.063105	0.066016
51342	8.305806	5.431073	8.877752	-0.867564	1.921971	-0.912291	0.084814	0.007099	0.996371	-0.054657	0.998502	-0.002461	-0.994897	-0.054250	0.085075
51343	8.269375	5.398621	6.200388	-0.837113	2.043411	-0.963252	0.105682	-0.001567	0.994399	-0.044391	0.998994	0.006292	-0.993409	-0.044808	0.105506
51344	8.876847	4.170334	3.180151	-1.020952	2.106160	-1.057172	0.126947	-0.011271	0.991846	-0.033050	0.999332	0.015586	-0.991359	-0.034759	0.126489
51345	9.582883	1.318874	1.347115	-1.208939	2.194351	-1.194552	0.149042	-0.022696	0.988570	-0.018429	0.999499	0.025725	-0.988659	-0.022053	0.148549
51346	10.392653	-2.343048	0.515654	-1.314002	2.362179	-1.268695	0.172446	-0.034980	0.984398	-0.003443	0.999342	0.036114	-0.985013	-0.009617	0.172212
51347	12.368447	-6.112943	0.328028	-1.302473	2.534376	-1.186712	0.197332	-0.046910	0.979214	0.012578	0.998893	0.045318	-0.980256	0.003373	0.197703
51348	13.635907	-9.628373	0.227825	-1.128557	2.711630	-0.882382	0.223622	-0.055925	0.973070	0.025443	0.998347	0.051530	-0.974344	0.013235	0.224675
51349	13.734276	-12.069276	-0.595361	-0.732663	2.686444	-0.439620	0.249604	-0.060865	0.966433	0.034406	0.997950	0.053963	-0.967737	0.019782	0.251186
51350	14.360570	-12.514568	-1.107117	-0.183816	2.323514	0.014903	0.271980	-0.061157	0.960358	0.036118	0.997924	0.053320	-0.961625	0.020184	0.273624
51351	15.586900	-11.201362	-0.972219	0.467864	1.935068	0.405934	0.290690	-0.057543	0.955085	0.031313	0.998227	0.050612	-0.956305	0.015194	0.291977
51352	15.805151	-8.817112	-1.029473	1.123777	1.634864	0.686571	0.306415	-0.050814	0.950541	0.018518	0.998703	0.047419	-0.951718	0.003072	0.306958
51353	14.180807	-5.579800	-1.645010	1.626766	1.475345	0.798140	0.320533	-0.042752	0.946272	0.001113	0.998997	0.044757	-0.947237	-0.013293	0.320260
51354	12.430046	-2.855099	-2.055663	1.902343	1.420379	0.737969	0.333843	-0.035030	0.941978	-0.019301	0.998846	0.043986	-0.942431	-0.032865	0.332782
51355	11.159802	-0.877341	-0.898025	2.022707	1.473882	0.648925	0.347540	-0.027788	0.937253	-0.040307	0.998194	0.044540	-0.936799	-0.053257	0.345792
51356	10.146573	0.143257	0.671421	2.097900	1.647080	0.634965	0.362544	-0.020379	0.931744	-0.062168	0.997005	0.045997	-0.929891	-0.074601	0.360191
51357	8.779371	1.496600	1.266479	2.175341	1.722029	0.699705	0.378013	-0.011758	0.925726	-0.084850	0.995271	0.047289	-0.921904	-0.096424	0.375228
51358	8.296575	2.989327	1.634792	2.082508	1.664299	0.747119	0.392527	-0.002533	0.919737	-0.106867	0.993097	0.048343	-0.913511	-0.117266	0.389547
51359	8.290130	3.862765	2.289175	1.859300	1.573078	0.696668	0.406052	0.006575	0.913826	-0.126613	0.990735	0.049132	-0.905036	-0.135652	0.403123
51360	8.887142	4.445924	2.926401	1.569459	1.483857	0.571005	0.418607	0.014370	0.908054	-0.143135	0.988422	0.050342	-0.896817	-0.151048	0.415817
51361	9.637474	4.439437	3.544799	1.212041	1.535580	0.436092	0.431691	0.021319	0.901770	-0.155976	0.986425	0.051347	-0.888434	-0.162821	0.429156
51362	9.757324	3.896502	3.695809	0.865440	1.628739	0.325524	0.445525	0.027263	0.894854	-0.165084	0.984898	0.052185	-0.879917	-0.170976	0.443298
51363	9.423108	3.180636	3.446987	0.568795	1.658093	0.254780	0.459640	0.032881	0.887496	-0.171418	0.983808	0.052330	-0.871405	-0.176186	0.457834
51364	9.352670	2.564983	3.108919	0.309329	1.617956	0.239454	0.473215	0.038123	0.880122	-0.175247	0.983169	0.051638	-0.863340	-0.178675	0.471931
51365	9.306378	2.183440	3.052286	0.137704	1.540295	0.257773	0.486014	0.043678	0.872859	-0.177955	0.982772	0.049909	-0.855642	-0.179586	0.485413
51366	9.643314	1.624026	2.915709	0.009611	1.454256	0.277715	0.497865	0.049031	0.865867	-0.179432	0.982621	0.047529	-0.848489	-0.179028	0.498011
51367	9.816843	1.032625	2.675922	-0.100854	1.430787	0.311642	0.509400	0.054916	0.858776	-0.180470	0.982586	0.044216	-0.841393	-0.177507	0.510440
51368	9.485383	0.550146	2.369731	-0.150781	1.452090	0.374006	0.520847	0.061169	0.851456	-0.181164	0.982630	0.040227	-0.834205	-0.175205	0.522881
51369	8.452407	0.319710	2.085965	-0.166997	1.459442	0.400159	0.532235	0.067926	0.843867	-0.182231	0.982602	0.035841	-0.826751	-0.172854	0.535354
51370	7.481106	0.137335	1.816711	-0.178388	1.409762	0.416696	0.543036	0.074455	0.836402	-0.183033	0.982606	0.031365	-0.819518	-0.170122	0.547219
51371	6.598250	-0.055859	1.798413	-0.189294	1.314833	0.431368	0.552962	0.081189	0.829242	-0.184178	0.982532	0.026618	-0.812596	-0.167446	0.558256
51372	6.535959	-0.071875	1.846814	-0.193725	1.212571	0.454194	0.561896	0.087682	0.822548	-0.185173	0.982465	0.021766	-0.806216	-0.164544	0.568280
51373	6.476943	-0.143482	1.893414	-0.223223	1.108003	0.477019	0.569895	0.094427	0.816274	-0.186356	0.982344	0.016469	-0.800307	-0.161503	0.577430
51374	6.488209	-0.150603	1.722354	-0.249448	1.005306	0.495794	0.576946	0.100922	0.810523	-0.187241	0.982253	0.010977	-0.795031	-0.158096	0.585604
51375	6.597193	-0.129487	1.596307	-0.298499	0.881092	0.507966	0.582955	0.107539	0.805356	-0.188094	0.982138	0.005007	-0.790433	-0.154402	0.592770
51376	6.943480	0.039591	1.615187	-0.361564	0.782878	0.519002	0.588111	0.113847	0.800728	-0.188314	0.982108	-0.001324	-0.786552	-0.150010	0.599027
51377	6.877182	0.147551	1.747643	-0.439632	0.704268	0.524514	0.592621	0.120283	0.796450	-0.188228	0.982091	-0.008262	-0.783179	-0.145018	0.604648
51378	6.544406	0.121502	1.861433	-0.504390	0.613752	0.524497	0.596394	0.126326	0.792689	-0.187435	0.982155	-0.015500	-0.780501	-0.139334	0.609430
51379	5.939990	-0.020382	1.862176	-0.549655	0.494038	0.542697	0.599195	0.132569	0.789551	-0.186654	0.982150	-0.023254	-0.778541	-0.133439	0.613244
51380	5.550954	-0.057202	1.903834	-0.583556	0.346414	0.571465	0.600787	0.138653	0.787293	-0.185576	0.982130	-0.031353	-0.777571	-0.127266	0.615781
