// General information: 
//  MT Manager version: 2022.2.0 
//  XDA version: 2022.2.0 build 7381 rev 124627 built on 2023-07-19
// Device information: 
//  DeviceId: 00B4CBA7
//  ProductCode: MTW2-3A7G6
//  Firmware Version: 4.6.0
//  Hardware Version: 2.0.0
// Device settings: 
//  Filter Profile: human(46.1)
//  Option Flags: Orientation Smoother Disabled, Position/Velocity Smoother Disabled, Continuous Zero Rotation Update Disabled, AHS Disabled, ICC Disabled
// Coordinate system: ENU
PacketCounter	Acc_X	Acc_Y	Acc_Z	Gyr_X	Gyr_Y	Gyr_Z	Mat[1][1]	Mat[2][1]	Mat[3][1]	Mat[1][2]	Mat[2][2]	Mat[3][2]	Mat[1][3]	Mat[2][3]	Mat[3][3]
11759	9.577263	-0.578264	-2.189889	0.195635	-0.014247	-0.018074	0.141606	0.064215	0.987838	0.702730	-0.709356	-0.054624	0.697221	0.701919	-0.145575
11760	9.571859	-0.762190	-2.075153	0.225223	-0.003224	-0.018771	0.141486	0.064410	0.987843	0.704332	-0.707757	-0.054732	0.695627	0.703513	-0.145504
11761	9.585938	-0.690468	-1.965895	0.258878	0.001690	-0.029629	0.141232	0.064633	0.987864	0.706180	-0.705910	-0.054775	0.693803	0.705346	-0.145339
11762	9.597615	-0.558437	-1.758119	0.251885	0.014747	-0.033906	0.140881	0.064805	0.987903	0.707980	-0.704105	-0.054774	0.692038	0.707132	-0.145076
11763	9.687844	-0.204677	-1.028955	0.104446	0.034434	-0.035707	0.140356	0.064838	0.987976	0.708760	-0.703339	-0.054531	0.691346	0.707892	-0.144672
11764	9.631477	0.673662	0.437551	-0.395254	0.121798	-0.012749	0.139413	0.064106	0.988157	0.706046	-0.706119	-0.053803	0.694307	0.705185	-0.143704
11765	9.373807	0.183451	-0.944024	-0.984757	0.219219	0.020020	0.137990	0.062450	0.988463	0.699153	-0.713038	-0.052553	0.701530	0.698338	-0.142055
11766	9.063363	-1.264590	-1.490724	-0.725381	0.126183	0.022791	0.137249	0.061449	0.988629	0.694021	-0.718095	-0.051716	0.706752	0.693227	-0.141205
11767	9.525129	-1.425513	-1.269829	-0.331376	0.049088	0.004635	0.136900	0.061101	0.988699	0.691676	-0.720387	-0.051253	0.709114	0.690875	-0.140884
11768	9.494981	-0.616825	-0.888762	-0.161046	-0.008004	0.004086	0.136976	0.061165	0.988684	0.690534	-0.721497	-0.051034	0.710211	0.689711	-0.141064
11769	9.568363	-0.430681	-1.303450	-0.093382	-0.072513	0.006255	0.137501	0.061645	0.988581	0.689869	-0.722141	-0.050923	0.710756	0.688994	-0.141822
11770	9.964688	-0.420367	-1.262979	0.020451	-0.085708	0.002021	0.138114	0.062259	0.988458	0.690019	-0.721997	-0.050939	0.710492	0.689089	-0.142678
11771	10.200087	-0.351948	-1.590678	0.042012	-0.061346	-0.001171	0.138509	0.062716	0.988373	0.690326	-0.721702	-0.050946	0.710116	0.689356	-0.143257
11772	9.829178	-0.591163	-2.310117	0.052522	-0.047070	-0.007711	0.138778	0.063135	0.988309	0.690716	-0.721332	-0.050910	0.709684	0.689706	-0.143714
11773	9.620367	-0.934849	-2.898410	0.175892	-0.050713	-0.009120	0.139042	0.063577	0.988244	0.691983	-0.720107	-0.051032	0.708397	0.690944	-0.144119
11774	9.733175	-0.805830	-2.752314	0.335153	-0.026056	-0.009755	0.139149	0.063866	0.988210	0.694374	-0.717777	-0.051386	0.706033	0.693338	-0.144225
11775	9.687705	-0.567901	-2.136197	0.301312	-0.002698	-0.013903	0.139038	0.064010	0.988216	0.696525	-0.715672	-0.051642	0.703933	0.695498	-0.144090
11776	9.670796	-0.855742	-2.089603	0.290870	0.006989	-0.012229	0.138895	0.064087	0.988231	0.698593	-0.713634	-0.051907	0.701909	0.697581	-0.143891
11777	9.655387	-0.823637	-1.558253	0.389802	0.007929	-0.019291	0.138671	0.064194	0.988256	0.701358	-0.710893	-0.052236	0.699190	0.700365	-0.143604
11778	9.823193	-0.661528	-0.921235	0.426651	0.004670	-0.018929	0.138497	0.064334	0.988271	0.704368	-0.707882	-0.052629	0.696193	0.703395	-0.143355
11779	9.964577	-0.374683	-0.497831	0.485223	0.011002	-0.021868	0.138233	0.064436	0.988301	0.707775	-0.704442	-0.053067	0.692781	0.706831	-0.142983
11780	9.815692	0.122222	-0.162223	0.404174	-0.001367	-0.035299	0.137983	0.064733	0.988317	0.710625	-0.701552	-0.053263	0.689908	0.709672	-0.142803
11781	9.559548	0.407125	0.266781	0.172923	-0.015965	-0.032534	0.137828	0.065099	0.988315	0.711869	-0.700299	-0.053148	0.688655	0.710876	-0.142862
11782	9.754928	0.889001	0.343034	-0.477080	0.091245	0.005535	0.137224	0.064450	0.988441	0.708574	-0.703682	-0.052487	0.692165	0.707586	-0.142229
11783	9.050256	0.150220	-0.624721	-1.017880	0.103390	0.035746	0.136722	0.063495	0.988572	0.701450	-0.710867	-0.051355	0.699482	0.700455	-0.141730
11784	9.312841	-1.733832	-2.823539	-0.874399	0.126529	0.035334	0.136064	0.062398	0.988733	0.695265	-0.716983	-0.050431	0.705758	0.694293	-0.140938
11785	9.227899	-1.375189	-1.931072	-0.403382	0.088947	0.026154	0.135583	0.061619	0.988848	0.692384	-0.719790	-0.050081	0.708676	0.691452	-0.140255
11786	9.601417	-0.985638	-2.601861	-0.294999	0.029870	0.018668	0.135490	0.061316	0.988880	0.690271	-0.721834	-0.049818	0.710752	0.689345	-0.140126
11787	9.640047	-0.470715	-2.485052	-0.097817	0.014724	0.013981	0.135448	0.061140	0.988896	0.689564	-0.722512	-0.049779	0.711446	0.688649	-0.140023
11788	9.708989	-0.466074	-2.663710	-0.095017	0.012737	0.008696	0.135408	0.061028	0.988909	0.688882	-0.723168	-0.049698	0.712114	0.687971	-0.139964
11789	9.715497	-0.564098	-2.641635	0.021947	0.026058	0.003666	0.135214	0.060848	0.988946	0.689041	-0.723015	-0.049724	0.711997	0.688147	-0.139689
11790	9.719236	-0.606191	-2.338906	0.068826	0.041107	-0.000647	0.134909	0.060611	0.989003	0.689537	-0.722537	-0.049779	0.711574	0.688670	-0.139270
11791	9.704159	-0.621462	-2.044495	0.080629	0.058190	0.001332	0.134471	0.060226	0.989086	0.690116	-0.721979	-0.049863	0.711096	0.689289	-0.138648
11792	9.586399	-0.657105	-1.788999	0.068439	0.058195	0.003548	0.134076	0.059838	0.989163	0.690605	-0.721505	-0.049961	0.710696	0.689819	-0.138061
11793	9.607937	-0.712887	-1.613138	0.083183	0.056953	0.004927	0.133672	0.059435	0.989242	0.691196	-0.720929	-0.050084	0.710197	0.690455	-0.137449
11794	9.618695	-0.598571	-1.259697	0.116332	0.043104	0.005736	0.133399	0.059136	0.989297	0.692021	-0.720125	-0.050267	0.709445	0.691320	-0.136987
11795	9.604046	-0.641290	-0.985937	0.123907	0.030972	0.003973	0.133173	0.058919	0.989340	0.692901	-0.719266	-0.050435	0.708627	0.692232	-0.136612
11796	9.664281	-0.779344	-0.871622	0.166916	0.014029	0.001268	0.133077	0.058853	0.989357	0.694088	-0.718107	-0.050643	0.707483	0.693440	-0.136413
11797	9.852657	-0.753485	-0.680067	0.275912	-0.004503	0.003540	0.133100	0.058884	0.989352	0.696040	-0.716189	-0.051014	0.705559	0.695418	-0.136310
11798	10.165665	-0.787790	-0.357806	0.354480	0.000706	-0.006589	0.133041	0.058966	0.989355	0.698552	-0.713711	-0.051398	0.703083	0.697954	-0.136143
11799	9.816928	-0.171903	-0.247648	0.371174	0.009316	-0.005877	0.132901	0.058968	0.989374	0.701171	-0.711108	-0.051804	0.700497	0.700605	-0.135853
11800	9.454855	0.095161	-0.554099	0.239166	-0.032769	0.002087	0.133133	0.059221	0.989327	0.702848	-0.709428	-0.052115	0.698770	0.702285	-0.136072
11801	9.578719	-0.530308	-1.509753	0.200727	-0.054363	0.007991	0.133535	0.059572	0.989252	0.704246	-0.708018	-0.052427	0.697285	0.703678	-0.136498
11802	9.703939	-0.622308	-1.899790	0.322028	-0.051917	-0.003101	0.133862	0.059996	0.989182	0.706498	-0.705742	-0.052802	0.694940	0.705924	-0.136859
11803	9.660056	-0.486325	-1.806934	0.266869	-0.037870	0.003262	0.134114	0.060266	0.989132	0.708353	-0.703854	-0.053159	0.693000	0.707784	-0.137086
11804	9.587830	-0.748795	-2.209068	0.245833	-0.025611	-0.002957	0.134257	0.060506	0.989098	0.710065	-0.702106	-0.053432	0.691219	0.709497	-0.137225
11805	9.627097	-0.830589	-2.026321	0.295421	-0.006142	0.002388	0.134282	0.060557	0.989091	0.712108	-0.700004	-0.053820	0.689109	0.711566	-0.137121
11806	9.594545	-0.574082	-1.764734	0.303147	0.005640	-0.004439	0.134200	0.060586	0.989100	0.714206	-0.697837	-0.054158	0.686950	0.713689	-0.136921
11807	9.654328	-0.409060	-1.509622	0.257629	0.019369	-0.003154	0.134011	0.060494	0.989132	0.715985	-0.695990	-0.054438	0.685133	0.715498	-0.136583
11808	9.586577	-0.418895	-1.246763	0.182234	0.027775	-0.004322	0.133778	0.060362	0.989171	0.717244	-0.694679	-0.054611	0.683860	0.716783	-0.136227
11809	9.655024	-0.388906	-0.964246	-0.002082	0.058124	-0.003687	0.133320	0.059995	0.989256	0.717242	-0.694687	-0.054531	0.683952	0.716806	-0.135646
11810	9.616112	-0.306135	-0.961340	-0.128308	0.083591	0.005703	0.132777	0.059394	0.989365	0.716363	-0.695606	-0.054380	0.684978	0.715964	-0.134908
11811	9.568110	-0.356989	-1.101050	-0.234343	0.091254	0.014343	0.132220	0.058666	0.989483	0.714743	-0.697286	-0.054166	0.686775	0.714388	-0.134126
11812	9.540537	-0.458167	-1.130062	-0.233249	0.070237	0.020304	0.131870	0.058060	0.989565	0.713119	-0.698959	-0.054021	0.688529	0.712801	-0.133576
11813	9.554445	-0.675326	-1.296701	-0.219157	0.048738	0.022684	0.131662	0.057579	0.989621	0.711585	-0.700528	-0.053912	0.690153	0.711298	-0.133205
11814	9.662957	-0.744028	-1.431044	-0.155658	0.027589	0.019854	0.131601	0.057280	0.989646	0.710491	-0.701642	-0.053869	0.691292	0.710224	-0.133034
11815	9.629133	-0.750522	-1.549532	-0.064149	0.012399	0.018493	0.131613	0.057087	0.989656	0.710030	-0.702104	-0.053926	0.691763	0.709783	-0.132939
11816	9.601455	-0.581111	-1.465203	0.028100	0.002667	0.016464	0.131699	0.056988	0.989650	0.710209	-0.701910	-0.054093	0.691563	0.709983	-0.132914
11817	9.712551	-0.426628	-1.220955	0.047283	-0.008919	0.013935	0.131825	0.056978	0.989634	0.710525	-0.701578	-0.054253	0.691214	0.710311	-0.132970
11818	9.871450	-0.486787	-1.148496	0.043868	0.003059	0.006077	0.131835	0.056949	0.989634	0.710826	-0.701265	-0.054339	0.690902	0.710622	-0.132933
11819	9.790252	-0.575553	-1.114851	0.024598	0.011979	-0.007041	0.131668	0.056938	0.989657	0.711013	-0.701082	-0.054261	0.690742	0.710803	-0.132794
11820	9.852332	-0.455744	-1.037732	0.017727	0.013205	-0.005004	0.131528	0.056917	0.989677	0.711148	-0.700950	-0.054200	0.690629	0.710936	-0.132671
11821	9.873386	-0.519996	-0.903571	-0.079570	0.032418	0.003024	0.131291	0.056690	0.989722	0.710601	-0.701513	-0.054083	0.691237	0.710398	-0.132387
11822	9.548711	-0.858416	-1.170505	-0.164535	0.025298	-0.001770	0.131091	0.056560	0.989756	0.709472	-0.702676	-0.053814	0.692434	0.709258	-0.132242
11823	9.480383	-1.417768	-1.769973	-0.047843	0.003608	-0.009488	0.130965	0.056626	0.989768	0.709160	-0.703006	-0.053616	0.692777	0.708926	-0.132226
11824	9.561175	-1.325545	-1.682166	0.208911	-0.010614	-0.013192	0.130931	0.056829	0.989761	0.710630	-0.701512	-0.053728	0.691276	0.710388	-0.132234
11825	9.660298	-0.687218	-1.323863	0.303258	-0.011503	-0.024745	0.130801	0.057109	0.989762	0.712762	-0.699336	-0.053843	0.689102	0.712508	-0.132179
11826	9.701413	-0.220352	-1.341378	0.232776	-0.011543	-0.023282	0.130701	0.057389	0.989759	0.714401	-0.697659	-0.053887	0.687422	0.714128	-0.132184
11827	9.596381	-0.205972	-1.183150	0.107644	-0.002263	-0.023978	0.130511	0.057597	0.989772	0.715179	-0.696872	-0.053751	0.686649	0.714879	-0.132142
11828	9.904519	0.374440	0.055428	-0.307509	0.075088	-0.016759	0.129862	0.057214	0.989880	0.713092	-0.699053	-0.053146	0.688938	0.712777	-0.131580
11829	9.771520	1.102161	0.559920	-1.145784	0.288379	0.026035	0.128014	0.055012	0.990245	0.705123	-0.707186	-0.051868	0.697434	0.704884	-0.129320
11830	8.681601	-0.258687	-2.100986	-1.431256	0.339638	0.055199	0.125998	0.052277	0.990652	0.695002	-0.717229	-0.050547	0.707882	0.694874	-0.126703
11831	9.157350	-1.765253	-2.084117	-0.724723	0.114432	0.030650	0.125364	0.051290	0.990784	0.689821	-0.722258	-0.049894	0.713043	0.689719	-0.125926
11832	9.836998	-0.905591	-0.914086	-0.429141	0.057901	0.016345	0.125053	0.050810	0.990848	0.686740	-0.725217	-0.049483	0.716065	0.686643	-0.125584
11833	9.571160	-0.438918	-1.177600	-0.389503	-0.005055	0.013258	0.125147	0.050775	0.990838	0.683936	-0.727889	-0.049084	0.718728	0.683813	-0.125819
11834	9.645594	-0.727329	-1.631087	-0.188771	-0.070149	0.007093	0.125691	0.051240	0.990745	0.682576	-0.729178	-0.048883	0.719925	0.682403	-0.126626
11835	9.756391	-0.592447	-1.547665	-0.028713	-0.085327	-0.002974	0.126252	0.051870	0.990641	0.682380	-0.729369	-0.048776	0.720013	0.682151	-0.127479
11836	10.127349	-0.725867	-1.661512	0.086122	-0.079682	0.001459	0.126823	0.052438	0.990538	0.683004	-0.728778	-0.048867	0.719320	0.682739	-0.128241
11837	9.899290	-0.937492	-1.930340	0.118853	-0.063960	-0.009073	0.127188	0.052967	0.990463	0.683877	-0.727958	-0.048889	0.718426	0.683573	-0.128810
11838	9.682346	-0.979703	-2.585234	0.229126	-0.065268	-0.020121	0.127510	0.053596	0.990388	0.685553	-0.726375	-0.048955	0.716769	0.685206	-0.129363
11839	9.705670	-0.856327	-2.348996	0.354887	-0.056939	-0.020057	0.127746	0.054158	0.990327	0.688125	-0.723924	-0.049175	0.714258	0.687751	-0.129746
11840	9.767496	-0.530786	-1.883212	0.299484	-0.036968	-0.028394	0.127804	0.054655	0.990292	0.690303	-0.721842	-0.049250	0.712143	0.689896	-0.129983
11841	9.796507	-0.729288	-1.932902	0.251768	-0.024660	-0.033152	0.127717	0.055090	0.990279	0.692143	-0.720081	-0.049208	0.710370	0.691700	-0.130097
11842	9.722442	-0.689808	-1.634569	0.287190	-0.008575	-0.041088	0.127485	0.055483	0.990287	0.694239	-0.718065	-0.049142	0.708364	0.693761	-0.130061
11843	9.715647	-0.616275	-1.315261	0.316813	-0.006446	-0.040635	0.127215	0.055844	0.990302	0.696538	-0.715837	-0.049111	0.706152	0.696031	-0.129962
11844	9.726026	-0.847224	-0.791749	0.329365	-0.007659	-0.042177	0.126967	0.056236	0.990311	0.698920	-0.713513	-0.049091	0.703839	0.698382	-0.129897
11845	9.716392	-1.242160	-0.821977	0.509478	-0.032034	-0.063973	0.126710	0.056940	0.990304	0.702585	-0.709905	-0.049078	0.700228	0.701992	-0.129958
11846	9.780466	-0.092141	-0.288958	0.737840	-0.028794	-0.071957	0.126394	0.057687	0.990301	0.707830	-0.704661	-0.049294	0.694983	0.707195	-0.129898
11847	9.595288	0.880187	0.263145	0.485765	-0.046768	-0.057882	0.126274	0.058450	0.990272	0.711277	-0.701180	-0.049311	0.691477	0.710584	-0.130115
11848	9.632836	0.543650	0.497831	-0.044264	-0.057533	-0.051243	0.126291	0.059253	0.990222	0.711042	-0.701461	-0.048711	0.691715	0.710241	-0.130720
11849	9.433013	0.240556	-0.659794	-0.559201	0.039816	-0.012176	0.125895	0.059082	0.990283	0.707185	-0.705410	-0.047819	0.695730	0.706333	-0.130589
11850	9.004717	-0.533100	-1.775403	-0.569532	0.008962	0.001082	0.125824	0.059043	0.990294	0.703216	-0.709418	-0.047051	0.699754	0.702311	-0.130782
11851	9.469510	-1.009863	-2.033563	-0.299267	-0.023709	-0.005340	0.125919	0.059273	0.990268	0.701133	-0.711509	-0.046566	0.701825	0.700173	-0.131150
11852	9.552385	-0.451935	-1.579857	-0.273225	-0.018548	-0.015607	0.125926	0.059548	0.990251	0.699238	-0.713406	-0.046019	0.703710	0.698216	-0.131475
11853	9.593299	-0.740345	-2.465505	-0.305646	-0.027589	-0.017654	0.125964	0.059892	0.990225	0.697113	-0.715522	-0.045401	0.705809	0.696018	-0.131881
11854	9.640710	-0.928184	-2.545467	-0.170517	-0.003400	-0.025775	0.125796	0.060137	0.990232	0.695947	-0.716689	-0.044886	0.706989	0.694795	-0.132009
11855	9.654887	-0.607665	-2.389285	-0.170226	0.044575	-0.027925	0.125253	0.060053	0.990306	0.694784	-0.717850	-0.044344	0.708228	0.693603	-0.131637
11856	9.509773	-0.495248	-2.187946	-0.194416	0.064093	-0.022300	0.124631	0.059805	0.990399	0.693441	-0.719179	-0.043835	0.709653	0.692246	-0.131103
11857	9.657008	-0.632150	-1.900996	-0.240963	0.074555	-0.016183	0.123956	0.059431	0.990506	0.691755	-0.720831	-0.043318	0.711414	0.690558	-0.130463
11858	9.717044	-0.519959	-1.436780	-0.291736	0.079642	-0.018616	0.123250	0.059053	0.990617	0.689706	-0.722828	-0.042722	0.713523	0.688500	-0.129818
11859	9.648568	-0.490167	-1.530639	-0.354497	0.089341	-0.017480	0.122458	0.058592	0.990743	0.687201	-0.725250	-0.042049	0.716072	0.685988	-0.129077
11860	9.821277	-0.741042	-1.413044	-0.291650	0.076254	-0.011451	0.121825	0.058190	0.990844	0.685129	-0.727237	-0.041528	0.718162	0.683916	-0.128463
11861	9.802199	-0.709398	-1.297626	-0.208735	0.081677	-0.019055	0.121074	0.057797	0.990959	0.683659	-0.728648	-0.041031	0.719689	0.682446	-0.127734
11862	9.773059	-0.777609	-1.252236	-0.139983	0.071300	-0.028535	0.120358	0.057558	0.991061	0.682690	-0.729582	-0.040536	0.720727	0.681467	-0.127105
11863	9.704542	-0.763906	-1.267243	-0.046377	0.061191	-0.030862	0.119673	0.057392	0.991153	0.682400	-0.729877	-0.040131	0.721116	0.681165	-0.126511
11864	9.734261	-0.688444	-1.180978	0.017974	0.058158	-0.034648	0.119009	0.057282	0.991239	0.682578	-0.729729	-0.039781	0.721058	0.681332	-0.125944
11865	9.640167	-0.564869	-1.145973	0.052563	0.053819	-0.034035	0.118356	0.057190	0.991323	0.683004	-0.729348	-0.039469	0.720762	0.681749	-0.125383
11866	9.659658	-0.335332	-1.099675	0.097073	0.040455	-0.033828	0.117826	0.057198	0.991386	0.683749	-0.728663	-0.039223	0.720142	0.682480	-0.124964
11867	9.921139	-0.458490	-0.623814	0.127876	0.035486	-0.032688	0.117313	0.057219	0.991445	0.684714	-0.727767	-0.039018	0.719308	0.683434	-0.124556
11868	9.949138	-0.891265	-0.479946	0.213696	0.048639	-0.059583	0.116549	0.057356	0.991527	0.686326	-0.726266	-0.038662	0.717895	0.685017	-0.124011
11869	9.664506	-0.029732	-0.368521	0.272758	0.032550	-0.064707	0.115838	0.057628	0.991595	0.688363	-0.724354	-0.038317	0.716057	0.687016	-0.123577
11870	9.528459	0.247496	-0.619226	0.186133	-0.007956	-0.054338	0.115511	0.058111	0.991605	0.689763	-0.723038	-0.037978	0.714761	0.688360	-0.123601
11871	9.673248	0.245366	-1.016540	0.115007	-0.002285	-0.045602	0.115179	0.058482	0.991622	0.690644	-0.722215	-0.037627	0.713964	0.689192	-0.123574
11872	9.593357	0.199743	-1.226345	-0.003953	0.016839	-0.038657	0.114782	0.058679	0.991656	0.690667	-0.722216	-0.037207	0.714006	0.689174	-0.123425
11873	9.615500	-0.291170	-1.511551	-0.107884	0.015478	-0.020176	0.114499	0.058744	0.991685	0.689925	-0.722943	-0.036833	0.714768	0.688406	-0.123305
11874	9.663765	-0.681310	-1.698065	-0.020897	0.006935	-0.020392	0.114297	0.058879	0.991700	0.689806	-0.723070	-0.036573	0.714916	0.688260	-0.123260
11875	9.721173	-0.588944	-1.337963	0.013004	0.006186	-0.019978	0.114082	0.059007	0.991717	0.689928	-0.722965	-0.036349	0.714832	0.688360	-0.123188
11876	9.593311	-0.469367	-1.429417	0.012127	0.006582	-0.022456	0.113870	0.059158	0.991733	0.690046	-0.722864	-0.036111	0.714752	0.688454	-0.123134
11877	9.606366	-0.067714	-0.761689	-0.043184	0.012796	-0.020150	0.113606	0.059241	0.991758	0.689767	-0.723145	-0.035817	0.715063	0.688151	-0.123017
11878	9.794210	0.429532	-0.625982	-0.364264	0.063141	-0.012086	0.113058	0.058929	0.991839	0.687178	-0.725635	-0.035217	0.717638	0.685551	-0.122533
11879	9.388607	0.178382	-1.114327	-0.466218	0.061182	0.003430	0.112608	0.058512	0.991915	0.683827	-0.728822	-0.034640	0.720903	0.682199	-0.122083
11880	9.765773	-0.213350	-1.224554	-0.424264	0.044193	0.004216	0.112303	0.058216	0.991967	0.680763	-0.731708	-0.034129	0.723843	0.679128	-0.121804
11881	9.657852	-0.175498	-1.102786	-0.386850	0.049434	0.006812	0.111958	0.057857	0.992027	0.677957	-0.734330	-0.033686	0.726526	0.676323	-0.121439
11882	9.592558	-0.369200	-1.453842	-0.389926	0.009483	0.002812	0.111894	0.057806	0.992037	0.675122	-0.736959	-0.033206	0.729171	0.673462	-0.121488
11883	9.741917	-0.463555	-1.653933	-0.311353	-0.014994	0.008800	0.112031	0.057869	0.992018	0.672845	-0.739053	-0.032873	0.731252	0.671157	-0.121733
11884	9.819345	-0.550335	-1.757088	-0.286273	-0.015255	-0.000569	0.112126	0.058012	0.991999	0.670755	-0.740967	-0.032484	0.733154	0.669031	-0.121993
11885	9.784402	-0.711353	-2.033587	-0.220462	-0.008630	-0.004463	0.112126	0.058129	0.991992	0.669149	-0.742434	-0.032129	0.734621	0.667393	-0.122144
11886	9.758588	-0.658245	-1.785499	-0.159546	-0.005359	-0.012566	0.112071	0.058293	0.991989	0.667997	-0.743486	-0.031777	0.735677	0.666207	-0.122263
11887	9.737648	-0.436409	-1.501199	-0.204012	0.015661	-0.020430	0.111786	0.058368	0.992017	0.666524	-0.744827	-0.031284	0.737055	0.664700	-0.122165
11888	9.635328	-0.452982	-1.483211	-0.244432	0.016445	-0.022133	0.111507	0.058461	0.992043	0.664751	-0.746433	-0.030732	0.738697	0.662888	-0.122094
11889	9.715743	-0.644410	-1.328191	-0.204764	0.013291	-0.025315	0.111208	0.058589	0.992069	0.663271	-0.747770	-0.030190	0.740070	0.661368	-0.122018
11890	9.686224	-0.584142	-0.917972	-0.177594	0.010014	-0.034000	0.110899	0.058812	0.992090	0.662001	-0.748918	-0.029604	0.741253	0.660047	-0.121988
11891	9.673578	-0.635562	-0.930713	-0.194124	0.003289	-0.047491	0.110528	0.059173	0.992110	0.660619	-0.750166	-0.028855	0.742540	0.658596	-0.122005
11892	9.689762	-0.822770	-1.018833	-0.150825	-0.005278	-0.051945	0.110215	0.059634	0.992117	0.659562	-0.751124	-0.028123	0.743526	0.657463	-0.122118
11893	9.662665	-0.709198	-0.906674	-0.081162	-0.001727	-0.063512	0.109777	0.060150	0.992135	0.659035	-0.751615	-0.027352	0.744058	0.656854	-0.122151
11894	9.626127	-0.468955	-0.788637	-0.058582	0.003772	-0.070993	0.109271	0.060694	0.992157	0.658683	-0.751952	-0.026544	0.744444	0.656417	-0.122145
11895	9.675923	-0.220648	-0.697916	-0.190957	0.008506	-0.069288	0.108719	0.061187	0.992188	0.657342	-0.753158	-0.025582	0.745709	0.654988	-0.122104
11896	9.464234	-0.460145	-1.251885	-0.226447	-0.008473	-0.064004	0.108351	0.061759	0.992192	0.655727	-0.754596	-0.024638	0.747183	0.653277	-0.122258
11897	9.583083	-0.814619	-1.479081	-0.114255	-0.046032	-0.073813	0.108179	0.062644	0.992156	0.654959	-0.755292	-0.023724	0.747881	0.652388	-0.122736
11898	9.633605	-0.453416	-1.057972	-0.017138	-0.050232	-0.080368	0.108018	0.063613	0.992112	0.654924	-0.755348	-0.022874	0.747935	0.652229	-0.123253
11899	9.568622	-0.314297	-0.928556	-0.060961	-0.055139	-0.092103	0.107795	0.064696	0.992066	0.654574	-0.755682	-0.021844	0.748273	0.651735	-0.123807
11900	9.490979	-0.634463	-0.971274	-0.085542	-0.064197	-0.098803	0.107618	0.065894	0.992006	0.654047	-0.756170	-0.020726	0.748760	0.651049	-0.124475
11901	9.728676	-0.773410	-1.010730	0.000699	-0.060247	-0.110432	0.107315	0.067148	0.991955	0.654177	-0.756088	-0.019590	0.748690	0.651016	-0.125066
11902	9.734183	-0.164492	-1.076505	-0.026810	-0.031424	-0.114270	0.106791	0.068250	0.991936	0.654105	-0.756180	-0.018392	0.748827	0.650794	-0.125396
11903	9.439014	0.134123	-1.369205	-0.082483	-0.022923	-0.119147	0.106152	0.069328	0.991930	0.653620	-0.756631	-0.017065	0.749342	0.650157	-0.125632
11904	9.582054	0.142955	-1.630168	-0.118969	-0.051580	-0.121857	0.105731	0.070619	0.991884	0.652863	-0.757314	-0.015674	0.750060	0.649222	-0.126176
11905	9.728671	-0.156959	-1.638528	-0.094349	-0.048392	-0.116078	0.105304	0.071839	0.991842	0.652284	-0.757839	-0.014363	0.750624	0.648475	-0.126663
11906	9.774281	-0.123381	-1.411316	-0.092122	-0.031714	-0.117469	0.104765	0.072969	0.991816	0.651722	-0.758346	-0.013049	0.751187	0.647756	-0.127004
11907	9.723914	-0.146313	-1.347201	-0.109790	-0.031461	-0.123698	0.104164	0.074139	0.991793	0.651032	-0.758961	-0.011641	0.751869	0.646902	-0.127323
11908	9.619979	-0.361289	-1.214331	-0.085833	-0.034185	-0.133993	0.103538	0.075411	0.991763	0.650532	-0.759410	-0.010171	0.752388	0.646227	-0.127685
11909	9.567392	-0.234778	-0.753810	-0.105612	-0.044557	-0.138010	0.102944	0.076774	0.991720	0.649886	-0.759983	-0.008626	0.753028	0.645393	-0.128130
11910	9.586062	-0.030187	-0.827678	-0.277867	-0.048816	-0.141041	0.102386	0.078195	0.991667	0.647943	-0.761658	-0.006839	0.754776	0.643243	-0.128649
11911	9.577659	-0.233075	-1.224336	-0.370737	-0.035141	-0.135529	0.101743	0.079482	0.991630	0.645284	-0.763926	-0.004976	0.757137	0.640390	-0.129013
11912	9.565812	-0.638419	-1.285100	-0.397735	-0.027086	-0.136804	0.101056	0.080735	0.991600	0.642413	-0.766352	-0.003074	0.759666	0.637327	-0.129310
11913	9.454884	-1.425850	-1.495955	-0.368032	-0.040165	-0.145372	0.100398	0.082134	0.991551	0.639765	-0.768569	-0.001115	0.761985	0.634472	-0.129709
11914	9.430049	-2.008575	-1.676009	-0.104492	-0.058754	-0.168273	0.099759	0.083832	0.991474	0.639144	-0.769087	0.000720	0.762590	0.633623	-0.130304
11915	9.418336	-1.384430	-1.250382	0.137282	-0.078974	-0.183447	0.099156	0.085771	0.991368	0.640378	-0.768056	0.002401	0.761632	0.634613	-0.131083
11916	9.629926	-0.197431	-1.044778	0.222406	-0.085735	-0.199519	0.098520	0.087877	0.991247	0.642275	-0.766464	0.004114	0.760117	0.636248	-0.131953
11917	9.716472	1.312383	-0.733239	0.101292	-0.077665	-0.181888	0.097909	0.089792	0.991136	0.643229	-0.765652	0.005823	0.759388	0.636957	-0.132721
11918	9.764809	1.707346	-1.004890	-0.163729	-0.082853	-0.167301	0.097453	0.091632	0.991013	0.642155	-0.766536	0.007728	0.760355	0.635630	-0.133543
11919	9.723483	1.312183	-1.466926	-0.309052	-0.078217	-0.151609	0.097045	0.093319	0.990895	0.639955	-0.768351	0.009686	0.762260	0.633189	-0.134285
11920	9.694151	0.939853	-1.598062	-0.372672	-0.072042	-0.140676	0.096685	0.094889	0.990782	0.637253	-0.770567	0.011613	0.764566	0.630256	-0.134970
11921	9.607433	0.452917	-1.599361	-0.405903	-0.052917	-0.142390	0.096153	0.096349	0.990692	0.634287	-0.772977	0.013613	0.767095	0.627075	-0.135437
11922	9.433220	-0.468685	-1.798110	-0.382043	-0.041446	-0.155561	0.095475	0.097845	0.990611	0.631508	-0.775210	0.015705	0.769469	0.624079	-0.135803
11923	9.603201	-0.735866	-1.705251	-0.145708	-0.012897	-0.182086	0.094394	0.099366	0.990564	0.630565	-0.775934	0.017748	0.770375	0.622939	-0.135901
11924	9.751489	0.509785	-0.853416	-0.153551	-0.008006	-0.171255	0.093366	0.100779	0.990518	0.629549	-0.776712	0.019684	0.771331	0.621742	-0.135963
11925	9.799318	0.583751	-1.098198	-0.521408	-0.020375	-0.147471	0.092567	0.102081	0.990460	0.625661	-0.779788	0.021895	0.774584	0.617665	-0.136051
11926	9.863126	-0.069627	-1.448491	-0.447005	0.005231	-0.132882	0.091685	0.103120	0.990434	0.622321	-0.782398	0.023851	0.777374	0.614182	-0.135908
11927	9.527143	0.377686	-0.824993	-0.482462	0.036274	-0.131609	0.090555	0.103958	0.990451	0.618689	-0.785210	0.025850	0.780400	0.610440	-0.135423
11928	9.603114	0.258804	-1.362501	-0.468409	0.074477	-0.129411	0.089163	0.104556	0.990514	0.615150	-0.787920	0.027797	0.783352	0.606836	-0.134571
11929	9.234513	0.150985	-1.270708	-0.278282	0.026686	-0.123596	0.088164	0.105398	0.990514	0.613082	-0.789470	0.029436	0.785084	0.604672	-0.134221
11930	9.661927	0.054987	-1.081927	-0.215070	-0.052404	-0.134196	0.087742	0.106808	0.990401	0.611517	-0.790620	0.031087	0.786351	0.602919	-0.134686
11931	9.686791	0.568035	-1.042542	-0.103053	-0.062242	-0.136032	0.087370	0.108288	0.990273	0.610831	-0.791089	0.032614	0.786925	0.602040	-0.135263
11932	9.609371	0.918698	-1.071775	-0.191400	-0.088520	-0.133701	0.087239	0.109912	0.990105	0.609447	-0.792087	0.034231	0.788012	0.600431	-0.136086
11933	9.651216	0.477621	-1.422171	-0.218939	-0.111583	-0.129043	0.087303	0.111633	0.989907	0.607839	-0.793251	0.035848	0.789246	0.598574	-0.137108
11934	9.677192	0.268189	-1.438778	-0.157617	-0.129138	-0.128620	0.087529	0.113459	0.989680	0.606713	-0.794042	0.037372	0.790087	0.597181	-0.138339
11935	9.758438	0.035794	-1.450596	-0.096613	-0.143476	-0.133408	0.087824	0.115404	0.989429	0.606072	-0.794459	0.038867	0.790546	0.596252	-0.139716
11936	9.745165	-0.401117	-1.538447	-0.006133	-0.163819	-0.135127	0.088288	0.117487	0.989142	0.606150	-0.794332	0.040245	0.790435	0.596015	-0.141344
11937	9.826460	-0.358574	-1.602184	0.176595	-0.183573	-0.133890	0.088895	0.119674	0.988825	0.607668	-0.793113	0.041359	0.789200	0.597201	-0.143226
11938	9.841761	0.174402	-1.550530	0.290603	-0.198595	-0.129265	0.089661	0.121919	0.988482	0.610081	-0.791211	0.042250	0.787249	0.599266	-0.145321
11939	9.745406	0.873263	-1.212746	0.298609	-0.213351	-0.117689	0.090589	0.124159	0.988119	0.612541	-0.789268	0.043016	0.785231	0.601366	-0.147551
11940	9.747584	1.230825	-1.286796	0.134890	-0.195364	-0.094574	0.091529	0.126113	0.987784	0.613692	-0.788330	0.043782	0.784222	0.602188	-0.149550
11941	9.622190	0.845725	-1.668683	0.123211	-0.198824	-0.074527	0.092599	0.127927	0.987451	0.614732	-0.787487	0.044374	0.783281	0.602909	-0.151562
11942	9.728891	0.940531	-1.331275	0.165614	-0.215000	-0.065188	0.093868	0.129770	0.987091	0.616096	-0.786396	0.044797	0.782058	0.603938	-0.153768
11943	9.690866	1.069571	-1.370262	0.164500	-0.220189	-0.047017	0.095268	0.131499	0.986728	0.617432	-0.785333	0.045047	0.780834	0.604946	-0.156009
11944	9.696292	1.003937	-1.420837	0.144523	-0.228794	-0.033962	0.096829	0.133184	0.986350	0.618600	-0.784406	0.045189	0.779717	0.605780	-0.158341
11945	9.734435	1.064652	-1.689129	0.116957	-0.215474	-0.020804	0.098349	0.134682	0.985996	0.619537	-0.783662	0.045248	0.778782	0.606411	-0.160513
11946	9.581539	0.856731	-1.968461	0.081242	-0.211943	-0.012529	0.099906	0.136100	0.985645	0.620189	-0.783145	0.045275	0.778064	0.606763	-0.162648
11947	9.704093	0.682870	-2.089741	0.089050	-0.197577	0.003060	0.101431	0.137304	0.985322	0.620885	-0.782601	0.045140	0.777312	0.607193	-0.164630
11948	9.596825	0.436036	-1.949229	0.038447	-0.179599	0.011503	0.102883	0.138339	0.985027	0.621179	-0.782376	0.044998	0.776886	0.607248	-0.166426
11949	9.647006	0.177527	-1.903116	0.012208	-0.172946	0.017241	0.104302	0.139283	0.984744	0.621262	-0.782318	0.044849	0.776630	0.607106	-0.168129
11950	9.540240	0.445979	-1.769224	0.018579	-0.169362	0.025803	0.105763	0.140144	0.984466	0.621386	-0.782234	0.044598	0.776333	0.607017	-0.169815
11951	9.480598	0.648779	-1.503269	0.062352	-0.180304	0.033128	0.107338	0.141008	0.984172	0.621841	-0.781895	0.044206	0.775753	0.607254	-0.171611
11952	9.525011	1.019070	-1.075895	0.092940	-0.195146	0.043641	0.109107	0.141887	0.983851	0.622522	-0.781384	0.043652	0.774959	0.607707	-0.173583
11953	9.494255	0.977582	-1.058692	0.049248	-0.220331	0.050014	0.111095	0.142864	0.983488	0.622855	-0.781148	0.043114	0.774409	0.607780	-0.175765
11954	9.459776	0.676122	-1.168886	0.093302	-0.250145	0.059866	0.113387	0.143952	0.983067	0.623518	-0.780659	0.042397	0.773543	0.608152	-0.178274
11955	9.423053	0.585150	-0.970492	0.125265	-0.275685	0.057067	0.115844	0.145213	0.982595	0.624427	-0.779972	0.041651	0.772445	0.608734	-0.181030
11956	9.594819	0.636307	-0.777743	0.058433	-0.245267	0.066378	0.118135	0.146223	0.982173	0.624808	-0.779705	0.040929	0.771790	0.608834	-0.183471
11957	9.194829	0.535011	-1.081426	-0.082304	-0.248632	0.076885	0.120503	0.147164	0.981744	0.624088	-0.780311	0.040367	0.772006	0.607830	-0.185873
11958	9.348611	0.167880	-1.439354	-0.020952	-0.299898	0.081073	0.123305	0.148387	0.981212	0.623835	-0.780550	0.039647	0.771768	0.607226	-0.188815
11959	9.439097	0.468688	-1.154295	0.012604	-0.337813	0.082189	0.126393	0.149825	0.980600	0.623837	-0.780588	0.038857	0.771267	0.606823	-0.192127
11960	9.513404	0.373407	-1.632151	-0.024488	-0.377869	0.083423	0.129808	0.151499	0.979897	0.623549	-0.780854	0.038123	0.770932	0.606065	-0.195828
11961	9.588737	0.292687	-1.972150	0.039755	-0.401707	0.076632	0.133350	0.153363	0.979131	0.623762	-0.780722	0.037334	0.770155	0.605766	-0.199771
11962	9.626177	0.513256	-2.242916	0.078740	-0.400705	0.079526	0.136911	0.155203	0.978349	0.624268	-0.780360	0.036434	0.769119	0.605764	-0.203728
11963	9.533510	0.305193	-2.665779	0.051441	-0.397302	0.073790	0.140394	0.157062	0.977559	0.624569	-0.780156	0.035647	0.768247	0.605548	-0.207625
11964	9.520424	-0.031937	-2.854398	0.117823	-0.392014	0.082362	0.143899	0.158827	0.976764	0.625365	-0.779564	0.034631	0.766950	0.605850	-0.211503
11965	9.536450	-0.195993	-2.767341	0.179460	-0.395513	0.081630	0.147409	0.160618	0.975947	0.626629	-0.778598	0.033491	0.765250	0.606619	-0.215420
11966	9.954977	-0.143845	-2.531383	0.266156	-0.373171	0.087224	0.150790	0.162239	0.975162	0.628541	-0.777114	0.032098	0.763019	0.608089	-0.219155
11967	9.843942	-0.025626	-2.305094	0.224524	-0.338251	0.100624	0.153970	0.163545	0.974447	0.630107	-0.775903	0.030661	0.761090	0.609285	-0.222516
11968	9.551756	-0.497782	-2.674180	0.236323	-0.354464	0.101157	0.157284	0.164956	0.973679	0.631755	-0.774619	0.029181	0.759044	0.610537	-0.226047
11969	9.498644	-0.442330	-3.118111	0.578493	-0.364617	0.089607	0.160581	0.166525	0.972874	0.636000	-0.771216	0.027030	0.754797	0.614407	-0.229752
11970	9.553839	0.767158	-2.069803	0.788389	-0.361439	0.092826	0.163875	0.168074	0.972058	0.641787	-0.766497	0.024335	0.749169	0.619866	-0.233477
11971	9.447393	1.129920	-1.742527	0.593479	-0.366102	0.109676	0.167284	0.169540	0.971222	0.646047	-0.762983	0.021913	0.744741	0.623789	-0.237166
11972	9.377818	0.071499	-2.263281	0.446898	-0.377688	0.127552	0.170898	0.170962	0.970343	0.649161	-0.760397	0.019641	0.741204	0.626552	-0.240932
11973	9.560115	-0.615490	-2.899423	0.581365	-0.376634	0.138892	0.174554	0.172302	0.969455	0.653226	-0.756974	0.016922	0.736767	0.630320	-0.244685
11974	9.656715	-0.079223	-2.782851	0.815030	-0.362419	0.149319	0.178175	0.173502	0.968582	0.658953	-0.752063	0.013500	0.730777	0.635845	-0.248328
11975	9.594564	1.061641	-2.419674	0.852269	-0.361345	0.165593	0.181868	0.174596	0.967698	0.664866	-0.746899	0.009804	0.724484	0.641606	-0.251920
11976	9.567757	1.676823	-1.864789	0.660647	-0.362416	0.190468	0.185736	0.175542	0.966792	0.669295	-0.742970	0.006320	0.719407	0.645895	-0.255486
11977	9.529992	0.908943	-1.967314	0.438468	-0.375959	0.212259	0.189825	0.176427	0.965836	0.672052	-0.740497	0.003180	0.715760	0.648489	-0.259133
11978	9.437745	0.172514	-2.306717	0.520419	-0.393764	0.228626	0.194154	0.177330	0.964810	0.675337	-0.737509	-0.000350	0.711494	0.651640	-0.262948
11979	9.570414	0.240932	-2.110908	0.725540	-0.418512	0.244236	0.198742	0.178297	0.963697	0.680009	-0.733190	-0.004587	0.705755	0.656234	-0.266959
11980	9.401180	0.552906	-1.524243	0.757881	-0.432673	0.261569	0.203546	0.179266	0.962514	0.684819	-0.728657	-0.009110	0.699709	0.661002	-0.271080
11981	9.259195	0.217761	-1.362452	0.644447	-0.475433	0.275566	0.208719	0.180441	0.961185	0.688753	-0.724871	-0.013482	0.694303	0.664833	-0.275574
11982	9.482416	-0.122410	-1.462200	0.710979	-0.513364	0.283388	0.214202	0.181848	0.959713	0.693079	-0.720633	-0.018144	0.688302	0.669043	-0.280396
11983	9.949737	0.609985	-0.701063	0.817783	-0.544444	0.307412	0.220035	0.183321	0.958111	0.698023	-0.715694	-0.023367	0.681431	0.673925	-0.285441
11984	10.052261	0.965888	0.456867	0.635129	-0.588432	0.333975	0.226339	0.184942	0.956330	0.701598	-0.712008	-0.028357	0.675671	0.677378	-0.290910
11985	9.984426	0.656733	-0.088907	0.495987	-0.664925	0.335759	0.233141	0.187093	0.954275	0.704177	-0.709258	-0.032984	0.670657	0.679668	-0.297104
11986	10.295789	1.142440	0.125699	0.645210	-0.748114	0.361643	0.240657	0.189657	0.951900	0.707638	-0.705535	-0.038332	0.664329	0.682826	-0.304000
11987	10.636104	1.709958	1.064701	0.411841	-0.836551	0.406524	0.249040	0.192536	0.949162	0.709380	-0.703487	-0.043425	0.659362	0.684131	-0.311778
11988	10.595525	0.680699	-0.228500	-0.012502	-0.923313	0.427215	0.258109	0.195861	0.946054	0.708227	-0.704392	-0.047393	0.657111	0.682253	-0.320524
11989	10.387370	-0.068982	-0.968887	0.101915	-0.988834	0.456187	0.267786	0.199412	0.942616	0.707708	-0.704590	-0.051994	0.653789	0.681020	-0.329805
11990	10.412555	-0.366686	-1.645693	0.019761	-1.069300	0.477973	0.278101	0.203336	0.938783	0.706545	-0.705408	-0.056515	0.650734	0.679010	-0.339841
11991	11.751763	-0.900923	-1.795446	0.312803	-1.127112	0.511154	0.288984	0.207411	0.934595	0.707136	-0.704324	-0.062344	0.645327	0.678903	-0.350206
11992	12.127014	-1.049132	-0.664749	0.397883	-1.150974	0.547702	0.300210	0.211394	0.930154	0.708092	-0.702758	-0.068824	0.639124	0.679296	-0.360661
11993	12.108103	0.164511	1.337833	0.371147	-1.192933	0.553748	0.311686	0.215635	0.925394	0.708773	-0.701409	-0.075283	0.632845	0.679358	-0.371456
11994	11.713039	-0.929010	1.265213	0.239159	-1.366370	0.578418	0.324344	0.220869	0.919792	0.708455	-0.701037	-0.081482	0.626811	0.678059	-0.383853
11995	11.936283	-0.653277	3.538042	0.588433	-1.566975	0.585724	0.338214	0.227425	0.913175	0.710191	-0.698347	-0.089112	0.617447	0.678667	-0.397706
11996	12.591450	1.585898	6.967985	0.059497	-1.686205	0.632299	0.353005	0.234430	0.905776	0.708388	-0.699392	-0.095063	0.611207	0.675199	-0.412957
11997	12.890428	2.564018	6.285014	-0.843070	-1.803397	0.701127	0.368930	0.241611	0.897505	0.700723	-0.706699	-0.097795	0.610637	0.664982	-0.430024
11998	13.059924	2.101641	4.996524	-1.312242	-2.075563	0.743520	0.386723	0.249972	0.887670	0.689912	-0.717145	-0.098616	0.611937	0.650551	-0.449796
11999	14.779844	0.771741	3.807508	-1.283240	-2.298245	0.781868	0.406104	0.259129	0.876317	0.678979	-0.727375	-0.099566	0.611611	0.635435	-0.471333
12000	14.766174	1.307025	2.180516	-1.237793	-2.380822	0.808896	0.426022	0.268149	0.864061	0.668074	-0.737264	-0.100591	0.610068	0.620111	-0.493234
12001	14.828842	1.044537	-0.886156	-1.300719	-2.521090	0.801366	0.446650	0.277653	0.850537	0.656677	-0.747397	-0.100862	0.607684	0.603578	-0.516153
12002	13.866073	0.452396	-3.559156	-1.099000	-2.587494	0.748554	0.467112	0.287438	0.836173	0.646628	-0.756045	-0.101333	0.603058	0.588027	-0.539023
12003	12.727118	0.837350	-5.406632	-1.053846	-2.625434	0.653273	0.487034	0.297734	0.821068	0.637207	-0.764058	-0.100912	0.597298	0.572338	-0.561840
12004	11.625872	0.576589	-9.276393	-0.948777	-2.612658	0.521656	0.505770	0.308481	0.805628	0.629010	-0.770981	-0.099675	0.590376	0.557160	-0.583977
12005	11.594202	0.989101	-9.482628	-0.511556	-2.442821	0.403652	0.522577	0.318859	0.790722	0.623960	-0.775054	-0.099827	0.581022	0.545547	-0.603981
12006	11.661642	1.475394	-7.009555	-0.295920	-2.094153	0.325922	0.536596	0.327659	0.777627	0.620557	-0.777692	-0.100525	0.571816	0.536503	-0.620637
12007	11.086254	2.504356	-2.910327	-0.270743	-1.544075	0.285508	0.547112	0.333692	0.767670	0.617494	-0.780063	-0.101004	0.565127	0.529292	-0.632835
12008	8.664211	2.928400	-4.051809	-0.940982	-1.100061	0.211764	0.554545	0.337798	0.760508	0.611040	-0.785686	-0.096575	0.564897	0.518256	-0.642107
12009	7.752300	-0.490026	-5.934745	-1.176260	-0.638066	0.082992	0.558637	0.340443	0.756322	0.603937	-0.791981	-0.089587	0.568494	0.506818	-0.648036
12010	7.333129	-3.899671	-5.651337	-0.672542	-0.080664	-0.025343	0.558859	0.341055	0.755882	0.600272	-0.795268	-0.084984	0.572145	0.501229	-0.649169
12011	7.081943	-4.933124	-5.422259	0.090214	0.509771	-0.094047	0.555343	0.339271	0.759269	0.601338	-0.794480	-0.084825	0.574445	0.503684	-0.645225
12012	6.612313	-4.454711	-5.166298	0.804539	1.117653	-0.147387	0.547942	0.334752	0.766616	0.606806	-0.789873	-0.088810	0.575800	0.513850	-0.635934
12013	6.033810	-3.633832	-5.128765	1.240832	1.688812	-0.210575	0.536889	0.327629	0.777438	0.615127	-0.782689	-0.094957	0.577381	0.529205	-0.621750
12014	5.271944	-2.804300	-4.688036	1.569657	2.196742	-0.291846	0.522290	0.318057	0.791235	0.625780	-0.773270	-0.102238	0.579321	0.548537	-0.602905
12015	5.152702	-1.825812	-4.370622	1.614951	2.647374	-0.374640	0.504511	0.306167	0.807298	0.637110	-0.763060	-0.108764	0.582717	0.569210	-0.580034
12016	5.189181	-1.226039	-3.902643	1.408180	3.063349	-0.460540	0.483522	0.291909	0.825224	0.647663	-0.753510	-0.112942	0.588846	0.589077	-0.553398
12017	5.552550	-1.783687	-4.470261	0.881986	3.412040	-0.526518	0.459790	0.275507	0.844209	0.655407	-0.746735	-0.113265	0.599195	0.605379	-0.523911
12018	5.886120	-3.541152	-5.893500	0.679895	3.700599	-0.576916	0.433503	0.257108	0.863696	0.662125	-0.741015	-0.111744	0.611281	0.620316	-0.491470
12019	6.111027	-4.479306	-5.993198	0.968230	3.941752	-0.635960	0.404936	0.237036	0.883086	0.670779	-0.733343	-0.110741	0.621356	0.637198	-0.455955
12020	6.886596	-3.430698	-5.503117	1.045798	4.132010	-0.684099	0.374365	0.215328	0.901934	0.680014	-0.725027	-0.109160	0.630422	0.654193	-0.417851
12021	7.549225	-2.343389	-4.939900	0.723767	4.298931	-0.698662	0.342225	0.191970	0.919799	0.687136	-0.718808	-0.105638	0.640879	0.668178	-0.377904
12022	7.651608	-2.247130	-5.193675	0.085504	4.411848	-0.702465	0.308721	0.167327	0.936319	0.689996	-0.716959	-0.099379	0.654673	0.676736	-0.336795
12023	7.840446	-2.981590	-6.270845	-0.311845	4.461289	-0.680670	0.274441	0.141936	0.951071	0.689929	-0.718016	-0.091930	0.669836	0.681401	-0.294979
12024	8.025613	-3.611053	-6.875726	-0.334191	4.490037	-0.641449	0.239544	0.115856	0.963948	0.689331	-0.719463	-0.084829	0.683696	0.684800	-0.252207
12025	8.204335	-3.613258	-6.223395	-0.189969	4.470810	-0.612400	0.204466	0.089597	0.974765	0.689392	-0.720132	-0.078414	0.694933	0.688028	-0.209010
