// General information: 
//  MT Manager version: 2022.2.0 
//  XDA version: 2022.2.0 build 7381 rev 124627 built on 2023-07-19
// Device information: 
//  DeviceId: 00B4CB9F
//  ProductCode: MTW2-3A7G6
//  Firmware Version: 4.6.0
//  Hardware Version: 2.0.0
// Device settings: 
//  Filter Profile: human(46.1)
//  Option Flags: Orientation Smoother Disabled, Position/Velocity Smoother Disabled, Continuous Zero Rotation Update Disabled, AHS Disabled, ICC Disabled
// Coordinate system: ENU
PacketCounter	Acc_X	Acc_Y	Acc_Z	Gyr_X	Gyr_Y	Gyr_Z	Mat[1][1]	Mat[2][1]	Mat[3][1]	Mat[1][2]	Mat[2][2]	Mat[3][2]	Mat[1][3]	Mat[2][3]	Mat[3][3]
20990	9.818401	0.571312	-1.711833	0.109152	0.009950	-0.058877	0.167639	0.036733	0.985164	0.296524	-0.954910	-0.014852	0.940197	0.294615	-0.170972
20991	9.868569	0.572010	-1.574850	0.074795	0.032517	-0.051147	0.167227	0.037094	0.985220	0.297313	-0.954669	-0.014521	0.940021	0.295348	-0.170675
20992	9.796643	0.505933	-1.576657	0.032337	0.051313	-0.041191	0.166694	0.037278	0.985304	0.297681	-0.954559	-0.014247	0.939999	0.295681	-0.170217
20993	9.682828	0.398366	-1.588291	0.016464	0.067944	-0.025549	0.166026	0.037290	0.985416	0.297879	-0.954500	-0.014068	0.940055	0.295870	-0.169580
20994	9.419357	0.220560	-1.787861	-0.008418	0.058148	0.000243	0.165550	0.037062	0.985505	0.297795	-0.954525	-0.014129	0.940166	0.295817	-0.169058
20995	9.252181	-0.076789	-2.182343	-0.015053	0.012279	0.006508	0.165500	0.036931	0.985518	0.297643	-0.954571	-0.014212	0.940222	0.295685	-0.168974
20996	9.323244	-0.170426	-2.474974	0.029120	-0.023569	0.016151	0.165841	0.036795	0.985466	0.297886	-0.954491	-0.014491	0.940085	0.295960	-0.169255
20997	9.441092	-0.055380	-2.602756	0.069447	-0.043394	0.015166	0.166341	0.036748	0.985383	0.298514	-0.954290	-0.014804	0.939798	0.296613	-0.169707
20998	9.571351	0.041101	-2.459748	0.052818	-0.046087	0.018650	0.166905	0.036657	0.985291	0.298975	-0.954141	-0.015147	0.939551	0.297105	-0.170211
20999	9.607843	0.120534	-2.374582	0.008617	-0.035214	0.023141	0.167352	0.036509	0.985221	0.299018	-0.954123	-0.015435	0.939458	0.297182	-0.170591
21000	9.579665	0.184210	-2.199514	-0.029750	-0.040387	0.018474	0.167866	0.036407	0.985137	0.298702	-0.954218	-0.015634	0.939467	0.296887	-0.171055
21001	9.697790	0.146483	-1.890806	-0.091644	-0.024959	0.025678	0.168223	0.036204	0.985084	0.297799	-0.954498	-0.015775	0.939690	0.296010	-0.171350
21002	9.636742	-0.394515	-1.838890	-0.148662	-0.022375	0.045135	0.168648	0.035796	0.985026	0.296321	-0.954954	-0.016030	0.940081	0.294587	-0.171658
21003	9.584304	-0.807345	-1.810402	-0.121036	-0.021393	0.052422	0.169050	0.035327	0.984974	0.295095	-0.955328	-0.016384	0.940394	0.293430	-0.171923
21004	9.597312	-0.818897	-1.885058	-0.020521	-0.034566	0.036486	0.169564	0.035034	0.984896	0.294835	-0.955401	-0.016775	0.940383	0.293226	-0.172331
21005	9.713425	-0.472587	-1.791104	0.076065	-0.043318	0.021364	0.170081	0.034925	0.984811	0.295514	-0.955184	-0.017162	0.940076	0.293944	-0.172780
21006	9.767247	-0.115088	-1.661347	0.103560	-0.048612	0.005699	0.170638	0.034966	0.984713	0.296472	-0.954882	-0.017468	0.939674	0.294920	-0.173305
21007	9.777268	0.011427	-1.587860	0.121045	-0.051160	-0.011299	0.171131	0.035194	0.984619	0.297629	-0.954519	-0.017611	0.939218	0.296065	-0.173823
21008	9.847105	0.168214	-1.372939	0.109572	-0.041577	-0.003226	0.171594	0.035301	0.984535	0.298658	-0.954194	-0.017840	0.938807	0.297100	-0.174277
21009	9.864609	0.300360	-1.239525	0.075550	-0.030116	0.005822	0.171941	0.035303	0.984475	0.299357	-0.953970	-0.018074	0.938521	0.297817	-0.174595
21010	9.753256	0.214939	-1.212014	0.037896	-0.035645	0.016322	0.172402	0.035209	0.984397	0.299679	-0.953863	-0.018368	0.938333	0.298170	-0.174999
21011	9.247885	0.089407	-1.354746	0.017261	-0.024723	0.033645	0.172782	0.034930	0.984341	0.299784	-0.953822	-0.018774	0.938230	0.298333	-0.175275
21012	9.498618	-0.027048	-1.532940	0.012381	-0.118232	0.040876	0.174088	0.034849	0.984113	0.299824	-0.953800	-0.019263	0.937976	0.298415	-0.176494
21013	10.350010	-0.314482	-1.518585	0.047564	-0.046997	0.042518	0.174703	0.034552	0.984015	0.300197	-0.953672	-0.019811	0.937742	0.298859	-0.176982
21014	9.881942	-0.070182	-1.659178	0.071457	-0.031036	0.034595	0.175172	0.034271	0.983941	0.300801	-0.953470	-0.020342	0.937461	0.299534	-0.177330
21015	9.707010	0.066815	-1.562391	0.072738	-0.020445	0.023562	0.175481	0.034076	0.983893	0.301442	-0.953259	-0.020748	0.937198	0.300227	-0.177551
21016	9.749256	0.104490	-1.553242	0.041274	-0.020942	0.016198	0.175798	0.033942	0.983841	0.301796	-0.953140	-0.021044	0.937024	0.300618	-0.177804
21017	9.663863	0.117437	-1.606332	0.001828	-0.012750	0.027177	0.176046	0.033689	0.983805	0.301765	-0.953143	-0.021360	0.936987	0.300638	-0.177964
21018	9.494374	-0.067816	-1.741152	-0.047087	-0.010612	0.036857	0.176327	0.033328	0.983767	0.301255	-0.953297	-0.021700	0.937099	0.300191	-0.178132
21019	9.478203	-0.322249	-1.839083	-0.054883	-0.028449	0.043971	0.176773	0.032963	0.983700	0.300663	-0.953475	-0.022079	0.937205	0.299665	-0.178459
21020	9.567715	-0.335251	-1.832820	-0.058990	-0.042712	0.052283	0.177400	0.032551	0.983600	0.300013	-0.953668	-0.022549	0.937295	0.299094	-0.178946
21021	10.080838	-0.397643	-1.823900	-0.064563	-0.016119	0.045450	0.177734	0.032134	0.983554	0.299328	-0.953875	-0.022926	0.937451	0.298479	-0.179154
21022	9.877101	-0.405291	-1.779000	-0.074031	0.001555	0.042172	0.177915	0.031685	0.983536	0.298555	-0.954109	-0.023269	0.937663	0.297779	-0.179210
21023	9.818649	-0.534725	-1.790084	-0.064689	0.016791	0.033254	0.177904	0.031286	0.983550	0.297889	-0.954311	-0.023526	0.937877	0.297174	-0.179095
21024	9.749854	-0.647503	-1.871298	-0.019214	0.013308	0.020984	0.177912	0.031003	0.983558	0.297666	-0.954374	-0.023760	0.937946	0.296999	-0.179023
21025	9.591927	-0.703032	-1.926377	0.048690	0.009755	0.016524	0.177916	0.030785	0.983564	0.298094	-0.954233	-0.024055	0.937809	0.297474	-0.178951
21026	9.428233	-0.552528	-1.909218	0.101443	-0.011471	0.020922	0.178158	0.030575	0.983527	0.299003	-0.953938	-0.024507	0.937474	0.298443	-0.179094
21027	10.151558	-0.585509	-1.795672	0.138267	-0.018064	0.002413	0.178382	0.030574	0.983486	0.300294	-0.953524	-0.024824	0.937018	0.299763	-0.179272
21028	9.779428	-0.417092	-1.844276	0.185299	0.029417	0.000778	0.178181	0.030432	0.983527	0.302023	-0.952967	-0.025230	0.936501	0.301543	-0.178992
21029	9.478260	-0.303175	-1.804102	0.192634	0.028432	-0.005258	0.177946	0.030365	0.983572	0.303836	-0.952381	-0.025568	0.935959	0.303394	-0.178698
21030	9.300134	-0.260122	-1.874826	0.172221	0.009906	0.004345	0.177940	0.030247	0.983576	0.305434	-0.951859	-0.025985	0.935440	0.305042	-0.178612
21031	9.290953	-0.200339	-1.909718	0.155689	-0.010054	0.009688	0.178111	0.030154	0.983548	0.306873	-0.951384	-0.026404	0.934936	0.306527	-0.178705
21032	9.266752	-0.152397	-2.064623	0.115108	-0.025518	0.017802	0.178478	0.030017	0.983486	0.307912	-0.951036	-0.026851	0.934525	0.307619	-0.178981
21033	9.647018	-0.150487	-2.105553	0.090127	-0.042415	0.016461	0.178972	0.029960	0.983398	0.308724	-0.950762	-0.027220	0.934162	0.308470	-0.179409
21034	9.705557	-0.170875	-2.003331	0.076282	-0.024916	0.016545	0.179331	0.029836	0.983336	0.309401	-0.950531	-0.027585	0.933869	0.309192	-0.179691
21035	9.664715	-0.213423	-1.914928	0.064897	-0.008168	0.005346	0.179471	0.029779	0.983312	0.309998	-0.950331	-0.027799	0.933644	0.309814	-0.179789
21036	9.663108	-0.171895	-1.737186	0.069192	0.009355	0.000081	0.179460	0.029707	0.983317	0.310638	-0.950116	-0.027989	0.933434	0.310478	-0.179736
21037	9.635671	-0.105232	-1.658614	0.061193	0.014996	-0.001393	0.179363	0.029642	0.983336	0.311211	-0.949924	-0.028131	0.933261	0.311071	-0.179607
21038	9.733109	-0.179973	-1.712356	0.036083	0.011312	0.011159	0.179367	0.029459	0.983341	0.311522	-0.949815	-0.028369	0.933157	0.311421	-0.179543
21039	9.773548	-0.452005	-1.799619	0.040500	0.006371	0.018983	0.179415	0.029228	0.983339	0.311866	-0.949693	-0.028673	0.933033	0.311815	-0.179504
21040	9.764522	-0.605495	-1.862850	0.059428	0.005193	0.024396	0.179517	0.028938	0.983329	0.312371	-0.949515	-0.029084	0.932844	0.312384	-0.179494
21041	9.607657	-0.589015	-2.035958	0.076736	0.012719	0.024764	0.179524	0.028632	0.983337	0.313042	-0.949281	-0.029510	0.932618	0.313123	-0.179381
21042	9.466427	-0.582328	-2.179565	0.080628	0.008291	0.023998	0.179597	0.028335	0.983332	0.313745	-0.949035	-0.029956	0.932367	0.313895	-0.179334
21043	9.412817	-0.707784	-2.229649	0.046517	0.006148	0.029103	0.179679	0.028009	0.983326	0.314126	-0.948895	-0.030371	0.932223	0.314346	-0.179295
21044	9.308837	-1.094727	-2.376624	0.040755	0.018200	0.053843	0.179757	0.027397	0.983329	0.314403	-0.948782	-0.031040	0.932115	0.314742	-0.179164
21045	9.112050	-1.287233	-2.451731	0.058685	0.011125	0.084487	0.179967	0.026530	0.983315	0.314798	-0.948618	-0.032021	0.931941	0.315309	-0.179072
21046	9.174415	-1.117773	-2.548460	0.129950	-0.011239	0.088365	0.180435	0.025680	0.983252	0.315841	-0.948231	-0.033194	0.931497	0.316541	-0.179205
21047	9.179322	-0.434736	-2.574983	0.189568	-0.038801	0.068838	0.181062	0.025120	0.983151	0.317482	-0.947645	-0.034256	0.930818	0.318335	-0.179558
21048	9.310862	0.226564	-2.579771	0.197423	-0.078542	0.032171	0.181985	0.025019	0.982983	0.319250	-0.947024	-0.035001	0.930033	0.320187	-0.180332
21049	9.477744	0.639170	-2.444193	0.156143	-0.086766	0.005939	0.182859	0.025211	0.982816	0.320691	-0.946523	-0.035386	0.929365	0.321651	-0.181165
21050	9.555943	0.472525	-2.262554	0.072614	-0.081260	0.017199	0.183760	0.025269	0.982646	0.321324	-0.946294	-0.035755	0.928969	0.322319	-0.182011
21051	9.498218	-0.083467	-2.128332	0.007706	-0.057519	0.057556	0.184528	0.024879	0.982512	0.321290	-0.946282	-0.036380	0.928829	0.322384	-0.182609
21052	9.270258	-0.493896	-2.037988	0.008705	-0.051000	0.095620	0.185400	0.024102	0.982367	0.321185	-0.946278	-0.037400	0.928691	0.322455	-0.183181
21053	9.181250	-0.374223	-1.895817	0.073488	-0.081306	0.114582	0.186572	0.023250	0.982166	0.321653	-0.946066	-0.038706	0.928294	0.323138	-0.183988
21054	9.309055	-0.004738	-1.915090	0.111447	-0.118201	0.112745	0.188124	0.022529	0.981887	0.322466	-0.945732	-0.040083	0.927699	0.324166	-0.185180
21055	9.503524	0.590819	-1.761318	0.091743	-0.153445	0.104073	0.189932	0.022013	0.981551	0.323120	-0.945456	-0.041321	0.927103	0.325006	-0.186685
21056	9.677351	0.908209	-1.646399	0.012520	-0.167314	0.098617	0.191892	0.021592	0.981179	0.323039	-0.945437	-0.042373	0.926727	0.325090	-0.188397
21057	9.787316	0.952452	-1.398970	-0.088460	-0.142690	0.114188	0.193631	0.020945	0.980851	0.321998	-0.945746	-0.043371	0.926728	0.324230	-0.189870
21058	9.823188	0.692264	-1.407410	-0.199132	-0.123805	0.162250	0.195384	0.019784	0.980527	0.319830	-0.946423	-0.044635	0.927110	0.322323	-0.191244
21059	9.988728	0.313931	-1.399619	-0.265707	-0.111417	0.197004	0.197093	0.018246	0.980215	0.316979	-0.947312	-0.046102	0.927728	0.319794	-0.192492
21060	10.410214	0.028546	-1.338041	-0.270588	-0.104418	0.191850	0.198747	0.016737	0.979908	0.314081	-0.948207	-0.047507	0.928360	0.317213	-0.193711
21061	9.974727	-0.270539	-1.243207	-0.234735	-0.022456	0.174325	0.199549	0.015124	0.979771	0.311553	-0.948975	-0.048805	0.929040	0.314990	-0.194079
21062	9.988991	-0.646309	-1.191608	-0.197176	-0.046434	0.162844	0.200562	0.013701	0.979585	0.309388	-0.949617	-0.050063	0.929545	0.313113	-0.194696
21063	9.901716	-0.904711	-1.108436	-0.121765	-0.021584	0.166374	0.201324	0.012157	0.979449	0.307921	-0.950017	-0.051500	0.929868	0.311961	-0.195004
21064	9.838391	-1.046197	-1.118913	-0.016847	0.002518	0.169313	0.201892	0.010515	0.979351	0.307418	-0.950088	-0.053173	0.929910	0.311806	-0.195048
21065	9.803569	-0.744105	-1.095194	0.113796	0.001037	0.154679	0.202406	0.009012	0.979260	0.308163	-0.949745	-0.054955	0.929552	0.312895	-0.195011
21066	9.587146	-0.140018	-1.098115	0.210353	-0.031508	0.127687	0.203161	0.007868	0.979114	0.309850	-0.949095	-0.056666	0.928826	0.314891	-0.195257
21067	9.856461	0.295723	-1.015447	0.187798	-0.053540	0.116533	0.204068	0.006901	0.978932	0.311355	-0.948508	-0.058219	0.928124	0.316677	-0.195709
21068	10.108452	0.529341	-0.891365	0.110890	-0.057982	0.113172	0.205021	0.005983	0.978739	0.312148	-0.948163	-0.059591	0.927648	0.317729	-0.196261
21069	10.140055	0.680103	-0.716156	0.002372	-0.043648	0.119607	0.205847	0.004957	0.978572	0.311923	-0.948159	-0.060811	0.927540	0.317757	-0.196722
21070	10.327302	0.689301	-0.424651	-0.119501	-0.028770	0.117691	0.206532	0.003909	0.978432	0.310572	-0.948541	-0.061768	0.927841	0.316631	-0.197118
21071	10.551964	0.588674	0.017282	-0.226313	-0.004640	0.115070	0.206979	0.002801	0.978341	0.308233	-0.949256	-0.062493	0.928522	0.314491	-0.197340
21072	10.787444	0.469852	0.534860	-0.293263	0.061129	0.127109	0.206843	0.001379	0.978373	0.305240	-0.950176	-0.063193	0.929540	0.311710	-0.196958
21073	10.844921	0.420486	1.078849	-0.326161	0.148580	0.121977	0.205878	-0.000272	0.978578	0.301953	-0.951186	-0.063791	0.930827	0.308618	-0.195746
21074	10.770905	0.464907	1.531492	-0.335548	0.259079	0.114551	0.203831	-0.002179	0.979004	0.298607	-0.952208	-0.064290	0.932355	0.305442	-0.193439
21075	10.821197	0.666427	2.003564	-0.330001	0.356528	0.103135	0.200857	-0.004276	0.979611	0.295318	-0.953205	-0.064712	0.934047	0.302295	-0.190196
21076	11.146589	0.700661	2.488678	-0.326381	0.524940	0.070920	0.196159	-0.006556	0.980550	0.292129	-0.954180	-0.064820	0.936046	0.299162	-0.185256
21077	10.609933	1.341551	2.940757	-0.344007	0.628279	0.045338	0.190450	-0.008889	0.981657	0.288817	-0.955197	-0.064683	0.938250	0.295837	-0.179350
21078	11.330661	1.621184	3.584188	-0.424723	0.819727	-0.007342	0.182702	-0.011254	0.983104	0.284847	-0.956442	-0.063886	0.941000	0.291707	-0.171538
21079	11.627213	1.870010	3.868517	-0.590184	0.971649	-0.061728	0.173416	-0.013502	0.984756	0.279394	-0.958151	-0.062338	0.944387	0.285945	-0.162386
21080	10.976610	1.776793	4.075916	-0.712303	1.254998	-0.074571	0.161273	-0.016356	0.986774	0.272806	-0.960165	-0.060501	0.948455	0.278955	-0.150387
21081	11.736957	1.482267	4.168750	-0.928279	1.369652	-0.063930	0.148126	-0.019532	0.988776	0.264080	-0.962720	-0.058578	0.953058	0.269793	-0.137446
21082	11.580127	1.140653	3.815750	-0.986576	1.555331	-0.025955	0.133106	-0.023427	0.990825	0.254725	-0.965330	-0.057043	0.957809	0.259981	-0.122524
21083	11.154623	1.041085	3.387062	-1.026830	1.676201	0.012468	0.117089	-0.027852	0.992731	0.244853	-0.967940	-0.056036	0.962464	0.249634	-0.106515
21084	11.246530	1.371759	3.091047	-1.002556	1.728514	0.009446	0.100317	-0.032198	0.994434	0.235217	-0.970377	-0.055147	0.966752	0.239440	-0.089772
21085	11.526108	1.270326	2.536022	-0.972352	1.753074	-0.046737	0.083272	-0.035888	0.995880	0.225844	-0.972669	-0.053936	0.970598	0.229405	-0.072891
21086	11.867347	0.739064	1.703160	-0.938545	1.693370	-0.130426	0.066376	-0.038446	0.997054	0.216869	-0.974813	-0.052026	0.973941	0.219683	-0.056367
21087	11.985239	-0.152595	0.912965	-0.865358	1.633018	-0.224264	0.050016	-0.039807	0.997955	0.208565	-0.976759	-0.049414	0.976729	0.210610	-0.040551
21088	12.093479	-1.486880	0.488237	-0.714739	1.547959	-0.350602	0.034007	-0.039608	0.998636	0.201780	-0.978365	-0.045675	0.978840	0.203058	-0.025280
21089	11.948490	-2.766775	0.188802	-0.356384	1.428248	-0.495580	0.019071	-0.037664	0.999108	0.198428	-0.979270	-0.040704	0.979930	0.199027	-0.011202
21090	11.932031	-3.770732	-0.781542	0.204278	1.182209	-0.696338	0.005946	-0.033246	0.999430	0.200571	-0.979097	-0.033763	0.979661	0.200658	0.000846
21091	12.531438	-4.053434	-1.944798	0.767849	1.043980	-0.868002	-0.006003	-0.026922	0.999620	0.208096	-0.977787	-0.025084	0.978090	0.207866	0.011472
21092	12.557381	-3.952549	-2.945064	1.094465	1.097162	-0.935013	-0.018854	-0.020181	0.999619	0.218719	-0.975664	-0.015572	0.975606	0.218342	0.022809
21093	11.983572	-3.868661	-3.786768	1.295368	1.288264	-0.952790	-0.033501	-0.013826	0.999343	0.231096	-0.972914	-0.005714	0.972354	0.230753	0.035788
21094	11.132405	-3.723301	-3.543185	1.278536	1.418808	-0.917039	-0.049555	-0.008346	0.998737	0.243164	-0.969977	0.003960	0.968719	0.243053	0.050097
21095	9.936690	-4.192487	-3.545714	1.318624	1.505498	-0.872684	-0.066239	-0.003684	0.997797	0.255416	-0.966738	0.013387	0.964559	0.255740	0.064977
21096	9.190040	-4.157873	-3.742076	1.477372	1.482896	-0.856660	-0.082831	0.000604	0.996563	0.269023	-0.962860	0.022944	0.959565	0.269999	0.079592
21097	8.599498	-3.454460	-3.756285	1.686865	1.448272	-0.843409	-0.098973	0.004644	0.995079	0.284405	-0.958144	0.032760	0.953582	0.286248	0.093510
21098	8.209379	-1.845361	-3.624425	1.888863	1.403533	-0.841334	-0.114818	0.008449	0.993351	0.301476	-0.952506	0.042948	0.946535	0.304402	0.106818
21099	7.827403	0.143187	-3.344299	1.828546	1.303079	-0.818129	-0.129592	0.012106	0.991493	0.317732	-0.946693	0.053088	0.939283	0.321909	0.118838
21100	7.555287	1.299569	-3.172800	1.514477	1.199779	-0.787442	-0.143395	0.015509	0.989544	0.330853	-0.941597	0.062702	0.932724	0.336385	0.129889
21101	7.080980	2.272606	-2.873618	1.112711	1.131494	-0.747741	-0.156380	0.018639	0.987521	0.340096	-0.937665	0.071554	0.927297	0.347041	0.140293
21102	6.731276	2.726362	-2.799244	0.649519	1.038097	-0.692870	-0.168360	0.021427	0.985493	0.345000	-0.935249	0.079274	0.923380	0.353341	0.150066
21103	6.784715	2.979030	-2.723890	0.276569	0.937723	-0.628562	-0.179133	0.023946	0.983533	0.346474	-0.934123	0.085847	0.920797	0.356147	0.159035
21104	6.799062	3.090961	-2.509812	-0.082344	0.818274	-0.549847	-0.188550	0.026127	0.981716	0.344725	-0.934275	0.091073	0.919573	0.355594	0.167151
21105	6.899748	2.840805	-2.366121	-0.456729	0.708991	-0.438633	-0.196525	0.027692	0.980108	0.339696	-0.935770	0.094553	0.919774	0.351521	0.174495
21106	6.758581	2.313304	-2.404374	-0.783130	0.606153	-0.313503	-0.203133	0.028496	0.978736	0.331882	-0.938403	0.096203	0.921190	0.344367	0.181163
21107	6.516592	1.767839	-2.334086	-1.047959	0.485132	-0.190874	-0.208185	0.028613	0.977671	0.321840	-0.941905	0.096099	0.923622	0.334660	0.186882
21108	6.541080	1.129456	-1.984393	-1.195278	0.344769	-0.103472	-0.211665	0.028445	0.976928	0.310585	-0.945803	0.094831	0.926680	0.323491	0.191359
21109	6.709860	0.643858	-1.871287	-1.167749	0.224546	-0.030657	-0.213797	0.027990	0.976477	0.299698	-0.949507	0.092835	0.929770	0.312496	0.194613
21110	6.661212	0.443527	-1.167432	-1.106138	0.035033	-0.006111	-0.214090	0.027938	0.976414	0.289402	-0.952899	0.090720	0.932959	0.301998	0.195921
21111	6.971428	-0.177217	-0.282291	-1.062298	-0.132946	0.002230	-0.212796	0.028279	0.976687	0.279496	-0.956053	0.088577	0.936269	0.291829	0.195540
21112	7.111040	-0.915968	0.920431	-0.933732	-0.270059	0.041949	-0.210086	0.028652	0.977263	0.270845	-0.958744	0.086334	0.939418	0.282824	0.193659
21113	6.764623	-1.394340	1.752825	-0.615970	-0.327366	0.109779	-0.206668	0.028481	0.977996	0.265297	-0.960498	0.084034	0.941757	0.276827	0.190948
21114	6.393782	-1.719509	1.899712	-0.298930	-0.594250	0.130990	-0.200655	0.028848	0.979237	0.262762	-0.961356	0.082164	0.943766	0.273793	0.185321
21115	6.051971	-1.381268	0.882826	0.182805	-0.844200	0.053378	-0.192498	0.030619	0.980820	0.264610	-0.960869	0.081929	0.944948	0.275306	0.176863
21116	7.298090	1.243822	3.738588	0.748783	-1.334883	-0.225043	-0.180415	0.036479	0.982914	0.271282	-0.958706	0.085374	0.945440	0.282050	0.163069
21117	8.906651	4.169729	6.678173	0.749849	-1.516973	-0.464333	-0.167297	0.045220	0.984869	0.277582	-0.956376	0.091064	0.946023	0.288617	0.147447
21118	11.342154	4.305647	8.414590	0.243091	-1.485015	-0.508300	-0.154605	0.054358	0.986480	0.279083	-0.955418	0.096385	0.947739	0.290211	0.132542
21119	13.255931	2.320129	9.144862	-0.432372	-1.158283	-0.309972	-0.144424	0.060622	0.987657	0.274530	-0.956484	0.098853	0.950671	0.285418	0.121496
21120	13.265847	0.699612	8.815030	-0.891240	-0.656446	-0.053014	-0.138310	0.062949	0.988387	0.265988	-0.958952	0.098295	0.954002	0.276494	0.115889
21121	12.211900	-0.157870	8.357672	-0.915298	-0.293595	0.057648	-0.135309	0.063160	0.988788	0.257337	-0.961478	0.096631	0.956802	0.267527	0.113843
21122	10.826576	-0.427558	7.370433	-0.914859	-0.010766	0.056644	-0.135091	0.062597	0.988854	0.248674	-0.963918	0.094991	0.959120	0.258735	0.114650
21123	7.073600	-0.987677	3.265779	-0.945807	-0.176095	0.039872	-0.133258	0.062625	0.989101	0.239658	-0.966347	0.093473	0.961668	0.249502	0.113765
21124	10.622357	-0.900275	2.748144	-0.602690	-0.793934	0.067776	-0.125499	0.063863	0.990036	0.233969	-0.967873	0.092092	0.964110	0.243196	0.106525
21125	18.188837	1.832314	6.985139	-0.577056	-0.529062	0.271554	-0.119721	0.062468	0.990840	0.228747	-0.969431	0.088758	0.966096	0.237278	0.101772
21126	17.604914	2.589661	7.022168	-1.143342	0.239842	0.480239	-0.121029	0.057176	0.991001	0.218295	-0.972367	0.082761	0.968349	0.226347	0.105203
21127	13.142421	-0.431957	3.854655	-1.296098	0.294997	0.419864	-0.122955	0.052401	0.991028	0.206255	-0.975451	0.077167	0.970742	0.213893	0.109129
21128	11.157145	-0.983845	2.596203	-0.657440	0.072437	0.169645	-0.123394	0.050510	0.991072	0.200111	-0.976921	0.074703	0.971972	0.207543	0.110438
21129	9.693318	-0.992103	-0.365662	-0.274358	-0.186052	-0.069188	-0.121680	0.051533	0.991231	0.197373	-0.977452	0.075045	0.972748	0.204773	0.108765
21130	7.461981	-1.295927	-4.573859	0.180188	-0.581923	-0.297116	-0.116682	0.055541	0.991615	0.198804	-0.976922	0.078111	0.973068	0.206251	0.102948
21131	7.512711	-1.467149	-6.571262	0.754073	-0.881215	-0.449325	-0.108976	0.061737	0.992125	0.205646	-0.975078	0.083265	0.972540	0.213101	0.093564
21132	7.851688	-1.454906	-6.865378	1.097330	-0.838499	-0.450481	-0.101815	0.067865	0.992486	0.215860	-0.972393	0.088635	0.971102	0.223262	0.084355
21133	8.784349	-0.750375	-5.203813	1.032314	-0.803160	-0.330161	-0.094707	0.072866	0.992835	0.225565	-0.969808	0.092693	0.969614	0.232728	0.075412
21134	10.198850	-0.724327	-3.362043	0.692004	-0.773485	-0.139837	-0.087530	0.075961	0.993262	0.232161	-0.968077	0.094494	0.968731	0.238868	0.067100
21135	11.281047	-1.413560	-2.442918	0.387995	-0.762356	0.018028	-0.080060	0.077585	0.993766	0.235946	-0.967159	0.094516	0.968463	0.242042	0.059125
21136	11.027034	-0.801285	-1.751621	0.365634	-0.805025	0.076160	-0.072059	0.078722	0.994289	0.239556	-0.966334	0.093870	0.968205	0.244952	0.050775
21137	10.586195	1.044787	-1.357773	0.354421	-0.905856	0.070734	-0.063076	0.080235	0.994778	0.243046	-0.965519	0.093286	0.967962	0.247661	0.041400
21138	10.534957	3.160249	-1.161479	0.154433	-0.924215	0.062689	-0.053939	0.081836	0.995185	0.244586	-0.965193	0.092626	0.968126	0.248405	0.032045
21139	9.394846	3.917560	-0.990047	-0.087608	-0.901778	0.051002	-0.045037	0.083542	0.995486	0.243774	-0.965454	0.092050	0.968786	0.246819	0.023116
21140	9.182073	3.514671	-0.595792	-0.237321	-0.899932	0.001459	-0.036272	0.085665	0.995664	0.241482	-0.966043	0.091913	0.969727	0.243769	0.014353
21141	8.139563	2.799096	-0.120892	-0.182803	-0.867187	-0.039836	-0.027911	0.088117	0.995719	0.239706	-0.966453	0.092247	0.970444	0.241254	0.005853
21142	9.720127	2.256675	0.241202	-0.088118	-0.939895	-0.051017	-0.018873	0.090812	0.995689	0.238848	-0.966623	0.092689	0.970874	0.239567	-0.003447
21143	9.752202	2.078116	0.450261	-0.027345	-0.846983	0.004099	-0.010596	0.092762	0.995632	0.238592	-0.966695	0.092605	0.971062	0.238531	-0.011890
21144	9.885998	1.683690	0.655137	-0.128461	-0.778025	0.083985	-0.002806	0.093746	0.995592	0.237359	-0.967081	0.091730	0.971418	0.236570	-0.019538
21145	9.713333	1.030043	0.627462	-0.279887	-0.720164	0.139907	0.004566	0.094048	0.995557	0.234647	-0.967872	0.090357	0.972070	0.233192	-0.026487
21146	9.607081	0.412642	0.317314	-0.307434	-0.679227	0.139568	0.011524	0.094217	0.995485	0.231656	-0.968718	0.089002	0.972730	0.229584	-0.032989
21147	9.374916	-0.114435	-0.283864	-0.207018	-0.633617	0.095631	0.017952	0.094701	0.995344	0.229636	-0.969283	0.088080	0.973111	0.226985	-0.039147
21148	9.275322	-0.385982	-0.811361	-0.030747	-0.632274	0.058371	0.024266	0.095512	0.995132	0.229333	-0.969411	0.087451	0.973045	0.226095	-0.045428
21149	9.293148	-0.318031	-1.189139	0.156588	-0.632184	0.038261	0.030547	0.096537	0.994861	0.230853	-0.969096	0.086949	0.972509	0.227011	-0.051889
21150	9.623060	-0.039864	-1.708007	0.290402	-0.658127	0.021530	0.037027	0.097770	0.994520	0.233676	-0.968458	0.086508	0.971609	0.229192	-0.058706
21151	9.817273	0.512981	-2.059088	0.368034	-0.663039	0.008182	0.043528	0.099184	0.994117	0.237253	-0.967620	0.086152	0.970472	0.232107	-0.065651
21152	10.045216	1.406380	-2.176919	0.362238	-0.708398	0.001590	0.050444	0.100763	0.993631	0.240771	-0.966781	0.085817	0.969270	0.234908	-0.073029
21153	10.261919	2.318361	-2.036293	0.230272	-0.708004	-0.003484	0.057338	0.102429	0.993086	0.243009	-0.966237	0.085629	0.968328	0.236420	-0.080293
21154	10.227892	2.318788	-1.980989	0.068562	-0.680503	0.001677	0.063976	0.103969	0.992521	0.243676	-0.966081	0.085493	0.967744	0.236384	-0.087141
21155	10.067411	1.660237	-1.808514	-0.145182	-0.632059	0.019664	0.070184	0.105231	0.991968	0.242263	-0.966446	0.085383	0.967669	0.234325	-0.093323
21156	9.832545	0.611849	-1.488465	-0.217894	-0.598450	0.065452	0.076182	0.105947	0.991449	0.240110	-0.967027	0.084887	0.967752	0.231590	-0.099109
21157	9.855622	0.052342	-1.395503	-0.137790	-0.569307	0.090048	0.081950	0.106353	0.990946	0.238710	-0.967443	0.084089	0.967627	0.229658	-0.104670
21158	9.745480	-0.165574	-1.152081	0.002703	-0.538030	0.074749	0.087386	0.106816	0.990431	0.238675	-0.967521	0.083287	0.967160	0.229113	-0.110042
21159	9.165507	-0.151719	-1.255883	0.200145	-0.540256	0.036007	0.092738	0.107673	0.989852	0.240581	-0.967103	0.082659	0.966189	0.230474	-0.115591
21160	9.676316	0.323019	-1.396628	0.375857	-0.582639	-0.005552	0.098404	0.109027	0.989156	0.244215	-0.966230	0.082205	0.964715	0.233478	-0.121707
21161	9.303275	1.305759	-1.529864	0.493546	-0.611306	-0.018932	0.104293	0.110614	0.988376	0.248995	-0.965050	0.081729	0.962873	0.237577	-0.128191
21162	9.184750	1.737048	-1.672404	0.470321	-0.674034	-0.032374	0.110752	0.112490	0.987461	0.253553	-0.963893	0.081367	0.960960	0.241363	-0.135275
21163	9.750122	1.731042	-1.494253	0.378656	-0.660727	-0.010934	0.117112	0.114164	0.986535	0.257205	-0.962964	0.080903	0.959234	0.244267	-0.142138
21164	9.850999	1.859961	-1.167776	0.245973	-0.655040	0.026490	0.123515	0.115469	0.985602	0.259530	-0.962397	0.080227	0.957804	0.245884	-0.148838
21165	9.632806	1.998479	-0.717789	0.087488	-0.568397	0.079664	0.129207	0.116065	0.984802	0.260269	-0.962277	0.079263	0.956852	0.246072	-0.154542
21166	9.681374	1.527711	-0.548990	-0.090680	-0.588658	0.116247	0.135191	0.116350	0.983964	0.259248	-0.962639	0.078209	0.956302	0.244518	-0.160304
21167	9.541426	0.922243	-0.503073	-0.146047	-0.513338	0.125832	0.140469	0.116353	0.983224	0.257681	-0.963144	0.077163	0.955965	0.242519	-0.165274
21168	9.391929	0.476287	-0.577583	-0.080741	-0.483029	0.109258	0.145411	0.116429	0.982497	0.256754	-0.963470	0.076175	0.955475	0.241183	-0.169993
21169	9.298075	0.708669	-0.654045	0.038939	-0.523776	0.080513	0.150664	0.116881	0.981651	0.257008	-0.963473	0.075271	0.954593	0.240952	-0.175200
21170	9.254224	0.594054	-1.195307	0.157030	-0.496886	0.068693	0.155621	0.117377	0.980818	0.258403	-0.963178	0.074266	0.953420	0.241889	-0.180222
21171	9.285461	0.642724	-1.662763	0.283697	-0.528351	0.061405	0.160858	0.118034	0.979894	0.261010	-0.962564	0.073099	0.951840	0.244003	-0.185644
21172	8.834320	0.710767	-2.075585	0.370082	-0.558950	0.084646	0.166435	0.118549	0.978900	0.264392	-0.961760	0.071521	0.949946	0.246910	-0.191413
21173	9.638686	0.823846	-2.213270	0.382448	-0.611204	0.119993	0.172598	0.118878	0.977792	0.267818	-0.960955	0.069557	0.947884	0.249865	-0.197697
21174	9.329971	0.940257	-2.300419	0.362682	-0.580799	0.131915	0.178493	0.119030	0.976715	0.271022	-0.960204	0.067489	0.945879	0.252664	-0.203650
21175	9.804591	0.936542	-2.230353	0.347533	-0.644765	0.142065	0.185017	0.119269	0.975471	0.274047	-0.959494	0.065337	0.943752	0.255236	-0.210208
21176	9.993876	1.223697	-1.826751	0.308301	-0.578936	0.136970	0.190894	0.119400	0.974322	0.276696	-0.958871	0.063295	0.941806	0.257509	-0.216080
21177	9.474086	1.416422	-1.709357	0.256131	-0.569337	0.133917	0.196667	0.119553	0.973154	0.278846	-0.958372	0.061384	0.939982	0.259288	-0.221817
21178	9.675254	1.389638	-1.670415	0.199093	-0.612396	0.133061	0.202828	0.119834	0.971854	0.280451	-0.958016	0.059596	0.938194	0.260469	-0.227920
21179	9.748758	1.301663	-1.466091	0.138047	-0.579680	0.146038	0.208717	0.119912	0.970597	0.281443	-0.957835	0.057813	0.936604	0.261101	-0.233665
21180	9.744426	1.026590	-1.314795	0.116659	-0.575278	0.144591	0.214542	0.119997	0.969315	0.282231	-0.957705	0.056093	0.935049	0.261537	-0.239335
21181	9.905241	1.424483	-0.736652	0.127951	-0.516334	0.130078	0.219778	0.120069	0.968133	0.283142	-0.957530	0.054477	0.933557	0.262146	-0.244441
21182	10.066670	1.604716	-0.486672	0.122133	-0.497922	0.094421	0.224716	0.120440	0.966952	0.284076	-0.957324	0.053222	0.932096	0.262728	-0.249340
21183	10.415727	1.420553	-0.223924	0.107729	-0.431026	0.091640	0.229036	0.120661	0.965911	0.284869	-0.957154	0.052019	0.930802	0.263244	-0.253596
21184	9.754074	1.143329	-0.454364	0.156396	-0.344337	0.110446	0.232568	0.120483	0.965089	0.286076	-0.956874	0.050518	0.929555	0.264340	-0.257005
21185	9.626320	0.980589	-0.779019	0.271691	-0.319127	0.130485	0.235951	0.120047	0.964321	0.288292	-0.956313	0.048510	0.928017	0.266560	-0.260252
21186	9.766803	1.064280	-1.134742	0.392454	-0.322747	0.155853	0.239399	0.119393	0.963553	0.291570	-0.955445	0.045947	0.926108	0.269943	-0.263544
21187	9.473392	1.166489	-1.385158	0.488849	-0.302365	0.178579	0.242764	0.118476	0.962823	0.295659	-0.954331	0.042884	0.923933	0.274256	-0.266706
21188	9.814285	1.035460	-1.473976	0.533957	-0.337380	0.203267	0.246480	0.117443	0.962006	0.300101	-0.953091	0.039464	0.921514	0.278972	-0.270162
21189	10.515733	0.931832	-1.195557	0.552759	-0.336729	0.231165	0.250322	0.116155	0.961170	0.304611	-0.951808	0.035692	0.918995	0.283848	-0.273640
21190	10.771699	0.816992	-0.655199	0.576995	-0.258921	0.243384	0.253435	0.114554	0.960546	0.309309	-0.950432	0.031739	0.916569	0.289061	-0.276305
21191	10.779086	1.006266	0.204381	0.566316	-0.204323	0.216321	0.256024	0.113062	0.960036	0.313938	-0.949029	0.028045	0.914273	0.294212	-0.278469
21192	11.114486	1.177235	1.225819	0.558955	-0.131303	0.211282	0.257867	0.111420	0.959734	0.318520	-0.947601	0.024430	0.912167	0.299395	-0.279845
21193	11.347356	1.964704	2.581472	0.543699	-0.011607	0.206748	0.258682	0.109465	0.959740	0.322937	-0.946190	0.020877	0.910382	0.304535	-0.280112
21194	11.542765	3.518328	4.284453	0.518886	0.085558	0.169026	0.258404	0.107575	0.960029	0.327249	-0.944771	0.017782	0.908920	0.309573	-0.279336
21195	11.786540	4.754501	5.462934	0.363548	0.228989	0.091763	0.256670	0.105963	0.960673	0.330312	-0.943739	0.015843	0.908303	0.313255	-0.277230
21196	12.571160	5.040279	6.453709	0.016705	0.398341	0.048210	0.253116	0.104235	0.961804	0.330387	-0.943721	0.015328	0.909273	0.313888	-0.273309
21197	13.170788	3.641618	5.925541	-0.334767	0.708705	0.061314	0.246909	0.101408	0.963718	0.327182	-0.944833	0.015595	0.912134	0.311460	-0.266467
21198	12.856836	2.675391	4.998061	-0.438178	0.881355	0.101440	0.239039	0.097698	0.966083	0.322996	-0.946269	0.015775	0.915715	0.308270	-0.257751
21199	13.588492	2.371301	4.258517	-0.402150	1.233297	0.033938	0.227873	0.093557	0.969186	0.319223	-0.947537	0.016412	0.919875	0.305647	-0.245784
21200	11.957045	1.276826	2.319847	-0.353633	1.445171	-0.057743	0.214179	0.089677	0.972669	0.316171	-0.948535	0.017832	0.924209	0.303711	-0.231510
21201	11.574669	-0.027596	0.117588	-0.294780	1.600485	-0.069670	0.199179	0.085455	0.976230	0.313583	-0.949368	0.019124	0.928436	0.302321	-0.215891
21202	11.641328	-0.420080	-1.115883	-0.186979	1.753711	-0.101675	0.182341	0.081089	0.979886	0.312126	-0.949819	0.020519	0.932378	0.302106	-0.198500
21203	11.000165	-0.265206	-1.844318	-0.064183	1.877575	-0.148156	0.164384	0.076782	0.983403	0.311783	-0.949897	0.022049	0.935825	0.302984	-0.180087
21204	10.167297	-0.025891	-2.057566	0.024773	1.911767	-0.219603	0.145576	0.073018	0.986649	0.312445	-0.949628	0.024179	0.938715	0.304753	-0.161058
21205	10.105851	0.501432	-2.511280	0.141274	1.829066	-0.359244	0.127306	0.070797	0.989334	0.314265	-0.948938	0.027467	0.940761	0.307416	-0.143055
21206	8.851660	0.786845	-3.638426	0.366843	1.604739	-0.543696	0.110285	0.070939	0.991365	0.318451	-0.947387	0.032366	0.941502	0.312132	-0.127073
21207	9.603823	0.700288	-3.504010	0.562309	1.397487	-0.707824	0.094899	0.073197	0.992792	0.324474	-0.945104	0.038665	0.941122	0.318466	-0.113440
21208	9.243384	0.650993	-3.676036	0.546985	1.204650	-0.794662	0.080778	0.076787	0.993770	0.330401	-0.942720	0.045986	0.940378	0.324628	-0.101522
21209	9.606321	-0.333242	-3.870042	0.493995	1.112022	-0.809953	0.067673	0.080740	0.994435	0.335651	-0.940465	0.053516	0.939552	0.330162	-0.090744
21210	10.229032	-0.782195	-4.397896	0.521830	0.984663	-0.777177	0.055627	0.084725	0.994850	0.341106	-0.938055	0.060815	0.938377	0.335967	-0.081081
21211	10.381014	-0.713291	-4.484112	0.517027	1.034502	-0.694009	0.043586	0.087689	0.995194	0.346306	-0.935706	0.067281	0.937109	0.341709	-0.071151
21212	11.022595	-0.859863	-4.204669	0.424914	1.022594	-0.539080	0.031982	0.089173	0.995503	0.350557	-0.933740	0.072378	0.935995	0.346665	-0.061123
21213	11.678878	-0.408788	-3.284996	0.374161	1.125566	-0.380298	0.020158	0.088762	0.995849	0.354164	-0.932097	0.075911	0.934966	0.351163	-0.050225
21214	11.164307	-0.151799	-4.095587	0.341094	1.138221	-0.274468	0.008417	0.087260	0.996150	0.357452	-0.930627	0.078500	0.933894	0.355415	-0.039024
21215	12.198273	0.450821	-3.977115	0.407053	1.078145	-0.254413	-0.002513	0.085736	0.996315	0.361267	-0.928951	0.080851	0.932459	0.360139	-0.028639
21216	13.019487	0.998419	-3.963896	0.371573	1.137030	-0.253841	-0.014137	0.083938	0.996371	0.364764	-0.927366	0.083301	0.930993	0.364618	-0.017508
21217	13.339673	0.860023	-4.164151	0.229084	1.243796	-0.216078	-0.026454	0.081355	0.996334	0.366862	-0.926349	0.085382	0.929899	0.367776	-0.005340
21218	12.751821	0.586848	-4.051835	0.000777	1.415069	-0.218620	-0.040500	0.078141	0.996119	0.366848	-0.926150	0.087567	0.929399	0.368971	0.008843
21219	10.923183	0.256829	-3.564216	-0.241298	1.565710	-0.276595	-0.056019	0.074903	0.995616	0.364483	-0.926828	0.090236	0.929524	0.367940	0.024619
21220	9.542383	-0.306353	-3.182732	-0.489033	1.584003	-0.336166	-0.072032	0.072197	0.994786	0.359768	-0.928352	0.093427	0.930257	0.364622	0.040897
21221	8.836806	-0.334045	-2.814091	-0.726182	1.533131	-0.351218	-0.087512	0.069884	0.993709	0.352740	-0.930730	0.096519	0.931620	0.358968	0.056799
21222	8.584520	-0.478967	-2.790033	-0.946959	1.471407	-0.315435	-0.102380	0.067579	0.992447	0.343653	-0.933859	0.099040	0.933499	0.351197	0.072385
21223	8.326538	-0.691387	-2.795160	-1.130567	1.442979	-0.238389	-0.116629	0.064779	0.991061	0.332839	-0.937618	0.100454	0.935743	0.341580	0.087792
21224	7.884978	-1.210523	-2.804495	-1.229517	1.419461	-0.149996	-0.130446	0.061393	0.989553	0.321174	-0.941645	0.100759	0.937993	0.330962	0.103116
21225	7.410169	-1.513104	-2.708154	-1.226930	1.388314	-0.061691	-0.143634	0.057422	0.987964	0.309584	-0.945603	0.099968	0.939961	0.320217	0.118044
21226	6.850973	-1.662615	-2.686443	-1.218089	1.352285	0.020643	-0.156301	0.052944	0.986289	0.298189	-0.949440	0.098221	0.941623	0.309453	0.132611
21227	6.452802	-1.778749	-2.748561	-1.179174	1.254489	0.049862	-0.167935	0.048620	0.984598	0.287174	-0.953051	0.096043	0.943042	0.298880	0.146088
21228	6.428607	-2.268423	-2.894512	-1.088935	1.190441	0.133171	-0.178777	0.043821	0.982913	0.277158	-0.956308	0.093046	0.944046	0.289057	0.158821
21229	5.977327	-2.141977	-2.637900	-1.000113	1.009659	0.180171	-0.187781	0.039188	0.981429	0.268059	-0.959228	0.089591	0.944925	0.279905	0.169620
21230	6.040823	-1.946262	-2.117200	-0.843714	0.831368	0.180853	-0.195126	0.035124	0.980149	0.260450	-0.961622	0.086310	0.945564	0.272122	0.178489
21231	5.900827	-1.825773	-1.698253	-0.694631	0.645512	0.145774	-0.200815	0.031950	0.979108	0.254187	-0.963537	0.083575	0.946077	0.265660	0.185372
21232	5.763583	-1.580038	-1.248113	-0.458987	0.437186	0.126821	-0.204579	0.029538	0.978404	0.250114	-0.964786	0.081425	0.946356	0.261371	0.189987
21233	5.708892	-1.383206	-1.163636	-0.312323	0.200545	0.137727	-0.206094	0.027651	0.978141	0.247459	-0.965636	0.079438	0.946725	0.258422	0.192170
21234	5.736141	-1.254604	-1.015352	-0.243715	-0.065263	0.136394	-0.205073	0.026462	0.978389	0.245438	-0.966303	0.077579	0.947473	0.256044	0.191668
21235	5.945822	-1.146784	-0.514169	-0.193636	-0.371950	0.093529	-0.201278	0.026470	0.979177	0.243811	-0.966820	0.076253	0.948706	0.254082	0.188146
21236	7.033280	-1.207056	0.614773	-0.149306	-0.737297	0.059462	-0.194053	0.027719	0.980599	0.242512	-0.967219	0.075332	0.950543	0.252426	0.180970
21237	8.276396	-0.820427	1.979025	0.137919	-0.970838	0.058648	-0.184635	0.029571	0.982362	0.243953	-0.966886	0.074956	0.952049	0.253490	0.171307
21238	8.078892	1.958973	2.500592	0.477745	-1.085624	-0.121275	-0.174512	0.033468	0.984086	0.248284	-0.965633	0.076869	0.952838	0.257748	0.160205
21239	12.569155	4.220111	6.700863	0.718559	-1.384933	-0.415311	-0.162315	0.041052	0.985885	0.254450	-0.963602	0.082017	0.953367	0.264171	0.145961
21240	15.197947	3.953860	8.440529	0.440778	-1.266374	-0.511513	-0.151482	0.049300	0.987230	0.257857	-0.962202	0.087616	0.954234	0.267836	0.133044
21241	16.624640	2.617979	9.887574	0.453810	-0.741336	-0.472276	-0.145593	0.055805	0.987769	0.261502	-0.960729	0.092822	0.954159	0.271818	0.125283
21242	14.233572	1.562059	10.241575	0.247969	-0.220807	-0.333156	-0.144332	0.059555	0.987735	0.263402	-0.959861	0.096364	0.953828	0.274080	0.122852
21243	11.855758	0.906045	9.635148	0.119622	0.026390	-0.237274	-0.145169	0.061724	0.987480	0.264215	-0.959389	0.098810	0.953476	0.275251	0.122965
21244	10.652572	0.904424	8.950826	0.016486	0.186667	-0.184278	-0.147444	0.062909	0.987068	0.264131	-0.959227	0.100589	0.953150	0.275547	0.124816
21245	9.619061	0.785847	7.659667	-0.192776	0.356941	-0.113740	-0.151104	0.062984	0.986509	0.262140	-0.959685	0.101423	0.953127	0.273929	0.128502
21246	8.829832	0.011563	5.084236	-0.280546	0.609999	-0.097090	-0.157211	0.062168	0.985606	0.259355	-0.960386	0.101946	0.952901	0.271649	0.134860
21247	4.104451	-2.733701	0.634558	-0.348433	0.978912	-0.046380	-0.166614	0.059932	0.984199	0.255977	-0.961300	0.101871	0.952216	0.268906	0.144825
21248	-0.181725	-3.146048	-3.044932	0.343610	-0.170690	-0.117527	-0.165337	0.061426	0.984322	0.259092	-0.960297	0.103446	0.951596	0.272133	0.142858
21249	6.385988	-0.234148	-0.730238	0.599260	-0.967804	-0.151722	-0.156484	0.065504	0.985506	0.264567	-0.958555	0.105722	0.951587	0.277276	0.132668
21250	13.354704	3.119586	1.444103	0.311178	-0.703006	-0.095583	-0.150076	0.068279	0.986314	0.267413	-0.957625	0.106983	0.951823	0.279809	0.125458
21251	15.756396	4.265767	1.504041	-0.201573	-0.310265	-0.059963	-0.147240	0.069683	0.986643	0.265420	-0.958146	0.107280	0.952823	0.277671	0.122582
21252	16.525773	3.833593	1.026770	-0.544861	-0.181178	-0.019535	-0.145595	0.070280	0.986845	0.260229	-0.959629	0.106735	0.954507	0.272346	0.121428
21253	16.067326	3.347350	1.313988	-0.701636	-0.205251	-0.006826	-0.143610	0.070861	0.987094	0.253531	-0.961512	0.105910	0.956608	0.265468	0.120118
21254	13.507966	2.248976	0.274695	-1.138520	-0.314769	-0.081731	-0.140827	0.072387	0.987384	0.242540	-0.964410	0.105295	0.959866	0.254308	0.118259
21255	9.274257	-1.052433	-3.387149	-1.211970	-0.707057	-0.127646	-0.134289	0.075338	0.988074	0.230723	-0.967325	0.105113	0.963708	0.242087	0.112519
21256	8.165257	-3.322985	-4.390532	-0.749374	-0.961837	-0.076217	-0.125194	0.078289	0.989039	0.223421	-0.969051	0.104988	0.966649	0.234116	0.103828
21257	7.759061	-4.619837	-4.463423	-0.212212	-0.925583	-0.046145	-0.116303	0.080853	0.989917	0.221327	-0.969510	0.105189	0.968240	0.231329	0.094862
