// General information: 
//  MT Manager version: 2022.2.0 
//  XDA version: 2022.2.0 build 7381 rev 124627 built on 2023-07-19
// Device information: 
//  DeviceId: 00B4CB9F
//  ProductCode: MTW2-3A7G6
//  Firmware Version: 4.6.0
//  Hardware Version: 2.0.0
// Device settings: 
//  Filter Profile: human(46.1)
//  Option Flags: Orientation Smoother Disabled, Position/Velocity Smoother Disabled, Continuous Zero Rotation Update Disabled, AHS Disabled, ICC Disabled
// Coordinate system: ENU
PacketCounter	Acc_X	Acc_Y	Acc_Z	Gyr_X	Gyr_Y	Gyr_Z	Mat[1][1]	Mat[2][1]	Mat[3][1]	Mat[1][2]	Mat[2][2]	Mat[3][2]	Mat[1][3]	Mat[2][3]	Mat[3][3]
64775	9.564967	-1.807398	-0.306904	-0.023611	0.035771	0.005741	0.119524	-0.169430	0.978268	0.342682	-0.917738	-0.200815	0.931817	0.359236	-0.051631
64776	9.562875	-1.901632	-0.259232	-0.036444	0.033946	0.015071	0.119327	-0.169712	0.978243	0.342362	-0.917819	-0.200991	0.931960	0.358897	-0.051417
64777	9.573306	-1.899617	-0.315248	-0.037139	0.037762	0.017389	0.119097	-0.170004	0.978220	0.342020	-0.917909	-0.201163	0.932115	0.358528	-0.051175
64778	9.607913	-1.797551	-0.360588	-0.030852	0.039594	0.018590	0.118859	-0.170339	0.978191	0.341748	-0.917963	-0.201376	0.932245	0.358230	-0.050895
64779	9.674422	-1.616068	-0.385196	-0.048543	0.038576	0.018275	0.118621	-0.170642	0.978167	0.341286	-0.918096	-0.201550	0.932444	0.357743	-0.050668
64780	9.682764	-1.529998	-0.385479	-0.075092	0.044811	0.017316	0.118330	-0.170984	0.978142	0.340604	-0.918311	-0.201729	0.932731	0.357029	-0.050426
64781	9.659331	-1.523121	-0.406298	-0.109248	0.051602	0.016955	0.117971	-0.171319	0.978127	0.339604	-0.918652	-0.201861	0.933141	0.355989	-0.050194
64782	9.637314	-1.530743	-0.458496	-0.137636	0.049807	0.013735	0.117621	-0.171645	0.978112	0.338341	-0.919093	-0.201974	0.933644	0.354692	-0.050030
64783	9.598295	-1.713351	-0.505101	-0.156129	0.052025	0.019481	0.117271	-0.172001	0.978092	0.336925	-0.919583	-0.202109	0.934200	0.353245	-0.049889
64784	9.642678	-1.769468	-0.590189	-0.149257	0.037647	0.023720	0.117066	-0.172375	0.978050	0.335540	-0.920044	-0.202314	0.934724	0.351859	-0.049867
64785	9.693111	-1.832162	-0.635475	-0.155162	0.022072	0.033591	0.117027	-0.172759	0.977987	0.334046	-0.920529	-0.202582	0.935264	0.350400	-0.050017
64786	9.709238	-1.890804	-0.646983	-0.137427	0.021567	0.031787	0.116998	-0.173150	0.977921	0.332762	-0.920931	-0.202871	0.935725	0.349150	-0.050129
64787	9.671641	-1.857802	-0.722719	-0.112273	0.022909	0.037418	0.116975	-0.173569	0.977850	0.331717	-0.921234	-0.203202	0.936099	0.348139	-0.050185
64788	9.607828	-1.787907	-0.760332	-0.100505	0.006076	0.049023	0.117147	-0.174065	0.977741	0.330757	-0.921474	-0.203678	0.936417	0.347255	-0.050375
64789	9.669550	-1.619116	-0.687287	-0.097317	-0.005246	0.048297	0.117415	-0.174489	0.977634	0.329804	-0.921718	-0.204119	0.936719	0.346394	-0.050677
64790	9.657844	-1.627361	-0.630601	-0.094163	-0.003232	0.048186	0.117671	-0.174945	0.977521	0.328904	-0.921936	-0.204589	0.937004	0.345584	-0.050945
64791	9.657608	-1.577306	-0.638947	-0.092961	-0.012120	0.050881	0.118008	-0.175369	0.977405	0.327975	-0.922163	-0.205056	0.937287	0.344763	-0.051306
64792	9.637572	-1.496316	-0.567958	-0.092985	-0.017999	0.051694	0.118413	-0.175807	0.977277	0.327081	-0.922368	-0.205561	0.937548	0.343990	-0.051718
64793	9.576787	-1.461939	-0.325064	-0.089829	-0.015990	0.051581	0.118794	-0.176223	0.977156	0.326204	-0.922573	-0.206036	0.937805	0.343228	-0.052111
64794	9.514130	-1.467618	-0.043775	-0.088499	0.003108	0.048200	0.118989	-0.176702	0.977046	0.325355	-0.922767	-0.206508	0.938076	0.342459	-0.052308
64795	9.376086	-1.635990	0.254276	-0.082928	0.035378	0.053079	0.118896	-0.177305	0.976948	0.324567	-0.922933	-0.207002	0.938360	0.341697	-0.052186
64796	9.332388	-1.923202	0.593529	-0.073620	0.053360	0.060690	0.118659	-0.178071	0.976837	0.323843	-0.923053	-0.207605	0.938641	0.340976	-0.051862
64797	9.325246	-2.190468	0.831875	-0.060675	0.088973	0.075272	0.118120	-0.179065	0.976721	0.323185	-0.923121	-0.208323	0.938935	0.340269	-0.051167
64798	9.262679	-2.348221	0.867983	-0.050145	0.113574	0.084762	0.117394	-0.180258	0.976589	0.322653	-0.923115	-0.209173	0.939209	0.339655	-0.050207
64799	9.309112	-2.471876	0.837317	-0.047254	0.119524	0.094973	0.116624	-0.181538	0.976444	0.322088	-0.923104	-0.210091	0.939499	0.339003	-0.049185
64800	9.367413	-2.465422	0.595975	-0.062786	0.128425	0.107279	0.115829	-0.182987	0.976268	0.321412	-0.923097	-0.211155	0.939829	0.338242	-0.048107
64801	9.381488	-2.174351	0.034029	-0.099154	0.155994	0.117926	0.114800	-0.184601	0.976086	0.320391	-0.923194	-0.212280	0.940303	0.337099	-0.046838
64802	9.268052	-1.795461	-0.668472	-0.143448	0.129824	0.112554	0.114006	-0.186100	0.975894	0.318952	-0.923443	-0.213359	0.940889	0.335587	-0.045921
64803	9.362685	-1.529550	-1.293966	-0.219145	0.063672	0.093001	0.113759	-0.187171	0.975718	0.316823	-0.923985	-0.214185	0.941638	0.333496	-0.045811
64804	9.542752	-1.620320	-1.796719	-0.330407	0.007230	0.075075	0.113994	-0.187913	0.975548	0.313664	-0.924917	-0.214812	0.942667	0.330481	-0.046493
64805	9.749499	-1.795534	-2.095647	-0.393871	-0.056435	0.065460	0.114784	-0.188332	0.975375	0.309894	-0.926077	-0.215282	0.943817	0.326974	-0.047935
64806	9.935137	-1.957214	-2.179893	-0.376465	-0.089711	0.045610	0.115838	-0.188487	0.975220	0.306325	-0.927192	-0.215590	0.944853	0.323708	-0.049665
64807	10.006981	-2.173219	-2.305016	-0.326333	-0.108553	0.037193	0.117029	-0.188481	0.975079	0.303202	-0.928169	-0.215804	0.945713	0.320901	-0.051475
64808	9.982347	-2.284726	-2.125997	-0.223312	-0.171164	0.037004	0.118826	-0.188302	0.974896	0.301084	-0.928790	-0.216094	0.946165	0.319204	-0.053670
64809	9.997256	-2.349678	-1.742708	-0.121010	-0.185019	0.026917	0.120722	-0.187958	0.974730	0.299943	-0.929110	-0.216310	0.946288	0.318476	-0.055787
64810	9.922158	-2.384852	-1.658827	-0.017312	-0.216684	0.032935	0.122937	-0.187599	0.974522	0.299777	-0.929079	-0.216668	0.946055	0.318776	-0.057980
64811	10.070874	-2.286966	-1.061528	0.123057	-0.255876	0.041725	0.125546	-0.187166	0.974273	0.300914	-0.928595	-0.217167	0.945351	0.320437	-0.060261
64812	9.574026	-2.305301	-0.978591	0.197469	-0.185026	0.050083	0.127512	-0.187061	0.974038	0.302755	-0.927843	-0.217823	0.944500	0.322669	-0.061678
64813	9.575966	-2.232329	-0.693080	0.317771	-0.322022	0.069220	0.130829	-0.186654	0.973676	0.305698	-0.926667	-0.218717	0.943098	0.326265	-0.064175
64814	9.762498	-1.818214	-0.101025	0.386425	-0.247456	0.077782	0.133466	-0.186586	0.973331	0.309274	-0.925229	-0.219774	0.941561	0.330358	-0.065780
64815	9.488239	-1.562888	-0.070316	0.388156	-0.213737	0.089651	0.135822	-0.186700	0.972983	0.312841	-0.923755	-0.220924	0.940044	0.334395	-0.067059
64816	9.537447	-1.211838	0.357855	0.351018	-0.262274	0.111088	0.138701	-0.186867	0.972544	0.316023	-0.922343	-0.222292	0.938558	0.338179	-0.068876
64817	9.351367	-1.085776	0.654034	0.239345	-0.183775	0.118705	0.140870	-0.187331	0.972143	0.318154	-0.921285	-0.223633	0.937515	0.340794	-0.070181
64818	9.523317	-1.181355	0.811233	0.155150	-0.232592	0.119658	0.143497	-0.187662	0.971695	0.319474	-0.920506	-0.224955	0.936667	0.342712	-0.072137
64819	9.610091	-1.305645	1.093185	0.021115	-0.160844	0.112021	0.145427	-0.188133	0.971317	0.319565	-0.920200	-0.226078	0.936338	0.343276	-0.073701
64820	9.580433	-1.665094	0.895478	-0.103966	-0.118973	0.121891	0.146996	-0.188870	0.970938	0.318450	-0.920302	-0.227233	0.936473	0.342597	-0.075135
64821	9.628104	-1.992274	0.835972	-0.203786	-0.089577	0.126962	0.148300	-0.189725	0.970573	0.316409	-0.920734	-0.228329	0.936959	0.340960	-0.076514
64822	9.323247	-2.406167	0.358944	-0.289174	-0.013958	0.137413	0.148930	-0.190967	0.970233	0.313531	-0.921430	-0.229489	0.937826	0.338376	-0.077355
64823	9.078826	-2.807866	-0.330596	-0.307494	-0.033970	0.151212	0.149768	-0.192245	0.969851	0.310425	-0.922171	-0.230730	0.938726	0.335622	-0.078434
64824	8.769334	-3.045510	-0.868711	-0.288803	-0.053942	0.146143	0.150792	-0.193437	0.969456	0.307530	-0.922831	-0.231968	0.939514	0.333115	-0.079668
64825	9.389393	-3.281778	-1.179937	-0.178745	-0.200343	0.132856	0.153137	-0.193994	0.968976	0.305687	-0.923150	-0.233130	0.939736	0.331905	-0.082067
64826	10.023874	-3.147801	-0.790315	-0.087719	-0.147604	0.118121	0.154951	-0.194619	0.968563	0.304718	-0.923187	-0.234251	0.939754	0.331436	-0.083745
64827	10.080149	-3.009363	-0.698197	0.034657	-0.077148	0.110209	0.156068	-0.195380	0.968230	0.304912	-0.922838	-0.235369	0.939506	0.331958	-0.084452
64828	9.992973	-2.784346	-0.542581	0.096510	-0.043462	0.127480	0.156932	-0.196435	0.967877	0.305655	-0.922243	-0.236733	0.939120	0.332988	-0.084688
64829	9.981670	-2.509559	-0.386235	0.129856	-0.007826	0.146535	0.157509	-0.197761	0.967513	0.306677	-0.921504	-0.238283	0.938691	0.334246	-0.084496
64830	9.187486	-2.335478	-0.368380	0.113758	0.082970	0.149074	0.157254	-0.199436	0.967211	0.307547	-0.920803	-0.239869	0.938449	0.335183	-0.083464
64831	9.804554	-2.308919	-0.802244	0.095544	-0.133431	0.147441	0.159017	-0.200345	0.966734	0.308254	-0.920166	-0.241399	0.937920	0.336386	-0.084564
64832	10.300084	-1.965648	-0.496940	-0.047282	-0.020443	0.144295	0.159719	-0.201628	0.966352	0.307617	-0.920010	-0.242802	0.938009	0.336046	-0.084919
64833	9.672975	-2.150438	-1.117764	-0.182921	0.064549	0.133232	0.159577	-0.203071	0.966073	0.305728	-0.920335	-0.243957	0.938651	0.334285	-0.084780
64834	9.566660	-2.508704	-1.270561	-0.264054	-0.059076	0.114478	0.160547	-0.203952	0.965727	0.303101	-0.920956	-0.244886	0.939337	0.332029	-0.086038
64835	9.530293	-2.866570	-1.297685	-0.306741	-0.012898	0.105237	0.161033	-0.204882	0.965449	0.300057	-0.921748	-0.245657	0.940231	0.329248	-0.086955
64836	9.178723	-3.067890	-1.502824	-0.304410	-0.003784	0.081139	0.161376	-0.205643	0.965230	0.297099	-0.922554	-0.246222	0.941111	0.326503	-0.087782
64837	9.116479	-3.136998	-1.559677	-0.241121	-0.044122	0.063773	0.162034	-0.206091	0.965024	0.294750	-0.923194	-0.246648	0.941736	0.324406	-0.088844
64838	9.209915	-2.995475	-1.500708	-0.181358	-0.047355	0.045988	0.162681	-0.206387	0.964852	0.293003	-0.923662	-0.246979	0.942170	0.322883	-0.089790
64839	9.300079	-2.777509	-1.452898	-0.132095	-0.040022	0.027602	0.163193	-0.206518	0.964737	0.291736	-0.924017	-0.247150	0.942475	0.321782	-0.090545
64840	8.987071	-2.553536	-1.606706	-0.101052	0.003088	0.014146	0.163271	-0.206683	0.964689	0.290796	-0.924288	-0.247244	0.942751	0.320896	-0.090807
64841	8.906489	-2.514484	-1.589769	-0.034793	-0.070075	0.004775	0.164005	-0.206507	0.964602	0.290490	-0.924373	-0.247285	0.942718	0.320763	-0.091613
64842	9.122973	-2.513727	-1.429900	0.036149	-0.075014	0.008568	0.164802	-0.206370	0.964495	0.290853	-0.924215	-0.247449	0.942467	0.321307	-0.092289
64843	9.068555	-2.432805	-1.393465	0.113482	-0.054126	0.008383	0.165397	-0.206278	0.964413	0.291940	-0.923815	-0.247662	0.942027	0.322513	-0.092576
64844	9.027107	-2.252663	-1.322901	0.177747	-0.067798	0.019380	0.166158	-0.206262	0.964286	0.293618	-0.923176	-0.248063	0.941371	0.324349	-0.092831
64845	9.172429	-2.067018	-1.182337	0.204818	-0.071050	0.028380	0.166971	-0.206297	0.964138	0.295527	-0.922434	-0.248554	0.940630	0.326430	-0.093054
64846	9.205682	-1.892629	-1.242127	0.212318	-0.045835	0.034526	0.167570	-0.206490	0.963993	0.297501	-0.921643	-0.249133	0.939901	0.328536	-0.093009
64847	9.180373	-1.785545	-1.479827	0.198450	-0.067245	0.030609	0.168355	-0.206554	0.963842	0.299344	-0.920909	-0.249639	0.939175	0.330548	-0.093209
64848	9.361060	-1.777160	-1.718627	0.142333	-0.104342	0.025280	0.169476	-0.206465	0.963665	0.300673	-0.920360	-0.250065	0.938549	0.332128	-0.093901
64849	9.543184	-1.698567	-1.803256	0.067793	-0.122155	0.009929	0.170715	-0.206152	0.963513	0.301322	-0.920098	-0.250251	0.938116	0.333049	-0.094956
64850	9.604079	-1.707777	-1.623619	0.000539	-0.127443	-0.003887	0.171965	-0.205715	0.963384	0.301369	-0.920079	-0.250263	0.937872	0.333371	-0.096225
64851	9.621405	-1.927137	-1.389267	-0.028265	-0.116682	-0.015933	0.173074	-0.205180	0.963300	0.301160	-0.920190	-0.250107	0.937735	0.333395	-0.097469
64852	9.527760	-2.258951	-1.139712	-0.016706	-0.089315	-0.025363	0.173901	-0.204673	0.963259	0.301083	-0.920272	-0.249895	0.937607	0.333478	-0.098413
64853	9.414806	-2.497447	-0.720440	0.012308	-0.073236	-0.033425	0.174551	-0.204120	0.963258	0.301285	-0.920284	-0.249609	0.937421	0.333785	-0.099138
64854	9.369141	-2.717669	-0.306952	0.057426	-0.047754	-0.042697	0.174936	-0.203592	0.963300	0.301934	-0.920154	-0.249304	0.937141	0.334465	-0.099497
64855	9.557960	-2.835014	0.042745	0.108800	-0.021113	-0.037527	0.175084	-0.203176	0.963361	0.303048	-0.919849	-0.249076	0.936754	0.335554	-0.099478
64856	9.075964	-2.863721	0.146551	0.120624	0.073598	-0.024913	0.174385	-0.203218	0.963479	0.304257	-0.919470	-0.249004	0.936492	0.336568	-0.098511
64857	9.152528	-2.954213	0.268820	0.201503	-0.005962	-0.005321	0.174486	-0.203151	0.963475	0.306181	-0.918784	-0.249177	0.935846	0.338476	-0.098114
64858	9.719726	-2.852291	0.277613	0.208631	0.036053	0.026682	0.174296	-0.203542	0.963427	0.308122	-0.917996	-0.249687	0.935244	0.340373	-0.097288
64859	9.127868	-2.318272	0.177684	0.192600	0.156169	0.028180	0.172984	-0.204337	0.963495	0.309904	-0.917264	-0.250171	0.934899	0.341867	-0.095347
64860	9.080214	-2.032455	-0.258280	0.182685	0.038549	0.018498	0.172747	-0.204662	0.963469	0.311615	-0.916575	-0.250572	0.934374	0.343517	-0.094560
64861	9.659643	-1.481546	0.191330	0.123067	0.032265	0.003796	0.172516	-0.204811	0.963478	0.312790	-0.916126	-0.250752	0.934024	0.344625	-0.093984
64862	9.453705	-1.619143	-0.396257	-0.046527	0.165807	0.004038	0.171046	-0.205442	0.963606	0.312384	-0.916252	-0.250796	0.934430	0.343913	-0.092545
64863	9.288044	-1.924697	-0.892585	-0.179693	0.040717	0.014123	0.170766	-0.205714	0.963598	0.310708	-0.916823	-0.250791	0.935040	0.342224	-0.092645
64864	9.212674	-2.492302	-1.245797	-0.280831	0.002105	0.012751	0.170851	-0.205861	0.963551	0.308095	-0.917729	-0.250701	0.935888	0.339698	-0.093370
64865	9.404681	-2.948243	-1.812062	-0.256103	-0.095947	0.009565	0.171836	-0.205627	0.963426	0.305711	-0.918560	-0.250577	0.936490	0.337588	-0.094979
64866	9.736049	-2.960542	-1.923582	-0.165533	-0.173327	0.004930	0.173540	-0.205112	0.963230	0.304188	-0.919082	-0.250515	0.936672	0.336477	-0.097105
64867	9.909644	-2.839757	-1.866921	-0.066600	-0.175236	-0.007764	0.175217	-0.204455	0.963067	0.303608	-0.919305	-0.250401	0.936548	0.336269	-0.099003
64868	9.926988	-2.728853	-1.520044	0.058593	-0.216578	-0.022531	0.177242	-0.203542	0.962889	0.304232	-0.919128	-0.250292	0.935964	0.337304	-0.100984
64869	9.959596	-2.660271	-1.021186	0.168126	-0.196444	-0.023063	0.179067	-0.202670	0.962736	0.305867	-0.918592	-0.250267	0.935083	0.339284	-0.102499
64870	9.843131	-2.523232	-0.695125	0.265749	-0.169123	-0.021491	0.180647	-0.201920	0.962598	0.308424	-0.917705	-0.250383	0.933938	0.342120	-0.103504
64871	9.825443	-2.229266	-0.400594	0.323101	-0.175748	-0.011843	0.182310	-0.201210	0.962433	0.311490	-0.916601	-0.250633	0.932597	0.345481	-0.104431
64872	9.796945	-1.848783	-0.031012	0.300760	-0.153540	-0.013028	0.183767	-0.200581	0.962287	0.314352	-0.915558	-0.250872	0.931350	0.348599	-0.105196
64873	9.746244	-1.589142	0.205126	0.211155	-0.112200	-0.004449	0.184854	-0.200151	0.962169	0.316352	-0.914812	-0.251079	0.930457	0.350797	-0.105789
64874	9.647398	-1.614915	0.213136	0.077866	-0.073564	-0.001321	0.185601	-0.199904	0.962076	0.317113	-0.914516	-0.251198	0.930049	0.351710	-0.106343
64875	9.603738	-1.659592	0.076815	-0.082428	-0.051406	0.004973	0.186150	-0.199771	0.961998	0.316368	-0.914777	-0.251183	0.930193	0.351104	-0.107085
64876	9.502466	-1.873271	-0.019836	-0.248947	-0.024328	0.005829	0.186461	-0.199762	0.961939	0.314076	-0.915612	-0.251021	0.930907	0.348928	-0.107986
64877	9.425763	-2.228691	-0.206385	-0.409826	0.004723	0.009801	0.186501	-0.199871	0.961909	0.310268	-0.916998	-0.250695	0.932176	0.345204	-0.109007
64878	9.178782	-2.552267	-0.517393	-0.527557	0.041426	0.004701	0.186195	-0.200079	0.961925	0.305371	-0.918772	-0.250212	0.933852	0.340333	-0.109972
64879	9.335987	-2.931024	-0.895562	-0.575958	-0.003952	0.000718	0.186285	-0.200076	0.961908	0.300015	-0.920699	-0.249607	0.935569	0.335085	-0.111487
64880	9.135466	-3.135592	-1.322339	-0.645186	0.053215	-0.016300	0.185804	-0.200127	0.961991	0.294038	-0.922850	-0.248776	0.937560	0.329086	-0.112624
64881	9.036529	-3.251265	-1.903442	-0.640615	-0.023706	-0.029217	0.185993	-0.199786	0.962025	0.288110	-0.924981	-0.247794	0.939361	0.323257	-0.114480
64882	9.224122	-3.242705	-1.893574	-0.599397	-0.085400	-0.051694	0.186714	-0.199058	0.962036	0.282606	-0.926982	-0.246654	0.940889	0.317931	-0.116825
64883	9.307398	-3.197030	-1.916008	-0.516325	-0.105289	-0.078672	0.187538	-0.198004	0.962094	0.277922	-0.928751	-0.245316	0.942119	0.313394	-0.119147
64884	9.063049	-3.215436	-1.826487	-0.433426	-0.111296	-0.097731	0.188383	-0.196774	0.962181	0.274056	-0.930271	-0.243905	0.943083	0.309639	-0.121320
64885	9.600477	-3.283746	-1.540247	-0.292014	-0.245836	-0.105156	0.190470	-0.195046	0.962122	0.271532	-0.931361	-0.242565	0.943394	0.307448	-0.124435
64886	9.740285	-3.079558	-0.979118	-0.208511	-0.159711	-0.104785	0.191758	-0.193606	0.962157	0.269800	-0.932181	-0.241345	0.943630	0.305870	-0.126519
64887	9.332525	-2.839542	-0.759867	-0.097234	-0.161540	-0.101218	0.193065	-0.192179	0.962181	0.269106	-0.932656	-0.240280	0.943561	0.305319	-0.128347
64888	9.359247	-2.679334	-0.189323	-0.033993	-0.203086	-0.093799	0.194794	-0.190710	0.962125	0.269002	-0.932917	-0.239383	0.943235	0.305444	-0.130425
64889	9.268239	-2.567674	0.219993	-0.033368	-0.151095	-0.085162	0.196044	-0.189467	0.962117	0.268884	-0.933163	-0.238554	0.943010	0.305465	-0.131997
64890	9.462456	-2.557492	0.399312	-0.040636	-0.186141	-0.088981	0.197625	-0.188094	0.962063	0.268711	-0.933432	-0.237694	0.942730	0.305491	-0.133927
64891	9.333635	-2.587236	0.403440	-0.123199	-0.099420	-0.077351	0.198407	-0.187082	0.962099	0.267734	-0.933935	-0.236818	0.942843	0.304574	-0.135211
64892	9.117113	-2.726961	0.343377	-0.173071	-0.132311	-0.081989	0.199501	-0.185940	0.962095	0.266300	-0.934592	-0.235845	0.943018	0.303257	-0.136936
64893	9.289851	-2.778959	0.378280	-0.228124	-0.141234	-0.083820	0.200660	-0.184745	0.962084	0.264348	-0.935419	-0.234759	0.943322	0.301432	-0.138864
64894	9.204315	-2.923053	0.329895	-0.289316	-0.082250	-0.087977	0.201269	-0.183701	0.962156	0.261829	-0.936427	-0.233560	0.943894	0.298929	-0.140376
64895	9.069655	-3.026506	-0.082607	-0.340239	-0.078377	-0.079610	0.201849	-0.182740	0.962218	0.258809	-0.937567	-0.232350	0.944603	0.295930	-0.141952
64896	8.704713	-2.923681	-0.545735	-0.388616	-0.090644	-0.094458	0.202527	-0.181614	0.962288	0.255362	-0.938860	-0.230937	0.945396	0.292503	-0.143767
64897	8.461149	-2.943159	-1.411916	-0.466071	-0.136165	-0.128829	0.203535	-0.180028	0.962374	0.251248	-0.940429	-0.229060	0.946281	0.288416	-0.146178
64898	9.309863	-2.860198	-1.248519	-0.427315	-0.321092	-0.160496	0.206238	-0.177625	0.962245	0.247567	-0.941919	-0.226934	0.946666	0.285022	-0.150285
64899	9.506955	-2.989642	-1.846889	-0.507401	-0.204628	-0.196567	0.207740	-0.175215	0.962364	0.243201	-0.943683	-0.224312	0.947469	0.280647	-0.153428
64900	9.908060	-2.914015	-1.686123	-0.451410	-0.366836	-0.221525	0.210745	-0.172128	0.962267	0.239422	-0.945305	-0.221529	0.947768	0.277074	-0.158007
64901	9.590026	-2.815229	-1.424146	-0.424824	-0.217086	-0.235020	0.212291	-0.169330	0.962424	0.235924	-0.946858	-0.218632	0.948300	0.273473	-0.161061
64902	9.039972	-2.839728	-1.594182	-0.320026	-0.288753	-0.252901	0.214500	-0.166177	0.962484	0.233463	-0.948133	-0.215729	0.948412	0.270978	-0.164578
64903	9.647311	-2.603934	-1.336345	-0.252920	-0.404653	-0.265464	0.217767	-0.162591	0.962363	0.231672	-0.949234	-0.212796	0.948106	0.269293	-0.169044
64904	9.585658	-2.277103	-1.311063	-0.282196	-0.312781	-0.284433	0.220139	-0.159079	0.962410	0.229654	-0.950429	-0.209629	0.948049	0.267169	-0.172694
64905	9.455606	-2.329336	-1.204946	-0.310294	-0.380244	-0.304058	0.223096	-0.155202	0.962362	0.227419	-0.951714	-0.206205	0.947897	0.264863	-0.177028
64906	9.535374	-2.865150	-0.899628	-0.359326	-0.392499	-0.296211	0.226210	-0.151376	0.962245	0.224712	-0.953096	-0.202763	0.947805	0.262095	-0.181583
64907	9.695912	-3.545670	-1.067187	-0.372946	-0.366435	-0.277126	0.229110	-0.147806	0.962113	0.221841	-0.954465	-0.199458	0.947784	0.259134	-0.185888
64908	9.672094	-3.437130	-1.447691	-0.328571	-0.354578	-0.263880	0.231951	-0.144401	0.961950	0.219369	-0.955679	-0.196355	0.947669	0.256567	-0.189993
64909	9.574085	-2.870674	-1.476698	-0.255374	-0.356615	-0.287744	0.234747	-0.140769	0.961810	0.217654	-0.956724	-0.193147	0.947376	0.254683	-0.193949
64910	9.648853	-2.348251	-1.335761	-0.229760	-0.368645	-0.330140	0.237585	-0.136703	0.961699	0.216291	-0.957747	-0.189575	0.946980	0.253047	-0.197978
64911	9.683241	-2.246048	-1.290246	-0.288920	-0.347028	-0.380437	0.240096	-0.132216	0.961703	0.214498	-0.958969	-0.185391	0.946755	0.250795	-0.201885
64912	9.404814	-2.446197	-1.212585	-0.364201	-0.321801	-0.427284	0.242294	-0.127343	0.961809	0.212113	-0.960414	-0.180593	0.946732	0.247769	-0.205691
64913	9.369611	-2.730498	-1.112292	-0.399462	-0.391522	-0.463988	0.245066	-0.121954	0.961806	0.209496	-0.961958	-0.175353	0.946601	0.244467	-0.210194
64914	10.019494	-2.974856	-0.419699	-0.400086	-0.478510	-0.483373	0.248650	-0.116169	0.961602	0.206935	-0.963488	-0.169906	0.946230	0.241237	-0.215532
64915	10.666864	-3.033550	0.356472	-0.379857	-0.373601	-0.506698	0.251185	-0.110425	0.961620	0.204641	-0.964956	-0.164263	0.946059	0.238047	-0.219785
64916	10.782964	-2.771878	0.731037	-0.376690	-0.214581	-0.532964	0.252192	-0.104803	0.961985	0.202451	-0.966404	-0.158358	0.946263	0.234692	-0.222502
64917	10.890725	-2.426545	1.241252	-0.381983	-0.117043	-0.556547	0.252217	-0.099188	0.962574	0.200274	-0.967845	-0.152208	0.946719	0.231168	-0.224242
64918	10.843486	-2.175051	1.771478	-0.429053	0.046474	-0.577891	0.250689	-0.093729	0.963520	0.197695	-0.969370	-0.145734	0.947666	0.227017	-0.224480
64919	10.638879	-2.149112	2.252769	-0.456741	0.205654	-0.599043	0.247594	-0.088423	0.964820	0.194891	-0.970926	-0.138996	0.949060	0.222450	-0.223163
64920	10.487427	-2.447372	2.582402	-0.445975	0.336726	-0.582225	0.243330	-0.083540	0.966339	0.192117	-0.972394	-0.132439	0.950727	0.217877	-0.220564
64921	11.161420	-2.863276	2.944495	-0.325272	0.383690	-0.526815	0.238696	-0.079290	0.967852	0.190327	-0.973511	-0.126694	0.952260	0.214450	-0.217283
64922	10.839410	-3.184727	3.215031	-0.154485	0.755222	-0.465985	0.230673	-0.076397	0.970028	0.189982	-0.974190	-0.121903	0.954305	0.212407	-0.210205
64923	11.181322	-4.023633	2.983476	0.056459	0.777443	-0.340738	0.222614	-0.074781	0.972034	0.191330	-0.974313	-0.118775	0.955948	0.212420	-0.202587
64924	11.521697	-4.276275	3.369776	0.258235	1.027774	-0.190999	0.212473	-0.075146	0.974273	0.194251	-0.973892	-0.117480	0.957665	0.214215	-0.192329
64925	11.288722	-4.525905	2.832576	0.461186	1.307368	-0.050730	0.199851	-0.077534	0.976754	0.198816	-0.972918	-0.117909	0.959444	0.217758	-0.179023
64926	11.081130	-4.074331	2.472631	0.688580	1.375670	0.112551	0.186933	-0.081695	0.978970	0.205245	-0.971296	-0.120246	0.960693	0.223407	-0.164799
64927	10.469791	-3.343596	1.969290	0.781432	1.641676	0.218704	0.171610	-0.087600	0.981262	0.212408	-0.969322	-0.123682	0.961994	0.229653	-0.147739
64928	10.152232	-3.064175	1.174144	0.846649	1.655234	0.322626	0.156440	-0.094613	0.983145	0.220065	-0.967040	-0.128080	0.962859	0.236393	-0.130463
64929	10.064270	-2.538816	0.835174	0.886705	1.749511	0.407676	0.140503	-0.102813	0.984728	0.228047	-0.964491	-0.133239	0.963459	0.243284	-0.112068
64930	10.152547	-2.094564	0.102827	0.878485	1.811969	0.487366	0.124236	-0.112006	0.985911	0.235906	-0.961785	-0.138992	0.963802	0.249850	-0.093066
64931	10.084777	-1.056997	-0.176188	0.949449	1.759807	0.540688	0.108575	-0.121726	0.986608	0.244475	-0.958724	-0.145190	0.963558	0.256965	-0.074334
64932	10.351826	-0.420210	-0.598780	0.835947	1.680942	0.534658	0.093773	-0.131243	0.986905	0.252028	-0.955857	-0.151061	0.963166	0.262893	-0.056556
64933	10.378029	-0.388608	-0.856908	0.801100	1.660158	0.485564	0.079028	-0.140353	0.986942	0.259373	-0.953045	-0.156302	0.962538	0.268338	-0.038914
64934	10.204014	-0.444592	-1.279282	0.684899	1.517966	0.409253	0.065562	-0.148384	0.986754	0.265708	-0.950582	-0.160599	0.961822	0.272718	-0.022896
64935	10.795552	-0.602171	-1.106821	0.698536	1.464123	0.311281	0.052326	-0.155427	0.986461	0.272291	-0.948164	-0.163837	0.960791	0.277178	-0.007292
64936	10.647861	-0.715083	-1.568600	0.603427	1.483094	0.221168	0.038758	-0.161686	0.986081	0.278028	-0.946110	-0.166060	0.959791	0.280594	0.008284
64937	10.922756	-1.092998	-2.085476	0.680864	1.282733	0.188591	0.026989	-0.167155	0.985561	0.284548	-0.943849	-0.167873	0.958282	0.284970	0.022090
64938	11.340406	-0.995457	-2.083443	0.755199	1.194121	0.171594	0.016119	-0.172233	0.984924	0.291784	-0.941365	-0.169391	0.956348	0.290116	0.035082
64939	11.117112	-1.027578	-2.472310	0.741649	1.230190	0.164823	0.004861	-0.177437	0.984120	0.298904	-0.938882	-0.170757	0.954271	0.294987	0.048473
64940	11.005323	-2.103734	-2.452963	0.637318	1.107755	0.171557	-0.005115	-0.182363	0.983218	0.305024	-0.936658	-0.172140	0.952331	0.299025	0.060416
64941	11.640472	-3.633912	-2.070092	0.580364	1.153745	0.228692	-0.015374	-0.188024	0.982044	0.310621	-0.934463	-0.174051	0.950409	0.302368	0.072771
64942	12.064891	-4.615804	-2.384330	0.849244	1.278280	0.289576	-0.026526	-0.194652	0.980514	0.318786	-0.931294	-0.176257	0.947456	0.307898	0.086756
64943	11.831018	-4.429909	-2.540972	1.280710	1.272610	0.326855	-0.037472	-0.201719	0.978726	0.331049	-0.926614	-0.178304	0.942869	0.317325	0.101501
64944	11.366112	-3.602170	-2.300452	1.745208	1.210940	0.325542	-0.047678	-0.208676	0.976822	0.347633	-0.920264	-0.179626	0.936418	0.331011	0.116419
64945	10.715463	-2.370504	-1.945430	2.099863	1.182486	0.323855	-0.057516	-0.215708	0.974762	0.367437	-0.912418	-0.180231	0.928268	0.347798	0.131738
64946	9.734181	-0.961407	-1.648511	2.299955	1.188496	0.327640	-0.067185	-0.222948	0.972512	0.388930	-0.903462	-0.180249	0.918814	0.366129	0.147410
64947	8.887778	0.316724	-1.302439	2.303639	1.189215	0.339220	-0.076661	-0.230505	0.970047	0.410279	-0.894017	-0.180014	0.908732	0.384190	0.163108
64948	8.220667	1.107574	-0.870280	2.115353	1.195388	0.358280	-0.085891	-0.238399	0.967362	0.429735	-0.884850	-0.179909	0.898860	0.400257	0.178450
64949	7.815565	1.137837	-0.695064	1.820834	1.182712	0.388388	-0.094729	-0.246670	0.964459	0.446423	-0.876466	-0.180317	0.889794	0.413475	0.193146
64950	7.731460	0.863277	-0.523683	1.559437	1.132610	0.432525	-0.102729	-0.255206	0.961414	0.460708	-0.868817	-0.181399	0.881586	0.424296	0.206828
64951	7.608826	0.705743	-0.393617	1.320561	1.069882	0.471241	-0.109882	-0.263901	0.958271	0.472853	-0.861899	-0.183140	0.874263	0.432998	0.219493
64952	7.496684	0.512748	-0.278769	1.116859	0.996001	0.485893	-0.116164	-0.272437	0.955136	0.483177	-0.855688	-0.185306	0.867782	0.439973	0.231036
64953	7.469081	0.356919	-0.072002	0.914464	0.917474	0.456965	-0.121831	-0.280420	0.952114	0.491679	-0.850343	-0.187531	0.862211	0.445288	0.241475
64954	7.438434	-0.111776	0.366910	0.739430	0.834530	0.413867	-0.126888	-0.287677	0.949285	0.498598	-0.845826	-0.189678	0.857496	0.449244	0.250760
64955	7.684704	-0.688177	0.705795	0.642355	0.744076	0.357811	-0.131414	-0.294071	0.946706	0.504603	-0.841855	-0.191457	0.853292	0.452550	0.259021
64956	7.940208	-1.014708	1.027702	0.603423	0.672928	0.304482	-0.135528	-0.299698	0.944359	0.510192	-0.838176	-0.192781	0.849315	0.455677	0.266500
64957	8.282800	-1.126339	1.268900	0.611469	0.583372	0.240000	-0.139195	-0.304391	0.942322	0.515750	-0.834621	-0.193417	0.845356	0.459080	0.273165
64958	8.524242	-1.152267	1.658540	0.626382	0.462028	0.167811	-0.142151	-0.307931	0.940729	0.521315	-0.831184	-0.193299	0.841442	0.462938	0.278683
64959	8.786010	-1.013359	2.065030	0.668932	0.375467	0.110889	-0.144676	-0.310612	0.939462	0.527135	-0.827695	-0.192481	0.837375	0.467376	0.283482
64960	8.792834	-0.822034	2.492652	0.709078	0.303583	0.069661	-0.146772	-0.312626	0.938469	0.533205	-0.824110	-0.191140	0.833157	0.472342	0.287650
64961	8.731126	-0.623592	2.885479	0.755150	0.214574	0.048327	-0.148250	-0.314055	0.937759	0.539597	-0.820337	-0.189425	0.828768	0.477929	0.291078
64962	8.627633	-0.401071	3.404889	0.773678	0.177485	0.027643	-0.149496	-0.315145	0.937195	0.546078	-0.816493	-0.187450	0.824287	0.483759	0.294157
64963	8.287954	-0.377517	3.594678	0.776558	0.131659	0.011056	-0.150474	-0.315886	0.936789	0.552523	-0.812645	-0.185274	0.819802	0.489719	0.296816
64964	8.263373	-0.200656	3.946191	0.776126	0.053876	-0.013178	-0.150917	-0.316055	0.936661	0.558894	-0.808824	-0.182869	0.815390	0.495896	0.298706
64965	8.196729	-0.043967	4.271477	0.709380	0.020846	-0.045996	-0.151304	-0.315795	0.936686	0.564638	-0.805398	-0.180326	0.811351	0.501605	0.300170
64966	8.332885	0.166238	4.464297	0.641569	0.026652	-0.065283	-0.151819	-0.315413	0.936731	0.569778	-0.802332	-0.177813	0.807654	0.506733	0.301525
64967	8.435725	0.425830	4.502446	0.568017	0.084333	-0.072505	-0.152876	-0.315268	0.936608	0.574288	-0.799637	-0.175425	0.804252	0.511065	0.303300
64968	8.183195	0.705493	4.249590	0.441628	0.148259	-0.090272	-0.154515	-0.315315	0.936323	0.577740	-0.797619	-0.173265	0.801462	0.514179	0.305414
64969	8.116692	0.904315	4.272995	0.263149	0.212254	-0.135603	-0.156966	-0.315331	0.935910	0.579677	-0.796660	-0.171193	0.799585	0.515654	0.307839
64970	8.528757	0.426863	5.870323	0.027829	0.235998	-0.170982	-0.159773	-0.315193	0.935482	0.579673	-0.797017	-0.169536	0.799032	0.515187	0.310050
64971	9.698171	-0.267242	7.001622	-0.361449	0.541304	-0.180177	-0.165115	-0.316533	0.934101	0.576532	-0.799410	-0.168982	0.800217	0.510638	0.314486
64972	9.375059	-1.561083	7.027182	-0.689323	0.920406	-0.151609	-0.173290	-0.319989	0.931439	0.570797	-0.803345	-0.169789	0.802597	0.502239	0.321860
64973	7.933033	-2.429696	5.938275	-0.778361	0.933996	-0.072002	-0.181185	-0.324062	0.928523	0.564454	-0.807420	-0.171652	0.805334	0.493008	0.329211
64974	7.193793	-2.659503	5.232976	-0.745629	0.566078	0.050093	-0.185401	-0.327246	0.926572	0.558576	-0.810866	-0.174614	0.808467	0.485187	0.333127
64975	6.756162	-2.449349	4.511206	-0.647787	0.289027	0.148525	-0.186895	-0.329856	0.925346	0.553650	-0.813470	-0.178153	0.811506	0.479022	0.334659
64976	5.634670	-1.956304	2.991537	-0.470436	-0.062301	0.169390	-0.185384	-0.330949	0.925260	0.550188	-0.815118	-0.181318	0.814203	0.475454	0.333194
64977	5.150524	-1.231506	1.396158	-0.201232	-0.601293	0.088511	-0.179975	-0.328824	0.927084	0.548756	-0.815751	-0.182806	0.816380	0.475842	0.327258
64978	5.445579	-0.453921	0.375846	-0.032508	-0.964666	-0.055476	-0.172324	-0.323778	0.930308	0.548438	-0.816050	-0.182423	0.818242	0.478780	0.318197
64979	6.774743	0.148284	0.244479	-0.070502	-1.092257	-0.211017	-0.164509	-0.316822	0.934110	0.547551	-0.817033	-0.180682	0.820442	0.481749	0.307885
64980	8.778839	-0.062624	0.148278	-0.398598	-0.986396	-0.280510	-0.157858	-0.309785	0.937611	0.543867	-0.819795	-0.179293	0.824190	0.481632	0.297893
64981	12.304115	-1.752891	1.471045	-0.724125	-0.832936	-0.199585	-0.152027	-0.304156	0.940413	0.537614	-0.823853	-0.179547	0.829373	0.478283	0.288767
64982	14.519770	-3.308781	2.211369	-0.797598	-0.542837	-0.058047	-0.147751	-0.301105	0.942075	0.530937	-0.827788	-0.181307	0.834431	0.473395	0.282174
64983	13.851670	-3.239006	1.530171	-0.490863	-0.713009	0.042976	-0.141534	-0.298101	0.943983	0.526938	-0.829950	-0.183085	0.838036	0.471508	0.274547
64984	13.819635	-3.915441	3.784630	-0.274914	-0.832032	0.205787	-0.133398	-0.295897	0.945859	0.524959	-0.830599	-0.185803	0.840609	0.471751	0.266134
64985	13.813430	-3.822423	4.579878	-0.078291	-0.798964	0.328929	-0.124920	-0.294861	0.947339	0.524768	-0.829969	-0.189131	0.842029	0.473507	0.258413
64986	12.003869	-0.454926	0.388376	0.203846	-0.984686	0.221627	-0.115392	-0.292025	0.949424	0.526796	-0.828313	-0.190747	0.842123	0.478142	0.249418
64987	11.069048	3.346715	-0.697166	0.134898	-1.197974	0.052780	-0.104991	-0.286713	0.952246	0.528032	-0.827483	-0.190929	0.842709	0.482770	0.238272
64988	9.667335	4.692402	-0.277579	-0.628699	-1.105548	0.064564	-0.095240	-0.281933	0.954695	0.522828	-0.830293	-0.193039	0.847101	0.480757	0.226480
64989	8.517655	3.788049	-0.145652	-1.484174	-1.081208	0.114054	-0.085416	-0.277733	0.956853	0.510332	-0.837017	-0.197393	0.855725	0.471452	0.213231
64990	8.899905	0.684758	0.437940	-1.851085	-1.023455	0.165746	-0.075702	-0.274380	0.958637	0.494575	-0.845135	-0.202837	0.865832	0.458763	0.199680
64991	9.793870	-2.845326	0.802099	-1.760284	-0.923290	0.173984	-0.066791	-0.271670	0.960070	0.479411	-0.852607	-0.207909	0.875045	0.446382	0.187189
64992	10.291512	-5.260643	1.521778	-1.280142	-0.812300	0.211081	-0.058586	-0.269899	0.961105	0.468343	-0.857661	-0.212301	0.881602	0.437689	0.176652
64993	9.934205	-5.725378	1.895053	-0.826109	-0.775640	0.257664	-0.050504	-0.268734	0.961890	0.461219	-0.860543	-0.216203	0.885848	0.432723	0.167406
64994	9.086430	-4.436996	2.210292	-0.620196	-0.786025	0.283375	-0.042159	-0.267802	0.962551	0.455890	-0.862424	-0.219977	0.889037	0.429543	0.158447
64995	8.550444	-3.220924	2.047681	-0.733629	-0.779214	0.260143	-0.034007	-0.266719	0.963174	0.449491	-0.864843	-0.223619	0.892638	0.425333	0.149299
64996	8.108890	-2.282205	1.337578	-0.924882	-0.752009	0.191922	-0.026353	-0.265223	0.963827	0.441316	-0.868207	-0.226844	0.896965	0.419374	0.139927
64997	8.115914	-1.939835	-0.030344	-1.122213	-0.781000	0.121807	-0.018764	-0.263042	0.964602	0.431286	-0.872526	-0.229544	0.902020	0.411712	0.129819
64998	8.657689	-2.136920	-1.306948	-1.284177	-0.871384	0.089096	-0.010431	-0.260290	0.965474	0.419722	-0.877492	-0.232036	0.907593	0.402811	0.118403
64999	9.467860	-2.781061	-2.412041	-1.349737	-0.960461	0.075918	-0.001338	-0.257140	0.966373	0.407475	-0.882649	-0.234297	0.913215	0.393460	0.105959
65000	10.141367	-3.483210	-3.027035	-1.310350	-1.025474	0.063329	0.008377	-0.253730	0.967239	0.395515	-0.887554	-0.236253	0.918421	0.384537	0.092919
65001	10.424074	-3.936504	-3.251018	-1.081665	-1.048554	0.026746	0.018174	-0.249978	0.968081	0.385591	-0.891589	-0.237465	0.922491	0.377599	0.080185
65002	10.528796	-3.980121	-2.643376	-0.729737	-1.096431	-0.049083	0.028184	-0.245440	0.969002	0.378903	-0.894423	-0.237570	0.925007	0.373854	0.067790
65003	10.345919	-4.035939	-2.130356	-0.374066	-1.070559	-0.109899	0.037725	-0.240464	0.969925	0.375513	-0.896067	-0.236759	0.926049	0.373151	0.056493
65004	10.032864	-3.512691	-1.513001	-0.142194	-1.027868	-0.166060	0.046690	-0.235154	0.970836	0.374307	-0.896965	-0.235262	0.926129	0.374375	0.046140
65005	9.730861	-3.415404	-0.757241	0.024742	-1.057802	-0.179063	0.055865	-0.229580	0.971685	0.374662	-0.897267	-0.233538	0.925477	0.377101	0.035889
65006	9.383586	-3.066469	-0.227684	0.105292	-1.003483	-0.167321	0.064588	-0.224298	0.972378	0.375777	-0.897220	-0.231922	0.924456	0.380377	0.026337
65007	9.225452	-2.710174	-0.084986	0.114456	-1.026079	-0.156037	0.073534	-0.218986	0.972953	0.376977	-0.897107	-0.230406	0.923299	0.383723	0.016584
65008	9.313220	-2.084984	0.351302	0.153043	-1.070509	-0.151637	0.082906	-0.213518	0.973415	0.378547	-0.896817	-0.228957	0.921862	0.387465	0.006475
65009	9.359311	-1.922188	0.709510	-0.004520	-1.015635	-0.158862	0.091718	-0.208155	0.973786	0.378677	-0.897148	-0.227439	0.920973	0.389611	-0.003461
65010	9.165113	-1.921487	0.977910	-0.147422	-0.954197	-0.167161	0.099940	-0.202953	0.974075	0.377518	-0.898039	-0.225844	0.920593	0.390302	-0.013132
65011	9.113317	-2.232910	0.914881	-0.294379	-0.941035	-0.185431	0.107960	-0.197625	0.974315	0.375033	-0.899538	-0.224013	0.920703	0.389585	-0.022998
65012	9.172565	-2.454592	1.161976	-0.355706	-0.909231	-0.201739	0.115647	-0.192292	0.974500	0.372021	-0.901287	-0.221995	0.920992	0.388207	-0.032694
65013	8.907474	-2.697344	0.937282	-0.374907	-0.822395	-0.213691	0.122483	-0.187189	0.974658	0.368854	-0.903124	-0.219804	0.921382	0.386428	-0.041572
65014	8.929936	-2.594098	0.847596	-0.358536	-0.856611	-0.215426	0.129653	-0.181959	0.974721	0.365858	-0.904878	-0.217585	0.921595	0.384821	-0.050749
65015	9.135707	-2.398606	1.028029	-0.360314	-0.851975	-0.224244	0.136739	-0.176668	0.974726	0.362868	-0.906643	-0.215233	0.921753	0.383128	-0.059866
65016	8.950123	-2.712517	1.005827	-0.402404	-0.771024	-0.239557	0.143049	-0.171569	0.974731	0.359530	-0.908572	-0.212688	0.922104	0.380870	-0.068286
65017	8.801035	-2.815305	0.923576	-0.377138	-0.764534	-0.242221	0.149281	-0.166477	0.974680	0.356438	-0.910393	-0.210088	0.922316	0.378775	-0.076566
65018	8.817450	-2.748983	0.707995	-0.390338	-0.743973	-0.251557	0.155319	-0.161396	0.974591	0.353256	-0.912254	-0.207370	0.922543	0.376489	-0.084676
65019	9.033712	-2.592558	0.568893	-0.378072	-0.761051	-0.283166	0.161391	-0.155970	0.974488	0.350248	-0.914102	-0.204312	0.922648	0.374287	-0.092900
65020	9.159065	-2.562685	0.527749	-0.393868	-0.741565	-0.310596	0.167218	-0.150383	0.974384	0.347160	-0.916023	-0.200953	0.922777	0.371870	-0.100968
65021	9.106519	-2.670231	0.342055	-0.417414	-0.715271	-0.319080	0.172762	-0.144826	0.974258	0.343882	-0.918020	-0.197445	0.922984	0.369141	-0.108796
65022	8.553749	-2.807536	-0.149170	-0.467008	-0.665163	-0.313111	0.177898	-0.139526	0.974107	0.340154	-0.920158	-0.193919	0.923389	0.365845	-0.116234
65023	8.166563	-3.076193	-0.766942	-0.475578	-0.748844	-0.325119	0.183758	-0.133825	0.973819	0.336382	-0.922314	-0.190222	0.923623	0.362531	-0.124467
65024	9.093029	-3.254938	-0.201997	-0.375563	-0.993909	-0.329573	0.191898	-0.127212	0.973135	0.333568	-0.924079	-0.186577	0.922988	0.360411	-0.134895
65025	9.678635	-3.385112	-0.183090	-0.375425	-0.857592	-0.313633	0.198814	-0.121255	0.972507	0.330749	-0.925796	-0.183047	0.922539	0.358048	-0.143956
65026	9.461427	-2.754254	-0.253592	-0.361545	-0.824784	-0.322349	0.205425	-0.115347	0.971852	0.328099	-0.927446	-0.179429	0.922036	0.355723	-0.152676
65027	9.724607	-2.213295	0.177796	-0.308634	-0.887569	-0.372412	0.212431	-0.108769	0.971104	0.326065	-0.928938	-0.175373	0.921170	0.353898	-0.161869
65028	9.984868	-2.082471	0.659500	-0.336746	-0.790261	-0.400350	0.218473	-0.102282	0.970468	0.323860	-0.930527	-0.170980	0.920535	0.351650	-0.170170
65029	10.184944	-2.394525	0.492748	-0.416002	-0.723635	-0.407506	0.223860	-0.095982	0.969884	0.320964	-0.932367	-0.166352	0.920255	0.348537	-0.177913
65030	10.100923	-2.533213	0.434238	-0.479671	-0.714379	-0.403788	0.229210	-0.089761	0.969229	0.317497	-0.934385	-0.161618	0.920140	0.344772	-0.185672
65031	10.354403	-2.362707	0.467655	-0.463744	-0.716554	-0.412713	0.234537	-0.083475	0.968516	0.314220	-0.936313	-0.156792	0.919923	0.341100	-0.193371
65032	10.576066	-2.257398	0.663794	-0.449666	-0.658149	-0.413677	0.239363	-0.077390	0.967841	0.311095	-0.938152	-0.151955	0.919742	0.337463	-0.200484
65033	10.421800	-2.387988	0.806295	-0.442246	-0.502511	-0.413041	0.242741	-0.071859	0.967426	0.308055	-0.939926	-0.147112	0.919880	0.333730	-0.206022
65034	10.257759	-2.719277	1.137864	-0.409192	-0.417479	-0.420290	0.245358	-0.066545	0.967146	0.305348	-0.941556	-0.142248	0.920088	0.330217	-0.210699
65035	10.615278	-3.206297	1.460255	-0.456795	-0.360634	-0.409663	0.247463	-0.061539	0.966941	0.302185	-0.943299	-0.137370	0.920568	0.326189	-0.214836
65036	10.728561	-3.416933	1.396540	-0.398956	-0.194963	-0.372526	0.248203	-0.057415	0.967005	0.299465	-0.944797	-0.132961	0.921258	0.322586	-0.217308
65037	10.181940	-3.310059	0.842438	-0.351040	-0.078472	-0.349612	0.247910	-0.053901	0.967282	0.297130	-0.946100	-0.128873	0.922092	0.319357	-0.218532
65038	10.512686	-3.336704	0.593651	-0.327993	-0.204859	-0.377632	0.248746	-0.049700	0.967293	0.295074	-0.947321	-0.124555	0.922527	0.316405	-0.220977
65039	11.494522	-2.859948	0.875692	-0.415962	-0.173541	-0.439204	0.249081	-0.045038	0.967435	0.292362	-0.948819	-0.119445	0.923300	0.312592	-0.223166
