// General information: 
//  MT Manager version: 2022.2.0 
//  XDA version: 2022.2.0 build 7381 rev 124627 built on 2023-07-19
// Device information: 
//  DeviceId: 00B4CB9F
//  ProductCode: MTW2-3A7G6
//  Firmware Version: 4.6.0
//  Hardware Version: 2.0.0
// Device settings: 
//  Filter Profile: human(46.1)
//  Option Flags: Orientation Smoother Disabled, Position/Velocity Smoother Disabled, Continuous Zero Rotation Update Disabled, AHS Disabled, ICC Disabled
// Coordinate system: ENU
PacketCounter	Acc_X	Acc_Y	Acc_Z	Gyr_X	Gyr_Y	Gyr_Z	Mat[1][1]	Mat[2][1]	Mat[3][1]	Mat[1][2]	Mat[2][2]	Mat[3][2]	Mat[1][3]	Mat[2][3]	Mat[3][3]
18855	9.717610	-0.444683	1.241936	-0.025907	0.030952	-0.004139	-0.109067	-0.082110	0.990637	0.293168	-0.954911	-0.046872	0.949820	0.285311	0.128221
18856	9.672525	-0.415649	1.183846	-0.024936	0.031431	-0.005279	-0.109315	-0.082178	0.990604	0.293043	-0.954949	-0.046882	0.949830	0.285165	0.128471
18857	9.685649	-0.437479	1.234496	-0.027908	0.022853	-0.004244	-0.109497	-0.082221	0.990581	0.292803	-0.955022	-0.046903	0.949883	0.284909	0.128647
18858	9.696758	-0.514095	1.260166	-0.034351	0.019183	-0.002700	-0.109607	-0.082305	0.990561	0.292770	-0.955029	-0.046957	0.949880	0.284860	0.128775
18859	9.705856	-0.531774	1.276108	-0.032639	0.021809	-0.004097	-0.109780	-0.082347	0.990539	0.292485	-0.955115	-0.046986	0.949948	0.284560	0.128937
18860	9.696260	-0.514181	1.263962	-0.034146	0.022598	-0.004724	-0.109932	-0.082411	0.990517	0.292381	-0.955145	-0.047018	0.949962	0.284440	0.129097
18861	9.691956	-0.509668	1.231899	-0.033916	0.020932	-0.005607	-0.110101	-0.082435	0.990496	0.292082	-0.955236	-0.047033	0.950035	0.284128	0.129250
18862	9.686453	-0.496523	1.253510	-0.030390	0.018113	-0.002578	-0.110218	-0.082482	0.990479	0.291847	-0.955306	-0.047077	0.950093	0.283879	0.129364
18863	9.680926	-0.483190	1.275310	-0.030254	0.024514	-0.009281	-0.110432	-0.082481	0.990455	0.291578	-0.955389	-0.047051	0.950151	0.283599	0.129555
18864	9.713948	-0.548695	1.299869	-0.018021	0.021652	-0.006277	-0.110571	-0.082532	0.990436	0.291669	-0.955362	-0.047047	0.950107	0.283677	0.129707
18865	9.704342	-0.530764	1.287990	-0.013772	0.026053	-0.004643	-0.110785	-0.082580	0.990408	0.291562	-0.955394	-0.047047	0.950115	0.283553	0.129921
18866	9.668772	-0.519140	1.243393	-0.015493	0.023434	-0.003247	-0.110952	-0.082663	0.990382	0.291634	-0.955371	-0.047069	0.950073	0.283607	0.130108
18867	9.687111	-0.440729	1.288755	-0.021722	0.023169	-0.003737	-0.111136	-0.082711	0.990357	0.291453	-0.955425	-0.047088	0.950107	0.283410	0.130289
18868	9.692133	-0.453698	1.271123	-0.033967	0.026045	-0.006741	-0.111319	-0.082764	0.990332	0.291356	-0.955455	-0.047099	0.950116	0.283296	0.130474
18869	9.658637	-0.501285	1.235746	-0.040867	0.020641	-0.002300	-0.111475	-0.082819	0.990310	0.290994	-0.955562	-0.047157	0.950208	0.282918	0.130621
18870	9.705682	-0.547408	1.190407	-0.032768	0.012615	-0.010036	-0.111566	-0.082784	0.990303	0.290754	-0.955636	-0.047130	0.950271	0.282676	0.130686
18871	9.734724	-0.495005	1.195512	-0.021739	0.023187	-0.003725	-0.111750	-0.082832	0.990278	0.290573	-0.955691	-0.047149	0.950305	0.282479	0.130867
18872	9.697935	-0.474406	1.204429	-0.018383	0.019189	-0.012460	-0.111930	-0.082775	0.990263	0.290325	-0.955769	-0.047076	0.950359	0.282229	0.131011
18873	9.739679	-0.506845	1.179247	-0.017045	0.017078	-0.006268	-0.112064	-0.082782	0.990247	0.290186	-0.955812	-0.047064	0.950386	0.282081	0.131134
18874	9.715539	-0.458152	1.172601	-0.015781	0.017966	-0.004751	-0.112178	-0.082831	0.990230	0.290235	-0.955797	-0.047071	0.950358	0.282119	0.131260
18875	9.709962	-0.444907	1.194459	-0.018003	0.023773	-0.002715	-0.112365	-0.082890	0.990204	0.290090	-0.955840	-0.047095	0.950380	0.281956	0.131449
18876	9.710371	-0.495314	1.259598	-0.019007	0.016133	-0.003988	-0.112441	-0.082941	0.990191	0.290150	-0.955821	-0.047114	0.950352	0.282007	0.131539
18877	9.741411	-0.502395	1.273984	-0.026910	0.015328	0.000451	-0.112538	-0.083007	0.990174	0.289925	-0.955886	-0.047181	0.950410	0.281766	0.131640
18878	9.715348	-0.508596	1.242546	-0.020516	0.016926	-0.004614	-0.112642	-0.083045	0.990159	0.289881	-0.955898	-0.047194	0.950411	0.281713	0.131748
18879	9.700533	-0.477723	1.249640	-0.024241	0.011269	-0.004492	-0.112715	-0.083052	0.990150	0.289675	-0.955960	-0.047209	0.950465	0.281501	0.131810
18880	9.700385	-0.477598	1.250839	-0.025249	0.015882	-0.004479	-0.112793	-0.083099	0.990137	0.289677	-0.955958	-0.047232	0.950455	0.281493	0.131898
18881	9.661149	-0.461115	1.171223	-0.026803	0.014593	-0.008652	-0.112910	-0.083076	0.990126	0.289443	-0.956031	-0.047209	0.950513	0.281254	0.131991
18882	9.703413	-0.430768	1.224298	-0.028312	0.015385	-0.009278	-0.113008	-0.083074	0.990115	0.289376	-0.956052	-0.047188	0.950521	0.281183	0.132081
18883	9.701981	-0.535219	1.264141	-0.025831	0.015078	-0.009787	-0.113133	-0.083042	0.990104	0.289149	-0.956122	-0.047152	0.950576	0.280953	0.132180
18884	9.707226	-0.547821	1.245454	-0.021031	0.013121	-0.005246	-0.113200	-0.083079	0.990093	0.289198	-0.956107	-0.047163	0.950553	0.280994	0.132258
18885	9.707101	-0.547269	1.246666	-0.010641	0.013621	-0.010190	-0.113312	-0.083039	0.990083	0.289115	-0.956135	-0.047103	0.950565	0.280910	0.132349
18886	9.705478	-0.538191	1.301952	-0.010597	0.015701	-0.006643	-0.113429	-0.083038	0.990070	0.289034	-0.956160	-0.047080	0.950575	0.280824	0.132458
18887	9.717905	-0.509251	1.288586	-0.012134	0.021582	-0.008393	-0.113612	-0.083037	0.990049	0.288939	-0.956191	-0.047040	0.950582	0.280720	0.132627
18888	9.675695	-0.475443	1.317234	-0.011412	0.016566	-0.011064	-0.113768	-0.082983	0.990036	0.288729	-0.956258	-0.046973	0.950627	0.280508	0.132751
18889	9.662919	-0.502754	1.333800	-0.021685	0.015331	-0.015228	-0.113911	-0.082899	0.990026	0.288535	-0.956321	-0.046878	0.950669	0.280317	0.132854
18890	9.673628	-0.527637	1.295162	-0.020919	0.012394	-0.014352	-0.114018	-0.082824	0.990020	0.288398	-0.956366	-0.046795	0.950698	0.280185	0.132930
18891	9.664255	-0.508704	1.282212	-0.022714	0.012782	-0.017635	-0.114144	-0.082710	0.990015	0.288192	-0.956434	-0.046677	0.950745	0.279987	0.133007
18892	9.709756	-0.431568	1.306327	-0.036444	0.018552	-0.017727	-0.114280	-0.082653	0.990004	0.288164	-0.956447	-0.046587	0.950737	0.279960	0.133120
18893	9.711118	-0.438943	1.254143	-0.050106	0.021311	-0.013149	-0.114473	-0.082605	0.989986	0.287703	-0.956588	-0.046551	0.950854	0.279493	0.133270
18894	9.674811	-0.468800	1.326073	-0.048969	0.023149	-0.019839	-0.114655	-0.082546	0.989970	0.287592	-0.956625	-0.046458	0.950865	0.279381	0.133422
18895	9.691541	-0.495037	1.410373	-0.056888	0.029515	-0.012974	-0.114926	-0.082523	0.989940	0.287067	-0.956785	-0.046432	0.950991	0.278842	0.133649
18896	9.680103	-0.593584	1.294865	-0.057436	0.023634	-0.017167	-0.115120	-0.082479	0.989921	0.286780	-0.956873	-0.046375	0.951055	0.278551	0.133809
18897	9.654189	-0.598432	1.263621	-0.049495	0.019369	-0.020476	-0.115316	-0.082356	0.989909	0.286315	-0.957018	-0.046266	0.951171	0.278091	0.133940
18898	9.681483	-0.599224	1.243886	-0.050489	0.011734	-0.021775	-0.115410	-0.082235	0.989908	0.286099	-0.957088	-0.046153	0.951225	0.277885	0.133985
18899	9.743336	-0.560732	1.207947	-0.056007	0.013644	-0.022515	-0.115557	-0.082076	0.989904	0.285570	-0.957252	-0.046033	0.951366	0.277367	0.134056
18900	9.677063	-0.540489	1.148946	-0.060019	0.014764	-0.022627	-0.115668	-0.081956	0.989901	0.285289	-0.957341	-0.045925	0.951436	0.277096	0.134115
18901	9.671058	-0.474891	1.106851	-0.059053	0.008096	-0.026202	-0.115773	-0.081747	0.989906	0.284727	-0.957515	-0.045772	0.951592	0.276554	0.134130
18902	9.758701	-0.429649	1.103532	-0.074906	0.006738	-0.034661	-0.115879	-0.081447	0.989918	0.283982	-0.957747	-0.045558	0.951802	0.275839	0.134112
18903	9.769686	-0.390379	1.143095	-0.081258	0.009551	-0.039810	-0.116036	-0.081111	0.989928	0.283192	-0.957993	-0.045300	0.952018	0.275083	0.134131
18904	9.740744	-0.439939	1.139521	-0.088194	0.011304	-0.032956	-0.116141	-0.080889	0.989933	0.282677	-0.958153	-0.045128	0.952158	0.274591	0.134146
18905	9.682170	-0.428425	1.148245	-0.097336	0.014056	-0.040245	-0.116341	-0.080561	0.989937	0.281734	-0.958442	-0.044888	0.952413	0.273677	0.134203
18906	9.695950	-0.499583	1.259449	-0.097614	0.008607	-0.041791	-0.116481	-0.080213	0.989949	0.280851	-0.958713	-0.044636	0.952657	0.272829	0.134200
18907	9.688143	-0.643542	1.291647	-0.101165	0.006423	-0.043687	-0.116618	-0.079830	0.989963	0.279867	-0.959013	-0.044366	0.952930	0.271884	0.134180
18908	9.633208	-0.647374	1.190918	-0.106837	-0.005265	-0.040233	-0.116585	-0.079501	0.989994	0.279203	-0.959217	-0.044149	0.953128	0.271262	0.134027
18909	9.680980	-0.784746	1.321395	-0.090955	-0.008662	-0.047979	-0.116590	-0.079036	0.990030	0.278311	-0.959491	-0.043823	0.953389	0.270427	0.133863
18910	9.656791	-0.828183	1.491989	-0.059040	0.004947	-0.047878	-0.116702	-0.078623	0.990050	0.277827	-0.959647	-0.043460	0.953516	0.269991	0.133836
18911	9.646098	-0.798431	1.532100	-0.039651	0.001707	-0.057284	-0.116830	-0.078097	0.990077	0.277413	-0.959789	-0.042973	0.953621	0.269639	0.133797
18912	9.647845	-0.739536	1.557837	-0.037183	0.008565	-0.055314	-0.116999	-0.077634	0.990093	0.277185	-0.959876	-0.042510	0.953666	0.269465	0.133824
18913	9.625016	-0.632287	1.577226	-0.027330	0.024702	-0.057045	-0.117346	-0.077172	0.990088	0.276888	-0.959984	-0.042009	0.953710	0.269214	0.134018
18914	9.545310	-0.681241	1.650294	-0.041050	0.020299	-0.054919	-0.117635	-0.076728	0.990088	0.276509	-0.960113	-0.041552	0.953785	0.268880	0.134159
18915	9.589131	-0.821860	1.606862	-0.055865	0.009283	-0.062340	-0.117849	-0.076173	0.990106	0.275933	-0.960300	-0.041037	0.953925	0.268367	0.134189
18916	9.622259	-0.840623	1.424154	-0.047447	0.006831	-0.068561	-0.117987	-0.075613	0.990132	0.275891	-0.960337	-0.040462	0.953920	0.268395	0.134168
18917	9.623159	-0.728320	1.387600	-0.033086	0.002217	-0.080499	-0.118183	-0.074866	0.990166	0.275511	-0.960476	-0.039737	0.954005	0.268106	0.134138
18918	9.694899	-0.700101	1.364315	-0.036716	-0.013227	-0.095567	-0.118255	-0.073954	0.990226	0.275212	-0.960597	-0.038875	0.954083	0.267925	0.133948
18919	9.754481	-0.699815	1.354337	-0.031617	-0.024022	-0.094429	-0.118239	-0.073002	0.990298	0.274830	-0.960741	-0.038009	0.954195	0.267669	0.133660
18920	9.781916	-0.746302	1.304568	-0.022094	-0.036166	-0.099630	-0.118088	-0.072001	0.990389	0.274763	-0.960796	-0.037088	0.954233	0.267743	0.133242
18921	9.741698	-0.756688	1.390415	-0.005023	-0.038011	-0.096769	-0.117945	-0.070989	0.990480	0.274632	-0.960869	-0.036164	0.954288	0.267752	0.132825
18922	9.700613	-0.821202	1.450498	0.021370	-0.041189	-0.092183	-0.117711	-0.070073	0.990573	0.275176	-0.960747	-0.035264	0.954160	0.268431	0.132373
18923	9.635034	-0.837858	1.502771	0.038345	-0.051577	-0.086276	-0.117409	-0.069125	0.990675	0.275472	-0.960694	-0.034386	0.954112	0.268866	0.131836
18924	9.656653	-0.810171	1.550951	0.057653	-0.061192	-0.089073	-0.116990	-0.068151	0.990792	0.276144	-0.960534	-0.033464	0.953970	0.269686	0.131192
18925	9.697471	-0.817592	1.626794	0.086410	-0.052360	-0.083609	-0.116675	-0.067226	0.990892	0.276901	-0.960347	-0.032550	0.953789	0.270582	0.130663
18926	9.713410	-0.776283	1.696100	0.121995	-0.047141	-0.088553	-0.116409	-0.066290	0.990987	0.278120	-0.960028	-0.031549	0.953466	0.271940	0.130193
18927	9.669079	-0.833736	1.722844	0.164380	-0.049996	-0.093721	-0.116147	-0.065273	0.991085	0.279609	-0.959632	-0.030434	0.953063	0.273581	0.129709
18928	9.707633	-0.884344	1.829521	0.202603	-0.037413	-0.094048	-0.115947	-0.064353	0.991169	0.281928	-0.958989	-0.029283	0.952404	0.276043	0.129334
18929	9.726661	-0.942355	2.027745	0.257545	-0.008540	-0.082173	-0.116051	-0.063560	0.991207	0.284316	-0.958317	-0.028163	0.951681	0.278547	0.129285
18930	9.688335	-0.945512	2.210354	0.329956	0.049484	-0.057896	-0.116607	-0.063191	0.991166	0.287612	-0.957361	-0.027199	0.950622	0.281900	0.129809
18931	9.629257	-0.858895	2.397518	0.420527	0.133308	-0.029458	-0.117911	-0.063306	0.991004	0.291603	-0.956175	-0.026386	0.949244	0.285869	0.131204
18932	9.508303	-0.561628	2.469897	0.510654	0.226290	-0.004079	-0.119969	-0.064001	0.990713	0.296895	-0.954564	-0.025713	0.947344	0.291052	0.133519
18933	9.249507	-0.049078	2.607551	0.544996	0.309180	0.001515	-0.122843	-0.064941	0.990299	0.302085	-0.952953	-0.025019	0.945333	0.296081	0.136681
18934	9.079975	0.477463	2.489916	0.461984	0.330654	-0.015850	-0.125949	-0.065825	0.989850	0.306615	-0.951524	-0.024263	0.943464	0.300447	0.140027
18935	9.115584	0.692523	2.151780	0.327022	0.312938	-0.045426	-0.128992	-0.066356	0.989423	0.309672	-0.950556	-0.023377	0.942053	0.303381	0.143162
18936	9.325994	0.635216	1.955830	0.187159	0.306849	-0.058547	-0.131993	-0.066766	0.989000	0.311478	-0.949986	-0.022562	0.941042	0.305073	0.146188
18937	9.492182	0.348589	1.810262	0.042483	0.297489	-0.068980	-0.134959	-0.067036	0.988581	0.311817	-0.949891	-0.021844	0.940509	0.305308	0.149100
18938	9.564506	-0.071366	1.693387	-0.045919	0.258162	-0.073773	-0.137526	-0.067198	0.988216	0.311661	-0.949956	-0.021224	0.940188	0.305069	0.151587
18939	9.827548	-0.437497	1.472433	-0.097116	0.193395	-0.086501	-0.139566	-0.066983	0.987945	0.310659	-0.950299	-0.020544	0.940219	0.304047	0.153438
18940	10.040325	-0.746486	1.345255	-0.093668	0.154759	-0.108702	-0.141240	-0.066506	0.987739	0.310111	-0.950497	-0.019655	0.940150	0.303532	0.154873
18941	10.136061	-0.877355	1.211134	-0.061099	0.123519	-0.132461	-0.142764	-0.065639	0.987578	0.309380	-0.950759	-0.018468	0.940161	0.302900	0.156042
18942	10.161289	-0.961409	1.296142	-0.012459	0.106251	-0.132848	-0.144104	-0.064748	0.987442	0.309275	-0.950817	-0.017212	0.939991	0.302911	0.157041
18943	10.360750	-1.097260	1.654012	0.012864	0.079001	-0.139956	-0.145231	-0.063675	0.987347	0.309225	-0.950857	-0.015837	0.939834	0.303013	0.157784
18944	10.799170	-1.261924	2.107400	0.060230	0.058244	-0.110847	-0.146044	-0.062866	0.987279	0.309930	-0.950646	-0.014687	0.939476	0.303843	0.158320
18945	11.407823	-1.487268	2.627424	0.146016	0.075202	-0.052131	-0.146865	-0.062617	0.987173	0.311257	-0.950223	-0.013967	0.938909	0.305213	0.159044
18946	11.439546	-1.675225	3.124687	0.322974	0.152330	0.027570	-0.148165	-0.063360	0.986931	0.314291	-0.949227	-0.013756	0.937693	0.308145	0.160556
18947	10.868814	-1.626222	3.520974	0.526916	0.234987	0.101050	-0.149998	-0.065066	0.986543	0.319409	-0.947515	-0.013927	0.935670	0.313022	0.162908
18948	10.223889	-1.345962	3.745563	0.684507	0.315007	0.135721	-0.152440	-0.067379	0.986013	0.326101	-0.945229	-0.014176	0.932963	0.319379	0.166063
18949	9.847149	-0.845051	3.884661	0.765729	0.419615	0.101912	-0.155964	-0.069712	0.985300	0.333422	-0.942675	-0.013919	0.929788	0.326350	0.170267
18950	9.771270	-0.342657	3.949923	0.823194	0.557076	0.035975	-0.160957	-0.071911	0.984338	0.341142	-0.939924	-0.012884	0.926129	0.333725	0.175819
18951	9.650289	0.321760	4.396987	0.965841	0.657845	-0.022248	-0.167064	-0.073942	0.983170	0.350061	-0.936663	-0.010961	0.921709	0.342338	0.182367
18952	9.607531	1.063356	5.113199	1.178022	0.727866	-0.043044	-0.173849	-0.076091	0.981828	0.360840	-0.932590	-0.008382	0.916281	0.352825	0.189587
18953	9.831505	1.995422	5.119809	1.360394	0.840216	-0.029179	-0.181580	-0.078850	0.980210	0.373241	-0.927718	-0.005486	0.909791	0.364858	0.197885
18954	9.680219	2.699887	4.207373	1.381405	0.971739	-0.038035	-0.190471	-0.082125	0.978252	0.385741	-0.922604	-0.002347	0.902732	0.376905	0.207408
18955	9.281591	3.243721	3.291663	1.151169	1.013189	-0.118302	-0.199998	-0.084918	0.976109	0.395898	-0.918294	0.001228	0.896251	0.386685	0.217276
18956	9.116469	3.773488	2.586272	0.708337	0.941930	-0.222829	-0.209255	-0.086553	0.974023	0.401794	-0.915717	0.004948	0.891501	0.392392	0.226395
18957	9.249614	3.999473	1.614361	0.256982	0.874621	-0.334513	-0.218338	-0.086943	0.971993	0.403398	-0.914982	0.008771	0.888594	0.394015	0.234848
18958	9.352778	3.940607	1.018186	-0.219458	0.858454	-0.428931	-0.227626	-0.086399	0.969908	0.400544	-0.916194	0.012389	0.887553	0.391310	0.243156
18959	9.345012	3.486048	0.727545	-0.707045	0.838341	-0.497009	-0.236995	-0.085101	0.967776	0.393144	-0.919348	0.015433	0.888410	0.384133	0.251338
18960	9.444609	2.853291	0.508178	-1.102910	0.794315	-0.514747	-0.245971	-0.083417	0.965681	0.382295	-0.923873	0.017570	0.890701	0.373497	0.259136
18961	9.594159	1.949755	0.322895	-1.363300	0.732228	-0.488100	-0.254291	-0.081595	0.963680	0.368942	-0.929265	0.018673	0.893990	0.360291	0.266407
18962	9.477109	1.085133	0.281540	-1.514233	0.670029	-0.444368	-0.261812	-0.079844	0.961810	0.354370	-0.934915	0.018851	0.897706	0.345772	0.273067
18963	9.264299	0.256994	0.188445	-1.587437	0.576169	-0.367834	-0.268224	-0.078359	0.960164	0.339147	-0.940561	0.017983	0.901684	0.330460	0.278857
18964	9.103862	-0.515578	0.134181	-1.550722	0.489136	-0.286958	-0.273538	-0.077226	0.958756	0.324375	-0.945787	0.016364	0.905515	0.315472	0.283759
18965	9.065895	-1.477536	0.206750	-1.443303	0.408524	-0.217104	-0.277887	-0.076445	0.957567	0.310716	-0.950395	0.014297	0.908974	0.301505	0.287855
18966	9.108019	-2.518985	0.435562	-1.215265	0.382589	-0.145948	-0.281777	-0.076178	0.956451	0.299221	-0.954106	0.012162	0.911629	0.289618	0.291640
18967	9.119902	-3.373053	0.912267	-0.875746	0.376758	-0.091417	-0.285438	-0.076398	0.955347	0.291007	-0.956664	0.010444	0.913148	0.280994	0.295301
18968	9.333931	-4.023201	1.251392	-0.444860	0.381831	-0.028633	-0.288968	-0.077199	0.954221	0.286874	-0.957922	0.009376	0.913346	0.276451	0.298955
18969	9.516002	-4.197941	1.686935	0.061570	0.421472	0.016366	-0.292721	-0.078540	0.952967	0.287519	-0.957729	0.009384	0.911947	0.276743	0.302930
18970	9.518748	-3.902305	2.095742	0.576826	0.476642	0.065402	-0.296822	-0.080513	0.951533	0.292984	-0.956060	0.010498	0.908877	0.281899	0.307368
18971	9.221714	-3.089180	2.568237	1.029600	0.535941	0.085481	-0.301379	-0.082883	0.949895	0.302609	-0.953028	0.012854	0.904211	0.291321	0.312304
18972	8.858868	-1.982029	3.168229	1.360257	0.572990	0.077049	-0.306253	-0.085330	0.948118	0.315105	-0.948915	0.016381	0.898286	0.303773	0.317496
18973	8.487369	-0.817798	3.848570	1.532806	0.567206	0.041655	-0.311149	-0.087504	0.946324	0.328987	-0.944104	0.020871	0.891602	0.317823	0.322545
18974	8.276267	0.451688	4.387977	1.598185	0.545130	0.023628	-0.315868	-0.089505	0.944572	0.343240	-0.938893	0.025814	0.884542	0.332368	0.327288
18975	8.149994	1.553512	4.566895	1.498515	0.493803	0.005459	-0.320153	-0.091246	0.942961	0.356497	-0.933793	0.030678	0.877731	0.345984	0.331486
18976	8.227065	2.271794	4.624441	1.281988	0.446498	0.003291	-0.323996	-0.092877	0.941488	0.367763	-0.929265	0.034888	0.871652	0.357548	0.335235
18977	8.266123	2.639113	4.754697	1.016530	0.406537	0.016840	-0.327420	-0.094520	0.940139	0.376688	-0.925555	0.038135	0.866546	0.366625	0.338650
18978	8.307572	2.672801	4.769408	0.719153	0.370992	0.033788	-0.330458	-0.096216	0.938904	0.383028	-0.922860	0.040239	0.862605	0.372924	0.341820
18979	8.419912	2.606557	4.621002	0.462780	0.352119	0.044854	-0.333271	-0.097964	0.937728	0.387197	-0.921067	0.041388	0.859656	0.376879	0.344896
18980	8.324256	2.488281	4.525742	0.271774	0.352594	0.057825	-0.336036	-0.099840	0.936543	0.389736	-0.919979	0.041765	0.857430	0.379039	0.348057
18981	8.125621	2.441178	4.441630	0.137033	0.343056	0.068312	-0.338661	-0.101784	0.935387	0.391176	-0.919376	0.041586	0.855740	0.379984	0.351172
18982	7.868567	2.476964	4.423305	0.043116	0.350423	0.073680	-0.341335	-0.103804	0.934192	0.391809	-0.919131	0.041029	0.854387	0.380029	0.354403
18983	7.353587	2.509582	4.201037	-0.060963	0.325072	0.070962	-0.343786	-0.105703	0.933080	0.391567	-0.919274	0.040130	0.853514	0.379159	0.357423
18984	7.039115	2.476236	4.049061	-0.157656	0.250343	0.071832	-0.345609	-0.107320	0.932221	0.390483	-0.919789	0.038877	0.853275	0.377453	0.359794
18985	6.865869	2.505624	4.066832	-0.286821	0.156595	0.085659	-0.346565	-0.108711	0.931705	0.388367	-0.920761	0.037026	0.853852	0.374675	0.361323
18986	6.670511	2.591507	4.010172	-0.432933	0.068875	0.062503	-0.346882	-0.109553	0.931488	0.384899	-0.922300	0.034862	0.855293	0.370622	0.362097
18987	6.503783	2.727775	3.955933	-0.613329	-0.053805	0.026015	-0.346275	-0.109609	0.931708	0.379771	-0.924513	0.032381	0.857827	0.365049	0.361763
18988	6.478382	2.531361	3.661185	-0.826198	-0.215014	0.003150	-0.344388	-0.108869	0.932494	0.372694	-0.927490	0.029358	0.861682	0.357645	0.359991
18989	6.393683	2.333280	3.210838	-1.034600	-0.401748	-0.002913	-0.340880	-0.107439	0.933948	0.363778	-0.931132	0.025660	0.866872	0.348496	0.356488
18990	6.415658	1.959045	2.926051	-1.276771	-0.603797	0.021802	-0.335522	-0.105579	0.936097	0.352757	-0.935481	0.020928	0.873492	0.337236	0.351118
18991	6.659616	0.406888	3.347347	-1.580626	-0.819764	0.113922	-0.327887	-0.103956	0.938980	0.339299	-0.940569	0.014349	0.881684	0.323299	0.343673
18992	8.236908	-2.217591	4.995999	-1.867234	-0.993196	0.276145	-0.318144	-0.103441	0.942382	0.323655	-0.946160	0.005409	0.891085	0.306727	0.334494
18993	9.712889	-5.216292	6.269192	-1.696240	-0.917330	0.523289	-0.308227	-0.105677	0.945425	0.310144	-0.950676	-0.005151	0.899337	0.291630	0.325799
18994	9.823980	-5.905359	6.794080	-0.873038	-0.765281	0.639549	-0.299339	-0.109572	0.947834	0.304220	-0.952498	-0.014034	0.904348	0.284150	0.318454
18995	9.887371	-3.953761	7.157999	0.047010	-0.693981	0.554435	-0.291317	-0.112893	0.949942	0.306319	-0.951736	-0.019168	0.906258	0.285401	0.311839
18996	11.431787	-1.822537	7.071652	0.588662	-0.731477	0.272863	-0.283825	-0.113393	0.952148	0.312435	-0.949729	-0.019971	0.906547	0.291816	0.304985
18997	14.495716	-0.630504	7.055804	0.904614	-0.643837	0.044534	-0.277804	-0.111924	0.954095	0.320791	-0.946985	-0.017685	0.905493	0.301152	0.298980
18998	15.026693	0.737831	7.297216	1.119469	-0.210959	0.057724	-0.275693	-0.111839	0.954717	0.331060	-0.943492	-0.014924	0.902437	0.311955	0.297140
18999	11.661020	2.557268	6.313348	1.130591	0.164108	0.130465	-0.276685	-0.113605	0.954222	0.341634	-0.939746	-0.012821	0.898182	0.322447	0.298825
19000	7.809495	5.004210	3.064253	0.734522	0.105737	0.108806	-0.277246	-0.114984	0.953894	0.348510	-0.937232	-0.011682	0.895363	0.329202	0.299917
19001	5.968976	6.642489	-1.025233	-0.304448	-0.282330	0.035266	-0.274546	-0.114405	0.954744	0.345913	-0.938177	-0.012949	0.897201	0.326703	0.297147
19002	6.340145	6.183131	-2.330660	-1.453198	-0.552914	-0.014340	-0.269604	-0.112509	0.956376	0.332784	-0.942848	-0.017105	0.903642	0.313655	0.291637
19003	7.998762	3.872985	-0.672305	-2.013857	-0.691737	-0.038167	-0.263401	-0.110059	0.958388	0.314434	-0.949011	-0.022564	0.912004	0.295406	0.284576
19004	10.418407	1.428565	0.245913	-2.061881	-0.918540	0.036765	-0.254856	-0.107789	0.960953	0.295642	-0.954868	-0.028698	0.920676	0.276784	0.275221
19005	12.728973	-0.303236	-0.540637	-2.080250	-1.179297	0.172994	-0.243404	-0.106310	0.964081	0.276862	-0.960236	-0.035986	0.929571	0.258158	0.263158
19006	13.691393	-1.800401	-2.301350	-2.127102	-1.310451	0.251641	-0.230473	-0.105484	0.967344	0.257605	-0.965253	-0.043881	0.938361	0.239079	0.249638
19007	12.737009	-2.253993	-2.815300	-1.972499	-1.271978	0.349482	-0.217572	-0.105957	0.970276	0.239835	-0.969415	-0.052083	0.946119	0.221375	0.236330
19008	10.971808	-2.525659	-1.876597	-1.745298	-1.197283	0.427331	-0.205186	-0.107564	0.972794	0.224191	-0.972680	-0.060264	0.952700	0.205726	0.223696
19009	9.701516	-3.087981	-0.782902	-1.489796	-1.144713	0.410504	-0.193310	-0.109305	0.975030	0.210808	-0.975192	-0.067528	0.958223	0.192490	0.211557
19010	9.106167	-3.246764	-0.135866	-1.253337	-1.163720	0.321958	-0.181440	-0.110288	0.977198	0.199397	-0.977176	-0.073263	0.962975	0.181558	0.199290
19011	8.991339	-3.129540	0.187573	-0.957407	-1.190371	0.225896	-0.169467	-0.110408	0.979332	0.190588	-0.978618	-0.077347	0.966932	0.173541	0.186886
19012	9.333286	-2.756028	0.963641	-0.552541	-1.134252	0.148612	-0.158170	-0.109938	0.981273	0.185506	-0.979395	-0.079826	0.969830	0.169406	0.175305
19013	9.540850	-2.175279	1.801429	-0.202659	-1.013172	0.102099	-0.148101	-0.109250	0.982919	0.183728	-0.979618	-0.081200	0.971756	0.168564	0.165154
19014	9.463631	-1.768432	2.290625	0.030762	-0.891179	0.091693	-0.139232	-0.108662	0.984280	0.184181	-0.979459	-0.082077	0.972981	0.169858	0.156386
19015	9.363699	-1.105483	2.630697	0.141225	-0.799572	0.124841	-0.131173	-0.108541	0.985400	0.185757	-0.979074	-0.083117	0.973801	0.172142	0.148590
19016	8.918054	-0.774073	2.797021	0.089733	-0.743029	0.142483	-0.123636	-0.108674	0.986359	0.186832	-0.978758	-0.084418	0.974581	0.173847	0.141313
19017	8.799806	-0.331075	2.970178	-0.063972	-0.757585	0.150969	-0.115921	-0.108857	0.987275	0.186421	-0.978697	-0.086022	0.975607	0.174077	0.133745
19018	8.938294	-0.302608	2.741534	-0.242505	-0.759411	0.138289	-0.108220	-0.108918	0.988142	0.184226	-0.978961	-0.087729	0.976908	0.172547	0.126009
19019	9.017563	-0.619683	2.443140	-0.433204	-0.755819	0.134587	-0.100540	-0.108968	0.988948	0.180162	-0.979546	-0.089616	0.978485	0.169161	0.118115
19020	9.230228	-1.178722	2.041145	-0.513569	-0.743410	0.139531	-0.092982	-0.109117	0.989671	0.175283	-0.980247	-0.091609	0.980117	0.164954	0.110272
19021	9.236560	-1.652338	1.461823	-0.655511	-0.732023	0.137735	-0.085519	-0.109305	0.990323	0.169006	-0.981151	-0.093698	0.981898	0.159357	0.102380
19022	9.094280	-2.224634	0.536274	-0.723424	-0.758610	0.111317	-0.077851	-0.109237	0.990962	0.162000	-0.982155	-0.095539	0.983715	0.153098	0.094158
19023	9.056417	-2.389066	-0.119325	-0.735817	-0.837472	0.053179	-0.069476	-0.108529	0.991663	0.154824	-0.983193	-0.096755	0.985496	0.146811	0.085111
19024	9.346621	-2.218569	-0.701286	-0.783397	-0.941153	0.009820	-0.060149	-0.107302	0.992405	0.147114	-0.984301	-0.097510	0.987289	0.140132	0.074991
19025	9.703228	-2.198349	-1.100242	-0.689409	-1.016318	-0.003826	-0.050068	-0.105895	0.993116	0.140331	-0.985245	-0.097980	0.988838	0.134459	0.064190
19026	10.012399	-2.053597	-0.894061	-0.571285	-1.045285	-0.009580	-0.039708	-0.104448	0.993737	0.134685	-0.986005	-0.098253	0.990093	0.129940	0.053219
19027	10.282070	-2.213276	-0.542676	-0.414498	-1.045814	-0.044199	-0.029363	-0.102694	0.994280	0.130593	-0.986576	-0.098042	0.991001	0.126968	0.042380
19028	10.043889	-2.232725	-0.064556	-0.243608	-1.008131	-0.034920	-0.019382	-0.101108	0.994687	0.128181	-0.986915	-0.097820	0.991561	0.125604	0.032088
19029	9.725589	-2.543640	0.290528	-0.107213	-1.010177	-0.001576	-0.009322	-0.099849	0.994959	0.127147	-0.987044	-0.097864	0.991840	0.125593	0.021897
19030	9.624936	-2.001225	0.375956	-0.032384	-1.012170	0.007288	0.000760	-0.098679	0.995119	0.126834	-0.987073	-0.097978	0.991924	0.126290	0.011766
19031	9.482019	-1.521841	0.566749	-0.006857	-0.985893	0.005765	0.010590	-0.097513	0.995178	0.126794	-0.987069	-0.098067	0.991872	0.127222	0.001911
19032	9.513805	-1.009303	0.715685	-0.016528	-0.956035	-0.013578	0.020088	-0.096193	0.995160	0.126639	-0.987099	-0.097970	0.991745	0.127994	-0.007647
19033	9.426222	-0.728963	1.004802	-0.103944	-0.923784	-0.038184	0.029245	-0.094660	0.995080	0.125645	-0.987262	-0.097609	0.991644	0.127881	-0.016979
19034	9.302015	-0.701687	1.054039	-0.242284	-0.895221	-0.042019	0.038101	-0.093142	0.994924	0.123261	-0.987605	-0.097178	0.991643	0.126338	-0.026148
19035	9.255850	-1.100162	0.995823	-0.401446	-0.887859	-0.063083	0.046873	-0.091437	0.994707	0.119334	-0.988157	-0.096459	0.991747	0.123223	-0.035407
19036	9.327991	-1.338773	0.958752	-0.500438	-0.871470	-0.076151	0.055457	-0.089665	0.994427	0.114411	-0.988829	-0.095541	0.991884	0.119072	-0.044579
19037	9.486915	-1.509475	0.766941	-0.545750	-0.840983	-0.098190	0.063733	-0.087738	0.994103	0.109083	-0.989547	-0.094329	0.991987	0.114451	-0.053496
19038	9.617244	-1.651496	0.460776	-0.529044	-0.729846	-0.110554	0.070883	-0.085863	0.993782	0.103907	-0.990232	-0.092968	0.992058	0.109851	-0.061269
19039	9.364335	-1.248378	0.246913	-0.495679	-0.639824	-0.116199	0.077156	-0.084050	0.993470	0.099102	-0.990859	-0.091526	0.992082	0.105516	-0.068121
19040	9.177164	-1.508750	-0.169673	-0.488370	-0.642078	-0.135971	0.083421	-0.082078	0.993128	0.094362	-0.991473	-0.089868	0.992037	0.101210	-0.074964
19041	9.261734	-1.602782	-0.401396	-0.455616	-0.666183	-0.161541	0.089923	-0.079842	0.992743	0.090008	-0.992051	-0.087940	0.991873	0.097263	-0.082022
19042	9.069932	-1.575889	-0.638868	-0.515707	-0.706624	-0.180827	0.096798	-0.077418	0.992289	0.085055	-0.992680	-0.085746	0.991663	0.092700	-0.089505
19043	8.967412	-1.817898	-0.962275	-0.598566	-0.826248	-0.204180	0.104865	-0.074674	0.991679	0.079352	-0.993369	-0.083193	0.991316	0.087416	-0.098244
19044	8.942477	-2.321021	-0.709874	-0.622537	-0.932544	-0.202343	0.113978	-0.071918	0.990877	0.073395	-0.994041	-0.080590	0.990768	0.081911	-0.108021
19045	9.173515	-2.751395	-0.396989	-0.648913	-1.094634	-0.184136	0.124732	-0.069249	0.989771	0.067213	-0.994680	-0.078063	0.989911	0.076262	-0.119414
19046	9.677765	-2.245938	-0.504838	-0.668438	-1.175740	-0.140544	0.136299	-0.067036	0.988397	0.060770	-0.995263	-0.075882	0.988802	0.070407	-0.131579
19047	9.853579	-1.414649	-0.135238	-0.700319	-1.178092	-0.122230	0.147912	-0.065055	0.986859	0.054047	-0.995812	-0.073745	0.987523	0.064244	-0.143776
19048	10.224805	-0.472146	0.378220	-0.813528	-1.167443	-0.105067	0.159403	-0.063352	0.985179	0.046163	-0.996369	-0.071541	0.986134	0.056882	-0.155900
19049	10.434825	0.101170	0.506880	-1.012595	-1.126243	-0.090611	0.170505	-0.061890	0.983411	0.036357	-0.996951	-0.069046	0.984686	0.047526	-0.167735
19050	10.926959	0.260555	0.580603	-1.196589	-1.060622	-0.095592	0.180932	-0.060545	0.981630	0.024730	-0.997508	-0.066083	0.983185	0.036233	-0.178984
19051	10.878483	-0.097366	0.532423	-1.366109	-0.912969	-0.087491	0.189926	-0.059431	0.979998	0.011493	-0.997963	-0.062748	0.981731	0.023181	-0.188856
19052	10.193267	-0.787798	0.493271	-1.439002	-0.809136	-0.127263	0.197874	-0.058083	0.978505	-0.002400	-0.998269	-0.058771	0.980225	0.009281	-0.197671
19053	10.184320	-1.748353	0.850138	-1.568416	-0.843244	-0.153352	0.206186	-0.056569	0.976876	-0.017428	-0.998381	-0.054136	0.978358	-0.005863	-0.206839
19054	10.286661	-3.673510	1.099075	-1.570291	-0.778876	-0.235491	0.213869	-0.054381	0.975347	-0.032311	-0.998297	-0.048576	0.976328	-0.021125	-0.215262
19055	11.790455	-5.374114	0.950384	-1.339921	-0.799627	-0.265848	0.221808	-0.051981	0.973704	-0.044777	-0.998068	-0.043081	0.974062	-0.034044	-0.223707
19056	13.805074	-5.446185	1.200322	-0.866164	-0.567337	-0.183986	0.227426	-0.050429	0.972489	-0.052836	-0.997826	-0.039386	0.972361	-0.042425	-0.229596
19057	14.434523	-4.272772	2.269097	-0.401647	-0.127105	-0.043074	0.228723	-0.050088	0.972202	-0.056622	-0.997669	-0.038079	0.971844	-0.046338	-0.231026
19058	14.246096	-2.627056	3.176734	-0.072050	0.339776	0.077232	0.225375	-0.050776	0.972948	-0.057555	-0.997591	-0.038730	0.972571	-0.047269	-0.227754
19059	13.600937	-1.362611	3.923504	0.234032	0.775213	0.180468	0.217764	-0.052251	0.974602	-0.055656	-0.997606	-0.041048	0.974413	-0.045303	-0.220150
19060	13.050091	-0.383093	4.785893	0.500651	1.073673	0.242580	0.207149	-0.054287	0.976802	-0.051355	-0.997686	-0.044557	0.976960	-0.040934	-0.209458
19061	12.770116	0.589821	4.949870	0.466480	1.368449	0.291628	0.193654	-0.056696	0.979430	-0.047354	-0.997705	-0.048391	0.979927	-0.037008	-0.195894
19062	12.118264	0.650976	4.301525	0.216576	1.655272	0.341889	0.177229	-0.059581	0.982365	-0.045938	-0.997579	-0.052216	0.983097	-0.035874	-0.179537
19063	11.355125	0.174634	2.684603	-0.046417	1.899480	0.414586	0.158370	-0.063052	0.985365	-0.047068	-0.997307	-0.056252	0.986257	-0.037471	-0.160911
19064	10.838452	0.043022	1.160645	-0.199211	2.075916	0.450612	0.137621	-0.066806	0.988229	-0.049783	-0.996928	-0.060461	0.989233	-0.040876	-0.140524
19065	10.702290	-0.023382	-0.229522	-0.384587	2.175726	0.442919	0.115877	-0.070306	0.990772	-0.054130	-0.996456	-0.064379	0.991787	-0.046170	-0.119272
19066	10.983805	-0.356915	-2.071332	-0.637301	2.253371	0.425909	0.093231	-0.073486	0.992929	-0.060982	-0.995822	-0.067975	0.993775	-0.054213	-0.097323
19067	11.576193	-1.070181	-2.482673	-0.653918	2.299350	0.416461	0.070133	-0.076325	0.994613	-0.067799	-0.995128	-0.071584	0.995231	-0.062414	-0.074966
19068	12.361819	-1.622153	-2.540447	-0.521184	2.356401	0.462518	0.046314	-0.079435	0.995764	-0.073334	-0.994414	-0.075917	0.996231	-0.069507	-0.051881
19069	12.416901	-1.969277	-2.919534	-0.310294	2.393822	0.544509	0.022087	-0.083159	0.996291	-0.076585	-0.993747	-0.081249	0.996818	-0.074506	-0.028318
19070	11.767051	-1.852217	-2.894746	-0.055590	2.337280	0.565527	-0.001675	-0.087065	0.996201	-0.077268	-0.993213	-0.086934	0.997009	-0.077120	-0.005063
19071	10.846261	-1.475719	-3.121482	0.165117	2.205524	0.555636	-0.024051	-0.090913	0.995568	-0.075522	-0.992846	-0.092489	0.996854	-0.077411	0.017013
19072	10.360898	-1.104922	-3.539259	0.317787	2.000626	0.508864	-0.044389	-0.094484	0.994536	-0.072247	-0.992607	-0.097526	0.996399	-0.076181	0.037234
19073	9.921688	-0.544001	-3.369142	0.510849	1.927484	0.397519	-0.063827	-0.097028	0.993233	-0.066913	-0.992607	-0.101266	0.995715	-0.072924	0.056863
19074	9.506855	0.135815	-3.173736	0.680267	1.812988	0.300580	-0.082080	-0.098786	0.991718	-0.059982	-0.992782	-0.103856	0.994819	-0.068010	0.075562
19075	9.027611	-0.273189	-2.559723	0.627319	1.618709	0.265236	-0.098287	-0.100390	0.990082	-0.053474	-0.992929	-0.105987	0.993720	-0.063361	0.092223
19076	9.721537	-1.346739	-2.806098	0.421459	1.393177	0.269080	-0.112272	-0.102246	0.988403	-0.049057	-0.992909	-0.108284	0.992466	-0.060645	0.106460
19077	10.379940	-2.275626	-3.286268	0.528018	1.344367	0.287613	-0.125700	-0.104346	0.986565	-0.043446	-0.992920	-0.110553	0.991116	-0.056758	0.120277
19078	9.924734	-2.246049	-3.353031	0.922181	1.364323	0.303367	-0.139337	-0.106683	0.984482	-0.033956	-0.993080	-0.112421	0.989663	-0.049093	0.134750
19079	9.265973	-2.082409	-2.867217	1.259815	1.363173	0.320905	-0.152866	-0.109309	0.982183	-0.020996	-0.993280	-0.113812	0.988024	-0.038020	0.149544
19080	8.968951	-2.319101	-2.236962	1.540968	1.301610	0.340993	-0.165759	-0.112337	0.979747	-0.005283	-0.993375	-0.114793	0.986152	-0.024204	0.164068
19081	8.997523	-2.533807	-1.906187	1.855292	1.202246	0.341968	-0.177549	-0.115577	0.977301	0.013614	-0.993273	-0.114993	0.984018	-0.007111	0.177928
19082	9.182700	-2.525643	-1.534039	2.173821	1.086311	0.334972	-0.188138	-0.118981	0.974909	0.035554	-0.992809	-0.114304	0.981499	0.013157	0.191015
19083	9.471747	-2.471951	-1.599262	2.389000	0.980850	0.325896	-0.197555	-0.122485	0.972610	0.059629	-0.991828	-0.112793	0.978477	0.035713	0.203244
19084	9.388027	-2.419069	-1.711449	2.653000	0.960899	0.284911	-0.206721	-0.125814	0.970277	0.086080	-0.990191	-0.110057	0.974606	0.060771	0.215523
19085	9.179992	-2.049112	-1.614098	2.965102	0.980213	0.233950	-0.215972	-0.128890	0.967855	0.115435	-0.987668	-0.105770	0.969552	0.088881	0.228187
19086	8.927595	-1.501652	-1.405986	3.313666	1.031631	0.184535	-0.225681	-0.131828	0.965241	0.147833	-0.983962	-0.099820	0.962919	0.120167	0.241550
19087	8.425425	-0.828396	-0.665130	3.588304	1.110619	0.121888	-0.236085	-0.134572	0.962369	0.182553	-0.978873	-0.092096	0.954431	0.153941	0.255663
19088	8.074686	0.024960	0.163217	3.646000	1.122862	0.047025	-0.246631	-0.136987	0.959379	0.217263	-0.972576	-0.083019	0.944442	0.187962	0.269629
19089	7.916018	1.093562	0.856764	3.481203	1.120621	-0.019436	-0.257154	-0.139108	0.956306	0.249939	-0.965488	-0.073234	0.933489	0.220186	0.283048
19090	7.812536	2.215846	1.532259	3.110683	1.086722	-0.093029	-0.267460	-0.140792	0.953228	0.278545	-0.958329	-0.063390	0.922431	0.248562	0.295531
19091	7.993846	2.956347	2.033613	2.571118	1.058343	-0.145093	-0.277543	-0.142179	0.950134	0.301769	-0.951834	-0.054283	0.912088	0.271655	0.307080
19092	8.089864	3.165419	2.617580	2.051856	1.056045	-0.167318	-0.287619	-0.143580	0.946921	0.319903	-0.946317	-0.046321	0.902739	0.289600	0.318111
19093	8.028558	3.267808	3.290746	1.527526	1.017802	-0.147991	-0.297204	-0.145214	0.943707	0.333234	-0.941995	-0.040005	0.894776	0.302586	0.328355
19094	7.984770	3.010216	3.697626	1.010532	0.919824	-0.128413	-0.305814	-0.146848	0.940699	0.341850	-0.939085	-0.035464	0.888604	0.310732	0.337385
19095	7.856522	2.889300	3.612666	0.606404	0.772811	-0.098155	-0.312955	-0.148363	0.938108	0.346956	-0.937318	-0.032493	0.884127	0.315313	0.344814
19096	7.793279	2.702859	3.494888	0.264625	0.630584	-0.057900	-0.318698	-0.149831	0.935939	0.349103	-0.936569	-0.031058	0.881226	0.316841	0.350789
19097	7.946489	2.247618	3.049240	0.010241	0.526812	-0.037686	-0.323421	-0.151162	0.934103	0.349107	-0.936580	-0.030689	0.879501	0.316177	0.355682
19098	8.161308	1.847625	2.930207	-0.144942	0.487082	-0.074052	-0.327937	-0.152018	0.932388	0.347590	-0.937149	-0.030541	0.878430	0.314073	0.360166
19099	8.217711	1.649582	3.315120	-0.206472	0.485872	-0.130453	-0.332609	-0.152332	0.930681	0.345381	-0.937980	-0.030093	0.877544	0.311430	0.364593
19100	7.857642	1.529016	3.772834	-0.212646	0.446815	-0.149265	-0.337019	-0.152330	0.929093	0.343016	-0.938866	-0.029507	0.876789	0.308750	0.368667
19101	7.383061	1.211433	4.172168	-0.222893	0.355596	-0.137558	-0.340560	-0.152148	0.927831	0.340632	-0.939747	-0.029074	0.876350	0.306147	0.371867
19102	7.673558	0.837632	4.645019	-0.221591	0.280943	-0.122351	-0.343415	-0.151867	0.926824	0.338272	-0.940608	-0.028786	0.876149	0.303633	0.374391
19103	8.237673	0.405575	5.146920	-0.247889	0.230030	-0.064222	-0.345602	-0.151975	0.925993	0.335915	-0.941442	-0.029140	0.876197	0.300984	0.376414
19104	8.963112	-0.098491	5.277507	-0.225537	0.193627	0.005583	-0.347260	-0.152620	0.925266	0.333956	-0.942109	-0.030061	0.876290	0.298559	0.378125
19105	9.382270	-0.560027	5.701255	-0.185238	0.216172	0.099172	-0.348778	-0.154215	0.924430	0.332714	-0.942495	-0.031699	0.876159	0.296515	0.380031
19106	9.418582	-1.130323	6.184643	-0.152135	0.249994	0.182148	-0.350346	-0.156682	0.923422	0.332014	-0.942662	-0.033980	0.875800	0.294684	0.382278
19107	9.225077	-1.886847	6.163799	-0.024578	0.298841	0.259576	-0.352053	-0.160025	0.922199	0.332746	-0.942310	-0.036488	0.874836	0.294012	0.384991
19108	8.553679	-2.116214	5.933552	0.243278	0.332039	0.286840	-0.353981	-0.163716	0.920812	0.335875	-0.941131	-0.038211	0.872860	0.295751	0.388131
19109	7.774096	-1.952704	5.443585	0.544599	0.316326	0.278639	-0.355748	-0.167296	0.919486	0.341645	-0.939033	-0.038671	0.869898	0.300381	0.391215
19110	6.952120	-1.392758	4.922218	0.807793	0.267751	0.280658	-0.357091	-0.170752	0.918330	0.349642	-0.936109	-0.038100	0.866162	0.307481	0.393978
19111	6.222575	-0.532049	4.614975	0.973600	0.171479	0.286860	-0.357511	-0.173984	0.917560	0.359116	-0.932563	-0.036906	0.862103	0.316316	0.395881
19112	5.561018	0.456101	4.246131	1.028673	-0.011084	0.254442	-0.356480	-0.176325	0.917514	0.368854	-0.928821	-0.035188	0.858411	0.325884	0.396144
19113	5.065466	1.552263	3.772358	0.884122	-0.278470	0.215277	-0.353244	-0.177417	0.918554	0.377232	-0.925506	-0.033690	0.856104	0.334608	0.393857
19114	4.865517	2.394959	2.834245	0.428881	-0.623989	0.147169	-0.347335	-0.176682	0.920946	0.381399	-0.923807	-0.033386	0.856676	0.339652	0.388257
19115	5.297744	3.008337	1.710511	-0.164800	-1.010867	0.033079	-0.338482	-0.173568	0.924827	0.380133	-0.924294	-0.034342	0.860773	0.339933	0.378836
19116	6.539354	3.457513	0.895608	-0.693299	-1.305329	-0.062855	-0.327430	-0.168583	0.929714	0.373913	-0.926751	-0.036360	0.867743	0.335727	0.366482
19117	8.122039	3.057659	0.295371	-1.160949	-1.463207	-0.093634	-0.314966	-0.162878	0.935023	0.363520	-0.930741	-0.039679	0.876726	0.327402	0.352361
19118	11.503543	2.047913	1.728165	-1.657411	-1.601897	-0.089012	-0.301142	-0.156913	0.940581	0.348614	-0.936206	-0.044568	0.887571	0.314478	0.336633
19119	18.568297	-0.949565	5.192803	-1.802696	-1.522300	-0.030676	-0.287607	-0.151965	0.945616	0.332462	-0.941778	-0.050231	0.898193	0.299934	0.321384
19120	23.241933	-3.613406	6.820405	-0.899326	-0.745443	0.198709	-0.280227	-0.151640	0.947881	0.324920	-0.944142	-0.054984	0.903272	0.292577	0.313845
