// General information: 
//  MT Manager version: 2022.2.0 
//  XDA version: 2022.2.0 build 7381 rev 124627 built on 2023-07-19
// Device information: 
//  DeviceId: 00B4CAF0
//  ProductCode: MTW2-3A7G6
//  Firmware Version: 4.6.0
//  Hardware Version: 2.0.0
// Device settings: 
//  Filter Profile: human(46.1)
//  Option Flags: Orientation Smoother Disabled, Position/Velocity Smoother Disabled, Continuous Zero Rotation Update Disabled, AHS Disabled, ICC Disabled
// Coordinate system: ENU
PacketCounter	Acc_X	Acc_Y	Acc_Z	Gyr_X	Gyr_Y	Gyr_Z	Mat[1][1]	Mat[2][1]	Mat[3][1]	Mat[1][2]	Mat[2][2]	Mat[3][2]	Mat[1][3]	Mat[2][3]	Mat[3][3]
46116	5.574993	1.502028	8.500561	0.008866	0.008341	0.000103	-0.817942	0.182355	0.545635	-0.114025	-0.981006	0.156928	0.563887	0.066142	0.823199
46117	5.519072	1.495588	8.447500	0.006565	0.002157	-0.004023	-0.817935	0.182409	0.545627	-0.114029	-0.980991	0.157018	0.563897	0.066213	0.823187
46118	5.549954	1.544298	8.464560	0.006884	0.005856	0.002631	-0.818087	0.182312	0.545432	-0.113926	-0.981001	0.157025	0.563697	0.066322	0.823315
46119	5.591616	1.541646	8.466108	0.005069	0.006579	0.001452	-0.818111	0.182310	0.545396	-0.113894	-0.980998	0.157073	0.563668	0.066386	0.823329
46120	5.561899	1.528026	8.453787	0.001765	0.013081	-0.001287	-0.818166	0.182480	0.545257	-0.114072	-0.980968	0.157131	0.563553	0.066361	0.823410
46121	5.573801	1.497558	8.411422	-0.000121	0.019226	0.000744	-0.818260	0.182477	0.545117	-0.114076	-0.980966	0.157140	0.563415	0.066397	0.823502
46122	5.569508	1.490641	8.472036	-0.000657	0.026123	-0.004668	-0.818395	0.182390	0.544944	-0.114007	-0.980978	0.157113	0.563234	0.066453	0.823621
46123	5.540530	1.511275	8.464864	0.002827	0.029851	-0.004276	-0.818543	0.182429	0.544708	-0.114035	-0.980965	0.157173	0.563013	0.066537	0.823766
46124	5.551267	1.508326	8.486670	-0.000572	0.027724	-0.006518	-0.818789	0.182375	0.544357	-0.114012	-0.980969	0.157163	0.562660	0.066620	0.824000
46125	5.537932	1.545756	8.472165	-0.007926	0.027653	-0.002352	-0.818927	0.182397	0.544141	-0.114085	-0.980967	0.157124	0.562444	0.066595	0.824149
46126	5.551358	1.548833	8.434627	-0.005724	0.025207	0.002273	-0.819036	0.182356	0.543991	-0.114100	-0.980977	0.157052	0.562282	0.066562	0.824262
46127	5.530992	1.523848	8.502983	-0.009111	0.030103	0.001388	-0.819192	0.182339	0.543761	-0.114149	-0.980982	0.156983	0.562044	0.066529	0.824427
46128	5.515365	1.526404	8.484441	-0.006039	0.027172	0.004014	-0.819454	0.182279	0.543387	-0.114175	-0.980994	0.156892	0.561658	0.066524	0.824691
46129	5.497645	1.508043	8.493354	-0.014107	0.023769	0.005111	-0.819579	0.182230	0.543215	-0.114222	-0.981009	0.156761	0.561466	0.066431	0.824829
46130	5.509128	1.517031	8.546640	-0.007564	0.017545	0.006770	-0.819641	0.182311	0.543095	-0.114380	-0.981002	0.156689	0.561343	0.066309	0.824922
46131	5.523628	1.519702	8.508511	-0.008832	0.012729	0.003965	-0.819702	0.182281	0.543012	-0.114407	-0.981012	0.156608	0.561248	0.066248	0.824992
46132	5.509402	1.535740	8.520765	-0.004734	0.011163	0.007919	-0.819801	0.182324	0.542849	-0.114515	-0.981009	0.156548	0.561082	0.066174	0.825111
46133	5.482645	1.527717	8.448995	-0.008006	0.002505	0.014668	-0.819817	0.182196	0.542867	-0.114450	-0.981038	0.156416	0.561071	0.066101	0.825124
46134	5.522117	1.516037	8.510145	-0.012889	0.006158	0.010864	-0.819804	0.182254	0.542868	-0.114612	-0.981041	0.156281	0.561058	0.065901	0.825149
46135	5.493120	1.500815	8.497561	-0.004919	0.000934	0.010260	-0.819806	0.182171	0.542892	-0.114566	-0.981059	0.156198	0.561064	0.065855	0.825149
46136	5.564196	1.497030	8.480341	-0.005704	0.003020	0.010409	-0.819912	0.182151	0.542739	-0.114625	-0.981068	0.156098	0.560897	0.065775	0.825268
46137	5.519463	1.464908	8.475084	-0.004590	0.005987	0.009887	-0.819942	0.182069	0.542720	-0.114581	-0.981086	0.156020	0.560862	0.065742	0.825295
46138	5.547772	1.464512	8.456790	-0.001959	0.011558	0.005252	-0.819860	0.182283	0.542773	-0.114826	-0.981055	0.156029	0.560932	0.065598	0.825259
46139	5.533456	1.481013	8.469030	-0.003685	0.013885	0.002219	-0.819926	0.182271	0.542678	-0.114841	-0.981058	0.156001	0.560833	0.065587	0.825327
46140	5.521388	1.531838	8.485480	0.000498	0.013921	0.004322	-0.819978	0.182253	0.542605	-0.114845	-0.981062	0.155972	0.560756	0.065578	0.825380
46141	5.533261	1.514746	8.474943	-0.002396	0.020059	-0.002005	-0.820073	0.182279	0.542452	-0.114887	-0.981057	0.155977	0.560607	0.065592	0.825480
46142	5.515868	1.510806	8.515127	-0.002886	0.018817	0.003438	-0.820123	0.182283	0.542376	-0.114933	-0.981059	0.155927	0.560526	0.065542	0.825539
46143	5.572298	1.510792	8.478590	-0.007156	0.017177	0.003187	-0.820208	0.182260	0.542255	-0.114959	-0.981066	0.155864	0.560396	0.065504	0.825630
46144	5.499669	1.512830	8.497052	-0.005572	0.020023	0.004258	-0.820401	0.182037	0.542038	-0.114803	-0.981105	0.155733	0.560145	0.065536	0.825798
46145	5.511193	1.508671	8.518531	-0.006915	0.020626	0.004668	-0.820507	0.181997	0.541891	-0.114816	-0.981115	0.155664	0.559987	0.065506	0.825908
46146	5.522781	1.491162	8.508261	-0.003267	0.020539	0.000001	-0.820589	0.182055	0.541746	-0.114918	-0.981107	0.155635	0.559845	0.065456	0.826008
46147	5.521138	1.490897	8.509374	-0.002012	0.018331	0.001444	-0.820679	0.182048	0.541613	-0.114930	-0.981108	0.155624	0.559712	0.065470	0.826097
46148	5.479928	1.527680	8.513061	-0.004875	0.016330	0.005963	-0.820725	0.181974	0.541568	-0.114909	-0.981125	0.155531	0.559649	0.065417	0.826144
46149	5.460559	1.489427	8.548770	0.001371	0.013433	0.002330	-0.820788	0.181963	0.541477	-0.114895	-0.981124	0.155544	0.559559	0.065455	0.826202
46150	5.504074	1.506745	8.523474	-0.003685	0.013881	0.002225	-0.820894	0.181976	0.541311	-0.114960	-0.981125	0.155494	0.559390	0.065415	0.826320
46151	5.487727	1.489205	8.531254	0.001179	0.003207	0.004663	-0.820903	0.181948	0.541307	-0.114928	-0.981129	0.155492	0.559384	0.065433	0.826322
46152	5.492487	1.557332	8.539637	-0.001521	-0.002604	0.004110	-0.820871	0.181960	0.541351	-0.114971	-0.981131	0.155446	0.559421	0.065361	0.826302
46153	5.490738	1.509094	8.503489	-0.001231	-0.005932	0.009402	-0.820834	0.181892	0.541431	-0.114914	-0.981145	0.155398	0.559488	0.065338	0.826259
46154	5.533660	1.505310	8.504620	-0.002347	-0.008898	0.009922	-0.820739	0.181765	0.541617	-0.114818	-0.981174	0.155289	0.559647	0.065264	0.826157
46155	5.532098	1.470450	8.500029	-0.002727	-0.007174	0.006480	-0.820691	0.181726	0.541703	-0.114794	-0.981184	0.155245	0.559722	0.065224	0.826110
46156	5.535017	1.503951	8.503977	-0.003827	-0.003122	0.008370	-0.820665	0.181739	0.541738	-0.114856	-0.981188	0.155171	0.559748	0.065122	0.826100
46157	5.509358	1.509693	8.463171	-0.005996	-0.008814	0.014591	-0.820617	0.181622	0.541850	-0.114783	-0.981215	0.155056	0.559832	0.065046	0.826049
46158	5.549461	1.498262	8.523826	-0.008325	-0.001190	0.008005	-0.820502	0.181502	0.542065	-0.114721	-0.981246	0.154907	0.560014	0.064916	0.825936
46159	5.536566	1.487044	8.471887	-0.004927	0.000929	0.010260	-0.820503	0.181421	0.542089	-0.114678	-0.981264	0.154824	0.560021	0.064868	0.825935
46160	5.523199	1.502719	8.483643	-0.012579	0.004190	0.009122	-0.820544	0.181322	0.542061	-0.114678	-0.981291	0.154653	0.559962	0.064737	0.825986
46161	5.536055	1.471114	8.440964	-0.002830	0.012034	0.007262	-0.820604	0.181263	0.541989	-0.114648	-0.981302	0.154603	0.559879	0.064730	0.826042
46162	5.519184	1.466113	8.480927	-0.018780	0.015469	0.007097	-0.820578	0.181277	0.542025	-0.114786	-0.981315	0.154418	0.559889	0.064495	0.826054
46163	5.517962	1.464767	8.481955	-0.006363	0.015088	0.003048	-0.820650	0.181258	0.541921	-0.114811	-0.981321	0.154362	0.559778	0.064459	0.826132
46164	5.532118	1.481372	8.475786	-0.005940	0.021744	0.000830	-0.820767	0.181217	0.541758	-0.114834	-0.981331	0.154278	0.559602	0.064414	0.826255
46165	5.543426	1.463914	8.465694	-0.003327	0.025948	0.003238	-0.820901	0.181189	0.541565	-0.114841	-0.981336	0.154247	0.559405	0.064427	0.826387
46166	5.517259	1.517676	8.462618	-0.009815	0.025396	0.005392	-0.821120	0.181051	0.541279	-0.114803	-0.981363	0.154097	0.559090	0.064391	0.826602
46167	5.525743	1.479176	8.480327	-0.004427	0.029997	0.005134	-0.821278	0.181002	0.541055	-0.114800	-0.981372	0.154046	0.558859	0.064401	0.826758
46168	5.522987	1.492149	8.513872	-0.005270	0.031843	0.000103	-0.821535	0.180891	0.540702	-0.114763	-0.981391	0.153954	0.558488	0.064426	0.827007
46169	5.496402	1.532543	8.479375	-0.007021	0.032805	0.004105	-0.821708	0.180851	0.540453	-0.114783	-0.981399	0.153887	0.558230	0.064416	0.827182
46170	5.475485	1.480149	8.484395	-0.011984	0.034857	0.002149	-0.821870	0.180728	0.540248	-0.114759	-0.981426	0.153733	0.557997	0.064351	0.827344
46171	5.514491	1.489532	8.519835	-0.008272	0.035008	0.002670	-0.822053	0.180700	0.539978	-0.114797	-0.981432	0.153664	0.557719	0.064332	0.827533
46172	5.498397	1.491974	8.501631	-0.010958	0.036213	0.003489	-0.822227	0.180750	0.539697	-0.114957	-0.981430	0.153555	0.557430	0.064216	0.827737
46173	5.498025	1.511564	8.476219	-0.009148	0.035485	0.004676	-0.822415	0.180702	0.539427	-0.114984	-0.981441	0.153468	0.557147	0.064189	0.827929
46174	5.492225	1.503371	8.537610	-0.009147	0.035483	0.004679	-0.822702	0.180536	0.539044	-0.114922	-0.981472	0.153317	0.556736	0.064186	0.828206
46175	5.462695	1.522478	8.530966	-0.013960	0.039375	0.006056	-0.822913	0.180472	0.538743	-0.114964	-0.981488	0.153181	0.556415	0.064119	0.828427
46176	5.470518	1.483267	8.549156	-0.013140	0.030511	0.009709	-0.823023	0.180393	0.538601	-0.115003	-0.981511	0.153004	0.556244	0.063985	0.828552
46177	5.468116	1.481345	8.551026	-0.018289	0.029354	0.011446	-0.823184	0.180283	0.538392	-0.115025	-0.981540	0.152804	0.556001	0.063857	0.828725
46178	5.452843	1.496181	8.564076	-0.013760	0.020644	0.015619	-0.823375	0.180104	0.538160	-0.114985	-0.981580	0.152577	0.555727	0.063748	0.828917
46179	5.438237	1.510829	8.576733	-0.019711	0.014562	0.016120	-0.823459	0.179957	0.538080	-0.114976	-0.981618	0.152340	0.555603	0.063579	0.829013
46180	5.448261	1.457298	8.562004	-0.014751	0.012505	0.018085	-0.823576	0.180044	0.537872	-0.115217	-0.981617	0.152164	0.555380	0.063346	0.829180
46181	5.437094	1.492404	8.546717	-0.020239	0.006301	0.020176	-0.823619	0.179864	0.537866	-0.115179	-0.981662	0.151900	0.555324	0.063157	0.829232
46182	5.463413	1.469227	8.556121	-0.018673	0.002130	0.019873	-0.823587	0.179682	0.537976	-0.115142	-0.981710	0.151617	0.555380	0.062927	0.829213
46183	5.448296	1.435783	8.531730	-0.018082	-0.003168	0.023417	-0.823581	0.179476	0.538054	-0.115065	-0.981760	0.151354	0.555404	0.062741	0.829210
46184	5.433116	1.416026	8.538945	-0.014421	-0.003249	0.018755	-0.823566	0.179118	0.538196	-0.114821	-0.981833	0.151062	0.555477	0.062613	0.829171
46185	5.430801	1.406861	8.598129	-0.007706	-0.006266	0.016717	-0.823536	0.178979	0.538290	-0.114742	-0.981864	0.150921	0.555539	0.062524	0.829136
46186	5.431850	1.392020	8.566062	-0.005950	-0.007224	0.012716	-0.823478	0.178724	0.538463	-0.114543	-0.981915	0.150740	0.555666	0.062454	0.829057
46187	5.443433	1.353700	8.581571	0.004793	-0.012052	0.009452	-0.823406	0.178660	0.538593	-0.114454	-0.981925	0.150742	0.555790	0.062478	0.828972
46188	5.478792	1.409310	8.538968	0.015876	-0.011831	0.005832	-0.823282	0.178516	0.538831	-0.114228	-0.981944	0.150790	0.556020	0.062593	0.828809
46189	5.437646	1.427081	8.568096	0.015632	-0.015275	0.004342	-0.823187	0.178504	0.538980	-0.114121	-0.981938	0.150909	0.556183	0.062717	0.828690
46190	5.454558	1.459076	8.591613	0.020686	-0.015730	0.004457	-0.823047	0.178463	0.539207	-0.113971	-0.981937	0.151029	0.556421	0.062850	0.828520
46191	5.469320	1.457273	8.610575	0.021075	-0.023097	-0.000522	-0.822902	0.178504	0.539414	-0.113873	-0.981919	0.151218	0.556655	0.063013	0.828351
46192	5.427078	1.428606	8.602751	0.032090	-0.031267	0.001506	-0.822755	0.178626	0.539600	-0.113829	-0.981885	0.151477	0.556882	0.063206	0.828183
46193	5.427591	1.396841	8.596209	0.026134	-0.037346	0.002014	-0.822533	0.178651	0.539928	-0.113682	-0.981868	0.151694	0.557239	0.063393	0.827929
46194	5.404901	1.420231	8.584546	0.042932	-0.048295	-0.001178	-0.822190	0.178913	0.540365	-0.113692	-0.981807	0.152085	0.557744	0.063608	0.827572
46195	5.411854	1.471785	8.616968	0.047212	-0.060463	0.001520	-0.821839	0.178958	0.540884	-0.113432	-0.981775	0.152480	0.558314	0.063960	0.827160
46196	5.399267	1.451651	8.679070	0.053057	-0.076809	0.003926	-0.821389	0.179062	0.541532	-0.113217	-0.981736	0.152893	0.559019	0.064273	0.826660
46197	5.248112	1.660650	8.810782	0.071485	-0.105513	0.008078	-0.820792	0.179073	0.542433	-0.112768	-0.981701	0.153452	0.559986	0.064783	0.825966
46198	5.402773	1.604866	8.641175	0.058674	-0.161337	0.032580	-0.819882	0.178780	0.543904	-0.112102	-0.981736	0.153711	0.561450	0.065052	0.824950
46199	5.486546	1.557044	8.577836	0.058199	-0.176432	0.040552	-0.818920	0.178519	0.545437	-0.111459	-0.981767	0.153982	0.562981	0.065305	0.823886
46200	5.487300	1.541825	8.574300	0.042874	-0.192125	0.046504	-0.817957	0.178277	0.546958	-0.110957	-0.981808	0.154082	0.564477	0.065344	0.822858
46201	5.497207	1.427109	8.518675	0.052786	-0.203353	0.049148	-0.816846	0.177950	0.548722	-0.110273	-0.981857	0.154259	0.566218	0.065497	0.821649
46202	5.539376	1.561986	8.542913	0.048314	-0.215297	0.051378	-0.815727	0.177710	0.550462	-0.109736	-0.981899	0.154376	0.567932	0.065523	0.820463
46203	5.527918	1.528468	8.544816	0.039397	-0.232091	0.057119	-0.814454	0.177324	0.552469	-0.109064	-0.981971	0.154397	0.569886	0.065495	0.819109
46204	5.535129	1.565324	8.665336	0.022970	-0.250791	0.063766	-0.813125	0.176812	0.554586	-0.108384	-0.982078	0.154194	0.571910	0.065271	0.817715
46205	5.493785	1.635112	8.676585	0.019610	-0.282044	0.073778	-0.811572	0.176294	0.557020	-0.107689	-0.982192	0.153957	0.574242	0.064962	0.816104
46206	5.537551	1.661902	8.683893	-0.005958	-0.322343	0.091854	-0.809990	0.175559	0.559550	-0.106972	-0.982362	0.153366	0.576605	0.064369	0.814483
46207	5.515302	1.702741	8.739589	-0.030359	-0.365171	0.106327	-0.807976	0.174770	0.562698	-0.106304	-0.982564	0.152535	0.579546	0.063428	0.812467
46208	5.476589	1.654657	8.793298	-0.066120	-0.413324	0.125142	-0.805840	0.173739	0.566072	-0.105641	-0.982832	0.151264	0.582634	0.062094	0.810359
46209	5.417883	1.637211	8.868571	-0.089278	-0.474058	0.145845	-0.803207	0.172618	0.570142	-0.105007	-0.983136	0.149726	0.586372	0.060392	0.807787
46210	5.330900	1.695466	9.040209	-0.108404	-0.556140	0.164920	-0.800280	0.171204	0.574666	-0.104218	-0.983500	0.147870	0.590500	0.058446	0.804918
46211	5.191800	1.822741	9.236333	-0.128386	-0.681338	0.196010	-0.796427	0.169689	0.580440	-0.103432	-0.983904	0.145719	0.595824	0.056019	0.801159
46212	4.915789	1.930163	9.536087	-0.148497	-0.873089	0.240620	-0.791740	0.167995	0.587304	-0.102667	-0.984359	0.143166	0.602169	0.053054	0.796604
46213	4.843469	1.982964	9.691990	-0.142046	-1.117077	0.276558	-0.785232	0.165869	0.596572	-0.101365	-0.984890	0.140415	0.610849	0.049787	0.790180
46214	4.559399	2.060911	10.088570	-0.193429	-1.416094	0.317729	-0.777119	0.163452	0.607757	-0.100146	-0.985497	0.136989	0.621334	0.045592	0.782218
46215	4.641338	1.701518	9.862362	-0.253568	-1.727673	0.335935	-0.766591	0.160905	0.621649	-0.099163	-0.986147	0.132967	0.634433	0.040287	0.771928
46216	4.548356	1.726030	10.083701	-0.228534	-2.046423	0.343277	-0.754093	0.158353	0.637392	-0.098127	-0.986770	0.129059	0.649396	0.034777	0.759655
46217	5.475277	1.400520	10.044534	-0.312716	-2.328993	0.343375	-0.739090	0.155718	0.655361	-0.097639	-0.987404	0.124501	0.666493	0.028029	0.744984
46218	5.847132	0.734319	9.957150	-0.305125	-2.558707	0.324326	-0.722127	0.153165	0.674591	-0.097382	-0.987977	0.120075	0.684872	0.021016	0.728360
46219	6.744641	0.506950	9.773947	-0.186554	-2.720140	0.287693	-0.703498	0.150835	0.694506	-0.096644	-0.988445	0.116779	0.704096	0.015034	0.709946
46220	8.432881	0.511044	9.692150	-0.150022	-2.792290	0.246009	-0.683801	0.148767	0.714342	-0.096068	-0.988828	0.113970	0.723317	0.009307	0.690454
46221	8.787177	0.700897	9.421528	-0.032890	-2.681744	0.241771	-0.664374	0.146591	0.732883	-0.094695	-0.989184	0.112013	0.741377	0.005018	0.671070
46222	8.550755	1.624467	8.873444	-0.086512	-2.552716	0.227484	-0.645447	0.144430	0.750025	-0.093918	-0.989515	0.109725	0.758009	0.000381	0.652244
46223	8.859061	1.242500	8.194677	-0.270291	-2.433482	0.205005	-0.626991	0.142358	0.765909	-0.094699	-0.989798	0.106449	0.773249	-0.005788	0.634076
46224	9.189567	1.147405	7.767025	-0.419720	-2.272567	0.185163	-0.609438	0.140327	0.780316	-0.096890	-0.990017	0.102365	0.786891	-0.013220	0.616951
46225	8.580934	0.786389	7.051757	-0.578751	-2.093659	0.130551	-0.592948	0.138689	0.793207	-0.100709	-0.990094	0.097831	0.798918	-0.021874	0.601042
46226	7.753235	0.491009	6.264786	-0.680511	-1.908755	0.051384	-0.577650	0.137688	0.804588	-0.105942	-0.989981	0.093353	0.809380	-0.031315	0.586449
46227	6.944119	0.444137	5.824545	-0.750599	-1.657842	-0.071118	-0.564064	0.137814	0.814150	-0.112470	-0.989608	0.089592	0.818036	-0.041032	0.573702
46228	5.506463	0.968031	6.536598	-0.798754	-1.309477	-0.211426	-0.553062	0.139316	0.821409	-0.120274	-0.988943	0.086750	0.824413	-0.050816	0.563703
46229	3.429718	1.353463	7.574328	-0.897848	-0.877375	-0.409939	-0.545281	0.142900	0.825983	-0.129957	-0.987860	0.085113	0.828118	-0.060932	0.557232
46230	1.332667	1.903136	8.656723	-0.878605	-0.440714	-0.651959	-0.540748	0.149058	0.827873	-0.140837	-0.986326	0.085595	0.829311	-0.070310	0.554347
46231	0.250040	1.929524	9.400236	-0.928391	-0.010414	-0.895943	-0.539324	0.157899	0.827162	-0.153382	-0.984252	0.087878	0.828012	-0.079477	0.555050
46232	4.410309	1.361063	10.119025	-0.838897	0.412103	-1.051191	-0.541061	0.168591	0.823912	-0.166039	-0.981831	0.091867	0.824430	-0.087095	0.559223
46233	3.509531	0.832857	10.474060	-0.788549	1.151586	-1.080399	-0.548630	0.180241	0.816405	-0.178410	-0.979233	0.096297	0.816808	-0.092823	0.569394
46234	1.449628	-0.295357	9.312787	-0.554747	1.647379	-1.052060	-0.560088	0.192096	0.805854	-0.188788	-0.976746	0.101621	0.806635	-0.095219	0.583329
46235	0.708808	0.068638	8.692915	-0.306542	1.869196	-0.937014	-0.573236	0.203033	0.793837	-0.196567	-0.974599	0.107322	0.795463	-0.094521	0.598585
46236	1.360910	0.537763	8.623417	-0.174231	1.983680	-0.741556	-0.587442	0.212123	0.780971	-0.202289	-0.972890	0.112090	0.783575	-0.092136	0.614427
46237	2.610133	0.889129	9.012911	-0.156874	2.141119	-0.518577	-0.603001	0.219126	0.767056	-0.206610	-0.971624	0.115144	0.770521	-0.089049	0.631164
46238	3.857614	0.905432	9.404053	-0.143814	2.361228	-0.298288	-0.620428	0.224101	0.751564	-0.209573	-0.970831	0.116476	0.755744	-0.085242	0.649296
46239	4.468107	0.802637	9.350476	-0.091878	2.619062	-0.126599	-0.639718	0.227517	0.734164	-0.211073	-0.970464	0.116827	0.739060	-0.080225	0.668846
46240	4.532970	0.875106	9.090531	0.027868	2.819203	-0.004631	-0.660318	0.229751	0.714978	-0.210938	-0.970467	0.117038	0.720753	-0.073534	0.689281
46241	4.638812	1.285073	8.858138	0.155433	2.935135	0.065475	-0.681310	0.231174	0.694533	-0.209410	-0.970721	0.117680	0.701402	-0.065266	0.709772
46242	4.979330	1.893178	8.851686	0.218656	2.983186	0.100981	-0.702176	0.232029	0.673135	-0.207237	-0.971081	0.118552	0.681176	-0.056254	0.729955
46243	5.586937	2.437676	8.948745	0.191660	3.006683	0.113483	-0.722559	0.232507	0.651037	-0.205161	-0.971438	0.119233	0.660165	-0.047414	0.749623
46244	5.982855	2.637977	9.063220	0.114442	3.026255	0.103244	-0.742450	0.232838	0.628136	-0.203693	-0.971722	0.119437	0.638183	-0.039271	0.768882
46245	6.203782	2.640675	9.052545	0.036539	3.028100	0.068660	-0.761555	0.233270	0.604664	-0.202966	-0.971890	0.119311	0.615498	-0.031864	0.787494
46246	6.328035	2.623151	8.983717	-0.029690	2.996127	0.015799	-0.779714	0.233992	0.580769	-0.203047	-0.971913	0.118983	0.592299	-0.025150	0.805326
46247	6.550011	2.669822	8.942306	-0.089519	2.943441	-0.060917	-0.796666	0.235258	0.556756	-0.204066	-0.971745	0.118614	0.568930	-0.019119	0.822164
46248	7.006905	2.628529	8.897145	-0.161542	2.878635	-0.132663	-0.812464	0.237041	0.532648	-0.206049	-0.971400	0.118003	0.545387	-0.013878	0.838070
46249	7.366937	2.508941	8.759387	-0.226440	2.806160	-0.203261	-0.827003	0.239364	0.508695	-0.208944	-0.970884	0.117158	0.521928	-0.009399	0.852938
46250	8.115032	2.208741	8.583756	-0.294734	2.706408	-0.260549	-0.840293	0.242114	0.485065	-0.212631	-0.970231	0.115931	0.498694	-0.005724	0.866759
46251	15.733172	1.992502	1.983615	-0.064047	0.588040	0.883009	-0.845043	0.233591	0.480976	-0.205528	-0.972322	0.111120	0.493621	-0.004953	0.869663
46252	25.260756	-20.166298	-14.645858	0.064815	-1.675975	0.234772	-0.837151	0.231214	0.495700	-0.203240	-0.972868	0.110548	0.507811	-0.008201	0.861430
46253	39.543278	9.349589	-3.945606	4.191209	-1.802213	0.021992	-0.827818	0.231205	0.511138	-0.181306	-0.972491	0.146255	0.530892	0.028400	0.846963
46254	34.846152	7.175346	2.266037	-1.836405	0.022569	0.042581	-0.828002	0.230827	0.511011	-0.190741	-0.972938	0.130420	0.527287	0.010517	0.849622
46255	1.893962	-0.153904	7.688087	-0.520866	0.521926	-0.108281	-0.830517	0.231858	0.506442	-0.194392	-0.972727	0.126547	0.521971	0.006651	0.852937
46256	-8.522092	3.249567	8.328876	-0.191381	-0.292065	-0.220172	-0.828533	0.234055	0.508676	-0.197288	-0.972215	0.125998	0.524032	0.004038	0.851689
46257	5.097967	-2.516491	11.213852	-0.832296	-0.990511	-0.127091	-0.823041	0.235302	0.516949	-0.202746	-0.971901	0.119589	0.530563	-0.006383	0.847622
46258	7.355138	-2.957226	8.383231	0.607252	-0.834261	0.000359	-0.818562	0.235299	0.524013	-0.199565	-0.971920	0.124684	0.538637	-0.002513	0.842534
46259	7.093026	2.556538	8.474191	0.536513	-0.804377	-0.052096	-0.814081	0.235821	0.530718	-0.197099	-0.971796	0.129477	0.546283	0.000800	0.837601
46260	9.550798	3.181391	8.686771	0.444151	-0.204161	-0.039773	-0.812862	0.236254	0.532391	-0.195068	-0.971681	0.133361	0.548821	0.004552	0.835928
46261	5.906149	4.439218	8.898403	0.267479	-0.212407	0.021671	-0.811721	0.236078	0.534207	-0.193441	-0.971711	0.135491	0.551081	0.006643	0.834425
46262	5.956364	0.401608	8.829525	-0.490085	-0.016264	0.037992	-0.811683	0.235746	0.534410	-0.195896	-0.971813	0.131166	0.550269	0.001776	0.834986
46263	5.451288	-0.153386	8.406153	0.316566	-0.030569	0.026764	-0.811552	0.235510	0.534714	-0.193955	-0.971860	0.133676	0.551149	0.004774	0.834393
46264	5.689219	2.393837	9.118317	0.459672	-0.073108	0.031841	-0.811186	0.235245	0.535385	-0.191231	-0.971895	0.137301	0.552637	0.008994	0.833374
46265	5.610261	1.236485	8.616422	-0.082562	0.002464	0.027632	-0.811238	0.234999	0.535415	-0.191483	-0.971961	0.136476	0.552474	0.008191	0.833490
46266	5.600093	1.817391	8.552091	0.342884	-0.052191	0.063727	-0.811047	0.234422	0.535955	-0.189139	-0.972069	0.138956	0.553560	0.011329	0.832732
46267	5.763587	2.228180	8.753160	0.037876	-0.023736	0.094708	-0.811080	0.233527	0.536297	-0.188181	-0.972281	0.138774	0.553839	0.011636	0.832543
46268	5.604521	1.153532	8.569935	-0.031109	-0.011601	0.105426	-0.811191	0.232540	0.536557	-0.187563	-0.972522	0.137918	0.553885	0.011239	0.832517
46269	5.640906	1.435726	8.630221	0.075415	-0.013798	0.117921	-0.811320	0.231418	0.536847	-0.186209	-0.972781	0.137923	0.554153	0.011934	0.832329
46270	5.612683	1.361501	8.636338	-0.003119	0.003612	0.119644	-0.811541	0.230291	0.536999	-0.185321	-0.973050	0.137223	0.554128	0.011845	0.832347
46271	5.519791	1.452272	8.598831	0.037009	-0.010198	0.132482	-0.811714	0.229025	0.537278	-0.184061	-0.973344	0.136830	0.554294	0.012175	0.832232
46272	5.460461	1.328020	8.676825	-0.028604	-0.013437	0.130577	-0.811857	0.227793	0.537585	-0.183224	-0.973638	0.135859	0.554361	0.011799	0.832192
46273	5.472851	1.087208	8.595714	-0.025935	-0.023505	0.119722	-0.811931	0.226653	0.537956	-0.182416	-0.973908	0.135010	0.554520	0.011487	0.832091
46274	5.493955	1.200982	8.605760	0.020339	-0.026914	0.107737	-0.811956	0.225644	0.538342	-0.181495	-0.974141	0.134567	0.554786	0.011556	0.831913
46275	5.455714	1.243297	8.641355	-0.006081	-0.027092	0.095990	-0.811965	0.224735	0.538709	-0.180769	-0.974353	0.134010	0.555010	0.011429	0.831765
46276	5.499359	1.110099	8.558557	-0.017682	-0.026235	0.086104	-0.811953	0.223936	0.539060	-0.180234	-0.974540	0.133366	0.555201	0.011130	0.831642
46277	5.461851	1.186886	8.600271	0.015408	-0.026047	0.076678	-0.811931	0.223214	0.539391	-0.179547	-0.974705	0.133092	0.555455	0.011215	0.831471
46278	5.483311	1.304251	8.609914	0.013758	-0.030715	0.072232	-0.811869	0.222551	0.539760	-0.178951	-0.974857	0.132783	0.555739	0.011212	0.831281
46279	5.470952	1.249012	8.608555	0.003871	-0.033817	0.067064	-0.811786	0.221924	0.540143	-0.178405	-0.975000	0.132464	0.556036	0.011168	0.831083
46280	5.517181	1.175044	8.504469	0.014739	-0.036652	0.061773	-0.811670	0.221363	0.540546	-0.177889	-0.975128	0.132219	0.556369	0.011161	0.830860
46281	5.521338	1.231202	8.572958	0.026734	-0.036341	0.061168	-0.811562	0.220794	0.540941	-0.177264	-0.975255	0.132121	0.556727	0.011335	0.830618
46282	5.539349	1.202458	8.525833	0.024836	-0.035793	0.054902	-0.811438	0.220300	0.541328	-0.176748	-0.975365	0.131996	0.557071	0.011428	0.830386
46283	5.527728	1.183797	8.530219	0.031592	-0.028318	0.050649	-0.811355	0.219832	0.541643	-0.176181	-0.975468	0.131995	0.557372	0.011667	0.830181
46284	5.586595	1.166634	8.517002	0.036209	-0.025359	0.040366	-0.811263	0.219479	0.541923	-0.175719	-0.975545	0.132042	0.557651	0.011895	0.829990
46285	5.562541	1.233545	8.546013	0.040611	-0.018689	0.035205	-0.811206	0.219161	0.542138	-0.175228	-0.975612	0.132199	0.557889	0.012243	0.829825
46286	5.551935	1.284821	8.562810	0.033653	-0.017818	0.028908	-0.811136	0.218919	0.542341	-0.174874	-0.975664	0.132287	0.558102	0.012461	0.829679
46287	5.584376	1.310061	8.515834	0.030787	-0.021626	0.035192	-0.811062	0.218601	0.542580	-0.174437	-0.975732	0.132362	0.558346	0.012707	0.829511
46288	5.559128	1.342037	8.539101	0.017841	-0.021650	0.032679	-0.810976	0.218323	0.542819	-0.174141	-0.975793	0.132298	0.558563	0.012764	0.829364
46289	5.546498	1.323395	8.544184	0.011247	-0.024198	0.031553	-0.810881	0.218041	0.543074	-0.173843	-0.975855	0.132230	0.558794	0.012814	0.829208
46290	5.521966	1.354565	8.567158	0.016769	-0.034949	0.035235	-0.810726	0.217739	0.543427	-0.173531	-0.975923	0.132144	0.559116	0.012831	0.828990
46291	5.467283	1.303558	8.564502	0.013581	-0.043975	0.036634	-0.810528	0.217411	0.543853	-0.173179	-0.975996	0.132068	0.559511	0.012861	0.828723
46292	5.529539	1.319268	8.555807	0.021555	-0.060934	0.039704	-0.810235	0.217068	0.544427	-0.172804	-0.976072	0.131996	0.560052	0.012869	0.828358
46293	5.493926	1.309059	8.518338	0.032894	-0.075737	0.045017	-0.809873	0.216662	0.545126	-0.172276	-0.976160	0.132034	0.560737	0.013019	0.827892
46294	5.498111	1.264912	8.566812	0.023013	-0.080309	0.046830	-0.809483	0.216252	0.545869	-0.171834	-0.976251	0.131935	0.561437	0.013000	0.827418
46295	5.521298	1.259777	8.490287	0.053837	-0.089597	0.041860	-0.809036	0.215879	0.546678	-0.171214	-0.976329	0.132162	0.562269	0.013325	0.826847
46296	5.588271	1.311863	8.484563	0.049634	-0.092852	0.048624	-0.808576	0.215453	0.547526	-0.170609	-0.976420	0.132273	0.563114	0.013540	0.826268
46297	5.549276	1.179042	8.454679	0.041680	-0.101998	0.041322	-0.808057	0.215087	0.548436	-0.170061	-0.976499	0.132401	0.564025	0.013720	0.825644
46298	5.503835	1.258230	8.530368	0.086912	-0.101465	0.041427	-0.807533	0.214734	0.549344	-0.169303	-0.976568	0.132857	0.565001	0.014281	0.824966
46299	5.542040	1.253105	8.471949	0.083236	-0.110383	0.041327	-0.806964	0.214369	0.550322	-0.168519	-0.976640	0.133327	0.566048	0.014850	0.824239
46300	5.549439	1.202488	8.485406	0.092267	-0.121269	0.035221	-0.806316	0.214081	0.551384	-0.167779	-0.976694	0.133859	0.567191	0.015422	0.823442
46301	5.578311	1.283274	8.449403	0.114990	-0.127252	0.032891	-0.805633	0.213803	0.552489	-0.166882	-0.976741	0.134635	0.568424	0.016265	0.822575
46302	5.576141	1.294774	8.420780	0.111467	-0.134392	0.036177	-0.804908	0.213509	0.553658	-0.166024	-0.976793	0.135317	0.569701	0.016997	0.821676
46303	5.645353	1.317925	8.405388	0.110516	-0.137295	0.041883	-0.804179	0.213147	0.554855	-0.165078	-0.976858	0.136003	0.571003	0.017776	0.820755
46304	5.642318	1.306329	8.403244	0.093892	-0.135901	0.037232	-0.803443	0.212844	0.556036	-0.164309	-0.976914	0.136533	0.572260	0.018334	0.819868
46305	5.690530	1.186161	8.405047	0.089536	-0.137842	0.031943	-0.802691	0.212581	0.557222	-0.163561	-0.976960	0.137099	0.573528	0.018908	0.818968
46306	5.636077	1.283291	8.399206	0.117654	-0.135870	0.025648	-0.801933	0.212393	0.558385	-0.162747	-0.976986	0.137885	0.574820	0.019699	0.818043
46307	5.540997	1.434370	8.613002	0.078837	-0.150682	0.036349	-0.801109	0.212092	0.559679	-0.162023	-0.977042	0.138337	0.576170	0.020142	0.817081
46308	5.535482	1.305976	8.561492	0.062985	-0.180640	0.036291	-0.800106	0.211810	0.561220	-0.161437	-0.977100	0.138614	0.577727	0.020304	0.815977
46309	5.519336	1.483664	8.575713	0.114996	-0.224281	0.047958	-0.798870	0.211411	0.563127	-0.160409	-0.977173	0.139292	0.579720	0.020946	0.814546
46310	5.532154	1.598222	8.648351	0.080195	-0.261480	0.061954	-0.797430	0.210897	0.565356	-0.159516	-0.977280	0.139562	0.581945	0.021108	0.812954
46311	5.459061	1.312771	8.707626	0.037956	-0.309462	0.077438	-0.795734	0.210228	0.567989	-0.158699	-0.977431	0.139442	0.584485	0.020819	0.811137
46312	5.486363	1.257539	8.710324	0.066179	-0.358182	0.071737	-0.793729	0.209637	0.571005	-0.157807	-0.977561	0.139537	0.587444	0.020646	0.809001
46313	5.419128	1.466800	8.740306	0.074999	-0.414028	0.078560	-0.791398	0.208977	0.574471	-0.156764	-0.977705	0.139703	0.590859	0.020505	0.806515
46314	5.493602	1.593050	8.683741	0.052837	-0.475874	0.093410	-0.788705	0.208195	0.578446	-0.155779	-0.977884	0.139559	0.594708	0.019961	0.803694
46315	5.623581	1.585124	8.653833	-0.000492	-0.536837	0.112711	-0.785660	0.207220	0.582921	-0.154915	-0.978113	0.138911	0.598948	0.018833	0.800566
46316	5.686985	1.540129	8.635972	-0.007424	-0.600132	0.127884	-0.782231	0.206112	0.587905	-0.154022	-0.978373	0.138073	0.603648	0.017454	0.797060
46317	5.745070	1.543839	8.632274	-0.020394	-0.661349	0.138436	-0.778419	0.204891	0.593366	-0.153086	-0.978656	0.137103	0.608792	0.015888	0.793171
46318	5.698084	1.516561	8.735310	-0.082781	-0.718097	0.142841	-0.774229	0.203631	0.599253	-0.152547	-0.978954	0.135568	0.614247	0.013547	0.788998
46319	5.664401	1.366165	8.807838	-0.120150	-0.790885	0.148011	-0.769558	0.202302	0.605686	-0.152167	-0.979264	0.133742	0.620183	0.010757	0.784384
46320	5.729353	1.462872	8.699389	-0.111768	-0.882030	0.146109	-0.764264	0.200984	0.612786	-0.151805	-0.979563	0.131951	0.626782	0.007821	0.779155
46321	5.731574	1.790722	8.817396	-0.128535	-0.984551	0.169041	-0.758297	0.199412	0.620661	-0.151349	-0.979905	0.129922	0.634097	0.004583	0.773240
46322	5.562633	2.081953	9.109245	-0.184355	-1.136803	0.218009	-0.751356	0.197334	0.629701	-0.150940	-0.980336	0.127114	0.642403	0.000461	0.766367
46323	5.364199	2.042742	9.341771	-0.293866	-1.318290	0.273971	-0.743222	0.194641	0.640106	-0.150815	-0.980862	0.123146	0.651825	-0.005013	0.758353
46324	5.217761	2.014672	9.522758	-0.380014	-1.544139	0.320206	-0.733544	0.191397	0.652136	-0.151003	-0.981442	0.118194	0.662655	-0.011774	0.748832
46325	5.105270	2.024683	9.941023	-0.465547	-1.800740	0.347785	-0.722009	0.187722	0.665931	-0.151606	-0.982023	0.112454	0.675070	-0.019766	0.737489
46326	4.835123	1.978096	10.123860	-0.464114	-2.169736	0.386364	-0.707777	0.183429	0.682206	-0.152059	-0.982623	0.106445	0.689876	-0.028396	0.723370
46327	4.810906	2.035653	9.966153	-0.486345	-2.568488	0.398627	-0.690426	0.178683	0.700988	-0.152689	-0.983179	0.100225	0.707105	-0.037835	0.706095
46328	4.934220	1.861930	9.723997	-0.532085	-2.991964	0.413101	-0.669604	0.173353	0.722204	-0.153735	-0.983671	0.093577	0.726633	-0.048369	0.685321
46329	5.160717	1.422317	10.005730	-0.610675	-3.449362	0.433775	-0.644815	0.167234	0.745820	-0.155407	-0.984074	0.086297	0.748373	-0.060260	0.660535
46330	5.587695	0.907179	10.540536	-0.581455	-3.987971	0.444830	-0.615178	0.160228	0.771934	-0.157060	-0.984411	0.079165	0.772585	-0.072539	0.630754
46331	7.008358	0.787450	10.991662	-0.565771	-4.558408	0.479479	-0.580092	0.151932	0.800257	-0.158658	-0.984709	0.071943	0.798950	-0.085234	0.595327
46332	11.222506	0.213938	12.030331	-0.529389	-4.860364	0.538723	-0.541475	0.142200	0.828604	-0.159966	-0.985012	0.064508	0.825358	-0.097619	0.556107
46333	14.018670	0.788837	12.244900	-0.300255	-4.792508	0.588176	-0.502243	0.131518	0.854667	-0.159428	-0.985506	0.057965	0.849903	-0.107145	0.515931
46334	13.864034	2.021024	11.942777	-0.320763	-4.669629	0.649473	-0.463080	0.119917	0.878167	-0.159084	-0.985960	0.050747	0.871923	-0.116202	0.475655
46335	13.858901	1.867751	11.560652	-0.631325	-4.522608	0.749256	-0.424388	0.107036	0.899132	-0.161339	-0.986037	0.041230	0.890991	-0.127568	0.435731
46336	11.425798	1.823257	11.508833	-0.882259	-4.415239	0.770342	-0.385958	0.093537	0.917762	-0.166171	-0.985623	0.030571	0.907427	-0.140706	0.395952
46337	8.717534	0.613639	10.603037	-1.105275	-4.328813	0.712732	-0.347557	0.080126	0.934229	-0.173678	-0.984603	0.019833	0.921434	-0.155362	0.356121
46338	5.896847	-0.501294	8.915463	-1.128554	-4.303532	0.577463	-0.308690	0.067472	0.948767	-0.182260	-0.983193	0.010621	0.933537	-0.169643	0.315799
46339	4.317015	-1.236978	7.332727	-0.875394	-4.252098	0.393144	-0.269470	0.056175	0.961369	-0.189354	-0.981899	0.004299	0.944209	-0.180881	0.275229
46340	1.936251	-1.073646	6.266806	-0.539226	-4.193969	0.203852	-0.230092	0.046454	0.972059	-0.193969	-0.981007	0.000968	0.953642	-0.188327	0.234733
46341	0.614496	1.453976	7.279831	-0.290642	-3.809060	-0.126321	-0.193350	0.040453	0.980296	-0.197029	-0.980396	0.001596	0.961143	-0.192838	0.197530
46342	20.309510	1.217137	10.236534	-0.822058	-2.236659	-0.859275	-0.170136	0.044483	0.984416	-0.206501	-0.978409	0.008522	0.963541	-0.201833	0.175648
46343	11.813456	0.669348	13.052651	-0.476202	0.124481	-1.193048	-0.168808	0.056420	0.984033	-0.213117	-0.976833	0.019448	0.962333	-0.206431	0.176921
46344	3.367840	-2.956412	9.656802	-0.584598	1.302723	-1.317135	-0.178519	0.072031	0.981296	-0.221009	-0.974768	0.031345	0.958794	-0.211279	0.189934
46345	-2.500041	-3.476103	6.407843	0.248806	1.452957	-1.183648	-0.189797	0.086629	0.977994	-0.220814	-0.974347	0.043454	0.956670	-0.207708	0.204057
46346	-2.996550	-2.651887	5.796682	0.645095	1.164075	-0.800529	-0.199247	0.096835	0.975153	-0.216206	-0.974928	0.052637	0.955801	-0.200346	0.215188
46347	-0.211626	-1.282320	7.238981	0.890102	1.028796	-0.313013	-0.208392	0.101920	0.972721	-0.208346	-0.976354	0.057665	0.955597	-0.190645	0.224699
46348	3.002577	-0.258430	8.766770	0.846956	1.351650	0.167564	-0.221720	0.102819	0.969674	-0.199907	-0.978097	0.058002	0.954399	-0.180984	0.237418
46349	3.885504	0.049099	9.531469	0.749803	1.956809	0.545815	-0.241412	0.100945	0.965158	-0.191508	-0.979972	0.054594	0.951339	-0.171656	0.255909
46350	3.002877	-0.225670	9.276504	0.780147	2.496820	0.748592	-0.266593	0.097789	0.958835	-0.182209	-0.982013	0.049492	0.946429	-0.161515	0.279616
46351	2.014941	0.207341	8.987703	0.934030	2.829601	0.787763	-0.294657	0.094467	0.950922	-0.171198	-0.984221	0.044726	0.940143	-0.149617	0.306180
46352	2.337544	1.338654	9.097264	1.059787	3.036480	0.698417	-0.324343	0.091957	0.941459	-0.159115	-0.986386	0.041528	0.932461	-0.136331	0.334559
46353	3.469932	2.432980	9.582018	1.005540	3.276837	0.510126	-0.355506	0.091197	0.930214	-0.148065	-0.988157	0.040291	0.922872	-0.123408	0.364799
46354	4.538852	2.978908	9.931759	0.828694	3.568306	0.260129	-0.388706	0.092860	0.916670	-0.139488	-0.989371	0.041076	0.910742	-0.111898	0.397528
46355	4.935501	2.709817	9.827024	0.629435	3.855842	-0.014361	-0.423502	0.097149	0.900671	-0.133874	-0.990028	0.043839	0.895948	-0.102010	0.432285
46356	5.087112	2.225527	9.725206	0.495980	4.055969	-0.263175	-0.459262	0.103750	0.882221	-0.130609	-0.990249	0.048463	0.878646	-0.092969	0.468335
46357	5.612082	1.924216	9.704986	0.400302	4.175857	-0.450325	-0.494949	0.111938	0.861682	-0.129294	-0.990115	0.054356	0.859249	-0.084507	0.504530
46358	6.540417	1.557990	9.927201	0.286322	4.291679	-0.564251	-0.530752	0.121021	0.838842	-0.129725	-0.989690	0.060704	0.837540	-0.076600	0.540980
46359	7.440831	1.135265	10.107172	0.198583	4.430014	-0.618255	-0.566503	0.130389	0.813679	-0.131495	-0.989054	0.066942	0.813501	-0.069072	0.577448
46360	8.009310	0.571457	10.222554	0.122776	4.564602	-0.622613	-0.602326	0.139562	0.785955	-0.134117	-0.988295	0.072709	0.786902	-0.061616	0.613994
46361	9.991215	0.562055	9.992711	0.112668	4.643995	-0.560457	-0.637435	0.147803	0.756195	-0.136739	-0.987550	0.077759	0.758273	-0.053835	0.649710
46362	6.953379	-0.411534	10.038908	0.024701	4.819504	-0.367078	-0.672831	0.153865	0.723618	-0.138932	-0.987009	0.080690	0.726633	-0.046242	0.685468
46363	9.175940	1.174355	10.506128	0.431110	4.702410	-0.395577	-0.705694	0.159694	0.690286	-0.138613	-0.986559	0.086528	0.694826	-0.034621	0.718344
46364	8.848310	1.363188	11.032750	-0.102710	4.772181	-0.409343	-0.737560	0.165239	0.654753	-0.142241	-0.985861	0.088571	0.660131	-0.027806	0.750636
46365	9.365540	2.700598	11.630031	-0.183818	4.819967	-0.481583	-0.767792	0.171198	0.617403	-0.147067	-0.985002	0.090238	0.623592	-0.021515	0.781454
46366	9.614516	1.906119	11.384578	-0.347540	4.842471	-0.635110	-0.796201	0.178379	0.578140	-0.154110	-0.983825	0.091312	0.585076	-0.016394	0.810812
46367	10.178316	2.725984	11.532695	-0.547053	4.858429	-0.860551	-0.822272	0.187574	0.537294	-0.164188	-0.982166	0.091611	0.544895	-0.012888	0.838405
46368	11.091333	3.254043	11.711217	-0.738653	4.853341	-1.089702	-0.845930	0.198839	0.494839	-0.177122	-0.979974	0.090988	0.503022	-0.010677	0.864208
46369	12.303700	3.101911	11.621764	-1.018094	4.847869	-1.271868	-0.866902	0.211830	0.451231	-0.192941	-0.977248	0.088092	0.459625	-0.010694	0.888049
46370	13.491386	2.521592	10.904918	-1.284471	4.800655	-1.352037	-0.885239	0.225573	0.406779	-0.210370	-0.974144	0.082386	0.414845	-0.012643	0.909804
46371	2.830819	2.879026	14.660863	-0.906336	3.830531	-0.996695	-0.898268	0.235779	0.370840	-0.222879	-0.971725	0.077950	0.378733	-0.012633	0.925420
46372	22.449306	-5.178671	-9.268813	-0.603826	1.628048	-0.732346	-0.902699	0.243089	0.355023	-0.231671	-0.969896	0.075042	0.362578	-0.014508	0.931841
46373	20.937500	1.542699	1.758201	0.284539	1.384270	-0.712850	-0.905954	0.250178	0.341553	-0.237125	-0.968164	0.080188	0.350741	-0.008344	0.936435
46374	29.933617	1.982840	-0.834559	-0.064025	1.182070	-0.533511	-0.908795	0.255422	0.329926	-0.242178	-0.966812	0.081394	0.339766	-0.005931	0.940491
46375	25.420057	-1.459303	-5.048704	-0.269344	1.036521	-0.290070	-0.911545	0.258309	0.319940	-0.245743	-0.966044	0.079802	0.329690	-0.005880	0.944071
46376	20.367696	-3.784653	-8.449544	0.106561	0.295526	-0.124136	-0.912227	0.259539	0.316989	-0.246544	-0.965724	0.081200	0.327198	-0.004079	0.944947
46377	19.646409	-2.503498	-8.278565	0.282170	-0.580796	0.172062	-0.910719	0.257880	0.322627	-0.244067	-0.966173	0.083317	0.333199	-0.002864	0.942852
46378	19.675221	-2.712309	-7.187413	0.239256	-1.289269	0.588827	-0.907760	0.252184	0.335223	-0.237957	-0.967671	0.083597	0.345468	-0.003883	0.938423
46379	17.972256	-3.819466	-6.538739	0.534033	-1.974255	0.892252	-0.902818	0.243489	0.354448	-0.228006	-0.969897	0.085517	0.364601	-0.003610	0.931157
46380	3.866855	1.434631	5.973533	0.627902	-2.311615	0.953756	-0.896234	0.234212	0.376707	-0.217160	-0.972180	0.087787	0.386788	-0.003128	0.922163
46381	7.813935	0.254636	13.107259	0.426325	-2.423756	0.364368	-0.887356	0.230597	0.399279	-0.212236	-0.973038	0.090290	0.409335	-0.004622	0.912373
46382	5.916101	4.396720	11.670091	1.332610	-2.291693	-0.096799	-0.877487	0.231580	0.419986	-0.207576	-0.972811	0.102713	0.432354	0.002950	0.901699
46383	3.587537	4.137485	8.805176	0.351970	-2.395738	0.179626	-0.867226	0.229900	0.441661	-0.204472	-0.973214	0.105101	0.453994	0.000839	0.891005
46384	5.389279	-4.280736	9.576338	-0.147600	-2.873976	-0.111654	-0.853579	0.230941	0.466978	-0.206196	-0.972940	0.104260	0.478420	-0.007295	0.878101
