// General information: 
//  MT Manager version: 2022.2.0 
//  XDA version: 2022.2.0 build 7381 rev 124627 built on 2023-07-19
// Device information: 
//  DeviceId: 00B4CB9F
//  ProductCode: MTW2-3A7G6
//  Firmware Version: 4.6.0
//  Hardware Version: 2.0.0
// Device settings: 
//  Filter Profile: human(46.1)
//  Option Flags: Orientation Smoother Disabled, Position/Velocity Smoother Disabled, Continuous Zero Rotation Update Disabled, AHS Disabled, ICC Disabled
// Coordinate system: ENU
PacketCounter	Acc_X	Acc_Y	Acc_Z	Gyr_X	Gyr_Y	Gyr_Z	Mat[1][1]	Mat[2][1]	Mat[3][1]	Mat[1][2]	Mat[2][2]	Mat[3][2]	Mat[1][3]	Mat[2][3]	Mat[3][3]
50350	9.366699	-2.795461	1.079002	-0.046399	0.012545	0.019583	0.108958	0.266359	0.957696	0.012830	0.962975	-0.269287	-0.993964	0.041628	0.101507
50351	9.370969	-2.820510	1.043840	-0.055207	0.018029	0.013408	0.109095	0.266516	0.957637	0.013255	0.962911	-0.269493	-0.993943	0.042094	0.101516
50352	9.354940	-2.839379	1.036219	-0.044465	0.018362	0.012350	0.109253	0.266636	0.957585	0.013685	0.962857	-0.269665	-0.993920	0.042566	0.101546
50353	9.360899	-2.854736	0.978887	-0.034683	0.015931	0.010690	0.109378	0.266786	0.957529	0.013982	0.962800	-0.269852	-0.993902	0.042904	0.101579
50354	9.344801	-2.822974	0.938712	-0.034773	0.013960	0.007901	0.109491	0.266866	0.957494	0.014320	0.962762	-0.269972	-0.993885	0.043271	0.101592
50355	9.361310	-2.747588	0.891970	-0.030477	0.017606	0.005436	0.109680	0.266983	0.957439	0.014525	0.962717	-0.270119	-0.993861	0.043533	0.101713
50356	9.334843	-2.755086	0.809278	-0.028620	0.022007	-0.000832	0.109872	0.266975	0.957420	0.014812	0.962705	-0.270149	-0.993835	0.043863	0.101820
50357	9.300432	-2.757618	0.806483	-0.033429	0.007355	0.000820	0.109969	0.267062	0.957384	0.015075	0.962667	-0.270267	-0.993821	0.044154	0.101838
50358	9.372383	-2.785018	0.800225	-0.029391	0.005641	-0.006263	0.109998	0.267009	0.957396	0.015376	0.962669	-0.270246	-0.993813	0.044447	0.101786
50359	9.364400	-2.779986	0.880693	-0.012005	0.007437	-0.005010	0.109924	0.266920	0.957429	0.015316	0.962697	-0.270147	-0.993822	0.044359	0.101735
50360	9.294466	-2.792870	0.896718	0.009618	-0.005534	-0.011922	0.109840	0.266817	0.957467	0.015234	0.962731	-0.270031	-0.993833	0.044247	0.101682
50361	9.303865	-2.760660	0.962087	0.031367	-0.015968	-0.012306	0.109539	0.266688	0.957538	0.014874	0.962787	-0.269851	-0.993871	0.043801	0.101496
50362	9.360009	-2.726736	1.083933	0.029134	-0.010971	-0.018972	0.109400	0.266519	0.957601	0.014606	0.962848	-0.269648	-0.993890	0.043486	0.101443
50363	9.358826	-2.683638	1.073814	0.019498	-0.005705	-0.019226	0.109339	0.266380	0.957646	0.013971	0.962916	-0.269441	-0.993906	0.042839	0.101563
50364	9.338930	-2.676145	1.101085	0.001638	-0.000109	-0.015582	0.109309	0.266239	0.957689	0.013972	0.962955	-0.269298	-0.993910	0.042817	0.101540
50365	9.339769	-2.775267	1.166059	-0.021402	0.000491	-0.011037	0.109256	0.266171	0.957714	0.014159	0.962967	-0.269246	-0.993913	0.042977	0.101441
50366	9.362240	-2.821404	1.148219	-0.031171	0.002928	-0.009383	0.109257	0.266089	0.957737	0.014479	0.962977	-0.269196	-0.993908	0.043279	0.101359
50367	9.348840	-2.878950	1.149855	-0.033379	0.008486	-0.012308	0.109307	0.266024	0.957749	0.014801	0.962980	-0.269166	-0.993898	0.043597	0.101323
50368	9.367853	-2.893167	1.145257	-0.038828	0.015131	-0.009375	0.109429	0.265937	0.957759	0.015197	0.962986	-0.269124	-0.993878	0.044005	0.101337
50369	9.322963	-2.884617	1.066715	-0.037762	0.020165	-0.014415	0.109567	0.265840	0.957770	0.015744	0.962987	-0.269089	-0.993855	0.044562	0.101327
50370	9.304132	-2.818505	1.039565	-0.039461	0.018890	-0.018497	0.109725	0.265663	0.957801	0.016157	0.963016	-0.268960	-0.993831	0.044987	0.101375
50371	9.308147	-2.899341	1.059777	-0.042152	0.013999	-0.018496	0.109824	0.265525	0.957828	0.016407	0.963042	-0.268852	-0.993816	0.045241	0.101408
50372	9.328955	-2.903646	1.032851	-0.038652	0.018278	-0.019728	0.109975	0.265337	0.957863	0.016813	0.963074	-0.268711	-0.993792	0.045656	0.101453
50373	9.308222	-2.931743	0.914457	-0.025587	0.015878	-0.019752	0.110088	0.265194	0.957890	0.017064	0.963101	-0.268598	-0.993775	0.045915	0.101501
50374	9.252152	-2.885730	0.928704	-0.013106	0.001049	-0.019644	0.110068	0.265014	0.957942	0.017216	0.963145	-0.268432	-0.993775	0.046038	0.101449
50375	9.248015	-2.911253	0.996565	0.008393	0.003120	-0.022668	0.110038	0.264837	0.957994	0.017135	0.963199	-0.268244	-0.993780	0.045932	0.101451
50376	9.253729	-2.931616	0.961868	0.014935	0.002075	-0.026898	0.110027	0.264587	0.958065	0.017016	0.963274	-0.267980	-0.993783	0.045788	0.101484
50377	9.260282	-2.916014	1.073869	0.033125	0.003571	-0.035295	0.110035	0.264304	0.958142	0.016530	0.963376	-0.267646	-0.993790	0.045288	0.101636
50378	9.264787	-2.944062	1.062776	0.044781	0.006120	-0.039466	0.110062	0.263931	0.958242	0.016128	0.963498	-0.267231	-0.993794	0.044866	0.101788
50379	9.231648	-2.942164	1.061407	0.054632	0.005120	-0.042073	0.110061	0.263590	0.958336	0.015753	0.963609	-0.266850	-0.993800	0.044466	0.101903
50380	9.280942	-2.927214	1.097353	0.069995	-0.001395	-0.040131	0.110014	0.263214	0.958444	0.015101	0.963744	-0.266403	-0.993815	0.043781	0.102050
50381	9.283629	-2.913703	1.076985	0.084124	0.000974	-0.036763	0.109946	0.262902	0.958538	0.014314	0.963865	-0.266005	-0.993834	0.042967	0.102210
50382	9.340974	-2.903589	1.032879	0.092940	-0.005038	-0.034336	0.109864	0.262583	0.958634	0.013428	0.963993	-0.265590	-0.993856	0.042051	0.102382
50383	9.340415	-2.908638	1.057758	0.099501	-0.006346	-0.030141	0.109784	0.262382	0.958699	0.012373	0.964093	-0.265276	-0.993878	0.040985	0.102596
50384	9.324006	-2.881047	1.041813	0.106652	-0.013071	-0.028050	0.109624	0.262127	0.958787	0.011343	0.964207	-0.264906	-0.993908	0.039916	0.102727
50385	9.271846	-2.864870	1.044751	0.105730	-0.016367	-0.032415	0.109459	0.261925	0.958861	0.010431	0.964301	-0.264602	-0.993937	0.038965	0.102819
50386	9.255693	-2.836649	1.028083	0.117091	-0.021957	-0.039325	0.109210	0.261564	0.958988	0.009309	0.964447	-0.264113	-0.993975	0.037771	0.102892
50387	9.248396	-2.862754	0.964030	0.128812	-0.019909	-0.047288	0.108976	0.261209	0.959111	0.008267	0.964586	-0.263640	-0.994010	0.036659	0.102957
50388	9.256103	-2.821193	0.874915	0.137598	-0.028407	-0.051397	0.108662	0.260734	0.959276	0.006955	0.964767	-0.263014	-0.994054	0.035251	0.103020
50389	9.343331	-2.783622	0.867174	0.149292	-0.046442	-0.055610	0.108129	0.260260	0.959465	0.005427	0.964954	-0.262361	-0.994122	0.033576	0.102927
50390	9.360629	-2.759512	0.875521	0.164789	-0.034694	-0.060272	0.107754	0.259701	0.959659	0.003853	0.965163	-0.261623	-0.994170	0.031889	0.102999
50391	9.381637	-2.766990	0.871803	0.176688	-0.049297	-0.062668	0.107162	0.259151	0.959873	0.002174	0.965369	-0.260878	-0.994239	0.030043	0.102888
50392	9.463063	-2.763952	0.954631	0.180254	-0.045422	-0.047102	0.106682	0.258720	0.960043	0.000431	0.965541	-0.260249	-0.994293	0.028178	0.102894
50393	10.628228	-2.647056	1.252333	0.201786	-0.106991	-0.032156	0.105590	0.258526	0.960216	-0.001585	0.965657	-0.259817	-0.994408	0.025912	0.102374
50394	8.872308	-2.732671	0.775528	0.161780	0.200709	-0.025742	0.107559	0.258237	0.960075	-0.003167	0.965762	-0.259412	-0.994194	0.024862	0.104694
50395	9.187851	-2.543507	0.977342	0.203859	-0.162688	-0.026672	0.105921	0.258096	0.960295	-0.005482	0.965865	-0.258989	-0.994359	0.022168	0.103720
50396	9.068227	-2.581521	1.005616	0.197020	0.046768	-0.035937	0.106361	0.257750	0.960340	-0.007404	0.965997	-0.258448	-0.994300	0.020379	0.104653
50397	8.902989	-2.594213	0.756608	0.186126	-0.079915	-0.048833	0.105557	0.257400	0.960522	-0.009109	0.966128	-0.257901	-0.994372	0.018474	0.104327
50398	9.485240	-2.576826	1.054517	0.174172	-0.091826	-0.054726	0.104622	0.256897	0.960759	-0.010785	0.966297	-0.257204	-0.994454	0.016548	0.103866
50399	9.447934	-2.637463	0.973258	0.164291	-0.031437	-0.059244	0.104309	0.256436	0.960916	-0.012228	0.966445	-0.256584	-0.994470	0.015014	0.103944
50400	9.455895	-2.703495	0.972897	0.178222	-0.059870	-0.052745	0.103693	0.255945	0.961114	-0.013946	0.966602	-0.255902	-0.994512	0.013131	0.103799
50401	9.892897	-2.670046	1.137980	0.203928	-0.065176	-0.042326	0.103025	0.255615	0.961274	-0.016164	0.966719	-0.255330	-0.994547	0.010767	0.103728
50402	9.674645	-2.600946	1.203670	0.202602	0.024803	-0.032681	0.103249	0.255307	0.961331	-0.018147	0.966819	-0.254815	-0.994490	0.008865	0.104456
50403	9.058554	-2.590021	1.098909	0.201656	0.018543	-0.026631	0.103376	0.255118	0.961368	-0.020062	0.966885	-0.254424	-0.994440	0.007015	0.105071
50404	9.082897	-2.648542	1.290205	0.207446	-0.029236	-0.028971	0.103064	0.254850	0.961473	-0.022096	0.966968	-0.253938	-0.994429	0.004927	0.105290
50405	9.224665	-2.664004	1.295226	0.208005	0.002538	-0.028752	0.103065	0.254664	0.961522	-0.024124	0.967025	-0.253535	-0.994382	0.002935	0.105810
50406	9.215927	-2.529548	1.087306	0.221806	0.009477	-0.031083	0.103139	0.254374	0.961591	-0.026299	0.967106	-0.253012	-0.994319	0.000807	0.106436
50407	9.305989	-2.320681	1.066549	0.214874	-0.001656	-0.034938	0.103089	0.254130	0.961660	-0.028378	0.967169	-0.252543	-0.994267	-0.001256	0.106917
50408	9.355033	-2.302831	1.103624	0.179513	-0.011417	-0.033158	0.102958	0.253819	0.961756	-0.030130	0.967247	-0.252043	-0.994229	-0.003028	0.107233
50409	9.419259	-2.323932	1.204149	0.135211	-0.013250	-0.039531	0.102869	0.253550	0.961837	-0.031550	0.967312	-0.251619	-0.994194	-0.004462	0.107506
50410	9.506451	-2.391872	1.289006	0.101300	-0.004365	-0.044274	0.102812	0.253132	0.961953	-0.032513	0.967416	-0.251095	-0.994169	-0.005460	0.107692
50411	9.423904	-2.501087	1.169770	0.081497	0.023753	-0.051754	0.103018	0.252707	0.962043	-0.033318	0.967523	-0.250578	-0.994121	-0.006239	0.108091
50412	9.307391	-2.556866	0.989876	0.060151	0.011832	-0.055925	0.103126	0.252177	0.962170	-0.033859	0.967657	-0.249986	-0.994092	-0.006798	0.108329
50413	9.273613	-2.597081	0.844024	0.037629	-0.008465	-0.056660	0.103024	0.251713	0.962303	-0.034245	0.967775	-0.249478	-0.994089	-0.007252	0.108324
50414	9.451391	-2.509285	0.933296	0.027727	-0.027477	-0.058254	0.102743	0.251158	0.962478	-0.034462	0.967916	-0.248898	-0.994111	-0.007596	0.108102
50415	9.544558	-2.544362	0.923146	0.028371	-0.010875	-0.061689	0.102626	0.250619	0.962631	-0.034932	0.968051	-0.248306	-0.994106	-0.008144	0.108102
50416	9.585906	-2.672308	1.007166	0.039339	-0.032358	-0.061427	0.102298	0.250033	0.962818	-0.035262	0.968199	-0.247684	-0.994129	-0.008613	0.107862
50417	9.670745	-2.854441	1.048990	0.049758	-0.021657	-0.051398	0.102002	0.249597	0.962962	-0.035571	0.968308	-0.247215	-0.994148	-0.009037	0.107648
50418	9.609107	-2.936473	1.067234	0.067639	-0.013330	-0.042157	0.101857	0.249199	0.963081	-0.036202	0.968403	-0.246747	-0.994140	-0.009733	0.107660
50419	9.628399	-3.010828	1.145473	0.100135	-0.018726	-0.032281	0.101626	0.248951	0.963170	-0.037270	0.968455	-0.246384	-0.994124	-0.010858	0.107699
50420	9.578954	-3.112216	1.444800	0.147446	-0.010222	-0.027215	0.101507	0.248697	0.963248	-0.038710	0.968503	-0.245975	-0.994081	-0.012319	0.107937
50421	9.605567	-3.271573	1.731480	0.210957	0.004538	-0.012274	0.101546	0.248692	0.963245	-0.040668	0.968478	-0.245756	-0.993999	-0.014217	0.108459
50422	9.619968	-3.480380	2.006416	0.300716	0.044799	0.005530	0.101961	0.248764	0.963182	-0.043664	0.968414	-0.245493	-0.993830	-0.017025	0.109602
50423	9.848267	-3.569442	2.288013	0.404955	0.057158	0.021603	0.102516	0.249081	0.963042	-0.047801	0.968258	-0.245341	-0.993582	-0.020883	0.111169
50424	9.764514	-3.692575	2.576427	0.503569	0.158944	0.046378	0.104044	0.249578	0.962749	-0.052853	0.968022	-0.245233	-0.993167	-0.025370	0.113908
50425	9.506733	-3.922941	2.753269	0.607311	0.176762	0.083091	0.105727	0.250556	0.962312	-0.058926	0.967614	-0.245462	-0.992648	-0.030754	0.117067
50426	9.479899	-4.268135	3.170920	0.701296	0.186326	0.120818	0.107472	0.251799	0.961794	-0.066016	0.967069	-0.245803	-0.992014	-0.037077	0.120555
50427	9.751470	-4.601713	3.517317	0.822488	0.198030	0.159882	0.109195	0.253509	0.961150	-0.074498	0.966300	-0.246404	-0.991225	-0.044697	0.124401
50428	9.847352	-4.586349	3.690594	0.974028	0.270077	0.174163	0.111704	0.255334	0.960378	-0.084342	0.965376	-0.246853	-0.990156	-0.053426	0.129371
50429	9.926407	-4.325773	3.790558	1.098897	0.311824	0.175840	0.114629	0.257339	0.959498	-0.095602	0.964240	-0.247189	-0.988798	-0.063394	0.135132
50430	9.806918	-3.935657	4.016413	1.156229	0.379197	0.169366	0.118175	0.259241	0.958556	-0.107225	0.963007	-0.247226	-0.987187	-0.073565	0.141600
50431	9.477341	-3.321098	4.205492	1.143201	0.449273	0.151942	0.122370	0.261184	0.957501	-0.118791	0.961671	-0.247140	-0.985350	-0.083501	0.148706
50432	9.229870	-2.328774	4.432042	1.083197	0.508980	0.122405	0.127198	0.262818	0.956424	-0.129610	0.960393	-0.246672	-0.983373	-0.092585	0.156224
50433	8.805403	-1.008325	4.374867	0.915908	0.601572	0.082053	0.132920	0.264317	0.955232	-0.138885	0.959242	-0.246100	-0.981348	-0.099956	0.164212
50434	8.474834	-0.071383	3.783407	0.638428	0.542294	0.032410	0.138162	0.265192	0.954245	-0.145193	0.958500	-0.245352	-0.979709	-0.104651	0.170932
50435	9.072862	0.535060	3.316386	0.341405	0.494654	-0.001559	0.143000	0.265840	0.953352	-0.148633	0.958096	-0.244868	-0.978499	-0.106683	0.176520
50436	8.946913	0.748620	2.669649	0.075116	0.583154	-0.038623	0.148731	0.266099	0.952402	-0.149315	0.958115	-0.244378	-0.977540	-0.105861	0.182234
50437	8.803392	0.614015	2.047134	-0.103718	0.563663	-0.087424	0.154273	0.265957	0.951560	-0.148378	0.958404	-0.243814	-0.976823	-0.103577	0.187318
50438	8.924076	0.504048	1.709133	-0.261993	0.557913	-0.112995	0.159857	0.265451	0.950779	-0.145646	0.958967	-0.243249	-0.976336	-0.099592	0.191960
50439	8.669608	0.206517	1.208118	-0.391496	0.557287	-0.136879	0.165396	0.264775	0.950020	-0.141653	0.959677	-0.242805	-0.976001	-0.094415	0.196233
50440	8.537842	-0.309009	0.889684	-0.536191	0.506221	-0.178360	0.170554	0.263534	0.949453	-0.136125	0.960633	-0.242185	-0.975900	-0.087939	0.199713
50441	8.879846	-0.829982	0.719423	-0.616291	0.465962	-0.209696	0.175280	0.261999	0.949017	-0.129687	0.961685	-0.241544	-0.975940	-0.080738	0.202542
50442	9.046872	-1.536680	0.574546	-0.654090	0.481732	-0.233892	0.180246	0.260131	0.948601	-0.122892	0.962795	-0.240672	-0.975914	-0.073195	0.205508
50443	9.141445	-2.263395	0.482629	-0.606116	0.488414	-0.247049	0.185213	0.258169	0.948180	-0.116519	0.963836	-0.239672	-0.975766	-0.066091	0.208597
50444	9.315075	-2.935425	0.434544	-0.475298	0.476479	-0.239825	0.190104	0.256170	0.947754	-0.111437	0.964750	-0.238411	-0.975419	-0.060292	0.211950
50445	9.065749	-3.331525	0.550171	-0.285848	0.488970	-0.214363	0.194981	0.254475	0.947220	-0.108446	0.965427	-0.237043	-0.974793	-0.056504	0.215837
50446	9.160583	-3.441320	0.642396	-0.080777	0.432184	-0.170544	0.199346	0.253080	0.946685	-0.107328	0.965901	-0.235617	-0.974034	-0.054636	0.219711
50447	9.182255	-3.449075	0.780406	0.086528	0.407106	-0.129454	0.203342	0.252147	0.946083	-0.108072	0.966147	-0.234267	-0.973125	-0.054608	0.223708
50448	9.132387	-3.308314	0.925131	0.247888	0.374352	-0.100499	0.207062	0.251396	0.945476	-0.110281	0.966259	-0.232770	-0.972092	-0.056071	0.227800
50449	9.091217	-3.156101	1.100922	0.366244	0.340216	-0.072736	0.210372	0.250981	0.944856	-0.113700	0.966207	-0.231337	-0.970987	-0.058764	0.231799
50450	9.030269	-3.028557	1.291376	0.445145	0.301941	-0.050906	0.213330	0.250684	0.944271	-0.117917	0.966061	-0.229829	-0.969838	-0.062317	0.235650
50451	9.151839	-2.902332	1.536227	0.524678	0.286481	-0.034309	0.215918	0.250644	0.943693	-0.122891	0.965782	-0.228393	-0.968647	-0.066657	0.239331
50452	9.368192	-2.812429	1.941802	0.596106	0.284226	-0.017905	0.218660	0.250680	0.943052	-0.128627	0.965410	-0.226799	-0.967286	-0.071710	0.243341
50453	9.449838	-2.687962	2.285031	0.675914	0.327346	-0.012788	0.221639	0.250949	0.942285	-0.135495	0.964870	-0.225093	-0.965669	-0.077786	0.247855
50454	9.276236	-2.485878	2.349877	0.740832	0.342271	-0.003868	0.224914	0.251200	0.941442	-0.142640	0.964276	-0.223216	-0.963882	-0.084083	0.252710
50455	9.197550	-2.275821	2.634359	0.794293	0.331486	-0.002346	0.227994	0.251583	0.940598	-0.150417	0.963545	-0.221261	-0.961974	-0.091035	0.257524
50456	9.298911	-2.300079	3.201273	0.818084	0.335962	0.006763	0.231179	0.251978	0.939715	-0.158300	0.962750	-0.219211	-0.959947	-0.098080	0.262456
50457	9.377817	-2.505987	3.627349	0.829436	0.378676	0.027210	0.234700	0.252724	0.938641	-0.166389	0.961806	-0.217357	-0.957721	-0.105166	0.267787
50458	9.288987	-2.525476	3.889231	0.855115	0.397155	0.045569	0.238389	0.253605	0.937473	-0.174683	0.960756	-0.215484	-0.955331	-0.112392	0.273334
50459	9.130235	-2.272121	4.064443	0.901474	0.383527	0.063785	0.241827	0.254810	0.936265	-0.183773	0.959467	-0.213658	-0.952758	-0.120392	0.278852
50460	9.014254	-1.745955	4.368619	0.935268	0.388825	0.066339	0.245368	0.255940	0.935034	-0.192840	0.958130	-0.211658	-0.950056	-0.128378	0.284450
50461	8.811210	-1.282926	4.685162	0.944430	0.406521	0.060848	0.248970	0.257210	0.933733	-0.202234	0.956645	-0.209598	-0.947162	-0.136649	0.290192
50462	8.643699	-0.776227	4.881480	0.900403	0.432823	0.056557	0.252913	0.258369	0.932352	-0.210898	0.955231	-0.207500	-0.944223	-0.144152	0.296080
50463	8.515719	-0.493995	5.093360	0.794969	0.453179	0.031383	0.257027	0.259423	0.930933	-0.218443	0.953960	-0.205529	-0.941393	-0.150530	0.301862
50464	8.440910	-0.278336	5.176907	0.642891	0.465581	0.010694	0.261346	0.260248	0.929500	-0.224522	0.952944	-0.203683	-0.938769	-0.155462	0.307480
50465	8.298503	-0.285153	5.210237	0.470688	0.432331	-0.012096	0.265348	0.260922	0.928176	-0.229049	0.952185	-0.202190	-0.936550	-0.158947	0.312424
50466	8.174333	-0.245974	4.921164	0.301909	0.374908	-0.033089	0.268899	0.261216	0.927070	-0.231794	0.951784	-0.200947	-0.934861	-0.160855	0.316482
50467	7.905996	-0.184128	4.268110	0.190518	0.321785	-0.057627	0.272049	0.261203	0.926155	-0.233237	0.951655	-0.199884	-0.933590	-0.161635	0.319819
50468	7.567750	-0.106958	3.617431	0.067821	0.221250	-0.069510	0.274242	0.260909	0.925590	-0.233687	0.951722	-0.199036	-0.932835	-0.161715	0.321973
50469	7.519226	-0.078116	3.141690	-0.063666	0.077052	-0.070785	0.274979	0.260513	0.925483	-0.233169	0.951924	-0.198677	-0.932748	-0.161162	0.322503
50470	7.570137	0.209816	2.993885	-0.256080	0.002111	-0.082926	0.275157	0.259737	0.925649	-0.230559	0.952545	-0.198748	-0.933344	-0.158730	0.321984
50471	8.166473	0.325378	3.629573	-0.511233	-0.017602	-0.120160	0.275245	0.258615	0.925936	-0.225480	0.953639	-0.199326	-0.934558	-0.153917	0.320797
50472	7.977632	0.027431	3.394274	-0.816704	0.034281	-0.185826	0.275943	0.256903	0.926205	-0.217337	0.955338	-0.200233	-0.936280	-0.146046	0.319454
50473	7.626688	-0.578555	3.114734	-1.085042	-0.111102	-0.215710	0.275350	0.254716	0.926985	-0.206571	0.957412	-0.201718	-0.938888	-0.135945	0.316241
50474	7.816307	-1.179815	3.037084	-1.333107	-0.226192	-0.194622	0.273578	0.252568	0.928097	-0.193507	0.959632	-0.204110	-0.942184	-0.123753	0.311408
50475	7.745726	-1.990999	2.809727	-1.442318	-0.312208	-0.137662	0.270892	0.250914	0.929333	-0.179567	0.961656	-0.207299	-0.945713	-0.110722	0.305561
50476	7.565979	-2.856744	2.670232	-1.331258	-0.415472	-0.080498	0.267062	0.249716	0.930763	-0.166746	0.963249	-0.210588	-0.949144	-0.098961	0.298886
50477	7.982271	-3.098409	2.897546	-0.980790	-0.564967	0.004668	0.261675	0.249280	0.932409	-0.157537	0.964146	-0.213553	-0.952212	-0.091008	0.291564
50478	8.560509	-3.182501	3.569227	-0.627914	-0.639770	0.039584	0.255480	0.249106	0.934171	-0.151660	0.964600	-0.215744	-0.954845	-0.086559	0.284215
50479	9.795636	-3.405499	3.756016	-0.423857	-0.605691	0.073232	0.249601	0.249330	0.935700	-0.147830	0.964769	-0.217641	-0.956998	-0.084001	0.277666
50480	11.963808	-3.803766	4.157634	-0.375569	-0.575723	0.105704	0.243897	0.249885	0.937055	-0.144501	0.964812	-0.219676	-0.958975	-0.081827	0.271424
50481	12.641980	-4.269744	4.706629	-0.216495	-0.333502	0.104751	0.240535	0.250700	0.937706	-0.142804	0.964697	-0.221285	-0.960078	-0.080681	0.267844
50482	10.956296	-4.292529	3.486467	0.077500	-0.394346	0.095083	0.236577	0.251309	0.938549	-0.143783	0.964390	-0.221985	-0.960915	-0.082431	0.264287
50483	9.757786	-2.161248	2.024240	0.190011	-0.576029	0.118603	0.230879	0.252028	0.939775	-0.145973	0.963911	-0.222639	-0.961970	-0.085779	0.259336
50484	8.749173	0.803236	1.346255	-0.088054	-0.629455	0.108515	0.224627	0.252545	0.941150	-0.145381	0.963708	-0.223899	-0.963539	-0.086532	0.253190
50485	9.492339	2.482776	1.253805	-0.581757	-0.721030	0.075847	0.217559	0.252725	0.942761	-0.140023	0.963987	-0.226102	-0.965951	-0.082818	0.245112
50486	9.782831	1.588997	0.917705	-1.250572	-0.675951	0.066070	0.210897	0.252851	0.944240	-0.128073	0.964787	-0.229748	-0.969082	-0.072479	0.235854
50487	10.339606	-0.548747	0.312610	-1.689935	-0.755206	0.116039	0.203414	0.253522	0.945700	-0.112002	0.965579	-0.234760	-0.972666	-0.058166	0.224808
50488	11.147173	-2.112244	-0.029478	-1.878061	-0.836881	0.186712	0.195033	0.254920	0.947089	-0.094080	0.966042	-0.240648	-0.976274	-0.042168	0.212393
50489	11.121310	-3.079292	-0.214945	-1.898941	-0.838585	0.204653	0.186657	0.256636	0.948313	-0.075985	0.966157	-0.246509	-0.979482	-0.026045	0.199841
50490	10.850050	-3.837297	-0.688383	-1.819252	-0.835856	0.184255	0.178301	0.258279	0.949474	-0.058484	0.966012	-0.251795	-0.982236	-0.010634	0.187346
50491	10.382683	-3.938674	-0.915823	-1.694448	-0.873390	0.143105	0.169643	0.259645	0.950687	-0.042115	0.965698	-0.256229	-0.984605	0.003429	0.174759
50492	10.034915	-3.931191	-0.618920	-1.591912	-0.920804	0.103913	0.160499	0.260756	0.951970	-0.026603	0.965266	-0.259912	-0.986677	0.016390	0.161861
50493	9.429463	-4.254917	-0.224455	-1.456137	-0.833648	0.050697	0.152226	0.261465	0.953133	-0.012348	0.964800	-0.262694	-0.988269	0.028219	0.150096
50494	8.912318	-4.792288	0.113003	-1.242626	-0.818100	0.006782	0.144103	0.261819	0.954298	-0.000077	0.964367	-0.264570	-0.989563	0.038052	0.138988
50495	8.515685	-5.138299	0.418137	-0.938996	-0.789749	-0.012398	0.136256	0.262072	0.955381	0.009143	0.964001	-0.265740	-0.990631	0.044944	0.128955
50496	8.112074	-4.955935	0.666115	-0.595369	-0.750079	-0.026542	0.128786	0.262185	0.956386	0.015072	0.963788	-0.266244	-0.991558	0.048703	0.120171
50497	7.906686	-4.713945	1.034010	-0.281566	-0.778033	-0.023375	0.121026	0.262401	0.957339	0.017803	0.963700	-0.266395	-0.992490	0.049284	0.111961
50498	8.451274	-3.934378	1.881332	-0.043180	-0.852099	0.009327	0.112534	0.262921	0.958232	0.018214	0.963650	-0.266546	-0.993481	0.047449	0.103654
50499	8.233707	-3.759680	2.243593	0.039899	-0.656401	0.013863	0.105996	0.263422	0.958840	0.017700	0.963619	-0.266692	-0.994209	0.045239	0.097477
50500	8.167070	-3.557586	2.877207	0.125284	-0.674140	0.013003	0.099261	0.263860	0.959440	0.016433	0.963636	-0.266714	-0.994926	0.042241	0.091315
50501	8.024917	-3.466090	3.176959	0.173174	-0.520267	-0.006222	0.094057	0.264084	0.959903	0.014618	0.963707	-0.266563	-0.995459	0.039104	0.086783
50502	7.779126	-3.193306	2.920630	0.151776	-0.457946	-0.035653	0.089460	0.263931	0.960384	0.013133	0.963854	-0.266108	-0.995904	0.036419	0.082760
50503	7.972399	-2.819836	2.256979	0.082877	-0.400704	-0.066430	0.085422	0.263514	0.960866	0.012257	0.964040	-0.265474	-0.996270	0.034454	0.079120
50504	8.108902	-2.362731	0.807458	-0.058104	-0.347358	-0.094888	0.081916	0.262736	0.961384	0.012908	0.964266	-0.264623	-0.996556	0.034086	0.075597
50505	8.405683	-2.155023	-0.347359	-0.212210	-0.441818	-0.105800	0.077467	0.261948	0.961968	0.014993	0.964452	-0.263832	-0.996882	0.034861	0.070786
50506	9.150503	-2.278731	-0.977553	-0.334677	-0.550965	-0.107739	0.071923	0.261124	0.962622	0.018403	0.964610	-0.263038	-0.997240	0.036634	0.064572
50507	9.798778	-2.610059	-1.583746	-0.358122	-0.589655	-0.107775	0.066009	0.260381	0.963247	0.021927	0.964741	-0.262287	-0.997578	0.038434	0.057972
50508	10.303618	-3.114127	-1.990926	-0.337339	-0.644763	-0.104069	0.059519	0.259648	0.963868	0.025351	0.964875	-0.261484	-0.997905	0.039998	0.050846
50509	10.678341	-3.617756	-1.990943	-0.231340	-0.712197	-0.100366	0.052370	0.259040	0.964446	0.027595	0.965027	-0.260694	-0.998246	0.040267	0.043391
50510	10.838539	-3.635914	-1.554681	-0.070687	-0.717208	-0.098666	0.045150	0.258390	0.964985	0.028342	0.965250	-0.259787	-0.998578	0.039079	0.036257
50511	10.743187	-3.445656	-1.051756	0.043817	-0.684159	-0.097878	0.038256	0.257778	0.965447	0.027806	0.965505	-0.258895	-0.998881	0.036750	0.029769
50512	10.368783	-3.431218	-0.903870	0.112268	-0.638752	-0.102778	0.031815	0.257030	0.965880	0.026714	0.965805	-0.257890	-0.999137	0.034007	0.023860
50513	9.710748	-3.269652	-0.892274	0.139092	-0.615536	-0.112416	0.025593	0.256222	0.966279	0.025242	0.966122	-0.256849	-0.999354	0.030964	0.018258
50514	8.664706	-3.202446	-0.956109	0.127275	-0.607555	-0.141917	0.019453	0.255048	0.966733	0.023995	0.966518	-0.255474	-0.999523	0.028167	0.012682
50515	9.175555	-3.149177	-0.640139	0.169772	-0.827476	-0.174049	0.011094	0.253675	0.967226	0.022237	0.966984	-0.253867	-0.999691	0.024324	0.005087
50516	9.700231	-2.990929	-0.347810	0.144442	-0.701516	-0.198871	0.004005	0.251929	0.967737	0.020801	0.967515	-0.251957	-0.999776	0.021139	-0.001365
50517	9.137932	-2.666241	-0.496799	0.108927	-0.647764	-0.226773	-0.002568	0.249956	0.968254	0.019618	0.968083	-0.249860	-0.999804	0.018354	-0.007390
50518	9.278735	-2.412174	-0.229523	0.056261	-0.704661	-0.252095	-0.009695	0.247654	0.968800	0.019034	0.968716	-0.247442	-0.999772	0.016041	-0.014105
50519	9.196497	-2.337387	-0.028242	-0.041515	-0.654090	-0.264991	-0.016326	0.245278	0.969315	0.019296	0.969341	-0.244960	-0.999681	0.014705	-0.020558
50520	8.880709	-2.552138	-0.034828	-0.134259	-0.634601	-0.275158	-0.022757	0.242720	0.969829	0.020578	0.969989	-0.242277	-0.999529	0.014443	-0.027069
50521	9.084549	-2.883386	0.030694	-0.188952	-0.695462	-0.286711	-0.029810	0.240128	0.970283	0.022270	0.970633	-0.239531	-0.999307	0.014468	-0.034283
50522	9.165652	-3.204449	-0.000683	-0.182084	-0.642577	-0.284672	-0.036329	0.237476	0.970714	0.023989	0.971282	-0.236717	-0.999052	0.014687	-0.040983
50523	8.963283	-3.357710	-0.173942	-0.150203	-0.635520	-0.286294	-0.042788	0.234864	0.971086	0.025247	0.971920	-0.233953	-0.998765	0.014506	-0.047516
50524	9.055302	-3.283716	-0.197562	-0.076189	-0.663653	-0.297386	-0.049524	0.232084	0.971434	0.025864	0.972599	-0.231044	-0.998438	0.013683	-0.054170
50525	9.191579	-2.982610	-0.210259	-0.013685	-0.654803	-0.307141	-0.056192	0.229264	0.971741	0.025718	0.973288	-0.228142	-0.998089	0.012171	-0.060587
50526	9.115979	-2.759417	-0.125265	-0.012056	-0.634139	-0.324368	-0.062636	0.226197	0.972066	0.025639	0.974021	-0.225000	-0.997707	0.010830	-0.066809
50527	8.962343	-2.933586	-0.357687	-0.049706	-0.649110	-0.331756	-0.069233	0.223106	0.972332	0.025772	0.974746	-0.221825	-0.997268	0.009701	-0.073234
50528	9.103995	-3.016234	-0.218732	-0.058186	-0.714463	-0.341190	-0.076477	0.219864	0.972528	0.026097	0.975492	-0.218481	-0.996730	0.008671	-0.080341
50529	9.367852	-2.955494	0.090852	-0.048898	-0.744128	-0.351812	-0.084018	0.216599	0.972639	0.026118	0.976233	-0.215143	-0.996122	0.007327	-0.087678
50530	9.489788	-2.958993	0.603642	-0.043590	-0.733576	-0.359375	-0.091449	0.213157	0.972729	0.026230	0.976998	-0.211627	-0.995464	0.006162	-0.094937
50531	9.421164	-3.206165	1.070870	-0.040240	-0.709650	-0.360091	-0.098637	0.209783	0.972760	0.026095	0.977736	-0.208210	-0.994781	0.004847	-0.101915
50532	9.761113	-3.315070	1.694112	-0.052770	-0.704892	-0.343557	-0.105769	0.206472	0.972719	0.026263	0.978445	-0.204832	-0.994044	0.003881	-0.108912
50533	9.150172	-3.584861	2.176888	-0.105608	-0.541668	-0.317301	-0.111272	0.203500	0.972731	0.026766	0.979068	-0.201764	-0.993429	0.003585	-0.114390
50534	8.893466	-3.792509	2.287439	-0.125401	-0.590501	-0.292439	-0.117249	0.200676	0.972616	0.027671	0.979651	-0.198792	-0.992717	0.003605	-0.120416
50535	9.460529	-3.477818	2.711877	-0.133385	-0.569179	-0.269894	-0.123018	0.198154	0.972421	0.028500	0.980164	-0.196126	-0.991995	0.003587	-0.126225
50536	9.517919	-2.662082	2.509047	-0.138690	-0.402849	-0.286075	-0.127129	0.195384	0.972452	0.029512	0.980718	-0.193186	-0.991447	0.004140	-0.130444
50537	9.259627	-1.804941	1.910945	-0.256599	-0.316946	-0.314007	-0.130383	0.192429	0.972611	0.031418	0.981294	-0.189936	-0.990966	0.005793	-0.133990
50538	9.056188	-1.654131	1.217084	-0.487511	-0.284039	-0.357033	-0.133350	0.188967	0.972887	0.035771	0.981932	-0.185821	-0.990423	0.010022	-0.137700
50539	9.052662	-2.064846	0.555561	-0.695204	-0.296164	-0.392109	-0.136457	0.185265	0.973168	0.041906	0.982557	-0.181177	-0.989759	0.016058	-0.141840
50540	8.944105	-2.545177	-0.209498	-0.803117	-0.263536	-0.438019	-0.139296	0.181032	0.973562	0.049242	0.983197	-0.175779	-0.989026	0.023454	-0.145870
50541	9.009514	-3.266737	-0.454729	-0.806498	-0.316086	-0.489091	-0.142698	0.176419	0.973917	0.056303	0.983840	-0.169967	-0.988164	0.030581	-0.150325
50542	9.791490	-4.295919	-0.856967	-0.743634	-0.317655	-0.476709	-0.146152	0.171857	0.974220	0.062953	0.984414	-0.164211	-0.987257	0.037331	-0.154693
50543	10.353340	-4.142795	-1.684009	-0.610894	-0.255112	-0.464612	-0.148985	0.167512	0.974548	0.068020	0.984949	-0.158901	-0.986497	0.042615	-0.158137
50544	10.677961	-3.346648	-2.038020	-0.477753	-0.322958	-0.497287	-0.152550	0.162779	0.974798	0.071975	0.985553	-0.153311	-0.985671	0.046773	-0.162062
50545	11.185255	-2.297620	-2.206696	-0.479779	-0.343706	-0.559797	-0.156374	0.157580	0.975047	0.075528	0.986208	-0.147271	-0.984806	0.050614	-0.166119
50546	11.726730	-1.245547	-2.445285	-0.625539	-0.343469	-0.647098	-0.160292	0.151402	0.975389	0.080654	0.986871	-0.139930	-0.983769	0.056239	-0.170399
50547	12.012353	-0.532951	-2.093176	-0.771650	-0.327036	-0.751875	-0.164156	0.144334	0.975818	0.086681	0.987521	-0.131483	-0.982619	0.063001	-0.174619
50548	12.299641	-0.910249	-1.670058	-0.837308	-0.258621	-0.821862	-0.167468	0.136412	0.976395	0.093534	0.988112	-0.122006	-0.981431	0.070894	-0.178236
50549	12.417601	-1.720685	-1.336396	-0.811106	-0.178379	-0.823919	-0.170038	0.128538	0.977018	0.099843	0.988602	-0.112685	-0.980366	0.078388	-0.180934
50550	12.211194	-2.678236	-0.646846	-0.746903	-0.174539	-0.786923	-0.172589	0.120924	0.977543	0.105806	0.988969	-0.103657	-0.979295	0.085540	-0.183479
50551	12.190917	-3.699569	0.361437	-0.616227	-0.144944	-0.685098	-0.174742	0.114408	0.977945	0.110341	0.989245	-0.096014	-0.978412	0.091130	-0.185486
50552	11.881086	-4.700582	1.034930	-0.390714	0.060339	-0.519393	-0.174763	0.109238	0.978532	0.113248	0.989461	-0.090232	-0.978076	0.095048	-0.185292
50553	11.180684	-5.314913	1.329254	-0.109570	0.252876	-0.320267	-0.172646	0.105972	0.979267	0.113437	0.989720	-0.087104	-0.978430	0.096048	-0.182892
50554	11.106831	-5.067747	1.822309	0.200844	0.331068	-0.111094	-0.169561	0.104582	0.979955	0.111274	0.990027	-0.086403	-0.979218	0.094393	-0.179507
50555	10.048013	-4.053100	1.989405	0.477457	0.639645	0.066421	-0.163216	0.104827	0.981005	0.106322	0.990417	-0.088144	-0.980845	0.089916	-0.172798
50556	9.971030	-2.782569	2.020691	0.679159	0.646644	0.198845	-0.156694	0.106261	0.981914	0.099964	0.990796	-0.091270	-0.982575	0.083855	-0.165874
50557	10.254362	-1.375001	2.337108	0.774548	0.854083	0.305182	-0.147987	0.108748	0.982992	0.092500	0.991101	-0.095719	-0.984654	0.076762	-0.156729
50558	10.030691	-0.269770	2.192677	0.730328	1.086289	0.379791	-0.136972	0.111736	0.984253	0.085833	0.991219	-0.100582	-0.986849	0.070704	-0.145360
50559	9.900799	0.559741	2.199624	0.624807	1.203460	0.437260	-0.124707	0.115422	0.985457	0.079889	0.991154	-0.105979	-0.988972	0.065511	-0.132825
50560	9.394824	0.897150	1.864571	0.477106	1.376489	0.481484	-0.110737	0.119339	0.986659	0.075722	0.990892	-0.111352	-0.990961	0.062381	-0.118765
50561	9.016965	1.032818	1.678425	0.393216	1.371843	0.493505	-0.096750	0.123561	0.987609	0.072008	0.990533	-0.116872	-0.992700	0.059808	-0.104732
50562	9.275282	1.039141	1.160056	0.326834	1.307278	0.505768	-0.083439	0.127823	0.988281	0.069206	0.990088	-0.122214	-0.994107	0.058197	-0.091458
50563	9.144647	0.906433	0.525020	0.192829	1.444148	0.492937	-0.068716	0.132027	0.988862	0.067367	0.989556	-0.127438	-0.995359	0.057860	-0.076893
50564	9.318430	0.842023	-0.097557	0.043350	1.301954	0.468294	-0.055469	0.135923	0.989165	0.067214	0.988952	-0.132125	-0.996196	0.059157	-0.063992
50565	9.991533	0.570078	-0.427799	-0.137403	1.250662	0.422107	-0.042705	0.139514	0.989299	0.068494	0.988281	-0.136414	-0.996737	0.061936	-0.051761
50566	10.468638	0.585358	-0.767631	-0.198021	1.328583	0.375879	-0.029231	0.142406	0.989377	0.070590	0.987622	-0.140067	-0.997077	0.065746	-0.038922
50567	10.127959	-0.680796	-1.524842	-0.373723	1.373416	0.339085	-0.015269	0.144945	0.989322	0.074176	0.986875	-0.143441	-0.997128	0.071194	-0.025820
50568	10.202149	-2.780994	-1.909728	-0.418763	1.186706	0.396540	-0.003167	0.148004	0.988982	0.078374	0.985981	-0.147304	-0.996919	0.077044	-0.014722
50569	11.190281	-4.858495	-2.031534	-0.239371	1.099675	0.473940	0.008186	0.151975	0.988350	0.080479	0.985077	-0.152138	-0.996723	0.080786	-0.004167
50570	11.832869	-5.938267	-1.976620	0.252425	1.298971	0.536502	0.021525	0.156239	0.987485	0.077868	0.984451	-0.157457	-0.996731	0.080283	0.009024
50571	12.097046	-6.425381	-2.269309	0.881357	1.333174	0.572920	0.035237	0.161052	0.986317	0.068617	0.984211	-0.163160	-0.997021	0.073427	0.023630
50572	12.073466	-5.798789	-1.962301	1.555958	1.342559	0.591055	0.048952	0.165999	0.984910	0.052835	0.984281	-0.168519	-0.997403	0.060287	0.039412
50573	11.686721	-4.595621	-1.691407	2.110031	1.404865	0.586990	0.063205	0.171285	0.983192	0.031121	0.984344	-0.173486	-0.997515	0.041563	0.056885
50574	11.226845	-3.282350	-1.251506	2.444635	1.470985	0.577486	0.077949	0.176542	0.981202	0.006316	0.984089	-0.177563	-0.996937	0.020038	0.075593
50575	10.793712	-2.193543	-1.020663	2.574735	1.538188	0.564194	0.093207	0.182188	0.978836	-0.020132	0.983260	-0.181094	-0.995443	-0.002827	0.095314
50576	10.454949	-1.550604	-0.727098	2.554530	1.596742	0.564962	0.108860	0.187986	0.976120	-0.046121	0.981854	-0.183947	-0.992987	-0.024995	0.115555
50577	10.162506	-0.899183	-0.551827	2.429066	1.629143	0.575938	0.124636	0.194453	0.972961	-0.071192	0.979833	-0.186707	-0.989645	-0.045997	0.135966
50578	9.716587	-0.347508	-0.409820	2.209822	1.651057	0.565309	0.140440	0.200921	0.969488	-0.093787	0.977489	-0.188993	-0.985637	-0.064384	0.156123
50579	9.104562	0.041925	-0.270746	1.922955	1.603600	0.556732	0.155580	0.207760	0.965728	-0.113815	0.974892	-0.191395	-0.981245	-0.080138	0.175320
50580	8.477357	0.246258	-0.200374	1.652779	1.530835	0.540569	0.169868	0.214371	0.961868	-0.130897	0.972313	-0.193582	-0.976735	-0.093022	0.193225
50581	7.606781	0.495280	-0.208525	1.443687	1.439902	0.503192	0.183145	0.220882	0.957951	-0.146123	0.969724	-0.195660	-0.972166	-0.104144	0.209876
50582	7.370904	0.594136	-0.388391	1.289925	1.301849	0.456463	0.195037	0.226743	0.954227	-0.159520	0.967289	-0.197242	-0.967737	-0.113749	0.224827
50583	7.232900	0.736176	-0.537154	1.152023	1.214642	0.420723	0.205998	0.232443	0.950545	-0.171730	0.964890	-0.198735	-0.963366	-0.122298	0.238683
50584	7.060544	0.906637	-0.699206	1.056453	1.118343	0.382965	0.216031	0.237566	0.947044	-0.182716	0.962650	-0.199801	-0.959138	-0.129877	0.251369
50585	6.921200	0.786934	-0.801876	0.940770	0.989230	0.324239	0.224828	0.242185	0.943822	-0.192667	0.960545	-0.200581	-0.955161	-0.136748	0.262618
50586	7.081707	0.473373	-0.670336	0.871018	0.848713	0.268090	0.232351	0.245966	0.941017	-0.201607	0.958663	-0.200798	-0.951508	-0.143060	0.272335
50587	7.167623	0.348208	-0.671875	0.867220	0.731275	0.221012	0.238794	0.249319	0.938519	-0.210560	0.956779	-0.200595	-0.947967	-0.149714	0.280969
50588	7.183119	0.600535	-0.529539	0.892237	0.600582	0.160289	0.244093	0.251792	0.936493	-0.219414	0.955000	-0.199579	-0.944604	-0.156764	0.288356
50589	7.108145	0.939438	-0.457615	0.871409	0.440405	0.082708	0.248009	0.253437	0.935019	-0.228029	0.953327	-0.197916	-0.941538	-0.164126	0.294224
50590	6.981634	1.030058	-0.251798	0.820737	0.230423	-0.003606	0.250144	0.253810	0.934349	-0.235761	0.951949	-0.195473	-0.939066	-0.171387	0.297963
50591	6.903412	1.175895	0.080384	0.722832	0.017216	-0.067975	0.250432	0.253311	0.934408	-0.242525	0.950803	-0.192756	-0.937265	-0.178345	0.299546
50592	6.959049	1.152392	0.478858	0.553557	-0.112296	-0.123255	0.249642	0.251956	0.934985	-0.247426	0.950102	-0.189966	-0.936194	-0.183916	0.299526
50593	7.159820	0.840091	0.912493	0.387119	-0.202136	-0.147254	0.248087	0.250273	0.935851	-0.250800	0.949708	-0.187494	-0.935709	-0.188197	0.298379
50594	7.725917	0.180814	1.246640	0.207710	-0.234822	-0.121400	0.246155	0.248695	0.936781	-0.252468	0.949607	-0.185760	-0.935771	-0.190782	0.296538
50595	8.040042	-0.009900	2.089105	-0.016857	-0.276525	-0.076545	0.243727	0.247522	0.937726	-0.252239	0.949788	-0.185146	-0.936468	-0.191406	0.293924
50596	9.390658	-1.815116	6.791198	-0.298084	-0.511001	-0.048816	0.239019	0.246104	0.939310	-0.249351	0.950466	-0.185577	-0.938453	-0.189862	0.288545
50597	12.627888	-4.976158	12.336040	-0.578886	-0.323681	-0.023471	0.236011	0.245347	0.940268	-0.243955	0.951574	-0.187063	-0.940630	-0.185234	0.284436
50598	14.130132	-6.317193	12.810882	-0.299459	0.839340	-0.015927	0.243899	0.246749	0.937885	-0.241126	0.952150	-0.187797	-0.939346	-0.180345	0.291727
50599	10.554979	-3.675511	10.321384	0.400218	1.643662	-0.071670	0.259450	0.249138	0.933068	-0.244837	0.951557	-0.185995	-0.934206	-0.180193	0.307880
50600	8.371084	-0.543977	9.782933	0.556391	0.903857	-0.108924	0.268106	0.249764	0.930450	-0.249762	0.950807	-0.183261	-0.930450	-0.183258	0.317299
50601	7.422735	0.119480	9.029559	0.235505	0.664482	-0.099402	0.274514	0.250164	0.928472	-0.251845	0.950566	-0.181656	-0.928018	-0.183964	0.323946
50602	5.330825	0.296150	5.838020	0.058516	0.136031	-0.039959	0.275836	0.250055	0.928109	-0.252303	0.950547	-0.181115	-0.927501	-0.184207	0.325285
50603	4.877973	0.948956	2.373895	0.008325	-0.625594	-0.026597	0.270084	0.248773	0.930143	-0.252487	0.950537	-0.180914	-0.929142	-0.185987	0.319537
50604	4.899604	1.487069	-1.174880	-0.227045	-1.238586	-0.047716	0.258631	0.246030	0.934119	-0.250272	0.951068	-0.181201	-0.932992	-0.186920	0.307551
50605	7.174869	1.387762	-2.302295	-0.922396	-1.699663	-0.049557	0.242835	0.242523	0.939262	-0.241658	0.952843	-0.183552	-0.939485	-0.182408	0.289992
50606	11.262405	0.792403	-2.785451	-2.152505	-1.456763	0.072529	0.228879	0.240703	0.943227	-0.221540	0.956401	-0.190307	-0.947911	-0.165405	0.272226
50607	14.458416	-0.575816	-1.145204	-2.631903	-1.096372	0.206105	0.218012	0.241057	0.945707	-0.197052	0.959931	-0.199256	-0.955846	-0.142913	0.256778
50608	16.477458	-3.338621	3.641832	-2.012751	-0.697246	0.269694	0.210783	0.242736	0.946916	-0.178363	0.961968	-0.206891	-0.961123	-0.125285	0.246062
50609	14.184956	-7.311208	2.208486	-1.081773	-0.813441	0.260848	0.202492	0.244323	0.948316	-0.168590	0.962616	-0.212009	-0.964663	-0.116947	0.236113
50610	13.315511	-8.332324	-0.923862	-0.291736	-1.195798	0.255268	0.190473	0.245404	0.950524	-0.166298	0.962323	-0.215127	-0.967505	-0.117095	0.224107
50611	12.002175	-3.496119	-2.893102	0.156132	-1.120027	0.188264	0.179298	0.245963	0.952552	-0.168277	0.961640	-0.216635	-0.969296	-0.121450	0.213810
50612	10.946641	0.124214	-2.265523	-0.008794	-1.202479	0.111761	0.167402	0.245583	0.954812	-0.168409	0.961367	-0.217743	-0.971398	-0.124349	0.202293
50613	10.077333	0.721055	-1.442279	-0.392919	-0.967541	0.111890	0.157789	0.245530	0.956461	-0.164874	0.961549	-0.219636	-0.973611	-0.123039	0.192204
50614	8.852809	-0.758313	-1.431576	-0.530409	-0.828596	0.135010	0.149454	0.245845	0.957718	-0.159935	0.961852	-0.221948	-0.975748	-0.120002	0.183072
50615	8.881114	-2.462399	-1.143505	-0.394559	-1.001785	0.188633	0.139357	0.246511	0.959068	-0.156423	0.961839	-0.224494	-0.977810	-0.118735	0.172599
50616	9.191920	-3.472975	-0.132446	-0.122819	-1.010631	0.226961	0.129073	0.247510	0.960249	-0.155549	0.961416	-0.226902	-0.979359	-0.120079	0.162593
