// General information: 
//  MT Manager version: 2022.2.0 
//  XDA version: 2022.2.0 build 7381 rev 124627 built on 2023-07-19
// Device information: 
//  DeviceId: 00B4CB9F
//  ProductCode: MTW2-3A7G6
//  Firmware Version: 4.6.0
//  Hardware Version: 2.0.0
// Device settings: 
//  Filter Profile: human(46.1)
//  Option Flags: Orientation Smoother Disabled, Position/Velocity Smoother Disabled, Continuous Zero Rotation Update Disabled, AHS Disabled, ICC Disabled
// Coordinate system: ENU
PacketCounter	Acc_X	Acc_Y	Acc_Z	Gyr_X	Gyr_Y	Gyr_Z	Mat[1][1]	Mat[2][1]	Mat[3][1]	Mat[1][2]	Mat[2][2]	Mat[3][2]	Mat[1][3]	Mat[2][3]	Mat[3][3]
16519	9.740371	0.118138	-0.519081	-0.039812	-0.001103	-0.035875	-0.000386	0.000103	1.000000	-0.527897	0.849308	-0.000291	-0.849308	-0.527897	-0.000273
16520	9.725758	0.213522	-0.460785	-0.069507	0.003948	-0.042338	-0.000186	-0.000232	1.000000	-0.527326	0.849663	0.000099	-0.849663	-0.527326	-0.000280
16521	9.745865	0.197000	-0.361069	-0.093475	-0.001275	-0.040901	-0.000011	-0.000527	1.000000	-0.526976	0.849880	0.000442	-0.849880	-0.526975	-0.000287
16522	9.780492	0.156121	-0.281121	-0.126375	0.009092	-0.038306	0.000210	-0.000801	1.000000	-0.525920	0.850533	0.000792	-0.850534	-0.525920	-0.000242
16523	9.776366	0.021859	-0.146550	-0.166152	0.012578	-0.039407	0.000482	-0.001023	0.999999	-0.524485	0.851419	0.001124	-0.851419	-0.524485	-0.000126
16524	9.803974	-0.092508	0.045958	-0.180785	0.018068	-0.038853	0.000783	-0.001256	0.999999	-0.522964	0.852353	0.001480	-0.852354	-0.522965	0.000011
16525	9.774473	-0.010979	0.407613	-0.182468	0.037913	-0.033902	0.001259	-0.001292	0.999998	-0.521460	0.853274	0.001759	-0.853275	-0.521461	0.000401
16526	9.909091	0.127642	0.702114	-0.175596	0.043376	-0.040800	0.001785	-0.001410	0.999997	-0.519980	0.854176	0.002133	-0.854177	-0.519982	0.000791
16527	9.961362	-0.071761	0.748198	-0.184181	0.056339	-0.039567	0.002434	-0.001405	0.999996	-0.518420	0.855123	0.002463	-0.855123	-0.518424	0.001353
16528	9.952579	-0.410562	0.649832	-0.132269	0.061429	-0.039071	0.003105	-0.001417	0.999994	-0.517307	0.855795	0.002819	-0.855794	-0.517313	0.001924
16529	9.944940	-0.309373	0.565069	-0.042059	0.068968	-0.040437	0.003795	-0.001379	0.999992	-0.517006	0.855976	0.003142	-0.855974	-0.517013	0.002536
16530	9.791277	-0.031274	0.315228	0.028375	0.067493	-0.040773	0.004526	-0.001374	0.999989	-0.517267	0.855817	0.003517	-0.855812	-0.517277	0.003163
16531	9.862534	0.005566	0.128447	0.047034	0.063035	-0.035996	0.005206	-0.001302	0.999986	-0.517803	0.855492	0.003810	-0.855484	-0.517815	0.003780
16532	9.717343	-0.000789	0.011311	0.057255	0.062399	-0.032203	0.005850	-0.001250	0.999982	-0.518310	0.855183	0.004101	-0.855173	-0.518325	0.004355
16533	9.649287	-0.092006	-0.098457	0.036478	0.052302	-0.030633	0.006354	-0.001209	0.999979	-0.518654	0.854973	0.004329	-0.854961	-0.518671	0.004806
16534	9.591166	-0.280374	-0.058352	0.024606	0.043160	-0.024631	0.006794	-0.001191	0.999976	-0.518883	0.854833	0.004544	-0.854818	-0.518901	0.005189
16535	9.688593	-0.232290	0.020286	0.062445	0.030353	-0.004566	0.006970	-0.001047	0.999975	-0.519306	0.854576	0.004514	-0.854560	-0.519325	0.005413
16536	9.719066	0.074682	0.126030	0.077608	0.019571	-0.005292	0.007107	-0.000986	0.999974	-0.519989	0.854161	0.004538	-0.854144	-0.520007	0.005558
16537	9.761044	0.423588	0.189172	0.063428	0.008888	-0.003561	0.007146	-0.000917	0.999974	-0.520714	0.853719	0.004504	-0.853701	-0.520733	0.005623
16538	9.884742	0.590000	0.291890	-0.008904	0.015780	-0.013241	0.007292	-0.000943	0.999973	-0.520658	0.853753	0.004602	-0.853734	-0.520677	0.005735
16539	9.733073	0.541620	0.330916	-0.064751	0.020419	-0.020585	0.007513	-0.000974	0.999971	-0.519951	0.854183	0.004738	-0.854163	-0.519972	0.005911
16540	9.717227	0.433370	0.215453	-0.120671	0.004789	-0.035388	0.007680	-0.001247	0.999970	-0.518938	0.854797	0.005052	-0.854778	-0.518961	0.005918
16541	9.764853	0.079125	0.170540	-0.160902	0.009655	-0.023493	0.007832	-0.001347	0.999968	-0.517754	0.855514	0.005207	-0.855494	-0.517778	0.006003
16542	9.755191	-0.314022	0.127518	-0.144521	0.005770	-0.017413	0.007914	-0.001461	0.999968	-0.516536	0.856249	0.005339	-0.856229	-0.516561	0.006021
16543	9.822451	-0.572217	0.098164	-0.077446	-0.000505	-0.012361	0.007879	-0.001541	0.999968	-0.515819	0.856681	0.005385	-0.856662	-0.515844	0.005955
16544	9.832706	-0.616145	0.127859	-0.000512	-0.002714	0.002019	0.007788	-0.001533	0.999968	-0.515835	0.856672	0.005331	-0.856653	-0.515860	0.005881
16545	9.727909	-0.637399	0.252388	0.065962	0.004811	0.014762	0.007662	-0.001352	0.999970	-0.516259	0.856417	0.005114	-0.856398	-0.516283	0.005864
16546	9.718639	-0.188006	0.247332	0.167682	-0.000527	0.018201	0.007506	-0.001194	0.999971	-0.517716	0.855538	0.004908	-0.855520	-0.517738	0.005804
16547	9.665329	0.824120	0.192502	0.174682	-0.026910	0.025142	0.007097	-0.001064	0.999974	-0.519327	0.854563	0.004595	-0.854546	-0.519347	0.005512
16548	9.865407	1.407806	0.350025	0.018181	-0.039431	0.049603	0.006445	-0.000840	0.999979	-0.519506	0.854457	0.004066	-0.854442	-0.519522	0.005070
16549	9.687164	1.247605	0.516916	-0.166916	-0.035026	0.065611	0.005724	-0.000416	0.999984	-0.518355	0.855159	0.003323	-0.855146	-0.518366	0.004680
16550	9.707504	0.897529	0.519821	-0.263681	-0.041563	0.076041	0.004918	0.000025	0.999988	-0.516123	0.856511	0.002517	-0.856500	-0.516129	0.004225
16551	9.899139	0.745452	0.381986	-0.291188	-0.043756	0.098044	0.003954	0.000656	0.999992	-0.513242	0.858242	0.001466	-0.858235	-0.513244	0.003730
16552	9.850918	0.518866	0.274327	-0.268457	-0.034104	0.097815	0.003102	0.001327	0.999994	-0.510960	0.859604	0.000444	-0.859599	-0.510959	0.003345
16553	9.895348	0.437395	0.211510	-0.220560	-0.021543	0.100644	0.002364	0.002139	0.999995	-0.509408	0.860525	-0.000636	-0.860522	-0.509404	0.003124
16554	9.865057	0.275502	0.072759	-0.147482	-0.014567	0.098976	0.001678	0.002922	0.999994	-0.508161	0.861261	-0.001664	-0.861261	-0.508155	0.002930
16555	9.809805	-0.003672	-0.034744	-0.054781	-0.009487	0.097607	0.001039	0.003760	0.999992	-0.508000	0.861353	-0.002711	-0.861356	-0.507994	0.002805
16556	9.813191	-0.025629	-0.134790	0.044185	0.006032	0.103992	0.000505	0.004692	0.999989	-0.508402	0.861111	-0.003783	-0.861119	-0.508395	0.002820
16557	9.832052	0.093708	-0.124992	0.110523	0.015483	0.107517	0.000040	0.005745	0.999983	-0.509687	0.860346	-0.004922	-0.860360	-0.509678	0.002963
16558	9.916923	0.051974	-0.056457	0.156986	0.031489	0.116351	-0.000340	0.006912	0.999976	-0.511058	0.859525	-0.006115	-0.859546	-0.511047	0.003240
16559	9.865074	-0.010386	-0.089714	0.192339	0.053302	0.138610	-0.000754	0.008354	0.999965	-0.512257	0.858799	-0.007561	-0.858832	-0.512245	0.003631
16560	9.791475	-0.005217	-0.072486	0.231221	0.033530	0.145461	-0.001271	0.009779	0.999951	-0.514261	0.857586	-0.009041	-0.857633	-0.514247	0.003939
16561	9.784328	0.110961	-0.170781	0.278401	0.019006	0.155593	-0.001986	0.011227	0.999935	-0.516374	0.856297	-0.010639	-0.856361	-0.516361	0.004097
16562	9.710796	0.432667	-0.182001	0.294512	-0.006394	0.167351	-0.002964	0.012630	0.999916	-0.518910	0.854740	-0.012335	-0.854824	-0.518903	0.004020
16563	9.778595	0.740872	-0.022706	0.233326	-0.015776	0.177752	-0.004064	0.014109	0.999892	-0.521070	0.853396	-0.014160	-0.853504	-0.521072	0.003883
16564	9.826513	0.933937	0.288120	0.142910	-0.010758	0.181464	-0.005160	0.015605	0.999865	-0.522302	0.852611	-0.016003	-0.852745	-0.522314	0.003751
16565	9.817207	0.724229	0.479896	0.056468	-0.009522	0.184631	-0.006281	0.017144	0.999833	-0.522635	0.852368	-0.017899	-0.852533	-0.522661	0.003606
16566	9.839684	0.518909	0.571169	0.026900	-0.010111	0.185575	-0.007395	0.018677	0.999798	-0.522872	0.852181	-0.019787	-0.852379	-0.522913	0.003464
16567	9.858273	0.544340	0.648528	0.025294	-0.004703	0.190420	-0.008500	0.020302	0.999758	-0.523312	0.851863	-0.021748	-0.852098	-0.523371	0.003383
16568	9.886796	0.491902	0.767758	0.011720	0.006803	0.196141	-0.009526	0.022013	0.999712	-0.523415	0.851747	-0.023743	-0.852025	-0.523491	0.003408
16569	9.974237	0.424756	1.066022	0.019135	0.028171	0.200345	-0.010439	0.023878	0.999660	-0.523781	0.851462	-0.025807	-0.851789	-0.523873	0.003619
16570	9.889760	0.433363	1.332407	0.033809	0.053675	0.208263	-0.011130	0.025937	0.999602	-0.524067	0.851219	-0.027922	-0.851604	-0.524169	0.004118
16571	9.946766	0.364471	1.467390	-0.005236	0.082398	0.211196	-0.011572	0.028205	0.999535	-0.524316	0.850992	-0.030084	-0.851445	-0.524420	0.004941
16572	9.848036	0.017884	1.597528	-0.008721	0.117979	0.212386	-0.011739	0.030636	0.999462	-0.524237	0.850962	-0.032241	-0.851491	-0.524333	0.006072
16573	9.627838	-0.037242	1.678172	0.055463	0.116167	0.212453	-0.011907	0.033079	0.999382	-0.524665	0.850613	-0.034406	-0.851225	-0.524750	0.007227
16574	9.684087	0.044667	1.665425	0.090110	0.122436	0.220855	-0.012082	0.035604	0.999293	-0.525426	0.850050	-0.036640	-0.850754	-0.525497	0.008437
16575	9.868037	0.070202	1.930784	0.064032	0.163371	0.239793	-0.011932	0.038570	0.999185	-0.526290	0.849407	-0.039073	-0.850221	-0.526327	0.010164
16576	10.200919	-0.113425	2.351242	-0.020005	0.237502	0.264137	-0.011360	0.042068	0.999050	-0.526110	0.849391	-0.041748	-0.850341	-0.526085	0.012483
16577	10.566095	-0.807418	2.741321	-0.146352	0.339321	0.291483	-0.010051	0.046356	0.998874	-0.524846	0.850021	-0.044730	-0.851138	-0.524705	0.015786
16578	10.631869	-1.502135	3.050870	-0.172929	0.445771	0.334990	-0.008069	0.051545	0.998638	-0.523364	0.850748	-0.048140	-0.852071	-0.523040	0.020113
16579	10.183023	-1.516105	3.339707	-0.091803	0.533842	0.352753	-0.005386	0.057403	0.998337	-0.522886	0.850831	-0.051742	-0.852385	-0.522295	0.025433
16580	9.993824	-1.159142	3.601680	-0.012316	0.589216	0.356077	-0.002282	0.063513	0.997978	-0.522789	0.850664	-0.055333	-0.852459	-0.521859	0.031263
16581	9.924031	-0.535065	3.623146	0.024032	0.650438	0.343711	0.001410	0.069900	0.997553	-0.523383	0.850064	-0.058826	-0.852096	-0.522019	0.037783
16582	9.611038	-0.001396	3.622283	-0.034941	0.702778	0.305915	0.005741	0.076172	0.997078	-0.523118	0.850007	-0.061925	-0.852241	-0.521234	0.044726
16583	9.578607	0.012462	3.601733	-0.145931	0.753555	0.250193	0.010778	0.082302	0.996549	-0.522418	0.850241	-0.064568	-0.852621	-0.519919	0.052160
16584	9.654003	-0.093644	3.388991	-0.245298	0.798799	0.220436	0.016387	0.088325	0.995957	-0.520378	0.851309	-0.066935	-0.853779	-0.517177	0.059912
16585	10.072710	-0.412784	3.059803	-0.267068	0.826722	0.186323	0.022429	0.094266	0.995294	-0.518501	0.852285	-0.069037	-0.854783	-0.514513	0.067993
16586	10.527460	-0.855306	2.742148	-0.226849	0.874591	0.149355	0.029079	0.100034	0.994559	-0.516623	0.853287	-0.070719	-0.855719	-0.511756	0.076492
16587	10.516229	-1.142150	2.139081	-0.099850	0.913588	0.097131	0.036341	0.105656	0.993738	-0.516341	0.853364	-0.071849	-0.855611	-0.510497	0.085567
16588	10.506492	-1.198170	1.617275	0.016668	0.922299	0.081520	0.043752	0.111062	0.992850	-0.516541	0.853173	-0.072675	-0.855144	-0.509668	0.094696
16589	10.794311	-0.750341	1.608847	0.050934	0.940444	0.092781	0.051205	0.116705	0.991846	-0.517252	0.852660	-0.073624	-0.854300	-0.509265	0.104026
16590	11.423394	-0.156924	1.810948	-0.003067	1.011162	0.136222	0.059078	0.123016	0.990645	-0.517326	0.852495	-0.075010	-0.853746	-0.508055	0.114003
16591	11.606694	0.174125	2.175849	-0.240553	1.131497	0.155764	0.067812	0.130173	0.989170	-0.515828	0.853232	-0.076922	-0.854004	-0.505026	0.125006
16592	10.617145	-0.367550	2.587721	-0.668340	1.164900	0.085118	0.077281	0.136749	0.987587	-0.510200	0.856450	-0.078666	-0.856577	-0.497788	0.135957
16593	9.736769	-1.295693	2.732834	-1.026261	1.038934	0.001689	0.086074	0.142042	0.986111	-0.502047	0.861113	-0.080215	-0.860547	-0.488169	0.145431
16594	9.531989	-2.115974	1.980275	-1.053812	0.925828	-0.025263	0.094130	0.146304	0.984751	-0.492960	0.866220	-0.081572	-0.864945	-0.477764	0.153659
16595	9.862988	-2.176194	1.383232	-0.800881	0.875787	0.000438	0.101538	0.150555	0.983373	-0.486520	0.869726	-0.082920	-0.867749	-0.470011	0.161558
16596	9.975861	-1.714928	1.524172	-0.692917	0.857011	0.030204	0.108782	0.154824	0.981935	-0.480559	0.872892	-0.084393	-0.870189	-0.462697	0.169357
16597	9.961634	-1.944756	0.953131	-0.751801	0.832522	0.063295	0.115575	0.159292	0.980443	-0.474469	0.876022	-0.086396	-0.872652	-0.455205	0.176825
16598	10.138301	-2.259865	-1.112565	-0.481635	0.787711	0.092434	0.121960	0.163677	0.978946	-0.470403	0.878033	-0.088200	-0.873983	-0.449742	0.184079
16599	10.242654	-2.404860	-1.596275	-0.316020	0.848573	0.072090	0.128876	0.168251	0.977283	-0.468241	0.879047	-0.089591	-0.874152	-0.446058	0.192070
16600	9.657762	-2.656944	-1.217344	-0.222034	0.906029	0.041861	0.136543	0.172656	0.975472	-0.466387	0.879943	-0.090464	-0.873979	-0.442595	0.200674
16601	9.182574	-2.675357	-0.559724	-0.103704	0.892028	0.015785	0.144036	0.176812	0.973648	-0.465924	0.880143	-0.090906	-0.873023	-0.440552	0.209153
16602	9.267065	-2.496488	-0.283033	0.079879	0.858430	0.009364	0.151422	0.180684	0.971815	-0.466667	0.879754	-0.090854	-0.871375	-0.439756	0.217534
16603	9.365679	-2.020276	-0.014898	0.217201	0.831780	0.031756	0.158321	0.184715	0.969956	-0.468956	0.878546	-0.090762	-0.868916	-0.440497	0.225715
16604	9.443895	-1.552995	-0.015211	0.329385	0.802572	0.060987	0.164939	0.188802	0.968064	-0.471945	0.876958	-0.090624	-0.866062	-0.441926	0.233749
16605	9.411484	-1.057993	0.133647	0.402028	0.782289	0.060756	0.171183	0.192929	0.966165	-0.476015	0.874784	-0.090343	-0.862616	-0.444444	0.241585
16606	9.245993	-0.410567	0.479803	0.395889	0.765647	0.065325	0.177406	0.196921	0.964235	-0.479572	0.872872	-0.090028	-0.859382	-0.446449	0.249290
16607	9.021696	-0.095890	0.811851	0.265701	0.750130	0.065504	0.183402	0.200825	0.962306	-0.481929	0.871572	-0.090040	-0.856801	-0.447250	0.256631
16608	8.704401	-0.105625	1.084051	0.065640	0.729879	0.067255	0.189268	0.204682	0.960355	-0.482651	0.871120	-0.090542	-0.855117	-0.446380	0.263666
16609	8.557482	-0.641765	1.257059	-0.114003	0.696942	0.084137	0.194688	0.208628	0.958421	-0.482104	0.871298	-0.091731	-0.854209	-0.444200	0.270212
16610	8.537706	-1.400315	1.240903	-0.179739	0.662850	0.098800	0.199816	0.212435	0.956528	-0.480799	0.871864	-0.093194	-0.853760	-0.441276	0.276351
16611	8.493989	-2.144643	1.348471	-0.113325	0.641640	0.116010	0.204633	0.216285	0.954644	-0.480091	0.872095	-0.094672	-0.853017	-0.438943	0.282296
16612	8.258345	-2.570261	1.648084	0.047851	0.667841	0.118746	0.209697	0.220259	0.952635	-0.480781	0.871604	-0.095693	-0.851397	-0.437942	0.288670
16613	7.939416	-2.697485	1.942520	0.279633	0.677328	0.095974	0.214892	0.224206	0.950554	-0.483619	0.870011	-0.095877	-0.848489	-0.439103	0.295389
16614	7.812614	-2.482632	2.468969	0.508485	0.652086	0.103531	0.219853	0.227989	0.948518	-0.488185	0.867514	-0.095365	-0.844595	-0.442086	0.302026
16615	7.801891	-2.160039	3.019523	0.655188	0.601376	0.103422	0.224338	0.231639	0.946581	-0.494031	0.864302	-0.094420	-0.840003	-0.446459	0.308332
16616	7.708999	-1.929553	3.331362	0.720612	0.520388	0.097583	0.228155	0.234827	0.944882	-0.500324	0.860816	-0.093124	-0.835237	-0.451501	0.313889
16617	7.691628	-1.598834	3.686178	0.710964	0.407350	0.071656	0.231099	0.237417	0.943518	-0.506594	0.857301	-0.091641	-0.830636	-0.456802	0.318395
16618	7.637540	-1.478794	3.670841	0.647018	0.280508	0.050454	0.233109	0.239147	0.942586	-0.512109	0.854185	-0.090069	-0.826683	-0.461711	0.321588
16619	7.617787	-1.537970	3.536448	0.579994	0.135484	0.047677	0.233899	0.240298	0.942098	-0.517161	0.851276	-0.088734	-0.823308	-0.466462	0.323385
16620	7.760752	-1.697828	3.385891	0.509289	-0.002450	0.078910	0.233412	0.240966	0.942048	-0.521568	0.848674	-0.087853	-0.820662	-0.470837	0.323771
16621	7.947826	-1.780319	3.416067	0.471406	-0.074734	0.120213	0.232088	0.241757	0.942172	-0.525877	0.846043	-0.087549	-0.818284	-0.475148	0.323491
16622	8.313649	-1.495060	3.873633	0.474668	-0.104023	0.163273	0.230319	0.242648	0.942377	-0.530169	0.843357	-0.087577	-0.816011	-0.479449	0.322886
16623	9.020142	-1.234231	4.107508	0.434380	-0.033985	0.211135	0.228834	0.244389	0.942289	-0.534362	0.840636	-0.088256	-0.813691	-0.483328	0.322958
16624	9.506735	-0.695497	4.564994	0.419451	0.040218	0.156282	0.228265	0.245905	0.942033	-0.538164	0.838192	-0.088395	-0.811341	-0.486790	0.323667
16625	9.409085	0.097481	5.014101	0.357469	0.125480	0.032611	0.229019	0.246928	0.941582	-0.541319	0.836238	-0.087638	-0.809027	-0.489625	0.325181
16626	9.233669	0.676817	5.230650	0.270475	0.170919	-0.092236	0.230843	0.247004	0.941116	-0.543329	0.835113	-0.085911	-0.807159	-0.491503	0.326985
16627	9.014160	0.999282	5.690910	0.191702	0.136348	-0.208411	0.232995	0.246064	0.940833	-0.544560	0.834564	-0.083412	-0.805709	-0.492906	0.328446
16628	9.034320	1.204530	6.044248	0.016608	0.053853	-0.307147	0.235043	0.243773	0.940919	-0.544012	0.835208	-0.080490	-0.805485	-0.492953	0.328925
16629	9.106866	1.162617	5.980225	-0.205433	0.007883	-0.405369	0.237229	0.240550	0.941200	-0.541569	0.837082	-0.077438	-0.806490	-0.491354	0.328854
16630	8.777892	0.618300	6.185047	-0.366489	0.018280	-0.509196	0.240066	0.236378	0.941538	-0.537431	0.840066	-0.073873	-0.808416	-0.488278	0.328709
16631	7.904919	-0.350412	6.344649	-0.625330	-0.014691	-0.567481	0.242907	0.231657	0.941983	-0.531167	0.844315	-0.070668	-0.811701	-0.483184	0.328139
16632	7.098119	-0.646412	6.036885	-0.646774	-0.105041	-0.452341	0.244384	0.227333	0.942654	-0.524841	0.848436	-0.068546	-0.815364	-0.477992	0.326658
16633	5.974267	-1.149294	5.796887	-0.550619	-0.083486	-0.234111	0.244856	0.225083	0.943071	-0.519947	0.851470	-0.068223	-0.818353	-0.473642	0.325518
16634	6.463583	-2.156196	4.556380	-0.296525	-0.418422	-0.167624	0.242239	0.221685	0.944551	-0.517146	0.853222	-0.067624	-0.820902	-0.472090	0.321327
16635	8.135448	-1.650523	2.596987	-0.141779	-0.624419	-0.216979	0.238154	0.217044	0.946665	-0.515668	0.854233	-0.066124	-0.823025	-0.472417	0.315361
16636	8.549159	-1.975118	0.045030	-0.052571	-0.861000	-0.271518	0.232400	0.210659	0.949533	-0.514634	0.855038	-0.063738	-0.825314	-0.473849	0.307123
16637	9.962562	-2.574081	-0.646268	-0.011425	-0.970216	-0.279610	0.225748	0.203815	0.952626	-0.514101	0.855542	-0.061215	-0.827489	-0.475927	0.297919
16638	11.228383	-2.567167	1.701449	-0.238429	-0.686424	-0.233673	0.221200	0.198560	0.954801	-0.511641	0.857122	-0.059714	-0.830237	-0.475307	0.291187
16639	10.269018	-2.244197	4.095621	-0.426171	-0.326653	-0.203371	0.219448	0.195414	0.955853	-0.507842	0.859420	-0.059107	-0.833030	-0.472452	0.287838
16640	9.534120	-2.286350	5.216621	-0.254869	-0.209966	-0.160045	0.218451	0.193058	0.956560	-0.505405	0.860909	-0.058333	-0.834773	-0.470707	0.285639
16641	10.724005	-2.531404	5.488620	0.096588	-0.346955	-0.156627	0.216272	0.190243	0.957619	-0.506094	0.860614	-0.056674	-0.834922	-0.472389	0.282408
16642	12.394113	-2.186519	4.346479	0.388339	-0.532364	-0.237687	0.212979	0.185684	0.959251	-0.508863	0.859194	-0.053335	-0.834085	-0.476768	0.277478
16643	12.211664	-1.128601	2.993323	0.500334	-0.600499	-0.326318	0.209567	0.180174	0.961051	-0.512564	0.857253	-0.048944	-0.832683	-0.482343	0.272002
16644	10.754578	0.020868	1.696427	0.489471	-0.571729	-0.349697	0.206551	0.174416	0.962765	-0.515947	0.855475	-0.044289	-0.831346	-0.487587	0.266689
16645	9.472670	0.281376	0.085382	0.370711	-0.532013	-0.312712	0.203677	0.169302	0.964288	-0.518599	0.854062	-0.040411	-0.830404	-0.491848	0.261753
16646	9.125614	0.064283	-0.513974	0.304778	-0.564997	-0.297958	0.200478	0.163980	0.965877	-0.520566	0.853029	-0.036773	-0.829952	-0.495430	0.256376
16647	9.202272	0.079956	-1.012056	0.470861	-0.669069	-0.331932	0.196596	0.157959	0.967677	-0.523990	0.851105	-0.032475	-0.828724	-0.500669	0.250093
16648	9.546870	0.660085	-1.277244	0.552084	-0.822145	-0.377947	0.191719	0.150615	0.969824	-0.527866	0.848883	-0.027482	-0.827406	-0.506669	0.242251
16649	9.969287	1.368882	-0.918878	0.325717	-0.920534	-0.401141	0.186158	0.142662	0.972107	-0.529984	0.847698	-0.022912	-0.827322	-0.510936	0.233414
16650	10.069543	1.386866	-0.310480	-0.163382	-0.930936	-0.400275	0.180504	0.134519	0.974332	-0.527934	0.849063	-0.019419	-0.829882	-0.510878	0.224276
16651	9.929349	0.280150	0.205330	-0.607790	-0.908656	-0.371559	0.174832	0.126843	0.976394	-0.522368	0.852546	-0.017219	-0.834605	-0.507026	0.215311
16652	9.636532	-1.338676	0.949001	-0.784043	-0.867830	-0.344236	0.169293	0.119535	0.978290	-0.515248	0.856900	-0.015539	-0.840154	-0.501431	0.206657
16653	9.502496	-2.823867	1.651858	-0.700641	-0.787517	-0.302346	0.164144	0.113123	0.979929	-0.509007	0.860647	-0.014091	-0.844967	-0.496477	0.198850
16654	9.475923	-3.626611	2.334227	-0.366042	-0.706055	-0.246021	0.159358	0.107517	0.981349	-0.505548	0.862709	-0.012424	-0.847954	-0.494139	0.191834
16655	9.533921	-3.077106	2.741278	0.097445	-0.658314	-0.211501	0.154783	0.102558	0.982611	-0.506218	0.862344	-0.010265	-0.848402	-0.495827	0.185393
16656	9.860291	-1.360726	2.823511	0.480869	-0.623557	-0.198724	0.150450	0.097750	0.983773	-0.510029	0.860125	-0.007465	-0.846898	-0.500630	0.179261
16657	10.010084	0.196835	2.377588	0.616423	-0.587315	-0.233123	0.146617	0.092921	0.984819	-0.515078	0.857133	-0.004190	-0.844511	-0.506644	0.173531
16658	9.625833	1.137949	1.231686	0.657738	-0.600761	-0.297829	0.143035	0.087320	0.985858	-0.520230	0.854026	-0.000165	-0.841963	-0.512850	0.167582
16659	9.357791	1.407002	0.216134	0.668548	-0.639167	-0.348443	0.139426	0.081167	0.986900	-0.525513	0.850775	0.004271	-0.839283	-0.519225	0.161274
16660	9.147532	1.394543	-0.168786	0.643728	-0.668290	-0.361497	0.135676	0.074616	0.987940	-0.530448	0.847672	0.008825	-0.836790	-0.525248	0.154589
16661	9.246758	1.143636	0.007419	0.474305	-0.700774	-0.338534	0.131565	0.068169	0.988961	-0.534130	0.845306	0.012791	-0.835102	-0.529917	0.147624
16662	9.496191	0.773507	0.423546	0.267149	-0.687411	-0.307966	0.127416	0.061924	0.989914	-0.535999	0.844064	0.016190	-0.834548	-0.532656	0.140739
16663	9.658930	0.556298	0.978878	0.118254	-0.674825	-0.285316	0.123259	0.056002	0.990793	-0.536738	0.843533	0.019095	-0.834697	-0.534150	0.134031
16664	10.100519	0.416517	1.698771	-0.045026	-0.626162	-0.250137	0.119313	0.050555	0.991569	-0.536096	0.843884	0.021482	-0.835683	-0.534139	0.127789
16665	10.181887	0.374839	2.157157	-0.148586	-0.551370	-0.228175	0.115873	0.045771	0.992209	-0.534699	0.844716	0.023477	-0.837061	-0.533253	0.122353
16666	10.174449	0.496199	2.251868	-0.152059	-0.481713	-0.220831	0.112958	0.041347	0.992739	-0.533209	0.845600	0.025452	-0.838408	-0.532213	0.117564
16667	9.908018	0.764848	2.111768	-0.099201	-0.430067	-0.226171	0.110505	0.037253	0.993177	-0.532292	0.846115	0.027488	-0.839318	-0.531697	0.113329
16668	9.844438	0.920982	1.995127	-0.093917	-0.386153	-0.232503	0.108440	0.033243	0.993547	-0.531285	0.846674	0.029658	-0.840224	-0.531073	0.109475
16669	9.869763	0.459171	2.040998	-0.096346	-0.291449	-0.218346	0.107104	0.029935	0.993797	-0.530368	0.847177	0.031640	-0.840975	-0.530467	0.106613
16670	9.685842	0.115417	1.650150	0.043572	-0.208469	-0.190924	0.106306	0.027221	0.993961	-0.530567	0.846979	0.033549	-0.840950	-0.530930	0.104481
16671	9.667937	0.063460	0.960680	0.360850	-0.203684	-0.164859	0.105426	0.024825	0.994117	-0.533537	0.845032	0.035480	-0.839181	-0.534138	0.102333
16672	9.651770	0.454355	0.128927	0.716239	-0.280822	-0.167774	0.103916	0.021910	0.994345	-0.539396	0.841202	0.037835	-0.835616	-0.540277	0.099233
16673	9.413213	1.153849	-1.138628	0.943704	-0.378815	-0.170428	0.101639	0.018512	0.994649	-0.547223	0.836014	0.040359	-0.830793	-0.548396	0.095102
16674	9.177574	1.992430	-1.804750	0.992177	-0.496723	-0.170301	0.098405	0.014356	0.995043	-0.555307	0.830537	0.042934	-0.825803	-0.556779	0.089701
16675	9.423262	2.604515	-1.999558	0.826983	-0.573312	-0.142124	0.094428	0.010044	0.995481	-0.562098	0.825846	0.044986	-0.821662	-0.563806	0.083628
16676	9.941456	3.071244	-1.749189	0.539702	-0.638064	-0.093307	0.089661	0.005670	0.995956	-0.566476	0.822776	0.046313	-0.819186	-0.568338	0.076983
16677	10.351823	2.789750	-1.376223	0.162695	-0.700529	-0.046440	0.084140	0.001345	0.996453	-0.567827	0.821815	0.046838	-0.818837	-0.569753	0.069911
16678	10.377351	1.972001	-0.631247	-0.175598	-0.713283	-0.003924	0.078257	-0.002739	0.996929	-0.566420	0.822791	0.046724	-0.820393	-0.568337	0.062838
16679	10.035612	0.908361	0.142502	-0.379385	-0.697773	0.034002	0.072277	-0.006386	0.997364	-0.563358	0.824926	0.046107	-0.823046	-0.565205	0.056025
16680	9.829031	-0.024363	0.561115	-0.390706	-0.687823	0.060259	0.066210	-0.009758	0.997758	-0.560214	0.827111	0.045264	-0.825698	-0.561955	0.049296
16681	9.955353	-0.097794	0.907013	-0.240557	-0.673040	0.112269	0.059964	-0.012574	0.998121	-0.558331	0.828452	0.043979	-0.827448	-0.559919	0.042657
16682	10.060157	0.731713	1.696858	-0.087895	-0.695871	0.170291	0.053194	-0.015048	0.998471	-0.557734	0.828946	0.042207	-0.828313	-0.559127	0.035702
16683	9.839552	1.807213	2.288370	-0.061516	-0.671310	0.190998	0.046521	-0.017172	0.998770	-0.557395	0.829273	0.040220	-0.828943	-0.558580	0.029007
16684	9.387413	2.308803	2.991148	-0.153958	-0.563010	0.174844	0.040819	-0.018854	0.998989	-0.556229	0.830142	0.038395	-0.830026	-0.557233	0.023398
16685	8.942364	1.683638	3.272405	-0.272011	-0.462239	0.138736	0.036169	-0.020236	0.999141	-0.554071	0.831651	0.036901	-0.831683	-0.554930	0.018868
16686	8.941446	0.417785	2.437802	-0.187332	-0.464026	0.099959	0.031695	-0.021967	0.999256	-0.552580	0.832689	0.035832	-0.832857	-0.553305	0.014253
16687	9.108898	-0.132573	0.943316	0.117014	-0.538873	0.084808	0.026699	-0.024192	0.999351	-0.553677	0.831998	0.034933	-0.832303	-0.554250	0.008819
16688	9.428893	-0.015665	-0.099981	0.321768	-0.539263	0.079273	0.021717	-0.026521	0.999412	-0.556406	0.830210	0.034121	-0.830627	-0.556820	0.003273
16689	9.307797	0.154318	-0.923183	0.404643	-0.543456	0.082165	0.016709	-0.028823	0.999445	-0.559866	0.827916	0.033236	-0.828415	-0.560111	-0.002304
16690	9.232661	0.339840	-1.646178	0.432937	-0.665571	0.122358	0.010457	-0.031544	0.999448	-0.563497	0.825500	0.031949	-0.826052	-0.563520	-0.009142
16691	9.545343	0.771558	-2.079377	0.338368	-0.851609	0.167197	0.002439	-0.034927	0.999387	-0.566383	0.823590	0.030165	-0.824139	-0.566109	-0.017774
16692	9.548749	1.167321	-1.776121	0.045825	-0.843454	0.181111	-0.005596	-0.038204	0.999254	-0.566790	0.823376	0.028305	-0.823843	-0.566209	-0.026261
16693	9.452441	0.868283	-1.335200	-0.160239	-0.866722	0.217972	-0.014019	-0.041268	0.999050	-0.565525	0.824317	0.026115	-0.824612	-0.564622	-0.034895
16694	10.128743	0.244301	-0.656511	-0.267730	-0.850115	0.234008	-0.022415	-0.044119	0.998775	-0.563305	0.825905	0.023841	-0.825945	-0.562081	-0.043365
16695	10.182486	-0.457143	0.501636	-0.355312	-0.796294	0.228375	-0.030326	-0.046656	0.998451	-0.560378	0.827953	0.021669	-0.827681	-0.558853	-0.051254
16696	9.867813	-0.732258	1.844582	-0.332736	-0.797269	0.187293	-0.038036	-0.049539	0.998048	-0.557589	0.829877	0.019942	-0.829245	-0.555742	-0.059188
16697	9.635511	-0.199736	2.807327	-0.151044	-0.832637	0.155061	-0.045845	-0.052831	0.997551	-0.556362	0.830736	0.018427	-0.829674	-0.554154	-0.067478
16698	9.465973	0.839554	3.567697	-0.003928	-0.821852	0.120033	-0.053388	-0.056378	0.996981	-0.556301	0.830803	0.017191	-0.829264	-0.553704	-0.075718
16699	9.328772	1.651324	4.068491	0.062661	-0.804151	0.094552	-0.060615	-0.059994	0.996357	-0.556864	0.830447	0.016126	-0.828389	-0.553858	-0.083746
16700	9.368355	1.196141	3.801422	0.102731	-0.762132	0.101662	-0.067549	-0.063365	0.995702	-0.557680	0.829921	0.014981	-0.827303	-0.554271	-0.091398
16701	9.196194	0.431376	3.165808	0.310352	-0.756286	0.126132	-0.074532	-0.066464	0.995001	-0.560265	0.828206	0.013355	-0.824954	-0.556469	-0.098965
16702	9.328132	0.221640	2.294264	0.607502	-0.715139	0.157898	-0.081364	-0.069146	0.994283	-0.565171	0.824899	0.011118	-0.820952	-0.561035	-0.106197
16703	9.165879	0.403961	1.184730	0.793151	-0.665121	0.211874	-0.088038	-0.071097	0.993577	-0.571605	0.820489	0.008063	-0.815792	-0.567223	-0.112874
16704	9.095662	0.406365	0.364443	0.822498	-0.645808	0.236260	-0.094706	-0.072840	0.992837	-0.578106	0.815948	0.004717	-0.810447	-0.573518	-0.119384
16705	9.077722	0.185710	-0.136050	0.882442	-0.660324	0.256386	-0.101553	-0.074502	0.992037	-0.585106	0.810956	0.001007	-0.804573	-0.580345	-0.125946
16706	9.368377	0.544223	-0.291115	1.002779	-0.687506	0.286689	-0.108809	-0.076195	0.991138	-0.592868	0.805294	-0.003178	-0.797915	-0.587960	-0.132796
16707	10.030837	1.589442	-0.069590	1.038690	-0.653432	0.293870	-0.115776	-0.077648	0.990236	-0.600913	0.799278	-0.007583	-0.790885	-0.595924	-0.139197
16708	10.838510	2.551316	0.438729	0.907549	-0.559547	0.258131	-0.121803	-0.078940	0.989410	-0.607783	0.794020	-0.011471	-0.784706	-0.602744	-0.144692
16709	11.313622	2.619350	1.154119	0.669672	-0.412613	0.210572	-0.126400	-0.079637	0.988777	-0.612261	0.790521	-0.014599	-0.780487	-0.607235	-0.148681
16710	11.114177	2.804385	2.223458	0.453490	-0.259768	0.185493	-0.129621	-0.079750	0.988351	-0.615582	0.787886	-0.017158	-0.777340	-0.610636	-0.151219
16711	12.256037	3.359312	3.492308	0.315724	-0.165788	0.224499	-0.132373	-0.078864	0.988058	-0.617248	0.786516	-0.019917	-0.775553	-0.612513	-0.152792
16712	14.264858	3.341737	4.449900	0.106803	0.075426	0.299280	-0.133694	-0.076044	0.988101	-0.617704	0.786072	-0.023082	-0.774963	-0.613440	-0.152066
16713	14.581161	2.300065	5.018271	-0.276307	0.504503	0.372398	-0.132150	-0.069871	0.988764	-0.614483	0.788488	-0.026408	-0.777784	-0.611068	-0.147134
16714	14.604139	1.105916	6.055567	-0.689858	0.937204	0.408128	-0.127390	-0.060935	0.989979	-0.608595	0.792932	-0.029508	-0.783188	-0.606256	-0.138096
16715	14.457643	0.200796	6.820507	-1.038928	1.275852	0.411031	-0.119892	-0.049805	0.991537	-0.599212	0.799940	-0.032273	-0.791562	-0.598010	-0.125750
16716	12.596804	-0.539449	7.521412	-1.006731	1.495888	0.378266	-0.110302	-0.037871	0.993176	-0.590797	0.806066	-0.034878	-0.799245	-0.590612	-0.111285
16717	11.049500	-0.438659	7.599773	-0.592004	1.516506	0.359356	-0.100293	-0.025858	0.994622	-0.584878	0.810235	-0.037912	-0.804897	-0.585535	-0.096384
16718	10.463267	-0.190418	7.242094	-0.568915	1.624288	0.324323	-0.089127	-0.013741	0.995925	-0.580007	0.813595	-0.040680	-0.809721	-0.581270	-0.080483
16719	10.632768	-0.446877	6.268960	-0.665115	1.779393	0.280552	-0.076285	-0.001045	0.997086	-0.574588	0.817307	-0.043104	-0.814880	-0.576202	-0.062948
16720	11.524515	-0.962746	4.872635	-0.851049	1.911083	0.200302	-0.061855	0.011550	0.998018	-0.567519	0.822146	-0.044688	-0.821033	-0.569159	-0.044299
16721	12.553230	-1.369471	3.496182	-1.110172	2.034900	0.074630	-0.045492	0.023788	0.998681	-0.558588	0.828214	-0.045172	-0.828197	-0.559907	-0.024390
16722	13.380883	-1.335558	1.485583	-1.220485	2.104994	-0.054652	-0.027735	0.035016	0.999002	-0.548487	0.834975	-0.044494	-0.835699	-0.549173	-0.003952
16723	14.388282	-0.072323	0.067607	-0.840641	2.183611	-0.161750	-0.008552	0.045723	0.998918	-0.541745	0.839439	-0.043061	-0.840500	-0.541527	0.017591
16724	14.473133	1.821632	0.269364	-0.625876	2.175333	-0.191320	0.010741	0.055836	0.998382	-0.536507	0.842882	-0.041367	-0.843828	-0.535194	0.039010
16725	14.550677	2.122567	-1.852688	-0.824970	2.112940	-0.215527	0.029752	0.065396	0.997416	-0.529734	0.847232	-0.039748	-0.847642	-0.527182	0.059849
16726	15.736914	1.487449	-5.125237	-0.430605	2.342813	-0.192663	0.050585	0.076063	0.995819	-0.526040	0.849602	-0.038172	-0.848954	-0.521910	0.082990
16727	15.119739	0.829655	-3.186644	-1.030938	2.591484	-0.098655	0.073130	0.088746	0.993366	-0.517430	0.854869	-0.038280	-0.852595	-0.511198	0.108436
16728	14.005870	-2.319983	-2.534791	-2.220972	2.603090	-0.064490	0.095714	0.101232	0.990248	-0.498377	0.866021	-0.040361	-0.861661	-0.489653	0.133342
16729	12.377613	-5.530432	-2.702151	-2.513309	2.622472	-0.012995	0.118476	0.113779	0.986417	-0.476794	0.877913	-0.043997	-0.870994	-0.465105	0.158261
16730	11.160784	-7.343583	-3.364556	-1.831553	2.647650	0.098532	0.141088	0.126725	0.981853	-0.460963	0.886113	-0.048129	-0.876132	-0.445808	0.183436
16731	10.506911	-7.522590	-3.321869	-0.629526	2.618319	0.232605	0.162885	0.140487	0.976592	-0.456012	0.888468	-0.051753	-0.874941	-0.436908	0.208782
16732	10.366385	-6.478039	-2.891909	0.449635	2.555406	0.339473	0.183549	0.154686	0.970764	-0.460564	0.885977	-0.054093	-0.868442	-0.437170	0.233863
16733	9.982994	-4.796896	-2.750863	1.129491	2.445493	0.403225	0.202705	0.169180	0.964515	-0.471355	0.880206	-0.055330	-0.858333	-0.443413	0.258166
16734	9.249730	-2.662133	-3.092031	1.570629	2.312823	0.426609	0.220317	0.183304	0.958050	-0.485687	0.872386	-0.055223	-0.845913	-0.453146	0.281230
16735	8.622851	-0.633114	-3.367579	1.762828	2.171923	0.381636	0.236557	0.196738	0.951491	-0.501563	0.863445	-0.053836	-0.832151	-0.464497	0.302930
16736	7.803787	0.548622	-3.353709	1.613889	2.021979	0.314267	0.251596	0.208946	0.945009	-0.515700	0.855202	-0.051791	-0.818995	-0.474311	0.322918
16737	7.223891	0.362070	-3.272580	1.195934	1.808073	0.256619	0.264869	0.219930	0.938869	-0.526344	0.848780	-0.050338	-0.807964	-0.480835	0.340574
16738	6.871607	-0.462974	-3.654591	0.799854	1.620540	0.267551	0.276418	0.230028	0.933102	-0.533543	0.844289	-0.050079	-0.799328	-0.484007	0.356107
16739	6.749392	-0.766315	-3.990083	0.567656	1.482754	0.317347	0.286434	0.240046	0.927542	-0.539162	0.840653	-0.051061	-0.791997	-0.485470	0.370215
16740	5.953256	-0.920344	-3.808441	0.517932	1.414966	0.332654	0.295734	0.249727	0.922051	-0.544261	0.837290	-0.052207	-0.785062	-0.486397	0.383531
16741	4.949565	-0.679969	-3.420259	0.657931	1.324306	0.272292	0.304514	0.258598	0.916732	-0.550395	0.833269	-0.052227	-0.777391	-0.488661	0.396073
16742	4.383176	0.254492	-2.556855	0.689427	1.142620	0.224014	0.312059	0.266073	0.912044	-0.556467	0.829270	-0.051528	-0.770041	-0.491442	0.406842
16743	4.549953	0.781192	-1.697286	0.476679	0.937126	0.227183	0.317904	0.272691	0.908062	-0.560999	0.826200	-0.051707	-0.764341	-0.492984	0.415632
16744	4.568450	0.941074	-0.828305	0.244767	0.753619	0.229733	0.322303	0.278315	0.904799	-0.563648	0.824327	-0.052782	-0.760541	-0.492976	0.422554
16745	4.259246	1.050626	-0.343838	-0.060351	0.513213	0.231039	0.324827	0.282852	0.902487	-0.564079	0.823874	-0.055188	-0.759146	-0.491147	0.427167
16746	4.399698	0.486868	-0.218519	-0.507808	0.207020	0.257825	0.324894	0.286003	0.901469	-0.561103	0.825590	-0.059705	-0.761319	-0.486419	0.428707
16747	5.288877	-0.736783	-0.437226	-0.858257	-0.212951	0.340730	0.321295	0.287886	0.902159	-0.555775	0.828669	-0.066501	-0.766736	-0.480031	0.426247
16748	7.323763	-3.137235	-0.184031	-1.174513	-0.677764	0.387628	0.313874	0.287894	0.904765	-0.547997	0.833112	-0.074987	-0.775360	-0.472272	0.419257
16749	9.774076	-5.088244	1.451067	-1.293481	-0.775863	0.367590	0.305752	0.287423	0.907691	-0.539172	0.838022	-0.083745	-0.784735	-0.463796	0.411197
16750	10.215548	-5.216147	2.798731	-0.974801	-0.500969	0.279964	0.300248	0.287483	0.909508	-0.532385	0.841673	-0.090290	-0.791465	-0.457099	0.405762
16751	7.867682	-2.030965	4.608649	-0.245175	-0.301305	0.119125	0.297146	0.287215	0.910611	-0.530940	0.842353	-0.092433	-0.793604	-0.456014	0.402796
16752	6.295449	1.118470	5.317502	-0.366615	-0.586814	0.009533	0.292372	0.284640	0.912962	-0.528099	0.843963	-0.094006	-0.797264	-0.454650	0.397069
16753	7.137934	-0.375225	5.499076	-0.937928	-0.881534	0.014679	0.285155	0.280886	0.916400	-0.520776	0.848062	-0.097891	-0.804661	-0.449325	0.388108
16754	8.433900	-2.751287	7.854540	-0.852643	-1.010863	-0.037440	0.277122	0.276065	0.920322	-0.513826	0.851948	-0.100835	-0.811903	-0.444942	0.377942
16755	9.618888	-3.532624	9.950047	-0.256399	-0.983661	-0.190888	0.270014	0.270177	0.924174	-0.511379	0.853504	-0.100108	-0.815833	-0.445573	0.368621
16756	9.384176	-2.171383	11.800665	0.661968	-0.939899	-0.336064	0.264020	0.263102	0.927939	-0.515927	0.851392	-0.094605	-0.814931	-0.453771	0.360526
16757	8.726239	0.041266	11.111331	1.124300	-1.135743	-0.371071	0.256628	0.254873	0.932299	-0.524302	0.847051	-0.087246	-0.811942	-0.466416	0.351007
16758	8.925820	0.999770	9.342521	0.695201	-1.196264	-0.262162	0.248244	0.247038	0.936668	-0.529329	0.844404	-0.082417	-0.811286	-0.475346	0.340382
16759	8.990310	-0.706464	8.082080	0.245286	-0.976256	-0.176867	0.241178	0.241039	0.940071	-0.531095	0.843524	-0.080030	-0.812263	-0.479966	0.331454
16760	7.154126	-1.326910	5.105573	0.567660	-1.008541	-0.196465	0.233980	0.234522	0.943532	-0.535284	0.841215	-0.076349	-0.811618	-0.487194	0.322363
16761	7.988870	-0.420925	0.952747	1.000975	-1.402633	-0.262419	0.223951	0.225570	0.948137	-0.543016	0.836732	-0.070805	-0.809308	-0.498997	0.309875
16762	11.525501	0.107558	-1.119690	0.617234	-1.525444	-0.372079	0.213576	0.214797	0.953020	-0.547243	0.834413	-0.065425	-0.809265	-0.507560	0.295757
16763	14.391218	-0.135056	1.031558	-0.342682	-1.115111	-0.403210	0.206658	0.205917	0.956499	-0.543815	0.836862	-0.062666	-0.813362	-0.507208	0.284925
16764	12.863552	-1.257434	2.536520	-0.918761	-0.627846	-0.296795	0.203076	0.200275	0.958462	-0.535751	0.842064	-0.062440	-0.819592	-0.500817	0.278301
16765	10.625989	-3.525672	2.911056	-1.114581	-0.550275	-0.238695	0.199747	0.195662	0.960113	-0.526288	0.847946	-0.063312	-0.826512	-0.492649	0.272349
16766	10.448271	-4.337562	2.362172	-0.715271	-0.693749	-0.284459	0.195426	0.189858	0.962165	-0.519842	0.851971	-0.062529	-0.831609	-0.487954	0.265194
16767	12.087242	-2.176643	2.158743	-0.340559	-0.770803	-0.313167	0.190556	0.183583	0.964358	-0.516612	0.854079	-0.060508	-0.834746	-0.486669	0.257592
16768	12.565993	-0.702339	2.348997	-0.398881	-0.647323	-0.303646	0.186648	0.177859	0.966193	-0.512750	0.856535	-0.058621	-0.838004	-0.484474	0.251068
16769	11.195360	-1.151106	1.401578	-0.361006	-0.611017	-0.307080	0.183018	0.172422	0.967871	-0.509364	0.858684	-0.056653	-0.840864	-0.482630	0.244980
16770	9.693250	-2.046379	-0.158055	0.023490	-0.734303	-0.356734	0.178599	0.165825	0.969848	-0.508963	0.859145	-0.053170	-0.842056	-0.484121	0.237841
16771	9.623792	-2.335744	-1.561451	0.377558	-0.815476	-0.389711	0.173655	0.158657	0.971942	-0.511659	0.857812	-0.048610	-0.841456	-0.488862	0.230141
16772	9.774778	-1.701177	-2.128426	0.742829	-0.857014	-0.401488	0.168462	0.151012	0.974072	-0.517260	0.854744	-0.043054	-0.839084	-0.496596	0.222104
16773	9.560704	0.005046	-2.501659	0.992212	-0.972292	-0.387588	0.162272	0.142965	0.976334	-0.525118	0.850215	-0.037220	-0.835415	-0.506651	0.213040
16774	10.150374	1.415162	-1.949349	0.870707	-1.018879	-0.389901	0.155779	0.134466	0.978597	-0.531805	0.846276	-0.031628	-0.832416	-0.515495	0.203341
16775	10.060054	1.635741	-0.971509	0.405891	-0.982118	-0.400171	0.149675	0.126107	0.980660	-0.534731	0.844591	-0.026995	-0.831661	-0.520349	0.193847
16776	9.673194	0.556381	-0.393330	-0.029837	-0.989874	-0.381124	0.143413	0.117746	0.982633	-0.533969	0.845182	-0.023344	-0.833252	-0.521348	0.184083
16777	9.727490	-0.606163	-0.088572	-0.207014	-0.987439	-0.320318	0.136817	0.109993	0.984471	-0.531952	0.846523	-0.020652	-0.835649	-0.520865	0.174329
16778	9.975226	-0.369960	0.560895	-0.115824	-0.947315	-0.261389	0.130223	0.102859	0.986135	-0.530679	0.847375	-0.018308	-0.837509	-0.520937	0.164933
16779	10.037287	1.299100	1.410371	0.001588	-0.925209	-0.243356	0.123698	0.096063	0.987659	-0.530523	0.847520	-0.015989	-0.838597	-0.521998	0.155800
16780	9.897686	2.631401	1.639285	-0.133507	-0.903803	-0.245669	0.117354	0.089278	0.989069	-0.529151	0.848416	-0.013798	-0.840373	-0.521747	0.146807
16781	9.869073	2.742820	1.736057	-0.381362	-0.846857	-0.274773	0.111615	0.082618	0.990311	-0.525759	0.850553	-0.011702	-0.843279	-0.519359	0.138371
16782	9.789443	1.833939	2.056953	-0.509974	-0.773493	-0.295416	0.106567	0.076114	0.991388	-0.521172	0.853399	-0.009497	-0.846772	-0.515672	0.130613
16783	9.610776	0.638172	2.215134	-0.451525	-0.725693	-0.283332	0.101827	0.070031	0.992334	-0.517157	0.855859	-0.007332	-0.849812	-0.512445	0.123367
16784	9.768206	-0.279702	2.199821	-0.239180	-0.666245	-0.252449	0.097404	0.064475	0.993154	-0.514915	0.857226	-0.005150	-0.851690	-0.510888	0.116697
