// General information: 
//  MT Manager version: 2022.2.0 
//  XDA version: 2022.2.0 build 7381 rev 124627 built on 2023-07-19
// Device information: 
//  DeviceId: 00B4CAF0
//  ProductCode: MTW2-3A7G6
//  Firmware Version: 4.6.0
//  Hardware Version: 2.0.0
// Device settings: 
//  Filter Profile: human(46.1)
//  Option Flags: Orientation Smoother Disabled, Position/Velocity Smoother Disabled, Continuous Zero Rotation Update Disabled, AHS Disabled, ICC Disabled
// Coordinate system: ENU
PacketCounter	Acc_X	Acc_Y	Acc_Z	Gyr_X	Gyr_Y	Gyr_Z	Mat[1][1]	Mat[2][1]	Mat[3][1]	Mat[1][2]	Mat[2][2]	Mat[3][2]	Mat[1][3]	Mat[2][3]	Mat[3][3]
51042	5.999024	0.341696	8.263531	0.004494	0.008614	0.003622	-0.811386	-0.002007	0.584508	0.032749	-0.998579	0.042033	0.583593	0.053247	0.810299
51043	6.040840	0.380530	8.280618	0.002975	0.007357	0.001749	-0.811422	-0.002001	0.584457	0.032753	-0.998578	0.042053	0.583542	0.053265	0.810334
51044	6.006251	0.318065	8.298281	0.004057	0.011079	0.001291	-0.811467	-0.001970	0.584395	0.032697	-0.998581	0.042036	0.583483	0.053219	0.810379
51045	5.974619	0.358980	8.318166	0.003499	0.011728	0.006993	-0.811527	-0.002019	0.584312	0.032746	-0.998580	0.042029	0.583397	0.053242	0.810440
51046	5.995727	0.342070	8.265908	0.001877	0.011898	0.001665	-0.811605	-0.001976	0.584203	0.032664	-0.998583	0.042001	0.583293	0.053171	0.810520
51047	5.988530	0.364481	8.301852	-0.001012	0.011376	0.002830	-0.811664	-0.001984	0.584121	0.032653	-0.998585	0.041982	0.583211	0.053149	0.810580
51048	5.971773	0.358804	8.320217	0.004872	0.010995	0.003956	-0.811705	-0.001915	0.584065	0.032564	-0.998588	0.041982	0.583160	0.053096	0.810620
51049	6.002583	0.370084	8.285445	0.001983	0.010473	0.005121	-0.811758	-0.001944	0.583991	0.032588	-0.998587	0.041974	0.583084	0.053104	0.810674
51050	5.976187	0.336215	8.286294	0.001548	0.012938	0.002790	-0.811809	-0.001868	0.583919	0.032474	-0.998592	0.041953	0.583019	0.053020	0.810727
51051	5.999321	0.370844	8.252458	0.005958	0.014718	0.003500	-0.811888	-0.001883	0.583810	0.032508	-0.998589	0.041987	0.582908	0.053067	0.810804
51052	5.966505	0.359606	8.288656	0.000510	0.012635	0.004704	-0.811949	-0.001895	0.583725	0.032465	-0.998594	0.041917	0.582825	0.052985	0.810869
51053	5.972762	0.336081	8.288769	0.000556	0.016054	0.006161	-0.812035	-0.001938	0.583606	0.032490	-0.998594	0.041891	0.582704	0.052978	0.810956
51054	5.995651	0.370211	8.255153	-0.000917	0.018217	0.005744	-0.812141	-0.002022	0.583457	0.032503	-0.998598	0.041782	0.582555	0.052897	0.811068
51055	5.946547	0.353166	8.309326	0.003015	0.019043	0.002668	-0.812245	-0.002032	0.583313	0.032514	-0.998597	0.041796	0.582409	0.052914	0.811172
51056	5.977927	0.363574	8.309531	-0.000583	0.017180	0.004621	-0.812314	-0.002048	0.583217	0.032470	-0.998602	0.041718	0.582316	0.052825	0.811245
51057	5.918119	0.319120	8.311595	0.003829	0.018960	0.005334	-0.812416	-0.002084	0.583074	0.032506	-0.998600	0.041724	0.582171	0.052851	0.811347
51058	5.942644	0.352903	8.312129	0.001896	0.003638	0.002209	-0.812396	-0.002057	0.583103	0.032447	-0.998604	0.041684	0.582203	0.052784	0.811328
51059	5.966581	0.387383	8.277779	0.003084	0.005934	0.005207	-0.812422	-0.002085	0.583066	0.032478	-0.998603	0.041684	0.582164	0.052802	0.811355
51060	5.943096	0.352201	8.347114	0.003370	0.001476	0.002627	-0.812402	-0.002076	0.583094	0.032443	-0.998606	0.041646	0.582194	0.052750	0.811337
51061	5.990656	0.369134	8.294115	0.002660	0.000134	0.003417	-0.812395	-0.002083	0.583103	0.032457	-0.998605	0.041653	0.582203	0.052764	0.811329
51062	5.982211	0.340237	8.311058	0.003471	0.000050	0.006082	-0.812380	-0.002160	0.583125	0.032500	-0.998607	0.041578	0.582222	0.052728	0.811318
51063	5.980926	0.341033	8.276666	0.002938	0.003942	0.000295	-0.812396	-0.002138	0.583102	0.032490	-0.998606	0.041605	0.582200	0.052745	0.811333
51064	5.981688	0.340500	8.311424	0.005267	0.005115	0.004836	-0.812438	-0.002186	0.583043	0.032514	-0.998607	0.041561	0.582140	0.052723	0.811378
51065	5.956871	0.358946	8.295611	0.003417	0.004896	0.004084	-0.812459	-0.002203	0.583014	0.032538	-0.998606	0.041570	0.582109	0.052744	0.811398
51066	5.996615	0.346306	8.294422	0.004505	0.008619	0.003628	-0.812429	-0.002256	0.583055	0.032565	-0.998607	0.041513	0.582149	0.052713	0.811371
51067	5.972727	0.364040	8.313249	0.002276	0.006020	0.002542	-0.812457	-0.002257	0.583017	0.032570	-0.998607	0.041521	0.582110	0.052723	0.811399
51068	5.932143	0.376815	8.315031	0.004180	0.001393	0.005293	-0.812436	-0.002292	0.583046	0.032577	-0.998609	0.041469	0.582139	0.052685	0.811380
51069	5.978677	0.341561	8.278269	0.002661	0.000135	0.003417	-0.812429	-0.002299	0.583055	0.032591	-0.998608	0.041475	0.582148	0.052698	0.811373
51070	5.948134	0.382721	8.297261	0.008498	-0.003668	0.003093	-0.812399	-0.002324	0.583097	0.032619	-0.998607	0.041467	0.582188	0.052708	0.811344
51071	5.972835	0.364733	8.313141	0.004465	-0.003066	0.002713	-0.812374	-0.002322	0.583132	0.032638	-0.998606	0.041492	0.582222	0.052739	0.811317
51072	5.979484	0.342393	8.277651	0.004087	-0.005447	0.002379	-0.812350	-0.002395	0.583165	0.032687	-0.998607	0.041431	0.582253	0.052719	0.811296
51073	5.964059	0.337038	8.294994	0.005938	-0.005228	0.003131	-0.812312	-0.002397	0.583218	0.032718	-0.998604	0.041466	0.582305	0.052765	0.811257
51074	5.998361	0.347147	8.328410	0.005175	-0.001724	0.001923	-0.812274	-0.002307	0.583272	0.032621	-0.998607	0.041480	0.582363	0.052720	0.811217
51075	6.020669	0.330515	8.275392	0.005175	-0.001724	0.001923	-0.812257	-0.002298	0.583296	0.032638	-0.998605	0.041515	0.582386	0.052758	0.811198
51076	5.980399	0.343483	8.276945	0.003371	0.001477	0.002627	-0.812225	-0.002206	0.583340	0.032526	-0.998608	0.041511	0.582437	0.052690	0.811167
51077	6.012081	0.354860	8.241628	0.006365	0.000574	0.004921	-0.812220	-0.002228	0.583347	0.032573	-0.998606	0.041539	0.582441	0.052740	0.811160
51078	5.956883	0.361745	8.295481	0.006163	0.003423	-0.001990	-0.812229	-0.002111	0.583336	0.032455	-0.998608	0.041577	0.582436	0.052703	0.811166
51079	5.957913	0.361375	8.330036	0.003804	-0.000986	0.004960	-0.812214	-0.002132	0.583355	0.032488	-0.998607	0.041584	0.582454	0.052727	0.811152
51080	5.989711	0.372641	8.294640	0.004514	0.000355	0.004169	-0.812189	-0.002135	0.583391	0.032469	-0.998609	0.041548	0.582491	0.052687	0.811128
51081	5.987788	0.321394	8.276199	0.005229	-0.006569	0.003923	-0.812142	-0.002144	0.583455	0.032502	-0.998607	0.041571	0.582553	0.052725	0.811080
51082	5.991327	0.372326	8.328772	0.005224	0.001697	0.003379	-0.812091	-0.002162	0.583527	0.032503	-0.998608	0.041534	0.582625	0.052696	0.811031
51083	5.989121	0.320988	8.310541	0.001953	-0.001205	0.004208	-0.812076	-0.002176	0.583548	0.032519	-0.998608	0.041530	0.582645	0.052702	0.811016
51084	5.980486	0.345008	8.276819	0.005603	0.004078	0.003711	-0.812094	-0.002143	0.583523	0.032470	-0.998610	0.041523	0.582623	0.052668	0.811035
51085	5.997214	0.350145	8.293828	0.004083	0.002819	0.001836	-0.812103	-0.002135	0.583510	0.032479	-0.998608	0.041549	0.582610	0.052694	0.811042
51086	5.987324	0.321967	8.276512	0.000528	0.004378	0.005244	-0.812124	-0.002174	0.583481	0.032465	-0.998612	0.041466	0.582581	0.052618	0.811068
51087	5.946788	0.334814	8.278257	0.006265	0.001999	0.001465	-0.812128	-0.002162	0.583475	0.032483	-0.998610	0.041512	0.582574	0.052666	0.811070
51088	5.924816	0.352216	8.330995	0.006270	-0.006267	0.002011	-0.812085	-0.002151	0.583536	0.032463	-0.998611	0.041497	0.582636	0.052643	0.811027
51089	5.991129	0.373493	8.328862	0.005229	-0.006568	0.003925	-0.812038	-0.002160	0.583600	0.032496	-0.998609	0.041520	0.582699	0.052681	0.810979
51090	5.988392	0.323005	8.275700	0.005561	-0.007607	0.002802	-0.811997	-0.002177	0.583658	0.032504	-0.998610	0.041494	0.582756	0.052664	0.810939
51091	5.999780	0.350726	8.327238	0.003709	-0.007826	0.002050	-0.811944	-0.002167	0.583732	0.032512	-0.998609	0.041516	0.582830	0.052687	0.810885
51092	6.014840	0.357494	8.274799	0.010632	0.000358	0.000722	-0.811899	-0.002140	0.583795	0.032506	-0.998608	0.041546	0.582893	0.052707	0.810838
51093	6.023536	0.334088	8.308461	0.005610	-0.004186	0.004257	-0.811866	-0.002153	0.583840	0.032543	-0.998605	0.041570	0.582936	0.052749	0.810804
51094	5.991631	0.375771	8.293112	0.001949	0.007061	0.003661	-0.811880	-0.002143	0.583821	0.032493	-0.998609	0.041520	0.582920	0.052679	0.810820
51095	6.014503	0.358176	8.275015	0.004084	0.002820	0.001836	-0.811889	-0.002136	0.583809	0.032501	-0.998608	0.041546	0.582907	0.052705	0.810828
51096	5.965366	0.342361	8.293836	0.005985	0.006460	0.004042	-0.811899	-0.002155	0.583793	0.032502	-0.998609	0.041516	0.582892	0.052681	0.810840
51097	5.997640	0.353047	8.293397	0.004513	0.008622	0.003622	-0.811941	-0.002169	0.583735	0.032528	-0.998607	0.041534	0.582832	0.052711	0.810881
51098	5.964198	0.342721	8.294661	0.005276	0.005120	0.004833	-0.811933	-0.002163	0.583747	0.032503	-0.998609	0.041508	0.582846	0.052675	0.810874
51099	5.963968	0.342649	8.294829	-0.001371	0.000739	0.003036	-0.811929	-0.002167	0.583753	0.032490	-0.998611	0.041482	0.582852	0.052647	0.810871
51100	5.973576	0.370885	8.312336	0.008552	-0.000244	0.004552	-0.811880	-0.002136	0.583820	0.032465	-0.998611	0.041493	0.582921	0.052641	0.810822
51101	5.964093	0.342842	8.294732	0.001244	-0.002544	0.005000	-0.811857	-0.002157	0.583853	0.032482	-0.998611	0.041478	0.582952	0.052639	0.810799
51102	6.004311	0.329822	8.293227	0.000531	0.004381	0.005243	-0.811842	-0.002152	0.583873	0.032428	-0.998616	0.041409	0.582975	0.052551	0.810788
51103	5.955357	0.313713	8.311916	0.004517	0.000358	0.004170	-0.811836	-0.002167	0.583882	0.032458	-0.998614	0.041424	0.582983	0.052581	0.810781
51104	5.979797	0.348377	8.277176	0.007031	-0.001504	0.002677	-0.811821	-0.002169	0.583902	0.032453	-0.998615	0.041412	0.583003	0.052568	0.810767
51105	5.955449	0.367105	8.260996	0.005558	0.000658	0.002256	-0.811817	-0.002164	0.583907	0.032473	-0.998613	0.041447	0.583008	0.052608	0.810762
51106	5.948215	0.337996	8.312385	0.006651	-0.003885	0.002346	-0.811827	-0.002097	0.583895	0.032402	-0.998615	0.041463	0.582999	0.052580	0.810770
51107	6.029149	0.365447	8.258151	0.004088	-0.005445	0.002385	-0.811787	-0.002091	0.583950	0.032414	-0.998613	0.041485	0.583054	0.052605	0.810729
51108	5.973346	0.372938	8.277127	0.006321	-0.002844	0.003468	-0.811752	-0.002081	0.583999	0.032394	-0.998615	0.041468	0.583103	0.052580	0.810695
51109	6.005358	0.331383	8.292407	0.001244	-0.002542	0.005001	-0.811728	-0.002102	0.584031	0.032411	-0.998615	0.041452	0.583135	0.052577	0.810672
51110	5.982299	0.349046	8.310629	0.004138	-0.002023	0.003839	-0.811723	-0.002145	0.584039	0.032426	-0.998616	0.041399	0.583142	0.052543	0.810669
51111	5.997259	0.355510	8.258276	0.005509	-0.002763	0.000803	-0.811699	-0.002124	0.584072	0.032434	-0.998614	0.041442	0.583175	0.052582	0.810643
51112	5.982656	0.349624	8.310348	0.004849	-0.000682	0.003048	-0.811673	-0.002150	0.584108	0.032438	-0.998616	0.041400	0.583210	0.052550	0.810620
51113	5.971921	0.322270	8.258334	0.004519	0.000359	0.004170	-0.811667	-0.002165	0.584116	0.032467	-0.998614	0.041415	0.583217	0.052580	0.810613
51114	5.925557	0.357962	8.294944	0.006652	-0.003884	0.002346	-0.811602	-0.002143	0.584207	0.032441	-0.998616	0.041406	0.583309	0.052557	0.810548
51115	5.943122	0.363428	8.311334	0.009929	-0.009248	0.002067	-0.811540	-0.002131	0.584293	0.032485	-0.998611	0.041477	0.583393	0.052641	0.810482
51116	5.942995	0.311891	8.326950	0.006275	-0.014529	0.002567	-0.811425	-0.002078	0.584453	0.032432	-0.998613	0.041477	0.583556	0.052610	0.810367
51117	5.988123	0.402898	8.326110	0.004806	-0.020631	0.002699	-0.811296	-0.002067	0.584632	0.032451	-0.998611	0.041502	0.583734	0.052643	0.810236
51118	6.020279	0.362165	8.305950	0.005568	-0.015868	0.003360	-0.811167	-0.002059	0.584811	0.032436	-0.998613	0.041475	0.583914	0.052612	0.810109
51119	6.005838	0.356877	8.322609	0.005189	-0.018248	0.003030	-0.811052	-0.002052	0.584970	0.032460	-0.998611	0.041502	0.584072	0.052648	0.809992
51120	6.031685	0.391425	8.286781	0.004860	-0.017206	0.004153	-0.810932	-0.002099	0.585137	0.032492	-0.998612	0.041447	0.584238	0.052623	0.809875
51121	6.048825	0.344230	8.319045	0.002398	-0.011922	0.007098	-0.810852	-0.002137	0.585247	0.032532	-0.998612	0.041427	0.584346	0.052631	0.809796
51122	6.031559	0.339917	8.267076	0.003333	-0.010203	0.001726	-0.810794	-0.002068	0.585328	0.032444	-0.998615	0.041414	0.584431	0.052568	0.809739
51123	6.055144	0.322443	8.248423	0.007087	0.001920	0.004126	-0.810797	-0.002082	0.585324	0.032487	-0.998612	0.041449	0.584425	0.052622	0.809739
51124	6.024404	0.363712	8.267568	0.002564	0.001560	-0.000041	-0.810775	-0.002019	0.585354	0.032396	-0.998616	0.041428	0.584460	0.052552	0.809719
51125	5.961791	0.393920	8.322241	0.006322	0.005421	0.002912	-0.810799	-0.002024	0.585322	0.032426	-0.998614	0.041464	0.584426	0.052598	0.809740
51126	5.984518	0.376336	8.304216	0.001955	0.007063	0.003655	-0.810846	-0.002031	0.585256	0.032390	-0.998617	0.041410	0.584363	0.052533	0.809790
51127	5.943047	0.337318	8.322234	0.006986	-0.004923	0.001223	-0.810809	-0.002013	0.585307	0.032410	-0.998614	0.041461	0.584413	0.052587	0.809751
51128	6.022657	0.312604	8.284360	0.002999	-0.000900	0.002295	-0.810742	-0.002015	0.585400	0.032385	-0.998617	0.041415	0.584507	0.052535	0.809686
51129	6.039533	0.317584	8.301258	0.000760	0.004761	0.000659	-0.810763	-0.001997	0.585372	0.032364	-0.998618	0.041419	0.584480	0.052526	0.809706
51130	5.997483	0.331267	8.268786	0.006269	0.010262	0.000906	-0.810821	-0.001954	0.585291	0.032308	-0.998619	0.041425	0.584402	0.052498	0.809764
51131	6.019907	0.314094	8.250980	0.008454	0.009441	0.000535	-0.810868	-0.001936	0.585225	0.032331	-0.998616	0.041492	0.584335	0.052565	0.809808
51132	6.022307	0.365454	8.304336	0.004033	0.015924	-0.000730	-0.810940	-0.001883	0.585126	0.032253	-0.998618	0.041487	0.584239	0.052515	0.809881
51133	6.050497	0.325382	8.251718	0.003324	0.014585	0.000063	-0.811018	-0.001864	0.585018	0.032241	-0.998618	0.041515	0.584132	0.052531	0.809957
51134	6.129064	0.352564	8.199133	0.003477	0.033117	0.003862	-0.811188	-0.001887	0.584782	0.032218	-0.998620	0.041469	0.583897	0.052479	0.810130
51135	5.996710	0.362314	8.223083	0.003483	0.041384	0.003309	-0.811421	-0.001914	0.584459	0.032233	-0.998619	0.041479	0.583572	0.052496	0.810363
51136	6.016454	0.344517	8.207308	0.002502	0.044513	0.006677	-0.811692	-0.001957	0.584083	0.032212	-0.998622	0.041419	0.583197	0.052434	0.810636
51137	6.045521	0.302000	8.260114	0.000709	0.047722	0.007378	-0.811960	-0.002028	0.583710	0.032245	-0.998623	0.041383	0.582822	0.052423	0.810907
51138	6.090118	0.317586	8.244686	0.001868	0.054876	0.008372	-0.812242	-0.002132	0.583317	0.032271	-0.998626	0.041286	0.582427	0.052358	0.811195
51139	6.094693	0.345496	8.265893	0.004512	0.068138	0.009237	-0.812628	-0.002232	0.582778	0.032340	-0.998624	0.041270	0.581885	0.052385	0.811582
51140	6.024030	0.323491	8.306370	-0.005767	0.075022	0.006830	-0.813039	-0.002243	0.582204	0.032226	-0.998633	0.041156	0.581316	0.052223	0.812000
51141	6.032156	0.329171	8.259178	0.004548	0.089554	0.006144	-0.813550	-0.002323	0.581490	0.032270	-0.998631	0.041158	0.580599	0.052249	0.812512
51142	6.001394	0.346684	8.282858	0.001025	0.091142	0.009553	-0.814090	-0.002444	0.580734	0.032288	-0.998635	0.041059	0.579841	0.052176	0.813057
51143	5.936338	0.353855	8.273012	-0.003188	0.099666	0.013200	-0.814655	-0.002601	0.579939	0.032345	-0.998637	0.040958	0.579043	0.052124	0.813629
51144	5.945414	0.357845	8.295579	-0.001797	0.090668	0.010729	-0.815140	-0.002746	0.579257	0.032370	-0.998642	0.040817	0.578359	0.052022	0.814122
51145	5.942884	0.282403	8.282402	0.000870	0.095682	0.012163	-0.815682	-0.002890	0.578494	0.032442	-0.998642	0.040755	0.577591	0.052011	0.814668
51146	5.910189	0.247672	8.322679	0.004531	0.097566	0.010236	-0.816191	-0.002975	0.577775	0.032445	-0.998645	0.040690	0.576871	0.051957	0.815181
51147	5.861142	0.261058	8.294996	0.005560	0.094457	0.006882	-0.816725	-0.003066	0.577018	0.032501	-0.998643	0.040697	0.576111	0.051992	0.815717
51148	5.919212	0.281873	8.299354	0.004877	0.093137	0.007680	-0.817212	-0.003156	0.576328	0.032515	-0.998645	0.040638	0.575419	0.051949	0.816207
51149	5.895892	0.329136	8.271579	0.007082	0.097190	0.005330	-0.817762	-0.003232	0.575548	0.032568	-0.998642	0.040666	0.574635	0.051999	0.816756
51150	5.911390	0.311787	8.259163	0.012285	0.095486	0.007296	-0.818271	-0.003294	0.574823	0.032598	-0.998640	0.040681	0.573907	0.052026	0.817266
51151	5.896932	0.105030	8.295996	0.015552	0.099840	0.003042	-0.818835	-0.003349	0.574019	0.032679	-0.998633	0.040791	0.573098	0.052160	0.817825
51152	5.995179	-0.116084	8.330973	0.024565	0.111514	-0.008949	-0.819450	-0.003233	0.573141	0.032622	-0.998626	0.041009	0.572221	0.052302	0.818430
51153	5.992832	0.093348	8.410978	0.036248	0.142784	-0.025492	-0.820267	-0.003025	0.571973	0.032588	-0.998609	0.041452	0.571052	0.052641	0.819225
51154	5.773134	0.697464	8.449946	0.033438	0.147183	-0.026328	-0.821110	-0.002807	0.570763	0.032484	-0.998597	0.041822	0.569845	0.052881	0.820049
51155	5.607274	0.906371	8.549163	0.022781	0.114263	-0.016579	-0.821758	-0.002674	0.569830	0.032445	-0.998586	0.042103	0.568912	0.053087	0.820683
51156	5.594441	0.806808	8.448993	0.020904	0.070302	0.000668	-0.822061	-0.002637	0.569394	0.032455	-0.998581	0.042232	0.568474	0.053197	0.820979
51157	5.721437	0.566724	8.497890	0.013370	0.027072	0.012137	-0.822203	-0.002745	0.569188	0.032598	-0.998574	0.042273	0.568261	0.053312	0.821120
51158	5.791143	0.336526	8.356662	0.016402	0.024752	0.017922	-0.822276	-0.002886	0.569082	0.032750	-0.998570	0.042257	0.568146	0.053385	0.821194
51159	5.843668	0.224958	8.407003	0.016189	0.009564	0.015554	-0.822317	-0.003019	0.569022	0.032937	-0.998562	0.042302	0.568076	0.053528	0.821234
51160	5.839027	0.121772	8.441071	0.020276	0.028417	0.007972	-0.822412	-0.003045	0.568884	0.033014	-0.998556	0.042382	0.567933	0.053637	0.821325
51161	5.672351	0.301270	8.481738	0.027034	0.022871	0.000897	-0.822534	-0.003039	0.568708	0.033142	-0.998542	0.042599	0.567750	0.053888	0.821435
51162	5.625880	0.391282	8.501297	0.025874	-0.003997	-0.005051	-0.822451	-0.002973	0.568829	0.033193	-0.998533	0.042774	0.567867	0.054061	0.821343
51163	5.823746	0.457355	8.429799	0.029677	-0.024654	-0.004985	-0.822304	-0.002882	0.569041	0.033288	-0.998518	0.043046	0.568074	0.054339	0.821182
51164	5.992539	0.386362	8.321819	0.018448	-0.014612	-0.004132	-0.822168	-0.002775	0.569238	0.033262	-0.998514	0.043174	0.568272	0.054431	0.821038
51165	5.926123	0.315163	8.372976	0.028993	0.001998	0.000183	-0.822171	-0.002750	0.569234	0.033395	-0.998499	0.043411	0.568260	0.054701	0.821029
51166	6.078638	0.289238	8.371464	0.023354	0.027296	-0.002666	-0.822300	-0.002688	0.569048	0.033417	-0.998491	0.043573	0.568072	0.054846	0.821149
51167	5.900412	0.388841	8.411404	0.023182	0.040100	-0.000644	-0.822520	-0.002675	0.568730	0.033510	-0.998480	0.043767	0.567748	0.055057	0.821359
51168	5.701070	0.379261	8.433390	0.011678	0.049776	0.004781	-0.822764	-0.002707	0.568377	0.033532	-0.998478	0.043783	0.567394	0.055082	0.821602
51169	5.673078	0.345402	8.469652	0.004055	0.017676	0.008813	-0.822852	-0.002777	0.568248	0.033594	-0.998477	0.043766	0.567261	0.055103	0.821692
51170	5.678160	0.499717	8.489173	-0.005290	-0.007761	0.014977	-0.822744	-0.002867	0.568406	0.033594	-0.998485	0.043590	0.567419	0.054958	0.821593
51171	5.633969	0.585295	8.507265	-0.019646	-0.024581	0.022064	-0.822588	-0.003045	0.568630	0.033630	-0.998496	0.043302	0.567642	0.054743	0.821453
51172	5.828581	0.490087	8.415414	-0.027527	-0.052179	0.028669	-0.822224	-0.003222	0.569155	0.033596	-0.998515	0.042882	0.568172	0.054380	0.821111
51173	6.014309	0.312871	8.425341	-0.023058	-0.045515	0.027429	-0.821947	-0.003443	0.569553	0.033657	-0.998528	0.042536	0.568568	0.054131	0.820853
51174	5.942027	0.260253	8.406379	-0.028016	-0.022309	0.022344	-0.821751	-0.003528	0.569836	0.033528	-0.998548	0.042169	0.568860	0.053758	0.820676
51175	5.872580	0.311164	8.424219	-0.018131	-0.017011	0.018502	-0.821639	-0.003675	0.569997	0.033543	-0.998558	0.041914	0.569021	0.053558	0.820577
51176	5.847908	0.275399	8.388673	-0.020368	-0.014764	0.015392	-0.821516	-0.003772	0.570173	0.033464	-0.998573	0.041610	0.569203	0.053263	0.820470
51177	5.804016	0.360115	8.441608	-0.018901	-0.012073	0.013825	-0.821434	-0.003875	0.570291	0.033436	-0.998584	0.041375	0.569323	0.053055	0.820400
51178	5.879214	0.408199	8.354239	-0.016729	-0.017760	0.015481	-0.821294	-0.003946	0.570492	0.033359	-0.998597	0.041117	0.569529	0.052800	0.820273
51179	5.950052	0.299793	8.350881	-0.018565	-0.013118	0.012707	-0.821206	-0.004038	0.570618	0.033324	-0.998608	0.040892	0.569658	0.052596	0.820197
51180	5.973658	0.279936	8.298222	-0.021243	0.001557	0.016207	-0.821153	-0.004143	0.570694	0.033237	-0.998624	0.040574	0.569740	0.052285	0.820160
51181	5.877254	0.297107	8.386642	-0.014657	0.013658	0.009152	-0.821218	-0.004213	0.570599	0.033195	-0.998632	0.040400	0.569648	0.052118	0.820235
51182	5.814049	0.377776	8.389571	-0.018897	0.012478	0.016769	-0.821230	-0.004383	0.570580	0.033173	-0.998646	0.040074	0.569632	0.051838	0.820264
51183	5.829395	0.380743	8.372910	-0.018236	0.010382	0.014529	-0.821276	-0.004505	0.570514	0.033154	-0.998656	0.039841	0.569568	0.051635	0.820321
51184	5.827706	0.325876	8.424330	-0.017263	0.002374	0.013170	-0.821251	-0.004559	0.570549	0.033050	-0.998669	0.039593	0.569609	0.051373	0.820309
51185	5.734272	0.217433	8.441338	-0.016529	0.003719	0.012387	-0.821259	-0.004656	0.570536	0.033024	-0.998678	0.039386	0.569599	0.051188	0.820327
51186	5.731148	0.342380	8.443236	-0.013528	-0.012004	0.007760	-0.821181	-0.004604	0.570650	0.032858	-0.998690	0.039227	0.569722	0.050963	0.820256
51187	5.916846	0.271141	8.421620	-0.011422	-0.016275	0.005952	-0.821077	-0.004626	0.570799	0.032808	-0.998697	0.039099	0.569874	0.050830	0.820158
51188	5.902115	0.317433	8.353056	-0.015675	-0.001448	0.004111	-0.821009	-0.004638	0.570896	0.032675	-0.998710	0.038876	0.569979	0.050572	0.820102
51189	5.875383	0.459965	8.372987	-0.024345	-0.004411	0.010969	-0.820971	-0.004717	0.570950	0.032592	-0.998723	0.038613	0.570038	0.050309	0.820076
51190	5.904421	0.364985	8.336373	-0.018521	-0.003380	0.008703	-0.820918	-0.004752	0.571026	0.032469	-0.998736	0.038366	0.570122	0.050036	0.820035
51191	5.836929	0.290394	8.353320	-0.016653	0.001702	0.007476	-0.820916	-0.004799	0.571028	0.032400	-0.998745	0.038186	0.570129	0.049849	0.820042
51192	5.604036	0.342096	8.461100	-0.003893	0.002632	0.004497	-0.820917	-0.004757	0.571028	0.032295	-0.998752	0.038106	0.570134	0.049723	0.820045
51193	5.583077	0.358573	8.546960	0.001665	-0.040929	-0.001117	-0.820674	-0.004697	0.571377	0.032260	-0.998752	0.038125	0.570485	0.049721	0.819801
51194	5.683566	0.339288	8.490639	0.010150	-0.059429	-0.004897	-0.820275	-0.004532	0.571951	0.032157	-0.998752	0.038204	0.571064	0.049730	0.819398
51195	5.774690	0.240372	8.431764	0.012821	-0.083808	-0.004407	-0.819788	-0.004418	0.572650	0.032159	-0.998747	0.038333	0.571763	0.049841	0.818904
51196	5.977608	0.305488	8.321451	0.013123	-0.078559	-0.010978	-0.819318	-0.004282	0.573323	0.032102	-0.998746	0.038416	0.572440	0.049880	0.818428
51197	5.949976	0.243360	8.403034	0.005309	-0.062146	-0.009429	-0.818956	-0.004128	0.573842	0.032021	-0.998745	0.038513	0.572963	0.049915	0.818060
51198	5.960391	0.399978	8.384708	0.010627	-0.056993	-0.004542	-0.818615	-0.003992	0.574329	0.031940	-0.998745	0.038584	0.573454	0.049930	0.817715
51199	5.858821	0.393504	8.383133	0.008791	-0.052346	-0.007308	-0.818307	-0.003864	0.574768	0.031896	-0.998742	0.038697	0.573895	0.049999	0.817401
51200	5.270812	0.386204	8.511311	0.021488	-0.054843	-0.011767	-0.817943	-0.003705	0.575287	0.031857	-0.998737	0.038862	0.574416	0.050114	0.817028
51201	5.269142	0.151013	8.725348	0.043078	-0.199742	-0.031231	-0.816795	-0.003264	0.576919	0.031815	-0.998717	0.039393	0.576051	0.050530	0.815851
51202	6.288104	0.455769	8.232211	0.043964	-0.188589	-0.035980	-0.815697	-0.002865	0.578472	0.031762	-0.998701	0.039841	0.577606	0.050872	0.814729
51203	6.140190	0.230323	8.273294	0.037439	-0.151838	-0.035964	-0.814821	-0.002400	0.579708	0.031650	-0.998684	0.040353	0.578848	0.051228	0.813825
51204	6.051916	0.488148	8.184959	0.043321	-0.109712	-0.036442	-0.814174	-0.001937	0.580618	0.031516	-0.998668	0.040863	0.579765	0.051568	0.813150
51205	6.147635	0.161910	8.223235	0.042764	-0.099305	-0.034745	-0.813599	-0.001509	0.581424	0.031446	-0.998647	0.041411	0.580575	0.051975	0.812546
51206	5.976279	0.339564	8.346047	0.047143	-0.064988	-0.044627	-0.813210	-0.001022	0.581969	0.031294	-0.998628	0.041974	0.581128	0.052346	0.812127
51207	5.344321	0.779252	8.606314	0.049127	-0.079275	-0.037817	-0.812751	-0.000574	0.582611	0.031237	-0.998604	0.042592	0.581773	0.052815	0.811635
51208	5.101731	0.928407	8.918113	0.049077	-0.211224	-0.033274	-0.811515	-0.000040	0.584332	0.031130	-0.998583	0.043165	0.583502	0.053219	0.810366
51209	5.410387	0.946762	8.895553	0.029154	-0.318374	-0.020789	-0.809650	0.000366	0.586914	0.031097	-0.998568	0.043521	0.586089	0.053488	0.808479
51210	5.809681	0.507393	8.633407	0.003184	-0.391203	-0.005902	-0.807345	0.000631	0.590079	0.031019	-0.998571	0.043508	0.589264	0.053430	0.806172
51211	5.829167	0.375862	8.557489	-0.012921	-0.399425	-0.002401	-0.804975	0.000897	0.593308	0.030888	-0.998579	0.043417	0.592504	0.053276	0.803804
51212	6.179565	0.272887	8.345581	-0.037444	-0.438708	0.008453	-0.802390	0.001134	0.596799	0.030611	-0.998604	0.043053	0.596015	0.052814	0.801235
51213	6.208497	0.321933	8.165540	-0.057808	-0.386967	0.017069	-0.800062	0.001195	0.599916	0.030367	-0.998635	0.042487	0.599149	0.052210	0.798934
51214	6.443373	0.406785	8.081185	-0.088284	-0.374345	0.010771	-0.797886	0.001347	0.602808	0.029816	-0.998685	0.041697	0.602071	0.051243	0.796796
51215	4.984333	1.187338	9.466091	-0.217551	-0.321604	-0.055090	-0.795951	0.002088	0.605358	0.028029	-0.998795	0.040298	0.604712	0.049042	0.794933
51216	2.237769	-0.129762	9.828048	-0.046479	-0.674703	0.100476	-0.791854	0.001433	0.610709	0.028477	-0.998823	0.039268	0.610046	0.048486	0.790881
51217	5.727271	1.126598	9.443966	-0.010011	-1.037248	0.089648	-0.785448	0.001069	0.618927	0.029087	-0.998830	0.038638	0.618244	0.048351	0.784497
51218	3.985714	0.408904	10.084625	-0.039013	-1.195559	0.154327	-0.778018	0.000167	0.628241	0.029941	-0.998854	0.037345	0.627528	0.047865	0.777122
51219	4.994593	0.100173	9.615432	-0.053915	-1.463811	0.134980	-0.768698	-0.000456	0.639612	0.030608	-0.998880	0.036073	0.638879	0.047306	0.767851
51220	4.793754	0.268616	9.855167	-0.095757	-1.679949	0.122185	-0.757959	-0.000922	0.652301	0.030898	-0.998927	0.034492	0.651570	0.046298	0.757174
51221	5.301530	0.635962	9.715438	-0.117546	-1.958260	0.153732	-0.744996	-0.001534	0.667067	0.031243	-0.998980	0.032597	0.666337	0.045126	0.744284
51222	5.424229	0.912564	10.495799	-0.185710	-2.168287	0.189066	-0.730404	-0.002417	0.683011	0.031288	-0.999062	0.029924	0.682298	0.043227	0.729795
51223	5.334000	1.141379	10.607769	-0.267108	-2.498909	0.263433	-0.713033	-0.003973	0.701119	0.031307	-0.999167	0.026177	0.700431	0.040615	0.712564
51224	5.513970	1.207866	11.739174	-0.322266	-2.846637	0.342171	-0.692706	-0.006249	0.721193	0.031342	-0.999279	0.021446	0.720538	0.037460	0.692403
51225	6.163143	2.063098	11.969569	-0.158382	-3.507551	0.429087	-0.666861	-0.009218	0.745125	0.033064	-0.999305	0.017229	0.744448	0.036126	0.666702
51226	7.313459	2.514344	12.369488	-0.176169	-3.913997	0.637307	-0.637009	-0.014171	0.770726	0.035813	-0.999295	0.011226	0.770024	0.034753	0.637068
51227	8.767639	3.029193	12.972168	-0.161803	-4.176119	0.906666	-0.603948	-0.021771	0.796726	0.040138	-0.999189	0.003123	0.796013	0.033865	0.604332
51228	9.220321	3.199798	10.900381	-0.036679	-4.316351	1.071813	-0.568590	-0.030976	0.822037	0.046071	-0.998921	-0.005774	0.821330	0.034589	0.569404
51229	9.433376	11.389013	15.157914	-0.283135	-4.085394	1.279098	-0.533935	-0.042338	0.844465	0.050732	-0.998550	-0.017987	0.844002	0.033237	0.535309
51230	16.748820	4.015900	18.610026	-0.822600	-3.548142	1.262165	-0.503034	-0.053838	0.862588	0.050253	-0.998191	-0.032995	0.862805	0.026750	0.504829
51231	14.375184	0.674131	16.229293	-0.478848	-1.033837	0.591273	-0.493779	-0.059456	0.867553	0.049022	-0.997977	-0.040493	0.868205	0.022535	0.495694
51232	2.290232	1.007356	14.570812	0.317489	-0.498276	0.116416	-0.489414	-0.060452	0.869954	0.052370	-0.997831	-0.039876	0.870477	0.026044	0.491519
51233	-4.506443	2.867710	10.493080	0.539539	-0.147559	-0.024015	-0.488129	-0.060141	0.870697	0.056917	-0.997693	-0.037004	0.870913	0.031495	0.490426
51234	-3.785518	3.519853	10.091330	0.440698	-0.390400	0.093286	-0.484711	-0.060892	0.872552	0.061235	-0.997489	-0.035594	0.872528	0.036177	0.487222
51235	-1.874664	1.801916	12.122010	0.260288	-0.060652	0.219154	-0.484031	-0.063026	0.872778	0.064534	-0.997258	-0.036226	0.872668	0.038790	0.486771
51236	-0.671763	-0.094527	13.249121	0.320321	0.548021	0.171390	-0.488744	-0.064904	0.870010	0.068191	-0.997020	-0.036072	0.869758	0.041697	0.491713
51237	-0.716493	-0.453601	12.915001	0.504225	1.174839	0.051120	-0.498877	-0.065900	0.864163	0.072780	-0.996768	-0.033996	0.863611	0.045934	0.502062
51238	-0.982999	-0.064428	11.967686	0.566475	1.726162	-0.018031	-0.513786	-0.066504	0.855337	0.077576	-0.996508	-0.030883	0.854404	0.050486	0.517151
51239	-0.435807	-0.404185	11.200975	0.499932	2.179390	0.009021	-0.532260	-0.067704	0.843870	0.081832	-0.996244	-0.028315	0.842617	0.053984	0.535801
51240	1.079061	-1.424386	10.699344	0.451617	2.574239	0.071675	-0.553784	-0.069800	0.829730	0.086002	-0.995946	-0.026383	0.828207	0.056748	0.557541
51241	2.773526	-1.969909	10.127422	0.478574	2.954758	0.159398	-0.577852	-0.073075	0.812864	0.090793	-0.995557	-0.024955	0.811076	0.059382	0.581919
51242	4.043555	-1.759736	9.468232	0.531918	3.295202	0.248209	-0.604102	-0.077511	0.793128	0.096510	-0.995049	-0.023735	0.791041	0.062207	0.608592
51243	5.112081	-1.749326	8.849040	0.558313	3.541518	0.299265	-0.631414	-0.082711	0.771022	0.102679	-0.994458	-0.022592	0.768618	0.064903	0.636407
51244	6.318235	-2.315036	8.481544	0.617360	3.686306	0.280245	-0.659088	-0.087909	0.746911	0.109130	-0.993813	-0.020671	0.744106	0.067886	0.664603
51245	7.622914	-3.012126	8.139997	0.743945	3.759605	0.233693	-0.686303	-0.092830	0.721367	0.116106	-0.993086	-0.017333	0.717989	0.071860	0.692336
51246	8.579923	-3.053083	7.794623	0.883174	3.769283	0.192098	-0.712704	-0.097507	0.694655	0.123622	-0.992251	-0.012446	0.690486	0.077005	0.719235
51247	9.110951	-2.711974	7.450649	0.946044	3.711198	0.187603	-0.737563	-0.102302	0.667484	0.131348	-0.991313	-0.006795	0.662381	0.082660	0.744593
51248	9.301920	-2.679705	7.140209	0.947812	3.596145	0.207409	-0.760675	-0.107390	0.640188	0.138978	-0.990295	-0.000985	0.634081	0.088223	0.768217
51249	9.702356	-2.849978	7.108798	0.960969	3.435920	0.205559	-0.781685	-0.112525	0.613438	0.146488	-0.989199	0.005213	0.606226	0.093937	0.789726
51250	10.024931	-2.942704	7.123949	0.975094	3.294957	0.163532	-0.801034	-0.117286	0.587017	0.153475	-0.988080	0.012011	0.578611	0.099714	0.809485
51251	10.568976	-2.765412	7.352451	0.978796	3.162414	0.085089	-0.818766	-0.121344	0.561158	0.159660	-0.986979	0.019533	0.551481	0.105587	0.827478
51252	10.797125	-2.823259	7.458039	0.922825	3.070974	0.009295	-0.835339	-0.124703	0.535404	0.164602	-0.985986	0.027162	0.524513	0.110818	0.844159
51253	10.836030	-3.153641	7.353324	0.853294	2.936052	-0.080364	-0.850486	-0.127205	0.510384	0.168254	-0.985128	0.034846	0.498361	0.115510	0.859240
51254	10.747543	-3.076162	6.826201	0.740010	2.777625	-0.120050	-0.864243	-0.129216	0.486196	0.170704	-0.984435	0.041804	0.473227	0.119125	0.872849
51255	10.011994	-2.568198	6.033243	0.570063	2.543350	-0.111195	-0.876174	-0.131151	0.463809	0.172334	-0.983901	0.047336	0.450134	0.121405	0.884670
51256	8.182689	-2.031816	4.828017	0.362912	2.207312	-0.046788	-0.886189	-0.132246	0.444049	0.172175	-0.983765	0.050627	0.430144	0.121319	0.894571
51257	7.349505	-1.453283	4.508289	0.182920	1.685685	0.052795	-0.893218	-0.134777	0.428949	0.173383	-0.983479	0.052031	0.414849	0.120848	0.901829
51258	8.659522	-0.727603	5.166858	0.049183	1.232248	0.135982	-0.898193	-0.136772	0.417783	0.173825	-0.983415	0.051760	0.403775	0.119111	0.907071
51259	10.027636	-0.217192	5.957480	-0.034701	0.965821	0.194755	-0.901709	-0.139800	0.409116	0.175404	-0.983194	0.050629	0.395162	0.117414	0.911077
51260	10.672752	-0.158472	6.359055	-0.020833	0.796170	0.190952	-0.904534	-0.142527	0.401877	0.176921	-0.982975	0.049595	0.387966	0.115961	0.914350
51261	11.192987	-0.017334	6.285406	0.094109	0.676251	0.091657	-0.906972	-0.144182	0.395744	0.178079	-0.982741	0.050081	0.381693	0.115896	0.916994
51262	11.709376	0.488247	5.717812	0.256526	0.580736	-0.098943	-0.909385	-0.143812	0.390304	0.178036	-0.982608	0.052761	0.375928	0.117468	0.919173
51263	11.677794	1.044418	4.853215	0.376456	0.509206	-0.321897	-0.911855	-0.141225	0.385456	0.176476	-0.982626	0.057462	0.370644	0.120421	0.920935
51264	11.913939	0.705081	3.841951	0.453661	0.397300	-0.543697	-0.914298	-0.136301	0.381421	0.173084	-0.982847	0.063675	0.366199	0.124236	0.922206
51265	12.112300	-0.295674	2.428955	0.535282	0.250412	-0.788638	-0.916554	-0.128836	0.378591	0.167782	-0.983221	0.071599	0.363014	0.129145	0.922791
51266	11.996633	-0.345622	0.986674	0.555475	0.045916	-0.972254	-0.918337	-0.119276	0.377399	0.160790	-0.983712	0.080355	0.361667	0.134475	0.922558
51267	12.195657	-0.417656	0.189666	0.411293	-0.184328	-1.042926	-0.919303	-0.108732	0.378233	0.152663	-0.984346	0.088077	0.362735	0.138711	0.921511
51268	12.694075	-0.085552	-0.045313	0.118167	-0.415793	-1.077570	-0.919392	-0.097488	0.381070	0.143115	-0.985306	0.093219	0.366383	0.140241	0.919835
51269	12.788508	0.623728	-0.126958	-0.345747	-0.598301	-1.046284	-0.918620	-0.086311	0.385601	0.132187	-0.986754	0.094041	0.372376	0.137360	0.917861
51270	12.304953	0.662769	-0.049658	-0.872269	-0.762192	-0.963420	-0.916968	-0.075737	0.391705	0.120006	-0.988707	0.089762	0.380483	0.129316	0.915702
51271	1.073293	-4.943619	3.142078	-0.840728	-0.742210	-0.406891	-0.914586	-0.070750	0.398154	0.113013	-0.990064	0.083669	0.388278	0.121519	0.913495
51272	4.203410	2.056298	7.235968	-0.309438	-2.011693	-0.616774	-0.907262	-0.062168	0.415945	0.106100	-0.990858	0.083329	0.406962	0.119733	0.905564
51273	-1.302788	5.316737	13.238335	-0.621016	-1.511386	-0.177158	-0.901183	-0.058612	0.429457	0.101890	-0.991697	0.078463	0.421292	0.114467	0.899672
51274	2.744778	2.045615	15.189385	-0.562498	-2.086263	0.149391	-0.892040	-0.057716	0.448255	0.100757	-0.992248	0.072751	0.440581	0.110062	0.890940
51275	6.149636	-1.296118	10.881807	-0.347141	-1.581682	-0.163010	-0.885115	-0.054347	0.462189	0.097718	-0.992721	0.070404	0.454998	0.107480	0.883982
51276	3.973161	-0.711061	8.577799	-0.233059	-1.808009	-0.471590	-0.877190	-0.047695	0.477768	0.092428	-0.993217	0.070547	0.471163	0.106042	0.875649
51277	8.058781	3.427277	7.345603	-0.201649	-2.010567	-0.239885	-0.867751	-0.043162	0.495121	0.089331	-0.993543	0.069950	0.488905	0.104929	0.866003
51278	12.482808	0.856543	11.003337	-0.466589	-1.791894	0.094977	-0.858762	-0.042225	0.510632	0.087783	-0.993988	0.065435	0.504799	0.101018	0.857306
51279	13.139529	-4.032011	12.260536	-0.447303	-1.240240	0.040178	-0.852392	-0.041366	0.521265	0.085807	-0.994418	0.061401	0.515816	0.097066	0.851183
51280	9.593966	-4.936943	10.652258	-0.234044	-0.822043	-0.083507	-0.848187	-0.039707	0.528206	0.083820	-0.994684	0.059823	0.523022	0.095015	0.847006
51281	6.623484	-5.381085	9.352953	-0.084409	-0.736603	-0.007581	-0.844311	-0.038904	0.534439	0.083275	-0.994770	0.059145	0.529343	0.094442	0.843135
51282	6.224020	-4.833166	10.223726	0.177397	-0.775380	0.004790	-0.840173	-0.038160	0.540974	0.084159	-0.994611	0.060547	0.535748	0.096398	0.838857
51283	7.561106	-0.708063	10.283817	0.334587	-0.801727	-0.043398	-0.835882	-0.036911	0.547666	0.085562	-0.994302	0.063578	0.542199	0.100003	0.834278
51284	9.967129	4.068843	9.294153	0.103202	-0.660954	0.049339	-0.832234	-0.036678	0.553210	0.086413	-0.994196	0.064081	0.547649	0.101135	0.830574
51285	7.990608	4.230160	8.192192	-0.045504	-0.156576	0.041579	-0.831333	-0.036904	0.554548	0.086472	-0.994231	0.063469	0.549006	0.100717	0.829728
51286	7.763896	2.938331	7.834376	-0.248368	-0.182986	0.173253	-0.830170	-0.038395	0.556187	0.086449	-0.994425	0.060386	0.550767	0.098213	0.828860
51287	5.605096	-0.162829	9.074397	-0.181147	0.078129	0.130439	-0.830480	-0.039738	0.555629	0.086497	-0.994553	0.058155	0.550291	0.096357	0.829394
51288	5.906488	-0.174004	8.504062	-0.129794	-0.128369	0.111071	-0.829669	-0.040673	0.556772	0.086614	-0.994644	0.056406	0.551496	0.095023	0.828748
51289	5.570967	0.346434	8.462616	-0.154462	-0.020034	0.117845	-0.829450	-0.041797	0.557016	0.086702	-0.994744	0.054465	0.551812	0.093471	0.828714
51290	5.922587	-1.220235	9.304752	-0.130529	-0.100835	0.101098	-0.828797	-0.042661	0.557921	0.086726	-0.994834	0.052763	0.552787	0.092116	0.828215
51291	5.808765	-0.532646	8.448844	-0.050603	-0.027821	0.021557	-0.828618	-0.042820	0.558175	0.086588	-0.994875	0.052219	0.553078	0.091601	0.828079
51292	5.436513	0.754473	8.575971	-0.069213	-0.152448	0.011361	-0.827757	-0.042744	0.559457	0.086196	-0.994945	0.051517	0.554427	0.090867	0.827257
51293	5.844510	0.917973	8.169163	-0.075929	-0.060110	0.006309	-0.827411	-0.042722	0.559970	0.085790	-0.995015	0.050849	0.555006	0.090113	0.826951
51294	5.696259	0.702219	8.515402	-0.085438	-0.137103	0.015803	-0.826628	-0.042707	0.561126	0.085346	-0.995096	0.049991	0.556239	0.089214	0.826220
51295	5.869906	0.685375	8.422452	-0.066822	-0.119028	0.011235	-0.825949	-0.042683	0.562127	0.085029	-0.995154	0.049372	0.557296	0.088576	0.825576
51296	5.926194	0.643829	8.485718	-0.042758	-0.122592	0.006858	-0.825252	-0.042595	0.563157	0.084749	-0.995201	0.048919	0.558370	0.088098	0.824901
51297	5.973286	0.498250	8.483146	-0.041997	-0.097855	0.009346	-0.824690	-0.042572	0.563981	0.084554	-0.995237	0.048516	0.559229	0.087697	0.824362
51298	5.931728	0.481073	8.495267	-0.042928	-0.099357	0.014776	-0.824114	-0.042584	0.564821	0.084339	-0.995279	0.048018	0.560110	0.087209	0.823815
51299	6.072325	0.711458	8.397051	-0.044429	-0.079894	0.023189	-0.823639	-0.042716	0.565503	0.084243	-0.995312	0.047517	0.560822	0.086777	0.823376
51300	6.036331	0.593262	8.361839	-0.045627	-0.055421	0.024885	-0.823299	-0.042868	0.565986	0.084097	-0.995351	0.046942	0.561343	0.086245	0.823077
51301	5.981996	0.472924	8.414558	-0.040070	-0.030060	0.027036	-0.823101	-0.043081	0.566259	0.084057	-0.995378	0.046454	0.561640	0.085834	0.822917
51302	5.934193	0.454221	8.396538	-0.040529	-0.023067	0.027138	-0.822940	-0.043285	0.566476	0.083958	-0.995411	0.045909	0.561890	0.085341	0.822798
51303	5.964548	0.203460	8.367052	-0.040903	-0.007998	0.031143	-0.822862	-0.043558	0.566569	0.083947	-0.995436	0.045391	0.562006	0.084913	0.822763
51304	5.972367	0.099705	8.387159	-0.046192	0.023218	0.026770	-0.822962	-0.043797	0.566406	0.083813	-0.995474	0.044802	0.561880	0.084342	0.822908
51305	5.856219	0.393602	8.451467	-0.052834	0.027143	0.024218	-0.823087	-0.044031	0.566206	0.083678	-0.995511	0.044225	0.561717	0.083780	0.823077
51306	5.555610	0.437109	8.523302	-0.046700	0.040924	0.023783	-0.823289	-0.044255	0.565895	0.083516	-0.995550	0.043647	0.561445	0.083196	0.823321
51307	5.300307	0.595688	8.659287	-0.027053	-0.045269	0.011684	-0.823018	-0.044304	0.566285	0.083422	-0.995571	0.043353	0.561856	0.082921	0.823069
51308	6.039614	0.502037	8.308210	-0.013445	-0.076233	0.008868	-0.822574	-0.044282	0.566931	0.083325	-0.995588	0.043135	0.562520	0.082721	0.822635
51309	5.924782	0.142274	8.383161	-0.015845	-0.021213	0.006720	-0.822442	-0.044302	0.567121	0.083253	-0.995602	0.042961	0.562724	0.082548	0.822513
51310	5.731708	0.342717	8.447641	-0.020706	-0.031260	0.006652	-0.822252	-0.044295	0.567397	0.083097	-0.995626	0.042695	0.563024	0.082255	0.822337
51311	5.797186	0.307220	8.463333	-0.018498	-0.035390	0.000323	-0.822046	-0.044239	0.567700	0.082957	-0.995645	0.042536	0.563346	0.082061	0.822136
