// General information: 
//  MT Manager version: 2022.2.0 
//  XDA version: 2022.2.0 build 7381 rev 124627 built on 2023-07-19
// Device information: 
//  DeviceId: 00B4CBA7
//  ProductCode: MTW2-3A7G6
//  Firmware Version: 4.6.0
//  Hardware Version: 2.0.0
// Device settings: 
//  Filter Profile: human(46.1)
//  Option Flags: Orientation Smoother Disabled, Position/Velocity Smoother Disabled, Continuous Zero Rotation Update Disabled, AHS Disabled, ICC Disabled
// Coordinate system: ENU
PacketCounter	Acc_X	Acc_Y	Acc_Z	Gyr_X	Gyr_Y	Gyr_Z	Mat[1][1]	Mat[2][1]	Mat[3][1]	Mat[1][2]	Mat[2][2]	Mat[3][2]	Mat[1][3]	Mat[2][3]	Mat[3][3]
26132	8.852837	-0.208460	-3.864869	-0.046533	0.005910	0.003644	0.400117	-0.155057	0.903252	-0.327080	-0.944838	-0.017308	0.856111	-0.288510	-0.428762
26133	8.870715	-0.231865	-3.778709	-0.053779	-0.000052	0.000920	0.400102	-0.155031	0.903263	-0.327575	-0.944671	-0.017038	0.855928	-0.289070	-0.428750
26134	8.898777	-0.194188	-3.809136	-0.054299	-0.007144	0.004121	0.400166	-0.155044	0.903232	-0.328046	-0.944512	-0.016793	0.855718	-0.289582	-0.428823
26135	8.833039	-0.172557	-3.749120	-0.096377	-0.006275	0.004280	0.400206	-0.155045	0.903214	-0.328867	-0.944235	-0.016369	0.855384	-0.290486	-0.428878
26136	8.849364	-0.422240	-3.780195	-0.114847	-0.019272	-0.007053	0.400410	-0.154988	0.903133	-0.329810	-0.943916	-0.015763	0.854925	-0.291551	-0.429070
26137	8.905253	-0.555012	-3.835413	-0.105230	-0.028838	-0.017057	0.400737	-0.154837	0.903015	-0.330589	-0.943654	-0.015098	0.854471	-0.292476	-0.429344
26138	8.972724	-0.607311	-3.884003	-0.086633	-0.031139	-0.031834	0.401124	-0.154582	0.902886	-0.331191	-0.943454	-0.014389	0.854056	-0.293256	-0.429638
26139	9.050430	-0.597535	-4.048564	-0.074625	-0.033896	-0.038246	0.401543	-0.154250	0.902757	-0.331616	-0.943315	-0.013678	0.853694	-0.293876	-0.429934
26140	9.050408	-0.437900	-4.166323	-0.073032	-0.031156	-0.051936	0.401998	-0.153805	0.902630	-0.332021	-0.943185	-0.012846	0.853323	-0.294528	-0.430225
26141	8.989651	-0.381700	-4.267818	-0.081678	-0.033824	-0.060688	0.402497	-0.153255	0.902502	-0.332398	-0.943064	-0.011901	0.852941	-0.295199	-0.430522
26142	8.960106	-0.354510	-4.336285	-0.079524	-0.033451	-0.071549	0.403036	-0.152633	0.902366	-0.332777	-0.942943	-0.010864	0.852538	-0.295909	-0.430833
26143	8.982840	-0.367897	-4.365356	-0.074660	-0.030146	-0.076355	0.403556	-0.151948	0.902249	-0.333093	-0.942843	-0.009799	0.852168	-0.296579	-0.431103
26144	9.037141	-0.410626	-4.361294	-0.075182	-0.028760	-0.089124	0.404115	-0.151146	0.902134	-0.333364	-0.942759	-0.008621	0.851798	-0.297255	-0.431369
26145	9.075338	-0.435668	-4.272286	-0.077561	-0.027264	-0.100594	0.404692	-0.150219	0.902030	-0.333588	-0.942690	-0.007328	0.851436	-0.297941	-0.431610
26146	9.169374	-0.540108	-4.129160	-0.067004	-0.030602	-0.117185	0.405359	-0.149160	0.901906	-0.333674	-0.942670	-0.005932	0.851085	-0.298538	-0.431891
26147	9.301867	-0.399308	-3.871775	-0.038217	-0.035621	-0.129065	0.406109	-0.147954	0.901768	-0.333351	-0.942792	-0.004561	0.850854	-0.298753	-0.432196
26148	9.481835	-0.429639	-3.601010	-0.055096	-0.046037	-0.145989	0.407003	-0.146669	0.901575	-0.333215	-0.942846	-0.002957	0.850480	-0.299215	-0.432613
26149	9.589887	-0.513682	-3.188174	-0.048304	-0.079209	-0.184702	0.408308	-0.145080	0.901241	-0.332780	-0.943004	-0.001036	0.850025	-0.299492	-0.433316
26150	9.843690	-0.517276	-2.850067	-0.041561	-0.120399	-0.223617	0.410091	-0.143285	0.900719	-0.332207	-0.943206	0.001208	0.849390	-0.299721	-0.434400
26151	9.853982	-0.519473	-2.464252	-0.050435	-0.164055	-0.251404	0.412334	-0.141322	0.900005	-0.331512	-0.943443	0.003738	0.848576	-0.299904	-0.435864
26152	9.993364	-0.906534	-1.945314	-0.108405	-0.233801	-0.297519	0.415318	-0.139171	0.898967	-0.331189	-0.943539	0.006937	0.847245	-0.300610	-0.437960
26153	10.346479	-1.408759	-1.095184	-0.098371	-0.334723	-0.360745	0.419341	-0.136720	0.897475	-0.330497	-0.943747	0.010654	0.845532	-0.301080	-0.440938
26154	10.831823	-1.670462	-0.279095	-0.030717	-0.445485	-0.431825	0.424543	-0.133938	0.895446	-0.328923	-0.944242	0.014710	0.843548	-0.300778	-0.444927
26155	11.189490	-1.679590	0.439122	0.035348	-0.553789	-0.510704	0.430871	-0.130723	0.892895	-0.326414	-0.945033	0.019157	0.841311	-0.299708	-0.449857
26156	11.421847	-1.631834	0.781156	0.060582	-0.685906	-0.589183	0.438562	-0.127156	0.889660	-0.323332	-0.945977	0.024183	0.838522	-0.298261	-0.455983
26157	11.460134	-1.397348	0.913882	0.046568	-0.828639	-0.670038	0.447643	-0.123226	0.885681	-0.319952	-0.946960	0.029959	0.835013	-0.296787	-0.463326
26158	11.587463	-1.026483	0.692916	-0.020400	-0.963868	-0.736495	0.458030	-0.119058	0.880928	-0.316774	-0.947794	0.036609	0.830580	-0.295823	-0.471833
26159	11.486735	-0.640048	-0.113810	-0.083469	-1.055468	-0.756225	0.469125	-0.114936	0.875621	-0.313888	-0.948455	0.043673	0.825467	-0.295335	-0.481021
26160	10.818043	-0.072140	-1.298413	-0.130734	-1.116427	-0.746701	0.480658	-0.111103	0.869841	-0.311404	-0.948915	0.050873	0.819753	-0.295324	-0.490702
26161	10.623503	1.054360	-2.654414	-0.078135	-1.088886	-0.700522	0.491697	-0.107597	0.864093	-0.308579	-0.949467	0.057363	0.814256	-0.294846	-0.500053
26162	10.429091	1.720440	-3.661872	0.074487	-0.866761	-0.625868	0.500672	-0.104154	0.859348	-0.304853	-0.950351	0.062429	0.810180	-0.293232	-0.507566
26163	9.480878	1.665652	-4.764199	0.028461	-0.760226	-0.517544	0.508342	-0.101423	0.855162	-0.302029	-0.950959	0.066753	0.806453	-0.292217	-0.514045
26164	9.368178	1.532038	-5.596663	0.023887	-0.656717	-0.395059	0.514831	-0.099534	0.851494	-0.299799	-0.951427	0.070049	0.803162	-0.291340	-0.519664
26165	9.294627	1.267310	-6.282218	0.207067	-0.473819	-0.235988	0.519301	-0.098592	0.848885	-0.296868	-0.952275	0.071007	0.801372	-0.288881	-0.523786
26166	8.456924	1.756975	-6.873135	0.189800	-0.520856	-0.117255	0.523830	-0.098927	0.846059	-0.294720	-0.952939	0.071050	0.799213	-0.286569	-0.528334
26167	8.800981	1.442564	-6.784587	0.070727	-0.594441	-0.012029	0.528590	-0.100436	0.842915	-0.294041	-0.953166	0.070819	0.796325	-0.285286	-0.533366
26168	9.034607	1.239212	-6.523016	0.141628	-0.532542	0.085382	0.532588	-0.102717	0.840119	-0.293350	-0.953483	0.069390	0.793912	-0.283405	-0.537946
26169	8.969616	1.259381	-6.623242	0.028896	-0.553005	0.141394	0.536551	-0.105546	0.837242	-0.293813	-0.953434	0.068098	0.791067	-0.282531	-0.542576
26170	9.053359	1.153124	-6.288791	-0.061025	-0.552533	0.185738	0.540380	-0.108830	0.834353	-0.295278	-0.953065	0.066926	0.787909	-0.282531	-0.547152
26171	8.440517	1.503227	-6.260884	-0.198272	-0.544909	0.237767	0.543956	-0.112551	0.831531	-0.298057	-0.952258	0.066086	0.784394	-0.283792	-0.551533
26172	8.100667	1.466450	-6.080815	-0.363069	-0.513146	0.262148	0.547198	-0.116463	0.828861	-0.302310	-0.950924	0.065966	0.780501	-0.286670	-0.555552
26173	8.055255	0.776278	-5.305191	-0.487495	-0.337193	0.251051	0.549059	-0.119732	0.827163	-0.307412	-0.949239	0.066653	0.777195	-0.290877	-0.557995
26174	7.743037	-0.404819	-4.994565	-0.389011	-0.039771	0.194815	0.548779	-0.121649	0.827069	-0.311484	-0.947868	0.067260	0.775770	-0.294529	-0.558062
26175	7.594193	-1.881555	-4.931967	-0.065375	0.340628	0.097880	0.545828	-0.121484	0.829043	-0.312459	-0.947575	0.066864	0.777458	-0.295538	-0.555172
26176	7.165591	-3.175596	-5.393481	0.526723	0.691047	-0.006510	0.540472	-0.119348	0.832854	-0.308296	-0.949131	0.064055	0.782843	-0.291386	-0.549774
26177	7.426371	-3.465445	-5.474175	1.230892	0.996688	-0.100856	0.532927	-0.115462	0.838247	-0.298007	-0.952786	0.058223	0.791947	-0.280832	-0.542174
26178	8.008662	-2.840054	-5.028357	1.881319	1.347442	-0.154882	0.522634	-0.110262	0.845397	-0.282155	-0.958093	0.049471	0.804514	-0.264388	-0.531842
26179	7.921519	-1.738268	-4.739167	2.253584	1.685973	-0.204326	0.509493	-0.103948	0.854173	-0.262762	-0.964055	0.039411	0.819374	-0.244524	-0.518493
26180	7.887020	-0.618447	-4.915851	2.386371	1.952706	-0.250060	0.493980	-0.096913	0.864055	-0.241749	-0.969893	0.029424	0.835190	-0.223419	-0.502536
26181	8.112186	0.433926	-4.785191	2.239402	2.151277	-0.278379	0.476476	-0.089558	0.874614	-0.221487	-0.974941	0.020832	0.850831	-0.203641	-0.484372
26182	8.384497	0.989933	-4.596145	1.885066	2.368288	-0.262360	0.456715	-0.082317	0.885797	-0.204067	-0.978853	0.014252	0.865892	-0.187271	-0.463855
26183	8.273898	0.862009	-4.409187	1.469026	2.567594	-0.268388	0.434812	-0.074981	0.897394	-0.190013	-0.981730	0.010038	0.880247	-0.174881	-0.441115
26184	8.155486	0.481575	-4.400713	1.172862	2.759824	-0.296983	0.410881	-0.067319	0.909200	-0.178340	-0.983938	0.007742	0.894076	-0.165328	-0.416287
26185	8.084296	0.263079	-4.236433	0.999900	2.911439	-0.341123	0.385230	-0.059206	0.920919	-0.167944	-0.985773	0.006877	0.907410	-0.157312	-0.389692
26186	7.881234	0.119696	-3.947324	0.912709	3.042637	-0.393668	0.358073	-0.050598	0.932322	-0.158131	-0.987392	0.007147	0.920205	-0.149988	-0.361560
26187	7.809686	0.174015	-3.680121	0.910154	3.107402	-0.440394	0.329946	-0.041647	0.943081	-0.148157	-0.988930	0.008163	0.932301	-0.142417	-0.332464
26188	7.915770	0.440284	-3.572628	0.956658	3.161121	-0.451295	0.300944	-0.032760	0.953079	-0.137754	-0.990421	0.009454	0.943640	-0.134136	-0.302575
26189	7.982712	0.983516	-3.416433	1.018770	3.185815	-0.433111	0.271267	-0.024285	0.962198	-0.126822	-0.991868	0.010720	0.954112	-0.124936	-0.272141
26190	8.127403	1.460909	-3.349862	1.027466	3.183113	-0.381822	0.241213	-0.016621	0.970330	-0.115990	-0.993180	0.011821	0.963516	-0.115400	-0.241496
26191	8.404408	2.038060	-3.195786	1.011309	3.165724	-0.293292	0.210882	-0.010150	0.977459	-0.105514	-0.994340	0.012439	0.971800	-0.105759	-0.210759
26192	8.520548	2.400404	-3.057169	0.967722	3.138971	-0.171258	0.180440	-0.005224	0.983572	-0.095741	-0.995331	0.012278	0.978915	-0.096383	-0.180097
26193	8.502095	2.692678	-2.856702	0.990198	3.091441	-0.034007	0.150092	-0.001997	0.988670	-0.085930	-0.996240	0.011033	0.984931	-0.086612	-0.149700
26194	8.498672	2.777237	-2.703978	0.966612	3.014531	0.094931	0.120252	-0.000428	0.992743	-0.076518	-0.997029	0.008839	0.989790	-0.077025	-0.119927
26195	8.617162	2.793379	-2.496579	0.925260	2.926347	0.233881	0.091041	-0.000578	0.995847	-0.067550	-0.997700	0.005596	0.993553	-0.067779	-0.090871
26196	8.890382	2.512563	-1.752478	0.775576	2.820632	0.361524	0.062749	-0.002334	0.998027	-0.060119	-0.998190	0.001446	0.996217	-0.060091	-0.062776
26197	9.567271	1.399453	0.227447	0.588068	2.688065	0.460137	0.035662	-0.005324	0.999350	-0.054435	-0.998512	-0.003377	0.997880	-0.054280	-0.035899
26198	10.598586	-0.918528	4.952390	0.424905	2.453456	0.472258	0.010923	-0.008709	0.999902	-0.050313	-0.998700	-0.008149	0.998674	-0.050219	-0.011347
26199	8.044344	-1.217490	5.090653	0.609633	1.537257	0.518896	-0.004699	-0.013101	0.999903	-0.044193	-0.998935	-0.013296	0.999012	-0.044251	0.004115
26200	8.679118	0.558069	2.818745	0.398754	0.572947	0.418699	-0.010598	-0.016993	0.999799	-0.040188	-0.999041	-0.017406	0.999136	-0.040365	0.009905
26201	8.079053	0.820747	0.010506	-0.261833	-0.141334	0.260125	-0.009318	-0.019586	0.999765	-0.042730	-0.998887	-0.019967	0.999043	-0.042906	0.008470
26202	5.818329	0.776089	-2.229984	-0.724257	-0.920148	0.217606	-0.000226	-0.022138	0.999755	-0.049966	-0.998506	-0.022121	0.998751	-0.049959	-0.000881
26203	7.109313	2.104597	-3.205160	-0.947774	-1.555037	0.225004	0.015156	-0.025165	0.999568	-0.059394	-0.997941	-0.024223	0.998120	-0.059001	-0.016619
26204	11.314103	0.334802	0.029188	-1.510429	-1.495065	0.195617	0.029941	-0.028059	0.999158	-0.074514	-0.996887	-0.025762	0.996770	-0.073680	-0.031938
26205	12.110270	-5.379065	-0.234969	-1.238524	-1.118088	0.126062	0.040957	-0.030135	0.998706	-0.086837	-0.995870	-0.026488	0.995380	-0.085640	-0.043405
26206	9.871539	-5.761586	-1.467485	-0.053261	-1.099982	0.123998	0.051799	-0.032264	0.998136	-0.087433	-0.995787	-0.027650	0.994823	-0.085838	-0.054401
26207	8.805470	-2.794837	-1.721171	0.257575	-1.144466	0.101930	0.063074	-0.034184	0.997423	-0.084894	-0.995975	-0.028766	0.994392	-0.082861	-0.065722
26208	8.769344	-1.833472	-3.501879	0.145627	-0.979218	0.030937	0.072787	-0.035246	0.996725	-0.083475	-0.996084	-0.029127	0.993848	-0.081082	-0.075444
26209	8.468624	-0.202963	-4.461745	0.014439	-0.862792	-0.086068	0.081411	-0.035030	0.996065	-0.083240	-0.996130	-0.028229	0.993198	-0.080614	-0.084012
26210	9.752327	0.631381	-4.209205	-0.307832	-0.836469	-0.212037	0.089898	-0.033555	0.995386	-0.086121	-0.995951	-0.025796	0.992220	-0.083405	-0.092424
26211	11.156805	0.747788	-3.920960	-0.421376	-0.856626	-0.180325	0.098535	-0.032434	0.994605	-0.090105	-0.995654	-0.023541	0.991046	-0.087299	-0.101029
26212	12.129045	0.541421	-3.258801	-0.436744	-0.890183	-0.036071	0.107388	-0.032821	0.993675	-0.094399	-0.995276	-0.022672	0.989725	-0.091367	-0.109979
26213	11.413262	0.241061	-3.494941	-0.079129	-0.872305	0.065772	0.115940	-0.034216	0.992667	-0.095228	-0.995186	-0.023180	0.988681	-0.091842	-0.118640
26214	9.677152	1.272623	-3.773006	0.375150	-0.951200	0.096952	0.125254	-0.035986	0.991472	-0.091642	-0.995489	-0.024555	0.987883	-0.087785	-0.127987
26215	9.621045	2.530907	-3.512890	0.430367	-0.995974	0.144667	0.134945	-0.038217	0.990116	-0.087550	-0.995807	-0.026504	0.986978	-0.083108	-0.137725
26216	9.691865	2.460138	-3.141860	0.210797	-0.938360	0.195722	0.144035	-0.040885	0.988728	-0.085748	-0.995904	-0.028690	0.985850	-0.080649	-0.146951
26217	9.667945	1.716507	-3.021887	-0.023253	-0.860197	0.241753	0.152290	-0.043917	0.987360	-0.086293	-0.995788	-0.030982	0.984561	-0.080484	-0.155438
26218	9.755394	0.853104	-2.889539	-0.179880	-0.809884	0.274325	0.160022	-0.047257	0.985982	-0.088495	-0.995518	-0.033352	0.983139	-0.081917	-0.163487
26219	9.858692	0.055828	-2.568177	-0.318615	-0.744160	0.286232	0.167064	-0.050654	0.984644	-0.092044	-0.995119	-0.035575	0.981640	-0.084688	-0.170911
26220	9.481124	-1.029457	-2.318763	-0.386194	-0.723639	0.284280	0.173898	-0.054058	0.983279	-0.096319	-0.994638	-0.037648	0.980042	-0.088162	-0.178172
26221	9.307688	-1.701248	-1.854184	-0.252929	-0.767397	0.263563	0.181146	-0.057291	0.981786	-0.099217	-0.994273	-0.039714	0.978439	-0.090216	-0.185792
26222	9.327422	-1.596548	-1.244255	-0.112819	-0.827283	0.244092	0.188993	-0.060418	0.980118	-0.100773	-0.994029	-0.041844	0.976794	-0.090861	-0.193953
26223	9.350333	-1.080081	-0.468868	0.008251	-0.906392	0.252850	0.197575	-0.063682	0.978217	-0.101139	-0.993887	-0.044275	0.975057	-0.090188	-0.202808
26224	9.337869	-0.263814	0.288990	-0.003129	-0.939088	0.276422	0.206446	-0.067225	0.976146	-0.101728	-0.993705	-0.046919	0.973155	-0.089615	-0.211985
26225	9.525976	0.100022	0.723399	-0.105903	-0.969163	0.271019	0.215580	-0.070718	0.973922	-0.103286	-0.993431	-0.049272	0.971008	-0.089970	-0.221468
26226	9.556721	0.079779	0.833586	-0.148493	-0.976506	0.250790	0.224794	-0.074042	0.971589	-0.105278	-0.993117	-0.051325	0.968702	-0.090749	-0.231041
26227	9.427269	0.186115	0.513467	-0.130829	-0.972053	0.246264	0.233927	-0.077299	0.969177	-0.107059	-0.992821	-0.053344	0.966342	-0.091280	-0.240523
26228	9.266220	0.418328	0.079693	-0.169660	-0.967141	0.240650	0.243005	-0.080526	0.966677	-0.109269	-0.992478	-0.055207	0.963851	-0.092212	-0.249976
26229	9.347695	-0.078738	-0.912990	-0.313858	-0.951782	0.229206	0.251901	-0.083612	0.964134	-0.112800	-0.992007	-0.056557	0.961157	-0.094508	-0.259319
26230	9.265447	-0.694162	-1.909427	-0.361996	-0.915913	0.222077	0.260442	-0.086644	0.961594	-0.116841	-0.991474	-0.057690	0.958394	-0.097329	-0.268345
26231	9.264170	-1.083504	-2.916468	-0.353687	-0.887657	0.217661	0.268668	-0.089598	0.959057	-0.120743	-0.990944	-0.058752	0.955635	-0.100015	-0.277053
26232	9.393145	-1.207458	-3.777385	-0.336442	-0.864236	0.213499	0.276659	-0.092540	0.956502	-0.124533	-0.990412	-0.059801	0.952865	-0.102572	-0.285530
26233	9.475043	-1.344444	-4.487329	-0.310482	-0.839799	0.202130	0.284385	-0.095335	0.953958	-0.127998	-0.989911	-0.060770	0.950127	-0.104823	-0.293718
26234	9.528242	-1.515042	-4.922218	-0.280695	-0.800933	0.185529	0.291749	-0.097970	0.951464	-0.131192	-0.989438	-0.061652	0.947455	-0.106838	-0.301521
26235	9.515524	-1.605477	-5.231733	-0.206152	-0.752922	0.164439	0.298647	-0.100331	0.949075	-0.133577	-0.989064	-0.062526	0.944969	-0.108101	-0.308783
26236	9.485640	-1.398559	-5.313822	-0.095614	-0.698589	0.145454	0.305052	-0.102477	0.946806	-0.134914	-0.988817	-0.063556	0.942731	-0.108349	-0.315466
26237	9.474370	-0.778046	-5.069706	-0.033757	-0.663964	0.139489	0.311108	-0.104503	0.944611	-0.135616	-0.988646	-0.064710	0.940649	-0.107972	-0.321748
26238	9.609611	-0.696750	-4.753892	-0.099455	-0.643246	0.131872	0.316978	-0.106453	0.942440	-0.136959	-0.988403	-0.065581	0.938492	-0.108288	-0.327882
26239	9.597736	-0.893889	-4.436657	-0.058698	-0.609389	0.119877	0.322520	-0.108228	0.940355	-0.137848	-0.988221	-0.066458	0.936472	-0.108192	-0.333640
26240	9.598547	-0.854682	-4.039327	-0.012067	-0.591672	0.111915	0.327906	-0.109923	0.938293	-0.138319	-0.988090	-0.067419	0.934529	-0.107677	-0.339206
26241	9.541459	-0.917034	-3.837963	-0.004716	-0.562234	0.101857	0.333008	-0.111464	0.936313	-0.138657	-0.987982	-0.068301	0.932673	-0.107081	-0.344462
26242	9.368297	-0.918771	-3.633676	-0.008381	-0.539165	0.092985	0.337909	-0.112910	0.934382	-0.139040	-0.987874	-0.069091	0.930852	-0.106570	-0.349510
26243	9.221266	-0.952297	-3.504445	-0.012400	-0.530276	0.082165	0.342720	-0.114217	0.932469	-0.139393	-0.987777	-0.069759	0.929039	-0.106072	-0.354452
26244	9.037070	-0.884625	-3.319883	-0.001722	-0.521365	0.063698	0.347476	-0.115349	0.930567	-0.139622	-0.987707	-0.070296	0.927236	-0.105501	-0.359310
26245	9.151902	-0.798785	-3.193434	-0.038007	-0.524383	0.051599	0.352255	-0.116343	0.928644	-0.140113	-0.987616	-0.070583	0.925356	-0.105252	-0.364195
26246	9.513565	-0.639577	-3.091056	-0.116262	-0.505390	0.050070	0.356863	-0.117322	0.926760	-0.141358	-0.987440	-0.070572	0.923400	-0.105820	-0.368965
26247	9.046143	-1.139925	-3.332925	-0.159250	-0.515006	0.061390	0.361520	-0.118407	0.924815	-0.143005	-0.987208	-0.070493	0.921332	-0.106768	-0.373828
26248	8.827087	-1.095517	-3.339823	-0.122047	-0.526866	0.043152	0.366313	-0.119348	0.922806	-0.144277	-0.987031	-0.070383	0.919238	-0.107358	-0.378782
26249	8.726874	-1.226841	-3.398792	-0.104260	-0.521597	0.017759	0.371071	-0.120017	0.920816	-0.145259	-0.986908	-0.070095	0.917173	-0.107747	-0.383646
26250	8.830700	-1.151036	-3.452387	-0.080736	-0.516954	0.001546	0.375811	-0.120541	0.918823	-0.145996	-0.986823	-0.069748	0.915124	-0.107932	-0.388458
26251	8.770011	-1.153049	-3.604777	-0.086080	-0.511442	-0.006698	0.380490	-0.120962	0.916840	-0.146718	-0.986748	-0.069297	0.913072	-0.108150	-0.393195
26252	8.780671	-1.287638	-3.662112	-0.076891	-0.524961	-0.023739	0.385319	-0.121247	0.914783	-0.147320	-0.986698	-0.068726	0.910948	-0.108284	-0.398056
26253	8.829086	-1.246760	-3.558384	-0.036512	-0.530849	-0.031387	0.390189	-0.121448	0.912690	-0.147493	-0.986706	-0.068241	0.908845	-0.107988	-0.402914
26254	8.805632	-1.275749	-3.421951	-0.013266	-0.551904	-0.046367	0.395274	-0.121536	0.910488	-0.147421	-0.986753	-0.067715	0.906656	-0.107459	-0.407954
26255	8.890623	-1.233692	-3.194837	0.008226	-0.577885	-0.057588	0.400584	-0.121524	0.908165	-0.147082	-0.986841	-0.067175	0.904378	-0.106666	-0.413187
26256	8.912413	-1.255541	-2.877387	0.005200	-0.614003	-0.067281	0.406235	-0.121464	0.905660	-0.146754	-0.986933	-0.066537	0.901907	-0.105879	-0.418752
26257	8.880481	-1.277066	-2.344800	-0.008576	-0.656145	-0.076694	0.412249	-0.121338	0.902955	-0.146483	-0.987025	-0.065758	0.899218	-0.105159	-0.424674
26258	9.175398	-1.771762	-2.383482	0.000769	-0.709667	-0.116146	0.418796	-0.120886	0.899998	-0.145982	-0.987172	-0.064665	0.896269	-0.104302	-0.431071
26259	9.210189	-1.083767	-2.030635	0.116765	-0.750305	-0.129443	0.425689	-0.120323	0.896834	-0.144358	-0.987456	-0.063961	0.893280	-0.102237	-0.437719
26260	9.104965	-1.165621	-1.808392	0.022586	-0.844339	-0.141461	0.433426	-0.119736	0.893199	-0.143537	-0.987654	-0.062746	0.889685	-0.101011	-0.445262
26261	9.388010	-1.051108	-1.742309	0.037747	-0.926231	-0.149543	0.441853	-0.119128	0.889143	-0.142513	-0.987878	-0.061536	0.885695	-0.099525	-0.453474
26262	9.357102	-0.644961	-1.793202	0.015792	-0.984413	-0.140889	0.450757	-0.118660	0.884725	-0.141732	-0.988066	-0.060310	0.881323	-0.098209	-0.462195
26263	9.455337	-0.197550	-2.029009	-0.054128	-1.041317	-0.137343	0.460093	-0.118262	0.879960	-0.141546	-0.988184	-0.058798	0.876516	-0.097502	-0.471396
26264	9.741268	0.342982	-2.418285	-0.131948	-1.088300	-0.150894	0.469824	-0.117783	0.874867	-0.141984	-0.988238	-0.056797	0.871267	-0.097532	-0.481021
26265	9.286718	0.393882	-2.973560	-0.252855	-1.139068	-0.147904	0.479915	-0.117374	0.869428	-0.143434	-0.988173	-0.054230	0.865510	-0.098679	-0.491075
26266	9.140934	0.066412	-3.477078	-0.375883	-1.194271	-0.155990	0.490446	-0.116976	0.863585	-0.145904	-0.987985	-0.050965	0.859171	-0.101005	-0.501621
26267	9.002435	-0.566419	-4.116362	-0.465197	-1.226928	-0.163035	0.501176	-0.116554	0.857460	-0.149027	-0.987708	-0.047154	0.852416	-0.104153	-0.512385
26268	8.894141	-1.306530	-4.690503	-0.496201	-1.243006	-0.182291	0.512009	-0.116021	0.851109	-0.152300	-0.987399	-0.042979	0.845370	-0.107618	-0.523228
26269	8.961630	-1.034520	-4.824659	-0.450365	-1.254757	-0.205530	0.522877	-0.115291	0.844576	-0.154979	-0.987155	-0.038808	0.838201	-0.110600	-0.534028
26270	8.864411	-0.486654	-4.719411	-0.505554	-1.272679	-0.213659	0.533838	-0.114564	0.837790	-0.158051	-0.986837	-0.034235	0.830684	-0.114137	-0.544918
26271	8.822503	-0.947081	-4.859809	-0.618430	-1.297463	-0.248506	0.544951	-0.113554	0.830743	-0.161774	-0.986410	-0.028711	0.822713	-0.118746	-0.555915
26272	9.042307	-1.585379	-4.948736	-0.586095	-1.321510	-0.327548	0.556311	-0.111872	0.823409	-0.164750	-0.986075	-0.022664	0.814478	-0.123048	-0.566996
26273	9.493886	-1.686682	-4.589203	-0.493405	-1.357134	-0.421795	0.567995	-0.109339	0.815737	-0.166330	-0.985935	-0.016338	0.806049	-0.126401	-0.578193
26274	10.226858	-1.537270	-3.865278	-0.389339	-1.430956	-0.501607	0.580309	-0.106170	0.807446	-0.166551	-0.985983	-0.009946	0.797184	-0.128709	-0.589857
26275	10.915329	-0.431939	-2.627726	-0.291958	-1.520233	-0.548693	0.593256	-0.102662	0.798441	-0.165600	-0.986186	-0.003759	0.787797	-0.129992	-0.602062
26276	11.537951	0.717888	-1.195409	-0.382252	-1.641125	-0.562686	0.607037	-0.099215	0.788456	-0.165193	-0.986256	0.003078	0.777314	-0.132116	-0.615084
26277	12.072359	1.170170	-0.007789	-0.621630	-1.775737	-0.566031	0.621660	-0.095948	0.777388	-0.166458	-0.985982	0.011419	0.765395	-0.136501	-0.628917
26278	12.672748	0.728327	0.526813	-0.901119	-1.885562	-0.588079	0.636962	-0.092744	0.765296	-0.169571	-0.985278	0.021733	0.752014	-0.143615	-0.643312
26279	13.125842	0.010917	0.281694	-1.092284	-1.969379	-0.611920	0.652666	-0.089552	0.752335	-0.173694	-0.984229	0.033528	0.737467	-0.152559	-0.657927
26280	13.352359	-0.638365	-0.201041	-1.269457	-2.027450	-0.625903	0.668571	-0.086549	0.738595	-0.178797	-0.982778	0.046684	0.721834	-0.163270	-0.672531
26281	13.137953	-0.970061	-0.962672	-1.358920	-2.107533	-0.632819	0.684741	-0.083807	0.723952	-0.184136	-0.981031	0.060595	0.705141	-0.174797	-0.687184
26282	12.796602	-0.753320	-1.530516	-1.411895	-2.159886	-0.627273	0.700962	-0.081517	0.708524	-0.189595	-0.978999	0.074936	0.687536	-0.186860	-0.701696
26283	12.643224	-0.856969	-2.588176	-1.562005	-2.193065	-0.647482	0.717067	-0.079338	0.692474	-0.195520	-0.976507	0.090584	0.669019	-0.200347	-0.715734
26284	12.965682	-1.034771	-4.371397	-1.417447	-2.045091	-0.697083	0.731957	-0.076713	0.677018	-0.199799	-0.974126	0.105635	0.651398	-0.212588	-0.728346
26285	12.334429	-0.077511	-6.130039	-1.375510	-1.912378	-0.716936	0.745680	-0.073822	0.662202	-0.203267	-0.971672	0.120569	0.634542	-0.224510	-0.739561
26286	12.001239	0.208193	-7.508720	-1.232840	-1.749666	-0.720087	0.758127	-0.070807	0.648251	-0.205549	-0.969359	0.134507	0.618865	-0.235221	-0.749452
26287	11.022206	0.652200	-8.388283	-1.041154	-1.472446	-0.693288	0.768551	-0.067529	0.636215	-0.206552	-0.967354	0.146839	0.605530	-0.244265	-0.757409
26288	9.178740	1.130556	-9.371211	-0.890105	-1.308620	-0.679310	0.777810	-0.064163	0.625216	-0.206604	-0.965594	0.157936	0.593571	-0.252016	-0.764304
26289	8.073400	0.986597	-9.739415	-0.939584	-1.482493	-0.680413	0.787896	-0.061302	0.612749	-0.206715	-0.963625	0.169397	0.580076	-0.260131	-0.771909
26290	8.240575	0.286592	-9.327445	-0.522910	-1.256447	-0.608796	0.796378	-0.058686	0.601946	-0.204864	-0.962619	0.177187	0.569046	-0.264424	-0.778631
26291	6.353445	0.899185	-9.418102	-0.080256	-0.914714	-0.490227	0.802525	-0.056299	0.593956	-0.201327	-0.962698	0.180774	0.561623	-0.264655	-0.783924
26292	5.122733	1.593900	-8.876628	0.175932	-0.758759	-0.373701	0.807519	-0.054652	0.587304	-0.197302	-0.963369	0.181635	0.555864	-0.262550	-0.788722
26293	4.422510	2.487463	-9.777602	0.219808	-0.425381	-0.267300	0.810381	-0.053104	0.583492	-0.193854	-0.964096	0.181490	0.552905	-0.260189	-0.791580
26294	1.802025	2.965831	-12.013306	-0.065331	-0.451755	-0.181137	0.813229	-0.052486	0.579572	-0.192709	-0.964022	0.183099	0.549110	-0.260590	-0.794085
26295	3.211266	1.610915	-8.683706	-0.295344	-0.413129	-0.172786	0.815805	-0.051821	0.576001	-0.192852	-0.963346	0.186473	0.545225	-0.263208	-0.795896
26296	5.926430	-1.699119	-6.988721	-0.024989	0.298701	-0.203680	0.814573	-0.049024	0.577986	-0.191294	-0.963383	0.187883	0.547611	-0.263610	-0.794123
26297	6.218146	-3.179404	-7.249909	0.886068	0.918461	-0.203346	0.809865	-0.044606	0.584918	-0.184692	-0.965784	0.182070	0.556784	-0.255482	-0.790393
26298	5.611793	-1.529799	-7.653136	1.773456	1.410023	-0.182021	0.802245	-0.039310	0.595699	-0.173187	-0.970244	0.169211	0.571322	-0.238916	-0.785182
26299	4.717068	0.448513	-8.341928	2.207547	1.719741	-0.160738	0.792514	-0.033761	0.608918	-0.159058	-0.975351	0.152939	0.588746	-0.218060	-0.778350
26300	4.660140	2.833448	-8.661934	2.261078	1.979814	-0.062871	0.780772	-0.028993	0.624144	-0.145003	-0.980058	0.135866	0.607758	-0.196583	-0.769406
26301	5.335312	4.043567	-7.779792	1.606195	2.287603	0.014478	0.766594	-0.024757	0.641655	-0.135151	-0.983093	0.123537	0.627748	-0.181423	-0.756980
26302	5.777113	2.597192	-7.933803	1.053853	2.679747	-0.021498	0.749514	-0.019765	0.661693	-0.128227	-0.984958	0.115825	0.649451	-0.171659	-0.740775
26303	5.696328	0.931571	-7.910168	0.856397	3.017663	-0.069651	0.729621	-0.013956	0.683709	-0.122002	-0.986409	0.110060	0.672881	-0.163716	-0.721407
26304	5.867880	-0.313040	-8.125105	1.032895	3.311392	-0.106281	0.707054	-0.007599	0.707119	-0.114130	-0.988060	0.103502	0.697889	-0.153885	-0.699478
26305	6.009955	-0.340198	-8.009930	1.346613	3.575033	-0.138668	0.681751	-0.000905	0.731583	-0.103550	-0.990051	0.095272	0.724219	-0.140707	-0.675062
26306	5.992061	0.338826	-7.813832	1.523829	3.784558	-0.138338	0.653971	0.005554	0.756499	-0.091359	-0.992075	0.086261	0.750983	-0.125526	-0.648281
26307	6.084826	0.855483	-7.535390	1.592862	3.958478	-0.165393	0.623819	0.011896	0.781479	-0.078093	-0.993932	0.077468	0.777658	-0.109354	-0.619104
26308	6.298798	1.286630	-7.214430	1.564785	4.143627	-0.212723	0.591199	0.018258	0.806319	-0.064402	-0.995483	0.069762	0.803950	-0.093172	-0.587353
26309	6.264228	1.421071	-6.811593	1.525739	4.305606	-0.269856	0.556146	0.024660	0.830719	-0.050360	-0.996723	0.063303	0.829557	-0.077041	-0.553082
26310	6.339195	1.321471	-6.539011	1.486151	4.434043	-0.309267	0.518949	0.030855	0.854248	-0.036167	-0.997661	0.058006	0.854040	-0.060998	-0.516619
26311	6.598512	1.246376	-6.459047	1.496581	4.514117	-0.337831	0.479929	0.036659	0.876541	-0.021495	-0.998335	0.053521	0.877044	-0.044528	-0.478342
26312	6.872866	1.429745	-6.287224	1.555243	4.574607	-0.354808	0.439362	0.041893	0.897333	-0.006043	-0.998752	0.049586	0.898290	-0.027208	-0.438560
26313	7.001017	1.688031	-6.237337	1.553965	4.655380	-0.374024	0.397034	0.046537	0.916623	0.009662	-0.998870	0.046527	0.917753	-0.009616	-0.397035
26314	7.172072	1.907325	-5.798163	1.510499	4.717535	-0.370348	0.353252	0.050330	0.934173	0.025057	-0.998703	0.044331	0.935193	0.007748	-0.354055
26315	7.549929	2.023835	-5.530225	1.446108	4.752903	-0.347587	0.308275	0.053083	0.949815	0.039872	-0.998286	0.042851	0.950461	0.024661	-0.309863
26316	7.931709	2.081840	-5.038883	1.357668	4.771760	-0.299956	0.262459	0.054565	0.963399	0.053726	-0.997678	0.041870	0.963446	0.040771	-0.264781
26317	8.406063	2.221547	-4.282918	1.255603	4.764076	-0.237178	0.216109	0.054682	0.974837	0.066489	-0.996937	0.041182	0.974103	0.055916	-0.219083
26318	8.884846	2.139703	-3.726889	1.090861	4.733926	-0.142411	0.169682	0.053185	0.984063	0.077437	-0.996175	0.040487	0.982452	0.069333	-0.173151
26319	9.628285	2.094336	-3.265924	0.924772	4.668071	-0.033645	0.123596	0.050068	0.991069	0.086633	-0.995458	0.039486	0.988544	0.080979	-0.127372
26320	10.124779	2.018554	-2.948659	0.697789	4.597828	0.094596	0.078124	0.045241	0.995917	0.093445	-0.994904	0.037865	0.992555	0.090105	-0.081954
26321	10.669016	2.108301	-2.588997	0.371750	4.440356	0.214200	0.034155	0.039041	0.998654	0.097052	-0.994644	0.035565	0.994693	0.095707	-0.037761
26322	10.851975	1.936018	-1.271992	-0.024124	4.241476	0.341432	-0.007728	0.031607	0.999470	0.096757	-0.994787	0.032207	0.995278	0.096955	0.004630
26323	10.478374	0.934887	3.988936	-0.440489	3.952499	0.396663	-0.046728	0.023947	0.998621	0.092518	-0.995312	0.028197	0.994614	0.093708	0.044293
26324	11.748080	-2.470718	1.294617	-0.692627	3.474022	0.397547	-0.080908	0.016890	0.996578	0.085874	-0.996020	0.023852	0.993015	0.087510	0.079135
26325	9.608960	-0.505559	1.246024	-0.604399	2.767298	0.424431	-0.108051	0.010368	0.994091	0.080308	-0.996587	0.019123	0.990896	0.081900	0.106850
26326	8.405891	-0.259432	2.203818	-1.231117	2.185832	0.415041	-0.129389	0.004620	0.991583	0.068595	-0.997552	0.013599	0.989218	0.069777	0.128756
26327	7.656803	-2.015968	1.717068	-1.399751	1.698507	0.433130	-0.145954	-0.000721	0.989291	0.055379	-0.998438	0.007443	0.987740	0.055872	0.145766
26328	7.105878	-1.504665	1.685932	-1.024703	1.191117	0.476679	-0.157474	-0.006037	0.987505	0.045969	-0.998942	0.001224	0.986453	0.045587	0.157585
26329	6.799526	0.342047	2.250667	-0.904700	0.707333	0.516943	-0.164274	-0.011447	0.986348	0.037896	-0.999268	-0.005285	0.985687	0.036510	0.164587
26330	6.199039	1.500639	2.338780	-1.111763	0.314198	0.547840	-0.167193	-0.016970	0.985778	0.027827	-0.999535	-0.012487	0.985531	0.025344	0.167588
26331	5.652155	1.260339	1.360086	-1.422664	0.007205	0.559237	-0.167186	-0.022515	0.985668	0.014760	-0.999684	-0.020332	0.985815	0.011150	0.167466
26332	6.300535	-0.148418	-0.119994	-1.544756	-0.270748	0.526979	-0.164478	-0.027725	0.985991	0.000382	-0.999607	-0.028044	0.986381	-0.004236	0.164424
26333	6.362606	-1.286757	-1.454372	-1.385175	-0.504375	0.452436	-0.159568	-0.032255	0.986660	-0.012529	-0.999319	-0.034696	0.987107	-0.017898	0.159055
26334	6.485704	-2.309833	-2.770038	-1.030924	-0.716893	0.363310	-0.152551	-0.036001	0.987640	-0.022161	-0.998960	-0.039836	0.988047	-0.027964	0.151595
26335	6.558665	-2.677363	-4.519878	-0.505691	-0.897219	0.247114	-0.143778	-0.038695	0.988853	-0.026778	-0.998717	-0.042974	0.989248	-0.032658	0.142557
26336	6.659230	-2.866852	-5.693093	0.081013	-1.052344	0.096150	-0.133385	-0.039943	0.990259	-0.025860	-0.998707	-0.043767	0.990727	-0.031446	0.132179
26337	7.138956	-2.896744	-6.397419	0.709439	-1.167120	-0.021148	-0.121841	-0.040012	0.991743	-0.018849	-0.998914	-0.042617	0.992371	-0.023886	0.120954
26338	8.313533	-2.452104	-5.813200	1.254913	-1.240445	-0.089724	-0.109510	-0.039281	0.993209	-0.006506	-0.999169	-0.040234	0.993964	-0.010868	0.109163
26339	11.135048	-1.621735	-2.520966	1.620520	-1.024466	-0.060983	-0.099353	-0.038658	0.994301	0.009537	-0.999236	-0.037897	0.995007	0.005717	0.099646
26340	13.608934	-1.545336	2.035612	1.781578	-0.638131	-0.005239	-0.093005	-0.038462	0.994922	0.027246	-0.998978	-0.036072	0.995293	0.023753	0.093958
26341	14.357689	1.038384	3.435915	2.032329	-0.573795	-0.029355	-0.087338	-0.037935	0.995456	0.047431	-0.998300	-0.033882	0.995049	0.044256	0.088989
26342	14.625664	5.742592	2.488058	1.704345	-0.835003	-0.059280	-0.079067	-0.036853	0.996188	0.064324	-0.997422	-0.031793	0.994792	0.061565	0.081234
26343	12.077600	6.607828	2.209736	0.587641	-1.018507	0.137564	-0.068875	-0.037521	0.996919	0.070276	-0.996993	-0.032668	0.995147	0.067809	0.071304
26344	10.687141	2.288610	0.700919	0.049307	-1.231718	0.296803	-0.056408	-0.039590	0.997623	0.070939	-0.996847	-0.035548	0.995884	0.068765	0.059038
26345	10.409173	1.505439	-0.606432	0.476013	-1.497762	0.340608	-0.041273	-0.041861	0.998271	0.075871	-0.996368	-0.038644	0.996263	0.074145	0.044299
26346	10.213785	2.888399	-1.078549	0.700357	-1.583002	0.335098	-0.025241	-0.043915	0.998716	0.082948	-0.995682	-0.041685	0.996234	0.081789	0.028775
26347	9.630600	2.703379	-2.647113	0.556809	-1.595951	0.330154	-0.009093	-0.045786	0.998910	0.088588	-0.995060	-0.044803	0.996027	0.088084	0.013105
26348	9.843586	2.288229	-3.466886	0.346116	-1.580040	0.395228	0.006994	-0.048245	0.998811	0.092029	-0.994566	-0.048684	0.995732	0.092260	-0.002516
26349	10.172638	1.731961	-3.225057	-0.111709	-1.476876	0.460594	0.022089	-0.051398	0.998434	0.090899	-0.994438	-0.053203	0.995615	0.091932	-0.017294
26350	9.970414	0.116792	-3.185549	-0.590521	-1.342416	0.459558	0.035853	-0.054720	0.997858	0.084877	-0.994725	-0.057598	0.995746	0.086760	-0.031020
26351	10.017199	-1.642718	-3.165832	-0.799407	-1.262629	0.430918	0.048747	-0.057885	0.997132	0.076791	-0.995147	-0.061524	0.995855	0.079570	-0.044065
26352	10.234687	-3.008431	-2.833028	-0.778508	-1.188890	0.410153	0.060880	-0.061015	0.996279	0.068806	-0.995499	-0.065172	0.995771	0.072517	-0.056408
26353	9.767997	-3.171163	-2.120375	-0.443592	-1.125073	0.347183	0.072286	-0.063606	0.995354	0.064209	-0.995598	-0.068284	0.995315	0.068846	-0.067883
26354	9.427584	-2.439519	-1.185160	-0.199075	-1.121755	0.324837	0.083647	-0.066025	0.994306	0.061968	-0.995527	-0.071320	0.994567	0.067581	-0.079181
26355	9.754296	-1.708347	-0.806214	0.015972	-1.129975	0.288644	0.095033	-0.068063	0.993145	0.061911	-0.995324	-0.074137	0.993547	0.068532	-0.090375
26356	9.584635	-0.984195	-0.474272	0.062581	-1.149633	0.238917	0.106593	-0.069596	0.991864	0.062286	-0.995121	-0.076518	0.992350	0.069936	-0.101738
26357	9.380296	-0.652822	-0.687558	0.086477	-1.174992	0.219537	0.118357	-0.070882	0.990438	0.062937	-0.994908	-0.078723	0.990975	0.071653	-0.113293
26358	9.227891	-0.091393	-0.682308	0.031206	-1.173348	0.238926	0.130122	-0.072363	0.988854	0.062945	-0.994718	-0.081075	0.989498	0.072793	-0.124880
26359	9.321229	0.100919	-0.826579	-0.182278	-1.159113	0.255936	0.141716	-0.074002	0.987137	0.060838	-0.994666	-0.083301	0.988036	0.071861	-0.136458
26360	9.388043	-0.464630	-1.357090	-0.361542	-1.102044	0.257883	0.152744	-0.075742	0.985359	0.056886	-0.994732	-0.085280	0.986627	0.069079	-0.147631
26361	9.490576	-1.097815	-1.819727	-0.384179	-1.091180	0.246258	0.163612	-0.077384	0.983485	0.052755	-0.994806	-0.087051	0.985113	0.066127	-0.158680
26362	9.508636	-1.236778	-2.272828	-0.323625	-1.084477	0.237946	0.174404	-0.078997	0.981500	0.049166	-0.994835	-0.088807	0.983446	0.063744	-0.169619
26363	9.564440	-1.033818	-2.557564	-0.350193	-1.091646	0.235673	0.185217	-0.080590	0.979388	0.045347	-0.994869	-0.090440	0.981651	0.061163	-0.180612
26364	9.593983	-1.014162	-2.772604	-0.422294	-1.095040	0.244245	0.196058	-0.082319	0.977131	0.040739	-0.994926	-0.091993	0.979746	0.057843	-0.191709
26365	9.663691	-1.020630	-3.017674	-0.492668	-1.076741	0.242062	0.206666	-0.084056	0.974794	0.035476	-0.995004	-0.093320	0.977768	0.053868	-0.202652
26366	9.452567	-0.843513	-3.099038	-0.555286	-1.082101	0.241551	0.217311	-0.085852	0.972320	0.029540	-0.995090	-0.094465	0.975655	0.049251	-0.213708
26367	9.544467	-0.980014	-3.059115	-0.632970	-1.104240	0.235609	0.228112	-0.087611	0.969685	0.022894	-0.995185	-0.095300	0.973366	0.043939	-0.225008
26368	9.671387	-1.245116	-3.185088	-0.630493	-1.099859	0.228109	0.238847	-0.089378	0.966935	0.016233	-0.995249	-0.096005	0.970922	0.038627	-0.236261
26369	9.688665	-1.594233	-3.156584	-0.589805	-1.084890	0.221853	0.249375	-0.091121	0.964110	0.010019	-0.995267	-0.096657	0.968355	0.033764	-0.247282
26370	9.694691	-1.782920	-3.159777	-0.495692	-1.055919	0.200267	0.259600	-0.092730	0.961254	0.004718	-0.995246	-0.097283	0.965705	0.029790	-0.257928
26371	9.619726	-1.739469	-3.085888	-0.384705	-1.019370	0.190108	0.269416	-0.094262	0.958400	0.000550	-0.995183	-0.098034	0.963024	0.026939	-0.268066
26372	9.576017	-1.567962	-2.922614	-0.305415	-0.974541	0.165724	0.278785	-0.095610	0.955582	-0.002838	-0.995110	-0.098737	0.960349	0.024814	-0.277693
26373	9.455810	-1.454530	-2.750656	-0.242153	-0.945208	0.138463	0.287825	-0.096691	0.952789	-0.005511	-0.995041	-0.099314	0.957667	0.023335	-0.286931
26374	9.229951	-1.336647	-2.584119	-0.196550	-0.924772	0.111707	0.296660	-0.097543	0.949988	-0.007712	-0.994982	-0.099754	0.954952	0.022266	-0.295924
26375	9.186449	-1.221257	-2.361040	-0.168854	-0.911601	0.087285	0.305327	-0.098144	0.947176	-0.009544	-0.994940	-0.100016	0.952200	0.021498	-0.304719
26376	9.217364	-1.343644	-2.307130	-0.176697	-0.890341	0.068004	0.313785	-0.098584	0.944362	-0.011429	-0.994915	-0.100063	0.949425	0.020605	-0.313316
26377	9.081127	-1.439881	-2.406141	-0.174177	-0.863152	0.031132	0.321945	-0.098652	0.941605	-0.013139	-0.994926	-0.099746	0.946667	0.019741	-0.321608
26378	9.082140	-1.493876	-2.616920	-0.174587	-0.831375	0.025758	0.329800	-0.098698	0.938877	-0.014867	-0.994940	-0.099370	0.943934	0.018814	-0.329598
26379	9.034481	-1.855476	-2.899232	-0.160784	-0.836854	0.042280	0.337662	-0.098898	0.936058	-0.016483	-0.994934	-0.099173	0.941123	0.018058	-0.337581
26380	8.933280	-1.413770	-3.020401	-0.080171	-0.858526	0.006033	0.345727	-0.098754	0.933124	-0.017250	-0.994947	-0.098905	0.938176	0.018098	-0.345684
26381	8.882065	-1.207325	-3.180495	-0.051855	-0.816134	-0.012170	0.353355	-0.098419	0.930298	-0.017656	-0.994975	-0.098556	0.935323	0.018400	-0.353317
26382	8.897965	-1.086779	-3.252185	-0.084392	-0.824427	-0.015411	0.361056	-0.098065	0.927373	-0.018381	-0.995011	-0.098061	0.932363	0.018360	-0.361058
26383	8.873386	-1.360876	-3.480873	-0.093254	-0.837749	-0.021081	0.368839	-0.097638	0.924351	-0.019134	-0.995054	-0.097471	0.929296	0.018265	-0.368883
26384	8.840258	-1.519419	-3.377221	-0.058182	-0.852648	-0.032301	0.376755	-0.097110	0.921209	-0.019545	-0.995102	-0.096907	0.926107	0.018505	-0.376807
26385	8.889000	-1.422221	-3.245357	-0.025101	-0.859299	-0.043557	0.384688	-0.096452	0.917994	-0.019574	-0.995154	-0.096357	0.922839	0.019098	-0.384712
26386	8.985199	-1.264395	-3.224869	-0.011373	-0.860590	-0.043126	0.392623	-0.095807	0.914696	-0.019502	-0.995203	-0.095868	0.919493	0.019802	-0.392608
26387	8.900751	-0.990755	-3.150015	-0.038786	-0.869921	-0.041341	0.400595	-0.095159	0.911300	-0.019658	-0.995256	-0.095284	0.916044	0.020256	-0.400565
26388	8.790189	-1.107362	-3.140646	-0.127163	-0.888688	-0.042231	0.408728	-0.094511	0.907749	-0.020639	-0.995326	-0.094336	0.912423	0.019823	-0.408769
26389	8.993486	-1.658703	-3.315324	-0.175840	-0.920251	-0.060326	0.417100	-0.093671	0.904021	-0.021955	-0.995423	-0.093012	0.908596	0.018948	-0.417247
26390	9.107616	-1.600769	-2.906638	-0.110721	-0.941795	-0.086957	0.425657	-0.092578	0.900136	-0.022581	-0.995530	-0.091711	0.904603	0.018712	-0.425845
26391	9.194471	-1.901260	-2.729795	-0.113452	-0.997876	-0.125110	0.434670	-0.091087	0.895972	-0.023032	-0.995671	-0.090049	0.900295	0.018506	-0.434886
26392	9.644323	-1.654551	-2.424236	-0.005754	-1.044808	-0.173775	0.444092	-0.089110	0.891539	-0.022307	-0.995833	-0.088422	0.895704	0.019380	-0.444229
26393	9.438369	-1.137635	-2.169709	0.028884	-1.093573	-0.189796	0.453879	-0.086943	0.886812	-0.021164	-0.996000	-0.086816	0.890812	0.020636	-0.453903
26394	9.560967	-0.731209	-2.086195	0.015455	-1.163443	-0.202002	0.464254	-0.084635	0.881649	-0.020086	-0.996174	-0.085052	0.885474	0.021777	-0.464177
