// General information: 
//  MT Manager version: 2022.2.0 
//  XDA version: 2022.2.0 build 7381 rev 124627 built on 2023-07-19
// Device information: 
//  DeviceId: 00B4CBA7
//  ProductCode: MTW2-3A7G6
//  Firmware Version: 4.6.0
//  Hardware Version: 2.0.0
// Device settings: 
//  Filter Profile: human(46.1)
//  Option Flags: Orientation Smoother Disabled, Position/Velocity Smoother Disabled, Continuous Zero Rotation Update Disabled, AHS Disabled, ICC Disabled
// Coordinate system: ENU
PacketCounter	Acc_X	Acc_Y	Acc_Z	Gyr_X	Gyr_Y	Gyr_Z	Mat[1][1]	Mat[2][1]	Mat[3][1]	Mat[1][2]	Mat[2][2]	Mat[3][2]	Mat[1][3]	Mat[2][3]	Mat[3][3]
19829	9.411248	-1.220644	-2.266012	0.008716	-0.013100	0.004914	-0.190816	-0.185118	0.964013	-0.947157	0.292675	-0.131278	-0.257841	-0.938122	-0.231183
19830	9.481209	-1.201180	-2.271605	-0.000000	-0.012454	0.004931	-0.190869	-0.185218	0.963983	-0.947148	0.292696	-0.131298	-0.257835	-0.938095	-0.231296
19831	9.453857	-1.184809	-2.222056	-0.004258	-0.009192	0.006833	-0.190806	-0.185284	0.963983	-0.947142	0.292760	-0.131202	-0.257906	-0.938063	-0.231350
19832	9.453748	-1.153308	-2.210089	-0.001430	-0.011726	0.004843	-0.190856	-0.185377	0.963955	-0.947129	0.292794	-0.131217	-0.257916	-0.938033	-0.231458
19833	9.467006	-1.146288	-2.230122	-0.002970	-0.013642	0.007471	-0.190873	-0.185499	0.963928	-0.947115	0.292853	-0.131187	-0.257954	-0.937991	-0.231587
19834	9.453804	-1.149775	-2.178562	-0.007903	-0.015459	0.009355	-0.190975	-0.185615	0.963886	-0.947077	0.292956	-0.131230	-0.258018	-0.937936	-0.231739
19835	9.452756	-1.123127	-2.201271	-0.014153	-0.013903	0.008434	-0.191006	-0.185759	0.963852	-0.947033	0.293120	-0.131182	-0.258156	-0.937856	-0.231907
19836	9.451908	-1.187464	-2.228920	-0.017184	-0.017246	0.006642	-0.191087	-0.185899	0.963809	-0.946976	0.293305	-0.131178	-0.258304	-0.937770	-0.232089
19837	9.450376	-1.224541	-2.277926	-0.015725	-0.016896	0.008898	-0.191077	-0.186091	0.963774	-0.946940	0.293468	-0.131075	-0.258445	-0.937682	-0.232292
19838	9.449646	-1.257202	-2.292684	-0.010874	-0.016646	0.011898	-0.191206	-0.186210	0.963725	-0.946890	0.293603	-0.131136	-0.258534	-0.937615	-0.232459
19839	9.406808	-1.258273	-2.293424	-0.010483	-0.019010	0.013017	-0.191317	-0.186318	0.963682	-0.946835	0.293761	-0.131177	-0.258652	-0.937545	-0.232614
19840	9.391663	-1.180204	-2.305612	-0.007372	-0.014100	0.009928	-0.191421	-0.186419	0.963642	-0.946797	0.293861	-0.131227	-0.258713	-0.937493	-0.232752
19841	9.490798	-1.195664	-2.272910	-0.013375	-0.018629	0.010678	-0.191478	-0.186565	0.963602	-0.946745	0.294041	-0.131199	-0.258862	-0.937408	-0.232932
19842	9.433311	-1.240564	-2.302049	-0.015228	-0.016611	0.007308	-0.191563	-0.186697	0.963560	-0.946692	0.294209	-0.131205	-0.258992	-0.937329	-0.233105
19843	9.418396	-1.253132	-2.319094	-0.014192	-0.014974	0.006279	-0.191553	-0.186870	0.963529	-0.946657	0.294365	-0.131109	-0.259129	-0.937245	-0.233288
19844	9.460012	-1.285257	-2.334735	-0.015086	-0.012888	0.006762	-0.191623	-0.186969	0.963495	-0.946606	0.294531	-0.131109	-0.259265	-0.937174	-0.233425
19845	9.472539	-1.250994	-2.376095	-0.005410	-0.013472	0.010586	-0.191638	-0.187104	0.963466	-0.946584	0.294619	-0.131066	-0.259333	-0.937119	-0.233570
19846	9.473021	-1.247070	-2.343144	-0.003871	-0.011555	0.007956	-0.191716	-0.187187	0.963434	-0.946559	0.294682	-0.131104	-0.259366	-0.937082	-0.233679
19847	9.457494	-1.232866	-2.380901	-0.007342	-0.013022	0.012100	-0.191742	-0.187232	0.963421	-0.946526	0.294794	-0.131089	-0.259467	-0.937038	-0.233744
19848	9.402961	-1.140847	-2.288744	-0.013951	-0.008019	0.012239	-0.191851	-0.187269	0.963392	-0.946467	0.294959	-0.131145	-0.259602	-0.936979	-0.233832
19849	9.417164	-1.129275	-2.274197	-0.023060	-0.004999	0.011157	-0.191938	-0.187247	0.963379	-0.946381	0.295223	-0.131171	-0.259850	-0.936900	-0.233872
19850	9.390404	-1.171906	-2.216295	-0.028486	-0.007675	0.005428	-0.191982	-0.187301	0.963359	-0.946297	0.295512	-0.131127	-0.260124	-0.936798	-0.233976
19851	9.417656	-1.216080	-2.246890	-0.023632	-0.007430	0.008423	-0.192021	-0.187335	0.963345	-0.946221	0.295771	-0.131091	-0.260371	-0.936710	-0.234055
19852	9.429696	-1.245617	-2.314101	-0.013597	-0.011461	0.011190	-0.192129	-0.187408	0.963309	-0.946165	0.295931	-0.131138	-0.260497	-0.936645	-0.234175
19853	9.416913	-1.217373	-2.249302	-0.010741	-0.012920	0.011362	-0.192209	-0.187484	0.963278	-0.946117	0.296074	-0.131159	-0.260611	-0.936584	-0.234290
19854	9.400121	-1.239689	-2.334491	-0.011278	-0.014275	0.010794	-0.192320	-0.187585	0.963237	-0.946067	0.296211	-0.131207	-0.260709	-0.936521	-0.234435
19855	9.386765	-1.275411	-2.295775	-0.019782	-0.007745	0.014623	-0.192289	-0.187635	0.963233	-0.946012	0.296431	-0.131108	-0.260932	-0.936441	-0.234505
19856	9.303646	-1.267250	-2.226339	-0.016180	-0.015012	0.014857	-0.192441	-0.187730	0.963184	-0.945942	0.296622	-0.131183	-0.261075	-0.936362	-0.234663
19857	9.331229	-1.339627	-2.236367	-0.016571	-0.012645	0.013743	-0.192519	-0.187855	0.963144	-0.945880	0.296822	-0.131175	-0.261241	-0.936273	-0.234832
19858	9.359401	-1.348197	-2.220312	0.002112	-0.019490	0.012125	-0.192656	-0.188000	0.963089	-0.945863	0.296837	-0.131266	-0.261202	-0.936239	-0.235010
19859	9.442083	-1.294679	-2.266702	0.021445	-0.022335	0.008358	-0.192735	-0.188271	0.963020	-0.945907	0.296677	-0.131310	-0.260984	-0.936235	-0.235267
19860	9.524758	-1.058934	-2.303231	0.026117	-0.026890	0.009730	-0.192869	-0.188493	0.962950	-0.945957	0.296462	-0.131435	-0.260704	-0.936259	-0.235484
19861	9.453096	-0.870634	-2.312046	0.007563	-0.028773	0.015736	-0.193043	-0.188685	0.962877	-0.945945	0.296446	-0.131557	-0.260618	-0.936225	-0.235713
19862	9.580500	-0.743719	-2.266267	-0.041037	-0.029424	0.013517	-0.193219	-0.188919	0.962796	-0.945813	0.296867	-0.131560	-0.260968	-0.936045	-0.236043
19863	9.651198	-0.961398	-2.242093	-0.088501	-0.024627	0.026018	-0.193490	-0.189108	0.962704	-0.945535	0.297757	-0.131550	-0.261775	-0.935724	-0.236421
19864	9.623396	-1.218495	-2.210066	-0.120895	-0.019977	0.027465	-0.193774	-0.189212	0.962627	-0.945165	0.298952	-0.131497	-0.262898	-0.935322	-0.236766
19865	9.399373	-1.490413	-2.135989	-0.122424	-0.021373	0.023081	-0.193977	-0.189382	0.962553	-0.944801	0.300166	-0.131342	-0.264052	-0.934898	-0.237153
19866	9.287575	-1.683307	-2.076557	-0.112060	-0.028845	0.024798	-0.194259	-0.189576	0.962458	-0.944457	0.301272	-0.131284	-0.265073	-0.934503	-0.237571
19867	9.429336	-1.876310	-2.025089	-0.095871	-0.025209	0.017030	-0.194423	-0.189784	0.962383	-0.944173	0.302221	-0.131145	-0.265963	-0.934154	-0.237948
19868	9.446572	-1.909095	-1.903553	-0.066929	-0.031930	-0.005785	-0.194425	-0.190099	0.962321	-0.944007	0.302847	-0.130899	-0.266552	-0.933888	-0.238336
19869	9.640372	-2.291238	-2.020968	-0.049149	-0.038913	-0.043881	-0.194114	-0.190581	0.962288	-0.943953	0.303248	-0.130357	-0.266968	-0.933659	-0.238764
19870	10.115607	-2.473461	-2.173259	-0.000040	-0.051598	-0.056937	-0.193686	-0.191234	0.962245	-0.944064	0.303151	-0.129779	-0.266887	-0.933557	-0.239253
19871	10.012676	-2.375652	-2.308989	0.072794	-0.066080	-0.050807	-0.193303	-0.192072	0.962155	-0.944367	0.302383	-0.129366	-0.266092	-0.933634	-0.239838
19872	9.599977	-2.013206	-2.400057	0.112252	-0.088469	-0.074650	-0.192804	-0.193123	0.962045	-0.944810	0.301203	-0.128886	-0.264880	-0.933799	-0.240538
19873	9.331322	-1.837986	-2.402292	0.130986	-0.093223	-0.104479	-0.192027	-0.194326	0.961958	-0.945360	0.299785	-0.128154	-0.263477	-0.934006	-0.241274
19874	9.303251	-1.651278	-2.796421	0.147169	-0.075495	-0.122011	-0.191043	-0.195395	0.961937	-0.945981	0.298183	-0.127305	-0.261959	-0.934295	-0.241806
19875	9.506229	-1.368969	-3.017862	0.143793	-0.047794	-0.135211	-0.189865	-0.196259	0.961995	-0.946617	0.296578	-0.126324	-0.260515	-0.934625	-0.242092
19876	9.506472	-1.145658	-2.996294	0.126602	-0.025509	-0.138852	-0.188588	-0.196908	0.962113	-0.947209	0.295133	-0.125264	-0.259286	-0.934946	-0.242171
19877	9.648401	-1.048642	-2.578111	0.148654	-0.019751	-0.112147	-0.187477	-0.197377	0.962234	-0.947815	0.293524	-0.124459	-0.257874	-0.935353	-0.242106
19878	9.752941	-0.870142	-1.995851	0.134456	-0.022679	-0.087360	-0.186678	-0.197844	0.962293	-0.948325	0.292105	-0.123913	-0.256575	-0.935699	-0.242151
19879	9.835281	-0.983684	-1.704609	0.103528	-0.031824	-0.073752	-0.186025	-0.198395	0.962307	-0.948726	0.291016	-0.123402	-0.255565	-0.935922	-0.242358
19880	9.977538	-0.992556	-1.676030	0.160237	-0.059910	-0.066609	-0.185516	-0.199148	0.962249	-0.949259	0.289395	-0.123118	-0.253951	-0.936264	-0.242730
19881	10.206581	-0.392828	-1.408983	0.170239	-0.090866	-0.058129	-0.185202	-0.200159	0.962100	-0.949792	0.287700	-0.122978	-0.252181	-0.936571	-0.243392
19882	10.536597	-0.021350	-1.135930	0.118000	-0.127082	-0.039959	-0.185113	-0.201463	0.961845	-0.950164	0.286525	-0.122851	-0.250843	-0.936651	-0.244462
19883	10.860444	0.461272	-0.639953	0.066152	-0.157154	0.014458	-0.185612	-0.202882	0.961450	-0.950306	0.285934	-0.123124	-0.249932	-0.936526	-0.245873
19884	10.935652	1.010883	-0.045506	-0.004040	-0.211043	0.059040	-0.186672	-0.204688	0.960862	-0.950187	0.286103	-0.123651	-0.249596	-0.936081	-0.247900
19885	10.896196	1.703342	0.457670	-0.120507	-0.266117	0.082463	-0.188010	-0.206935	0.960120	-0.949755	0.287365	-0.124045	-0.250236	-0.935200	-0.250565
19886	10.843155	1.870844	0.772270	-0.244366	-0.321633	0.113455	-0.189866	-0.209612	0.959173	-0.948928	0.289896	-0.124486	-0.251967	-0.933822	-0.253948
19887	10.972179	2.122131	0.990810	-0.300917	-0.404920	0.168559	-0.192393	-0.212832	0.957960	-0.947864	0.293025	-0.125264	-0.254046	-0.932115	-0.258112
19888	10.992714	2.255197	0.925869	-0.342905	-0.495498	0.230268	-0.195810	-0.216766	0.956384	-0.946542	0.296723	-0.126542	-0.256351	-0.930037	-0.263279
19889	10.896316	2.355854	0.514299	-0.356009	-0.582453	0.281709	-0.199823	-0.221235	0.954529	-0.945107	0.300568	-0.128186	-0.258542	-0.927747	-0.269151
19890	10.747576	2.330588	-0.233762	-0.331349	-0.656699	0.336464	-0.204675	-0.226301	0.952311	-0.943568	0.304401	-0.130460	-0.260361	-0.925272	-0.275833
19891	10.512258	2.181301	-1.086945	-0.307320	-0.690521	0.395293	-0.210171	-0.231356	0.949896	-0.941968	0.308068	-0.133384	-0.261774	-0.922805	-0.282677
19892	10.096590	1.782659	-2.088139	-0.285651	-0.705211	0.459959	-0.216321	-0.236428	0.947263	-0.940239	0.311786	-0.136898	-0.262977	-0.920267	-0.289745
19893	9.558377	1.019193	-2.963286	-0.258745	-0.701316	0.537200	-0.223123	-0.241068	0.944512	-0.938410	0.315360	-0.141192	-0.263824	-0.917842	-0.296585
19894	9.264439	0.369169	-3.470812	-0.237246	-0.683751	0.614301	-0.230659	-0.245386	0.941585	-0.936391	0.319038	-0.146243	-0.264515	-0.915424	-0.303366
19895	9.004411	-0.159940	-3.959247	-0.245647	-0.656676	0.676202	-0.238641	-0.249047	0.938630	-0.934185	0.322865	-0.151845	-0.265235	-0.913090	-0.309705
19896	8.826929	-0.883409	-4.309581	-0.312235	-0.599078	0.709822	-0.246828	-0.252200	0.935666	-0.931633	0.327500	-0.157490	-0.266712	-0.910570	-0.315794
19897	8.635190	-1.540314	-4.453845	-0.349749	-0.536057	0.730851	-0.254943	-0.254625	0.932829	-0.928901	0.332467	-0.163120	-0.268600	-0.908093	-0.321282
19898	8.528947	-2.101214	-4.564062	-0.433420	-0.462499	0.728615	-0.262920	-0.256375	0.930132	-0.925847	0.338267	-0.168472	-0.271441	-0.905454	-0.326301
19899	8.398973	-2.755237	-4.784374	-0.550732	-0.389090	0.711313	-0.270509	-0.257310	0.927694	-0.922469	0.344992	-0.173297	-0.275456	-0.902647	-0.330684
19900	8.075821	-3.689614	-4.781621	-0.634347	-0.312264	0.679650	-0.277606	-0.257753	0.925472	-0.918846	0.352467	-0.177453	-0.280460	-0.899628	-0.334682
19901	7.880518	-4.558475	-4.650432	-0.682802	-0.241864	0.626750	-0.283956	-0.257596	0.923587	-0.915179	0.360161	-0.180919	-0.286036	-0.896621	-0.338016
19902	7.709427	-5.116721	-4.570101	-0.672346	-0.195558	0.570857	-0.289706	-0.257268	0.921891	-0.911602	0.367657	-0.183873	-0.291635	-0.893667	-0.341039
19903	7.580648	-5.504788	-4.368388	-0.594798	-0.160673	0.496784	-0.294679	-0.256773	0.920452	-0.908415	0.374196	-0.186439	-0.296557	-0.891092	-0.343524
19904	7.412456	-5.406314	-4.115915	-0.463396	-0.122282	0.414046	-0.298772	-0.256301	0.919263	-0.905806	0.379391	-0.188620	-0.300416	-0.889029	-0.345510
19905	7.330904	-5.059636	-3.945135	-0.321882	-0.034747	0.320972	-0.301713	-0.255250	0.918595	-0.903903	0.382991	-0.190466	-0.303197	-0.887787	-0.346274
19906	7.173928	-4.513750	-3.579209	-0.174760	0.121297	0.201418	-0.303135	-0.253399	0.918639	-0.902765	0.385062	-0.191681	-0.305162	-0.887421	-0.345486
19907	7.181428	-3.758791	-3.258834	-0.049494	0.341671	0.049769	-0.302487	-0.250104	0.919755	-0.902489	0.385570	-0.191963	-0.306620	-0.888135	-0.342346
19908	7.355909	-2.989003	-2.937496	0.035340	0.606985	-0.115168	-0.299554	-0.245151	0.922046	-0.902947	0.384979	-0.190992	-0.308147	-0.889771	-0.336680
19909	7.790313	-2.233196	-2.379163	0.062496	0.901428	-0.282418	-0.294280	-0.238084	0.925589	-0.903981	0.383671	-0.188720	-0.310190	-0.892251	-0.328130
19910	8.201112	-1.586072	-1.886770	-0.004448	1.195477	-0.440308	-0.286539	-0.229087	0.930276	-0.905248	0.382691	-0.184590	-0.313721	-0.895023	-0.317037
19911	8.709922	-1.171237	-1.395591	-0.106099	1.466156	-0.572753	-0.276676	-0.218010	0.935907	-0.906556	0.382273	-0.178952	-0.318759	-0.897964	-0.303404
19912	9.426586	-0.920330	-0.636080	-0.229990	1.688294	-0.666010	-0.265168	-0.205374	0.942076	-0.907621	0.382941	-0.171988	-0.325438	-0.900654	-0.287945
19913	10.329643	-0.810454	0.278607	-0.365561	1.840489	-0.730291	-0.252432	-0.191442	0.948487	-0.908338	0.384699	-0.164099	-0.333467	-0.902971	-0.271004
19914	11.215090	-0.826663	1.087701	-0.485665	1.932548	-0.769026	-0.238883	-0.176943	0.954791	-0.908586	0.387683	-0.155477	-0.342645	-0.904651	-0.253379
19915	11.836612	-0.764288	1.456805	-0.553386	1.970210	-0.797570	-0.224782	-0.162248	0.960806	-0.908535	0.391290	-0.146477	-0.352188	-0.905852	-0.235363
19916	11.955323	-0.584621	1.645894	-0.544502	1.960020	-0.803395	-0.210461	-0.147641	0.966389	-0.908341	0.394991	-0.137474	-0.361418	-0.906744	-0.217239
19917	11.801408	0.118441	1.751203	-0.466223	1.920790	-0.771900	-0.196495	-0.133277	0.971405	-0.908236	0.398045	-0.129106	-0.369456	-0.907633	-0.199261
19918	11.591017	1.374335	1.904974	-0.440111	1.864147	-0.689699	-0.183246	-0.119106	0.975825	-0.907901	0.401182	-0.121524	-0.377009	-0.908222	-0.181651
19919	11.541942	2.444464	2.154736	-0.528257	1.803163	-0.559882	-0.171443	-0.105055	0.979577	-0.906910	0.405250	-0.115264	-0.384865	-0.908150	-0.164752
19920	11.482864	3.209575	2.138377	-0.736463	1.734213	-0.393932	-0.161089	-0.090924	0.982743	-0.904694	0.411560	-0.110217	-0.394436	-0.906836	-0.148556
19921	11.311024	3.663068	2.175751	-1.037886	1.659205	-0.218486	-0.152665	-0.076861	0.985285	-0.900915	0.420655	-0.106778	-0.406258	-0.903959	-0.133464
19922	10.994536	3.346098	2.009217	-1.372666	1.580059	-0.056355	-0.145595	-0.062855	0.987346	-0.895319	0.433004	-0.104460	-0.420958	-0.899198	-0.119318
19923	10.902222	2.710208	2.848586	-1.558589	1.471752	0.111124	-0.140337	-0.049258	0.988878	-0.888560	0.446852	-0.103842	-0.436767	-0.893251	-0.106479
19924	10.418639	1.920957	1.370176	-1.674432	1.243766	0.265476	-0.137123	-0.036986	0.989863	-0.880737	0.461877	-0.104748	-0.453321	-0.886172	-0.095909
19925	9.286874	1.052635	0.478420	-1.592810	0.968078	0.364353	-0.135802	-0.026700	0.990376	-0.873046	0.475779	-0.106887	-0.468347	-0.879159	-0.087922
19926	9.123784	0.540322	-0.429000	-1.486879	0.701872	0.434224	-0.136213	-0.018461	0.990508	-0.865385	0.488910	-0.109894	-0.482240	-0.872139	-0.082572
19927	8.870244	0.261586	-0.778750	-1.335782	0.464432	0.512508	-0.138260	-0.011786	0.990326	-0.858262	0.500421	-0.113867	-0.494238	-0.865702	-0.079304
19928	8.336466	-0.315759	-1.265738	-1.267527	0.271400	0.591652	-0.141932	-0.006454	0.989855	-0.851093	0.511420	-0.118701	-0.505465	-0.859307	-0.078080
19929	7.748346	-1.349896	-2.790872	-1.119944	0.112147	0.629461	-0.146593	-0.002145	0.989195	-0.844575	0.520874	-0.124032	-0.514980	-0.853631	-0.078169
19930	7.288441	-2.354060	-3.427111	-0.883851	0.004741	0.612256	-0.151695	0.001105	0.988427	-0.839073	0.528413	-0.129364	-0.522441	-0.848986	-0.079231
19931	6.559066	-3.382508	-4.831450	-0.603943	-0.044699	0.559955	-0.156520	0.003786	0.987668	-0.835138	0.533370	-0.134392	-0.527301	-0.845874	-0.080321
19932	5.719929	-4.273845	-5.463640	-0.282591	-0.030896	0.498992	-0.160816	0.006189	0.986965	-0.832850	0.535745	-0.139065	-0.529622	-0.844357	-0.081002
19933	5.206839	-4.240372	-4.942834	0.095271	0.024997	0.438974	-0.164254	0.008823	0.986379	-0.832724	0.534782	-0.143450	-0.528764	-0.844944	-0.080493
19934	5.222255	-3.413298	-5.349134	0.380094	0.076828	0.324140	-0.166522	0.011198	0.985974	-0.834189	0.531546	-0.146924	-0.525736	-0.846955	-0.079173
19935	4.944320	-3.600731	-6.468164	0.450749	0.130722	0.177968	-0.167249	0.013309	0.985825	-0.836323	0.527599	-0.149008	-0.522103	-0.849389	-0.077110
19936	4.497505	-4.255744	-6.415336	0.423585	0.174992	0.029508	-0.166557	0.014950	0.985918	-0.838476	0.524003	-0.149595	-0.518861	-0.851585	-0.074741
19937	4.481221	-6.100257	-5.316039	0.146967	0.135426	-0.057988	-0.165306	0.015842	0.986115	-0.839382	0.522690	-0.149106	-0.517795	-0.852375	-0.073106
19938	6.026413	-8.743229	-5.097707	0.160392	-0.035866	0.080293	-0.166137	0.015953	0.985974	-0.840076	0.521321	-0.149989	-0.516402	-0.853211	-0.073209
19939	10.365114	-7.018287	-6.424659	1.301179	-0.583240	0.506031	-0.173333	0.013604	0.984769	-0.845898	0.510039	-0.155935	-0.504392	-0.860043	-0.076899
19940	17.858076	0.276618	0.319777	1.899928	-0.817025	0.772745	-0.183922	0.010413	0.982886	-0.853933	0.493526	-0.165020	-0.486798	-0.869669	-0.081878
19941	20.384470	2.355283	2.839817	0.841427	-0.666356	0.406283	-0.190570	0.006625	0.981651	-0.857265	0.486104	-0.169703	-0.478309	-0.873876	-0.086957
19942	17.255660	-0.505503	-0.481020	0.133111	-0.611518	-0.117936	-0.192448	0.000706	0.981307	-0.858125	0.484956	-0.168639	-0.476010	-0.874538	-0.092723
19943	12.069801	-3.551711	-3.867021	0.566560	-0.797305	-0.083652	-0.195445	-0.006648	0.980692	-0.861003	0.479933	-0.168338	-0.469547	-0.877280	-0.099525
19944	8.144027	-1.573884	-6.891692	1.170139	-0.902815	0.132887	-0.200750	-0.013963	0.979543	-0.866164	0.469660	-0.170819	-0.457667	-0.882737	-0.106378
19945	6.285546	0.856495	-8.753551	1.454446	-0.842649	0.242715	-0.206606	-0.020307	0.978214	-0.872285	0.456706	-0.174752	-0.443207	-0.889386	-0.112071
19946	7.727756	3.591370	-6.762630	1.286297	-0.651099	0.320297	-0.212224	-0.024671	0.976910	-0.877234	0.445312	-0.179325	-0.430605	-0.895036	-0.116148
19947	9.168502	2.773826	-5.015869	0.470048	-0.370728	0.476616	-0.217952	-0.025895	0.975616	-0.878211	0.441262	-0.184479	-0.425726	-0.897004	-0.118916
19948	9.961056	1.819905	-3.354843	-0.251190	-0.155090	0.584410	-0.223711	-0.024699	0.974343	-0.875849	0.443673	-0.189850	-0.427600	-0.895849	-0.120887
19949	9.817674	0.115504	-1.571768	-0.846019	0.065215	0.524634	-0.227966	-0.021813	0.973425	-0.871012	0.451391	-0.193867	-0.435166	-0.892060	-0.121901
19950	9.914988	-2.557569	-0.892438	-1.166418	0.142531	0.442871	-0.231154	-0.018523	0.972741	-0.864859	0.461865	-0.196723	-0.445631	-0.886757	-0.122782
19951	10.195706	-5.277912	-0.927440	-1.121512	0.120109	0.406787	-0.234073	-0.015596	0.972094	-0.858830	0.471932	-0.199228	-0.455655	-0.881497	-0.123861
19952	9.854244	-7.136454	-1.402231	-0.687959	0.017473	0.369662	-0.237133	-0.013687	0.971381	-0.854804	0.478050	-0.201938	-0.461605	-0.878226	-0.125061
19953	9.075012	-7.023876	-1.840781	-0.072571	-0.119485	0.303306	-0.240235	-0.013311	0.970623	-0.853722	0.478793	-0.204735	-0.462003	-0.877827	-0.126387
19954	8.861802	-5.293449	-1.797767	0.405194	-0.220152	0.237322	-0.243248	-0.014114	0.969861	-0.855012	0.475276	-0.207526	-0.458023	-0.879723	-0.127678
19955	9.102377	-3.573611	-1.776656	0.614925	-0.259275	0.192478	-0.246042	-0.015509	0.969135	-0.857321	0.469940	-0.210135	-0.452176	-0.882562	-0.128921
19956	9.667144	-2.094588	-1.524503	0.643344	-0.263172	0.170931	-0.248664	-0.017038	0.968440	-0.859788	0.464291	-0.212597	-0.446016	-0.885519	-0.130101
19957	10.097891	-1.268237	-1.275314	0.497661	-0.232324	0.143797	-0.250900	-0.018452	0.967837	-0.861619	0.459959	-0.214595	-0.441205	-0.887749	-0.131302
19958	10.131983	-1.095697	-1.144044	0.256105	-0.188524	0.117252	-0.252712	-0.019589	0.967343	-0.862451	0.457717	-0.216041	-0.438537	-0.888882	-0.132565
19959	9.844679	-1.704478	-1.219218	0.030293	-0.144044	0.106907	-0.254232	-0.020399	0.966928	-0.862295	0.457525	-0.217069	-0.437965	-0.888963	-0.133908
19960	9.438278	-2.792318	-1.453917	-0.051466	-0.114721	0.110265	-0.255658	-0.020914	0.966541	-0.861789	0.458016	-0.218039	-0.438131	-0.888698	-0.135119
19961	9.184418	-3.519499	-1.627810	0.076092	-0.127734	0.110409	-0.257136	-0.021564	0.966135	-0.861820	0.457420	-0.219163	-0.437203	-0.888989	-0.136204
19962	9.220204	-3.177530	-1.588014	0.282240	-0.161127	0.108636	-0.258747	-0.022502	0.965683	-0.862771	0.454944	-0.220571	-0.434369	-0.890236	-0.137130
19963	9.374013	-2.269896	-1.231100	0.424513	-0.191103	0.109699	-0.260490	-0.023726	0.965185	-0.864305	0.451240	-0.222171	-0.430259	-0.892087	-0.138050
19964	9.577639	-1.558022	-0.898408	0.445776	-0.208351	0.120551	-0.262397	-0.025045	0.964635	-0.865899	0.447299	-0.223926	-0.425872	-0.894034	-0.139057
19965	9.660103	-1.188384	-0.657717	0.398085	-0.211976	0.127112	-0.264365	-0.026391	0.964062	-0.867238	0.443818	-0.225665	-0.421912	-0.895728	-0.140217
19966	9.732647	-0.994972	-0.562050	0.296242	-0.209164	0.151750	-0.266533	-0.027594	0.963431	-0.868081	0.441215	-0.227518	-0.418802	-0.896977	-0.141552
19967	9.410527	-0.834252	-0.224714	0.179292	-0.209040	0.176396	-0.268905	-0.028709	0.962739	-0.868345	0.439705	-0.229428	-0.416735	-0.897683	-0.143168
19968	9.193526	-0.750424	0.292715	0.055528	-0.230753	0.206822	-0.271633	-0.029871	0.961937	-0.868018	0.439279	-0.231472	-0.415644	-0.897854	-0.145251
19969	9.305283	-0.914150	0.763535	-0.057622	-0.258595	0.241682	-0.274767	-0.031142	0.961006	-0.867111	0.439908	-0.233666	-0.415478	-0.897503	-0.147876
19970	9.528967	-1.034402	0.994986	-0.144236	-0.313190	0.270776	-0.278388	-0.032758	0.959910	-0.865764	0.441300	-0.236024	-0.415877	-0.896762	-0.151213
19971	9.583114	-0.951187	1.034371	-0.210739	-0.368195	0.296158	-0.282441	-0.034754	0.958655	-0.864054	0.443316	-0.238498	-0.416698	-0.895692	-0.155240
19972	9.600918	-0.650243	0.841370	-0.273753	-0.436013	0.315345	-0.286954	-0.037254	0.957220	-0.862016	0.445890	-0.241061	-0.417834	-0.894312	-0.160064
19973	9.680623	-0.621384	0.610321	-0.353369	-0.486472	0.332070	-0.291801	-0.040114	0.955637	-0.859586	0.449179	-0.243618	-0.419480	-0.892541	-0.165552
19974	9.399090	-1.267169	0.083987	-0.433480	-0.525263	0.332820	-0.296839	-0.043295	0.953946	-0.856786	0.453193	-0.246038	-0.421669	-0.890360	-0.171620
19975	9.054229	-2.260516	-0.492260	-0.421381	-0.559553	0.328713	-0.301967	-0.046773	0.952170	-0.854030	0.457094	-0.248390	-0.423613	-0.888188	-0.177973
19976	8.827750	-3.019753	-0.942796	-0.340236	-0.603690	0.329703	-0.307312	-0.050618	0.950262	-0.851585	0.460284	-0.250883	-0.424691	-0.886328	-0.184556
19977	8.822933	-3.311186	-1.340653	-0.204784	-0.649078	0.344911	-0.312949	-0.054790	0.948188	-0.849691	0.462219	-0.253731	-0.424369	-0.885071	-0.191206
19978	8.915425	-2.906828	-1.302946	-0.110405	-0.679958	0.349068	-0.318766	-0.059190	0.945983	-0.848123	0.463405	-0.256795	-0.423174	-0.884167	-0.197919
19979	9.025065	-2.766555	-1.342188	-0.136160	-0.691803	0.338772	-0.324501	-0.063736	0.943735	-0.846512	0.464738	-0.259685	-0.422038	-0.883151	-0.204761
19980	9.322177	-2.966369	-1.580140	-0.171013	-0.700072	0.333691	-0.330248	-0.068361	0.941416	-0.844701	0.466478	-0.262447	-0.421208	-0.881887	-0.211798
19981	9.528529	-3.257672	-1.948857	-0.193255	-0.694368	0.314541	-0.335769	-0.073028	0.939109	-0.842892	0.468332	-0.264949	-0.420466	-0.880530	-0.218806
19982	9.505284	-3.516484	-2.306059	-0.202932	-0.710653	0.291119	-0.341179	-0.077915	0.936764	-0.841058	0.470347	-0.267201	-0.419785	-0.879036	-0.226003
19983	9.650770	-3.530698	-2.639226	-0.189874	-0.710310	0.259116	-0.346276	-0.082937	0.934459	-0.839426	0.472142	-0.269156	-0.418875	-0.877612	-0.233111
19984	9.852888	-3.187633	-2.409758	-0.184238	-0.722471	0.239482	-0.351281	-0.088140	0.932112	-0.837824	0.473972	-0.270928	-0.417915	-0.876118	-0.240343
19985	10.041933	-2.428335	-2.081161	-0.170235	-0.744344	0.215815	-0.356141	-0.093631	0.929729	-0.836394	0.475597	-0.272492	-0.416663	-0.874666	-0.247693
19986	10.183421	-1.332121	-1.481961	-0.173742	-0.779808	0.186018	-0.360913	-0.099560	0.927270	-0.835008	0.477304	-0.273755	-0.415335	-0.873080	-0.255399
19987	10.007390	-1.268216	-0.918848	-0.211697	-0.830817	0.181042	-0.365809	-0.105943	0.924640	-0.833526	0.479262	-0.274850	-0.414026	-0.871254	-0.263625
19988	10.006542	-1.144835	-0.155638	-0.168608	-0.916857	0.192992	-0.371177	-0.112998	0.921661	-0.832123	0.480949	-0.276152	-0.412067	-0.869436	-0.272545
19989	9.900605	-0.743111	0.789784	-0.104353	-1.032813	0.195830	-0.376981	-0.121019	0.918281	-0.831019	0.482001	-0.277636	-0.409013	-0.867772	-0.282275
19990	10.118036	0.087662	1.261517	-0.110657	-1.156211	0.239571	-0.383653	-0.129885	0.914298	-0.829662	0.483269	-0.279485	-0.405551	-0.865783	-0.293169
19991	10.763246	1.338384	1.606088	-0.204128	-1.268016	0.297904	-0.391165	-0.139386	0.909704	-0.827758	0.485321	-0.281567	-0.402252	-0.863154	-0.305218
19992	11.295752	2.043419	1.535683	-0.471572	-1.335244	0.382747	-0.399662	-0.149018	0.904469	-0.824356	0.489941	-0.283541	-0.400883	-0.858925	-0.318655
19993	11.411996	2.179912	0.631030	-0.739964	-1.407228	0.461541	-0.409021	-0.158749	0.898611	-0.819594	0.496874	-0.285276	-0.401209	-0.853180	-0.333341
19994	11.134823	1.852706	-0.595700	-1.022009	-1.462018	0.521802	-0.419137	-0.168552	0.892140	-0.813326	0.506415	-0.286433	-0.403515	-0.845656	-0.349345
19995	10.823959	0.830191	-1.617364	-1.193173	-1.523469	0.560258	-0.429746	-0.178477	0.885136	-0.806209	0.517290	-0.287121	-0.406627	-0.836993	-0.366192
19996	10.781181	0.317246	-2.063023	-1.172030	-1.612994	0.595809	-0.441080	-0.188792	0.877386	-0.798841	0.528146	-0.287949	-0.409026	-0.827900	-0.383769
19997	11.303786	0.551966	-1.472032	-1.091693	-1.713637	0.631815	-0.453028	-0.199496	0.868888	-0.791633	0.538236	-0.289170	-0.409979	-0.818842	-0.401764
19998	12.335120	0.981209	-0.383734	-1.045936	-1.826566	0.673744	-0.465799	-0.210710	0.859437	-0.784257	0.548138	-0.290664	-0.409845	-0.809411	-0.420573
19999	13.662118	1.910958	1.159282	-0.954461	-1.979187	0.758020	-0.479728	-0.222408	0.848761	-0.776849	0.557347	-0.293035	-0.407882	-0.799936	-0.440153
20000	14.955808	3.587517	3.340805	-0.949648	-2.098510	0.882459	-0.495052	-0.234132	0.836723	-0.768695	0.566914	-0.296168	-0.405008	-0.789804	-0.460628
20001	16.017647	5.275184	3.956480	-1.111551	-2.219453	1.024202	-0.511703	-0.245595	0.823312	-0.759172	0.577919	-0.299445	-0.402265	-0.778263	-0.482172
20002	16.281175	4.721001	1.819811	-1.419711	-2.246267	1.122342	-0.529160	-0.256362	0.808868	-0.747635	0.591689	-0.301572	-0.401287	-0.764319	-0.504763
20003	14.869331	2.855044	-1.543214	-1.489774	-2.248345	1.203461	-0.546957	-0.266111	0.793740	-0.735288	0.605997	-0.303510	-0.400237	-0.749635	-0.527122
20004	13.974241	0.945119	-2.983964	-1.256308	-2.273034	1.336806	-0.565738	-0.274811	0.777444	-0.722854	0.618946	-0.307228	-0.396766	-0.735789	-0.548809
20005	13.574491	-0.930701	-2.917863	-1.083361	-2.245475	1.461770	-0.584934	-0.281975	0.760488	-0.710244	0.630850	-0.312380	-0.391671	-0.722854	-0.569277
20006	12.665128	-3.014874	-1.986372	-1.042655	-2.229953	1.520403	-0.604279	-0.288275	0.742795	-0.697161	0.642656	-0.317743	-0.385764	-0.709853	-0.589317
20007	11.739055	-6.519294	-1.450436	-1.156449	-2.175001	1.454772	-0.622591	-0.293901	0.725261	-0.683741	0.655095	-0.321481	-0.380631	-0.696041	-0.608808
20008	10.754174	-10.322332	-2.610361	-0.980870	-2.165017	1.397749	-0.640203	-0.299606	0.707373	-0.671228	0.666007	-0.325405	-0.373622	-0.683134	-0.627483
20009	10.297161	-12.876859	-4.881203	-0.506670	-2.162300	1.317672	-0.656907	-0.305142	0.689465	-0.660696	0.673537	-0.331404	-0.363255	-0.673228	-0.644057
20010	9.937503	-13.191501	-6.860379	0.287107	-2.181997	1.116311	-0.671972	-0.312261	0.671525	-0.654312	0.675056	-0.340845	-0.346884	-0.668426	-0.657935
20011	9.206981	-11.224034	-7.369774	0.929044	-2.077536	0.837114	-0.684439	-0.320120	0.655032	-0.651593	0.671632	-0.352613	-0.327062	-0.668157	-0.668279
20012	7.991083	-8.871268	-7.146794	1.151675	-1.860405	0.538201	-0.693820	-0.328975	0.640616	-0.651549	0.665672	-0.363819	-0.306753	-0.669818	-0.676200
20013	6.864239	-7.037870	-6.596024	1.149075	-1.560659	0.236832	-0.700031	-0.337465	0.629344	-0.653141	0.658889	-0.373193	-0.288728	-0.672297	-0.681654
20014	6.471471	-4.938171	-5.493546	1.003525	-1.181873	-0.037903	-0.703086	-0.345681	0.621430	-0.656245	0.651997	-0.379793	-0.273883	-0.674837	-0.685261
20015	5.356955	-4.020730	-6.541261	0.619207	-0.875610	-0.210933	-0.704134	-0.352441	0.616425	-0.659126	0.647307	-0.382813	-0.264098	-0.675854	-0.688094
20016	3.014517	-6.252215	-8.550877	-0.080090	-0.582986	-0.299189	-0.703667	-0.358316	0.613565	-0.661038	0.646780	-0.380399	-0.260539	-0.673264	-0.691979
20017	2.238721	-5.859160	-7.976407	0.368182	-0.370430	-0.373385	-0.702257	-0.362672	0.612621	-0.664315	0.643219	-0.380729	-0.255970	-0.674343	-0.692634
20018	4.005393	-2.842005	-5.427353	0.483563	0.177563	-0.602113	-0.697766	-0.365333	0.616160	-0.669779	0.637754	-0.380350	-0.254004	-0.678087	-0.689696
20019	4.919420	-2.753885	-5.386566	0.212637	0.714662	-0.852233	-0.690281	-0.365411	0.624489	-0.676000	0.633406	-0.376590	-0.257945	-0.682108	-0.684246
20020	4.812698	-2.787964	-5.099612	-0.087154	1.187925	-0.988740	-0.680426	-0.363539	0.636286	-0.682564	0.630394	-0.369742	-0.266695	-0.685888	-0.677075
20021	4.328110	-3.671645	-5.208697	-0.230655	1.526148	-0.996107	-0.669507	-0.358834	0.650383	-0.688422	0.628604	-0.361846	-0.278991	-0.689997	-0.667884
20022	4.112306	-4.727784	-5.498837	-0.175877	1.820569	-0.998168	-0.657381	-0.352491	0.666033	-0.694557	0.626267	-0.354090	-0.292302	-0.695370	-0.656521
20023	3.872078	-5.019450	-5.563536	0.044188	2.138953	-1.092029	-0.643399	-0.343915	0.683930	-0.701592	0.622343	-0.347069	-0.306277	-0.703144	-0.641703
20024	4.265688	-4.602290	-5.455882	0.218754	2.437884	-1.227539	-0.627073	-0.334264	0.703596	-0.710091	0.616627	-0.339915	-0.320235	-0.712768	-0.624028
20025	4.762119	-4.286159	-5.152226	0.238376	2.712629	-1.340548	-0.608604	-0.322630	0.724922	-0.719007	0.610651	-0.331865	-0.335605	-0.723198	-0.603617
20026	5.344841	-4.641818	-4.977149	0.157208	2.908048	-1.420606	-0.588302	-0.310088	0.746824	-0.728064	0.605007	-0.322319	-0.351887	-0.733356	-0.581691
20027	5.939247	-5.338486	-5.153347	0.142142	3.029070	-1.448990	-0.566750	-0.296099	0.768843	-0.736834	0.599668	-0.312208	-0.368606	-0.743454	-0.558038
20028	6.219038	-5.107076	-5.072349	0.227574	3.151740	-1.474161	-0.543925	-0.281300	0.790579	-0.745891	0.593704	-0.301931	-0.384437	-0.753914	-0.532750
20029	6.656177	-4.052785	-4.489570	0.186241	3.272063	-1.470462	-0.519975	-0.264875	0.812076	-0.754413	0.588284	-0.291173	-0.400607	-0.764044	-0.505718
20030	7.446455	-3.023444	-4.001934	-0.082346	3.408953	-1.441785	-0.495055	-0.247148	0.832970	-0.761406	0.585222	-0.278884	-0.418547	-0.772291	-0.477897
20031	7.698206	-2.612235	-4.056560	-0.477760	3.543435	-1.382507	-0.469236	-0.227435	0.853282	-0.765923	0.585747	-0.265071	-0.439521	-0.777930	-0.449051
20032	7.716517	-2.794404	-4.955336	-0.694455	3.662193	-1.369392	-0.442195	-0.206911	0.872727	-0.769046	0.588186	-0.250211	-0.461554	-0.781809	-0.419217
20033	7.207431	-3.066306	-5.369174	-0.701523	3.752210	-1.350062	-0.413980	-0.185176	0.891252	-0.771463	0.591076	-0.235531	-0.483183	-0.785073	-0.387550
20034	6.733713	-3.371857	-5.545231	-0.555963	3.770500	-1.314400	-0.385206	-0.163293	0.908268	-0.773984	0.593158	-0.221613	-0.502559	-0.788352	-0.354875
20035	6.752301	-3.541868	-5.384862	-0.319476	3.787241	-1.272561	-0.355871	-0.140673	0.923887	-0.777092	0.593697	-0.208930	-0.519118	-0.792298	-0.320595
20036	6.944341	-3.300328	-5.154043	-0.059807	3.805026	-1.220137	-0.326322	-0.117674	0.937905	-0.780948	0.592594	-0.197363	-0.532573	-0.796859	-0.285274
20037	7.108756	-3.281832	-4.876644	0.124433	3.823531	-1.140514	-0.296695	-0.093637	0.950371	-0.785224	0.590308	-0.186977	-0.543503	-0.801729	-0.248668
20038	7.347543	-3.154357	-4.530566	0.286378	3.825490	-1.076334	-0.267228	-0.069209	0.961145	-0.789834	0.587128	-0.177321	-0.552043	-0.806530	-0.211561
20039	7.640335	-2.843538	-4.028315	0.391527	3.816347	-1.023485	-0.237807	-0.044117	0.970310	-0.794652	0.583288	-0.168236	-0.558548	-0.811067	-0.173768
20040	7.654426	-2.605483	-3.603546	0.403594	3.753502	-0.976680	-0.208926	-0.019283	0.977741	-0.799104	0.579698	-0.159322	-0.563722	-0.814603	-0.136524
20041	7.744146	-2.282909	-3.166196	0.426555	3.583406	-0.926974	-0.181122	0.004800	0.983449	-0.803412	0.576018	-0.150776	-0.567208	-0.817423	-0.100473
20042	8.971001	-1.332934	-2.338777	0.313559	3.465886	-0.914688	-0.154006	0.027898	0.987676	-0.806732	0.573604	-0.141994	-0.570496	-0.818658	-0.065833
20043	9.794534	-0.722306	-1.736384	-0.031549	3.420475	-0.903776	-0.127006	0.050883	0.990596	-0.807914	0.574079	-0.133072	-0.575452	-0.817217	-0.031802
20044	9.841436	-0.932078	-1.318739	-0.390787	3.312469	-0.861136	-0.100842	0.072926	0.992226	-0.806635	0.577800	-0.124447	-0.582384	-0.812914	0.000558
20045	9.666616	-1.046458	-0.936142	-0.668572	3.165345	-0.788174	-0.075835	0.094170	0.992664	-0.803493	0.583752	-0.116762	-0.590465	-0.806453	0.031396
20046	9.476166	-1.350945	-0.568991	-0.802355	2.931410	-0.662350	-0.053061	0.113809	0.992085	-0.799150	0.590884	-0.110527	-0.598786	-0.798689	0.059597
20047	9.180897	-1.324542	-0.167390	-0.829542	2.612159	-0.515723	-0.033117	0.131692	0.990737	-0.794444	0.598007	-0.106044	-0.606433	-0.790598	0.084818
20048	8.874912	-0.958117	0.491185	-0.773516	2.207769	-0.329829	-0.017007	0.147079	0.988979	-0.789811	0.604556	-0.103490	-0.613115	-0.782866	0.105882
20049	9.219970	-0.230995	1.824654	-0.614380	1.761275	-0.132400	-0.005056	0.160189	0.987073	-0.786209	0.609331	-0.102914	-0.617940	-0.776566	0.122861
20050	8.944016	-0.015995	1.175237	-0.528668	1.222564	0.059985	0.002087	0.170018	0.985439	-0.782931	0.613327	-0.104159	-0.622106	-0.771313	0.134392
20051	7.658032	0.592013	-0.232432	-0.267936	0.628265	0.229015	0.004273	0.176442	0.984302	-0.781433	0.614779	-0.106811	-0.623974	-0.768710	0.140505
20052	7.329895	0.454176	-0.500644	-0.049195	0.095380	0.417980	0.001636	0.179744	0.983712	-0.781139	0.614417	-0.110967	-0.624355	-0.768234	0.141410
20053	7.204395	-0.354707	-1.914131	0.184492	-0.387105	0.557971	-0.005077	0.180353	0.983589	-0.782434	0.611793	-0.116218	-0.622713	-0.770183	0.138009
20054	6.794465	-0.965636	-3.198058	0.572589	-0.813678	0.637696	-0.015091	0.177950	0.983924	-0.785923	0.606230	-0.121696	-0.618140	-0.775125	0.130706
20055	6.151693	-1.594744	-4.015679	0.939447	-1.141982	0.678618	-0.027395	0.173282	0.984491	-0.791687	0.597538	-0.127204	-0.610313	-0.782893	0.120816
20056	5.643542	-2.778678	-4.957881	1.290689	-1.381514	0.706022	-0.041335	0.166577	0.985162	-0.799254	0.586172	-0.132648	-0.599570	-0.792878	0.108908
20057	5.260629	-4.396303	-7.063057	1.617726	-1.523179	0.696592	-0.055900	0.158562	0.985765	-0.808618	0.571956	-0.137854	-0.585672	-0.804814	0.096244
20058	5.019002	-6.391008	-10.415005	1.956115	-1.626183	0.655492	-0.070588	0.149060	0.986305	-0.819497	0.555074	-0.142538	-0.568719	-0.818336	0.082972
20059	5.281104	-7.662457	-11.018346	2.411593	-1.580643	0.567452	-0.084042	0.139180	0.986694	-0.832601	0.534209	-0.146271	-0.547459	-0.833816	0.070985
20060	6.401644	-6.338536	-8.510372	3.034500	-1.358505	0.331222	-0.094049	0.129462	0.987114	-0.848519	0.508194	-0.147495	-0.520741	-0.851457	0.062056
20061	9.967517	-1.908078	-4.379602	3.784204	-1.143058	-0.008239	-0.099675	0.119649	0.987800	-0.867566	0.475666	-0.145159	-0.487231	-0.871451	0.056391
20062	17.204716	4.263679	5.004334	4.133557	-0.865032	-0.229811	-0.101679	0.110978	0.988608	-0.887177	0.439493	-0.140583	-0.450088	-0.891364	0.053770
20063	34.108107	6.744727	3.853794	2.115577	-1.020361	0.210622	-0.107983	0.102805	0.988823	-0.896234	0.420380	-0.141578	-0.430237	-0.901505	0.046743
20064	22.970004	2.057899	-3.777059	0.122775	-1.139333	1.264634	-0.124166	0.097834	0.987427	-0.895297	0.418004	-0.153997	-0.427815	-0.903162	0.035688
20065	10.964426	0.288020	-5.368059	-0.227005	-1.672066	0.948906	-0.139728	0.086752	0.986382	-0.893022	0.419308	-0.163381	-0.427771	-0.903690	0.018882
20066	7.062094	0.182379	-9.315507	0.073903	-1.832218	0.385113	-0.150941	0.071799	0.985932	-0.892782	0.418334	-0.167145	-0.424450	-0.905451	0.000957
20067	7.174768	2.281223	-10.068104	-0.163717	-1.357027	0.386306	-0.160075	0.061152	0.985209	-0.891401	0.419764	-0.170888	-0.424006	-0.905571	-0.012683
20068	4.913230	-1.090594	-10.028846	-0.754220	-0.852168	0.600382	-0.169017	0.055994	0.984021	-0.887200	0.426232	-0.176641	-0.429312	-0.902879	-0.022362
20069	6.541339	-2.648058	-7.121274	-0.590165	-0.735147	0.751675	-0.178782	0.052576	0.982483	-0.883216	0.431445	-0.183807	-0.433551	-0.900606	-0.030698
20070	7.593835	-2.549190	-4.371434	-0.631854	-0.490001	0.811481	-0.188035	0.051700	0.980801	-0.878979	0.436704	-0.191533	-0.438222	-0.898118	-0.036673
20071	10.023423	-3.508535	-2.441242	-0.970874	-0.368668	0.674637	-0.195521	0.051355	0.979354	-0.873219	0.445430	-0.197690	-0.446386	-0.893843	-0.042247
20072	12.256883	-6.169820	-1.255044	-1.086705	-0.232563	0.615409	-0.201892	0.052059	0.978023	-0.867102	0.454800	-0.203203	-0.455383	-0.889071	-0.046680
20073	12.264996	-6.843507	-0.896565	-0.817319	-0.286418	0.653576	-0.208807	0.052495	0.976547	-0.861846	0.462051	-0.209119	-0.462192	-0.885298	-0.051237
20074	10.721175	-5.778729	-0.209671	-0.466677	-0.452070	0.568627	-0.215761	0.051142	0.975106	-0.858481	0.465884	-0.214390	-0.465250	-0.883367	-0.056615
20075	9.356597	-4.775964	0.019216	-0.271419	-0.529621	0.420053	-0.221786	0.048422	0.973892	-0.856136	0.468396	-0.218258	-0.466736	-0.882191	-0.062428
20076	8.837018	-3.373528	-0.264928	-0.157790	-0.555852	0.290761	-0.226835	0.044890	0.972898	-0.854754	0.469652	-0.220959	-0.466843	-0.881710	-0.068164
20077	8.887956	-2.642209	-0.788813	-0.145407	-0.546115	0.225130	-0.231269	0.041137	0.972020	-0.853404	0.471147	-0.222986	-0.467137	-0.881095	-0.073855
20078	9.051625	-3.072907	-1.649750	-0.088803	-0.530773	0.260139	-0.235932	0.037694	0.971038	-0.852388	0.471827	-0.225419	-0.466658	-0.880885	-0.079190
20079	9.274505	-3.597544	-2.187648	0.101910	-0.543716	0.302588	-0.241008	0.034328	0.969916	-0.851999	0.471105	-0.228381	-0.464772	-0.881409	-0.084293
20080	9.375459	-3.472776	-1.912168	0.265895	-0.544104	0.302612	-0.246074	0.030956	0.968757	-0.852500	0.468661	-0.231519	-0.461185	-0.882836	-0.088935
20081	9.213476	-3.204461	-1.508722	0.264708	-0.506863	0.273795	-0.250707	0.027767	0.967665	-0.852876	0.466562	-0.234355	-0.457983	-0.884053	-0.093289
20082	9.036099	-3.369008	-1.570684	0.189974	-0.458570	0.260343	-0.254989	0.024929	0.966623	-0.853092	0.464813	-0.237028	-0.455208	-0.885058	-0.097256
20083	9.277277	-3.550748	-1.906793	0.196786	-0.428560	0.243943	-0.258989	0.022283	0.965623	-0.853190	0.463352	-0.239526	-0.452760	-0.885894	-0.100992
20084	9.600414	-3.540739	-1.843346	0.242690	-0.402288	0.210162	-0.262566	0.019694	0.964713	-0.853744	0.461156	-0.241777	-0.449645	-0.887100	-0.104270
20085	9.947945	-3.109659	-1.767897	0.287556	-0.390601	0.182972	-0.265856	0.017081	0.963861	-0.854391	0.458891	-0.243794	-0.446471	-0.888328	-0.107405
20086	10.153087	-2.440895	-1.465084	0.283594	-0.382978	0.164264	-0.268931	0.014434	0.963051	-0.855220	0.456344	-0.245659	-0.443028	-0.889686	-0.110381
20087	9.946574	-2.080272	-1.096614	0.257642	-0.389151	0.169885	-0.272084	0.011763	0.962202	-0.855731	0.454371	-0.247531	-0.440109	-0.890735	-0.113561
20088	9.488359	-1.707084	-0.739136	0.276778	-0.403831	0.185737	-0.275412	0.009011	0.961284	-0.856443	0.451885	-0.249610	-0.436639	-0.892031	-0.116737
