// General information: 
//  MT Manager version: 2022.2.0 
//  XDA version: 2022.2.0 build 7381 rev 124627 built on 2023-07-19
// Device information: 
//  DeviceId: 00B4CB9F
//  ProductCode: MTW2-3A7G6
//  Firmware Version: 4.6.0
//  Hardware Version: 2.0.0
// Device settings: 
//  Filter Profile: human(46.1)
//  Option Flags: Orientation Smoother Disabled, Position/Velocity Smoother Disabled, Continuous Zero Rotation Update Disabled, AHS Disabled, ICC Disabled
// Coordinate system: ENU
PacketCounter	Acc_X	Acc_Y	Acc_Z	Gyr_X	Gyr_Y	Gyr_Z	Mat[1][1]	Mat[2][1]	Mat[3][1]	Mat[1][2]	Mat[2][2]	Mat[3][2]	Mat[1][3]	Mat[2][3]	Mat[3][3]
15652	9.988844	-1.645046	1.281629	-0.025323	-0.115403	0.122235	-0.137638	0.010582	0.990426	-0.620038	-0.780702	-0.077824	0.772404	-0.624813	0.114015
15653	10.093506	-1.652138	1.366587	0.038046	-0.163475	0.154219	-0.137322	0.008279	0.990492	-0.619474	-0.780996	-0.079356	0.772913	-0.624481	0.112376
15654	10.046814	-1.588680	1.272349	0.087086	-0.208384	0.176953	-0.136785	0.005531	0.990585	-0.618523	-0.781576	-0.081045	0.773769	-0.623786	0.110329
15655	9.851981	-1.386658	1.192276	0.141394	-0.230227	0.187834	-0.136153	0.002548	0.990685	-0.617111	-0.782508	-0.082799	0.775007	-0.622636	0.108113
15656	9.735284	-1.132141	1.195379	0.179683	-0.229102	0.160723	-0.135345	-0.000200	0.990799	-0.615464	-0.783651	-0.084232	0.776457	-0.621201	0.105940
15657	9.723551	-0.915359	1.077826	0.179441	-0.199297	0.117682	-0.134506	-0.002432	0.990910	-0.613877	-0.784785	-0.085254	0.777858	-0.619764	0.104065
15658	9.691064	-0.791872	0.876148	0.174071	-0.155931	0.088298	-0.133812	-0.004155	0.990998	-0.612369	-0.785883	-0.085982	0.779166	-0.618361	0.102616
15659	9.607198	-0.735137	0.732646	0.180925	-0.103580	0.075047	-0.133453	-0.005461	0.991040	-0.610806	-0.787032	-0.086588	0.780453	-0.616889	0.101696
15660	9.501802	-0.673828	0.842698	0.195730	-0.067225	0.060283	-0.133274	-0.006415	0.991058	-0.609162	-0.788257	-0.087020	0.781767	-0.615312	0.101147
15661	9.362230	-0.647606	1.032866	0.188574	-0.028413	0.064831	-0.133437	-0.007180	0.991031	-0.607537	-0.789455	-0.087521	0.783003	-0.613767	0.100980
15662	9.365126	-0.713948	1.199097	0.183352	-0.000855	0.060337	-0.133774	-0.007726	0.990982	-0.605985	-0.790598	-0.087967	0.784147	-0.612287	0.101080
15663	9.443975	-0.774504	1.357972	0.188648	0.031666	0.054624	-0.134345	-0.008043	0.990902	-0.604366	-0.791791	-0.088366	0.785298	-0.610739	0.101512
15664	9.592096	-0.941962	1.353180	0.160608	0.052408	0.053524	-0.135058	-0.008212	0.990804	-0.602997	-0.792790	-0.088766	0.786228	-0.609440	0.102121
15665	9.752064	-1.214567	1.222446	0.116144	0.069536	0.060032	-0.135957	-0.008343	0.990680	-0.601939	-0.793534	-0.089290	0.786883	-0.608468	0.102865
15666	9.892551	-1.426328	1.152046	0.075183	0.072223	0.064813	-0.136893	-0.008482	0.990550	-0.601224	-0.794009	-0.089888	0.787268	-0.607847	0.103595
15667	9.921109	-1.571675	1.094365	0.040839	0.072939	0.086319	-0.137978	-0.008798	0.990396	-0.600731	-0.794284	-0.090748	0.787454	-0.607483	0.104308
15668	9.878615	-1.686379	0.988372	0.016250	0.065166	0.101386	-0.139078	-0.009272	0.990238	-0.600427	-0.794397	-0.091767	0.787493	-0.607329	0.104916
15669	9.815147	-1.824107	1.009806	-0.001226	0.070324	0.102032	-0.140234	-0.009733	0.990071	-0.600236	-0.794418	-0.092827	0.787433	-0.607294	0.105563
15670	9.765110	-1.911022	0.922211	-0.002993	0.092817	0.101859	-0.141554	-0.010042	0.989880	-0.600081	-0.794413	-0.093871	0.787315	-0.607296	0.106426
15671	9.710669	-1.879046	0.912526	0.027772	0.114621	0.089954	-0.142989	-0.010144	0.989672	-0.599652	-0.794628	-0.094784	0.787382	-0.607012	0.107540
15672	9.706393	-1.753882	0.844040	0.061718	0.109329	0.057952	-0.144175	-0.010006	0.989502	-0.599047	-0.795019	-0.095323	0.787627	-0.606502	0.108628
15673	9.619040	-1.530687	0.889141	0.069519	0.097830	0.040758	-0.145177	-0.009809	0.989357	-0.598407	-0.795457	-0.095696	0.787930	-0.605931	0.109612
15674	9.395407	-1.394975	0.920828	0.065443	0.051870	0.023361	-0.145703	-0.009745	0.989280	-0.597821	-0.795874	-0.095888	0.788277	-0.605384	0.110135
15675	9.333329	-1.344360	0.949891	0.041316	-0.009711	0.006552	-0.145655	-0.009929	0.989286	-0.597447	-0.796147	-0.095954	0.788569	-0.605022	0.110030
15676	9.485575	-1.377785	0.961586	0.003188	-0.067627	-0.019033	-0.144985	-0.010251	0.989381	-0.597414	-0.796191	-0.095795	0.788718	-0.604959	0.109312
15677	9.694921	-1.564086	1.039865	-0.027245	-0.104629	-0.033167	-0.143949	-0.010698	0.989527	-0.597629	-0.796059	-0.095545	0.788745	-0.605124	0.108199
15678	9.880524	-1.757492	0.983785	-0.030886	-0.116795	-0.040251	-0.142765	-0.011149	0.989694	-0.597895	-0.795900	-0.095213	0.788759	-0.605326	0.106961
15679	9.899449	-1.900820	0.981746	-0.012902	-0.126491	-0.041690	-0.141504	-0.011659	0.989869	-0.598016	-0.795851	-0.094862	0.788894	-0.605381	0.105644
15680	9.822179	-2.027545	1.083470	0.057828	-0.128113	-0.035941	-0.140256	-0.012213	0.990040	-0.597575	-0.796228	-0.094478	0.789451	-0.604874	0.104377
15681	9.701358	-2.028075	1.201107	0.155378	-0.131979	-0.035139	-0.138994	-0.012812	0.990210	-0.596333	-0.797212	-0.094021	0.790612	-0.603563	0.103168
15682	9.548145	-1.977364	1.328317	0.263035	-0.137829	-0.042570	-0.137627	-0.013367	0.990394	-0.594274	-0.798825	-0.093363	0.792400	-0.601414	0.101996
15683	9.507791	-1.879037	1.495953	0.372965	-0.150897	-0.057167	-0.136081	-0.013891	0.990600	-0.591346	-0.801099	-0.092468	0.794853	-0.598371	0.100800
15684	9.560753	-1.781883	1.710888	0.479780	-0.143715	-0.075385	-0.134468	-0.014207	0.990816	-0.587591	-0.803994	-0.091273	0.797906	-0.594468	0.099764
15685	9.734879	-1.800328	1.904164	0.586012	-0.136143	-0.096273	-0.132809	-0.014319	0.991038	-0.582967	-0.807519	-0.089790	0.801568	-0.589668	0.098898
15686	9.858624	-1.878379	2.157943	0.702809	-0.102829	-0.106521	-0.131340	-0.014123	0.991237	-0.577424	-0.811680	-0.088074	0.805811	-0.583931	0.098451
15687	9.832111	-1.908050	2.531434	0.833114	-0.058622	-0.099983	-0.130286	-0.013730	0.991381	-0.570753	-0.816572	-0.086317	0.810719	-0.577080	0.098552
15688	9.670700	-1.969085	2.998420	0.946644	-0.001040	-0.089634	-0.129744	-0.013065	0.991461	-0.563134	-0.822032	-0.084525	0.816117	-0.569292	0.099297
15689	9.450439	-2.013395	3.512374	1.063073	0.047206	-0.084159	-0.129652	-0.012183	0.991485	-0.554474	-0.828083	-0.082681	0.822039	-0.560473	0.100607
15690	9.409631	-2.038110	3.992659	1.167671	0.086055	-0.096176	-0.129807	-0.010968	0.991479	-0.544927	-0.834603	-0.080576	0.828375	-0.550742	0.102360
15691	9.560430	-1.922504	4.406594	1.212271	0.144783	-0.133353	-0.130292	-0.009140	0.991434	-0.534930	-0.841283	-0.078055	0.834790	-0.540518	0.104724
15692	9.606974	-1.643709	4.838280	1.171414	0.258164	-0.192219	-0.131408	-0.006196	0.991309	-0.525331	-0.847592	-0.074935	0.840690	-0.530612	0.108126
15693	9.694475	-1.385989	5.164736	1.067832	0.378809	-0.242517	-0.133331	-0.002220	0.991069	-0.516573	-0.853260	-0.071407	0.845798	-0.521481	0.112619
15694	9.584465	-1.155223	5.310030	0.958699	0.534859	-0.304101	-0.136278	0.003089	0.990666	-0.508817	-0.858239	-0.067318	0.850020	-0.513241	0.118531
15695	9.491634	-0.865963	5.398372	0.841343	0.691050	-0.361201	-0.140337	0.009649	0.990057	-0.502089	-0.862536	-0.062763	0.853354	-0.505904	0.125891
15696	9.323316	-0.580398	5.716813	0.686279	0.812299	-0.418246	-0.145159	0.017288	0.989257	-0.496783	-0.865950	-0.057763	0.855649	-0.499831	0.134289
15697	9.548256	0.055218	6.228915	0.497070	0.876585	-0.466482	-0.150361	0.025622	0.988299	-0.493133	-0.868368	-0.052513	0.856862	-0.495258	0.143204
15698	10.272778	0.575015	6.791100	0.244157	0.957707	-0.467292	-0.156235	0.034353	0.987122	-0.491718	-0.869454	-0.047567	0.856623	-0.492818	0.152731
15699	10.718842	0.863865	7.004165	0.097266	0.992134	-0.412672	-0.162705	0.042758	0.985748	-0.491465	-0.869816	-0.043390	0.855564	-0.491520	0.162537
15700	10.837729	1.310599	6.692050	-0.133441	0.936274	-0.270666	-0.169342	0.049656	0.984306	-0.493015	-0.869055	-0.040978	0.853381	-0.492217	0.171649
15701	10.895622	0.710516	5.016802	-0.495578	0.784420	-0.051736	-0.175775	0.053898	0.982954	-0.497197	-0.866650	-0.041390	0.849646	-0.495997	0.179133
15702	11.206654	-0.559304	3.156274	-0.704535	0.611886	0.213378	-0.181997	0.055044	0.981757	-0.502746	-0.863273	-0.044798	0.845058	-0.501728	0.184786
15703	11.575919	-2.217251	1.302924	-0.736288	0.546504	0.511465	-0.189191	0.053312	0.980492	-0.507892	-0.859895	-0.051246	0.840388	-0.507679	0.189761
15704	11.213374	-4.002346	-0.215775	-0.418842	0.615764	0.746191	-0.198125	0.049977	0.978902	-0.509920	-0.858169	-0.059392	0.837095	-0.510929	0.195508
15705	9.894911	-5.005988	-1.457450	0.164695	0.717684	0.752031	-0.207950	0.047105	0.977005	-0.506944	-0.859413	-0.066465	0.836519	-0.509108	0.202595
15706	8.866061	-5.184671	-1.468217	0.627775	0.704001	0.600372	-0.216840	0.045438	0.975149	-0.500372	-0.862890	-0.071059	0.838217	-0.503345	0.209845
15707	8.426832	-5.023706	-0.797680	0.990036	0.617274	0.419250	-0.224105	0.044805	0.973535	-0.491041	-0.868066	-0.073085	0.841817	-0.494424	0.216539
15708	8.373437	-4.487655	0.037720	1.282871	0.561540	0.285415	-0.230201	0.045002	0.972102	-0.479520	-0.874484	-0.073071	0.846799	-0.482963	0.222887
15709	8.411166	-3.608292	0.717527	1.504435	0.488307	0.205247	-0.235326	0.045435	0.970854	-0.466144	-0.881797	-0.071722	0.852837	-0.469436	0.228689
15710	8.527617	-2.614939	0.583079	1.611653	0.405222	0.199521	-0.239680	0.045481	0.969786	-0.451831	-0.889356	-0.069960	0.859303	-0.454947	0.233711
15711	8.584865	-1.566131	-0.392575	1.590239	0.368568	0.251016	-0.243983	0.044795	0.968744	-0.437385	-0.896647	-0.068696	0.865544	-0.440474	0.238359
15712	8.730928	-0.875351	-1.117928	1.414602	0.345869	0.310497	-0.248290	0.043444	0.967711	-0.424296	-0.902942	-0.068327	0.870818	-0.427561	0.242625
15713	8.716155	-0.723812	-1.231101	1.196790	0.336633	0.380192	-0.252824	0.041329	0.966629	-0.412777	-0.908205	-0.069132	0.875040	-0.416480	0.246675
15714	8.398547	-0.922743	-0.982620	1.056089	0.308355	0.440516	-0.257288	0.038529	0.965566	-0.402350	-0.912745	-0.070790	0.878588	-0.406709	0.250341
15715	8.019044	-1.255709	-0.631918	1.025419	0.228828	0.456857	-0.261116	0.035177	0.964666	-0.392024	-0.917080	-0.072671	0.882120	-0.397148	0.253255
15716	8.005173	-1.587852	-0.312890	1.079133	0.143874	0.457318	-0.264121	0.031481	0.963976	-0.381239	-0.921481	-0.074363	0.885944	-0.387146	0.255384
15717	8.110140	-1.912672	-0.149708	1.177856	0.080276	0.435619	-0.266464	0.027671	0.963448	-0.369514	-0.926145	-0.075598	0.890200	-0.376151	0.257009
15718	8.334947	-2.214779	-0.150791	1.312097	0.036708	0.421791	-0.268286	0.023834	0.963044	-0.356630	-0.931124	-0.076306	0.894895	-0.363922	0.258308
15719	8.550244	-2.264683	0.004819	1.422327	0.029181	0.410578	-0.269975	0.020013	0.962659	-0.342654	-0.936331	-0.076631	0.899834	-0.350548	0.259644
15720	8.719329	-2.217146	0.181917	1.515635	0.084176	0.405984	-0.272057	0.016435	0.962141	-0.327834	-0.941624	-0.076614	0.904715	-0.336266	0.261564
15721	8.844522	-1.949386	0.576778	1.581688	0.158082	0.395239	-0.274745	0.013132	0.961428	-0.312303	-0.946913	-0.076312	0.909386	-0.321223	0.264260
15722	8.841608	-1.458342	1.028568	1.612713	0.221137	0.397135	-0.277929	0.010002	0.960550	-0.296459	-0.952028	-0.075866	0.913711	-0.305849	0.267561
15723	8.934432	-0.854996	1.531910	1.595458	0.250149	0.399199	-0.281356	0.006848	0.959579	-0.280632	-0.956845	-0.075455	0.917651	-0.290519	0.271136
15724	9.284716	-0.215959	2.101208	1.528166	0.229885	0.414793	-0.284560	0.003469	0.958652	-0.265362	-0.961205	-0.075290	0.921199	-0.275814	0.274441
15725	9.579460	0.600318	2.760250	1.371286	0.220090	0.435200	-0.287698	-0.000218	0.957721	-0.251365	-0.964925	-0.075729	0.924146	-0.262524	0.277552
15726	9.729455	1.385554	3.589467	1.091685	0.205539	0.445581	-0.290651	-0.004046	0.956821	-0.239929	-0.967734	-0.076975	0.926259	-0.251942	0.280302
15727	9.802713	2.126509	4.539550	0.751998	0.207264	0.419507	-0.293542	-0.007681	0.955915	-0.231633	-0.969597	-0.078921	0.927459	-0.244588	0.282838
15728	9.928471	2.579980	5.470767	0.388834	0.234134	0.367055	-0.296511	-0.010724	0.954969	-0.226896	-0.970516	-0.081348	0.927685	-0.240799	0.285335
15729	9.795676	3.042292	6.206347	0.188626	0.359675	0.284039	-0.300468	-0.012703	0.953707	-0.224194	-0.970955	-0.083565	0.927069	-0.238924	0.288893
15730	9.578013	3.498238	7.388538	0.027336	0.488248	0.165609	-0.305317	-0.013195	0.952159	-0.223392	-0.971008	-0.085088	0.925677	-0.238683	0.293518
15731	9.802388	3.570469	7.907784	-0.138123	0.625170	0.052725	-0.311198	-0.012294	0.950266	-0.224393	-0.970693	-0.086043	0.923474	-0.240009	0.299319
15732	9.319417	3.372965	7.706897	-0.339884	0.705807	0.012280	-0.317690	-0.010757	0.948134	-0.227440	-0.969879	-0.087212	0.920513	-0.243350	0.305674
15733	8.878259	2.422896	7.247624	-0.507770	0.668883	0.040844	-0.323916	-0.009593	0.946037	-0.231851	-0.968652	-0.089206	0.917237	-0.248235	0.311537
15734	8.752468	0.946041	6.715440	-0.581844	0.606605	0.113244	-0.329692	-0.009217	0.944044	-0.236760	-0.967190	-0.092128	0.913919	-0.253886	0.316692
15735	8.726383	-0.579268	5.980037	-0.521775	0.582678	0.181342	-0.335430	-0.009561	0.942017	-0.240785	-0.965865	-0.095541	0.910774	-0.258871	0.321678
15736	8.461557	-1.616553	5.279701	-0.321785	0.560904	0.248377	-0.341089	-0.010549	0.939972	-0.242823	-0.965011	-0.098944	0.908127	-0.261996	0.326593
15737	8.079318	-2.150193	4.568094	-0.068086	0.482813	0.292008	-0.346169	-0.012189	0.938093	-0.242299	-0.964830	-0.101948	0.906343	-0.262590	0.331041
15738	7.832094	-2.148538	4.098238	0.180931	0.396218	0.307040	-0.350456	-0.014166	0.936472	-0.239542	-0.965273	-0.104246	0.905428	-0.260858	0.334892
15739	7.626554	-2.138416	3.674684	0.399908	0.355363	0.327274	-0.354441	-0.016497	0.934933	-0.234626	-0.966289	-0.105999	0.905164	-0.256930	0.338622
15740	7.531407	-2.186600	3.346668	0.625063	0.279506	0.336093	-0.357706	-0.019088	0.933639	-0.227722	-0.967826	-0.107034	0.905643	-0.250897	0.341850
15741	7.572783	-2.251787	3.094606	0.851409	0.202534	0.338860	-0.360289	-0.021963	0.932582	-0.218645	-0.969886	-0.107312	0.906855	-0.242568	0.344637
15742	7.740050	-2.273924	2.998117	1.072305	0.083638	0.327904	-0.361704	-0.024999	0.931958	-0.207677	-0.972362	-0.106685	0.908868	-0.232135	0.346515
15743	8.279803	-2.221954	3.010130	1.291751	-0.053021	0.307358	-0.361829	-0.028204	0.931818	-0.194662	-0.975223	-0.105106	0.911694	-0.219419	0.347374
15744	8.937703	-1.851542	3.313744	1.519340	-0.119681	0.278092	-0.361212	-0.031223	0.931961	-0.179730	-0.978368	-0.102438	0.914999	-0.204503	0.347787
15745	9.556074	-1.394106	4.005204	1.597881	-0.038251	0.272890	-0.361319	-0.034063	0.931820	-0.163955	-0.981442	-0.099451	0.917915	-0.188710	0.349028
15746	9.438504	-1.029089	3.986973	1.431726	0.094580	0.347376	-0.362686	-0.037352	0.931163	-0.149492	-0.983925	-0.097695	0.919843	-0.174634	0.351272
15747	7.742281	-0.470823	2.692371	1.044788	-0.030503	0.435652	-0.363018	-0.041783	0.930845	-0.138146	-0.985540	-0.098114	0.921484	-0.164210	0.351996
15748	6.361651	0.157582	1.417726	0.456158	-0.483240	0.391446	-0.359042	-0.046471	0.932164	-0.132475	-0.986110	-0.100185	0.923872	-0.159459	0.347898
15749	6.493983	0.693725	0.761355	-0.072905	-0.866117	0.275597	-0.351375	-0.050658	0.934863	-0.132026	-0.985876	-0.103045	0.926879	-0.159634	0.339724
15750	6.777627	1.411732	0.165205	-0.316042	-1.068472	0.156164	-0.341615	-0.053962	0.938290	-0.134370	-0.985290	-0.105587	0.930185	-0.162148	0.329338
15751	7.791071	1.846801	0.041881	-0.462374	-1.260416	0.055938	-0.329926	-0.056664	0.942305	-0.138352	-0.984516	-0.107643	0.933814	-0.165884	0.316978
15752	10.337799	1.884720	1.138888	-0.787176	-1.272490	-0.036237	-0.317924	-0.058509	0.946309	-0.145784	-0.983208	-0.109769	0.936841	-0.172855	0.304056
15753	13.788932	1.161600	3.322300	-1.150297	-0.912190	-0.122176	-0.309169	-0.059014	0.949174	-0.156817	-0.981247	-0.112087	0.937989	-0.183500	0.294116
15754	15.879574	-0.231559	5.069733	-1.222475	-0.363210	-0.115672	-0.305528	-0.058615	0.950377	-0.168586	-0.979005	-0.114578	0.937140	-0.195227	0.289232
15755	14.884777	-1.399071	4.930210	-0.793927	-0.130366	0.109438	-0.304476	-0.060023	0.950627	-0.175557	-0.977379	-0.117941	0.936202	-0.202799	0.287051
15756	11.709023	-1.717651	4.255341	-0.066457	-0.328758	0.381683	-0.302019	-0.064468	0.951120	-0.174974	-0.977012	-0.121785	0.937107	-0.203202	0.283796
15757	8.723527	-1.282730	3.027415	0.195647	-0.696887	0.532972	-0.296383	-0.071160	0.952414	-0.171411	-0.977065	-0.126343	0.939561	-0.200700	0.277388
15758	7.659870	-0.662542	1.156903	0.180384	-0.953616	0.525749	-0.288254	-0.078247	0.954352	-0.168128	-0.977037	-0.130889	0.942678	-0.198183	0.268479
15759	8.019779	0.562158	0.034603	0.023923	-0.966951	0.392842	-0.279761	-0.084071	0.956382	-0.166655	-0.976783	-0.134615	0.945495	-0.197046	0.259255
15760	8.886072	2.159216	-0.669598	-0.158206	-0.896111	0.169232	-0.271514	-0.087541	0.958445	-0.167639	-0.976330	-0.136664	0.947722	-0.197779	0.250412
15761	9.865589	3.310090	-0.387670	-0.406041	-0.897760	-0.074263	-0.262847	-0.088676	0.960754	-0.171564	-0.975603	-0.136984	0.949462	-0.200837	0.241221
15762	10.817564	2.888482	0.062921	-0.843510	-0.938419	-0.188273	-0.253554	-0.088809	0.963236	-0.180016	-0.974050	-0.137192	0.950423	-0.208184	0.230988
15763	11.049608	1.415803	0.294571	-1.353216	-0.950667	-0.099494	-0.244308	-0.089944	0.965517	-0.193007	-0.971257	-0.139316	0.950296	-0.220387	0.219926
15764	10.282596	-0.775544	-0.136298	-1.723534	-0.959188	0.097925	-0.235348	-0.093132	0.967439	-0.209095	-0.967238	-0.143980	0.949152	-0.236172	0.208164
15765	9.460755	-3.248942	-0.932304	-1.780943	-1.074762	0.243903	-0.225657	-0.098175	0.969247	-0.225314	-0.962675	-0.149966	0.947794	-0.252226	0.195114
15766	9.414134	-4.980080	-1.235910	-1.398945	-1.195141	0.311145	-0.215008	-0.104302	0.971027	-0.237839	-0.958753	-0.155647	0.947209	-0.264413	0.181333
15767	9.392975	-5.977708	-1.013956	-0.752518	-1.225408	0.377162	-0.204277	-0.111254	0.972571	-0.244076	-0.956355	-0.160664	0.947997	-0.270201	0.168207
15768	9.567466	-5.182037	-0.200802	-0.106574	-1.109955	0.360215	-0.194578	-0.117747	0.973794	-0.244324	-0.955660	-0.164374	0.949971	-0.269905	0.157183
15769	9.934793	-3.719176	0.552396	0.319653	-0.902288	0.270208	-0.186621	-0.122812	0.974725	-0.240671	-0.956209	-0.166558	0.952497	-0.265671	0.148892
15770	9.925017	-1.918221	1.558628	0.485553	-0.743679	0.195335	-0.179949	-0.126687	0.975484	-0.235638	-0.957247	-0.167787	0.955036	-0.260054	0.142403
15771	9.714258	-0.773925	2.363307	0.357348	-0.667020	0.128592	-0.173842	-0.129704	0.976195	-0.231898	-0.958020	-0.168586	0.957080	-0.255684	0.136466
15772	9.203233	-0.564911	2.841178	0.083852	-0.699519	0.108776	-0.167348	-0.132579	0.976943	-0.230865	-0.958096	-0.169568	0.958486	-0.253919	0.129727
15773	8.953022	-1.126211	2.663984	-0.247834	-0.811555	0.085256	-0.159733	-0.135525	0.977813	-0.233004	-0.957367	-0.170754	0.959268	-0.255109	0.121345
15774	8.952433	-1.809616	2.057790	-0.533650	-0.863262	0.038534	-0.151497	-0.138163	0.978754	-0.238020	-0.955948	-0.171786	0.959372	-0.258988	0.111938
15775	9.041973	-2.627411	1.278584	-0.735394	-0.895648	-0.012587	-0.142846	-0.140452	0.979729	-0.244992	-0.954057	-0.172492	0.958944	-0.264665	0.101874
15776	9.167614	-3.181527	0.852448	-0.748430	-0.895212	-0.022916	-0.134162	-0.142680	0.980634	-0.252156	-0.952092	-0.173025	0.958341	-0.270486	0.091757
15777	9.706584	-3.320201	0.670245	-0.636444	-0.891362	-0.045176	-0.125477	-0.144746	0.981480	-0.258213	-0.950439	-0.173180	0.957905	-0.275161	0.081883
15778	10.057089	-3.221307	0.488042	-0.466596	-0.784735	-0.069148	-0.117737	-0.146313	0.982207	-0.262724	-0.949254	-0.172897	0.957661	-0.278405	0.073322
15779	9.794764	-2.975839	0.507629	-0.311154	-0.692533	-0.075732	-0.110876	-0.147594	0.982814	-0.265692	-0.948515	-0.172417	0.957661	-0.280242	0.065953
15780	9.600627	-2.384657	0.264270	-0.254436	-0.680284	-0.068418	-0.104134	-0.148908	0.983353	-0.268161	-0.947907	-0.171937	0.957730	-0.281601	0.058778
15781	9.567600	-1.501737	-0.202989	-0.298148	-0.673464	-0.055501	-0.097506	-0.150349	0.983813	-0.270975	-0.947166	-0.171605	0.957635	-0.283321	0.051614
15782	9.535153	-0.869929	-0.473408	-0.380109	-0.689300	-0.062430	-0.090692	-0.151771	0.984246	-0.274632	-0.946184	-0.171208	0.957263	-0.285833	0.044130
15783	9.412838	-0.502371	-0.609185	-0.502087	-0.730556	-0.052436	-0.083527	-0.153440	0.984621	-0.279389	-0.944839	-0.170942	0.956538	-0.289370	0.036050
15784	9.465016	-0.583324	-0.738399	-0.689734	-0.783750	-0.052436	-0.075844	-0.155286	0.984954	-0.285983	-0.942912	-0.170679	0.955228	-0.294625	0.027105
15785	9.617652	-1.066871	-0.934303	-0.871202	-0.810142	-0.050668	-0.067936	-0.157286	0.985214	-0.294243	-0.940413	-0.170424	0.953313	-0.301470	0.017608
15786	9.929042	-1.401003	-1.106892	-0.940047	-0.803134	-0.056415	-0.060078	-0.159261	0.985407	-0.303191	-0.937639	-0.170025	0.951034	-0.308981	0.008045
15787	9.645424	-1.684801	-1.006435	-0.976001	-0.760295	-0.071696	-0.052607	-0.161031	0.985546	-0.312415	-0.934719	-0.169402	0.948488	-0.316811	-0.001136
15788	9.518017	-2.098587	-0.461492	-0.958554	-0.812626	-0.064957	-0.044662	-0.163083	0.985601	-0.321487	-0.931758	-0.168742	0.945860	-0.324394	-0.010815
15789	9.714156	-2.467861	-0.113664	-0.916534	-0.824954	-0.069462	-0.036615	-0.165205	0.985579	-0.330089	-0.928886	-0.167965	0.943239	-0.331479	-0.020521
15790	9.710498	-2.712194	0.037523	-0.835972	-0.781965	-0.080166	-0.028941	-0.167132	0.985510	-0.337952	-0.926228	-0.167003	0.940718	-0.337888	-0.029677
15791	9.604771	-2.858310	0.135406	-0.722285	-0.732393	-0.098049	-0.021697	-0.168783	0.985414	-0.344681	-0.923954	-0.165845	0.938469	-0.343252	-0.038129
15792	9.593009	-2.898686	0.268990	-0.582640	-0.682985	-0.122135	-0.014829	-0.170069	0.985321	-0.350128	-0.922156	-0.164436	0.936584	-0.347427	-0.045871
15793	9.691398	-2.698959	0.478832	-0.463753	-0.636182	-0.153733	-0.008307	-0.170936	0.985247	-0.354403	-0.920821	-0.162746	0.935056	-0.350527	-0.052930
15794	9.875891	-2.328580	0.636173	-0.392041	-0.584596	-0.175876	-0.002179	-0.171428	0.985194	-0.358039	-0.919751	-0.160833	0.933704	-0.353088	-0.059374
15795	9.765497	-1.924930	0.811635	-0.339637	-0.547509	-0.193533	0.003651	-0.171652	0.985151	-0.361122	-0.918903	-0.158770	0.932512	-0.355180	-0.065342
15796	9.547086	-1.716938	0.958299	-0.326781	-0.517982	-0.198923	0.009239	-0.171724	0.985102	-0.364118	-0.918088	-0.156628	0.931307	-0.357246	-0.071010
15797	9.350883	-1.684424	1.253445	-0.352229	-0.491661	-0.187918	0.014526	-0.171825	0.985020	-0.367286	-0.917174	-0.154573	0.929995	-0.359539	-0.076432
15798	9.072420	-1.981860	1.306645	-0.417375	-0.467368	-0.160727	0.019501	-0.172094	0.984887	-0.371101	-0.915951	-0.152701	0.928388	-0.362515	-0.081726
15799	8.922195	-2.393647	1.273495	-0.525876	-0.499733	-0.134181	0.024659	-0.172749	0.984657	-0.375857	-0.914294	-0.150992	0.926349	-0.366367	-0.087475
15800	9.084275	-2.776582	0.771689	-0.683214	-0.571118	-0.118659	0.030430	-0.173829	0.984306	-0.382109	-0.911986	-0.149244	0.923616	-0.371571	-0.094173
15801	9.452025	-3.018659	-0.088611	-0.812095	-0.632386	-0.135272	0.036804	-0.175028	0.983875	-0.389457	-0.909210	-0.147177	0.920309	-0.377760	-0.101628
15802	9.456257	-3.122512	-0.954661	-0.839212	-0.650844	-0.169624	0.043486	-0.176024	0.983425	-0.397063	-0.906318	-0.144665	0.916761	-0.384191	-0.109305
15803	9.394432	-3.306477	-1.131013	-0.787178	-0.662846	-0.222055	0.050461	-0.176643	0.982981	-0.404067	-0.903695	-0.141652	0.913336	-0.390042	-0.116977
15804	9.522542	-3.446564	-0.797532	-0.660673	-0.685304	-0.281909	0.057893	-0.176843	0.982535	-0.409905	-0.901609	-0.138125	0.910289	-0.394750	-0.124686
15805	9.703325	-3.397144	-0.043592	-0.509349	-0.696565	-0.307491	0.065511	-0.176898	0.982047	-0.414251	-0.900168	-0.134515	0.907802	-0.398002	-0.132251
15806	9.641723	-3.037765	0.720639	-0.402068	-0.704939	-0.324431	0.073288	-0.176849	0.981506	-0.417639	-0.899145	-0.130825	0.905652	-0.400327	-0.139756
15807	9.665275	-2.591240	1.363775	-0.388557	-0.735910	-0.339542	0.081385	-0.176815	0.980874	-0.420794	-0.898222	-0.127002	0.903498	-0.402410	-0.147504
15808	9.982764	-2.135858	1.929679	-0.446967	-0.741622	-0.353588	0.089606	-0.176692	0.980179	-0.424493	-0.897051	-0.122901	0.900987	-0.405066	-0.155385
15809	10.265624	-1.774763	2.484867	-0.499221	-0.689328	-0.371094	0.097405	-0.176230	0.979518	-0.428534	-0.895716	-0.118538	0.898260	-0.408211	-0.162767
15810	10.562122	-1.672020	3.072162	-0.535076	-0.612161	-0.375951	0.104548	-0.175432	0.978925	-0.432922	-0.894192	-0.114012	0.895348	-0.411878	-0.169435
15811	10.998575	-1.608586	3.721351	-0.591320	-0.511589	-0.373041	0.110757	-0.174276	0.978448	-0.437695	-0.892442	-0.109411	0.892276	-0.416144	-0.175123
15812	11.642176	-1.489574	4.310797	-0.641471	-0.350352	-0.352879	0.115465	-0.172654	0.978191	-0.442979	-0.890378	-0.104866	0.889066	-0.421210	-0.179289
15813	11.908131	-1.261843	4.510974	-0.653825	-0.078390	-0.305603	0.117531	-0.170323	0.978354	-0.448304	-0.888183	-0.100770	0.886121	-0.426756	-0.180745
15814	11.632932	-1.064189	4.881115	-0.551347	0.245175	-0.232592	0.116442	-0.167265	0.979012	-0.452881	-0.886219	-0.097546	0.883934	-0.432018	-0.178944
15815	11.154958	-1.102462	6.468545	-0.317451	0.518747	-0.144852	0.112520	-0.163782	0.980058	-0.455385	-0.885143	-0.095638	0.883155	-0.435543	-0.174180
15816	11.586015	-0.849955	7.401818	-0.109352	0.734496	-0.103703	0.106538	-0.159716	0.981397	-0.456207	-0.884844	-0.094478	0.883473	-0.437655	-0.167133
15817	12.126167	-0.104736	6.130960	-0.143160	0.986601	-0.152542	0.098514	-0.154082	0.983135	-0.457163	-0.884526	-0.092818	0.883910	-0.440309	-0.157579
15818	12.421724	0.516358	4.174562	-0.433182	1.107889	-0.251897	0.089915	-0.147006	0.985040	-0.460722	-0.882998	-0.089722	0.882978	-0.445762	-0.147124
15819	13.065857	0.808720	2.653047	-0.784762	1.225640	-0.362131	0.080782	-0.138343	0.987084	-0.467166	-0.880064	-0.085111	0.880472	-0.454257	-0.135722
15820	13.643851	0.769273	1.733262	-0.858438	1.495674	-0.518509	0.070107	-0.126982	0.989424	-0.474289	-0.876824	-0.078924	0.877573	-0.463740	-0.121697
15821	13.188860	1.421936	1.884494	-0.375920	1.770930	-0.713249	0.057950	-0.112516	0.991959	-0.476959	-0.876013	-0.071501	0.877013	-0.468980	-0.104430
15822	12.355679	2.004790	0.720091	0.363755	1.878320	-0.823599	0.045396	-0.096553	0.994292	-0.473305	-0.878592	-0.063708	0.879728	-0.467712	-0.085583
15823	11.879153	2.141031	-0.750195	0.850120	1.922333	-0.830471	0.032317	-0.080348	0.996243	-0.465307	-0.883367	-0.056151	0.884559	-0.461744	-0.065934
15824	11.391419	1.470884	-0.911448	0.597414	1.886971	-0.832743	0.019478	-0.064361	0.997737	-0.459763	-0.886731	-0.048225	0.887828	-0.457783	-0.046863
15825	11.634008	-0.472461	-0.180121	-0.195998	1.834118	-0.882512	0.007242	-0.048165	0.998813	-0.461209	-0.886416	-0.039401	0.887262	-0.460377	-0.028634
15826	11.072005	-2.735375	-1.533829	-0.948888	1.900932	-0.887909	-0.005419	-0.031533	0.999488	-0.469565	-0.882375	-0.030384	0.882881	-0.469489	-0.010026
15827	10.483468	-3.853466	-1.892070	-1.622268	1.910108	-0.710987	-0.018847	-0.016232	0.999691	-0.483739	-0.874902	-0.023326	0.875010	-0.484029	0.008637
15828	11.197609	-6.975721	-2.307463	-1.948613	1.892914	-0.352464	-0.033550	-0.003901	0.999429	-0.500749	-0.865357	-0.020188	0.864942	-0.501141	0.027079
15829	11.680227	-9.564077	-2.584144	-1.637769	1.937364	0.116146	-0.050844	0.004878	0.998695	-0.514625	-0.857133	-0.022013	0.855906	-0.515073	0.046090
15830	10.747284	-10.931571	-2.017285	-0.868741	1.775906	0.525886	-0.068692	0.009533	0.997592	-0.521687	-0.852685	-0.027774	0.850367	-0.522339	0.063546
15831	9.526730	-10.895818	-2.197379	0.147720	1.508385	0.744333	-0.085431	0.010971	0.996284	-0.519690	-0.853631	-0.035163	0.850073	-0.520762	0.078628
15832	8.449672	-9.103848	-3.361356	1.354116	1.206058	0.782151	-0.099707	0.010415	0.994962	-0.507377	-0.860708	-0.041835	0.855936	-0.508993	0.091103
15833	8.539589	-6.570867	-4.113192	2.515143	0.957392	0.695205	-0.111444	0.009065	0.993729	-0.484798	-0.873394	-0.046402	0.867497	-0.486929	0.101729
15834	9.803172	-3.171853	-3.802855	3.374203	0.803628	0.530867	-0.120939	0.008119	0.992627	-0.454616	-0.889387	-0.048115	0.882439	-0.457083	0.111252
15835	10.587246	-0.553753	-2.058417	3.814629	0.808351	0.362723	-0.129755	0.008323	0.991511	-0.420026	-0.906276	-0.047360	0.898188	-0.422605	0.121089
15836	11.015252	1.765287	-0.614515	3.846823	0.851837	0.188393	-0.138190	0.009993	0.990355	-0.384900	-0.921890	-0.044405	0.912554	-0.387324	0.131243
15837	10.389820	3.755275	-0.145540	3.405004	0.903409	0.102944	-0.146891	0.012299	0.989076	-0.353316	-0.934612	-0.040850	0.923900	-0.355457	0.141632
15838	10.488583	5.201237	0.184730	2.470166	0.864137	0.022074	-0.154943	0.015008	0.987809	-0.330329	-0.943121	-0.037485	0.931062	-0.332110	0.151087
15839	10.897184	4.733230	-0.012441	1.439535	0.939415	-0.034291	-0.163613	0.018297	0.986355	-0.316791	-0.947851	-0.034965	0.934277	-0.318189	0.160877
15840	10.607640	3.602220	-0.104890	0.636975	1.090707	-0.005877	-0.173745	0.021735	0.984551	-0.310806	-0.949869	-0.033879	0.934458	-0.311890	0.171791
15841	10.062480	1.944427	-0.067777	-0.050627	1.186964	0.029978	-0.184934	0.025065	0.982431	-0.311063	-0.949769	-0.034323	0.932223	-0.311945	0.183441
15842	9.582555	0.278005	-0.088010	-0.528054	1.249002	0.076543	-0.196752	0.028210	0.980047	-0.315785	-0.948144	-0.036104	0.928207	-0.316587	0.195457
15843	9.206038	-1.344151	-0.300571	-0.748508	1.259326	0.138401	-0.208867	0.030839	0.977458	-0.322276	-0.945841	-0.039024	0.923316	-0.323162	0.207494
15844	8.716487	-2.471328	-0.609411	-0.640698	1.226164	0.228930	-0.220865	0.032619	0.974759	-0.327640	-0.943839	-0.042654	0.918624	-0.328791	0.219148
15845	8.181005	-3.005773	-1.037379	-0.262936	1.147570	0.315883	-0.232439	0.033330	0.972040	-0.329183	-0.943127	-0.046377	0.915211	-0.330759	0.230191
15846	7.823195	-2.995972	-1.284390	0.228682	1.022521	0.393112	-0.243038	0.032935	0.969458	-0.326112	-0.944025	-0.049683	0.913555	-0.328227	0.240174
15847	7.798499	-2.781710	-1.294415	0.716354	0.895087	0.451739	-0.252683	0.031475	0.967037	-0.318300	-0.946543	-0.052363	0.913694	-0.321039	0.249194
15848	8.044163	-2.471170	-1.052422	1.074769	0.787953	0.500568	-0.261414	0.029162	0.964786	-0.307140	-0.950102	-0.054503	0.915056	-0.310572	0.257327
15849	8.491370	-2.319186	-0.696282	1.209810	0.734725	0.554033	-0.269818	0.026028	0.962560	-0.294446	-0.953982	-0.056740	0.916788	-0.298731	0.265065
15850	8.831673	-2.049266	-0.151145	1.140710	0.754318	0.622952	-0.278494	0.022233	0.960181	-0.282226	-0.957489	-0.059687	0.918036	-0.287610	0.272930
15851	8.879568	-1.793965	0.500528	0.962748	0.802467	0.705579	-0.287819	0.017639	0.957522	-0.271251	-0.960389	-0.063843	0.918468	-0.278104	0.281203
15852	8.672003	-1.529300	1.195046	0.741216	0.851303	0.783185	-0.297683	0.012393	0.954584	-0.262104	-0.962552	-0.069240	0.917979	-0.270812	0.289784
15853	8.211920	-1.046923	1.879148	0.521617	0.879171	0.844738	-0.307931	0.006514	0.951386	-0.254627	-0.964063	-0.075813	0.916703	-0.265594	0.298524
15854	7.913880	-0.682529	2.421531	0.358511	0.828238	0.883439	-0.317698	0.000126	0.948192	-0.248532	-0.965049	-0.083144	0.915041	-0.262070	0.306625
15855	7.773900	-0.470963	2.782062	0.248108	0.757384	0.868947	-0.326756	-0.006387	0.945087	-0.243329	-0.965698	-0.090656	0.913248	-0.259590	0.313994
15856	7.834857	-0.481461	2.872789	0.250244	0.653322	0.817145	-0.334644	-0.012644	0.942260	-0.238295	-0.966277	-0.097597	0.911718	-0.257196	0.320345
15857	7.775177	-0.171637	2.795311	0.317447	0.560235	0.767123	-0.341552	-0.018728	0.939676	-0.232673	-0.966995	-0.103844	0.910607	-0.254105	0.325921
15858	7.595744	0.108635	2.641911	0.322268	0.438683	0.742111	-0.347209	-0.024850	0.937459	-0.227135	-0.967657	-0.109775	0.909866	-0.251044	0.330334
15859	7.169929	0.447529	2.515858	0.302219	0.350881	0.719065	-0.352009	-0.031035	0.935482	-0.221735	-0.968235	-0.115558	0.909353	-0.248107	0.333946
15860	6.708215	0.546523	2.449016	0.233159	0.225162	0.702526	-0.355555	-0.037333	0.933909	-0.217081	-0.968580	-0.121365	0.909097	-0.245886	0.336279
15861	6.531367	0.413419	2.550533	0.208006	0.086491	0.666064	-0.357766	-0.043674	0.932790	-0.212677	-0.968843	-0.126933	0.909270	-0.243795	0.337330
15862	6.811500	0.038255	3.139296	0.221363	-0.007758	0.614500	-0.358946	-0.049697	0.932034	-0.208412	-0.969101	-0.131938	0.909792	-0.241605	0.337497
15863	7.726764	-0.427093	3.716899	0.247703	-0.046271	0.519295	-0.359588	-0.054941	0.931492	-0.204154	-0.969447	-0.135990	0.910504	-0.239068	0.337385
15864	8.685848	-0.501231	4.335103	0.269050	-0.027729	0.405394	-0.360111	-0.058988	0.931042	-0.200194	-0.969863	-0.138880	0.911176	-0.236402	0.337450
15865	9.500854	-0.509671	5.347330	0.219917	0.135195	0.308789	-0.361948	-0.061764	0.930150	-0.196935	-0.970216	-0.141058	0.911159	-0.234235	0.339004
15866	10.207019	-0.985641	7.091904	0.181711	0.451696	0.258305	-0.366522	-0.063266	0.928256	-0.194290	-0.970486	-0.142860	0.909897	-0.232712	0.343412
15867	10.239616	-1.264902	8.914507	0.278077	0.822770	0.267935	-0.374506	-0.064062	0.925009	-0.190624	-0.970981	-0.144424	0.907418	-0.230416	0.351427
15868	9.543564	-1.832417	10.829656	0.469651	1.125483	0.357759	-0.385328	-0.065016	0.920486	-0.184960	-0.971830	-0.146070	0.904053	-0.226538	0.362448
15869	8.233822	-2.158294	11.586205	0.751302	1.205833	0.491577	-0.397093	-0.067211	0.915314	-0.176097	-0.973205	-0.147858	0.900726	-0.219897	0.374617
15870	7.004902	-1.719355	10.608680	1.027220	1.039473	0.577091	-0.407382	-0.070644	0.910521	-0.164484	-0.975024	-0.149242	0.898323	-0.210565	0.385588
15871	6.493784	-0.646928	9.080278	1.173925	0.778257	0.541683	-0.415223	-0.074448	0.906668	-0.151539	-0.977061	-0.149628	0.897009	-0.199524	0.394417
15872	6.657048	0.671352	8.596411	1.255274	0.553215	0.401699	-0.420722	-0.077354	0.903885	-0.138551	-0.979190	-0.148289	0.896547	-0.187623	0.401250
15873	7.579558	0.229986	8.085220	1.619739	0.467022	0.163308	-0.425124	-0.078232	0.901748	-0.123144	-0.981995	-0.143250	0.896719	-0.171944	0.407836
15874	6.884604	0.216242	7.431308	2.425877	0.580158	0.050494	-0.430338	-0.077846	0.899305	-0.101119	-0.985846	-0.133725	0.896986	-0.148483	0.416376
15875	4.876479	1.296759	4.407121	2.314063	0.093346	0.076810	-0.431247	-0.078593	0.898804	-0.079807	-0.988971	-0.124769	0.898697	-0.125538	0.420218
15876	5.382953	-0.193306	-0.317108	1.196641	-0.974404	0.161569	-0.422537	-0.081398	0.902683	-0.068281	-0.990270	-0.121258	0.903770	-0.112872	0.412868
15877	6.904190	-2.159882	-3.774380	0.376308	-1.472529	0.183654	-0.409302	-0.084954	0.908435	-0.063902	-0.990542	-0.121424	0.910158	-0.107750	0.400002
15878	7.754357	-2.481477	-7.208495	-0.013544	-1.727494	0.191240	-0.393591	-0.088741	0.914992	-0.063206	-0.990362	-0.123240	0.917110	-0.106340	0.384189
15879	9.217842	-1.245087	-9.827844	-0.637313	-1.679448	0.391237	-0.378385	-0.094541	0.920808	-0.067380	-0.989318	-0.129263	0.923193	-0.110956	0.367973
15880	8.756948	1.919986	-8.277348	-1.063038	-1.456356	0.529381	-0.365234	-0.101500	0.925366	-0.075200	-0.987573	-0.138004	0.927873	-0.119991	0.353062
15881	8.503989	2.758753	-3.891628	-1.168982	-1.492036	0.422881	-0.351677	-0.107626	0.929914	-0.084405	-0.985677	-0.146000	0.932308	-0.129834	0.337556
15882	14.598475	2.510391	3.130595	-0.957438	-1.186582	-0.160581	-0.340403	-0.107678	0.934094	-0.093852	-0.984569	-0.147698	0.935584	-0.137944	0.325044
15883	25.771148	-0.441522	7.006248	-1.092355	-0.490636	-0.859086	-0.334930	-0.100007	0.936921	-0.106834	-0.983909	-0.143214	0.936167	-0.148062	0.318856
15884	26.107274	-7.057535	6.566760	-0.438110	0.523605	-0.417845	-0.339320	-0.095155	0.935846	-0.112289	-0.983660	-0.140730	0.933945	-0.152838	0.323090
15885	13.628918	-4.602782	1.771563	0.402903	0.060294	0.369944	-0.340269	-0.098786	0.935125	-0.107132	-0.983919	-0.142923	0.934205	-0.148814	0.324214
15886	7.040339	1.016344	-3.995519	-0.230135	-1.005547	0.676979	-0.331536	-0.106992	0.937356	-0.106961	-0.982880	-0.150019	0.937360	-0.149997	0.314416
15887	6.608791	3.505214	-4.230059	0.142696	-1.407608	0.660081	-0.318978	-0.115646	0.940680	-0.103347	-0.982365	-0.155815	0.942111	-0.146918	0.301401
15888	7.319443	4.505865	-2.488721	0.380498	-1.507283	0.349358	-0.305042	-0.121296	0.944583	-0.098613	-0.982501	-0.158011	0.947219	-0.141348	0.287743
15889	7.683977	4.656682	-0.754699	0.127013	-1.460250	-0.172495	-0.290979	-0.121712	0.948956	-0.097807	-0.982894	-0.156055	0.951717	-0.138224	0.274097
15890	9.323815	4.239789	0.859571	-0.490237	-1.493499	-0.536549	-0.276146	-0.118570	0.953774	-0.103955	-0.982855	-0.152283	0.955477	-0.141202	0.259085
15891	11.131715	2.150051	0.904763	-1.219733	-1.476877	-0.550102	-0.261375	-0.115389	0.958315	-0.116995	-0.981721	-0.150117	0.958121	-0.151355	0.243098
15892	11.462829	-0.831189	0.658714	-1.642543	-1.281595	-0.330160	-0.248625	-0.114231	0.961840	-0.133537	-0.979496	-0.150846	0.959350	-0.165946	0.228274
15893	10.739094	-3.716577	0.717236	-1.810798	-1.101576	0.017128	-0.238049	-0.116376	0.964256	-0.150766	-0.976334	-0.155054	0.959480	-0.182287	0.214870
15894	9.644201	-5.126408	0.868457	-1.697835	-1.166479	0.344495	-0.227355	-0.121996	0.966140	-0.166208	-0.972703	-0.161937	0.959523	-0.197398	0.200872
15895	9.100766	-6.360296	0.942973	-1.414154	-1.330511	0.529959	-0.215466	-0.129909	0.967832	-0.178510	-0.969171	-0.169830	0.960057	-0.209360	0.185633
15896	9.582454	-6.860641	0.412392	-0.945940	-1.368448	0.616557	-0.203398	-0.138840	0.969202	-0.186259	-0.966331	-0.177517	0.961216	-0.216630	0.170689
15897	9.362764	-6.099913	0.141065	-0.435876	-1.122935	0.562534	-0.193620	-0.146782	0.970034	-0.189242	-0.964588	-0.183731	0.962652	-0.219145	0.158986
15898	8.542667	-5.120117	0.156910	-0.071839	-0.928342	0.364765	-0.185319	-0.152379	0.970792	-0.189197	-0.963888	-0.187413	0.964293	-0.218402	0.149797
15899	7.873798	-4.081360	0.708346	0.085755	-0.910706	0.031571	-0.176556	-0.154729	0.972053	-0.188223	-0.964035	-0.187640	0.966126	-0.216092	0.141083
15900	8.300489	-2.829563	1.492575	0.065617	-0.989224	-0.240592	-0.166491	-0.154584	0.973850	-0.187956	-0.964551	-0.185241	0.967963	-0.213882	0.131534
15901	9.455610	-1.814187	1.547159	-0.063232	-0.998462	-0.349088	-0.156128	-0.153414	0.975750	-0.189044	-0.964962	-0.181966	0.969477	-0.212870	0.121656
15902	9.826591	-1.249676	1.315083	-0.168370	-0.996472	-0.328402	-0.145790	-0.152415	0.977504	-0.191128	-0.965108	-0.178988	0.970678	-0.212924	0.111573
15903	9.555411	-1.370747	0.973329	-0.257657	-1.058011	-0.244055	-0.135014	-0.152383	0.979056	-0.193886	-0.964939	-0.176923	0.971689	-0.213712	0.100735
15904	9.753024	-1.959605	0.299021	-0.207223	-1.146016	-0.133598	-0.123564	-0.153593	0.980378	-0.196030	-0.964703	-0.175844	0.972782	-0.213911	0.089094
15905	9.742210	-2.772711	-0.553571	-0.085398	-1.193561	-0.057274	-0.111801	-0.155652	0.981465	-0.196843	-0.964617	-0.175403	0.974040	-0.212804	0.077206
15906	9.632810	-3.118895	-0.607109	0.061005	-1.236201	-0.012719	-0.099679	-0.158193	0.982364	-0.196219	-0.964769	-0.175269	0.975481	-0.210229	0.065127
15907	9.458578	-2.496892	-0.166107	0.112871	-1.249682	0.036229	-0.087518	-0.161214	0.983031	-0.195002	-0.964954	-0.175610	0.976890	-0.207062	0.053013
15908	9.506352	-1.428351	0.420070	-0.023617	-1.200876	0.059977	-0.075850	-0.164318	0.983487	-0.195141	-0.964809	-0.176247	0.977838	-0.205287	0.041116
15909	9.267874	-0.190640	0.891763	-0.336326	-1.115329	0.046729	-0.065002	-0.167129	0.983790	-0.198318	-0.964046	-0.176878	0.977980	-0.206601	0.029520
15910	9.096310	0.293825	0.934768	-0.740071	-1.075170	-0.013478	-0.054417	-0.169298	0.984062	-0.205520	-0.962522	-0.176957	0.977139	-0.211874	0.017584
15911	9.174562	0.360764	0.763393	-1.079928	-1.065208	-0.099942	-0.043774	-0.170701	0.984350	-0.216032	-0.960365	-0.176149	0.975404	-0.220362	0.005162
15912	9.368113	-0.235953	0.561817	-1.333508	-1.027833	-0.174714	-0.033327	-0.171396	0.984638	-0.229050	-0.957655	-0.174452	0.972844	-0.231345	-0.007343
15913	9.784485	-1.270350	0.183807	-1.393429	-0.946862	-0.218963	-0.023581	-0.171609	0.984883	-0.242567	-0.954736	-0.172164	0.969848	-0.242960	-0.019113
15914	10.001353	-2.603906	-0.220755	-1.290821	-0.776717	-0.234239	-0.015432	-0.171356	0.985088	-0.255073	-0.951934	-0.169585	0.966799	-0.253887	-0.029018
