// General information: 
//  MT Manager version: 2022.2.0 
//  XDA version: 2022.2.0 build 7381 rev 124627 built on 2023-07-19
// Device information: 
//  DeviceId: 00B4CBA7
//  ProductCode: MTW2-3A7G6
//  Firmware Version: 4.6.0
//  Hardware Version: 2.0.0
// Device settings: 
//  Filter Profile: human(46.1)
//  Option Flags: Orientation Smoother Disabled, Position/Velocity Smoother Disabled, Continuous Zero Rotation Update Disabled, AHS Disabled, ICC Disabled
// Coordinate system: ENU
PacketCounter	Acc_X	Acc_Y	Acc_Z	Gyr_X	Gyr_Y	Gyr_Z	Mat[1][1]	Mat[2][1]	Mat[3][1]	Mat[1][2]	Mat[2][2]	Mat[3][2]	Mat[1][3]	Mat[2][3]	Mat[3][3]
44014	9.346598	-0.881124	-2.177584	0.008460	0.038036	0.017551	-0.203186	-0.147157	0.968019	-0.860961	0.497705	-0.105054	-0.466328	-0.854772	-0.227823
44015	9.457292	-0.766044	-2.133603	0.000738	0.035154	0.019039	-0.203160	-0.146688	0.968095	-0.860889	0.497791	-0.105235	-0.466473	-0.854802	-0.227413
44016	9.527611	-0.766771	-2.042745	-0.021096	0.037196	0.019586	-0.203122	-0.146271	0.968166	-0.860750	0.498008	-0.105347	-0.466745	-0.854747	-0.227059
44017	9.583107	-0.827086	-2.048625	-0.029347	0.034482	0.023199	-0.203120	-0.145881	0.968226	-0.860576	0.498285	-0.105461	-0.467067	-0.854653	-0.226753
44018	9.617905	-0.894864	-2.065609	-0.028222	0.030767	0.021119	-0.203126	-0.145511	0.968280	-0.860400	0.498564	-0.105571	-0.467388	-0.854553	-0.226469
44019	9.688231	-0.898763	-2.084762	-0.025495	0.024237	0.023841	-0.203137	-0.145144	0.968333	-0.860211	0.498868	-0.105679	-0.467731	-0.854438	-0.226193
44020	9.673579	-0.958797	-2.124956	-0.012684	0.019199	0.025603	-0.203235	-0.144850	0.968356	-0.860099	0.499021	-0.105869	-0.467896	-0.854398	-0.226004
44021	9.606201	-0.932704	-2.124285	-0.000705	0.017258	0.023877	-0.203305	-0.144619	0.968376	-0.860007	0.499149	-0.106010	-0.468033	-0.854363	-0.225853
44022	9.567347	-0.922235	-2.112387	0.007440	0.012773	0.021185	-0.203395	-0.144402	0.968390	-0.859998	0.499124	-0.106201	-0.468011	-0.854414	-0.225705
44023	9.490037	-0.903829	-2.254238	0.003377	0.007466	0.027961	-0.203556	-0.144160	0.968392	-0.859993	0.499074	-0.106476	-0.467950	-0.854484	-0.225566
44024	9.431866	-1.008282	-2.403526	0.006912	0.012935	0.023311	-0.203663	-0.143931	0.968403	-0.859977	0.499057	-0.106687	-0.467933	-0.854533	-0.225417
44025	9.469182	-1.054156	-2.553347	0.013990	0.021551	0.025196	-0.203744	-0.143641	0.968430	-0.859997	0.498972	-0.106922	-0.467861	-0.854631	-0.225193
44026	9.417468	-0.973626	-2.618872	0.009388	0.030341	0.028826	-0.203817	-0.143236	0.968474	-0.859981	0.498942	-0.107192	-0.467858	-0.854717	-0.224873
44027	9.330643	-1.058216	-2.613710	-0.000641	0.038250	0.032275	-0.203895	-0.142794	0.968523	-0.859941	0.498950	-0.107473	-0.467898	-0.854786	-0.224528
44028	9.285257	-1.127791	-2.586006	-0.008192	0.053118	0.029735	-0.203869	-0.142190	0.968617	-0.859841	0.499071	-0.107712	-0.468093	-0.854816	-0.224006
44029	9.299698	-1.202429	-2.556793	0.000486	0.061218	0.025240	-0.203776	-0.141562	0.968729	-0.859810	0.499077	-0.107933	-0.468191	-0.854917	-0.223416
44030	9.402742	-1.299435	-2.569182	0.004742	0.070316	0.019724	-0.203583	-0.140861	0.968872	-0.859790	0.499073	-0.108105	-0.468310	-0.855035	-0.222714
44031	9.465759	-1.278017	-2.474856	0.022215	0.078609	0.020693	-0.203295	-0.140087	0.969044	-0.859808	0.499013	-0.108240	-0.468402	-0.855197	-0.221895
44032	9.497750	-1.165872	-2.436871	0.023588	0.089243	0.016776	-0.202988	-0.139238	0.969231	-0.859883	0.498843	-0.108424	-0.468397	-0.855434	-0.220988
44033	9.483551	-1.120251	-2.374705	0.028676	0.095222	0.014750	-0.202660	-0.138379	0.969423	-0.859981	0.498635	-0.108604	-0.468360	-0.855695	-0.220057
44034	9.415206	-1.017015	-2.357850	0.028044	0.102091	0.012506	-0.202257	-0.137441	0.969640	-0.860086	0.498421	-0.108756	-0.468342	-0.855971	-0.219020
44035	9.318376	-0.998907	-2.283963	0.030358	0.104036	0.010846	-0.201832	-0.136485	0.969864	-0.860210	0.498175	-0.108907	-0.468298	-0.856267	-0.217953
44036	9.257678	-1.019652	-2.197841	0.037437	0.099846	0.012433	-0.201439	-0.135566	0.970074	-0.860358	0.497881	-0.109078	-0.468194	-0.856584	-0.216927
44037	9.271711	-0.989692	-2.123321	0.050367	0.101926	0.013324	-0.201020	-0.134652	0.970288	-0.860566	0.497485	-0.109249	-0.467993	-0.856958	-0.215882
44038	9.298165	-0.930031	-2.038678	0.071691	0.095434	0.022791	-0.200737	-0.133719	0.970476	-0.860854	0.496910	-0.109595	-0.467585	-0.857438	-0.214861
44039	9.425696	-0.863665	-1.985885	0.075332	0.092956	0.028100	-0.200512	-0.132808	0.970648	-0.861151	0.496308	-0.109986	-0.467133	-0.857928	-0.213883
44040	9.483697	-0.797123	-1.967090	0.073218	0.090228	0.038770	-0.200392	-0.131839	0.970805	-0.861414	0.495741	-0.110488	-0.466701	-0.858405	-0.212911
44041	9.588322	-0.664733	-1.971776	0.062803	0.089351	0.045223	-0.200260	-0.130902	0.970958	-0.861558	0.495396	-0.110908	-0.466491	-0.858747	-0.211988
44042	9.632708	-0.627541	-1.908844	0.028519	0.091389	0.045956	-0.200197	-0.129888	0.971108	-0.861597	0.495221	-0.111384	-0.466445	-0.859003	-0.211053
44043	9.734769	-0.757167	-2.003244	-0.003666	0.090464	0.049373	-0.200124	-0.128871	0.971258	-0.861423	0.495441	-0.111755	-0.466799	-0.859029	-0.210162
44044	9.790834	-0.821360	-2.002407	-0.002396	0.089386	0.054153	-0.200140	-0.127833	0.971392	-0.861301	0.495541	-0.112245	-0.467016	-0.859126	-0.209280
44045	9.879592	-0.816903	-1.839522	-0.002613	0.084407	0.058491	-0.200156	-0.126824	0.971521	-0.861092	0.495806	-0.112682	-0.467396	-0.859123	-0.208446
44046	9.818499	-0.874092	-1.951128	-0.016080	0.082469	0.059659	-0.200251	-0.125818	0.971632	-0.860895	0.496030	-0.113197	-0.467717	-0.859141	-0.207647
44047	9.651552	-0.962340	-1.955470	-0.012283	0.072244	0.060372	-0.200349	-0.124984	0.971720	-0.860641	0.496378	-0.113602	-0.468142	-0.859062	-0.207015
44048	9.451539	-0.985731	-1.996181	-0.009456	0.072860	0.062194	-0.200510	-0.124048	0.971807	-0.860471	0.496547	-0.114156	-0.468387	-0.859100	-0.206302
44049	9.364035	-0.999316	-2.089695	-0.011489	0.069107	0.063864	-0.200645	-0.123185	0.971888	-0.860214	0.496886	-0.114611	-0.468800	-0.859028	-0.205663
44050	9.384869	-1.100222	-2.057822	-0.013284	0.070301	0.061188	-0.200808	-0.122275	0.971970	-0.860027	0.497086	-0.115147	-0.469073	-0.859043	-0.204979
44051	9.470656	-1.050741	-2.029054	-0.018810	0.074981	0.062166	-0.200982	-0.121282	0.972058	-0.859847	0.497259	-0.115739	-0.469328	-0.859083	-0.204224
44052	9.483784	-1.055412	-2.098374	-0.020661	0.075016	0.065080	-0.201156	-0.120312	0.972143	-0.859618	0.497526	-0.116298	-0.469674	-0.859065	-0.203502
44053	9.480676	-0.982722	-2.028534	-0.018592	0.075354	0.065589	-0.201306	-0.119327	0.972233	-0.859330	0.497900	-0.116819	-0.470135	-0.858986	-0.202772
44054	9.426763	-0.958677	-2.100641	-0.026697	0.073122	0.072540	-0.201552	-0.118336	0.972303	-0.859057	0.498227	-0.117439	-0.470530	-0.858933	-0.202076
44055	9.457931	-0.880249	-2.150756	-0.025639	0.068244	0.076075	-0.201780	-0.117455	0.972363	-0.858685	0.498748	-0.117944	-0.471110	-0.858752	-0.201494
44056	9.571251	-0.744030	-2.069462	-0.021224	0.067185	0.077139	-0.202092	-0.116492	0.972414	-0.858427	0.499031	-0.118620	-0.471447	-0.858718	-0.200850
44057	9.451766	-0.708346	-1.926154	-0.044831	0.064170	0.097106	-0.202548	-0.115510	0.972436	-0.857921	0.499731	-0.119335	-0.472172	-0.858444	-0.200318
44058	9.412248	-0.777276	-1.810985	-0.057127	0.053319	0.112962	-0.203231	-0.114487	0.972415	-0.857420	0.500362	-0.120288	-0.472788	-0.858213	-0.199852
44059	9.409539	-0.858994	-1.651982	-0.052139	0.038653	0.120653	-0.204045	-0.113613	0.972346	-0.856881	0.501047	-0.121271	-0.473414	-0.857930	-0.199589
44060	9.421357	-0.854191	-1.365226	-0.039513	0.027520	0.117933	-0.204891	-0.112785	0.972265	-0.856451	0.501531	-0.122306	-0.473827	-0.857756	-0.199354
44061	9.540116	-0.923943	-1.227023	-0.044738	0.017000	0.127665	-0.205851	-0.112056	0.972146	-0.855919	0.502182	-0.123355	-0.474372	-0.857471	-0.199286
44062	9.573339	-1.123606	-1.067176	-0.032056	-0.003032	0.125910	-0.206909	-0.111449	0.971992	-0.855505	0.502609	-0.124483	-0.474658	-0.857300	-0.199340
44063	9.630767	-1.171566	-1.153351	0.016587	-0.027793	0.131908	-0.208070	-0.111070	0.971787	-0.855208	0.502826	-0.125639	-0.474686	-0.857222	-0.199611
44064	9.536906	-1.170773	-1.367242	0.053881	-0.046162	0.129571	-0.209363	-0.110814	0.971539	-0.855191	0.502520	-0.126973	-0.474147	-0.857435	-0.199976
44065	9.468752	-1.110815	-1.561726	0.107796	-0.069244	0.144778	-0.210863	-0.110757	0.971221	-0.855321	0.501920	-0.128462	-0.473247	-0.857793	-0.200569
44066	9.339881	-0.865524	-1.710358	0.147565	-0.079644	0.163433	-0.212603	-0.110620	0.970857	-0.855670	0.500846	-0.130312	-0.471835	-0.858438	-0.201136
44067	9.336544	-0.688219	-1.942362	0.145554	-0.095783	0.168225	-0.214368	-0.110607	0.970470	-0.855858	0.500068	-0.132058	-0.470694	-0.858894	-0.201862
44068	9.364001	-0.545141	-1.999165	0.102340	-0.100653	0.164157	-0.216212	-0.110651	0.970056	-0.855984	0.499382	-0.133825	-0.469621	-0.859287	-0.202688
44069	9.364176	-0.580166	-1.843489	0.058879	-0.100101	0.175892	-0.218123	-0.110663	0.969627	-0.855820	0.499199	-0.135548	-0.469036	-0.859392	-0.203594
44070	9.329281	-0.682176	-1.795887	0.021880	-0.103603	0.191421	-0.220212	-0.110597	0.969162	-0.855501	0.499234	-0.137415	-0.468641	-0.859380	-0.204554
44071	9.315345	-0.854720	-1.745909	0.012233	-0.113128	0.200100	-0.222332	-0.110565	0.968682	-0.854993	0.499607	-0.139214	-0.468568	-0.859167	-0.205611
44072	9.388916	-1.053676	-1.737576	0.016410	-0.121528	0.202074	-0.224594	-0.110599	0.968156	-0.854616	0.499701	-0.141171	-0.468175	-0.859108	-0.206750
44073	9.438376	-1.136614	-1.810969	0.042547	-0.124322	0.211740	-0.226844	-0.110593	0.967632	-0.854175	0.499905	-0.143111	-0.467897	-0.858990	-0.207866
44074	9.529667	-1.209794	-1.916784	0.055976	-0.125233	0.221683	-0.229288	-0.110561	0.967059	-0.853929	0.499681	-0.145338	-0.467153	-0.859124	-0.208982
44075	9.642989	-1.248356	-1.925441	0.065760	-0.128210	0.234062	-0.231806	-0.110481	0.966468	-0.853629	0.499519	-0.147639	-0.466458	-0.859229	-0.210102
44076	9.638736	-1.240948	-1.796281	0.061256	-0.130947	0.249704	-0.234512	-0.110360	0.965829	-0.853331	0.499281	-0.150147	-0.465650	-0.859383	-0.211261
44077	9.638488	-1.284925	-1.698146	0.017972	-0.127722	0.250458	-0.237143	-0.110240	0.965200	-0.852670	0.499722	-0.152419	-0.465529	-0.859142	-0.212504
44078	9.603708	-1.523132	-1.746696	-0.007797	-0.139097	0.261987	-0.239988	-0.110125	0.964509	-0.852008	0.500090	-0.154896	-0.465284	-0.858942	-0.213843
44079	9.523757	-1.648816	-1.833569	-0.005964	-0.138495	0.267973	-0.242809	-0.110002	0.963817	-0.851178	0.500758	-0.157280	-0.465338	-0.858569	-0.215220
44080	9.317787	-1.893479	-2.102490	0.004500	-0.138136	0.261451	-0.245641	-0.109879	0.963113	-0.850559	0.501020	-0.159774	-0.464983	-0.858432	-0.216530
44081	9.131657	-2.051857	-2.296773	0.050530	-0.135167	0.254476	-0.248317	-0.109750	0.962441	-0.850019	0.501170	-0.162161	-0.464550	-0.858361	-0.217739
44082	9.090868	-2.127716	-2.709998	0.099928	-0.134038	0.243770	-0.250976	-0.109681	0.961760	-0.849873	0.500593	-0.164690	-0.463387	-0.858707	-0.218851
44083	9.100667	-2.183083	-2.958421	0.134068	-0.127640	0.232835	-0.253437	-0.109630	0.961120	-0.849724	0.500073	-0.167022	-0.462320	-0.859016	-0.219892
44084	9.305899	-1.995283	-2.897729	0.170866	-0.114661	0.230399	-0.255888	-0.109465	0.960489	-0.849925	0.498870	-0.169577	-0.460596	-0.859736	-0.220692
44085	9.472194	-1.861956	-2.670449	0.136113	-0.096157	0.224576	-0.258134	-0.109171	0.959921	-0.849797	0.498311	-0.171847	-0.459578	-0.860098	-0.221404
44086	9.737107	-1.752665	-2.452555	0.107513	-0.083459	0.224635	-0.260390	-0.108772	0.959357	-0.849708	0.497644	-0.174206	-0.458469	-0.860534	-0.222006
44087	9.851190	-1.841939	-2.378829	0.042621	-0.067630	0.225181	-0.262481	-0.108233	0.958848	-0.849029	0.498102	-0.176194	-0.458534	-0.860337	-0.222635
44088	9.688929	-1.952766	-2.304091	0.023539	-0.061296	0.221850	-0.264609	-0.107657	0.958328	-0.848552	0.498153	-0.178337	-0.458194	-0.860380	-0.223168
44089	9.514191	-2.017627	-2.285589	0.029045	-0.059578	0.216407	-0.266589	-0.107042	0.957848	-0.847866	0.498630	-0.180255	-0.458317	-0.860180	-0.223687
44090	9.454042	-2.000839	-2.259403	0.053723	-0.059767	0.206479	-0.268577	-0.106529	0.957350	-0.847559	0.498402	-0.182316	-0.457723	-0.860376	-0.224148
44091	9.375955	-2.095387	-2.358549	0.071667	-0.059755	0.206149	-0.270464	-0.105951	0.956882	-0.847049	0.498570	-0.184215	-0.457555	-0.860350	-0.224591
44092	9.205171	-2.144064	-2.578954	0.110753	-0.054097	0.202933	-0.272393	-0.105408	0.956395	-0.847004	0.497846	-0.186368	-0.456493	-0.860836	-0.224891
44093	9.331247	-1.939368	-2.745803	0.147975	-0.051824	0.204830	-0.274225	-0.104719	0.955947	-0.846846	0.497331	-0.188448	-0.455688	-0.861218	-0.225061
44094	9.469210	-1.726704	-2.770589	0.143472	-0.035170	0.214971	-0.276169	-0.103956	0.955471	-0.846908	0.496334	-0.190788	-0.454399	-0.861885	-0.225113
44095	9.496889	-1.511990	-2.685368	0.115816	-0.020955	0.225323	-0.278049	-0.102937	0.955035	-0.846478	0.496227	-0.192958	-0.454052	-0.862069	-0.225110
44096	9.479710	-1.666164	-2.699742	0.056713	0.002751	0.236242	-0.279999	-0.101744	0.954594	-0.846076	0.495995	-0.195304	-0.453603	-0.862344	-0.224961
44097	9.462692	-1.877740	-2.851552	0.034423	0.022838	0.244480	-0.281830	-0.100233	0.954215	-0.845099	0.496825	-0.197415	-0.454291	-0.862043	-0.224727
44098	9.470356	-1.952236	-2.899319	0.048906	0.049057	0.240004	-0.283597	-0.098620	0.953859	-0.844643	0.496657	-0.199776	-0.454039	-0.862326	-0.224149
44099	9.398578	-2.018515	-2.901141	0.070949	0.065310	0.237256	-0.285182	-0.096765	0.953576	-0.843870	0.497100	-0.201929	-0.454483	-0.862281	-0.223422
44100	9.332293	-2.112438	-2.954387	0.104042	0.074915	0.248209	-0.286899	-0.094889	0.953250	-0.843633	0.496456	-0.204489	-0.453843	-0.862860	-0.222484
44101	9.243596	-2.057692	-2.926749	0.138082	0.090562	0.247103	-0.288458	-0.092794	0.952985	-0.843081	0.496413	-0.206855	-0.453880	-0.863113	-0.221427
44102	9.240846	-1.981105	-2.855024	0.153509	0.108179	0.248358	-0.290023	-0.090631	0.952719	-0.843059	0.495332	-0.209521	-0.452922	-0.863963	-0.220065
44103	9.292254	-1.941526	-2.757536	0.156079	0.128728	0.255521	-0.291485	-0.088147	0.952505	-0.842599	0.495041	-0.212039	-0.452839	-0.864386	-0.218570
44104	9.264321	-1.996417	-2.674471	0.140469	0.149056	0.259541	-0.292959	-0.085578	0.952287	-0.842477	0.494069	-0.214777	-0.452115	-0.865201	-0.216839
44105	9.230968	-1.971489	-2.507562	0.138871	0.160844	0.255694	-0.294293	-0.082876	0.952115	-0.841932	0.493918	-0.217243	-0.452263	-0.865550	-0.215133
44106	9.112244	-1.963271	-2.328472	0.127429	0.166110	0.249571	-0.295604	-0.080210	0.951937	-0.841773	0.493036	-0.219852	-0.451705	-0.866304	-0.213262
44107	9.007994	-2.017920	-2.035974	0.133154	0.164490	0.249752	-0.296838	-0.077474	0.951780	-0.841109	0.493124	-0.222183	-0.452132	-0.866503	-0.211542
44108	8.892129	-2.075867	-1.776376	0.154831	0.158406	0.245930	-0.298152	-0.074893	0.951576	-0.841077	0.491987	-0.224808	-0.451326	-0.867375	-0.209678
44109	8.760647	-2.013552	-1.547870	0.205935	0.134660	0.258179	-0.299607	-0.072292	0.951320	-0.840781	0.491272	-0.227462	-0.450913	-0.868001	-0.207970
44110	8.864420	-1.796632	-1.253635	0.269571	0.099064	0.251274	-0.301235	-0.070204	0.950962	-0.841240	0.489128	-0.230369	-0.448969	-0.869382	-0.206400
44111	8.949779	-1.705110	-0.920079	0.258593	0.084856	0.266617	-0.303010	-0.068037	0.950555	-0.841173	0.487890	-0.233221	-0.447899	-0.870250	-0.205067
44112	9.503671	-1.894494	-0.606526	0.240936	0.049889	0.277351	-0.305081	-0.066256	0.950019	-0.841407	0.485997	-0.236308	-0.446049	-0.871445	-0.204017
44113	9.788727	-2.318315	-0.652437	0.228101	0.007377	0.280486	-0.307340	-0.064766	0.949393	-0.841334	0.484659	-0.239296	-0.444633	-0.872302	-0.203445
44114	9.989748	-2.386174	-0.708902	0.217370	-0.033644	0.278586	-0.309794	-0.063716	0.948667	-0.841440	0.482960	-0.242340	-0.442727	-0.873321	-0.203231
44115	9.806603	-2.316588	-0.905596	0.173222	-0.069567	0.278765	-0.312367	-0.062847	0.947880	-0.841004	0.482290	-0.245169	-0.441745	-0.873754	-0.203506
44116	9.446185	-2.243380	-0.977098	0.108956	-0.100705	0.267468	-0.315020	-0.062443	0.947029	-0.840647	0.481525	-0.247884	-0.440540	-0.874205	-0.204183
44117	9.283125	-2.503819	-1.065375	0.033375	-0.118196	0.236575	-0.317467	-0.062275	0.946222	-0.839855	0.481775	-0.250072	-0.440293	-0.874079	-0.205250
44118	9.206766	-2.995012	-1.168174	0.004187	-0.134080	0.225550	-0.319911	-0.062365	0.945393	-0.839156	0.481899	-0.252172	-0.439857	-0.874005	-0.206499
44119	9.150422	-3.187992	-1.341645	0.049154	-0.161142	0.216593	-0.322378	-0.062684	0.944533	-0.838572	0.481832	-0.254236	-0.439170	-0.874019	-0.207897
44120	9.319991	-3.164289	-1.512074	0.082172	-0.182232	0.203572	-0.324845	-0.063301	0.943647	-0.838274	0.481262	-0.256287	-0.437918	-0.874288	-0.209399
44121	9.446188	-3.140993	-1.596296	0.084378	-0.190171	0.197542	-0.327284	-0.064001	0.942756	-0.837968	0.480735	-0.258270	-0.436686	-0.874527	-0.210968
44122	9.487824	-3.232455	-1.967946	0.070272	-0.204906	0.187897	-0.329712	-0.064895	0.941848	-0.837659	0.480261	-0.260148	-0.435451	-0.874722	-0.212708
44123	9.365885	-3.016298	-2.203182	0.072205	-0.211951	0.172891	-0.332034	-0.065911	0.940962	-0.837394	0.479780	-0.261881	-0.434194	-0.874909	-0.214497
44124	9.151189	-2.860003	-2.103922	0.028793	-0.205967	0.170547	-0.334315	-0.066900	0.940084	-0.836953	0.479662	-0.263505	-0.433294	-0.874899	-0.216350
44125	9.000568	-2.826425	-2.136152	-0.016153	-0.193791	0.157746	-0.336430	-0.067842	0.939261	-0.836353	0.479938	-0.264904	-0.432815	-0.874676	-0.218206
44126	9.159326	-3.026815	-2.073607	-0.061259	-0.187628	0.138437	-0.338360	-0.068823	0.938497	-0.835622	0.480588	-0.266027	-0.432721	-0.874242	-0.220122
44127	9.228381	-3.096478	-2.056003	-0.047716	-0.201531	0.138468	-0.340344	-0.069917	0.937698	-0.834948	0.481123	-0.267176	-0.432468	-0.873861	-0.222125
44128	9.235998	-2.758456	-1.800587	-0.046411	-0.209614	0.131147	-0.342305	-0.071122	0.936893	-0.834302	0.481641	-0.268259	-0.432167	-0.873478	-0.224205
44129	9.140626	-2.433051	-1.784237	-0.079227	-0.217515	0.127288	-0.344264	-0.072411	0.936076	-0.833532	0.482429	-0.269233	-0.432095	-0.872937	-0.226440
44130	9.190829	-2.104102	-1.728064	-0.091120	-0.238197	0.129523	-0.346333	-0.073868	0.935199	-0.832694	0.483338	-0.270195	-0.432058	-0.872312	-0.228906
44131	9.178496	-1.702946	-1.568090	-0.121457	-0.237760	0.136073	-0.348449	-0.075285	0.934300	-0.831704	0.484509	-0.271144	-0.432264	-0.871541	-0.231441
44132	9.099326	-1.990560	-1.491037	-0.158818	-0.250299	0.144718	-0.350694	-0.076767	0.933338	-0.830514	0.486022	-0.272084	-0.432736	-0.870568	-0.234201
44133	9.003718	-2.259349	-1.450365	-0.136474	-0.275795	0.154541	-0.353126	-0.078416	0.932284	-0.829389	0.487336	-0.273161	-0.432915	-0.869686	-0.237129
44134	8.798212	-2.354740	-1.488567	-0.111376	-0.305821	0.173870	-0.355851	-0.080231	0.931092	-0.828293	0.488462	-0.274473	-0.432781	-0.868889	-0.240275
44135	8.762042	-2.697994	-1.557421	-0.124863	-0.323184	0.176785	-0.358666	-0.082174	0.929842	-0.827135	0.489691	-0.275773	-0.432674	-0.868015	-0.243604
44136	8.661814	-3.078362	-1.656046	-0.097302	-0.345029	0.186374	-0.361660	-0.084258	0.928495	-0.826046	0.490709	-0.277224	-0.432262	-0.867240	-0.247071
44137	8.848787	-3.160567	-1.681530	-0.066277	-0.372573	0.192314	-0.364806	-0.086542	0.927053	-0.825082	0.491435	-0.278803	-0.431458	-0.866604	-0.250683
44138	8.940188	-3.091952	-1.805114	-0.062868	-0.388012	0.187712	-0.367987	-0.088985	0.925563	-0.824127	0.492163	-0.280340	-0.430581	-0.865943	-0.254445
44139	9.274873	-3.110537	-1.958383	-0.094035	-0.406090	0.174830	-0.371124	-0.091636	0.924051	-0.823101	0.493114	-0.281679	-0.429851	-0.865125	-0.258433
44140	9.447336	-3.048554	-2.026344	-0.082185	-0.426818	0.168719	-0.374306	-0.094499	0.922478	-0.822123	0.494000	-0.282980	-0.428963	-0.864311	-0.262597
44141	9.494765	-2.776799	-2.018337	-0.074965	-0.453080	0.144047	-0.377383	-0.097697	0.920889	-0.821286	0.494763	-0.284076	-0.427869	-0.863519	-0.266952
44142	9.590649	-2.736120	-2.283937	-0.105517	-0.475109	0.129327	-0.380437	-0.101161	0.919258	-0.820349	0.495820	-0.284939	-0.426961	-0.862513	-0.271616
44143	9.509922	-2.637054	-2.412869	-0.089453	-0.485117	0.119348	-0.383433	-0.104747	0.917609	-0.819538	0.496690	-0.285755	-0.425836	-0.861584	-0.276292
44144	9.589886	-2.394189	-2.212842	-0.088402	-0.504624	0.116454	-0.386494	-0.108519	0.915885	-0.818718	0.497593	-0.286533	-0.424644	-0.860596	-0.281163
44145	9.769861	-2.249276	-1.818416	-0.099065	-0.526362	0.117915	-0.389636	-0.112455	0.914077	-0.817874	0.498542	-0.287295	-0.423398	-0.859541	-0.286224
44146	9.867174	-2.051973	-1.567911	-0.120474	-0.558309	0.116371	-0.392910	-0.116675	0.912145	-0.816914	0.499727	-0.287967	-0.422225	-0.858289	-0.291661
44147	9.941830	-1.814859	-1.410888	-0.150890	-0.604806	0.127671	-0.396443	-0.121218	0.910021	-0.815813	0.501130	-0.288650	-0.421049	-0.856840	-0.297561
44148	9.836091	-1.477750	-1.172024	-0.179420	-0.658624	0.143838	-0.400346	-0.126139	0.907641	-0.814490	0.502860	-0.289374	-0.419915	-0.855114	-0.304057
44149	9.800723	-0.979740	-0.832651	-0.249804	-0.707408	0.164408	-0.404587	-0.131346	0.905018	-0.812832	0.505140	-0.290064	-0.419063	-0.852984	-0.311135
44150	9.931889	-0.815163	-0.648050	-0.367984	-0.765923	0.198640	-0.409370	-0.136867	0.902044	-0.810487	0.508556	-0.290656	-0.418959	-0.850081	-0.319116
44151	9.912646	-0.942154	-0.942709	-0.487757	-0.814741	0.226151	-0.414545	-0.142616	0.898784	-0.807564	0.512946	-0.291079	-0.419515	-0.846491	-0.327811
44152	9.920670	-1.188394	-1.286092	-0.572808	-0.862862	0.249970	-0.420146	-0.148620	0.895204	-0.804120	0.518162	-0.291374	-0.420557	-0.842271	-0.337212
44153	9.753160	-1.401756	-1.462201	-0.628270	-0.913902	0.275572	-0.426135	-0.154853	0.891308	-0.800361	0.523796	-0.291651	-0.421700	-0.837651	-0.347146
44154	9.655898	-1.231367	-1.481838	-0.653943	-0.980120	0.286294	-0.432521	-0.161537	0.887035	-0.796377	0.529725	-0.291848	-0.422740	-0.832645	-0.357761
44155	9.653542	-0.800784	-1.261879	-0.695957	-1.051675	0.305214	-0.439319	-0.168632	0.882362	-0.792160	0.535937	-0.291983	-0.423653	-0.827245	-0.369031
44156	9.915247	-0.342820	-0.887804	-0.777762	-1.124662	0.334351	-0.446693	-0.176105	0.877184	-0.787386	0.542937	-0.291964	-0.424840	-0.821101	-0.381189
44157	10.770716	-0.167485	-0.643570	-0.856342	-1.210445	0.369328	-0.454653	-0.183979	0.871460	-0.782153	0.550516	-0.291838	-0.426061	-0.814300	-0.394194
44158	11.607636	0.357342	-0.389493	-0.891076	-1.292956	0.417044	-0.463381	-0.192155	0.865075	-0.776445	0.558536	-0.291841	-0.427097	-0.806916	-0.408013
44159	12.233469	1.093259	-0.455830	-0.958525	-1.385746	0.460983	-0.472795	-0.200618	0.858031	-0.770213	0.567116	-0.291807	-0.428062	-0.798832	-0.422648
44160	12.576515	1.430279	-0.834071	-1.065264	-1.454952	0.503634	-0.482857	-0.209303	0.850319	-0.763248	0.576621	-0.291480	-0.429304	-0.789747	-0.438175
44161	12.572283	1.528575	-1.597603	-1.095780	-1.530960	0.549026	-0.493537	-0.218043	0.841949	-0.755860	0.586408	-0.291208	-0.430230	-0.780117	-0.454224
44162	12.798796	1.556590	-2.669977	-1.096976	-1.593208	0.607771	-0.504928	-0.226808	0.832830	-0.748113	0.596273	-0.291180	-0.430552	-0.770076	-0.470753
44163	13.312783	1.533280	-3.220342	-1.091017	-1.617449	0.666300	-0.516789	-0.235038	0.823217	-0.739977	0.606208	-0.291454	-0.430538	-0.759782	-0.487205
44164	14.108194	1.390762	-3.346728	-1.094408	-1.613977	0.722870	-0.529018	-0.242808	0.813132	-0.731497	0.616202	-0.291904	-0.430177	-0.749226	-0.503595
44165	13.971291	1.542797	-2.401199	-1.177330	-1.596106	0.780711	-0.541525	-0.249621	0.802770	-0.722144	0.627014	-0.292168	-0.430417	-0.737932	-0.519805
44166	13.253093	0.772337	-2.125594	-1.370420	-1.573094	0.834880	-0.554256	-0.255856	0.792047	-0.711674	0.639157	-0.291545	-0.431649	-0.725269	-0.536343
44167	12.047988	-0.762968	-2.391024	-1.565882	-1.523228	0.843430	-0.566808	-0.261049	0.781398	-0.699941	0.652843	-0.289620	-0.434525	-0.711091	-0.552755
44168	10.142023	-4.190230	-4.365563	-1.711096	-1.478292	0.831973	-0.578996	-0.265971	0.770729	-0.687721	0.667079	-0.286435	-0.437954	-0.695891	-0.569150
44169	8.316683	-6.649787	-5.369246	-1.451581	-1.490375	0.811707	-0.591108	-0.270397	0.759919	-0.676288	0.679589	-0.284241	-0.439575	-0.681942	-0.584576
44170	7.283035	-8.211107	-5.381018	-1.132593	-1.494009	0.753496	-0.602692	-0.275354	0.748961	-0.666832	0.689307	-0.283180	-0.438289	-0.670102	-0.599055
44171	7.088717	-9.483164	-4.767861	-0.764240	-1.529176	0.705508	-0.614077	-0.280279	0.737803	-0.658920	0.696627	-0.283786	-0.434434	-0.660420	-0.612464
44172	8.046414	-9.836811	-4.244299	-0.367676	-1.606907	0.647444	-0.625213	-0.286325	0.726034	-0.653339	0.700881	-0.286207	-0.426915	-0.653287	-0.625267
44173	8.462432	-9.275543	-3.443652	0.022472	-1.665857	0.599825	-0.636189	-0.292567	0.713910	-0.649355	0.702744	-0.290671	-0.416656	-0.648503	-0.637058
44174	8.535004	-8.565192	-3.417666	0.221594	-1.720182	0.529936	-0.646652	-0.299983	0.701321	-0.646881	0.702884	-0.295804	-0.404211	-0.644953	-0.648574
44175	8.252461	-7.863585	-4.316530	0.404063	-1.716382	0.407515	-0.656201	-0.307668	0.689014	-0.645454	0.701855	-0.301313	-0.390883	-0.642449	-0.659143
44176	7.660982	-7.295488	-5.373439	0.554947	-1.652218	0.298870	-0.664438	-0.316194	0.677159	-0.645626	0.699227	-0.306999	-0.376416	-0.641173	-0.668736
44177	7.372610	-6.631324	-6.380949	0.785299	-1.534277	0.257627	-0.671877	-0.323700	0.666183	-0.646410	0.695357	-0.314060	-0.361574	-0.641637	-0.676437
44178	7.051937	-5.146883	-6.504567	0.954990	-1.376420	0.253977	-0.678360	-0.330802	0.656047	-0.648093	0.690051	-0.322188	-0.346126	-0.643739	-0.682494
44179	6.728744	-3.924199	-6.252556	0.895873	-1.153045	0.249747	-0.684061	-0.335889	0.647487	-0.648967	0.685521	-0.330006	-0.333020	-0.645941	-0.686919
44180	6.468333	-2.874142	-6.580691	0.703036	-0.940641	0.248876	-0.688727	-0.340285	0.640204	-0.649581	0.681816	-0.336411	-0.322025	-0.647560	-0.690627
44181	5.237271	-2.772726	-7.873994	0.247308	-0.749933	0.292096	-0.693246	-0.342394	0.634173	-0.647773	0.681737	-0.340038	-0.315912	-0.646530	-0.694405
44182	5.221532	-2.152726	-7.315369	0.222442	-0.627105	0.299695	-0.697118	-0.344419	0.628811	-0.646406	0.681328	-0.343440	-0.310139	-0.645885	-0.697600
44183	7.192348	-1.161645	-5.978950	0.017464	-0.325573	0.227273	-0.699867	-0.344143	0.625901	-0.644219	0.682592	-0.345035	-0.308494	-0.644696	-0.699427
44184	7.633219	-1.446417	-5.617295	-0.337298	0.008991	0.137605	-0.700693	-0.343159	0.625517	-0.642232	0.685236	-0.343497	-0.310752	-0.642413	-0.700527
44185	7.414234	-2.131001	-5.459504	-0.591180	0.258403	0.126583	-0.700908	-0.339919	0.627043	-0.638943	0.689942	-0.340194	-0.316985	-0.639089	-0.700775
44186	7.589041	-3.729950	-5.738340	-0.634099	0.453564	0.093145	-0.700017	-0.336396	0.629931	-0.636278	0.694300	-0.336300	-0.324231	-0.636227	-0.700064
44187	7.616833	-5.212278	-5.912907	-0.321340	0.608114	0.037617	-0.698521	-0.331443	0.634203	-0.634302	0.697049	-0.334342	-0.331255	-0.635821	-0.697138
44188	7.271789	-5.230504	-5.706533	0.055490	0.734921	-0.027215	-0.695865	-0.326964	0.639426	-0.634697	0.696605	-0.334517	-0.336052	-0.638620	-0.692267
44189	7.049770	-4.815771	-5.661509	0.221465	0.860225	-0.122658	-0.692393	-0.321534	0.645916	-0.635695	0.695311	-0.335314	-0.341297	-0.642774	-0.685826
44190	7.144253	-4.658994	-5.511629	0.263644	0.950520	-0.189739	-0.687887	-0.316733	0.653064	-0.637930	0.693004	-0.335843	-0.346203	-0.647631	-0.678761
44191	7.428121	-5.107692	-5.479145	0.244577	1.043548	-0.237181	-0.682950	-0.310783	0.661055	-0.639778	0.691221	-0.336002	-0.352512	-0.652401	-0.670901
44192	7.608086	-5.833953	-5.498509	0.337303	1.107447	-0.290271	-0.677122	-0.305542	0.669440	-0.642969	0.688117	-0.336282	-0.357904	-0.658134	-0.662393
44193	7.803117	-6.474822	-5.754807	0.516694	1.172192	-0.345353	-0.670850	-0.299416	0.678462	-0.646603	0.684139	-0.337428	-0.363131	-0.665059	-0.652558
44194	7.739596	-6.190292	-5.875255	0.737478	1.248374	-0.405077	-0.663632	-0.293830	0.687936	-0.652017	0.678001	-0.339394	-0.366697	-0.673779	-0.641525
44195	7.257731	-5.550453	-5.824864	0.814549	1.335247	-0.460844	-0.655915	-0.287016	0.698139	-0.657384	0.671755	-0.341456	-0.370975	-0.682911	-0.629293
44196	6.825382	-5.097002	-5.911031	0.802808	1.422815	-0.504717	-0.647241	-0.280617	0.708755	-0.663686	0.664803	-0.342869	-0.374967	-0.692309	-0.616529
44197	6.536989	-4.809002	-5.927879	0.801206	1.466419	-0.545069	-0.638261	-0.273192	0.719714	-0.669600	0.658284	-0.343945	-0.379813	-0.701448	-0.603086
44198	6.512538	-4.591118	-5.823530	0.795979	1.528167	-0.597652	-0.628368	-0.266325	0.730907	-0.676444	0.651052	-0.344318	-0.384158	-0.710776	-0.589254
44199	6.374682	-4.361173	-5.803097	0.801254	1.604196	-0.634252	-0.618000	-0.258214	0.742564	-0.682956	0.644179	-0.344389	-0.389419	-0.719971	-0.574452
44200	6.207471	-3.898077	-5.669820	0.776133	1.682943	-0.668048	-0.606783	-0.250308	0.754427	-0.690107	0.636858	-0.343750	-0.394420	-0.729217	-0.559174
44201	5.949489	-3.693775	-5.632429	0.670714	1.771379	-0.718089	-0.594854	-0.241226	0.766785	-0.696656	0.630604	-0.342066	-0.401022	-0.737665	-0.543168
44202	5.680363	-3.809147	-5.835963	0.575826	1.849109	-0.797395	-0.581756	-0.232524	0.779418	-0.703693	0.624446	-0.338944	-0.407892	-0.745654	-0.526901
44203	5.461318	-3.958302	-5.922754	0.541598	1.918955	-0.871813	-0.567748	-0.222994	0.792424	-0.710571	0.618774	-0.334975	-0.415634	-0.753255	-0.509761
44204	5.473585	-3.892024	-5.861873	0.565621	1.992905	-0.939938	-0.552642	-0.213698	0.805556	-0.718223	0.612441	-0.330260	-0.422780	-0.761084	-0.491944
44205	5.429320	-3.807631	-5.734722	0.600241	2.068735	-1.014825	-0.536553	-0.203465	0.818971	-0.725904	0.606176	-0.324982	-0.430318	-0.768865	-0.472941
44206	5.372323	-3.772242	-5.639207	0.671623	2.141552	-1.084127	-0.519314	-0.193448	0.832401	-0.734554	0.598836	-0.319102	-0.436742	-0.777157	-0.453082
44207	5.234196	-3.511990	-5.346294	0.789360	2.208076	-1.154857	-0.501072	-0.182615	0.845919	-0.743665	0.590773	-0.312969	-0.442593	-0.785900	-0.431824
44208	5.130334	-3.196313	-5.246581	0.926783	2.259148	-1.226291	-0.481805	-0.171944	0.859243	-0.753826	0.581275	-0.306375	-0.446778	-0.795333	-0.409678
44209	4.988210	-2.617818	-5.301024	1.050883	2.310750	-1.282349	-0.461688	-0.160451	0.872410	-0.764388	0.570967	-0.299511	-0.450061	-0.805141	-0.386256
44210	4.703814	-2.088513	-5.492890	1.101589	2.372597	-1.336181	-0.440656	-0.148790	0.885259	-0.775399	0.559981	-0.291852	-0.452304	-0.815035	-0.362130
44211	4.504668	-1.661369	-5.455085	1.083008	2.441785	-1.373663	-0.418809	-0.136083	0.897820	-0.786095	0.549288	-0.283437	-0.454591	-0.824478	-0.337021
44212	4.329899	-1.455336	-5.356882	1.014398	2.534051	-1.409542	-0.396065	-0.122751	0.909981	-0.796472	0.539061	-0.273945	-0.456908	-0.833274	-0.311271
44213	4.246211	-1.582299	-5.300359	0.918788	2.620828	-1.441212	-0.372448	-0.108226	0.921721	-0.806106	0.529861	-0.263516	-0.459865	-0.841150	-0.284588
44214	4.272088	-2.045263	-5.400920	0.863879	2.690010	-1.449537	-0.348247	-0.093119	0.932766	-0.815322	0.521110	-0.252376	-0.462573	-0.848395	-0.257397
44215	4.287953	-2.288685	-5.396379	0.875615	2.748726	-1.451083	-0.323543	-0.076953	0.943079	-0.824154	0.512570	-0.240919	-0.464855	-0.855190	-0.229260
44216	4.366979	-2.493606	-5.282499	0.885191	2.793855	-1.452532	-0.298458	-0.060352	0.952513	-0.832800	0.503981	-0.229015	-0.466227	-0.861604	-0.200679
44217	4.617105	-2.838968	-5.466552	0.883181	2.822090	-1.449289	-0.273089	-0.042996	0.961027	-0.840999	0.495697	-0.216805	-0.467057	-0.867430	-0.171529
44218	5.013513	-2.939728	-5.198261	0.933580	2.849069	-1.431297	-0.247649	-0.025233	0.968521	-0.849090	0.487093	-0.204420	-0.466602	-0.872986	-0.142053
44219	5.639498	-2.506308	-4.785981	0.966017	2.858307	-1.434441	-0.222024	-0.006966	0.975016	-0.856922	0.478466	-0.191714	-0.465177	-0.878079	-0.112200
44220	6.472792	-2.154886	-4.435414	0.922424	2.859487	-1.455453	-0.196179	0.011303	0.980503	-0.864251	0.470387	-0.178342	-0.463232	-0.882388	-0.082511
44221	7.145693	-1.776318	-3.848077	0.760125	2.845138	-1.470174	-0.170192	0.029741	0.984962	-0.870381	0.464120	-0.164408	-0.462030	-0.885273	-0.053103
44222	6.709098	-2.001704	-3.479045	0.658713	2.569865	-1.501869	-0.145182	0.045591	0.988354	-0.875788	0.458858	-0.149814	-0.460345	-0.887339	-0.026690
44223	9.542268	-0.574602	-2.834110	0.364802	2.737406	-1.562928	-0.118782	0.062862	0.990928	-0.879461	0.456606	-0.134386	-0.460912	-0.887445	0.001049
44224	9.098941	-1.185413	-3.017126	-0.062331	2.821936	-1.597733	-0.091616	0.080568	0.992530	-0.880852	0.458316	-0.118512	-0.464441	-0.885130	0.028980
44225	9.376450	-1.145109	-2.398352	-0.140385	2.712683	-1.546648	-0.065293	0.097518	0.993090	-0.881478	0.460810	-0.103205	-0.467690	-0.882125	0.055872
44226	9.991692	-0.632960	-1.324799	-0.202610	2.537120	-1.453336	-0.040532	0.113135	0.992753	-0.881293	0.464138	-0.088875	-0.470829	-0.878508	0.080893
44227	10.436891	-0.251641	-0.584725	-0.270003	2.309584	-1.328889	-0.017871	0.127265	0.991708	-0.880459	0.468003	-0.075925	-0.473784	-0.874515	0.103688
44228	10.541418	0.279472	0.248340	-0.223683	2.005378	-1.177112	0.002055	0.139239	0.990257	-0.879486	0.471537	-0.064477	-0.475921	-0.870784	0.123427
44229	10.331328	0.979575	1.386827	-0.148197	1.631319	-0.958033	0.018295	0.148963	0.988673	-0.878729	0.474122	-0.055176	-0.476971	-0.867766	0.139572
44230	10.803175	1.232244	3.616296	-0.024457	1.227020	-0.680717	0.030172	0.156369	0.987238	-0.878441	0.475387	-0.048450	-0.476896	-0.865769	0.151705
44231	11.845929	1.127884	3.654274	0.042526	0.635960	-0.329492	0.036143	0.160382	0.986393	-0.878580	0.475459	-0.045114	-0.476225	-0.864995	0.158093
44232	9.640825	0.827706	3.051650	0.276473	0.005798	0.106970	0.035275	0.160941	0.986333	-0.879926	0.472909	-0.045696	-0.473800	-0.866288	0.158298
44233	8.970752	1.298263	1.482738	0.412009	-0.725115	0.443255	0.027995	0.156815	0.987231	-0.882059	0.468541	-0.049412	-0.470306	-0.869413	0.151437
44234	9.329200	0.739786	0.863451	0.585739	-1.248196	0.812282	0.015023	0.149717	0.988615	-0.884969	0.462204	-0.056548	-0.465408	-0.874044	0.139438
44235	10.851518	1.376354	1.994951	0.999020	-1.403668	0.955635	0.000125	0.141842	0.989889	-0.889692	0.451962	-0.064649	-0.456562	-0.880688	0.126252
44236	13.437742	3.485835	2.880106	1.246562	-1.315143	0.719038	-0.012179	0.133421	0.990985	-0.895266	0.439961	-0.070237	-0.445366	-0.888050	0.114089
44237	14.085180	3.024293	2.160776	1.083960	-1.186970	0.564029	-0.022409	0.125362	0.991858	-0.899982	0.429493	-0.074617	-0.435350	-0.894327	0.103200
44238	11.529081	0.909825	-0.165200	0.991246	-1.214425	0.611011	-0.033107	0.117067	0.992572	-0.904079	0.419872	-0.079676	-0.426081	-0.900002	0.091937
44239	9.536021	0.005999	-3.350411	1.068943	-1.277662	0.654038	-0.044317	0.108307	0.993129	-0.908249	0.409663	-0.085206	-0.416077	-0.905784	0.080215
44240	9.235999	1.064901	-5.528347	1.110504	-1.248750	0.677529	-0.055570	0.099705	0.993464	-0.912470	0.398880	-0.091072	-0.405353	-0.911567	0.068812
44241	9.442486	1.947102	-5.417624	0.674532	-1.006926	0.720041	-0.066101	0.093397	0.993432	-0.914650	0.392254	-0.097736	-0.398806	-0.915103	0.059498
44242	10.405673	2.463835	-3.049982	0.045424	-0.785572	0.725497	-0.075820	0.089054	0.993137	-0.914315	0.391188	-0.104880	-0.397843	-0.915992	0.051763
44243	12.639680	1.333914	-0.354767	-0.914088	-0.564482	0.760641	-0.084922	0.086921	0.992589	-0.909877	0.399248	-0.112807	-0.406095	-0.912713	0.045182
44244	13.263219	-3.999802	-2.210174	-1.991104	-0.510884	0.951668	-0.095613	0.086165	0.991682	-0.900756	0.416534	-0.123038	-0.423671	-0.905028	0.037788
44245	12.981757	-7.764611	-4.763481	-1.775521	-0.666932	1.203976	-0.109178	0.085280	0.990357	-0.891696	0.431880	-0.135491	-0.439270	-0.897890	0.028892
44246	11.420930	-6.697223	-3.043065	-1.105687	-0.820696	1.136715	-0.122876	0.082893	0.988954	-0.885471	0.440840	-0.146969	-0.448154	-0.893750	0.019230
44247	10.065466	-7.991131	-2.937960	-0.859677	-0.829846	0.782909	-0.133446	0.078989	0.987903	-0.880417	0.448233	-0.154766	-0.455036	-0.890420	0.009728
44248	8.725010	-8.922484	-4.491141	-0.521653	-0.733458	0.552229	-0.141606	0.074955	0.987081	-0.877276	0.452460	-0.160212	-0.458623	-0.888629	0.001685
44249	8.146383	-7.311794	-5.243954	0.047765	-0.715033	0.413226	-0.148435	0.070482	0.986407	-0.876750	0.452037	-0.164233	-0.457468	-0.889210	-0.005303
44250	8.487656	-5.093824	-4.840289	0.432862	-0.654628	0.332962	-0.154292	0.066155	0.985808	-0.878217	0.447966	-0.167514	-0.452691	-0.891599	-0.011019
44251	9.152381	-3.242003	-4.005382	0.692680	-0.608606	0.343731	-0.159984	0.062273	0.985153	-0.880586	0.441982	-0.170941	-0.446065	-0.894860	-0.015874
44252	10.452498	-1.137424	-2.690019	0.734189	-0.572010	0.340837	-0.165476	0.058643	0.984469	-0.883281	0.435204	-0.174392	-0.438671	-0.898420	-0.020218
44253	11.075833	0.029460	-1.666504	0.532602	-0.515040	0.391033	-0.171117	0.055728	0.983673	-0.884716	0.430680	-0.178302	-0.433585	-0.900783	-0.024393
44254	10.705159	0.882218	-0.862932	0.307574	-0.458466	0.429757	-0.176856	0.053444	0.982785	-0.885299	0.427683	-0.182571	-0.430078	-0.902347	-0.028325
44255	9.992982	1.206316	0.129906	0.029425	-0.399586	0.433734	-0.182351	0.051711	0.981873	-0.884431	0.427663	-0.186777	-0.429569	-0.902458	-0.032250
44256	9.510623	0.708300	0.959185	-0.318946	-0.370484	0.439779	-0.187787	0.050261	0.980923	-0.882246	0.430327	-0.190946	-0.431714	-0.901273	-0.036467
44257	9.390730	-1.015743	1.248794	-0.570870	-0.372823	0.449866	-0.193304	0.048873	0.979921	-0.878698	0.435704	-0.195067	-0.436489	-0.898762	-0.041278
44258	9.266279	-3.038603	1.028703	-0.568487	-0.407905	0.459023	-0.199075	0.047227	0.978846	-0.875307	0.440597	-0.199276	-0.440688	-0.896462	-0.046373
44259	9.154017	-3.714414	0.861109	-0.345129	-0.485878	0.458926	-0.205170	0.044942	0.977694	-0.872632	0.443947	-0.203530	-0.443191	-0.894925	-0.051867
44260	8.980616	-3.402813	0.862965	-0.126413	-0.555694	0.457545	-0.211579	0.042007	0.976458	-0.871122	0.444890	-0.207894	-0.443149	-0.894600	-0.057536
44261	8.995504	-2.510889	1.031376	-0.007715	-0.623701	0.442192	-0.218132	0.038444	0.975162	-0.869928	0.445220	-0.212144	-0.442317	-0.894596	-0.063673
44262	9.120785	-2.316775	0.700874	-0.050186	-0.639786	0.432229	-0.224673	0.034649	0.973818	-0.868753	0.445522	-0.216285	-0.441351	-0.894600	-0.069995
44263	9.254441	-2.793340	-0.156363	-0.076970	-0.647785	0.423212	-0.231150	0.030800	0.972430	-0.867251	0.446485	-0.220290	-0.440960	-0.894261	-0.076494
44264	9.267794	-3.192534	-1.028615	-0.034214	-0.647824	0.417176	-0.237575	0.026873	0.970997	-0.866127	0.446681	-0.224279	-0.439753	-0.894290	-0.082845
44265	9.235702	-3.212420	-1.414890	0.047378	-0.660863	0.403661	-0.243921	0.022836	0.969526	-0.865158	0.446582	-0.228181	-0.438184	-0.894451	-0.089174
44266	9.427774	-3.017885	-1.407969	0.080640	-0.659507	0.374224	-0.249996	0.018609	0.968068	-0.864590	0.445794	-0.231843	-0.435873	-0.894942	-0.095358
44267	9.663142	-3.049687	-1.454533	0.041909	-0.647552	0.346525	-0.255764	0.014432	0.966632	-0.863695	0.445780	-0.235183	-0.434299	-0.895026	-0.101549
44268	9.643277	-3.376661	-1.616054	-0.007141	-0.630936	0.329438	-0.261300	0.010257	0.965203	-0.862817	0.445814	-0.238320	-0.432745	-0.895067	-0.107641
44269	9.460280	-3.734214	-1.785411	-0.007354	-0.622544	0.310582	-0.266630	0.006160	0.963779	-0.861747	0.446305	-0.241255	-0.431626	-0.894860	-0.113690
44270	9.382519	-3.935444	-2.065976	0.047884	-0.634422	0.278568	-0.271719	0.001728	0.962375	-0.861209	0.445876	-0.243956	-0.429521	-0.895093	-0.119664
44271	9.236779	-3.595274	-1.731217	0.132522	-0.622393	0.268690	-0.276666	-0.002557	0.960963	-0.860827	0.445130	-0.246652	-0.427123	-0.895462	-0.125353
44272	9.350677	-3.060132	-1.429176	0.127984	-0.621547	0.260430	-0.281511	-0.006963	0.959533	-0.860650	0.444006	-0.249278	-0.424303	-0.895997	-0.130985
44273	9.424478	-2.658776	-1.289341	0.089147	-0.616786	0.239706	-0.286158	-0.011318	0.958116	-0.860114	0.443710	-0.251646	-0.422277	-0.896099	-0.136706
44274	9.561423	-2.316621	-1.283541	0.069867	-0.619801	0.233563	-0.290734	-0.015833	0.956673	-0.859741	0.443125	-0.253942	-0.419905	-0.896320	-0.142444
