// General information: 
//  MT Manager version: 2022.2.0 
//  XDA version: 2022.2.0 build 7381 rev 124627 built on 2023-07-19
// Device information: 
//  DeviceId: 00B4CB9F
//  ProductCode: MTW2-3A7G6
//  Firmware Version: 4.6.0
//  Hardware Version: 2.0.0
// Device settings: 
//  Filter Profile: human(46.1)
//  Option Flags: Orientation Smoother Disabled, Position/Velocity Smoother Disabled, Continuous Zero Rotation Update Disabled, AHS Disabled, ICC Disabled
// Coordinate system: ENU
PacketCounter	Acc_X	Acc_Y	Acc_Z	Gyr_X	Gyr_Y	Gyr_Z	Mat[1][1]	Mat[2][1]	Mat[3][1]	Mat[1][2]	Mat[2][2]	Mat[3][2]	Mat[1][3]	Mat[2][3]	Mat[3][3]
23082	9.467967	1.940034	0.851183	-0.175462	0.029435	-0.040021	0.200366	-0.111054	0.973407	-0.589352	0.780024	0.210303	-0.782635	-0.615817	0.090840
23083	9.345547	1.794826	0.685957	-0.123378	0.003192	-0.056511	0.200668	-0.111467	0.973297	-0.588344	0.780675	0.210708	-0.783316	-0.614915	0.091075
23084	9.336494	1.710676	0.668659	-0.067585	-0.022244	-0.065017	0.200822	-0.112105	0.973192	-0.587719	0.781001	0.211244	-0.783745	-0.614386	0.090956
23085	9.438239	1.725281	0.837961	-0.058881	-0.042752	-0.055829	0.200745	-0.112806	0.973127	-0.587137	0.781318	0.211691	-0.784201	-0.613855	0.090613
23086	9.526022	1.671850	0.980108	-0.085274	-0.047631	-0.045653	0.200586	-0.113448	0.973085	-0.586412	0.781772	0.212023	-0.784784	-0.613158	0.090285
23087	9.602206	1.614024	1.045404	-0.088001	-0.058008	-0.039764	0.200298	-0.114113	0.973067	-0.585657	0.782265	0.212290	-0.785421	-0.612405	0.089855
23088	9.649524	1.525183	1.045278	-0.063610	-0.059854	-0.042777	0.200025	-0.114807	0.973041	-0.585108	0.782588	0.212614	-0.785900	-0.611862	0.089362
23089	9.562109	1.436760	0.846444	-0.015149	-0.064907	-0.056470	0.199781	-0.115644	0.972992	-0.584888	0.782618	0.213111	-0.786126	-0.611667	0.088713
23090	9.530780	1.403383	0.752350	0.048243	-0.073182	-0.068008	0.199551	-0.116617	0.972923	-0.585167	0.782226	0.213780	-0.785977	-0.611983	0.087853
23091	9.457098	1.385073	0.576482	0.112017	-0.086641	-0.084256	0.199302	-0.117802	0.972832	-0.585910	0.781429	0.214659	-0.785486	-0.612774	0.086719
23092	9.332043	1.601840	0.418190	0.196547	-0.128072	-0.092397	0.198785	-0.119302	0.972755	-0.587305	0.780096	0.215691	-0.784575	-0.614180	0.085005
23093	9.407291	2.020801	0.657531	0.233133	-0.190851	-0.098566	0.197808	-0.121237	0.972715	-0.588997	0.778510	0.216808	-0.783553	-0.615812	0.082587
23094	9.533426	2.370876	0.649988	0.206894	-0.231874	-0.091950	0.196481	-0.123375	0.972715	-0.590471	0.777105	0.217835	-0.782776	-0.617160	0.079837
23095	9.579429	2.606104	0.610123	0.166835	-0.263828	-0.092496	0.194900	-0.125718	0.972733	-0.591628	0.775945	0.218825	-0.782298	-0.618145	0.076853
23096	9.620807	2.491881	0.650342	0.109819	-0.284770	-0.093130	0.193170	-0.128195	0.972755	-0.592342	0.775131	0.219778	-0.782187	-0.618658	0.073797
23097	9.604068	2.307521	0.696952	0.048023	-0.290544	-0.085765	0.191342	-0.130653	0.972789	-0.592589	0.774707	0.220608	-0.782449	-0.618675	0.070811
23098	9.509680	2.000747	0.852783	-0.027123	-0.274254	-0.068886	0.189550	-0.132876	0.972838	-0.592280	0.774767	0.221223	-0.783118	-0.618126	0.068157
23099	9.501161	1.582753	0.782706	-0.008561	-0.248587	-0.056906	0.187869	-0.134852	0.972893	-0.592114	0.774751	0.221727	-0.783650	-0.617719	0.065704
23100	9.396490	1.492072	0.886067	0.083172	-0.228968	-0.040723	0.186263	-0.136576	0.972961	-0.592724	0.774165	0.222141	-0.783571	-0.618074	0.063246
23101	9.383152	1.838560	1.073478	0.229489	-0.225588	-0.051036	0.184732	-0.138364	0.973000	-0.594440	0.772677	0.222737	-0.782634	-0.619536	0.060489
23102	9.356917	2.435879	0.976768	0.382121	-0.225739	-0.073413	0.183351	-0.140326	0.972981	-0.597327	0.770186	0.223640	-0.780758	-0.622192	0.057394
23103	9.373325	3.024228	0.952307	0.443715	-0.225000	-0.096297	0.182113	-0.142466	0.972902	-0.600637	0.767273	0.224785	-0.778505	-0.625297	0.054161
23104	9.296792	3.439795	0.896373	0.413832	-0.234273	-0.099918	0.180840	-0.144693	0.972811	-0.603707	0.764519	0.225938	-0.776424	-0.628152	0.050903
23105	9.226696	3.657652	0.891446	0.328434	-0.235906	-0.075537	0.179396	-0.146755	0.972769	-0.606107	0.762365	0.226790	-0.774888	-0.630288	0.047816
23106	9.135052	3.664604	0.792219	0.175020	-0.222852	-0.041819	0.177870	-0.148473	0.972789	-0.607423	0.761183	0.227241	-0.774209	-0.631314	0.045205
23107	9.150128	3.484139	0.630916	0.007057	-0.200300	-0.006085	0.176298	-0.149781	0.972874	-0.607510	0.761106	0.227267	-0.774500	-0.631098	0.043188
23108	9.247607	3.173496	0.359465	-0.153797	-0.192300	0.024132	0.174607	-0.150803	0.973021	-0.606395	0.762095	0.226930	-0.775756	-0.629659	0.041621
23109	9.238672	2.931937	0.154852	-0.280791	-0.198738	0.035904	0.172777	-0.151780	0.973196	-0.604260	0.763939	0.226422	-0.777829	-0.627184	0.040276
23110	9.351017	2.647039	-0.126881	-0.351971	-0.229483	0.049187	0.170639	-0.152833	0.973409	-0.601636	0.766200	0.225767	-0.780331	-0.624163	0.038793
23111	9.394392	2.506578	-0.328784	-0.411279	-0.257742	0.061330	0.168178	-0.153970	0.973658	-0.598487	0.768898	0.224966	-0.783281	-0.620555	0.037163
23112	9.417782	2.395717	-0.357953	-0.437174	-0.293470	0.074476	0.165376	-0.155205	0.973941	-0.595214	0.771702	0.224045	-0.786365	-0.616756	0.035241
23113	9.529191	2.488141	-0.350615	-0.431835	-0.326089	0.093464	0.162189	-0.156486	0.974272	-0.591989	0.774495	0.222948	-0.789458	-0.612919	0.032977
23114	9.515650	2.389110	-0.309064	-0.417364	-0.354886	0.108361	0.158688	-0.157807	0.974636	-0.588897	0.777200	0.221722	-0.792476	-0.609144	0.030401
23115	9.425173	2.498618	-0.051226	-0.381254	-0.382801	0.130436	0.154814	-0.159115	0.975046	-0.586082	0.779729	0.220298	-0.795324	-0.605562	0.027459
23116	9.218332	2.948304	0.382698	-0.350222	-0.396307	0.131067	0.150837	-0.160477	0.975446	-0.583526	0.782038	0.218891	-0.797963	-0.602216	0.024318
23117	9.063178	3.503532	0.692899	-0.351445	-0.426836	0.129539	0.146595	-0.162025	0.975837	-0.580887	0.784388	0.217501	-0.800675	-0.598735	0.020869
23118	9.105314	3.747916	0.854140	-0.396976	-0.461338	0.134121	0.142063	-0.163717	0.976225	-0.577930	0.786960	0.216079	-0.803626	-0.594887	0.017181
23119	9.142821	3.526085	0.739655	-0.427746	-0.475830	0.146987	0.137319	-0.165377	0.976624	-0.574690	0.789750	0.214538	-0.806768	-0.590716	0.013407
23120	9.122975	3.048881	0.460060	-0.390490	-0.487606	0.167033	0.132367	-0.166918	0.977045	-0.571793	0.792312	0.212823	-0.809649	-0.586839	0.009433
23121	9.192445	2.718126	0.473832	-0.317024	-0.502192	0.201047	0.127086	-0.168259	0.977516	-0.569488	0.794511	0.210797	-0.812116	-0.583473	0.005149
23122	9.226705	2.675943	0.517187	-0.269154	-0.499274	0.235276	0.121634	-0.169284	0.978033	-0.567626	0.796461	0.208450	-0.814252	-0.580511	0.000787
23123	9.200216	2.874504	0.643002	-0.282095	-0.502528	0.262326	0.115977	-0.170098	0.978579	-0.565618	0.798565	0.205842	-0.816472	-0.577374	-0.003595
23124	9.217438	3.141111	0.791771	-0.347964	-0.498544	0.289722	0.110212	-0.170640	0.979150	-0.563133	0.801047	0.202987	-0.818984	-0.573764	-0.007809
23125	9.277994	3.334431	0.935546	-0.422280	-0.481154	0.296565	0.104527	-0.171004	0.979710	-0.559937	0.804015	0.200078	-0.821915	-0.569489	-0.011710
23126	9.316894	3.240593	1.132817	-0.476561	-0.450947	0.289734	0.099143	-0.171218	0.980232	-0.556341	0.807200	0.197264	-0.825019	-0.564901	-0.015227
23127	9.425708	2.921804	1.209720	-0.499401	-0.412741	0.286032	0.094083	-0.171220	0.980730	-0.552479	0.810515	0.194504	-0.828200	-0.560133	-0.018340
23128	9.485797	2.285237	1.137471	-0.468210	-0.365017	0.291060	0.089398	-0.170882	0.981227	-0.548895	0.813612	0.191701	-0.831097	-0.555728	-0.021061
23129	9.600285	1.685815	0.933248	-0.357664	-0.318096	0.310998	0.084987	-0.170102	0.981755	-0.546170	0.816147	0.188688	-0.833352	-0.552241	-0.023543
23130	9.615243	0.968363	0.574516	-0.172620	-0.284109	0.320570	0.080815	-0.169039	0.982291	-0.545029	0.817629	0.185543	-0.834513	-0.550372	-0.026054
23131	9.742650	0.417397	0.214133	0.088384	-0.263413	0.349165	0.076655	-0.167624	0.982866	-0.546021	0.817753	0.182049	-0.834257	-0.550620	-0.028841
23132	9.872218	0.264317	0.091925	0.349053	-0.256358	0.386742	0.072347	-0.165867	0.983491	-0.549250	0.816458	0.178100	-0.832520	-0.553068	-0.032034
23133	9.888057	0.762799	0.414426	0.571290	-0.254196	0.419846	0.067871	-0.163854	0.984147	-0.554354	0.813943	0.173747	-0.829509	-0.557358	-0.035590
23134	9.470138	2.216258	1.046614	0.710424	-0.259012	0.409327	0.063392	-0.161969	0.984758	-0.560534	0.810618	0.169411	-0.825702	-0.562729	-0.039403
23135	9.173322	3.671919	1.397770	0.721581	-0.324592	0.371327	0.058571	-0.160791	0.985249	-0.566706	0.807144	0.165415	-0.821835	-0.568035	-0.043846
23136	9.204576	4.185977	1.472001	0.557765	-0.403350	0.332378	0.053317	-0.160402	0.985611	-0.571499	0.804485	0.161840	-0.818869	-0.571904	-0.048777
23137	9.223054	3.987352	1.633478	0.373870	-0.448640	0.315979	0.047792	-0.160428	0.985890	-0.574738	0.802841	0.158503	-0.816941	-0.574204	-0.053835
23138	9.475852	3.869567	1.767022	0.255284	-0.415743	0.317484	0.042516	-0.160261	0.986159	-0.576996	0.801868	0.155188	-0.815640	-0.575608	-0.058378
23139	10.006320	3.319489	1.880554	0.151511	-0.336440	0.312461	0.037928	-0.159692	0.986438	-0.578395	0.801473	0.151988	-0.814874	-0.576316	-0.061967
23140	10.290825	2.387565	2.014705	0.071008	-0.225159	0.316633	0.034207	-0.158443	0.986775	-0.579118	0.801553	0.148778	-0.814525	-0.576549	-0.064339
23141	10.151794	1.366728	2.440315	0.090762	-0.041104	0.309608	0.032035	-0.156194	0.987207	-0.579985	0.801504	0.145632	-0.813997	-0.577231	-0.064914
23142	10.045761	1.061389	3.240269	0.228776	0.205380	0.336494	0.031696	-0.152301	0.987826	-0.581983	0.800685	0.142122	-0.812583	-0.579403	-0.063258
23143	10.087587	1.700462	4.092921	0.309441	0.521155	0.359064	0.033790	-0.146394	0.988649	-0.584638	0.799410	0.138354	-0.810590	-0.582677	-0.058575
23144	9.863549	2.858753	4.614317	0.269924	0.807529	0.319668	0.038401	-0.139112	0.989532	-0.586969	0.798274	0.135004	-0.808698	-0.586009	-0.051000
23145	9.341371	3.825924	4.628205	0.126847	0.978304	0.192465	0.045141	-0.131825	0.990245	-0.588100	0.797776	0.133012	-0.807527	-0.588367	-0.041513
23146	9.407605	4.011499	4.414239	-0.124050	1.057396	0.051494	0.053324	-0.125181	0.990700	-0.587154	0.798556	0.132506	-0.807717	-0.588759	-0.030918
23147	10.714149	3.755145	4.461339	-0.401240	1.136280	0.022734	0.062341	-0.118315	0.991017	-0.583964	0.800917	0.132354	-0.809382	-0.586969	-0.019161
23148	11.896056	3.710092	4.534709	-0.723156	1.279037	0.042251	0.072415	-0.110486	0.991236	-0.578159	0.805179	0.131985	-0.812705	-0.582649	-0.005571
23149	12.236038	4.007169	4.328368	-1.064789	1.506808	0.020216	0.084546	-0.101590	0.991227	-0.569538	0.811340	0.131732	-0.817605	-0.575679	0.010736
23150	11.900848	4.267805	3.657972	-1.256860	1.647802	-0.056355	0.098329	-0.092624	0.990834	-0.559208	0.818451	0.132004	-0.823175	-0.567062	0.028682
23151	11.771231	4.300631	2.967275	-1.329861	1.646819	-0.137275	0.112654	-0.084485	0.990036	-0.548123	0.825782	0.132838	-0.828777	-0.557626	0.046720
23152	11.676937	4.242770	2.102889	-1.456340	1.580573	-0.220280	0.126941	-0.077572	0.988872	-0.535779	0.833630	0.134172	-0.834761	-0.546849	0.064261
23153	11.561288	3.767005	1.210291	-1.681339	1.483782	-0.309520	0.140988	-0.072139	0.987380	-0.521312	0.842461	0.135989	-0.841639	-0.533906	0.081170
23154	11.318990	3.340475	0.261516	-1.928259	1.370184	-0.379963	0.154470	-0.068135	0.985645	-0.504481	0.852326	0.137982	-0.849493	-0.518553	0.097286
23155	11.070279	2.612831	-0.381578	-2.089109	1.226676	-0.417316	0.166978	-0.065457	0.983785	-0.486036	0.862670	0.139893	-0.857839	-0.501514	0.112232
23156	11.012952	2.004062	-0.807259	-2.058242	1.084630	-0.411178	0.178234	-0.063662	0.981927	-0.467625	0.872536	0.141451	-0.865771	-0.484385	0.125746
23157	10.984349	1.412572	-2.046991	-1.967215	0.985287	-0.416518	0.188670	-0.062615	0.980042	-0.449805	0.881617	0.142920	-0.872971	-0.467793	0.138170
23158	10.771234	1.013168	-2.911894	-1.859037	0.882166	-0.405109	0.198136	-0.062130	0.978203	-0.432771	0.889900	0.144179	-0.879461	-0.451905	0.149433
23159	10.764418	0.514166	-3.402433	-1.903211	0.809543	-0.355764	0.206741	-0.061707	0.976448	-0.415297	0.898106	0.144686	-0.885882	-0.435428	0.160049
23160	10.808133	-0.127373	-3.874106	-2.025892	0.799423	-0.328202	0.215132	-0.061239	0.974663	-0.396631	0.906533	0.144505	-0.892414	-0.417669	0.170734
23161	10.801049	-0.720390	-3.708485	-2.029629	0.829537	-0.315002	0.223721	-0.060715	0.972760	-0.377832	0.914611	0.143982	-0.898439	-0.399751	0.181677
23162	11.154286	-0.988127	-2.941170	-1.872984	0.912000	-0.288328	0.232952	-0.059771	0.970650	-0.360341	0.921757	0.143241	-0.903265	-0.383133	0.193187
23163	11.149015	-0.642481	-2.159212	-1.661462	1.005826	-0.245156	0.242854	-0.058242	0.968313	-0.344767	0.927844	0.142276	-0.906729	-0.368394	0.205251
23164	10.604233	-0.038240	-1.590890	-1.447484	1.041622	-0.226691	0.253029	-0.056558	0.965804	-0.331105	0.932943	0.141379	-0.909036	-0.355555	0.217335
23165	9.853029	0.727400	-0.953450	-1.318781	0.975107	-0.220595	0.262557	-0.055198	0.963336	-0.318591	0.937415	0.140545	-0.910804	-0.343812	0.228540
23166	9.565022	1.150599	-0.551919	-1.356872	0.819359	-0.177190	0.270534	-0.054072	0.961191	-0.305789	0.941890	0.139053	-0.912855	-0.331540	0.238279
23167	9.283884	1.185326	-0.174561	-1.573659	0.693589	-0.120390	0.277182	-0.052944	0.959358	-0.291126	0.946915	0.136371	-0.915650	-0.317094	0.247054
23168	8.926565	0.709714	-0.226076	-1.831792	0.596031	-0.093548	0.282868	-0.051968	0.957750	-0.274103	0.952510	0.132639	-0.919159	-0.300041	0.255190
23169	8.719020	0.073326	-0.550108	-1.947296	0.494509	-0.071213	0.287557	-0.051191	0.956395	-0.256016	0.958126	0.128260	-0.922912	-0.281735	0.262410
23170	8.719081	-0.481942	-0.776693	-1.877241	0.409180	-0.032849	0.291376	-0.050363	0.955282	-0.238607	0.963223	0.123561	-0.926373	-0.263940	0.268643
23171	8.728488	-0.820702	-0.698380	-1.707031	0.364469	0.017260	0.294673	-0.049240	0.954329	-0.222865	0.967591	0.118739	-0.929246	-0.247676	0.274149
23172	8.581933	-1.055906	-0.581336	-1.483985	0.364431	0.040001	0.297933	-0.047946	0.953382	-0.209223	0.971174	0.114223	-0.931376	-0.233500	0.279313
23173	8.382793	-1.083353	-0.453102	-1.195614	0.370773	0.033330	0.301276	-0.046752	0.952390	-0.198226	0.973906	0.110514	-0.932705	-0.222083	0.284147
23174	8.310311	-0.877142	-0.072044	-0.901086	0.397357	0.001070	0.304938	-0.045846	0.951268	-0.189867	0.975863	0.107895	-0.933254	-0.213516	0.288873
23175	8.326770	-0.560473	0.407890	-0.650749	0.431901	-0.032154	0.308986	-0.045224	0.949991	-0.183742	0.977212	0.106282	-0.933149	-0.207393	0.293635
23176	8.400953	-0.311401	0.941321	-0.491494	0.457093	-0.069529	0.313333	-0.044935	0.948579	-0.178987	0.978183	0.105460	-0.932623	-0.202827	0.298455
23177	8.238983	-0.177984	1.550420	-0.399755	0.463149	-0.099922	0.317783	-0.044954	0.947097	-0.174992	0.978936	0.105181	-0.931876	-0.199159	0.303222
23178	8.168173	-0.250769	1.918125	-0.339774	0.428459	-0.110131	0.321922	-0.045155	0.945689	-0.171520	0.979552	0.105159	-0.931100	-0.196058	0.307594
23179	8.399626	-0.421270	2.242630	-0.244247	0.401544	-0.104949	0.325792	-0.045371	0.944352	-0.168954	0.979975	0.105370	-0.930222	-0.193881	0.311603
23180	8.558596	-0.341418	2.668430	-0.148898	0.418872	-0.092061	0.329799	-0.045433	0.942957	-0.167314	0.980216	0.105746	-0.929106	-0.192645	0.315673
23181	8.524369	0.024867	3.044007	-0.097848	0.411887	-0.071129	0.333697	-0.045308	0.941591	-0.166216	0.980367	0.106080	-0.927911	-0.191907	0.319614
23182	8.432731	0.296797	3.204666	-0.083954	0.382159	-0.036489	0.337259	-0.044902	0.940341	-0.165362	0.980506	0.106128	-0.926775	-0.191289	0.323259
23183	8.436201	0.188898	3.322797	-0.083837	0.364615	0.003201	0.340586	-0.044144	0.939177	-0.164643	0.980663	0.105801	-0.925686	-0.190663	0.326731
23184	8.565027	0.234592	4.166786	-0.100127	0.428019	0.041314	0.344435	-0.042893	0.937830	-0.163905	0.980866	0.105058	-0.924392	-0.189900	0.330814
23185	8.415258	1.420521	5.563541	-0.006530	0.547897	0.015052	0.349425	-0.041673	0.936037	-0.163943	0.980880	0.104870	-0.922510	-0.190101	0.335912
23186	7.981692	2.424454	6.244784	0.092460	0.600464	-0.133909	0.355136	-0.041810	0.933879	-0.164370	0.980642	0.106411	-0.920251	-0.191292	0.341389
23187	7.864972	2.049243	6.077585	0.242598	0.541434	-0.318957	0.360596	-0.043864	0.931690	-0.165506	0.980033	0.110196	-0.917921	-0.193936	0.346136
23188	8.087861	1.560304	6.641201	0.425331	0.479006	-0.468093	0.365725	-0.047478	0.929511	-0.167752	0.978980	0.116008	-0.915480	-0.198354	0.350073
23189	7.994332	0.814763	7.083789	0.462841	0.404965	-0.500233	0.370233	-0.051529	0.927509	-0.170190	0.977798	0.122258	-0.913216	-0.203117	0.353243
23190	7.908177	-0.496290	5.819045	0.400825	0.172500	-0.444030	0.372526	-0.055484	0.926362	-0.172246	0.976733	0.127767	-0.911897	-0.207159	0.354301
23191	8.035793	-1.517738	5.151861	0.391121	0.032802	-0.381984	0.373449	-0.059113	0.925765	-0.174433	0.975691	0.132667	-0.911103	-0.211029	0.354059
23192	8.211927	-2.100907	5.161886	0.600049	0.045172	-0.347092	0.374431	-0.062370	0.925155	-0.178646	0.974191	0.137978	-0.909883	-0.216939	0.353625
23193	8.085729	-2.153252	5.251766	0.837578	0.049143	-0.364916	0.375503	-0.065781	0.924484	-0.184937	0.972101	0.144286	-0.908183	-0.225151	0.352862
23194	7.190443	-1.465377	5.198818	1.003585	-0.031031	-0.397736	0.375930	-0.069684	0.924024	-0.192596	0.969517	0.151470	-0.906412	-0.234905	0.351050
23195	5.976953	-0.554049	4.393167	1.044309	-0.207218	-0.461196	0.374922	-0.074613	0.924049	-0.200368	0.966675	0.159351	-0.905144	-0.244894	0.347478
23196	5.210684	-0.127624	3.134336	0.962495	-0.478780	-0.524506	0.371615	-0.080841	0.924861	-0.207168	0.963861	0.167491	-0.904977	-0.253844	0.341437
23197	5.058228	0.164378	1.452284	0.987574	-0.747863	-0.562794	0.365993	-0.088155	0.926433	-0.214077	0.960830	0.176001	-0.905660	-0.262743	0.332785
23198	5.297300	0.119767	-0.369626	1.204553	-0.977366	-0.550554	0.358296	-0.096028	0.928656	-0.223044	0.957088	0.185023	-0.906573	-0.273425	0.321502
23199	7.249680	-0.392854	-0.605761	1.609220	-1.237721	-0.399581	0.347950	-0.103282	0.931807	-0.236271	0.952172	0.193766	-0.907253	-0.287579	0.306905
23200	10.687515	0.447208	2.735976	1.867380	-1.267905	-0.089195	0.336621	-0.107853	0.935443	-0.252952	0.946547	0.200159	-0.907029	-0.304000	0.291346
23201	14.267532	2.807761	8.207667	1.492888	-0.824632	0.190224	0.328610	-0.108587	0.938203	-0.267159	0.942112	0.202613	-0.905893	-0.317230	0.280577
23202	16.281398	4.696168	10.467608	0.872543	-0.310642	0.235728	0.325112	-0.107342	0.939564	-0.275873	0.939556	0.202800	-0.904542	-0.325133	0.275849
23203	16.893869	5.119597	9.312580	0.562730	-0.261723	0.146245	0.322299	-0.106795	0.940595	-0.281475	0.937864	0.202934	-0.903823	-0.330159	0.272213
23204	16.733351	4.681107	8.099158	0.113281	-0.263776	0.053654	0.319717	-0.107140	0.941436	-0.282716	0.937540	0.202708	-0.904352	-0.330968	0.269457
23205	13.710611	2.636087	6.004427	-0.589058	-0.094443	-0.107020	0.319125	-0.108422	0.941490	-0.277081	0.939353	0.202095	-0.906303	-0.325363	0.269729
23206	9.965636	-0.285948	1.499993	-0.660209	-0.075436	-0.319150	0.319268	-0.111642	0.941065	-0.270117	0.941122	0.203289	-0.908353	-0.319102	0.270314
23207	7.880677	-2.188810	-3.312161	0.306263	-0.035676	-0.440794	0.320101	-0.115868	0.940271	-0.271529	0.939635	0.208228	-0.907638	-0.321965	0.269317
23208	5.817567	-2.844378	-6.285177	1.688293	0.098428	-0.452419	0.322206	-0.119757	0.939064	-0.285402	0.933524	0.216976	-0.902623	-0.337922	0.266609
23209	4.450392	-1.597379	-4.600519	2.456494	-0.075161	-0.410202	0.322702	-0.123798	0.938370	-0.306207	0.924440	0.227264	-0.895601	-0.360673	0.260411
23210	5.345126	1.101741	-0.879188	2.320638	-0.542170	-0.347719	0.318913	-0.128987	0.938966	-0.325855	0.915382	0.236421	-0.890007	-0.381365	0.249896
23211	7.783704	3.734775	-0.156117	2.075987	-0.925858	-0.271346	0.311553	-0.135043	0.940584	-0.343475	0.906917	0.243979	-0.885980	-0.399079	0.236169
23212	10.234743	5.141638	-0.729770	2.008039	-1.135144	-0.158543	0.302026	-0.141079	0.942803	-0.360787	0.898509	0.250028	-0.882390	-0.415666	0.220474
23213	11.788586	5.929979	-0.620225	1.820712	-1.127692	-0.075498	0.292324	-0.146499	0.945032	-0.376638	0.890692	0.254580	-0.879028	-0.430355	0.205194
23214	11.896232	5.841480	0.111490	1.395906	-0.942042	-0.100913	0.284393	-0.151482	0.946665	-0.388642	0.884448	0.258281	-0.876401	-0.441367	0.192658
23215	10.783679	5.509568	0.738204	0.892186	-0.761902	-0.210907	0.278498	-0.156709	0.947566	-0.395902	0.880148	0.261918	-0.875043	-0.448087	0.183078
23216	9.464630	5.028126	0.839344	0.427513	-0.675972	-0.306869	0.273752	-0.162427	0.947986	-0.398838	0.877727	0.265562	-0.875208	-0.450791	0.175498
23217	8.646667	4.375631	0.610424	0.091434	-0.678657	-0.289028	0.268910	-0.168001	0.948400	-0.398895	0.876830	0.268426	-0.876681	-0.450494	0.168774
23218	8.459160	3.531048	0.295768	-0.065549	-0.691141	-0.195982	0.263575	-0.172809	0.949034	-0.397839	0.876781	0.270145	-0.878779	-0.448766	0.162347
23219	8.759151	2.668466	0.147486	-0.071350	-0.657803	-0.075876	0.258039	-0.176402	0.949894	-0.397054	0.876961	0.270718	-0.880774	-0.447015	0.156249
23220	9.023444	2.013618	0.137017	0.041978	-0.611429	0.013711	0.252546	-0.178995	0.950885	-0.397501	0.876789	0.270620	-0.882164	-0.446321	0.150278
23221	9.216089	1.653601	0.203459	0.246580	-0.582719	0.034779	0.247214	-0.181276	0.951853	-0.399804	0.875741	0.270617	-0.882634	-0.447455	0.144020
23222	9.321392	1.707103	0.080445	0.456736	-0.585178	0.023257	0.241906	-0.183682	0.952755	-0.403933	0.873725	0.271005	-0.882224	-0.450407	0.137164
23223	9.361617	2.156717	-0.062701	0.630241	-0.619459	-0.002750	0.236403	-0.186491	0.953590	-0.409523	0.870859	0.271836	-0.881138	-0.454780	0.129502
23224	9.422996	2.603655	-0.467673	0.752509	-0.659951	-0.019574	0.230624	-0.189663	0.954380	-0.416143	0.867371	0.272932	-0.879567	-0.460103	0.121110
23225	9.448196	2.739317	-0.754163	0.804901	-0.720053	-0.029959	0.224368	-0.193238	0.955153	-0.423188	0.863580	0.274120	-0.877822	-0.465713	0.111984
23226	9.566841	2.517888	-0.689387	0.799153	-0.768977	-0.020217	0.217660	-0.196998	0.955937	-0.430191	0.859788	0.275136	-0.876105	-0.471122	0.102395
23227	9.525614	2.327352	-0.243847	0.781751	-0.784012	-0.014575	0.210806	-0.200821	0.956678	-0.437042	0.856048	0.276000	-0.874388	-0.476291	0.092693
23228	9.353425	2.664850	0.158150	0.759712	-0.799936	0.002382	0.203757	-0.204615	0.957401	-0.443723	0.852407	0.276610	-0.872693	-0.481182	0.082891
23229	9.240245	3.075443	0.237164	0.750333	-0.784030	0.028484	0.196738	-0.208148	0.958107	-0.450361	0.848829	0.276885	-0.870902	-0.485967	0.073255
23230	9.028979	3.267399	0.348717	0.783078	-0.737363	0.054811	0.190024	-0.211271	0.958778	-0.457317	0.845109	0.276861	-0.868765	-0.491076	0.063973
23231	8.975577	3.258939	0.491755	0.853307	-0.698649	0.088638	0.183497	-0.213960	0.959453	-0.464923	0.841074	0.276479	-0.866127	-0.496805	0.054859
23232	9.072517	3.402885	0.582656	0.882313	-0.665100	0.131537	0.177078	-0.216167	0.960164	-0.472827	0.836938	0.275625	-0.863179	-0.502799	0.045993
23233	9.155416	3.590294	0.663932	0.844201	-0.631255	0.163064	0.170804	-0.217984	0.960890	-0.480424	0.833014	0.274373	-0.860243	-0.508498	0.037557
23234	9.156631	4.000795	0.827595	0.700581	-0.603370	0.177310	0.164711	-0.219579	0.961590	-0.486777	0.829814	0.272868	-0.857857	-0.513024	0.029794
23235	9.122410	4.292599	0.880973	0.446885	-0.566102	0.169385	0.158973	-0.221073	0.962213	-0.490920	0.827880	0.271317	-0.856578	-0.515501	0.023081
23236	9.086885	4.143334	0.759075	0.182854	-0.532385	0.153577	0.153605	-0.222535	0.962748	-0.492762	0.827268	0.269839	-0.856499	-0.515855	0.017416
23237	9.164149	3.526866	0.374842	0.008708	-0.510055	0.132137	0.148528	-0.224059	0.963191	-0.493075	0.827508	0.268530	-0.857215	-0.514809	0.012430
23238	9.236334	2.794724	-0.050631	0.003313	-0.504721	0.130136	0.143505	-0.225564	0.963601	-0.493329	0.827774	0.267239	-0.857923	-0.513723	0.007512
23239	9.407580	2.233413	-0.361277	0.114765	-0.491712	0.124530	0.138615	-0.227048	0.963968	-0.494527	0.827456	0.266006	-0.858038	-0.513581	0.002417
23240	9.381488	1.793407	-0.751755	0.283857	-0.479985	0.127221	0.133815	-0.228452	0.964315	-0.497171	0.826277	0.264741	-0.857272	-0.514855	-0.003011
23241	9.313047	1.568987	-0.915390	0.475831	-0.513677	0.144727	0.128637	-0.229898	0.964676	-0.501473	0.824142	0.263277	-0.855557	-0.517626	-0.009272
23242	9.356094	1.715718	-0.899695	0.625323	-0.541035	0.166908	0.123121	-0.231323	0.965055	-0.507060	0.821269	0.261548	-0.853072	-0.521543	-0.016180
23243	9.428371	2.026175	-0.790115	0.740970	-0.574032	0.183143	0.117240	-0.232819	0.965427	-0.513626	0.817802	0.259592	-0.849966	-0.526304	-0.023703
23244	9.456259	2.495932	-0.495527	0.803577	-0.596851	0.186179	0.111162	-0.234445	0.965753	-0.520690	0.813977	0.257533	-0.846478	-0.531485	-0.031590
23245	9.351246	2.966253	-0.234942	0.831810	-0.623068	0.174957	0.104924	-0.236342	0.965988	-0.527940	0.809936	0.255506	-0.842775	-0.536793	-0.039793
23246	9.264007	3.383797	0.084404	0.818165	-0.654869	0.159253	0.098517	-0.238576	0.966114	-0.535016	0.805891	0.253567	-0.839078	-0.541867	-0.048248
23247	9.174669	3.735474	0.553596	0.763527	-0.666401	0.163487	0.091999	-0.240879	0.966185	-0.541600	0.802118	0.251546	-0.835587	-0.546428	-0.056666
23248	9.141431	3.990428	1.071384	0.656753	-0.659742	0.176198	0.085483	-0.243075	0.966233	-0.547268	0.798934	0.249405	-0.832581	-0.550108	-0.064732
23249	9.089525	3.977334	1.507011	0.550598	-0.622401	0.182933	0.079247	-0.245041	0.966269	-0.552030	0.796332	0.247220	-0.830050	-0.553001	-0.072163
23250	8.999198	3.930103	1.868421	0.489432	-0.572584	0.191934	0.073383	-0.246678	0.966315	-0.556266	0.794082	0.244954	-0.827758	-0.555504	-0.078946
23251	8.909025	3.908600	2.018238	0.466261	-0.509615	0.201045	0.067994	-0.247913	0.966393	-0.560295	0.791972	0.242589	-0.825497	-0.557960	-0.085055
23252	8.841491	3.622066	1.943811	0.523308	-0.449762	0.212589	0.063037	-0.248738	0.966517	-0.564779	0.789562	0.240033	-0.822831	-0.561000	-0.090710
23253	8.878755	3.371680	1.753932	0.618316	-0.401486	0.225112	0.058410	-0.249216	0.966685	-0.570026	0.786631	0.237240	-0.819548	-0.564893	-0.096112
23254	8.835427	2.942940	0.713441	0.858319	-0.347589	0.217441	0.054269	-0.249475	0.966859	-0.577194	0.782288	0.234248	-0.814802	-0.570777	-0.101542
23255	8.922029	2.144817	-0.715002	1.257750	-0.365626	0.248982	0.049801	-0.249632	0.967059	-0.587557	0.775663	0.230483	-0.807648	-0.579681	-0.108044
23256	9.081198	1.727422	-1.269541	1.578757	-0.436168	0.311103	0.044396	-0.249776	0.967285	-0.600413	0.767190	0.225664	-0.798457	-0.590789	-0.115909
23257	9.395543	2.110414	-1.285448	1.716162	-0.524562	0.378031	0.037887	-0.250018	0.967500	-0.614214	0.757882	0.219902	-0.788230	-0.602583	-0.124850
23258	9.548653	2.928166	-0.861643	1.629693	-0.563490	0.432030	0.030737	-0.250182	0.967711	-0.627156	0.749041	0.213570	-0.778287	-0.613470	-0.133880
23259	9.374001	3.534158	-0.174381	1.373583	-0.576755	0.466726	0.023269	-0.250263	0.967898	-0.637943	0.741709	0.207115	-0.769732	-0.622283	-0.142395
23260	9.297109	3.729348	0.597423	1.067249	-0.599831	0.475612	0.015563	-0.250495	0.967993	-0.646242	0.736212	0.200906	-0.762973	-0.628685	-0.150423
23261	9.287601	3.828111	1.382310	0.797817	-0.618836	0.454006	0.007860	-0.251062	0.967939	-0.652390	0.732303	0.195241	-0.757843	-0.633008	-0.158035
23262	9.446516	4.052999	2.093397	0.638010	-0.603243	0.415036	0.000528	-0.251853	0.967765	-0.657256	0.729286	0.190149	-0.753667	-0.636170	-0.165147
23263	9.496315	4.338523	2.996531	0.498908	-0.521811	0.388162	-0.006002	-0.252349	0.967618	-0.661024	0.727071	0.185516	-0.750341	-0.638505	-0.171173
23264	9.324028	4.604546	4.293677	0.347873	-0.399910	0.365557	-0.011474	-0.252246	0.967595	-0.663624	0.725756	0.181331	-0.747978	-0.640039	-0.175724
23265	9.323602	5.326346	5.984328	0.217681	-0.255287	0.316059	-0.015525	-0.251585	0.967711	-0.665233	0.725144	0.177850	-0.746474	-0.640992	-0.178621
23266	9.465880	6.695629	7.867341	0.122286	0.011250	0.218290	-0.016949	-0.249926	0.968117	-0.666136	0.724894	0.175474	-0.745638	-0.641923	-0.178771
23267	9.839977	8.255967	9.369456	-0.030994	0.436891	0.084515	-0.014291	-0.246502	0.969037	-0.665915	0.725289	0.174677	-0.745890	-0.642800	-0.174514
23268	10.923149	7.693941	8.196780	-0.254946	0.869103	-0.116283	-0.007082	-0.241754	0.970312	-0.664050	0.726632	0.176194	-0.747655	-0.643088	-0.165683
23269	12.407167	3.379595	3.687994	-0.367632	1.252365	-0.206229	0.003635	-0.235191	0.971942	-0.661323	0.728491	0.178754	-0.750092	-0.643418	-0.152890
23270	13.555205	-0.989570	0.302875	-0.059486	1.578459	-0.097765	0.016068	-0.225718	0.974060	-0.660894	0.728635	0.179748	-0.750307	-0.646639	-0.137468
23271	14.180492	-1.493945	-1.805194	0.499798	1.781232	-0.064319	0.029799	-0.214590	0.976249	-0.664643	0.725229	0.179701	-0.746567	-0.654212	-0.121015
23272	14.605731	0.416983	-2.055707	0.996132	1.981462	-0.138208	0.045388	-0.202509	0.978228	-0.672019	0.718352	0.179891	-0.739142	-0.665553	-0.103485
23273	14.065920	2.470841	-1.575580	1.032666	2.146126	-0.258285	0.062881	-0.189936	0.979781	-0.679493	0.710898	0.181420	-0.730982	-0.677162	-0.084359
23274	12.885414	3.416726	-1.024024	0.613025	2.182213	-0.359090	0.081163	-0.177610	0.980748	-0.683727	0.706044	0.184444	-0.725210	-0.685534	-0.064132
23275	11.637745	4.297235	-0.612977	0.157663	2.099180	-0.491779	0.099691	-0.166628	0.980967	-0.684447	0.704097	0.189155	-0.722214	-0.690278	-0.043856
23276	10.765105	5.037223	-0.923778	-0.169366	1.967900	-0.636964	0.118193	-0.157508	0.980419	-0.682561	0.704217	0.195420	-0.721208	-0.692293	-0.024275
23277	10.195922	5.725037	-1.428023	-0.429859	1.786028	-0.751416	0.136167	-0.150437	0.979197	-0.678529	0.706018	0.202823	-0.721843	-0.692032	-0.005940
23278	10.079231	6.066374	-1.584744	-0.790928	1.561765	-0.853175	0.153169	-0.145694	0.977401	-0.671605	0.710196	0.211112	-0.724904	-0.688763	0.010931
23279	10.336205	5.624997	-1.305233	-1.316957	1.353111	-0.912626	0.169076	-0.142937	0.975183	-0.660572	0.717882	0.219752	-0.731477	-0.681333	0.026957
23280	10.568380	4.831998	-1.631440	-1.865136	1.230317	-0.897576	0.183944	-0.141118	0.972754	-0.645283	0.729188	0.227804	-0.741467	-0.669605	0.043069
23281	10.512196	3.822567	-2.423176	-2.146812	1.213026	-0.832215	0.198280	-0.139199	0.970211	-0.627682	0.742226	0.234768	-0.752795	-0.655534	0.059796
23282	10.551303	2.777740	-2.509657	-2.281548	1.213695	-0.739862	0.212009	-0.136874	0.967635	-0.608891	0.755968	0.240341	-0.764398	-0.640139	0.076931
23283	10.866450	2.070164	-2.130191	-2.497655	1.208326	-0.680392	0.225367	-0.134431	0.964955	-0.588187	0.770799	0.244755	-0.776689	-0.622734	0.094642
23284	11.012842	1.878698	-1.964028	-2.637237	1.217006	-0.629456	0.238476	-0.131860	0.962155	-0.566116	0.786119	0.248051	-0.789076	-0.603846	0.112822
23285	11.563505	2.410370	-1.626995	-2.557804	1.221357	-0.584011	0.251395	-0.129227	0.959219	-0.544395	0.800544	0.250527	-0.800271	-0.585175	0.130903
23286	12.357037	3.166166	-1.101129	-2.504151	1.225905	-0.541146	0.264105	-0.126527	0.956159	-0.522870	0.814258	0.252174	-0.810466	-0.566547	0.148892
23287	12.182909	3.277133	-0.974083	-2.634226	1.226664	-0.512319	0.276704	-0.123897	0.952935	-0.500035	0.828260	0.252882	-0.820609	-0.546475	0.167230
23288	11.359222	2.940945	-1.119320	-2.749154	1.185635	-0.481801	0.288794	-0.121557	0.949643	-0.476014	0.842384	0.252587	-0.830668	-0.524989	0.185412
23289	10.704283	2.702827	-1.125387	-2.854471	1.103659	-0.427574	0.299971	-0.119509	0.946433	-0.450938	0.856513	0.251079	-0.840638	-0.502099	0.203037
23290	10.203362	2.394594	-1.224270	-2.943882	1.021240	-0.387016	0.310251	-0.117831	0.943324	-0.424906	0.870467	0.248479	-0.850411	-0.477915	0.219996
23291	9.691319	2.065124	-1.480177	-2.998315	0.943229	-0.368738	0.319804	-0.116663	0.940274	-0.398146	0.883973	0.245094	-0.859770	-0.452748	0.236249
23292	9.406079	1.786302	-1.670296	-3.025853	0.820587	-0.318600	0.328073	-0.115873	0.937519	-0.371004	0.896899	0.240681	-0.868748	-0.426784	0.251259
23293	9.109373	1.478461	-1.743994	-3.058182	0.713892	-0.258483	0.335198	-0.115241	0.935073	-0.343490	0.909231	0.235188	-0.877301	-0.400023	0.265189
23294	8.740904	1.000151	-1.771634	-3.067810	0.614210	-0.185808	0.341178	-0.114547	0.932994	-0.315867	0.920862	0.228564	-0.885339	-0.372683	0.277996
23295	8.309011	0.571805	-1.899328	-3.033310	0.533770	-0.120724	0.346254	-0.113730	0.931222	-0.288530	0.931602	0.221060	-0.892669	-0.345229	0.289756
23296	7.944542	-0.093946	-2.205441	-2.913992	0.466075	-0.068256	0.350572	-0.112798	0.929718	-0.262231	0.941189	0.213070	-0.899074	-0.318497	0.300375
23297	7.593233	-0.459447	-2.308229	-2.658849	0.419590	-0.019654	0.354370	-0.111679	0.928412	-0.238235	0.949299	0.205125	-0.904249	-0.293871	0.309797
23298	7.335640	-0.747586	-2.350969	-2.295687	0.394069	0.019222	0.357853	-0.110354	0.927234	-0.217546	0.955815	0.197714	-0.908083	-0.272469	0.318035
23299	7.043678	-0.990868	-2.041093	-1.918674	0.355582	0.058315	0.360929	-0.108835	0.926221	-0.200355	0.960927	0.190987	-0.910817	-0.254506	0.325021
23300	7.003898	-1.195034	-1.245145	-1.524210	0.331649	0.074096	0.363766	-0.107273	0.925293	-0.186774	0.964773	0.185277	-0.912573	-0.240218	0.330916
23301	7.192525	-1.213973	-0.606392	-1.121914	0.315295	0.107145	0.366411	-0.105472	0.924456	-0.176971	0.967518	0.180528	-0.913468	-0.229750	0.335844
23302	7.385554	-0.949697	-0.548185	-0.711081	0.293356	0.105200	0.368866	-0.103759	0.923673	-0.170909	0.969234	0.177129	-0.913634	-0.223201	0.339784
23303	7.412434	-0.791093	-0.165683	-0.349060	0.286032	0.059685	0.371337	-0.102519	0.922821	-0.167990	0.970065	0.175366	-0.913175	-0.220145	0.342998
23304	7.667462	-0.652572	0.464106	-0.064182	0.247722	0.014964	0.373531	-0.101799	0.922015	-0.167507	0.970218	0.174983	-0.912368	-0.219806	0.345354
23305	7.966139	-0.420191	1.109068	0.151146	0.202622	-0.003038	0.375341	-0.101354	0.921329	-0.168923	0.969876	0.175513	-0.911364	-0.221511	0.346913
23306	8.098044	0.006704	1.928371	0.226956	0.192520	0.001266	0.377050	-0.100884	0.920682	-0.171042	0.969368	0.176266	-0.910262	-0.223937	0.348245
23307	8.090320	0.024728	2.462753	0.205756	0.163611	0.009793	0.378478	-0.100393	0.920150	-0.173000	0.968910	0.176871	-0.909299	-0.226128	0.349343
23308	8.182557	0.079032	2.934866	0.170662	0.103529	0.054742	0.379282	-0.099598	0.919905	-0.174806	0.968574	0.176941	-0.908619	-0.227915	0.349952
23309	8.467631	0.561445	3.272779	0.138207	0.073746	0.119554	0.379697	-0.098243	0.919880	-0.176563	0.968371	0.176301	-0.908105	-0.229358	0.350342
23310	9.130406	1.806278	5.664702	0.099670	0.200723	0.134569	0.381239	-0.096449	0.919432	-0.178027	0.968269	0.175390	-0.907173	-0.230549	0.351971
23311	10.058602	2.952894	8.599274	-0.131042	0.480183	0.078423	0.385407	-0.094555	0.917889	-0.177188	0.968641	0.174182	-0.905575	-0.229769	0.356567
23312	10.346561	4.066338	9.984990	-0.337160	0.612859	-0.092545	0.391073	-0.094022	0.915545	-0.173826	0.969320	0.173794	-0.903796	-0.227111	0.362731
23313	9.711780	4.203074	8.556386	-0.567772	0.330086	-0.244487	0.394433	-0.095623	0.913936	-0.167783	0.970358	0.173938	-0.903478	-0.221949	0.366697
23314	9.975232	3.478733	5.481431	-0.945552	-0.114436	-0.265684	0.393790	-0.098423	0.913916	-0.158231	0.972151	0.172873	-0.905479	-0.212685	0.367250
23315	9.897537	0.817243	3.911880	-1.113853	-0.230379	-0.251188	0.392047	-0.101315	0.914349	-0.147192	0.974204	0.171059	-0.908093	-0.201648	0.367021
23316	8.721487	-2.199956	4.136467	-0.699554	0.005467	-0.253966	0.392421	-0.103749	0.913916	-0.139887	0.975327	0.170786	-0.909086	-0.194865	0.368225
23317	7.723574	-3.701526	5.784074	-0.001431	0.238900	-0.272595	0.394934	-0.105910	0.912584	-0.138849	0.975042	0.173247	-0.908156	-0.195133	0.370372
23318	7.767281	-3.445594	7.323159	0.685326	0.356409	-0.256626	0.398489	-0.107671	0.910831	-0.144094	0.973403	0.178109	-0.905783	-0.202220	0.372376
23319	7.142047	-0.719626	7.890042	0.872674	0.369224	-0.224190	0.402124	-0.109054	0.909068	-0.151135	0.971355	0.183381	-0.903025	-0.211133	0.374123
23320	6.058959	1.026931	6.930040	0.618096	0.167618	-0.195645	0.403896	-0.110564	0.908099	-0.155971	0.969812	0.187449	-0.901411	-0.217347	0.374458
23321	5.700048	0.824123	5.009324	0.486567	-0.141187	-0.145013	0.402818	-0.112245	0.908371	-0.159816	0.968580	0.190556	-0.901219	-0.221932	0.372223
23322	5.490377	-0.343863	3.510800	0.531564	-0.355618	-0.091969	0.399720	-0.113904	0.909533	-0.164287	0.967280	0.193336	-0.901795	-0.226705	0.367929
23323	4.931136	-0.799054	1.676461	0.586592	-0.546888	-0.147559	0.394998	-0.116549	0.911259	-0.169037	0.965764	0.196791	-0.902996	-0.231769	0.361774
23324	4.525660	-1.458903	-0.798176	0.520318	-0.782202	-0.351436	0.388485	-0.121740	0.913378	-0.172412	0.964125	0.201835	-0.905181	-0.235888	0.353559
23325	6.578009	-2.275287	-2.722544	1.242642	-1.224878	-0.338828	0.377949	-0.127919	0.916947	-0.182420	0.960704	0.209214	-0.907677	-0.246342	0.339762
23326	10.186783	0.461015	-0.964839	2.355904	-1.431983	-0.094322	0.365084	-0.132471	0.921502	-0.203511	0.954529	0.217846	-0.908459	-0.267068	0.321524
23327	13.424008	4.301818	3.892767	2.440246	-1.098720	0.149505	0.354748	-0.134068	0.925300	-0.226245	0.947944	0.224089	-0.907175	-0.288839	0.305949
23328	17.088755	6.256905	7.380324	1.927451	-0.604691	0.355197	0.348388	-0.132484	0.927941	-0.245003	0.942676	0.226572	-0.904765	-0.306283	0.295958
23329	19.718354	7.065137	8.424128	1.348208	-0.337149	0.511732	0.344012	-0.128690	0.930105	-0.258999	0.939129	0.225733	-0.902538	-0.318551	0.289741
23330	17.953573	6.385961	7.983482	0.361914	-0.194702	0.379967	0.341217	-0.125722	0.931539	-0.263612	0.938448	0.223214	-0.902264	-0.321729	0.287072
23331	13.402399	3.979757	6.218557	-0.751209	-0.090874	0.004703	0.340345	-0.125936	0.931829	-0.256883	0.940840	0.220979	-0.904531	-0.314580	0.287859
23332	9.607853	1.224807	1.998419	-0.923482	-0.119958	-0.310077	0.339995	-0.129204	0.931509	-0.247508	0.943303	0.221179	-0.907272	-0.305755	0.288740
23333	7.141514	-0.020545	-2.478667	0.008413	-0.068143	-0.436322	0.340416	-0.133495	0.930750	-0.246141	0.942701	0.225234	-0.907486	-0.305769	0.288052
23334	4.775907	-0.287038	-4.283759	0.969229	0.000312	-0.495561	0.341612	-0.138132	0.929635	-0.253281	0.939014	0.232598	-0.905069	-0.314917	0.285792
23335	3.778524	0.856536	-1.999566	1.261969	-0.283820	-0.496813	0.340286	-0.143665	0.929282	-0.263036	0.934264	0.240754	-0.902783	-0.326359	0.280129
23336	5.578115	2.824329	-0.003116	1.135253	-0.742672	-0.406948	0.334627	-0.149893	0.930353	-0.271954	0.929902	0.247636	-0.902256	-0.335879	0.270406
23337	8.447511	3.938657	-0.713426	1.261517	-0.937720	-0.293161	0.326936	-0.155781	0.932118	-0.282405	0.925148	0.253669	-0.901865	-0.346169	0.258471
23338	10.566885	3.726488	-1.432238	1.482109	-0.938352	-0.179474	0.318952	-0.160720	0.934044	-0.295228	0.919637	0.259053	-0.900616	-0.358382	0.245871
23339	11.657567	2.980006	-1.261366	1.547886	-0.791608	-0.104596	0.312099	-0.164541	0.935692	-0.308865	0.913815	0.263715	-0.898441	-0.371308	0.234380
23340	11.462129	2.553268	-0.779942	1.564494	-0.605342	-0.074934	0.306860	-0.167490	0.936901	-0.322709	0.907770	0.267978	-0.895375	-0.384578	0.224508
23341	10.321265	2.855630	-0.832894	1.511464	-0.480986	-0.072968	0.302751	-0.170007	0.937784	-0.336036	0.901731	0.271956	-0.891864	-0.397465	0.215872
23342	9.107030	3.191821	-1.297201	1.443758	-0.491864	-0.087306	0.298624	-0.172757	0.938605	-0.348669	0.895748	0.275800	-0.888399	-0.409623	0.207257
23343	8.510638	3.196212	-1.572981	1.399644	-0.600456	-0.053940	0.293437	-0.175711	0.939692	-0.360964	0.889834	0.279107	-0.885211	-0.421096	0.197685
23344	8.580317	3.270880	-1.364862	1.354806	-0.725824	0.031346	0.286859	-0.178510	0.941194	-0.373072	0.884103	0.281388	-0.882343	-0.431852	0.187016
23345	9.038879	3.504414	-0.694748	1.197452	-0.792369	0.134480	0.279311	-0.180764	0.943032	-0.384048	0.879111	0.282260	-0.880052	-0.441008	0.176124
23346	9.391772	3.961680	-0.238191	1.008500	-0.800886	0.214745	0.271386	-0.182425	0.945024	-0.393548	0.875007	0.281925	-0.878333	-0.448423	0.165672
23347	9.576517	3.964167	-0.283390	0.870068	-0.791673	0.224358	0.263488	-0.184023	0.946947	-0.401828	0.871481	0.281166	-0.876988	-0.454594	0.155679
