// General information: 
//  MT Manager version: 2022.2.0 
//  XDA version: 2022.2.0 build 7381 rev 124627 built on 2023-07-19
// Device information: 
//  DeviceId: 00B4CAF0
//  ProductCode: MTW2-3A7G6
//  Firmware Version: 4.6.0
//  Hardware Version: 2.0.0
// Device settings: 
//  Filter Profile: human(46.1)
//  Option Flags: Orientation Smoother Disabled, Position/Velocity Smoother Disabled, Continuous Zero Rotation Update Disabled, AHS Disabled, ICC Disabled
// Coordinate system: ENU
PacketCounter	Acc_X	Acc_Y	Acc_Z	Gyr_X	Gyr_Y	Gyr_Z	Mat[1][1]	Mat[2][1]	Mat[3][1]	Mat[1][2]	Mat[2][2]	Mat[3][2]	Mat[1][3]	Mat[2][3]	Mat[3][3]
15652	4.771555	-1.343536	9.158061	0.033441	0.085644	0.004661	-0.600598	0.646495	0.470454	-0.775658	-0.613882	-0.146639	0.194002	-0.452982	0.870155
15653	4.756916	-1.410808	9.103329	0.020322	0.070394	0.005103	-0.600778	0.646766	0.469850	-0.775586	-0.614004	-0.146510	0.193732	-0.452430	0.870503
15654	4.773249	-1.306966	9.124562	0.015165	0.057928	0.006734	-0.600923	0.646993	0.469353	-0.775539	-0.614079	-0.146445	0.193471	-0.452004	0.870782
15655	4.721502	-1.372330	9.129705	0.001527	0.042718	0.005642	-0.601053	0.647135	0.468990	-0.775500	-0.614119	-0.146483	0.193222	-0.451746	0.870971
15656	4.750613	-1.323030	9.139372	-0.004646	0.023109	0.006589	-0.601129	0.647204	0.468796	-0.775492	-0.614103	-0.146590	0.193016	-0.451667	0.871058
15657	4.783823	-1.379529	9.049504	-0.006598	0.010281	0.007110	-0.601209	0.647190	0.468713	-0.775460	-0.614117	-0.146705	0.192899	-0.451669	0.871083
15658	4.807884	-1.400476	8.999079	-0.011257	0.005006	0.007899	-0.601260	0.647170	0.468675	-0.775457	-0.614080	-0.146876	0.192750	-0.451748	0.871075
15659	4.861976	-1.389284	8.927020	-0.008054	0.004634	0.006781	-0.601327	0.647133	0.468642	-0.775429	-0.614085	-0.147002	0.192656	-0.451794	0.871071
15660	4.873538	-1.391852	8.886941	-0.008332	0.012695	0.009752	-0.601407	0.647136	0.468534	-0.775409	-0.614073	-0.147156	0.192484	-0.451806	0.871103
15661	4.844628	-1.407530	8.938760	-0.004110	0.019473	0.009325	-0.601522	0.647150	0.468367	-0.775358	-0.614113	-0.147260	0.192331	-0.451732	0.871175
15662	4.825155	-1.441841	8.920902	-0.001271	0.025685	0.009276	-0.601623	0.647215	0.468147	-0.775328	-0.614129	-0.147350	0.192136	-0.451617	0.871279
15663	4.822677	-1.442033	8.922210	0.006603	0.026981	0.008565	-0.601746	0.647268	0.467916	-0.775261	-0.614212	-0.147356	0.192021	-0.451428	0.871401
15664	4.725709	-1.416548	8.996939	0.011274	0.028650	0.008972	-0.601851	0.647348	0.467671	-0.775208	-0.614284	-0.147336	0.191905	-0.451216	0.871537
15665	4.738493	-1.416575	9.017516	0.013299	0.014572	0.004556	-0.601919	0.647369	0.467554	-0.775152	-0.614371	-0.147265	0.191917	-0.451067	0.871611
15666	4.734890	-1.433117	8.988656	0.011746	0.011053	0.001129	-0.601930	0.647418	0.467473	-0.775146	-0.614394	-0.147204	0.191910	-0.450966	0.871665
15667	4.691960	-1.445879	9.020903	0.011588	0.004498	-0.001478	-0.601932	0.647430	0.467453	-0.775130	-0.614434	-0.147120	0.191969	-0.450893	0.871690
15668	4.654800	-1.423321	9.111965	0.014657	-0.009636	-0.002808	-0.601872	0.647410	0.467558	-0.775141	-0.614445	-0.147015	0.192110	-0.450908	0.871651
15669	4.763264	-1.448287	8.997820	0.016683	-0.023715	-0.007219	-0.601775	0.647330	0.467792	-0.775150	-0.614471	-0.146860	0.192378	-0.450986	0.871552
15670	4.792786	-1.465637	9.006026	0.014256	-0.024226	-0.009924	-0.601632	0.647288	0.468035	-0.775205	-0.614434	-0.146725	0.192604	-0.451098	0.871444
15671	4.745604	-1.390412	9.046028	0.015128	-0.027237	-0.010647	-0.601502	0.647214	0.468305	-0.775237	-0.614431	-0.146567	0.192881	-0.451208	0.871326
15672	4.820790	-1.359509	9.021445	0.013611	-0.041568	-0.010483	-0.601321	0.647096	0.468700	-0.775297	-0.614387	-0.146435	0.193205	-0.451436	0.871136
15673	4.918805	-1.382941	8.946395	0.014641	-0.038024	-0.008603	-0.601186	0.646961	0.469060	-0.775317	-0.614396	-0.146291	0.193544	-0.451619	0.870966
15674	4.919603	-1.398752	8.915261	0.017141	-0.032435	-0.005200	-0.601063	0.646852	0.469367	-0.775338	-0.614402	-0.146153	0.193841	-0.451766	0.870823
15675	4.909578	-1.378328	8.924533	0.020290	-0.018396	-0.011110	-0.600946	0.646820	0.469560	-0.775362	-0.614420	-0.145949	0.194105	-0.451787	0.870754
15676	4.886268	-1.373275	9.004798	0.017870	-0.013617	-0.002747	-0.600879	0.646782	0.469700	-0.775367	-0.614446	-0.145815	0.194295	-0.451808	0.870701
15677	4.857646	-1.387284	8.995825	0.008164	-0.010372	-0.002487	-0.600844	0.646733	0.469811	-0.775363	-0.614465	-0.145757	0.194416	-0.451851	0.870651
15678	4.819058	-1.382494	9.056832	0.009896	-0.012790	-0.005129	-0.600760	0.646713	0.469947	-0.775398	-0.614439	-0.145682	0.194539	-0.451916	0.870590
15679	4.778533	-1.378565	9.057810	0.005252	-0.021668	-0.003135	-0.600699	0.646617	0.470157	-0.775403	-0.614440	-0.145645	0.194707	-0.452050	0.870483
15680	4.810609	-1.329288	9.004874	-0.001734	-0.029580	-0.001939	-0.600606	0.646501	0.470434	-0.775441	-0.614383	-0.145687	0.194840	-0.452295	0.870326
15681	4.828690	-1.347488	9.052567	-0.012432	-0.040698	0.000034	-0.600533	0.646300	0.470805	-0.775462	-0.614325	-0.145819	0.194985	-0.452661	0.870103
15682	4.793067	-1.328246	9.081571	-0.018561	-0.048021	-0.000693	-0.600414	0.646092	0.471241	-0.775526	-0.614199	-0.146013	0.195098	-0.453127	0.869835
15683	4.740795	-1.343772	9.091296	-0.034716	-0.056326	0.003504	-0.600337	0.645798	0.471742	-0.775569	-0.614063	-0.146355	0.195164	-0.453731	0.869505
15684	4.719683	-1.361852	9.138869	-0.041176	-0.076780	-0.002448	-0.600148	0.645470	0.472431	-0.775687	-0.613823	-0.146736	0.195275	-0.454522	0.869067
15685	4.757472	-1.350802	9.142568	-0.052361	-0.098709	0.001552	-0.599973	0.644994	0.473302	-0.775776	-0.613593	-0.147222	0.195458	-0.455506	0.868510
15686	4.728081	-1.352528	9.198170	-0.066182	-0.120512	-0.002161	-0.599701	0.644463	0.474369	-0.775942	-0.613240	-0.147822	0.195636	-0.456732	0.867826
15687	4.770598	-1.360982	9.229221	-0.081586	-0.152872	0.003422	-0.599434	0.643725	0.475706	-0.776077	-0.612888	-0.148569	0.195917	-0.458242	0.866966
15688	4.889536	-1.464030	9.166036	-0.095648	-0.177477	0.006214	-0.599114	0.642878	0.477252	-0.776250	-0.612451	-0.149463	0.196207	-0.460012	0.865963
15689	4.834344	-1.519381	9.209772	-0.102054	-0.176999	-0.001960	-0.598758	0.642057	0.478803	-0.776458	-0.611968	-0.150360	0.196473	-0.461800	0.864951
15690	4.773572	-1.503771	9.292910	-0.085556	-0.202287	-0.011359	-0.598252	0.641196	0.480586	-0.776718	-0.611461	-0.151080	0.196988	-0.463663	0.863836
15691	4.720020	-1.574691	9.305591	-0.092914	-0.231044	-0.033916	-0.597538	0.640311	0.482648	-0.777100	-0.610811	-0.151741	0.197645	-0.465737	0.862569
15692	4.647663	-1.554864	9.307907	-0.050419	-0.271844	-0.059781	-0.596515	0.639413	0.485099	-0.777580	-0.610155	-0.151921	0.198845	-0.467826	0.861162
15693	4.671453	-1.450559	9.333391	-0.030047	-0.309666	-0.091574	-0.595191	0.638502	0.487918	-0.778181	-0.609429	-0.151757	0.200454	-0.470013	0.859596
15694	4.529932	-1.658751	9.479284	-0.005914	-0.362429	-0.118422	-0.593518	0.637520	0.491227	-0.778920	-0.608607	-0.151262	0.202531	-0.472403	0.857797
15695	4.529036	-1.815355	9.645339	0.111928	-0.446335	-0.177433	-0.591230	0.636469	0.495333	-0.779739	-0.608007	-0.149450	0.206045	-0.474590	0.855751
15696	4.384506	-1.826025	9.690544	0.258250	-0.544836	-0.254403	-0.588088	0.635429	0.500382	-0.780723	-0.607579	-0.146011	0.211242	-0.476527	0.853404
15697	4.289421	-1.994690	9.794248	0.382642	-0.675475	-0.348521	-0.583921	0.634303	0.506651	-0.781940	-0.607193	-0.141018	0.218187	-0.478514	0.850540
15698	4.408508	-1.996435	10.088702	0.545356	-0.833428	-0.459959	-0.578445	0.633104	0.514375	-0.783423	-0.606855	-0.134074	0.227268	-0.480527	0.847020
15699	5.069916	-2.890631	10.556791	0.455467	-0.968192	-0.557513	-0.571832	0.631798	0.523296	-0.785570	-0.605525	-0.127355	0.236406	-0.483911	0.842581
15700	5.257808	-4.013310	10.353239	0.438812	-1.022023	-0.668500	-0.564087	0.630879	0.532726	-0.788334	-0.603397	-0.120171	0.245632	-0.487753	0.837712
15701	5.145975	-2.606679	9.821566	0.752697	-1.207865	-0.839587	-0.554417	0.630015	0.543786	-0.791133	-0.601783	-0.109390	0.258324	-0.490855	0.832064
15702	5.934294	-2.201501	10.037017	0.372477	-1.332290	-0.908172	-0.543682	0.628886	0.555798	-0.795163	-0.597867	-0.101342	0.268561	-0.497048	0.825117
15703	5.969166	-5.937474	10.917824	-0.042154	-1.340862	-0.945339	-0.532495	0.627775	0.567757	-0.800367	-0.591709	-0.096399	0.275430	-0.505746	0.817533
15704	5.764793	-9.808604	10.489055	0.419042	-1.416031	-1.126743	-0.519452	0.627211	0.580324	-0.805143	-0.586732	-0.086551	0.286209	-0.512203	0.809773
15705	5.869175	-7.344198	10.380594	1.425580	-1.392462	-1.430096	-0.503793	0.628451	0.592656	-0.808259	-0.585038	-0.066695	0.304812	-0.512620	0.802689
15706	3.987021	-4.669080	8.958314	1.622474	-1.123306	-1.472209	-0.488325	0.631316	0.602477	-0.810492	-0.584022	-0.044949	0.323483	-0.510252	0.796870
15707	1.727022	-3.854872	9.628261	1.648851	-0.980751	-1.170293	-0.475565	0.633172	0.610681	-0.810670	-0.584979	-0.024782	0.341544	-0.506847	0.791489
15708	1.381481	-8.905288	8.307252	1.128253	-1.072125	-0.060957	-0.471311	0.628099	0.619158	-0.807053	-0.590274	-0.015541	0.355712	-0.507019	0.785112
15709	6.640345	-9.546827	11.304026	1.028228	-0.939352	1.107349	-0.476781	0.616743	0.626345	-0.798110	-0.602339	-0.014425	0.368376	-0.506770	0.779412
15710	1.683922	-10.764500	10.873871	0.769975	-0.154541	2.206034	-0.493641	0.602489	0.627157	-0.784573	-0.619636	-0.022280	0.375186	-0.503049	0.778574
15711	-0.233216	-10.972939	9.050933	0.922167	0.088987	2.945622	-0.516795	0.584375	0.625643	-0.766243	-0.641673	-0.033586	0.381831	-0.496752	0.779386
15712	-2.309462	-9.324859	8.392490	1.160533	0.163282	3.454161	-0.543479	0.562578	0.623006	-0.743483	-0.667162	-0.046126	0.389696	-0.488263	0.780856
15713	-1.821555	-6.222404	8.674082	1.320840	0.202197	3.798653	-0.571991	0.537725	0.619417	-0.717151	-0.694378	-0.059442	0.398147	-0.478216	0.782808
15714	-0.957669	-3.560954	9.578805	1.143181	0.334815	4.085384	-0.602033	0.510398	0.614044	-0.688612	-0.721167	-0.075703	0.404190	-0.468414	0.785633
15715	-0.009364	-2.059131	10.492807	0.845339	0.561894	4.281527	-0.633132	0.481629	0.605952	-0.658809	-0.746261	-0.095209	0.406343	-0.459486	0.789783
15716	0.986313	-1.512105	10.997946	0.640694	0.839717	4.350448	-0.664514	0.452484	0.594709	-0.628013	-0.769466	-0.116279	0.404994	-0.450754	0.795488
15717	1.883920	-0.832387	11.280462	0.590929	1.165015	4.284811	-0.695425	0.424296	0.579963	-0.596563	-0.790826	-0.136769	0.400619	-0.441097	0.803080
15718	2.875014	1.012245	11.003890	0.749588	1.511615	4.055537	-0.724968	0.398401	0.561869	-0.564813	-0.810741	-0.153899	0.394217	-0.428923	0.812784
15719	2.877753	2.503204	11.700195	0.515576	1.828903	3.650443	-0.752158	0.376298	0.540979	-0.535911	-0.827012	-0.169854	0.383480	-0.417674	0.823706
15720	3.734770	2.495138	11.749201	0.440125	2.001017	3.034735	-0.775574	0.359261	0.519054	-0.511104	-0.839959	-0.182321	0.370483	-0.406694	0.835070
15721	3.983964	3.314344	11.917226	0.379029	2.170820	2.251166	-0.794735	0.349001	0.496583	-0.492109	-0.849411	-0.190605	0.355282	-0.395853	0.846803
15722	4.374480	3.231947	11.926856	0.245557	2.259378	1.387276	-0.809299	0.346021	0.474662	-0.480166	-0.855164	-0.195282	0.338342	-0.385958	0.858231
15723	5.211385	3.188348	11.989401	0.111800	2.340283	0.500794	-0.819389	0.350696	0.453447	-0.475763	-0.857303	-0.196676	0.319768	-0.376888	0.869312
15724	6.080192	3.197058	11.963233	-0.084843	2.460154	-0.332097	-0.825402	0.362727	0.432598	-0.478791	-0.855775	-0.195983	0.299118	-0.368889	0.880028
15725	6.596691	2.676921	11.490350	-0.415452	2.568315	-1.024133	-0.827830	0.380887	0.411853	-0.488480	-0.850423	-0.195369	0.275835	-0.362914	0.890061
15726	6.908282	1.599729	10.750038	-0.755784	2.645127	-1.561780	-0.827026	0.403661	0.391261	-0.503423	-0.841540	-0.195897	0.250186	-0.358982	0.899188
15727	6.761405	-0.005230	9.689368	-1.064468	2.643491	-1.918134	-0.823448	0.429168	0.371146	-0.521787	-0.829724	-0.198232	0.222874	-0.356893	0.907168
15728	6.454152	-1.569799	8.751181	-1.260488	2.525564	-2.085057	-0.817629	0.455343	0.352343	-0.541562	-0.815980	-0.202206	0.195432	-0.356146	0.913765
15729	1.549993	-9.966462	7.012126	-1.416374	1.973629	-1.949316	-0.810514	0.478173	0.338256	-0.560041	-0.801804	-0.208481	0.171525	-0.358414	0.917670
15730	9.136831	-2.839571	2.746849	1.065661	0.153784	-2.805171	-0.794765	0.501082	0.342440	-0.580730	-0.791810	-0.189180	0.176352	-0.349219	0.920297
15731	10.013900	-2.556761	6.185828	-0.249396	0.949590	-1.890467	-0.785267	0.519273	0.337211	-0.596115	-0.781273	-0.185095	0.167338	-0.346366	0.923054
15732	12.860232	-0.156779	7.928489	0.399704	0.409131	-1.705086	-0.775662	0.533947	0.336524	-0.608781	-0.773638	-0.175699	0.166534	-0.341152	0.925139
15733	9.505544	-1.094187	7.276356	-0.308695	0.633360	-1.004954	-0.770528	0.543863	0.332414	-0.617074	-0.767145	-0.175238	0.159704	-0.340150	0.926711
15734	9.367406	-2.273914	5.856221	-0.341925	0.357047	-0.479760	-0.768103	0.548761	0.329968	-0.621328	-0.763330	-0.176860	0.154820	-0.340865	0.927277
15735	8.457082	-3.369636	5.642187	-0.299961	0.126313	0.012940	-0.768367	0.549111	0.328769	-0.621710	-0.762348	-0.179727	0.151947	-0.342495	0.927151
15736	8.145193	-2.997332	5.718601	-0.053587	-0.067371	0.424019	-0.770879	0.545653	0.328646	-0.618553	-0.764456	-0.181659	0.152113	-0.343322	0.926818
15737	7.761884	-2.240534	6.133563	0.116649	-0.227906	0.800667	-0.775442	0.538751	0.329297	-0.612211	-0.769165	-0.183256	0.154554	-0.343704	0.926272
15738	7.521283	-1.761905	6.347579	0.266215	-0.395339	1.112101	-0.781565	0.528811	0.330931	-0.603160	-0.775987	-0.184504	0.159231	-0.343806	0.925442
15739	7.330235	-1.337168	6.499100	0.435418	-0.499587	1.327200	-0.788669	0.516762	0.333104	-0.592063	-0.784388	-0.184927	0.165720	-0.343065	0.924578
15740	7.165787	-0.767889	6.570609	0.636452	-0.626933	1.453626	-0.796103	0.503156	0.336235	-0.579487	-0.793950	-0.183951	0.174398	-0.341288	0.923638
15741	6.974366	0.154537	6.535160	0.782033	-0.720057	1.500081	-0.803387	0.488743	0.340146	-0.566118	-0.804016	-0.181849	0.184605	-0.338657	0.922622
15742	7.276810	1.095993	6.836497	0.821444	-0.823767	1.476968	-0.810068	0.474028	0.345091	-0.552667	-0.813869	-0.179376	0.195830	-0.336028	0.921269
15743	7.772646	1.900767	6.708940	0.826902	-0.889081	1.383433	-0.815818	0.459745	0.350822	-0.539782	-0.823068	-0.176620	0.207550	-0.333457	0.919635
15744	8.071707	2.331426	6.497336	0.772356	-0.929810	1.231931	-0.820396	0.446477	0.357223	-0.528083	-0.831190	-0.173926	0.219266	-0.331332	0.917683
15745	8.017502	2.454704	5.758337	0.752146	-0.964642	1.006241	-0.823477	0.434901	0.364344	-0.518142	-0.838087	-0.170701	0.231114	-0.329350	0.915486
15746	7.865607	2.452548	5.285791	0.690900	-1.051379	0.749584	-0.824823	0.425154	0.372707	-0.510355	-0.843556	-0.167187	0.243319	-0.328113	0.912764
15747	7.868753	2.174208	4.868897	0.632609	-1.162219	0.483539	-0.824368	0.417255	0.382513	-0.504805	-0.847650	-0.163284	0.256106	-0.327701	0.909407
15748	7.898123	1.642139	4.417403	0.635295	-1.250100	0.202585	-0.822086	0.411452	0.393550	-0.501498	-0.850545	-0.158344	0.269581	-0.327537	0.905564
15749	5.368049	-1.204944	8.939386	0.688891	-1.066514	-0.012143	-0.819079	0.408063	0.403230	-0.499709	-0.852735	-0.152100	0.281782	-0.326080	0.902370
15750	9.684578	-8.344875	14.120093	0.785306	-0.857991	-0.166670	-0.815767	0.406715	0.411227	-0.498848	-0.854578	-0.144382	0.292703	-0.322922	0.900026
15751	11.879926	4.548823	15.668059	3.562402	-0.277569	-1.531327	-0.807264	0.418982	0.415668	-0.500508	-0.859223	-0.105958	0.312756	-0.293582	0.903323
15752	7.264850	14.773445	11.743781	0.301584	0.476973	-0.041059	-0.808529	0.420738	0.411413	-0.499934	-0.859905	-0.103099	0.310398	-0.289038	0.905599
15753	2.057307	-1.424403	9.267670	-1.179911	-0.171605	0.326326	-0.809634	0.417406	0.412632	-0.500921	-0.857800	-0.115143	0.305894	-0.299919	0.903591
15754	4.116857	-7.901238	10.613455	-0.344125	-0.615815	0.293924	-0.809195	0.413034	0.417859	-0.499633	-0.857954	-0.119506	0.309144	-0.305480	0.900618
15755	3.157631	-3.306515	7.962256	0.720202	-0.498326	-0.257271	-0.806348	0.413714	0.422663	-0.499457	-0.859072	-0.111970	0.316775	-0.301389	0.899343
15756	5.150532	2.890083	11.418480	0.485271	-0.796090	-0.247828	-0.802537	0.413461	0.430099	-0.499926	-0.859484	-0.106594	0.325590	-0.300563	0.896467
15757	6.189689	-0.030088	9.933135	-0.286301	-0.623390	-0.007485	-0.800456	0.411618	0.435707	-0.500921	-0.858583	-0.109150	0.329162	-0.305624	0.893446
15758	6.934778	0.931677	11.132647	0.167083	-0.509661	-0.014551	-0.798677	0.410197	0.440287	-0.500518	-0.859010	-0.107632	0.334061	-0.306335	0.891382
15759	4.360506	0.380954	8.110889	-0.267115	-0.243188	0.132556	-0.798526	0.408288	0.442331	-0.500347	-0.858729	-0.110621	0.334677	-0.309652	0.890004
15760	4.907145	-2.111632	9.694473	-0.474536	-0.304233	0.156655	-0.798276	0.406007	0.444875	-0.500719	-0.857860	-0.115571	0.334718	-0.315015	0.888105
15761	4.531601	-0.629853	9.212091	0.038381	-0.299413	0.090468	-0.797722	0.404264	0.447449	-0.499862	-0.858348	-0.115658	0.337311	-0.315926	0.886799
15762	4.834282	-1.406875	8.981780	-0.353196	-0.287440	0.132729	-0.797399	0.402224	0.449856	-0.500030	-0.857735	-0.119420	0.337824	-0.320167	0.885081
15763	4.795771	-1.375651	9.266337	-0.118874	-0.256520	0.086143	-0.796959	0.400640	0.452044	-0.499740	-0.857699	-0.120883	0.339287	-0.322243	0.883767
15764	5.061320	-1.396152	9.185685	-0.205858	-0.267251	0.099678	-0.796533	0.398933	0.454299	-0.499680	-0.857406	-0.123189	0.340374	-0.325128	0.882291
15765	5.031851	-1.411924	9.023643	-0.132191	-0.165243	0.081210	-0.796374	0.397676	0.455677	-0.499478	-0.857298	-0.124747	0.341042	-0.326947	0.881360
15766	4.972981	-1.629400	8.926666	-0.154975	-0.143199	0.068134	-0.796210	0.396636	0.456870	-0.499499	-0.857035	-0.126460	0.341395	-0.328895	0.880499
15767	4.731491	-1.173248	9.256647	-0.061212	-0.094375	0.059023	-0.796180	0.395798	0.457648	-0.499234	-0.857066	-0.127292	0.341853	-0.329821	0.879974
15768	4.787510	-1.467365	9.185654	-0.121141	-0.118874	0.058981	-0.796051	0.394912	0.458635	-0.499214	-0.856873	-0.128664	0.342181	-0.331380	0.879261
15769	4.738156	-1.227099	9.250891	-0.068957	-0.121271	0.052379	-0.795895	0.394040	0.459656	-0.499029	-0.856850	-0.129534	0.342814	-0.332477	0.878600
15770	4.810665	-1.412581	9.177144	-0.108469	-0.131421	0.056653	-0.795711	0.393130	0.460753	-0.498985	-0.856686	-0.130783	0.343306	-0.333974	0.877840
15771	4.820524	-1.678281	9.144478	-0.104407	-0.125631	0.037795	-0.795465	0.392365	0.461828	-0.499039	-0.856483	-0.131897	0.343797	-0.335390	0.877108
15772	4.769923	-1.359277	9.125845	-0.056214	-0.101380	0.036827	-0.795284	0.391722	0.462685	-0.498974	-0.856413	-0.132596	0.344309	-0.336319	0.876550
15773	4.789886	-1.523735	9.126216	-0.097182	-0.112432	0.031722	-0.795052	0.391051	0.463651	-0.499053	-0.856208	-0.133618	0.344730	-0.337619	0.875885
15774	4.784428	-1.487433	9.042068	-0.076694	-0.095152	0.023154	-0.794823	0.390544	0.464470	-0.499168	-0.856013	-0.134433	0.345091	-0.338699	0.875326
15775	4.753060	-1.522662	9.096879	-0.080776	-0.094016	0.021385	-0.794602	0.390022	0.465286	-0.499274	-0.855821	-0.135262	0.345446	-0.339785	0.874765
15776	4.779222	-1.455850	9.116399	-0.077307	-0.099350	0.014699	-0.794316	0.389571	0.466152	-0.499460	-0.855589	-0.136042	0.345836	-0.340885	0.874182
15777	4.825579	-1.402847	9.023813	-0.069480	-0.107923	0.014367	-0.794010	0.389059	0.467098	-0.499584	-0.855405	-0.136740	0.346358	-0.341927	0.873568
15778	4.813265	-1.427866	9.064781	-0.055649	-0.092079	0.009591	-0.793723	0.388675	0.467906	-0.499735	-0.855226	-0.137306	0.346798	-0.342812	0.873047
15779	4.804005	-1.397699	9.014618	-0.051158	-0.097541	0.005808	-0.793410	0.388271	0.468771	-0.499864	-0.855071	-0.137803	0.347328	-0.343657	0.872504
15780	4.867169	-1.377597	8.967540	-0.052614	-0.093147	0.008410	-0.793112	0.387891	0.469589	-0.500016	-0.854896	-0.138337	0.347790	-0.344519	0.871980
15781	4.867570	-1.436622	8.962613	-0.051141	-0.089283	0.005014	-0.792822	0.387521	0.470383	-0.500152	-0.854737	-0.138830	0.348254	-0.345330	0.871474
15782	4.890596	-1.399311	8.918096	-0.042526	-0.074611	0.003571	-0.792564	0.387245	0.471045	-0.500307	-0.854577	-0.139252	0.348619	-0.346033	0.871049
15783	4.912551	-1.471969	8.893396	-0.047494	-0.065508	0.002982	-0.792347	0.386974	0.471634	-0.500447	-0.854421	-0.139703	0.348912	-0.346721	0.870658
15784	4.889377	-1.438685	8.917445	-0.038908	-0.059127	0.002309	-0.792136	0.386761	0.472162	-0.500599	-0.854269	-0.140088	0.349173	-0.347333	0.870309
15785	4.873833	-1.483398	8.862850	-0.034059	-0.050056	0.001586	-0.791965	0.386555	0.472618	-0.500704	-0.854154	-0.140415	0.349410	-0.347845	0.870009
15786	4.857316	-1.505151	8.906711	-0.028328	-0.048931	-0.000297	-0.791776	0.386400	0.473061	-0.500841	-0.854028	-0.140695	0.349642	-0.348327	0.869723
15787	4.918191	-1.449044	8.927555	-0.022340	-0.042179	-0.008240	-0.791583	0.386304	0.473461	-0.500983	-0.853915	-0.140874	0.349876	-0.348709	0.869476
15788	4.895703	-1.447029	8.978952	-0.024872	-0.036534	-0.003460	-0.791421	0.386219	0.473801	-0.501132	-0.853789	-0.141109	0.350027	-0.349113	0.869253
15789	4.847177	-1.463977	8.986033	-0.031606	-0.033918	-0.007397	-0.791261	0.386145	0.474129	-0.501300	-0.853646	-0.141372	0.350148	-0.349543	0.869032
15790	4.873881	-1.480870	8.962887	-0.033730	-0.037240	-0.010302	-0.791063	0.386115	0.474484	-0.501535	-0.853462	-0.141651	0.350260	-0.350025	0.868792
15791	4.825816	-1.498683	8.969606	-0.049578	-0.040953	-0.015019	-0.790840	0.386081	0.474883	-0.501827	-0.853227	-0.142033	0.350347	-0.350635	0.868512
15792	4.736194	-1.357115	9.188325	-0.064378	-0.049514	-0.018987	-0.790555	0.386082	0.475357	-0.502237	-0.852901	-0.142537	0.350402	-0.351426	0.868170
15793	4.786953	-1.426105	9.076388	-0.123313	-0.084769	-0.025188	-0.790126	0.385980	0.476151	-0.502868	-0.852367	-0.143511	0.350463	-0.352833	0.867574
15794	4.769881	-1.389774	9.065229	-0.158137	-0.103154	-0.029800	-0.789599	0.385881	0.477105	-0.503692	-0.851665	-0.144775	0.350468	-0.354629	0.866839
15795	4.746754	-1.388357	9.151116	-0.186896	-0.118917	-0.034625	-0.789003	0.385735	0.478208	-0.504620	-0.850864	-0.146252	0.350476	-0.356707	0.865983
15796	4.761804	-1.415486	9.011026	-0.195731	-0.150776	-0.013714	-0.788389	0.385324	0.479550	-0.505449	-0.850084	-0.147915	0.350663	-0.359003	0.864958
15797	4.784678	-1.422097	9.059058	-0.173925	-0.177762	-0.006392	-0.787728	0.384720	0.481119	-0.506110	-0.849429	-0.149410	0.351195	-0.361193	0.863830
15798	4.999669	-1.652291	8.789955	-0.203801	-0.182996	-0.004705	-0.787045	0.384109	0.482722	-0.506898	-0.848645	-0.151182	0.351590	-0.363678	0.862626
15799	4.861233	-1.561092	8.985843	-0.182918	-0.172923	-0.006071	-0.786401	0.383512	0.484244	-0.507589	-0.847951	-0.152752	0.352033	-0.365921	0.861495
15800	4.959345	-1.654006	8.862693	-0.194020	-0.180673	-0.012968	-0.785682	0.382971	0.485837	-0.508409	-0.847162	-0.154393	0.352454	-0.368308	0.860305
15801	4.934490	-1.665454	8.886061	-0.199592	-0.179924	-0.014251	-0.784970	0.382408	0.487428	-0.509225	-0.846365	-0.156062	0.352862	-0.370715	0.859103
15802	5.025047	-1.680951	8.842786	-0.191913	-0.171374	-0.020993	-0.784242	0.381961	0.488949	-0.510102	-0.845544	-0.157642	0.353215	-0.373043	0.857950
15803	4.896970	-1.525561	9.009357	-0.197103	-0.160773	-0.021223	-0.783560	0.381521	0.490383	-0.510966	-0.844721	-0.159250	0.353480	-0.375351	0.856834
15804	4.918771	-1.566070	8.989683	-0.224058	-0.201521	-0.023125	-0.782712	0.380969	0.492163	-0.511974	-0.843761	-0.161089	0.353898	-0.378061	0.855469
15805	4.986341	-1.536884	8.940787	-0.238996	-0.220245	-0.013499	-0.781858	0.380229	0.494089	-0.512927	-0.842798	-0.163087	0.354407	-0.380942	0.853978
15806	4.841102	-1.505295	9.044680	-0.267539	-0.242101	-0.010940	-0.780927	0.379407	0.496189	-0.513996	-0.841705	-0.165349	0.354911	-0.384165	0.852324
15807	4.814535	-1.481236	9.079014	-0.312982	-0.292244	-0.004168	-0.779862	0.378296	0.498706	-0.515141	-0.840477	-0.168014	0.355592	-0.387932	0.850331
15808	4.706017	-1.442481	9.222948	-0.373381	-0.366920	0.004845	-0.778564	0.376835	0.501831	-0.516468	-0.839010	-0.171242	0.356510	-0.392502	0.847846
15809	4.743819	-1.479864	9.197631	-0.425478	-0.457878	0.020166	-0.777027	0.374839	0.505692	-0.517831	-0.837400	-0.174966	0.357883	-0.397816	0.844785
15810	4.541896	-1.362892	9.381452	-0.475860	-0.531647	0.030268	-0.775260	0.372466	0.510138	-0.519338	-0.835577	-0.179164	0.359527	-0.403833	0.841225
15811	4.321724	-1.378201	9.736689	-0.552743	-0.688428	0.052036	-0.773042	0.369208	0.515840	-0.520929	-0.833513	-0.184088	0.361992	-0.411024	0.836672
15812	4.021239	-1.379949	9.816720	-0.639505	-0.866208	0.074032	-0.770262	0.365006	0.522941	-0.522719	-0.831100	-0.189838	0.365325	-0.419576	0.830960
15813	3.856228	-1.452407	9.909583	-0.712221	-1.069371	0.083010	-0.766761	0.359759	0.531650	-0.524698	-0.828374	-0.196187	0.369825	-0.429384	0.823929
15814	3.579913	-1.476768	9.999582	-0.702528	-1.241736	0.060551	-0.762434	0.353873	0.541727	-0.526889	-0.825507	-0.202303	0.375610	-0.439673	0.815846
15815	3.286960	-1.478420	10.548902	-0.691945	-1.363797	0.020751	-0.757370	0.347615	0.552770	-0.529352	-0.822498	-0.208048	0.382331	-0.450179	0.806946
15816	2.384307	-1.283262	10.789668	-0.935985	-1.734370	-0.059309	-0.750336	0.340185	0.566807	-0.533452	-0.817985	-0.215244	0.390416	-0.463870	0.795236
15817	2.422987	-1.778539	10.286065	-1.193436	-2.302012	-0.182539	-0.740241	0.330774	0.585348	-0.539534	-0.811730	-0.223604	0.401182	-0.481336	0.779339
15818	2.894230	-2.440317	10.055995	-1.124679	-2.804280	-0.339815	-0.726923	0.319775	0.607722	-0.546657	-0.805075	-0.230261	0.415630	-0.499598	0.760035
15819	2.351882	-3.010545	10.070408	-0.850140	-3.257819	-0.577855	-0.709890	0.307838	0.633476	-0.554421	-0.798939	-0.233053	0.434366	-0.516655	0.737831
15820	2.043935	-3.284823	10.393180	-0.606290	-4.024682	-0.730967	-0.687807	0.292530	0.664340	-0.562277	-0.793527	-0.232724	0.459093	-0.533612	0.710276
15821	3.720076	-4.277053	10.061146	-0.543482	-4.732753	-0.949523	-0.660004	0.274349	0.699376	-0.571252	-0.787882	-0.230026	0.487919	-0.551338	0.676728
15822	5.398094	-4.759543	9.232908	-0.048624	-5.222681	-1.107864	-0.627254	0.253896	0.736267	-0.578670	-0.784649	-0.222410	0.521242	-0.565563	0.639096
15823	7.874000	-3.131273	9.163539	0.294341	-5.568564	-1.148874	-0.590539	0.231088	0.773215	-0.584088	-0.783538	-0.211921	0.556871	-0.576773	0.597685
15824	10.778345	-2.014307	10.190827	0.053599	-5.780614	-1.043693	-0.551227	0.205560	0.808637	-0.589782	-0.781536	-0.203368	0.590174	-0.589022	0.552040
15825	15.188755	-4.022044	11.730841	-0.590119	-5.811542	-0.789645	-0.511424	0.177016	0.840899	-0.597552	-0.776496	-0.199965	0.617557	-0.604748	0.502895
15826	19.572712	-7.114804	12.958283	-0.487615	-5.076261	-0.738451	-0.475046	0.151728	0.866781	-0.604304	-0.772267	-0.196010	0.639647	-0.616913	0.458553
15827	15.842364	-7.067006	11.234295	0.425239	-4.137607	-0.820505	-0.443155	0.132493	0.886600	-0.605317	-0.773723	-0.186935	0.661215	-0.619514	0.423080
15828	12.890963	-5.299514	10.020763	0.724607	-3.889721	-0.904369	-0.411530	0.115427	0.904057	-0.604358	-0.777054	-0.175894	0.682198	-0.618760	0.389540
15829	8.906945	-5.049618	9.664612	1.059730	-3.643993	-0.949595	-0.380555	0.100373	0.919295	-0.600796	-0.782553	-0.163265	0.703010	-0.614440	0.358108
15830	5.469056	-3.942750	9.116532	1.244726	-3.607786	-0.948485	-0.349119	0.085779	0.933144	-0.595422	-0.789246	-0.150215	0.723595	-0.608057	0.326616
15831	2.369770	-3.241597	8.569816	1.364232	-3.692581	-0.987064	-0.316168	0.071315	0.946019	-0.588716	-0.796698	-0.136695	0.743943	-0.600155	0.293875
15832	2.491201	-3.581526	9.398101	1.322406	-3.990433	-1.048836	-0.279921	0.055925	0.958393	-0.581918	-0.803883	-0.123054	0.763554	-0.592152	0.257567
15833	-0.402301	-5.430304	10.026340	1.571344	-2.875192	-0.928151	-0.252365	0.046585	0.966510	-0.572285	-0.812608	-0.110262	0.780257	-0.580945	0.231734
15834	2.250956	-3.124155	18.749095	1.657790	-2.734159	-1.285063	-0.223497	0.041377	0.973826	-0.562321	-0.821542	-0.094148	0.796143	-0.568645	0.206879
15835	25.101195	-8.688752	15.367734	0.815438	-0.558142	-0.962602	-0.213652	0.046182	0.975818	-0.557943	-0.825710	-0.083082	0.801905	-0.562201	0.202181
15836	3.141615	2.005195	24.236488	2.284357	3.625676	-0.906996	-0.237798	0.073739	0.968512	-0.541666	-0.837739	-0.069212	0.806257	-0.541069	0.239155
15837	2.513525	-5.319736	12.614258	-0.229731	3.402830	-0.316910	-0.263367	0.094829	0.960024	-0.544339	-0.836207	-0.066732	0.796450	-0.540153	0.271848
15838	-4.755391	-5.625961	8.792683	0.900499	4.237280	-0.587943	-0.293764	0.122402	0.948009	-0.538882	-0.840348	-0.058484	0.789499	-0.528046	0.312824
15839	-5.945686	-2.918040	6.959560	0.273354	3.950657	-0.654170	-0.321246	0.148660	0.935255	-0.538801	-0.840863	-0.051414	0.778778	-0.520432	0.350222
15840	-4.049538	-3.912382	5.865794	-0.247978	3.766833	-0.637932	-0.346848	0.173558	0.921723	-0.542893	-0.838519	-0.046401	0.764829	-0.516491	0.385062
15841	-2.859369	-3.292402	5.849877	-0.461366	3.717833	-0.596271	-0.371763	0.197745	0.907022	-0.548586	-0.834998	-0.042808	0.748896	-0.513494	0.418902
15842	-2.277344	-3.214151	4.888588	-0.817171	3.722003	-0.446524	-0.396799	0.220569	0.891010	-0.556392	-0.829840	-0.042355	0.730054	-0.512558	0.452003
15843	-2.545313	-4.072446	5.078264	-1.282818	3.478461	-0.234063	-0.420537	0.240431	0.874838	-0.566641	-0.822664	-0.046294	0.708567	-0.515187	0.482198
15844	0.305726	-5.908816	6.776056	-1.538243	3.052673	0.001772	-0.441821	0.256231	0.859732	-0.577410	-0.814671	-0.053932	0.686580	-0.520246	0.507889
15845	4.028515	-7.267714	8.598561	-1.548091	2.978388	0.345770	-0.463975	0.269050	0.844002	-0.586369	-0.807436	-0.064953	0.664002	-0.525033	0.532393
15846	6.183775	-8.916757	9.315482	-1.284489	3.100177	0.753370	-0.488629	0.279301	0.826579	-0.591211	-0.802712	-0.078256	0.641647	-0.526921	0.557354
15847	7.292699	-9.178766	9.485538	-0.816019	3.330351	1.147943	-0.516450	0.287658	0.806556	-0.590671	-0.801614	-0.092320	0.619990	-0.524088	0.583904
15848	7.492774	-8.558035	9.291906	-0.393955	3.478634	1.514768	-0.546541	0.293618	0.784271	-0.585064	-0.803932	-0.106739	0.599161	-0.517186	0.611167
15849	7.450659	-7.563740	8.891205	-0.052288	3.496393	1.792452	-0.577564	0.297149	0.760344	-0.575390	-0.808886	-0.120952	0.579091	-0.507352	0.638159
15850	7.820320	-5.628536	8.807872	0.192713	3.422658	1.977674	-0.608291	0.298258	0.735544	-0.562607	-0.815709	-0.134509	0.559871	-0.495643	0.663990
15851	8.068292	-4.708930	9.319349	0.175279	3.348752	2.087360	-0.638323	0.297650	0.709893	-0.548733	-0.822710	-0.148458	0.539848	-0.484306	0.688485
15852	8.875703	-4.144319	10.049525	0.241195	3.322567	2.082008	-0.667175	0.296350	0.683414	-0.533905	-0.830018	-0.161297	0.519445	-0.472491	0.711989
15853	9.374690	-3.516004	10.559375	0.262938	3.396770	2.004416	-0.695016	0.295576	0.655429	-0.519019	-0.837101	-0.172863	0.497566	-0.460323	0.735208
15854	9.407719	-2.563551	10.822913	0.302381	3.510122	1.858632	-0.721568	0.295896	0.625928	-0.504423	-0.843941	-0.182540	0.474233	-0.447447	0.758217
15855	9.287789	-1.284617	10.888506	0.245121	3.595798	1.649571	-0.746389	0.297884	0.595121	-0.491286	-0.849848	-0.190777	0.448933	-0.434768	0.780664
15856	9.506350	-0.205948	10.783586	0.097228	3.662271	1.376858	-0.769006	0.301870	0.563475	-0.480468	-0.854366	-0.198013	0.421640	-0.423005	0.802052
15857	9.859641	0.535612	10.796950	-0.158808	3.716095	1.056156	-0.789162	0.308465	0.531105	-0.472981	-0.856860	-0.205135	0.391806	-0.413087	0.822099
15858	10.257543	0.620902	10.863188	-0.402691	3.768961	0.688595	-0.806556	0.317988	0.498348	-0.469037	-0.857342	-0.212060	0.359822	-0.404782	0.840642
15859	10.637787	0.619696	10.945354	-0.588272	3.813446	0.294784	-0.821015	0.330851	0.465266	-0.468740	-0.855879	-0.218527	0.325911	-0.397503	0.857773
15860	10.817832	0.930410	10.607076	-0.773315	3.843887	-0.099379	-0.832381	0.346871	0.432230	-0.471978	-0.852465	-0.224811	0.290480	-0.391131	0.873291
15861	10.952190	1.479740	10.414695	-0.979335	3.827179	-0.458108	-0.840613	0.365715	0.399528	-0.478547	-0.846974	-0.231577	0.253699	-0.385860	0.886989
15862	11.439758	2.079524	10.072980	-1.274210	3.764875	-0.717085	-0.845973	0.386240	0.367625	-0.487616	-0.839354	-0.240241	0.215777	-0.382497	0.898407
15863	12.044288	1.774476	9.033589	-1.556761	3.673696	-0.848777	-0.848995	0.407418	0.336480	-0.497922	-0.829994	-0.251363	0.176867	-0.380946	0.907523
15864	10.010791	-0.880121	8.562789	-1.705776	3.542595	-0.861096	-0.850231	0.428019	0.306442	-0.507952	-0.819875	-0.264177	0.138172	-0.380269	0.914497
15865	5.038176	-7.250986	0.878090	0.106329	1.545050	-1.386515	-0.845133	0.445221	0.295852	-0.519608	-0.814178	-0.259078	0.125529	-0.372683	0.919429
15866	22.457801	6.185591	0.547763	0.176939	0.791866	-1.817329	-0.836511	0.462891	0.293225	-0.534696	-0.806552	-0.252138	0.119789	-0.367702	0.922196
15867	16.077291	-4.333268	3.533039	-0.174610	1.158650	-0.457590	-0.835365	0.470865	0.283639	-0.538763	-0.803732	-0.252485	0.109083	-0.363731	0.925095
15868	20.160120	0.203879	0.726594	1.242999	0.657523	-0.917421	-0.831102	0.480599	0.279811	-0.545067	-0.803779	-0.238413	0.110325	-0.350662	0.929981
15869	16.001081	-0.312088	0.607773	0.855741	0.462779	-0.096140	-0.831069	0.483026	0.275700	-0.544966	-0.806230	-0.230230	0.111070	-0.341584	0.933265
15870	15.630769	-0.831484	-2.103606	1.091533	-0.139149	0.274718	-0.832389	0.480346	0.276399	-0.541453	-0.811210	-0.220833	0.118142	-0.333476	0.935327
15871	15.588474	0.121622	-0.546513	0.998886	-0.756313	0.762457	-0.835527	0.471679	0.281804	-0.533907	-0.818099	-0.213673	0.129759	-0.328987	0.935377
15872	15.112636	-0.521978	0.475083	1.011599	-1.158575	1.223814	-0.840387	0.457829	0.290075	-0.522288	-0.827074	-0.207759	0.144795	-0.326100	0.934180
15873	14.412721	0.317799	2.013372	1.097274	-1.488487	1.573636	-0.846174	0.439940	0.300737	-0.507383	-0.837656	-0.202223	0.162948	-0.323705	0.932021
15874	12.873996	0.847085	2.528146	1.231337	-1.720954	1.749245	-0.851905	0.419653	0.313287	-0.490423	-0.849117	-0.196176	0.183692	-0.320767	0.929175
15875	11.042580	2.067993	3.039936	1.388743	-1.895972	1.703561	-0.856392	0.399087	0.327602	-0.473216	-0.860476	-0.188807	0.206543	-0.316719	0.925759
15876	8.813008	3.834534	3.176445	1.377507	-1.984822	1.573100	-0.859361	0.379235	0.343043	-0.456742	-0.870908	-0.181398	0.229966	-0.312569	0.921638
15877	6.385004	3.149637	1.908465	1.184685	-2.402483	1.396150	-0.859779	0.359552	0.362633	-0.441911	-0.879726	-0.175491	0.255920	-0.311135	0.915260
15878	5.600804	4.095698	1.817984	1.286777	-2.625873	0.970600	-0.856908	0.342847	0.384922	-0.430137	-0.887102	-0.167429	0.284063	-0.309041	0.907636
15879	1.220984	2.036789	7.554449	1.147334	-2.559970	0.646555	-0.852029	0.329222	0.407014	-0.421241	-0.892784	-0.159665	0.310810	-0.307490	0.899359
15880	30.990680	4.217396	34.182334	1.362168	-4.431757	-0.690308	-0.834369	0.321726	0.447572	-0.422569	-0.894719	-0.144614	0.353925	-0.309791	0.882477
15881	43.537530	33.580639	13.680714	4.434260	2.458435	-0.872880	-0.839381	0.336614	0.426768	-0.414250	-0.904505	-0.101332	0.351904	-0.261845	0.898666
15882	-26.523132	-9.274940	-0.722189	-3.091175	3.937555	-0.359027	-0.850803	0.350454	0.391556	-0.427484	-0.894932	-0.127881	0.305600	-0.276185	0.911225
15883	3.256650	-29.747210	24.942808	-2.590174	-5.756521	-0.022496	-0.832031	0.333496	0.443289	-0.436069	-0.887144	-0.151061	0.342883	-0.318993	0.883558
15884	16.265509	14.144296	-3.319585	6.709666	-0.981091	-0.883949	-0.824689	0.338576	0.453051	-0.419179	-0.903657	-0.087707	0.379707	-0.262241	0.887160
15885	7.667987	17.754537	23.892808	-2.996845	1.637322	-0.067420	-0.830394	0.343641	0.438585	-0.430732	-0.895240	-0.114087	0.353434	-0.283650	0.891419
15886	-0.008294	-14.572961	3.920794	-3.097690	-1.592548	1.310601	-0.830398	0.327171	0.450997	-0.430831	-0.890314	-0.147398	0.353304	-0.316702	0.880270
15887	7.727524	-2.905390	8.350627	2.591203	-0.495301	-0.034657	-0.828454	0.325950	0.455434	-0.421769	-0.898124	-0.124437	0.368476	-0.295178	0.881530
15888	5.302626	5.222110	10.995969	0.262168	0.182176	-0.457744	-0.827174	0.330608	0.454403	-0.424629	-0.897369	-0.120079	0.368068	-0.292278	0.882666
15889	4.167484	-0.841417	9.583857	-1.371470	-0.416532	0.524443	-0.827867	0.324641	0.457431	-0.425317	-0.894984	-0.134572	0.365706	-0.305961	0.879003
15890	5.375876	-3.740126	7.951421	-0.202796	-0.293629	0.222594	-0.827722	0.321761	0.459724	-0.424254	-0.895057	-0.137409	0.367266	-0.308776	0.877367
15891	4.666825	-1.083613	9.834429	-0.086824	-0.140281	0.084871	-0.827558	0.320547	0.460865	-0.423870	-0.895058	-0.138583	0.368078	-0.310032	0.876583
15892	4.831645	-1.460733	8.901304	-0.196631	-0.236187	0.103664	-0.827112	0.318898	0.462805	-0.423773	-0.894755	-0.140820	0.369190	-0.312599	0.875203
15893	4.774132	-2.194795	8.853089	-0.166878	-0.165953	0.085520	-0.826854	0.317593	0.464164	-0.423681	-0.894501	-0.142698	0.369875	-0.314648	0.874179
15894	4.816482	-1.778777	9.067451	-0.075492	-0.188556	0.054809	-0.826372	0.316522	0.465749	-0.423545	-0.894413	-0.143648	0.371105	-0.315972	0.873180
15895	5.032567	-1.966430	8.868838	-0.091946	-0.151768	0.042964	-0.825982	0.315639	0.467040	-0.423531	-0.894254	-0.144672	0.371988	-0.317303	0.872321
15896	4.898334	-1.712178	8.952640	-0.031912	-0.109892	0.018056	-0.825634	0.315142	0.467988	-0.423538	-0.894187	-0.145071	0.372751	-0.317986	0.871746
15897	4.885048	-1.552593	8.988228	-0.050005	-0.116601	0.015529	-0.825256	0.314614	0.469010	-0.423597	-0.894072	-0.145601	0.373521	-0.318830	0.871109
15898	4.913230	-1.517798	8.940686	-0.022388	-0.101587	0.010640	-0.824907	0.314209	0.469896	-0.423630	-0.894011	-0.145881	0.374255	-0.319400	0.870584
15899	4.841073	-1.499761	9.004993	-0.043697	-0.102788	0.014713	-0.824575	0.313731	0.470797	-0.423674	-0.893913	-0.146353	0.374936	-0.320143	0.870018
15900	4.915698	-1.587228	8.965339	-0.027677	-0.096894	0.006414	-0.824223	0.313377	0.471647	-0.423762	-0.893822	-0.146659	0.375608	-0.320746	0.869506
15901	4.846495	-1.559932	8.996848	-0.036321	-0.098181	0.009316	-0.823884	0.312961	0.472515	-0.423824	-0.893730	-0.147041	0.376282	-0.321407	0.868970
15902	4.923931	-1.638232	8.923926	-0.034592	-0.095998	0.005655	-0.823532	0.312616	0.473357	-0.423944	-0.893613	-0.147403	0.376917	-0.322068	0.868450
15903	4.916027	-1.523994	8.948990	-0.026589	-0.093054	0.001494	-0.823177	0.312285	0.474191	-0.424035	-0.893527	-0.147663	0.377589	-0.322626	0.867951
15904	4.927264	-1.549608	8.938172	-0.021272	-0.085815	0.000354	-0.822840	0.312019	0.474951	-0.424149	-0.893436	-0.147884	0.378196	-0.323135	0.867497
15905	4.953764	-1.545164	8.918904	-0.020322	-0.092327	0.000980	-0.822485	0.311695	0.475779	-0.424220	-0.893368	-0.148087	0.378888	-0.323634	0.867009
15906	4.923854	-1.494437	8.889262	-0.012453	-0.079851	-0.000529	-0.822165	0.311455	0.476488	-0.424309	-0.893303	-0.148227	0.379482	-0.324046	0.866595
15907	4.906641	-1.569443	8.862849	-0.012348	-0.081466	-0.000736	-0.821842	0.311180	0.477223	-0.424365	-0.893256	-0.148353	0.380118	-0.324439	0.866169
15908	4.854602	-1.566057	8.908798	-0.013236	-0.069776	-0.004127	-0.821544	0.311004	0.477850	-0.424486	-0.893177	-0.148482	0.380626	-0.324826	0.865801
15909	4.840599	-1.468533	9.001028	-0.024721	-0.107269	-0.002281	-0.821116	0.310660	0.478810	-0.424602	-0.893084	-0.148707	0.381420	-0.325410	0.865232
15910	4.974010	-1.755718	8.785679	-0.042666	-0.082529	-0.008070	-0.820752	0.310477	0.479553	-0.424868	-0.892897	-0.149072	0.381908	-0.326098	0.864758
15911	4.884964	-1.537717	8.958453	-0.025200	-0.083195	-0.014369	-0.820362	0.310317	0.480322	-0.425086	-0.892764	-0.149243	0.382501	-0.326611	0.864302
15912	4.985469	-1.622379	8.831463	-0.039327	-0.084464	-0.017648	-0.819949	0.310212	0.481094	-0.425419	-0.892558	-0.149533	0.383018	-0.327276	0.863822
15913	4.854151	-1.517909	9.023983	-0.052171	-0.077110	-0.023759	-0.819542	0.310156	0.481824	-0.425818	-0.892307	-0.149890	0.383446	-0.328010	0.863353
15914	4.723027	-1.578393	9.064043	-0.067416	-0.083414	-0.027155	-0.819091	0.310138	0.482601	-0.426336	-0.891978	-0.150376	0.383832	-0.328922	0.862834
15915	4.761565	-1.533901	9.073478	-0.092174	-0.147092	-0.024960	-0.818409	0.309860	0.483935	-0.426899	-0.891591	-0.151072	0.384661	-0.330230	0.861965
