// General information: 
//  MT Manager version: 2022.2.0 
//  XDA version: 2022.2.0 build 7381 rev 124627 built on 2023-07-19
// Device information: 
//  DeviceId: 00B4CB9F
//  ProductCode: MTW2-3A7G6
//  Firmware Version: 4.6.0
//  Hardware Version: 2.0.0
// Device settings: 
//  Filter Profile: human(46.1)
//  Option Flags: Orientation Smoother Disabled, Position/Velocity Smoother Disabled, Continuous Zero Rotation Update Disabled, AHS Disabled, ICC Disabled
// Coordinate system: ENU
PacketCounter	Acc_X	Acc_Y	Acc_Z	Gyr_X	Gyr_Y	Gyr_Z	Mat[1][1]	Mat[2][1]	Mat[3][1]	Mat[1][2]	Mat[2][2]	Mat[3][2]	Mat[1][3]	Mat[2][3]	Mat[3][3]
11635	9.444189	-1.884958	2.064023	-0.062306	0.028124	0.017758	-0.209997	-0.220405	0.952535	0.180302	-0.966279	-0.183836	0.960933	0.133139	0.242655
11636	9.431485	-1.823638	2.106872	-0.041864	0.028243	0.021416	-0.210165	-0.220683	0.952434	0.179992	-0.966273	-0.184172	0.960954	0.132724	0.242798
11637	9.370444	-1.768624	2.146819	-0.023730	0.033519	0.020549	-0.210363	-0.220945	0.952329	0.179847	-0.966248	-0.184447	0.960938	0.132473	0.242999
11638	9.358219	-1.684053	2.141121	-0.022498	0.034084	0.018708	-0.210593	-0.221204	0.952218	0.179718	-0.966221	-0.184710	0.960912	0.132232	0.243233
11639	9.309637	-1.734542	2.205567	-0.024030	0.038355	0.021285	-0.210835	-0.221479	0.952101	0.179571	-0.966195	-0.184992	0.960886	0.131967	0.243479
11640	9.357322	-1.707973	2.162592	-0.022953	0.036114	0.024519	-0.211074	-0.221796	0.951974	0.179450	-0.966156	-0.185313	0.960857	0.131717	0.243732
11641	9.345760	-1.665099	2.222458	-0.021637	0.041564	0.017002	-0.211355	-0.222034	0.951856	0.179318	-0.966135	-0.185548	0.960820	0.131468	0.244012
11642	9.332692	-1.602904	2.267659	-0.026615	0.051850	0.014387	-0.211763	-0.222274	0.951709	0.179140	-0.966123	-0.185781	0.960763	0.131147	0.244407
11643	9.349272	-1.548451	2.261900	-0.034132	0.050184	0.007552	-0.212143	-0.222431	0.951588	0.178867	-0.966140	-0.185956	0.960730	0.130759	0.244746
11644	9.304528	-1.590453	2.259147	-0.043639	0.058292	0.005948	-0.212628	-0.222597	0.951441	0.178508	-0.966169	-0.186150	0.960689	0.130259	0.245170
11645	9.286520	-1.666884	2.289417	-0.049298	0.063931	0.000013	-0.213154	-0.222698	0.951300	0.178074	-0.966222	-0.186291	0.960653	0.129693	0.245611
11646	9.238630	-1.735106	2.371271	-0.050584	0.068948	-0.001844	-0.213756	-0.222803	0.951140	0.177632	-0.966277	-0.186428	0.960602	0.129103	0.246124
11647	9.260092	-1.756171	2.428707	-0.055105	0.079692	0.006534	-0.214421	-0.222986	0.950947	0.177156	-0.966322	-0.186645	0.960541	0.128446	0.246704
11648	9.253245	-1.723684	2.438788	-0.055756	0.082029	-0.003037	-0.215151	-0.223095	0.950757	0.176662	-0.966386	-0.186785	0.960469	0.127776	0.247331
11649	9.258633	-1.623275	2.492393	-0.065775	0.084834	-0.009885	-0.215895	-0.223125	0.950581	0.176049	-0.966481	-0.186873	0.960415	0.127004	0.247939
11650	9.295432	-1.591116	2.575653	-0.090864	0.099328	-0.023666	-0.216826	-0.223055	0.950386	0.175172	-0.966634	-0.186904	0.960365	0.125956	0.248665
11651	9.234525	-1.725865	2.616019	-0.114591	0.103260	-0.031817	-0.217787	-0.222894	0.950204	0.174043	-0.966838	-0.186905	0.960353	0.124671	0.249357
11652	9.192783	-1.912915	2.511466	-0.135295	0.101095	-0.028378	-0.218743	-0.222778	0.950011	0.172729	-0.967054	-0.187004	0.960373	0.123189	0.250016
11653	9.209186	-2.030812	2.487681	-0.144256	0.094695	-0.025694	-0.219610	-0.222663	0.949838	0.171328	-0.967277	-0.187139	0.960426	0.121637	0.250572
11654	9.268965	-2.066190	2.406401	-0.143000	0.091821	-0.024292	-0.220469	-0.222573	0.949660	0.169949	-0.967490	-0.187297	0.960474	0.120101	0.251128
11655	9.304338	-1.931293	2.344097	-0.147212	0.093952	-0.030741	-0.221337	-0.222406	0.949497	0.168508	-0.967723	-0.187394	0.960528	0.118520	0.251671
11656	9.324269	-1.932678	2.386821	-0.141769	0.103696	-0.033224	-0.222325	-0.222241	0.949305	0.167120	-0.967950	-0.187466	0.960543	0.116970	0.252341
11657	9.268104	-1.886208	2.378150	-0.147044	0.104611	-0.039750	-0.223310	-0.221996	0.949131	0.165660	-0.968198	-0.187480	0.960567	0.115367	0.252984
11658	9.311104	-1.821582	2.343647	-0.148009	0.094068	-0.050266	-0.224233	-0.221652	0.948994	0.164173	-0.968466	-0.187408	0.960607	0.113777	0.253551
11659	9.346863	-1.726473	2.346927	-0.153037	0.092249	-0.058143	-0.225128	-0.221212	0.948885	0.162613	-0.968757	-0.187263	0.960663	0.112143	0.254066
11660	9.395282	-1.694288	2.308158	-0.158395	0.091756	-0.062133	-0.226046	-0.220746	0.948775	0.160999	-0.969056	-0.187107	0.960720	0.110457	0.254592
11661	9.418484	-1.646011	2.252112	-0.170902	0.092101	-0.062604	-0.226945	-0.220259	0.948674	0.159256	-0.969371	-0.186967	0.960798	0.108651	0.255072
11662	9.378247	-1.699451	2.229760	-0.184507	0.087692	-0.060084	-0.227819	-0.219806	0.948569	0.157395	-0.969689	-0.186898	0.960898	0.106721	0.255510
11663	9.392610	-1.799738	2.222123	-0.185625	0.085105	-0.057482	-0.228640	-0.219357	0.948476	0.155520	-0.970001	-0.186846	0.961008	0.104787	0.255896
11664	9.406001	-1.880784	2.198687	-0.179381	0.075413	-0.056722	-0.229389	-0.218920	0.948396	0.153715	-0.970298	-0.186797	0.961120	0.102933	0.256227
11665	9.414201	-1.971420	2.242480	-0.164579	0.066416	-0.048489	-0.230015	-0.218537	0.948333	0.152062	-0.970562	-0.186777	0.961234	0.101244	0.256475
11666	9.454814	-2.044418	2.185745	-0.148158	0.060234	-0.049069	-0.230605	-0.218156	0.948277	0.150573	-0.970805	-0.186722	0.961327	0.099726	0.256721
11667	9.446397	-2.014392	2.227264	-0.122964	0.062741	-0.035419	-0.231173	-0.217894	0.948199	0.149349	-0.970994	-0.186721	0.961381	0.098448	0.257010
11668	9.411245	-1.949468	2.237261	-0.099220	0.060176	-0.029789	-0.231733	-0.217699	0.948107	0.148374	-0.971143	-0.186723	0.961397	0.097405	0.257347
11669	9.307841	-1.908910	2.221083	-0.086628	0.063475	-0.032156	-0.232302	-0.217468	0.948021	0.147507	-0.971288	-0.186661	0.961394	0.096478	0.257710
11670	9.336656	-1.804894	2.277625	-0.086940	0.059133	-0.024634	-0.232843	-0.217321	0.947922	0.146662	-0.971412	-0.186681	0.961392	0.095557	0.258060
11671	9.268172	-1.785161	2.190990	-0.080697	0.052918	-0.027128	-0.233303	-0.217128	0.947853	0.145863	-0.971538	-0.186652	0.961402	0.094710	0.258333
11672	9.244810	-1.806937	2.206224	-0.080828	0.042845	-0.033331	-0.233700	-0.216881	0.947812	0.145056	-0.971673	-0.186574	0.961428	0.093884	0.258540
11673	9.284055	-1.813754	2.315712	-0.076863	0.038354	-0.037152	-0.234033	-0.216576	0.947799	0.144270	-0.971816	-0.186440	0.961465	0.093106	0.258682
11674	9.236897	-1.838307	2.327762	-0.061230	0.040335	-0.033693	-0.234406	-0.216321	0.947765	0.143650	-0.971933	-0.186309	0.961467	0.092475	0.258902
11675	9.201519	-1.816010	2.400636	-0.042673	0.040132	-0.037246	-0.234755	-0.216017	0.947748	0.143193	-0.972043	-0.186086	0.961450	0.092026	0.259125
11676	9.179545	-1.722136	2.485645	-0.031166	0.042188	-0.039759	-0.235155	-0.215705	0.947720	0.142848	-0.972145	-0.185820	0.961403	0.091684	0.259418
11677	9.190916	-1.672531	2.549573	-0.025136	0.042265	-0.043919	-0.235534	-0.215338	0.947710	0.142543	-0.972253	-0.185488	0.961356	0.091401	0.259694
11678	9.191832	-1.688312	2.567717	-0.023515	0.041600	-0.049610	-0.235942	-0.214929	0.947701	0.142249	-0.972368	-0.185109	0.961300	0.091134	0.259996
11679	9.171733	-1.702199	2.549108	-0.018960	0.038153	-0.046981	-0.236286	-0.214527	0.947706	0.141995	-0.972477	-0.184732	0.961253	0.090920	0.260244
11680	9.242479	-1.668560	2.545200	-0.022155	0.034450	-0.047309	-0.236621	-0.214134	0.947711	0.141718	-0.972586	-0.184371	0.961211	0.090682	0.260481
11681	9.252037	-1.712895	2.523672	-0.016137	0.025299	-0.044903	-0.236838	-0.213741	0.947746	0.141497	-0.972687	-0.184006	0.961190	0.090524	0.260613
11682	9.304335	-1.716925	2.511556	-0.016732	0.023643	-0.036057	-0.237054	-0.213447	0.947758	0.141299	-0.972767	-0.183737	0.961166	0.090362	0.260758
11683	9.299008	-1.680265	2.517859	-0.017652	0.018206	-0.035094	-0.237189	-0.213142	0.947793	0.141086	-0.972848	-0.183469	0.961164	0.090203	0.260820
11684	9.318954	-1.659823	2.541132	-0.023493	0.017494	-0.032855	-0.237341	-0.212874	0.947815	0.140830	-0.972927	-0.183249	0.961164	0.089989	0.260895
11685	9.291986	-1.666451	2.573769	-0.020824	0.017443	-0.023134	-0.237452	-0.212684	0.947830	0.140615	-0.972986	-0.183101	0.961168	0.089801	0.260944
11686	9.334496	-1.624006	2.585077	-0.024234	0.020037	-0.025079	-0.237618	-0.212494	0.947831	0.140371	-0.973048	-0.182957	0.961163	0.089574	0.261041
11687	9.297710	-1.583076	2.641882	-0.034552	0.020675	-0.024910	-0.237763	-0.212289	0.947841	0.140019	-0.973123	-0.182828	0.961178	0.089246	0.261097
11688	9.312384	-1.485862	2.606722	-0.041301	0.023761	-0.028265	-0.237968	-0.212071	0.947838	0.139603	-0.973207	-0.182698	0.961188	0.088845	0.261198
11689	9.303372	-1.569981	2.576614	-0.058451	0.020339	-0.025443	-0.238110	-0.211860	0.947850	0.139021	-0.973304	-0.182626	0.961237	0.088286	0.261207
11690	9.250745	-1.675866	2.521028	-0.067221	0.013176	-0.024955	-0.238209	-0.211665	0.947868	0.138364	-0.973404	-0.182595	0.961307	0.087655	0.261160
11691	9.326819	-1.792823	2.439352	-0.065056	0.009986	-0.021165	-0.238246	-0.211486	0.947899	0.137728	-0.973496	-0.182581	0.961389	0.087054	0.261059
11692	9.366153	-1.870965	2.412833	-0.050865	0.006321	-0.010436	-0.238258	-0.211426	0.947909	0.137263	-0.973550	-0.182644	0.961453	0.086596	0.260978
11693	9.348801	-1.928259	2.419940	-0.025632	0.008091	0.001109	-0.238246	-0.211463	0.947904	0.137060	-0.973561	-0.182738	0.961485	0.086383	0.260930
11694	9.341290	-1.919822	2.473894	0.002668	0.009182	0.003180	-0.238268	-0.211538	0.947882	0.137142	-0.973540	-0.182791	0.961468	0.086441	0.260974
11695	9.305949	-1.855899	2.482021	0.027443	0.011395	0.005782	-0.238280	-0.211625	0.947859	0.137461	-0.973494	-0.182792	0.961419	0.086738	0.261054
11696	9.251010	-1.695625	2.539052	0.038679	0.016210	0.004680	-0.238367	-0.211721	0.947816	0.137893	-0.973438	-0.182765	0.961336	0.087132	0.261230
11697	9.283982	-1.561384	2.512054	0.036476	0.012919	-0.008370	-0.238414	-0.211669	0.947816	0.138263	-0.973416	-0.182608	0.961271	0.087511	0.261342
11698	9.301020	-1.503065	2.506663	0.020359	0.016405	-0.008971	-0.238521	-0.211633	0.947797	0.138485	-0.973404	-0.182499	0.961212	0.087726	0.261486
11699	9.239925	-1.466226	2.561112	-0.001225	0.017902	-0.011230	-0.238620	-0.211559	0.947789	0.138489	-0.973420	-0.182413	0.961187	0.087731	0.261576
11700	9.216268	-1.424333	2.496615	-0.027779	0.017621	-0.021493	-0.238757	-0.211401	0.947789	0.138220	-0.973477	-0.182312	0.961192	0.087475	0.261644
11701	9.197660	-1.460360	2.490340	-0.054780	0.020709	-0.028394	-0.238907	-0.211161	0.947805	0.137666	-0.973576	-0.182202	0.961234	0.086951	0.261664
11702	9.240743	-1.595809	2.508670	-0.072303	0.015623	-0.033979	-0.239042	-0.210880	0.947834	0.136938	-0.973698	-0.182099	0.961305	0.086265	0.261632
11703	9.287047	-1.726240	2.492308	-0.070446	0.011585	-0.025784	-0.239102	-0.210655	0.947869	0.136238	-0.973805	-0.182053	0.961389	0.085606	0.261538
11704	9.277366	-1.791314	2.445777	-0.054632	0.007266	-0.020764	-0.239137	-0.210495	0.947895	0.135711	-0.973883	-0.182029	0.961455	0.085110	0.261458
11705	9.307183	-1.820645	2.443284	-0.037186	0.002296	-0.021458	-0.239103	-0.210305	0.947946	0.135343	-0.973951	-0.181937	0.961516	0.084796	0.261338
11706	9.344349	-1.858997	2.387295	-0.015395	-0.002612	-0.005357	-0.239022	-0.210287	0.947970	0.135231	-0.973963	-0.181956	0.961551	0.084703	0.261236
11707	9.300185	-1.816498	2.283616	-0.000587	-0.019555	0.006539	-0.238737	-0.210351	0.948028	0.135278	-0.973942	-0.182034	0.961615	0.084789	0.260972
11708	9.351616	-1.804923	2.252732	0.032273	-0.036871	0.021205	-0.238291	-0.210562	0.948093	0.135688	-0.973858	-0.182181	0.961668	0.085233	0.260633
11709	9.309657	-1.733695	2.310016	0.067118	-0.047491	0.035083	-0.237699	-0.210881	0.948171	0.136457	-0.973718	-0.182354	0.961706	0.086039	0.260228
11710	9.327503	-1.564944	2.370115	0.090868	-0.052174	0.041122	-0.237078	-0.211272	0.948239	0.137477	-0.973540	-0.182538	0.961714	0.087085	0.259850
11711	9.287237	-1.399667	2.512052	0.096159	-0.049533	0.044770	-0.236450	-0.211683	0.948305	0.138549	-0.973352	-0.182729	0.961715	0.088181	0.259478
11712	9.262661	-1.201853	2.695663	0.093981	-0.040628	0.037534	-0.235944	-0.212048	0.948349	0.139590	-0.973177	-0.182871	0.961689	0.089233	0.259215
11713	9.107480	-1.131168	2.884030	0.069428	-0.022037	0.032249	-0.235599	-0.212359	0.948365	0.140374	-0.973038	-0.183011	0.961659	0.090009	0.259056
11714	8.989832	-1.233095	2.961801	0.047187	-0.028711	0.029555	-0.235218	-0.212656	0.948393	0.140946	-0.972920	-0.183199	0.961669	0.090580	0.258822
11715	8.999483	-1.326374	2.999315	0.034936	-0.021938	0.021016	-0.234890	-0.212857	0.948430	0.141374	-0.972834	-0.183321	0.961686	0.091023	0.258602
11716	9.023472	-1.367442	3.063808	0.033336	-0.020639	0.011432	-0.234613	-0.212985	0.948469	0.141770	-0.972767	-0.183373	0.961696	0.091443	0.258418
11717	9.028676	-1.267749	3.113036	0.019975	-0.018682	0.005771	-0.234341	-0.213038	0.948525	0.142017	-0.972728	-0.183388	0.961725	0.091731	0.258205
11718	9.051336	-1.289324	3.163187	-0.001443	-0.009210	0.010316	-0.234175	-0.213166	0.948537	0.142075	-0.972695	-0.183519	0.961757	0.091788	0.258066
11719	9.013843	-1.409545	3.211061	-0.017978	-0.008028	0.016594	-0.233991	-0.213333	0.948545	0.141984	-0.972668	-0.183733	0.961815	0.091686	0.257885
11720	9.018932	-1.490219	3.268242	-0.025262	-0.017955	0.029149	-0.233714	-0.213636	0.948545	0.141857	-0.972616	-0.184105	0.961901	0.091530	0.257620
11721	9.019836	-1.557940	3.344081	-0.025016	-0.021316	0.043055	-0.233369	-0.214048	0.948537	0.141760	-0.972539	-0.184587	0.961999	0.091388	0.257304
11722	9.014869	-1.485341	3.283005	-0.021425	-0.025167	0.058386	-0.232982	-0.214629	0.948501	0.141739	-0.972421	-0.185226	0.962097	0.091285	0.256977
11723	9.056110	-1.323500	3.133859	-0.040263	-0.034410	0.057660	-0.232491	-0.215170	0.948499	0.141529	-0.972325	-0.185885	0.962246	0.091023	0.256510
11724	9.142752	-1.160594	3.023259	-0.072092	-0.034328	0.056167	-0.232018	-0.215721	0.948489	0.141014	-0.972257	-0.186632	0.962436	0.090448	0.256001
11725	9.165266	-1.081756	2.928936	-0.121833	-0.038018	0.053029	-0.231504	-0.216214	0.948503	0.140009	-0.972244	-0.187454	0.962706	0.089402	0.255350
11726	9.187210	-1.226008	2.904191	-0.172661	-0.046464	0.052878	-0.230920	-0.216723	0.948529	0.138517	-0.972270	-0.188426	0.963062	0.087876	0.254536
11727	9.228076	-1.467636	2.828651	-0.208640	-0.062551	0.058238	-0.230163	-0.217245	0.948593	0.136686	-0.972318	-0.189513	0.963505	0.086040	0.253486
11728	9.270076	-1.730325	2.764730	-0.221469	-0.079387	0.074926	-0.229234	-0.217942	0.948659	0.134771	-0.972330	-0.190814	0.963996	0.084111	0.252263
11729	9.309666	-1.910499	2.606530	-0.212036	-0.089644	0.094256	-0.228173	-0.218792	0.948719	0.132984	-0.972295	-0.192246	0.964496	0.082299	0.250947
11730	9.261843	-1.932377	2.589208	-0.188811	-0.091083	0.121042	-0.227071	-0.219931	0.948720	0.131486	-0.972170	-0.193897	0.964961	0.080715	0.249670
11731	9.229478	-1.814399	2.473558	-0.163176	-0.103493	0.138317	-0.225819	-0.221205	0.948722	0.130273	-0.971988	-0.195622	0.965419	0.079418	0.248311
11732	9.268535	-1.666967	2.350116	-0.160766	-0.127150	0.138630	-0.224349	-0.222489	0.948771	0.129081	-0.971795	-0.197365	0.965922	0.078190	0.246740
11733	9.379166	-1.490154	2.218527	-0.169515	-0.137702	0.142475	-0.222764	-0.223776	0.948842	0.127804	-0.971602	-0.199138	0.966459	0.076905	0.245037
11734	9.375844	-1.383134	2.083073	-0.187443	-0.142697	0.143769	-0.221139	-0.225100	0.948908	0.126359	-0.971409	-0.200991	0.967022	0.075456	0.243260
11735	9.319450	-1.355196	1.840492	-0.217583	-0.171980	0.142055	-0.219225	-0.226362	0.949053	0.124613	-0.971244	-0.202870	0.967684	0.073790	0.241128
11736	8.876459	-1.370000	1.310638	-0.268092	-0.227074	0.108770	-0.216830	-0.227290	0.949381	0.122302	-0.971180	-0.204576	0.968518	0.071753	0.238379
11737	10.086056	-1.098293	1.458785	-0.350424	-0.272564	0.103018	-0.213990	-0.228107	0.949829	0.119173	-0.971186	-0.206387	0.969539	0.069029	0.235008
11738	10.030721	-1.335972	1.030080	-0.436346	-0.278899	0.074203	-0.211135	-0.228677	0.950331	0.115145	-0.971298	-0.208140	0.970651	0.065480	0.231406
11739	9.923432	-1.642160	0.968016	-0.494504	-0.293482	0.079644	-0.208118	-0.229270	0.950853	0.110552	-0.971424	-0.210033	0.971836	0.061407	0.227517
11740	9.853025	-2.021816	1.135829	-0.500772	-0.326574	0.086795	-0.204787	-0.229957	0.951411	0.105909	-0.971510	-0.212018	0.973060	0.057344	0.223307
11741	9.846606	-2.327723	1.315953	-0.456891	-0.369967	0.096832	-0.201004	-0.230697	0.952038	0.101698	-0.971536	-0.213950	0.974297	0.053816	0.218744
11742	9.651215	-2.406614	1.368783	-0.406799	-0.363559	0.094892	-0.197303	-0.231467	0.952625	0.097969	-0.971518	-0.215767	0.975435	0.050756	0.214360
11743	9.703854	-2.229760	1.648924	-0.356794	-0.360902	0.095570	-0.193606	-0.232223	0.953199	0.094714	-0.971468	-0.217436	0.976497	0.048184	0.210077
11744	9.497503	-1.989861	1.702593	-0.331592	-0.336033	0.095189	-0.190173	-0.233028	0.953694	0.091704	-0.971391	-0.219066	0.977458	0.045797	0.206102
11745	9.314585	-1.753081	1.796789	-0.322577	-0.327355	0.073514	-0.186822	-0.233603	0.954216	0.088729	-0.971359	-0.220428	0.978379	0.043485	0.202199
11746	9.111697	-1.558242	1.919413	-0.352729	-0.319067	0.045265	-0.183598	-0.233947	0.954757	0.085407	-0.971391	-0.221599	0.979284	0.040858	0.198326
11747	8.979305	-1.742909	2.035248	-0.395386	-0.311648	0.019743	-0.180446	-0.234021	0.955339	0.081608	-0.971496	-0.222565	0.980194	0.037803	0.194400
11748	8.759399	-2.232034	1.777399	-0.443869	-0.316574	0.010566	-0.177271	-0.234049	0.955927	0.077321	-0.971620	-0.223552	0.981120	0.034284	0.190337
11749	8.595685	-2.808084	1.549680	-0.446064	-0.342786	-0.002034	-0.173826	-0.233923	0.956590	0.072978	-0.971767	-0.224373	0.982069	0.030808	0.185990
11750	8.600451	-3.150785	1.339994	-0.390863	-0.376497	-0.007457	-0.170071	-0.233780	0.957300	0.069172	-0.971888	-0.225054	0.983001	0.027943	0.181461
11751	8.622808	-3.287992	1.264893	-0.292590	-0.397456	-0.011169	-0.166087	-0.233573	0.958049	0.066314	-0.971989	-0.225475	0.983879	0.026083	0.176924
11752	8.603945	-3.439585	1.541644	-0.165176	-0.402564	-0.007846	-0.162069	-0.233433	0.958771	0.064722	-0.972039	-0.225723	0.984655	0.025471	0.172646
11753	8.400534	-3.695720	1.863675	-0.024120	-0.421725	0.006715	-0.157828	-0.233402	0.959486	0.064533	-0.972025	-0.225837	0.985356	0.026275	0.168475
11754	8.366028	-3.889838	2.172081	0.130269	-0.460882	0.023390	-0.153209	-0.233542	0.960201	0.065900	-0.971924	-0.225879	0.985994	0.028670	0.164297
11755	8.570362	-3.796919	2.537372	0.305017	-0.487062	0.054089	-0.148286	-0.233937	0.960877	0.069028	-0.971698	-0.225918	0.986532	0.032826	0.160238
11756	8.884888	-3.362669	2.967067	0.456001	-0.481089	0.083118	-0.143419	-0.234612	0.961451	0.073694	-0.971329	-0.226029	0.986915	0.038436	0.156596
11757	9.169548	-2.604638	3.309198	0.528205	-0.434412	0.091439	-0.138982	-0.235342	0.961924	0.079076	-0.970887	-0.226109	0.987133	0.044640	0.153546
11758	9.206519	-1.794549	3.622303	0.505022	-0.373970	0.067106	-0.135174	-0.235854	0.962341	0.084199	-0.970477	-0.226021	0.987238	0.050476	0.151042
11759	9.429235	-1.285192	3.794166	0.388544	-0.311598	0.023871	-0.132003	-0.235943	0.962760	0.088107	-0.970207	-0.225688	0.987326	0.055035	0.148859
11760	9.341043	-1.038316	3.699482	0.201669	-0.239202	-0.033528	-0.129609	-0.235521	0.963188	0.090100	-0.970160	-0.225102	0.987463	0.057608	0.146962
11761	9.508940	-1.118367	3.519535	-0.009064	-0.171978	-0.084559	-0.127920	-0.234621	0.963634	0.089945	-0.970356	-0.224318	0.987698	0.057979	0.145231
11762	9.188973	-1.405726	2.791821	-0.204739	-0.124915	-0.110763	-0.126722	-0.233512	0.964061	0.087826	-0.970721	-0.223581	0.988043	0.056337	0.143520
11763	9.066591	-1.913519	1.872116	-0.391600	-0.116061	-0.130229	-0.125625	-0.232202	0.964521	0.083836	-0.971230	-0.222898	0.988529	0.052860	0.141478
11764	9.238452	-2.838587	0.917365	-0.534472	-0.148201	-0.140017	-0.124211	-0.230805	0.965039	0.078421	-0.971812	-0.222331	0.989152	0.048063	0.138810
11765	9.609907	-3.798209	0.163156	-0.570501	-0.201188	-0.133521	-0.122260	-0.229435	0.965615	0.072656	-0.972372	-0.221841	0.989835	0.043036	0.135552
11766	9.942815	-4.224862	-0.502169	-0.507317	-0.255033	-0.134070	-0.119767	-0.228065	0.966252	0.067515	-0.972875	-0.221260	0.990504	0.038737	0.131916
11767	10.197779	-4.021878	-0.900086	-0.387293	-0.297305	-0.149350	-0.116854	-0.226526	0.966970	0.063544	-0.973351	-0.220342	0.991114	0.035698	0.128134
11768	10.135522	-3.469814	-0.671194	-0.246658	-0.314681	-0.152937	-0.113768	-0.224967	0.967702	0.060967	-0.973771	-0.219210	0.991635	0.034059	0.124500
11769	9.976784	-3.138415	-0.398328	-0.117952	-0.342932	-0.149304	-0.110385	-0.223425	0.968451	0.059671	-0.974137	-0.217936	0.992096	0.033731	0.120862
11770	9.876156	-2.873738	-0.052477	-0.032169	-0.386483	-0.139317	-0.106571	-0.221975	0.969211	0.059245	-0.974448	-0.216660	0.992538	0.034331	0.116999
11771	9.635401	-2.860862	0.147749	0.014881	-0.419107	-0.130098	-0.102412	-0.220592	0.969975	0.059295	-0.974722	-0.215411	0.992973	0.035454	0.112903
11772	9.592498	-2.642410	0.407512	0.042420	-0.458509	-0.132882	-0.097876	-0.219170	0.970765	0.059627	-0.974988	-0.214111	0.993411	0.036928	0.108496
11773	9.420053	-2.347023	0.725022	0.081250	-0.496437	-0.141192	-0.092949	-0.217637	0.971594	0.060338	-0.975256	-0.212685	0.993841	0.038855	0.103781
11774	9.605693	-2.054039	1.521845	0.098685	-0.481875	-0.149534	-0.088189	-0.216025	0.972397	0.061227	-0.975530	-0.211169	0.994220	0.040914	0.099258
11775	9.322948	-2.090992	2.266008	0.095468	-0.445791	-0.152230	-0.083772	-0.214386	0.973150	0.062083	-0.975808	-0.209627	0.994549	0.042855	0.095055
11776	8.940817	-2.299149	2.856715	0.057215	-0.408941	-0.139461	-0.079730	-0.212885	0.973819	0.062581	-0.976071	-0.208254	0.994850	0.044339	0.091145
11777	8.825438	-2.314435	3.232936	-0.008628	-0.379226	-0.149059	-0.075976	-0.211294	0.974465	0.062419	-0.976381	-0.206843	0.995154	0.045110	0.087370
11778	8.720339	-2.224757	3.546942	-0.093400	-0.352735	-0.169031	-0.072509	-0.209523	0.975112	0.061406	-0.976768	-0.205313	0.995476	0.044991	0.083690
11779	8.671097	-2.158852	3.906444	-0.198996	-0.318814	-0.212866	-0.069397	-0.207337	0.975805	0.059315	-0.977290	-0.203434	0.995824	0.043762	0.080119
11780	8.901999	-2.305800	4.318819	-0.307233	-0.279975	-0.254024	-0.066694	-0.204773	0.976535	0.056125	-0.977934	-0.201234	0.996194	0.041387	0.076715
11781	8.854341	-2.889505	4.806980	-0.396071	-0.215278	-0.275554	-0.064641	-0.202029	0.977244	0.052042	-0.978642	-0.198876	0.996551	0.038002	0.073775
11782	8.733875	-3.552281	5.050285	-0.449768	-0.154028	-0.257782	-0.063174	-0.199489	0.977861	0.047437	-0.979311	-0.196721	0.996875	0.033959	0.071330
11783	8.579596	-3.220102	4.567814	-0.453480	-0.129543	-0.232575	-0.061943	-0.197212	0.978402	0.042818	-0.979907	-0.194804	0.997161	0.029826	0.069142
11784	8.646317	-1.781906	4.000448	-0.507278	-0.126607	-0.280430	-0.060732	-0.194468	0.979027	0.037629	-0.980586	-0.192444	0.997445	0.025152	0.066871
11785	9.065710	-0.754084	3.446185	-0.671826	-0.098130	-0.387475	-0.059852	-0.190691	0.979824	0.030744	-0.981470	-0.189133	0.997734	0.018804	0.064606
11786	9.534183	-0.944151	3.120090	-0.906313	-0.017792	-0.517447	-0.059750	-0.185647	0.980798	0.021433	-0.982566	-0.184676	0.997983	0.009987	0.062687
11787	9.861301	-2.992243	3.194251	-1.081631	0.099322	-0.589442	-0.060809	-0.179901	0.981803	0.010335	-0.983684	-0.179606	0.998096	-0.000774	0.061676
11788	10.159757	-4.799147	2.495711	-1.073850	0.171180	-0.524317	-0.062484	-0.174773	0.982624	-0.000663	-0.984541	-0.175156	0.998046	-0.011596	0.061402
11789	10.668227	-4.678372	1.509406	-0.918577	0.233390	-0.416085	-0.064772	-0.170688	0.983194	-0.010041	-0.985101	-0.171681	0.997850	-0.020992	0.062093
11790	11.110488	-3.471392	1.397328	-0.740047	0.326103	-0.392417	-0.067913	-0.166784	0.983652	-0.017642	-0.985573	-0.168327	0.997535	-0.028785	0.063991
11791	11.610076	-3.188333	1.927319	-0.592856	0.465317	-0.432771	-0.072448	-0.162426	0.984057	-0.023803	-0.986088	-0.164514	0.997088	-0.035342	0.067574
11792	11.596061	-3.080776	1.721189	-0.440513	0.584476	-0.481260	-0.078091	-0.157502	0.984426	-0.028514	-0.986685	-0.160125	0.996538	-0.040574	0.072560
11793	11.309624	-2.212252	1.363898	-0.241748	0.631997	-0.566785	-0.084205	-0.151702	0.984833	-0.031326	-0.987452	-0.154784	0.995956	-0.043885	0.078396
11794	11.191454	-1.066625	1.200351	-0.124329	0.658666	-0.637206	-0.090500	-0.145156	0.985261	-0.033077	-0.988337	-0.148647	0.995347	-0.046042	0.084643
11795	11.075055	-0.335119	0.863181	-0.169655	0.662653	-0.677039	-0.096850	-0.138210	0.985656	-0.035344	-0.989209	-0.142181	0.994671	-0.048607	0.090920
11796	10.926294	-0.278989	0.629061	-0.278320	0.650502	-0.690069	-0.103005	-0.131098	0.986004	-0.038757	-0.989995	-0.135678	0.993925	-0.052190	0.096894
11797	10.733596	-0.683148	0.385146	-0.371150	0.635521	-0.658917	-0.109037	-0.124286	0.986237	-0.043088	-0.990629	-0.129603	0.993103	-0.056626	0.102660
11798	10.337572	-1.365747	0.125011	-0.381083	0.597952	-0.604812	-0.114642	-0.117986	0.986375	-0.047503	-0.991135	-0.124077	0.992270	-0.061080	0.108021
11799	10.105361	-2.093132	0.104093	-0.303243	0.539459	-0.519254	-0.119722	-0.112558	0.986406	-0.051064	-0.991539	-0.119342	0.991493	-0.064658	0.112962
11800	9.920237	-2.826711	0.347509	-0.181725	0.498620	-0.417279	-0.124390	-0.108138	0.986323	-0.053330	-0.991878	-0.115473	0.990799	-0.066964	0.117613
11801	9.423704	-3.639022	0.651491	-0.024970	0.449080	-0.318076	-0.128651	-0.104743	0.986143	-0.053926	-0.992196	-0.112421	0.990223	-0.067642	0.121998
11802	9.495691	-4.246276	1.074637	0.110791	0.415365	-0.172957	-0.132614	-0.102793	0.985823	-0.053010	-0.992449	-0.110615	0.989749	-0.066928	0.126164
11803	9.627118	-4.713142	1.388893	0.253694	0.397756	0.009382	-0.136537	-0.102695	0.985298	-0.050433	-0.992602	-0.110445	0.989350	-0.064771	0.130347
11804	9.717336	-4.841080	1.543462	0.431585	0.392557	0.217307	-0.140468	-0.104651	0.984539	-0.045817	-0.992646	-0.112049	0.989025	-0.060848	0.134640
11805	10.023200	-4.502221	1.846932	0.641494	0.414705	0.414987	-0.144727	-0.108610	0.983493	-0.038827	-0.992569	-0.115326	0.988710	-0.054877	0.139434
11806	9.974728	-3.754508	2.037406	0.882714	0.461527	0.567842	-0.149425	-0.114057	0.982173	-0.029220	-0.992381	-0.119688	0.988341	-0.046584	0.144954
11807	10.237811	-2.635305	2.287010	1.107416	0.519845	0.668209	-0.154699	-0.120559	0.980578	-0.017206	-0.992047	-0.124684	0.987812	-0.036161	0.151395
11808	10.013976	-1.418409	2.474434	1.254947	0.629570	0.688179	-0.160930	-0.127238	0.978730	-0.003683	-0.991571	-0.129513	0.986959	-0.024447	0.159105
11809	9.549260	-0.442823	2.783120	1.305198	0.700531	0.657369	-0.167801	-0.133713	0.976711	0.010329	-0.990943	-0.133886	0.985767	-0.012377	0.167662
11810	8.973327	0.149145	3.150948	1.271489	0.742783	0.605551	-0.174955	-0.139705	0.974614	0.023939	-0.990193	-0.137641	0.984285	-0.000750	0.176584
11811	8.478618	0.504083	3.142860	1.187681	0.688932	0.532583	-0.181555	-0.145091	0.972618	0.036628	-0.989367	-0.140752	0.982698	0.010071	0.184939
11812	8.447240	0.922753	2.854408	1.057063	0.616574	0.487469	-0.187343	-0.150044	0.970767	0.047954	-0.988484	-0.143528	0.981123	0.019663	0.192381
11813	8.830602	1.197944	2.514374	0.886023	0.577220	0.432801	-0.192762	-0.154532	0.969001	0.057523	-0.987603	-0.146056	0.979558	0.027586	0.199261
11814	9.128282	1.247663	1.996234	0.673226	0.559728	0.388462	-0.197942	-0.158578	0.967301	0.064919	-0.986781	-0.148487	0.978062	0.033404	0.205620
11815	9.285786	0.633015	1.771029	0.445274	0.558715	0.353945	-0.203152	-0.162333	0.965597	0.070041	-0.986044	-0.151035	0.976639	0.036949	0.211687
11816	9.820458	-0.700555	1.644357	0.303462	0.573658	0.355808	-0.208434	-0.166098	0.963829	0.073783	-0.985336	-0.153848	0.975249	0.039047	0.217633
11817	10.190663	-2.181302	1.354139	0.308676	0.607924	0.397038	-0.214045	-0.170315	0.961862	0.077691	-0.984532	-0.157040	0.973729	0.041114	0.223966
11818	10.192880	-3.377551	1.140251	0.497000	0.595004	0.417442	-0.219436	-0.174718	0.959855	0.083479	-0.983588	-0.159954	0.972049	0.045028	0.230420
11819	10.733401	-3.648306	1.267046	0.814534	0.620260	0.435630	-0.225058	-0.179366	0.957693	0.092417	-0.982408	-0.162276	0.969952	0.051986	0.237675
11820	10.696934	-3.271532	1.277767	1.167441	0.704332	0.401861	-0.231423	-0.183751	0.955342	0.104691	-0.981002	-0.163326	0.967204	0.062218	0.246263
11821	10.420463	-2.534850	1.360805	1.453328	0.797125	0.347491	-0.238706	-0.187771	0.952765	0.119599	-0.979343	-0.163045	0.963699	0.075030	0.256233
11822	10.273325	-1.825887	1.491061	1.626870	0.878568	0.311595	-0.246694	-0.191579	0.949968	0.136049	-0.977403	-0.161781	0.959496	0.089331	0.267184
11823	9.928837	-1.352352	1.550037	1.698977	0.972908	0.283669	-0.255568	-0.195355	0.946848	0.153081	-0.975194	-0.159884	0.954595	0.104083	0.279133
11824	9.713560	-1.087868	1.668585	1.710513	1.040896	0.260140	-0.264992	-0.199083	0.943475	0.170089	-0.972762	-0.157490	0.949130	0.118741	0.291637
11825	9.613829	-0.863102	1.719712	1.674425	1.109867	0.270529	-0.274978	-0.203169	0.939739	0.186721	-0.970093	-0.155094	0.943145	0.132822	0.304691
11826	9.372489	-0.682823	1.761347	1.606945	1.173109	0.265584	-0.285425	-0.207410	0.935689	0.202620	-0.967293	-0.152608	0.936738	0.146031	0.318115
11827	9.032118	-0.644088	1.787566	1.526591	1.217799	0.270905	-0.296185	-0.211936	0.931320	0.217714	-0.964383	-0.150221	0.929986	0.158268	0.331778
11828	8.857983	-0.559262	1.818925	1.435963	1.229662	0.266636	-0.306915	-0.216550	0.926773	0.231873	-0.961442	-0.147863	0.923059	0.169512	0.345293
11829	8.430063	-0.432669	1.820085	1.339859	1.237876	0.256143	-0.317647	-0.221223	0.922042	0.245051	-0.958522	-0.145555	0.915997	0.179712	0.358682
11830	8.110360	-0.428283	1.891545	1.248272	1.212321	0.236248	-0.328051	-0.225749	0.917289	0.257254	-0.955676	-0.143194	0.908957	0.189002	0.371586
11831	7.958133	-0.446031	1.896833	1.161383	1.172454	0.215442	-0.338058	-0.230118	0.912558	0.268544	-0.952920	-0.140813	0.901998	0.197459	0.383939
11832	7.960625	-0.507681	1.927186	1.096045	1.132426	0.203707	-0.347611	-0.234365	0.907876	0.279142	-0.950221	-0.138418	0.895124	0.205311	0.395729
11833	7.952016	-0.642096	1.953222	1.064752	1.102012	0.194848	-0.356837	-0.238562	0.903192	0.289378	-0.947513	-0.135939	0.888216	0.212856	0.407142
11834	7.951405	-0.644748	2.175201	1.069429	1.059859	0.208151	-0.365536	-0.242855	0.898557	0.299643	-0.944676	-0.133424	0.881248	0.220475	0.418083
11835	7.874939	-0.735974	2.235328	1.071334	1.007091	0.224792	-0.373641	-0.247273	0.894007	0.309932	-0.941700	-0.130932	0.874262	0.228160	0.428495
11836	7.799001	-0.763752	2.450785	1.069961	0.958171	0.228989	-0.381198	-0.251676	0.889577	0.320164	-0.938626	-0.128357	0.867285	0.235881	0.438380
11837	7.769272	-0.639672	2.668346	1.059606	0.901871	0.236421	-0.388166	-0.256089	0.885294	0.330281	-0.935464	-0.125787	0.860373	0.243570	0.447697
11838	7.864039	-0.328153	2.956581	1.020044	0.831395	0.238769	-0.394427	-0.260400	0.881260	0.340009	-0.932304	-0.123305	0.853710	0.251001	0.456264
11839	7.914284	-0.030586	3.312806	0.946140	0.754367	0.255660	-0.399907	-0.264732	0.877492	0.349125	-0.929202	-0.121222	0.847458	0.257877	0.464019
11840	7.900939	0.303803	3.583724	0.835712	0.679780	0.254359	-0.404686	-0.268889	0.874030	0.357258	-0.926322	-0.119562	0.841782	0.263869	0.470932
11841	7.951547	0.537029	3.959295	0.698633	0.576961	0.284634	-0.408445	-0.273087	0.870974	0.364332	-0.923666	-0.118754	0.836920	0.268820	0.476761
11842	7.842858	0.693980	4.211398	0.542761	0.496165	0.308715	-0.411389	-0.277301	0.868253	0.370180	-0.921325	-0.118855	0.832902	0.272514	0.481674
11843	7.669209	0.606720	4.566567	0.402087	0.424304	0.302694	-0.413733	-0.281272	0.865858	0.374825	-0.919356	-0.119548	0.829657	0.275084	0.485796
11844	7.507511	0.470651	4.815795	0.283707	0.352637	0.283669	-0.415522	-0.284873	0.863822	0.378402	-0.917747	-0.120635	0.827136	0.276745	0.489140
11845	7.574017	0.293957	5.188570	0.196991	0.252286	0.257192	-0.416576	-0.287952	0.862292	0.381153	-0.916441	-0.121898	0.825340	0.277886	0.491521
11846	7.782280	0.150666	5.414565	0.170184	0.168998	0.219226	-0.417067	-0.290452	0.861216	0.383521	-0.915309	-0.122966	0.823995	0.279009	0.493140
11847	7.854476	0.155174	5.669233	0.179028	0.139716	0.181411	-0.417469	-0.292520	0.860321	0.385806	-0.914257	-0.123648	0.822723	0.280298	0.494530
11848	7.939336	0.335722	6.126958	0.174281	0.142090	0.148963	-0.417996	-0.294303	0.859456	0.387912	-0.913306	-0.124082	0.821465	0.281527	0.495922
11849	7.720637	0.623412	6.241602	0.122903	0.200235	0.102008	-0.419196	-0.295814	0.858352	0.389402	-0.912635	-0.124348	0.820147	0.282118	0.497764
11850	7.449748	0.340603	6.495838	-0.051727	0.200292	0.110168	-0.420344	-0.297405	0.857240	0.389491	-0.912431	-0.125567	0.819517	0.281106	0.499372
11851	7.527152	-0.936424	7.318586	-0.222473	0.201072	0.188576	-0.421217	-0.299703	0.856011	0.388518	-0.912467	-0.128291	0.819531	0.278537	0.500786
11852	7.767521	-1.859634	7.549439	-0.288640	0.216628	0.295097	-0.421783	-0.303017	0.854564	0.387446	-0.912353	-0.132279	0.819747	0.275305	0.502218
11853	7.668591	-1.704356	7.203997	-0.295662	0.231498	0.367238	-0.422223	-0.307018	0.852917	0.386630	-0.912018	-0.136897	0.819906	0.271963	0.503777
11854	7.141377	-0.964375	6.872743	-0.343748	0.196374	0.354806	-0.422399	-0.310807	0.851457	0.385360	-0.911826	-0.141670	0.820413	0.268276	0.504927
11855	6.507523	0.200964	6.385090	-0.462511	0.120918	0.271583	-0.422317	-0.313625	0.850463	0.382769	-0.912184	-0.146313	0.821667	0.263741	0.505277
11856	5.893619	0.740144	5.763736	-0.647077	-0.004007	0.182536	-0.421524	-0.315304	0.850236	0.378265	-0.913274	-0.151147	0.824156	0.257903	0.504236
11857	5.300438	0.477392	4.981008	-0.828526	-0.193600	0.136359	-0.419387	-0.316077	0.851005	0.372056	-0.914928	-0.156465	0.828063	0.251003	0.501307
11858	5.287348	-0.315187	4.160956	-0.932050	-0.499463	0.122086	-0.414723	-0.315983	0.853323	0.364872	-0.916826	-0.162167	0.833591	0.244100	0.495522
11859	6.315060	-1.314987	3.713132	-0.932930	-0.811855	0.133695	-0.407422	-0.315271	0.857095	0.357677	-0.918631	-0.167884	0.840282	0.238164	0.487035
11860	7.270362	-2.343023	3.470477	-0.736524	-0.973609	0.168911	-0.398544	-0.314548	0.861523	0.352196	-0.919817	-0.172904	0.846830	0.234515	0.477370
11861	7.742385	-2.202209	3.286820	-0.430604	-1.074901	0.202753	-0.388675	-0.313915	0.866250	0.349398	-0.920165	-0.176683	0.852556	0.233994	0.467327
11862	7.798160	-1.262297	2.046092	-0.265340	-1.209858	0.229047	-0.377463	-0.313208	0.871448	0.348056	-0.920047	-0.179917	0.858125	0.235401	0.456298
11863	9.527396	-0.452508	1.176741	-0.357208	-1.393172	0.227862	-0.364644	-0.312037	0.877307	0.345887	-0.920155	-0.183512	0.864521	0.236532	0.443459
11864	12.898972	-2.363732	2.951430	-0.440335	-1.257597	0.183201	-0.353037	-0.310774	0.882488	0.342774	-0.920603	-0.187070	0.870558	0.236451	0.431533
11865	14.924550	-5.562341	6.979394	-0.150290	-0.767092	0.140931	-0.345830	-0.310268	0.885514	0.342015	-0.920501	-0.188955	0.873743	0.237513	0.424453
11866	13.404677	-5.162001	9.022383	0.470804	-0.297740	0.083604	-0.342876	-0.310346	0.886635	0.346464	-0.919088	-0.187723	0.873154	0.242822	0.422657
11867	11.130287	-0.354455	8.923148	0.848863	-0.202350	-0.027803	-0.341174	-0.309611	0.887548	0.353831	-0.917054	-0.183891	0.870864	0.251303	0.422425
11868	9.357349	2.388105	8.148458	0.641373	-0.265514	-0.010969	-0.338836	-0.308858	0.888705	0.359424	-0.915431	-0.181109	0.869485	0.258055	0.421192
11869	8.484748	2.221890	5.504991	0.161393	-0.582416	0.129189	-0.333277	-0.308542	0.890914	0.361324	-0.914590	-0.181576	0.870845	0.261393	0.416296
11870	9.847072	1.906948	2.049812	-0.414660	-0.978703	0.197040	-0.323955	-0.307814	0.894597	0.358399	-0.915042	-0.185063	0.875559	0.260671	0.406753
11871	11.944154	0.976883	-0.335918	-0.927142	-1.020710	0.206956	-0.314228	-0.307081	0.898311	0.350973	-0.916777	-0.190623	0.882088	0.255384	0.395854
11872	11.889685	0.263802	-1.330767	-1.209344	-0.847753	0.243194	-0.305813	-0.307208	0.901167	0.341067	-0.919045	-0.197561	0.888905	0.246941	0.385834
11873	10.641254	-0.101515	-0.768044	-1.346076	-0.725300	0.301239	-0.298297	-0.308221	0.903338	0.330024	-0.921357	-0.205389	0.895602	0.236856	0.376559
11874	9.573289	-1.461785	0.446621	-1.372241	-0.705140	0.306664	-0.290898	-0.309442	0.905331	0.318641	-0.923567	-0.213290	0.902134	0.226430	0.367264
11875	9.123474	-2.940439	0.786540	-1.249577	-0.714639	0.255228	-0.283588	-0.310206	0.907386	0.308119	-0.925534	-0.220113	0.908097	0.217162	0.358051
11876	8.963380	-3.871096	1.607541	-1.008794	-0.704003	0.227758	-0.276419	-0.310839	0.909380	0.299619	-0.926960	-0.225775	0.913138	0.210059	0.349362
11877	8.624888	-4.600753	2.553878	-0.703428	-0.661825	0.213920	-0.269681	-0.311440	0.911196	0.293819	-0.927743	-0.230136	0.917029	0.205664	0.341701
11878	8.147455	-4.601027	2.850233	-0.424331	-0.639951	0.214385	-0.263110	-0.312146	0.912874	0.290541	-0.927922	-0.233552	0.919978	0.203777	0.334836
11879	8.161803	-3.796919	2.832987	-0.221813	-0.623971	0.224612	-0.256661	-0.312957	0.914430	0.289134	-0.927658	-0.236330	0.922240	0.203736	0.328580
11880	8.388428	-2.386404	2.798354	-0.167638	-0.580028	0.228011	-0.250581	-0.313916	0.915787	0.288212	-0.927264	-0.238989	0.924199	0.204055	0.322829
11881	10.840992	1.507899	4.243717	-0.389415	-0.555289	0.276731	-0.244597	-0.315355	0.916910	0.285345	-0.927170	-0.242764	0.926688	0.202256	0.316768
11882	6.686730	1.005176	2.602034	-1.360458	0.106914	-0.102180	-0.245808	-0.314643	0.916830	0.272510	-0.930134	-0.246147	0.930224	0.189341	0.314378
11883	7.116825	-1.964140	0.879210	-1.270993	-0.515505	-0.177722	-0.241427	-0.312032	0.918885	0.260277	-0.933022	-0.248448	0.934863	0.179183	0.306471
11884	8.638925	-4.395573	0.616258	-1.113703	-0.668454	-0.115453	-0.235391	-0.309813	0.921199	0.249613	-0.935310	-0.250776	0.939300	0.170913	0.297497
11885	9.304024	-4.803552	0.007279	-0.898366	-0.739211	-0.084924	-0.228589	-0.307774	0.923592	0.241011	-0.937070	-0.252615	0.943218	0.164851	0.288381
11886	9.909229	-4.256928	-0.276075	-0.831147	-0.790968	-0.062546	-0.221196	-0.305934	0.926000	0.233062	-0.938590	-0.254422	0.946971	0.159539	0.278914
11887	9.962640	-3.605442	-0.350203	-0.815083	-0.815383	-0.055412	-0.213526	-0.304135	0.928390	0.225256	-0.940028	-0.256139	0.950614	0.154433	0.269229
11888	10.460984	-2.124821	0.240598	-0.874478	-0.830504	-0.074001	-0.205714	-0.302210	0.930780	0.216819	-0.941559	-0.257791	0.954291	0.148779	0.259217
11889	10.377564	-0.826161	0.973086	-1.165982	-0.719970	-0.150043	-0.199079	-0.299757	0.933013	0.205409	-0.943685	-0.259357	0.958214	0.140017	0.249440
11890	9.691744	-2.518423	1.335092	-1.320796	-0.747790	-0.217141	-0.192265	-0.296729	0.935407	0.192348	-0.946096	-0.260584	0.962308	0.129822	0.238976
11891	9.084891	-4.322934	0.968736	-1.470585	-0.739437	-0.286571	-0.185594	-0.293096	0.937896	0.177667	-0.948757	-0.261332	0.966431	0.118131	0.228157
11892	9.096014	-5.486450	1.019112	-1.348214	-0.819438	-0.329488	-0.178158	-0.289074	0.940583	0.164059	-0.951222	-0.261269	0.970229	0.107764	0.216893
11893	9.489376	-3.631656	1.510724	-0.923728	-0.980940	-0.176617	-0.168834	-0.286370	0.943126	0.154816	-0.952690	-0.261560	0.973410	0.101851	0.205181
11894	9.413140	-1.192228	2.221039	-1.268792	-0.781726	-0.217625	-0.161471	-0.283572	0.945259	0.142132	-0.954524	-0.262072	0.976589	0.092035	0.194432
11895	8.676793	-1.598748	2.579642	-1.588057	-0.606106	-0.353455	-0.155944	-0.279683	0.947343	0.126078	-0.956868	-0.261741	0.979687	0.078622	0.184479
11896	8.155950	-3.116446	2.871841	-1.696754	-0.607144	-0.458154	-0.150462	-0.274897	0.949628	0.108774	-0.959334	-0.260472	0.982614	0.064103	0.174245
11897	8.147316	-4.797595	2.800225	-1.570871	-0.630488	-0.509468	-0.144703	-0.269650	0.952024	0.092607	-0.961618	-0.258292	0.985132	0.050789	0.164120
11898	7.855881	-6.527293	2.349359	-1.221804	-0.661436	-0.503812	-0.138553	-0.264536	0.954371	0.079890	-0.963510	-0.255471	0.987128	0.040849	0.154631
11899	8.175044	-5.494801	2.406865	-0.751827	-0.691277	-0.438834	-0.131991	-0.260060	0.956529	0.071912	-0.964941	-0.252424	0.988639	0.035468	0.146065
11900	8.408841	-4.476581	2.615450	-0.467906	-0.699011	-0.376060	-0.125275	-0.256229	0.958464	0.066845	-0.966059	-0.249523	0.989868	0.032809	0.138151
