// General information: 
//  MT Manager version: 2022.2.0 
//  XDA version: 2022.2.0 build 7381 rev 124627 built on 2023-07-19
// Device information: 
//  DeviceId: 00B4CBA7
//  ProductCode: MTW2-3A7G6
//  Firmware Version: 4.6.0
//  Hardware Version: 2.0.0
// Device settings: 
//  Filter Profile: human(46.1)
//  Option Flags: Orientation Smoother Disabled, Position/Velocity Smoother Disabled, Continuous Zero Rotation Update Disabled, AHS Disabled, ICC Disabled
// Coordinate system: ENU
PacketCounter	Acc_X	Acc_Y	Acc_Z	Gyr_X	Gyr_Y	Gyr_Z	Mat[1][1]	Mat[2][1]	Mat[3][1]	Mat[1][2]	Mat[2][2]	Mat[3][2]	Mat[1][3]	Mat[2][3]	Mat[3][3]
05376	9.381691	-0.302048	-2.853144	0.040653	-0.031676	-0.022813	0.300180	0.034411	0.953262	0.221148	-0.974631	-0.034457	0.927893	0.221155	-0.300175
05377	9.340326	-0.280610	-2.918440	0.041418	-0.032456	-0.020337	0.300240	0.034790	0.953229	0.221936	-0.974456	-0.034338	0.927686	0.221865	-0.300292
05378	9.365843	-0.301623	-2.917076	0.040145	-0.033106	-0.022285	0.300474	0.035112	0.953144	0.222357	-0.974365	-0.034204	0.927509	0.222216	-0.300579
05379	9.377112	-0.311003	-3.045921	0.034705	-0.032888	-0.017040	0.300626	0.035502	0.953081	0.223373	-0.974134	-0.034172	0.927215	0.223166	-0.300780
05380	9.375810	-0.271420	-3.265094	0.028882	-0.031133	-0.019964	0.300846	0.035797	0.953001	0.223684	-0.974068	-0.034025	0.927069	0.223407	-0.301052
05381	9.369083	-0.291480	-3.337281	0.020133	-0.019054	-0.018076	0.300946	0.036102	0.952958	0.224249	-0.973941	-0.033922	0.926900	0.223909	-0.301199
05382	9.340430	-0.306189	-3.382664	0.025313	-0.010535	-0.016784	0.300982	0.036320	0.952938	0.224518	-0.973884	-0.033795	0.926823	0.224123	-0.301276
05383	9.293988	-0.331936	-3.371313	0.031105	-0.003485	-0.018193	0.300901	0.036575	0.952954	0.225079	-0.973758	-0.033696	0.926714	0.224629	-0.301237
05384	9.242132	-0.405049	-3.285011	0.044773	0.001697	-0.012253	0.300833	0.036721	0.952970	0.225514	-0.973658	-0.033672	0.926630	0.225038	-0.301190
05385	9.268446	-0.362010	-3.086520	0.064416	0.008112	-0.012076	0.300601	0.036839	0.953038	0.226014	-0.973543	-0.033657	0.926583	0.225517	-0.300974
05386	9.288229	-0.249172	-2.908224	0.056536	0.012100	-0.007730	0.300447	0.036917	0.953084	0.226544	-0.973417	-0.033710	0.926504	0.226044	-0.300824
05387	9.276608	-0.252417	-2.709081	0.039067	0.010657	-0.000477	0.300158	0.036900	0.953176	0.226722	-0.973376	-0.033713	0.926554	0.226225	-0.300532
05388	9.317607	-0.286131	-2.573633	0.018054	0.006493	-0.000427	0.300071	0.036920	0.953202	0.226873	-0.973340	-0.033721	0.926545	0.226374	-0.300448
05389	9.350666	-0.365451	-2.620212	0.011718	0.002398	-0.000660	0.299839	0.037010	0.953272	0.227257	-0.973252	-0.033694	0.926526	0.226740	-0.300229
05390	9.393536	-0.426934	-2.639491	0.015624	-0.006533	-0.002154	0.299869	0.037077	0.953260	0.227391	-0.973221	-0.033678	0.926484	0.226862	-0.300269
05391	9.335949	-0.354912	-2.751709	0.036962	-0.019894	-0.004373	0.299998	0.037178	0.953215	0.227676	-0.973154	-0.033699	0.926372	0.227134	-0.300409
05392	9.336836	-0.292891	-2.858029	0.043848	-0.018749	-0.002489	0.300141	0.037275	0.953166	0.228073	-0.973058	-0.033764	0.926228	0.227525	-0.300556
05393	9.339328	-0.193346	-2.925136	0.039812	-0.027303	-0.006983	0.300256	0.037553	0.953119	0.229044	-0.972828	-0.033825	0.925951	0.228462	-0.300699
05394	9.356392	-0.170525	-3.055661	0.019132	-0.024206	-0.003109	0.300447	0.037669	0.953054	0.229214	-0.972789	-0.033810	0.925847	0.228611	-0.300906
05395	9.358110	-0.224278	-3.067290	0.002856	-0.024207	-0.003424	0.300472	0.037749	0.953043	0.229019	-0.972839	-0.033671	0.925887	0.228383	-0.300956
05396	9.311111	-0.250492	-3.057577	-0.000083	-0.026275	-0.001625	0.300685	0.037855	0.952972	0.229007	-0.972844	-0.033612	0.925821	0.228344	-0.301189
05397	9.343161	-0.329511	-3.107088	0.004474	-0.028672	-0.000644	0.300844	0.038068	0.952913	0.229586	-0.972707	-0.033624	0.925626	0.228892	-0.301373
05398	9.301829	-0.322094	-3.099983	0.014392	-0.028371	-0.002736	0.301074	0.038190	0.952836	0.229712	-0.972679	-0.033599	0.925520	0.228993	-0.301621
05399	9.293077	-0.315501	-3.018552	0.023848	-0.025898	0.003038	0.301232	0.038211	0.952785	0.229745	-0.972670	-0.033628	0.925460	0.229028	-0.301778
05400	9.298060	-0.282414	-3.023263	0.024985	-0.025931	-0.000183	0.301445	0.038302	0.952714	0.229961	-0.972618	-0.033659	0.925337	0.229233	-0.301999
05401	9.285709	-0.351216	-3.020891	0.023333	-0.027333	0.003568	0.301668	0.038373	0.952641	0.230257	-0.972545	-0.033740	0.925191	0.229530	-0.302221
05402	9.238086	-0.287332	-2.962259	0.021439	-0.026520	0.004317	0.301897	0.038422	0.952566	0.230426	-0.972503	-0.033803	0.925074	0.229701	-0.302449
05403	9.247699	-0.283093	-2.864769	0.018502	-0.028585	0.006120	0.302040	0.038436	0.952520	0.230468	-0.972491	-0.033838	0.925017	0.229746	-0.302589
05404	9.311680	-0.272278	-2.791519	0.005128	-0.032388	0.010552	0.302337	0.038438	0.952426	0.230467	-0.972489	-0.033911	0.924920	0.229755	-0.302878
05405	9.315012	-0.289370	-2.764459	-0.016508	-0.035085	0.013336	0.302503	0.038444	0.952373	0.230406	-0.972503	-0.033927	0.924881	0.229696	-0.303043
05406	9.370776	-0.337252	-2.801139	-0.040648	-0.035493	0.019571	0.302849	0.038366	0.952266	0.229955	-0.972609	-0.033947	0.924880	0.229259	-0.303376
05407	9.335906	-0.399938	-2.774287	-0.070199	-0.042199	0.021556	0.303079	0.038237	0.952198	0.229050	-0.972826	-0.033840	0.925029	0.228357	-0.303601
05408	9.356689	-0.405588	-2.804694	-0.079756	-0.047606	0.024506	0.303548	0.038137	0.952053	0.228222	-0.973023	-0.033788	0.925080	0.227535	-0.304063
05409	9.376097	-0.382439	-2.681672	-0.092462	-0.046988	0.019736	0.304022	0.038116	0.951902	0.227469	-0.973203	-0.033681	0.925110	0.226768	-0.304546
05410	9.312018	-0.368384	-2.651476	-0.102994	-0.066165	0.016407	0.304644	0.038136	0.951702	0.226450	-0.973447	-0.033480	0.925155	0.225712	-0.305191
05411	9.310253	-0.457890	-2.708090	-0.096071	-0.083896	0.005770	0.305356	0.038384	0.951464	0.225917	-0.973580	-0.033228	0.925051	0.225098	-0.305960
05412	9.324817	-0.523234	-2.894903	-0.083871	-0.106287	0.002905	0.306318	0.038625	0.951145	0.225116	-0.973774	-0.032956	0.924928	0.224213	-0.306980
05413	9.310234	-0.344117	-2.906779	-0.045205	-0.116768	-0.000203	0.307399	0.038893	0.950786	0.224597	-0.973900	-0.032776	0.924696	0.223618	-0.308111
05414	9.409442	-0.259411	-2.689502	-0.008538	-0.134673	0.028675	0.308681	0.038945	0.950368	0.224413	-0.973936	-0.032979	0.924313	0.223455	-0.309375
05415	9.332713	0.033054	-2.392009	0.002444	-0.142613	0.054583	0.310103	0.038851	0.949909	0.224647	-0.973864	-0.033507	0.923780	0.223785	-0.310726
05416	9.365005	-0.256043	-2.111117	-0.047488	-0.170767	0.043850	0.311751	0.038836	0.949370	0.224057	-0.973992	-0.033732	0.923369	0.223229	-0.312344
05417	9.191126	-0.580176	-1.861207	-0.088694	-0.195662	0.036421	0.313470	0.038902	0.948801	0.222956	-0.974245	-0.033716	0.923053	0.222110	-0.314070
05418	8.733247	-1.607494	-1.339798	-0.128605	-0.225457	0.001073	0.315526	0.039421	0.948098	0.221751	-0.974535	-0.033278	0.922643	0.220741	-0.316233
05419	8.512038	-2.455519	-0.960001	-0.061696	-0.289639	0.001208	0.318059	0.040123	0.947222	0.221412	-0.974620	-0.033062	0.921854	0.220242	-0.318870
05420	8.462045	-1.903387	-0.439222	0.035304	-0.368372	0.015065	0.321458	0.040819	0.946044	0.221674	-0.974553	-0.033275	0.920611	0.220410	-0.322326
05421	8.982632	-0.888385	-0.459126	-0.011319	-0.433589	0.029586	0.325316	0.041561	0.944691	0.221742	-0.974530	-0.033486	0.919239	0.220372	-0.326246
05422	9.554219	-0.210690	-1.478448	-0.176442	-0.458715	0.026312	0.329561	0.042341	0.943185	0.220020	-0.974933	-0.033112	0.918140	0.218432	-0.330615
05423	9.770555	0.245632	-3.426985	-0.251236	-0.470981	-0.015864	0.333618	0.043578	0.941700	0.218013	-0.975418	-0.032097	0.917153	0.216011	-0.334918
05424	10.026348	-0.272080	-5.355524	-0.313661	-0.418256	-0.078181	0.337255	0.045268	0.940324	0.215385	-0.976060	-0.030261	0.916443	0.212737	-0.338931
05425	9.546025	-0.977760	-7.080471	-0.102521	-0.366203	-0.107815	0.340260	0.047226	0.939145	0.215249	-0.976132	-0.028900	0.915364	0.211983	-0.342303
05426	8.756861	-0.443841	-8.076687	0.146702	-0.297674	-0.101022	0.342736	0.048875	0.938160	0.216922	-0.975775	-0.028412	0.914044	0.213245	-0.345035
05427	8.801735	-0.433499	-8.957693	0.320196	-0.169939	-0.070586	0.343951	0.049881	0.937662	0.219928	-0.975091	-0.028801	0.912869	0.216124	-0.346353
05428	8.330548	-0.128667	-8.770695	0.488905	-0.035842	-0.048599	0.344141	0.050463	0.937561	0.224541	-0.974003	-0.029995	0.911673	0.220844	-0.346525
05429	8.251007	0.786167	-7.674075	0.493699	0.078754	-0.056163	0.343165	0.050890	0.937895	0.229372	-0.972841	-0.031138	0.910838	0.225813	-0.345518
05430	8.896257	0.900074	-6.756009	0.325723	0.195838	-0.058640	0.341217	0.051045	0.938598	0.232526	-0.972075	-0.031667	0.910770	0.229054	-0.343557
05431	9.124821	0.519217	-5.447115	0.075041	0.281483	-0.051562	0.338388	0.051052	0.939621	0.233834	-0.971769	-0.031412	0.911491	0.230345	-0.340773
05432	9.136323	-0.260683	-4.033622	-0.105183	0.327849	-0.059952	0.335227	0.050911	0.940761	0.233062	-0.971985	-0.030448	0.912855	0.229463	-0.337701
05433	9.444875	-0.788650	-3.076888	-0.169650	0.335235	-0.066821	0.331735	0.050803	0.942004	0.231770	-0.972333	-0.029181	0.914459	0.228009	-0.334331
05434	9.479494	-0.896540	-2.242268	-0.187101	0.323209	-0.070172	0.328584	0.050781	0.943109	0.230275	-0.972727	-0.027853	0.915973	0.226327	-0.331316
05435	9.486493	-0.577835	-1.829230	-0.155679	0.286527	-0.068540	0.325595	0.050932	0.944137	0.229522	-0.972938	-0.026667	0.917228	0.225383	-0.328473
05436	9.460111	-0.073634	-2.086582	-0.184620	0.264838	-0.081990	0.322945	0.051165	0.945034	0.228080	-0.973315	-0.025245	0.918524	0.223696	-0.325997
05437	9.585583	-0.172001	-2.639962	-0.196235	0.266411	-0.099221	0.320102	0.051631	0.945975	0.226895	-0.973632	-0.023637	0.919812	0.222203	-0.323377
05438	9.549291	-0.484872	-3.442731	-0.159356	0.273779	-0.101003	0.317322	0.052037	0.946889	0.225736	-0.973937	-0.022125	0.921059	0.220767	-0.320799
05439	9.049844	-0.618910	-4.010721	-0.098832	0.263481	-0.109567	0.314589	0.052560	0.947772	0.225221	-0.974087	-0.020737	0.922122	0.219981	-0.318274
05440	9.241181	-0.773360	-4.485432	0.059476	0.264199	-0.106171	0.311880	0.053041	0.948640	0.226087	-0.973904	-0.019876	0.922830	0.220674	-0.315734
05441	9.135244	-0.211961	-4.213345	0.251758	0.279370	-0.076094	0.309138	0.053225	0.949527	0.228740	-0.973284	-0.019914	0.923099	0.223350	-0.313054
05442	8.948315	0.641995	-3.590651	0.299621	0.271792	-0.066487	0.306444	0.053291	0.950396	0.231696	-0.972579	-0.020173	0.923260	0.226385	-0.310388
05443	9.279878	0.743657	-3.066311	0.210729	0.284126	-0.041753	0.303675	0.053236	0.951287	0.234346	-0.971939	-0.020418	0.923506	0.229131	-0.307629
05444	9.240224	0.498095	-2.116583	0.117089	0.281308	-0.024143	0.300987	0.052854	0.952162	0.235487	-0.971661	-0.020504	0.924096	0.230393	-0.304904
05445	9.182267	0.290738	-1.186234	0.018150	0.245049	-0.003058	0.298570	0.052375	0.952950	0.235833	-0.971578	-0.020490	0.924791	0.230855	-0.302435
05446	9.403687	-0.365173	-0.522786	-0.068694	0.195178	0.010678	0.296757	0.051851	0.953544	0.235151	-0.971746	-0.020342	0.925548	0.230264	-0.300565
05447	9.512726	-0.180103	0.167899	-0.020178	0.110013	0.029741	0.295654	0.051477	0.953907	0.235477	-0.971663	-0.020548	0.925818	0.230698	-0.299398
05448	9.513232	0.549448	0.923243	-0.047310	0.024732	0.061906	0.295538	0.050848	0.953977	0.234842	-0.971808	-0.020954	0.926016	0.230226	-0.299148
05449	9.573551	0.840439	1.073099	-0.118744	-0.070340	0.079469	0.296325	0.050335	0.953760	0.233750	-0.972063	-0.021323	0.926041	0.229260	-0.299812
05450	9.792150	1.088256	0.437927	-0.099729	-0.149156	0.083059	0.297867	0.049898	0.953302	0.232566	-0.972337	-0.021772	0.925845	0.228191	-0.301232
05451	10.192129	0.991501	-1.011005	-0.075670	-0.188760	0.087389	0.299735	0.049588	0.952733	0.231949	-0.972471	-0.022357	0.925396	0.227687	-0.302986
05452	9.706822	0.427263	-2.408084	0.043876	-0.237369	0.088008	0.302103	0.049303	0.951999	0.232076	-0.972419	-0.023286	0.924594	0.227971	-0.305213
05453	9.483588	0.205379	-3.740350	0.192906	-0.262377	0.087329	0.304677	0.049074	0.951191	0.233545	-0.972033	-0.024658	0.923379	0.229658	-0.307617
05454	9.505101	-0.341306	-4.725286	0.279425	-0.234612	0.113178	0.307075	0.048545	0.950446	0.235764	-0.971448	-0.026554	0.922020	0.232235	-0.309752
05455	8.982015	-0.097152	-5.094206	0.292039	-0.206546	0.127508	0.309267	0.047815	0.949773	0.237967	-0.970852	-0.028611	0.920720	0.234863	-0.311631
05456	9.068140	0.252598	-5.065083	0.175691	-0.157820	0.139325	0.311019	0.046864	0.949248	0.239138	-0.970508	-0.030440	0.919826	0.236469	-0.313053
05457	9.173994	0.371851	-4.627183	0.047797	-0.113073	0.170911	0.312399	0.045487	0.948861	0.238975	-0.970493	-0.032155	0.919401	0.236800	-0.314052
05458	9.069034	0.597555	-3.544142	-0.046698	-0.074030	0.191527	0.313504	0.043832	0.948575	0.237933	-0.970694	-0.033782	0.919295	0.236288	-0.314746
05459	9.270290	0.561715	-2.467652	-0.179548	-0.057889	0.203122	0.314413	0.042088	0.948353	0.235886	-0.971146	-0.035105	0.919512	0.234741	-0.315269
05460	9.472730	0.041488	-1.490621	-0.219649	-0.073373	0.204382	0.315534	0.040304	0.948058	0.233209	-0.971749	-0.036306	0.919810	0.232552	-0.316019
05461	9.510835	-0.097933	-0.919026	-0.143784	-0.124805	0.208792	0.317154	0.038620	0.947587	0.231223	-0.972167	-0.037768	0.919755	0.231082	-0.317257
05462	9.681065	-0.152340	-0.761948	-0.067699	-0.175608	0.207397	0.319215	0.037038	0.946958	0.229928	-0.972407	-0.039474	0.919367	0.230332	-0.318923
05463	9.703473	-0.409021	-1.071882	0.014523	-0.231895	0.216165	0.321807	0.035448	0.946142	0.229128	-0.972511	-0.041496	0.918662	0.230141	-0.321083
05464	9.567660	-0.434407	-1.474324	0.077968	-0.292313	0.218754	0.324960	0.034024	0.945116	0.229124	-0.972413	-0.043773	0.917553	0.230773	-0.323790
05465	9.550473	-0.507035	-1.727603	0.106392	-0.344366	0.228990	0.328557	0.032665	0.943919	0.229500	-0.972210	-0.046240	0.916177	0.231822	-0.326923
05466	9.513086	-0.529251	-2.033202	0.121695	-0.386209	0.242506	0.332617	0.031235	0.942545	0.229801	-0.972009	-0.048884	0.914635	0.232857	-0.330484
05467	9.445629	-0.729274	-2.412656	0.061814	-0.411639	0.253779	0.336881	0.029694	0.941079	0.229284	-0.972001	-0.051408	0.913203	0.233092	-0.334257
05468	9.272022	-0.942065	-2.982817	0.032017	-0.448744	0.248357	0.341512	0.028356	0.939450	0.228721	-0.972004	-0.053807	0.911623	0.233248	-0.338436
05469	9.436284	-0.668311	-3.709004	0.047040	-0.462878	0.244346	0.346179	0.027109	0.937777	0.228376	-0.971949	-0.056208	0.909948	0.233623	-0.342659
05470	9.421335	-0.381412	-4.020928	0.053597	-0.455499	0.253948	0.350867	0.025735	0.936072	0.227966	-0.971896	-0.058728	0.908253	0.233999	-0.346873
05471	9.365014	-0.086754	-4.122416	0.022197	-0.453212	0.253934	0.355448	0.024329	0.934379	0.227201	-0.971928	-0.061123	0.906662	0.234018	-0.350998
05472	9.442461	-0.340401	-3.927645	0.007885	-0.437391	0.267077	0.359984	0.022786	0.932680	0.226306	-0.971978	-0.063601	0.905095	0.233966	-0.355053
05473	9.397087	-0.596845	-2.816001	0.012293	-0.444455	0.261477	0.364424	0.021118	0.930994	0.224965	-0.972129	-0.066008	0.903652	0.233495	-0.359017
05474	9.661668	-1.091125	-1.295864	0.049840	-0.501099	0.269621	0.369520	0.019697	0.929014	0.224414	-0.972073	-0.068651	0.901717	0.233852	-0.363621
05475	9.690432	-1.479768	0.640021	0.224947	-0.613742	0.283497	0.375509	0.018346	0.926637	0.225247	-0.971635	-0.072041	0.899031	0.235774	-0.368990
05476	9.590606	-1.266912	2.875635	0.436117	-0.786714	0.290224	0.383191	0.017428	0.923505	0.228048	-0.970655	-0.076307	0.895075	0.239843	-0.375921
05477	9.819268	-1.144988	4.894051	0.587082	-0.995566	0.275831	0.392435	0.017135	0.919620	0.232195	-0.969288	-0.081026	0.889989	0.245329	-0.384361
05478	10.180587	-0.554268	6.186305	0.688003	-1.211187	0.241907	0.403710	0.017831	0.914713	0.237324	-0.967627	-0.085881	0.883570	0.251755	-0.394873
05479	10.488852	-0.186460	6.560936	0.596729	-1.461217	0.182333	0.416756	0.019383	0.908812	0.240910	-0.966378	-0.089864	0.876514	0.256394	-0.407413
05480	11.390148	-1.215125	4.685369	0.564145	-1.693651	0.128923	0.431809	0.022551	0.901683	0.245275	-0.964951	-0.093327	0.867975	0.261460	-0.422205
05481	12.121507	-2.111019	1.903335	0.634946	-1.887419	0.141484	0.448081	0.025835	0.893620	0.249483	-0.963484	-0.097242	0.858476	0.266515	-0.438164
05482	12.532147	-2.276294	-0.283550	0.691932	-2.040423	0.127719	0.465773	0.030133	0.884391	0.254794	-0.961662	-0.101424	0.847429	0.272579	-0.455594
05483	13.190289	-2.625582	-1.037570	0.688268	-2.154228	0.144872	0.483857	0.034314	0.874474	0.259295	-0.959985	-0.105802	0.835852	0.277940	-0.473393
05484	13.711821	-2.778351	-0.228270	0.730718	-2.304500	0.183603	0.503414	0.039056	0.863162	0.264442	-0.958006	-0.110881	0.822584	0.284076	-0.492602
05485	14.253348	-2.870462	0.330410	0.717235	-2.451851	0.232115	0.523744	0.043420	0.850768	0.268360	-0.956260	-0.116402	0.808502	0.289278	-0.512488
05486	14.779986	-2.854780	0.688624	0.643496	-2.576517	0.245242	0.545006	0.048619	0.837022	0.272198	-0.954502	-0.121792	0.793018	0.294213	-0.533443
05487	15.496386	-3.498499	1.939362	0.442588	-2.654775	0.227370	0.566346	0.054192	0.822384	0.274292	-0.953347	-0.126073	0.777185	0.296974	-0.554788
05488	15.624585	-4.954462	2.157768	0.332925	-2.744748	0.209921	0.587993	0.060390	0.806609	0.275637	-0.952482	-0.129620	0.760453	0.298547	-0.576699
05489	15.531131	-4.048987	0.888091	0.454786	-2.811855	0.206653	0.609601	0.066705	0.789896	0.277670	-0.951291	-0.133957	0.742486	0.300991	-0.598431
05490	15.221172	-2.774896	-0.691318	0.370705	-2.819116	0.165715	0.630703	0.073661	0.772521	0.279361	-0.950295	-0.137464	0.723997	0.302511	-0.619932
05491	14.158703	-0.458256	-2.258518	0.441013	-2.845359	0.152828	0.651362	0.080657	0.754468	0.281356	-0.949123	-0.141439	0.704675	0.304402	-0.640916
05492	12.680258	1.529122	-6.168735	0.478461	-2.800284	0.180409	0.671297	0.087524	0.736003	0.283490	-0.947819	-0.145853	0.684832	0.306560	-0.661080
05493	10.997777	2.387883	-8.489718	0.505796	-2.697071	0.171188	0.689895	0.094018	0.717779	0.285576	-0.946464	-0.150510	0.665201	0.308816	-0.679809
05494	9.521649	3.384515	-9.324132	0.602418	-2.524010	0.108474	0.706723	0.100851	0.700266	0.288772	-0.944705	-0.155380	0.645875	0.312028	-0.696767
05495	8.936640	4.096213	-9.857814	0.508973	-2.280243	0.138445	0.721557	0.106543	0.684108	0.290906	-0.943291	-0.159922	0.628274	0.314404	-0.711633
05496	8.284201	4.117103	-10.736802	0.227648	-1.931592	0.151337	0.733963	0.111212	0.670023	0.291225	-0.942746	-0.162536	0.613585	0.314422	-0.724328
05497	7.253730	3.093382	-12.606383	-0.119863	-1.481291	0.149074	0.743312	0.114358	0.659097	0.289329	-0.943314	-0.162626	0.603138	0.311578	-0.734264
05498	5.563091	1.486636	-13.484888	-0.310504	-1.092344	0.093965	0.750103	0.116875	0.650911	0.286774	-0.944389	-0.160904	0.595908	0.307359	-0.741906
05499	4.222084	0.290131	-11.979278	-0.238341	-0.797187	0.069345	0.754937	0.118626	0.644979	0.284819	-0.945213	-0.159530	0.590718	0.304137	-0.747364
05500	3.880658	-1.171381	-12.181546	0.349727	-0.519309	0.095983	0.758238	0.119329	0.640965	0.286158	-0.944265	-0.162720	0.585823	0.306798	-0.750124
05501	3.843560	1.572769	-13.343377	1.374824	-0.080936	0.125622	0.758984	0.118394	0.640255	0.293233	-0.940117	-0.173767	0.581342	0.319630	-0.748250
05502	1.527429	3.118595	-13.091022	1.251943	0.430035	0.043594	0.756586	0.116606	0.643414	0.300186	-0.936096	-0.183338	0.580918	0.331855	-0.743240
05503	0.991698	2.636253	-9.511887	0.953682	0.335705	0.052088	0.754702	0.115042	0.645902	0.305387	-0.932945	-0.190661	0.580657	0.341142	-0.739229
05504	4.281508	2.794308	-6.781481	0.527910	0.679472	0.143058	0.751155	0.111393	0.650660	0.307393	-0.931298	-0.195431	0.584189	0.346807	-0.733790
05505	5.431998	2.889748	-6.431762	-0.088473	1.415649	0.159227	0.743201	0.105095	0.660763	0.305778	-0.931767	-0.195728	0.595107	0.347512	-0.724626
05506	4.804435	2.593199	-7.362295	-0.735632	2.034790	0.101784	0.731195	0.097145	0.675216	0.300593	-0.934416	-0.191077	0.612371	0.342680	-0.712441
05507	4.021573	1.981306	-8.227708	-1.435186	2.399815	0.060417	0.716317	0.088629	0.692123	0.291341	-0.939292	-0.181245	0.634042	0.331473	-0.698653
05508	3.042358	0.618619	-8.845128	-2.122359	2.627686	0.028481	0.699382	0.079907	0.710268	0.277425	-0.946170	-0.166726	0.658711	0.313651	-0.683902
05509	2.663295	-0.943550	-9.383171	-2.428852	2.630216	-0.009660	0.681603	0.072198	0.728152	0.261348	-0.953503	-0.150098	0.683458	0.292608	-0.668779
05510	2.649350	-1.857642	-8.940301	-2.351990	2.610612	-0.091668	0.663188	0.065731	0.745561	0.245613	-0.960085	-0.133832	0.707005	0.271875	-0.652862
05511	2.859581	-2.403266	-8.565571	-2.127272	2.695154	-0.209961	0.643229	0.060859	0.763252	0.231863	-0.965514	-0.118416	0.729723	0.253138	-0.635157
05512	2.636450	-2.563399	-7.739605	-1.792278	2.740983	-0.337590	0.622137	0.057429	0.780800	0.220727	-0.969716	-0.104550	0.751150	0.237388	-0.615972
05513	3.294682	-2.694807	-7.617463	-1.471355	2.863784	-0.485746	0.599184	0.055703	0.798671	0.212641	-0.972820	-0.091680	0.771857	0.224763	-0.594743
05514	3.267245	-2.767696	-8.124701	-1.069281	3.003286	-0.609278	0.574389	0.055045	0.816730	0.207853	-0.974844	-0.080477	0.791754	0.215984	-0.571381
05515	3.359163	-2.436011	-7.785788	-0.583197	2.953073	-0.695207	0.549214	0.055666	0.833826	0.207226	-0.975687	-0.071357	0.809581	0.211981	-0.547396
05516	4.354727	-1.807941	-6.996524	-0.159800	2.969330	-0.742519	0.523350	0.056642	0.850233	0.209896	-0.975613	-0.064204	0.825862	0.212062	-0.522476
05517	5.047057	-1.302263	-6.112712	0.157932	3.054757	-0.770827	0.496165	0.057778	0.866303	0.215269	-0.974814	-0.058277	0.841118	0.215403	-0.496107
05518	5.713394	-0.878603	-5.696790	0.391653	3.138539	-0.782567	0.467793	0.058581	0.881894	0.222355	-0.973509	-0.053280	0.855411	0.221018	-0.468426
05519	6.116166	-0.574911	-5.623010	0.533114	3.225626	-0.786793	0.438118	0.059129	0.896971	0.230637	-0.971826	-0.048589	0.868826	0.228162	-0.439412
05520	5.989781	-0.283990	-5.528770	0.499416	3.267493	-0.768288	0.407683	0.059052	0.911212	0.238246	-0.970220	-0.043717	0.881495	0.234916	-0.409611
05521	5.604477	-0.145665	-5.825972	0.312140	3.322210	-0.742812	0.376319	0.058502	0.924641	0.244050	-0.969017	-0.038016	0.893769	0.239964	-0.378937
05522	5.141104	-0.329281	-5.526884	0.025836	3.327239	-0.696496	0.344633	0.057257	0.936990	0.246779	-0.968557	-0.031582	0.905719	0.242114	-0.347927
05523	5.048477	-0.612432	-5.902206	-0.223926	3.324958	-0.614123	0.312732	0.055292	0.948231	0.246880	-0.968725	-0.024935	0.917196	0.241897	-0.316602
05524	5.047992	-0.679228	-4.957190	-0.355568	3.302812	-0.537706	0.280899	0.052569	0.958297	0.245179	-0.969298	-0.018695	0.927892	0.240205	-0.285163
05525	5.326940	-0.515652	-4.548004	-0.290868	3.192489	-0.428608	0.250007	0.049202	0.966993	0.243726	-0.969748	-0.013671	0.937067	0.239099	-0.254436
05526	6.127243	0.289454	-3.865338	-0.229251	3.067126	-0.294654	0.220390	0.044766	0.974384	0.242243	-0.970162	-0.010220	0.944853	0.238290	-0.224659
05527	6.840542	0.751869	-4.386313	-0.217377	2.925563	-0.137396	0.192252	0.039263	0.980560	0.240589	-0.970592	-0.008306	0.951397	0.237509	-0.196044
05528	7.546039	1.534893	-4.783299	-0.270069	2.753813	0.018273	0.165979	0.032596	0.985590	0.237958	-0.971243	-0.007952	0.956989	0.235849	-0.168962
05529	8.701542	1.553221	-3.137655	-0.362363	2.554922	0.183270	0.141838	0.024951	0.989575	0.234337	-0.972113	-0.009078	0.961753	0.233182	-0.143729
05530	9.669507	1.553181	-2.919176	-0.577136	2.258078	0.439879	0.121050	0.015493	0.992526	0.228172	-0.973539	-0.012632	0.966066	0.227996	-0.121382
05531	10.273579	1.017088	-3.113430	-0.905132	1.952206	0.628779	0.103498	0.005128	0.994616	0.218856	-0.975596	-0.017744	0.970253	0.219514	-0.102094
05532	9.364936	0.243129	-2.737948	-1.248464	1.574782	0.682187	0.089596	-0.004868	0.995966	0.206033	-0.978267	-0.023316	0.974435	0.207291	-0.086646
05533	8.074437	-1.206345	-2.892388	-1.525827	1.125009	0.641246	0.079835	-0.013266	0.996720	0.190753	-0.981229	-0.028338	0.978386	0.192390	-0.075806
05534	6.691775	-3.969653	-3.285417	-1.862420	0.819437	0.482585	0.072639	-0.019480	0.997168	0.172101	-0.984567	-0.031770	0.982398	0.173921	-0.068166
05535	5.339194	-5.768883	-3.637687	-1.760042	0.447195	0.158568	0.068456	-0.021659	0.997419	0.154815	-0.987423	-0.032068	0.985569	0.156610	-0.064242
05536	5.511881	-6.437649	-3.817409	-1.459829	0.130820	-0.203023	0.066830	-0.019816	0.997568	0.140522	-0.989651	-0.029072	0.987819	0.142123	-0.063354
05537	6.141696	-5.900434	-3.741376	-0.689450	-0.244917	-0.562750	0.068441	-0.013806	0.997560	0.134186	-0.990691	-0.022917	0.988590	0.135427	-0.065952
05538	8.224533	-4.399042	-5.073778	0.101760	-0.592812	-0.598088	0.073458	-0.007042	0.997273	0.135591	-0.990619	-0.016983	0.988038	0.136468	-0.071814
05539	9.982662	-2.290691	-4.216213	0.733509	-0.583613	-0.371713	0.078671	-0.002467	0.996898	0.143171	-0.989602	-0.013747	0.986566	0.143809	-0.077500
05540	12.721742	-3.531362	-1.037229	0.667675	-0.211334	0.089942	0.080851	-0.003013	0.996722	0.149658	-0.988622	-0.015128	0.985427	0.150391	-0.079480
05541	14.250859	-6.784104	1.788896	0.309099	0.115477	0.488863	0.080423	-0.007956	0.996729	0.152343	-0.988122	-0.020179	0.985050	0.153467	-0.078256
05542	16.000265	-5.578798	2.551153	0.034893	0.161493	0.673660	0.079822	-0.014828	0.996699	0.152122	-0.987996	-0.026881	0.985133	0.153765	-0.076608
05543	17.100355	-1.484196	4.334595	-1.021239	0.079891	0.583959	0.079859	-0.020687	0.996591	0.141564	-0.989416	-0.031882	0.986703	0.143627	-0.076086
05544	17.217764	-2.009727	1.982556	-1.987168	-0.191912	0.431317	0.082287	-0.024670	0.996303	0.121557	-0.991981	-0.034603	0.989168	0.123955	-0.078629
05545	14.457068	-1.922662	-1.451569	-2.350049	-0.554432	0.220721	0.087982	-0.026215	0.995777	0.098057	-0.994570	-0.034847	0.991284	0.100709	-0.084934
05546	12.919859	0.128914	-4.054892	-2.501100	-0.758582	0.213399	0.095656	-0.027635	0.995031	0.073024	-0.996726	-0.034702	0.992732	0.075981	-0.093325
05547	10.139755	-0.127482	-6.656056	-2.513031	-0.754063	0.306380	0.103296	-0.030187	0.994192	0.047719	-0.998238	-0.035268	0.993505	0.051085	-0.101673
05548	6.747304	-1.974492	-7.401752	-1.919978	-0.651732	0.274964	0.109844	-0.032626	0.993413	0.028326	-0.998952	-0.035940	0.993545	0.032087	-0.108805
05549	5.097252	-2.226407	-6.657828	-0.502312	-0.621894	0.120997	0.116028	-0.033625	0.992677	0.023154	-0.999064	-0.036548	0.992976	0.027226	-0.115141
05550	7.175295	-0.190253	-5.420616	0.845193	-0.607123	-0.116801	0.121990	-0.032231	0.992008	0.031659	-0.998838	-0.036346	0.992026	0.035839	-0.120828
05551	9.995217	1.396267	-3.861786	1.498612	-0.548879	-0.249180	0.127318	-0.029484	0.991424	0.046774	-0.998268	-0.035695	0.990758	0.050917	-0.125718
05552	10.944468	1.526106	-2.890730	1.404416	-0.460439	-0.193958	0.131740	-0.027247	0.990910	0.060907	-0.997511	-0.035526	0.989411	0.065034	-0.129752
05553	10.981375	0.748977	-2.640758	0.691039	-0.387260	-0.088013	0.135499	-0.026074	0.990434	0.067823	-0.997065	-0.035527	0.988453	0.071989	-0.133333
05554	10.704723	0.292276	-2.562650	-0.313824	-0.308336	0.019678	0.138527	-0.026018	0.990017	0.064672	-0.997284	-0.035258	0.988245	0.068911	-0.136468
05555	9.803389	-0.905321	-2.870844	-1.222545	-0.226297	0.060237	0.140788	-0.026441	0.989687	0.052478	-0.998039	-0.034130	0.988648	0.056741	-0.139124
05556	8.837168	-2.285341	-3.278194	-1.553279	-0.163190	0.039132	0.142387	-0.026716	0.989450	0.037039	-0.998792	-0.032299	0.989118	0.041247	-0.141225
05557	8.783599	-2.530330	-3.117828	-1.300482	-0.147946	-0.004731	0.143841	-0.026588	0.989244	0.024145	-0.999247	-0.030368	0.989306	0.028253	-0.143090
05558	9.524141	-1.923838	-2.827384	-0.824299	-0.153200	-0.056554	0.145314	-0.025949	0.989045	0.016049	-0.999463	-0.028581	0.989255	0.020027	-0.144819
05559	10.097145	-1.167986	-2.619230	-0.396890	-0.175395	-0.119537	0.147026	-0.024703	0.988824	0.012244	-0.999566	-0.026792	0.989057	0.016047	-0.146660
05560	9.977020	-0.956296	-2.367641	-0.079760	-0.176030	-0.147728	0.148718	-0.023162	0.988608	0.011652	-0.999615	-0.025172	0.988811	0.015263	-0.148391
05561	9.500129	-0.769835	-2.278274	0.245611	-0.179648	-0.177319	0.150467	-0.021344	0.988385	0.014285	-0.999616	-0.023761	0.988512	0.017694	-0.150104
05562	9.153896	-0.364487	-2.287179	0.482444	-0.167405	-0.234147	0.152051	-0.018933	0.988191	0.019385	-0.999567	-0.022134	0.988183	0.022521	-0.151618
05563	9.142007	-0.503236	-2.040347	0.652704	-0.130410	-0.255323	0.153277	-0.016334	0.988048	0.026160	-0.999446	-0.020580	0.987837	0.029002	-0.152765
05564	9.342907	0.144816	-1.739865	0.776514	-0.119064	-0.223326	0.154354	-0.014027	0.987916	0.034151	-0.999226	-0.019523	0.987425	0.036752	-0.153756
05565	9.904390	0.904230	-1.595514	0.513389	-0.105499	-0.182105	0.155325	-0.012152	0.987789	0.039439	-0.999051	-0.018492	0.987076	0.041829	-0.154698
05566	10.024532	0.416357	-1.277692	0.051934	-0.095054	-0.177901	0.156161	-0.010299	0.987678	0.040206	-0.999051	-0.016774	0.986913	0.042330	-0.155598
05567	9.967341	-0.720816	-0.979698	-0.120119	-0.122479	-0.183820	0.157292	-0.008393	0.987516	0.039255	-0.999120	-0.014744	0.986772	0.041084	-0.156825
05568	9.686775	-1.390140	-0.533900	0.035168	-0.169738	-0.190093	0.158860	-0.006388	0.987280	0.039880	-0.999121	-0.012881	0.986495	0.041419	-0.158466
05569	9.462732	-1.060514	0.051636	0.397634	-0.252598	-0.192428	0.161265	-0.004343	0.986902	0.044047	-0.998962	-0.011593	0.985928	0.045340	-0.160906
05570	9.499209	-0.143158	0.282240	0.629942	-0.320639	-0.189218	0.164303	-0.002262	0.986407	0.050541	-0.998665	-0.010709	0.985114	0.051614	-0.163970
05571	9.599193	0.559212	0.304721	0.679004	-0.352753	-0.180357	0.167671	-0.000258	0.985843	0.057460	-0.998297	-0.010034	0.984167	0.058329	-0.167371
05572	9.972233	1.660099	-0.184178	0.599003	-0.367876	-0.159527	0.171161	0.001595	0.985242	0.063601	-0.997931	-0.009434	0.983188	0.064277	-0.170908
05573	10.231127	1.836251	-0.821471	0.289275	-0.327742	-0.126875	0.174288	0.003091	0.984690	0.066607	-0.997742	-0.008657	0.982439	0.067096	-0.174100
05574	9.904765	1.927191	-1.182801	0.087555	-0.317275	-0.080611	0.177317	0.004144	0.984145	0.067587	-0.997682	-0.007976	0.981830	0.067930	-0.177186
05575	9.620487	2.094187	-1.824336	-0.176098	-0.292737	-0.040115	0.180151	0.004767	0.983627	0.065892	-0.997801	-0.007233	0.981429	0.066116	-0.180069
05576	9.543315	1.510933	-2.123559	-0.404963	-0.260036	0.010943	0.182678	0.004859	0.983161	0.061877	-0.998062	-0.006565	0.981224	0.062034	-0.182624
05577	9.345380	0.824783	-2.239056	-0.591546	-0.245722	0.037397	0.185098	0.004668	0.982709	0.055983	-0.998415	-0.005802	0.981124	0.056089	-0.185066
05578	9.380579	-0.337412	-2.281448	-0.722678	-0.233442	0.021625	0.187368	0.004610	0.982279	0.048832	-0.998796	-0.004628	0.981075	0.048833	-0.187367
05579	9.426297	-1.169112	-1.900999	-0.651786	-0.249630	0.008596	0.189810	0.004677	0.981810	0.042404	-0.999095	-0.003439	0.980905	0.042285	-0.189836
05580	9.460260	-1.093226	-1.325979	-0.470142	-0.300868	0.004948	0.192731	0.004783	0.981240	0.037763	-0.999283	-0.002546	0.980525	0.037545	-0.192773
05581	9.644887	-0.881711	-0.709189	-0.323544	-0.359767	-0.012949	0.196241	0.005075	0.980543	0.034589	-0.999400	-0.001750	0.979945	0.034260	-0.196299
05582	9.953527	-0.763681	-0.488528	-0.161442	-0.437555	-0.030972	0.200485	0.005567	0.979681	0.033049	-0.999453	-0.001084	0.979139	0.032595	-0.200560
05583	10.000718	-0.432958	-0.649434	0.026051	-0.506149	-0.038273	0.205413	0.006143	0.978656	0.033347	-0.999444	-0.000726	0.978107	0.032784	-0.205503
05584	9.734631	-0.254046	-0.947799	0.205418	-0.554058	-0.040587	0.210783	0.006771	0.977509	0.035419	-0.999372	-0.000715	0.976891	0.034773	-0.210891
05585	9.606546	0.323387	-1.395719	0.358460	-0.590293	-0.033801	0.216518	0.007350	0.976251	0.038953	-0.999240	-0.001116	0.975501	0.038270	-0.216640
05586	9.713498	0.528718	-1.714041	0.357735	-0.585829	-0.015524	0.222191	0.007775	0.974972	0.042455	-0.999097	-0.001708	0.974078	0.041772	-0.222320
05587	9.429526	0.572930	-1.870751	0.294704	-0.581014	-0.001625	0.227829	0.008070	0.973668	0.045294	-0.998971	-0.002319	0.972647	0.044630	-0.227960
05588	9.456947	0.613394	-2.202700	0.208593	-0.569926	0.007174	0.233340	0.008294	0.972360	0.047286	-0.998877	-0.002827	0.971245	0.046639	-0.233470
05589	9.381015	0.437922	-2.211382	0.124217	-0.559547	0.020522	0.238764	0.008384	0.971041	0.048416	-0.998822	-0.003280	0.969870	0.047797	-0.238889
05590	9.114735	0.577960	-1.730391	0.062446	-0.555448	0.030057	0.244130	0.008387	0.969706	0.048930	-0.998795	-0.003680	0.968507	0.048346	-0.244247
05591	8.953858	1.176073	-1.089712	-0.023801	-0.568574	0.050512	0.249640	0.008190	0.968304	0.048554	-0.998812	-0.004069	0.967121	0.048030	-0.249741
05592	8.720765	1.451104	-0.871705	-0.335746	-0.561263	0.091569	0.255076	0.007571	0.966891	0.045059	-0.998976	-0.004065	0.965870	0.044604	-0.255156
05593	8.726806	-0.006263	-1.356640	-0.686224	-0.559290	0.071939	0.260486	0.007125	0.965451	0.038241	-0.999264	-0.002943	0.964720	0.037686	-0.260567
05594	9.173296	-1.856063	-1.789532	-0.647018	-0.607410	0.018065	0.266317	0.007190	0.963859	0.031938	-0.999489	-0.001369	0.963356	0.031148	-0.266411
05595	10.002125	-2.571710	-2.121411	-0.184756	-0.700117	-0.035003	0.273025	0.007788	0.961975	0.030237	-0.999543	-0.000490	0.961532	0.029221	-0.273135
05596	10.047716	-1.722914	-1.838457	0.331172	-0.806131	-0.039354	0.280723	0.008466	0.959751	0.033509	-0.999438	-0.000985	0.959204	0.032437	-0.280849
05597	9.533624	-0.319665	-1.705925	0.615347	-0.888771	-0.021733	0.289207	0.009020	0.957224	0.039429	-0.999219	-0.002496	0.956454	0.038464	-0.289337
05598	9.298092	0.560177	-2.022411	0.655782	-0.921050	-0.008931	0.297968	0.009529	0.954528	0.045701	-0.998946	-0.004294	0.953481	0.044902	-0.298090
05599	9.303986	0.600339	-2.317533	0.608194	-0.920082	0.000489	0.306705	0.009987	0.951752	0.051455	-0.998657	-0.006102	0.950413	0.050844	-0.306806
05600	9.406031	0.878184	-2.925174	0.565052	-0.916223	0.020723	0.315378	0.010307	0.948910	0.056736	-0.998357	-0.008013	0.947269	0.056365	-0.315445
05601	9.550146	0.846666	-3.429070	0.450348	-0.885183	0.022524	0.323739	0.010627	0.946087	0.060897	-0.998098	-0.009627	0.944185	0.060731	-0.323770
05602	9.474274	0.834997	-3.857577	0.343449	-0.855801	0.030944	0.331795	0.010887	0.943289	0.064019	-0.997888	-0.011000	0.941177	0.064038	-0.331791
05603	9.377249	0.517968	-3.965175	0.230773	-0.830576	0.030755	0.339596	0.011155	0.940505	0.066067	-0.997743	-0.012021	0.938248	0.066219	-0.339567
05604	9.094355	-0.109717	-3.857259	0.170932	-0.815060	0.032567	0.347222	0.011411	0.937713	0.067543	-0.997633	-0.012870	0.935347	0.067804	-0.347171
05605	8.916377	-0.575151	-3.572389	0.148079	-0.824100	0.023660	0.354912	0.011776	0.934826	0.068830	-0.997536	-0.013566	0.932363	0.069159	-0.354848
05606	8.873792	-1.083456	-3.058254	0.168331	-0.842298	0.015022	0.362731	0.012250	0.931813	0.070329	-0.997422	-0.014265	0.929236	0.070708	-0.362658
05607	8.914715	-1.949642	-2.439148	0.259873	-0.882476	-0.011952	0.370885	0.013035	0.928587	0.072765	-0.997235	-0.015065	0.925824	0.073156	-0.370808
05608	9.303757	-2.012483	-1.652160	0.547237	-0.959469	-0.040129	0.379688	0.014196	0.925006	0.077959	-0.996817	-0.016701	0.921824	0.078454	-0.379586
05609	9.618914	-1.053842	-0.987266	0.834316	-1.042614	-0.036419	0.389220	0.015436	0.921016	0.085735	-0.996126	-0.019537	0.917146	0.086568	-0.389036
05610	9.611478	-0.169681	-0.857462	0.955146	-1.122836	-0.009933	0.399448	0.016593	0.916606	0.094498	-0.995256	-0.023165	0.911872	0.095870	-0.399121
05611	10.247413	0.494731	-1.550239	0.983726	-1.171121	0.008787	0.410074	0.017694	0.911881	0.103365	-0.994272	-0.027191	0.906176	0.105406	-0.409554
05612	10.993595	0.694029	-2.305125	0.968539	-1.192582	0.020581	0.420836	0.018836	0.906941	0.112017	-0.993212	-0.031350	0.900194	0.114786	-0.420089
05613	11.070615	-0.128027	-2.971128	0.851532	-1.222266	0.047356	0.431823	0.019832	0.901740	0.119421	-0.992214	-0.035366	0.894018	0.122959	-0.430829
05614	10.308479	-1.329276	-3.567825	0.865875	-1.267810	0.060008	0.443158	0.020881	0.896200	0.126862	-0.991128	-0.039638	0.887422	0.131260	-0.441875
05615	9.793046	-1.151113	-3.187837	0.875214	-1.318908	0.069053	0.454871	0.021992	0.890286	0.134252	-0.989964	-0.044139	0.880380	0.139600	-0.453259
05616	9.888982	-1.480770	-2.583983	0.810859	-1.379150	0.102169	0.467070	0.022991	0.883921	0.140881	-0.988827	-0.048723	0.872925	0.147285	-0.465091
05617	10.092246	-1.345549	-1.988307	0.838991	-1.461247	0.142997	0.479936	0.023786	0.876981	0.147449	-0.987600	-0.053907	0.864824	0.155182	-0.477492
05618	10.261803	-1.128392	-1.193632	0.785465	-1.553390	0.176285	0.493536	0.024545	0.869379	0.153343	-0.986398	-0.059202	0.856100	0.162532	-0.490587
05619	10.659769	-1.148512	-0.567562	0.697063	-1.671307	0.180515	0.508007	0.025523	0.860975	0.158320	-0.985298	-0.064207	0.846678	0.168927	-0.504579
05620	10.905745	-1.428124	-0.317246	0.668880	-1.794766	0.148852	0.523318	0.027174	0.851704	0.163176	-0.984191	-0.068860	0.836368	0.175014	-0.519479
05621	10.971181	-1.912229	-0.388172	0.694949	-1.937599	0.096631	0.539528	0.029648	0.841446	0.168372	-0.982993	-0.073323	0.824961	0.181235	-0.535344
05622	11.340250	-2.181915	-0.739018	0.737364	-2.054578	0.049669	0.556403	0.032982	0.830258	0.174133	-0.981652	-0.077701	0.812461	0.187808	-0.551937
05623	11.700743	-2.804100	-1.250647	0.762870	-2.149430	0.011969	0.573694	0.036925	0.818237	0.180131	-0.980214	-0.082062	0.799017	0.194468	-0.568994
05624	12.418546	-3.004425	-1.547630	0.828012	-2.241461	0.001165	0.591412	0.041383	0.805307	0.186679	-0.978578	-0.086808	0.784463	0.201673	-0.586468
05625	12.926544	-3.084021	-0.877834	0.852972	-2.342247	0.002712	0.609556	0.046088	0.791402	0.193183	-0.976849	-0.091906	0.768845	0.208907	-0.604347
05626	13.534196	-2.756487	0.100095	0.871697	-2.453301	0.002301	0.628186	0.051310	0.776370	0.199798	-0.975001	-0.097226	0.751973	0.216193	-0.622734
05627	14.460843	-2.611293	1.451100	0.749110	-2.553099	-0.001559	0.647099	0.056809	0.760286	0.205245	-0.973385	-0.101957	0.734260	0.222021	-0.641537
05628	14.923942	-3.293835	1.933354	0.617547	-2.594891	-0.032038	0.665820	0.062968	0.743451	0.209936	-0.971986	-0.105690	0.715969	0.226448	-0.660387
05629	14.239958	-3.146417	1.577616	0.680013	-2.671693	-0.030776	0.684563	0.069230	0.725658	0.214786	-0.970442	-0.110039	0.696592	0.231190	-0.679199
05630	13.139642	-1.851672	0.237274	0.819926	-2.752983	0.004934	0.703436	0.075657	0.706720	0.220383	-0.968530	-0.115675	0.675728	0.237119	-0.697973
05631	11.908863	-0.432597	-1.445893	1.053860	-2.818985	0.035616	0.722188	0.081920	0.686829	0.226947	-0.966057	-0.123406	0.653406	0.244996	-0.716266
05632	10.767866	0.720043	-3.475872	1.245934	-2.899727	0.090249	0.740967	0.088319	0.665708	0.234285	-0.963026	-0.133007	0.629347	0.254520	-0.734263
05633	10.977729	2.824052	-5.180140	1.311472	-2.939086	0.138567	0.759365	0.094420	0.643777	0.241156	-0.959791	-0.143686	0.604325	0.264361	-0.751602
05634	11.231563	3.773713	-5.487149	0.979831	-2.848746	0.167510	0.776618	0.100465	0.621910	0.245682	-0.957336	-0.152147	0.580091	0.270952	-0.768166
05635	11.265519	4.600542	-7.304589	0.702845	-2.667200	0.257869	0.792363	0.105117	0.600925	0.247515	-0.955717	-0.159187	0.557581	0.274872	-0.783293
05636	10.822421	5.012835	-8.967966	0.378309	-2.413583	0.356609	0.806433	0.108382	0.581308	0.246747	-0.955061	-0.164240	0.537384	0.275885	-0.796936
05637	9.632312	4.298437	-9.888880	0.002491	-2.124670	0.422472	0.818638	0.110076	0.563663	0.243240	-0.955540	-0.166667	0.520256	0.273545	-0.809016
05638	8.292934	2.906852	-10.866850	-0.294956	-1.807351	0.467076	0.829012	0.110536	0.548198	0.237892	-0.956859	-0.166817	0.506109	0.268706	-0.819543
05639	7.590540	1.594802	-11.587131	-0.425782	-1.409342	0.479190	0.837126	0.109639	0.535909	0.231730	-0.958533	-0.165876	0.495501	0.263045	-0.827820
05640	6.163447	0.240306	-11.018999	-0.336616	-1.063194	0.433686	0.843321	0.108278	0.526389	0.226446	-0.959888	-0.165339	0.487372	0.258632	-0.834013
05641	5.508719	-0.086460	-11.467683	0.043606	-0.650839	0.406072	0.847319	0.106038	0.520391	0.223215	-0.960220	-0.167786	0.481898	0.258328	-0.837282
