// General information: 
//  MT Manager version: 2022.2.0 
//  XDA version: 2022.2.0 build 7381 rev 124627 built on 2023-07-19
// Device information: 
//  DeviceId: 00B4CBA7
//  ProductCode: MTW2-3A7G6
//  Firmware Version: 4.6.0
//  Hardware Version: 2.0.0
// Device settings: 
//  Filter Profile: human(46.1)
//  Option Flags: Orientation Smoother Disabled, Position/Velocity Smoother Disabled, Continuous Zero Rotation Update Disabled, AHS Disabled, ICC Disabled
// Coordinate system: ENU
PacketCounter	Acc_X	Acc_Y	Acc_Z	Gyr_X	Gyr_Y	Gyr_Z	Mat[1][1]	Mat[2][1]	Mat[3][1]	Mat[1][2]	Mat[2][2]	Mat[3][2]	Mat[1][3]	Mat[2][3]	Mat[3][3]
16528	9.579520	0.966797	-0.896037	0.126345	0.000438	-0.070657	0.066570	0.176537	0.982040	0.425005	-0.895490	0.132168	0.902740	0.408573	-0.134642
16529	9.613131	0.934066	-0.997141	0.177835	-0.010048	-0.082923	0.066284	0.177348	0.981914	0.426646	-0.894618	0.132781	0.901986	0.410129	-0.134963
16530	9.702936	0.829776	-1.099836	0.242295	-0.017240	-0.095926	0.066000	0.178302	0.981760	0.428887	-0.893450	0.133432	0.900944	0.412257	-0.135439
16531	9.788356	0.888164	-1.100215	0.269587	-0.024492	-0.107272	0.065734	0.179389	0.981580	0.431366	-0.892146	0.134156	0.899779	0.414602	-0.136027
16532	9.762719	1.001312	-1.197807	0.249762	-0.030648	-0.110299	0.065503	0.180524	0.981387	0.433677	-0.890908	0.134935	0.898685	0.416766	-0.136646
16533	9.627573	1.153495	-1.216900	0.175381	-0.037094	-0.112060	0.065324	0.181704	0.981181	0.435307	-0.889976	0.135832	0.897909	0.418242	-0.137234
16534	9.503225	1.182039	-1.212791	0.096397	-0.047074	-0.108962	0.065243	0.182895	0.980965	0.436235	-0.889373	0.136805	0.897465	0.419006	-0.137810
16535	9.551235	1.314978	-1.202002	0.042052	-0.053207	-0.119046	0.065176	0.184204	0.980725	0.436671	-0.888981	0.137952	0.897257	0.419263	-0.138377
16536	9.601437	1.376323	-1.197251	-0.008198	-0.058119	-0.121465	0.065140	0.185552	0.980473	0.436657	-0.888795	0.139192	0.897267	0.419064	-0.138919
16537	9.613215	1.575855	-1.086055	-0.052251	-0.075302	-0.133755	0.065208	0.187084	0.980177	0.436257	-0.888767	0.140614	0.897456	0.418440	-0.139571
16538	9.671554	1.798060	-0.913038	-0.143942	-0.094618	-0.141142	0.065414	0.188758	0.979843	0.435042	-0.889105	0.142235	0.898031	0.416968	-0.140277
16539	9.731197	1.462440	-0.800843	-0.242715	-0.109561	-0.140828	0.065763	0.190494	0.979483	0.432935	-0.889850	0.143994	0.899023	0.414583	-0.140990
16540	9.806908	1.138343	-0.534551	-0.275025	-0.141346	-0.143985	0.066385	0.192385	0.979072	0.430535	-0.890715	0.145831	0.900129	0.411844	-0.141959
16541	9.988248	1.289215	-0.062312	-0.296369	-0.185800	-0.146180	0.067407	0.194477	0.978588	0.427945	-0.891651	0.147722	0.901287	0.408825	-0.143329
16542	9.988320	1.616134	0.514197	-0.332911	-0.244532	-0.150462	0.068937	0.196839	0.978009	0.425051	-0.892703	0.149709	0.902540	0.405383	-0.145207
16543	9.780051	1.825563	1.142439	-0.387195	-0.310319	-0.142872	0.071111	0.199394	0.977336	0.421636	-0.893984	0.151711	0.903973	0.401291	-0.147644
16544	9.507417	1.445096	1.675642	-0.420972	-0.389896	-0.139717	0.074017	0.202223	0.976538	0.417933	-0.895375	0.153739	0.905458	0.396748	-0.150789
16545	9.375064	0.990601	1.983697	-0.364970	-0.482830	-0.138617	0.077791	0.205398	0.975582	0.414713	-0.896535	0.155687	0.906621	0.392476	-0.154923
16546	9.327988	1.208923	2.220686	-0.270166	-0.589860	-0.133976	0.082550	0.208928	0.974441	0.412383	-0.897301	0.157454	0.907263	0.388845	-0.160230
16547	9.411660	1.828108	2.209052	-0.246892	-0.687201	-0.112866	0.088298	0.212628	0.973136	0.410221	-0.898020	0.158994	0.907702	0.385162	-0.166518
16548	9.565105	2.434963	1.885200	-0.256650	-0.786477	-0.087053	0.095041	0.216446	0.971657	0.407989	-0.898802	0.160310	0.908026	0.381190	-0.173731
16549	9.906968	3.059410	1.469186	-0.328643	-0.894375	-0.053667	0.102923	0.220344	0.969977	0.405040	-0.899931	0.161454	0.908487	0.376262	-0.181872
16550	10.388305	3.101432	1.210605	-0.433558	-0.979063	-0.010100	0.111746	0.224114	0.968135	0.401108	-0.901521	0.162396	0.909190	0.370179	-0.190635
16551	10.773218	2.553187	0.877772	-0.421126	-1.036050	0.014519	0.121203	0.227814	0.966132	0.397244	-0.903100	0.163117	0.909674	0.364020	-0.199956
16552	11.020501	2.317963	0.529721	-0.332685	-1.095369	0.056889	0.131355	0.231280	0.963979	0.394131	-0.904432	0.163288	0.909619	0.358485	-0.209956
16553	11.519410	2.723964	0.240663	-0.270434	-1.132329	0.071527	0.141910	0.234691	0.961656	0.391558	-0.905562	0.163220	0.909145	0.353381	-0.220403
16554	11.766616	3.094450	-0.225242	-0.181202	-1.147886	0.053041	0.152510	0.238263	0.959151	0.389807	-0.906327	0.163160	0.908180	0.349001	-0.231101
16555	11.746262	3.055449	-0.648518	-0.074624	-1.159652	0.046405	0.163191	0.241898	0.956480	0.389042	-0.906697	0.162931	0.906651	0.345522	-0.242073
16556	11.838790	2.991870	-1.046551	-0.015054	-1.166698	0.058316	0.173944	0.245403	0.953688	0.388785	-0.906893	0.162451	0.904759	0.342523	-0.253158
16557	11.762813	2.530461	-1.478804	0.009140	-1.159996	0.073775	0.184691	0.248719	0.950804	0.388721	-0.907044	0.161764	0.902654	0.339721	-0.264205
16558	11.626221	1.902465	-1.631772	0.046390	-1.132868	0.087248	0.195205	0.251786	0.947892	0.388951	-0.907107	0.160853	0.900340	0.337284	-0.275004
16559	11.392799	1.191397	-1.752647	0.092520	-1.100382	0.110646	0.205506	0.254511	0.944982	0.389548	-0.907075	0.159586	0.897786	0.335320	-0.285554
16560	10.853973	0.654186	-2.132119	0.222188	-1.068514	0.138868	0.215586	0.256854	0.942098	0.391228	-0.906686	0.157672	0.894686	0.334583	-0.295957
16561	10.452794	0.892416	-2.773274	0.311535	-1.043951	0.180928	0.225595	0.258736	0.939235	0.393598	-0.906109	0.155072	0.891172	0.334697	-0.306252
16562	10.113614	1.083847	-3.646275	0.218175	-0.992642	0.248505	0.235367	0.259827	0.936532	0.394949	-0.906024	0.152105	0.888042	0.334082	-0.315866
16563	9.761180	0.174656	-4.606561	0.124563	-0.890288	0.321428	0.244509	0.259911	0.934164	0.395270	-0.906442	0.148740	0.885425	0.332879	-0.324368
16564	9.313978	0.025265	-4.997580	0.142954	-0.789742	0.341138	0.252803	0.259467	0.932077	0.395672	-0.906852	0.145129	0.882912	0.332107	-0.331919
16565	8.976836	0.357390	-5.264089	0.117816	-0.673473	0.313112	0.259958	0.258890	0.930267	0.395897	-0.907272	0.141859	0.880731	0.331413	-0.338347
16566	8.616857	0.797052	-5.143225	0.007161	-0.493073	0.264261	0.265307	0.258146	0.928963	0.395253	-0.907930	0.139419	0.879424	0.330187	-0.342913
16567	7.924832	1.016774	-5.292714	-0.133248	-0.260025	0.221457	0.268444	0.257019	0.928375	0.393480	-0.908938	0.137861	0.879268	0.328289	-0.345130
16568	7.985344	1.484225	-5.346400	-0.272554	-0.053639	0.206897	0.269692	0.255335	0.928477	0.390513	-0.910358	0.136921	0.880208	0.325656	-0.345228
16569	7.850014	1.566673	-5.010264	-0.493675	0.175749	0.218299	0.268967	0.252806	0.929379	0.385563	-0.912509	0.136633	0.882608	0.321585	-0.342908
16570	7.500512	1.316741	-4.522651	-0.632181	0.412224	0.229928	0.266167	0.249413	0.931101	0.379345	-0.915103	0.136687	0.886145	0.316826	-0.338184
16571	7.251927	1.029516	-4.281810	-0.659841	0.633004	0.247151	0.261452	0.245185	0.933556	0.372821	-0.917789	0.136632	0.890308	0.312326	-0.331368
16572	7.142137	1.145978	-4.103504	-0.675139	0.815908	0.253565	0.255073	0.240348	0.936574	0.366127	-0.920498	0.136509	0.894924	0.308085	-0.322792
16573	7.160076	1.281894	-3.886592	-0.759680	0.973255	0.253130	0.247233	0.235068	0.940010	0.358661	-0.923421	0.136588	0.900132	0.303376	-0.312610
16574	7.289998	0.949952	-3.822690	-0.828116	1.122869	0.256987	0.237973	0.229338	0.943808	0.350546	-0.926508	0.136747	0.905807	0.298306	-0.300878
16575	7.408454	0.753121	-3.814854	-0.771791	1.252276	0.251707	0.227446	0.223324	0.947837	0.342935	-0.929362	0.136679	0.911407	0.293960	-0.287965
16576	7.495498	0.849862	-3.652388	-0.704484	1.367161	0.252965	0.215776	0.217000	0.952025	0.335920	-0.931977	0.136294	0.916841	0.290396	-0.273993
16577	7.574015	0.832441	-3.423024	-0.658528	1.463741	0.242524	0.203103	0.210539	0.956255	0.329344	-0.934397	0.135775	0.922107	0.287360	-0.259118
16578	7.657197	0.587385	-3.310180	-0.584908	1.537054	0.225656	0.189598	0.204054	0.960424	0.323477	-0.936539	0.135121	0.927046	0.285057	-0.243573
16579	7.783029	0.333092	-3.284807	-0.434487	1.589335	0.195299	0.175436	0.197730	0.964430	0.319069	-0.938167	0.134305	0.931352	0.284157	-0.227678
16580	7.914180	0.445670	-3.232967	-0.241998	1.623388	0.147591	0.160728	0.191750	0.968193	0.316546	-0.939143	0.133448	0.934861	0.285029	-0.211645
16581	7.956309	0.675564	-3.030347	-0.104984	1.643264	0.101930	0.145644	0.186122	0.971672	0.315391	-0.939636	0.132712	0.937719	0.287128	-0.195553
16582	8.109178	0.598295	-2.797232	0.023780	1.647542	0.058295	0.130332	0.180842	0.974838	0.315516	-0.939675	0.132136	0.939927	0.290355	-0.179528
16583	8.275406	0.547392	-2.688515	0.222564	1.631589	0.008308	0.114990	0.176016	0.977648	0.317582	-0.939039	0.131711	0.941233	0.295338	-0.163880
16584	8.521348	0.915210	-2.438274	0.390935	1.591501	-0.028783	0.099887	0.171560	0.980097	0.321274	-0.937823	0.131418	0.941703	0.301753	-0.148794
16585	8.800786	1.327188	-2.153746	0.455864	1.530787	-0.054583	0.085274	0.167430	0.982189	0.325600	-0.936340	0.131346	0.941655	0.308600	-0.134361
16586	9.021851	1.492355	-1.748565	0.465925	1.446437	-0.056744	0.071443	0.163474	0.983957	0.330011	-0.934795	0.131345	0.941270	0.315333	-0.120732
16587	9.016728	2.025018	-1.449263	0.486862	1.332031	-0.037652	0.058763	0.159610	0.985430	0.334597	-0.933184	0.131195	0.940527	0.322012	-0.108242
16588	9.052380	3.398329	-1.535953	0.430180	1.193651	0.024591	0.047596	0.155528	0.986684	0.338607	-0.931827	0.130547	0.939723	0.327885	-0.097014
16589	9.212964	4.480868	-1.426064	0.044964	1.048470	0.119712	0.038126	0.150993	0.987799	0.338959	-0.931865	0.129361	0.940028	0.329891	-0.086708
16590	8.945882	4.362458	-1.190227	-0.485950	0.909612	0.224968	0.030295	0.145935	0.988830	0.334288	-0.933797	0.127572	0.941984	0.326689	-0.077074
16591	8.780494	3.282315	-1.261276	-0.930413	0.772610	0.331748	0.024078	0.140367	0.989807	0.325398	-0.937278	0.125002	0.945271	0.319071	-0.068242
16592	8.576120	2.295723	-1.328891	-1.214132	0.647631	0.421167	0.019261	0.134406	0.990739	0.313784	-0.941669	0.121649	0.949299	0.308535	-0.060312
16593	8.404829	1.652457	-1.161749	-1.452758	0.516049	0.481479	0.015807	0.128331	0.991605	0.299854	-0.946692	0.117739	0.953854	0.295475	-0.053445
16594	8.445559	1.165014	-1.158256	-1.634607	0.390379	0.527905	0.013589	0.122225	0.992409	0.284123	-0.952062	0.113366	0.958692	0.280426	-0.047664
16595	8.764406	0.794609	-1.241789	-1.783801	0.248797	0.558056	0.012715	0.116250	0.993139	0.266882	-0.957583	0.108672	0.963645	0.263669	-0.043201
16596	8.847443	-0.028021	-1.081238	-1.822226	0.104909	0.549712	0.013095	0.110735	0.993764	0.249186	-0.962854	0.104007	0.968367	0.246270	-0.040203
16597	8.554925	-0.910134	-1.110623	-1.587843	-0.029291	0.509267	0.014591	0.105922	0.994267	0.233687	-0.967196	0.099608	0.972202	0.230894	-0.038865
16598	8.200239	-1.352141	-1.506025	-1.206441	-0.147301	0.461496	0.017052	0.101813	0.994657	0.221847	-0.970391	0.095525	0.974932	0.219033	-0.039134
16599	9.249415	-0.859488	-0.232930	-0.790958	-0.277744	0.374978	0.020562	0.098799	0.994895	0.214037	-0.972470	0.092149	0.976609	0.211049	-0.041143
16600	10.171151	-0.941969	0.014218	-0.372635	-0.251427	0.165664	0.023348	0.097743	0.994938	0.210338	-0.973413	0.090693	0.977350	0.207156	-0.043286
16601	10.582366	1.662731	0.479492	0.638170	-0.217001	-0.149057	0.025131	0.099681	0.994702	0.216585	-0.971926	0.091927	0.975940	0.213127	-0.046015
16602	10.976953	3.261580	1.205126	0.919501	-0.134592	-0.316802	0.025720	0.103079	0.994341	0.225608	-0.969606	0.094679	0.973879	0.221896	-0.048194
16603	10.919936	1.681833	1.282825	1.075279	-0.166144	-0.221565	0.026806	0.105633	0.994044	0.236104	-0.966936	0.096385	0.971358	0.232114	-0.050860
16604	11.277094	2.324050	0.258603	1.049233	-0.336737	-0.073938	0.029870	0.107175	0.993791	0.246281	-0.964372	0.096600	0.968738	0.241867	-0.055201
16605	11.077140	1.958284	-0.533814	0.864473	-0.370250	-0.014790	0.033397	0.108259	0.993562	0.254630	-0.962233	0.096286	0.966462	0.249775	-0.059701
16606	11.467666	1.970442	-0.413498	0.721159	-0.446210	0.051083	0.037811	0.108926	0.993330	0.261553	-0.960466	0.095367	0.964448	0.256203	-0.064806
16607	11.267645	2.757154	-0.425279	0.362828	-0.448849	0.138835	0.042483	0.108781	0.993157	0.264974	-0.959684	0.093780	0.963319	0.259177	-0.069595
16608	10.303272	1.653768	-0.978468	0.004153	-0.393285	0.239357	0.046880	0.107533	0.993096	0.264887	-0.959934	0.091438	0.963139	0.258771	-0.073485
16609	9.330191	0.587156	-1.848560	0.035578	-0.375268	0.264850	0.051176	0.105992	0.993049	0.265079	-0.960127	0.088817	0.962868	0.258691	-0.077232
16610	9.323723	1.294412	-2.266161	0.234463	-0.390110	0.231801	0.055522	0.104810	0.992941	0.267192	-0.959765	0.086368	0.962042	0.260511	-0.081292
16611	9.626085	1.942660	-2.412367	0.317658	-0.377449	0.185798	0.059631	0.104047	0.992783	0.270120	-0.959130	0.084295	0.960978	0.263144	-0.085299
16612	9.919864	2.804700	-2.615256	0.386187	-0.365751	0.180097	0.063608	0.103320	0.992612	0.273698	-0.958296	0.082209	0.959710	0.266447	-0.089233
16613	10.236297	3.734563	-2.608033	0.189672	-0.340273	0.229062	0.067481	0.102065	0.992486	0.275348	-0.958027	0.079800	0.958973	0.267894	-0.092752
16614	10.256093	3.176933	-2.838426	-0.127748	-0.290285	0.283350	0.071018	0.100157	0.992434	0.273908	-0.958657	0.077148	0.959130	0.266356	-0.095516
16615	9.882264	2.043837	-2.796234	-0.330029	-0.258883	0.317173	0.074346	0.097831	0.992422	0.270491	-0.959847	0.074356	0.959847	0.262913	-0.097823
16616	9.818191	0.901260	-2.468502	-0.473912	-0.222128	0.320227	0.077314	0.095367	0.992435	0.265679	-0.961393	0.071687	0.960957	0.258126	-0.099666
16617	9.800326	-0.776996	-2.139144	-0.456869	-0.171448	0.296345	0.079724	0.092986	0.992471	0.261034	-0.962843	0.069241	0.962032	0.253548	-0.101034
16618	9.689105	-1.277864	-1.761893	-0.188805	-0.132680	0.266802	0.081671	0.090785	0.992516	0.258984	-0.963567	0.066826	0.962423	0.251588	-0.102207
16619	9.493298	-0.393966	-1.247486	-0.005669	-0.121480	0.255699	0.083483	0.088657	0.992558	0.258699	-0.963813	0.064331	0.962344	0.251403	-0.103397
16620	9.441990	0.328843	-0.638429	0.005258	-0.132266	0.259394	0.085404	0.086522	0.992583	0.258512	-0.964030	0.061791	0.962225	0.251318	-0.104699
16621	9.392321	0.798623	0.063165	-0.077893	-0.142224	0.259900	0.087424	0.084405	0.992589	0.257519	-0.964450	0.059330	0.962310	0.250424	-0.106052
16622	9.663286	-0.423006	0.188742	-0.099871	-0.123966	0.257007	0.089254	0.082268	0.992605	0.256313	-0.964916	0.056926	0.962464	0.249337	-0.107209
16623	9.934125	-1.756069	0.536734	0.112094	-0.117286	0.229671	0.090954	0.080376	0.992606	0.257166	-0.964826	0.054562	0.962078	0.250302	-0.108425
16624	9.964298	-1.879093	0.619417	0.382543	-0.160901	0.193181	0.092978	0.078951	0.992533	0.260648	-0.964018	0.052266	0.960946	0.253842	-0.110211
16625	10.018497	-1.064457	0.520596	0.525677	-0.206396	0.160902	0.095364	0.077961	0.992385	0.265525	-0.962800	0.050121	0.959376	0.258724	-0.112517
16626	9.981495	-0.051252	0.262845	0.495043	-0.258251	0.147226	0.098209	0.077249	0.992163	0.270110	-0.961626	0.048134	0.957808	0.263266	-0.115306
16627	9.838641	0.548263	-0.044424	0.316758	-0.299103	0.151095	0.101463	0.076619	0.991884	0.272973	-0.960907	0.046303	0.956656	0.266060	-0.118412
16628	9.740433	0.378808	-0.534813	0.141539	-0.324119	0.154716	0.104961	0.076027	0.991566	0.274149	-0.960651	0.044637	0.955942	0.267152	-0.121674
16629	9.758827	0.157895	-0.863531	0.113806	-0.350991	0.143438	0.108690	0.075619	0.991195	0.275065	-0.960459	0.043112	0.955262	0.267957	-0.125192
16630	9.886903	0.415101	-1.325894	0.162388	-0.356746	0.118890	0.112399	0.075466	0.990793	0.276467	-0.960116	0.041766	0.954428	0.269227	-0.128780
16631	9.917254	0.388147	-1.936620	0.190499	-0.351559	0.111846	0.116043	0.075372	0.990380	0.278138	-0.959689	0.040447	0.953506	0.270769	-0.132329
16632	9.613857	0.360655	-2.114105	0.185302	-0.351877	0.091086	0.119626	0.075484	0.989945	0.279780	-0.959258	0.039335	0.952582	0.272261	-0.135871
16633	9.672142	0.380979	-2.098793	0.167813	-0.341282	0.082309	0.123086	0.075657	0.989508	0.281260	-0.958866	0.038328	0.951705	0.273591	-0.139303
16634	9.828907	0.256432	-2.249606	0.135600	-0.300644	0.088404	0.126171	0.075664	0.989119	0.282423	-0.958565	0.037301	0.950956	0.274643	-0.142312
16635	9.480784	0.310658	-2.312868	0.190913	-0.251070	0.093676	0.128803	0.075488	0.988793	0.284101	-0.958113	0.036138	0.950103	0.276262	-0.144854
16636	9.354325	0.555497	-1.988820	0.161270	-0.243067	0.087542	0.131336	0.075353	0.988470	0.285502	-0.957736	0.035076	0.949336	0.277603	-0.147299
16637	9.668754	0.445381	-1.616463	0.174005	-0.241312	0.077030	0.133827	0.075318	0.988138	0.287034	-0.957314	0.034094	0.948526	0.279066	-0.149733
16638	9.794753	0.008915	-1.159111	0.206596	-0.256472	0.059324	0.136405	0.075498	0.987772	0.288896	-0.956784	0.033235	0.947593	0.280830	-0.152321
16639	9.851652	-0.434119	-1.070207	0.276307	-0.254786	0.050710	0.138945	0.075763	0.987398	0.291426	-0.956046	0.032348	0.946449	0.283258	-0.154917
16640	9.711637	-0.502405	-0.987124	0.307024	-0.267774	0.045475	0.141586	0.076120	0.986995	0.294249	-0.955211	0.031458	0.945183	0.285969	-0.157643
16641	9.619293	-0.033221	-0.965928	0.274745	-0.290442	0.045405	0.144444	0.076551	0.986547	0.296763	-0.954460	0.030611	0.943964	0.288349	-0.160583
16642	9.495913	0.577736	-0.889364	0.149623	-0.324950	0.048437	0.147629	0.077057	0.986036	0.298088	-0.954069	0.029929	0.943053	0.289507	-0.163818
16643	9.408035	0.865326	-0.611750	0.011898	-0.358397	0.051443	0.151141	0.077634	0.985459	0.298107	-0.954078	0.029441	0.942491	0.289322	-0.167344
16644	9.905755	0.142047	-0.359346	-0.020373	-0.390380	0.031572	0.154888	0.078491	0.984809	0.297851	-0.954166	0.029203	0.941963	0.288803	-0.171167
16645	10.101687	0.385355	0.105148	0.006500	-0.421335	0.017074	0.158886	0.079575	0.984085	0.297869	-0.954164	0.029062	0.941291	0.288511	-0.175306
16646	10.120205	-0.222738	0.183099	0.005466	-0.443535	0.019602	0.163092	0.080696	0.983305	0.297873	-0.954168	0.028899	0.940570	0.288187	-0.179654
16647	9.991021	-0.200878	-0.483112	0.042339	-0.462135	0.000929	0.167419	0.082049	0.982466	0.298254	-0.954050	0.028852	0.939689	0.288194	-0.184198
16648	9.669376	-0.421108	-1.325380	0.007966	-0.474809	0.000152	0.171853	0.083444	0.981582	0.298313	-0.954031	0.028874	0.938869	0.287857	-0.188845
16649	9.648855	-0.611356	-2.350060	0.042379	-0.473327	-0.009522	0.176246	0.084928	0.980676	0.298712	-0.953905	0.028925	0.937928	0.287842	-0.193491
16650	9.777453	-0.404658	-3.080602	0.055659	-0.459422	-0.031679	0.180431	0.086581	0.979769	0.299275	-0.953721	0.029166	0.936952	0.287959	-0.197993
16651	9.822030	-0.262660	-3.695159	0.056064	-0.441457	-0.052104	0.184389	0.088380	0.978872	0.299880	-0.953517	0.029603	0.935987	0.288086	-0.202322
16652	10.065737	-0.043012	-4.180583	0.009829	-0.403983	-0.070186	0.187933	0.090241	0.978028	0.300088	-0.953430	0.030308	0.935216	0.287799	-0.206261
16653	10.038173	0.131937	-4.286427	-0.043710	-0.370394	-0.091994	0.191099	0.092213	0.977230	0.299839	-0.953475	0.031337	0.934654	0.287023	-0.209858
16654	9.932655	0.272653	-4.043343	-0.142390	-0.342235	-0.100324	0.193973	0.094177	0.976476	0.298687	-0.953792	0.032657	0.934431	0.285326	-0.213139
16655	9.942234	0.296862	-3.526705	-0.221131	-0.324067	-0.121736	0.196619	0.096290	0.975740	0.296844	-0.954308	0.034359	0.934465	0.282887	-0.216218
16656	9.865934	0.150827	-2.746036	-0.275654	-0.298003	-0.129822	0.198996	0.098397	0.975048	0.294510	-0.954960	0.036264	0.934700	0.279945	-0.219012
16657	9.513617	0.159050	-1.729435	-0.320625	-0.307044	-0.143395	0.201426	0.100652	0.974319	0.291785	-0.955712	0.038407	0.935034	0.276555	-0.221874
16658	9.175535	-0.039723	-0.487920	-0.357287	-0.340142	-0.160264	0.204119	0.103147	0.973497	0.288754	-0.956533	0.040805	0.935391	0.272772	-0.225030
16659	9.663664	-0.792654	0.877468	-0.310691	-0.382819	-0.197129	0.207113	0.106102	0.972546	0.286239	-0.957172	0.043467	0.935506	0.269378	-0.228613
16660	9.822535	-0.178910	2.023481	-0.150271	-0.465354	-0.227716	0.210790	0.109559	0.971372	0.285295	-0.957332	0.046065	0.934973	0.267418	-0.233053
16661	9.794246	0.170161	2.426676	-0.153507	-0.562992	-0.241155	0.215346	0.113398	0.969932	0.284360	-0.957474	0.048808	0.934219	0.265300	-0.238434
16662	9.828045	0.301671	2.089521	-0.142016	-0.673972	-0.241369	0.220927	0.117517	0.968184	0.283547	-0.957573	0.051528	0.933163	0.263142	-0.244875
16663	10.073440	0.205820	1.534671	-0.219243	-0.766450	-0.227408	0.227412	0.121732	0.966160	0.281999	-0.957876	0.054312	0.932073	0.260105	-0.252161
16664	10.156618	-0.085022	0.798773	-0.260591	-0.854237	-0.223396	0.234713	0.126105	0.963850	0.280074	-0.958274	0.057173	0.930843	0.256530	-0.260239
16665	10.423255	0.355975	0.084550	-0.291265	-0.936128	-0.236732	0.242741	0.130788	0.961234	0.277917	-0.958713	0.060263	0.929429	0.252515	-0.269067
16666	10.616353	0.573941	-0.490797	-0.322083	-1.001977	-0.265648	0.251281	0.135870	0.958330	0.275569	-0.959166	0.063732	0.927857	0.248071	-0.278462
16667	10.440479	1.051368	-0.811794	-0.230270	-1.071377	-0.288930	0.260398	0.141311	0.955104	0.274162	-0.959334	0.067189	0.925758	0.244357	-0.288550
16668	10.321884	1.281126	-0.961729	-0.173840	-1.128368	-0.312522	0.269944	0.147073	0.951577	0.273371	-0.959306	0.070718	0.923254	0.241044	-0.299164
16669	10.206461	1.196848	-0.956086	-0.122080	-1.185388	-0.345215	0.279908	0.153256	0.947715	0.273183	-0.959080	0.074409	0.920338	0.238072	-0.310321
16670	10.152497	0.933049	-0.857193	-0.072166	-1.251207	-0.365359	0.290373	0.159748	0.943485	0.273550	-0.958679	0.078131	0.916981	0.235404	-0.322074
16671	10.340913	0.655228	-0.698353	-0.006372	-1.310154	-0.385152	0.301287	0.166540	0.938877	0.274621	-0.958065	0.081817	0.913132	0.233185	-0.334388
16672	10.584655	0.395582	-0.529997	0.040971	-1.374148	-0.401395	0.312668	0.173601	0.933864	0.276215	-0.957287	0.085475	0.908814	0.231222	-0.347264
16673	10.859693	0.887008	-0.353885	0.094267	-1.444668	-0.401908	0.324629	0.180806	0.928399	0.278341	-0.956357	0.088925	0.903959	0.229544	-0.360787
16674	11.008865	1.481663	-0.141052	0.052558	-1.513405	-0.384147	0.337165	0.187961	0.922491	0.280076	-0.955528	0.092326	0.898820	0.227239	-0.374814
16675	10.894104	1.652379	-0.060124	-0.039045	-1.586391	-0.366624	0.350334	0.195072	0.916086	0.280978	-0.954912	0.095886	0.893486	0.223808	-0.389349
16676	10.742668	1.751034	0.120248	-0.113568	-1.681321	-0.357341	0.364270	0.202235	0.909070	0.281234	-0.954452	0.099638	0.887815	0.219367	-0.404553
16677	10.343027	1.929792	0.158454	-0.159935	-1.782205	-0.351732	0.379030	0.209486	0.901361	0.281120	-0.954073	0.103523	0.881651	0.214152	-0.420513
16678	10.296605	1.914921	0.106278	-0.262647	-1.884500	-0.354833	0.394551	0.216871	0.892915	0.280177	-0.953868	0.107873	0.875117	0.207613	-0.437112
16679	10.557661	1.174747	0.440722	-0.407206	-1.987148	-0.371381	0.410818	0.224488	0.883648	0.278117	-0.953874	0.113029	0.868262	0.199324	-0.454302
16680	10.698939	0.676297	0.638649	-0.451236	-2.075155	-0.381281	0.427665	0.232193	0.873607	0.275808	-0.953879	0.118510	0.860833	0.190265	-0.471981
16681	10.704723	0.418005	0.606207	-0.384801	-2.166019	-0.372070	0.445179	0.239800	0.862735	0.274131	-0.953712	0.123633	0.852448	0.181464	-0.490309
16682	10.922245	0.860578	0.371270	-0.307255	-2.233033	-0.333771	0.463159	0.246967	0.851171	0.273037	-0.953441	0.128069	0.843170	0.173084	-0.509025
16683	11.106275	0.714748	-0.487571	-0.342327	-2.260038	-0.260769	0.481377	0.253296	0.839117	0.271396	-0.953361	0.132089	0.833439	0.164148	-0.527670
16684	11.306729	0.370590	-2.049264	-0.286083	-2.261589	-0.179946	0.499583	0.258652	0.826750	0.269905	-0.953353	0.135165	0.823146	0.155618	-0.546090
16685	11.516756	0.252044	-3.537768	-0.360352	-2.252858	-0.107518	0.517703	0.263110	0.814099	0.267503	-0.953611	0.138089	0.812666	0.146285	-0.564070
16686	11.314245	-0.225968	-4.923060	-0.420058	-2.210434	-0.017449	0.535463	0.266426	0.801434	0.264201	-0.954153	0.140675	0.802170	0.136413	-0.581304
16687	10.450711	-0.519490	-5.899196	-0.376419	-2.168451	0.055146	0.552869	0.268788	0.788726	0.260902	-0.954790	0.142497	0.791370	0.126998	-0.598001
16688	10.123440	-0.094425	-6.990432	-0.325330	-2.105139	0.108355	0.569654	0.270358	0.776145	0.257736	-0.955476	0.143659	0.780427	0.118204	-0.613971
16689	9.611172	-0.412251	-8.113240	-0.506108	-1.933308	0.155573	0.585027	0.271091	0.764364	0.252915	-0.956463	0.145645	0.770569	0.108113	-0.628120
16690	9.159686	-1.416554	-8.670053	-0.512140	-1.724621	0.166347	0.598618	0.271304	0.753691	0.248006	-0.957438	0.147667	0.761675	0.098524	-0.640425
16691	8.800772	-1.827738	-8.374114	-0.331387	-1.458998	0.155255	0.610039	0.271235	0.744503	0.244561	-0.958166	0.148685	0.753686	0.091373	-0.650852
16692	7.966641	-1.860142	-8.010112	0.030066	-1.161455	0.150384	0.619080	0.270861	0.737139	0.243863	-0.958541	0.147408	0.746505	0.088503	-0.659467
16693	6.850921	-0.480010	-8.515224	0.501293	-0.854451	0.160567	0.625808	0.270121	0.731709	0.246594	-0.958518	0.142947	0.739970	0.090978	-0.666459
16694	6.567448	1.887553	-9.379294	0.342932	-0.637166	0.145784	0.630832	0.269330	0.727676	0.248208	-0.958592	0.139622	0.735148	0.092537	-0.671561
16695	7.804618	2.289467	-8.934239	-0.350988	-0.413106	0.127414	0.634164	0.268513	0.725077	0.244831	-0.959244	0.141099	0.733413	0.088042	-0.674058
16696	7.633336	1.520093	-7.375574	-0.784431	-0.121042	0.083763	0.635219	0.267833	0.724405	0.238543	-0.960123	0.145811	0.734571	0.080179	-0.673778
16697	7.061600	-0.065659	-6.218191	-0.844727	0.276875	0.022080	0.633216	0.267442	0.726300	0.232187	-0.960821	0.151369	0.738327	0.072788	-0.670504
16698	6.546341	-1.526370	-5.854273	-0.446933	0.705045	-0.024004	0.627901	0.267190	0.730992	0.229027	-0.961071	0.154560	0.743833	0.070368	-0.664651
16699	6.117300	-1.650491	-6.049680	0.122907	1.076636	-0.043785	0.619741	0.266864	0.738041	0.230223	-0.960858	0.154111	0.750279	0.074405	-0.656922
16700	5.928125	-0.253214	-6.527744	0.502747	1.407346	-0.024768	0.609037	0.266015	0.747202	0.234165	-0.960391	0.151047	0.757787	0.082975	-0.647205
16701	5.738299	1.057441	-7.021549	0.552237	1.709132	0.009501	0.596014	0.264454	0.758176	0.238322	-0.959924	0.147476	0.766792	0.092792	-0.635153
16702	5.689980	1.712778	-7.429592	0.457766	1.979476	0.025073	0.580755	0.262301	0.770663	0.241707	-0.959539	0.144441	0.777368	0.102390	-0.620657
16703	5.532280	1.890318	-7.553714	0.344004	2.229584	0.016925	0.563314	0.259787	0.784339	0.244307	-0.959208	0.142245	0.789298	0.111491	-0.603803
16704	5.434551	2.016117	-7.459810	0.225041	2.445324	0.029479	0.543890	0.256693	0.798932	0.245931	-0.959020	0.140705	0.802310	0.119954	-0.584730
16705	5.416909	2.150698	-7.204233	0.124545	2.641844	0.065226	0.522654	0.252826	0.814194	0.246592	-0.959026	0.139506	0.816104	0.127860	-0.563584
16706	5.478358	2.387082	-7.061941	0.056736	2.828497	0.117186	0.499620	0.247997	0.829987	0.246455	-0.959241	0.138261	0.830446	0.135476	-0.540376
16707	5.546433	2.887730	-6.745960	-0.017097	2.982675	0.179705	0.475055	0.242157	0.845980	0.245434	-0.959700	0.136887	0.845035	0.142603	-0.515344
16708	5.514786	3.506079	-5.951415	-0.132955	3.114660	0.265141	0.449116	0.235093	0.861990	0.243068	-0.960524	0.135323	0.859775	0.148746	-0.488530
16709	5.523496	3.230265	-5.642150	-0.186904	3.278120	0.383626	0.421596	0.226467	0.878049	0.239772	-0.961688	0.132913	0.874509	0.154496	-0.459744
16710	5.719901	2.296329	-5.912770	-0.049483	3.421166	0.499444	0.392590	0.216274	0.893923	0.237293	-0.962870	0.128741	0.888575	0.161580	-0.429333
16711	5.924210	1.979654	-6.072701	0.219407	3.530229	0.581973	0.362354	0.204826	0.909256	0.237053	-0.963726	0.122627	0.901391	0.171107	-0.397765
16712	6.117202	2.158736	-6.053526	0.421936	3.619113	0.629833	0.330982	0.192378	0.923819	0.238686	-0.964230	0.115278	0.912951	0.182347	-0.365061
16713	6.382949	2.137263	-5.918671	0.486642	3.671191	0.640834	0.298790	0.179323	0.937319	0.241126	-0.964504	0.107660	0.923354	0.193845	-0.331424
16714	6.770346	1.269694	-5.894564	0.545640	3.716679	0.610586	0.265745	0.166033	0.949638	0.244453	-0.964468	0.100218	0.932535	0.205509	-0.296890
16715	7.538392	0.829591	-5.974435	0.702835	3.699338	0.550574	0.232447	0.152918	0.960513	0.249650	-0.963857	0.093034	0.940023	0.218166	-0.262222
16716	8.447967	0.950106	-5.806010	0.755339	3.633174	0.429555	0.199234	0.140645	0.969807	0.255830	-0.962793	0.087070	0.945969	0.230758	-0.227802
16717	8.723535	0.719287	-5.105184	0.695160	3.544741	0.230220	0.166193	0.130077	0.977476	0.261987	-0.961461	0.083402	0.950654	0.242226	-0.193866
16718	8.785958	-0.263504	-4.292976	0.764259	3.393090	0.065711	0.134022	0.121051	0.983557	0.269148	-0.959650	0.081433	0.953728	0.253809	-0.161195
16719	8.986982	-0.317122	-3.343194	1.026287	3.150102	-0.092458	0.103688	0.113759	0.988083	0.279034	-0.956869	0.080884	0.954667	0.267322	-0.130959
16720	8.872985	0.888295	-2.896225	1.186569	2.908554	-0.218630	0.075275	0.107880	0.991310	0.290533	-0.953371	0.081690	0.953899	0.281859	-0.103108
16721	9.177510	2.064632	-2.955625	1.096780	2.664810	-0.239844	0.049145	0.102506	0.993518	0.301117	-0.949958	0.083117	0.952320	0.295080	-0.077552
16722	9.273209	2.041268	-2.786876	0.849689	2.381753	-0.208924	0.025812	0.097356	0.994915	0.309258	-0.947202	0.084664	0.950628	0.305500	-0.054557
16723	9.073424	2.295958	-2.972062	0.855250	2.056064	-0.148255	0.005804	0.092404	0.995705	0.317381	-0.944409	0.085793	0.948280	0.315520	-0.034809
16724	8.720325	3.883648	-1.702450	0.642194	1.622736	-0.095618	-0.009906	0.088146	0.996058	0.323439	-0.942278	0.086604	0.946197	0.323022	-0.019176
16725	7.838089	4.682717	-1.047073	0.112081	1.184811	0.021374	-0.021065	0.084135	0.996232	0.324480	-0.941937	0.086411	0.945658	0.325078	-0.007458
16726	7.322439	4.013459	-1.091557	-0.382267	0.765136	0.169716	-0.027789	0.080083	0.996401	0.320881	-0.943319	0.084766	0.946712	0.322082	0.000517
16727	8.530057	2.142551	-0.341470	-0.828289	0.378940	0.279525	-0.030517	0.076266	0.996620	0.313088	-0.946178	0.081993	0.949234	0.314532	0.004996
16728	5.927545	-1.804000	-2.600979	-0.466758	0.079923	0.306337	-0.030355	0.073140	0.996860	0.308723	-0.947870	0.078947	0.950667	0.310150	0.006192
16729	6.576637	-0.399447	-3.430183	0.060425	-0.318705	0.185771	-0.026772	0.072399	0.997016	0.309328	-0.947822	0.077133	0.950578	0.310470	0.002980
16730	6.861192	0.633308	-4.762197	0.451089	-0.634269	0.009787	-0.020746	0.074312	0.997019	0.313592	-0.946425	0.077066	0.949331	0.314256	-0.003669
16731	8.287350	3.404701	-4.985498	0.710747	-0.772783	-0.175169	-0.013994	0.078450	0.996820	0.320279	-0.944041	0.078792	0.947220	0.320364	-0.011915
16732	9.665103	5.108442	-3.523536	0.802352	-0.617027	-0.309279	-0.009188	0.083390	0.996475	0.327811	-0.941197	0.081786	0.944699	0.327407	-0.018689
16733	11.084392	3.091128	-1.342753	0.657599	-0.482636	-0.193663	-0.005296	0.086834	0.996209	0.333981	-0.938864	0.083611	0.942565	0.333157	-0.024029
16734	13.423456	0.498854	0.373356	0.816876	-0.463855	-0.068419	-0.001189	0.089065	0.996025	0.341645	-0.936058	0.084111	0.939828	0.340387	-0.029316
16735	15.450235	-0.474828	1.552135	1.275972	-0.447995	-0.019982	0.002920	0.090832	0.995862	0.353588	-0.931628	0.083936	0.935397	0.351879	-0.034838
16736	13.910449	1.846603	0.907743	1.378642	-0.559136	0.083861	0.008409	0.092081	0.995716	0.366423	-0.926774	0.082611	0.930410	0.364159	-0.041534
16737	11.058005	5.282060	0.067073	0.874950	-0.695597	0.177878	0.015506	0.093023	0.995543	0.374507	-0.923725	0.080479	0.927094	0.371590	-0.049161
16738	10.058191	3.765159	-0.610675	0.100093	-0.825549	0.270054	0.024139	0.093624	0.995315	0.375361	-0.923610	0.077775	0.926564	0.371725	-0.057438
16739	9.717329	0.509267	-1.497544	0.026421	-0.826037	0.243546	0.032683	0.094471	0.994991	0.375516	-0.923746	0.075372	0.926239	0.371172	-0.065667
16740	9.598170	-0.212270	-3.088689	0.492450	-0.752335	0.199726	0.040368	0.095463	0.994614	0.379980	-0.922103	0.073081	0.924114	0.374983	-0.073497
16741	9.244046	1.908665	-4.460232	0.721363	-0.681442	0.226927	0.047501	0.095977	0.994249	0.386516	-0.919599	0.070305	0.921059	0.380954	-0.080779
16742	9.377730	3.378349	-5.301564	0.517488	-0.572824	0.272905	0.053802	0.095692	0.993956	0.391119	-0.917884	0.067198	0.918766	0.385140	-0.086811
16743	9.436506	3.755260	-5.599618	0.061275	-0.481468	0.322994	0.059465	0.094610	0.993737	0.391480	-0.917960	0.063970	0.918263	0.385224	-0.091625
16744	9.520440	2.772849	-4.896893	-0.451131	-0.408160	0.377435	0.064658	0.092736	0.993589	0.387082	-0.920046	0.060683	0.919775	0.380677	-0.095384
16745	9.846092	1.544806	-3.464880	-0.760719	-0.328947	0.387425	0.069150	0.090434	0.993499	0.379797	-0.923274	0.057607	0.922482	0.373344	-0.098191
16746	9.885286	-0.864964	-2.060772	-0.716649	-0.249448	0.356518	0.072770	0.088092	0.993451	0.372906	-0.926248	0.054818	0.925011	0.366475	-0.100253
16747	9.616223	-1.649459	-0.638407	-0.256463	-0.239628	0.308634	0.076112	0.086136	0.993372	0.370285	-0.927459	0.052049	0.925795	0.363869	-0.102485
16748	9.673070	-0.453480	0.580138	0.024692	-0.275832	0.285920	0.079698	0.084519	0.993229	0.370273	-0.927618	0.049225	0.925498	0.363843	-0.105225
16749	10.101603	-0.215521	0.908454	0.021585	-0.301730	0.270560	0.083469	0.083136	0.993036	0.370234	-0.927771	0.046552	0.925181	0.363770	-0.108220
16750	10.153955	-0.666153	0.871401	0.032950	-0.337575	0.273577	0.087579	0.081857	0.992789	0.370288	-0.927882	0.043841	0.924779	0.363778	-0.111573
16751	10.110639	-1.139151	0.347874	0.018669	-0.353835	0.269823	0.091826	0.080669	0.992502	0.370200	-0.928039	0.041179	0.924402	0.363643	-0.115082
16752	9.909465	-1.999104	-0.492732	0.054954	-0.345389	0.257553	0.095945	0.079565	0.992201	0.370449	-0.928050	0.038599	0.923884	0.363857	-0.118517
16753	9.686476	-2.012540	-1.175164	0.195488	-0.347173	0.226977	0.099971	0.078754	0.991869	0.372014	-0.927523	0.036150	0.922828	0.365375	-0.122023
16754	9.680209	-0.789346	-1.455163	0.349089	-0.357702	0.193293	0.103965	0.078304	0.991494	0.375019	-0.926399	0.033840	0.921169	0.368310	-0.125678
16755	9.816087	0.551457	-1.787112	0.336746	-0.347364	0.172610	0.107788	0.078018	0.991108	0.377918	-0.925295	0.031737	0.919543	0.371136	-0.129221
16756	9.809329	0.994250	-1.965970	0.180281	-0.343180	0.167280	0.111550	0.077776	0.990711	0.379374	-0.924761	0.029883	0.918494	0.372517	-0.132663
16757	10.000931	0.363497	-2.557786	0.042370	-0.314749	0.164205	0.115040	0.077459	0.990336	0.379560	-0.924736	0.028237	0.917987	0.372644	-0.135782
16758	9.871531	-0.336615	-2.949750	0.045193	-0.283719	0.150701	0.118190	0.077152	0.989989	0.379783	-0.924690	0.026722	0.917495	0.372823	-0.138590
16759	9.657233	-0.178401	-2.836321	0.098962	-0.260814	0.135916	0.121076	0.076897	0.989660	0.380511	-0.924431	0.025277	0.916816	0.373516	-0.141186
16760	9.499735	0.300672	-2.167289	0.098868	-0.242526	0.124061	0.123746	0.076686	0.989346	0.381249	-0.924162	0.023947	0.916153	0.374224	-0.143598
16761	9.613938	-0.187175	-1.269108	0.052507	-0.232519	0.115729	0.126294	0.076516	0.989038	0.381569	-0.924060	0.022765	0.915672	0.374511	-0.145899
16762	9.687038	-0.833068	-0.438449	0.098445	-0.244465	0.103109	0.128901	0.076508	0.988702	0.382322	-0.923776	0.021639	0.914994	0.375213	-0.148326
16763	9.726470	-1.097071	-0.044297	0.200367	-0.271419	0.091717	0.131711	0.076710	0.988316	0.384018	-0.923098	0.020471	0.913883	0.376835	-0.151041
16764	9.722143	-0.930148	-0.293213	0.267821	-0.296415	0.089461	0.134737	0.077033	0.987882	0.386329	-0.922161	0.019217	0.912467	0.379058	-0.154010
16765	9.535381	-0.401719	-0.525386	0.238554	-0.333691	0.082578	0.138076	0.077569	0.987379	0.388375	-0.921324	0.018068	0.911098	0.380979	-0.157339
16766	9.446904	0.135335	-0.498487	0.166000	-0.382248	0.074030	0.141819	0.078373	0.986785	0.389767	-0.920754	0.017112	0.909928	0.382190	-0.161128
16767	9.452019	0.670249	-0.534771	0.071526	-0.431268	0.075322	0.146012	0.079357	0.986095	0.390294	-0.920546	0.016290	0.909039	0.382488	-0.165383
16768	9.306936	0.867035	-0.283036	-0.006301	-0.474920	0.075422	0.150596	0.080505	0.985312	0.390109	-0.920637	0.015596	0.908370	0.382030	-0.170049
16769	9.400341	0.472351	0.166993	-0.079186	-0.531346	0.071819	0.155678	0.081899	0.984407	0.389264	-0.921003	0.015064	0.907875	0.380849	-0.175260
16770	9.613868	-0.096239	0.073398	-0.047668	-0.575556	0.061359	0.161112	0.083550	0.983393	0.388720	-0.921241	0.014584	0.907160	0.379915	-0.180901
16771	9.924351	-0.531295	-0.642931	0.032382	-0.590193	0.060606	0.166676	0.085261	0.982319	0.388899	-0.921175	0.013968	0.906078	0.379694	-0.186695
16772	10.367242	-0.560499	-1.825734	0.144989	-0.549796	0.053267	0.171833	0.086887	0.981287	0.390107	-0.920675	0.013209	0.904594	0.380537	-0.192097
16773	10.102330	-0.400554	-3.374875	0.168903	-0.515823	0.043720	0.176643	0.088479	0.980290	0.391543	-0.920075	0.012490	0.903046	0.381619	-0.197168
16774	9.932826	0.177770	-4.331873	0.008494	-0.500247	0.025584	0.181230	0.090178	0.979297	0.391559	-0.920071	0.012262	0.902129	0.381231	-0.202055
16775	10.081415	0.113879	-4.650314	-0.069497	-0.434756	-0.003384	0.185115	0.091893	0.978411	0.390924	-0.920338	0.012476	0.901616	0.380175	-0.206291
16776	9.933089	0.243393	-4.366320	0.090375	-0.383064	-0.032422	0.188414	0.093675	0.977612	0.391785	-0.919970	0.012643	0.900558	0.380632	-0.210035
16777	9.829623	0.877477	-3.530721	0.098167	-0.359040	-0.049987	0.191426	0.095531	0.976847	0.392750	-0.919554	0.012963	0.899502	0.381175	-0.213546
16778	9.827835	-0.163247	-2.571191	0.008879	-0.337775	-0.065730	0.194179	0.097449	0.976114	0.392942	-0.919462	0.013625	0.898827	0.380911	-0.216833
16779	9.817296	-1.066375	-1.225022	0.070021	-0.366460	-0.084350	0.197116	0.099650	0.975303	0.393723	-0.919117	0.014334	0.897846	0.381173	-0.220408
16780	9.777216	-0.783962	0.672651	0.078542	-0.432356	-0.105106	0.200556	0.102291	0.974327	0.394623	-0.918717	0.015223	0.896688	0.381439	-0.224621
16781	9.667982	-0.516806	2.349573	-0.038079	-0.518454	-0.110584	0.204743	0.105311	0.973134	0.394492	-0.918752	0.016426	0.895799	0.380531	-0.229653
16782	9.542954	-0.949849	3.168586	-0.023777	-0.625558	-0.128215	0.209810	0.108892	0.971659	0.394532	-0.918710	0.017767	0.894608	0.379623	-0.235716
16783	9.666046	-0.344833	2.987778	0.020385	-0.750942	-0.125036	0.216005	0.112917	0.969841	0.394967	-0.918499	0.018971	0.892940	0.378958	-0.242999
16784	9.820519	-0.429399	2.013510	-0.001998	-0.842641	-0.136706	0.222952	0.117386	0.967736	0.395237	-0.918354	0.020339	0.891112	0.377950	-0.251144
16785	10.045712	-0.630398	0.873149	-0.008530	-0.943127	-0.144788	0.230751	0.122302	0.965296	0.395477	-0.918217	0.021800	0.889017	0.376722	-0.260247
16786	10.051147	-0.233145	-0.350880	-0.067035	-1.022603	-0.153007	0.239195	0.127573	0.962554	0.395229	-0.918282	0.023491	0.886894	0.374810	-0.270069
16787	10.216553	0.261867	-1.245968	-0.188364	-1.075829	-0.159968	0.248072	0.133086	0.959556	0.393938	-0.918781	0.025587	0.885027	0.371658	-0.280352
16788	10.377063	0.228354	-1.762827	-0.318293	-1.103982	-0.148414	0.257219	0.138551	0.956369	0.391486	-0.919759	0.027955	0.883503	0.367215	-0.290821
16789	10.534004	0.284026	-1.904931	-0.370935	-1.149717	-0.173490	0.266669	0.144369	0.952914	0.388655	-0.920870	0.030751	0.881949	0.362155	-0.301677
16790	10.340279	1.727798	-1.939409	-0.308553	-1.204904	-0.221644	0.276391	0.150769	0.949145	0.386528	-0.921656	0.033846	0.879889	0.357516	-0.313014
16791	10.139808	2.074021	-1.847460	-0.283433	-1.232506	-0.232825	0.286301	0.157323	0.945136	0.384682	-0.922307	0.036995	0.877526	0.352985	-0.324577
16792	10.224688	0.923340	-1.893305	-0.201197	-1.255015	-0.264018	0.296248	0.164187	0.940893	0.383678	-0.922592	0.040189	0.874659	0.349094	-0.336311
16793	10.298781	0.748708	-1.814041	-0.050951	-1.315716	-0.298588	0.306563	0.171546	0.936265	0.384124	-0.922270	0.043207	0.870901	0.346396	-0.348629
16794	10.282523	0.982906	-1.542568	0.016777	-1.367203	-0.314423	0.317197	0.179188	0.931278	0.385241	-0.921663	0.046123	0.866588	0.344136	-0.361379
16795	10.197343	1.092343	-1.182775	0.009491	-1.426756	-0.322318	0.328262	0.187079	0.925876	0.386355	-0.921041	0.049123	0.861959	0.341592	-0.374622
16796	10.043895	1.185121	-0.829234	-0.018883	-1.490174	-0.316720	0.339810	0.195086	0.920039	0.387242	-0.920501	0.052159	0.857072	0.338554	-0.388341
