// General information: 
//  MT Manager version: 2022.2.0 
//  XDA version: 2022.2.0 build 7381 rev 124627 built on 2023-07-19
// Device information: 
//  DeviceId: 00B4CAF0
//  ProductCode: MTW2-3A7G6
//  Firmware Version: 4.6.0
//  Hardware Version: 2.0.0
// Device settings: 
//  Filter Profile: human(46.1)
//  Option Flags: Orientation Smoother Disabled, Position/Velocity Smoother Disabled, Continuous Zero Rotation Update Disabled, AHS Disabled, ICC Disabled
// Coordinate system: ENU
PacketCounter	Acc_X	Acc_Y	Acc_Z	Gyr_X	Gyr_Y	Gyr_Z	Mat[1][1]	Mat[2][1]	Mat[3][1]	Mat[1][2]	Mat[2][2]	Mat[3][2]	Mat[1][3]	Mat[2][3]	Mat[3][3]
20555	4.965083	-1.635432	8.845927	0.003288	-0.002720	0.001163	0.813308	0.324488	0.482948	-0.281562	0.945878	-0.161362	-0.509170	-0.004742	0.860653
20556	4.975960	-1.614070	8.810956	0.003170	0.000699	0.002412	0.813304	0.324484	0.482956	-0.281553	0.945879	-0.161371	-0.509181	-0.004734	0.860646
20557	4.975980	-1.613785	8.810997	0.005551	-0.001869	0.001587	0.813287	0.324483	0.482986	-0.281564	0.945880	-0.161348	-0.509201	-0.004769	0.860634
20558	4.957237	-1.582028	8.858581	0.006484	0.005905	0.007150	0.813296	0.324525	0.482942	-0.281611	0.945865	-0.161352	-0.509161	-0.004775	0.860658
20559	4.975721	-1.587177	8.844697	0.000671	0.006685	0.004483	0.813315	0.324547	0.482895	-0.281616	0.945858	-0.161387	-0.509128	-0.004733	0.860678
20560	4.944531	-1.629691	8.861079	0.000869	0.004287	0.008943	0.813311	0.324606	0.482862	-0.281649	0.945838	-0.161448	-0.509116	-0.004690	0.860685
20561	4.899449	-1.669550	8.857578	0.001697	0.003113	0.005223	0.813310	0.324634	0.482845	-0.281664	0.945828	-0.161476	-0.509109	-0.004670	0.860689
20562	4.907032	-1.722102	8.845228	0.004196	-0.002873	0.003151	0.813286	0.324638	0.482883	-0.281666	0.945827	-0.161480	-0.509146	-0.004682	0.860667
20563	4.946417	-1.705605	8.849701	0.009141	-0.007942	-0.003125	0.813251	0.324592	0.482973	-0.281657	0.945842	-0.161405	-0.509207	-0.004770	0.860631
20564	5.007609	-1.646559	8.784166	0.006761	-0.005374	-0.002302	0.813230	0.324544	0.483041	-0.281628	0.945858	-0.161361	-0.509257	-0.004815	0.860601
20565	4.989502	-1.614214	8.831491	0.010642	-0.002431	-0.002363	0.813222	0.324502	0.483083	-0.281630	0.945872	-0.161277	-0.509270	-0.004897	0.860593
20566	4.975351	-1.610523	8.811949	0.012669	0.005257	0.000555	0.813246	0.324481	0.483056	-0.281654	0.945879	-0.161195	-0.509217	-0.004963	0.860624
20567	4.983827	-1.609475	8.866268	0.012670	0.005256	0.000555	0.813269	0.324465	0.483027	-0.281687	0.945884	-0.161105	-0.509161	-0.005041	0.860656
20568	4.974926	-1.582180	8.846039	0.010289	0.007824	0.001378	0.813305	0.324452	0.482976	-0.281706	0.945889	-0.161048	-0.509094	-0.005076	0.860696
20569	4.923895	-1.644660	8.843823	0.010027	0.006735	0.000300	0.813336	0.324436	0.482935	-0.281727	0.945894	-0.160981	-0.509033	-0.005125	0.860732
20570	4.956472	-1.651493	8.849893	0.012936	0.006344	0.001633	0.813363	0.324426	0.482896	-0.281762	0.945897	-0.160902	-0.508971	-0.005190	0.860768
20571	4.936856	-1.645300	8.864592	0.009502	0.004556	-0.001856	0.813390	0.324382	0.482880	-0.281753	0.945912	-0.160830	-0.508932	-0.005235	0.860791
20572	4.967053	-1.601952	8.848892	0.014674	0.005016	-0.000099	0.813415	0.324356	0.482855	-0.281783	0.945920	-0.160728	-0.508876	-0.005321	0.860824
20573	4.975169	-1.626999	8.869981	0.012266	-0.000343	-0.002847	0.813419	0.324307	0.482881	-0.281785	0.945936	-0.160628	-0.508867	-0.005411	0.860828
20574	4.985581	-1.604787	8.835423	0.013729	0.009611	0.004865	0.813454	0.324328	0.482809	-0.281850	0.945929	-0.160558	-0.508776	-0.005473	0.860881
20575	4.965799	-1.598846	8.850157	0.007056	0.003640	0.002349	0.813463	0.324330	0.482791	-0.281870	0.945928	-0.160528	-0.508750	-0.005501	0.860897
20576	4.976677	-1.550763	8.848697	0.010559	0.008911	0.002453	0.813501	0.324327	0.482729	-0.281899	0.945929	-0.160474	-0.508673	-0.005536	0.860942
20577	4.931850	-1.563454	8.878685	0.007203	0.008148	0.004671	0.813527	0.324352	0.482669	-0.281939	0.945920	-0.160453	-0.508610	-0.005550	0.860979
20578	4.899912	-1.631660	8.862195	0.004675	0.006209	0.003170	0.813549	0.324356	0.482629	-0.281944	0.945919	-0.160453	-0.508572	-0.005538	0.861002
20579	4.849357	-1.694641	8.859653	0.005291	-0.002960	0.000513	0.813531	0.324338	0.482672	-0.281938	0.945925	-0.160428	-0.508605	-0.005570	0.860982
20580	4.980047	-1.675409	8.860007	0.002616	-0.009408	-0.003310	0.813492	0.324281	0.482777	-0.281880	0.945944	-0.160415	-0.508700	-0.005589	0.860926
20581	4.975260	-1.601207	8.783010	0.005262	-0.010888	-0.003054	0.813442	0.324236	0.482891	-0.281853	0.945960	-0.160374	-0.508794	-0.005650	0.860869
20582	4.978940	-1.624590	8.837606	0.000908	-0.000151	0.001988	0.813435	0.324228	0.482908	-0.281829	0.945962	-0.160400	-0.508819	-0.005622	0.860855
20583	4.998834	-1.603247	8.856421	0.004383	-0.002809	-0.001475	0.813422	0.324193	0.482953	-0.281803	0.945974	-0.160374	-0.508853	-0.005646	0.860835
20584	4.957359	-1.568764	8.830145	0.005701	0.002638	0.003912	0.813424	0.324204	0.482942	-0.281819	0.945970	-0.160369	-0.508841	-0.005654	0.860842
20585	4.984271	-1.600111	8.837009	0.002938	0.007538	0.004900	0.813446	0.324232	0.482886	-0.281841	0.945961	-0.160386	-0.508794	-0.005632	0.860870
20586	4.933833	-1.636979	8.867815	0.005584	0.006057	0.005156	0.813462	0.324255	0.482845	-0.281867	0.945953	-0.160388	-0.508755	-0.005628	0.860893
20587	4.941451	-1.663041	8.889013	0.004940	0.007298	0.004246	0.813485	0.324274	0.482793	-0.281889	0.945947	-0.160386	-0.508706	-0.005622	0.860922
20588	4.931982	-1.662819	8.835513	0.005058	0.003878	0.003001	0.813495	0.324277	0.482774	-0.281894	0.945946	-0.160382	-0.508686	-0.005621	0.860934
20589	4.976329	-1.622680	8.839427	0.008797	0.002309	0.000617	0.813503	0.324261	0.482771	-0.281908	0.945951	-0.160329	-0.508666	-0.005669	0.860946
20590	4.984950	-1.622003	8.893563	0.007060	0.003638	0.002347	0.813514	0.324258	0.482754	-0.281918	0.945952	-0.160305	-0.508642	-0.005687	0.860959
20591	4.976300	-1.595295	8.873055	0.004150	0.004029	0.001013	0.813530	0.324246	0.482736	-0.281912	0.945956	-0.160293	-0.508621	-0.005686	0.860972
20592	4.961245	-1.618865	8.820432	0.003965	0.003967	0.005642	0.813533	0.324274	0.482711	-0.281933	0.945946	-0.160311	-0.508603	-0.005674	0.860982
20593	4.980435	-1.597592	8.839628	0.004943	0.007297	0.004245	0.813557	0.324293	0.482659	-0.281958	0.945940	-0.160305	-0.508552	-0.005672	0.861013
20594	4.979602	-1.597492	8.840115	0.002561	0.009867	0.005064	0.813592	0.324316	0.482584	-0.281968	0.945932	-0.160333	-0.508490	-0.005628	0.861049
20595	4.942263	-1.663416	8.857793	0.002562	0.009867	0.005064	0.813626	0.324343	0.482509	-0.281987	0.945923	-0.160353	-0.508425	-0.005594	0.861088
20596	4.972219	-1.621099	8.842029	0.005968	0.003726	0.004989	0.813630	0.324365	0.482487	-0.282013	0.945916	-0.160350	-0.508404	-0.005602	0.861100
20597	4.952520	-1.615608	8.856606	0.004036	0.007447	0.002256	0.813660	0.324361	0.482439	-0.282012	0.945917	-0.160345	-0.508357	-0.005588	0.861129
20598	4.976674	-1.596890	8.841873	0.003393	0.008688	0.001345	0.813700	0.324348	0.482380	-0.281996	0.945921	-0.160347	-0.508302	-0.005555	0.861161
20599	4.975847	-1.596695	8.842373	0.007026	0.008083	0.009297	0.813713	0.324416	0.482313	-0.282074	0.945898	-0.160348	-0.508238	-0.005571	0.861199
20600	4.983164	-1.622816	8.863737	0.003923	0.010866	0.003499	0.813757	0.324424	0.482232	-0.282077	0.945896	-0.160356	-0.508165	-0.005536	0.861242
20601	4.929713	-1.609631	8.872994	0.005360	0.012893	0.007640	0.813800	0.324474	0.482127	-0.282130	0.945879	-0.160363	-0.508067	-0.005519	0.861300
20602	4.902986	-1.654347	8.855815	0.005097	0.011803	0.006563	0.813841	0.324511	0.482034	-0.282165	0.945866	-0.160376	-0.507983	-0.005492	0.861350
20603	4.949094	-1.664598	8.881885	0.005477	0.009473	0.006398	0.813869	0.324548	0.481961	-0.282206	0.945853	-0.160378	-0.507915	-0.005485	0.861390
20604	4.915123	-1.656472	8.876766	0.006950	0.007053	0.003591	0.813894	0.324556	0.481913	-0.282225	0.945851	-0.160361	-0.507864	-0.005491	0.861420
20605	4.919884	-1.658832	8.843004	0.003175	0.000697	0.002412	0.813888	0.324559	0.481920	-0.282227	0.945850	-0.160364	-0.507872	-0.005493	0.861415
20606	4.945407	-1.613512	8.860962	0.008916	-0.001115	-0.000622	0.813884	0.324527	0.481949	-0.282222	0.945860	-0.160309	-0.507881	-0.005544	0.861409
20607	4.964644	-1.618049	8.846843	0.007822	-0.001025	0.002018	0.813871	0.324526	0.481972	-0.282244	0.945860	-0.160270	-0.507890	-0.005595	0.861404
20608	4.937205	-1.585952	8.840352	0.007444	0.001304	0.002184	0.813871	0.324521	0.481976	-0.282255	0.945862	-0.160241	-0.507884	-0.005625	0.861407
20609	4.950505	-1.614338	8.827294	0.007180	0.000215	0.001107	0.813867	0.324508	0.481991	-0.282263	0.945866	-0.160204	-0.507886	-0.005664	0.861406
20610	4.964202	-1.616389	8.847395	0.006688	0.005964	0.002513	0.813889	0.324507	0.481954	-0.282273	0.945866	-0.160183	-0.507845	-0.005671	0.861430
20611	4.977638	-1.618399	8.867649	0.009599	0.005571	0.003849	0.813904	0.324524	0.481917	-0.282319	0.945860	-0.160140	-0.507796	-0.005716	0.861459
20612	4.981912	-1.620589	8.834203	0.006462	0.012801	0.004995	0.813954	0.324546	0.481818	-0.282348	0.945853	-0.160133	-0.507699	-0.005699	0.861516
20613	4.947726	-1.612301	8.829224	0.008578	0.009140	0.003102	0.813990	0.324554	0.481752	-0.282380	0.945850	-0.160093	-0.507624	-0.005723	0.861560
20614	4.935158	-1.659156	8.831898	0.010283	0.012257	0.008319	0.814028	0.324608	0.481652	-0.282455	0.945831	-0.160069	-0.507521	-0.005744	0.861620
20615	4.915507	-1.626958	8.879828	0.007938	0.010379	0.002189	0.814072	0.324610	0.481576	-0.282480	0.945830	-0.160030	-0.507436	-0.005759	0.861670
20616	4.920502	-1.602731	8.879354	0.007599	0.005811	0.004501	0.814088	0.324627	0.481537	-0.282511	0.945825	-0.160012	-0.507394	-0.005776	0.861695
20617	4.933363	-1.631227	8.866549	0.007334	0.004721	0.003425	0.814100	0.324641	0.481508	-0.282543	0.945819	-0.159984	-0.507357	-0.005803	0.861717
20618	4.951994	-1.636025	8.852748	0.007600	0.005811	0.004501	0.814116	0.324658	0.481469	-0.282573	0.945814	-0.159965	-0.507314	-0.005820	0.861742
20619	4.962859	-1.588089	8.851217	0.009226	0.007898	0.004013	0.814143	0.324676	0.481412	-0.282619	0.945807	-0.159923	-0.507246	-0.005856	0.861782
20620	4.976062	-1.590140	8.871595	0.007224	0.008140	0.004664	0.814170	0.324695	0.481353	-0.282649	0.945801	-0.159909	-0.507185	-0.005861	0.861817
20621	4.961254	-1.587069	8.852300	0.008585	0.009137	0.003100	0.814205	0.324705	0.481286	-0.282684	0.945797	-0.159868	-0.507109	-0.005887	0.861862
20622	4.946296	-1.584249	8.833044	0.004658	0.010652	0.010108	0.814230	0.324776	0.481196	-0.282746	0.945773	-0.159901	-0.507035	-0.005860	0.861906
20623	4.948113	-1.607802	8.888597	0.006285	0.012738	0.009619	0.814265	0.324847	0.481088	-0.282822	0.945748	-0.159912	-0.506935	-0.005852	0.861964
20624	4.913231	-1.626159	8.850578	0.007759	0.010316	0.006816	0.814298	0.324886	0.481007	-0.282872	0.945735	-0.159903	-0.506855	-0.005855	0.862011
20625	4.932016	-1.604655	8.870029	0.007494	0.009227	0.005740	0.814327	0.324918	0.480936	-0.282920	0.945724	-0.159882	-0.506782	-0.005870	0.862054
20626	4.924685	-1.654406	8.838632	0.007761	0.010315	0.006816	0.814359	0.324957	0.480855	-0.282970	0.945710	-0.159873	-0.506702	-0.005873	0.862101
20627	4.912818	-1.674789	8.874268	0.011237	0.007651	0.003362	0.814387	0.324969	0.480801	-0.283020	0.945706	-0.159811	-0.506630	-0.005929	0.862143
20628	4.936952	-1.655463	8.859721	0.012865	0.009736	0.002873	0.814427	0.324970	0.480731	-0.283064	0.945705	-0.159738	-0.506540	-0.005982	0.862196
20629	4.922831	-1.625338	8.873481	0.014981	0.006074	0.000984	0.814454	0.324957	0.480696	-0.283110	0.945709	-0.159632	-0.506472	-0.006077	0.862235
20630	4.980236	-1.613417	8.864645	0.015968	0.009399	-0.000418	0.814502	0.324928	0.480634	-0.283143	0.945719	-0.159518	-0.506376	-0.006161	0.862291
20631	4.946160	-1.604168	8.859715	0.016502	0.011577	0.001732	0.814554	0.324923	0.480549	-0.283204	0.945720	-0.159403	-0.506258	-0.006252	0.862359
20632	4.964154	-1.608223	8.846451	0.015032	0.013999	0.004533	0.814611	0.324940	0.480440	-0.283273	0.945713	-0.159320	-0.506128	-0.006312	0.862435
20633	4.937845	-1.625415	8.862600	0.016397	0.014994	0.002969	0.814677	0.324946	0.480325	-0.283340	0.945711	-0.159213	-0.505985	-0.006388	0.862519
20634	4.890047	-1.587246	8.870930	0.016774	0.012664	0.002807	0.814732	0.324947	0.480230	-0.283403	0.945710	-0.159107	-0.505860	-0.006469	0.862591
20635	4.922124	-1.593709	8.877494	0.016244	0.010484	0.000656	0.814782	0.324932	0.480157	-0.283454	0.945715	-0.158988	-0.505751	-0.006562	0.862654
20636	4.909830	-1.639851	8.880195	0.013627	0.005074	0.002549	0.814800	0.324930	0.480127	-0.283499	0.945715	-0.158908	-0.505697	-0.006638	0.862685
20637	4.895854	-1.609986	8.893769	0.009884	0.006651	0.004924	0.814817	0.324959	0.480078	-0.283558	0.945705	-0.158864	-0.505636	-0.006685	0.862721
20638	4.927988	-1.643212	8.866989	0.018015	0.002255	0.001088	0.814825	0.324943	0.480075	-0.283613	0.945709	-0.158739	-0.505593	-0.006812	0.862745
20639	4.864539	-1.649387	8.910786	0.017484	0.000074	-0.001062	0.814827	0.324910	0.480095	-0.283656	0.945720	-0.158600	-0.505565	-0.006950	0.862760
20640	4.942074	-1.642714	8.887350	0.013958	-0.005185	-0.001157	0.814803	0.324872	0.480160	-0.283672	0.945732	-0.158499	-0.505594	-0.007063	0.862743
20641	4.965131	-1.573034	8.850174	0.015323	-0.004191	-0.002722	0.814788	0.324825	0.480217	-0.283693	0.945747	-0.158371	-0.505606	-0.007196	0.862734
20642	5.048365	-1.542905	8.825665	0.012378	0.000658	0.002876	0.814783	0.324827	0.480225	-0.283735	0.945746	-0.158303	-0.505592	-0.007274	0.862742
20643	4.975620	-1.549887	8.815805	0.014140	0.014143	0.002534	0.814846	0.324827	0.480118	-0.283788	0.945745	-0.158211	-0.505461	-0.007334	0.862818
20644	4.963161	-1.569877	8.851839	0.009755	0.016961	0.003993	0.814920	0.324840	0.479984	-0.283825	0.945740	-0.158171	-0.505321	-0.007335	0.862900
20645	4.928219	-1.561235	8.847234	0.015102	0.021920	0.008064	0.815005	0.324900	0.479798	-0.283936	0.945720	-0.158098	-0.505120	-0.007381	0.863017
20646	4.940007	-1.563022	8.868446	0.010452	0.023648	0.008447	0.815100	0.324956	0.479599	-0.284013	0.945701	-0.158073	-0.504924	-0.007367	0.863132
20647	4.887179	-1.625561	8.867285	0.015003	0.025336	0.009296	0.815200	0.325022	0.479384	-0.284126	0.945677	-0.158007	-0.504699	-0.007398	0.863264
20648	4.923977	-1.609086	8.873289	0.009200	0.019233	0.008778	0.815272	0.325081	0.479223	-0.284200	0.945657	-0.157995	-0.504542	-0.007386	0.863356
20649	4.891862	-1.624110	8.923572	0.011210	0.018986	0.008128	0.815343	0.325137	0.479064	-0.284287	0.945638	-0.157955	-0.504378	-0.007404	0.863451
20650	4.934375	-1.610373	8.895363	0.012685	0.016559	0.005331	0.815411	0.325162	0.478931	-0.284350	0.945629	-0.157896	-0.504233	-0.007434	0.863536
20651	4.880690	-1.596372	8.904550	0.011426	0.012147	0.005663	0.815455	0.325191	0.478837	-0.284413	0.945619	-0.157843	-0.504126	-0.007473	0.863598
20652	4.898853	-1.601157	8.891130	0.007519	0.009220	0.005728	0.815484	0.325220	0.478766	-0.284453	0.945609	-0.157831	-0.504056	-0.007478	0.863639
20653	4.922893	-1.582234	8.876602	0.010254	0.011204	0.002599	0.815532	0.325224	0.478684	-0.284490	0.945607	-0.157773	-0.503958	-0.007511	0.863695
20654	4.961304	-1.539282	8.914928	0.006881	0.010458	0.004812	0.815570	0.325244	0.478604	-0.284519	0.945600	-0.157762	-0.503879	-0.007506	0.863741
20655	4.893549	-1.549755	8.870991	0.008696	0.010160	0.008791	0.815594	0.325309	0.478519	-0.284602	0.945578	-0.157748	-0.503794	-0.007529	0.863791
20656	4.784375	-1.597027	8.911184	-0.002782	0.009361	0.007895	0.815618	0.325359	0.478444	-0.284608	0.945561	-0.157835	-0.503751	-0.007436	0.863817
20657	4.850462	-1.613409	8.922798	-0.005633	-0.008476	0.003953	0.815563	0.325372	0.478529	-0.284575	0.945557	-0.157920	-0.503860	-0.007383	0.863754
20658	4.991726	-1.601430	8.855644	-0.006377	-0.003819	0.004267	0.815531	0.325386	0.478574	-0.284533	0.945553	-0.158021	-0.503935	-0.007299	0.863711
20659	4.895358	-1.601867	8.892927	-0.004742	-0.001738	0.003777	0.815509	0.325401	0.478601	-0.284503	0.945549	-0.158100	-0.503986	-0.007231	0.863681
20660	4.966302	-1.647631	8.837585	-0.004846	0.001681	0.005008	0.815503	0.325422	0.478597	-0.284475	0.945542	-0.158191	-0.504012	-0.007143	0.863667
20661	4.958813	-1.568985	8.882561	-0.002675	0.005942	0.006664	0.815513	0.325460	0.478555	-0.284475	0.945529	-0.158266	-0.503997	-0.007069	0.863676
20662	4.919122	-1.585192	8.878165	0.001235	0.008867	0.006600	0.815538	0.325497	0.478487	-0.284490	0.945517	-0.158312	-0.503947	-0.007015	0.863706
20663	4.898389	-1.606707	8.859827	-0.001143	0.011441	0.007405	0.815573	0.325547	0.478393	-0.284509	0.945501	-0.158377	-0.503880	-0.006940	0.863746
20664	4.880471	-1.651549	8.896445	0.000968	0.007776	0.005526	0.815596	0.325573	0.478336	-0.284515	0.945492	-0.158420	-0.503840	-0.006887	0.863770
20665	4.893342	-1.680418	8.883758	0.006825	0.002528	0.001278	0.815603	0.325564	0.478330	-0.284523	0.945495	-0.158386	-0.503823	-0.006916	0.863779
20666	4.898881	-1.656099	8.882958	0.009100	0.003371	0.001704	0.815615	0.325554	0.478317	-0.284538	0.945498	-0.158341	-0.503796	-0.006955	0.863795
20667	4.924003	-1.610526	8.901082	0.007822	0.005848	-0.000129	0.815643	0.325530	0.478284	-0.284540	0.945506	-0.158290	-0.503749	-0.006983	0.863822
20668	4.987395	-1.575715	8.891131	0.008091	0.006938	0.000944	0.815675	0.325513	0.478242	-0.284543	0.945512	-0.158250	-0.503695	-0.007000	0.863853
20669	4.941563	-1.614730	8.888135	0.005507	0.016348	0.004209	0.815743	0.325537	0.478110	-0.284573	0.945504	-0.158243	-0.503568	-0.006972	0.863927
20670	4.912020	-1.609387	8.849332	0.007043	0.021846	0.004949	0.815839	0.325559	0.477932	-0.284604	0.945496	-0.158231	-0.503396	-0.006931	0.864028
20671	4.910684	-1.581909	8.883420	0.017454	0.018281	0.001556	0.815925	0.325553	0.477789	-0.284669	0.945498	-0.158106	-0.503220	-0.007009	0.864130
20672	4.887068	-1.552276	8.843577	0.008964	0.018129	0.007697	0.815993	0.325601	0.477639	-0.284732	0.945481	-0.158090	-0.503073	-0.006998	0.864216
20673	4.893878	-1.551474	8.898519	0.008059	0.018277	0.005707	0.816067	0.325634	0.477490	-0.284783	0.945470	-0.158067	-0.502924	-0.006988	0.864302
20674	4.861043	-1.619631	8.882723	0.006524	0.012778	0.004968	0.816117	0.325656	0.477390	-0.284812	0.945463	-0.158060	-0.502827	-0.006971	0.864359
20675	4.887636	-1.624483	8.923249	0.002879	0.010945	0.006104	0.816153	0.325693	0.477304	-0.284840	0.945450	-0.158083	-0.502753	-0.006935	0.864402
20676	4.847703	-1.640201	8.919010	0.004619	0.009608	0.004385	0.816188	0.325709	0.477232	-0.284854	0.945445	-0.158089	-0.502688	-0.006911	0.864440
20677	4.871774	-1.648387	8.871278	0.000269	0.001090	0.001073	0.816189	0.325696	0.477239	-0.284827	0.945449	-0.158111	-0.502702	-0.006882	0.864432
20678	4.908935	-1.555992	8.886917	0.006735	-0.000942	0.004679	0.816170	0.325715	0.477259	-0.284854	0.945443	-0.158101	-0.502717	-0.006912	0.864424
20679	4.952993	-1.543066	8.857870	-0.000933	0.004606	0.004939	0.816178	0.325739	0.477229	-0.284853	0.945435	-0.158152	-0.502705	-0.006860	0.864431
20680	4.921455	-1.585295	8.874402	0.000974	0.007775	0.005521	0.816201	0.325766	0.477172	-0.284858	0.945426	-0.158195	-0.502665	-0.006808	0.864454
20681	4.928704	-1.611565	8.895846	0.003889	0.007378	0.006865	0.816217	0.325811	0.477114	-0.284899	0.945411	-0.158212	-0.502616	-0.006794	0.864483
20682	4.888825	-1.627482	8.891535	0.001782	0.011043	0.008740	0.816247	0.325868	0.477023	-0.284935	0.945391	-0.158264	-0.502547	-0.006739	0.864524
20683	4.848881	-1.643505	8.887231	0.001245	0.008864	0.006594	0.816271	0.325906	0.476955	-0.284956	0.945379	-0.158302	-0.502495	-0.006694	0.864554
20684	4.895091	-1.654081	8.913452	0.001345	0.005447	0.005365	0.816283	0.325931	0.476918	-0.284962	0.945370	-0.158341	-0.502473	-0.006652	0.864567
20685	4.919745	-1.635703	8.898577	0.004823	0.002771	0.001927	0.816290	0.325929	0.476909	-0.284966	0.945371	-0.158329	-0.502460	-0.006661	0.864575
20686	4.905337	-1.632930	8.878987	0.005262	0.008367	0.005302	0.816316	0.325953	0.476847	-0.284992	0.945363	-0.158334	-0.502402	-0.006647	0.864608
20687	4.877290	-1.601127	8.872468	0.003450	0.008665	0.001320	0.816354	0.325947	0.476786	-0.284986	0.945365	-0.158329	-0.502344	-0.006625	0.864643
20688	4.923385	-1.611205	8.898856	0.006634	0.009356	0.003738	0.816390	0.325957	0.476718	-0.285005	0.945362	-0.158314	-0.502274	-0.006621	0.864683
20689	4.897462	-1.629060	8.914518	0.006366	0.008267	0.002665	0.816422	0.325961	0.476660	-0.285023	0.945360	-0.158291	-0.502212	-0.006627	0.864719
20690	4.907568	-1.634411	8.847014	0.006734	0.005939	0.002510	0.816444	0.325959	0.476623	-0.285033	0.945361	-0.158270	-0.502170	-0.006634	0.864743
20691	4.921122	-1.609779	8.900365	0.007101	0.010494	0.000184	0.816495	0.325940	0.476550	-0.285034	0.945367	-0.158229	-0.502088	-0.006639	0.864791
20692	4.919825	-1.635731	8.868065	0.008376	0.008017	0.002020	0.816529	0.325934	0.476496	-0.285048	0.945369	-0.158192	-0.502024	-0.006656	0.864828
20693	4.910828	-1.608970	8.847679	0.007911	0.013761	0.003401	0.816587	0.325944	0.476390	-0.285078	0.945366	-0.158159	-0.501913	-0.006658	0.864892
20694	4.904217	-1.605499	8.882425	0.006736	0.012820	0.000338	0.816649	0.325922	0.476297	-0.285070	0.945373	-0.158127	-0.501816	-0.006643	0.864949
20695	4.883784	-1.599637	8.897178	0.007447	0.012622	0.006955	0.816692	0.325964	0.476196	-0.285125	0.945359	-0.158114	-0.501715	-0.006645	0.865007
20696	4.832387	-1.635621	8.928159	0.010560	0.012272	0.003674	0.816742	0.325973	0.476102	-0.285163	0.945355	-0.158066	-0.501611	-0.006668	0.865068
20697	4.925890	-1.585567	8.869507	0.008013	0.010342	0.002174	0.816786	0.325975	0.476026	-0.285187	0.945355	-0.158026	-0.501526	-0.006683	0.865117
20698	4.917381	-1.532310	8.881935	0.006911	0.010443	0.004809	0.816824	0.325995	0.475947	-0.285217	0.945348	-0.158015	-0.501447	-0.006678	0.865163
20699	4.866097	-1.568556	8.912791	0.004266	0.011929	0.004535	0.816869	0.326017	0.475854	-0.285239	0.945341	-0.158020	-0.501361	-0.006650	0.865212
20700	4.890227	-1.550116	8.898251	0.005270	0.008364	0.005300	0.816896	0.326042	0.475792	-0.285264	0.945332	-0.158025	-0.501304	-0.006637	0.865246
20701	4.864359	-1.568659	8.913722	-0.003773	0.006046	0.009286	0.816898	0.326110	0.475742	-0.285286	0.945309	-0.158122	-0.501288	-0.006553	0.865255
20702	4.857876	-1.593098	8.915029	-0.004948	0.005105	0.006222	0.816905	0.326144	0.475707	-0.285268	0.945298	-0.158220	-0.501287	-0.006453	0.865257
20703	4.864964	-1.646485	8.903362	-0.002573	0.002528	0.005424	0.816900	0.326173	0.475694	-0.285263	0.945288	-0.158288	-0.501297	-0.006393	0.865252
20704	4.903275	-1.657700	8.875400	-0.000198	-0.000048	0.004627	0.816886	0.326191	0.475706	-0.285255	0.945282	-0.158337	-0.501324	-0.006354	0.865236
20705	4.934642	-1.589317	8.892067	0.001811	-0.000298	0.003982	0.816872	0.326208	0.475719	-0.285261	0.945277	-0.158360	-0.501345	-0.006344	0.865224
20706	4.908839	-1.634242	8.874425	0.001080	0.004356	0.004290	0.816881	0.326223	0.475693	-0.285257	0.945272	-0.158397	-0.501332	-0.006304	0.865232
20707	4.916646	-1.633736	8.928699	0.004097	0.007422	0.002236	0.816910	0.326222	0.475644	-0.285259	0.945272	-0.158391	-0.501284	-0.006290	0.865260
20708	4.877117	-1.649423	8.924162	0.001986	0.004207	0.006281	0.816913	0.326255	0.475616	-0.285275	0.945261	-0.158429	-0.501270	-0.006259	0.865269
20709	4.907301	-1.634010	8.875318	0.004828	0.002768	0.001929	0.816920	0.326252	0.475607	-0.285279	0.945262	-0.158416	-0.501257	-0.006267	0.865276
20710	4.874171	-1.598884	8.902583	0.010395	0.007761	0.001377	0.816954	0.326240	0.475556	-0.285298	0.945266	-0.158358	-0.501190	-0.006304	0.865314
20711	4.880820	-1.651038	8.891389	0.006918	0.010439	0.004809	0.816991	0.326264	0.475476	-0.285336	0.945258	-0.158340	-0.501108	-0.006308	0.865362
20712	4.874477	-1.647474	8.925964	0.008856	0.009147	-0.001534	0.817041	0.326224	0.475417	-0.285323	0.945271	-0.158281	-0.501034	-0.006325	0.865405
20713	4.885046	-1.625886	8.891457	0.010397	0.007760	0.001377	0.817074	0.326217	0.475366	-0.285351	0.945274	-0.158218	-0.500964	-0.006370	0.865445
20714	4.896091	-1.577679	8.889776	0.009493	0.007908	-0.000615	0.817115	0.326185	0.475317	-0.285349	0.945284	-0.158158	-0.500898	-0.006397	0.865483
20715	4.850656	-1.616414	8.886470	0.005839	0.006081	0.000519	0.817142	0.326170	0.475281	-0.285346	0.945290	-0.158131	-0.500855	-0.006404	0.865507
20716	4.819993	-1.631414	8.935625	0.001635	-0.004802	0.001686	0.817113	0.326159	0.475338	-0.285323	0.945293	-0.158150	-0.500916	-0.006399	0.865472
20717	4.873030	-1.644439	8.927314	0.005209	-0.010897	-0.002970	0.817065	0.326108	0.475455	-0.285288	0.945311	-0.158110	-0.501014	-0.006456	0.865415
20718	4.928011	-1.534296	8.873314	-0.003464	-0.008659	-0.001315	0.817025	0.326069	0.475551	-0.285215	0.945324	-0.158159	-0.501121	-0.006415	0.865354
20719	4.955905	-1.566046	8.880005	-0.001819	-0.006582	-0.001806	0.816996	0.326030	0.475628	-0.285156	0.945338	-0.158186	-0.501203	-0.006391	0.865306
20720	4.903886	-1.552945	8.887790	-0.001572	-0.001034	0.006189	0.816972	0.326063	0.475646	-0.285154	0.945327	-0.158254	-0.501242	-0.006343	0.865284
20721	4.903890	-1.553689	8.887657	-0.007870	-0.001373	0.007048	0.816944	0.326106	0.475665	-0.285134	0.945312	-0.158376	-0.501300	-0.006244	0.865251
20722	4.919636	-1.606972	8.929739	-0.006861	0.001941	0.005638	0.816937	0.326134	0.475658	-0.285101	0.945304	-0.158487	-0.501330	-0.006136	0.865235
20723	4.852797	-1.618628	8.884898	-0.005955	0.001792	0.007630	0.816923	0.326184	0.475648	-0.285097	0.945287	-0.158595	-0.501355	-0.006046	0.865220
20724	4.885637	-1.627447	8.890847	-0.006225	0.000703	0.006557	0.816907	0.326220	0.475650	-0.285075	0.945275	-0.158705	-0.501393	-0.005949	0.865199
20725	4.879959	-1.625487	8.924762	-0.008869	0.002191	0.006282	0.816898	0.326259	0.475639	-0.285046	0.945262	-0.158832	-0.501424	-0.005829	0.865182
20726	4.871992	-1.600372	8.903508	-0.007503	-0.003701	0.006894	0.816860	0.326298	0.475678	-0.285020	0.945249	-0.158955	-0.501502	-0.005734	0.865138
20727	4.918408	-1.638579	8.896408	-0.009335	0.001054	0.009836	0.816835	0.326371	0.475670	-0.285019	0.945225	-0.159102	-0.501542	-0.005615	0.865115
20728	4.865405	-1.652795	8.871501	-0.004849	0.001690	0.004994	0.816829	0.326392	0.475666	-0.284991	0.945218	-0.159193	-0.501568	-0.005527	0.865101
20729	4.878941	-1.655883	8.891519	-0.002570	0.002528	0.005423	0.816825	0.326421	0.475654	-0.284985	0.945209	-0.159262	-0.501579	-0.005466	0.865095
20730	4.872926	-1.679896	8.892626	-0.001373	-0.000988	0.001563	0.816815	0.326410	0.475679	-0.284947	0.945213	-0.159306	-0.501617	-0.005419	0.865073
20731	4.871037	-1.630038	8.870370	0.003279	-0.002727	0.001194	0.816796	0.326400	0.475718	-0.284937	0.945216	-0.159304	-0.501653	-0.005430	0.865052
20732	4.846070	-1.648036	8.885410	0.002644	-0.001489	0.000275	0.816787	0.326377	0.475749	-0.284908	0.945224	-0.159308	-0.501684	-0.005424	0.865034
20733	4.962870	-1.627516	8.866965	-0.002289	-0.007719	0.001746	0.816742	0.326372	0.475831	-0.284874	0.945226	-0.159357	-0.501777	-0.005399	0.864980
20734	4.912844	-1.663920	8.897024	0.003653	0.001826	-0.001134	0.816753	0.326335	0.475835	-0.284838	0.945239	-0.159345	-0.501778	-0.005391	0.864980
20735	4.899401	-1.634627	8.909991	0.000906	-0.000150	0.001991	0.816746	0.326331	0.475851	-0.284822	0.945240	-0.159366	-0.501800	-0.005372	0.864967
20736	4.922508	-1.566476	8.872727	0.002915	-0.000400	0.001348	0.816739	0.326318	0.475871	-0.284803	0.945245	-0.159372	-0.501821	-0.005364	0.864955
20737	4.891737	-1.581819	8.921886	-0.000289	0.003367	0.005852	0.816738	0.326351	0.475851	-0.284811	0.945234	-0.159423	-0.501819	-0.005321	0.864957
20738	4.871014	-1.630038	8.870383	-0.002391	0.007033	0.007721	0.816751	0.326398	0.475797	-0.284818	0.945218	-0.159506	-0.501794	-0.005239	0.864971
20739	4.895901	-1.585892	8.888419	-0.004670	0.006195	0.007292	0.816759	0.326445	0.475750	-0.284816	0.945202	-0.159600	-0.501780	-0.005146	0.864980
20740	4.891393	-1.659864	8.911966	0.002262	0.005293	0.007353	0.816765	0.326489	0.475711	-0.284843	0.945187	-0.159641	-0.501757	-0.005114	0.864994
20741	4.857901	-1.652338	8.906133	-0.003035	0.001391	0.008976	0.816744	0.326552	0.475702	-0.284865	0.945166	-0.159730	-0.501777	-0.005052	0.864982
20742	4.849335	-1.652929	8.852270	0.003653	0.001826	-0.001134	0.816756	0.326516	0.475706	-0.284830	0.945178	-0.159718	-0.501778	-0.005044	0.864982
20743	4.874920	-1.608127	8.870053	-0.001841	-0.002125	0.005116	0.816729	0.326542	0.475735	-0.284825	0.945169	-0.159779	-0.501824	-0.005005	0.864955
20744	4.863707	-1.628842	8.905051	0.004652	-0.001740	-0.000368	0.816721	0.326513	0.475769	-0.284801	0.945180	-0.159762	-0.501851	-0.005018	0.864939
20745	4.902595	-1.639479	8.876911	0.001998	-0.007131	0.001531	0.816680	0.326505	0.475846	-0.284787	0.945182	-0.159772	-0.501927	-0.005033	0.864895
20746	4.903155	-1.639382	8.876619	0.001363	-0.005893	0.000612	0.816648	0.326484	0.475914	-0.284755	0.945189	-0.159788	-0.501997	-0.005028	0.864855
20747	4.897913	-1.663026	8.877364	-0.000553	-0.009058	0.000030	0.816600	0.326461	0.476011	-0.284714	0.945197	-0.159813	-0.502097	-0.005023	0.864796
20748	4.930171	-1.594608	8.893599	-0.000281	-0.007969	0.001103	0.816557	0.326445	0.476097	-0.284677	0.945203	-0.159846	-0.502189	-0.005010	0.864743
20749	4.955264	-1.602933	8.845421	0.002644	-0.001489	0.000275	0.816546	0.326428	0.476127	-0.284656	0.945209	-0.159847	-0.502218	-0.005010	0.864727
20750	4.919178	-1.615281	8.928492	-0.001466	0.002428	0.002788	0.816550	0.326428	0.476120	-0.284627	0.945209	-0.159898	-0.502228	-0.004952	0.864721
20751	4.899318	-1.636674	8.909661	-0.002008	0.000251	0.000644	0.816548	0.326411	0.476135	-0.284584	0.945215	-0.159938	-0.502256	-0.004903	0.864705
20752	4.891307	-1.610643	8.888610	0.002992	0.000639	0.007045	0.816531	0.326452	0.476137	-0.284612	0.945201	-0.159971	-0.502268	-0.004893	0.864698
20753	4.879363	-1.658237	8.890849	-0.002203	0.000202	0.005270	0.816515	0.326479	0.476145	-0.284606	0.945192	-0.160036	-0.502297	-0.004842	0.864682
20754	4.893174	-1.661183	8.910743	-0.001839	-0.002125	0.005116	0.816489	0.326502	0.476174	-0.284595	0.945184	-0.160101	-0.502346	-0.004796	0.864654
20755	4.884814	-1.661941	8.856729	-0.000194	-0.000049	0.004626	0.816475	0.326523	0.476185	-0.284594	0.945177	-0.160144	-0.502370	-0.004766	0.864640
20756	4.897938	-1.690926	8.843985	0.007112	0.003601	0.002358	0.816485	0.326520	0.476168	-0.284605	0.945178	-0.160119	-0.502346	-0.004785	0.864653
20757	4.873025	-1.682182	8.892139	0.003187	0.000687	0.002419	0.816480	0.326520	0.476177	-0.284603	0.945178	-0.160123	-0.502355	-0.004784	0.864648
20758	4.871251	-1.631714	8.869944	0.012584	-0.006211	0.000457	0.816447	0.326498	0.476248	-0.284625	0.945185	-0.160042	-0.502396	-0.004886	0.864624
20759	4.885593	-1.633323	8.889794	0.006753	-0.005408	-0.002238	0.816425	0.326454	0.476317	-0.284604	0.945200	-0.159993	-0.502445	-0.004939	0.864595
20760	4.874870	-1.653399	8.924654	0.004201	-0.007335	-0.003738	0.816398	0.326393	0.476405	-0.284550	0.945221	-0.159964	-0.502519	-0.004966	0.864552
20761	4.893198	-1.608397	8.887976	0.005022	-0.015406	-0.005269	0.816334	0.326321	0.476563	-0.284496	0.945245	-0.159916	-0.502653	-0.005035	0.864474
20762	4.944813	-1.571424	8.857118	0.003558	-0.012977	-0.002482	0.816276	0.326271	0.476698	-0.284449	0.945263	-0.159898	-0.502775	-0.005075	0.864402
20763	4.920488	-1.589262	8.871845	0.002737	-0.004906	-0.000950	0.816252	0.326244	0.476758	-0.284422	0.945272	-0.159891	-0.502829	-0.005089	0.864371
20764	4.888013	-1.581085	8.865591	0.001729	-0.008221	0.000460	0.816209	0.326222	0.476846	-0.284390	0.945280	-0.159904	-0.502917	-0.005095	0.864320
20765	4.915595	-1.612538	8.872473	0.002645	-0.001490	0.000274	0.816199	0.326203	0.476876	-0.284369	0.945286	-0.159902	-0.502945	-0.005097	0.864303
20766	4.908219	-1.559648	8.884223	0.000908	-0.000150	0.001991	0.816192	0.326196	0.476893	-0.284345	0.945289	-0.159929	-0.502970	-0.005069	0.864289
20767	4.888416	-1.581147	8.865357	-0.004211	0.000455	0.005915	0.816176	0.326229	0.476898	-0.284334	0.945278	-0.160014	-0.503002	-0.004999	0.864271
20768	4.882522	-1.605234	8.866394	-0.000737	-0.002226	0.002482	0.816157	0.326226	0.476932	-0.284306	0.945279	-0.160057	-0.503048	-0.004963	0.864244
20769	4.909825	-1.637061	8.873360	0.000171	-0.002376	0.004473	0.816131	0.326246	0.476963	-0.284307	0.945272	-0.160097	-0.503090	-0.004944	0.864220
20770	4.921392	-1.589812	8.871244	0.002732	0.006431	0.003796	0.816152	0.326257	0.476919	-0.284307	0.945268	-0.160116	-0.503056	-0.004912	0.864240
20771	4.947881	-1.621291	8.878726	0.004105	0.007419	0.002233	0.816181	0.326256	0.476871	-0.284307	0.945269	-0.160113	-0.503009	-0.004896	0.864267
20772	4.913845	-1.613223	8.873318	0.001641	0.013414	0.004255	0.816236	0.326271	0.476767	-0.284306	0.945264	-0.160145	-0.502921	-0.004832	0.864319
20773	4.912527	-1.613213	8.874049	0.005738	0.013950	0.008664	0.816279	0.326330	0.476652	-0.284366	0.945244	-0.160158	-0.502816	-0.004810	0.864380
20774	4.884329	-1.581820	8.867490	-0.003293	0.007186	0.005728	0.816298	0.326359	0.476599	-0.284352	0.945234	-0.160239	-0.502793	-0.004719	0.864394
20775	4.916005	-1.616730	8.841063	0.002915	0.010935	0.006093	0.816334	0.326395	0.476513	-0.284378	0.945222	-0.160265	-0.502720	-0.004681	0.864437
20776	4.934141	-1.622463	8.827640	-0.000194	0.011288	0.009371	0.816364	0.326458	0.476419	-0.284409	0.945200	-0.160336	-0.502655	-0.004606	0.864475
20777	4.928529	-1.696434	8.851813	0.000909	0.022522	0.011481	0.816442	0.326548	0.476223	-0.284472	0.945170	-0.160404	-0.502491	-0.004511	0.864570
20778	4.852968	-1.627704	8.852698	0.007767	0.020574	0.005844	0.816529	0.326578	0.476054	-0.284514	0.945160	-0.160390	-0.502327	-0.004481	0.864666
20779	4.863366	-1.553354	8.884431	0.007769	0.020573	0.005844	0.816613	0.326614	0.475885	-0.284565	0.945147	-0.160372	-0.502161	-0.004458	0.864763
20780	4.857784	-1.426828	8.874048	0.006854	0.025178	0.010773	0.816709	0.326691	0.475668	-0.284642	0.945121	-0.160390	-0.501962	-0.004404	0.864878
20781	4.842558	-1.371464	8.920965	-0.003733	0.024261	0.011843	0.816795	0.326781	0.475457	-0.284683	0.945090	-0.160498	-0.501798	-0.004261	0.864974
20782	4.804117	-1.541674	8.895850	-0.016250	0.024636	0.019250	0.816863	0.326938	0.475232	-0.284714	0.945037	-0.160755	-0.501669	-0.003990	0.865050
20783	4.818632	-1.699406	8.895346	-0.016069	0.017804	0.016802	0.816903	0.327077	0.475069	-0.284735	0.944990	-0.160996	-0.501593	-0.003751	0.865096
20784	4.861537	-1.689526	8.866634	-0.025767	0.009859	0.022036	0.816889	0.327260	0.474966	-0.284741	0.944928	-0.161348	-0.501612	-0.003439	0.865086
20785	4.926534	-1.838037	8.802666	-0.017599	0.019190	0.013890	0.816944	0.327371	0.474796	-0.284730	0.944891	-0.161588	-0.501529	-0.003180	0.865135
20786	4.963941	-1.797340	8.841295	-0.005165	0.022227	0.007712	0.817033	0.327418	0.474609	-0.284723	0.944875	-0.161694	-0.501388	-0.003022	0.865217
20787	4.862173	-1.644129	8.900635	-0.000403	0.023946	0.003948	0.817140	0.327434	0.474415	-0.284715	0.944870	-0.161737	-0.501218	-0.002911	0.865316
20788	4.962796	-1.595017	8.896893	-0.002108	0.032162	0.003484	0.817291	0.327442	0.474149	-0.284688	0.944867	-0.161797	-0.500987	-0.002749	0.865450
20789	4.826253	-1.633624	8.985367	-0.004034	0.033448	0.009821	0.817429	0.327512	0.473863	-0.284709	0.944844	-0.161899	-0.500751	-0.002572	0.865588
20790	4.850625	-1.666063	8.993845	-0.001966	0.022903	0.010131	0.817514	0.327582	0.473667	-0.284738	0.944819	-0.161990	-0.500595	-0.002442	0.865678
20791	4.838876	-1.920248	8.909737	-0.006359	0.014408	0.006818	0.817565	0.327626	0.473550	-0.284724	0.944805	-0.162099	-0.500520	-0.002305	0.865722
20792	4.778406	-1.854165	8.929722	0.001217	0.003364	-0.006033	0.817598	0.327543	0.473549	-0.284636	0.944834	-0.162085	-0.500515	-0.002269	0.865725
20793	4.879845	-1.780501	8.869630	0.012772	-0.010614	-0.011066	0.817575	0.327416	0.473677	-0.284572	0.944877	-0.161943	-0.500589	-0.002395	0.865682
20794	4.903186	-1.607086	8.875894	0.024854	-0.005254	-0.017084	0.817597	0.327228	0.473769	-0.284512	0.944942	-0.161672	-0.500588	-0.002611	0.865682
20795	4.920453	-1.429871	8.916441	0.028707	0.001065	-0.015918	0.817646	0.327055	0.473803	-0.284488	0.945001	-0.161369	-0.500521	-0.002849	0.865720
20796	4.893188	-1.395456	8.909788	0.021570	0.006373	-0.004445	0.817690	0.326988	0.473774	-0.284515	0.945024	-0.161186	-0.500434	-0.002996	0.865770
20797	4.883230	-1.594232	8.891516	0.007811	0.016104	-0.001071	0.817772	0.326955	0.473655	-0.284508	0.945035	-0.161134	-0.500304	-0.002988	0.865845
20798	4.858242	-1.688183	8.896711	0.009866	0.010014	0.006165	0.817804	0.326988	0.473577	-0.284563	0.945024	-0.161103	-0.500220	-0.003012	0.865893
20799	4.812911	-1.674360	8.959116	-0.006365	0.014411	0.006810	0.817856	0.327028	0.473460	-0.284548	0.945010	-0.161209	-0.500145	-0.002876	0.865937
20800	4.902553	-1.725902	8.891024	0.002830	0.003009	0.002575	0.817863	0.327027	0.473449	-0.284538	0.945011	-0.161222	-0.500138	-0.002856	0.865941
20801	4.875398	-1.667502	8.916929	0.002746	0.006422	0.003798	0.817883	0.327041	0.473405	-0.284545	0.945006	-0.161237	-0.500102	-0.002832	0.865962
20802	4.826699	-1.580405	8.901685	0.001294	0.004398	-0.000338	0.817905	0.327012	0.473386	-0.284505	0.945016	-0.161250	-0.500088	-0.002793	0.865970
20803	4.808240	-1.495475	9.014224	-0.009773	0.002352	0.004270	0.817903	0.327030	0.473378	-0.284453	0.945010	-0.161377	-0.500122	-0.002663	0.865951
20804	4.836352	-1.631485	8.977769	-0.011813	-0.004270	0.007089	0.817861	0.327071	0.473422	-0.284407	0.944996	-0.161538	-0.500216	-0.002529	0.865897
20805	4.863194	-1.718053	8.918676	-0.019480	-0.010035	0.002577	0.817802	0.327074	0.473522	-0.284294	0.944996	-0.161741	-0.500377	-0.002348	0.865804
20806	4.883542	-1.724977	8.903903	-0.009550	-0.014763	0.002779	0.817719	0.327074	0.473664	-0.284224	0.944996	-0.161862	-0.500551	-0.002269	0.865704
20807	4.883439	-1.649283	8.913678	-0.007341	-0.014966	-0.002486	0.817650	0.327027	0.473816	-0.284129	0.945012	-0.161933	-0.500719	-0.002220	0.865607
20808	4.897690	-1.705710	8.867134	-0.006633	-0.015169	0.004131	0.817562	0.327040	0.473959	-0.284085	0.945008	-0.162036	-0.500887	-0.002170	0.865510
20809	4.823374	-1.760627	8.911343	-0.001785	-0.016863	-0.000854	0.817479	0.327007	0.474125	-0.284030	0.945019	-0.162067	-0.501055	-0.002179	0.865413
20810	4.867352	-1.697987	8.859505	0.003799	-0.011882	-0.001400	0.817423	0.326968	0.474249	-0.283993	0.945033	-0.162053	-0.501167	-0.002218	0.865348
20811	4.853968	-1.591823	8.882358	0.006251	-0.017875	-0.003416	0.817341	0.326912	0.474428	-0.283957	0.945052	-0.162003	-0.501320	-0.002306	0.865259
20812	4.882335	-1.622964	8.888921	0.004980	-0.010947	0.001664	0.817281	0.326901	0.474539	-0.283951	0.945056	-0.161993	-0.501421	-0.002352	0.865200
20813	4.908119	-1.630851	8.840591	0.008092	-0.011302	-0.001610	0.817228	0.326862	0.474657	-0.283940	0.945069	-0.161935	-0.501514	-0.002437	0.865146
20814	4.908918	-1.630508	8.840211	-0.000026	-0.006877	0.002178	0.817187	0.326857	0.474732	-0.283914	0.945071	-0.161970	-0.501596	-0.002423	0.865098
20815	4.790211	-1.497727	8.879115	0.002179	-0.007080	-0.003088	0.817158	0.326805	0.474817	-0.283861	0.945089	-0.161958	-0.501673	-0.002436	0.865054
20816	4.803504	-1.424236	8.909182	-0.010641	-0.014666	0.005417	0.817069	0.326830	0.474954	-0.283807	0.945080	-0.162101	-0.501849	-0.002347	0.864952
20817	4.791932	-1.699573	8.912235	-0.019518	-0.023796	0.006942	0.816928	0.326873	0.475166	-0.283728	0.945066	-0.162324	-0.502123	-0.002211	0.864794
20818	4.498128	-1.749600	8.989208	-0.031758	-0.042564	-0.003173	0.816723	0.326816	0.475558	-0.283498	0.945086	-0.162609	-0.502586	-0.002014	0.864525
20819	4.675337	-1.795326	8.981537	-0.034669	-0.100214	-0.013471	0.816254	0.326663	0.476466	-0.283174	0.945139	-0.162866	-0.503529	-0.001983	0.863976
20820	5.023678	-1.713851	8.812389	-0.033247	-0.110585	-0.019794	0.815752	0.326448	0.477473	-0.282800	0.945213	-0.163084	-0.504552	-0.001993	0.863379
20821	4.941697	-1.561742	8.919470	-0.032798	-0.087839	-0.019548	0.815362	0.326240	0.478280	-0.282437	0.945285	-0.163295	-0.505385	-0.001940	0.862892
20822	5.034048	-1.637841	8.846696	-0.020632	-0.088333	-0.017728	0.814965	0.326044	0.479090	-0.282144	0.945352	-0.163413	-0.506189	-0.001996	0.862420
