// General information: 
//  MT Manager version: 2022.2.0 
//  XDA version: 2022.2.0 build 7381 rev 124627 built on 2023-07-19
// Device information: 
//  DeviceId: 00B4CAF0
//  ProductCode: MTW2-3A7G6
//  Firmware Version: 4.6.0
//  Hardware Version: 2.0.0
// Device settings: 
//  Filter Profile: human(46.1)
//  Option Flags: Orientation Smoother Disabled, Position/Velocity Smoother Disabled, Continuous Zero Rotation Update Disabled, AHS Disabled, ICC Disabled
// Coordinate system: ENU
PacketCounter	Acc_X	Acc_Y	Acc_Z	Gyr_X	Gyr_Y	Gyr_Z	Mat[1][1]	Mat[2][1]	Mat[3][1]	Mat[1][2]	Mat[2][2]	Mat[3][2]	Mat[1][3]	Mat[2][3]	Mat[3][3]
17566	4.098359	0.886700	9.422120	0.015349	-0.007730	-0.001983	-0.900887	-0.151651	0.406700	0.203770	-0.975075	0.087785	0.383250	0.161957	0.909335
17567	4.119949	0.851798	9.396278	0.014724	-0.012521	0.002291	-0.900824	-0.151643	0.406841	0.203841	-0.975049	0.087910	0.383359	0.162123	0.909259
17568	4.153182	0.884784	9.376040	0.016254	-0.018878	0.000372	-0.900743	-0.151600	0.407038	0.203886	-0.975028	0.088038	0.383527	0.162289	0.909158
17569	4.222208	0.857675	9.377068	0.019872	-0.016871	0.002369	-0.900663	-0.151585	0.407220	0.203978	-0.974993	0.088210	0.383665	0.162512	0.909061
17570	4.197976	0.881671	9.370400	0.019172	-0.014702	0.002479	-0.900597	-0.151644	0.407343	0.204113	-0.974955	0.088322	0.383747	0.162687	0.908994
17571	4.245880	0.891053	9.396903	0.020942	-0.010219	0.001394	-0.900545	-0.151631	0.407463	0.204200	-0.974920	0.088508	0.383823	0.162909	0.908923
17572	4.209792	0.847251	9.384770	0.019540	-0.005879	0.001610	-0.900533	-0.151445	0.407558	0.204130	-0.974910	0.088773	0.383889	0.163137	0.908854
17573	4.174006	0.869514	9.419328	0.017787	-0.008717	0.000741	-0.900489	-0.151427	0.407664	0.204198	-0.974882	0.088933	0.383957	0.163327	0.908791
17574	4.222264	0.918500	9.389611	0.017676	-0.005053	0.000486	-0.900426	-0.151362	0.407827	0.204214	-0.974867	0.089062	0.384096	0.163477	0.908705
17575	4.185343	0.854592	9.405940	0.016975	-0.002883	0.000594	-0.900404	-0.151351	0.407880	0.204277	-0.974839	0.089215	0.384114	0.163650	0.908666
17576	4.217266	0.887506	9.386205	0.013102	-0.000856	0.002003	-0.900404	-0.151317	0.407892	0.204296	-0.974824	0.089341	0.384104	0.163774	0.908648
17577	4.107617	0.837876	9.369683	0.013820	-0.001380	-0.000061	-0.900389	-0.151302	0.407931	0.204342	-0.974802	0.089469	0.384115	0.163915	0.908618
17578	4.082152	0.841640	9.391645	0.016591	-0.013356	0.003432	-0.900316	-0.151396	0.408057	0.204494	-0.974765	0.089530	0.384205	0.164051	0.908556
17579	4.126006	0.903213	9.433308	0.022821	-0.025936	-0.001694	-0.900210	-0.151325	0.408317	0.204560	-0.974731	0.089746	0.384419	0.164316	0.908418
17580	4.070730	0.829476	9.399174	0.015298	-0.029211	0.001641	-0.900096	-0.151351	0.408559	0.204671	-0.974700	0.089831	0.384626	0.164477	0.908301
17581	4.148332	0.942170	9.392289	0.018914	-0.043734	0.001377	-0.899915	-0.151281	0.408983	0.204749	-0.974668	0.089999	0.385008	0.164730	0.908093
17582	4.266417	0.876453	9.344522	0.022535	-0.041729	0.003374	-0.899736	-0.151309	0.409366	0.204909	-0.974623	0.090127	0.385340	0.164974	0.907908
17583	4.275805	0.932025	9.317337	0.019031	-0.030876	0.003902	-0.899599	-0.151285	0.409676	0.205011	-0.974587	0.090285	0.385606	0.165209	0.907752
17584	4.303179	0.851971	9.406522	0.020787	-0.028040	0.004769	-0.899507	-0.151389	0.409839	0.205207	-0.974534	0.090406	0.385715	0.165423	0.907667
17585	4.275996	0.988115	9.330109	0.029966	-0.016622	0.000074	-0.899434	-0.151351	0.410015	0.205318	-0.974485	0.090679	0.385829	0.165743	0.907560
17586	4.264625	0.796554	9.362044	0.016596	-0.013366	0.003438	-0.899448	-0.151214	0.410034	0.205282	-0.974469	0.090935	0.385815	0.165964	0.907526
17587	4.215121	0.928862	9.367908	0.019795	-0.009937	-0.001787	-0.899404	-0.151169	0.410147	0.205335	-0.974440	0.091124	0.385888	0.166175	0.907456
17588	4.188975	0.847065	9.371641	0.020822	-0.008217	0.003102	-0.899442	-0.151048	0.410109	0.205325	-0.974414	0.091425	0.385806	0.166437	0.907443
17589	4.211126	0.898715	9.364055	0.021550	-0.007101	-0.000922	-0.899408	-0.151015	0.410196	0.205392	-0.974381	0.091627	0.385850	0.166661	0.907383
17590	4.196415	0.904500	9.345100	0.015334	-0.009401	-0.000009	-0.899402	-0.150870	0.410261	0.205336	-0.974373	0.091835	0.385892	0.166838	0.907332
17591	4.186813	0.904468	9.385391	0.017902	-0.012403	0.001015	-0.899344	-0.150846	0.410398	0.205406	-0.974343	0.091997	0.385991	0.167035	0.907254
17592	4.167402	0.942403	9.409953	0.015321	-0.011047	0.001954	-0.899277	-0.150953	0.410504	0.205561	-0.974307	0.092037	0.386063	0.167150	0.907202
17593	4.246948	0.955927	9.313751	0.011463	-0.007369	0.001400	-0.899238	-0.150942	0.410595	0.205610	-0.974287	0.092139	0.386130	0.167277	0.907151
17594	4.199910	0.889622	9.371199	0.006399	-0.009969	0.005504	-0.899175	-0.151034	0.410699	0.205720	-0.974266	0.092112	0.386218	0.167313	0.907106
17595	4.279793	0.949233	9.349633	0.012151	-0.011187	0.003261	-0.899116	-0.151035	0.410827	0.205788	-0.974242	0.092212	0.386317	0.167452	0.907038
17596	4.242927	0.864337	9.394579	-0.001906	-0.004105	0.004761	-0.899083	-0.151052	0.410894	0.205799	-0.974245	0.092161	0.386390	0.167422	0.907013
17597	4.254812	0.952021	9.371563	0.006177	-0.002635	0.004973	-0.899054	-0.151083	0.410946	0.205860	-0.974228	0.092200	0.386425	0.167490	0.906986
17598	4.238192	0.850234	9.363310	-0.000137	0.000379	0.003659	-0.899132	-0.151169	0.410743	0.205919	-0.974214	0.092217	0.386211	0.167495	0.907076
17599	4.228085	0.887987	9.347715	-0.001539	0.004724	0.003862	-0.899134	-0.151202	0.410725	0.205940	-0.974212	0.092190	0.386194	0.167476	0.907086
17600	4.160085	0.896906	9.374371	0.002332	0.002689	0.002455	-0.899134	-0.151389	0.410657	0.206094	-0.974188	0.092107	0.386113	0.167450	0.907126
17601	4.175336	0.873229	9.421053	0.002554	-0.004646	0.002987	-0.899102	-0.151399	0.410723	0.206123	-0.974180	0.092120	0.386172	0.167485	0.907094
17602	4.254990	0.951940	9.371490	0.001264	-0.003967	0.003456	-0.899077	-0.151358	0.410794	0.206095	-0.974186	0.092125	0.386246	0.167490	0.907062
17603	4.177155	0.912809	9.363936	0.002075	-0.009807	0.003621	-0.899024	-0.151365	0.410907	0.206128	-0.974178	0.092132	0.386352	0.167528	0.907010
17604	4.219395	0.886449	9.387760	0.000772	-0.010774	0.006053	-0.898979	-0.151440	0.410977	0.206204	-0.974167	0.092085	0.386415	0.167527	0.906983
17605	4.289554	1.003024	9.322291	0.001965	-0.006141	0.003355	-0.898941	-0.151451	0.411057	0.206234	-0.974159	0.092091	0.386488	0.167559	0.906946
17606	4.252246	0.898001	9.395646	0.001238	-0.007257	0.007382	-0.898961	-0.151590	0.410962	0.206356	-0.974136	0.092067	0.386377	0.167569	0.906991
17607	4.232259	0.887713	9.345852	0.001952	-0.007785	0.005318	-0.898912	-0.151618	0.411058	0.206404	-0.974126	0.092066	0.386463	0.167603	0.906948
17608	4.243116	0.869515	9.332969	0.002554	-0.004647	0.002988	-0.898890	-0.151621	0.411107	0.206418	-0.974123	0.092066	0.386509	0.167617	0.906926
17609	4.207600	0.910043	9.339530	0.002418	-0.004268	0.006647	-0.898852	-0.151667	0.411171	0.206480	-0.974110	0.092064	0.386563	0.167650	0.906897
17610	4.233709	0.868087	9.373338	0.002788	-0.010338	0.001559	-0.898812	-0.151612	0.411280	0.206449	-0.974115	0.092080	0.386674	0.167671	0.906846
17611	4.261564	0.951766	9.368520	0.001829	-0.005763	0.007015	-0.898768	-0.151659	0.411359	0.206511	-0.974103	0.092071	0.386742	0.167701	0.906811
17612	4.250855	0.883169	9.362924	-0.013011	-0.004443	0.000239	-0.898731	-0.151607	0.411458	0.206420	-0.974134	0.091942	0.386876	0.167564	0.906780
17613	4.235969	0.905644	9.316192	-0.012102	-0.000697	0.006822	-0.898707	-0.151661	0.411491	0.206427	-0.974145	0.091807	0.386928	0.167450	0.906778
17614	4.163254	0.926223	9.414693	-0.006942	-0.003413	0.004944	-0.898723	-0.151794	0.411407	0.206507	-0.974139	0.091696	0.386849	0.167367	0.906828
17615	4.173404	0.840306	9.355587	-0.016206	-0.007870	0.005473	-0.898674	-0.151822	0.411503	0.206486	-0.974159	0.091529	0.386973	0.167225	0.906801
17616	4.222442	0.905920	9.297239	-0.007203	-0.015912	0.006112	-0.898603	-0.152044	0.411578	0.206658	-0.974141	0.091335	0.387048	0.167130	0.906787
17617	4.114163	0.862444	9.411911	0.018079	-0.024690	0.007432	-0.898485	-0.152064	0.411827	0.206788	-0.974101	0.091471	0.387251	0.167346	0.906660
17618	4.178869	0.800898	9.409456	0.012461	-0.038749	0.001836	-0.898334	-0.151814	0.412248	0.206678	-0.974107	0.091652	0.387659	0.167537	0.906450
17619	4.220802	0.953918	9.408682	0.020546	-0.037286	0.002045	-0.898179	-0.151759	0.412607	0.206769	-0.974070	0.091833	0.387971	0.167797	0.906268
17620	4.212647	0.820871	9.355078	0.008236	-0.043906	0.002197	-0.898036	-0.151596	0.412977	0.206719	-0.974069	0.091956	0.388328	0.167950	0.906087
17621	4.269756	0.882740	9.354360	0.004021	-0.047414	0.000591	-0.897844	-0.151510	0.413426	0.206732	-0.974063	0.091994	0.388765	0.168065	0.905879
17622	4.310114	0.862559	9.317239	0.009417	-0.040924	0.001467	-0.897698	-0.151504	0.413744	0.206815	-0.974040	0.092054	0.389057	0.168206	0.905727
17623	4.366592	0.944108	9.288524	0.001002	-0.031384	0.000464	-0.897569	-0.151443	0.414047	0.206815	-0.974039	0.092065	0.389356	0.168266	0.905588
17624	4.353234	0.928522	9.297292	0.003120	-0.021355	0.002374	-0.897529	-0.151280	0.414192	0.206711	-0.974051	0.092166	0.389502	0.168340	0.905511
17625	4.386387	0.980263	9.248446	0.010763	-0.005209	0.001489	-0.897500	-0.151273	0.414259	0.206757	-0.974032	0.092262	0.389545	0.168456	0.905471
17626	4.323524	0.965242	9.362800	0.015939	0.008626	0.001815	-0.897605	-0.151278	0.414029	0.206797	-0.974006	0.092449	0.389281	0.168602	0.905557
17627	4.250011	0.961521	9.358675	0.017788	0.004505	0.006870	-0.897603	-0.151339	0.414011	0.206919	-0.973967	0.092586	0.389222	0.168772	0.905551
17628	4.222593	0.879762	9.363238	0.026703	0.003414	0.003309	-0.897600	-0.151381	0.414001	0.207054	-0.973918	0.092799	0.389156	0.169017	0.905534
17629	4.235137	0.580353	9.383886	0.029492	-0.020199	-0.001254	-0.897519	-0.151322	0.414200	0.207149	-0.973872	0.093076	0.389293	0.169338	0.905414
17630	4.391611	0.899030	9.288196	0.040785	-0.012025	-0.010228	-0.897512	-0.151192	0.414261	0.207197	-0.973822	0.093486	0.389282	0.169738	0.905344
17631	4.513232	1.022621	9.308053	0.054166	0.001243	-0.011402	-0.897535	-0.151070	0.414256	0.207297	-0.973749	0.094028	0.389176	0.170268	0.905290
17632	4.444584	1.055264	9.306673	0.020554	0.025894	-0.003400	-0.897651	-0.151058	0.414009	0.207318	-0.973725	0.094226	0.388897	0.170414	0.905383
17633	4.462140	1.108127	9.300805	0.045786	0.057162	-0.001898	-0.897872	-0.151124	0.413506	0.207470	-0.973651	0.094654	0.388306	0.170777	0.905568
17634	4.303364	0.981362	9.274376	0.036058	0.077361	0.007617	-0.898244	-0.151170	0.412680	0.207530	-0.973598	0.095070	0.387413	0.171040	0.905901
17635	4.098507	0.980316	9.313468	0.059237	0.073429	0.011236	-0.898500	-0.151391	0.412041	0.207851	-0.973481	0.095566	0.386646	0.171509	0.906140
17636	3.907093	0.698878	9.345278	0.072942	0.045847	0.002609	-0.898696	-0.151553	0.411555	0.208196	-0.973345	0.096201	0.386006	0.172140	0.906293
17637	4.139226	0.738068	9.348972	0.101257	0.007722	-0.001946	-0.898725	-0.151533	0.411499	0.208560	-0.973174	0.097132	0.385741	0.173117	0.906220
17638	4.140362	0.873729	9.309051	0.111730	0.003494	-0.011270	-0.898764	-0.151270	0.411510	0.208751	-0.973021	0.098247	0.385546	0.174204	0.906095
17639	4.156226	0.843078	9.382792	0.141124	-0.028009	-0.016775	-0.898687	-0.151043	0.411762	0.209134	-0.972801	0.099600	0.385519	0.175623	0.905832
17640	4.332556	1.009092	9.298556	0.131768	-0.027184	-0.018447	-0.898626	-0.150727	0.412011	0.209389	-0.972615	0.100878	0.385523	0.176922	0.905578
17641	4.182685	0.939136	9.342035	0.137417	-0.024798	-0.020913	-0.898570	-0.150465	0.412229	0.209720	-0.972404	0.102215	0.385474	0.178300	0.905328
17642	4.212014	1.016773	9.362594	0.132141	-0.034993	-0.021431	-0.898515	-0.150178	0.412452	0.210012	-0.972203	0.103517	0.385441	0.179631	0.905079
17643	4.266352	0.984522	9.372118	0.107539	-0.030008	-0.020942	-0.898439	-0.149905	0.412717	0.210228	-0.972043	0.104583	0.385501	0.180726	0.904836
17644	4.169932	0.992642	9.388091	0.101081	-0.028238	-0.016631	-0.898422	-0.149851	0.412775	0.210584	-0.971863	0.105527	0.385348	0.181732	0.904699
17645	4.287420	1.020326	9.357422	0.089360	-0.033355	-0.016825	-0.898325	-0.149611	0.413073	0.210767	-0.971727	0.106412	0.385474	0.182654	0.904460
17646	4.279457	1.046723	9.367860	0.066861	-0.018304	-0.014532	-0.898302	-0.149291	0.413239	0.210759	-0.971651	0.107121	0.385531	0.183321	0.904300
17647	4.264305	0.970410	9.331440	0.057248	-0.013369	-0.012899	-0.898274	-0.149126	0.413359	0.210853	-0.971567	0.107699	0.385545	0.183902	0.904176
17648	4.255893	1.060609	9.388018	0.031446	-0.012953	-0.009731	-0.898260	-0.149035	0.413423	0.210902	-0.971522	0.108009	0.385552	0.184212	0.904110
17649	4.236243	1.110985	9.252229	0.036605	-0.000759	-0.007516	-0.898269	-0.148945	0.413435	0.210964	-0.971467	0.108378	0.385496	0.184572	0.904061
17650	4.192954	0.957302	9.353890	0.024439	-0.004501	-0.014957	-0.898340	-0.148694	0.413371	0.210827	-0.971458	0.108727	0.385405	0.184823	0.904048
17651	4.210884	1.147822	9.376399	0.008588	-0.005084	-0.008464	-0.898335	-0.148586	0.413420	0.210773	-0.971456	0.108847	0.385447	0.184919	0.904011
17652	4.189030	1.031460	9.339183	-0.007819	-0.000644	-0.009502	-0.898330	-0.148410	0.413495	0.210584	-0.971501	0.108813	0.385562	0.184825	0.903981
17653	4.262023	1.016622	9.371964	-0.019552	-0.007369	-0.007739	-0.898314	-0.148304	0.413567	0.210427	-0.971550	0.108675	0.385684	0.184650	0.903965
17654	4.279176	1.135493	9.349837	-0.038083	0.000343	-0.004581	-0.898379	-0.148136	0.413487	0.210117	-0.971646	0.108417	0.385702	0.184280	0.904032
17655	4.267459	1.063774	9.346286	-0.045927	0.011383	-0.006075	-0.898432	-0.148081	0.413390	0.209874	-0.971741	0.108035	0.385710	0.183822	0.904122
17656	4.349122	1.046016	9.339343	-0.058247	0.019731	-0.001850	-0.898546	-0.147884	0.413213	0.209436	-0.971884	0.107602	0.385683	0.183227	0.904255
17657	4.263492	1.034148	9.377771	-0.063516	0.027763	-0.002274	-0.898655	-0.147895	0.412972	0.209158	-0.972005	0.107045	0.385580	0.182573	0.904431
17658	4.234674	0.982899	9.328105	-0.072198	0.023179	-0.000124	-0.898739	-0.147857	0.412804	0.208803	-0.972153	0.106392	0.385578	0.181813	0.904585
17659	4.200520	0.925056	9.378782	-0.086464	0.025954	-0.007303	-0.898851	-0.147816	0.412574	0.208391	-0.972323	0.105648	0.385539	0.180939	0.904777
17660	4.000315	0.910989	9.417150	-0.110010	0.021022	-0.009985	-0.899029	-0.147621	0.412255	0.207756	-0.972549	0.104812	0.385466	0.179878	0.905019
17661	4.099455	0.930851	9.502570	-0.127962	-0.024424	-0.007558	-0.898948	-0.147486	0.412481	0.207181	-0.972792	0.103694	0.385964	0.178674	0.905045
17662	4.209277	1.225643	9.378428	-0.126102	-0.028550	-0.002439	-0.898861	-0.147354	0.412718	0.206613	-0.973031	0.102579	0.386472	0.177478	0.905064
17663	3.913862	0.979983	9.615638	-0.188570	-0.053766	-0.000093	-0.898650	-0.147239	0.413217	0.205869	-0.973366	0.100883	0.387357	0.175727	0.905027
17664	3.953266	0.980642	9.753891	-0.209198	-0.112478	0.002827	-0.898166	-0.147170	0.414294	0.205154	-0.973723	0.098867	0.388858	0.173793	0.904757
17665	2.531301	1.143243	11.010215	-0.404958	-0.130700	-0.062476	-0.897781	-0.146318	0.415428	0.203001	-0.974513	0.095472	0.390871	0.170045	0.904602
17666	2.266568	-0.761303	10.628033	-0.249950	-0.522762	0.038085	-0.895663	-0.145840	0.420140	0.202378	-0.974879	0.093032	0.396018	0.168353	0.902678
17667	3.995477	1.638679	10.152108	0.386309	-0.606225	0.024934	-0.893195	-0.145029	0.425639	0.204126	-0.974185	0.096417	0.400668	0.173004	0.899742
17668	3.712004	0.691441	10.747860	-0.211592	-0.660959	0.085503	-0.890345	-0.144632	0.431702	0.203941	-0.974446	0.094144	0.407054	0.171863	0.897090
17669	3.606967	0.535787	10.456119	0.024567	-0.816850	0.074753	-0.886835	-0.143932	0.439098	0.204693	-0.974298	0.094048	0.414276	0.173286	0.893503
17670	3.642758	1.491385	10.690133	0.035968	-0.968515	0.097166	-0.882662	-0.143286	0.447635	0.205776	-0.974078	0.093958	0.422568	0.175045	0.889267
17671	3.907635	2.441704	10.525945	0.067561	-1.193080	0.126559	-0.877295	-0.142397	0.458342	0.207164	-0.973780	0.093994	0.432940	0.177412	0.883792
17672	2.631145	2.672871	10.850729	-0.049475	-1.456600	0.183124	-0.870625	-0.141849	0.471053	0.208773	-0.973561	0.092696	0.445450	0.179047	0.877221
17673	2.587099	2.575893	11.234324	-0.262074	-2.065850	0.275935	-0.860652	-0.140814	0.489337	0.209957	-0.973643	0.089095	0.463893	0.179419	0.867532
17674	4.310815	4.366080	13.393949	-0.691376	-2.495299	0.571954	-0.847810	-0.142204	0.510877	0.211803	-0.974002	0.080375	0.486166	0.176348	0.855888
17675	3.590325	4.316079	11.736535	-1.790918	-2.499597	1.090822	-0.833033	-0.148583	0.532897	0.212029	-0.975452	0.059469	0.510979	0.162529	0.844088
17676	5.589541	4.484190	12.682943	-1.944320	-2.688499	1.670999	-0.815549	-0.160705	0.555927	0.215593	-0.975885	0.034172	0.537029	0.147723	0.830529
17677	1.793639	4.831541	8.934404	-1.417376	-2.806503	2.175082	-0.795317	-0.177878	0.579509	0.225306	-0.974235	0.010172	0.562769	0.138657	0.814902
17678	4.127826	6.100375	11.173090	-1.956892	-4.123786	2.300832	-0.766206	-0.194630	0.612411	0.231734	-0.972590	-0.019168	0.599356	0.127230	0.790307
17679	10.630077	4.821671	13.934887	-1.254824	-4.562427	2.196369	-0.732818	-0.210207	0.647140	0.240433	-0.969725	-0.042726	0.636530	0.124283	0.761173
17680	12.360259	9.534679	16.405644	-0.844185	-3.414829	2.405805	-0.704939	-0.228762	0.671363	0.251688	-0.965639	-0.064759	0.663109	0.123323	0.738294
17681	5.273486	6.269226	11.394251	-1.679118	-3.470610	2.599741	-0.674799	-0.249654	0.694492	0.258243	-0.961428	-0.094691	0.691344	0.115450	0.713242
17682	6.878741	4.033143	10.125732	-1.589507	-3.468388	2.701307	-0.643403	-0.271568	0.715740	0.264952	-0.956175	-0.124619	0.718215	0.109457	0.687159
17683	5.680360	3.793250	8.364214	-0.782965	-3.260243	2.736966	-0.612203	-0.294032	0.733997	0.276417	-0.949302	-0.149731	0.740811	0.111223	0.662441
17684	5.937696	2.003534	6.094391	-0.374761	-3.209007	2.688701	-0.580630	-0.315659	0.750486	0.289788	-0.941542	-0.171817	0.760850	0.117719	0.638161
17685	0.360914	0.889220	6.902340	-0.564488	-2.512983	2.455305	-0.554071	-0.335677	0.761792	0.299373	-0.934223	-0.193916	0.776776	0.120616	0.618118
17686	15.738849	13.508584	14.949476	1.228515	-1.334140	-0.873611	-0.546478	-0.325653	0.771565	0.304296	-0.935543	-0.179339	0.780235	0.136779	0.610348
17687	14.867454	23.387042	15.206257	2.133621	1.231579	-3.133775	-0.565526	-0.297993	0.769012	0.303371	-0.942230	-0.142019	0.766907	0.152981	0.623258
17688	-3.291996	21.681369	8.254644	-0.690327	1.342049	-3.667217	-0.586609	-0.264972	0.765297	0.277248	-0.953569	-0.117644	0.760936	0.143166	0.632835
17689	-1.043225	9.812909	4.239079	-1.218945	1.248734	-3.983973	-0.606472	-0.228426	0.761586	0.244222	-0.965057	-0.094973	0.756669	0.128397	0.641067
17690	-0.539758	7.239558	7.005465	-1.011226	1.293941	-4.242132	-0.626122	-0.188562	0.756582	0.210807	-0.975120	-0.068571	0.750688	0.116559	0.650294
17691	1.136849	2.762639	7.950181	-1.361938	1.421384	-4.051694	-0.644558	-0.150405	0.749615	0.174873	-0.983470	-0.046962	0.744288	0.100818	0.660206
17692	1.450753	-1.825791	7.720780	-0.919523	1.678091	-3.862104	-0.663403	-0.113629	0.739584	0.143180	-0.989416	-0.023582	0.734436	0.090249	0.672651
17693	1.741822	-3.355768	8.118914	0.545219	1.963503	-3.755506	-0.682661	-0.078198	0.726539	0.121862	-0.992517	0.007677	0.720502	0.093778	0.687083
17694	2.271826	-2.766197	8.690094	0.889468	2.197635	-3.447044	-0.702546	-0.045887	0.710157	0.104640	-0.993733	0.039308	0.703903	0.101927	0.702945
17695	2.335042	-4.061273	8.573179	1.159508	2.372670	-3.027071	-0.721994	-0.018336	0.691657	0.091129	-0.993460	0.068789	0.685872	0.112696	0.718943
17696	2.754554	-2.784335	8.994562	1.487929	2.466465	-2.564679	-0.741260	-0.000157	0.671218	0.088612	-0.991270	0.097627	0.665343	0.131845	0.734803
17697	2.985224	-2.881626	9.238495	1.334271	2.504808	-2.141643	-0.759492	0.017598	0.650278	0.081281	-0.989233	0.121703	0.645419	0.145288	0.749884
17698	3.596058	-2.503979	9.737755	1.263609	2.559553	-1.813948	-0.777696	0.026865	0.628066	0.081709	-0.986291	0.143363	0.623307	0.162811	0.764840
17699	3.906645	-2.544535	9.925158	1.080585	2.623289	-1.581981	-0.795009	0.038044	0.605404	0.075884	-0.983954	0.161482	0.601833	0.174320	0.779365
17700	4.176201	-1.896558	10.112847	0.976366	2.684774	-1.418045	-0.812466	0.042989	0.581422	0.075489	-0.981125	0.178030	0.578101	0.188534	0.793885
17701	4.592044	-1.873386	10.235198	0.823352	2.745089	-1.286210	-0.828947	0.050306	0.557060	0.069593	-0.978931	0.191965	0.554980	0.197896	0.807982
17702	4.827116	-1.493026	10.144632	0.802476	2.819653	-1.174062	-0.845612	0.051898	0.531270	0.069067	-0.976259	0.205301	0.529311	0.210298	0.821951
17703	4.880475	-0.870618	9.942306	0.785479	2.891538	-1.048234	-0.861248	0.055920	0.505099	0.064176	-0.974002	0.217260	0.504116	0.219530	0.835268
17704	5.227342	-0.571952	9.780152	0.828405	2.947532	-0.962622	-0.876787	0.055636	0.477650	0.063303	-0.971287	0.229336	0.476694	0.231315	0.848089
17705	5.907432	0.283118	9.282823	1.010960	3.032983	-0.960196	-0.891416	0.057772	0.449489	0.059490	-0.968341	0.242439	0.449264	0.242855	0.859758
17706	7.334201	0.877016	9.345239	1.048142	3.102766	-0.992713	-0.905888	0.056910	0.419676	0.058057	-0.964889	0.256162	0.419518	0.256420	0.870777
17707	9.401164	0.462053	9.148414	1.024487	3.237656	-1.110484	-0.919593	0.059128	0.388398	0.052060	-0.961552	0.269643	0.389408	0.268182	0.881158
17708	11.371532	0.818297	8.737026	1.085032	3.427195	-1.240291	-0.933309	0.059395	0.354129	0.046883	-0.957626	0.284173	0.356001	0.281824	0.890976
17709	12.454836	0.010696	7.729132	0.861365	3.610681	-1.308203	-0.946094	0.061551	0.317989	0.037502	-0.954357	0.296306	0.321712	0.292258	0.900603
17710	12.608776	-1.053829	5.960377	0.723344	3.697839	-1.295819	-0.957932	0.062061	0.280203	0.028168	-0.951295	0.306994	0.285608	0.301972	0.909528
17711	12.732463	-1.454743	4.073153	0.644500	3.519748	-1.161400	-0.967657	0.062332	0.244447	0.018709	-0.948593	0.315945	0.251574	0.310300	0.916747
17712	11.490331	0.195091	5.278419	0.416368	2.951834	-0.927539	-0.974911	0.061180	0.214024	0.011310	-0.946632	0.322118	0.222309	0.316456	0.922190
17713	10.147382	7.121053	-6.331678	-0.379783	-0.943206	-0.012415	-0.972770	0.064277	0.222684	0.010320	-0.947812	0.318662	0.231545	0.312283	0.921339
17714	29.261444	-5.053632	-23.211997	-3.256441	-2.745036	3.164782	-0.965417	0.042118	0.257284	0.033112	-0.959064	0.281248	0.258598	0.280041	0.924502
17715	27.671579	1.702021	-3.349790	-4.094148	-1.883733	1.967370	-0.959628	0.028045	0.279870	0.041055	-0.970394	0.238011	0.278260	0.239892	0.930066
17716	11.700262	-9.967253	17.178479	-7.278951	-0.265047	2.782066	-0.957651	0.001151	0.287930	0.047563	-0.985621	0.162137	0.283976	0.168966	0.943826
17717	9.523043	-39.987212	20.891695	-1.951913	-1.906504	-0.809397	-0.952383	0.012191	0.304660	0.034099	-0.988673	0.146158	0.302991	0.149587	0.941180
17718	4.085913	3.744403	24.263761	5.556718	-0.387847	-1.168431	-0.951620	0.024414	0.306306	0.039815	-0.978638	0.201700	0.304687	0.204137	0.930319
17719	1.833640	-5.260284	15.985695	-4.329574	-2.367429	1.172963	-0.943665	0.017222	0.330453	0.037212	-0.986787	0.157692	0.328803	0.161105	0.930556
17720	17.564031	-7.639038	5.749633	0.552420	-1.257377	0.420835	-0.939282	0.015026	0.342817	0.043105	-0.985961	0.161318	0.340428	0.166300	0.925447
17721	11.681823	14.700853	19.462449	4.506663	-0.154353	-1.091825	-0.939252	0.026049	0.342237	0.048175	-0.977240	0.206594	0.339830	0.210531	0.916620
17722	0.525716	10.799455	3.545061	-1.294311	-0.544566	-1.043616	-0.937786	0.037272	0.345207	0.034041	-0.979562	0.198240	0.345541	0.197658	0.917351
17723	-3.030245	1.752741	10.743693	-2.139140	-1.039764	0.701830	-0.933900	0.032339	0.356069	0.033102	-0.983803	0.176171	0.355999	0.176313	0.917703
17724	12.714637	-1.547021	11.200229	-1.452953	-1.813211	0.708951	-0.927030	0.028226	0.373923	0.034605	-0.986468	0.160260	0.373387	0.161505	0.913509
17725	8.290051	-2.291623	8.097342	0.328045	0.014612	0.307926	-0.926969	0.025178	0.374293	0.038681	-0.986012	0.162124	0.373140	0.164762	0.913028
17726	2.109903	2.450798	10.486987	0.478977	-0.044157	-0.116081	-0.926815	0.026182	0.374605	0.039615	-0.985183	0.166871	0.373424	0.169498	0.912044
17727	5.252633	2.361722	9.887235	-0.093194	-0.273440	0.135897	-0.925732	0.025318	0.377331	0.040521	-0.985372	0.165530	0.376002	0.168527	0.911165
17728	4.384543	0.487381	9.767142	-0.224026	-0.077021	0.113960	-0.925364	0.024086	0.378315	0.040983	-0.985773	0.163007	0.376859	0.166345	0.911212
17729	3.932609	0.786967	9.731824	0.039405	-0.075821	0.088770	-0.925038	0.023350	0.379157	0.041950	-0.985726	0.163050	0.377552	0.166733	0.910854
17730	4.289071	0.401599	10.310568	-0.191342	-0.089120	0.097722	-0.924627	0.022292	0.380221	0.042380	-0.986065	0.160874	0.378509	0.164862	0.910797
17731	4.102517	-0.358318	9.973750	-0.169464	-0.041397	0.068433	-0.924438	0.021698	0.380715	0.042368	-0.986355	0.159090	0.378972	0.163199	0.910904
17732	3.866466	1.118744	9.601682	-0.008850	-0.095093	0.022536	-0.924034	0.021448	0.381709	0.042722	-0.986379	0.158845	0.379917	0.163085	0.910531
17733	3.358181	1.793643	9.027469	-0.108978	-0.134438	0.025762	-0.923508	0.021425	0.382981	0.042541	-0.986558	0.157774	0.381213	0.161998	0.910183
17734	3.970426	1.616574	9.334113	-0.136896	-0.250689	0.014650	-0.922510	0.021515	0.385373	0.042318	-0.986788	0.156393	0.383647	0.160583	0.909411
17735	4.252274	0.978604	9.869206	-0.211665	-0.207239	-0.012900	-0.921715	0.021986	0.387245	0.041381	-0.987120	0.154539	0.385655	0.158465	0.908933
17736	4.103414	1.644366	9.176151	-0.027276	-0.157025	-0.015755	-0.921083	0.022182	0.388735	0.041335	-0.987163	0.154272	0.387167	0.158165	0.908342
17737	4.609217	2.146973	9.489775	-0.050221	-0.157954	0.010823	-0.920462	0.022338	0.390193	0.041236	-0.987242	0.153793	0.388650	0.157651	0.907798
17738	4.573711	0.968338	9.538368	-0.069949	-0.064933	0.015491	-0.920171	0.022094	0.390894	0.041297	-0.987360	0.153022	0.389334	0.156949	0.907627
17739	4.345964	1.165600	9.827071	-0.013094	-0.057590	0.002710	-0.919942	0.022170	0.391428	0.041267	-0.987378	0.152912	0.389877	0.156823	0.907415
17740	4.997996	0.682309	9.698608	-0.033705	0.015826	-0.016261	-0.919979	0.022056	0.391347	0.041237	-0.987429	0.152589	0.389793	0.156517	0.907504
17741	4.140823	1.429942	9.537828	-0.013322	0.068181	-0.026494	-0.920252	0.022223	0.390695	0.040937	-0.987441	0.152592	0.389180	0.156417	0.907785
17742	4.604586	1.045407	9.517261	-0.145856	0.091107	-0.021901	-0.920581	0.022146	0.389924	0.040312	-0.987670	0.151268	0.388466	0.154973	0.908338
17743	4.190809	1.425712	9.290736	-0.139434	0.161269	-0.026667	-0.921214	0.022173	0.388425	0.039521	-0.987877	0.150124	0.387045	0.153647	0.909169
17744	4.008772	1.692537	9.208780	-0.202595	0.157996	-0.011794	-0.921796	0.021840	0.387060	0.038833	-0.988189	0.148241	0.385726	0.151678	0.910060
17745	4.281528	1.336054	9.361232	-0.261624	0.184469	0.003563	-0.922501	0.021540	0.385393	0.037854	-0.988580	0.145864	0.384133	0.149148	0.911151
17746	3.901326	1.614225	9.064161	-0.211545	0.237572	0.006427	-0.923377	0.020921	0.383325	0.037301	-0.988900	0.143827	0.382079	0.147105	0.912346
17747	3.613134	1.827059	9.203274	-0.245909	0.182538	0.027386	-0.924059	0.020397	0.381705	0.036612	-0.989262	0.141496	0.380492	0.144726	0.913389
17748	3.797381	1.105133	9.270892	-0.306308	0.158809	0.041399	-0.924618	0.019440	0.380399	0.036155	-0.989708	0.138460	0.379176	0.141776	0.914399
17749	2.903275	1.952177	8.730775	-0.141081	0.141512	0.036023	-0.925137	0.018897	0.379162	0.035950	-0.989911	0.137052	0.377926	0.140423	0.915125
17750	3.510522	2.068100	9.385153	-0.206706	-0.072120	0.075475	-0.924807	0.018057	0.380008	0.036055	-0.990217	0.134797	0.378724	0.138362	0.915109
17751	4.011235	0.872931	9.167281	-0.252067	-0.027373	0.082072	-0.924671	0.017294	0.380375	0.035854	-0.990575	0.132197	0.379076	0.135876	0.915335
17752	3.891132	1.627975	9.321100	-0.141290	-0.062801	0.078615	-0.924374	0.016383	0.381134	0.036260	-0.990781	0.130530	0.379759	0.134479	0.915259
17753	4.167792	1.188296	9.531315	-0.230379	-0.065643	0.093061	-0.924088	0.015561	0.381863	0.036240	-0.991101	0.128085	0.380458	0.132201	0.915300
17754	4.557664	0.815539	9.777217	-0.155108	-0.063131	0.078974	-0.923788	0.014725	0.382622	0.036507	-0.991321	0.126291	0.381160	0.130635	0.915233
17755	4.112312	1.031821	9.380329	-0.071778	0.016707	0.049298	-0.923830	0.014227	0.382538	0.036684	-0.991420	0.125464	0.381041	0.129941	0.915382
17756	4.342120	1.052633	9.705359	-0.137702	-0.021099	0.057893	-0.923698	0.013460	0.382884	0.036912	-0.991607	0.123908	0.381338	0.128586	0.915449
17757	4.160678	0.952980	9.400585	-0.107722	0.018834	0.044229	-0.923750	0.013010	0.382774	0.036905	-0.991749	0.122771	0.381213	0.127536	0.915648
17758	4.194746	0.996452	9.507833	-0.125839	0.029904	0.036509	-0.923820	0.012413	0.382625	0.036954	-0.991915	0.121402	0.381039	0.126293	0.915893
17759	4.051511	1.028221	9.410185	-0.110111	0.051376	0.030159	-0.924002	0.012062	0.382199	0.036808	-0.992055	0.120296	0.380613	0.125222	0.916217
17760	3.872817	1.098622	9.412607	-0.097634	0.049715	0.023677	-0.924153	0.011454	0.381852	0.036970	-0.992177	0.119236	0.380230	0.124309	0.916500
17761	4.055439	0.907760	9.492103	-0.130427	0.035576	0.023980	-0.924276	0.011185	0.381562	0.036690	-0.992339	0.117967	0.379958	0.123033	0.916785
17762	4.030336	0.871085	9.412935	-0.128762	0.054963	0.014725	-0.924448	0.010851	0.381154	0.036446	-0.992504	0.116651	0.379562	0.121729	0.917123
17763	4.091269	1.213383	9.399776	-0.107171	0.059082	0.012838	-0.924664	0.010665	0.380634	0.036153	-0.992633	0.115637	0.379063	0.120687	0.917467
17764	3.928511	1.121676	9.205674	-0.115326	0.072600	0.014923	-0.924904	0.010225	0.380064	0.036053	-0.992775	0.114444	0.378488	0.119552	0.917853
17765	3.503183	1.266599	9.496694	-0.026209	0.055832	0.014259	-0.925107	0.010030	0.379575	0.036080	-0.992806	0.114167	0.377989	0.119312	0.918090
17766	3.798322	1.129167	9.417279	-0.016741	-0.020697	0.011809	-0.924995	0.009754	0.379855	0.036301	-0.992830	0.113893	0.378242	0.119139	0.918008
17767	4.034375	1.177424	9.379870	0.021429	0.003955	0.015528	-0.925001	0.009608	0.379844	0.036520	-0.992804	0.114048	0.378206	0.119367	0.917993
17768	3.760033	1.140658	9.452618	0.017468	-0.007691	0.025016	-0.924934	0.009119	0.380018	0.037067	-0.992785	0.114039	0.378316	0.119565	0.917922
17769	3.821156	1.223409	9.507706	0.043433	-0.048200	0.026911	-0.924738	0.008922	0.380499	0.037474	-0.992733	0.114353	0.378754	0.120006	0.917684
17770	4.187336	0.883500	9.539547	0.033683	-0.077117	0.033220	-0.924406	0.008439	0.381318	0.038154	-0.992695	0.114463	0.379498	0.120359	0.917330
17771	4.175061	1.076829	9.444172	0.106150	-0.033558	0.018320	-0.924268	0.008311	0.381654	0.038720	-0.992566	0.115384	0.379776	0.121424	0.917075
17772	4.024030	1.062034	9.444224	0.084929	-0.037417	0.025302	-0.924087	0.007904	0.382099	0.039472	-0.992466	0.115992	0.380137	0.122269	0.916813
17773	4.113954	0.923166	9.381686	0.076490	-0.039716	0.023633	-0.923924	0.007732	0.382499	0.039975	-0.992372	0.116620	0.380482	0.123039	0.916567
17774	4.004473	0.790799	9.462747	0.061355	-0.032912	0.018604	-0.923762	0.007455	0.382894	0.040502	-0.992302	0.117035	0.380819	0.123621	0.916349
17775	3.874843	0.868491	9.423498	0.095207	-0.067025	0.008231	-0.923500	0.007470	0.383526	0.040935	-0.992182	0.117893	0.381408	0.124574	0.915975
17776	3.835334	1.173736	9.658432	0.115100	-0.084685	0.008905	-0.923145	0.007336	0.384383	0.041597	-0.992042	0.118834	0.382196	0.125691	0.915494
17777	3.779452	1.343150	9.500563	0.101590	-0.103654	0.014219	-0.922739	0.007339	0.385356	0.042111	-0.991913	0.119727	0.383118	0.126704	0.914968
17778	3.420516	1.290156	9.718154	0.079832	-0.158869	0.027792	-0.922090	0.007091	0.386911	0.042839	-0.991816	0.120273	0.384597	0.127478	0.914240
17779	3.977040	1.245812	9.816970	0.080384	-0.211722	0.042829	-0.921252	0.006951	0.388905	0.043538	-0.991714	0.120859	0.386523	0.128273	0.913316
17780	3.701466	1.341667	9.852757	0.095848	-0.213304	0.069989	-0.920367	0.006435	0.391002	0.044635	-0.991602	0.121384	0.388499	0.129171	0.912350
17781	3.321116	1.358190	10.305346	0.083966	-0.257176	0.115429	-0.919310	0.005637	0.393495	0.046018	-0.991498	0.121714	0.390835	0.130001	0.911234
17782	2.873847	0.889790	10.871737	0.171527	-0.406710	0.188524	-0.917598	0.004169	0.397487	0.048541	-0.991286	0.122455	0.394534	0.131659	0.909400
17783	4.003877	0.191851	9.993141	0.143664	-0.512257	0.168218	-0.915479	0.003194	0.402354	0.050647	-0.991101	0.123104	0.399166	0.133077	0.907170
17784	4.121586	0.513653	9.912910	0.303009	-0.508783	0.135357	-0.913343	0.002415	0.407184	0.053206	-0.990701	0.125219	0.403700	0.136033	0.904722
17785	3.623563	0.507241	9.998598	0.180174	-0.606034	0.094176	-0.910826	0.002325	0.412785	0.054791	-0.990455	0.126478	0.409139	0.137816	0.902004
17786	3.613243	0.358241	10.297068	0.210934	-0.756665	0.062362	-0.907647	0.002709	0.419725	0.056249	-0.990174	0.128027	0.415948	0.139813	0.898576
17787	3.960809	0.910066	9.837314	0.250979	-0.897851	0.010553	-0.903867	0.003884	0.427796	0.057392	-0.989819	0.130249	0.423946	0.142280	0.894442
17788	3.509781	1.499083	10.083466	0.246948	-1.047786	-0.021154	-0.899368	0.005491	0.437158	0.058338	-0.989472	0.132448	0.433283	0.144623	0.889579
17789	3.465445	2.596385	9.411346	0.708861	-1.420932	-0.115997	-0.893189	0.008756	0.449596	0.060408	-0.988412	0.139259	0.445606	0.151544	0.882309
17790	2.645987	2.701985	10.166833	0.452808	-1.832214	-0.107600	-0.884925	0.012506	0.465565	0.061610	-0.987711	0.143638	0.461640	0.155792	0.873280
17791	2.526079	2.749600	10.674295	0.085380	-2.361932	-0.061691	-0.873811	0.016816	0.485976	0.061465	-0.987566	0.144689	0.482366	0.156301	0.861912
17792	2.533325	2.383983	10.422500	-0.127095	-2.690537	0.037676	-0.860482	0.020538	0.509067	0.061222	-0.987779	0.143337	0.505790	0.154505	0.848708
17793	2.282913	2.584578	10.540693	-0.116104	-3.078891	0.367591	-0.844268	0.021651	0.535483	0.063749	-0.988032	0.140457	0.532116	0.152720	0.832784
17794	0.771033	3.643836	9.699253	-0.183091	-3.518562	0.955929	-0.824383	0.017273	0.565769	0.070988	-0.988487	0.133616	0.561564	0.150314	0.813666
17795	2.605570	5.636114	11.652546	-1.248808	-4.205678	1.513318	-0.798906	0.008362	0.601398	0.076037	-0.990477	0.114781	0.596631	0.137427	0.790662
17796	2.874394	3.540638	9.986454	-2.873345	-4.918688	1.715833	-0.767294	-0.002815	0.641290	0.071970	-0.994051	0.081748	0.637245	0.108878	0.762932
17797	5.837391	1.233623	9.739928	-2.540345	-5.437560	1.731452	-0.730256	-0.014790	0.683013	0.068203	-0.996349	0.051346	0.679761	0.084079	0.728599
17798	6.442240	2.303522	10.675657	-0.822960	-5.428472	1.703579	-0.691092	-0.027383	0.722248	0.074504	-0.996658	0.033503	0.718917	0.076964	0.690822
17799	7.612453	3.813269	11.322329	-0.734832	-5.961297	1.809941	-0.645600	-0.040982	0.762576	0.081171	-0.996585	0.015162	0.759350	0.071688	0.646721
17800	13.893858	2.937592	14.786156	-0.411353	-6.352972	1.792290	-0.594593	-0.054312	0.802190	0.089053	-0.996026	-0.001428	0.799080	0.070588	0.597067
17801	17.873692	4.014161	16.779429	0.579357	-5.535963	2.113045	-0.547417	-0.071168	0.833828	0.105845	-0.994264	-0.015372	0.830139	0.079842	0.551810
17802	11.539931	6.180499	15.815882	0.385291	-5.251362	2.384627	-0.500446	-0.090433	0.861032	0.121595	-0.992014	-0.033517	0.857186	0.087924	0.507445
17803	10.566410	4.028003	15.072274	-0.598197	-5.170343	2.718196	-0.452039	-0.112831	0.884833	0.129343	-0.989775	-0.060135	0.882571	0.087264	0.462011
17804	8.798936	4.783003	15.129104	-0.343969	-4.884806	2.916848	-0.404575	-0.137291	0.904141	0.138812	-0.986430	-0.087672	0.903908	0.090036	0.418142
17805	7.190967	5.522490	15.148185	-0.372318	-4.582297	2.921523	-0.358555	-0.161844	0.919372	0.146568	-0.982402	-0.115778	0.921931	0.093238	0.375966
17806	2.437143	4.563873	12.973047	0.139273	-4.294461	3.026910	-0.314176	-0.187241	0.930717	0.158141	-0.976982	-0.143166	0.936101	0.102205	0.336555
17807	-2.990505	5.391305	10.150858	0.180265	-4.530241	3.140023	-0.266322	-0.212934	0.940070	0.168964	-0.970505	-0.171961	0.948959	0.113041	0.294445
17808	2.199642	11.468552	14.937163	-0.217019	-5.103505	2.102367	-0.214161	-0.227195	0.950009	0.172080	-0.966139	-0.192261	0.961522	0.122303	0.246005
17809	28.221788	17.710034	21.386496	-2.109078	-3.834236	-0.167066	-0.177341	-0.221101	0.958991	0.151364	-0.968970	-0.195411	0.972440	0.110503	0.205305
17810	12.034325	10.018669	22.444702	-2.052113	0.138353	-1.398619	-0.180889	-0.207447	0.961377	0.129154	-0.974047	-0.185880	0.974986	0.090542	0.202987
17811	8.777753	9.553794	19.539959	-0.936243	2.047436	-2.671874	-0.204078	-0.183045	0.961690	0.114904	-0.980052	-0.162156	0.972188	0.077410	0.221039
17812	-0.728719	10.886632	12.951742	-0.949808	2.928759	-3.298635	-0.236326	-0.152419	0.959645	0.098780	-0.986272	-0.132322	0.966640	0.063523	0.248138
17813	-4.314504	7.524847	8.627402	-2.195660	2.676182	-3.251716	-0.264863	-0.121599	0.956588	0.069465	-0.991846	-0.106847	0.961781	0.038149	0.271150
17814	-2.561517	3.286800	7.636771	-2.245841	2.611826	-3.178348	-0.292023	-0.090404	0.952129	0.039476	-0.995814	-0.082444	0.955596	0.013510	0.294369
17815	0.003181	0.481754	8.821069	-2.145646	2.713206	-2.980476	-0.318578	-0.060721	0.945950	0.009960	-0.998105	-0.060715	0.947844	-0.009921	0.318579
17816	1.281767	-2.926974	9.115607	-1.754969	3.034651	-2.634683	-0.347556	-0.033570	0.937058	-0.014978	-0.999033	-0.041346	0.937539	-0.028406	0.346717
17817	1.576534	-4.984740	8.666181	-0.408355	3.374584	-2.240420	-0.378513	-0.010129	0.925541	-0.026907	-0.999397	-0.021942	0.925205	-0.033209	0.378012
17818	1.319639	-2.835006	8.849949	0.674870	3.629734	-1.813589	-0.411815	0.009280	0.911220	-0.027556	-0.999618	-0.002274	0.910851	-0.026046	0.411914
17819	1.340605	-1.658665	8.756622	0.866725	3.755404	-1.315291	-0.445372	0.023244	0.895044	-0.025358	-0.999589	0.013341	0.894987	-0.016755	0.445778
17820	2.466883	-1.203698	9.075910	1.022190	3.917755	-0.865113	-0.480378	0.032481	0.876460	-0.020029	-0.999460	0.026062	0.876833	-0.005036	0.480769
17821	4.121967	-0.795125	9.674511	1.035352	4.142504	-0.498810	-0.516191	0.037442	0.855655	-0.013533	-0.999276	0.035563	0.856367	0.006778	0.516324
17822	5.557520	-0.831668	9.952125	1.055909	4.443490	-0.223727	-0.554187	0.039220	0.831468	-0.005568	-0.999042	0.043413	0.832373	0.019429	0.553875
17823	6.090200	-1.270909	9.832417	1.075347	4.732697	-0.047402	-0.592939	0.038487	0.804327	0.002974	-0.998746	0.049982	0.805242	0.032029	0.592081
17824	6.068293	-2.348187	9.158332	1.176744	4.904381	0.014903	-0.632164	0.036510	0.773974	0.012578	-0.998274	0.057363	0.774732	0.045998	0.630614
17825	6.123239	-2.768709	8.836497	1.384802	4.956457	0.013502	-0.669757	0.033720	0.741814	0.023178	-0.997533	0.066270	0.742218	0.061578	0.667323
17826	6.862753	-2.637119	8.994858	1.517014	4.926032	0.024724	-0.705905	0.030069	0.707668	0.034512	-0.996452	0.076765	0.707465	0.078612	0.702362
17827	7.630986	-2.269689	9.631487	1.576612	4.885355	0.047259	-0.739572	0.025351	0.672600	0.045732	-0.995089	0.087791	0.671522	0.095687	0.734781
17828	8.558235	-1.531038	9.937524	1.554012	4.869191	0.085109	-0.771703	0.019457	0.635685	0.056633	-0.993459	0.099158	0.633456	0.112522	0.765554
17829	8.719142	-0.352918	10.099315	1.494272	4.862945	0.112852	-0.801488	0.012495	0.597880	0.066699	-0.991676	0.110138	0.594280	0.128152	0.793983
17830	8.359011	0.541898	9.907085	1.305831	4.793667	0.097538	-0.829285	0.005059	0.558803	0.075071	-0.989887	0.120370	0.553760	0.141771	0.820519
17831	8.192472	0.885595	9.691244	1.157386	4.675497	0.039243	-0.854206	-0.002217	0.519930	0.081580	-0.988176	0.129816	0.513495	0.153305	0.844287
17832	8.321085	0.739912	9.680974	1.177850	4.527777	-0.070710	-0.876887	-0.008743	0.480617	0.086837	-0.986266	0.140493	0.472788	0.164931	0.865603
17833	8.700881	0.565437	9.352189	1.430835	4.399527	-0.321784	-0.897088	-0.013118	0.441658	0.090459	-0.983840	0.154516	0.432494	0.178567	0.883778
17834	9.073661	1.574262	9.329957	1.775075	4.253235	-0.686209	-0.915479	-0.014372	0.402108	0.091592	-0.980569	0.173481	0.391801	0.195649	0.899007
17835	10.581196	2.862708	10.218511	2.027217	4.126222	-1.143478	-0.931853	-0.011641	0.362649	0.088565	-0.976551	0.196227	0.351860	0.214973	0.911033
