// General information: 
//  MT Manager version: 2022.2.0 
//  XDA version: 2022.2.0 build 7381 rev 124627 built on 2023-07-19
// Device information: 
//  DeviceId: 00B4CAF0
//  ProductCode: MTW2-3A7G6
//  Firmware Version: 4.6.0
//  Hardware Version: 2.0.0
// Device settings: 
//  Filter Profile: human(46.1)
//  Option Flags: Orientation Smoother Disabled, Position/Velocity Smoother Disabled, Continuous Zero Rotation Update Disabled, AHS Disabled, ICC Disabled
// Coordinate system: ENU
PacketCounter	Acc_X	Acc_Y	Acc_Z	Gyr_X	Gyr_Y	Gyr_Z	Mat[1][1]	Mat[2][1]	Mat[3][1]	Mat[1][2]	Mat[2][2]	Mat[3][2]	Mat[1][3]	Mat[2][3]	Mat[3][3]
16528	4.880682	-1.584197	8.900235	0.009590	0.023872	0.010327	-0.810254	-0.333327	0.482060	0.298368	-0.942552	-0.150239	0.504445	0.022099	0.863161
16529	4.895448	-1.609848	8.886374	0.010452	0.021382	0.012094	-0.810325	-0.333419	0.481876	0.298469	-0.942520	-0.150240	0.504271	0.022082	0.863263
16530	4.877511	-1.636530	8.916030	0.008980	0.020234	0.013438	-0.810387	-0.333524	0.481700	0.298579	-0.942483	-0.150252	0.504107	0.022063	0.863359
16531	4.957352	-1.669173	8.868727	0.013882	0.019228	0.008822	-0.810463	-0.333577	0.481534	0.298662	-0.942464	-0.150207	0.503935	0.022079	0.863460
16532	4.908975	-1.739809	8.901424	0.019258	0.013775	0.003622	-0.810522	-0.333588	0.481429	0.298744	-0.942458	-0.150083	0.503792	0.022179	0.863540
16533	4.922691	-1.658321	8.860494	0.021209	0.010476	0.001695	-0.810569	-0.333584	0.481352	0.298819	-0.942457	-0.149942	0.503671	0.022299	0.863608
16534	4.952325	-1.611403	8.858457	0.025790	0.018091	0.000304	-0.810659	-0.333564	0.481214	0.298907	-0.942460	-0.149745	0.503475	0.022446	0.863718
16535	4.901985	-1.575058	8.864462	0.026266	0.013645	-0.000278	-0.810724	-0.333547	0.481116	0.298997	-0.942462	-0.149551	0.503316	0.022608	0.863807
16536	4.905430	-1.549080	8.869519	0.026269	0.013643	-0.000279	-0.810793	-0.333521	0.481017	0.299083	-0.942467	-0.149347	0.503154	0.022774	0.863897
16537	4.912697	-1.508961	8.932237	0.017365	0.009973	0.009254	-0.810813	-0.333595	0.480934	0.299207	-0.942439	-0.149276	0.503049	0.022864	0.863956
16538	4.911874	-1.508387	8.932786	0.006210	0.005143	0.010254	-0.810808	-0.333666	0.480893	0.299277	-0.942414	-0.149296	0.503015	0.022869	0.863975
16539	4.892815	-1.603155	8.917119	0.001585	0.000730	0.013113	-0.810772	-0.333762	0.480885	0.299340	-0.942381	-0.149379	0.503034	0.022836	0.863965
16540	4.932446	-1.685007	8.904314	-0.000235	-0.005573	0.010642	-0.810712	-0.333835	0.480937	0.299381	-0.942355	-0.149457	0.503107	0.022817	0.863923
16541	4.953210	-1.696699	8.946963	0.003921	-0.000614	0.013539	-0.810669	-0.333935	0.480940	0.299460	-0.942320	-0.149522	0.503130	0.022810	0.863910
16542	4.867835	-1.678736	8.937279	-0.001904	-0.007696	0.010811	-0.810597	-0.334009	0.481009	0.299493	-0.942295	-0.149615	0.503225	0.022782	0.863855
16543	4.842888	-1.700400	8.943600	0.001264	-0.025312	0.005974	-0.810452	-0.334035	0.481236	0.299501	-0.942284	-0.149666	0.503454	0.022833	0.863720
16544	4.829238	-1.665482	8.903512	0.001777	-0.029061	-0.001247	-0.810309	-0.333990	0.481507	0.299455	-0.942298	-0.149669	0.503712	0.022911	0.863568
16545	4.829348	-1.732790	8.857653	0.003965	-0.034587	-0.003462	-0.810148	-0.333923	0.481825	0.299397	-0.942319	-0.149652	0.504006	0.023017	0.863394
16546	4.734835	-1.837276	8.847814	0.005705	-0.052655	-0.013598	-0.809923	-0.333757	0.482319	0.299271	-0.942373	-0.149562	0.504442	0.023211	0.863133
16547	4.672711	-1.966845	8.955104	0.008362	-0.076419	-0.023432	-0.809607	-0.333497	0.483029	0.299080	-0.942458	-0.149411	0.505062	0.023500	0.862763
16548	4.796136	-1.832044	8.929990	0.018814	-0.114097	-0.034336	-0.809132	-0.333120	0.484083	0.298853	-0.942578	-0.149107	0.505957	0.024022	0.862224
16549	4.816835	-1.790226	8.985926	0.017747	-0.141588	-0.038081	-0.808538	-0.332686	0.485373	0.298569	-0.942717	-0.148801	0.507073	0.024606	0.861552
16550	4.246485	-2.024009	9.287436	0.041026	-0.165936	-0.047282	-0.807836	-0.332172	0.486891	0.298351	-0.942874	-0.148242	0.508319	0.025509	0.860791
16551	4.394681	-2.169673	9.288422	0.042422	-0.271235	-0.089912	-0.806729	-0.331220	0.489369	0.297783	-0.943174	-0.147471	0.510406	0.026757	0.859517
16552	4.019157	-1.995343	9.521461	0.045909	-0.352648	-0.128266	-0.805305	-0.329886	0.492605	0.296939	-0.943596	-0.146471	0.513138	0.028320	0.857839
16553	2.566943	-1.343071	10.735536	-0.042282	-0.523459	-0.209558	-0.803226	-0.327736	0.497410	0.294993	-0.944305	-0.145830	0.517501	0.029598	0.855171
16554	4.694688	-1.430240	9.585062	-0.031638	-0.796641	-0.212262	-0.799701	-0.325460	0.504534	0.293082	-0.945019	-0.145060	0.524005	0.031865	0.851119
16555	3.707024	-1.560464	9.957522	-0.077324	-0.928726	-0.276939	-0.795601	-0.322536	0.512825	0.290443	-0.945943	-0.144344	0.531659	0.034107	0.846271
16556	4.303030	-1.433733	9.970941	-0.114259	-1.056894	-0.370069	-0.791003	-0.318633	0.522291	0.286850	-0.947180	-0.143415	0.540400	0.036378	0.840622
16557	4.510019	-1.782779	10.465313	-0.165091	-1.269920	-0.510700	-0.785517	-0.313324	0.533659	0.281912	-0.948854	-0.142136	0.550899	0.038795	0.833670
16558	4.619636	-3.083743	10.194563	-0.070225	-1.440224	-0.688893	-0.779420	-0.306167	0.546596	0.276085	-0.951026	-0.139019	0.562390	0.042553	0.825777
16559	5.166378	-2.811209	9.615051	0.032217	-1.613537	-0.844196	-0.772548	-0.297379	0.561013	0.269671	-0.953568	-0.134110	0.574846	0.047683	0.816871
16560	6.132966	-2.532125	9.454242	0.040417	-1.695236	-0.986784	-0.765315	-0.287074	0.576092	0.262271	-0.956442	-0.128191	0.587799	0.052986	0.807270
16561	6.374669	-4.783210	9.439396	0.048856	-1.705207	-1.158742	-0.758169	-0.275005	0.591229	0.253689	-0.959680	-0.121066	0.600684	0.058200	0.797365
16562	7.475123	-8.544292	9.272354	0.520729	-1.548087	-1.274504	-0.751978	-0.261754	0.604991	0.247173	-0.962784	-0.109331	0.611094	0.067323	0.788690
16563	6.634642	-7.516169	9.248036	1.247282	-1.416730	-1.303238	-0.746471	-0.248107	0.617433	0.245029	-0.965178	-0.091605	0.618661	0.082909	0.781271
16564	5.378978	-3.748463	9.839005	1.687490	-1.188288	-1.250024	-0.742158	-0.234905	0.627712	0.246157	-0.966648	-0.070705	0.623385	0.102041	0.775228
16565	2.944522	-0.915131	10.832613	1.581928	-0.851805	-1.118455	-0.739597	-0.223127	0.634989	0.247703	-0.967469	-0.051447	0.625811	0.119239	0.770806
16566	4.211117	2.053788	13.011174	1.011826	-0.717261	-0.914873	-0.737358	-0.213347	0.640926	0.247245	-0.968214	-0.037848	0.628628	0.130559	0.766669
16567	4.724575	0.393476	13.130387	0.004646	-0.255820	-0.537913	-0.737066	-0.207783	0.643087	0.243261	-0.969351	-0.034389	0.630522	0.131091	0.765021
16568	2.557700	-1.899895	11.033348	-0.516218	0.121266	-0.354572	-0.738678	-0.204470	0.642298	0.237341	-0.970756	-0.036077	0.630891	0.125794	0.765606
16569	1.578914	-3.375010	9.988326	-0.596767	0.423973	-0.288690	-0.742026	-0.202168	0.639160	0.231398	-0.972084	-0.038835	0.629168	0.119084	0.768093
16570	1.304564	-3.106035	9.127383	-0.500821	0.602263	-0.289625	-0.746463	-0.200021	0.634653	0.226051	-0.973258	-0.040862	0.625854	0.112962	0.771716
16571	1.800870	-1.854567	9.014388	-0.460610	0.783478	-0.314550	-0.752051	-0.197804	0.628723	0.220777	-0.974399	-0.042474	0.621029	0.106865	0.776468
16572	2.374246	-0.726499	9.105970	-0.564330	0.976410	-0.329829	-0.758799	-0.195566	0.621272	0.214750	-0.975640	-0.044828	0.614904	0.099403	0.782312
16573	2.861987	-0.496837	9.061130	-0.738669	1.167972	-0.337207	-0.766651	-0.193365	0.612254	0.207619	-0.977002	-0.048587	0.607569	0.089867	0.789167
16574	3.330503	-0.776697	8.684056	-0.862983	1.334313	-0.348782	-0.775407	-0.191052	0.601866	0.199675	-0.978410	-0.053331	0.599061	0.078825	0.796814
16575	3.585674	-1.375634	8.259180	-0.890666	1.466196	-0.348623	-0.784803	-0.188697	0.590319	0.191620	-0.979729	-0.058422	0.589377	0.067267	0.805053
16576	3.837055	-1.610957	7.967463	-0.837948	1.535181	-0.316102	-0.794360	-0.186517	0.578103	0.184181	-0.980847	-0.063377	0.578852	0.056132	0.813499
16577	4.102215	-1.539798	7.851196	-0.766808	1.567023	-0.244028	-0.803787	-0.184907	0.565452	0.177793	-0.981696	-0.068290	0.567729	0.045643	0.821949
16578	4.483533	-1.429368	7.800265	-0.725420	1.579630	-0.126360	-0.812881	-0.184280	0.552508	0.172648	-0.982230	-0.073597	0.556252	0.035563	0.830252
16579	4.845675	-1.517749	7.767570	-0.691516	1.575563	0.040338	-0.821486	-0.185147	0.539334	0.169130	-0.982372	-0.079627	0.544569	0.025805	0.838319
16580	5.276478	-1.756515	7.707701	-0.630116	1.547581	0.244545	-0.829407	-0.187850	0.526114	0.167707	-0.982056	-0.086259	0.532877	0.016689	0.846028
16581	5.717406	-1.776012	7.644607	-0.529940	1.503822	0.468591	-0.836546	-0.192628	0.512918	0.168777	-0.981234	-0.093238	0.521253	0.008570	0.853359
16582	6.173265	-1.707279	7.469344	-0.420496	1.456131	0.703611	-0.842848	-0.199574	0.499777	0.172471	-0.979882	-0.100428	0.509765	0.001552	0.860312
16583	6.462901	-1.635184	7.288731	-0.296441	1.381215	0.922699	-0.848194	-0.208575	0.486892	0.178738	-0.977997	-0.107583	0.498619	-0.004225	0.866811
16584	6.656389	-1.378700	7.183374	-0.170207	1.279894	1.107852	-0.852477	-0.219288	0.474548	0.187274	-0.975622	-0.114414	0.488069	-0.008665	0.872762
16585	7.054721	-0.928356	7.257170	-0.057027	1.161473	1.226830	-0.855731	-0.231107	0.462941	0.197437	-0.972856	-0.120709	0.478272	-0.011893	0.878131
16586	7.520217	-0.453732	7.265937	0.011230	1.056684	1.262082	-0.858174	-0.243202	0.452096	0.208261	-0.969870	-0.126411	0.469217	-0.014328	0.882967
16587	7.794926	0.156039	7.160603	0.037622	0.964673	1.208077	-0.860082	-0.254737	0.442004	0.218775	-0.966871	-0.131523	0.460865	-0.016421	0.887319
16588	7.615722	1.044736	6.918882	0.004129	0.870072	1.045543	-0.861724	-0.264653	0.432887	0.227751	-0.964163	-0.136087	0.453389	-0.018679	0.891117
16589	7.368256	2.653536	7.073320	-0.150456	0.747695	0.780418	-0.863292	-0.272001	0.425139	0.233764	-0.962041	-0.140823	0.447305	-0.022189	0.894106
16590	7.514531	4.263753	7.291848	-0.470815	0.634976	0.430263	-0.865108	-0.275950	0.418856	0.235343	-0.960749	-0.146881	0.442947	-0.028493	0.896095
16591	7.648278	4.785535	7.342204	-0.872464	0.587262	0.008058	-0.867682	-0.275814	0.413587	0.231521	-0.960438	-0.154780	0.439915	-0.038546	0.897212
16592	7.602367	4.269514	7.227543	-1.181773	0.574167	-0.486760	-0.871304	-0.270852	0.409228	0.222060	-0.961242	-0.163411	0.437627	-0.051508	0.897680
16593	7.890125	3.398246	7.275210	-1.342964	0.583546	-0.985759	-0.875970	-0.261006	0.405651	0.207544	-0.963076	-0.171492	0.435433	-0.066031	0.897796
16594	7.891395	2.536770	7.115927	-1.401516	0.618526	-1.408161	-0.881445	-0.246945	0.402582	0.189043	-0.965625	-0.178413	0.432801	-0.081156	0.897829
16595	7.853439	1.586792	6.648798	-1.404381	0.610729	-1.711703	-0.887133	-0.229830	0.400216	0.167806	-0.968461	-0.184189	0.429925	-0.096241	0.897720
16596	8.054891	0.407768	5.965211	-1.354743	0.547734	-1.894610	-0.892442	-0.210863	0.398854	0.145097	-0.971236	-0.188807	0.427193	-0.110627	0.897367
16597	8.125947	-0.616271	4.970854	-1.248012	0.416937	-1.913451	-0.896778	-0.191745	0.398778	0.122617	-0.973624	-0.192408	0.425153	-0.123651	0.896636
16598	7.539730	-2.178757	4.342735	-1.059959	0.210850	-1.758592	-0.899647	-0.174310	0.400315	0.102274	-0.975475	-0.194908	0.424471	-0.134406	0.895410
16599	-1.388600	-18.625503	2.872499	0.425684	-0.670826	-1.225179	-0.897972	-0.163204	0.408669	0.093036	-0.978101	-0.186181	0.430105	-0.129165	0.893491
16600	2.590950	9.495160	13.759345	1.471572	-0.194118	-1.355744	-0.898354	-0.150128	0.412823	0.087147	-0.982016	-0.167478	0.430542	-0.114478	0.895281
16601	1.363344	0.941118	17.135229	0.111648	-1.509097	-0.099343	-0.891837	-0.150834	0.426470	0.086702	-0.982289	-0.166103	0.443971	-0.111161	0.889119
16602	13.583004	-9.341274	10.664767	0.340510	-0.996675	-0.091350	-0.887443	-0.150995	0.435483	0.087371	-0.982797	-0.162716	0.452561	-0.106352	0.885369
16603	10.539831	4.484905	14.728660	0.658875	0.288958	-0.350884	-0.889048	-0.147224	0.433497	0.087181	-0.983999	-0.155388	0.449437	-0.100355	0.887657
16604	3.482502	-1.511307	7.072462	0.125488	-0.511120	-0.109693	-0.886829	-0.146627	0.438218	0.086729	-0.984285	-0.153824	0.453886	-0.098410	0.885609
16605	5.085480	-0.036317	11.000468	0.239906	-0.147209	-0.159399	-0.886293	-0.145178	0.439782	0.086361	-0.984749	-0.151037	0.455002	-0.095883	0.885313
16606	6.877645	-1.689295	9.877345	0.009780	-0.224490	-0.081154	-0.885334	-0.144568	0.441910	0.085642	-0.984875	-0.150619	0.457001	-0.095502	0.884324
16607	3.665678	-2.824194	8.920578	0.080832	-0.176956	-0.102874	-0.884606	-0.143701	0.443647	0.085056	-0.985099	-0.149484	0.458517	-0.094500	0.883647
16608	5.898199	-1.282289	10.447385	0.089805	-0.264835	-0.117651	-0.883483	-0.142764	0.446180	0.084384	-0.985352	-0.148194	0.460801	-0.093277	0.882588
16609	5.343721	-0.894525	8.563165	-0.072491	-0.114416	-0.070135	-0.883008	-0.142158	0.447312	0.083384	-0.985382	-0.148556	0.461892	-0.093878	0.881954
16610	4.538034	-0.590119	9.429241	-0.032702	-0.146972	-0.049504	-0.882364	-0.141783	0.448700	0.082751	-0.985422	-0.148649	0.463235	-0.094032	0.881233
16611	4.799331	-0.788054	8.951015	-0.054753	-0.056683	-0.014931	-0.882108	-0.141666	0.449240	0.082320	-0.985390	-0.149100	0.463799	-0.094541	0.880882
16612	4.306983	-0.869735	9.378783	-0.085426	-0.125260	0.006844	-0.881515	-0.141827	0.450352	0.081939	-0.985299	-0.149909	0.464992	-0.095246	0.880176
16613	4.502103	-1.076842	9.178192	-0.117249	-0.125389	0.015813	-0.880912	-0.142080	0.451450	0.081486	-0.985162	-0.151046	0.466212	-0.096272	0.879419
16614	4.532033	-1.225298	9.291819	-0.148178	-0.169757	0.030867	-0.880089	-0.142523	0.452914	0.081021	-0.984975	-0.152514	0.467846	-0.097531	0.878412
16615	4.786319	-1.306137	9.069035	-0.172384	-0.187249	0.038110	-0.879174	-0.143060	0.454518	0.080502	-0.984749	-0.154235	0.469651	-0.099010	0.877283
16616	4.802485	-1.418341	9.031728	-0.183816	-0.161450	0.049669	-0.878369	-0.143684	0.455875	0.080029	-0.984494	-0.156098	0.471236	-0.100629	0.876248
16617	4.711840	-1.907118	8.883070	-0.190482	-0.170351	0.055438	-0.877515	-0.144380	0.457298	0.079570	-0.984219	-0.158054	0.472902	-0.102307	0.875156
16618	4.994656	-2.479304	8.949770	-0.172134	-0.160834	0.047204	-0.876710	-0.144985	0.458649	0.079124	-0.983973	-0.159801	0.474468	-0.103809	0.874131
16619	5.449307	-2.515490	8.414818	-0.089041	-0.090961	0.014401	-0.876260	-0.145199	0.459440	0.078781	-0.983858	-0.160679	0.475354	-0.104602	0.873554
16620	4.721470	-1.508660	9.189104	-0.077094	-0.054615	0.004647	-0.875991	-0.145277	0.459929	0.078410	-0.983769	-0.161400	0.475911	-0.105322	0.873164
16621	4.843030	-1.643018	8.925440	-0.080140	-0.033267	0.002749	-0.875824	-0.145316	0.460233	0.078006	-0.983679	-0.162146	0.476284	-0.106110	0.872865
16622	4.636594	-1.717787	8.975306	-0.075159	-0.036701	0.004520	-0.875640	-0.145375	0.460566	0.077642	-0.983591	-0.162848	0.476682	-0.106837	0.872559
16623	4.748508	-1.925674	8.973914	-0.034921	-0.035375	-0.010782	-0.875474	-0.145284	0.460910	0.077335	-0.983568	-0.163137	0.477038	-0.107178	0.872323
16624	4.854949	-2.209773	8.812690	0.000143	-0.039374	-0.029065	-0.875302	-0.145015	0.461321	0.077036	-0.983609	-0.163028	0.477401	-0.107160	0.872127
16625	4.787564	-1.903259	8.989116	0.024206	-0.014706	-0.039752	-0.875256	-0.144617	0.461532	0.076757	-0.983691	-0.162667	0.477530	-0.106950	0.872082
16626	4.736129	-1.898517	8.986698	0.034382	-0.037174	-0.044059	-0.875106	-0.144198	0.461948	0.076491	-0.983790	-0.162190	0.477847	-0.106599	0.871951
16627	4.717471	-1.755360	9.036190	0.038993	-0.045010	-0.050647	-0.874924	-0.143725	0.462441	0.076187	-0.983903	-0.161650	0.478230	-0.106199	0.871790
16628	4.790586	-1.678296	8.966317	0.037371	-0.055122	-0.050609	-0.874692	-0.143260	0.463022	0.075878	-0.984014	-0.161115	0.478702	-0.105793	0.871580
16629	4.863795	-1.577848	8.902873	0.040472	-0.055856	-0.044700	-0.874453	-0.142857	0.463599	0.075635	-0.984119	-0.160590	0.479178	-0.105364	0.871370
16630	4.667121	-1.522040	9.069068	0.018896	-0.041013	-0.036737	-0.874278	-0.142513	0.464035	0.075359	-0.984191	-0.160280	0.479541	-0.105160	0.871196
16631	4.838169	-1.488387	8.967390	0.015987	-0.041824	-0.031746	-0.874095	-0.142222	0.464469	0.075112	-0.984251	-0.160028	0.479913	-0.104992	0.871011
16632	4.886790	-1.456559	8.952388	0.006240	-0.051515	-0.020917	-0.873857	-0.142045	0.464970	0.074913	-0.984286	-0.159902	0.480377	-0.104899	0.870766
16633	4.858029	-1.608606	8.950634	-0.007709	-0.029298	-0.015819	-0.873722	-0.141898	0.465269	0.074692	-0.984299	-0.159929	0.480658	-0.104982	0.870602
16634	4.861742	-1.678443	8.928675	0.000599	-0.033130	-0.018197	-0.873570	-0.141728	0.465606	0.074490	-0.984324	-0.159865	0.480965	-0.104970	0.870433
16635	4.758557	-1.802049	8.831100	0.019891	-0.029996	-0.027608	-0.873440	-0.141465	0.465930	0.074298	-0.984382	-0.159597	0.481231	-0.104780	0.870309
16636	4.900063	-1.340240	8.921336	0.036854	-0.020124	-0.029976	-0.873359	-0.141166	0.466172	0.074168	-0.984463	-0.159162	0.481397	-0.104430	0.870259
16637	4.846034	-1.375626	8.965031	0.014390	-0.012202	-0.012720	-0.873303	-0.141031	0.466317	0.074080	-0.984494	-0.159011	0.481512	-0.104320	0.870209
16638	4.692602	-1.575190	9.038807	0.002768	-0.009840	-0.008694	-0.873256	-0.140930	0.466436	0.073972	-0.984508	-0.158972	0.481614	-0.104320	0.870153
16639	4.729342	-1.835754	8.974784	-0.003585	-0.025585	-0.009498	-0.873134	-0.140841	0.466692	0.073825	-0.984516	-0.158992	0.481859	-0.104368	0.870011
16640	4.865152	-1.816798	8.913811	0.000445	-0.040030	-0.016887	-0.872947	-0.140691	0.467087	0.073635	-0.984539	-0.158935	0.482226	-0.104348	0.869810
16641	4.889615	-1.695048	8.936150	0.009137	-0.031024	-0.023135	-0.872808	-0.140473	0.467412	0.073430	-0.984579	-0.158781	0.482509	-0.104263	0.869664
16642	4.861739	-1.674837	8.870990	0.011027	-0.032782	-0.026035	-0.872662	-0.140225	0.467758	0.073211	-0.984627	-0.158589	0.482805	-0.104149	0.869513
16643	4.575034	-1.369806	9.041273	0.002436	-0.016145	-0.019555	-0.872592	-0.140027	0.467948	0.073005	-0.984655	-0.158510	0.482962	-0.104152	0.869425
16644	4.266229	-1.642943	8.918410	-0.019459	-0.067026	-0.020706	-0.872277	-0.139867	0.468582	0.072685	-0.984663	-0.158607	0.483579	-0.104290	0.869065
16645	4.021081	-1.836839	9.124369	-0.076392	-0.158797	-0.042116	-0.871532	-0.139596	0.470047	0.071902	-0.984640	-0.159107	0.485038	-0.104869	0.868183
16646	4.391461	-1.901436	8.980779	-0.094292	-0.206700	-0.063849	-0.870567	-0.139160	0.471961	0.070842	-0.984629	-0.159649	0.486923	-0.105551	0.867044
16647	4.564244	-1.813685	9.089494	-0.104492	-0.269134	-0.083798	-0.869306	-0.138598	0.474445	0.069556	-0.984632	-0.160191	0.489356	-0.106255	0.865587
16648	5.145986	-2.012307	8.628752	-0.080173	-0.287925	-0.095344	-0.867952	-0.137940	0.477107	0.068289	-0.984678	-0.160456	0.491930	-0.106687	0.864073
16649	5.020642	-1.659410	8.876154	-0.065931	-0.195920	-0.094459	-0.867044	-0.137197	0.478969	0.067098	-0.984735	-0.160607	0.493692	-0.107115	0.863015
16650	5.151867	-1.759925	8.779392	-0.034608	-0.223237	-0.098834	-0.865999	-0.136438	0.481072	0.066025	-0.984832	-0.160456	0.495668	-0.107192	0.861872
16651	5.211038	-1.485447	8.883287	-0.023698	-0.171468	-0.090612	-0.865201	-0.135707	0.482713	0.065076	-0.984928	-0.160256	0.497185	-0.107241	0.860991
16652	5.043479	-1.651487	8.834705	-0.021195	-0.162872	-0.087733	-0.864440	-0.134992	0.484274	0.064166	-0.985023	-0.160039	0.498625	-0.107270	0.860155
16653	5.099485	-1.415771	8.986116	-0.021646	-0.164823	-0.082318	-0.863662	-0.134336	0.485841	0.063300	-0.985108	-0.159859	0.500081	-0.107310	0.859304
16654	5.354832	-1.354354	8.870918	-0.030425	-0.148562	-0.065638	-0.862953	-0.133824	0.487241	0.062535	-0.985163	-0.159825	0.501400	-0.107452	0.858517
16655	5.106196	-1.426046	8.921313	-0.045154	-0.124573	-0.049804	-0.862351	-0.133445	0.488408	0.061832	-0.985178	-0.160002	0.502521	-0.107779	0.857821
16656	5.185607	-1.581733	8.834543	-0.048945	-0.126127	-0.040182	-0.861735	-0.133160	0.489573	0.061193	-0.985178	-0.160249	0.503655	-0.108134	0.857110
16657	5.218571	-1.565185	8.764775	-0.046152	-0.114976	-0.031402	-0.861167	-0.132953	0.490627	0.060643	-0.985167	-0.160523	0.504692	-0.108484	0.856456
16658	4.988546	-1.604775	8.702553	-0.040463	-0.095135	-0.027654	-0.860696	-0.132758	0.491505	0.060155	-0.985159	-0.160758	0.505552	-0.108798	0.855909
16659	4.639978	-1.763974	8.867525	-0.037288	-0.119068	-0.031855	-0.860106	-0.132552	0.492593	0.059645	-0.985158	-0.160953	0.506617	-0.109056	0.855246
16660	4.796433	-1.883935	8.835806	-0.041439	-0.158909	-0.044465	-0.859319	-0.132262	0.494042	0.059006	-0.985171	-0.161111	0.508025	-0.109295	0.854380
16661	4.658793	-1.799764	9.047207	-0.037108	-0.176182	-0.055844	-0.858448	-0.131883	0.495655	0.058291	-0.985201	-0.161184	0.509577	-0.109476	0.853432
16662	4.800290	-1.991818	9.001826	-0.035135	-0.215926	-0.067679	-0.857378	-0.131427	0.497625	0.057484	-0.985251	-0.161171	0.511467	-0.109579	0.852287
16663	4.607949	-2.094437	9.074748	-0.007496	-0.277625	-0.098972	-0.856004	-0.130734	0.500166	0.056551	-0.985370	-0.160773	0.513867	-0.109338	0.850873
16664	4.660298	-2.101494	9.102305	0.015461	-0.334117	-0.105998	-0.854334	-0.130028	0.503195	0.055678	-0.985524	-0.160134	0.516733	-0.108791	0.849206
16665	4.384825	-1.403252	9.571732	-0.000621	-0.386626	-0.152361	-0.852407	-0.128925	0.506736	0.054328	-0.985718	-0.159401	0.520049	-0.108345	0.847237
16666	4.777185	-1.472320	9.223365	0.011135	-0.566182	-0.136375	-0.849514	-0.128166	0.511760	0.053179	-0.985904	-0.158636	0.524878	-0.107549	0.844355
16667	4.723576	-1.475788	9.311168	-0.009060	-0.534146	-0.133521	-0.846762	-0.127401	0.516492	0.051952	-0.986062	-0.158057	0.529430	-0.107004	0.841578
16668	4.797824	-1.116366	9.376657	-0.007343	-0.656017	-0.110076	-0.843319	-0.126990	0.522194	0.050936	-0.986193	-0.157570	0.534994	-0.106283	0.838144
16669	5.064992	-1.265170	9.095011	-0.011418	-0.716199	-0.088601	-0.839503	-0.126854	0.528339	0.050082	-0.986291	-0.157230	0.541042	-0.105535	0.834348
16670	4.964185	-1.407631	9.113489	0.005692	-0.766698	-0.058809	-0.835352	-0.127054	0.534831	0.049573	-0.986371	-0.156892	0.547476	-0.104547	0.830265
16671	4.917635	-1.790365	9.090060	0.048826	-0.855343	-0.062913	-0.830662	-0.127300	0.542028	0.049271	-0.986499	-0.156179	0.554592	-0.103025	0.825720
16672	4.875509	-2.169519	9.155706	0.105925	-0.962097	-0.096191	-0.825327	-0.127306	0.550116	0.049019	-0.986729	-0.154803	0.562523	-0.100797	0.820615
16673	4.689347	-2.788264	9.364045	0.164231	-1.089712	-0.168196	-0.819224	-0.126707	0.559301	0.048520	-0.987103	-0.152555	0.571418	-0.097840	0.814806
16674	4.749339	-2.923446	9.361485	0.291066	-1.287677	-0.272198	-0.811922	-0.125225	0.570177	0.047931	-0.987724	-0.148677	0.581796	-0.093385	0.807956
16675	4.932092	-2.724285	9.138651	0.413352	-1.461561	-0.389299	-0.803511	-0.122680	0.582512	0.047168	-0.988578	-0.143138	0.593419	-0.087537	0.800120
16676	5.112132	-2.245799	8.960051	0.521823	-1.622160	-0.503629	-0.794007	-0.119036	0.596140	0.046226	-0.989625	-0.136036	0.606148	-0.080456	0.791272
16677	5.147459	-2.244589	8.800443	0.612624	-1.787241	-0.612935	-0.783322	-0.114312	0.611014	0.045101	-0.990807	-0.127546	0.619977	-0.072353	0.781277
16678	5.136784	-2.154548	8.918432	0.755245	-1.977932	-0.735901	-0.771229	-0.108325	0.627273	0.044071	-0.992136	-0.117149	0.635030	-0.062704	0.769938
16679	4.647617	-2.216899	9.378393	0.837357	-2.240528	-0.924303	-0.757204	-0.100415	0.645414	0.042347	-0.993581	-0.104901	0.651804	-0.052100	0.756596
16680	4.916450	-2.899490	9.417196	0.948410	-2.586272	-1.140681	-0.740559	-0.090239	0.665904	0.040027	-0.995107	-0.090336	0.670798	-0.040245	0.740548
16681	5.634446	-2.867711	10.349754	0.989681	-2.878871	-1.378843	-0.721470	-0.077471	0.688099	0.036640	-0.996601	-0.073787	0.691476	-0.028023	0.721856
16682	6.471701	-4.007925	10.042899	0.978823	-3.036513	-1.649985	-0.700701	-0.061658	0.710786	0.031729	-0.997966	-0.055292	0.712749	-0.016191	0.701232
16683	8.892311	-3.487927	10.625586	1.038338	-3.165298	-1.838050	-0.678325	-0.043609	0.733467	0.026519	-0.999040	-0.034874	0.734284	-0.004205	0.678830
16684	9.290865	-3.694542	10.286427	0.854452	-3.090509	-2.013259	-0.655763	-0.023442	0.754603	0.019399	-0.999711	-0.014198	0.754717	0.005328	0.656028
16685	10.281277	-4.796458	10.109653	0.750990	-3.121305	-2.162477	-0.632214	-0.001514	0.774792	0.011167	-0.999912	0.007158	0.774713	0.013177	0.632175
16686	10.293452	-4.080976	9.811718	0.910724	-3.084873	-2.352692	-0.608179	0.022578	0.793479	0.003665	-0.999505	0.031250	0.793791	0.021914	0.607795
16687	10.289610	-4.253718	9.551291	0.935027	-2.980841	-2.506874	-0.584239	0.048413	0.810136	-0.003826	-0.998372	0.056903	0.811572	0.030145	0.583474
16688	10.243342	-5.410905	9.636729	1.035808	-2.871595	-2.603630	-0.560496	0.075401	0.824717	-0.010289	-0.996404	0.084105	0.828093	0.038655	0.559256
16689	7.918326	-6.104245	8.629340	1.287536	-2.625928	-2.756221	-0.538204	0.103989	0.836375	-0.014724	-0.993368	0.114033	0.842686	0.049058	0.536166
16690	6.849975	-5.540412	7.553079	1.684121	-2.503233	-2.942914	-0.516471	0.134589	0.845662	-0.015990	-0.988915	0.147622	0.856155	0.062720	0.512898
16691	2.840031	-5.012091	5.197672	2.224818	-2.534863	-3.224311	-0.494122	0.168203	0.852966	-0.013138	-0.982438	0.186124	0.869293	0.080762	0.487654
16692	2.523499	-2.966864	8.162539	2.959647	-2.499713	-3.433664	-0.471926	0.204138	0.857679	-0.003862	-0.973294	0.229530	0.881630	0.105009	0.460111
16693	15.598308	1.272040	17.266730	2.682066	-1.955386	-2.728251	-0.454638	0.232843	0.859703	0.007217	-0.964230	0.264970	0.890647	0.126670	0.436695
16694	10.165632	-0.480566	18.808004	0.965228	-0.024179	-1.668507	-0.454536	0.248948	0.855232	0.008177	-0.958942	0.283483	0.890691	0.135847	0.433838
16695	5.706473	-2.347419	14.933691	-0.153095	0.891989	-0.761830	-0.462508	0.255034	0.849143	0.003275	-0.957238	0.289284	0.886609	0.136577	0.441895
16696	1.448496	-5.339469	10.803676	-0.739263	1.495417	-0.024736	-0.475699	0.253283	0.842353	-0.003422	-0.958171	0.286175	0.879601	0.133251	0.456668
16697	-1.076596	-6.664832	7.472466	-0.758351	1.631402	0.408109	-0.490014	0.247219	0.835924	-0.008140	-0.960198	0.279201	0.871676	0.130008	0.472523
16698	-1.572043	-6.413455	5.832556	-0.466363	1.531645	0.644438	-0.503347	0.239067	0.830354	-0.009038	-0.962369	0.271597	0.864037	0.129203	0.486566
16699	-0.697546	-5.147490	6.041384	-0.190476	1.438541	0.804392	-0.515796	0.229443	0.825415	-0.006625	-0.964509	0.263967	0.856686	0.130685	0.499010
16700	0.847091	-3.910756	7.097602	-0.080563	1.439036	0.974141	-0.528099	0.218167	0.820679	-0.002279	-0.966795	0.255543	0.849180	0.133081	0.511061
16701	2.845732	-2.816085	8.506405	-0.160352	1.599406	1.171160	-0.541622	0.204677	0.815323	0.002584	-0.969495	0.245097	0.840618	0.134857	0.524571
16702	4.615379	-1.920925	9.509155	-0.369163	1.919191	1.384738	-0.557574	0.188669	0.808403	0.007059	-0.972717	0.231886	0.830097	0.135000	0.541030
16703	5.780218	-1.246558	9.761529	-0.647171	2.311825	1.606447	-0.576485	0.169906	0.799248	0.010795	-0.976474	0.215366	0.817036	0.132783	0.561089
16704	6.129927	-0.854989	9.067532	-0.897666	2.696417	1.785703	-0.598072	0.148941	0.787481	0.013966	-0.980494	0.196053	0.801321	0.128252	0.584325
16705	5.770634	-0.543671	7.897978	-1.065734	2.959643	1.904799	-0.621245	0.126512	0.773337	0.017093	-0.984459	0.174781	0.783430	0.121800	0.609428
16706	5.299259	-0.094152	6.934965	-1.169115	3.061693	1.953761	-0.644562	0.103663	0.757492	0.020360	-0.988087	0.152545	0.764281	0.113747	0.634773
16707	5.342754	0.525280	6.496991	-1.256912	3.031394	1.934857	-0.667026	0.081198	0.740596	0.023527	-0.991252	0.129869	0.744663	0.104050	0.659281
16708	6.072421	1.183357	6.597541	-1.367674	2.951857	1.858978	-0.688248	0.059871	0.723001	0.026023	-0.993910	0.107077	0.725009	0.092510	0.682498
16709	6.991987	1.263571	6.715835	-1.513448	2.918721	1.768242	-0.708660	0.039762	0.704429	0.027515	-0.996094	0.083905	0.705013	0.078843	0.704798
16710	7.198554	0.513672	6.770215	-1.589139	2.875945	1.667808	-0.728170	0.021110	0.685071	0.028404	-0.997738	0.060935	0.684808	0.063829	0.725923
16711	7.291494	-0.253016	7.158437	-1.559293	2.800683	1.614800	-0.746612	0.003402	0.665251	0.029756	-0.998815	0.038503	0.664594	0.048542	0.745626
16712	7.714145	-0.377355	7.857967	-1.507197	2.718695	1.675996	-0.763877	-0.014428	0.645200	0.032499	-0.999342	0.016129	0.644543	0.033289	0.763843
16713	8.215904	-0.113559	8.729353	-1.498766	2.680725	1.858232	-0.780250	-0.033693	0.624560	0.037305	-0.999277	-0.007305	0.624355	0.017600	0.780943
16714	8.886620	-0.227592	9.398817	-1.496925	2.679216	2.128851	-0.795821	-0.055187	0.603011	0.044840	-0.998475	-0.032203	0.603869	0.001411	0.797082
16715	9.521727	-0.450323	10.048550	-1.404891	2.689949	2.427193	-0.810573	-0.079239	0.580253	0.055970	-0.996750	-0.057931	0.582958	-0.014480	0.812373
16716	10.725837	0.218340	10.565313	-1.236834	2.675665	2.701423	-0.824168	-0.105519	0.556428	0.070924	-0.993985	-0.083444	0.561886	-0.029308	0.826695
16717	12.615016	1.508659	10.472767	-1.089735	2.673444	2.959892	-0.836542	-0.133923	0.531284	0.089470	-0.990042	-0.108688	0.540549	-0.043388	0.840193
16718	14.048861	2.371516	9.244222	-0.950078	2.663778	3.185654	-0.847454	-0.164023	0.504895	0.111216	-0.984821	-0.133261	0.519089	-0.056780	0.852832
16719	14.670641	2.946687	7.449631	-0.717867	2.570722	3.321680	-0.856433	-0.195029	0.478003	0.135840	-0.978402	-0.155812	0.498067	-0.068511	0.864428
16720	14.234637	3.010810	5.583436	-0.373111	2.347767	3.286006	-0.862996	-0.225330	0.452178	0.162227	-0.971225	-0.174367	0.478457	-0.077123	0.874718
16721	13.509861	3.511214	4.297604	0.064522	1.981650	2.972019	-0.867104	-0.252524	0.429374	0.188214	-0.964169	-0.186958	0.461201	-0.081298	0.883563
16722	13.773778	5.482958	3.763004	0.348341	1.584937	2.386900	-0.869539	-0.274148	0.410786	0.210479	-0.958171	-0.193923	0.446767	-0.082161	0.890870
16723	14.133726	7.731556	3.674355	0.249719	1.293563	1.702374	-0.871528	-0.289346	0.395877	0.226370	-0.953578	-0.198611	0.434967	-0.083481	0.896568
16724	14.352632	9.434762	3.688019	-0.154326	1.013305	1.084208	-0.873390	-0.298773	0.384610	0.235122	-0.950261	-0.204258	0.426507	-0.087966	0.900196
16725	14.958055	9.120559	2.865532	-0.666976	0.760799	0.577386	-0.875254	-0.303542	0.376552	0.237310	-0.947904	-0.212514	0.421442	-0.096644	0.901691
16726	12.947059	2.258984	2.475168	-1.073199	0.443570	0.152426	-0.876761	-0.304507	0.372244	0.234086	-0.946345	-0.222787	0.420112	-0.108194	0.901000
16727	13.315885	2.692428	-7.300041	1.347871	-0.971426	-1.018976	-0.875024	-0.295804	0.383188	0.230824	-0.950755	-0.206844	0.425503	-0.092545	0.900213
16728	11.696975	6.442169	-0.376240	1.139305	-1.018900	-1.091753	-0.873150	-0.286249	0.394552	0.226122	-0.954913	-0.192381	0.431831	-0.078760	0.898509
16729	13.600085	6.782796	1.635157	1.195146	-1.596036	-0.800118	-0.867970	-0.279708	0.410355	0.224343	-0.958025	-0.178489	0.443055	-0.062863	0.894288
16730	9.133561	8.363423	11.285493	0.998532	-1.397248	-0.526613	-0.862890	-0.275417	0.423753	0.224216	-0.960053	-0.167411	0.452933	-0.049445	0.890172
16731	7.487904	5.845871	16.700558	0.255857	-0.957056	-0.243212	-0.859061	-0.273509	0.432674	0.223247	-0.960844	-0.164133	0.460624	-0.044407	0.886484
16732	12.647688	-7.447508	16.013255	0.366162	-1.233583	-0.613978	-0.854677	-0.268083	0.444589	0.219647	-0.962662	-0.158230	0.470407	-0.037583	0.881649
16733	11.873061	2.743828	12.857370	0.346817	0.308487	-0.497912	-0.857208	-0.263152	0.442657	0.216966	-0.964115	-0.152994	0.467033	-0.035106	0.883543
16734	-1.167125	-7.598062	5.138230	-0.143256	-0.763965	-0.149199	-0.853934	-0.261953	0.449641	0.214971	-0.964463	-0.153618	0.473903	-0.034520	0.879900
16735	8.169233	-1.337131	11.107802	0.559923	-0.670734	-0.388737	-0.851573	-0.258387	0.456136	0.214278	-0.965652	-0.146971	0.478445	-0.027417	0.877690
16736	8.617455	1.777736	13.656423	-0.047777	-0.596133	-0.171298	-0.849068	-0.256867	0.461630	0.212547	-0.966087	-0.146630	0.483639	-0.026381	0.874870
16737	7.778638	-2.619669	7.489684	-0.253883	-0.354371	-0.017272	-0.847382	-0.256773	0.464770	0.211123	-0.966067	-0.148801	0.487207	-0.027968	0.872839
16738	6.078313	-0.846766	9.620168	-0.062581	0.051293	0.017565	-0.847593	-0.256902	0.464315	0.210922	-0.966010	-0.149455	0.486928	-0.028742	0.872969
16739	3.852237	-0.923966	9.366183	-0.073517	-0.043190	0.039236	-0.847297	-0.257269	0.464652	0.210850	-0.965893	-0.150311	0.487474	-0.029386	0.872643
16740	4.827056	-1.934689	8.814545	-0.091069	-0.143441	0.044992	-0.846499	-0.257720	0.465854	0.210742	-0.965756	-0.151340	0.488904	-0.029935	0.871824
16741	4.647646	-1.109700	9.004097	-0.073756	-0.103048	0.036881	-0.845914	-0.258084	0.466714	0.210647	-0.965643	-0.152188	0.489956	-0.030426	0.871216
16742	4.779508	-0.443582	9.174542	-0.118187	-0.115431	0.050971	-0.845238	-0.258586	0.467660	0.210453	-0.965481	-0.153480	0.491205	-0.031307	0.870481
16743	5.692950	-1.762275	8.784459	-0.110538	-0.108422	0.045619	-0.844606	-0.259037	0.468552	0.210249	-0.965333	-0.154688	0.492378	-0.032138	0.869788
16744	4.937809	-1.491325	8.935665	-0.093775	-0.003556	0.048548	-0.844484	-0.259480	0.468526	0.210152	-0.965182	-0.155756	0.492629	-0.033072	0.869611
16745	4.956447	-1.246913	9.021384	-0.093409	-0.006608	0.064817	-0.844312	-0.260084	0.468501	0.210193	-0.964987	-0.156904	0.492906	-0.034000	0.869418
16746	5.079917	-1.878772	8.794367	-0.087366	0.014712	0.080457	-0.844213	-0.260829	0.468265	0.210396	-0.964753	-0.158066	0.492989	-0.034920	0.869335
16747	4.963452	-1.809968	8.841185	-0.051572	0.058336	0.077574	-0.844334	-0.261533	0.467654	0.210751	-0.964537	-0.158909	0.492630	-0.035614	0.869510
16748	4.723795	-1.729442	9.032508	-0.036011	0.064073	0.071418	-0.844496	-0.262173	0.467002	0.211132	-0.964343	-0.159581	0.492188	-0.036167	0.869737
16749	4.664318	-1.717032	9.092476	-0.036233	0.046934	0.074996	-0.844566	-0.262855	0.466493	0.211540	-0.964138	-0.160278	0.491893	-0.036684	0.869882
16750	4.690438	-1.932027	8.994497	-0.028139	0.012937	0.068006	-0.844483	-0.263480	0.466290	0.211931	-0.963954	-0.160866	0.491867	-0.037027	0.869883
16751	4.665596	-2.126800	8.953303	-0.025167	-0.003089	0.052055	-0.844355	-0.263959	0.466252	0.212201	-0.963812	-0.161360	0.491971	-0.037306	0.869812
16752	4.663815	-2.243020	8.894621	-0.007551	-0.032344	0.021207	-0.844148	-0.264150	0.466518	0.212298	-0.963759	-0.161550	0.492284	-0.037331	0.869634
16753	4.959186	-2.112744	8.819192	0.001516	-0.043681	-0.007808	-0.843947	-0.264067	0.466929	0.212193	-0.963785	-0.161532	0.492675	-0.037246	0.869416
16754	4.850706	-1.765430	8.909336	0.008148	-0.019937	-0.022045	-0.843893	-0.263836	0.467157	0.212002	-0.963852	-0.161384	0.492849	-0.037152	0.869321
16755	4.659273	-1.635459	9.006843	0.002291	-0.025945	-0.025906	-0.843817	-0.263572	0.467443	0.211749	-0.963926	-0.161276	0.493088	-0.037107	0.869188
16756	4.801374	-1.399631	9.004208	-0.001502	-0.028897	-0.018723	-0.843711	-0.263377	0.467744	0.211538	-0.963980	-0.161227	0.493359	-0.037083	0.869035
16757	4.648685	-1.586630	9.024835	-0.011980	-0.029149	-0.004141	-0.843573	-0.263324	0.468022	0.211398	-0.963991	-0.161344	0.493655	-0.037166	0.868863
16758	4.829179	-1.769731	8.833889	-0.015659	-0.049591	-0.009106	-0.843345	-0.263229	0.468487	0.211199	-0.964015	-0.161463	0.494130	-0.037225	0.868591
16759	4.954446	-1.588069	8.852028	-0.003922	-0.031600	-0.014049	-0.843215	-0.263082	0.468802	0.211015	-0.964055	-0.161463	0.494429	-0.037224	0.868420
16760	4.934466	-1.497873	8.913743	0.000761	-0.016792	-0.008872	-0.843149	-0.262976	0.468982	0.210899	-0.964084	-0.161440	0.494593	-0.037211	0.868328
16761	4.800384	-1.607941	8.919069	-0.000408	0.004222	-0.007202	-0.843182	-0.262882	0.468975	0.210790	-0.964108	-0.161442	0.494583	-0.037270	0.868331
16762	4.685026	-1.830424	8.968265	-0.003547	-0.013502	-0.016419	-0.843147	-0.262703	0.469138	0.210589	-0.964155	-0.161422	0.494728	-0.037307	0.868247
16763	4.663905	-1.930100	8.978641	-0.007625	-0.029726	-0.028588	-0.843057	-0.262414	0.469461	0.210263	-0.964232	-0.161386	0.495019	-0.037347	0.868079
16764	4.615529	-2.000245	8.982145	-0.023521	-0.052702	-0.036668	-0.842870	-0.262055	0.469997	0.209793	-0.964325	-0.161443	0.495537	-0.037474	0.867778
16765	4.805849	-1.855079	8.903420	-0.015617	-0.085649	-0.052438	-0.842552	-0.261558	0.470843	0.209227	-0.964461	-0.161365	0.496316	-0.037445	0.867334
16766	4.897138	-1.624625	8.838962	-0.016419	-0.070974	-0.053837	-0.842310	-0.261039	0.471564	0.208647	-0.964601	-0.161278	0.496972	-0.037456	0.866958
16767	4.843430	-1.574856	8.877579	-0.010910	-0.058633	-0.046917	-0.842113	-0.260585	0.472167	0.208151	-0.964724	-0.161184	0.497513	-0.037453	0.866648
16768	4.880086	-1.502661	8.879284	-0.005322	-0.062639	-0.043094	-0.841888	-0.260167	0.472798	0.207717	-0.964840	-0.161052	0.498075	-0.037380	0.866328
16769	4.869405	-1.453420	8.897320	-0.003081	-0.050530	-0.033232	-0.841702	-0.259841	0.473308	0.207375	-0.964930	-0.160954	0.498531	-0.037323	0.866068
16770	4.676011	-1.727739	8.998109	-0.011574	-0.051965	-0.028122	-0.841498	-0.259564	0.473822	0.207036	-0.965004	-0.160946	0.499016	-0.037338	0.865788
16771	4.002737	-2.076351	9.002490	-0.043934	-0.077233	-0.040490	-0.841193	-0.259178	0.474574	0.206429	-0.965097	-0.161166	0.499781	-0.037606	0.865335
16772	3.898110	-2.249080	9.145801	-0.086777	-0.219065	-0.082295	-0.840263	-0.258441	0.476620	0.205258	-0.965283	-0.161550	0.501825	-0.037915	0.864138
16773	4.899484	-1.993366	8.675450	-0.090501	-0.305675	-0.113054	-0.838953	-0.257442	0.479460	0.203807	-0.965544	-0.161824	0.504600	-0.038045	0.862515
16774	5.258191	-1.593437	8.720287	-0.049248	-0.229472	-0.118966	-0.838031	-0.256355	0.481649	0.202515	-0.965837	-0.161701	0.506647	-0.037970	0.861317
16775	4.734067	-1.752946	8.819753	-0.052433	-0.218533	-0.116890	-0.837154	-0.255286	0.483737	0.201223	-0.966120	-0.161621	0.508608	-0.037962	0.860161
16776	5.257823	-1.220592	8.874484	-0.028087	-0.242758	-0.117699	-0.836150	-0.254214	0.486033	0.200050	-0.966415	-0.161316	0.510718	-0.037654	0.858923
16777	5.335110	-1.111216	8.920049	-0.036304	-0.189369	-0.095890	-0.835369	-0.253336	0.487831	0.199016	-0.966649	-0.161192	0.512397	-0.037569	0.857927
16778	5.244486	-1.553932	8.813061	-0.035514	-0.146983	-0.077533	-0.834766	-0.252615	0.489235	0.198141	-0.966837	-0.161143	0.513718	-0.037579	0.857136
16779	4.929615	-1.830385	8.752864	-0.032487	-0.139451	-0.076217	-0.834196	-0.251908	0.490571	0.197291	-0.967021	-0.161079	0.514969	-0.037586	0.856384
16780	4.973663	-1.882210	8.856183	-0.031275	-0.172527	-0.080513	-0.833461	-0.251168	0.492196	0.196413	-0.967217	-0.160975	0.516492	-0.037493	0.855471
16781	4.748934	-2.070288	8.804395	-0.038079	-0.169988	-0.090865	-0.832756	-0.250330	0.493814	0.195412	-0.967435	-0.160885	0.518007	-0.037481	0.854555
16782	4.675873	-1.937942	8.934275	-0.032437	-0.227773	-0.104818	-0.831775	-0.249374	0.495946	0.194325	-0.967690	-0.160667	0.519988	-0.037264	0.853360
16783	5.049167	-1.935379	8.855707	-0.024637	-0.247161	-0.113518	-0.830703	-0.248345	0.498254	0.193207	-0.967967	-0.160344	0.522114	-0.036932	0.852076
16784	4.767358	-2.043684	8.941685	-0.018345	-0.247752	-0.138594	-0.829670	-0.247068	0.500604	0.191914	-0.968309	-0.159832	0.524229	-0.036535	0.850793
16785	5.030601	-2.083742	8.905998	0.008723	-0.293628	-0.155234	-0.828421	-0.245648	0.503365	0.190626	-0.968699	-0.159010	0.526670	-0.035773	0.849317
16786	4.952827	-1.997306	9.054360	0.021938	-0.302745	-0.167406	-0.827137	-0.244107	0.506218	0.189310	-0.969122	-0.158002	0.529156	-0.034857	0.847808
16787	4.710058	-2.129476	9.145425	0.030031	-0.320525	-0.199527	-0.825809	-0.242260	0.509264	0.187774	-0.969621	-0.156766	0.531772	-0.033833	0.846212
16788	4.745804	-1.980021	8.967978	0.054703	-0.440630	-0.223476	-0.823872	-0.240212	0.513355	0.186176	-0.970184	-0.155185	0.535326	-0.032278	0.844029
16789	4.144853	-0.980935	9.824047	0.008765	-0.453854	-0.245953	-0.821885	-0.237947	0.517577	0.184152	-0.970778	-0.153874	0.539067	-0.031154	0.841687
16790	5.363493	-0.809776	9.177335	0.006542	-0.692805	-0.192055	-0.818479	-0.236266	0.523709	0.182566	-0.971241	-0.152842	0.544759	-0.029487	0.838074
16791	4.371333	-0.928175	9.552654	-0.025572	-0.639870	-0.163927	-0.815270	-0.234836	0.529327	0.181040	-0.971624	-0.152223	0.550054	-0.028274	0.834650
16792	5.189857	-0.813281	9.211854	-0.049078	-0.786839	-0.119077	-0.811127	-0.233870	0.536077	0.179753	-0.971894	-0.152020	0.556563	-0.026945	0.830368
