// General information: 
//  MT Manager version: 2022.2.0 
//  XDA version: 2022.2.0 build 7381 rev 124627 built on 2023-07-19
// Device information: 
//  DeviceId: 00B4CAF0
//  ProductCode: MTW2-3A7G6
//  Firmware Version: 4.6.0
//  Hardware Version: 2.0.0
// Device settings: 
//  Filter Profile: human(46.1)
//  Option Flags: Orientation Smoother Disabled, Position/Velocity Smoother Disabled, Continuous Zero Rotation Update Disabled, AHS Disabled, ICC Disabled
// Coordinate system: ENU
PacketCounter	Acc_X	Acc_Y	Acc_Z	Gyr_X	Gyr_Y	Gyr_Z	Mat[1][1]	Mat[2][1]	Mat[3][1]	Mat[1][2]	Mat[2][2]	Mat[3][2]	Mat[1][3]	Mat[2][3]	Mat[3][3]
35089	5.984341	0.690628	8.266591	0.005243	-0.004319	0.001454	-0.811028	-0.044241	0.583332	0.102801	-0.992398	0.067663	0.575904	0.114844	0.809410
35090	6.028719	0.663447	8.282593	0.004470	0.004219	0.002077	-0.811043	-0.044237	0.583312	0.102797	-0.992398	0.067668	0.575884	0.114844	0.809425
35091	5.984023	0.691169	8.266776	0.004470	0.004219	0.002077	-0.811058	-0.044226	0.583292	0.102783	-0.992399	0.067673	0.575865	0.114839	0.809439
35092	5.991623	0.678941	8.298131	0.006276	0.001843	0.003206	-0.811058	-0.044232	0.583291	0.102799	-0.992397	0.067686	0.575862	0.114858	0.809438
35093	6.007265	0.667047	8.270285	0.007591	0.006058	0.001963	-0.811084	-0.044230	0.583256	0.102811	-0.992393	0.067716	0.575824	0.114888	0.809461
35094	5.987529	0.701979	8.308393	0.006548	0.008219	0.002895	-0.811121	-0.044239	0.583203	0.102826	-0.992391	0.067732	0.575769	0.114907	0.809498
35095	5.949046	0.685157	8.273339	0.000165	0.005514	0.004618	-0.811141	-0.044259	0.583173	0.102813	-0.992395	0.067687	0.575743	0.114862	0.809523
35096	5.981911	0.692489	8.268193	0.007592	0.006057	0.001963	-0.811167	-0.044257	0.583138	0.102826	-0.992392	0.067718	0.575704	0.114892	0.809546
35097	5.968827	0.682878	8.286754	0.001350	0.002379	0.002189	-0.811171	-0.044255	0.583133	0.102807	-0.992395	0.067696	0.575702	0.114863	0.809551
35098	5.984476	0.670649	8.258941	0.003568	0.005406	0.001510	-0.811193	-0.044247	0.583102	0.102793	-0.992396	0.067697	0.575673	0.114854	0.809574
35099	5.988722	0.680455	8.300101	0.002840	0.003785	0.002881	-0.811205	-0.044233	0.583087	0.102764	-0.992400	0.067684	0.575662	0.114826	0.809586
35100	6.001175	0.690434	8.281968	0.005234	0.004003	0.004138	-0.811217	-0.044250	0.583069	0.102781	-0.992399	0.067683	0.575642	0.114834	0.809598
35101	5.956425	0.718060	8.266173	0.003428	0.006379	0.003007	-0.811241	-0.044276	0.583033	0.102798	-0.992398	0.067672	0.575604	0.114833	0.809625
35102	6.012983	0.700483	8.264300	0.003288	0.007353	0.004503	-0.811272	-0.044300	0.582988	0.102807	-0.992398	0.067653	0.575559	0.114820	0.809659
35103	5.986820	0.680854	8.301440	0.004017	0.008973	0.003132	-0.811312	-0.044323	0.582931	0.102820	-0.992397	0.067646	0.575501	0.114819	0.809701
35104	5.932322	0.676638	8.294415	0.007595	0.006056	0.001962	-0.811337	-0.044321	0.582896	0.102833	-0.992394	0.067677	0.575462	0.114850	0.809724
35105	5.903362	0.679414	8.340914	0.003155	0.000004	0.003319	-0.811327	-0.044322	0.582910	0.102828	-0.992395	0.067663	0.575478	0.114836	0.809714
35106	5.952967	0.674666	8.307190	0.008820	-0.007237	0.000287	-0.811278	-0.044288	0.582981	0.102834	-0.992391	0.067714	0.575546	0.114885	0.809659
35107	5.986916	0.682484	8.301237	0.007189	-0.007669	0.001092	-0.811226	-0.044251	0.583056	0.102825	-0.992390	0.067746	0.575621	0.114910	0.809603
35108	5.987453	0.683036	8.300805	0.007777	-0.005076	0.001217	-0.811189	-0.044228	0.583110	0.102832	-0.992387	0.067783	0.575672	0.114947	0.809561
35109	5.984658	0.705886	8.310130	0.009409	-0.004644	0.000412	-0.811154	-0.044210	0.583160	0.102856	-0.992380	0.067836	0.575717	0.115007	0.809520
35110	6.004036	0.671969	8.272232	0.007323	-0.000320	0.002273	-0.811143	-0.044203	0.583176	0.102870	-0.992377	0.067863	0.575731	0.115037	0.809506
35111	5.993068	0.707049	8.250609	0.004929	-0.000538	0.001017	-0.811131	-0.044175	0.583193	0.102849	-0.992378	0.067877	0.575750	0.115038	0.809493
35112	5.988288	0.685318	8.300014	0.010901	-0.003238	0.001103	-0.811105	-0.044153	0.583232	0.102874	-0.992371	0.067940	0.575783	0.115106	0.809459
35113	6.004222	0.673274	8.271990	0.001070	0.004328	0.005180	-0.811117	-0.044171	0.583214	0.102863	-0.992375	0.067899	0.575768	0.115065	0.809476
35114	5.967446	0.688591	8.287275	0.008921	0.001945	-0.001965	-0.811123	-0.044125	0.583209	0.102852	-0.992372	0.067963	0.575761	0.115111	0.809474
35115	6.000517	0.696331	8.281951	0.004474	0.004217	0.002072	-0.811139	-0.044118	0.583187	0.102842	-0.992373	0.067968	0.575741	0.115107	0.809489
35116	6.000075	0.696598	8.282249	0.005063	0.006811	0.002197	-0.811169	-0.044119	0.583146	0.102842	-0.992372	0.067977	0.575699	0.115113	0.809519
35117	6.015509	0.684434	8.254605	0.003431	0.006379	0.003002	-0.811196	-0.044137	0.583107	0.102851	-0.992372	0.067967	0.575659	0.115107	0.809547
35118	5.998963	0.697031	8.283018	0.006555	0.008216	0.002887	-0.811233	-0.044146	0.583054	0.102865	-0.992369	0.067984	0.575604	0.115126	0.809584
35119	5.998170	0.697247	8.283574	0.002215	0.011348	0.001995	-0.811289	-0.044146	0.582976	0.102841	-0.992373	0.067970	0.575529	0.115098	0.809641
35120	5.951307	0.680301	8.307919	0.002529	0.007567	0.002436	-0.811323	-0.044150	0.582929	0.102829	-0.992375	0.067957	0.575484	0.115077	0.809676
35121	5.939801	0.715071	8.286697	0.004334	0.005191	0.003567	-0.811341	-0.044152	0.582903	0.102823	-0.992376	0.067952	0.575459	0.115068	0.809696
35122	5.934474	0.693052	8.336506	0.003854	0.003456	-0.001486	-0.811356	-0.044112	0.582886	0.102786	-0.992378	0.067972	0.575445	0.115062	0.809706
35123	5.926662	0.705943	8.305246	0.006735	-0.002915	0.002150	-0.811329	-0.044090	0.582925	0.102782	-0.992377	0.067995	0.575484	0.115081	0.809676
35124	5.950927	0.681608	8.308084	0.008092	-0.008858	0.001662	-0.811269	-0.044068	0.583010	0.102796	-0.992373	0.068031	0.575565	0.115123	0.809612
35125	5.964406	0.691952	8.289184	0.007952	-0.007884	0.003157	-0.811213	-0.044070	0.583088	0.102830	-0.992368	0.068057	0.575639	0.115167	0.809553
35126	5.988914	0.667686	8.291839	0.008233	-0.009833	0.000165	-0.811149	-0.044031	0.583180	0.102831	-0.992365	0.068103	0.575728	0.115211	0.809483
35127	5.942241	0.717913	8.284702	0.007364	-0.010478	0.003032	-0.811078	-0.044019	0.583280	0.102849	-0.992361	0.068125	0.575825	0.115245	0.809409
35128	6.023933	0.675820	8.285075	0.006461	-0.009290	0.002465	-0.811015	-0.044004	0.583369	0.102860	-0.992359	0.068144	0.575912	0.115271	0.809344
35129	6.054852	0.705579	8.288652	0.006462	-0.009290	0.002465	-0.810951	-0.043996	0.583457	0.102878	-0.992356	0.068161	0.575998	0.115301	0.809279
35130	6.026930	0.721092	8.244158	0.005071	-0.001514	-0.000480	-0.810936	-0.043961	0.583481	0.102857	-0.992356	0.068186	0.576023	0.115309	0.809259
35131	5.996864	0.692035	8.239906	0.005553	0.000222	0.004572	-0.810924	-0.043986	0.583496	0.102888	-0.992353	0.068184	0.576035	0.115326	0.809249
35132	6.017292	0.689517	8.252883	0.002844	0.003786	0.002875	-0.810936	-0.043990	0.583479	0.102881	-0.992355	0.068171	0.576020	0.115311	0.809262
35133	5.996340	0.692382	8.240257	0.005206	0.005836	0.000697	-0.810960	-0.043983	0.583446	0.102879	-0.992354	0.068188	0.575986	0.115322	0.809284
35134	6.000323	0.702287	8.281589	0.001487	0.009730	0.003362	-0.811005	-0.043999	0.583382	0.102868	-0.992357	0.068161	0.575924	0.115290	0.809333
35135	5.983720	0.714692	8.310053	0.003434	0.006379	0.002998	-0.811032	-0.044008	0.583345	0.102866	-0.992358	0.068151	0.575887	0.115279	0.809361
35136	5.986498	0.692434	8.300715	0.001072	0.004330	0.005176	-0.811044	-0.044036	0.583325	0.102867	-0.992361	0.068110	0.575869	0.115245	0.809378
35137	5.965611	0.694855	8.288074	0.001072	0.004330	0.005175	-0.811056	-0.044065	0.583306	0.102870	-0.992363	0.068069	0.575852	0.115212	0.809395
35138	5.974900	0.726693	8.279583	0.001212	0.003355	0.003680	-0.811065	-0.044077	0.583294	0.102860	-0.992366	0.068038	0.575842	0.115181	0.809407
35139	6.001578	0.679384	8.273409	-0.000560	0.003899	0.005981	-0.811072	-0.044125	0.583279	0.102874	-0.992369	0.067977	0.575828	0.115139	0.809422
35140	5.988592	0.669337	8.291939	0.002115	0.002167	0.004246	-0.811074	-0.044141	0.583276	0.102873	-0.992371	0.067951	0.575827	0.115117	0.809427
35141	5.977334	0.704022	8.270529	0.004338	0.005191	0.003563	-0.811093	-0.044152	0.583249	0.102879	-0.992371	0.067945	0.575799	0.115114	0.809447
35142	5.997515	0.701369	8.283700	0.000310	0.004543	0.003113	-0.811109	-0.044159	0.583226	0.102859	-0.992375	0.067910	0.575780	0.115072	0.809466
35143	5.960603	0.716204	8.299094	0.000170	0.005518	0.004608	-0.811128	-0.044197	0.583197	0.102867	-0.992377	0.067864	0.575752	0.115038	0.809491
35144	5.980830	0.713133	8.312267	-0.002193	0.003469	0.006786	-0.811134	-0.044240	0.583185	0.102862	-0.992383	0.067787	0.575744	0.114972	0.809506
35145	6.004371	0.687571	8.315733	-0.003062	0.002825	0.009653	-0.811133	-0.044305	0.583181	0.102870	-0.992389	0.067686	0.575744	0.114894	0.809517
35146	6.009159	0.709345	8.266326	0.001213	0.003354	0.003679	-0.811142	-0.044316	0.583168	0.102860	-0.992392	0.067656	0.575734	0.114863	0.809529
35147	5.995890	0.699120	8.285067	-0.003546	0.009413	0.007271	-0.811181	-0.044356	0.583110	0.102834	-0.992401	0.067565	0.575682	0.114772	0.809579
35148	6.069415	0.700176	8.306162	-0.003997	0.014168	0.008322	-0.811247	-0.044427	0.583013	0.102832	-0.992408	0.067465	0.575589	0.114683	0.809657
35149	6.030252	0.682501	8.271683	-0.004167	0.016975	0.006382	-0.811332	-0.044492	0.582891	0.102826	-0.992415	0.067374	0.575472	0.114599	0.809753
35150	6.131085	0.668172	8.337718	-0.009545	0.030594	0.009083	-0.811491	-0.044588	0.582661	0.102798	-0.992428	0.067224	0.575252	0.114448	0.809930
35151	6.104068	0.704365	8.246835	-0.007991	0.061485	0.005977	-0.811833	-0.044685	0.582178	0.102748	-0.992441	0.067105	0.574779	0.114296	0.810287
35152	5.987445	0.703700	8.335775	-0.014819	0.063539	0.008738	-0.812182	-0.044815	0.581681	0.102687	-0.992460	0.066915	0.574296	0.114078	0.810660
35153	6.109153	0.688132	8.227288	-0.023998	0.080183	0.018998	-0.812611	-0.045089	0.581059	0.102683	-0.992483	0.066588	0.573689	0.113775	0.811133
35154	5.927638	0.649952	8.318117	-0.010431	0.077027	0.014938	-0.813031	-0.045296	0.580456	0.102698	-0.992494	0.066397	0.573092	0.113594	0.811580
35155	5.894497	0.694910	8.329033	-0.016945	0.075297	0.018128	-0.813435	-0.045539	0.579871	0.102708	-0.992511	0.066133	0.572516	0.113353	0.812020
35156	5.874615	0.651006	8.301031	-0.012768	0.066644	0.014415	-0.813795	-0.045728	0.579351	0.102706	-0.992525	0.065927	0.572005	0.113153	0.812408
35157	5.899743	0.678481	8.309117	-0.011110	0.056919	0.014374	-0.814098	-0.045905	0.578910	0.102710	-0.992537	0.065733	0.571573	0.112973	0.812737
35158	5.915819	0.673943	8.325406	-0.011535	0.051517	0.016183	-0.814369	-0.046095	0.578514	0.102729	-0.992549	0.065526	0.571183	0.112793	0.813036
35159	5.907190	0.662732	8.287638	-0.005740	0.053447	0.010910	-0.814654	-0.046242	0.578101	0.102746	-0.992556	0.065395	0.570773	0.112672	0.813340
35160	5.923644	0.658522	8.303651	-0.012571	0.045356	0.014428	-0.814891	-0.046408	0.577753	0.102746	-0.992569	0.065190	0.570435	0.112484	0.813604
35161	5.959813	0.619742	8.281875	-0.004227	0.044695	0.012366	-0.815126	-0.046543	0.577411	0.102765	-0.992575	0.065064	0.570096	0.112373	0.813857
35162	5.914217	0.611160	8.348897	-0.009127	0.043403	0.014756	-0.815351	-0.046709	0.577080	0.102787	-0.992585	0.064885	0.569770	0.112220	0.814106
35163	5.897043	0.666693	8.339299	-0.005870	0.035948	0.010499	-0.815537	-0.046806	0.576809	0.102769	-0.992595	0.064757	0.569507	0.112090	0.814308
35164	5.937027	0.606063	8.307454	-0.005406	0.039507	0.012107	-0.815742	-0.046941	0.576508	0.102790	-0.992602	0.064624	0.569209	0.111976	0.814532
35165	5.924960	0.604968	8.369086	-0.001526	0.042952	0.010627	-0.815967	-0.047054	0.576180	0.102807	-0.992606	0.064530	0.568884	0.111890	0.814771
35166	5.966726	0.687950	8.318178	-0.000035	0.046183	0.007881	-0.816215	-0.047155	0.575821	0.102824	-0.992608	0.064465	0.568525	0.111826	0.815030
35167	5.943233	0.623267	8.338207	-0.001485	0.051254	0.013264	-0.816483	-0.047318	0.575427	0.102881	-0.992610	0.064355	0.568129	0.111745	0.815317
35168	5.899296	0.659854	8.365548	0.002091	0.048331	0.012116	-0.816738	-0.047464	0.575053	0.102945	-0.992608	0.064283	0.567751	0.111701	0.815587
35169	5.847043	0.677076	8.310903	-0.002962	0.049845	0.012553	-0.817000	-0.047609	0.574669	0.102976	-0.992612	0.064166	0.567369	0.111601	0.815866
35170	5.826738	0.590221	8.321201	0.001498	0.047569	0.008547	-0.817254	-0.047718	0.574299	0.103008	-0.992612	0.064109	0.566997	0.111551	0.816132
35171	5.749888	0.620365	8.353064	0.006393	0.038713	0.006943	-0.817458	-0.047793	0.574001	0.103044	-0.992609	0.064102	0.566695	0.111548	0.816342
35172	5.806238	0.666523	8.454412	0.010222	0.021879	0.007050	-0.817568	-0.047859	0.573839	0.103113	-0.992600	0.064125	0.566524	0.111597	0.816454
35173	5.937415	0.663409	8.384767	0.009902	0.017348	0.003949	-0.817654	-0.047883	0.573715	0.103148	-0.992594	0.064162	0.566394	0.111640	0.816538
35174	5.828362	0.655422	8.369482	0.012293	0.017559	0.005218	-0.817741	-0.047926	0.573587	0.103213	-0.992584	0.064213	0.566256	0.111711	0.816624
35175	5.940209	0.588228	8.316824	0.007379	0.016274	0.007602	-0.817818	-0.047993	0.573473	0.103273	-0.992578	0.064209	0.566135	0.111735	0.816705
35176	5.932701	0.468080	8.347173	0.013642	0.025425	-0.002909	-0.817958	-0.047964	0.573275	0.103280	-0.992571	0.064317	0.565931	0.111816	0.816835
35177	5.945468	0.425647	8.270602	0.023514	0.038127	-0.008481	-0.818173	-0.047899	0.572974	0.103303	-0.992554	0.064536	0.565616	0.111992	0.817029
35178	6.063241	0.478871	8.321879	0.029366	0.050186	-0.014534	-0.818465	-0.047783	0.572566	0.103304	-0.992534	0.064840	0.565193	0.112217	0.817291
35179	5.890592	0.612670	8.339962	0.037617	0.062453	-0.019324	-0.818829	-0.047642	0.572057	0.103323	-0.992506	0.065236	0.564662	0.112524	0.817616
35180	5.805311	0.593315	8.371477	0.040313	0.062543	-0.024487	-0.819201	-0.047441	0.571541	0.103303	-0.992479	0.065686	0.564126	0.112852	0.817940
35181	5.852432	0.735947	8.322250	0.043294	0.057029	-0.025747	-0.819541	-0.047214	0.571072	0.103281	-0.992449	0.066166	0.563636	0.113207	0.818229
35182	5.631634	0.742998	8.432766	0.044020	0.046675	-0.022882	-0.819821	-0.047011	0.570687	0.103295	-0.992416	0.066637	0.563226	0.113580	0.818459
35183	5.647825	0.910553	8.437422	0.046199	0.027594	-0.018499	-0.819988	-0.046828	0.570461	0.103355	-0.992379	0.067100	0.562971	0.113981	0.818579
35184	5.806639	0.895847	8.412716	0.025259	0.012642	-0.018697	-0.820072	-0.046629	0.570357	0.103297	-0.992365	0.067394	0.562860	0.114184	0.818627
35185	5.926575	0.720518	8.371505	0.035095	0.007901	-0.009701	-0.820118	-0.046502	0.570301	0.103356	-0.992337	0.067716	0.562782	0.114479	0.818640
35186	5.865937	0.697341	8.413153	0.033636	0.014804	-0.007779	-0.820203	-0.046413	0.570187	0.103435	-0.992308	0.068016	0.562644	0.114764	0.818695
35187	5.921065	0.650236	8.362214	0.022750	0.016225	-0.005547	-0.820291	-0.046366	0.570064	0.103492	-0.992289	0.068211	0.562506	0.114950	0.818764
35188	5.856657	0.648249	8.413803	0.026641	0.017840	-0.003586	-0.820388	-0.046322	0.569928	0.103566	-0.992266	0.068430	0.562350	0.115164	0.818840
35189	5.803788	0.789505	8.386113	0.030969	0.016531	-0.006087	-0.820478	-0.046255	0.569804	0.103646	-0.992239	0.068697	0.562204	0.115422	0.818905
35190	5.768363	0.950357	8.380789	0.029742	0.007713	0.000579	-0.820514	-0.046240	0.569753	0.103771	-0.992211	0.068917	0.562128	0.115671	0.818921
35191	5.783909	0.663646	8.434316	0.020728	-0.006157	0.006768	-0.820464	-0.046268	0.569823	0.103892	-0.992190	0.069027	0.562179	0.115834	0.818863
35192	5.850714	0.746713	8.393244	0.037141	-0.010207	-0.003806	-0.820404	-0.046190	0.569916	0.104023	-0.992155	0.069333	0.562243	0.116166	0.818773
35193	5.881700	0.779139	8.396939	0.031467	-0.011276	-0.003488	-0.820335	-0.046113	0.570021	0.104125	-0.992127	0.069589	0.562324	0.116440	0.818678
35194	6.056746	0.706398	8.383449	0.034502	-0.000168	0.000495	-0.820327	-0.046089	0.570035	0.104276	-0.992093	0.069849	0.562308	0.116740	0.818646
35195	6.102374	0.627109	8.341203	0.029086	0.026352	0.000255	-0.820466	-0.046075	0.569836	0.104374	-0.992067	0.070065	0.562087	0.116962	0.818766
35196	5.884103	0.710601	8.329441	0.033359	0.046268	-0.002448	-0.820722	-0.046076	0.569467	0.104495	-0.992035	0.070332	0.561691	0.117230	0.819000
35197	5.779893	0.889448	8.385682	0.028998	0.037449	0.000886	-0.820924	-0.046088	0.569175	0.104605	-0.992009	0.070545	0.561375	0.117450	0.819185
35198	5.835767	0.740791	8.447708	0.026266	0.027239	0.006874	-0.821063	-0.046160	0.568969	0.104762	-0.991981	0.070701	0.561143	0.117656	0.819314
35199	5.583242	0.804204	8.530156	0.022931	0.016263	0.009314	-0.821139	-0.046221	0.568854	0.104895	-0.991959	0.070816	0.561007	0.117820	0.819384
35200	5.637026	0.809576	8.538468	0.012924	-0.014841	0.013199	-0.821035	-0.046305	0.568997	0.105029	-0.991944	0.070827	0.561133	0.117913	0.819284
35201	5.785673	0.815216	8.448887	0.004757	-0.036372	0.013952	-0.820808	-0.046379	0.569318	0.105132	-0.991937	0.070765	0.561445	0.117938	0.819066
35202	5.856184	0.730181	8.417161	0.001444	-0.043714	0.009497	-0.820546	-0.046393	0.569694	0.105172	-0.991937	0.070703	0.561821	0.117931	0.818810
35203	5.906659	0.647369	8.371905	-0.002887	-0.044220	0.015435	-0.820273	-0.046464	0.570081	0.105234	-0.991940	0.070571	0.562207	0.117879	0.818552
35204	5.953330	0.586701	8.336373	-0.000291	-0.033040	0.010920	-0.820069	-0.046505	0.570371	0.105276	-0.991942	0.070486	0.562497	0.117850	0.818357
35205	5.906008	0.493225	8.347659	0.005729	-0.023805	0.006773	-0.819920	-0.046504	0.570586	0.105303	-0.991940	0.070474	0.562710	0.117868	0.818208
35206	5.837586	0.600784	8.385227	0.013965	-0.019870	-0.000666	-0.819802	-0.046445	0.570760	0.105330	-0.991930	0.070572	0.562877	0.117973	0.818078
35207	5.941901	0.667475	8.329046	0.013834	-0.015260	-0.006075	-0.819715	-0.046344	0.570894	0.105318	-0.991922	0.070699	0.563006	0.118078	0.817974
35208	5.919285	0.694176	8.324359	0.021630	-0.010212	-0.005614	-0.819657	-0.046247	0.570985	0.105347	-0.991906	0.070888	0.563085	0.118255	0.817894
35209	5.913041	0.641812	8.323368	0.016306	0.003394	-0.003058	-0.819671	-0.046205	0.570968	0.105383	-0.991893	0.071017	0.563058	0.118380	0.817895
35210	5.832250	0.785342	8.340014	0.023145	-0.005180	-0.011823	-0.819647	-0.046053	0.571014	0.105369	-0.991877	0.071254	0.563095	0.118570	0.817842
35211	5.836148	0.698802	8.361326	0.017670	0.007588	-0.004337	-0.819687	-0.045978	0.570963	0.105372	-0.991866	0.071403	0.563036	0.118692	0.817865
35212	5.649127	0.700760	8.423121	0.027938	-0.004751	-0.009291	-0.819664	-0.045851	0.571007	0.105407	-0.991844	0.071664	0.563064	0.118929	0.817811
35213	5.351524	0.606733	8.547518	0.035572	-0.041270	-0.021819	-0.819448	-0.045540	0.571342	0.105362	-0.991820	0.072060	0.563387	0.119247	0.817542
35214	5.793812	0.649245	8.419264	0.052036	-0.083228	-0.037408	-0.819011	-0.045041	0.572007	0.105302	-0.991781	0.072679	0.564032	0.119759	0.817022
35215	5.996427	0.786755	8.362751	0.050167	-0.071579	-0.034520	-0.818636	-0.044572	0.572581	0.105242	-0.991744	0.073267	0.564588	0.120238	0.816568
35216	5.944937	0.810180	8.359429	0.042136	-0.068180	-0.025974	-0.818271	-0.044203	0.573130	0.105221	-0.991711	0.073740	0.565120	0.120644	0.816140
35217	5.973882	0.789992	8.359051	0.032597	-0.062556	-0.025000	-0.817938	-0.043851	0.573633	0.105154	-0.991689	0.074129	0.565615	0.120952	0.815751
35218	6.018597	0.756335	8.331468	0.026802	-0.054327	-0.020588	-0.817645	-0.043553	0.574072	0.105091	-0.991672	0.074446	0.566049	0.121200	0.815413
35219	5.972038	0.732570	8.310910	0.021602	-0.043507	-0.016066	-0.817408	-0.043324	0.574428	0.105049	-0.991658	0.074692	0.566400	0.121397	0.815140
35220	5.919254	0.686676	8.340668	0.020419	-0.038554	-0.017130	-0.817201	-0.043078	0.574741	0.104978	-0.991647	0.074938	0.566712	0.121574	0.814897
35221	5.811399	0.702838	8.331588	0.024756	-0.038066	-0.023105	-0.817001	-0.042775	0.575047	0.104884	-0.991633	0.075251	0.567017	0.121794	0.814652
35222	5.621279	0.541965	8.462467	0.036248	-0.060085	-0.036550	-0.816692	-0.042311	0.575521	0.104745	-0.991611	0.075737	0.567488	0.122137	0.814273
35223	5.782937	0.717088	8.429195	0.052099	-0.083435	-0.052538	-0.816266	-0.041663	0.576172	0.104570	-0.991575	0.076443	0.568133	0.122648	0.813746
35224	5.862207	0.989460	8.451949	0.026701	-0.087789	-0.045975	-0.815808	-0.041071	0.576862	0.104300	-0.991568	0.076906	0.568839	0.122907	0.813213
35225	5.922883	0.867694	8.384888	0.030659	-0.098123	-0.039772	-0.815284	-0.040522	0.577642	0.104097	-0.991554	0.077365	0.569628	0.123205	0.812616
35226	5.959413	0.968010	8.351797	0.023818	-0.096060	-0.037045	-0.814768	-0.040008	0.578405	0.103885	-0.991546	0.077753	0.570404	0.123438	0.812036
35227	5.968460	0.884187	8.236255	0.018502	-0.096203	-0.026731	-0.814239	-0.039604	0.579178	0.103736	-0.991539	0.078037	0.571187	0.123622	0.811458
35228	5.905030	0.982267	8.359960	0.011078	-0.098537	-0.020642	-0.813690	-0.039248	0.579973	0.103584	-0.991540	0.078227	0.571996	0.123728	0.810871
35229	6.025617	0.883968	8.250083	0.009358	-0.108136	-0.017531	-0.813083	-0.038907	0.580846	0.103442	-0.991542	0.078385	0.572884	0.123817	0.810230
35230	6.015253	0.722952	8.243089	0.006669	-0.096265	-0.016677	-0.812541	-0.038593	0.581625	0.103298	-0.991547	0.078516	0.573678	0.123879	0.809659
35231	6.008658	0.682760	8.205868	0.016539	-0.085395	-0.018975	-0.812063	-0.038269	0.582313	0.103190	-0.991540	0.078741	0.574374	0.124031	0.809142
35232	5.971716	0.733972	8.324848	0.019825	-0.082752	-0.024078	-0.811606	-0.037898	0.582975	0.103061	-0.991531	0.079022	0.575043	0.124217	0.808638
35233	6.007063	0.832196	8.292263	0.007012	-0.088129	-0.020562	-0.811114	-0.037555	0.583681	0.102886	-0.991537	0.079179	0.575768	0.124276	0.808113
35234	6.049468	0.786033	8.221974	0.002706	-0.086821	-0.018036	-0.810626	-0.037239	0.584380	0.102709	-0.991547	0.079287	0.576487	0.124293	0.807598
35235	6.096989	0.892202	8.171204	-0.002210	-0.073224	-0.006918	-0.810203	-0.037068	0.584976	0.102613	-0.991556	0.079289	0.577097	0.124266	0.807166
35236	5.788614	0.872480	8.295132	-0.002591	-0.072081	0.000989	-0.809779	-0.036959	0.585570	0.102559	-0.991565	0.079243	0.577702	0.124225	0.806740
35237	5.910203	0.628048	8.339166	-0.007575	-0.089072	-0.000333	-0.809258	-0.036812	0.586298	0.102460	-0.991582	0.079165	0.578449	0.124137	0.806218
35238	5.850843	0.822277	8.292098	-0.000881	-0.099348	0.000637	-0.808676	-0.036666	0.587111	0.102413	-0.991589	0.079135	0.579272	0.124123	0.805629
35239	5.727248	0.759116	8.580237	-0.001964	-0.125693	0.006965	-0.807935	-0.036539	0.588138	0.102397	-0.991597	0.079060	0.580307	0.124099	0.804887
35240	5.611141	0.936860	8.673372	-0.021660	-0.170605	0.006557	-0.806930	-0.036363	0.589527	0.102277	-0.991628	0.078828	0.581725	0.123904	0.803893
35241	5.578679	1.081714	8.864877	-0.034976	-0.242209	0.014631	-0.805497	-0.036173	0.591495	0.102136	-0.991673	0.078442	0.583733	0.123598	0.802484
35242	5.450316	1.684788	8.934434	-0.101039	-0.317321	0.039539	-0.803592	-0.036145	0.594081	0.101816	-0.991789	0.077379	0.586407	0.122668	0.800675
35243	5.431010	1.488365	9.203516	-0.146143	-0.397564	0.078536	-0.801168	-0.036419	0.597330	0.101549	-0.991944	0.075724	0.589760	0.121326	0.798413
35244	2.941528	1.464006	10.627076	-0.237001	-0.503875	0.124427	-0.798053	-0.037019	0.601450	0.101094	-0.992190	0.073071	0.594047	0.119117	0.795562
35245	5.126499	1.063373	9.720672	0.033934	-0.967851	0.212410	-0.792042	-0.037941	0.609286	0.102937	-0.992076	0.072036	0.601725	0.119774	0.789672
35246	4.800159	-0.041855	9.590592	-0.081109	-1.133531	0.223466	-0.784931	-0.038774	0.618368	0.104160	-0.992093	0.070009	0.610764	0.119361	0.782764
35247	5.028229	-0.310872	9.530992	-0.008470	-1.370870	0.169119	-0.776304	-0.038793	0.629164	0.105390	-0.992043	0.068870	0.621486	0.119772	0.774215
35248	5.358048	0.026211	9.337628	0.105929	-1.576164	0.117695	-0.766280	-0.038031	0.641380	0.106915	-0.991877	0.068921	0.633549	0.121386	0.764121
35249	5.588879	0.515254	9.006543	0.105343	-1.793887	0.115376	-0.754668	-0.036957	0.655066	0.108421	-0.991711	0.068957	0.647087	0.123063	0.752419
35250	6.080681	0.522278	9.080220	0.102843	-1.991312	0.122081	-0.741493	-0.035671	0.670012	0.109959	-0.991545	0.068901	0.661889	0.124764	0.739146
35251	5.590255	1.602834	9.406503	0.092545	-2.193683	0.170544	-0.726601	-0.034581	0.686189	0.111785	-0.991375	0.068407	0.677905	0.126411	0.724199
35252	5.905303	1.687858	9.570093	0.072840	-2.455438	0.293781	-0.709398	-0.034341	0.703971	0.114346	-0.991188	0.066874	0.695471	0.127937	0.707073
35253	6.475770	2.205959	9.636965	0.044689	-2.678852	0.414841	-0.690027	-0.034978	0.722938	0.117512	-0.990993	0.064215	0.714180	0.129264	0.687923
35254	7.124486	1.773367	9.374197	0.055777	-2.890980	0.556874	-0.668421	-0.036708	0.742877	0.121649	-0.990728	0.060502	0.733768	0.130811	0.666688
35255	7.780742	2.159011	9.901405	-0.008683	-3.010320	0.688553	-0.645172	-0.039551	0.763013	0.126062	-0.990483	0.055251	0.753566	0.131834	0.644018
35256	8.598941	1.635323	10.234006	0.074189	-3.131042	0.830930	-0.620186	-0.043591	0.783243	0.131836	-0.990045	0.049289	0.773297	0.133828	0.619759
35257	8.713448	2.468879	9.847262	0.096250	-3.214485	0.987970	-0.593672	-0.049001	0.803214	0.138536	-0.989465	0.042031	0.792693	0.136227	0.594206
35258	9.696565	3.453165	9.066104	0.347423	-3.275271	1.133757	-0.565770	-0.055639	0.822684	0.147845	-0.988397	0.034828	0.811201	0.141335	0.567431
35259	10.169915	9.967342	9.734750	0.217910	-3.330576	1.382757	-0.536333	-0.064494	0.841538	0.157203	-0.987262	0.024527	0.829237	0.145447	0.539640
35260	9.473020	9.607930	10.494766	-0.752616	-3.119630	1.683553	-0.507511	-0.076631	0.858231	0.159633	-0.987157	0.006255	0.846729	0.140176	0.513226
35261	16.743539	2.627520	14.204012	-1.244475	-2.482481	1.448339	-0.484020	-0.087551	0.870666	0.156138	-0.987656	-0.012514	0.861014	0.129887	0.491715
35262	9.348980	0.785325	14.542826	-0.225346	-1.208833	0.810051	-0.472292	-0.093958	0.876420	0.158014	-0.987220	-0.020684	0.867163	0.128718	0.481102
35263	3.076842	3.634764	10.924052	0.551729	-0.753882	0.432929	-0.465041	-0.097205	0.879936	0.164787	-0.986087	-0.021842	0.869817	0.134845	0.474589
35264	0.542695	6.441674	9.527934	0.448136	-0.672628	0.440094	-0.458434	-0.100589	0.883017	0.170672	-0.985045	-0.023604	0.872186	0.139886	0.468746
35265	1.424792	5.020872	9.841081	0.120979	-0.523539	0.528610	-0.452950	-0.105026	0.885328	0.174091	-0.984340	-0.027704	0.874374	0.141579	0.464140
35266	1.588153	2.202317	10.771866	0.079967	-0.179913	0.510875	-0.450469	-0.109769	0.886018	0.177048	-0.983687	-0.031854	0.875061	0.142518	0.462554
35267	1.146550	1.287997	11.250446	0.322020	0.250489	0.392555	-0.451956	-0.113957	0.884732	0.181588	-0.982793	-0.033826	0.873362	0.145369	0.464872
35268	0.629704	1.719157	11.304511	0.474347	0.694078	0.285539	-0.457467	-0.117755	0.881395	0.186970	-0.981773	-0.034123	0.869348	0.149184	0.471146
35269	0.237972	1.882172	11.041010	0.457889	1.093405	0.215723	-0.466536	-0.121488	0.876119	0.191887	-0.980834	-0.033828	0.863437	0.152334	0.480906
35270	0.556684	1.378159	10.799633	0.393983	1.452383	0.165357	-0.478691	-0.125308	0.868995	0.196006	-0.980036	-0.033349	0.855825	0.154364	0.493695
35271	1.160952	0.627795	10.432025	0.381149	1.799432	0.112735	-0.493789	-0.129171	0.859934	0.199751	-0.979311	-0.032402	0.846328	0.155774	0.509375
35272	1.799904	0.197239	10.072104	0.420290	2.118098	0.046375	-0.511492	-0.132909	0.848947	0.203468	-0.978603	-0.030618	0.834851	0.157072	0.527590
35273	2.543721	-0.007778	9.680617	0.470552	2.405407	-0.019084	-0.531460	-0.136485	0.836016	0.207218	-0.977896	-0.027918	0.821347	0.158400	0.547995
35274	3.284692	-0.188083	9.348078	0.496791	2.642488	-0.105519	-0.553175	-0.139626	0.821281	0.210639	-0.977263	-0.024268	0.805996	0.159569	0.570008
35275	4.064753	-0.141766	9.028185	0.481025	2.828016	-0.218850	-0.576204	-0.141979	0.804880	0.213192	-0.976812	-0.019685	0.789011	0.160251	0.593112
35276	4.921195	-0.307970	8.880398	0.420017	2.964603	-0.353474	-0.600073	-0.143245	0.787015	0.214339	-0.976654	-0.014335	0.770695	0.160086	0.616767
35277	6.050631	-0.763293	8.801639	0.348549	3.055028	-0.497381	-0.624399	-0.143232	0.767861	0.213899	-0.976821	-0.008274	0.751247	0.159079	0.640563
35278	7.272833	-0.936922	8.520899	0.303936	3.115430	-0.618880	-0.648799	-0.142088	0.747577	0.212162	-0.977233	-0.001609	0.730785	0.157564	0.664173
35279	7.938833	-0.640568	8.220459	0.225520	3.142889	-0.685566	-0.672908	-0.140180	0.726323	0.209087	-0.977884	0.004978	0.709562	0.155214	0.687336
35280	8.158110	-0.324751	7.992832	0.095788	3.111270	-0.745792	-0.696188	-0.137630	0.704542	0.204602	-0.978784	0.010973	0.688084	0.151789	0.709577
35281	8.442286	-0.385131	7.924759	-0.029749	3.038239	-0.806936	-0.718424	-0.134147	0.682548	0.198526	-0.979959	0.016362	0.666674	0.147258	0.730658
35282	9.023951	-0.545380	7.996244	-0.114796	2.955347	-0.899521	-0.739560	-0.129573	0.660501	0.191167	-0.981321	0.021539	0.645373	0.142195	0.750516
35283	9.680959	-0.829855	7.930800	-0.140116	2.895343	-0.977058	-0.759784	-0.123929	0.638256	0.182830	-0.982779	0.026818	0.623941	0.137068	0.769357
35284	10.004336	-0.687037	7.720218	-0.124992	2.844052	-1.014967	-0.779029	-0.117749	0.615832	0.174206	-0.984183	0.032193	0.602301	0.132361	0.787220
35285	9.906163	-0.724294	7.291902	-0.108117	2.774027	-0.987743	-0.797130	-0.111566	0.593411	0.165692	-0.985472	0.037298	0.580629	0.128055	0.804035
35286	9.501143	-1.296274	6.870425	-0.043611	2.663214	-0.924300	-0.813800	-0.105789	0.571435	0.157952	-0.986540	0.042308	0.559268	0.124689	0.819556
35287	9.089517	-1.906919	6.625737	0.126531	2.508985	-0.857515	-0.828905	-0.100421	0.550302	0.151572	-0.987273	0.048148	0.538463	0.123321	0.833576
35288	8.654104	-1.954377	6.581168	0.327702	2.318254	-0.794955	-0.842339	-0.095412	0.530435	0.146616	-0.987654	0.055174	0.518622	0.124246	0.845928
35289	8.423092	-1.813340	6.755635	0.478335	2.101179	-0.714711	-0.854080	-0.090988	0.512121	0.142973	-0.987722	0.062953	0.500105	0.126986	0.856603
35290	8.554588	-1.561468	6.956568	0.559277	1.875306	-0.656983	-0.864226	-0.086888	0.495544	0.140034	-0.987594	0.071056	0.483222	0.130801	0.865672
35291	8.819335	-1.215511	7.162818	0.561108	1.650467	-0.615655	-0.872932	-0.083013	0.480726	0.137356	-0.987373	0.078917	0.468105	0.134919	0.873312
35292	9.153657	-0.757705	7.225391	0.481759	1.454380	-0.591827	-0.880443	-0.079129	0.467502	0.134347	-0.987202	0.085920	0.454721	0.138455	0.879806
35293	9.366852	-0.464142	7.215659	0.338283	1.282051	-0.573565	-0.886959	-0.075267	0.455673	0.130794	-0.987175	0.091529	0.442941	0.140782	0.885429
35294	9.470290	-0.285791	7.131005	0.179607	1.116992	-0.564187	-0.892572	-0.071246	0.445241	0.126518	-0.987343	0.095639	0.432791	0.141695	0.890289
35295	9.426144	-0.198093	6.871599	0.034039	0.971667	-0.544752	-0.897411	-0.067269	0.436038	0.121805	-0.987673	0.098315	0.424049	0.141341	0.894542
35296	9.088873	-0.161661	6.602772	-0.072611	0.808832	-0.509729	-0.901416	-0.063343	0.428295	0.116873	-0.988116	0.099840	0.416881	0.140053	0.898106
35297	8.776285	-0.259327	6.289239	-0.140675	0.624151	-0.461626	-0.904532	-0.059619	0.422218	0.112078	-0.988603	0.100513	0.411413	0.138239	0.900905
35298	8.553294	-0.130859	6.013274	-0.142064	0.428806	-0.429857	-0.906756	-0.055929	0.417930	0.107561	-0.989054	0.101010	0.407706	0.136544	0.902846
35299	8.425021	0.017485	5.778573	-0.149627	0.242666	-0.390483	-0.908157	-0.052366	0.415343	0.103366	-0.989476	0.101260	0.405669	0.134892	0.904012
35300	8.288852	-0.252590	5.714563	-0.135632	0.066878	-0.371885	-0.908801	-0.048746	0.414373	0.099395	-0.989853	0.101548	0.405219	0.133474	0.904424
35301	8.348581	-0.496485	5.835798	-0.077717	-0.101137	-0.398215	-0.908779	-0.044640	0.414883	0.095418	-0.990149	0.102470	0.406222	0.132710	0.904086
35302	8.659445	-0.394996	5.975659	-0.031683	-0.234229	-0.445128	-0.908236	-0.039892	0.416553	0.091202	-0.990386	0.104007	0.408399	0.132453	0.903142
35303	9.274719	-0.269503	6.110801	-0.038105	-0.333016	-0.474073	-0.907292	-0.034727	0.419065	0.086699	-0.990620	0.105617	0.411466	0.132158	0.901793
35304	9.908983	-0.117467	6.114216	-0.100481	-0.367503	-0.482068	-0.906175	-0.029438	0.421877	0.081871	-0.990914	0.106711	0.414902	0.131238	0.900352
35305	10.273426	-0.162083	5.952732	-0.196467	-0.350834	-0.444044	-0.905065	-0.024550	0.424564	0.076987	-0.991296	0.106796	0.418246	0.129344	0.899077
35306	10.124131	-0.370431	5.719350	-0.274272	-0.305745	-0.384840	-0.904064	-0.020314	0.426914	0.072312	-0.991739	0.105943	0.421235	0.126650	0.898065
35307	9.425492	-0.331866	5.569069	-0.334792	-0.275858	-0.302281	-0.903108	-0.016942	0.429079	0.068122	-0.992220	0.104205	0.423976	0.123338	0.897236
35308	8.666582	-0.152048	5.466639	-0.381100	-0.283199	-0.189435	-0.902024	-0.014689	0.431437	0.064749	-0.992719	0.101575	0.426803	0.119558	0.896407
35309	8.291873	-0.022922	5.303040	-0.412628	-0.323132	-0.073802	-0.900683	-0.013547	0.434266	0.062272	-0.993219	0.098170	0.429992	0.115463	0.895419
35310	8.334761	0.211650	5.125251	-0.414023	-0.372912	0.004466	-0.899064	-0.013140	0.437620	0.060482	-0.993694	0.094419	0.433620	0.111357	0.894189
35311	8.877610	0.169416	4.943749	-0.397128	-0.409443	0.000293	-0.897276	-0.012666	0.441289	0.058711	-0.994133	0.090843	0.437549	0.107419	0.892755
35312	9.558080	0.290613	4.726953	-0.332884	-0.412010	-0.092864	-0.895513	-0.011278	0.444893	0.056372	-0.994501	0.088258	0.441452	0.104116	0.891224
35313	10.339926	0.718795	4.791778	-0.292378	-0.390685	-0.243843	-0.893908	-0.008423	0.448171	0.052850	-0.994830	0.086717	0.445123	0.101203	0.889732
35314	11.562338	1.307182	4.995335	-0.306602	-0.302524	-0.380725	-0.892743	-0.004305	0.450545	0.048037	-0.995164	0.085675	0.447998	0.098128	0.888633
35315	12.575722	1.517812	5.249167	-0.420093	-0.118259	-0.460888	-0.892413	0.000425	0.451219	0.041995	-0.995581	0.083994	0.449261	0.093906	0.888452
35316	13.239868	1.064152	5.549444	-0.563183	0.146736	-0.498005	-0.893257	0.005279	0.449516	0.034977	-0.996084	0.081204	0.448184	0.088259	0.889574
35317	7.970950	0.043172	7.776090	-0.640055	0.602446	-0.404962	-0.896061	0.008830	0.443843	0.028459	-0.996603	0.077282	0.443018	0.081881	0.892766
35318	-3.493863	-2.539333	15.728775	-0.076849	0.257978	-0.145965	-0.897235	0.010103	0.441439	0.026768	-0.996655	0.077215	0.440742	0.081096	0.893963
35319	-0.771665	0.128642	16.517062	-0.053609	0.827420	-0.003723	-0.900844	0.009499	0.434040	0.026457	-0.996701	0.076723	0.433337	0.080599	0.897621
35320	-1.744998	-3.903935	7.981557	-0.122709	0.077567	0.195995	-0.901120	0.007512	0.433505	0.027648	-0.996819	0.074744	0.432688	0.079339	0.898046
35321	-4.573686	-1.123653	6.889588	0.178135	-0.542956	0.153523	-0.898706	0.006445	0.438504	0.029761	-0.996691	0.075644	0.437540	0.081032	0.895540
35322	-1.633493	1.844429	5.597843	0.303013	-1.366075	0.128207	-0.892599	0.006323	0.450806	0.032210	-0.996452	0.077751	0.449699	0.083921	0.889229
35323	3.707869	3.624779	8.738618	0.209550	-1.702804	0.137893	-0.884761	0.006423	0.466001	0.034348	-0.996287	0.078947	0.464778	0.085855	0.881255
35324	9.916783	3.077192	10.891595	0.115353	-1.587997	0.004590	-0.877260	0.007777	0.479952	0.034889	-0.996191	0.079912	0.478745	0.086848	0.873648
35325	10.692352	1.683288	10.073181	-0.028815	-1.205967	-0.120531	-0.871457	0.010051	0.490368	0.033650	-0.996209	0.080220	0.489316	0.086410	0.867815
35326	8.018502	-0.369715	9.311986	-0.023179	-1.008053	-0.115653	-0.866511	0.012101	0.499011	0.032486	-0.996220	0.080568	0.498099	0.086024	0.862842
35327	5.888335	-2.256385	9.227415	0.061867	-0.937546	-0.001649	-0.861796	0.012954	0.507090	0.032737	-0.996170	0.081084	0.506198	0.086478	0.858070
35328	4.467805	-1.433860	9.289311	0.211214	-1.028882	0.042386	-0.856520	0.013460	0.515938	0.034134	-0.995994	0.082651	0.514983	0.088403	0.852630
35329	4.472936	1.236368	8.768588	0.248474	-1.148636	0.048731	-0.850524	0.014032	0.525750	0.035795	-0.995782	0.084483	0.524717	0.090674	0.846434
35330	8.091092	2.602969	9.920810	0.273282	-1.297414	-0.031844	-0.843649	0.015570	0.536670	0.036928	-0.995529	0.086934	0.535624	0.093160	0.839302
35331	13.751914	4.560520	11.523886	0.211140	-0.978836	-0.091774	-0.838391	0.017433	0.544790	0.037249	-0.995319	0.089173	0.543795	0.095055	0.833817
35332	10.185160	1.404220	8.500068	-0.125607	-0.228879	-0.011612	-0.837140	0.017793	0.546699	0.036421	-0.995439	0.088169	0.545775	0.093721	0.832674
35333	6.309404	-0.335851	8.130509	-0.117410	-0.117936	0.032589	-0.836474	0.017607	0.547723	0.036006	-0.995558	0.086991	0.546822	0.092487	0.832125
35334	6.116645	-0.086084	9.278770	-0.005860	-0.098005	-0.004807	-0.835932	0.017774	0.548546	0.035887	-0.995566	0.086947	0.547659	0.092368	0.831587
35335	5.221103	0.550479	8.501076	0.003561	-0.087611	-0.034342	-0.835454	0.018225	0.549258	0.035573	-0.995560	0.087143	0.548408	0.092343	0.831096
35336	5.443243	1.255743	8.307220	-0.044287	-0.143565	-0.006945	-0.834660	0.018455	0.550457	0.035225	-0.995603	0.086792	0.549638	0.091832	0.830340
35337	5.389869	1.316945	8.361462	-0.092740	-0.142714	0.015951	-0.833859	0.018455	0.551669	0.034801	-0.995695	0.085912	0.550879	0.090837	0.829627
35338	5.378753	1.586342	8.205630	-0.132434	-0.180749	0.043168	-0.832839	0.018217	0.553216	0.034384	-0.995825	0.084555	0.552447	0.089442	0.828735
35339	5.200029	1.482916	8.171881	-0.196987	-0.212302	0.089417	-0.831623	0.017542	0.555063	0.033991	-0.996019	0.082406	0.554299	0.087398	0.827716
35340	5.708180	1.347620	8.343095	-0.236328	-0.243174	0.117521	-0.830225	0.016610	0.557182	0.033609	-0.996246	0.079776	0.556415	0.084959	0.826550
35341	5.625584	1.390089	8.367440	-0.253662	-0.257072	0.146800	-0.828732	0.015390	0.559434	0.033365	-0.996485	0.076840	0.558650	0.082346	0.825306
35342	5.794390	1.384427	8.542001	-0.299493	-0.286284	0.177269	-0.827062	0.013883	0.561940	0.033110	-0.996756	0.073356	0.561135	0.079276	0.823919
35343	7.150934	-2.063642	10.210854	-0.248317	-0.271110	0.104832	-0.825493	0.013078	0.564261	0.032533	-0.996967	0.070700	0.563474	0.076720	0.822564
35344	5.779129	-0.107362	7.772636	0.051145	-0.273327	-0.028064	-0.823950	0.013596	0.566499	0.032543	-0.996927	0.071259	0.565727	0.077150	0.820975
35345	6.556458	1.054935	8.377064	-0.024473	-0.155253	-0.020761	-0.823067	0.013951	0.567773	0.032186	-0.996946	0.071155	0.567031	0.076839	0.820104
35346	6.103662	0.285086	8.569812	-0.024073	-0.123381	-0.015603	-0.822363	0.014229	0.568785	0.031874	-0.996965	0.071026	0.568069	0.076539	0.819414
35347	6.127649	1.029637	8.331856	0.003877	-0.095073	-0.028259	-0.821821	0.014612	0.569558	0.031617	-0.996961	0.071197	0.568867	0.076519	0.818862
35348	5.915505	0.558117	8.417066	-0.015516	-0.055170	-0.021206	-0.821505	0.014894	0.570006	0.031307	-0.996973	0.071171	0.569341	0.076312	0.818552
35349	6.083654	1.009953	8.405561	0.019377	-0.056194	-0.029975	-0.821184	0.015264	0.570459	0.031124	-0.996956	0.071479	0.569814	0.076452	0.818210
35350	5.929488	1.403104	8.434179	-0.011184	-0.042711	-0.007554	-0.820934	0.015400	0.570815	0.030951	-0.996967	0.071410	0.570183	0.076291	0.817967
35351	5.704067	1.216241	8.490699	-0.016117	-0.051585	0.008695	-0.820627	0.015381	0.571258	0.030884	-0.996983	0.071208	0.570629	0.076078	0.817676
35352	5.791419	1.297359	8.462475	-0.027705	-0.076924	0.016895	-0.820173	0.015299	0.571910	0.030817	-0.997010	0.070865	0.571284	0.075746	0.817250
35353	5.857736	0.920585	8.401574	-0.027055	-0.092695	0.021413	-0.819627	0.015183	0.572697	0.030791	-0.997036	0.070500	0.572070	0.075418	0.816730
35354	5.653537	0.675099	8.466269	-0.025406	-0.094075	0.024063	-0.819072	0.015043	0.573494	0.030796	-0.997062	0.070135	0.572864	0.075107	0.816202
35355	5.493241	0.572293	8.713362	-0.014504	-0.131647	0.006727	-0.818304	0.015102	0.574587	0.030720	-0.997077	0.069958	0.573964	0.074898	0.815448
35356	5.932549	0.651315	8.316947	-0.002013	-0.161417	-0.010160	-0.817371	0.015353	0.575907	0.030579	-0.997080	0.069980	0.575300	0.074810	0.814514
35357	6.139378	0.636728	8.134398	-0.008382	-0.124932	-0.010588	-0.816644	0.015580	0.576931	0.030396	-0.997087	0.069952	0.576340	0.074662	0.813792
35358	6.094501	0.287135	8.206728	0.018999	-0.094656	-0.020198	-0.816095	0.015880	0.577699	0.030294	-0.997073	0.070203	0.577123	0.074794	0.813225
