// General information: 
//  MT Manager version: 2022.2.0 
//  XDA version: 2022.2.0 build 7381 rev 124627 built on 2023-07-19
// Device information: 
//  DeviceId: 00B4CAF0
//  ProductCode: MTW2-3A7G6
//  Firmware Version: 4.6.0
//  Hardware Version: 2.0.0
// Device settings: 
//  Filter Profile: human(46.1)
//  Option Flags: Orientation Smoother Disabled, Position/Velocity Smoother Disabled, Continuous Zero Rotation Update Disabled, AHS Disabled, ICC Disabled
// Coordinate system: ENU
PacketCounter	Acc_X	Acc_Y	Acc_Z	Gyr_X	Gyr_Y	Gyr_Z	Mat[1][1]	Mat[2][1]	Mat[3][1]	Mat[1][2]	Mat[2][2]	Mat[3][2]	Mat[1][3]	Mat[2][3]	Mat[3][3]
21772	4.078873	1.105402	9.376728	0.015878	-0.013352	0.003601	-0.336026	0.857756	0.389026	-0.906816	-0.406249	0.112456	0.254501	-0.314987	0.914337
21773	4.040705	1.085394	9.395065	0.017070	-0.014430	0.002095	-0.336000	0.857708	0.389154	-0.906775	-0.406304	0.112589	0.254684	-0.315045	0.914266
21774	4.087050	1.117973	9.396987	0.019849	-0.015887	0.002488	-0.335902	0.857646	0.389376	-0.906736	-0.406336	0.112789	0.254951	-0.315175	0.914147
21775	4.036913	1.138909	9.373173	0.017006	-0.017747	0.002998	-0.335875	0.857584	0.389536	-0.906692	-0.406398	0.112919	0.255144	-0.315262	0.914063
21776	3.999425	1.119208	9.391218	0.022300	-0.024328	0.002981	-0.335723	0.857530	0.389784	-0.906673	-0.406382	0.113124	0.255409	-0.315429	0.913932
21777	4.059366	1.111151	9.434554	0.016810	-0.034088	0.002044	-0.335645	0.857421	0.390092	-0.906633	-0.406436	0.113256	0.255655	-0.315657	0.913784
21778	4.100699	1.193764	9.415413	0.016285	-0.035032	0.004104	-0.335544	0.857299	0.390447	-0.906608	-0.406466	0.113347	0.255875	-0.315950	0.913621
21779	4.138299	1.126477	9.408009	0.020986	-0.029882	0.006299	-0.335515	0.857185	0.390722	-0.906542	-0.406569	0.113500	0.256146	-0.316125	0.913485
21780	4.141996	1.148660	9.369949	0.010531	-0.026077	0.005283	-0.335441	0.857098	0.390976	-0.906538	-0.406574	0.113520	0.256258	-0.316355	0.913373
21781	4.157616	1.129785	9.374136	0.012713	-0.022195	0.004224	-0.335413	0.857017	0.391178	-0.906501	-0.406633	0.113605	0.256427	-0.316498	0.913276
21782	4.146056	1.150309	9.367951	0.008548	-0.013617	0.007294	-0.335429	0.856930	0.391354	-0.906473	-0.406699	0.113594	0.256505	-0.316649	0.913202
21783	4.148535	1.091138	9.365852	0.008276	-0.007687	0.002080	-0.335418	0.856904	0.391421	-0.906454	-0.406726	0.113647	0.256585	-0.316686	0.913167
21784	4.089628	1.140411	9.359094	0.008476	-0.007336	0.003784	-0.335367	0.856856	0.391569	-0.906436	-0.406743	0.113726	0.256714	-0.316792	0.913094
21785	4.069771	1.109352	9.404997	0.007022	-0.009924	0.004493	-0.335373	0.856813	0.391659	-0.906413	-0.406787	0.113758	0.256791	-0.316854	0.913051
21786	4.110351	1.131153	9.385239	0.005367	-0.012863	0.003498	-0.335320	0.856800	0.391733	-0.906451	-0.406724	0.113677	0.256725	-0.316969	0.913030
21787	4.098303	1.151445	9.379306	0.008875	-0.013026	0.003537	-0.335308	0.856751	0.391851	-0.906426	-0.406766	0.113729	0.256829	-0.317049	0.912973
21788	4.060196	1.130752	9.397870	0.009739	-0.014697	0.005792	-0.335320	0.856671	0.392013	-0.906406	-0.406818	0.113702	0.256884	-0.317196	0.912906
21789	4.069648	1.102124	9.380613	0.009474	-0.018365	0.004995	-0.335308	0.856599	0.392181	-0.906374	-0.406873	0.113754	0.257010	-0.317320	0.912827
21790	4.192865	1.215391	9.382060	0.011794	-0.017448	0.006541	-0.335302	0.856497	0.392409	-0.906335	-0.406950	0.113797	0.257158	-0.317497	0.912724
21791	4.145208	1.116249	9.355482	0.016157	-0.009686	0.004412	-0.335308	0.856455	0.392497	-0.906288	-0.407021	0.113913	0.257316	-0.317519	0.912672
21792	4.092532	1.094620	9.405624	0.006298	-0.011217	0.004852	-0.335261	0.856402	0.392652	-0.906283	-0.407025	0.113934	0.257392	-0.317656	0.912603
21793	4.158208	1.136879	9.397974	0.012852	-0.009170	0.006079	-0.335282	0.856355	0.392737	-0.906240	-0.407101	0.114012	0.257518	-0.317688	0.912556
21794	4.167743	1.129285	9.344313	0.009207	-0.006043	0.003432	-0.335331	0.856278	0.392863	-0.906202	-0.407186	0.114002	0.257586	-0.317785	0.912503
21795	4.153914	1.129009	9.375457	0.011389	-0.002162	0.002366	-0.335337	0.856268	0.392880	-0.906175	-0.407226	0.114082	0.257676	-0.317762	0.912486
21796	4.121138	1.138809	9.379581	0.005763	-0.002563	0.002489	-0.335301	0.856263	0.392921	-0.906191	-0.407194	0.114064	0.257663	-0.317816	0.912471
21797	4.068558	1.137793	9.393403	0.008810	-0.000352	0.003677	-0.335324	0.856253	0.392923	-0.906166	-0.407236	0.114114	0.257723	-0.317788	0.912463
21798	4.135962	1.141157	9.347742	0.008278	-0.007688	0.002087	-0.335259	0.856245	0.392996	-0.906186	-0.407190	0.114116	0.257736	-0.317869	0.912432
21799	4.103465	1.150829	9.351760	0.007558	-0.002587	0.006092	-0.335298	0.856218	0.393021	-0.906156	-0.407249	0.114146	0.257792	-0.317866	0.912417
21800	4.003158	1.137341	9.437854	0.015755	-0.010392	0.001011	-0.335131	0.856249	0.393096	-0.906190	-0.407138	0.114270	0.257887	-0.317924	0.912370
21801	4.129750	1.152462	9.399491	0.015102	-0.017964	0.004889	-0.335119	0.856179	0.393260	-0.906145	-0.407210	0.114373	0.258063	-0.318022	0.912286
21802	4.203810	1.165945	9.374985	0.014965	-0.015001	0.002278	-0.335019	0.856140	0.393429	-0.906140	-0.407192	0.114480	0.258212	-0.318149	0.912199
21803	4.113642	1.165680	9.370829	0.024430	-0.007782	0.002078	-0.335007	0.856113	0.393498	-0.906080	-0.407270	0.114679	0.258438	-0.318122	0.912145
21804	4.155521	1.129195	9.349352	0.020998	-0.013895	0.005566	-0.335068	0.856005	0.393680	-0.906008	-0.407411	0.114742	0.258609	-0.318231	0.912058
21805	4.159763	1.179325	9.408666	0.017618	-0.007100	0.003710	-0.335073	0.855974	0.393744	-0.905960	-0.407481	0.114873	0.258771	-0.318226	0.912014
21806	4.209751	1.134003	9.334283	0.020527	-0.001928	0.002283	-0.334964	0.855993	0.393795	-0.905951	-0.407448	0.115064	0.258945	-0.318216	0.911968
21807	4.151317	1.124731	9.326387	0.021789	0.006703	0.003512	-0.335003	0.856007	0.393733	-0.905892	-0.407529	0.115234	0.259098	-0.318076	0.911974
21808	4.083945	1.124550	9.371734	0.030049	0.002207	-0.002471	-0.334967	0.856003	0.393773	-0.905835	-0.407588	0.115477	0.259345	-0.318012	0.911926
21809	4.129098	1.158550	9.373661	0.033689	-0.007317	-0.003458	-0.334906	0.856000	0.393831	-0.905769	-0.407647	0.115782	0.259654	-0.317944	0.911862
21810	4.130912	1.101876	9.371746	0.028855	-0.003109	-0.004603	-0.334807	0.856006	0.393902	-0.905736	-0.407651	0.116032	0.259899	-0.317923	0.911799
21811	4.155851	1.205593	9.347890	0.029786	-0.001461	-0.003255	-0.334763	0.856021	0.393907	-0.905679	-0.407700	0.116301	0.260152	-0.317820	0.911763
21812	4.157253	1.148619	9.346215	0.027005	-0.000004	-0.003650	-0.334740	0.856030	0.393905	-0.905652	-0.407722	0.116434	0.260275	-0.317765	0.911747
21813	4.149072	1.180508	9.362444	0.024030	0.007499	-0.002109	-0.334730	0.856069	0.393829	-0.905607	-0.407762	0.116646	0.260446	-0.317610	0.911752
21814	4.137358	1.163624	9.318964	0.023625	0.006788	-0.005512	-0.334621	0.856123	0.393805	-0.905598	-0.407717	0.116869	0.260615	-0.317523	0.911734
21815	4.082105	1.123094	9.406640	0.025220	0.006415	-0.003609	-0.334594	0.856164	0.393738	-0.905555	-0.407748	0.117097	0.260800	-0.317371	0.911734
21816	4.119561	1.206873	9.388408	0.030122	0.005523	-0.003367	-0.334462	0.856220	0.393730	-0.905531	-0.407712	0.117404	0.261053	-0.317268	0.911698
21817	3.998591	1.118248	9.349738	0.033367	0.001689	-0.004111	-0.334418	0.856248	0.393706	-0.905468	-0.407765	0.117709	0.261328	-0.317124	0.911669
21818	4.001429	1.149895	9.445715	0.040191	-0.014984	-0.004912	-0.334224	0.856242	0.393884	-0.905421	-0.407753	0.118110	0.261738	-0.317156	0.911540
21819	4.125612	1.286740	9.409119	0.033507	-0.023660	-0.004301	-0.334112	0.856190	0.394090	-0.905358	-0.407804	0.118417	0.262099	-0.317228	0.911411
21820	4.172275	1.152313	9.347962	0.026691	-0.022975	-0.002677	-0.333937	0.856170	0.394283	-0.905360	-0.407745	0.118608	0.262315	-0.317361	0.911303
21821	4.125486	1.222502	9.383783	0.019476	-0.016600	-0.000829	-0.333875	0.856127	0.394429	-0.905322	-0.407781	0.118773	0.262525	-0.317430	0.911218
21822	4.201322	1.197314	9.321257	0.019548	-0.006881	0.001883	-0.333804	0.856088	0.394573	-0.905282	-0.407815	0.118960	0.262753	-0.317491	0.911131
21823	4.194512	1.147789	9.372902	0.010384	-0.003942	-0.006126	-0.333727	0.856107	0.394598	-0.905286	-0.407777	0.119063	0.262839	-0.317489	0.911107
21824	4.162525	1.179115	9.340069	0.017672	-0.000599	-0.005259	-0.333666	0.856104	0.394655	-0.905269	-0.407775	0.119193	0.262972	-0.317499	0.911065
21825	4.174283	1.220896	9.346458	0.016022	0.002865	-0.002615	-0.333639	0.856130	0.394622	-0.905246	-0.407785	0.119334	0.263086	-0.317416	0.911061
21826	4.063800	1.129440	9.388442	0.016218	-0.003184	-0.004538	-0.333582	0.856126	0.394678	-0.905241	-0.407772	0.119417	0.263175	-0.317444	0.911026
21827	4.088192	1.211704	9.400982	0.024626	-0.010646	-0.007879	-0.333472	0.856131	0.394762	-0.905213	-0.407764	0.119657	0.263411	-0.317441	0.910959
21828	4.196911	1.178307	9.334098	0.027411	-0.012102	-0.007475	-0.333323	0.856147	0.394852	-0.905219	-0.407698	0.119840	0.263581	-0.317482	0.910895
21829	4.165203	1.109577	9.373595	0.019786	-0.006443	-0.009038	-0.333213	0.856170	0.394896	-0.905207	-0.407664	0.120040	0.263760	-0.317464	0.910850
21830	4.170115	1.283534	9.322902	0.044689	-0.007009	-0.012504	-0.333042	0.856204	0.394965	-0.905167	-0.407639	0.120425	0.264112	-0.317403	0.910769
21831	4.204767	1.218319	9.316981	0.025223	0.000008	-0.007230	-0.332965	0.856240	0.394952	-0.905136	-0.407638	0.120667	0.264318	-0.317307	0.910743
21832	4.183819	1.190319	9.363437	0.035882	0.006144	-0.008944	-0.332863	0.856274	0.394964	-0.905080	-0.407656	0.121019	0.264635	-0.317191	0.910691
21833	4.210560	1.175205	9.337314	0.035015	0.007804	-0.011204	-0.332771	0.856351	0.394875	-0.905036	-0.407653	0.121366	0.264904	-0.316989	0.910683
21834	4.231395	1.318959	9.351327	0.037062	0.021044	-0.011287	-0.332677	0.856470	0.394698	-0.905011	-0.407611	0.121689	0.265106	-0.316723	0.910717
21835	4.199677	1.232520	9.317409	0.026853	0.028514	-0.011561	-0.332636	0.856613	0.394420	-0.904989	-0.407578	0.121963	0.265232	-0.316376	0.910801
21836	4.149269	1.243362	9.354217	0.020967	0.037263	-0.004988	-0.332652	0.856745	0.394121	-0.904975	-0.407560	0.122127	0.265260	-0.316044	0.910908
21837	4.056014	1.183632	9.351125	0.019432	0.034528	-0.011428	-0.332628	0.856907	0.393789	-0.904972	-0.407504	0.122333	0.265299	-0.315676	0.911024
21838	4.089607	1.246203	9.370700	0.017053	0.036703	-0.008427	-0.332573	0.857069	0.393481	-0.904995	-0.407406	0.122493	0.265291	-0.315361	0.911136
21839	4.034884	1.186600	9.385070	0.010292	0.034285	-0.011357	-0.332549	0.857230	0.393151	-0.905016	-0.407322	0.122615	0.265248	-0.315033	0.911262
21840	3.984700	1.196359	9.421777	0.012025	0.024556	-0.010440	-0.332429	0.857376	0.392934	-0.905070	-0.407168	0.122727	0.265214	-0.314835	0.911340
21841	3.992799	1.196298	9.502811	-0.001748	0.012887	-0.009001	-0.332370	0.857459	0.392802	-0.905116	-0.407066	0.122731	0.265133	-0.314740	0.911396
21842	4.115015	1.181138	9.369085	-0.012148	0.004007	-0.010140	-0.332320	0.857486	0.392785	-0.905194	-0.406946	0.122551	0.264928	-0.314821	0.911428
21843	4.080774	1.168664	9.410504	-0.020566	-0.001358	-0.014058	-0.332178	0.857546	0.392777	-0.905306	-0.406741	0.122402	0.264724	-0.314924	0.911452
21844	4.067458	1.186785	9.405164	-0.024805	-0.002490	-0.013745	-0.332007	0.857589	0.392826	-0.905444	-0.406500	0.122183	0.264467	-0.315116	0.911460
21845	4.110388	1.254192	9.445414	-0.045862	-0.011102	-0.009563	-0.331879	0.857600	0.392912	-0.905608	-0.406254	0.121786	0.264066	-0.315405	0.911476
21846	4.133191	1.221225	9.398079	-0.057402	-0.006012	-0.014584	-0.331614	0.857668	0.392986	-0.905858	-0.405836	0.121321	0.263541	-0.315757	0.911506
21847	4.067393	1.233125	9.407216	-0.084687	-0.003293	-0.008141	-0.331520	0.857697	0.393003	-0.906118	-0.405480	0.120564	0.262762	-0.316137	0.911599
21848	4.076047	1.195223	9.391749	-0.101951	-0.014810	-0.006728	-0.331335	0.857695	0.393162	-0.906452	-0.405009	0.119635	0.261845	-0.316743	0.911653
21849	4.122057	1.215895	9.394876	-0.123265	-0.011115	-0.004117	-0.331256	0.857683	0.393255	-0.906798	-0.404564	0.118511	0.260741	-0.317346	0.911760
21850	3.881952	1.132448	9.624962	-0.149829	-0.032822	0.000144	-0.331158	0.857582	0.393558	-0.907225	-0.404037	0.117033	0.259377	-0.318289	0.911820
21851	3.698677	1.182611	9.560531	-0.186409	-0.078819	0.000347	-0.330946	0.857335	0.394273	-0.907717	-0.403425	0.115315	0.257924	-0.319726	0.911730
21852	2.549949	1.236979	10.612736	-0.239953	-0.106983	-0.015053	-0.330470	0.857048	0.395295	-0.908405	-0.402478	0.113189	0.256106	-0.321683	0.911554
21853	1.252626	-0.155483	11.683691	-0.202185	-0.476371	0.007335	-0.329305	0.855481	0.399639	-0.908909	-0.401866	0.111302	0.255817	-0.326583	0.909891
21854	4.259504	1.410079	9.428232	0.318133	-0.588883	0.043299	-0.328203	0.853348	0.405067	-0.907948	-0.403293	0.113951	0.260601	-0.330380	0.907158
21855	3.413199	1.319554	11.169193	-0.126761	-0.649531	0.100947	-0.327412	0.850782	0.411062	-0.907959	-0.403711	0.112375	0.261557	-0.336435	0.904655
21856	4.175439	0.864317	9.806484	0.076724	-0.731330	0.119156	-0.326537	0.847842	0.417777	-0.907410	-0.404911	0.112495	0.264540	-0.342361	0.901558
21857	3.850660	1.758517	10.347143	0.022865	-0.832295	0.114143	-0.325347	0.844507	0.425391	-0.906988	-0.405936	0.112203	0.267438	-0.349320	0.898027
21858	4.082527	2.242248	10.082659	-0.003462	-1.039548	0.112966	-0.323696	0.840354	0.434771	-0.906643	-0.406905	0.111478	0.270592	-0.358097	0.893614
21859	2.835325	2.142183	10.664604	-0.049739	-1.282838	0.155339	-0.321598	0.835063	0.446368	-0.906288	-0.408005	0.110335	0.274257	-0.369055	0.888021
21860	2.609984	2.062625	11.139699	-0.209812	-1.721435	0.207809	-0.318923	0.827702	0.461733	-0.906197	-0.409019	0.107290	0.277662	-0.384204	0.880506
21861	3.000038	2.777776	11.876364	-0.393582	-2.140219	0.340580	-0.316021	0.817884	0.480829	-0.906226	-0.410250	0.102222	0.280866	-0.403435	0.870835
21862	4.166408	4.580410	13.395115	-1.005212	-2.304947	0.713229	-0.316218	0.805394	0.501345	-0.906786	-0.411919	0.089789	0.278829	-0.426220	0.860576
21863	2.917803	3.812842	12.336385	-2.078529	-2.530788	1.255955	-0.320687	0.789069	0.523956	-0.908481	-0.412752	0.065563	0.267998	-0.454978	0.849219
21864	3.319515	3.573681	10.485527	-2.117357	-2.996383	1.747241	-0.328767	0.767714	0.550025	-0.908352	-0.416446	0.038318	0.258473	-0.487019	0.834268
21865	0.392668	4.027098	9.098607	-1.590518	-3.620055	2.140760	-0.338856	0.740469	0.580416	-0.905309	-0.424552	0.013090	0.256109	-0.521020	0.814215
21866	4.697273	4.770015	10.201933	-1.808937	-4.747065	2.090197	-0.345654	0.705827	0.618330	-0.902756	-0.429928	-0.013886	0.256036	-0.563001	0.785796
21867	12.847560	4.920365	14.551814	-0.921308	-4.853894	1.992556	-0.350951	0.668942	0.655249	-0.898225	-0.438244	-0.033687	0.264624	-0.600383	0.754662
21868	13.568625	9.415655	17.256930	-0.519848	-3.595985	2.238822	-0.361314	0.637026	0.680918	-0.891653	-0.449670	-0.052451	0.272776	-0.626094	0.730479
21869	6.447411	7.772644	12.764601	-1.317860	-3.491250	2.417026	-0.373251	0.603740	0.704402	-0.886389	-0.456209	-0.078668	0.273859	-0.653737	0.705429
21870	6.489749	4.163586	10.196660	-1.645666	-3.560935	2.572139	-0.386321	0.568219	0.726556	-0.881050	-0.460443	-0.108368	0.272960	-0.681997	0.678508
21871	5.662302	3.084747	8.391115	-0.907663	-3.324224	2.647536	-0.400376	0.532876	0.745481	-0.873147	-0.468703	-0.133909	0.278052	-0.704529	0.652937
21872	5.021611	3.210184	8.853544	-0.301210	-3.290919	2.586201	-0.413576	0.497186	0.762733	-0.863389	-0.480069	-0.155222	0.288990	-0.722731	0.627810
21873	2.331231	2.535907	6.844186	-0.006747	-2.770877	2.604454	-0.427745	0.464314	0.775530	-0.852464	-0.492518	-0.175304	0.300566	-0.736097	0.606483
21874	12.318677	14.013517	14.637107	0.231250	-1.770067	0.255286	-0.424588	0.450045	0.785611	-0.850561	-0.495634	-0.175762	0.310274	-0.742837	0.593232
21875	17.656874	18.020595	17.993005	0.588853	1.083795	-1.927799	-0.411487	0.467574	0.782338	-0.856805	-0.491116	-0.157132	0.310748	-0.734969	0.602708
21876	-0.243863	17.784993	11.828630	1.060445	2.155198	-3.460004	-0.388477	0.500212	0.773869	-0.867188	-0.482427	-0.123491	0.311563	-0.719063	0.621189
21877	-3.552097	16.537171	6.162072	-0.169310	2.047422	-3.952052	-0.360174	0.533486	0.765289	-0.882515	-0.460765	-0.094144	0.302394	-0.709287	0.636765
21878	-3.595667	9.193470	5.573366	-1.515606	1.782458	-4.090197	-0.329106	0.564462	0.757015	-0.900847	-0.428045	-0.072467	0.283131	-0.705804	0.649366
21879	-2.637407	3.384499	6.107994	-1.193222	1.683546	-4.134897	-0.296138	0.593348	0.748492	-0.917069	-0.395686	-0.049164	0.266996	-0.700978	0.661319
21880	-1.078250	0.191546	7.158585	-0.657986	1.687315	-4.101015	-0.262933	0.620976	0.738414	-0.930053	-0.366719	-0.022775	0.256647	-0.692752	0.673963
21881	-0.463521	-1.992670	8.017314	0.062767	1.843433	-3.938037	-0.230800	0.647607	0.726180	-0.939625	-0.342145	0.006487	0.252660	-0.680839	0.687475
21882	0.694305	-3.361909	8.686762	0.712410	2.039359	-3.615417	-0.202221	0.673635	0.710861	-0.945447	-0.323588	0.037689	0.255415	-0.664460	0.702322
21883	1.395162	-4.725501	8.652765	1.190791	2.233830	-3.228529	-0.177421	0.698491	0.693277	-0.948500	-0.309214	0.068804	0.262430	-0.645366	0.717380
21884	1.853830	-3.493201	8.857685	1.979697	2.374061	-2.778636	-0.157865	0.722327	0.673292	-0.947620	-0.302543	0.102392	0.277660	-0.621861	0.732253
21885	2.508888	-1.933336	9.338285	1.946641	2.376144	-2.269968	-0.143144	0.743651	0.653064	-0.945494	-0.297764	0.131825	0.292491	-0.598598	0.745741
21886	3.565814	-0.881090	9.845132	1.831886	2.394605	-1.836158	-0.133419	0.763437	0.631952	-0.942348	-0.295178	0.157642	0.306888	-0.574486	0.758805
21887	4.441962	0.188663	10.496824	1.478094	2.440202	-1.507413	-0.126848	0.781606	0.610738	-0.939701	-0.291835	0.178310	0.317603	-0.551293	0.771495
21888	5.629943	-0.029278	10.925323	1.067971	2.516623	-1.254721	-0.123628	0.799105	0.588342	-0.937645	-0.288169	0.194374	0.324867	-0.527626	0.784903
21889	6.987283	-0.435525	11.174670	0.830665	2.659838	-1.003316	-0.122925	0.815703	0.565259	-0.936171	-0.284336	0.206727	0.329352	-0.503768	0.798590
21890	7.825208	-2.275590	11.071907	0.669564	2.806179	-0.769428	-0.125516	0.831912	0.540526	-0.934719	-0.281756	0.216594	0.332484	-0.478054	0.812969
21891	8.336398	-3.189132	10.508002	1.072145	3.003204	-0.657938	-0.129450	0.847706	0.514430	-0.931967	-0.281191	0.228843	0.338644	-0.449808	0.826434
21892	7.782115	-1.887750	10.295711	1.474125	3.111379	-0.597996	-0.135089	0.863108	0.486617	-0.927510	-0.282910	0.244308	0.348533	-0.418339	0.838760
21893	7.659245	-0.966817	10.130325	1.594773	3.072425	-0.581316	-0.140581	0.877137	0.459203	-0.922676	-0.284261	0.260507	0.359034	-0.387073	0.849276
21894	8.242299	0.961226	10.508865	1.652998	3.046038	-0.549574	-0.147136	0.890164	0.431229	-0.917265	-0.285928	0.277254	0.370101	-0.354757	0.858587
21895	9.353815	2.112356	10.638223	1.384545	3.050204	-0.503523	-0.153941	0.901955	0.403458	-0.912850	-0.286100	0.291292	0.378162	-0.323455	0.867393
21896	10.425691	2.653679	10.003727	1.173939	3.116149	-0.488110	-0.161458	0.913127	0.374341	-0.909108	-0.285212	0.303605	0.383997	-0.291297	0.876181
21897	11.123132	3.073304	9.139675	0.912985	3.160542	-0.484193	-0.169249	0.923216	0.345003	-0.906396	-0.283272	0.313374	0.387041	-0.259671	0.884743
21898	11.620210	2.865463	8.207952	0.632678	3.138077	-0.533098	-0.176518	0.932545	0.314963	-0.904875	-0.279669	0.320917	0.387354	-0.228354	0.893203
21899	12.288012	2.333527	7.400430	0.496619	3.061514	-0.614865	-0.182803	0.940786	0.285491	-0.904065	-0.274961	0.327205	0.386329	-0.198288	0.900795
21900	12.945427	1.242692	6.613391	0.360213	2.963713	-0.685001	-0.187737	0.948259	0.256047	-0.904021	-0.268746	0.332449	0.384059	-0.169059	0.907699
21901	13.068944	-0.390854	5.825526	0.320106	2.852170	-0.717434	-0.192172	0.954591	0.227655	-0.904165	-0.262410	0.337087	0.381519	-0.141059	0.913535
21902	12.731693	-2.674061	4.637763	0.305648	2.698100	-0.753571	-0.195406	0.960094	0.200088	-0.904511	-0.255284	0.341598	0.379046	-0.114232	0.918300
21903	12.000688	-3.335311	3.253947	0.609021	2.484602	-0.962859	-0.196128	0.965035	0.173898	-0.904092	-0.246629	0.348987	0.379673	-0.088774	0.920852
21904	11.731637	-1.177337	2.677621	0.760754	2.023017	-0.964611	-0.194895	0.969029	0.151650	-0.903129	-0.237609	0.357630	0.382588	-0.067259	0.921468
21905	12.052365	0.003291	1.855920	0.184996	1.409681	-0.888490	-0.192256	0.971953	0.135443	-0.904148	-0.229094	0.360599	0.381514	-0.053134	0.922835
21906	8.567877	3.016265	3.529848	-0.559333	0.731433	-0.956984	-0.186477	0.974459	0.125127	-0.908041	-0.219573	0.356720	0.375084	-0.047100	0.925794
21907	13.337487	4.159803	-1.576166	-1.362810	-2.257085	0.504311	-0.182698	0.971997	0.147792	-0.912172	-0.223665	0.343390	0.366830	-0.072075	0.927492
21908	19.764579	-5.227771	-8.287366	-4.400628	-1.537241	1.283436	-0.189185	0.967770	0.166223	-0.925085	-0.232424	0.300328	0.329283	-0.096953	0.939241
21909	1.335357	0.748886	14.274114	-4.270253	-0.206114	0.324863	-0.191575	0.966807	0.169063	-0.937693	-0.231168	0.259408	0.289880	-0.108833	0.950855
21910	9.563957	-1.005923	20.837643	-4.695135	-1.045795	0.870161	-0.196935	0.963539	0.181135	-0.948627	-0.233935	0.213029	0.247635	-0.129876	0.960109
21911	1.664354	-2.477740	12.220506	-2.841927	0.094879	0.552800	-0.202418	0.962370	0.181303	-0.954178	-0.235481	0.184643	0.220389	-0.135620	0.965938
21912	-9.745952	-3.445201	9.168042	-1.399599	-0.385732	0.440090	-0.205729	0.960797	0.185861	-0.956291	-0.237708	0.170301	0.207805	-0.142701	0.967705
21913	-6.540921	-10.472357	3.813821	-1.659137	-2.702336	-0.401652	-0.196405	0.957483	0.211307	-0.960463	-0.231235	0.155051	0.197320	-0.172500	0.965043
21914	11.557476	0.235220	12.871650	1.731028	-2.145604	-0.302335	-0.189037	0.954308	0.231434	-0.957455	-0.231459	0.172354	0.218046	-0.189006	0.957461
21915	10.439632	-3.775071	20.735161	-1.132619	-1.793906	0.097232	-0.186125	0.950520	0.248734	-0.959704	-0.230127	0.161277	0.210537	-0.208694	0.955050
21916	11.643486	-10.188062	13.347446	-0.164251	-1.328014	0.105148	-0.184262	0.947421	0.261613	-0.959876	-0.230704	0.159415	0.211388	-0.221742	0.951917
21917	7.918710	0.412850	14.625486	1.594213	-0.578213	0.024958	-0.183233	0.946080	0.267131	-0.956334	-0.234484	0.174479	0.227709	-0.223496	0.947733
21918	5.375853	5.063965	11.015041	1.121714	-0.487697	-0.182912	-0.180223	0.945411	0.271512	-0.954085	-0.235159	0.185530	0.239251	-0.225609	0.944383
21919	2.896108	6.395434	9.212535	0.856390	-0.477997	-0.310456	-0.176099	0.945059	0.275413	-0.952555	-0.234161	0.194442	0.248250	-0.228105	0.941456
21920	1.697192	4.830005	8.816902	-0.097121	-0.721486	-0.221873	-0.172068	0.943899	0.281865	-0.953219	-0.231729	0.194101	0.248528	-0.235281	0.939615
21921	1.703135	1.202916	8.509688	-0.615326	-0.850675	-0.151645	-0.168526	0.942211	0.289547	-0.954997	-0.228815	0.188743	0.244089	-0.244708	0.938370
21922	2.366901	-0.127683	8.599278	-0.215681	-0.808326	-0.019557	-0.166081	0.940271	0.297168	-0.955631	-0.227812	0.186739	0.243283	-0.252969	0.936387
21923	3.222725	1.060748	9.590759	0.015293	-0.727716	0.093099	-0.165195	0.938197	0.304132	-0.955444	-0.228718	0.186589	0.244618	-0.259757	0.934178
21924	4.157531	1.353976	10.199549	-0.230584	-0.682777	0.178646	-0.164953	0.936014	0.310915	-0.955787	-0.229505	0.183846	0.243439	-0.266842	0.932487
21925	4.040112	0.006594	10.318731	-0.482746	-0.595001	0.266492	-0.166063	0.933799	0.316928	-0.956516	-0.230685	0.178497	0.239791	-0.273505	0.931502
21926	4.133565	0.522805	10.623151	-0.341897	-0.529893	0.312678	-0.167492	0.931635	0.322496	-0.956891	-0.232358	0.174268	0.237289	-0.279405	0.930391
21927	6.501176	3.371051	11.985222	-0.330057	-0.454365	0.362565	-0.169889	0.929512	0.327330	-0.957063	-0.234793	0.170008	0.234879	-0.284393	0.929490
21928	5.370073	3.101647	9.765027	-0.667055	-0.231853	0.275223	-0.171684	0.928225	0.330034	-0.958222	-0.235135	0.162854	0.228767	-0.288287	0.929815
21929	3.186906	2.162321	9.402421	-0.673649	-0.194042	0.284322	-0.173971	0.926999	0.332276	-0.959256	-0.235811	0.155634	0.222627	-0.291662	0.930253
21930	4.207014	1.393343	10.296587	-0.855998	-0.321969	0.300789	-0.175863	0.925363	0.335820	-0.960682	-0.235784	0.146618	0.214855	-0.296831	0.930445
21931	5.104133	0.634002	10.136375	-0.687504	-0.200644	0.244111	-0.177784	0.924194	0.338021	-0.961710	-0.235980	0.139384	0.208584	-0.300298	0.930760
21932	4.218653	0.835646	9.963100	-0.383468	-0.078078	0.177317	-0.179023	0.923563	0.339090	-0.962270	-0.236151	0.135164	0.204909	-0.302099	0.930993
21933	4.053772	1.000903	9.954485	-0.379084	-0.077687	0.150331	-0.180311	0.922978	0.339999	-0.962774	-0.236382	0.131111	0.201382	-0.303701	0.931242
21934	4.191758	0.930906	9.895568	-0.301185	-0.051011	0.122155	-0.181080	0.922557	0.340733	-0.963239	-0.236281	0.127838	0.198446	-0.305058	0.931428
21935	4.043288	0.866392	9.799351	-0.241368	-0.022408	0.096461	-0.181964	0.922266	0.341049	-0.963544	-0.236424	0.125247	0.196144	-0.305825	0.931664
21936	3.784431	0.572197	9.707978	-0.214791	-0.014334	0.064445	-0.182235	0.922095	0.341366	-0.963934	-0.236029	0.122973	0.193965	-0.306644	0.931852
21937	3.806637	0.432874	9.832494	-0.177475	-0.019913	0.039059	-0.182571	0.921948	0.341585	-0.964209	-0.235835	0.121172	0.192272	-0.307236	0.932007
21938	3.738448	0.440881	9.648099	-0.082876	-0.027335	0.014984	-0.182342	0.921854	0.341961	-0.964429	-0.235386	0.120293	0.191385	-0.307863	0.931983
21939	3.924055	0.863331	9.848151	-0.011401	-0.017926	-0.011590	-0.182194	0.921831	0.342100	-0.964476	-0.235234	0.120213	0.191290	-0.308045	0.931942
21940	3.705891	1.209379	9.477279	0.023821	0.002582	-0.024140	-0.181655	0.921918	0.342152	-0.964559	-0.234764	0.120461	0.191380	-0.308144	0.931891
21941	3.602635	1.448576	9.450778	0.014323	-0.010531	-0.017945	-0.181460	0.921934	0.342215	-0.964569	-0.234633	0.120642	0.191519	-0.308198	0.931845
21942	3.504192	1.894292	9.287824	0.047698	-0.019447	-0.005130	-0.181060	0.921908	0.342495	-0.964572	-0.234409	0.121048	0.191879	-0.308444	0.931689
21943	3.854114	2.026608	9.474140	-0.084814	-0.038629	0.029488	-0.181268	0.921725	0.342877	-0.964685	-0.234409	0.120143	0.191112	-0.308990	0.931666
21944	3.570828	1.653459	9.237390	-0.109030	-0.012423	0.043805	-0.181330	0.921612	0.343148	-0.964905	-0.234127	0.118922	0.189940	-0.309541	0.931723
21945	3.193893	2.122139	9.183553	-0.098805	-0.045429	0.070177	-0.181919	0.921312	0.343641	-0.964969	-0.234457	0.117747	0.189051	-0.310182	0.931690
21946	3.624694	1.559565	9.363259	-0.240696	-0.082036	0.091652	-0.182343	0.920865	0.344613	-0.965338	-0.234236	0.115136	0.186746	-0.311674	0.931657
21947	3.391446	1.204535	9.344492	-0.200385	-0.083654	0.097865	-0.183130	0.920380	0.345491	-0.965536	-0.234501	0.112918	0.184945	-0.312905	0.931604
21948	3.709662	1.362936	9.597411	-0.169689	-0.114115	0.093136	-0.183514	0.919827	0.346759	-0.965760	-0.234509	0.110962	0.183384	-0.314522	0.931368
21949	3.626912	1.083940	9.446075	-0.175505	-0.100697	0.095361	-0.184248	0.919291	0.347788	-0.965910	-0.234822	0.108983	0.181855	-0.315852	0.931218
21950	3.655039	0.966333	9.664583	-0.133729	-0.125501	0.092818	-0.184603	0.918701	0.349156	-0.966066	-0.234924	0.107362	0.180659	-0.317488	0.930894
21951	4.025392	0.901180	9.624874	-0.103040	-0.122449	0.077144	-0.185124	0.918136	0.350365	-0.966114	-0.235293	0.106119	0.179871	-0.318847	0.930582
21952	3.759268	1.022081	9.535798	-0.006231	-0.094509	0.063418	-0.185285	0.917703	0.351412	-0.966085	-0.235561	0.105786	0.179859	-0.319894	0.930225
21953	3.895995	0.611998	9.746713	-0.054029	-0.113029	0.058539	-0.185643	0.917208	0.352513	-0.966078	-0.235914	0.105063	0.179528	-0.321051	0.929891
21954	3.683148	0.756536	9.378608	0.042363	-0.074970	0.035592	-0.185544	0.916907	0.353347	-0.966020	-0.236054	0.105278	0.179939	-0.321807	0.929549
21955	3.451394	1.345320	9.506553	0.093378	-0.113146	0.030695	-0.185633	0.916476	0.354419	-0.965799	-0.236625	0.106023	0.181032	-0.322616	0.929057
21956	3.533463	1.179217	9.212261	0.070621	-0.144033	0.037389	-0.185428	0.915946	0.355893	-0.965686	-0.236876	0.106494	0.181845	-0.323934	0.928439
21957	2.943425	1.666978	8.881473	0.164970	-0.169757	0.047217	-0.185570	0.915288	0.357507	-0.965301	-0.237832	0.107842	0.183733	-0.325090	0.927663
21958	3.833616	1.646590	9.798851	0.079609	-0.310583	0.085030	-0.185531	0.914092	0.360574	-0.965077	-0.238569	0.108223	0.184947	-0.327903	0.926431
21959	4.185334	0.731928	9.212020	-0.041248	-0.268099	0.080342	-0.185806	0.913023	0.363131	-0.965008	-0.239155	0.107536	0.185027	-0.330444	0.925512
21960	3.612506	1.337371	9.387795	0.113673	-0.222062	0.075830	-0.185860	0.912121	0.365365	-0.964731	-0.239945	0.108259	0.186413	-0.332358	0.924548
21961	4.819692	0.758165	10.508413	-0.125156	-0.324112	0.086495	-0.186087	0.910836	0.368441	-0.964808	-0.240303	0.106771	0.185788	-0.335606	0.923500
21962	3.675046	0.252315	9.014146	-0.034817	-0.109248	0.045172	-0.186039	0.910379	0.369594	-0.964868	-0.240301	0.106231	0.185524	-0.336846	0.923101
21963	4.929302	0.847686	10.810776	0.007486	-0.144008	0.015301	-0.185914	0.909862	0.370927	-0.964831	-0.240453	0.106228	0.185844	-0.338133	0.922566
21964	4.030575	0.616686	9.256166	0.100173	-0.039395	-0.008371	-0.185480	0.909766	0.371379	-0.964739	-0.240420	0.107130	0.186750	-0.338414	0.922280
21965	4.062032	1.439438	9.623670	0.070468	0.037659	-0.008594	-0.185463	0.909920	0.371011	-0.964628	-0.240567	0.107797	0.187340	-0.337895	0.922350
21966	4.023807	1.085083	9.371331	0.020969	-0.028967	-0.002031	-0.185082	0.909850	0.371372	-0.964679	-0.240295	0.107945	0.187452	-0.338276	0.922188
21967	3.773437	1.000517	9.397599	0.062929	0.017540	-0.014317	-0.184972	0.909949	0.371184	-0.964593	-0.240365	0.108564	0.188007	-0.337960	0.922191
21968	3.720330	0.932662	9.569208	0.124104	-0.035906	-0.012497	-0.184497	0.909877	0.371598	-0.964463	-0.240368	0.109700	0.189134	-0.338154	0.921890
21969	3.786318	1.040432	9.304216	0.091921	-0.076082	-0.020448	-0.184150	0.909674	0.372266	-0.964332	-0.240480	0.110609	0.190140	-0.338619	0.921512
21970	3.498821	1.040672	9.570057	0.066501	-0.101572	-0.018008	-0.183490	0.909393	0.373276	-0.964321	-0.240231	0.111236	0.190829	-0.339547	0.921027
21971	3.929608	1.338838	9.452837	0.102698	-0.179678	-0.001820	-0.183123	0.908792	0.374917	-0.964133	-0.240551	0.112173	0.192129	-0.340929	0.920247
21972	3.371234	1.101913	9.648939	0.072588	-0.166884	-0.006337	-0.182466	0.908254	0.376539	-0.964084	-0.240451	0.112812	0.193001	-0.342431	0.919506
21973	3.518979	1.436041	9.674216	0.117217	-0.271664	0.007560	-0.182007	0.907308	0.379033	-0.963848	-0.240908	0.113845	0.194605	-0.344610	0.918353
21974	3.516891	1.128812	10.034073	0.039904	-0.298489	0.034842	-0.181481	0.906210	0.381901	-0.963787	-0.241066	0.114027	0.195396	-0.347378	0.917142
21975	3.489438	1.204947	10.139045	0.128366	-0.386845	0.065566	-0.181348	0.904707	0.385511	-0.963421	-0.242094	0.114937	0.197314	-0.350565	0.915517
21976	2.728595	1.100100	10.997742	0.067393	-0.475565	0.080360	-0.180915	0.902852	0.390035	-0.963219	-0.242774	0.115192	0.198692	-0.354850	0.913566
21977	3.294512	0.216093	11.211235	0.220179	-0.634450	0.118982	-0.180784	0.900300	0.395950	-0.962568	-0.244620	0.116718	0.201938	-0.360029	0.910824
21978	5.088321	0.318870	9.337103	0.201031	-0.676578	0.085700	-0.179951	0.897660	0.402274	-0.962088	-0.245817	0.118156	0.204949	-0.365761	0.907863
21979	3.760893	1.025724	10.514170	0.299988	-0.581087	0.057126	-0.179293	0.895386	0.407600	-0.961370	-0.247419	0.120629	0.208857	-0.370226	0.905158
21980	3.659682	0.560086	10.212044	0.069114	-0.807353	0.028127	-0.177616	0.892316	0.415000	-0.961252	-0.247653	0.121088	0.210825	-0.377413	0.901727
21981	3.927844	1.218426	9.896375	0.209055	-0.978440	-0.028811	-0.175252	0.888660	0.423757	-0.960864	-0.248179	0.123075	0.214540	-0.385604	0.897375
21982	3.794935	2.557402	10.122604	0.418145	-1.234993	-0.121811	-0.171118	0.884162	0.434715	-0.960250	-0.248429	0.127290	0.220541	-0.395653	0.891527
21983	2.598250	2.393214	10.470470	0.082754	-1.609187	-0.154213	-0.166055	0.878071	0.448796	-0.960332	-0.247388	0.128692	0.224027	-0.409623	0.884319
21984	1.907837	2.477992	10.801748	-0.020261	-2.124821	-0.115469	-0.159917	0.869470	0.467386	-0.960639	-0.246030	0.129001	0.227154	-0.428359	0.874591
21985	2.643976	2.938253	10.875717	-0.117317	-2.693865	-0.030158	-0.153460	0.857693	0.490727	-0.960961	-0.245237	0.128114	0.230227	-0.451909	0.861843
21986	2.419794	3.363562	11.290624	-0.499441	-2.911597	0.195893	-0.148584	0.843660	0.515908	-0.961838	-0.244504	0.122821	0.229760	-0.477971	0.847794
21987	0.459088	3.526007	11.389042	-0.664913	-3.383457	0.847643	-0.148981	0.824899	0.545295	-0.962106	-0.248281	0.112730	0.228377	-0.507837	0.830630
21988	-0.409104	5.209310	10.166842	-0.905117	-4.115957	1.784156	-0.156763	0.798736	0.580901	-0.961449	-0.257963	0.095239	0.225922	-0.543577	0.808383
21989	1.768007	6.432053	11.093817	-2.762288	-5.181009	2.216045	-0.166860	0.763601	0.623756	-0.963859	-0.259583	0.059940	0.207687	-0.591211	0.779318
21990	5.172514	4.133050	9.902711	-3.431011	-6.045320	2.305432	-0.177256	0.720297	0.670636	-0.966629	-0.255480	0.018909	0.184955	-0.644905	0.741545
21991	8.347568	1.551507	11.048169	-1.649070	-5.923577	2.350329	-0.189152	0.674670	0.713472	-0.965336	-0.260845	-0.009266	0.179854	-0.690493	0.700622
21992	9.494475	4.209901	12.831408	-0.734300	-6.072976	2.404743	-0.201276	0.625091	0.754155	-0.961974	-0.271274	-0.031891	0.184648	-0.731896	0.655922
21993	17.469732	5.412542	18.345632	-0.811594	-6.545625	2.427281	-0.212308	0.569131	0.794365	-0.958480	-0.279643	-0.055817	0.190372	-0.773233	0.604871
21994	14.031230	5.299982	16.637912	-0.186378	-5.305419	2.829254	-0.229003	0.519252	0.823368	-0.952585	-0.293631	-0.079765	0.200349	-0.802595	0.561874
21995	8.201746	7.383444	16.117651	-0.822679	-5.502364	3.052633	-0.246828	0.465180	0.850108	-0.946996	-0.301915	-0.109751	0.205606	-0.832139	0.515044
21996	9.340015	5.274501	16.253978	-1.499535	-5.468834	3.302197	-0.266804	0.408960	0.872678	-0.941563	-0.303790	-0.145500	0.205607	-0.860502	0.466114
21997	7.990151	6.279298	15.847264	-1.172579	-5.087567	3.387150	-0.288040	0.354254	0.889684	-0.934600	-0.306471	-0.180551	0.208701	-0.883504	0.419362
21998	5.598066	6.587492	15.307384	-0.695557	-4.761372	3.256563	-0.308254	0.301825	0.902154	-0.926310	-0.311187	-0.212398	0.216631	-0.901146	0.375508
21999	-2.135983	6.507668	10.907636	0.434348	-4.517865	3.334394	-0.328746	0.250265	0.910656	-0.914713	-0.324313	-0.241084	0.235002	-0.912244	0.335537
22000	2.264390	16.457252	13.463631	0.811444	-5.176580	1.902522	-0.333284	0.196691	0.922082	-0.906317	-0.336359	-0.255836	0.259830	-0.920964	0.290368
22001	33.997238	28.242531	26.823694	-2.696053	-4.363097	-0.502725	-0.317588	0.157779	0.935010	-0.914828	-0.310392	-0.258356	0.249456	-0.937423	0.242918
22002	10.804405	12.665998	19.949150	-4.204620	0.287657	-2.114583	-0.298720	0.166887	0.939636	-0.930896	-0.267852	-0.248369	0.210234	-0.948896	0.235368
22003	5.109241	9.709620	18.390011	-1.828383	2.266360	-3.567823	-0.269749	0.197548	0.942449	-0.944674	-0.243973	-0.219246	0.186621	-0.949448	0.252430
22004	-1.082498	12.351433	13.531517	-1.270122	3.210504	-4.319470	-0.234360	0.238458	0.942451	-0.957687	-0.223230	-0.181668	0.167063	-0.945149	0.280684
22005	-4.601909	7.916594	9.226067	-3.179705	2.802960	-4.207324	-0.197929	0.273496	0.941289	-0.971517	-0.182388	-0.151291	0.130302	-0.944423	0.301806
22006	-4.260811	1.287530	6.594314	-3.493232	2.669540	-3.959255	-0.162295	0.305548	0.938243	-0.982437	-0.138760	-0.124751	0.092073	-0.942012	0.322702
22007	-3.061299	-3.697248	6.825880	-2.708944	2.691813	-3.589191	-0.128956	0.335170	0.933291	-0.989747	-0.101789	-0.100201	0.061415	-0.936643	0.344860
22008	0.615389	-6.992397	8.468964	-1.277364	3.035783	-3.085676	-0.100132	0.366844	0.924878	-0.993909	-0.079874	-0.075925	0.046021	-0.926847	0.372607
22009	2.459383	-5.733844	9.585956	0.419812	3.481802	-2.599436	-0.075882	0.400892	0.912977	-0.996003	-0.073740	-0.050403	0.047117	-0.913153	0.404885
22010	3.351113	-3.461430	9.895158	0.966468	3.852695	-1.974540	-0.058410	0.437848	0.897150	-0.996780	-0.075035	-0.028276	0.054937	-0.895912	0.440821
22011	3.589211	-2.052805	9.520582	1.282295	4.237469	-1.348499	-0.047514	0.476448	0.877918	-0.996723	-0.080213	-0.010412	0.065460	-0.875536	0.478698
22012	4.431523	-1.001587	9.210963	1.302981	4.576274	-0.802734	-0.043110	0.517295	0.854720	-0.996087	-0.088323	0.003215	0.077155	-0.851237	0.519079
22013	5.144719	-0.541384	8.727459	1.244367	4.864155	-0.393360	-0.043195	0.558423	0.828431	-0.995234	-0.096618	0.013236	0.087433	-0.823910	0.559935
22014	5.732871	-0.407410	8.002590	1.215014	5.078116	-0.176074	-0.046579	0.600288	0.798427	-0.994095	-0.106277	0.021909	0.098006	-0.792692	0.601693
22015	5.736002	-0.532037	7.483932	1.205823	5.151203	-0.100624	-0.050872	0.640398	0.766357	-0.992907	-0.115001	0.030188	0.107465	-0.759385	0.641706
22016	5.876269	-1.300453	7.590066	1.205483	5.096197	-0.137815	-0.055750	0.678937	0.732077	-0.991515	-0.123883	0.039384	0.117431	-0.723670	0.680082
22017	7.051645	-2.362769	8.154964	1.344578	4.988201	-0.189002	-0.059997	0.714388	0.697173	-0.989977	-0.132044	0.050110	0.127855	-0.687178	0.715150
22018	8.794820	-2.667540	9.049846	1.557883	4.921537	-0.186146	-0.065355	0.748022	0.660448	-0.987874	-0.141915	0.062977	0.140835	-0.648323	0.748226
22019	9.496282	-2.900222	9.923462	1.752886	4.930853	-0.147511	-0.071191	0.779235	0.622676	-0.985385	-0.151795	0.077300	0.154754	-0.608072	0.778652
22020	9.500707	-2.906714	9.957730	1.844549	4.902553	-0.033105	-0.079463	0.808485	0.583128	-0.982272	-0.163142	0.092337	0.169785	-0.565453	0.807116
22021	9.959556	-1.028354	9.650191	1.986753	4.863792	0.185936	-0.089923	0.834636	0.543412	-0.978590	-0.175471	0.107572	0.185137	-0.522104	0.832545
22022	9.266358	1.056240	9.644069	1.811252	4.756968	0.354387	-0.103189	0.858108	0.502994	-0.974609	-0.188258	0.121226	0.198718	-0.477714	0.855746
22023	8.582845	2.728286	9.735907	1.556413	4.546930	0.285867	-0.115245	0.878325	0.463966	-0.971126	-0.197843	0.133313	0.208884	-0.435205	0.875765
22024	9.010888	4.428547	10.353734	1.310215	4.360645	0.039817	-0.125602	0.896546	0.424769	-0.968115	-0.204306	0.144954	0.216741	-0.393019	0.893621
22025	10.869436	3.951781	11.327418	0.834397	4.149488	-0.305215	-0.131708	0.912675	0.386882	-0.966690	-0.204659	0.153707	0.219464	-0.353750	0.909229
22026	14.506898	2.743703	11.268449	1.005659	4.259909	-0.701055	-0.134149	0.928627	0.345914	-0.965425	-0.201205	0.165745	0.223515	-0.311719	0.923511
22027	16.135123	1.495306	10.251391	1.273049	4.553907	-1.097894	-0.133885	0.943976	0.301636	-0.964012	-0.194606	0.181132	0.229684	-0.266530	0.936059
22028	15.633402	-1.211828	8.301275	1.436124	4.687593	-1.332908	-0.131866	0.958099	0.254279	-0.962436	-0.185164	0.198571	0.237334	-0.218543	0.946526
22029	16.182091	-4.204683	7.365550	1.647151	4.574098	-1.285961	-0.130594	0.969347	0.208113	-0.960134	-0.175983	0.217191	0.247158	-0.171453	0.953686
22030	19.206947	-7.779276	7.090759	2.065625	4.408015	-1.087329	-0.131948	0.977767	0.162976	-0.956190	-0.168892	0.239114	0.261323	-0.124285	0.957217
22031	21.727846	-8.824683	7.655311	3.004820	4.331294	-1.259225	-0.131775	0.984194	0.118310	-0.949654	-0.159562	0.269625	0.284242	-0.076824	0.955670
22032	22.168796	-5.982721	7.248631	3.450980	4.070520	-1.268823	-0.132337	0.988327	0.075480	-0.940962	-0.149201	0.303857	0.311572	-0.030813	0.949723
22033	21.768128	-2.301632	5.277228	3.299803	3.578037	-1.171121	-0.133000	0.990392	0.037873	-0.931803	-0.137970	0.335720	0.337720	0.009360	0.941200
22034	21.152181	2.034642	3.302947	2.887179	2.788994	-0.970818	-0.134015	0.990946	0.008102	-0.922961	-0.127789	0.363061	0.360810	0.041177	0.931730
22035	16.621490	8.118339	0.360037	2.006377	0.916647	-1.438496	-0.124179	0.992243	-0.005786	-0.917406	-0.112587	0.381693	0.378081	0.052706	0.924271
22036	27.046942	7.925017	-10.997434	-1.765419	-1.439442	-0.080645	-0.118250	0.992958	0.007125	-0.924015	-0.112661	0.365381	0.363611	0.036623	0.930831
22037	26.677124	4.113931	-10.894863	-2.739686	-1.552594	-0.897530	-0.104461	0.994358	0.018462	-0.934653	-0.104498	0.339857	0.339869	0.018247	0.940296
22038	20.052408	3.915094	-12.011147	-3.385978	-2.515769	-1.761927	-0.079671	0.996151	0.036559	-0.947268	-0.087079	0.308382	0.310379	-0.010062	0.950560
