// General information: 
//  MT Manager version: 2022.2.0 
//  XDA version: 2022.2.0 build 7381 rev 124627 built on 2023-07-19
// Device information: 
//  DeviceId: 00B4CAF0
//  ProductCode: MTW2-3A7G6
//  Firmware Version: 4.6.0
//  Hardware Version: 2.0.0
// Device settings: 
//  Filter Profile: human(46.1)
//  Option Flags: Orientation Smoother Disabled, Position/Velocity Smoother Disabled, Continuous Zero Rotation Update Disabled, AHS Disabled, ICC Disabled
// Coordinate system: ENU
PacketCounter	Acc_X	Acc_Y	Acc_Z	Gyr_X	Gyr_Y	Gyr_Z	Mat[1][1]	Mat[2][1]	Mat[3][1]	Mat[1][2]	Mat[2][2]	Mat[3][2]	Mat[1][3]	Mat[2][3]	Mat[3][3]
42266	4.164325	1.110272	9.354234	0.016702	0.003429	0.002755	0.697241	-0.584045	0.415627	0.596960	0.794072	0.114403	-0.396854	0.168346	0.902311
42267	4.159955	1.102742	9.376573	0.013041	0.002385	0.001309	0.697222	-0.584072	0.415622	0.596957	0.794064	0.114476	-0.396893	0.168293	0.902305
42268	4.174890	1.131760	9.390178	0.012305	-0.003562	0.005313	0.697210	-0.584098	0.415606	0.596980	0.794046	0.114484	-0.396880	0.168289	0.902311
42269	4.152622	1.126431	9.383330	0.007015	-0.005111	0.005190	0.697184	-0.584081	0.415672	0.596973	0.794050	0.114487	-0.396934	0.168327	0.902280
42270	4.138398	1.098838	9.369245	0.004798	-0.007136	0.003421	0.697141	-0.584123	0.415686	0.597048	0.794002	0.114433	-0.396898	0.168409	0.902280
42271	4.154913	1.055568	9.354430	0.013383	-0.007519	0.006994	0.697116	-0.584088	0.415777	0.597004	0.794027	0.114486	-0.397008	0.168410	0.902232
42272	4.189323	1.121259	9.359187	0.011290	-0.003833	0.003929	0.697102	-0.584115	0.415764	0.597030	0.794007	0.114489	-0.396994	0.168413	0.902238
42273	4.170916	1.085262	9.367477	0.008889	-0.007345	0.003162	0.697055	-0.584110	0.415848	0.597030	0.794003	0.114517	-0.397075	0.168449	0.902195
42274	4.190413	1.122973	9.358494	0.013937	-0.003061	0.003991	0.697040	-0.584143	0.415827	0.597052	0.793983	0.114545	-0.397071	0.168428	0.902201
42275	4.141229	1.103235	9.367477	0.013754	-0.004548	0.004993	0.697015	-0.584129	0.415889	0.597020	0.793997	0.114610	-0.397161	0.168409	0.902165
42276	4.175465	1.129477	9.409696	0.014647	-0.009991	0.007677	0.696990	-0.584126	0.415935	0.597019	0.793996	0.114626	-0.397207	0.168428	0.902141
42277	4.143210	1.105315	9.366356	0.012673	-0.014755	0.005205	0.696926	-0.584093	0.416089	0.596990	0.794010	0.114680	-0.397363	0.168477	0.902063
42278	4.171423	1.081301	9.387255	0.008459	-0.020258	0.006767	0.696859	-0.584073	0.416228	0.597012	0.793998	0.114648	-0.397446	0.168599	0.902004
42279	4.204137	1.105259	9.348169	0.005327	-0.015555	0.008116	0.696810	-0.584015	0.416392	0.596992	0.794017	0.114623	-0.397564	0.168712	0.901931
42280	4.220527	1.133260	9.361204	0.000830	-0.015380	0.004284	0.696752	-0.584018	0.416484	0.597054	0.793983	0.114534	-0.397571	0.168861	0.901900
42281	4.264355	1.103953	9.330403	-0.001692	-0.010441	0.002924	0.696692	-0.584010	0.416596	0.597098	0.793959	0.114468	-0.397611	0.169000	0.901856
42282	4.219514	1.091967	9.317055	0.005760	-0.002646	0.004513	0.696681	-0.584039	0.416575	0.597148	0.793929	0.114418	-0.397555	0.169044	0.901873
42283	4.223521	1.101317	9.294632	0.009732	0.005594	0.003654	0.696689	-0.584052	0.416543	0.597142	0.793929	0.114452	-0.397551	0.168998	0.901883
42284	4.214579	1.084681	9.339656	0.012930	0.010826	0.000707	0.696712	-0.584129	0.416396	0.597183	0.793893	0.114485	-0.397448	0.168902	0.901946
42285	4.201368	1.098941	9.369676	0.010408	0.015764	-0.000654	0.696734	-0.584194	0.416268	0.597204	0.793869	0.114542	-0.397377	0.168791	0.901998
42286	4.169352	1.116087	9.370818	0.015335	0.014335	0.001474	0.696768	-0.584281	0.416090	0.597243	0.793832	0.114593	-0.397260	0.168662	0.902074
42287	4.149102	1.080250	9.379962	0.005951	0.013001	0.001613	0.696793	-0.584323	0.415989	0.597266	0.793813	0.114601	-0.397181	0.168603	0.902120
42288	4.167140	1.117779	9.371600	0.011547	0.007581	0.001331	0.696798	-0.584400	0.415871	0.597321	0.793769	0.114619	-0.397089	0.168542	0.902172
42289	4.181302	1.146393	9.385549	0.003363	0.008004	0.001851	0.696805	-0.584432	0.415816	0.597353	0.793748	0.114603	-0.397031	0.168533	0.902199
42290	4.165787	1.118798	9.372080	0.006254	0.006037	0.001209	0.696815	-0.584492	0.415714	0.597411	0.793708	0.114576	-0.396924	0.168514	0.902250
42291	4.195951	1.103240	9.371598	0.004440	0.004048	0.003536	0.696816	-0.584504	0.415696	0.597427	0.793698	0.114563	-0.396899	0.168519	0.902260
42292	4.172838	1.097601	9.365183	0.006070	0.004550	0.002212	0.696823	-0.584558	0.415608	0.597484	0.793660	0.114530	-0.396801	0.168512	0.902304
42293	4.168808	1.128877	9.350009	0.007330	0.002081	0.002895	0.696812	-0.584571	0.415607	0.597492	0.793651	0.114545	-0.396807	0.168506	0.902303
42294	4.190969	1.095843	9.394226	0.005886	0.003064	0.003215	0.696809	-0.584627	0.415534	0.597558	0.793608	0.114504	-0.396713	0.168518	0.902342
42295	4.164600	1.120867	9.372361	0.001503	-0.005208	-0.000021	0.696752	-0.584651	0.415595	0.597610	0.793572	0.114479	-0.396735	0.168600	0.902317
42296	4.187558	1.126825	9.378808	-0.000020	0.001288	0.005801	0.696765	-0.584674	0.415542	0.597671	0.793542	0.114375	-0.396622	0.168665	0.902354
42297	4.169051	1.129217	9.349860	-0.004461	-0.002759	0.002265	0.696731	-0.584684	0.415584	0.597730	0.793509	0.114286	-0.396591	0.168781	0.902346
42298	4.187872	1.126000	9.378767	-0.002241	-0.000736	0.004033	0.696725	-0.584718	0.415547	0.597811	0.793465	0.114171	-0.396480	0.168873	0.902378
42299	4.177183	1.106346	9.342683	-0.003685	0.000248	0.004354	0.696716	-0.584717	0.415564	0.597853	0.793446	0.114080	-0.396433	0.168965	0.902381
42300	4.203824	1.081293	9.364424	0.000649	-0.002703	0.003391	0.696707	-0.584740	0.415546	0.597915	0.793413	0.113993	-0.396356	0.169042	0.902401
42301	4.165098	1.079520	9.409829	-0.001038	0.001019	0.004415	0.696701	-0.584740	0.415557	0.597946	0.793399	0.113926	-0.396319	0.169108	0.902404
42302	4.181468	1.114372	9.320295	-0.001871	0.002236	0.002027	0.696694	-0.584795	0.415492	0.598040	0.793343	0.113821	-0.396189	0.169182	0.902448
42303	4.165344	1.118861	9.372270	0.005944	-0.001161	0.003515	0.696674	-0.584798	0.415521	0.598050	0.793335	0.113821	-0.396209	0.169206	0.902434
42304	4.199992	1.112166	9.349212	0.006498	0.003296	0.000506	0.696659	-0.584870	0.415445	0.598126	0.793281	0.113797	-0.396121	0.169211	0.902472
42305	4.207689	1.090753	9.342055	0.008165	0.000862	0.005284	0.696657	-0.584862	0.415457	0.598115	0.793288	0.113809	-0.396140	0.169205	0.902465
42306	4.172689	1.098668	9.365124	0.009330	0.005552	-0.000435	0.696648	-0.584942	0.415360	0.598183	0.793236	0.113816	-0.396055	0.169171	0.902509
42307	4.172354	1.099594	9.365165	0.011424	0.001865	0.002637	0.696635	-0.584957	0.415361	0.598177	0.793233	0.113869	-0.396086	0.169134	0.902502
42308	4.179992	1.078604	9.357992	0.011609	0.003350	0.001634	0.696621	-0.585027	0.415286	0.598232	0.793189	0.113886	-0.396026	0.169102	0.902534
42309	4.164104	1.123609	9.372253	0.011852	0.000611	0.000932	0.696593	-0.585053	0.415296	0.598237	0.793176	0.113949	-0.396069	0.169069	0.902521
42310	4.198710	1.117498	9.349152	0.012037	0.002097	-0.000071	0.696556	-0.585144	0.415230	0.598315	0.793113	0.113975	-0.396016	0.169048	0.902549
42311	4.159794	1.116842	9.394505	0.008593	-0.000392	0.003580	0.696540	-0.585148	0.415252	0.598314	0.793111	0.113999	-0.396047	0.169046	0.902535
42312	4.186827	1.132198	9.378487	0.006372	-0.002415	0.001812	0.696520	-0.585186	0.415231	0.598364	0.793077	0.113971	-0.396005	0.169076	0.902548
42313	4.164382	1.126544	9.371777	0.005149	-0.002880	0.007230	0.696516	-0.585157	0.415280	0.598351	0.793090	0.113949	-0.396032	0.169116	0.902529
42314	4.161047	1.157092	9.356358	-0.004648	-0.004242	0.003268	0.696481	-0.585201	0.415276	0.598461	0.793026	0.113813	-0.395928	0.169258	0.902548
42315	4.177229	1.112646	9.341914	-0.002184	-0.004957	0.004334	0.696451	-0.585192	0.415340	0.598497	0.793010	0.113736	-0.395926	0.169369	0.902528
42316	4.181591	1.081543	9.356938	-0.001942	-0.007696	0.003632	0.696424	-0.585202	0.415369	0.598563	0.792976	0.113628	-0.395874	0.169491	0.902528
42317	4.201220	1.118013	9.347963	-0.001573	-0.004725	0.001625	0.696379	-0.585214	0.415428	0.598615	0.792945	0.113568	-0.395874	0.169595	0.902508
42318	4.174800	1.103075	9.363665	0.000465	-0.004188	0.004397	0.696374	-0.585220	0.415427	0.598660	0.792924	0.113482	-0.395814	0.169674	0.902520
42319	4.160267	1.074982	9.349838	0.000649	-0.002703	0.003393	0.696348	-0.585222	0.415470	0.598692	0.792907	0.113435	-0.395813	0.169748	0.902506
42320	4.183485	1.081412	9.356107	0.011541	-0.006588	0.003240	0.696310	-0.585254	0.415488	0.598726	0.792879	0.113448	-0.395828	0.169769	0.902496
42321	4.207068	1.127677	9.324664	0.008410	-0.001880	0.004583	0.696294	-0.585247	0.415525	0.598719	0.792882	0.113466	-0.395868	0.169777	0.902477
42322	4.214693	1.066957	9.355036	0.009632	-0.001416	-0.000836	0.696269	-0.585298	0.415495	0.598763	0.792846	0.113480	-0.395843	0.169770	0.902489
42323	4.203031	1.120680	9.346830	0.012632	0.003615	0.003019	0.696265	-0.585313	0.415480	0.598750	0.792847	0.113543	-0.395870	0.169713	0.902488
42324	4.202616	1.121886	9.346871	0.015466	0.005868	0.002077	0.696254	-0.585394	0.415385	0.598801	0.792802	0.113590	-0.395813	0.169645	0.902526
42325	4.175183	1.108624	9.362839	0.018115	0.006636	0.002140	0.696257	-0.585421	0.415342	0.598772	0.792807	0.113706	-0.395852	0.169527	0.902531
42326	4.178685	1.119056	9.340497	0.018728	0.006867	-0.000568	0.696258	-0.585495	0.415236	0.598791	0.792779	0.113802	-0.395821	0.169404	0.902567
42327	4.180725	1.122275	9.421454	0.013654	0.003881	0.004408	0.696263	-0.585499	0.415221	0.598764	0.792790	0.113868	-0.395853	0.169337	0.902566
42328	4.127251	1.132970	9.415501	0.005521	0.000090	0.005225	0.696264	-0.585525	0.415183	0.598807	0.792765	0.113820	-0.395787	0.169365	0.902590
42329	4.131518	1.102650	9.430511	0.006486	-0.010867	0.002423	0.696199	-0.585521	0.415298	0.598822	0.792752	0.113830	-0.395878	0.169441	0.902536
42330	4.163706	1.126385	9.391632	0.003042	-0.013352	0.006075	0.696135	-0.585539	0.415380	0.598894	0.792708	0.113752	-0.395882	0.169582	0.902507
42331	4.124213	1.123027	9.355349	-0.000271	-0.025578	0.004537	0.696024	-0.585492	0.415631	0.598921	0.792696	0.113691	-0.396035	0.169798	0.902400
42332	4.164575	1.156181	9.374409	-0.012680	-0.030639	0.006621	0.695921	-0.585443	0.415873	0.599013	0.792658	0.113474	-0.396078	0.170144	0.902315
42333	4.179564	1.140891	9.343748	-0.024717	-0.032731	0.006699	0.695795	-0.585367	0.416191	0.599122	0.792617	0.113184	-0.396134	0.170596	0.902205
42334	4.186577	1.107273	9.357910	-0.031213	-0.036029	0.006203	0.695660	-0.585321	0.416481	0.599301	0.792537	0.112800	-0.396100	0.171127	0.902120
42335	4.228628	1.105465	9.311330	-0.033912	-0.032579	0.005845	0.695530	-0.585252	0.416796	0.599452	0.792475	0.112430	-0.396100	0.171651	0.902020
42336	4.223706	1.124054	9.317577	-0.033964	-0.028359	0.005547	0.695397	-0.585254	0.417014	0.599683	0.792358	0.112018	-0.395984	0.172179	0.901971
42337	4.252956	1.095283	9.338541	-0.045397	-0.028937	0.008730	0.695298	-0.585168	0.417299	0.599860	0.792293	0.111533	-0.395889	0.172773	0.901899
42338	4.209319	1.150301	9.353026	-0.051590	-0.023752	0.011732	0.695235	-0.585111	0.417485	0.600096	0.792197	0.110940	-0.395642	0.173402	0.901886
42339	4.192666	1.107710	9.361406	-0.063428	-0.024372	0.010830	0.695167	-0.585016	0.417731	0.600330	0.792112	0.110283	-0.395407	0.174111	0.901853
42340	4.191222	1.092213	9.383426	-0.069071	-0.028906	0.012739	0.695126	-0.584897	0.417966	0.600572	0.792032	0.109540	-0.395112	0.174875	0.901834
42341	4.190179	1.076039	9.405331	-0.074111	-0.031926	0.017743	0.695070	-0.584733	0.418288	0.600799	0.791967	0.108758	-0.394865	0.175713	0.901780
42342	4.212655	1.105163	9.395997	-0.071568	-0.036895	0.019119	0.695000	-0.584593	0.418601	0.601062	0.791878	0.107952	-0.394589	0.176579	0.901731
42343	4.186270	1.112630	9.395934	-0.091205	-0.047035	0.024482	0.694925	-0.584348	0.419066	0.601309	0.791821	0.106988	-0.394344	0.177640	0.901630
42344	4.187713	1.061574	9.351613	-0.101805	-0.045931	0.024003	0.694866	-0.584130	0.419467	0.601629	0.791725	0.105894	-0.393958	0.178781	0.901573
42345	4.189094	1.042838	9.372678	-0.082310	-0.063166	0.035074	0.694792	-0.583772	0.420088	0.601767	0.791744	0.104965	-0.393878	0.179866	0.901392
42346	4.191599	1.025063	9.393115	-0.078131	-0.068914	0.029316	0.694659	-0.583490	0.420699	0.601980	0.791701	0.104062	-0.393787	0.180965	0.901212
42347	4.179747	0.980043	9.399361	-0.070409	-0.078085	0.032089	0.694508	-0.583127	0.421451	0.602093	0.791722	0.103253	-0.393881	0.182042	0.900954
42348	4.119196	0.987301	9.442987	-0.051764	-0.096638	0.029119	0.694288	-0.582765	0.422313	0.602168	0.791750	0.102593	-0.394154	0.183075	0.900626
42349	4.129597	0.981263	9.439073	-0.051841	-0.117883	0.026525	0.693947	-0.582372	0.423416	0.602246	0.791770	0.101975	-0.394636	0.184236	0.900178
42350	4.141997	1.046936	9.462801	-0.050560	-0.144610	0.030719	0.693543	-0.581910	0.424710	0.602311	0.791806	0.101317	-0.395246	0.185540	0.899642
42351	4.065750	1.120188	9.526039	-0.063382	-0.178502	0.039452	0.693038	-0.581297	0.426371	0.602346	0.791878	0.100540	-0.396077	0.187144	0.898944
42352	3.948425	1.140313	9.612655	-0.072897	-0.234405	0.054867	0.692378	-0.580526	0.428489	0.602401	0.791959	0.099567	-0.397147	0.189184	0.898044
42353	3.865059	1.062254	9.689557	-0.079384	-0.316677	0.073223	0.691522	-0.579375	0.431419	0.602268	0.792193	0.098501	-0.398836	0.191714	0.896758
42354	3.764038	1.079497	9.771613	-0.090857	-0.406289	0.086216	0.690386	-0.577973	0.435103	0.602135	0.792451	0.097238	-0.400999	0.194859	0.895115
42355	3.639965	0.991758	9.882919	-0.084615	-0.527951	0.091837	0.688777	-0.576238	0.439927	0.601901	0.792774	0.096042	-0.404106	0.198641	0.892883
42356	3.504293	1.000649	9.998992	-0.093006	-0.680308	0.092875	0.686528	-0.574221	0.446038	0.601766	0.793036	0.094721	-0.408114	0.203382	0.889988
42357	3.525976	0.949406	10.028436	-0.093226	-0.858845	0.096299	0.683542	-0.571718	0.453771	0.601548	0.793355	0.093422	-0.413413	0.209107	0.886208
42358	3.640676	0.973926	9.986365	-0.082619	-1.035778	0.092664	0.679709	-0.568909	0.462967	0.601439	0.793584	0.092173	-0.419841	0.215796	0.881570
42359	3.779849	0.734003	10.070125	-0.126836	-1.199057	0.076625	0.675055	-0.565698	0.473590	0.601516	0.793699	0.090664	-0.427176	0.223669	0.876067
42360	3.774572	0.654259	10.006095	-0.117976	-1.372051	0.058803	0.669440	-0.562201	0.485572	0.601772	0.793663	0.089271	-0.435568	0.232442	0.869627
42361	3.950952	0.390211	10.355172	-0.128625	-1.542462	0.014164	0.662696	-0.558460	0.498955	0.602304	0.793395	0.088054	-0.445043	0.242170	0.862143
42362	4.070707	-0.076312	10.734631	-0.090067	-1.715796	-0.063709	0.654562	-0.554792	0.513571	0.603234	0.792746	0.087535	-0.455695	0.252507	0.853570
42363	4.172875	-0.480143	10.725527	0.058069	-1.892179	-0.166837	0.644774	-0.551271	0.529496	0.604110	0.791931	0.088866	-0.468314	0.262575	0.843645
42364	4.872195	-0.397126	10.504472	0.138353	-2.072736	-0.280678	0.633205	-0.548014	0.546564	0.605354	0.790683	0.091466	-0.482283	0.272948	0.832407
42365	5.861229	-0.883320	11.345850	-0.116965	-2.143982	-0.424153	0.620115	-0.545404	0.563907	0.608645	0.787994	0.092826	-0.494984	0.285656	0.820604
42366	5.246689	-1.085367	10.569217	0.156017	-2.165183	-0.585901	0.605653	-0.543784	0.580933	0.611566	0.785178	0.097379	-0.509089	0.296301	0.808106
42367	5.553114	0.031354	10.566474	0.124855	-2.186204	-0.713346	0.589956	-0.542805	0.597758	0.615248	0.781634	0.102559	-0.522897	0.307264	0.795090
42368	5.924316	-0.301909	10.202108	-0.085734	-2.231252	-0.863263	0.572802	-0.542603	0.614394	0.620838	0.776596	0.107041	-0.535217	0.320126	0.781705
42369	5.824257	-0.001064	10.220697	-0.064855	-2.212883	-1.012898	0.554464	-0.543245	0.630439	0.626960	0.770838	0.112822	-0.547257	0.332705	0.767996
42370	4.858823	-0.331916	9.979988	-0.217872	-2.115096	-1.125182	0.535676	-0.544773	0.645193	0.634419	0.763889	0.118264	-0.557283	0.345971	0.754811
42371	3.659974	-0.268306	10.493662	-0.240314	-1.992565	-1.178538	0.516918	-0.546739	0.658690	0.642033	0.756562	0.124130	-0.566206	0.358735	0.742105
42372	2.521816	-1.319185	11.255666	-0.394177	-1.775223	-1.083438	0.499805	-0.548484	0.670343	0.649911	0.749094	0.128348	-0.572547	0.371514	0.730867
42373	2.381512	-4.275825	12.055013	-0.494275	-1.481939	-0.673611	0.486848	-0.547944	0.680247	0.656135	0.743485	0.129292	-0.576598	0.383389	0.721490
42374	5.439057	-5.093243	13.934295	-0.281328	-1.039050	0.100381	0.481502	-0.543249	0.687777	0.657412	0.742838	0.126495	-0.579625	0.391245	0.714816
42375	3.917253	-3.985551	14.202932	-0.348046	-0.237193	0.679705	0.484549	-0.537285	0.690316	0.656205	0.745091	0.119311	-0.578453	0.395177	0.713602
42376	1.065916	-2.951635	12.205867	-0.302090	0.330492	1.072796	0.493486	-0.530656	0.689112	0.652850	0.749509	0.109647	-0.574680	0.395778	0.716312
42377	-0.142023	-1.942238	10.891968	-0.253749	0.573568	1.253408	0.504880	-0.523520	0.686311	0.648107	0.755062	0.099189	-0.570135	0.394725	0.720513
42378	0.092678	-1.271170	10.677344	-0.143637	0.688746	1.291848	0.517145	-0.516530	0.682464	0.642480	0.761094	0.089195	-0.565491	0.392343	0.725456
42379	1.053607	-0.670849	11.110580	-0.157170	0.893003	1.308546	0.530496	-0.510047	0.677072	0.636571	0.767147	0.079138	-0.559778	0.389021	0.731650
42380	1.594033	0.064821	11.315956	-0.105687	1.198492	1.297020	0.545403	-0.504794	0.669118	0.630346	0.773196	0.069513	-0.552449	0.383863	0.739898
42381	1.594671	0.734549	11.041935	-0.139067	1.508529	1.237495	0.561389	-0.500960	0.658696	0.624321	0.778842	0.060243	-0.543199	0.377418	0.749993
42382	1.499956	0.923360	10.570939	-0.208033	1.759944	1.132385	0.577917	-0.498810	0.645910	0.619154	0.783601	0.051166	-0.531658	0.370348	0.761697
42383	1.688635	0.930938	10.217029	-0.246868	1.949339	0.989009	0.594217	-0.498213	0.631419	0.614716	0.787580	0.042932	-0.518682	0.362632	0.774252
42384	2.155679	0.844642	10.091704	-0.265067	2.114942	0.848297	0.610260	-0.499226	0.615106	0.611127	0.790738	0.035458	-0.504089	0.354270	0.787647
42385	2.589874	0.734006	9.959730	-0.286393	2.287418	0.728619	0.626012	-0.501484	0.597179	0.608106	0.793336	0.028741	-0.488176	0.345155	0.801593
42386	2.924708	0.432416	9.850948	-0.306028	2.427094	0.675073	0.641770	-0.504515	0.577578	0.605457	0.795569	0.022183	-0.470694	0.335462	0.816034
42387	3.348562	0.100783	9.811688	-0.309118	2.542740	0.670960	0.657520	-0.507598	0.556787	0.602585	0.797898	0.015804	-0.452282	0.325120	0.830505
42388	3.865091	-0.203543	9.905152	-0.277384	2.641860	0.719351	0.673552	-0.510430	0.534592	0.599186	0.800554	0.009435	-0.432786	0.313965	0.845058
42389	4.392769	-0.372525	10.159910	-0.227178	2.746455	0.791990	0.689855	-0.512563	0.511253	0.594807	0.803862	0.003325	-0.412681	0.301803	0.859424
42390	4.991841	-0.486946	10.306103	-0.161546	2.835712	0.867465	0.706406	-0.514088	0.486522	0.589559	0.807721	-0.002524	-0.391676	0.288616	0.873665
42391	5.417403	-0.428855	10.178499	-0.092280	2.932230	0.935104	0.723025	-0.514800	0.460670	0.583285	0.812230	-0.007802	-0.370153	0.274343	0.887537
42392	5.415165	-0.289987	9.937876	-0.035962	2.989283	1.001532	0.739563	-0.514762	0.433667	0.576246	0.817177	-0.012726	-0.347832	0.259311	0.900983
42393	5.456856	-0.213701	9.739883	0.000708	2.989523	1.047952	0.755592	-0.513726	0.406406	0.568466	0.822528	-0.017162	-0.325464	0.243995	0.913531
42394	5.772037	-0.146872	9.729315	0.019858	2.952877	1.088754	0.771001	-0.511867	0.378878	0.560247	0.828050	-0.021377	-0.302788	0.228747	0.925200
42395	6.073195	-0.130540	9.828020	0.059685	2.888687	1.122721	0.785637	-0.508960	0.351759	0.551389	0.833874	-0.024968	-0.280615	0.213572	0.935758
42396	6.359093	0.059383	9.886461	0.103435	2.813029	1.130831	0.799385	-0.505439	0.324832	0.542298	0.839722	-0.027943	-0.258645	0.198493	0.945359
42397	6.594721	0.293216	9.790822	0.133014	2.719499	1.097108	0.812000	-0.501427	0.298709	0.533182	0.845463	-0.030149	-0.237430	0.183747	0.953868
42398	6.796455	0.535562	9.776584	0.129238	2.605094	1.027376	0.823318	-0.497460	0.273278	0.524633	0.850728	-0.031968	-0.216582	0.169690	0.961404
42399	6.895088	0.614106	9.608217	0.095250	2.473384	0.929528	0.833239	-0.493603	0.249135	0.516789	0.855456	-0.033529	-0.196574	0.156688	0.967888
42400	7.143948	0.614331	9.374625	0.059499	2.326374	0.816670	0.841743	-0.490245	0.226118	0.509977	0.859475	-0.035007	-0.177181	0.144781	0.973471
42401	7.031041	0.609224	8.944771	0.028798	2.155780	0.698532	0.848882	-0.487272	0.204855	0.504074	0.862898	-0.036286	-0.159088	0.134064	0.978120
42402	6.930666	0.522121	8.506692	0.006151	1.968625	0.576518	0.854697	-0.484966	0.185204	0.499285	0.865627	-0.037461	-0.142151	0.124487	0.981986
42403	6.821427	0.584044	8.068211	-0.018036	1.747363	0.464989	0.859336	-0.483077	0.167865	0.495374	0.867826	-0.038516	-0.127071	0.116254	0.985057
42404	6.826146	0.728849	7.759589	-0.056198	1.515967	0.362982	0.862907	-0.481760	0.152640	0.492439	0.869438	-0.039760	-0.113556	0.109475	0.987482
42405	6.898608	0.755673	7.433242	-0.115553	1.290218	0.268410	0.865590	-0.480842	0.139802	0.490291	0.870577	-0.041353	-0.101824	0.104339	0.989316
42406	7.014427	0.716725	7.073606	-0.179004	1.081335	0.187095	0.867504	-0.480438	0.128901	0.488959	0.871223	-0.043481	-0.091411	0.100748	0.990704
42407	6.925236	0.607815	6.740785	-0.210496	0.885974	0.108403	0.868780	-0.480415	0.120094	0.488247	0.871505	-0.045763	-0.082678	0.098394	0.991707
42408	6.958644	0.685942	6.489936	-0.224171	0.686708	0.034490	0.869445	-0.480894	0.113165	0.488231	0.871386	-0.048128	-0.075466	0.097096	0.992410
42409	5.131252	-1.689751	4.240934	-0.177255	0.117352	0.006921	0.869542	-0.480986	0.112021	0.488349	0.871217	-0.049956	-0.073567	0.098144	0.992449
42410	7.197692	0.232352	3.007131	0.544208	-0.523013	-0.009652	0.869046	-0.480666	0.117129	0.488116	0.871636	-0.044646	-0.080635	0.095972	0.992113
42411	9.960427	0.961839	4.215316	0.344768	-0.858150	0.047360	0.868521	-0.479463	0.125643	0.487457	0.872168	-0.041344	-0.089758	0.097154	0.991214
42412	9.685097	0.283227	3.444578	0.461463	-1.173809	0.110786	0.867893	-0.477440	0.137160	0.486149	0.873092	-0.037015	-0.102081	0.098805	0.989857
42413	9.473161	0.543963	2.560451	0.668258	-1.567735	0.149244	0.866860	-0.474612	0.152636	0.484164	0.874439	-0.030682	-0.118909	0.100498	0.987806
42414	5.447463	3.130574	5.990177	0.749358	-1.788044	0.219837	0.865587	-0.470957	0.170171	0.481389	0.876186	-0.023735	-0.137923	0.102463	0.985129
42415	3.020401	2.885783	11.921230	0.278579	-1.706877	0.251052	0.864276	-0.466997	0.186927	0.478861	0.877627	-0.021500	-0.154012	0.108094	0.982139
42416	0.165651	0.044082	11.028079	0.580259	-1.668735	-0.042626	0.861326	-0.465620	0.203261	0.478371	0.878015	-0.015806	-0.171107	0.110848	0.978997
42417	1.133199	1.750709	9.889290	0.785586	-1.857630	-0.343128	0.856294	-0.466594	0.221474	0.479949	0.877265	-0.007456	-0.190812	0.112681	0.975138
42418	3.980210	0.866070	10.888078	0.402383	-1.922366	-0.314137	0.850909	-0.467204	0.240154	0.481913	0.876214	-0.002890	-0.209076	0.118193	0.970730
42419	4.368854	-0.751096	11.267360	0.353756	-1.854992	-0.249492	0.845638	-0.467182	0.258142	0.483313	0.875447	0.001104	-0.226506	0.123830	0.966106
42420	3.262541	-1.790126	10.471834	0.291600	-1.864150	-0.161662	0.840446	-0.466304	0.276065	0.484079	0.875014	0.004275	-0.243554	0.130045	0.961129
42421	2.129866	-1.519699	9.350331	0.438695	-1.993622	-0.079518	0.834989	-0.464390	0.295186	0.483692	0.875196	0.008655	-0.262365	0.135552	0.955401
42422	3.059610	-6.714278	11.186776	0.332676	-2.404958	-0.323928	0.826822	-0.463938	0.318004	0.485568	0.874106	0.012742	-0.283881	0.143878	0.948004
42423	9.157931	-2.513901	12.158500	2.592995	-2.257313	-0.492742	0.817650	-0.465175	0.339207	0.481914	0.875359	0.038793	-0.314973	0.131750	0.939912
42424	5.461282	2.426963	10.958846	1.639378	-1.909026	-0.467504	0.809133	-0.466880	0.356828	0.480468	0.875242	0.055686	-0.338310	0.126387	0.932509
42425	8.722798	4.400852	12.044502	1.473027	-1.784759	-0.392860	0.800990	-0.468141	0.373174	0.478551	0.875204	0.070757	-0.359728	0.121907	0.925059
42426	11.059861	7.840266	14.098300	0.923311	-1.192172	-0.230517	0.795488	-0.468790	0.383972	0.477108	0.875189	0.080075	-0.373586	0.119497	0.919866
42427	8.446064	3.993186	11.716902	-0.285450	-0.405269	-0.079880	0.793558	-0.469034	0.387650	0.478874	0.874437	0.077716	-0.375427	0.123963	0.918525
42428	4.838414	1.120800	10.009934	-0.103450	-0.230480	-0.009840	0.792617	-0.468893	0.389742	0.479429	0.874218	0.076747	-0.376705	0.126023	0.917721
42429	5.066717	1.425388	10.049570	-0.003677	-0.215157	0.031052	0.791923	-0.468387	0.391755	0.479259	0.874329	0.076549	-0.378377	0.127132	0.916880
42430	4.550797	1.554391	9.723764	-0.025860	-0.127201	0.038586	0.791598	-0.467947	0.392935	0.479138	0.874434	0.076104	-0.379209	0.128027	0.916412
42431	4.045436	0.779356	9.517513	-0.071131	-0.119783	0.042006	0.791314	-0.467463	0.394081	0.479138	0.874509	0.075244	-0.379801	0.129277	0.915990
42432	4.348241	0.939271	9.591958	0.007872	-0.122478	0.042899	0.791027	-0.466988	0.395220	0.478854	0.874677	0.075092	-0.380757	0.129853	0.915512
42433	4.107341	0.968620	9.475624	-0.018128	-0.097521	0.043761	0.790834	-0.466516	0.396162	0.478639	0.874827	0.074710	-0.381427	0.130535	0.915136
42434	3.429679	0.720468	9.207327	-0.037270	-0.101600	0.049988	0.790658	-0.466004	0.397114	0.478471	0.874970	0.074116	-0.382002	0.131407	0.914772
42435	3.645539	0.298509	9.363954	-0.082303	-0.177250	0.048982	0.790184	-0.465379	0.398788	0.478461	0.875059	0.073126	-0.382994	0.133021	0.914123
42436	4.744726	0.460648	9.702446	-0.008153	-0.175417	0.048038	0.789714	-0.464783	0.400411	0.478198	0.875229	0.072805	-0.384290	0.133981	0.913439
42437	4.413269	0.421160	9.487825	-0.026941	-0.060789	0.037752	0.789630	-0.464409	0.401010	0.478067	0.875337	0.072366	-0.384626	0.134567	0.913211
42438	4.296185	0.571049	9.499952	0.012800	-0.082873	0.030391	0.789429	-0.464090	0.401775	0.477863	0.875453	0.072305	-0.385291	0.134914	0.912879
42439	4.285105	0.663281	9.521778	0.003466	-0.053227	0.030989	0.789341	-0.463785	0.402300	0.477668	0.875571	0.072170	-0.385713	0.135199	0.912659
42440	4.157614	0.685120	9.438895	0.012056	-0.035846	0.019572	0.789268	-0.463623	0.402627	0.477553	0.875636	0.072146	-0.386004	0.135334	0.912516
42441	4.111921	0.822175	9.467280	0.018009	-0.046208	0.028453	0.789195	-0.463350	0.403086	0.477322	0.875761	0.072153	-0.386440	0.135459	0.912313
42442	4.152645	0.843260	9.508003	0.007647	-0.045732	0.032987	0.789148	-0.463057	0.403514	0.477118	0.875882	0.072035	-0.386787	0.135677	0.912133
42443	4.216836	0.777428	9.501502	-0.005981	-0.042913	0.033793	0.789112	-0.462741	0.403946	0.476937	0.876000	0.071802	-0.387082	0.135997	0.911961
42444	4.170063	0.706028	9.437830	0.008028	-0.033461	0.034772	0.789121	-0.462449	0.404263	0.476717	0.876130	0.071680	-0.387335	0.136155	0.911830
42445	4.062424	0.674132	9.476262	0.015145	-0.032047	0.033670	0.789127	-0.462148	0.404596	0.476456	0.876275	0.071640	-0.387646	0.136239	0.911685
42446	4.166748	0.633496	9.409284	0.013471	-0.037854	0.033621	0.789113	-0.461860	0.404953	0.476224	0.876407	0.071571	-0.387959	0.136370	0.911532
42447	4.138530	0.678021	9.413028	0.028777	-0.037610	0.032178	0.789089	-0.461565	0.405335	0.475921	0.876564	0.071661	-0.388378	0.136360	0.911355
42448	4.031518	0.498709	9.245664	0.048208	-0.028984	0.018377	0.789036	-0.461422	0.405600	0.475674	0.876672	0.071971	-0.388787	0.136146	0.911213
42449	4.076631	0.174401	9.225456	0.439850	-0.017244	0.002742	0.788951	-0.461413	0.405775	0.474001	0.877245	0.075925	-0.390997	0.132436	0.910814
42450	4.174778	0.909945	9.593285	0.525575	-0.025180	0.000041	0.788825	-0.461438	0.405992	0.472026	0.877888	0.080655	-0.393633	0.128016	0.910311
42451	4.151646	0.852667	9.447985	0.294155	-0.001446	-0.004639	0.788767	-0.461516	0.406017	0.470966	0.878209	0.083309	-0.395017	0.125509	0.910060
42452	4.216921	1.079728	9.497202	0.203480	-0.017720	0.007379	0.788704	-0.461487	0.406172	0.470190	0.878455	0.085075	-0.396065	0.123879	0.909828
42453	4.200433	0.804378	9.404561	0.058698	-0.008753	0.006597	0.788670	-0.461457	0.406273	0.469969	0.878528	0.085541	-0.396396	0.123472	0.909739
42454	4.171603	0.719590	9.366259	0.234225	0.000611	-0.003628	0.788627	-0.461548	0.406251	0.469155	0.878757	0.087631	-0.397442	0.121487	0.909550
42455	4.255161	1.059475	9.480466	0.207684	-0.005868	-0.002223	0.788563	-0.461599	0.406319	0.468410	0.878968	0.089487	-0.398448	0.119757	0.909339
42456	4.191713	0.960733	9.480303	0.124975	-0.014137	-0.003028	0.788465	-0.461667	0.406432	0.468022	0.879062	0.090581	-0.399097	0.118799	0.909180
42457	4.094156	1.041807	9.526426	0.063406	-0.017367	0.001744	0.788373	-0.461670	0.406607	0.467819	0.879116	0.091109	-0.399516	0.118391	0.909049
42458	4.176037	0.857703	9.412738	0.013645	-0.019936	0.009589	0.788311	-0.461620	0.406784	0.467776	0.879136	0.091139	-0.399690	0.118438	0.908967
42459	4.140477	0.807917	9.386462	0.041084	-0.028576	0.007567	0.788201	-0.461559	0.407066	0.467616	0.879189	0.091440	-0.400093	0.118278	0.908810
42460	4.175287	0.858262	9.432534	0.068292	-0.030219	0.001501	0.788059	-0.461568	0.407330	0.467418	0.879236	0.091999	-0.400603	0.117892	0.908636
42461	4.122760	0.905447	9.428478	0.055113	-0.027028	-0.000646	0.787917	-0.461580	0.407590	0.467266	0.879269	0.092461	-0.401059	0.117601	0.908472
42462	4.129893	0.888289	9.421011	0.074613	-0.032986	-0.003456	0.787741	-0.461630	0.407874	0.467081	0.879300	0.093098	-0.401620	0.117173	0.908279
42463	4.144506	0.908618	9.373563	0.076893	-0.027328	0.000879	0.787605	-0.461629	0.408138	0.466829	0.879364	0.093751	-0.402181	0.116692	0.908093
42464	4.125148	0.919503	9.445623	0.074954	-0.028845	-0.003822	0.787443	-0.461688	0.408384	0.466645	0.879393	0.094393	-0.402710	0.116242	0.907916
42465	4.061688	0.977318	9.388870	0.053449	-0.041365	0.004596	0.787267	-0.461638	0.408780	0.466458	0.879447	0.094818	-0.403271	0.116032	0.907694
42466	4.148368	0.918808	9.390399	0.025092	-0.039487	0.002027	0.787090	-0.461633	0.409127	0.466428	0.879445	0.094982	-0.403652	0.116069	0.907520
42467	4.460876	1.972736	9.668900	-0.150813	-0.035482	0.060099	0.787196	-0.461101	0.409521	0.466627	0.879516	0.093326	-0.403214	0.117628	0.907514
42468	4.335969	2.214885	9.190521	-0.978179	0.189598	0.230045	0.789003	-0.459366	0.407991	0.468815	0.879346	0.083447	-0.397098	0.125432	0.909165
42469	3.001927	0.906291	10.497442	-1.984981	0.086275	0.268682	0.790578	-0.457160	0.407420	0.474539	0.877887	0.064244	-0.387039	0.142546	0.910978
42470	4.252299	-3.233196	8.371498	-0.694674	-0.431809	-0.135531	0.788234	-0.457772	0.411256	0.478381	0.876207	0.058423	-0.387090	0.150686	0.909646
42471	4.349271	0.654304	8.887477	0.812923	-0.200235	-0.112147	0.786888	-0.458497	0.413023	0.476158	0.876862	0.066233	-0.392532	0.144546	0.908309
42472	4.368183	-0.249592	8.693286	1.262872	-0.144860	-0.208930	0.785294	-0.460187	0.414175	0.472886	0.877619	0.078502	-0.399614	0.134210	0.906806
42473	4.262467	1.887756	9.385424	1.650856	-0.072499	-0.122051	0.784397	-0.461205	0.414742	0.467242	0.879126	0.093923	-0.407929	0.120112	0.905079
42474	4.427781	1.794752	9.582547	0.549318	0.029236	-0.078180	0.784124	-0.461986	0.414391	0.465698	0.879370	0.099162	-0.410214	0.115225	0.904681
42475	4.298034	1.147664	9.402766	0.431493	0.067909	0.008387	0.784411	-0.462028	0.413800	0.463923	0.879868	0.102990	-0.411673	0.111185	0.904524
42476	4.201462	0.984553	9.532253	0.340517	0.069354	0.003037	0.784683	-0.462135	0.413164	0.462584	0.880215	0.106003	-0.412661	0.107945	0.904466
42477	4.218974	0.985886	9.555459	0.250100	0.021934	-0.005640	0.784717	-0.462247	0.412974	0.461660	0.880428	0.108247	-0.413630	0.105711	0.904287
42478	4.179523	1.359350	9.535927	0.167710	0.021582	-0.016413	0.784702	-0.462473	0.412749	0.461184	0.880488	0.109776	-0.414189	0.104211	0.904206
42479	4.011712	0.838659	9.353614	-0.115057	0.012832	0.003316	0.784740	-0.462496	0.412651	0.461698	0.880354	0.108681	-0.413543	0.105234	0.904383
42480	4.006972	1.319249	9.713266	0.179902	-0.055071	-0.005352	0.784459	-0.462544	0.413130	0.461084	0.880477	0.110275	-0.414759	0.103982	0.903970
42481	4.007303	0.557632	9.162617	-0.030343	-0.118316	-0.025089	0.783821	-0.462681	0.414187	0.461472	0.880301	0.110063	-0.415533	0.104865	0.903513
42482	3.877241	1.594407	9.762172	0.081838	-0.150378	-0.009754	0.783122	-0.462668	0.415521	0.461297	0.880301	0.110788	-0.417042	0.104918	0.902811
42483	3.810770	0.728523	9.523984	0.181636	-0.222278	-0.019560	0.782072	-0.462646	0.417519	0.460756	0.880372	0.112467	-0.419605	0.104417	0.901681
42484	3.665510	1.541396	9.784263	0.140312	-0.349325	0.009010	0.780614	-0.462261	0.420663	0.460185	0.880520	0.113639	-0.422933	0.104874	0.900072
42485	3.728094	1.259454	9.537217	0.267625	-0.465229	0.024842	0.778718	-0.461594	0.424887	0.458918	0.880887	0.115900	-0.427776	0.104735	0.897796
42486	3.797908	1.657754	9.645231	0.119730	-0.553869	0.060112	0.776584	-0.460539	0.429908	0.458027	0.881250	0.116663	-0.432584	0.106311	0.895304
42487	3.679234	1.422945	9.542332	0.113799	-0.671031	0.090632	0.774046	-0.459059	0.436025	0.456894	0.881760	0.117248	-0.438294	0.108462	0.892264
42488	3.796355	1.464889	9.715291	-0.001163	-0.789428	0.114607	0.771059	-0.457237	0.443173	0.456105	0.882243	0.116683	-0.444338	0.112164	0.888810
42489	3.865713	1.406646	9.666960	-0.073252	-0.922389	0.135627	0.767516	-0.455022	0.451524	0.455456	0.882749	0.115388	-0.451086	0.117087	0.884766
42490	3.829295	1.530123	9.921174	-0.162999	-1.064386	0.162678	0.763391	-0.452366	0.461085	0.455044	0.883250	0.113158	-0.458442	0.123430	0.880111
42491	3.640569	1.413196	10.054976	-0.246031	-1.227497	0.200961	0.758596	-0.449066	0.472093	0.454720	0.883812	0.110025	-0.466650	0.131206	0.874656
42492	3.357424	1.443137	10.184347	-0.402309	-1.437056	0.233465	0.752864	-0.445106	0.484848	0.454944	0.884266	0.105354	-0.475628	0.141261	0.868230
42493	3.016516	1.650160	10.406402	-0.565282	-1.711946	0.259130	0.745781	-0.440326	0.499923	0.455787	0.884548	0.099158	-0.485868	0.153909	0.860374
42494	2.750216	1.957247	10.676398	-0.798090	-2.081436	0.285491	0.736829	-0.434490	0.517978	0.457690	0.884460	0.090833	-0.497597	0.170145	0.850557
42495	2.508545	1.661568	10.898026	-1.038677	-2.524939	0.318526	0.725522	-0.427161	0.539585	0.460669	0.883928	0.080347	-0.511275	0.190277	0.838088
42496	2.664632	1.287205	10.833549	-1.170075	-2.996055	0.296248	0.711316	-0.418561	0.564656	0.464712	0.882773	0.068957	-0.527325	0.213353	0.822441
42497	2.763102	1.062779	10.944549	-1.272185	-3.497837	0.252595	0.693690	-0.408456	0.593261	0.469834	0.880904	0.057126	-0.545939	0.239106	0.802981
42498	2.399566	0.298392	10.781483	-1.176781	-4.064074	0.168503	0.671835	-0.396777	0.625464	0.475336	0.878561	0.046757	-0.568061	0.265892	0.778851
42499	3.471045	-0.224817	10.753292	-0.816867	-4.766718	-0.004430	0.644042	-0.383558	0.661886	0.480189	0.876229	0.040526	-0.595508	0.291730	0.748508
42500	4.650519	-0.879118	11.278773	-0.575411	-5.296374	-0.199468	0.610723	-0.369257	0.700476	0.485057	0.873672	0.037651	-0.625889	0.316776	0.712682
42501	7.621212	-1.297508	13.531648	-0.228223	-5.866297	-0.342620	0.571306	-0.353011	0.740940	0.488621	0.871645	0.038530	-0.659439	0.340026	0.670465
42502	11.390056	-2.013835	14.869571	0.007945	-5.918195	-0.351057	0.529592	-0.335411	0.779123	0.490609	0.870404	0.041226	-0.691979	0.360412	0.625514
42503	13.452319	-1.910888	15.593520	0.227521	-5.787477	-0.323122	0.487025	-0.316901	0.813868	0.490714	0.870149	0.045168	-0.722500	0.377378	0.579292
42504	12.864581	-1.682208	14.748864	0.331530	-5.574576	-0.275645	0.444637	-0.297932	0.844709	0.489677	0.870510	0.049276	-0.750009	0.391725	0.532952
42505	11.187951	-0.719414	14.277500	0.037372	-5.378753	-0.281408	0.402250	-0.278928	0.872006	0.490655	0.869807	0.051889	-0.772950	0.406982	0.486738
42506	9.030799	0.378576	13.412229	-0.205783	-5.064169	-0.333170	0.361030	-0.260890	0.895318	0.493666	0.867982	0.053858	-0.791171	0.422544	0.442160
42507	5.462385	-0.280140	11.485923	-0.717647	-4.652165	-0.444519	0.321679	-0.244690	0.914686	0.500976	0.863720	0.054872	-0.803458	0.440585	0.400424
42508	0.474586	-1.489252	7.805791	-0.343940	-4.443564	-0.715998	0.282158	-0.231057	0.931128	0.506057	0.860400	0.060157	-0.815042	0.454230	0.359697
42509	-2.238012	0.516477	6.857631	0.277764	-4.323276	-1.022942	0.241420	-0.220084	0.945135	0.506521	0.859323	0.070719	-0.827740	0.461658	0.318934
42510	16.808486	0.051921	14.796903	-0.577590	-3.841030	-1.057845	0.204185	-0.211237	0.955870	0.513816	0.854253	0.079023	-0.833247	0.475006	0.282963
42511	13.331489	-4.433138	17.213526	-0.521657	-0.416881	-0.984191	0.195585	-0.217660	0.956227	0.520191	0.849608	0.086992	-0.831353	0.480406	0.279395
42512	6.044311	-3.089179	14.387871	-0.047421	1.377347	-0.722977	0.203333	-0.230479	0.951596	0.522185	0.847666	0.093729	-0.828239	0.477851	0.292711
42513	-2.019807	-4.814589	6.105661	0.173710	2.009659	-0.542886	0.217067	-0.244650	0.945002	0.521955	0.847158	0.099426	-0.824890	0.471666	0.311587
42514	-4.601525	-2.289627	2.435970	1.276744	1.971014	-0.110304	0.232876	-0.254821	0.938528	0.511838	0.852701	0.104516	-0.826917	0.456035	0.329001
42515	-4.497608	-0.590995	4.230889	1.225801	1.558783	0.160183	0.246555	-0.260477	0.933468	0.501369	0.858573	0.107153	-0.829361	0.441593	0.342281
42516	-0.984815	-0.228561	6.556541	0.605252	1.174733	0.171712	0.257258	-0.264237	0.929514	0.496105	0.861567	0.107616	-0.829275	0.433452	0.352735
42517	1.686042	-0.715004	8.009193	0.191353	1.470233	0.366692	0.271203	-0.267439	0.924622	0.493621	0.863325	0.104924	-0.826310	0.427957	0.366149
42518	2.269902	-1.674769	8.150901	0.249087	2.155986	0.644985	0.292249	-0.271111	0.917109	0.489948	0.866011	0.099878	-0.821305	0.420146	0.385921
42519	1.731626	-0.050100	8.331464	0.600363	2.607513	0.755732	0.317235	-0.275377	0.907485	0.482798	0.870521	0.095386	-0.816252	0.407872	0.409111
42520	1.322944	0.397860	7.691250	0.354167	2.911489	0.775907	0.344728	-0.280443	0.895832	0.477558	0.873995	0.089836	-0.808147	0.396842	0.435219
42521	2.144042	1.161059	7.901425	0.163248	3.094973	0.719963	0.372967	-0.286300	0.882569	0.473734	0.876635	0.084178	-0.797792	0.386708	0.462586
42522	3.231836	1.350904	9.038169	0.055495	3.345654	0.657264	0.402670	-0.293435	0.867037	0.470954	0.878645	0.078642	-0.784894	0.376668	0.491998
42523	4.497598	1.225591	9.472822	-0.077317	3.641305	0.545716	0.433496	-0.302202	0.848973	0.469346	0.879944	0.073573	-0.769283	0.366568	0.523290
42524	5.020962	1.097644	9.718166	-0.070053	3.930525	0.485334	0.465772	-0.312262	0.827979	0.467905	0.881075	0.069071	-0.751080	0.355244	0.556489
42525	5.589198	0.943068	9.865947	-0.044471	4.168842	0.412567	0.498554	-0.323203	0.804353	0.466318	0.882193	0.065448	-0.730747	0.342455	0.590536
42526	6.108529	1.208931	10.038635	-0.054580	4.328368	0.396040	0.531650	-0.334395	0.778157	0.464881	0.883205	0.061922	-0.707978	0.328830	0.625010
42527	6.527859	0.597836	9.955174	-0.036570	4.429586	0.368730	0.564149	-0.345414	0.749950	0.463188	0.884303	0.058862	-0.683515	0.314161	0.658870
42528	7.382183	1.049677	10.704877	0.095134	4.494843	0.343327	0.595981	-0.356295	0.719625	0.460770	0.885693	0.056917	-0.657646	0.297660	0.692026
42529	7.974460	0.801261	11.133895	0.044821	4.562808	0.313240	0.626765	-0.366755	0.687500	0.458638	0.886918	0.055015	-0.629934	0.280832	0.724097
42530	8.297835	0.635728	11.376471	-0.001566	4.605920	0.298168	0.656546	-0.376828	0.653412	0.456945	0.887919	0.052933	-0.600124	0.263820	0.755149
42531	8.664075	0.380871	11.701278	-0.042574	4.612356	0.316770	0.684923	-0.385825	0.618077	0.455140	0.888983	0.050569	-0.568971	0.246676	0.784489
42532	9.052705	-0.009048	11.997252	-0.070841	4.604676	0.352962	0.712041	-0.393826	0.581290	0.453274	0.890088	0.047809	-0.536228	0.229442	0.812291
42533	9.356773	-0.230511	12.245222	-0.046440	4.580780	0.407538	0.737653	-0.400339	0.543688	0.450630	0.891571	0.045103	-0.502793	0.211732	0.838074
42534	9.530810	-0.282493	12.501727	-0.046356	4.530030	0.455642	0.761744	-0.405643	0.505173	0.447645	0.893214	0.042234	-0.468359	0.193966	0.861984
42535	9.846108	-0.250364	12.693750	-0.078772	4.469245	0.502941	0.784112	-0.409464	0.466378	0.444179	0.895086	0.039067	-0.433444	0.176523	0.883723
42536	9.835101	-0.243324	12.563058	-0.091189	4.396564	0.534445	0.804776	-0.412239	0.427077	0.440513	0.897033	0.035772	-0.397849	0.159344	0.903507
