// General information: 
//  MT Manager version: 2022.2.0 
//  XDA version: 2022.2.0 build 7381 rev 124627 built on 2023-07-19
// Device information: 
//  DeviceId: 00B4CBA7
//  ProductCode: MTW2-3A7G6
//  Firmware Version: 4.6.0
//  Hardware Version: 2.0.0
// Device settings: 
//  Filter Profile: human(46.1)
//  Option Flags: Orientation Smoother Disabled, Position/Velocity Smoother Disabled, Continuous Zero Rotation Update Disabled, AHS Disabled, ICC Disabled
// Coordinate system: ENU
PacketCounter	Acc_X	Acc_Y	Acc_Z	Gyr_X	Gyr_Y	Gyr_Z	Mat[1][1]	Mat[2][1]	Mat[3][1]	Mat[1][2]	Mat[2][2]	Mat[3][2]	Mat[1][3]	Mat[2][3]	Mat[3][3]
49677	9.649473	-1.001003	-2.256070	-0.088498	-0.012094	0.007621	0.218250	-0.052181	0.974497	0.149248	-0.985038	-0.086171	0.964413	0.164248	-0.207197
49678	9.508472	-1.081391	-2.374009	-0.063966	-0.009867	0.003248	0.218334	-0.052167	0.974479	0.148592	-0.985149	-0.086030	0.964495	0.163583	-0.207340
49679	9.558602	-0.907567	-2.295300	-0.025064	0.003387	-0.000085	0.218286	-0.052136	0.974491	0.148341	-0.985195	-0.085937	0.964545	0.163316	-0.207320
49680	9.548228	-0.799851	-2.116438	-0.041073	0.004309	-0.000443	0.218224	-0.052116	0.974506	0.147881	-0.985276	-0.085807	0.964629	0.162836	-0.207304
49681	9.506132	-0.875449	-2.072789	-0.052440	0.010488	-0.000793	0.218107	-0.052090	0.974534	0.147367	-0.985366	-0.085651	0.964734	0.162295	-0.207239
49682	9.506119	-0.975801	-2.031656	-0.020725	0.009223	-0.005044	0.217994	-0.052016	0.974563	0.147189	-0.985405	-0.085519	0.964787	0.162087	-0.207156
49683	9.531417	-0.850770	-1.896951	-0.014774	0.008450	-0.008660	0.217885	-0.051909	0.974593	0.147055	-0.985438	-0.085363	0.964832	0.161918	-0.207078
49684	9.482906	-0.884682	-1.895188	-0.014604	0.006711	-0.001795	0.217802	-0.051870	0.974614	0.146901	-0.985468	-0.085276	0.964874	0.161745	-0.207018
49685	9.561956	-0.804015	-1.841391	-0.015019	0.000801	-0.006909	0.217769	-0.051768	0.974626	0.146762	-0.985501	-0.085137	0.964903	0.161578	-0.207014
49686	9.504209	-0.844688	-1.916677	-0.018387	0.000174	-0.006458	0.217739	-0.051679	0.974638	0.146543	-0.985546	-0.084996	0.964943	0.161333	-0.207019
49687	9.554404	-0.796769	-2.005131	-0.016878	-0.000237	-0.006504	0.217717	-0.051579	0.974648	0.146384	-0.985581	-0.084857	0.964972	0.161148	-0.207027
49688	9.536119	-0.860183	-2.137829	-0.015804	-0.001225	-0.009622	0.217696	-0.051457	0.974659	0.146199	-0.985623	-0.084690	0.965005	0.160931	-0.207043
49689	9.515190	-0.846806	-2.136471	-0.009573	0.002754	-0.006227	0.217645	-0.051365	0.974676	0.146111	-0.985647	-0.084570	0.965030	0.160817	-0.207016
49690	9.523318	-0.825020	-2.201530	-0.007713	0.003792	-0.006632	0.217584	-0.051261	0.974695	0.146092	-0.985660	-0.084450	0.965046	0.160770	-0.206975
49691	9.515527	-0.845071	-2.135657	-0.008037	0.009705	-0.009556	0.217461	-0.051147	0.974728	0.146026	-0.985682	-0.084300	0.965084	0.160667	-0.206879
49692	9.506440	-0.826709	-2.002494	-0.010619	0.011102	-0.006390	0.217328	-0.051074	0.974762	0.145892	-0.985713	-0.084175	0.965134	0.160504	-0.206771
49693	9.552796	-0.840117	-2.036761	-0.020394	0.015996	-0.003351	0.217153	-0.051032	0.974803	0.145693	-0.985752	-0.084060	0.965204	0.160276	-0.206624
49694	9.555651	-0.841104	-1.981086	-0.020020	0.012114	-0.005753	0.217015	-0.050952	0.974838	0.145541	-0.985786	-0.083924	0.965258	0.160092	-0.206515
49695	9.530891	-0.838374	-1.946107	-0.015494	0.010884	-0.005891	0.216886	-0.050876	0.974870	0.145395	-0.985819	-0.083794	0.965309	0.159915	-0.206414
49696	9.519140	-0.818402	-1.867666	-0.015036	0.006130	-0.004864	0.216807	-0.050785	0.974893	0.145340	-0.985837	-0.083677	0.965335	0.159833	-0.206356
49697	9.553366	-0.812661	-1.824979	-0.018754	0.004053	-0.004056	0.216747	-0.050716	0.974909	0.145158	-0.985874	-0.083559	0.965375	0.159627	-0.206324
49698	9.515286	-0.827405	-1.834862	-0.017923	-0.004583	-0.005434	0.216769	-0.050614	0.974910	0.145018	-0.985905	-0.083429	0.965392	0.159464	-0.206373
49699	9.578471	-0.762089	-1.879962	-0.018274	-0.006032	-0.005076	0.216805	-0.050519	0.974907	0.144843	-0.985942	-0.083302	0.965410	0.159268	-0.206439
49700	9.562790	-0.776739	-1.978936	-0.022932	-0.005964	-0.003042	0.216844	-0.050443	0.974902	0.144628	-0.985983	-0.083186	0.965433	0.159037	-0.206509
49701	9.543074	-0.802007	-2.045298	-0.015039	-0.006563	-0.003631	0.216887	-0.050362	0.974897	0.144481	-0.986014	-0.083079	0.965445	0.158873	-0.206578
49702	9.552420	-0.818489	-2.178208	-0.005153	-0.004963	-0.006519	0.216908	-0.050268	0.974897	0.144375	-0.986039	-0.082964	0.965457	0.158746	-0.206622
49703	9.552411	-0.817909	-2.178466	0.002716	-0.000232	-0.005061	0.216888	-0.050182	0.974906	0.144402	-0.986042	-0.082880	0.965457	0.158755	-0.206614
49704	9.545934	-0.826202	-2.200196	0.005142	0.002542	-0.004285	0.216841	-0.050114	0.974920	0.144430	-0.986044	-0.082809	0.965464	0.158764	-0.206577
49705	9.538040	-0.847235	-2.134426	0.009861	0.006931	-0.000839	0.216758	-0.050081	0.974940	0.144517	-0.986034	-0.082781	0.965469	0.158839	-0.206493
49706	9.526276	-0.828121	-2.055765	0.015004	0.009473	-0.005123	0.216643	-0.050007	0.974969	0.144681	-0.986014	-0.082723	0.965471	0.158980	-0.206378
49707	9.502498	-0.789872	-1.899478	0.015329	0.003558	-0.002204	0.216590	-0.049956	0.974984	0.144824	-0.985996	-0.082693	0.965461	0.159111	-0.206323
49708	9.539209	-0.786815	-1.802109	0.001618	0.006081	0.000108	0.216518	-0.049926	0.975001	0.144861	-0.985993	-0.082658	0.965472	0.159136	-0.206253
49709	9.520785	-0.725512	-1.766309	-0.006361	-0.005141	-0.001505	0.216550	-0.049867	0.974997	0.144793	-0.986009	-0.082590	0.965475	0.159057	-0.206300
49710	9.552157	-0.769138	-1.759166	-0.015654	-0.010336	0.000513	0.216637	-0.049814	0.974980	0.144665	-0.986033	-0.082523	0.965474	0.158924	-0.206405
49711	9.549406	-0.766938	-1.815002	-0.024814	-0.014370	0.000639	0.216762	-0.049763	0.974955	0.144415	-0.986077	-0.082438	0.965484	0.158667	-0.206557
49712	9.569040	-0.815158	-1.939506	-0.026539	-0.014249	-0.000850	0.216881	-0.049702	0.974932	0.144126	-0.986128	-0.082335	0.965500	0.158370	-0.206709
49713	9.509517	-0.817989	-1.949849	-0.020878	-0.024699	0.002595	0.217108	-0.049653	0.974884	0.143909	-0.986165	-0.082277	0.965481	0.158158	-0.206959
49714	9.563103	-0.810784	-2.052749	-0.015893	-0.017988	0.002254	0.217273	-0.049600	0.974850	0.143800	-0.986185	-0.082227	0.965461	0.158050	-0.207138
49715	9.562698	-0.810585	-2.054713	-0.021335	-0.019945	0.001574	0.217452	-0.049549	0.974812	0.143581	-0.986222	-0.082158	0.965453	0.157830	-0.207342
49716	9.587360	-0.811905	-2.090526	-0.018295	-0.013398	-0.001793	0.217564	-0.049477	0.974791	0.143390	-0.986258	-0.082063	0.965456	0.157629	-0.207479
49717	9.605558	-0.822017	-2.147665	-0.011849	-0.009134	0.003140	0.217641	-0.049459	0.974775	0.143259	-0.986280	-0.082028	0.965458	0.157498	-0.207570
49718	9.539682	-0.833952	-2.178502	-0.005706	-0.004281	0.003107	0.217670	-0.049448	0.974769	0.143188	-0.986292	-0.082007	0.965462	0.157425	-0.207606
49719	9.522514	-0.861902	-2.189898	0.010690	-0.001703	-0.002229	0.217668	-0.049388	0.974772	0.143286	-0.986281	-0.081967	0.965448	0.157513	-0.207605
49720	9.569846	-0.789119	-2.123776	0.018209	0.001579	-0.000417	0.217640	-0.049337	0.974781	0.143525	-0.986247	-0.081962	0.965419	0.157743	-0.207566
49721	9.513306	-0.845212	-2.057114	0.016615	0.002864	-0.003799	0.217592	-0.049269	0.974796	0.143684	-0.986227	-0.081919	0.965406	0.157887	-0.207516
49722	9.531687	-0.781311	-1.924177	0.007037	0.000672	0.004062	0.217575	-0.049280	0.974799	0.143710	-0.986222	-0.081933	0.965406	0.157915	-0.207495
49723	9.542168	-0.813046	-1.914817	-0.000218	-0.000287	-0.001537	0.217560	-0.049229	0.974805	0.143702	-0.986228	-0.081878	0.965410	0.157894	-0.207490
49724	9.530313	-0.743214	-1.857250	-0.013249	-0.002233	0.003346	0.217569	-0.049216	0.974803	0.143594	-0.986247	-0.081843	0.965425	0.157782	-0.207510
49725	9.540675	-0.774528	-1.848681	-0.030144	-0.009837	0.000129	0.217650	-0.049167	0.974788	0.143293	-0.986299	-0.081741	0.965451	0.157471	-0.207622
49726	9.579906	-0.796670	-1.907416	-0.035717	-0.012956	0.001345	0.217758	-0.049128	0.974766	0.142919	-0.986362	-0.081640	0.965482	0.157090	-0.207767
49727	9.561176	-0.961713	-2.001588	-0.024676	-0.013210	-0.001241	0.217869	-0.049060	0.974744	0.142674	-0.986406	-0.081536	0.965493	0.156834	-0.207907
49728	9.509685	-0.994487	-2.056076	0.037708	-0.010231	-0.001209	0.217950	-0.048993	0.974729	0.143049	-0.986349	-0.081563	0.965419	0.157211	-0.207966
49729	9.575400	-0.705544	-1.918085	0.043788	-0.009830	-0.006724	0.218020	-0.048876	0.974720	0.143477	-0.986288	-0.081549	0.965340	0.157629	-0.208018
49730	9.517441	-0.645289	-2.034376	-0.033291	-0.010182	0.002128	0.218104	-0.048836	0.974703	0.143192	-0.986337	-0.081460	0.965364	0.157336	-0.208131
49731	9.494741	-0.820882	-2.095729	-0.051497	-0.011763	0.002555	0.218206	-0.048808	0.974681	0.142679	-0.986421	-0.081338	0.965416	0.156815	-0.208279
49732	9.524627	-1.001632	-2.170845	-0.028719	-0.009371	-0.003338	0.218270	-0.048742	0.974670	0.142321	-0.986484	-0.081204	0.965455	0.156441	-0.208383
49733	9.586297	-0.898287	-2.149196	0.003631	-0.009739	-0.003024	0.218345	-0.048661	0.974658	0.142353	-0.986484	-0.081142	0.965433	0.156463	-0.208467
49734	9.588835	-0.848908	-2.115529	-0.004435	-0.007387	-0.009281	0.218389	-0.048500	0.974656	0.142436	-0.986484	-0.081004	0.965411	0.156516	-0.208529
49735	9.612449	-0.862176	-2.063207	-0.004304	-0.006224	-0.011174	0.218418	-0.048344	0.974657	0.142409	-0.986501	-0.080845	0.965408	0.156458	-0.208585
49736	9.629525	-0.934291	-2.012817	-0.019670	-0.006870	-0.017702	0.218444	-0.048129	0.974662	0.142227	-0.986548	-0.080592	0.965429	0.156228	-0.208660
49737	9.517806	-0.980816	-1.988290	-0.014203	-0.010241	-0.019078	0.218501	-0.047889	0.974661	0.142122	-0.986584	-0.080336	0.965432	0.156074	-0.208763
49738	9.463998	-0.934787	-1.908524	-0.020979	-0.008585	-0.026918	0.218532	-0.047572	0.974670	0.141988	-0.986631	-0.079991	0.965445	0.155872	-0.208856
49739	9.549551	-0.894165	-1.813983	-0.031073	-0.010483	-0.025551	0.218582	-0.047268	0.974673	0.141734	-0.986696	-0.079637	0.965471	0.155552	-0.208974
49740	9.512772	-0.768806	-1.743269	-0.057034	-0.010320	-0.026401	0.218629	-0.046951	0.974678	0.141264	-0.986797	-0.079221	0.965529	0.155007	-0.209110
49741	9.493040	-0.841439	-1.790992	-0.102802	-0.017842	-0.026920	0.218749	-0.046622	0.974667	0.140320	-0.986973	-0.078703	0.965639	0.153982	-0.209357
49742	9.424634	-0.948368	-1.838622	-0.079315	-0.025222	-0.032325	0.218930	-0.046232	0.974645	0.139607	-0.987116	-0.078182	0.965702	0.153183	-0.209655
49743	9.470232	-0.855621	-1.917211	-0.083891	-0.028446	-0.037649	0.219137	-0.045781	0.974619	0.138870	-0.987266	-0.077599	0.965761	0.152350	-0.209989
49744	9.447554	-0.873427	-2.040720	-0.085569	-0.026275	-0.044438	0.219315	-0.045243	0.974604	0.138249	-0.987404	-0.076948	0.965809	0.151614	-0.210298
49745	9.447043	-0.765550	-2.083617	-0.088543	-0.030790	-0.046385	0.219534	-0.044703	0.974580	0.137486	-0.987563	-0.076269	0.965869	0.150735	-0.210657
49746	9.416547	-0.803795	-2.142355	-0.106466	-0.030075	-0.049692	0.219742	-0.044131	0.974559	0.136567	-0.987748	-0.075521	0.965952	0.149688	-0.211023
49747	9.466691	-0.952506	-2.155694	-0.091717	-0.035590	-0.049855	0.220004	-0.043550	0.974526	0.135781	-0.987911	-0.074801	0.966003	0.148779	-0.211431
49748	9.582952	-0.799627	-2.115461	-0.061549	-0.036318	-0.054161	0.220262	-0.042930	0.974496	0.135281	-0.988032	-0.074103	0.966014	0.148153	-0.211818
49749	9.700117	-0.922304	-2.185876	-0.125361	-0.024314	-0.060427	0.220401	-0.042261	0.974493	0.134193	-0.988247	-0.073208	0.966134	0.146906	-0.212139
49750	9.804263	-1.176152	-2.173339	-0.066468	-0.011441	-0.072070	0.220400	-0.041481	0.974527	0.133781	-0.988368	-0.072326	0.966192	0.146314	-0.212287
49751	9.543593	-0.941852	-2.128168	0.011065	-0.001651	-0.083203	0.220290	-0.040621	0.974588	0.134062	-0.988390	-0.071499	0.966178	0.146405	-0.212287
49752	9.428108	-0.414570	-2.021553	0.000506	-0.008577	-0.090380	0.220237	-0.039659	0.974640	0.134360	-0.988416	-0.070581	0.966148	0.146498	-0.212357
49753	9.443602	-0.600390	-2.196768	-0.058202	-0.010913	-0.089127	0.220208	-0.038727	0.974684	0.133985	-0.988540	-0.069548	0.966207	0.145908	-0.212496
49754	9.387668	-0.596909	-2.151415	-0.064487	-0.004273	-0.088348	0.220115	-0.037808	0.974741	0.133572	-0.988668	-0.068511	0.966286	0.145278	-0.212570
49755	9.452061	-0.674238	-2.138043	-0.090748	-0.005688	-0.088758	0.220037	-0.036886	0.974794	0.132881	-0.988837	-0.067412	0.966399	0.144365	-0.212679
49756	9.435043	-0.568847	-1.980441	-0.114839	-0.006683	-0.084609	0.219972	-0.036005	0.974842	0.131949	-0.989037	-0.066304	0.966541	0.143214	-0.212809
49757	9.510002	-0.942927	-1.830235	-0.182957	-0.005228	-0.091332	0.219888	-0.035059	0.974895	0.130371	-0.989333	-0.064983	0.966774	0.141387	-0.212972
49758	9.742586	-1.409172	-1.530218	-0.135607	-0.006396	-0.100395	0.219804	-0.034015	0.974951	0.129306	-0.989558	-0.063677	0.966936	0.140063	-0.213111
49759	9.606811	-1.878377	-1.255660	-0.038418	-0.023876	-0.118793	0.219867	-0.032770	0.974979	0.129186	-0.989655	-0.062396	0.966938	0.139672	-0.213359
49760	9.535362	-1.634663	-1.351017	0.198389	-0.048019	-0.145827	0.220129	-0.031211	0.974971	0.131485	-0.989417	-0.061361	0.966569	0.141702	-0.213695
49761	9.510481	-0.344929	-1.211332	0.247038	-0.079640	-0.145133	0.220691	-0.029626	0.974894	0.134183	-0.989112	-0.060434	0.966070	0.144151	-0.214313
49762	9.470724	-0.378182	-1.733828	0.118255	-0.101282	-0.134536	0.221468	-0.028114	0.974762	0.135618	-0.988983	-0.059337	0.965691	0.145337	-0.215215
49763	9.453027	-0.376292	-2.224325	0.150908	-0.106391	-0.134859	0.222297	-0.026590	0.974616	0.137365	-0.988803	-0.058308	0.965254	0.146840	-0.216155
49764	9.485033	-0.119806	-2.476109	0.156945	-0.100605	-0.138255	0.223058	-0.025036	0.974484	0.139201	-0.988607	-0.057262	0.964815	0.148422	-0.217031
49765	9.419461	-0.048115	-2.653754	0.110132	-0.090522	-0.131094	0.223733	-0.023570	0.974366	0.140547	-0.988479	-0.056183	0.964464	0.149514	-0.217842
49766	9.549951	-0.135927	-2.771958	0.035219	-0.072162	-0.118244	0.224243	-0.022247	0.974279	0.141198	-0.988448	-0.055070	0.964250	0.149916	-0.218511
49767	9.478488	-0.348114	-2.805099	-0.044033	-0.050325	-0.108985	0.224559	-0.021059	0.974233	0.141009	-0.988542	-0.053871	0.964204	0.149473	-0.219017
49768	9.477310	-0.448950	-2.737632	-0.082131	-0.035549	-0.106954	0.224732	-0.019906	0.974217	0.140491	-0.988683	-0.052610	0.964239	0.148692	-0.219392
49769	9.519430	-0.572352	-2.672872	-0.119697	-0.023495	-0.109200	0.224791	-0.018756	0.974227	0.139573	-0.988885	-0.051243	0.964359	0.147495	-0.219675
49770	9.555866	-0.518316	-2.511312	-0.138553	-0.009947	-0.105491	0.224723	-0.017648	0.974263	0.138540	-0.989100	-0.049872	0.964524	0.146181	-0.219828
49771	9.474272	-0.486934	-2.277177	-0.210259	-0.005613	-0.107533	0.224614	-0.016541	0.974307	0.136744	-0.989427	-0.048322	0.964806	0.144084	-0.219977
49772	9.528297	-1.140759	-1.953738	-0.207292	-0.007876	-0.121775	0.224510	-0.015264	0.974352	0.135131	-0.989729	-0.046642	0.965057	0.142137	-0.220141
49773	10.099826	-1.709145	-1.383785	0.010729	0.008394	-0.127040	0.224242	-0.013983	0.974433	0.135511	-0.989736	-0.045387	0.965066	0.142224	-0.220046
49774	10.053248	-0.773798	-0.664966	0.202501	0.003339	-0.149264	0.223991	-0.012459	0.974512	0.137879	-0.989456	-0.044341	0.964789	0.144296	-0.219911
49775	9.737144	0.251702	-0.367542	0.149661	-0.028447	-0.132317	0.224067	-0.011073	0.974511	0.139610	-0.989258	-0.043340	0.964522	0.145762	-0.220114
49776	9.469664	0.279160	-0.979417	-0.097023	-0.072117	-0.105431	0.224596	-0.009875	0.974402	0.138978	-0.989402	-0.042061	0.964490	0.144867	-0.220843
49777	9.427020	-0.392552	-2.014057	-0.143378	-0.098713	-0.101535	0.225393	-0.008693	0.974229	0.137814	-0.989621	-0.040714	0.964472	0.143439	-0.221855
49778	9.434692	0.079984	-2.505814	-0.055932	-0.102768	-0.104248	0.226222	-0.007463	0.974047	0.137585	-0.989701	-0.039537	0.964310	0.142958	-0.222865
49779	9.419136	0.473780	-2.769331	-0.088314	-0.099796	-0.096879	0.227036	-0.006326	0.973866	0.136944	-0.989836	-0.038355	0.964210	0.142073	-0.223862
49780	9.316479	0.295923	-3.054518	-0.161772	-0.086903	-0.089241	0.227736	-0.005274	0.973709	0.135633	-0.990065	-0.037085	0.964230	0.140512	-0.224758
49781	9.236744	0.008980	-3.356556	-0.192824	-0.063977	-0.084679	0.228224	-0.004310	0.973599	0.133957	-0.990341	-0.035786	0.964349	0.138588	-0.225442
49782	9.227659	-0.118018	-3.521486	-0.208613	-0.029492	-0.084093	0.228380	-0.003380	0.973566	0.132234	-0.990619	-0.034459	0.964550	0.136608	-0.225791
49783	9.262006	-0.097041	-3.481064	-0.252781	0.005005	-0.077427	0.228216	-0.002584	0.973607	0.129963	-0.990966	-0.033094	0.964897	0.134086	-0.225819
49784	9.362527	0.030387	-3.062541	-0.346804	0.045347	-0.068582	0.227674	-0.001909	0.973735	0.126861	-0.991417	-0.031605	0.965438	0.130724	-0.225478
49785	9.294675	-0.106097	-2.382360	-0.508033	0.071691	-0.056329	0.226897	-0.001406	0.973918	0.122073	-0.992072	-0.029872	0.966238	0.125667	-0.224927
49786	9.218529	-1.345730	-2.348804	-0.533476	0.063576	-0.069449	0.226184	-0.000739	0.974084	0.117165	-0.992719	-0.027959	0.967012	0.120452	-0.224451
49787	9.485103	-1.243849	-2.106756	-0.186601	0.058551	-0.093118	0.225496	0.000152	0.974244	0.115561	-0.992944	-0.026593	0.967366	0.118582	-0.223922
49788	9.607060	-0.171245	-1.769220	-0.159356	0.051844	-0.094395	0.224870	0.001084	0.974388	0.114328	-0.993121	-0.025280	0.967658	0.117085	-0.223448
49789	9.695679	-0.222839	-1.929559	-0.305568	0.036835	-0.076731	0.224413	0.001840	0.974492	0.111534	-0.993475	-0.023809	0.968090	0.114032	-0.223154
49790	9.495449	-0.793096	-2.520260	-0.297008	0.029493	-0.071157	0.224033	0.002557	0.974578	0.108849	-0.993806	-0.022414	0.968484	0.111103	-0.222924
49791	9.400553	-0.031421	-2.407657	-0.215459	0.032406	-0.065323	0.223635	0.003207	0.974668	0.106899	-0.994043	-0.021257	0.968793	0.108945	-0.222646
49792	9.286104	0.238738	-2.408664	-0.340715	0.024675	-0.049624	0.223330	0.003715	0.974736	0.103729	-0.994405	-0.019976	0.969208	0.105570	-0.222466
49793	9.406030	-0.139730	-2.491732	-0.328000	0.023402	-0.048900	0.223040	0.004213	0.974800	0.100650	-0.994746	-0.018730	0.969599	0.102291	-0.222292
49794	9.568639	0.228868	-2.445295	-0.240865	0.032117	-0.047989	0.222666	0.004703	0.974883	0.098464	-0.994983	-0.017689	0.969910	0.099929	-0.222012
49795	9.536362	0.329202	-2.408657	-0.284771	0.042440	-0.047150	0.222195	0.005167	0.974989	0.095797	-0.995263	-0.016557	0.970285	0.097080	-0.221638
49796	9.527928	-0.065579	-2.343608	-0.316905	0.038447	-0.039855	0.221770	0.005565	0.975083	0.092812	-0.995564	-0.015427	0.970672	0.093921	-0.221303
49797	9.555028	-0.345810	-2.249648	-0.297736	0.043943	-0.037913	0.221296	0.005938	0.975189	0.089996	-0.995839	-0.014359	0.971045	0.090941	-0.220910
49798	9.626079	-0.235826	-2.086464	-0.261680	0.044712	-0.031967	0.220820	0.006252	0.975295	0.087515	-0.996073	-0.013430	0.971380	0.088318	-0.220500
49799	9.624381	-0.258982	-1.965036	-0.271691	0.043430	-0.033837	0.220356	0.006588	0.975397	0.084940	-0.996308	-0.012460	0.971714	0.085596	-0.220102
49800	9.529759	-0.161698	-1.989661	-0.242601	0.051184	-0.033328	0.219816	0.006912	0.975517	0.082648	-0.996512	-0.011562	0.972034	0.083166	-0.219621
49801	9.572712	0.427623	-1.813581	-0.242325	0.049167	-0.026512	0.219304	0.007173	0.975630	0.080341	-0.996710	-0.010732	0.972343	0.080736	-0.219159
49802	9.676554	0.510109	-1.728891	-0.291663	0.038387	-0.016297	0.218904	0.007340	0.975719	0.077531	-0.996941	-0.009894	0.972661	0.077814	-0.218803
49803	9.715853	0.257928	-1.679637	-0.314847	0.023137	-0.006269	0.218662	0.007422	0.975773	0.074473	-0.997182	-0.009104	0.972955	0.074659	-0.218598
49804	9.561326	-0.216678	-1.615336	-0.275268	0.003227	-0.012891	0.218607	0.007584	0.975783	0.071812	-0.997383	-0.008336	0.973167	0.071895	-0.218580
49805	9.592233	-0.288342	-1.495402	-0.185134	-0.016681	-0.008697	0.218751	0.007719	0.975750	0.070020	-0.997515	-0.007806	0.973265	0.070029	-0.218748
49806	9.747349	0.113997	-1.216423	-0.124291	-0.040395	-0.000945	0.219129	0.007792	0.975665	0.068802	-0.997602	-0.007485	0.973267	0.068768	-0.219140
49807	9.767724	0.470493	-1.178423	-0.156670	-0.064741	0.017902	0.219759	0.007695	0.975524	0.067229	-0.997711	-0.007275	0.973235	0.067182	-0.219774
49808	9.855149	0.781311	-1.305385	-0.216936	-0.085809	0.037420	0.220605	0.007414	0.975335	0.065026	-0.997858	-0.007123	0.973193	0.064993	-0.220615
49809	9.791140	0.543788	-1.725079	-0.247230	-0.096599	0.045704	0.221562	0.007056	0.975121	0.062510	-0.998020	-0.006981	0.973141	0.062501	-0.221565
49810	9.635033	0.480461	-2.040924	-0.215815	-0.104772	0.058350	0.222603	0.006575	0.974887	0.060271	-0.998157	-0.007030	0.973044	0.060323	-0.222589
49811	9.572042	0.337579	-2.175493	-0.170296	-0.108681	0.059155	0.223684	0.006086	0.974643	0.058473	-0.998263	-0.007186	0.972906	0.058598	-0.223651
49812	9.638170	0.294680	-2.140171	-0.139717	-0.110025	0.064213	0.224777	0.005545	0.974394	0.056962	-0.998349	-0.007458	0.972744	0.057180	-0.224722
49813	9.645412	0.311724	-2.159216	-0.149644	-0.110412	0.076543	0.225882	0.004880	0.974142	0.055325	-0.998438	-0.007826	0.972582	0.055662	-0.225799
49814	9.628435	0.137639	-2.246239	-0.205337	-0.094149	0.087673	0.226831	0.004094	0.973926	0.053121	-0.998555	-0.008175	0.972484	0.053590	-0.226721
49815	9.413159	-0.128507	-2.221880	-0.247503	-0.090758	0.088487	0.227748	0.003294	0.973715	0.050504	-0.998688	-0.008434	0.972410	0.051097	-0.227615
49816	9.345885	-0.298867	-2.084453	-0.211760	-0.094478	0.086946	0.228695	0.002511	0.973495	0.048239	-0.998797	-0.008756	0.972302	0.048963	-0.228542
49817	9.369950	-0.357211	-1.717814	-0.181862	-0.120355	0.078601	0.229891	0.001820	0.973215	0.046282	-0.998887	-0.009064	0.972115	0.047126	-0.229720
49818	9.348324	-0.679351	-1.687697	-0.140397	-0.147716	0.077164	0.231348	0.001155	0.972870	0.044731	-0.998954	-0.009451	0.971842	0.045704	-0.231158
49819	9.347360	-0.937628	-1.552990	-0.091648	-0.171197	0.061438	0.233027	0.000656	0.972470	0.043690	-0.998997	-0.009795	0.971488	0.044769	-0.232822
49820	9.288872	-0.962647	-1.680002	0.005304	-0.191875	0.042992	0.234896	0.000349	0.972021	0.043632	-0.998996	-0.010185	0.971041	0.044804	-0.234675
49821	9.345167	-0.343545	-1.787571	0.072199	-0.210671	0.051466	0.236952	-0.000033	0.971521	0.044203	-0.998964	-0.010815	0.970515	0.045507	-0.236705
49822	9.395216	0.142241	-1.673479	0.019174	-0.235849	0.057033	0.239251	-0.000458	0.970958	0.044245	-0.998956	-0.011374	0.969949	0.045681	-0.238981
49823	9.408285	0.305284	-1.618123	0.002546	-0.266472	0.070615	0.241855	-0.001005	0.970312	0.044092	-0.998955	-0.012025	0.969310	0.045691	-0.241558
49824	9.342601	0.585530	-1.574532	-0.008241	-0.291022	0.080939	0.244696	-0.001644	0.969598	0.043807	-0.998959	-0.012749	0.968610	0.045595	-0.244369
49825	9.597791	0.898283	-1.721268	-0.022545	-0.302297	0.089452	0.247651	-0.002363	0.968847	0.043360	-0.998968	-0.013520	0.967879	0.045358	-0.247293
49826	10.024149	0.999303	-2.181790	-0.066516	-0.290518	0.099197	0.250489	-0.003186	0.968114	0.042463	-0.998996	-0.014274	0.967188	0.044685	-0.250102
49827	9.783122	0.708446	-2.717561	-0.148444	-0.277710	0.110244	0.253209	-0.004128	0.967403	0.040743	-0.999058	-0.014927	0.966553	0.043194	-0.252802
49828	9.635693	-0.301231	-3.558274	-0.157077	-0.264723	0.118811	0.255799	-0.005165	0.966716	0.038916	-0.999120	-0.015636	0.965946	0.041621	-0.255373
49829	9.672266	-0.701564	-4.046326	0.041195	-0.240206	0.110883	0.258151	-0.006135	0.966085	0.039021	-0.999098	-0.016772	0.965316	0.042028	-0.257679
49830	9.661995	-0.551955	-4.087204	0.139094	-0.216646	0.120252	0.260275	-0.007206	0.965508	0.040046	-0.999031	-0.018252	0.964704	0.043415	-0.259734
49831	9.836067	-0.360529	-3.560392	0.223294	-0.192903	0.121624	0.262174	-0.008298	0.964985	0.041874	-0.998923	-0.019967	0.964112	0.045643	-0.261544
49832	9.868106	-1.392152	-3.010146	0.235175	-0.179011	0.125835	0.263940	-0.009434	0.964493	0.043804	-0.998803	-0.021757	0.963544	0.047991	-0.263210
49833	9.735223	-1.992716	-2.626148	0.632103	-0.190544	0.080413	0.265801	-0.010103	0.963975	0.049672	-0.998473	-0.024160	0.962747	0.054304	-0.264893
49834	9.635950	0.212640	-1.574329	0.996881	-0.199076	0.085527	0.267749	-0.010802	0.963428	0.059028	-0.997875	-0.027593	0.961679	0.064257	-0.266542
49835	9.513263	0.714223	-1.339860	0.624335	-0.229829	0.122364	0.270022	-0.011831	0.962782	0.064693	-0.997442	-0.030401	0.960678	0.070494	-0.268566
49836	9.222026	-0.318853	-1.624676	0.585784	-0.271772	0.134093	0.272706	-0.012932	0.962010	0.069947	-0.996997	-0.033231	0.959551	0.076352	-0.270983
49837	9.164836	-0.019450	-1.031950	0.693825	-0.323774	0.141750	0.275902	-0.014050	0.961083	0.076204	-0.996426	-0.036443	0.958160	0.083293	-0.273845
49838	8.991024	0.442382	-0.184940	0.586936	-0.389497	0.178855	0.279756	-0.015460	0.959947	0.081318	-0.995896	-0.039737	0.956621	0.089178	-0.277350
49839	9.018741	0.152495	0.616322	0.487184	-0.464874	0.215649	0.284366	-0.017144	0.958563	0.085360	-0.995416	-0.043126	0.954908	0.094086	-0.281599
49840	9.395919	-0.111349	1.360814	0.538705	-0.553178	0.249647	0.289844	-0.019056	0.956884	0.089778	-0.994852	-0.047006	0.952854	0.099532	-0.286641
49841	9.367219	0.302678	1.636757	0.648509	-0.661545	0.247881	0.296355	-0.020805	0.954851	0.095217	-0.994138	-0.051213	0.950320	0.106095	-0.292637
49842	9.416882	1.846795	2.327875	0.608779	-0.797298	0.274814	0.304169	-0.022628	0.952349	0.100165	-0.993416	-0.055595	0.947337	0.112303	-0.299900
49843	9.030709	0.968780	1.794597	0.276557	-0.949148	0.322255	0.313457	-0.024713	0.949281	0.101780	-0.993028	-0.059460	0.944132	0.115256	-0.308757
49844	9.538402	1.315797	1.475016	0.442160	-1.083545	0.352296	0.324009	-0.026898	0.945672	0.104822	-0.992420	-0.064142	0.940229	0.119910	-0.318733
49845	10.718204	2.941542	1.659222	0.393443	-1.188809	0.415682	0.335588	-0.029535	0.941546	0.107138	-0.991826	-0.069299	0.935897	0.124131	-0.329680
49846	11.045107	2.430879	1.107513	0.040787	-1.309240	0.472157	0.348290	-0.032547	0.936822	0.105907	-0.991632	-0.073826	0.931385	0.124929	-0.341928
49847	11.126816	0.160403	0.128385	-0.045107	-1.422356	0.475410	0.361987	-0.035449	0.931509	0.103796	-0.991530	-0.078068	0.926386	0.124947	-0.355242
49848	11.177818	-1.738255	-0.892147	0.267717	-1.513213	0.447035	0.376401	-0.037923	0.925680	0.104625	-0.991030	-0.083143	0.920530	0.128145	-0.369057
49849	11.969239	-1.811710	-0.626435	0.522986	-1.587019	0.433444	0.391405	-0.040102	0.919344	0.107756	-0.990180	-0.089068	0.913888	0.133926	-0.383240
49850	12.663396	-2.519085	0.105333	0.350359	-1.662957	0.480117	0.407038	-0.042551	0.912419	0.109038	-0.989508	-0.094789	0.906880	0.138071	-0.398128
49851	12.433037	-1.388563	0.296169	0.411147	-1.773423	0.462152	0.423547	-0.044595	0.904776	0.110831	-0.988733	-0.100616	0.899069	0.142893	-0.413833
49852	12.180784	-1.038371	0.058096	0.260285	-1.866943	0.544505	0.440830	-0.047237	0.896347	0.110818	-0.988110	-0.106574	0.890723	0.146313	-0.430354
49853	12.497986	-1.272010	-0.154058	0.287229	-1.953422	0.603146	0.458797	-0.050264	0.887118	0.110651	-0.987395	-0.113172	0.881625	0.150084	-0.447452
49854	12.743190	-0.232176	0.486788	0.170808	-2.038717	0.639042	0.477345	-0.053443	0.877089	0.109172	-0.986808	-0.119544	0.871908	0.152817	-0.465214
49855	12.796330	-0.909164	0.209332	-0.210819	-2.138663	0.647152	0.496562	-0.056536	0.866158	0.104196	-0.986778	-0.124143	0.861725	0.151895	-0.484106
49856	12.963839	-1.831382	-0.266264	-0.203071	-2.209429	0.633302	0.516094	-0.059395	0.854470	0.099268	-0.986723	-0.128545	0.850760	0.151163	-0.503346
49857	12.840252	-2.356190	-0.846897	-0.186319	-2.239735	0.600082	0.535590	-0.061900	0.842207	0.094542	-0.986645	-0.132639	0.839170	0.150664	-0.522585
49858	12.295478	-2.184807	-2.233524	-0.083421	-2.238363	0.539025	0.554707	-0.063797	0.829597	0.090929	-0.986436	-0.136657	0.827063	0.151239	-0.541382
49859	11.362418	-1.136157	-3.334670	-0.134741	-2.252051	0.451601	0.573583	-0.064809	0.816580	0.087282	-0.986355	-0.139592	0.814484	0.151340	-0.560099
49860	10.283977	-1.167987	-5.364892	-0.343193	-2.275180	0.306968	0.592196	-0.064373	0.803219	0.082742	-0.986677	-0.140080	0.801534	0.149415	-0.578980
49861	9.686514	-1.169448	-7.371139	-0.168294	-2.226845	0.106611	0.609974	-0.062065	0.789987	0.080772	-0.986866	-0.139900	0.788294	0.149144	-0.596950
49862	9.250051	-0.786961	-8.525826	-0.124690	-2.093437	-0.055716	0.626267	-0.058349	0.777422	0.080167	-0.987089	-0.138665	0.775476	0.149165	-0.613504
49863	9.074113	-1.256426	-9.315131	0.007099	-1.842503	-0.147613	0.640319	-0.054098	0.766202	0.081166	-0.987166	-0.137530	0.763809	0.150253	-0.627710
49864	8.425167	-0.890304	-9.271261	0.297434	-1.526061	-0.149096	0.651745	-0.050260	0.756771	0.084414	-0.986795	-0.138235	0.753726	0.153976	-0.638896
49865	9.092631	-0.385924	-7.674706	0.299385	-1.186230	-0.140911	0.660506	-0.046987	0.749349	0.087594	-0.986402	-0.139060	0.745694	0.157488	-0.647409
49866	8.721977	-0.373660	-6.492286	0.298495	-0.778912	-0.149666	0.666131	-0.044226	0.744523	0.090833	-0.985999	-0.139839	0.740283	0.160779	-0.652787
49867	7.753969	0.828772	-5.383310	0.205333	-0.335794	-0.170765	0.668444	-0.041964	0.742578	0.093502	-0.985745	-0.139873	0.737862	0.162929	-0.654992
49868	6.865568	0.615317	-6.184848	-0.243357	0.046938	-0.213159	0.667869	-0.039891	0.743209	0.093160	-0.986229	-0.136651	0.738426	0.160502	-0.654955
49869	6.208735	-1.714975	-7.805616	-0.313700	0.434595	-0.256865	0.664403	-0.038012	0.746407	0.092561	-0.986832	-0.132648	0.741620	0.157220	-0.652136
49870	6.106507	-2.305084	-7.841684	0.190246	0.842126	-0.277555	0.657844	-0.036556	0.752267	0.095843	-0.986638	-0.131758	0.747031	0.158775	-0.645550
49871	5.717209	-1.538907	-7.194451	0.454684	1.249096	-0.274056	0.648183	-0.035826	0.760641	0.101058	-0.986010	-0.132557	0.754749	0.162790	-0.635495
49872	5.439955	-1.002103	-6.867831	0.479753	1.617239	-0.275604	0.635581	-0.035729	0.771207	0.106500	-0.985321	-0.133419	0.764653	0.166932	-0.622446
49873	5.205466	-1.102638	-6.736394	0.422825	1.950402	-0.305800	0.620206	-0.035971	0.783614	0.111688	-0.984722	-0.133600	0.776447	0.170380	-0.606713
49874	5.034237	-1.320046	-6.654945	0.377199	2.249298	-0.346133	0.602165	-0.036383	0.797542	0.116784	-0.984202	-0.133072	0.789784	0.173271	-0.588403
49875	4.882810	-1.821872	-6.780959	0.286745	2.510669	-0.399130	0.581665	-0.036794	0.812596	0.121440	-0.983853	-0.131476	0.804313	0.175157	-0.567804
49876	4.879584	-2.781338	-7.163191	0.219891	2.736752	-0.445143	0.558860	-0.037179	0.828428	0.125787	-0.983634	-0.129001	0.819666	0.176299	-0.545037
49877	4.971145	-3.855833	-7.189152	0.401668	2.922528	-0.495875	0.534025	-0.037462	0.844638	0.131827	-0.983110	-0.126951	0.835128	0.179141	-0.520067
49878	5.347635	-3.665560	-6.792859	0.744361	3.080321	-0.537899	0.507302	-0.037747	0.860941	0.140919	-0.981959	-0.126088	0.850168	0.185288	-0.492831
49879	5.881046	-2.659821	-6.289010	0.909453	3.181827	-0.566179	0.479178	-0.038175	0.876887	0.151513	-0.980459	-0.125479	0.864542	0.192986	-0.464030
49880	6.587920	-1.924862	-5.680678	0.830292	3.228343	-0.587023	0.450093	-0.038725	0.892141	0.161490	-0.979057	-0.123971	0.878258	0.199870	-0.434413
49881	7.161634	-1.908035	-5.535213	0.710594	3.249399	-0.591319	0.420345	-0.039492	0.906504	0.170352	-0.977853	-0.121592	0.891230	0.205535	-0.404308
49882	7.571796	-1.504897	-5.084428	0.682061	3.237444	-0.572185	0.390265	-0.040602	0.919807	0.178801	-0.976665	-0.118976	0.903174	0.210894	-0.373899
49883	7.953129	-0.855919	-4.791699	0.475319	3.202912	-0.511583	0.360209	-0.042381	0.931908	0.185038	-0.975873	-0.115903	0.914336	0.214188	-0.343676
49884	8.274336	-0.801970	-4.686948	0.180940	3.156948	-0.434383	0.330332	-0.044873	0.942798	0.188209	-0.975678	-0.112381	0.924910	0.214566	-0.313852
49885	8.486412	-1.089866	-4.596896	-0.037944	3.086101	-0.337958	0.300980	-0.048134	0.952415	0.188918	-0.975922	-0.109024	0.934730	0.212742	-0.284640
49886	8.681239	-1.357253	-4.252084	-0.169518	3.002618	-0.236364	0.272300	-0.052130	0.960799	0.188007	-0.976403	-0.106260	0.943666	0.209572	-0.256074
49887	8.791946	-1.557300	-3.861276	-0.280920	2.906974	-0.152008	0.244448	-0.056640	0.968007	0.185730	-0.977074	-0.104073	0.951709	0.205228	-0.228324
49888	8.809552	-1.509728	-3.455478	-0.384940	2.800192	-0.088161	0.217503	-0.061413	0.974126	0.182257	-0.977910	-0.102345	0.958893	0.199802	-0.201505
49889	9.008513	-1.864292	-3.418068	-0.608123	2.702792	-0.051285	0.191386	-0.066173	0.979282	0.176501	-0.979140	-0.100657	0.965515	0.192108	-0.175714
49890	8.793844	-2.982548	-3.443239	-0.779326	2.613241	-0.055091	0.165949	-0.070493	0.983612	0.169049	-0.980643	-0.098802	0.971537	0.182674	-0.150820
49891	8.262227	-4.441559	-3.747541	-0.739644	2.521136	-0.099447	0.141209	-0.073973	0.987212	0.161984	-0.982038	-0.096756	0.976638	0.173576	-0.126690
49892	7.882141	-5.332450	-3.604327	-0.389006	2.396878	-0.188181	0.117423	-0.076183	0.990156	0.158414	-0.982849	-0.094407	0.980366	0.167940	-0.103341
49893	8.060112	-5.446931	-4.375670	0.144863	2.248172	-0.249168	0.094945	-0.077471	0.992463	0.160087	-0.982803	-0.092031	0.982526	0.167618	-0.080910
49894	8.285321	-3.753540	-3.919112	0.987918	2.053339	-0.256713	0.074317	-0.078442	0.994145	0.169999	-0.981313	-0.090138	0.982638	0.175703	-0.059593
49895	8.045907	-0.819033	-2.504004	1.468764	1.810722	-0.183370	0.056194	-0.079908	0.995217	0.184527	-0.978789	-0.089009	0.981220	0.188646	-0.040257
49896	7.689475	1.744144	-1.713066	1.089800	1.536174	-0.076178	0.040958	-0.082102	0.995782	0.195235	-0.976750	-0.088563	0.979901	0.198039	-0.023977
49897	7.298293	1.672179	-1.599411	0.325007	1.189510	0.025946	0.029337	-0.084690	0.995975	0.198394	-0.976088	-0.088842	0.979683	0.200202	-0.011834
49898	7.575052	0.029501	-1.929503	-0.158275	0.846765	0.087288	0.021184	-0.087195	0.995966	0.196806	-0.976334	-0.089662	0.980214	0.197912	-0.003523
49899	7.607549	-1.231744	-2.050051	-0.187458	0.524695	0.114299	0.016247	-0.089308	0.995872	0.194930	-0.976609	-0.090761	0.980683	0.195600	0.001542
49900	7.567565	-1.032184	-1.869192	-0.177274	0.212465	0.150053	0.014427	-0.091154	0.995732	0.193153	-0.976825	-0.092222	0.981063	0.193659	0.003514
49901	7.888804	-0.787293	-2.007765	-0.392976	-0.096892	0.198843	0.015741	-0.092877	0.995553	0.189249	-0.977403	-0.094176	0.981803	0.189890	0.002191
49902	8.087701	-1.074262	-2.570299	-0.653043	-0.376700	0.217791	0.019822	-0.094270	0.995349	0.182780	-0.978426	-0.096307	0.982954	0.183839	-0.002164
49903	8.123423	-1.697111	-3.557222	-0.724210	-0.592614	0.196533	0.025986	-0.095089	0.995130	0.175595	-0.979554	-0.098186	0.984119	0.177291	-0.008758
49904	9.445378	-1.449756	-3.520740	-0.550133	-0.678660	0.134715	0.032877	-0.095188	0.994916	0.170124	-0.980395	-0.099421	0.984874	0.172527	-0.016039
49905	9.690828	-1.411105	-3.738347	-0.534137	-0.600712	0.080336	0.038914	-0.094919	0.994724	0.164816	-0.981234	-0.100079	0.985556	0.167841	-0.022539
49906	10.516979	-1.212192	-2.937974	-0.401864	-0.386412	0.019776	0.042734	-0.094438	0.994613	0.160830	-0.981889	-0.100140	0.986056	0.164243	-0.026772
49907	11.076068	-1.296828	-1.705640	-0.438663	-0.100380	-0.015048	0.043684	-0.094092	0.994605	0.156494	-0.982621	-0.099832	0.986712	0.160011	-0.028200
49908	10.555993	-0.957119	-0.958474	-0.464455	0.091408	-0.026640	0.042721	-0.093940	0.994661	0.151904	-0.983384	-0.099400	0.987471	0.155340	-0.027741
49909	9.811237	0.174336	-0.714681	-0.700283	0.082582	-0.054153	0.041809	-0.093498	0.994741	0.144992	-0.984505	-0.098629	0.988549	0.148353	-0.027605
49910	9.749972	-0.797693	-1.514270	-1.067880	-0.006898	-0.088417	0.041734	-0.092582	0.994830	0.134449	-0.986121	-0.097412	0.990041	0.137819	-0.028708
49911	10.608160	-1.859394	-1.836673	-0.930514	-0.059993	-0.103331	0.042180	-0.091447	0.994916	0.125258	-0.987462	-0.096072	0.991227	0.128673	-0.030196
49912	12.004253	-1.575551	-0.632976	-0.779276	-0.054467	-0.078583	0.042606	-0.090568	0.994978	0.117547	-0.988512	-0.095013	0.992153	0.121004	-0.031471
49913	12.292879	-1.818837	0.436229	-0.968565	-0.097933	-0.036965	0.043523	-0.090052	0.994986	0.107931	-0.989677	-0.094293	0.993205	0.111494	-0.033354
49914	11.587198	-2.947845	0.807221	-1.157948	-0.192306	-0.025810	0.045390	-0.089559	0.994947	0.096419	-0.990930	-0.093596	0.994305	0.100180	-0.036343
49915	10.858408	-4.033516	0.381159	-1.130791	-0.289423	-0.065190	0.048196	-0.088602	0.994900	0.085184	-0.992064	-0.092476	0.995199	0.089207	-0.040266
49916	10.161839	-3.988942	-0.053663	-0.833117	-0.350875	-0.125708	0.051570	-0.087022	0.994871	0.076936	-0.992890	-0.090836	0.995701	0.081225	-0.044508
49917	9.753060	-3.133357	-0.369617	-0.517252	-0.403378	-0.172052	0.055446	-0.084959	0.994841	0.071861	-0.993450	-0.088845	0.995872	0.076416	-0.048978
49918	9.619894	-2.306282	-0.927546	-0.290043	-0.444507	-0.209936	0.059708	-0.082506	0.994800	0.069073	-0.993848	-0.086573	0.995823	0.073883	-0.053641
49919	9.571741	-1.954024	-1.784669	-0.089000	-0.458422	-0.247502	0.064090	-0.079672	0.994759	0.068325	-0.994119	-0.084023	0.995602	0.073352	-0.058269
49920	9.420779	-1.302731	-2.171949	0.139882	-0.441613	-0.286458	0.068271	-0.076465	0.994732	0.069886	-0.994243	-0.081224	0.995216	0.075063	-0.062534
49921	9.554086	-0.360077	-2.504126	0.258926	-0.404755	-0.316341	0.072060	-0.072973	0.994727	0.072669	-0.994285	-0.078205	0.994750	0.077921	-0.066345
49922	9.809096	0.686047	-2.295575	0.267481	-0.362576	-0.327983	0.075407	-0.069393	0.994735	0.075550	-0.994311	-0.075091	0.994287	0.080814	-0.069735
49923	9.780162	0.447061	-2.270934	0.123510	-0.303004	-0.336391	0.078150	-0.065764	0.994770	0.077021	-0.994441	-0.071794	0.993962	0.082229	-0.072650
49924	9.772158	-0.052741	-2.343165	0.121297	-0.271416	-0.333353	0.080573	-0.062192	0.994807	0.078471	-0.994558	-0.068532	0.993655	0.083585	-0.075254
49925	9.954921	-0.474914	-2.386695	0.138772	-0.244417	-0.325427	0.082730	-0.058713	0.994841	0.080101	-0.994641	-0.065362	0.993348	0.085095	-0.077584
49926	9.949160	-0.783110	-2.277415	0.155650	-0.207617	-0.317623	0.084520	-0.055343	0.994884	0.081892	-0.994693	-0.062289	0.993051	0.086738	-0.079540
49927	9.657882	-1.186914	-1.856378	0.166292	-0.186575	-0.318183	0.086096	-0.051978	0.994930	0.083800	-0.994721	-0.059218	0.992756	0.088474	-0.081286
49928	9.557940	-1.723579	-1.779233	0.311101	-0.159444	-0.334050	0.087379	-0.048479	0.994995	0.087158	-0.994613	-0.056115	0.992355	0.091625	-0.082683
49929	9.589112	-0.979169	-1.167102	0.465120	-0.136216	-0.331861	0.088420	-0.045014	0.995066	0.092049	-0.994334	-0.053161	0.991821	0.096296	-0.083775
49930	9.564678	-0.268458	-0.434760	0.389003	-0.130449	-0.313826	0.089404	-0.041735	0.995121	0.096165	-0.994092	-0.050331	0.991342	0.100196	-0.084863
49931	9.717790	-0.563184	-0.365073	0.281313	-0.159259	-0.293419	0.090682	-0.038620	0.995131	0.099203	-0.993927	-0.047613	0.990927	0.103037	-0.086300
49932	9.794697	-0.045703	-0.321669	0.404512	-0.167913	-0.286175	0.092041	-0.035568	0.995120	0.103451	-0.993612	-0.045082	0.990367	0.107096	-0.087774
49933	9.733757	0.588865	-0.119450	0.318034	-0.194553	-0.274762	0.093665	-0.032590	0.995070	0.106841	-0.993363	-0.042591	0.989854	0.110303	-0.089561
49934	9.738091	0.384238	0.092793	0.255293	-0.240651	-0.265345	0.095744	-0.029654	0.994964	0.109599	-0.993165	-0.040147	0.989354	0.112891	-0.091840
49935	9.927522	-0.103295	0.162470	0.296788	-0.261511	-0.259431	0.098028	-0.026743	0.994824	0.112771	-0.992902	-0.037803	0.988774	0.115894	-0.094317
49936	9.793718	0.307191	0.494370	0.394843	-0.284438	-0.272714	0.100511	-0.023668	0.994654	0.116926	-0.992508	-0.035433	0.988041	0.119862	-0.096990
49937	9.767716	0.231759	0.399406	0.332558	-0.335372	-0.269884	0.103488	-0.020546	0.994418	0.120472	-0.992167	-0.033037	0.987308	0.123218	-0.100203
49938	9.938249	0.151966	0.135965	0.401051	-0.386353	-0.244534	0.106985	-0.017605	0.994105	0.124669	-0.991715	-0.030979	0.986414	0.127249	-0.103904
49939	10.031338	0.704415	-0.141346	0.390238	-0.410584	-0.210034	0.110752	-0.014956	0.993736	0.128732	-0.991248	-0.029266	0.985476	0.131166	-0.107858
49940	9.892840	0.706722	-0.762569	0.246408	-0.428461	-0.174617	0.114729	-0.012625	0.993317	0.131339	-0.990949	-0.027765	0.984676	0.133647	-0.112032
