// General information: 
//  MT Manager version: 2022.2.0 
//  XDA version: 2022.2.0 build 7381 rev 124627 built on 2023-07-19
// Device information: 
//  DeviceId: 00B4CAF0
//  ProductCode: MTW2-3A7G6
//  Firmware Version: 4.6.0
//  Hardware Version: 2.0.0
// Device settings: 
//  Filter Profile: human(46.1)
//  Option Flags: Orientation Smoother Disabled, Position/Velocity Smoother Disabled, Continuous Zero Rotation Update Disabled, AHS Disabled, ICC Disabled
// Coordinate system: ENU
PacketCounter	Acc_X	Acc_Y	Acc_Z	Gyr_X	Gyr_Y	Gyr_Z	Mat[1][1]	Mat[2][1]	Mat[3][1]	Mat[1][2]	Mat[2][2]	Mat[3][2]	Mat[1][3]	Mat[2][3]	Mat[3][3]
39590	4.104092	0.758020	9.438559	0.009208	0.000724	0.003784	-0.888109	0.230305	0.397772	-0.216006	-0.973019	0.081088	0.405714	-0.013906	0.913894
39591	4.134217	0.767009	9.423853	0.013702	0.001494	0.002868	-0.888097	0.230242	0.397834	-0.215912	-0.973035	0.081145	0.405789	-0.013833	0.913862
39592	4.125103	0.768707	9.446624	0.012030	0.004540	0.002898	-0.888115	0.230229	0.397802	-0.215850	-0.973040	0.081253	0.405784	-0.013704	0.913866
39593	4.082987	0.774646	9.404147	0.012030	0.004540	0.002899	-0.888084	0.230239	0.397865	-0.215821	-0.973039	0.081346	0.405867	-0.013626	0.913831
39594	4.124366	0.770620	9.446790	0.009128	0.002865	0.002132	-0.888093	0.230234	0.397849	-0.215777	-0.973041	0.081430	0.405871	-0.013529	0.913830
39595	4.101698	0.740569	9.465197	0.009955	0.004144	0.002445	-0.888131	0.230274	0.397741	-0.215794	-0.973033	0.081488	0.405780	-0.013458	0.913872
39596	4.114967	0.772674	9.469654	0.005883	0.001213	0.003190	-0.888135	0.230258	0.397740	-0.215754	-0.973037	0.081539	0.405791	-0.013396	0.913868
39597	4.123545	0.772348	9.447007	0.002963	0.005143	0.003076	-0.888147	0.230337	0.397667	-0.215828	-0.973019	0.081564	0.405725	-0.013386	0.913897
39598	4.118622	0.740549	9.419958	0.005883	0.001213	0.003191	-0.888152	0.230322	0.397666	-0.215788	-0.973023	0.081615	0.405736	-0.013325	0.913893
39599	4.111697	0.786230	9.389842	0.011283	0.001122	0.004243	-0.888175	0.230341	0.397602	-0.215781	-0.973020	0.081677	0.405689	-0.013251	0.913915
39600	4.131766	0.773228	9.424420	0.004696	0.005563	0.005357	-0.888202	0.230305	0.397563	-0.215727	-0.973029	0.081709	0.405658	-0.013191	0.913930
39601	4.109110	0.742759	9.442861	0.006226	0.001189	0.001366	-0.888199	0.230273	0.397589	-0.215694	-0.973037	0.081706	0.405684	-0.013186	0.913918
39602	4.109917	0.765465	9.416484	0.005804	0.003352	0.001536	-0.888208	0.230274	0.397567	-0.215669	-0.973037	0.081763	0.405675	-0.013121	0.913923
39603	4.100802	0.766577	9.439298	0.006710	0.002493	0.003504	-0.888210	0.230249	0.397577	-0.215638	-0.973044	0.081773	0.405688	-0.013101	0.913918
39604	4.108375	0.744330	9.443057	0.007879	0.003748	0.001992	-0.888223	0.230246	0.397552	-0.215601	-0.973046	0.081846	0.405681	-0.013015	0.913922
39605	4.117948	0.766663	9.393957	0.009471	0.002841	0.000310	-0.888246	0.230248	0.397498	-0.215587	-0.973046	0.081880	0.405636	-0.012966	0.913943
39606	4.061783	0.783680	9.450495	0.011124	0.005400	0.000936	-0.888263	0.230255	0.397456	-0.215547	-0.973046	0.081987	0.405621	-0.012844	0.913951
39607	4.099447	0.769853	9.439620	0.011203	0.003262	0.002592	-0.888273	0.230263	0.397429	-0.215528	-0.973044	0.082049	0.405608	-0.012775	0.913958
39608	4.108200	0.770068	9.416858	0.008723	-0.000578	0.001654	-0.888267	0.230263	0.397442	-0.215491	-0.973046	0.082131	0.405641	-0.012690	0.913944
39609	4.138365	0.778894	9.402153	0.010376	0.001982	0.002280	-0.888248	0.230283	0.397474	-0.215483	-0.973042	0.082200	0.405688	-0.012634	0.913924
39610	4.108182	0.771816	9.416723	0.011220	-0.002344	0.001941	-0.888235	0.230279	0.397505	-0.215433	-0.973044	0.082305	0.405742	-0.012529	0.913902
39611	4.108255	0.772516	9.416633	0.005883	0.001214	0.003193	-0.888289	0.230192	0.397434	-0.215361	-0.973065	0.082249	0.405662	-0.012531	0.913937
39612	4.128499	0.759414	9.451160	0.005883	0.001214	0.003194	-0.888294	0.230176	0.397433	-0.215321	-0.973069	0.082300	0.405673	-0.012469	0.913933
39613	4.108230	0.773406	9.416571	0.005821	-0.002254	0.000887	-0.888272	0.230140	0.397503	-0.215287	-0.973077	0.082291	0.405739	-0.012481	0.913904
39614	4.107273	0.751702	9.442952	0.005883	0.001215	0.003194	-0.888277	0.230124	0.397501	-0.215247	-0.973082	0.082341	0.405750	-0.012420	0.913900
39615	4.121773	0.805788	9.420850	0.005399	-0.000090	0.001056	-0.888287	0.230175	0.397449	-0.215294	-0.973070	0.082360	0.405703	-0.012409	0.913921
39616	4.106956	0.752777	9.443005	0.009532	0.006309	0.002619	-0.888311	0.230165	0.397400	-0.215244	-0.973074	0.082445	0.405676	-0.012301	0.913934
39617	4.099708	0.798349	9.412981	0.005461	0.003378	0.003363	-0.888321	0.230105	0.397414	-0.215190	-0.973088	0.082419	0.405684	-0.012305	0.913931
39618	4.127726	0.762468	9.451251	0.007131	0.000331	0.003338	-0.888322	0.230087	0.397420	-0.215144	-0.973093	0.082479	0.405705	-0.012234	0.913922
39619	4.128605	0.785087	9.424825	0.005461	0.003378	0.003364	-0.888306	0.230071	0.397468	-0.215123	-0.973097	0.082487	0.405753	-0.012231	0.913901
39620	4.085841	0.768322	9.408654	0.007896	-0.001857	0.001345	-0.888294	0.230072	0.397493	-0.215092	-0.973098	0.082563	0.405795	-0.012158	0.913883
39621	4.119664	0.786905	9.447499	0.008441	0.002917	0.005790	-0.888275	0.230100	0.397519	-0.215095	-0.973092	0.082624	0.405834	-0.012112	0.913867
39622	4.098182	0.778571	9.439454	0.001732	0.000422	0.002282	-0.888275	0.230093	0.397524	-0.215080	-0.973094	0.082639	0.405843	-0.012093	0.913863
39623	4.114807	0.755133	9.420467	0.002215	0.001728	0.004420	-0.888271	0.229930	0.397627	-0.214948	-0.973131	0.082539	0.405921	-0.012152	0.913827
39624	4.093229	0.746794	9.412465	0.006147	0.003327	-0.000287	-0.888277	0.229947	0.397604	-0.214938	-0.973128	0.082605	0.405914	-0.012084	0.913831
39625	4.136839	0.786950	9.402154	0.010454	-0.000155	0.003941	-0.888258	0.229889	0.397680	-0.214862	-0.973142	0.082633	0.405995	-0.012047	0.913796
39626	4.106577	0.779681	9.416775	0.007957	0.001612	0.003653	-0.888265	0.229867	0.397676	-0.214809	-0.973148	0.082699	0.406008	-0.011966	0.913791
39627	4.127905	0.789005	9.424804	0.008722	-0.000578	0.001660	-0.888232	0.229948	0.397703	-0.214861	-0.973130	0.082783	0.406053	-0.011920	0.913772
39628	4.105538	0.758909	9.443130	0.007474	0.000306	0.001515	-0.888229	0.229948	0.397710	-0.214829	-0.973131	0.082854	0.406076	-0.011847	0.913763
39629	4.127878	0.790235	9.424713	0.005882	0.001216	0.003196	-0.888204	0.229865	0.397812	-0.214750	-0.973150	0.082833	0.406172	-0.011858	0.913720
39630	4.126875	0.768396	9.451143	0.003885	-0.001318	0.004397	-0.888201	0.229837	0.397837	-0.214707	-0.973157	0.082859	0.406202	-0.011823	0.913707
39631	4.106536	0.782246	9.416580	0.005320	0.002047	-0.000599	-0.888228	0.229834	0.397779	-0.214710	-0.973158	0.082842	0.406142	-0.011824	0.913734
39632	4.115277	0.781952	9.393867	0.003807	0.000819	0.002740	-0.888230	0.229821	0.397782	-0.214682	-0.973162	0.082874	0.406152	-0.011785	0.913729
39633	4.118843	0.792207	9.447414	0.003807	0.000819	0.002740	-0.888250	0.229821	0.397736	-0.214692	-0.973161	0.082850	0.406102	-0.011799	0.913752
39634	4.114126	0.760303	9.420349	0.003807	0.000819	0.002740	-0.888252	0.229808	0.397739	-0.214664	-0.973165	0.082881	0.406112	-0.011761	0.913748
39635	4.126499	0.769912	9.451184	0.004634	0.002099	0.003052	-0.888246	0.229766	0.397777	-0.214628	-0.973175	0.082859	0.406145	-0.011774	0.913733
39636	4.092515	0.752355	9.412333	0.006225	0.001189	0.001372	-0.888247	0.229766	0.397775	-0.214602	-0.973175	0.082919	0.406157	-0.011711	0.913728
39637	4.114791	0.783808	9.393925	0.008644	0.001559	0.000004	-0.888287	0.229719	0.397712	-0.214556	-0.973187	0.082904	0.406093	-0.011688	0.913757
39638	4.122437	0.761975	9.397667	0.012794	0.002352	0.000919	-0.888292	0.229724	0.397699	-0.214507	-0.973187	0.083025	0.406109	-0.011559	0.913752
39639	4.113232	0.763538	9.420478	0.009751	0.005507	0.008244	-0.888318	0.229736	0.397633	-0.214498	-0.973185	0.083076	0.406056	-0.011494	0.913776
39640	4.103761	0.764806	9.443427	0.007036	0.008077	0.002332	-0.888349	0.229728	0.397569	-0.214460	-0.973188	0.083138	0.406009	-0.011407	0.913798
39641	4.112379	0.764883	9.420741	0.011218	-0.002345	0.001954	-0.888293	0.229784	0.397661	-0.214478	-0.973175	0.083240	0.406121	-0.011348	0.913749
39642	4.103517	0.766655	9.443383	0.012794	0.002352	0.000921	-0.888298	0.229789	0.397648	-0.214430	-0.973176	0.083360	0.406137	-0.011219	0.913743
39643	4.134570	0.797637	9.402251	0.008783	0.002894	0.003969	-0.888363	0.229722	0.397541	-0.214367	-0.973192	0.083334	0.406027	-0.011189	0.913793
39644	4.116597	0.799333	9.447793	0.000967	0.002615	0.004276	-0.888376	0.229695	0.397528	-0.214337	-0.973199	0.083333	0.406015	-0.011174	0.913798
39645	4.124237	0.776251	9.451653	-0.003183	0.001822	0.003360	-0.888401	0.229595	0.397529	-0.214287	-0.973221	0.083196	0.405985	-0.011274	0.913810
39646	4.125007	0.797509	9.425357	-0.010938	0.005014	0.005971	-0.888428	0.229550	0.397496	-0.214291	-0.973230	0.083079	0.405926	-0.011369	0.913835
39647	4.110205	0.742262	9.447756	-0.018256	0.000436	0.007769	-0.888409	0.229619	0.397498	-0.214441	-0.973212	0.082911	0.405887	-0.011580	0.913850
39648	4.133356	0.792986	9.403179	-0.020767	0.007811	0.008128	-0.888451	0.229555	0.397441	-0.214465	-0.973225	0.082696	0.405782	-0.011765	0.913894
39649	4.132876	0.790852	9.403569	-0.019238	0.003430	0.004143	-0.888485	0.229536	0.397376	-0.214551	-0.973226	0.082453	0.405663	-0.011999	0.913944
39650	4.118806	0.757201	9.399644	-0.022016	0.008696	0.007987	-0.888530	0.229473	0.397311	-0.214582	-0.973239	0.082227	0.405547	-0.012194	0.913993
39651	4.142937	0.773861	9.461796	-0.014759	0.009804	0.003885	-0.888544	0.229357	0.397347	-0.214557	-0.973264	0.081997	0.405530	-0.012395	0.913998
39652	4.138355	0.762519	9.408791	-0.009782	0.011875	0.005115	-0.888596	0.229322	0.397251	-0.214563	-0.973271	0.081894	0.405413	-0.012464	0.914049
39653	4.158456	0.770112	9.417519	-0.007301	0.015715	0.006056	-0.888673	0.229300	0.397091	-0.214596	-0.973275	0.081761	0.405227	-0.012555	0.914130
39654	4.125700	0.739311	9.459302	-0.001903	0.015622	0.007118	-0.888745	0.229246	0.396962	-0.214552	-0.973288	0.081722	0.405093	-0.012539	0.914190
39655	4.134217	0.760876	9.410743	0.008678	0.016241	0.003619	-0.888804	0.229199	0.396856	-0.214497	-0.973299	0.081726	0.404992	-0.012486	0.914235
39656	4.131577	0.739895	9.437794	0.020301	0.017334	0.006059	-0.888880	0.229156	0.396711	-0.214373	-0.973313	0.081894	0.404890	-0.012250	0.914283
39657	4.095310	0.702030	9.425761	0.029166	0.011923	-0.000371	-0.888961	0.229178	0.396516	-0.214304	-0.973311	0.082099	0.404748	-0.011993	0.914350
39658	4.061755	0.774362	9.437517	0.038292	0.014787	0.001785	-0.889018	0.229176	0.396390	-0.214145	-0.973316	0.082448	0.404707	-0.011587	0.914373
39659	4.106054	0.740559	9.430785	0.046514	0.018509	0.001973	-0.889050	0.229311	0.396241	-0.214090	-0.973290	0.082900	0.404667	-0.011129	0.914396
39660	4.075398	0.759297	9.419200	0.051021	0.013667	0.000427	-0.889099	0.229322	0.396123	-0.213892	-0.973293	0.083372	0.404663	-0.010602	0.914404
39661	4.066294	0.787049	9.415572	0.053439	0.014038	-0.000928	-0.889123	0.229382	0.396035	-0.213750	-0.973284	0.083841	0.404686	-0.010107	0.914400
39662	4.115370	0.786743	9.435749	0.058068	0.016143	0.002145	-0.889186	0.229377	0.395897	-0.213509	-0.973291	0.084370	0.404676	-0.009507	0.914411
39663	4.126447	0.801873	9.466668	0.063747	0.012554	-0.000901	-0.889183	0.229536	0.395811	-0.213407	-0.973260	0.084991	0.404735	-0.008896	0.914391
39664	4.045724	0.826722	9.434751	0.046595	0.010780	0.003030	-0.889226	0.229522	0.395722	-0.213204	-0.973267	0.085411	0.404747	-0.008420	0.914390
39665	4.048107	0.776545	9.411556	0.058918	0.006216	0.001207	-0.889249	0.229534	0.395664	-0.213001	-0.973269	0.085900	0.404804	-0.007891	0.914369
39666	4.082357	0.822317	9.423677	0.060434	0.007439	-0.002117	-0.889268	0.229570	0.395602	-0.212788	-0.973265	0.086467	0.404876	-0.007287	0.914343
39667	4.089307	0.805049	9.427435	0.057726	0.010584	0.003383	-0.889293	0.229589	0.395533	-0.212592	-0.973264	0.086956	0.404922	-0.006758	0.914326
39668	4.088603	0.810938	9.427236	0.069221	0.004739	0.001265	-0.889308	0.229592	0.395498	-0.212314	-0.973268	0.087590	0.405036	-0.006075	0.914281
39669	4.088164	0.817125	9.426892	0.063478	0.004863	0.002026	-0.889289	0.229637	0.395514	-0.212115	-0.973261	0.088150	0.405181	-0.005503	0.914220
39670	4.075230	0.813664	9.395815	0.066721	0.006514	0.000993	-0.889311	0.229642	0.395464	-0.211849	-0.973263	0.088763	0.405274	-0.004841	0.914183
39671	4.079157	0.852762	9.422357	0.076051	0.008015	-0.002604	-0.889298	0.229785	0.395409	-0.211688	-0.973233	0.089480	0.405386	-0.004129	0.914136
39672	4.116426	0.844826	9.411380	0.073763	0.009005	0.002736	-0.889332	0.229774	0.395337	-0.211378	-0.973238	0.090150	0.405471	-0.003393	0.914101
39673	4.077598	0.866302	9.421796	0.065466	0.007413	0.000890	-0.889346	0.229858	0.395258	-0.211210	-0.973220	0.090737	0.405530	-0.002786	0.914078
39674	4.016264	0.856413	9.450898	0.056884	0.009335	0.003158	-0.889383	0.229843	0.395184	-0.210965	-0.973225	0.091251	0.405576	-0.002213	0.914059
39675	4.061491	0.824102	9.444027	0.061390	0.004491	0.001653	-0.889354	0.229978	0.395171	-0.210852	-0.973194	0.091836	0.405698	-0.001648	0.914005
39676	4.136991	0.964004	9.467753	0.050344	-0.003047	0.002353	-0.889339	0.229971	0.395209	-0.210641	-0.973197	0.092294	0.405841	-0.001167	0.913943
39677	4.114418	0.935847	9.486220	0.004340	0.005642	0.007185	-0.889335	0.229893	0.395263	-0.210573	-0.973215	0.092257	0.405885	-0.001184	0.913923
39678	4.125802	0.877934	9.441309	-0.030804	0.012039	0.015862	-0.889409	0.229755	0.395176	-0.210571	-0.973247	0.091920	0.405723	-0.001458	0.913995
39679	4.120251	0.841636	9.415343	-0.038751	0.010404	0.012174	-0.889450	0.229682	0.395127	-0.210683	-0.973264	0.091488	0.405576	-0.001873	0.914059
39680	4.082300	0.874471	9.400097	-0.036273	0.014253	0.013116	-0.889527	0.229570	0.395017	-0.210728	-0.973290	0.091111	0.405383	-0.002195	0.914144
39681	4.093675	0.879513	9.431720	-0.047606	0.010237	0.017929	-0.889624	0.229412	0.394891	-0.210806	-0.973326	0.090545	0.405129	-0.002694	0.914255
39682	4.093030	0.873387	9.432570	-0.066962	0.006721	0.017387	-0.889680	0.229259	0.394853	-0.210936	-0.973360	0.089870	0.404938	-0.003333	0.914338
39683	4.072518	0.879468	9.398642	-0.068965	0.004197	0.018604	-0.889766	0.229153	0.394721	-0.211148	-0.973382	0.089128	0.404638	-0.004041	0.914468
39684	4.063363	0.873206	9.422090	-0.065995	0.003751	0.021066	-0.889819	0.228964	0.394713	-0.211242	-0.973424	0.088448	0.404474	-0.004677	0.914537
39685	4.070857	0.843814	9.426751	-0.055282	0.005710	0.021587	-0.889820	0.228884	0.394757	-0.211405	-0.973440	0.087883	0.404387	-0.005253	0.914573
39686	4.041656	0.852227	9.415284	-0.047805	0.000409	0.022513	-0.889861	0.228681	0.394781	-0.211412	-0.973485	0.087364	0.404291	-0.005720	0.914612
39687	4.078727	0.809907	9.431602	-0.043935	-0.000894	0.026944	-0.889869	0.228559	0.394834	-0.211495	-0.973510	0.086878	0.404231	-0.006195	0.914636
39688	4.086983	0.782138	9.435710	-0.039084	-0.005776	0.023593	-0.889888	0.228346	0.394915	-0.211458	-0.973558	0.086434	0.404209	-0.006591	0.914643
39689	4.065067	0.747239	9.454273	-0.030789	-0.004191	0.025462	-0.889913	0.228169	0.394961	-0.211444	-0.973597	0.086029	0.404162	-0.006954	0.914661
39690	4.094536	0.729102	9.466417	-0.032659	-0.000352	0.019849	-0.889945	0.227993	0.394989	-0.211415	-0.973636	0.085658	0.404105	-0.007275	0.914684
39691	4.079557	0.771091	9.458724	-0.030365	-0.006945	0.013883	-0.889924	0.228030	0.395016	-0.211592	-0.973624	0.085352	0.404060	-0.007626	0.914701
39692	4.095315	0.820973	9.436284	-0.032369	-0.009471	0.015085	-0.889910	0.227900	0.395123	-0.211604	-0.973652	0.085003	0.404085	-0.007965	0.914687
39693	4.123390	0.879492	9.444806	-0.050422	-0.005340	0.006237	-0.889862	0.227997	0.395174	-0.211915	-0.973625	0.084541	0.404026	-0.008513	0.914708
39694	4.238308	1.059959	9.535988	-0.052603	-0.009410	-0.043887	-0.889723	0.228441	0.395231	-0.212534	-0.973516	0.084241	0.404007	-0.009049	0.914711
39695	3.959086	0.403908	9.343893	-0.099561	-0.001331	0.038472	-0.889846	0.227984	0.395218	-0.212554	-0.973613	0.083062	0.403726	-0.010093	0.914824
39696	4.066227	0.765242	9.478530	-0.097125	-0.007717	0.013644	-0.889836	0.227868	0.395307	-0.212841	-0.973629	0.082127	0.403597	-0.011058	0.914870
39697	4.114428	0.741005	9.445196	-0.069034	-0.016043	0.014563	-0.889804	0.227746	0.395450	-0.213038	-0.973649	0.081383	0.403564	-0.011831	0.914875
39698	4.102050	0.702082	9.440869	-0.078659	-0.008976	0.011581	-0.889785	0.227649	0.395549	-0.213268	-0.973661	0.080624	0.403485	-0.012620	0.914899
39699	4.139194	0.755322	9.427198	-0.098867	-0.008110	0.011447	-0.889742	0.227614	0.395665	-0.213657	-0.973656	0.079657	0.403373	-0.013663	0.914934
39700	4.097163	0.728946	9.411330	-0.089049	-0.005311	0.009984	-0.889734	0.227533	0.395729	-0.213944	-0.973662	0.078809	0.403238	-0.014545	0.914980
39701	4.097864	0.721500	9.411598	-0.060612	-0.008074	0.009678	-0.889680	0.227438	0.395906	-0.214126	-0.973673	0.078166	0.403261	-0.015232	0.914958
39702	4.083304	0.762153	9.404206	-0.036950	-0.008103	0.014406	-0.889670	0.227314	0.395999	-0.214164	-0.973696	0.077777	0.403263	-0.015613	0.914951
39703	4.057002	0.696393	9.395079	-0.014735	-0.012048	0.012689	-0.889568	0.227313	0.396228	-0.214240	-0.973693	0.077612	0.403447	-0.015846	0.914866
39704	4.135058	0.687451	9.346673	0.002559	-0.003369	0.013374	-0.889575	0.227200	0.396277	-0.214127	-0.973719	0.077590	0.403491	-0.015832	0.914846
39705	4.095910	0.679980	9.383929	0.003385	0.003517	0.014354	-0.889572	0.227140	0.396319	-0.214079	-0.973733	0.077550	0.403524	-0.015857	0.914832
39706	4.031171	0.654485	9.359722	0.009056	0.011131	0.012596	-0.889636	0.227037	0.396235	-0.213947	-0.973759	0.077590	0.403453	-0.015747	0.914865
39707	4.012196	0.657306	9.405521	0.033827	0.014482	0.014146	-0.889670	0.227042	0.396156	-0.213832	-0.973763	0.077860	0.403439	-0.015441	0.914876
39708	4.041406	0.670350	9.391069	0.089943	0.011112	0.015497	-0.889740	0.226911	0.396075	-0.213348	-0.973807	0.078629	0.403542	-0.014543	0.914846
39709	4.045173	0.712371	9.417892	0.134426	0.012296	0.015107	-0.889837	0.226740	0.395955	-0.212680	-0.973865	0.079714	0.403681	-0.013279	0.914804
39710	4.018054	0.687136	9.381943	0.206985	0.010748	0.016325	-0.889906	0.226600	0.395878	-0.211716	-0.973923	0.081550	0.404033	-0.011242	0.914675
39711	3.981036	0.647688	9.394710	0.284159	0.005149	0.008695	-0.889927	0.226538	0.395867	-0.210537	-0.973965	0.084062	0.404604	-0.008536	0.914452
39712	4.052648	0.778957	9.390479	0.344837	-0.007810	0.000893	-0.889889	0.226547	0.395948	-0.209150	-0.973986	0.087218	0.405406	-0.005198	0.914122
39713	4.046732	0.899923	9.459465	0.344704	-0.016783	-0.001625	-0.889809	0.226674	0.396054	-0.207893	-0.973969	0.090361	0.406227	-0.001933	0.913770
39714	4.135507	0.886270	9.492242	0.266452	-0.017186	-0.000301	-0.889731	0.226695	0.396218	-0.206830	-0.973966	0.092803	0.406941	0.000620	0.913454
39715	4.138522	0.831135	9.493905	0.196045	-0.011771	0.001171	-0.889645	0.226783	0.396360	-0.206134	-0.973942	0.094579	0.407480	0.002438	0.913211
39716	4.172740	0.800108	9.454893	0.159807	-0.009265	0.001664	-0.889602	0.226786	0.396454	-0.205486	-0.973937	0.096038	0.407901	0.003970	0.913018
39717	4.132343	0.884317	9.486358	0.126343	-0.000850	-0.000481	-0.889577	0.226924	0.396431	-0.205121	-0.973899	0.097192	0.408139	0.005143	0.912905
39718	4.118790	0.861709	9.481701	0.060542	-0.002497	0.000907	-0.889561	0.226934	0.396462	-0.204884	-0.973893	0.097748	0.408294	0.005724	0.912832
39719	4.167095	0.873421	9.420919	0.079407	-0.000320	-0.000615	-0.889540	0.227100	0.396414	-0.204736	-0.973850	0.098484	0.408413	0.006445	0.912774
39720	4.132341	1.004683	9.452447	0.054938	-0.000981	0.005614	-0.889539	0.227065	0.396436	-0.204480	-0.973855	0.098970	0.408543	0.006975	0.912712
39721	4.138937	0.964552	9.483108	0.039319	-0.001516	0.006110	-0.889519	0.227188	0.396411	-0.204455	-0.973824	0.099326	0.408600	0.007304	0.912685
39722	4.098941	0.894495	9.444857	0.024876	0.004799	0.005675	-0.889542	0.227152	0.396380	-0.204322	-0.973830	0.099537	0.408616	0.007554	0.912675
39723	4.112895	0.928094	9.448233	0.023563	-0.009046	0.002048	-0.889466	0.227308	0.396461	-0.204390	-0.973792	0.099765	0.408748	0.007704	0.912615
39724	4.101229	0.919536	9.417121	0.007531	-0.007417	0.002675	-0.889433	0.227303	0.396538	-0.204355	-0.973793	0.099830	0.408838	0.007757	0.912574
39725	4.102006	0.920706	9.416669	0.019900	-0.008514	0.003238	-0.889386	0.227340	0.396621	-0.204336	-0.973784	0.099962	0.408949	0.007861	0.912523
39726	4.029781	0.897135	9.415062	0.008291	-0.009631	0.000709	-0.889340	0.227355	0.396717	-0.204315	-0.973780	0.100042	0.409060	0.007916	0.912473
39727	4.095093	0.924729	9.438216	0.027016	-0.013763	0.006060	-0.889301	0.227414	0.396771	-0.204287	-0.973765	0.100246	0.409159	0.008094	0.912427
39728	4.095554	0.861754	9.361980	0.053827	-0.010632	-0.003174	-0.889242	0.227467	0.396872	-0.204115	-0.973748	0.100757	0.409372	0.008590	0.912327
39729	4.111934	0.987546	9.413066	0.072759	-0.004956	-0.002413	-0.889209	0.227613	0.396862	-0.203980	-0.973708	0.101416	0.409512	0.009228	0.912258
39730	4.059692	0.911639	9.343858	0.073447	0.000566	-0.005459	-0.889192	0.227688	0.396858	-0.203748	-0.973683	0.102115	0.409664	0.009941	0.912182
39731	4.074933	0.874066	9.351783	0.092375	0.000634	-0.005268	-0.889133	0.227909	0.396862	-0.203595	-0.973623	0.102992	0.409867	0.010774	0.912082
39732	4.097723	0.816918	9.363906	0.137276	0.002552	-0.014572	-0.889106	0.228072	0.396830	-0.203183	-0.973569	0.104309	0.410132	0.012113	0.911946
39733	4.046210	0.881836	9.444868	0.147076	0.005363	-0.015946	-0.889098	0.228298	0.396718	-0.202820	-0.973498	0.105669	0.410328	0.013488	0.911838
39734	4.150437	0.950052	9.402650	0.147756	-0.000338	-0.020093	-0.889047	0.228515	0.396706	-0.202413	-0.973426	0.107103	0.410638	0.014922	0.911676
39735	4.141907	0.986071	9.397218	0.116384	0.014034	-0.021382	-0.889030	0.228883	0.396533	-0.202301	-0.973322	0.108251	0.410732	0.016020	0.911616
39736	4.140405	1.161043	9.439037	0.066440	0.017756	-0.014469	-0.889065	0.229043	0.396362	-0.202178	-0.973273	0.108921	0.410716	0.016703	0.911610
39737	4.037942	0.814187	9.422615	0.025132	0.027907	-0.018365	-0.889110	0.229513	0.395989	-0.202535	-0.973158	0.109286	0.410442	0.016966	0.911729
39738	4.029247	0.867421	9.391077	0.151044	0.015376	-0.028933	-0.889106	0.229815	0.395822	-0.202194	-0.973059	0.110786	0.410619	0.018467	0.911620
39739	4.100028	1.216489	9.501568	0.119481	0.003087	-0.027320	-0.889102	0.230115	0.395657	-0.202019	-0.972966	0.111913	0.410714	0.019572	0.911554
39740	4.103589	1.125952	9.376976	0.105738	-0.006837	-0.021721	-0.889022	0.230352	0.395700	-0.201800	-0.972890	0.112970	0.410995	0.020580	0.911405
39741	4.064959	1.295720	9.454322	0.087295	-0.010436	-0.008946	-0.888972	0.230546	0.395699	-0.201653	-0.972827	0.113766	0.411175	0.021341	0.911307
39742	3.990738	1.066040	9.465858	-0.018904	-0.016963	-0.001905	-0.888890	0.230591	0.395856	-0.201770	-0.972822	0.113609	0.411294	0.021114	0.911258
39743	4.023445	0.908661	9.408656	0.041532	-0.034042	-0.003973	-0.888728	0.230791	0.396103	-0.201809	-0.972769	0.113994	0.411625	0.021372	0.911103
39744	4.002921	0.962200	9.419841	0.091467	-0.048943	-0.011816	-0.888495	0.230941	0.396540	-0.201560	-0.972716	0.114881	0.412251	0.022145	0.910801
39745	4.007829	0.973749	9.416568	0.139661	-0.058678	-0.021366	-0.888194	0.231257	0.397029	-0.201294	-0.972614	0.116201	0.413029	0.023290	0.910420
39746	3.958932	0.908115	9.501691	0.132281	-0.077968	-0.022826	-0.887817	0.231521	0.397717	-0.200973	-0.972524	0.117503	0.413993	0.024391	0.909953
39747	3.960819	1.030194	9.539565	0.066219	-0.090994	-0.021048	-0.887382	0.231848	0.398498	-0.201012	-0.972437	0.118152	0.414908	0.024743	0.909527
39748	3.839391	0.760862	9.529671	0.185725	-0.128443	-0.038783	-0.886762	0.232282	0.399624	-0.200607	-0.972294	0.120002	0.416426	0.026246	0.908791
39749	3.621711	0.958272	9.733780	0.245154	-0.182590	-0.059303	-0.885862	0.233020	0.401186	-0.200248	-0.972065	0.122434	0.418508	0.028123	0.907777
39750	2.064281	1.695649	11.211854	0.117654	-0.253879	-0.152911	-0.884481	0.234603	0.403304	-0.201131	-0.971668	0.124123	0.420998	0.028668	0.906608
39751	3.117047	0.402514	9.646921	0.211874	-0.499617	-0.401274	-0.881567	0.238750	0.407233	-0.203916	-0.970634	0.127626	0.425745	0.029470	0.904363
39752	2.437703	1.866321	10.964319	-0.070921	-0.793126	-0.480000	-0.877165	0.243655	0.413781	-0.208465	-0.969490	0.128964	0.432579	0.026864	0.901196
39753	2.565741	1.559290	10.562206	-0.221048	-1.066121	-0.511276	-0.871495	0.248823	0.422592	-0.213909	-0.968298	0.129001	0.441294	0.022027	0.897092
39754	2.717336	1.563426	10.130920	-0.694143	-1.378501	-0.595287	-0.864033	0.254841	0.434170	-0.222198	-0.966911	0.125349	0.451747	0.011834	0.892067
39755	3.755348	1.897842	10.066321	-0.657580	-1.654661	-0.565348	-0.855229	0.260404	0.448078	-0.230109	-0.965499	0.121906	0.464364	0.001151	0.885644
39756	4.030757	1.774902	9.721299	-0.994725	-1.769437	-0.427196	-0.845889	0.264445	0.463185	-0.238449	-0.964312	0.115085	0.477088	-0.013097	0.878758
39757	4.150327	1.739190	9.390273	-0.943285	-1.919815	-0.276708	-0.836148	0.266377	0.479478	-0.245075	-0.963482	0.107890	0.490708	-0.027296	0.870896
39758	4.568573	1.649201	9.160715	-1.048031	-2.029872	-0.178904	-0.825589	0.267412	0.496884	-0.251801	-0.962631	0.099690	0.504974	-0.042813	0.862072
39759	5.155936	1.516433	8.957344	-1.187483	-2.098735	-0.118066	-0.814581	0.267448	0.514713	-0.258862	-0.961709	0.090038	0.519085	-0.059896	0.852622
39760	5.549905	0.685261	8.363339	-1.238048	-2.066266	-0.104171	-0.803433	0.267055	0.532145	-0.266236	-0.960574	0.080096	0.532554	-0.077324	0.842856
39761	5.705770	0.586693	8.476372	-0.913855	-2.027544	-0.118974	-0.792174	0.266514	0.549027	-0.272170	-0.959472	0.073050	0.546245	-0.091560	0.832606
39762	5.614656	0.604320	8.541245	-0.935561	-2.007549	-0.138074	-0.780685	0.265878	0.565544	-0.278450	-0.958174	0.066089	0.559461	-0.105881	0.822066
39763	5.780144	0.102311	8.740006	-0.755425	-2.016961	-0.165490	-0.768797	0.265227	0.581898	-0.284065	-0.956873	0.060837	0.572938	-0.118526	0.810983
39764	5.659160	0.255932	9.103380	-0.666781	-2.059097	-0.174387	-0.756347	0.264355	0.598377	-0.289282	-0.955575	0.056508	0.586732	-0.130360	0.799219
39765	5.625307	-0.702730	8.942186	-0.573556	-2.144062	-0.254178	-0.742870	0.263892	0.615227	-0.294651	-0.954108	0.053467	0.601103	-0.141559	0.786535
39766	6.060511	0.010287	9.583190	-0.256496	-2.281745	-0.318325	-0.728016	0.263623	0.632847	-0.298575	-0.952887	0.053465	0.617126	-0.150029	0.772429
39767	6.620353	-0.496399	9.737606	-0.426708	-2.310465	-0.399970	-0.712377	0.263870	0.650301	-0.304184	-0.951153	0.052725	0.632448	-0.160251	0.757845
39768	7.134014	-0.189907	10.298456	-0.362574	-2.315664	-0.477365	-0.696079	0.264606	0.667427	-0.309886	-0.949286	0.053162	0.647646	-0.169822	0.742776
39769	7.334455	-0.530839	9.987712	-0.597193	-2.284720	-0.543600	-0.679424	0.265765	0.683924	-0.317600	-0.946776	0.052396	0.661448	-0.181615	0.727669
39770	7.273517	-0.712185	9.434311	-0.768690	-2.273075	-0.645717	-0.662150	0.267610	0.699959	-0.327085	-0.943599	0.051343	0.674221	-0.194949	0.712335
39771	7.613468	-1.037503	8.819828	-0.657587	-2.287403	-0.816129	-0.643880	0.270712	0.715635	-0.336962	-0.940057	0.052431	0.686931	-0.207382	0.696504
39772	7.841973	-0.604674	8.842640	-0.660590	-2.242239	-0.966754	-0.625021	0.275014	0.730559	-0.347692	-0.936001	0.054887	0.698898	-0.219704	0.680640
39773	7.791875	-0.105937	8.693963	-0.663881	-2.202543	-1.084583	-0.605681	0.280176	0.744749	-0.359123	-0.931464	0.058355	0.710057	-0.232112	0.664788
39774	7.679706	0.206560	8.574039	-0.773120	-2.133897	-1.169440	-0.586137	0.285966	0.758068	-0.371638	-0.926300	0.062078	0.719950	-0.245341	0.649215
39775	7.151915	0.022959	8.196322	-0.953730	-2.054994	-1.243385	-0.566563	0.292259	0.770449	-0.385791	-0.920266	0.065392	0.728129	-0.260183	0.634139
39776	7.019278	0.080411	8.042015	-0.989863	-2.045327	-1.325070	-0.546370	0.298954	0.782373	-0.400427	-0.913690	0.069494	0.735621	-0.275314	0.618921
39777	7.084886	-0.059499	7.745538	-0.959136	-2.007339	-1.401705	-0.525838	0.306039	0.793621	-0.415109	-0.906707	0.074605	0.742415	-0.290209	0.603820
39778	6.517820	0.270262	7.965568	-0.870789	-1.929249	-1.469398	-0.505235	0.313598	0.803986	-0.429194	-0.899558	0.081165	0.748685	-0.304059	0.589083
39779	5.270993	-0.546496	8.811522	-0.742946	-1.563254	-1.438335	-0.487256	0.321642	0.811867	-0.441988	-0.892656	0.088382	0.753145	-0.315770	0.577115
39780	4.057558	-1.422019	9.700648	-0.478439	-1.244780	-1.252454	-0.472246	0.328825	0.817837	-0.451625	-0.887042	0.095867	0.756980	-0.324083	0.567408
39781	3.951568	-3.183568	9.913172	-0.264138	-1.043976	-0.782989	-0.460808	0.332342	0.822925	-0.457358	-0.883560	0.100726	0.760579	-0.329956	0.559150
39782	7.802306	-2.347747	13.004970	-0.051377	-0.797895	-0.153235	-0.454008	0.331070	0.827206	-0.458466	-0.882871	0.101722	0.763993	-0.333063	0.552615
39783	5.656107	-2.308925	12.589751	0.084977	-0.117468	0.359888	-0.454819	0.327495	0.828183	-0.456267	-0.884306	0.099117	0.764827	-0.332792	0.551624
39784	3.208351	-1.600735	11.145033	0.322576	0.302949	0.708599	-0.460333	0.322239	0.827197	-0.450573	-0.887665	0.095052	0.764903	-0.328957	0.553814
39785	1.912611	-0.425512	10.164600	0.677093	0.399104	0.846920	-0.467254	0.315999	0.825723	-0.441547	-0.892539	0.091709	0.765970	-0.321744	0.556571
39786	1.947520	0.838153	10.311660	0.724043	0.404732	0.877676	-0.474175	0.309450	0.824257	-0.431882	-0.897575	0.088525	0.767227	-0.314005	0.559253
39787	2.578259	1.769436	10.981041	0.560146	0.513646	0.892981	-0.482049	0.303022	0.822075	-0.423382	-0.902027	0.084230	0.767057	-0.307449	0.563115
39788	2.825074	1.612815	11.152919	0.441058	0.741568	0.841933	-0.491249	0.297689	0.818569	-0.415922	-0.905889	0.079836	0.765299	-0.301242	0.568832
39789	2.673330	1.910465	11.166192	0.375154	0.994096	0.751263	-0.502080	0.293860	0.813364	-0.409365	-0.909217	0.075795	0.761797	-0.294908	0.576796
39790	2.373468	1.885044	10.818856	0.333828	1.218178	0.625845	-0.513861	0.291734	0.806745	-0.403668	-0.912014	0.072683	0.756967	-0.288309	0.586412
39791	2.109029	1.823095	10.507868	0.310176	1.401661	0.495651	-0.526581	0.291240	0.798681	-0.398760	-0.914341	0.070507	0.750801	-0.281355	0.597610
39792	2.164659	1.492679	10.436921	0.256378	1.553478	0.413213	-0.539814	0.291796	0.789592	-0.394659	-0.916249	0.068789	0.743535	-0.274487	0.609764
39793	2.492274	1.174614	10.633715	0.226515	1.715897	0.367317	-0.554126	0.293123	0.779117	-0.390958	-0.917945	0.067295	0.734913	-0.267312	0.623256
39794	2.802400	0.720325	10.835715	0.179278	1.916954	0.390537	-0.569624	0.294611	0.767289	-0.387473	-0.919557	0.065421	0.724840	-0.260039	0.637955
39795	2.999392	0.470997	11.041407	0.190522	2.118857	0.460137	-0.586833	0.295849	0.753725	-0.383406	-0.921418	0.063160	0.713181	-0.251918	0.654148
39796	3.192034	0.486458	11.218112	0.200293	2.324088	0.561178	-0.605381	0.296447	0.738670	-0.378664	-0.923567	0.060314	0.700091	-0.243194	0.671364
39797	3.176130	0.414918	11.146923	0.196538	2.530195	0.655430	-0.625581	0.296466	0.721635	-0.373216	-0.925999	0.056886	0.685098	-0.233739	0.689933
39798	3.188896	0.357015	11.137277	0.231036	2.705727	0.729933	-0.646587	0.295905	0.703111	-0.367028	-0.928681	0.053315	0.668742	-0.223589	0.709078
39799	3.393302	0.369417	11.172850	0.277754	2.869150	0.781649	-0.668574	0.294930	0.682661	-0.359989	-0.931620	0.049927	0.650705	-0.212371	0.729028
39800	3.595203	0.522986	11.223143	0.319404	3.020505	0.820151	-0.690847	0.293533	0.660734	-0.352386	-0.934684	0.046790	0.631312	-0.200509	0.749161
39801	3.760068	0.715340	11.326547	0.343096	3.170549	0.840392	-0.713670	0.291852	0.636787	-0.344277	-0.937837	0.043985	0.610040	-0.187840	0.769784
39802	4.054847	0.859674	11.514621	0.331759	3.303415	0.845735	-0.736314	0.289924	0.611381	-0.336179	-0.940892	0.041306	0.587219	-0.175119	0.790258
39803	4.409410	1.034213	11.628763	0.302206	3.433243	0.826878	-0.759006	0.287938	0.583954	-0.328169	-0.943820	0.038838	0.562331	-0.162157	0.810857
39804	4.660083	1.159842	11.767022	0.272293	3.546408	0.773238	-0.780980	0.286176	0.555133	-0.320740	-0.946457	0.036679	0.535906	-0.149408	0.830952
39805	5.071917	1.353828	11.858483	0.236100	3.640344	0.683126	-0.802342	0.284907	0.524476	-0.313998	-0.948777	0.035044	0.507595	-0.136567	0.850704
39806	5.447749	1.475921	11.988685	0.183343	3.729215	0.563319	-0.822463	0.284442	0.492592	-0.308539	-0.950612	0.033765	0.477868	-0.124214	0.869605
39807	5.714368	1.594788	11.937307	0.127572	3.805604	0.422440	-0.841528	0.284897	0.458983	-0.304322	-0.951999	0.032956	0.446340	-0.111945	0.887834
39808	5.964059	1.858575	11.879768	0.066736	3.848858	0.262013	-0.858868	0.286509	0.424569	-0.301829	-0.952811	0.032404	0.413818	-0.100317	0.904816
39809	6.203866	2.209839	11.732497	-0.011485	3.886370	0.105042	-0.874770	0.289146	0.388809	-0.300843	-0.953138	0.031963	0.379831	-0.089010	0.920764
39810	6.345043	2.392423	11.461190	-0.120688	3.893053	-0.046482	-0.888735	0.292878	0.352666	-0.301712	-0.952894	0.031021	0.345138	-0.078834	0.935235
39811	6.462826	2.585005	11.253458	-0.201938	3.878290	-0.195510	-0.900980	0.297544	0.315757	-0.303991	-0.952206	0.029876	0.309555	-0.069070	0.948370
39812	6.718064	2.877625	11.057551	-0.277253	3.843994	-0.355477	-0.911099	0.303433	0.278976	-0.308043	-0.950952	0.028291	0.273877	-0.060161	0.959881
39813	7.112745	3.460592	10.682562	-0.362370	3.805796	-0.542273	-0.919268	0.310623	0.241785	-0.313790	-0.949128	0.026321	0.237661	-0.051674	0.969973
39814	7.609085	4.169615	10.212708	-0.508890	3.722853	-0.766688	-0.925002	0.319708	0.205327	-0.322001	-0.946458	0.023079	0.201712	-0.044767	0.978421
39815	8.469234	4.695738	9.349660	-0.665927	3.575003	-1.028160	-0.928317	0.330802	0.169701	-0.332594	-0.942887	0.018599	0.166161	-0.039176	0.985320
39816	9.249442	4.867421	8.590532	-0.818219	3.357110	-1.358898	-0.928703	0.344859	0.136322	-0.346456	-0.937982	0.012595	0.132211	-0.035533	0.990584
39817	10.583445	3.271894	8.192494	-0.907115	3.066769	-1.739184	-0.926189	0.362018	0.105434	-0.363464	-0.931590	0.005841	0.100336	-0.032911	0.994409
39818	12.319133	1.764807	7.187972	-0.835392	2.813769	-1.982132	-0.921200	0.381319	0.077367	-0.382513	-0.923950	-0.000665	0.071229	-0.030207	0.997002
39819	9.563012	-0.536131	3.880403	-0.747352	2.025974	-1.966130	-0.914805	0.399857	0.056973	-0.400847	-0.916121	-0.006663	0.049530	-0.028932	0.998354
39820	13.745220	-2.664021	-1.791620	-0.410470	1.054778	-1.764963	-0.908040	0.416285	0.046589	-0.417134	-0.908791	-0.009848	0.038240	-0.028376	0.998866
39821	18.224144	-3.166662	-1.030890	-0.279251	0.264206	-1.311250	-0.902651	0.428129	0.043890	-0.428986	-0.903232	-0.011949	0.034527	-0.029614	0.998965
39822	17.585952	-5.240099	-3.410599	-0.219704	-0.424576	-0.664473	-0.899618	0.434008	0.048220	-0.435073	-0.900289	-0.013837	0.037407	-0.033427	0.998741
39823	16.902462	-4.930572	-6.070873	0.259500	-1.423383	-0.036048	-0.898853	0.433796	0.062317	-0.435244	-0.900243	-0.011203	0.051241	-0.037193	0.997994
39824	17.142626	-2.973191	-6.756741	0.503751	-2.493843	0.454820	-0.899228	0.428712	0.087148	-0.430855	-0.902398	-0.006518	0.075848	-0.043410	0.996174
39825	12.241181	0.113986	-2.671696	0.373664	-3.208072	0.748989	-0.899494	0.420421	0.118981	-0.423819	-0.905740	-0.003616	0.106246	-0.053679	0.992890
39826	2.159769	1.566284	11.583858	-0.179726	-3.408886	0.815500	-0.898780	0.410942	0.152714	-0.416724	-0.909010	-0.006502	0.136147	-0.069483	0.988249
39827	2.022798	-3.148677	15.189206	0.951999	-3.116852	-0.004416	-0.894002	0.408798	0.183426	-0.415369	-0.909649	0.002845	0.168016	-0.073646	0.983029
39828	7.129163	5.041612	13.186763	1.735654	-3.324780	-0.444022	-0.885947	0.410443	0.215951	-0.416105	-0.909080	0.020740	0.204829	-0.071484	0.976184
39829	6.099503	1.086879	11.295214	-0.331848	-3.065485	-0.037951	-0.879098	0.408400	0.245757	-0.417215	-0.908638	0.017560	0.230476	-0.087096	0.969172
39830	5.085288	-2.717563	11.513813	0.372764	-3.280853	0.080046	-0.871362	0.404672	0.277433	-0.415618	-0.909298	0.020953	0.260748	-0.097049	0.960516
39831	8.692690	-8.714117	15.994219	0.020186	-3.533399	-0.299366	-0.860333	0.403761	0.311134	-0.418221	-0.908079	0.021975	0.291407	-0.111217	0.950112
39832	21.457230	3.115251	17.027843	3.948937	-2.716995	-0.375321	-0.850313	0.404511	0.336659	-0.409160	-0.910453	0.060518	0.330993	-0.086288	0.939680
39833	6.061917	8.044749	12.468206	0.519031	-1.754563	-0.454549	-0.842439	0.407179	0.352848	-0.411359	-0.909018	0.066851	0.347966	-0.088830	0.933289
39834	9.380637	2.933382	12.910760	0.648198	-1.688245	-0.321651	-0.835088	0.408614	0.368325	-0.411767	-0.908276	0.074046	0.364797	-0.089829	0.926744
39835	10.476397	5.296352	12.762308	0.242050	-0.958530	-0.117260	-0.831017	0.408862	0.377150	-0.411937	-0.907982	0.076660	0.373788	-0.091656	0.922974
39836	6.871557	2.535442	10.957160	-0.122784	-0.471681	-0.039093	-0.829074	0.408798	0.381471	-0.412742	-0.907698	0.075683	0.377200	-0.094702	0.921277
39837	5.359642	0.508769	10.015513	-0.139006	-0.316029	0.009903	-0.827871	0.408451	0.384443	-0.413262	-0.907574	0.074321	0.379267	-0.097347	0.920152
39838	5.348993	1.295481	9.982633	0.075198	-0.205435	0.036249	-0.827229	0.407942	0.386362	-0.412695	-0.907786	0.074880	0.381281	-0.097506	0.919303
39839	4.529746	0.995704	9.652117	-0.085048	-0.115351	0.040528	-0.826906	0.407508	0.387510	-0.412762	-0.907837	0.073896	0.381909	-0.098844	0.918899
39840	4.408466	0.570348	9.546194	-0.023566	-0.095500	0.041920	-0.826703	0.407053	0.388420	-0.412525	-0.907974	0.073524	0.382604	-0.099450	0.918544
39841	4.333295	0.604319	9.542869	-0.016449	-0.068541	0.038421	-0.826548	0.406683	0.389137	-0.412348	-0.908083	0.073178	0.383129	-0.099975	0.918269
39842	3.649134	0.643918	9.263345	0.028681	-0.079278	0.043136	-0.826411	0.406232	0.389898	-0.411901	-0.908277	0.073281	0.383905	-0.100040	0.917937
39843	3.759199	0.230968	9.376134	-0.046221	-0.117173	0.024489	-0.826011	0.405939	0.391050	-0.411954	-0.908299	0.072714	0.384708	-0.101032	0.917492
39844	3.461863	0.211530	9.203011	0.024813	-0.148110	0.017018	-0.825499	0.405655	0.392423	-0.411738	-0.908383	0.072882	0.386035	-0.101411	0.916893
39845	4.216076	0.479333	9.500853	-0.002974	-0.169067	0.013339	-0.824849	0.405409	0.394040	-0.411719	-0.908402	0.072753	0.387441	-0.102223	0.916209
39846	4.106515	0.346632	9.405476	0.009827	-0.164384	0.005217	-0.824222	0.405214	0.395551	-0.411658	-0.908424	0.072830	0.388839	-0.102804	0.915552
39847	4.409517	0.794082	9.454384	0.047326	-0.143022	0.005017	-0.823634	0.405069	0.396921	-0.411514	-0.908460	0.073192	0.390235	-0.103056	0.914930
39848	4.358475	0.815350	9.428291	0.002075	-0.110882	0.012921	-0.823243	0.404857	0.397947	-0.411420	-0.908504	0.073166	0.391158	-0.103490	0.914486
39849	4.325225	0.704985	9.394374	0.008458	-0.100078	0.011989	-0.822849	0.404692	0.398928	-0.411370	-0.908529	0.073145	0.392039	-0.103920	0.914060
39850	4.624593	0.964738	9.553180	0.035203	-0.063609	0.023352	-0.822684	0.404435	0.399529	-0.411060	-0.908650	0.073380	0.392709	-0.103862	0.913779
39851	4.321631	0.812179	9.421942	-0.004392	-0.032183	0.026521	-0.822615	0.404208	0.399900	-0.410940	-0.908720	0.073183	0.392979	-0.104133	0.913632
39852	4.364034	0.723631	9.449712	0.017682	-0.030877	0.027983	-0.822598	0.403942	0.400205	-0.410661	-0.908842	0.073240	0.393308	-0.104102	0.913494
39853	4.438178	0.789238	9.403857	0.027876	-0.014482	0.023046	-0.822584	0.403764	0.400412	-0.410443	-0.908932	0.073352	0.393564	-0.104008	0.913395
39854	4.253567	0.854628	9.396905	0.020919	-0.010673	0.024493	-0.822631	0.403552	0.400530	-0.410179	-0.909042	0.073451	0.393740	-0.103866	0.913335
39855	4.230998	0.756324	9.375726	0.008699	-0.010488	0.022842	-0.822632	0.403380	0.400700	-0.410037	-0.909111	0.073389	0.393885	-0.103930	0.913265
39856	4.176406	0.727889	9.403937	0.017702	-0.011445	0.018551	-0.822652	0.403220	0.400820	-0.409836	-0.909195	0.073483	0.394054	-0.103820	0.913205
39857	4.175093	0.434208	9.183084	0.080505	-0.015007	0.003327	-0.822556	0.403221	0.401017	-0.409571	-0.909259	0.074155	0.394530	-0.103248	0.913064
