// General information: 
//  MT Manager version: 2022.2.0 
//  XDA version: 2022.2.0 build 7381 rev 124627 built on 2023-07-19
// Device information: 
//  DeviceId: 00B4CBA7
//  ProductCode: MTW2-3A7G6
//  Firmware Version: 4.6.0
//  Hardware Version: 2.0.0
// Device settings: 
//  Filter Profile: human(46.1)
//  Option Flags: Orientation Smoother Disabled, Position/Velocity Smoother Disabled, Continuous Zero Rotation Update Disabled, AHS Disabled, ICC Disabled
// Coordinate system: ENU
PacketCounter	Acc_X	Acc_Y	Acc_Z	Gyr_X	Gyr_Y	Gyr_Z	Mat[1][1]	Mat[2][1]	Mat[3][1]	Mat[1][2]	Mat[2][2]	Mat[3][2]	Mat[1][3]	Mat[2][3]	Mat[3][3]
39108	9.641908	-0.531875	-1.959630	-0.223363	-0.108838	-0.114724	-0.225017	0.003725	0.974348	-0.204193	0.977607	-0.050894	-0.952719	-0.210406	-0.219217
39109	9.733983	-0.608256	-1.922444	-0.239975	-0.114564	-0.116491	-0.225856	0.002338	0.974158	-0.202074	0.978134	-0.049198	-0.952972	-0.207963	-0.220445
39110	9.956447	-0.534525	-1.852212	-0.207702	-0.100750	-0.117908	-0.226562	0.000942	0.973996	-0.200354	0.978569	-0.047550	-0.953167	-0.205917	-0.221518
39111	9.719708	-0.470028	-1.733996	-0.322564	-0.095399	-0.117365	-0.227223	-0.000411	0.973843	-0.197458	0.979247	-0.045659	-0.953614	-0.202668	-0.222589
39112	9.384552	-1.114606	-2.175199	-0.373270	-0.109920	-0.125883	-0.228007	-0.001900	0.973658	-0.194177	0.979999	-0.043559	-0.954101	-0.198994	-0.223816
39113	9.121758	-1.339157	-2.219006	-0.313113	-0.124702	-0.125599	-0.228942	-0.003403	0.973434	-0.191458	0.980619	-0.041601	-0.954426	-0.195896	-0.225156
39114	9.121786	-1.721851	-2.324839	-0.232997	-0.135786	-0.134859	-0.229964	-0.005025	0.973186	-0.189537	0.981070	-0.039722	-0.954564	-0.193589	-0.226563
39115	9.345943	-1.449828	-2.329095	-0.011105	-0.142414	-0.154468	-0.231017	-0.006856	0.972925	-0.189832	0.981075	-0.038161	-0.954251	-0.193509	-0.227947
39116	9.583768	-0.434619	-2.220571	0.144955	-0.144840	-0.160160	-0.232076	-0.008744	0.972658	-0.191579	0.980783	-0.036894	-0.953645	-0.194904	-0.229292
39117	9.695571	0.312250	-2.071279	0.164766	-0.145479	-0.164668	-0.233133	-0.010642	0.972387	-0.193415	0.980470	-0.035642	-0.953016	-0.196383	-0.230638
39118	9.827805	0.528649	-2.066441	0.117749	-0.143001	-0.162614	-0.234162	-0.012552	0.972116	-0.194910	0.980221	-0.034293	-0.952459	-0.197505	-0.231978
39119	9.789175	0.184759	-2.324620	0.106860	-0.131416	-0.171497	-0.235065	-0.014514	0.971871	-0.196296	0.979994	-0.032843	-0.951952	-0.198495	-0.233212
39120	9.870386	0.359182	-2.501863	0.147856	-0.111017	-0.170241	-0.235769	-0.016438	0.971670	-0.198098	0.979676	-0.031494	-0.951404	-0.199911	-0.234233
39121	9.622087	0.179832	-2.917828	0.042113	-0.085458	-0.159786	-0.236251	-0.018196	0.971522	-0.198848	0.979571	-0.030008	-0.951128	-0.200274	-0.235043
39122	9.351859	-0.559141	-3.555376	-0.012285	-0.070560	-0.162354	-0.236582	-0.019963	0.971406	-0.199108	0.979567	-0.028361	-0.950992	-0.200125	-0.235723
39123	9.360717	-1.124172	-3.633084	0.047467	-0.046168	-0.167519	-0.236675	-0.021717	0.971346	-0.199924	0.979444	-0.026815	-0.950797	-0.200542	-0.236151
39124	9.283952	-1.602696	-3.963266	0.135018	-0.009642	-0.173401	-0.236401	-0.023469	0.971372	-0.201611	0.979136	-0.025409	-0.950509	-0.201846	-0.236200
39125	9.526487	-0.361917	-3.232388	0.262530	0.023280	-0.167846	-0.235828	-0.025061	0.971472	-0.204373	0.978590	-0.024368	-0.950062	-0.204289	-0.235900
39126	9.702521	-0.305193	-2.611831	0.123492	0.042998	-0.143873	-0.235106	-0.026415	0.971611	-0.205879	0.978302	-0.023220	-0.949915	-0.205493	-0.235443
39127	9.593813	-0.700255	-2.267584	0.215407	0.052804	-0.158903	-0.234264	-0.027869	0.971773	-0.208211	0.977833	-0.022151	-0.949615	-0.207523	-0.234874
39128	9.189903	0.060434	-1.555630	0.268924	0.047093	-0.174411	-0.233433	-0.029510	0.971925	-0.211165	0.977224	-0.021046	-0.949167	-0.210150	-0.234348
39129	8.880293	-0.416354	-1.474524	0.141536	0.006092	-0.177619	-0.232986	-0.031258	0.971978	-0.212904	0.976876	-0.019619	-0.948888	-0.211509	-0.234254
39130	8.958844	-0.878230	-1.504903	0.294913	-0.028526	-0.186547	-0.232838	-0.033175	0.971949	-0.216129	0.976190	-0.018456	-0.948195	-0.214364	-0.234465
39131	9.269153	0.323951	-0.986527	0.371313	-0.047636	-0.169653	-0.232907	-0.034949	0.971871	-0.219989	0.975343	-0.017646	-0.947291	-0.217910	-0.234853
39132	9.652861	1.145867	-0.737640	0.150611	-0.076211	-0.132916	-0.233317	-0.036446	0.971718	-0.221718	0.974968	-0.016668	-0.946786	-0.219336	-0.235557
39133	9.992644	0.791088	-1.006514	0.015379	-0.109478	-0.107059	-0.234100	-0.037761	0.971479	-0.222116	0.974895	-0.015630	-0.946500	-0.219440	-0.236610
39134	10.006684	1.389149	-1.152891	0.001104	-0.133882	-0.092853	-0.235142	-0.038995	0.971178	-0.222338	0.974859	-0.014690	-0.946189	-0.219384	-0.237901
39135	9.950353	1.430373	-1.814389	-0.098652	-0.159053	-0.073186	-0.236468	-0.040089	0.970812	-0.221583	0.975045	-0.013708	-0.946036	-0.218357	-0.239450
39136	9.864397	1.072945	-2.442101	-0.102677	-0.167524	-0.057546	-0.237907	-0.041050	0.970420	-0.220741	0.975248	-0.012863	-0.945872	-0.217272	-0.241080
39137	9.801382	0.796346	-2.785051	-0.080956	-0.167916	-0.049924	-0.239368	-0.041932	0.970023	-0.220091	0.975404	-0.012146	-0.945655	-0.216401	-0.242709
39138	9.674580	0.422897	-3.084921	-0.057330	-0.155340	-0.026665	-0.240760	-0.042562	0.969651	-0.219607	0.975518	-0.011707	-0.945414	-0.215761	-0.244213
39139	9.629362	0.280455	-3.258705	0.004374	-0.137835	-0.016223	-0.242011	-0.043049	0.969318	-0.219682	0.975504	-0.011524	-0.945077	-0.215730	-0.245539
39140	9.490983	0.194797	-3.340561	0.013795	-0.111988	-0.009408	-0.243030	-0.043417	0.969047	-0.219828	0.975472	-0.011426	-0.944781	-0.215801	-0.246613
39141	9.370024	0.200524	-3.370029	0.043022	-0.081190	-0.001540	-0.243777	-0.043640	0.968849	-0.220233	0.975380	-0.011480	-0.944495	-0.216172	-0.247386
39142	9.298236	0.431722	-3.076772	-0.038702	-0.053277	0.018023	-0.244302	-0.043613	0.968718	-0.219818	0.975473	-0.011519	-0.944456	-0.215755	-0.247897
39143	9.262995	0.285901	-2.928078	-0.150194	-0.046108	0.036653	-0.244802	-0.043387	0.968602	-0.218304	0.975813	-0.011463	-0.944677	-0.214256	-0.248353
39144	9.472097	-0.371830	-2.768151	-0.245784	-0.038843	0.046431	-0.245251	-0.043051	0.968503	-0.215862	0.976359	-0.011262	-0.945122	-0.211825	-0.248747
39145	9.388340	-0.904939	-2.637414	-0.154861	-0.047020	0.035835	-0.245758	-0.042832	0.968385	-0.214300	0.976704	-0.011186	-0.945346	-0.210274	-0.249211
39146	9.444378	-0.565912	-2.275775	-0.039184	-0.057916	0.019986	-0.246330	-0.042793	0.968241	-0.213874	0.976796	-0.011241	-0.945293	-0.209851	-0.249766
39147	9.267908	-0.547502	-2.079451	-0.049263	-0.077318	0.015686	-0.247079	-0.042833	0.968048	-0.213361	0.976909	-0.011232	-0.945214	-0.209319	-0.250513
39148	9.162175	-0.474743	-1.867286	0.018558	-0.107077	0.015639	-0.248106	-0.042939	0.967781	-0.213492	0.976878	-0.011390	-0.944915	-0.209439	-0.251537
39149	9.223494	-0.343491	-1.669203	0.051837	-0.137874	0.014928	-0.249426	-0.043115	0.967434	-0.213943	0.976777	-0.011628	-0.944466	-0.209876	-0.252857
39150	9.304621	-0.315054	-1.506591	0.105521	-0.181434	0.010589	-0.251143	-0.043428	0.966975	-0.214907	0.976561	-0.011958	-0.943791	-0.210813	-0.254589
39151	9.428255	-0.226913	-1.402194	0.161301	-0.216622	0.008151	-0.253188	-0.043838	0.966423	-0.216402	0.976225	-0.012412	-0.942903	-0.212279	-0.256655
39152	9.498302	-0.083726	-1.326040	0.185238	-0.242167	0.013044	-0.255481	-0.044261	0.965801	-0.218109	0.975838	-0.012975	-0.941891	-0.213965	-0.258961
39153	9.432758	-0.088310	-1.725906	0.111470	-0.274066	0.020585	-0.258089	-0.044680	0.965087	-0.219103	0.975609	-0.013427	-0.940948	-0.214919	-0.261583
39154	9.472760	-0.032317	-2.150663	0.158008	-0.285717	0.032822	-0.260830	-0.045010	0.964335	-0.220498	0.975285	-0.014118	-0.939866	-0.216317	-0.264308
39155	9.624413	0.584098	-2.260845	0.114915	-0.294387	0.048784	-0.263685	-0.045203	0.963549	-0.221442	0.975060	-0.014857	-0.938847	-0.217287	-0.267119
39156	9.699103	0.759067	-2.496193	0.047000	-0.305557	0.064587	-0.266678	-0.045272	0.962722	-0.221706	0.974989	-0.015564	-0.937939	-0.217592	-0.270045
39157	9.766313	0.552582	-2.629284	0.083689	-0.313418	0.068459	-0.269750	-0.045320	0.961863	-0.222303	0.974839	-0.016413	-0.936918	-0.218253	-0.273038
39158	9.831224	0.384410	-2.667452	0.152579	-0.308380	0.070058	-0.272775	-0.045346	0.961008	-0.223537	0.974539	-0.017465	-0.935748	-0.219585	-0.275967
39159	9.577432	-0.103973	-2.649047	0.208375	-0.312750	0.077956	-0.275857	-0.045309	0.960130	-0.225268	0.974116	-0.018753	-0.934429	-0.221460	-0.278923
39160	9.441848	-0.513675	-2.211210	0.352732	-0.329767	0.083952	-0.279108	-0.045261	0.959193	-0.228323	0.973369	-0.020508	-0.932720	-0.224730	-0.282009
39161	9.467984	-0.362928	-0.916317	0.427915	-0.362473	0.094230	-0.282684	-0.045198	0.958148	-0.232041	0.972444	-0.022587	-0.930724	-0.228715	-0.285382
39162	9.450404	-0.686509	0.100565	0.442789	-0.424935	0.110630	-0.286874	-0.045138	0.956904	-0.235838	0.971474	-0.024878	-0.928485	-0.232811	-0.289336
39163	9.327488	0.153860	0.552653	0.610060	-0.500161	0.119252	-0.291775	-0.045190	0.955419	-0.241145	0.970092	-0.027759	-0.925590	-0.238494	-0.293946
39164	9.203120	2.160988	1.052962	0.353107	-0.596871	0.165238	-0.297674	-0.045054	0.953604	-0.243918	0.969321	-0.030344	-0.922981	-0.241633	-0.299531
39165	8.982903	0.946782	-0.187619	-0.143186	-0.699123	0.204831	-0.304596	-0.044783	0.951428	-0.241976	0.969760	-0.031822	-0.921232	-0.239916	-0.306221
39166	8.967418	-0.595196	-1.202033	-0.059112	-0.779160	0.195405	-0.312218	-0.044787	0.948954	-0.240827	0.969991	-0.033455	-0.918979	-0.238979	-0.313634
39167	8.802150	-0.635872	-1.561779	0.237337	-0.852807	0.183710	-0.320461	-0.045083	0.946188	-0.242420	0.969507	-0.035910	-0.915717	-0.240882	-0.321618
39168	8.984589	0.657247	-1.073913	0.427838	-0.901809	0.206760	-0.329187	-0.045303	0.943177	-0.245655	0.968564	-0.039216	-0.911751	-0.244606	-0.329968
39169	9.168395	1.132931	-0.759763	0.158088	-0.964461	0.262960	-0.338586	-0.045152	0.939852	-0.246213	0.968297	-0.042181	-0.908151	-0.245686	-0.338968
39170	9.544309	0.618287	-1.491864	0.137358	-1.015935	0.296183	-0.348503	-0.044818	0.936236	-0.246439	0.968095	-0.045391	-0.904330	-0.246544	-0.348429
39171	10.295543	1.268184	-1.657678	0.165474	-1.060560	0.324308	-0.358846	-0.044331	0.932343	-0.246783	0.967833	-0.048965	-0.900182	-0.247657	-0.358243
39172	10.291461	1.217895	-2.407112	0.056791	-1.091392	0.340128	-0.369468	-0.043776	0.928212	-0.246053	0.967844	-0.052295	-0.896076	-0.247711	-0.368358
39173	10.612795	1.049989	-3.166165	0.076511	-1.108005	0.349138	-0.380203	-0.043175	0.923895	-0.245427	0.967809	-0.055772	-0.891746	-0.247954	-0.378561
39174	10.471671	-0.094819	-3.816114	-0.019227	-1.115737	0.354128	-0.390977	-0.042544	0.919417	-0.243891	0.968011	-0.058921	-0.887499	-0.247274	-0.388846
39175	10.350314	-1.457137	-4.442591	0.143940	-1.106941	0.325205	-0.401541	-0.042171	0.914870	-0.243876	0.967795	-0.062428	-0.882774	-0.248182	-0.398894
39176	10.946845	-1.358174	-4.015248	0.404231	-1.097580	0.301357	-0.411920	-0.042032	0.910250	-0.246208	0.966914	-0.066769	-0.877327	-0.251615	-0.408640
39177	11.574067	-1.007364	-2.721164	0.432470	-1.077584	0.345249	-0.422171	-0.041459	0.905568	-0.248551	0.965965	-0.071650	-0.871776	-0.255329	-0.418107
39178	11.373102	-0.366358	-1.199395	0.288208	-1.143057	0.384401	-0.433042	-0.040712	0.900454	-0.249414	0.965386	-0.076300	-0.866179	-0.257627	-0.428207
39179	11.507900	-0.959770	-0.374372	0.043993	-1.248240	0.429995	-0.444860	-0.039807	0.894715	-0.247908	0.965449	-0.080308	-0.860605	-0.257533	-0.439358
39180	11.435441	-1.210337	0.681675	-0.089847	-1.354574	0.467557	-0.457612	-0.038804	0.888305	-0.245031	0.965866	-0.084036	-0.854723	-0.256118	-0.451500
39181	11.624865	-1.599636	1.485363	0.010396	-1.486240	0.500145	-0.471453	-0.037806	0.881080	-0.242799	0.966034	-0.088466	-0.847809	-0.255633	-0.464619
39182	12.193680	-1.052785	2.459344	-0.049247	-1.645714	0.527765	-0.486598	-0.036939	0.872845	-0.239859	0.966360	-0.092822	-0.840054	-0.254527	-0.479089
39183	12.998739	-1.392724	2.892115	-0.233839	-1.822519	0.555720	-0.503117	-0.036207	0.863460	-0.235159	0.967158	-0.096466	-0.831609	-0.251584	-0.495108
39184	13.763038	-2.409450	2.551961	-0.231302	-1.998935	0.550654	-0.520908	-0.035912	0.852857	-0.230433	0.967938	-0.099986	-0.821922	-0.248610	-0.512482
39185	14.142672	-2.520468	2.127800	-0.031391	-2.144373	0.531737	-0.539592	-0.036111	0.841152	-0.227363	0.968210	-0.104286	-0.810646	-0.247519	-0.530649
39186	14.016403	-1.992138	0.772745	0.118165	-2.258087	0.510558	-0.558894	-0.036794	0.828422	-0.225517	0.968106	-0.109146	-0.797985	-0.247825	-0.549366
39187	13.719940	-1.350522	-0.971601	0.210515	-2.321303	0.466156	-0.578268	-0.038073	0.814958	-0.224540	0.967760	-0.114114	-0.784339	-0.248980	-0.568173
39188	12.789602	-0.497480	-3.032864	0.253424	-2.350012	0.434804	-0.597490	-0.039769	0.800890	-0.223963	0.967299	-0.119051	-0.769965	-0.250502	-0.586858
39189	12.755662	0.807401	-4.504489	-0.200150	-2.274379	0.405205	-0.615707	-0.041537	0.786879	-0.219988	0.967965	-0.121037	-0.756644	-0.247627	-0.605121
39190	11.220801	1.341929	-6.449842	-0.690817	-2.152607	0.382987	-0.632679	-0.043109	0.773213	-0.212422	0.969813	-0.119744	-0.744711	-0.240007	-0.622738
39191	9.865175	0.931382	-8.103718	-1.140738	-2.067805	0.351688	-0.648652	-0.044557	0.759780	-0.201747	0.972640	-0.115198	-0.733859	-0.228007	-0.639894
39192	8.751245	-0.502141	-9.687442	-1.071077	-1.978163	0.302558	-0.663643	-0.046043	0.746631	-0.191972	0.975160	-0.110498	-0.722997	-0.216663	-0.655997
39193	7.475869	-0.543676	-10.287663	-1.008080	-1.819218	0.226534	-0.677087	-0.047702	0.734355	-0.183228	0.977398	-0.105450	-0.712728	-0.205953	-0.670524
39194	6.592713	-1.472076	-11.253167	-0.957080	-1.616130	0.143601	-0.688774	-0.049578	0.723279	-0.175485	0.979392	-0.099979	-0.703417	-0.195788	-0.683280
39195	6.202228	-2.892464	-12.284439	-0.570261	-1.365567	0.073750	-0.698412	-0.051513	0.713840	-0.170999	0.980530	-0.096545	-0.694968	-0.189494	-0.693622
39196	7.474076	-3.200366	-8.224533	0.095820	-0.907771	0.039659	-0.704745	-0.052882	0.707487	-0.171398	0.980370	-0.097456	-0.688445	-0.189944	-0.699975
39197	7.363643	-1.186383	-5.561447	0.480947	-0.384586	0.106157	-0.707534	-0.052607	0.704719	-0.173966	0.979503	-0.101540	-0.684932	-0.194440	-0.702183
39198	5.763511	0.674821	-5.643259	0.067091	0.056874	0.057757	-0.707231	-0.051966	0.705070	-0.174032	0.979403	-0.102380	-0.685228	-0.195112	-0.701708
39199	4.708905	-1.499858	-7.097849	-0.406129	0.395112	-0.113775	-0.704284	-0.052344	0.707986	-0.172059	0.980130	-0.098694	-0.688753	-0.191324	-0.699296
39200	4.269321	-4.357894	-8.707576	-0.000578	0.765936	-0.261368	-0.698522	-0.053474	0.713588	-0.173903	0.979994	-0.096794	-0.694136	-0.191708	-0.693846
39201	4.071874	-4.289187	-8.616269	0.809934	1.200508	-0.312346	-0.689556	-0.054206	0.722201	-0.181735	0.978240	-0.100097	-0.701060	-0.200272	-0.684402
39202	3.885031	-3.006759	-7.846907	1.266963	1.638798	-0.306655	-0.677406	-0.053846	0.733636	-0.192784	0.975454	-0.106414	-0.709899	-0.213519	-0.671159
39203	3.781452	-1.398905	-7.033906	1.355952	2.016747	-0.302560	-0.662343	-0.052368	0.747369	-0.204525	0.972302	-0.113127	-0.720744	-0.227784	-0.654708
39204	3.833590	-0.884921	-6.714013	1.166986	2.336677	-0.321035	-0.644661	-0.050050	0.762828	-0.215122	0.969408	-0.118194	-0.733577	-0.240296	-0.635707
39205	3.915147	-1.016353	-6.536755	0.960428	2.635185	-0.334064	-0.624366	-0.046839	0.779726	-0.224370	0.966890	-0.121583	-0.748214	-0.250860	-0.614202
39206	3.989099	-1.779378	-6.710302	0.731870	2.898535	-0.324000	-0.601688	-0.042609	0.797594	-0.231903	0.964880	-0.123397	-0.764325	-0.259211	-0.590438
39207	4.249075	-3.095012	-7.319804	0.624410	3.119857	-0.293434	-0.576850	-0.037263	0.816000	-0.238469	0.963124	-0.124598	-0.781266	-0.266464	-0.564464
39208	4.569118	-4.266923	-7.622695	0.831871	3.311786	-0.273620	-0.550016	-0.030952	0.834580	-0.246588	0.960779	-0.126877	-0.797920	-0.275582	-0.536077
39209	4.936893	-4.090105	-7.388436	1.207726	3.471931	-0.266111	-0.521333	-0.023743	0.853023	-0.257754	0.957305	-0.130883	-0.813495	-0.288104	-0.505195
39210	5.353250	-3.188836	-6.780442	1.372819	3.569344	-0.291121	-0.491248	-0.016026	0.870873	-0.270502	0.953200	-0.135046	-0.827952	-0.301914	-0.472592
39211	5.753377	-3.070880	-6.312293	1.316309	3.614487	-0.340460	-0.460095	-0.008140	0.887832	-0.283118	0.949103	-0.138016	-0.841520	-0.314862	-0.438982
39212	6.271461	-2.997269	-5.944054	1.353300	3.629097	-0.403893	-0.428140	-0.000334	0.903713	-0.296387	0.944741	-0.140066	-0.853728	-0.327817	-0.404580
39213	6.668717	-2.476636	-5.459468	1.303318	3.617237	-0.450574	-0.395657	0.007475	0.918368	-0.309448	0.940409	-0.140972	-0.864695	-0.339963	-0.369766
39214	7.058940	-2.102409	-5.549717	1.126932	3.600269	-0.466869	-0.362846	0.015485	0.931720	-0.321021	0.936580	-0.140583	-0.874807	-0.350112	-0.334863
39215	7.440740	-2.044956	-5.552294	0.925264	3.541776	-0.450766	-0.330192	0.023791	0.943614	-0.330723	0.933396	-0.139261	-0.884079	-0.358058	-0.300331
39216	7.923759	-2.078062	-5.065811	0.870164	3.468780	-0.396031	-0.298033	0.032614	0.953998	-0.339693	0.930368	-0.137927	-0.892068	-0.365174	-0.266202
39217	8.352089	-1.312678	-4.462966	0.810890	3.381396	-0.307964	-0.266659	0.042186	0.962867	-0.347824	0.927502	-0.136964	-0.898839	-0.371431	-0.232653
39218	8.720963	-0.664950	-3.748425	0.521277	3.225456	-0.209434	-0.236806	0.052249	0.970151	-0.353049	0.925663	-0.136030	-0.905141	-0.374723	-0.200756
39219	9.063399	-0.855049	-2.963318	0.233763	3.033079	-0.106262	-0.208851	0.062617	0.975941	-0.355405	0.924854	-0.135396	-0.911081	-0.375132	-0.170902
39220	9.421141	-1.025315	-2.474501	0.019439	2.840196	-0.002698	-0.182862	0.073192	0.980410	-0.355581	0.924792	-0.135361	-0.916583	-0.373367	-0.143084
39221	9.543970	-1.365236	-2.089888	-0.209135	2.622971	0.065707	-0.158951	0.083519	0.983748	-0.353540	0.925524	-0.135700	-0.921816	-0.369364	-0.117585
39222	9.148861	-2.066092	-2.391213	-0.287128	2.411163	0.075259	-0.136910	0.093034	0.986205	-0.350766	0.926521	-0.136098	-0.926401	-0.364560	-0.094217
39223	8.759349	-2.665227	-2.826933	-0.202304	2.188122	0.028562	-0.116668	0.101210	0.988001	-0.348845	0.927234	-0.136178	-0.929890	-0.360546	-0.072872
39224	8.694767	-2.163475	-1.795110	0.119925	1.911838	-0.011837	-0.098810	0.107954	0.989233	-0.349962	0.926824	-0.136099	-0.931538	-0.359642	-0.053799
39225	8.690247	-0.823994	-1.088133	0.274628	1.589701	0.005789	-0.083987	0.113709	0.989958	-0.352508	0.925837	-0.136251	-0.932033	-0.360411	-0.037674
39226	8.388007	0.432245	-0.906228	0.177941	1.248497	0.026750	-0.072419	0.118427	0.990318	-0.354133	0.925175	-0.136533	-0.932387	-0.360592	-0.025061
39227	8.285036	0.614520	-1.038769	-0.211320	0.872721	0.042384	-0.064395	0.121931	0.990447	-0.352123	0.925891	-0.136877	-0.933736	-0.357573	-0.016688
39228	8.185765	-0.635650	-1.972965	-0.454565	0.524867	0.046016	-0.059627	0.124190	0.990465	-0.347833	0.927459	-0.137230	-0.935659	-0.352699	-0.012104
39229	7.990975	-1.565250	-2.978370	-0.286260	0.235584	0.027006	-0.057486	0.125245	0.990459	-0.345126	0.928440	-0.137433	-0.936794	-0.349734	-0.010147
39230	7.766927	-1.344154	-3.615091	-0.007924	-0.005525	-0.009402	-0.057482	0.125107	0.990477	-0.345044	0.928489	-0.137302	-0.936825	-0.349651	-0.010204
39231	7.640499	-0.331268	-3.826721	0.121364	-0.212334	-0.038269	-0.059311	0.123984	0.990510	-0.346193	0.928121	-0.136904	-0.936287	-0.351027	-0.012125
39232	7.455082	0.545859	-4.178974	0.013096	-0.385305	-0.055413	-0.062703	0.122085	0.990537	-0.346336	0.928153	-0.136320	-0.936013	-0.351607	-0.015916
39233	7.206113	0.880675	-4.422871	-0.212647	-0.528285	-0.067266	-0.067392	0.119581	0.990535	-0.344379	0.928989	-0.135581	-0.936409	-0.350256	-0.021425
39234	8.257228	0.251871	-3.797146	-0.451909	-0.596912	-0.074514	-0.072707	0.116776	0.990493	-0.340184	0.930662	-0.134694	-0.937544	-0.346743	-0.027940
39235	9.101563	-1.283693	-3.893265	-0.555354	-0.549676	-0.030887	-0.077737	0.114568	0.990369	-0.334985	0.932620	-0.134181	-0.939011	-0.342190	-0.034121
39236	10.070865	-1.866715	-2.805465	-0.614386	-0.371203	0.028463	-0.081298	0.113541	0.990202	-0.329176	0.934683	-0.134202	-0.940762	-0.336861	-0.038613
39237	10.568014	-3.125652	-1.882185	-0.752420	-0.155347	0.075263	-0.082986	0.113699	0.990043	-0.322016	0.937115	-0.134612	-0.943090	-0.329981	-0.041154
39238	10.683375	-3.198255	-0.593030	-0.798934	-0.005085	0.058816	-0.083199	0.114203	0.989968	-0.314410	0.939664	-0.134823	-0.945634	-0.322473	-0.042272
39239	10.912139	-3.003799	0.148437	-0.900629	0.095194	0.014940	-0.082324	0.114618	0.989993	-0.305858	0.942521	-0.134556	-0.948511	-0.313874	-0.042535
39240	11.308099	-2.920498	0.473245	-0.968631	0.157862	-0.020267	-0.080742	0.114883	0.990092	-0.296659	0.945549	-0.133907	-0.951564	-0.304532	-0.042264
39241	11.778562	-2.290276	0.842853	-0.926330	0.107423	-0.065466	-0.079508	0.114558	0.990230	-0.287874	0.948411	-0.132834	-0.954362	-0.295623	-0.042428
39242	12.376264	-2.301104	0.629888	-0.868954	-0.074211	-0.125834	-0.079839	0.113114	0.990369	-0.279658	0.951097	-0.131173	-0.956774	-0.287438	-0.044302
39243	12.179284	-2.855500	0.199525	-0.642519	-0.305395	-0.185247	-0.082232	0.110454	0.990473	-0.273646	0.953139	-0.129010	-0.958309	-0.281648	-0.048154
39244	11.163962	-2.952139	-0.083837	-0.245023	-0.463117	-0.234466	-0.086012	0.106885	0.990544	-0.271482	0.954090	-0.126525	-0.958592	-0.279798	-0.053045
39245	10.293066	-2.741548	-0.397993	-0.043091	-0.530038	-0.277137	-0.090321	0.102731	0.990600	-0.271304	0.954508	-0.123725	-0.958246	-0.279929	-0.058341
39246	9.773507	-2.825131	-1.093338	0.230340	-0.534852	-0.325496	-0.094535	0.098087	0.990678	-0.273799	0.954196	-0.120602	-0.957130	-0.282648	-0.063349
39247	9.716756	-1.917375	-1.738345	0.511733	-0.509535	-0.356360	-0.098404	0.093209	0.990772	-0.279027	0.953083	-0.117377	-0.955228	-0.288003	-0.067779
39248	9.790106	-0.992195	-2.412360	0.601003	-0.480916	-0.377559	-0.101907	0.088181	0.990878	-0.285128	0.951684	-0.114017	-0.953057	-0.294146	-0.071840
39249	9.798660	-0.446784	-3.429898	0.526484	-0.429593	-0.357596	-0.104950	0.083479	0.990968	-0.290503	0.950434	-0.110831	-0.951101	-0.299510	-0.075497
39250	9.675278	-0.587529	-4.515142	0.431565	-0.365031	-0.339353	-0.107404	0.079122	0.991062	-0.294952	0.949416	-0.107762	-0.949456	-0.303890	-0.078634
39251	9.489110	-0.828039	-4.380495	0.380811	-0.296617	-0.325503	-0.109235	0.075100	0.991175	-0.298910	0.948508	-0.104809	-0.948009	-0.307721	-0.081162
39252	9.414729	-1.051639	-3.841412	0.397163	-0.238165	-0.320795	-0.110504	0.071289	0.991316	-0.303013	0.947521	-0.101917	-0.946558	-0.311644	-0.083104
39253	9.735986	-0.618417	-2.694654	0.414790	-0.189947	-0.313130	-0.111331	0.067701	0.991475	-0.307276	0.946443	-0.099129	-0.945086	-0.315692	-0.084565
39254	9.768486	-0.808412	-1.566861	0.318580	-0.153034	-0.299502	-0.111829	0.064350	0.991642	-0.310608	0.945638	-0.096392	-0.943937	-0.318791	-0.085762
39255	9.611676	-0.961929	-0.600274	0.298799	-0.145371	-0.286546	-0.112292	0.061148	0.991792	-0.313740	0.944867	-0.093777	-0.942846	-0.321695	-0.086916
39256	9.533460	-0.498644	0.317511	0.307577	-0.158084	-0.293181	-0.112835	0.057836	0.991929	-0.316957	0.944055	-0.091100	-0.941704	-0.324678	-0.088191
39257	9.343395	-0.263061	1.096898	0.180920	-0.187179	-0.296818	-0.113638	0.054398	0.992032	-0.318988	0.943638	-0.088285	-0.940921	-0.326479	-0.089881
39258	8.952418	-0.313824	1.405370	0.075531	-0.225047	-0.300855	-0.114772	0.050792	0.992093	-0.320031	0.943556	-0.085330	-0.940429	-0.327294	-0.092039
39259	9.212144	-0.050737	1.807859	-0.009377	-0.286435	-0.299648	-0.116489	0.047000	0.992079	-0.320282	0.943739	-0.082317	-0.940133	-0.327334	-0.094882
39260	9.612624	-0.071920	1.785372	-0.172121	-0.351630	-0.283915	-0.118866	0.043139	0.991973	-0.318987	0.944436	-0.079295	-0.940276	-0.325851	-0.098500
39261	10.019117	-0.279758	1.505138	-0.276515	-0.413800	-0.261787	-0.121907	0.039295	0.991763	-0.316693	0.945447	-0.076388	-0.940662	-0.323397	-0.102812
39262	9.961346	-0.585118	0.905422	-0.269220	-0.489927	-0.253181	-0.125695	0.035290	0.991441	-0.314463	0.946416	-0.073555	-0.940911	-0.321017	-0.107863
39263	10.077623	-0.250348	0.220409	-0.160640	-0.551808	-0.233952	-0.130133	0.031280	0.991003	-0.313243	0.947013	-0.071025	-0.940715	-0.319668	-0.113439
39264	9.974939	-0.042270	-0.597672	-0.194429	-0.607734	-0.223066	-0.135130	0.027197	0.990454	-0.311700	0.947705	-0.068549	-0.940523	-0.317988	-0.119586
39265	9.988501	-0.303367	-1.428733	-0.106090	-0.626619	-0.214111	-0.140335	0.023151	0.989833	-0.310990	0.948100	-0.066266	-0.939995	-0.317128	-0.125852
39266	10.037490	0.366001	-1.604925	0.032784	-0.637691	-0.207572	-0.145659	0.019127	0.989150	-0.311585	0.948046	-0.064215	-0.938988	-0.317558	-0.132131
39267	9.958285	0.676156	-1.865750	0.017818	-0.612765	-0.175693	-0.150841	0.015487	0.988437	-0.312005	0.948025	-0.062468	-0.938030	-0.317820	-0.138169
39268	9.906544	0.896287	-2.176936	0.012213	-0.584518	-0.140644	-0.155861	0.012263	0.987703	-0.312326	0.948011	-0.061056	-0.937102	-0.318002	-0.143928
39269	9.846633	0.896215	-2.404684	-0.033888	-0.560444	-0.107870	-0.160753	0.009431	0.986950	-0.312172	0.948135	-0.059906	-0.936326	-0.317728	-0.149472
39270	9.918174	0.464427	-2.870784	-0.024347	-0.525577	-0.083462	-0.165390	0.006938	0.986204	-0.312071	0.948225	-0.059006	-0.935552	-0.317525	-0.154662
39271	9.820114	0.015496	-3.292864	0.042431	-0.478079	-0.077625	-0.169599	0.004653	0.985502	-0.312591	0.948099	-0.058271	-0.934625	-0.317942	-0.159342
39272	9.384419	-1.031116	-3.550970	0.110360	-0.434681	-0.079259	-0.173389	0.002485	0.984850	-0.313749	0.947756	-0.057629	-0.933541	-0.318988	-0.163550
39273	9.368282	-1.043595	-3.263388	0.362363	-0.387255	-0.075674	-0.176743	0.000497	0.984257	-0.317254	0.946599	-0.057447	-0.931725	-0.322413	-0.167147
39274	9.501379	-0.219468	-2.465098	0.314343	-0.352902	-0.035807	-0.179892	-0.001017	0.983686	-0.320236	0.945586	-0.057586	-0.930101	-0.325370	-0.170429
39275	9.522180	-0.079386	-2.051560	0.188706	-0.342931	-0.012920	-0.183020	-0.002288	0.983107	-0.322006	0.944975	-0.057747	-0.928879	-0.327135	-0.173686
39276	9.569628	-0.106989	-1.606127	0.096036	-0.338891	0.003598	-0.186156	-0.003396	0.982514	-0.322883	0.944665	-0.057911	-0.927951	-0.328018	-0.176952
39277	9.573609	-0.310246	-1.430835	0.082982	-0.349134	0.000700	-0.189378	-0.004566	0.981894	-0.323645	0.944397	-0.058029	-0.927033	-0.328774	-0.180326
39278	9.585026	-0.360369	-1.288971	0.155746	-0.357698	-0.006528	-0.192649	-0.005839	0.981250	-0.325093	0.943889	-0.058209	-0.925852	-0.330211	-0.183737
39279	9.521712	-0.257650	-1.268245	0.181912	-0.367420	-0.010289	-0.195996	-0.007182	0.980578	-0.326789	0.943291	-0.058409	-0.924551	-0.331890	-0.187228
39280	9.394124	-0.376535	-1.201294	0.174357	-0.393970	-0.001740	-0.199608	-0.008541	0.979839	-0.328396	0.942716	-0.058681	-0.923208	-0.333488	-0.190978
39281	9.354975	-0.689021	-1.163443	0.183842	-0.421967	0.003020	-0.203491	-0.009954	0.979026	-0.330080	0.942106	-0.059029	-0.921759	-0.335168	-0.194996
39282	9.277180	-0.729489	-0.980986	0.207701	-0.456573	0.013059	-0.207717	-0.011397	0.978123	-0.331958	0.941414	-0.059526	-0.920140	-0.337061	-0.199331
39283	9.562856	-0.616629	-0.875759	0.207902	-0.487709	0.026009	-0.212267	-0.012831	0.977127	-0.333809	0.940719	-0.060163	-0.918430	-0.338945	-0.203967
39284	9.761146	-0.473233	-0.927850	0.149390	-0.515922	0.039547	-0.217111	-0.014243	0.976043	-0.335089	0.940222	-0.060817	-0.916831	-0.340265	-0.208905
39285	9.579193	-0.448080	-1.295381	0.207231	-0.548181	0.045310	-0.222264	-0.015717	0.974860	-0.336882	0.939526	-0.061660	-0.914937	-0.342117	-0.214117
39286	9.642952	0.804990	-1.169281	0.347989	-0.575448	0.059003	-0.227699	-0.017172	0.973580	-0.339922	0.938344	-0.062949	-0.912473	-0.345275	-0.219497
39287	9.562928	1.303920	-0.977820	0.227356	-0.607226	0.075796	-0.233470	-0.018594	0.972186	-0.341814	0.937575	-0.064154	-0.910305	-0.347285	-0.225251
39288	9.378929	0.536021	-1.114760	0.188617	-0.646329	0.102918	-0.239676	-0.019911	0.970649	-0.343280	0.936943	-0.065545	-0.908138	-0.348913	-0.231398
39289	9.368487	0.342511	-0.883853	0.312502	-0.689330	0.131899	-0.246359	-0.021121	0.968948	-0.345789	0.935880	-0.067518	-0.905394	-0.351685	-0.237866
39290	9.597715	0.557487	-0.378317	0.289831	-0.733458	0.163720	-0.253535	-0.022209	0.967071	-0.347994	0.934898	-0.069762	-0.902563	-0.354222	-0.244758
39291	9.556689	0.034842	-0.034093	0.174726	-0.776657	0.202326	-0.261215	-0.023105	0.965004	-0.349043	0.934328	-0.072111	-0.899964	-0.355664	-0.252126
39292	9.375276	-0.616814	-0.033678	0.212970	-0.843907	0.217850	-0.269537	-0.024111	0.962688	-0.350374	0.933625	-0.074716	-0.896988	-0.357439	-0.260094
39293	9.248621	-0.526551	0.215090	0.302983	-0.913261	0.227056	-0.278485	-0.025298	0.960107	-0.352459	0.932599	-0.077660	-0.893431	-0.360026	-0.268631
39294	9.237445	-0.165118	0.163476	0.264868	-0.986701	0.260968	-0.288181	-0.026460	0.957210	-0.354077	0.931715	-0.080845	-0.889708	-0.362224	-0.277872
39295	8.972048	-0.377686	-0.593712	0.132456	-1.051916	0.289849	-0.298521	-0.027604	0.954004	-0.354400	0.931318	-0.083949	-0.886164	-0.363159	-0.287801
39296	9.044415	-0.802502	-1.564419	0.142051	-1.114812	0.312561	-0.309464	-0.028779	0.950476	-0.354703	0.930894	-0.087301	-0.882280	-0.364153	-0.298286
39297	9.176622	-0.380892	-2.124137	0.246645	-1.154691	0.330366	-0.320771	-0.029950	0.946683	-0.355829	0.930096	-0.091143	-0.877776	-0.366094	-0.309005
39298	9.326651	0.192160	-1.746258	0.180553	-1.203747	0.357047	-0.332559	-0.031076	0.942570	-0.356242	0.929547	-0.095043	-0.873210	-0.367391	-0.320200
39299	9.504551	-0.312354	-1.222920	0.197383	-1.268130	0.379617	-0.344925	-0.032245	0.938076	-0.356673	0.928946	-0.099216	-0.868223	-0.368808	-0.331918
39300	9.602381	0.354996	0.019083	0.277616	-1.339405	0.407884	-0.357950	-0.033443	0.933142	-0.357641	0.928058	-0.103930	-0.862534	-0.370931	-0.344159
39301	9.734642	0.063911	0.344232	0.094449	-1.442096	0.442385	-0.371899	-0.034718	0.927624	-0.356838	0.927863	-0.108335	-0.856947	-0.371301	-0.357460
39302	10.328123	-0.413738	0.490041	0.182283	-1.552596	0.450123	-0.386737	-0.036347	0.921474	-0.356687	0.927350	-0.113121	-0.850417	-0.372426	-0.371605
39303	11.198108	0.135672	0.704700	0.278993	-1.679032	0.457388	-0.402552	-0.038405	0.914591	-0.357245	0.926484	-0.118335	-0.842809	-0.374369	-0.386679
39304	12.992188	0.472874	1.109678	0.351901	-1.813808	0.459898	-0.419384	-0.040991	0.906883	-0.358308	0.925349	-0.123872	-0.834106	-0.376893	-0.402764
39305	16.155088	0.175711	2.629099	0.257956	-1.931329	0.497459	-0.437152	-0.043711	0.898325	-0.358320	0.924591	-0.129380	-0.824927	-0.378446	-0.419849
39306	15.317823	-2.743666	2.310095	0.134953	-2.088157	0.533085	-0.456161	-0.046719	0.888670	-0.357049	0.924325	-0.134682	-0.815128	-0.378735	-0.438322
39307	14.969264	-2.558970	2.874209	0.411740	-2.254282	0.556848	-0.476352	-0.050169	0.877822	-0.357788	0.923035	-0.141401	-0.803166	-0.381431	-0.457640
39308	15.309941	-1.524986	3.662444	0.450400	-2.410350	0.658382	-0.497887	-0.053356	0.865599	-0.358174	0.921655	-0.149208	-0.789823	-0.384324	-0.477991
39309	15.067048	-1.195405	4.039862	0.352485	-2.564678	0.798157	-0.520770	-0.055907	0.851864	-0.356875	0.920738	-0.157742	-0.775525	-0.386156	-0.499444
39310	14.740818	0.083882	4.958948	0.049954	-2.740908	0.926722	-0.545090	-0.057972	0.836371	-0.352327	0.921077	-0.165780	-0.760751	-0.385041	-0.522495
39311	14.410291	0.185897	3.372109	-0.291140	-2.898070	1.047977	-0.570521	-0.059426	0.819130	-0.344299	0.922810	-0.172855	-0.745630	-0.380643	-0.546943
39312	14.176163	0.378224	0.432106	-0.466176	-2.972805	1.114635	-0.596217	-0.060382	0.800549	-0.334367	0.925242	-0.179235	-0.729879	-0.374540	-0.571835
39313	13.084456	0.304261	-2.934627	-0.624370	-2.957591	1.089099	-0.621100	-0.061274	0.781332	-0.323243	0.928224	-0.184160	-0.713967	-0.366942	-0.596326
39314	12.114088	0.122443	-5.953936	-0.997953	-2.837469	0.987899	-0.644259	-0.062370	0.762260	-0.309953	0.932445	-0.185676	-0.699185	-0.355888	-0.620068
39315	11.032480	-0.319232	-8.243454	-1.363936	-2.612914	0.835412	-0.664836	-0.063689	0.744269	-0.295051	0.937731	-0.183317	-0.686249	-0.341473	-0.642229
39316	8.540366	-0.415118	-10.085596	-1.390070	-2.446987	0.686486	-0.683436	-0.065442	0.727071	-0.280984	0.942823	-0.179259	-0.673768	-0.326807	-0.662747
39317	7.409433	-1.437380	-11.440010	-1.157823	-2.388120	0.461026	-0.700591	-0.068763	0.710242	-0.270085	0.946846	-0.174745	-0.660475	-0.314251	-0.681924
39318	7.302550	-1.193917	-9.959356	-0.995299	-2.191130	0.238120	-0.715539	-0.073302	0.694716	-0.261905	0.950091	-0.169508	-0.647619	-0.303239	-0.699025
39319	6.231894	-3.514951	-11.606821	-1.098416	-1.915045	0.070185	-0.727973	-0.078350	0.681114	-0.254362	0.953412	-0.162188	-0.636675	-0.291318	-0.713988
39320	5.403479	-6.215104	-12.443788	-0.265033	-1.499975	-0.043894	-0.737318	-0.083143	0.670410	-0.253027	0.954146	-0.159948	-0.626370	-0.287564	-0.724546
39321	6.658584	-5.104284	-7.751081	0.787216	-0.863743	-0.169284	-0.742217	-0.087292	0.664450	-0.259196	0.951713	-0.164500	-0.618006	-0.294317	-0.729003
39322	6.091096	-1.308829	-5.282551	1.147409	-0.270125	-0.274725	-0.743139	-0.090744	0.662956	-0.268316	0.948032	-0.171004	-0.612986	-0.304962	-0.728867
39323	4.914096	0.952760	-5.175140	0.592149	0.164317	-0.512537	-0.740695	-0.095114	0.665074	-0.275767	0.945734	-0.171872	-0.612636	-0.310710	-0.726730
39324	4.607962	-1.019617	-7.290968	0.266855	0.551079	-0.772588	-0.735134	-0.100726	0.670397	-0.283125	0.944146	-0.168610	-0.615969	-0.313757	-0.722591
39325	4.707540	-2.331668	-8.558656	0.767054	0.984227	-0.909842	-0.726376	-0.106195	0.679044	-0.294537	0.940767	-0.167942	-0.620988	-0.321993	-0.714629
39326	4.843928	-1.143320	-7.965839	1.299857	1.438048	-0.927590	-0.714580	-0.110199	0.690819	-0.309352	0.935490	-0.170763	-0.627437	-0.335730	-0.702573
39327	4.754495	-0.432090	-7.172695	1.413217	1.813488	-0.923111	-0.700154	-0.112604	0.705056	-0.324826	0.929611	-0.174100	-0.635824	-0.350918	-0.687448
39328	4.814763	0.013734	-6.699983	1.408454	2.148466	-0.949417	-0.683206	-0.113727	0.721316	-0.340437	0.923487	-0.176848	-0.646013	-0.366386	-0.669648
39329	5.011142	0.392124	-6.532362	1.315934	2.435061	-0.975936	-0.663887	-0.113629	0.739150	-0.355606	0.917460	-0.178357	-0.657874	-0.381255	-0.649497
39330	5.192304	0.780382	-6.600761	1.132615	2.695944	-0.973656	-0.642416	-0.112106	0.758112	-0.369508	0.911969	-0.178259	-0.671390	-0.394645	-0.627288
39331	5.471099	0.813410	-6.893259	0.820200	2.912399	-0.922700	-0.619128	-0.108875	0.777706	-0.380912	0.907672	-0.176173	-0.686722	-0.405312	-0.603437
39332	5.742053	0.187377	-7.115755	0.488684	3.091306	-0.828049	-0.594425	-0.103759	0.797429	-0.389346	0.904795	-0.172500	-0.703611	-0.413014	-0.578231
39333	5.954108	-0.259514	-6.931141	0.385272	3.248457	-0.711704	-0.568438	-0.096688	0.817025	-0.396239	0.902482	-0.168880	-0.721022	-0.419735	-0.551317
39334	6.273991	0.562257	-6.586758	0.242464	3.390273	-0.575904	-0.541369	-0.087589	0.836210	-0.401215	0.900931	-0.165381	-0.738882	-0.425032	-0.522878
39335	6.280549	1.082724	-6.012260	-0.340606	3.478798	-0.460423	-0.513421	-0.076981	0.854677	-0.401099	0.902006	-0.159704	-0.758630	-0.424805	-0.493985
39336	6.069565	-0.733264	-6.237520	-1.128172	3.545688	-0.383488	-0.484577	-0.065551	0.872289	-0.394334	0.906486	-0.150941	-0.780824	-0.417116	-0.465111
39337	5.883098	-3.610915	-7.102816	-1.452016	3.598115	-0.346955	-0.454670	-0.053922	0.889026	-0.384463	0.912263	-0.141292	-0.803407	-0.406039	-0.435509
39338	5.966151	-5.391469	-7.377262	-1.162238	3.658321	-0.355433	-0.423524	-0.042510	0.904887	-0.376570	0.916765	-0.133182	-0.823907	-0.397159	-0.404280
39339	6.373665	-5.282861	-7.002006	-0.634920	3.718176	-0.388220	-0.391056	-0.031415	0.919831	-0.372863	0.919136	-0.127127	-0.841456	-0.392685	-0.371147
39340	6.877614	-4.330865	-6.225329	-0.262638	3.732609	-0.428051	-0.357746	-0.020750	0.933588	-0.372237	0.920060	-0.122189	-0.856421	-0.391229	-0.336872
39341	7.496027	-3.125761	-5.577100	-0.040730	3.713575	-0.458560	-0.323944	-0.010463	0.946019	-0.373446	0.920155	-0.117701	-0.869252	-0.391415	-0.301986
39342	7.982223	-1.852222	-4.919286	0.016719	3.662111	-0.460124	-0.290156	-0.000386	0.956979	-0.375002	0.920070	-0.113330	-0.880445	-0.391753	-0.267109
39343	8.655544	-1.343644	-4.422805	-0.115728	3.592255	-0.447697	-0.256615	0.009518	0.966467	-0.375196	0.920552	-0.108688	-0.890717	-0.390505	-0.232656
39344	9.023898	-1.603248	-4.321557	-0.232677	3.498301	-0.416242	-0.223706	0.019269	0.974466	-0.374107	0.921524	-0.104105	-0.900000	-0.387843	-0.198942
39345	9.139925	-2.143038	-4.402379	-0.152034	3.386815	-0.394036	-0.191575	0.028708	0.981058	-0.373542	0.922215	-0.099929	-0.907615	-0.385610	-0.165950
39346	9.255435	-2.262254	-4.128924	0.028152	3.267344	-0.368166	-0.160424	0.037868	0.986322	-0.374438	0.922237	-0.096310	-0.913269	-0.384767	-0.133770
39347	9.382266	-1.854940	-3.614513	0.156618	3.118624	-0.340421	-0.130557	0.046703	0.990340	-0.376356	0.921787	-0.093086	-0.917230	-0.384874	-0.102769
39348	9.317443	-1.321618	-3.358231	0.128496	2.949414	-0.310440	-0.102264	0.055159	0.993227	-0.377888	0.921459	-0.090081	-0.920186	-0.384540	-0.073388
39349	9.001755	-0.851208	-2.855858	0.047157	2.727248	-0.271938	-0.076065	0.063096	0.995105	-0.378552	0.921448	-0.087362	-0.922449	-0.383344	-0.046205
39350	8.586131	-0.490210	-2.877699	-0.151930	2.468509	-0.218069	-0.052418	0.070481	0.996135	-0.377276	0.922183	-0.085101	-0.924616	-0.380279	-0.021748
39351	8.412016	-0.760360	-3.250781	-0.484117	2.180156	-0.199480	-0.031441	0.076834	0.996548	-0.372861	0.924166	-0.083017	-0.927354	-0.374184	-0.000408
39352	7.794814	-1.881239	-4.303479	-0.703393	1.862589	-0.213078	-0.013328	0.081726	0.996566	-0.366361	0.926948	-0.080917	-0.930377	-0.366181	0.017587
39353	6.873690	-2.313660	-4.891548	-0.555410	1.566888	-0.239428	0.002175	0.085161	0.996365	-0.361185	0.929173	-0.078629	-0.932492	-0.359701	0.032780
39354	6.639181	-1.917956	-4.942700	-0.373530	1.269473	-0.256051	0.014965	0.087286	0.996071	-0.357662	0.930738	-0.076187	-0.933731	-0.355116	0.045147
39355	7.639549	-1.085527	-4.108945	-0.170135	0.957262	-0.258106	0.024859	0.088239	0.995789	-0.356004	0.931577	-0.073662	-0.934154	-0.352674	0.054572
39356	7.469801	1.119820	-3.147438	-0.171288	0.576944	-0.202637	0.030993	0.088348	0.995607	-0.354331	0.932367	-0.071706	-0.934606	-0.350552	0.060202
39357	6.668498	2.026697	-2.937074	-0.983399	0.152416	-0.121813	0.032877	0.087704	0.995604	-0.345066	0.935885	-0.071049	-0.938002	-0.341214	0.061033
39358	7.010039	-0.443185	-4.012223	-1.566138	-0.266582	-0.039841	0.030526	0.086408	0.995792	-0.330305	0.941159	-0.071542	-0.943381	-0.326731	0.057271
39359	8.062043	-2.487559	-3.878996	-1.724509	-0.590004	0.061563	0.024772	0.085073	0.996067	-0.313985	0.946614	-0.073041	-0.949105	-0.310941	0.050161
39360	10.148411	-3.652607	-2.356935	-1.671678	-0.632286	0.137514	0.018355	0.084428	0.996260	-0.298088	0.951576	-0.075150	-0.954362	-0.295594	0.042633
39361	12.323031	-3.427692	-0.346390	-1.677732	-0.457903	0.230239	0.013329	0.085272	0.996269	-0.282054	0.956217	-0.078070	-0.959306	-0.279961	0.036796
39362	12.183969	-3.774136	1.329542	-2.089699	-0.339411	0.291105	0.009291	0.087114	0.996155	-0.261963	0.961618	-0.081650	-0.965033	-0.260198	0.031755
39363	11.673010	-5.863573	1.589519	-2.291266	-0.434975	0.244376	0.004489	0.088352	0.996079	-0.239785	0.967124	-0.084703	-0.970816	-0.238465	0.025527
39364	11.715233	-7.573191	1.553543	-2.037068	-0.626679	0.189920	-0.002028	0.088725	0.996054	-0.219947	0.971625	-0.086996	-0.975510	-0.219256	0.017545
39365	11.983816	-8.210134	0.523003	-1.303102	-0.770732	0.117450	-0.009788	0.088194	0.996055	-0.207196	0.974306	-0.088304	-0.978251	-0.207243	0.008736
39366	11.282337	-5.008299	-0.133842	-0.232209	-0.816506	0.045911	-0.017854	0.086921	0.996055	-0.204902	0.974752	-0.088734	-0.978620	-0.205678	0.000407
39367	10.594906	-0.372945	-0.456226	0.218621	-0.883594	-0.037061	-0.026404	0.084703	0.996056	-0.207037	0.974336	-0.088344	-0.977977	-0.208553	-0.008189
