// General information: 
//  MT Manager version: 2022.2.0 
//  XDA version: 2022.2.0 build 7381 rev 124627 built on 2023-07-19
// Device information: 
//  DeviceId: 00B4CAF0
//  ProductCode: MTW2-3A7G6
//  Firmware Version: 4.6.0
//  Hardware Version: 2.0.0
// Device settings: 
//  Filter Profile: human(46.1)
//  Option Flags: Orientation Smoother Disabled, Position/Velocity Smoother Disabled, Continuous Zero Rotation Update Disabled, AHS Disabled, ICC Disabled
// Coordinate system: ENU
PacketCounter	Acc_X	Acc_Y	Acc_Z	Gyr_X	Gyr_Y	Gyr_Z	Mat[1][1]	Mat[2][1]	Mat[3][1]	Mat[1][2]	Mat[2][2]	Mat[3][2]	Mat[1][3]	Mat[2][3]	Mat[3][3]
07111	4.927118	-0.102824	9.062323	-0.002235	-0.006361	-0.004146	-0.876216	0.069566	0.476872	-0.085292	-0.996291	-0.011378	0.474312	-0.050643	0.878899
07112	4.955370	-0.093889	9.044301	-0.016818	0.000441	-0.008216	-0.876202	0.069669	0.476881	-0.085486	-0.996273	-0.011521	0.474301	-0.050861	0.878892
07113	4.873077	-0.129214	9.063910	-0.009939	-0.000500	-0.004768	-0.876185	0.069741	0.476902	-0.085620	-0.996260	-0.011614	0.474308	-0.051008	0.878880
07114	4.931232	-0.136780	9.050223	0.000915	-0.007326	-0.002929	-0.876139	0.069783	0.476980	-0.085679	-0.996255	-0.011626	0.474383	-0.051053	0.878837
07115	4.928099	-0.104608	9.061770	-0.007458	-0.000050	-0.004458	-0.876125	0.069852	0.476997	-0.085798	-0.996244	-0.011699	0.474388	-0.051175	0.878827
07116	4.892868	-0.173786	9.037043	-0.008198	0.002468	-0.001735	-0.876126	0.069883	0.476989	-0.085887	-0.996235	-0.011798	0.474369	-0.051303	0.878830
07117	4.899875	-0.094065	9.023436	0.010172	-0.004111	-0.002597	-0.876094	0.069932	0.477041	-0.085906	-0.996234	-0.011725	0.474425	-0.051252	0.878803
07118	4.929674	-0.111124	9.027818	-0.015801	0.004625	0.001068	-0.876107	0.069948	0.477015	-0.086018	-0.996223	-0.011902	0.474381	-0.051459	0.878814
07119	4.873639	-0.130359	9.063592	0.009504	-0.002697	-0.003504	-0.876081	0.070006	0.477055	-0.086048	-0.996221	-0.011830	0.474424	-0.051414	0.878794
07120	4.943601	-0.116704	9.047082	-0.007691	0.004561	0.002907	-0.876095	0.070003	0.477029	-0.086105	-0.996214	-0.011945	0.474387	-0.051539	0.878806
07121	4.904756	-0.153251	9.034169	0.004962	0.000900	0.000620	-0.876089	0.070022	0.477037	-0.086121	-0.996213	-0.011933	0.474395	-0.051537	0.878802
07122	4.918609	-0.158820	9.053472	-0.007037	0.004447	0.000287	-0.876101	0.070044	0.477013	-0.086196	-0.996206	-0.012029	0.474361	-0.051655	0.878814
07123	4.878277	-0.189342	9.074452	0.003221	-0.002068	-0.002413	-0.876078	0.070092	0.477047	-0.086247	-0.996201	-0.012018	0.474393	-0.051672	0.878795
07124	4.920286	-0.164372	9.019480	0.004455	-0.001193	-0.004021	-0.876060	0.070150	0.477073	-0.086301	-0.996197	-0.011994	0.474417	-0.051679	0.878782
07125	4.915452	-0.125723	9.065048	0.003903	-0.004782	0.002023	-0.876028	0.070152	0.477130	-0.086309	-0.996196	-0.011998	0.474473	-0.051691	0.878751
07126	4.892745	-0.173031	9.037124	0.004367	0.001210	-0.003919	-0.876022	0.070205	0.477134	-0.086358	-0.996192	-0.011976	0.474477	-0.051695	0.878749
07127	4.864744	-0.182140	9.055012	0.001901	-0.000539	-0.000701	-0.876008	0.070236	0.477155	-0.086400	-0.996188	-0.011985	0.474494	-0.051725	0.878738
07128	4.931546	-0.135771	9.050067	0.007691	-0.004562	-0.002906	-0.875975	0.070276	0.477210	-0.086424	-0.996187	-0.011939	0.474551	-0.051700	0.878708
07129	4.872305	-0.101557	9.041107	0.002656	-0.004358	0.000104	-0.875944	0.070297	0.477264	-0.086455	-0.996184	-0.011944	0.474603	-0.051724	0.878679
07130	4.902547	-0.118057	9.045258	0.004558	-0.004897	-0.000597	-0.875911	0.070319	0.477320	-0.086479	-0.996182	-0.011935	0.474659	-0.051732	0.878648
07131	4.929535	-0.101612	9.061022	0.019056	-0.009294	0.003574	-0.875860	0.070303	0.477417	-0.086402	-0.996190	-0.011814	0.474768	-0.051597	0.878597
07132	4.916218	-0.095034	9.041436	0.010872	-0.008126	0.005367	-0.875815	0.070271	0.477504	-0.086351	-0.996195	-0.011777	0.474859	-0.051547	0.878551
07133	4.946659	-0.111048	9.045481	0.014515	-0.005697	0.007698	-0.875784	0.070216	0.477568	-0.086259	-0.996204	-0.011715	0.474933	-0.051454	0.878517
07134	4.896195	-0.167886	9.035352	0.001932	-0.003138	0.006355	-0.875766	0.070173	0.477609	-0.086238	-0.996205	-0.011762	0.474971	-0.051488	0.878494
07135	4.919417	-0.119656	9.062979	0.014502	-0.004400	0.004170	-0.875738	0.070154	0.477662	-0.086177	-0.996211	-0.011683	0.475033	-0.051395	0.878466
07136	4.909078	-0.145724	9.031946	0.007549	-0.002355	0.004354	-0.875722	0.070132	0.477695	-0.086148	-0.996214	-0.011671	0.475068	-0.051373	0.878448
07137	4.944368	-0.076512	9.056574	0.010613	-0.000916	0.005674	-0.875712	0.070100	0.477718	-0.086093	-0.996219	-0.011633	0.475096	-0.051315	0.878436
07138	4.902264	-0.079880	9.055312	0.010526	0.001488	0.005776	-0.875715	0.070067	0.477717	-0.086038	-0.996224	-0.011601	0.475101	-0.051261	0.878437
07139	4.907267	-0.138252	9.066045	0.002251	0.005065	0.007671	-0.875735	0.070018	0.477688	-0.086005	-0.996227	-0.011646	0.475070	-0.051282	0.878453
07140	4.878872	-0.127033	9.027806	0.011266	-0.001034	0.003054	-0.875723	0.070006	0.477711	-0.085965	-0.996231	-0.011596	0.475099	-0.051221	0.878441
07141	4.933115	-0.101352	9.026053	0.009859	0.002901	0.004867	-0.875731	0.069984	0.477701	-0.085920	-0.996235	-0.011561	0.475093	-0.051169	0.878447
07142	4.904798	-0.110363	9.044135	0.007886	0.004548	0.009198	-0.875752	0.069913	0.477671	-0.085842	-0.996242	-0.011569	0.475067	-0.051136	0.878462
07143	4.923507	-0.153524	9.017913	0.013505	0.005328	0.007197	-0.875773	0.069869	0.477639	-0.085760	-0.996249	-0.011514	0.475043	-0.051046	0.878481
07144	4.919564	-0.120675	9.029876	0.005389	0.005397	0.005360	-0.875795	0.069836	0.477605	-0.085727	-0.996252	-0.011526	0.475010	-0.051038	0.878499
07145	4.922653	-0.152650	9.018394	0.007378	0.002451	0.004558	-0.875800	0.069816	0.477599	-0.085696	-0.996255	-0.011512	0.475006	-0.051010	0.878503
07146	4.894270	-0.161883	9.036505	0.002239	0.006363	0.004141	-0.875825	0.069800	0.477555	-0.085692	-0.996255	-0.011545	0.474961	-0.051034	0.878526
07147	4.907904	-0.167005	9.055941	0.007363	0.003748	0.001029	-0.875833	0.069816	0.477537	-0.085693	-0.996255	-0.011513	0.474945	-0.051005	0.878536
07148	4.896937	-0.193374	9.025265	0.004880	0.003300	0.000720	-0.875840	0.069827	0.477523	-0.085701	-0.996254	-0.011508	0.474931	-0.051003	0.878544
07149	4.907198	-0.145476	8.999984	0.010005	0.000685	-0.002392	-0.875831	0.069875	0.477533	-0.085719	-0.996254	-0.011437	0.474945	-0.050951	0.878539
07150	4.916220	-0.111651	9.064816	0.010021	-0.000613	0.001137	-0.875820	0.069886	0.477551	-0.085705	-0.996255	-0.011387	0.474967	-0.050902	0.878530
07151	4.891532	-0.132586	9.014759	0.001902	-0.000542	-0.000701	-0.875807	0.069917	0.477571	-0.085747	-0.996252	-0.011396	0.474985	-0.050931	0.878519
07152	4.903926	-0.131695	9.067950	0.004299	0.002310	-0.000291	-0.875809	0.069944	0.477563	-0.085773	-0.996250	-0.011390	0.474975	-0.050938	0.878524
07153	4.917883	-0.116289	9.030849	0.008874	-0.003890	0.002646	-0.875782	0.069940	0.477612	-0.085753	-0.996252	-0.011353	0.475028	-0.050899	0.878497
07154	4.960218	-0.111708	9.032009	0.006304	-0.001933	0.002437	-0.875766	0.069940	0.477643	-0.085748	-0.996252	-0.011342	0.475060	-0.050890	0.878481
07155	4.904211	-0.130153	9.067819	0.006131	0.002875	0.002638	-0.875771	0.069940	0.477633	-0.085740	-0.996253	-0.011329	0.475051	-0.050874	0.878486
07156	4.918034	-0.114430	9.030790	0.016909	-0.001559	0.004584	-0.875759	0.069914	0.477659	-0.085662	-0.996261	-0.011236	0.475088	-0.050757	0.878473
07157	4.930405	-0.092771	9.027626	0.006234	-0.000827	0.006067	-0.875750	0.069878	0.477682	-0.085624	-0.996264	-0.011239	0.475112	-0.050744	0.878461
07158	4.932326	-0.118487	9.049885	0.012524	-0.001465	0.004975	-0.875737	0.069847	0.477709	-0.085562	-0.996270	-0.011186	0.475145	-0.050670	0.878447
07159	4.876347	-0.136656	9.085690	0.009883	0.001600	0.008395	-0.875742	0.069788	0.477709	-0.085486	-0.996277	-0.011168	0.475151	-0.050618	0.878447
07160	4.875960	-0.115843	9.029530	0.008036	0.002330	0.001937	-0.875745	0.069790	0.477703	-0.085472	-0.996278	-0.011140	0.475148	-0.050586	0.878451
07161	4.889959	-0.120702	9.048774	0.008720	-0.000380	0.006376	-0.875738	0.069751	0.477721	-0.085419	-0.996283	-0.011122	0.475170	-0.050547	0.878441
07162	4.902154	-0.099474	9.045694	0.004899	0.002001	0.004247	-0.875741	0.069733	0.477718	-0.085405	-0.996284	-0.011132	0.475166	-0.050548	0.878443
07163	4.896430	-0.184981	9.025716	-0.000825	0.004927	0.002819	-0.875757	0.069732	0.477690	-0.085428	-0.996282	-0.011182	0.475134	-0.050601	0.878457
07164	4.917226	-0.111114	9.031272	0.000512	0.002098	0.004638	-0.875761	0.069712	0.477684	-0.085432	-0.996281	-0.011232	0.475124	-0.050646	0.878460
07165	4.904596	-0.131992	9.034591	0.001063	0.005679	-0.001411	-0.875777	0.069754	0.477650	-0.085484	-0.996276	-0.011244	0.475087	-0.050679	0.878478
07166	4.944538	-0.122170	9.070120	-0.003379	0.005588	0.006138	-0.875799	0.069717	0.477615	-0.085489	-0.996275	-0.011336	0.475046	-0.050759	0.878496
07167	4.916120	-0.111410	9.031870	0.008721	-0.000382	0.006377	-0.875792	0.069678	0.477633	-0.085437	-0.996279	-0.011319	0.475068	-0.050720	0.878486
07168	4.998660	-0.096907	9.068425	0.007471	0.000043	0.004458	-0.875788	0.069651	0.477645	-0.085401	-0.996282	-0.011308	0.475082	-0.050695	0.878480
07169	4.940521	-0.068741	9.025711	0.011051	0.003576	0.010415	-0.875803	0.069573	0.477628	-0.085302	-0.996291	-0.011290	0.475071	-0.050630	0.878489
07170	4.887558	-0.139938	9.106457	0.004591	0.009024	0.011703	-0.875846	0.069488	0.477562	-0.085226	-0.996297	-0.011337	0.475006	-0.050630	0.878525
07171	4.790192	-0.271973	8.985204	0.016264	-0.001451	0.007207	-0.875835	0.069440	0.477589	-0.085130	-0.996306	-0.011257	0.475044	-0.050517	0.878511
07172	4.924379	-0.075827	9.097095	0.014533	-0.005716	0.007709	-0.875804	0.069384	0.477653	-0.085039	-0.996315	-0.011199	0.475116	-0.050427	0.878477
07173	4.853892	-0.192232	8.991651	0.005555	0.001880	0.001628	-0.875804	0.069393	0.477652	-0.085043	-0.996315	-0.011186	0.475115	-0.050418	0.878478
07174	4.890955	-0.149314	9.038516	0.008211	-0.002483	0.001740	-0.875785	0.069396	0.477687	-0.085032	-0.996316	-0.011155	0.475153	-0.050388	0.878459
07175	4.880600	-0.175590	9.007549	0.007045	-0.004462	-0.000279	-0.875753	0.069422	0.477742	-0.085045	-0.996315	-0.011120	0.475210	-0.050368	0.878430
07176	4.898958	-0.088661	9.080550	0.005864	-0.005146	-0.005827	-0.875714	0.069505	0.477801	-0.085118	-0.996309	-0.011074	0.475268	-0.050367	0.878398
07177	4.893794	-0.173692	9.060323	0.000069	-0.001109	-0.003629	-0.875695	0.069565	0.477827	-0.085194	-0.996303	-0.011084	0.475289	-0.050415	0.878384
07178	4.922073	-0.164014	9.042273	0.001475	-0.005047	-0.005436	-0.875658	0.069637	0.477885	-0.085277	-0.996296	-0.011078	0.475344	-0.050454	0.878352
07179	4.929765	-0.104237	9.084453	0.003961	-0.004602	-0.005127	-0.875621	0.069711	0.477942	-0.085348	-0.996290	-0.011048	0.475399	-0.050465	0.878322
07180	4.880993	-0.166985	9.040459	0.001561	-0.007452	-0.005534	-0.875571	0.069779	0.478023	-0.085427	-0.996283	-0.011041	0.475476	-0.050503	0.878278
07181	4.948595	-0.140522	9.091340	0.011662	-0.009184	-0.008026	-0.875510	0.069879	0.478121	-0.085486	-0.996279	-0.010929	0.475578	-0.050441	0.878226
07182	4.975795	-0.103489	9.050543	0.013017	-0.013309	-0.002675	-0.875434	0.069932	0.478252	-0.085503	-0.996279	-0.010833	0.475715	-0.050375	0.878156
07183	4.896009	-0.142634	9.035887	0.009691	-0.007532	-0.003698	-0.875384	0.069989	0.478335	-0.085534	-0.996277	-0.010759	0.475801	-0.050332	0.878112
07184	4.893544	-0.108810	9.046987	0.018063	-0.013530	-0.005686	-0.875306	0.070060	0.478468	-0.085541	-0.996278	-0.010606	0.475944	-0.050212	0.878041
07185	4.936872	-0.103002	9.047595	0.015578	-0.013977	-0.005995	-0.875224	0.070138	0.478607	-0.085564	-0.996278	-0.010469	0.476091	-0.050114	0.877967
07186	4.895977	-0.105411	9.045711	0.013007	-0.012019	-0.006205	-0.875151	0.070218	0.478728	-0.085603	-0.996276	-0.010358	0.476218	-0.050045	0.877902
07187	4.914374	-0.121826	8.996419	0.006130	-0.012366	-0.006120	-0.875076	0.070297	0.478853	-0.085672	-0.996270	-0.010304	0.476342	-0.050041	0.877835
07188	4.884088	-0.097815	9.025349	0.009270	-0.012043	-0.008432	-0.875002	0.070400	0.478974	-0.085748	-0.996265	-0.010214	0.476466	-0.050008	0.877770
07189	4.946187	-0.136997	8.999768	-0.001573	-0.007782	-0.003219	-0.874951	0.070453	0.479058	-0.085828	-0.996257	-0.010241	0.476544	-0.050077	0.877723
07190	4.933170	-0.151337	9.036444	0.004210	-0.010530	-0.008950	-0.874884	0.070558	0.479166	-0.085929	-0.996249	-0.010195	0.476649	-0.050093	0.877665
07191	4.892101	-0.154421	9.034677	0.007369	-0.011499	-0.007732	-0.874812	0.070654	0.479283	-0.086006	-0.996243	-0.010122	0.476768	-0.050076	0.877602
07192	4.908957	-0.164963	9.019298	0.003718	-0.013928	-0.010055	-0.874728	0.070761	0.479421	-0.086112	-0.996234	-0.010075	0.476903	-0.050097	0.877527
07193	4.936722	-0.148624	9.034549	0.003808	-0.016334	-0.010153	-0.874630	0.070879	0.479581	-0.086228	-0.996225	-0.010021	0.477060	-0.050118	0.877440
07194	4.913770	-0.189533	9.040093	0.001393	-0.017895	-0.014087	-0.874524	0.071029	0.479753	-0.086384	-0.996212	-0.009975	0.477227	-0.050166	0.877347
07195	4.897986	-0.150689	9.031550	0.007781	-0.020946	-0.015282	-0.874400	0.071195	0.479953	-0.086525	-0.996201	-0.009862	0.477428	-0.050151	0.877239
07196	4.926311	-0.133940	9.046491	0.001557	-0.021419	-0.017812	-0.874274	0.071378	0.480157	-0.086711	-0.996185	-0.009796	0.477626	-0.050200	0.877128
07197	4.944200	-0.144160	9.030532	0.007387	-0.026755	-0.016485	-0.874121	0.071554	0.480409	-0.086865	-0.996173	-0.009681	0.477877	-0.050193	0.876991
07198	4.941324	-0.084019	9.018403	0.006208	-0.027450	-0.022031	-0.873961	0.071788	0.480665	-0.087079	-0.996156	-0.009552	0.478131	-0.050204	0.876852
07199	4.976999	-0.131714	9.009909	0.006074	-0.025224	-0.014776	-0.873817	0.071947	0.480903	-0.087223	-0.996144	-0.009457	0.478368	-0.050209	0.876723
07200	4.972556	-0.065317	9.031718	0.014374	-0.028821	-0.016676	-0.873656	0.072118	0.481170	-0.087341	-0.996135	-0.009283	0.478641	-0.050136	0.876578
07201	4.932781	-0.067812	9.029323	0.002830	-0.021857	-0.015893	-0.873526	0.072290	0.481379	-0.087511	-0.996121	-0.009211	0.478846	-0.050172	0.876464
07202	4.966233	-0.089367	8.998600	0.011061	-0.024337	-0.014168	-0.873389	0.072431	0.481608	-0.087616	-0.996113	-0.009081	0.479078	-0.050127	0.876340
07203	4.936951	-0.064969	9.027064	0.005324	-0.021415	-0.015589	-0.873262	0.072601	0.481812	-0.087772	-0.996100	-0.008987	0.479281	-0.050138	0.876228
07204	4.996577	-0.070971	9.012359	0.008396	-0.019976	-0.014279	-0.873145	0.072749	0.482001	-0.087894	-0.996090	-0.008878	0.479471	-0.050117	0.876126
07205	4.943883	-0.094833	9.013620	0.000075	-0.015093	-0.015906	-0.873048	0.072925	0.482150	-0.088077	-0.996075	-0.008829	0.479614	-0.050175	0.876044
07206	5.001641	-0.094616	9.033052	0.013352	-0.017792	-0.017205	-0.872939	0.073110	0.482320	-0.088208	-0.996064	-0.008662	0.479789	-0.050105	0.875952
07207	5.013613	-0.045335	9.006467	0.015358	-0.020747	-0.018006	-0.872813	0.073304	0.482519	-0.088336	-0.996055	-0.008469	0.479994	-0.050015	0.875845
07208	4.977109	-0.100105	9.049299	0.008149	-0.014049	-0.010458	-0.872727	0.073419	0.482656	-0.088427	-0.996047	-0.008380	0.480133	-0.049993	0.875770
07209	4.941346	-0.141073	9.002000	0.014523	-0.015811	-0.015193	-0.872627	0.073587	0.482812	-0.088535	-0.996039	-0.008208	0.480295	-0.049908	0.875686
07210	4.955156	-0.118102	8.997884	0.015298	-0.019635	-0.014379	-0.872512	0.073739	0.482996	-0.088627	-0.996032	-0.008037	0.480487	-0.049819	0.875586
07211	4.956955	-0.116325	8.996916	0.008419	-0.019991	-0.014278	-0.872393	0.073895	0.483188	-0.088756	-0.996022	-0.007923	0.480680	-0.049798	0.875481
07212	4.996836	-0.057792	8.952155	0.020377	-0.021150	-0.013873	-0.872269	0.074042	0.483388	-0.088819	-0.996018	-0.007711	0.480892	-0.049660	0.875372
07213	4.979868	-0.031818	9.033973	0.013208	-0.014280	-0.013484	-0.872178	0.074193	0.483529	-0.088918	-0.996010	-0.007558	0.481039	-0.049586	0.875296
07214	4.961428	-0.110911	8.994518	0.002245	-0.007606	-0.008152	-0.872126	0.074288	0.483609	-0.089017	-0.996002	-0.007532	0.481116	-0.049619	0.875252
07215	4.974449	-0.088782	8.990785	0.013694	-0.010878	-0.012383	-0.872052	0.074431	0.483721	-0.089104	-0.995995	-0.007381	0.481234	-0.049538	0.875191
07216	4.919742	-0.106461	9.026459	0.000507	-0.010593	-0.011169	-0.871982	0.074562	0.483827	-0.089246	-0.995982	-0.007354	0.481335	-0.049592	0.875133
07217	4.976567	-0.086526	8.989635	0.010076	-0.014607	-0.011164	-0.871891	0.074690	0.483971	-0.089339	-0.995975	-0.007241	0.481482	-0.049551	0.875054
07218	5.039198	-0.000547	9.028905	0.009303	-0.010786	-0.011979	-0.871818	0.074823	0.484081	-0.089440	-0.995967	-0.007134	0.481595	-0.049516	0.874994
07219	5.041348	-0.005592	8.994564	0.005896	-0.005168	-0.005840	-0.871777	0.074904	0.484142	-0.089507	-0.995961	-0.007082	0.481656	-0.049508	0.874961
07220	4.981904	0.028779	8.985755	0.009543	-0.002727	-0.003528	-0.871752	0.074954	0.484180	-0.089530	-0.995959	-0.007015	0.481698	-0.049464	0.874940
07221	4.990837	-0.061519	8.985211	0.001034	0.005687	-0.001426	-0.871768	0.074996	0.484146	-0.089583	-0.995955	-0.007028	0.481660	-0.049497	0.874959
07222	4.949244	-0.084793	9.040660	0.015172	-0.001954	-0.005550	-0.871743	0.075070	0.484178	-0.089600	-0.995954	-0.006901	0.481701	-0.049398	0.874942
07223	4.969573	-0.133692	8.980556	0.005332	0.008000	-0.001738	-0.871769	0.075116	0.484123	-0.089634	-0.995951	-0.006874	0.481647	-0.049387	0.874973
07224	4.962387	-0.067639	9.003692	0.021507	-0.003882	-0.003127	-0.871739	0.075166	0.484171	-0.089599	-0.995955	-0.006703	0.481709	-0.049225	0.874948
07225	4.957336	-0.151946	8.983942	0.003114	0.001607	-0.005855	-0.871731	0.075250	0.484172	-0.089680	-0.995948	-0.006676	0.481708	-0.049240	0.874947
07226	4.953897	-0.118364	8.995426	0.018343	-0.002920	-0.004338	-0.871704	0.075313	0.484211	-0.089673	-0.995950	-0.006527	0.481758	-0.049110	0.874927
07227	4.959243	-0.031393	9.015016	0.005123	-0.001349	-0.006655	-0.871681	0.075403	0.484238	-0.089751	-0.995943	-0.006478	0.481785	-0.049108	0.874912
07228	4.950544	-0.083893	9.006863	0.004346	0.002473	-0.007472	-0.871678	0.075501	0.484229	-0.089840	-0.995935	-0.006436	0.481775	-0.049113	0.874918
07229	4.968200	-0.121053	9.014550	-0.002442	-0.000291	-0.007460	-0.871659	0.075600	0.484247	-0.089961	-0.995924	-0.006450	0.481786	-0.049186	0.874907
07230	4.980329	-0.099998	9.011255	-0.003120	0.001122	-0.008371	-0.871648	0.075706	0.484251	-0.090092	-0.995912	-0.006468	0.481782	-0.049265	0.874905
07231	4.908625	-0.231790	8.997297	-0.011967	0.003879	-0.014627	-0.871643	0.075878	0.484233	-0.090322	-0.995891	-0.006531	0.481748	-0.049429	0.874915
07232	5.047437	-0.073364	9.061969	0.011804	-0.010342	-0.011676	-0.871572	0.076016	0.484339	-0.090416	-0.995884	-0.006402	0.481859	-0.049372	0.874857
07233	5.032948	-0.047277	8.986253	-0.004376	0.001537	-0.010288	-0.871559	0.076144	0.484342	-0.090571	-0.995869	-0.006419	0.481852	-0.049462	0.874855
07234	5.003886	-0.050076	9.038201	0.004068	-0.005751	-0.008760	-0.871515	0.076241	0.484406	-0.090662	-0.995861	-0.006374	0.481915	-0.049472	0.874820
07235	4.914274	-0.123763	8.960000	-0.003697	0.000123	-0.009377	-0.871496	0.076359	0.484420	-0.090806	-0.995848	-0.006390	0.481921	-0.049557	0.874812
07236	4.950449	-0.074078	9.040095	0.006832	-0.011245	-0.012276	-0.871423	0.076496	0.484532	-0.090923	-0.995838	-0.006303	0.482033	-0.049548	0.874751
07237	4.982738	-0.095851	9.009969	0.004245	-0.009288	-0.012482	-0.871356	0.076641	0.484629	-0.091056	-0.995826	-0.006234	0.482128	-0.049561	0.874698
07238	5.010819	0.058831	9.000099	0.008596	-0.009539	-0.005727	-0.871296	0.076722	0.484724	-0.091115	-0.995821	-0.006162	0.482226	-0.049535	0.874645
07239	5.052864	0.083987	8.944332	0.010257	-0.005422	0.000915	-0.871260	0.076735	0.484787	-0.091103	-0.995823	-0.006105	0.482293	-0.049484	0.874611
07240	4.988494	0.011945	8.972510	-0.005380	0.008735	-0.000223	-0.871292	0.076759	0.484725	-0.091170	-0.995816	-0.006184	0.482223	-0.049580	0.874645
07241	4.963974	-0.050289	9.036038	-0.000551	0.011891	0.007630	-0.871345	0.076714	0.484636	-0.091151	-0.995817	-0.006254	0.482129	-0.049624	0.874694
07242	4.981465	-0.074598	8.953939	-0.002386	0.011309	0.004709	-0.871394	0.076695	0.484553	-0.091166	-0.995816	-0.006329	0.482040	-0.049690	0.874739
07243	4.993214	-0.073859	9.007584	0.002592	0.012212	0.005308	-0.871447	0.076673	0.484461	-0.091152	-0.995817	-0.006361	0.481946	-0.049702	0.874790
07244	5.003343	-0.191451	9.030113	-0.008115	0.012944	0.006824	-0.871505	0.076630	0.484362	-0.091171	-0.995814	-0.006498	0.481836	-0.049822	0.874844
07245	4.980311	-0.102102	8.978175	0.000180	0.010633	0.001381	-0.871547	0.076646	0.484284	-0.091203	-0.995811	-0.006531	0.481755	-0.049860	0.874886
07246	5.002620	-0.074780	9.062506	-0.012611	0.015446	0.007323	-0.871619	0.076604	0.484161	-0.091244	-0.995806	-0.006708	0.481616	-0.050024	0.874953
07247	4.923926	-0.128966	8.981643	0.000908	0.006653	0.009359	-0.871649	0.076538	0.484117	-0.091203	-0.995809	-0.006774	0.481570	-0.050058	0.874977
07248	5.010777	-0.028973	9.037806	-0.000570	0.013170	0.004098	-0.871707	0.076526	0.484015	-0.091213	-0.995808	-0.006831	0.481463	-0.050103	0.875033
07249	4.942644	-0.055433	8.987644	-0.001802	0.012302	0.005714	-0.871761	0.076500	0.483922	-0.091217	-0.995807	-0.006903	0.481365	-0.050160	0.875084
07250	4.955714	-0.061119	9.007413	-0.001222	0.013297	0.006719	-0.871822	0.076456	0.483818	-0.091203	-0.995808	-0.006979	0.481256	-0.050210	0.875141
07251	4.984486	-0.078362	9.012379	-0.004288	0.011850	0.005413	-0.871874	0.076433	0.483729	-0.091221	-0.995806	-0.007071	0.481160	-0.050291	0.875189
07252	4.966362	-0.061244	9.061634	-0.000444	0.009475	0.007537	-0.871918	0.076377	0.483659	-0.091192	-0.995808	-0.007145	0.481086	-0.050336	0.875227
07253	4.956132	-0.094986	8.997620	0.000037	0.012879	0.008636	-0.871977	0.076322	0.483561	-0.091162	-0.995810	-0.007215	0.480984	-0.050374	0.875281
07254	4.957256	-0.121663	9.020564	-0.002255	0.007611	0.008147	-0.872012	0.076261	0.483508	-0.091139	-0.995811	-0.007307	0.480925	-0.050438	0.875310
07255	4.966777	-0.074688	8.995154	0.006038	0.005301	0.002708	-0.872029	0.076261	0.483477	-0.091131	-0.995812	-0.007296	0.480895	-0.050422	0.875327
07256	4.924792	-0.099067	9.050731	-0.007157	0.005586	0.003916	-0.872050	0.076246	0.483440	-0.091174	-0.995807	-0.007410	0.480848	-0.050539	0.875346
07257	4.978346	-0.053858	8.992187	0.015151	-0.003399	0.005154	-0.872028	0.076217	0.483485	-0.091101	-0.995815	-0.007330	0.480903	-0.050438	0.875322
07258	5.011688	0.021536	9.050272	-0.002253	0.007611	0.008146	-0.872062	0.076164	0.483433	-0.091086	-0.995815	-0.007421	0.480845	-0.050505	0.875350
07259	4.989874	-0.032871	8.989245	0.007995	0.002186	0.009071	-0.872070	0.076099	0.483429	-0.091013	-0.995822	-0.007423	0.480844	-0.050472	0.875352
07260	4.970039	0.010583	9.015863	-0.004333	0.011689	0.012571	-0.872128	0.075998	0.483339	-0.090964	-0.995826	-0.007555	0.480747	-0.050555	0.875401
07261	4.932127	-0.032553	8.969840	0.010894	0.007162	0.014099	-0.872165	0.075886	0.483291	-0.090833	-0.995837	-0.007556	0.480706	-0.050489	0.875427
07262	5.022506	0.035564	9.014623	0.010026	0.013389	0.013375	-0.872233	0.075776	0.483184	-0.090706	-0.995849	-0.007566	0.480605	-0.050427	0.875486
07263	4.970292	-0.022065	9.006178	0.004710	0.019553	0.020212	-0.872335	0.075609	0.483027	-0.090552	-0.995862	-0.007651	0.480450	-0.050413	0.875572
07264	4.992811	0.164388	9.009092	0.028159	0.013829	0.019936	-0.872409	0.075440	0.482919	-0.090288	-0.995887	-0.007533	0.480365	-0.050174	0.875632
07265	5.024607	-0.049639	9.051067	-0.020603	0.039976	0.026283	-0.872614	0.075223	0.482583	-0.090202	-0.995892	-0.007869	0.480008	-0.050396	0.875815
07266	4.893420	-0.306348	8.953225	0.004367	0.027888	0.024118	-0.872761	0.075021	0.482348	-0.090016	-0.995908	-0.007979	0.479776	-0.050383	0.875943
07267	4.982703	-0.259423	9.055305	-0.001790	0.026284	0.017967	-0.872893	0.074880	0.482132	-0.089913	-0.995917	-0.008110	0.479556	-0.050429	0.876061
07268	4.885658	-0.295120	9.023605	0.012834	0.022035	0.014968	-0.873001	0.074763	0.481954	-0.089764	-0.995930	-0.008102	0.479387	-0.050335	0.876159
07269	4.927855	-0.172734	9.056748	0.007555	0.012924	0.013075	-0.873064	0.074664	0.481855	-0.089658	-0.995939	-0.008127	0.479291	-0.050298	0.876213
07270	4.922863	-0.120691	9.012417	0.002596	0.010745	0.016001	-0.873120	0.074529	0.481774	-0.089546	-0.995949	-0.008214	0.479210	-0.050313	0.876257
07271	4.944781	-0.073060	9.040304	0.003905	0.010486	0.010760	-0.873170	0.074452	0.481696	-0.089478	-0.995955	-0.008261	0.479133	-0.050314	0.876299
07272	4.850800	-0.280076	9.021819	-0.022695	0.017188	0.009798	-0.873251	0.074387	0.481559	-0.089547	-0.995946	-0.008538	0.478972	-0.050578	0.876372
07273	4.846667	-0.248524	9.033612	0.010146	-0.003027	0.001031	-0.873227	0.074400	0.481601	-0.089535	-0.995948	-0.008483	0.479018	-0.050527	0.876349
07274	4.927378	-0.063635	9.055962	-0.007471	-0.001339	-0.000913	-0.873209	0.074433	0.481628	-0.089624	-0.995939	-0.008575	0.479034	-0.050653	0.876334
07275	5.049852	0.021166	8.957854	0.014168	-0.010220	0.002975	-0.873152	0.074423	0.481733	-0.089575	-0.995944	-0.008494	0.479146	-0.050568	0.876277
07276	5.002844	0.035250	9.058642	-0.018294	0.017087	0.009401	-0.873233	0.074362	0.481596	-0.089626	-0.995937	-0.008731	0.478990	-0.050788	0.876350
07277	4.919070	-0.104768	8.957843	-0.000216	0.003365	0.010879	-0.873248	0.074280	0.481581	-0.089577	-0.995941	-0.008814	0.478971	-0.050835	0.876357
07278	4.948873	-0.018360	9.084091	-0.015544	0.011598	0.005892	-0.873299	0.074248	0.481493	-0.089642	-0.995933	-0.009010	0.478866	-0.051031	0.876403
07279	4.910718	-0.186745	8.972890	-0.007869	0.006837	0.010152	-0.873330	0.074175	0.481448	-0.089636	-0.995933	-0.009157	0.478810	-0.051152	0.876427
07280	4.923090	-0.062469	9.091340	-0.001470	0.003782	0.008961	-0.873348	0.074109	0.481426	-0.089607	-0.995934	-0.009244	0.478784	-0.051213	0.876438
07281	4.944570	-0.099435	8.941121	-0.003397	0.005615	0.006129	-0.873370	0.074075	0.481392	-0.089614	-0.995933	-0.009332	0.478742	-0.051290	0.876456
07282	4.965592	-0.065914	9.059195	-0.004814	0.009561	0.007930	-0.873414	0.074021	0.481321	-0.089610	-0.995932	-0.009445	0.478664	-0.051381	0.876494
07283	4.871874	-0.128053	9.049042	-0.003487	0.008020	0.006222	-0.873447	0.073988	0.481265	-0.089617	-0.995931	-0.009535	0.478601	-0.051457	0.876523
07284	4.937883	-0.082731	9.043990	-0.000815	0.003653	0.006340	-0.873461	0.073952	0.481245	-0.089612	-0.995930	-0.009604	0.478577	-0.051514	0.876533
07285	4.969019	-0.105819	9.014654	0.004909	0.002011	0.004237	-0.873464	0.073935	0.481243	-0.089596	-0.995932	-0.009610	0.478574	-0.051511	0.876535
07286	5.044368	-0.005985	9.017526	0.016378	-0.002560	0.003563	-0.873445	0.073928	0.481278	-0.089538	-0.995938	-0.009514	0.478620	-0.051403	0.876516
07287	5.005457	-0.041486	9.005033	0.009038	0.009127	0.004120	-0.873482	0.073916	0.481213	-0.089503	-0.995941	-0.009483	0.478559	-0.051354	0.876552
07288	4.925830	-0.107539	9.014104	0.012131	0.009279	0.008965	-0.873524	0.073844	0.481148	-0.089401	-0.995951	-0.009455	0.478501	-0.051274	0.876589
07289	4.951404	-0.091306	9.030475	0.011550	0.008285	0.007958	-0.873560	0.073794	0.481090	-0.089321	-0.995958	-0.009420	0.478450	-0.051201	0.876621
07290	4.917414	-0.185645	9.029219	0.010969	0.007291	0.006952	-0.873592	0.073757	0.481038	-0.089258	-0.995964	-0.009388	0.478404	-0.051138	0.876650
07291	4.880027	-0.247813	9.039390	0.004732	0.006822	0.004422	-0.873618	0.073741	0.480993	-0.089242	-0.995966	-0.009396	0.478360	-0.051133	0.876674
07292	4.904547	-0.204894	9.032863	0.025362	-0.007584	0.002591	-0.873573	0.073738	0.481075	-0.089146	-0.995976	-0.009217	0.478460	-0.050938	0.876631
07293	4.939970	-0.114534	9.000285	0.012727	-0.004996	0.001249	-0.873539	0.073748	0.481134	-0.089119	-0.995979	-0.009140	0.478526	-0.050862	0.876599
07294	4.945796	-0.027489	9.019638	0.019038	-0.005650	0.000153	-0.873504	0.073765	0.481196	-0.089070	-0.995985	-0.009007	0.478600	-0.050727	0.876567
07295	4.961726	-0.037947	9.004793	0.006239	0.000468	0.002529	-0.873498	0.073765	0.481207	-0.089062	-0.995985	-0.008993	0.478612	-0.050712	0.876561
07296	4.940660	-0.111528	8.999944	0.008149	-0.000081	0.001829	-0.873489	0.073766	0.481222	-0.089048	-0.995987	-0.008963	0.478630	-0.050681	0.876553
07297	4.912633	-0.120323	9.018002	0.005567	0.001881	0.001616	-0.873489	0.073775	0.481221	-0.089052	-0.995987	-0.008950	0.478630	-0.050672	0.876553
07298	4.912578	-0.119800	9.018039	0.006311	-0.000654	-0.001096	-0.873475	0.073811	0.481242	-0.089079	-0.995985	-0.008921	0.478651	-0.050661	0.876542
07299	4.937490	-0.097412	9.067819	0.005074	-0.001518	0.000518	-0.873457	0.073830	0.481271	-0.089095	-0.995983	-0.008907	0.478680	-0.050659	0.876527
07300	4.967205	-0.093820	9.015786	0.006401	-0.003060	-0.001188	-0.873432	0.073859	0.481311	-0.089114	-0.995982	-0.008878	0.478722	-0.050646	0.876505
07301	4.990324	-0.045187	9.043020	0.007567	-0.001075	0.000823	-0.873417	0.073875	0.481336	-0.089116	-0.995982	-0.008844	0.478749	-0.050619	0.876491
07302	4.977523	-0.045780	8.990036	0.002896	0.006249	0.001493	-0.873440	0.073885	0.481294	-0.089132	-0.995980	-0.008858	0.478705	-0.050636	0.876514
07303	4.938681	-0.102206	9.034123	-0.002742	0.005491	0.003503	-0.873458	0.073878	0.481261	-0.089160	-0.995977	-0.008928	0.478666	-0.050707	0.876532
07304	4.945085	-0.167010	9.011549	0.006062	0.005279	0.002712	-0.873476	0.073873	0.481231	-0.089148	-0.995978	-0.008920	0.478637	-0.050692	0.876549
07305	4.924072	-0.116271	9.071770	0.007478	0.001331	0.000915	-0.873472	0.073889	0.481234	-0.089149	-0.995979	-0.008888	0.478643	-0.050665	0.876547
07306	4.951614	-0.086374	8.997411	0.009388	0.000781	0.000215	-0.873467	0.073909	0.481241	-0.089145	-0.995979	-0.008838	0.478653	-0.050620	0.876544
07307	4.907877	-0.083529	9.030187	0.003730	0.001307	-0.001310	-0.873461	0.073947	0.481245	-0.089183	-0.995976	-0.008828	0.478656	-0.050630	0.876542
07308	4.967183	-0.096884	8.982782	0.005658	-0.000526	0.001524	-0.873450	0.073958	0.481265	-0.089191	-0.995976	-0.008817	0.478676	-0.050625	0.876531
07309	4.923306	-0.094354	9.015630	0.001058	0.005675	-0.001433	-0.873465	0.074000	0.481230	-0.089243	-0.995971	-0.008829	0.478638	-0.050658	0.876550
07310	4.938937	-0.125750	9.057540	-0.000743	0.002536	0.002711	-0.873469	0.073996	0.481223	-0.089266	-0.995968	-0.008880	0.478626	-0.050714	0.876553
07311	4.938788	-0.126049	9.057617	-0.002564	0.000680	0.003320	-0.873465	0.073988	0.481232	-0.089294	-0.995965	-0.008947	0.478629	-0.050787	0.876547
07312	4.954523	-0.137690	9.042886	0.001326	-0.001543	-0.001706	-0.873447	0.074026	0.481260	-0.089347	-0.995960	-0.008960	0.478652	-0.050825	0.876532
07313	4.952788	-0.111252	9.020312	0.005075	-0.001519	0.000519	-0.873429	0.074045	0.481288	-0.089363	-0.995959	-0.008947	0.478681	-0.050824	0.876517
07314	4.924756	-0.120468	9.038365	-0.003255	0.003375	-0.001128	-0.873435	0.074082	0.481272	-0.089433	-0.995952	-0.009002	0.478657	-0.050904	0.876525
07315	4.894826	-0.103783	9.033924	-0.000583	-0.000993	-0.001005	-0.873419	0.074116	0.481296	-0.089489	-0.995947	-0.009031	0.478676	-0.050958	0.876512
07316	4.914001	-0.147857	9.007786	-0.005004	0.000396	-0.004144	-0.873408	0.074176	0.481307	-0.089590	-0.995937	-0.009087	0.478677	-0.051057	0.876505
07317	4.947728	-0.072842	9.065657	-0.001750	-0.002979	-0.003016	-0.873380	0.074229	0.481349	-0.089669	-0.995930	-0.009117	0.478713	-0.051125	0.876482
07318	4.949772	-0.078693	9.031488	0.009073	-0.007430	-0.001064	-0.873334	0.074262	0.481428	-0.089683	-0.995929	-0.009064	0.478795	-0.051092	0.876439
07319	4.992164	-0.074209	9.032513	-0.001256	0.000420	-0.001920	-0.873324	0.074306	0.481439	-0.089750	-0.995923	-0.009094	0.478801	-0.051151	0.876432
07320	4.936050	-0.072896	9.012067	0.003838	-0.002382	0.002134	-0.873304	0.074315	0.481474	-0.089767	-0.995921	-0.009101	0.478834	-0.051168	0.876413
07321	4.937947	-0.099005	9.034560	-0.002582	0.001962	-0.000214	-0.873303	0.074342	0.481473	-0.089826	-0.995915	-0.009151	0.478826	-0.051240	0.876413
07322	4.939451	-0.105184	9.000684	0.005659	-0.000526	0.001524	-0.873291	0.074354	0.481491	-0.089833	-0.995915	-0.009140	0.478845	-0.051236	0.876403
07323	4.952096	-0.103930	9.053756	0.000673	-0.001413	0.000914	-0.873275	0.074368	0.481519	-0.089867	-0.995912	-0.009167	0.478869	-0.051278	0.876388
07324	4.950304	-0.077588	9.031206	0.005659	-0.000526	0.001524	-0.873264	0.074382	0.481536	-0.089878	-0.995911	-0.009156	0.478886	-0.051275	0.876378
07325	4.965971	-0.089009	9.016515	-0.000071	0.001123	0.003625	-0.873262	0.074371	0.481542	-0.089891	-0.995909	-0.009203	0.478887	-0.051323	0.876375
07326	4.976221	-0.042117	8.990774	0.002423	0.001567	0.003930	-0.873264	0.074351	0.481542	-0.089885	-0.995909	-0.009233	0.478886	-0.051346	0.876374
07327	4.976117	-0.062140	9.047419	-0.001575	0.007478	0.005512	-0.873294	0.074325	0.481491	-0.089889	-0.995908	-0.009302	0.478830	-0.051404	0.876401
07328	4.970427	-0.147894	9.028086	0.005005	-0.000396	0.004144	-0.873285	0.074311	0.481510	-0.089879	-0.995909	-0.009309	0.478848	-0.051407	0.876391
07329	4.961478	-0.056827	9.028496	0.004173	0.004545	0.006946	-0.873302	0.074269	0.481485	-0.089843	-0.995912	-0.009335	0.478823	-0.051410	0.876405
07330	4.960911	-0.056914	9.028806	0.000919	0.007921	0.005817	-0.873334	0.074244	0.481431	-0.089838	-0.995912	-0.009385	0.478766	-0.051447	0.876434
07331	4.967139	-0.121719	9.006361	0.005995	0.006400	0.006336	-0.873360	0.074209	0.481390	-0.089799	-0.995916	-0.009392	0.478726	-0.051431	0.876456
07332	4.935028	-0.098492	9.036161	0.003997	0.009356	0.007127	-0.873402	0.074167	0.481319	-0.089763	-0.995919	-0.009423	0.478656	-0.051434	0.876495
07333	4.963962	-0.095275	8.984580	0.006738	0.003864	0.003626	-0.873413	0.074157	0.481300	-0.089744	-0.995920	-0.009410	0.478639	-0.051412	0.876505
07334	4.933825	-0.098167	9.036821	0.000249	0.009333	0.004902	-0.873453	0.074131	0.481232	-0.089739	-0.995920	-0.009464	0.478567	-0.051452	0.876542
07335	4.948981	-0.109386	9.022424	0.014911	0.002495	0.008992	-0.873463	0.074068	0.481224	-0.089634	-0.995930	-0.009405	0.478569	-0.051349	0.876547
07336	4.974907	-0.093342	9.038588	0.002832	0.007369	0.005116	-0.873494	0.074040	0.481173	-0.089616	-0.995932	-0.009437	0.478516	-0.051364	0.876575
07337	4.947876	-0.108923	9.023036	0.004088	0.006949	0.007036	-0.873523	0.073998	0.481126	-0.089580	-0.995935	-0.009463	0.478470	-0.051366	0.876600
07338	4.945202	-0.082913	9.000970	0.001419	0.011317	0.006911	-0.873575	0.073952	0.481038	-0.089551	-0.995937	-0.009517	0.478380	-0.051391	0.876648
07339	4.951577	-0.167430	9.035031	0.007325	0.004854	0.004632	-0.873592	0.073933	0.481010	-0.089521	-0.995940	-0.009504	0.478355	-0.051363	0.876663
07340	4.943984	-0.082373	9.001644	0.007910	0.005846	0.005637	-0.873614	0.073904	0.480974	-0.089479	-0.995944	-0.009493	0.478321	-0.051330	0.876683
07341	4.915572	-0.091217	9.019881	0.006742	0.003861	0.003627	-0.873626	0.073894	0.480955	-0.089459	-0.995945	-0.009480	0.478305	-0.051308	0.876694
07342	4.953704	-0.054547	9.032777	0.005931	0.007520	0.009961	-0.873660	0.073819	0.480905	-0.089386	-0.995952	-0.009508	0.478256	-0.051293	0.876721
07343	4.956370	-0.086960	9.021816	0.000908	0.009200	0.002279	-0.873695	0.073826	0.480839	-0.089407	-0.995950	-0.009540	0.478187	-0.051325	0.876757
07344	4.966294	-0.059698	9.052831	0.006586	0.007388	0.007342	-0.873727	0.073781	0.480789	-0.089357	-0.995954	-0.009549	0.478139	-0.051305	0.876784
07345	4.891580	-0.165181	9.016674	-0.004821	0.010853	0.004376	-0.873772	0.073767	0.480709	-0.089386	-0.995950	-0.009641	0.478051	-0.051393	0.876827
07346	4.927945	-0.122230	9.063573	0.013643	0.004190	0.003541	-0.873784	0.073753	0.480689	-0.089330	-0.995956	-0.009571	0.478039	-0.051303	0.876839
07347	4.928877	-0.108240	8.973491	0.003508	0.005954	0.006030	-0.873807	0.073721	0.480651	-0.089306	-0.995958	-0.009598	0.478001	-0.051311	0.876859
07348	4.912896	-0.116110	9.044874	0.007983	0.004720	0.002013	-0.873822	0.073721	0.480624	-0.089289	-0.995960	-0.009570	0.477977	-0.051277	0.876874
07349	4.968565	-0.097074	9.009083	0.005575	0.001874	0.001618	-0.873822	0.073730	0.480623	-0.089293	-0.995960	-0.009558	0.477977	-0.051268	0.876875
07350	4.955944	-0.117684	9.012580	0.004765	0.005533	0.007951	-0.873844	0.073684	0.480590	-0.089252	-0.995963	-0.009584	0.477944	-0.051269	0.876893
07351	4.950859	-0.078356	9.057882	0.014575	-0.004441	0.004190	-0.873816	0.073664	0.480644	-0.089190	-0.995969	-0.009505	0.478006	-0.051175	0.876864
07352	4.926161	-0.119376	9.064581	0.003493	0.007235	0.002494	-0.873844	0.073665	0.480594	-0.089195	-0.995969	-0.009519	0.477956	-0.051184	0.876891
07353	4.941560	-0.130326	9.050086	0.013819	-0.000624	0.003364	-0.873833	0.073656	0.480615	-0.089144	-0.995974	-0.009442	0.477984	-0.051095	0.876881
07354	4.948654	-0.050113	9.035571	0.008158	-0.000092	0.001835	-0.873826	0.073662	0.480627	-0.089135	-0.995975	-0.009411	0.478000	-0.051064	0.876874
07355	4.900927	-0.139155	9.015045	0.009242	0.004297	0.003933	-0.873839	0.073650	0.480605	-0.089102	-0.995978	-0.009377	0.477981	-0.051017	0.876887
07356	4.941272	-0.128068	9.050275	0.009484	-0.001637	0.000132	-0.873822	0.073676	0.480632	-0.089104	-0.995979	-0.009325	0.478012	-0.050975	0.876873
07357	4.916657	-0.148337	9.000404	0.025855	-0.001668	-0.003358	-0.873801	0.073733	0.480662	-0.089055	-0.995985	-0.009111	0.478060	-0.050766	0.876859
07358	4.936378	-0.065484	9.038921	0.023362	-0.002109	-0.003664	-0.873778	0.073793	0.480694	-0.089022	-0.995990	-0.008920	0.478108	-0.050587	0.876843
07359	4.924134	-0.084646	9.042242	0.011897	0.001206	0.000526	-0.873774	0.073813	0.480699	-0.089005	-0.995992	-0.008847	0.478119	-0.050515	0.876841
07360	4.918879	-0.169117	9.022835	0.010952	-0.005436	-0.008818	-0.873730	0.073925	0.480761	-0.089078	-0.995986	-0.008740	0.478186	-0.050461	0.876808
07361	4.958288	-0.130816	9.035022	0.021199	-0.010893	-0.007857	-0.873660	0.074022	0.480873	-0.089090	-0.995987	-0.008544	0.478311	-0.050306	0.876749
07362	4.926067	-0.079356	9.041237	0.017448	-0.010915	-0.010084	-0.873588	0.074149	0.480984	-0.089148	-0.995983	-0.008373	0.478431	-0.050194	0.876689
07363	4.916405	-0.104612	9.010157	0.014953	-0.011356	-0.010390	-0.873514	0.074272	0.481100	-0.089212	-0.995979	-0.008221	0.478555	-0.050101	0.876627
07364	4.825023	-0.183500	9.055502	0.017784	-0.019262	-0.013969	-0.873399	0.074430	0.481284	-0.089299	-0.995973	-0.008028	0.478749	-0.049989	0.876528
07365	4.907592	-0.140122	9.068306	0.027333	-0.020755	-0.020999	-0.873270	0.074653	0.481483	-0.089396	-0.995966	-0.007716	0.478965	-0.049780	0.876421
07366	4.849633	-0.228423	8.993699	0.009202	-0.023705	-0.020514	-0.873129	0.074866	0.481706	-0.089573	-0.995951	-0.007568	0.479189	-0.049756	0.876300
07367	4.975545	-0.180618	9.006953	0.039554	-0.044610	-0.022353	-0.872884	0.075091	0.482114	-0.089623	-0.995950	-0.007142	0.479625	-0.049443	0.876079
07368	4.982741	-0.084459	9.058211	0.021440	-0.029584	-0.027414	-0.872708	0.075378	0.482389	-0.089810	-0.995935	-0.006853	0.479912	-0.049304	0.875930
07369	4.967856	-0.023484	8.992120	0.033647	-0.036878	-0.023622	-0.872499	0.075620	0.482729	-0.089899	-0.995930	-0.006472	0.480275	-0.049044	0.875746
07370	5.011120	-0.009849	9.025646	0.009884	-0.023868	-0.023129	-0.872352	0.075868	0.482956	-0.090104	-0.995912	-0.006304	0.480503	-0.049016	0.875622
07371	4.887009	-0.164677	9.013344	0.003491	-0.022071	-0.018409	-0.872219	0.076065	0.483166	-0.090293	-0.995896	-0.006213	0.480710	-0.049046	0.875507
07372	4.814171	-0.262353	9.009889	0.005173	-0.031979	-0.023991	-0.872034	0.076308	0.483461	-0.090518	-0.995876	-0.006084	0.481003	-0.049068	0.875345
07373	4.873463	-0.097124	8.979571	0.023973	-0.045884	-0.025097	-0.871779	0.076560	0.483879	-0.090666	-0.995865	-0.005782	0.481436	-0.048912	0.875116
07374	4.984376	-0.038529	9.006711	-0.002702	-0.039131	-0.026066	-0.871558	0.076828	0.484235	-0.090956	-0.995839	-0.005710	0.481782	-0.049020	0.874919
07375	4.971985	-0.005578	8.962808	0.014496	-0.044263	-0.025220	-0.871311	0.077083	0.484639	-0.091151	-0.995822	-0.005489	0.482191	-0.048958	0.874697
