// General information: 
//  MT Manager version: 2022.2.0 
//  XDA version: 2022.2.0 build 7381 rev 124627 built on 2023-07-19
// Device information: 
//  DeviceId: 00B4CB9F
//  ProductCode: MTW2-3A7G6
//  Firmware Version: 4.6.0
//  Hardware Version: 2.0.0
// Device settings: 
//  Filter Profile: human(46.1)
//  Option Flags: Orientation Smoother Disabled, Position/Velocity Smoother Disabled, Continuous Zero Rotation Update Disabled, AHS Disabled, ICC Disabled
// Coordinate system: ENU
PacketCounter	Acc_X	Acc_Y	Acc_Z	Gyr_X	Gyr_Y	Gyr_Z	Mat[1][1]	Mat[2][1]	Mat[3][1]	Mat[1][2]	Mat[2][2]	Mat[3][2]	Mat[1][3]	Mat[2][3]	Mat[3][3]
59495	9.839396	0.170760	-0.453876	0.019839	-0.083171	-0.033364	-0.038100	-0.047065	0.998165	-0.239370	0.970238	0.036611	-0.970180	-0.237536	-0.048232
59496	9.789993	0.274870	-0.367656	0.040212	-0.085968	-0.041466	-0.038883	-0.047654	0.998107	-0.239769	0.970126	0.036978	-0.970051	-0.237877	-0.049147
59497	9.845153	0.327308	-0.487489	0.041789	-0.084136	-0.035514	-0.039892	-0.048205	0.998041	-0.240021	0.970052	0.037260	-0.969948	-0.238064	-0.050267
59498	9.712544	0.452629	-0.631433	0.032438	-0.090925	-0.030872	-0.040748	-0.048704	0.997982	-0.240340	0.969963	0.037524	-0.969833	-0.238326	-0.051230
59499	9.731859	0.487228	-0.600637	0.010827	-0.092204	-0.034760	-0.041590	-0.049266	0.997919	-0.240448	0.969923	0.037863	-0.969771	-0.238373	-0.052185
59500	9.753648	0.500360	-0.657906	-0.013167	-0.081313	-0.040598	-0.042329	-0.049837	0.997860	-0.240330	0.969937	0.038248	-0.969768	-0.238197	-0.053034
59501	9.722509	0.433713	-0.668659	-0.014514	-0.072381	-0.044368	-0.043091	-0.050485	0.997795	-0.240259	0.969937	0.038700	-0.969752	-0.238061	-0.053925
59502	9.765989	0.381879	-0.591719	-0.005172	-0.042212	-0.047688	-0.043434	-0.051032	0.997752	-0.240222	0.969928	0.039151	-0.969746	-0.237982	-0.054387
59503	9.745409	0.345844	-0.612337	0.014345	-0.027065	-0.054457	-0.043707	-0.051619	0.997710	-0.240368	0.969872	0.039649	-0.969697	-0.238085	-0.054798
59504	9.801529	0.283689	-0.590154	0.036634	-0.028497	-0.054544	-0.043902	-0.052200	0.997671	-0.240741	0.969759	0.040146	-0.969596	-0.238418	-0.055141
59505	9.845869	0.298012	-0.668497	0.061876	-0.031817	-0.048380	-0.044174	-0.052731	0.997631	-0.241434	0.969569	0.040557	-0.969411	-0.239071	-0.055561
59506	9.821234	0.389513	-0.715999	0.068258	-0.059509	-0.035051	-0.044715	-0.053197	0.997582	-0.242105	0.969390	0.040842	-0.969219	-0.239693	-0.056226
59507	9.810642	0.408800	-0.822181	0.068898	-0.086916	-0.022535	-0.045574	-0.053591	0.997522	-0.242779	0.969216	0.040978	-0.969011	-0.240310	-0.057182
59508	9.763216	0.478759	-0.803219	0.054586	-0.104841	-0.007477	-0.046621	-0.053899	0.997457	-0.243305	0.969083	0.040994	-0.968829	-0.240775	-0.058293
59509	9.730050	0.430191	-0.728810	0.048096	-0.119135	-0.002148	-0.047819	-0.054184	0.997385	-0.243676	0.968991	0.040958	-0.968677	-0.241080	-0.059539
59510	9.751575	0.392526	-0.676392	0.054059	-0.109935	0.001688	-0.048937	-0.054416	0.997318	-0.244192	0.968865	0.040882	-0.968491	-0.241537	-0.060702
59511	9.718521	0.380930	-0.691540	0.071020	-0.102507	-0.003199	-0.049921	-0.054711	0.997254	-0.244967	0.968669	0.040880	-0.968245	-0.242253	-0.061759
59512	9.792669	0.414801	-0.661402	0.078229	-0.094872	-0.009871	-0.050864	-0.055021	0.997189	-0.245723	0.968477	0.040903	-0.968005	-0.242951	-0.062781
59513	9.893411	0.602920	-0.540131	0.088088	-0.060932	-0.021608	-0.051390	-0.055378	0.997142	-0.246653	0.968234	0.041061	-0.967740	-0.243838	-0.063417
59514	9.730566	0.603880	-0.703765	0.076692	-0.048273	-0.021965	-0.051852	-0.055693	0.997101	-0.247400	0.968037	0.041204	-0.967525	-0.244546	-0.063973
59515	9.730094	0.605330	-0.709014	0.047223	-0.051911	-0.016834	-0.052362	-0.056003	0.997057	-0.247844	0.967917	0.041351	-0.967384	-0.244950	-0.064562
59516	9.750369	0.619893	-0.629028	0.035555	-0.035712	-0.011997	-0.052727	-0.056192	0.997027	-0.248189	0.967826	0.041421	-0.967276	-0.245267	-0.064976
59517	9.794386	0.611258	-0.662928	0.020557	-0.030106	-0.006835	-0.053182	-0.056277	0.996998	-0.248277	0.967805	0.041385	-0.967228	-0.245331	-0.065442
59518	9.818904	0.524042	-0.622266	0.004524	-0.019958	-0.000738	-0.053422	-0.056317	0.996983	-0.248315	0.967796	0.041363	-0.967205	-0.245356	-0.065686
59519	9.853141	0.484547	-0.640156	-0.007904	-0.013121	0.006797	-0.053704	-0.056289	0.996969	-0.248166	0.967838	0.041277	-0.967228	-0.245197	-0.065946
59520	9.769997	0.378354	-0.710329	-0.009891	-0.018307	0.018249	-0.053976	-0.056142	0.996963	-0.248055	0.967875	0.041074	-0.967241	-0.245084	-0.066168
59521	9.771498	0.344066	-0.778920	-0.019545	-0.038852	0.030427	-0.054477	-0.055935	0.996947	-0.247808	0.967951	0.040767	-0.967276	-0.244831	-0.066592
59522	9.803420	0.361603	-0.801498	-0.022447	-0.051254	0.033763	-0.055106	-0.055718	0.996925	-0.247567	0.968027	0.040418	-0.967302	-0.244578	-0.067138
59523	9.782417	0.335791	-0.868719	-0.025364	-0.059766	0.034487	-0.055848	-0.055565	0.996892	-0.247371	0.968091	0.040102	-0.967310	-0.244363	-0.067811
59524	9.781971	0.332933	-0.874816	-0.029474	-0.066766	0.028814	-0.056614	-0.055434	0.996856	-0.247064	0.968181	0.039808	-0.967344	-0.244034	-0.068509
59525	9.815909	0.282058	-0.875028	-0.020889	-0.065471	0.024167	-0.057350	-0.055353	0.996818	-0.246877	0.968239	0.039562	-0.967348	-0.243822	-0.069194
59526	9.816799	0.224493	-0.745411	-0.009381	-0.055666	0.018794	-0.057985	-0.055291	0.996785	-0.246770	0.968275	0.039355	-0.967338	-0.243694	-0.069789
59527	9.883486	0.176571	-0.717337	0.008883	-0.044199	0.008917	-0.058549	-0.055267	0.996754	-0.246734	0.968290	0.039195	-0.967313	-0.243638	-0.070329
59528	9.925294	0.226095	-0.753852	0.024363	-0.034320	0.004485	-0.058942	-0.055292	0.996729	-0.246961	0.968236	0.039107	-0.967231	-0.243848	-0.070725
59529	9.795077	0.199070	-0.818868	0.042818	-0.022423	0.003676	-0.059202	-0.055325	0.996712	-0.247445	0.968115	0.039040	-0.967092	-0.244320	-0.071005
59530	9.824494	0.283229	-0.707414	0.060706	-0.014351	-0.005733	-0.059377	-0.055401	0.996697	-0.248030	0.967966	0.039028	-0.966931	-0.244893	-0.071216
59531	9.809117	0.417461	-0.811669	0.038417	-0.016652	0.030908	-0.059687	-0.055048	0.996698	-0.248319	0.967910	0.038587	-0.966838	-0.245196	-0.071441
59532	9.715076	0.616674	-0.914495	0.020948	-0.025227	0.042461	-0.060086	-0.054683	0.996694	-0.248490	0.967884	0.038122	-0.966769	-0.245378	-0.071745
59533	9.707509	0.517839	-1.035163	-0.024957	-0.043230	0.059181	-0.060743	-0.054189	0.996681	-0.248153	0.967995	0.037505	-0.966815	-0.245051	-0.072246
59534	9.738837	0.550714	-1.104252	-0.052609	-0.073576	0.072623	-0.061684	-0.053651	0.996653	-0.247594	0.968165	0.036793	-0.966898	-0.244496	-0.073004
59535	9.476963	0.519523	-1.012596	-0.059963	-0.072573	0.064187	-0.062666	-0.053221	0.996615	-0.246901	0.968365	0.036188	-0.967012	-0.243798	-0.073824
59536	9.854632	0.294493	-1.089542	-0.053095	-0.109092	0.058977	-0.063917	-0.052900	0.996552	-0.246345	0.968528	0.035613	-0.967072	-0.243220	-0.074937
59537	9.888466	0.221760	-1.049504	-0.065886	-0.119056	0.066694	-0.065263	-0.052511	0.996485	-0.245714	0.968712	0.034955	-0.967143	-0.242569	-0.076124
59538	9.824572	0.124514	-1.045138	-0.052822	-0.123436	0.068581	-0.066675	-0.052130	0.996412	-0.245152	0.968878	0.034285	-0.967189	-0.241987	-0.077380
59539	9.860761	-0.027471	-0.959365	-0.031824	-0.123794	0.069716	-0.068114	-0.051780	0.996333	-0.244875	0.968972	0.033617	-0.967159	-0.241687	-0.078680
59540	9.946941	-0.031902	-0.945492	0.000464	-0.128118	0.089757	-0.069623	-0.051204	0.996258	-0.244812	0.969019	0.032696	-0.967068	-0.241620	-0.080001
59541	9.792806	-0.034751	-0.926154	0.044387	-0.123595	0.097394	-0.071137	-0.050577	0.996183	-0.245170	0.968962	0.031688	-0.966867	-0.241980	-0.081329
59542	9.825417	-0.061668	-0.866056	0.088811	-0.112729	0.094960	-0.072510	-0.049916	0.996118	-0.245955	0.968797	0.030643	-0.966565	-0.242779	-0.082525
59543	9.844717	0.010689	-0.816197	0.120559	-0.088909	0.086693	-0.073607	-0.049232	0.996071	-0.246988	0.968566	0.029621	-0.966219	-0.243837	-0.083453
59544	9.611008	0.122846	-0.901366	0.146883	-0.060101	0.076281	-0.074427	-0.048626	0.996040	-0.248345	0.968246	0.028712	-0.965808	-0.245225	-0.084140
59545	9.638422	0.250462	-1.064412	0.161557	-0.071542	0.048528	-0.075402	-0.048326	0.995982	-0.249675	0.967923	0.028062	-0.965389	-0.246556	-0.085049
59546	9.849310	0.506845	-1.128367	0.151314	-0.082935	0.043534	-0.076362	-0.048095	0.995920	-0.251098	0.967572	0.027473	-0.964945	-0.247975	-0.085962
59547	9.807953	0.774440	-1.263363	0.114007	-0.091693	0.050644	-0.077479	-0.047778	0.995849	-0.252040	0.967346	0.026801	-0.964610	-0.248917	-0.086991
59548	9.622109	0.691140	-1.353783	0.047169	-0.115632	0.054197	-0.078782	-0.047527	0.995758	-0.252448	0.967256	0.026194	-0.964398	-0.249313	-0.088200
59549	9.571283	0.486994	-1.313372	0.000047	-0.139762	0.053300	-0.080358	-0.047351	0.995641	-0.252417	0.967279	0.025630	-0.964276	-0.249257	-0.089681
59550	9.618972	0.297822	-1.218426	-0.023180	-0.153217	0.050911	-0.082014	-0.047226	0.995512	-0.252147	0.967363	0.025117	-0.964207	-0.248955	-0.091246
59551	9.610316	0.135034	-1.191831	-0.033977	-0.164446	0.051656	-0.083769	-0.047149	0.995369	-0.251719	0.967487	0.024644	-0.964168	-0.248489	-0.092914
59552	9.124991	-0.195692	-1.141349	-0.021955	-0.149348	0.029094	-0.085333	-0.047224	0.995233	-0.251478	0.967557	0.024348	-0.964094	-0.248201	-0.094440
59553	9.840290	-0.251011	-0.855309	0.025140	-0.164930	0.013302	-0.086981	-0.047436	0.995080	-0.251692	0.967507	0.024121	-0.963891	-0.248356	-0.096094
59554	10.012902	-0.095719	-0.759307	0.043177	-0.138616	0.025187	-0.088431	-0.047523	0.994948	-0.252081	0.967413	0.023803	-0.963657	-0.248702	-0.097528
59555	9.942344	0.109051	-0.765038	0.059042	-0.115312	0.037729	-0.089700	-0.047430	0.994839	-0.252537	0.967306	0.023347	-0.963420	-0.249139	-0.098745
59556	9.910144	0.168004	-0.669501	0.073791	-0.080585	0.038955	-0.090626	-0.047239	0.994764	-0.253207	0.967142	0.022860	-0.963158	-0.249810	-0.099609
59557	9.856914	0.186408	-0.586641	0.092816	-0.052929	0.030675	-0.091276	-0.047150	0.994709	-0.254179	0.966895	0.022508	-0.962841	-0.250779	-0.100239
59558	9.846295	0.204016	-0.555571	0.104180	-0.024904	0.029668	-0.091642	-0.046911	0.994686	-0.255149	0.966649	0.022082	-0.962549	-0.251770	-0.100555
59559	9.878185	0.220684	-0.576538	0.111247	-0.001281	0.021310	-0.091697	-0.046675	0.994692	-0.256255	0.966365	0.021723	-0.962250	-0.252903	-0.100573
59560	9.886124	0.274641	-0.658090	0.124678	0.034947	0.016059	-0.091452	-0.046417	0.994727	-0.257434	0.966059	0.021411	-0.961958	-0.254119	-0.100298
59561	9.795711	0.212705	-0.832844	0.125906	0.041213	0.017179	-0.091239	-0.046122	0.994760	-0.258448	0.965795	0.021075	-0.961707	-0.255171	-0.100039
59562	9.756665	0.237808	-1.079916	0.111480	0.029479	0.019237	-0.091056	-0.045847	0.994790	-0.259497	0.965521	0.020746	-0.961442	-0.256256	-0.099814
59563	9.708475	0.265994	-1.248822	0.069380	-0.004247	0.022197	-0.091174	-0.045639	0.994789	-0.260149	0.965352	0.020445	-0.961254	-0.256929	-0.099888
59564	9.573810	0.222606	-1.419703	0.041852	-0.031439	0.026648	-0.091596	-0.045449	0.994759	-0.260522	0.965258	0.020112	-0.961113	-0.257315	-0.100254
59565	9.582494	0.165362	-1.524989	-0.000100	-0.071313	0.026220	-0.092483	-0.045321	0.994682	-0.260272	0.965333	0.019784	-0.961096	-0.257058	-0.101073
59566	9.571985	0.032201	-1.557450	-0.031869	-0.088162	0.022721	-0.093440	-0.045314	0.994593	-0.259940	0.965427	0.019565	-0.961093	-0.256706	-0.101989
59567	9.628087	-0.003887	-1.477221	-0.026450	-0.103757	0.015013	-0.094557	-0.045437	0.994482	-0.259613	0.965517	0.019429	-0.961072	-0.256343	-0.103092
59568	9.663480	-0.089027	-1.390168	-0.006369	-0.096466	-0.000601	-0.095533	-0.045676	0.994378	-0.259548	0.965535	0.019415	-0.960994	-0.256233	-0.104096
59569	9.700741	-0.191080	-1.257220	0.014660	-0.092767	-0.010189	-0.096388	-0.045991	0.994281	-0.259783	0.965471	0.019474	-0.960844	-0.256420	-0.105007
59570	9.791634	-0.181221	-1.107419	0.054418	-0.070352	-0.016332	-0.097071	-0.046315	0.994199	-0.260317	0.965325	0.019553	-0.960631	-0.256909	-0.105762
59571	9.804879	-0.144171	-0.994789	0.094720	-0.050716	-0.026421	-0.097692	-0.046673	0.994122	-0.261027	0.965131	0.019661	-0.960376	-0.257571	-0.106468
59572	9.839194	-0.056674	-0.887614	0.129546	-0.027662	-0.029921	-0.097930	-0.047019	0.994082	-0.262295	0.964785	0.019794	-0.960006	-0.258804	-0.106814
59573	9.936812	0.028488	-0.860407	0.169307	-0.002676	-0.037882	-0.097893	-0.047383	0.994068	-0.263983	0.964321	0.019969	-0.959547	-0.260462	-0.106909
59574	9.916061	0.124809	-0.770263	0.187259	0.016999	-0.038725	-0.097679	-0.047699	0.994074	-0.265812	0.963815	0.020128	-0.959063	-0.262271	-0.106823
59575	9.905910	0.148766	-0.733642	0.197980	0.023433	-0.038163	-0.097476	-0.047999	0.994080	-0.267631	0.963308	0.020270	-0.958578	-0.264070	-0.106746
59576	9.929417	0.267969	-0.609067	0.194344	0.029043	-0.033505	-0.097159	-0.048232	0.994100	-0.269521	0.962779	0.020370	-0.958081	-0.265952	-0.106542
59577	9.990158	0.303587	-0.385486	0.164760	0.060165	-0.024968	-0.096595	-0.048275	0.994152	-0.271126	0.962328	0.020386	-0.957685	-0.267572	-0.106045
59578	9.758470	0.263616	-0.490588	0.124652	0.079654	-0.013431	-0.095847	-0.048178	0.994229	-0.272328	0.961989	0.020362	-0.957419	-0.268805	-0.105324
59579	9.617085	0.383542	-0.774174	0.077597	0.041462	-0.003940	-0.095488	-0.048026	0.994271	-0.273041	0.961790	0.020235	-0.957252	-0.269544	-0.104952
59580	9.498684	0.526734	-1.001899	0.040422	-0.012794	0.000972	-0.095664	-0.048038	0.994254	-0.273422	0.961683	0.020157	-0.957125	-0.269923	-0.105133
59581	9.550015	0.510736	-1.117593	0.003045	-0.059298	0.000533	-0.096280	-0.048188	0.994187	-0.273441	0.961678	0.020131	-0.957058	-0.269914	-0.105767
59582	9.707136	0.348487	-1.060843	-0.036256	-0.084214	-0.004938	-0.097124	-0.048449	0.994092	-0.273095	0.961775	0.020193	-0.957072	-0.269520	-0.106642
59583	9.754700	0.142620	-1.043729	-0.063094	-0.072238	-0.012452	-0.097910	-0.048732	0.994001	-0.272380	0.961975	0.020333	-0.957195	-0.268755	-0.107460
59584	9.800795	0.048436	-1.010028	-0.080447	-0.061373	-0.019592	-0.098495	-0.049072	0.993927	-0.271625	0.962183	0.020588	-0.957350	-0.267947	-0.108100
59585	9.871329	-0.029851	-0.891382	-0.077181	-0.033439	-0.022674	-0.098853	-0.049389	0.993876	-0.270800	0.962409	0.020891	-0.957547	-0.267077	-0.108511
59586	9.839850	-0.097428	-0.892243	-0.068382	0.004234	-0.024347	-0.098798	-0.049599	0.993871	-0.270165	0.962581	0.021181	-0.957732	-0.266417	-0.108501
59587	9.783637	-0.078339	-0.935071	-0.054419	0.018734	-0.022595	-0.098621	-0.049728	0.993882	-0.269656	0.962719	0.021412	-0.957893	-0.265894	-0.108354
59588	9.781233	0.043455	-0.939540	-0.053381	0.028635	-0.016376	-0.098354	-0.049797	0.993905	-0.269156	0.962854	0.021606	-0.958061	-0.265391	-0.108103
59589	9.698757	0.114934	-1.090869	-0.049725	0.011816	-0.015114	-0.098274	-0.049898	0.993908	-0.268632	0.962996	0.021785	-0.958217	-0.264855	-0.108041
59590	9.671973	0.221123	-1.180503	-0.046456	-0.007101	-0.014210	-0.098355	-0.050041	0.993892	-0.268197	0.963114	0.021951	-0.958330	-0.264400	-0.108148
59591	9.629285	0.183002	-1.169388	-0.040124	-0.022410	-0.018476	-0.098574	-0.050274	0.993859	-0.267755	0.963232	0.022168	-0.958431	-0.263925	-0.108411
59592	9.623153	0.163374	-1.022974	-0.028253	-0.027981	-0.021328	-0.098837	-0.050540	0.993819	-0.267501	0.963298	0.022385	-0.958475	-0.263635	-0.108729
59593	9.636758	0.109513	-0.969133	-0.016210	-0.023685	-0.029167	-0.099058	-0.050832	0.993783	-0.267290	0.963350	0.022632	-0.958511	-0.263387	-0.109014
59594	9.725968	0.056542	-0.944444	-0.005702	-0.027785	-0.038429	-0.099273	-0.051262	0.993739	-0.267270	0.963347	0.022994	-0.958495	-0.263314	-0.109335
59595	9.795189	-0.004141	-0.869275	-0.003847	-0.016274	-0.029711	-0.099376	-0.051560	0.993713	-0.267247	0.963347	0.023259	-0.958490	-0.263256	-0.109513
59596	9.839362	0.021462	-0.837184	0.006105	-0.004387	-0.027054	-0.099397	-0.051819	0.993698	-0.267329	0.963319	0.023495	-0.958465	-0.263309	-0.109604
59597	9.770778	0.079139	-0.891897	0.005934	0.000509	-0.022783	-0.099371	-0.052069	0.993687	-0.267476	0.963272	0.023727	-0.958427	-0.263430	-0.109648
59598	9.719001	0.128219	-1.107699	-0.000947	-0.009344	-0.021884	-0.099453	-0.052291	0.993667	-0.267485	0.963265	0.023919	-0.958416	-0.263412	-0.109787
59599	9.735460	0.215536	-1.208432	-0.010257	-0.026623	-0.026673	-0.099657	-0.052543	0.993634	-0.267433	0.963275	0.024115	-0.958409	-0.263327	-0.110049
59600	9.663552	0.206609	-1.397081	-0.040766	-0.055911	-0.025558	-0.100176	-0.052923	0.993561	-0.267064	0.963370	0.024388	-0.958458	-0.262901	-0.110640
59601	9.750332	0.171524	-1.421554	-0.063658	-0.068284	-0.034233	-0.100875	-0.053416	0.993464	-0.266359	0.963556	0.024762	-0.958581	-0.262121	-0.111426
59602	9.786864	0.143338	-1.311294	-0.066837	-0.065157	-0.041336	-0.101441	-0.053971	0.993377	-0.265757	0.963710	0.025221	-0.958688	-0.261438	-0.112103
59603	9.770126	0.105393	-1.175649	-0.065446	-0.051585	-0.043459	-0.101958	-0.054500	0.993295	-0.265001	0.963906	0.025686	-0.958842	-0.260606	-0.112721
59604	9.794548	0.074616	-1.116266	-0.047531	-0.035410	-0.049537	-0.102218	-0.055057	0.993237	-0.264592	0.964004	0.026206	-0.958928	-0.260124	-0.113106
59605	9.761962	0.111015	-1.079849	-0.024303	-0.031523	-0.050310	-0.102463	-0.055596	0.993182	-0.264357	0.964055	0.026693	-0.958966	-0.259820	-0.113477
59606	9.786045	0.130743	-0.999337	-0.014224	-0.024799	-0.044104	-0.102636	-0.056072	0.993137	-0.264262	0.964070	0.027121	-0.958974	-0.259665	-0.113766
59607	9.849919	0.165749	-1.018642	-0.013571	-0.018297	-0.037336	-0.102763	-0.056355	0.993108	-0.264138	0.964096	0.027377	-0.958995	-0.259504	-0.113959
59608	9.804102	0.248252	-1.013793	-0.010135	-0.014155	-0.033428	-0.102862	-0.056700	0.993078	-0.264071	0.964105	0.027694	-0.959002	-0.259395	-0.114143
59609	9.754004	0.365373	-1.099880	-0.014520	-0.017901	-0.025946	-0.103066	-0.056869	0.993047	-0.263890	0.964151	0.027825	-0.959030	-0.259188	-0.114379
59610	9.653037	0.403384	-1.136507	-0.024612	-0.037109	-0.025402	-0.103407	-0.057196	0.992993	-0.263677	0.964202	0.028079	-0.959052	-0.258926	-0.114786
59611	9.673736	0.447558	-1.125381	-0.044924	-0.045987	-0.025693	-0.103714	-0.057573	0.992939	-0.263407	0.964267	0.028397	-0.959093	-0.258602	-0.115173
59612	9.624067	0.405512	-1.013425	-0.057755	-0.036606	-0.036650	-0.104020	-0.058007	0.992882	-0.262887	0.964397	0.028801	-0.959203	-0.258020	-0.115566
59613	9.610767	0.255720	-0.891850	-0.068010	-0.024986	-0.038358	-0.104216	-0.058315	0.992844	-0.262319	0.964542	0.029118	-0.959337	-0.257407	-0.115817
59614	9.627007	0.143880	-0.834475	-0.067262	-0.007016	-0.045252	-0.104216	-0.058755	0.992818	-0.261717	0.964690	0.029619	-0.959502	-0.256750	-0.115913
59615	9.677556	-0.058179	-0.812353	-0.057265	0.014791	-0.047548	-0.104018	-0.059103	0.992818	-0.261094	0.964845	0.030083	-0.959693	-0.256090	-0.115793
59616	9.733845	-0.153350	-0.851780	-0.042334	0.035681	-0.044704	-0.103610	-0.059429	0.992841	-0.260730	0.964928	0.030549	-0.959836	-0.255698	-0.115471
59617	9.793196	-0.166384	-1.041209	-0.025215	0.044529	-0.034075	-0.103164	-0.059618	0.992876	-0.260482	0.964985	0.030878	-0.959951	-0.255441	-0.115081
59618	9.747860	-0.067609	-1.312903	0.000395	0.030261	-0.030491	-0.102845	-0.059820	0.992897	-0.260513	0.964967	0.031153	-0.959977	-0.255459	-0.114826
59619	9.670058	0.061014	-1.546776	0.012541	0.003203	-0.020491	-0.102773	-0.060005	0.992893	-0.260674	0.964918	0.031333	-0.959941	-0.255601	-0.114809
59620	9.715986	0.177723	-1.688007	0.013816	-0.006258	-0.025684	-0.102817	-0.060255	0.992874	-0.260829	0.964869	0.031545	-0.959894	-0.255727	-0.114921
59621	9.784107	0.328060	-1.791109	-0.001448	0.009163	-0.042112	-0.102618	-0.060667	0.992869	-0.260893	0.964838	0.031990	-0.959898	-0.255750	-0.114837
59622	9.970971	0.304098	-1.493720	0.005517	0.057086	-0.078794	-0.101916	-0.061267	0.992905	-0.261023	0.964777	0.032739	-0.959938	-0.255834	-0.114318
59623	10.034379	0.101577	-1.151355	0.036971	0.110095	-0.111622	-0.100634	-0.061989	0.992990	-0.261473	0.964622	0.033720	-0.959950	-0.256247	-0.113283
59624	9.934413	-0.103820	-0.798725	0.076703	0.145566	-0.132412	-0.098941	-0.062879	0.993105	-0.262338	0.964344	0.034921	-0.959890	-0.257074	-0.111909
59625	9.784771	-0.202834	-0.505692	0.113904	0.152253	-0.140266	-0.097228	-0.063794	0.993216	-0.263514	0.963979	0.036120	-0.959743	-0.258214	-0.110536
59626	9.599839	-0.252931	-0.218492	0.151004	0.150366	-0.144016	-0.095455	-0.064778	0.993324	-0.265098	0.963497	0.037358	-0.959485	-0.259762	-0.109143
59627	9.775171	-0.330273	0.042997	0.157399	0.173576	-0.131135	-0.093468	-0.065450	0.993469	-0.266753	0.963002	0.038346	-0.959222	-0.261426	-0.107469
59628	10.048027	-0.457199	0.232716	0.161981	0.212175	-0.126598	-0.091145	-0.066098	0.993642	-0.268420	0.962496	0.039405	-0.958980	-0.263121	-0.105469
59629	10.578475	-0.598642	0.675228	0.169545	0.294740	-0.126662	-0.087998	-0.066520	0.993897	-0.270291	0.961929	0.040449	-0.958749	-0.265082	-0.102627
59630	10.888560	-0.562358	1.025066	0.214742	0.439895	-0.133366	-0.083470	-0.066617	0.994281	-0.272461	0.961270	0.041532	-0.958539	-0.267436	-0.098388
59631	10.915006	-0.290867	0.965603	0.272925	0.539619	-0.134188	-0.078017	-0.066352	0.994742	-0.275124	0.960469	0.042488	-0.958238	-0.270362	-0.093188
59632	10.070164	0.074292	0.633615	0.292515	0.593379	-0.145411	-0.071982	-0.066121	0.995212	-0.278033	0.959580	0.043644	-0.957871	-0.273560	-0.087456
59633	10.334906	0.639618	0.471657	0.272852	0.568449	-0.165173	-0.066116	-0.066058	0.995623	-0.280789	0.958716	0.044963	-0.957490	-0.276587	-0.081935
59634	9.974324	1.030220	0.202947	0.180908	0.568127	-0.199647	-0.060166	-0.066380	0.995979	-0.282645	0.958083	0.046781	-0.957336	-0.278694	-0.076406
59635	10.165961	1.290218	0.367483	0.074131	0.546988	-0.245234	-0.054288	-0.067175	0.996263	-0.283613	0.957680	0.049119	-0.957401	-0.279887	-0.071042
59636	10.338366	1.436119	0.570201	-0.025247	0.571950	-0.269863	-0.048098	-0.068144	0.996515	-0.283508	0.957570	0.051797	-0.957763	-0.280029	-0.065376
59637	10.504093	1.461646	0.735029	-0.119894	0.619974	-0.298617	-0.041374	-0.069230	0.996742	-0.282460	0.957713	0.054795	-0.958386	-0.279273	-0.059179
59638	10.317295	1.387055	1.157137	-0.201456	0.691848	-0.320347	-0.033890	-0.070358	0.996946	-0.280648	0.958052	0.058073	-0.959212	-0.277823	-0.052214
59639	10.499513	1.246544	1.616608	-0.250445	0.783397	-0.358623	-0.025452	-0.071634	0.997106	-0.278359	0.958490	0.061754	-0.960140	-0.275982	-0.044336
59640	10.667362	1.011067	2.133453	-0.265887	0.941903	-0.396715	-0.015357	-0.072833	0.997226	-0.275885	0.958936	0.065788	-0.961068	-0.274110	-0.034820
59641	11.294764	0.895198	2.728129	-0.183778	1.181172	-0.449823	-0.002803	-0.073856	0.997265	-0.274231	0.959094	0.070258	-0.961660	-0.273284	-0.022942
59642	11.583328	0.885504	3.262464	-0.007579	1.538932	-0.533817	0.013408	-0.074747	0.997112	-0.274131	0.958720	0.075555	-0.961599	-0.274352	-0.007636
59643	10.560722	1.120168	3.096848	0.202802	1.707227	-0.620833	0.031450	-0.075798	0.996627	-0.276060	0.957675	0.081546	-0.960626	-0.277694	0.009194
59644	8.267572	1.205509	2.124053	0.368899	1.339372	-0.613096	0.045957	-0.077901	0.995901	-0.279366	0.956173	0.087685	-0.959084	-0.282250	0.022180
59645	7.996450	1.887557	1.846692	0.490802	0.800347	-0.558945	0.055187	-0.080895	0.995194	-0.284019	0.954267	0.093318	-0.957229	-0.287803	0.029688
59646	9.088811	2.905244	2.407399	0.437044	0.536370	-0.518975	0.061749	-0.084274	0.994527	-0.287898	0.952572	0.098594	-0.955668	-0.292410	0.034559
59647	10.251911	3.587698	2.848256	0.157646	0.525781	-0.489067	0.068050	-0.087246	0.993860	-0.289190	0.951677	0.103344	-0.954850	-0.294447	0.039531
59648	10.560439	3.514325	2.841093	-0.238534	0.629903	-0.490182	0.075425	-0.090049	0.993077	-0.286564	0.951945	0.108084	-0.955088	-0.292732	0.045995
59649	10.452531	2.933848	2.403826	-0.521796	0.739820	-0.522783	0.083846	-0.092718	0.992156	-0.281270	0.952973	0.112826	-0.955959	-0.288523	0.053824
59650	10.572276	1.954951	1.557297	-0.736680	0.796817	-0.562135	0.092976	-0.095791	0.991050	-0.273729	0.954548	0.117943	-0.957302	-0.282245	0.062529
59651	11.428317	0.797982	0.863257	-0.856712	0.823679	-0.520073	0.102294	-0.098412	0.989874	-0.265290	0.956356	0.122495	-0.958727	-0.275134	0.071722
59652	12.489390	-0.024829	0.316215	-0.838206	0.868219	-0.415068	0.111655	-0.100012	0.988701	-0.256809	0.958223	0.125931	-0.959991	-0.267968	0.081306
59653	12.768836	-0.455049	-0.153602	-0.672699	0.933068	-0.271035	0.121247	-0.099968	0.987576	-0.250248	0.959701	0.127870	-0.960560	-0.262643	0.091344
59654	11.693765	-0.519679	-0.448849	-0.411076	0.945977	-0.157600	0.130672	-0.098995	0.986471	-0.246107	0.960620	0.129001	-0.960394	-0.259634	0.101163
59655	10.333796	-0.380565	-0.742413	-0.199565	0.869892	-0.077855	0.139107	-0.097376	0.985478	-0.244226	0.961041	0.129435	-0.959689	-0.258685	0.109906
59656	9.197710	0.040020	-1.236060	-0.090447	0.739161	-0.020570	0.146196	-0.095646	0.984621	-0.243335	0.961258	0.129507	-0.958861	-0.258526	0.117258
59657	8.261728	0.558495	-2.220507	-0.073465	0.607486	0.010632	0.152010	-0.093843	0.983914	-0.243047	0.961366	0.129243	-0.958030	-0.258783	0.123329
59658	7.741727	1.137347	-3.433527	-0.117280	0.441811	0.028480	0.156121	-0.092412	0.983405	-0.241974	0.961698	0.128787	-0.957640	-0.258065	0.127780
59659	7.568625	1.817542	-3.895027	-0.198736	0.305627	0.053924	0.158884	-0.091009	0.983094	-0.240463	0.962190	0.127936	-0.957566	-0.256725	0.130992
59660	7.402947	2.282915	-3.431642	-0.323862	0.279645	0.073877	0.161334	-0.089567	0.982827	-0.237487	0.963086	0.126752	-0.957900	-0.253858	0.134107
59661	7.300881	1.835363	-2.619744	-0.444652	0.341042	0.104991	0.164362	-0.087584	0.982504	-0.233658	0.964245	0.125044	-0.958326	-0.250122	0.138020
59662	6.561022	0.620333	-2.167582	-0.550929	0.396819	0.136810	0.167798	-0.085264	0.982127	-0.228611	0.965729	0.122899	-0.958948	-0.245147	0.142555
59663	6.432052	-0.850984	-1.872349	-0.581910	0.364645	0.161986	0.170903	-0.082729	0.981809	-0.223654	0.967200	0.120430	-0.959568	-0.240168	0.146795
59664	7.027055	-1.791246	-1.574075	-0.542961	0.353940	0.219068	0.173764	-0.079750	0.981553	-0.218828	0.968670	0.117443	-0.960167	-0.235199	0.150869
59665	7.740549	-2.348815	-1.293871	-0.433135	0.356226	0.318879	0.176314	-0.075744	0.981416	-0.215210	0.969947	0.113521	-0.960520	-0.231226	0.154714
59666	8.318822	-2.595492	-0.964623	-0.289364	0.368507	0.438878	0.178862	-0.070619	0.981337	-0.213218	0.970935	0.108732	-0.960493	-0.228687	0.158606
59667	9.001160	-2.632686	-0.307533	-0.110699	0.399672	0.544444	0.181530	-0.064317	0.981280	-0.213502	0.971480	0.103171	-0.959929	-0.228234	0.162621
59668	9.657513	-2.498384	0.447965	0.022915	0.467090	0.638397	0.184592	-0.057028	0.981159	-0.214899	0.971816	0.096916	-0.959033	-0.228740	0.167134
59669	10.231011	-2.284915	1.301525	0.105717	0.541583	0.706640	0.188188	-0.048800	0.980920	-0.217436	0.971910	0.090066	-0.957761	-0.230237	0.172291
59670	10.555873	-1.849445	2.359644	0.209605	0.588885	0.770436	0.192083	-0.039931	0.980566	-0.220916	0.971768	0.082848	-0.956190	-0.232537	0.177839
59671	10.440819	-0.753946	4.118106	0.334947	0.592698	0.807085	0.195836	-0.030590	0.980159	-0.225709	0.971272	0.075409	-0.954308	-0.235999	0.183306
59672	10.312616	1.045302	6.915693	0.423278	0.613836	0.784793	0.199843	-0.021491	0.979592	-0.231306	0.970468	0.068478	-0.952135	-0.240270	0.188970
59673	9.722568	2.392681	11.016612	0.420917	0.678544	0.698009	0.204605	-0.012917	0.978759	-0.236999	0.969508	0.062338	-0.949720	-0.244720	0.195305
59674	7.369713	3.420378	12.696352	0.518057	0.544254	0.587579	0.208305	-0.005861	0.978046	-0.243137	0.968281	0.057586	-0.947361	-0.249794	0.200273
59675	6.031554	4.629598	11.496491	0.493473	0.173064	0.536052	0.208595	-0.000065	0.978002	-0.249236	0.966979	0.053222	-0.945711	-0.254855	0.201691
59676	6.097559	6.190289	10.053331	0.144573	-0.063366	0.486843	0.206724	0.004498	0.978389	-0.251624	0.966598	0.048722	-0.945489	-0.256259	0.200951
59677	7.431720	6.301359	9.286968	-0.247400	-0.129857	0.410585	0.204449	0.008276	0.978842	-0.250334	0.967154	0.044109	-0.946326	-0.254055	0.199806
59678	9.548296	5.005067	9.043717	-0.400541	0.049588	0.328730	0.204049	0.011600	0.978892	-0.247224	0.968130	0.040061	-0.947230	-0.250180	0.200414
59679	9.015821	1.731539	6.032912	-0.178726	0.097179	0.311381	0.204226	0.014982	0.978809	-0.246382	0.968482	0.036583	-0.947411	-0.248632	0.201481
59680	7.855653	-0.221092	1.187977	0.309303	-0.204700	0.335564	0.201402	0.017736	0.979348	-0.250003	0.967652	0.033889	-0.947067	-0.251665	0.199321
59681	8.107401	0.757677	-2.616413	0.737551	-0.656248	0.269597	0.194518	0.018807	0.980719	-0.257778	0.965654	0.032610	-0.946421	-0.259151	0.192685
59682	8.790318	4.105394	-4.485999	1.018400	-0.881356	0.074033	0.185934	0.017210	0.982412	-0.267563	0.962948	0.033771	-0.945430	-0.269136	0.183649
59683	8.786007	6.405601	-4.860801	1.020754	-0.988046	-0.162907	0.177043	0.013019	0.984117	-0.277048	0.960138	0.037140	-0.944404	-0.279223	0.173593
59684	9.002351	6.064596	-3.819486	0.535784	-0.958146	-0.222787	0.168564	0.008197	0.985657	-0.281735	0.958649	0.040209	-0.944570	-0.284472	0.163903
59685	9.601703	5.093277	-1.538915	-0.218214	-0.715782	-0.130675	0.162165	0.004939	0.986751	-0.279517	0.959259	0.041135	-0.946347	-0.282484	0.156939
59686	9.902733	2.888343	0.394691	-0.945160	-0.498913	0.011738	0.157350	0.003682	0.987536	-0.270585	0.961884	0.039528	-0.949750	-0.273433	0.152349
59687	11.550653	0.839722	0.059251	-1.581021	-0.505608	0.316289	0.151699	0.005374	0.988412	-0.256012	0.966074	0.034040	-0.954696	-0.258209	0.147928
59688	11.677403	-2.080498	-1.889660	-1.840643	-0.840150	0.581640	0.142161	0.008929	0.989803	-0.239250	0.970620	0.025606	-0.960494	-0.240451	0.140121
59689	13.680394	-3.866168	-2.843863	-1.755276	-1.140070	0.757680	0.129408	0.013638	0.991498	-0.223328	0.974616	0.015743	-0.966115	-0.223466	0.129169
59690	14.279440	-4.298718	-3.236674	-1.418136	-1.196104	0.809461	0.116017	0.018967	0.993066	-0.210597	0.977555	0.005932	-0.970664	-0.209825	0.117407
59691	12.548047	-3.965973	-3.066792	-0.942550	-1.157684	0.858791	0.102961	0.025003	0.994371	-0.202376	0.979301	-0.003669	-0.973880	-0.200859	0.105890
59692	10.234068	-2.863052	-2.990423	-0.516798	-1.154126	0.872615	0.089909	0.031282	0.995459	-0.198188	0.980079	-0.012898	-0.976032	-0.196128	0.094318
59693	9.139520	-1.571034	-2.489438	-0.114382	-1.176570	0.835660	0.076729	0.037200	0.996358	-0.197822	0.980005	-0.021356	-0.977230	-0.195463	0.082554
59694	8.846439	-0.353633	-2.056870	0.224888	-1.209956	0.762310	0.063332	0.042308	0.997095	-0.200562	0.979257	-0.028812	-0.977632	-0.198155	0.070504
59695	9.011649	0.726237	-1.484041	0.422125	-1.184585	0.664627	0.050358	0.046447	0.997651	-0.204996	0.978130	-0.035191	-0.977466	-0.202742	0.058778
59696	9.373051	1.754252	-0.461592	0.491980	-1.099933	0.559868	0.038396	0.049681	0.998027	-0.210059	0.976848	-0.040545	-0.976935	-0.208088	0.047942
59697	9.310785	2.249102	0.668665	0.495404	-0.984348	0.437370	0.027822	0.051898	0.998265	-0.215094	0.975569	-0.044723	-0.976197	-0.213476	0.038306
59698	9.840774	1.900057	1.688189	0.407176	-0.868086	0.358391	0.018521	0.053540	0.998394	-0.219157	0.974499	-0.048193	-0.975514	-0.217912	0.029782
59699	9.781030	0.761595	2.122845	0.302668	-0.745159	0.292806	0.010569	0.054760	0.998444	-0.222163	0.973672	-0.051050	-0.974952	-0.221278	0.022456
59700	9.571275	-0.521568	2.438752	0.251515	-0.639943	0.231355	0.003762	0.055606	0.998446	-0.224637	0.972981	-0.053341	-0.974435	-0.224087	0.016152
59701	9.174810	-1.590386	2.625854	0.187076	-0.577893	0.199818	-0.002344	0.056257	0.998414	-0.226492	0.972440	-0.055325	-0.974010	-0.226263	0.010462
59702	9.028440	-2.392727	2.620442	0.144741	-0.534058	0.179075	-0.008004	0.056804	0.998353	-0.227898	0.972007	-0.057132	-0.973652	-0.227980	0.005166
59703	9.154267	-2.607733	2.101775	0.078798	-0.504639	0.168782	-0.013323	0.057306	0.998268	-0.228632	0.971733	-0.058834	-0.973422	-0.229020	0.000156
59704	9.452700	-2.419700	1.294635	0.001031	-0.482367	0.163849	-0.018445	0.057812	0.998157	-0.228621	0.971634	-0.060500	-0.973341	-0.229316	-0.004705
59705	9.738534	-1.905217	0.383678	-0.064842	-0.488972	0.173252	-0.023623	0.058408	0.998013	-0.228052	0.971656	-0.062264	-0.973362	-0.229070	-0.009634
59706	10.137325	-1.550911	-0.671460	-0.169579	-0.561506	0.187051	-0.029567	0.058962	0.997822	-0.226356	0.971931	-0.064139	-0.973596	-0.227760	-0.015390
59707	9.467673	-1.574955	-1.865619	-0.283995	-0.606057	0.162985	-0.035864	0.059208	0.997601	-0.223608	0.972459	-0.065754	-0.974019	-0.225430	-0.021637
59708	10.647594	-1.467337	-2.584022	-0.360430	-0.761863	0.133020	-0.043634	0.058815	0.997315	-0.220048	0.973184	-0.067020	-0.974513	-0.222381	-0.029522
59709	10.689972	-1.358457	-3.180089	-0.440449	-0.813672	0.153716	-0.051930	0.058555	0.996933	-0.215747	0.974047	-0.068450	-0.975067	-0.218640	-0.037950
59710	10.309156	-1.506104	-3.231865	-0.445676	-0.875746	0.156253	-0.060857	0.058200	0.996448	-0.211316	0.974919	-0.069848	-0.975521	-0.214816	-0.047032
59711	9.978771	-1.648138	-2.850140	-0.438073	-0.926620	0.154185	-0.070247	0.057775	0.995855	-0.207043	0.975737	-0.071212	-0.975807	-0.211188	-0.056580
59712	9.347513	-2.079764	-2.373188	-0.363980	-0.963676	0.106229	-0.079920	0.056811	0.995181	-0.203415	0.976436	-0.072077	-0.975825	-0.208195	-0.066481
59713	9.820637	-2.334328	-1.705103	-0.223182	-0.998119	0.061743	-0.089798	0.055399	0.994418	-0.201412	0.976812	-0.072606	-0.975382	-0.206807	-0.076558
59714	9.472575	-2.197528	-1.323532	-0.098552	-0.980053	0.047153	-0.099500	0.053855	0.993579	-0.200409	0.976987	-0.073025	-0.974647	-0.206388	-0.086417
59715	9.433558	-2.014696	-0.848362	0.013236	-0.968825	0.032069	-0.109056	0.052204	0.992664	-0.200530	0.976934	-0.073408	-0.973599	-0.207064	-0.096072
59716	9.689792	-1.833147	-0.364993	0.106479	-0.942598	0.028668	-0.118336	0.050546	0.991686	-0.201535	0.976695	-0.073830	-0.972307	-0.208597	-0.105391
59717	9.740894	-1.472225	-0.231628	0.176079	-0.903322	0.026616	-0.127183	0.048965	0.990670	-0.203487	0.976249	-0.074376	-0.970782	-0.211048	-0.114199
59718	9.939227	-1.051977	0.117546	0.198402	-0.870646	0.015187	-0.135711	0.047285	0.989619	-0.205394	0.975817	-0.074793	-0.969224	-0.213412	-0.122717
59719	9.692068	-0.804584	0.204249	0.182556	-0.813248	0.007800	-0.143636	0.045676	0.988576	-0.207303	0.975383	-0.075186	-0.967675	-0.215734	-0.130631
59720	9.481105	-0.727095	0.568950	0.128519	-0.763207	-0.027436	-0.151010	0.043776	0.987562	-0.208588	0.975114	-0.075119	-0.966275	-0.217337	-0.138121
59721	9.430774	-0.787086	0.954810	0.050104	-0.689217	-0.067383	-0.157541	0.041672	0.986633	-0.209434	0.974971	-0.074621	-0.965048	-0.218391	-0.144870
59722	9.542329	-0.766017	1.136597	-0.022699	-0.616244	-0.104496	-0.163317	0.039327	0.985789	-0.209384	0.975060	-0.073588	-0.964098	-0.218427	-0.151010
59723	9.919477	-0.672975	1.104168	-0.099511	-0.531406	-0.121561	-0.168212	0.037044	0.985054	-0.208785	0.975283	-0.072330	-0.963386	-0.217832	-0.156320
59724	9.911854	-0.682966	0.749830	-0.222734	-0.481243	-0.101842	-0.172687	0.035028	0.984354	-0.206815	0.975800	-0.071005	-0.963020	-0.215840	-0.161264
59725	9.712916	-0.672282	0.496523	-0.358958	-0.504274	-0.060360	-0.177442	0.033411	0.983564	-0.203625	0.976550	-0.069909	-0.962835	-0.212683	-0.166478
59726	9.385964	-0.705260	0.094118	-0.534424	-0.564683	-0.018107	-0.182894	0.032069	0.982610	-0.198513	0.977677	-0.068857	-0.962883	-0.207654	-0.172445
59727	8.296711	-1.147640	-0.701321	-0.677030	-0.645023	-0.035018	-0.189058	0.030451	0.981494	-0.192212	0.979036	-0.067399	-0.962970	-0.201398	-0.179242
59728	10.169089	-1.414264	-0.517149	-0.753449	-0.798297	-0.068482	-0.196666	0.028222	0.980064	-0.185090	0.980544	-0.065378	-0.962842	-0.194258	-0.187616
59729	10.298684	-1.530415	-1.117674	-0.850797	-0.806305	-0.044830	-0.204369	0.026299	0.978541	-0.177134	0.982143	-0.063390	-0.962734	-0.186288	-0.196061
59730	10.222838	-2.137036	-0.700807	-0.863419	-0.878442	-0.065475	-0.212761	0.024078	0.976808	-0.168960	0.983730	-0.061050	-0.962385	-0.178030	-0.205231
59731	10.089599	-2.636876	-0.013226	-0.845898	-0.882799	-0.082405	-0.221146	0.021795	0.974997	-0.161115	0.985196	-0.058567	-0.961840	-0.170039	-0.214360
59732	10.140736	-2.954454	0.613519	-0.739610	-0.865085	-0.135045	-0.229299	0.019047	0.973170	-0.154309	0.986453	-0.055665	-0.961047	-0.162932	-0.223254
59733	10.365250	-2.118906	1.116883	-0.572263	-0.736567	-0.185715	-0.236111	0.016099	0.971593	-0.149400	0.987373	-0.052667	-0.960173	-0.157591	-0.230724
59734	10.207151	-0.375919	1.814793	-0.446581	-0.587877	-0.244873	-0.241440	0.012790	0.970331	-0.145698	0.988101	-0.049278	-0.959416	-0.153273	-0.236704
59735	10.543397	0.995672	3.008889	-0.465705	-0.409647	-0.311152	-0.244929	0.009160	0.969498	-0.142167	0.988808	-0.045259	-0.959061	-0.148915	-0.240886
59736	11.300683	1.903869	3.929192	-0.659082	-0.184370	-0.341418	-0.246270	0.005538	0.969185	-0.136683	0.989791	-0.040387	-0.959515	-0.142417	-0.242999
59737	10.590780	1.751962	3.772305	-0.996174	-0.081775	-0.340299	-0.246603	0.002114	0.969114	-0.128113	0.991150	-0.034762	-0.960611	-0.132729	-0.244150
59738	11.166184	1.482467	3.324118	-1.298381	-0.082210	-0.313647	-0.247057	-0.001075	0.969000	-0.116406	0.992790	-0.028578	-0.961984	-0.119858	-0.245401
59739	11.105191	1.705241	1.678903	-1.475111	-0.113277	-0.332938	-0.247767	-0.004455	0.968810	-0.103189	0.994422	-0.021817	-0.963309	-0.105376	-0.246844
59740	11.557423	2.108201	0.268121	-1.623753	-0.190053	-0.415957	-0.249246	-0.008753	0.968401	-0.088572	0.995974	-0.013795	-0.964381	-0.089211	-0.249018
59741	12.599818	2.161179	0.092095	-1.778543	-0.096390	-0.547890	-0.249710	-0.014241	0.968216	-0.072922	0.997329	-0.004138	-0.965571	-0.071637	-0.250082
59742	13.405940	1.545658	0.756520	-1.944069	0.158940	-0.675106	-0.247785	-0.020850	0.968591	-0.055813	0.998415	0.007214	-0.967206	-0.052273	-0.248556
59743	13.789169	0.698673	1.740739	-1.938379	0.495251	-0.777073	-0.242588	-0.028353	0.969715	-0.039086	0.999047	0.019433	-0.969342	-0.033188	-0.243465
59744	13.834190	0.244933	2.333780	-1.676501	0.836702	-0.827129	-0.234247	-0.036378	0.971496	-0.024786	0.999198	0.031438	-0.971861	-0.016715	-0.234961
59745	12.821161	0.556167	1.732023	-1.213147	0.985061	-0.804625	-0.224454	-0.044260	0.973479	-0.014971	0.999007	0.041968	-0.974370	-0.005154	-0.224894
59746	13.150294	1.266031	1.286292	-0.744774	0.939442	-0.783773	-0.215240	-0.052041	0.975174	-0.009430	0.998643	0.051212	-0.976516	0.001826	-0.215438
59747	13.748495	1.698106	1.142802	-0.553700	1.006987	-0.822053	-0.205274	-0.060239	0.976849	-0.005894	0.998162	0.060315	-0.978687	0.006624	-0.205252
59748	14.507115	1.013820	1.844651	-0.641652	1.193653	-0.874743	-0.193590	-0.069048	0.978650	-0.001353	0.997538	0.070113	-0.981082	0.012249	-0.193207
59749	14.227444	-0.716757	2.651358	-0.885763	1.472756	-0.907704	-0.179070	-0.078282	0.980717	0.005509	0.996734	0.080566	-0.983821	0.019830	-0.178054
59750	13.231267	-2.403758	2.084361	-1.003962	1.770911	-0.930683	-0.161755	-0.087948	0.982904	0.013812	0.995721	0.091367	-0.986734	0.028355	-0.159849
59751	11.862323	-3.969169	0.766864	-0.858751	1.991236	-0.870304	-0.142143	-0.097168	0.985065	0.020797	0.994657	0.101115	-0.989628	0.034859	-0.139362
59752	10.728277	-4.592551	-0.205694	-0.429878	2.031869	-0.743120	-0.122218	-0.105254	0.986906	0.024069	0.993754	0.108965	-0.992211	0.037072	-0.118921
59753	10.612240	-4.291608	-0.956789	0.087043	2.015051	-0.570638	-0.102233	-0.111536	0.988488	0.022335	0.993186	0.114376	-0.994510	0.033771	-0.099046
59754	11.230271	-2.756025	-1.659810	0.621187	2.052721	-0.414459	-0.081921	-0.116224	0.989839	0.015762	0.992902	0.117888	-0.996514	0.025260	-0.079507
59755	11.810274	-0.571386	-2.549621	1.094355	2.135963	-0.313803	-0.060541	-0.119601	0.990974	0.004351	0.992754	0.120082	-0.998156	0.011582	-0.059582
59756	11.989759	1.217936	-3.213440	1.272524	2.160068	-0.270533	-0.039007	-0.122340	0.991721	-0.008501	0.992482	0.122099	-0.999203	-0.003668	-0.039753
59757	12.350234	2.772876	-3.320476	1.115436	2.067947	-0.272381	-0.018195	-0.124675	0.992031	-0.020006	0.992042	0.124310	-0.999634	-0.017585	-0.020545
