// General information: 
//  MT Manager version: 2022.2.0 
//  XDA version: 2022.2.0 build 7381 rev 124627 built on 2023-07-19
// Device information: 
//  DeviceId: 00B4CBA7
//  ProductCode: MTW2-3A7G6
//  Firmware Version: 4.6.0
//  Hardware Version: 2.0.0
// Device settings: 
//  Filter Profile: human(46.1)
//  Option Flags: Orientation Smoother Disabled, Position/Velocity Smoother Disabled, Continuous Zero Rotation Update Disabled, AHS Disabled, ICC Disabled
// Coordinate system: ENU
PacketCounter	Acc_X	Acc_Y	Acc_Z	Gyr_X	Gyr_Y	Gyr_Z	Mat[1][1]	Mat[2][1]	Mat[3][1]	Mat[1][2]	Mat[2][2]	Mat[3][2]	Mat[1][3]	Mat[2][3]	Mat[3][3]
39590	9.485963	0.206302	-2.380382	0.003572	-0.004261	0.002945	0.235697	-0.070492	0.969267	-0.375942	-0.926331	0.024048	0.896167	-0.370057	-0.244834
39591	9.478132	0.253965	-2.382429	0.005504	-0.007116	0.005957	0.235745	-0.070543	0.969251	-0.375924	-0.926339	0.024014	0.896162	-0.370025	-0.244898
39592	9.474134	0.277570	-2.383812	-0.000864	-0.006137	0.003240	0.235846	-0.070676	0.969217	-0.375913	-0.926346	0.023923	0.896140	-0.369983	-0.245043
39593	9.474028	0.277344	-2.384260	-0.007182	-0.003559	0.003555	0.235871	-0.070693	0.969210	-0.376002	-0.926310	0.023942	0.896096	-0.370072	-0.245070
39594	9.478913	0.227607	-2.407375	-0.002332	-0.004656	0.006362	0.235953	-0.070837	0.969179	-0.376025	-0.926303	0.023843	0.896064	-0.370061	-0.245200
39595	9.495096	0.278982	-2.412094	0.006575	-0.002466	0.004268	0.235966	-0.070856	0.969175	-0.375992	-0.926317	0.023821	0.896075	-0.370023	-0.245220
39596	9.487347	0.326652	-2.413866	-0.005491	-0.003367	0.006520	0.235971	-0.070933	0.969168	-0.376016	-0.926309	0.023755	0.896063	-0.370028	-0.245254
39597	9.487985	0.204517	-2.359238	-0.003988	-0.006408	0.001893	0.236028	-0.070945	0.969153	-0.376072	-0.926285	0.023782	0.896025	-0.370084	-0.245310
39598	9.506358	0.205510	-2.411071	0.011253	-0.003638	0.004019	0.235915	-0.070878	0.969185	-0.375954	-0.926333	0.023768	0.896104	-0.369976	-0.245183
39599	9.493726	0.302465	-2.389845	0.009130	0.003862	0.003992	0.235872	-0.070872	0.969196	-0.375897	-0.926357	0.023743	0.896139	-0.369918	-0.245142
39600	9.477479	0.250101	-2.385435	-0.001106	-0.003089	0.003193	0.235884	-0.070796	0.969199	-0.375972	-0.926324	0.023840	0.896105	-0.370016	-0.245123
39601	9.485019	0.201793	-2.384527	-0.003833	-0.009492	0.000413	0.235974	-0.070805	0.969176	-0.376024	-0.926302	0.023881	0.896059	-0.370069	-0.245208
39602	9.481047	0.225448	-2.385831	0.011304	-0.002040	0.007050	0.236092	-0.071013	0.969132	-0.375869	-0.926370	0.023687	0.896093	-0.369859	-0.245400
39603	9.507671	0.229864	-2.364809	0.003400	-0.004336	-0.000111	0.236138	-0.070999	0.969122	-0.375854	-0.926375	0.023714	0.896087	-0.369848	-0.245438
39604	9.480838	0.224822	-2.386720	0.000689	-0.007580	0.001646	0.236315	-0.071088	0.969073	-0.375947	-0.926337	0.023724	0.896002	-0.369926	-0.245632
39605	9.479575	0.250044	-2.363897	-0.002555	-0.006328	0.000276	0.236378	-0.071085	0.969057	-0.375986	-0.926321	0.023763	0.895969	-0.369969	-0.245689
39606	9.506150	0.254799	-2.343065	0.003572	-0.004262	0.002944	0.236466	-0.071041	0.969039	-0.376016	-0.926306	0.023847	0.895933	-0.370013	-0.245752
39607	9.503291	0.253433	-2.367780	0.006472	-0.005663	-0.001797	0.236531	-0.071017	0.969025	-0.375969	-0.926324	0.023884	0.895935	-0.369972	-0.245805
39608	9.503096	0.253470	-2.368559	0.003796	-0.010468	-0.001544	0.236630	-0.071054	0.968998	-0.375879	-0.926362	0.023862	0.895947	-0.369872	-0.245913
39609	9.465793	0.295440	-2.416329	0.006524	-0.004065	0.001234	0.236670	-0.071052	0.968989	-0.375838	-0.926378	0.023869	0.895954	-0.369832	-0.245950
39610	9.486862	0.297732	-2.444019	0.002208	-0.007463	0.001555	0.236486	-0.071142	0.969027	-0.375711	-0.926435	0.023675	0.896056	-0.369673	-0.245818
39611	9.473181	0.246717	-2.416030	-0.003815	-0.006332	0.004951	0.236531	-0.071183	0.969013	-0.375771	-0.926410	0.023670	0.896018	-0.369726	-0.245873
39612	9.506358	0.228426	-2.370222	0.005005	-0.004182	0.001325	0.236513	-0.071121	0.969022	-0.375755	-0.926415	0.023718	0.896030	-0.369725	-0.245833
39613	9.472936	0.246010	-2.417062	0.012927	-0.006607	0.002444	0.236569	-0.071140	0.969007	-0.375660	-0.926454	0.023696	0.896055	-0.369623	-0.245895
39614	9.469019	0.269561	-2.418186	0.013964	-0.000396	0.002257	0.236677	-0.070973	0.968993	-0.375660	-0.926449	0.023898	0.896026	-0.369668	-0.245931
39615	9.467871	0.294329	-2.395034	0.003780	-0.005747	0.004496	0.236719	-0.071007	0.968980	-0.375653	-0.926453	0.023880	0.896019	-0.369653	-0.245983
39616	9.491731	0.297627	-2.398359	0.001933	-0.002855	0.003012	0.236776	-0.071046	0.968963	-0.375643	-0.926457	0.023863	0.896007	-0.369634	-0.246051
39617	9.496595	0.247717	-2.421329	0.005144	-0.002545	0.005884	0.236784	-0.071081	0.968959	-0.375626	-0.926465	0.023828	0.896012	-0.369608	-0.246072
39618	9.478078	0.246014	-2.370312	-0.002590	-0.004766	0.001782	0.236811	-0.071124	0.968949	-0.375605	-0.926475	0.023791	0.896014	-0.369576	-0.246114
39619	9.498103	0.273422	-2.374406	0.006784	-0.003952	0.005816	0.236832	-0.071164	0.968941	-0.375573	-0.926489	0.023753	0.896022	-0.369533	-0.246149
39620	9.489739	0.269247	-2.447490	0.005091	-0.004145	0.002853	0.236894	-0.071122	0.968929	-0.375587	-0.926481	0.023821	0.896000	-0.369560	-0.246190
39621	9.463571	0.315634	-2.397988	0.002106	-0.002779	0.006067	0.236903	-0.071160	0.968924	-0.375597	-0.926477	0.023792	0.895993	-0.369562	-0.246213
39622	9.475020	0.242958	-2.395918	-0.008820	-0.002148	0.003628	0.237004	-0.071113	0.968902	-0.375792	-0.926395	0.023930	0.895885	-0.369777	-0.246283
39623	9.485339	0.195578	-2.370607	0.002467	-0.007350	0.006139	0.237055	-0.071167	0.968886	-0.375800	-0.926393	0.023900	0.895868	-0.369773	-0.246350
39624	9.501533	0.246802	-2.375522	0.008183	-0.002313	0.005700	0.237073	-0.071150	0.968883	-0.375777	-0.926401	0.023917	0.895873	-0.369754	-0.246361
39625	9.472639	0.291966	-2.350165	0.001933	-0.002855	0.003012	0.237095	-0.071159	0.968877	-0.375782	-0.926399	0.023919	0.895865	-0.369758	-0.246385
39626	9.500362	0.271185	-2.352596	0.000501	-0.002933	0.004631	0.237129	-0.071169	0.968868	-0.375875	-0.926361	0.023948	0.895817	-0.369852	-0.246417
39627	9.497509	0.269465	-2.377234	0.006817	-0.005515	0.004312	0.237170	-0.071199	0.968856	-0.375840	-0.926376	0.023926	0.895821	-0.369809	-0.246468
39628	9.513076	0.269033	-2.453230	0.008009	-0.002389	0.002645	0.237250	-0.071191	0.968836	-0.375824	-0.926381	0.023961	0.895806	-0.369797	-0.246540
39629	9.466832	0.287578	-2.399955	0.005145	-0.002546	0.005883	0.237259	-0.071225	0.968832	-0.375808	-0.926389	0.023928	0.895811	-0.369771	-0.246561
39630	9.474389	0.238806	-2.398827	0.000741	-0.005980	0.004679	0.237251	-0.071211	0.968835	-0.375793	-0.926395	0.023934	0.895819	-0.369759	-0.246548
39631	9.495445	0.240780	-2.426532	0.006817	-0.005515	0.004312	0.237292	-0.071241	0.968823	-0.375757	-0.926410	0.023911	0.895823	-0.369716	-0.246599
39632	9.514470	0.293158	-2.407089	0.009669	-0.000635	0.007111	0.237363	-0.071215	0.968807	-0.375757	-0.926408	0.023964	0.895804	-0.369724	-0.246654
39633	9.439787	0.280300	-2.422795	0.000447	-0.004533	0.001600	0.237406	-0.071216	0.968797	-0.375772	-0.926402	0.023984	0.895787	-0.369741	-0.246694
39634	9.477865	0.212588	-2.399616	-0.005368	-0.004883	0.006551	0.237379	-0.071244	0.968801	-0.375781	-0.926399	0.023949	0.895790	-0.369742	-0.246680
39635	9.477786	0.212029	-2.399975	0.002107	-0.002778	0.006067	0.237389	-0.071281	0.968796	-0.375792	-0.926395	0.023921	0.895783	-0.369745	-0.246703
39636	9.503390	0.241576	-2.355625	0.008423	-0.005361	0.005747	0.237435	-0.071335	0.968781	-0.375717	-0.926427	0.023867	0.895802	-0.369654	-0.246768
39637	9.493942	0.262616	-2.405247	0.003539	-0.002700	0.004447	0.237450	-0.071356	0.968775	-0.375711	-0.926430	0.023851	0.895800	-0.369644	-0.246790
39638	9.466132	0.282648	-2.403300	-0.002744	-0.001679	0.003263	0.237343	-0.071347	0.968802	-0.375718	-0.926428	0.023819	0.895826	-0.369650	-0.246688
39639	9.455300	0.233065	-2.350610	-0.008787	-0.003705	0.002129	0.237376	-0.071351	0.968794	-0.375817	-0.926387	0.023856	0.895776	-0.369752	-0.246717
39640	9.487819	0.163159	-2.375831	0.000446	-0.004533	0.001600	0.237299	-0.071253	0.968820	-0.375826	-0.926382	0.023922	0.895792	-0.369784	-0.246608
39641	9.531847	0.194237	-2.382774	0.020161	-0.001463	0.001906	0.237312	-0.071246	0.968817	-0.375665	-0.926447	0.023890	0.895856	-0.369621	-0.246622
39642	9.487067	0.284097	-2.431523	0.016741	-0.000286	-0.002517	0.237255	-0.071124	0.968840	-0.375516	-0.926507	0.023942	0.895934	-0.369495	-0.246526
39643	9.480451	0.306963	-2.456626	0.007540	-0.001021	-0.003491	0.237284	-0.071065	0.968838	-0.375456	-0.926530	0.023994	0.895952	-0.369449	-0.246532
39644	9.507453	0.234769	-2.530065	0.012217	-0.002196	-0.003743	0.237286	-0.070971	0.968844	-0.375344	-0.926574	0.024053	0.895998	-0.369357	-0.246501
39645	9.507512	0.234743	-2.529845	0.020612	0.007642	-0.004445	0.237240	-0.070871	0.968862	-0.375165	-0.926645	0.024082	0.896085	-0.369196	-0.246426
39646	9.473350	0.277647	-2.552012	0.032939	0.008647	-0.002128	0.237047	-0.070697	0.968922	-0.374877	-0.926761	0.024093	0.896257	-0.368938	-0.246189
39647	9.524227	0.285743	-2.532995	0.037442	0.007393	-0.005435	0.237007	-0.070589	0.968940	-0.374545	-0.926896	0.024090	0.896406	-0.368621	-0.246120
39648	9.461944	0.426003	-2.458658	0.037670	0.009074	0.000649	0.236932	-0.070442	0.968969	-0.374262	-0.927009	0.024123	0.896544	-0.368364	-0.246002
39649	9.454141	0.377203	-2.380742	0.022306	0.007834	-0.001485	0.236874	-0.070368	0.968989	-0.374075	-0.927085	0.024119	0.896637	-0.368188	-0.245925
39650	9.472338	0.281270	-2.352682	0.027538	0.005334	0.005928	0.236846	-0.070472	0.968988	-0.373816	-0.927194	0.023938	0.896753	-0.367892	-0.245946
39651	9.449174	0.328282	-2.278454	0.032422	0.002674	0.007231	0.236801	-0.070499	0.968997	-0.373558	-0.927301	0.023824	0.896872	-0.367618	-0.245921
39652	9.471045	0.381145	-2.234850	0.025686	-0.005403	0.012405	0.236816	-0.070592	0.968987	-0.373350	-0.927388	0.023684	0.896955	-0.367380	-0.245976
39653	9.410409	0.296032	-2.224630	0.017496	-0.016722	0.014671	0.236917	-0.070758	0.968950	-0.373243	-0.927435	0.023535	0.896972	-0.367230	-0.246135
39654	9.416558	0.271560	-2.201612	0.021078	-0.025714	0.011591	0.237043	-0.070874	0.968911	-0.373069	-0.927508	0.023425	0.897012	-0.367023	-0.246300
39655	9.407902	0.221781	-2.127341	0.022296	-0.037782	0.016386	0.237326	-0.071133	0.968822	-0.372924	-0.927571	0.023248	0.896997	-0.366814	-0.246664
39656	9.425014	0.124842	-2.103770	0.034934	-0.047689	0.009721	0.237753	-0.071380	0.968699	-0.372663	-0.927679	0.023107	0.896993	-0.366492	-0.247159
39657	9.425739	0.149747	-2.061212	0.046490	-0.057509	0.010783	0.238234	-0.071660	0.968560	-0.372288	-0.927834	0.022924	0.897021	-0.366044	-0.247720
39658	9.445630	0.150021	-2.094214	0.066746	-0.063674	0.008172	0.238823	-0.071861	0.968400	-0.371773	-0.928043	0.022819	0.897078	-0.365475	-0.248354
39659	9.486462	0.152092	-2.155096	0.078332	-0.070323	0.013756	0.239409	-0.072214	0.968230	-0.371119	-0.928312	0.022528	0.897192	-0.364722	-0.249046
39660	9.401908	0.306139	-2.235068	0.092660	-0.075304	0.016064	0.240095	-0.072618	0.968029	-0.370327	-0.928636	0.022188	0.897336	-0.363815	-0.249854
39661	9.503746	0.364747	-2.332405	0.084085	-0.080481	0.019773	0.240751	-0.073063	0.967833	-0.369636	-0.928920	0.021823	0.897445	-0.363000	-0.250645
39662	9.479748	0.306582	-2.383820	0.071663	-0.081532	0.015957	0.241373	-0.073407	0.967652	-0.369092	-0.929142	0.021581	0.897502	-0.362361	-0.251364
39663	9.448327	0.374242	-2.343540	0.092672	-0.088929	0.024032	0.242089	-0.073921	0.967434	-0.368334	-0.929453	0.021153	0.897621	-0.361460	-0.252238
39664	9.496992	0.378296	-2.335013	0.078920	-0.103609	0.031386	0.242895	-0.074522	0.967186	-0.367682	-0.929721	0.020703	0.897670	-0.360646	-0.253225
39665	9.467116	0.393499	-2.342513	0.099848	-0.092698	0.035919	0.243601	-0.075158	0.966959	-0.366889	-0.930047	0.020139	0.897803	-0.359673	-0.254135
39666	9.385746	0.424873	-2.344250	0.091323	-0.094676	0.044173	0.244345	-0.075842	0.966718	-0.366226	-0.930320	0.019580	0.897872	-0.358822	-0.255094
39667	9.459181	0.404751	-2.362518	0.095636	-0.103320	0.053318	0.245084	-0.076676	0.966465	-0.365514	-0.930615	0.018858	0.897961	-0.357878	-0.256105
39668	9.412798	0.366089	-2.365237	0.083891	-0.105607	0.058731	0.245739	-0.077517	0.966232	-0.364908	-0.930867	0.018126	0.898028	-0.357040	-0.257037
39669	9.481858	0.264461	-2.501942	0.102931	-0.107032	0.066723	0.246463	-0.078488	0.965969	-0.364164	-0.931175	0.017254	0.898132	-0.356024	-0.258082
39670	9.393422	0.315229	-2.529684	0.109240	-0.101729	0.075357	0.247028	-0.079430	0.965748	-0.363476	-0.931460	0.016364	0.898255	-0.355069	-0.258967
39671	9.403952	0.380685	-2.546299	0.111562	-0.102804	0.085960	0.247644	-0.080563	0.965496	-0.362703	-0.931779	0.015282	0.898398	-0.353973	-0.259970
39672	9.377606	0.366139	-2.553476	0.101923	-0.112579	0.091473	0.248244	-0.081588	0.965256	-0.362167	-0.932003	0.014364	0.898449	-0.353149	-0.260913
39673	9.423000	0.361349	-2.570926	0.103796	-0.107548	0.101929	0.248847	-0.082885	0.964990	-0.361504	-0.932278	0.013148	0.898549	-0.352119	-0.261957
39674	9.531663	0.309248	-2.716247	0.103489	-0.095051	0.110778	0.249462	-0.084169	0.964720	-0.361045	-0.932471	0.012005	0.898563	-0.351302	-0.263005
39675	9.575323	0.412237	-2.985609	0.140576	-0.069091	0.119723	0.249657	-0.085495	0.964553	-0.360097	-0.932856	0.010519	0.898889	-0.349959	-0.263681
39676	9.423182	0.519132	-3.054718	0.117495	-0.056597	0.131665	0.249649	-0.086757	0.964442	-0.359438	-0.933124	0.009102	0.899155	-0.348930	-0.264137
39677	9.435560	0.458617	-3.010260	0.069854	-0.067376	0.141429	0.249752	-0.088278	0.964277	-0.359180	-0.933237	0.007593	0.899229	-0.348246	-0.264786
39678	9.455275	0.298225	-3.008957	0.060602	-0.060165	0.147977	0.249676	-0.089614	0.964174	-0.359139	-0.933263	0.006260	0.899267	-0.347835	-0.265197
39679	9.446956	0.235587	-2.935755	0.074024	-0.046721	0.155808	0.249542	-0.091196	0.964060	-0.358880	-0.933373	0.004601	0.899408	-0.347130	-0.265644
39680	9.431949	0.272014	-2.817897	0.084091	-0.027332	0.165213	0.249179	-0.092605	0.964020	-0.358630	-0.933475	0.003027	0.899608	-0.346481	-0.265814
39681	9.486109	0.264074	-2.779577	0.079542	-0.029225	0.164049	0.248859	-0.094203	0.963948	-0.358341	-0.933590	0.001276	0.899811	-0.345740	-0.266089
39682	9.468550	0.194509	-2.776027	0.088658	-0.022319	0.169305	0.248383	-0.095616	0.963931	-0.358081	-0.933690	-0.000347	0.900047	-0.345079	-0.266151
39683	9.372540	0.266919	-2.673079	0.103072	-0.021060	0.178964	0.247936	-0.097324	0.963875	-0.357616	-0.933866	-0.002305	0.900355	-0.344126	-0.266344
39684	9.389259	0.334153	-2.486981	0.095208	-0.030461	0.189024	0.247622	-0.099047	0.963781	-0.357402	-0.933941	-0.004153	0.900526	-0.343429	-0.266664
39685	9.432956	0.301909	-2.372109	0.082466	-0.038724	0.196330	0.247275	-0.100977	0.963670	-0.357164	-0.934021	-0.006223	0.900716	-0.342649	-0.267025
39686	9.485625	0.144708	-2.298869	0.066484	-0.042523	0.205256	0.246890	-0.102822	0.963573	-0.357130	-0.934019	-0.008163	0.900835	-0.342105	-0.267321
39687	9.445766	-0.006960	-2.336933	0.061041	-0.044138	0.213355	0.246530	-0.104928	0.963438	-0.357126	-0.933999	-0.010338	0.900935	-0.341520	-0.267732
39688	9.380782	-0.187556	-2.394584	0.058670	-0.058188	0.210925	0.246267	-0.106809	0.963299	-0.357332	-0.933898	-0.012197	0.900925	-0.341214	-0.268154
39689	9.451955	-0.355081	-2.522434	0.073879	-0.057329	0.209777	0.246038	-0.108925	0.963120	-0.357203	-0.933916	-0.014372	0.901039	-0.340493	-0.268688
39690	9.475107	-0.306436	-2.635658	0.075516	-0.057203	0.211171	0.245820	-0.110846	0.962957	-0.357208	-0.933882	-0.016312	0.901096	-0.339967	-0.269162
39691	9.517987	-0.309114	-2.821538	0.066831	-0.048783	0.203830	0.245536	-0.112876	0.962793	-0.357128	-0.933874	-0.018409	0.901206	-0.339320	-0.269611
39692	9.421091	-0.298957	-2.937983	0.047544	-0.037762	0.200244	0.245189	-0.114572	0.962682	-0.357493	-0.933700	-0.020072	0.901155	-0.339231	-0.269891
39693	9.433544	-0.295855	-2.994961	0.035132	-0.041722	0.195154	0.244871	-0.116496	0.962531	-0.357676	-0.933586	-0.021998	0.901169	-0.338888	-0.270276
39694	9.478240	-0.116018	-3.045495	0.043450	-0.029104	0.192546	0.244448	-0.118107	0.962443	-0.357965	-0.933436	-0.023629	0.901169	-0.338745	-0.270455
39695	9.414180	-0.305281	-2.926493	-0.070585	-0.027880	0.185615	0.244039	-0.119893	0.962326	-0.359077	-0.932968	-0.025177	0.900838	-0.339405	-0.270731
39696	9.476871	-0.692809	-3.081474	0.005397	-0.005941	0.171521	0.243368	-0.121171	0.962336	-0.359511	-0.932763	-0.026529	0.900846	-0.339514	-0.270567
39697	9.493588	-0.685186	-3.110408	0.070091	0.007931	0.164682	0.242709	-0.122638	0.962316	-0.359303	-0.932793	-0.028254	0.901107	-0.338906	-0.270462
39698	9.458076	-0.516624	-3.217134	0.079559	0.021945	0.157340	0.241958	-0.123767	0.962361	-0.359298	-0.932752	-0.029624	0.901311	-0.338607	-0.270156
39699	9.478157	-0.354173	-3.132592	0.068294	0.028937	0.154853	0.241145	-0.125071	0.962396	-0.359081	-0.932783	-0.031248	0.901615	-0.338043	-0.269846
39700	9.386119	-0.377563	-3.090178	0.053262	0.043250	0.147779	0.240278	-0.126122	0.962476	-0.359259	-0.932671	-0.032528	0.901776	-0.337962	-0.269411
39701	9.360856	-0.359938	-2.911244	0.084750	0.049183	0.142160	0.239329	-0.127238	0.962565	-0.358860	-0.932769	-0.034074	0.902187	-0.337271	-0.268899
39702	9.319910	-0.390761	-2.701232	0.101282	0.045110	0.134951	0.238482	-0.128206	0.962647	-0.358423	-0.932886	-0.035449	0.902585	-0.336581	-0.268429
39703	9.304971	-0.610732	-2.430268	0.105754	0.040537	0.130186	0.237654	-0.129241	0.962713	-0.357804	-0.933066	-0.036934	0.903049	-0.335685	-0.267990
39704	9.227073	-0.753639	-2.033384	0.130713	0.024676	0.125877	0.236983	-0.130199	0.962750	-0.356939	-0.933340	-0.038361	0.903567	-0.334552	-0.267659
39705	9.144439	-0.744160	-1.576097	0.178001	-0.006955	0.123607	0.236610	-0.131332	0.962688	-0.355648	-0.933765	-0.039975	0.904174	-0.332919	-0.267646
39706	9.158671	-0.545157	-1.028007	0.208648	-0.039275	0.124139	0.236531	-0.132553	0.962540	-0.354108	-0.934277	-0.041643	0.904798	-0.330993	-0.267924
39707	9.275996	-0.652087	-0.793952	0.193234	-0.086345	0.114889	0.236911	-0.133867	0.962264	-0.352657	-0.934754	-0.043215	0.905266	-0.329111	-0.268663
39708	9.416635	-0.551003	-0.783936	0.239057	-0.127519	0.108559	0.237682	-0.135230	0.961884	-0.350766	-0.935390	-0.044831	0.905798	-0.326740	-0.269759
39709	9.328082	-0.308379	-0.585299	0.218729	-0.191376	0.106624	0.239047	-0.136807	0.961322	-0.349064	-0.935950	-0.046396	0.906097	-0.324472	-0.271490
39710	9.451711	-0.268393	-0.728449	0.140143	-0.256214	0.104645	0.240989	-0.138542	0.960589	-0.348057	-0.936258	-0.047713	0.905969	-0.322842	-0.273849
39711	9.460286	-0.285884	-1.151851	0.074320	-0.288043	0.108044	0.243227	-0.140437	0.959749	-0.347671	-0.936340	-0.048902	0.905519	-0.321783	-0.276569
39712	9.362547	-0.354122	-1.779750	0.003235	-0.296882	0.115552	0.245495	-0.142415	0.958880	-0.347941	-0.936184	-0.049964	0.904803	-0.321368	-0.279381
39713	9.303372	-0.445891	-2.462337	-0.069204	-0.308073	0.104975	0.247920	-0.144344	0.957967	-0.348851	-0.935805	-0.050723	0.903791	-0.321612	-0.282359
39714	9.341483	-0.817008	-3.111213	-0.141851	-0.317776	0.092920	0.250450	-0.146179	0.957030	-0.350395	-0.935204	-0.051149	0.902496	-0.322528	-0.285442
39715	9.386919	-1.127379	-3.668745	-0.129704	-0.296267	0.083294	0.252834	-0.147870	0.956143	-0.351799	-0.934657	-0.051521	0.901284	-0.323344	-0.288333
39716	9.385167	-1.223201	-3.963726	-0.108750	-0.279272	0.066973	0.255097	-0.149342	0.955313	-0.352968	-0.934201	-0.051789	0.900188	-0.323984	-0.291025
39717	9.387230	-1.101742	-4.003286	-0.092651	-0.253189	0.052213	0.257195	-0.150607	0.954551	-0.353960	-0.933816	-0.051964	0.899201	-0.324508	-0.293481
39718	9.520979	-1.192772	-4.093585	-0.078872	-0.227552	0.028467	0.259126	-0.151560	0.953878	-0.354754	-0.933515	-0.051954	0.898333	-0.324930	-0.295665
39719	9.472668	-1.141892	-4.036971	-0.000096	-0.192716	0.015453	0.260806	-0.152286	0.953304	-0.354820	-0.933485	-0.052048	0.897821	-0.324677	-0.297493
39720	9.398098	-0.741687	-3.853528	0.058771	-0.171166	-0.002983	0.262345	-0.152774	0.952804	-0.354311	-0.933672	-0.052150	0.897574	-0.323908	-0.299074
39721	9.361390	-0.686483	-3.743418	0.007865	-0.152204	-0.014490	0.263767	-0.153087	0.952361	-0.354226	-0.933714	-0.051982	0.897190	-0.323640	-0.300510
39722	9.477292	-0.883361	-3.587245	0.022254	-0.145810	-0.022208	0.265148	-0.153316	0.951941	-0.354000	-0.933810	-0.051794	0.896873	-0.323254	-0.301872
39723	9.364042	-0.926545	-3.401468	0.050396	-0.124809	-0.024125	0.266357	-0.153449	0.951581	-0.353508	-0.934004	-0.051664	0.896708	-0.322630	-0.303024
39724	9.321806	-0.803488	-3.043395	0.061020	-0.136939	-0.030758	0.267690	-0.153571	0.951188	-0.352909	-0.934238	-0.051516	0.896547	-0.321893	-0.304283
39725	9.351855	-0.841099	-2.635623	0.050154	-0.157779	-0.041169	0.269254	-0.153649	0.950734	-0.352373	-0.934457	-0.051224	0.896290	-0.321221	-0.305748
39726	9.384204	-0.937108	-2.373826	0.054351	-0.168748	-0.050328	0.270938	-0.153692	0.950248	-0.351785	-0.934697	-0.050874	0.896013	-0.320499	-0.307312
39727	9.287365	-0.914411	-2.348587	0.081687	-0.177141	-0.057192	0.272731	-0.153680	0.949737	-0.350921	-0.935041	-0.050529	0.895808	-0.319502	-0.308944
39728	9.164866	-0.666029	-2.240913	0.065376	-0.202619	-0.062239	0.274754	-0.153716	0.949148	-0.350199	-0.935334	-0.050105	0.895472	-0.318624	-0.310818
39729	9.138966	-0.635906	-2.233740	0.011533	-0.231575	-0.075760	0.277097	-0.153700	0.948469	-0.349910	-0.935481	-0.049369	0.894863	-0.318199	-0.313000
39730	9.193591	-0.755184	-2.380052	-0.021531	-0.242776	-0.088945	0.279567	-0.153612	0.947758	-0.349889	-0.935539	-0.048422	0.894103	-0.318073	-0.315293
39731	9.189892	-0.972786	-2.482078	-0.042237	-0.254992	-0.101745	0.282206	-0.153427	0.947006	-0.350004	-0.935555	-0.047271	0.893228	-0.318116	-0.317720
39732	9.171870	-1.093979	-2.617083	-0.048931	-0.277479	-0.117041	0.285078	-0.153188	0.946184	-0.350142	-0.935568	-0.045974	0.892262	-0.318193	-0.320347
39733	9.307929	-1.180505	-2.837958	-0.047017	-0.279501	-0.129465	0.288028	-0.152822	0.945349	-0.350214	-0.935610	-0.044545	0.891286	-0.318244	-0.323002
39734	9.132969	-1.004571	-2.770044	-0.027204	-0.286553	-0.134316	0.291033	-0.152454	0.944488	-0.350101	-0.935717	-0.043159	0.890354	-0.318105	-0.325698
39735	9.119027	-0.816598	-2.762750	-0.038165	-0.318519	-0.150308	0.294397	-0.152016	0.943515	-0.350023	-0.935819	-0.041561	0.889277	-0.318017	-0.328712
39736	9.093301	-0.656738	-2.477507	-0.088556	-0.349027	-0.160626	0.298040	-0.151602	0.942438	-0.350368	-0.935769	-0.039728	0.887927	-0.318360	-0.332013
39737	9.439554	-1.081145	-2.672032	-0.085054	-0.376012	-0.183004	0.302022	-0.151043	0.941259	-0.350596	-0.935769	-0.037666	0.886490	-0.318626	-0.335577
39738	9.397056	-0.200166	-2.629630	0.016777	-0.366301	-0.176182	0.305859	-0.150541	0.940100	-0.349950	-0.936075	-0.036041	0.885429	-0.317964	-0.338989
39739	9.179965	0.408627	-2.674599	-0.079014	-0.402555	-0.154810	0.309967	-0.150328	0.938788	-0.350194	-0.936050	-0.034263	0.883903	-0.318138	-0.342788
39740	9.117417	-0.026461	-2.785631	-0.198994	-0.453690	-0.163776	0.314521	-0.150217	0.937289	-0.351473	-0.935651	-0.032013	0.881784	-0.319363	-0.347079
39741	9.183052	-0.506068	-2.700601	-0.159639	-0.484420	-0.170285	0.319392	-0.150129	0.935655	-0.352360	-0.935390	-0.029806	0.879677	-0.320168	-0.351655
39742	9.326526	-0.555418	-2.550975	-0.083214	-0.506857	-0.172387	0.324427	-0.150111	0.933924	-0.352561	-0.935374	-0.027871	0.877752	-0.320223	-0.356383
39743	9.269178	-0.300861	-2.283814	-0.143760	-0.562293	-0.163045	0.329936	-0.150344	0.931954	-0.353309	-0.935152	-0.025779	0.875394	-0.320762	-0.361658
39744	9.304049	-0.837745	-2.275831	-0.232713	-0.603382	-0.178354	0.335810	-0.150583	0.929815	-0.354767	-0.934666	-0.023241	0.872566	-0.322063	-0.367292
39745	9.206474	-1.088009	-2.188883	-0.215977	-0.638851	-0.196280	0.342077	-0.150765	0.927498	-0.356003	-0.934258	-0.020564	0.869623	-0.323158	-0.373261
39746	9.233303	-1.091392	-1.932121	-0.211986	-0.712361	-0.222140	0.349016	-0.150968	0.924877	-0.357104	-0.933897	-0.017682	0.866409	-0.324106	-0.379856
39747	9.311656	-0.772408	-1.291372	-0.224296	-0.785192	-0.242910	0.356678	-0.151205	0.921910	-0.358206	-0.933530	-0.014524	0.862826	-0.325053	-0.387132
39748	9.346402	-1.024611	-0.623441	-0.310680	-0.895574	-0.280184	0.365348	-0.151474	0.918464	-0.359880	-0.932937	-0.010708	0.858491	-0.326625	-0.395360
39749	9.649831	-1.346444	-0.087486	-0.287563	-1.003006	-0.328340	0.375124	-0.151650	0.914486	-0.361144	-0.932487	-0.006493	0.853731	-0.327826	-0.404566
39750	9.954328	-1.062689	0.131724	-0.260625	-1.098919	-0.356145	0.385705	-0.151908	0.910031	-0.362035	-0.932162	-0.002158	0.848624	-0.328630	-0.414536
39751	10.506541	-0.896371	0.240782	-0.532743	-1.222182	-0.317989	0.397198	-0.152937	0.904900	-0.365310	-0.930881	0.003021	0.841892	-0.331769	-0.425613
39752	12.041034	-0.707547	-0.379577	-0.548064	-1.264755	-0.307396	0.408848	-0.154250	0.899472	-0.368673	-0.929523	0.008174	0.834819	-0.334953	-0.436902
39753	12.161545	2.305690	-0.851432	-0.535319	-1.181721	-0.308923	0.419822	-0.155314	0.894219	-0.371859	-0.928193	0.013368	0.827931	-0.338135	-0.447431
39754	10.434543	2.894174	-2.514693	-1.019528	-1.301551	-0.260612	0.431429	-0.157282	0.888331	-0.379131	-0.925120	0.020334	0.818614	-0.345566	-0.458754
39755	10.471613	2.199520	-3.840284	-1.171653	-1.434762	-0.220568	0.443949	-0.160222	0.881611	-0.387707	-0.921364	0.027790	0.807832	-0.354144	-0.471158
39756	10.238547	2.348423	-4.371183	-1.229055	-1.431392	-0.202085	0.456138	-0.163416	0.874776	-0.396649	-0.917285	0.035469	0.796623	-0.363158	-0.483228
39757	9.872697	1.921238	-5.562846	-1.330270	-1.422702	-0.198313	0.468191	-0.166795	0.867742	-0.406262	-0.912708	0.043761	0.784696	-0.373019	-0.495084
39758	9.043852	1.929435	-6.339017	-1.290278	-1.343512	-0.191679	0.479365	-0.170025	0.860988	-0.415378	-0.908166	0.051925	0.773091	-0.382527	-0.505967
39759	8.319576	2.077241	-7.195054	-1.285117	-1.297856	-0.215500	0.490236	-0.173055	0.854237	-0.424203	-0.903551	0.060400	0.761394	-0.391980	-0.516364
39760	8.075705	2.015744	-7.556387	-1.343801	-1.262649	-0.218062	0.500644	-0.175996	0.847574	-0.433245	-0.898607	0.069315	0.749436	-0.401909	-0.526131
39761	8.141235	1.441749	-7.341569	-1.395430	-1.223515	-0.235640	0.510779	-0.178822	0.840908	-0.442433	-0.893335	0.078769	0.737128	-0.412279	-0.535414
39762	8.435003	0.652338	-6.955361	-1.313226	-1.162495	-0.254956	0.520365	-0.181295	0.834477	-0.450693	-0.888326	0.088051	0.725325	-0.421911	-0.543962
39763	8.950621	0.022424	-6.549164	-1.090992	-1.071533	-0.274909	0.529339	-0.183377	0.828355	-0.457112	-0.884173	0.096372	0.714737	-0.429664	-0.551851
39764	9.581475	-0.409387	-6.030839	-0.709519	-0.930979	-0.281083	0.537196	-0.184821	0.822959	-0.460632	-0.881632	0.102685	0.706568	-0.434243	-0.558743
39765	9.301527	-0.665589	-5.721067	-0.481190	-0.921396	-0.303985	0.545087	-0.186113	0.817461	-0.462374	-0.880090	0.107941	0.699350	-0.436810	-0.565780
39766	9.546709	-0.524365	-5.078687	-0.325968	-0.973609	-0.270691	0.553063	-0.187906	0.811673	-0.463141	-0.879174	0.112045	0.692547	-0.437887	-0.573265
39767	9.418604	-0.040553	-4.734231	-0.241317	-0.860649	-0.232259	0.560085	-0.189593	0.806449	-0.463516	-0.878545	0.115373	0.686628	-0.438420	-0.579939
39768	9.262579	-0.106583	-4.810394	-0.216930	-0.807517	-0.163006	0.566305	-0.191625	0.801610	-0.464070	-0.877906	0.117983	0.681130	-0.438818	-0.586090
39769	9.017655	0.023914	-4.844813	-0.190274	-0.777723	-0.095561	0.572037	-0.194157	0.796917	-0.464820	-0.877246	0.119926	0.675808	-0.439025	-0.592065
39770	8.851700	0.154319	-4.832693	-0.207840	-0.759015	-0.026729	0.577207	-0.197182	0.792434	-0.466057	-0.876386	0.121403	0.670539	-0.439394	-0.597754
39771	8.478095	0.140874	-5.099208	-0.200622	-0.725316	0.020736	0.581967	-0.200508	0.788106	-0.467518	-0.875454	0.122502	0.665388	-0.439746	-0.603227
39772	8.430043	0.805395	-5.224452	-0.122413	-0.793195	0.108226	0.586651	-0.204871	0.783498	-0.468956	-0.874697	0.122417	0.660243	-0.439242	-0.609217
39773	8.155339	1.226824	-5.347693	-0.276090	-0.834233	0.183777	0.591280	-0.210101	0.778617	-0.471853	-0.873094	0.122730	0.654020	-0.439960	-0.615380
39774	8.234537	1.289516	-5.227798	-0.388287	-0.922386	0.235750	0.596096	-0.216149	0.773272	-0.475769	-0.870881	0.123326	0.646772	-0.441413	-0.621966
39775	8.257632	1.314241	-5.223403	-0.497232	-0.924750	0.268863	0.600767	-0.222536	0.767826	-0.480574	-0.868083	0.124421	0.638849	-0.443745	-0.628461
39776	8.186997	1.450166	-5.467671	-0.606603	-0.931968	0.298996	0.605171	-0.229199	0.762389	-0.486214	-0.864710	0.125988	0.630369	-0.446928	-0.634737
39777	8.159118	1.469628	-5.311583	-0.704043	-0.935701	0.316724	0.609490	-0.236089	0.756825	-0.492541	-0.860805	0.128131	0.621229	-0.450862	-0.640935
39778	8.427413	1.201940	-5.380199	-0.782790	-0.899656	0.319642	0.613388	-0.242826	0.751525	-0.499305	-0.856499	0.130785	0.611923	-0.455462	-0.646610
39779	8.499219	1.464117	-5.344017	-0.782980	-0.852917	0.310053	0.617024	-0.249336	0.746400	-0.505965	-0.852144	0.133604	0.602728	-0.460089	-0.651949
39780	8.791185	1.094390	-5.384103	-0.860878	-0.770539	0.284100	0.620124	-0.255225	0.741827	-0.512850	-0.847452	0.137147	0.593659	-0.465494	-0.656418
39781	8.823542	0.437667	-5.311075	-0.801418	-0.611271	0.243218	0.622488	-0.260100	0.738144	-0.519084	-0.843067	0.140679	0.585714	-0.470730	-0.659813
39782	8.853092	-0.467866	-5.174161	-0.565628	-0.421170	0.177199	0.623956	-0.263487	0.735700	-0.523462	-0.839941	0.143134	0.580230	-0.474420	-0.662011
39783	8.860463	-0.793727	-5.583830	-0.189839	-0.302727	0.091106	0.625245	-0.265647	0.733826	-0.525125	-0.838791	0.143781	0.577331	-0.475249	-0.663948
39784	9.581466	-0.859699	-4.901620	0.194569	-0.197732	0.037735	0.626117	-0.266814	0.732658	-0.524221	-0.839622	0.142222	0.577209	-0.473122	-0.665571
39785	9.887515	-0.553967	-4.532556	0.566519	0.032179	-0.005808	0.625976	-0.266571	0.732867	-0.520901	-0.842298	0.138551	0.580359	-0.468480	-0.666115
39786	9.722931	-0.089012	-4.558567	0.889193	0.265917	-0.050452	0.624641	-0.264731	0.734670	-0.515256	-0.846653	0.133005	0.586800	-0.461624	-0.665259
39787	9.507151	0.628991	-4.644469	1.051992	0.450978	-0.084410	0.622423	-0.261907	0.737560	-0.508509	-0.851685	0.126696	0.594986	-0.453914	-0.663290
39788	9.556890	1.576410	-4.611292	1.039211	0.638306	-0.091623	0.618992	-0.258096	0.741778	-0.501602	-0.856664	0.120503	0.604354	-0.446668	-0.659730
39789	9.464383	1.824981	-4.676359	0.879363	0.808930	-0.070382	0.614430	-0.253857	0.747015	-0.495810	-0.860742	0.115305	0.613717	-0.441224	-0.654731
39790	9.364260	1.690268	-4.816615	0.771938	1.006078	-0.059669	0.608460	-0.248675	0.753616	-0.490435	-0.864414	0.110736	0.623899	-0.436978	-0.647920
39791	9.063672	1.671615	-4.901867	0.703149	1.206943	-0.058558	0.601164	-0.242868	0.761326	-0.485654	-0.867613	0.106711	0.634619	-0.433892	-0.639528
39792	8.939490	1.544333	-4.944923	0.672289	1.411280	-0.047351	0.592273	-0.236175	0.770347	-0.480945	-0.870700	0.102828	0.646456	-0.431396	-0.629279
39793	8.731723	1.717669	-5.060250	0.646188	1.613762	-0.042130	0.581953	-0.228816	0.780368	-0.476479	-0.873573	0.099185	0.659013	-0.429550	-0.617405
39794	8.684812	1.620440	-5.076309	0.631350	1.793869	-0.037942	0.570116	-0.220573	0.791401	-0.471877	-0.876460	0.095655	0.672532	-0.427978	-0.603767
39795	8.777424	1.505918	-5.010395	0.636056	1.999107	-0.046666	0.556759	-0.211575	0.803278	-0.467292	-0.879272	0.092293	0.686773	-0.426750	-0.588411
39796	8.645780	1.406976	-4.934253	0.690657	2.199393	-0.053845	0.541706	-0.201362	0.816093	-0.461775	-0.882545	0.088759	0.702367	-0.424933	-0.571063
39797	8.622449	1.378899	-4.732373	0.785993	2.362199	-0.056224	0.525191	-0.190809	0.829317	-0.455895	-0.885979	0.084864	0.718564	-0.422651	-0.552296
39798	8.541144	1.399905	-4.625179	0.914866	2.534588	-0.058333	0.507015	-0.179145	0.843115	-0.448309	-0.890253	0.080434	0.736176	-0.418757	-0.531684
39799	8.461785	1.546087	-4.586686	1.028910	2.699238	-0.051061	0.487137	-0.167401	0.857132	-0.440394	-0.894619	0.075569	0.754156	-0.414288	-0.509524
39800	8.274371	1.712450	-4.496739	1.086819	2.843940	-0.049999	0.465615	-0.154789	0.871345	-0.431222	-0.899476	0.070643	0.772819	-0.408636	-0.485558
39801	8.294102	1.752304	-4.648219	1.103134	2.996549	-0.042842	0.442372	-0.142193	0.885487	-0.422410	-0.904009	0.065860	0.791123	-0.403174	-0.459972
39802	8.340766	1.905745	-4.715069	1.119604	3.148791	-0.044725	0.417334	-0.128669	0.899598	-0.412423	-0.908926	0.061325	0.809777	-0.396608	-0.432392
39803	8.369586	2.068199	-4.635506	1.095533	3.287739	-0.038231	0.390579	-0.115331	0.913316	-0.403312	-0.913276	0.057150	0.827519	-0.390673	-0.403221
39804	8.450709	2.141475	-4.636245	1.028845	3.423041	-0.031842	0.361955	-0.101598	0.926643	-0.394509	-0.917332	0.053521	0.844601	-0.384941	-0.372114
39805	8.504211	2.181859	-4.614623	0.971193	3.547105	-0.014998	0.331771	-0.087856	0.939260	-0.386191	-0.921048	0.050260	0.860688	-0.379409	-0.339507
39806	8.538843	2.389699	-4.484964	0.906166	3.661976	0.008371	0.299812	-0.073969	0.951126	-0.378263	-0.924487	0.047338	0.875803	-0.373968	-0.305152
39807	8.485362	2.557618	-4.358142	0.798562	3.768208	0.042957	0.266392	-0.060318	0.961976	-0.371355	-0.927415	0.044686	0.889455	-0.369139	-0.269455
39808	8.499964	2.715820	-4.165774	0.643821	3.854996	0.081772	0.231440	-0.046750	0.971725	-0.365700	-0.929768	0.042369	0.901498	-0.365166	-0.232282
39809	8.370083	2.583811	-3.914219	0.483390	3.918396	0.122638	0.195470	-0.033591	0.980134	-0.361603	-0.931465	0.040192	0.911611	-0.362276	-0.194220
39810	8.278478	2.309705	-3.759830	0.300589	3.949390	0.157306	0.158615	-0.020611	0.987125	-0.359029	-0.932543	0.038219	0.919749	-0.360469	-0.155316
39811	8.154584	2.070260	-3.809847	0.163172	3.944390	0.188815	0.121538	-0.008123	0.992554	-0.357816	-0.933091	0.036178	0.925849	-0.359548	-0.116313
39812	8.076912	1.977142	-4.003808	0.024520	3.930167	0.213531	0.084188	0.004180	0.996441	-0.357706	-0.933210	0.034136	0.930032	-0.359306	-0.077070
39813	7.967118	2.221371	-3.647001	-0.137150	3.887266	0.248572	0.047102	0.015895	0.998764	-0.359177	-0.932728	0.031783	0.932080	-0.360230	-0.038225
39814	8.189004	1.800300	-3.022268	-0.327930	3.883310	0.268829	0.009833	0.027580	0.999571	-0.362208	-0.931638	0.029269	0.932045	-0.362340	0.000829
39815	7.854339	1.124302	-1.979100	-0.662192	3.783713	0.254320	-0.026311	0.039066	0.998890	-0.368385	-0.929292	0.026640	0.929301	-0.367275	0.038842
39816	8.080227	0.020796	-2.085697	-0.920074	3.593754	0.219997	-0.060533	0.050497	0.996888	-0.376718	-0.926016	0.024032	0.924348	-0.374091	0.075078
39817	8.834482	0.728467	-2.408246	-1.038505	3.423170	0.218564	-0.092895	0.061464	0.993777	-0.386153	-0.922197	0.020941	0.917745	-0.381805	0.109402
39818	8.662149	1.365574	-1.460920	-1.432073	3.184845	0.229309	-0.122963	0.071825	0.989809	-0.398896	-0.916839	0.016975	0.908715	-0.392743	0.141388
39819	7.957099	0.526970	-0.055171	-1.694526	2.820369	0.262252	-0.149504	0.080743	0.985459	-0.413886	-0.910252	0.011790	0.897968	-0.406105	0.169504
39820	7.852622	-1.012511	1.825389	-1.668985	2.376279	0.265292	-0.171904	0.088267	0.981151	-0.428272	-0.903628	0.006257	0.887149	-0.419124	0.193139
39821	6.182413	-1.437256	1.928325	-1.252642	1.650381	0.315963	-0.187839	0.092466	0.977838	-0.438804	-0.898583	0.000679	0.878731	-0.428951	0.209363
39822	5.358244	-0.939827	2.444815	-0.959649	0.886433	0.326305	-0.197119	0.093491	0.975912	-0.446503	-0.894771	-0.004469	0.872799	-0.436628	0.218121
39823	5.275192	-2.053544	1.090738	-0.716003	0.205569	0.281871	-0.200169	0.091925	0.975440	-0.452220	-0.891864	-0.008750	0.869155	-0.442864	0.220093
39824	5.337316	-2.224646	-0.801170	-0.301516	-0.466314	0.270375	-0.197416	0.087552	0.976402	-0.454234	-0.890802	-0.011964	0.868734	-0.445877	0.215628
39825	5.342993	-1.065357	-2.770494	-0.008223	-1.091662	0.284326	-0.189204	0.080194	0.978658	-0.453795	-0.890984	-0.014723	0.870788	-0.446896	0.204969
39826	7.727843	-0.123225	-3.467667	0.069314	-1.511196	0.337492	-0.177614	0.070528	0.981570	-0.452522	-0.891575	-0.017822	0.873886	-0.447348	0.190271
39827	13.266841	-0.211244	1.472323	-0.132416	-1.186599	0.393471	-0.169009	0.061749	0.983678	-0.453037	-0.891223	-0.021893	0.875324	-0.449343	0.178599
39828	14.957597	-2.866189	4.899983	-0.076486	-0.564941	0.345880	-0.165680	0.056220	0.984576	-0.453089	-0.891105	-0.025361	0.875934	-0.450302	0.173111
39829	12.870860	0.844428	4.162026	0.335586	-0.691475	0.198524	-0.160503	0.051393	0.985697	-0.449859	-0.892700	-0.026707	0.878559	-0.447711	0.166400
39830	13.030647	3.034714	2.949850	-0.399838	-0.984774	0.179513	-0.152720	0.045460	0.987223	-0.453048	-0.891013	-0.029055	0.878308	-0.451696	0.156671
39831	11.199097	1.067180	1.331800	-0.864033	-1.068832	0.234367	-0.144407	0.038553	0.988767	-0.460316	-0.887155	-0.032636	0.875932	-0.459858	0.145858
39832	10.520118	-3.280493	-0.312279	-1.080973	-1.237112	0.220690	-0.134668	0.030960	0.990407	-0.469400	-0.882241	-0.036247	0.872656	-0.469779	0.133342
39833	11.678648	-3.873802	-3.284607	-0.166595	-1.582404	0.187664	-0.121723	0.021904	0.992322	-0.470651	-0.881489	-0.038275	0.873883	-0.471696	0.117606
39834	12.417413	0.142891	-3.504181	0.478079	-1.679933	0.275433	-0.108340	0.011672	0.994045	-0.466118	-0.883799	-0.040425	0.878064	-0.467722	0.101192
39835	10.497618	1.409850	-3.950935	0.483705	-1.685439	0.359989	-0.095169	0.000686	0.995461	-0.461530	-0.886057	-0.043513	0.882005	-0.463576	0.084642
39836	10.607652	1.884598	-4.153448	0.245408	-1.663256	0.325383	-0.081999	-0.009804	0.996584	-0.459054	-0.887191	-0.046499	0.884616	-0.461299	0.068248
39837	10.394026	1.384379	-3.645518	-0.133770	-1.524619	0.331210	-0.070022	-0.019734	0.997350	-0.460020	-0.886509	-0.049838	0.885143	-0.462291	0.052997
39838	9.712918	-0.499837	-3.171128	-0.322737	-1.391994	0.292701	-0.059060	-0.028693	0.997842	-0.462670	-0.884955	-0.052831	0.884561	-0.464792	0.038990
39839	9.281940	-1.485359	-2.607595	-0.176462	-1.318836	0.221389	-0.048412	-0.036740	0.998152	-0.464145	-0.884047	-0.055052	0.884435	-0.465952	0.025746
39840	9.497618	-1.885773	-1.644926	0.005311	-1.291425	0.175741	-0.037796	-0.044232	0.998306	-0.464019	-0.884006	-0.056735	0.885018	-0.465378	0.012888
39841	9.618525	-1.896962	-0.833546	0.167270	-1.272716	0.148867	-0.027206	-0.051409	0.998307	-0.462522	-0.884698	-0.058164	0.886190	-0.463321	0.000292
39842	9.732510	-1.612357	-0.090628	0.235483	-1.275306	0.157536	-0.016616	-0.058629	0.998142	-0.460408	-0.885698	-0.059688	0.887552	-0.460544	-0.012276
39843	9.767293	-1.151553	0.372395	0.200395	-1.270957	0.152353	-0.006021	-0.065767	0.997817	-0.458642	-0.886511	-0.061198	0.888601	-0.458010	-0.024826
39844	9.648241	-1.040976	-0.074096	0.000370	-1.203022	0.147566	0.003998	-0.072517	0.997359	-0.458650	-0.886408	-0.062611	0.888608	-0.457189	-0.036804
39845	9.605578	-1.203904	-1.100654	-0.148008	-1.104855	0.137547	0.013188	-0.078741	0.996808	-0.460007	-0.885615	-0.063872	0.887817	-0.457696	-0.047900
39846	9.371070	-1.492667	-2.064124	-0.193941	-1.068625	0.119343	0.022124	-0.084633	0.996167	-0.461764	-0.884625	-0.064901	0.886727	-0.458558	-0.058652
39847	9.517062	-0.896645	-2.502284	-0.145636	-1.036884	0.115229	0.030789	-0.090360	0.995433	-0.463115	-0.883844	-0.065906	0.885763	-0.458971	-0.069060
39848	9.685554	-0.669943	-2.753757	-0.240963	-0.994105	0.106989	0.039099	-0.095821	0.994630	-0.465310	-0.882628	-0.066740	0.884284	-0.460202	-0.079097
39849	9.846634	-1.027874	-2.977050	-0.292104	-0.950545	0.101865	0.047029	-0.101053	0.993769	-0.467962	-0.881170	-0.067458	0.882496	-0.461874	-0.088730
39850	9.860789	-1.110347	-2.829122	-0.255954	-0.919139	0.093891	0.054707	-0.106086	0.992851	-0.470299	-0.879875	-0.068101	0.880810	-0.463211	-0.098027
39851	9.755537	-1.148919	-2.680662	-0.222427	-0.907497	0.077735	0.062335	-0.110929	0.991871	-0.472330	-0.878749	-0.068594	0.879215	-0.464215	-0.107172
39852	9.641701	-0.796483	-2.537166	-0.205659	-0.905427	0.067185	0.069989	-0.115689	0.990817	-0.474222	-0.877699	-0.068984	0.877619	-0.465039	-0.116291
