// General information: 
//  MT Manager version: 2022.2.0 
//  XDA version: 2022.2.0 build 7381 rev 124627 built on 2023-07-19
// Device information: 
//  DeviceId: 00B4CAF0
//  ProductCode: MTW2-3A7G6
//  Firmware Version: 4.6.0
//  Hardware Version: 2.0.0
// Device settings: 
//  Filter Profile: human(46.1)
//  Option Flags: Orientation Smoother Disabled, Position/Velocity Smoother Disabled, Continuous Zero Rotation Update Disabled, AHS Disabled, ICC Disabled
// Coordinate system: ENU
PacketCounter	Acc_X	Acc_Y	Acc_Z	Gyr_X	Gyr_Y	Gyr_Z	Mat[1][1]	Mat[2][1]	Mat[3][1]	Mat[1][2]	Mat[2][2]	Mat[3][2]	Mat[1][3]	Mat[2][3]	Mat[3][3]
28745	4.333049	0.797024	9.301645	0.002470	-0.003616	0.004001	0.895924	-0.104571	0.431724	0.073258	0.993371	0.088586	-0.438126	-0.047739	0.897645
28746	4.333559	0.797017	9.301408	-0.000755	-0.007004	0.000022	0.895912	-0.104595	0.431742	0.073319	0.993373	0.088513	-0.438138	-0.047645	0.897644
28747	4.317415	0.779649	9.305100	0.003768	-0.002899	0.002396	0.895890	-0.104603	0.431787	0.073327	0.993373	0.088508	-0.438184	-0.047632	0.897622
28748	4.350896	0.814822	9.297122	0.004574	-0.002052	0.003390	0.895902	-0.104591	0.431764	0.073334	0.993376	0.088468	-0.438156	-0.047596	0.897638
28749	4.320702	0.813514	9.313355	0.003213	-0.001412	0.001394	0.895885	-0.104607	0.431795	0.073353	0.993375	0.088463	-0.438188	-0.047579	0.897623
28750	4.332095	0.807555	9.333998	0.005078	0.002617	0.003375	0.895918	-0.104593	0.431730	0.073359	0.993378	0.088428	-0.438120	-0.047553	0.897658
28751	4.309012	0.820559	9.292754	0.008228	0.002562	0.001168	0.895918	-0.104610	0.431725	0.073358	0.993374	0.088468	-0.438120	-0.047590	0.897656
28752	4.345484	0.792749	9.321659	0.007800	0.001335	0.007369	0.895949	-0.104555	0.431676	0.073314	0.993380	0.088441	-0.438065	-0.047591	0.897683
28753	4.350670	0.817123	9.297026	0.011998	-0.000338	0.003564	0.895938	-0.104550	0.431700	0.073275	0.993377	0.088505	-0.438094	-0.047662	0.897665
28754	4.333789	0.800554	9.300997	0.010095	0.006589	0.003149	0.895988	-0.104536	0.431599	0.073260	0.993377	0.088516	-0.437994	-0.047690	0.897712
28755	4.344734	0.795226	9.321798	0.012503	0.004330	0.003549	0.895998	-0.104528	0.431581	0.073219	0.993374	0.088585	-0.437981	-0.047772	0.897714
28756	4.319394	0.818229	9.313548	0.009340	-0.000415	0.003173	0.896017	-0.104518	0.431544	0.073208	0.993374	0.088589	-0.437944	-0.047785	0.897732
28757	4.300507	0.811186	9.350447	0.009341	-0.000416	0.003173	0.896005	-0.104516	0.431568	0.073184	0.993372	0.088631	-0.437971	-0.047830	0.897716
28758	4.331060	0.813338	9.333976	0.006429	-0.002825	0.002790	0.896013	-0.104511	0.431552	0.073189	0.993374	0.088611	-0.437954	-0.047812	0.897725
28759	4.301080	0.812148	9.350100	0.003517	-0.005235	0.002406	0.895980	-0.104520	0.431619	0.073198	0.993374	0.088604	-0.438020	-0.047794	0.897694
28760	4.329249	0.780458	9.324975	0.001967	-0.008285	0.004020	0.895965	-0.104505	0.431654	0.073212	0.993379	0.088539	-0.438048	-0.047725	0.897684
28761	4.338258	0.837346	9.308424	-0.001751	-0.011542	0.002642	0.895905	-0.104514	0.431777	0.073241	0.993381	0.088483	-0.438167	-0.047649	0.897630
28762	4.336592	0.803823	9.299409	0.000657	-0.013802	0.003043	0.895865	-0.104512	0.431861	0.073270	0.993386	0.088410	-0.438244	-0.047561	0.897597
28763	4.352104	0.830688	9.327990	-0.002241	-0.011412	0.005242	0.895806	-0.104495	0.431985	0.073278	0.993391	0.088340	-0.438362	-0.047480	0.897544
28764	4.324980	0.818737	9.310911	-0.008354	-0.007607	0.006047	0.895796	-0.104460	0.432017	0.073319	0.993403	0.088173	-0.438377	-0.047310	0.897545
28765	4.334403	0.778185	9.322771	-0.008115	-0.010074	0.003457	0.895742	-0.104460	0.432128	0.073369	0.993410	0.088057	-0.438478	-0.047172	0.897503
28766	4.340487	0.800793	9.297853	-0.009650	-0.008325	0.007653	0.895729	-0.104409	0.432167	0.073400	0.993424	0.087872	-0.438500	-0.046989	0.897502
28767	4.352677	0.793710	9.318221	-0.003905	-0.006949	0.002234	0.895688	-0.104420	0.432249	0.073443	0.993427	0.087800	-0.438576	-0.046895	0.897470
28768	4.358234	0.816949	9.293497	-0.003957	-0.000791	0.001215	0.895703	-0.104429	0.432215	0.073507	0.993432	0.087693	-0.438534	-0.046776	0.897496
28769	4.369683	0.810399	9.314166	-0.001853	0.000772	0.000603	0.895695	-0.104452	0.432227	0.073556	0.993432	0.087646	-0.438543	-0.046712	0.897496
28770	4.341270	0.798862	9.297653	-0.002884	0.007192	0.004783	0.895748	-0.104422	0.432125	0.073582	0.993440	0.087535	-0.438431	-0.046612	0.897555
28771	4.351996	0.792450	9.318647	0.002370	0.008699	0.001963	0.895775	-0.104428	0.432066	0.073600	0.993440	0.087519	-0.438371	-0.046598	0.897585
28772	4.328510	0.805060	9.277628	0.002674	0.004875	0.002974	0.895816	-0.104420	0.431984	0.073622	0.993443	0.087465	-0.438284	-0.046550	0.897630
28773	4.337102	0.808615	9.331581	0.002926	0.007210	0.002966	0.895838	-0.104417	0.431939	0.073628	0.993444	0.087451	-0.438239	-0.046539	0.897653
28774	4.333750	0.775407	9.323306	0.003229	0.003386	0.003977	0.895873	-0.104398	0.431871	0.073638	0.993448	0.087398	-0.438166	-0.046495	0.897691
28775	4.325093	0.815423	9.311150	0.009342	-0.000419	0.003171	0.895861	-0.104397	0.431896	0.073614	0.993446	0.087440	-0.438193	-0.046540	0.897675
28776	4.322134	0.782377	9.302680	-0.000238	0.002466	0.002591	0.895891	-0.104391	0.431835	0.073649	0.993450	0.087361	-0.438127	-0.046462	0.897712
28777	4.336530	0.809524	9.331768	0.002963	-0.003749	0.001402	0.895864	-0.104409	0.431888	0.073669	0.993450	0.087354	-0.438179	-0.046440	0.897687
28778	4.355910	0.817083	9.294575	-0.004952	-0.005329	0.003831	0.895860	-0.104394	0.431899	0.073714	0.993457	0.087228	-0.438179	-0.046307	0.897694
28779	4.325995	0.814926	9.310774	-0.005507	-0.003841	0.002828	0.895833	-0.104398	0.431953	0.073759	0.993462	0.087138	-0.438226	-0.046201	0.897677
28780	4.321365	0.790643	9.335151	-0.003033	-0.007460	0.006830	0.895822	-0.104354	0.431987	0.073768	0.993472	0.087017	-0.438247	-0.046085	0.897672
28781	4.335958	0.774106	9.322387	-0.005455	-0.010000	0.003847	0.895769	-0.104350	0.432097	0.073803	0.993477	0.086923	-0.438349	-0.045973	0.897628
28782	4.317114	0.819566	9.289081	0.000658	-0.013806	0.003041	0.895728	-0.104349	0.432184	0.073831	0.993482	0.086852	-0.438430	-0.045887	0.897593
28783	4.341199	0.806786	9.329833	-0.004409	-0.011620	0.002251	0.895666	-0.104361	0.432308	0.073876	0.993485	0.086774	-0.438548	-0.045784	0.897541
28784	4.373033	0.807590	9.312838	-0.006949	-0.019213	0.006481	0.895603	-0.104327	0.432447	0.073906	0.993496	0.086620	-0.438671	-0.045617	0.897489
28785	4.362996	0.812726	9.291633	-0.011259	-0.010020	0.005668	0.895552	-0.104305	0.432559	0.073950	0.993506	0.086467	-0.438769	-0.045448	0.897450
28786	4.342219	0.770862	9.319741	0.000424	-0.011344	0.005631	0.895522	-0.104274	0.432627	0.073952	0.993514	0.086383	-0.438829	-0.045364	0.897425
28787	4.343426	0.770609	9.319200	-0.001998	-0.013884	0.002649	0.895452	-0.104284	0.432772	0.073983	0.993516	0.086325	-0.438968	-0.045282	0.897361
28788	4.366441	0.811548	9.290118	0.000914	-0.011475	0.003031	0.895419	-0.104281	0.432839	0.074010	0.993520	0.086257	-0.439029	-0.045201	0.897335
28789	4.364512	0.778092	9.281178	0.000678	-0.009010	0.005623	0.895372	-0.104259	0.432942	0.074002	0.993525	0.086210	-0.439127	-0.045151	0.897290
28790	4.398615	0.812942	9.272877	0.002462	-0.008424	0.001417	0.895352	-0.104268	0.432981	0.074034	0.993527	0.086163	-0.439162	-0.045090	0.897276
28791	4.393947	0.789367	9.297214	0.001921	-0.002132	0.002998	0.895333	-0.104269	0.433020	0.074045	0.993528	0.086139	-0.439199	-0.045060	0.897259
28792	4.321875	0.792435	9.309347	-0.002339	0.000903	0.003204	0.895355	-0.104259	0.432977	0.074084	0.993533	0.086040	-0.439148	-0.044960	0.897289
28793	4.380257	0.804917	9.309673	0.002493	0.001180	0.006583	0.895353	-0.104223	0.432990	0.074060	0.993538	0.086006	-0.439156	-0.044938	0.897286
28794	4.363516	0.787689	9.313662	0.004763	0.001636	-0.000223	0.895376	-0.104247	0.432937	0.074099	0.993537	0.085986	-0.439103	-0.044910	0.897314
28795	4.346657	0.770633	9.317691	0.003719	0.003256	0.001375	0.895379	-0.104261	0.432927	0.074116	0.993536	0.085985	-0.439094	-0.044903	0.897319
28796	4.354431	0.827955	9.301710	0.004528	0.004102	0.002368	0.895414	-0.104256	0.432855	0.074131	0.993537	0.085953	-0.439019	-0.044876	0.897356
28797	4.351076	0.794812	9.293416	0.001311	0.005518	0.000977	0.895427	-0.104274	0.432824	0.074162	0.993537	0.085932	-0.438987	-0.044847	0.897373
28798	4.373550	0.782393	9.334880	0.001868	0.004028	0.001979	0.895462	-0.104275	0.432753	0.074194	0.993539	0.085877	-0.438912	-0.044792	0.897413
28799	4.336497	0.810896	9.306239	0.001312	0.005518	0.000977	0.895475	-0.104292	0.432722	0.074225	0.993539	0.085856	-0.438880	-0.044763	0.897430
28800	4.338621	0.801179	9.273240	-0.000739	-0.002206	0.002608	0.895482	-0.104289	0.432707	0.074262	0.993543	0.085775	-0.438859	-0.044677	0.897445
28801	4.375393	0.772456	9.302031	-0.003956	-0.000790	0.001216	0.895468	-0.104307	0.432733	0.074314	0.993545	0.085707	-0.438880	-0.044589	0.897439
28802	4.378442	0.805317	9.310492	-0.003079	-0.001303	0.005812	0.895481	-0.104271	0.432714	0.074331	0.993554	0.085591	-0.438849	-0.044481	0.897459
28803	4.380650	0.795215	9.277486	-0.002087	0.003239	0.003195	0.895486	-0.104267	0.432705	0.074357	0.993557	0.085530	-0.438835	-0.044416	0.897469
28804	4.375006	0.771097	9.302326	-0.005051	0.006991	0.001795	0.895532	-0.104269	0.432608	0.074422	0.993562	0.085414	-0.438729	-0.044295	0.897527
28805	4.377254	0.804099	9.311156	-0.001095	0.007780	0.000579	0.895555	-0.104290	0.432556	0.074467	0.993562	0.085373	-0.438675	-0.044245	0.897556
28806	4.392165	0.778135	9.266191	-0.005337	0.015616	0.003368	0.895641	-0.104273	0.432383	0.074519	0.993569	0.085248	-0.438492	-0.044130	0.897651
28807	4.360123	0.776452	9.283379	0.004445	0.021221	0.002916	0.895724	-0.104264	0.432213	0.074519	0.993569	0.085247	-0.438322	-0.044149	0.897733
28808	4.357882	0.776837	9.284399	0.004885	0.027249	-0.000702	0.895857	-0.104278	0.431933	0.074558	0.993568	0.085231	-0.438042	-0.044151	0.897870
28809	4.352979	0.786945	9.318654	0.002162	0.028533	-0.004695	0.895967	-0.104342	0.431690	0.074636	0.993561	0.085243	-0.437805	-0.044155	0.897985
28810	4.355429	0.811175	9.295318	0.006443	0.030294	-0.002314	0.896112	-0.104374	0.431381	0.074686	0.993557	0.085248	-0.437499	-0.044174	0.898133
28811	4.385187	0.803300	9.247260	-0.001768	0.032536	-0.000897	0.896241	-0.104398	0.431106	0.074747	0.993555	0.085208	-0.437223	-0.044143	0.898269
28812	4.363017	0.795541	9.285764	0.000598	0.036428	-0.001515	0.896413	-0.104420	0.430743	0.074816	0.993555	0.085158	-0.436859	-0.044110	0.898448
28813	4.367824	0.756284	9.299644	0.003710	0.042522	-0.004740	0.896584	-0.104478	0.430374	0.074888	0.993547	0.085183	-0.436497	-0.044144	0.898622
28814	4.333325	0.755422	9.317822	0.004464	0.044718	-0.007346	0.896787	-0.104553	0.429932	0.074991	0.993538	0.085192	-0.436061	-0.044158	0.898833
28815	4.320353	0.795868	9.307648	0.006284	0.050092	-0.008964	0.896987	-0.104650	0.429492	0.075090	0.993525	0.085259	-0.435633	-0.044226	0.899037
28816	4.332204	0.814104	9.305909	0.004761	0.051830	-0.004768	0.897222	-0.104696	0.428988	0.075167	0.993519	0.085260	-0.435134	-0.044252	0.899277
28817	4.297206	0.813419	9.324228	0.007964	0.045612	-0.005952	0.897404	-0.104765	0.428591	0.075232	0.993508	0.085329	-0.434748	-0.044331	0.899460
28818	4.304302	0.808080	9.346802	0.006673	0.044890	-0.004347	0.897609	-0.104812	0.428149	0.075301	0.993502	0.085345	-0.434312	-0.044367	0.899669
28819	4.308695	0.769160	9.360836	0.002958	0.041633	-0.005731	0.897774	-0.104880	0.427788	0.075385	0.993494	0.085368	-0.433958	-0.044393	0.899839
28820	4.326900	0.810889	9.334075	0.005918	0.037883	-0.004322	0.897948	-0.104929	0.427410	0.075454	0.993487	0.085378	-0.433585	-0.044415	0.900018
28821	4.281515	0.816256	9.331195	0.004073	0.038649	-0.003722	0.898101	-0.104978	0.427076	0.075515	0.993481	0.085402	-0.433258	-0.044449	0.900173
28822	4.297148	0.824632	9.295835	0.005674	0.035542	-0.004312	0.898264	-0.105032	0.426719	0.075591	0.993474	0.085409	-0.432905	-0.044464	0.900342
28823	4.269378	0.793642	9.358788	0.001220	0.034880	-0.000510	0.898403	-0.105051	0.426423	0.075636	0.993472	0.085394	-0.432610	-0.044465	0.900484
28824	4.269031	0.826976	9.368728	-0.003048	0.033113	-0.002901	0.898557	-0.105088	0.426089	0.075732	0.993472	0.085317	-0.432273	-0.044393	0.900649
28825	4.274873	0.787302	9.382165	-0.000874	0.022379	-0.001468	0.898641	-0.105122	0.425904	0.075794	0.993469	0.085287	-0.432088	-0.044361	0.900740
28826	4.278345	0.810615	9.358492	-0.007206	0.017703	0.000345	0.898730	-0.105132	0.425713	0.075877	0.993474	0.085159	-0.431887	-0.044233	0.900842
28827	4.248993	0.798498	9.342321	-0.011688	0.012255	0.001560	0.898772	-0.105140	0.425621	0.075958	0.993480	0.085018	-0.431785	-0.044083	0.900899
28828	4.250850	0.830693	9.351361	-0.010592	0.009284	0.003568	0.898828	-0.105123	0.425508	0.076028	0.993489	0.084846	-0.431657	-0.043912	0.900968
28829	4.269982	0.783499	9.384711	-0.014267	0.004681	0.005780	0.898841	-0.105093	0.425489	0.076083	0.993501	0.084665	-0.431621	-0.043728	0.900994
28830	4.289206	0.789746	9.347943	-0.012647	-0.004563	0.006206	0.898838	-0.105056	0.425503	0.076138	0.993513	0.084463	-0.431616	-0.043522	0.901007
28831	4.261400	0.777041	9.331103	-0.014525	0.002350	0.005787	0.898841	-0.105027	0.425505	0.076194	0.993525	0.084279	-0.431601	-0.043333	0.901023
28832	4.291701	0.776922	9.315168	-0.016685	0.002146	0.002789	0.898865	-0.105020	0.425456	0.076295	0.993536	0.084056	-0.431533	-0.043095	0.901067
28833	4.319548	0.786768	9.332233	-0.008162	0.000881	0.004993	0.898861	-0.105000	0.425470	0.076331	0.993544	0.083933	-0.431536	-0.042967	0.901072
28834	4.272260	0.766544	9.352373	-0.013715	0.003192	0.006785	0.898892	-0.104952	0.425415	0.076384	0.993558	0.083719	-0.431461	-0.042760	0.901118
28835	4.266165	0.795128	9.307315	-0.010012	0.001651	0.005591	0.898891	-0.104926	0.425423	0.076422	0.993567	0.083577	-0.431455	-0.042615	0.901127
28836	4.288637	0.781423	9.348903	-0.010011	0.001650	0.005591	0.898915	-0.104890	0.425382	0.076469	0.993578	0.083402	-0.431398	-0.042443	0.901163
28837	4.258191	0.778698	9.365137	-0.011078	-0.001523	0.004599	0.898900	-0.104875	0.425417	0.076520	0.993586	0.083254	-0.431420	-0.042284	0.901160
28838	4.275226	0.794805	9.361273	-0.011288	-0.005211	0.008205	0.898896	-0.104820	0.425440	0.076554	0.993600	0.083057	-0.431423	-0.042090	0.901167
28839	4.289659	0.777343	9.348774	-0.015558	-0.006973	0.005810	0.898858	-0.104795	0.425525	0.076614	0.993612	0.082863	-0.431490	-0.041881	0.901145
28840	4.262605	0.764816	9.331563	-0.008106	-0.011412	0.007021	0.898826	-0.104753	0.425603	0.076643	0.993623	0.082699	-0.431552	-0.041713	0.901123
28841	4.263723	0.763608	9.331151	-0.012923	-0.011687	0.003623	0.898767	-0.104752	0.425729	0.076711	0.993631	0.082539	-0.431664	-0.041525	0.901078
28842	4.323213	0.775092	9.331513	-0.006489	-0.009727	0.009016	0.898744	-0.104686	0.425794	0.076710	0.993644	0.082382	-0.431712	-0.041377	0.901062
28843	4.296068	0.763032	9.314303	-0.007086	-0.006882	0.004413	0.898706	-0.104674	0.425877	0.076746	0.993651	0.082271	-0.431785	-0.041253	0.901033
28844	4.296779	0.762318	9.314034	-0.003075	-0.007452	0.006812	0.898690	-0.104633	0.425920	0.076755	0.993660	0.082153	-0.431816	-0.041139	0.901023
28845	4.261787	0.736614	9.354362	-0.000677	-0.009709	0.007216	0.898642	-0.104595	0.426031	0.076738	0.993666	0.082088	-0.431919	-0.041074	0.900977
28846	4.279454	0.753841	9.350116	0.001668	-0.010606	0.004020	0.898610	-0.104583	0.426100	0.076752	0.993671	0.082024	-0.431982	-0.041004	0.900950
28847	4.308781	0.765033	9.366387	0.003546	-0.017523	0.004433	0.898526	-0.104576	0.426280	0.076742	0.993673	0.082009	-0.432159	-0.040974	0.900866
28848	4.287696	0.777784	9.324263	0.004615	-0.014351	0.005426	0.898480	-0.104550	0.426384	0.076729	0.993677	0.081967	-0.432257	-0.040930	0.900821
28849	4.317063	0.789109	9.340494	0.004616	-0.014352	0.005426	0.898410	-0.104531	0.426535	0.076705	0.993680	0.081957	-0.432407	-0.040914	0.900750
28850	4.332407	0.773466	9.327383	0.005400	-0.018297	0.003835	0.898346	-0.104519	0.426674	0.076698	0.993683	0.081930	-0.432542	-0.040876	0.900687
28851	4.330995	0.740401	9.318128	0.004071	-0.012867	0.004424	0.898281	-0.104510	0.426812	0.076686	0.993684	0.081919	-0.432677	-0.040856	0.900623
28852	4.337329	0.764412	9.293124	0.005892	-0.007490	0.002812	0.898262	-0.104507	0.426852	0.076690	0.993686	0.081901	-0.432716	-0.040833	0.900605
28853	4.349182	0.758673	9.313527	0.008262	-0.003600	0.002202	0.898237	-0.104516	0.426904	0.076680	0.993683	0.081937	-0.432772	-0.040864	0.900577
28854	4.337708	0.765678	9.292843	0.008752	0.007209	0.001177	0.898280	-0.104523	0.426812	0.076686	0.993682	0.081951	-0.432681	-0.040884	0.900619
28855	4.328925	0.709731	9.308999	0.015659	0.004252	0.001380	0.898287	-0.104537	0.426793	0.076651	0.993676	0.082057	-0.432672	-0.040997	0.900619
28856	4.303443	0.776542	9.342504	0.019852	0.013517	-0.000844	0.898356	-0.104556	0.426642	0.076620	0.993668	0.082182	-0.432533	-0.041139	0.900679
28857	4.330022	0.789482	9.359874	0.018264	0.016617	-0.000251	0.898416	-0.104582	0.426510	0.076589	0.993659	0.082319	-0.432415	-0.041291	0.900729
28858	4.283793	0.762731	9.347408	0.018761	0.016487	-0.002849	0.898495	-0.104631	0.426331	0.076595	0.993648	0.082439	-0.432249	-0.041416	0.900803
28859	4.282452	0.764504	9.347877	0.017749	0.011953	-0.000238	0.898535	-0.104658	0.426241	0.076566	0.993640	0.082572	-0.432172	-0.041558	0.900833
28860	4.286788	0.789505	9.323695	0.010321	0.010250	-0.000431	0.898590	-0.104679	0.426121	0.076578	0.993636	0.082608	-0.432056	-0.041599	0.900887
28861	4.299727	0.774582	9.311662	0.012226	0.008120	0.002573	0.898615	-0.104680	0.426067	0.076547	0.993632	0.082679	-0.432009	-0.041682	0.900906
28862	4.310218	0.769345	9.332666	0.011679	0.009605	0.001570	0.898668	-0.104680	0.425955	0.076534	0.993630	0.082718	-0.431900	-0.041736	0.900955
28863	4.279038	0.769194	9.349056	0.017781	0.005802	0.000781	0.898682	-0.104699	0.425921	0.076496	0.993622	0.082847	-0.431878	-0.041872	0.900959
28864	4.327927	0.780010	9.296211	0.016141	0.010259	-0.002230	0.898735	-0.104739	0.425799	0.076500	0.993614	0.082943	-0.431767	-0.041970	0.901008
28865	4.293998	0.789280	9.345782	0.005008	0.010103	-0.001230	0.898766	-0.104777	0.425725	0.076535	0.993609	0.082965	-0.431697	-0.041983	0.901041
28866	4.326202	0.781614	9.296879	0.007458	0.006488	0.002779	0.898806	-0.104772	0.425642	0.076536	0.993610	0.082960	-0.431614	-0.041988	0.901081
28867	4.291819	0.747388	9.304984	0.006340	0.015604	-0.000248	0.898861	-0.104797	0.425519	0.076556	0.993605	0.082990	-0.431495	-0.042021	0.901136
28868	4.334984	0.776569	9.318670	0.007150	0.016446	0.000749	0.898943	-0.104806	0.425344	0.076574	0.993604	0.082992	-0.431322	-0.042035	0.901218
28869	4.302652	0.775658	9.335634	0.005277	0.023361	0.000327	0.899032	-0.104823	0.425152	0.076594	0.993601	0.083010	-0.431133	-0.042065	0.901307
28870	4.319392	0.783754	9.299865	0.002597	0.029430	-0.001093	0.899168	-0.104842	0.424859	0.076645	0.993599	0.082980	-0.430840	-0.042049	0.901448
28871	4.310903	0.760660	9.325810	0.008709	0.036554	-0.000312	0.899313	-0.104860	0.424547	0.076656	0.993594	0.083031	-0.430534	-0.042127	0.901590
28872	4.276989	0.760064	9.343439	0.007050	0.036218	-0.005908	0.899474	-0.104928	0.424190	0.076735	0.993586	0.083060	-0.430184	-0.042160	0.901756
28873	4.320612	0.779682	9.325083	0.004971	0.039443	-0.002721	0.899630	-0.104968	0.423849	0.076784	0.993580	0.083088	-0.429850	-0.042204	0.901914
28874	4.283652	0.788276	9.375981	-0.000623	0.043107	-0.004538	0.899821	-0.105019	0.423431	0.076883	0.993576	0.083043	-0.429432	-0.042169	0.902114
28875	4.298816	0.796136	9.341007	0.000194	0.043943	-0.003539	0.899995	-0.105065	0.423049	0.076960	0.993571	0.083031	-0.429053	-0.042170	0.902294
28876	4.272042	0.808793	9.301455	-0.000075	0.047747	-0.004550	0.900205	-0.105112	0.422589	0.077054	0.993567	0.082991	-0.428594	-0.042147	0.902514
28877	4.259546	0.795038	9.361047	0.000478	0.046255	-0.003543	0.900389	-0.105157	0.422187	0.077129	0.993562	0.082982	-0.428195	-0.042153	0.902703
28878	4.227357	0.784066	9.345989	0.001031	0.044764	-0.002537	0.900588	-0.105188	0.421755	0.077204	0.993559	0.082943	-0.427763	-0.042137	0.902908
28879	4.234539	0.777908	9.368576	-0.001343	0.040877	-0.001929	0.900749	-0.105219	0.421402	0.077272	0.993557	0.082911	-0.427410	-0.042119	0.903076
28880	4.264239	0.812498	9.362728	-0.003413	0.037965	0.002273	0.900923	-0.105199	0.421036	0.077314	0.993562	0.082813	-0.427037	-0.042056	0.903256
28881	4.213883	0.792996	9.383960	-0.009290	0.028387	-0.001110	0.901031	-0.105227	0.420797	0.077409	0.993563	0.082705	-0.426791	-0.041946	0.903377
28882	4.241885	0.793554	9.369189	-0.010055	0.026189	0.001493	0.901153	-0.105228	0.420536	0.077497	0.993569	0.082549	-0.426518	-0.041799	0.903513
28883	4.234138	0.768869	9.394820	-0.010586	0.021537	0.001506	0.901234	-0.105234	0.420360	0.077574	0.993574	0.082418	-0.426332	-0.041669	0.903606
28884	4.223540	0.764498	9.342033	-0.007657	0.023931	0.001908	0.901346	-0.105230	0.420121	0.077646	0.993580	0.082283	-0.426082	-0.041545	0.903730
28885	4.260495	0.768819	9.380867	-0.003412	0.020906	0.001730	0.901425	-0.105234	0.419951	0.077690	0.993582	0.082216	-0.425908	-0.041485	0.903815
28886	4.222571	0.796752	9.352339	-0.004450	0.016386	0.004338	0.901507	-0.105209	0.419782	0.077726	0.993589	0.082099	-0.425728	-0.041385	0.903904
28887	4.257120	0.767748	9.382487	-0.003373	0.019550	0.005332	0.901582	-0.105177	0.419628	0.077737	0.993595	0.082017	-0.425566	-0.041325	0.903983
28888	4.241262	0.740267	9.354067	-0.002902	0.020772	-0.000866	0.901678	-0.105205	0.419415	0.077816	0.993595	0.081937	-0.425349	-0.041243	0.904089
28889	4.253580	0.767371	9.384123	0.004573	0.014984	0.003974	0.901733	-0.105188	0.419300	0.077806	0.993596	0.081932	-0.425234	-0.041257	0.904143
28890	4.210252	0.772281	9.379981	0.000299	0.019359	0.000548	0.901824	-0.105199	0.419102	0.077855	0.993597	0.081875	-0.425031	-0.041208	0.904240
28891	4.225299	0.789470	9.377025	-0.003939	0.016251	0.001741	0.901883	-0.105205	0.418974	0.077901	0.993599	0.081804	-0.424898	-0.041139	0.904306
28892	4.251677	0.800088	9.394823	-0.005250	0.015538	0.003337	0.901960	-0.105190	0.418812	0.077950	0.993605	0.081684	-0.424727	-0.041030	0.904391
28893	4.236358	0.772253	9.366185	-0.007369	0.013984	0.003933	0.902010	-0.105175	0.418707	0.077991	0.993611	0.081572	-0.424611	-0.040924	0.904450
28894	4.223978	0.777598	9.346016	-0.010328	0.012941	-0.000074	0.902073	-0.105196	0.418566	0.078091	0.993616	0.081421	-0.424459	-0.040761	0.904529
28895	4.247715	0.754631	9.355248	-0.003901	0.014894	0.005344	0.902129	-0.105166	0.418454	0.078105	0.993622	0.081335	-0.424339	-0.040691	0.904589
28896	4.251872	0.777628	9.331441	-0.008742	0.015975	-0.001674	0.902203	-0.105199	0.418285	0.078210	0.993624	0.081205	-0.424161	-0.040549	0.904679
28897	4.230966	0.769109	9.368880	-0.006557	0.014821	0.004934	0.902258	-0.105173	0.418173	0.078239	0.993631	0.081096	-0.424038	-0.040452	0.904740
28898	4.246167	0.742776	9.324356	-0.005779	0.017013	0.002334	0.902340	-0.105165	0.417998	0.078294	0.993636	0.080977	-0.423854	-0.040342	0.904832
28899	4.227850	0.767965	9.370381	-0.001000	0.018637	0.002151	0.902409	-0.105166	0.417849	0.078324	0.993638	0.080930	-0.423701	-0.040305	0.904905
28900	4.195541	0.766405	9.387051	0.000852	0.017866	0.001561	0.902494	-0.105169	0.417666	0.078363	0.993639	0.080873	-0.423514	-0.040258	0.904994
28901	4.218955	0.744227	9.396370	0.001390	0.016383	0.002566	0.902553	-0.105166	0.417537	0.078379	0.993640	0.080846	-0.423384	-0.040242	0.905056
28902	4.237164	0.752076	9.360238	0.003507	0.011810	0.002987	0.902613	-0.105158	0.417410	0.078394	0.993642	0.080808	-0.423254	-0.040216	0.905118
28903	4.205318	0.750721	9.376668	0.001929	0.014900	0.003572	0.902667	-0.105146	0.417296	0.078398	0.993644	0.080782	-0.423138	-0.040204	0.905173
28904	4.220731	0.768548	9.373542	0.008794	0.013303	0.000209	0.902732	-0.105157	0.417154	0.078407	0.993641	0.080804	-0.422999	-0.040237	0.905237
28905	4.230523	0.762747	9.394917	0.004081	0.015098	0.006580	0.902789	-0.105115	0.417041	0.078375	0.993645	0.080785	-0.422882	-0.040246	0.905291
28906	4.218121	0.769469	9.374641	0.008797	0.013301	0.000210	0.902853	-0.105135	0.416898	0.078394	0.993642	0.080807	-0.422743	-0.040274	0.905354
28907	4.202974	0.742894	9.345809	0.002975	0.013287	0.001981	0.902898	-0.105139	0.416797	0.078409	0.993642	0.080796	-0.422642	-0.040270	0.905402
28908	4.215509	0.770199	9.375756	0.004056	0.016448	0.002978	0.902978	-0.105127	0.416629	0.078419	0.993644	0.080764	-0.422471	-0.040257	0.905482
28909	4.200298	0.786484	9.388502	0.006170	0.011876	0.003400	0.903019	-0.105118	0.416542	0.078407	0.993644	0.080777	-0.422385	-0.040283	0.905521
28910	4.213122	0.770748	9.376784	0.000855	0.011734	0.002574	0.903078	-0.105111	0.416416	0.078433	0.993646	0.080717	-0.422255	-0.040233	0.905584
28911	4.214949	0.760810	9.344236	-0.003925	0.010112	0.002753	0.903111	-0.105109	0.416345	0.078470	0.993650	0.080641	-0.422177	-0.040157	0.905623
28912	4.191701	0.762139	9.414378	-0.008197	0.008361	0.000337	0.903154	-0.105121	0.416248	0.078550	0.993654	0.080510	-0.422070	-0.040016	0.905680
28913	4.210700	0.769203	9.377998	-0.003935	0.003988	0.003768	0.903162	-0.105112	0.416233	0.078577	0.993658	0.080429	-0.422048	-0.039934	0.905694
28914	4.218762	0.728886	9.390458	-0.006031	0.001085	0.007962	0.903180	-0.105057	0.416209	0.078585	0.993669	0.080285	-0.422008	-0.039804	0.905718
28915	4.210313	0.767891	9.378280	-0.001277	0.004058	0.004182	0.903188	-0.105043	0.416193	0.078598	0.993673	0.080227	-0.421987	-0.039748	0.905730
28916	4.209895	0.767512	9.378498	-0.002319	0.005668	0.005772	0.903224	-0.105007	0.416126	0.078609	0.993680	0.080126	-0.421910	-0.039661	0.905770
28917	4.223386	0.751193	9.366533	-0.001277	0.004058	0.004182	0.903232	-0.104994	0.416110	0.078622	0.993684	0.080068	-0.421889	-0.039605	0.905782
28918	4.197982	0.773333	9.358075	0.003504	0.005679	0.004004	0.903266	-0.104976	0.416041	0.078624	0.993687	0.080027	-0.421816	-0.039575	0.905818
28919	4.233461	0.744702	9.387838	-0.002852	0.007148	0.004766	0.903288	-0.104955	0.415998	0.078638	0.993692	0.079952	-0.421765	-0.039506	0.905844
28920	4.180046	0.755434	9.362311	-0.000194	0.007218	0.005180	0.903330	-0.104924	0.415916	0.078645	0.993698	0.079873	-0.421676	-0.039442	0.905888
28921	4.237851	0.768084	9.363943	0.005629	0.007229	0.003412	0.903351	-0.104917	0.415872	0.078636	0.993698	0.079881	-0.421632	-0.039458	0.905908
28922	4.206484	0.766821	9.380085	0.001930	0.008768	0.004588	0.903398	-0.104898	0.415775	0.078646	0.993702	0.079822	-0.421530	-0.039412	0.905958
28923	4.216833	0.760429	9.401258	-0.000194	0.007217	0.005180	0.903421	-0.104873	0.415732	0.078645	0.993706	0.079770	-0.421481	-0.039371	0.905982
28924	4.174554	0.765253	9.396497	0.005656	0.005876	0.007014	0.903457	-0.104823	0.415664	0.078609	0.993712	0.079737	-0.421409	-0.039364	0.906016
28925	4.185402	0.759164	9.417420	0.003492	-0.000444	0.005018	0.903448	-0.104803	0.415690	0.078594	0.993714	0.079719	-0.421432	-0.039351	0.906006
28926	4.160953	0.781448	9.408516	0.002394	-0.009725	0.005034	0.903417	-0.104781	0.415762	0.078593	0.993719	0.079664	-0.421498	-0.039294	0.905978
28927	4.167148	0.751142	9.453526	-0.005004	-0.006646	0.007385	0.903383	-0.104740	0.415847	0.078592	0.993727	0.079559	-0.421571	-0.039190	0.905948
28928	4.188141	0.758305	9.416272	-0.000291	-0.022039	0.006648	0.903302	-0.104708	0.416032	0.078588	0.993734	0.079473	-0.421746	-0.039093	0.905871
28929	4.226670	0.782513	9.375020	-0.013043	-0.023869	0.005585	0.903194	-0.104692	0.416270	0.078638	0.993744	0.079303	-0.421968	-0.038891	0.905776
28930	4.228962	0.780782	9.374131	-0.016711	-0.023686	0.010364	0.903108	-0.104623	0.416473	0.078670	0.993761	0.079053	-0.422146	-0.038629	0.905705
28931	4.242150	0.729602	9.352591	-0.015118	-0.020656	0.008766	0.903016	-0.104574	0.416685	0.078700	0.993775	0.078850	-0.422337	-0.038410	0.905625
28932	4.254965	0.721884	9.372743	-0.007939	-0.015165	0.007991	0.902964	-0.104523	0.416810	0.078712	0.993787	0.078690	-0.422445	-0.038246	0.905581
28933	4.228490	0.752941	9.396623	-0.002884	-0.011225	0.007807	0.902911	-0.104479	0.416936	0.078699	0.993795	0.078603	-0.422561	-0.038159	0.905531
28934	4.226622	0.719216	9.387668	0.000553	-0.008962	0.005620	0.902884	-0.104450	0.417002	0.078698	0.993801	0.078529	-0.422619	-0.038085	0.905507
28935	4.249747	0.716707	9.317635	-0.005498	-0.006525	0.009984	0.902853	-0.104382	0.417087	0.078676	0.993812	0.078409	-0.422691	-0.037977	0.905478
28936	4.228074	0.718299	9.387085	0.003989	-0.006700	0.003432	0.902833	-0.104372	0.417132	0.078679	0.993814	0.078376	-0.422732	-0.037942	0.905460
28937	4.242468	0.702179	9.374659	-0.003405	-0.003619	0.005789	0.902811	-0.104346	0.417187	0.078686	0.993820	0.078292	-0.422778	-0.037857	0.905442
28938	4.234851	0.741404	9.362135	-0.000790	-0.008320	0.003613	0.902783	-0.104346	0.417246	0.078720	0.993824	0.078214	-0.422830	-0.037765	0.905422
28939	4.265921	0.742654	9.346070	0.000840	-0.000517	0.004603	0.902773	-0.104330	0.417272	0.078720	0.993827	0.078173	-0.422852	-0.037725	0.905413
28940	4.210267	0.763701	9.353346	0.007742	0.002654	0.003829	0.902793	-0.104311	0.417233	0.078701	0.993828	0.078173	-0.422813	-0.037737	0.905431
28941	4.262922	0.752875	9.379151	0.002962	0.001034	0.004010	0.902789	-0.104301	0.417245	0.078698	0.993830	0.078154	-0.422822	-0.037721	0.905427
28942	4.210138	0.763839	9.353393	-0.002322	-0.000458	0.006787	0.902798	-0.104254	0.417237	0.078696	0.993839	0.078051	-0.422803	-0.037630	0.905440
28943	4.204712	0.739448	9.377835	-0.006567	-0.003561	0.007974	0.902778	-0.104206	0.417293	0.078696	0.993848	0.077929	-0.422847	-0.037513	0.905425
28944	4.246815	0.733732	9.382669	-0.003908	-0.003493	0.008386	0.902774	-0.104153	0.417313	0.078696	0.993858	0.077803	-0.422854	-0.037397	0.905426
28945	4.225100	0.745646	9.340873	-0.005022	-0.005297	0.003787	0.902743	-0.104147	0.417382	0.078728	0.993862	0.077713	-0.422914	-0.037295	0.905402
28946	4.217283	0.731189	9.398144	0.001669	-0.007162	0.010219	0.902727	-0.104069	0.417437	0.078679	0.993873	0.077631	-0.422959	-0.037236	0.905384
28947	4.223471	0.711565	9.331820	-0.000210	-0.005035	0.007207	0.902699	-0.104029	0.417507	0.078660	0.993879	0.077570	-0.423021	-0.037182	0.905357
28948	4.224263	0.754202	9.373116	-0.001293	-0.008195	0.006210	0.902675	-0.103989	0.417568	0.078655	0.993886	0.077480	-0.423072	-0.037095	0.905336
28949	4.236206	0.747540	9.393579	0.000052	-0.008840	0.008216	0.902633	-0.103940	0.417673	0.078626	0.993894	0.077417	-0.423169	-0.037039	0.905293
28950	4.226264	0.753376	9.372281	-0.001807	-0.014197	0.009819	0.902585	-0.103880	0.417791	0.078607	0.993904	0.077305	-0.423275	-0.036933	0.905248
28951	4.210905	0.735313	9.375381	-0.004463	-0.014266	0.009408	0.902520	-0.103821	0.417946	0.078586	0.993914	0.077196	-0.423417	-0.036827	0.905186
28952	4.209918	0.744182	9.407683	-0.005590	-0.022197	0.005822	0.902436	-0.103792	0.418134	0.078606	0.993922	0.077068	-0.423592	-0.036681	0.905110
28953	4.222840	0.693723	9.386114	-0.012979	-0.019115	0.008183	0.902350	-0.103748	0.418331	0.078632	0.993934	0.076887	-0.423771	-0.036485	0.905034
28954	4.211353	0.708271	9.397390	-0.010373	-0.029949	0.007017	0.902233	-0.103718	0.418591	0.078672	0.993945	0.076709	-0.424012	-0.036278	0.904930
28955	4.250616	0.732270	9.355708	-0.006136	-0.032980	0.006841	0.902087	-0.103692	0.418912	0.078682	0.993953	0.076596	-0.424322	-0.036135	0.904790
28956	4.240025	0.747588	9.366527	-0.001089	-0.035172	0.007665	0.901948	-0.103657	0.419220	0.078675	0.993961	0.076499	-0.424618	-0.036016	0.904656
28957	4.284774	0.742081	9.370050	-0.003423	-0.028149	0.009842	0.901824	-0.103599	0.419500	0.078646	0.993971	0.076398	-0.424886	-0.035906	0.904535
28958	4.303741	0.715844	9.323686	-0.001565	-0.022791	0.008239	0.901738	-0.103555	0.419696	0.078638	0.993979	0.076295	-0.425070	-0.035794	0.904453
28959	4.288684	0.698251	9.326620	0.003493	-0.012718	0.007036	0.901678	-0.103519	0.419834	0.078605	0.993984	0.076269	-0.425204	-0.035769	0.904391
28960	4.289552	0.698488	9.326203	0.006119	-0.005160	0.002830	0.901663	-0.103516	0.419867	0.078605	0.993985	0.076259	-0.425235	-0.035757	0.904376
28961	4.275946	0.715196	9.338303	0.013601	0.001298	0.005640	0.901661	-0.103489	0.419877	0.078541	0.993984	0.076330	-0.425251	-0.035846	0.904365
28962	4.303092	0.684472	9.313934	0.014879	0.009502	-0.000571	0.901706	-0.103515	0.419775	0.078535	0.993979	0.076413	-0.425157	-0.035935	0.904406
28963	4.266095	0.757835	9.326576	0.022863	0.015831	-0.000358	0.901761	-0.103542	0.419650	0.078486	0.993969	0.076592	-0.425049	-0.036131	0.904449
28964	4.231114	0.725188	9.334495	0.021556	0.015116	0.001239	0.901831	-0.103550	0.419498	0.078437	0.993962	0.076729	-0.424910	-0.036292	0.904508
28965	4.268693	0.731992	9.372872	0.022870	0.015826	-0.000358	0.901886	-0.103577	0.419373	0.078388	0.993952	0.076908	-0.424802	-0.036489	0.904550
28966	4.225710	0.738940	9.368432	0.019668	0.011111	-0.000757	0.901936	-0.103612	0.419256	0.078373	0.993943	0.077035	-0.424699	-0.036622	0.904594
28967	4.210950	0.756671	9.380939	0.016738	0.008721	-0.001161	0.901961	-0.103650	0.419194	0.078357	0.993935	0.077162	-0.424650	-0.036750	0.904612
28968	4.166433	0.772767	9.409025	0.015136	-0.006574	0.002474	0.901939	-0.103655	0.419240	0.078327	0.993931	0.077235	-0.424702	-0.036824	0.904584
28969	4.167667	0.773656	9.408405	0.008801	-0.018712	0.008883	0.901854	-0.103603	0.419434	0.078255	0.993936	0.077249	-0.424894	-0.036844	0.904493
28970	4.161292	0.717232	9.423415	0.011182	-0.027103	0.010315	0.901752	-0.103529	0.419672	0.078159	0.993943	0.077256	-0.425128	-0.036864	0.904382
28971	4.200797	0.743177	9.381392	0.018030	-0.040979	0.008981	0.901573	-0.103484	0.420068	0.078046	0.993944	0.077352	-0.425529	-0.036954	0.904190
28972	4.227373	0.785329	9.351136	0.016185	-0.046346	0.010592	0.901389	-0.103419	0.420479	0.077933	0.993949	0.077401	-0.425940	-0.037000	0.903995
28973	4.245701	0.770454	9.336760	0.020251	-0.048294	0.016611	0.901184	-0.103302	0.420947	0.077742	0.993958	0.077486	-0.426408	-0.037104	0.903770
28974	4.233851	0.754249	9.338198	0.018098	-0.054632	0.014628	0.900965	-0.103216	0.421436	0.077604	0.993965	0.077532	-0.426896	-0.037149	0.903538
28975	4.231255	0.741262	9.393167	0.016850	-0.062849	0.020853	0.900701	-0.103062	0.422038	0.077389	0.993979	0.077568	-0.427491	-0.037204	0.903254
28976	4.243199	0.765385	9.365689	0.012044	-0.069259	0.018469	0.900423	-0.102934	0.422663	0.077230	0.993993	0.077546	-0.428106	-0.037182	0.902963
28977	4.289106	0.727761	9.358625	0.018388	-0.081688	0.016130	0.900073	-0.102833	0.423431	0.077051	0.994001	0.077615	-0.428872	-0.037233	0.902598
28978	4.258221	0.713563	9.428715	0.016572	-0.080937	0.016728	0.899743	-0.102717	0.424159	0.076877	0.994013	0.077642	-0.429595	-0.037250	0.902253
28979	4.280028	0.698115	9.412746	0.006625	-0.088581	0.007353	0.899356	-0.102707	0.424982	0.076828	0.994017	0.077642	-0.430414	-0.037178	0.901866
28980	4.250182	0.736041	9.412584	-0.008212	-0.098106	0.007985	0.898944	-0.102693	0.425857	0.076849	0.994028	0.077483	-0.431271	-0.036926	0.901467
28981	4.251675	0.774513	9.395985	-0.008419	-0.106618	0.009025	0.898478	-0.102672	0.426843	0.076849	0.994039	0.077340	-0.432239	-0.036686	0.901012
28982	4.282309	0.823706	9.395747	-0.013920	-0.121416	0.010294	0.897965	-0.102640	0.427930	0.076872	0.994054	0.077119	-0.433301	-0.036355	0.900516
28983	4.308221	0.805158	9.378038	-0.026992	-0.136814	0.017576	0.897373	-0.102544	0.429193	0.076877	0.994080	0.076772	-0.434525	-0.035899	0.899944
28984	4.272240	0.792350	9.425438	-0.039016	-0.147702	0.022250	0.896751	-0.102407	0.430524	0.076908	0.994116	0.076273	-0.435801	-0.035287	0.899351
28985	4.267390	0.737189	9.414493	-0.037292	-0.168019	0.021140	0.896022	-0.102285	0.432068	0.076927	0.994150	0.075818	-0.437295	-0.034697	0.898648
28986	4.169870	0.794229	9.489343	-0.035851	-0.201944	0.028282	0.895163	-0.102096	0.433889	0.076882	0.994191	0.075323	-0.439059	-0.034068	0.897812
28987	4.164124	0.821403	9.505243	-0.040739	-0.244054	0.031089	0.894101	-0.101899	0.436120	0.076828	0.994235	0.074794	-0.441227	-0.033367	0.896775
28988	4.087043	0.870892	9.597961	-0.046791	-0.298262	0.043762	0.892818	-0.101596	0.438810	0.076709	0.994294	0.074130	-0.443838	-0.032524	0.895517
28989	3.985455	0.874862	9.663728	-0.057285	-0.376281	0.053582	0.891170	-0.101213	0.442234	0.076532	0.994365	0.073354	-0.447167	-0.031525	0.893895
28990	3.911668	0.937915	9.764235	-0.061134	-0.480810	0.069294	0.889067	-0.100711	0.446561	0.076260	0.994453	0.072448	-0.451380	-0.030356	0.891815
28991	3.838601	0.908313	9.869094	-0.091482	-0.604933	0.089650	0.886376	-0.100028	0.452031	0.075925	0.994568	0.071203	-0.456697	-0.028792	0.889156
28992	3.761222	0.815879	9.932886	-0.105064	-0.746140	0.094801	0.883022	-0.099319	0.458703	0.075625	0.994691	0.069790	-0.463199	-0.026936	0.885845
28993	3.670383	0.721821	10.009719	-0.093052	-0.912901	0.109946	0.878827	-0.098492	0.466864	0.075138	0.994822	0.068432	-0.471187	-0.025060	0.881677
28994	3.500561	0.587412	10.217699	-0.080057	-1.103810	0.104093	0.873658	-0.097750	0.476621	0.074666	0.994943	0.067188	-0.480778	-0.023112	0.876538
28995	3.300519	0.326843	10.386790	-0.074059	-1.350595	0.082092	0.867133	-0.097261	0.488488	0.074359	0.995037	0.066119	-0.492494	-0.021011	0.870062
28996	3.426351	-0.181517	10.551845	-0.064778	-1.606157	0.024839	0.859140	-0.097357	0.502395	0.074524	0.995073	0.065388	-0.506285	-0.018737	0.862162
28997	3.686320	-0.887755	10.690807	0.032075	-1.848627	-0.074981	0.849564	-0.098465	0.518214	0.075048	0.994992	0.066022	-0.522119	-0.017199	0.852699
28998	4.366245	-1.334845	11.090303	0.180630	-2.060321	-0.212875	0.838477	-0.100957	0.535503	0.075943	0.994748	0.068627	-0.539619	-0.016874	0.841740
28999	4.892864	-1.615701	10.552159	0.339616	-2.170692	-0.386595	0.826253	-0.105209	0.553386	0.077346	0.994288	0.073548	-0.557963	-0.017967	0.829671
29000	6.128338	-0.744417	11.099746	0.452643	-2.278775	-0.502088	0.812944	-0.110652	0.571733	0.078952	0.993659	0.080049	-0.576965	-0.019936	0.816525
29001	6.730345	-1.721273	11.170834	0.355603	-2.214996	-0.622173	0.799446	-0.117314	0.589171	0.081934	0.992875	0.086521	-0.595124	-0.020896	0.803362
29002	6.058004	-1.075649	10.540543	0.630515	-2.163413	-0.683422	0.785831	-0.124605	0.605759	0.083606	0.991905	0.095577	-0.612764	-0.024462	0.789887
29003	5.824360	-0.595042	9.504834	0.566576	-2.110110	-0.739166	0.772079	-0.132509	0.621559	0.085895	0.990805	0.104532	-0.629696	-0.027318	0.776361
29004	6.181471	-0.559883	9.084770	0.584187	-2.106354	-0.803750	0.757958	-0.141089	0.636862	0.088382	0.989538	0.114032	-0.646288	-0.030145	0.762498
29005	5.289132	-0.381009	8.875634	0.668662	-1.972973	-0.806531	0.744317	-0.149725	0.650826	0.090118	0.988148	0.124263	-0.661718	-0.033840	0.748989
29006	3.666077	-1.050617	10.756485	0.539591	-1.681933	-0.676834	0.732484	-0.157014	0.662430	0.091579	0.986921	0.132664	-0.674596	-0.036510	0.737284
29007	2.040207	-5.394840	12.782533	0.300335	-1.133849	-0.166813	0.724617	-0.159110	0.670533	0.090807	0.986543	0.135964	-0.683143	-0.037633	0.729314
29008	1.283529	-12.082003	13.070450	0.182693	-0.566069	1.014095	0.721644	-0.149323	0.675968	0.082294	0.988040	0.130405	-0.687356	-0.038478	0.725301
29009	3.158248	-11.545651	14.536901	0.848988	-0.096556	2.586224	0.722774	-0.123798	0.679906	0.057825	0.991208	0.119009	-0.688661	-0.046701	0.723578
29010	1.803357	-6.912875	15.178675	0.927933	0.777867	3.332839	0.729571	-0.090304	0.677917	0.027332	0.994302	0.103034	-0.683359	-0.056641	0.727882
29011	-1.135851	-2.680173	13.666148	1.123602	1.387876	3.493297	0.739345	-0.054693	0.671102	-0.005898	0.996131	0.087680	-0.673301	-0.068784	0.736162
29012	-1.697393	0.460639	12.913810	1.091352	1.718349	3.197730	0.750173	-0.021544	0.660891	-0.036915	0.996546	0.074388	-0.660211	-0.080200	0.746786
29013	-0.580517	2.567731	13.212905	0.883712	2.020546	2.673285	0.762009	0.006772	0.647531	-0.062843	0.995999	0.063538	-0.644510	-0.089109	0.759385
29014	0.198595	3.909108	13.258748	0.623090	2.395043	2.083159	0.775768	0.029715	0.630318	-0.082742	0.995056	0.054925	-0.625570	-0.094763	0.774391
