// General information: 
//  MT Manager version: 2022.2.0 
//  XDA version: 2022.2.0 build 7381 rev 124627 built on 2023-07-19
// Device information: 
//  DeviceId: 00B4CAF0
//  ProductCode: MTW2-3A7G6
//  Firmware Version: 4.6.0
//  Hardware Version: 2.0.0
// Device settings: 
//  Filter Profile: human(46.1)
//  Option Flags: Orientation Smoother Disabled, Position/Velocity Smoother Disabled, Continuous Zero Rotation Update Disabled, AHS Disabled, ICC Disabled
// Coordinate system: ENU
PacketCounter	Acc_X	Acc_Y	Acc_Z	Gyr_X	Gyr_Y	Gyr_Z	Mat[1][1]	Mat[2][1]	Mat[3][1]	Mat[1][2]	Mat[2][2]	Mat[3][2]	Mat[1][3]	Mat[2][3]	Mat[3][3]
49677	5.870823	0.641779	8.365965	0.012947	-0.019786	-0.004399	-0.816836	-0.016790	0.576625	0.066440	-0.995663	0.065125	0.573030	0.091508	0.814409
49678	5.960621	0.651828	8.312133	0.010066	-0.009248	0.001026	-0.816774	-0.016764	0.576714	0.066459	-0.995658	0.065182	0.573118	0.091567	0.814341
49679	5.885340	0.615826	8.380147	0.014920	-0.014264	-0.001357	-0.816685	-0.016699	0.576842	0.066476	-0.995650	0.065292	0.573242	0.091669	0.814242
49680	5.943443	0.732429	8.314173	0.008763	-0.011512	0.001440	-0.816609	-0.016675	0.576950	0.066491	-0.995646	0.065335	0.573349	0.091716	0.814162
49681	5.887241	0.617522	8.378687	0.009287	-0.007950	0.000260	-0.816554	-0.016649	0.577029	0.066509	-0.995641	0.065389	0.573425	0.091771	0.814102
49682	5.918505	0.688861	8.328827	0.010371	-0.006774	-0.001308	-0.816507	-0.016602	0.577097	0.066511	-0.995636	0.065462	0.573492	0.091834	0.814048
49683	5.926498	0.637590	8.343351	0.007865	-0.005654	0.003368	-0.816465	-0.016594	0.577157	0.066528	-0.995633	0.065487	0.573550	0.091865	0.814003
49684	5.915009	0.664611	8.361734	0.004736	-0.000458	0.000310	-0.816453	-0.016568	0.577174	0.066511	-0.995633	0.065504	0.573569	0.091870	0.813990
49685	5.897863	0.669232	8.344840	0.007606	-0.000793	0.001423	-0.816440	-0.016554	0.577193	0.066520	-0.995630	0.065538	0.573586	0.091903	0.813973
49686	5.915086	0.665618	8.361599	0.006824	0.000506	0.000658	-0.816433	-0.016532	0.577203	0.066518	-0.995628	0.065571	0.573596	0.091929	0.813964
49687	5.902726	0.694093	8.345692	0.005961	0.000417	0.003379	-0.816425	-0.016549	0.577214	0.066546	-0.995626	0.065580	0.573604	0.091952	0.813955
49688	5.924193	0.715607	8.328933	0.004958	0.000629	0.001462	-0.816419	-0.016536	0.577224	0.066540	-0.995625	0.065592	0.573614	0.091959	0.813948
49689	5.965398	0.656983	8.343093	0.003313	0.001839	0.003418	-0.816419	-0.016548	0.577223	0.066547	-0.995626	0.065580	0.573613	0.091953	0.813949
49690	5.902141	0.694974	8.346032	0.008314	0.009805	0.000600	-0.816466	-0.016535	0.577157	0.066553	-0.995623	0.065624	0.573546	0.091991	0.813992
49691	5.913129	0.668623	8.327961	0.001631	0.008998	0.004579	-0.816507	-0.016559	0.577097	0.066551	-0.995625	0.065592	0.573486	0.091963	0.814037
49692	5.890928	0.647379	8.345212	0.004502	0.008662	0.005692	-0.816544	-0.016595	0.577044	0.066577	-0.995624	0.065576	0.573431	0.091964	0.814076
49693	5.878653	0.674133	8.364156	0.003616	0.004314	0.001084	-0.816559	-0.016583	0.577023	0.066561	-0.995625	0.065579	0.573411	0.091957	0.814091
49694	5.912043	0.667458	8.363604	0.004059	0.006488	0.003388	-0.816585	-0.016594	0.576986	0.066566	-0.995625	0.065573	0.573374	0.091954	0.814117
49695	5.894327	0.671750	8.347135	0.004059	0.006488	0.003388	-0.816612	-0.016602	0.576949	0.066565	-0.995625	0.065567	0.573336	0.091948	0.814144
49696	5.877078	0.674569	8.365228	0.003500	0.008874	0.003775	-0.816651	-0.016619	0.576893	0.066570	-0.995626	0.065554	0.573280	0.091939	0.814185
49697	5.871446	0.650813	8.364830	0.005588	0.009837	0.004123	-0.816696	-0.016648	0.576828	0.066597	-0.995624	0.065556	0.573213	0.091954	0.814231
49698	5.921849	0.640100	8.381236	0.005705	0.005277	0.001433	-0.816716	-0.016638	0.576800	0.066595	-0.995623	0.065575	0.573184	0.091968	0.814249
49699	5.858208	0.679543	8.349509	0.003174	0.002139	-0.001220	-0.816721	-0.016608	0.576794	0.066566	-0.995624	0.065588	0.573180	0.091962	0.814253
49700	5.891783	0.673048	8.348827	0.006488	0.003977	0.002198	-0.816733	-0.016605	0.576776	0.066575	-0.995622	0.065608	0.573162	0.091983	0.814263
49701	5.908151	0.670445	8.331347	0.001669	0.003049	0.005373	-0.816737	-0.016633	0.576770	0.066582	-0.995624	0.065571	0.573156	0.091956	0.814271
49702	5.878821	0.701216	8.333357	0.003058	0.006699	0.001470	-0.816765	-0.016626	0.576730	0.066565	-0.995625	0.065568	0.573117	0.091943	0.814299
49703	5.885264	0.650773	8.314175	0.002754	0.004224	0.003804	-0.816779	-0.016651	0.576711	0.066579	-0.995626	0.065548	0.573097	0.091935	0.814314
49704	5.923628	0.667823	8.314505	0.001751	0.004436	0.001887	-0.816794	-0.016645	0.576690	0.066558	-0.995628	0.065532	0.573078	0.091909	0.814331
49705	5.923189	0.667807	8.314819	0.002195	0.006610	0.004190	-0.816822	-0.016656	0.576649	0.066547	-0.995631	0.065506	0.573039	0.091882	0.814361
49706	5.905763	0.670605	8.333027	0.003026	0.012645	0.000673	-0.816885	-0.016646	0.576560	0.066524	-0.995632	0.065508	0.572952	0.091867	0.814424
49707	5.888153	0.673320	8.351365	0.002080	0.011170	0.006879	-0.816935	-0.016702	0.576487	0.066553	-0.995633	0.065465	0.572877	0.091847	0.814479
49708	5.870525	0.675884	8.369722	0.003389	0.013431	0.006462	-0.816999	-0.016751	0.576396	0.066578	-0.995633	0.065436	0.572783	0.091837	0.814546
49709	5.886180	0.673311	8.352757	0.006680	0.011009	0.002553	-0.817054	-0.016750	0.576318	0.066581	-0.995632	0.065456	0.572705	0.091853	0.814600
49710	5.851487	0.680321	8.354158	0.000857	0.010294	0.003809	-0.817101	-0.016769	0.576251	0.066571	-0.995635	0.065422	0.572638	0.091818	0.814650
49711	5.834217	0.683058	8.372236	0.004845	0.005186	0.004153	-0.817121	-0.016798	0.576221	0.066599	-0.995633	0.065417	0.572606	0.091830	0.814672
49712	5.879075	0.651188	8.318520	0.005963	0.000414	0.003382	-0.817112	-0.016803	0.576234	0.066614	-0.995631	0.065427	0.572617	0.091847	0.814662
49713	5.935394	0.662837	8.370022	0.002312	0.002049	0.001501	-0.817112	-0.016806	0.576233	0.066610	-0.995632	0.065417	0.572617	0.091835	0.814663
49714	5.862688	0.652860	8.370811	0.006408	0.002588	0.005685	-0.817114	-0.016837	0.576230	0.066647	-0.995630	0.065417	0.572610	0.091857	0.814666
49715	5.845333	0.657281	8.354067	0.003176	0.002137	-0.001219	-0.817119	-0.016787	0.576225	0.066595	-0.995633	0.065430	0.572610	0.091837	0.814668
49716	5.879819	0.649495	8.387629	0.008726	-0.005569	0.000658	-0.817077	-0.016760	0.576284	0.066604	-0.995629	0.065478	0.572668	0.091883	0.814622
49717	5.851040	0.682240	8.354314	0.007112	-0.010304	0.003410	-0.817006	-0.016763	0.576385	0.066634	-0.995626	0.065496	0.572766	0.091917	0.814549
49718	5.898059	0.647734	8.368791	0.005887	-0.011179	0.000341	-0.816933	-0.016727	0.576490	0.066624	-0.995624	0.065522	0.572872	0.091935	0.814473
49719	5.958480	0.687792	8.317115	0.006860	-0.005445	0.001460	-0.816890	-0.016712	0.576551	0.066632	-0.995622	0.065549	0.572932	0.091963	0.814427
49720	5.916307	0.644623	8.384803	0.008169	-0.003184	0.001042	-0.816862	-0.016691	0.576591	0.066641	-0.995619	0.065590	0.572971	0.092003	0.814396
49721	5.913535	0.722193	8.335935	0.002566	-0.002810	0.003450	-0.816835	-0.016678	0.576631	0.066618	-0.995622	0.065572	0.573012	0.091975	0.814369
49722	5.899631	0.649261	8.367565	0.007528	-0.002184	0.004913	-0.816810	-0.016697	0.576665	0.066655	-0.995618	0.065585	0.573043	0.092008	0.814344
49723	5.904537	0.673502	8.368421	0.003176	0.002136	-0.001221	-0.816813	-0.016680	0.576661	0.066642	-0.995618	0.065597	0.573041	0.092011	0.814345
49724	5.887855	0.676784	8.386052	0.010482	-0.001136	0.002541	-0.816796	-0.016676	0.576686	0.066676	-0.995613	0.065649	0.573061	0.092073	0.814324
49725	5.888002	0.677232	8.385913	0.004657	-0.001848	0.003798	-0.816774	-0.016701	0.576716	0.066708	-0.995611	0.065644	0.573088	0.092088	0.814303
49726	5.870948	0.681532	8.368967	0.003876	-0.000549	0.003032	-0.816760	-0.016702	0.576736	0.066709	-0.995611	0.065639	0.573108	0.092084	0.814289
49727	5.909829	0.698718	8.368921	0.004435	-0.002935	0.002647	-0.816734	-0.016700	0.576773	0.066712	-0.995611	0.065640	0.573145	0.092088	0.814263
49728	5.916803	0.648213	8.349411	0.002231	0.000664	0.004985	-0.816725	-0.016722	0.576784	0.066720	-0.995612	0.065610	0.573156	0.092068	0.814258
49729	5.888055	0.679077	8.350969	0.005216	-0.004234	0.003413	-0.816692	-0.016735	0.576831	0.066744	-0.995610	0.065613	0.573201	0.092085	0.814224
49730	5.909646	0.700381	8.334155	0.001532	0.003348	0.000732	-0.816701	-0.016717	0.576818	0.066712	-0.995613	0.065602	0.573191	0.092058	0.814234
49731	5.906932	0.600677	8.347676	0.002759	0.004224	0.003800	-0.816715	-0.016743	0.576798	0.066728	-0.995614	0.065582	0.573170	0.092050	0.814250
49732	5.921220	0.672541	8.350602	0.006940	0.006147	0.004496	-0.816738	-0.016765	0.576765	0.066758	-0.995611	0.065593	0.573134	0.092076	0.814273
49733	5.881997	0.655668	8.350863	0.002201	0.006610	0.004185	-0.816765	-0.016782	0.576727	0.066755	-0.995613	0.065567	0.573096	0.092052	0.814302
49734	5.907922	0.700747	8.335346	0.004069	0.006484	0.003382	-0.816791	-0.016794	0.576690	0.066759	-0.995613	0.065561	0.573059	0.092049	0.814328
49735	5.874052	0.706301	8.371038	0.001420	0.007909	0.003418	-0.816824	-0.016825	0.576642	0.066771	-0.995614	0.065532	0.573010	0.092031	0.814364
49736	5.885831	0.677915	8.387382	-0.002844	0.004600	0.006208	-0.816837	-0.016863	0.576622	0.066759	-0.995620	0.065454	0.572993	0.091960	0.814385
49737	5.942157	0.618230	8.315442	-0.008141	0.007450	0.006279	-0.816867	-0.016917	0.576577	0.066732	-0.995630	0.065331	0.572952	0.091843	0.814426
49738	5.890678	0.626896	8.334661	-0.006413	0.017830	0.007361	-0.816956	-0.016978	0.576451	0.066709	-0.995639	0.065217	0.572829	0.091734	0.814525
49739	5.955602	0.685643	8.388846	0.001394	0.013853	0.002617	-0.817026	-0.016981	0.576351	0.066684	-0.995642	0.065194	0.572733	0.091698	0.814597
49740	5.943344	0.639233	8.353953	0.001537	0.032774	0.001364	-0.817203	-0.016997	0.576099	0.066657	-0.995645	0.065179	0.572482	0.091666	0.814777
49741	5.907319	0.645055	8.391104	0.004051	0.031646	-0.003310	-0.817378	-0.016957	0.575852	0.066598	-0.995647	0.065212	0.572239	0.091653	0.814949
49742	5.980853	0.682311	8.324437	0.005257	0.038462	-0.001045	-0.817590	-0.016954	0.575552	0.066573	-0.995646	0.065241	0.571940	0.091657	0.815159
49743	6.010739	0.675732	8.326504	0.003463	0.056115	0.001983	-0.817899	-0.017005	0.575110	0.066573	-0.995647	0.065237	0.571497	0.091644	0.815471
49744	5.967414	0.657179	8.364469	-0.001480	0.065686	0.007028	-0.818261	-0.017107	0.574593	0.066576	-0.995651	0.065165	0.570979	0.091576	0.815841
49745	5.988044	0.701504	8.352923	-0.003456	0.076299	0.009699	-0.818682	-0.017242	0.573989	0.066585	-0.995657	0.065062	0.570374	0.091484	0.816274
49746	5.898142	0.645649	8.287448	0.001409	0.087403	0.013038	-0.819162	-0.017424	0.573297	0.066654	-0.995658	0.064979	0.569676	0.091440	0.816767
49747	5.869832	0.622870	8.343623	0.006380	0.083749	0.007181	-0.819624	-0.017531	0.572634	0.066688	-0.995656	0.064970	0.569008	0.091438	0.817233
49748	5.670068	0.535988	8.415802	0.013866	0.078972	-0.003339	-0.820066	-0.017542	0.572000	0.066693	-0.995649	0.065082	0.568369	0.091520	0.817668
49749	5.237881	0.775032	8.415038	0.020786	0.037896	0.002984	-0.820270	-0.017584	0.571706	0.066797	-0.995633	0.065215	0.568063	0.091682	0.817862
49750	5.459222	1.007980	8.319074	-0.000622	-0.016811	0.006291	-0.820161	-0.017603	0.571862	0.066798	-0.995637	0.065154	0.568220	0.091636	0.817759
49751	5.908149	0.510921	8.449669	-0.015687	-0.027378	0.009641	-0.819990	-0.017657	0.572105	0.066755	-0.995653	0.064950	0.568472	0.091449	0.817604
49752	5.776872	0.643133	8.298868	0.010760	-0.035682	0.008564	-0.819772	-0.017681	0.572416	0.066840	-0.995646	0.064969	0.568776	0.091520	0.817385
49753	5.911535	0.762899	8.369341	0.000195	-0.035927	0.009478	-0.819555	-0.017742	0.572726	0.066905	-0.995647	0.064896	0.569081	0.091504	0.817174
49754	5.880061	0.595516	8.360973	0.010220	-0.033306	0.008939	-0.819350	-0.017773	0.573018	0.066991	-0.995640	0.064908	0.569366	0.091569	0.816969
49755	5.923726	0.713957	8.311462	0.010765	-0.029754	0.007750	-0.819167	-0.017794	0.573278	0.067069	-0.995633	0.064932	0.569620	0.091639	0.816784
49756	5.877274	0.649514	8.307879	0.008557	-0.020220	0.009270	-0.819037	-0.017840	0.573463	0.067147	-0.995628	0.064929	0.569798	0.091686	0.816654
49757	5.602236	0.579586	8.392866	0.021674	-0.032990	0.005293	-0.818837	-0.017854	0.573749	0.067292	-0.995610	0.065055	0.570069	0.091878	0.816444
49758	5.498468	0.475348	8.508016	0.037319	-0.063037	-0.009058	-0.818474	-0.017678	0.574271	0.067384	-0.995582	0.065392	0.570578	0.092219	0.816049
49759	5.770460	0.400397	8.497319	0.047921	-0.089166	-0.022210	-0.817973	-0.017337	0.574996	0.067418	-0.995547	0.065891	0.571293	0.092662	0.815499
49760	5.917662	0.403525	8.455487	0.046471	-0.089478	-0.034569	-0.817475	-0.016881	0.575716	0.067355	-0.995514	0.066449	0.572011	0.093098	0.814945
49761	5.986344	0.551622	8.316283	0.050212	-0.088088	-0.044315	-0.816991	-0.016325	0.576419	0.067229	-0.995479	0.067093	0.572717	0.093567	0.814395
49762	5.936081	0.792325	8.355240	0.039121	-0.075749	-0.036498	-0.816573	-0.015862	0.577024	0.067108	-0.995453	0.067603	0.573328	0.093926	0.813924
49763	5.905926	0.880311	8.336679	0.035755	-0.078991	-0.036435	-0.816134	-0.015407	0.577657	0.066981	-0.995429	0.068084	0.573968	0.094257	0.813435
49764	6.024566	0.838484	8.276616	0.023024	-0.071366	-0.025841	-0.815732	-0.015054	0.578233	0.066856	-0.995415	0.068401	0.574553	0.094455	0.812999
49765	5.996089	0.848537	8.273225	0.021952	-0.062324	-0.017771	-0.815377	-0.014823	0.578740	0.066830	-0.995399	0.068661	0.575060	0.094662	0.812617
49766	5.864557	0.776424	8.355557	0.019119	-0.057717	-0.011571	-0.815044	-0.014625	0.579215	0.066800	-0.995387	0.068864	0.575536	0.094818	0.812261
49767	6.046981	0.794745	8.280176	0.022801	-0.059362	-0.009700	-0.814702	-0.014454	0.579700	0.066818	-0.995371	0.069086	0.576018	0.095018	0.811896
49768	6.091804	0.739469	8.256836	0.018868	-0.042643	-0.007034	-0.814452	-0.014315	0.580055	0.066823	-0.995358	0.069260	0.576371	0.095170	0.811628
49769	6.013111	0.681989	8.288546	0.017508	-0.028724	-0.000916	-0.814277	-0.014257	0.580302	0.066877	-0.995346	0.069388	0.576612	0.095309	0.811440
49770	6.071107	0.696427	8.303590	0.013799	-0.021142	-0.003602	-0.814148	-0.014172	0.580484	0.066880	-0.995337	0.069501	0.576793	0.095407	0.811300
49771	6.020867	0.708119	8.287016	0.007216	0.001303	0.006427	-0.814143	-0.014211	0.580490	0.066930	-0.995334	0.069503	0.576794	0.095437	0.811296
49772	5.514322	0.563813	8.240061	0.008523	0.003564	0.006000	-0.814151	-0.014246	0.580479	0.066981	-0.995329	0.069518	0.576777	0.095479	0.811302
49773	5.138191	0.452477	8.742450	0.023109	-0.081818	-0.009953	-0.813677	-0.014032	0.581148	0.066977	-0.995314	0.069744	0.577447	0.095673	0.810803
49774	5.554531	0.826185	8.584847	0.030182	-0.162162	-0.020022	-0.812743	-0.013649	0.582462	0.066942	-0.995292	0.070086	0.578763	0.095953	0.809831
49775	5.818198	0.608166	8.406923	-0.003487	-0.162531	-0.020924	-0.811810	-0.013260	0.583771	0.066709	-0.995303	0.070161	0.580098	0.095900	0.808882
49776	6.087952	0.587582	8.268916	0.027103	-0.178695	-0.037366	-0.810788	-0.012688	0.585202	0.066517	-0.995286	0.070579	0.581548	0.096150	0.807810
49777	6.123592	0.785926	8.282159	0.020659	-0.147572	-0.035139	-0.809945	-0.012172	0.586379	0.066311	-0.995275	0.070932	0.582745	0.096335	0.806925
49778	6.280273	0.911870	8.187036	0.014888	-0.138071	-0.027364	-0.809149	-0.011739	0.587486	0.066130	-0.995268	0.071194	0.583871	0.096457	0.806096
49779	6.222396	0.927832	8.181674	0.006858	-0.105951	-0.018494	-0.808535	-0.011419	0.588337	0.065967	-0.995268	0.071339	0.584739	0.096492	0.805463
49780	6.212954	0.933047	8.158829	0.003786	-0.092163	-0.006913	-0.807991	-0.011233	0.589088	0.065887	-0.995270	0.071392	0.585499	0.096497	0.804909
49781	6.318915	0.812973	8.164120	-0.007117	-0.065634	0.001703	-0.807599	-0.011155	0.589626	0.065808	-0.995281	0.071306	0.586048	0.096389	0.804523
49782	6.378666	0.752965	8.088306	-0.006027	-0.029519	0.009207	-0.807411	-0.011190	0.589883	0.065800	-0.995290	0.071185	0.586309	0.096290	0.804345
49783	6.429804	0.741850	8.068531	-0.015659	0.008020	0.009629	-0.807446	-0.011289	0.589833	0.065768	-0.995307	0.070983	0.586264	0.096107	0.804399
49784	6.413334	0.740321	8.157343	-0.010746	0.049564	0.019336	-0.807715	-0.011501	0.589461	0.065815	-0.995320	0.070764	0.585888	0.095952	0.804691
49785	6.173937	0.709917	8.185264	-0.013894	0.089700	0.025375	-0.808215	-0.011815	0.588769	0.065896	-0.995334	0.070483	0.585189	0.095763	0.805223
49786	6.019236	0.587255	8.208701	-0.009030	0.102234	0.025174	-0.808787	-0.012135	0.587976	0.066000	-0.995344	0.070244	0.584386	0.095619	0.805822
49787	5.881099	0.461787	8.248932	0.007764	0.107004	0.016999	-0.809392	-0.012388	0.587138	0.066148	-0.995338	0.070187	0.583532	0.095647	0.806438
49788	5.865793	0.687968	8.245221	0.012796	0.085709	0.008871	-0.809876	-0.012530	0.586467	0.066248	-0.995329	0.070219	0.582848	0.095721	0.806924
49789	5.945782	0.596488	8.244608	0.015900	0.082149	0.003784	-0.810345	-0.012622	0.585816	0.066329	-0.995318	0.070306	0.582186	0.095829	0.807388
49790	6.049196	0.626401	8.213081	0.021031	0.085512	-0.001776	-0.810835	-0.012658	0.585138	0.066390	-0.995302	0.070467	0.581497	0.095985	0.807866
49791	6.125873	0.611732	8.198527	0.022750	0.095899	-0.000733	-0.811387	-0.012717	0.584372	0.066472	-0.995285	0.070637	0.580718	0.096158	0.808406
49792	6.128157	0.762257	8.157824	0.023510	0.118112	0.001404	-0.812062	-0.012816	0.583431	0.066574	-0.995266	0.070799	0.579762	0.096335	0.809071
49793	6.041004	0.800799	8.289170	0.020101	0.131053	0.007161	-0.812809	-0.012990	0.582385	0.066707	-0.995250	0.070901	0.578698	0.096478	0.809815
49794	5.916907	0.849047	8.318244	0.012985	0.133997	0.008031	-0.813569	-0.013171	0.581319	0.066801	-0.995241	0.070940	0.577618	0.096548	0.810577
49795	5.972993	0.836265	8.289724	0.002472	0.130692	0.020607	-0.814303	-0.013477	0.580284	0.066939	-0.995240	0.070821	0.576567	0.096514	0.811329
49796	5.970777	0.709815	8.258944	0.000296	0.140207	0.022093	-0.815087	-0.013803	0.579175	0.067075	-0.995242	0.070676	0.575443	0.096455	0.812134
49797	5.934017	0.660997	8.352648	-0.001682	0.143487	0.029031	-0.815884	-0.014194	0.578041	0.067246	-0.995244	0.070476	0.574292	0.096371	0.812959
49798	5.856983	0.597569	8.377438	0.003333	0.145711	0.022320	-0.816696	-0.014529	0.576885	0.067401	-0.995242	0.070354	0.573118	0.096341	0.813790
49799	5.869113	0.717311	8.354861	0.005329	0.139587	0.022306	-0.817474	-0.014844	0.575775	0.067552	-0.995240	0.070250	0.571991	0.096322	0.814585
49800	5.982817	0.641156	8.359163	0.006491	0.146641	0.019876	-0.818289	-0.015155	0.574607	0.067705	-0.995235	0.070169	0.570806	0.096323	0.815416
49801	5.972842	0.739673	8.388804	0.020802	0.162987	0.018313	-0.819197	-0.015449	0.573305	0.067907	-0.995218	0.070214	0.569478	0.096451	0.816328
49802	5.777986	0.976586	8.390876	0.013529	0.175032	0.024449	-0.820167	-0.015832	0.571906	0.068138	-0.995206	0.070165	0.568053	0.096515	0.817313
49803	5.681922	0.741591	8.462472	0.006052	0.157972	0.025445	-0.821037	-0.016186	0.570645	0.068307	-0.995202	0.070050	0.566773	0.096493	0.818204
49804	5.674427	0.765824	8.436954	0.007917	0.134344	0.023300	-0.821773	-0.016519	0.569575	0.068497	-0.995195	0.069962	0.565683	0.096507	0.818956
49805	5.735620	0.600902	8.438605	0.004448	0.125447	0.019542	-0.822460	-0.016807	0.568575	0.068637	-0.995192	0.069867	0.564667	0.096488	0.819659
49806	5.687329	0.582674	8.479286	0.013540	0.106162	0.012270	-0.823041	-0.017004	0.567727	0.068768	-0.995182	0.069888	0.563803	0.096563	0.820245
49807	5.633753	0.792297	8.474400	0.011898	0.091230	0.008565	-0.823539	-0.017156	0.567000	0.068868	-0.995173	0.069916	0.563063	0.096627	0.820746
49808	5.583421	0.748233	8.581237	0.001940	0.072211	0.008092	-0.823931	-0.017278	0.566426	0.068900	-0.995174	0.069866	0.562485	0.096592	0.821146
49809	5.648829	0.834988	8.535340	0.004758	0.043895	0.005272	-0.824163	-0.017355	0.566087	0.068936	-0.995172	0.069854	0.562142	0.096595	0.821381
49810	5.696556	0.826837	8.450676	-0.003686	0.026582	0.013659	-0.824294	-0.017488	0.565891	0.068982	-0.995178	0.069726	0.561944	0.096511	0.821526
49811	5.740637	0.792810	8.399051	-0.008246	0.016295	0.016134	-0.824368	-0.017612	0.565780	0.068994	-0.995190	0.069548	0.561834	0.096369	0.821618
49812	5.739753	0.789936	8.434342	-0.007384	0.008797	0.022388	-0.824393	-0.017815	0.565737	0.069091	-0.995198	0.069341	0.561785	0.096251	0.821665
49813	5.724817	0.714083	8.501341	-0.011170	-0.001132	0.017510	-0.824363	-0.017978	0.565776	0.069148	-0.995208	0.069128	0.561822	0.096109	0.821656
49814	5.990443	0.632515	8.498761	-0.006514	0.002947	0.020510	-0.824357	-0.018156	0.565779	0.069234	-0.995216	0.068939	0.561821	0.096001	0.821670
49815	6.119327	0.579417	8.498146	0.001331	0.033108	0.014311	-0.824526	-0.018287	0.565529	0.069296	-0.995218	0.068849	0.561565	0.095956	0.821850
49816	6.211089	0.534615	8.500126	0.013788	0.079463	0.004796	-0.824960	-0.018383	0.564893	0.069367	-0.995208	0.068915	0.560919	0.096037	0.822282
49817	6.007928	0.275456	8.566659	0.030256	0.120690	-0.004328	-0.825630	-0.018427	0.563911	0.069453	-0.995184	0.069168	0.559921	0.096272	0.822934
49818	5.527709	0.482044	8.423327	0.064252	0.113692	-0.021186	-0.826272	-0.018297	0.562974	0.069591	-0.995131	0.069796	0.558955	0.096848	0.823522
49819	5.553111	0.910622	8.251766	0.049455	0.083328	-0.020337	-0.826745	-0.018151	0.562284	0.069657	-0.995091	0.070297	0.558248	0.097285	0.823951
49820	5.534850	0.515590	8.347030	0.035268	0.072624	-0.015083	-0.827152	-0.018043	0.561689	0.069683	-0.995064	0.070652	0.557642	0.097580	0.824326
49821	5.621785	0.624425	8.388331	0.044467	0.048559	-0.020271	-0.827427	-0.017863	0.561289	0.069720	-0.995029	0.071111	0.557228	0.097973	0.824560
49822	5.672359	0.894061	8.329709	0.041449	0.041614	-0.017075	-0.827662	-0.017706	0.560947	0.069764	-0.994996	0.071529	0.556873	0.098335	0.824756
49823	5.613491	0.885000	8.313582	0.032776	0.035077	-0.011521	-0.827856	-0.017603	0.560664	0.069811	-0.994970	0.071842	0.556579	0.098616	0.824921
49824	5.505404	1.058773	8.319229	0.021686	0.018962	0.001523	-0.827952	-0.017608	0.560522	0.069898	-0.994953	0.071992	0.556426	0.098786	0.825004
49825	5.241714	1.236620	8.374843	0.006334	-0.004963	0.014704	-0.827906	-0.017719	0.560587	0.070006	-0.994949	0.071941	0.556480	0.098805	0.824965
49826	5.013690	1.476598	8.516798	-0.039572	-0.079659	0.043465	-0.827424	-0.018044	0.561288	0.070100	-0.994985	0.071351	0.557186	0.098384	0.824539
49827	5.618430	1.022070	8.484763	-0.089058	-0.124297	0.064874	-0.826677	-0.018531	0.562371	0.070083	-0.995066	0.070232	0.558295	0.097472	0.823897
49828	5.839646	0.234253	8.783812	-0.091999	-0.119192	0.061703	-0.825959	-0.019001	0.563410	0.070033	-0.995148	0.069107	0.559363	0.096537	0.823282
49829	6.019897	-0.232280	8.814332	0.001409	-0.133519	0.011599	-0.825196	-0.018955	0.564528	0.070085	-0.995149	0.069033	0.560481	0.096531	0.822522
49830	6.225305	0.887491	8.393307	0.005828	-0.102056	0.008080	-0.824609	-0.018908	0.565386	0.070139	-0.995147	0.069016	0.561338	0.096566	0.821934
49831	5.539342	0.432679	8.407736	0.010473	-0.085881	0.004745	-0.824117	-0.018839	0.566106	0.070184	-0.995141	0.069055	0.562055	0.096641	0.821435
49832	5.790659	0.330643	8.520077	0.031141	-0.095940	-0.018540	-0.823582	-0.018534	0.566895	0.070161	-0.995119	0.069395	0.562842	0.096927	0.820862
49833	5.806437	0.458889	8.500997	0.044907	-0.091728	-0.033431	-0.823080	-0.018083	0.567637	0.070091	-0.995086	0.069933	0.563583	0.097347	0.820303
49834	5.383114	0.677890	8.554444	0.056753	-0.105162	-0.045019	-0.822510	-0.017504	0.568481	0.069995	-0.995043	0.070634	0.564427	0.097888	0.819658
49835	5.724097	0.668978	8.459258	0.045351	-0.142315	-0.055300	-0.821737	-0.016788	0.569620	0.069753	-0.995013	0.071300	0.565582	0.098323	0.818810
49836	6.093332	0.879980	8.316788	0.045928	-0.135907	-0.045759	-0.820991	-0.016171	0.570713	0.069591	-0.994980	0.071917	0.566685	0.098760	0.817994
49837	5.918008	0.500321	8.299184	0.030426	-0.108765	-0.042420	-0.820396	-0.015616	0.571583	0.069372	-0.994961	0.072388	0.567573	0.099038	0.817345
49838	5.926815	0.857436	8.199091	0.042214	-0.101504	-0.045783	-0.819842	-0.015031	0.572393	0.069190	-0.994931	0.072975	0.568394	0.099432	0.816726
49839	5.645249	0.645243	8.327360	0.039271	-0.100929	-0.051565	-0.819295	-0.014396	0.573191	0.068953	-0.994903	0.073570	0.569211	0.099799	0.816112
49840	5.547341	0.545130	8.508641	0.059291	-0.129209	-0.065089	-0.818595	-0.013591	0.574210	0.068711	-0.994858	0.074408	0.570246	0.100364	0.815320
49841	5.704593	0.994284	8.630963	0.051011	-0.174383	-0.065239	-0.817636	-0.012743	0.575595	0.068428	-0.994819	0.075178	0.571655	0.100855	0.814272
49842	5.914693	1.012545	8.566144	0.027343	-0.186968	-0.053538	-0.816593	-0.011994	0.577089	0.068101	-0.994803	0.075690	0.573182	0.101108	0.813166
49843	5.952373	0.965872	8.414956	0.010193	-0.189651	-0.040501	-0.815526	-0.011370	0.578609	0.067781	-0.994802	0.075987	0.574738	0.101188	0.812057
49844	5.706665	0.865595	8.647001	-0.015874	-0.199729	-0.027584	-0.814386	-0.010865	0.580222	0.067419	-0.994826	0.075999	0.576395	0.101010	0.810904
49845	5.330724	1.384365	9.052603	-0.024012	-0.265344	-0.022908	-0.812862	-0.010343	0.582365	0.067049	-0.994857	0.075918	0.578585	0.100758	0.809375
49846	5.086144	1.653713	9.274783	-0.084309	-0.359799	0.015556	-0.810755	-0.010108	0.585298	0.066640	-0.994945	0.075127	0.581580	0.099913	0.807330
49847	5.528418	1.664024	9.055278	-0.138290	-0.468253	0.056601	-0.807978	-0.010187	0.589124	0.066255	-0.995080	0.073660	0.585475	0.098548	0.804678
49848	5.477179	1.239907	9.072985	-0.208057	-0.541402	0.078216	-0.804735	-0.010409	0.593543	0.065616	-0.995279	0.071508	0.589996	0.096491	0.801619
49849	3.118029	1.256692	10.539283	-0.572856	-0.559232	-0.034318	-0.801437	-0.009519	0.598003	0.061904	-0.995823	0.067111	0.594866	0.090804	0.798679
49850	4.201955	0.863802	10.298722	0.254955	-1.216992	0.287434	-0.793947	-0.011232	0.607884	0.065678	-0.995563	0.067387	0.604429	0.093426	0.791162
49851	3.768224	0.258420	10.429855	-0.425454	-1.350984	0.286682	-0.785514	-0.012836	0.618711	0.065315	-0.995920	0.062262	0.615387	0.089318	0.783148
49852	4.751605	-0.688975	10.275577	0.130553	-1.683912	0.257932	-0.774859	-0.013860	0.631982	0.068091	-0.995773	0.061648	0.628456	0.090801	0.772527
49853	4.195722	1.084574	10.478278	0.022170	-2.032207	0.262103	-0.761741	-0.014592	0.647717	0.070199	-0.995719	0.060125	0.644067	0.091269	0.759505
49854	5.065021	1.108928	10.433226	0.010047	-2.369876	0.321570	-0.746025	-0.015598	0.665736	0.072641	-0.995666	0.058074	0.661944	0.091684	0.743924
49855	5.177453	1.800509	10.837476	0.071602	-2.738408	0.414758	-0.727308	-0.017179	0.686096	0.076137	-0.995536	0.055783	0.682075	0.092808	0.725369
49856	5.363888	1.181895	10.594725	-0.033061	-3.047780	0.525516	-0.705764	-0.019551	0.708177	0.079624	-0.995474	0.051871	0.703958	0.092997	0.704127
49857	6.606533	1.550779	11.042609	0.104256	-3.406494	0.628470	-0.680859	-0.022579	0.732066	0.084676	-0.995249	0.048056	0.727503	0.094708	0.679536
49858	7.713858	1.183321	10.580505	0.019438	-3.716123	0.827620	-0.652625	-0.027248	0.757191	0.090289	-0.995029	0.042013	0.752282	0.095785	0.651841
49859	9.857050	2.541127	9.970395	0.626721	-3.908123	0.977023	-0.621805	-0.033050	0.782474	0.101256	-0.994116	0.038476	0.776598	0.103155	0.621493
49860	10.540006	9.413947	10.927883	0.424253	-3.903437	1.250118	-0.589688	-0.041308	0.806574	0.112125	-0.993207	0.031108	0.799810	0.108781	0.590314
49861	9.744949	9.623504	10.661577	-0.631056	-3.703194	1.539389	-0.557901	-0.052625	0.828238	0.115793	-0.993162	0.014894	0.821790	0.104213	0.560179
49862	5.796451	7.498614	12.413055	-1.372906	-3.307782	1.618383	-0.528525	-0.065422	0.846393	0.113117	-0.993563	-0.006162	0.841347	0.092485	0.532523
49863	14.634076	0.542261	15.763692	-1.402088	-2.613330	0.912768	-0.505338	-0.072205	0.859895	0.105888	-0.994151	-0.021251	0.856400	0.080314	0.510028
49864	8.743594	0.439268	16.537427	-0.209020	-1.368986	0.134064	-0.493411	-0.072418	0.866776	0.104710	-0.994226	-0.023460	0.863471	0.079184	0.498145
49865	2.346909	3.129634	13.499154	0.549039	-0.651844	-0.332114	-0.488127	-0.068550	0.870076	0.107783	-0.994014	-0.017847	0.866091	0.085068	0.492594
49866	-2.192204	5.049193	11.139023	0.310779	-0.403481	-0.368234	-0.485015	-0.064512	0.872123	0.108635	-0.993995	-0.013111	0.867732	0.088384	0.489110
49867	-2.640641	2.992044	10.505480	-0.048945	-0.340756	-0.224133	-0.482301	-0.061951	0.873812	0.107082	-0.994185	-0.011381	0.869436	0.088080	0.486131
49868	-0.646138	0.141595	11.505707	-0.061386	-0.096431	-0.159219	-0.481619	-0.060255	0.874307	0.105731	-0.994342	-0.010285	0.869980	0.087488	0.485264
49869	0.672247	-0.294039	12.377018	0.143428	0.406048	-0.193186	-0.485360	-0.058659	0.872344	0.105999	-0.994335	-0.007886	0.867865	0.088639	0.488828
49870	0.793879	0.293289	12.154830	0.226877	0.973098	-0.212694	-0.493994	-0.057387	0.867570	0.106870	-0.994261	-0.004915	0.862873	0.090289	0.497292
49871	1.022880	0.255166	11.181091	0.190068	1.486214	-0.164505	-0.506950	-0.057069	0.860084	0.107634	-0.994187	-0.002525	0.855229	0.091295	0.510146
49872	1.258147	-0.514967	10.136327	0.178160	1.907765	-0.073354	-0.523237	-0.058059	0.850207	0.108721	-0.994072	-0.000974	0.845223	0.091926	0.526447
49873	2.092308	-0.452921	9.388845	0.254495	2.254499	0.021282	-0.542146	-0.060324	0.838116	0.110924	-0.993829	0.000221	0.832930	0.093087	0.545492
49874	3.065190	0.266735	8.903739	0.297283	2.565907	0.083632	-0.563227	-0.063533	0.823856	0.113791	-0.993504	0.001177	0.818429	0.094410	0.566798
49875	3.841637	0.735243	8.515985	0.270574	2.840156	0.098989	-0.586140	-0.067178	0.807420	0.116505	-0.993188	0.001942	0.801789	0.095207	0.589974
49876	4.652003	0.225554	8.262804	0.273451	3.061096	0.039938	-0.610342	-0.070469	0.788997	0.118861	-0.992905	0.003266	0.783170	0.095775	0.614388
49877	5.997923	-0.893376	8.104406	0.376425	3.245107	-0.094922	-0.635555	-0.072626	0.768632	0.121133	-0.992616	0.006370	0.762494	0.097155	0.639659
49878	7.318480	-1.427254	7.884082	0.574656	3.411903	-0.222170	-0.661445	-0.073762	0.746357	0.123959	-0.992217	0.011796	0.739679	0.100320	0.665441
49879	8.132958	-1.459107	7.632586	0.694889	3.508068	-0.281305	-0.687337	-0.074535	0.722504	0.127069	-0.991720	0.018577	0.715137	0.104577	0.691117
49880	8.796592	-1.712464	7.477542	0.720564	3.516724	-0.266428	-0.712373	-0.075621	0.697715	0.130217	-0.991157	0.025528	0.689614	0.109040	0.715921
49881	9.450920	-1.905738	7.527261	0.709495	3.465057	-0.217959	-0.736124	-0.077285	0.672420	0.133392	-0.990541	0.032181	0.663572	0.113385	0.739470
49882	9.973778	-1.784105	7.477198	0.683510	3.389391	-0.171861	-0.758396	-0.079466	0.646932	0.136506	-0.989894	0.038431	0.637340	0.117456	0.761579
49883	10.085041	-1.137634	7.588375	0.611979	3.282256	-0.178512	-0.779150	-0.081580	0.621506	0.138906	-0.989315	0.044280	0.611253	0.120832	0.782157
49884	10.077743	-0.332451	7.771490	0.442243	3.156878	-0.245152	-0.798379	-0.082969	0.596411	0.139573	-0.988986	0.049257	0.585756	0.122569	0.801166
49885	10.311900	-0.155921	7.883599	0.245106	3.029613	-0.357494	-0.816268	-0.083038	0.571674	0.137956	-0.989002	0.053325	0.560958	0.122394	0.818746
49886	10.523654	-0.170831	7.881956	0.082218	2.912471	-0.494564	-0.832923	-0.081658	0.547331	0.134283	-0.989317	0.056752	0.536850	0.120768	0.834990
49887	10.358306	-0.117673	7.489933	-0.025818	2.783716	-0.619915	-0.848378	-0.078730	0.523504	0.128789	-0.989865	0.059846	0.513486	0.118193	0.849919
49888	9.638998	-0.075773	6.830773	-0.097535	2.610826	-0.707273	-0.862377	-0.074744	0.500718	0.122204	-0.990528	0.062610	0.491296	0.115183	0.863343
49889	8.099205	-0.164137	5.966792	-0.135557	2.356497	-0.749472	-0.874618	-0.069919	0.479745	0.114946	-0.991237	0.065092	0.470989	0.112075	0.874990
49890	6.662322	-0.461841	5.221069	-0.101571	1.973371	-0.757067	-0.884580	-0.064572	0.461897	0.107774	-0.991865	0.067738	0.453765	0.109699	0.884343
49891	6.928403	-0.498575	5.332984	-0.000105	1.572734	-0.752842	-0.892402	-0.058772	0.447397	0.101019	-0.992338	0.071141	0.439788	0.108682	0.891501
49892	8.230918	-1.175018	5.873461	0.134635	1.276364	-0.786527	-0.898705	-0.052328	0.435420	0.094517	-0.992634	0.075790	0.428247	0.109268	0.897031
49893	9.662661	-2.682662	6.270701	0.336493	1.110473	-0.867892	-0.904202	-0.044912	0.424736	0.088073	-0.992690	0.082527	0.417925	0.112029	0.901548
49894	11.712642	-3.864542	6.228267	0.623761	0.982075	-0.999129	-0.909103	-0.036095	0.415006	0.081549	-0.992383	0.092329	0.408512	0.117780	0.905122
49895	14.090770	-3.771155	4.995515	0.818514	0.931602	-1.094882	-0.913727	-0.026336	0.405475	0.074832	-0.991735	0.104217	0.399379	0.125568	0.908146
49896	15.103702	-1.910991	3.458689	0.731797	0.915989	-0.991547	-0.918050	-0.017659	0.396071	0.068599	-0.991015	0.114819	0.390485	0.132580	0.911013
49897	14.554241	-0.884374	1.899995	0.326421	0.826378	-0.676145	-0.921694	-0.012037	0.387732	0.063595	-0.990684	0.120420	0.382670	0.135648	0.913873
49898	13.542237	-1.129559	0.793902	-0.136560	0.590506	-0.285847	-0.924109	-0.009973	0.381998	0.060397	-0.990906	0.120241	0.377325	0.134188	0.916308
49899	12.529692	-2.179508	-0.083202	-0.398181	0.242596	0.041729	-0.924997	-0.010676	0.379823	0.059240	-0.991434	0.116402	0.375327	0.130172	0.917706
49900	12.051720	-2.241233	-0.080641	-0.394980	-0.146690	0.268971	-0.924280	-0.013127	0.381490	0.060201	-0.991914	0.111724	0.376939	0.126230	0.917596
49901	11.736303	-1.671788	0.246883	-0.302742	-0.536377	0.421592	-0.921983	-0.016610	0.386875	0.062899	-0.992235	0.107299	0.382089	0.123262	0.915868
49902	11.416360	-0.539053	1.136368	-0.224357	-0.887361	0.485572	-0.918236	-0.020315	0.395513	0.066459	-0.992425	0.103319	0.390418	0.121157	0.912630
49903	8.297226	-0.971829	3.072451	-0.257330	-1.202244	0.666245	-0.913011	-0.025455	0.407139	0.071496	-0.992588	0.098273	0.401620	0.118833	0.908064
49904	5.448364	2.672467	6.397750	0.340549	-1.555883	0.678720	-0.906138	-0.030282	0.421898	0.079019	-0.991994	0.098512	0.415536	0.122604	0.901276
49905	2.125652	2.988135	10.535184	-0.399353	-1.484935	0.960914	-0.899068	-0.037991	0.436158	0.085961	-0.992155	0.090773	0.429287	0.119104	0.895280
49906	1.836602	1.752318	14.474848	-0.237762	-1.269173	0.981862	-0.892658	-0.046204	0.448360	0.093680	-0.992028	0.084282	0.440892	0.117238	0.889871
49907	5.525626	0.680929	13.035173	-0.057537	-1.305324	0.695334	-0.886151	-0.051541	0.460521	0.099562	-0.991763	0.080585	0.452574	0.117261	0.883983
49908	5.192656	2.774766	9.359629	0.041202	-1.218379	0.313722	-0.880249	-0.053188	0.471522	0.102478	-0.991556	0.079461	0.463314	0.118266	0.878267
49909	6.884367	3.303801	7.605952	0.053118	-1.251272	-0.008798	-0.874388	-0.051584	0.482477	0.102605	-0.991505	0.079942	0.474254	0.119405	0.872253
49910	8.326265	4.319654	8.991110	0.003482	-1.077457	-0.166865	-0.869391	-0.048612	0.491727	0.101123	-0.991591	0.080761	0.483666	0.119938	0.866996
49911	8.758676	2.583364	10.530985	-0.189556	-0.965456	-0.176064	-0.864852	-0.045686	0.499944	0.098626	-0.991906	0.079972	0.492244	0.118471	0.862357
49912	8.979367	-0.566495	10.748721	-0.217158	-0.852256	-0.101729	-0.860717	-0.043646	0.507210	0.096627	-0.992213	0.078592	0.499830	0.116656	0.858232
49913	7.823570	-3.115069	9.987141	-0.151737	-0.751636	0.008139	-0.856922	-0.042825	0.513664	0.095889	-0.992392	0.077229	0.506449	0.115434	0.854508
49914	7.214475	-3.060364	9.712707	0.084303	-0.745514	0.025377	-0.853091	-0.042184	0.520054	0.096491	-0.992289	0.077794	0.512762	0.116546	0.850583
49915	7.405510	-0.267228	9.632557	0.233307	-0.684158	-0.033751	-0.849591	-0.041014	0.525846	0.097360	-0.992035	0.079927	0.518379	0.119101	0.846816
49916	6.746917	1.004105	9.432266	0.252619	-0.605441	-0.132350	-0.846559	-0.038943	0.530868	0.097508	-0.991790	0.082739	0.523288	0.121807	0.843406
49917	6.916666	0.789533	9.067294	0.245545	-0.550686	-0.181445	-0.843835	-0.036436	0.535364	0.097218	-0.991562	0.085750	0.527722	0.124405	0.840258
49918	6.617588	0.051036	8.881002	0.247016	-0.476409	-0.167856	-0.841468	-0.034144	0.539227	0.097066	-0.991317	0.088702	0.531516	0.126981	0.837476
49919	7.002065	0.804918	9.152200	0.230733	-0.417832	-0.120151	-0.839350	-0.032388	0.542625	0.097239	-0.991068	0.091258	0.534823	0.129362	0.835003
49920	6.912411	1.935193	8.889111	0.205493	-0.300597	-0.130633	-0.837859	-0.030673	0.545025	0.097200	-0.990848	0.093661	0.537164	0.131451	0.833172
49921	7.306452	3.765812	8.485487	-0.029108	-0.188751	-0.047736	-0.836882	-0.029922	0.546564	0.096596	-0.990907	0.093657	0.538792	0.131176	0.832163
49922	4.776493	1.424258	8.309706	-0.012263	-0.124508	-0.036554	-0.836239	-0.029368	0.547579	0.096179	-0.990941	0.093734	0.539865	0.131049	0.831488
49923	6.582042	0.807186	8.835075	-0.035525	-0.109816	-0.020789	-0.835658	-0.028989	0.548485	0.095766	-0.991000	0.093530	0.540837	0.130686	0.830913
49924	6.315453	0.743502	8.531335	0.038033	-0.025159	-0.056026	-0.835568	-0.028372	0.548654	0.095458	-0.990973	0.094133	0.541030	0.131028	0.830733
49925	5.717165	1.005055	8.532263	0.034152	0.014572	-0.045799	-0.835683	-0.027908	0.548502	0.095214	-0.990947	0.094646	0.540896	0.131319	0.830775
49926	5.604114	0.834796	8.635339	0.028732	0.015986	-0.037724	-0.835798	-0.027526	0.548347	0.095008	-0.990926	0.095070	0.540754	0.131557	0.830829
49927	5.551467	0.823855	8.444793	0.011488	0.006913	-0.027689	-0.835854	-0.027231	0.548276	0.094792	-0.990925	0.095296	0.540705	0.131626	0.830850
49928	5.439342	0.799290	8.442690	-0.009639	0.002766	-0.013561	-0.835874	-0.027072	0.548253	0.094581	-0.990948	0.095269	0.540711	0.131487	0.830869
49929	5.240121	0.841226	8.333690	-0.028318	-0.023536	-0.007168	-0.835746	-0.026941	0.548454	0.094322	-0.990994	0.095051	0.540954	0.131170	0.830761
49930	5.303429	1.274573	8.295332	-0.051688	-0.054087	0.000929	-0.835445	-0.026850	0.548917	0.094004	-0.991068	0.094596	0.541474	0.130630	0.830507
49931	5.586096	1.333399	8.350562	-0.081304	-0.062157	0.018310	-0.835084	-0.026921	0.549464	0.093670	-0.991175	0.093798	0.542089	0.129797	0.830236
49932	5.554849	0.932695	8.540288	-0.109687	-0.052412	0.025432	-0.834768	-0.027077	0.549935	0.093242	-0.991316	0.092727	0.542649	0.128682	0.830044
49933	5.742696	1.033222	8.558378	-0.085817	-0.066665	0.024607	-0.834376	-0.027206	0.550524	0.092934	-0.991426	0.091857	0.543305	0.127806	0.829750
49934	5.439719	1.365550	8.305944	-0.098220	-0.067195	0.040102	-0.833966	-0.027489	0.551131	0.092689	-0.991546	0.090801	0.543976	0.126809	0.829463
49935	5.229297	1.350329	8.574992	-0.139632	-0.102202	0.058764	-0.833347	-0.027914	0.552044	0.092372	-0.991712	0.089297	0.544977	0.125409	0.829019
49936	5.592223	0.607233	8.664761	-0.161913	-0.138774	0.064978	-0.832523	-0.028356	0.553265	0.091984	-0.991902	0.087575	0.546301	0.123800	0.828389
49937	6.221087	0.506236	8.703024	-0.121362	-0.130905	0.051317	-0.831752	-0.028675	0.554406	0.091701	-0.992043	0.086265	0.547521	0.122590	0.827763
49938	5.984338	0.573420	8.640899	-0.097261	-0.095505	0.038514	-0.831186	-0.028912	0.555243	0.091443	-0.992157	0.085225	0.548424	0.121611	0.827310
49939	5.874372	0.439306	8.789334	-0.078755	-0.088518	0.020804	-0.830673	-0.028982	0.556005	0.091136	-0.992252	0.084437	0.549250	0.120812	0.826879
49940	6.010248	0.681729	8.545334	-0.030966	-0.076413	0.001975	-0.830244	-0.028880	0.556652	0.090937	-0.992295	0.084149	0.549933	0.120485	0.826473
49941	5.977833	0.988105	8.541693	-0.021998	-0.058077	-0.010180	-0.829926	-0.028680	0.557136	0.090684	-0.992331	0.084002	0.550454	0.120239	0.826162
49942	5.842153	0.916898	8.588916	-0.026577	-0.036853	-0.002634	-0.829717	-0.028581	0.557452	0.090470	-0.992369	0.083777	0.550803	0.119944	0.825972
49943	5.658474	1.181516	8.447199	-0.025072	-0.040993	0.007106	-0.829477	-0.028574	0.557809	0.090344	-0.992403	0.083509	0.551185	0.119663	0.825757
49944	5.609144	1.014900	8.392282	-0.044690	-0.042830	0.016183	-0.829219	-0.028654	0.558189	0.090186	-0.992458	0.083029	0.551600	0.119190	0.825549
49945	5.791098	0.695706	8.391250	-0.046464	-0.042904	0.021592	-0.828955	-0.028789	0.558574	0.090062	-0.992513	0.082503	0.552017	0.118698	0.825341
49946	6.000353	0.345028	8.424946	-0.044753	-0.027581	0.015766	-0.828780	-0.028884	0.558828	0.089900	-0.992567	0.082026	0.552305	0.118220	0.825217
