// General information: 
//  MT Manager version: 2022.2.0 
//  XDA version: 2022.2.0 build 7381 rev 124627 built on 2023-07-19
// Device information: 
//  DeviceId: 00B4CAF0
//  ProductCode: MTW2-3A7G6
//  Firmware Version: 4.6.0
//  Hardware Version: 2.0.0
// Device settings: 
//  Filter Profile: human(46.1)
//  Option Flags: Orientation Smoother Disabled, Position/Velocity Smoother Disabled, Continuous Zero Rotation Update Disabled, AHS Disabled, ICC Disabled
// Coordinate system: ENU
PacketCounter	Acc_X	Acc_Y	Acc_Z	Gyr_X	Gyr_Y	Gyr_Z	Mat[1][1]	Mat[2][1]	Mat[3][1]	Mat[1][2]	Mat[2][2]	Mat[3][2]	Mat[1][3]	Mat[2][3]	Mat[3][3]
53507	5.127892	0.412411	8.923649	0.009523	0.003229	-0.007873	-0.859001	-0.082109	0.505346	0.130405	-0.989590	0.060877	0.495087	0.118193	0.860767
53508	5.079759	0.466384	8.885418	0.011704	-0.004505	-0.003558	-0.858974	-0.082052	0.505403	0.130416	-0.989581	0.060996	0.495132	0.118306	0.860725
53509	5.092816	0.478405	8.915357	0.004245	0.013472	-0.000094	-0.859074	-0.081861	0.505264	0.130166	-0.989615	0.060980	0.495025	0.118154	0.860808
53510	5.091476	0.401960	8.904781	-0.003174	-0.001077	0.002624	-0.859055	-0.081869	0.505294	0.130157	-0.989619	0.060939	0.495060	0.118118	0.860793
53511	5.110951	0.380092	8.944164	-0.004831	0.008479	0.002276	-0.859125	-0.081710	0.505200	0.129898	-0.989659	0.060833	0.495005	0.117888	0.860856
53512	5.126457	0.413552	8.924420	0.000599	-0.003787	0.006109	-0.859089	-0.081749	0.505256	0.129937	-0.989656	0.060808	0.495059	0.117890	0.860825
53513	5.039438	0.353971	8.905897	-0.013186	0.011605	0.002087	-0.859175	-0.081591	0.505135	0.129633	-0.989707	0.060630	0.494988	0.117574	0.860908
53514	5.036334	0.408174	8.906839	0.009053	-0.003763	0.003035	-0.859143	-0.081600	0.505189	0.129687	-0.989696	0.060692	0.495030	0.117660	0.860872
53515	5.048905	0.420772	8.876532	0.005627	-0.005967	-0.002691	-0.859148	-0.081376	0.505216	0.129438	-0.989728	0.060700	0.495086	0.117544	0.860856
53516	5.031575	0.442658	8.896432	0.019948	-0.019754	-0.001070	-0.859042	-0.081325	0.505405	0.129512	-0.989707	0.060877	0.495252	0.117751	0.860732
53517	4.963261	0.418286	8.916801	0.007907	-0.010551	-0.001639	-0.859022	-0.081111	0.505472	0.129287	-0.989735	0.060899	0.495344	0.117664	0.860691
53518	4.899354	0.363034	8.826635	0.024770	-0.037198	-0.004314	-0.858834	-0.081007	0.505809	0.129356	-0.989712	0.061134	0.495653	0.117933	0.860477
53519	5.111685	0.472356	8.990110	0.027295	-0.058806	-0.003212	-0.858575	-0.080734	0.506291	0.129230	-0.989716	0.061329	0.496133	0.118084	0.860179
53520	5.500805	0.254873	8.915984	0.025127	-0.042095	-0.006574	-0.858365	-0.080602	0.506668	0.129282	-0.989694	0.061579	0.496483	0.118360	0.859939
53521	5.185813	0.635100	8.976241	0.047975	-0.002019	-0.002286	-0.858389	-0.080386	0.506662	0.129245	-0.989676	0.061948	0.496451	0.118659	0.859916
53522	5.229593	0.432505	8.873151	-0.007927	0.001796	0.007052	-0.858379	-0.080441	0.506670	0.129249	-0.989682	0.061844	0.496468	0.118572	0.859919
53523	5.128506	0.492809	8.896333	0.018752	0.006431	0.007711	-0.858432	-0.080337	0.506598	0.129157	-0.989690	0.061910	0.496401	0.118576	0.859957
53524	5.127725	0.493015	8.896771	-0.003779	0.012119	0.010211	-0.858469	-0.080435	0.506519	0.129209	-0.989688	0.061826	0.496323	0.118522	0.860009
53525	5.066206	0.378826	8.927541	-0.012501	0.011407	0.017678	-0.858534	-0.080431	0.506410	0.129041	-0.989726	0.061573	0.496254	0.118211	0.860092
53526	5.055405	0.387855	8.908520	-0.004579	0.009833	0.016993	-0.858551	-0.080594	0.506355	0.129147	-0.989720	0.061448	0.496197	0.118150	0.860133
53527	5.099285	0.311702	8.937038	-0.010919	0.007462	0.015881	-0.858597	-0.080580	0.506279	0.128986	-0.989755	0.061217	0.496159	0.117864	0.860194
53528	5.099330	0.464357	8.899023	0.010106	0.000112	0.017322	-0.858565	-0.080734	0.506308	0.129168	-0.989731	0.061216	0.496167	0.117957	0.860177
53529	5.121172	0.387330	8.938005	-0.018117	0.017158	0.014001	-0.858664	-0.080696	0.506147	0.128936	-0.989779	0.060934	0.496056	0.117582	0.860292
53530	5.123344	0.485118	8.899729	0.009761	0.005026	0.019560	-0.858654	-0.080878	0.506135	0.129135	-0.989754	0.060918	0.496022	0.117667	0.860300
53531	5.106461	0.449665	8.920412	-0.024708	0.023079	0.018225	-0.858776	-0.080890	0.505925	0.128907	-0.989806	0.060557	0.495869	0.117222	0.860449
53532	5.125182	0.294935	8.889318	-0.022618	0.011984	0.019434	-0.858801	-0.081079	0.505853	0.128945	-0.989819	0.060263	0.495817	0.116981	0.860512
53533	5.103787	0.444758	8.922188	0.005998	0.016928	0.023401	-0.858887	-0.081132	0.505699	0.128910	-0.989831	0.060140	0.495677	0.116843	0.860611
53534	5.085419	0.409797	8.883126	-0.023050	0.013538	0.018564	-0.858920	-0.081314	0.505613	0.128938	-0.989845	0.059847	0.495612	0.116596	0.860682
53535	5.155260	0.432222	8.922505	-0.006591	0.015566	0.024271	-0.858999	-0.081364	0.505471	0.128838	-0.989872	0.059611	0.495502	0.116329	0.860782
53536	5.130332	0.429524	8.874179	-0.015812	0.021794	0.022356	-0.859068	-0.081593	0.505316	0.128934	-0.989875	0.059361	0.495356	0.116147	0.860890
53537	5.080689	0.402265	8.886176	-0.021530	0.024628	0.028300	-0.859184	-0.081719	0.505099	0.128823	-0.989912	0.058976	0.495185	0.115739	0.861044
53538	5.065391	0.310242	8.906691	-0.029707	0.025312	0.026985	-0.859265	-0.081997	0.504917	0.128890	-0.989927	0.058583	0.495027	0.115417	0.861178
53539	4.976710	0.378769	8.960297	-0.010826	0.011082	0.025315	-0.859317	-0.082082	0.504814	0.128812	-0.989954	0.058304	0.494957	0.115127	0.861257
53540	5.088935	0.250560	8.956843	-0.019797	0.009030	0.018057	-0.859328	-0.082254	0.504767	0.128851	-0.989964	0.058041	0.494927	0.114916	0.861302
53541	4.979228	0.474155	8.922247	0.014732	-0.005714	0.022529	-0.859304	-0.082264	0.504806	0.128843	-0.989968	0.057996	0.494971	0.114877	0.861282
53542	5.117053	0.424105	8.978316	-0.014819	-0.001691	0.021024	-0.859259	-0.082452	0.504853	0.128933	-0.989970	0.057762	0.495026	0.114724	0.861271
53543	5.063526	0.299702	8.908112	-0.018427	-0.001208	0.022779	-0.859253	-0.082498	0.504854	0.128795	-0.990007	0.057429	0.495071	0.114369	0.861292
53544	4.935209	0.389601	8.931820	-0.004633	-0.007874	0.021403	-0.859177	-0.082684	0.504954	0.128938	-0.989997	0.057280	0.495167	0.114321	0.861244
53545	5.093714	0.471619	8.928600	-0.008946	-0.030087	0.026885	-0.859024	-0.082729	0.505206	0.128873	-0.990021	0.057009	0.495449	0.114079	0.861114
53546	5.115385	0.239172	8.944242	-0.041761	-0.006922	0.024687	-0.858948	-0.082948	0.505299	0.128860	-0.990051	0.056524	0.495583	0.113664	0.861091
53547	4.785838	0.319074	8.882165	-0.022998	-0.024319	0.026266	-0.858826	-0.082988	0.505501	0.128712	-0.990092	0.056134	0.495834	0.113273	0.860998
53548	4.987259	0.720437	8.940671	0.047474	-0.070166	0.029307	-0.858430	-0.083180	0.506141	0.129181	-0.990016	0.056393	0.496397	0.113793	0.860605
53549	5.201251	0.485353	9.009662	-0.076749	-0.045952	0.037886	-0.858184	-0.083318	0.506535	0.128873	-0.990108	0.055481	0.496902	0.112892	0.860432
53550	5.119539	0.103703	8.845287	-0.076289	-0.024151	0.032175	-0.858013	-0.083591	0.506780	0.128751	-0.990169	0.054661	0.497229	0.112148	0.860341
53551	5.164377	0.418421	8.906453	0.043704	-0.067238	0.032093	-0.857667	-0.083657	0.507354	0.129003	-0.990128	0.054814	0.497760	0.112462	0.859993
53552	5.225536	0.328712	9.070949	-0.055776	-0.024398	0.030639	-0.857497	-0.083915	0.507600	0.128969	-0.990167	0.054178	0.498063	0.111922	0.859888
53553	5.043489	0.241381	8.843568	-0.050535	-0.034424	0.029193	-0.857316	-0.084001	0.507890	0.128739	-0.990232	0.053535	0.498433	0.111282	0.859757
53554	5.164854	0.471595	8.941597	0.022987	-0.058890	0.032569	-0.856971	-0.084240	0.508433	0.129115	-0.990182	0.053566	0.498929	0.111550	0.859434
53555	5.188954	0.446785	8.978304	-0.052442	-0.034266	0.038608	-0.856783	-0.084386	0.508726	0.128916	-0.990246	0.052860	0.499303	0.110872	0.859304
53556	5.095959	0.261232	8.926574	-0.068082	-0.033470	0.038831	-0.856556	-0.084715	0.509053	0.128890	-0.990291	0.052076	0.499699	0.110218	0.859158
53557	5.008166	0.227898	8.956392	-0.043628	-0.053502	0.040722	-0.856268	-0.084871	0.509512	0.128765	-0.990340	0.051434	0.500225	0.109648	0.858925
53558	5.046943	0.210604	9.022319	-0.058617	-0.062511	0.036437	-0.855898	-0.085145	0.510087	0.128765	-0.990376	0.050743	0.500857	0.109112	0.858625
53559	4.909633	0.340634	9.015030	-0.034099	-0.088142	0.040408	-0.855437	-0.085256	0.510841	0.128677	-0.990416	0.050184	0.501667	0.108663	0.858209
53560	4.726440	0.529697	9.248171	-0.054611	-0.134768	0.042138	-0.854696	-0.085509	0.512038	0.128744	-0.990442	0.049498	0.502911	0.108228	0.857536
53561	4.559693	0.386625	9.413865	-0.162729	-0.177725	0.036990	-0.853784	-0.085513	0.513556	0.128002	-0.990619	0.047853	0.504647	0.106592	0.856720
53562	4.557003	-0.156813	9.584376	-0.341790	-0.232654	0.005084	-0.852591	-0.085301	0.515570	0.126297	-0.990976	0.044899	0.507088	0.103395	0.855670
53563	3.087990	0.141651	10.658590	-0.220452	-0.376331	0.064762	-0.850629	-0.085367	0.518790	0.125465	-0.991182	0.042617	0.510578	0.101341	0.853839
53564	4.192365	1.049033	9.812092	0.129254	-0.798087	0.129879	-0.846353	-0.085820	0.525663	0.127212	-0.990941	0.043039	0.517208	0.103297	0.849604
53565	4.517543	1.222779	10.660835	-0.367219	-0.805853	0.179342	-0.841965	-0.086592	0.532538	0.126553	-0.991196	0.038915	0.524480	0.100160	0.845511
53566	4.235283	1.288966	10.750808	-0.539475	-1.009855	0.270437	-0.836270	-0.088266	0.541167	0.125949	-0.991490	0.032915	0.533656	0.095685	0.840271
53567	4.734785	1.940226	11.057444	-0.468304	-1.310346	0.388423	-0.828753	-0.090696	0.552216	0.126386	-0.991619	0.026814	0.545156	0.092014	0.833270
53568	4.701667	1.595668	10.068125	-0.926371	-1.473721	0.492888	-0.819989	-0.094269	0.564563	0.125318	-0.991981	0.016379	0.558492	0.084180	0.825228
53569	4.981061	0.764890	10.326379	-0.850207	-1.774859	0.593430	-0.809239	-0.098552	0.579154	0.125088	-0.992128	0.005957	0.574008	0.077266	0.815196
53570	5.251874	1.331913	10.740832	-0.705249	-2.065820	0.704167	-0.796302	-0.103975	0.595896	0.126612	-0.991945	-0.003887	0.591500	0.072352	0.803052
53571	5.869930	1.289990	10.649686	-0.960756	-2.230131	0.809813	-0.781923	-0.110311	0.613538	0.126980	-0.991768	-0.016485	0.610306	0.065017	0.789493
53572	6.801022	1.475248	10.197493	-0.950191	-2.375526	0.947208	-0.765969	-0.118221	0.631914	0.128399	-0.991274	-0.029814	0.629925	0.058301	0.774465
53573	7.684943	2.475345	10.717581	-0.904029	-2.465869	1.121285	-0.748796	-0.127792	0.650365	0.130837	-0.990428	-0.043973	0.649759	0.052165	0.758348
53574	7.553512	1.710193	9.677997	-1.537630	-2.224910	1.220128	-0.732529	-0.138830	0.666429	0.129721	-0.989512	-0.063548	0.668262	0.039899	0.742856
53575	7.624033	0.893985	9.205911	-1.360398	-2.214139	1.265206	-0.715965	-0.150384	0.681746	0.129384	-0.988190	-0.082103	0.686042	0.029424	0.726967
53576	7.649895	1.403183	8.842549	-1.081793	-2.211388	1.343218	-0.698839	-0.163058	0.696445	0.131352	-0.986367	-0.099134	0.703115	0.022201	0.710730
53577	7.467480	0.821609	8.320343	-1.290786	-2.107486	1.416157	-0.682070	-0.176437	0.709683	0.131638	-0.984228	-0.118177	0.719341	0.012816	0.694539
53578	7.345440	0.079380	7.914853	-1.192780	-2.043966	1.474912	-0.665244	-0.190739	0.721851	0.132882	-0.981629	-0.136920	0.734706	0.004836	0.678368
53579	6.913255	-0.032086	7.810779	-0.967514	-1.911364	1.521766	-0.649127	-0.205394	0.732425	0.135366	-0.978679	-0.154480	0.748538	-0.001131	0.663091
53580	5.465636	-0.122181	7.741423	-1.055517	-1.640563	1.523931	-0.634656	-0.220343	0.740716	0.137165	-0.975390	-0.172627	0.760524	-0.007959	0.649261
53581	2.755844	-0.270026	8.598906	-0.993956	-1.250222	1.346215	-0.623280	-0.233575	0.746301	0.137975	-0.972225	-0.189052	0.769731	-0.014861	0.638196
53582	-0.089363	2.274100	10.305100	0.008635	-0.891332	0.614891	-0.615518	-0.239656	0.750801	0.141831	-0.970775	-0.193596	0.775256	-0.012675	0.631520
53583	5.050082	4.697439	12.313140	0.871787	-0.740351	-0.606543	-0.610689	-0.233797	0.756570	0.144835	-0.972282	-0.183548	0.778513	-0.002513	0.627624
53584	-1.123762	7.337822	12.273774	0.301387	0.783267	-1.368144	-0.618690	-0.220442	0.754074	0.138744	-0.975399	-0.171308	0.773287	-0.001363	0.634055
53585	-3.486343	4.308295	10.456285	-0.844872	0.857623	-1.692318	-0.627569	-0.203822	0.751408	0.121648	-0.978941	-0.163941	0.768999	-0.011477	0.639147
53586	-0.366267	0.751276	10.778355	-0.470357	1.084066	-1.802034	-0.637912	-0.185972	0.747317	0.106623	-0.982386	-0.153456	0.762692	-0.018210	0.646505
53587	0.847796	-0.658286	11.779534	0.038155	1.558398	-1.737658	-0.651551	-0.168540	0.739645	0.095672	-0.985479	-0.140280	0.752547	-0.020636	0.658215
53588	1.128656	-1.597956	11.956561	0.270511	2.167980	-1.527335	-0.669094	-0.152996	0.727259	0.087582	-0.987994	-0.127270	0.737999	-0.021461	0.674460
53589	1.100615	-2.454599	11.415171	0.437716	2.637240	-1.197630	-0.689491	-0.140223	0.710591	0.082141	-0.989890	-0.115636	0.719621	-0.021361	0.694038
53590	1.460494	-2.984552	10.795221	0.877565	2.944307	-0.800453	-0.711012	-0.131718	0.690733	0.082737	-0.991147	-0.103838	0.698296	-0.016681	0.715615
53591	2.097581	-2.742815	10.750281	1.458564	3.126180	-0.426010	-0.732990	-0.126764	0.668323	0.089184	-0.991911	-0.090327	0.674367	-0.006605	0.738366
53592	2.642296	-2.048743	10.758678	1.672323	3.311849	-0.148654	-0.755019	-0.125260	0.643627	0.099117	-0.992107	-0.076808	0.648168	0.005803	0.761475
53593	2.952455	-1.910129	10.026330	1.740038	3.380163	0.048500	-0.776585	-0.125654	0.617354	0.109885	-0.991903	-0.063661	0.620355	0.018400	0.784105
53594	3.683401	-1.619453	9.701128	1.967145	3.237788	0.182573	-0.796000	-0.128292	0.591545	0.123232	-0.991161	-0.049135	0.592620	0.033786	0.804773
53595	4.704928	-1.183707	9.813108	2.162966	3.020392	0.235583	-0.813401	-0.131152	0.566726	0.136725	-0.990063	-0.032885	0.565408	0.050736	0.823250
53596	5.733044	-0.523081	9.960167	2.333940	2.825124	0.172866	-0.828742	-0.134551	0.543215	0.151011	-0.988427	-0.014440	0.538871	0.070064	0.839470
53597	5.881479	0.420804	10.045676	2.274009	2.614638	0.016982	-0.842741	-0.135734	0.520927	0.161859	-0.986803	0.004727	0.513410	0.088300	0.853588
53598	6.401562	0.916581	10.035578	1.979127	2.355846	-0.191051	-0.854871	-0.136104	0.500670	0.170147	-0.985157	0.022711	0.490148	0.104603	0.865340
53599	7.310541	0.828611	10.717351	1.672256	2.061584	-0.434573	-0.865790	-0.132910	0.482434	0.173034	-0.984127	0.039407	0.469539	0.117596	0.875045
53600	12.320396	-1.030619	12.103526	1.432406	1.794648	-0.704894	-0.875269	-0.128171	0.466344	0.173473	-0.983283	0.055338	0.451455	0.129334	0.882871
53601	19.863224	-1.603286	11.498650	1.975200	2.235576	-1.056012	-0.887177	-0.119652	0.445645	0.171480	-0.982120	0.077685	0.428382	0.145340	0.891833
53602	17.894474	0.742898	10.393006	1.795465	3.268930	-1.250397	-0.902769	-0.112335	0.415197	0.167668	-0.980841	0.099190	0.396099	0.159161	0.904308
53603	6.862748	10.818074	8.237981	1.224343	2.461067	-0.741245	-0.913643	-0.107992	0.391911	0.164420	-0.979861	0.113303	0.371782	0.167956	0.913000
53604	14.403316	0.366676	-8.168572	-4.206160	1.166477	-0.377961	-0.918537	-0.105965	0.380870	0.145383	-0.986439	0.076170	0.367634	0.125337	0.921486
53605	17.971992	-8.070902	1.544736	-7.499956	1.534607	-0.893226	-0.925401	-0.097744	0.366168	0.108958	-0.993996	0.010029	0.362989	0.049177	0.930495
53606	23.873752	-17.630823	-10.500955	-5.206894	1.136303	-1.215007	-0.930630	-0.085890	0.355740	0.078899	-0.996298	-0.034144	0.357355	-0.003707	0.933961
53607	15.906753	-11.752956	-11.552023	1.042453	-0.604832	-1.051478	-0.929293	-0.075105	0.361627	0.072541	-0.997151	-0.020680	0.362150	0.007015	0.932093
53608	13.405694	-5.799768	-3.891940	2.392292	-2.013525	-0.740042	-0.922367	-0.067310	0.380405	0.074533	-0.997209	0.004272	0.379055	0.032293	0.924810
53609	-4.185495	-4.885467	23.035406	0.896022	-1.017652	-0.053082	-0.918525	-0.066203	0.389780	0.077240	-0.996932	0.012691	0.387744	0.041764	0.920820
53610	6.896952	-4.557002	13.199208	0.027541	-1.444880	-0.177326	-0.912955	-0.063803	0.403041	0.075702	-0.997037	0.013641	0.400976	0.042965	0.915080
53611	-0.197881	-5.451094	12.133423	-1.693254	-0.372351	0.026662	-0.911465	-0.063673	0.406421	0.068790	-0.997629	-0.002023	0.405586	0.026114	0.913684
53612	6.452556	-9.499147	6.911179	-1.754675	-1.094235	-0.590224	-0.907327	-0.057570	0.416466	0.056185	-0.998299	-0.015592	0.416655	0.009252	0.909018
53613	5.727380	-5.451411	6.770387	3.015971	-1.521776	-0.550827	-0.901256	-0.051413	0.430226	0.063590	-0.997878	0.013962	0.428596	0.039941	0.902613
53614	3.596192	0.436336	9.928170	4.819268	-2.233059	-0.437179	-0.891805	-0.045595	0.450117	0.080705	-0.994984	0.059112	0.445163	0.089043	0.891011
53615	8.439956	6.877557	10.882460	4.067413	-2.123391	-0.198082	-0.882394	-0.041022	0.468720	0.096999	-0.990653	0.095904	0.460405	0.130090	0.878125
53616	11.151711	10.641937	12.749964	0.694756	-1.170664	-0.055456	-0.876994	-0.038886	0.478926	0.099719	-0.989749	0.102241	0.470041	0.137423	0.871881
53617	6.822464	4.528877	8.238961	-1.419970	-0.217901	-0.090068	-0.876077	-0.037409	0.480719	0.091850	-0.991677	0.090220	0.473343	0.123193	0.872221
53618	6.152073	1.304610	7.826520	-0.749790	-0.471110	0.038083	-0.873792	-0.037202	0.484874	0.088592	-0.992562	0.083498	0.478162	0.115916	0.870589
53619	5.440756	0.603588	9.124506	-0.106006	-0.375389	0.064686	-0.871955	-0.037126	0.488177	0.088288	-0.992698	0.082200	0.481560	0.114775	0.868865
53620	5.434740	-0.152028	9.712037	-0.418143	-0.350318	0.048865	-0.870210	-0.037195	0.491275	0.086669	-0.993153	0.078326	0.484998	0.110739	0.867475
53621	6.308986	-1.075270	10.075967	-0.472697	-0.283478	0.025191	-0.868828	-0.036883	0.493738	0.084260	-0.993689	0.074041	0.487891	0.105931	0.866453
53622	6.339914	-1.933418	9.592195	-0.395072	-0.040396	-0.013799	-0.868633	-0.036683	0.494095	0.082187	-0.994107	0.070682	0.488591	0.102004	0.866530
53623	4.088278	-0.842974	8.991914	-0.049905	-0.147894	-0.050856	-0.867971	-0.035744	0.495327	0.081136	-0.994211	0.070431	0.489942	0.101321	0.865847
53624	5.491633	-0.526306	9.285041	0.269259	-0.266171	-0.064676	-0.866708	-0.034806	0.497601	0.081873	-0.993960	0.073078	0.492051	0.104077	0.864322
53625	5.276362	0.667734	9.040998	0.235633	-0.214916	-0.078293	-0.865732	-0.033518	0.499384	0.081986	-0.993775	0.075428	0.493747	0.106243	0.863091
53626	5.557969	0.960291	9.066510	0.105444	-0.173992	-0.067651	-0.864918	-0.032639	0.500851	0.081897	-0.993687	0.076672	0.495186	0.107334	0.862131
53627	5.335058	0.907256	8.784698	-0.025013	-0.071544	-0.059977	-0.864631	-0.031690	0.501408	0.080893	-0.993768	0.076684	0.495853	0.106864	0.861806
53628	5.188779	0.720055	8.882463	-0.001636	-0.070783	-0.053372	-0.864313	-0.031063	0.501994	0.080399	-0.993789	0.076934	0.496486	0.106855	0.861443
53629	5.179582	0.787601	8.859925	0.005903	-0.063971	-0.048692	-0.864052	-0.030226	0.502494	0.079637	-0.993833	0.077157	0.497063	0.106685	0.861131
53630	5.159858	0.566844	8.935549	-0.030348	-0.044882	-0.042937	-0.863854	-0.029730	0.502865	0.079091	-0.993881	0.077107	0.497495	0.106381	0.860919
53631	5.092116	0.517874	8.944525	0.005584	-0.045858	-0.040366	-0.863674	-0.029011	0.503215	0.078416	-0.993921	0.077285	0.497914	0.106209	0.860698
53632	5.074866	0.418451	8.991462	-0.016459	-0.054412	-0.041075	-0.863426	-0.028523	0.503669	0.077954	-0.993952	0.077346	0.498417	0.106046	0.860427
53633	5.117220	0.579288	8.869272	0.034850	-0.063193	-0.040632	-0.863158	-0.027783	0.504169	0.077423	-0.993960	0.077777	0.498963	0.106168	0.860096
53634	5.079069	0.555905	8.996390	-0.001078	-0.065539	-0.046347	-0.862857	-0.027231	0.504714	0.076992	-0.993976	0.077998	0.499549	0.106160	0.859756
53635	5.120576	0.421072	8.871083	0.018931	-0.070291	-0.048699	-0.862559	-0.026399	0.505267	0.076307	-0.994003	0.078333	0.500169	0.106122	0.859401
53636	5.158235	0.593416	8.907568	0.049316	-0.077813	-0.054020	-0.862202	-0.025757	0.505910	0.076063	-0.993967	0.079025	0.500822	0.106617	0.858959
53637	5.175957	0.611474	8.873450	0.023300	-0.067947	-0.044520	-0.861910	-0.024975	0.506446	0.075443	-0.993986	0.079377	0.501418	0.106623	0.858610
53638	5.080452	0.596037	8.882738	0.027012	-0.058469	-0.043357	-0.861640	-0.024460	0.506931	0.075180	-0.993970	0.079824	0.501921	0.106890	0.858283
53639	5.033579	0.728732	8.851798	0.047673	-0.070346	-0.042712	-0.861333	-0.023694	0.507488	0.074699	-0.993962	0.080376	0.502519	0.107140	0.857902
53640	4.974906	0.703811	8.989278	-0.001622	-0.076761	-0.040533	-0.860968	-0.023187	0.508131	0.074317	-0.993975	0.080564	0.503201	0.107126	0.857504
53641	5.283635	0.515703	8.785203	0.010410	-0.079911	-0.035771	-0.860606	-0.022478	0.508775	0.073707	-0.994004	0.080762	0.503909	0.107004	0.857103
53642	5.177583	0.562105	8.894818	0.007635	-0.067308	-0.037871	-0.860285	-0.022007	0.509338	0.073394	-0.994007	0.081016	0.504503	0.107079	0.856745
53643	5.286296	0.706957	8.848631	0.034565	-0.079848	-0.032870	-0.859919	-0.021357	0.509984	0.072965	-0.994007	0.081405	0.505189	0.107212	0.856323
53644	5.269141	0.685379	8.905509	-0.009851	-0.050921	-0.038050	-0.859679	-0.020902	0.510406	0.072563	-0.994028	0.081510	0.505654	0.107109	0.856062
53645	5.247803	0.487357	8.812902	-0.019438	-0.042456	-0.038791	-0.859505	-0.020229	0.510727	0.071805	-0.994086	0.081467	0.506058	0.106694	0.855875
53646	5.262638	0.577494	8.850742	0.015309	-0.044279	-0.036861	-0.859298	-0.019793	0.511093	0.071540	-0.994079	0.081782	0.506448	0.106839	0.855626
53647	5.247731	0.622850	8.819524	0.008105	-0.037030	-0.033398	-0.859146	-0.019176	0.511371	0.070964	-0.994107	0.081948	0.506786	0.106694	0.855444
53648	5.183018	0.695837	8.860250	0.015130	-0.035332	-0.035892	-0.858983	-0.018759	0.511661	0.070706	-0.994100	0.082256	0.507099	0.106834	0.855241
53649	5.109216	0.603816	8.850491	0.005230	-0.034122	-0.032023	-0.858844	-0.018151	0.511915	0.070119	-0.994130	0.082391	0.507415	0.106656	0.855076
53650	5.130033	0.663978	8.837700	0.045857	-0.060144	-0.023997	-0.858546	-0.017826	0.512427	0.070120	-0.994088	0.082901	0.507919	0.107106	0.854720
53651	5.142638	0.613648	8.893491	0.024592	-0.066241	-0.025009	-0.858239	-0.017253	0.512961	0.069691	-0.994096	0.083164	0.508498	0.107124	0.854374
53652	5.129911	0.561381	8.840129	0.035159	-0.077727	-0.022591	-0.857849	-0.016923	0.513623	0.069650	-0.994064	0.083576	0.509160	0.107470	0.853936
53653	5.200724	0.748135	8.834139	0.060484	-0.086456	-0.022306	-0.857436	-0.016343	0.514331	0.069413	-0.994034	0.084134	0.509887	0.107841	0.853455
53654	5.214385	0.842712	8.749831	0.040739	-0.077702	-0.021142	-0.857045	-0.016026	0.514993	0.069414	-0.993995	0.084585	0.510545	0.108241	0.853011
53655	5.111388	0.866689	8.969374	0.008611	-0.079398	-0.013487	-0.856659	-0.015554	0.515648	0.069004	-0.994018	0.084654	0.511247	0.108101	0.852608
53656	5.297343	0.677837	8.737888	-0.002239	-0.078433	-0.014487	-0.856258	-0.015302	0.516321	0.068842	-0.994025	0.084705	0.511940	0.108074	0.852196
53657	5.244521	0.792498	8.856404	-0.000775	-0.076539	-0.012054	-0.855885	-0.014853	0.516952	0.068401	-0.994057	0.084687	0.512622	0.107843	0.851815
53658	5.304296	0.610420	8.759997	-0.045648	-0.067991	-0.012091	-0.855535	-0.014637	0.517538	0.068037	-0.994110	0.084357	0.513255	0.107382	0.851492
53659	5.321007	0.620725	8.726347	-0.013747	-0.063677	-0.012228	-0.855227	-0.014205	0.518059	0.067535	-0.994155	0.084229	0.513835	0.107022	0.851187
53660	5.397310	0.648893	8.759885	-0.000234	-0.068229	-0.008243	-0.854872	-0.014028	0.518650	0.067437	-0.994159	0.084265	0.514438	0.107012	0.850824
53661	5.298731	0.583599	8.810905	-0.018267	-0.047265	-0.012419	-0.854646	-0.013627	0.519032	0.066927	-0.994207	0.084100	0.514879	0.106613	0.850608
53662	5.235224	0.554974	8.831009	0.002233	-0.056598	-0.010822	-0.854352	-0.013437	0.519521	0.066819	-0.994209	0.084170	0.515381	0.106625	0.850302
53663	5.257029	0.612974	8.817382	0.017190	-0.062734	-0.014016	-0.854047	-0.013017	0.520033	0.066493	-0.994218	0.084314	0.515929	0.106587	0.849975
53664	5.250998	0.481164	8.873724	-0.004063	-0.065682	-0.018232	-0.853710	-0.012743	0.520593	0.066289	-0.994227	0.084370	0.516512	0.106537	0.849626
53665	5.127921	0.514628	8.835733	0.012766	-0.094332	-0.027362	-0.853250	-0.012150	0.521361	0.065818	-0.994243	0.084545	0.517333	0.106453	0.849137
53666	5.221810	0.603341	8.796498	0.040016	-0.122066	-0.023529	-0.852623	-0.011763	0.522394	0.065798	-0.994206	0.085003	0.518367	0.106848	0.848457
53667	5.206061	0.659201	8.801145	0.014423	-0.133601	-0.025368	-0.851955	-0.011153	0.523496	0.065356	-0.994220	0.085182	0.519520	0.106785	0.847759
53668	5.180492	0.746221	8.736038	0.013729	-0.148831	-0.018304	-0.851183	-0.010789	0.524758	0.065245	-0.994209	0.085390	0.520798	0.106920	0.846958
53669	5.270621	0.842963	8.734152	0.012100	-0.167293	-0.006395	-0.850323	-0.010317	0.526159	0.064938	-0.994224	0.085450	0.522239	0.106828	0.846082
53670	5.166642	0.818736	8.811380	-0.039486	-0.172334	0.005037	-0.849409	-0.010161	0.527637	0.064747	-0.994268	0.085085	0.523748	0.106435	0.845198
53671	5.139602	0.809626	8.824644	-0.060423	-0.193519	0.009626	-0.848397	-0.009813	0.529270	0.064185	-0.994358	0.084450	0.525455	0.105618	0.844240
53672	5.045359	0.801337	8.970972	-0.079845	-0.209498	0.019809	-0.847271	-0.009767	0.531071	0.063905	-0.994443	0.083666	0.527302	0.104826	0.843187
53673	5.207776	0.642044	8.830778	-0.112553	-0.258788	0.022212	-0.845898	-0.009509	0.533260	0.063205	-0.994583	0.082525	0.529586	0.103513	0.841916
53674	5.158271	0.689030	8.952148	-0.083082	-0.279287	0.035151	-0.844383	-0.009548	0.535655	0.063034	-0.994667	0.081634	0.532019	0.102695	0.840482
53675	5.189257	0.647624	8.886959	-0.085938	-0.312183	0.044420	-0.842699	-0.009463	0.538302	0.062656	-0.994775	0.080599	0.534727	0.101649	0.838889
53676	5.075544	0.844128	9.000738	-0.009522	-0.383043	0.074409	-0.840587	-0.009791	0.541587	0.063204	-0.994780	0.080113	0.537976	0.101573	0.836818
53677	5.189609	0.811080	9.014383	-0.040653	-0.431106	0.100586	-0.838207	-0.010125	0.545259	0.063507	-0.994837	0.079154	0.541642	0.100975	0.834522
53678	4.951570	0.332350	9.157898	-0.102402	-0.497868	0.100614	-0.835425	-0.010603	0.549502	0.063764	-0.994932	0.077745	0.545893	0.099989	0.831867
53679	4.798990	0.228564	9.045814	-0.012936	-0.639014	0.090365	-0.831868	-0.010816	0.554868	0.064337	-0.994948	0.077061	0.551232	0.099803	0.828362
53680	4.756512	0.475171	9.213316	0.039352	-0.807166	0.090356	-0.827322	-0.010885	0.561622	0.065277	-0.994901	0.076877	0.557922	0.100263	0.823815
53681	4.815658	0.712379	9.125852	0.001646	-0.938515	0.110313	-0.821985	-0.010995	0.569403	0.066085	-0.994901	0.076188	0.565662	0.100254	0.818521
53682	4.576425	0.895743	9.555642	-0.049403	-1.124954	0.141072	-0.815465	-0.011250	0.578697	0.066930	-0.994937	0.074972	0.574924	0.099869	0.812089
53683	4.371418	1.138264	9.953582	-0.138835	-1.339072	0.159734	-0.807595	-0.011467	0.589626	0.067308	-0.995070	0.072838	0.585884	0.098510	0.804386
53684	4.111058	1.180230	10.630617	-0.221537	-1.649843	0.208032	-0.797666	-0.011906	0.602981	0.067636	-0.995264	0.069823	0.599294	0.096479	0.794694
53685	3.592162	1.421634	11.156212	-0.238474	-2.052414	0.282055	-0.785019	-0.012715	0.619341	0.068306	-0.995470	0.066141	0.615694	0.094227	0.782331
53686	3.154482	2.050696	12.224284	-0.187337	-2.630695	0.375209	-0.768279	-0.013969	0.639963	0.070019	-0.995597	0.062327	0.636274	0.092694	0.765874
53687	3.034931	2.515389	13.936872	-0.318316	-3.345096	0.561853	-0.746187	-0.016473	0.665532	0.072093	-0.995814	0.056181	0.661821	0.089902	0.744252
53688	2.239570	1.670122	14.640622	-0.852976	-3.917317	0.734719	-0.719142	-0.020400	0.694563	0.071677	-0.996415	0.044947	0.691156	0.082108	0.718026
53689	4.104242	1.364812	13.948700	-0.895045	-4.807449	0.970523	-0.684419	-0.026289	0.728615	0.072031	-0.996899	0.031693	0.725522	0.074174	0.684190
53690	6.650897	4.197519	17.416360	-0.522991	-5.867167	1.385531	-0.639637	-0.035829	0.767841	0.077280	-0.996849	0.017861	0.764782	0.070763	0.640391
53691	14.787762	6.906970	19.421580	-1.139006	-6.569697	1.833361	-0.586636	-0.049729	0.808322	0.079462	-0.996831	-0.003658	0.805943	0.062085	0.588729
53692	18.211652	4.272700	21.412168	-3.388586	-5.765021	1.626619	-0.537995	-0.063234	0.840573	0.060673	-0.997501	-0.036207	0.840762	0.031521	0.540487
53693	15.151123	-1.937088	15.734825	-4.120625	-5.020891	1.042663	-0.494660	-0.072994	0.866016	0.030733	-0.997313	-0.066506	0.868543	-0.006283	0.495574
53694	10.620650	-3.354510	14.137706	-2.400920	-4.844356	0.617340	-0.451854	-0.079923	0.888504	0.012488	-0.996448	-0.083282	0.892005	-0.026536	0.451247
53695	3.719174	0.622170	12.557028	-0.771281	-4.756997	0.535526	-0.408957	-0.086615	0.908434	0.007732	-0.995779	-0.091462	0.912521	-0.030380	0.407900
53696	-3.049581	4.645887	11.145736	-0.811769	-4.492227	0.775092	-0.367502	-0.095765	0.925079	0.003236	-0.994810	-0.101699	0.930017	-0.034381	0.365904
53697	-2.905334	2.073945	8.087931	-3.191813	-4.089594	1.103178	-0.329393	-0.108706	0.937914	-0.022925	-0.992137	-0.123041	0.943915	-0.062030	0.324310
53698	26.845595	-8.240832	13.269436	-2.100273	-3.259782	0.995190	-0.298754	-0.120849	0.946648	-0.039752	-0.989513	-0.138867	0.953502	-0.079118	0.290817
53699	0.116502	-0.557604	15.994205	1.048562	2.102671	0.737028	-0.319113	-0.126572	0.939227	-0.027603	-0.989380	-0.142709	0.947315	-0.071465	0.312230
53700	-14.437626	3.827820	8.672366	-0.426462	2.051632	1.041853	-0.338749	-0.135315	0.931096	-0.028227	-0.987697	-0.153810	0.940453	-0.078385	0.330762
53701	-11.005612	1.064297	5.423154	-1.552810	0.923792	1.308415	-0.348009	-0.147424	0.925827	-0.038400	-0.984488	-0.171199	0.936704	-0.095130	0.336950
53702	-2.710366	-1.632722	7.150363	0.620088	0.322841	1.303196	-0.351444	-0.159927	0.922448	-0.028063	-0.983059	-0.181127	0.935788	-0.089543	0.341003
53703	0.502180	1.720113	10.687404	3.735457	1.363937	0.987880	-0.364438	-0.168666	0.915826	0.010255	-0.984128	-0.177164	0.931171	-0.055173	0.360383
53704	-0.879539	8.032882	11.939874	2.693687	2.608907	0.625103	-0.388430	-0.173646	0.904969	0.037527	-0.984250	-0.172751	0.920714	-0.033141	0.388828
53705	-2.387224	5.398017	9.957733	-0.355787	3.687201	0.225367	-0.422212	-0.174448	0.889553	0.035110	-0.983719	-0.176250	0.905817	-0.043183	0.421463
53706	-1.672338	1.263018	7.995839	-0.175833	3.749091	0.135055	-0.455804	-0.173982	0.872911	0.034097	-0.983403	-0.178200	0.889427	-0.051461	0.454172
53707	1.503355	-0.007081	8.930324	1.297505	3.676551	0.103376	-0.488332	-0.173200	0.855297	0.045936	-0.983849	-0.173005	0.871448	-0.045194	0.488401
53708	3.482152	1.223260	10.356638	2.003335	4.008569	0.037919	-0.522805	-0.171997	0.834920	0.063347	-0.984564	-0.163158	0.850095	-0.032411	0.525630
53709	4.513840	1.377395	10.630214	1.667391	4.507949	-0.017968	-0.560766	-0.170520	0.810225	0.077136	-0.985066	-0.153931	0.824374	-0.023822	0.565544
53710	4.617661	0.344248	9.824070	1.647283	4.734067	-0.058919	-0.599152	-0.168984	0.782599	0.090110	-0.985495	-0.143807	0.795548	-0.015643	0.605688
53711	5.644634	0.093661	10.309727	2.083034	4.722414	-0.156154	-0.636337	-0.166957	0.753127	0.105315	-0.985959	-0.129589	0.764189	-0.003146	0.644985
53712	6.990397	0.589228	11.187541	2.296751	4.736804	-0.372851	-0.672155	-0.163460	0.722141	0.120016	-0.986481	-0.111585	0.730619	0.011666	0.682686
53713	8.081051	1.168614	11.997984	2.316385	4.821622	-0.670140	-0.707545	-0.157716	0.688844	0.131814	-0.987124	-0.090616	0.694266	0.026684	0.719223
53714	8.597041	1.448403	12.813922	2.089343	4.948977	-0.962364	-0.742247	-0.149831	0.653162	0.138911	-0.987915	-0.068763	0.655571	0.039692	0.754089
53715	7.334885	0.532623	12.893698	1.641874	5.024600	-1.159237	-0.775963	-0.140524	0.614926	0.140453	-0.988887	-0.048749	0.614943	0.048541	0.787076
53716	6.531629	-1.190705	13.207964	1.297009	4.748652	-1.163836	-0.805853	-0.131442	0.577342	0.138938	-0.989803	-0.031415	0.575584	0.054899	0.815898
53717	9.907502	-3.932077	15.102518	0.989919	4.310960	-0.993860	-0.831396	-0.123987	0.541671	0.136218	-0.990522	-0.017650	0.538726	0.059111	0.840405
53718	17.718249	-7.210731	16.637318	1.430497	4.372112	-0.739726	-0.855110	-0.119414	0.504507	0.137380	-0.990517	-0.001598	0.499914	0.067943	0.863406
53719	20.049910	-6.954247	16.016482	2.666461	5.020366	-0.444692	-0.879781	-0.118853	0.460281	0.146101	-0.988981	0.023885	0.452371	0.088261	0.887452
53720	18.138432	-4.355794	15.297360	2.978491	5.451973	-0.240221	-0.903363	-0.121893	0.411191	0.156617	-0.986305	0.051701	0.399258	0.111104	0.910082
53721	16.376257	-3.485947	12.111983	2.479496	5.587013	-0.239569	-0.924616	-0.126137	0.359409	0.163508	-0.983655	0.075420	0.344021	0.128501	0.930127
53722	15.878028	-5.172277	8.616800	1.762854	5.289946	-0.381544	-0.942061	-0.129441	0.309460	0.165524	-0.981789	0.093228	0.291757	0.139049	0.946332
53723	6.396535	-0.011928	9.094565	1.254668	3.696869	-0.051376	-0.952318	-0.134116	0.274051	0.168323	-0.980094	0.105276	0.254476	0.146385	0.955936
53724	24.673057	-9.787965	-8.053359	-1.933022	2.053280	-0.464614	-0.958134	-0.132313	0.253915	0.159098	-0.983339	0.087938	0.238049	0.124653	0.963221
53725	30.029305	-9.098086	2.257067	-1.124326	2.744544	-0.011847	-0.964401	-0.135317	0.227202	0.156315	-0.984698	0.077045	0.213300	0.109817	0.970795
53726	22.571223	-8.378768	-10.128713	0.834487	2.190286	-0.038572	-0.968887	-0.137376	0.205879	0.157603	-0.983818	0.085231	0.190839	0.115026	0.974859
53727	15.189931	-4.554209	-13.584288	-0.299001	1.291883	-0.274215	-0.971736	-0.136039	0.192932	0.154272	-0.984553	0.082795	0.178689	0.110219	0.977713
53728	16.717870	-6.147814	-15.061962	-1.424230	-1.365858	-0.182819	-0.969467	-0.132792	0.206154	0.149817	-0.986287	0.069230	0.194134	0.098001	0.976067
53729	21.838210	-7.051984	-10.489102	-0.637551	-2.839531	-0.036164	-0.963631	-0.129609	0.233704	0.148037	-0.986971	0.063038	0.222488	0.095342	0.970262
53730	11.826426	-5.260603	-1.876226	-0.626120	-2.738759	0.323742	-0.956680	-0.130206	0.260402	0.149641	-0.987144	0.056167	0.249740	0.092701	0.963865
53731	-4.630723	-3.272459	23.171295	-0.056499	-2.811053	0.483348	-0.948564	-0.132257	0.287635	0.154001	-0.986582	0.054226	0.276604	0.095733	0.956204
53732	3.447178	1.558045	8.816680	1.987642	-2.946245	0.810016	-0.938747	-0.137045	0.316184	0.167362	-0.983359	0.070673	0.301237	0.119261	0.946062
53733	-1.087335	4.520788	12.001650	-0.781267	-2.828836	1.246227	-0.927714	-0.145902	0.343598	0.176422	-0.982537	0.059125	0.328972	0.115469	0.937254
53734	9.742959	-3.563371	11.745460	-4.314535	-3.032731	0.528012	-0.916290	-0.148151	0.372108	0.166303	-0.985929	0.016974	0.364357	0.077436	0.928034
53735	9.945881	-7.637326	11.366629	-2.125042	-2.380969	-0.069655	-0.907452	-0.145762	0.394061	0.157550	-0.987508	-0.002465	0.389498	0.059847	0.919081
53736	13.623818	-11.302657	12.710825	0.346233	-3.175623	-0.418218	-0.895285	-0.139581	0.423062	0.155149	-0.987888	0.002392	0.417604	0.067780	0.906098
53737	13.495093	-6.074955	9.756697	2.632051	-2.482840	-0.389999	-0.885334	-0.133616	0.445342	0.162777	-0.986274	0.027687	0.435530	0.097003	0.894932
53738	8.224485	4.692902	10.140303	4.476943	-2.827319	-0.149676	-0.873028	-0.128701	0.470382	0.181319	-0.981064	0.068100	0.452710	0.144742	0.879831
53739	13.329616	15.925091	14.624442	3.221331	-2.565552	0.360290	-0.860534	-0.128006	0.493047	0.199163	-0.975412	0.094368	0.468844	0.179404	0.864870
53740	10.717690	5.507488	12.022940	-3.401969	-0.365823	0.009416	-0.858778	-0.127477	0.496235	0.183099	-0.980952	0.064873	0.478513	0.146572	0.865761
53741	8.847055	-3.480907	9.843416	-3.841642	-0.096035	-0.025536	-0.858366	-0.127058	0.497055	0.164260	-0.985909	0.031642	0.486031	0.108806	0.867142
53742	8.473119	-6.319937	7.105481	-0.772973	0.259181	-0.128464	-0.859827	-0.126038	0.494785	0.159373	-0.986887	0.025562	0.485076	0.100834	0.868639
53743	2.223112	-1.136597	7.828421	1.367856	-0.385408	-0.121161	-0.858155	-0.124380	0.498096	0.164874	-0.985584	0.037946	0.486196	0.114687	0.866291
53744	6.585248	-0.392964	10.083411	1.897783	-0.873329	-0.100992	-0.854055	-0.122273	0.505608	0.173248	-0.983351	0.054836	0.490485	0.134428	0.861019
53745	5.262195	1.579738	10.220586	0.530006	-0.160586	-0.119573	-0.853480	-0.120829	0.506925	0.174723	-0.982793	0.059915	0.490963	0.139708	0.859905
53746	5.754566	0.575139	9.074264	-0.434632	-0.109151	-0.100842	-0.853112	-0.119663	0.507820	0.171695	-0.983518	0.056682	0.492668	0.135547	0.859596
53747	5.217748	0.398582	8.220064	0.159732	-0.114248	-0.075172	-0.852682	-0.118719	0.508763	0.171738	-0.983413	0.058353	0.493396	0.137130	0.858927
53748	5.557064	0.807767	9.099528	0.136771	-0.140932	-0.048855	-0.852064	-0.118020	0.509959	0.171967	-0.983288	0.059768	0.494383	0.138622	0.858120
53749	5.300648	0.403517	8.794998	-0.077827	-0.044952	-0.048715	-0.851929	-0.117431	0.510321	0.171065	-0.983476	0.059265	0.494929	0.137788	0.857939
53750	5.172553	0.315600	8.688489	0.042667	-0.084800	-0.038762	-0.851569	-0.116908	0.511041	0.170916	-0.983468	0.059821	0.495598	0.138287	0.857472
53751	5.341132	0.775806	8.934303	0.070512	-0.086162	-0.027445	-0.851192	-0.116472	0.511768	0.170930	-0.983425	0.060483	0.496241	0.138959	0.856992
53752	5.320549	0.521118	8.780040	-0.080790	-0.041908	-0.026272	-0.851023	-0.116131	0.512127	0.170275	-0.983573	0.059917	0.496756	0.138193	0.856818
53753	5.160232	0.423243	8.835533	-0.026833	-0.058089	-0.018291	-0.850768	-0.115823	0.512619	0.169885	-0.983654	0.059698	0.497325	0.137875	0.856539
53754	5.238649	0.606074	8.804622	-0.017675	-0.064362	-0.016475	-0.850470	-0.115548	0.513175	0.169627	-0.983703	0.059623	0.497923	0.137756	0.856210
53755	5.170768	0.616604	8.873401	-0.078311	-0.061451	-0.010449	-0.850185	-0.115314	0.513701	0.169046	-0.983845	0.058924	0.498607	0.136935	0.855944
53756	5.257472	0.475173	8.822105	-0.106658	-0.061037	-0.002647	-0.849879	-0.115180	0.514237	0.168462	-0.983999	0.058017	0.499327	0.135936	0.855684
53757	5.342308	0.331919	8.710607	-0.075866	-0.064993	0.003010	-0.849552	-0.115075	0.514800	0.168007	-0.984121	0.057270	0.500035	0.135144	0.855395
53758	5.260430	0.219584	8.813274	-0.085487	-0.054661	0.001360	-0.849270	-0.114991	0.515284	0.167561	-0.984240	0.056524	0.500663	0.134346	0.855153
53759	5.300479	0.278700	8.767605	-0.022115	-0.057689	0.001245	-0.848982	-0.114879	0.515784	0.167360	-0.984290	0.056246	0.501219	0.134073	0.854870
53760	5.274738	0.215869	8.926898	-0.025404	-0.059053	-0.002352	-0.848683	-0.114752	0.516303	0.167182	-0.984333	0.056033	0.501784	0.133871	0.854571
53761	5.225527	0.279960	8.864034	0.011268	-0.065229	-0.000664	-0.848360	-0.114612	0.516865	0.167131	-0.984340	0.056050	0.502347	0.133935	0.854230
53762	5.172552	0.252092	8.963069	0.016803	-0.073860	-0.004390	-0.847990	-0.114446	0.517509	0.167148	-0.984328	0.056208	0.502966	0.134164	0.853830
53763	5.185845	0.295680	8.857541	0.039706	-0.095032	-0.003022	-0.847519	-0.114242	0.518324	0.167221	-0.984300	0.056479	0.503734	0.134542	0.853317
53764	5.225780	0.451796	8.797029	0.072155	-0.102519	-0.003470	-0.847002	-0.114045	0.519212	0.167525	-0.984213	0.057104	0.504503	0.135348	0.852736
53765	5.241068	0.370634	8.863332	0.024330	-0.106450	0.002695	-0.846463	-0.113881	0.520126	0.167568	-0.984199	0.057214	0.505392	0.135586	0.852171
53766	5.158684	0.372608	8.781278	0.047138	-0.117105	0.003936	-0.845858	-0.113736	0.521142	0.167810	-0.984136	0.057587	0.506324	0.136163	0.851525
53767	5.213336	0.519332	8.798347	0.063915	-0.144986	0.008388	-0.845112	-0.113575	0.522386	0.168102	-0.984062	0.058004	0.507472	0.136834	0.850734
53768	5.318524	0.542753	8.756062	0.034465	-0.142499	0.012654	-0.844360	-0.113480	0.523620	0.168354	-0.984006	0.058223	0.508638	0.137315	0.849960
53769	5.269624	0.513503	8.792184	0.017469	-0.131465	0.018972	-0.843662	-0.113440	0.524753	0.168501	-0.983982	0.058189	0.509747	0.137513	0.849263
53770	5.238231	0.514313	8.806817	-0.000113	-0.143799	0.025870	-0.842878	-0.113472	0.526004	0.168688	-0.983959	0.058044	0.510980	0.137655	0.848499
53771	5.335527	0.507619	8.695506	-0.017587	-0.147676	0.037886	-0.842062	-0.113597	0.527283	0.168815	-0.983962	0.057613	0.512282	0.137527	0.847734
53772	5.381891	0.439061	8.758078	-0.044186	-0.139791	0.035478	-0.841279	-0.113729	0.528503	0.168857	-0.983989	0.057043	0.513554	0.137230	0.847012
53773	5.464228	0.309548	8.681190	-0.052041	-0.127065	0.042462	-0.840557	-0.113928	0.529608	0.168845	-0.984034	0.056295	0.514739	0.136741	0.846372
53774	5.476451	0.270100	8.625534	-0.017047	-0.119203	0.039270	-0.839870	-0.114127	0.530654	0.169056	-0.984018	0.055935	0.515790	0.136688	0.845741
