// General information: 
//  MT Manager version: 2022.2.0 
//  XDA version: 2022.2.0 build 7381 rev 124627 built on 2023-07-19
// Device information: 
//  DeviceId: 00B4CB9F
//  ProductCode: MTW2-3A7G6
//  Firmware Version: 4.6.0
//  Hardware Version: 2.0.0
// Device settings: 
//  Filter Profile: human(46.1)
//  Option Flags: Orientation Smoother Disabled, Position/Velocity Smoother Disabled, Continuous Zero Rotation Update Disabled, AHS Disabled, ICC Disabled
// Coordinate system: ENU
PacketCounter	Acc_X	Acc_Y	Acc_Z	Gyr_X	Gyr_Y	Gyr_Z	Mat[1][1]	Mat[2][1]	Mat[3][1]	Mat[1][2]	Mat[2][2]	Mat[3][2]	Mat[1][3]	Mat[2][3]	Mat[3][3]
16528	9.768290	0.114427	-0.623272	0.184431	0.028309	-0.161640	0.041902	0.182570	0.982300	0.524012	-0.841108	0.133975	0.850679	0.509123	-0.130913
16529	9.553646	0.272633	-0.658299	0.278178	0.032536	-0.178159	0.040761	0.183892	0.982101	0.526485	-0.839348	0.135311	0.849207	0.511546	-0.131029
16530	9.618435	0.607435	-0.859976	0.335409	0.029245	-0.185009	0.039579	0.185270	0.981890	0.529457	-0.837260	0.136638	0.847413	0.514461	-0.131231
16531	9.827033	0.968302	-1.045660	0.351748	0.037045	-0.184990	0.038355	0.186617	0.981684	0.532542	-0.835088	0.137942	0.845534	0.517497	-0.131411
16532	10.024223	1.322224	-1.105660	0.328082	0.062040	-0.177215	0.036927	0.187749	0.981523	0.535438	-0.833024	0.139200	0.843767	0.520404	-0.131289
16533	9.906962	1.556524	-1.172242	0.282352	0.096640	-0.150947	0.035374	0.188493	0.981437	0.537908	-0.831253	0.140261	0.842261	0.522961	-0.130797
16534	9.694976	1.654742	-1.193744	0.203087	0.116609	-0.120151	0.033790	0.188859	0.981423	0.539710	-0.829937	0.141126	0.841172	0.524916	-0.129972
16535	9.581163	1.742441	-1.190958	0.109773	0.127978	-0.106375	0.032211	0.189061	0.981437	0.540704	-0.829145	0.141978	0.840596	0.526093	-0.128933
16536	9.627080	1.759286	-1.166005	0.021153	0.129277	-0.108843	0.030576	0.189258	0.981451	0.540983	-0.828793	0.142967	0.840478	0.526577	-0.127727
16537	9.729972	1.747065	-1.054737	-0.067047	0.141091	-0.133372	0.028741	0.189613	0.981438	0.540494	-0.828879	0.144311	0.840857	0.526314	-0.126307
16538	9.874565	1.836202	-0.875427	-0.149274	0.163508	-0.163629	0.026522	0.190086	0.981409	0.539346	-0.829322	0.146053	0.841667	0.525445	-0.124518
16539	10.018075	1.928673	-0.691042	-0.242933	0.196350	-0.186428	0.023937	0.190595	0.981377	0.537382	-0.830227	0.148133	0.842999	0.523828	-0.122295
16540	10.233690	1.921661	-0.432356	-0.338884	0.230149	-0.193918	0.020997	0.190979	0.981370	0.534637	-0.831592	0.150393	0.844821	0.521518	-0.119565
16541	10.562765	1.872700	-0.096689	-0.418100	0.276144	-0.174202	0.017805	0.190985	0.981432	0.531169	-0.833420	0.152546	0.847079	0.518590	-0.116284
16542	10.858602	2.018200	0.246423	-0.467844	0.349767	-0.140529	0.014135	0.190324	0.981620	0.527293	-0.835536	0.154407	0.849566	0.515419	-0.112167
16543	10.863458	2.171461	0.688728	-0.496006	0.469014	-0.116408	0.009605	0.188880	0.981953	0.523123	-0.837850	0.156044	0.852203	0.512184	-0.106855
16544	10.568607	2.191460	1.159271	-0.519288	0.618965	-0.095088	0.003863	0.186487	0.982450	0.518782	-0.840280	0.157460	0.854898	0.509069	-0.099992
16545	10.268401	2.167905	1.578082	-0.529569	0.761187	-0.063313	-0.002910	0.183147	0.983081	0.514285	-0.842838	0.158542	0.857614	0.506046	-0.091737
16546	10.111818	2.108221	1.961282	-0.537020	0.895272	-0.036739	-0.010748	0.178910	0.983807	0.509745	-0.845445	0.159317	0.860258	0.503203	-0.082112
16547	10.373779	2.151036	2.358552	-0.541853	1.018624	-0.051874	-0.019715	0.174228	0.984508	0.505107	-0.848059	0.160196	0.862832	0.500440	-0.071284
16548	10.387074	2.028359	2.778212	-0.522564	1.152267	-0.107003	-0.030164	0.169355	0.985093	0.500636	-0.850452	0.161538	0.865132	0.498046	-0.059132
16549	10.183889	2.071566	2.983524	-0.481897	1.286250	-0.177158	-0.042116	0.164460	0.985484	0.496438	-0.852538	0.163490	0.867050	0.496117	-0.045738
16550	10.087953	2.416089	2.985757	-0.460208	1.376060	-0.255447	-0.055275	0.159801	0.985601	0.492370	-0.854383	0.166139	0.868629	0.494464	-0.031455
16551	10.177134	2.866879	2.825644	-0.477946	1.432800	-0.347546	-0.069364	0.155691	0.985368	0.488039	-0.856179	0.169633	0.870061	0.492664	-0.016595
16552	10.400084	3.173733	2.617016	-0.517028	1.488691	-0.425253	-0.084347	0.151993	0.984776	0.483261	-0.858047	0.173825	0.871404	0.490565	-0.001079
16553	10.783598	3.382481	2.417575	-0.542505	1.538233	-0.479579	-0.099995	0.148573	0.983833	0.478130	-0.859967	0.178464	0.872578	0.488245	0.014955
16554	11.674935	3.634406	2.203963	-0.551901	1.588826	-0.535544	-0.116373	0.145419	0.982502	0.472778	-0.861851	0.183560	0.873464	0.485867	0.031545
16555	12.268926	3.362652	2.219322	-0.531122	1.657565	-0.579171	-0.133507	0.142369	0.980769	0.467457	-0.863578	0.188990	0.873876	0.483699	0.048742
16556	11.785905	2.920031	2.417368	-0.454582	1.722997	-0.585286	-0.151249	0.139078	0.978663	0.462698	-0.864934	0.194424	0.873519	0.482232	0.066469
16557	11.060760	2.402156	2.656806	-0.338017	1.748671	-0.576859	-0.169101	0.135630	0.976222	0.458868	-0.865756	0.199767	0.872264	0.481738	0.084164
16558	10.269304	1.874622	2.687043	-0.213949	1.744994	-0.556108	-0.186815	0.132006	0.973486	0.456061	-0.866027	0.204954	0.870120	0.482257	0.101584
16559	10.181719	1.527382	2.614692	-0.083647	1.684466	-0.534229	-0.203810	0.128484	0.970543	0.454337	-0.865720	0.210016	0.867202	0.483757	0.118067
16560	9.899372	1.046125	2.864727	0.089514	1.588777	-0.525267	-0.219911	0.125291	0.967441	0.454047	-0.864603	0.215183	0.863412	0.486584	0.133248
16561	9.420842	0.860763	3.122989	0.304171	1.501911	-0.521553	-0.235146	0.122441	0.964217	0.455526	-0.862454	0.220609	0.858605	0.491102	0.147027
16562	9.729343	1.279365	2.360611	0.529423	1.491741	-0.506919	-0.250194	0.119401	0.960805	0.458874	-0.859208	0.226267	0.852548	0.497499	0.160179
16563	9.569136	2.202511	0.772070	0.566101	1.545203	-0.496431	-0.265535	0.115908	0.957108	0.462450	-0.855772	0.231936	0.845950	0.504202	0.173636
16564	9.461589	2.621026	-0.191696	0.359287	1.476280	-0.482028	-0.280183	0.112520	0.953329	0.464213	-0.853384	0.237155	0.840241	0.508994	0.186871
16565	9.837774	2.659455	-0.932869	0.071567	1.428671	-0.448506	-0.294168	0.109048	0.949512	0.463573	-0.852505	0.241526	0.835802	0.511218	0.200228
16566	9.779428	2.265608	-1.558801	-0.136066	1.400486	-0.358058	-0.307471	0.104911	0.945756	0.461411	-0.852800	0.244607	0.832203	0.511592	0.213804
16567	9.291546	2.037378	-1.866022	-0.236126	1.310942	-0.234990	-0.319375	0.100204	0.942316	0.458763	-0.853749	0.246272	0.829178	0.510952	0.226696
16568	8.789059	1.927014	-1.804795	-0.249253	1.183355	-0.154409	-0.329842	0.095455	0.939198	0.456248	-0.854852	0.247115	0.826464	0.510016	0.238415
16569	8.395426	1.806964	-1.505405	-0.217923	1.046197	-0.144476	-0.339066	0.091350	0.936317	0.454017	-0.855810	0.247907	0.823955	0.509161	0.248702
16570	7.997795	1.822761	-0.962950	-0.186364	0.928147	-0.134284	-0.347275	0.087751	0.933649	0.452073	-0.856620	0.248662	0.821602	0.508432	0.257812
16571	7.578492	2.136894	-0.485912	-0.179387	0.826481	-0.112889	-0.354499	0.084510	0.931229	0.450256	-0.857416	0.249214	0.819512	0.507638	0.265902
16572	7.237137	2.244561	0.098974	-0.219625	0.749116	-0.082030	-0.360963	0.081391	0.929022	0.448216	-0.858443	0.249357	0.817807	0.506411	0.273385
16573	7.149620	2.262831	0.591811	-0.279494	0.675030	-0.044254	-0.366611	0.078348	0.927070	0.445822	-0.859802	0.248964	0.816602	0.504581	0.280283
16574	7.236528	1.983863	0.893873	-0.321199	0.596140	0.000617	-0.371436	0.075317	0.925399	0.443254	-0.861401	0.248022	0.815819	0.502311	0.286570
16575	7.513208	1.689547	1.128494	-0.326595	0.514039	0.042800	-0.375373	0.072362	0.924045	0.440802	-0.863050	0.246652	0.815346	0.499908	0.292068
16576	7.673869	1.311371	1.361272	-0.270735	0.438928	0.068207	-0.378612	0.069559	0.922938	0.438904	-0.864431	0.245199	0.814872	0.497917	0.296754
16577	7.645371	1.069110	1.418930	-0.180721	0.385370	0.089798	-0.381292	0.066855	0.922034	0.437826	-0.865372	0.243802	0.814202	0.496650	0.300689
16578	7.460974	1.035610	1.430566	-0.075600	0.337380	0.113083	-0.383503	0.064176	0.921307	0.437695	-0.865803	0.242504	0.813234	0.496253	0.303948
16579	7.263350	1.120913	1.489016	0.019978	0.266683	0.150968	-0.384943	0.061534	0.920887	0.438490	-0.865780	0.241146	0.812124	0.496627	0.306294
16580	7.312021	1.300998	1.613518	0.107145	0.177000	0.202791	-0.385448	0.058874	0.920849	0.440193	-0.865350	0.239581	0.810962	0.497697	0.307632
16581	7.479287	1.622603	1.965531	0.163827	0.088126	0.237027	-0.385051	0.056374	0.921172	0.442486	-0.864651	0.237874	0.809902	0.499199	0.307990
16582	7.765830	1.829433	2.474237	0.200285	0.011297	0.247589	-0.384003	0.054153	0.921742	0.445111	-0.863767	0.236183	0.808961	0.500973	0.307585
16583	8.011956	2.187118	3.088674	0.218680	-0.057311	0.239607	-0.382404	0.052361	0.922510	0.447850	-0.862778	0.234616	0.808206	0.502865	0.306480
16584	7.862314	2.342718	3.712475	0.216573	-0.107738	0.210477	-0.380547	0.051065	0.923350	0.450455	-0.861776	0.233309	0.807635	0.504713	0.304944
16585	7.549146	2.553453	4.094175	0.194913	-0.170283	0.203940	-0.378185	0.050159	0.924370	0.452854	-0.860874	0.231989	0.807402	0.506340	0.302855
16586	7.587516	2.862257	4.322273	0.169466	-0.253717	0.199400	-0.375191	0.049705	0.925614	0.455026	-0.860094	0.230629	0.807579	0.507708	0.300083
16587	7.790713	3.191458	4.510676	0.132708	-0.334550	0.187914	-0.371565	0.049780	0.927071	0.456851	-0.859494	0.229255	0.808224	0.508717	0.296616
16588	8.333421	3.543689	4.462835	0.117135	-0.392864	0.152890	-0.367649	0.050443	0.928595	0.458415	-0.858953	0.228155	0.809129	0.509563	0.292670
16589	9.123428	3.955956	4.524857	0.129562	-0.396890	0.078514	-0.364009	0.051783	0.929955	0.459803	-0.858313	0.227773	0.809987	0.510507	0.288624
16590	8.852868	4.822441	4.666391	0.098336	-0.363538	0.024322	-0.360913	0.053408	0.931069	0.460739	-0.857803	0.227803	0.810840	0.511196	0.284985
16591	7.946522	5.806787	4.598339	-0.105402	-0.352377	0.018051	-0.357903	0.055043	0.932135	0.459999	-0.858331	0.227306	0.812592	0.510135	0.281880
16592	7.499218	6.075281	4.315898	-0.495205	-0.400070	0.017987	-0.354525	0.056898	0.933314	0.456081	-0.860836	0.225725	0.816273	0.505692	0.279238
16593	7.365772	5.290677	3.698359	-0.903104	-0.494632	0.072018	-0.350081	0.058747	0.934876	0.448988	-0.865389	0.222512	0.822103	0.497645	0.276579
16594	7.604276	4.241213	3.252530	-1.198094	-0.613435	0.167910	-0.344233	0.060287	0.936947	0.439727	-0.871367	0.217623	0.829544	0.486914	0.273444
16595	7.985499	3.258755	3.090564	-1.385584	-0.698334	0.265001	-0.337193	0.061313	0.939437	0.429129	-0.878170	0.211342	0.837943	0.474403	0.269802
16596	8.434191	2.347143	3.024940	-1.486646	-0.725220	0.342251	-0.329601	0.061664	0.942104	0.417799	-0.885314	0.204117	0.846645	0.460887	0.266037
16597	8.591150	1.597098	3.079149	-1.470033	-0.707507	0.393787	-0.321891	0.061363	0.944786	0.406626	-0.892215	0.196487	0.855010	0.447422	0.262245
16598	8.253564	0.761699	3.375884	-1.377754	-0.672124	0.425270	-0.314378	0.060495	0.947368	0.396197	-0.898534	0.188852	0.862667	0.434716	0.258511
16599	7.802373	0.062588	3.491898	-1.224384	-0.670206	0.462944	-0.306694	0.059182	0.949967	0.387082	-0.904048	0.181289	0.869544	0.423315	0.254358
16600	8.449761	-0.542738	3.738032	-1.011872	-0.727634	0.458802	-0.298552	0.058041	0.952627	0.379693	-0.908535	0.174350	0.875614	0.413758	0.249207
16601	9.570864	-1.237863	3.615679	-0.679614	-0.723375	0.472672	-0.290350	0.056691	0.955240	0.375169	-0.911580	0.168135	0.880309	0.407195	0.243409
16602	10.059881	-1.610951	2.789485	-0.163037	-0.716046	0.448862	-0.282320	0.055476	0.957715	0.375070	-0.912478	0.163421	0.882960	0.405347	0.236804
16603	10.513065	-0.587252	3.148745	0.539553	-0.748315	0.324609	-0.274419	0.055549	0.960004	0.380788	-0.910444	0.161531	0.883003	0.409886	0.228691
16604	11.847385	1.154140	5.005700	1.228986	-0.591669	0.145886	-0.268606	0.056650	0.961583	0.392070	-0.905405	0.162860	0.879848	0.420753	0.220986
16605	12.932507	2.450775	5.142618	1.656562	-0.192872	0.121258	-0.266363	0.056366	0.962223	0.406969	-0.898364	0.165282	0.873743	0.435620	0.216352
16606	11.609433	4.342225	3.108178	1.674886	-0.051797	0.349601	-0.264428	0.053437	0.962924	0.422526	-0.891116	0.165482	0.866920	0.450618	0.213057
16607	9.604962	6.011953	2.204480	1.251336	-0.316696	0.529786	-0.259351	0.050161	0.964480	0.434782	-0.885665	0.162975	0.862381	0.461607	0.207889
16608	8.765504	6.376592	2.066976	0.599482	-0.591746	0.619712	-0.251502	0.047400	0.966696	0.441582	-0.883166	0.158189	0.861250	0.466660	0.201187
16609	8.264500	5.607537	1.600851	0.025187	-0.724687	0.670191	-0.242220	0.044848	0.969184	0.443502	-0.883339	0.151716	0.862923	0.466584	0.194072
16610	8.544929	3.950264	0.972517	-0.333561	-0.802558	0.677713	-0.232246	0.042564	0.971725	0.442276	-0.885166	0.144478	0.866287	0.463325	0.186752
16611	8.925600	2.320434	0.182223	-0.465730	-0.885311	0.658177	-0.221588	0.040798	0.974287	0.439773	-0.887569	0.137187	0.870344	0.458864	0.178732
16612	9.411686	1.552858	-0.331633	-0.462432	-0.972656	0.587774	-0.210492	0.039993	0.976777	0.437058	-0.889898	0.130621	0.874456	0.454403	0.169837
16613	10.078432	1.707477	-0.163771	-0.367112	-1.011011	0.460756	-0.199555	0.040450	0.979051	0.434833	-0.891727	0.125472	0.878122	0.450762	0.160360
16614	10.498484	2.182192	-0.167161	-0.307743	-0.985237	0.360505	-0.189290	0.041637	0.981038	0.432876	-0.893237	0.121433	0.881356	0.447654	0.151057
16615	10.228974	2.499686	-0.475288	-0.353044	-0.975760	0.364880	-0.179029	0.042710	0.982916	0.430477	-0.894948	0.117295	0.884668	0.444122	0.141836
16616	9.659049	2.334403	-0.321930	-0.458699	-1.024406	0.419447	-0.168114	0.043457	0.984809	0.427187	-0.897136	0.112512	0.888397	0.439612	0.132257
16617	9.748726	1.333269	-0.143596	-0.594292	-1.090627	0.488543	-0.156256	0.043814	0.986744	0.422732	-0.899927	0.106901	0.892682	0.433833	0.122097
16618	9.832169	-0.464312	-0.079154	-0.664684	-1.118573	0.524713	-0.144006	0.043881	0.988603	0.417620	-0.903001	0.100914	0.897138	0.427393	0.111712
16619	9.664088	-1.824082	0.128843	-0.563124	-1.090919	0.503048	-0.132038	0.043947	0.990270	0.413296	-0.905596	0.095296	0.900973	0.421858	0.101410
16620	9.687352	-2.288116	0.499568	-0.310907	-1.014024	0.414085	-0.121146	0.044433	0.991640	0.411063	-0.907067	0.090862	0.903521	0.418634	0.091623
16621	9.861635	-1.732484	1.193051	-0.011056	-0.889503	0.313616	-0.111746	0.045292	0.992704	0.411373	-0.907238	0.087700	0.904591	0.418172	0.082748
16622	10.033908	-0.730535	2.002054	0.198190	-0.777837	0.231823	-0.103716	0.046424	0.993523	0.413463	-0.906496	0.085520	0.904595	0.419655	0.074824
16623	9.969863	-0.195669	2.497295	0.231449	-0.714778	0.219850	-0.096270	0.047421	0.994225	0.415820	-0.905610	0.083458	0.904337	0.421453	0.067464
16624	10.103366	-0.337464	2.636291	0.190222	-0.693094	0.229740	-0.089008	0.048242	0.994862	0.417800	-0.904898	0.081259	0.904169	0.422886	0.060388
16625	10.171509	-0.726408	2.603971	0.172711	-0.676854	0.242811	-0.081802	0.048895	0.995448	0.419612	-0.904268	0.078899	0.904010	0.424156	0.053454
16626	10.135179	-0.596373	2.141112	0.183821	-0.639093	0.244374	-0.074961	0.049375	0.995963	0.421512	-0.903589	0.076521	0.903719	0.425546	0.046922
16627	9.969942	0.375186	1.757866	0.184137	-0.601265	0.224238	-0.068512	0.049896	0.996402	0.423378	-0.902899	0.074325	0.903359	0.426947	0.040734
16628	9.768011	1.360501	1.394370	0.082974	-0.576323	0.205460	-0.062398	0.050476	0.996774	0.424309	-0.902629	0.072270	0.903365	0.427450	0.034905
16629	10.140919	1.788887	1.005047	-0.094295	-0.590815	0.160806	-0.056307	0.051529	0.997083	0.423594	-0.903097	0.070593	0.904100	0.426333	0.029023
16630	10.138104	1.084271	0.730779	-0.238342	-0.620077	0.113417	-0.050182	0.053113	0.997327	0.421544	-0.904151	0.069362	0.905418	0.423898	0.022983
16631	9.523601	0.067419	0.269963	-0.279707	-0.645194	0.110589	-0.043801	0.054822	0.997535	0.419103	-0.905377	0.068159	0.906882	0.421055	0.016680
16632	9.165435	-0.472421	-0.501436	-0.247174	-0.703787	0.104956	-0.036940	0.056798	0.997702	0.416948	-0.906455	0.067040	0.908179	0.418466	0.009802
16633	9.511214	-0.702390	-0.797462	-0.132027	-0.726197	0.082383	-0.029929	0.059066	0.997805	0.415817	-0.907038	0.066166	0.908956	0.416884	0.002586
16634	9.792763	-0.527513	-0.862590	0.023278	-0.701869	0.083092	-0.023167	0.061210	0.997856	0.416096	-0.906973	0.065295	0.909026	0.416716	-0.004458
16635	9.710640	-0.002336	-0.846912	0.125058	-0.708248	0.096511	-0.016258	0.063271	0.997864	0.417291	-0.906497	0.064277	0.908627	0.417445	-0.011665
16636	9.452603	-0.065690	-0.448326	0.214299	-0.757104	0.087894	-0.008977	0.065613	0.997805	0.419294	-0.905640	0.063325	0.907806	0.418942	-0.019381
16637	9.616925	-0.532406	0.116417	0.332829	-0.805439	0.042157	-0.001423	0.068599	0.997643	0.422354	-0.904254	0.062780	0.906430	0.421448	-0.027686
16638	9.846901	-0.831966	0.402071	0.447951	-0.808819	0.000554	0.005940	0.071988	0.997388	0.426454	-0.902341	0.062589	0.904490	0.424969	-0.036060
16639	9.847936	-0.560949	0.381600	0.526253	-0.770860	-0.009332	0.012933	0.075348	0.997073	0.431248	-0.900072	0.062424	0.902141	0.429178	-0.044135
16640	9.792426	0.281446	0.264572	0.556153	-0.729481	0.027204	0.019661	0.078222	0.996742	0.436297	-0.897675	0.061842	0.899588	0.433659	-0.051777
16641	9.643510	1.179430	0.381713	0.512650	-0.714233	0.084827	0.026520	0.080557	0.996397	0.440920	-0.895494	0.060664	0.897154	0.437723	-0.059268
16642	9.624951	1.792422	0.457459	0.396034	-0.723325	0.145637	0.033684	0.082403	0.996030	0.444468	-0.893855	0.058919	0.895161	0.440719	-0.066734
16643	9.485911	2.179780	0.675548	0.204288	-0.760658	0.151029	0.041231	0.084396	0.995579	0.446276	-0.893064	0.057223	0.893945	0.441944	-0.074486
16644	9.370918	1.681599	0.839694	-0.013900	-0.780757	0.114747	0.048758	0.086791	0.995033	0.446142	-0.893206	0.056048	0.893633	0.441193	-0.082272
16645	9.914677	1.024030	0.837620	-0.180441	-0.795083	0.068543	0.056240	0.089662	0.994383	0.444529	-0.894045	0.055473	0.893997	0.438913	-0.090139
16646	10.403408	0.519263	0.976910	-0.237669	-0.746018	0.028290	0.063073	0.092646	0.993699	0.442428	-0.895093	0.055370	0.894583	0.436148	-0.097445
16647	10.512901	0.232677	1.238218	-0.213083	-0.679176	0.031194	0.069358	0.095304	0.993029	0.440537	-0.896034	0.055226	0.895051	0.433635	-0.104132
16648	9.831778	0.082214	1.088609	-0.194744	-0.660810	0.066988	0.075603	0.097534	0.992356	0.438786	-0.896924	0.054725	0.895406	0.431294	-0.110606
16649	9.126260	-0.489631	0.721898	-0.148160	-0.732343	0.084935	0.082603	0.099906	0.991562	0.437427	-0.897631	0.054002	0.895452	0.429275	-0.117848
16650	8.399843	-0.878509	-0.695443	-0.207016	-0.903087	0.066152	0.091012	0.103147	0.990494	0.435556	-0.898567	0.053553	0.895549	0.426542	-0.126707
16651	9.294504	-0.965540	-2.882994	-0.297215	-1.004781	0.015985	0.100151	0.107254	0.989175	0.432913	-0.899833	0.053736	0.895855	0.422845	-0.136551
16652	10.067151	-1.207431	-3.909517	-0.242632	-0.999612	-0.024173	0.109036	0.111652	0.987747	0.430805	-0.900812	0.054269	0.895834	0.419609	-0.146321
16653	10.169545	-1.198559	-3.971477	-0.046120	-0.967659	0.012664	0.117825	0.115574	0.986286	0.430411	-0.901007	0.054163	0.894910	0.418126	-0.155905
16654	9.474422	-0.608922	-3.252224	0.157746	-1.000123	0.094144	0.127207	0.118879	0.984726	0.431744	-0.900442	0.052931	0.892981	0.418417	-0.165868
16655	9.184873	0.245202	-2.297766	0.194618	-1.086337	0.175236	0.137723	0.121832	0.982949	0.433281	-0.899825	0.050822	0.890674	0.418894	-0.176714
16656	9.158577	0.620277	-1.904110	0.019942	-1.196541	0.190591	0.149232	0.125091	0.980858	0.433222	-0.899962	0.048862	0.888847	0.417638	-0.188495
16657	9.283074	0.466799	-1.661385	-0.147260	-1.223581	0.146234	0.160802	0.128850	0.978540	0.431719	-0.900748	0.047663	0.887559	0.414790	-0.200469
16658	9.489318	0.266782	-1.185600	-0.204343	-1.176848	0.073441	0.171594	0.133020	0.976146	0.429821	-0.901674	0.047314	0.886459	0.411449	-0.211896
16659	9.856023	0.281127	-0.467186	-0.212754	-1.109151	0.020755	0.181578	0.137360	0.973736	0.427930	-0.902562	0.047521	0.885384	0.408062	-0.222666
16660	11.225915	0.393763	0.419473	-0.224520	-1.014284	-0.036485	0.190434	0.141780	0.971408	0.426046	-0.903409	0.048333	0.884432	0.404661	-0.232444
16661	12.183503	0.619391	1.606434	-0.244431	-0.835733	-0.075788	0.197569	0.145814	0.969384	0.424062	-0.904274	0.049593	0.883820	0.401281	-0.240491
16662	12.080447	1.138884	2.282903	-0.340513	-0.647811	-0.099378	0.202909	0.149268	0.967754	0.421286	-0.905474	0.051330	0.883938	0.397286	-0.246613
16663	11.580418	1.390428	2.152761	-0.501946	-0.505500	-0.111345	0.206982	0.152253	0.966425	0.417104	-0.907277	0.053602	0.884976	0.392005	-0.251295
16664	11.078829	1.207687	1.606503	-0.663006	-0.417107	-0.134254	0.210152	0.155060	0.965294	0.411546	-0.909635	0.056523	0.886829	0.385384	-0.254976
16665	10.782040	0.980166	0.842266	-0.800302	-0.384776	-0.170136	0.212943	0.158058	0.964196	0.404827	-0.912412	0.060163	0.889253	0.377521	-0.258278
16666	11.103222	0.558463	0.059387	-0.900641	-0.378848	-0.217361	0.215474	0.161423	0.963075	0.397307	-0.915413	0.064542	0.892031	0.368729	-0.261382
16667	11.183538	0.096135	-0.630850	-0.892722	-0.350737	-0.261165	0.217647	0.165074	0.961967	0.389925	-0.918231	0.069348	0.894756	0.360002	-0.264217
16668	11.116629	-0.074481	-0.874901	-0.795532	-0.296212	-0.316327	0.219105	0.169000	0.960954	0.383524	-0.920526	0.074443	0.897164	0.352238	-0.266507
16669	11.213988	0.185150	-0.766017	-0.678829	-0.215172	-0.367602	0.219705	0.173116	0.960084	0.378262	-0.922258	0.079734	0.899248	0.345645	-0.268108
16670	11.103679	0.277643	-0.722540	-0.579760	-0.100337	-0.401816	0.219123	0.177129	0.959484	0.373959	-0.923534	0.085089	0.901188	0.340163	-0.268606
16671	11.012997	0.296927	-0.616247	-0.484322	0.014891	-0.429679	0.217457	0.181026	0.959136	0.370558	-0.924394	0.090455	0.902995	0.335745	-0.268096
16672	11.261524	0.238654	-0.435359	-0.417795	0.124042	-0.446530	0.214712	0.184700	0.959054	0.367781	-0.924965	0.095796	0.904785	0.332153	-0.266530
16673	11.608886	0.131279	-0.225606	-0.380270	0.253034	-0.463872	0.210787	0.188132	0.959258	0.365353	-0.925352	0.101199	0.906689	0.329136	-0.263787
16674	12.013738	0.061514	-0.055369	-0.328335	0.432255	-0.492176	0.205094	0.191226	0.959880	0.363432	-0.925488	0.106721	0.908765	0.326963	-0.259309
16675	12.069665	0.192568	0.106704	-0.234076	0.657935	-0.530105	0.197251	0.193960	0.960974	0.362399	-0.925226	0.112358	0.910911	0.326093	-0.252792
16676	11.613600	0.473748	0.488704	-0.106965	0.897432	-0.565126	0.187041	0.196212	0.962557	0.362545	-0.924466	0.117999	0.913004	0.326900	-0.244048
16677	10.947273	0.958633	1.262026	0.037112	1.116430	-0.599861	0.174726	0.198066	0.964490	0.364001	-0.923156	0.123636	0.914863	0.329473	-0.233395
16678	10.171827	1.558222	2.059266	0.140545	1.335592	-0.653196	0.160130	0.199618	0.966701	0.366418	-0.921385	0.129565	0.916567	0.333470	-0.220686
16679	9.701382	2.096625	2.689909	0.169818	1.532999	-0.706918	0.143534	0.200954	0.969028	0.369083	-0.919393	0.135992	0.918246	0.338132	-0.206133
16680	9.717903	2.491243	3.183859	0.092815	1.743387	-0.758788	0.124719	0.201945	0.971423	0.370992	-0.917542	0.143113	0.920223	0.342541	-0.189355
16681	9.332214	2.571551	3.164860	-0.059575	1.943765	-0.793554	0.103930	0.202507	0.973750	0.371385	-0.916137	0.150887	0.922644	0.345954	-0.170422
16682	9.073102	2.535562	2.792252	-0.217452	2.095060	-0.808717	0.081588	0.202595	0.975858	0.370165	-0.915247	0.159063	0.925376	0.348251	-0.149667
16683	9.112938	2.621773	2.107923	-0.347451	2.180932	-0.805566	0.058472	0.202335	0.977569	0.367546	-0.914822	0.167364	0.928166	0.349515	-0.127859
16684	9.699131	2.915658	1.447519	-0.397056	2.222479	-0.781194	0.034970	0.201657	0.978832	0.364261	-0.914627	0.175416	0.930640	0.350416	-0.105440
16685	10.747012	3.253611	0.760416	-0.417715	2.284380	-0.723164	0.011134	0.200235	0.979685	0.360575	-0.914634	0.182842	0.932664	0.351214	-0.082384
16686	11.587244	3.360159	0.157886	-0.488336	2.340584	-0.645835	-0.013019	0.197874	0.980141	0.356052	-0.915057	0.189464	0.934375	0.351448	-0.058540
16687	12.377268	3.359740	-0.747013	-0.647673	2.368247	-0.546140	-0.037028	0.194545	0.980195	0.349900	-0.916252	0.195071	0.936055	0.350193	-0.034144
16688	12.474050	3.028018	-1.502303	-0.881556	2.353118	-0.436565	-0.060576	0.190304	0.979855	0.341470	-0.918477	0.199493	0.937939	0.346675	-0.009345
16689	12.284173	2.331832	-2.185247	-1.107337	2.272263	-0.334474	-0.082970	0.185548	0.979126	0.330875	-0.921649	0.202694	0.940020	0.340786	0.015076
16690	12.120181	1.430414	-2.463956	-1.188667	2.153160	-0.231237	-0.103971	0.180373	0.978088	0.319520	-0.925230	0.204590	0.941858	0.333790	0.038564
16691	11.817153	0.430780	-2.117933	-1.091791	2.000241	-0.134626	-0.123179	0.174986	0.976835	0.309123	-0.928593	0.205325	0.943011	0.327254	0.060291
16692	11.605018	-0.578855	-2.118517	-0.926412	1.861097	-0.064814	-0.140917	0.169499	0.975404	0.300347	-0.931483	0.205258	0.943363	0.321884	0.080354
16693	11.089017	-1.456880	-2.746902	-0.708735	1.789553	-0.032941	-0.157826	0.164054	0.973744	0.293661	-0.933691	0.204903	0.942791	0.318290	0.099185
16694	10.886286	-1.881803	-3.210925	-0.438853	1.778814	-0.039883	-0.174683	0.158723	0.971747	0.289510	-0.935016	0.204767	0.941100	0.317100	0.117380
16695	11.057791	-1.696091	-3.096933	-0.053072	1.855596	-0.071157	-0.192257	0.153457	0.969272	0.288930	-0.935067	0.205352	0.937847	0.319532	0.135434
16696	11.500909	-1.107554	-2.684772	0.419845	1.961745	-0.046633	-0.210722	0.147503	0.966354	0.292814	-0.933636	0.206360	0.932661	0.326446	0.153546
16697	11.289167	0.277322	-1.912217	0.792439	2.030444	0.029397	-0.229438	0.140472	0.963133	0.300293	-0.931042	0.207327	0.925842	0.336791	0.171433
16698	10.727926	1.325555	-1.192275	0.916207	2.032771	0.149774	-0.247702	0.132064	0.959793	0.309150	-0.928103	0.207489	0.918188	0.348116	0.189066
16699	9.637811	1.839654	-0.800219	0.874148	1.981294	0.277675	-0.264882	0.122466	0.956473	0.317906	-0.925357	0.206521	0.910370	0.358772	0.206178
16700	8.741916	1.956252	-0.743554	0.777784	1.882188	0.387120	-0.280675	0.111994	0.953247	0.326066	-0.922975	0.204445	0.902720	0.368204	0.222538
16701	8.338567	1.915908	-1.015643	0.697113	1.756291	0.458632	-0.294887	0.101205	0.950158	0.333705	-0.920857	0.201651	0.895367	0.376537	0.237776
16702	8.440340	1.827329	-1.371497	0.688125	1.630603	0.509181	-0.307683	0.090267	0.947197	0.341430	-0.918716	0.198461	0.888120	0.384465	0.251854
16703	8.604433	1.749461	-1.411031	0.743174	1.513632	0.519302	-0.319211	0.079601	0.944335	0.349683	-0.916256	0.195437	0.880810	0.392604	0.264644
16704	8.613988	1.715399	-1.469540	0.839418	1.434661	0.520248	-0.329922	0.069099	0.941476	0.358788	-0.913299	0.192761	0.873168	0.401387	0.276526
16705	8.502107	1.929513	-1.362662	0.914074	1.377962	0.526492	-0.339920	0.058686	0.938621	0.368550	-0.909909	0.190360	0.865231	0.410636	0.287668
16706	8.144394	2.335119	-1.062527	0.928161	1.328491	0.526873	-0.349363	0.048339	0.935740	0.378414	-0.906323	0.188102	0.857175	0.419813	0.298343
16707	7.560064	2.839299	-0.663877	0.849665	1.247076	0.515647	-0.357965	0.038370	0.932946	0.387541	-0.902928	0.185833	0.849513	0.428077	0.308347
16708	6.998596	3.512204	-0.316029	0.730019	1.118736	0.478100	-0.365527	0.029190	0.930343	0.395502	-0.899922	0.183626	0.842596	0.435072	0.317401
16709	6.356621	4.028770	0.010180	0.579257	0.961658	0.403318	-0.371928	0.021339	0.928016	0.401906	-0.897470	0.181712	0.836744	0.440559	0.325218
16710	5.646910	4.486558	0.392480	0.410081	0.785138	0.294503	-0.377257	0.015186	0.925984	0.406485	-0.895691	0.180296	0.832134	0.444417	0.331733
16711	5.215160	4.676261	0.727587	0.203883	0.588658	0.182778	-0.381336	0.010912	0.924372	0.408925	-0.894789	0.179259	0.829074	0.446357	0.336753
16712	5.263994	4.420707	0.958973	-0.044669	0.380994	0.107734	-0.384019	0.008212	0.923289	0.409022	-0.894979	0.178083	0.827787	0.446032	0.340330
16713	5.569726	3.860864	0.877032	-0.302997	0.184505	0.096177	-0.385090	0.006515	0.922856	0.406936	-0.896315	0.176134	0.828317	0.443371	0.342510
16714	6.054918	3.186513	0.665042	-0.513039	-0.007348	0.125832	-0.384487	0.005384	0.923115	0.403219	-0.898566	0.173186	0.830412	0.438806	0.343315
16715	6.645278	2.431502	0.593675	-0.635840	-0.159676	0.212182	-0.382243	0.004155	0.924053	0.398796	-0.901329	0.169018	0.833578	0.433114	0.342870
16716	7.361341	1.992601	0.711849	-0.626853	-0.223009	0.305479	-0.379135	0.002324	0.925338	0.394778	-0.904017	0.164021	0.836903	0.427489	0.341827
16717	7.727114	1.582900	0.748767	-0.476181	-0.216234	0.350831	-0.375877	0.000052	0.926669	0.392164	-0.906029	0.159121	0.839597	0.423216	0.340535
16718	8.798557	1.309628	1.998923	-0.360817	-0.267255	0.404205	-0.372015	-0.002519	0.928223	0.390696	-0.907526	0.154121	0.841999	0.419989	0.338597
16719	9.853517	0.155450	3.763574	-0.399022	-0.249451	0.459823	-0.368054	-0.005670	0.929787	0.389086	-0.909157	0.148474	0.844481	0.416414	0.336825
16720	9.825288	-0.913966	5.353935	-0.324443	-0.148662	0.529699	-0.364704	-0.009906	0.931071	0.388339	-0.910443	0.142428	0.846277	0.413515	0.335889
16721	9.508201	-1.591784	6.589298	-0.159631	-0.074600	0.580828	-0.361749	-0.014905	0.932156	0.389150	-0.911012	0.136453	0.847172	0.412111	0.335358
16722	8.901216	-1.621081	6.923301	0.156100	-0.106075	0.590602	-0.358508	-0.019882	0.933315	0.392655	-0.910245	0.131438	0.846932	0.413592	0.334137
16723	8.380489	-0.727632	7.078732	0.594932	-0.220109	0.542844	-0.354430	-0.023917	0.934777	0.399677	-0.907630	0.128319	0.845363	0.419088	0.331251
16724	8.406564	0.673058	7.500654	1.002459	-0.302176	0.458856	-0.349990	-0.026829	0.936369	0.409808	-0.903246	0.127295	0.842357	0.428283	0.327122
16725	7.715209	2.222389	7.478456	1.240033	-0.372543	0.382648	-0.345202	-0.028675	0.938090	0.421612	-0.897739	0.127705	0.838498	0.439594	0.321991
16726	6.988595	3.775126	7.294694	1.156133	-0.488490	0.277549	-0.339898	-0.029024	0.940014	0.432292	-0.892494	0.128755	0.835220	0.450125	0.315903
16727	6.646036	4.890138	7.209213	0.782035	-0.611382	0.136799	-0.334133	-0.027483	0.942125	0.439331	-0.888886	0.129882	0.833872	0.457303	0.309080
16728	7.311401	5.118944	6.761875	0.293656	-0.694314	-0.016133	-0.328382	-0.024191	0.944235	0.441782	-0.887521	0.130903	0.834862	0.460132	0.302133
16729	7.190000	3.859505	5.013984	0.011960	-0.763000	-0.032346	-0.322079	-0.020406	0.946493	0.441828	-0.887452	0.131215	0.837289	0.460448	0.294846
16730	6.633358	2.396369	2.357571	-0.037129	-0.947274	0.132537	-0.313521	-0.017256	0.949424	0.441991	-0.887575	0.129824	0.840445	0.460339	0.285900
16731	6.613804	1.540591	-1.071037	-0.018761	-1.264700	0.374358	-0.301143	-0.014770	0.953465	0.443034	-0.887581	0.126179	0.844413	0.460415	0.273833
16732	7.598897	1.744814	-3.998175	0.129099	-1.581461	0.446564	-0.285746	-0.011473	0.958237	0.445490	-0.886905	0.122226	0.848462	0.461810	0.258541
16733	10.593639	3.118011	-3.898331	0.396694	-1.666447	0.284701	-0.270241	-0.006283	0.962772	0.449702	-0.885020	0.120452	0.851315	0.465511	0.241994
16734	14.676301	3.873386	0.308142	0.679013	-1.360738	0.163775	-0.257882	-0.001382	0.966175	0.455968	-0.881809	0.120441	0.851816	0.471605	0.228033
16735	18.114391	2.308295	5.564601	0.977746	-0.905344	0.247888	-0.248971	0.000733	0.968511	0.464962	-0.877134	0.120190	0.849602	0.480245	0.218040
16736	17.956469	0.305301	8.019104	1.293117	-0.542085	0.472043	-0.242124	-0.000785	0.970245	0.477127	-0.870827	0.118363	0.844823	0.491589	0.211223
16737	13.304591	0.359115	6.132374	1.513559	-0.495664	0.656197	-0.234705	-0.004016	0.972058	0.491480	-0.863249	0.115102	0.838666	0.504762	0.204583
16738	8.393408	2.798203	2.768371	1.457146	-0.707730	0.631583	-0.225613	-0.005855	0.974199	0.505162	-0.855746	0.111847	0.833013	0.517363	0.196025
16739	6.879394	5.806067	0.044736	0.904707	-0.858013	0.473771	-0.215994	-0.005435	0.976380	0.513778	-0.850981	0.108921	0.830288	0.525169	0.186599
16740	7.101152	7.100146	-2.506317	0.009152	-0.886803	0.332384	-0.206885	-0.003628	0.978358	0.514606	-0.850891	0.105664	0.832093	0.525329	0.177904
16741	8.452368	6.056569	-3.725874	-0.714119	-0.978165	0.258405	-0.197326	-0.000732	0.980338	0.509211	-0.854593	0.101858	0.837715	0.519298	0.169006
16742	9.789519	3.367281	-3.331048	-0.963769	-1.006415	0.283948	-0.187397	0.002001	0.982282	0.501698	-0.859535	0.097464	0.844501	0.511074	0.160070
16743	10.155069	1.160726	-2.876960	-0.858015	-1.065660	0.349252	-0.176554	0.004388	0.984281	0.495106	-0.863877	0.092660	0.850705	0.503683	0.150348
16744	10.170925	0.552935	-2.369995	-0.740302	-1.161935	0.373218	-0.164769	0.006956	0.986308	0.489471	-0.867579	0.087888	0.856311	0.497250	0.139545
16745	9.704762	0.493519	-1.687311	-0.779561	-1.228766	0.344802	-0.152464	0.010014	0.988258	0.483365	-0.871437	0.083402	0.862040	0.490405	0.128022
16746	9.561854	-0.324834	-0.698122	-0.816217	-1.253976	0.321821	-0.140041	0.013292	0.990057	0.476822	-0.875425	0.079198	0.867772	0.483172	0.116257
16747	9.806552	-1.619389	0.486402	-0.632418	-1.218008	0.325202	-0.127830	0.016278	0.991662	0.471799	-0.878490	0.075237	0.872390	0.477483	0.104618
16748	10.454679	-2.366729	1.621318	-0.302343	-1.095492	0.297258	-0.116826	0.018862	0.992973	0.469567	-0.879959	0.071961	0.875133	0.474675	0.093945
16749	11.004069	-1.874151	2.390470	-0.004240	-0.909250	0.215618	-0.107781	0.021266	0.993947	0.469815	-0.880003	0.069774	0.876160	0.474492	0.084856
16750	10.447145	-1.210684	2.757440	0.160812	-0.772481	0.167668	-0.100190	0.023442	0.994692	0.471444	-0.879254	0.068207	0.876186	0.475776	0.077041
16751	9.656177	-0.486675	2.863184	0.175609	-0.719202	0.174899	-0.092992	0.025318	0.995345	0.473194	-0.878441	0.066554	0.876036	0.477180	0.069708
16752	8.997353	-0.100173	2.048798	0.029613	-0.740384	0.221260	-0.085424	0.026887	0.995982	0.473697	-0.878335	0.064339	0.876535	0.477289	0.062294
16753	8.760964	-0.216977	0.834450	-0.152504	-0.843288	0.268606	-0.076685	0.028532	0.996647	0.472618	-0.879117	0.061532	0.877925	0.475752	0.053930
16754	9.279982	-0.414306	0.254906	-0.241668	-0.920097	0.272933	-0.067278	0.030475	0.997269	0.470736	-0.880322	0.058658	0.879705	0.473397	0.044881
16755	9.766993	-0.214151	-0.112998	-0.256868	-0.911543	0.230710	-0.058097	0.032733	0.997774	0.468660	-0.881589	0.056210	0.881466	0.470882	0.035877
16756	9.928719	0.459532	-0.261719	-0.251053	-0.886956	0.175415	-0.049418	0.035327	0.998153	0.466584	-0.882806	0.054345	0.883095	0.468408	0.027143
16757	9.629237	0.680463	-0.368756	-0.273785	-0.888508	0.153912	-0.040777	0.038104	0.998441	0.464273	-0.884123	0.052702	0.884753	0.465699	0.018361
16758	9.053189	0.267430	-0.585807	-0.332571	-1.012755	0.174170	-0.030967	0.041239	0.998669	0.461434	-0.885714	0.050883	0.886634	0.462396	0.008399
16759	9.461287	-0.658919	-0.762912	-0.322084	-1.156552	0.155523	-0.019916	0.045174	0.998781	0.458655	-0.887247	0.049276	0.888391	0.459077	-0.003049
16760	9.499043	-1.696826	-0.796597	-0.167652	-1.220148	0.137566	-0.008407	0.049518	0.998738	0.457228	-0.888060	0.047879	0.889310	0.457053	-0.015176
16761	9.818462	-1.861665	-0.498141	0.048503	-1.221197	0.102267	0.002991	0.054176	0.998527	0.457700	-0.887874	0.046802	0.889101	0.456886	-0.027452
16762	10.239286	-1.474013	-0.011314	0.235811	-1.129747	0.069177	0.013381	0.058707	0.998186	0.459832	-0.886814	0.045993	0.887905	0.458383	-0.038862
16763	10.598420	-0.953193	0.525039	0.361049	-0.985570	0.058632	0.022464	0.062704	0.997779	0.463062	-0.885173	0.045202	0.886041	0.461018	-0.048921
16764	10.320060	-0.549104	0.722473	0.421250	-0.849417	0.095183	0.030459	0.065766	0.997370	0.466806	-0.883265	0.043986	0.883835	0.464239	-0.057604
16765	9.820025	-0.108174	0.697277	0.453806	-0.797907	0.150160	0.038276	0.068146	0.996941	0.470797	-0.881234	0.042161	0.881411	0.467743	-0.065813
16766	9.605377	0.553005	0.667175	0.442303	-0.813061	0.187899	0.046357	0.070282	0.996449	0.474651	-0.879268	0.039935	0.878952	0.471115	-0.074119
16767	9.551056	1.217953	0.772823	0.360794	-0.821306	0.203575	0.054607	0.072360	0.995883	0.477751	-0.877691	0.037576	0.876796	0.473732	-0.082498
16768	9.469490	1.712138	0.833127	0.206109	-0.832843	0.181553	0.062806	0.074692	0.995227	0.479491	-0.876827	0.035547	0.875297	0.474969	-0.090884
16769	9.550990	1.559389	1.080337	0.017285	-0.839263	0.128712	0.070837	0.077535	0.994470	0.479591	-0.876826	0.034201	0.874628	0.474516	-0.099297
16770	9.611437	0.791776	1.759794	-0.101424	-0.828280	0.082897	0.078511	0.080706	0.993641	0.478681	-0.877352	0.033439	0.874471	0.473012	-0.107515
16771	9.420124	0.113596	1.177024	-0.123646	-0.807310	0.066870	0.085961	0.083918	0.992758	0.477579	-0.877974	0.032863	0.874373	0.471296	-0.115549
16772	9.277998	-0.032652	-0.121501	-0.110371	-0.871296	0.072925	0.093957	0.087350	0.991737	0.476588	-0.878536	0.032228	0.874091	0.469622	-0.124175
16773	9.387301	-0.386420	-1.389357	-0.157216	-0.991154	0.064311	0.102996	0.091415	0.990472	0.475184	-0.879314	0.031743	0.873837	0.467387	-0.134005
16774	8.929034	-1.280180	-2.262513	-0.181566	-1.113936	0.071062	0.113097	0.095955	0.988940	0.473559	-0.880207	0.031248	0.873470	0.464788	-0.144989
16775	8.861589	-1.696255	-3.292195	-0.089811	-1.265373	0.076891	0.124577	0.101133	0.987043	0.472717	-0.880684	0.030573	0.872364	0.462783	-0.157520
16776	9.304183	-1.421099	-3.744734	0.138638	-1.382578	0.050957	0.136895	0.107053	0.984784	0.473895	-0.880077	0.029795	0.869876	0.462605	-0.171210
16777	9.737429	-0.868923	-3.140946	0.385252	-1.398081	0.024640	0.149217	0.113304	0.982292	0.477235	-0.878303	0.028814	0.866015	0.464484	-0.185130
16778	9.680663	-0.334347	-2.307354	0.461115	-1.384744	0.010495	0.161263	0.119633	0.979634	0.481237	-0.876150	0.027776	0.861629	0.466957	-0.198863
16779	9.880731	-0.384188	-1.564587	0.429687	-1.376170	-0.002842	0.173146	0.126085	0.976792	0.484965	-0.874121	0.026867	0.857222	0.469058	-0.212498
16780	10.581451	-0.189744	-0.628974	0.391995	-1.332412	0.005781	0.184602	0.132269	0.973872	0.488340	-0.872269	0.025902	0.852904	0.470800	-0.225615
16781	11.682698	0.135186	0.664789	0.378603	-1.179252	0.042560	0.194914	0.137447	0.971142	0.491509	-0.870526	0.024558	0.848780	0.472539	-0.237234
16782	12.163831	0.604157	1.829258	0.318106	-0.953474	0.091751	0.203476	0.141134	0.968854	0.494054	-0.869131	0.022847	0.845286	0.474018	-0.246575
16783	11.992030	0.715522	2.504686	0.195196	-0.722627	0.083630	0.210058	0.143822	0.967053	0.495556	-0.868310	0.021495	0.842793	0.474714	-0.253668
16784	11.224253	0.756600	2.520729	0.031867	-0.566212	0.047765	0.215093	0.146065	0.965609	0.495756	-0.868210	0.020900	0.841404	0.474211	-0.259159
16785	10.462973	0.623562	1.760434	-0.183307	-0.511917	-0.006504	0.219437	0.148530	0.964254	0.494254	-0.869054	0.021388	0.841166	0.471894	-0.264114
16786	10.014412	0.666386	0.674471	-0.422349	-0.504338	-0.061070	0.223408	0.151400	0.962895	0.490868	-0.870929	0.023050	0.842103	0.467505	-0.268890
16787	9.849644	0.682617	-0.556533	-0.619989	-0.550571	-0.099763	0.227631	0.154813	0.961362	0.485893	-0.873642	0.025638	0.843856	0.461283	-0.274091
16788	10.170147	0.547420	-1.463189	-0.711284	-0.587944	-0.139914	0.231948	0.158697	0.959695	0.480238	-0.876662	0.028898	0.845915	0.454179	-0.279553
16789	10.852835	0.257557	-1.840079	-0.720167	-0.590159	-0.154894	0.236276	0.162702	0.957968	0.474527	-0.879646	0.032361	0.847937	0.446935	-0.285046
16790	11.410374	0.060692	-1.876991	-0.679129	-0.537044	-0.170191	0.240056	0.166550	0.956365	0.469200	-0.882362	0.035889	0.849838	0.440111	-0.289962
16791	10.845879	0.019929	-1.818195	-0.551680	-0.459261	-0.211556	0.243043	0.170412	0.954929	0.465044	-0.884407	0.039466	0.851272	0.434492	-0.294198
16792	10.838870	0.369016	-1.340186	-0.411910	-0.391783	-0.272536	0.245140	0.174483	0.953657	0.462233	-0.885704	0.043232	0.852201	0.430214	-0.297773
16793	10.792761	0.484634	-0.860078	-0.335956	-0.319331	-0.305607	0.246522	0.178543	0.952549	0.460146	-0.886593	0.047094	0.852932	0.426702	-0.300720
16794	10.594114	0.350173	-0.660109	-0.297400	-0.284745	-0.320858	0.247500	0.182564	0.951533	0.458433	-0.887265	0.050992	0.853571	0.423593	-0.303291
16795	10.643103	0.347417	-0.487554	-0.244591	-0.243554	-0.345055	0.248068	0.186638	0.950594	0.457225	-0.887651	0.054962	0.854053	0.421001	-0.305533
16796	10.742353	0.584776	-0.166609	-0.210329	-0.170461	-0.358599	0.248015	0.190376	0.949866	0.455848	-0.888102	0.058973	0.854805	0.418369	-0.307045
16797	10.901941	0.692078	-0.110692	-0.211263	-0.047154	-0.380792	0.246752	0.193938	0.949474	0.455009	-0.888242	0.063182	0.855617	0.416429	-0.307419
