// General information: 
//  MT Manager version: 2022.2.0 
//  XDA version: 2022.2.0 build 7381 rev 124627 built on 2023-07-19
// Device information: 
//  DeviceId: 00B4CAF0
//  ProductCode: MTW2-3A7G6
//  Firmware Version: 4.6.0
//  Hardware Version: 2.0.0
// Device settings: 
//  Filter Profile: human(46.1)
//  Option Flags: Orientation Smoother Disabled, Position/Velocity Smoother Disabled, Continuous Zero Rotation Update Disabled, AHS Disabled, ICC Disabled
// Coordinate system: ENU
PacketCounter	Acc_X	Acc_Y	Acc_Z	Gyr_X	Gyr_Y	Gyr_Z	Mat[1][1]	Mat[2][1]	Mat[3][1]	Mat[1][2]	Mat[2][2]	Mat[3][2]	Mat[1][3]	Mat[2][3]	Mat[3][3]
56274	5.204670	-0.062662	8.844103	0.004410	-0.008118	0.005523	0.852313	-0.111825	0.510938	0.127492	0.991830	0.004399	-0.507255	0.061391	0.859606
56275	5.227922	0.025877	8.835826	0.012507	-0.008113	0.009213	0.852293	-0.111771	0.510983	0.127432	0.991837	0.004400	-0.507304	0.061366	0.859580
56276	5.235816	0.004492	8.844238	-0.000592	0.006567	0.005540	0.852319	-0.111760	0.510942	0.127455	0.991835	0.004337	-0.507254	0.061426	0.859604
56277	5.173887	-0.030013	8.883411	0.013260	-0.003442	0.005044	0.852319	-0.111735	0.510948	0.127401	0.991842	0.004378	-0.507269	0.061364	0.859601
56278	5.238671	-0.004983	8.885079	0.010682	0.000605	0.003086	0.852311	-0.111746	0.510958	0.127388	0.991843	0.004424	-0.507285	0.061319	0.859594
56279	5.189416	-0.071069	8.900405	0.017694	0.004704	0.001601	0.852348	-0.111756	0.510895	0.127336	0.991849	0.004522	-0.507236	0.061201	0.859631
56280	5.201819	-0.101167	8.876736	0.034688	0.003704	-0.002673	0.852349	-0.111825	0.510878	0.127249	0.991859	0.004803	-0.507256	0.060915	0.859640
56281	5.190046	0.033751	8.867651	0.055200	-0.002730	-0.008862	0.852333	-0.111955	0.510877	0.127126	0.991873	0.005268	-0.507314	0.060455	0.859638
56282	5.233245	0.072810	8.844214	0.046506	0.001514	-0.005728	0.852319	-0.112054	0.510878	0.127006	0.991886	0.005667	-0.507368	0.060054	0.859634
56283	5.186453	-0.000912	8.900708	0.035441	0.013028	-0.009400	0.852381	-0.112200	0.510742	0.126987	0.991886	0.005968	-0.507267	0.059770	0.859714
56284	5.189661	-0.051866	8.828414	0.044125	0.006473	-0.011233	0.852386	-0.112356	0.510700	0.126926	0.991892	0.006375	-0.507276	0.059387	0.859735
56285	5.157479	-0.069112	8.942025	0.052418	0.007399	-0.011085	0.852419	-0.112500	0.510613	0.126814	0.991903	0.006836	-0.507248	0.058925	0.859783
56286	5.210595	-0.051108	8.853927	0.062436	-0.008025	-0.018759	0.852340	-0.112722	0.510696	0.126723	0.991910	0.007439	-0.507403	0.058377	0.859729
56287	5.211247	-0.044110	8.853581	0.073307	-0.006489	-0.019203	0.852285	-0.113028	0.510721	0.126684	0.991910	0.008111	-0.507506	0.057788	0.859708
56288	5.087963	0.091343	8.938222	0.083085	-0.003184	-0.023539	0.852224	-0.113300	0.510761	0.126530	0.991923	0.008915	-0.507646	0.057029	0.859676
56289	5.149444	0.035307	8.931983	0.051048	-0.012024	-0.028963	0.852135	-0.113621	0.510839	0.126591	0.991910	0.009454	-0.507780	0.056611	0.859625
56290	5.165340	-0.045555	8.908245	0.054370	-0.011391	-0.031160	0.852023	-0.113965	0.510948	0.126647	0.991897	0.010050	-0.507954	0.056147	0.859553
56291	5.127485	0.069111	8.864451	0.074663	-0.021008	-0.032441	0.851882	-0.114335	0.511101	0.126645	0.991889	0.010803	-0.508191	0.055526	0.859453
56292	5.253774	0.136461	8.898584	0.060455	-0.025478	-0.028474	0.851702	-0.114645	0.511332	0.126647	0.991882	0.011438	-0.508492	0.055017	0.859307
56293	5.247576	0.020733	8.809444	0.037374	-0.003442	-0.030757	0.851651	-0.115023	0.511332	0.126839	0.991852	0.011859	-0.508530	0.054757	0.859301
56294	5.205909	0.090173	8.798945	0.055436	-0.010789	-0.028503	0.851545	-0.115341	0.511436	0.126866	0.991842	0.012451	-0.508700	0.054282	0.859231
56295	5.207381	0.139944	8.838655	0.035331	-0.004916	-0.028191	0.851498	-0.115607	0.511456	0.126943	0.991827	0.012846	-0.508761	0.053987	0.859214
56296	5.157525	0.175344	8.893621	0.020739	-0.001927	-0.022291	0.851445	-0.115868	0.511484	0.127094	0.991804	0.013108	-0.508811	0.053845	0.859193
56297	5.200945	0.212323	8.869642	0.019451	-0.008024	-0.018761	0.851392	-0.116050	0.511531	0.127182	0.991790	0.013324	-0.508878	0.053713	0.859161
56298	5.146232	0.015558	8.911177	-0.008193	-0.003092	-0.020216	0.851336	-0.116290	0.511570	0.127462	0.991754	0.013327	-0.508901	0.053860	0.859138
56299	5.056224	0.013520	8.916217	0.019307	-0.021577	-0.018781	0.851210	-0.116508	0.511730	0.127608	0.991732	0.013531	-0.509076	0.053783	0.859040
56300	5.053244	0.171689	9.026452	0.042386	-0.036613	-0.020327	0.850983	-0.116731	0.512057	0.127632	0.991723	0.013969	-0.509449	0.053468	0.858838
56301	5.196951	0.004888	8.957085	0.007998	-0.049894	-0.026115	0.850703	-0.117005	0.512459	0.127887	0.991688	0.014126	-0.509852	0.053520	0.858596
56302	5.173988	0.038738	8.847382	0.047791	-0.054091	-0.024764	0.850381	-0.117263	0.512934	0.127920	0.991677	0.014633	-0.510381	0.053171	0.858303
56303	5.289680	0.190998	8.829016	0.054424	-0.052819	-0.029160	0.850084	-0.117544	0.513363	0.127946	0.991665	0.015192	-0.510869	0.052768	0.858037
56304	5.295566	0.141876	8.827595	0.033713	-0.031128	-0.028531	0.849874	-0.117851	0.513640	0.128083	0.991641	0.015598	-0.511185	0.052532	0.857864
56305	5.238873	0.208745	8.758407	0.043084	-0.027279	-0.027068	0.849701	-0.118205	0.513843	0.128243	0.991613	0.016047	-0.511431	0.052261	0.857734
56306	5.310646	0.173011	8.800248	0.027009	-0.017405	-0.021843	0.849570	-0.118453	0.514004	0.128357	0.991593	0.016361	-0.511621	0.052076	0.857632
56307	5.244343	0.108061	8.831677	0.010019	-0.002584	-0.025376	0.849534	-0.118715	0.514003	0.128559	0.991564	0.016533	-0.511629	0.052034	0.857629
56308	5.210044	0.055104	8.863915	0.019804	-0.010842	-0.023259	0.849434	-0.118981	0.514106	0.128722	0.991539	0.016792	-0.511754	0.051913	0.857562
56309	5.152842	0.165294	8.835485	0.038807	-0.019536	-0.024860	0.849310	-0.119248	0.514249	0.128794	0.991522	0.017211	-0.511941	0.051615	0.857468
56310	4.990410	0.262116	8.868975	0.051372	-0.041402	-0.007795	0.849074	-0.119345	0.514617	0.128664	0.991531	0.017661	-0.512367	0.051217	0.857238
56311	5.126692	0.218327	8.828800	0.089974	-0.088633	0.017866	0.848646	-0.119200	0.515356	0.128179	0.991583	0.018276	-0.513196	0.050547	0.856781
56312	5.212531	0.163042	8.875844	0.064552	-0.088316	0.014243	0.848196	-0.119056	0.516129	0.127793	0.991624	0.018726	-0.514036	0.050075	0.856306
56313	5.226229	0.201007	8.878694	0.056087	-0.091236	0.007677	0.847741	-0.119005	0.516889	0.127557	0.991647	0.019106	-0.514845	0.049735	0.855839
56314	5.171937	0.126277	8.874168	0.046862	-0.087245	-0.001187	0.847275	-0.119014	0.517649	0.127392	0.991661	0.019484	-0.515651	0.049437	0.855371
56315	5.166674	0.216807	8.818385	0.059406	-0.100893	0.000719	0.846759	-0.119031	0.518489	0.127195	0.991677	0.019935	-0.516546	0.049069	0.854852
56316	5.209162	0.278562	8.853027	0.051310	-0.107875	0.000987	0.846188	-0.119009	0.519425	0.126989	0.991696	0.020339	-0.517532	0.048750	0.854274
56317	5.316359	0.218929	8.809892	0.011703	-0.099454	0.004899	0.845687	-0.118950	0.520254	0.126958	0.991699	0.020365	-0.518358	0.048828	0.853768
56318	5.203869	0.246774	8.777720	0.017202	-0.091929	0.015316	0.845215	-0.118794	0.521057	0.126807	0.991718	0.020403	-0.519165	0.048829	0.853278
56319	5.278040	0.218537	8.847577	0.004146	-0.101565	0.014564	0.844706	-0.118714	0.521900	0.126824	0.991717	0.020314	-0.519988	0.049030	0.852765
56320	5.313887	0.195231	8.762151	-0.005476	-0.084411	0.014999	0.844271	-0.118565	0.522637	0.126793	0.991724	0.020159	-0.520702	0.049247	0.852317
56321	5.373283	0.153739	8.816212	-0.005304	-0.085819	0.012768	0.843848	-0.118427	0.523350	0.126783	0.991729	0.019991	-0.521389	0.049482	0.851883
56322	5.390608	0.174525	8.787217	-0.001293	-0.072526	0.012430	0.843471	-0.118309	0.523985	0.126752	0.991735	0.019886	-0.522007	0.049643	0.851495
56323	5.472151	0.022555	8.755317	-0.019560	-0.056915	0.008547	0.843191	-0.118241	0.524451	0.126870	0.991725	0.019616	-0.522430	0.049997	0.851215
56324	5.361920	-0.015182	8.767872	0.013532	-0.056456	0.000233	0.842881	-0.118252	0.524945	0.126865	0.991724	0.019700	-0.522931	0.049992	0.850908
56325	5.289140	0.094648	8.826611	0.041321	-0.062706	-0.000665	0.842557	-0.118293	0.525457	0.126762	0.991731	0.020002	-0.523478	0.049755	0.850585
56326	5.301330	0.129535	8.830267	-0.008745	-0.081676	-0.008869	0.842103	-0.118381	0.526164	0.126950	0.991709	0.019945	-0.524163	0.050001	0.850149
56327	5.175446	0.190373	8.750152	0.057327	-0.077117	-0.003265	0.841707	-0.118350	0.526804	0.126670	0.991735	0.020411	-0.524866	0.049551	0.849742
56328	5.398901	0.160471	8.878108	-0.023462	-0.112841	-0.012266	0.841084	-0.118456	0.527774	0.126964	0.991701	0.020247	-0.525793	0.049979	0.849143
56329	5.118618	0.144452	8.691450	0.019823	-0.093661	0.002624	0.840604	-0.118390	0.528553	0.126875	0.991710	0.020351	-0.526580	0.049954	0.848656
56330	5.372211	0.280906	9.001790	-0.035323	-0.134552	0.007629	0.839890	-0.118288	0.529710	0.127065	0.991693	0.019982	-0.527673	0.050525	0.847943
56331	5.136597	0.490713	8.719888	-0.022543	-0.140443	0.023387	0.839181	-0.118065	0.530882	0.127111	0.991694	0.019618	-0.528789	0.051018	0.847218
56332	5.253112	0.262184	8.823503	-0.070867	-0.152816	0.037384	0.838405	-0.117657	0.532198	0.127240	0.991694	0.018791	-0.529988	0.051963	0.846411
56333	5.045063	0.356015	8.934344	-0.073910	-0.182395	0.053268	0.837507	-0.117117	0.533727	0.127322	0.991701	0.017822	-0.531386	0.053029	0.845469
56334	4.993243	0.387597	8.955679	-0.075658	-0.239171	0.074016	0.836314	-0.116296	0.535775	0.127173	0.991739	0.016759	-0.533298	0.054120	0.844194
56335	5.225545	0.165764	8.987149	-0.111980	-0.280421	0.083863	0.834927	-0.115373	0.538132	0.127176	0.991762	0.015313	-0.535465	0.055652	0.842722
56336	5.366648	-0.207417	8.798723	-0.112533	-0.300438	0.066890	0.833385	-0.114581	0.540686	0.127289	0.991767	0.013976	-0.537836	0.057176	0.841109
56337	5.288033	-0.275353	8.807535	-0.034369	-0.343683	0.050976	0.831601	-0.113951	0.543557	0.127168	0.991791	0.013360	-0.540618	0.058013	0.839266
56338	5.306653	-0.190226	8.810972	0.035891	-0.398932	0.032256	0.829464	-0.113440	0.546920	0.126774	0.991840	0.013457	-0.543984	0.058173	0.837077
56339	5.299702	0.128812	8.783486	0.087759	-0.459994	0.025391	0.826992	-0.112975	0.550746	0.126180	0.991909	0.014002	-0.547872	0.057914	0.834555
56340	5.397391	0.193241	8.926892	0.054239	-0.487234	0.029520	0.824334	-0.112441	0.554824	0.125706	0.991965	0.014263	-0.551970	0.057987	0.831845
56341	5.275308	0.016666	9.036828	0.028254	-0.545906	0.026902	0.821351	-0.111896	0.559340	0.125404	0.992003	0.014303	-0.556467	0.058396	0.828815
56342	5.133539	0.045144	8.978827	0.082575	-0.632394	0.032249	0.817840	-0.111248	0.564589	0.124747	0.992079	0.014778	-0.561761	0.058345	0.825240
56343	5.086597	0.337473	9.291672	0.090383	-0.761575	0.042077	0.813600	-0.110431	0.570842	0.123976	0.992168	0.015239	-0.568054	0.058372	0.820919
56344	5.035975	0.435442	9.261697	0.050728	-0.876703	0.055778	0.808642	-0.109404	0.578039	0.123303	0.992251	0.015308	-0.575235	0.058895	0.815865
56345	5.018466	0.445461	9.349544	0.032899	-1.022741	0.083350	0.802830	-0.108012	0.586343	0.122519	0.992352	0.015049	-0.583484	0.059756	0.809923
56346	4.795253	0.301503	9.416785	-0.007397	-1.177913	0.104808	0.796014	-0.106301	0.595871	0.121794	0.992452	0.014346	-0.592898	0.061154	0.802952
56347	4.599879	0.059225	9.589118	-0.008550	-1.394678	0.117516	0.787824	-0.104312	0.607003	0.120994	0.992561	0.013532	-0.603899	0.062783	0.794584
56348	4.212295	0.096132	9.853898	0.013173	-1.702388	0.135849	0.777577	-0.101921	0.620473	0.119921	0.992701	0.012780	-0.617247	0.064470	0.784124
56349	3.987914	0.343303	10.322111	0.115293	-2.126814	0.180110	0.764504	-0.098792	0.637004	0.117891	0.992948	0.012508	-0.633747	0.065535	0.770759
56350	4.178519	0.728649	11.465510	0.126855	-2.538869	0.234899	0.748425	-0.094820	0.656406	0.115369	0.993251	0.011937	-0.653108	0.066795	0.754313
56351	3.757076	0.710888	11.602673	-0.132796	-2.936946	0.314610	0.729310	-0.089715	0.678275	0.114007	0.993441	0.008817	-0.674617	0.070898	0.734755
56352	4.986366	0.072551	10.413258	-0.182428	-3.398788	0.415168	0.706421	-0.083139	0.702892	0.112351	0.993658	0.004616	-0.698818	0.075710	0.711282
56353	5.622437	0.460426	10.173444	-0.152202	-3.806040	0.574055	0.679991	-0.074506	0.729426	0.109536	0.993983	-0.000584	-0.724993	0.080296	0.684060
56354	6.330211	1.181397	10.766008	-0.189279	-4.253599	0.756876	0.649348	-0.063501	0.757835	0.105977	0.994340	-0.007487	-0.753071	0.085175	0.652403
56355	7.884529	2.109947	11.202651	-0.369905	-4.645254	0.998023	0.614768	-0.049511	0.787153	0.102588	0.994569	-0.017563	-0.782008	0.091549	0.616508
56356	11.565827	3.318654	13.306260	-0.423876	-5.132045	1.268285	0.575109	-0.032071	0.817448	0.098493	0.994677	-0.030270	-0.812126	0.097921	0.575207
56357	14.111084	2.096635	14.659916	-1.517558	-4.755379	1.169968	0.537127	-0.015440	0.843360	0.104577	0.993338	-0.048418	-0.836994	0.114203	0.535163
56358	13.084895	-1.404125	10.911062	-1.890027	-4.304394	0.936966	0.501669	-0.000852	0.865060	0.115797	0.991066	-0.066177	-0.857275	0.133370	0.497285
56359	13.472770	-2.553009	10.861466	-0.932855	-4.424819	0.670493	0.464130	0.011846	0.885688	0.120722	0.989734	-0.076500	-0.877502	0.142428	0.457936
56360	9.956873	-0.315580	10.594084	-0.350772	-4.016907	0.505847	0.429117	0.022591	0.902966	0.121644	0.989135	-0.082556	-0.895020	0.145267	0.421707
56361	6.896735	0.624537	8.819657	-0.526794	-3.850906	0.508458	0.395045	0.033248	0.918060	0.124373	0.988208	-0.089306	-0.910204	0.149462	0.386251
56362	4.989044	1.283259	7.732036	-0.412313	-3.880409	0.617081	0.360197	0.045156	0.931783	0.125896	0.987337	-0.096515	-0.924342	0.152073	0.349951
56363	3.653148	2.198109	7.356413	-0.493198	-3.794204	0.799300	0.325976	0.058820	0.943546	0.127807	0.986158	-0.105631	-0.936699	0.155025	0.313946
56364	0.796333	3.316358	6.587517	-0.895586	-3.657762	1.043760	0.292863	0.074854	0.953220	0.133082	0.984036	-0.118161	-0.946847	0.161462	0.278226
56365	-0.280674	0.778720	8.148325	-1.666503	-3.097588	1.417930	0.265490	0.093939	0.959526	0.145012	0.980029	-0.136070	-0.953146	0.175268	0.246566
56366	20.067268	-6.937457	11.331667	-1.115071	-2.436240	1.620312	0.244592	0.114125	0.962886	0.151602	0.976335	-0.154229	-0.957701	0.183699	0.221502
56367	10.377305	-2.594393	17.165236	1.655332	1.383465	1.166437	0.259592	0.123026	0.957850	0.132867	0.977870	-0.161606	-0.956535	0.169218	0.237501
56368	-3.533619	4.533477	11.140029	1.221735	1.848225	1.153177	0.278666	0.131228	0.951380	0.118166	0.978409	-0.169568	-0.953091	0.159674	0.257142
56369	-5.643493	4.070577	9.310051	-0.264203	1.893457	1.103278	0.298079	0.138878	0.944384	0.117538	0.976490	-0.180698	-0.947277	0.164863	0.274747
56370	-1.850874	1.914935	8.433143	0.001204	1.430587	0.886115	0.312607	0.145114	0.938732	0.114891	0.975230	-0.189016	-0.942909	0.166940	0.288192
56371	2.351450	3.375511	10.895102	0.947486	1.614956	0.490962	0.328475	0.147196	0.932973	0.104438	0.976064	-0.190764	-0.938721	0.160099	0.305240
56372	3.970124	4.736069	12.180929	0.196664	2.572765	0.016180	0.352513	0.143172	0.924790	0.102617	0.976354	-0.190270	-0.930164	0.161972	0.329486
56373	2.195617	2.885622	10.399559	-0.435966	3.315625	-0.382304	0.382890	0.133845	0.914046	0.108079	0.976163	-0.188215	-0.917450	0.170854	0.359298
56374	1.119351	1.835838	9.426141	-0.204205	3.506543	-0.641276	0.414087	0.121439	0.902100	0.112566	0.976621	-0.183141	-0.903250	0.177382	0.390737
56375	1.592488	1.059018	9.428446	-0.146086	3.599582	-0.788100	0.445572	0.107172	0.888808	0.117287	0.977263	-0.176636	-0.887530	0.182949	0.422871
56376	2.935787	0.223435	9.460455	-0.011647	3.716008	-0.859931	0.477190	0.091855	0.873986	0.121430	0.978091	-0.169096	-0.870370	0.186819	0.455581
56377	4.320323	0.007106	9.831349	0.279499	3.888188	-0.880169	0.509752	0.075883	0.856968	0.123393	0.979355	-0.160118	-0.851427	0.187364	0.489865
56378	5.020222	0.112745	10.013003	0.406363	4.135717	-0.868465	0.543433	0.059605	0.837334	0.124623	0.980694	-0.150691	-0.830151	0.186241	0.525513
56379	5.202755	-0.095685	9.886047	0.477130	4.303253	-0.821269	0.577789	0.043501	0.815026	0.125349	0.982002	-0.141276	-0.806503	0.183790	0.561937
56380	5.993465	-0.239402	10.020011	0.609870	4.373333	-0.760131	0.611543	0.028048	0.790714	0.125101	0.983373	-0.131636	-0.781259	0.179420	0.597865
56381	6.818256	-0.316214	10.247029	0.736631	4.458646	-0.718341	0.645039	0.013040	0.764038	0.123987	0.984819	-0.121484	-0.754023	0.173093	0.633630
56382	7.688990	-0.635703	10.572448	0.800130	4.500579	-0.692293	0.677461	-0.001444	0.735557	0.122720	0.986204	-0.111091	-0.725249	0.165527	0.668292
56383	7.051471	-1.024969	10.768611	0.893033	4.653607	-0.639229	0.709860	-0.015319	0.704176	0.120848	0.987587	-0.100339	-0.693898	0.156324	0.702900
56384	5.457767	-1.383661	9.208689	0.847867	4.386254	-0.463498	0.739055	-0.026594	0.673120	0.118524	0.988766	-0.091068	-0.663137	0.147085	0.733904
56385	4.830134	-1.694547	9.768796	1.199287	3.958951	-0.227983	0.764623	-0.034486	0.643554	0.112489	0.990380	-0.080580	-0.634584	0.134006	0.761147
56386	9.204545	-3.193016	11.825017	1.298824	3.204582	-0.038542	0.784529	-0.038978	0.618866	0.104768	0.992007	-0.070332	-0.611178	0.120015	0.782341
56387	14.646847	-2.924539	14.511682	2.304938	3.312766	0.089846	0.804595	-0.041727	0.592357	0.090284	0.994527	-0.052575	-0.586921	0.095782	0.803959
56388	20.949416	-2.311675	14.888420	2.692716	3.668229	0.090427	0.825681	-0.043862	0.562430	0.074182	0.996757	-0.031170	-0.559239	0.067459	0.826257
56389	18.731244	0.218138	15.706684	2.501797	4.947629	0.070263	0.852525	-0.045888	0.520669	0.060147	0.998134	-0.010515	-0.519215	0.040281	0.853694
56390	15.700651	-1.381674	13.002616	1.929603	5.443201	0.076021	0.879571	-0.046772	0.473463	0.049979	0.998733	0.005814	-0.473135	0.018549	0.880794
56391	12.207996	-1.338668	10.773474	2.253520	5.314235	0.013078	0.903575	-0.047017	0.425842	0.039775	0.998873	0.025889	-0.426579	-0.006455	0.904427
56392	6.300902	5.997947	12.712046	2.763984	4.606653	-0.025382	0.922267	-0.046332	0.383767	0.028845	0.998272	0.051201	-0.385476	-0.036151	0.922009
56393	10.372350	4.108341	5.863301	0.561811	1.480810	0.981597	0.928171	-0.036000	0.370408	0.017691	0.998453	0.052710	-0.371733	-0.042371	0.927372
56394	26.134541	-9.628098	2.848766	-5.356394	3.555529	-0.803338	0.940516	-0.043489	0.336954	0.044245	0.999006	0.005441	-0.336855	0.009791	0.941505
56395	25.324363	-16.632550	1.637978	-2.348965	3.339559	-0.309076	0.951113	-0.047314	0.305198	0.054738	0.998376	-0.015810	-0.303954	0.031743	0.952158
56396	24.967852	-12.985727	-8.004484	1.823858	2.697277	-0.414878	0.958746	-0.052092	0.279450	0.053440	0.998567	0.002798	-0.279195	0.012251	0.960156
56397	16.617985	-0.223072	-9.812220	4.718271	1.581133	-0.169353	0.963004	-0.053644	0.264094	0.042258	0.997923	0.048613	-0.266153	-0.035654	0.963271
56398	15.898598	1.078206	-9.602541	-0.068649	0.589817	0.642213	0.964803	-0.047068	0.258727	0.036305	0.998271	0.046225	-0.260455	-0.035205	0.964844
56399	19.836107	-7.079100	-15.226324	-4.278310	-0.128405	0.088569	0.964522	-0.046244	0.259920	0.046636	0.998901	0.004663	-0.259850	0.007624	0.965619
56400	17.388896	-10.032235	-17.894040	-1.528225	-1.758383	-0.253927	0.959677	-0.048546	0.276881	0.053231	0.998538	-0.009423	-0.276019	0.023782	0.960858
56401	5.405695	-7.816157	1.764305	-0.499890	-2.516876	-0.256274	0.952294	-0.050471	0.300979	0.057179	0.998272	-0.013513	-0.299777	0.030078	0.953535
56402	-3.804946	-8.324480	22.791261	-0.127045	-2.771910	-0.170811	0.943513	-0.051346	0.327331	0.059255	0.998141	-0.014227	-0.325993	0.032819	0.944802
56403	2.567506	-3.968288	11.041728	0.782535	-2.703393	0.266433	0.934510	-0.047933	0.352693	0.054172	0.998501	-0.007833	-0.351789	0.026426	0.935706
56404	0.679716	-2.823883	9.284117	-0.675800	-2.745646	0.593899	0.924809	-0.041208	0.378192	0.051174	0.998556	-0.016334	-0.376973	0.034459	0.925583
56405	6.501108	-7.781826	12.438233	-0.975930	-3.431751	-0.009726	0.911346	-0.039978	0.409695	0.055170	0.998156	-0.025324	-0.407927	0.045681	0.911871
56406	20.765833	-9.479291	9.992116	1.978509	-3.551577	-1.188862	0.895586	-0.050588	0.442002	0.057576	0.998338	-0.002400	-0.441146	0.027598	0.897011
56407	17.943386	5.959685	10.818073	7.310826	-3.233282	-0.059345	0.880785	-0.051486	0.470710	0.024765	0.997719	0.062792	-0.472869	-0.043649	0.880051
56408	12.060965	23.466294	16.731689	1.537985	-1.625123	0.497657	0.873066	-0.047392	0.485293	0.013082	0.997184	0.073848	-0.487426	-0.058126	0.871227
56409	8.683619	3.992409	11.293067	-4.479452	-0.295600	0.080170	0.871644	-0.046742	0.487905	0.034328	0.998820	0.034361	-0.488935	-0.013202	0.872220
56410	5.898689	-5.744063	9.488321	-4.332204	0.343481	0.130550	0.873363	-0.045509	0.484939	0.054334	0.998514	-0.004149	-0.484029	0.029972	0.874538
56411	5.800715	-5.125780	5.418293	-1.153132	-0.479997	-0.028125	0.871015	-0.045661	0.489130	0.060256	0.998083	-0.014128	-0.487547	0.041778	0.872097
56412	8.618169	-3.647180	6.422940	2.810361	-1.260276	0.082327	0.864825	-0.044527	0.500096	0.045730	0.998905	0.009857	-0.499987	0.014345	0.865914
56413	3.898997	1.551615	13.411852	2.557290	-1.042763	0.034658	0.859569	-0.044205	0.509104	0.032597	0.998966	0.031702	-0.509979	-0.010655	0.860121
56414	8.776266	1.423198	10.307250	-0.358564	-0.226751	-0.062424	0.858379	-0.044891	0.511048	0.035032	0.998968	0.028907	-0.511818	-0.006910	0.859066
56415	3.975943	-0.012329	9.325527	-1.182429	0.264223	-0.085012	0.859693	-0.045780	0.508755	0.041878	0.998940	0.019124	-0.509092	0.004865	0.860699
56416	5.404444	-1.307756	7.597202	-0.180203	-0.172330	-0.061042	0.858778	-0.046422	0.510241	0.043388	0.998899	0.017854	-0.510508	0.006806	0.859846
56417	5.157603	0.530831	8.803838	0.684927	-0.334940	-0.044486	0.857042	-0.046898	0.513108	0.040343	0.998900	0.023914	-0.513665	0.000205	0.857991
56418	5.881719	1.626159	9.405103	0.251494	-0.233511	-0.029499	0.855818	-0.047237	0.515117	0.039368	0.998881	0.026192	-0.515778	-0.002136	0.856720
56419	5.464265	0.374738	8.973318	-0.440103	0.038199	-0.029743	0.856000	-0.047577	0.514782	0.041971	0.998865	0.022525	-0.515269	0.002324	0.857025
56420	5.158076	-0.449116	8.406687	-0.188058	-0.034246	-0.022714	0.855803	-0.047845	0.515084	0.043202	0.998846	0.021000	-0.515494	0.004281	0.856882
56421	5.315662	0.079543	8.855956	0.102340	-0.134617	-0.016113	0.855099	-0.048044	0.516234	0.042892	0.998839	0.021911	-0.516688	0.003406	0.856167
56422	5.418911	0.253065	8.978434	-0.049091	-0.070262	-0.016957	0.854718	-0.048253	0.516846	0.043358	0.998827	0.021548	-0.517279	0.003992	0.855807
56423	5.244549	-0.059113	8.724942	-0.078229	-0.061563	-0.019114	0.854388	-0.048484	0.517369	0.044006	0.998812	0.020929	-0.517769	0.004886	0.855506
56424	5.350579	0.090748	8.744162	0.017029	-0.093583	-0.016128	0.853885	-0.048682	0.518180	0.044123	0.998803	0.021128	-0.518588	0.004823	0.855011
56425	5.324560	0.146597	8.882021	-0.019895	-0.076637	-0.016107	0.853477	-0.048882	0.518832	0.044444	0.998791	0.020992	-0.519231	0.005142	0.854618
56426	5.276698	0.086457	8.783322	-0.012120	-0.084870	-0.018241	0.853018	-0.049102	0.519567	0.044730	0.998779	0.020954	-0.519962	0.005366	0.854173
56427	5.297462	0.167295	8.821959	0.025319	-0.096534	-0.016730	0.852505	-0.049307	0.520389	0.044821	0.998770	0.021208	-0.520794	0.005244	0.853666
56428	5.359970	0.046478	8.818299	-0.014164	-0.089922	-0.016416	0.852018	-0.049508	0.521166	0.045102	0.998759	0.021143	-0.521566	0.005492	0.853193
56429	5.233817	-0.046840	8.818607	0.003142	-0.092226	-0.018463	0.851525	-0.049730	0.521950	0.045323	0.998747	0.021217	-0.522351	0.005590	0.852712
56430	5.315587	0.135312	8.727490	0.073445	-0.122659	-0.023375	0.850863	-0.049999	0.523004	0.045206	0.998737	0.021935	-0.523440	0.004979	0.852048
56431	5.233057	0.340976	8.852202	0.060833	-0.130491	-0.015458	0.850169	-0.050190	0.524112	0.045099	0.998729	0.022485	-0.524575	0.004521	0.851352
56432	5.301341	0.272558	8.769385	0.025289	-0.131775	-0.016997	0.849458	-0.050397	0.525244	0.045179	0.998720	0.022760	-0.525718	0.004396	0.850647
56433	5.302517	0.374335	8.738119	0.064116	-0.153988	-0.007496	0.848642	-0.050508	0.526552	0.044985	0.998716	0.023296	-0.527052	0.003917	0.849824
56434	5.337843	0.183679	8.777452	0.010253	-0.135589	-0.011151	0.847910	-0.050656	0.527714	0.045094	0.998708	0.023413	-0.528219	0.003945	0.849099
56435	5.290248	0.324414	8.685456	0.041532	-0.164622	-0.002943	0.847035	-0.050722	0.529111	0.044979	0.998706	0.023733	-0.529630	0.003697	0.848221
56436	5.337191	0.107769	8.847989	-0.003968	-0.167246	0.002387	0.846138	-0.050734	0.530543	0.045048	0.998705	0.023657	-0.531056	0.003883	0.847328
56437	5.283002	0.208759	8.676324	0.039792	-0.174832	0.003827	0.845208	-0.050732	0.532025	0.044885	0.998706	0.023926	-0.532550	0.003657	0.846391
56438	5.358987	0.263991	8.801095	0.040728	-0.198099	0.008813	0.844144	-0.050679	0.533716	0.044661	0.998709	0.024195	-0.534253	0.003412	0.845318
56439	5.422152	0.339512	8.613325	0.034663	-0.197445	0.014076	0.843091	-0.050575	0.535387	0.044438	0.998715	0.024365	-0.535932	0.003249	0.844255
56440	5.369034	0.290414	8.786270	0.001004	-0.196568	0.024025	0.842035	-0.050370	0.537065	0.044298	0.998725	0.024216	-0.537600	0.003400	0.843193
56441	5.430528	0.190120	8.651861	-0.010888	-0.210385	0.031084	0.840914	-0.050095	0.538845	0.044176	0.998738	0.023910	-0.539363	0.003698	0.842065
56442	5.362997	0.071655	8.813012	-0.017145	-0.219484	0.028171	0.839729	-0.049847	0.540712	0.044100	0.998749	0.023585	-0.541212	0.004040	0.840877
56443	5.395546	0.133503	8.623713	0.027159	-0.264521	0.029057	0.838305	-0.049589	0.542942	0.043790	0.998762	0.023609	-0.543440	0.003983	0.839439
56444	5.371171	0.142850	8.845828	0.026987	-0.276317	0.030453	0.836802	-0.049316	0.545280	0.043456	0.998776	0.023642	-0.545778	0.003912	0.837921
56445	5.347519	0.116429	8.743178	0.023585	-0.309502	0.031450	0.835121	-0.049033	0.547877	0.043145	0.998790	0.023621	-0.548372	0.003912	0.836225
56446	5.315384	0.022816	8.742114	0.052759	-0.353777	0.027576	0.833176	-0.048786	0.550852	0.042694	0.998803	0.023883	-0.551358	0.003619	0.834261
56447	5.301653	0.129451	8.731281	0.109791	-0.416863	0.022764	0.830878	-0.048588	0.554330	0.041979	0.998815	0.024626	-0.554869	0.002809	0.831933
56448	5.399462	0.198435	8.799082	0.121339	-0.468950	0.025055	0.828266	-0.048369	0.558244	0.041164	0.998828	0.025467	-0.558822	0.001886	0.829286
56449	5.429037	0.181362	8.725911	0.099694	-0.505232	0.031436	0.825443	-0.048089	0.562433	0.040427	0.998842	0.026071	-0.563036	0.001217	0.826432
56450	5.616883	0.228283	8.557467	0.122753	-0.547658	0.029762	0.822347	-0.047830	0.566972	0.039557	0.998855	0.026889	-0.567609	0.000316	0.823298
56451	5.669602	0.296531	8.594153	0.107992	-0.567154	0.039412	0.819129	-0.047479	0.571641	0.038700	0.998872	0.027507	-0.572302	-0.000409	0.820043
56452	5.746457	0.319830	8.517553	0.089474	-0.576591	0.049605	0.815823	-0.047029	0.576386	0.037850	0.998893	0.027929	-0.577061	-0.000969	0.816700
56453	5.944474	0.307029	8.459821	0.092022	-0.605000	0.051769	0.812336	-0.046562	0.581329	0.036978	0.998914	0.028336	-0.582017	-0.001522	0.813175
56454	5.946122	0.268024	8.553631	0.062391	-0.578511	0.062662	0.808966	-0.045988	0.586054	0.036175	0.998940	0.028452	-0.586741	-0.001816	0.809773
56455	5.758684	0.305673	8.588632	0.076156	-0.614460	0.068357	0.805369	-0.045359	0.591035	0.035258	0.998968	0.028622	-0.591724	-0.002213	0.806138
56456	5.778863	0.325044	8.618180	0.056658	-0.659840	0.079153	0.801463	-0.044626	0.596377	0.034355	0.999001	0.028584	-0.597057	-0.002420	0.802196
56457	5.824026	0.114313	8.556796	0.029781	-0.700125	0.078428	0.797290	-0.043901	0.601998	0.033633	0.999033	0.028311	-0.602659	-0.002325	0.797996
56458	5.799804	0.268980	8.614525	0.084072	-0.779053	0.080327	0.792585	-0.043160	0.608232	0.032555	0.999064	0.028471	-0.608891	-0.002764	0.793249
56459	5.774030	0.377810	8.632790	0.055298	-0.838437	0.087723	0.787481	-0.042349	0.614882	0.031607	0.999099	0.028331	-0.615528	-0.002875	0.788110
56460	5.664596	0.209397	8.731112	0.027342	-0.921935	0.089657	0.781789	-0.041521	0.622159	0.030806	0.999134	0.027970	-0.622782	-0.002700	0.782391
56461	5.501008	0.049150	8.767670	0.055637	-1.041660	0.082302	0.775286	-0.040768	0.630293	0.029900	0.999165	0.027849	-0.630902	-0.002745	0.775857
56462	5.406843	0.037986	8.961936	0.103576	-1.207075	0.074077	0.767623	-0.040106	0.639645	0.028742	0.999190	0.028158	-0.640256	-0.003230	0.768154
56463	5.063259	0.027476	9.370161	0.131223	-1.407274	0.080243	0.758563	-0.039395	0.650407	0.027367	0.999216	0.028605	-0.651024	-0.003898	0.759047
56464	4.731540	0.366793	9.682913	0.228258	-1.712733	0.106704	0.747317	-0.038452	0.663354	0.025135	0.999246	0.029605	-0.663992	-0.005451	0.747720
56465	4.688029	1.022601	10.515946	0.293165	-2.140751	0.199365	0.732986	-0.036638	0.679257	0.021776	0.999301	0.030403	-0.679895	-0.007494	0.733271
56466	4.155483	1.604756	11.555188	0.145121	-2.518870	0.311345	0.715679	-0.033764	0.697613	0.018593	0.999398	0.029296	-0.698182	-0.007996	0.715876
56467	3.814488	1.428983	11.614011	-0.167250	-3.046920	0.458427	0.694172	-0.029424	0.719208	0.016633	0.999553	0.024839	-0.719617	-0.005280	0.694351
56468	4.011976	1.214496	11.898115	-0.220614	-3.736603	0.657099	0.666891	-0.023034	0.744799	0.013850	0.999733	0.018516	-0.745026	-0.002033	0.667032
56469	4.823743	1.641434	12.883870	-0.297035	-4.523475	0.915865	0.632654	-0.013919	0.774310	0.010241	0.999901	0.009606	-0.774367	0.001852	0.632734
56470	5.698526	2.235558	13.956405	-0.562377	-5.285691	1.213044	0.590952	-0.001569	0.806705	0.007339	0.999967	-0.003431	-0.806673	0.007948	0.590944
56471	9.144165	3.080342	15.182524	-0.696558	-6.306388	1.556658	0.539067	0.014671	0.842135	0.004369	0.999786	-0.020215	-0.842251	0.014577	0.538888
56472	14.923297	4.098794	20.038096	-0.744144	-7.015252	1.870671	0.478740	0.034560	0.877276	0.001322	0.999195	-0.040085	-0.877956	0.020350	0.478310
56473	22.785079	1.079189	19.920675	-1.876556	-6.450798	1.447043	0.421298	0.050805	0.905498	0.011637	0.998045	-0.061412	-0.906847	0.036410	0.419883
56474	18.604298	-1.123505	18.074067	-1.531560	-5.761037	1.002572	0.368541	0.063212	0.927460	0.021815	0.996823	-0.076608	-0.929355	0.048465	0.365991
56475	9.819923	1.258091	17.754566	-0.531347	-5.377728	0.858490	0.318325	0.074375	0.945060	0.023924	0.995970	-0.086440	-0.947680	0.050125	0.315263
56476	2.926068	3.039562	16.664336	-0.485206	-5.321826	1.019880	0.267702	0.087173	0.959550	0.025642	0.994901	-0.097538	-0.963161	0.050716	0.264102
56477	-3.030433	4.569100	14.852392	-0.559921	-5.120959	1.433015	0.218533	0.103988	0.970273	0.027646	0.993247	-0.112677	-0.975438	0.051448	0.214182
56478	-9.713494	4.925545	14.125714	-1.301069	-4.810712	1.992971	0.172002	0.126371	0.976957	0.036574	0.990235	-0.134528	-0.984417	0.058871	0.165700
56479	30.115737	-5.393534	13.894375	-0.224490	-5.835567	1.828311	0.115088	0.147670	0.982318	0.036214	0.987608	-0.152708	-0.992695	0.053149	0.108314
56480	16.686630	3.736666	22.281661	2.448202	2.501082	0.629085	0.140018	0.152768	0.978293	0.011204	0.987718	-0.155843	-0.990086	0.032781	0.136587
56481	-7.698233	7.013851	15.957643	-1.029494	2.934508	0.549676	0.169246	0.156953	0.972996	0.020560	0.986461	-0.162701	-0.985359	0.047541	0.163727
56482	-11.197435	2.833536	10.501483	-1.533093	3.019232	0.356047	0.198990	0.158685	0.967069	0.035034	0.985021	-0.168840	-0.979375	0.067478	0.190449
56483	-6.735383	0.815777	7.484334	-0.675232	1.686066	0.204831	0.215725	0.159417	0.963353	0.041239	0.984215	-0.172104	-0.975583	0.076855	0.205746
56484	1.126840	0.344117	11.918467	1.579481	1.752762	-0.042060	0.232764	0.157726	0.959658	0.026019	0.985398	-0.168268	-0.972185	0.064136	0.225261
56485	1.941500	4.716187	14.501198	0.999167	3.262928	-0.363761	0.264473	0.152054	0.952331	0.017277	0.986587	-0.162322	-0.964238	0.059383	0.258298
56486	-0.067064	1.509324	11.875520	-1.140852	4.579674	-0.532980	0.308191	0.143620	0.940421	0.029800	0.986596	-0.160438	-0.950858	0.077470	0.299780
56487	-1.645995	-1.043156	9.208418	-0.551577	4.823567	-0.492306	0.353719	0.134656	0.925608	0.036656	0.986827	-0.157570	-0.934633	0.089665	0.344123
56488	-0.391228	-0.918666	9.555465	0.865577	4.668215	-0.416344	0.396799	0.126373	0.909165	0.030274	0.988137	-0.150563	-0.917406	0.087268	0.388266
56489	1.768598	0.771424	11.072331	1.330686	4.915902	-0.399109	0.441522	0.118237	0.889426	0.019902	0.989745	-0.141453	-0.897030	0.080156	0.434641
56490	2.836623	1.448207	11.170755	0.998824	5.472311	-0.408914	0.489847	0.109856	0.864859	0.013045	0.990994	-0.133267	-0.871711	0.076562	0.484003
56491	2.944117	1.206374	10.539620	1.082983	5.870391	-0.416875	0.540325	0.101285	0.835339	0.005945	0.992245	-0.124156	-0.841436	0.072050	0.535532
56492	3.445228	1.604250	10.788326	1.316465	6.146932	-0.439682	0.590974	0.092664	0.801351	-0.002345	0.993574	-0.113162	-0.806687	0.064997	0.587394
56493	4.291255	1.098253	11.040175	1.380139	6.403213	-0.475916	0.641615	0.083953	0.762419	-0.010240	0.994841	-0.100929	-0.766959	0.056950	0.639164
56494	5.005163	0.657359	11.550974	1.643050	6.528509	-0.522920	0.690341	0.075347	0.719550	-0.018930	0.996103	-0.086145	-0.723236	0.045849	0.689077
56495	6.443331	-0.080147	13.312371	1.872430	6.569031	-0.573494	0.736637	0.067007	0.672960	-0.027900	0.997243	-0.068757	-0.675712	0.031874	0.736476
56496	8.746850	-1.444022	14.957137	2.092539	6.615349	-0.510891	0.779831	0.060307	0.623078	-0.037566	0.998063	-0.049585	-0.624862	0.015261	0.780586
56497	13.251765	-2.448605	16.390477	2.681538	6.645312	-0.370790	0.819893	0.056287	0.569742	-0.050581	0.998385	-0.025844	-0.570277	-0.007629	0.821417
56498	17.656858	-1.305277	17.475816	3.661725	6.750001	-0.388237	0.856644	0.053990	0.513075	-0.067073	0.997724	0.006999	-0.511529	-0.040409	0.858316
56499	21.190080	0.682111	16.569996	3.669786	6.956374	-0.800979	0.890746	0.049903	0.451753	-0.077620	0.996055	0.043017	-0.447824	-0.073383	0.891105
56500	23.771833	1.369583	13.976130	2.981826	7.022451	-1.351970	0.920940	0.042482	0.387381	-0.077680	0.994104	0.075653	-0.381883	-0.099764	0.918810
56501	26.517499	-3.412584	12.184641	1.503861	6.714353	-1.858687	0.945866	0.031076	0.323067	-0.065516	0.993196	0.096279	-0.317877	-0.112233	0.941466
56502	18.167998	0.222750	14.801987	-0.106159	5.292353	-1.763918	0.962360	0.019380	0.271085	-0.048313	0.993767	0.100467	-0.267449	-0.109783	0.957298
56503	44.110749	-11.373653	-12.542984	-2.267264	0.595227	-0.957414	0.964386	0.010397	0.264294	-0.033017	0.996144	0.081290	-0.262430	-0.087121	0.961010
56504	46.853277	-2.830086	-12.155906	-0.517348	4.094513	-0.248026	0.974398	0.011333	0.224543	-0.029301	0.996612	0.076848	-0.222911	-0.081460	0.971429
56505	34.888288	-5.216209	-18.045324	-2.736153	1.981178	0.291274	0.978576	0.015542	0.205297	-0.026251	0.998427	0.049546	-0.204204	-0.053874	0.977445
56506	26.097126	-12.577741	-34.135337	-5.331318	1.794532	-0.866888	0.982235	0.007321	0.187513	-0.007252	0.999973	-0.001055	-0.187516	-0.000323	0.982262
56507	20.715705	-11.204683	-38.931814	-0.523352	-3.515293	-1.400018	0.975047	-0.006637	0.221898	0.007567	0.999966	-0.003341	-0.221868	0.004937	0.975064
56508	7.772124	-10.239759	3.363704	-0.136940	-4.635385	-0.738888	0.963631	-0.013796	0.266881	0.015122	0.999881	-0.002912	-0.266809	0.006841	0.963725
56509	1.636449	-14.242354	38.917700	-1.682789	-3.665455	-0.214560	0.953177	-0.015416	0.302020	0.022022	0.999587	-0.018479	-0.301611	0.024265	0.953122
56510	8.677016	-13.142524	12.613618	-2.750492	-3.116345	0.602712	0.943461	-0.008244	0.331381	0.025059	0.998604	-0.046503	-0.330535	0.052178	0.942350
56511	5.752480	-15.995474	2.879429	-2.170292	-3.156642	0.121305	0.932610	-0.005090	0.360849	0.031489	0.997235	-0.067316	-0.359508	0.074142	0.930192
56512	11.498066	-13.084641	9.930274	4.473221	-5.442093	-0.830267	0.911409	-0.010590	0.411366	0.021971	0.999495	-0.022947	-0.410916	0.029952	0.911181
56513	30.714162	5.578015	12.656233	10.521688	-6.144191	-0.847081	0.884405	-0.020468	0.466271	-0.016523	0.997039	0.075107	-0.466428	-0.074130	0.881448
56514	22.911351	38.135327	22.873274	3.470833	-1.557992	1.114278	0.876702	-0.010839	0.480912	-0.042682	0.994050	0.100213	-0.479137	-0.108383	0.871023
56515	8.384333	7.425097	9.802562	-6.947212	0.132511	0.131421	0.877296	-0.009475	0.479856	-0.010435	0.999192	0.038808	-0.479836	-0.039054	0.876489
56516	4.424576	-9.271078	7.680877	-5.636045	0.623079	0.212542	0.880266	-0.007325	0.474424	0.014657	0.999823	-0.011757	-0.474254	0.017303	0.880218
56517	6.528135	-8.852606	3.573467	0.535965	-1.136275	-0.006853	0.874810	-0.007270	0.484412	0.012225	0.999900	-0.007071	-0.484312	0.012108	0.874812
56518	7.547400	-1.620684	9.194802	4.372249	-1.364402	0.090239	0.868112	-0.006542	0.496325	-0.009935	0.999484	0.030552	-0.496269	-0.031454	0.867599
56519	5.951895	4.745610	13.585581	2.020212	-1.058461	0.063932	0.862791	-0.006386	0.505520	-0.020521	0.998654	0.047639	-0.505144	-0.051476	0.861499
56520	7.361618	1.363086	10.201523	-1.608358	0.246056	-0.028944	0.864029	-0.006612	0.503398	-0.012094	0.999353	0.033883	-0.503297	-0.035364	0.863390
56521	4.711636	-1.674636	8.883623	-1.956838	0.372477	-0.045986	0.865890	-0.007020	0.500185	-0.001796	0.999851	0.017141	-0.500231	-0.015741	0.865749
56522	4.751345	-1.890820	6.457731	0.164450	-0.185648	-0.029171	0.864952	-0.007384	0.501800	-0.002300	0.999823	0.018679	-0.501849	-0.017311	0.864782
56523	5.176528	0.142228	8.832524	1.470610	-0.549635	0.008118	0.862169	-0.007482	0.506565	-0.009702	0.999464	0.031275	-0.506528	-0.031879	0.861634
56524	5.866173	2.119841	9.900032	0.899766	-0.371195	0.009660	0.860274	-0.007563	0.509776	-0.014289	0.999139	0.038938	-0.509632	-0.040782	0.859426
56525	5.658883	0.643017	9.720360	-0.608616	0.098742	-0.014947	0.860767	-0.007719	0.508940	-0.010979	0.999371	0.033726	-0.508880	-0.034618	0.860141
56526	4.894995	-0.790078	8.208142	-0.533550	0.074583	-0.028339	0.861141	-0.008021	0.508302	-0.007954	0.999541	0.029249	-0.508303	-0.029230	0.860682
56527	5.121299	-0.390480	8.342846	0.365337	-0.200756	-0.011226	0.860109	-0.008239	0.510044	-0.009635	0.999429	0.032392	-0.510020	-0.032775	0.859538
56528	5.501236	0.724248	9.180217	0.363644	-0.192690	-0.013836	0.859118	-0.008487	0.511708	-0.011306	0.999304	0.035556	-0.511653	-0.036332	0.858424
56529	5.438990	0.583974	8.853843	-0.102843	-0.036906	-0.016501	0.858919	-0.008708	0.512037	-0.010555	0.999342	0.034701	-0.512003	-0.035210	0.858262
56530	5.176526	0.203232	8.580172	-0.055183	-0.053537	-0.005532	0.858637	-0.008825	0.512508	-0.010157	0.999363	0.034226	-0.512483	-0.034593	0.858000
56531	5.408303	0.452804	8.788286	0.055428	-0.090592	-0.002591	0.858161	-0.008926	0.513303	-0.010336	0.999346	0.034659	-0.513276	-0.035048	0.857508
56532	5.405451	0.343626	8.797425	-0.081930	-0.041504	-0.000658	0.857940	-0.008990	0.513671	-0.009842	0.999376	0.033929	-0.513655	-0.034165	0.857316
56533	5.215302	0.181679	8.753510	-0.078849	-0.034127	0.002484	0.857753	-0.009020	0.513983	-0.009375	0.999405	0.033185	-0.513977	-0.033283	0.857158
56534	5.222771	0.451700	8.735457	0.006103	-0.062259	0.012020	0.857423	-0.008963	0.514534	-0.009442	0.999406	0.033145	-0.514525	-0.033278	0.856829
56535	5.337548	0.447407	8.897875	-0.070004	-0.061603	0.021249	0.857092	-0.008815	0.515087	-0.009181	0.999433	0.032380	-0.515081	-0.032482	0.856526
56536	5.250883	0.368251	8.804266	-0.119507	-0.031917	0.030217	0.856917	-0.008566	0.515383	-0.008757	0.999476	0.031171	-0.515380	-0.031224	0.856393
56537	5.282007	0.317771	8.766139	-0.091071	-0.060207	0.040795	0.856591	-0.008220	0.515930	-0.008554	0.999510	0.030126	-0.515925	-0.030219	0.856101
56538	5.433686	0.214321	8.726903	-0.091150	-0.047152	0.045533	0.856336	-0.007821	0.516360	-0.008406	0.999542	0.029080	-0.516351	-0.029243	0.855878
56539	5.379750	0.220860	8.730717	-0.076137	-0.026776	0.045504	0.856182	-0.007417	0.516622	-0.008319	0.999569	0.028139	-0.516608	-0.028390	0.855751
56540	5.331943	0.208348	8.860125	-0.071833	-0.031443	0.054718	0.856006	-0.006922	0.516919	-0.008349	0.999595	0.027211	-0.516898	-0.027608	0.855602
56541	5.366922	0.205650	8.743583	-0.074901	-0.031145	0.053254	0.855829	-0.006441	0.517219	-0.008335	0.999621	0.026240	-0.517192	-0.026768	0.855451
56542	5.242354	0.297511	8.950506	-0.034807	-0.035972	0.058623	0.855630	-0.005907	0.517555	-0.008588	0.999635	0.025608	-0.517517	-0.026356	0.855267
