// General information: 
//  MT Manager version: 2022.2.0 
//  XDA version: 2022.2.0 build 7381 rev 124627 built on 2023-07-19
// Device information: 
//  DeviceId: 00B4CB9F
//  ProductCode: MTW2-3A7G6
//  Firmware Version: 4.6.0
//  Hardware Version: 2.0.0
// Device settings: 
//  Filter Profile: human(46.1)
//  Option Flags: Orientation Smoother Disabled, Position/Velocity Smoother Disabled, Continuous Zero Rotation Update Disabled, AHS Disabled, ICC Disabled
// Coordinate system: ENU
PacketCounter	Acc_X	Acc_Y	Acc_Z	Gyr_X	Gyr_Y	Gyr_Z	Mat[1][1]	Mat[2][1]	Mat[3][1]	Mat[1][2]	Mat[2][2]	Mat[3][2]	Mat[1][3]	Mat[2][3]	Mat[3][3]
20238	9.669436	-0.025192	-1.629808	-0.670905	-0.284270	-0.056477	0.040275	-0.097750	0.994396	-0.486421	0.867396	0.104967	-0.872796	-0.487923	-0.012613
20239	9.664050	-1.032882	-0.870203	-0.448932	-0.341202	-0.077948	0.037603	-0.100073	0.994269	-0.482472	0.869503	0.105762	-0.875104	-0.483684	-0.015587
20240	10.079465	0.055500	-0.182624	-0.098377	-0.417280	-0.111719	0.034324	-0.103056	0.994083	-0.481377	0.869981	0.106812	-0.875841	-0.482195	-0.019747
20241	9.684723	1.205675	0.291402	0.008485	-0.447369	-0.093486	0.030788	-0.106014	0.993888	-0.481425	0.869846	0.107696	-0.875946	-0.481799	-0.024257
20242	9.669960	1.852844	-0.025424	0.092382	-0.509307	-0.049795	0.026387	-0.108893	0.993703	-0.481901	0.869534	0.108082	-0.875828	-0.481719	-0.029531
20243	9.815222	2.133222	-0.515211	0.075537	-0.502158	-0.030644	0.022069	-0.111567	0.993512	-0.482559	0.869140	0.108319	-0.875585	-0.481819	-0.034657
20244	9.220614	2.179118	-0.761599	0.012409	-0.496405	-0.043828	0.017762	-0.114330	0.993284	-0.482345	0.869214	0.108675	-0.875801	-0.481036	-0.039707
20245	9.324714	2.555161	-1.378120	-0.056202	-0.524338	-0.042139	0.013304	-0.117204	0.993019	-0.481850	0.869439	0.109074	-0.876153	-0.479937	-0.044908
20246	9.660453	2.986195	-1.679624	-0.309070	-0.479771	-0.034716	0.009106	-0.119799	0.992756	-0.479007	0.870955	0.109494	-0.877764	-0.476534	-0.049454
20247	9.723543	2.250249	-1.827757	-0.625242	-0.427259	-0.011382	0.005335	-0.121909	0.992527	-0.473512	0.873906	0.109884	-0.880771	-0.470559	-0.053063
20248	9.802361	1.441095	-1.813865	-0.806922	-0.370475	-0.023342	0.001986	-0.123835	0.992301	-0.465945	0.877888	0.110489	-0.884811	-0.462577	-0.055957
20249	9.819287	0.794827	-1.480222	-0.934332	-0.310007	-0.029756	-0.000695	-0.125504	0.992093	-0.457661	0.882137	0.111274	-0.889127	-0.453965	-0.058051
20250	10.044881	0.208340	-1.445764	-0.933692	-0.278608	-0.040794	-0.003186	-0.127108	0.991884	-0.448934	0.886498	0.112161	-0.893559	-0.444933	-0.059887
20251	9.902506	-0.392123	-1.281542	-0.857405	-0.234560	-0.035977	-0.005194	-0.128447	0.991703	-0.441260	0.890237	0.112994	-0.897364	-0.437012	-0.061302
20252	9.618134	-0.539171	-0.835042	-0.689794	-0.206367	-0.034087	-0.007088	-0.129632	0.991537	-0.434684	0.893378	0.113692	-0.900555	-0.430199	-0.062681
20253	9.647137	-0.021562	-0.342088	-0.514173	-0.218541	-0.026765	-0.009010	-0.130790	0.991369	-0.430052	0.895547	0.114240	-0.902759	-0.425311	-0.064316
20254	9.841849	0.595855	0.140076	-0.432897	-0.196311	0.012430	-0.011058	-0.131477	0.991258	-0.425579	0.897672	0.114316	-0.904854	-0.420594	-0.065880
20255	9.631727	1.435021	0.577025	-0.428483	-0.199193	0.023921	-0.013031	-0.132079	0.991154	-0.421697	0.899501	0.114321	-0.906643	-0.416476	-0.067419
20256	9.696675	2.048056	0.717679	-0.494865	-0.237598	0.005766	-0.015417	-0.132978	0.990999	-0.416719	0.901792	0.114525	-0.908905	-0.411203	-0.069318
20257	10.052028	2.398225	0.829417	-0.565462	-0.231295	0.001143	-0.017594	-0.133896	0.990839	-0.411574	0.904109	0.114868	-0.911207	-0.405783	-0.071015
20258	10.247349	2.196298	0.723276	-0.655165	-0.190372	-0.012321	-0.019468	-0.134746	0.990689	-0.405217	0.906909	0.115388	-0.914013	-0.399198	-0.072257
20259	9.976555	0.998701	0.540005	-0.685224	-0.132171	-0.027718	-0.020634	-0.135503	0.990562	-0.398951	0.909591	0.116116	-0.916740	-0.392790	-0.072827
20260	10.071753	0.128233	0.204273	-0.457295	-0.082919	-0.028124	-0.021468	-0.136052	0.990469	-0.394435	0.911489	0.116654	-0.918673	-0.388171	-0.073231
20261	10.328750	0.296943	0.071394	-0.141176	-0.011068	-0.027232	-0.021529	-0.136324	0.990430	-0.393144	0.912005	0.116984	-0.919225	-0.386863	-0.073230
20262	10.006276	0.966992	-0.082442	0.081613	0.028563	-0.023515	-0.021403	-0.136371	0.990427	-0.393244	0.911951	0.117068	-0.919185	-0.386974	-0.073146
20263	9.890330	1.660610	-0.310779	0.187475	0.036965	-0.018582	-0.021057	-0.136379	0.990433	-0.394971	0.911204	0.117072	-0.918452	-0.388727	-0.073053
20264	9.582005	1.942817	-0.440592	0.165872	0.055853	-0.013429	-0.020664	-0.136251	0.990459	-0.396172	0.910690	0.117012	-0.917944	-0.389974	-0.072797
20265	9.436261	1.842106	-0.451831	0.132076	0.054548	0.001464	-0.020236	-0.136006	0.990501	-0.397384	0.910181	0.116859	-0.917429	-0.391245	-0.072465
20266	9.535770	1.913462	-0.430932	0.125514	0.041029	0.020695	-0.020105	-0.135627	0.990556	-0.398159	0.909889	0.116501	-0.917096	-0.392056	-0.072294
20267	9.431155	2.124842	-0.583082	0.109243	-0.010041	0.028573	-0.020377	-0.135389	0.990583	-0.399155	0.909504	0.116096	-0.916657	-0.393030	-0.072574
20268	9.406517	2.189961	-0.563990	0.079185	-0.057101	0.038701	-0.021231	-0.135230	0.990587	-0.399479	0.909426	0.115588	-0.916496	-0.393265	-0.073330
20269	9.316185	1.990529	-0.703326	0.056635	-0.111275	0.045465	-0.022499	-0.135236	0.990558	-0.399988	0.909270	0.115053	-0.916244	-0.393623	-0.074551
20270	9.484138	1.579083	-0.891191	0.019962	-0.167219	0.075498	-0.024502	-0.135177	0.990518	-0.399721	0.909491	0.114231	-0.916309	-0.393132	-0.076318
20271	9.683614	0.780133	-0.668170	-0.029036	-0.172145	0.104286	-0.026563	-0.134886	0.990505	-0.399428	0.909752	0.113178	-0.916380	-0.392629	-0.078043
20272	9.648366	0.188978	-0.304371	0.046766	-0.197447	0.134890	-0.029094	-0.134397	0.990500	-0.399359	0.909960	0.111739	-0.916333	-0.392315	-0.080148
20273	9.555647	0.651583	0.263415	0.236584	-0.245207	0.143390	-0.031981	-0.134039	0.990460	-0.401481	0.909228	0.110083	-0.915309	-0.394130	-0.082892
20274	9.507411	1.687927	0.957299	0.320252	-0.301071	0.145730	-0.035521	-0.133844	0.990366	-0.403656	0.908478	0.108300	-0.914221	-0.395920	-0.086297
20275	9.644317	2.261437	1.605123	0.277540	-0.333351	0.134835	-0.039179	-0.133925	0.990217	-0.406139	0.907563	0.106677	-0.912971	-0.397986	-0.089950
20276	9.491753	1.841406	1.899100	0.206710	-0.373730	0.109697	-0.043213	-0.134364	0.989989	-0.407387	0.907160	0.105339	-0.912233	-0.398756	-0.093939
20277	9.435185	1.404457	1.873633	0.280574	-0.416335	0.088395	-0.047436	-0.135208	0.989681	-0.409902	0.906164	0.104152	-0.910895	-0.400731	-0.098407
20278	9.540263	1.550953	1.942425	0.379748	-0.420847	0.088336	-0.051800	-0.136037	0.989349	-0.412689	0.905048	0.102838	-0.909398	-0.402967	-0.103022
20279	9.498652	1.795359	2.228933	0.429036	-0.460938	0.104658	-0.056487	-0.136938	0.988968	-0.416527	0.903461	0.101307	-0.907367	-0.406209	-0.108073
20280	9.561212	1.951389	1.934880	0.486097	-0.527059	0.118354	-0.061899	-0.137966	0.988501	-0.420457	0.901836	0.099542	-0.905199	-0.409460	-0.113831
20281	9.610084	2.168812	1.785754	0.498403	-0.498927	0.155476	-0.067133	-0.138601	0.988070	-0.424858	0.900007	0.097381	-0.902767	-0.413252	-0.119306
20282	9.663113	1.948090	1.563808	0.452195	-0.463229	0.173921	-0.072247	-0.138839	0.987676	-0.427842	0.898842	0.095055	-0.900962	-0.415701	-0.124339
20283	9.645019	1.545195	0.909645	0.491811	-0.443503	0.193512	-0.077136	-0.138937	0.987293	-0.432117	0.897063	0.092478	-0.898512	-0.419493	-0.129233
20284	9.699686	1.628253	0.866541	0.527775	-0.420336	0.209239	-0.081997	-0.138723	0.986931	-0.435958	0.895491	0.089649	-0.896224	-0.422909	-0.133905
20285	9.451191	1.603098	0.399872	0.515012	-0.420304	0.218910	-0.086785	-0.138534	0.986548	-0.440376	0.893613	0.086745	-0.893609	-0.426924	-0.138559
20286	9.185242	1.647193	-0.675833	0.598612	-0.488603	0.236239	-0.092308	-0.138452	0.986058	-0.445058	0.891598	0.083525	-0.890731	-0.431143	-0.143921
20287	9.761596	2.480769	-0.741959	0.575695	-0.482858	0.280719	-0.097925	-0.138029	0.985575	-0.449904	0.889498	0.079872	-0.887692	-0.435593	-0.149204
20288	9.779335	3.151456	0.204692	0.366969	-0.369555	0.299983	-0.102656	-0.136910	0.985250	-0.452394	0.888545	0.076336	-0.885890	-0.437885	-0.153151
20289	9.899601	3.197765	0.663799	0.173154	-0.337216	0.312347	-0.107123	-0.135598	0.984956	-0.453593	0.888218	0.072948	-0.884747	-0.438955	-0.156655
20290	10.153052	2.485715	0.913147	-0.006912	-0.246499	0.303529	-0.110762	-0.133925	0.984782	-0.452806	0.888861	0.069951	-0.884703	-0.438167	-0.159094
20291	10.440255	2.632719	1.359244	0.088012	-0.121358	0.275283	-0.113150	-0.131995	0.984771	-0.453269	0.888848	0.067058	-0.884163	-0.438779	-0.160402
20292	10.484245	3.112385	1.966951	0.085493	0.063894	0.237555	-0.113764	-0.129508	0.985031	-0.453171	0.889083	0.064555	-0.884135	-0.439043	-0.159835
20293	10.410026	2.657619	2.182989	0.002254	0.234672	0.208420	-0.112701	-0.126609	0.985530	-0.452947	0.889347	0.062456	-0.884385	-0.439354	-0.157577
20294	11.060897	1.586557	2.101875	0.055679	0.372460	0.208351	-0.110480	-0.122974	0.986241	-0.452350	0.889801	0.060277	-0.884971	-0.439467	-0.153932
20295	11.140279	0.348191	2.119439	0.191395	0.616027	0.262820	-0.106286	-0.117907	0.987320	-0.453751	0.889281	0.057352	-0.884767	-0.441902	-0.148019
20296	11.450938	-0.512414	2.066518	0.323939	0.913505	0.315389	-0.099694	-0.110974	0.988810	-0.455784	0.888465	0.053760	-0.884490	-0.445325	-0.139155
20297	12.055404	-0.699650	2.073801	0.347790	1.233263	0.346384	-0.090439	-0.102365	0.990627	-0.458523	0.887284	0.049826	-0.884069	-0.449719	-0.127182
20298	13.265390	-0.233564	2.855575	0.249682	1.464845	0.364937	-0.079170	-0.092466	0.992563	-0.460030	0.886716	0.045912	-0.884367	-0.452974	-0.112738
20299	13.374107	0.326000	4.113909	0.146580	1.695207	0.358401	-0.065891	-0.081572	0.994487	-0.461060	0.886367	0.042156	-0.884919	-0.455740	-0.096013
20300	11.799357	0.532537	5.178851	0.117447	1.802510	0.348868	-0.051504	-0.070241	0.996200	-0.461875	0.886105	0.038599	-0.885448	-0.458132	-0.078081
20301	11.089930	0.859945	5.754656	0.111642	1.839573	0.360844	-0.036948	-0.058582	0.997599	-0.462699	0.885829	0.034882	-0.885745	-0.460300	-0.059836
20302	10.991513	1.006781	5.637484	0.080603	1.908304	0.350635	-0.021604	-0.046682	0.998676	-0.463494	0.885545	0.031367	-0.885837	-0.462203	-0.040768
20303	11.483485	1.233139	5.329864	0.052213	1.983860	0.349753	-0.005719	-0.034389	0.999392	-0.463905	0.885448	0.027813	-0.885866	-0.463464	-0.021017
20304	12.307467	1.438058	5.325439	-0.147403	2.062736	0.308850	0.011171	-0.022085	0.999694	-0.463034	0.885995	0.024747	-0.886270	-0.463169	-0.000329
20305	12.834608	1.653604	5.336530	-0.334748	2.050295	0.241396	0.028172	-0.010461	0.999548	-0.460111	0.887582	0.022258	-0.887414	-0.460530	0.020192
20306	12.929922	1.756434	5.202079	-0.894660	1.855136	0.196003	0.043840	-0.000228	0.999039	-0.452715	0.891429	0.020069	-0.890577	-0.453160	0.038977
20307	13.172660	0.151162	0.409061	-1.288667	1.617701	0.181259	0.057410	0.008645	0.998313	-0.441298	0.897188	0.017608	-0.895522	-0.441564	0.055322
20308	14.755420	-0.644786	-4.610414	-0.936976	1.893811	0.074003	0.074062	0.017658	0.997097	-0.434055	0.900739	0.016289	-0.897837	-0.434002	0.074375
20309	13.705983	-1.217375	-4.036164	-1.119259	2.367257	-0.053981	0.095515	0.027335	0.995053	-0.423946	0.905550	0.015818	-0.900637	-0.423359	0.098082
20310	12.718075	-1.599080	-3.196460	-1.142653	2.450922	-0.173837	0.118280	0.036109	0.992323	-0.414523	0.909893	0.016300	-0.902320	-0.413269	0.122590
20311	12.822639	-0.941300	-3.203333	-0.700920	2.432095	-0.243554	0.141159	0.043868	0.989015	-0.407887	0.912860	0.017726	-0.902055	-0.405908	0.146752
20312	13.223748	-0.389552	-2.718119	-0.397427	2.408672	-0.238749	0.163703	0.051575	0.985161	-0.405128	0.914053	0.019467	-0.899485	-0.402303	0.170528
20313	13.112664	-1.134253	-2.789316	-0.515948	2.327755	-0.151043	0.185161	0.059506	0.980905	-0.400235	0.916195	0.019970	-0.897512	-0.396290	0.193460
20314	11.655085	-1.956274	-2.614089	-0.837367	2.327430	-0.027346	0.205997	0.068550	0.976149	-0.393634	0.919080	0.018526	-0.895889	-0.388062	0.216311
20315	9.886002	-2.708452	-2.627476	-0.804034	2.301662	0.010305	0.226492	0.077492	0.970926	-0.386469	0.922154	0.016554	-0.894060	-0.378982	0.238808
20316	9.021019	-2.044490	-2.422071	-0.188638	2.241753	-0.054555	0.246662	0.085503	0.965322	-0.384799	0.922851	0.016584	-0.889431	-0.375546	0.260534
20317	9.433192	-1.181867	-2.270460	0.330065	2.152186	-0.097122	0.266043	0.092722	0.959491	-0.387485	0.921693	0.018370	-0.882653	-0.376676	0.281138
20318	9.872242	-0.636207	-2.189219	0.605024	2.101577	-0.003574	0.284500	0.100678	0.953375	-0.392808	0.919400	0.020129	-0.874506	-0.380220	0.301117
20319	9.325113	-0.731132	-2.328020	0.721477	1.979796	0.058016	0.301435	0.108803	0.947259	-0.399269	0.916575	0.021776	-0.865865	-0.384775	0.319729
20320	8.418292	-0.475129	-2.366913	0.772883	1.872565	0.008073	0.317498	0.116158	0.941118	-0.405964	0.913569	0.024199	-0.856965	-0.389742	0.337212
20321	7.362341	-0.007142	-2.301691	0.785633	1.769539	-0.115091	0.332991	0.122069	0.934995	-0.412300	0.910619	0.027951	-0.848013	-0.394806	0.353557
20322	6.543004	0.412990	-2.123296	0.759704	1.671458	-0.222577	0.347965	0.126709	0.928905	-0.417966	0.907873	0.032729	-0.839181	-0.399639	0.368868
20323	6.280748	0.981567	-1.717929	0.680403	1.574158	-0.281621	0.362230	0.130497	0.922909	-0.422662	0.905497	0.037855	-0.830751	-0.403790	0.383154
20324	6.703945	1.324628	-1.113943	0.511186	1.497356	-0.293488	0.375797	0.133925	0.916974	-0.425821	0.903808	0.042509	-0.823076	-0.406442	0.396676
20325	7.093938	1.569458	-0.349823	0.284339	1.477933	-0.307113	0.389158	0.137178	0.910900	-0.426993	0.903062	0.046423	-0.816231	-0.407014	0.410008
20326	7.152911	1.762161	0.718383	-0.055437	1.466662	-0.322406	0.402395	0.140226	0.904663	-0.425282	0.903729	0.049084	-0.810687	-0.404488	0.423292
20327	6.888890	1.905738	2.011357	-0.516221	1.431838	-0.323995	0.415284	0.143055	0.898373	-0.419799	0.906253	0.049747	-0.807037	-0.397795	0.436407
20328	6.516797	1.337399	3.080553	-1.040818	1.295920	-0.249011	0.426701	0.145879	0.892550	-0.410372	0.910689	0.047343	-0.805929	-0.386478	0.448456
20329	6.037553	0.168318	3.152351	-1.383566	1.059006	-0.104843	0.435604	0.148958	0.887728	-0.398780	0.916086	0.041963	-0.806984	-0.372287	0.458453
20330	5.480765	-1.120643	2.738162	-1.478686	0.770766	0.078203	0.441459	0.152494	0.884228	-0.387187	0.921359	0.034410	-0.809444	-0.357552	0.465786
20331	5.286827	-2.593998	2.138426	-1.361814	0.445690	0.280935	0.443940	0.156673	0.882253	-0.377404	0.925697	0.025517	-0.812701	-0.344294	0.470083
20332	5.354078	-4.230029	1.929011	-0.977198	0.158151	0.452267	0.443464	0.161415	0.881638	-0.371472	0.928290	0.016894	-0.815689	-0.334995	0.471625
20333	5.923203	-5.517124	2.169563	-0.341196	-0.151103	0.486789	0.440363	0.165453	0.882443	-0.370855	0.928626	0.010955	-0.817647	-0.332083	0.470292
20334	6.785863	-5.635726	2.296950	0.498068	-0.355762	0.329272	0.436146	0.167343	0.884179	-0.376392	0.926403	0.010331	-0.817377	-0.337303	0.467034
20335	7.612736	-3.780569	2.460815	1.112465	-0.423061	0.130340	0.432136	0.167120	0.886188	-0.386056	0.922364	0.014312	-0.814997	-0.348303	0.463104
20336	7.978576	-1.589661	3.110651	1.289184	-0.419903	-0.099625	0.429023	0.164752	0.888142	-0.396138	0.917949	0.021075	-0.811797	-0.360869	0.459086
20337	8.008231	0.445174	3.565143	1.328424	-0.445609	-0.301083	0.426559	0.160378	0.890127	-0.405630	0.913552	0.029784	-0.808401	-0.373766	0.454738
20338	8.272050	2.915507	4.649333	1.332794	-0.494247	-0.420359	0.424205	0.154706	0.892253	-0.414620	0.909138	0.039490	-0.805072	-0.386697	0.449805
20339	8.750860	4.224892	6.312137	0.943693	-0.566442	-0.304267	0.420859	0.149746	0.894681	-0.420942	0.905901	0.046388	-0.803546	-0.396132	0.444291
20340	9.241672	2.862468	7.355898	0.640606	-0.628694	-0.236232	0.416723	0.145125	0.897374	-0.425123	0.903682	0.051273	-0.803500	-0.402862	0.438281
20341	9.649975	1.512070	8.351884	0.719340	-0.727466	-0.273001	0.411983	0.139721	0.900416	-0.429789	0.901140	0.056816	-0.803462	-0.410396	0.431305
20342	10.346074	0.021682	7.957852	0.804748	-0.807461	-0.350193	0.406935	0.133249	0.903686	-0.434842	0.898275	0.063361	-0.803316	-0.418745	0.423482
20343	10.571529	0.242562	7.375673	0.920451	-0.766040	-0.438410	0.402642	0.126090	0.906632	-0.440474	0.894941	0.071153	-0.802410	-0.427997	0.415880
20344	10.120663	1.760963	6.816343	0.588781	-0.706328	-0.430989	0.398809	0.119223	0.909251	-0.443494	0.892926	0.077439	-0.802661	-0.434130	0.408981
20345	9.012753	2.216849	5.290873	0.126132	-0.646101	-0.436421	0.395488	0.112530	0.911552	-0.442791	0.892878	0.081885	-0.804690	-0.436011	0.402950
20346	6.878137	2.285204	2.655808	-0.008582	-0.898300	-0.588112	0.390777	0.103385	0.914661	-0.440429	0.893546	0.087169	-0.808280	-0.436907	0.394710
20347	5.912709	2.284265	0.032376	-0.136844	-1.417699	-0.766342	0.382571	0.090352	0.919498	-0.436372	0.894882	0.093626	-0.814383	-0.437061	0.381783
20348	6.235814	2.302286	-1.415249	-0.407581	-1.715785	-0.779890	0.371841	0.075905	0.925188	-0.430111	0.897304	0.099248	-0.822641	-0.434838	0.366301
20349	6.443600	2.530023	-2.525857	-0.320159	-1.917434	-0.697849	0.358907	0.061328	0.931356	-0.424929	0.899170	0.104541	-0.831036	-0.433281	0.348778
20350	7.898918	3.477184	-3.272872	-0.185839	-2.116908	-0.614178	0.343751	0.046646	0.937902	-0.421235	0.900304	0.109611	-0.839283	-0.432756	0.329129
20351	10.370332	3.088355	-2.926078	-0.789582	-2.038412	-0.351826	0.327943	0.034731	0.944059	-0.413400	0.903837	0.110354	-0.849443	-0.426464	0.310765
20352	11.398067	1.319759	-0.875526	-1.542348	-1.792042	-0.249961	0.313540	0.024939	0.949247	-0.399418	0.910384	0.108012	-0.861486	-0.413013	0.295403
20353	11.550738	0.423895	1.134850	-1.837658	-1.698388	-0.333902	0.300045	0.015029	0.953807	-0.382460	0.917889	0.105850	-0.873898	-0.396553	0.281155
20354	10.894844	-0.416158	3.197492	-2.258276	-1.552702	-0.273469	0.287294	0.006507	0.957820	-0.361788	0.926639	0.102222	-0.886888	-0.375896	0.268572
20355	11.293223	-2.967877	5.397308	-2.858626	-1.314294	0.043991	0.275330	0.002171	0.961347	-0.336373	0.937003	0.094221	-0.900581	-0.349313	0.258716
20356	11.188666	-7.308310	7.555792	-3.178054	-0.850813	0.239981	0.266744	0.001599	0.963766	-0.308215	0.947625	0.083733	-0.913154	-0.319383	0.253266
20357	11.200609	-10.695991	7.673287	-1.619303	-0.841443	0.047918	0.258824	-0.000544	0.965924	-0.293507	0.952672	0.079183	-0.920252	-0.304000	0.246415
20358	13.233666	-8.763129	7.066705	0.135210	-1.078873	0.012557	0.248755	-0.003663	0.968560	-0.294806	0.952260	0.079316	-0.922611	-0.305267	0.235799
20359	13.652470	-6.866956	5.542796	0.983060	-0.997754	0.003309	0.239479	-0.006699	0.970878	-0.303891	0.949214	0.081508	-0.922117	-0.314561	0.225281
20360	11.472570	-3.608162	4.833457	2.030575	-0.955357	-0.026313	0.230680	-0.009967	0.972979	-0.322539	0.942630	0.086126	-0.918017	-0.333691	0.214231
20361	10.264225	0.155389	3.813202	3.043573	-1.090787	-0.171524	0.221221	-0.015348	0.975103	-0.349985	0.932020	0.094071	-0.910259	-0.362082	0.200811
20362	11.211908	5.515780	2.196017	3.478850	-1.145804	-0.686272	0.213265	-0.025949	0.976650	-0.380014	0.918725	0.107391	-0.900060	-0.394043	0.186071
20363	10.877404	13.422056	-0.571513	2.940623	-0.866620	-0.926517	0.209075	-0.037918	0.977164	-0.404393	0.906452	0.121698	-0.890367	-0.420603	0.174183
20364	7.092176	14.250031	0.025417	0.419390	-0.798257	-0.425715	0.203611	-0.045091	0.978013	-0.407268	0.904507	0.126491	-0.890323	-0.424068	0.165804
20365	8.662268	5.992860	-1.823594	-1.634820	-0.983147	-0.032176	0.194879	-0.049460	0.979579	-0.392587	0.911302	0.124115	-0.898831	-0.408757	0.158176
20366	10.458499	-0.196024	-2.342100	-2.056578	-0.753385	0.486928	0.186124	-0.047985	0.981354	-0.374943	0.919751	0.116085	-0.908171	-0.389558	0.153196
20367	9.014909	-5.491756	-2.787030	-1.729779	-0.460327	0.557999	0.179811	-0.044571	0.982691	-0.360200	0.926610	0.107936	-0.915382	-0.373373	0.150560
20368	8.867960	-5.489770	-2.808991	0.028073	-0.735279	-0.233609	0.173823	-0.049447	0.983535	-0.360059	0.926397	0.110208	-0.916593	-0.373287	0.143225
20369	10.963537	0.446712	-1.460770	0.585675	-0.836372	-0.451905	0.167732	-0.056751	0.984198	-0.364660	0.923959	0.115425	-0.915909	-0.378258	0.134283
20370	10.701059	3.204213	-1.422010	-0.001251	-0.728389	-0.284245	0.161984	-0.062090	0.984838	-0.364201	0.923796	0.118145	-0.917125	-0.377816	0.127027
20371	10.024492	2.757202	-1.304771	-0.677239	-0.769960	-0.006794	0.154868	-0.065016	0.985793	-0.357973	0.926331	0.117332	-0.920799	-0.371058	0.120185
20372	9.987114	1.582943	-1.172536	-0.758365	-0.729816	-0.000686	0.148023	-0.067672	0.986666	-0.350987	0.929120	0.116381	-0.924607	-0.363534	0.113779
20373	9.779809	1.234143	-0.456121	-0.722621	-0.701093	-0.028611	0.141562	-0.070441	0.987420	-0.344257	0.931704	0.115821	-0.928142	-0.356322	0.107645
20374	9.527511	1.297007	-0.019950	-0.473860	-0.739913	-0.109344	0.134940	-0.074049	0.988083	-0.339710	0.933307	0.116337	-0.930800	-0.351360	0.100785
20375	9.473778	2.031100	0.220825	-0.193147	-0.765209	-0.187078	0.128380	-0.078454	0.988617	-0.337670	0.933845	0.117956	-0.932469	-0.348969	0.093396
20376	9.289959	2.185172	0.568297	-0.008729	-0.818274	-0.261749	0.121508	-0.083724	0.989053	-0.337255	0.933673	0.120469	-0.933539	-0.348201	0.085212
20377	9.121065	1.719840	0.532384	0.147598	-0.877912	-0.272043	0.114164	-0.089301	0.989440	-0.338318	0.932928	0.123237	-0.934081	-0.348814	0.076295
20378	9.258645	1.629594	0.756945	0.227907	-0.883279	-0.235262	0.106591	-0.094557	0.989797	-0.340206	0.931917	0.125664	-0.934290	-0.350129	0.067165
20379	9.448051	2.429289	1.174702	0.239075	-0.828019	-0.170259	0.099371	-0.099026	0.990111	-0.342268	0.930917	0.127457	-0.934333	-0.351549	0.058613
20380	9.477428	3.100889	1.295086	0.094795	-0.762288	-0.088444	0.092432	-0.102507	0.990428	-0.343080	0.930499	0.128323	-0.934747	-0.351658	0.050840
20381	9.345757	3.230935	1.204846	-0.113408	-0.753584	-0.037113	0.085446	-0.105474	0.990744	-0.341990	0.930863	0.128594	-0.935811	-0.349812	0.043467
20382	9.381373	3.186883	1.122433	-0.392364	-0.801930	-0.018517	0.077886	-0.108416	0.991050	-0.338316	0.932209	0.128567	-0.937804	-0.345301	0.035927
20383	9.574941	2.488100	0.552277	-0.700263	-0.835732	-0.022576	0.070046	-0.111460	0.991297	-0.331724	0.934581	0.128523	-0.940772	-0.337840	0.028490
20384	9.741643	1.448257	-0.447903	-0.784353	-0.794948	-0.051966	0.062615	-0.114585	0.991438	-0.324287	0.937150	0.128791	-0.943884	-0.329575	0.021521
20385	9.983150	1.307293	-0.995311	-0.624257	-0.656428	-0.097861	0.056660	-0.117622	0.991441	-0.318331	0.939079	0.129602	-0.946285	-0.322950	0.015766
20386	9.507932	1.307889	-0.862538	-0.562151	-0.569465	-0.156882	0.051650	-0.120904	0.991320	-0.312927	0.940695	0.131034	-0.948372	-0.316979	0.010753
20387	9.543154	1.309005	-1.135328	-0.437149	-0.565044	-0.196348	0.046833	-0.124506	0.991113	-0.308683	0.941834	0.132902	-0.950011	-0.312164	0.005676
20388	9.746229	1.100465	-1.437858	-0.336408	-0.523995	-0.191936	0.042327	-0.127926	0.990880	-0.305412	0.942639	0.134744	-0.951279	-0.308330	0.000829
20389	9.932442	0.386488	-1.149737	-0.347133	-0.448503	-0.146743	0.038439	-0.130660	0.990682	-0.302050	0.943518	0.136160	-0.952517	-0.304469	-0.003198
20390	9.710873	-1.429087	-0.874805	-0.331600	-0.373470	-0.021303	0.034820	-0.131975	0.990641	-0.298847	0.944512	0.136334	-0.953666	-0.300797	-0.006552
20391	9.540286	-2.250283	-1.042770	0.115524	-0.398313	-0.016485	0.031007	-0.133306	0.990590	-0.299944	0.944149	0.136445	-0.953453	-0.301352	-0.010709
20392	9.982232	0.025733	-0.597851	0.614536	-0.439911	-0.062654	0.026882	-0.135209	0.990452	-0.305759	0.942212	0.136923	-0.951729	-0.306521	-0.016013
20393	9.657112	1.370454	-0.523272	0.678017	-0.450629	-0.066260	0.022738	-0.137203	0.990282	-0.312190	0.940030	0.137409	-0.949748	-0.312280	-0.021459
20394	9.651444	1.746017	-0.607624	0.667318	-0.489292	-0.045488	0.018113	-0.139147	0.990106	-0.318507	0.937876	0.137633	-0.947747	-0.317849	-0.027332
20395	9.503477	1.765847	-0.229973	0.550103	-0.506673	-0.022389	0.013322	-0.140955	0.989926	-0.323712	0.936090	0.137646	-0.946062	-0.322285	-0.033158
20396	9.501212	1.202884	0.370145	0.338021	-0.533538	-0.004393	0.008170	-0.142700	0.989732	-0.326918	0.934996	0.137507	-0.945018	-0.324684	-0.039012
20397	9.685042	0.868798	0.264932	0.358880	-0.561227	0.007380	0.002780	-0.144438	0.989510	-0.330307	0.933843	0.137240	-0.943869	-0.327224	-0.045113
20398	9.857216	1.674159	0.292885	0.477269	-0.570413	0.008093	-0.002749	-0.146214	0.989249	-0.334784	0.932302	0.136867	-0.942291	-0.330808	-0.051513
20399	9.386573	2.451603	0.225980	0.485053	-0.605099	-0.028049	-0.008417	-0.148465	0.988882	-0.339351	0.930654	0.136835	-0.940622	-0.334426	-0.058215
20400	9.522658	2.876143	-0.247523	0.438871	-0.631124	-0.015931	-0.014410	-0.150714	0.988472	-0.343508	0.929153	0.136662	-0.939039	-0.337579	-0.065161
20401	9.573399	2.727144	-0.165010	0.280367	-0.581994	-0.006289	-0.019916	-0.152720	0.988069	-0.346139	0.928202	0.136490	-0.937972	-0.339291	-0.071349
20402	9.340423	2.193769	-0.196767	0.227375	-0.583139	-0.004633	-0.025483	-0.154727	0.987629	-0.348259	0.927435	0.136311	-0.937052	-0.340477	-0.077519
20403	9.325006	1.974364	-0.215722	0.271972	-0.614339	-0.004279	-0.031286	-0.156841	0.987128	-0.350806	0.926507	0.136091	-0.935925	-0.342032	-0.084008
20404	9.223321	1.929299	-0.398687	0.358238	-0.669478	0.010241	-0.037695	-0.159028	0.986554	-0.354151	0.925302	0.135623	-0.934428	-0.344277	-0.091199
20405	9.256773	1.834190	-0.666431	0.429050	-0.704837	0.043604	-0.044496	-0.161040	0.985944	-0.358136	0.923896	0.134743	-0.932609	-0.347107	-0.098784
20406	9.492606	1.898892	-0.286304	0.492694	-0.691652	0.083415	-0.051351	-0.162668	0.985344	-0.362680	0.922322	0.133363	-0.930498	-0.350516	-0.106358
20407	9.358340	1.880667	0.075018	0.517039	-0.694301	0.093480	-0.058211	-0.164232	0.984703	-0.367431	0.920660	0.131830	-0.928227	-0.354136	-0.113936
20408	9.537748	1.649209	-0.093114	0.536211	-0.699674	0.110055	-0.065209	-0.165699	0.984018	-0.372340	0.918937	0.130066	-0.925803	-0.357908	-0.121620
20409	9.794261	1.551813	0.150348	0.542465	-0.685471	0.117237	-0.072052	-0.167069	0.983309	-0.377272	0.917188	0.128190	-0.923295	-0.361738	-0.129116
20410	9.810700	1.533429	0.548267	0.555339	-0.651658	0.130769	-0.078661	-0.168227	0.982605	-0.382282	0.915399	0.126118	-0.920692	-0.365711	-0.136316
20411	9.638635	1.271435	0.733915	0.564246	-0.621832	0.127107	-0.084933	-0.169332	0.981893	-0.387361	0.913546	0.124038	-0.918008	-0.369812	-0.143182
20412	9.560921	1.305493	0.414118	0.710076	-0.598290	0.130497	-0.091018	-0.170360	0.981169	-0.393766	0.911123	0.121670	-0.914693	-0.375277	-0.150010
20413	9.576382	2.191072	0.498141	0.803423	-0.534562	0.134571	-0.096499	-0.171140	0.980510	-0.400969	0.908319	0.119078	-0.910995	-0.381663	-0.156273
20414	9.590569	2.893373	0.903703	0.707770	-0.437235	0.140600	-0.101123	-0.171544	0.979973	-0.407313	0.905823	0.116534	-0.907673	-0.387371	-0.161472
20415	9.530968	2.922164	1.200289	0.541167	-0.344254	0.157772	-0.104956	-0.171439	0.979588	-0.412050	0.903994	0.114061	-0.905096	-0.391668	-0.165521
20416	9.346349	2.712879	1.763658	0.393342	-0.253267	0.173194	-0.108050	-0.170849	0.979355	-0.415361	0.902777	0.111664	-0.903217	-0.394721	-0.168509
20417	9.442632	2.718169	2.611068	0.337926	-0.147818	0.191928	-0.110250	-0.169685	0.979312	-0.418196	0.901773	0.109169	-0.901641	-0.397509	-0.170382
20418	9.939840	2.850402	2.847283	0.383417	-0.069918	0.185556	-0.111729	-0.168280	0.979387	-0.421428	0.900567	0.106661	-0.899953	-0.400824	-0.171537
20419	10.173959	3.134556	2.660980	0.426419	0.045411	0.177550	-0.112139	-0.166482	0.979647	-0.425058	0.899155	0.104147	-0.898193	-0.404728	-0.171595
20420	10.267761	3.717439	2.602011	0.441470	0.188844	0.163228	-0.111200	-0.164234	0.980134	-0.428812	0.897644	0.101761	-0.896524	-0.408977	-0.170243
20421	10.956031	3.965914	2.029950	0.406623	0.330913	0.138180	-0.108898	-0.161617	0.980827	-0.432297	0.896205	0.099677	-0.895132	-0.413154	-0.167461
20422	11.038401	3.087740	1.127694	0.270982	0.499859	0.135624	-0.105055	-0.158322	0.981783	-0.434562	0.895308	0.097877	-0.894494	-0.416363	-0.162857
20423	12.428983	1.738214	0.287927	0.244472	0.663695	0.180954	-0.099974	-0.153912	0.983014	-0.436558	0.894575	0.095666	-0.894104	-0.419578	-0.156626
20424	14.149447	1.354742	0.390397	0.311761	0.895362	0.227505	-0.093001	-0.148099	0.984590	-0.439132	0.893603	0.092934	-0.893596	-0.423722	-0.148141
20425	14.536293	1.560173	0.933357	0.148112	1.201225	0.255560	-0.083456	-0.140692	0.986530	-0.440226	0.893349	0.090162	-0.894000	-0.426772	-0.136491
20426	13.495680	1.195441	2.334620	-0.234912	1.472745	0.266503	-0.071467	-0.132018	0.988668	-0.437919	0.894715	0.087817	-0.896169	-0.426680	-0.121756
20427	12.680182	0.893925	4.092836	-0.583787	1.660728	0.259638	-0.057751	-0.122616	0.990773	-0.432505	0.897533	0.085866	-0.899780	-0.423556	-0.104865
20428	11.759264	0.628083	5.793726	-0.836943	1.829759	0.261864	-0.042382	-0.112545	0.992742	-0.424822	0.901367	0.084050	-0.904284	-0.418177	-0.086013
20429	11.297785	0.546333	6.880729	-0.861243	1.961579	0.287177	-0.025876	-0.101786	0.994470	-0.416915	0.905257	0.081807	-0.908577	-0.412492	-0.065861
20430	11.620361	0.929770	6.942224	-0.678894	2.117299	0.275130	-0.007741	-0.090577	0.995859	-0.410700	0.908305	0.079421	-0.911738	-0.408384	-0.044231
20431	12.027479	1.621126	6.685435	-0.461210	2.277710	0.189886	0.012205	-0.079556	0.996756	-0.406494	0.910349	0.077637	-0.913572	-0.406123	-0.021229
20432	12.861256	1.897485	6.899786	-0.594693	2.303354	0.070458	0.033004	-0.069573	0.997031	-0.401123	0.912784	0.076973	-0.915429	-0.402473	0.002218
20433	12.819499	0.877633	6.638994	-1.614042	2.192165	0.047284	0.052880	-0.060445	0.996770	-0.386325	0.919207	0.076236	-0.920846	-0.389109	0.025256
20434	13.284619	-2.068635	-0.390471	-1.854404	2.015823	0.058039	0.071316	-0.052189	0.996088	-0.369289	0.926286	0.074971	-0.926574	-0.373191	0.046786
20435	14.586574	-2.647509	-5.823477	-0.656044	2.224889	-0.005299	0.091893	-0.043970	0.994798	-0.363207	0.928717	0.074600	-0.927166	-0.368172	0.069372
20436	13.421883	-2.122281	-4.809813	-0.148411	2.592921	-0.084179	0.116239	-0.035164	0.992599	-0.361777	0.929220	0.075285	-0.924990	-0.367850	0.095290
20437	11.977206	-2.160771	-3.994966	0.118253	2.583701	-0.092209	0.140360	-0.026471	0.989747	-0.362755	0.928757	0.076284	-0.921253	-0.369743	0.120758
20438	11.488726	-1.892451	-4.095570	0.381989	2.438640	-0.050118	0.162927	-0.017816	0.986477	-0.366293	0.927288	0.077244	-0.916125	-0.373925	0.144554
20439	12.413654	-0.583459	-3.467496	0.508258	2.355918	-0.020655	0.184452	-0.009118	0.982799	-0.370906	0.925373	0.078197	-0.910168	-0.378949	0.167304
20440	13.041684	0.692624	-2.677213	0.251347	2.301452	0.073446	0.205015	0.000367	0.978759	-0.373407	0.924394	0.077869	-0.904730	-0.381440	0.189652
20441	11.834525	0.702137	-2.059212	-0.338834	2.222195	0.196522	0.224286	0.010645	0.974465	-0.370778	0.925670	0.075227	-0.901232	-0.378183	0.211562
20442	9.682412	-0.443746	-2.141765	-0.662414	2.158101	0.246304	0.242753	0.021072	0.969859	-0.365449	0.928096	0.071306	-0.898620	-0.371744	0.232998
20443	8.353384	-0.806148	-2.326676	-0.501094	2.072029	0.285520	0.260236	0.031394	0.965035	-0.361683	0.929870	0.067283	-0.895244	-0.366546	0.253340
20444	8.981298	-0.858227	-2.318130	-0.196138	1.968625	0.304458	0.276668	0.041469	0.960070	-0.360803	0.930458	0.063785	-0.890660	-0.364044	0.272390
20445	8.937632	-0.695221	-1.944083	-0.050760	1.895523	0.346426	0.292188	0.051601	0.954968	-0.361350	0.930480	0.060283	-0.885467	-0.362692	0.290521
20446	8.531567	-0.692015	-1.677912	-0.106113	1.727327	0.404313	0.305931	0.061657	0.950055	-0.361644	0.930629	0.056059	-0.880693	-0.360732	0.307006
20447	8.179541	-0.908793	-2.064567	-0.148450	1.597343	0.414214	0.318403	0.071276	0.945272	-0.361647	0.930885	0.051625	-0.876260	-0.358292	0.322173
20448	7.572828	-0.919048	-2.276328	0.056177	1.477086	0.320764	0.330087	0.079592	0.940589	-0.363194	0.930439	0.048725	-0.871282	-0.357699	0.336033
20449	7.445927	0.404811	-2.200899	0.269721	1.405707	0.210545	0.341465	0.086609	0.935896	-0.366257	0.929294	0.047633	-0.865597	-0.359043	0.349042
20450	7.063551	1.417347	-1.821932	0.268312	1.322811	0.125370	0.352345	0.092571	0.931280	-0.369027	0.928212	0.047353	-0.860042	-0.360352	0.361212
20451	7.354269	1.848098	-1.413055	0.090364	1.236662	0.134256	0.362394	0.098292	0.926828	-0.370297	0.927754	0.046397	-0.855308	-0.360016	0.372609
20452	7.648639	1.248906	-1.045772	-0.059974	1.170039	0.196089	0.371571	0.104346	0.922522	-0.370525	0.927765	0.044300	-0.851262	-0.358278	0.383393
20453	7.759094	0.654925	-0.583268	-0.103472	1.144098	0.233616	0.380360	0.110621	0.918199	-0.370541	0.927879	0.041708	-0.847364	-0.356094	0.393918
20454	7.637782	0.400625	0.401042	-0.203232	1.167878	0.260077	0.389184	0.117202	0.913674	-0.369845	0.928297	0.038459	-0.843653	-0.352885	0.404625
20455	7.501195	0.018456	1.454182	-0.446222	1.192583	0.296878	0.398072	0.124157	0.908914	-0.367272	0.929496	0.033884	-0.840625	-0.347307	0.415605
20456	7.471311	-0.670347	2.580889	-0.751326	1.194338	0.354605	0.406713	0.131580	0.904031	-0.362413	0.931613	0.027451	-0.838595	-0.338798	0.426586
20457	7.241475	-1.448046	3.327893	-0.989940	1.118972	0.411682	0.414552	0.139174	0.899320	-0.355825	0.934351	0.019426	-0.837577	-0.328053	0.436859
20458	6.853195	-2.098860	3.430679	-1.012108	0.886178	0.501993	0.420110	0.146762	0.895527	-0.349466	0.936891	0.010401	-0.837485	-0.317326	0.444885
20459	6.673660	-2.553089	3.254042	-0.838338	0.534888	0.590528	0.422481	0.153997	0.893194	-0.344948	0.938621	0.001331	-0.838165	-0.308668	0.449670
20460	6.879255	-3.100876	3.222927	-0.613317	0.211986	0.653672	0.421916	0.160822	0.892257	-0.342588	0.939457	-0.007331	-0.839417	-0.302584	0.451468
20461	7.049177	-4.362131	3.232452	-0.349702	-0.079427	0.624484	0.419050	0.166474	0.892571	-0.342294	0.939481	-0.014521	-0.840971	-0.299437	0.450673
20462	7.022988	-5.281472	2.521945	0.244856	-0.350144	0.410367	0.414592	0.169321	0.894116	-0.346090	0.938044	-0.017161	-0.841626	-0.302330	0.447506
20463	7.430219	-3.714571	2.281487	1.051889	-0.501905	0.172519	0.409706	0.169416	0.896348	-0.355663	0.934508	-0.014060	-0.840027	-0.313037	0.443129
20464	7.587237	-1.847268	2.647121	1.520752	-0.543352	0.015634	0.404987	0.167877	0.898779	-0.368505	0.929595	-0.007586	-0.836773	-0.328132	0.438337
20465	7.825933	-0.042325	3.380139	1.739214	-0.615825	-0.096153	0.400146	0.164934	0.901488	-0.382653	0.923892	0.000817	-0.832742	-0.345284	0.432804
20466	8.498762	1.664341	3.977365	1.702680	-0.684740	-0.144304	0.394909	0.161240	0.904460	-0.396254	0.918093	0.009344	-0.828872	-0.362087	0.426455
20467	9.346002	2.725037	4.773735	1.420915	-0.696549	-0.123419	0.389580	0.157558	0.907416	-0.407544	0.913038	0.016436	-0.825915	-0.376215	0.419913
20468	9.635131	2.561484	5.712504	1.113069	-0.620711	-0.104941	0.384784	0.154281	0.910021	-0.416346	0.908941	0.021945	-0.823770	-0.387328	0.413981
20469	9.467722	2.458482	6.335267	1.047217	-0.583065	-0.132925	0.380484	0.150805	0.912409	-0.424469	0.905027	0.027423	-0.821619	-0.397723	0.408360
20470	8.789460	2.932275	6.541281	0.997821	-0.622612	-0.204740	0.376149	0.146491	0.914906	-0.431909	0.901304	0.033259	-0.819736	-0.407666	0.402295
20471	7.914964	3.329394	5.978542	0.726686	-0.722096	-0.290357	0.371429	0.140924	0.917704	-0.436795	0.898725	0.038778	-0.819299	-0.415252	0.395368
20472	7.525139	3.302707	4.818989	0.246263	-0.870503	-0.279693	0.365418	0.134818	0.921029	-0.437808	0.898076	0.042242	-0.821458	-0.418670	0.387197
20473	7.471054	2.485053	3.328679	-0.260057	-1.056537	-0.199694	0.357521	0.128621	0.925006	-0.434959	0.899421	0.043051	-0.826432	-0.417731	0.377507
20474	7.386062	1.464039	1.785361	-0.599313	-1.280860	-0.163549	0.347509	0.121852	0.929726	-0.429429	0.902111	0.042277	-0.833564	-0.413943	0.365818
20475	7.702252	0.512780	0.867728	-0.781139	-1.473351	-0.160550	0.335786	0.114359	0.934971	-0.422351	0.905508	0.040928	-0.841943	-0.408629	0.352356
20476	9.007120	-0.057955	0.437289	-0.736910	-1.612951	-0.161405	0.322722	0.106371	0.940497	-0.415603	0.908673	0.039839	-0.850367	-0.403731	0.337457
20477	9.613275	0.107114	-0.403690	-0.519003	-1.607268	-0.215712	0.309823	0.097962	0.945734	-0.410502	0.910977	0.040120	-0.857612	-0.400656	0.322455
20478	9.728110	-0.138969	-0.965310	-0.466277	-1.653082	-0.264735	0.296569	0.088972	0.950858	-0.405704	0.913080	0.041100	-0.864552	-0.397956	0.306888
20479	10.581641	-1.725704	-0.833560	-0.588200	-1.749713	-0.189506	0.282076	0.080329	0.956023	-0.400060	0.915566	0.041109	-0.872000	-0.394063	0.290396
20480	11.958607	-2.922823	1.054741	-0.596246	-1.590700	-0.122366	0.268526	0.072998	0.960503	-0.394524	0.917991	0.040529	-0.878775	-0.389824	0.275304
20481	11.880787	-2.411491	4.197328	-0.614040	-1.286818	-0.119631	0.257584	0.066931	0.963935	-0.388806	0.920451	0.039985	-0.884579	-0.385084	0.263117
20482	10.752996	-2.443236	6.300349	-0.746324	-1.175431	-0.100057	0.247421	0.061553	0.966951	-0.381949	0.923362	0.038954	-0.890448	-0.378964	0.251969
20483	11.971630	-2.958601	6.905465	-0.486377	-1.321217	-0.127170	0.236041	0.055414	0.970162	-0.377309	0.925268	0.038949	-0.895501	-0.375244	0.239309
20484	13.069922	-2.518922	6.074944	0.040509	-1.351039	-0.204079	0.224582	0.048496	0.973248	-0.377221	0.925218	0.040943	-0.898480	-0.376325	0.226080
20485	12.206685	-1.182938	5.044724	0.293719	-1.282394	-0.277832	0.214034	0.041099	0.975961	-0.379263	0.924230	0.044254	-0.900194	-0.379618	0.213404
20486	11.178679	-0.239300	4.356878	0.379443	-1.181878	-0.301561	0.204430	0.033859	0.978295	-0.382067	0.922893	0.047898	-0.901240	-0.383566	0.201603
20487	10.128817	0.413709	2.802207	0.585289	-1.194505	-0.316981	0.194817	0.026339	0.980486	-0.386718	0.920725	0.052105	-0.901385	-0.389322	0.189559
20488	10.114173	1.400619	0.217920	0.705055	-1.283420	-0.371581	0.184595	0.017940	0.982651	-0.392389	0.918035	0.056952	-0.901086	-0.396094	0.176504
20489	9.374592	2.511963	-1.714034	0.680766	-1.176984	-0.435157	0.175646	0.009269	0.984410	-0.397745	0.915375	0.062350	-0.900526	-0.402495	0.164469
20490	8.883451	3.098156	-2.120617	0.424390	-1.120130	-0.390898	0.167009	0.001210	0.985955	-0.400896	0.913686	0.066786	-0.900772	-0.406419	0.153079
20491	9.385453	2.097117	-1.656908	-0.095482	-1.012443	-0.284747	0.158953	-0.005485	0.987271	-0.399578	0.914068	0.069411	-0.902813	-0.405525	0.143102
20492	9.425521	-0.098013	-1.230811	-0.369872	-0.935501	-0.236566	0.151321	-0.011387	0.988419	-0.395878	0.915542	0.071154	-0.905750	-0.402060	0.134033
20493	9.708494	-1.438043	-0.976692	-0.359657	-0.916856	-0.188263	0.143680	-0.016765	0.989482	-0.392344	0.916957	0.072507	-0.908528	-0.398635	0.125171
20494	10.095752	-1.091189	-0.417996	-0.111781	-0.889220	-0.202563	0.136266	-0.022121	0.990425	-0.391060	0.917362	0.074293	-0.910222	-0.397439	0.116355
20495	10.229994	0.722914	-0.194074	0.052058	-0.873272	-0.200844	0.129033	-0.027417	0.991261	-0.391273	0.917106	0.076298	-0.911184	-0.397698	0.107609
20496	10.149547	1.986170	0.073565	0.013837	-0.858412	-0.216538	0.121928	-0.032776	0.991998	-0.391123	0.916995	0.078372	-0.912226	-0.397549	0.098988
20497	9.608539	2.391432	-0.026891	-0.127921	-0.901492	-0.185746	0.114357	-0.038039	0.992711	-0.389740	0.917439	0.080051	-0.913797	-0.396054	0.090090
20498	9.727864	2.123529	-0.345639	-0.268484	-0.884412	-0.168077	0.106791	-0.043037	0.993350	-0.387087	0.918443	0.081406	-0.915838	-0.393206	0.081423
20499	9.872351	1.873633	-0.254791	-0.267555	-0.827097	-0.171434	0.099804	-0.047834	0.993857	-0.384461	0.919415	0.082859	-0.917730	-0.390369	0.073371
20500	9.838067	1.702975	0.079543	-0.175280	-0.765594	-0.199619	0.093411	-0.052619	0.994236	-0.382674	0.919998	0.084643	-0.919149	-0.388375	0.065802
20501	9.374749	1.669757	0.320204	0.026725	-0.746542	-0.245101	0.087419	-0.057753	0.994496	-0.382702	0.919761	0.087054	-0.919727	-0.388206	0.058302
20502	9.624830	2.118236	-0.151474	0.274160	-0.773948	-0.267547	0.081200	-0.063197	0.994692	-0.384966	0.918553	0.089785	-0.919352	-0.390213	0.050258
