// General information: 
//  MT Manager version: 2022.2.0 
//  XDA version: 2022.2.0 build 7381 rev 124627 built on 2023-07-19
// Device information: 
//  DeviceId: 00B4CB9F
//  ProductCode: MTW2-3A7G6
//  Firmware Version: 4.6.0
//  Hardware Version: 2.0.0
// Device settings: 
//  Filter Profile: human(46.1)
//  Option Flags: Orientation Smoother Disabled, Position/Velocity Smoother Disabled, Continuous Zero Rotation Update Disabled, AHS Disabled, ICC Disabled
// Coordinate system: ENU
PacketCounter	Acc_X	Acc_Y	Acc_Z	Gyr_X	Gyr_Y	Gyr_Z	Mat[1][1]	Mat[2][1]	Mat[3][1]	Mat[1][2]	Mat[2][2]	Mat[3][2]	Mat[1][3]	Mat[2][3]	Mat[3][3]
55763	9.835602	0.585199	0.192569	-0.003790	-0.014371	-0.006319	-0.057177	0.043300	0.997425	0.493691	-0.867133	0.065945	0.867755	0.496191	0.028203
55764	9.824746	0.614959	0.176731	0.000318	-0.009526	-0.002935	-0.057046	0.043366	0.997429	0.493691	-0.867134	0.065936	0.867765	0.496183	0.028057
55765	9.835944	0.544267	0.147506	0.004329	-0.010822	-0.002987	-0.056904	0.043433	0.997434	0.493758	-0.867097	0.065927	0.867736	0.496242	0.027896
55766	9.835473	0.577033	0.212025	0.007058	-0.009757	0.000736	-0.056753	0.043465	0.997442	0.493859	-0.867043	0.065882	0.867688	0.496334	0.027741
55767	9.781190	0.594968	0.164970	0.013702	-0.016128	0.000969	-0.056545	0.043525	0.997451	0.494009	-0.866960	0.065836	0.867616	0.496473	0.027521
55768	9.759037	0.557416	0.227102	0.022233	-0.017262	0.005682	-0.056304	0.043554	0.997463	0.494193	-0.866862	0.065748	0.867527	0.496642	0.027284
55769	9.737915	0.522716	0.132161	0.028419	-0.031934	0.013339	-0.055898	0.043586	0.997485	0.494478	-0.866712	0.065582	0.867391	0.496901	0.026895
55770	9.804117	0.536965	0.029573	0.027855	-0.050269	0.019971	-0.055301	0.043650	0.997515	0.494803	-0.866545	0.065350	0.867244	0.497187	0.026323
55771	9.804781	0.580203	-0.090056	0.032086	-0.072420	0.017071	-0.054526	0.043850	0.997549	0.495121	-0.866378	0.065147	0.867111	0.497460	0.025529
55772	9.892235	0.637153	-0.127452	0.034104	-0.096768	0.017029	-0.053545	0.044173	0.997588	0.495470	-0.866194	0.064949	0.866973	0.497752	0.024494
55773	9.641239	0.732636	-0.204877	0.025503	-0.100468	0.008006	-0.052571	0.044592	0.997621	0.495726	-0.866056	0.064834	0.866886	0.497955	0.023424
55774	9.859397	0.742071	-0.237570	0.023800	-0.113231	-0.015966	-0.051602	0.045294	0.997640	0.495823	-0.865991	0.064963	0.866889	0.498005	0.022229
55775	9.837099	0.793312	-0.256670	-0.000114	-0.137620	-0.018343	-0.050437	0.046126	0.997662	0.495843	-0.865968	0.065105	0.866946	0.497967	0.020805
55776	9.814738	0.793673	-0.297840	-0.026543	-0.158568	-0.012271	-0.049056	0.047020	0.997689	0.495526	-0.866143	0.065185	0.867207	0.497579	0.019190
55777	9.781387	0.754008	-0.330540	-0.046257	-0.187166	-0.005101	-0.047395	0.047983	0.997723	0.495153	-0.866357	0.065187	0.867512	0.497115	0.017302
55778	9.824932	0.619623	-0.244922	-0.061854	-0.191459	-0.007776	-0.045711	0.048990	0.997753	0.494673	-0.866629	0.065215	0.867876	0.496543	0.015380
55779	9.803431	0.445881	-0.149036	-0.069833	-0.196252	-0.010214	-0.043995	0.050041	0.997778	0.494093	-0.866956	0.065266	0.868295	0.495866	0.013416
55780	9.836299	0.358590	-0.124737	-0.061513	-0.201734	-0.000817	-0.042185	0.051037	0.997805	0.493604	-0.867237	0.065227	0.868663	0.495272	0.011393
55781	9.912812	0.299806	-0.116776	-0.034038	-0.216948	0.006338	-0.040206	0.052045	0.997835	0.493341	-0.867395	0.065120	0.868906	0.494891	0.009199
55782	9.913525	0.211710	-0.068062	0.000293	-0.222376	0.017880	-0.038120	0.052982	0.997868	0.493348	-0.867407	0.064902	0.868996	0.494771	0.006927
55783	9.891592	0.139597	-0.091569	0.029234	-0.225095	0.026310	-0.035971	0.053856	0.997901	0.493643	-0.867262	0.064600	0.868921	0.494930	0.004611
55784	9.947075	0.169052	-0.049626	0.064059	-0.232598	0.037379	-0.033700	0.054676	0.997935	0.494189	-0.866981	0.064190	0.868701	0.495332	0.002197
55785	9.794742	0.305791	-0.039857	0.095322	-0.225690	0.045422	-0.031453	0.055390	0.997969	0.495062	-0.866520	0.063696	0.868288	0.496060	-0.000167
55786	9.665071	0.383735	-0.000479	0.123712	-0.223378	0.044532	-0.029228	0.056106	0.997997	0.496119	-0.865951	0.063212	0.867763	0.496972	-0.002525
55787	9.656612	0.483287	0.070832	0.140086	-0.231064	0.045773	-0.026933	0.056848	0.998020	0.497376	-0.865265	0.062708	0.867117	0.498080	-0.004970
55788	9.702071	0.660339	0.092228	0.136426	-0.224854	0.050149	-0.024672	0.057527	0.998039	0.498560	-0.864623	0.062161	0.866504	0.499116	-0.007348
55789	9.626683	0.696791	0.087917	0.126133	-0.218880	0.041876	-0.022504	0.058247	0.998049	0.499692	-0.864003	0.061691	0.865910	0.500106	-0.009662
55790	9.772890	0.689272	0.191958	0.120238	-0.203716	0.032137	-0.020516	0.058980	0.998048	0.500760	-0.863412	0.061317	0.865343	0.501041	-0.011821
55791	9.840131	0.707660	0.204498	0.103918	-0.188982	0.035551	-0.018640	0.059609	0.998048	0.501695	-0.862897	0.060907	0.864843	0.501851	-0.013821
55792	9.826321	0.709381	0.083544	0.092714	-0.172768	0.031526	-0.016927	0.060195	0.998043	0.502555	-0.862423	0.060538	0.864380	0.502596	-0.015653
55793	9.828250	0.688499	0.112047	0.093422	-0.159970	0.036197	-0.015299	0.060676	0.998040	0.503397	-0.861961	0.060120	0.863920	0.503331	-0.017357
55794	9.800360	0.771360	0.209420	0.092249	-0.139043	0.025471	-0.013908	0.061147	0.998032	0.504242	-0.861489	0.059808	0.863450	0.504081	-0.018852
55795	9.699700	0.775674	0.123357	0.072793	-0.127689	0.019224	-0.012645	0.061614	0.998020	0.504902	-0.861119	0.059560	0.863084	0.504655	-0.020220
55796	9.633191	0.812163	0.075514	0.055714	-0.124462	0.017141	-0.011424	0.062085	0.998005	0.505416	-0.860833	0.059337	0.862800	0.505086	-0.021545
55797	9.576183	0.837026	-0.003364	0.036486	-0.133398	0.017215	-0.010123	0.062600	0.997987	0.505761	-0.860646	0.059115	0.862614	0.505342	-0.022949
55798	9.627898	0.802091	-0.084175	0.028598	-0.141271	0.007633	-0.008804	0.063238	0.997960	0.506060	-0.860479	0.058991	0.862454	0.505546	-0.024427
55799	9.736756	0.741399	-0.098920	0.020320	-0.129665	0.001745	-0.007614	0.063868	0.997929	0.506264	-0.860363	0.058926	0.862345	0.505664	-0.025784
55800	9.790781	0.561880	-0.103545	0.029252	-0.113852	0.000419	-0.006575	0.064429	0.997901	0.506643	-0.860143	0.058873	0.862131	0.505967	-0.026987
55801	9.841901	0.468590	-0.178474	0.043391	-0.100431	-0.005757	-0.005676	0.064975	0.997871	0.507046	-0.859906	0.058876	0.861900	0.506300	-0.028065
55802	9.888885	0.463102	-0.113823	0.055979	-0.086411	-0.005103	-0.004897	0.065447	0.997844	0.507569	-0.859597	0.058871	0.861597	0.506763	-0.029010
55803	9.822526	0.373390	-0.127195	0.072245	-0.074177	-0.002470	-0.004207	0.065834	0.997822	0.508220	-0.859215	0.058832	0.861217	0.507361	-0.029843
55804	9.603128	0.323964	-0.143008	0.100641	-0.062476	-0.012094	-0.003668	0.066246	0.997797	0.509089	-0.858697	0.058882	0.860706	0.508183	-0.030575
55805	9.798564	0.375551	0.043890	0.113532	-0.057431	-0.005283	-0.003138	0.066573	0.997777	0.510094	-0.858102	0.058858	0.860113	0.509145	-0.031266
55806	9.790708	0.617932	0.078696	0.128908	-0.031048	-0.001174	-0.002819	0.066731	0.997767	0.511252	-0.857418	0.058789	0.859426	0.510276	-0.031700
55807	9.581026	0.735556	0.024898	0.127313	-0.024527	-0.007878	-0.002585	0.066913	0.997755	0.512374	-0.856748	0.058784	0.858758	0.511376	-0.032070
55808	9.694515	0.761340	0.104137	0.100225	-0.019145	-0.009632	-0.002414	0.067083	0.997744	0.513307	-0.856188	0.058808	0.858202	0.512291	-0.032368
55809	9.738451	0.723059	0.112068	0.071604	0.006282	-0.012168	-0.002467	0.067145	0.997740	0.513949	-0.855798	0.058863	0.857817	0.512933	-0.032398
55810	9.706819	0.606833	0.149190	0.047106	0.027849	-0.013101	-0.002713	0.067105	0.997742	0.514335	-0.855561	0.058941	0.857585	0.513334	-0.032194
55811	9.682322	0.495642	0.111567	0.051609	0.043173	-0.011302	-0.003078	0.066970	0.997750	0.514806	-0.855275	0.058995	0.857301	0.513829	-0.031844
55812	9.733348	0.402878	0.052334	0.065906	0.051452	-0.014013	-0.003529	0.066816	0.997759	0.515408	-0.854907	0.059073	0.856938	0.514461	-0.031420
55813	9.758212	0.453500	-0.108574	0.074866	0.047288	-0.016878	-0.003958	0.066706	0.997765	0.516077	-0.854496	0.059175	0.856533	0.515158	-0.031043
55814	9.802285	0.535324	-0.102626	0.086834	0.051111	-0.022712	-0.004453	0.066627	0.997768	0.516854	-0.854015	0.059335	0.856062	0.515964	-0.030633
55815	9.751868	0.687184	-0.249236	0.099552	0.043903	-0.022690	-0.004883	0.066584	0.997769	0.517733	-0.853471	0.059488	0.855528	0.516869	-0.030305
55816	9.717131	0.840191	-0.528023	0.098941	0.024986	-0.030688	-0.005192	0.066708	0.997759	0.518568	-0.852948	0.059725	0.855021	0.517716	-0.030165
55817	9.824947	0.850934	-0.555340	0.070965	0.004511	-0.033844	-0.005343	0.066964	0.997741	0.519201	-0.852543	0.059999	0.854635	0.518349	-0.030213
55818	9.921184	0.712073	-0.586118	0.026711	-0.002127	-0.034759	-0.005446	0.067261	0.997721	0.519485	-0.852350	0.060297	0.854462	0.518629	-0.030299
55819	9.894777	0.560057	-0.668490	-0.005925	-0.006716	-0.038453	-0.005525	0.067614	0.997696	0.519460	-0.852340	0.060640	0.854477	0.518599	-0.030413
55820	9.838056	0.401784	-0.699940	-0.004069	-0.007595	-0.037457	-0.005593	0.067964	0.997672	0.519433	-0.852333	0.060975	0.854493	0.518564	-0.030536
55821	9.869571	0.224286	-0.716530	0.021873	-0.009216	-0.032778	-0.005621	0.068281	0.997650	0.519646	-0.852183	0.061253	0.854363	0.518769	-0.030692
55822	9.834017	0.139543	-0.539555	0.058591	-0.005886	-0.029252	-0.005660	0.068552	0.997631	0.520177	-0.851842	0.061485	0.854040	0.519293	-0.030838
55823	9.818294	0.140259	-0.409601	0.088269	-0.003809	-0.009219	-0.005612	0.068640	0.997626	0.520959	-0.851363	0.061508	0.853563	0.520067	-0.030981
55824	9.666975	0.282445	-0.377741	0.103934	-0.012430	-0.003766	-0.005466	0.068727	0.997621	0.521917	-0.850778	0.061471	0.852979	0.521011	-0.031219
55825	9.712837	0.404959	-0.337367	0.115343	-0.025347	0.007578	-0.005147	0.068785	0.997618	0.522930	-0.850168	0.061317	0.852360	0.522000	-0.031594
55826	9.759825	0.518716	-0.274671	0.127534	-0.017905	0.006870	-0.004897	0.068811	0.997618	0.524056	-0.849485	0.061166	0.851670	0.523107	-0.031901
55827	9.766796	0.641540	-0.363047	0.131868	-0.022302	-0.000612	-0.004647	0.068924	0.997611	0.525207	-0.848779	0.061087	0.850962	0.524236	-0.032255
55828	9.826449	0.719620	-0.262841	0.135130	-0.017444	-0.010949	-0.004491	0.069100	0.997600	0.526355	-0.848066	0.061112	0.850253	0.525366	-0.032562
55829	9.795863	0.774250	-0.218214	0.135716	-0.001396	-0.018209	-0.004512	0.069252	0.997589	0.527536	-0.847325	0.061207	0.849521	0.526540	-0.032710
55830	9.718076	0.773981	-0.242015	0.143237	0.005793	-0.023570	-0.004620	0.069415	0.997577	0.528713	-0.846580	0.061356	0.848788	0.527716	-0.032789
55831	9.729339	0.807153	-0.232635	0.140833	-0.003573	-0.030915	-0.004690	0.069686	0.997558	0.529935	-0.845800	0.061576	0.848025	0.528930	-0.032962
55832	9.807986	0.744365	-0.183207	0.133553	-0.002615	-0.033135	-0.004783	0.069972	0.997538	0.531096	-0.845053	0.061822	0.847298	0.530084	-0.033120
55833	9.840508	0.676984	-0.184186	0.107142	0.005263	-0.023202	-0.004887	0.070130	0.997526	0.532030	-0.844454	0.061975	0.846711	0.531017	-0.033184
55834	9.867584	0.649183	-0.299510	0.081033	0.006151	-0.017856	-0.004969	0.070242	0.997518	0.532705	-0.844021	0.062086	0.846287	0.531691	-0.033224
55835	9.859512	0.766380	-0.465995	0.075776	-0.000138	-0.014553	-0.004982	0.070356	0.997510	0.533373	-0.843593	0.062164	0.845865	0.532355	-0.033323
55836	9.803761	0.775430	-0.487139	0.072247	-0.003481	-0.012952	-0.004961	0.070476	0.997501	0.534016	-0.843181	0.062229	0.845460	0.532990	-0.033452
55837	9.753807	0.684665	-0.387989	0.052379	-0.003011	-0.009816	-0.004924	0.070566	0.997495	0.534486	-0.842881	0.062266	0.845163	0.533454	-0.033566
55838	9.745420	0.690007	-0.334393	0.027402	0.005426	-0.007617	-0.004949	0.070594	0.997493	0.534709	-0.842737	0.062295	0.845022	0.533677	-0.033576
55839	9.844116	0.652044	-0.326071	0.019824	0.012702	-0.014335	-0.005070	0.070638	0.997489	0.534904	-0.842606	0.062388	0.844898	0.533877	-0.033513
55840	9.975103	0.663955	-0.327181	0.020928	0.022808	-0.019304	-0.005301	0.070671	0.997486	0.535106	-0.842468	0.062532	0.844768	0.534092	-0.033350
55841	10.031809	0.649859	-0.280801	0.037167	0.038986	-0.019614	-0.005672	0.070619	0.997487	0.535447	-0.842240	0.062673	0.844550	0.534457	-0.033036
55842	9.971357	0.580684	-0.168875	0.062688	0.052113	-0.015817	-0.006133	0.070467	0.997495	0.535966	-0.841903	0.062771	0.844217	0.535008	-0.032605
55843	9.753469	0.522916	0.085725	0.100008	0.082243	-0.010023	-0.006817	0.070103	0.997516	0.536837	-0.841345	0.062796	0.843658	0.535932	-0.031898
55844	9.596816	0.469506	0.496697	0.135776	0.117530	-0.010127	-0.007800	0.069549	0.997548	0.538034	-0.840580	0.062812	0.842887	0.537204	-0.030863
55845	9.464043	0.521586	0.740212	0.159245	0.185374	-0.007136	-0.009337	0.068603	0.997600	0.539403	-0.839703	0.062793	0.841996	0.538695	-0.029164
55846	9.210091	0.891186	0.739525	0.216579	0.231513	-0.008471	-0.011267	0.067419	0.997661	0.541211	-0.838540	0.062778	0.840811	0.540652	-0.027040
55847	9.019249	1.599309	0.694583	0.291874	0.251549	-0.043150	-0.013550	0.066408	0.997701	0.543686	-0.836914	0.063090	0.839180	0.543290	-0.024765
55848	8.827739	2.251022	0.650414	0.315474	0.243064	-0.080228	-0.015962	0.065749	0.997709	0.546328	-0.835140	0.063776	0.837419	0.546094	-0.022590
55849	8.868213	2.642035	0.376794	0.249153	0.208918	-0.089611	-0.018137	0.065345	0.997698	0.548425	-0.833702	0.064574	0.836003	0.548334	-0.020716
55850	8.679986	2.829608	0.094139	0.092096	0.172331	-0.097828	-0.020054	0.065208	0.997670	0.549220	-0.833108	0.065492	0.835437	0.549254	-0.019106
55851	8.894534	2.788457	0.083875	-0.077255	0.145544	-0.129444	-0.021917	0.065480	0.997613	0.548576	-0.833432	0.066755	0.835814	0.548729	-0.017654
55852	9.555139	2.430306	0.345009	-0.244858	0.167374	-0.147625	-0.024067	0.065788	0.997543	0.546537	-0.834650	0.068231	0.837089	0.546837	-0.015868
55853	10.348577	1.795360	0.620528	-0.349910	0.232127	-0.159787	-0.026819	0.065848	0.997469	0.543593	-0.836439	0.069834	0.838920	0.544090	-0.013362
55854	10.889950	1.132897	0.850381	-0.375639	0.313282	-0.150570	-0.030209	0.065403	0.997402	0.540441	-0.838352	0.071342	0.840839	0.541192	-0.010021
55855	10.907090	0.758469	0.708286	-0.266714	0.387241	-0.134449	-0.034129	0.064430	0.997338	0.538183	-0.839690	0.072662	0.842137	0.539230	-0.006018
55856	10.070257	0.505576	0.393254	-0.136091	0.335392	-0.081202	-0.037329	0.063300	0.997296	0.537033	-0.840358	0.073440	0.842735	0.538322	-0.002624
55857	9.448306	0.550057	-0.149302	-0.088411	0.152077	0.006149	-0.038515	0.062421	0.997306	0.536319	-0.840823	0.073339	0.843136	0.537699	-0.001093
55858	9.293358	0.984048	-0.711966	-0.103186	-0.022776	0.080679	-0.037831	0.061858	0.997368	0.535512	-0.841410	0.072498	0.843680	0.536846	-0.001295
55859	9.368574	1.519123	-1.153516	-0.162631	-0.179650	0.118487	-0.035617	0.061815	0.997452	0.534213	-0.842340	0.071278	0.844600	0.535390	-0.003021
55860	9.523577	1.889562	-1.430253	-0.281653	-0.276484	0.136384	-0.032494	0.062133	0.997539	0.531956	-0.843883	0.069890	0.846148	0.532918	-0.005630
55861	9.551364	2.074691	-1.539533	-0.397935	-0.306101	0.134291	-0.029125	0.062615	0.997613	0.528656	-0.846065	0.068537	0.848337	0.529390	-0.008460
55862	9.444545	1.848393	-1.429262	-0.475858	-0.324110	0.125147	-0.025652	0.063259	0.997667	0.524654	-0.848651	0.067300	0.850929	0.525157	-0.011419
55863	9.575220	1.444263	-1.054023	-0.512514	-0.317701	0.110201	-0.022306	0.063973	0.997702	0.520342	-0.851387	0.066225	0.853667	0.520623	-0.014297
55864	9.883236	1.111457	-0.634986	-0.493851	-0.309643	0.102727	-0.019068	0.064697	0.997723	0.516170	-0.853998	0.065242	0.856274	0.516239	-0.017111
55865	10.213725	0.669809	-0.600615	-0.447063	-0.329744	0.119010	-0.015565	0.065364	0.997740	0.512386	-0.856360	0.064095	0.858614	0.512226	-0.020163
55866	10.857291	0.242710	-0.948180	-0.363817	-0.410439	0.173280	-0.011092	0.065968	0.997760	0.509304	-0.858321	0.062411	0.860515	0.508855	-0.024078
55867	11.154462	-0.059125	-0.854539	-0.283115	-0.484021	0.269056	-0.005493	0.066102	0.997798	0.506916	-0.859921	0.059759	0.861978	0.506128	-0.028785
55868	10.932422	-0.391901	-1.097109	-0.222958	-0.560479	0.376956	0.001308	0.065681	0.997840	0.505056	-0.861266	0.056029	0.863086	0.503891	-0.034299
55869	10.278618	-0.691628	-1.545653	-0.183243	-0.645172	0.466655	0.009296	0.064892	0.997849	0.503477	-0.862479	0.051399	0.863959	0.501916	-0.040689
55870	10.003060	-0.775301	-1.772799	-0.137889	-0.700362	0.525717	0.018049	0.063857	0.997796	0.502269	-0.863478	0.046175	0.864523	0.500328	-0.047659
55871	9.524058	-0.761931	-2.054545	-0.059468	-0.742277	0.570618	0.027394	0.062627	0.997661	0.501653	-0.864122	0.040470	0.864635	0.499371	-0.055089
55872	9.453727	-0.603722	-2.275596	0.030810	-0.763413	0.595726	0.037044	0.061283	0.997433	0.501748	-0.864327	0.034470	0.864220	0.499183	-0.062766
55873	9.358157	-0.308654	-2.308228	0.118071	-0.763025	0.597723	0.046699	0.059917	0.997110	0.502544	-0.864085	0.028387	0.863289	0.499767	-0.070463
55874	9.412781	0.218729	-2.391097	0.176625	-0.756217	0.585974	0.056232	0.058631	0.996695	0.503790	-0.863536	0.022375	0.861994	0.500867	-0.078096
55875	9.595387	0.792973	-2.257348	0.177903	-0.747636	0.566504	0.065592	0.057479	0.996190	0.505003	-0.862959	0.016541	0.860622	0.501994	-0.085630
55876	9.443961	1.302945	-2.123408	0.113231	-0.743408	0.540792	0.074780	0.056540	0.995596	0.505633	-0.862678	0.011013	0.859501	0.502583	-0.093100
55877	9.479273	1.616631	-1.871294	0.035440	-0.727732	0.524420	0.083747	0.055662	0.994931	0.505547	-0.862780	0.005715	0.858725	0.502506	-0.100394
55878	9.279124	1.608798	-1.561182	-0.074826	-0.690897	0.511703	0.092326	0.054708	0.994225	0.504490	-0.863417	0.000662	0.858467	0.501515	-0.107315
55879	9.398323	1.322935	-1.148991	-0.155682	-0.651306	0.498497	0.100491	0.053651	0.993490	0.502697	-0.864453	-0.004165	0.858602	0.499843	-0.113840
55880	9.391361	0.998618	-1.025822	-0.200360	-0.608709	0.489063	0.108234	0.052452	0.992741	0.500503	-0.865690	-0.008828	0.858943	0.497825	-0.119950
55881	9.648046	0.786436	-0.725338	-0.203998	-0.561978	0.486727	0.115555	0.051016	0.991990	0.498229	-0.866941	-0.013453	0.859311	0.495793	-0.125597
55882	9.534918	0.537278	-0.605832	-0.220181	-0.499042	0.486926	0.122327	0.049256	0.991267	0.495794	-0.868253	-0.018040	0.859781	0.493671	-0.130632
55883	9.482357	0.135956	-0.656020	-0.219834	-0.451630	0.479340	0.128645	0.047304	0.990562	0.493325	-0.869553	-0.022543	0.860279	0.491569	-0.135199
55884	9.624027	-0.380524	-0.721693	-0.183540	-0.418562	0.469265	0.134618	0.045270	0.989863	0.491165	-0.870649	-0.026979	0.860602	0.489818	-0.139440
55885	9.832135	-1.019056	-0.898499	-0.130203	-0.384421	0.468000	0.140283	0.043062	0.989175	0.489424	-0.871478	-0.031471	0.860689	0.488541	-0.143329
55886	9.769743	-1.418782	-1.129763	-0.035327	-0.380729	0.469445	0.145916	0.040824	0.988454	0.488483	-0.871826	-0.036103	0.860286	0.488111	-0.147156
55887	9.499335	-1.767211	-1.073033	0.081441	-0.383864	0.466542	0.151558	0.038620	0.987694	0.488512	-0.871599	-0.040880	0.859294	0.488696	-0.150964
55888	8.957907	-2.081092	-0.910869	0.235591	-0.375991	0.412227	0.156864	0.036865	0.986932	0.489932	-0.870580	-0.045352	0.857531	0.490644	-0.154624
55889	10.018054	-1.871035	-0.443869	0.374986	-0.373629	0.381515	0.162000	0.035374	0.986157	0.492557	-0.868857	-0.049748	0.855070	0.493797	-0.158178
55890	9.712596	-1.556396	-0.421588	0.452097	-0.338060	0.382717	0.166839	0.033722	0.985407	0.495818	-0.866728	-0.054286	0.852250	0.497639	-0.161324
55891	9.675211	-1.337695	0.084739	0.505823	-0.316976	0.348080	0.171330	0.032282	0.984685	0.499553	-0.864300	-0.058584	0.849172	0.501940	-0.164208
55892	9.824680	-1.278088	0.474437	0.537355	-0.287989	0.300092	0.175338	0.031139	0.984016	0.503617	-0.861666	-0.062470	0.845947	0.506520	-0.166765
55893	10.001942	-1.129799	0.760473	0.521792	-0.275094	0.244981	0.178962	0.030420	0.983386	0.507609	-0.859071	-0.065803	0.842796	0.510952	-0.169182
55894	9.947858	-0.890331	0.872123	0.439464	-0.258050	0.195496	0.182190	0.030059	0.982804	0.510981	-0.856857	-0.068517	0.840063	0.514677	-0.171470
55895	9.755552	-0.770929	0.981089	0.316291	-0.242075	0.159817	0.185102	0.029930	0.982263	0.513362	-0.855257	-0.070680	0.837972	0.517339	-0.173674
55896	9.805724	-0.847098	1.087316	0.202700	-0.208877	0.106176	0.187457	0.030098	0.981812	0.514886	-0.854219	-0.072120	0.836512	0.519041	-0.175626
55897	9.854760	-1.170833	1.076166	0.105654	-0.154716	0.054921	0.189095	0.030423	0.981487	0.515686	-0.853671	-0.072892	0.835650	0.519923	-0.177114
55898	9.933146	-1.529142	0.787950	0.060920	-0.111303	0.019512	0.190185	0.030828	0.981264	0.516182	-0.853342	-0.073236	0.835096	0.520439	-0.178206
55899	9.826494	-1.633877	0.360851	0.066511	-0.087526	-0.001754	0.190969	0.031288	0.981097	0.516760	-0.852979	-0.073384	0.834559	0.521006	-0.179061
55900	9.700161	-1.597051	-0.087273	0.076957	-0.073485	0.002685	0.191655	0.031640	0.980952	0.517419	-0.852562	-0.073593	0.833994	0.521668	-0.179769
55901	9.360529	-1.414381	-0.974004	0.064396	-0.061551	0.017714	0.192322	0.031800	0.980816	0.517942	-0.852215	-0.073929	0.833516	0.522224	-0.180370
55902	8.845558	-1.259824	-1.927281	-0.015059	-0.146834	0.059415	0.193912	0.032051	0.980495	0.517723	-0.852296	-0.074530	0.833283	0.522077	-0.181864
55903	8.931389	-1.274671	-2.384191	-0.134498	-0.256635	0.093794	0.196598	0.032579	0.979943	0.516438	-0.853012	-0.075249	0.833451	0.520874	-0.184526
55904	9.159584	-1.631486	-3.108850	-0.209413	-0.356782	0.117969	0.200239	0.033418	0.979177	0.514479	-0.854123	-0.076060	0.833796	0.518996	-0.188222
55905	9.384215	-2.025811	-3.360560	-0.218577	-0.448443	0.125049	0.204683	0.034662	0.978214	0.512422	-0.855282	-0.076914	0.833984	0.517002	-0.192823
55906	9.517806	-2.413247	-3.183326	-0.200482	-0.499227	0.130780	0.209575	0.036108	0.977126	0.510499	-0.856347	-0.077847	0.833948	0.515136	-0.197902
55907	9.611755	-2.485242	-2.882350	-0.145112	-0.511982	0.128568	0.214561	0.037630	0.975985	0.509035	-0.857126	-0.078859	0.833575	0.513731	-0.203061
55908	8.788428	-2.671749	-2.786634	-0.022455	-0.506880	0.056079	0.219129	0.039742	0.974886	0.508744	-0.857248	-0.079406	0.832563	0.513368	-0.208066
55909	10.097018	-2.027646	-2.150714	0.086860	-0.555406	0.031289	0.223969	0.042316	0.973677	0.509416	-0.856799	-0.079942	0.830863	0.513911	-0.213453
55910	9.798785	-0.812329	-2.480035	0.092909	-0.581894	0.051058	0.229120	0.044859	0.972364	0.510088	-0.856330	-0.080687	0.829045	0.514478	-0.219084
55911	9.543551	-0.080599	-2.049733	0.008665	-0.610706	0.040323	0.234445	0.047644	0.970961	0.510084	-0.856289	-0.081146	0.827557	0.514296	-0.225056
55912	9.458285	-0.031827	-1.515881	-0.106323	-0.606838	0.017128	0.239612	0.050603	0.969549	0.509180	-0.856829	-0.081117	0.826633	0.513112	-0.231073
55913	9.404123	-0.267721	-1.122950	-0.198316	-0.584572	-0.009205	0.244458	0.053665	0.968174	0.507581	-0.857825	-0.080612	0.826198	0.511132	-0.236942
55914	9.688534	-0.553065	-0.602188	-0.266650	-0.544653	-0.017812	0.248927	0.056583	0.966868	0.505437	-0.859161	-0.079848	0.826177	0.508568	-0.242468
55915	9.811277	-1.030606	-0.308774	-0.308629	-0.492720	-0.006739	0.253026	0.059129	0.965651	0.502921	-0.860708	-0.079075	0.826467	0.505654	-0.247519
55916	10.104165	-1.564282	-0.045395	-0.323979	-0.447161	0.010161	0.256833	0.061283	0.964511	0.500232	-0.862334	-0.078412	0.826925	0.502618	-0.252131
55917	10.269646	-1.883771	0.090726	-0.334982	-0.404380	0.021842	0.260348	0.063109	0.963450	0.497421	-0.864012	-0.077820	0.827521	0.499500	-0.256336
55918	10.169527	-1.972687	0.058110	-0.345985	-0.373794	0.001001	0.263506	0.064947	0.962469	0.494567	-0.865724	-0.076984	0.828232	0.496291	-0.260244
55919	10.251128	-1.647732	-0.220752	-0.407279	-0.338922	0.011981	0.266435	0.066507	0.961556	0.491176	-0.867732	-0.076081	0.829312	0.492563	-0.263860
55920	9.604552	-0.927441	-0.895587	-0.478685	-0.373907	0.003519	0.269613	0.068293	0.960544	0.487204	-0.870071	-0.074891	0.830627	0.488173	-0.267855
55921	9.412853	-0.482201	-1.198296	-0.561398	-0.468486	-0.031409	0.273416	0.070829	0.959285	0.482638	-0.872762	-0.073121	0.832048	0.482980	-0.272812
55922	9.373113	-0.325432	-1.614865	-0.696331	-0.552755	-0.069960	0.277741	0.074075	0.957796	0.477041	-0.876042	-0.070580	0.833841	0.476511	-0.278650
55923	9.717335	-0.467788	-1.725133	-0.831797	-0.629539	-0.142864	0.282381	0.078291	0.956102	0.470512	-0.879852	-0.066917	0.835990	0.468754	-0.285291
55924	10.323957	-0.759552	-1.353947	-0.906502	-0.624581	-0.217553	0.286650	0.083092	0.954425	0.463551	-0.883879	-0.062272	0.838422	0.460275	-0.291882
55925	10.318223	-0.994076	-0.856965	-0.895605	-0.583357	-0.274970	0.290343	0.088173	0.952852	0.456841	-0.887717	-0.057058	0.840831	0.451868	-0.298024
55926	10.093001	-1.029269	-0.004110	-0.853706	-0.531108	-0.306791	0.293479	0.093260	0.951406	0.450556	-0.891254	-0.051619	0.843131	0.443811	-0.303583
55927	10.441125	-1.113244	1.127549	-0.833854	-0.443331	-0.338909	0.295765	0.098220	0.950198	0.444530	-0.894587	-0.045895	0.845527	0.435966	-0.308249
55928	11.333630	-0.906620	2.178464	-0.818869	-0.263390	-0.357539	0.296471	0.102539	0.949521	0.438660	-0.897762	-0.040014	0.848341	0.428380	-0.311140
55929	11.768979	-0.473270	2.942472	-0.830680	0.013356	-0.388960	0.294722	0.105964	0.949690	0.432763	-0.900874	-0.033785	0.851971	0.420948	-0.311365
55930	11.397738	-0.048826	3.185822	-0.910974	0.240645	-0.397868	0.291011	0.108525	0.950545	0.426151	-0.904242	-0.027228	0.856568	0.412999	-0.309392
55931	11.174942	0.134195	3.228412	-0.995908	0.335706	-0.375532	0.286599	0.110538	0.951652	0.418695	-0.907892	-0.020639	0.861716	0.404368	-0.306483
55932	11.681297	0.537727	2.151293	-1.019788	0.348867	-0.338881	0.282229	0.112196	0.952764	0.410848	-0.911591	-0.014354	0.866920	0.395492	-0.303373
55933	13.103119	1.953478	0.466890	-1.081138	0.390833	-0.347576	0.277476	0.113825	0.953966	0.402435	-0.915415	-0.007829	0.872383	0.386082	-0.299813
55934	13.797869	3.300142	-0.519660	-1.188632	0.569744	-0.459911	0.270706	0.115843	0.955667	0.393292	-0.919414	0.000043	0.878658	0.375845	-0.294451
55935	13.525457	3.323989	0.037930	-1.316898	0.814105	-0.642098	0.261089	0.118725	0.957986	0.383399	-0.923529	0.009964	0.885911	0.364689	-0.286642
55936	13.788799	2.391674	1.799495	-1.448791	1.022274	-0.758242	0.249171	0.122048	0.960738	0.372445	-0.927810	0.021269	0.893979	0.352523	-0.276640
55937	13.061485	1.441283	2.803532	-1.545133	1.299839	-0.796936	0.234632	0.124938	0.964022	0.360511	-0.932169	0.033065	0.902762	0.339783	-0.263758
55938	11.105431	0.350481	1.427654	-1.473914	1.340206	-0.794543	0.219702	0.127855	0.967153	0.348956	-0.936083	0.044477	0.911022	0.327722	-0.250275
55939	10.364948	-0.864734	-0.351216	-1.323519	1.186642	-0.752888	0.206320	0.131067	0.969667	0.338477	-0.939369	0.054953	0.918077	0.316872	-0.238174
55940	10.241851	-1.916367	-1.927761	-1.115676	1.095547	-0.754426	0.193752	0.134707	0.971758	0.329717	-0.941852	0.064822	0.923984	0.307845	-0.226901
55941	11.581802	-2.880521	-2.132431	-0.913331	1.044891	-0.780789	0.181583	0.138864	0.973522	0.322743	-0.943559	0.074392	0.928905	0.300689	-0.216151
55942	12.764604	-4.242260	-1.890575	-0.748116	1.157409	-0.744540	0.168467	0.142408	0.975366	0.317085	-0.944743	0.083170	0.933315	0.295262	-0.204314
55943	12.549337	-6.184947	-1.857155	-0.455262	1.400322	-0.639714	0.153412	0.144310	0.977568	0.313881	-0.945162	0.090268	0.936986	0.292992	-0.190296
55944	11.666900	-7.802260	-2.294752	-0.010128	1.612887	-0.478644	0.136821	0.144049	0.980066	0.314480	-0.944507	0.094920	0.939352	0.295224	-0.174529
55945	10.889472	-8.547292	-2.532728	0.589083	1.672400	-0.309935	0.120184	0.141944	0.982552	0.320438	-0.942297	0.096933	0.939614	0.303197	-0.158733
55946	10.566170	-7.977141	-2.151704	1.249713	1.612907	-0.099078	0.104771	0.137830	0.984899	0.332270	-0.938290	0.095961	0.937347	0.317199	-0.144103
55947	11.024450	-5.860995	-1.970521	1.888371	1.511772	0.066168	0.090923	0.132243	0.987038	0.349887	-0.932198	0.092665	0.932369	0.336926	-0.131028
55948	11.135862	-2.808391	-2.838875	2.334371	1.442599	0.170014	0.078188	0.125591	0.988996	0.371411	-0.924288	0.088011	0.925171	0.360442	-0.118914
55949	10.975748	0.473889	-3.516212	2.554270	1.382709	0.212347	0.066330	0.118460	0.990741	0.394805	-0.915011	0.082973	0.916367	0.385646	-0.107461
55950	10.583557	3.337829	-3.556699	2.449580	1.360658	0.155238	0.054605	0.111597	0.992252	0.417034	-0.905461	0.078886	0.907249	0.409495	-0.095982
55951	10.379302	4.986716	-3.140959	2.037062	1.320951	0.016256	0.042804	0.105893	0.993456	0.435454	-0.896925	0.076842	0.899193	0.429315	-0.084504
55952	10.299559	5.766851	-2.414517	1.492285	1.282168	-0.126967	0.030805	0.101395	0.994369	0.448865	-0.890287	0.076876	0.893069	0.443969	-0.072938
55953	10.271256	5.930203	-1.969457	0.926889	1.303708	-0.223304	0.018238	0.097513	0.995067	0.457208	-0.885895	0.078434	0.889173	0.453522	-0.060740
55954	9.025003	5.080215	-3.239915	0.454698	1.277801	-0.266451	0.005716	0.094012	0.995555	0.461276	-0.883571	0.080789	0.887239	0.458763	-0.048416
55955	8.682689	4.308589	-3.817624	0.066563	1.167045	-0.251675	-0.005736	0.090857	0.995847	0.461895	-0.883021	0.083224	0.886916	0.460455	-0.036901
55956	9.358452	3.661487	-3.464191	-0.095888	1.148927	-0.256384	-0.017060	0.087803	0.995992	0.461018	-0.883237	0.085760	0.887227	0.460634	-0.025411
55957	9.578642	2.648659	-2.914062	-0.143225	1.223366	-0.275004	-0.029120	0.084584	0.995991	0.459714	-0.883648	0.088484	0.887589	0.460448	-0.013153
55958	9.433696	1.305149	-2.357220	-0.203309	1.259171	-0.246187	-0.041377	0.080943	0.995859	0.457829	-0.884380	0.090905	0.888077	0.459695	-0.000465
55959	9.588635	0.187782	-2.245452	-0.255427	1.269414	-0.169601	-0.053367	0.076602	0.995633	0.455511	-0.885407	0.092537	0.888629	0.458460	0.012358
55960	9.249804	-0.495248	-2.275960	-0.237539	1.280017	-0.091154	-0.065106	0.071525	0.995312	0.453355	-0.886428	0.093355	0.888949	0.457308	0.025286
55961	8.891471	-0.929659	-2.172194	-0.126493	1.300190	-0.019229	-0.076687	0.065736	0.994886	0.452249	-0.886981	0.093466	0.888589	0.457104	0.038291
55962	8.906797	-1.180444	-2.062929	0.027150	1.324276	0.065912	-0.088095	0.059068	0.994359	0.452554	-0.886897	0.092778	0.887375	0.458175	0.051400
55963	9.071831	-1.248246	-1.828122	0.196971	1.383806	0.161723	-0.099564	0.051262	0.993710	0.454485	-0.886069	0.091246	0.885172	0.460711	0.064923
55964	9.423580	-1.300956	-1.507022	0.324912	1.462303	0.259142	-0.111251	0.042182	0.992897	0.457639	-0.884686	0.088862	0.882151	0.464274	0.079118
55965	9.598920	-1.410366	-1.089465	0.375707	1.555475	0.372989	-0.123169	0.031619	0.991882	0.461418	-0.883058	0.085447	0.878591	0.468197	0.094176
55966	9.512455	-1.637158	-0.779137	0.346632	1.613991	0.496233	-0.134967	0.019634	0.990656	0.465107	-0.881556	0.080838	0.874905	0.471672	0.109849
55967	9.159667	-1.637929	-0.387431	0.282457	1.650323	0.608570	-0.146473	0.006452	0.989194	0.468464	-0.880284	0.075109	0.871256	0.474403	0.125915
55968	8.829952	-1.453128	-0.134490	0.206013	1.657870	0.698241	-0.157553	-0.007592	0.987481	0.471327	-0.879299	0.068440	0.867772	0.476209	0.142115
55969	8.506830	-1.050063	0.095160	0.150947	1.640905	0.751778	-0.168150	-0.022036	0.985515	0.473893	-0.878452	0.061214	0.864379	0.477322	0.158155
55970	8.201963	-0.716219	0.200289	0.111057	1.582593	0.769379	-0.178095	-0.036371	0.983341	0.476193	-0.877695	0.053781	0.861117	0.477838	0.173633
55971	8.039159	-0.421247	0.131112	0.103747	1.465994	0.753194	-0.187039	-0.049999	0.981079	0.478496	-0.876856	0.046536	0.857938	0.478146	0.187931
55972	8.067551	-0.076234	-0.035392	0.128465	1.295714	0.711915	-0.194666	-0.062456	0.978879	0.480964	-0.875838	0.039766	0.854856	0.478547	0.200535
55973	8.124018	0.090754	-0.264749	0.184944	1.080211	0.659281	-0.200642	-0.073413	0.976910	0.483882	-0.874486	0.033666	0.851822	0.479464	0.210982
55974	8.234074	0.299451	-0.457487	0.270661	0.858152	0.610322	-0.204921	-0.082885	0.975263	0.487431	-0.872704	0.028249	0.848775	0.481162	0.219236
55975	8.156859	0.508551	-0.549014	0.319787	0.656510	0.566492	-0.207649	-0.091002	0.973961	0.491346	-0.870650	0.023406	0.845849	0.483412	0.225503
55976	7.821844	0.574354	-0.564645	0.324229	0.487218	0.527962	-0.209105	-0.097973	0.972973	0.495196	-0.868574	0.018964	0.843241	0.485778	0.230139
55977	7.428789	0.462501	-0.470337	0.330896	0.330417	0.505141	-0.209314	-0.103976	0.972305	0.499076	-0.866432	0.014785	0.840899	0.488348	0.233249
55978	7.198195	0.292961	-0.238881	0.416837	0.201699	0.487919	-0.208506	-0.109203	0.971905	0.503608	-0.863862	0.010977	0.838393	0.491748	0.235117
55979	7.340549	0.216240	0.220974	0.528036	0.086036	0.468310	-0.206794	-0.113678	0.971758	0.509037	-0.860711	0.007637	0.835535	0.496240	0.235856
55980	7.741566	0.246023	0.834240	0.599852	0.025793	0.434522	-0.204728	-0.117556	0.971734	0.514947	-0.857208	0.004790	0.832416	0.501372	0.236029
55981	8.353979	0.370258	1.666178	0.617495	0.020182	0.383717	-0.202846	-0.120951	0.971712	0.520895	-0.853617	0.002486	0.829169	0.506665	0.236156
55982	8.908350	0.471697	2.739375	0.635513	0.062881	0.334836	-0.201556	-0.124139	0.971578	0.526845	-0.849961	0.000696	0.825717	0.512012	0.236717
55983	9.364208	0.498931	3.867504	0.726081	0.166856	0.288667	-0.201338	-0.127456	0.971194	0.533442	-0.845836	-0.000416	0.821524	0.517992	0.238289
55984	10.261695	1.071524	5.982083	0.819582	0.323795	0.262622	-0.202524	-0.131373	0.970425	0.540700	-0.841215	-0.001040	0.816473	0.524498	0.241399
55985	11.046152	1.549658	8.123194	0.884066	0.569042	0.212893	-0.205931	-0.136172	0.969046	0.548361	-0.836241	-0.000978	0.810489	0.531186	0.246879
55986	10.787564	1.890347	8.857876	0.953733	0.694368	0.155252	-0.210624	-0.141192	0.967317	0.556397	-0.830917	-0.000133	0.803779	0.538184	0.253570
55987	10.314289	2.461228	8.831582	1.017215	0.719473	0.117752	-0.215659	-0.146074	0.965481	0.564822	-0.825212	0.001312	0.796534	0.545608	0.260470
55988	9.348373	3.432418	7.921512	1.022763	0.675774	0.062918	-0.220608	-0.150317	0.963710	0.573082	-0.819491	0.003366	0.789246	0.553028	0.266930
55989	8.839019	4.257780	6.958328	0.913891	0.597075	-0.007387	-0.225281	-0.153585	0.962112	0.580284	-0.814393	0.005871	0.782636	0.559621	0.272590
55990	8.936253	4.658854	6.160571	0.884592	0.605857	-0.155196	-0.230860	-0.155745	0.960441	0.586838	-0.809645	0.009766	0.776095	0.565878	0.278312
55991	8.427209	4.227905	5.707812	0.963212	0.773720	-0.304429	-0.238571	-0.157698	0.958236	0.593598	-0.804615	0.015371	0.768586	0.572474	0.285567
55992	7.449386	3.143746	4.193414	0.818991	0.721590	-0.312429	-0.245910	-0.159351	0.956104	0.599126	-0.800387	0.020697	0.761956	0.577916	0.292294
55993	7.093538	2.289706	3.100729	0.687603	0.612512	-0.281578	-0.252191	-0.160661	0.954247	0.603679	-0.796823	0.025386	0.756287	0.582461	0.297939
55994	6.983575	1.592704	1.971704	0.652658	0.504760	-0.264103	-0.257550	-0.161521	0.952669	0.607943	-0.793420	0.029834	0.751048	0.586853	0.302541
55995	6.802791	0.988949	1.241705	0.646657	0.399166	-0.232628	-0.261895	-0.162035	0.951397	0.612215	-0.789961	0.033987	0.746059	0.591360	0.306087
55996	6.206655	0.260599	0.073028	0.645009	0.089565	-0.175726	-0.263596	-0.161189	0.951071	0.616571	-0.786401	0.037606	0.741861	0.596315	0.306676
55997	5.619984	-0.273197	-3.139689	0.581704	-0.431513	-0.059860	-0.260708	-0.158138	0.952378	0.620758	-0.782986	0.039918	0.739386	0.601603	0.302296
55998	4.824951	-1.329021	-7.675799	0.290184	-1.200362	0.166656	-0.250742	-0.152202	0.956014	0.623351	-0.780961	0.039159	0.740650	0.605752	0.290694
55999	5.900776	-1.343429	-9.064904	-0.261475	-1.745613	0.463778	-0.234810	-0.145249	0.961128	0.622568	-0.781830	0.033944	0.746508	0.606338	0.274009
56000	7.864092	-0.533914	-8.435801	-0.523131	-1.964654	0.583898	-0.216388	-0.137927	0.966516	0.619982	-0.784154	0.026901	0.754187	0.605044	0.255194
56001	9.565505	-0.153920	-6.061609	-0.737871	-1.830238	0.578003	-0.198874	-0.131430	0.971172	0.615620	-0.787803	0.019451	0.762536	0.601741	0.237584
56002	13.540104	1.230102	-0.947661	-0.891812	-1.329976	0.488808	-0.185628	-0.127330	0.974335	0.609750	-0.792494	0.012602	0.770550	0.596440	0.224748
56003	19.640393	2.841766	9.420488	-0.843859	-0.300783	0.278437	-0.181549	-0.127763	0.975047	0.603768	-0.797120	0.007970	0.776211	0.590149	0.221856
56004	20.577060	-0.896915	12.363309	-0.599754	0.247452	0.281237	-0.181726	-0.131470	0.974521	0.599641	-0.800260	0.003859	0.779363	0.585064	0.224262
56005	16.793235	-5.449399	2.043984	-0.086269	-0.696661	0.626823	-0.172467	-0.132413	0.976075	0.600111	-0.799913	-0.002479	0.781103	0.585326	0.217421
56006	13.483664	-2.833071	-0.894449	0.617945	-1.581427	0.801015	-0.155236	-0.129497	0.979353	0.606270	-0.795207	-0.009049	0.779960	0.592348	0.201955
56007	10.968267	1.799157	-1.257460	0.980101	-1.878394	0.765927	-0.135875	-0.124343	0.982892	0.615046	-0.788354	-0.014709	0.776696	0.602525	0.183594
56008	8.089397	5.868030	-3.728140	0.820702	-1.971196	0.742475	-0.115938	-0.118216	0.986196	0.622367	-0.782453	-0.020627	0.774091	0.611385	0.164290
56009	6.349685	8.936082	-4.507603	0.208989	-1.839140	0.612209	-0.097814	-0.111724	0.988914	0.624670	-0.780443	-0.026385	0.774739	0.615164	0.146129
56010	6.352315	9.683985	-3.163479	-0.692790	-1.660960	0.461848	-0.081965	-0.105152	0.991073	0.619727	-0.784167	-0.031946	0.780526	0.611576	0.129440
56011	7.737909	6.975640	-2.131845	-1.686021	-1.580481	0.378227	-0.067154	-0.098566	0.992862	0.606781	-0.793971	-0.037780	0.792028	0.599912	0.113126
56012	10.117544	1.874082	-2.173317	-2.445209	-1.693302	0.451371	-0.050856	-0.092176	0.994443	0.587525	-0.807963	-0.044845	0.807606	0.581979	0.095245
56013	12.241245	-2.979868	-2.522617	-2.586932	-1.730431	0.624295	-0.033078	-0.087368	0.995627	0.566719	-0.822184	-0.053320	0.823247	0.562477	0.076709
56014	12.027525	-6.607654	-2.394793	-2.043699	-1.604251	0.773913	-0.015394	-0.084876	0.996273	0.549999	-0.832827	-0.062453	0.835024	0.546987	0.059503
56015	10.423923	-7.945909	-1.228076	-1.087230	-1.444377	0.827263	0.001287	-0.083951	0.996469	0.540973	-0.838012	-0.071300	0.841039	0.539155	0.044337
56016	8.854595	-7.062834	0.143162	-0.142084	-1.250429	0.757785	0.015963	-0.083567	0.996374	0.539745	-0.838119	-0.078942	0.841677	0.539048	0.031726
56017	7.587787	-5.166873	0.688055	0.520763	-1.074084	0.552967	0.028047	-0.082383	0.996206	0.544025	-0.834818	-0.084353	0.838600	0.544327	0.021404
56018	8.472773	-2.301149	1.167435	0.836002	-1.007178	0.357317	0.038487	-0.079843	0.996064	0.550924	-0.829923	-0.087812	0.833668	0.552135	0.012046
56019	9.111630	0.089426	1.550671	0.813660	-0.946049	0.242439	0.047758	-0.076597	0.995918	0.557608	-0.825189	-0.090206	0.828729	0.559640	0.003302
56020	10.087842	1.190525	2.107683	0.618375	-0.927132	0.183090	0.056511	-0.072896	0.995737	0.562650	-0.821551	-0.092076	0.824761	0.565455	-0.005412
56021	10.043878	0.896637	1.995364	0.262706	-0.919220	0.145452	0.064966	-0.068885	0.995507	0.564751	-0.819937	-0.093592	0.822700	0.568294	-0.014365
56022	10.020042	-0.188789	1.773539	-0.017650	-0.937339	0.105247	0.073330	-0.064425	0.995225	0.564558	-0.819946	-0.094676	0.822130	0.568805	-0.023755
56023	10.064968	-1.505120	1.507246	-0.157454	-0.934627	0.097149	0.081626	-0.059916	0.994860	0.563212	-0.820759	-0.095640	0.822271	0.568124	-0.033250
56024	9.900579	-2.429409	1.305797	-0.165174	-0.944406	0.125669	0.090158	-0.055593	0.994375	0.561770	-0.821603	-0.096868	0.822366	0.567343	-0.042844
56025	8.962009	-3.032378	0.902758	-0.106934	-0.930028	0.119667	0.098540	-0.051308	0.993809	0.560800	-0.822125	-0.098050	0.822066	0.566991	-0.052239
56026	9.948535	-2.676487	0.917089	-0.010258	-0.953671	0.089557	0.106937	-0.046643	0.993171	0.560645	-0.822120	-0.098976	0.821122	0.567401	-0.061765
56027	10.211621	-1.966297	-0.082856	0.008419	-0.924254	0.117959	0.115246	-0.042373	0.992433	0.560606	-0.821999	-0.100196	0.820024	0.567911	-0.070978
56028	9.748030	-1.176467	-0.705108	-0.033637	-0.922914	0.125950	0.123575	-0.038175	0.991601	0.560199	-0.822121	-0.101463	0.819089	0.568032	-0.080208
56029	9.222221	-0.498555	-1.096151	-0.090224	-0.908733	0.073167	0.131488	-0.033623	0.990747	0.559388	-0.822587	-0.102156	0.818411	0.567645	-0.089352
56030	9.500414	-0.081551	-1.293566	-0.184236	-0.920479	0.038643	0.139295	-0.028731	0.989834	0.557847	-0.823602	-0.102409	0.818171	0.566441	-0.098696
