// General information: 
//  MT Manager version: 2022.2.0 
//  XDA version: 2022.2.0 build 7381 rev 124627 built on 2023-07-19
// Device information: 
//  DeviceId: 00B4CB9F
//  ProductCode: MTW2-3A7G6
//  Firmware Version: 4.6.0
//  Hardware Version: 2.0.0
// Device settings: 
//  Filter Profile: human(46.1)
//  Option Flags: Orientation Smoother Disabled, Position/Velocity Smoother Disabled, Continuous Zero Rotation Update Disabled, AHS Disabled, ICC Disabled
// Coordinate system: ENU
PacketCounter	Acc_X	Acc_Y	Acc_Z	Gyr_X	Gyr_Y	Gyr_Z	Mat[1][1]	Mat[2][1]	Mat[3][1]	Mat[1][2]	Mat[2][2]	Mat[3][2]	Mat[1][3]	Mat[2][3]	Mat[3][3]
07111	9.084996	-0.627260	-3.606969	0.096528	-0.071494	-0.031169	0.355317	0.127432	0.926019	0.470154	-0.880595	-0.059219	0.807901	0.456413	-0.372803
07112	9.215982	-0.547818	-3.530714	0.095998	-0.074829	-0.030671	0.355848	0.128037	0.925732	0.471056	-0.880105	-0.059346	0.807142	0.457190	-0.373496
07113	9.206886	-0.433923	-3.448707	0.092427	-0.066858	-0.032417	0.356276	0.128608	0.925488	0.471920	-0.879636	-0.059435	0.806448	0.457931	-0.374086
07114	9.211508	-0.310786	-3.499322	0.073656	-0.067370	-0.023742	0.356778	0.129118	0.925223	0.472616	-0.879255	-0.059544	0.805819	0.458519	-0.374722
07115	9.226863	-0.197116	-3.441861	0.026459	-0.064114	-0.010495	0.357286	0.129486	0.924976	0.472876	-0.879112	-0.059590	0.805441	0.458690	-0.375325
07116	9.175403	-0.260081	-3.349310	-0.027618	-0.065913	0.012012	0.357944	0.129676	0.924695	0.472628	-0.879241	-0.059650	0.805294	0.458388	-0.376008
07117	9.239788	-0.457308	-3.357877	-0.071652	-0.068385	0.015278	0.358606	0.129840	0.924415	0.472021	-0.879573	-0.059568	0.805356	0.457704	-0.376707
07118	9.247826	-0.494828	-3.401592	-0.063253	-0.058865	0.016959	0.359230	0.129953	0.924157	0.471468	-0.879871	-0.059539	0.805401	0.457098	-0.377345
07119	9.253799	-0.515314	-3.398688	-0.067014	-0.050111	0.007431	0.359712	0.130097	0.923949	0.470905	-0.880182	-0.059399	0.805516	0.456459	-0.377875
07120	9.130227	-0.576260	-3.594945	-0.067771	-0.045596	0.008524	0.360190	0.130223	0.923745	0.470346	-0.880489	-0.059274	0.805629	0.455830	-0.378393
07121	9.025792	-0.704894	-3.843252	-0.058925	-0.045558	0.000361	0.360599	0.130409	0.923560	0.469881	-0.880749	-0.059098	0.805717	0.455274	-0.378874
07122	9.025875	-0.783754	-3.844145	-0.046311	-0.041306	-0.000323	0.361000	0.130592	0.923377	0.469526	-0.880947	-0.058973	0.805744	0.454839	-0.379339
07123	9.090752	-0.806442	-3.758180	-0.035134	-0.041654	-0.000499	0.361376	0.130767	0.923205	0.469250	-0.881100	-0.058879	0.805736	0.454492	-0.379771
07124	9.169113	-0.719471	-3.685398	-0.014041	-0.041513	-0.001193	0.361775	0.130959	0.923021	0.469159	-0.881149	-0.058868	0.805610	0.454341	-0.380219
07125	9.207641	-0.589051	-3.604076	-0.008167	-0.037055	-0.006724	0.362084	0.131168	0.922871	0.469127	-0.881170	-0.058819	0.805491	0.454241	-0.380592
07126	9.172234	-0.548989	-3.544822	-0.021950	-0.028138	-0.012062	0.362324	0.131394	0.922744	0.469011	-0.881241	-0.058677	0.805450	0.454038	-0.380920
07127	9.213858	-0.571115	-3.432611	-0.020961	-0.020802	-0.009277	0.362488	0.131552	0.922657	0.468883	-0.881317	-0.058555	0.805451	0.453844	-0.381150
07128	9.273777	-0.653104	-3.349392	-0.015133	-0.016021	-0.012973	0.362627	0.131731	0.922577	0.468825	-0.881356	-0.058430	0.805422	0.453716	-0.381362
07129	9.219360	-0.645199	-3.355486	0.009841	-0.013119	-0.026850	0.362648	0.132010	0.922529	0.469015	-0.881266	-0.058266	0.805302	0.453810	-0.381504
07130	9.167850	-0.525067	-3.505765	0.039627	-0.018687	-0.036774	0.362697	0.132411	0.922452	0.469485	-0.881025	-0.058131	0.805006	0.454162	-0.381710
07131	9.151910	-0.415691	-3.572586	0.037565	-0.013017	-0.034170	0.362682	0.132753	0.922409	0.469922	-0.880800	-0.058004	0.804758	0.454497	-0.381834
07132	9.166869	-0.384291	-3.583116	0.007994	-0.002339	-0.026920	0.362644	0.132993	0.922389	0.470101	-0.880715	-0.057839	0.804670	0.454592	-0.381907
07133	9.207588	-0.324313	-3.472024	-0.010238	-0.000024	-0.033758	0.362529	0.133273	0.922394	0.470152	-0.880708	-0.057535	0.804692	0.454524	-0.381941
07134	9.200326	-0.436045	-3.404741	-0.029258	0.000877	-0.029100	0.362455	0.133517	0.922388	0.470040	-0.880789	-0.057208	0.804791	0.454294	-0.382005
07135	9.155792	-0.629252	-3.517723	-0.026485	-0.002730	-0.039497	0.362331	0.133862	0.922387	0.469990	-0.880843	-0.056788	0.804876	0.454089	-0.382071
07136	9.112241	-0.592993	-3.609726	0.007167	-0.004701	-0.045621	0.362225	0.134278	0.922368	0.470230	-0.880737	-0.056447	0.804784	0.454172	-0.382166
07137	9.129937	-0.512010	-3.714666	0.021239	0.003846	-0.048695	0.362004	0.134673	0.922397	0.470595	-0.880563	-0.056125	0.804670	0.454392	-0.382143
07138	9.147183	-0.322302	-3.676254	0.020551	0.014436	-0.044776	0.361747	0.134994	0.922451	0.470939	-0.880396	-0.055843	0.804584	0.454620	-0.382055
07139	9.149422	-0.226512	-3.577942	-0.007498	0.022787	-0.033150	0.361451	0.135165	0.922542	0.471014	-0.880375	-0.055556	0.804674	0.454610	-0.381876
07140	9.121118	-0.354234	-3.530242	-0.048262	0.014373	-0.028326	0.361272	0.135342	0.922586	0.470745	-0.880543	-0.055163	0.804911	0.454232	-0.381827
07141	9.084341	-0.496347	-3.660667	-0.052574	0.000892	-0.024922	0.361191	0.135538	0.922589	0.470421	-0.880741	-0.054778	0.805137	0.453790	-0.381876
07142	9.201081	-0.460746	-3.691622	-0.054276	0.017114	-0.025822	0.361002	0.135680	0.922642	0.470094	-0.880939	-0.054386	0.805412	0.453362	-0.381804
07143	9.210489	-0.377412	-3.561167	-0.063546	0.045081	-0.022087	0.360576	0.135653	0.922813	0.469675	-0.881187	-0.053985	0.805847	0.452888	-0.381448
07144	9.171883	-0.394038	-3.499720	-0.082972	0.048363	-0.015949	0.360182	0.135567	0.922979	0.469081	-0.881528	-0.053574	0.806370	0.452249	-0.381102
07145	9.134074	-0.519457	-3.582034	-0.094925	0.027887	-0.006891	0.359967	0.135485	0.923075	0.468356	-0.881937	-0.053195	0.806887	0.451477	-0.380923
07146	9.216659	-0.610688	-3.620056	-0.080454	0.021392	-0.007521	0.359829	0.135448	0.923134	0.467752	-0.882277	-0.052873	0.807299	0.450823	-0.380825
07147	9.258899	-0.623370	-3.480497	-0.072499	0.033330	-0.004396	0.359582	0.135318	0.923250	0.467194	-0.882589	-0.052601	0.807732	0.450251	-0.380583
07148	9.195336	-0.706008	-3.347072	-0.079406	0.034808	-0.001821	0.359363	0.135170	0.923357	0.466577	-0.882931	-0.052336	0.808186	0.449624	-0.380359
07149	9.151210	-0.792013	-3.316127	-0.043956	0.016039	-0.010782	0.359221	0.135176	0.923411	0.466278	-0.883102	-0.052114	0.808421	0.449287	-0.380259
07150	9.241742	-0.612912	-3.373197	0.011867	0.008039	-0.016551	0.359150	0.135278	0.923424	0.466451	-0.883014	-0.052059	0.808353	0.449429	-0.380235
07151	9.280276	-0.409485	-3.311719	0.036598	0.018900	-0.029756	0.358899	0.135439	0.923498	0.466868	-0.882799	-0.051969	0.808224	0.449803	-0.380068
07152	9.146367	-0.479919	-3.369499	0.021329	0.010849	-0.028850	0.358747	0.135637	0.923528	0.467161	-0.882651	-0.051837	0.808122	0.450033	-0.380013
07153	9.101118	-0.693561	-3.606404	0.041916	-0.012099	-0.046913	0.358666	0.136088	0.923493	0.467684	-0.882388	-0.051609	0.807855	0.450413	-0.380129
07154	9.206920	-0.621339	-3.600163	0.077979	-0.008758	-0.057267	0.358540	0.136625	0.923463	0.468537	-0.881946	-0.051430	0.807417	0.451116	-0.380226
07155	9.321790	-0.313909	-3.416118	0.077952	0.023278	-0.058398	0.358121	0.137017	0.923567	0.469388	-0.881505	-0.051233	0.807109	0.451858	-0.379999
07156	9.253943	-0.142812	-3.192024	0.043586	0.023079	-0.044472	0.357796	0.137297	0.923651	0.469916	-0.881234	-0.051041	0.806945	0.452301	-0.379820
07157	9.268061	-0.166696	-3.128736	0.000968	0.000039	-0.032040	0.357688	0.137561	0.923654	0.470054	-0.881175	-0.050795	0.806913	0.452336	-0.379847
07158	9.356591	-0.171238	-3.016923	-0.010736	0.009651	-0.035250	0.357515	0.137821	0.923682	0.470111	-0.881162	-0.050482	0.806956	0.452281	-0.379820
07159	9.401378	-0.107718	-2.826511	-0.034210	0.029639	-0.024766	0.357201	0.137888	0.923793	0.469941	-0.881271	-0.050170	0.807195	0.452049	-0.379590
07160	9.266602	-0.169041	-2.860538	-0.055746	0.019473	-0.016903	0.357035	0.137942	0.923850	0.469569	-0.881487	-0.049855	0.807485	0.451611	-0.379495
07161	9.169368	-0.320272	-3.173697	-0.055428	-0.007747	-0.020220	0.357045	0.138136	0.923817	0.469201	-0.881703	-0.049503	0.807693	0.451131	-0.379621
07162	9.163605	-0.503747	-3.446292	-0.038952	-0.019236	-0.019802	0.357178	0.138389	0.923727	0.468975	-0.881838	-0.049225	0.807766	0.450787	-0.379875
07163	9.145116	-0.541506	-3.538347	-0.022956	-0.015338	-0.019934	0.357251	0.138615	0.923665	0.468870	-0.881907	-0.048999	0.807795	0.450584	-0.380055
07164	9.063927	-0.644621	-3.740295	0.002942	-0.017290	-0.025285	0.357343	0.138909	0.923586	0.469002	-0.881846	-0.048830	0.807678	0.450612	-0.380270
07165	9.037197	-0.661061	-3.840601	0.012199	-0.025974	-0.039609	0.357410	0.139355	0.923492	0.469250	-0.881729	-0.048556	0.807504	0.450704	-0.380531
07166	9.062507	-0.574717	-3.793084	0.028096	-0.021437	-0.036074	0.357484	0.139762	0.923402	0.469624	-0.881540	-0.048383	0.807254	0.450948	-0.380772
07167	9.132954	-0.528268	-3.676456	0.020083	-0.014139	-0.049706	0.357408	0.140245	0.923359	0.469971	-0.881373	-0.048046	0.807085	0.451124	-0.380921
07168	9.239250	-0.491553	-3.475727	0.001949	-0.005691	-0.040425	0.357334	0.140619	0.923330	0.470149	-0.881295	-0.047733	0.807014	0.451160	-0.381029
07169	9.386816	-0.405632	-3.185545	-0.022298	0.005658	-0.040050	0.357142	0.140928	0.923358	0.470124	-0.881331	-0.047324	0.807114	0.450994	-0.381014
07170	9.479198	-0.241359	-2.924318	-0.042570	0.032408	-0.032004	0.356800	0.141056	0.923470	0.469912	-0.881465	-0.046919	0.807388	0.450691	-0.380791
07171	9.368259	-0.201931	-2.861924	-0.087914	0.037524	-0.020520	0.356444	0.141050	0.923608	0.469286	-0.881824	-0.046441	0.807910	0.449990	-0.380514
07172	9.229470	-0.421601	-3.021555	-0.097456	0.016149	-0.018621	0.356297	0.141134	0.923653	0.468583	-0.882224	-0.045951	0.808383	0.449180	-0.380466
07173	9.175337	-0.503240	-3.123770	-0.077540	-0.008489	-0.027044	0.356282	0.141390	0.923619	0.468060	-0.882527	-0.045452	0.808692	0.448503	-0.380608
07174	9.207032	-0.546696	-3.287756	-0.057665	-0.014073	-0.034609	0.356304	0.141751	0.923555	0.467735	-0.882724	-0.044966	0.808871	0.448000	-0.380820
07175	9.185849	-0.592853	-3.479709	-0.029053	-0.012507	-0.041995	0.356251	0.142157	0.923513	0.467653	-0.882791	-0.044512	0.808941	0.447741	-0.380976
07176	9.091622	-0.574675	-3.646329	-0.007827	-0.013159	-0.048238	0.356203	0.142634	0.923458	0.467779	-0.882745	-0.044090	0.808889	0.447679	-0.381157
07177	9.070119	-0.621181	-3.838868	0.004334	-0.031533	-0.051232	0.356260	0.143208	0.923347	0.468007	-0.882645	-0.043678	0.808733	0.447693	-0.381473
07178	9.027997	-0.757230	-4.028598	0.039450	-0.047714	-0.058762	0.356441	0.143932	0.923165	0.468553	-0.882372	-0.043340	0.808337	0.447999	-0.381953
07179	9.042978	-0.796819	-4.016639	0.075783	-0.052044	-0.069776	0.356577	0.144762	0.922983	0.469424	-0.881924	-0.043031	0.807771	0.448614	-0.382428
07180	9.128099	-0.728191	-3.935433	0.091044	-0.056665	-0.080009	0.356729	0.145714	0.922774	0.470462	-0.881387	-0.042695	0.807100	0.449361	-0.382969
07181	9.188377	-0.594337	-3.878502	0.085676	-0.051550	-0.083395	0.356796	0.146660	0.922598	0.471456	-0.880874	-0.042299	0.806490	0.450057	-0.383436
07182	9.216412	-0.438126	-3.804405	0.079773	-0.037441	-0.092012	0.356734	0.147631	0.922467	0.472445	-0.880368	-0.041809	0.805938	0.450730	-0.383805
07183	9.307030	-0.180410	-3.450062	0.050965	-0.013006	-0.075405	0.356526	0.148334	0.922435	0.473133	-0.880020	-0.041355	0.805627	0.451178	-0.383932
07184	9.330551	0.044444	-3.112159	-0.008307	0.001490	-0.052322	0.356337	0.148780	0.922436	0.473270	-0.879968	-0.040894	0.805630	0.451133	-0.383978
07185	9.232597	0.057519	-2.990602	-0.066299	-0.003705	-0.041111	0.356215	0.149140	0.922425	0.472895	-0.880196	-0.040307	0.805904	0.450568	-0.384066
07186	9.240515	-0.105759	-3.008724	-0.108928	-0.014142	-0.043792	0.356192	0.149581	0.922362	0.472191	-0.880609	-0.039538	0.806327	0.449614	-0.384297
07187	9.224302	-0.360083	-3.100675	-0.116364	-0.022137	-0.043598	0.356207	0.150046	0.922281	0.471418	-0.881059	-0.038734	0.806772	0.448577	-0.384574
07188	9.277077	-0.532641	-3.270148	-0.094298	-0.021128	-0.048049	0.356222	0.150556	0.922192	0.470846	-0.881397	-0.037981	0.807100	0.447740	-0.384862
07189	9.213468	-0.674218	-3.456376	-0.066923	-0.006476	-0.050061	0.356081	0.151007	0.922173	0.470495	-0.881614	-0.037308	0.807367	0.447162	-0.384974
07190	9.039684	-0.733537	-3.676385	-0.018113	0.000006	-0.070353	0.355820	0.151619	0.922173	0.470617	-0.881577	-0.036643	0.807411	0.447028	-0.385037
07191	8.956251	-0.808150	-3.808108	0.025291	-0.006516	-0.089450	0.355494	0.152417	0.922168	0.471148	-0.881321	-0.035961	0.807244	0.447261	-0.385115
07192	8.961161	-0.685242	-3.875316	0.071846	-0.023984	-0.104528	0.355265	0.153437	0.922087	0.472117	-0.880828	-0.035327	0.806779	0.447883	-0.385368
07193	9.105718	-0.501198	-3.854160	0.077340	-0.041808	-0.110379	0.355123	0.154577	0.921951	0.473144	-0.880303	-0.034654	0.806240	0.448522	-0.385753
07194	9.145209	-0.444658	-3.769131	0.062278	-0.044554	-0.110187	0.355031	0.155739	0.921791	0.474055	-0.879841	-0.033932	0.805745	0.449026	-0.386200
07195	9.150756	-0.358628	-3.644487	0.054877	-0.040438	-0.104305	0.354905	0.156818	0.921656	0.474874	-0.879426	-0.033229	0.805318	0.449463	-0.386582
07196	9.203048	-0.263357	-3.546700	0.023273	-0.049977	-0.099841	0.354904	0.157913	0.921470	0.475433	-0.879153	-0.032452	0.804989	0.449615	-0.387092
07197	9.190318	-0.217959	-3.513478	0.006356	-0.054258	-0.080928	0.354999	0.158848	0.921273	0.475780	-0.878990	-0.031777	0.804742	0.449604	-0.387617
07198	9.173378	-0.092517	-3.482743	-0.007938	-0.043022	-0.071528	0.355075	0.159663	0.921102	0.475988	-0.878900	-0.031141	0.804585	0.449491	-0.388073
07199	9.142443	-0.137421	-3.443871	-0.024769	-0.036214	-0.065576	0.355097	0.160383	0.920969	0.476034	-0.878898	-0.030488	0.804548	0.449239	-0.388441
07200	9.177649	-0.140333	-3.363897	-0.036330	-0.033944	-0.065680	0.355128	0.161105	0.920831	0.475993	-0.878944	-0.029795	0.804559	0.448890	-0.388822
07201	9.247976	-0.039997	-3.344021	-0.053299	-0.032282	-0.057080	0.355159	0.161732	0.920709	0.475778	-0.879084	-0.029109	0.804672	0.448391	-0.389163
07202	9.213013	-0.038984	-3.476248	-0.071044	-0.032512	-0.052047	0.355243	0.162327	0.920571	0.475409	-0.879306	-0.028406	0.804853	0.447739	-0.389540
07203	9.196368	-0.137224	-3.520299	-0.059174	-0.018741	-0.056173	0.355170	0.162886	0.920501	0.475141	-0.879473	-0.027705	0.805044	0.447208	-0.389756
07204	9.154519	-0.122549	-3.681911	-0.059484	-0.011204	-0.057336	0.355058	0.163432	0.920447	0.474883	-0.879634	-0.026999	0.805245	0.446691	-0.389933
07205	9.112579	-0.107352	-3.843583	-0.071109	-0.020452	-0.059431	0.354985	0.164026	0.920370	0.474528	-0.879850	-0.026220	0.805487	0.446049	-0.390168
07206	9.093115	-0.084019	-4.007491	-0.069563	-0.022064	-0.038336	0.355051	0.164453	0.920268	0.474121	-0.880086	-0.025649	0.805697	0.445425	-0.390446
07207	9.147189	0.001637	-3.929772	-0.086246	-0.004415	-0.033953	0.354970	0.164752	0.920246	0.473555	-0.880408	-0.025047	0.806065	0.444678	-0.390538
07208	9.243794	0.128327	-3.784408	-0.133891	0.018476	-0.010337	0.354843	0.164753	0.920295	0.472530	-0.880974	-0.024482	0.806723	0.443555	-0.390458
07209	9.183488	0.079998	-3.482338	-0.210041	0.027359	0.015209	0.354738	0.164478	0.920385	0.470790	-0.881923	-0.023849	0.807786	0.441768	-0.390286
07210	9.030214	-0.161321	-3.300590	-0.262087	0.020284	0.018544	0.354732	0.164216	0.920434	0.468623	-0.883097	-0.023051	0.809047	0.439514	-0.390218
07211	9.032530	-0.524850	-3.407513	-0.239996	-0.014193	0.000681	0.354893	0.164253	0.920365	0.466691	-0.884142	-0.022168	0.810093	0.437393	-0.390432
07212	9.085330	-0.496826	-3.646316	-0.142479	-0.023986	-0.021740	0.355057	0.164542	0.920250	0.465632	-0.884718	-0.021465	0.810631	0.436119	-0.390741
07213	9.237617	-0.233274	-3.803249	-0.057515	-0.008907	-0.047766	0.354950	0.164982	0.920213	0.465342	-0.884885	-0.020847	0.810843	0.435613	-0.390863
07214	9.236991	-0.054152	-3.628961	-0.024908	0.012641	-0.055749	0.354659	0.165411	0.920248	0.465356	-0.884891	-0.020290	0.810963	0.435439	-0.390810
07215	9.239829	-0.030853	-3.504747	-0.024010	0.007871	-0.058665	0.354366	0.165875	0.920277	0.465375	-0.884894	-0.019702	0.811080	0.435256	-0.390771
07216	9.124702	-0.143089	-3.548972	-0.028606	-0.008776	-0.053142	0.354261	0.166374	0.920228	0.465349	-0.884920	-0.019155	0.811141	0.435013	-0.390915
07217	9.121953	-0.154258	-3.673308	0.003473	-0.013832	-0.066705	0.354107	0.167004	0.920173	0.465622	-0.884788	-0.018601	0.811052	0.435039	-0.391070
07218	9.095900	0.097997	-3.808746	0.042432	0.009395	-0.072173	0.353765	0.167593	0.920197	0.466239	-0.884472	-0.018157	0.810846	0.435455	-0.391033
07219	9.109026	0.356096	-3.736579	0.024018	0.018419	-0.070368	0.353330	0.168115	0.920269	0.466694	-0.884243	-0.017650	0.810774	0.435721	-0.390888
07220	9.139471	0.522254	-3.554778	-0.019042	0.016661	-0.064798	0.352963	0.168606	0.920320	0.466787	-0.884206	-0.017033	0.810880	0.435605	-0.390796
07221	9.180125	0.445389	-3.445215	-0.085423	0.020525	-0.052026	0.352597	0.168958	0.920396	0.466289	-0.884483	-0.016267	0.811326	0.434907	-0.390649
07222	9.196298	0.210783	-3.438169	-0.124720	0.034111	-0.038769	0.352210	0.169144	0.920510	0.465432	-0.884948	-0.015477	0.811986	0.433886	-0.390413
07223	9.099582	0.032490	-3.610632	-0.149061	0.033609	-0.027019	0.351855	0.169217	0.920632	0.464324	-0.885543	-0.014692	0.812774	0.432641	-0.390154
07224	9.083369	0.000465	-3.698649	-0.146401	0.031645	-0.015097	0.351598	0.169205	0.920733	0.463205	-0.886140	-0.014036	0.813523	0.431423	-0.389942
07225	9.148920	-0.076409	-3.613143	-0.150456	0.035574	-0.006790	0.351321	0.169092	0.920859	0.462017	-0.886769	-0.013434	0.814318	0.430172	-0.389664
07226	9.123794	-0.188947	-3.521089	-0.152002	0.043667	-0.009914	0.350990	0.168983	0.921005	0.460831	-0.887395	-0.012804	0.815132	0.428922	-0.389339
07227	9.140405	-0.160234	-3.549986	-0.122359	0.034264	-0.013852	0.350690	0.168938	0.921128	0.459888	-0.887892	-0.012245	0.815794	0.427910	-0.389067
07228	9.154563	-0.065881	-3.625842	-0.105315	0.043980	-0.022167	0.350299	0.168937	0.921277	0.459125	-0.888295	-0.011685	0.816391	0.427074	-0.388733
07229	9.054362	-0.090003	-3.747248	-0.099063	0.034712	-0.018141	0.349976	0.168930	0.921401	0.458389	-0.888681	-0.011179	0.816943	0.426273	-0.388453
07230	9.012262	-0.324068	-3.824665	-0.097852	0.022703	-0.018164	0.349778	0.168985	0.921466	0.457672	-0.889057	-0.010685	0.817430	0.425466	-0.388312
07231	8.975112	-0.638800	-3.903159	-0.075346	0.009832	-0.028273	0.349613	0.169173	0.921494	0.457160	-0.889326	-0.010178	0.817787	0.424829	-0.388259
07232	9.108940	-0.382384	-3.975181	-0.000441	0.002143	-0.041382	0.349477	0.169522	0.921482	0.457320	-0.889248	-0.009849	0.817756	0.424853	-0.388297
07233	9.239297	0.124899	-3.793602	0.015918	0.015383	-0.040970	0.349208	0.169800	0.921532	0.457601	-0.889106	-0.009580	0.817713	0.425039	-0.388184
07234	9.349052	0.455224	-3.375633	-0.024043	0.032194	-0.033709	0.348861	0.169953	0.921635	0.457540	-0.889141	-0.009229	0.817895	0.424905	-0.387947
07235	9.393622	0.354231	-2.924811	-0.093290	0.045098	-0.022394	0.348435	0.169939	0.921799	0.456861	-0.889496	-0.008707	0.818457	0.424168	-0.387570
07236	9.350971	0.149681	-2.831224	-0.118564	0.037773	-0.009853	0.348151	0.169857	0.921922	0.455943	-0.889971	-0.008210	0.819089	0.423202	-0.387289
07237	9.235922	-0.002239	-3.144923	-0.104350	0.027624	-0.013991	0.347905	0.169843	0.922017	0.455143	-0.890385	-0.007723	0.819638	0.422337	-0.387072
07238	9.200788	0.249667	-3.428218	-0.028520	0.020995	-0.028995	0.347672	0.170003	0.922076	0.455029	-0.890446	-0.007399	0.819801	0.422144	-0.386939
07239	9.249500	0.647440	-3.547374	-0.006351	0.021449	-0.039117	0.347362	0.170239	0.922149	0.455120	-0.890402	-0.007060	0.819881	0.422141	-0.386771
07240	9.172839	0.779061	-3.563668	-0.022935	0.043882	-0.038728	0.346896	0.170388	0.922296	0.455085	-0.890423	-0.006668	0.820098	0.422036	-0.386426
07241	9.097218	0.571810	-3.600579	-0.068779	0.033561	-0.026740	0.346543	0.170464	0.922415	0.454621	-0.890663	-0.006201	0.820504	0.421498	-0.386150
07242	8.965042	0.257339	-3.967950	-0.092026	0.009990	-0.013684	0.346470	0.170534	0.922430	0.453932	-0.891018	-0.005773	0.820917	0.420720	-0.386121
07243	8.968828	0.070251	-4.291740	-0.089405	-0.003548	-0.004070	0.346525	0.170563	0.922404	0.453218	-0.891383	-0.005436	0.821288	0.419934	-0.386189
07244	8.918993	-0.224694	-4.457902	-0.097306	0.008352	0.017558	0.346606	0.170362	0.922411	0.452377	-0.891811	-0.005275	0.821717	0.419106	-0.386175
07245	8.821732	-0.472226	-4.667214	-0.085465	0.021813	0.024863	0.346583	0.170028	0.922481	0.451596	-0.892207	-0.005220	0.822157	0.418398	-0.386007
07246	8.925890	-0.376911	-4.508614	-0.031240	0.034614	0.032314	0.346514	0.169584	0.922588	0.451246	-0.892383	-0.005451	0.822378	0.418203	-0.385748
07247	9.135510	0.083856	-4.122414	-0.024657	0.057915	0.045084	0.346286	0.168919	0.922796	0.450894	-0.892559	-0.005818	0.822667	0.418098	-0.385245
07248	9.244442	0.351583	-3.604779	-0.053869	0.065032	0.062646	0.346104	0.168077	0.923018	0.450253	-0.892879	-0.006242	0.823095	0.417752	-0.384706
07249	9.285634	0.437492	-3.214389	-0.104503	0.056481	0.077531	0.346032	0.167129	0.923217	0.449135	-0.893439	-0.006603	0.823735	0.416934	-0.384222
07250	9.292896	0.353385	-3.209585	-0.190817	0.042720	0.095837	0.346180	0.166084	0.923350	0.447250	-0.894383	-0.006808	0.824698	0.415325	-0.383899
07251	9.266873	0.023982	-3.158560	-0.188599	0.037190	0.093267	0.346335	0.165073	0.923473	0.445373	-0.895318	-0.006990	0.825649	0.413711	-0.383599
07252	9.275224	-0.259796	-3.095271	-0.141475	0.034981	0.092471	0.346527	0.164089	0.923576	0.443903	-0.896045	-0.007355	0.826359	0.412527	-0.383344
07253	9.311254	-0.218153	-3.078461	-0.063473	0.034144	0.076860	0.346631	0.163238	0.923689	0.443118	-0.896429	-0.007867	0.826737	0.412030	-0.383063
07254	9.388984	-0.065352	-2.938890	-0.014670	0.040625	0.065742	0.346656	0.162470	0.923814	0.442788	-0.896586	-0.008472	0.826903	0.411991	-0.382747
07255	9.428620	0.054790	-2.766062	0.025058	0.042226	0.055895	0.346599	0.161773	0.923958	0.442807	-0.896570	-0.009130	0.826916	0.412300	-0.382385
07256	9.456325	0.211237	-2.554135	0.021522	0.031900	0.043667	0.346599	0.161239	0.924051	0.442853	-0.896542	-0.009669	0.826892	0.412570	-0.382146
07257	9.303454	0.177169	-2.707143	0.022006	0.000327	0.032766	0.346785	0.160923	0.924037	0.442931	-0.896499	-0.010102	0.826772	0.412787	-0.382170
07258	9.313350	0.243770	-3.010391	0.057406	-0.033656	0.013749	0.347195	0.160928	0.923882	0.443376	-0.896274	-0.010502	0.826362	0.413274	-0.382533
07259	9.344870	0.493373	-3.037065	0.092294	-0.030059	0.008627	0.347525	0.160953	0.923754	0.444115	-0.895903	-0.010980	0.825826	0.414068	-0.382830
07260	9.387752	0.727452	-2.956600	0.088187	-0.031946	0.015821	0.347929	0.160933	0.923605	0.444806	-0.895553	-0.011517	0.825283	0.414833	-0.383173
07261	9.442404	0.924897	-2.916520	0.058224	-0.044225	0.037694	0.348506	0.160757	0.923418	0.445160	-0.895369	-0.012134	0.824849	0.415298	-0.383603
07262	9.496176	1.107466	-3.000330	-0.010300	-0.040655	0.065480	0.349203	0.160329	0.923229	0.444865	-0.895507	-0.012752	0.824713	0.415166	-0.384038
07263	9.307385	0.944682	-3.248728	-0.098595	-0.032362	0.097549	0.349946	0.159568	0.923080	0.443718	-0.896067	-0.013318	0.825016	0.414248	-0.384378
07264	9.175317	0.823520	-3.607732	-0.130820	-0.038294	0.112809	0.350832	0.158704	0.922892	0.442262	-0.896778	-0.013910	0.825422	0.413040	-0.384807
07265	9.008536	0.158111	-4.085671	-0.216252	-0.056395	0.128306	0.351906	0.157764	0.922644	0.440031	-0.897868	-0.014305	0.826156	0.411027	-0.385386
07266	8.729801	-1.068620	-4.737331	-0.189495	-0.086364	0.124593	0.353237	0.156987	0.922268	0.438045	-0.898832	-0.014777	0.826644	0.409214	-0.386268
07267	8.532523	-1.953406	-5.284865	-0.032178	-0.066633	0.097762	0.354259	0.156359	0.921983	0.437438	-0.899113	-0.015599	0.826528	0.408837	-0.386916
07268	8.520586	-2.048967	-5.543781	0.130250	-0.032869	0.077159	0.354938	0.155789	0.921818	0.438259	-0.898690	-0.016867	0.825801	0.409982	-0.387256
07269	8.981787	-1.091172	-4.708399	0.162173	0.028319	0.082987	0.355112	0.154905	0.921900	0.439309	-0.898149	-0.018306	0.825168	0.411500	-0.386995
07270	9.287772	-0.149978	-3.566751	0.116398	0.101874	0.075226	0.354673	0.153799	0.922254	0.440021	-0.897776	-0.019503	0.824978	0.412728	-0.386091
07271	9.376474	0.273681	-2.840122	-0.000238	0.096693	0.066279	0.354211	0.152783	0.922601	0.439789	-0.897875	-0.020158	0.825300	0.412890	-0.385229
07272	9.284464	-0.237383	-2.762214	-0.089672	0.046340	0.055363	0.354141	0.152084	0.922743	0.438872	-0.898319	-0.020377	0.825818	0.412182	-0.384877
07273	9.162136	-0.847524	-2.966483	-0.048118	0.013931	0.025631	0.354182	0.151774	0.922778	0.438390	-0.898552	-0.020474	0.826056	0.411788	-0.384787
07274	9.263700	-0.805546	-3.203152	0.105786	-0.008240	0.007480	0.354353	0.151730	0.922720	0.439256	-0.898117	-0.021004	0.825523	0.412753	-0.384899
07275	9.313737	-0.328696	-3.294958	0.245986	-0.004005	-0.010065	0.354386	0.151814	0.922693	0.441325	-0.897080	-0.021903	0.824404	0.414970	-0.384912
07276	9.392151	0.049452	-3.048816	0.291232	0.021898	-0.018394	0.354195	0.151877	0.922756	0.443808	-0.895829	-0.022908	0.823153	0.417640	-0.384702
07277	9.331457	0.105150	-2.788125	0.300286	0.027482	-0.028853	0.353883	0.151999	0.922856	0.446389	-0.894521	-0.023842	0.821890	0.420390	-0.384407
07278	9.257356	0.022326	-2.767602	0.267208	-0.003575	-0.025199	0.353870	0.152229	0.922823	0.448691	-0.893346	-0.024690	0.820641	0.422800	-0.384432
07279	9.236555	-0.167787	-2.968566	0.242577	-0.038249	-0.033083	0.354079	0.152665	0.922671	0.450804	-0.892263	-0.025364	0.819392	0.424925	-0.384753
07280	9.195575	-0.240802	-3.208654	0.244813	-0.037944	-0.047605	0.354244	0.153242	0.922512	0.452995	-0.891136	-0.025920	0.818111	0.427076	-0.385098
07281	9.144953	-0.086493	-3.496357	0.249848	-0.034813	-0.054615	0.354324	0.153856	0.922379	0.455240	-0.889977	-0.026425	0.816830	0.429267	-0.385381
07282	9.169549	0.043509	-3.541212	0.214795	-0.037344	-0.043907	0.354498	0.154398	0.922221	0.457167	-0.888974	-0.026901	0.815677	0.431146	-0.385726
07283	9.131161	0.001614	-3.534205	0.160871	-0.034136	-0.031066	0.354678	0.154800	0.922085	0.458593	-0.888228	-0.027281	0.814798	0.432537	-0.386025
07284	9.145234	-0.119208	-3.575839	0.120886	-0.052185	-0.007787	0.355138	0.155086	0.921860	0.459623	-0.887681	-0.027729	0.814017	0.433556	-0.386530
07285	9.165944	-0.080526	-3.798967	0.066129	-0.050606	0.016289	0.355668	0.155141	0.921646	0.460110	-0.887415	-0.028180	0.813511	0.434081	-0.387007
07286	9.169893	0.141023	-4.031068	0.005561	-0.029737	0.042453	0.356175	0.154884	0.921493	0.460022	-0.887445	-0.028646	0.813338	0.434110	-0.387336
07287	9.236959	0.311096	-4.007556	-0.100208	0.013082	0.070526	0.356436	0.154181	0.921511	0.458964	-0.887983	-0.028954	0.813821	0.433261	-0.387272
07288	9.266160	0.250185	-3.494618	-0.208543	0.046070	0.109154	0.356630	0.153003	0.921632	0.456895	-0.889041	-0.029206	0.814900	0.431504	-0.386965
07289	9.231185	-0.171795	-3.227352	-0.298115	0.044051	0.136747	0.356937	0.151576	0.921749	0.453981	-0.890528	-0.029357	0.816393	0.428935	-0.386675
07290	9.151137	-0.672683	-3.300585	-0.312425	0.025712	0.135815	0.357412	0.150246	0.921783	0.450961	-0.892058	-0.029455	0.817858	0.426215	-0.386587
07291	9.066630	-1.180436	-3.477882	-0.266793	0.025649	0.117988	0.357775	0.149062	0.921834	0.448360	-0.893364	-0.029555	0.819128	0.423887	-0.386457
07292	9.017597	-1.413242	-3.536145	-0.159594	0.028696	0.090997	0.358017	0.148117	0.921892	0.446744	-0.894164	-0.029831	0.819904	0.422530	-0.386297
07293	9.172208	-0.975155	-3.459819	-0.021584	0.026870	0.061113	0.358113	0.147436	0.921964	0.446357	-0.894340	-0.030358	0.820074	0.422397	-0.386084
07294	9.318689	-0.074250	-3.297870	0.047577	0.031235	0.030437	0.358063	0.147021	0.922050	0.446656	-0.894173	-0.030875	0.819932	0.422895	-0.385838
07295	9.266965	0.296135	-3.185898	-0.006927	0.013587	0.023549	0.358099	0.146732	0.922082	0.446523	-0.894231	-0.031111	0.819989	0.422871	-0.385742
07296	9.112956	-0.153661	-3.285247	-0.076811	-0.035575	0.024434	0.358570	0.146653	0.921911	0.445823	-0.894581	-0.031094	0.820164	0.422159	-0.386151
07297	9.180927	-0.511305	-3.454844	-0.060216	-0.053590	0.017830	0.359133	0.146697	0.921685	0.445268	-0.894858	-0.031071	0.820220	0.421555	-0.386693
07298	9.293278	-0.381186	-3.365139	-0.011646	-0.033748	0.010455	0.359526	0.146735	0.921526	0.445153	-0.894912	-0.031175	0.820110	0.421428	-0.387064
07299	9.124976	-0.278356	-3.358528	-0.016068	-0.021583	0.008241	0.359783	0.146730	0.921426	0.444997	-0.894987	-0.031235	0.820081	0.421270	-0.387296
07300	9.040697	-0.296302	-3.565747	-0.019266	-0.046783	-0.000092	0.360237	0.146918	0.921219	0.444857	-0.895057	-0.031213	0.819958	0.421055	-0.387790
07301	9.129146	-0.217981	-3.769012	-0.006550	-0.055711	-0.000947	0.360733	0.147138	0.920990	0.444812	-0.895079	-0.031225	0.819764	0.420932	-0.388333
07302	9.208109	-0.147519	-3.739076	-0.007607	-0.031504	-0.008074	0.361025	0.147333	0.920844	0.444797	-0.895089	-0.031175	0.819644	0.420844	-0.388683
07303	9.193638	-0.095905	-3.655475	-0.030486	-0.015457	0.007400	0.361228	0.147309	0.920768	0.444523	-0.895225	-0.031170	0.819703	0.420562	-0.388863
07304	9.187015	-0.147172	-3.640797	-0.074905	-0.009110	0.021317	0.361468	0.147146	0.920700	0.443850	-0.895560	-0.031128	0.819963	0.419904	-0.389027
07305	9.187119	-0.272212	-3.525841	-0.103680	-0.009444	0.038239	0.361758	0.146820	0.920638	0.442865	-0.896048	-0.031122	0.820367	0.418978	-0.389174
07306	9.260045	-0.247084	-3.453411	-0.109955	0.000768	0.039855	0.361998	0.146449	0.920603	0.441837	-0.896556	-0.031115	0.820815	0.418020	-0.389258
07307	9.245917	-0.217832	-3.514441	-0.111636	0.003992	0.041133	0.362189	0.146041	0.920593	0.440778	-0.897077	-0.031105	0.821300	0.417043	-0.389283
07308	9.150720	-0.317203	-3.539957	-0.105430	0.006536	0.036023	0.362364	0.145680	0.920581	0.439799	-0.897558	-0.031079	0.821747	0.416133	-0.389313
07309	9.104621	-0.480361	-3.568932	-0.083302	0.000715	0.022813	0.362502	0.145450	0.920563	0.439038	-0.897933	-0.031012	0.822094	0.415404	-0.389360
07310	9.064555	-0.591779	-3.614067	-0.039102	-0.004549	0.016151	0.362680	0.145313	0.920515	0.438676	-0.898108	-0.031061	0.822208	0.415073	-0.389471
07311	9.062315	-0.605741	-3.738588	0.010985	-0.011740	-0.002666	0.362808	0.145362	0.920456	0.438781	-0.898055	-0.031126	0.822096	0.415172	-0.389604
07312	9.121444	-0.493056	-3.796717	0.049539	-0.016461	-0.006399	0.362985	0.145478	0.920368	0.439230	-0.897829	-0.031314	0.821778	0.415620	-0.389797
07313	9.165733	-0.323279	-3.745723	0.068662	-0.017957	-0.016841	0.363102	0.145681	0.920290	0.439862	-0.897514	-0.031473	0.821388	0.416228	-0.389968
07314	9.209390	-0.212626	-3.625943	0.071160	-0.025642	-0.019242	0.363297	0.145950	0.920171	0.440534	-0.897179	-0.031627	0.820941	0.416856	-0.390238
07315	9.182982	-0.207272	-3.580424	0.068568	-0.029695	-0.020905	0.363492	0.146238	0.920048	0.441178	-0.896858	-0.031749	0.820509	0.417445	-0.390518
07316	9.145293	-0.312761	-3.527162	0.067188	-0.034311	-0.020454	0.363753	0.146554	0.919894	0.441821	-0.896537	-0.031876	0.820047	0.418024	-0.390869
07317	9.131360	-0.291303	-3.613965	0.081245	-0.026165	-0.027182	0.363892	0.146884	0.919787	0.442589	-0.896154	-0.031990	0.819572	0.418728	-0.391112
07318	9.135626	-0.085417	-3.577614	0.086845	-0.026430	-0.028260	0.364053	0.147237	0.919667	0.443421	-0.895737	-0.032123	0.819050	0.419494	-0.391384
07319	9.178289	0.092567	-3.504986	0.059232	-0.020879	-0.017584	0.364190	0.147459	0.919577	0.443972	-0.895461	-0.032240	0.818691	0.420008	-0.391585
07320	9.255583	0.029001	-3.457516	0.012853	-0.021943	0.000880	0.364443	0.147533	0.919465	0.444092	-0.895397	-0.032351	0.818513	0.420117	-0.391840
07321	9.245019	-0.236927	-3.504700	-0.013668	-0.010239	0.007091	0.364602	0.147490	0.919409	0.443961	-0.895460	-0.032410	0.818513	0.419998	-0.391966
07322	9.179433	-0.343139	-3.501635	0.008379	-0.009499	0.000499	0.364752	0.147515	0.919345	0.444046	-0.895415	-0.032501	0.818401	0.420086	-0.392108
07323	9.163628	-0.307456	-3.540093	0.036853	-0.007489	-0.005416	0.364833	0.147571	0.919304	0.444368	-0.895250	-0.032641	0.818189	0.420418	-0.392193
07324	9.090207	-0.274563	-3.683309	0.056163	-0.009972	-0.008167	0.364949	0.147676	0.919241	0.444875	-0.894990	-0.032840	0.817862	0.420932	-0.392323
07325	9.070662	-0.306313	-3.752452	0.067308	-0.010228	-0.008529	0.365038	0.147772	0.919190	0.445459	-0.894691	-0.033072	0.817504	0.421534	-0.392423
07326	9.067974	-0.234319	-3.776608	0.080335	-0.014821	-0.017441	0.365152	0.147981	0.919111	0.446197	-0.894316	-0.033280	0.817051	0.422257	-0.392589
07327	9.110975	-0.203961	-3.733657	0.065194	-0.004780	-0.020784	0.365142	0.148163	0.919086	0.446805	-0.894008	-0.033390	0.816723	0.422845	-0.392640
07328	9.086630	-0.205830	-3.709470	0.059293	-0.008835	-0.011606	0.365232	0.148294	0.919029	0.447350	-0.893729	-0.033570	0.816385	0.423388	-0.392758
07329	9.141680	-0.130554	-3.628811	0.051604	-0.009272	-0.012555	0.365294	0.148424	0.918983	0.447824	-0.893487	-0.033703	0.816097	0.423854	-0.392853
07330	9.222246	-0.061071	-3.595739	0.024241	0.000883	-0.008174	0.365320	0.148483	0.918963	0.448069	-0.893361	-0.033777	0.815951	0.424098	-0.392893
07331	9.145229	-0.064772	-3.598600	0.000739	0.002111	0.005445	0.365371	0.148403	0.918956	0.448058	-0.893362	-0.033875	0.815934	0.424123	-0.392902
07332	9.198173	-0.121508	-3.500611	-0.028934	0.006669	0.012155	0.365441	0.148256	0.918952	0.447795	-0.893492	-0.033927	0.816047	0.423901	-0.392907
07333	9.234359	-0.135491	-3.417114	-0.022119	0.006017	0.028183	0.365562	0.147957	0.918952	0.447519	-0.893622	-0.034145	0.816144	0.423731	-0.392888
07334	9.292198	-0.134642	-3.311757	-0.050192	0.007930	0.037357	0.365734	0.147580	0.918945	0.446990	-0.893879	-0.034345	0.816357	0.423320	-0.392889
07335	9.177573	-0.325761	-3.334651	-0.051284	0.001782	0.041823	0.365948	0.147177	0.918924	0.446425	-0.894153	-0.034573	0.816570	0.422883	-0.392917
07336	9.156860	-0.439008	-3.480430	-0.023976	-0.008264	0.024262	0.366194	0.146985	0.918857	0.446158	-0.894279	-0.034755	0.816606	0.422683	-0.393058
07337	9.171018	-0.410574	-3.489938	0.012668	-0.008493	0.015986	0.366377	0.146855	0.918804	0.446207	-0.894245	-0.034997	0.816497	0.422799	-0.393159
07338	9.146922	-0.354451	-3.535461	0.020243	-0.001353	0.010380	0.366504	0.146758	0.918769	0.446352	-0.894164	-0.035226	0.816360	0.423005	-0.393221
07339	9.099618	-0.365448	-3.509897	0.014404	-0.011991	0.012937	0.366703	0.146670	0.918704	0.446425	-0.894119	-0.035446	0.816231	0.423131	-0.393353
07340	9.158067	-0.313158	-3.499877	0.014541	-0.024999	0.014730	0.367042	0.146634	0.918574	0.446507	-0.894068	-0.035692	0.816034	0.423251	-0.393634
07341	9.188838	-0.181115	-3.465850	0.003258	-0.023885	0.020609	0.367372	0.146529	0.918459	0.446465	-0.894079	-0.035940	0.815909	0.423263	-0.393879
07342	9.257982	-0.135629	-3.325268	-0.016809	-0.017193	0.022688	0.367683	0.146389	0.918357	0.446262	-0.894172	-0.036136	0.815880	0.423114	-0.394100
07343	9.196874	-0.183277	-3.315623	-0.044296	-0.024782	0.020105	0.368017	0.146291	0.918239	0.445830	-0.894386	-0.036192	0.815965	0.422698	-0.394371
07344	9.223379	-0.263382	-3.342822	-0.053750	-0.027729	0.019274	0.368399	0.146226	0.918096	0.445338	-0.894630	-0.036210	0.816061	0.422203	-0.394701
07345	9.215166	-0.307889	-3.305833	-0.062210	-0.017658	0.022446	0.368685	0.146078	0.918005	0.444756	-0.894919	-0.036216	0.816250	0.421640	-0.394912
07346	9.187480	-0.441816	-3.267053	-0.062298	-0.017093	0.026134	0.369010	0.145906	0.917901	0.444168	-0.895209	-0.036264	0.816423	0.421085	-0.395148
07347	9.197220	-0.478673	-3.308896	-0.048411	-0.032610	0.024432	0.369427	0.145802	0.917750	0.443690	-0.895443	-0.036343	0.816494	0.420623	-0.395492
07348	9.168155	-0.487436	-3.387963	-0.036287	-0.038480	0.015539	0.369879	0.145815	0.917566	0.443354	-0.895607	-0.036395	0.816472	0.420268	-0.395914
07349	9.141202	-0.510038	-3.513972	-0.022269	-0.042671	0.001018	0.370276	0.145961	0.917383	0.443170	-0.895700	-0.036362	0.816392	0.420020	-0.396342
07350	9.110510	-0.510444	-3.570772	0.009907	-0.055247	-0.010013	0.370752	0.146272	0.917141	0.443305	-0.895633	-0.036363	0.816102	0.420055	-0.396901
07351	9.214282	-0.351259	-3.466660	0.012432	-0.056923	-0.009447	0.371218	0.146572	0.916904	0.443444	-0.895564	-0.036372	0.815815	0.420098	-0.397446
07352	9.219100	-0.269535	-3.317756	-0.002571	-0.059864	-0.010973	0.371727	0.146912	0.916644	0.443481	-0.895548	-0.036315	0.815563	0.420014	-0.398052
07353	9.156986	-0.410127	-3.435813	-0.035354	-0.068689	-0.008340	0.372292	0.147252	0.916360	0.443232	-0.895678	-0.036144	0.815441	0.419616	-0.398720
07354	9.111102	-0.475156	-3.679638	-0.034882	-0.077634	-0.016433	0.372921	0.147715	0.916029	0.443026	-0.895789	-0.035908	0.815265	0.419216	-0.399501
07355	9.114695	-0.419917	-3.702252	-0.052504	-0.066170	-0.022105	0.373406	0.148167	0.915759	0.442687	-0.895971	-0.035543	0.815228	0.418667	-0.400153
07356	9.058164	-0.410525	-3.712514	-0.083893	-0.064090	-0.015081	0.373931	0.148560	0.915481	0.442077	-0.896289	-0.035122	0.815318	0.417846	-0.400826
07357	9.128773	-0.373819	-3.623124	-0.115776	-0.065369	-0.007627	0.374473	0.148878	0.915208	0.441169	-0.896755	-0.034635	0.815561	0.416732	-0.401491
07358	9.209034	-0.366020	-3.549696	-0.136315	-0.055733	-0.000185	0.374996	0.149101	0.914957	0.440076	-0.897312	-0.034140	0.815911	0.415452	-0.402104
07359	9.221965	-0.389889	-3.494347	-0.146242	-0.050109	-0.009623	0.375405	0.149374	0.914745	0.438930	-0.897896	-0.033511	0.816341	0.414089	-0.402639
07360	9.169666	-0.519122	-3.435049	-0.153573	-0.052338	-0.008271	0.375865	0.149653	0.914510	0.437724	-0.898508	-0.032871	0.816776	0.412658	-0.403225
07361	9.178966	-0.668462	-3.342281	-0.145906	-0.057904	-0.010242	0.376336	0.149959	0.914267	0.436573	-0.899091	-0.032235	0.817175	0.411275	-0.403828
07362	9.231181	-0.514074	-3.288844	-0.120068	-0.053672	-0.013191	0.376786	0.150287	0.914027	0.435659	-0.899554	-0.031683	0.817456	0.410142	-0.404414
07363	9.087834	-0.470585	-3.260589	-0.124574	-0.053482	-0.021212	0.377174	0.150672	0.913804	0.434723	-0.900029	-0.031031	0.817775	0.408956	-0.404968
07364	8.920457	-0.829361	-3.445072	-0.125107	-0.075348	-0.033319	0.377714	0.151269	0.913482	0.433843	-0.900480	-0.030273	0.817993	0.407742	-0.405751
07365	8.781857	-1.174889	-3.889933	-0.038298	-0.114947	-0.062566	0.378425	0.152276	0.913020	0.433773	-0.900536	-0.029595	0.817701	0.407243	-0.406839
07366	8.863961	-1.028407	-4.168545	0.067630	-0.131460	-0.086978	0.379191	0.153584	0.912483	0.434673	-0.900117	-0.029130	0.816868	0.407678	-0.408075
07367	8.902494	-0.426123	-4.152081	0.110140	-0.121196	-0.085026	0.379853	0.154818	0.911999	0.435899	-0.899533	-0.028852	0.815907	0.408499	-0.409176
07368	9.002256	0.156259	-4.102469	0.038858	-0.118600	-0.069420	0.380587	0.155916	0.911506	0.436496	-0.899257	-0.028432	0.815245	0.408690	-0.410302
07369	9.066831	0.428485	-3.961239	-0.088928	-0.127689	-0.040214	0.381497	0.156773	0.910979	0.435926	-0.899555	-0.027749	0.815125	0.407706	-0.411519
07370	9.077433	0.154483	-3.760487	-0.176871	-0.137405	-0.034163	0.382538	0.157628	0.910395	0.434632	-0.900211	-0.026763	0.815328	0.405924	-0.412875
07371	9.184010	-0.365175	-3.509867	-0.187198	-0.129910	-0.045554	0.383442	0.158538	0.909856	0.433280	-0.900895	-0.025621	0.815623	0.404047	-0.414133
07372	9.365632	-0.547382	-3.051357	-0.129855	-0.104157	-0.047844	0.384154	0.159378	0.909409	0.432422	-0.901333	-0.024701	0.815743	0.402737	-0.415169
07373	9.520354	-0.291765	-2.542150	-0.075646	-0.068134	-0.059459	0.384496	0.160162	0.909127	0.432036	-0.901540	-0.023894	0.815787	0.401962	-0.415834
07374	9.400321	-0.285317	-2.399521	-0.025340	-0.071450	-0.077574	0.384812	0.161137	0.908820	0.432144	-0.901508	-0.023138	0.815580	0.401645	-0.416546
07375	9.172865	-0.303367	-2.738807	0.075759	-0.128239	-0.108996	0.385429	0.162609	0.908297	0.433186	-0.901023	-0.022512	0.814736	0.402138	-0.417720
07376	9.111726	-0.136996	-3.054604	0.162309	-0.166641	-0.148121	0.386211	0.164603	0.907605	0.435096	-0.900118	-0.021901	0.813347	0.403353	-0.419253
