// General information: 
//  MT Manager version: 2022.2.0 
//  XDA version: 2022.2.0 build 7381 rev 124627 built on 2023-07-19
// Device information: 
//  DeviceId: 00B4CBA7
//  ProductCode: MTW2-3A7G6
//  Firmware Version: 4.6.0
//  Hardware Version: 2.0.0
// Device settings: 
//  Filter Profile: human(46.1)
//  Option Flags: Orientation Smoother Disabled, Position/Velocity Smoother Disabled, Continuous Zero Rotation Update Disabled, AHS Disabled, ICC Disabled
// Coordinate system: ENU
PacketCounter	Acc_X	Acc_Y	Acc_Z	Gyr_X	Gyr_Y	Gyr_Z	Mat[1][1]	Mat[2][1]	Mat[3][1]	Mat[1][2]	Mat[2][2]	Mat[3][2]	Mat[1][3]	Mat[2][3]	Mat[3][3]
39708	9.635154	-0.610300	-2.523862	0.126360	-0.218056	-0.065332	0.246345	-0.115196	0.962312	-0.111827	-0.989658	-0.089843	0.962709	-0.085480	-0.256679
39709	9.371621	-0.330088	-2.969248	0.136426	-0.219522	-0.045640	0.248522	-0.114912	0.961786	-0.110416	-0.989827	-0.089731	0.962312	-0.083897	-0.258681
39710	9.547912	-0.278550	-3.019300	0.118372	-0.217977	-0.029793	0.250670	-0.114861	0.961234	-0.109214	-0.989953	-0.089812	0.961892	-0.082468	-0.260696
39711	9.830918	-0.509857	-2.871768	0.039299	-0.201105	-0.016632	0.252635	-0.114843	0.960722	-0.108810	-0.990004	-0.089731	0.961424	-0.081867	-0.262606
39712	10.050796	-0.899861	-2.774046	-0.002938	-0.196892	-0.016382	0.254554	-0.114912	0.960207	-0.108821	-0.990012	-0.089631	0.960916	-0.081674	-0.264517
39713	10.183166	-1.265530	-2.483597	-0.008575	-0.202716	-0.012417	0.256529	-0.114937	0.959678	-0.108886	-0.990020	-0.089465	0.960384	-0.081545	-0.266484
39714	10.123763	-1.449841	-2.196827	0.017024	-0.224687	-0.003576	0.258710	-0.115138	0.959068	-0.108722	-0.990033	-0.089527	0.959817	-0.081110	-0.268650
39715	10.116130	-1.519468	-1.955129	0.036359	-0.246359	-0.000097	0.261088	-0.115318	0.958402	-0.108388	-0.990063	-0.089601	0.959211	-0.080485	-0.270992
39716	10.182277	-1.423005	-1.516567	0.061653	-0.275121	0.002981	0.263724	-0.115693	0.957635	-0.107862	-0.990092	-0.089910	0.958549	-0.079581	-0.273589
39717	10.354531	-1.433224	-1.432912	0.096149	-0.322291	-0.001124	0.266827	-0.115919	0.956748	-0.106952	-0.990170	-0.090141	0.957792	-0.078274	-0.276601
39718	10.392667	-1.350216	-1.262465	0.134899	-0.356671	0.006432	0.270185	-0.116294	0.955759	-0.105722	-0.990259	-0.090605	0.956986	-0.076565	-0.279848
39719	10.154007	-1.135923	-1.135413	0.181453	-0.402231	0.008114	0.274037	-0.116661	0.954617	-0.104023	-0.990387	-0.091170	0.956077	-0.074318	-0.283538
39720	9.898202	-0.962675	-1.162853	0.204988	-0.441042	0.007960	0.278146	-0.116975	0.953390	-0.102097	-0.990535	-0.091746	0.955097	-0.071820	-0.287456
39721	9.611726	-0.830533	-1.302953	0.227999	-0.472173	0.004913	0.282661	-0.117339	0.952016	-0.099949	-0.990690	-0.092430	0.953998	-0.069027	-0.291758
39722	9.453026	-0.902283	-1.462955	0.238415	-0.497723	0.005143	0.287101	-0.117944	0.950612	-0.098051	-0.990797	-0.093316	0.952869	-0.066417	-0.296023
39723	9.295510	-1.099784	-1.620366	0.256155	-0.518589	0.015167	0.292037	-0.118413	0.949048	-0.095670	-0.990946	-0.094202	0.951610	-0.063285	-0.300721
39724	9.241705	-1.196991	-1.809083	0.268466	-0.550503	0.029809	0.297099	-0.119062	0.947395	-0.093317	-0.991066	-0.095286	0.950276	-0.060099	-0.305555
39725	9.154166	-1.275117	-1.906573	0.241747	-0.586662	0.041118	0.302643	-0.119796	0.945545	-0.091159	-0.991160	-0.096398	0.948734	-0.057021	-0.310888
39726	9.098898	-1.396189	-2.011088	0.182796	-0.616064	0.051930	0.308194	-0.120605	0.943648	-0.089735	-0.991194	-0.097375	0.947082	-0.054668	-0.316302
39727	9.257884	-1.565581	-2.628278	0.123991	-0.617251	0.045685	0.314004	-0.121372	0.941632	-0.088717	-0.991207	-0.098178	0.945267	-0.052711	-0.322011
39728	9.406883	-1.903023	-2.923368	0.070973	-0.583413	0.066177	0.319134	-0.122301	0.939785	-0.088487	-0.991152	-0.098937	0.943570	-0.051585	-0.327132
39729	9.346024	-2.373187	-3.262870	0.046388	-0.536870	0.102375	0.324115	-0.123572	0.937912	-0.088393	-0.991051	-0.100028	0.941879	-0.050484	-0.332137
39730	9.246428	-2.691496	-3.174530	0.079070	-0.484535	0.161270	0.328164	-0.125579	0.936236	-0.088512	-0.990851	-0.101880	0.940465	-0.049435	-0.336277
39731	9.030710	-2.561010	-3.307822	0.115684	-0.452212	0.223228	0.332226	-0.127994	0.934475	-0.088176	-0.990626	-0.104336	0.939069	-0.047735	-0.340397
39732	8.959416	-2.027669	-3.343468	0.157436	-0.422507	0.262256	0.335624	-0.130718	0.932882	-0.087795	-0.990355	-0.107185	0.937896	-0.045928	-0.343863
39733	8.951535	-1.264722	-3.313301	0.109217	-0.375571	0.309763	0.338881	-0.133937	0.931247	-0.087829	-0.989996	-0.110426	0.936721	-0.044369	-0.347254
39734	8.904087	-0.667962	-3.343416	0.011441	-0.329383	0.329715	0.341475	-0.137270	0.929813	-0.088953	-0.989557	-0.113422	0.935672	-0.043979	-0.350119
39735	8.947330	-0.336239	-3.472039	-0.125249	-0.273790	0.369427	0.343710	-0.141029	0.928426	-0.091404	-0.988989	-0.116390	0.934617	-0.044857	-0.352816
39736	9.139890	-0.004452	-3.491580	-0.186534	-0.189534	0.385621	0.344841	-0.144905	0.927409	-0.094654	-0.988344	-0.119231	0.933877	-0.046667	-0.354537
39737	9.416241	-0.036590	-3.154965	-0.164408	-0.038118	0.383426	0.344836	-0.148694	0.926811	-0.097524	-0.987705	-0.122178	0.933583	-0.048255	-0.355097
39738	9.459067	-0.913698	-2.191988	-0.089980	0.145134	0.343105	0.342882	-0.151952	0.927007	-0.099698	-0.987143	-0.124933	0.934073	-0.049583	-0.353623
39739	9.311025	-2.767761	-1.681505	0.081772	0.309329	0.310640	0.339687	-0.154847	0.927704	-0.100007	-0.986709	-0.128077	0.935207	-0.049271	-0.350658
39740	9.191340	-4.582141	-1.932433	0.528154	0.399318	0.287613	0.335404	-0.157381	0.928835	-0.096190	-0.986515	-0.132420	0.937151	-0.044930	-0.346020
39741	9.268383	-5.192800	-2.158606	1.118880	0.447242	0.260793	0.330975	-0.159757	0.930018	-0.086573	-0.986549	-0.138659	0.939660	-0.034622	-0.340354
39742	9.511035	-5.079146	-2.572254	1.815058	0.492730	0.228594	0.325998	-0.161761	0.931428	-0.070355	-0.986671	-0.146731	0.942749	-0.017697	-0.333034
39743	9.691584	-4.173274	-2.889413	2.393673	0.557212	0.184286	0.320632	-0.163524	0.932982	-0.048360	-0.986527	-0.156290	0.945969	0.004993	-0.324220
39744	9.592294	-2.561367	-2.146032	2.754006	0.658329	0.124127	0.314077	-0.164630	0.935015	-0.022874	-0.985877	-0.165902	0.949122	0.030718	-0.313407
39745	8.653846	0.137089	1.066135	2.767485	0.652752	0.056664	0.307871	-0.165455	0.936931	0.003235	-0.984575	-0.174931	0.951423	0.056887	-0.302587
39746	9.065340	-0.125121	-0.946387	2.279514	0.747034	-0.099140	0.300510	-0.164798	0.939434	0.025068	-0.983255	-0.180504	0.953449	0.077793	-0.291347
39747	9.599447	0.930813	-0.749325	1.902034	0.875541	-0.222828	0.292078	-0.163344	0.942342	0.043866	-0.981982	-0.183811	0.955388	0.095024	-0.279651
39748	9.669955	0.952018	-0.908623	1.370327	1.044290	-0.336288	0.281620	-0.160785	0.945959	0.057714	-0.981237	-0.183964	0.957789	0.106403	-0.267056
39749	9.818226	0.497762	-1.163671	0.964257	1.160488	-0.435300	0.270216	-0.157772	0.949785	0.068146	-0.980874	-0.182324	0.960385	0.113991	-0.254296
39750	9.862197	0.333782	-1.386509	0.660214	1.250756	-0.494295	0.257674	-0.154227	0.953844	0.075688	-0.980924	-0.179053	0.963263	0.118331	-0.241085
39751	9.958411	0.574570	-1.492103	0.371347	1.321587	-0.514270	0.244522	-0.150734	0.957856	0.080544	-0.981272	-0.174980	0.966293	0.119936	-0.227801
39752	10.366721	0.346232	-1.848438	-0.024069	1.384087	-0.498999	0.230621	-0.147412	0.961813	0.081437	-0.982066	-0.170043	0.969630	0.117542	-0.214480
39753	10.525901	0.548107	-2.055729	-0.213862	1.409497	-0.442984	0.216572	-0.144664	0.965489	0.080331	-0.982966	-0.165302	0.972956	0.113358	-0.201262
39754	10.495909	1.132670	-2.318918	-0.456402	1.427103	-0.412225	0.202238	-0.142146	0.968966	0.076723	-0.984070	-0.160375	0.976326	0.106776	-0.188111
39755	10.410458	1.818119	-1.922227	-0.732186	1.471903	-0.416695	0.187536	-0.139523	0.972298	0.070354	-0.985410	-0.154975	0.979735	0.097468	-0.174984
39756	10.510455	2.043433	-1.534079	-1.059993	1.529537	-0.431775	0.172140	-0.136614	0.975553	0.060729	-0.986981	-0.148930	0.983199	0.084882	-0.161603
39757	10.581066	1.744567	-1.454341	-1.352655	1.571269	-0.438020	0.156427	-0.133476	0.978629	0.048106	-0.988621	-0.142529	0.986517	0.069373	-0.148226
39758	10.461491	1.244815	-1.640540	-1.534701	1.605386	-0.437434	0.140285	-0.130054	0.981532	0.033614	-0.990139	-0.135998	0.989540	0.052072	-0.134530
39759	10.485002	0.491229	-0.927805	-1.514144	1.600711	-0.448751	0.124308	-0.126282	0.984175	0.019184	-0.991377	-0.129629	0.992058	0.034994	-0.120813
39760	10.155556	0.234710	-1.269769	-1.373079	1.471661	-0.416160	0.109543	-0.122471	0.986408	0.006071	-0.992279	-0.123874	0.993964	0.019558	-0.107954
39761	9.299812	0.018784	-1.360999	-1.238150	1.324261	-0.377087	0.096372	-0.118872	0.988221	-0.005879	-0.992893	-0.118861	0.995328	0.005645	-0.096386
39762	8.567183	-0.303653	-1.757956	-1.101213	1.150896	-0.321880	0.084854	-0.115578	0.989667	-0.016511	-0.993276	-0.114584	0.996257	-0.006617	-0.086192
39763	8.239997	-0.359680	-2.302821	-0.885941	0.984206	-0.268335	0.075104	-0.112776	0.990778	-0.025148	-0.993482	-0.111177	0.996859	-0.016566	-0.077451
39764	8.546175	0.095819	-2.262574	-0.711455	0.854915	-0.232093	0.066560	-0.110198	0.991678	-0.032031	-0.993606	-0.108263	0.997268	-0.024559	-0.069664
39765	8.951255	0.398268	-2.070503	-0.666859	0.756037	-0.198766	0.059092	-0.107987	0.992395	-0.038580	-0.993636	-0.105824	0.997507	-0.032034	-0.062882
39766	9.035828	0.074520	-1.920152	-0.677373	0.657060	-0.141186	0.052518	-0.106247	0.992952	-0.045206	-0.993558	-0.103921	0.997596	-0.039430	-0.056983
39767	8.844859	-0.622929	-2.249353	-0.618079	0.523198	-0.064003	0.047332	-0.105364	0.993307	-0.051363	-0.993362	-0.102923	0.997558	-0.046148	-0.052430
39768	8.609458	-0.975851	-2.342999	-0.446789	0.362694	0.017720	0.043636	-0.105259	0.993487	-0.055771	-0.993140	-0.102773	0.997490	-0.050923	-0.049207
39769	8.458174	-1.139850	-2.222196	-0.262327	0.192098	0.109227	0.041660	-0.106221	0.993469	-0.058457	-0.992889	-0.103707	0.997420	-0.053755	-0.047573
39770	8.342881	-1.067928	-2.287256	-0.124577	0.010114	0.203433	0.041379	-0.108132	0.993275	-0.059729	-0.992616	-0.105572	0.997357	-0.054959	-0.047532
39771	8.222729	-1.005454	-2.366251	-0.070931	-0.171077	0.299616	0.042908	-0.111177	0.992874	-0.060586	-0.992250	-0.108489	0.997240	-0.055499	-0.049311
39772	8.022690	-1.150240	-2.374246	-0.066290	-0.340191	0.367677	0.046025	-0.114913	0.992309	-0.061356	-0.991811	-0.112010	0.997054	-0.055729	-0.052698
39773	7.766382	-1.472074	-2.913080	-0.079159	-0.516925	0.429748	0.050915	-0.119440	0.991535	-0.062376	-0.991265	-0.116204	0.996753	-0.055932	-0.057920
39774	7.683440	-1.881205	-3.643808	-0.087862	-0.669611	0.501870	0.057231	-0.124691	0.990544	-0.063471	-0.990617	-0.121033	0.996341	-0.055944	-0.064609
39775	8.268937	-2.112531	-3.476932	0.112737	-0.794980	0.558339	0.064801	-0.130633	0.989311	-0.062711	-0.989968	-0.126612	0.995926	-0.053836	-0.072343
39776	9.654229	-1.151748	-2.446085	0.359213	-0.867113	0.529643	0.073084	-0.136231	0.987978	-0.059455	-0.989460	-0.132038	0.995552	-0.049090	-0.080413
39777	10.373718	-0.871779	-1.652389	0.318421	-0.796980	0.419537	0.080776	-0.140733	0.986747	-0.056630	-0.989031	-0.136422	0.995122	-0.044860	-0.087860
39778	10.387296	-1.258029	-1.299987	0.226192	-0.672156	0.316886	0.087265	-0.144065	0.985713	-0.054598	-0.988692	-0.139666	0.994688	-0.041630	-0.094144
39779	10.230082	-2.056152	-0.858070	0.184215	-0.557118	0.282717	0.092657	-0.147060	0.984778	-0.053042	-0.988358	-0.142604	0.994284	-0.039021	-0.099378
39780	10.456623	-2.783488	-1.055773	0.167314	-0.476249	0.291434	0.097218	-0.150030	0.983890	-0.051609	-0.988003	-0.145557	0.993924	-0.036626	-0.103794
39781	10.790743	-2.566102	-1.124023	0.294830	-0.426914	0.298239	0.101313	-0.153101	0.983003	-0.048996	-0.987656	-0.148776	0.993647	-0.033090	-0.107564
39782	10.433048	-2.452859	-1.374540	0.361190	-0.403797	0.275181	0.105173	-0.155860	0.982164	-0.045652	-0.987357	-0.151796	0.993405	-0.028873	-0.110959
39783	9.960337	-2.428783	-1.965230	0.369423	-0.417297	0.305558	0.109186	-0.158964	0.981228	-0.042331	-0.986978	-0.155186	0.993120	-0.024592	-0.114494
39784	10.081312	-1.761913	-2.687951	0.217034	-0.433274	0.362944	0.113318	-0.162569	0.980169	-0.040545	-0.986458	-0.158924	0.992731	-0.021732	-0.118375
39785	9.619594	-2.364256	-3.780227	-0.021574	-0.402488	0.336768	0.117178	-0.165953	0.979147	-0.041168	-0.985904	-0.162171	0.992257	-0.021307	-0.122358
39786	9.150347	-2.537095	-3.852810	-0.088802	-0.356133	0.266247	0.120588	-0.168579	0.978284	-0.042335	-0.985452	-0.164596	0.991800	-0.021567	-0.125970
39787	9.373991	-2.692803	-3.898956	-0.149125	-0.300443	0.217402	0.123476	-0.170764	0.977545	-0.044099	-0.985054	-0.166505	0.991367	-0.022549	-0.129161
39788	9.626715	-3.421801	-4.191946	-0.135673	-0.249411	0.176661	0.125866	-0.172494	0.976936	-0.045640	-0.984732	-0.167990	0.990997	-0.023443	-0.131817
39789	9.489317	-3.703415	-4.334417	0.004414	-0.206887	0.142493	0.127854	-0.173921	0.976425	-0.045797	-0.984489	-0.169361	0.990735	-0.023064	-0.133836
39790	9.449768	-3.213438	-4.279450	0.209343	-0.192865	0.148881	0.129704	-0.175375	0.975920	-0.043904	-0.984285	-0.171043	0.990580	-0.020662	-0.135365
39791	9.721931	-2.515509	-3.904221	0.352579	-0.181564	0.141713	0.131445	-0.176779	0.975434	-0.040617	-0.984105	-0.172878	0.990491	-0.016895	-0.136536
39792	9.804273	-1.639986	-3.281750	0.426608	-0.157937	0.141618	0.132970	-0.178150	0.974978	-0.036576	-0.983925	-0.174796	0.990445	-0.012418	-0.137349
39793	9.783178	-0.675789	-2.504937	0.367085	-0.112947	0.157888	0.134036	-0.179691	0.974549	-0.033171	-0.983685	-0.176814	0.990421	-0.008627	-0.137810
39794	9.632553	-0.186350	-1.758252	0.171949	-0.049426	0.165035	0.134494	-0.181268	0.974194	-0.031683	-0.983410	-0.178609	0.990408	-0.006844	-0.138005
39795	9.228576	-0.444528	-1.208345	-0.032736	0.003609	0.176891	0.134404	-0.182983	0.973885	-0.032265	-0.983090	-0.180259	0.990401	-0.007195	-0.138035
39796	8.953517	-0.919066	-0.817623	-0.123608	0.031759	0.198157	0.134048	-0.184868	0.973578	-0.033739	-0.982727	-0.181960	0.990400	-0.008457	-0.137970
39797	8.893030	-1.729279	-0.628982	-0.094270	0.016748	0.229644	0.133805	-0.187099	0.973185	-0.035000	-0.982296	-0.184038	0.990389	-0.009436	-0.137985
39798	8.973041	-1.866006	-0.328231	0.072116	-0.020264	0.274897	0.133933	-0.189739	0.972657	-0.034636	-0.981796	-0.186753	0.990385	-0.008677	-0.138067
39799	9.079795	-1.527908	0.090073	0.231120	-0.066397	0.301148	0.134491	-0.192676	0.972002	-0.032771	-0.981242	-0.189973	0.990373	-0.006303	-0.138283
39800	9.319553	-1.049747	0.510593	0.323025	-0.125403	0.320314	0.135651	-0.195763	0.971224	-0.029986	-0.980647	-0.193474	0.990303	-0.002878	-0.138896
39801	9.823866	-0.944003	0.578743	0.324348	-0.173914	0.331034	0.137281	-0.198986	0.970339	-0.027245	-0.980002	-0.197113	0.990157	0.000622	-0.139957
39802	10.175815	-1.177827	0.390124	0.271889	-0.214878	0.340521	0.139332	-0.202250	0.969372	-0.025000	-0.979327	-0.200734	0.989930	0.003734	-0.141508
39803	10.105719	-1.737410	0.125944	0.234492	-0.259503	0.336690	0.141821	-0.205509	0.968325	-0.023172	-0.978633	-0.204303	0.989621	0.006537	-0.143553
39804	9.810732	-2.244895	-0.150042	0.218239	-0.308192	0.313784	0.144808	-0.208484	0.967246	-0.021433	-0.977981	-0.207589	0.989228	0.009329	-0.146088
39805	9.772984	-2.468767	-0.360976	0.223481	-0.361396	0.286117	0.148326	-0.211218	0.966119	-0.019661	-0.977362	-0.210658	0.988743	0.012251	-0.149121
39806	9.635069	-2.526889	-0.379936	0.199271	-0.386728	0.266409	0.152101	-0.213700	0.964986	-0.018064	-0.976784	-0.213466	0.988200	0.015036	-0.152430
39807	9.334095	-2.464227	-0.658001	0.163493	-0.411557	0.246328	0.156126	-0.216014	0.963827	-0.016847	-0.976233	-0.216066	0.987594	0.017495	-0.156054
39808	9.159205	-2.423438	-0.957178	0.142344	-0.426807	0.228774	0.160301	-0.218103	0.962671	-0.015779	-0.975724	-0.218433	0.986942	0.019824	-0.159851
39809	9.401091	-2.465454	-1.257362	0.126133	-0.429530	0.223027	0.164506	-0.220164	0.961491	-0.014915	-0.975215	-0.220755	0.986263	0.021974	-0.163713
39810	9.664693	-2.662829	-1.569997	0.110128	-0.428071	0.220786	0.168692	-0.222156	0.960307	-0.014175	-0.974716	-0.222999	0.985567	0.024006	-0.167575
39811	9.503753	-2.772700	-1.820145	0.143231	-0.428206	0.218983	0.172882	-0.224158	0.959096	-0.013156	-0.974197	-0.225316	0.984855	0.026335	-0.171370
39812	9.633580	-2.622621	-1.800740	0.171744	-0.436542	0.199564	0.177151	-0.225922	0.957902	-0.011795	-0.973714	-0.227469	0.984113	0.028998	-0.175160
39813	9.781167	-2.388548	-1.837381	0.144843	-0.427514	0.190864	0.181338	-0.227626	0.956715	-0.010730	-0.973244	-0.229525	0.983362	0.031356	-0.178928
39814	9.494204	-2.263791	-1.944206	0.080659	-0.402577	0.184583	0.185272	-0.229235	0.955576	-0.010258	-0.972809	-0.231380	0.982634	0.033066	-0.182586
39815	9.116825	-2.242589	-1.865125	0.014248	-0.391631	0.195133	0.189100	-0.230977	0.954406	-0.010500	-0.972362	-0.233242	0.981902	0.034085	-0.186299
39816	9.119046	-2.301926	-1.568007	-0.028839	-0.386351	0.190723	0.192869	-0.232640	0.953247	-0.011129	-0.971943	-0.234952	0.981161	0.034706	-0.190047
39817	9.319707	-2.451621	-1.351324	-0.069007	-0.388573	0.195569	0.196659	-0.234381	0.952046	-0.012204	-0.971517	-0.236654	0.980396	0.034921	-0.193918
39818	9.482318	-2.560195	-1.281036	-0.077068	-0.403117	0.201815	0.200580	-0.236144	0.950791	-0.013343	-0.971083	-0.238369	0.979586	0.035126	-0.197930
39819	9.591280	-2.235110	-1.311520	-0.077924	-0.426615	0.205360	0.204730	-0.237963	0.949452	-0.014538	-0.970630	-0.240136	0.978710	0.035359	-0.202177
39820	9.619917	-1.846134	-1.369635	-0.120964	-0.445372	0.201425	0.209050	-0.239704	0.948072	-0.016121	-0.970206	-0.241745	0.977772	0.035253	-0.206686
39821	9.579441	-1.489290	-1.478395	-0.176282	-0.467683	0.203659	0.213588	-0.241491	0.946606	-0.018290	-0.969784	-0.243278	0.976753	0.034647	-0.211551
39822	9.329048	-1.241412	-1.292751	-0.229922	-0.483502	0.202205	0.218262	-0.243226	0.945094	-0.020948	-0.969388	-0.244640	0.975665	0.033597	-0.216675
39823	9.194571	-1.170262	-0.917703	-0.259145	-0.521185	0.207022	0.223299	-0.245036	0.943448	-0.023948	-0.968975	-0.245997	0.974456	0.032337	-0.222239
39824	9.096813	-1.259595	-0.536429	-0.289466	-0.549376	0.219535	0.228586	-0.246920	0.941690	-0.027231	-0.968543	-0.247351	0.973143	0.030898	-0.228119
39825	8.950076	-1.749059	-0.706347	-0.323739	-0.574994	0.245632	0.234108	-0.249101	0.939756	-0.030963	-0.968038	-0.248884	0.971717	0.029168	-0.234338
39826	8.793838	-2.577734	-1.064394	-0.348730	-0.593105	0.261119	0.239771	-0.251386	0.937718	-0.034930	-0.967502	-0.250439	0.970201	0.027294	-0.240759
39827	8.870187	-3.630152	-1.943824	-0.316298	-0.616648	0.260303	0.245655	-0.253716	0.935565	-0.038643	-0.966935	-0.252076	0.968587	0.025771	-0.247337
39828	9.159113	-4.207198	-2.406893	-0.232376	-0.631206	0.252616	0.251649	-0.255928	0.933367	-0.041487	-0.966369	-0.253792	0.966929	0.025144	-0.253804
39829	9.193671	-4.254693	-2.614458	-0.126290	-0.658109	0.227991	0.257913	-0.257939	0.931101	-0.043302	-0.965822	-0.255563	0.965197	0.025594	-0.260268
39830	9.300220	-3.535525	-2.493261	-0.085766	-0.680622	0.188098	0.264377	-0.259522	0.928845	-0.044600	-0.965373	-0.257034	0.963388	0.026528	-0.266797
39831	9.515387	-2.980352	-2.364154	-0.128295	-0.706031	0.135614	0.271113	-0.260617	0.926594	-0.046212	-0.965062	-0.257915	0.961437	0.027105	-0.273685
39832	9.632323	-2.732442	-2.543024	-0.139765	-0.726353	0.104685	0.278022	-0.261377	0.924330	-0.047825	-0.964841	-0.258448	0.959383	0.027648	-0.280748
39833	9.748990	-1.831976	-2.016164	-0.114636	-0.749592	0.092491	0.285164	-0.262034	0.921965	-0.049197	-0.964638	-0.258946	0.957215	0.028484	-0.287971
39834	9.665590	-1.380554	-1.372504	-0.178442	-0.787255	0.065797	0.292639	-0.262389	0.919519	-0.051073	-0.964532	-0.258980	0.954858	0.028825	-0.295660
39835	9.542120	-1.246027	-0.798675	-0.188385	-0.858738	0.045230	0.300806	-0.262551	0.916833	-0.053017	-0.964475	-0.258800	0.952210	0.029241	-0.304040
39836	9.113460	-0.969381	-0.133950	-0.175213	-0.939944	0.062253	0.309688	-0.262810	0.913797	-0.054842	-0.964380	-0.258771	0.949255	0.030024	-0.313070
39837	9.410290	-0.579423	0.524716	-0.165515	-1.049967	0.098873	0.319585	-0.263417	0.910207	-0.056734	-0.964178	-0.259116	0.945858	0.031170	-0.323082
39838	9.926158	0.266336	1.244713	-0.187068	-1.153653	0.179462	0.330344	-0.264704	0.905983	-0.059039	-0.963784	-0.260065	0.942012	0.032423	-0.334008
39839	10.716543	1.107156	1.602124	-0.344207	-1.268479	0.265281	0.342106	-0.266824	0.900982	-0.063177	-0.963199	-0.261261	0.937535	0.032457	-0.346373
39840	11.178644	1.603939	0.661607	-0.551485	-1.356969	0.328454	0.354543	-0.269456	0.895373	-0.069407	-0.962520	-0.262180	0.932460	0.030810	-0.359957
39841	11.242477	1.837739	-0.290258	-0.773953	-1.425030	0.396773	0.367501	-0.272835	0.889103	-0.078045	-0.961676	-0.262847	0.926743	0.027207	-0.374710
39842	11.040809	1.703166	-1.061457	-0.971181	-1.499230	0.439624	0.380948	-0.276554	0.882268	-0.088551	-0.960746	-0.262919	0.920346	0.022033	-0.390484
39843	11.132180	1.415734	-1.286745	-1.084490	-1.582524	0.469706	0.395017	-0.280738	0.874727	-0.100326	-0.959651	-0.262688	0.913179	0.016009	-0.407244
39844	11.778020	1.205730	-0.786776	-1.098698	-1.670382	0.503904	0.409641	-0.285177	0.866527	-0.112199	-0.958420	-0.262378	0.905321	0.010257	-0.424605
39845	13.017281	1.431176	-0.280930	-1.069097	-1.764491	0.541868	0.424904	-0.290206	0.857460	-0.124101	-0.956951	-0.262382	0.896691	0.005075	-0.442627
39846	14.093074	1.805089	-0.775807	-1.077314	-1.822882	0.571341	0.440396	-0.295406	0.847812	-0.136002	-0.955372	-0.262237	0.887443	0.000184	-0.460918
39847	14.161359	1.609628	-1.793882	-1.134239	-1.840919	0.599688	0.455795	-0.301151	0.837591	-0.148706	-0.953562	-0.261926	0.877575	-0.005170	-0.479412
39848	14.191515	1.067471	-3.406209	-1.094515	-1.859616	0.641169	0.471006	-0.307136	0.826935	-0.160999	-0.951615	-0.261742	0.867314	-0.009854	-0.497664
39849	14.050026	1.116747	-3.667403	-0.927147	-1.871345	0.725345	0.485935	-0.314217	0.815558	-0.172468	-0.949264	-0.262970	0.856809	-0.012872	-0.515473
39850	13.704918	0.930651	-2.718348	-0.893016	-1.886930	0.830387	0.500511	-0.322046	0.803602	-0.183898	-0.946601	-0.264815	0.845973	-0.015238	-0.533008
39851	13.296197	-0.658018	-1.869508	-0.986375	-1.865895	0.885130	0.514512	-0.330700	0.791147	-0.196683	-0.943555	-0.266497	0.834621	-0.018489	-0.550514
39852	12.329806	-3.172809	-1.361003	-1.066256	-1.820578	0.888938	0.527793	-0.339101	0.778746	-0.209851	-0.940485	-0.267304	0.823042	-0.022339	-0.567542
39853	11.139598	-5.911832	-1.528444	-1.022175	-1.777758	0.814072	0.540568	-0.347148	0.766338	-0.222554	-0.937454	-0.267675	0.811330	-0.025855	-0.584017
39854	9.187242	-8.469571	-2.158103	-0.885736	-1.769698	0.748305	0.553108	-0.354289	0.754023	-0.233481	-0.934721	-0.267925	0.799724	-0.027859	-0.599721
39855	7.936218	-11.276571	-3.336276	-0.554566	-1.862678	0.669449	0.566313	-0.361017	0.740916	-0.241630	-0.932186	-0.269527	0.787975	-0.026391	-0.615141
39856	8.180810	-13.062844	-4.482822	0.001017	-1.933209	0.579437	0.580000	-0.366573	0.727478	-0.244689	-0.930189	-0.273634	0.776999	-0.019298	-0.629206
39857	8.293776	-13.040825	-4.887613	0.664045	-1.985414	0.491004	0.594139	-0.371359	0.713506	-0.242443	-0.928471	-0.281359	0.766955	-0.005818	-0.641675
39858	8.094303	-11.501011	-5.818773	1.262858	-2.016017	0.318439	0.608689	-0.374040	0.699708	-0.234542	-0.927315	-0.291679	0.757950	0.013431	-0.652175
39859	7.574844	-8.879913	-6.074738	1.641444	-1.942493	0.110838	0.623087	-0.374562	0.686634	-0.222846	-0.926507	-0.303191	0.749734	0.035901	-0.660764
39860	7.170317	-7.055254	-6.733708	1.689930	-1.776827	-0.099075	0.636475	-0.372669	0.675291	-0.209471	-0.926138	-0.313673	0.742309	0.058191	-0.667527
39861	6.496391	-5.516992	-6.912561	1.654111	-1.522230	-0.223583	0.648186	-0.369527	0.665812	-0.195804	-0.925844	-0.323225	0.735878	0.079142	-0.672473
39862	5.609105	-4.254025	-6.668652	1.499706	-1.243184	-0.292893	0.657767	-0.365605	0.658541	-0.182768	-0.925641	-0.331339	0.730711	0.097584	-0.675677
39863	4.737873	-3.081723	-7.835490	1.155615	-0.997185	-0.320771	0.665607	-0.361564	0.652870	-0.172221	-0.925609	-0.337028	0.726160	0.111890	-0.678360
39864	2.443399	-4.622777	-8.238504	0.522989	-0.511365	-0.339637	0.669801	-0.357724	0.650692	-0.166041	-0.926271	-0.338309	0.723738	0.118559	-0.679814
39865	2.698053	-3.248632	-7.575061	0.678159	-0.189619	-0.504637	0.671996	-0.352789	0.651123	-0.157741	-0.927248	-0.339600	0.723560	0.125501	-0.678756
39866	5.576431	-1.153954	-5.105039	0.655280	0.435200	-0.760937	0.669915	-0.346191	0.656784	-0.147775	-0.929107	-0.339003	0.727582	0.130047	-0.673581
39867	5.432893	-1.400190	-4.808567	0.458818	1.050782	-0.902139	0.663526	-0.339141	0.666871	-0.138399	-0.931612	-0.336072	0.735241	0.130698	-0.665085
39868	5.428615	-2.364910	-4.686743	0.289554	1.473943	-0.981452	0.653844	-0.331789	0.680003	-0.129675	-0.934568	-0.331311	0.745435	0.128446	-0.654086
39869	5.228347	-2.957901	-4.581227	0.268140	1.878519	-0.994934	0.640975	-0.324827	0.695441	-0.121213	-0.937507	-0.326172	0.757930	0.124772	-0.640292
39870	4.596914	-3.565415	-4.841945	0.300492	2.194258	-1.008375	0.625273	-0.317947	0.712702	-0.112418	-0.940415	-0.320907	0.772267	0.120534	-0.623759
39871	4.561796	-4.169030	-5.040065	0.452124	2.457924	-1.054892	0.607235	-0.310904	0.731167	-0.102385	-0.943207	-0.316035	0.787898	0.117047	-0.604580
39872	4.943515	-4.229491	-4.983907	0.568652	2.721985	-1.115469	0.586536	-0.303424	0.750939	-0.091103	-0.946006	-0.311084	0.804783	0.114049	-0.582509
39873	5.380116	-4.154124	-4.402365	0.651209	2.937735	-1.170085	0.563634	-0.295621	0.771314	-0.079073	-0.948787	-0.305859	0.822231	0.111403	-0.558145
39874	6.201965	-3.487698	-3.447766	0.540714	3.080323	-1.179773	0.538793	-0.287711	0.791786	-0.068000	-0.951660	-0.299532	0.839689	0.107545	-0.532312
39875	7.295491	-3.016796	-3.014209	0.202683	3.193181	-1.164237	0.512456	-0.279904	0.811814	-0.060160	-0.954764	-0.291216	0.856603	0.100397	-0.506114
39876	8.556679	-3.061167	-3.017575	-0.152263	3.316016	-1.107228	0.484297	-0.272403	0.831416	-0.055893	-0.957986	-0.281315	0.873117	0.089770	-0.479175
39877	9.376485	-3.607894	-3.077191	-0.467834	3.465693	-1.051260	0.454342	-0.265158	0.850450	-0.055083	-0.961209	-0.270264	0.889123	0.075947	-0.451324
39878	9.470678	-4.172623	-3.311018	-0.635971	3.579439	-1.010059	0.422668	-0.257815	0.868840	-0.056302	-0.964302	-0.258752	0.904534	0.060449	-0.422095
39879	9.092679	-4.400690	-3.608354	-0.575422	3.614717	-0.999818	0.390279	-0.250048	0.886091	-0.057488	-0.967155	-0.247603	0.918900	0.045695	-0.391835
39880	8.941441	-4.386728	-4.111369	-0.353124	3.596204	-1.038302	0.357443	-0.241367	0.902207	-0.056837	-0.969858	-0.236948	0.932204	0.033417	-0.360387
39881	8.387208	-4.303450	-4.473613	-0.087292	3.560621	-1.057491	0.324620	-0.232092	0.916927	-0.054056	-0.972395	-0.226994	0.944299	0.024122	-0.328205
39882	8.524724	-3.794423	-4.795894	0.356814	3.408033	-1.044704	0.292635	-0.222637	0.929945	-0.047427	-0.974700	-0.218427	0.955047	0.019815	-0.295790
39883	9.552984	-1.951238	-4.276358	0.508167	3.508031	-1.043634	0.259411	-0.213071	0.941970	-0.039675	-0.976887	-0.210043	0.964952	0.017114	-0.261868
39884	9.316593	-1.050307	-3.882394	0.446286	3.528113	-1.025397	0.225434	-0.203564	0.952755	-0.032858	-0.978960	-0.201388	0.973704	0.014094	-0.227380
39885	9.406272	-0.432371	-3.655989	0.329505	3.520582	-0.994242	0.191321	-0.194220	0.962120	-0.027576	-0.980904	-0.192529	0.981140	0.010303	-0.193023
39886	9.689632	-0.229505	-3.109802	0.211265	3.505822	-0.963959	0.156919	-0.184997	0.970130	-0.023808	-0.982723	-0.183547	0.987324	0.005705	-0.158612
39887	9.915384	-0.516560	-2.556286	0.050728	3.463221	-0.915132	0.122849	-0.176064	0.976683	-0.022039	-0.984379	-0.174679	0.992181	-0.000066	-0.124810
39888	10.160492	-0.937751	-1.817695	-0.034152	3.368231	-0.881976	0.089423	-0.167220	0.981856	-0.021424	-0.985900	-0.165958	0.995763	-0.006195	-0.091744
39889	10.249929	-1.410893	-1.327124	-0.095625	3.233414	-0.869056	0.057373	-0.158315	0.985720	-0.021755	-0.987311	-0.157304	0.998116	-0.012419	-0.060089
39890	10.610585	-1.970109	-0.207889	-0.045247	3.045806	-0.857588	0.027005	-0.149333	0.988418	-0.021826	-0.988631	-0.148769	0.999397	-0.017556	-0.029957
39891	11.304143	-2.310105	1.121398	0.129881	2.703929	-0.790736	0.000143	-0.140971	0.990014	-0.020438	-0.989807	-0.140938	0.999791	-0.020213	-0.003022
39892	10.587264	-2.397905	0.495090	0.277535	2.233736	-0.720555	-0.022186	-0.133331	0.990823	-0.017732	-0.990859	-0.133733	0.999597	-0.020536	0.019619
39893	8.838930	-1.619455	-0.612739	0.492043	1.652652	-0.635181	-0.038605	-0.126688	0.991191	-0.013026	-0.991783	-0.127270	0.999170	-0.017824	0.036637
39894	8.519816	-0.524847	-0.901769	0.722820	1.151345	-0.536445	-0.050189	-0.121148	0.991365	-0.006041	-0.992561	-0.121600	0.998721	-0.012092	0.049084
39895	8.076880	1.067397	-1.060279	0.827888	0.713403	-0.378308	-0.057305	-0.117302	0.991442	0.002004	-0.993085	-0.117381	0.998355	-0.004740	0.057144
39896	8.049610	1.499286	-1.212311	0.833884	0.366052	-0.233535	-0.061101	-0.114929	0.991493	0.010201	-0.993369	-0.114518	0.998079	0.003117	0.061869
39897	7.895005	1.076864	-1.601909	0.817116	0.051787	-0.046143	-0.061625	-0.114445	0.991516	0.018309	-0.993367	-0.113520	0.997931	0.011158	0.063312
39898	7.663496	0.791078	-1.896312	0.873220	-0.250265	0.147464	-0.059214	-0.115809	0.991505	0.027143	-0.993067	-0.114370	0.997876	0.020140	0.061947
39899	7.715346	0.684732	-2.419574	0.866234	-0.510057	0.289768	-0.054034	-0.118530	0.991479	0.035932	-0.992518	-0.116696	0.997892	0.029321	0.057889
39900	7.471449	0.215549	-2.364020	0.793675	-0.689695	0.389712	-0.047106	-0.122094	0.991400	0.044096	-0.991788	-0.120046	0.997916	0.038062	0.052103
39901	7.418186	-0.607733	-2.990421	0.689456	-0.840914	0.478880	-0.038487	-0.126458	0.991225	0.051163	-0.990908	-0.124431	0.997948	0.045925	0.044607
39902	7.461285	-1.785564	-3.930691	0.608006	-0.930212	0.555992	-0.029002	-0.131429	0.990901	0.057474	-0.989898	-0.129613	0.997926	0.053192	0.036262
39903	7.044736	-2.986237	-4.628627	0.594627	-0.966278	0.596066	-0.019001	-0.136748	0.990424	0.063533	-0.988766	-0.135300	0.997799	0.060354	0.027475
39904	6.561636	-4.487508	-5.693022	0.595352	-0.949502	0.548574	-0.009249	-0.141491	0.989896	0.069598	-0.987629	-0.140517	0.997532	0.067595	0.018982
39905	6.164588	-5.695771	-6.890585	0.706243	-0.862915	0.434926	-0.000327	-0.145136	0.989412	0.076645	-0.986505	-0.144684	0.997058	0.075786	0.011447
39906	5.370843	-5.539167	-7.360502	1.022225	-0.718031	0.283239	0.006990	-0.147293	0.989068	0.086841	-0.985266	-0.147340	0.996198	0.086922	0.005904
39907	4.531986	-5.445710	-8.096474	1.199934	-0.606647	0.151296	0.013167	-0.148187	0.988872	0.098756	-0.983930	-0.148761	0.995025	0.099616	0.001679
39908	4.285937	-6.265130	-8.846234	1.286369	-0.526014	0.064502	0.018413	-0.148232	0.988781	0.111521	-0.982473	-0.149363	0.993591	0.113020	-0.001560
39909	4.562472	-6.524882	-8.650326	1.395497	-0.455493	0.001036	0.022933	-0.147665	0.988772	0.125358	-0.980801	-0.149382	0.991846	0.127376	-0.003981
39910	6.498270	-5.862453	-5.773232	1.335289	-0.380842	0.033621	0.026720	-0.147479	0.988704	0.138527	-0.978968	-0.149771	0.989998	0.140964	-0.005728
39911	11.696348	-4.239781	0.867253	1.472367	-0.280773	0.158293	0.029723	-0.148581	0.988453	0.153027	-0.976556	-0.151394	0.987775	0.155760	-0.006289
39912	23.767908	-0.792779	-0.613603	2.200470	-0.961517	0.492575	0.039981	-0.151788	0.987604	0.174468	-0.972150	-0.156475	0.983851	0.178561	-0.012385
39913	29.514236	7.677042	1.774127	1.051686	-0.883677	0.717568	0.049947	-0.157094	0.986320	0.184465	-0.969111	-0.163695	0.981569	0.190118	-0.019426
39914	15.172308	4.842126	-0.943598	-0.558919	-0.870189	0.266702	0.058949	-0.158016	0.985675	0.178814	-0.969751	-0.166158	0.982115	0.186048	-0.028911
39915	10.901971	-0.287312	-5.970027	-0.804650	-1.009868	-0.096425	0.068697	-0.155204	0.985491	0.170955	-0.971382	-0.164899	0.982881	0.179803	-0.040198
39916	8.164523	-2.863945	-7.788776	-0.294370	-0.977951	0.034480	0.078353	-0.153731	0.985001	0.168062	-0.971861	-0.165049	0.982658	0.178474	-0.050312
39917	6.760644	-0.335363	-8.748973	0.251911	-0.898862	0.215719	0.087541	-0.154176	0.984158	0.170343	-0.971082	-0.167279	0.981489	0.182288	-0.058747
39918	7.106742	-0.271197	-7.677127	0.259909	-0.698514	0.367807	0.095033	-0.156395	0.983112	0.172592	-0.970037	-0.170999	0.980398	0.185928	-0.065193
39919	7.897165	-0.437407	-5.615137	0.074642	-0.510024	0.507948	0.100904	-0.160339	0.981891	0.172812	-0.969101	-0.176009	0.979773	0.187443	-0.070077
39920	8.398434	0.009599	-3.389716	-0.191958	-0.322761	0.573038	0.105078	-0.165209	0.980645	0.170394	-0.968530	-0.181426	0.979757	0.186160	-0.073621
39921	9.399785	0.020057	-0.604442	-0.704843	-0.146773	0.551480	0.107431	-0.170254	0.979527	0.162885	-0.968902	-0.186272	0.980779	0.179562	-0.076358
39922	10.443500	-1.989325	1.253190	-1.133529	-0.069982	0.526266	0.108979	-0.175144	0.978493	0.151257	-0.969971	-0.190465	0.982469	0.168760	-0.079215
39923	10.963609	-4.437099	1.765835	-1.277771	-0.101375	0.487155	0.110676	-0.179678	0.977480	0.138144	-0.971193	-0.194164	0.984209	0.156522	-0.082667
39924	9.987174	-6.221051	1.165259	-1.040822	-0.185130	0.397252	0.113055	-0.183177	0.976558	0.127504	-0.972058	-0.197094	0.985374	0.146798	-0.086540
39925	8.302077	-6.865291	0.093703	-0.394065	-0.336418	0.303519	0.116747	-0.185609	0.975664	0.123260	-0.972078	-0.199676	0.985483	0.143571	-0.090609
39926	7.290200	-5.855016	-0.736455	0.435864	-0.494832	0.286256	0.121998	-0.187617	0.974637	0.127224	-0.970915	-0.202826	0.984343	0.148741	-0.094580
39927	7.736995	-3.358509	-0.964586	1.043148	-0.601151	0.337664	0.128351	-0.189934	0.973371	0.137046	-0.968676	-0.207089	0.982214	0.159977	-0.098301
39928	9.139972	-0.928769	-0.917409	1.196620	-0.627652	0.355032	0.135029	-0.192294	0.972003	0.148305	-0.966014	-0.211711	0.979680	0.172740	-0.101922
39929	10.309900	0.274403	-0.498404	1.018833	-0.602487	0.386529	0.141512	-0.194920	0.970557	0.157728	-0.963459	-0.216492	0.977290	0.183720	-0.105596
39930	10.932702	0.712804	-0.113394	0.665935	-0.575482	0.415274	0.147813	-0.197796	0.969035	0.163631	-0.961403	-0.221198	0.975385	0.191260	-0.109742
39931	10.949017	0.419721	0.158850	0.209696	-0.543777	0.408382	0.153780	-0.200642	0.967520	0.165048	-0.960195	-0.225356	0.974223	0.194342	-0.114543
39932	10.229445	-0.790948	0.126123	-0.207879	-0.520707	0.376080	0.159482	-0.203183	0.966065	0.162461	-0.959846	-0.228695	0.973741	0.193420	-0.120069
39933	9.558862	-2.626653	-0.347001	-0.410007	-0.509639	0.341856	0.164987	-0.205457	0.964659	0.157903	-0.959944	-0.231459	0.973574	0.190510	-0.125936
39934	8.943507	-3.990594	-0.991530	-0.355032	-0.530557	0.318160	0.170660	-0.207444	0.963246	0.153943	-0.959968	-0.234013	0.973230	0.188222	-0.131894
39935	8.855582	-4.571779	-1.684412	-0.156592	-0.558162	0.295191	0.176537	-0.209198	0.961806	0.151897	-0.959657	-0.236611	0.972503	0.187866	-0.137638
39936	9.124361	-4.508071	-2.257308	0.044512	-0.574640	0.284592	0.182565	-0.210795	0.960331	0.151831	-0.958985	-0.239364	0.971400	0.189508	-0.143071
39937	9.187800	-3.848552	-2.509094	0.207596	-0.582992	0.278474	0.188644	-0.212321	0.958819	0.153319	-0.958009	-0.242307	0.970003	0.192715	-0.148170
39938	9.177225	-2.999770	-2.427835	0.246876	-0.575126	0.268793	0.194644	-0.213738	0.957303	0.155196	-0.956965	-0.245218	0.968518	0.196300	-0.153096
39939	9.186274	-2.258733	-2.068144	0.190769	-0.556325	0.267707	0.200441	-0.215169	0.955785	0.156503	-0.956024	-0.248044	0.967125	0.199302	-0.157951
39940	9.081454	-1.824647	-1.456335	0.092990	-0.539582	0.258680	0.206074	-0.216523	0.954281	0.156874	-0.955288	-0.250628	0.965880	0.201350	-0.162893
39941	9.114513	-1.689643	-1.070068	-0.016595	-0.524333	0.269685	0.211553	-0.218011	0.952742	0.156141	-0.954746	-0.253141	0.964814	0.202315	-0.167939
39942	9.102755	-1.692063	-0.622790	-0.092800	-0.530130	0.293070	0.217133	-0.219695	0.951098	0.154621	-0.954302	-0.255734	0.963818	0.202588	-0.173241
39943	9.380021	-1.662425	-0.248852	-0.159833	-0.553762	0.305570	0.222932	-0.221460	0.949346	0.152400	-0.953962	-0.258324	0.962848	0.202269	-0.178918
39944	9.633552	-1.748254	-0.479266	-0.242399	-0.576363	0.318943	0.228969	-0.223295	0.947477	0.149354	-0.953751	-0.260867	0.961908	0.201240	-0.185030
39945	9.673934	-1.901541	-1.075527	-0.300215	-0.595003	0.327231	0.235168	-0.225193	0.945507	0.145700	-0.953630	-0.263367	0.960972	0.199696	-0.191453
39946	9.604521	-2.117524	-1.872654	-0.355604	-0.601784	0.328691	0.241428	-0.227084	0.943475	0.141514	-0.953603	-0.265734	0.960045	0.197671	-0.198091
39947	9.558968	-2.509973	-2.519771	-0.386920	-0.594773	0.317339	0.247574	-0.228912	0.941439	0.137017	-0.953650	-0.267913	0.959132	0.195322	-0.204734
39948	9.404183	-2.948343	-2.980349	-0.371497	-0.590084	0.302499	0.253648	-0.230599	0.939408	0.132715	-0.953688	-0.269938	0.958149	0.193143	-0.211297
39949	9.376239	-3.141945	-3.079910	-0.326630	-0.586447	0.293132	0.259643	-0.232238	0.937364	0.128827	-0.953647	-0.271956	0.957073	0.191370	-0.217689
39950	9.305353	-3.226367	-2.933886	-0.297926	-0.571811	0.270041	0.265467	-0.233672	0.935374	0.125284	-0.953597	-0.273781	0.955945	0.189868	-0.223873
39951	9.213018	-3.415886	-2.711389	-0.282849	-0.554735	0.246595	0.271068	-0.234945	0.933447	0.121913	-0.953565	-0.275411	0.954809	0.188455	-0.229838
39952	9.066107	-3.600473	-2.565968	-0.243505	-0.557931	0.198200	0.276643	-0.235739	0.931609	0.119059	-0.953567	-0.276650	0.953569	0.187449	-0.235730
39953	8.530562	-4.034767	-2.503323	-0.201962	-0.543078	0.164249	0.282008	-0.236259	0.929867	0.116669	-0.953568	-0.277664	0.952292	0.186790	-0.241350
39954	8.626453	-4.631366	-2.305193	-0.058938	-0.566804	0.139867	0.287575	-0.236493	0.928101	0.115712	-0.953358	-0.278782	0.950743	0.187563	-0.246797
39955	8.939291	-4.439085	-2.075168	0.119776	-0.595175	0.144922	0.293393	-0.236721	0.926220	0.116422	-0.952799	-0.280392	0.948877	0.190097	-0.251985
39956	9.233645	-3.256797	-1.655918	0.214485	-0.626995	0.136063	0.299503	-0.236789	0.924245	0.118037	-0.952076	-0.282169	0.946766	0.193606	-0.257199
39957	9.396187	-2.489278	-1.311843	0.126977	-0.631754	0.127019	0.305624	-0.236737	0.922252	0.118848	-0.951538	-0.283639	0.944706	0.196295	-0.262677
39958	9.669140	-2.144448	-1.328562	0.095173	-0.662784	0.123233	0.312030	-0.236577	0.920146	0.119350	-0.951068	-0.285000	0.942546	0.198748	-0.268526
39959	9.850926	-1.119987	-0.868959	0.095175	-0.701590	0.127934	0.318784	-0.236361	0.917884	0.119837	-0.950586	-0.286401	0.940221	0.201297	-0.274707
39960	9.789129	-0.720075	-0.495998	-0.027636	-0.744872	0.124995	0.325930	-0.236013	0.915460	0.119170	-0.950357	-0.287438	0.937853	0.202780	-0.281624
39961	9.802889	-0.923052	-0.249047	-0.085745	-0.812454	0.140507	0.333702	-0.235667	0.912745	0.117898	-0.950210	-0.288445	0.935277	0.203865	-0.289303
39962	9.798220	-1.077557	-0.213180	-0.101201	-0.902577	0.176692	0.342336	-0.235458	0.909597	0.116367	-0.950012	-0.289716	0.932344	0.205027	-0.297824
39963	10.158872	-0.906331	-0.449517	-0.107176	-0.998595	0.205980	0.351864	-0.235331	0.905986	0.114650	-0.949759	-0.291228	0.929003	0.206344	-0.307205
39964	10.497936	-0.502977	-0.540628	-0.186100	-1.068179	0.253060	0.362049	-0.235471	0.901928	0.112047	-0.949560	-0.292884	0.925400	0.207097	-0.317403
39965	10.592342	-0.255919	-0.697722	-0.319439	-1.130930	0.283706	0.372802	-0.235796	0.897451	0.108051	-0.949563	-0.294372	0.921598	0.206713	-0.328521
39966	10.655057	-0.034783	-1.069008	-0.438717	-1.196914	0.315633	0.384133	-0.236254	0.892539	0.102870	-0.949736	-0.295667	0.917529	0.205391	-0.340521
39967	10.818113	0.262876	-1.440298	-0.555238	-1.259630	0.343459	0.396002	-0.236914	0.887161	0.096445	-0.950068	-0.296764	0.913171	0.203081	-0.353380
39968	10.845255	0.380569	-1.675703	-0.663206	-1.306505	0.371589	0.408238	-0.237715	0.881382	0.088986	-0.950540	-0.297583	0.908528	0.199915	-0.366893
39969	10.642914	0.649392	-1.571473	-0.752707	-1.362649	0.407454	0.420927	-0.238862	0.875081	0.080475	-0.951069	-0.298313	0.903518	0.195990	-0.381108
39970	10.351426	0.860998	-1.442068	-0.870841	-1.419897	0.437190	0.434039	-0.240145	0.868297	0.070870	-0.951729	-0.298645	0.898102	0.191160	-0.396069
