// General information: 
//  MT Manager version: 2022.2.0 
//  XDA version: 2022.2.0 build 7381 rev 124627 built on 2023-07-19
// Device information: 
//  DeviceId: 00B4CAF0
//  ProductCode: MTW2-3A7G6
//  Firmware Version: 4.6.0
//  Hardware Version: 2.0.0
// Device settings: 
//  Filter Profile: human(46.1)
//  Option Flags: Orientation Smoother Disabled, Position/Velocity Smoother Disabled, Continuous Zero Rotation Update Disabled, AHS Disabled, ICC Disabled
// Coordinate system: ENU
PacketCounter	Acc_X	Acc_Y	Acc_Z	Gyr_X	Gyr_Y	Gyr_Z	Mat[1][1]	Mat[2][1]	Mat[3][1]	Mat[1][2]	Mat[2][2]	Mat[3][2]	Mat[1][3]	Mat[2][3]	Mat[3][3]
39708	4.867932	-1.307698	8.999238	-0.004793	-0.111318	-0.034145	-0.858608	0.200441	0.471822	-0.288991	-0.949456	-0.122546	0.423411	-0.241571	0.873136
39709	4.907540	-1.291060	9.037042	-0.013232	-0.112963	-0.031174	-0.858032	0.200543	0.472826	-0.289400	-0.949334	-0.122523	0.424299	-0.241965	0.872596
39710	4.806910	-1.167258	9.170562	-0.031405	-0.137180	-0.024461	-0.857364	0.200453	0.474073	-0.289758	-0.949205	-0.122675	0.425402	-0.242544	0.871897
39711	4.900560	-1.249174	9.110724	-0.043007	-0.152404	-0.018954	-0.856675	0.200269	0.475396	-0.290133	-0.949046	-0.123023	0.426535	-0.243319	0.871128
39712	4.832760	-1.330180	9.172815	-0.052570	-0.171953	-0.021860	-0.855862	0.200068	0.476941	-0.290560	-0.948870	-0.123371	0.427872	-0.244168	0.870234
39713	4.818481	-1.370462	9.170368	-0.053087	-0.198260	-0.024263	-0.854917	0.199930	0.478690	-0.291111	-0.948659	-0.123692	0.429384	-0.245099	0.869227
39714	4.809752	-1.479325	9.162192	-0.049711	-0.222781	-0.027286	-0.853865	0.199653	0.480680	-0.291573	-0.948479	-0.123987	0.431160	-0.246022	0.868086
39715	4.701202	-1.499349	9.315003	-0.045526	-0.257572	-0.031764	-0.852645	0.199323	0.482977	-0.292079	-0.948285	-0.124280	0.433228	-0.247034	0.866769
39716	4.740038	-1.660058	9.365513	-0.012254	-0.318465	-0.039934	-0.851130	0.198925	0.485805	-0.292488	-0.948171	-0.124186	0.435922	-0.247790	0.865200
39717	4.867245	-1.716592	9.292562	0.052132	-0.345644	-0.068798	-0.849442	0.198777	0.488811	-0.292904	-0.948141	-0.123436	0.438925	-0.248027	0.863613
39718	4.802815	-1.766041	9.354810	0.122597	-0.362203	-0.105585	-0.847522	0.198891	0.492086	-0.293275	-0.948231	-0.121854	0.442375	-0.247591	0.861976
39719	4.790569	-1.920024	9.371869	0.244325	-0.402487	-0.167942	-0.845291	0.199502	0.495664	-0.293634	-0.948483	-0.118996	0.446388	-0.246130	0.860324
39720	4.888215	-2.002805	9.155773	0.402902	-0.434699	-0.256191	-0.842573	0.200880	0.499718	-0.294003	-0.948951	-0.114252	0.451257	-0.243184	0.858620
39721	5.200637	-2.577502	9.493408	0.474658	-0.475702	-0.349627	-0.839420	0.203034	0.504135	-0.294801	-0.949377	-0.108516	0.456582	-0.239710	0.856780
39722	5.499113	-3.295071	9.044017	0.686109	-0.450776	-0.478042	-0.835923	0.206517	0.508512	-0.295669	-0.950019	-0.100216	0.462400	-0.234124	0.855203
39723	5.314228	-1.792625	9.185025	0.961840	-0.456299	-0.587010	-0.832149	0.211047	0.512822	-0.296107	-0.950988	-0.089118	0.468880	-0.226010	0.853857
39724	5.542155	-1.790924	8.807719	0.832551	-0.406689	-0.634973	-0.828331	0.216194	0.516843	-0.297467	-0.951480	-0.078740	0.474743	-0.218967	0.852451
39725	5.425669	-1.531387	8.726898	0.913603	-0.428215	-0.697343	-0.824315	0.222011	0.520784	-0.298966	-0.951879	-0.067425	0.480755	-0.211276	0.851021
39726	5.773542	-0.936502	8.530856	0.867327	-0.482680	-0.739508	-0.819746	0.228061	0.525361	-0.300862	-0.952012	-0.056178	0.487338	-0.204113	0.849023
39727	5.942355	-1.828844	8.485357	0.499608	-0.481887	-0.766790	-0.815262	0.234262	0.529593	-0.304611	-0.951260	-0.048139	0.492504	-0.200566	0.846885
39728	6.082507	-3.364713	8.658888	0.419510	-0.486476	-0.874470	-0.810154	0.241618	0.534108	-0.309656	-0.950010	-0.039935	0.497759	-0.197743	0.844472
39729	6.636638	-5.594524	9.477462	0.226166	-0.484053	-0.976436	-0.804762	0.249942	0.538412	-0.316481	-0.948027	-0.032949	0.502193	-0.196913	0.842038
39730	5.815880	-5.766596	8.347187	0.910867	-0.342020	-1.215446	-0.799143	0.260809	0.541617	-0.321643	-0.946676	-0.018717	0.507855	-0.189165	0.840417
39731	5.985793	-2.720871	8.687657	1.139245	-0.434633	-1.370691	-0.792473	0.272943	0.545425	-0.326792	-0.945094	-0.001865	0.514969	-0.179719	0.838158
39732	5.463282	-1.211457	7.824621	1.085281	-0.252601	-1.462767	-0.786327	0.286322	0.547457	-0.332736	-0.942897	0.015222	0.520554	-0.170189	0.836696
39733	5.556951	0.219133	7.973733	0.863197	-0.274469	-1.506455	-0.779812	0.300002	0.549447	-0.340075	-0.939902	0.030536	0.525587	-0.163041	0.834971
39734	5.226895	0.608339	7.670499	0.613746	-0.107815	-1.564324	-0.773839	0.314515	0.549775	-0.349008	-0.936074	0.044260	0.528551	-0.157626	0.834139
39735	4.529778	-0.110451	8.252299	0.240810	-0.064375	-1.448618	-0.768393	0.327814	0.549646	-0.358860	-0.931824	0.054070	0.529898	-0.155698	0.833646
39736	3.580801	-4.890841	8.279771	-0.255731	0.042877	-0.724573	-0.765980	0.334635	0.548903	-0.365787	-0.929017	0.055922	0.528654	-0.157946	0.834013
39737	4.104309	-11.264753	7.667184	-0.789110	-0.126290	0.629660	-0.767647	0.328424	0.550323	-0.365064	-0.929860	0.045697	0.526732	-0.165824	0.833700
39738	3.790890	-14.430498	8.448743	-0.447495	-0.185688	1.615211	-0.772470	0.313069	0.552520	-0.354998	-0.934282	0.033065	0.526561	-0.170602	0.832843
39739	3.466941	-11.154395	9.510511	0.013675	-0.184537	2.351626	-0.779653	0.290542	0.554732	-0.336692	-0.941405	0.019856	0.527996	-0.171293	0.831792
39740	2.586612	-9.136560	9.903571	0.004539	-0.066815	2.990222	-0.789003	0.262165	0.555647	-0.313230	-0.949672	0.003295	0.528547	-0.171445	0.831411
39741	1.772010	-6.625262	10.084992	0.044053	-0.057116	3.425534	-0.798966	0.229309	0.555941	-0.285959	-0.958112	-0.015771	0.529038	-0.171577	0.831072
39742	1.381804	-4.910597	10.306872	-0.118621	-0.061024	3.740658	-0.808777	0.193229	0.555466	-0.256531	-0.965807	-0.037543	0.529218	-0.172858	0.830691
39743	1.282623	-3.856665	10.876147	-0.259691	-0.045361	3.947753	-0.818030	0.155105	0.553867	-0.226312	-0.972078	-0.062030	0.528781	-0.176090	0.830291
39744	1.632133	-2.976724	11.408637	-0.316161	-0.003902	4.074441	-0.826571	0.115398	0.550876	-0.194493	-0.977024	-0.087162	0.528160	-0.179187	0.830023
39745	2.297962	-0.580182	10.929112	-0.011524	0.109607	4.092478	-0.834402	0.076178	0.545867	-0.161588	-0.980693	-0.110141	0.526937	-0.180107	0.830601
39746	2.053086	2.778225	11.715923	-0.180157	0.368232	4.093627	-0.842258	0.036666	0.537827	-0.128231	-0.982674	-0.133822	0.523602	-0.181679	0.832366
39747	1.855928	1.726173	11.907710	-0.610148	0.436457	3.919459	-0.849046	-0.000055	0.528319	-0.099627	-0.982042	-0.160210	0.518841	-0.188660	0.833793
39748	2.047323	3.342940	12.285294	-0.299973	0.504758	3.455223	-0.854604	-0.032996	0.518231	-0.071762	-0.980899	-0.180796	0.514298	-0.191699	0.835912
39749	2.198223	4.056991	12.478289	-0.393721	0.618462	2.914280	-0.859709	-0.058986	0.507366	-0.050529	-0.978616	-0.199392	0.508278	-0.197056	0.838345
39750	3.049403	4.350914	13.229519	-0.345033	0.741434	2.254176	-0.864384	-0.079531	0.496503	-0.032861	-0.976367	-0.213606	0.501757	-0.200953	0.841343
39751	6.478300	2.090313	12.818885	-0.063251	0.886401	1.107928	-0.869350	-0.087110	0.486458	-0.025317	-0.975200	-0.219873	0.493547	-0.203462	0.845585
39752	4.531944	8.272930	14.530994	0.682659	1.388905	0.375709	-0.876196	-0.087974	0.473858	-0.018732	-0.976240	-0.215879	0.481591	-0.198028	0.853730
39753	4.484531	7.384199	12.236267	-0.211513	1.757109	-0.215363	-0.884570	-0.082269	0.459095	-0.021797	-0.975954	-0.216886	0.465899	-0.201858	0.861506
39754	3.914993	7.080220	12.108726	-0.634574	1.641070	-0.724648	-0.891894	-0.071811	0.446507	-0.031166	-0.975206	-0.219094	0.451169	-0.209325	0.867542
39755	3.609597	3.496071	10.918440	-0.962808	1.754793	-1.180789	-0.899380	-0.055101	0.433682	-0.047587	-0.973791	-0.222411	0.434570	-0.220669	0.873186
39756	3.985853	2.028386	10.202715	-0.932577	1.664936	-1.512317	-0.905624	-0.036614	0.422497	-0.065239	-0.972378	-0.224108	0.419033	-0.230521	0.878221
39757	4.183830	0.794209	9.833688	-0.891416	1.597933	-1.696876	-0.911021	-0.015085	0.412083	-0.085691	-0.970590	-0.224973	0.403357	-0.240267	0.882935
39758	4.445016	-0.819701	9.478983	-0.875849	1.337744	-1.762300	-0.914639	0.005288	0.404238	-0.105277	-0.968530	-0.225534	0.390324	-0.248839	0.886412
39759	1.269457	1.663172	3.914345	0.138523	0.662034	-2.185897	-0.914718	0.029254	0.403033	-0.125949	-0.968333	-0.215565	0.383964	-0.247943	0.889436
39760	7.089261	-0.036361	6.089296	-1.103450	0.115730	-1.894092	-0.912561	0.047870	0.406128	-0.147501	-0.964803	-0.217711	0.381412	-0.258579	0.887503
39761	8.323771	-3.224665	8.156813	0.000624	0.166126	-2.115770	-0.909867	0.069516	0.409036	-0.167629	-0.963410	-0.209144	0.379530	-0.258860	0.888228
39762	10.548817	0.178323	10.503413	0.042358	0.315774	-1.894192	-0.907714	0.088583	0.410133	-0.184707	-0.962017	-0.201015	0.376748	-0.258218	0.889598
39763	9.689337	-1.841163	9.360092	-0.069049	0.609736	-1.592829	-0.906914	0.106073	0.407744	-0.200047	-0.960151	-0.195169	0.370794	-0.258570	0.891994
39764	9.035701	-1.729250	8.071709	-0.096917	0.634586	-1.350597	-0.906451	0.120684	0.404700	-0.212672	-0.958363	-0.190554	0.364853	-0.258797	0.894375
39765	8.090797	-2.430797	6.567020	0.032652	0.592702	-1.150915	-0.906055	0.133751	0.401465	-0.223520	-0.956851	-0.185675	0.359308	-0.257967	0.896856
39766	7.849821	-1.762877	5.609423	0.113896	0.440662	-0.986850	-0.905372	0.144336	0.399336	-0.232074	-0.955765	-0.180707	0.355589	-0.256282	0.898819
39767	8.810523	-1.527993	5.001498	0.150540	0.215340	-0.806863	-0.904194	0.153033	0.398766	-0.239305	-0.954824	-0.176191	0.353789	-0.254738	0.899968
39768	9.215141	-1.156060	4.808843	0.161834	0.066840	-0.643214	-0.902863	0.159356	0.399304	-0.244567	-0.954224	-0.172174	0.353588	-0.253106	0.900507
39769	10.099234	-1.281165	4.539398	0.216947	-0.074747	-0.516955	-0.901275	0.164486	0.400809	-0.248882	-0.953814	-0.168216	0.354628	-0.251363	0.900586
39770	10.288125	-1.084450	4.278049	0.299303	-0.187472	-0.434051	-0.899510	0.168171	0.403237	-0.251748	-0.953834	-0.163782	0.357077	-0.248838	0.900320
39771	10.473806	-0.590225	4.401719	0.362568	-0.315334	-0.390163	-0.897338	0.171443	0.406685	-0.254324	-0.953958	-0.159005	0.360700	-0.246111	0.899625
39772	11.164637	-0.284481	4.211453	0.429453	-0.443279	-0.401073	-0.894692	0.174201	0.411315	-0.256381	-0.954308	-0.153510	0.365780	-0.242798	0.898473
39773	11.804419	-0.277562	4.065183	0.545230	-0.581356	-0.538178	-0.891089	0.178265	0.417351	-0.259556	-0.954559	-0.146453	0.372279	-0.238829	0.896866
39774	11.019781	1.352465	8.638122	0.854372	-0.328758	-0.733875	-0.887928	0.184515	0.421354	-0.262904	-0.955228	-0.135720	0.377446	-0.231285	0.896684
39775	12.733193	1.283184	14.862643	-0.159953	-0.018232	0.054791	-0.887922	0.184257	0.421479	-0.263386	-0.954850	-0.137441	0.377125	-0.233048	0.896362
39776	2.915985	-1.391842	7.622764	0.625408	0.996658	-0.013083	-0.891598	0.186681	0.412556	-0.261190	-0.956251	-0.131771	0.369908	-0.225242	0.901351
39777	0.244783	2.209226	8.964596	0.535820	0.059139	-0.033454	-0.891636	0.187485	0.412111	-0.259912	-0.957265	-0.126844	0.370718	-0.220211	0.902261
39778	5.559237	-3.320865	10.501287	-0.797425	-0.163479	0.218997	-0.891589	0.185039	0.413316	-0.260937	-0.955878	-0.134943	0.370110	-0.228163	0.900533
39779	3.182772	-4.895844	8.135596	0.270645	0.018581	-0.005545	-0.891549	0.185503	0.413194	-0.260404	-0.956362	-0.132517	0.370581	-0.225743	0.900949
39780	1.887647	-0.551606	8.092910	0.378092	-0.318914	-0.076654	-0.890150	0.185536	0.416185	-0.259702	-0.957061	-0.128801	0.374417	-0.222736	0.900111
39781	3.390305	-1.755543	9.807985	-0.290531	-0.607639	0.008125	-0.887796	0.184425	0.421670	-0.261112	-0.956311	-0.131492	0.378997	-0.226841	0.897165
39782	4.241040	-0.926391	10.089210	0.124817	-0.730717	-0.038196	-0.884890	0.183147	0.428283	-0.260997	-0.956517	-0.130218	0.385811	-0.227009	0.894213
39783	5.180530	-0.528360	9.465451	-0.049987	-0.752573	-0.037913	-0.881779	0.182124	0.435081	-0.261912	-0.956222	-0.130545	0.392259	-0.229065	0.890877
39784	7.499029	-2.582940	9.790478	-0.178150	-0.605325	-0.017911	-0.879331	0.180915	0.440507	-0.262797	-0.955771	-0.132057	0.397133	-0.231886	0.887983
39785	4.156263	-0.892356	8.517266	0.306591	-0.165811	-0.083826	-0.878360	0.181686	0.442125	-0.262727	-0.956207	-0.129011	0.399323	-0.229476	0.887627
39786	5.889963	-0.536521	10.002838	-0.040441	-0.399621	-0.027268	-0.876673	0.181043	0.445722	-0.263152	-0.956057	-0.129254	0.402735	-0.230607	0.885791
39787	6.104172	-0.303999	9.821877	0.032194	-0.167109	0.017472	-0.875959	0.180814	0.447216	-0.263250	-0.956052	-0.129085	0.404221	-0.230803	0.885062
39788	4.920486	-1.887478	9.022124	-0.100014	-0.066027	0.037197	-0.875778	0.180320	0.447770	-0.263353	-0.955881	-0.130143	0.404547	-0.231898	0.884627
39789	5.012103	-1.457848	9.040358	0.081540	-0.029819	0.004825	-0.875580	0.180545	0.448066	-0.263379	-0.955964	-0.129479	0.404958	-0.231380	0.884574
39790	4.936565	-1.287589	9.168057	0.001394	0.003163	0.013006	-0.875615	0.180443	0.448040	-0.263284	-0.955983	-0.129531	0.404945	-0.231380	0.884580
39791	4.960628	-1.367285	9.058323	0.046102	0.039361	0.000824	-0.875681	0.180890	0.447730	-0.263516	-0.955969	-0.129163	0.404651	-0.231089	0.884791
39792	4.787950	-1.194099	9.111743	0.030516	0.064204	0.007144	-0.875947	0.180985	0.447171	-0.263354	-0.956045	-0.128931	0.404180	-0.230701	0.885107
39793	4.703058	-1.294242	9.080935	0.032567	0.071813	0.011624	-0.876176	0.181384	0.446560	-0.263523	-0.956025	-0.128730	0.403573	-0.230469	0.885445
39794	4.650960	-1.358666	9.043342	0.046981	0.075772	0.007913	-0.876490	0.181497	0.445897	-0.263289	-0.956140	-0.128355	0.403044	-0.229902	0.885833
39795	4.637620	-1.353561	9.024079	0.053393	0.083134	0.008501	-0.876757	0.181946	0.445189	-0.263396	-0.956164	-0.127955	0.402393	-0.229447	0.886247
39796	4.607165	-1.400393	9.007286	0.051504	0.089046	0.013571	-0.877138	0.182035	0.444401	-0.263095	-0.956299	-0.127566	0.401759	-0.228812	0.886699
39797	4.513741	-1.360033	8.959565	0.052844	0.091859	0.014988	-0.877456	0.182438	0.443607	-0.263145	-0.956334	-0.127199	0.401031	-0.228345	0.887149
39798	4.462991	-1.429928	9.072912	0.047517	0.080931	0.021048	-0.877823	0.182436	0.442881	-0.262794	-0.956473	-0.126877	0.400457	-0.227762	0.887558
39799	4.453525	-1.317311	8.930439	0.046727	0.061439	0.025114	-0.878046	0.182670	0.442344	-0.262778	-0.956513	-0.126611	0.399979	-0.227409	0.887864
39800	4.362122	-1.220602	9.160010	0.028565	0.035794	0.029995	-0.878255	0.182479	0.442006	-0.262425	-0.956625	-0.126497	0.399751	-0.227090	0.888048
39801	4.424545	-1.431693	9.262620	0.002917	-0.013261	0.038263	-0.878215	0.182410	0.442115	-0.262461	-0.956591	-0.126677	0.399816	-0.227287	0.887968
39802	4.448305	-1.429868	9.205788	0.022406	-0.044723	0.031732	-0.878107	0.182020	0.442490	-0.262118	-0.956692	-0.126625	0.400278	-0.227175	0.887789
39803	4.526357	-1.395506	9.211376	0.006959	-0.078289	0.031535	-0.877788	0.181872	0.443184	-0.262202	-0.956654	-0.126740	0.400923	-0.227454	0.887426
39804	4.600753	-1.430201	9.189359	0.003247	-0.091701	0.032477	-0.877492	0.181368	0.443974	-0.261929	-0.956713	-0.126862	0.401747	-0.227610	0.887013
39805	4.653463	-1.482005	9.146531	-0.006324	-0.101246	0.027427	-0.877067	0.181214	0.444876	-0.262111	-0.956634	-0.127077	0.402555	-0.228062	0.886531
39806	4.639463	-1.500123	9.121788	-0.002222	-0.098078	0.023475	-0.876721	0.180781	0.445733	-0.261939	-0.956664	-0.127208	0.403420	-0.228281	0.886081
39807	4.720370	-1.501640	9.124037	-0.006904	-0.083073	0.016971	-0.876346	0.180745	0.446486	-0.262191	-0.956572	-0.127382	0.404072	-0.228695	0.885677
39808	4.615147	-1.432440	9.101298	0.011153	-0.082315	0.012880	-0.876034	0.180449	0.447216	-0.262058	-0.956613	-0.127347	0.404833	-0.228757	0.885314
39809	4.488729	-1.365204	9.134586	-0.004304	-0.084214	0.015034	-0.875639	0.180472	0.447981	-0.262366	-0.956509	-0.127493	0.405489	-0.229173	0.884906
39810	4.626983	-1.384423	9.146257	-0.011421	-0.117873	0.015479	-0.875188	0.180069	0.449022	-0.262302	-0.956503	-0.127670	0.406502	-0.229515	0.884352
39811	4.650491	-1.328618	8.988065	-0.013707	-0.111892	0.017278	-0.874695	0.179957	0.450027	-0.262574	-0.956397	-0.127908	0.407387	-0.230046	0.883807
39812	4.489378	-1.317677	9.078203	-0.024220	-0.122434	0.020758	-0.874237	0.179492	0.451101	-0.262517	-0.956370	-0.128222	0.408404	-0.230518	0.883214
39813	4.579062	-1.336341	9.025407	-0.023134	-0.157685	0.025176	-0.873568	0.179232	0.452498	-0.262796	-0.956246	-0.128578	0.409654	-0.231237	0.882447
39814	4.695378	-1.324230	9.067121	-0.022035	-0.163145	0.025267	-0.872953	0.178628	0.453922	-0.262692	-0.956232	-0.128894	0.411031	-0.231760	0.881669
39815	4.734939	-1.340695	8.950725	-0.027108	-0.167703	0.026185	-0.872241	0.178336	0.455404	-0.262986	-0.956097	-0.129292	0.412353	-0.232538	0.880847
39816	4.764106	-1.332512	9.065522	-0.034124	-0.159527	0.035262	-0.871662	0.177643	0.456781	-0.262845	-0.956073	-0.129760	0.413665	-0.233169	0.880064
39817	4.705146	-1.440973	9.047522	-0.046367	-0.164542	0.033883	-0.870982	0.177268	0.458222	-0.263136	-0.955911	-0.130361	0.414910	-0.234117	0.879226
39818	4.782320	-1.534062	9.069104	-0.040015	-0.167380	0.028152	-0.870347	0.176622	0.459674	-0.263083	-0.955859	-0.130849	0.416273	-0.234817	0.878395
39819	4.790515	-1.502713	9.038593	-0.027540	-0.161301	0.016233	-0.869631	0.176419	0.461106	-0.263451	-0.955708	-0.131207	0.417536	-0.235581	0.877591
39820	4.840919	-1.422820	9.100031	-0.034184	-0.156943	0.015419	-0.869002	0.175917	0.462481	-0.263486	-0.955647	-0.131585	0.418820	-0.236205	0.876811
39821	4.908539	-1.389380	9.028015	-0.030463	-0.155242	0.013211	-0.868300	0.175747	0.463861	-0.263886	-0.955485	-0.131954	0.420022	-0.236982	0.876026
39822	4.938034	-1.409714	9.015140	-0.029102	-0.134309	0.008986	-0.867746	0.175358	0.465044	-0.263956	-0.955424	-0.132258	0.421121	-0.237517	0.875353
39823	4.866073	-1.396910	9.032411	-0.040886	-0.115972	0.013418	-0.867203	0.175303	0.466078	-0.264427	-0.955230	-0.132717	0.421946	-0.238337	0.874733
39824	4.796084	-1.503568	8.993576	-0.052509	-0.108217	0.003207	-0.866741	0.175030	0.467038	-0.264647	-0.955102	-0.133199	0.422755	-0.239049	0.874147
39825	4.803136	-1.487631	8.912969	-0.048205	-0.120188	-0.001968	-0.866144	0.175073	0.468128	-0.265242	-0.954874	-0.133650	0.423605	-0.239927	0.873495
39826	4.786716	-1.527579	8.938115	-0.047244	-0.109006	-0.004142	-0.865658	0.174866	0.469103	-0.265504	-0.954745	-0.134050	0.424433	-0.240590	0.872910
39827	4.787061	-1.550049	8.959311	-0.050962	-0.119414	-0.011524	-0.865032	0.175024	0.470198	-0.266222	-0.954484	-0.134481	0.425259	-0.241508	0.872255
39828	4.904314	-1.520270	8.949257	-0.065936	-0.118352	-0.014295	-0.864477	0.174890	0.471267	-0.266653	-0.954292	-0.134996	0.426117	-0.242366	0.871598
39829	4.818553	-1.410211	9.051905	-0.092698	-0.095903	-0.021050	-0.863923	0.175198	0.472168	-0.267636	-0.953910	-0.135745	0.426623	-0.243642	0.870994
39830	4.621305	-1.238405	9.266023	-0.120140	-0.129670	-0.022353	-0.863296	0.175110	0.473345	-0.268369	-0.953569	-0.136692	0.427431	-0.245037	0.870207
39831	4.974721	-1.561276	8.863733	-0.171137	-0.177015	-0.021229	-0.862404	0.175163	0.474950	-0.269632	-0.953007	-0.138120	0.428437	-0.247176	0.869106
39832	4.634701	-1.254710	9.380263	-0.164823	-0.129608	-0.020379	-0.861780	0.175051	0.476122	-0.270540	-0.952554	-0.139462	0.429119	-0.248996	0.868250
39833	4.525209	-1.343018	9.428648	-0.199542	-0.214961	-0.007025	-0.860754	0.174894	0.478032	-0.271835	-0.951929	-0.141197	0.430358	-0.251482	0.866919
39834	4.936460	-1.205892	9.027451	-0.249348	-0.286048	-0.000036	-0.859507	0.174186	0.480528	-0.272937	-0.951290	-0.143363	0.432149	-0.254376	0.865182
39835	4.738198	-1.209005	9.231719	-0.316431	-0.254885	0.011460	-0.858354	0.173733	0.482748	-0.274579	-0.950387	-0.146190	0.433400	-0.258035	0.863471
39836	4.701359	-1.361418	9.174248	-0.401456	-0.339913	0.021440	-0.856923	0.172660	0.485666	-0.276166	-0.949370	-0.149762	0.435219	-0.262459	0.861220
39837	4.780411	-1.506912	9.181599	-0.438967	-0.368005	0.025633	-0.855310	0.171741	0.488824	-0.278220	-0.948141	-0.153694	0.437079	-0.267457	0.858737
39838	4.551612	-1.467545	9.474439	-0.482107	-0.413897	0.029788	-0.853566	0.170356	0.492345	-0.280104	-0.946881	-0.157980	0.439279	-0.272755	0.855943
39839	4.211143	-1.536540	9.719515	-0.555508	-0.516052	0.030838	-0.851301	0.168940	0.496734	-0.282648	-0.945289	-0.162908	0.442036	-0.279085	0.852476
39840	4.117924	-1.586421	9.837482	-0.568931	-0.679796	0.032031	-0.848359	0.166733	0.502480	-0.284930	-0.943727	-0.167912	0.446208	-0.285621	0.848127
39841	4.063210	-1.521598	9.798458	-0.568662	-0.849567	0.029590	-0.844560	0.164277	0.509640	-0.287566	-0.942026	-0.172894	0.451692	-0.292574	0.842838
39842	4.041614	-1.334985	9.760805	-0.548682	-1.010741	0.042127	-0.840066	0.160903	0.518072	-0.289735	-0.940461	-0.177724	0.458631	-0.299403	0.836669
39843	3.836636	-1.188799	10.203172	-0.485128	-1.108451	0.040250	-0.834989	0.157456	0.527258	-0.291981	-0.938949	-0.181993	0.466413	-0.305912	0.829986
39844	3.087533	-1.227543	10.629064	-0.505541	-1.335282	0.015952	-0.828728	0.153191	0.538277	-0.294258	-0.937401	-0.186259	0.476048	-0.312750	0.821928
39845	2.314487	-1.511081	11.251427	-0.748650	-1.728843	-0.074700	-0.820114	0.148673	0.552548	-0.298804	-0.934807	-0.191969	0.487985	-0.322540	0.811072
39846	2.495442	-2.738024	10.938484	-0.970190	-2.231068	-0.278875	-0.808197	0.143955	0.571046	-0.305910	-0.931200	-0.198206	0.503225	-0.334879	0.796631
39847	3.342760	-3.862881	10.117314	-0.672234	-2.588081	-0.540246	-0.793211	0.140435	0.592532	-0.313976	-0.928049	-0.200358	0.521762	-0.344967	0.780232
39848	2.825806	-3.377207	9.942599	-0.117816	-2.882862	-0.815337	-0.775242	0.137990	0.616407	-0.321026	-0.926495	-0.196341	0.544005	-0.350095	0.762556
39849	3.097007	-3.354132	9.609983	0.122362	-3.596748	-1.019287	-0.751866	0.134782	0.645393	-0.328145	-0.925527	-0.188997	0.571855	-0.353883	0.740100
39850	4.054057	-3.292415	9.377624	0.445566	-4.156510	-1.164824	-0.723549	0.130837	0.677760	-0.334147	-0.925550	-0.178051	0.604005	-0.355300	0.713400
39851	4.535947	-3.307447	10.157038	0.562638	-4.748025	-1.260394	-0.689787	0.125627	0.713030	-0.339577	-0.925926	-0.165371	0.639438	-0.356199	0.681352
39852	6.972873	-3.376468	10.686344	0.682204	-5.386389	-1.294547	-0.649857	0.118437	0.750772	-0.343784	-0.926768	-0.151373	0.677864	-0.356474	0.642983
39853	10.403462	-4.346095	11.387307	0.538691	-5.648453	-1.300457	-0.606021	0.110327	0.787760	-0.348220	-0.927195	-0.138030	0.715179	-0.357963	0.600318
39854	14.991047	-6.030265	13.370931	0.353169	-5.465871	-1.258464	-0.561580	0.102370	0.821065	-0.353011	-0.927116	-0.125855	0.748339	-0.360523	0.556787
39855	14.968775	-8.297478	13.225854	0.516291	-4.640677	-1.335033	-0.521511	0.098031	0.847594	-0.356344	-0.927622	-0.111966	0.775271	-0.360427	0.518698
39856	12.449784	-8.186791	11.456950	1.213709	-4.375031	-1.478777	-0.481735	0.096167	0.871024	-0.354219	-0.930509	-0.093172	0.801536	-0.353418	0.482323
39857	11.208736	-5.008208	10.974810	1.905727	-4.167739	-1.522967	-0.442492	0.095922	0.891628	-0.345805	-0.935619	-0.070959	0.827418	-0.339729	0.447174
39858	8.414394	-4.410696	10.166808	1.799149	-3.963785	-1.399794	-0.404435	0.095858	0.909529	-0.336665	-0.940264	-0.050605	0.850347	-0.326673	0.412547
39859	5.881407	-3.160387	9.554004	1.751273	-4.032193	-1.367538	-0.365230	0.095801	0.925975	-0.326937	-0.944530	-0.031232	0.871619	-0.314142	0.376291
39860	4.386394	-2.884631	9.671229	1.280312	-4.068256	-1.310863	-0.325129	0.095602	0.940825	-0.320210	-0.947237	-0.014405	0.889807	-0.305945	0.338587
39861	1.471943	-5.876912	7.200515	1.280238	-3.758124	-1.331725	-0.287254	0.096859	0.952945	-0.312892	-0.949786	0.002220	0.905309	-0.297531	0.303136
39862	-5.795810	-6.870311	2.871503	2.258716	-2.493689	-1.293204	-0.260546	0.102009	0.960057	-0.295854	-0.954998	0.021181	0.919014	-0.278518	0.279001
39863	11.320555	-4.153448	26.967078	0.833366	-2.156226	0.092416	-0.241010	0.095114	0.965851	-0.288065	-0.957349	0.022396	0.926786	-0.272831	0.258130
39864	22.143671	-13.257117	21.479757	0.769038	2.385591	1.556966	-0.267451	0.086592	0.959673	-0.277019	-0.960818	0.009493	0.922892	-0.263309	0.280959
39865	-3.723757	-9.199683	15.634640	1.468232	3.541028	2.003039	-0.305532	0.076235	0.949125	-0.257939	-0.966146	-0.005431	0.916579	-0.246476	0.314852
39866	-7.504257	-6.647561	7.228102	1.636960	3.664025	2.069892	-0.344072	0.064890	0.936698	-0.236300	-0.971485	-0.019499	0.908723	-0.228050	0.349594
39867	-9.067594	-3.912436	5.933446	1.353008	3.403563	1.932209	-0.379411	0.053497	0.923680	-0.217276	-0.975561	-0.032747	0.899354	-0.213118	0.381762
39868	-5.616704	-1.378567	6.617727	1.003828	3.137712	1.685819	-0.410983	0.043552	0.910602	-0.201664	-0.978456	-0.044220	0.889058	-0.201809	0.410912
39869	-2.942176	0.555338	7.634035	0.480356	3.119303	1.422228	-0.441522	0.035758	0.896538	-0.191564	-0.979923	-0.055257	0.876562	-0.196142	0.439508
39870	-0.167361	0.544373	8.363174	-0.307661	3.344855	1.215393	-0.472871	0.030459	0.880605	-0.188709	-0.979714	-0.067446	0.860687	-0.198072	0.469026
39871	0.790084	-0.033083	8.590375	-0.747826	3.678914	0.990578	-0.506269	0.028120	0.861917	-0.190404	-0.978448	-0.079917	0.841093	-0.204572	0.500712
39872	1.995931	-0.982690	9.008578	-1.156213	3.867089	0.804134	-0.539899	0.028387	0.841251	-0.195824	-0.976245	-0.092734	0.818634	-0.214804	0.532633
39873	4.153730	-2.150515	9.714749	-1.339865	4.001195	0.648795	-0.573666	0.030875	0.818507	-0.203176	-0.973422	-0.105681	0.793490	-0.226926	0.564692
39874	6.157120	-2.947317	10.187654	-1.326750	4.145020	0.537343	-0.607090	0.035316	0.793848	-0.210383	-0.970506	-0.117714	0.766277	-0.238475	0.596615
39875	7.333731	-4.123473	10.258729	-1.269871	4.257815	0.461182	-0.640290	0.041229	0.767026	-0.217209	-0.967522	-0.129314	0.736783	-0.249403	0.628450
39876	8.090700	-5.199988	10.009687	-1.016150	4.288442	0.350167	-0.671992	0.048728	0.738953	-0.222276	-0.965097	-0.138494	0.706413	-0.257319	0.659369
39877	8.356091	-5.481228	9.763773	-0.689633	4.236766	0.203478	-0.701923	0.057781	0.709906	-0.225812	-0.963340	-0.144863	0.675510	-0.261988	0.689238
39878	8.615567	-4.809310	9.964602	-0.473004	4.130451	0.100011	-0.729406	0.067699	0.680723	-0.228251	-0.962151	-0.148887	0.644879	-0.263975	0.717251
39879	9.035724	-4.427730	10.387528	-0.442288	4.046012	0.072880	-0.755210	0.077748	0.650856	-0.230678	-0.960946	-0.152874	0.613552	-0.265590	0.743651
39880	9.629238	-4.489452	10.621499	-0.505593	4.002851	0.144045	-0.779453	0.087045	0.620384	-0.232626	-0.959709	-0.157617	0.581669	-0.267173	0.768297
39881	9.692801	-4.789821	10.525400	-0.605528	3.982195	0.304580	-0.802819	0.094875	0.588626	-0.233834	-0.958265	-0.164470	0.548456	-0.269680	0.791498
39882	9.426019	-5.105776	10.298224	-0.668244	3.933016	0.518794	-0.824930	0.100582	0.556215	-0.233197	-0.956952	-0.172809	0.514889	-0.272262	0.812873
39883	8.972574	-4.905309	10.022666	-0.678386	3.817810	0.740859	-0.845788	0.104037	0.523277	-0.230595	-0.955744	-0.182698	0.481112	-0.275189	0.832347
39884	8.926904	-4.012296	9.993986	-0.688371	3.653047	0.922155	-0.864858	0.105348	0.490839	-0.225937	-0.954796	-0.193175	0.448300	-0.277968	0.849565
39885	9.136899	-2.638808	10.292284	-0.759176	3.493372	1.023510	-0.882338	0.105480	0.458643	-0.220493	-0.953631	-0.204865	0.415767	-0.281888	0.864683
39886	9.752551	-1.487252	10.861079	-0.918696	3.359247	1.090463	-0.898130	0.104664	0.427092	-0.214489	-0.952153	-0.217712	0.383870	-0.287141	0.877607
39887	10.465105	-0.630455	11.267247	-1.071293	3.273954	1.126414	-0.912633	0.103609	0.395431	-0.208437	-0.950091	-0.232122	0.351646	-0.294265	0.888681
39888	10.636424	-0.449562	11.015959	-1.215035	3.226392	1.162040	-0.925835	0.102226	0.363840	-0.201862	-0.947651	-0.247406	0.319502	-0.302502	0.898004
39889	10.388816	-0.732534	10.394376	-1.171134	3.136043	1.133534	-0.937665	0.101267	0.332460	-0.195038	-0.945096	-0.262208	0.287654	-0.310706	0.905934
39890	4.586846	-8.380500	7.039721	-0.981761	2.442413	1.098158	-0.946478	0.098588	0.307343	-0.187424	-0.943098	-0.274660	0.262776	-0.317563	0.911100
39891	14.762295	5.880348	4.567660	2.387644	0.168638	-0.571428	-0.945898	0.104687	0.307111	-0.186723	-0.949709	-0.251371	0.265351	-0.295116	0.917875
39892	19.053155	4.398667	6.765095	-1.157564	1.637669	1.028369	-0.951976	0.099859	0.289430	-0.179963	-0.947279	-0.265095	0.247698	-0.304451	0.919758
39893	18.541343	0.250866	7.358923	0.724992	0.956451	0.256982	-0.954795	0.100448	0.279781	-0.175912	-0.949616	-0.259391	0.239629	-0.296882	0.924359
39894	17.541626	6.062992	6.228772	0.214267	1.565874	0.445487	-0.959198	0.100853	0.264136	-0.171180	-0.950686	-0.258638	0.225026	-0.293299	0.929160
39895	13.534937	-0.308865	1.512973	-0.031451	1.085520	0.571342	-0.962563	0.098735	0.252436	-0.165905	-0.951081	-0.260616	0.214355	-0.292740	0.931856
39896	12.483763	0.915024	0.869158	0.376908	0.832388	0.243821	-0.964710	0.098851	0.244057	-0.162790	-0.952406	-0.257726	0.206965	-0.288360	0.934887
39897	12.160847	0.584079	1.406753	0.189348	0.330372	0.287352	-0.965859	0.097199	0.240142	-0.159782	-0.953150	-0.256855	0.203926	-0.286456	0.936140
39898	11.969258	-0.015980	2.542491	0.125203	0.004973	0.416207	-0.966518	0.093262	0.239049	-0.155534	-0.953894	-0.256703	0.204087	-0.285288	0.936461
39899	11.140571	-1.008851	3.178451	0.066473	-0.274183	0.612776	-0.966891	0.086767	0.239984	-0.149633	-0.954556	-0.257746	0.206715	-0.285122	0.935935
39900	9.702584	-1.681316	3.173783	0.169657	-0.579346	0.774417	-0.966798	0.077739	0.243429	-0.141819	-0.955665	-0.258054	0.212576	-0.284009	0.934960
39901	8.737102	-1.338798	3.292647	0.362062	-0.879799	0.856065	-0.966063	0.067200	0.249411	-0.132931	-0.957231	-0.256979	0.221475	-0.281413	0.933679
39902	8.094259	-0.783650	3.727687	0.565529	-1.176096	0.848798	-0.964469	0.055802	0.258237	-0.123481	-0.959321	-0.253881	0.233565	-0.276748	0.932126
39903	7.388229	0.012197	4.260086	0.672280	-1.387979	0.794261	-0.962072	0.044504	0.269142	-0.114390	-0.961488	-0.249913	0.247655	-0.271221	0.930111
39904	5.772590	0.128531	3.606469	0.812516	-1.533295	0.666040	-0.958881	0.034006	0.281763	-0.105948	-0.963914	-0.244222	0.263290	-0.264032	0.927882
39905	2.961248	-0.240210	2.198462	0.996238	-1.768045	0.492089	-0.954570	0.024787	0.296954	-0.098702	-0.966581	-0.236601	0.281165	-0.255162	0.925116
39906	1.819142	0.459341	2.014506	1.163795	-2.190809	0.278473	-0.948428	0.016637	0.316554	-0.092684	-0.969537	-0.226734	0.303139	-0.244380	0.921078
39907	4.539985	0.371539	3.235978	1.032638	-2.633247	0.159714	-0.940251	0.008884	0.340365	-0.088083	-0.971975	-0.217957	0.328890	-0.234914	0.914684
39908	9.267201	0.323473	2.813573	1.195030	-2.857310	0.015759	-0.930462	0.002201	0.366382	-0.083873	-0.974708	-0.207147	0.356659	-0.223472	0.907113
39909	9.162370	-0.245193	1.566380	1.783874	-2.853833	-0.504289	-0.919464	0.001085	0.393172	-0.082092	-0.978486	-0.189278	0.384508	-0.206311	0.899772
39910	11.063399	-5.920331	15.827142	2.096634	-2.817579	-1.368903	-0.907080	0.009003	0.420862	-0.086280	-0.982523	-0.164940	0.412022	-0.185925	0.892003
39911	57.583030	20.186404	44.121322	5.145200	-2.793821	-1.700013	-0.893731	0.021368	0.448095	-0.079807	-0.990505	-0.111943	0.441448	-0.135808	0.886950
39912	-3.539449	9.968698	-11.410149	0.338118	4.140074	-0.718347	-0.910641	0.034037	0.411794	-0.084894	-0.990752	-0.105843	0.404383	-0.131344	0.905110
39913	-9.300043	-4.323654	30.513133	-2.771793	-0.981187	0.277780	-0.906859	0.029889	0.420372	-0.093715	-0.986809	-0.132007	0.410882	-0.159107	0.897698
39914	13.332525	-8.144967	3.715784	0.593482	-3.162133	0.323097	-0.893691	0.021767	0.448155	-0.088317	-0.987816	-0.128140	0.439905	-0.154097	0.884725
39915	9.750077	4.899024	9.275536	1.987780	0.143124	-0.340731	-0.894004	0.025380	0.447340	-0.082688	-0.990591	-0.109051	0.440363	-0.134482	0.887691
39916	3.160371	3.506403	11.919300	-1.394711	0.377864	0.085095	-0.895722	0.025093	0.443906	-0.088073	-0.988636	-0.121830	0.435804	-0.148222	0.887753
39917	4.668673	-2.585254	9.542579	-0.583405	-0.981956	0.439321	-0.891759	0.019284	0.452099	-0.086746	-0.987847	-0.128970	0.444118	-0.154228	0.882594
39918	6.456317	-1.370736	7.745479	0.083287	-0.296553	0.098532	-0.890513	0.017876	0.454606	-0.085534	-0.987988	-0.128700	0.446845	-0.153494	0.881345
39919	4.850524	-1.013019	9.626876	-0.236218	-0.203281	0.113859	-0.889672	0.016456	0.456303	-0.085616	-0.987637	-0.131312	0.448501	-0.155892	0.880082
39920	5.509412	-0.785756	9.144373	-0.095832	-0.213434	0.122697	-0.888808	0.014932	0.458037	-0.084993	-0.987501	-0.132734	0.450330	-0.156905	0.878967
39921	5.063758	-2.298776	8.969930	-0.238950	-0.125955	0.127968	-0.888320	0.013487	0.459027	-0.084968	-0.987137	-0.135429	0.451296	-0.159307	0.878040
39922	4.735974	-2.184481	8.679452	-0.018559	-0.064909	0.070419	-0.888077	0.012710	0.459520	-0.084463	-0.987111	-0.135933	0.451869	-0.159531	0.877704
39923	4.797262	-1.965930	8.785915	-0.040378	-0.054899	0.051951	-0.887843	0.012130	0.459986	-0.084227	-0.987047	-0.136542	0.452371	-0.159971	0.877365
39924	4.701544	-2.154043	8.940859	0.011239	-0.022892	0.027998	-0.887753	0.011838	0.460167	-0.083964	-0.987063	-0.136590	0.452597	-0.159896	0.877262
39925	4.757360	-1.847034	8.923612	0.042069	-0.033213	0.013839	-0.887586	0.011671	0.460494	-0.083698	-0.987125	-0.136306	0.452975	-0.159525	0.877135
39926	4.789583	-1.674120	8.913767	0.039124	-0.023525	0.006555	-0.887475	0.011590	0.460710	-0.083499	-0.987182	-0.136011	0.453229	-0.159175	0.877067
39927	4.710932	-1.516011	8.911789	0.045375	-0.023668	0.002172	-0.887341	0.011555	0.460970	-0.083324	-0.987247	-0.135647	0.453524	-0.158775	0.876987
39928	4.779676	-1.267567	9.094437	0.046704	-0.047161	0.000343	-0.887117	0.011498	0.461401	-0.083146	-0.987316	-0.135257	0.453994	-0.158352	0.876821
39929	4.809191	-1.216164	9.084941	0.036644	-0.048312	0.007147	-0.886875	0.011375	0.461870	-0.082966	-0.987367	-0.134993	0.454499	-0.158041	0.876615
39930	4.777634	-1.309720	9.144942	0.016121	-0.059596	0.014546	-0.886606	0.011158	0.462391	-0.082800	-0.987389	-0.134936	0.455054	-0.157921	0.876349
39931	4.666369	-1.378739	9.101024	0.009450	-0.080143	0.018913	-0.886228	0.010868	0.463122	-0.082638	-0.987398	-0.134964	0.455819	-0.157880	0.875958
39932	4.778629	-1.472679	9.014283	-0.005502	-0.112270	0.020214	-0.885722	0.010513	0.464096	-0.082521	-0.987386	-0.135124	0.456822	-0.157980	0.875418
39933	4.771568	-1.610978	9.039726	-0.027525	-0.112496	0.025272	-0.885201	0.010109	0.465100	-0.082472	-0.987338	-0.135505	0.457841	-0.158307	0.874826
39934	4.737051	-1.621151	9.073142	-0.014057	-0.115613	0.009608	-0.884668	0.009852	0.466117	-0.082488	-0.987311	-0.135690	0.458865	-0.158490	0.874256
39935	4.764928	-1.649769	8.959755	-0.019142	-0.128633	0.009709	-0.884057	0.009576	0.467281	-0.082541	-0.987274	-0.135927	0.460032	-0.158737	0.873598
39936	4.897664	-1.588617	8.890181	-0.011640	-0.128152	-0.000130	-0.883457	0.009395	0.468419	-0.082632	-0.987250	-0.136046	0.461168	-0.158897	0.872969
39937	4.973318	-1.494298	8.914784	-0.020128	-0.113506	-0.003481	-0.882902	0.009274	0.469467	-0.082808	-0.987210	-0.136231	0.462199	-0.159154	0.872377
39938	5.021477	-1.468473	8.897009	-0.023840	-0.104457	-0.001874	-0.882407	0.009147	0.470399	-0.082972	-0.987166	-0.136448	0.463114	-0.159433	0.871841
39939	4.944285	-1.438087	8.893082	-0.026634	-0.078149	0.003418	-0.882019	0.009013	0.471128	-0.083118	-0.987116	-0.136723	0.463826	-0.159751	0.871404
39940	4.933250	-1.488625	8.920076	-0.031087	-0.077363	0.005795	-0.881654	0.008854	0.471813	-0.083248	-0.987061	-0.137039	0.464495	-0.160098	0.870984
39941	4.953383	-1.512599	8.911463	-0.050103	-0.079747	0.003685	-0.881258	0.008714	0.472555	-0.083501	-0.986973	-0.137519	0.465201	-0.160649	0.870506
39942	4.877448	-1.497715	8.984324	-0.037186	-0.067599	0.000736	-0.880934	0.008620	0.473161	-0.083705	-0.986908	-0.137864	0.465778	-0.161055	0.870122
39943	4.851432	-1.549504	8.964794	-0.053147	-0.076958	-0.003006	-0.880544	0.008550	0.473887	-0.084033	-0.986813	-0.138339	0.466455	-0.161636	0.869651
39944	4.826117	-1.547631	8.970469	-0.051246	-0.078401	-0.008392	-0.880161	0.008527	0.474599	-0.084383	-0.986724	-0.138763	0.467115	-0.162182	0.869195
39945	4.776857	-1.539515	9.009212	-0.060649	-0.096892	-0.017618	-0.879664	0.008569	0.475518	-0.084876	-0.986615	-0.139234	0.467960	-0.162839	0.868618
39946	4.794754	-1.436156	9.077613	-0.062961	-0.120349	-0.020549	-0.879073	0.008597	0.476610	-0.085389	-0.986505	-0.139700	0.468977	-0.163504	0.867944
39947	4.902310	-1.425997	9.014225	-0.070505	-0.138859	-0.017812	-0.878377	0.008570	0.477891	-0.085932	-0.986379	-0.140255	0.470180	-0.164263	0.867150
39948	4.991421	-1.539018	8.904274	-0.092426	-0.151564	-0.015005	-0.877640	0.008490	0.479245	-0.086536	-0.986220	-0.141002	0.471444	-0.165221	0.866281
39949	4.960048	-1.412758	8.961659	-0.102500	-0.147933	-0.013621	-0.876902	0.008404	0.480596	-0.087194	-0.986040	-0.141852	0.472695	-0.166296	0.865393
39950	4.958660	-1.475951	8.880107	-0.121183	-0.162099	-0.007657	-0.876117	0.008230	0.482028	-0.087872	-0.985831	-0.142881	0.474022	-0.167537	0.864427
39951	4.844160	-1.240354	9.119354	-0.118960	-0.175307	-0.005090	-0.875252	0.008011	0.483601	-0.088536	-0.985622	-0.143912	0.475495	-0.168775	0.863377
39952	5.066044	-1.713444	8.702924	-0.182898	-0.231488	0.008200	-0.874146	0.007558	0.485605	-0.089373	-0.985306	-0.145546	0.477369	-0.170629	0.861977
39953	5.079729	-1.599445	8.769467	-0.119669	-0.189901	0.005188	-0.873214	0.007207	0.487283	-0.089955	-0.985093	-0.146630	0.478963	-0.171873	0.860845
39954	5.151243	-1.784496	8.634631	-0.140380	-0.186087	0.004937	-0.872315	0.006858	0.488896	-0.090623	-0.984845	-0.147878	0.480473	-0.173302	0.859717
39955	5.115948	-1.695331	8.693092	-0.098416	-0.159266	0.004675	-0.871524	0.006561	0.490308	-0.091112	-0.984665	-0.148776	0.481813	-0.174334	0.858757
39956	5.123438	-1.821845	8.786992	-0.120723	-0.141545	-0.006892	-0.870825	0.006402	0.491552	-0.091792	-0.984447	-0.149795	0.482948	-0.175565	0.857868
39957	4.878726	-1.728919	8.892250	-0.106211	-0.126622	-0.008692	-0.870176	0.006290	0.492702	-0.092439	-0.984249	-0.150693	0.483993	-0.176674	0.857051
39958	4.820244	-1.413064	9.196218	-0.098115	-0.175937	-0.004303	-0.869308	0.006042	0.494234	-0.092989	-0.984069	-0.151529	0.485445	-0.177684	0.856021
39959	4.938398	-1.575114	8.967468	-0.172620	-0.206433	0.000462	-0.868276	0.005694	0.496049	-0.093882	-0.983751	-0.153038	0.487117	-0.179449	0.854702
39960	4.761371	-1.332229	9.310226	-0.204829	-0.257805	-0.000185	-0.867006	0.005252	0.498269	-0.094922	-0.983375	-0.154802	0.489173	-0.181511	0.853091
39961	4.816306	-1.346836	9.205598	-0.302525	-0.346916	0.017215	-0.865293	0.004473	0.501247	-0.096313	-0.982812	-0.157494	0.491927	-0.184555	0.850851
39962	4.738153	-1.268864	9.276808	-0.386607	-0.419106	0.031377	-0.863244	0.003403	0.504776	-0.097988	-0.982086	-0.160952	0.495185	-0.188403	0.848113
39963	4.588447	-1.284063	9.578220	-0.484033	-0.510650	0.046508	-0.860723	0.001996	0.509069	-0.100047	-0.981154	-0.165310	0.499145	-0.193217	0.844702
39964	4.595489	-1.507398	9.400142	-0.556940	-0.654139	0.056689	-0.857488	0.000179	0.514505	-0.102392	-0.980057	-0.170308	0.504213	-0.198718	0.840405
39965	4.756936	-1.514278	9.194515	-0.578079	-0.751695	0.064901	-0.853715	-0.001949	0.520736	-0.104819	-0.978882	-0.175509	0.510081	-0.204418	0.835482
39966	4.400265	-1.384127	9.503026	-0.599802	-0.834982	0.076106	-0.849498	-0.004405	0.527573	-0.107288	-0.977629	-0.180918	0.516568	-0.210292	0.830021
39967	4.194348	-1.394157	9.544523	-0.655093	-1.029160	0.085458	-0.844207	-0.007416	0.535966	-0.110022	-0.976217	-0.186804	0.524604	-0.216670	0.823313
39968	4.253528	-1.420992	9.455778	-0.714427	-1.163077	0.108351	-0.838162	-0.011013	0.545311	-0.112929	-0.974627	-0.193259	0.533603	-0.223564	0.815651
39969	4.098519	-1.517973	9.476988	-0.793341	-1.343991	0.103604	-0.831014	-0.015058	0.556048	-0.116381	-0.972803	-0.200276	0.543940	-0.231146	0.806660
39970	4.081852	-1.592740	9.443968	-0.911662	-1.566074	0.088433	-0.822494	-0.019585	0.568436	-0.120702	-0.970633	-0.208092	0.555818	-0.239766	0.795976
39971	4.360395	-1.623435	9.388731	-1.060446	-1.777320	0.076020	-0.812568	-0.024654	0.582345	-0.126083	-0.968015	-0.216909	0.569067	-0.249677	0.783469
