// General information: 
//  MT Manager version: 2022.2.0 
//  XDA version: 2022.2.0 build 7381 rev 124627 built on 2023-07-19
// Device information: 
//  DeviceId: 00B4CB9F
//  ProductCode: MTW2-3A7G6
//  Firmware Version: 4.6.0
//  Hardware Version: 2.0.0
// Device settings: 
//  Filter Profile: human(46.1)
//  Option Flags: Orientation Smoother Disabled, Position/Velocity Smoother Disabled, Continuous Zero Rotation Update Disabled, AHS Disabled, ICC Disabled
// Coordinate system: ENU
PacketCounter	Acc_X	Acc_Y	Acc_Z	Gyr_X	Gyr_Y	Gyr_Z	Mat[1][1]	Mat[2][1]	Mat[3][1]	Mat[1][2]	Mat[2][2]	Mat[3][2]	Mat[1][3]	Mat[2][3]	Mat[3][3]
53507	9.367731	0.977943	2.635932	-0.240908	0.048527	-0.072520	-0.195129	0.081680	0.977370	0.125026	-0.986324	0.107390	0.972776	0.143152	0.182249
53508	9.271990	0.741611	2.467376	-0.157041	0.061791	-0.061453	-0.195741	0.082160	0.977208	0.123390	-0.986501	0.107657	0.972862	0.141650	0.182961
53509	9.287937	0.869164	2.304723	-0.061104	0.056410	-0.032684	-0.196290	0.082385	0.977079	0.122770	-0.986558	0.107848	0.972830	0.141126	0.183538
53510	9.373880	0.988356	2.063869	0.025605	0.037425	-0.008625	-0.196600	0.082378	0.977017	0.123014	-0.986518	0.107933	0.972736	0.141406	0.183816
53511	9.428127	0.946415	1.870714	0.091875	0.018732	0.021412	-0.196723	0.082118	0.977014	0.123997	-0.986401	0.107874	0.972587	0.142369	0.183866
53512	9.466781	1.003069	1.758432	0.161852	-0.003809	0.047514	-0.196562	0.081616	0.977089	0.125676	-0.986212	0.107661	0.972404	0.143959	0.183594
53513	9.462348	1.177784	1.769336	0.221776	-0.026656	0.073740	-0.196170	0.080910	0.977226	0.128010	-0.985948	0.107329	0.972178	0.146150	0.183056
53514	9.387987	1.562254	1.844271	0.230795	-0.047904	0.096573	-0.195514	0.079990	0.977433	0.130454	-0.985690	0.106761	0.971985	0.148384	0.182281
53515	9.404572	1.866015	1.842488	0.200184	-0.070306	0.107697	-0.194652	0.079004	0.977686	0.132679	-0.985469	0.106048	0.971857	0.150361	0.181342
53516	9.472496	1.958361	1.924808	0.157502	-0.088737	0.105590	-0.193583	0.078059	0.977974	0.134426	-0.985318	0.105254	0.971831	0.151841	0.180248
53517	9.461471	1.849810	2.006639	0.101631	-0.086688	0.099289	-0.192564	0.077198	0.978243	0.135645	-0.985236	0.104451	0.971864	0.152808	0.179249
53518	9.431714	1.682568	2.049455	0.057498	-0.079655	0.102088	-0.191585	0.076276	0.978508	0.136412	-0.985230	0.103509	0.971950	0.153310	0.178350
53519	9.360326	1.575053	2.024923	0.024977	-0.083298	0.114680	-0.190583	0.075260	0.978782	0.136920	-0.985273	0.102419	0.972076	0.153534	0.177471
53520	9.411647	1.682459	2.075755	-0.002170	-0.088289	0.114367	-0.189502	0.074231	0.979070	0.137127	-0.985365	0.101250	0.972258	0.153444	0.176549
53521	9.482329	1.778540	2.324784	-0.049123	-0.072639	0.114487	-0.188603	0.073191	0.979322	0.136942	-0.985516	0.100027	0.972459	0.152976	0.175849
53522	9.360019	1.734021	2.366562	-0.094904	-0.060012	0.096633	-0.187822	0.072292	0.979539	0.136212	-0.985734	0.098867	0.972712	0.151995	0.175295
53523	9.428891	1.621939	2.520487	-0.127831	-0.053355	0.080045	-0.187161	0.071580	0.979718	0.135149	-0.985981	0.097856	0.972988	0.150723	0.174864
53524	9.419195	1.270657	2.348411	-0.131603	-0.051590	0.075870	-0.186491	0.070872	0.979897	0.134021	-0.986236	0.096837	0.973272	0.149386	0.174426
53525	9.374631	0.960915	2.162743	-0.090810	-0.055922	0.080865	-0.185817	0.070145	0.980077	0.133344	-0.986421	0.095881	0.973494	0.148504	0.173941
53526	9.332551	0.802594	1.934975	-0.027656	-0.078512	0.101968	-0.184851	0.069218	0.980326	0.133275	-0.986536	0.094787	0.973688	0.148175	0.173137
53527	9.438137	0.941449	1.797581	0.028322	-0.107722	0.124272	-0.183624	0.068159	0.980631	0.133783	-0.986578	0.093624	0.973850	0.148383	0.172041
53528	9.430262	1.250888	1.672564	0.048877	-0.132900	0.142714	-0.182073	0.066911	0.981006	0.134531	-0.986605	0.092261	0.974039	0.148774	0.170632
53529	9.497636	1.636587	1.692933	0.049742	-0.157289	0.143933	-0.180316	0.065723	0.981411	0.135301	-0.986623	0.090931	0.974259	0.149182	0.169011
53530	9.574222	1.875431	1.783822	0.010704	-0.169232	0.136277	-0.178416	0.064593	0.981833	0.135660	-0.986699	0.089565	0.974558	0.149175	0.167281
53531	9.544820	1.703203	1.819906	-0.044397	-0.170005	0.133791	-0.176546	0.063510	0.982241	0.135538	-0.986841	0.088169	0.974916	0.148697	0.165615
53532	9.511392	1.379209	1.896916	-0.079791	-0.164736	0.134311	-0.174692	0.062391	0.982644	0.135006	-0.987047	0.086672	0.975324	0.147804	0.164006
53533	9.392349	1.263259	2.086721	-0.101487	-0.168859	0.149285	-0.172814	0.061156	0.983054	0.134341	-0.987280	0.085035	0.975750	0.146759	0.162400
53534	9.256285	1.363182	2.125176	-0.129201	-0.174719	0.147142	-0.170846	0.059920	0.983474	0.133343	-0.987560	0.083333	0.976233	0.145376	0.160731
53535	9.339257	1.442972	2.125428	-0.158901	-0.197553	0.149147	-0.168685	0.058733	0.983919	0.132075	-0.987874	0.081613	0.976781	0.143718	0.158882
53536	9.468800	1.433907	2.138157	-0.180811	-0.198005	0.137523	-0.166504	0.057619	0.984356	0.130549	-0.988215	0.079927	0.977361	0.141815	0.157019
53537	9.616968	1.104631	2.239851	-0.192825	-0.184909	0.128497	-0.164507	0.056608	0.984750	0.128925	-0.988553	0.078365	0.977914	0.139851	0.155326
53538	9.632811	0.767162	2.390224	-0.189295	-0.157755	0.136921	-0.162723	0.055435	0.985113	0.127308	-0.988895	0.076677	0.978424	0.137889	0.153859
53539	9.631709	0.449790	2.563909	-0.159492	-0.121828	0.157691	-0.161322	0.054049	0.985421	0.126030	-0.989196	0.074888	0.978822	0.136273	0.152767
53540	9.591662	0.197594	2.782476	-0.105413	-0.090761	0.187643	-0.160132	0.052277	0.985710	0.125309	-0.989441	0.072832	0.979109	0.135181	0.151890
53541	9.455057	0.140828	2.737824	-0.005958	-0.063899	0.210927	-0.159230	0.050264	0.985961	0.125665	-0.989547	0.070741	0.979211	0.135165	0.151249
53542	9.378260	0.200483	2.677774	0.089759	-0.054317	0.235980	-0.158335	0.047964	0.986220	0.126928	-0.989544	0.068503	0.979193	0.136026	0.150591
53543	9.474013	0.327078	2.565622	0.161129	-0.046677	0.256444	-0.157528	0.045484	0.986467	0.128936	-0.989440	0.066211	0.979061	0.137621	0.149999
53544	9.585725	0.430193	2.432143	0.218588	-0.032016	0.285904	-0.156776	0.042662	0.986712	0.131535	-0.989265	0.063671	0.978836	0.139770	0.149482
53545	9.565551	0.677230	2.386275	0.264340	-0.015414	0.311875	-0.156192	0.039590	0.986933	0.134638	-0.989017	0.060981	0.978507	0.142404	0.149146
53546	9.671168	0.958463	2.531076	0.251133	0.001892	0.327447	-0.155699	0.036311	0.987137	0.137616	-0.988782	0.058077	0.978172	0.144888	0.148955
53547	9.685927	0.915720	2.694760	0.200197	0.029218	0.332101	-0.155505	0.032975	0.987285	0.140121	-0.988601	0.055089	0.977847	0.146906	0.149111
53548	9.299952	0.694127	2.568017	0.164413	0.051848	0.320590	-0.155493	0.029691	0.987391	0.142236	-0.988459	0.052122	0.977543	0.148547	0.149475
53549	8.948010	0.515924	1.978075	0.197583	0.008204	0.308797	-0.155114	0.026616	0.987538	0.144678	-0.988247	0.049360	0.977245	0.150531	0.149440
53550	9.059896	0.799192	1.505431	0.245484	-0.085969	0.301996	-0.153766	0.023725	0.987822	0.147553	-0.987951	0.046696	0.977028	0.152936	0.148413
53551	9.574433	1.224539	1.152662	0.229355	-0.163126	0.304661	-0.151701	0.020953	0.988204	0.150299	-0.987660	0.044014	0.976932	0.155203	0.146680
53552	10.159445	1.277485	1.203563	0.128506	-0.177728	0.301440	-0.149443	0.018216	0.988603	0.152017	-0.987520	0.041176	0.977015	0.156438	0.144809
53553	10.238130	1.055358	1.554838	0.008104	-0.141175	0.290158	-0.147605	0.015561	0.988924	0.152572	-0.987549	0.038312	0.977207	0.156538	0.143393
53554	10.182947	0.762280	2.064142	-0.071518	-0.082238	0.252716	-0.146350	0.013157	0.989145	0.152254	-0.987698	0.035664	0.977446	0.155821	0.142546
53555	9.946789	0.682164	2.566256	-0.138661	-0.018535	0.222431	-0.145815	0.010979	0.989251	0.151269	-0.987933	0.033262	0.977679	0.154493	0.142394
53556	9.844676	0.627353	3.001239	-0.220760	0.032554	0.207020	-0.145756	0.008846	0.989281	0.149422	-0.988292	0.030852	0.977972	0.152317	0.142727
53557	9.750349	0.395177	3.384524	-0.279373	0.100680	0.203463	-0.146425	0.006673	0.989199	0.147031	-0.988723	0.028434	0.978234	0.149606	0.143793
53558	9.782924	0.139504	3.856663	-0.307784	0.186486	0.211261	-0.147876	0.004270	0.988997	0.144340	-0.989190	0.025853	0.978416	0.146574	0.145661
53559	9.636726	0.019452	4.349168	-0.311892	0.290418	0.221516	-0.150392	0.001646	0.988625	0.141653	-0.989645	0.023196	0.978426	0.143530	0.148602
53560	10.019843	-0.093799	4.926080	-0.302720	0.369220	0.223757	-0.153625	-0.001132	0.988129	0.139041	-0.990075	0.020483	0.978298	0.140537	0.152257
53561	9.126978	-0.153017	4.852032	-0.226614	0.601510	0.193606	-0.159240	-0.003901	0.987232	0.137148	-0.990383	0.018208	0.977667	0.138296	0.158243
53562	9.293763	0.192063	5.316963	-0.207763	0.652725	0.195527	-0.165287	-0.006773	0.986222	0.135445	-0.990657	0.015897	0.976901	0.136206	0.164660
53563	9.448634	0.503037	5.524613	-0.190978	0.836084	0.193135	-0.173198	-0.009834	0.984838	0.133917	-0.990898	0.013657	0.975740	0.134252	0.172938
53564	9.280400	0.918995	5.499048	-0.251791	0.931111	0.194747	-0.181953	-0.013041	0.983221	0.131818	-0.991210	0.011247	0.974432	0.131653	0.182073
53565	10.413658	1.146325	6.055363	-0.339434	1.081079	0.159624	-0.192290	-0.016044	0.981207	0.128812	-0.991628	0.009029	0.972848	0.128127	0.192746
53566	9.341793	1.430229	5.727632	-0.481379	1.258936	0.131912	-0.204294	-0.018974	0.978726	0.124406	-0.992209	0.006733	0.970972	0.123135	0.205063
53567	9.698567	1.568692	5.930474	-0.627022	1.376455	0.083890	-0.217570	-0.021472	0.975809	0.118495	-0.992944	0.004571	0.968825	0.116623	0.218579
53568	9.212865	1.511643	5.528791	-0.774169	1.475745	0.053776	-0.231724	-0.023708	0.972493	0.111138	-0.993802	0.002254	0.966412	0.108603	0.232923
53569	9.245775	1.253251	5.247343	-0.912136	1.512890	0.040669	-0.246319	-0.025699	0.968848	0.102428	-0.994740	-0.000344	0.963761	0.099153	0.247656
53570	9.213361	0.932227	4.919314	-1.016649	1.542506	0.038406	-0.261063	-0.027570	0.964928	0.092756	-0.995683	-0.003354	0.960855	0.088628	0.262494
53571	8.851736	0.676702	4.415809	-1.096144	1.486819	0.053934	-0.275322	-0.029355	0.960904	0.082383	-0.996577	-0.006841	0.957816	0.077279	0.276798
53572	8.545744	0.263989	3.836615	-1.123023	1.422325	0.067818	-0.288810	-0.031091	0.956881	0.071851	-0.997358	-0.010720	0.954686	0.065656	0.290281
53573	8.766604	-0.325443	3.589040	-1.129204	1.286337	0.100664	-0.301051	-0.032879	0.953041	0.061384	-0.998001	-0.015040	0.951630	0.053973	0.302468
53574	8.540282	-0.838044	3.060367	-1.095021	1.130144	0.165115	-0.311638	-0.035118	0.949552	0.051501	-0.998472	-0.020025	0.948804	0.042662	0.312970
53575	9.139240	-1.429902	2.738735	-0.989885	0.952543	0.253215	-0.320593	-0.038021	0.946454	0.042919	-0.998751	-0.025583	0.946244	0.032419	0.321824
53576	9.963147	-2.099900	2.243456	-0.775709	0.810460	0.340731	-0.328058	-0.041699	0.943737	0.036710	-0.998833	-0.031373	0.943944	0.024353	0.329206
53577	10.888070	-2.625156	1.628665	-0.473806	0.731468	0.450143	-0.334844	-0.046374	0.941132	0.033726	-0.998738	-0.037213	0.941670	0.019280	0.335985
53578	11.626163	-3.092078	1.026083	-0.177932	0.766794	0.557589	-0.341808	-0.052128	0.938323	0.033957	-0.998493	-0.043101	0.939156	0.017131	0.343063
53579	12.046678	-3.494474	0.778661	0.055374	0.848423	0.661241	-0.349572	-0.058897	0.935056	0.036744	-0.998116	-0.049132	0.936189	0.017183	0.351078
53580	11.950189	-3.828999	0.771812	0.231841	0.943328	0.740856	-0.358040	-0.066506	0.931335	0.041551	-0.997607	-0.055265	0.932781	0.018911	0.359946
53581	11.345251	-3.925260	0.312932	0.402863	0.995581	0.780979	-0.366992	-0.074525	0.927234	0.048103	-0.996972	-0.061091	0.928980	0.022183	0.369466
53582	10.461763	-3.784549	-0.210798	0.621865	0.994836	0.774926	-0.375750	-0.082541	0.923038	0.056765	-0.996205	-0.065976	0.924981	0.027606	0.379009
53583	9.626499	-3.360175	-0.749075	0.868544	0.911575	0.721403	-0.383741	-0.090039	0.919041	0.067482	-0.995308	-0.069334	0.920972	0.035413	0.388017
53584	9.210528	-2.545854	-0.691230	1.165141	0.791021	0.624884	-0.390490	-0.096623	0.915523	0.080630	-0.994245	-0.070541	0.917070	0.046273	0.396033
53585	9.011476	-1.034694	-0.047253	1.292221	0.677367	0.553649	-0.396219	-0.102507	0.912416	0.094591	-0.993018	-0.070486	0.913271	0.058379	0.403149
53586	8.797169	0.717492	0.354268	1.135169	0.583351	0.446294	-0.401028	-0.107351	0.909754	0.106739	-0.991821	-0.069984	0.909826	0.069041	0.409207
53587	8.812262	2.193267	0.646648	0.767544	0.500716	0.297114	-0.405252	-0.110688	0.907480	0.114881	-0.990940	-0.069566	0.906958	0.076061	0.414296
53588	8.782905	3.138082	0.908653	0.260129	0.462018	0.130154	-0.409226	-0.112376	0.905486	0.117789	-0.990589	-0.069704	0.904798	0.078131	0.418612
53589	8.595846	3.287996	1.026598	-0.275640	0.438130	-0.040396	-0.413227	-0.112340	0.903672	0.115135	-0.990843	-0.070528	0.903320	0.074901	0.422377
53590	8.375854	2.725640	0.918361	-0.716770	0.375308	-0.183632	-0.416762	-0.110829	0.902234	0.107923	-0.991552	-0.071949	0.902587	0.067386	0.425202
53591	8.293859	1.867611	0.801660	-1.021088	0.298534	-0.295996	-0.419742	-0.108108	0.901182	0.097508	-0.992506	-0.073648	0.902391	0.056959	0.427138
53592	8.417237	0.820316	0.722944	-1.207500	0.211233	-0.382914	-0.421940	-0.104457	0.900586	0.085020	-0.993522	-0.075403	0.902628	0.044752	0.428088
53593	8.595838	0.079897	0.820770	-1.256265	0.157538	-0.435923	-0.423678	-0.100218	0.900252	0.071896	-0.994446	-0.076867	0.902955	0.032158	0.428531
53594	8.636376	-0.183559	0.932993	-1.181385	0.178851	-0.469766	-0.425545	-0.095636	0.899870	0.059256	-0.995211	-0.077747	0.902995	0.020237	0.429174
53595	8.580307	-0.370432	1.326976	-1.086223	0.232619	-0.476480	-0.427866	-0.090964	0.899253	0.047489	-0.995811	-0.078135	0.902594	0.009273	0.430394
53596	8.358075	-0.940078	1.905877	-1.004853	0.253039	-0.484327	-0.430297	-0.086197	0.898563	0.036366	-0.996278	-0.078155	0.901955	-0.000952	0.431830
53597	8.488657	-1.623517	2.533636	-0.921452	0.197524	-0.503870	-0.432198	-0.081204	0.898115	0.025964	-0.996645	-0.077618	0.901405	-0.010228	0.432856
53598	8.945788	-2.137321	3.069169	-0.764701	0.135956	-0.528910	-0.433482	-0.075960	0.897955	0.016805	-0.996949	-0.076222	0.901006	-0.017951	0.433436
53599	9.009160	-2.574688	3.483376	-0.525748	0.059158	-0.550476	-0.434050	-0.070501	0.898126	0.009754	-0.997243	-0.073568	0.900836	-0.023172	0.433541
53600	7.540159	-3.316825	3.178225	-0.141467	-0.004344	-0.513850	-0.433998	-0.065425	0.898535	0.006271	-0.997555	-0.069606	0.900892	-0.024574	0.433347
53601	5.121054	-4.736890	2.832211	0.339973	-0.348140	-0.365617	-0.430848	-0.061898	0.900299	0.007813	-0.997863	-0.064867	0.902391	-0.020914	0.430411
53602	5.860506	-5.741093	3.409179	0.935724	-0.717515	-0.237168	-0.424335	-0.059694	0.903535	0.015279	-0.998155	-0.058770	0.905376	-0.011134	0.424464
53603	6.667934	-5.194335	4.421688	1.550756	-0.927247	-0.145635	-0.415922	-0.058310	0.907529	0.028755	-0.998286	-0.050963	0.908945	0.004899	0.416886
53604	8.281623	-2.767334	7.415665	1.875573	-0.956934	-0.031227	-0.407164	-0.057906	0.911517	0.045727	-0.998029	-0.042976	0.912210	0.024183	0.409010
53605	10.129247	0.059615	10.673866	1.704291	-0.723598	0.010860	-0.400523	-0.057815	0.914461	0.061323	-0.997461	-0.036204	0.914232	0.041577	0.403052
53606	8.584504	0.831693	11.762504	1.124573	-0.494760	-0.130724	-0.396026	-0.056321	0.916510	0.071111	-0.997001	-0.030540	0.915481	0.053080	0.398844
53607	7.615651	-0.102130	11.345417	0.666918	-0.429922	-0.383470	-0.392357	-0.052290	0.918325	0.075685	-0.996833	-0.024423	0.916694	0.059921	0.395072
53608	7.016135	-1.177775	9.637328	0.541715	-0.343026	-0.643524	-0.389648	-0.045703	0.919829	0.078158	-0.996806	-0.016419	0.917641	0.065494	0.391975
53609	5.375611	-1.236281	5.908478	0.623553	-0.475251	-0.770829	-0.385901	-0.037724	0.921769	0.080847	-0.996702	-0.006944	0.918991	0.071843	0.387678
53610	6.521764	-1.519842	2.636680	0.827971	-1.025293	-0.713900	-0.376998	-0.029872	0.925732	0.085766	-0.996311	0.002779	0.922235	0.080444	0.378169
53611	10.435121	-1.276158	2.638847	1.092980	-1.313478	-0.467167	-0.365285	-0.024120	0.930583	0.094070	-0.995503	0.011123	0.926130	0.091603	0.365912
53612	13.506674	0.329295	5.125567	0.845881	-1.109543	-0.142194	-0.355071	-0.021682	0.934588	0.101425	-0.994723	0.015456	0.929321	0.100278	0.355397
53613	12.391697	0.963709	5.255722	0.180906	-0.709638	0.020436	-0.348451	-0.021200	0.937087	0.103114	-0.994543	0.015842	0.931638	0.102147	0.348735
53614	10.542473	0.391428	3.681123	-0.196929	-0.558382	-0.002196	-0.343185	-0.020654	0.939041	0.101288	-0.994742	0.015138	0.933791	0.100309	0.343472
53615	9.354029	0.804981	2.967005	-0.223095	-0.555548	-0.162037	-0.338157	-0.018524	0.940907	0.098588	-0.995002	0.015842	0.935912	0.098119	0.338293
53616	9.291933	2.436458	3.375631	-0.286756	-0.621859	-0.340212	-0.332598	-0.014578	0.942956	0.094777	-0.995335	0.018042	0.938294	0.095371	0.332428
53617	9.807619	3.833753	3.004411	-0.386597	-0.647204	-0.501672	-0.326982	-0.009013	0.944988	0.089438	-0.995761	0.021450	0.940789	0.091532	0.326402
53618	9.803755	3.788288	1.998172	-0.433977	-0.603115	-0.645018	-0.321798	-0.002091	0.946806	0.083275	-0.996185	0.026103	0.943139	0.087245	0.320744
53619	9.923494	2.319755	1.393048	-0.433024	-0.581804	-0.699885	-0.316864	0.005346	0.948456	0.076927	-0.996545	0.031317	0.945346	0.082885	0.315357
53620	9.978802	0.344228	1.800921	-0.437667	-0.517554	-0.653158	-0.312389	0.012231	0.949876	0.070746	-0.996841	0.036103	0.947316	0.078478	0.310537
53621	9.793932	-1.505118	2.542122	-0.451286	-0.450196	-0.541072	-0.308481	0.017937	0.951061	0.064774	-0.997105	0.039816	0.949022	0.073887	0.306426
53622	9.794666	-2.531158	3.101626	-0.429591	-0.432640	-0.432446	-0.304581	0.022517	0.952220	0.059384	-0.997327	0.042579	0.950633	0.069516	0.302430
53623	9.556840	-3.041063	2.733636	-0.380957	-0.432012	-0.372170	-0.300677	0.026486	0.953358	0.054604	-0.997497	0.044934	0.952162	0.065568	0.298478
53624	9.356082	-2.738644	2.381822	-0.242572	-0.486545	-0.343314	-0.296163	0.030180	0.954660	0.051284	-0.997556	0.047446	0.953760	0.063010	0.293892
53625	9.336362	-1.634263	2.143797	-0.043072	-0.533498	-0.343700	-0.291237	0.033903	0.956050	0.049811	-0.997479	0.050545	0.955353	0.062342	0.288814
53626	9.294339	-0.172904	1.845143	0.176011	-0.546287	-0.386497	-0.286149	0.038059	0.957429	0.050393	-0.997230	0.054702	0.956859	0.063901	0.283438
53627	9.135918	1.139002	1.712143	0.359242	-0.551668	-0.426830	-0.281075	0.042633	0.958738	0.052563	-0.996829	0.059737	0.958245	0.067185	0.277943
53628	9.228895	2.061467	2.006320	0.482822	-0.538285	-0.433992	-0.276090	0.047289	0.959968	0.055998	-0.996301	0.065184	0.959499	0.071753	0.272420
53629	9.388290	2.525314	2.367957	0.494570	-0.543011	-0.398062	-0.271093	0.051614	0.961168	0.059607	-0.995745	0.070283	0.960706	0.076346	0.266862
53630	9.596935	2.448025	2.548131	0.443134	-0.521288	-0.354223	-0.266239	0.055507	0.962307	0.062929	-0.995210	0.074815	0.961851	0.080476	0.261471
53631	9.721506	1.990522	2.703868	0.345499	-0.499623	-0.326578	-0.261625	0.059127	0.963357	0.065355	-0.994746	0.078803	0.962954	0.083577	0.256386
53632	9.325203	1.537330	2.569015	0.268948	-0.462162	-0.292594	-0.257307	0.062387	0.964314	0.067201	-0.994343	0.082261	0.963990	0.085969	0.251658
53633	9.596615	1.188357	2.552686	0.256741	-0.448039	-0.279935	-0.253161	0.065522	0.965203	0.068931	-0.993946	0.085554	0.964965	0.088192	0.247111
53634	9.014730	0.953125	2.248566	0.309053	-0.456881	-0.260465	-0.248872	0.068478	0.966112	0.071274	-0.993498	0.088780	0.965910	0.090954	0.242373
53635	9.266114	0.823839	1.919277	0.414473	-0.452231	-0.218763	-0.244646	0.071034	0.967007	0.074710	-0.992967	0.091842	0.966730	0.094714	0.237619
53636	9.566446	1.086328	1.702993	0.536013	-0.471793	-0.152457	-0.240141	0.072965	0.967992	0.079537	-0.992339	0.094532	0.967474	0.099692	0.232498
53637	8.868732	1.842264	1.439214	0.600122	-0.460711	-0.089442	-0.235737	0.074288	0.968973	0.085104	-0.991665	0.096732	0.968083	0.105266	0.227450
53638	9.544536	2.488419	1.663622	0.532262	-0.472220	-0.082081	-0.231175	0.075570	0.969973	0.090079	-0.991034	0.098679	0.968733	0.110186	0.222295
53639	9.345490	2.874551	1.413943	0.382160	-0.438715	-0.103707	-0.227000	0.077053	0.970842	0.093528	-0.990533	0.100485	0.969393	0.113611	0.217644
53640	8.889037	2.775818	1.056893	0.217475	-0.437561	-0.142420	-0.222830	0.078925	0.971657	0.095328	-0.990176	0.102291	0.970185	0.115420	0.213117
53641	9.759273	2.414446	1.211413	0.086101	-0.495173	-0.163207	-0.218158	0.081083	0.972539	0.095802	-0.989950	0.104024	0.971200	0.115865	0.208197
53642	9.667565	1.838003	0.927616	-0.031183	-0.472061	-0.147840	-0.213651	0.083052	0.973373	0.095192	-0.989868	0.105353	0.972261	0.115166	0.203580
53643	9.669574	1.192177	1.096656	-0.098472	-0.481823	-0.142353	-0.209075	0.084984	0.974200	0.093940	-0.989864	0.106511	0.973377	0.113785	0.198972
53644	9.515143	0.930186	1.182811	-0.096616	-0.486559	-0.151916	-0.204416	0.086998	0.975010	0.092696	-0.989846	0.107756	0.974485	0.112407	0.194276
53645	9.239921	0.963217	1.274084	-0.057425	-0.559677	-0.162749	-0.199084	0.089206	0.975914	0.091819	-0.989770	0.109204	0.975671	0.111348	0.188857
53646	9.737016	0.975589	1.541116	-0.009336	-0.519048	-0.145447	-0.194089	0.091182	0.976737	0.091452	-0.989653	0.110560	0.976712	0.110783	0.183742
53647	9.559544	1.037131	1.709223	0.006664	-0.526342	-0.147121	-0.189054	0.093191	0.977535	0.091246	-0.989512	0.111980	0.977718	0.110366	0.178568
53648	9.169970	1.213169	2.175085	0.027649	-0.521665	-0.149107	-0.184026	0.095202	0.978300	0.091248	-0.989346	0.113441	0.978677	0.110144	0.173378
53649	7.993969	1.757724	2.468415	0.003335	-0.540037	-0.167951	-0.178865	0.097428	0.979038	0.090986	-0.989183	0.115060	0.979658	0.109659	0.168065
53650	10.259368	1.526007	3.679612	-0.066185	-0.532145	-0.172750	-0.173744	0.099677	0.979733	0.090042	-0.989089	0.116596	0.980666	0.108475	0.162873
53651	9.816620	1.090656	3.931058	-0.056579	-0.414688	-0.155692	-0.169792	0.101636	0.980225	0.089228	-0.988996	0.118002	0.981432	0.107499	0.158855
53652	9.113271	0.726638	4.279549	0.031599	-0.319289	-0.160444	-0.166740	0.103526	0.980551	0.089277	-0.988803	0.119578	0.981951	0.107479	0.155630
53653	8.744834	0.879322	4.426493	0.138150	-0.286975	-0.133923	-0.164024	0.105130	0.980838	0.090410	-0.988518	0.121073	0.982304	0.108536	0.152636
53654	8.498029	1.277508	4.100174	0.246649	-0.262509	-0.095427	-0.161471	0.106321	0.981133	0.092687	-0.988151	0.122336	0.982515	0.110692	0.149703
53655	8.510114	1.476275	3.294519	0.370148	-0.288756	-0.069335	-0.158688	0.107300	0.981481	0.096200	-0.987667	0.123531	0.982631	0.114021	0.146409
53656	8.782335	1.496889	2.278279	0.480141	-0.329670	-0.026834	-0.155413	0.107909	0.981938	0.100884	-0.987085	0.124442	0.982685	0.118402	0.142519
53657	9.160606	1.544049	1.413606	0.531841	-0.369870	-0.004476	-0.151774	0.108370	0.982456	0.106089	-0.986443	0.125199	0.982705	0.123230	0.138220
53658	9.422079	1.803280	0.627686	0.522557	-0.427968	0.003042	-0.147503	0.108839	0.983055	0.111237	-0.985795	0.125833	0.982786	0.127913	0.133301
53659	9.606559	2.214853	0.060322	0.459806	-0.488457	-0.003806	-0.142697	0.109483	0.983693	0.115740	-0.985199	0.126440	0.982976	0.131895	0.127913
53660	9.683810	2.618788	-0.346431	0.341766	-0.557516	-0.016869	-0.137172	0.110354	0.984381	0.119084	-0.984730	0.126987	0.983363	0.134643	0.121936
53661	9.818787	2.843342	-0.384619	0.223590	-0.616828	-0.019959	-0.131116	0.111361	0.985092	0.121257	-0.984408	0.127424	0.983923	0.136157	0.115569
53662	7.868234	2.787548	-0.452514	0.115449	-0.621819	-0.043522	-0.124986	0.112599	0.985748	0.122345	-0.984207	0.127936	0.984586	0.136592	0.109236
53663	11.607041	2.155253	1.748388	-0.088798	-0.775837	-0.047010	-0.117386	0.114096	0.986510	0.121430	-0.984275	0.128287	0.985634	0.134851	0.101685
53664	10.123089	1.313543	1.282388	-0.133487	-0.616380	-0.014676	-0.111263	0.115027	0.987112	0.120104	-0.984442	0.128253	0.986507	0.132825	0.095716
53665	9.953750	0.521181	1.959823	-0.089596	-0.617800	-0.022660	-0.105179	0.116047	0.987659	0.119212	-0.984535	0.128375	0.987282	0.131243	0.089718
53666	10.315170	0.202467	2.594507	-0.027246	-0.538546	0.011041	-0.099784	0.116604	0.988153	0.118960	-0.984588	0.128196	0.987872	0.130342	0.084375
53667	8.833440	0.261348	2.746516	0.063765	-0.487650	0.021854	-0.094928	0.117003	0.988584	0.119616	-0.984533	0.128009	0.988272	0.130402	0.079464
53668	9.063359	0.385546	3.102833	0.190426	-0.504324	0.029023	-0.089845	0.117339	0.989019	0.121531	-0.984323	0.127822	0.988513	0.131680	0.074176
53669	9.210460	0.562533	3.355131	0.353197	-0.451532	0.058681	-0.085301	0.117338	0.989422	0.125065	-0.983926	0.127468	0.988475	0.134615	0.069255
53670	8.889231	0.926694	3.542114	0.515175	-0.461741	0.079470	-0.080573	0.117150	0.989840	0.130228	-0.983320	0.126978	0.988205	0.139135	0.063973
53671	9.078412	1.253061	3.713294	0.635840	-0.419672	0.105922	-0.076282	0.116676	0.990236	0.136571	-0.982547	0.126291	0.987689	0.144872	0.059016
53672	8.342591	1.504607	3.129650	0.709951	-0.421198	0.127212	-0.071881	0.116013	0.990643	0.143680	-0.981649	0.125385	0.987010	0.151348	0.053893
53673	7.608923	1.681721	1.818425	0.753599	-0.557945	0.152860	-0.066153	0.115348	0.991120	0.151191	-0.980668	0.124223	0.986289	0.158066	0.047435
53674	8.676169	2.038804	0.932576	0.788955	-0.747754	0.192305	-0.058418	0.114634	0.991689	0.159093	-0.979620	0.122611	0.985534	0.164933	0.038990
53675	9.074475	2.613373	0.231976	0.773337	-0.888482	0.205673	-0.049334	0.114088	0.992245	0.166794	-0.978563	0.120808	0.984757	0.171461	0.029248
53676	10.092578	3.038182	0.121350	0.658377	-0.957082	0.196403	-0.039514	0.113798	0.992718	0.173366	-0.977645	0.118971	0.984065	0.176804	0.018902
53677	10.329303	2.841604	0.138633	0.498166	-1.012771	0.166410	-0.029262	0.113960	0.993054	0.178306	-0.976950	0.117366	0.983540	0.180502	0.008268
53678	10.913006	2.255952	1.048463	0.334314	-0.959977	0.160922	-0.019467	0.114096	0.993279	0.181635	-0.976532	0.115732	0.983173	0.182667	-0.001714
53679	10.479314	1.503953	2.439433	0.195901	-0.871435	0.196456	-0.010548	0.113756	0.993453	0.183578	-0.976401	0.113752	0.982948	0.183576	-0.010584
53680	10.248195	0.824190	4.176660	0.155025	-0.816567	0.217986	-0.002055	0.113093	0.993582	0.185117	-0.976369	0.111517	0.982714	0.184158	-0.018929
53681	11.028968	-0.104744	5.467251	0.188653	-0.617587	0.201575	0.004375	0.112245	0.993671	0.186943	-0.976254	0.109454	0.982361	0.185281	-0.025254
53682	11.855733	0.151269	6.597855	0.215970	-0.357211	0.189204	0.008305	0.111028	0.993783	0.189053	-0.976068	0.107469	0.981932	0.186985	-0.029096
53683	12.390589	1.655135	7.753488	0.233524	0.054179	0.172689	0.008076	0.109208	0.993986	0.191275	-0.975833	0.105660	0.981503	0.189271	-0.028769
53684	11.696303	2.895350	9.151718	0.235836	0.419230	0.141785	0.004300	0.106991	0.994251	0.193581	-0.975541	0.104140	0.981075	0.192020	-0.024907
53685	11.139813	2.711391	10.388344	0.259061	0.718495	0.138228	-0.002522	0.104214	0.994552	0.196039	-0.975205	0.102684	0.980593	0.195230	-0.017970
53686	12.994108	1.066179	11.537905	0.370930	1.091924	0.157267	-0.012848	0.100488	0.994855	0.199688	-0.974638	0.101025	0.979775	0.199959	-0.007544
53687	12.204781	-0.191087	11.316508	0.423646	1.656105	0.214198	-0.028703	0.094998	0.995064	0.203763	-0.974015	0.098866	0.978599	0.205595	0.008600
53688	12.794047	-0.623835	11.784665	0.260858	2.177546	0.338964	-0.049237	0.087137	0.994979	0.206449	-0.973786	0.095497	0.977218	0.210114	0.029957
53689	13.314306	-0.233180	10.840559	-0.028273	2.631114	0.471806	-0.074051	0.076935	0.994282	0.206297	-0.974272	0.090751	0.975683	0.211837	0.056275
53690	12.668653	0.055375	7.817927	-0.180681	3.162964	0.560886	-0.103657	0.064726	0.992505	0.205039	-0.975056	0.085002	0.973249	0.212313	0.087800
53691	12.533839	0.009777	4.627209	-0.077719	3.305825	0.622613	-0.134612	0.051563	0.989556	0.204824	-0.975630	0.078701	0.969498	0.213279	0.120770
53692	11.450144	0.288733	2.464507	0.198020	3.346384	0.644403	-0.165573	0.038047	0.985463	0.207714	-0.975495	0.072562	0.964075	0.216708	0.153613
53693	10.752886	1.241245	1.060398	0.415343	3.165752	0.493324	-0.195080	0.026255	0.980436	0.212387	-0.974791	0.068363	0.957515	0.221568	0.184586
53694	10.494568	1.706713	-0.606005	0.567422	2.813537	0.264208	-0.221288	0.017327	0.975055	0.218361	-0.973575	0.066858	0.950447	0.227708	0.211657
53695	10.545594	1.744036	-2.271237	0.811840	2.353301	0.175957	-0.243300	0.010132	0.969898	0.226266	-0.971765	0.066911	0.943191	0.235735	0.234138
53696	12.257027	1.199113	-3.655528	0.994412	1.970554	0.150000	-0.261404	0.003902	0.965222	0.236000	-0.969383	0.067833	0.935934	0.245524	0.252480
53697	12.890659	0.330488	-4.322354	0.955116	1.717093	0.226893	-0.276976	-0.002608	0.960873	0.245358	-0.967038	0.068101	0.929023	0.254620	0.268486
53698	12.230588	-0.404318	-2.976172	0.752272	1.629981	0.364028	-0.291094	-0.010364	0.956638	0.253370	-0.965071	0.066642	0.922533	0.261782	0.283553
53699	11.371933	-0.405545	-0.920586	0.407736	1.592036	0.473329	-0.304613	-0.019140	0.952284	0.258396	-0.963964	0.063280	0.916756	0.265342	0.298582
53700	9.912165	-0.562632	-0.266421	0.044856	1.629780	0.513500	-0.318116	-0.028445	0.947625	0.260419	-0.963722	0.058494	0.911583	0.265388	0.313983
53701	10.045301	-0.418922	-0.768587	-0.137711	1.627208	0.561476	-0.331526	-0.038171	0.942674	0.260870	-0.963934	0.052713	0.906663	0.263391	0.329526
53702	9.597210	-0.523013	-1.434428	-0.245418	1.654018	0.607792	-0.344833	-0.048393	0.937416	0.260723	-0.964311	0.046127	0.901728	0.260312	0.345143
53703	10.059099	-0.976701	-1.380089	-0.306759	1.597529	0.616761	-0.357663	-0.058479	0.932018	0.260025	-0.964804	0.039249	0.896919	0.256386	0.360281
53704	10.067124	-0.669214	-1.407934	-0.365750	1.621941	0.613514	-0.370516	-0.068553	0.926293	0.259004	-0.965341	0.032159	0.891984	0.251829	0.375430
53705	10.208520	0.275499	-1.108854	-0.439463	1.532381	0.653815	-0.382517	-0.078694	0.920591	0.257468	-0.965978	0.024408	0.887350	0.246359	0.389764
53706	9.878220	1.672158	-1.097271	-0.623402	1.475094	0.584413	-0.394019	-0.087955	0.914884	0.254236	-0.967001	0.016528	0.883240	0.239109	0.403378
53707	9.714458	3.050309	-0.857919	-0.970649	1.337329	0.412906	-0.404820	-0.095088	0.909439	0.247265	-0.968908	0.008759	0.880330	0.228418	0.415745
53708	9.845034	3.386606	-0.751552	-1.481153	1.255357	0.151201	-0.415436	-0.099359	0.904180	0.234876	-0.972025	0.001103	0.878775	0.212828	0.427151
53709	9.558819	2.806197	-0.735790	-1.961224	1.189366	-0.047303	-0.426022	-0.101320	0.899022	0.217426	-0.976052	-0.006970	0.878198	0.192501	0.437849
53710	9.398115	1.380499	-0.836585	-2.254275	1.068460	-0.159103	-0.435676	-0.101733	0.894336	0.196961	-0.980288	-0.015561	0.878290	0.169370	0.447126
53711	8.525106	-0.097207	-1.234969	-2.251161	0.955530	-0.150605	-0.444367	-0.101779	0.890044	0.176537	-0.983992	-0.024384	0.878278	0.146291	0.455221
53712	7.546469	-0.739332	-1.751130	-1.995438	0.888058	-0.045020	-0.452182	-0.102582	0.886007	0.158836	-0.986747	-0.033183	0.877669	0.125725	0.462483
53713	6.611356	-1.043277	-1.633898	-1.665568	0.753893	0.093275	-0.458658	-0.104410	0.882457	0.144678	-0.988597	-0.041771	0.876756	0.108514	0.468534
53714	6.807113	-1.538481	-1.487016	-1.292801	0.569992	0.131258	-0.463415	-0.106329	0.879739	0.133975	-0.989770	-0.049055	0.875955	0.095130	0.472920
53715	6.362753	-1.970875	-1.285212	-0.924978	0.371546	0.208987	-0.466389	-0.108762	0.877868	0.126883	-0.990375	-0.055291	0.875432	0.085599	0.475701
53716	6.515015	-2.583356	-0.494807	-0.581262	0.129700	0.234291	-0.467177	-0.111232	0.877139	0.122909	-0.990593	-0.060156	0.875579	0.079705	0.476454
53717	7.091348	-2.862279	0.280632	-0.253102	-0.054318	0.189422	-0.466455	-0.113097	0.877285	0.121613	-0.990574	-0.063040	0.876145	0.077283	0.475812
53718	7.312136	-2.772329	0.866639	0.001945	-0.175000	0.098089	-0.464746	-0.113976	0.878078	0.122108	-0.990456	-0.063934	0.876984	0.077507	0.474228
53719	7.439724	-2.673547	1.727010	0.132303	-0.277051	-0.002844	-0.462297	-0.113763	0.879397	0.123284	-0.990350	-0.063307	0.878113	0.079149	0.471861
53720	8.114552	-2.548984	2.589419	0.188095	-0.361585	-0.162034	-0.459264	-0.111911	0.881222	0.124212	-0.990377	-0.061038	0.879573	0.081426	0.468745
53721	7.387659	-2.397068	3.428700	0.497750	-0.257731	-0.228009	-0.457258	-0.109470	0.882571	0.127566	-0.990206	-0.056729	0.880137	0.086646	0.466745
53722	4.314797	-0.999587	4.351327	0.890234	-0.309799	-0.166869	-0.454694	-0.107577	0.884127	0.134663	-0.989570	-0.051152	0.880409	0.095800	0.464439
53723	2.733641	1.267752	8.024118	1.247380	-0.773809	-0.206351	-0.448139	-0.104776	0.887802	0.144733	-0.988510	-0.043604	0.882170	0.108954	0.458155
53724	4.727768	2.047136	13.035384	1.252056	-1.200708	-0.323210	-0.437953	-0.100233	0.893393	0.154389	-0.987387	-0.035095	0.885642	0.122560	0.447903
53725	9.240520	0.165407	14.719017	0.499218	-0.977272	-0.253429	-0.429670	-0.096531	0.897811	0.157716	-0.987009	-0.030643	0.889106	0.128433	0.439313
53726	10.353338	-0.800313	15.042417	-0.273401	-0.275080	-0.044661	-0.427235	-0.095780	0.899053	0.155111	-0.987395	-0.031482	0.890736	0.126003	0.436706
53727	10.018339	-1.644811	14.514822	-0.611541	0.228884	0.066196	-0.429190	-0.096737	0.898019	0.149917	-0.988086	-0.034789	0.890686	0.119697	0.438579
53728	10.008129	-3.659116	12.544019	-0.619712	0.539493	0.065966	-0.433837	-0.098057	0.895639	0.144706	-0.988739	-0.038156	0.889295	0.113051	0.443141
53729	6.301183	-5.346134	9.373463	-0.281240	0.642340	-0.021641	-0.439612	-0.098576	0.892762	0.142048	-0.989081	-0.039264	0.886884	0.109554	0.448814
53730	3.081765	-5.682299	6.160632	0.288565	0.191967	-0.220260	-0.441571	-0.096651	0.892005	0.143655	-0.988971	-0.036044	0.885651	0.112225	0.450586
53731	1.804932	-5.734446	0.358632	0.948167	-0.646282	-0.487687	-0.436610	-0.091088	0.895028	0.149805	-0.988333	-0.027507	0.887091	0.122070	0.445162
53732	4.399490	-5.426262	-5.326449	1.784914	-1.651977	-0.543455	-0.422713	-0.083587	0.902401	0.163363	-0.986454	-0.014848	0.891418	0.141142	0.430642
53733	11.909661	-2.938716	-4.924587	2.518467	-2.035810	-0.268655	-0.405032	-0.077822	0.910985	0.184616	-0.982809	-0.001876	0.895470	0.167422	0.412436
53734	16.484065	1.756621	0.353553	2.652524	-1.533560	0.125568	-0.390985	-0.076313	0.917228	0.208900	-0.977907	0.007686	0.896377	0.194614	0.398288
53735	18.833302	5.793563	5.756484	2.012570	-0.620747	0.211207	-0.384984	-0.077130	0.919695	0.227625	-0.973653	0.013628	0.894413	0.214592	0.392398
53736	15.793891	6.405559	7.870480	0.889052	0.060866	-0.026543	-0.385528	-0.077039	0.919474	0.235482	-0.971724	0.017319	0.892141	0.223197	0.392769
53737	12.082151	3.234098	7.378825	-0.206687	-0.002105	-0.218302	-0.386036	-0.074935	0.919435	0.232718	-0.972369	0.018460	0.892647	0.221095	0.392808
53738	11.163686	0.326735	4.896723	-0.699816	-0.346968	-0.336307	-0.383643	-0.070940	0.920753	0.225183	-0.974136	0.018772	0.895606	0.214540	0.389695
53739	10.964331	-0.236189	1.826880	-0.655570	-0.683912	-0.285340	-0.378154	-0.066734	0.923334	0.218140	-0.975736	0.018818	0.899675	0.208532	0.383535
53740	11.141524	0.352621	-0.772100	-0.209531	-0.825654	-0.277218	-0.371251	-0.062347	0.926437	0.215229	-0.976348	0.020542	0.903244	0.207022	0.375889
53741	9.185763	1.256241	-2.090944	0.259771	-0.763810	-0.413010	-0.365240	-0.056749	0.929182	0.215997	-0.976066	0.025291	0.905508	0.209938	0.368756
53742	9.554222	1.523870	-1.266588	0.495223	-0.724765	-0.547248	-0.359800	-0.049903	0.931694	0.218517	-0.975303	0.032148	0.907080	0.215158	0.361819
53743	9.105900	0.991901	-1.162692	0.557664	-0.770714	-0.498180	-0.353892	-0.043392	0.934279	0.221767	-0.974329	0.038750	0.908614	0.220905	0.354430
53744	9.234657	0.158516	-0.995829	0.636760	-0.937389	-0.308896	-0.345997	-0.038316	0.937453	0.226493	-0.973026	0.043824	0.910487	0.227490	0.345343
53745	9.412567	-0.118783	-0.046540	0.616368	-1.077484	-0.149519	-0.336498	-0.034404	0.941056	0.231582	-0.971665	0.047285	0.912764	0.233843	0.334930
53746	9.658911	0.226927	1.077320	0.433425	-1.176066	-0.094152	-0.325903	-0.030745	0.944903	0.235248	-0.970671	0.049555	0.915667	0.238436	0.323578
53747	9.961135	0.831270	1.848055	0.236376	-1.098335	-0.167417	-0.316198	-0.026515	0.948323	0.236865	-0.970158	0.051853	0.918648	0.241021	0.313043
53748	9.643945	1.526398	2.490350	0.145612	-0.984936	-0.288349	-0.307758	-0.021368	0.951225	0.237319	-0.969874	0.054995	0.921393	0.242669	0.303557
53749	9.573759	1.323173	3.312878	0.164901	-0.859676	-0.370743	-0.300678	-0.015706	0.953596	0.237707	-0.969544	0.058983	0.923628	0.244411	0.295254
53750	8.979541	0.842952	4.195985	0.208469	-0.709218	-0.312710	-0.294804	-0.010966	0.955495	0.238716	-0.969074	0.062530	0.925260	0.246526	0.288304
53751	9.131822	0.302576	5.047432	0.228148	-0.586285	-0.219094	-0.289872	-0.007418	0.957037	0.240181	-0.968533	0.065241	0.926438	0.248774	0.282532
53752	8.449420	-0.118273	4.891709	0.301859	-0.480886	-0.156001	-0.285729	-0.004736	0.958299	0.242542	-0.967787	0.067534	0.927110	0.251724	0.277673
53753	8.094220	-0.423753	4.434080	0.430590	-0.439529	-0.133811	-0.281957	-0.002353	0.959424	0.246136	-0.966707	0.069964	0.927317	0.255876	0.273149
53754	7.979383	-0.500177	3.694528	0.576889	-0.421492	-0.110868	-0.278261	-0.000223	0.960505	0.251187	-0.965216	0.072546	0.927079	0.261453	0.268638
53755	8.023346	-0.059500	2.428993	0.772824	-0.455347	-0.074383	-0.274210	0.001674	0.961668	0.258112	-0.963178	0.075274	0.926384	0.268859	0.263681
53756	8.239029	0.873898	0.687823	0.994999	-0.545259	-0.030777	-0.269179	0.003431	0.963084	0.267252	-0.960455	0.078118	0.925267	0.278414	0.257617
53757	7.745079	2.030184	-1.058488	1.168092	-0.732547	-0.026167	-0.262453	0.005735	0.964928	0.277954	-0.957149	0.081290	0.924045	0.289540	0.249613
53758	10.269516	3.110759	-1.040914	1.176236	-0.887023	0.001564	-0.254192	0.008309	0.967118	0.288832	-0.953678	0.084109	0.923018	0.300714	0.240018
53759	10.969561	4.417894	-0.493827	0.965268	-0.925372	0.003414	-0.245612	0.011079	0.969305	0.297740	-0.950737	0.086311	0.922510	0.309800	0.230214
53760	10.862649	4.958122	0.582537	0.546988	-0.865871	-0.076554	-0.237786	0.014483	0.971209	0.302613	-0.949020	0.088242	0.922975	0.314883	0.221281
53761	10.957525	4.539222	1.494259	0.077569	-0.830226	-0.160405	-0.230567	0.018606	0.972879	0.302976	-0.948744	0.089949	0.924686	0.315498	0.213112
53762	10.167937	3.248747	1.814693	-0.276118	-0.752366	-0.213537	-0.224179	0.022969	0.974277	0.299943	-0.949568	0.091403	0.927242	0.312718	0.205983
53763	10.647239	1.675955	2.294076	-0.415402	-0.675863	-0.222135	-0.218530	0.027169	0.975452	0.295633	-0.950792	0.092713	0.929971	0.308637	0.199744
53764	9.261657	0.435244	1.978530	-0.356475	-0.634836	-0.191883	-0.213116	0.030915	0.976538	0.291909	-0.951832	0.093838	0.932401	0.305058	0.193827
53765	9.053339	-0.237747	2.471219	-0.212815	-0.663967	-0.139081	-0.207289	0.034247	0.977680	0.289669	-0.952423	0.094778	0.934411	0.302850	0.187507
53766	9.122572	-0.395651	2.785192	-0.014098	-0.566072	-0.070856	-0.202136	0.036607	0.978673	0.289400	-0.952442	0.095399	0.935622	0.302512	0.181929
53767	9.144466	-0.057907	2.953058	0.156844	-0.595107	-0.024264	-0.196603	0.038630	0.979722	0.290848	-0.951951	0.095900	0.936352	0.303805	0.175921
53768	8.966315	0.214660	2.812698	0.325945	-0.491271	0.017551	-0.191886	0.039934	0.980604	0.293942	-0.950965	0.096246	0.936364	0.306709	0.170739
53769	8.427793	0.634285	2.355244	0.447024	-0.478543	0.044408	-0.187244	0.040975	0.981458	0.298229	-0.949599	0.096542	0.935948	0.310777	0.165587
53770	7.593452	1.118890	1.614042	0.505271	-0.566263	0.064181	-0.181686	0.042112	0.982454	0.303083	-0.948047	0.096686	0.935484	0.315332	0.159484
53771	8.905643	1.467958	1.246159	0.535871	-0.615509	0.082173	-0.175648	0.043275	0.983501	0.308257	-0.946376	0.096695	0.934947	0.320156	0.152890
53772	8.826880	1.752544	0.487108	0.530640	-0.705603	0.061575	-0.168795	0.044942	0.984626	0.313330	-0.944694	0.096834	0.934523	0.324858	0.145378
53773	9.593020	2.007876	0.434691	0.476649	-0.745401	0.034678	-0.161690	0.047040	0.985720	0.317862	-0.943147	0.097148	0.934249	0.329031	0.137545
53774	8.981288	2.359786	0.118185	0.385903	-0.805989	0.000566	-0.154091	0.049674	0.986807	0.321474	-0.941874	0.097610	0.934297	0.332274	0.129165
53775	10.043303	2.187488	0.732739	0.256018	-0.847240	-0.037003	-0.146260	0.052839	0.987834	0.323842	-0.940993	0.098282	0.934738	0.334277	0.120518
