// General information: 
//  MT Manager version: 2022.2.0 
//  XDA version: 2022.2.0 build 7381 rev 124627 built on 2023-07-19
// Device information: 
//  DeviceId: 00B4CBA7
//  ProductCode: MTW2-3A7G6
//  Firmware Version: 4.6.0
//  Hardware Version: 2.0.0
// Device settings: 
//  Filter Profile: human(46.1)
//  Option Flags: Orientation Smoother Disabled, Position/Velocity Smoother Disabled, Continuous Zero Rotation Update Disabled, AHS Disabled, ICC Disabled
// Coordinate system: ENU
PacketCounter	Acc_X	Acc_Y	Acc_Z	Gyr_X	Gyr_Y	Gyr_Z	Mat[1][1]	Mat[2][1]	Mat[3][1]	Mat[1][2]	Mat[2][2]	Mat[3][2]	Mat[1][3]	Mat[2][3]	Mat[3][3]
17608	9.555032	-0.872179	-2.341215	0.015420	0.033523	0.000731	0.217056	-0.054040	0.974662	0.180974	-0.978930	-0.094579	0.959237	0.196918	-0.202703
17609	9.509536	-0.868519	-2.238910	-0.011983	0.039807	0.004019	0.216665	-0.054128	0.974744	0.180837	-0.978957	-0.094558	0.959351	0.196758	-0.202317
17610	9.435850	-1.038533	-2.226920	-0.016561	0.048929	0.000862	0.216045	-0.054338	0.974870	0.181012	-0.978913	-0.094679	0.959458	0.196918	-0.201654
17611	9.464113	-1.058666	-2.100191	0.007811	0.047235	-0.002460	0.215570	-0.054378	0.974973	0.181080	-0.978905	-0.094635	0.959552	0.196949	-0.201175
17612	9.470665	-0.954023	-1.903871	0.001720	0.050315	-0.002441	0.215104	-0.054355	0.975077	0.180995	-0.978933	-0.094498	0.959672	0.196811	-0.200734
17613	9.498926	-0.877380	-1.804886	-0.008956	0.047340	-0.000736	0.214630	-0.054412	0.975179	0.180899	-0.978957	-0.094437	0.959797	0.196677	-0.200271
17614	9.525680	-0.826637	-1.754334	-0.027312	0.041295	-0.001943	0.214127	-0.054463	0.975286	0.180595	-0.979024	-0.094322	0.959966	0.196329	-0.199799
17615	9.549566	-0.972375	-1.746278	-0.018251	0.035042	-0.008041	0.213757	-0.054424	0.975370	0.180425	-0.979070	-0.094171	0.960081	0.196111	-0.199464
17616	9.619345	-1.219250	-1.833388	0.006116	0.039401	-0.014494	0.213334	-0.054290	0.975470	0.180393	-0.979098	-0.093944	0.960181	0.196009	-0.199081
17617	9.543452	-1.200924	-1.998486	0.151258	0.043565	-0.002422	0.212893	-0.054322	0.975564	0.181838	-0.978808	-0.094185	0.960006	0.197446	-0.198503
17618	9.646365	0.096580	-1.187390	0.026189	0.051812	0.001823	0.212326	-0.054375	0.975685	0.182083	-0.978763	-0.094171	0.960085	0.197651	-0.197916
17619	9.348497	-0.198906	-1.312734	-0.246768	0.039762	0.029328	0.211978	-0.054711	0.975742	0.179638	-0.979238	-0.093933	0.960622	0.195192	-0.197749
17620	9.356531	-1.139330	-1.695260	-0.257594	0.012293	0.026860	0.211795	-0.054873	0.975772	0.177032	-0.979752	-0.093523	0.961146	0.192551	-0.197793
17621	9.647340	-1.192269	-1.774282	-0.109674	0.002337	0.019400	0.211788	-0.055037	0.975765	0.175924	-0.979957	-0.093458	0.961352	0.191454	-0.197861
17622	9.601329	-0.801945	-1.810991	-0.102116	-0.006902	0.016413	0.211919	-0.055151	0.975730	0.174769	-0.980173	-0.093360	0.961533	0.190312	-0.198078
17623	9.427573	-0.755265	-1.957172	-0.105234	-0.014561	0.013506	0.212063	-0.055225	0.975694	0.173715	-0.980371	-0.093246	0.961692	0.189267	-0.198307
17624	9.520616	-0.929642	-2.078754	-0.088524	-0.020813	0.008845	0.212195	-0.055179	0.975668	0.172713	-0.980570	-0.093019	0.961844	0.188249	-0.198542
17625	9.545011	-0.928549	-2.057585	-0.070181	-0.020863	0.011706	0.212396	-0.055224	0.975622	0.172000	-0.980701	-0.092956	0.961927	0.187550	-0.198799
17626	9.493155	-1.075456	-2.104328	-0.062596	-0.027026	0.010183	0.212780	-0.055221	0.975538	0.171180	-0.980854	-0.092859	0.961989	0.186751	-0.199254
17627	9.589926	-1.101098	-2.108450	-0.010669	-0.021167	0.011076	0.212984	-0.055259	0.975492	0.171040	-0.980874	-0.092908	0.961968	0.186636	-0.199459
17628	9.590909	-1.003651	-2.088494	0.001527	-0.016692	0.007834	0.213286	-0.055289	0.975424	0.170868	-0.980899	-0.092961	0.961932	0.186496	-0.199765
17629	9.542477	-0.979025	-2.065044	0.001583	-0.012075	0.010824	0.213403	-0.055342	0.975396	0.170846	-0.980896	-0.093032	0.961910	0.186496	-0.199871
17630	9.493042	-0.955757	-2.090048	0.010712	-0.010637	0.007653	0.213621	-0.055280	0.975351	0.170866	-0.980894	-0.093017	0.961858	0.186525	-0.200094
17631	9.591690	-0.883987	-2.070410	0.013804	-0.006055	0.009085	0.213679	-0.055326	0.975336	0.170965	-0.980869	-0.093096	0.961828	0.186641	-0.200132
17632	9.519391	-0.834607	-2.045866	-0.001450	0.001615	0.006099	0.213843	-0.055432	0.975294	0.170943	-0.980860	-0.093229	0.961795	0.186656	-0.200274
17633	9.541131	-0.934912	-2.117028	-0.007570	-0.001404	0.006207	0.213851	-0.055459	0.975291	0.170843	-0.980877	-0.093237	0.961811	0.186561	-0.200287
17634	9.492578	-0.958549	-2.090877	-0.002985	0.003128	0.004570	0.213933	-0.055515	0.975270	0.170855	-0.980868	-0.093312	0.961791	0.186592	-0.200355
17635	9.517862	-0.982390	-2.041542	-0.001427	0.006192	0.006038	0.213868	-0.055555	0.975281	0.170815	-0.980873	-0.093331	0.961812	0.186553	-0.200288
17636	9.519022	-0.981694	-1.992073	0.003159	0.007693	0.005968	0.213853	-0.055672	0.975278	0.170911	-0.980843	-0.093465	0.961799	0.186673	-0.200242
17637	9.546135	-0.931172	-1.895778	-0.001443	0.003140	0.006079	0.213819	-0.055707	0.975284	0.170871	-0.980848	-0.093486	0.961813	0.186636	-0.200205
17638	9.547205	-0.930368	-1.846767	-0.001468	0.001594	0.004573	0.213877	-0.055708	0.975271	0.170674	-0.980885	-0.093457	0.961835	0.186442	-0.200281
17639	9.572672	-0.929538	-1.798475	0.006079	-0.001580	-0.001572	0.213876	-0.055659	0.975274	0.170723	-0.980881	-0.093418	0.961827	0.186481	-0.200284
17640	9.571839	-0.906527	-1.847944	0.006120	-0.000014	0.001459	0.213852	-0.055653	0.975280	0.170840	-0.980859	-0.093432	0.961811	0.186598	-0.200251
17641	9.545513	-0.884482	-1.945764	0.022797	-0.004785	-0.006290	0.213873	-0.055552	0.975281	0.171060	-0.980826	-0.093380	0.961768	0.186803	-0.200269
17642	9.497446	-0.858675	-1.921282	0.024299	-0.006339	-0.007812	0.214052	-0.055443	0.975247	0.171228	-0.980800	-0.093341	0.961698	0.186969	-0.200449
17643	9.570035	-0.811826	-1.973342	0.021288	-0.004756	-0.004748	0.214077	-0.055358	0.975247	0.171429	-0.980768	-0.093302	0.961656	0.187160	-0.200470
17644	9.741967	-0.764436	-1.953719	0.018367	0.007550	0.001221	0.213842	-0.055262	0.975304	0.171494	-0.980769	-0.093173	0.961697	0.187183	-0.200253
17645	9.666648	-0.934964	-1.970936	-0.050267	0.014027	0.001885	0.213696	-0.055276	0.975335	0.170993	-0.980868	-0.093054	0.961819	0.186661	-0.200156
17646	9.564149	-1.132188	-2.108714	-0.030449	0.019961	-0.002989	0.213568	-0.055194	0.975368	0.170539	-0.980966	-0.092852	0.961928	0.186169	-0.200090
17647	9.541232	-0.888910	-2.185812	0.021347	0.025641	-0.014307	0.213283	-0.055070	0.975437	0.170761	-0.980940	-0.092719	0.961952	0.186342	-0.199814
17648	9.563857	-0.939805	-2.279470	0.018382	0.036378	-0.011367	0.213008	-0.055009	0.975501	0.170894	-0.980925	-0.092631	0.961989	0.186439	-0.199544
17649	9.417723	-1.058671	-2.244848	0.006173	0.042505	-0.014374	0.212561	-0.054916	0.975603	0.170970	-0.980928	-0.092466	0.962074	0.186454	-0.199118
17650	9.391775	-1.374049	-2.207181	0.016886	0.042490	-0.011432	0.212426	-0.054845	0.975637	0.170961	-0.980939	-0.092367	0.962106	0.186417	-0.199001
17651	9.442487	-1.397480	-2.153827	0.077931	0.046731	-0.013630	0.211942	-0.054767	0.975747	0.171726	-0.980807	-0.092352	0.962076	0.187134	-0.198469
17652	9.449126	-1.221820	-1.957911	0.117576	0.043454	-0.015499	0.211358	-0.054663	0.975879	0.172991	-0.980580	-0.092394	0.961978	0.188346	-0.197797
17653	9.505471	-0.828681	-1.818490	0.154193	0.041742	-0.015826	0.210917	-0.054556	0.975980	0.174493	-0.980303	-0.092507	0.961804	0.189813	-0.197243
17654	9.538660	-0.456480	-1.581866	0.116039	0.031322	-0.010728	0.210707	-0.054508	0.976028	0.175503	-0.980112	-0.092624	0.961666	0.190813	-0.196951
17655	9.487200	-0.702004	-1.618634	0.083944	0.026854	-0.013412	0.210414	-0.054397	0.976098	0.176324	-0.979965	-0.092622	0.961580	0.191599	-0.196607
17656	9.560884	-0.654968	-1.643178	0.112883	0.017532	-0.015049	0.210210	-0.054316	0.976146	0.177671	-0.979707	-0.092775	0.961376	0.192935	-0.196294
17657	9.584339	-0.657994	-1.714533	0.086948	0.016157	-0.013266	0.210019	-0.054187	0.976195	0.178521	-0.979552	-0.092780	0.961261	0.193757	-0.196051
17658	9.533879	-0.733835	-1.782270	0.073290	0.014855	-0.003964	0.209998	-0.054225	0.976197	0.179249	-0.979402	-0.092963	0.961130	0.194504	-0.195953
17659	9.509701	-0.686456	-1.806416	0.021439	0.010632	0.002674	0.209890	-0.054241	0.976219	0.179436	-0.979364	-0.092995	0.961119	0.194687	-0.195826
17660	9.507661	-0.835293	-1.848993	-0.012073	0.009402	0.010622	0.209822	-0.054415	0.976224	0.179375	-0.979362	-0.093143	0.961145	0.194653	-0.195731
17661	9.534904	-0.758864	-1.729579	-0.022756	0.003405	0.013874	0.209803	-0.054528	0.976222	0.179113	-0.979404	-0.093200	0.961198	0.194408	-0.195715
17662	9.432025	-1.223669	-1.760785	-0.067059	-0.004034	0.012866	0.209721	-0.054544	0.976239	0.178408	-0.979546	-0.093055	0.961347	0.193685	-0.195700
17663	9.379811	-1.517353	-1.775005	0.044225	-0.012372	0.002880	0.209833	-0.054518	0.976216	0.178814	-0.979465	-0.093134	0.961247	0.194104	-0.195776
17664	9.456541	-1.248823	-1.712864	0.131168	-0.018933	0.000703	0.210137	-0.054527	0.976150	0.180039	-0.979210	-0.093455	0.960952	0.195383	-0.195951
17665	9.536616	-0.663015	-1.638598	0.146444	-0.022006	0.003675	0.210344	-0.054490	0.976108	0.181425	-0.978927	-0.093743	0.960646	0.196808	-0.196025
17666	9.512963	-0.304386	-1.775640	0.070266	-0.024387	0.019670	0.210721	-0.054564	0.976022	0.181993	-0.978795	-0.094011	0.960456	0.197439	-0.196323
17667	9.556697	-0.412979	-1.970106	-0.019645	-0.023663	0.034213	0.211000	-0.054822	0.975947	0.181719	-0.978821	-0.094271	0.960446	0.197239	-0.196570
17668	9.650445	-0.519470	-2.092391	-0.024145	-0.021967	0.041854	0.211136	-0.055133	0.975901	0.181421	-0.978850	-0.094550	0.960473	0.197012	-0.196668
17669	9.696792	-0.527605	-2.192725	-0.017943	-0.014257	0.047754	0.211348	-0.055543	0.975831	0.181135	-0.978864	-0.094946	0.960480	0.196823	-0.196820
17670	9.695389	-0.533833	-2.242523	-0.010249	-0.005118	0.049034	0.211487	-0.055983	0.975776	0.180877	-0.978871	-0.095363	0.960498	0.196664	-0.196892
17671	9.742146	-0.661723	-2.262988	-0.026926	0.011793	0.050398	0.211454	-0.056469	0.975755	0.180498	-0.978902	-0.095767	0.960577	0.196373	-0.196800
17672	9.593128	-0.884103	-2.250350	-0.017631	0.025581	0.056157	0.211218	-0.057064	0.975772	0.180272	-0.978895	-0.096269	0.960671	0.196238	-0.196473
17673	9.809374	-1.042284	-2.343322	0.014487	0.039075	0.054079	0.210928	-0.057640	0.975801	0.180283	-0.978841	-0.096790	0.960733	0.196336	-0.196074
17674	9.587719	-1.145393	-2.403701	0.081639	0.056700	0.040927	0.210527	-0.058089	0.975861	0.180930	-0.978672	-0.097289	0.960699	0.197044	-0.195527
17675	9.576371	-0.628195	-2.123507	0.142785	0.065514	0.044798	0.209968	-0.058627	0.975949	0.182193	-0.978370	-0.097970	0.960583	0.198382	-0.194745
17676	9.574569	-0.783487	-2.159425	0.046772	0.068005	0.059302	0.209414	-0.059311	0.976027	0.182569	-0.978235	-0.098617	0.960632	0.198844	-0.194028
17677	9.543922	-1.207775	-2.208090	0.081907	0.072317	0.058928	0.208816	-0.060002	0.976112	0.183219	-0.978043	-0.099316	0.960639	0.199581	-0.193238
17678	9.521973	-1.258057	-2.050937	0.133831	0.076487	0.058438	0.208158	-0.060592	0.976217	0.184290	-0.977773	-0.099985	0.960577	0.200720	-0.192365
17679	9.581016	-0.914675	-1.788985	0.144587	0.078086	0.065957	0.207519	-0.061364	0.976304	0.185528	-0.977448	-0.100871	0.960477	0.202065	-0.191454
17680	9.654810	-1.018216	-1.678939	0.129435	0.085975	0.071998	0.206831	-0.062147	0.976401	0.186531	-0.977170	-0.101709	0.960431	0.203166	-0.190516
17681	9.553822	-0.290945	-1.090770	0.124935	0.081815	0.088913	0.206200	-0.063152	0.976470	0.187533	-0.976866	-0.102779	0.960371	0.204314	-0.189587
17682	9.540210	-0.035500	-0.631971	-0.075129	0.050709	0.116824	0.206063	-0.064207	0.976430	0.186438	-0.976990	-0.103589	0.960614	0.203390	-0.189351
17683	9.553098	-0.564610	-0.728131	-0.105974	0.011556	0.127059	0.206178	-0.065440	0.976324	0.185144	-0.977130	-0.104593	0.960840	0.202325	-0.189346
17684	9.673015	-0.628878	-0.752789	-0.016294	-0.025966	0.128889	0.206593	-0.066659	0.976154	0.184818	-0.977057	-0.105836	0.960813	0.202275	-0.189533
17685	9.653307	-0.418496	-0.693326	0.018476	-0.061274	0.137093	0.207424	-0.067844	0.975896	0.184697	-0.976934	-0.107173	0.960657	0.202476	-0.190109
17686	9.607746	-0.259346	-0.683487	0.005926	-0.096013	0.147106	0.208495	-0.068957	0.975589	0.184415	-0.976846	-0.108458	0.960479	0.202526	-0.190951
17687	9.550956	-0.473408	-0.807146	-0.018864	-0.135030	0.163413	0.210082	-0.070249	0.975157	0.183878	-0.976777	-0.109979	0.960237	0.202414	-0.192286
17688	9.475603	-0.532962	-0.745270	0.014330	-0.170363	0.173107	0.211969	-0.071448	0.974661	0.183604	-0.976653	-0.111524	0.959874	0.202592	-0.193902
17689	9.352846	-0.724396	-0.362772	-0.027416	-0.219746	0.191356	0.214417	-0.072840	0.974022	0.182919	-0.976578	-0.113298	0.959461	0.202460	-0.196071
17690	9.488253	-1.267648	0.001631	0.083416	-0.268463	0.203592	0.217330	-0.074156	0.973277	0.183212	-0.976289	-0.115297	0.958750	0.203373	-0.198591
17691	9.578161	-1.138119	0.602404	0.297743	-0.325386	0.201020	0.220807	-0.075419	0.972397	0.185610	-0.975536	-0.117810	0.957493	0.206500	-0.201407
17692	9.588910	-0.086748	1.398184	0.418611	-0.408174	0.209153	0.224969	-0.076434	0.971364	0.189076	-0.974544	-0.120474	0.955845	0.210764	-0.204790
17693	9.531567	0.505562	1.715132	0.259838	-0.519079	0.238839	0.230368	-0.077626	0.970002	0.191000	-0.973816	-0.123292	0.954175	0.213673	-0.209510
17694	9.415027	-0.129874	1.526313	0.093140	-0.640378	0.266464	0.236850	-0.078653	0.968357	0.191179	-0.973457	-0.125827	0.952551	0.214931	-0.215526
17695	9.393253	-0.724842	1.298217	0.113969	-0.755145	0.275422	0.244551	-0.079670	0.966358	0.191587	-0.973001	-0.128702	0.950521	0.216615	-0.222684
17696	9.451923	-0.679982	1.192180	0.168543	-0.860008	0.284821	0.253029	-0.080359	0.964115	0.192289	-0.972485	-0.131522	0.948157	0.218668	-0.230615
17697	9.781680	-0.646813	1.107794	0.172845	-0.963667	0.300092	0.262719	-0.081124	0.961456	0.193138	-0.971871	-0.134778	0.945345	0.221102	-0.239661
17698	10.299211	-0.703730	0.950158	0.032448	-1.038089	0.308716	0.272881	-0.081617	0.958579	0.192566	-0.971597	-0.137544	0.942578	0.222123	-0.249414
17699	10.401191	-0.555727	0.673907	-0.095326	-1.098867	0.320268	0.283825	-0.082254	0.955342	0.190765	-0.971554	-0.140324	0.939709	0.222073	-0.260060
17700	10.306420	0.151017	0.595782	-0.265449	-1.171614	0.350068	0.295164	-0.082818	0.951851	0.186984	-0.971965	-0.142551	0.936971	0.220057	-0.271403
17701	10.916253	0.320046	0.000537	-0.404584	-1.263874	0.367630	0.307653	-0.083594	0.947820	0.182079	-0.972552	-0.144876	0.933915	0.217150	-0.283988
17702	12.215699	-0.487223	-0.186995	-0.486439	-1.323590	0.407848	0.320213	-0.084463	0.943573	0.176313	-0.973302	-0.146959	0.930794	0.213423	-0.296772
17703	12.465656	-0.689108	-0.579541	-0.303000	-1.379529	0.453043	0.333802	-0.085905	0.938721	0.172007	-0.973569	-0.150258	0.926817	0.211623	-0.310203
17704	12.481377	0.075101	-0.472095	-0.376299	-1.416746	0.491619	0.347194	-0.087489	0.933703	0.166949	-0.973968	-0.153341	0.922813	0.209120	-0.323550
17705	12.404127	-0.374353	-1.195514	-0.401034	-1.457473	0.523974	0.361457	-0.089527	0.928081	0.161391	-0.974347	-0.156846	0.918315	0.206477	-0.337736
17706	12.192851	-0.676539	-1.635352	-0.519171	-1.475082	0.545622	0.375278	-0.091613	0.922374	0.154539	-0.974992	-0.159715	0.913939	0.202481	-0.351735
17707	11.637762	-1.145719	-2.154297	-0.521461	-1.484051	0.538883	0.389605	-0.093852	0.916188	0.147717	-0.975547	-0.162749	0.909059	0.198744	-0.366214
17708	10.883391	-1.019017	-3.309649	-0.565766	-1.513636	0.475287	0.403541	-0.095289	0.909986	0.140580	-0.976295	-0.164575	0.904097	0.194339	-0.380579
17709	10.543597	-0.479195	-4.196947	-0.497200	-1.505864	0.351624	0.417583	-0.095783	0.903576	0.134648	-0.976926	-0.165786	0.898607	0.190894	-0.395051
17710	10.093845	0.194252	-4.866758	-0.589479	-1.431429	0.280707	0.430133	-0.095557	0.897694	0.128418	-0.977794	-0.165615	0.893585	0.186516	-0.408310
17711	9.661242	-0.062333	-5.336834	-0.872015	-1.281277	0.227404	0.441819	-0.095399	0.892017	0.119648	-0.979180	-0.163983	0.889090	0.179179	-0.421206
17712	9.094237	-0.996307	-5.831319	-0.926283	-1.052205	0.186655	0.450683	-0.095106	0.887603	0.110780	-0.980664	-0.161326	0.885784	0.171036	-0.431432
17713	8.879146	-1.186110	-5.504535	-0.832593	-0.812659	0.120850	0.457981	-0.094891	0.883883	0.102864	-0.981951	-0.158718	0.882990	0.163609	-0.439954
17714	8.634346	-1.691289	-5.048130	-0.799304	-0.539779	-0.000685	0.462051	-0.093798	0.881879	0.095721	-0.983307	-0.154738	0.881673	0.155911	-0.445359
17715	8.286139	-2.280232	-4.969786	-0.667094	-0.224499	-0.121258	0.463898	-0.092220	0.881076	0.090399	-0.984448	-0.150635	0.881264	0.149527	-0.448347
17716	7.838510	-2.732266	-5.056108	-0.490057	0.100262	-0.241264	0.462213	-0.089831	0.882207	0.087024	-0.985459	-0.145939	0.882488	0.144228	-0.447675
17717	7.497376	-3.239366	-5.422257	-0.188102	0.424651	-0.369194	0.458120	-0.086755	0.884647	0.087058	-0.986062	-0.141784	0.884617	0.141969	-0.444182
17718	7.363730	-3.138965	-5.577995	0.213386	0.746654	-0.497963	0.450685	-0.082771	0.888837	0.091243	-0.986206	-0.138103	0.888008	0.143341	-0.436916
17719	7.380965	-2.625007	-5.542766	0.560213	1.055224	-0.601111	0.440700	-0.078337	0.894230	0.098904	-0.985882	-0.135108	0.892189	0.147985	-0.426730
17720	7.429471	-1.857761	-5.101618	0.830394	1.341359	-0.666976	0.427697	-0.073798	0.900905	0.108853	-0.985204	-0.132380	0.897344	0.154685	-0.413336
17721	7.607446	-1.027200	-4.629668	0.946618	1.615211	-0.675836	0.412360	-0.069663	0.908354	0.120207	-0.984194	-0.130049	0.903056	0.162818	-0.397468
17722	7.821280	-0.436559	-4.087214	0.888757	1.837432	-0.653945	0.394662	-0.066222	0.916437	0.130826	-0.983187	-0.127385	0.909465	0.170168	-0.379363
17723	8.234819	-0.216800	-3.826781	0.726693	2.027116	-0.600816	0.375319	-0.063782	0.924699	0.139765	-0.982328	-0.124485	0.916298	0.175962	-0.359772
17724	8.615942	-0.254572	-3.483386	0.518959	2.177930	-0.525510	0.354382	-0.062441	0.933014	0.146348	-0.981769	-0.121290	0.923578	0.179528	-0.338784
17725	8.866959	-0.253366	-2.970150	0.319544	2.300880	-0.424352	0.332390	-0.062382	0.941077	0.150758	-0.981466	-0.118307	0.931015	0.181199	-0.316825
17726	9.203145	0.012172	-2.506177	0.062817	2.388452	-0.305874	0.309420	-0.063659	0.948792	0.151869	-0.981642	-0.115391	0.938720	0.179797	-0.294072
17727	9.389498	0.009017	-2.223199	-0.367309	2.450740	-0.167241	0.286041	-0.066315	0.955920	0.148891	-0.982410	-0.112706	0.946579	0.174566	-0.271135
17728	9.524521	-0.782482	-2.333272	-0.802184	2.492607	-0.054805	0.262208	-0.070001	0.962469	0.140734	-0.983929	-0.109902	0.954694	0.164269	-0.248143
17729	9.604487	-1.544582	-2.371523	-1.027525	2.517508	0.027707	0.238089	-0.074214	0.968404	0.130797	-0.985543	-0.107685	0.962396	0.152303	-0.224940
17730	9.638744	-2.012744	-2.198244	-1.182771	2.539415	0.092026	0.213707	-0.078811	0.973714	0.118444	-0.987297	-0.105906	0.969691	0.137963	-0.201657
17731	9.462612	-2.718110	-2.089941	-1.315730	2.530735	0.118919	0.189192	-0.083242	0.978405	0.105381	-0.988925	-0.104514	0.976269	0.122878	-0.178325
17732	9.384682	-3.398992	-2.107952	-1.251170	2.508167	0.107185	0.164710	-0.087159	0.982484	0.092566	-0.990326	-0.103373	0.981989	0.107971	-0.155048
17733	9.375580	-3.576518	-1.947754	-1.026372	2.476897	0.081012	0.140377	-0.090436	0.985959	0.082315	-0.991306	-0.102647	0.986670	0.095569	-0.131713
17734	9.621565	-3.168976	-1.566833	-0.758576	2.433189	0.045850	0.116202	-0.093031	0.988859	0.074717	-0.991964	-0.102103	0.990411	0.085749	-0.108317
17735	9.726928	-2.651605	-1.342779	-0.605515	2.372289	0.018124	0.092664	-0.095101	0.991145	0.068666	-0.992448	-0.101645	0.993327	0.077477	-0.085434
17736	9.762219	-2.386698	-1.308638	-0.554381	2.304916	-0.014732	0.069566	-0.096597	0.992890	0.063148	-0.992878	-0.101020	0.995577	0.069727	-0.062971
17737	9.632300	-2.482345	-1.252881	-0.513204	2.211608	-0.036606	0.047487	-0.097648	0.994087	0.058028	-0.993260	-0.100339	0.997185	0.062449	-0.041500
17738	9.418119	-2.590299	-1.299859	-0.379337	2.122856	-0.063873	0.026113	-0.098234	0.994821	0.054242	-0.993555	-0.099533	0.998186	0.056560	-0.020616
17739	9.334306	-2.329699	-1.408929	-0.186769	2.020098	-0.075091	0.005884	-0.098544	0.995115	0.052359	-0.993737	-0.098717	0.998611	0.052684	-0.000687
17740	9.194322	-1.388782	-0.908021	0.014401	1.881743	-0.082262	-0.013098	-0.098671	0.995034	0.052466	-0.993816	-0.097859	0.998537	0.050924	0.018193
17741	8.645673	-0.649616	-0.275470	0.007455	1.711742	-0.051711	-0.030234	-0.098967	0.994631	0.052497	-0.993870	-0.097296	0.998163	0.049274	0.035244
17742	8.362608	-0.248984	-0.118900	-0.089244	1.500917	-0.008335	-0.045355	-0.099575	0.993996	0.051568	-0.993927	-0.097215	0.997639	0.046849	0.050214
17743	8.243153	-0.077014	0.006871	-0.180626	1.258100	0.048747	-0.057898	-0.100582	0.993243	0.049758	-0.993966	-0.097755	0.997082	0.043762	0.062553
17744	8.250471	-0.233968	0.138373	-0.349113	0.989206	0.088131	-0.067849	-0.101832	0.992485	0.046299	-0.994027	-0.098825	0.996621	0.039246	0.072159
17745	8.067904	-0.952323	-0.009347	-0.448821	0.706472	0.091258	-0.074868	-0.102951	0.991865	0.041857	-0.994104	-0.100024	0.996315	0.034028	0.078736
17746	8.042674	-1.684387	-0.298428	-0.371054	0.458691	0.061552	-0.079539	-0.103669	0.991426	0.038174	-0.994165	-0.100893	0.996101	0.029821	0.083033
17747	8.273956	-1.642194	-0.739921	-0.189997	0.266448	0.017451	-0.082206	-0.103872	0.991188	0.036260	-0.994207	-0.101181	0.995956	0.027623	0.085496
17748	8.505879	-1.404974	-0.688437	-0.118434	0.123586	-0.018868	-0.083559	-0.103684	0.991094	0.035027	-0.994263	-0.101063	0.995887	0.026270	0.086711
17749	9.587424	-1.817496	-0.269670	-0.141308	0.034753	-0.022081	-0.083931	-0.103426	0.991090	0.033566	-0.994328	-0.100922	0.995906	0.024796	0.086927
17750	8.344542	-2.069595	-0.603429	-0.220064	-0.152926	-0.002845	-0.082515	-0.103333	0.991218	0.031330	-0.994387	-0.101055	0.996097	0.022716	0.085289
17751	7.922123	-2.228292	-1.068911	-0.359486	-0.304647	0.002273	-0.079497	-0.103244	0.991474	0.027715	-0.994466	-0.101333	0.996450	0.019423	0.081919
17752	7.542880	-1.245481	-1.200425	-0.190463	-0.441119	-0.013574	-0.075198	-0.103008	0.991834	0.025760	-0.994519	-0.101333	0.996836	0.017929	0.077439
17753	7.946597	-0.051966	-1.199855	-0.482685	-0.576284	0.029506	-0.069464	-0.103162	0.992236	0.020933	-0.994570	-0.101940	0.997365	0.013690	0.071246
17754	8.319947	-0.438583	-1.349939	-0.832832	-0.684404	0.059594	-0.062705	-0.103667	0.992633	0.012617	-0.994594	-0.103075	0.997952	0.006061	0.063674
17755	9.527040	-1.391004	-1.683021	-0.671619	-0.772674	0.046581	-0.055005	-0.104059	0.993049	0.005906	-0.994571	-0.103891	0.998469	0.000151	0.055321
17756	10.452042	-1.315197	-1.578686	-0.531687	-0.858844	0.030202	-0.046491	-0.104355	0.993453	0.000566	-0.994531	-0.104442	0.998919	-0.004294	0.046296
17757	11.014586	-1.902213	-1.620706	-0.422315	-0.878528	-0.002897	-0.037731	-0.104331	0.993827	-0.003689	-0.994514	-0.104543	0.999281	-0.007610	0.037139
17758	11.083455	-2.147367	-1.027598	-0.405205	-0.751437	-0.034872	-0.030268	-0.104036	0.994113	-0.007798	-0.994514	-0.104315	0.999511	-0.010910	0.029291
17759	10.759513	-3.040072	-0.479821	-0.451305	-0.580585	-0.056491	-0.024476	-0.103501	0.994328	-0.012358	-0.994519	-0.103825	0.999624	-0.014829	0.023063
17760	10.353357	-3.529573	-0.429994	-0.160679	-0.456427	-0.099343	-0.019942	-0.102577	0.994525	-0.014040	-0.994596	-0.102866	0.999703	-0.016014	0.018394
17761	10.140106	-1.563397	-0.278645	0.168762	-0.422788	-0.138005	-0.015714	-0.101220	0.994740	-0.012410	-0.994766	-0.101418	0.999800	-0.013938	0.014375
17762	10.291386	1.137336	0.011019	0.036650	-0.420569	-0.125061	-0.011532	-0.100037	0.994917	-0.012121	-0.994896	-0.100176	0.999860	-0.013214	0.010261
17763	10.638837	2.410236	-0.272090	-0.506331	-0.438048	-0.052592	-0.007162	-0.099534	0.995008	-0.017220	-0.994874	-0.099645	0.999826	-0.017848	0.005411
17764	10.525468	1.546756	-1.317930	-1.084367	-0.463305	0.014049	-0.002568	-0.099763	0.995008	-0.028108	-0.994611	-0.099795	0.999602	-0.028224	-0.000250
17765	10.225436	-0.899565	-2.382869	-1.326510	-0.473357	0.010505	0.002143	-0.099983	0.994987	-0.041397	-0.994145	-0.099809	0.999140	-0.040975	-0.006270
17766	10.019647	-3.534312	-2.766677	-1.102881	-0.449892	-0.063528	0.006647	-0.099530	0.995012	-0.052453	-0.993699	-0.099048	0.998601	-0.051533	-0.011825
17767	9.864763	-5.589715	-2.941931	-0.600134	-0.405692	-0.186488	0.010786	-0.097849	0.995143	-0.058460	-0.993560	-0.097060	0.998232	-0.057129	-0.016436
17768	9.662498	-6.233420	-2.327787	0.157959	-0.365860	-0.325531	0.014620	-0.094819	0.995387	-0.056900	-0.993959	-0.093848	0.998273	-0.055265	-0.019927
17769	9.491560	-5.672592	-1.607160	0.811412	-0.353752	-0.443841	0.018371	-0.090538	0.995724	-0.048756	-0.994788	-0.089554	0.998642	-0.046902	-0.022690
17770	9.728949	-3.287487	-1.064923	1.461806	-0.368277	-0.490643	0.022253	-0.085840	0.996060	-0.034135	-0.995791	-0.085054	0.999169	-0.032108	-0.025090
17771	10.141871	0.607739	0.353588	1.460944	-0.424616	-0.449268	0.026601	-0.081421	0.996325	-0.019457	-0.996531	-0.080919	0.999457	-0.017233	-0.028093
17772	10.011406	1.429126	1.025699	0.707649	-0.488488	-0.343528	0.031537	-0.078107	0.996446	-0.012367	-0.996896	-0.077751	0.999426	-0.009871	-0.032405
17773	9.729864	0.197745	0.558623	0.282686	-0.527583	-0.276247	0.036822	-0.075349	0.996477	-0.009478	-0.997135	-0.075048	0.999277	-0.006681	-0.037431
17774	9.593894	0.258138	0.789040	0.147525	-0.559160	-0.260967	0.042424	-0.072809	0.996443	-0.007976	-0.997334	-0.072534	0.999068	-0.004870	-0.042892
17775	9.553981	-0.159860	0.413356	0.190453	-0.572928	-0.286520	0.048150	-0.069925	0.996390	-0.005974	-0.997549	-0.069718	0.998822	-0.002595	-0.048450
17776	9.644040	0.507530	0.388137	0.379225	-0.573979	-0.336583	0.053882	-0.066594	0.996324	-0.002086	-0.997779	-0.066578	0.998545	0.001509	-0.053902
17777	9.530150	1.155568	0.178329	0.345583	-0.588403	-0.342844	0.059740	-0.063105	0.996217	0.001529	-0.997993	-0.063309	0.998213	0.005306	-0.059524
17778	9.511059	0.980905	0.012870	0.215783	-0.608160	-0.330804	0.065783	-0.059775	0.996042	0.003827	-0.998182	-0.060157	0.997827	0.007769	-0.065435
17779	9.374850	0.152610	-0.081897	0.050591	-0.639176	-0.289025	0.072130	-0.056791	0.995777	0.004502	-0.998349	-0.057264	0.997385	0.008613	-0.071755
17780	9.515325	-0.417732	0.062786	-0.093465	-0.671106	-0.237937	0.078791	-0.054362	0.995408	0.003691	-0.998489	-0.054822	0.996884	0.007994	-0.078471
17781	9.477919	-0.503875	-0.120539	-0.207525	-0.690169	-0.199245	0.085646	-0.052276	0.994953	0.001758	-0.998613	-0.052620	0.996324	0.006256	-0.085435
17782	9.582115	0.155269	-0.185875	-0.468083	-0.706939	-0.168674	0.092663	-0.050564	0.994413	-0.002811	-0.998719	-0.050521	0.995694	0.001886	-0.092687
17783	9.735315	-0.296554	-1.250591	-0.576031	-0.714965	-0.158795	0.099771	-0.048937	0.993806	-0.008419	-0.998796	-0.048338	0.994975	-0.003544	-0.100063
17784	9.840091	0.023988	-1.489738	-0.541248	-0.715051	-0.155826	0.106875	-0.047422	0.993141	-0.013696	-0.998837	-0.046220	0.994178	-0.008662	-0.107400
17785	9.703079	-0.467578	-1.899120	-0.490685	-0.715776	-0.164691	0.113998	-0.045809	0.992424	-0.018418	-0.998862	-0.043990	0.993310	-0.013263	-0.114712
17786	9.837462	-0.344550	-1.968016	-0.259476	-0.692301	-0.170228	0.120884	-0.044204	0.991682	-0.020847	-0.998901	-0.041984	0.992448	-0.015598	-0.121673
17787	9.954641	-0.027091	-1.731307	-0.188059	-0.674740	-0.158950	0.127595	-0.042679	0.990908	-0.022541	-0.998940	-0.040123	0.991570	-0.017217	-0.128422
17788	10.258802	-0.038277	-1.761498	-0.132141	-0.657886	-0.139190	0.134131	-0.041399	0.990098	-0.023720	-0.998975	-0.038557	0.990680	-0.018313	-0.134976
17789	10.240136	0.363097	-2.209025	-0.114509	-0.633639	-0.116840	0.140418	-0.040304	0.989272	-0.024719	-0.999002	-0.037191	0.989784	-0.019232	-0.141274
17790	9.736966	0.259578	-2.905296	-0.214673	-0.603164	-0.097967	0.146397	-0.039435	0.988440	-0.026750	-0.998998	-0.035894	0.988864	-0.021186	-0.147305
17791	9.463193	-0.233704	-3.330035	-0.146002	-0.564843	-0.096569	0.151991	-0.038547	0.987630	-0.028074	-0.999004	-0.034670	0.987983	-0.022458	-0.152921
17792	9.513625	0.022207	-3.213260	-0.032932	-0.514311	-0.093639	0.157093	-0.037712	0.986864	-0.028299	-0.999032	-0.033672	0.987178	-0.022638	-0.158008
17793	9.385740	0.271836	-2.651517	0.000487	-0.487414	-0.084799	0.161910	-0.036928	0.986114	-0.028184	-0.999065	-0.032785	0.986403	-0.022485	-0.162800
17794	9.408367	0.294822	-1.924681	-0.067227	-0.466140	-0.066774	0.166530	-0.036348	0.985366	-0.028779	-0.999074	-0.031990	0.985616	-0.023031	-0.167422
17795	9.640319	0.284983	-1.720230	-0.127227	-0.460479	-0.045279	0.171064	-0.035957	0.984604	-0.029980	-0.999061	-0.031276	0.984804	-0.024169	-0.171982
17796	9.608569	0.227569	-1.824930	-0.145761	-0.455093	-0.037246	0.175561	-0.035674	0.983822	-0.031389	-0.999038	-0.030625	0.983968	-0.025504	-0.176512
17797	9.552201	0.166798	-2.053781	-0.142827	-0.454496	-0.026467	0.180024	-0.035481	0.983022	-0.032770	-0.999011	-0.030057	0.983116	-0.026803	-0.181009
17798	9.469495	0.144539	-2.225523	-0.093914	-0.451877	-0.020094	0.184478	-0.035375	0.982200	-0.033691	-0.998992	-0.029652	0.982259	-0.027621	-0.185484
17799	9.387187	0.204772	-2.033898	-0.075621	-0.445045	-0.010332	0.188835	-0.035349	0.981372	-0.034438	-0.998976	-0.029357	0.981405	-0.028253	-0.189859
17800	9.142116	-0.681575	-1.689129	-0.181350	-0.470314	-0.004493	0.193459	-0.035409	0.980469	-0.036240	-0.998924	-0.028925	0.980439	-0.029937	-0.194534
17801	9.334992	-1.072009	-1.485471	-0.008245	-0.487554	0.003547	0.198220	-0.035543	0.979513	-0.036351	-0.998921	-0.028891	0.979483	-0.029880	-0.199298
17802	9.409701	-0.180015	-0.850424	0.017937	-0.521609	0.024750	0.203324	-0.035918	0.978452	-0.036260	-0.998918	-0.029134	0.978440	-0.029555	-0.204406
17803	9.476880	0.618331	-0.806652	-0.151830	-0.563188	0.058196	0.208794	-0.036622	0.977274	-0.037887	-0.998851	-0.029336	0.977225	-0.030901	-0.209942
17804	9.586880	0.658332	-1.103449	-0.323192	-0.587491	0.087554	0.214497	-0.037655	0.975998	-0.041260	-0.998714	-0.029464	0.975853	-0.033949	-0.215775
17805	9.449863	0.501753	-1.405811	-0.436474	-0.609461	0.108928	0.220377	-0.038916	0.974638	-0.045775	-0.998516	-0.029519	0.974340	-0.038108	-0.221832
17806	9.627543	0.105614	-2.267287	-0.476480	-0.611669	0.115662	0.226274	-0.040278	0.973231	-0.050698	-0.998277	-0.029528	0.972744	-0.042660	-0.227926
17807	9.313578	-0.902991	-2.487773	-0.592309	-0.615705	0.094965	0.232192	-0.041459	0.971786	-0.056694	-0.997969	-0.029030	0.971016	-0.048354	-0.234071
17808	8.680105	-4.671987	-4.039395	-0.436308	-0.631341	0.032542	0.238296	-0.042063	0.970281	-0.061029	-0.997736	-0.028265	0.969273	-0.052480	-0.240323
17809	9.328809	-3.188331	-3.850151	0.642346	-0.586238	-0.016075	0.243970	-0.042144	0.968867	-0.054789	-0.998059	-0.029617	0.968234	-0.045857	-0.245805
17810	9.527657	0.792577	-2.758295	0.713126	-0.572960	0.001373	0.249517	-0.042391	0.967442	-0.047936	-0.998357	-0.031383	0.967183	-0.038545	-0.251139
17811	9.630543	1.641625	-2.534354	0.191498	-0.579065	0.049845	0.255075	-0.043059	0.965962	-0.046231	-0.998409	-0.032297	0.965815	-0.036420	-0.256660
17812	9.705997	0.631795	-2.690947	-0.020864	-0.579293	0.076324	0.260635	-0.044011	0.964434	-0.046666	-0.998367	-0.032949	0.964309	-0.036419	-0.262263
17813	9.629672	-0.195366	-2.874163	0.027957	-0.574686	0.073235	0.266123	-0.044903	0.962893	-0.046609	-0.998345	-0.033675	0.962811	-0.035918	-0.267776
17814	9.497900	-0.219661	-2.846001	0.283450	-0.565604	0.059847	0.271543	-0.045670	0.961342	-0.044076	-0.998416	-0.034981	0.961416	-0.032873	-0.273126
17815	9.545176	0.713021	-2.527142	0.371168	-0.550088	0.067959	0.276785	-0.046472	0.959808	-0.040715	-0.998500	-0.036604	0.960069	-0.028947	-0.278261
17816	9.173249	0.739397	-2.488014	0.216492	-0.550030	0.077135	0.282035	-0.047364	0.958234	-0.038883	-0.998524	-0.037911	0.958616	-0.026567	-0.283461
17817	9.340933	0.440589	-2.212603	0.087018	-0.561972	0.099678	0.287365	-0.048459	0.956595	-0.038352	-0.998501	-0.039061	0.957053	-0.025462	-0.288792
17818	9.190042	-0.172073	-1.936368	-0.036189	-0.586450	0.125720	0.292927	-0.049825	0.954836	-0.039086	-0.998431	-0.040109	0.955336	-0.025571	-0.294415
17819	9.088842	-0.370329	-1.490810	-0.081614	-0.616970	0.144022	0.298743	-0.051376	0.952950	-0.040309	-0.998338	-0.041186	0.953482	-0.026108	-0.300318
17820	9.332081	-0.437621	-1.290787	-0.098309	-0.662703	0.157800	0.304989	-0.053087	0.950875	-0.041743	-0.998231	-0.042342	0.951441	-0.026779	-0.306665
17821	9.341381	0.040601	-1.066304	-0.007623	-0.726726	0.173834	0.311807	-0.054969	0.948554	-0.042369	-0.998136	-0.043915	0.949200	-0.026497	-0.313555
17822	9.325238	0.632903	-1.072548	0.081051	-0.785610	0.182480	0.319167	-0.056952	0.945986	-0.042197	-0.998057	-0.045850	0.946759	-0.025284	-0.320950
17823	9.358088	0.906120	-1.401626	0.140675	-0.835160	0.192207	0.326968	-0.059027	0.943190	-0.041504	-0.997981	-0.048068	0.944124	-0.023430	-0.328757
17824	9.606602	0.340260	-1.975780	0.213904	-0.887992	0.200417	0.335239	-0.061172	0.940145	-0.040164	-0.997911	-0.050609	0.941277	-0.020794	-0.336995
17825	9.843966	-0.208118	-2.551385	0.432267	-0.908075	0.192031	0.343684	-0.063208	0.936956	-0.036769	-0.997873	-0.053831	0.938365	-0.015950	-0.345277
17826	10.183443	0.027041	-2.580436	0.558472	-0.930363	0.222602	0.352300	-0.065493	0.933593	-0.032320	-0.997805	-0.057802	0.935329	-0.009810	-0.353644
17827	11.038606	0.427439	-1.880306	0.650737	-0.966083	0.271498	0.361225	-0.068216	0.929980	-0.027227	-0.997667	-0.062606	0.932081	-0.002706	-0.362239
17828	11.309661	0.528590	-0.161431	0.584307	-1.046873	0.309772	0.370855	-0.071238	0.925954	-0.022928	-0.997452	-0.067555	0.928408	0.003823	-0.371544
17829	11.403907	0.541514	1.842514	0.638153	-1.164360	0.329338	0.381558	-0.074390	0.921347	-0.018269	-0.997169	-0.072946	0.924165	0.011001	-0.381836
17830	11.293805	1.166094	3.467071	0.732994	-1.338064	0.360585	0.393782	-0.077709	0.915913	-0.012905	-0.996789	-0.079023	0.919113	0.019298	-0.393520
17831	12.130626	1.734256	4.168794	0.445936	-1.534731	0.386406	0.407780	-0.081175	0.909465	-0.010380	-0.996388	-0.084279	0.913021	0.024927	-0.407150
17832	13.115574	0.213132	3.775678	0.078843	-1.725732	0.417078	0.423344	-0.084792	0.901992	-0.011377	-0.996030	-0.088292	0.905897	0.027116	-0.422628
17833	12.337057	-1.095110	3.467391	-0.173776	-1.936723	0.438313	0.440736	-0.088587	0.893255	-0.014847	-0.995702	-0.091421	0.897514	0.027030	-0.440156
17834	12.334642	-2.887692	2.296407	-0.110317	-2.153265	0.475622	0.459760	-0.092641	0.883198	-0.017949	-0.995310	-0.095057	0.887862	0.027851	-0.459266
17835	13.256951	-2.162195	2.877396	0.115018	-2.320869	0.561659	0.480121	-0.097499	0.871767	-0.019581	-0.994748	-0.100469	0.876984	0.031167	-0.479508
17836	14.214959	-1.138922	3.005928	-0.031148	-2.481428	0.685148	0.501435	-0.103438	0.858990	-0.023196	-0.994078	-0.106165	0.864884	0.033310	-0.500865
17837	15.035379	-0.328910	3.069062	-0.269943	-2.645222	0.794093	0.523911	-0.110401	0.844588	-0.029588	-0.993325	-0.111489	0.851259	0.033421	-0.523680
17838	15.465949	-0.863450	2.452969	-0.556470	-2.736696	0.895739	0.546516	-0.118339	0.829046	-0.039052	-0.992490	-0.115926	0.836538	0.030980	-0.547033
17839	15.405389	0.681193	2.493555	-0.586526	-2.766887	0.934842	0.569021	-0.126744	0.812496	-0.049128	-0.991525	-0.120265	0.820854	0.028517	-0.570426
17840	14.701551	2.540801	1.442806	-1.298613	-2.769097	0.951871	0.590766	-0.135433	0.795395	-0.065160	-0.990600	-0.120274	0.804207	0.019226	-0.594038
17841	13.211769	1.662853	-1.810205	-1.964057	-2.911625	0.859619	0.613247	-0.143564	0.776735	-0.085944	-0.989634	-0.115059	0.785202	0.003804	-0.619228
17842	13.299949	-0.427319	-4.542127	-1.755237	-3.078398	0.740500	0.636175	-0.150855	0.756653	-0.104107	-0.988514	-0.109550	0.764489	-0.009080	-0.644573
17843	12.638876	-1.359688	-7.954126	-1.376221	-3.072217	0.632496	0.658622	-0.157473	0.735812	-0.118572	-0.987360	-0.105175	0.743073	-0.017976	-0.668969
17844	12.054371	-0.689286	-9.925510	-1.021145	-2.919639	0.526204	0.679148	-0.163151	0.715640	-0.129504	-0.986323	-0.101961	0.722487	-0.023432	-0.690988
17845	11.954044	-2.032353	-11.131746	-1.025774	-2.678185	0.477614	0.697583	-0.168517	0.696405	-0.140093	-0.985268	-0.098086	0.702675	-0.029138	-0.710914
17846	12.269442	-2.348814	-7.273029	-0.619615	-2.246131	0.491566	0.712263	-0.173946	0.680018	-0.147827	-0.984252	-0.096931	0.686170	-0.031485	-0.726760
17847	10.678866	-1.876416	-5.343716	-0.614984	-1.786769	0.484972	0.723660	-0.179259	0.666471	-0.155475	-0.983200	-0.095632	0.672417	-0.034414	-0.739372
17848	8.982012	-3.089731	-6.904578	-0.801577	-1.318052	0.295003	0.731727	-0.182736	0.656646	-0.163170	-0.982342	-0.091545	0.661779	-0.040159	-0.748623
17849	7.480882	-6.193111	-8.835857	-0.576682	-0.819072	0.018511	0.737084	-0.183217	0.650491	-0.167090	-0.982071	-0.087277	0.654819	-0.044360	-0.754482
17850	6.626563	-7.732778	-9.306507	0.347364	-0.245635	-0.220015	0.738847	-0.181078	0.649089	-0.163145	-0.982632	-0.088422	0.653826	-0.040565	-0.755557
17851	6.025367	-6.855147	-8.547595	1.116400	0.396229	-0.380112	0.736843	-0.177153	0.652441	-0.153001	-0.983716	-0.094308	0.658523	-0.030334	-0.751949
17852	5.164493	-6.012890	-8.166539	1.535436	1.026506	-0.491237	0.730515	-0.172129	0.660848	-0.139305	-0.984925	-0.102549	0.668538	-0.017146	-0.743481
17853	4.222755	-5.301234	-7.879829	1.834954	1.605476	-0.598878	0.720446	-0.166027	0.673345	-0.122551	-0.986119	-0.112025	0.682598	-0.001811	-0.730792
17854	3.443795	-4.538533	-7.411400	1.963827	2.137816	-0.694446	0.706196	-0.159449	0.689828	-0.104210	-0.987108	-0.121481	0.700305	0.013903	-0.713708
17855	2.997497	-3.870440	-7.376529	1.935657	2.629473	-0.730998	0.688198	-0.152747	0.709261	-0.085351	-0.987843	-0.129926	0.720485	0.028879	-0.692869
17856	2.885860	-2.973118	-7.549528	1.778663	3.114882	-0.727276	0.665692	-0.146859	0.731633	-0.067674	-0.988284	-0.136802	0.743152	0.041555	-0.667831
17857	2.775161	-2.323651	-7.910960	1.448462	3.541573	-0.668045	0.639333	-0.141844	0.755733	-0.052369	-0.988588	-0.141246	0.767144	0.050726	-0.639466
17858	2.628368	-3.405885	-8.928324	1.027881	3.903096	-0.581129	0.608925	-0.138280	0.781082	-0.040863	-0.988849	-0.143206	0.792175	0.055284	-0.607785
17859	2.333024	-4.445799	-8.732203	1.162308	4.237632	-0.495678	0.574968	-0.135795	0.806828	-0.028570	-0.988861	-0.146073	0.817677	0.060936	-0.572443
17860	2.371623	-3.569790	-8.746841	1.228005	4.537229	-0.408378	0.537127	-0.134797	0.832661	-0.016284	-0.988622	-0.149540	0.843344	0.066763	-0.533210
17861	2.580729	-3.441600	-9.056005	1.097951	4.738074	-0.329281	0.496596	-0.134765	0.857456	-0.005190	-0.988317	-0.152327	0.867966	0.071195	-0.491494
17862	3.272567	-3.389252	-9.042627	1.251313	4.887532	-0.279880	0.453373	-0.135716	0.880928	0.007044	-0.987763	-0.155801	0.891293	0.076841	-0.446870
17863	4.035133	-2.201724	-8.256060	1.460981	4.999764	-0.238648	0.408215	-0.137347	0.902495	0.021243	-0.986920	-0.159804	0.912639	0.084406	-0.399958
17864	4.499472	-1.146107	-6.914718	1.243738	5.036768	-0.210545	0.361492	-0.139752	0.921842	0.033405	-0.986127	-0.162598	0.931777	0.089572	-0.351809
17865	4.830081	-2.489445	-6.873295	0.530815	5.017398	-0.211411	0.314213	-0.142072	0.938662	0.039095	-0.985964	-0.162318	0.948547	0.087699	-0.304249
17866	5.483378	-5.572708	-9.044105	0.451731	4.999346	-0.278786	0.266115	-0.143730	0.953165	0.044092	-0.985971	-0.160987	0.962932	0.084868	-0.256045
17867	5.932913	-5.397504	-9.397883	1.472895	5.015064	-0.411961	0.217293	-0.144064	0.965417	0.059337	-0.985270	-0.160382	0.974301	0.092134	-0.205544
17868	7.140400	-0.186109	-7.218186	1.946625	5.010367	-0.451327	0.167776	-0.144638	0.975157	0.079095	-0.984014	-0.159560	0.982647	0.103901	-0.153654
17869	6.869443	2.889705	-5.330683	0.870002	4.790937	-0.312645	0.120255	-0.146535	0.981869	0.088096	-0.983569	-0.157578	0.988826	0.105448	-0.105370
17870	7.433508	1.076779	-7.227558	-0.072164	4.496412	-0.175979	0.075388	-0.149448	0.985892	0.087407	-0.983909	-0.155831	0.993316	0.097922	-0.061112
17871	7.206063	-0.228079	-6.746268	-0.387562	4.064352	-0.099381	0.034849	-0.152204	0.987735	0.083575	-0.984429	-0.154643	0.995892	0.087939	-0.021586
