// General information: 
//  MT Manager version: 2022.2.0 
//  XDA version: 2022.2.0 build 7381 rev 124627 built on 2023-07-19
// Device information: 
//  DeviceId: 00B4CAF0
//  ProductCode: MTW2-3A7G6
//  Firmware Version: 4.6.0
//  Hardware Version: 2.0.0
// Device settings: 
//  Filter Profile: human(46.1)
//  Option Flags: Orientation Smoother Disabled, Position/Velocity Smoother Disabled, Continuous Zero Rotation Update Disabled, AHS Disabled, ICC Disabled
// Coordinate system: ENU
PacketCounter	Acc_X	Acc_Y	Acc_Z	Gyr_X	Gyr_Y	Gyr_Z	Mat[1][1]	Mat[2][1]	Mat[3][1]	Mat[1][2]	Mat[2][2]	Mat[3][2]	Mat[1][3]	Mat[2][3]	Mat[3][3]
39108	5.873353	0.587558	8.365252	0.008101	0.083437	0.020470	0.812731	-0.012833	0.582498	-0.021123	0.998451	0.051470	-0.582257	-0.054135	0.811201
39109	5.611927	0.559946	8.408519	0.013351	0.069578	0.017512	0.813126	-0.012647	0.581951	-0.021301	0.998448	0.051462	-0.581698	-0.054241	0.811594
39110	5.544960	0.585462	8.611063	0.023155	0.017832	0.008537	0.813218	-0.012580	0.581823	-0.021458	0.998438	0.051581	-0.581563	-0.054431	0.811678
39111	5.841996	0.581335	8.381536	0.017162	-0.007601	0.002090	0.813168	-0.012594	0.581893	-0.021528	0.998431	0.051694	-0.581631	-0.054563	0.811621
39112	6.026192	0.354752	8.276994	0.017270	-0.001910	0.002620	0.813147	-0.012597	0.581922	-0.021603	0.998424	0.051800	-0.581658	-0.054692	0.811593
39113	6.128105	0.201562	8.180031	0.036246	0.012158	-0.006795	0.813213	-0.012687	0.581828	-0.021714	0.998405	0.052120	-0.581561	-0.055019	0.811640
39114	6.106548	0.249541	8.175591	0.037594	0.034189	-0.013762	0.813406	-0.012834	0.581555	-0.021773	0.998384	0.052486	-0.581289	-0.055355	0.811812
39115	6.031392	0.395355	8.268843	0.045095	0.053544	-0.014860	0.813714	-0.012987	0.581120	-0.021862	0.998359	0.052924	-0.580854	-0.055770	0.812095
39116	5.979892	0.574276	8.318960	0.049392	0.062300	-0.025533	0.814072	-0.013235	0.580613	-0.021894	0.998330	0.053455	-0.580351	-0.056228	0.812423
39117	5.820095	0.783201	8.343203	0.050902	0.068687	-0.020851	0.814469	-0.013444	0.580051	-0.021961	0.998301	0.053975	-0.579791	-0.056699	0.812790
39118	5.649010	0.877741	8.561617	0.043595	0.037017	-0.019651	0.814679	-0.013647	0.579751	-0.022007	0.998275	0.054424	-0.579494	-0.057096	0.812974
39119	5.624514	0.730159	8.506035	0.036205	0.007559	-0.018653	0.814721	-0.013856	0.579687	-0.022022	0.998254	0.054811	-0.579435	-0.057422	0.812993
39120	5.639936	0.746672	8.550054	0.032935	-0.027832	-0.017794	0.814555	-0.014077	0.579916	-0.022021	0.998234	0.055163	-0.579669	-0.057704	0.812807
39121	5.978081	0.817404	8.339236	0.026519	-0.045003	-0.019348	0.814292	-0.014318	0.580279	-0.021981	0.998218	0.055476	-0.580039	-0.057929	0.812526
39122	6.113118	0.464619	8.260184	0.015363	-0.030522	-0.009799	0.814108	-0.014462	0.580534	-0.021943	0.998210	0.055639	-0.580299	-0.058035	0.812333
39123	6.083721	0.347475	8.275869	0.020740	-0.014993	-0.011265	0.814017	-0.014610	0.580657	-0.021929	0.998198	0.055858	-0.580426	-0.058202	0.812230
39124	6.138612	0.315736	8.240602	0.020984	0.004834	-0.015600	0.814040	-0.014791	0.580621	-0.021877	0.998185	0.056099	-0.580397	-0.058369	0.812239
39125	5.982956	0.430988	8.180935	0.037692	0.025153	-0.025270	0.814185	-0.015052	0.580410	-0.021850	0.998161	0.056537	-0.580194	-0.058714	0.812359
39126	5.871759	0.596354	8.332373	0.049074	0.019291	-0.027886	0.814294	-0.015347	0.580250	-0.021861	0.998130	0.057078	-0.580041	-0.059163	0.812436
39127	5.749741	0.732147	8.495428	0.051683	0.012088	-0.026499	0.814364	-0.015632	0.580144	-0.021901	0.998097	0.057638	-0.579941	-0.059644	0.812472
39128	5.946356	0.591738	8.365433	0.027587	-0.002814	-0.026137	0.814344	-0.015923	0.580164	-0.021801	0.998079	0.057994	-0.579973	-0.059876	0.812432
39129	6.181462	0.351206	8.171439	0.033144	0.016199	-0.026894	0.814438	-0.016212	0.580024	-0.021727	0.998057	0.058404	-0.579844	-0.060169	0.812503
39130	5.916273	0.546631	8.258184	0.036937	0.041102	-0.032441	0.814674	-0.016539	0.579683	-0.021630	0.998031	0.058873	-0.579516	-0.060501	0.812712
39131	5.787336	0.513921	8.391924	0.041493	0.034779	-0.037116	0.814878	-0.016927	0.579386	-0.021511	0.998002	0.059412	-0.579234	-0.060876	0.812885
39132	5.698453	0.691367	8.346164	0.066213	0.016043	-0.048689	0.814972	-0.017431	0.579238	-0.021451	0.997955	0.060213	-0.579103	-0.061497	0.812931
39133	5.642132	0.784207	8.552808	0.058145	-0.005890	-0.049401	0.814942	-0.017952	0.579264	-0.021346	0.997912	0.060957	-0.579149	-0.062041	0.812857
39134	5.805494	0.995488	8.519804	0.061578	-0.035882	-0.052491	0.814736	-0.018526	0.579536	-0.021228	0.997866	0.061742	-0.579443	-0.062606	0.812605
39135	5.875731	0.917580	8.466099	0.040851	-0.045107	-0.036465	0.814477	-0.018949	0.579887	-0.021120	0.997836	0.062270	-0.579812	-0.062965	0.812314
39136	5.912031	0.960686	8.441114	0.026906	-0.059024	-0.024553	0.814130	-0.019260	0.580363	-0.021029	0.997816	0.062612	-0.580301	-0.063179	0.811948
39137	5.964911	0.789462	8.391719	0.011269	-0.069793	-0.011533	0.813722	-0.019448	0.580929	-0.020954	0.997809	0.062756	-0.580877	-0.063239	0.811531
39138	6.030346	0.698889	8.314380	-0.003949	-0.065157	-0.002469	0.813334	-0.019542	0.581468	-0.020864	0.997813	0.062719	-0.581422	-0.063143	0.811148
39139	6.007063	0.683667	8.297642	-0.010831	-0.058262	0.001444	0.812990	-0.019600	0.581948	-0.020759	0.997822	0.062607	-0.581908	-0.062980	0.810812
39140	6.009666	0.710114	8.313347	-0.029289	-0.065332	0.012363	0.812597	-0.019546	0.582497	-0.020641	0.997845	0.062279	-0.582460	-0.062631	0.810443
39141	6.105465	0.601212	8.230242	-0.040480	-0.055996	0.015698	0.812262	-0.019453	0.582968	-0.020488	0.997876	0.061844	-0.582933	-0.062177	0.810138
39142	6.121854	0.679543	8.199642	-0.040719	-0.043691	0.015564	0.811995	-0.019353	0.583344	-0.020330	0.997906	0.061405	-0.583310	-0.061719	0.809901
39143	6.084917	0.630457	8.197400	-0.035625	-0.016372	0.019607	0.811889	-0.019184	0.583497	-0.020250	0.997933	0.060987	-0.583461	-0.061331	0.809822
39144	6.004794	0.524054	8.306477	-0.026298	-0.012996	0.023136	0.811799	-0.018989	0.583628	-0.020238	0.997956	0.060620	-0.583586	-0.061022	0.809755
39145	6.050143	0.508909	8.268109	-0.019422	-0.003560	0.014115	0.811769	-0.018879	0.583673	-0.020195	0.997972	0.060366	-0.583629	-0.060790	0.809742
39146	6.088500	0.498968	8.284337	-0.016500	0.006330	0.017032	0.811794	-0.018733	0.583644	-0.020189	0.997987	0.060114	-0.583595	-0.060583	0.809782
39147	6.021998	0.541733	8.240640	-0.021126	0.015392	0.015819	0.811874	-0.018594	0.583537	-0.020151	0.998005	0.059837	-0.583485	-0.060339	0.809879
39148	6.118161	0.440574	8.184468	-0.015658	0.028727	0.014529	0.812029	-0.018459	0.583325	-0.020131	0.998019	0.059606	-0.583269	-0.060145	0.810049
39149	6.108793	0.576215	8.229561	-0.015779	0.046732	0.014916	0.812292	-0.018304	0.582963	-0.020123	0.998033	0.059376	-0.582903	-0.059962	0.810326
39150	6.035151	0.595337	8.223106	-0.016872	0.060344	0.018191	0.812631	-0.018115	0.582497	-0.020125	0.998048	0.059115	-0.582431	-0.059761	0.810681
39151	5.684815	0.628508	8.437315	-0.011751	0.056048	0.021059	0.812947	-0.017900	0.582063	-0.020182	0.998061	0.058882	-0.581988	-0.059615	0.811009
39152	5.842328	0.552663	8.354578	-0.009204	0.031176	0.004070	0.813118	-0.017869	0.581824	-0.020115	0.998069	0.058764	-0.581751	-0.059486	0.811189
39153	5.891530	0.546135	8.341099	-0.003011	0.036968	0.004566	0.813326	-0.017829	0.581535	-0.020090	0.998074	0.058698	-0.581461	-0.059424	0.811401
39154	5.868805	0.589995	8.337123	-0.002763	0.033095	-0.000697	0.813509	-0.017844	0.581278	-0.020022	0.998077	0.058660	-0.581207	-0.059359	0.811588
39155	5.832791	0.632453	8.364459	-0.000097	0.026437	-0.004991	0.813658	-0.017913	0.581068	-0.019928	0.998078	0.058674	-0.581002	-0.059320	0.811737
39156	5.842102	0.754900	8.433708	0.002234	0.010060	-0.004835	0.813708	-0.017984	0.580995	-0.019854	0.998078	0.058701	-0.580934	-0.059301	0.811787
39157	5.674443	0.875006	8.481349	-0.007171	-0.002284	0.002686	0.813688	-0.017984	0.581024	-0.019793	0.998085	0.058612	-0.580965	-0.059192	0.811774
39158	5.650281	0.789596	8.539361	-0.014241	-0.043518	-0.001821	0.813426	-0.018056	0.581388	-0.019649	0.998095	0.058488	-0.581336	-0.058999	0.811522
39159	5.878006	0.727997	8.347074	-0.012230	-0.061184	-0.002601	0.813065	-0.018149	0.581890	-0.019508	0.998103	0.058389	-0.581846	-0.058826	0.811169
39160	6.034135	0.542227	8.266551	-0.002561	-0.055997	-0.003809	0.812730	-0.018248	0.582354	-0.019415	0.998106	0.058371	-0.582316	-0.058746	0.810837
39161	5.936915	0.659585	8.263809	0.016734	-0.050768	-0.012429	0.812431	-0.018420	0.582767	-0.019379	0.998096	0.058564	-0.582736	-0.058872	0.810527
39162	5.878900	0.515368	8.376403	0.020379	-0.044601	-0.024994	0.812166	-0.018724	0.583125	-0.019248	0.998081	0.058856	-0.583108	-0.059024	0.810247
39163	5.707171	0.672795	8.494416	0.036539	-0.060654	-0.037572	0.811814	-0.019171	0.583602	-0.019102	0.998054	0.059357	-0.583604	-0.059335	0.809868
39164	5.859908	0.776719	8.333152	0.034003	-0.079381	-0.039649	0.811348	-0.019642	0.584233	-0.018932	0.998028	0.059845	-0.584256	-0.059615	0.809377
39165	5.875620	0.707565	8.346190	0.038793	-0.092874	-0.038017	0.810806	-0.020099	0.584969	-0.018812	0.997999	0.060365	-0.585012	-0.059949	0.808806
39166	5.982611	0.533171	8.278624	0.030962	-0.097753	-0.037177	0.810232	-0.020557	0.585749	-0.018645	0.997975	0.060814	-0.585813	-0.060195	0.808208
39167	6.080068	0.699989	8.169459	0.048037	-0.097437	-0.034802	0.809661	-0.020990	0.586522	-0.018601	0.997940	0.061392	-0.586603	-0.060616	0.807603
39168	5.846195	0.770705	8.252542	0.044394	-0.087274	-0.027320	0.809145	-0.021344	0.587222	-0.018593	0.997910	0.061891	-0.587315	-0.060998	0.807056
39169	5.794909	0.640496	8.439121	0.046538	-0.109393	-0.027661	0.808500	-0.021707	0.588095	-0.018609	0.997877	0.062415	-0.588201	-0.061406	0.806380
39170	5.787406	0.753408	8.486828	0.040883	-0.128477	-0.026847	0.807740	-0.022082	0.589126	-0.018585	0.997848	0.062883	-0.589246	-0.061742	0.805591
39171	5.482369	1.061296	8.791847	0.031344	-0.180972	-0.015020	0.806669	-0.022368	0.590580	-0.018607	0.997827	0.063209	-0.590711	-0.061977	0.804500
39172	5.500329	1.234941	8.863827	-0.022779	-0.253177	0.002883	0.805161	-0.022524	0.592629	-0.018448	0.997844	0.062990	-0.592770	-0.061650	0.803009
39173	5.726210	1.120908	8.757763	-0.054019	-0.304765	0.023242	0.803340	-0.022509	0.595095	-0.018267	0.997884	0.062403	-0.595240	-0.061002	0.801229
39174	5.940801	1.174529	8.576349	-0.112148	-0.356306	0.043154	0.801197	-0.022322	0.597984	-0.017896	0.997963	0.061230	-0.598133	-0.059759	0.799166
39175	5.461870	0.708483	8.732808	-0.104407	-0.384501	0.105246	0.798867	-0.021541	0.601122	-0.018050	0.998050	0.059752	-0.601237	-0.058584	0.796921
39176	3.488589	1.425918	10.377876	0.086771	-0.595512	0.209454	0.795223	-0.019829	0.605993	-0.020195	0.998044	0.059159	-0.605981	-0.059283	0.793267
39177	5.462150	-1.207068	8.690770	0.112358	-0.785726	0.178143	0.790395	-0.018549	0.612317	-0.022246	0.998013	0.058949	-0.612194	-0.060214	0.788412
39178	5.484756	1.024866	9.258378	0.081387	-0.962224	0.154286	0.784422	-0.017619	0.619977	-0.023915	0.997994	0.058620	-0.619766	-0.060809	0.782427
39179	4.975493	0.081266	9.441748	0.129002	-1.159169	0.133702	0.777149	-0.017038	0.629085	-0.025697	0.997941	0.058774	-0.628791	-0.061842	0.775111
39180	5.117864	-0.208837	9.537375	0.077944	-1.364538	0.077885	0.768467	-0.017136	0.639660	-0.026745	0.997908	0.058865	-0.639330	-0.062343	0.766401
39181	4.847408	0.270324	9.797916	0.217952	-1.630748	0.067440	0.757918	-0.017527	0.652114	-0.028614	0.997784	0.060074	-0.651722	-0.064190	0.755737
39182	4.888757	0.271591	9.884234	0.187220	-1.928588	0.058933	0.745182	-0.018219	0.666612	-0.030242	0.997675	0.061074	-0.666175	-0.065671	0.742898
39183	4.753015	0.428535	10.654036	0.225039	-2.327495	0.085478	0.729448	-0.018945	0.683774	-0.032342	0.997543	0.062141	-0.683272	-0.067443	0.727043
39184	4.572494	0.592435	11.164981	0.221134	-2.749934	0.092422	0.710344	-0.019929	0.703573	-0.034491	0.997413	0.063074	-0.703009	-0.069071	0.707819
39185	5.183987	0.908344	11.150918	0.221540	-3.263233	0.143546	0.686978	-0.020805	0.726380	-0.037027	0.997289	0.063583	-0.725734	-0.070576	0.684346
39186	5.558865	1.035628	11.138400	0.215273	-3.724750	0.182769	0.659396	-0.021664	0.751484	-0.039797	0.997177	0.063667	-0.750742	-0.071889	0.656672
39187	7.334501	2.103855	11.289264	0.296107	-4.254631	0.265612	0.626760	-0.022147	0.778897	-0.043719	0.997022	0.063528	-0.777985	-0.073870	0.623926
39188	9.023706	1.801322	11.390877	0.233662	-4.561381	0.395227	0.590443	-0.021633	0.806789	-0.047925	0.996937	0.061805	-0.805655	-0.075158	0.587598
39189	10.551122	4.086832	12.924334	0.183313	-4.540650	0.643641	0.552946	-0.018679	0.833008	-0.053055	0.996931	0.057573	-0.831526	-0.076030	0.550257
39190	10.557492	3.287419	11.405016	-0.099507	-4.391023	0.816729	0.515450	-0.013864	0.856807	-0.056529	0.997141	0.050142	-0.855053	-0.074280	0.513193
39191	9.103889	2.521290	9.598640	-0.091467	-4.216899	0.895635	0.478429	-0.008066	0.878089	-0.060139	0.997309	0.041928	-0.876065	-0.072867	0.476656
39192	8.945039	4.575505	9.210242	0.005730	-4.181551	0.909591	0.440809	-0.002064	0.897599	-0.064320	0.997354	0.033881	-0.895294	-0.072669	0.439510
39193	10.933546	9.362724	13.307351	-0.570673	-3.983671	0.799990	0.404297	0.003102	0.914622	-0.062494	0.997751	0.024241	-0.912490	-0.066959	0.403582
39194	25.325069	4.477486	19.187597	-1.106081	-1.740204	0.193387	0.388226	0.003935	0.921556	-0.053075	0.998427	0.018096	-0.920034	-0.055937	0.387824
39195	8.070628	0.153382	15.684568	-0.916888	-0.107164	-0.334367	0.387414	0.000504	0.921906	-0.043292	0.998907	0.017647	-0.920889	-0.046748	0.387012
39196	-3.012258	-1.814220	9.673408	-0.371189	0.476702	-0.718080	0.392074	-0.006483	0.919911	-0.037028	0.999054	0.022823	-0.919188	-0.043011	0.391463
39197	-5.086996	-0.658301	7.593314	0.177508	0.250837	-0.654071	0.394637	-0.012943	0.918746	-0.036039	0.998913	0.029553	-0.918130	-0.044773	0.393741
39198	-3.230199	0.267808	8.830167	0.120712	0.182757	-0.210622	0.396376	-0.014992	0.917966	-0.036264	0.998831	0.031971	-0.917372	-0.045961	0.395369
39199	-0.379223	-1.339550	10.787167	-0.038227	0.495708	0.206057	0.400868	-0.012742	0.916047	-0.036687	0.998878	0.029949	-0.915401	-0.045612	0.399950
39200	1.217227	-3.249308	11.666110	0.061674	1.116702	0.417877	0.410893	-0.008082	0.911648	-0.038896	0.998895	0.026387	-0.910854	-0.046302	0.410124
39201	1.499014	-3.647424	11.393171	0.347400	1.804794	0.512480	0.427080	-0.002130	0.904211	-0.044146	0.998756	0.023203	-0.903136	-0.049827	0.426454
39202	1.619863	-2.636119	10.496086	0.534355	2.417678	0.624064	0.448472	0.005343	0.893781	-0.051624	0.998468	0.019935	-0.892305	-0.055081	0.448061
39203	2.127319	-1.783151	9.514839	0.528143	2.921904	0.781472	0.473944	0.014794	0.880430	-0.059856	0.998087	0.015450	-0.878518	-0.060021	0.473923
39204	2.551612	-1.493140	8.434788	0.423108	3.315493	0.922475	0.502199	0.026021	0.864360	-0.067991	0.997641	0.009470	-0.862075	-0.063525	0.502784
39205	2.999217	-1.383140	7.738966	0.352204	3.587714	0.987505	0.532120	0.038161	0.845808	-0.076052	0.997100	0.002859	-0.843246	-0.065847	0.533479
39206	3.725128	-1.338673	7.326578	0.300255	3.767456	0.949259	0.562730	0.050102	0.825121	-0.083700	0.996485	-0.003424	-0.822392	-0.067136	0.564946
39207	4.799783	-1.868008	7.431928	0.288684	3.882743	0.804954	0.593561	0.060712	0.802496	-0.090647	0.995849	-0.008294	-0.799668	-0.067821	0.596600
39208	6.476466	-2.632163	7.469289	0.364256	3.971721	0.613638	0.624252	0.069507	0.778125	-0.097202	0.995205	-0.010918	-0.775152	-0.068819	0.628015
39209	7.937397	-3.044880	7.375342	0.485429	4.061312	0.489129	0.654745	0.077177	0.751899	-0.103980	0.994512	-0.011535	-0.748663	-0.070630	0.659177
39210	8.830809	-3.132754	7.132629	0.582412	4.104435	0.496209	0.684357	0.085032	0.724172	-0.111532	0.993697	-0.011279	-0.720566	-0.073050	0.689528
39211	9.526763	-3.317113	6.871694	0.675040	4.087508	0.606770	0.712546	0.094079	0.695290	-0.120488	0.992656	-0.010837	-0.691203	-0.076052	0.718648
39212	9.825274	-3.318773	6.482644	0.797051	4.007046	0.760877	0.738678	0.104725	0.665873	-0.131351	0.991284	-0.010191	-0.661137	-0.079935	0.745995
39213	9.883716	-2.784718	6.361926	0.915758	3.857457	0.870963	0.762435	0.116501	0.636491	-0.143757	0.989573	-0.008925	-0.630894	-0.084696	0.771233
39214	9.903298	-1.813558	6.669098	0.961195	3.670469	0.890798	0.783704	0.128481	0.607701	-0.156519	0.987650	-0.006960	-0.601091	-0.089662	0.794135
39215	10.327993	-1.120755	7.255329	0.917844	3.471536	0.789724	0.802815	0.139435	0.579694	-0.168121	0.985757	-0.004277	-0.572034	-0.094025	0.814823
39216	11.510257	-0.671883	7.890268	0.828495	3.314450	0.581733	0.820298	0.148310	0.552372	-0.177419	0.984135	-0.000761	-0.543722	-0.097377	0.833597
39217	12.497196	0.139436	8.127432	0.705294	3.224883	0.329894	0.836812	0.154700	0.525180	-0.183842	0.982950	0.003387	-0.515702	-0.099384	0.850984
39218	12.211074	0.643867	7.525897	0.485472	3.125440	0.080020	0.852353	0.158562	0.498350	-0.186911	0.982351	0.007125	-0.488425	-0.099220	0.866947
39219	10.807163	0.293104	5.994881	0.271346	2.908181	-0.175729	0.866537	0.159664	0.472887	-0.186646	0.982373	0.010332	-0.462901	-0.097216	0.881063
39220	9.209935	-0.129898	4.579696	0.157962	2.484497	-0.415414	0.878532	0.157939	0.450818	-0.183692	0.982889	0.013626	-0.440952	-0.094782	0.892512
39221	8.498570	-0.075491	3.972059	0.101769	1.922256	-0.617955	0.887981	0.153637	0.433458	-0.178630	0.983765	0.017251	-0.423771	-0.092747	0.901009
39222	8.819486	0.357349	3.988100	0.052405	1.355887	-0.738851	0.894938	0.147583	0.421076	-0.172220	0.984838	0.020854	-0.411614	-0.091181	0.906786
39223	10.154678	0.895396	4.317136	-0.023161	0.909082	-0.768222	0.899954	0.140806	0.412621	-0.165188	0.985974	0.023824	-0.403479	-0.089600	0.910591
39224	12.388560	0.369808	4.367865	-0.077800	0.620307	-0.766994	0.903677	0.133762	0.406787	-0.157917	0.987104	0.026229	-0.398032	-0.087941	0.913147
39225	13.753890	-0.435138	3.741079	-0.017337	0.431807	-0.812099	0.906652	0.126091	0.402596	-0.150455	0.988182	0.029334	-0.394140	-0.087169	0.914907
39226	14.185553	-0.245529	2.783561	0.089600	0.275716	-0.828877	0.908949	0.118109	0.399826	-0.143241	0.989122	0.033451	-0.391526	-0.087677	0.915980
39227	13.574134	0.254845	1.988595	0.076814	0.093438	-0.787720	0.910424	0.110368	0.398681	-0.136333	0.989961	0.037276	-0.390564	-0.088291	0.916332
39228	12.679650	0.202131	1.432432	-0.027784	-0.152363	-0.715966	0.910778	0.103114	0.399814	-0.129664	0.990757	0.039852	-0.392010	-0.088137	0.915729
39229	11.868823	0.081101	1.308650	-0.130263	-0.441176	-0.626496	0.909837	0.096490	0.403592	-0.123405	0.991503	0.041153	-0.396192	-0.087248	0.914013
39230	11.507809	-0.075566	1.432047	-0.220809	-0.711467	-0.462353	0.907549	0.091261	0.409910	-0.118280	0.992134	0.040990	-0.402944	-0.085684	0.911205
39231	11.590346	-0.532545	1.802242	-0.218900	-0.927565	-0.243116	0.904057	0.088031	0.418247	-0.115144	0.992544	0.039982	-0.411609	-0.084305	0.907453
39232	12.065006	-0.514188	2.563158	-0.134294	-1.042998	-0.001969	0.899713	0.087106	0.427703	-0.114525	0.992664	0.038747	-0.421190	-0.083844	0.903089
39233	10.485137	-1.327917	4.401034	-0.068546	-0.991349	0.266565	0.895184	0.088892	0.436743	-0.116584	0.992493	0.036954	-0.430179	-0.083998	0.898827
39234	7.771580	-1.712227	8.734176	0.561079	-1.124997	0.314575	0.889912	0.091003	0.446961	-0.121789	0.991727	0.040566	-0.439572	-0.090535	0.893633
39235	4.599227	-2.464676	14.450885	0.321141	-0.482599	0.459485	0.887207	0.095084	0.451467	-0.127247	0.991009	0.041344	-0.443477	-0.094129	0.891329
39236	6.680299	-3.665745	11.901397	0.528447	-0.324001	0.339030	0.885323	0.098100	0.454511	-0.132558	0.990176	0.044488	-0.445682	-0.099635	0.889629
39237	-0.209989	-0.631991	9.320343	0.705042	-0.315592	0.111838	0.883761	0.098852	0.457379	-0.136652	0.989345	0.050218	-0.447542	-0.106883	0.887853
39238	-1.489040	2.202880	6.475820	0.655732	-0.847003	0.058546	0.879857	0.098466	0.464925	-0.140081	0.988570	0.055731	-0.454124	-0.114162	0.883594
39239	0.711674	3.615816	7.278715	0.563866	-1.290373	0.058064	0.873847	0.097495	0.476326	-0.143137	0.987858	0.060397	-0.464655	-0.120957	0.877192
39240	5.645177	4.720712	10.374757	0.503663	-1.677555	-0.099713	0.866075	0.094397	0.490922	-0.144601	0.987336	0.065252	-0.478545	-0.127500	0.868757
39241	13.322435	5.328549	12.392936	0.308513	-1.618729	-0.238428	0.858562	0.089913	0.504763	-0.143998	0.987164	0.069085	-0.492072	-0.131999	0.860489
39242	13.985324	1.704086	11.410922	-0.015713	-1.054800	-0.172955	0.853568	0.086781	0.513704	-0.142394	0.987345	0.069808	-0.501145	-0.132734	0.855123
39243	9.926360	-1.691331	10.139127	0.060649	-0.718389	-0.182911	0.850203	0.083987	0.519713	-0.141098	0.987428	0.071252	-0.507195	-0.133909	0.851364
39244	7.717091	-2.021965	9.503986	0.208987	-0.555144	-0.115947	0.847534	0.082063	0.524359	-0.141134	0.987250	0.073611	-0.511633	-0.136393	0.848309
39245	6.255043	-0.445259	9.401323	0.323956	-0.498018	-0.099103	0.845113	0.080367	0.528512	-0.141914	0.986891	0.076856	-0.515407	-0.139956	0.845440
39246	5.537879	1.454439	8.950144	0.324461	-0.506800	-0.150543	0.842701	0.078134	0.532683	-0.142277	0.986559	0.080372	-0.519243	-0.143518	0.842490
39247	5.756395	1.592669	8.668256	0.273736	-0.519933	-0.174056	0.840235	0.075634	0.536922	-0.142194	0.986303	0.083585	-0.523246	-0.146578	0.839481
39248	6.358281	0.848805	8.901809	0.246789	-0.505538	-0.161912	0.837805	0.073260	0.541033	-0.142087	0.986067	0.086504	-0.527157	-0.149347	0.836541
39249	7.182399	1.304252	9.070709	0.213241	-0.453042	-0.135226	0.835597	0.071215	0.544707	-0.142038	0.985852	0.089001	-0.530663	-0.151738	0.833890
39250	6.860160	1.763055	8.615905	0.144764	-0.331736	-0.116071	0.833992	0.069535	0.547378	-0.141794	0.985721	0.090819	-0.533247	-0.153357	0.831943
39251	6.769450	2.331993	8.510640	0.112882	-0.262909	-0.095257	0.832718	0.068162	0.549486	-0.141558	0.985621	0.092261	-0.535296	-0.154612	0.830394
39252	7.418196	1.704949	8.283664	-0.109633	-0.078985	-0.002537	0.832294	0.067986	0.550150	-0.140904	0.985800	0.091344	-0.536128	-0.153544	0.830055
39253	5.254480	0.394754	8.734518	-0.003534	-0.049686	-0.022126	0.832054	0.067661	0.550553	-0.140656	0.985829	0.091419	-0.536566	-0.153505	0.829779
39254	5.805205	0.670660	8.648627	-0.021342	-0.044829	-0.009674	0.831821	0.067468	0.550928	-0.140416	0.985876	0.091275	-0.536988	-0.153283	0.829547
39255	5.464010	1.063493	8.368698	-0.027393	-0.052432	-0.009714	0.831549	0.067262	0.551364	-0.140143	0.985933	0.091083	-0.537482	-0.153010	0.829278
39256	5.155191	1.296435	8.271111	-0.091468	-0.067570	0.033985	0.831133	0.067465	0.551967	-0.139888	0.986058	0.090117	-0.538191	-0.152113	0.828982
39257	5.229057	1.277025	8.358065	-0.131789	-0.114131	0.061418	0.830427	0.067867	0.552978	-0.139644	0.986224	0.088668	-0.539342	-0.150852	0.828465
39258	5.386377	1.374583	8.184329	-0.187291	-0.135235	0.102254	0.829549	0.068644	0.554199	-0.139435	0.986443	0.086530	-0.540746	-0.149056	0.827875
39259	5.309493	1.048437	8.370349	-0.228253	-0.157881	0.126193	0.828514	0.069625	0.555623	-0.139200	0.986702	0.083924	-0.542391	-0.146875	0.827188
39260	5.172863	0.941849	8.468180	-0.229770	-0.211670	0.127521	0.827181	0.070546	0.557490	-0.138962	0.986955	0.081294	-0.544483	-0.144715	0.826194
39261	5.572535	1.159667	8.600767	-0.228024	-0.266363	0.127187	0.825546	0.071389	0.559801	-0.138723	0.987200	0.078685	-0.547019	-0.142615	0.824883
39262	6.142286	0.613263	8.616562	-0.237321	-0.247234	0.114847	0.824026	0.072144	0.561939	-0.138324	0.987462	0.076064	-0.549406	-0.140408	0.823674
39263	6.442581	-0.277346	8.891484	-0.161768	-0.210601	0.067972	0.822769	0.072491	0.563735	-0.137948	0.987646	0.074333	-0.551382	-0.138925	0.822604
39264	6.202608	0.552804	8.565770	-0.071583	-0.195681	0.025950	0.821647	0.072447	0.565374	-0.137720	0.987734	0.073578	-0.553109	-0.138319	0.821546
39265	6.346947	0.757895	8.601253	-0.081396	-0.145496	0.027405	0.820799	0.072487	0.566600	-0.137449	0.987834	0.072738	-0.554434	-0.137582	0.820777
39266	6.103458	0.170842	8.743413	-0.030001	-0.117515	-0.001600	0.820143	0.072280	0.567574	-0.137224	0.987885	0.072481	-0.555459	-0.137329	0.820126
39267	5.686985	0.979000	8.522589	0.016884	-0.118290	-0.015728	0.819502	0.071933	0.568543	-0.137143	0.987880	0.072692	-0.556424	-0.137543	0.819435
39268	5.822251	0.992492	8.495847	-0.001746	-0.131460	-0.010464	0.818779	0.071619	0.569624	-0.137002	0.987898	0.072717	-0.557523	-0.137579	0.818682
39269	5.924124	0.777960	8.449685	-0.000621	-0.121955	-0.007532	0.818104	0.071347	0.570627	-0.136891	0.987912	0.072738	-0.558540	-0.137621	0.817981
39270	5.829379	0.934961	8.478947	-0.000379	-0.121971	0.000245	0.817416	0.071153	0.571636	-0.136845	0.987920	0.072714	-0.559557	-0.137663	0.817279
39271	5.849661	0.808915	8.484371	-0.001952	-0.131898	0.003026	0.816668	0.070971	0.572727	-0.136814	0.987928	0.072664	-0.560656	-0.137700	0.816519
39272	6.173590	0.783717	8.240973	-0.017271	-0.120874	0.009948	0.815971	0.070874	0.573732	-0.136752	0.987953	0.072447	-0.561686	-0.137573	0.815833
39273	6.313821	0.259770	8.178184	-0.023680	-0.071802	0.015529	0.815541	0.070899	0.574340	-0.136700	0.987982	0.072148	-0.562322	-0.137352	0.815431
39274	6.057197	0.613508	8.279410	-0.003916	-0.041241	0.005332	0.815296	0.070866	0.574692	-0.136675	0.987991	0.072066	-0.562683	-0.137301	0.815191
39275	5.927330	0.683075	8.326570	-0.014518	-0.026809	0.007569	0.815130	0.070874	0.574926	-0.136610	0.988013	0.071888	-0.562940	-0.137138	0.815041
39276	5.907603	0.706366	8.351458	-0.008934	-0.026154	0.006424	0.814968	0.070873	0.575156	-0.136565	0.988029	0.071759	-0.563185	-0.137027	0.814890
39277	5.800480	0.738285	8.431149	-0.008309	-0.027975	0.008796	0.814793	0.070891	0.575401	-0.136545	0.988041	0.071624	-0.563442	-0.136927	0.814729
39278	5.772338	0.796871	8.392302	-0.018537	-0.039516	0.008965	0.814553	0.070897	0.575741	-0.136467	0.988068	0.071402	-0.563809	-0.136730	0.814509
39279	5.843385	0.738096	8.385758	-0.012923	-0.054236	0.009935	0.814228	0.070891	0.576201	-0.136430	0.988086	0.071223	-0.564287	-0.136602	0.814199
39280	5.951208	0.652228	8.320778	-0.024422	-0.056838	0.011351	0.813886	0.070896	0.576683	-0.136338	0.988119	0.070939	-0.564802	-0.136360	0.813882
39281	6.021217	0.606291	8.255398	-0.012035	-0.046904	0.005390	0.813609	0.070856	0.577079	-0.136268	0.988139	0.070794	-0.565219	-0.136236	0.813614
39282	5.974828	0.573526	8.308421	-0.013295	-0.037963	0.006635	0.813379	0.070841	0.577404	-0.136201	0.988160	0.070628	-0.565565	-0.136090	0.813398
39283	5.856206	0.474557	8.410014	-0.002456	-0.032258	-0.004048	0.813197	0.070727	0.577675	-0.136108	0.988174	0.070615	-0.565849	-0.136050	0.813207
39284	5.835776	0.602680	8.426730	-0.002149	-0.042867	-0.008244	0.812960	0.070558	0.578029	-0.135983	0.988191	0.070625	-0.566220	-0.136018	0.812954
39285	5.903365	0.631967	8.337173	-0.010546	-0.045408	-0.009655	0.812711	0.070371	0.578402	-0.135799	0.988219	0.070579	-0.566622	-0.135907	0.812693
39286	5.830799	0.904727	8.376735	-0.008053	-0.055803	-0.006464	0.812397	0.070203	0.578863	-0.135654	0.988242	0.070532	-0.567105	-0.135825	0.812369
39287	5.833033	1.109841	8.357894	-0.026657	-0.079065	0.007001	0.811934	0.070135	0.579521	-0.135515	0.988281	0.070258	-0.567802	-0.135578	0.811923
39288	5.887283	0.880978	8.332098	-0.033816	-0.091853	0.011241	0.811391	0.070092	0.580286	-0.135367	0.988327	0.069899	-0.568613	-0.135267	0.811408
39289	5.873627	0.781963	8.285494	-0.026372	-0.098877	0.017486	0.810800	0.070102	0.581111	-0.135313	0.988358	0.069567	-0.569468	-0.135037	0.810846
39290	5.396145	0.802533	8.554297	-0.021173	-0.118017	0.011257	0.810106	0.070025	0.582087	-0.135237	0.988386	0.069311	-0.570473	-0.134869	0.810167
39291	5.630175	0.738753	8.515243	-0.015200	-0.186606	-0.005179	0.809042	0.069692	0.583605	-0.135063	0.988417	0.069202	-0.572022	-0.134811	0.809084
39292	6.072621	0.749070	8.237740	-0.013514	-0.189545	-0.011852	0.807966	0.069290	0.585141	-0.134843	0.988452	0.069143	-0.573592	-0.134768	0.807979
39293	5.822773	0.619906	8.421709	-0.006430	-0.169297	-0.010414	0.807003	0.068929	0.586511	-0.134676	0.988475	0.069136	-0.574986	-0.134783	0.806985
39294	5.922715	0.715402	8.347730	-0.005475	-0.191117	-0.023341	0.805928	0.068412	0.588047	-0.134410	0.988506	0.069211	-0.576554	-0.134818	0.805860
39295	6.110586	0.639948	8.190402	0.000984	-0.173436	-0.023680	0.804954	0.067914	0.589438	-0.134179	0.988528	0.069342	-0.577967	-0.134908	0.804832
39296	6.045259	0.657562	8.258705	0.013147	-0.149769	-0.019233	0.804107	0.067493	0.590641	-0.134054	0.988531	0.069543	-0.579173	-0.135097	0.803932
39297	6.034037	0.758449	8.251944	0.032954	-0.151253	-0.018494	0.803250	0.067076	0.591854	-0.134050	0.988506	0.069901	-0.580362	-0.135486	0.803009
39298	5.990038	0.783768	8.310894	0.040928	-0.156641	-0.017125	0.802357	0.066665	0.593110	-0.134104	0.988470	0.070313	-0.581584	-0.135954	0.802045
39299	5.937821	1.025587	8.407933	0.049266	-0.168649	-0.007085	0.801379	0.066335	0.594467	-0.134288	0.988415	0.070734	-0.582888	-0.136515	0.801003
39300	5.808708	0.831211	8.574264	0.030971	-0.185420	0.013436	0.800273	0.066185	0.595972	-0.134529	0.988371	0.070884	-0.584350	-0.136902	0.799870
39301	5.807617	0.843684	8.647679	0.012068	-0.216342	0.021440	0.798973	0.066071	0.597727	-0.134726	0.988348	0.070837	-0.586082	-0.137126	0.798564
39302	5.841574	0.957407	8.781115	0.003631	-0.270993	0.041779	0.797319	0.066083	0.599929	-0.135034	0.988323	0.070598	-0.588259	-0.137299	0.796932
39303	5.479118	1.349079	8.914218	-0.022835	-0.317262	0.085973	0.795328	0.066467	0.602525	-0.135537	0.988305	0.069884	-0.590833	-0.137245	0.795035
39304	2.371859	1.756756	11.242677	-0.005811	-0.460806	0.210714	0.792303	0.067888	0.606339	-0.137129	0.988179	0.068547	-0.594518	-0.137456	0.792246
39305	3.317488	0.431660	11.147458	0.111633	-1.161613	0.255585	0.784987	0.068775	0.615683	-0.139767	0.987857	0.067852	-0.603540	-0.139315	0.785067
39306	2.452104	1.755932	11.954752	0.157033	-1.519879	0.333148	0.775247	0.069899	0.627778	-0.143275	0.987413	0.066989	-0.615194	-0.141878	0.775504
39307	4.075834	-1.057423	11.219299	0.260076	-2.066246	0.340422	0.761879	0.070257	0.643898	-0.147465	0.986808	0.066812	-0.630710	-0.145855	0.762189
39308	3.147288	0.036017	12.033423	0.295650	-2.561251	0.287074	0.745046	0.069264	0.663407	-0.151473	0.986178	0.067149	-0.649586	-0.150517	0.745240
39309	3.746115	0.330435	12.750429	0.361261	-3.303649	0.318136	0.722704	0.067302	0.687873	-0.156149	0.985415	0.067641	-0.673288	-0.156295	0.722672
39310	4.091410	0.626999	12.333146	0.187903	-4.060960	0.427660	0.694095	0.065047	0.716938	-0.160422	0.984842	0.065957	-0.701781	-0.160793	0.694009
39311	5.797819	0.358302	12.097705	0.196803	-4.727443	0.504820	0.659345	0.062270	0.749258	-0.165201	0.984208	0.063581	-0.733466	-0.165700	0.659220
39312	6.911038	2.591323	12.456404	0.200890	-5.271542	0.654751	0.618683	0.059811	0.783361	-0.170844	0.983479	0.059839	-0.766840	-0.170854	0.618680
39313	9.849222	3.090878	13.402008	0.182330	-5.682059	0.880109	0.572618	0.058579	0.817727	-0.177466	0.982651	0.053878	-0.800384	-0.175971	0.573079
39314	10.820137	5.608726	13.904697	-0.011413	-5.511974	1.130751	0.525604	0.059872	0.848620	-0.183534	0.982011	0.044391	-0.830696	-0.179082	0.527137
39315	11.442042	5.867849	11.981707	-0.192651	-5.349650	1.413630	0.477801	0.064103	0.876126	-0.188951	0.981490	0.031233	-0.857906	-0.180468	0.481070
39316	11.526134	11.342055	10.853694	-0.299102	-5.149976	1.702248	0.429722	0.071470	0.900128	-0.194025	0.980886	0.014745	-0.881869	-0.180983	0.435375
39317	7.842337	13.096902	9.511315	-1.842474	-4.740297	2.051409	0.383484	0.083340	0.919779	-0.185858	0.982509	-0.011534	-0.904653	-0.166526	0.392266
39318	8.459092	6.136018	13.535452	-2.896219	-4.261751	1.981946	0.340979	0.096244	0.935131	-0.166485	0.985204	-0.040691	-0.925211	-0.141811	0.351957
39319	22.642460	-5.016506	19.033982	-1.922717	-1.977053	0.774119	0.321381	0.101203	0.941527	-0.151123	0.987011	-0.054507	-0.934813	-0.124769	0.332500
39320	2.045329	-4.270373	15.497099	-0.325415	-0.508102	-0.046009	0.316683	0.100093	0.943236	-0.147882	0.987467	-0.055136	-0.936933	-0.122027	0.327516
39321	-5.970892	1.087700	11.196139	1.177086	-0.042982	-0.435656	0.316972	0.095702	0.943594	-0.157477	0.986397	-0.047143	-0.935270	-0.133651	0.327731
39322	-6.242247	5.014911	9.921931	1.119482	0.002149	-0.139559	0.317207	0.094300	0.943656	-0.167446	0.984980	-0.042143	-0.933457	-0.144643	0.328233
39323	-3.062929	4.212610	11.175629	0.635015	0.209783	0.355335	0.318591	0.098070	0.942805	-0.174454	0.983710	-0.043374	-0.931700	-0.150657	0.330510
39324	0.195961	0.255328	12.421861	0.464669	0.760940	0.636584	0.324527	0.105460	0.939979	-0.180774	0.982362	-0.047803	-0.928441	-0.154410	0.337868
39325	1.575371	-2.192535	12.197550	0.839287	1.470096	0.705604	0.336861	0.114665	0.934546	-0.190830	0.980272	-0.051490	-0.922013	-0.160995	0.352097
39326	1.944581	-1.550760	11.134359	1.311967	2.127261	0.748019	0.354878	0.125491	0.926452	-0.205401	0.977204	-0.053687	-0.912070	-0.171241	0.372564
39327	2.250226	0.000945	9.795419	1.501069	2.618460	0.861559	0.376802	0.138490	0.915883	-0.222105	0.973424	-0.055815	-0.899272	-0.182392	0.397547
39328	3.137782	0.830698	8.945166	1.454086	2.980134	1.004425	0.401057	0.153799	0.903050	-0.238932	0.969245	-0.058959	-0.884344	-0.192122	0.425470
39329	4.156548	1.187774	8.332143	1.337606	3.243736	1.053414	0.426926	0.170309	0.888104	-0.254970	0.964929	-0.062474	-0.867597	-0.199768	0.455377
39330	4.989513	1.744214	7.991853	1.214563	3.459972	0.955407	0.454117	0.186488	0.871206	-0.269557	0.960778	-0.065154	-0.849186	-0.205252	0.486574
39331	5.571769	2.342462	7.941361	1.030411	3.616483	0.680314	0.482655	0.200454	0.852562	-0.281351	0.957346	-0.065811	-0.829389	-0.208105	0.518465
39332	6.470781	2.451069	8.025539	0.785624	3.720203	0.274397	0.512339	0.210789	0.832512	-0.289103	0.955161	-0.063925	-0.808658	-0.207930	0.550306
39333	7.752733	2.051366	7.954849	0.546080	3.804161	-0.187022	0.543293	0.216823	0.811061	-0.292431	0.954448	-0.059268	-0.786967	-0.204980	0.581951
39334	8.530911	2.139608	7.565778	0.330694	3.871689	-0.616809	0.575124	0.218738	0.788280	-0.291498	0.955137	-0.052363	-0.764369	-0.199667	0.613084
39335	8.683962	2.465877	7.158525	0.067209	3.875063	-0.957168	0.607120	0.217136	0.764367	-0.286304	0.957106	-0.044483	-0.741239	-0.191835	0.643245
39336	8.650948	2.351744	6.734472	-0.225886	3.846015	-1.224276	0.638628	0.212547	0.739580	-0.276981	0.960172	-0.036769	-0.717939	-0.181367	0.672064
39337	8.617975	0.877039	6.615987	-0.391956	3.773350	-1.436242	0.669218	0.205317	0.714137	-0.264778	0.963874	-0.028994	-0.694291	-0.169684	0.699405
39338	9.026972	-1.184473	6.627081	-0.311212	3.692040	-1.631084	0.698610	0.195606	0.688245	-0.251450	0.967668	-0.019784	-0.669863	-0.159238	0.725208
39339	9.549107	-2.490956	6.893995	-0.011151	3.593932	-1.762732	0.726595	0.184081	0.661947	-0.238771	0.971043	-0.007947	-0.644242	-0.152279	0.749509
39340	10.346770	-3.010235	7.177038	0.314488	3.478647	-1.799210	0.752739	0.171797	0.635507	-0.227399	0.973783	0.006104	-0.617797	-0.149108	0.772071
39341	11.119122	-2.824036	7.392237	0.564408	3.358701	-1.728122	0.776925	0.159923	0.608944	-0.217547	0.975818	0.021285	-0.590814	-0.149011	0.792928
39342	10.989488	-2.431432	7.274044	0.650763	3.212155	-1.560968	0.798802	0.149457	0.582733	-0.208959	0.977269	0.035791	-0.564138	-0.150358	0.811875
39343	10.182535	-2.365897	6.941971	0.642091	2.965330	-1.356538	0.817977	0.140648	0.557792	-0.201488	0.978275	0.048799	-0.538811	-0.152305	0.828545
39344	10.189246	-2.273696	7.046703	0.621499	2.651209	-1.162876	0.834259	0.133309	0.535015	-0.195112	0.978924	0.060326	-0.515697	-0.154715	0.842686
39345	10.521926	-1.743258	7.250325	0.564989	2.372080	-1.009604	0.848215	0.127090	0.514178	-0.189426	0.979367	0.070417	-0.494619	-0.157127	0.854788
39346	10.884548	-1.206078	7.292136	0.471712	2.120837	-0.874678	0.860136	0.121846	0.495298	-0.184199	0.979720	0.078865	-0.475644	-0.159068	0.865136
39347	11.470436	-0.851574	6.983782	0.400490	1.891364	-0.770141	0.870398	0.117292	0.478174	-0.179359	0.980009	0.086091	-0.458517	-0.160698	0.874035
39348	12.198874	-0.380453	6.361410	0.343358	1.681657	-0.698887	0.879215	0.113127	0.462800	-0.174750	0.980271	0.092368	-0.443220	-0.162086	0.881637
39349	13.438451	0.036900	5.393068	0.283264	1.510084	-0.655142	0.886956	0.109129	0.448775	-0.170155	0.980547	0.097852	-0.429367	-0.163152	0.888271
39350	14.263165	0.389813	4.049133	0.223660	1.362472	-0.643989	0.893799	0.105011	0.435999	-0.165325	0.980881	0.102668	-0.416882	-0.163846	0.894071
39351	14.819311	0.729391	2.688416	0.161670	1.221105	-0.667856	0.899926	0.100431	0.424319	-0.159955	0.981310	0.106979	-0.405644	-0.164145	0.899171
39352	15.327177	0.669531	1.459353	0.064458	1.059719	-0.712338	0.905289	0.095146	0.414004	-0.153742	0.981911	0.110519	-0.396000	-0.163701	0.903541
39353	15.677789	0.462625	0.465564	-0.006969	0.910592	-0.800439	0.910072	0.088740	0.404838	-0.146406	0.982666	0.113720	-0.387729	-0.162764	0.907289
39354	14.917020	1.683227	-0.029745	-0.071833	0.740717	-0.896814	0.914192	0.081094	0.397085	-0.137908	0.983554	0.116635	-0.381096	-0.161388	0.910340
39355	12.658435	3.995161	-5.561242	-1.257812	-0.137342	-0.658805	0.914548	0.074363	0.397582	-0.127031	0.986025	0.107783	-0.384011	-0.149078	0.911214
39356	12.693440	0.624493	-6.963657	-1.627597	-0.870852	-0.359743	0.911597	0.069551	0.405158	-0.117373	0.988593	0.094382	-0.393972	-0.133594	0.909362
39357	14.239092	-3.289831	-8.412429	-1.921984	-1.645849	-0.299288	0.905312	0.064506	0.419820	-0.106878	0.991194	0.078176	-0.411081	-0.115643	0.904234
39358	11.131366	-3.363879	-7.750787	-1.575043	-2.504082	-0.721438	0.895434	0.054600	0.441833	-0.093674	0.993340	0.067090	-0.435227	-0.101463	0.894585
39359	6.054273	-1.707889	6.601232	-0.888650	-2.446457	-0.957476	0.885346	0.042663	0.462972	-0.081140	0.994677	0.063506	-0.457799	-0.093790	0.884095
39360	14.026857	-6.083489	16.732781	-0.902681	-1.950919	-0.863905	0.876883	0.032287	0.479618	-0.069271	0.995815	0.059611	-0.475686	-0.085495	0.875450
39361	15.896111	-9.452283	16.844845	-0.130530	-1.265168	-0.905696	0.871380	0.022160	0.490108	-0.060684	0.996176	0.062849	-0.486842	-0.084507	0.869393
39362	14.254424	-8.865281	14.837044	-0.072203	-0.861014	-0.699281	0.867551	0.014440	0.497139	-0.054205	0.996369	0.065650	-0.494386	-0.083902	0.865183
39363	9.732530	-10.090322	8.867691	0.182334	-0.652805	-0.147466	0.864379	0.012388	0.502689	-0.053790	0.996238	0.067940	-0.499956	-0.085766	0.861793
39364	5.830210	-6.771349	8.671668	0.506076	-0.708413	0.163709	0.860718	0.013365	0.508906	-0.057702	0.995774	0.071440	-0.505801	-0.090855	0.857852
39365	6.639800	-1.195016	10.034084	0.791278	-0.869558	-0.023644	0.856296	0.012278	0.516339	-0.061482	0.995032	0.078302	-0.512812	-0.098795	0.852797
39366	7.764313	5.615419	10.313992	0.759784	-0.820328	-0.235385	0.852203	0.009066	0.523133	-0.063347	0.994282	0.085964	-0.519363	-0.106397	0.847904
39367	7.542233	6.020087	8.570760	0.426793	-0.721594	-0.303551	0.848618	0.005238	0.528980	-0.062948	0.993846	0.091144	-0.525248	-0.110645	0.843725
39368	7.397651	5.324367	8.800708	0.189966	-0.655460	-0.153872	0.845247	0.002948	0.534368	-0.062602	0.993645	0.093540	-0.530696	-0.112517	0.840060
39369	7.335301	3.208985	8.864704	-0.061389	-0.472219	0.026798	0.842706	0.002656	0.538367	-0.062456	0.993719	0.092859	-0.534739	-0.111877	0.837579
39370	6.774141	5.187214	8.761987	-0.249939	-0.436495	0.144380	0.840267	0.003579	0.542162	-0.062283	0.993995	0.089967	-0.538584	-0.109364	0.835444
39371	4.228658	2.949684	7.882221	-0.336060	-0.362937	0.224608	0.838157	0.005392	0.545402	-0.062308	0.994352	0.085921	-0.541858	-0.105998	0.833759
39372	5.982913	1.579824	8.049753	-0.428883	-0.447188	0.291356	0.835536	0.007797	0.549380	-0.062367	0.994783	0.080734	-0.545884	-0.101720	0.831663
39373	5.888643	0.241822	8.566923	-0.396056	-0.403957	0.288727	0.833134	0.010237	0.552976	-0.062562	0.995156	0.075835	-0.549521	-0.097776	0.829739
39374	6.180906	-0.584060	8.553784	-0.361861	-0.401216	0.256429	0.830754	0.012376	0.556502	-0.062654	0.995479	0.071393	-0.553102	-0.094177	0.827774
39375	6.490959	-1.841122	8.852435	-0.290255	-0.335184	0.183988	0.828771	0.013868	0.559416	-0.062526	0.995728	0.067948	-0.556084	-0.091291	0.826097
