// General information: 
//  MT Manager version: 2022.2.0 
//  XDA version: 2022.2.0 build 7381 rev 124627 built on 2023-07-19
// Device information: 
//  DeviceId: 00B4CAF0
//  ProductCode: MTW2-3A7G6
//  Firmware Version: 4.6.0
//  Hardware Version: 2.0.0
// Device settings: 
//  Filter Profile: human(46.1)
//  Option Flags: Orientation Smoother Disabled, Position/Velocity Smoother Disabled, Continuous Zero Rotation Update Disabled, AHS Disabled, ICC Disabled
// Coordinate system: ENU
PacketCounter	Acc_X	Acc_Y	Acc_Z	Gyr_X	Gyr_Y	Gyr_Z	Mat[1][1]	Mat[2][1]	Mat[3][1]	Mat[1][2]	Mat[2][2]	Mat[3][2]	Mat[1][3]	Mat[2][3]	Mat[3][3]
17608	5.975936	0.727074	8.271455	0.008528	-0.020867	0.005943	-0.812087	-0.054031	0.581029	0.117016	-0.990557	0.071436	0.571683	0.126002	0.810741
17609	6.062398	0.717627	8.248928	0.002464	-0.017460	0.001516	-0.811986	-0.054010	0.581173	0.117032	-0.990554	0.071457	0.571824	0.126038	0.810636
17610	5.977906	0.659858	8.297567	0.007184	-0.006616	0.004943	-0.811882	-0.053923	0.581326	0.117006	-0.990552	0.071528	0.571976	0.126091	0.810521
17611	6.025190	0.703578	8.212105	0.002930	-0.004816	0.003380	-0.811851	-0.053936	0.581369	0.117039	-0.990547	0.071542	0.572014	0.126124	0.810489
17612	6.024536	0.636141	8.240139	0.006225	0.005029	0.002002	-0.811886	-0.053904	0.581322	0.117029	-0.990544	0.071597	0.571965	0.126160	0.810518
17613	5.986011	0.696797	8.257396	0.006180	0.007237	0.001904	-0.811925	-0.053917	0.581266	0.117070	-0.990536	0.071646	0.571902	0.126220	0.810553
17614	5.985317	0.704132	8.338553	0.002956	0.010243	0.000658	-0.811946	-0.053931	0.581236	0.117071	-0.990537	0.071630	0.571873	0.126205	0.810576
17615	5.953482	0.680893	8.282023	0.002661	0.008432	0.002791	-0.811990	-0.053955	0.581172	0.117098	-0.990533	0.071645	0.571804	0.126229	0.810621
17616	5.999655	0.731469	8.278070	0.003396	0.007828	0.005242	-0.811984	-0.053867	0.581189	0.117035	-0.990536	0.071703	0.571826	0.126241	0.810603
17617	6.298440	0.647112	8.338238	0.002655	0.028100	0.006397	-0.812136	-0.053951	0.580968	0.117091	-0.990530	0.071698	0.571598	0.126255	0.810762
17618	5.995637	0.820237	8.495325	0.007834	0.049194	0.005275	-0.812291	-0.054016	0.580746	0.117129	-0.990525	0.071698	0.571371	0.126262	0.810921
17619	6.212868	0.619661	8.022024	-0.000211	0.085118	0.007642	-0.812766	-0.054184	0.580065	0.117179	-0.990522	0.071662	0.570684	0.126216	0.811412
17620	5.688082	0.662840	8.436231	0.007519	0.084343	0.008263	-0.813143	-0.054313	0.579524	0.117231	-0.990516	0.071659	0.570136	0.126207	0.811798
17621	5.868971	0.783332	8.289957	0.004782	0.063061	0.008095	-0.813491	-0.054457	0.579022	0.117313	-0.990506	0.071661	0.569623	0.126222	0.812156
17622	5.839284	0.622806	8.351556	0.006420	0.050619	0.006968	-0.813714	-0.054485	0.578706	0.117315	-0.990503	0.071700	0.569304	0.126234	0.812378
17623	5.961861	0.852809	8.275332	0.001059	0.038359	0.007689	-0.813921	-0.054594	0.578405	0.117372	-0.990498	0.071675	0.568996	0.126226	0.812595
17624	5.980028	0.689882	8.269954	-0.003581	0.045174	0.014496	-0.814158	-0.054674	0.578063	0.117367	-0.990503	0.071619	0.568658	0.126155	0.812843
17625	5.983951	0.686815	8.331861	-0.003493	0.040758	0.014694	-0.814370	-0.054854	0.577747	0.117454	-0.990500	0.071517	0.568336	0.126100	0.813076
17626	5.918902	0.691096	8.282069	-0.005425	0.048999	0.011556	-0.814625	-0.054913	0.577383	0.117416	-0.990509	0.071458	0.567979	0.126005	0.813341
17627	5.775452	0.635639	8.340407	-0.003451	0.038555	0.014806	-0.814824	-0.055091	0.577084	0.117505	-0.990505	0.071355	0.567674	0.125952	0.813561
17628	5.773253	0.634748	8.341997	-0.002712	0.015861	0.007174	-0.814788	-0.055101	0.577134	0.117473	-0.990515	0.071277	0.567733	0.125873	0.813533
17629	5.911792	0.665911	8.296503	-0.000524	0.011644	0.008100	-0.814842	-0.055179	0.577051	0.117523	-0.990512	0.071237	0.567645	0.125864	0.813595
17630	5.911593	0.710342	8.278428	-0.002930	0.009630	0.009489	-0.814811	-0.055232	0.577090	0.117527	-0.990518	0.071140	0.567689	0.125789	0.813576
17631	5.840742	0.686143	8.347071	-0.000093	0.006825	0.006250	-0.814839	-0.055284	0.577046	0.117564	-0.990516	0.071114	0.567641	0.125787	0.813610
17632	5.910758	0.709125	8.279128	-0.003789	-0.000419	0.009533	-0.814690	-0.055288	0.577255	0.117538	-0.990526	0.071013	0.567860	0.125703	0.813470
17633	5.925383	0.652481	8.335737	-0.000953	-0.003224	0.006293	-0.814660	-0.055328	0.577293	0.117571	-0.990524	0.070980	0.567896	0.125698	0.813446
17634	5.933800	0.665354	8.304863	-0.003020	-0.003234	0.012079	-0.814557	-0.055349	0.577437	0.117567	-0.990531	0.070900	0.568044	0.125640	0.813351
17635	5.887265	0.613870	8.308788	-0.004050	-0.004440	0.011755	-0.814514	-0.055441	0.577489	0.117627	-0.990530	0.070810	0.568095	0.125604	0.813322
17636	5.965475	0.657261	8.290411	-0.001298	-0.002825	0.008331	-0.814461	-0.055532	0.577554	0.117674	-0.990532	0.070702	0.568160	0.125547	0.813285
17637	5.926761	0.649416	8.334996	0.000804	-0.002622	0.009073	-0.814431	-0.055601	0.577590	0.117739	-0.990527	0.070667	0.568190	0.125558	0.813262
17638	5.950013	0.651850	8.342229	0.003514	0.001204	0.005556	-0.814394	-0.055592	0.577643	0.117738	-0.990527	0.070667	0.568243	0.125562	0.813225
17639	5.896015	0.655083	8.348982	-0.000614	-0.001218	0.010694	-0.814370	-0.055678	0.577669	0.117809	-0.990523	0.070612	0.568263	0.125558	0.813211
17640	5.911662	0.666318	8.377459	-0.000262	-0.004022	0.002221	-0.814287	-0.055814	0.577773	0.117883	-0.990525	0.070452	0.568366	0.125478	0.813151
17641	5.951203	0.695775	8.323235	0.000417	-0.000011	0.011019	-0.814269	-0.055906	0.577789	0.117963	-0.990519	0.070402	0.568376	0.125484	0.813144
17642	5.974135	0.698031	8.330712	0.000256	0.006426	0.004215	-0.814222	-0.056015	0.577844	0.118017	-0.990522	0.070275	0.568431	0.125415	0.813116
17643	5.811014	0.633935	8.298722	0.002055	0.004818	0.007086	-0.814236	-0.056075	0.577820	0.118074	-0.990516	0.070260	0.568400	0.125434	0.813135
17644	5.625754	0.678870	8.463247	0.008785	-0.019084	0.003794	-0.814124	-0.056092	0.577975	0.118136	-0.990508	0.070276	0.568547	0.125493	0.813023
17645	5.736465	0.620195	8.385790	0.009287	-0.048012	-0.001529	-0.813848	-0.055999	0.578374	0.118164	-0.990498	0.070370	0.568937	0.125613	0.812731
17646	5.949810	0.660840	8.358192	0.012891	-0.053628	-0.002210	-0.813491	-0.055811	0.578893	0.118130	-0.990492	0.070510	0.569454	0.125744	0.812349
17647	5.961893	0.653330	8.333627	0.014914	-0.051406	-0.008078	-0.813202	-0.055649	0.579315	0.118137	-0.990478	0.070687	0.569865	0.125922	0.812033
17648	5.974712	0.713164	8.281111	0.007916	-0.048804	0.000224	-0.812888	-0.055587	0.579761	0.118159	-0.990474	0.070705	0.570309	0.125979	0.811713
17649	6.146587	0.603969	8.274127	0.010029	-0.031321	-0.001824	-0.812705	-0.055513	0.580024	0.118189	-0.990463	0.070807	0.570562	0.126097	0.811516
17650	6.078417	0.551917	8.269664	0.012183	-0.016051	-0.003786	-0.812543	-0.055324	0.580270	0.118118	-0.990460	0.070967	0.570809	0.126204	0.811326
17651	6.047250	0.491950	8.311365	0.013264	0.000222	-0.006168	-0.812545	-0.055245	0.580275	0.118131	-0.990448	0.071120	0.570803	0.126337	0.811310
17652	6.047370	0.538931	8.292853	0.020395	0.010679	-0.010539	-0.812591	-0.055173	0.580217	0.118149	-0.990434	0.071285	0.570734	0.126478	0.811336
17653	6.001828	0.723175	8.284854	0.015977	0.021321	-0.012493	-0.812721	-0.055059	0.580046	0.118126	-0.990421	0.071497	0.570554	0.126626	0.811440
17654	5.930650	0.769048	8.326337	0.011729	0.025532	-0.007632	-0.812814	-0.055048	0.579916	0.118126	-0.990417	0.071553	0.570420	0.126662	0.811528
17655	5.951667	0.773212	8.334968	0.012802	0.024530	-0.007211	-0.812956	-0.054990	0.579723	0.118128	-0.990406	0.071708	0.570218	0.126777	0.811652
17656	5.910556	0.714620	8.319199	0.005586	0.020900	0.003398	-0.813010	-0.055032	0.579643	0.118152	-0.990404	0.071690	0.570136	0.126770	0.811711
17657	5.925289	0.771807	8.329898	0.004684	0.010656	-0.003068	-0.813067	-0.054998	0.579566	0.118141	-0.990401	0.071755	0.570056	0.126812	0.811760
17658	6.039447	0.733407	8.305225	0.002410	0.021700	0.002243	-0.813245	-0.054897	0.579326	0.118051	-0.990404	0.071866	0.569821	0.126835	0.811922
17659	5.975254	0.693897	8.273067	0.004344	0.030745	0.002607	-0.813411	-0.054944	0.579089	0.118084	-0.990397	0.071896	0.569578	0.126862	0.812088
17660	5.972169	0.671528	8.284446	0.004946	0.036775	0.004782	-0.813543	-0.055106	0.578888	0.118172	-0.990394	0.071796	0.569371	0.126818	0.812240
17661	5.930146	0.664610	8.331390	0.006667	0.037183	0.001040	-0.813746	-0.055146	0.578599	0.118206	-0.990386	0.071854	0.569073	0.126865	0.812441
17662	5.896083	0.618973	8.285661	0.004988	0.034570	0.004889	-0.813944	-0.055109	0.578324	0.118166	-0.990385	0.071935	0.568799	0.126889	0.812630
17663	5.938266	0.505119	8.268638	0.011565	0.036794	-0.001534	-0.814148	-0.055123	0.578035	0.118207	-0.990372	0.072047	0.568498	0.126985	0.812825
17664	5.904699	0.535527	8.275297	0.020330	0.034802	-0.007023	-0.814343	-0.055162	0.577757	0.118284	-0.990354	0.072165	0.568203	0.127107	0.813012
17665	5.879595	0.654785	8.303670	0.018490	0.038621	-0.009981	-0.814567	-0.055095	0.577448	0.118295	-0.990337	0.072383	0.567880	0.127270	0.813213
17666	5.908316	0.748101	8.334599	0.023894	0.031398	-0.007785	-0.814681	-0.055045	0.577292	0.118335	-0.990319	0.072568	0.567708	0.127433	0.813307
17667	5.929061	0.775617	8.334229	0.020372	0.032600	-0.006906	-0.814866	-0.055001	0.577034	0.118382	-0.990297	0.072782	0.567432	0.127618	0.813471
17668	5.871969	0.758718	8.352013	0.020067	0.030794	-0.004770	-0.814933	-0.054872	0.576952	0.118350	-0.990286	0.072985	0.567342	0.127760	0.813511
17669	5.854730	0.823661	8.377194	0.018816	0.023356	-0.002776	-0.815061	-0.054856	0.576773	0.118421	-0.990264	0.073164	0.567144	0.127935	0.813622
17670	5.706540	0.817680	8.355459	0.011635	0.015102	0.001466	-0.815051	-0.054750	0.576796	0.118381	-0.990260	0.073284	0.567166	0.128012	0.813594
17671	5.689686	0.746285	8.435598	0.005613	-0.018281	0.002659	-0.814936	-0.054735	0.576961	0.118422	-0.990253	0.073323	0.567323	0.128078	0.813474
17672	5.891645	0.571346	8.274535	0.014774	-0.022889	-0.004762	-0.814765	-0.054584	0.577216	0.118392	-0.990245	0.073474	0.567575	0.128202	0.813279
17673	5.622628	0.628391	8.457847	0.022293	-0.032322	-0.008248	-0.814583	-0.054442	0.577487	0.118438	-0.990222	0.073712	0.567827	0.128441	0.813066
17674	5.983450	0.715419	8.353930	0.021771	-0.060057	-0.007429	-0.814209	-0.054146	0.578041	0.118378	-0.990208	0.073989	0.568375	0.128670	0.812646
17675	5.964720	0.714955	8.343276	0.021517	-0.046786	-0.007984	-0.813944	-0.053987	0.578430	0.118421	-0.990186	0.074220	0.568746	0.128909	0.812349
17676	6.030529	0.726822	8.303027	0.016534	-0.041968	-0.005585	-0.813709	-0.053931	0.578765	0.118479	-0.990172	0.074308	0.569069	0.129037	0.812102
17677	6.010410	0.725691	8.293408	0.014945	-0.031719	-0.004350	-0.813525	-0.053828	0.579033	0.118516	-0.990156	0.074464	0.569325	0.129203	0.811896
17678	6.026155	0.574060	8.305929	0.012931	-0.019066	-0.007707	-0.813389	-0.053731	0.579234	0.118503	-0.990151	0.074558	0.569523	0.129285	0.811745
17679	6.051651	0.668677	8.274405	0.018687	-0.009408	-0.010349	-0.813338	-0.053598	0.579317	0.118511	-0.990133	0.074779	0.569593	0.129476	0.811665
17680	6.205655	0.699484	8.346568	0.022427	0.012900	-0.016357	-0.813342	-0.053372	0.579333	0.118424	-0.990124	0.075041	0.569606	0.129641	0.811629
17681	6.118465	0.734739	8.359482	0.025337	0.045067	-0.012158	-0.813604	-0.053291	0.578973	0.118456	-0.990098	0.075327	0.569225	0.129869	0.811860
17682	6.028359	0.672687	8.331191	0.028427	0.065980	-0.013981	-0.813929	-0.053247	0.578520	0.118480	-0.990077	0.075565	0.568755	0.130048	0.812161
17683	5.799090	0.774271	8.435063	0.029848	0.064585	-0.015567	-0.814305	-0.053158	0.577998	0.118510	-0.990047	0.075907	0.568211	0.130310	0.812500
17684	5.810996	0.849175	8.357688	0.024181	0.050509	-0.012719	-0.814581	-0.053053	0.577618	0.118488	-0.990030	0.076163	0.567819	0.130482	0.812746
17685	5.784083	0.848663	8.352766	0.016744	0.038239	-0.006240	-0.814796	-0.053023	0.577318	0.118518	-0.990013	0.076345	0.567504	0.130628	0.812942
17686	5.767284	0.957948	8.358841	0.008059	0.018526	0.002225	-0.814737	-0.053056	0.577398	0.118547	-0.990012	0.076305	0.567583	0.130617	0.812889
17687	5.765878	0.860111	8.316829	-0.007369	0.003010	0.010278	-0.814731	-0.053143	0.577398	0.118575	-0.990017	0.076195	0.567585	0.130543	0.812900
17688	5.881965	0.819902	8.291735	-0.011285	-0.010462	0.015880	-0.814651	-0.053219	0.577505	0.118572	-0.990031	0.076028	0.567701	0.130412	0.812839
17689	5.720690	0.701324	8.197099	-0.008748	-0.015079	0.014791	-0.814537	-0.053326	0.577655	0.118629	-0.990035	0.075881	0.567853	0.130334	0.812746
17690	5.651541	0.639779	8.363162	0.003340	-0.044204	0.007168	-0.814314	-0.053377	0.577965	0.118708	-0.990030	0.075820	0.568156	0.130351	0.812532
17691	5.640169	0.665701	8.483023	0.010860	-0.070912	0.006524	-0.813893	-0.053330	0.578562	0.118810	-0.990013	0.075879	0.568737	0.130496	0.812101
17692	5.711921	0.915911	8.506757	0.007346	-0.106684	0.006630	-0.813272	-0.053313	0.579436	0.118917	-0.990005	0.075818	0.569603	0.130566	0.811483
17693	5.830534	0.878534	8.415162	-0.001194	-0.135415	0.009065	-0.812479	-0.053207	0.580558	0.118971	-0.990003	0.075764	0.570722	0.130626	0.810687
17694	5.849226	0.778562	8.423539	-0.005784	-0.150453	0.012442	-0.811481	-0.053089	0.581963	0.118985	-0.990014	0.075598	0.572138	0.130591	0.809694
17695	5.824926	0.859897	8.421287	-0.014236	-0.166299	0.012334	-0.810503	-0.052975	0.583335	0.118990	-0.990027	0.075419	0.573522	0.130538	0.808723
17696	5.869834	0.760826	8.434876	-0.023831	-0.189131	0.027352	-0.809439	-0.052930	0.584814	0.119007	-0.990048	0.075109	0.575018	0.130393	0.807683
17697	5.873404	0.962083	8.471082	-0.046765	-0.202378	0.019939	-0.808239	-0.052846	0.586479	0.118885	-0.990100	0.074624	0.576729	0.130037	0.806520
17698	6.167577	0.808868	8.620085	-0.053875	-0.205701	0.037310	-0.807074	-0.053023	0.588064	0.118901	-0.990152	0.073906	0.578354	0.129570	0.805431
17699	6.303505	1.151346	8.502412	-0.082126	-0.165146	0.054060	-0.806043	-0.053327	0.589449	0.118849	-0.990230	0.072935	0.579801	0.128844	0.804506
17700	5.947119	1.018140	8.832626	-0.149506	-0.141292	0.081674	-0.805114	-0.053906	0.590665	0.118587	-0.990384	0.071255	0.581144	0.127413	0.803765
17701	4.121281	2.071011	10.541514	-0.333016	-0.207487	-0.007409	-0.803904	-0.053554	0.592343	0.116575	-0.990808	0.068632	0.583222	0.124226	0.802758
17702	3.972767	-0.411422	9.245232	-0.020778	-0.498033	0.218281	-0.800762	-0.055003	0.596451	0.118125	-0.990720	0.067227	0.587219	0.124289	0.799829
17703	4.546672	2.069652	9.655577	-0.176631	-0.704422	0.234477	-0.796317	-0.056437	0.602241	0.118942	-0.990809	0.064421	0.593070	0.122932	0.795711
17704	4.407242	0.981733	10.373193	-0.112512	-0.955104	0.321879	-0.790295	-0.058394	0.609938	0.120764	-0.990767	0.061620	0.600708	0.122357	0.790050
17705	4.562479	1.327990	10.514541	0.012665	-1.231798	0.419299	-0.782311	-0.061016	0.619892	0.124125	-0.990502	0.059151	0.610395	0.123218	0.782455
17706	4.825167	1.028443	10.023152	0.046502	-1.566590	0.488671	-0.772224	-0.063849	0.632134	0.128150	-0.990142	0.056540	0.622292	0.124669	0.772794
17707	7.255320	2.477446	9.860617	0.243847	-1.922223	0.663768	-0.759241	-0.067969	0.647251	0.134755	-0.989397	0.054173	0.636706	0.128351	0.760349
17708	8.892518	9.885311	12.209346	-0.260070	-1.978899	0.942796	-0.745577	-0.074644	0.662226	0.140094	-0.989058	0.046243	0.651528	0.127252	0.747876
17709	8.434500	8.292594	11.030345	-1.337816	-1.833264	1.021379	-0.732057	-0.082507	0.676229	0.138808	-0.989880	0.029492	0.666952	0.115456	0.736101
17710	5.870581	5.367335	10.362222	-1.916042	-1.520755	1.095244	-0.720687	-0.091608	0.687181	0.133869	-0.990964	0.008291	0.680212	0.097967	0.726439
17711	4.655471	1.224120	11.736151	-1.809583	-1.337603	0.500818	-0.710852	-0.095356	0.696848	0.125023	-0.992120	-0.008225	0.692141	0.081275	0.717172
17712	5.169750	1.894228	12.883250	-0.730380	-0.982020	-0.212255	-0.704375	-0.092394	0.703789	0.118454	-0.992889	-0.011795	0.699875	0.075059	0.710311
17713	3.133375	3.241780	12.604517	-0.314891	-0.522574	-0.519303	-0.701298	-0.086831	0.707560	0.112581	-0.993589	-0.010348	0.703922	0.072401	0.706578
17714	0.816717	3.792627	12.035631	-0.341856	-0.170700	-0.546292	-0.700791	-0.081253	0.708724	0.106454	-0.994279	-0.008728	0.705379	0.069330	0.705431
17715	-0.517149	1.472180	11.274157	-0.406687	0.078769	-0.398131	-0.701750	-0.077327	0.708214	0.100782	-0.994870	-0.008764	0.705259	0.065225	0.705943
17716	-0.610157	-1.342606	11.122002	-0.175958	0.327158	-0.208948	-0.704400	-0.075425	0.705784	0.098194	-0.995132	-0.008346	0.702978	0.063425	0.708378
17717	-0.157097	-2.151569	11.370319	0.256581	0.626632	-0.010119	-0.708792	-0.075710	0.701343	0.099908	-0.994976	-0.006438	0.698307	0.065507	0.712795
17718	0.401011	-1.423199	11.550213	0.585297	0.973353	0.217195	-0.715507	-0.078501	0.694181	0.105606	-0.994402	-0.003602	0.690577	0.070733	0.719792
17719	0.802258	-0.918508	11.463049	0.742288	1.318479	0.458300	-0.724033	-0.084012	0.684630	0.113980	-0.993482	-0.001371	0.680283	0.077042	0.728889
17720	1.318801	-0.939340	11.130290	0.833757	1.637988	0.635155	-0.734522	-0.091589	0.672375	0.124265	-0.992249	0.000588	0.667110	0.083985	0.740210
17721	1.747674	-0.819289	10.860994	0.918336	1.896130	0.710337	-0.746097	-0.100275	0.658243	0.135568	-0.990764	0.002731	0.651890	0.091274	0.752801
17722	2.213281	0.012915	10.591126	0.927928	2.087725	0.680615	-0.758819	-0.108778	0.642154	0.146453	-0.989202	0.005493	0.634622	0.098214	0.766556
17723	2.572027	0.728724	10.399260	0.817134	2.208424	0.561763	-0.771778	-0.116543	0.625121	0.155852	-0.987746	0.008267	0.616497	0.103806	0.780484
17724	3.011203	1.073664	10.276049	0.633255	2.251192	0.366078	-0.785133	-0.122258	0.607140	0.162258	-0.986686	0.011140	0.597695	0.107259	0.794517
17725	3.526726	1.183865	10.041735	0.443894	2.243781	0.099350	-0.798168	-0.125644	0.589187	0.165643	-0.986085	0.014114	0.579215	0.108860	0.807874
17726	3.860694	1.454564	9.698113	0.248984	2.177369	-0.201286	-0.811225	-0.125470	0.571114	0.164819	-0.986169	0.017458	0.561024	0.108293	0.820685
17727	3.845470	1.906387	9.298540	0.017032	2.037796	-0.517921	-0.823326	-0.122524	0.554186	0.160666	-0.986795	0.020524	0.544354	0.105937	0.832140
17728	3.761999	1.968008	8.916589	-0.233935	1.839544	-0.803713	-0.834747	-0.115981	0.538281	0.152186	-0.988082	0.023107	0.529186	0.101207	0.842449
17729	3.860602	1.590053	8.606468	-0.438836	1.583453	-1.055903	-0.844569	-0.107074	0.524632	0.141010	-0.989692	0.025014	0.516545	0.095105	0.850962
17730	4.311153	1.236765	8.557623	-0.551236	1.308142	-1.281862	-0.853225	-0.095195	0.512781	0.126918	-0.991543	0.027106	0.505864	0.088209	0.858091
17731	5.079122	0.907719	8.518399	-0.601282	1.060143	-1.458661	-0.860277	-0.081598	0.503255	0.111389	-0.993343	0.029351	0.497510	0.081307	0.863639
17732	5.882456	0.360072	8.583038	-0.581794	0.851893	-1.581690	-0.866326	-0.066369	0.495049	0.094713	-0.994979	0.032354	0.490416	0.074917	0.868262
17733	6.567121	-0.102549	8.612127	-0.497524	0.681403	-1.670200	-0.871084	-0.050213	0.488560	0.077762	-0.996313	0.036250	0.484939	0.069568	0.871777
17734	7.305761	-0.456472	8.621831	-0.385788	0.537868	-1.715324	-0.875044	-0.033743	0.482866	0.061274	-0.997264	0.041350	0.480149	0.065770	0.874718
17735	7.791777	-0.412353	8.533553	-0.278047	0.433507	-1.726542	-0.878027	-0.016779	0.478316	0.044795	-0.997879	0.047223	0.476510	0.062889	0.876917
17736	8.025485	-0.332411	8.476717	-0.232869	0.340149	-1.678053	-0.880432	-0.000765	0.474171	0.029569	-0.998141	0.053292	0.473249	0.060941	0.878818
17737	8.421749	-0.660899	8.406003	-0.207071	0.268372	-1.582000	-0.882043	0.014884	0.470935	0.014635	-0.998153	0.058958	0.470942	0.058895	0.880196
17738	8.836505	-1.009595	8.398260	-0.146460	0.210838	-1.474646	-0.883304	0.029485	0.467872	0.000947	-0.997906	0.064675	0.468800	0.057571	0.881426
17739	9.498112	-1.171626	8.283056	-0.094246	0.195201	-1.346800	-0.884140	0.042830	0.465255	-0.011411	-0.997472	0.070138	0.467082	0.056703	0.882394
17740	10.536331	-1.356730	8.096049	-0.063802	0.242394	-1.216397	-0.885201	0.054835	0.461965	-0.022472	-0.996910	0.075273	0.464665	0.056250	0.883698
17741	11.847384	-1.196770	7.712624	-0.081338	0.363652	-1.078843	-0.886582	0.065402	0.457925	-0.032421	-0.996305	0.079525	0.461434	0.055660	0.885427
17742	12.912926	-0.987835	7.072870	-0.168671	0.575125	-0.912618	-0.888997	0.074194	0.451862	-0.041319	-0.995758	0.082210	0.456045	0.054415	0.888292
17743	13.310092	-0.811889	6.401431	-0.305723	0.845779	-0.715484	-0.892491	0.080886	0.443753	-0.049089	-0.995365	0.082703	0.448386	0.052028	0.892325
17744	12.983011	-0.735296	5.723830	-0.450455	1.084745	-0.484482	-0.897128	0.085188	0.433479	-0.055457	-0.995186	0.080803	0.438275	0.048451	0.897534
17745	12.031311	-0.950586	4.821827	-0.556823	1.245142	-0.248245	-0.902363	0.087102	0.422083	-0.060114	-0.995228	0.076861	0.426764	0.043983	0.903293
17746	10.790994	-1.021988	4.025315	-0.582325	1.293736	-0.016063	-0.907846	0.086755	0.410231	-0.062756	-0.995455	0.071637	0.414581	0.039291	0.909164
17747	9.235111	-1.134440	3.347092	-0.531629	1.215139	0.191596	-0.912928	0.084414	0.399295	-0.063201	-0.995815	0.066024	0.403197	0.035039	0.914442
17748	7.071764	-2.706003	2.426596	-0.419434	0.879240	0.360182	-0.916688	0.080573	0.391397	-0.061638	-0.996250	0.060726	0.394822	0.031542	0.918216
17749	3.847197	-1.163704	-2.499935	0.188196	0.066876	0.236009	-0.917087	0.078218	0.390940	-0.058747	-0.996374	0.061540	0.394336	0.033471	0.918357
17750	2.455299	0.832918	-2.703474	0.309208	-0.781133	0.193375	-0.914101	0.076611	0.398183	-0.055823	-0.996415	0.063560	0.401625	0.035873	0.915101
17751	4.325622	2.538717	-1.248681	0.224571	-1.593479	0.060047	-0.907611	0.076611	0.412764	-0.054373	-0.996378	0.065374	0.416277	0.036891	0.908489
17752	7.598737	2.278265	1.340931	0.154474	-2.116596	-0.195629	-0.898493	0.079377	0.431752	-0.055540	-0.996168	0.067564	0.435461	0.036727	0.899458
17753	10.021751	0.996448	9.612108	0.401467	-1.995900	-0.448662	-0.889359	0.084621	0.449311	-0.057781	-0.995646	0.073144	0.453544	0.039089	0.890376
17754	16.511994	1.364697	17.231946	0.425461	-1.302549	-0.693538	-0.882948	0.092083	0.460352	-0.062017	-0.994860	0.080053	0.465357	0.042133	0.884120
17755	16.768284	0.799721	14.253929	0.177200	-0.222319	-0.699821	-0.881450	0.099157	0.461751	-0.067379	-0.994113	0.084855	0.467446	0.043683	0.882942
17756	7.516111	-0.715671	7.970145	0.014895	0.274836	-0.445771	-0.882389	0.103499	0.458997	-0.071288	-0.993653	0.087013	0.465089	0.044058	0.884167
17757	0.899195	-1.835560	6.008924	0.092705	0.114101	-0.039266	-0.882883	0.103857	0.457964	-0.071219	-0.993569	0.088023	0.464161	0.045098	0.884602
17758	-0.894666	-2.154758	8.658482	0.187657	-0.391549	0.276600	-0.881215	0.101327	0.461728	-0.067970	-0.993767	0.088363	0.467803	0.046483	0.882609
17759	2.463393	-1.500464	9.758682	0.318544	-0.726634	0.317280	-0.877993	0.098539	0.468421	-0.063693	-0.993930	0.089703	0.474417	0.048923	0.878940
17760	3.393774	1.543069	8.592844	0.367505	-0.887092	0.178551	-0.873832	0.097259	0.476401	-0.060463	-0.993921	0.092010	0.482454	0.051597	0.874401
17761	4.178132	3.511119	7.719479	0.303629	-1.096078	0.043982	-0.868509	0.097417	0.486007	-0.058615	-0.993802	0.094455	0.492196	0.053548	0.868836
17762	5.991565	4.242221	9.125844	0.193028	-1.222636	-0.032221	-0.862382	0.098436	0.496596	-0.058007	-0.993667	0.096232	0.502924	0.054182	0.862631
17763	7.818725	3.731428	9.679114	0.012074	-1.149757	-0.030011	-0.856517	0.099370	0.506463	-0.058219	-0.993629	0.096496	0.512825	0.053165	0.856845
17764	7.593737	2.498518	8.914948	-0.130173	-1.016975	0.037506	-0.851252	0.099555	0.515227	-0.058616	-0.993734	0.095170	0.521473	0.050813	0.851753
17765	6.912170	1.436731	8.799439	-0.200134	-0.949710	0.126758	-0.846327	0.098782	0.523423	-0.058606	-0.993956	0.092822	0.529429	0.047882	0.847002
17766	7.586148	-0.080570	9.495994	-0.206897	-0.914039	0.169129	-0.841520	0.097550	0.531345	-0.058316	-0.994218	0.090170	0.537069	0.044894	0.842343
17767	7.251902	-1.037618	9.581905	-0.075629	-0.804387	0.106793	-0.837226	0.096861	0.538210	-0.057843	-0.994353	0.088974	0.543789	0.043360	0.838101
17768	6.606166	-0.386760	9.223411	-0.080111	-0.771775	0.076801	-0.833012	0.096454	0.544782	-0.057689	-0.994461	0.087859	0.550239	0.041760	0.833962
17769	7.831846	1.685526	10.030504	0.038823	-0.788403	0.082676	-0.828686	0.095979	0.551423	-0.056802	-0.994523	0.087740	0.556824	0.041387	0.829599
17770	9.558957	0.632052	7.990071	-0.526814	-0.325217	0.138331	-0.826911	0.094756	0.554291	-0.058649	-0.994858	0.082576	0.559265	0.035774	0.828216
17771	5.796132	0.097473	8.974914	-0.110331	-0.309448	0.044814	-0.825194	0.094438	0.556899	-0.058912	-0.994937	0.081425	0.561769	0.034383	0.826579
17772	7.208791	-0.430955	9.044441	-0.088988	-0.136998	0.031518	-0.824397	0.094199	0.558118	-0.059210	-0.994996	0.080477	0.562906	0.033299	0.825850
17773	6.192783	0.764996	8.193733	-0.041146	-0.091031	-0.027887	-0.823859	0.094525	0.558858	-0.059686	-0.994982	0.080304	0.563644	0.032803	0.825366
17774	5.291921	1.464771	8.260426	-0.081665	-0.048410	0.008635	-0.823544	0.094485	0.559328	-0.060139	-0.995016	0.079537	0.564056	0.031865	0.825121
17775	5.203716	1.495741	8.506404	-0.107660	-0.121005	0.022727	-0.822865	0.094316	0.560355	-0.060574	-0.995070	0.078533	0.564999	0.030679	0.824521
17776	5.484440	1.595548	8.336666	-0.148594	-0.165051	0.043803	-0.821913	0.093957	0.561811	-0.061110	-0.995154	0.077027	0.566326	0.028977	0.823672
17777	5.605374	1.548147	8.352487	-0.171581	-0.193832	0.074954	-0.820850	0.093284	0.563474	-0.061482	-0.995271	0.075203	0.567824	0.027087	0.822704
17778	5.893372	1.197270	8.320641	-0.161466	-0.200484	0.084073	-0.819718	0.092526	0.565244	-0.061759	-0.995390	0.073374	0.569428	0.025237	0.821654
17779	6.706639	-1.081009	9.147206	-0.074815	-0.192907	0.018003	-0.818620	0.092413	0.566852	-0.062053	-0.995424	0.072668	0.570973	0.024313	0.820608
17780	5.948897	0.730251	8.072415	0.020163	-0.183408	-0.015201	-0.817517	0.092636	0.568405	-0.062117	-0.995404	0.072886	0.572544	0.024278	0.819514
17781	5.881203	0.739992	8.378378	-0.010482	-0.159720	-0.016922	-0.816582	0.092862	0.569711	-0.062330	-0.995389	0.072907	0.573855	0.024024	0.818605
17782	6.065732	0.265324	8.422085	0.006022	-0.148638	-0.027984	-0.815666	0.093203	0.570966	-0.062578	-0.995361	0.073082	0.575129	0.023880	0.817714
17783	6.024021	0.851682	8.325787	0.015371	-0.139876	-0.035091	-0.814829	0.093604	0.572094	-0.062791	-0.995323	0.073419	0.576291	0.023902	0.816895
17784	6.163544	0.996298	8.305457	0.006233	-0.116230	-0.026631	-0.814097	0.093924	0.573083	-0.063027	-0.995295	0.073587	0.577299	0.023787	0.816186
17785	6.087916	0.866599	8.326739	0.007010	-0.084902	-0.009018	-0.813591	0.094053	0.573780	-0.063075	-0.995283	0.073707	0.578006	0.023776	0.815686
17786	5.899525	0.813794	8.313511	0.011343	-0.082380	-0.009707	-0.813064	0.094195	0.574504	-0.063142	-0.995270	0.073823	0.578741	0.023747	0.815166
17787	5.955633	0.676089	8.336288	0.012192	-0.072792	-0.013189	-0.812624	0.094363	0.575098	-0.063193	-0.995253	0.074008	0.579352	0.023799	0.814730
17788	5.876216	0.736171	8.472495	0.034251	-0.076607	-0.023305	-0.812121	0.094639	0.575763	-0.063237	-0.995222	0.074389	0.580053	0.024003	0.814225
17789	5.876169	0.849103	8.491032	0.024689	-0.087027	-0.020217	-0.811593	0.094880	0.576467	-0.063273	-0.995195	0.074717	0.580787	0.024165	0.813697
17790	6.056229	0.840174	8.286026	0.014724	-0.093043	-0.017091	-0.810998	0.095099	0.577269	-0.063379	-0.995175	0.074904	0.581606	0.024161	0.813111
17791	6.159306	0.817859	8.243569	0.010525	-0.065454	-0.007214	-0.810603	0.095205	0.577806	-0.063391	-0.995163	0.075042	0.582156	0.024202	0.812717
17792	6.050465	0.855245	8.240699	0.009652	-0.058876	0.000891	-0.810216	0.095236	0.578342	-0.063379	-0.995161	0.075085	0.582694	0.024181	0.812332
17793	6.032193	0.850579	8.230087	0.006547	-0.048141	0.000361	-0.809926	0.095263	0.578744	-0.063353	-0.995158	0.075147	0.583100	0.024198	0.812040
17794	6.006247	0.724409	8.247972	0.005679	-0.041567	0.008456	-0.809645	0.095214	0.579145	-0.063301	-0.995164	0.075115	0.583496	0.024156	0.811757
17795	5.890926	0.742578	8.356883	0.011064	-0.039753	0.001905	-0.809405	0.095224	0.579479	-0.063236	-0.995161	0.075204	0.583836	0.024227	0.811510
17796	5.978502	0.811663	8.288306	0.005046	-0.046935	0.002036	-0.809089	0.095240	0.579918	-0.063240	-0.995161	0.075205	0.584274	0.024173	0.811196
17797	6.013183	0.874424	8.308049	0.004898	-0.048898	0.003977	-0.808796	0.095231	0.580328	-0.063195	-0.995162	0.075232	0.584685	0.024173	0.810900
17798	6.107612	0.833477	8.215743	-0.001293	-0.041905	0.010584	-0.808514	0.095161	0.580731	-0.063165	-0.995171	0.075132	0.585077	0.024063	0.810621
17799	6.128138	0.820420	8.250056	-0.000562	-0.030398	0.013167	-0.808335	0.095056	0.580998	-0.063078	-0.995182	0.075062	0.585334	0.024027	0.810436
17800	6.218147	0.675757	8.076930	-0.012741	-0.012221	0.016388	-0.808231	0.094921	0.581165	-0.063068	-0.995199	0.074837	0.585479	0.023833	0.810337
17801	6.249206	0.442474	8.147759	-0.002720	0.024140	0.016206	-0.808373	0.094773	0.580992	-0.062968	-0.995214	0.074731	0.585294	0.023826	0.810471
17802	6.173429	0.638438	8.153022	0.003384	0.045525	0.014491	-0.808605	0.094643	0.580690	-0.062880	-0.995226	0.074646	0.584982	0.023845	0.810695
17803	5.831448	0.722649	8.329369	0.014521	0.068955	0.008166	-0.809003	0.094564	0.580148	-0.062745	-0.995228	0.074726	0.584446	0.024053	0.811076
17804	5.698533	0.874257	8.460294	0.021334	0.039224	-0.002989	-0.809188	0.094610	0.579883	-0.062694	-0.995219	0.074888	0.584196	0.024244	0.811250
17805	5.950118	0.891265	8.313209	0.028223	0.025369	-0.003491	-0.809324	0.094657	0.579685	-0.062573	-0.995207	0.075148	0.584020	0.024546	0.811368
17806	5.823534	0.895171	8.374098	0.028074	0.023405	-0.001554	-0.809418	0.094692	0.579549	-0.062470	-0.995198	0.075358	0.583901	0.024792	0.811446
17807	5.912416	0.688808	8.327430	0.014396	0.000200	-0.000001	-0.809409	0.094711	0.579557	-0.062401	-0.995193	0.075485	0.583920	0.024933	0.811428
17808	6.346275	-0.067537	8.014649	0.016874	0.018608	-0.004850	-0.809473	0.094780	0.579456	-0.062390	-0.995183	0.075623	0.583832	0.025063	0.811487
17809	6.252748	0.207299	8.101691	0.055807	0.059838	-0.021081	-0.809800	0.094993	0.578965	-0.062250	-0.995147	0.076209	0.583395	0.025673	0.811783
17810	6.095518	0.819137	8.216737	0.057169	0.097597	-0.029690	-0.810308	0.095290	0.578205	-0.062211	-0.995103	0.076812	0.582693	0.026271	0.812268
17811	5.786334	0.926055	8.430361	0.056362	0.091956	-0.021903	-0.810820	0.095502	0.577451	-0.062076	-0.995065	0.077407	0.581994	0.026917	0.812748
17812	5.819327	0.925720	8.397336	0.046452	0.061708	-0.025590	-0.811122	0.095767	0.576984	-0.062066	-0.995027	0.077901	0.581575	0.027376	0.813032
17813	5.766369	0.941846	8.459246	0.030403	0.046275	-0.014339	-0.811372	0.095915	0.576607	-0.062021	-0.995003	0.078241	0.581230	0.027720	0.813267
17814	5.860554	0.857482	8.386478	0.020360	0.026037	-0.009672	-0.811477	0.096031	0.576440	-0.062032	-0.994988	0.078433	0.581083	0.027888	0.813366
17815	5.787083	0.992560	8.432495	0.015665	-0.002698	-0.005779	-0.811448	0.096108	0.576468	-0.062004	-0.994976	0.078603	0.581126	0.028039	0.813330
17816	6.010935	1.071639	8.255310	-0.002038	-0.018903	0.009013	-0.811304	0.096049	0.576681	-0.061992	-0.994984	0.078507	0.581329	0.027943	0.813189
17817	5.906826	0.871134	8.238150	-0.001420	-0.013512	0.015451	-0.811225	0.095918	0.576813	-0.061891	-0.994998	0.078416	0.581449	0.027914	0.813104
17818	5.827226	0.778811	8.310209	-0.001248	-0.019628	0.011253	-0.811079	0.095837	0.577033	-0.061854	-0.995008	0.078315	0.581658	0.027828	0.812958
17819	5.815013	0.537648	8.284570	0.014435	-0.030406	0.003204	-0.810894	0.095833	0.577293	-0.061760	-0.995005	0.078423	0.581925	0.027940	0.812762
17820	5.734860	0.638267	8.386491	0.035714	-0.041583	-0.011388	-0.810606	0.095983	0.577672	-0.061693	-0.994983	0.078753	0.582333	0.028200	0.812461
17821	5.836678	0.785015	8.384106	0.049557	-0.058996	-0.018102	-0.810241	0.096199	0.578147	-0.061567	-0.994950	0.079270	0.582854	0.028633	0.812073
17822	5.712559	1.004044	8.462812	0.039720	-0.081423	-0.013390	-0.809720	0.096382	0.578847	-0.061492	-0.994925	0.079643	0.583585	0.028894	0.811538
17823	5.704006	1.019211	8.501052	0.031661	-0.119484	-0.010617	-0.809006	0.096541	0.579818	-0.061409	-0.994904	0.079970	0.584584	0.029090	0.810812
17824	5.552584	0.965685	8.633550	0.010059	-0.156263	-0.013621	-0.808046	0.096747	0.581121	-0.061507	-0.994887	0.080106	0.585900	0.028987	0.809865
17825	5.669977	1.126441	8.513502	-0.010146	-0.198633	-0.002073	-0.806870	0.096844	0.582737	-0.061600	-0.994886	0.080046	0.587509	0.028690	0.808709
17826	5.717424	0.686407	8.571411	-0.031842	-0.241474	-0.000987	-0.805412	0.096947	0.584733	-0.061839	-0.994893	0.079772	0.589480	0.028090	0.807294
17827	5.691509	0.988960	8.648174	-0.027259	-0.271644	0.001838	-0.803799	0.097023	0.586935	-0.062002	-0.994901	0.079551	0.591661	0.027552	0.805716
17828	5.617588	1.157872	8.737729	-0.057742	-0.321886	0.026981	-0.801873	0.096866	0.589590	-0.062171	-0.994941	0.078906	0.594251	0.026617	0.803839
17829	5.671389	1.008333	8.923369	-0.108534	-0.381390	0.046564	-0.799620	0.096520	0.592698	-0.062461	-0.995013	0.077769	0.597249	0.025165	0.801661
17830	5.504357	1.322653	9.064255	-0.169994	-0.439947	0.063667	-0.796993	0.096016	0.596308	-0.063013	-0.995114	0.076012	0.600693	0.023006	0.799149
17831	1.034350	1.545169	11.609347	-0.114244	-0.606281	0.200264	-0.793452	0.094176	0.601303	-0.062125	-0.995328	0.073911	0.605454	0.021289	0.795595
17832	5.146809	1.595685	9.909147	0.024037	-1.175437	0.268949	-0.786422	0.091766	0.610835	-0.059891	-0.995572	0.072459	0.614780	0.020400	0.788435
17833	3.702187	0.224208	10.192455	-0.056339	-1.445432	0.343031	-0.777645	0.088651	0.622422	-0.057574	-0.995890	0.069912	0.626062	0.018532	0.779553
17834	4.555577	-0.400422	10.579950	0.132565	-1.743196	0.302887	-0.766768	0.085977	0.636141	-0.054431	-0.996129	0.069022	0.639613	0.018298	0.768479
17835	3.689059	-0.971608	10.900889	0.196278	-2.204258	0.246909	-0.752602	0.083940	0.653103	-0.051299	-0.996301	0.068935	0.656474	0.018377	0.754125
17836	4.024685	0.948734	12.105986	0.203490	-2.812726	0.248295	-0.733959	0.082000	0.674226	-0.048146	-0.996469	0.068780	0.677485	0.018021	0.735316
17837	4.104427	0.076590	12.284075	0.159170	-3.451079	0.289771	-0.710268	0.079732	0.699401	-0.044970	-0.996675	0.067953	0.702493	0.016813	0.711492
17838	4.410565	1.401734	13.160495	0.085666	-4.154992	0.394215	-0.680657	0.076470	0.728601	-0.041667	-0.996968	0.065710	0.731417	0.014367	0.681779
17839	6.560964	2.305417	13.411079	0.126937	-4.901782	0.580015	-0.644215	0.071350	0.761509	-0.036889	-0.997379	0.062243	0.763954	0.012006	0.645159
17840	10.154030	3.261434	14.676205	0.067620	-5.176902	0.725843	-0.604103	0.064672	0.794278	-0.031876	-0.997865	0.057004	0.796268	0.009118	0.604875
17841	11.114665	5.005592	15.678387	-0.075254	-4.922369	0.767418	-0.564409	0.057386	0.823498	-0.028014	-0.998338	0.050369	0.825020	0.005359	0.565079
17842	9.376628	7.063072	13.308272	-0.160714	-4.874896	0.710587	-0.523783	0.050469	0.850355	-0.025512	-0.998725	0.043561	0.851469	0.001122	0.524403
17843	10.399242	14.044703	17.172509	-1.161511	-4.855229	0.753207	-0.482051	0.042681	0.875103	-0.031767	-0.999007	0.031225	0.875567	-0.012748	0.482929
17844	24.533131	5.117566	23.200931	-2.221598	-3.845380	-0.100066	-0.448095	0.042793	0.892961	-0.051804	-0.998418	0.021852	0.892484	-0.036467	0.449603
17845	9.596478	-0.726665	21.138248	-1.425717	-2.237826	-0.806572	-0.427523	0.049874	0.902628	-0.068134	-0.997415	0.022840	0.901433	-0.051735	0.429816
17846	1.149987	0.372730	17.164960	-0.568454	-1.554142	-1.038605	-0.412841	0.059448	0.908861	-0.077557	-0.996538	0.029953	0.907495	-0.058122	0.416022
17847	-2.340520	0.514910	14.970530	-0.515165	-1.360240	-0.658019	-0.399913	0.065189	0.914232	-0.084929	-0.995812	0.033856	0.912610	-0.064105	0.403774
17848	-1.664049	-2.320103	16.200149	-0.608430	-1.010266	0.053826	-0.390912	0.064053	0.918197	-0.090195	-0.995440	0.031042	0.915998	-0.070683	0.394907
17849	-0.524192	-5.498175	17.346428	-0.323193	-0.251183	0.694377	-0.389222	0.056976	0.919380	-0.090457	-0.995625	0.023405	0.916692	-0.074055	0.392673
17850	-1.759651	-5.402932	16.656832	0.222925	0.719493	1.219403	-0.397117	0.045420	0.916644	-0.083572	-0.996415	0.013166	0.913955	-0.071377	0.399489
17851	-3.751751	-3.392918	15.043351	0.549044	1.581969	1.637601	-0.412787	0.030192	0.910327	-0.071948	-0.997408	0.000456	0.907981	-0.065308	0.413890
17852	-4.428812	-2.348319	13.362757	0.631837	2.262249	1.921987	-0.434775	0.012462	0.900453	-0.058076	-0.998211	-0.014226	0.898665	-0.058480	0.434721
17853	-3.758049	-2.629744	11.892916	0.710282	2.844661	2.015316	-0.461167	-0.006082	0.887292	-0.042717	-0.998665	-0.029047	0.886284	-0.051298	0.460292
17854	-2.825354	-2.384101	10.492118	0.855361	3.361242	1.932138	-0.491695	-0.023752	0.870443	-0.025992	-0.998782	-0.041936	0.870379	-0.043245	0.490479
17855	-2.362879	-1.722475	9.326095	0.915711	3.770220	1.720661	-0.524449	-0.039439	0.850528	-0.009375	-0.998599	-0.052086	0.851390	-0.035290	0.523345
17856	-1.949491	-1.520056	8.436838	0.880813	4.032258	1.408732	-0.558721	-0.052187	0.827712	0.005650	-0.998235	-0.059125	0.829336	-0.028358	0.558030
17857	-1.085399	-1.570714	8.108260	0.806913	4.182595	1.026806	-0.592776	-0.061351	0.803028	0.018146	-0.997859	-0.062841	0.805163	-0.022678	0.592619
17858	0.325533	-2.538384	8.284990	0.708435	4.269294	0.590426	-0.626813	-0.066330	0.776341	0.027336	-0.997629	-0.063166	0.778690	-0.018372	0.627140
17859	2.767740	-3.820217	8.358103	0.761694	4.354239	0.185304	-0.660043	-0.067463	0.748193	0.034340	-0.997628	-0.059660	0.750443	-0.013685	0.660794
17860	4.627271	-4.099336	8.497641	0.847284	4.441407	-0.137738	-0.693095	-0.065562	0.717859	0.039581	-0.997814	-0.052914	0.719759	-0.008261	0.694175
17861	6.489943	-4.551414	8.853608	0.829630	4.484511	-0.360544	-0.724797	-0.061695	0.686194	0.042849	-0.998091	-0.044478	0.687628	-0.002835	0.726057
17862	8.769571	-4.943645	9.329831	0.773457	4.506728	-0.439572	-0.755540	-0.057240	0.652597	0.044682	-0.998358	-0.035836	0.653577	0.002083	0.756857
17863	10.040417	-4.497251	9.259526	0.659404	4.500766	-0.303584	-0.784305	-0.054374	0.617988	0.046523	-0.998502	-0.028810	0.618628	0.006155	0.785660
17864	10.205902	-3.850316	8.547208	0.528522	4.404299	-0.026695	-0.811067	-0.054370	0.582421	0.049341	-0.998481	-0.024499	0.582869	0.008867	0.812518
17865	9.816430	-3.483767	7.951902	0.450018	4.194725	0.251038	-0.834655	-0.057275	0.547786	0.053935	-0.998298	-0.022198	0.548125	0.011017	0.836324
17866	9.560669	-3.708056	7.836286	0.551164	3.901635	0.425691	-0.855391	-0.061922	0.514269	0.060288	-0.997983	-0.019887	0.514463	0.013993	0.857398
17867	10.996597	-2.671578	7.858575	0.859418	3.534100	0.506269	-0.872693	-0.067560	0.483573	0.068933	-0.997509	-0.014960	0.483379	0.020278	0.875176
17868	14.119338	0.274382	8.125294	1.052577	3.198794	0.486569	-0.887542	-0.073077	0.454895	0.077951	-0.996925	-0.008062	0.454085	0.028304	0.890509
17869	17.961604	1.454691	7.580842	0.917070	2.936980	0.251435	-0.900275	-0.076497	0.428548	0.084221	-0.996447	-0.000940	0.427097	0.035246	0.903519
17870	21.144980	2.014071	6.369643	0.818773	2.774771	-0.184751	-0.912089	-0.075605	0.402962	0.085757	-0.996290	0.007182	0.400924	0.041108	0.915189
17871	24.380068	2.518659	4.784830	0.673265	2.712597	-0.757836	-0.923250	-0.069213	0.377914	0.081397	-0.996548	0.016343	0.375479	0.045850	0.925696
17872	26.187000	3.028483	3.374505	0.410316	2.683286	-1.421319	-0.934171	-0.056211	0.352369	0.069546	-0.997258	0.025289	0.349982	0.048130	0.935519
17873	26.220888	4.284288	1.622183	0.010852	2.590281	-1.968111	-0.944107	-0.037785	0.327467	0.051078	-0.998179	0.032085	0.325659	0.047018	0.944318
17874	25.283499	5.085517	-0.656894	-0.555157	2.399820	-2.199805	-0.952587	-0.016812	0.303801	0.028391	-0.999027	0.033737	0.302939	0.040763	0.952138
17875	23.297467	4.562517	-3.254706	-1.104904	2.103995	-2.141646	-0.959103	0.003871	0.283032	0.004661	-0.999555	0.029466	0.283021	0.029581	0.958658
17876	18.958361	2.133552	-5.745446	-1.405809	1.582610	-1.938931	-0.963358	0.022909	0.267239	-0.017860	-0.999613	0.021309	0.267623	0.015755	0.963395
