// General information: 
//  MT Manager version: 2022.2.0 
//  XDA version: 2022.2.0 build 7381 rev 124627 built on 2023-07-19
// Device information: 
//  DeviceId: 00B4CAF0
//  ProductCode: MTW2-3A7G6
//  Firmware Version: 4.6.0
//  Hardware Version: 2.0.0
// Device settings: 
//  Filter Profile: human(46.1)
//  Option Flags: Orientation Smoother Disabled, Position/Velocity Smoother Disabled, Continuous Zero Rotation Update Disabled, AHS Disabled, ICC Disabled
// Coordinate system: ENU
PacketCounter	Acc_X	Acc_Y	Acc_Z	Gyr_X	Gyr_Y	Gyr_Z	Mat[1][1]	Mat[2][1]	Mat[3][1]	Mat[1][2]	Mat[2][2]	Mat[3][2]	Mat[1][3]	Mat[2][3]	Mat[3][3]
55763	4.787698	-1.405745	8.966105	0.002260	0.005126	0.002228	-0.877022	0.124534	0.464030	-0.210329	-0.967874	-0.137770	0.431966	-0.218427	0.875040
55764	4.772467	-1.431452	8.983570	0.005840	0.002036	0.002546	-0.877022	0.124534	0.464029	-0.210323	-0.967877	-0.137760	0.431967	-0.218415	0.875042
55765	4.771173	-1.430698	9.018281	0.003475	0.003636	0.005082	-0.877034	0.124521	0.464011	-0.210315	-0.967876	-0.137782	0.431948	-0.218428	0.875048
55766	4.770950	-1.430448	9.018438	0.005372	0.000321	0.001141	-0.877024	0.124530	0.464027	-0.210323	-0.967876	-0.137769	0.431964	-0.218423	0.875042
55767	4.786635	-1.404662	8.966843	0.003209	0.003468	0.000258	-0.877026	0.124548	0.464019	-0.210342	-0.967871	-0.137772	0.431952	-0.218432	0.875046
55768	4.771533	-1.430365	8.984239	0.005639	0.000488	0.005965	-0.877027	0.124511	0.464027	-0.210307	-0.967878	-0.137779	0.431966	-0.218424	0.875040
55769	4.767612	-1.405430	9.018420	0.003007	0.001921	0.003677	-0.877029	0.124505	0.464025	-0.210310	-0.967875	-0.137799	0.431961	-0.218443	0.875039
55770	4.790698	-1.452208	9.002561	0.001215	-0.001490	0.002854	-0.877015	0.124494	0.464054	-0.210321	-0.967868	-0.137831	0.431984	-0.218480	0.875018
55771	4.753733	-1.431748	9.001168	0.004609	-0.001301	0.003141	-0.877002	0.124474	0.464084	-0.210309	-0.967870	-0.137834	0.432016	-0.218482	0.875002
55772	4.785211	-1.403161	9.001737	0.006696	0.002017	0.000560	-0.876998	0.124493	0.464085	-0.210317	-0.967872	-0.137807	0.432019	-0.218462	0.875005
55773	4.828486	-1.472277	8.969685	0.000936	0.003429	0.002808	-0.877003	0.124506	0.464072	-0.210344	-0.967861	-0.137841	0.431996	-0.218502	0.875007
55774	4.780912	-1.378170	9.036123	0.001590	0.001864	0.004243	-0.877007	0.124489	0.464070	-0.210342	-0.967857	-0.137876	0.431990	-0.218531	0.875002
55775	4.857359	-1.420083	8.935733	0.010749	0.010553	0.003611	-0.877047	0.124490	0.463995	-0.210299	-0.967873	-0.137828	0.431930	-0.218459	0.875050
55776	4.820170	-1.422201	9.004431	0.008864	0.008781	0.002773	-0.877077	0.124502	0.463935	-0.210278	-0.967882	-0.137792	0.431879	-0.218410	0.875087
55777	4.798473	-1.399085	9.021545	0.008013	0.018711	0.006085	-0.877156	0.124514	0.463782	-0.210243	-0.967892	-0.137779	0.431736	-0.218361	0.875170
55778	4.763571	-1.403160	8.987015	0.006221	0.015300	0.005262	-0.877219	0.124516	0.463661	-0.210211	-0.967899	-0.137778	0.431622	-0.218328	0.875234
55779	4.763776	-1.426422	9.022867	0.009523	0.017127	0.005535	-0.877290	0.124527	0.463525	-0.210171	-0.967912	-0.137749	0.431498	-0.218266	0.875311
55780	4.745660	-1.428120	9.006003	0.008291	0.013791	0.006131	-0.877349	0.124517	0.463416	-0.210123	-0.967924	-0.137734	0.431402	-0.218215	0.875371
55781	4.795247	-1.421472	9.025474	0.010268	0.013921	0.006985	-0.877408	0.124505	0.463307	-0.210066	-0.967941	-0.137706	0.431309	-0.218149	0.875434
55782	4.763346	-1.449631	8.991298	0.006518	0.015204	0.001856	-0.877464	0.124540	0.463191	-0.210063	-0.967944	-0.137686	0.431196	-0.218114	0.875498
55783	4.740860	-1.425993	9.042745	0.008100	0.007157	0.004775	-0.877492	0.124532	0.463142	-0.210031	-0.967954	-0.137667	0.431156	-0.218075	0.875527
55784	4.779123	-1.446952	8.975687	0.006795	0.010285	0.001904	-0.877527	0.124555	0.463069	-0.210026	-0.967958	-0.137645	0.431087	-0.218044	0.875569
55785	4.789292	-1.395636	8.993085	0.009332	0.010491	0.004178	-0.877565	0.124565	0.462994	-0.210000	-0.967968	-0.137611	0.431022	-0.217992	0.875614
55786	4.775959	-1.445102	9.011532	0.010565	0.013825	0.003581	-0.877618	0.124581	0.462888	-0.209965	-0.967983	-0.137565	0.430930	-0.217919	0.875677
55787	4.773025	-1.420715	8.977312	0.009800	0.012204	0.005581	-0.877671	0.124557	0.462795	-0.209899	-0.968001	-0.137535	0.430855	-0.217850	0.875731
55788	4.771718	-1.420023	8.978117	0.010473	0.015463	0.003564	-0.877732	0.124576	0.462675	-0.209864	-0.968016	-0.137489	0.430749	-0.217777	0.875802
55789	4.770437	-1.419391	8.978898	0.007263	0.011997	0.003306	-0.877774	0.124604	0.462586	-0.209861	-0.968019	-0.137469	0.430663	-0.217745	0.875852
55790	4.734013	-1.421990	9.013100	0.012727	0.010675	0.004469	-0.877816	0.124604	0.462507	-0.209808	-0.968039	-0.137407	0.430603	-0.217656	0.875903
55791	4.750700	-1.419607	8.996976	0.006796	0.010282	0.001903	-0.877848	0.124644	0.462436	-0.209822	-0.968039	-0.137385	0.430532	-0.217632	0.875944
55792	4.769067	-1.441279	9.015793	0.005080	0.010321	0.005871	-0.877891	0.124629	0.462358	-0.209790	-0.968045	-0.137397	0.430459	-0.217617	0.875984
55793	4.734024	-1.444794	9.015254	0.006513	0.005290	0.000533	-0.877896	0.124686	0.462332	-0.209833	-0.968039	-0.137370	0.430428	-0.217609	0.876001
55794	4.750211	-1.442001	9.033317	0.007164	0.003726	0.001969	-0.877903	0.124695	0.462317	-0.209826	-0.968044	-0.137345	0.430417	-0.217582	0.876013
55795	4.785280	-1.438304	9.000027	0.004421	0.001976	0.003114	-0.877906	0.124685	0.462314	-0.209818	-0.968045	-0.137351	0.430415	-0.217583	0.876014
55796	4.761813	-1.391133	9.016000	0.006865	0.003821	0.005373	-0.877920	0.124661	0.462293	-0.209782	-0.968054	-0.137344	0.430403	-0.217558	0.876026
55797	4.763946	-1.414856	9.016900	0.007747	0.008622	-0.000065	-0.877941	0.124720	0.462238	-0.209813	-0.968053	-0.137305	0.430346	-0.217529	0.876061
55798	4.764289	-1.414919	8.982866	0.006122	0.007023	0.003920	-0.877966	0.124717	0.462191	-0.209794	-0.968058	-0.137298	0.430304	-0.217508	0.876087
55799	4.779118	-1.411805	9.035541	0.005264	0.007043	0.005903	-0.877994	0.124703	0.462143	-0.209770	-0.968061	-0.137308	0.430260	-0.217500	0.876111
55800	4.764608	-1.438016	9.018671	0.006214	0.005384	0.003937	-0.878012	0.124697	0.462111	-0.209750	-0.968067	-0.137301	0.430233	-0.217480	0.876129
55801	4.726982	-1.417414	9.017510	0.002728	0.006837	0.003627	-0.878034	0.124702	0.462066	-0.209755	-0.968063	-0.137323	0.430184	-0.217495	0.876149
55802	4.744289	-1.415465	9.001011	0.007907	0.000522	0.003424	-0.878030	0.124690	0.462077	-0.209732	-0.968071	-0.137299	0.430204	-0.217465	0.876147
55803	4.783655	-1.459637	9.003317	0.005563	0.006946	0.002499	-0.878053	0.124685	0.462035	-0.209712	-0.968076	-0.137292	0.430167	-0.217444	0.876171
55804	4.761088	-1.412977	8.984869	0.005747	0.003669	0.002534	-0.878061	0.124688	0.462019	-0.209706	-0.968079	-0.137282	0.430153	-0.217431	0.876180
55805	4.745551	-1.438317	9.002517	0.007748	0.008619	-0.000066	-0.878083	0.124735	0.461964	-0.209724	-0.968081	-0.137243	0.430100	-0.217396	0.876215
55806	4.759997	-1.411818	8.985629	0.008374	0.002236	0.004827	-0.878090	0.124713	0.461958	-0.209687	-0.968092	-0.137221	0.430105	-0.217359	0.876222
55807	4.777139	-1.409751	8.969247	0.006031	0.008660	0.003901	-0.878121	0.124711	0.461898	-0.209666	-0.968097	-0.137216	0.430050	-0.217337	0.876254
55808	4.721920	-1.390450	8.984806	0.008115	0.002064	0.000004	-0.878117	0.124735	0.461900	-0.209672	-0.968102	-0.137174	0.430056	-0.217303	0.876260
55809	4.774966	-1.408043	9.004495	0.005380	0.010223	0.002463	-0.878153	0.124745	0.461829	-0.209661	-0.968105	-0.137168	0.429988	-0.217282	0.876298
55810	4.721204	-1.412463	9.055144	0.007723	0.003798	0.003390	-0.878163	0.124740	0.461811	-0.209639	-0.968113	-0.137145	0.429978	-0.217250	0.876311
55811	4.725757	-1.437568	8.986917	0.003770	0.003538	0.001677	-0.878168	0.124746	0.461801	-0.209645	-0.968111	-0.137150	0.429965	-0.217255	0.876316
55812	4.722906	-1.412818	8.986537	0.008857	-0.001139	0.001460	-0.878153	0.124749	0.461829	-0.209636	-0.968119	-0.137108	0.430001	-0.217217	0.876308
55813	4.727279	-1.460038	9.022185	0.006230	0.000294	-0.000834	-0.878139	0.124777	0.461847	-0.209657	-0.968118	-0.137079	0.430018	-0.217204	0.876303
55814	4.739716	-1.409312	9.004385	0.007622	-0.004471	0.002059	-0.878111	0.124767	0.461904	-0.209648	-0.968124	-0.137051	0.430081	-0.217183	0.876277
55815	4.740046	-1.408555	9.004330	0.009249	-0.002875	-0.001926	-0.878081	0.124804	0.461951	-0.209672	-0.968128	-0.136990	0.430130	-0.217147	0.876262
55816	4.774747	-1.403773	9.005278	0.010550	-0.006001	0.000950	-0.878043	0.124801	0.462022	-0.209660	-0.968139	-0.136931	0.430212	-0.217099	0.876234
55817	4.755900	-1.381239	8.986814	0.002251	-0.004786	0.000910	-0.878012	0.124803	0.462082	-0.209685	-0.968131	-0.136946	0.430265	-0.217132	0.876200
55818	4.777250	-1.426705	9.039959	0.002810	-0.004710	0.002330	-0.877983	0.124790	0.462140	-0.209694	-0.968127	-0.136961	0.430319	-0.217157	0.876167
55819	4.759948	-1.428252	9.056508	0.001393	-0.004764	0.002894	-0.877956	0.124765	0.462198	-0.209698	-0.968122	-0.136992	0.430372	-0.217195	0.876132
55820	4.758698	-1.404581	9.021277	0.003369	-0.004634	0.003750	-0.877931	0.124738	0.462253	-0.209692	-0.968121	-0.137009	0.430427	-0.217215	0.876100
55821	4.764439	-1.452886	9.022225	0.004137	-0.003017	0.001748	-0.877907	0.124735	0.462298	-0.209701	-0.968119	-0.137010	0.430470	-0.217227	0.876076
55822	4.780811	-1.427228	8.970341	0.007623	-0.004472	0.002059	-0.877879	0.124725	0.462355	-0.209691	-0.968125	-0.136982	0.430532	-0.217206	0.876050
55823	4.811543	-1.397795	9.005287	0.008298	-0.001216	0.000038	-0.877859	0.124744	0.462388	-0.209700	-0.968129	-0.136939	0.430569	-0.217176	0.876040
55824	4.812418	-1.397734	8.971008	0.009051	0.005491	0.002805	-0.877875	0.124749	0.462356	-0.209678	-0.968139	-0.136902	0.430546	-0.217128	0.876062
55825	4.768119	-1.475288	8.988737	0.009142	0.003852	0.002823	-0.877884	0.124747	0.462340	-0.209653	-0.968150	-0.136864	0.430541	-0.217082	0.876076
55826	4.743388	-1.426875	9.039302	0.011236	0.007161	0.000239	-0.877902	0.124780	0.462297	-0.209644	-0.968161	-0.136796	0.430509	-0.217011	0.876110
55827	4.760433	-1.424194	9.023068	0.012653	0.007214	-0.000325	-0.877922	0.124804	0.462251	-0.209619	-0.968178	-0.136714	0.430479	-0.216921	0.876147
55828	4.757240	-1.399066	9.022903	0.006047	0.003569	-0.000873	-0.877922	0.124840	0.462241	-0.209642	-0.968177	-0.136686	0.430468	-0.216905	0.876156
55829	4.702261	-1.379548	9.038332	0.010651	0.002266	0.002278	-0.877922	0.124849	0.462239	-0.209625	-0.968189	-0.136633	0.430476	-0.216850	0.876166
55830	4.756826	-1.397704	9.023332	0.005371	0.000314	0.001149	-0.877913	0.124858	0.462255	-0.209633	-0.968189	-0.136620	0.430492	-0.216844	0.876159
55831	4.759426	-1.421379	9.024043	0.008116	0.002060	0.000002	-0.877906	0.124888	0.462259	-0.209647	-0.968192	-0.136578	0.430499	-0.216814	0.876164
55832	4.740365	-1.398793	9.005684	0.005828	-0.007880	0.001243	-0.877861	0.124879	0.462347	-0.209652	-0.968193	-0.136562	0.430587	-0.216814	0.876120
55833	4.721959	-1.399340	9.056787	0.004604	-0.001302	0.003151	-0.877851	0.124847	0.462376	-0.209627	-0.968197	-0.136566	0.430621	-0.216811	0.876104
55834	4.780865	-1.442783	9.007515	0.003851	-0.008010	0.000387	-0.877804	0.124846	0.462465	-0.209649	-0.968193	-0.136563	0.430706	-0.216831	0.876057
55835	4.761163	-1.419719	9.023388	0.005828	-0.007880	0.001243	-0.877756	0.124846	0.462556	-0.209666	-0.968192	-0.136547	0.430796	-0.216837	0.876012
55836	4.793293	-1.391066	9.023622	0.007063	-0.004550	0.000641	-0.877724	0.124850	0.462616	-0.209672	-0.968195	-0.136517	0.430858	-0.216821	0.875985
55837	4.774241	-1.368552	9.005242	0.004904	-0.001402	-0.000253	-0.877701	0.124879	0.462650	-0.209706	-0.968189	-0.136501	0.430887	-0.216828	0.875969
55838	4.759486	-1.394045	9.022496	0.005905	-0.004427	0.006029	-0.877682	0.124831	0.462701	-0.209669	-0.968197	-0.136507	0.430945	-0.216823	0.875942
55839	4.695115	-1.449120	9.090100	-0.006084	-0.018294	0.003031	-0.877595	0.124782	0.462878	-0.209711	-0.968174	-0.136603	0.431101	-0.216953	0.875833
55840	4.674312	-1.402769	9.104442	-0.004404	-0.033069	0.001219	-0.877442	0.124718	0.463186	-0.209761	-0.968153	-0.136676	0.431389	-0.217084	0.875659
55841	4.603280	-1.384639	9.237463	-0.017873	-0.066541	0.004404	-0.877148	0.124565	0.463784	-0.209857	-0.968103	-0.136882	0.431940	-0.217394	0.875310
55842	4.698829	-1.503531	9.065180	-0.022927	-0.113076	-0.001894	-0.876641	0.124357	0.464796	-0.210014	-0.968038	-0.137103	0.432890	-0.217804	0.874739
55843	4.797592	-1.372534	9.093854	-0.040430	-0.114372	-0.012983	-0.876103	0.124266	0.465835	-0.210359	-0.967917	-0.137425	0.433812	-0.218391	0.874135
55844	5.015205	-1.500652	8.975923	-0.008771	-0.086566	-0.016658	-0.875678	0.124257	0.466634	-0.210585	-0.967864	-0.137452	0.434559	-0.218630	0.873704
55845	4.934523	-1.635951	8.903041	-0.035040	-0.058323	-0.016989	-0.875376	0.124318	0.467186	-0.210932	-0.967752	-0.137709	0.435000	-0.219091	0.873369
55846	4.997197	-1.554130	8.969892	0.014255	-0.026301	-0.021280	-0.875203	0.124486	0.467465	-0.211097	-0.967744	-0.137514	0.435268	-0.219033	0.873251
55847	5.036861	-1.720501	8.887658	0.022926	0.011514	-0.035875	-0.875164	0.124884	0.467432	-0.211360	-0.967734	-0.137175	0.435219	-0.218847	0.873322
55848	5.219874	-1.623625	8.737310	0.059762	0.037858	-0.043241	-0.875224	0.125405	0.467180	-0.211520	-0.967798	-0.136480	0.435021	-0.218268	0.873565
55849	5.144871	-1.599534	8.671007	0.090793	0.106641	-0.051376	-0.875566	0.126144	0.466338	-0.211606	-0.967920	-0.135477	0.434289	-0.217299	0.874171
55850	5.031395	-1.303856	8.738988	0.103558	0.136828	-0.052574	-0.876035	0.126969	0.465233	-0.211659	-0.968065	-0.134355	0.433316	-0.216171	0.874933
55851	4.677119	-1.037318	8.731872	0.097678	0.159940	-0.039537	-0.876632	0.127706	0.463906	-0.211613	-0.968214	-0.133347	0.432131	-0.215065	0.875791
55852	3.961130	-0.527289	9.397264	0.051858	0.146532	-0.024166	-0.877199	0.128274	0.462674	-0.211643	-0.968281	-0.132810	0.430963	-0.214422	0.876524
55853	4.632633	-1.239458	9.265017	-0.052042	-0.018739	0.011426	-0.877128	0.128144	0.462845	-0.211810	-0.968171	-0.133348	0.431026	-0.214998	0.876352
55854	4.510368	-1.630725	9.061627	-0.010277	0.001077	-0.000899	-0.877117	0.128175	0.462857	-0.211904	-0.968135	-0.133463	0.431002	-0.215144	0.876328
55855	4.506975	-1.458864	9.109000	-0.013386	-0.013936	-0.002420	-0.877039	0.128193	0.463001	-0.212029	-0.968088	-0.133598	0.431100	-0.215341	0.876231
55856	4.608312	-1.399499	9.074744	0.002855	-0.049449	-0.007595	-0.876796	0.128179	0.463464	-0.212125	-0.968072	-0.133567	0.431546	-0.215424	0.875991
55857	4.838243	-1.375637	8.992664	-0.009886	-0.045128	-0.005984	-0.876575	0.128158	0.463888	-0.212260	-0.968030	-0.133656	0.431929	-0.215624	0.875753
55858	5.034094	-1.356951	8.875269	-0.007801	-0.031912	-0.007282	-0.876408	0.128179	0.464198	-0.212399	-0.967991	-0.133719	0.432199	-0.215788	0.875580
55859	5.011396	-1.309226	8.924394	0.004440	-0.003116	-0.001653	-0.876377	0.128203	0.464249	-0.212432	-0.967986	-0.133702	0.432245	-0.215795	0.875555
55860	5.054282	-1.378211	8.893274	0.007545	0.021815	0.001163	-0.876461	0.128259	0.464076	-0.212430	-0.967990	-0.133671	0.432077	-0.215741	0.875652
55861	4.967341	-1.410778	8.910863	0.018889	0.056793	-0.002940	-0.876686	0.128427	0.463603	-0.212414	-0.968015	-0.133521	0.431626	-0.215532	0.875925
55862	4.896511	-1.294141	8.892566	0.019346	0.078325	0.001042	-0.877013	0.128605	0.462935	-0.212362	-0.968045	-0.133386	0.430988	-0.215291	0.876299
55863	4.529583	-1.016567	8.792766	0.029056	0.096974	0.003102	-0.877424	0.128809	0.462099	-0.212257	-0.968097	-0.133175	0.430203	-0.214935	0.876772
55864	4.279396	-0.961576	9.149680	-0.019748	0.055716	0.023891	-0.877701	0.128717	0.461599	-0.212174	-0.968072	-0.133488	0.429679	-0.215101	0.876988
55865	4.489706	-1.434998	9.081657	-0.050181	-0.008111	0.029988	-0.877715	0.128429	0.461652	-0.212168	-0.967989	-0.134096	0.429652	-0.215645	0.876867
55866	4.656484	-1.349350	9.014594	-0.038944	-0.030674	0.026346	-0.877626	0.128128	0.461905	-0.212146	-0.967926	-0.134588	0.429845	-0.216109	0.876658
55867	4.565736	-1.190106	9.178261	-0.068075	-0.043279	0.038310	-0.877510	0.127664	0.462253	-0.212124	-0.967818	-0.135392	0.430092	-0.216863	0.876351
55868	4.730560	-1.502389	9.065239	-0.071237	-0.077840	0.042405	-0.877252	0.127104	0.462898	-0.212100	-0.967704	-0.136241	0.430631	-0.217698	0.875879
55869	4.886880	-1.592650	8.998221	-0.052799	-0.067251	0.036378	-0.877023	0.126635	0.463459	-0.212061	-0.967620	-0.136901	0.431116	-0.218347	0.875479
55870	4.887116	-1.550876	8.959002	-0.042212	-0.048628	0.036477	-0.876877	0.126195	0.463855	-0.211964	-0.967561	-0.137468	0.431460	-0.218863	0.875180
55871	4.924727	-1.552103	8.957288	-0.035468	-0.036993	0.030120	-0.876765	0.125855	0.464160	-0.211909	-0.967505	-0.137947	0.431716	-0.219306	0.874944
55872	4.935813	-1.481907	8.937300	-0.021119	-0.009729	0.036665	-0.876787	0.125498	0.464214	-0.211720	-0.967491	-0.138331	0.431763	-0.219570	0.874854
55873	4.871221	-1.541422	8.970481	-0.027965	0.006268	0.033917	-0.876872	0.125201	0.464134	-0.211582	-0.967460	-0.138762	0.431658	-0.219879	0.874829
55874	4.891146	-1.442902	9.038493	-0.018499	0.014838	0.029875	-0.876986	0.124964	0.463983	-0.211442	-0.967443	-0.139092	0.431495	-0.220087	0.874856
55875	4.880180	-1.521036	9.023156	-0.022206	0.030848	0.022597	-0.877153	0.124832	0.463703	-0.211381	-0.967409	-0.139420	0.431186	-0.220310	0.874953
55876	4.891674	-1.497921	9.007309	-0.015012	0.039384	0.021107	-0.877354	0.124734	0.463349	-0.211302	-0.967389	-0.139678	0.430816	-0.220454	0.875099
55877	4.829868	-1.457071	9.024022	-0.013460	0.052522	0.018417	-0.877603	0.124703	0.462884	-0.211252	-0.967366	-0.139910	0.430331	-0.220571	0.875308
55878	4.841326	-1.456645	9.044249	-0.008528	0.055933	0.014707	-0.877862	0.124704	0.462393	-0.211201	-0.967353	-0.140082	0.429829	-0.220631	0.875539
55879	4.761866	-1.417549	9.043746	-0.014470	0.060626	0.016906	-0.878146	0.124678	0.461861	-0.211140	-0.967332	-0.140317	0.429279	-0.220736	0.875783
55880	4.791575	-1.416176	9.013059	-0.007681	0.060982	0.017495	-0.878431	0.124663	0.461323	-0.211061	-0.967324	-0.140494	0.428734	-0.220781	0.876038
55881	4.737441	-1.448119	8.997569	-0.011902	0.065632	0.015725	-0.878730	0.124683	0.460748	-0.211024	-0.967302	-0.140700	0.428139	-0.220866	0.876308
55882	4.726027	-1.401191	8.999476	-0.006441	0.064294	0.016897	-0.879027	0.124681	0.460181	-0.210944	-0.967295	-0.140863	0.427568	-0.220895	0.876579
55883	4.669581	-1.408392	8.983262	-0.001952	0.054715	0.018720	-0.879285	0.124644	0.459697	-0.210835	-0.967300	-0.140995	0.427091	-0.220895	0.876812
55884	4.571694	-1.369456	9.033485	-0.001127	0.049870	0.020192	-0.879527	0.124579	0.459252	-0.210703	-0.967309	-0.141127	0.426657	-0.220891	0.877024
55885	4.665258	-1.459079	9.022715	-0.015934	0.019564	0.020428	-0.879640	0.124437	0.459074	-0.210626	-0.967288	-0.141390	0.426462	-0.221066	0.877075
55886	4.734134	-1.431550	8.887344	-0.004333	0.020156	0.020769	-0.879756	0.124301	0.458888	-0.210503	-0.967291	-0.141553	0.426283	-0.221130	0.877146
55887	4.641459	-1.418306	8.936471	-0.026531	0.025830	0.027681	-0.879911	0.124113	0.458642	-0.210418	-0.967252	-0.141942	0.426006	-0.221403	0.877211
55888	4.732669	-1.508090	9.028168	-0.023580	0.007943	0.028731	-0.879992	0.123872	0.458552	-0.210307	-0.967222	-0.142310	0.425894	-0.221668	0.877199
55889	4.747466	-1.486355	8.976785	-0.022444	0.017982	0.032893	-0.880124	0.123609	0.458369	-0.210150	-0.967201	-0.142687	0.425698	-0.221909	0.877233
55890	4.724919	-1.490575	9.062963	-0.029100	0.020803	0.028852	-0.880260	0.123395	0.458166	-0.210061	-0.967158	-0.143104	0.425461	-0.222212	0.877271
55891	4.690989	-1.522936	9.062680	-0.036663	0.018824	0.030245	-0.880389	0.123173	0.457978	-0.210002	-0.967099	-0.143594	0.425223	-0.222594	0.877290
55892	4.679944	-1.477271	9.165470	-0.031032	0.014211	0.031458	-0.880502	0.122920	0.457829	-0.209898	-0.967055	-0.144039	0.425040	-0.222924	0.877295
55893	4.662577	-1.483268	9.147420	-0.022885	-0.005172	0.028854	-0.880527	0.122641	0.457854	-0.209774	-0.967028	-0.144402	0.425048	-0.223196	0.877221
55894	4.717550	-1.482789	9.062259	-0.029411	-0.010440	0.028295	-0.880529	0.122363	0.457925	-0.209691	-0.966984	-0.144819	0.425086	-0.223540	0.877116
55895	4.615094	-1.520737	9.127206	-0.023821	-0.008594	0.026042	-0.880535	0.122100	0.457985	-0.209592	-0.966951	-0.145177	0.425123	-0.223824	0.877025
55896	4.633046	-1.498864	9.074295	-0.026555	-0.031764	0.024533	-0.880438	0.121811	0.458248	-0.209531	-0.966908	-0.145552	0.425354	-0.224166	0.876826
55897	4.590519	-1.556559	9.053954	-0.026665	-0.045095	0.018409	-0.880271	0.121556	0.458636	-0.209528	-0.966856	-0.145899	0.425700	-0.224528	0.876565
55898	4.644709	-1.553613	9.104594	-0.029443	-0.061809	0.013432	-0.880023	0.121307	0.459178	-0.209577	-0.966793	-0.146248	0.426190	-0.224935	0.876223
55899	4.640347	-1.607596	9.049654	-0.023028	-0.069881	0.007859	-0.879726	0.121096	0.459802	-0.209652	-0.966737	-0.146515	0.426765	-0.225291	0.875851
55900	4.677673	-1.558059	9.011490	-0.017908	-0.086113	0.006319	-0.879358	0.120860	0.460567	-0.209714	-0.966690	-0.146730	0.427492	-0.225616	0.875413
55901	4.718172	-1.532303	8.973448	-0.013180	-0.084260	0.006039	-0.878998	0.120621	0.461317	-0.209749	-0.966657	-0.146903	0.428216	-0.225888	0.874989
55902	4.798481	-1.550834	8.937138	-0.004926	-0.095409	0.004746	-0.878585	0.120379	0.462165	-0.209769	-0.966638	-0.146997	0.429051	-0.226098	0.874526
55903	4.798152	-1.478728	8.931827	-0.006218	-0.070843	0.004536	-0.878276	0.120198	0.462799	-0.209802	-0.966615	-0.147102	0.429667	-0.226292	0.874173
55904	4.770620	-1.483027	8.927042	-0.004756	-0.082343	0.002647	-0.877915	0.120006	0.463535	-0.209840	-0.966594	-0.147185	0.430387	-0.226484	0.873769
55905	4.927068	-1.567049	8.859909	-0.001615	-0.072190	0.007679	-0.877607	0.119778	0.464176	-0.209812	-0.966588	-0.147264	0.431027	-0.226630	0.873415
55906	4.798028	-1.480731	8.972942	0.016084	-0.041771	0.006340	-0.877427	0.119642	0.464551	-0.209729	-0.966619	-0.147182	0.431435	-0.226571	0.873229
55907	4.747865	-1.632402	9.005869	0.009601	-0.053519	0.009258	-0.877201	0.119447	0.465027	-0.209645	-0.966638	-0.147170	0.431934	-0.226589	0.872978
55908	4.865451	-1.545685	8.988508	0.027938	-0.051195	0.001899	-0.876970	0.119333	0.465492	-0.209549	-0.966691	-0.146964	0.432449	-0.226427	0.872765
55909	4.798278	-1.525758	8.984554	0.038939	-0.039143	0.002100	-0.876792	0.119243	0.465850	-0.209404	-0.966768	-0.146664	0.432880	-0.226144	0.872624
55910	4.850304	-1.492601	9.001380	0.033651	-0.041086	0.000973	-0.876603	0.119160	0.466228	-0.209291	-0.966832	-0.146403	0.433318	-0.225915	0.872467
55911	4.810584	-1.420013	9.032432	0.032280	-0.031233	0.002870	-0.876460	0.119090	0.466515	-0.209177	-0.966892	-0.146164	0.433663	-0.225691	0.872353
55912	4.800406	-1.444324	8.979461	0.027727	-0.036385	0.003194	-0.876295	0.118997	0.466848	-0.209070	-0.966945	-0.145966	0.434047	-0.225514	0.872208
55913	4.788447	-1.468247	8.995361	0.016806	-0.033701	0.000888	-0.876136	0.118940	0.467161	-0.209040	-0.966969	-0.145853	0.434382	-0.225442	0.872060
55914	4.743500	-1.497046	8.975577	0.011742	-0.045397	0.003260	-0.875932	0.118825	0.467572	-0.209002	-0.966986	-0.145794	0.434812	-0.225429	0.871849
55915	4.665624	-1.553391	9.023990	0.002291	-0.049135	0.003855	-0.875713	0.118690	0.468016	-0.208993	-0.966984	-0.145822	0.435256	-0.225510	0.871606
55916	4.704909	-1.549405	9.056270	-0.004556	-0.080879	-0.000683	-0.875346	0.118534	0.468742	-0.209061	-0.966959	-0.145887	0.435962	-0.225697	0.871205
55917	4.759346	-1.644730	8.985398	-0.014360	-0.099541	-0.002785	-0.874893	0.118357	0.469631	-0.209191	-0.966910	-0.146028	0.436808	-0.226002	0.870702
55918	4.709422	-1.601946	9.064754	-0.029215	-0.092279	-0.010223	-0.874455	0.118267	0.470470	-0.209450	-0.966818	-0.146263	0.437561	-0.226441	0.870210
55919	4.777749	-1.648237	8.974983	-0.029611	-0.117385	-0.022489	-0.873878	0.118246	0.471545	-0.209828	-0.966709	-0.146443	0.438531	-0.226917	0.869597
55920	4.715457	-1.483416	9.120446	-0.042384	-0.106812	-0.032496	-0.873327	0.118337	0.472542	-0.210340	-0.966561	-0.146687	0.439382	-0.227500	0.869015
55921	4.685577	-1.441383	9.215804	-0.091288	-0.137593	-0.043208	-0.872617	0.118462	0.473822	-0.211163	-0.966288	-0.147304	0.440398	-0.228594	0.868213
55922	4.340481	-0.942092	9.695123	-0.166997	-0.133189	-0.042478	-0.871926	0.118586	0.475061	-0.212311	-0.965840	-0.148580	0.441213	-0.230412	0.867318
55923	4.597882	-1.182160	9.448485	-0.203478	-0.304078	-0.011382	-0.870542	0.118020	0.477732	-0.213362	-0.965340	-0.150317	0.443434	-0.232787	0.865550
55924	5.116727	-1.353572	8.939419	-0.282360	-0.281701	0.000177	-0.869277	0.117377	0.480188	-0.214657	-0.964665	-0.152788	0.445287	-0.235891	0.863757
55925	4.640424	-1.284502	9.295150	-0.322395	-0.259208	0.005955	-0.868122	0.116716	0.482433	-0.216078	-0.963893	-0.155628	0.446849	-0.239347	0.861997
55926	4.837039	-1.422576	9.122747	-0.379743	-0.343480	0.008256	-0.866588	0.115827	0.485397	-0.217749	-0.962972	-0.158964	0.449011	-0.243451	0.859721
55927	4.639283	-1.435308	9.323476	-0.419402	-0.354281	0.014789	-0.865014	0.114829	0.488431	-0.219546	-0.961946	-0.162666	0.451166	-0.247941	0.857307
55928	4.398851	-1.483342	9.505426	-0.462376	-0.443362	0.011053	-0.863018	0.113631	0.492228	-0.221585	-0.960786	-0.166705	0.453983	-0.252939	0.854354
55929	4.283490	-1.473648	9.633446	-0.474010	-0.534296	0.010729	-0.860594	0.112178	0.496784	-0.223691	-0.959573	-0.170827	0.457537	-0.258139	0.850896
55930	4.029417	-1.509757	9.880041	-0.500297	-0.659579	0.010176	-0.857570	0.110378	0.502385	-0.225947	-0.958264	-0.175152	0.462085	-0.263717	0.846718
55931	3.915331	-1.583422	10.140178	-0.452890	-0.756241	0.011072	-0.854071	0.108262	0.508764	-0.227982	-0.957059	-0.179061	0.467532	-0.268920	0.842078
55932	3.403938	-1.612178	10.790069	-0.428413	-0.874674	0.001560	-0.849943	0.105891	0.516125	-0.230028	-0.955882	-0.182691	0.474009	-0.274000	0.836803
55933	3.100891	-1.849290	10.704229	-0.461098	-1.205884	-0.038857	-0.844070	0.102940	0.526260	-0.232603	-0.954550	-0.186357	0.483158	-0.279708	0.829651
55934	3.055229	-1.931702	10.972122	-0.524768	-1.470148	-0.163805	-0.836485	0.100360	0.538721	-0.236588	-0.952883	-0.189841	0.494286	-0.286254	0.820817
55935	2.608565	-2.268637	10.871079	-0.532806	-1.811173	-0.394797	-0.826448	0.098888	0.554261	-0.242583	-0.950931	-0.192052	0.508072	-0.293175	0.809883
55936	2.349215	-2.261614	9.948074	-0.331630	-2.280973	-0.651529	-0.813035	0.098347	0.573849	-0.249683	-0.949291	-0.191063	0.525959	-0.298621	0.796362
55937	2.927952	-2.183854	10.265139	-0.230636	-2.802685	-0.795204	-0.795954	0.097468	0.597459	-0.257363	-0.947802	-0.188245	0.547924	-0.303598	0.779492
55938	3.465162	-3.370701	9.331982	0.011422	-3.337011	-0.953864	-0.774722	0.096338	0.624920	-0.264836	-0.946896	-0.182347	0.574167	-0.306769	0.759095
55939	4.771022	-3.512254	9.258138	0.416140	-3.806790	-1.090347	-0.749354	0.095008	0.655319	-0.270738	-0.947113	-0.172275	0.604293	-0.306515	0.735444
55940	5.408781	-3.044916	9.023319	0.715157	-4.112242	-1.197660	-0.720550	0.093829	0.687026	-0.275151	-0.948147	-0.159087	0.636475	-0.303666	0.709004
55941	7.002169	-2.717622	9.240490	0.697687	-4.602739	-1.175903	-0.687185	0.091078	0.720751	-0.278914	-0.949155	-0.145985	0.670808	-0.301347	0.677648
55942	9.562168	-3.702722	10.671308	0.417608	-4.765655	-1.158087	-0.651143	0.087718	0.753869	-0.283843	-0.949363	-0.134699	0.703880	-0.301689	0.643069
55943	11.691853	-5.192661	11.770272	0.534663	-4.714774	-1.150639	-0.613908	0.084462	0.784846	-0.287322	-0.949967	-0.122512	0.735230	-0.300715	0.607460
55944	13.460468	-7.342613	13.224912	0.458190	-4.412766	-1.203181	-0.577347	0.082655	0.812305	-0.291107	-0.950322	-0.110206	0.762842	-0.300094	0.572727
55945	11.836008	-9.094570	11.863376	1.102997	-3.927312	-1.365646	-0.542902	0.084021	0.835582	-0.290252	-0.952438	-0.092814	0.788043	-0.292919	0.541468
55946	9.228144	-6.283086	9.720305	2.005307	-3.733896	-1.568958	-0.508482	0.088376	0.856525	-0.282492	-0.956786	-0.068982	0.813415	-0.277038	0.511474
55947	7.828558	-4.614384	9.190067	2.147823	-3.738687	-1.606514	-0.473136	0.093763	0.875985	-0.272696	-0.961075	-0.044417	0.837723	-0.259893	0.480288
55948	7.585997	-3.335559	8.906372	2.106832	-3.722740	-1.602363	-0.437216	0.099847	0.893797	-0.262150	-0.964810	-0.020455	0.860302	-0.243252	0.448005
55949	6.867054	-2.735144	8.557684	1.591581	-3.764272	-1.595416	-0.400312	0.106334	0.910189	-0.255033	-0.966932	0.000797	0.880175	-0.231809	0.414193
55950	5.404254	-2.388416	7.872921	1.090649	-3.720485	-1.673998	-0.362979	0.114041	0.924792	-0.251780	-0.967568	0.020493	0.897136	-0.225405	0.379920
55951	4.192456	-3.333062	7.508390	0.631076	-3.598274	-1.690567	-0.326171	0.122334	0.937362	-0.251953	-0.966972	0.038527	0.911116	-0.223605	0.346221
55952	-0.050887	-5.030394	5.824521	0.712057	-2.508657	-1.610306	-0.299122	0.132357	0.944991	-0.250516	-0.966487	0.056072	0.920743	-0.219963	0.322255
55953	11.733619	-4.429013	20.690578	0.072270	-1.934539	-0.683828	-0.279525	0.134706	0.950642	-0.251881	-0.965720	0.062780	0.926510	-0.221900	0.303873
55954	19.848123	-8.219345	20.925105	-0.449168	1.696104	0.522780	-0.296489	0.133460	0.945665	-0.254574	-0.965406	0.056430	0.920482	-0.224010	0.320208
55955	-0.604399	-10.874111	15.135024	-0.779679	2.902394	1.405115	-0.326639	0.126466	0.936650	-0.257386	-0.965455	0.040597	0.909428	-0.227820	0.347906
55956	-5.200796	-9.177465	7.679939	0.192993	2.993639	1.570478	-0.357684	0.118042	0.926352	-0.250316	-0.967797	0.026671	0.899669	-0.222341	0.375713
55957	-7.461937	-5.569981	6.425894	-0.095697	2.718036	1.789781	-0.386427	0.106733	0.916124	-0.244571	-0.969582	0.009800	0.889303	-0.220271	0.400776
55958	-4.911916	-3.271346	6.808255	-0.124415	2.384966	1.878159	-0.412032	0.093767	0.906332	-0.238224	-0.971179	-0.007825	0.879477	-0.219134	0.422494
55959	-2.814807	-0.778850	7.732334	-0.353313	2.282803	1.880508	-0.436427	0.080529	0.896129	-0.233393	-0.972026	-0.026316	0.868942	-0.220635	0.443013
55960	-0.176234	-0.142522	8.583389	-0.768822	2.392402	1.900875	-0.461464	0.067421	0.884593	-0.231542	-0.971702	-0.046728	0.856410	-0.226384	0.464017
55961	1.060505	0.472645	9.321632	-0.954690	2.634755	1.830861	-0.488076	0.055721	0.871021	-0.231012	-0.970617	-0.067356	0.841674	-0.234091	0.486607
55962	2.482001	0.579187	9.948722	-1.159442	2.886627	1.717356	-0.516082	0.045986	0.855304	-0.232100	-0.968706	-0.087964	0.824493	-0.243913	0.510605
55963	3.741514	0.483542	10.227101	-1.206813	3.144653	1.536906	-0.545293	0.038965	0.837339	-0.233831	-0.966337	-0.107308	0.804971	-0.254310	0.536049
55964	4.860149	0.444464	10.164390	-1.215007	3.351040	1.297654	-0.574939	0.035159	0.817441	-0.236262	-0.963651	-0.124725	0.783343	-0.264839	0.562347
55965	5.911903	0.190889	10.054545	-1.167743	3.515084	1.030760	-0.604522	0.034744	0.795830	-0.239246	-0.960844	-0.139786	0.759812	-0.274903	0.589164
55966	7.062339	-0.803416	9.842261	-1.129536	3.594952	0.716195	-0.633100	0.037947	0.773140	-0.243306	-0.957931	-0.152219	0.734838	-0.284479	0.615698
55967	7.283230	-1.651689	9.488287	-0.890936	3.627900	0.387844	-0.660256	0.044703	0.749709	-0.247280	-0.955508	-0.160801	0.709165	-0.291558	0.641934
55968	7.310661	-2.315450	9.303943	-0.658296	3.582831	0.153747	-0.685569	0.053782	0.726018	-0.250878	-0.953634	-0.166257	0.683414	-0.296123	0.667275
55969	7.419988	-2.655195	9.389946	-0.415069	3.531604	0.052346	-0.709393	0.063794	0.701920	-0.253345	-0.952414	-0.169481	0.657707	-0.298056	0.691798
55970	7.892614	-2.798294	9.730426	-0.287474	3.512471	0.095639	-0.732264	0.073378	0.677056	-0.254556	-0.951607	-0.172179	0.631657	-0.298429	0.715506
55971	8.264454	-3.293331	10.018158	-0.238497	3.534707	0.268215	-0.754807	0.081387	0.650878	-0.254082	-0.951085	-0.175727	0.604739	-0.298016	0.738564
55972	8.395870	-3.769686	10.139731	-0.184909	3.550764	0.513768	-0.777072	0.087080	0.623359	-0.251286	-0.950952	-0.180406	0.577075	-0.296829	0.760840
55973	8.456651	-4.116692	10.141391	-0.120397	3.555494	0.798800	-0.799079	0.090021	0.594448	-0.245712	-0.951284	-0.186236	0.548724	-0.294880	0.782271
55974	8.512485	-3.991259	10.199511	-0.009598	3.539136	1.051468	-0.820517	0.090414	0.564426	-0.237292	-0.952189	-0.192427	0.520042	-0.291824	0.802742
55975	8.755495	-3.254024	10.358535	0.039079	3.526889	1.252099	-0.841256	0.088735	0.533305	-0.226733	-0.953406	-0.199023	0.490796	-0.288347	0.822177
55976	9.068885	-2.433013	10.483144	0.056234	3.541203	1.379314	-0.861137	0.085740	0.501090	-0.214766	-0.954755	-0.205716	0.460780	-0.284766	0.840589
55977	9.064121	-1.478193	10.391978	0.041998	3.557574	1.438263	-0.879984	0.082091	0.467855	-0.202097	-0.956063	-0.212370	0.429865	-0.281434	0.857911
55978	8.970559	-0.566998	10.273549	-0.025508	3.533731	1.424450	-0.897398	0.078382	0.434204	-0.189583	-0.957119	-0.219045	0.398415	-0.278888	0.873777
55979	9.004122	0.091790	10.224817	-0.146058	3.463906	1.356430	-0.913148	0.075056	0.400658	-0.177899	-0.957736	-0.226038	0.366760	-0.277683	0.887907
55980	9.496406	0.292430	10.161408	-0.273260	3.356458	1.227482	-0.927043	0.072641	0.367851	-0.167602	-0.957869	-0.233231	0.335411	-0.277868	0.900161
55981	10.159617	0.367303	10.027267	-0.355191	3.237648	1.044543	-0.939113	0.071673	0.336051	-0.159026	-0.957617	-0.240168	0.304594	-0.278986	0.910708
55982	10.819158	0.256849	9.657490	-0.394475	3.092806	0.814908	-0.949333	0.072543	0.305784	-0.152511	-0.957086	-0.246429	0.274785	-0.280578	0.919657
55983	9.803934	-1.302284	9.815991	-0.434740	2.932917	0.596805	-0.957870	0.075114	0.277204	-0.147983	-0.956285	-0.252228	0.246140	-0.282624	0.927113
55984	6.050451	-3.899789	1.458066	1.297544	1.080871	-0.354337	-0.959952	0.081510	0.268044	-0.148277	-0.959575	-0.239229	0.237709	-0.269393	0.933232
55985	23.437675	7.426658	5.004544	-0.049130	0.805066	-0.423162	-0.961198	0.087760	0.261528	-0.152489	-0.959068	-0.238614	0.229882	-0.269235	0.935236
55986	15.458821	-5.895729	3.603560	0.142938	1.143383	-0.061745	-0.963662	0.091436	0.250986	-0.152796	-0.959381	-0.237154	0.219107	-0.266886	0.938490
55987	20.880391	3.270879	3.745990	1.045686	0.867248	-0.671688	-0.964491	0.100176	0.244382	-0.157049	-0.961455	-0.225699	0.212353	-0.256064	0.943047
55988	15.576679	-1.229504	1.330389	0.316967	0.762504	-0.092825	-0.965930	0.103026	0.237413	-0.157316	-0.962152	-0.222520	0.205502	-0.252287	0.945579
55989	15.470338	0.790020	0.040708	0.600494	0.297298	-0.117323	-0.966350	0.104919	0.234863	-0.157255	-0.963511	-0.216605	0.203567	-0.246249	0.947587
55990	13.752939	0.227707	0.351540	0.409686	-0.227660	0.108764	-0.966045	0.103333	0.236810	-0.155397	-0.964612	-0.213016	0.206418	-0.242583	0.947916
55991	13.307653	-0.088615	1.650121	0.390031	-0.651873	0.314304	-0.965154	0.098750	0.242333	-0.151579	-0.965854	-0.210119	0.213309	-0.239530	0.947167
55992	12.500065	-0.445996	2.735570	0.519648	-0.986624	0.462949	-0.963680	0.091950	0.250730	-0.146012	-0.967516	-0.206380	0.223609	-0.235494	0.945802
55993	11.185421	-0.192368	3.833323	0.695529	-1.223112	0.541785	-0.961634	0.083879	0.261199	-0.139234	-0.969596	-0.201239	0.236378	-0.229886	0.944075
55994	9.799295	0.576074	4.621974	0.826402	-1.409942	0.540769	-0.958923	0.075456	0.273447	-0.132062	-0.971886	-0.194928	0.251051	-0.223033	0.941929
55995	8.253732	0.982624	5.297981	0.830688	-1.509819	0.532447	-0.955692	0.066982	0.286646	-0.124853	-0.974076	-0.188649	0.266578	-0.216079	0.939279
55996	6.227403	0.425864	5.437617	0.831611	-1.586515	0.529964	-0.951969	0.058462	0.300562	-0.117550	-0.976164	-0.182443	0.282732	-0.209011	0.936150
55997	3.536866	-0.614012	4.910234	0.981202	-1.671417	0.523900	-0.947689	0.049943	0.315265	-0.109756	-0.978444	-0.174929	0.299733	-0.200380	0.932742
55998	0.825613	1.129687	4.286929	1.275915	-1.836777	0.360830	-0.942385	0.042853	0.331773	-0.102440	-0.981084	-0.164254	0.318458	-0.188777	0.928950
55999	-1.488867	2.840409	6.355091	0.977762	-1.984323	0.346490	-0.936207	0.035814	0.349619	-0.096017	-0.983013	-0.156416	0.338078	-0.180007	0.923743
56000	-1.968060	1.868236	7.279183	0.755438	-2.276145	0.200316	-0.928441	0.029842	0.370280	-0.091551	-0.984405	-0.150219	0.360022	-0.173369	0.916694
56001	2.373316	7.771061	11.197308	0.481565	-2.749399	-0.052707	-0.918131	0.025670	0.395445	-0.090283	-0.985206	-0.145663	0.385856	-0.169440	0.906866
56002	32.240045	1.339235	25.920520	0.842946	-4.292098	-0.340527	-0.900396	0.021931	0.434519	-0.090000	-0.986515	-0.136706	0.425661	-0.162196	0.890227
56003	43.822364	6.497717	25.984823	1.693501	0.543696	0.076470	-0.902757	0.022033	0.429587	-0.082173	-0.989128	-0.121953	0.422230	-0.145394	0.894753
56004	-19.689254	-10.933702	-12.799372	-0.324176	4.453628	0.270983	-0.920866	0.025899	0.389019	-0.081046	-0.988711	-0.126024	0.381363	-0.147579	0.912569
56005	-3.300723	-9.242833	30.043871	-1.052810	-3.889988	-0.264233	-0.905121	0.022568	0.424555	-0.087699	-0.987025	-0.134500	0.416011	-0.158972	0.895356
56006	16.706611	7.934613	3.071927	3.471586	-1.856023	-1.157242	-0.896216	0.031403	0.442506	-0.083379	-0.991638	-0.098495	0.435713	-0.125169	0.891340
56007	6.748396	6.931295	12.850748	-1.914448	1.236323	0.352201	-0.901815	0.029599	0.431107	-0.088474	-0.989164	-0.117162	0.422967	-0.143800	0.894662
56008	2.070403	-7.113406	8.889278	-1.226592	-0.748164	0.649821	-0.899192	0.022076	0.436996	-0.087887	-0.987485	-0.130958	0.428636	-0.156163	0.889879
56009	7.117585	0.131187	8.745599	1.275496	-0.554378	-0.151311	-0.896658	0.022762	0.442138	-0.083782	-0.989356	-0.118978	0.434724	-0.143726	0.889021
56010	4.907802	0.847635	9.605018	-0.450480	0.152063	0.128360	-0.897416	0.021736	0.440650	-0.084627	-0.988720	-0.123580	0.432993	-0.148193	0.889132
56011	4.804535	-2.697459	8.879699	-0.187474	-0.153781	0.132334	-0.896849	0.020219	0.441874	-0.084295	-0.988460	-0.125859	0.434230	-0.150124	0.888204
56012	4.810211	-0.624770	9.308253	0.125096	-0.041029	0.052897	-0.896705	0.019656	0.442192	-0.083319	-0.988651	-0.125012	0.434716	-0.148942	0.888166
56013	4.666804	-1.801322	9.089019	-0.098894	-0.051396	0.080961	-0.896537	0.018801	0.442569	-0.083065	-0.988511	-0.126278	0.435110	-0.149975	0.887799
56014	4.326309	-1.863171	9.011075	0.027509	-0.029110	0.054628	-0.896446	0.018238	0.442778	-0.082498	-0.988555	-0.126306	0.435407	-0.149754	0.887690
56015	4.412861	-1.584739	9.105684	0.003664	-0.063524	0.046023	-0.896195	0.017710	0.443306	-0.082112	-0.988561	-0.126507	0.435995	-0.149775	0.887398
56016	4.590762	-1.462579	9.130141	-0.012567	-0.084259	0.051812	-0.895860	0.017093	0.444008	-0.081745	-0.988544	-0.126878	0.436753	-0.149960	0.886994
56017	4.666724	-1.595840	9.072293	-0.041993	-0.049204	0.050239	-0.895674	0.016543	0.444403	-0.081520	-0.988482	-0.127504	0.437175	-0.150430	0.886707
56018	4.567187	-1.180044	9.093865	-0.004808	-0.055427	0.040749	-0.895455	0.016079	0.444862	-0.081219	-0.988474	-0.127757	0.437681	-0.150532	0.886440
56019	4.655894	-1.298044	9.190902	-0.055685	-0.081765	0.050686	-0.895126	0.015476	0.445544	-0.081051	-0.988391	-0.128506	0.438383	-0.151141	0.885989
56020	4.592839	-1.354891	9.155925	-0.007051	-0.045449	0.042790	-0.894951	0.015005	0.445912	-0.080741	-0.988380	-0.128789	0.438798	-0.151264	0.885763
56021	4.471942	-1.142257	9.353278	-0.037245	-0.080523	0.051533	-0.894627	0.014395	0.446581	-0.080486	-0.988323	-0.129379	0.439504	-0.151690	0.885340
56022	4.604695	-1.411007	9.186817	-0.058323	-0.109747	0.049802	-0.894174	0.013758	0.447507	-0.080340	-0.988234	-0.130148	0.440452	-0.152327	0.884759
56023	4.529666	-1.450972	9.095200	-0.057171	-0.104752	0.052398	-0.893743	0.013101	0.448388	-0.080166	-0.988147	-0.130918	0.441358	-0.152952	0.884200
56024	4.502720	-1.577585	9.134371	-0.081606	-0.117519	0.049588	-0.893253	0.012452	0.449381	-0.080126	-0.988021	-0.131891	0.442356	-0.153819	0.883550
56025	4.461241	-1.532219	9.172968	-0.058433	-0.143077	0.043169	-0.892642	0.011827	0.450610	-0.080042	-0.987928	-0.132631	0.443602	-0.154460	0.882813
56026	4.631084	-1.567277	9.153352	-0.082414	-0.182466	0.034848	-0.891849	0.011221	0.452194	-0.080140	-0.987797	-0.133545	0.445177	-0.155341	0.881865
56027	4.699473	-1.609065	9.061687	-0.083158	-0.156527	0.027379	-0.891162	0.010728	0.453559	-0.080309	-0.987663	-0.134432	0.446522	-0.156225	0.881029
