// General information: 
//  MT Manager version: 2022.2.0 
//  XDA version: 2022.2.0 build 7381 rev 124627 built on 2023-07-19
// Device information: 
//  DeviceId: 00B4CBA7
//  ProductCode: MTW2-3A7G6
//  Firmware Version: 4.6.0
//  Hardware Version: 2.0.0
// Device settings: 
//  Filter Profile: human(46.1)
//  Option Flags: Orientation Smoother Disabled, Position/Velocity Smoother Disabled, Continuous Zero Rotation Update Disabled, AHS Disabled, ICC Disabled
// Coordinate system: ENU
PacketCounter	Acc_X	Acc_Y	Acc_Z	Gyr_X	Gyr_Y	Gyr_Z	Mat[1][1]	Mat[2][1]	Mat[3][1]	Mat[1][2]	Mat[2][2]	Mat[3][2]	Mat[1][3]	Mat[2][3]	Mat[3][3]
09267	9.247786	-1.757046	-2.778076	-0.050002	0.006200	-0.009777	-0.295131	-0.109530	0.949158	-0.755458	0.634947	-0.161631	-0.584962	-0.764752	-0.270138
09268	9.279832	-1.738489	-2.846817	-0.036877	0.005806	-0.015656	-0.294950	-0.109627	0.949203	-0.755257	0.635267	-0.161315	-0.585313	-0.764472	-0.270169
09269	9.266721	-1.756237	-2.848797	-0.021034	0.013364	-0.017056	-0.294698	-0.109643	0.949280	-0.755191	0.635411	-0.161053	-0.585525	-0.764350	-0.270056
09270	9.276756	-1.709903	-2.772262	-0.005664	0.011193	-0.023744	-0.294498	-0.109659	0.949340	-0.755203	0.635443	-0.160874	-0.585610	-0.764322	-0.269951
09271	9.248507	-1.603123	-2.733887	-0.015642	0.013883	-0.023874	-0.294191	-0.109714	0.949429	-0.755189	0.635538	-0.160562	-0.585782	-0.764234	-0.269824
09272	9.230617	-1.661443	-2.608282	-0.026715	0.012874	-0.029922	-0.293882	-0.109745	0.949521	-0.755080	0.635754	-0.160222	-0.586078	-0.764050	-0.269703
09273	9.245016	-1.638047	-2.605329	-0.024846	0.008649	-0.026876	-0.293583	-0.109859	0.949600	-0.755020	0.635917	-0.159857	-0.586304	-0.763899	-0.269640
09274	9.254664	-1.623243	-2.502349	-0.031309	0.010247	-0.031428	-0.293323	-0.109960	0.949669	-0.754918	0.636124	-0.159515	-0.586567	-0.763711	-0.269600
09275	9.280835	-1.634251	-2.519915	-0.028523	0.009010	-0.039602	-0.292926	-0.110152	0.949769	-0.754873	0.636301	-0.159020	-0.586822	-0.763536	-0.269540
09276	9.333902	-1.637418	-2.506195	-0.024143	0.000362	-0.038327	-0.292661	-0.110340	0.949829	-0.754807	0.636476	-0.158632	-0.587040	-0.763363	-0.269557
09277	9.270718	-1.558183	-2.526800	-0.015535	-0.002266	-0.037130	-0.292349	-0.110603	0.949894	-0.754832	0.636556	-0.158196	-0.587164	-0.763259	-0.269583
09278	9.270970	-1.586556	-2.500655	-0.016472	-0.007847	-0.046552	-0.292020	-0.110992	0.949950	-0.754851	0.636666	-0.157658	-0.587302	-0.763110	-0.269702
09279	9.320676	-1.634316	-2.587403	-0.014828	-0.010551	-0.048584	-0.291671	-0.111391	0.950011	-0.754913	0.636727	-0.157115	-0.587396	-0.763001	-0.269805
09280	9.262570	-1.653455	-2.552033	-0.008062	-0.015908	-0.051031	-0.291347	-0.111835	0.950058	-0.754998	0.636759	-0.156574	-0.587448	-0.762909	-0.269953
09281	9.280785	-1.684696	-2.597906	-0.004776	-0.021307	-0.055093	-0.291012	-0.112357	0.950099	-0.755137	0.636736	-0.155996	-0.587435	-0.762852	-0.270143
09282	9.234865	-1.673330	-2.637130	0.008967	-0.020754	-0.059759	-0.290646	-0.112955	0.950140	-0.755347	0.636639	-0.155374	-0.587346	-0.762844	-0.270357
09283	9.254840	-1.649086	-2.660253	0.013488	-0.024333	-0.061397	-0.290280	-0.113541	0.950182	-0.755612	0.636469	-0.154785	-0.587187	-0.762899	-0.270547
09284	9.300240	-1.607146	-2.728480	0.017248	-0.026946	-0.060753	-0.289894	-0.114130	0.950229	-0.755853	0.636333	-0.154165	-0.587067	-0.762925	-0.270735
09285	9.351501	-1.599020	-2.793312	0.024992	-0.022017	-0.065266	-0.289485	-0.114723	0.950283	-0.756195	0.636070	-0.153571	-0.586828	-0.763056	-0.270885
09286	9.305774	-1.522235	-2.885820	0.021755	-0.017775	-0.067255	-0.289064	-0.115265	0.950345	-0.756489	0.635863	-0.152977	-0.586657	-0.763146	-0.271002
09287	9.358780	-1.491010	-2.900245	0.015761	-0.013423	-0.067101	-0.288590	-0.115803	0.950424	-0.756782	0.635667	-0.152340	-0.586512	-0.763228	-0.271085
09288	9.320638	-1.425058	-2.939137	0.007389	-0.006537	-0.068671	-0.288139	-0.116212	0.950511	-0.756989	0.635558	-0.151769	-0.586468	-0.763257	-0.271100
09289	9.323019	-1.428796	-2.862870	-0.006496	0.000568	-0.065953	-0.287591	-0.116635	0.950625	-0.757147	0.635533	-0.151083	-0.586532	-0.763213	-0.271084
09290	9.258181	-1.402693	-2.905677	-0.025088	0.005781	-0.067277	-0.287051	-0.116944	0.950750	-0.757161	0.635676	-0.150412	-0.586779	-0.763047	-0.271017
09291	9.310363	-1.457768	-2.914388	-0.043339	0.014540	-0.066429	-0.286418	-0.117264	0.950902	-0.757103	0.635931	-0.149622	-0.587163	-0.762785	-0.270923
09292	9.335902	-1.487570	-2.980994	-0.047734	0.023130	-0.067716	-0.285840	-0.117487	0.951048	-0.757001	0.636217	-0.148924	-0.587576	-0.762512	-0.270794
09293	9.253999	-1.554649	-2.870897	-0.064934	0.028246	-0.070125	-0.285098	-0.117726	0.951241	-0.756825	0.636632	-0.148040	-0.588162	-0.762129	-0.270601
09294	9.231874	-1.541734	-2.774746	-0.064907	0.028206	-0.070145	-0.284430	-0.117948	0.951414	-0.756610	0.637079	-0.147212	-0.588762	-0.761721	-0.270445
09295	9.299734	-1.585633	-2.703353	-0.069291	0.030960	-0.065988	-0.283704	-0.118141	0.951606	-0.756395	0.637531	-0.146356	-0.589388	-0.761312	-0.270231
09296	9.284731	-1.519166	-2.607851	-0.067496	0.027479	-0.065500	-0.283103	-0.118295	0.951766	-0.756149	0.637991	-0.145621	-0.589992	-0.760903	-0.270066
09297	9.281617	-1.454920	-2.559704	-0.080816	0.029220	-0.064731	-0.282397	-0.118494	0.951951	-0.755861	0.638532	-0.144746	-0.590699	-0.760419	-0.269884
09298	9.334509	-1.508816	-2.567732	-0.069749	0.022976	-0.067871	-0.281820	-0.118760	0.952089	-0.755633	0.638978	-0.143965	-0.591267	-0.760002	-0.269816
09299	9.363877	-1.405267	-2.538426	-0.052303	0.022165	-0.065832	-0.281148	-0.119020	0.952255	-0.755514	0.639300	-0.143157	-0.591738	-0.759691	-0.269660
09300	9.360097	-1.308734	-2.517476	-0.051933	0.012553	-0.067425	-0.280626	-0.119322	0.952371	-0.755367	0.639635	-0.142437	-0.592174	-0.759361	-0.269630
09301	9.309712	-1.425195	-2.423996	-0.064693	0.014809	-0.074038	-0.279936	-0.119692	0.952528	-0.755197	0.640040	-0.141517	-0.592717	-0.758962	-0.269561
09302	9.272648	-1.521185	-2.328810	-0.051677	-0.002531	-0.074741	-0.279422	-0.120180	0.952617	-0.755071	0.640370	-0.140690	-0.593120	-0.758606	-0.269678
09303	9.268956	-1.522730	-2.230229	-0.037070	-0.015595	-0.076868	-0.278891	-0.120799	0.952695	-0.755071	0.640561	-0.139818	-0.593370	-0.758346	-0.269859
09304	9.302812	-1.540653	-2.197924	-0.029679	-0.026179	-0.081278	-0.278465	-0.121483	0.952732	-0.755089	0.640718	-0.139000	-0.593546	-0.758105	-0.270148
09305	9.288306	-1.509370	-2.307014	-0.018420	-0.040067	-0.082494	-0.278037	-0.122323	0.952750	-0.755215	0.640759	-0.138125	-0.593587	-0.757935	-0.270535
09306	9.325207	-1.419122	-2.456428	0.008861	-0.048809	-0.086020	-0.277721	-0.123181	0.952732	-0.755478	0.640606	-0.137396	-0.593401	-0.757925	-0.270970
09307	9.387312	-1.343571	-2.624355	0.022629	-0.053949	-0.085254	-0.277354	-0.124143	0.952714	-0.755854	0.640331	-0.136605	-0.593094	-0.758000	-0.271432
09308	9.389643	-1.195254	-2.835834	0.029286	-0.057376	-0.084223	-0.277217	-0.125105	0.952628	-0.756280	0.639948	-0.136038	-0.592613	-0.758166	-0.272019
09309	9.342125	-1.149714	-2.904521	0.021796	-0.052322	-0.085546	-0.276838	-0.126057	0.952612	-0.756652	0.639677	-0.135243	-0.592316	-0.758236	-0.272468
09310	9.353146	-1.111037	-2.982884	-0.003296	-0.044691	-0.085392	-0.276511	-0.126963	0.952587	-0.756858	0.639601	-0.134449	-0.592206	-0.758149	-0.272949
09311	9.321120	-1.175636	-2.941590	-0.029849	-0.035874	-0.078091	-0.276090	-0.127742	0.952605	-0.756902	0.639730	-0.133584	-0.592346	-0.757910	-0.273311
09312	9.278689	-1.215686	-2.802799	-0.056142	-0.030117	-0.080370	-0.275716	-0.128417	0.952623	-0.756763	0.640069	-0.132745	-0.592697	-0.757510	-0.273658
09313	9.289120	-1.349619	-2.647013	-0.061256	-0.027576	-0.079965	-0.275232	-0.129145	0.952664	-0.756626	0.640432	-0.131777	-0.593098	-0.757079	-0.273982
09314	9.266747	-1.426922	-2.778988	-0.068607	-0.029091	-0.073292	-0.274912	-0.129844	0.952661	-0.756418	0.640849	-0.130937	-0.593511	-0.756606	-0.274394
09315	9.273990	-1.309078	-2.759472	-0.043797	-0.028284	-0.077968	-0.274449	-0.130565	0.952696	-0.756377	0.641081	-0.130035	-0.593777	-0.756286	-0.274700
09316	9.281787	-1.224538	-2.713142	-0.024692	-0.031618	-0.078000	-0.274083	-0.131317	0.952698	-0.756432	0.641177	-0.129241	-0.593877	-0.756074	-0.275068
09317	9.337884	-1.299584	-2.573422	-0.023372	-0.030533	-0.073017	-0.273671	-0.132024	0.952719	-0.756498	0.641259	-0.128442	-0.593983	-0.755881	-0.275370
09318	9.326549	-1.235724	-2.505898	-0.015529	-0.032052	-0.069540	-0.273441	-0.132678	0.952694	-0.756595	0.641263	-0.127851	-0.593965	-0.755763	-0.275731
09319	9.327720	-1.206567	-2.459544	-0.013214	-0.040046	-0.073569	-0.273081	-0.133460	0.952688	-0.756722	0.641267	-0.127076	-0.593968	-0.755623	-0.276110
09320	9.352868	-1.268709	-2.505376	-0.001883	-0.047667	-0.071662	-0.272861	-0.134233	0.952643	-0.756877	0.641210	-0.126438	-0.593872	-0.755534	-0.276559
09321	9.336798	-1.183932	-2.592222	0.028314	-0.057066	-0.074888	-0.272592	-0.135152	0.952590	-0.757254	0.640897	-0.125766	-0.593514	-0.755636	-0.277048
09322	9.429325	-1.101632	-2.752958	0.055936	-0.062076	-0.076317	-0.272407	-0.136071	0.952512	-0.757762	0.640403	-0.125226	-0.592952	-0.755889	-0.277560
09323	9.411515	-0.985236	-2.867022	0.059074	-0.064425	-0.070852	-0.272211	-0.137019	0.952432	-0.758309	0.639861	-0.124678	-0.592341	-0.756177	-0.278080
09324	9.420899	-1.003742	-2.969628	0.034260	-0.059583	-0.071605	-0.272027	-0.137917	0.952355	-0.758670	0.639549	-0.124086	-0.591964	-0.756278	-0.278608
09325	9.384580	-1.050121	-3.082111	0.037715	-0.053265	-0.066821	-0.271794	-0.138754	0.952300	-0.759080	0.639172	-0.123517	-0.591545	-0.756443	-0.279049
09326	9.334345	-1.084894	-3.222883	0.044514	-0.046078	-0.062970	-0.271703	-0.139363	0.952237	-0.759464	0.638774	-0.123213	-0.591093	-0.756667	-0.279398
09327	9.329112	-1.057675	-3.152738	0.040627	-0.036161	-0.054349	-0.271464	-0.139990	0.952213	-0.759857	0.638392	-0.122772	-0.590699	-0.756874	-0.279673
09328	9.260927	-1.111106	-3.043873	0.022111	-0.020693	-0.052766	-0.271296	-0.140354	0.952207	-0.760080	0.638180	-0.122490	-0.590488	-0.756985	-0.279816
09329	9.421505	-1.297699	-2.772490	0.018289	-0.011936	-0.050218	-0.270945	-0.140771	0.952246	-0.760329	0.637973	-0.122026	-0.590329	-0.757082	-0.279888
09330	9.661163	-1.284220	-2.412891	0.062746	-0.011688	-0.039119	-0.270750	-0.141027	0.952264	-0.760736	0.637516	-0.121881	-0.589895	-0.757420	-0.279891
09331	9.604177	-1.088304	-2.284052	0.070065	-0.024961	-0.028537	-0.270640	-0.141403	0.952239	-0.761230	0.636947	-0.121769	-0.589307	-0.757829	-0.280024
09332	9.428420	-1.067273	-2.254135	0.030498	-0.024699	-0.030470	-0.270556	-0.141687	0.952221	-0.761411	0.636764	-0.121593	-0.589111	-0.757929	-0.280162
09333	9.426524	-1.198240	-2.352875	0.031319	-0.041598	-0.021527	-0.270597	-0.142145	0.952141	-0.761658	0.636498	-0.121440	-0.588773	-0.758067	-0.280500
09334	9.376230	-1.126821	-2.447146	0.034233	-0.053736	-0.021430	-0.270818	-0.142611	0.952008	-0.761886	0.636228	-0.121426	-0.588377	-0.758206	-0.280955
09335	9.231771	-0.991025	-2.592658	0.011733	-0.056425	-0.017490	-0.270977	-0.143156	0.951881	-0.762006	0.636116	-0.121257	-0.588148	-0.758197	-0.281458
09336	9.198306	-0.866634	-2.735996	-0.017681	-0.054313	-0.019660	-0.271148	-0.143662	0.951756	-0.761912	0.636274	-0.121021	-0.588192	-0.757969	-0.281982
09337	9.292630	-0.940990	-2.840774	-0.060462	-0.050594	-0.020945	-0.271247	-0.144184	0.951649	-0.761617	0.636704	-0.120615	-0.588528	-0.757509	-0.282517
09338	9.314201	-1.051178	-2.987062	-0.064114	-0.048826	-0.019032	-0.271451	-0.144598	0.951528	-0.761245	0.637201	-0.120336	-0.588915	-0.757011	-0.283043
09339	9.360168	-1.032116	-3.132143	-0.054521	-0.047934	-0.020555	-0.271538	-0.145096	0.951427	-0.760983	0.637586	-0.119951	-0.589213	-0.756591	-0.283545
09340	9.373623	-0.965373	-3.260606	-0.056553	-0.026210	-0.020111	-0.271537	-0.145357	0.951388	-0.760627	0.638077	-0.119603	-0.589674	-0.756128	-0.283824
09341	9.320282	-0.955775	-3.276368	-0.068182	-0.022260	-0.024197	-0.271446	-0.145685	0.951364	-0.760294	0.638559	-0.119145	-0.590145	-0.755657	-0.284097
09342	9.305584	-1.104554	-3.377151	-0.053797	-0.009927	-0.024890	-0.271338	-0.145948	0.951354	-0.760028	0.638950	-0.118748	-0.590537	-0.755277	-0.284295
09343	9.201521	-1.122998	-3.377259	-0.027194	-0.000601	-0.020273	-0.271148	-0.146087	0.951387	-0.759926	0.639128	-0.118442	-0.590755	-0.755099	-0.284314
09344	9.102037	-1.020630	-3.203645	-0.026666	0.006596	-0.015848	-0.270972	-0.146107	0.951434	-0.759743	0.639392	-0.118190	-0.591071	-0.754871	-0.284261
09345	9.123766	-0.919845	-2.925178	-0.022161	0.004282	-0.011451	-0.270821	-0.146153	0.951470	-0.759646	0.639545	-0.117983	-0.591264	-0.754733	-0.284227
09346	9.118160	-0.849382	-2.501627	-0.009181	0.001929	0.006272	-0.270886	-0.146039	0.951469	-0.759508	0.639697	-0.118048	-0.591412	-0.754626	-0.284203
09347	9.091020	-0.514118	-2.017155	-0.007712	-0.008979	0.013516	-0.271003	-0.146025	0.951438	-0.759429	0.639777	-0.118120	-0.591460	-0.754560	-0.284277
09348	9.307264	-0.559639	-1.814809	-0.023269	-0.031281	0.040881	-0.271572	-0.145964	0.951285	-0.759172	0.640008	-0.118526	-0.591529	-0.754377	-0.284620
09349	9.020852	-0.968993	-1.748262	-0.132125	-0.038943	0.009732	-0.271838	-0.146200	0.951173	-0.758366	0.641021	-0.118208	-0.592439	-0.753471	-0.285127
09350	9.005387	-1.654823	-1.711163	-0.150432	-0.057817	-0.045335	-0.271887	-0.146831	0.951062	-0.757543	0.642137	-0.117427	-0.593470	-0.752397	-0.285819
09351	8.896819	-2.347765	-1.576003	-0.141685	-0.114151	-0.092035	-0.271830	-0.148285	0.950852	-0.756955	0.643069	-0.116112	-0.594246	-0.751315	-0.287050
09352	8.065883	-2.959458	-1.225823	-0.231091	-0.292479	-0.169940	-0.272383	-0.151543	0.950180	-0.756093	0.644466	-0.113960	-0.595089	-0.749465	-0.290122
09353	8.801109	-2.756827	-1.567235	-0.047284	-0.382050	-0.153477	-0.273457	-0.155399	0.949248	-0.756234	0.644587	-0.112331	-0.594417	-0.748572	-0.293784
09354	8.495248	-1.385795	-0.527219	0.001347	-0.388798	-0.086233	-0.275232	-0.158779	0.948175	-0.756523	0.644357	-0.111698	-0.593228	-0.748060	-0.297468
09355	8.612241	-1.448163	-1.611697	-0.145549	-0.446178	-0.038483	-0.277550	-0.162366	0.946891	-0.755770	0.645384	-0.110864	-0.593108	-0.746402	-0.301838
09356	8.351018	-0.923157	-2.293227	-0.181764	-0.403760	-0.033458	-0.279737	-0.165482	0.945708	-0.754742	0.646719	-0.110085	-0.593390	-0.744560	-0.305807
09357	9.053134	-1.366905	-3.986878	-0.223716	-0.328347	-0.053401	-0.281247	-0.168273	0.944767	-0.753567	0.648295	-0.108860	-0.594170	-0.742561	-0.309136
09358	9.880366	-1.520936	-5.332740	-0.109728	-0.273837	-0.080635	-0.282313	-0.170749	0.944004	-0.753135	0.648966	-0.107848	-0.594211	-0.741410	-0.311809
09359	10.560440	-1.090724	-6.466676	0.006241	-0.208815	-0.099595	-0.282766	-0.172947	0.943468	-0.753457	0.648750	-0.106896	-0.593587	-0.741089	-0.313753
09360	10.367406	-0.920041	-6.924611	0.025069	-0.132349	-0.090480	-0.282958	-0.174359	0.943151	-0.753796	0.648459	-0.106270	-0.593065	-0.741013	-0.314917
09361	9.324037	-0.747275	-6.829086	0.032910	-0.074255	-0.093573	-0.282657	-0.175519	0.943026	-0.754259	0.648053	-0.105459	-0.592620	-0.741094	-0.315563
09362	8.555519	-0.920446	-6.140153	0.009965	0.004757	-0.103503	-0.281916	-0.176049	0.943149	-0.754547	0.647855	-0.104612	-0.592606	-0.741142	-0.315478
09363	8.331801	-1.201115	-5.132009	0.029491	0.055063	-0.093756	-0.280846	-0.176251	0.943430	-0.754988	0.647472	-0.103789	-0.592552	-0.741428	-0.314908
09364	8.505168	-0.753234	-4.074759	0.032739	0.111171	-0.064912	-0.279782	-0.175738	0.943842	-0.755279	0.647199	-0.103382	-0.592685	-0.741788	-0.313806
09365	9.147742	-0.083218	-3.441665	-0.152289	0.172246	-0.042623	-0.278402	-0.174740	0.944435	-0.754497	0.648255	-0.102471	-0.594329	-0.741101	-0.312317
09366	9.473478	-0.168283	-2.756137	-0.455854	0.215212	-0.037736	-0.276885	-0.173360	0.945135	-0.751825	0.651623	-0.100731	-0.598409	-0.738468	-0.310761
09367	9.656108	-0.433498	-2.221328	-0.691955	0.232816	-0.056661	-0.275025	-0.172019	0.945923	-0.747823	0.656622	-0.098019	-0.604253	-0.734341	-0.309227
09368	9.796409	-1.292255	-2.023443	-0.815721	0.217143	-0.081655	-0.273214	-0.170922	0.946647	-0.743138	0.662376	-0.094883	-0.610819	-0.729413	-0.307989
09369	9.657007	-2.343002	-1.929229	-0.749513	0.176172	-0.091298	-0.271420	-0.170252	0.947283	-0.738788	0.667672	-0.091683	-0.616865	-0.724727	-0.307000
09370	9.522631	-2.845309	-2.292578	-0.503669	0.124375	-0.099467	-0.270017	-0.169932	0.947741	-0.735906	0.671166	-0.089322	-0.620913	-0.721567	-0.306281
09371	9.335463	-2.687171	-2.633611	-0.198460	0.067496	-0.124310	-0.268648	-0.170284	0.948067	-0.735009	0.672387	-0.087506	-0.622567	-0.720346	-0.305796
09372	9.550598	-1.825818	-3.168149	0.071493	0.034460	-0.151373	-0.267417	-0.171002	0.948286	-0.735897	0.671555	-0.086424	-0.622048	-0.720952	-0.305425
09373	9.768029	-0.982675	-3.625069	0.216493	0.037303	-0.172301	-0.265881	-0.171891	0.948557	-0.737704	0.669699	-0.085421	-0.620564	-0.722466	-0.304865
09374	9.362553	-0.282813	-3.924147	0.268804	0.037107	-0.182722	-0.264367	-0.172810	0.948813	-0.739867	0.667414	-0.084591	-0.618633	-0.724358	-0.304299
09375	9.141045	-0.264224	-4.068780	0.273655	0.057805	-0.184846	-0.262606	-0.173625	0.949153	-0.742046	0.665111	-0.083638	-0.616770	-0.726280	-0.303500
09376	8.927305	-0.303090	-3.860734	0.316260	0.075356	-0.175104	-0.260973	-0.174157	0.949506	-0.744496	0.662432	-0.083123	-0.614507	-0.728597	-0.302536
09377	8.843674	-0.052654	-3.419346	0.302899	0.095248	-0.155706	-0.259193	-0.174494	0.949932	-0.746761	0.659952	-0.082530	-0.612508	-0.730764	-0.301361
09378	8.964709	-0.114569	-2.807960	0.159021	0.121066	-0.136369	-0.257525	-0.174445	0.950395	-0.748068	0.658559	-0.081822	-0.611618	-0.732031	-0.300092
09379	8.959812	-0.054056	-2.097849	-0.027005	0.116475	-0.133608	-0.255778	-0.174475	0.950861	-0.748247	0.658525	-0.080442	-0.612130	-0.732054	-0.298987
09380	9.263466	-0.288920	-1.770264	-0.209257	0.114819	-0.124502	-0.254230	-0.174415	0.951287	-0.747312	0.659791	-0.078748	-0.613916	-0.730928	-0.298081
09381	9.388986	-0.686248	-1.361649	-0.307920	0.092858	-0.134844	-0.252618	-0.174630	0.951676	-0.745761	0.661805	-0.076519	-0.616461	-0.729053	-0.297417
09382	9.524822	-0.636845	-0.950569	-0.261178	0.033750	-0.129976	-0.251490	-0.175225	0.951866	-0.744473	0.663477	-0.074558	-0.618476	-0.727389	-0.297308
09383	9.753556	-0.259130	-0.843122	-0.192119	-0.022701	-0.115067	-0.250740	-0.176157	0.951892	-0.743574	0.664672	-0.072863	-0.619860	-0.726072	-0.297646
09384	9.678528	-0.020052	-0.937199	-0.098389	-0.088437	-0.105410	-0.250527	-0.177468	0.951704	-0.743186	0.665245	-0.071586	-0.620412	-0.725227	-0.298553
09385	9.916291	0.414222	-1.662139	0.000848	-0.135399	-0.094921	-0.250628	-0.179083	0.951375	-0.743431	0.665070	-0.070657	-0.620078	-0.724990	-0.299821
09386	9.882301	0.105368	-2.290415	0.047958	-0.154751	-0.072161	-0.251084	-0.180650	0.950959	-0.743906	0.664591	-0.070166	-0.619323	-0.725041	-0.301255
09387	9.395009	0.072437	-2.867081	0.107738	-0.184930	-0.051156	-0.251814	-0.182333	0.950444	-0.744703	0.663718	-0.069977	-0.618067	-0.725420	-0.302917
09388	9.328462	-0.193014	-3.352546	0.130888	-0.176867	-0.031563	-0.252719	-0.183784	0.949925	-0.745621	0.662666	-0.070158	-0.616589	-0.726014	-0.304502
09389	9.219257	-0.147147	-3.290857	0.131185	-0.176963	-0.011663	-0.253689	-0.185149	0.949401	-0.746461	0.661693	-0.070420	-0.615174	-0.726555	-0.306070
09390	9.375819	0.197832	-3.215862	0.066773	-0.163816	0.005231	-0.254771	-0.186250	0.948895	-0.746803	0.661275	-0.070716	-0.614310	-0.726654	-0.307566
09391	9.391791	0.407802	-2.997700	-0.072135	-0.141540	0.015889	-0.255727	-0.187175	0.948456	-0.746321	0.661829	-0.070616	-0.614499	-0.725912	-0.308940
09392	9.118642	0.102457	-2.748668	-0.176022	-0.141653	0.017964	-0.256746	-0.188064	0.948005	-0.745164	0.663171	-0.070252	-0.615477	-0.724456	-0.310405
09393	9.203276	-0.216365	-2.448841	-0.176785	-0.154479	0.012155	-0.257755	-0.189104	0.947524	-0.744046	0.664474	-0.069789	-0.616407	-0.722990	-0.311973
09394	9.314030	-0.445531	-2.294497	-0.153673	-0.174702	0.009353	-0.258909	-0.190297	0.946971	-0.743080	0.665594	-0.069411	-0.617089	-0.721646	-0.313734
09395	9.375020	-0.323262	-2.420455	-0.123838	-0.184871	0.006761	-0.260068	-0.191587	0.946393	-0.742300	0.666500	-0.069058	-0.617540	-0.720467	-0.315550
09396	9.656325	-0.069543	-2.972050	-0.120547	-0.191685	0.012308	-0.261341	-0.192869	0.945781	-0.741465	0.667458	-0.068772	-0.618006	-0.719236	-0.317440
09397	9.594531	0.236130	-3.692645	-0.185168	-0.170575	0.036547	-0.262634	-0.193852	0.945222	-0.740226	0.668860	-0.068501	-0.618942	-0.717668	-0.319160
09398	9.521552	0.327127	-4.442107	-0.242845	-0.149064	0.064017	-0.264030	-0.194481	0.944704	-0.738504	0.670779	-0.068311	-0.620403	-0.715704	-0.320730
09399	9.495750	0.316007	-4.857268	-0.246640	-0.116035	0.086849	-0.265358	-0.194729	0.944280	-0.736745	0.672712	-0.068311	-0.621926	-0.713821	-0.321975
09400	9.445221	0.265984	-5.100849	-0.232282	-0.075740	0.111401	-0.266644	-0.194516	0.943962	-0.734915	0.674684	-0.068567	-0.623539	-0.712015	-0.322853
09401	9.194594	-0.181316	-4.771393	-0.204542	-0.042777	0.131560	-0.267844	-0.193933	0.943742	-0.733289	0.676395	-0.069120	-0.624937	-0.710549	-0.323378
09402	9.061778	-0.258336	-3.981405	-0.148527	-0.028183	0.159367	-0.269180	-0.193071	0.943539	-0.731869	0.677831	-0.070093	-0.626027	-0.709415	-0.323761
09403	9.056615	-0.091057	-2.882160	-0.161687	-0.019633	0.178614	-0.270576	-0.192000	0.943358	-0.730376	0.679321	-0.071227	-0.627168	-0.708279	-0.324041
09404	8.971764	-0.268442	-1.860767	-0.249520	-0.029770	0.191566	-0.272152	-0.190921	0.943124	-0.728188	0.681568	-0.072156	-0.629027	-0.706409	-0.324516
09405	9.118386	-0.643399	-1.026965	-0.339123	-0.053462	0.177267	-0.273745	-0.190090	0.942831	-0.725569	0.684298	-0.072699	-0.631358	-0.703990	-0.325247
09406	9.185801	-1.042911	-0.490639	-0.319737	-0.116327	0.152682	-0.275571	-0.189876	0.942342	-0.723066	0.686907	-0.073040	-0.633432	-0.701503	-0.326585
09407	9.309409	-1.219172	-0.315921	-0.180181	-0.210783	0.133799	-0.277841	-0.190436	0.941562	-0.721556	0.688424	-0.073683	-0.634162	-0.699861	-0.328683
09408	9.603828	-1.266940	-0.508026	-0.006517	-0.296068	0.118226	-0.280545	-0.191704	0.940502	-0.721128	0.688761	-0.074716	-0.633458	-0.699184	-0.331472
09409	9.681176	-1.170368	-0.793131	0.145424	-0.378756	0.093570	-0.283583	-0.193712	0.939179	-0.721786	0.687925	-0.076052	-0.631352	-0.699453	-0.334902
09410	9.712521	-1.298628	-1.326311	0.256432	-0.451311	0.095896	-0.287089	-0.196208	0.937594	-0.723054	0.686402	-0.077755	-0.628310	-0.700254	-0.338927
09411	9.535725	-1.248509	-1.695825	0.391403	-0.517490	0.119656	-0.291163	-0.199019	0.935743	-0.725161	0.683895	-0.080184	-0.623992	-0.701911	-0.343446
09412	9.540864	-0.752085	-1.995496	0.439963	-0.571660	0.134819	-0.295661	-0.202111	0.933668	-0.727460	0.681121	-0.082920	-0.619182	-0.703722	-0.348408
09413	9.614518	-0.774943	-2.231744	0.438145	-0.608912	0.164054	-0.300579	-0.205289	0.931402	-0.729676	0.678369	-0.085961	-0.614187	-0.705459	-0.353698
09414	9.408712	-0.827846	-2.295753	0.463041	-0.642905	0.180595	-0.305797	-0.208587	0.928967	-0.731892	0.675552	-0.089238	-0.608952	-0.707192	-0.359245
09415	9.484950	-0.711557	-2.361262	0.496660	-0.683328	0.195310	-0.311339	-0.212112	0.926324	-0.734302	0.672447	-0.092821	-0.603215	-0.709101	-0.365113
09416	9.566224	-0.989569	-2.584563	0.554920	-0.713653	0.203848	-0.317084	-0.215792	0.923521	-0.736938	0.669008	-0.096700	-0.596976	-0.711240	-0.371157
09417	9.394324	-0.948533	-2.472562	0.678975	-0.757741	0.211002	-0.323106	-0.219788	0.920487	-0.740294	0.664629	-0.101159	-0.589549	-0.714116	-0.377453
09418	9.410083	-0.657893	-1.918184	0.738580	-0.803773	0.218672	-0.329393	-0.224073	0.917220	-0.743873	0.659872	-0.105937	-0.581510	-0.717189	-0.384039
09419	9.631569	-0.810956	-0.853178	0.764165	-0.884660	0.228436	-0.336171	-0.228931	0.913553	-0.747527	0.654897	-0.110963	-0.572881	-0.720208	-0.391290
09420	9.770686	-1.088725	0.731856	0.807025	-1.000629	0.209102	-0.343378	-0.234761	0.909384	-0.751367	0.649607	-0.116013	-0.563507	-0.723117	-0.399452
09421	10.372135	-1.175534	2.273275	0.908807	-1.165632	0.186160	-0.351254	-0.242006	0.904463	-0.755796	0.643465	-0.121348	-0.552623	-0.726214	-0.408927
09422	11.167291	-2.114054	3.856613	0.988501	-1.319527	0.158544	-0.359613	-0.250542	0.898837	-0.760602	0.636710	-0.126830	-0.540522	-0.729266	-0.419531
09423	11.445782	-1.453786	4.049208	1.130909	-1.572457	0.126117	-0.368931	-0.261237	0.891989	-0.766179	0.628767	-0.132749	-0.526174	-0.732399	-0.432126
09424	11.945881	-1.559650	2.145055	1.019999	-1.750720	0.123486	-0.378900	-0.273218	0.884187	-0.770999	0.621636	-0.138308	-0.511854	-0.734112	-0.446189
09425	12.163004	-2.425147	0.465700	0.936683	-1.889385	0.127105	-0.389387	-0.286308	0.875446	-0.775244	0.615111	-0.143651	-0.497369	-0.734620	-0.461474
09426	12.413492	-3.062115	-0.260368	0.839168	-2.022201	0.107119	-0.400057	-0.300401	0.865860	-0.778945	0.609249	-0.148526	-0.482907	-0.733877	-0.477730
09427	12.846873	-3.401429	-0.221637	0.793130	-2.175055	0.098165	-0.411133	-0.315748	0.855145	-0.782325	0.603736	-0.153203	-0.467908	-0.731988	-0.495234
09428	13.305810	-3.328639	0.751570	0.801892	-2.311877	0.075890	-0.422286	-0.332065	0.843450	-0.785712	0.598098	-0.157909	-0.452030	-0.729391	-0.513476
09429	14.097594	-3.530292	1.503583	0.798804	-2.456350	0.089091	-0.433855	-0.349407	0.830472	-0.788882	0.592586	-0.162807	-0.435240	-0.725780	-0.532738
09430	14.844321	-3.091124	2.678959	0.899189	-2.618831	0.099519	-0.445719	-0.367622	0.816204	-0.792291	0.586403	-0.168542	-0.416665	-0.721793	-0.552635
09431	15.468721	-3.754590	4.034986	0.793878	-2.745289	0.124214	-0.457859	-0.386635	0.800549	-0.794972	0.581159	-0.173991	-0.397976	-0.716078	-0.573453
09432	15.827379	-4.076039	3.683562	0.716339	-2.908331	0.165582	-0.470453	-0.406136	0.783407	-0.796916	0.576793	-0.179543	-0.378945	-0.708776	-0.595010
09433	16.054827	-3.029609	2.805822	0.508142	-3.004372	0.200510	-0.483133	-0.426134	0.764848	-0.797849	0.574043	-0.184152	-0.360583	-0.699203	-0.617330
09434	15.076735	-2.119860	-0.331077	0.223361	-3.024436	0.230848	-0.495760	-0.445322	0.745594	-0.797250	0.573832	-0.187375	-0.344403	-0.687318	-0.639516
09435	13.405889	-0.834483	-2.341973	-0.005428	-2.961143	0.208070	-0.507370	-0.464281	0.725961	-0.796199	0.574807	-0.188847	-0.329609	-0.673825	-0.661300
09436	11.363406	-0.117152	-5.799769	0.011751	-2.902908	0.169258	-0.518638	-0.481756	0.706347	-0.794610	0.576553	-0.190214	-0.315610	-0.659923	-0.681830
09437	10.472400	0.578818	-7.935580	0.048049	-2.779036	0.062052	-0.527668	-0.499553	0.687032	-0.794445	0.576534	-0.190958	-0.300704	-0.646572	-0.701086
09438	10.481514	0.543870	-8.331656	0.109186	-2.592147	-0.038991	-0.535744	-0.515290	0.668920	-0.794031	0.576914	-0.191532	-0.287215	-0.633756	-0.718235
09439	10.290336	1.291257	-10.056116	0.343502	-2.343991	-0.109710	-0.541398	-0.530658	0.652143	-0.795595	0.574170	-0.193279	-0.271876	-0.623483	-0.733043
09440	10.230002	1.809406	-12.144777	0.315629	-1.938355	-0.158356	-0.546352	-0.542241	0.638337	-0.796102	0.573009	-0.194636	-0.260233	-0.614521	-0.744744
09441	8.425726	1.294513	-13.910091	0.255289	-1.455346	-0.204223	-0.548413	-0.552305	0.627855	-0.797884	0.570319	-0.195236	-0.250247	-0.608026	-0.753446
09442	6.013254	0.088040	-13.350415	0.248372	-1.058375	-0.254330	-0.550063	-0.558880	0.620552	-0.798744	0.569004	-0.195558	-0.243803	-0.603231	-0.759390
09443	4.179386	-1.769535	-11.775035	0.442544	-0.707131	-0.314957	-0.549214	-0.564926	0.615810	-0.801550	0.564556	-0.196961	-0.236391	-0.601776	-0.762879
09444	4.079091	-1.643707	-14.844817	1.268950	-0.322280	-0.320664	-0.548402	-0.567477	0.614186	-0.805180	0.556589	-0.204679	-0.225698	-0.606777	-0.762156
09445	1.520581	0.888089	-15.689133	1.786063	0.241021	-0.383286	-0.544750	-0.568110	0.616846	-0.811203	0.543462	-0.215867	-0.212596	-0.617981	-0.756903
09446	-0.333833	0.187030	-11.262350	1.745486	0.400881	-0.488122	-0.539643	-0.568284	0.621159	-0.817694	0.529420	-0.226032	-0.200404	-0.629895	-0.750381
09447	3.025118	0.380947	-6.947572	1.511551	0.627202	-0.499765	-0.534288	-0.566911	0.627015	-0.823352	0.516963	-0.234182	-0.191383	-0.641375	-0.742974
09448	5.191247	1.537207	-6.554360	0.938175	1.484806	-0.595974	-0.526253	-0.560381	0.639556	-0.828512	0.507189	-0.237333	-0.191379	-0.654777	-0.731192
09449	4.657754	1.803367	-6.863043	0.309587	2.139022	-0.733455	-0.515948	-0.549925	0.656795	-0.832953	0.501056	-0.234802	-0.199968	-0.668225	-0.716581
09450	4.015114	2.017228	-7.371560	-0.452643	2.660365	-0.843814	-0.503098	-0.536226	0.677757	-0.836496	0.499216	-0.225961	-0.217181	-0.680621	-0.699705
09451	3.371352	1.042571	-7.721412	-1.232742	2.966395	-0.886550	-0.488833	-0.520333	0.700212	-0.838073	0.502969	-0.211317	-0.242230	-0.690127	-0.681945
09452	3.523089	-0.052708	-8.332591	-1.676334	3.145730	-0.936191	-0.472672	-0.503243	0.723414	-0.838436	0.509546	-0.193361	-0.271305	-0.697932	-0.662785
09453	3.433207	-0.481182	-8.440195	-1.801846	3.264211	-0.973695	-0.455131	-0.485342	0.746524	-0.837803	0.517360	-0.174427	-0.301565	-0.704828	-0.642088
09454	3.338658	-0.778315	-8.137935	-1.838760	3.355560	-1.000452	-0.435917	-0.466784	0.769474	-0.836581	0.525396	-0.155214	-0.331827	-0.711387	-0.619531
09455	3.934943	-0.809393	-7.866464	-1.748181	3.523459	-1.068300	-0.414742	-0.447244	0.792441	-0.835075	0.533000	-0.136236	-0.361440	-0.718250	-0.594540
09456	3.888636	-1.309771	-8.654728	-1.497123	3.730434	-1.138955	-0.391517	-0.425969	0.815638	-0.833580	0.539576	-0.118335	-0.389691	-0.726229	-0.566332
09457	3.621796	-1.672515	-8.619717	-0.913118	3.736823	-1.162914	-0.366815	-0.404912	0.837552	-0.834341	0.541414	-0.103664	-0.411488	-0.736829	-0.536434
09458	3.837945	-2.168270	-7.388589	-0.355220	3.755452	-1.155451	-0.341561	-0.382936	0.858310	-0.836580	0.540071	-0.091961	-0.428334	-0.749455	-0.504824
09459	4.207880	-1.869306	-7.173290	0.299244	3.879607	-1.132820	-0.315204	-0.359623	0.878247	-0.841606	0.533589	-0.083561	-0.438572	-0.765477	-0.470850
09460	4.187857	-0.698205	-6.903062	0.752576	3.973912	-1.090248	-0.288523	-0.334400	0.897179	-0.847953	0.524415	-0.077231	-0.444669	-0.783049	-0.434861
09461	4.368783	0.269705	-6.957850	0.970366	3.998584	-1.074724	-0.261499	-0.308297	0.914642	-0.855245	0.513267	-0.071511	-0.447409	-0.800943	-0.397889
09462	4.575714	0.788902	-6.827758	1.147141	4.026760	-1.019752	-0.234757	-0.280695	0.930645	-0.862663	0.501405	-0.066378	-0.447998	-0.818415	-0.359854
09463	4.447738	2.303839	-7.440365	1.252934	3.995021	-0.906162	-0.209011	-0.252136	0.944850	-0.870281	0.488623	-0.062125	-0.446011	-0.835270	-0.321557
09464	4.572021	3.592421	-7.388239	1.018444	3.976324	-0.761298	-0.184650	-0.222209	0.957354	-0.876092	0.478657	-0.057876	-0.445384	-0.849418	-0.283060
09465	4.222244	3.287943	-7.254395	0.489995	4.014623	-0.584207	-0.161552	-0.190663	0.968271	-0.879297	0.473257	-0.053518	-0.448038	-0.860044	-0.244105
09466	3.812512	2.915381	-6.566276	-0.117810	4.033947	-0.442652	-0.139417	-0.157881	0.977567	-0.879186	0.473970	-0.048838	-0.455626	-0.866272	-0.204886
09467	3.638603	1.605562	-5.357472	-0.814100	3.945601	-0.383772	-0.117794	-0.125486	0.985078	-0.875923	0.480483	-0.043535	-0.467850	-0.867980	-0.166514
09468	4.258170	0.386081	-4.182851	-1.152876	3.652903	-0.392782	-0.096958	-0.095716	0.990675	-0.870615	0.490510	-0.037816	-0.482317	-0.866163	-0.130890
09469	5.755367	-1.225942	-2.748306	-1.303021	3.251491	-0.482905	-0.076820	-0.069998	0.994585	-0.864659	0.501371	-0.031498	-0.496452	-0.862396	-0.099039
09470	7.532298	-3.414540	-2.551336	-1.148503	2.831789	-0.476209	-0.058407	-0.048085	0.997134	-0.858944	0.511427	-0.025650	-0.508727	-0.857981	-0.071173
09471	9.153279	-3.823714	-3.498885	-0.679694	2.421037	-0.435103	-0.042240	-0.029573	0.998670	-0.855682	0.517081	-0.020880	-0.515775	-0.855426	-0.047146
09472	8.139084	-4.037798	-3.330063	-0.286142	1.944887	-0.409498	-0.028584	-0.015126	0.999477	-0.854122	0.519809	-0.016561	-0.519287	-0.854149	-0.027778
09473	7.138874	-2.584076	-2.414705	0.325816	1.413958	-0.315022	-0.018531	-0.004661	0.999817	-0.855884	0.516993	-0.013453	-0.516836	-0.855977	-0.013570
09474	6.458463	-0.473113	-0.745904	0.659598	0.996726	-0.210565	-0.011510	0.002738	0.999930	-0.859113	0.511662	-0.011290	-0.511657	-0.859182	-0.003537
09475	7.599212	0.894937	-0.483575	0.593325	0.473231	-0.011688	-0.008965	0.006759	0.999937	-0.862134	0.506557	-0.011154	-0.506601	-0.862180	0.001286
09476	7.574660	0.770752	-0.894139	-0.017431	-0.039409	0.263677	-0.011345	0.007684	0.999906	-0.861810	0.507047	-0.013674	-0.507105	-0.861884	0.000870
09477	7.759592	0.691334	-2.101247	-0.906041	-0.431319	0.476752	-0.017612	0.006419	0.999824	-0.857110	0.514804	-0.018403	-0.514831	-0.857284	-0.003565
09478	11.673464	2.112926	-0.749149	-2.024228	-0.210370	0.568144	-0.023459	0.007525	0.999696	-0.846175	0.532370	-0.023864	-0.532388	-0.846478	-0.006122
09479	15.772987	1.298792	4.257360	-3.165745	0.308183	0.699970	-0.027605	0.013932	0.999522	-0.828720	0.558822	-0.030678	-0.558983	-0.829170	-0.003881
09480	20.135626	-6.175273	9.026998	-4.870576	0.736514	0.795589	-0.029718	0.024468	0.999259	-0.800049	0.598701	-0.038453	-0.599198	-0.800599	0.001783
09481	21.905378	-13.665313	8.405320	-5.966056	0.447219	0.701233	-0.032379	0.032331	0.998953	-0.762676	0.645171	-0.045601	-0.645970	-0.763354	0.003769
09482	16.924322	-11.047720	1.978185	-6.293300	-0.278253	0.774024	-0.039885	0.035439	0.998576	-0.720101	0.691818	-0.053314	-0.692722	-0.721202	-0.002074
09483	10.855803	-16.498336	-2.719847	-6.275136	-0.805504	0.441578	-0.048688	0.032958	0.998270	-0.675058	0.735543	-0.057208	-0.736156	-0.676676	-0.013564
09484	7.358828	-16.720663	-3.632653	-3.926309	-1.251933	0.094799	-0.058621	0.025411	0.997957	-0.645657	0.761474	-0.057315	-0.761374	-0.647697	-0.028231
09485	5.069330	-11.192193	-4.980343	-1.036367	-1.511878	-0.038684	-0.069892	0.015376	0.997436	-0.637761	0.768157	-0.056530	-0.767057	-0.640077	-0.043882
09486	6.170816	-4.776594	-6.449261	0.953766	-1.575328	-0.168701	-0.080788	0.004012	0.996723	-0.645273	0.761943	-0.055368	-0.759668	-0.647632	-0.058967
09487	7.501355	-0.219785	-6.441695	2.111657	-1.513893	-0.301376	-0.090171	-0.008193	0.995893	-0.661414	0.748093	-0.053732	-0.744580	-0.663543	-0.072876
09488	8.314151	4.084405	-7.382663	3.065809	-1.474724	-0.361499	-0.098517	-0.020756	0.994919	-0.684330	0.727274	-0.052590	-0.722487	-0.686033	-0.085853
09489	10.230861	7.712591	-7.030348	2.874770	-1.301926	-0.363927	-0.105222	-0.032433	0.993920	-0.705167	0.707163	-0.051577	-0.701190	-0.706307	-0.097279
09490	12.155025	7.080874	-5.965539	1.862684	-1.081227	-0.326876	-0.110367	-0.042393	0.992986	-0.718322	0.693897	-0.050215	-0.686901	-0.718826	-0.107035
09491	11.872653	5.089582	-6.150079	0.881574	-0.932951	-0.254345	-0.114871	-0.050883	0.992076	-0.724633	0.687416	-0.048647	-0.679494	-0.724479	-0.115836
09492	10.753930	2.614795	-6.195217	0.133719	-0.788886	-0.175237	-0.118928	-0.057803	0.991219	-0.725557	0.686554	-0.047017	-0.677807	-0.724778	-0.123590
09493	9.955738	0.026322	-5.930935	-0.236343	-0.667033	-0.109959	-0.122620	-0.063387	0.990427	-0.724089	0.688197	-0.045602	-0.678719	-0.722749	-0.130285
09494	9.268277	-1.185392	-5.577119	-0.339787	-0.555355	-0.065989	-0.125901	-0.067864	0.989719	-0.721630	0.690852	-0.044427	-0.680734	-0.719804	-0.135952
09495	8.962845	-1.750102	-5.532418	-0.319880	-0.460671	-0.010389	-0.128932	-0.071247	0.989091	-0.719465	0.693143	-0.043856	-0.682457	-0.717270	-0.140627
09496	9.289171	-2.244405	-5.831060	-0.320129	-0.364848	0.035061	-0.131671	-0.073639	0.988555	-0.716978	0.695727	-0.043672	-0.684548	-0.714522	-0.144405
09497	9.427772	-2.613150	-5.378693	-0.225517	-0.280621	0.041849	-0.133859	-0.075351	0.988132	-0.715379	0.697367	-0.043731	-0.685795	-0.712742	-0.147253
09498	9.517141	-1.243484	-3.921298	-0.029980	-0.229562	0.034396	-0.135683	-0.076776	0.987773	-0.714860	0.697885	-0.043951	-0.685978	-0.712083	-0.149575
09499	9.907520	0.827753	-3.141751	-0.041020	-0.174780	0.019887	-0.136990	-0.077882	0.987506	-0.714553	0.698193	-0.044060	-0.686038	-0.711661	-0.151296
09500	10.449704	1.771898	-2.546631	-0.195933	-0.119090	-0.026521	-0.137628	-0.078946	0.987333	-0.712953	0.699866	-0.043421	-0.687573	-0.709898	-0.152606
09501	10.300875	1.537237	-2.310023	-0.238507	-0.086396	-0.022754	-0.138026	-0.079719	0.987215	-0.711344	0.701539	-0.042805	-0.689158	-0.708158	-0.153539
09502	9.648986	0.769199	-2.168946	-0.135879	-0.061570	-0.005153	-0.138422	-0.080234	0.987118	-0.710126	0.702793	-0.042456	-0.690333	-0.706855	-0.154258
09503	9.247009	0.650550	-1.575744	0.065360	-0.042473	0.030601	-0.138898	-0.080321	0.987044	-0.710536	0.702356	-0.042833	-0.689816	-0.707280	-0.154627
09504	9.452593	1.014866	-0.822526	0.090827	-0.044765	0.080359	-0.139788	-0.080117	0.986935	-0.710740	0.702098	-0.043674	-0.689426	-0.707559	-0.155087
09505	9.710139	0.982430	0.032140	-0.184724	-0.030580	0.115803	-0.140786	-0.079520	0.986841	-0.709304	0.703496	-0.044504	-0.690700	-0.706236	-0.155447
09506	9.649853	0.025336	1.021049	-0.476868	-0.056413	0.141657	-0.142185	-0.078963	0.986686	-0.705495	0.707281	-0.045062	-0.694306	-0.702509	-0.156272
09507	9.477381	-0.426909	1.781580	-0.771575	-0.099828	0.131603	-0.143771	-0.078729	0.986474	-0.699930	0.712785	-0.045124	-0.699591	-0.696950	-0.157582
09508	9.158618	-1.006751	2.306451	-0.966352	-0.168414	0.101677	-0.145662	-0.079204	0.986159	-0.692703	0.719848	-0.044502	-0.706360	-0.689598	-0.159720
09509	9.366968	-1.435654	1.980387	-1.201974	-0.204362	0.081967	-0.147644	-0.080014	0.985799	-0.684045	0.728150	-0.043349	-0.714341	-0.680731	-0.162240
09510	9.732236	-3.790540	0.820365	-1.141562	-0.279804	0.001414	-0.149656	-0.081920	0.985339	-0.675587	0.736116	-0.041411	-0.721932	-0.671879	-0.165508
09511	9.703726	-3.825813	-0.283506	-0.497784	-0.434938	-0.054004	-0.152404	-0.085235	0.984636	-0.672069	0.739407	-0.040017	-0.724635	-0.667842	-0.169972
09512	9.841447	-2.449880	-1.261683	0.123623	-0.554571	-0.077509	-0.155893	-0.089514	0.983710	-0.672835	0.738743	-0.039405	-0.723181	-0.668017	-0.175393
09513	9.786515	-0.900372	-1.944575	0.579324	-0.593346	-0.060842	-0.159725	-0.093940	0.982682	-0.677107	0.734807	-0.039813	-0.718341	-0.671740	-0.180975
09514	9.315390	1.079141	-2.325245	0.736592	-0.600498	-0.030866	-0.163812	-0.098208	0.981591	-0.682181	0.730044	-0.040805	-0.712597	-0.676307	-0.186585
09515	9.397845	2.199605	-2.816079	0.468167	-0.554656	-0.017627	-0.167599	-0.102098	0.980554	-0.685538	0.726854	-0.041492	-0.708483	-0.679161	-0.191812
09516	9.736167	1.446367	-2.948291	0.101103	-0.503148	-0.006651	-0.171113	-0.105569	0.979579	-0.686037	0.726379	-0.041556	-0.707158	-0.679139	-0.196717
09517	9.649461	0.693070	-2.417149	-0.033443	-0.487213	0.016620	-0.174637	-0.108758	0.978608	-0.685773	0.726624	-0.041626	-0.706553	-0.678373	-0.201479
09518	9.493142	0.455350	-1.938820	-0.105318	-0.474649	0.045911	-0.178311	-0.111643	0.977620	-0.684686	0.727639	-0.041786	-0.706689	-0.676814	-0.206187
09519	9.256271	0.068005	-1.268064	-0.215092	-0.471329	0.057360	-0.182002	-0.114414	0.976619	-0.683063	0.729158	-0.041872	-0.707319	-0.674713	-0.210860
09520	9.372645	-0.316908	-0.897329	-0.300058	-0.493623	0.048139	-0.185832	-0.117385	0.975544	-0.680582	0.731488	-0.041626	-0.708713	-0.671674	-0.215825
09521	9.644599	-0.680186	-0.610538	-0.317184	-0.520077	0.038822	-0.189751	-0.120590	0.974399	-0.678260	0.733661	-0.041286	-0.709900	-0.668730	-0.221005
09522	9.454520	-0.170044	-0.157848	-0.234140	-0.569736	0.042094	-0.194090	-0.124076	0.973105	-0.676255	0.735521	-0.041100	-0.710640	-0.666044	-0.226664
09523	9.367368	0.758056	0.136642	-0.203303	-0.620369	0.052027	-0.198817	-0.127821	0.971665	-0.674709	0.736938	-0.041112	-0.710802	-0.663765	-0.232758
09524	9.345370	1.485833	-0.234316	-0.334559	-0.633658	0.070763	-0.203808	-0.131478	0.970142	-0.671925	0.739487	-0.040940	-0.712025	-0.660207	-0.239057
09525	9.388434	1.203941	-0.738369	-0.556648	-0.622972	0.072900	-0.208706	-0.135039	0.968610	-0.667806	0.743246	-0.040272	-0.714477	-0.655248	-0.245300
