// General information: 
//  MT Manager version: 2022.2.0 
//  XDA version: 2022.2.0 build 7381 rev 124627 built on 2023-07-19
// Device information: 
//  DeviceId: 00B4CB9F
//  ProductCode: MTW2-3A7G6
//  Firmware Version: 4.6.0
//  Hardware Version: 2.0.0
// Device settings: 
//  Filter Profile: human(46.1)
//  Option Flags: Orientation Smoother Disabled, Position/Velocity Smoother Disabled, Continuous Zero Rotation Update Disabled, AHS Disabled, ICC Disabled
// Coordinate system: ENU
PacketCounter	Acc_X	Acc_Y	Acc_Z	Gyr_X	Gyr_Y	Gyr_Z	Mat[1][1]	Mat[2][1]	Mat[3][1]	Mat[1][2]	Mat[2][2]	Mat[3][2]	Mat[1][3]	Mat[2][3]	Mat[3][3]
39590	9.607706	-1.160226	1.401511	-0.004527	0.004609	-0.006122	-0.116870	-0.150738	0.981641	0.211737	-0.969472	-0.123661	0.970314	0.193398	0.145219
39591	9.606765	-1.160643	1.426318	-0.010709	0.006004	-0.003166	-0.116937	-0.150767	0.981629	0.211640	-0.969489	-0.123691	0.970327	0.193288	0.145278
39592	9.606713	-1.160713	1.426615	-0.022950	0.004263	-0.000373	-0.116932	-0.150810	0.981623	0.211429	-0.969526	-0.123766	0.970374	0.193071	0.145254
39593	9.634959	-1.231903	1.376945	-0.021461	0.008886	-0.001800	-0.116671	-0.150983	0.981627	0.211365	-0.969510	-0.123998	0.970419	0.193015	0.145027
39594	9.585200	-1.233950	1.399928	-0.015257	0.005966	-0.004779	-0.116690	-0.150987	0.981624	0.211223	-0.969538	-0.124019	0.970447	0.192870	0.145028
39595	9.584721	-1.184170	1.377252	-0.007592	0.001469	-0.003176	-0.116847	-0.151112	0.981586	0.211183	-0.969534	-0.124118	0.970437	0.192792	0.145200
39596	9.634934	-1.231337	1.377628	-0.007541	-0.000032	-0.004725	-0.116809	-0.151106	0.981592	0.211117	-0.969547	-0.124129	0.970456	0.192731	0.145153
39597	9.633840	-1.256758	1.425731	-0.002951	0.003131	-0.007640	-0.116549	-0.151191	0.981610	0.211197	-0.969514	-0.124252	0.970470	0.192832	0.144927
39598	9.609940	-1.206519	1.377735	0.001590	0.001620	-0.004524	-0.116525	-0.151190	0.981613	0.211219	-0.969509	-0.124253	0.970468	0.192857	0.144906
39599	9.608139	-1.207521	1.426627	0.004693	0.000160	-0.006013	-0.116697	-0.151269	0.981580	0.211245	-0.969498	-0.124293	0.970442	0.192849	0.145093
39600	9.630952	-1.182645	1.452788	0.006189	0.000157	-0.004458	-0.116660	-0.151267	0.981585	0.211313	-0.969484	-0.124289	0.970432	0.192922	0.145065
39601	9.608465	-1.181114	1.403309	0.006203	0.003257	-0.007463	-0.116461	-0.151294	0.981604	0.211463	-0.969446	-0.124331	0.970423	0.193093	0.144895
39602	9.583896	-1.206238	1.426374	0.004648	0.003212	-0.005967	-0.116455	-0.151283	0.981607	0.211514	-0.969437	-0.124314	0.970412	0.193146	0.144895
39603	9.607597	-1.180553	1.428401	0.000072	0.003148	-0.006056	-0.116353	-0.151228	0.981627	0.211560	-0.969432	-0.124273	0.970414	0.193214	0.144790
39604	9.608338	-1.204391	1.427930	-0.004505	0.003084	-0.006145	-0.116346	-0.151215	0.981630	0.211522	-0.969441	-0.124267	0.970424	0.193178	0.144776
39605	9.608358	-1.203895	1.428214	-0.009104	0.004546	-0.006211	-0.116399	-0.151242	0.981620	0.211446	-0.969454	-0.124294	0.970434	0.193092	0.144823
39606	9.583977	-1.203942	1.427768	-0.004514	0.007710	-0.009126	-0.116444	-0.151209	0.981619	0.211405	-0.969468	-0.124260	0.970437	0.193050	0.144855
39607	9.633714	-1.200973	1.405759	-0.004447	0.003133	-0.009196	-0.116581	-0.151184	0.981607	0.211329	-0.969489	-0.124219	0.970437	0.192961	0.144973
39608	9.632307	-1.151433	1.407663	-0.002995	0.006182	-0.007594	-0.116608	-0.151163	0.981607	0.211304	-0.969498	-0.124197	0.970440	0.192935	0.144993
39609	9.583538	-1.152174	1.406265	0.001575	0.004696	-0.006002	-0.116680	-0.151076	0.981612	0.211304	-0.969510	-0.124097	0.970431	0.192939	0.145046
39610	9.608159	-1.125693	1.383927	-0.007527	0.003065	-0.007731	-0.116678	-0.151048	0.981616	0.211235	-0.969528	-0.124080	0.970446	0.192875	0.145029
39611	9.610571	-1.173449	1.358065	-0.012205	-0.000174	-0.000240	-0.116463	-0.151170	0.981623	0.211203	-0.969513	-0.124247	0.970479	0.192851	0.144839
39612	9.611835	-1.247439	1.379990	-0.006051	-0.001588	-0.001669	-0.116401	-0.151192	0.981627	0.211155	-0.969518	-0.124288	0.970497	0.192808	0.144778
39613	9.637931	-1.270128	1.355667	0.006184	-0.001390	-0.002955	-0.116354	-0.151165	0.981637	0.211221	-0.969508	-0.124261	0.970488	0.192884	0.144736
39614	9.612326	-1.196550	1.332708	0.010686	0.001703	-0.001292	-0.116324	-0.151197	0.981635	0.211336	-0.969480	-0.124282	0.970467	0.192998	0.144728
39615	9.656827	-1.148413	1.409598	0.015263	0.001768	-0.001203	-0.116326	-0.151171	0.981639	0.211500	-0.969451	-0.124231	0.970431	0.193165	0.144745
39616	9.582917	-1.125652	1.408024	0.001529	0.007748	-0.005955	-0.116365	-0.151169	0.981635	0.211520	-0.969448	-0.124218	0.970422	0.193181	0.144785
39617	9.633149	-1.172502	1.408853	0.003139	0.000116	-0.004517	-0.116338	-0.151238	0.981628	0.211582	-0.969426	-0.124282	0.970412	0.193236	0.144780
39618	9.632211	-1.172914	1.433536	-0.003084	0.006108	-0.003018	-0.116354	-0.151262	0.981622	0.211562	-0.969427	-0.124306	0.970414	0.193210	0.144798
39619	9.586711	-1.221357	1.381992	-0.000085	0.007653	-0.001409	-0.116173	-0.151244	0.981646	0.211615	-0.969415	-0.124316	0.970424	0.193289	0.144625
39620	9.560603	-1.198160	1.406749	0.000020	0.004650	-0.004507	-0.116178	-0.151251	0.981645	0.211623	-0.969412	-0.124320	0.970422	0.193295	0.144632
39621	9.583547	-1.148321	1.409351	-0.001444	-0.001499	-0.003105	-0.115962	-0.151497	0.981632	0.211700	-0.969360	-0.124595	0.970431	0.193364	0.144481
39622	9.656947	-1.120813	1.388548	-0.009118	0.001442	-0.003209	-0.115932	-0.151512	0.981633	0.211622	-0.969373	-0.124627	0.970451	0.193287	0.144444
39623	9.585776	-1.221345	1.407021	-0.015309	0.001281	0.001247	-0.115896	-0.151467	0.981645	0.211515	-0.969399	-0.124606	0.970479	0.193191	0.144387
39624	9.586294	-1.271042	1.429823	-0.006073	-0.000063	-0.001646	-0.115848	-0.151493	0.981646	0.211467	-0.969404	-0.124648	0.970495	0.193146	0.144339
39625	9.609226	-1.221240	1.432472	-0.001477	0.004653	-0.006062	-0.115872	-0.151569	0.981632	0.211469	-0.969395	-0.124718	0.970492	0.193133	0.144378
39626	9.608689	-1.171303	1.409983	0.003035	0.003120	-0.001418	-0.115854	-0.151604	0.981628	0.211510	-0.969382	-0.124750	0.970485	0.193171	0.144373
39627	9.582601	-1.148023	1.434619	0.000026	0.006201	-0.006008	-0.115775	-0.151600	0.981638	0.211533	-0.969376	-0.124758	0.970489	0.193205	0.144298
39628	9.608654	-1.170491	1.410896	0.000013	0.003101	-0.003004	-0.115761	-0.151620	0.981637	0.211543	-0.969371	-0.124779	0.970489	0.193214	0.144289
39629	9.610330	-1.193765	1.386100	-0.004557	0.004585	-0.004597	-0.115869	-0.151538	0.981637	0.211456	-0.969401	-0.124690	0.970495	0.193125	0.144367
39630	9.634675	-1.192744	1.387613	-0.003107	0.007634	-0.002994	-0.115899	-0.151566	0.981629	0.211436	-0.969403	-0.124714	0.970496	0.193097	0.144399
39631	9.635566	-1.191703	1.363865	-0.001559	0.006130	-0.002987	-0.115857	-0.151589	0.981630	0.211457	-0.969394	-0.124742	0.970496	0.193121	0.144365
39632	9.608674	-1.144362	1.389366	-0.000122	0.006079	0.001620	-0.115862	-0.151658	0.981619	0.211471	-0.969383	-0.124808	0.970493	0.193124	0.144386
39633	9.632234	-1.119345	1.391608	-0.012268	0.005950	-0.001675	-0.115869	-0.151725	0.981608	0.211333	-0.969402	-0.124892	0.970522	0.192975	0.144388
39634	9.586351	-1.218656	1.386859	-0.016917	0.002733	0.004288	-0.115835	-0.151814	0.981598	0.211187	-0.969419	-0.125009	0.970558	0.192821	0.144354
39635	9.561496	-1.270150	1.433038	-0.015256	-0.000222	-0.000306	-0.115727	-0.151916	0.981595	0.211114	-0.969417	-0.125142	0.970586	0.192747	0.144259
39636	9.611427	-1.242827	1.386974	-0.009170	0.002944	-0.001661	-0.115708	-0.151948	0.981592	0.211037	-0.969428	-0.125189	0.970606	0.192667	0.144237
39637	9.610640	-1.218181	1.388295	-0.007671	0.010670	-0.006087	-0.115754	-0.151879	0.981598	0.210991	-0.969447	-0.125118	0.970610	0.192626	0.144263
39638	9.606438	-1.146026	1.440273	-0.013713	0.010631	-0.009260	-0.115826	-0.151852	0.981593	0.210861	-0.969478	-0.125097	0.970630	0.192490	0.144310
39639	9.608794	-1.193497	1.415378	-0.019945	0.015069	-0.006260	-0.115894	-0.151832	0.981588	0.210681	-0.969518	-0.125091	0.970661	0.192304	0.144349
39640	9.633317	-1.267449	1.464021	-0.015459	0.015060	-0.001591	-0.115992	-0.151888	0.981568	0.210542	-0.969541	-0.125147	0.970679	0.192145	0.144438
39641	9.613877	-1.338789	1.388981	0.001329	0.016857	-0.002751	-0.116176	-0.151887	0.981546	0.210523	-0.969550	-0.125114	0.970661	0.192103	0.144614
39642	9.611662	-1.240134	1.369380	0.013527	0.015485	-0.001001	-0.116277	-0.151950	0.981525	0.210666	-0.969516	-0.125134	0.970618	0.192224	0.144743
39643	9.586362	-1.216093	1.370679	0.015130	0.012481	-0.002544	-0.116418	-0.152031	0.981496	0.210816	-0.969480	-0.125164	0.970569	0.192343	0.144915
39644	9.614527	-1.211870	1.275369	0.012064	0.009334	0.000396	-0.116457	-0.152095	0.981481	0.210947	-0.969446	-0.125200	0.970536	0.192460	0.144983
39645	9.591088	-1.311604	1.320824	0.016735	0.003298	0.000394	-0.116377	-0.151954	0.981512	0.211122	-0.969428	-0.125050	0.970507	0.192666	0.144900
39646	9.593050	-1.309811	1.272268	0.032100	-0.005658	0.002089	-0.116267	-0.152005	0.981518	0.211449	-0.969353	-0.125073	0.970449	0.192999	0.144845
39647	9.618482	-1.308072	1.248605	0.050470	-0.011517	0.003896	-0.116010	-0.152072	0.981537	0.211996	-0.969229	-0.125109	0.970360	0.193568	0.144679
39648	9.709700	-1.159755	1.305573	0.068875	-0.009625	-0.001808	-0.115869	-0.152077	0.981553	0.212675	-0.969089	-0.125041	0.970229	0.194263	0.144631
39649	9.657102	-1.063431	1.330739	0.071865	-0.009628	0.001305	-0.115626	-0.152077	0.981582	0.213429	-0.968932	-0.124976	0.970092	0.195047	0.144491
39650	9.553305	-1.020491	1.450018	0.074832	-0.008103	0.004441	-0.115486	-0.152145	0.981588	0.214173	-0.968770	-0.124961	0.969945	0.195798	0.144465
39651	9.600408	-0.994960	1.477040	0.071689	-0.008215	0.008955	-0.115289	-0.152209	0.981601	0.214894	-0.968611	-0.124955	0.969809	0.196534	0.144379
39652	9.622073	-0.971226	1.527740	0.068461	-0.000674	0.012050	-0.115205	-0.152366	0.981587	0.215585	-0.968448	-0.125024	0.969665	0.197212	0.144418
39653	9.548749	-0.973936	1.525495	0.065182	0.002203	0.021183	-0.115104	-0.152643	0.981556	0.216284	-0.968268	-0.125213	0.969522	0.197883	0.144466
39654	9.546054	-1.026755	1.622627	0.069606	0.002165	0.028903	-0.115010	-0.152968	0.981516	0.217006	-0.968076	-0.125446	0.969372	0.198567	0.144533
39655	9.519788	-1.080275	1.694678	0.067830	0.006598	0.038085	-0.114860	-0.153366	0.981471	0.217757	-0.967867	-0.125757	0.969221	0.199278	0.144565
39656	9.471718	-1.158093	1.716239	0.086172	-0.003903	0.044424	-0.114672	-0.153829	0.981421	0.218656	-0.967618	-0.126117	0.969041	0.200131	0.144595
39657	9.445034	-1.237212	1.812012	0.102794	0.000853	0.049395	-0.114608	-0.154357	0.981345	0.219743	-0.967323	-0.126488	0.968802	0.201148	0.144782
39658	9.443619	-1.141399	1.766575	0.111943	-0.005179	0.054086	-0.114387	-0.154910	0.981284	0.220903	-0.967004	-0.126906	0.968565	0.202252	0.144832
39659	9.394877	-1.096198	1.717684	0.114871	-0.005207	0.060249	-0.114321	-0.155445	0.981207	0.222055	-0.966692	-0.127274	0.968309	0.203332	0.145030
39660	9.445015	-1.023578	1.623953	0.107256	-0.012987	0.064591	-0.113999	-0.156084	0.981143	0.223180	-0.966363	-0.127801	0.968088	0.204402	0.145000
39661	9.591233	-0.925401	1.558050	0.093517	-0.019315	0.068830	-0.113507	-0.156713	0.981100	0.224220	-0.966047	-0.128367	0.967906	0.205412	0.144791
39662	9.594949	-0.978557	1.483104	0.074939	-0.015073	0.079186	-0.113131	-0.157487	0.981020	0.225048	-0.965759	-0.129085	0.967758	0.206173	0.144699
39663	9.378699	-0.989352	1.375756	0.064007	-0.021468	0.095699	-0.112594	-0.158330	0.980945	0.225800	-0.965472	-0.129915	0.967645	0.206870	0.144458
39664	9.894740	-0.993433	1.907491	0.093371	-0.030154	0.082461	-0.112063	-0.159104	0.980881	0.226809	-0.965138	-0.130638	0.967471	0.207833	0.144243
39665	9.494658	-0.904085	1.451469	0.110152	-0.037631	0.087302	-0.111540	-0.159983	0.980798	0.227999	-0.964749	-0.131436	0.967251	0.208961	0.144084
39666	9.517479	-0.812864	1.427209	0.080886	-0.028867	0.095963	-0.110989	-0.160888	0.980712	0.228901	-0.964416	-0.132310	0.967102	0.209801	0.143867
39667	9.512014	-0.799039	1.546642	0.065533	-0.044392	0.109287	-0.110069	-0.161941	0.980643	0.229758	-0.964060	-0.133414	0.967004	0.210626	0.143321
39668	9.466754	-0.906754	1.491082	0.060751	-0.041452	0.118374	-0.109343	-0.163035	0.980543	0.230488	-0.963730	-0.134537	0.966912	0.211293	0.142955
39669	9.543212	-0.964104	1.415518	0.059218	-0.064442	0.130395	-0.108496	-0.164196	0.980443	0.231222	-0.963383	-0.135752	0.966832	0.211972	0.142489
39670	9.566814	-1.000898	1.434131	0.048366	-0.079907	0.146879	-0.107331	-0.165482	0.980355	0.231861	-0.963029	-0.137172	0.966809	0.212584	0.141732
39671	9.445891	-1.040481	1.396789	0.040844	-0.102886	0.151174	-0.105817	-0.166690	0.980315	0.232446	-0.962683	-0.138601	0.966836	0.213204	0.140615
39672	9.446846	-1.004925	1.338329	0.037887	-0.122763	0.154051	-0.104219	-0.167950	0.980271	0.232987	-0.962334	-0.140107	0.966879	0.213789	0.139423
39673	9.423481	-0.896776	1.253654	0.024139	-0.139682	0.161347	-0.102412	-0.169197	0.980247	0.233458	-0.961993	-0.141655	0.966959	0.214339	0.138020
39674	9.401230	-0.936308	1.190037	0.004245	-0.155105	0.170089	-0.100462	-0.170540	0.980216	0.233684	-0.961685	-0.143366	0.967109	0.214658	0.136465
39675	9.600367	-1.023015	1.081854	-0.021688	-0.175101	0.175676	-0.098335	-0.171780	0.980215	0.233653	-0.961440	-0.145050	0.967335	0.214767	0.134681
39676	9.679640	-1.085793	0.870143	-0.047446	-0.191940	0.167569	-0.096034	-0.173018	0.980226	0.233369	-0.961243	-0.146804	0.967634	0.214656	0.132689
39677	9.753352	-1.199638	0.850487	-0.061079	-0.216385	0.165706	-0.093583	-0.173924	0.980302	0.232900	-0.961129	-0.148289	0.967988	0.214435	0.130453
39678	9.755654	-1.239583	0.729876	-0.062604	-0.233188	0.168630	-0.090880	-0.175084	0.980350	0.232460	-0.960958	-0.150071	0.968351	0.214254	0.128032
39679	9.803438	-1.282096	0.731559	-0.059784	-0.231787	0.188509	-0.088152	-0.176245	0.980391	0.232033	-0.960781	-0.151856	0.968705	0.214097	0.125589
39680	9.775439	-1.376218	0.853378	-0.046043	-0.225661	0.187166	-0.085478	-0.177598	0.980384	0.231760	-0.960538	-0.153796	0.969010	0.214068	0.123265
39681	9.749303	-1.493317	0.877952	-0.014044	-0.224178	0.192047	-0.082672	-0.178811	0.980404	0.231802	-0.960240	-0.155587	0.969244	0.214397	0.120834
39682	9.723204	-1.513006	0.904154	0.020974	-0.233435	0.199890	-0.079892	-0.180266	0.980368	0.232178	-0.959826	-0.157568	0.969387	0.215032	0.118536
39683	9.722459	-1.386054	0.933273	0.051548	-0.225832	0.194051	-0.077072	-0.181374	0.980389	0.232799	-0.959407	-0.159191	0.969466	0.215965	0.116167
39684	9.648884	-1.233886	1.011735	0.082118	-0.219786	0.188166	-0.074448	-0.182738	0.980339	0.233747	-0.958877	-0.160987	0.969443	0.217166	0.114101
39685	9.625299	-0.984489	1.190087	0.092832	-0.219781	0.180588	-0.071782	-0.183804	0.980338	0.234786	-0.958369	-0.162494	0.969393	0.218506	0.111948
39686	9.650474	-0.929850	1.293376	0.065393	-0.207485	0.189723	-0.069270	-0.185202	0.980256	0.235562	-0.957866	-0.164326	0.969387	0.219528	0.109978
39687	9.600649	-1.046795	1.394590	0.018056	-0.205762	0.206401	-0.066909	-0.186398	0.980193	0.235832	-0.957513	-0.165987	0.969488	0.220055	0.108025
39688	9.475739	-1.285680	1.371954	-0.023207	-0.208662	0.232268	-0.064285	-0.188195	0.980026	0.235767	-0.957120	-0.168331	0.969681	0.220237	0.105899
39689	9.424056	-1.453122	1.227601	-0.059889	-0.214547	0.247482	-0.061690	-0.189701	0.979902	0.235277	-0.956869	-0.170430	0.969969	0.220034	0.103662
39690	9.517945	-1.601077	1.131104	-0.107202	-0.215684	0.258192	-0.058939	-0.191729	0.979677	0.234399	-0.956603	-0.173112	0.970352	0.219432	0.101322
39691	9.536539	-1.772372	0.959817	-0.154513	-0.216737	0.264376	-0.056314	-0.193507	0.979481	0.232999	-0.956497	-0.175570	0.970845	0.218331	0.098951
39692	9.557034	-1.822880	0.837373	-0.192786	-0.226976	0.267469	-0.053437	-0.195602	0.979226	0.231279	-0.956387	-0.178418	0.971419	0.216941	0.096345
39693	9.577441	-1.848404	0.688855	-0.226591	-0.241732	0.261387	-0.050325	-0.197287	0.979053	0.229117	-0.956432	-0.180952	0.972097	0.215212	0.093334
39694	9.597976	-1.873485	0.587389	-0.261874	-0.247147	0.243218	-0.047315	-0.199113	0.978834	0.226694	-0.956502	-0.183613	0.972816	0.213209	0.090395
39695	9.519774	-1.943731	0.533355	-0.301817	-0.258608	0.232683	-0.044207	-0.200562	0.978683	0.223812	-0.956729	-0.185953	0.973629	0.210821	0.087182
39696	9.435382	-2.235582	0.594367	-0.314191	-0.265998	0.229654	-0.041053	-0.202230	0.978477	0.220854	-0.956916	-0.188508	0.974442	0.208362	0.083948
39697	9.395736	-2.550209	0.528748	-0.297921	-0.295363	0.233704	-0.037655	-0.203579	0.978334	0.217970	-0.957128	-0.190777	0.975229	0.206064	0.080414
39698	9.452343	-2.791213	0.337692	-0.258783	-0.322079	0.232910	-0.033956	-0.205175	0.978136	0.215532	-0.957174	-0.193296	0.975906	0.204257	0.076723
39699	9.563755	-2.863160	0.173217	-0.189112	-0.341687	0.222605	-0.030135	-0.206408	0.978002	0.213712	-0.957150	-0.195423	0.976432	0.203122	0.072956
39700	9.661665	-2.740793	0.113813	-0.107101	-0.346156	0.200040	-0.026276	-0.207647	0.977851	0.212726	-0.956946	-0.197492	0.976759	0.202825	0.069317
39701	9.722559	-2.472323	0.184975	-0.031031	-0.339822	0.174560	-0.022753	-0.208310	0.977798	0.212424	-0.956725	-0.198878	0.976913	0.203183	0.066018
39702	9.542355	-2.344767	0.481923	0.030138	-0.325789	0.161560	-0.019176	-0.209217	0.977681	0.212754	-0.956319	-0.200473	0.976918	0.204162	0.062850
39703	9.479766	-2.394005	0.820187	0.088261	-0.322691	0.163590	-0.015822	-0.209731	0.977631	0.213533	-0.955906	-0.201615	0.976808	0.205566	0.059909
39704	9.393596	-2.465425	1.160586	0.161527	-0.329288	0.171157	-0.012189	-0.210710	0.977473	0.215135	-0.955205	-0.203227	0.976508	0.207812	0.056974
39705	9.364579	-2.415818	1.506024	0.252357	-0.305848	0.177199	-0.008843	-0.211443	0.977350	0.217444	-0.954407	-0.204512	0.976033	0.210710	0.054417
39706	9.311424	-2.046288	1.964400	0.348998	-0.282434	0.169202	-0.005667	-0.212478	0.977149	0.220861	-0.953299	-0.206011	0.975289	0.214647	0.052330
39707	9.243854	-1.623164	2.500441	0.389621	-0.242271	0.161131	-0.002974	-0.213260	0.976991	0.224530	-0.952192	-0.207164	0.974463	0.218747	0.050715
39708	9.375152	-1.296809	2.681417	0.369764	-0.226247	0.143540	-0.000396	-0.214147	0.976801	0.228133	-0.951063	-0.208412	0.973630	0.222758	0.049230
39709	9.602459	-0.948952	2.783649	0.314139	-0.181687	0.127180	0.001620	-0.214724	0.976673	0.231053	-0.950167	-0.209280	0.972940	0.226002	0.048073
39710	9.620026	-0.610273	2.653913	0.211626	-0.129621	0.118269	0.003205	-0.215572	0.976483	0.233107	-0.949425	-0.210364	0.972446	0.228299	0.047208
39711	9.316270	-0.398170	2.200076	0.041823	-0.096891	0.126416	0.004451	-0.216293	0.976318	0.233269	-0.949168	-0.211342	0.972402	0.228685	0.046230
39712	9.141563	-0.468863	1.760371	-0.155688	-0.086184	0.150563	0.005688	-0.217543	0.976034	0.231745	-0.949191	-0.212911	0.972760	0.227402	0.045015
39713	9.130165	-0.920252	1.205115	-0.370344	-0.096272	0.185860	0.006853	-0.218828	0.975739	0.228122	-0.949691	-0.214588	0.973609	0.224058	0.043411
39714	9.126370	-1.735927	0.414260	-0.547410	-0.111977	0.207878	0.008461	-0.220572	0.975334	0.222770	-0.950441	-0.216875	0.974834	0.219110	0.041095
39715	9.300381	-2.613815	-0.133496	-0.665486	-0.134080	0.218944	0.010155	-0.222143	0.974961	0.216136	-0.951475	-0.219043	0.976310	0.212949	0.038351
39716	9.408381	-3.487839	-0.496629	-0.690394	-0.143938	0.216612	0.012070	-0.223920	0.974533	0.209363	-0.952435	-0.221436	0.977763	0.206704	0.035385
39717	9.430225	-4.016589	-0.632552	-0.626803	-0.177938	0.191083	0.014110	-0.225190	0.974213	0.203103	-0.953353	-0.223310	0.979056	0.201016	0.032285
39718	9.274457	-4.335305	-0.704455	-0.515093	-0.225776	0.158872	0.016687	-0.226273	0.973921	0.198028	-0.954013	-0.225041	0.980054	0.196619	0.028889
39719	9.415749	-4.333155	-0.732150	-0.352139	-0.287682	0.122733	0.019701	-0.226646	0.973778	0.194233	-0.954543	-0.226098	0.980758	0.193594	0.025217
39720	9.587573	-3.989213	-0.716150	-0.188738	-0.316977	0.065670	0.022984	-0.226676	0.973699	0.192362	-0.954754	-0.226807	0.981055	0.192516	0.021660
39721	9.629029	-3.615289	-0.538488	-0.069030	-0.348204	0.029766	0.026448	-0.226143	0.973735	0.191384	-0.954912	-0.226969	0.981159	0.192360	0.018024
39722	9.495298	-3.323739	-0.350783	0.020592	-0.380204	0.008563	0.030241	-0.225506	0.973772	0.191577	-0.954849	-0.227073	0.981012	0.193419	0.014326
39723	9.506999	-3.041002	-0.199183	0.091335	-0.405893	0.006499	0.034253	-0.224762	0.973811	0.192345	-0.954685	-0.227113	0.980729	0.195087	0.010531
39724	9.603702	-2.847575	0.135853	0.127703	-0.415044	0.007772	0.038384	-0.224036	0.973825	0.193587	-0.954413	-0.227201	0.980332	0.197241	0.006736
39725	9.602355	-2.910542	0.391446	0.168479	-0.416451	-0.001720	0.042502	-0.223238	0.973837	0.195178	-0.954082	-0.227228	0.979847	0.199729	0.003020
39726	9.552952	-2.724300	0.691569	0.219083	-0.406140	-0.006874	0.046514	-0.222369	0.973852	0.197319	-0.953653	-0.227181	0.979235	0.202727	-0.000481
39727	9.407527	-2.542191	0.757413	0.254493	-0.392161	-0.012830	0.050338	-0.221473	0.973866	0.199755	-0.953167	-0.227091	0.978552	0.205966	-0.003740
39728	9.323572	-2.242216	0.849822	0.239808	-0.362324	-0.023593	0.053881	-0.220510	0.973895	0.202105	-0.952718	-0.226897	0.977880	0.209055	-0.006768
39729	9.257995	-1.990258	0.914192	0.195311	-0.346534	-0.037683	0.057219	-0.219469	0.973940	0.203956	-0.952395	-0.226597	0.977306	0.211607	-0.009733
39730	9.174346	-1.830570	0.877403	0.112536	-0.340081	-0.045228	0.060496	-0.218330	0.973998	0.205074	-0.952251	-0.226192	0.976875	0.213426	-0.012834
39731	9.219343	-1.952408	0.861694	0.008696	-0.339134	-0.042383	0.063741	-0.217251	0.974033	0.205135	-0.952323	-0.225833	0.976656	0.214203	-0.016136
39732	9.166454	-2.311414	0.795624	-0.080651	-0.339032	-0.026453	0.067045	-0.216286	0.974025	0.204357	-0.952549	-0.225584	0.976598	0.214173	-0.019664
39733	8.987384	-2.611694	0.670754	-0.122956	-0.365488	0.000058	0.070622	-0.215554	0.973935	0.203126	-0.952807	-0.225607	0.976603	0.213764	-0.023504
39734	9.136247	-2.867580	0.577837	-0.144330	-0.406062	0.002106	0.074638	-0.214721	0.973819	0.201706	-0.953107	-0.225614	0.976598	0.213265	-0.027828
39735	9.183716	-2.794606	0.459639	-0.123883	-0.429357	-0.022612	0.078796	-0.213648	0.973728	0.200482	-0.953413	-0.225414	0.976524	0.212977	-0.032292
39736	9.330179	-2.448291	0.734202	-0.112484	-0.453904	-0.043757	0.083187	-0.212278	0.973662	0.199410	-0.953742	-0.224972	0.976379	0.212873	-0.037008
39737	9.261525	-2.571646	0.939204	-0.132453	-0.454732	-0.043899	0.087544	-0.210954	0.973568	0.198124	-0.954108	-0.224553	0.976260	0.212546	-0.041732
39738	9.309762	-2.068669	0.589895	-0.113429	-0.514761	-0.066465	0.092484	-0.209240	0.973481	0.197067	-0.954485	-0.223879	0.976018	0.212547	-0.047041
39739	9.477126	-1.260655	0.408498	-0.146766	-0.532873	-0.093486	0.097501	-0.207281	0.973411	0.195690	-0.954984	-0.222958	0.975807	0.212226	-0.052549
39740	9.268559	-0.852991	0.557808	-0.262654	-0.544241	-0.080297	0.102702	-0.205377	0.973279	0.193198	-0.955702	-0.222054	0.975770	0.210841	-0.058474
39741	9.049085	-0.962886	0.705115	-0.384437	-0.581929	-0.051653	0.108281	-0.203721	0.973023	0.189476	-0.956606	-0.221369	0.975897	0.208335	-0.064981
39742	9.164615	-1.300022	0.855188	-0.477213	-0.616162	-0.026495	0.114291	-0.202209	0.972651	0.184838	-0.957642	-0.220808	0.976101	0.205019	-0.072074
39743	9.464349	-1.675426	0.912579	-0.559347	-0.661244	-0.016104	0.120703	-0.200767	0.972174	0.179368	-0.958804	-0.220276	0.976349	0.200965	-0.079720
39744	9.822284	-1.969942	1.105159	-0.623731	-0.632949	0.025899	0.126976	-0.199774	0.971580	0.173234	-0.959988	-0.220030	0.976661	0.196250	-0.087288
39745	9.695216	-2.368763	1.125130	-0.681702	-0.592074	0.048126	0.132824	-0.199144	0.970927	0.166492	-0.961204	-0.219926	0.977056	0.190863	-0.094515
39746	9.856307	-2.758648	1.339187	-0.710186	-0.558099	0.059946	0.138422	-0.198687	0.970239	0.159460	-0.962416	-0.219835	0.977452	0.185144	-0.101537
39747	10.130493	-3.148791	1.731318	-0.645055	-0.462296	0.016241	0.142937	-0.198059	0.969712	0.153113	-0.963552	-0.219370	0.977817	0.179832	-0.107402
39748	10.646086	-3.376936	2.623879	-0.527623	-0.339413	-0.051375	0.146225	-0.196977	0.969442	0.148016	-0.964588	-0.218316	0.978115	0.175417	-0.111891
39749	10.659375	-3.674121	3.402479	-0.371836	-0.150272	-0.112045	0.147486	-0.195707	0.969508	0.144516	-0.965444	-0.216871	0.978449	0.172095	-0.114107
39750	10.639550	-3.429505	4.018568	-0.179680	0.029517	-0.158313	0.147015	-0.194245	0.969874	0.142979	-0.966057	-0.215153	0.978746	0.170303	-0.114252
39751	10.297040	-2.655300	4.078239	-0.073313	0.189675	-0.208879	0.144790	-0.192635	0.970530	0.142536	-0.966574	-0.213114	0.979142	0.169192	-0.112493
39752	10.529837	-2.181742	4.277596	-0.170779	0.298745	-0.205737	0.141618	-0.191164	0.971288	0.141146	-0.967253	-0.210950	0.979807	0.166968	-0.109998
39753	10.304632	-1.150532	2.859652	-0.217031	0.333052	-0.248469	0.137910	-0.189405	0.972166	0.139336	-0.968073	-0.208374	0.980595	0.164195	-0.107116
39754	10.605472	1.394854	1.055919	-0.265749	0.210502	-0.375950	0.135370	-0.186123	0.973156	0.137232	-0.969208	-0.204457	0.981245	0.161225	-0.105660
39755	11.189697	3.026725	-0.171976	-0.615921	0.225528	-0.472859	0.132414	-0.181971	0.974348	0.131803	-0.971041	-0.199266	0.982392	0.154808	-0.104595
39756	11.271192	3.117025	-1.155083	-1.149269	0.319074	-0.451008	0.128751	-0.178079	0.975557	0.121080	-0.973562	-0.193694	0.984258	0.143058	-0.103785
39757	11.047910	2.109988	-2.259034	-1.692110	0.323463	-0.386179	0.125022	-0.174789	0.976636	0.104913	-0.976512	-0.188197	0.986591	0.125990	-0.103748
39758	10.638327	0.854711	-3.372305	-2.042133	0.287485	-0.344479	0.121899	-0.171772	0.977566	0.085155	-0.979469	-0.182725	0.988883	0.105519	-0.104769
39759	10.419169	-0.475642	-3.993079	-2.198815	0.209112	-0.357231	0.119470	-0.168480	0.978438	0.063858	-0.982152	-0.176916	0.990782	0.083617	-0.106579
39760	10.647862	-1.458935	-4.218091	-2.164415	0.173713	-0.387906	0.117584	-0.164813	0.979291	0.042846	-0.984371	-0.170813	0.992138	0.062044	-0.108685
39761	10.723064	-2.320922	-4.026307	-2.063612	0.194090	-0.424136	0.115441	-0.160742	0.980222	0.022895	-0.986127	-0.164407	0.993050	0.041421	-0.110159
39762	10.872990	-3.002432	-3.501756	-1.928733	0.233696	-0.461198	0.113099	-0.156288	0.981215	0.004252	-0.987466	-0.157774	0.993575	0.022016	-0.111017
39763	10.942924	-3.400023	-2.899504	-1.714551	0.291649	-0.478194	0.110154	-0.151617	0.982282	-0.012224	-0.988428	-0.151195	0.993839	0.004647	-0.110733
39764	11.322063	-4.076333	-2.141166	-1.505275	0.362726	-0.467681	0.106681	-0.147006	0.983366	-0.026689	-0.989077	-0.144964	0.993935	-0.010780	-0.109439
39765	11.416892	-4.361429	-1.676007	-1.223683	0.426491	-0.429764	0.102521	-0.142712	0.984440	-0.038391	-0.989485	-0.139446	0.993990	-0.023498	-0.106922
39766	11.031280	-4.474252	-1.053713	-0.917107	0.513580	-0.374292	0.097616	-0.138888	0.985485	-0.047144	-0.989748	-0.134819	0.994107	-0.033299	-0.103163
39767	10.626962	-4.031328	-0.805961	-0.582545	0.572307	-0.339744	0.092033	-0.135368	0.986512	-0.052621	-0.989993	-0.130937	0.994365	-0.039861	-0.098235
39768	10.169360	-3.252168	-0.422156	-0.279788	0.651486	-0.313936	0.085763	-0.132014	0.987531	-0.055136	-0.990293	-0.127595	0.994789	-0.043505	-0.092209
39769	9.898727	-2.455370	-0.022953	-0.074736	0.707335	-0.310822	0.078830	-0.128690	0.988547	-0.055646	-0.990655	-0.124527	0.995334	-0.045192	-0.085255
39770	9.737425	-1.604905	0.200198	0.045454	0.735957	-0.286181	0.071701	-0.125546	0.989493	-0.054988	-0.991036	-0.121757	0.995909	-0.045680	-0.077962
39771	9.637544	-1.067201	0.265688	0.092333	0.731271	-0.231516	0.064473	-0.122990	0.990311	-0.053938	-0.991355	-0.119608	0.996461	-0.045704	-0.070549
39772	9.721219	-0.631579	0.400619	0.063796	0.715353	-0.171682	0.057475	-0.120986	0.990989	-0.053207	-0.991590	-0.117974	0.996928	-0.045947	-0.063429
39773	9.802596	-0.247727	0.520757	-0.023123	0.715462	-0.122751	0.050334	-0.119505	0.991557	-0.053395	-0.991717	-0.116814	0.997304	-0.047065	-0.056298
39774	9.881699	0.131513	0.642032	-0.160449	0.714857	-0.086599	0.043291	-0.118328	0.992030	-0.054965	-0.991740	-0.115895	0.997549	-0.049510	-0.049437
39775	9.897308	0.277933	0.754894	-0.315362	0.729449	-0.052260	0.035969	-0.117495	0.992422	-0.058105	-0.991630	-0.115295	0.997662	-0.053518	-0.042495
39776	9.819355	0.164174	0.775141	-0.452280	0.729364	-0.001598	0.028733	-0.117096	0.992705	-0.062626	-0.991375	-0.115126	0.997623	-0.058861	-0.035818
39777	9.866730	-0.064081	0.744788	-0.555440	0.719574	0.045335	0.021448	-0.117150	0.992883	-0.068182	-0.990970	-0.115451	0.997442	-0.065221	-0.029242
39778	10.014297	-0.423278	0.634227	-0.619337	0.694870	0.103129	0.014484	-0.117721	0.992941	-0.074386	-0.990420	-0.116337	0.997124	-0.072176	-0.023102
39779	10.223178	-0.844845	0.625239	-0.652890	0.718294	0.143836	0.007132	-0.118645	0.992911	-0.080907	-0.989749	-0.117686	0.996696	-0.079494	-0.016658
39780	10.249345	-1.294851	0.442611	-0.649695	0.744427	0.181936	-0.000400	-0.119854	0.992791	-0.087396	-0.988989	-0.119430	0.996174	-0.086814	-0.010080
39781	10.160165	-1.814210	0.294251	-0.626788	0.763476	0.208963	-0.008273	-0.121274	0.992585	-0.093622	-0.988165	-0.121514	0.995573	-0.093933	-0.003179
39782	10.102794	-2.463270	0.145959	-0.553385	0.801146	0.233079	-0.016432	-0.122826	0.992292	-0.099110	-0.987339	-0.123854	0.994941	-0.100381	0.004051
39783	10.454672	-3.191562	0.333221	-0.401763	0.845900	0.235010	-0.025166	-0.124324	0.991922	-0.103056	-0.986628	-0.126275	0.994357	-0.105401	0.012017
39784	10.899377	-3.910491	0.585679	-0.142751	0.933428	0.227241	-0.034643	-0.125599	0.991476	-0.104415	-0.986187	-0.128577	0.993930	-0.107979	0.021050
39785	11.099494	-4.312242	0.754840	0.181436	1.007295	0.207902	-0.044953	-0.126626	0.990931	-0.102541	-0.986110	-0.130662	0.993713	-0.107485	0.031344
39786	11.023436	-4.101607	0.892037	0.519014	1.091003	0.177754	-0.055934	-0.127256	0.990292	-0.097301	-0.986428	-0.132255	0.993682	-0.103754	0.042793
39787	10.711387	-3.522422	1.022999	0.817288	1.180792	0.142807	-0.067889	-0.127555	0.989505	-0.089120	-0.987053	-0.133354	0.993705	-0.097238	0.055643
39788	10.370222	-2.796804	1.125055	1.042645	1.255931	0.102214	-0.080416	-0.127426	0.988583	-0.078691	-0.987888	-0.133738	0.993650	-0.088547	0.069415
39789	10.171750	-1.919160	1.187414	1.172162	1.315035	0.061080	-0.093617	-0.127015	0.987473	-0.067031	-0.988774	-0.133537	0.993349	-0.078692	0.084052
39790	10.078733	-1.149103	1.199163	1.218275	1.368533	0.023232	-0.107182	-0.126266	0.986189	-0.054916	-0.989637	-0.132675	0.992722	-0.068378	0.099137
39791	9.955045	-0.659971	1.108964	1.196679	1.407006	0.001954	-0.121234	-0.125475	0.984662	-0.043079	-0.990379	-0.131508	0.991689	-0.058361	0.114662
39792	9.726514	-0.487408	1.012945	1.139803	1.431542	-0.004081	-0.135379	-0.124694	0.982916	-0.031795	-0.990991	-0.130098	0.990284	-0.048864	0.130195
39793	9.596964	-0.446986	1.031385	1.083718	1.446814	-0.021163	-0.149775	-0.123917	0.980924	-0.021137	-0.991487	-0.128479	0.988494	-0.039976	0.145880
39794	9.534417	-0.550594	0.937616	1.063567	1.457219	-0.041057	-0.164118	-0.123017	0.978740	-0.010704	-0.991913	-0.126468	0.986383	-0.031232	0.161474
39795	9.485394	-0.773517	0.816742	1.070224	1.474706	-0.074446	-0.178723	-0.121951	0.976313	-0.000318	-0.992282	-0.124004	0.983899	-0.022473	0.177304
39796	9.338158	-0.821810	0.884567	1.127884	1.493751	-0.108098	-0.193364	-0.120638	0.973682	0.010558	-0.992610	-0.120887	0.981070	-0.013095	0.193209
39797	9.065714	-0.690551	0.900937	1.210441	1.500794	-0.136754	-0.208161	-0.119224	0.970801	0.022111	-0.992863	-0.117192	0.977845	-0.002929	0.209312
39798	8.667085	-0.521691	0.922719	1.283735	1.498552	-0.180409	-0.222799	-0.117496	0.967758	0.034249	-0.993041	-0.112681	0.974263	0.008039	0.225272
39799	8.307097	-0.227963	0.959406	1.342537	1.489108	-0.248494	-0.237445	-0.115293	0.964535	0.046704	-0.993138	-0.107214	0.970278	0.019590	0.241201
39800	8.066100	-0.004512	1.033005	1.376713	1.468134	-0.303888	-0.251780	-0.112674	0.961203	0.059286	-0.993130	-0.100887	0.965967	0.031584	0.256730
39801	7.772290	0.157865	0.995145	1.419199	1.424955	-0.349407	-0.265801	-0.109796	0.957755	0.072036	-0.992978	-0.093842	0.961333	0.044049	0.271844
39802	7.730762	0.407285	1.029424	1.446009	1.372204	-0.381271	-0.279218	-0.106726	0.954278	0.084860	-0.992658	-0.086188	0.956471	0.056915	0.286225
39803	7.756658	0.573347	1.002667	1.450302	1.316690	-0.412046	-0.292207	-0.103517	0.950736	0.097502	-0.992169	-0.078061	0.951372	0.069888	0.300012
39804	7.757257	0.761576	0.965631	1.443926	1.261743	-0.438924	-0.304592	-0.100149	0.947203	0.109890	-0.991511	-0.069497	0.946123	0.082920	0.313012
39805	7.761876	0.925201	0.917699	1.417815	1.208513	-0.464535	-0.316576	-0.096663	0.943629	0.121814	-0.990700	-0.060618	0.940713	0.095758	0.325407
39806	7.711212	1.155522	0.855875	1.387142	1.147281	-0.495512	-0.327929	-0.092948	0.940119	0.133228	-0.989753	-0.051383	0.935261	0.108400	0.336952
39807	7.648163	1.424382	0.909829	1.348401	1.074900	-0.538534	-0.338734	-0.088882	0.936674	0.144009	-0.988696	-0.041740	0.929796	0.120750	0.347705
39808	7.548574	1.765513	0.947804	1.296407	0.985803	-0.585156	-0.348705	-0.084369	0.933427	0.154016	-0.987559	-0.031725	0.924491	0.132700	0.357361
39809	7.402911	2.099449	1.034242	1.191877	0.890536	-0.623207	-0.357929	-0.079471	0.930361	0.162818	-0.986419	-0.021620	0.919444	0.143741	0.366007
39810	7.067922	2.203789	1.241538	1.038313	0.771509	-0.635961	-0.366023	-0.074366	0.927630	0.170039	-0.985365	-0.011900	0.914939	0.153377	0.373311
39811	6.829760	2.196489	1.508527	0.897815	0.617345	-0.597892	-0.372713	-0.069463	0.925343	0.176058	-0.984375	-0.002981	0.911092	0.161804	0.379119
39812	6.695487	2.079295	1.739123	0.774790	0.460355	-0.536762	-0.377817	-0.064961	0.923598	0.181092	-0.983454	0.004908	0.907998	0.169110	0.383330
39813	6.877933	1.738554	1.994353	0.680743	0.318718	-0.436636	-0.381522	-0.061224	0.922330	0.185652	-0.982547	0.011574	0.905524	0.175649	0.386230
39814	7.149841	1.257831	2.140276	0.596035	0.206764	-0.300295	-0.383915	-0.058661	0.921503	0.189895	-0.981664	0.016623	0.903631	0.181371	0.388015
39815	7.370813	1.178886	2.312602	0.383899	0.134454	-0.152775	-0.385432	-0.057409	0.920949	0.192830	-0.981037	0.019548	0.902363	0.185121	0.389194
39816	7.642614	1.029489	3.035203	0.008002	0.124859	-0.046235	-0.386607	-0.057204	0.920469	0.192724	-0.981050	0.019978	0.901883	0.185120	0.390305
39817	7.927543	0.902501	4.611971	-0.367656	0.161757	0.040205	-0.387997	-0.057893	0.919841	0.189627	-0.981688	0.018201	0.901942	0.181488	0.391870
39818	7.356192	1.008860	5.941366	-0.642509	0.090176	0.128351	-0.388530	-0.059332	0.919524	0.184328	-0.982758	0.014473	0.902811	0.175117	0.392768
39819	7.064816	1.576291	7.191767	-0.809846	-0.133908	0.178108	-0.387012	-0.060852	0.920065	0.177766	-0.984025	0.009693	0.904777	0.167307	0.391647
39820	8.532481	2.391874	8.856872	-0.925625	-0.287242	0.161290	-0.384088	-0.061990	0.921213	0.170001	-0.985433	0.004568	0.907511	0.158362	0.389032
39821	8.465910	3.267256	8.715138	-1.093663	-0.287782	0.124752	-0.381296	-0.062777	0.922319	0.160614	-0.987017	-0.000781	0.910393	0.147840	0.386429
39822	8.053528	3.089696	8.357713	-1.198803	-0.351646	0.137944	-0.377835	-0.063659	0.923682	0.150206	-0.988632	-0.006693	0.913608	0.136213	0.383101
39823	7.256381	1.941399	7.665202	-1.191628	-0.453162	0.280856	-0.373326	-0.065837	0.925361	0.140451	-0.989992	-0.013772	0.917007	0.124826	0.378837
39824	6.093245	0.808662	6.199287	-1.095526	-0.658857	0.486530	-0.366568	-0.069888	0.927763	0.132183	-0.990972	-0.022423	0.920954	0.114415	0.372496
39825	5.165157	-0.354275	4.515753	-0.877575	-0.994303	0.622360	-0.356643	-0.074947	0.931230	0.126439	-0.991478	-0.031373	0.925645	0.106555	0.363080
39826	4.777646	-1.304614	2.072187	-0.588729	-1.360586	0.712953	-0.343080	-0.080620	0.935840	0.123467	-0.991536	-0.040154	0.931156	0.101769	0.350130
39827	6.324171	-1.647843	-0.827968	-0.473830	-1.791747	0.832850	-0.325379	-0.087070	0.941566	0.121926	-0.991302	-0.049535	0.937690	0.098684	0.333165
39828	15.308983	-1.829392	1.329187	-0.712561	-1.704769	0.814237	-0.308323	-0.093527	0.946673	0.117801	-0.991249	-0.059564	0.943960	0.093154	0.316642
39829	21.099866	-4.113889	3.714741	-0.889404	-0.652305	0.535609	-0.301592	-0.098244	0.948362	0.111121	-0.991520	-0.067377	0.946939	0.085063	0.309952
39830	17.076457	-4.027412	3.709507	-0.397551	-0.065970	0.253469	-0.300649	-0.100724	0.948401	0.108118	-0.991597	-0.071037	0.947587	0.081182	0.309013
39831	11.209114	-0.613212	4.767392	0.265520	-0.287095	0.325094	-0.297611	-0.103706	0.949038	0.111682	-0.991039	-0.073273	0.948132	0.084183	0.306526
39832	9.631655	1.852222	6.229474	0.405847	-0.648526	0.631796	-0.290693	-0.109424	0.950539	0.117390	-0.990013	-0.078068	0.949588	0.088890	0.300635
39833	8.873597	-0.312224	3.687110	0.005232	-0.868379	0.891570	-0.281423	-0.117461	0.952368	0.120076	-0.988990	-0.086495	0.952041	0.090015	0.292429
39834	9.161929	-1.074234	-0.777524	-0.205322	-1.250025	0.884906	-0.268393	-0.125107	0.955151	0.120549	-0.988098	-0.095549	0.955737	0.089497	0.280280
39835	11.315596	-0.564864	-2.269499	-0.477221	-1.223676	0.739695	-0.255831	-0.131327	0.957760	0.118004	-0.987563	-0.103893	0.959492	0.086441	0.268147
39836	10.633677	-0.986898	-2.534228	-0.710404	-1.007206	0.697082	-0.245304	-0.137388	0.959662	0.112921	-0.987218	-0.112469	0.962847	0.080777	0.257683
39837	9.638041	-1.243806	-2.339429	-0.815953	-1.059520	0.685888	-0.234347	-0.143320	0.961530	0.106784	-0.986883	-0.121073	0.966270	0.074303	0.246578
39838	9.907870	-2.010674	-1.710192	-0.913448	-1.074077	0.672058	-0.223216	-0.149214	0.963281	0.099477	-0.986542	-0.129766	0.969680	0.066859	0.235055
39839	9.794395	-3.187290	-1.066456	-0.905744	-1.026564	0.666538	-0.212605	-0.155121	0.964747	0.092217	-0.986097	-0.138232	0.972777	0.059577	0.223954
39840	9.464706	-4.076690	-0.168509	-0.791014	-0.991627	0.608138	-0.202363	-0.160578	0.966056	0.085770	-0.985581	-0.145857	0.975547	0.053343	0.213218
39841	9.309360	-4.446432	0.739351	-0.584316	-0.963253	0.528967	-0.192502	-0.165285	0.967276	0.081173	-0.985017	-0.152162	0.977933	0.049225	0.203035
39842	9.259247	-4.134269	1.285989	-0.341715	-0.923615	0.459828	-0.183052	-0.169389	0.968400	0.078688	-0.984409	-0.157315	0.979949	0.047405	0.193527
39843	9.437864	-3.338421	1.680293	-0.173919	-0.862048	0.405629	-0.174268	-0.172973	0.969387	0.077751	-0.983794	-0.161567	0.981624	0.047214	0.184893
39844	8.976317	-2.460994	1.532393	-0.159306	-0.781704	0.402427	-0.166237	-0.176585	0.970146	0.076867	-0.983162	-0.165783	0.983085	0.047013	0.177012
39845	8.107165	-2.176581	1.081265	-0.271415	-0.759595	0.427807	-0.158428	-0.180444	0.970742	0.074924	-0.982521	-0.170405	0.984524	0.045735	0.169179
39846	7.960463	-2.287991	0.437203	-0.401003	-0.794430	0.404974	-0.150263	-0.184090	0.971356	0.071594	-0.981958	-0.175024	0.986050	0.043244	0.160732
39847	8.542696	-2.501734	-0.270370	-0.485005	-0.859790	0.349633	-0.141523	-0.187174	0.972079	0.067344	-0.981508	-0.179185	0.987642	0.040105	0.151511
39848	9.191052	-2.639344	-0.703326	-0.534908	-0.899217	0.315025	-0.132389	-0.189943	0.972828	0.062484	-0.981115	-0.183057	0.989226	0.036551	0.141757
39849	9.640006	-2.975192	-0.879122	-0.536968	-0.909498	0.312495	-0.123179	-0.192705	0.973495	0.057585	-0.980700	-0.186845	0.990712	0.033043	0.131898
39850	9.632465	-3.279039	-0.837704	-0.475512	-0.942365	0.332690	-0.113611	-0.195691	0.974062	0.053259	-0.980200	-0.190712	0.992097	0.030211	0.121784
39851	9.593273	-3.522640	-0.613112	-0.352140	-0.965086	0.335159	-0.103832	-0.198711	0.974542	0.050133	-0.979639	-0.194408	0.993331	0.028671	0.111680
39852	9.717279	-3.619580	-0.650810	-0.215240	-1.008281	0.338328	-0.093603	-0.201758	0.974952	0.048322	-0.979018	-0.197960	0.994436	0.028582	0.101389
39853	9.611997	-3.141367	-0.552952	-0.074548	-1.004866	0.331747	-0.083417	-0.204738	0.975256	0.047865	-0.978360	-0.201295	0.995364	0.029890	0.091412
39854	9.674944	-2.793695	-0.072715	-0.022287	-0.980161	0.307282	-0.073469	-0.207464	0.975480	0.047879	-0.977729	-0.204336	0.996148	0.031692	0.081766
39855	9.617829	-2.745644	0.322048	0.005434	-0.953593	0.282614	-0.063799	-0.209946	0.975629	0.048109	-0.977131	-0.207123	0.996802	0.033722	0.072441
