// General information: 
//  MT Manager version: 2022.2.0 
//  XDA version: 2022.2.0 build 7381 rev 124627 built on 2023-07-19
// Device information: 
//  DeviceId: 00B4CAF0
//  ProductCode: MTW2-3A7G6
//  Firmware Version: 4.6.0
//  Hardware Version: 2.0.0
// Device settings: 
//  Filter Profile: human(46.1)
//  Option Flags: Orientation Smoother Disabled, Position/Velocity Smoother Disabled, Continuous Zero Rotation Update Disabled, AHS Disabled, ICC Disabled
// Coordinate system: ENU
PacketCounter	Acc_X	Acc_Y	Acc_Z	Gyr_X	Gyr_Y	Gyr_Z	Mat[1][1]	Mat[2][1]	Mat[3][1]	Mat[1][2]	Mat[2][2]	Mat[3][2]	Mat[1][3]	Mat[2][3]	Mat[3][3]
52369	5.569013	1.024420	8.600639	0.023156	-0.246292	-0.040448	0.802795	-0.022949	0.595814	-0.019160	0.997750	0.064247	-0.595948	-0.062993	0.800549
52370	6.056169	0.616508	8.453201	0.012679	-0.232059	-0.032199	0.801533	-0.023410	0.597493	-0.018917	0.997740	0.064469	-0.597652	-0.062977	0.799279
52371	5.760508	0.974272	8.562725	0.008758	-0.239665	-0.031021	0.800093	-0.023898	0.599399	-0.018675	0.997730	0.064706	-0.599585	-0.062965	0.797831
52372	5.953640	0.850230	8.341075	-0.017796	-0.212813	-0.012757	0.798935	-0.024152	0.600932	-0.018406	0.997743	0.064570	-0.601135	-0.062648	0.796688
52373	5.651813	0.587325	8.609926	-0.007295	-0.227736	-0.017516	0.797557	-0.024496	0.602746	-0.018175	0.997746	0.064600	-0.602970	-0.062477	0.795314
52374	5.793659	0.799580	8.539384	-0.020003	-0.243575	-0.020546	0.796207	-0.024847	0.604513	-0.017831	0.997759	0.064495	-0.604761	-0.062130	0.793980
52375	5.813914	0.729064	8.549617	-0.035071	-0.237555	-0.015294	0.794761	-0.025174	0.606401	-0.017450	0.997779	0.064292	-0.606672	-0.061678	0.792556
52376	5.761980	0.887763	8.553908	-0.041203	-0.243875	-0.006928	0.793399	-0.025386	0.608172	-0.017085	0.997808	0.063938	-0.608462	-0.061119	0.791226
52377	5.943359	0.908571	8.463377	-0.065572	-0.251921	-0.000183	0.791853	-0.025569	0.610176	-0.016637	0.997849	0.063404	-0.610485	-0.060358	0.789724
52378	6.009821	1.004132	8.445876	-0.085098	-0.242032	0.006814	0.790492	-0.025640	0.611936	-0.016110	0.997907	0.062623	-0.612261	-0.059361	0.788424
52379	5.929614	0.825253	8.463453	-0.096095	-0.221852	0.023414	0.789117	-0.025564	0.613711	-0.015659	0.997972	0.061705	-0.614044	-0.058302	0.787116
52380	5.859984	1.019768	8.525104	-0.139048	-0.246500	0.027853	0.787717	-0.025423	0.615513	-0.014964	0.998064	0.060374	-0.615856	-0.056768	0.785811
52381	5.259703	1.137185	8.974526	-0.104735	-0.280317	0.072894	0.785966	-0.024880	0.617769	-0.014844	0.998143	0.059085	-0.618092	-0.055609	0.784136
52382	4.173734	0.931299	9.756655	-0.007367	-0.437332	0.165272	0.783352	-0.023469	0.621135	-0.016036	0.998191	0.057939	-0.621371	-0.055348	0.781559
52383	5.077017	0.469689	9.227818	-0.009503	-0.636323	0.171687	0.779343	-0.022134	0.626207	-0.017271	0.998237	0.056778	-0.626360	-0.055065	0.777587
52384	4.963152	0.860884	9.534514	0.017123	-0.800058	0.182411	0.774403	-0.020749	0.632352	-0.018737	0.998272	0.055701	-0.632415	-0.054983	0.772676
52385	4.726578	0.122640	9.771396	0.016676	-0.979641	0.176146	0.768125	-0.019556	0.640001	-0.020154	0.998300	0.054692	-0.639983	-0.054909	0.766425
52386	4.746768	0.427629	9.947338	0.057198	-1.244375	0.167709	0.760204	-0.018561	0.649419	-0.021745	0.998305	0.053987	-0.649321	-0.055162	0.758512
52387	4.427369	-0.020250	10.324213	0.069104	-1.509252	0.152920	0.750272	-0.017897	0.660887	-0.023304	0.998296	0.053491	-0.660718	-0.055534	0.748577
52388	4.747240	0.598476	10.458110	0.140991	-1.851275	0.191291	0.738014	-0.017018	0.674570	-0.025609	0.998255	0.053201	-0.674299	-0.056538	0.736291
52389	5.146674	0.830325	10.039188	0.109153	-2.139326	0.219985	0.723351	-0.016066	0.690294	-0.027913	0.998232	0.052483	-0.689916	-0.057231	0.721623
52390	5.523569	1.193273	9.927275	0.063001	-2.398384	0.291916	0.706675	-0.014519	0.707389	-0.030379	0.998245	0.050837	-0.706885	-0.057415	0.704994
52391	6.294676	1.233823	9.594495	0.070217	-2.598058	0.372485	0.687943	-0.012323	0.725660	-0.033431	0.998256	0.048646	-0.724995	-0.057725	0.686331
52392	7.635170	0.832231	8.946555	0.152882	-2.694304	0.455309	0.668178	-0.009341	0.743943	-0.037580	0.998221	0.046286	-0.743052	-0.058884	0.666639
52393	8.439965	1.212256	7.812495	0.258969	-2.737302	0.552296	0.647357	-0.005499	0.762167	-0.043111	0.998109	0.043818	-0.760967	-0.061224	0.645895
52394	9.453773	2.669938	7.171364	0.696689	-2.626204	0.602990	0.627055	-0.001170	0.778974	-0.052252	0.997683	0.043560	-0.777221	-0.068017	0.625541
52395	11.351972	10.591532	10.681799	0.498904	-2.328842	0.778722	0.608335	0.004928	0.793665	-0.060926	0.997320	0.040506	-0.791338	-0.072996	0.607005
52396	12.000591	5.681278	14.652998	-1.028402	-1.312249	0.784927	0.597623	0.011861	0.801689	-0.057420	0.997956	0.028040	-0.799718	-0.062790	0.597083
52397	12.198246	-0.601062	15.047596	-0.496364	0.023445	0.401678	0.597570	0.015856	0.801660	-0.055800	0.998203	0.021851	-0.799872	-0.057790	0.597381
52398	0.433057	-3.840657	8.808688	0.386321	0.511943	0.130838	0.601785	0.017455	0.798467	-0.059614	0.997954	0.023114	-0.796430	-0.061509	0.601595
52399	-0.398367	0.357741	8.441213	1.137408	0.404165	0.223497	0.604840	0.019928	0.796097	-0.069953	0.997152	0.028186	-0.793268	-0.072738	0.604512
52400	2.449154	2.991096	9.639960	1.039423	0.485140	0.528942	0.608500	0.025571	0.793141	-0.081330	0.996227	0.030278	-0.789375	-0.082931	0.608284
52401	3.640568	1.748400	10.667507	0.690285	0.846688	0.706113	0.614539	0.033305	0.788183	-0.091028	0.995429	0.028911	-0.783617	-0.089514	0.614761
52402	3.056087	0.075826	10.366313	0.683979	1.211636	0.670549	0.623576	0.041088	0.780682	-0.100453	0.994551	0.027894	-0.775282	-0.095816	0.624305
52403	2.855386	0.182298	9.720178	0.808595	1.535863	0.563881	0.634798	0.048193	0.771174	-0.110178	0.993500	0.028607	-0.764783	-0.103126	0.635981
52404	3.146250	1.032401	9.186103	0.789211	1.818235	0.498825	0.648259	0.055073	0.759425	-0.119306	0.992408	0.029873	-0.752015	-0.109970	0.649908
52405	3.533519	1.212935	8.428684	0.626198	2.068643	0.428530	0.663131	0.061622	0.745963	-0.126732	0.991460	0.030757	-0.737697	-0.114933	0.665277
52406	3.370819	1.040402	7.552221	0.424117	2.236371	0.305039	0.679304	0.067234	0.730771	-0.131817	0.990777	0.031377	-0.721921	-0.117642	0.681902
52407	3.191575	0.758116	6.959528	0.245043	2.293400	0.097566	0.695538	0.070880	0.714985	-0.134188	0.990428	0.032353	-0.705848	-0.118445	0.698391
52408	3.549276	0.594653	6.748233	0.066781	2.289167	-0.165149	0.711971	0.071930	0.698515	-0.133433	0.990474	0.034008	-0.689415	-0.117418	0.714786
52409	4.362544	0.205418	6.601274	-0.117746	2.280324	-0.446757	0.728085	0.070121	0.681891	-0.129366	0.990935	0.036229	-0.673169	-0.114591	0.730556
52410	5.133530	-0.838690	6.159619	-0.301248	2.328673	-0.688086	0.744661	0.065901	0.664181	-0.122237	0.991748	0.038647	-0.656153	-0.109966	0.746572
52411	5.337372	-2.709919	5.705316	-0.361467	2.358135	-0.901022	0.760983	0.059465	0.646041	-0.113066	0.992708	0.041808	-0.638844	-0.104860	0.762157
52412	5.353010	-3.609502	5.621192	-0.355590	2.333120	-1.044423	0.777024	0.051471	0.627363	-0.102732	0.993658	0.045716	-0.621031	-0.099973	0.777384
52413	5.751150	-3.564300	5.980215	-0.408088	2.250602	-1.076786	0.791847	0.042930	0.609209	-0.091739	0.994569	0.049156	-0.603790	-0.094812	0.791485
52414	6.666160	-3.267008	6.625715	-0.549044	2.177003	-1.016790	0.805879	0.034804	0.591056	-0.080285	0.995474	0.050847	-0.586612	-0.088429	0.805026
52415	8.129833	-2.839452	7.275613	-0.698914	2.127907	-0.932628	0.818870	0.027288	0.573330	-0.068621	0.996359	0.050586	-0.569862	-0.080766	0.817761
52416	9.272992	-2.269078	7.318529	-0.850595	2.108536	-0.879091	0.831437	0.020135	0.555254	-0.056531	0.997223	0.048486	-0.552736	-0.071702	0.830266
52417	9.918914	-1.435355	6.875088	-0.970011	2.065400	-0.836928	0.843093	0.013135	0.537607	-0.044197	0.998012	0.044928	-0.535948	-0.061639	0.841998
52418	10.518191	-0.775526	6.300266	-1.084738	1.994766	-0.781932	0.854075	0.006452	0.520111	-0.031781	0.998702	0.039799	-0.519179	-0.050521	0.853171
52419	11.018179	-0.439216	5.493805	-1.108972	1.901674	-0.683304	0.863965	0.000453	0.503552	-0.020198	0.999226	0.033756	-0.503147	-0.039334	0.863305
52420	11.839548	0.079035	4.475260	-1.012179	1.788533	-0.530825	0.873043	-0.004235	0.487625	-0.010521	0.999566	0.027519	-0.487530	-0.029156	0.872619
52421	10.406281	-3.800578	3.628756	-1.126196	1.565843	-0.304088	0.880581	-0.006934	0.473845	-0.002397	0.999815	0.019085	-0.473889	-0.017942	0.880402
52422	9.042427	-9.376845	-16.101643	2.133174	-0.509431	-1.286020	0.878296	-0.019926	0.477702	-0.001190	0.999037	0.043860	-0.478116	-0.039091	0.877426
52423	6.452544	15.926885	-5.462635	1.528530	-1.477787	-1.454303	0.871104	-0.035162	0.489839	0.004167	0.997927	0.064223	-0.491081	-0.053904	0.869444
52424	6.521734	9.059277	11.029725	1.004009	-1.783943	-0.663944	0.862275	-0.042828	0.504626	0.004973	0.997086	0.076127	-0.506416	-0.063133	0.859975
52425	14.755961	3.487759	18.528682	-0.057512	-1.195728	-0.044093	0.856146	-0.044044	0.514853	0.005691	0.997104	0.075836	-0.516702	-0.061996	0.853918
52426	10.272002	-4.077492	14.389602	-0.209194	-0.618403	-0.045571	0.853032	-0.044881	0.519926	0.007226	0.997215	0.074226	-0.521809	-0.059560	0.850980
52427	3.477490	-2.700260	9.335280	0.280540	-1.044627	-0.124789	0.847515	-0.046787	0.528705	0.006856	0.996989	0.077238	-0.530727	-0.061836	0.845284
52428	6.556018	1.618248	8.350162	0.385323	-1.253047	0.028663	0.840903	-0.047295	0.539115	0.004610	0.996764	0.080253	-0.541166	-0.065000	0.838400
52429	9.468288	3.996147	10.656864	0.332636	-1.210052	-0.049502	0.834281	-0.048619	0.549191	0.003253	0.996521	0.083278	-0.551329	-0.067691	0.831537
52430	10.181312	3.976471	9.759010	0.032754	-0.877608	-0.049658	0.829511	-0.049708	0.556273	0.003546	0.996480	0.083757	-0.558479	-0.067505	0.826768
52431	6.948121	0.183859	8.478068	-0.054082	-0.655848	-0.004424	0.825820	-0.050220	0.561693	0.003932	0.996515	0.083315	-0.563920	-0.066595	0.823140
52432	6.151174	-1.435270	9.008026	0.007043	-0.738794	-0.005735	0.821730	-0.050771	0.567610	0.004001	0.996513	0.083342	-0.569862	-0.066214	0.819068
52433	7.789513	1.912500	10.281063	0.182430	-0.754563	-0.024071	0.817396	-0.051543	0.573766	0.003199	0.996380	0.084950	-0.576068	-0.067603	0.814602
52434	8.394909	3.197967	7.382371	-0.500536	-0.373329	0.100625	0.815343	-0.050784	0.576747	0.005329	0.996762	0.080234	-0.578954	-0.062344	0.812973
52435	4.845172	0.713906	9.313333	-0.161838	-0.374639	0.065139	0.813161	-0.050393	0.579853	0.005785	0.996895	0.078524	-0.582010	-0.060498	0.810928
52436	8.301646	0.170796	8.749203	-0.209520	-0.242244	0.052230	0.811850	-0.050019	0.581720	0.006642	0.997050	0.076462	-0.583828	-0.058212	0.809787
52437	5.723166	1.618026	8.456419	-0.077816	-0.131860	0.025102	0.811070	-0.049873	0.582819	0.006939	0.997109	0.075667	-0.584908	-0.057327	0.809072
52438	6.297103	2.032551	8.391281	-0.155866	-0.085900	0.074290	0.810669	-0.049184	0.583436	0.007309	0.997238	0.073913	-0.585460	-0.055655	0.808789
52439	6.002405	0.413182	8.625189	-0.148312	-0.052282	0.081381	0.810357	-0.048429	0.583931	0.007564	0.997360	0.072219	-0.585887	-0.054107	0.808585
52440	5.587879	1.194060	8.260297	-0.134056	-0.048778	0.112162	0.810175	-0.047341	0.584273	0.007499	0.997489	0.070422	-0.586140	-0.052673	0.808496
52441	5.247521	1.787999	8.038458	-0.225651	-0.085857	0.168717	0.809673	-0.045729	0.585097	0.007503	0.997685	0.067593	-0.586833	-0.050338	0.808142
52442	5.747453	0.627312	8.261823	-0.311891	-0.104749	0.200600	0.809168	-0.043785	0.585943	0.007768	0.997930	0.063844	-0.587526	-0.047108	0.807833
52443	5.852698	-0.370383	8.528870	-0.253779	-0.093326	0.166986	0.808622	-0.042188	0.586814	0.007956	0.998119	0.060796	-0.588275	-0.044492	0.807436
52444	6.552189	-1.025546	9.244455	-0.171979	-0.093935	0.098775	0.808172	-0.041249	0.587501	0.008226	0.998238	0.058771	-0.588890	-0.042664	0.807087
52445	5.651316	-0.374233	8.308426	0.010841	-0.068428	0.004881	0.807758	-0.041257	0.588069	0.008169	0.998236	0.058811	-0.589458	-0.042701	0.806670
52446	5.964510	0.924077	8.807888	-0.026119	-0.055337	0.007752	0.807527	-0.041206	0.588390	0.008317	0.998253	0.058494	-0.589773	-0.042342	0.806459
52447	5.739657	0.501273	8.549669	-0.032201	-0.062685	-0.004165	0.807145	-0.041301	0.588906	0.008587	0.998266	0.058240	-0.590290	-0.041951	0.806100
52448	5.757789	0.593895	8.595664	-0.001715	-0.053795	-0.019093	0.806920	-0.041517	0.589199	0.008808	0.998261	0.058279	-0.590595	-0.041837	0.805883
52449	6.082897	1.196971	8.381417	0.003846	-0.044002	-0.013078	0.806648	-0.041693	0.589559	0.008937	0.998255	0.058368	-0.590964	-0.041814	0.805613
52450	5.903613	0.875969	8.504389	-0.018774	-0.012840	0.000146	0.806666	-0.041701	0.589534	0.009103	0.998266	0.058158	-0.590937	-0.041547	0.805647
52451	5.945589	0.781133	8.452549	-0.007262	-0.002217	0.005618	0.806643	-0.041673	0.589569	0.009147	0.998272	0.058047	-0.590969	-0.041431	0.805630
52452	5.859419	0.840333	8.482592	-0.008114	0.007356	0.008809	0.806780	-0.041587	0.589386	0.009180	0.998282	0.057872	-0.590780	-0.041280	0.805776
52453	5.801894	0.845532	8.425899	-0.003033	0.008034	0.014159	0.806818	-0.041470	0.589343	0.009130	0.998290	0.057746	-0.590730	-0.041209	0.805817
52454	5.711596	0.574930	8.392092	-0.009848	0.008905	0.018034	0.806965	-0.041292	0.589154	0.009099	0.998304	0.057504	-0.590529	-0.041043	0.805972
52455	5.446499	0.330442	8.597990	0.000455	-0.018202	0.006199	0.806847	-0.041264	0.589317	0.009093	0.998307	0.057453	-0.590690	-0.040997	0.805856
52456	5.790549	0.547440	8.384318	0.010779	-0.037436	-0.005782	0.806718	-0.041343	0.589488	0.009132	0.998303	0.057517	-0.590865	-0.041017	0.805727
52457	5.762267	0.608626	8.409676	0.006658	-0.038402	-0.005690	0.806480	-0.041442	0.589807	0.009185	0.998298	0.057586	-0.591190	-0.041024	0.805488
52458	5.798904	0.613138	8.416199	0.009291	-0.045345	-0.013152	0.806303	-0.041598	0.590038	0.009292	0.998292	0.057682	-0.591429	-0.041026	0.805312
52459	5.671243	0.711515	8.398938	0.014759	-0.046686	-0.013222	0.806015	-0.041776	0.590419	0.009358	0.998281	0.057860	-0.591821	-0.041111	0.805020
52460	5.328384	0.703857	8.690052	0.018251	-0.076625	-0.016067	0.805652	-0.041974	0.590900	0.009436	0.998269	0.058046	-0.592314	-0.041190	0.804654
52461	5.656105	0.747481	8.484151	0.023378	-0.124802	-0.026547	0.804899	-0.042318	0.591901	0.009557	0.998249	0.058373	-0.593335	-0.041327	0.803894
52462	5.876392	0.769061	8.288805	0.030187	-0.120582	-0.026740	0.804273	-0.042641	0.592728	0.009649	0.998228	0.058719	-0.594181	-0.041507	0.803260
52463	5.946843	0.489117	8.430141	0.038797	-0.114652	-0.029942	0.803578	-0.043015	0.593644	0.009706	0.998200	0.059190	-0.595121	-0.041802	0.802548
52464	6.197249	0.585094	8.221026	0.042489	-0.090380	-0.032583	0.803129	-0.043384	0.594223	0.009771	0.998170	0.059670	-0.595725	-0.042117	0.802084
52465	6.129100	0.431635	8.284227	0.036770	-0.044860	-0.031705	0.802848	-0.043747	0.594577	0.009853	0.998142	0.060135	-0.596103	-0.042421	0.801787
52466	6.216844	0.377111	8.252239	0.047823	-0.003521	-0.039069	0.802915	-0.044145	0.594457	0.009938	0.998107	0.060697	-0.596011	-0.042827	0.801833
52467	5.937345	0.723327	8.360598	0.043928	0.021495	-0.031959	0.803029	-0.044482	0.594278	0.009980	0.998074	0.061221	-0.595857	-0.043231	0.801926
52468	5.861892	0.749588	8.427409	0.044863	0.023981	-0.030349	0.803259	-0.044781	0.593944	0.010013	0.998044	0.061707	-0.595545	-0.043620	0.802137
52469	5.826254	0.953547	8.409816	0.031219	0.019687	-0.024947	0.803363	-0.045049	0.593783	0.010074	0.998020	0.062087	-0.595404	-0.043897	0.802226
52470	5.611298	0.835472	8.518831	0.027219	0.011346	-0.014626	0.803520	-0.045197	0.593560	0.010086	0.998004	0.062339	-0.595193	-0.044104	0.802372
52471	5.516579	0.908900	8.579816	0.022478	-0.030269	-0.014473	0.803327	-0.045382	0.593807	0.010115	0.997988	0.062587	-0.595453	-0.044272	0.802170
52472	5.660101	0.897370	8.528907	0.013240	-0.060183	-0.012797	0.803058	-0.045544	0.594158	0.010196	0.997979	0.062718	-0.595814	-0.044308	0.801900
52473	5.680655	0.774396	8.381461	0.013662	-0.076545	-0.009090	0.802590	-0.045696	0.594779	0.010234	0.997970	0.062863	-0.596444	-0.044366	0.801428
52474	5.696449	0.423539	8.551712	0.022482	-0.092595	-0.022327	0.802126	-0.045968	0.595383	0.010336	0.997952	0.063125	-0.597066	-0.044481	0.800958
52475	6.095244	0.448287	8.277525	0.043133	-0.097259	-0.039418	0.801529	-0.046432	0.596150	0.010441	0.997915	0.063687	-0.597864	-0.044823	0.800343
52476	5.896809	0.570151	8.324490	0.031087	-0.068137	-0.029739	0.801210	-0.046768	0.596553	0.010550	0.997890	0.064062	-0.598291	-0.045033	0.800013
52477	5.874012	0.809072	8.404526	0.046855	-0.076665	-0.037010	0.800736	-0.047199	0.597155	0.010613	0.997852	0.064639	-0.598924	-0.045422	0.799517
52478	5.749800	1.153131	8.419465	0.035226	-0.081503	-0.020700	0.800336	-0.047451	0.597671	0.010625	0.997829	0.064994	-0.599458	-0.045667	0.799102
52479	5.691909	0.970104	8.398883	0.023752	-0.118075	-0.011609	0.799615	-0.047648	0.598620	0.010622	0.997813	0.065235	-0.600419	-0.045805	0.798373
52480	5.740780	1.017982	8.293292	0.029619	-0.137624	-0.005398	0.798878	-0.047775	0.599592	0.010544	0.997800	0.065455	-0.601400	-0.045968	0.797624
52481	5.619023	0.600329	8.422320	0.023953	-0.150248	-0.007450	0.797962	-0.047945	0.600798	0.010506	0.997786	0.065673	-0.602617	-0.046092	0.796699
52482	5.276739	0.563734	8.850609	0.049034	-0.201171	-0.029431	0.796836	-0.048342	0.602259	0.010502	0.997752	0.066192	-0.604104	-0.046419	0.795552
52483	5.510762	0.777507	8.754476	0.023883	-0.273683	-0.041176	0.795164	-0.048907	0.604419	0.010732	0.997721	0.066613	-0.606299	-0.046481	0.793877
52484	5.641670	0.943655	8.526762	0.001864	-0.293425	-0.027416	0.793472	-0.049327	0.606605	0.010996	0.997709	0.066746	-0.608508	-0.046291	0.792197
52485	5.360721	1.047018	8.991428	-0.008557	-0.324716	0.001034	0.791480	-0.049493	0.609187	0.011087	0.997715	0.066654	-0.611094	-0.046001	0.790220
52486	5.347458	1.501203	9.109598	-0.048703	-0.406208	0.015403	0.789088	-0.049535	0.612279	0.011322	0.997747	0.066130	-0.614176	-0.045251	0.787871
52487	5.643214	1.536002	9.122129	-0.126500	-0.491990	0.052250	0.786051	-0.049260	0.616195	0.011737	0.997829	0.064797	-0.618050	-0.043702	0.784923
52488	4.263132	2.266984	10.309991	-0.199985	-0.504478	0.074746	0.783030	-0.048741	0.620071	0.012447	0.997953	0.062726	-0.621859	-0.041398	0.782034
52489	2.229007	-0.412595	10.732155	0.069898	-1.067122	0.312597	0.776373	-0.046091	0.628587	0.009620	0.998073	0.061302	-0.630201	-0.041546	0.775320
52490	4.554876	1.282359	10.815788	-0.010622	-1.304666	0.283166	0.768218	-0.043814	0.638688	0.007558	0.998206	0.059386	-0.640144	-0.040794	0.767171
52491	3.910293	-0.320378	10.356224	0.137674	-1.749397	0.283069	0.756907	-0.041734	0.652189	0.004557	0.998272	0.058592	-0.653507	-0.041377	0.755789
52492	3.646179	-0.547847	11.257973	0.134528	-2.147905	0.216372	0.742825	-0.040479	0.668261	0.002103	0.998307	0.058133	-0.669483	-0.041778	0.741652
52493	3.690535	0.660765	11.987954	0.301030	-2.777853	0.221542	0.723931	-0.039481	0.688742	-0.001520	0.998267	0.058821	-0.689871	-0.043629	0.722617
52494	3.872265	1.061239	12.592911	0.077644	-3.397204	0.317348	0.700212	-0.037794	0.712933	-0.004265	0.998359	0.057114	-0.713922	-0.043032	0.698902
52495	4.220021	1.549183	12.495407	-0.032302	-4.230393	0.482805	0.669352	-0.034780	0.742131	-0.007287	0.998548	0.053370	-0.742910	-0.041131	0.668127
52496	6.652648	1.656502	12.317088	-0.000019	-4.866788	0.670243	0.632521	-0.030058	0.773960	-0.011591	0.998768	0.048261	-0.774456	-0.039497	0.631393
52497	8.716971	4.203896	12.484432	0.064701	-5.267936	0.889851	0.590721	-0.023254	0.806541	-0.017496	0.998980	0.041617	-0.806686	-0.038696	0.589712
52498	10.417149	4.358819	13.529352	0.077022	-5.229533	1.208612	0.547683	-0.013209	0.836582	-0.024953	0.999173	0.032112	-0.836314	-0.038462	0.546900
52499	10.549309	3.916192	10.889883	-0.042338	-5.105634	1.412377	0.503871	-0.001063	0.863779	-0.031970	0.999291	0.019879	-0.863187	-0.037632	0.503479
52500	10.430105	8.560879	9.813920	0.154127	-5.093708	1.673634	0.458871	0.013675	0.888397	-0.041327	0.999128	0.005966	-0.887541	-0.039452	0.459036
52501	8.980400	11.697123	10.113527	-0.931354	-4.844322	2.034609	0.414483	0.032268	0.909485	-0.041795	0.998992	-0.016396	-0.909097	-0.031216	0.415413
52502	6.277722	8.796806	9.246145	-2.181689	-4.524241	2.288973	0.372330	0.054116	0.926521	-0.030724	0.998470	-0.045972	-0.927592	-0.011350	0.373423
52503	8.324916	3.502937	15.220796	-2.759248	-3.789141	1.783475	0.336519	0.071938	0.938925	-0.011204	0.997313	-0.072396	-0.941610	0.013843	0.336420
52504	19.398424	-2.965128	20.946332	-1.660086	-1.523444	0.469301	0.322383	0.076870	0.943483	0.002946	0.996611	-0.082205	-0.946605	0.029281	0.321064
52505	6.191099	-4.717330	16.713364	-0.326970	0.119779	-0.320561	0.323483	0.073612	0.943366	0.007124	0.996752	-0.080220	-0.946207	0.032671	0.321908
52506	-2.132161	0.098681	12.838029	1.002491	0.990915	-0.772805	0.333122	0.065560	0.940602	0.000211	0.997575	-0.069606	-0.942884	0.023386	0.332300
52507	-6.119533	1.918182	9.415583	1.071562	1.180747	-0.565168	0.344236	0.059677	0.936985	-0.007908	0.998127	-0.060666	-0.938850	0.013474	0.344063
52508	-5.140498	2.135866	8.998329	0.798623	1.133038	-0.030595	0.355195	0.059190	0.932917	-0.015260	0.998227	-0.057524	-0.934668	0.006196	0.355468
52509	-1.471876	-0.671923	10.222972	0.575305	1.340723	0.421239	0.367598	0.063318	0.927827	-0.022096	0.997993	-0.059352	-0.929722	0.001317	0.368259
52510	1.490230	-2.975935	10.957457	0.765923	1.877129	0.614714	0.385182	0.069416	0.920226	-0.031483	0.997575	-0.062073	-0.922304	-0.005062	0.386433
52511	2.713980	-2.949622	10.692184	1.193819	2.541610	0.639974	0.408231	0.076028	0.909707	-0.044921	0.996992	-0.063165	-0.911773	-0.015079	0.410418
52512	2.935906	-1.483273	9.749930	1.452688	3.100720	0.645446	0.436328	0.083054	0.895946	-0.060774	0.996177	-0.062749	-0.897733	-0.027071	0.439708
52513	3.480754	-0.570369	8.888909	1.458235	3.499575	0.679253	0.466973	0.090939	0.879583	-0.076762	0.995112	-0.062130	-0.880933	-0.038506	0.471671
52514	4.274267	-0.743007	8.084137	1.383856	3.793342	0.693679	0.499821	0.099435	0.860402	-0.092155	0.993855	-0.061324	-0.861212	-0.048640	0.505912
52515	4.681825	-1.000081	7.594374	1.322560	3.977344	0.636478	0.532999	0.107844	0.839215	-0.106640	0.992497	-0.059812	-0.839369	-0.057614	0.540500
52516	5.494620	-1.176570	7.582092	1.253980	4.069656	0.503516	0.566481	0.115292	0.815970	-0.119767	0.991170	-0.056899	-0.815325	-0.065494	0.575287
52517	6.848040	-1.080359	7.591585	1.186573	4.116874	0.318442	0.599117	0.121257	0.791427	-0.131099	0.989982	-0.052436	-0.789856	-0.072340	0.609011
52518	7.703752	-0.351557	7.582317	1.049154	4.152578	0.137731	0.631526	0.125686	0.765100	-0.140070	0.989032	-0.046856	-0.762598	-0.077577	0.642204
52519	8.091088	0.587954	7.539849	0.803037	4.144905	-0.054037	0.662628	0.128394	0.737862	-0.145684	0.988474	-0.041173	-0.734643	-0.080212	0.673695
52520	8.175828	0.625707	7.151912	0.484458	4.094486	-0.268610	0.692848	0.128967	0.709457	-0.147327	0.988440	-0.035802	-0.705873	-0.079717	0.703839
52521	8.100323	-0.530404	6.758729	0.304539	3.979380	-0.516796	0.721121	0.126959	0.681077	-0.145732	0.988868	-0.030035	-0.677308	-0.077596	0.731596
52522	8.552519	-1.798988	6.611833	0.371707	3.803600	-0.771108	0.747752	0.122216	0.652634	-0.142501	0.989549	-0.022039	-0.648507	-0.076521	0.757353
52523	9.390468	-1.475645	6.920839	0.544217	3.601736	-0.968170	0.771958	0.115379	0.625114	-0.138550	0.990287	-0.011684	-0.620390	-0.077590	0.780446
52524	10.344421	-0.807262	7.144985	0.604742	3.431529	-1.110965	0.794548	0.107030	0.597694	-0.133475	0.991052	-0.000034	-0.592349	-0.079750	0.801724
52525	11.548614	-0.347762	7.627840	0.559020	3.306274	-1.219547	0.815263	0.097582	0.570809	-0.126847	0.991854	0.011609	-0.565027	-0.081870	0.821001
52526	12.469927	-1.393294	8.036869	0.427713	3.237989	-1.329413	0.834977	0.087020	0.543361	-0.118186	0.992734	0.022627	-0.537443	-0.083111	0.839194
52527	12.467008	-3.223852	8.012087	0.421226	3.172206	-1.455896	0.853236	0.075193	0.516076	-0.108058	0.993567	0.033889	-0.510207	-0.084681	0.855872
52528	12.475673	-3.560072	7.995926	0.490698	3.044297	-1.477282	0.870076	0.063095	0.488863	-0.097709	0.994170	0.045590	-0.483137	-0.087433	0.871168
52529	13.909555	-3.243472	7.690384	0.414313	2.874281	-1.354296	0.884846	0.052147	0.462957	-0.087730	0.994589	0.055649	-0.457550	-0.089856	0.884632
52530	15.401023	-2.778876	6.310101	0.242304	2.731921	-1.139657	0.898118	0.043249	0.437623	-0.078587	0.994917	0.062955	-0.432676	-0.090933	0.896952
52531	15.246690	-2.064681	4.075747	-0.000852	2.506855	-0.808750	0.909281	0.037439	0.414494	-0.071232	0.995249	0.066366	-0.410041	-0.089871	0.907629
52532	14.345032	-2.011485	1.989784	-0.181137	2.108050	-0.451144	0.918160	0.034789	0.394679	-0.066324	0.995577	0.066538	-0.390618	-0.087269	0.916407
52533	13.372990	-1.680017	0.560257	-0.201778	1.612920	-0.169625	0.924448	0.034459	0.379749	-0.063947	0.995814	0.065310	-0.375909	-0.084660	0.922781
52534	12.660580	-0.569957	-6.979813	-0.500569	0.138026	-0.115795	0.925142	0.033394	0.378150	-0.060942	0.996269	0.061114	-0.374698	-0.079584	0.923725
52535	15.041112	0.385059	-6.797336	-0.312275	-0.718690	-0.180493	0.922527	0.031006	0.384686	-0.058053	0.996575	0.058893	-0.381542	-0.076663	0.921167
52536	18.971261	1.315261	-7.172892	-0.387254	-1.463438	-0.526161	0.917219	0.024639	0.397621	-0.051657	0.997015	0.057380	-0.395020	-0.073170	0.915754
52537	18.835613	3.134267	-6.530707	-0.692607	-2.088996	-0.932408	0.909186	0.013851	0.416159	-0.040297	0.997682	0.054831	-0.414435	-0.066622	0.907637
52538	10.203844	-1.318925	-0.568288	-0.692589	-2.157089	-1.050089	0.900456	0.001976	0.434943	-0.027808	0.998205	0.053034	-0.434058	-0.059849	0.898895
52539	7.225486	-0.997800	15.844609	-0.515558	-1.620486	-0.860745	0.893491	-0.007572	0.449016	-0.017768	0.998479	0.052195	-0.448729	-0.054614	0.891998
52540	9.608999	-6.529804	14.227532	-0.592569	-1.324983	-0.523739	0.887601	-0.013515	0.460414	-0.010361	0.998731	0.049291	-0.460496	-0.048521	0.886335
52541	2.601864	-5.919338	12.831372	-0.168984	-1.189274	-0.399122	0.882086	-0.018094	0.470740	-0.005999	0.998750	0.049630	-0.471050	-0.046602	0.880875
52542	1.612059	-4.388319	7.131027	0.008391	-1.574571	-0.202025	0.874634	-0.020861	0.484334	-0.004215	0.998709	0.050628	-0.484765	-0.046322	0.873417
52543	4.253765	-1.126035	7.374207	0.236704	-1.865072	-0.043867	0.865435	-0.022209	0.500529	-0.004956	0.998589	0.052877	-0.500997	-0.048242	0.864103
52544	10.818841	0.078682	10.110406	0.378441	-1.816317	-0.081339	0.856266	-0.023940	0.515979	-0.006129	0.998384	0.056493	-0.516498	-0.051536	0.854736
52545	16.692114	2.063999	12.778039	0.338915	-1.321279	-0.164393	0.849369	-0.026309	0.527144	-0.006452	0.998165	0.060213	-0.527761	-0.054544	0.847640
52546	14.586909	1.414378	11.485633	0.007172	-0.639823	-0.082637	0.846039	-0.027496	0.532411	-0.005737	0.998142	0.060664	-0.533089	-0.054379	0.844310
52547	6.021460	-1.515632	9.203791	0.006607	-0.307221	-0.044058	0.844391	-0.028130	0.534989	-0.005355	0.998127	0.060933	-0.535701	-0.054316	0.842659
52548	3.666890	-1.692568	8.477848	0.256493	-0.597450	-0.066961	0.841233	-0.029141	0.539887	-0.006119	0.997969	0.063400	-0.540638	-0.056638	0.839347
52549	5.942375	1.577505	9.558839	0.357867	-0.737483	-0.064840	0.837218	-0.030245	0.546032	-0.007475	0.997743	0.066727	-0.546818	-0.059947	0.835102
52550	7.360127	3.601178	9.634464	0.235812	-0.676904	-0.076439	0.833560	-0.031431	0.551534	-0.008079	0.997580	0.069060	-0.552370	-0.062022	0.831289
52551	6.607705	3.986628	8.617779	0.065231	-0.561272	-0.037110	0.830440	-0.032178	0.556179	-0.008086	0.997529	0.069787	-0.557050	-0.062451	0.828127
52552	5.813308	1.883668	8.322141	-0.062728	-0.552388	0.008281	0.827404	-0.032453	0.560668	-0.007751	0.997574	0.069181	-0.561553	-0.061587	0.825146
52553	7.352619	0.294194	8.828208	-0.070645	-0.531747	0.016915	0.824395	-0.032637	0.565073	-0.007447	0.997624	0.068484	-0.565965	-0.060666	0.822194
52554	7.409354	-0.757509	8.769615	-0.051242	-0.372569	0.024454	0.822333	-0.032634	0.568069	-0.007304	0.997666	0.067886	-0.568959	-0.059974	0.820176
52555	6.002834	-0.590238	8.474514	-0.018279	-0.291986	0.010378	0.820658	-0.032732	0.570482	-0.007239	0.997682	0.067658	-0.571374	-0.059653	0.818519
52556	6.527813	1.882901	9.244182	-0.018494	-0.355618	0.048405	0.818670	-0.032474	0.573345	-0.007477	0.997712	0.067187	-0.574216	-0.059291	0.816554
52557	5.856350	0.413550	7.958934	-0.257740	-0.179568	0.090468	0.817621	-0.031703	0.574883	-0.006689	0.997892	0.064544	-0.575718	-0.056618	0.815686
52558	5.528950	0.165033	8.489558	-0.244692	-0.268142	0.098769	0.816120	-0.030880	0.577056	-0.006032	0.998062	0.061940	-0.577851	-0.054031	0.814352
52559	5.966360	-0.213367	8.649856	-0.193219	-0.245269	0.074970	0.814686	-0.030289	0.579111	-0.005478	0.998188	0.059915	-0.579877	-0.051985	0.813044
52560	6.186643	0.973737	8.165411	-0.153023	-0.229610	0.051838	0.813402	-0.029902	0.580933	-0.004959	0.998285	0.058328	-0.581681	-0.050325	0.811859
52561	6.319804	1.146462	8.258049	-0.177000	-0.152309	0.055390	0.812502	-0.029452	0.582214	-0.004333	0.998390	0.056551	-0.582942	-0.048470	0.811067
52562	6.515272	0.401071	9.068336	-0.152420	-0.088838	0.036253	0.812034	-0.029146	0.582882	-0.003686	0.998476	0.055062	-0.583599	-0.046861	0.810689
52563	5.681004	0.535704	8.479875	0.019645	-0.093474	-0.033812	0.811479	-0.029555	0.583634	-0.003480	0.998458	0.055400	-0.584372	-0.046987	0.810125
52564	5.911011	1.509663	8.605591	-0.010265	-0.126893	-0.011454	0.810788	-0.029742	0.584583	-0.003275	0.998462	0.055342	-0.585330	-0.046786	0.809444
52565	6.027121	0.027380	8.414728	-0.035075	-0.106816	-0.006003	0.810152	-0.029879	0.585458	-0.002975	0.998478	0.055075	-0.586212	-0.046361	0.808830
52566	5.833222	0.170781	8.450974	0.003889	-0.110887	-0.020073	0.809553	-0.030145	0.586272	-0.002783	0.998472	0.055183	-0.587040	-0.046306	0.808233
52567	5.994487	1.097407	8.514542	-0.006689	-0.121203	-0.009937	0.808831	-0.030328	0.587259	-0.002617	0.998474	0.055169	-0.588035	-0.046159	0.807517
52568	6.146795	0.987361	8.340679	-0.031377	-0.101521	0.006900	0.808284	-0.030320	0.588011	-0.002437	0.998492	0.054835	-0.588787	-0.045755	0.806992
52569	5.972549	0.892910	8.445741	-0.028325	-0.082000	0.016455	0.807790	-0.030220	0.588695	-0.002356	0.998511	0.054491	-0.589465	-0.045404	0.806517
52570	5.988417	0.763386	8.448793	-0.022798	-0.077351	0.018754	0.807384	-0.030083	0.589258	-0.002322	0.998530	0.054158	-0.590021	-0.045094	0.806127
52571	5.946013	0.617351	8.403462	-0.026709	-0.064366	0.021051	0.806993	-0.029929	0.589802	-0.002287	0.998549	0.053800	-0.590556	-0.044765	0.805754
52572	5.912289	0.778359	8.427505	-0.017166	-0.062985	0.018293	0.806671	-0.029790	0.590249	-0.002282	0.998564	0.053516	-0.590996	-0.044517	0.805445
52573	5.932907	0.667074	8.332484	-0.026749	-0.067138	0.024916	0.806263	-0.029598	0.590817	-0.002278	0.998585	0.053135	-0.591553	-0.044187	0.805054
52574	5.968221	0.510437	8.332745	-0.018415	-0.055557	0.021932	0.805984	-0.029419	0.591206	-0.002295	0.998601	0.052820	-0.591933	-0.043929	0.804789
52575	5.951734	0.558198	8.325485	-0.010681	-0.053099	0.018338	0.805658	-0.029287	0.591656	-0.002333	0.998613	0.052607	-0.592376	-0.043763	0.804472
52576	5.964696	0.499412	8.306748	-0.010077	-0.041212	0.015098	0.805464	-0.029170	0.591927	-0.002343	0.998623	0.052400	-0.592641	-0.043593	0.804286
52577	5.904737	0.625427	8.300007	-0.004151	-0.038597	0.011957	0.805224	-0.029094	0.592257	-0.002368	0.998630	0.052277	-0.592966	-0.043497	0.804052
52578	5.802441	0.644223	8.355270	-0.000652	-0.044031	0.007386	0.805012	-0.029056	0.592547	-0.002373	0.998634	0.052192	-0.593254	-0.043421	0.803844
52579	5.664342	0.597248	8.365486	0.003558	-0.058145	-0.001613	0.804656	-0.029124	0.593026	-0.002334	0.998633	0.052211	-0.593736	-0.043396	0.803489
52580	5.809244	0.604301	8.304361	0.008591	-0.081351	-0.003684	0.804223	-0.029213	0.593609	-0.002304	0.998631	0.052266	-0.594323	-0.043401	0.803054
52581	5.972849	0.544422	8.194661	0.012552	-0.082785	-0.011302	0.803720	-0.029389	0.594281	-0.002241	0.998623	0.052416	-0.595003	-0.043459	0.802547
52582	6.033527	0.406857	8.233638	0.025012	-0.070272	-0.014435	0.803352	-0.029580	0.594770	-0.002223	0.998610	0.052666	-0.595501	-0.043632	0.802169
52583	6.054350	0.503978	8.277834	0.034687	-0.058242	-0.021275	0.802994	-0.029845	0.595239	-0.002212	0.998589	0.053053	-0.595983	-0.043918	0.801796
52584	6.109362	0.305306	8.282481	0.044498	-0.036482	-0.030891	0.802827	-0.030186	0.595448	-0.002178	0.998562	0.053558	-0.596208	-0.044294	0.801607
52585	6.093817	0.518045	8.281055	0.058282	-0.023521	-0.037870	0.802676	-0.030602	0.595629	-0.002175	0.998526	0.054232	-0.596411	-0.044826	0.801427
52586	5.986499	0.342437	8.348889	0.060209	-0.013953	-0.041100	0.802643	-0.031035	0.595652	-0.002152	0.998488	0.054924	-0.596456	-0.045366	0.801363
52587	5.956805	0.572729	8.320548	0.061646	-0.006549	-0.043844	0.802594	-0.031503	0.595693	-0.002121	0.998447	0.055661	-0.596522	-0.045937	0.801281
52588	6.008044	0.585279	8.257126	0.065243	-0.005027	-0.047330	0.802613	-0.031994	0.595641	-0.002079	0.998404	0.056429	-0.596496	-0.046529	0.801266
52589	5.926968	0.603740	8.362516	0.066187	0.000212	-0.049587	0.802605	-0.032516	0.595624	-0.002029	0.998359	0.057237	-0.596508	-0.047147	0.801221
52590	5.968495	0.811985	8.267522	0.060605	-0.008135	-0.046690	0.802605	-0.033003	0.595597	-0.001964	0.998317	0.057964	-0.596507	-0.047692	0.801189
52591	5.972533	0.767928	8.341802	0.056972	-0.009667	-0.043189	0.802538	-0.033466	0.595662	-0.001911	0.998276	0.058660	-0.596599	-0.048215	0.801090
52592	5.915296	0.734774	8.300477	0.048405	-0.010406	-0.036224	0.802524	-0.033849	0.595659	-0.001857	0.998243	0.059228	-0.596617	-0.048638	0.801051
52593	5.820148	0.611269	8.373446	0.051880	-0.017690	-0.038204	0.802408	-0.034266	0.595791	-0.001813	0.998206	0.059853	-0.596773	-0.049107	0.800906
52594	5.426475	0.732806	8.485136	0.056280	-0.046370	-0.045900	0.802180	-0.034765	0.596069	-0.001729	0.998164	0.060543	-0.597080	-0.049597	0.800647
52595	5.327333	0.530413	8.768506	0.075166	-0.119857	-0.066947	0.801454	-0.035520	0.597001	-0.001595	0.998104	0.061525	-0.598054	-0.050262	0.799878
52596	5.678205	1.137390	8.611437	0.074672	-0.173865	-0.064484	0.800463	-0.036269	0.598284	-0.001473	0.998046	0.062473	-0.599380	-0.050889	0.798845
52597	5.745403	0.785411	8.454922	0.031844	-0.211065	-0.053359	0.799186	-0.036936	0.599948	-0.001190	0.998011	0.063029	-0.601083	-0.051086	0.797552
52598	5.959233	0.907399	8.399135	0.030918	-0.229064	-0.052308	0.797857	-0.037593	0.601673	-0.000906	0.997978	0.063557	-0.602846	-0.051254	0.796210
52599	5.932903	0.877599	8.365237	-0.011374	-0.239313	-0.035584	0.796401	-0.038098	0.603567	-0.000507	0.997971	0.063663	-0.604768	-0.051007	0.794767
52600	5.731109	0.816635	8.482101	-0.019758	-0.230838	-0.000670	0.795053	-0.038240	0.605333	-0.000330	0.997983	0.063478	-0.606540	-0.050668	0.793437
52601	5.667117	1.061089	8.735838	-0.036059	-0.296863	0.008270	0.793238	-0.038335	0.607704	-0.000129	0.998006	0.063124	-0.608912	-0.050151	0.791651
52602	5.696839	1.349842	8.824106	-0.072503	-0.352337	0.048285	0.791139	-0.038047	0.610452	-0.000017	0.998062	0.062226	-0.611637	-0.049240	0.789605
52603	5.490486	1.806687	9.125452	-0.125246	-0.421867	0.076005	0.788540	-0.037520	0.613838	0.000198	0.998153	0.060756	-0.614983	-0.047787	0.787091
52604	2.299874	0.996894	11.266587	-0.376259	-0.475289	0.160402	0.785663	-0.036157	0.617598	0.001309	0.998386	0.056785	-0.618654	-0.043805	0.784442
52605	3.725640	2.424137	11.848141	0.261958	-1.347831	0.292180	0.777240	-0.033872	0.628292	-0.002562	0.998371	0.056992	-0.629199	-0.045906	0.775887
52606	1.801261	0.347083	11.192941	-0.106772	-1.604828	0.416420	0.767091	-0.030460	0.640815	-0.005046	0.998555	0.053504	-0.641518	-0.044276	0.765829
52607	3.645727	0.645686	12.632062	0.147881	-2.203269	0.399051	0.752732	-0.027486	0.657753	-0.008992	0.998606	0.052020	-0.658266	-0.045071	0.751435
52608	2.650747	-0.706319	12.428740	0.218959	-2.855752	0.437248	0.733659	-0.024448	0.679078	-0.013652	0.998621	0.050702	-0.679380	-0.046469	0.732313
52609	3.610047	1.227672	14.740546	0.094981	-3.733714	0.549245	0.707688	-0.020726	0.706221	-0.018221	0.998702	0.047568	-0.706290	-0.046531	0.706392
52610	4.251650	0.639782	13.379798	-0.093427	-4.595094	0.674166	0.674463	-0.016109	0.738133	-0.022151	0.998870	0.042039	-0.737976	-0.044704	0.673344
52611	7.106329	1.512122	12.275916	-0.057216	-5.152817	0.815009	0.635344	-0.010263	0.772161	-0.027008	0.999005	0.035501	-0.771757	-0.043410	0.634434
52612	8.944881	2.989541	12.259152	0.192445	-5.506494	1.005375	0.591721	-0.002671	0.806138	-0.034642	0.998987	0.028738	-0.805398	-0.044931	0.591029
52613	10.082083	4.626579	11.881603	0.049367	-5.412780	1.185408	0.546815	0.006699	0.837227	-0.041748	0.998942	0.019273	-0.836212	-0.045491	0.546516
52614	10.397363	5.515180	10.318972	0.147288	-5.378903	1.362486	0.500586	0.017779	0.865504	-0.050087	0.998709	0.008454	-0.864237	-0.047583	0.500830
52615	10.927344	11.259123	11.708787	-0.541777	-5.276585	1.748839	0.453378	0.032817	0.890714	-0.053628	0.998516	-0.009492	-0.889703	-0.043464	0.454465
52616	8.203252	11.134435	10.134193	-1.843476	-4.940104	2.139797	0.407961	0.052391	0.911495	-0.046195	0.998258	-0.036702	-0.911830	-0.027133	0.409670
52617	3.938246	6.560859	11.092445	-2.864979	-4.440099	2.175120	0.366233	0.073442	0.927621	-0.028175	0.997299	-0.067835	-0.930097	-0.001292	0.367313
52618	19.059925	0.354193	20.262067	-2.806072	-3.319101	1.015700	0.335172	0.083869	0.938417	-0.005437	0.996186	-0.087090	-0.942141	0.024088	0.334350
52619	14.730872	-3.537848	21.837215	-1.340198	-0.792528	-0.181493	0.327675	0.082276	0.941201	0.007858	0.995929	-0.089796	-0.944758	0.036819	0.325695
52620	1.114476	-3.387582	15.794225	0.368440	0.584242	-0.995637	0.333338	0.072073	0.940049	0.007693	0.996833	-0.079155	-0.942776	0.033617	0.331728
52621	-4.763591	1.827501	12.271716	1.064486	1.143788	-1.255093	0.344022	0.059200	0.937094	0.001977	0.997963	-0.063771	-0.938960	0.023791	0.343204
52622	-6.675061	2.696909	9.779608	0.914892	1.199318	-0.820747	0.355527	0.050697	0.933290	-0.003697	0.998596	-0.052836	-0.934659	0.015334	0.355216
52623	-5.104765	0.166536	9.448656	0.566462	1.227249	-0.137200	0.366962	0.049143	0.928937	-0.008434	0.998738	-0.049504	-0.930198	0.010331	0.366914
52624	-1.575204	-3.816434	10.086202	0.550783	1.475646	0.390573	0.380891	0.052849	0.923109	-0.014976	0.998587	-0.050991	-0.924499	0.005598	0.381144
52625	1.107308	-5.722859	10.343386	1.069479	1.950896	0.654725	0.398696	0.059343	0.915161	-0.027324	0.998230	-0.052826	-0.916676	-0.003945	0.399612
52626	2.559848	-3.877984	10.260965	1.553547	2.531919	0.754848	0.421805	0.067089	0.904201	-0.044553	0.997588	-0.053235	-0.905591	-0.017830	0.423776
52627	2.979293	-1.747520	9.688519	1.628365	3.019865	0.819783	0.448489	0.075988	0.890552	-0.062704	0.996599	-0.053458	-0.891586	-0.031866	0.451729
52628	3.441545	-1.075864	9.050524	1.458664	3.376763	0.854513	0.478026	0.085721	0.874153	-0.079523	0.995363	-0.054120	-0.874738	-0.043645	0.482626
52629	4.184119	-1.213535	8.318596	1.270868	3.611577	0.827442	0.508546	0.095670	0.855703	-0.094554	0.994003	-0.054938	-0.855827	-0.052971	0.514542
52630	4.810291	-1.433791	7.847153	1.139152	3.774246	0.732963	0.540028	0.105043	0.835066	-0.108005	0.992627	-0.055018	-0.834688	-0.060480	0.547391
52631	5.649459	-1.693242	7.576267	1.059924	3.861024	0.577927	0.571152	0.113206	0.813001	-0.119895	0.991327	-0.053808	-0.812041	-0.066742	0.579771
52632	6.940541	-1.815362	7.450364	1.023062	3.910509	0.409660	0.602227	0.119940	0.789263	-0.130459	0.990145	-0.050924	-0.787593	-0.072299	0.611940
52633	7.906847	-1.413509	7.186052	1.005918	3.942216	0.272740	0.632395	0.125563	0.764402	-0.139888	0.989064	-0.046736	-0.761911	-0.077375	0.643043
52634	8.291668	-0.958293	6.870395	0.941165	3.932359	0.173168	0.661867	0.130362	0.738199	-0.148027	0.988101	-0.041772	-0.734861	-0.081626	0.673288
52635	8.394232	-1.392084	6.659751	0.875787	3.866105	0.065099	0.689643	0.134201	0.711606	-0.154735	0.987291	-0.036233	-0.707425	-0.085123	0.701644
52636	8.601161	-2.255537	6.462542	0.958756	3.743624	-0.083428	0.715999	0.136610	0.684604	-0.160767	0.986574	-0.028726	-0.679337	-0.089494	0.728349
