// General information: 
//  MT Manager version: 2022.2.0 
//  XDA version: 2022.2.0 build 7381 rev 124627 built on 2023-07-19
// Device information: 
//  DeviceId: 00B4CAF0
//  ProductCode: MTW2-3A7G6
//  Firmware Version: 4.6.0
//  Hardware Version: 2.0.0
// Device settings: 
//  Filter Profile: human(46.1)
//  Option Flags: Orientation Smoother Disabled, Position/Velocity Smoother Disabled, Continuous Zero Rotation Update Disabled, AHS Disabled, ICC Disabled
// Coordinate system: ENU
PacketCounter	Acc_X	Acc_Y	Acc_Z	Gyr_X	Gyr_Y	Gyr_Z	Mat[1][1]	Mat[2][1]	Mat[3][1]	Mat[1][2]	Mat[2][2]	Mat[3][2]	Mat[1][3]	Mat[2][3]	Mat[3][3]
19829	4.788587	-1.434366	9.009786	0.008577	0.007196	0.000898	-0.179454	0.870893	0.457539	-0.981898	-0.129910	-0.137840	-0.060605	-0.473992	0.878441
19830	4.753056	-1.412975	8.999260	0.003901	0.001326	0.003050	-0.179492	0.870893	0.457523	-0.981891	-0.129949	-0.137851	-0.060599	-0.473981	0.878447
19831	4.752876	-1.412691	8.999400	0.006433	0.001475	0.004549	-0.179412	0.870933	0.457479	-0.981905	-0.129878	-0.137822	-0.060617	-0.473928	0.878475
19832	4.752743	-1.412353	8.999523	0.005064	0.000297	0.002998	-0.179450	0.870928	0.457473	-0.981899	-0.129921	-0.137822	-0.060598	-0.473924	0.878478
19833	4.787755	-1.432884	9.010464	0.005566	0.001466	0.000585	-0.179441	0.870933	0.457469	-0.981898	-0.129889	-0.137862	-0.060649	-0.473925	0.878474
19834	4.762779	-1.411519	9.021906	0.004129	-0.000877	0.003428	-0.179483	0.870922	0.457472	-0.981891	-0.129931	-0.137873	-0.060637	-0.473933	0.878471
19835	4.755560	-1.435588	8.998498	0.003695	-0.000881	0.001446	-0.179501	0.870879	0.457547	-0.981889	-0.129951	-0.137862	-0.060602	-0.474007	0.878433
19836	4.752688	-1.411119	8.999746	0.003695	-0.000881	0.001446	-0.179524	0.870871	0.457553	-0.981886	-0.129974	-0.137867	-0.060594	-0.474015	0.878429
19837	4.755710	-1.435035	8.998507	0.005292	-0.001907	0.003376	-0.179397	0.870887	0.457572	-0.981908	-0.129857	-0.137815	-0.060602	-0.474017	0.878427
19838	4.788002	-1.431543	9.010546	0.001163	-0.001030	-0.000053	-0.179405	0.870880	0.457582	-0.981906	-0.129855	-0.137835	-0.060618	-0.474031	0.878419
19839	4.817405	-1.404033	9.023768	0.002692	-0.003220	0.006272	-0.179538	0.870812	0.457660	-0.981884	-0.129975	-0.137878	-0.060582	-0.474123	0.878372
19840	4.769169	-1.458746	9.019342	0.004631	0.000292	0.001016	-0.179556	0.870810	0.457656	-0.981882	-0.129999	-0.137873	-0.060566	-0.474120	0.878374
19841	4.785216	-1.406948	9.011765	0.001369	0.001178	0.001552	-0.179658	0.870742	0.457747	-0.981869	-0.130119	-0.137849	-0.060469	-0.474213	0.878331
19842	4.777910	-1.430996	8.988411	0.005794	-0.000738	0.000964	-0.179676	0.870735	0.457753	-0.981867	-0.130148	-0.137833	-0.060441	-0.474218	0.878330
19843	4.766109	-1.433671	9.020783	0.005065	0.000297	0.002999	-0.179624	0.870721	0.457800	-0.981880	-0.130122	-0.137767	-0.060387	-0.474251	0.878316
19844	4.777864	-1.430340	8.988540	0.002099	0.000144	-0.000483	-0.179627	0.870720	0.457800	-0.981879	-0.130120	-0.137777	-0.060396	-0.474253	0.878315
19845	4.777911	-1.430211	8.988536	0.003628	-0.002046	0.005842	-0.179680	0.870665	0.457883	-0.981876	-0.130205	-0.137717	-0.060286	-0.474330	0.878281
19846	4.766275	-1.432935	9.020813	0.008554	-0.002793	0.002842	-0.179718	0.870646	0.457905	-0.981873	-0.130264	-0.137685	-0.060226	-0.474349	0.878274
19847	4.778008	-1.429425	8.988609	0.003240	0.003525	0.000690	-0.179670	0.870674	0.457871	-0.981881	-0.130222	-0.137668	-0.060239	-0.474309	0.878295
19848	4.785199	-1.405007	9.012077	0.000661	-0.002199	0.002361	-0.179703	0.870658	0.457888	-0.981874	-0.130238	-0.137703	-0.060258	-0.474334	0.878280
19849	4.778027	-1.429352	8.988611	0.002031	-0.001021	0.003913	-0.179741	0.870657	0.457875	-0.981859	-0.130212	-0.137833	-0.060385	-0.474343	0.878267
19850	4.785287	-1.404988	9.012033	0.002966	0.000153	0.003482	-0.179783	0.870651	0.457870	-0.981851	-0.130248	-0.137853	-0.060385	-0.474344	0.878266
19851	4.756018	-1.432183	8.998798	0.005794	-0.000738	0.000965	-0.179778	0.870646	0.457882	-0.981850	-0.130228	-0.137879	-0.060414	-0.474359	0.878256
19852	4.788234	-1.428775	9.010862	-0.002099	-0.000143	0.000483	-0.179791	0.870642	0.457884	-0.981845	-0.130215	-0.137930	-0.060464	-0.474370	0.878247
19853	4.788322	-1.428456	9.010866	0.008622	-0.001629	-0.001552	-0.179767	0.870639	0.457899	-0.981848	-0.130182	-0.137938	-0.060484	-0.474383	0.878238
19854	4.748961	-1.455628	8.975418	0.002031	-0.001020	0.003913	-0.179813	0.870627	0.457903	-0.981839	-0.130218	-0.137969	-0.060492	-0.474396	0.878231
19855	4.811816	-1.421779	8.946390	0.006641	0.003682	0.006155	-0.179692	0.870690	0.457832	-0.981862	-0.130135	-0.137880	-0.060471	-0.474304	0.878282
19856	4.796712	-1.400160	8.980200	0.007872	0.003816	0.001708	-0.179714	0.870704	0.457797	-0.981861	-0.130179	-0.137849	-0.060430	-0.474266	0.878305
19857	4.772696	-1.475493	8.964892	0.008285	0.008232	0.004916	-0.179702	0.870712	0.457786	-0.981868	-0.130211	-0.137766	-0.060345	-0.474243	0.878324
19858	4.779094	-1.450606	8.988849	0.007190	0.010426	0.000572	-0.179709	0.870758	0.457695	-0.981869	-0.130242	-0.137735	-0.060323	-0.474149	0.878376
19859	4.738697	-1.407794	9.034203	0.008079	0.006024	0.003313	-0.179692	0.870741	0.457735	-0.981878	-0.130268	-0.137646	-0.060226	-0.474173	0.878369
19860	4.763201	-1.428588	9.023126	0.000206	0.002208	0.001604	-0.179713	0.870747	0.457714	-0.981872	-0.130275	-0.137682	-0.060257	-0.474160	0.878374
19861	4.767521	-1.380348	9.047707	-0.003103	-0.002479	0.005309	-0.179831	0.870698	0.457762	-0.981845	-0.130324	-0.137829	-0.060350	-0.474237	0.878326
19862	4.706264	-1.412032	9.022117	-0.009902	-0.004077	0.009169	-0.179931	0.870664	0.457787	-0.981819	-0.130349	-0.137989	-0.060470	-0.474292	0.878288
19863	4.707145	-1.413452	9.021435	-0.014471	-0.017602	0.004478	-0.179812	0.870624	0.457909	-0.981824	-0.130094	-0.138194	-0.060743	-0.474435	0.878192
19864	4.755937	-1.432995	8.998712	-0.015227	-0.026555	0.008462	-0.179918	0.870485	0.458132	-0.981796	-0.130087	-0.138396	-0.060875	-0.474692	0.878044
19865	4.793351	-1.425196	8.900476	-0.007286	-0.021577	0.005775	-0.179951	0.870351	0.458373	-0.981789	-0.130067	-0.138468	-0.060897	-0.474943	0.877907
19866	4.690959	-1.421008	9.027851	-0.016842	-0.021119	0.007764	-0.180047	0.870239	0.458549	-0.981761	-0.130046	-0.138682	-0.061054	-0.475155	0.877781
19867	4.712380	-1.465049	8.937135	-0.011944	-0.031857	0.006713	-0.180143	0.870045	0.458879	-0.981738	-0.130035	-0.138854	-0.061139	-0.475512	0.877582
19868	4.774002	-1.480565	8.881593	0.003862	-0.037464	0.006450	-0.180237	0.869856	0.459200	-0.981726	-0.130101	-0.138880	-0.061064	-0.475840	0.877410
19869	4.617072	-1.514276	9.169076	0.004409	-0.030720	0.000866	-0.180323	0.869666	0.459526	-0.981713	-0.130148	-0.138925	-0.061012	-0.476174	0.877232
19870	4.757762	-1.515539	9.050280	0.017960	-0.066318	-0.003451	-0.180336	0.869353	0.460114	-0.981727	-0.130195	-0.138782	-0.060746	-0.476734	0.876946
19871	4.800102	-1.430555	8.976650	0.041358	-0.055802	-0.014744	-0.180163	0.869080	0.460697	-0.981793	-0.130217	-0.138300	-0.060203	-0.477226	0.876716
19872	4.799640	-1.477797	9.004327	0.037624	-0.060501	-0.012987	-0.180079	0.868805	0.461247	-0.981835	-0.130275	-0.137940	-0.059754	-0.477709	0.876484
19873	4.785062	-1.503769	9.065400	0.041407	-0.064640	-0.017133	-0.179943	0.868506	0.461863	-0.981889	-0.130289	-0.137546	-0.059284	-0.478249	0.876221
19874	4.796854	-1.447685	9.033064	0.039641	-0.060255	-0.023820	-0.179751	0.868246	0.462426	-0.981952	-0.130263	-0.137118	-0.058816	-0.478727	0.875991
19875	4.866194	-1.409927	9.000770	0.024585	-0.074512	-0.026005	-0.179451	0.867946	0.463106	-0.982022	-0.130022	-0.136844	-0.058559	-0.479337	0.875675
19876	4.787568	-1.343715	9.010113	0.017392	-0.056138	-0.028039	-0.179216	0.867711	0.463637	-0.982080	-0.129854	-0.136591	-0.058317	-0.479808	0.875433
19877	4.843342	-1.383795	8.984257	-0.000977	-0.070672	-0.025274	-0.178976	0.867414	0.464286	-0.982127	-0.129571	-0.136523	-0.058264	-0.480422	0.875100
19878	4.576799	-1.382755	9.270235	-0.054653	-0.050711	-0.046533	-0.178556	0.867228	0.464795	-0.982175	-0.128896	-0.136815	-0.058740	-0.480939	0.874784
19879	4.798419	-1.302462	9.165479	0.021438	-0.121280	-0.024266	-0.178449	0.866602	0.466001	-0.982226	-0.128873	-0.136470	-0.058210	-0.482071	0.874196
19880	4.691832	-1.515017	9.135200	-0.103796	-0.099632	-0.027931	-0.178240	0.866155	0.466912	-0.982212	-0.128121	-0.137277	-0.059082	-0.483075	0.873584
19881	4.688201	-1.265214	9.403959	-0.038944	-0.156187	-0.037149	-0.178030	0.865423	0.468346	-0.982238	-0.127614	-0.137565	-0.059284	-0.484518	0.872770
19882	4.646726	-1.593049	9.289089	-0.129923	-0.174475	-0.038070	-0.177768	0.864622	0.469922	-0.982225	-0.126645	-0.138550	-0.060280	-0.486199	0.871766
19883	4.557196	-1.382753	9.517925	-0.123975	-0.230492	-0.052891	-0.177447	0.863553	0.472005	-0.982224	-0.125563	-0.139537	-0.061231	-0.488375	0.870483
19884	4.615453	-1.390286	9.515435	-0.156376	-0.298184	-0.054504	-0.177102	0.862158	0.474676	-0.982221	-0.124317	-0.140669	-0.062268	-0.491150	0.868847
19885	4.576544	-1.468279	9.613714	-0.177775	-0.359625	-0.059560	-0.176723	0.860476	0.477859	-0.982209	-0.122846	-0.142035	-0.063514	-0.494458	0.866878
19886	4.456434	-1.628986	9.670900	-0.170118	-0.421999	-0.097789	-0.176039	0.858499	0.481654	-0.982270	-0.121152	-0.143069	-0.064471	-0.498300	0.864605
19887	4.416749	-1.658174	9.799413	-0.120478	-0.513824	-0.131168	-0.175386	0.855977	0.486356	-0.982372	-0.119697	-0.143591	-0.064696	-0.502967	0.861881
19888	4.457541	-1.871657	9.617890	-0.017800	-0.601427	-0.202391	-0.173791	0.853175	0.491823	-0.982710	-0.117867	-0.142785	-0.063851	-0.508134	0.858908
19889	4.421949	-1.653741	9.724096	0.159515	-0.694907	-0.279202	-0.171683	0.849926	0.498147	-0.983252	-0.116442	-0.140200	-0.061155	-0.513874	0.855683
19890	4.406786	-1.752691	9.632873	0.224189	-0.810044	-0.358748	-0.168642	0.846149	0.505561	-0.983993	-0.114549	-0.136517	-0.057602	-0.520491	0.851922
19891	4.483134	-1.609516	9.605777	0.375062	-0.904831	-0.439177	-0.165251	0.841823	0.513835	-0.984852	-0.113109	-0.131424	-0.052516	-0.527770	0.847762
19892	4.701511	-1.290160	9.554669	0.339095	-1.056830	-0.498799	-0.160872	0.836756	0.523412	-0.985832	-0.110716	-0.126002	-0.047483	-0.536267	0.842712
19893	5.218640	-1.459450	9.201044	0.231892	-1.144014	-0.520171	-0.156739	0.831055	0.533648	-0.986684	-0.107986	-0.121633	-0.043457	-0.545606	0.836914
19894	5.300293	-1.488511	9.107399	0.208495	-1.220705	-0.542716	-0.151896	0.824909	0.544475	-0.987605	-0.104629	-0.117001	-0.039547	-0.555498	0.830577
19895	5.690989	-1.437357	8.770526	0.117085	-1.295824	-0.546777	-0.147133	0.818185	0.555811	-0.988443	-0.100885	-0.113149	-0.036504	-0.566035	0.823573
19896	5.892747	-1.369875	8.789258	-0.025098	-1.314064	-0.550299	-0.142169	0.811216	0.567201	-0.989228	-0.096246	-0.110297	-0.034884	-0.576772	0.816160
19897	6.276586	-1.849819	8.680729	-0.236369	-1.350316	-0.548015	-0.137234	0.803861	0.578770	-0.989907	-0.090436	-0.109111	-0.035368	-0.587902	0.808158
19898	6.431108	-1.675692	8.189923	-0.172805	-1.295405	-0.583374	-0.131923	0.796685	0.589821	-0.990629	-0.084730	-0.107124	-0.035369	-0.598426	0.800397
19899	6.799548	-2.169902	8.541435	-0.394934	-1.219980	-0.575978	-0.126670	0.789788	0.600158	-0.991227	-0.077762	-0.106877	-0.037741	-0.608430	0.792709
19900	6.680364	-2.534944	8.302767	-0.286645	-1.059727	-0.622227	-0.120917	0.783755	0.609185	-0.991884	-0.071097	-0.105409	-0.039303	-0.616987	0.785992
19901	6.334510	-2.186663	7.747746	-0.315032	-0.988787	-0.635191	-0.115021	0.778041	0.617594	-0.992504	-0.064160	-0.104015	-0.041303	-0.624928	0.779589
19902	6.454848	-1.790477	7.998706	-0.279437	-0.797188	-0.627407	-0.109137	0.773413	0.624437	-0.993087	-0.057524	-0.102321	-0.043217	-0.631287	0.774344
19903	5.511526	-2.006512	8.049904	-0.339803	-0.548124	-0.602578	-0.103404	0.770262	0.629289	-0.993573	-0.050698	-0.101207	-0.046053	-0.635709	0.770554
19904	3.228119	-1.719568	8.629814	-0.162904	-0.213425	-0.576991	-0.097778	0.769178	0.631510	-0.994075	-0.045205	-0.098855	-0.047490	-0.637434	0.769040
19905	1.151424	-1.834170	9.746092	-0.205449	0.056397	-0.512975	-0.092672	0.769755	0.631576	-0.994460	-0.039944	-0.097235	-0.049620	-0.637088	0.769192
19906	-1.088749	-1.901455	10.834636	-0.177166	0.353022	-0.457609	-0.087950	0.772169	0.629301	-0.994781	-0.035275	-0.095746	-0.051733	-0.634437	0.771242
19907	-2.319866	-1.978689	11.730445	-0.289432	0.585009	-0.367737	-0.084051	0.776006	0.625100	-0.994936	-0.030659	-0.095718	-0.055112	-0.629980	0.774653
19908	-3.525827	-2.703788	12.704301	-0.411456	0.917820	-0.227621	-0.081266	0.781818	0.618188	-0.994885	-0.026294	-0.097532	-0.059997	-0.622952	0.779956
19909	-3.498471	-2.781532	13.174441	-0.421240	1.120485	-0.065119	-0.080066	0.788807	0.609403	-0.994666	-0.023338	-0.100475	-0.065033	-0.614197	0.786468
19910	0.149394	-2.167220	14.336589	-0.561254	1.376311	0.195145	-0.081074	0.797141	0.598326	-0.994122	-0.021455	-0.106120	-0.071756	-0.603412	0.794195
19911	-0.954715	-2.951655	14.061436	-0.710862	1.835988	0.435665	-0.084235	0.808055	0.583054	-0.993211	-0.020975	-0.114421	-0.080229	-0.588733	0.804336
19912	-0.308116	-3.008462	13.498395	-0.724348	2.107218	0.578318	-0.088199	0.820158	0.565298	-0.992095	-0.021469	-0.123641	-0.089269	-0.571735	0.815568
19913	0.542894	-2.737444	13.345617	-0.735754	2.289705	0.661372	-0.092907	0.832959	0.545479	-0.990791	-0.023148	-0.133406	-0.098495	-0.552851	0.827439
19914	1.745297	-2.161338	13.126128	-0.729663	2.416971	0.690717	-0.097260	0.845911	0.524381	-0.989376	-0.024976	-0.143215	-0.108050	-0.532739	0.839353
19915	2.875786	-1.982345	12.854110	-0.795903	2.468515	0.660883	-0.101360	0.858705	0.502346	-0.987802	-0.026870	-0.153382	-0.118212	-0.511765	0.850954
19916	3.700686	-2.254455	12.388917	-0.811601	2.486232	0.561766	-0.103845	0.871010	0.480164	-0.986218	-0.027654	-0.163126	-0.128806	-0.490486	0.861877
19917	4.311632	-2.310743	11.683053	-0.772845	2.444471	0.401340	-0.104926	0.882694	0.458084	-0.984744	-0.027922	-0.171756	-0.138818	-0.469117	0.872157
19918	4.575653	-1.939212	10.907044	-0.742568	2.347062	0.177526	-0.103311	0.893414	0.437194	-0.983486	-0.026086	-0.179094	-0.148601	-0.448477	0.881355
19919	4.544975	-1.145200	9.996594	-0.767509	2.193206	-0.097209	-0.099405	0.903117	0.417730	-0.982387	-0.022318	-0.185522	-0.158225	-0.428814	0.889429
19920	4.519518	-0.250685	9.146957	-0.933205	1.984417	-0.378874	-0.092446	0.911519	0.400732	-0.981216	-0.014959	-0.192334	-0.169322	-0.410985	0.895780
19921	5.184359	0.151947	8.929695	-1.205186	1.751855	-0.655683	-0.083353	0.918699	0.386062	-0.979657	-0.004575	-0.200626	-0.182548	-0.394931	0.900392
19922	5.811715	-1.687101	9.241938	-1.515644	1.544163	-0.842854	-0.072174	0.924668	0.373871	-0.977417	0.009072	-0.211124	-0.198611	-0.380666	0.903132
19923	4.987240	-4.260191	4.352418	-0.411212	0.464006	-1.382232	-0.058138	0.926262	0.372370	-0.977489	0.022962	-0.209732	-0.202817	-0.376181	0.904076
19924	11.822486	2.030936	7.399224	-0.870311	0.740194	-1.412623	-0.042815	0.928580	0.368655	-0.976391	0.039306	-0.212403	-0.211723	-0.369045	0.904975
19925	11.291893	-1.925008	7.967578	-0.657840	0.575782	-1.297610	-0.029267	0.930148	0.366018	-0.975452	0.053378	-0.213647	-0.218260	-0.363285	0.905752
19926	10.717540	0.742203	7.556338	-0.716064	0.869017	-1.126230	-0.016374	0.932593	0.360558	-0.974113	0.066438	-0.216079	-0.225468	-0.354762	0.907363
19927	8.438213	-0.610461	5.864967	-0.748672	0.706242	-0.942616	-0.005866	0.934449	0.356049	-0.972513	0.077550	-0.219553	-0.232773	-0.347550	0.908309
19928	7.554807	-1.067461	4.970004	-0.958295	0.521636	-0.770641	0.002845	0.935610	0.353025	-0.970243	0.088057	-0.225556	-0.242118	-0.341878	0.908019
19929	6.687044	-1.823419	4.936526	-0.911787	0.308506	-0.640392	0.009578	0.936114	0.351567	-0.967967	0.096894	-0.231629	-0.250895	-0.338087	0.907055
19930	5.871342	-2.437966	4.930593	-0.808362	0.139470	-0.497406	0.014729	0.936084	0.351467	-0.965839	0.104272	-0.237238	-0.258723	-0.335966	0.905643
19931	4.072351	-3.139250	4.578395	-0.527078	-0.015766	-0.345251	0.017824	0.935704	0.352335	-0.964416	0.109061	-0.240849	-0.263789	-0.335504	0.904352
19932	2.332624	-2.551790	4.079461	-0.042885	-0.317525	-0.234201	0.019230	0.934378	0.355765	-0.964251	0.111393	-0.240439	-0.264290	-0.338423	0.903117
19933	1.816292	-0.295120	3.444403	0.381394	-0.669986	-0.145652	0.018692	0.931965	0.362066	-0.965233	0.111252	-0.236533	-0.260721	-0.345056	0.901643
19934	2.323319	1.071612	3.173423	0.460985	-1.090814	-0.087554	0.016703	0.928047	0.372087	-0.966403	0.110448	-0.232093	-0.256490	-0.355710	0.898712
19935	4.400448	0.281034	3.130936	0.573241	-1.567724	-0.169728	0.014191	0.922204	0.386443	-0.967840	0.109750	-0.226366	-0.251168	-0.370802	0.894103
19936	12.544535	-12.140055	8.949893	-0.024827	-2.460409	-0.187989	0.009809	0.912596	0.408744	-0.967747	0.111568	-0.225871	-0.251732	-0.393345	0.884257
19937	28.165570	3.717610	5.721038	5.299987	-1.894224	-3.567491	0.040128	0.900779	0.432419	-0.978851	0.122323	-0.163977	-0.200602	-0.416693	0.886637
19938	34.977213	39.626768	18.511036	2.986434	1.530028	-1.135727	0.054100	0.905701	0.420450	-0.983854	0.120288	-0.132521	-0.170600	-0.406492	0.897586
19939	-1.034644	-14.467473	-4.005957	-5.221412	0.336534	2.015700	0.035134	0.909472	0.414277	-0.974492	0.123118	-0.187638	-0.221656	-0.397117	0.890599
19940	0.194455	-19.171791	11.365447	1.801489	0.212637	-0.259473	0.038106	0.910005	0.412842	-0.978225	0.118320	-0.170516	-0.204018	-0.397354	0.894699
19941	4.905401	7.427506	15.129198	4.221405	-0.467378	-1.439008	0.051450	0.906425	0.419222	-0.985307	0.114526	-0.126701	-0.162857	-0.406544	0.898999
19942	5.489556	7.409668	11.610338	-0.762596	-0.495184	-0.047814	0.051081	0.904349	0.423727	-0.984007	0.118072	-0.133376	-0.170649	-0.410137	0.895917
19943	5.165387	-6.883257	8.609356	-2.277629	-0.448095	0.745224	0.043024	0.903372	0.426695	-0.980197	0.120798	-0.156912	-0.193293	-0.411494	0.890680
19944	4.285363	-2.996849	8.783199	1.602143	-0.367697	-0.511366	0.047347	0.901238	0.430730	-0.982934	0.118777	-0.140475	-0.177762	-0.416728	0.891481
19945	6.776455	6.370558	10.584409	1.026725	-0.401081	-0.439845	0.051056	0.899008	0.434946	-0.984476	0.118537	-0.129447	-0.167931	-0.421585	0.891103
19946	5.166628	0.625584	9.705018	-1.454287	-0.146843	0.508526	0.045784	0.898997	0.435555	-0.982170	0.120093	-0.144633	-0.182332	-0.421167	0.888467
19947	4.200274	-4.471886	8.341068	-0.404573	-0.194975	0.236938	0.043189	0.898429	0.436991	-0.981513	0.119790	-0.149276	-0.186461	-0.422465	0.886993
19948	5.246155	-0.167294	9.399059	0.372971	-0.255888	0.021141	0.042496	0.897370	0.439227	-0.982206	0.118020	-0.146093	-0.182938	-0.425203	0.886418
19949	4.903182	-1.468182	9.269804	-0.357408	-0.144308	0.140382	0.040942	0.896891	0.440352	-0.981586	0.118403	-0.149896	-0.186579	-0.426106	0.885224
19950	4.780432	-2.288857	9.191351	0.032320	-0.128028	0.070854	0.039994	0.896430	0.441377	-0.981670	0.117631	-0.149954	-0.186343	-0.427290	0.884703
19951	4.895718	-1.587225	9.290334	-0.029848	-0.130426	0.059169	0.039262	0.895911	0.442496	-0.981620	0.117351	-0.150499	-0.186762	-0.428454	0.884052
19952	4.910712	-2.040968	9.167569	0.024317	-0.065170	0.033039	0.038803	0.895671	0.443021	-0.981674	0.116952	-0.150463	-0.186578	-0.429064	0.883795
19953	4.853532	-1.606673	9.120946	0.048180	-0.046246	0.012847	0.038684	0.895456	0.443466	-0.981750	0.116755	-0.150115	-0.186198	-0.429565	0.883631
19954	4.807133	-1.610050	9.060948	0.053430	-0.000100	0.004354	0.038628	0.895462	0.443459	-0.981846	0.116487	-0.149694	-0.185703	-0.429626	0.883706
19955	4.739960	-1.446533	9.065764	0.047515	0.007709	0.004601	0.038692	0.895469	0.443440	-0.981918	0.116368	-0.149315	-0.185309	-0.429644	0.883780
19956	4.656416	-1.325178	9.128739	0.043301	0.012486	0.004871	0.038654	0.895529	0.443321	-0.981995	0.116140	-0.148987	-0.184909	-0.429580	0.883895
19957	4.612611	-1.362573	9.119678	0.024959	0.002318	0.004134	0.038713	0.895512	0.443350	-0.982025	0.116123	-0.148805	-0.184739	-0.429620	0.883911
19958	4.609264	-1.393287	9.146852	0.015093	-0.014462	0.011905	0.038556	0.895465	0.443459	-0.982052	0.115953	-0.148756	-0.184627	-0.429765	0.883864
19959	4.698896	-1.433821	9.109960	0.002259	-0.023347	0.006151	0.038548	0.895340	0.443712	-0.982041	0.116015	-0.148784	-0.184689	-0.430008	0.883732
19960	4.735476	-1.536389	9.014157	0.012438	-0.013520	0.004803	0.038463	0.895288	0.443824	-0.982060	0.115920	-0.148728	-0.184602	-0.430141	0.883686
19961	4.682483	-1.453604	9.037125	0.015783	-0.010512	0.001889	0.038521	0.895213	0.443970	-0.982072	0.115963	-0.148617	-0.184528	-0.430285	0.883631
19962	4.687255	-1.420016	9.009643	0.018647	-0.012276	0.003413	0.038452	0.895165	0.444072	-0.982103	0.115854	-0.148500	-0.184380	-0.430415	0.883599
19963	4.650629	-1.382107	9.025210	0.020623	-0.009718	0.004588	0.038485	0.895097	0.444207	-0.982124	0.115852	-0.148359	-0.184258	-0.430557	0.883555
19964	4.593303	-1.353257	9.048870	0.018354	-0.021336	0.004584	0.038388	0.895011	0.444389	-0.982155	0.115734	-0.148249	-0.184116	-0.430767	0.883482
19965	4.613116	-1.375453	9.066649	0.012074	-0.036443	0.015215	0.038268	0.894840	0.444744	-0.982165	0.115674	-0.148230	-0.184088	-0.431139	0.883307
19966	4.598651	-1.373680	9.019580	0.022298	-0.051188	0.013106	0.038033	0.894635	0.445176	-0.982205	0.115463	-0.148124	-0.183919	-0.431621	0.883107
19967	4.715478	-1.394623	8.919006	0.018312	-0.063241	0.015399	0.037861	0.894348	0.445767	-0.982227	0.115375	-0.148051	-0.183840	-0.432239	0.882821
19968	4.659831	-1.354257	9.020755	0.012677	-0.049832	0.016771	0.037593	0.894152	0.446182	-0.982251	0.115172	-0.148047	-0.183764	-0.432697	0.882612
19969	4.635148	-1.449821	9.054731	0.004200	-0.062695	0.018192	0.037396	0.893870	0.446764	-0.982248	0.115121	-0.148111	-0.183824	-0.433294	0.882306
19970	4.592631	-1.457845	8.992080	0.004640	-0.076893	0.012352	0.037121	0.893551	0.447424	-0.982256	0.114993	-0.148158	-0.183837	-0.433985	0.881964
19971	4.630544	-1.449335	9.002377	0.005863	-0.096739	0.010829	0.036934	0.893111	0.448317	-0.982252	0.114999	-0.148175	-0.183893	-0.434887	0.881508
19972	4.575901	-1.442240	9.129216	-0.009067	-0.109513	0.007943	0.036642	0.892644	0.449270	-0.982233	0.114971	-0.148323	-0.184052	-0.435853	0.880998
19973	4.633684	-1.480684	9.129957	-0.020430	-0.136125	0.004206	0.036446	0.892023	0.450517	-0.982179	0.115151	-0.148542	-0.184380	-0.437075	0.880323
19974	4.751654	-1.472867	8.974469	-0.037383	-0.135453	-0.007423	0.036257	0.891423	0.451720	-0.982102	0.115384	-0.148870	-0.184827	-0.438238	0.879651
19975	4.612974	-1.427716	9.136279	-0.045728	-0.134981	-0.003827	0.036140	0.890794	0.452968	-0.981998	0.115746	-0.149275	-0.185403	-0.439419	0.878941
19976	4.851030	-1.575598	8.900629	-0.057364	-0.167213	-0.008601	0.035902	0.890049	0.454450	-0.981883	0.116079	-0.149772	-0.186057	-0.440839	0.878091
19977	4.760556	-1.493369	8.937596	-0.047582	-0.129322	-0.013419	0.035888	0.889430	0.455660	-0.981771	0.116537	-0.150149	-0.186648	-0.441965	0.877399
19978	4.812208	-1.632767	8.884632	-0.055497	-0.136113	-0.020270	0.035821	0.888805	0.456884	-0.981655	0.116966	-0.150576	-0.187272	-0.443108	0.876689
19979	4.825552	-1.469676	8.986594	-0.032481	-0.119020	-0.029030	0.035979	0.888211	0.458025	-0.981565	0.117497	-0.150748	-0.187713	-0.444158	0.876064
19980	4.801335	-1.522868	9.046883	-0.051255	-0.130526	-0.027364	0.035991	0.887598	0.459210	-0.981453	0.117972	-0.151104	-0.188294	-0.445255	0.875382
19981	4.837345	-1.485099	9.004231	-0.057533	-0.119226	-0.031183	0.036168	0.886998	0.460355	-0.981315	0.118634	-0.151484	-0.188980	-0.446274	0.874715
19982	4.803180	-1.527648	9.121872	-0.075263	-0.125465	-0.041661	0.036327	0.886388	0.461515	-0.981151	0.119344	-0.151983	-0.189795	-0.447295	0.874016
19983	4.723829	-1.403248	9.236128	-0.087568	-0.123187	-0.044923	0.036629	0.885750	0.462715	-0.980950	0.120263	-0.152561	-0.190778	-0.448311	0.873281
19984	4.506648	-1.259000	9.383243	-0.140664	-0.138684	-0.050425	0.036847	0.885067	0.464002	-0.980656	0.121346	-0.153587	-0.192240	-0.449368	0.872418
19985	4.347116	-0.801367	9.912925	-0.149063	-0.265117	-0.022952	0.036653	0.883813	0.466401	-0.980341	0.122346	-0.154800	-0.193876	-0.451559	0.870923
19986	4.881937	-1.340973	9.133134	-0.268994	-0.317196	-0.005194	0.036073	0.882371	0.469169	-0.979808	0.123614	-0.157148	-0.196659	-0.454027	0.869014
19987	4.459290	-0.964773	9.749430	-0.311796	-0.322806	0.005450	0.035468	0.880878	0.472013	-0.979173	0.125107	-0.159899	-0.199904	-0.456511	0.866970
19988	4.675636	-1.148191	9.457705	-0.420993	-0.449731	0.027662	0.034278	0.878852	0.475861	-0.978326	0.126798	-0.163706	-0.204212	-0.459936	0.864151
19989	4.724167	-1.139350	9.296498	-0.513540	-0.492652	0.045852	0.032895	0.876607	0.480081	-0.977261	0.128882	-0.168373	-0.209471	-0.463627	0.860914
19990	4.558410	-1.375774	9.514502	-0.626451	-0.552918	0.058558	0.031136	0.874109	0.484731	-0.975942	0.131292	-0.174069	-0.215797	-0.467650	0.857167
19991	4.210693	-1.519110	9.659484	-0.697057	-0.657896	0.066227	0.029127	0.871077	0.490283	-0.974415	0.134101	-0.180368	-0.222862	-0.472485	0.852696
19992	4.090363	-1.619599	9.677737	-0.737512	-0.834304	0.061520	0.026627	0.867192	0.497261	-0.972754	0.137080	-0.186972	-0.230306	-0.478734	0.847215
19993	4.113525	-1.512591	9.670956	-0.719330	-0.977279	0.056361	0.023861	0.862531	0.505441	-0.971068	0.140161	-0.193342	-0.237607	-0.486204	0.840921
19994	4.057163	-1.413700	9.897496	-0.686252	-1.063218	0.046587	0.020835	0.857385	0.514254	-0.969417	0.143132	-0.199359	-0.244534	-0.494373	0.834145
19995	3.894566	-1.247638	9.807442	-0.645174	-1.171837	0.052884	0.017474	0.851595	0.523910	-0.967813	0.145981	-0.205007	-0.251063	-0.503464	0.826735
19996	3.303568	-1.008938	10.151804	-0.765789	-1.438780	0.049782	0.013315	0.844345	0.535635	-0.965861	0.149465	-0.211598	-0.258720	-0.514531	0.817510
19997	2.838302	-1.374352	9.928689	-1.009292	-1.808367	-0.020190	0.008779	0.834872	0.550374	-0.963184	0.154956	-0.219692	-0.268698	-0.528183	0.805496
19998	2.396847	-2.098205	9.870714	-1.076274	-2.264875	-0.167282	0.004172	0.822451	0.568821	-0.960216	0.162127	-0.227376	-0.279227	-0.545243	0.790407
19999	3.061825	-2.535993	10.269186	-0.947258	-2.825576	-0.327210	-0.000700	0.806193	0.591652	-0.957515	0.170083	-0.232889	-0.288384	-0.566678	0.771823
20000	2.625829	-3.509968	9.850002	-0.759893	-3.220009	-0.520063	-0.005138	0.786646	0.617383	-0.955302	0.178634	-0.235560	-0.295588	-0.590997	0.750567
20001	2.267599	-4.193773	10.637250	-0.388835	-3.873122	-0.768321	-0.009337	0.761790	0.647756	-0.954201	0.186922	-0.233584	-0.299022	-0.620270	0.725156
20002	2.630315	-5.044149	10.217147	-0.109375	-4.447670	-1.024498	-0.012886	0.731506	0.681713	-0.953977	0.195282	-0.227579	-0.299602	-0.653271	0.695324
20003	3.553397	-5.206872	9.736621	0.373339	-5.170066	-1.326446	-0.015657	0.694143	0.719667	-0.955288	0.202158	-0.215771	-0.295263	-0.690867	0.659942
20004	5.489777	-3.883016	9.714109	0.756756	-5.857220	-1.502450	-0.018351	0.649394	0.760231	-0.957738	0.206886	-0.199841	-0.287056	-0.731769	0.618152
20005	8.713616	-2.185270	11.802791	0.573240	-6.548825	-1.501165	-0.022608	0.596981	0.801937	-0.959692	0.211813	-0.184734	-0.280144	-0.773789	0.568129
20006	15.286827	-3.952951	15.044591	-0.425418	-7.015915	-1.355353	-0.029356	0.538357	0.842206	-0.958838	0.222905	-0.175907	-0.282433	-0.812702	0.509653
20007	21.763131	-7.796250	16.645847	-0.730722	-6.381838	-1.307674	-0.035086	0.482556	0.875162	-0.957209	0.235485	-0.168220	-0.287264	-0.843615	0.453644
20008	17.654466	-9.830398	15.190151	-0.018180	-5.146551	-1.461171	-0.035850	0.435031	0.899702	-0.957666	0.242368	-0.155352	-0.285642	-0.867183	0.407925
20009	11.854716	-6.303524	13.283405	0.804722	-4.902818	-1.644391	-0.033936	0.388076	0.921003	-0.960546	0.241864	-0.137305	-0.276042	-0.889325	0.364557
20010	8.327027	-5.353251	13.585334	0.907854	-4.854956	-1.604090	-0.031666	0.340546	0.939695	-0.963524	0.239567	-0.119288	-0.265743	-0.909195	0.320538
20011	4.485622	-4.007188	12.568233	1.083227	-4.778075	-1.503117	-0.029661	0.293253	0.955575	-0.966865	0.234091	-0.101851	-0.253559	-0.926933	0.276593
20012	2.263034	-1.262087	12.584387	0.879858	-5.002677	-1.422526	-0.028336	0.243186	0.969566	-0.969457	0.229708	-0.085948	-0.243618	-0.942388	0.229249
20013	-0.931484	-3.472722	10.816855	0.584129	-4.505699	-1.275249	-0.026861	0.197753	0.979884	-0.971301	0.226581	-0.072353	-0.236331	-0.953706	0.185991
20014	-5.774022	-6.823826	9.028773	1.308073	-3.197972	-1.085616	-0.023652	0.164710	0.986058	-0.974572	0.216042	-0.059464	-0.222825	-0.962391	0.155411
20015	31.987998	-5.911025	23.941539	-0.086446	-4.188643	-0.284254	-0.030275	0.123910	0.991832	-0.974564	0.216783	-0.056831	-0.222054	-0.968324	0.114195
20016	13.820822	-4.999546	25.031840	0.814697	3.636881	0.851519	-0.030641	0.160877	0.986499	-0.976079	0.207722	-0.064192	-0.215244	-0.964868	0.150664
20017	3.306226	-11.689735	14.129802	0.473979	3.043519	1.423936	-0.038186	0.193434	0.980370	-0.976745	0.199911	-0.077488	-0.210976	-0.960530	0.181302
20018	-5.371879	-6.525836	9.478877	1.921257	4.210528	1.242027	-0.041829	0.236125	0.970822	-0.980132	0.178863	-0.085733	-0.193888	-0.955119	0.223952
20019	-7.308230	-3.067467	6.803427	1.598680	3.735438	1.285801	-0.047710	0.274251	0.960474	-0.982679	0.159498	-0.094356	-0.179071	-0.948339	0.261891
20020	-5.137895	-1.525039	6.825261	1.230328	3.619051	1.187002	-0.053104	0.310225	0.949179	-0.984215	0.144436	-0.102270	-0.168823	-0.939627	0.297658
20021	-2.540333	0.305817	7.200790	1.063123	3.606226	0.994680	-0.057300	0.345702	0.936593	-0.985536	0.130279	-0.108381	-0.159486	-0.929257	0.333236
20022	-0.456896	1.512088	7.517777	0.430050	3.851780	0.890205	-0.059984	0.382369	0.922061	-0.985690	0.123091	-0.115168	-0.157534	-0.915774	0.369514
20023	-0.706849	0.894218	7.069669	-0.152114	4.169934	0.780426	-0.061454	0.421573	0.904710	-0.985092	0.120297	-0.122970	-0.160675	-0.898780	0.407896
20024	-0.416344	-0.005603	7.261430	-0.563619	4.223009	0.620218	-0.060619	0.459883	0.885908	-0.983779	0.122592	-0.130955	-0.168829	-0.879477	0.444992
20025	2.009415	-1.322267	7.897904	-0.843575	4.211538	0.447847	-0.058221	0.497458	0.865532	-0.982176	0.126671	-0.138871	-0.178720	-0.858190	0.481216
20026	5.074237	-2.425067	8.912053	-0.918777	4.288736	0.308152	-0.053351	0.534172	0.843690	-0.980303	0.132874	-0.146118	-0.190157	-0.834868	0.516562
20027	7.656091	-3.288130	9.367972	-0.866981	4.443915	0.227344	-0.047534	0.571437	0.819268	-0.978643	0.137579	-0.152742	-0.199996	-0.809031	0.552693
20028	8.392550	-3.844741	8.987393	-0.703766	4.630982	0.194080	-0.039981	0.608530	0.792523	-0.977113	0.142038	-0.158355	-0.208932	-0.780716	0.588923
20029	7.838519	-4.407600	8.194826	-0.511219	4.665830	0.132311	-0.032115	0.644869	0.763618	-0.976139	0.143925	-0.162596	-0.214757	-0.750619	0.624860
20030	7.662132	-4.401444	7.774293	-0.303338	4.532377	0.000203	-0.022305	0.678211	0.734529	-0.975475	0.146160	-0.164576	-0.218976	-0.720185	0.658318
20031	8.046620	-4.130865	8.073647	-0.201222	4.369263	-0.160803	-0.011938	0.709184	0.704923	-0.975223	0.147484	-0.164891	-0.220903	-0.689425	0.689851
20032	9.105072	-3.938608	9.059220	-0.225486	4.249908	-0.256186	-0.000019	0.737450	0.675401	-0.974732	0.150857	-0.164743	-0.223379	-0.658338	0.718813
20033	10.510255	-4.064415	9.968333	-0.339252	4.270881	-0.244488	0.011078	0.764897	0.644057	-0.974124	0.153664	-0.165740	-0.225743	-0.625556	0.746807
20034	11.211531	-4.404815	10.104988	-0.476587	4.438605	-0.138777	0.022516	0.791674	0.610529	-0.973010	0.157638	-0.168526	-0.229660	-0.590257	0.773856
20035	10.574569	-5.027894	9.618276	-0.574272	4.579166	0.031652	0.031889	0.818263	0.573958	-0.971860	0.159477	-0.173362	-0.233389	-0.552279	0.800323
20036	9.602478	-5.478845	8.843321	-0.612612	4.566750	0.247828	0.040217	0.843003	0.536403	-0.970502	0.160674	-0.179748	-0.237715	-0.513352	0.824598
20037	8.880133	-5.282243	8.412899	-0.593359	4.418073	0.487452	0.045114	0.865944	0.498102	-0.969456	0.158278	-0.187360	-0.241082	-0.474435	0.846635
20038	8.776298	-4.506695	8.492954	-0.629537	4.201243	0.730185	0.048231	0.886234	0.460719	-0.968261	0.154735	-0.196282	-0.245242	-0.436630	0.865570
20039	9.167117	-3.525212	8.822789	-0.695798	3.980074	0.937210	0.048046	0.904593	0.423561	-0.967141	0.148121	-0.206634	-0.249658	-0.399715	0.881986
20040	9.752347	-2.463623	9.217282	-0.806363	3.791716	1.075201	0.047210	0.920635	0.387560	-0.965612	0.141369	-0.218193	-0.255665	-0.363932	0.895650
20041	10.592354	-1.576895	9.607339	-0.916655	3.638734	1.119535	0.044888	0.935013	0.351761	-0.963880	0.133069	-0.230711	-0.262527	-0.328699	0.907214
20042	11.551510	-0.712905	9.717165	-0.966129	3.542405	1.060244	0.044090	0.947425	0.316926	-0.961774	0.126077	-0.243096	-0.270273	-0.294093	0.916767
20043	12.322879	0.126413	9.437324	-1.044227	3.458351	0.907901	0.043961	0.958301	0.282360	-0.959411	0.119304	-0.255532	-0.278563	-0.259666	0.924649
20044	12.860449	0.746700	8.781232	-1.150070	3.326106	0.650768	0.047125	0.967153	0.249788	-0.956445	0.115809	-0.267959	-0.288085	-0.226281	0.930486
20045	13.110044	0.896009	7.780483	-1.210532	3.138147	0.351416	0.052153	0.974298	0.219141	-0.953157	0.114034	-0.280157	-0.297946	-0.194265	0.934607
20046	13.364255	0.674035	6.424056	-1.182932	2.862922	0.009189	0.060707	0.979456	0.192305	-0.949576	0.116043	-0.291271	-0.307602	-0.164926	0.937113
20047	13.759136	0.670713	5.236805	-1.059143	2.496061	-0.323046	0.070851	0.982982	0.169491	-0.946136	0.120042	-0.300693	-0.315922	-0.139057	0.938540
20048	12.169365	-0.824872	4.397350	-0.934699	2.094095	-0.497167	0.082211	0.985059	0.151330	-0.942765	0.126104	-0.308693	-0.323164	-0.117290	0.939046
20049	13.725787	-1.066307	-0.889496	-0.017356	0.416129	-1.000939	0.092408	0.984327	0.150205	-0.941902	0.135336	-0.307415	-0.322925	-0.113071	0.939646
20050	18.456527	0.571079	-0.561886	-0.163447	0.679900	-0.836565	0.102453	0.983910	0.146371	-0.940556	0.143719	-0.307732	-0.323817	-0.106142	0.940147
20051	16.894051	-1.757278	0.520960	0.443855	-0.087363	-0.838899	0.109646	0.982658	0.149537	-0.941146	0.151030	-0.302381	-0.319721	-0.107581	0.941384
20052	15.955275	-0.032225	-0.317427	0.739975	-0.294587	-0.648596	0.114795	0.981343	0.154232	-0.942758	0.156558	-0.294445	-0.313098	-0.111602	0.943141
20053	14.044607	-1.071329	-0.895644	0.974929	-0.996299	-0.404772	0.115278	0.979588	0.164676	-0.945334	0.159100	-0.284659	-0.305049	-0.122858	0.944379
20054	13.024698	-1.268437	-0.452841	1.241276	-1.526693	-0.118101	0.111787	0.977402	0.179413	-0.948923	0.158596	-0.272750	-0.295041	-0.139759	0.945208
20055	12.814511	-1.429552	0.474751	1.628861	-2.070846	0.243620	0.103366	0.974679	0.198284	-0.953889	0.153621	-0.257868	-0.281799	-0.162486	0.945615
20056	11.853854	-1.160323	1.054897	2.063147	-2.398009	0.639811	0.090664	0.971423	0.219356	-0.960143	0.143741	-0.239715	-0.264395	-0.188879	0.945738
20057	10.618925	0.912482	1.149447	2.503942	-2.668448	0.966698	0.074564	0.967314	0.242373	-0.967277	0.129265	-0.218325	-0.242519	-0.218163	0.945299
20058	6.893504	4.987584	1.992477	2.634542	-2.642039	1.125397	0.057515	0.962535	0.264987	-0.974095	0.112251	-0.196314	-0.218704	-0.246832	0.944056
20059	-2.367252	10.095579	10.113457	2.104075	-2.243126	1.152884	0.041626	0.957917	0.284012	-0.979046	0.095820	-0.179688	-0.199340	-0.270581	0.941833
20060	-1.558571	14.989574	10.312200	0.866273	-3.287354	1.351504	0.021916	0.949689	0.312427	-0.981168	0.080418	-0.175621	-0.191910	-0.302694	0.933567
20061	-1.819088	16.505040	7.115878	0.756733	-3.547220	0.024742	0.015010	0.938359	0.345337	-0.982590	0.077806	-0.168707	-0.185177	-0.336792	0.923190
20062	24.410742	15.631371	24.728013	2.046451	-5.595975	-1.589712	0.020801	0.916717	0.398996	-0.985898	0.085089	-0.144099	-0.166048	-0.390372	0.905559
20063	78.602252	-15.744150	45.775266	-1.971507	-3.513329	1.944620	-0.004440	0.904006	0.427496	-0.982580	0.075481	-0.169820	-0.185786	-0.420803	0.887923
20064	-22.346885	-28.274456	-30.275995	1.322920	6.596014	-0.684642	0.014087	0.929295	0.369069	-0.984915	0.076560	-0.155182	-0.172466	-0.361316	0.916355
20065	-7.897232	25.268990	43.415713	6.021514	-3.684175	-0.763133	0.016629	0.914684	0.403827	-0.993387	0.061002	-0.097266	-0.113602	-0.399539	0.909650
20066	21.200835	16.209891	4.626741	-3.084717	-3.485719	-0.159625	0.013678	0.900137	0.435393	-0.989376	0.075212	-0.124412	-0.144735	-0.429065	0.891602
20067	8.103730	-13.011990	1.118875	-3.851585	1.629989	1.587483	0.000934	0.908138	0.418670	-0.983163	0.077337	-0.165559	-0.182729	-0.411466	0.892920
20068	-2.254322	-5.931541	14.562364	1.917607	-0.450445	-0.469019	0.004743	0.905923	0.423415	-0.986470	0.073627	-0.146480	-0.163874	-0.416992	0.894015
20069	8.950249	5.330174	9.150891	1.224411	-1.578076	-0.725211	0.009640	0.898623	0.438615	-0.988330	0.075250	-0.132447	-0.152025	-0.432219	0.888861
20070	6.533516	1.633732	8.795530	-1.484210	0.471714	0.529303	0.005137	0.901058	0.433669	-0.986001	0.076841	-0.147978	-0.166660	-0.426838	0.888838
20071	2.591163	-5.619927	9.717438	-1.163857	-0.213630	0.350980	0.001570	0.900353	0.435158	-0.983981	0.078966	-0.159831	-0.178267	-0.427936	0.886054
20072	5.879804	-1.732065	8.824185	0.479068	-0.445555	0.033943	0.000423	0.898468	0.439039	-0.984821	0.076580	-0.155768	-0.173574	-0.432309	0.884862
20073	4.480834	-0.773617	9.440766	-0.362621	-0.094431	0.116533	-0.000639	0.898086	0.439820	-0.984160	0.077408	-0.159490	-0.177281	-0.432955	0.883810
20074	4.833201	-2.710680	8.712344	-0.197661	-0.276093	0.086858	-0.002014	0.896960	0.442108	-0.983803	0.077467	-0.161649	-0.179241	-0.435273	0.882276
20075	4.920838	-1.417947	9.129502	-0.047896	-0.149655	0.053423	-0.002559	0.896285	0.443470	-0.983691	0.077501	-0.162312	-0.179847	-0.436653	0.881470
20076	4.795255	-1.996978	8.976580	-0.111510	-0.162905	0.047618	-0.003350	0.895615	0.444817	-0.983485	0.077543	-0.163536	-0.180958	-0.438019	0.880564
20077	4.902909	-1.674600	9.044093	-0.049590	-0.137288	0.021997	-0.003565	0.894967	0.446119	-0.983370	0.077870	-0.164074	-0.181580	-0.439285	0.879805
20078	4.944987	-1.661416	9.130267	-0.077654	-0.134546	0.023862	-0.004073	0.894399	0.447252	-0.983224	0.077979	-0.164894	-0.182358	-0.440421	0.879076
20079	5.098808	-1.586576	8.933334	-0.019027	-0.101188	0.011086	-0.004117	0.893897	0.448253	-0.983164	0.078270	-0.165116	-0.182681	-0.441385	0.878525
20080	5.003037	-1.633328	8.838269	-0.011002	-0.074193	0.013604	-0.004414	0.893586	0.448871	-0.983139	0.078179	-0.165304	-0.182805	-0.442033	0.878174
20081	5.038633	-1.723944	8.819702	0.042575	-0.049842	0.006722	-0.004320	0.893306	0.449428	-0.983191	0.078240	-0.164965	-0.182527	-0.442586	0.877953
20082	4.862646	-1.687128	8.895711	0.068076	-0.007995	-0.002103	-0.004342	0.893274	0.449491	-0.983312	0.077940	-0.164388	-0.181877	-0.442704	0.878029
20083	4.827293	-1.631127	8.992822	0.072706	-0.017158	-0.003809	-0.004083	0.893130	0.449779	-0.983419	0.077962	-0.163737	-0.181304	-0.442990	0.878003
20084	4.815575	-1.568781	8.947481	0.071901	-0.009343	-0.006515	-0.004063	0.893089	0.449862	-0.983545	0.077685	-0.163107	-0.180616	-0.443122	0.878078
20085	4.805225	-1.571841	8.979032	0.054340	-0.016678	-0.011328	-0.003730	0.892941	0.450158	-0.983618	0.077855	-0.162584	-0.180225	-0.443390	0.878023
20086	4.782704	-1.519978	8.964094	0.059175	-0.028531	-0.003221	-0.003777	0.892817	0.450404	-0.983721	0.077604	-0.162080	-0.179661	-0.443684	0.877990
20087	4.797298	-1.505370	8.932240	0.056890	-0.035340	-0.009446	-0.003496	0.892588	0.450860	-0.983798	0.077745	-0.161543	-0.179244	-0.444120	0.877855
20088	4.806904	-1.533590	8.980599	0.033026	-0.054274	-0.005715	-0.003563	0.892347	0.451336	-0.983854	0.077633	-0.161258	-0.178937	-0.444623	0.877663
20089	4.766088	-1.492466	8.972442	0.034193	-0.056498	-0.001859	-0.003395	0.892029	0.451965	-0.983890	0.077806	-0.160955	-0.178742	-0.445230	0.877395
20090	4.802429	-1.581801	8.954217	0.013325	-0.078059	-0.002201	-0.003540	0.891685	0.452643	-0.983910	0.077751	-0.160859	-0.178628	-0.445930	0.877062
20091	4.826301	-1.603803	8.969473	0.015827	-0.070749	-0.005568	-0.003361	0.891300	0.453403	-0.983913	0.078037	-0.160700	-0.178614	-0.446649	0.876699
20092	4.769535	-1.628164	8.992528	-0.003332	-0.073703	-0.014380	-0.003378	0.890963	0.454063	-0.983904	0.078165	-0.160694	-0.178665	-0.447297	0.876359
