// General information: 
//  MT Manager version: 2022.2.0 
//  XDA version: 2022.2.0 build 7381 rev 124627 built on 2023-07-19
// Device information: 
//  DeviceId: 00B4CBA7
//  ProductCode: MTW2-3A7G6
//  Firmware Version: 4.6.0
//  Hardware Version: 2.0.0
// Device settings: 
//  Filter Profile: human(46.1)
//  Option Flags: Orientation Smoother Disabled, Position/Velocity Smoother Disabled, Continuous Zero Rotation Update Disabled, AHS Disabled, ICC Disabled
// Coordinate system: ENU
PacketCounter	Acc_X	Acc_Y	Acc_Z	Gyr_X	Gyr_Y	Gyr_Z	Mat[1][1]	Mat[2][1]	Mat[3][1]	Mat[1][2]	Mat[2][2]	Mat[3][2]	Mat[1][3]	Mat[2][3]	Mat[3][3]
59495	9.607894	-0.779906	-1.589226	0.021460	-0.084273	0.012861	-0.148404	-0.104637	0.983375	-0.873905	0.479321	-0.080881	-0.462889	-0.871380	-0.162576
59496	9.652276	-0.847739	-1.604463	0.023679	-0.090458	0.010305	-0.148869	-0.105367	0.983227	-0.873990	0.479148	-0.080982	-0.462579	-0.871387	-0.163420
59497	9.636241	-0.810969	-1.730161	0.024020	-0.082870	0.014634	-0.149352	-0.106097	0.983075	-0.874057	0.479007	-0.081094	-0.462297	-0.871376	-0.164276
59498	9.604858	-0.763092	-1.723173	0.027508	-0.084387	0.013261	-0.149814	-0.106760	0.982933	-0.874155	0.478805	-0.081230	-0.461961	-0.871406	-0.165056
59499	9.595266	-0.677842	-1.757606	0.015043	-0.086265	0.017296	-0.150374	-0.107463	0.982771	-0.874192	0.478706	-0.081415	-0.461710	-0.871374	-0.165928
59500	9.579557	-0.697290	-1.774733	0.003226	-0.082909	0.014991	-0.150844	-0.108105	0.982629	-0.874175	0.478718	-0.081529	-0.461588	-0.871288	-0.166714
59501	9.498275	-0.721825	-1.744449	-0.002594	-0.079597	0.013116	-0.151330	-0.108748	0.982483	-0.874148	0.478747	-0.081652	-0.461481	-0.871192	-0.167511
59502	9.547628	-0.706468	-1.666650	-0.000365	-0.076833	0.018357	-0.151801	-0.109321	0.982347	-0.874110	0.478793	-0.081793	-0.461399	-0.871095	-0.168240
59503	9.603290	-0.823820	-1.734354	-0.000278	-0.079161	0.017339	-0.152346	-0.110005	0.982186	-0.874049	0.478878	-0.081938	-0.461334	-0.870962	-0.169105
59504	9.697018	-0.869744	-1.804015	0.007317	-0.075885	0.015467	-0.152788	-0.110583	0.982053	-0.874050	0.478854	-0.082064	-0.461185	-0.870902	-0.169819
59505	9.674702	-0.887497	-1.879416	0.019737	-0.070687	0.019619	-0.153244	-0.111096	0.981924	-0.874104	0.478724	-0.082254	-0.460932	-0.870908	-0.170471
59506	9.682516	-0.904355	-1.937900	0.024945	-0.073481	0.013936	-0.153661	-0.111661	0.981794	-0.874189	0.478545	-0.082394	-0.460633	-0.870934	-0.171146
59507	9.676696	-0.888187	-1.973502	0.023317	-0.066621	0.017797	-0.154176	-0.112216	0.981650	-0.874259	0.478377	-0.082625	-0.460327	-0.870955	-0.171860
59508	9.596288	-0.862547	-1.909539	0.024979	-0.065603	0.014499	-0.154562	-0.112709	0.981533	-0.874343	0.478199	-0.082771	-0.460039	-0.870989	-0.172458
59509	9.556146	-0.799865	-1.848584	0.025631	-0.059320	0.015372	-0.154932	-0.113213	0.981417	-0.874414	0.478047	-0.082894	-0.459779	-0.871007	-0.173060
59510	9.532224	-0.753730	-1.779641	0.025312	-0.059053	0.011603	-0.155262	-0.113664	0.981312	-0.874504	0.477862	-0.083013	-0.459497	-0.871050	-0.173593
59511	9.558827	-0.770671	-1.798733	0.029275	-0.057560	0.012537	-0.155619	-0.114111	0.981204	-0.874621	0.477620	-0.083169	-0.459152	-0.871124	-0.174130
59512	9.585406	-0.788045	-1.817664	0.039571	-0.056404	0.017631	-0.155989	-0.114510	0.981099	-0.874766	0.477318	-0.083372	-0.458750	-0.871237	-0.174625
59513	9.599204	-0.722013	-1.782264	0.045586	-0.056477	0.018020	-0.156386	-0.114939	0.980985	-0.874937	0.476966	-0.083596	-0.458289	-0.871374	-0.175155
59514	9.579089	-0.588638	-1.760983	0.042568	-0.056517	0.029372	-0.156859	-0.115283	0.980869	-0.875077	0.476652	-0.083920	-0.457859	-0.871500	-0.175649
59515	9.540414	-0.612596	-1.732201	0.022288	-0.055763	0.031181	-0.157258	-0.115637	0.980764	-0.875113	0.476549	-0.084130	-0.457653	-0.871510	-0.176136
59516	9.598234	-0.715630	-1.767256	0.005891	-0.051182	0.034939	-0.157755	-0.115908	0.980652	-0.875077	0.476561	-0.084444	-0.457552	-0.871467	-0.176608
59517	9.596221	-0.769978	-1.803542	0.004411	-0.048931	0.036785	-0.158299	-0.116163	0.980534	-0.875026	0.476589	-0.084804	-0.457461	-0.871418	-0.177089
59518	9.602178	-0.775294	-1.748898	0.002440	-0.049693	0.036315	-0.158801	-0.116414	0.980423	-0.874971	0.476633	-0.085126	-0.457392	-0.871360	-0.177549
59519	9.627714	-0.845183	-1.798986	-0.001240	-0.049168	0.040149	-0.159295	-0.116587	0.980323	-0.874907	0.476688	-0.085475	-0.457343	-0.871307	-0.177937
59520	9.639872	-0.881945	-1.826191	-0.006300	-0.044146	0.037173	-0.159779	-0.116786	0.980220	-0.874810	0.476809	-0.085789	-0.457359	-0.871214	-0.178350
59521	9.597405	-0.951780	-1.968162	-0.000218	-0.046540	0.036542	-0.160312	-0.117053	0.980101	-0.874736	0.476885	-0.086124	-0.457314	-0.871137	-0.178841
59522	9.606053	-0.919445	-1.992526	0.004685	-0.040083	0.034879	-0.160758	-0.117228	0.980007	-0.874693	0.476908	-0.086435	-0.457241	-0.871101	-0.179205
59523	9.591699	-0.889632	-1.973563	-0.005974	-0.037581	0.034279	-0.161201	-0.117415	0.979912	-0.874596	0.477034	-0.086717	-0.457270	-0.871006	-0.179589
59524	9.579143	-0.893791	-1.955724	-0.013515	-0.036311	0.028530	-0.161574	-0.117587	0.979830	-0.874480	0.477208	-0.086933	-0.457361	-0.870888	-0.179932
59525	9.579902	-0.930654	-1.960407	-0.013357	-0.033021	0.027086	-0.161921	-0.117817	0.979745	-0.874344	0.477429	-0.087090	-0.457498	-0.870736	-0.180318
59526	9.535694	-0.921984	-1.847504	-0.006497	-0.033742	0.025308	-0.162254	-0.117982	0.979670	-0.874265	0.477538	-0.087286	-0.457531	-0.870654	-0.180629
59527	9.649085	-0.918918	-1.844563	-0.011150	-0.031304	0.025093	-0.162598	-0.118120	0.979597	-0.874167	0.477678	-0.087500	-0.457596	-0.870558	-0.180926
59528	9.667181	-0.921521	-1.809744	-0.014389	-0.028812	0.024034	-0.162897	-0.118248	0.979531	-0.874053	0.477854	-0.087670	-0.457706	-0.870444	-0.181196
59529	9.636009	-0.924522	-1.829112	-0.011143	-0.031314	0.025088	-0.163259	-0.118381	0.979455	-0.873940	0.478020	-0.087896	-0.457794	-0.870335	-0.181499
59530	9.574459	-0.928122	-1.864700	-0.013948	-0.026861	0.019130	-0.163506	-0.118515	0.979398	-0.873836	0.478187	-0.088018	-0.457904	-0.870225	-0.181749
59531	9.549156	-0.961672	-1.965608	-0.014990	-0.022638	0.016085	-0.163732	-0.118673	0.979341	-0.873719	0.478386	-0.088104	-0.458047	-0.870094	-0.182014
59532	9.618353	-1.061516	-2.019876	-0.002130	-0.023433	0.014675	-0.163924	-0.118799	0.979293	-0.873676	0.478445	-0.088205	-0.458059	-0.870044	-0.182221
59533	9.630135	-0.989394	-2.121444	0.012385	-0.015259	0.010552	-0.164133	-0.118873	0.979250	-0.873696	0.478378	-0.088370	-0.457946	-0.870071	-0.182376
59534	9.563118	-1.024925	-2.215709	0.013887	-0.009590	0.009278	-0.164215	-0.118904	0.979232	-0.873736	0.478291	-0.088447	-0.457841	-0.870115	-0.182433
59535	9.560924	-0.906329	-2.182188	0.018849	-0.005439	0.006606	-0.164272	-0.118993	0.979212	-0.873789	0.478189	-0.088477	-0.457720	-0.870159	-0.182528
59536	9.541941	-0.906700	-2.219864	0.005600	0.005898	0.005854	-0.164254	-0.118906	0.979225	-0.873796	0.478170	-0.088506	-0.457712	-0.870181	-0.182441
59537	9.648613	-0.993356	-2.084048	-0.003128	0.016054	-0.000900	-0.164048	-0.118754	0.979278	-0.873781	0.478221	-0.088383	-0.457815	-0.870174	-0.182216
59538	9.638316	-1.101163	-1.983579	-0.002535	0.024683	0.000989	-0.163901	-0.118526	0.979330	-0.873759	0.478267	-0.088349	-0.457910	-0.870179	-0.181952
59539	9.611296	-1.085616	-1.967234	0.008561	0.024118	-0.003332	-0.163755	-0.118309	0.979381	-0.873782	0.478230	-0.088328	-0.457919	-0.870229	-0.181689
59540	9.601519	-1.036032	-1.912017	0.017308	0.018526	-0.004223	-0.163590	-0.118160	0.979427	-0.873859	0.478098	-0.088279	-0.457831	-0.870322	-0.181468
59541	9.590878	-1.058205	-1.778405	0.022707	0.024633	-0.011797	-0.163390	-0.117995	0.979480	-0.873959	0.477927	-0.088214	-0.457712	-0.870438	-0.181212
59542	9.573375	-0.920960	-1.749598	0.031456	0.019039	-0.012686	-0.163150	-0.117882	0.979534	-0.874114	0.477662	-0.088107	-0.457500	-0.870599	-0.180973
59543	9.554592	-0.834502	-1.752391	0.035009	0.023129	-0.014514	-0.162917	-0.117769	0.979586	-0.874269	0.477397	-0.088008	-0.457287	-0.870760	-0.180738
59544	9.598375	-0.844595	-1.866158	0.032117	0.021965	-0.020044	-0.162599	-0.117665	0.979651	-0.874440	0.477117	-0.087830	-0.457074	-0.870927	-0.180470
59545	9.591831	-0.906202	-2.065186	0.045076	0.030149	-0.013657	-0.162323	-0.117576	0.979708	-0.874633	0.476788	-0.087694	-0.456802	-0.871119	-0.180230
59546	9.601004	-0.900037	-2.223524	0.066006	0.027686	-0.015236	-0.162021	-0.117399	0.979779	-0.874950	0.476219	-0.087625	-0.456302	-0.871455	-0.179876
59547	9.612909	-0.813388	-2.208777	0.056569	0.037203	-0.013657	-0.161779	-0.117167	0.979847	-0.875198	0.475765	-0.087610	-0.455912	-0.871734	-0.179513
59548	9.631107	-0.779061	-2.165330	0.042536	0.046851	-0.013304	-0.161407	-0.116814	0.979950	-0.875405	0.475402	-0.087517	-0.455647	-0.871979	-0.178993
59549	9.583862	-0.885276	-2.136856	0.017832	0.059025	-0.013550	-0.160966	-0.116382	0.980074	-0.875486	0.475284	-0.087349	-0.455647	-0.872101	-0.178395
59550	9.471776	-0.995598	-2.059628	0.012365	0.066650	-0.019282	-0.160451	-0.115885	0.980217	-0.875564	0.475177	-0.087143	-0.455678	-0.872226	-0.177707
59551	9.401120	-1.018096	-1.954375	0.021875	0.072961	-0.019734	-0.159839	-0.115457	0.980368	-0.875678	0.475025	-0.086827	-0.455675	-0.872365	-0.177030
59552	9.392076	-0.988023	-1.784494	0.029027	0.074258	-0.016746	-0.159311	-0.114881	0.980521	-0.875828	0.474776	-0.086675	-0.455571	-0.872576	-0.176253
59553	9.424761	-0.955605	-1.619342	0.039755	0.076251	-0.023809	-0.158724	-0.114445	0.980668	-0.876014	0.474480	-0.086413	-0.455418	-0.872795	-0.175566
59554	9.513633	-0.882332	-1.560517	0.053590	0.065608	-0.021688	-0.158193	-0.113968	0.980809	-0.876284	0.474011	-0.086255	-0.455084	-0.873112	-0.174853
59555	9.580797	-0.709887	-1.397084	0.061347	0.057363	-0.018946	-0.157730	-0.113625	0.980923	-0.876570	0.473509	-0.086102	-0.454693	-0.873429	-0.174287
59556	9.605959	-0.519337	-1.339811	0.058671	0.045769	-0.012607	-0.157369	-0.113278	0.981021	-0.876848	0.473006	-0.086041	-0.454282	-0.873747	-0.173764
59557	9.610053	-0.451198	-1.274363	0.035073	0.033250	-0.012964	-0.157082	-0.113122	0.981085	-0.876995	0.472759	-0.085906	-0.454099	-0.873901	-0.173469
59558	9.577606	-0.468277	-1.318092	0.022204	0.027214	-0.004931	-0.156873	-0.112900	0.981144	-0.877094	0.472583	-0.085856	-0.453979	-0.874025	-0.173160
59559	9.593066	-0.536078	-1.339065	0.006720	0.022056	0.002333	-0.156744	-0.112758	0.981181	-0.877099	0.472583	-0.085807	-0.454014	-0.874043	-0.172974
59560	9.655160	-0.735891	-1.509671	-0.003018	0.014773	0.005228	-0.156680	-0.112597	0.981210	-0.877068	0.472639	-0.085814	-0.454096	-0.874033	-0.172809
59561	9.736245	-0.915675	-1.752818	0.004025	0.010489	0.008689	-0.156670	-0.112495	0.981223	-0.877057	0.472652	-0.085849	-0.454120	-0.874039	-0.172715
59562	9.697169	-1.048741	-2.031076	0.026786	0.012324	0.002434	-0.156592	-0.112370	0.981250	-0.877167	0.472444	-0.085879	-0.453936	-0.874168	-0.172548
59563	9.646883	-1.015888	-2.083053	0.025530	0.015558	0.001818	-0.156539	-0.112236	0.981274	-0.877255	0.472271	-0.085928	-0.453783	-0.874279	-0.172389
59564	9.666417	-0.996124	-2.152816	0.019146	0.026137	-0.000798	-0.156371	-0.112005	0.981327	-0.877335	0.472126	-0.085914	-0.453687	-0.874387	-0.172093
59565	9.595780	-1.084712	-2.193745	0.003084	0.033956	-0.008194	-0.156106	-0.111834	0.981389	-0.877334	0.472156	-0.085750	-0.453779	-0.874392	-0.171823
59566	9.493919	-1.077780	-1.967195	0.014085	0.044823	-0.017152	-0.155710	-0.111517	0.981488	-0.877416	0.472037	-0.085566	-0.453757	-0.874497	-0.171348
59567	9.432849	-1.043920	-1.994838	0.011015	0.050586	-0.019694	-0.155298	-0.111240	0.981585	-0.877465	0.471989	-0.085336	-0.453804	-0.874558	-0.170908
59568	9.506422	-1.007785	-1.836563	0.023024	0.056159	-0.032796	-0.154713	-0.110898	0.981716	-0.877611	0.471775	-0.085013	-0.453721	-0.874717	-0.170315
59569	9.501741	-0.922190	-1.718084	0.022732	0.057497	-0.029350	-0.154173	-0.110618	0.981832	-0.877730	0.471612	-0.084692	-0.453676	-0.874840	-0.169803
59570	9.480859	-0.819965	-1.607652	0.030317	0.052820	-0.031789	-0.153612	-0.110301	0.981956	-0.877907	0.471335	-0.084391	-0.453522	-0.875030	-0.169236
59571	9.501031	-0.766392	-1.533496	0.033076	0.047305	-0.033012	-0.153057	-0.110091	0.982066	-0.878093	0.471051	-0.084047	-0.453350	-0.875209	-0.168768
59572	9.527010	-0.765182	-1.431526	0.036158	0.041530	-0.030470	-0.152559	-0.109866	0.982169	-0.878294	0.470725	-0.083769	-0.453128	-0.875413	-0.168308
59573	9.617142	-0.673898	-1.345565	0.044767	0.032664	-0.029822	-0.152111	-0.109730	0.982253	-0.878529	0.470333	-0.083506	-0.452823	-0.875640	-0.167944
59574	9.660283	-0.618365	-1.316030	0.043020	0.026055	-0.026063	-0.151721	-0.109619	0.982326	-0.878755	0.469951	-0.083282	-0.452516	-0.875859	-0.167629
59575	9.644700	-0.600030	-1.321721	0.036275	0.015337	-0.019625	-0.151388	-0.109620	0.982377	-0.878944	0.469640	-0.083043	-0.452260	-0.876026	-0.167448
59576	9.680360	-0.595176	-1.384403	0.023913	0.008936	-0.017512	-0.151151	-0.109618	0.982414	-0.879070	0.469435	-0.082871	-0.452095	-0.876136	-0.167318
59577	9.684733	-0.693790	-1.526049	0.004925	0.012136	-0.015593	-0.150923	-0.109641	0.982446	-0.879095	0.469424	-0.082659	-0.452121	-0.876139	-0.167232
59578	9.668389	-0.809409	-1.736014	0.007691	0.007734	-0.009585	-0.150761	-0.109613	0.982474	-0.879136	0.469369	-0.082537	-0.452096	-0.876172	-0.167128
59579	9.605878	-0.827625	-1.798970	0.020108	0.003908	-0.013217	-0.150505	-0.109762	0.982497	-0.879243	0.469215	-0.082269	-0.451973	-0.876236	-0.167126
59580	9.568744	-0.796172	-1.733719	0.028024	0.000088	-0.004656	-0.150420	-0.109778	0.982508	-0.879368	0.468988	-0.082229	-0.451757	-0.876356	-0.167080
59581	9.623104	-0.741262	-1.728437	0.012192	0.002019	-0.007869	-0.150361	-0.109856	0.982509	-0.879401	0.468942	-0.082149	-0.451715	-0.876371	-0.167119
59582	9.606169	-0.743901	-1.626051	-0.003879	0.002994	-0.008622	-0.150229	-0.109866	0.982528	-0.879387	0.468989	-0.082017	-0.451784	-0.876344	-0.167070
59583	9.572691	-0.780944	-1.562767	-0.016947	0.000528	-0.005825	-0.150107	-0.109945	0.982538	-0.879311	0.469164	-0.081838	-0.451974	-0.876240	-0.167101
59584	9.581135	-0.815453	-1.504517	-0.028835	-0.003956	-0.008626	-0.150006	-0.110015	0.982545	-0.879185	0.469430	-0.081664	-0.452252	-0.876089	-0.167141
59585	9.568891	-0.866381	-1.514523	-0.033334	0.001752	-0.010345	-0.149907	-0.110121	0.982548	-0.879020	0.469774	-0.081461	-0.452605	-0.875891	-0.167221
59586	9.589754	-0.930181	-1.618603	-0.030966	-0.001178	-0.014326	-0.149743	-0.110194	0.982565	-0.878893	0.470053	-0.081227	-0.452907	-0.875733	-0.167236
59587	9.625668	-0.873912	-1.652408	-0.015153	-0.011011	-0.011638	-0.149649	-0.110378	0.982559	-0.878830	0.470205	-0.081029	-0.453060	-0.875628	-0.167369
59588	9.633220	-0.853137	-1.704114	-0.014995	-0.008838	-0.020320	-0.149467	-0.110547	0.982568	-0.878784	0.470337	-0.080763	-0.453209	-0.875536	-0.167446
59589	9.648357	-0.813055	-1.806390	-0.009772	-0.010572	-0.018762	-0.149260	-0.110729	0.982578	-0.878772	0.470408	-0.080480	-0.453301	-0.875475	-0.167519
59590	9.546473	-0.764849	-1.805343	-0.012619	-0.010667	-0.017084	-0.149115	-0.110899	0.982581	-0.878731	0.470522	-0.080250	-0.453427	-0.875392	-0.167612
59591	9.529397	-0.766786	-1.704384	-0.009688	-0.011791	-0.012540	-0.149037	-0.111095	0.982571	-0.878687	0.470636	-0.080067	-0.453538	-0.875305	-0.167760
59592	9.479769	-0.786680	-1.650534	-0.010725	-0.015512	-0.016150	-0.148922	-0.111303	0.982565	-0.878654	0.470735	-0.079849	-0.453640	-0.875226	-0.167899
59593	9.499920	-0.819535	-1.614902	-0.007557	-0.015677	-0.014065	-0.148809	-0.111491	0.982561	-0.878637	0.470800	-0.079648	-0.453710	-0.875167	-0.168019
59594	9.590274	-0.814775	-1.566412	0.004633	-0.019348	-0.008027	-0.148783	-0.111694	0.982542	-0.878661	0.470774	-0.079536	-0.453671	-0.875155	-0.168184
59595	9.622544	-0.796223	-1.521626	0.004547	-0.024941	-0.007560	-0.148849	-0.111967	0.982501	-0.878663	0.470783	-0.079466	-0.453647	-0.875115	-0.168457
59596	9.631186	-0.861818	-1.606490	0.004464	-0.023727	-0.013785	-0.148792	-0.112236	0.982479	-0.878695	0.470752	-0.079297	-0.453604	-0.875098	-0.168665
59597	9.639814	-0.927197	-1.691399	0.007709	-0.026209	-0.012697	-0.148860	-0.112579	0.982429	-0.878704	0.470751	-0.079199	-0.453564	-0.875054	-0.169000
59598	9.700681	-0.903418	-1.770437	0.007079	-0.024597	-0.013010	-0.148814	-0.112851	0.982405	-0.878747	0.470698	-0.079042	-0.453496	-0.875047	-0.169214
59599	9.673807	-0.815412	-1.838209	-0.000756	-0.022006	-0.015341	-0.148701	-0.113115	0.982391	-0.878768	0.470697	-0.078818	-0.453493	-0.875014	-0.169395
59600	9.617979	-0.782902	-1.813088	-0.011912	-0.014619	-0.017764	-0.148568	-0.113323	0.982388	-0.878731	0.470804	-0.078582	-0.453607	-0.874929	-0.169527
59601	9.594340	-0.782875	-1.772197	-0.021189	-0.021092	-0.027003	-0.148357	-0.113701	0.982376	-0.878671	0.470982	-0.078184	-0.453792	-0.874784	-0.169779
59602	9.586343	-0.850105	-1.754645	-0.023318	-0.017212	-0.025478	-0.148168	-0.113967	0.982373	-0.878594	0.471181	-0.077853	-0.454003	-0.874643	-0.169945
59603	9.569525	-0.850849	-1.654349	-0.009550	-0.018653	-0.028976	-0.148005	-0.114338	0.982355	-0.878565	0.471290	-0.077514	-0.454112	-0.874535	-0.170207
59604	9.579200	-0.812230	-1.676885	-0.004802	-0.023403	-0.029731	-0.147807	-0.114679	0.982345	-0.878579	0.471321	-0.077172	-0.454150	-0.874474	-0.170420
59605	9.621442	-0.755638	-1.652735	-0.004009	-0.021744	-0.030885	-0.147625	-0.115032	0.982331	-0.878585	0.471365	-0.076837	-0.454197	-0.874404	-0.170651
59606	9.611548	-0.788311	-1.634536	-0.001315	-0.024929	-0.031109	-0.147422	-0.115393	0.982319	-0.878616	0.471363	-0.076488	-0.454203	-0.874358	-0.170876
59607	9.660633	-0.763568	-1.692463	-0.001789	-0.027956	-0.033417	-0.147342	-0.115878	0.982274	-0.878605	0.471434	-0.076177	-0.454250	-0.874255	-0.171273
59608	9.651612	-0.724905	-1.753492	-0.003598	-0.024332	-0.028122	-0.147163	-0.116220	0.982261	-0.878621	0.471456	-0.075853	-0.454277	-0.874198	-0.171494
59609	9.607411	-0.690310	-1.750318	-0.009208	-0.026852	-0.025752	-0.147032	-0.116587	0.982237	-0.878603	0.471539	-0.075549	-0.454355	-0.874104	-0.171765
59610	9.528889	-0.588314	-1.761991	-0.010071	-0.026201	-0.023604	-0.146901	-0.116924	0.982216	-0.878583	0.471623	-0.075259	-0.454436	-0.874014	-0.172009
59611	9.470422	-0.541242	-1.626885	-0.017173	-0.034372	-0.019928	-0.146990	-0.117327	0.982155	-0.878475	0.471847	-0.075107	-0.454615	-0.873839	-0.172426
59612	9.465170	-0.541585	-1.549427	-0.024051	-0.033667	-0.018175	-0.146941	-0.117704	0.982117	-0.878384	0.472059	-0.074846	-0.454808	-0.873674	-0.172754
59613	9.484616	-0.645448	-1.437050	-0.026404	-0.038668	-0.014723	-0.146926	-0.118134	0.982068	-0.878282	0.472290	-0.074587	-0.455010	-0.873491	-0.173146
59614	9.480983	-0.731794	-1.392618	-0.021159	-0.048314	-0.013723	-0.146983	-0.118617	0.982001	-0.878197	0.472482	-0.074374	-0.455155	-0.873322	-0.173616
59615	9.507396	-0.847500	-1.473311	-0.010792	-0.050542	-0.016868	-0.147043	-0.119159	0.981926	-0.878158	0.472589	-0.074154	-0.455211	-0.873190	-0.174132
59616	9.580703	-0.906989	-1.608924	-0.000802	-0.057012	-0.016099	-0.147119	-0.119730	0.981846	-0.878169	0.472599	-0.073954	-0.455165	-0.873106	-0.174672
59617	9.644693	-0.931019	-1.803492	0.000254	-0.061214	-0.013032	-0.147336	-0.120359	0.981736	-0.878151	0.472649	-0.073845	-0.455129	-0.872993	-0.175331
59618	9.669597	-0.889651	-1.931536	-0.010322	-0.048650	-0.021793	-0.147324	-0.120883	0.981673	-0.878127	0.472736	-0.073572	-0.455179	-0.872873	-0.175796
59619	9.659744	-0.872282	-1.884659	-0.025801	-0.045940	-0.013955	-0.147444	-0.121306	0.981603	-0.877994	0.473006	-0.073427	-0.455397	-0.872669	-0.176248
59620	9.688192	-0.732527	-1.809278	-0.040045	-0.039644	-0.012183	-0.147476	-0.121707	0.981549	-0.877821	0.473363	-0.073197	-0.455721	-0.872419	-0.176646
59621	9.701533	-0.474031	-1.678417	-0.083402	-0.027061	-0.007705	-0.147578	-0.121964	0.981502	-0.877414	0.474147	-0.073009	-0.456471	-0.871957	-0.176987
59622	9.724736	-0.418331	-1.693117	-0.104790	-0.026660	-0.001255	-0.147647	-0.122200	0.981462	-0.876927	0.475082	-0.072770	-0.457382	-0.871415	-0.177305
59623	9.672553	-0.526663	-1.592520	-0.113035	-0.033983	0.000788	-0.147880	-0.122536	0.981385	-0.876367	0.476139	-0.072605	-0.458379	-0.870791	-0.177798
59624	9.680900	-0.632717	-1.460479	-0.082529	-0.053765	-0.002908	-0.148060	-0.123015	0.981298	-0.875984	0.476877	-0.072389	-0.459054	-0.870319	-0.178365
59625	9.542682	-0.567678	-1.036474	-0.073749	-0.063851	0.003881	-0.148443	-0.123578	0.981169	-0.875602	0.477589	-0.072319	-0.459659	-0.869849	-0.179100
59626	9.325321	-0.743616	-0.811164	-0.072433	-0.084066	-0.003901	-0.148754	-0.124325	0.981028	-0.875265	0.478237	-0.072111	-0.460199	-0.869386	-0.179957
59627	9.503067	-0.831219	-0.453270	-0.033369	-0.110345	-0.006070	-0.149257	-0.125370	0.980818	-0.875092	0.478572	-0.071996	-0.460366	-0.869052	-0.181141
59628	9.769353	-0.838142	-0.267767	-0.002233	-0.140769	-0.017352	-0.149712	-0.126674	0.980581	-0.875098	0.478592	-0.071782	-0.460205	-0.868852	-0.182504
59629	9.967559	-0.774185	-0.256171	0.046252	-0.175377	-0.004288	-0.150605	-0.128218	0.980244	-0.875265	0.478267	-0.071917	-0.459597	-0.868804	-0.184254
59630	10.005095	-0.572218	-0.546214	0.063241	-0.216621	0.000932	-0.151567	-0.130093	0.979848	-0.875545	0.477741	-0.072004	-0.458747	-0.868815	-0.186313
59631	10.107087	-0.386227	-0.779031	0.079641	-0.251796	-0.001857	-0.152739	-0.132344	0.979365	-0.875902	0.477066	-0.072136	-0.457675	-0.868846	-0.188787
59632	10.123663	-0.069523	-0.941048	0.048754	-0.281619	-0.000398	-0.153983	-0.134790	0.978836	-0.876117	0.476664	-0.072185	-0.456846	-0.868691	-0.191490
59633	10.175975	0.144580	-1.093247	-0.008742	-0.297978	0.015030	-0.155521	-0.137301	0.978244	-0.876035	0.476789	-0.072353	-0.456482	-0.868229	-0.194431
59634	10.232898	0.366648	-0.996412	-0.060484	-0.318704	0.034749	-0.157241	-0.139899	0.977601	-0.875696	0.477384	-0.072534	-0.456543	-0.867487	-0.197573
59635	10.231414	0.451900	-1.078810	-0.102336	-0.353853	0.041083	-0.159315	-0.142721	0.976857	-0.875123	0.478389	-0.072830	-0.456923	-0.866473	-0.201113
59636	10.049794	0.534553	-0.926347	-0.137092	-0.385317	0.061029	-0.161571	-0.145762	0.976037	-0.874389	0.479686	-0.073108	-0.457535	-0.865249	-0.204956
59637	10.156006	0.231814	-0.739889	-0.146956	-0.434631	0.090904	-0.164365	-0.149097	0.975066	-0.873569	0.481089	-0.073692	-0.458107	-0.863900	-0.209321
59638	10.160313	0.216980	-0.645869	-0.131248	-0.476282	0.121578	-0.167570	-0.152621	0.973975	-0.872757	0.482427	-0.074560	-0.458493	-0.862537	-0.214041
59639	10.383481	0.464949	-0.431507	-0.144925	-0.526258	0.153817	-0.171409	-0.156354	0.972714	-0.871800	0.483956	-0.075835	-0.458894	-0.861011	-0.219264
59640	10.633052	0.509925	-0.415814	-0.190159	-0.564660	0.190615	-0.175624	-0.160284	0.971321	-0.870588	0.485915	-0.077226	-0.459602	-0.859183	-0.224880
59641	10.856315	0.566394	-0.392062	-0.218371	-0.616464	0.206875	-0.180271	-0.164547	0.969756	-0.869217	0.488117	-0.078758	-0.460395	-0.857126	-0.231021
59642	10.854301	0.662650	-0.424890	-0.221135	-0.659318	0.236871	-0.185327	-0.169031	0.968030	-0.867757	0.490426	-0.080495	-0.461141	-0.854933	-0.237567
59643	10.587417	0.706682	-0.749907	-0.199757	-0.708497	0.258208	-0.190824	-0.173697	0.966134	-0.866347	0.492573	-0.082557	-0.461551	-0.852761	-0.244476
59644	10.218846	0.485084	-1.057819	-0.169385	-0.734710	0.301590	-0.196787	-0.178464	0.964067	-0.864972	0.494567	-0.085008	-0.461625	-0.850620	-0.251691
59645	9.881672	0.429864	-1.282556	-0.092270	-0.772777	0.378812	-0.203566	-0.183031	0.961801	-0.863802	0.496010	-0.088433	-0.460877	-0.848807	-0.259073
59646	10.004367	0.317534	-1.228081	-0.040609	-0.806220	0.454170	-0.211158	-0.187610	0.959278	-0.862666	0.497216	-0.092649	-0.459587	-0.847100	-0.266836
59647	10.461818	0.279554	-0.950683	-0.020888	-0.822988	0.523383	-0.219382	-0.191838	0.956593	-0.861460	0.498353	-0.097623	-0.457993	-0.845484	-0.274591
59648	10.854279	0.091348	-0.694100	-0.051245	-0.833230	0.569110	-0.228053	-0.196032	0.953710	-0.859946	0.499909	-0.102877	-0.456602	-0.843601	-0.282583
59649	11.172762	-0.520356	-0.766442	-0.071247	-0.830126	0.591207	-0.236997	-0.199953	0.950711	-0.858234	0.501674	-0.108432	-0.455266	-0.841630	-0.290502
59650	11.201532	-0.992491	-0.737836	-0.056148	-0.839535	0.630654	-0.246182	-0.203839	0.947546	-0.856449	0.503439	-0.114213	-0.453751	-0.839642	-0.298515
59651	10.863656	-1.301633	-0.057704	-0.101624	-0.895060	0.676408	-0.255811	-0.207829	0.944123	-0.854370	0.505572	-0.120202	-0.452340	-0.837379	-0.306894
59652	10.939598	-2.534286	-1.891589	-0.193329	-0.907115	0.687129	-0.265735	-0.211925	0.940464	-0.851699	0.508649	-0.126034	-0.451657	-0.834484	-0.315663
59653	10.979595	-2.952057	-3.129255	-0.141009	-0.823237	0.689698	-0.275224	-0.215046	0.937020	-0.849250	0.511191	-0.132126	-0.450583	-0.832129	-0.323320
59654	10.485566	-3.279564	-3.938948	-0.182897	-0.683370	0.692580	-0.284137	-0.217170	0.933865	-0.846484	0.514227	-0.137968	-0.450256	-0.829703	-0.329942
59655	9.489088	-3.462995	-4.975365	-0.221563	-0.550197	0.688803	-0.292232	-0.218030	0.931162	-0.843599	0.517416	-0.143600	-0.450489	-0.827492	-0.335135
59656	8.557405	-3.077423	-5.467537	-0.162468	-0.417222	0.673980	-0.299751	-0.217979	0.928781	-0.840868	0.520247	-0.149279	-0.450656	-0.825729	-0.339236
59657	7.679672	-2.222189	-5.274395	-0.115057	-0.186428	0.606832	-0.305571	-0.216115	0.927319	-0.838589	0.522369	-0.154593	-0.450993	-0.824879	-0.340853
59658	6.892303	-1.548797	-4.474000	-0.110764	0.151102	0.437139	-0.308513	-0.212578	0.927162	-0.836742	0.524239	-0.158229	-0.452419	-0.824611	-0.339608
59659	6.133415	-1.701584	-3.951888	-0.162971	0.546005	0.217846	-0.307779	-0.206717	0.928730	-0.835393	0.525913	-0.159790	-0.455401	-0.825035	-0.334555
59660	5.721292	-2.660896	-3.547561	-0.114229	0.928784	0.016385	-0.303631	-0.198958	0.931785	-0.834816	0.526910	-0.159525	-0.459228	-0.826306	-0.326080
59661	5.722061	-3.572331	-3.263444	0.067801	1.278769	-0.128891	-0.296533	-0.188890	0.936156	-0.835587	0.525982	-0.158548	-0.462453	-0.829254	-0.313806
59662	5.899370	-3.953410	-2.701601	0.359431	1.556152	-0.285626	-0.286896	-0.177442	0.941385	-0.838079	0.522491	-0.156929	-0.464019	-0.833977	-0.298611
59663	5.982587	-3.401158	-1.676040	0.613453	1.738972	-0.442104	-0.275007	-0.165039	0.947171	-0.842235	0.516485	-0.154544	-0.463694	-0.840241	-0.281038
59664	6.499502	-3.400573	-2.036150	0.685088	1.891739	-0.598644	-0.261146	-0.152148	0.953233	-0.847007	0.509779	-0.150678	-0.463013	-0.846744	-0.261997
59665	7.253279	-2.922258	-1.900941	0.768740	2.015706	-0.714308	-0.245495	-0.138544	0.959447	-0.852471	0.502083	-0.145622	-0.461546	-0.853650	-0.241364
59666	7.958507	-2.257345	-1.261601	0.703387	2.146940	-0.803385	-0.228687	-0.124147	0.965552	-0.857612	0.495024	-0.139473	-0.460656	-0.859964	-0.219675
59667	9.119374	-1.812876	-0.581340	0.493243	2.224069	-0.873236	-0.210857	-0.109181	0.971400	-0.861855	0.489665	-0.132043	-0.461244	-0.865048	-0.197347
59668	10.567419	-1.041743	0.106690	0.166649	2.285426	-0.898794	-0.192482	-0.093757	0.976811	-0.864430	0.487333	-0.123561	-0.464448	-0.868168	-0.174849
59669	11.195779	-0.294601	0.589674	-0.276097	2.333729	-0.865554	-0.173910	-0.077710	0.981691	-0.864798	0.488891	-0.114501	-0.471042	-0.868877	-0.152227
59670	11.192334	-0.023575	0.696266	-0.701904	2.335881	-0.828609	-0.155592	-0.061502	0.985905	-0.862812	0.494432	-0.105323	-0.480986	-0.867038	-0.129994
59671	10.913603	-0.133583	0.522397	-1.027144	2.311930	-0.777453	-0.137587	-0.045298	0.989453	-0.859004	0.502806	-0.096429	-0.493135	-0.863212	-0.108091
59672	11.499568	-0.354808	2.217572	-1.023949	2.231233	-0.634624	-0.120975	-0.029297	0.992223	-0.854703	0.511412	-0.089108	-0.504824	-0.858836	-0.086909
59673	10.921774	-0.289465	-0.966829	-1.070576	1.868022	-0.411746	-0.107841	-0.015423	0.994048	-0.849787	0.520371	-0.084117	-0.515977	-0.853801	-0.069224
59674	8.369951	0.052739	-1.820432	-0.783265	1.424078	-0.145588	-0.099160	-0.004049	0.995063	-0.845851	0.527055	-0.082146	-0.524121	-0.849821	-0.055688
59675	7.418100	1.244014	-4.106234	-0.247977	0.811632	-0.004899	-0.094900	0.002725	0.995483	-0.844597	0.529092	-0.081964	-0.526926	-0.848560	-0.047909
59676	7.271953	3.954494	-2.220163	0.293169	0.197355	0.111508	-0.094764	0.004996	0.995487	-0.846019	0.526624	-0.083179	-0.524663	-0.850083	-0.045679
59677	7.573539	2.678321	-0.464915	0.196406	-0.357231	0.250190	-0.098849	0.003203	0.995097	-0.846816	0.524919	-0.085809	-0.522621	-0.851146	-0.049175
59678	8.432620	-2.375118	-2.885784	0.276193	-0.935918	0.444177	-0.107448	-0.002437	0.994208	-0.847784	0.522591	-0.090343	-0.519344	-0.852580	-0.058218
59679	8.552435	-4.239817	-4.162288	1.419512	-1.411573	0.605612	-0.119785	-0.011415	0.992734	-0.854416	0.510411	-0.097226	-0.505593	-0.859855	-0.070892
59680	9.052287	0.199209	-3.942889	2.533778	-1.667552	0.547862	-0.132691	-0.023114	0.990888	-0.866223	0.488587	-0.104600	-0.481717	-0.872209	-0.084853
59681	9.848696	2.296043	-3.900634	2.757101	-1.672856	0.402595	-0.144003	-0.035890	0.988926	-0.878606	0.464448	-0.111083	-0.455318	-0.884873	-0.098415
59682	10.759223	2.789646	-3.468422	2.650912	-1.504920	0.430827	-0.154433	-0.047334	0.986869	-0.889685	0.441043	-0.118071	-0.429663	-0.896237	-0.110224
59683	11.166241	3.079130	-2.863713	1.985603	-1.149437	0.525328	-0.163798	-0.055364	0.984939	-0.897227	0.423386	-0.125412	-0.410066	-0.904256	-0.119024
59684	10.030953	2.277974	-3.210981	1.086587	-0.663977	0.565060	-0.171525	-0.059007	0.983411	-0.900669	0.413886	-0.132260	-0.399216	-0.908414	-0.124137
59685	8.431900	2.890791	-2.687929	0.227181	-0.272999	0.540578	-0.177277	-0.059220	0.982378	-0.900679	0.412091	-0.137692	-0.396674	-0.909216	-0.126392
59686	7.997492	0.178016	-3.415614	-1.019764	-0.069819	0.638829	-0.183255	-0.057180	0.981401	-0.895429	0.421738	-0.142630	-0.405738	-0.904913	-0.128486
59687	8.778907	-3.884764	-5.379904	-1.497644	-0.058016	0.752833	-0.190056	-0.054466	0.980261	-0.887875	0.435652	-0.147938	-0.418995	-0.898466	-0.131157
59688	10.049364	-4.766681	-5.103487	-1.181754	-0.096159	0.658502	-0.196251	-0.052413	0.979152	-0.881584	0.446616	-0.152788	-0.429297	-0.893189	-0.133855
59689	11.223815	-4.690153	-3.296756	-1.144726	-0.056349	0.415286	-0.200049	-0.051046	0.978455	-0.875782	0.457073	-0.155212	-0.439303	-0.887963	-0.136142
59690	12.233822	-7.525199	-3.223842	-1.205762	-0.070586	0.228650	-0.202320	-0.050605	0.978011	-0.869955	0.467887	-0.155756	-0.449717	-0.882338	-0.138687
59691	10.513482	-10.292920	-4.592367	-0.513056	-0.190594	0.187567	-0.204779	-0.051434	0.977456	-0.867227	0.472572	-0.156819	-0.453853	-0.879790	-0.141378
59692	8.713189	-8.377829	-5.415452	0.638666	-0.382488	0.257796	-0.208702	-0.053585	0.976510	-0.869566	0.467105	-0.160214	-0.447548	-0.882577	-0.144082
59693	8.531258	-3.805491	-4.904753	1.278059	-0.428870	0.266080	-0.212884	-0.056176	0.975461	-0.874628	0.455990	-0.164618	-0.435553	-0.888210	-0.146206
59694	8.774532	-0.228958	-4.006289	1.273935	-0.348923	0.201794	-0.216114	-0.058367	0.974622	-0.879662	0.444780	-0.168421	-0.423663	-0.893736	-0.147466
59695	9.199616	1.540747	-3.256255	0.927454	-0.217983	0.172934	-0.218535	-0.059575	0.974009	-0.883136	0.436670	-0.171438	-0.415107	-0.897647	-0.148041
59696	9.668962	1.778343	-2.494923	0.567427	-0.117087	0.213471	-0.220867	-0.059691	0.973476	-0.885002	0.431723	-0.174321	-0.409866	-0.900029	-0.148180
59697	10.025725	1.588561	-1.460960	0.279689	-0.065086	0.282125	-0.223577	-0.059101	0.972893	-0.885491	0.429457	-0.177403	-0.407331	-0.901151	-0.148350
59698	10.220653	1.139639	-0.666582	0.079424	-0.060563	0.345837	-0.226846	-0.058152	0.972193	-0.885030	0.428970	-0.180849	-0.406525	-0.901445	-0.148777
59699	10.039451	0.305135	0.107761	-0.057123	-0.090082	0.382122	-0.230539	-0.057350	0.971372	-0.883888	0.429813	-0.184400	-0.406933	-0.901095	-0.149779
59700	9.647954	-0.668597	0.602433	-0.105932	-0.140255	0.407148	-0.234667	-0.056851	0.970412	-0.882504	0.431026	-0.188157	-0.407575	-0.900547	-0.151319
59701	9.165800	-1.587070	1.068629	-0.104154	-0.198425	0.433808	-0.239227	-0.056788	0.969302	-0.881029	0.432296	-0.192115	-0.408116	-0.899942	-0.153449
59702	8.893530	-2.178013	1.238268	-0.062040	-0.262134	0.436422	-0.244100	-0.057248	0.968059	-0.879716	0.433129	-0.196210	-0.408062	-0.899512	-0.156089
59703	8.870280	-2.796628	0.874958	-0.029052	-0.318299	0.429721	-0.249131	-0.058287	0.966714	-0.878521	0.433705	-0.200253	-0.407597	-0.899168	-0.159256
59704	9.084839	-3.043988	0.060994	0.031013	-0.359153	0.409715	-0.254151	-0.059730	0.965318	-0.877611	0.433694	-0.204224	-0.406455	-0.899078	-0.162644
59705	9.510865	-3.230413	-1.114930	0.041226	-0.382976	0.386062	-0.259046	-0.061509	0.963904	-0.876771	0.433618	-0.207960	-0.405175	-0.898995	-0.166257
59706	9.795775	-3.287116	-2.291273	0.022467	-0.372122	0.348712	-0.263570	-0.063333	0.962559	-0.875947	0.433660	-0.211320	-0.404040	-0.898848	-0.169776
59707	9.743200	-3.443728	-3.083505	-0.027642	-0.347961	0.311894	-0.267661	-0.065103	0.961311	-0.874985	0.434179	-0.214220	-0.403435	-0.898471	-0.173177
59708	9.635355	-3.809915	-3.692470	-0.073373	-0.314483	0.266843	-0.271224	-0.066759	0.960198	-0.873966	0.435040	-0.216620	-0.403263	-0.897933	-0.176338
59709	9.531440	-4.056550	-3.999665	-0.067265	-0.274315	0.202450	-0.274060	-0.068343	0.959281	-0.873115	0.435862	-0.218391	-0.403189	-0.897415	-0.179124
59710	9.438641	-3.974704	-3.906574	-0.036265	-0.229638	0.145803	-0.276220	-0.069758	0.958559	-0.872564	0.436314	-0.219687	-0.402908	-0.897086	-0.181388
59711	9.475353	-3.737668	-3.616522	-0.017709	-0.186903	0.099644	-0.277816	-0.071010	0.958006	-0.872180	0.436640	-0.220562	-0.402642	-0.896829	-0.183239
59712	9.471922	-3.380360	-2.996406	-0.020691	-0.154729	0.071219	-0.279021	-0.072077	0.957576	-0.871895	0.436903	-0.221169	-0.402426	-0.896616	-0.184749
59713	9.485789	-3.128036	-2.414337	-0.004551	-0.145229	0.063036	-0.280133	-0.073115	0.957173	-0.871659	0.437095	-0.221717	-0.402165	-0.896438	-0.186176
59714	9.443407	-2.924554	-1.912526	0.008071	-0.139885	0.051009	-0.281101	-0.074137	0.956810	-0.871544	0.437086	-0.222184	-0.401737	-0.896359	-0.187479
59715	9.371763	-2.755470	-1.506081	0.029160	-0.151529	0.050090	-0.282124	-0.075276	0.956420	-0.871471	0.436984	-0.222673	-0.401179	-0.896314	-0.188885
59716	9.460302	-2.412731	-1.197283	0.063926	-0.176450	0.057415	-0.283293	-0.076598	0.955969	-0.871561	0.436481	-0.223306	-0.400158	-0.896447	-0.190412
59717	9.585802	-1.990481	-0.988717	0.063456	-0.203502	0.072380	-0.284719	-0.078111	0.955423	-0.871564	0.436081	-0.224077	-0.399139	-0.896511	-0.192239
59718	9.578504	-1.507775	-0.855822	0.021749	-0.228723	0.083767	-0.286323	-0.079787	0.954805	-0.871408	0.435978	-0.224882	-0.398331	-0.896414	-0.194358
59719	9.488215	-1.130920	-0.459593	-0.066184	-0.254853	0.092075	-0.288122	-0.081650	0.954106	-0.870820	0.436785	-0.225592	-0.398319	-0.895853	-0.196950
59720	9.221937	-1.120081	-0.072926	-0.140303	-0.296058	0.089954	-0.290047	-0.083899	0.953328	-0.869997	0.438141	-0.226135	-0.398720	-0.894982	-0.200074
59721	8.888381	-1.313559	0.264961	-0.188328	-0.325286	0.105099	-0.292234	-0.086345	0.952441	-0.868899	0.440020	-0.226711	-0.399517	-0.893827	-0.203614
59722	9.049866	-1.423329	0.317233	-0.191764	-0.378824	0.124567	-0.294793	-0.089171	0.951392	-0.867763	0.441868	-0.227465	-0.400106	-0.892637	-0.207639
59723	9.324799	-1.341984	0.241428	-0.201074	-0.420668	0.162436	-0.297855	-0.092209	0.950147	-0.866455	0.443875	-0.228542	-0.400673	-0.891332	-0.212105
59724	9.450662	-1.485500	-0.248226	-0.258483	-0.462153	0.182676	-0.301252	-0.095503	0.948750	-0.864867	0.446374	-0.229684	-0.401561	-0.889736	-0.217069
59725	9.412607	-1.647841	-0.736637	-0.325437	-0.500140	0.198011	-0.304939	-0.099050	0.947207	-0.862937	0.449521	-0.230803	-0.402929	-0.887761	-0.222550
59726	9.279730	-2.076663	-1.253936	-0.398472	-0.527013	0.201309	-0.308764	-0.102806	0.945566	-0.860707	0.453282	-0.231772	-0.404781	-0.885419	-0.228443
59727	9.275848	-2.638382	-1.974741	-0.410573	-0.554839	0.190351	-0.312615	-0.106838	0.943852	-0.858438	0.457156	-0.232578	-0.406639	-0.882946	-0.234627
59728	9.470476	-2.738284	-2.017823	-0.378625	-0.572687	0.181474	-0.316466	-0.111047	0.942082	-0.856322	0.460717	-0.233351	-0.408120	-0.880573	-0.240893
59729	9.749478	-2.930860	-1.809088	-0.369382	-0.599717	0.155922	-0.320219	-0.115574	0.940267	-0.854293	0.464201	-0.233882	-0.409442	-0.878157	-0.247380
59730	9.822974	-2.787930	-1.316069	-0.332402	-0.647343	0.127351	-0.323921	-0.120650	0.938360	-0.852518	0.467291	-0.234206	-0.410229	-0.875833	-0.254222
59731	9.593436	-2.456355	-0.544009	-0.334285	-0.698839	0.100550	-0.327613	-0.126268	0.936337	-0.850803	0.470383	-0.234253	-0.410858	-0.873382	-0.261533
59732	9.526403	-1.744538	-0.521736	-0.241254	-0.789607	0.071144	-0.331422	-0.132814	0.934088	-0.849575	0.472604	-0.234239	-0.410343	-0.871210	-0.269466
59733	9.245931	-0.384623	0.279384	-0.233245	-0.866517	0.087717	-0.335683	-0.139884	0.931530	-0.848303	0.474807	-0.234392	-0.409509	-0.868902	-0.278049
59734	9.284827	-0.156947	0.724559	-0.308295	-0.961835	0.122505	-0.340620	-0.147638	0.928537	-0.846625	0.477681	-0.234620	-0.408905	-0.866039	-0.287702
59735	9.926788	0.865810	1.018484	-0.297871	-1.056587	0.206168	-0.346632	-0.155751	0.924980	-0.844698	0.480591	-0.235623	-0.407838	-0.863003	-0.298150
59736	10.519631	2.001687	1.452316	-0.476166	-1.145930	0.296858	-0.353771	-0.164176	0.920810	-0.841714	0.485187	-0.236876	-0.407876	-0.858859	-0.309835
59737	11.049276	1.614313	0.390663	-0.757668	-1.215840	0.372519	-0.361812	-0.172714	0.916112	-0.837287	0.492311	-0.237866	-0.409929	-0.853112	-0.322735
59738	11.652352	1.303113	-0.686871	-0.882610	-1.292576	0.452695	-0.370869	-0.181445	0.910787	-0.831998	0.500634	-0.239051	-0.412597	-0.846430	-0.336632
59739	11.827162	1.114881	-2.362037	-0.984994	-1.352811	0.504642	-0.380590	-0.190233	0.904966	-0.826025	0.509885	-0.240208	-0.415733	-0.838945	-0.351195
59740	11.893360	1.027733	-2.893305	-1.065054	-1.406657	0.519908	-0.390703	-0.199295	0.898684	-0.819573	0.519810	-0.241035	-0.419108	-0.830710	-0.366428
59741	12.052614	0.527335	-2.486028	-1.075873	-1.474161	0.526267	-0.401137	-0.208633	0.891943	-0.812940	0.529832	-0.241675	-0.422158	-0.822041	-0.382141
59742	12.717179	0.723433	-1.346149	-0.987353	-1.555332	0.534217	-0.412005	-0.218493	0.884597	-0.806591	0.539066	-0.242526	-0.423866	-0.813430	-0.398332
59743	13.460101	1.209369	-0.799715	-0.921577	-1.644480	0.556370	-0.423381	-0.228702	0.876609	-0.800340	0.547818	-0.243622	-0.424505	-0.804730	-0.414975
59744	14.115348	1.578138	-0.762835	-0.893989	-1.703760	0.619302	-0.435513	-0.238915	0.867899	-0.793886	0.556438	-0.245197	-0.424350	-0.795799	-0.432007
59745	14.501403	0.932643	-2.148113	-0.912939	-1.726056	0.696343	-0.448269	-0.248564	0.858645	-0.786899	0.565436	-0.247128	-0.424082	-0.786447	-0.449062
59746	14.471834	0.514085	-3.327259	-0.860649	-1.725496	0.777505	-0.461631	-0.257622	0.848839	-0.779718	0.574149	-0.249787	-0.423009	-0.777164	-0.465918
59747	14.067036	0.682329	-2.958310	-0.786306	-1.758837	0.881175	-0.475832	-0.265978	0.838355	-0.772197	0.582654	-0.253428	-0.421065	-0.767965	-0.482633
59748	14.157961	0.974029	-1.168522	-0.863775	-1.764561	0.937838	-0.490415	-0.273934	0.827317	-0.764039	0.591793	-0.256955	-0.419211	-0.758117	-0.499520
59749	14.357365	0.229891	0.595171	-1.066318	-1.727101	0.952776	-0.504816	-0.281106	0.816174	-0.754773	0.602561	-0.259305	-0.418903	-0.746927	-0.516353
59750	13.748837	-1.749660	1.590381	-1.260139	-1.689766	0.924720	-0.518800	-0.287995	0.804926	-0.744759	0.614540	-0.260144	-0.419739	-0.734438	-0.533310
59751	12.495515	-4.850807	0.411699	-1.240212	-1.703132	0.913932	-0.532668	-0.294502	0.793432	-0.734620	0.626402	-0.260680	-0.420236	-0.721727	-0.550011
59752	11.032628	-7.857677	-1.983345	-0.950443	-1.760274	0.926970	-0.546777	-0.301258	0.781203	-0.725639	0.635982	-0.262631	-0.417711	-0.710472	-0.566345
59753	10.095447	-9.323326	-4.685202	-0.374581	-1.820973	0.977595	-0.561347	-0.307601	0.768291	-0.718522	0.641782	-0.268033	-0.410628	-0.702494	-0.581280
