// General information: 
//  MT Manager version: 2022.2.0 
//  XDA version: 2022.2.0 build 7381 rev 124627 built on 2023-07-19
// Device information: 
//  DeviceId: 00B4CB9F
//  ProductCode: MTW2-3A7G6
//  Firmware Version: 4.6.0
//  Hardware Version: 2.0.0
// Device settings: 
//  Filter Profile: human(46.1)
//  Option Flags: Orientation Smoother Disabled, Position/Velocity Smoother Disabled, Continuous Zero Rotation Update Disabled, AHS Disabled, ICC Disabled
// Coordinate system: ENU
PacketCounter	Acc_X	Acc_Y	Acc_Z	Gyr_X	Gyr_Y	Gyr_Z	Mat[1][1]	Mat[2][1]	Mat[3][1]	Mat[1][2]	Mat[2][2]	Mat[3][2]	Mat[1][3]	Mat[2][3]	Mat[3][3]
07494	9.677309	0.625706	-0.163822	-0.031247	-0.036586	0.013932	-0.043347	0.067867	0.996752	0.687433	-0.721933	0.079050	0.724953	0.688627	-0.015360
07495	9.653460	0.624462	-0.172766	-0.027343	-0.043880	0.006055	-0.042913	0.068136	0.996753	0.687270	-0.722098	0.078951	0.725133	0.688427	-0.015841
07496	9.768170	0.576519	-0.241641	-0.030504	-0.047275	-0.007770	-0.042537	0.068570	0.996739	0.687082	-0.722271	0.079010	0.725334	0.688202	-0.016390
07497	10.181311	0.567646	-0.307176	-0.026859	-0.051113	-0.013049	-0.042182	0.069027	0.996723	0.686915	-0.722420	0.079102	0.725513	0.688000	-0.016942
07498	10.633941	0.586737	0.017290	-0.009875	-0.037103	-0.011546	-0.041906	0.069417	0.996707	0.686875	-0.722448	0.079195	0.725567	0.687932	-0.017406
07499	10.699060	0.413861	0.415777	0.031994	0.008233	0.005459	-0.041855	0.069333	0.996715	0.687142	-0.722205	0.079092	0.725316	0.688196	-0.017414
07500	10.498427	0.333479	0.656027	0.097494	0.059534	0.033512	-0.041969	0.068730	0.996752	0.687899	-0.721525	0.078716	0.724592	0.688968	-0.016998
07501	10.084122	0.609179	0.596387	0.153157	0.097173	0.051502	-0.042244	0.067700	0.996811	0.689063	-0.720477	0.078135	0.723469	0.690166	-0.016214
07502	9.647464	0.995619	0.292402	0.155884	0.096106	0.055046	-0.042472	0.066686	0.996870	0.690248	-0.719407	0.077534	0.722325	0.691380	-0.015475
07503	9.425608	1.225050	-0.180851	0.105778	0.077660	0.030386	-0.042750	0.065942	0.996907	0.691058	-0.718668	0.077172	0.721534	0.692219	-0.014847
07504	9.353309	1.431550	-0.536751	0.013424	0.064373	-0.004304	-0.043160	0.065574	0.996914	0.691188	-0.718541	0.077188	0.721385	0.692386	-0.014311
07505	9.312599	1.537624	-0.803749	-0.085869	0.052084	-0.032181	-0.043685	0.065457	0.996899	0.690587	-0.719087	0.077478	0.721929	0.691830	-0.013790
07506	9.326387	1.375199	-0.850796	-0.178647	0.033498	-0.049205	-0.044183	0.065630	0.996865	0.689308	-0.720260	0.077971	0.723119	0.690593	-0.013416
07507	9.293943	1.012396	-0.904719	-0.241108	0.008083	-0.046467	-0.044488	0.065920	0.996833	0.687576	-0.721865	0.078423	0.724748	0.688887	-0.013211
07508	9.293399	0.545185	-0.874190	-0.256697	-0.020969	-0.033418	-0.044479	0.066360	0.996804	0.685731	-0.723581	0.078770	0.726495	0.687043	-0.013321
07509	9.452702	0.162384	-0.784040	-0.237744	-0.041500	-0.023912	-0.044268	0.066830	0.996782	0.684024	-0.725169	0.078997	0.728115	0.685320	-0.013611
07510	9.544158	-0.027811	-0.739892	-0.195372	-0.048407	-0.015203	-0.043930	0.067325	0.996763	0.682628	-0.726467	0.079154	0.729445	0.683895	-0.014044
07511	9.596718	0.048296	-0.649146	-0.140687	-0.050975	-0.019660	-0.043619	0.067827	0.996743	0.681626	-0.727388	0.079327	0.730400	0.682866	-0.014505
07512	9.724054	0.195907	-0.560950	-0.098483	-0.048659	-0.023052	-0.043334	0.068377	0.996718	0.680933	-0.728013	0.079548	0.731063	0.682145	-0.015012
07513	9.859780	0.362684	-0.397557	-0.063536	-0.035932	-0.030158	-0.043203	0.068852	0.996691	0.680489	-0.728399	0.079815	0.731484	0.681685	-0.015384
07514	9.955146	0.570032	-0.278760	-0.038463	-0.023993	-0.032056	-0.043152	0.069300	0.996662	0.680229	-0.728608	0.080114	0.731728	0.681416	-0.015699
07515	9.965423	0.763734	-0.225691	-0.022833	-0.008671	-0.032334	-0.043235	0.069606	0.996637	0.680082	-0.728715	0.080397	0.731860	0.681271	-0.015831
07516	9.965176	0.891210	-0.233859	-0.024492	-0.006961	-0.031191	-0.043303	0.069928	0.996612	0.679927	-0.728828	0.080682	0.732000	0.681117	-0.015985
07517	9.876864	0.888370	-0.174508	-0.043075	-0.002121	-0.030761	-0.043423	0.070178	0.996589	0.679632	-0.729073	0.080953	0.732267	0.680829	-0.016036
07518	9.864186	0.777646	-0.224387	-0.062834	-0.005242	-0.020141	-0.043427	0.070409	0.996572	0.679198	-0.729457	0.081134	0.732669	0.680394	-0.016143
07519	9.978142	0.663325	-0.167870	-0.069013	-0.008325	-0.020420	-0.043431	0.070625	0.996557	0.678718	-0.729885	0.081305	0.733114	0.679912	-0.016235
07520	10.241286	0.692375	-0.116242	-0.069699	-0.001257	-0.013668	-0.043425	0.070782	0.996546	0.678237	-0.730317	0.081427	0.733559	0.679431	-0.016293
07521	10.159398	0.783438	0.023918	-0.060104	0.018602	-0.015168	-0.043590	0.070777	0.996539	0.677824	-0.730688	0.081545	0.733931	0.679032	-0.016123
07522	9.845197	0.732136	-0.132977	-0.051029	0.029713	-0.012501	-0.043799	0.070713	0.996535	0.677479	-0.730996	0.081647	0.734237	0.678708	-0.015889
07523	9.670987	0.657933	-0.356160	-0.040414	0.017412	-0.011309	-0.043930	0.070688	0.996531	0.677211	-0.731236	0.081723	0.734476	0.678452	-0.015747
07524	9.539166	0.715207	-0.553706	-0.031815	0.014782	-0.019312	-0.044075	0.070775	0.996518	0.677007	-0.731407	0.081889	0.734656	0.678259	-0.015678
07525	9.490215	0.817450	-0.563790	-0.028162	0.010986	-0.024616	-0.044248	0.070891	0.996502	0.676823	-0.731554	0.082096	0.734815	0.678088	-0.015610
07526	9.563551	0.868558	-0.558542	-0.027409	0.014785	-0.031206	-0.044473	0.071066	0.996480	0.676644	-0.731687	0.082380	0.734966	0.677926	-0.015546
07527	9.614116	0.897045	-0.448247	-0.031940	0.025607	-0.031535	-0.044801	0.071134	0.996460	0.676429	-0.731855	0.082657	0.735144	0.677738	-0.015329
07528	9.574784	0.793990	-0.374833	-0.036093	0.021952	-0.036171	-0.045113	0.071296	0.996434	0.676187	-0.732040	0.082992	0.735347	0.677520	-0.015184
07529	9.564860	0.560962	-0.312756	-0.030202	0.019144	-0.033617	-0.045408	0.071423	0.996412	0.675984	-0.732195	0.083289	0.735516	0.677340	-0.015033
07530	10.059009	0.554333	-0.169959	-0.006826	0.032834	-0.034313	-0.045787	0.071498	0.996389	0.675956	-0.732185	0.083602	0.735518	0.677343	-0.014805
07531	9.288567	0.402659	-0.405887	0.015284	-0.008115	-0.026679	-0.045834	0.071759	0.996368	0.676090	-0.732036	0.083822	0.735392	0.677476	-0.014963
07532	9.658323	0.672066	-0.289883	0.032838	-0.013511	-0.031788	-0.045853	0.072129	0.996341	0.676353	-0.731760	0.084102	0.735149	0.677735	-0.015232
07533	9.707205	0.801318	-0.184797	0.030204	-0.026486	-0.036624	-0.045832	0.072587	0.996308	0.676593	-0.731502	0.084419	0.734930	0.677964	-0.015586
07534	9.722661	0.966533	-0.045310	0.015336	-0.022425	-0.041878	-0.045852	0.073090	0.996271	0.676723	-0.731338	0.084799	0.734808	0.678088	-0.015929
07535	9.752721	1.090435	0.031471	-0.001228	-0.018188	-0.045794	-0.045955	0.073559	0.996232	0.676727	-0.731286	0.085213	0.734798	0.678093	-0.016174
07536	9.932241	0.962383	0.131203	-0.013730	-0.014862	-0.044503	-0.046054	0.074031	0.996192	0.676643	-0.731315	0.085628	0.734870	0.678010	-0.016413
07537	10.250158	0.764651	0.177727	-0.009933	-0.003009	-0.036303	-0.046204	0.074328	0.996163	0.676587	-0.731329	0.085949	0.734912	0.677962	-0.016499
07538	10.432682	0.706414	0.261953	0.026060	0.023034	-0.024801	-0.046447	0.074398	0.996146	0.676803	-0.731105	0.086160	0.734697	0.678197	-0.016395
07539	10.152958	0.822394	0.275637	0.054268	0.050729	-0.012819	-0.046833	0.074158	0.996146	0.677230	-0.730701	0.086236	0.734280	0.678658	-0.016001
07540	9.772751	0.808044	-0.034393	0.064367	0.054647	-0.006009	-0.047183	0.073872	0.996151	0.677739	-0.730226	0.086253	0.733787	0.679201	-0.015612
07541	9.576304	0.801432	-0.383663	0.065699	0.034673	-0.004861	-0.047397	0.073682	0.996155	0.678253	-0.729749	0.086248	0.733298	0.679733	-0.015387
07542	9.524036	0.923211	-0.606691	0.060941	0.015933	-0.018471	-0.047546	0.073752	0.996143	0.678727	-0.729292	0.086390	0.732850	0.680217	-0.015382
07543	9.485920	1.036328	-0.670076	0.042091	0.006773	-0.030230	-0.047727	0.073937	0.996120	0.679055	-0.728956	0.086642	0.732534	0.680556	-0.015416
07544	9.432713	1.044295	-0.657499	0.031695	0.004758	-0.034226	-0.047899	0.074197	0.996093	0.679308	-0.728684	0.086944	0.732288	0.680819	-0.015499
07545	9.498605	0.906973	-0.605449	0.028444	-0.005932	-0.033214	-0.048008	0.074490	0.996066	0.679535	-0.728439	0.087228	0.732071	0.681049	-0.015648
07546	9.619403	0.765370	-0.463060	0.048881	-0.012355	-0.022371	-0.047976	0.074783	0.996045	0.679918	-0.728060	0.087412	0.731717	0.681422	-0.015917
07547	9.678431	0.733521	-0.390413	0.074574	-0.010170	-0.016693	-0.047941	0.074984	0.996032	0.680489	-0.727512	0.087523	0.731188	0.681985	-0.016148
07548	9.669476	0.794026	-0.358263	0.083032	-0.012335	-0.009280	-0.047821	0.075179	0.996023	0.681131	-0.726906	0.087569	0.730598	0.682609	-0.016446
07549	9.761929	0.874048	-0.334191	0.082228	-0.010084	-0.015853	-0.047781	0.075374	0.996010	0.681757	-0.726306	0.087670	0.730016	0.683226	-0.016683
07550	9.805070	1.008560	-0.206154	0.057508	-0.005387	-0.016119	-0.047755	0.075576	0.995996	0.682205	-0.725871	0.087789	0.729600	0.683666	-0.016895
07551	9.872799	1.167945	-0.078259	0.030807	0.002660	-0.026332	-0.047880	0.075760	0.995976	0.682451	-0.725614	0.088003	0.729361	0.683918	-0.016960
07552	9.924524	1.244712	0.017971	0.005686	0.013763	-0.036771	-0.048136	0.075977	0.995947	0.682512	-0.725517	0.088334	0.729287	0.683998	-0.016932
07553	9.950690	1.171778	0.020432	-0.025518	0.017248	-0.034510	-0.048424	0.076121	0.995922	0.682343	-0.725638	0.088639	0.729427	0.683853	-0.016802
07554	9.939840	1.085141	-0.033016	-0.041208	0.023753	-0.032463	-0.048728	0.076238	0.995898	0.682065	-0.725863	0.088939	0.729666	0.683601	-0.016630
07555	9.842527	0.981813	-0.257105	-0.038869	0.021529	-0.025720	-0.048987	0.076289	0.995882	0.681802	-0.726083	0.089158	0.729894	0.683362	-0.016445
07556	9.749718	0.950255	-0.396566	-0.036918	0.016650	-0.015579	-0.049121	0.076336	0.995871	0.681559	-0.726295	0.089290	0.730113	0.683131	-0.016351
07557	9.589229	0.863015	-0.563322	-0.040413	0.010915	-0.012130	-0.049210	0.076360	0.995865	0.681292	-0.726536	0.089374	0.730356	0.682873	-0.016271
07558	9.445444	0.837238	-0.588303	-0.031416	0.000364	-0.009756	-0.049185	0.076473	0.995858	0.681095	-0.726711	0.089444	0.730541	0.682674	-0.016342
07559	9.434746	0.850872	-0.542036	-0.035525	-0.001797	-0.014581	-0.049198	0.076602	0.995847	0.680863	-0.726916	0.089552	0.730757	0.682441	-0.016393
07560	9.543866	0.891600	-0.475529	-0.034567	-0.006010	-0.023218	-0.049219	0.076857	0.995827	0.680638	-0.727101	0.089757	0.730965	0.682215	-0.016524
07561	9.641280	0.967110	-0.473034	-0.031583	-0.010541	-0.022300	-0.049220	0.077102	0.995808	0.680430	-0.727273	0.089942	0.731159	0.682004	-0.016666
07562	9.738967	0.996454	-0.355046	-0.029221	-0.011250	-0.015752	-0.049150	0.077336	0.995793	0.680250	-0.727425	0.090070	0.731331	0.681815	-0.016855
07563	9.727402	0.986693	-0.303615	-0.029195	-0.009727	-0.015945	-0.049114	0.077529	0.995780	0.680062	-0.727586	0.090190	0.731507	0.681622	-0.016990
07564	9.735226	1.006570	-0.229948	-0.035366	-0.012608	-0.002334	-0.048946	0.077680	0.995776	0.679840	-0.727794	0.090191	0.731726	0.681383	-0.017188
07565	9.656864	0.963984	-0.211427	-0.035315	-0.009561	-0.002719	-0.048821	0.077776	0.995775	0.679614	-0.728006	0.090182	0.731944	0.681145	-0.017316
07566	9.679090	0.917527	-0.194713	-0.034002	-0.012395	-0.000662	-0.048640	0.077915	0.995773	0.679398	-0.728209	0.090165	0.732156	0.680912	-0.017515
07567	9.719084	0.853993	-0.144152	-0.032428	-0.020184	-0.001038	-0.048425	0.078071	0.995771	0.679194	-0.728403	0.090139	0.732360	0.680687	-0.017752
07568	9.768225	0.902820	-0.147135	-0.031851	-0.016192	-0.006126	-0.048256	0.078270	0.995764	0.679000	-0.728580	0.090173	0.732551	0.680475	-0.017987
07569	9.925496	1.013071	-0.193166	-0.034815	-0.020989	-0.007392	-0.048078	0.078477	0.995756	0.678775	-0.728784	0.090210	0.732771	0.680231	-0.018230
07570	10.194357	1.233305	-0.190718	-0.040355	-0.017068	-0.013151	-0.047946	0.078736	0.995742	0.678508	-0.729020	0.090317	0.733027	0.679949	-0.018469
07571	10.432649	1.296181	0.080210	-0.055493	0.002744	-0.015808	-0.048000	0.078844	0.995731	0.678127	-0.729359	0.090442	0.733375	0.679573	-0.018457
07572	10.304465	1.065229	0.346521	-0.072036	0.030587	0.008220	-0.048079	0.078620	0.995745	0.677643	-0.729821	0.090344	0.733818	0.679103	-0.018187
07573	10.002239	0.776829	0.278641	-0.046377	0.042557	0.042060	-0.048033	0.078035	0.995793	0.677356	-0.730142	0.089890	0.734085	0.678824	-0.017786
07574	9.716319	0.811727	0.103999	-0.012003	0.046967	0.053076	-0.047929	0.077375	0.995849	0.677330	-0.730235	0.089336	0.734116	0.678801	-0.017409
07575	9.503513	0.941246	-0.183115	0.000643	0.031321	0.064203	-0.047650	0.076704	0.995915	0.677400	-0.730254	0.088654	0.734070	0.678857	-0.017162
07576	9.466912	0.968731	-0.353030	-0.009589	0.018256	0.058519	-0.047299	0.076197	0.995970	0.677393	-0.730333	0.088044	0.734099	0.678828	-0.017071
07577	9.464826	0.939400	-0.449000	-0.015604	0.013222	0.043007	-0.047031	0.075804	0.996013	0.677333	-0.730445	0.087575	0.734172	0.678751	-0.016991
07578	9.628205	1.039402	-0.514868	-0.001387	0.009541	0.026494	-0.046834	0.075589	0.996039	0.677374	-0.730443	0.087283	0.734147	0.678778	-0.016993
07579	9.653015	1.163080	-0.411572	0.002980	0.015856	0.015354	-0.046772	0.075380	0.996057	0.677437	-0.730408	0.087087	0.734092	0.678839	-0.016902
07580	9.649714	1.168523	-0.283443	-0.023395	0.012923	0.015862	-0.046670	0.075225	0.996074	0.677304	-0.730552	0.086907	0.734221	0.678701	-0.016855
07581	9.713879	0.807198	-0.199787	-0.044630	0.003392	0.025516	-0.046449	0.075026	0.996099	0.677022	-0.730848	0.086618	0.734495	0.678405	-0.016848
07582	9.816668	0.505303	-0.071867	-0.031377	0.004101	0.031555	-0.046174	0.074812	0.996128	0.676846	-0.731051	0.086278	0.734675	0.678209	-0.016880
07583	9.771023	0.400433	-0.081232	-0.005532	0.006070	0.035754	-0.045903	0.074520	0.996162	0.676856	-0.731089	0.085880	0.734683	0.678200	-0.016880
07584	9.721746	0.496925	-0.092359	0.008981	0.000682	0.030323	-0.045615	0.074342	0.996189	0.676966	-0.731025	0.085552	0.734599	0.678289	-0.016981
07585	9.667194	0.600098	-0.080839	0.003679	-0.001850	0.022310	-0.045377	0.074202	0.996210	0.677037	-0.730990	0.085286	0.734548	0.678342	-0.017067
07586	9.630254	0.687090	-0.035077	-0.013487	-0.003353	0.009742	-0.045199	0.074195	0.996219	0.676981	-0.731057	0.085162	0.734611	0.678271	-0.017186
07587	9.688503	0.675567	-0.070965	-0.030906	-0.009236	-0.000755	-0.045063	0.074274	0.996219	0.676788	-0.731239	0.085132	0.734798	0.678065	-0.017316
07588	9.869310	0.613467	-0.091412	-0.023207	-0.006117	-0.000284	-0.044931	0.074361	0.996219	0.676651	-0.731368	0.085109	0.734932	0.677917	-0.017455
07589	10.108381	0.641407	-0.044119	0.010364	0.000479	0.004196	-0.044832	0.074337	0.996225	0.676763	-0.731275	0.085022	0.734834	0.678020	-0.017524
07590	10.174601	0.647784	-0.004609	0.044850	0.010895	0.014487	-0.044726	0.074198	0.996240	0.677137	-0.730950	0.084839	0.734496	0.678386	-0.017550
07591	10.034496	0.612474	-0.156340	0.072805	0.017068	0.027675	-0.044590	0.073891	0.996269	0.677718	-0.730450	0.084508	0.733969	0.678958	-0.017506
07592	9.757778	0.591002	-0.369480	0.089116	0.008467	0.033686	-0.044334	0.073625	0.996300	0.678426	-0.729837	0.084123	0.733330	0.679645	-0.017593
07593	9.508428	0.618131	-0.486342	0.096215	0.005856	0.025528	-0.044130	0.073410	0.996325	0.679176	-0.729175	0.083809	0.732648	0.680378	-0.017680
07594	9.432873	0.689863	-0.601704	0.097824	-0.008219	0.024404	-0.043814	0.073329	0.996345	0.679938	-0.728498	0.083516	0.731960	0.681112	-0.017941
07595	9.516966	0.825754	-0.542812	0.103818	-0.006670	0.012497	-0.043607	0.073294	0.996357	0.680737	-0.727773	0.083330	0.731229	0.681890	-0.018158
07596	9.658477	1.029602	-0.410891	0.101555	-0.001375	0.005372	-0.043469	0.073306	0.996362	0.681518	-0.727054	0.083225	0.730509	0.682656	-0.018355
07597	9.734521	1.102230	-0.310075	0.078159	0.009858	0.007494	-0.043417	0.073195	0.996372	0.682125	-0.726499	0.083093	0.729945	0.683258	-0.018386
07598	9.819057	0.967229	-0.228755	0.063562	0.010710	0.013487	-0.043309	0.073064	0.996386	0.682631	-0.726044	0.082911	0.729478	0.683755	-0.018431
07599	9.898156	0.735677	-0.226046	0.061226	0.013199	0.020643	-0.043191	0.072835	0.996408	0.683120	-0.725614	0.082651	0.729028	0.684237	-0.018415
07600	9.892133	0.715849	-0.195327	0.063884	0.027720	0.025249	-0.043129	0.072504	0.996435	0.683631	-0.725167	0.082355	0.728553	0.684746	-0.018291
07601	9.824741	0.806243	-0.233479	0.071487	0.034082	0.026824	-0.043120	0.072088	0.996466	0.684196	-0.724670	0.082032	0.728022	0.685316	-0.018075
07602	9.819999	0.855333	-0.323792	0.057972	0.028997	0.022870	-0.043085	0.071765	0.996491	0.684665	-0.724258	0.081762	0.727584	0.685785	-0.017930
07603	9.778899	0.869767	-0.361742	0.027709	0.018991	0.016123	-0.043040	0.071529	0.996509	0.684907	-0.724052	0.081554	0.727359	0.686026	-0.017828
07604	9.826667	0.869532	-0.349574	-0.005216	0.011607	0.005633	-0.042994	0.071449	0.996517	0.684910	-0.724059	0.081464	0.727358	0.686027	-0.017806
07605	9.704775	0.796303	-0.357041	-0.038846	0.003494	0.001352	-0.042936	0.071427	0.996521	0.684662	-0.724300	0.081414	0.727595	0.685776	-0.017804
07606	9.710217	0.620321	-0.255927	-0.046783	-0.002467	0.002785	-0.042809	0.071466	0.996524	0.684358	-0.724592	0.081363	0.727888	0.685462	-0.017889
07607	9.662722	0.449425	-0.142940	-0.036215	-0.000651	0.005289	-0.042695	0.071443	0.996531	0.684130	-0.724818	0.081274	0.728109	0.685226	-0.017930
07608	9.735751	0.451846	-0.022822	-0.005307	0.007036	0.006226	-0.042612	0.071389	0.996538	0.684132	-0.724826	0.081178	0.728112	0.685223	-0.017953
07609	9.929760	0.503447	0.112401	0.027068	0.011690	0.007725	-0.042571	0.071264	0.996549	0.684366	-0.724620	0.081054	0.727895	0.685454	-0.017923
07610	9.953163	0.627241	0.111061	0.040694	0.013531	0.010572	-0.042506	0.071134	0.996561	0.684704	-0.724317	0.080905	0.727581	0.685788	-0.017918
07611	9.819181	0.836265	0.024014	0.033293	0.008502	0.007296	-0.042444	0.071034	0.996570	0.684983	-0.724067	0.080784	0.727322	0.686062	-0.017925
07612	9.571953	0.912708	-0.105657	0.008194	0.002790	0.009852	-0.042307	0.070982	0.996580	0.685082	-0.723988	0.080650	0.727236	0.686151	-0.017999
07613	9.505796	0.801791	-0.246877	-0.018360	-0.007700	0.011321	-0.042100	0.070964	0.996590	0.684987	-0.724095	0.080497	0.727338	0.686040	-0.018125
07614	9.593231	0.783395	-0.300522	-0.015057	-0.012637	0.009244	-0.041854	0.071022	0.996596	0.684918	-0.724174	0.080372	0.727417	0.685950	-0.018335
07615	9.763863	0.880032	-0.288280	-0.014594	-0.006941	0.005454	-0.041692	0.071041	0.996602	0.684847	-0.724251	0.080277	0.727493	0.685867	-0.018457
07616	9.835328	0.880728	-0.272358	-0.013108	-0.000639	0.006346	-0.041553	0.071037	0.996608	0.684792	-0.724315	0.080180	0.727553	0.685800	-0.018548
07617	9.929614	0.858399	-0.244210	-0.017202	0.006541	0.001849	-0.041514	0.070990	0.996613	0.684701	-0.724407	0.080122	0.727641	0.685708	-0.018533
07618	9.993592	0.715999	-0.293691	-0.012888	0.010020	0.004979	-0.041462	0.070923	0.996620	0.684645	-0.724469	0.080039	0.727696	0.685650	-0.018519
07619	10.073731	0.657145	-0.309985	-0.005011	0.012933	0.003940	-0.041456	0.070817	0.996627	0.684644	-0.724479	0.079958	0.727698	0.685650	-0.018450
07620	10.023855	0.732817	-0.315013	0.007023	0.011710	0.007008	-0.041403	0.070722	0.996636	0.684739	-0.724401	0.079850	0.727612	0.685741	-0.018433
07621	9.767587	0.823613	-0.294636	0.001972	0.005976	0.010282	-0.041303	0.070618	0.996648	0.684791	-0.724368	0.079704	0.727569	0.685787	-0.018440
07622	9.632148	0.861387	-0.362141	-0.024046	-0.003575	0.007038	-0.041136	0.070630	0.996654	0.684650	-0.724512	0.079603	0.727710	0.685634	-0.018553
07623	9.568925	0.754374	-0.296804	-0.052161	-0.015590	0.008523	-0.040891	0.070687	0.996660	0.684308	-0.724848	0.079485	0.728046	0.685272	-0.018732
07624	9.576512	0.671156	-0.325831	-0.070816	-0.023416	-0.004953	-0.040664	0.070921	0.996653	0.683826	-0.725300	0.079512	0.728511	0.684770	-0.019004
07625	9.621261	0.704093	-0.196563	-0.062725	-0.026986	-0.008221	-0.040450	0.071176	0.996643	0.683399	-0.725697	0.079563	0.728924	0.684323	-0.019288
07626	9.742778	0.732236	-0.074240	-0.059096	-0.024500	-0.012778	-0.040269	0.071476	0.996629	0.682994	-0.726066	0.079668	0.729313	0.683900	-0.019580
07627	9.831987	0.593279	-0.017940	-0.054580	-0.019697	-0.011342	-0.040129	0.071704	0.996618	0.682625	-0.726405	0.079749	0.729667	0.683516	-0.019797
07628	9.838246	0.441531	0.074985	-0.036316	-0.006973	-0.007831	-0.040041	0.071846	0.996612	0.682391	-0.726618	0.079798	0.729889	0.683274	-0.019933
07629	9.777062	0.382418	0.128424	-0.004860	0.003398	0.002112	-0.039978	0.071818	0.996616	0.682390	-0.726626	0.079735	0.729894	0.683269	-0.019959
07630	9.797890	0.481863	0.029417	0.024420	0.006484	0.003461	-0.039911	0.071784	0.996621	0.682604	-0.726434	0.079659	0.729698	0.683477	-0.020008
07631	9.701652	0.626512	-0.108813	0.046100	0.003222	0.003224	-0.039839	0.071750	0.996627	0.682975	-0.726094	0.079575	0.729354	0.683842	-0.020077
07632	9.647724	0.778319	-0.213847	0.037506	-0.002201	-0.003236	-0.039755	0.071821	0.996625	0.683287	-0.725802	0.079561	0.729067	0.684144	-0.020220
07633	9.720400	0.849716	-0.320348	0.013925	-0.009665	-0.014214	-0.039708	0.072002	0.996614	0.683416	-0.725670	0.079656	0.728948	0.684265	-0.020392
07634	9.697365	0.874759	-0.333067	-0.006735	-0.015387	-0.023539	-0.039668	0.072312	0.996593	0.683393	-0.725670	0.079855	0.728972	0.684232	-0.020631
07635	9.792363	0.878666	-0.312986	-0.014548	-0.015255	-0.022886	-0.039640	0.072593	0.996574	0.683311	-0.725727	0.080043	0.729051	0.684143	-0.020836
07636	9.769307	0.903696	-0.325904	-0.014087	-0.017116	-0.013305	-0.039516	0.072839	0.996561	0.683244	-0.725779	0.080139	0.729120	0.684061	-0.021087
07637	9.773483	0.874868	-0.344645	-0.027478	-0.023663	-0.004675	-0.039302	0.073045	0.996554	0.683075	-0.725937	0.080149	0.729290	0.683871	-0.021365
07638	9.738015	0.863727	-0.299831	-0.033563	-0.022192	-0.005547	-0.039087	0.073271	0.996546	0.682864	-0.726133	0.080173	0.729499	0.683639	-0.021652
07639	9.683071	0.822462	-0.277084	-0.047460	-0.020590	-0.005763	-0.038903	0.073465	0.996539	0.682549	-0.726427	0.080198	0.729804	0.683306	-0.021883
07640	9.745313	0.736042	-0.215589	-0.050440	-0.025377	-0.007029	-0.038675	0.073724	0.996528	0.682213	-0.726737	0.080241	0.730130	0.682948	-0.022189
07641	9.743617	0.791725	-0.102697	-0.051254	-0.015309	-0.013055	-0.038579	0.073934	0.996517	0.681867	-0.727051	0.080339	0.730458	0.682591	-0.022365
07642	9.835400	0.848182	-0.071029	-0.050904	-0.006362	-0.015709	-0.038549	0.074126	0.996504	0.681523	-0.727359	0.080470	0.730780	0.682242	-0.022479
07643	9.967640	0.864478	0.007370	-0.056838	0.002727	-0.017532	-0.038615	0.074246	0.996492	0.681134	-0.727707	0.080614	0.731139	0.681858	-0.022471
07644	10.032383	0.701670	0.066709	-0.051209	0.012690	-0.011982	-0.038699	0.074278	0.996486	0.680794	-0.728015	0.080705	0.731452	0.681526	-0.022394
07645	9.965874	0.593474	-0.073399	-0.044430	0.012195	-0.003423	-0.038738	0.074230	0.996488	0.680501	-0.728289	0.080706	0.731722	0.681238	-0.022301
07646	9.800776	0.536416	-0.224213	-0.029565	0.008139	0.001850	-0.038696	0.074194	0.996493	0.680321	-0.728463	0.080656	0.731892	0.681056	-0.022287
07647	9.616590	0.597088	-0.410830	-0.031015	0.003365	0.000745	-0.038642	0.074176	0.996496	0.680127	-0.728648	0.080612	0.732075	0.680859	-0.022293
07648	9.569970	0.666878	-0.543106	-0.026828	-0.008805	-0.009625	-0.038553	0.074337	0.996488	0.679965	-0.728793	0.080674	0.732231	0.680687	-0.022450
07649	9.631641	0.705382	-0.487972	-0.021022	-0.016389	-0.020396	-0.038498	0.074608	0.996470	0.679836	-0.728895	0.080839	0.732353	0.680548	-0.022660
07650	9.681839	0.779387	-0.496504	-0.019100	-0.013711	-0.023615	-0.038468	0.074905	0.996448	0.679722	-0.728979	0.081040	0.732461	0.680425	-0.022873
07651	9.717751	0.771194	-0.434740	-0.013924	-0.009673	-0.028189	-0.038515	0.075187	0.996425	0.679642	-0.729027	0.081280	0.732532	0.680343	-0.023022
07652	9.786237	0.704095	-0.401263	-0.000325	-0.000031	-0.024791	-0.038592	0.075400	0.996406	0.679667	-0.728981	0.081488	0.732505	0.680369	-0.023114
07653	9.770092	0.622553	-0.434926	0.020211	-0.000412	-0.014711	-0.038615	0.075521	0.996396	0.679842	-0.728806	0.081586	0.732341	0.680543	-0.023199
07654	9.757656	0.634824	-0.492473	0.035192	0.001630	-0.010200	-0.038606	0.075614	0.996390	0.680135	-0.728527	0.081639	0.732070	0.680831	-0.023303
07655	9.661582	0.758011	-0.520855	0.037858	-0.001007	-0.006474	-0.038569	0.075679	0.996386	0.680443	-0.728238	0.081651	0.731785	0.681133	-0.023408
07656	9.589138	0.733635	-0.531474	0.031993	-0.006014	-0.009591	-0.038497	0.075822	0.996378	0.680707	-0.727986	0.081699	0.731544	0.681386	-0.023588
07657	9.647228	0.677076	-0.452144	0.034052	-0.005051	-0.014125	-0.038482	0.075970	0.996367	0.680984	-0.727717	0.081788	0.731287	0.681657	-0.023730
07658	9.745108	0.704840	-0.333955	0.043589	-0.003825	-0.016310	-0.038474	0.076147	0.996354	0.681333	-0.727377	0.081899	0.730962	0.682000	-0.023896
07659	9.852729	0.845028	-0.268576	0.054601	0.003701	-0.017584	-0.038547	0.076260	0.996343	0.681759	-0.726965	0.082018	0.730561	0.682427	-0.023969
07660	9.882698	0.966275	-0.189562	0.060526	0.011763	-0.014854	-0.038643	0.076321	0.996334	0.682226	-0.726516	0.082113	0.730119	0.682898	-0.023994
07661	9.925837	0.998208	-0.160844	0.046406	0.019826	-0.012819	-0.038802	0.076290	0.996330	0.682593	-0.726162	0.082186	0.729768	0.683277	-0.023899
07662	9.947818	0.952342	-0.141490	0.034980	0.026781	-0.007249	-0.038956	0.076192	0.996332	0.682882	-0.725888	0.082211	0.729489	0.683580	-0.023752
07663	10.035088	0.788265	-0.179307	0.019523	0.017492	-0.007792	-0.039063	0.076140	0.996332	0.683055	-0.725722	0.082240	0.729322	0.683762	-0.023659
07664	9.909828	0.768668	-0.175356	0.012373	0.017070	0.000747	-0.039091	0.076049	0.996338	0.683182	-0.725608	0.082189	0.729201	0.683893	-0.023590
07665	9.679670	0.828547	-0.269028	0.004531	0.006332	0.001244	-0.039055	0.076008	0.996342	0.683249	-0.725552	0.082132	0.729140	0.683957	-0.023595
07666	9.602956	0.879454	-0.377680	-0.008586	-0.005435	-0.006458	-0.038968	0.076125	0.996337	0.683214	-0.725581	0.082159	0.729178	0.683913	-0.023735
07667	9.571950	0.838774	-0.348757	-0.018784	-0.015455	-0.012510	-0.038867	0.076333	0.996325	0.683106	-0.725674	0.082245	0.729285	0.683792	-0.023938
07668	9.639662	0.895331	-0.323010	-0.020777	-0.013600	-0.022259	-0.038828	0.076621	0.996304	0.682975	-0.725775	0.082433	0.729409	0.683652	-0.024150
07669	9.765575	0.940951	-0.332243	-0.016583	-0.006880	-0.018005	-0.038827	0.076810	0.996289	0.682881	-0.725848	0.082573	0.729497	0.683553	-0.024269
07670	9.932123	0.946155	-0.294767	-0.008885	0.005576	-0.017188	-0.038895	0.076926	0.996278	0.682851	-0.725861	0.082705	0.729522	0.683526	-0.024297
07671	9.936582	0.769573	-0.297442	-0.002615	0.015008	-0.003760	-0.038957	0.076862	0.996280	0.682863	-0.725850	0.082700	0.729507	0.683545	-0.024209
07672	9.799916	0.738127	-0.240829	0.016836	0.029693	0.002736	-0.039063	0.076668	0.996291	0.683030	-0.725702	0.082626	0.729345	0.683724	-0.024018
07673	9.725161	0.687467	-0.345497	0.026893	0.032099	0.009750	-0.039157	0.076389	0.996309	0.683263	-0.725499	0.082479	0.729122	0.683971	-0.023785
07674	9.709461	0.750867	-0.389233	0.027204	0.030190	0.006934	-0.039240	0.076163	0.996323	0.683502	-0.725287	0.082363	0.728893	0.684221	-0.023597
07675	9.689295	0.844480	-0.416428	0.014008	0.023183	0.000154	-0.039334	0.076014	0.996331	0.683638	-0.725165	0.082315	0.728761	0.684367	-0.023443
07676	9.674371	0.932754	-0.467425	-0.011501	0.011479	-0.007414	-0.039379	0.076023	0.996328	0.683581	-0.725213	0.082354	0.728811	0.684314	-0.023410
07677	9.679663	0.927654	-0.489298	-0.034319	0.008004	-0.011093	-0.039439	0.076060	0.996323	0.683360	-0.725413	0.082429	0.729015	0.684098	-0.023367
07678	9.714777	0.894873	-0.419562	-0.038847	0.001671	-0.012341	-0.039444	0.076168	0.996315	0.683114	-0.725635	0.082519	0.729246	0.683851	-0.023409
07679	9.702294	0.860718	-0.360942	-0.035133	0.001161	-0.004116	-0.039407	0.076201	0.996313	0.682890	-0.725845	0.082525	0.729458	0.683624	-0.023433
07680	9.800961	0.763443	-0.234370	-0.035836	0.000409	0.002092	-0.039304	0.076211	0.996317	0.682674	-0.726055	0.082469	0.729666	0.683400	-0.023491
07681	9.920743	0.743244	-0.097422	-0.029665	0.003519	0.002392	-0.039240	0.076181	0.996322	0.682491	-0.726233	0.082409	0.729840	0.683215	-0.023496
07682	10.091717	0.670607	0.040300	-0.015575	0.021941	0.001638	-0.039298	0.076049	0.996329	0.682420	-0.726306	0.082355	0.729903	0.683151	-0.023355
07683	10.053733	0.587236	0.107747	-0.002186	0.030275	0.006734	-0.039399	0.075804	0.996344	0.682440	-0.726300	0.082245	0.729879	0.683185	-0.023116
07684	9.890698	0.529773	0.062277	0.008626	0.036478	0.007169	-0.039525	0.075532	0.996360	0.682545	-0.726215	0.082129	0.729774	0.683306	-0.022851
07685	9.705945	0.565167	-0.116438	0.009846	0.029069	0.009799	-0.039596	0.075273	0.996376	0.682654	-0.726128	0.081986	0.729668	0.683426	-0.022634
07686	9.595348	0.673156	-0.297760	0.019953	0.023438	0.002376	-0.039663	0.075127	0.996385	0.682832	-0.725968	0.081919	0.729498	0.683613	-0.022505
07687	9.533817	0.784012	-0.364978	0.017974	0.025300	-0.007374	-0.039824	0.075018	0.996387	0.682994	-0.725813	0.081945	0.729338	0.683789	-0.022332
07688	9.562088	0.903388	-0.387413	0.011860	0.025238	-0.008062	-0.039973	0.074934	0.996387	0.683113	-0.725697	0.081981	0.729218	0.683922	-0.022180
07689	9.687361	0.924217	-0.386958	0.001161	0.025130	-0.009267	-0.040146	0.074840	0.996387	0.683151	-0.725655	0.082030	0.729173	0.683976	-0.021995
07690	9.809081	0.850590	-0.362149	-0.008152	0.026752	-0.008988	-0.040311	0.074754	0.996387	0.683120	-0.725679	0.082081	0.729193	0.683961	-0.021813
07691	9.838362	0.697914	-0.364163	-0.011492	0.020820	-0.007065	-0.040438	0.074673	0.996388	0.683067	-0.725725	0.082111	0.729235	0.683920	-0.021660
07692	9.777358	0.638700	-0.308730	-0.007220	0.022776	-0.003730	-0.040538	0.074574	0.996391	0.683051	-0.725741	0.082107	0.729245	0.683915	-0.021518
07693	9.742802	0.650767	-0.265751	0.000650	0.025710	-0.004751	-0.040684	0.074443	0.996395	0.683087	-0.725706	0.082111	0.729202	0.683966	-0.021326
07694	9.722578	0.745419	-0.293192	-0.002205	0.017675	-0.007150	-0.040770	0.074404	0.996394	0.683103	-0.725688	0.082141	0.729183	0.683989	-0.021239
07695	9.735519	0.759005	-0.239785	-0.014032	0.020211	-0.011926	-0.040926	0.074364	0.996391	0.683030	-0.725748	0.082219	0.729243	0.683929	-0.021091
07696	9.753498	0.789349	-0.319062	-0.026370	0.013990	-0.012549	-0.041023	0.074389	0.996385	0.682864	-0.725894	0.082309	0.729393	0.683772	-0.021020
07697	9.765160	0.802448	-0.369371	-0.038195	0.016526	-0.017326	-0.041188	0.074413	0.996377	0.682612	-0.726115	0.082447	0.729619	0.683534	-0.020888
07698	9.762142	0.756085	-0.458720	-0.040967	0.022399	-0.019939	-0.041396	0.074435	0.996366	0.682338	-0.726354	0.082613	0.729864	0.683278	-0.020721
07699	9.724529	0.721444	-0.507192	-0.034825	0.023989	-0.019434	-0.041630	0.074423	0.996357	0.682109	-0.726551	0.082770	0.730064	0.683070	-0.020518
07700	9.743736	0.753357	-0.482309	-0.023199	0.020121	-0.012961	-0.041773	0.074410	0.996352	0.681967	-0.726674	0.082862	0.730189	0.682941	-0.020390
07701	9.690713	0.759718	-0.468319	-0.015441	0.016964	-0.013215	-0.041914	0.074402	0.996347	0.681883	-0.726743	0.082954	0.730260	0.682869	-0.020273
07702	9.678935	0.749108	-0.414725	-0.013159	0.013188	-0.006282	-0.041962	0.074386	0.996346	0.681823	-0.726795	0.082977	0.730312	0.682814	-0.020220
07703	9.742213	0.686397	-0.356143	-0.011540	0.008441	-0.007043	-0.041998	0.074390	0.996344	0.681770	-0.726842	0.083007	0.730360	0.682764	-0.020191
07704	9.709494	0.597711	-0.314219	0.000201	0.001333	-0.001693	-0.041930	0.074424	0.996345	0.681804	-0.726813	0.082984	0.730333	0.682791	-0.020267
07705	9.716025	0.592735	-0.233806	0.012515	-0.003298	-0.001234	-0.041841	0.074467	0.996345	0.681928	-0.726700	0.082951	0.730222	0.682907	-0.020375
07706	9.724297	0.634959	-0.165503	0.029378	-0.000069	0.000305	-0.041746	0.074494	0.996347	0.682178	-0.726471	0.082899	0.729993	0.683147	-0.020491
07707	9.788200	0.743038	-0.127196	0.038520	-0.001494	0.001541	-0.041651	0.074504	0.996351	0.682493	-0.726183	0.082832	0.729704	0.683453	-0.020602
07708	9.791010	0.791454	-0.036085	0.037685	-0.002274	-0.004649	-0.041573	0.074582	0.996348	0.682803	-0.725892	0.082827	0.729419	0.683753	-0.020747
07709	9.788087	0.869176	-0.031447	0.029091	0.000100	-0.010587	-0.041572	0.074669	0.996341	0.683044	-0.725659	0.082883	0.729193	0.683991	-0.020835
07710	9.800846	0.883018	0.019779	0.020241	-0.001907	-0.014450	-0.041564	0.074816	0.996331	0.683219	-0.725484	0.082979	0.729030	0.684161	-0.020962
07711	10.303538	0.990364	0.111035	0.022024	0.002490	-0.016352	-0.041620	0.074929	0.996320	0.683406	-0.725294	0.083094	0.728851	0.684349	-0.021020
07712	9.248261	0.754175	-0.180504	0.012228	-0.003132	-0.012123	-0.041588	0.075066	0.996311	0.683525	-0.725174	0.083169	0.728742	0.684462	-0.021151
07713	9.596219	0.869455	-0.180534	0.024175	-0.012167	-0.021979	-0.041576	0.075320	0.996292	0.683725	-0.724965	0.083340	0.728554	0.684655	-0.021357
07714	9.551777	0.965255	-0.217666	0.015457	-0.026753	-0.027321	-0.041479	0.075729	0.996265	0.683860	-0.724812	0.083567	0.728434	0.684772	-0.021724
07715	9.527695	1.161742	-0.354787	-0.008382	-0.032374	-0.035547	-0.041412	0.076220	0.996231	0.683817	-0.724816	0.083880	0.728477	0.684714	-0.022104
07716	9.578809	1.284922	-0.376694	-0.054054	-0.033100	-0.042264	-0.041369	0.076778	0.996190	0.683449	-0.725118	0.084268	0.728825	0.684331	-0.022476
07717	9.739760	1.151620	-0.304330	-0.106103	-0.028946	-0.047232	-0.041407	0.077330	0.996145	0.682689	-0.725781	0.084719	0.729535	0.683565	-0.022740
07718	9.871096	0.874729	-0.304501	-0.130464	-0.021398	-0.037055	-0.041413	0.077774	0.996111	0.681755	-0.726617	0.085076	0.730408	0.682626	-0.022932
07719	9.915092	0.612869	-0.252083	-0.115171	-0.017956	-0.021801	-0.041357	0.078066	0.996090	0.680938	-0.727359	0.085277	0.731173	0.681802	-0.023077
07720	9.838071	0.447458	-0.228191	-0.086675	-0.018560	-0.013812	-0.041226	0.078322	0.996075	0.680332	-0.727912	0.085394	0.731743	0.681183	-0.023276
07721	9.626160	0.342904	-0.278472	-0.057913	-0.024119	-0.008273	-0.041032	0.078557	0.996065	0.679939	-0.728273	0.085447	0.732120	0.680769	-0.023532
07722	9.556982	0.413744	-0.315115	-0.030171	-0.033494	-0.020951	-0.040837	0.078961	0.996041	0.679756	-0.728424	0.085616	0.732300	0.680561	-0.023927
07723	9.597335	0.548156	-0.290821	-0.006204	-0.036047	-0.041105	-0.040779	0.079517	0.995999	0.679728	-0.728407	0.085983	0.732330	0.680514	-0.024346
07724	9.854168	0.635450	-0.332985	-0.005245	-0.041742	-0.049573	-0.040720	0.080188	0.995948	0.679705	-0.728375	0.086435	0.732355	0.680470	-0.024845
07725	10.342190	0.562932	-0.384286	-0.018145	-0.051999	-0.045127	-0.040572	0.080882	0.995898	0.679587	-0.728436	0.086845	0.732472	0.680322	-0.025412
07726	10.543735	0.536980	-0.282958	-0.008644	-0.050552	-0.033394	-0.040338	0.081494	0.995857	0.679548	-0.728438	0.087136	0.732522	0.680247	-0.025995
07727	10.148058	0.547755	-0.200862	0.001420	-0.032538	-0.012823	-0.040113	0.081819	0.995840	0.679587	-0.728392	0.087220	0.732498	0.680258	-0.026385
07728	10.105560	0.665968	-0.138239	-0.011127	0.017376	0.002772	-0.040128	0.081703	0.995849	0.679553	-0.728432	0.087146	0.732528	0.680229	-0.026291
07729	9.029341	0.472656	-0.341132	-0.016148	-0.048957	-0.008141	-0.039751	0.082106	0.995831	0.679465	-0.728509	0.087188	0.732631	0.680098	-0.026829
07730	9.439242	0.799480	-0.204054	-0.006992	-0.053760	-0.034360	-0.039498	0.082744	0.995788	0.679442	-0.728495	0.087484	0.732665	0.680035	-0.027445
07731	9.474485	0.964732	-0.164525	-0.026386	-0.059320	-0.054429	-0.039360	0.083554	0.995726	0.679261	-0.728603	0.087990	0.732841	0.679821	-0.028077
07732	10.045992	1.205384	-0.070864	-0.062988	-0.056923	-0.072775	-0.039346	0.084493	0.995647	0.678814	-0.728935	0.088684	0.733256	0.679348	-0.028674
07733	9.250007	0.859922	-0.167601	-0.123420	-0.008968	-0.085485	-0.039786	0.085188	0.995570	0.677908	-0.729675	0.089527	0.734069	0.678467	-0.028719
07734	9.291050	0.585244	0.015383	-0.116964	-0.035521	-0.087690	-0.040028	0.086091	0.995483	0.677053	-0.730362	0.090388	0.734845	0.677613	-0.029053
07735	9.345935	0.471080	0.340551	-0.085186	-0.020937	-0.095179	-0.040445	0.086939	0.995392	0.676422	-0.730831	0.091316	0.735403	0.676999	-0.029249
07736	9.832704	0.269229	0.763423	-0.063072	0.009504	-0.099488	-0.041096	0.087617	0.995306	0.675973	-0.731127	0.092272	0.735780	0.676592	-0.029181
07737	9.411553	-0.249850	0.927797	-0.033725	0.021957	-0.099244	-0.041854	0.088205	0.995223	0.675717	-0.731242	0.093226	0.735972	0.676391	-0.028996
07738	10.028141	-0.410854	1.218276	0.038547	0.019472	-0.095448	-0.042553	0.088785	0.995141	0.676007	-0.730861	0.094113	0.735665	0.676727	-0.028919
07739	10.103470	-0.303286	1.317840	0.083378	0.036589	-0.095560	-0.043395	0.089246	0.995064	0.676613	-0.730185	0.094997	0.735059	0.677395	-0.028699
07740	9.996850	-0.142383	1.104182	0.106018	0.026487	-0.090229	-0.044112	0.089738	0.994988	0.677387	-0.729361	0.095812	0.734303	0.678218	-0.028613
07741	10.184266	0.259965	0.768782	0.113319	0.020603	-0.113436	-0.044959	0.090435	0.994887	0.678202	-0.728464	0.096865	0.733499	0.679089	-0.028583
07742	10.284722	0.781189	0.795365	0.102785	0.010791	-0.142822	-0.045916	0.091408	0.994754	0.678934	-0.727603	0.098198	0.732762	0.679881	-0.028651
07743	10.497385	1.465057	1.066515	0.073849	0.029953	-0.174761	-0.047249	0.092486	0.994592	0.679427	-0.726914	0.099872	0.732220	0.680472	-0.028492
07744	10.608741	2.013193	1.689437	0.016000	0.093237	-0.186041	-0.049110	0.093208	0.994435	0.679498	-0.726600	0.101661	0.732032	0.680709	-0.027652
07745	10.488359	2.130768	2.298825	-0.091302	0.183826	-0.186255	-0.051647	0.093322	0.994296	0.678769	-0.727022	0.103494	0.732533	0.680243	-0.025795
07746	10.420886	1.919599	2.731331	-0.216898	0.292428	-0.176925	-0.054911	0.092623	0.994186	0.677130	-0.728298	0.105250	0.733812	0.678972	-0.022726
07747	10.136969	1.497120	2.941503	-0.317958	0.392204	-0.165275	-0.058836	0.091179	0.994095	0.674734	-0.730276	0.106916	0.735712	0.677040	-0.018555
07748	10.206790	1.204865	3.006823	-0.358487	0.480036	-0.154322	-0.063339	0.089059	0.994010	0.672044	-0.732526	0.108454	0.737798	0.674888	-0.013454
07749	10.152783	1.149919	2.915235	-0.355537	0.582008	-0.158263	-0.068627	0.086308	0.993902	0.669348	-0.734758	0.110022	0.739773	0.672816	-0.007346
07750	10.272195	1.314818	2.697468	-0.348099	0.666093	-0.184145	-0.074723	0.083178	0.993729	0.666683	-0.736907	0.111812	0.741586	0.670858	-0.000390
07751	10.583638	1.639209	2.402985	-0.348393	0.732260	-0.232026	-0.081629	0.079995	0.993447	0.663951	-0.739025	0.114064	0.743307	0.668911	0.007213
07752	10.904034	1.935286	2.288428	-0.365017	0.785987	-0.294501	-0.089367	0.076917	0.993024	0.661018	-0.741209	0.116900	0.745030	0.666854	0.015396
07753	11.133015	2.266696	2.415405	-0.381799	0.837218	-0.353617	-0.097870	0.073977	0.992446	0.657875	-0.743458	0.120293	0.746741	0.664679	0.024094
07754	11.122947	2.417476	2.605734	-0.385619	0.911319	-0.405643	-0.107288	0.070938	0.991694	0.654610	-0.745700	0.124162	0.748315	0.662494	0.033568
07755	11.033489	2.629473	2.952902	-0.356494	0.982524	-0.447819	-0.117497	0.067791	0.990757	0.651475	-0.747722	0.128422	0.749517	0.660542	0.043691
07756	11.332846	2.966089	3.645840	-0.301839	1.062700	-0.514759	-0.128762	0.064620	0.989568	0.648610	-0.749352	0.133330	0.750150	0.659012	0.054575
07757	11.594386	3.178466	4.432343	-0.218872	1.193021	-0.586699	-0.141436	0.061171	0.988056	0.646214	-0.750398	0.138960	0.749935	0.658149	0.066604
07758	11.227553	2.983711	5.274521	-0.099567	1.373276	-0.655631	-0.155917	0.057036	0.986122	0.644524	-0.750646	0.145323	0.748518	0.658238	0.080277
07759	11.235418	2.682918	6.032465	0.038621	1.581351	-0.726399	-0.172337	0.052076	0.983661	0.643660	-0.749969	0.152473	0.745655	0.659420	0.095728
07760	11.213945	2.242050	6.421378	0.121425	1.838187	-0.795421	-0.191096	0.045877	0.980499	0.643146	-0.748759	0.160381	0.741515	0.661252	0.113579
07761	11.473196	1.722476	6.498142	0.161700	2.076286	-0.840479	-0.211770	0.038421	0.976564	0.642689	-0.747307	0.168769	0.736278	0.663367	0.133564
