// General information: 
//  MT Manager version: 2022.2.0 
//  XDA version: 2022.2.0 build 7381 rev 124627 built on 2023-07-19
// Device information: 
//  DeviceId: 00B4CBA7
//  ProductCode: MTW2-3A7G6
//  Firmware Version: 4.6.0
//  Hardware Version: 2.0.0
// Device settings: 
//  Filter Profile: human(46.1)
//  Option Flags: Orientation Smoother Disabled, Position/Velocity Smoother Disabled, Continuous Zero Rotation Update Disabled, AHS Disabled, ICC Disabled
// Coordinate system: ENU
PacketCounter	Acc_X	Acc_Y	Acc_Z	Gyr_X	Gyr_Y	Gyr_Z	Mat[1][1]	Mat[2][1]	Mat[3][1]	Mat[1][2]	Mat[2][2]	Mat[3][2]	Mat[1][3]	Mat[2][3]	Mat[3][3]
20555	9.623402	1.049429	-1.441826	-0.062697	-0.004558	-0.001192	-0.088565	-0.160730	0.983017	-0.407410	0.906413	0.111499	-0.908941	-0.390616	-0.145759
20556	9.605395	0.971558	-1.444705	-0.060960	-0.007746	-0.001968	-0.088603	-0.160806	0.983001	-0.406840	0.906651	0.111645	-0.909192	-0.390032	-0.145754
20557	9.576407	1.017510	-1.456730	-0.037244	-0.003118	-0.008007	-0.088582	-0.160910	0.982986	-0.406465	0.906799	0.111810	-0.909362	-0.389645	-0.145731
20558	9.587490	1.066884	-1.402954	-0.019127	-0.005887	-0.006263	-0.088587	-0.161017	0.982968	-0.406279	0.906867	0.111937	-0.909445	-0.389443	-0.145754
20559	9.588546	1.087718	-1.333184	-0.016017	-0.014040	-0.012711	-0.088647	-0.161206	0.982931	-0.406093	0.906928	0.112117	-0.909522	-0.389222	-0.145861
20560	9.637351	0.990580	-1.223483	-0.017762	-0.017626	-0.010163	-0.088742	-0.161394	0.982892	-0.405922	0.906984	0.112281	-0.909589	-0.389014	-0.146001
20561	9.693589	1.019695	-1.107367	-0.021338	-0.023150	-0.008434	-0.088896	-0.161587	0.982846	-0.405737	0.907049	0.112427	-0.909657	-0.388783	-0.146195
20562	9.672103	0.943777	-1.146807	-0.008983	-0.023264	-0.007423	-0.089054	-0.161772	0.982802	-0.405644	0.907075	0.112551	-0.909683	-0.388644	-0.146400
20563	9.607165	0.866273	-1.286623	0.002914	-0.025146	-0.007876	-0.089236	-0.161960	0.982754	-0.405634	0.907067	0.112654	-0.909669	-0.388586	-0.146640
20564	9.608121	0.921556	-1.338025	0.015913	-0.023539	-0.012274	-0.089377	-0.162190	0.982704	-0.405772	0.906988	0.112789	-0.909594	-0.388673	-0.146876
20565	9.587255	0.976222	-1.439720	0.032112	-0.026591	-0.014729	-0.089545	-0.162444	0.982646	-0.406014	0.906864	0.112917	-0.909469	-0.388857	-0.147159
20566	9.544065	1.036705	-1.365567	0.044009	-0.028477	-0.015187	-0.089718	-0.162720	0.982585	-0.406410	0.906671	0.113040	-0.909275	-0.389191	-0.147476
20567	9.563353	1.060073	-1.282624	0.053892	-0.030632	-0.016399	-0.089912	-0.163008	0.982519	-0.406876	0.906448	0.113153	-0.909048	-0.389590	-0.147824
20568	9.572608	1.089569	-1.303024	0.071464	-0.033530	-0.019507	-0.090113	-0.163343	0.982445	-0.407525	0.906141	0.113277	-0.908737	-0.390163	-0.148221
20569	9.559531	1.159820	-1.267227	0.065697	-0.037659	-0.018457	-0.090358	-0.163682	0.982366	-0.408137	0.905851	0.113393	-0.908438	-0.390694	-0.148655
20570	9.613841	1.031506	-1.388578	0.062220	-0.038074	-0.015130	-0.090618	-0.163995	0.982290	-0.408698	0.905587	0.113486	-0.908160	-0.391176	-0.149087
20571	9.674678	1.105467	-1.516424	0.070366	-0.037058	-0.015574	-0.090869	-0.164305	0.982215	-0.409338	0.905287	0.113567	-0.907846	-0.391739	-0.149519
20572	9.645316	1.108808	-1.639256	0.063228	-0.034587	-0.015653	-0.091095	-0.164609	0.982143	-0.409909	0.905017	0.113663	-0.907566	-0.392235	-0.149917
20573	9.622020	1.184302	-1.706180	0.047673	-0.031433	-0.011788	-0.091312	-0.164862	0.982081	-0.410333	0.904815	0.113740	-0.907353	-0.392594	-0.150269
20574	9.608134	1.158065	-1.727202	0.043461	-0.030298	-0.013221	-0.091508	-0.165128	0.982018	-0.410721	0.904626	0.113842	-0.907157	-0.392918	-0.150603
20575	9.573745	1.192629	-1.620812	0.035781	-0.024395	-0.006299	-0.091689	-0.165300	0.981972	-0.411011	0.904490	0.113880	-0.907008	-0.393160	-0.150871
20576	9.570644	1.290899	-1.600672	0.025709	-0.025731	-0.010033	-0.091857	-0.165519	0.981919	-0.411235	0.904375	0.113977	-0.906889	-0.393330	-0.151140
20577	9.602337	1.287194	-1.450556	-0.010257	-0.030278	-0.008331	-0.092078	-0.165734	0.981862	-0.411117	0.904413	0.114107	-0.906920	-0.393154	-0.151413
20578	9.621880	1.139028	-1.410936	-0.035425	-0.026667	-0.006726	-0.092269	-0.165927	0.981812	-0.410784	0.904544	0.114264	-0.907052	-0.392770	-0.151621
20579	9.691116	1.057452	-1.441912	-0.041095	-0.025659	-0.004073	-0.092461	-0.166090	0.981766	-0.410406	0.904698	0.114401	-0.907203	-0.392346	-0.151814
20580	9.646015	1.132600	-1.556622	-0.049428	-0.018255	-0.005346	-0.092581	-0.166237	0.981730	-0.409945	0.904887	0.114566	-0.907399	-0.391849	-0.151924
20581	9.638744	1.137455	-1.626424	-0.064515	-0.020092	0.001780	-0.092755	-0.166319	0.981700	-0.409311	0.905160	0.114678	-0.907668	-0.391183	-0.152034
20582	9.584722	1.108092	-1.710539	-0.082641	-0.017348	0.000089	-0.092889	-0.166413	0.981671	-0.408542	0.905486	0.114840	-0.908000	-0.390387	-0.152096
20583	9.539424	1.094903	-1.655130	-0.064887	-0.009997	0.000121	-0.092959	-0.166474	0.981654	-0.407928	0.905746	0.114972	-0.908269	-0.389756	-0.152107
20584	9.551514	1.068297	-1.588673	-0.040370	-0.006925	-0.004674	-0.092979	-0.166571	0.981636	-0.407548	0.905899	0.115117	-0.908438	-0.389360	-0.152115
20585	9.576854	1.068050	-1.504793	-0.006782	-0.006026	-0.005223	-0.092995	-0.166662	0.981619	-0.407456	0.905928	0.115210	-0.908478	-0.389253	-0.152154
20586	9.580113	1.108150	-1.364544	0.016829	-0.008106	-0.006132	-0.093019	-0.166777	0.981597	-0.407597	0.905856	0.115283	-0.908412	-0.389372	-0.152240
20587	9.592220	1.080620	-1.298896	0.025073	-0.008713	-0.003217	-0.093069	-0.166860	0.981578	-0.407788	0.905767	0.115308	-0.908321	-0.389544	-0.152342
20588	9.642428	1.071191	-1.357639	0.038252	-0.003625	-0.002697	-0.093067	-0.166926	0.981567	-0.408120	0.905616	0.115314	-0.908172	-0.389865	-0.152408
20589	9.656603	1.109837	-1.496837	0.039824	-0.006748	0.003393	-0.093128	-0.166938	0.981559	-0.408419	0.905489	0.115251	-0.908031	-0.390155	-0.152507
20590	9.636293	1.086361	-1.583884	0.038896	-0.003533	-0.001306	-0.093131	-0.166991	0.981550	-0.408756	0.905338	0.115242	-0.907880	-0.390482	-0.152573
20591	9.588626	1.127579	-1.612293	0.041095	-0.004945	-0.000627	-0.093154	-0.167038	0.981540	-0.409099	0.905187	0.115218	-0.907723	-0.390814	-0.152657
20592	9.585085	1.128909	-1.647200	0.043103	0.002086	-0.001666	-0.093104	-0.167072	0.981539	-0.409474	0.905019	0.115206	-0.907559	-0.391188	-0.152673
20593	9.575422	1.099817	-1.630359	0.037611	0.008185	-0.000857	-0.093005	-0.167072	0.981548	-0.409805	0.904871	0.115190	-0.907419	-0.391530	-0.152625
20594	9.564145	1.222930	-1.639538	0.023522	0.004708	0.000736	-0.092941	-0.167074	0.981554	-0.410000	0.904783	0.115185	-0.907338	-0.391731	-0.152592
20595	9.650676	1.164896	-1.616102	-0.016930	0.009766	0.002753	-0.092844	-0.167035	0.981570	-0.409824	0.904859	0.115216	-0.907427	-0.391574	-0.152465
20596	9.633226	1.085917	-1.617170	-0.034680	0.014336	0.005963	-0.092714	-0.166952	0.981596	-0.409486	0.905008	0.115248	-0.907593	-0.391265	-0.152272
20597	9.609736	1.107126	-1.628982	-0.044578	0.018088	0.000387	-0.092539	-0.166894	0.981623	-0.409023	0.905205	0.115343	-0.907820	-0.390832	-0.152030
20598	9.571278	1.123929	-1.621594	-0.059586	0.022982	0.002296	-0.092316	-0.166811	0.981658	-0.408462	0.905445	0.115449	-0.908095	-0.390312	-0.151723
20599	9.585708	1.075305	-1.588098	-0.059041	0.024714	0.000317	-0.092073	-0.166734	0.981694	-0.407896	0.905685	0.115568	-0.908374	-0.389788	-0.151400
20600	9.601771	1.046451	-1.484234	-0.035612	0.024298	-0.000520	-0.091827	-0.166671	0.981727	-0.407555	0.905826	0.115664	-0.908552	-0.389487	-0.151107
20601	9.599281	1.014540	-1.396191	-0.018595	0.026437	-0.003462	-0.091551	-0.166623	0.981761	-0.407368	0.905898	0.115760	-0.908663	-0.389340	-0.150813
20602	9.610957	1.063483	-1.340006	0.003186	0.022413	-0.005169	-0.091303	-0.166610	0.981787	-0.407384	0.905880	0.115844	-0.908681	-0.389387	-0.150584
20603	9.671937	1.048836	-1.292715	0.002544	0.022312	-0.006564	-0.091052	-0.166606	0.981811	-0.407388	0.905866	0.115938	-0.908705	-0.389422	-0.150355
20604	9.697762	1.006749	-1.313053	-0.002031	0.020034	-0.006083	-0.090822	-0.166611	0.981831	-0.407357	0.905867	0.116038	-0.908742	-0.389417	-0.150142
20605	9.665449	1.053777	-1.357716	0.000815	0.011958	-0.002229	-0.090684	-0.166606	0.981845	-0.407331	0.905872	0.116093	-0.908767	-0.389408	-0.150012
20606	9.607459	1.143601	-1.380347	-0.020971	0.010822	-0.005556	-0.090539	-0.166641	0.981852	-0.407128	0.905947	0.116216	-0.908873	-0.389217	-0.149868
20607	9.565327	1.162444	-1.408415	-0.043115	0.011419	-0.001950	-0.090409	-0.166636	0.981865	-0.406710	0.906120	0.116332	-0.909073	-0.388817	-0.149694
20608	9.574445	1.096270	-1.481228	-0.053645	0.008302	-0.007152	-0.090281	-0.166696	0.981866	-0.406211	0.906320	0.116520	-0.909309	-0.388325	-0.149537
20609	9.596755	1.056985	-1.536403	-0.045226	0.012785	-0.006069	-0.090119	-0.166725	0.981876	-0.405789	0.906488	0.116680	-0.909513	-0.387920	-0.149347
20610	9.569746	1.081154	-1.582610	-0.037449	0.017171	-0.006378	-0.089913	-0.166744	0.981892	-0.405436	0.906626	0.116836	-0.909691	-0.387589	-0.149122
20611	9.594790	1.115919	-1.615709	-0.027386	0.020125	-0.009439	-0.089675	-0.166772	0.981909	-0.405153	0.906731	0.117002	-0.909840	-0.387331	-0.148879
20612	9.599276	1.039161	-1.566082	-0.022634	0.027496	-0.011754	-0.089353	-0.166799	0.981934	-0.404939	0.906803	0.117188	-0.909967	-0.387152	-0.148569
20613	9.620325	0.986837	-1.464424	-0.011281	0.023883	-0.010251	-0.089073	-0.166824	0.981955	-0.404829	0.906833	0.117339	-0.910044	-0.387072	-0.148309
20614	9.657474	0.993671	-1.430613	0.010681	0.024977	-0.013776	-0.088766	-0.166879	0.981973	-0.404920	0.906771	0.117496	-0.910033	-0.387191	-0.148063
20615	9.644300	1.140183	-1.400954	0.020198	0.026190	-0.014858	-0.088451	-0.166933	0.981993	-0.405080	0.906681	0.117643	-0.909992	-0.387380	-0.147818
20616	9.654262	1.170025	-1.415303	-0.002222	0.023318	-0.012802	-0.088163	-0.166986	0.982010	-0.405053	0.906671	0.117810	-0.910032	-0.387380	-0.147573
20617	9.604429	1.139095	-1.462108	-0.017323	0.023066	-0.012511	-0.087882	-0.167033	0.982027	-0.404885	0.906723	0.117991	-0.910135	-0.387239	-0.147314
20618	9.621715	1.123725	-1.514330	-0.023823	0.025632	-0.011194	-0.087580	-0.167063	0.982049	-0.404660	0.906800	0.118174	-0.910264	-0.387046	-0.147021
20619	9.631757	1.153980	-1.528047	-0.028859	0.028338	-0.013957	-0.087244	-0.167104	0.982072	-0.404392	0.906891	0.118387	-0.910415	-0.386813	-0.146696
20620	9.569448	1.192724	-1.533824	-0.036186	0.032474	-0.013970	-0.086868	-0.167132	0.982100	-0.404057	0.907011	0.118614	-0.910600	-0.386520	-0.146321
20621	9.583710	1.145104	-1.500133	-0.037643	0.027180	-0.014926	-0.086538	-0.167187	0.982120	-0.403714	0.907133	0.118850	-0.910783	-0.386211	-0.145997
20622	9.593887	1.140873	-1.394023	-0.040026	0.030250	-0.015544	-0.086175	-0.167239	0.982143	-0.403345	0.907264	0.119098	-0.910981	-0.385879	-0.145639
20623	9.611359	1.091317	-1.326232	-0.029220	0.026524	-0.018859	-0.085838	-0.167332	0.982157	-0.403090	0.907343	0.119357	-0.911126	-0.385652	-0.145335
20624	9.602978	1.084134	-1.236308	-0.022357	0.025755	-0.015275	-0.085518	-0.167399	0.982173	-0.402882	0.907407	0.119577	-0.911248	-0.385473	-0.145042
20625	9.606385	1.083809	-1.199448	-0.019240	0.022751	-0.016699	-0.085222	-0.167487	0.982184	-0.402708	0.907455	0.119802	-0.911353	-0.385324	-0.144783
20626	9.622498	1.014388	-1.203312	-0.011725	0.016944	-0.016754	-0.084976	-0.167602	0.982186	-0.402597	0.907475	0.120021	-0.911424	-0.385226	-0.144590
20627	9.652764	1.026119	-1.238724	0.007042	0.015959	-0.020416	-0.084727	-0.167750	0.982182	-0.402671	0.907412	0.120244	-0.911415	-0.385309	-0.144430
20628	9.609409	1.026484	-1.337700	0.017756	0.012269	-0.020290	-0.084509	-0.167915	0.982173	-0.402832	0.907313	0.120455	-0.911364	-0.385471	-0.144318
20629	9.596540	1.132215	-1.415785	0.005759	0.014136	-0.016408	-0.084295	-0.168031	0.982171	-0.402872	0.907271	0.120640	-0.911366	-0.385520	-0.144173
20630	9.554420	1.151808	-1.443974	-0.006143	0.015976	-0.015963	-0.084061	-0.168142	0.982172	-0.402811	0.907271	0.120844	-0.911415	-0.385472	-0.143996
20631	9.596546	1.135765	-1.412901	-0.002831	0.012924	-0.024257	-0.083823	-0.168337	0.982159	-0.402800	0.907239	0.121119	-0.911442	-0.385461	-0.143854
20632	9.561820	1.075550	-1.360149	-0.000728	0.011548	-0.020136	-0.083613	-0.168503	0.982148	-0.402792	0.907211	0.121356	-0.911464	-0.385455	-0.143726
20633	9.645017	1.117633	-1.312474	0.015294	0.010227	-0.022507	-0.083412	-0.168689	0.982134	-0.402916	0.907125	0.121586	-0.911428	-0.385576	-0.143632
20634	9.611443	1.303163	-1.193340	0.017416	0.003710	-0.023423	-0.083260	-0.168914	0.982108	-0.403076	0.907021	0.121829	-0.911371	-0.385721	-0.143604
20635	9.640330	1.260596	-1.181563	-0.008560	-0.004740	-0.019692	-0.083207	-0.169131	0.982075	-0.402976	0.907034	0.122065	-0.911420	-0.385596	-0.143628
20636	9.602149	1.202321	-1.164902	-0.017514	-0.010993	-0.018836	-0.083208	-0.169372	0.982033	-0.402814	0.907072	0.122313	-0.911492	-0.385400	-0.143701
20637	9.647157	1.219279	-1.221494	-0.027841	-0.017421	-0.017339	-0.083275	-0.169621	0.981985	-0.402566	0.907150	0.122556	-0.911595	-0.385108	-0.143826
20638	9.664021	1.204680	-1.277543	-0.028029	-0.015753	-0.017271	-0.083325	-0.169866	0.981938	-0.402307	0.907231	0.122803	-0.911705	-0.384808	-0.143933
20639	9.695982	1.229982	-1.471291	-0.023104	-0.011665	-0.012832	-0.083362	-0.170048	0.981903	-0.402078	0.907307	0.122994	-0.911803	-0.384549	-0.144007
20640	9.717181	1.302298	-1.660711	-0.025684	-0.008546	-0.006576	-0.083390	-0.170168	0.981880	-0.401831	0.907397	0.123133	-0.911909	-0.384282	-0.144046
20641	9.670455	1.304098	-1.795233	-0.024066	0.001832	-0.007445	-0.083324	-0.170250	0.981872	-0.401580	0.907489	0.123273	-0.912025	-0.384029	-0.143985
20642	9.512690	1.294514	-1.797107	-0.029691	0.014681	-0.004962	-0.083147	-0.170266	0.981884	-0.401295	0.907598	0.123402	-0.912167	-0.383765	-0.143791
20643	9.458987	1.175468	-1.710732	-0.015793	0.019890	-0.006414	-0.082921	-0.170270	0.981902	-0.401132	0.907654	0.123520	-0.912260	-0.383630	-0.143564
20644	9.418228	1.178309	-1.548256	0.005888	0.022754	-0.006382	-0.082664	-0.170268	0.981924	-0.401172	0.907624	0.123611	-0.912265	-0.383703	-0.143334
20645	9.456364	1.203808	-1.443764	0.023808	0.028511	-0.006321	-0.082363	-0.170236	0.981955	-0.401356	0.907535	0.123670	-0.912212	-0.383928	-0.143073
20646	9.543135	1.242064	-1.360247	0.035336	0.030026	-0.006625	-0.082039	-0.170208	0.981987	-0.401665	0.907391	0.123722	-0.912105	-0.384280	-0.142808
20647	9.585638	1.224108	-1.328153	0.036612	0.030220	-0.003832	-0.081726	-0.170151	0.982023	-0.401981	0.907248	0.123741	-0.911993	-0.384642	-0.142543
20648	9.594659	1.197869	-1.293448	0.034592	0.028322	0.002215	-0.081453	-0.170049	0.982064	-0.402276	0.907122	0.123708	-0.911888	-0.384985	-0.142294
20649	9.623282	1.133193	-1.349833	0.042098	0.029285	0.000403	-0.081170	-0.169954	0.982103	-0.402636	0.906967	0.123674	-0.911754	-0.385391	-0.142048
20650	9.649668	1.220605	-1.431612	0.049333	0.025187	0.003862	-0.080932	-0.169850	0.982141	-0.403064	0.906786	0.123604	-0.911586	-0.385862	-0.141849
20651	9.621825	1.414318	-1.432631	0.023979	0.023581	0.007203	-0.080727	-0.169716	0.982181	-0.403254	0.906712	0.123531	-0.911521	-0.386096	-0.141635
20652	9.665749	1.354193	-1.507425	-0.016216	0.025135	0.012323	-0.080524	-0.169535	0.982229	-0.403078	0.906798	0.123471	-0.911616	-0.385972	-0.141354
20653	9.629670	1.347515	-1.536062	-0.034818	0.031181	0.014121	-0.080272	-0.169313	0.982288	-0.402748	0.906952	0.123415	-0.911784	-0.385708	-0.140993
20654	9.603428	1.369630	-1.580804	-0.051843	0.028970	0.016974	-0.080052	-0.169075	0.982347	-0.402243	0.907184	0.123359	-0.912026	-0.385267	-0.140631
20655	9.604203	1.368703	-1.576896	-0.065786	0.035652	0.021677	-0.079796	-0.168762	0.982421	-0.401590	0.907486	0.123271	-0.912337	-0.384694	-0.140187
20656	9.664665	1.333197	-1.597053	-0.063426	0.046082	0.018766	-0.079428	-0.168442	0.982506	-0.400978	0.907764	0.123213	-0.912638	-0.384177	-0.139643
20657	9.642034	1.353054	-1.605160	-0.056512	0.057178	0.022209	-0.078973	-0.168046	0.982611	-0.400436	0.908017	0.123106	-0.912915	-0.383751	-0.139000
20658	9.626009	1.272754	-1.601958	-0.071092	0.063745	0.025505	-0.078469	-0.167598	0.982728	-0.399748	0.908336	0.122992	-0.913260	-0.383193	-0.138273
20659	9.564580	1.081621	-1.601544	-0.052158	0.066230	0.026866	-0.077950	-0.167125	0.982850	-0.399228	0.908586	0.122834	-0.913532	-0.382806	-0.137545
20660	9.562008	1.141859	-1.450962	-0.031963	0.075665	0.029276	-0.077351	-0.166596	0.982986	-0.398894	0.908761	0.122628	-0.913729	-0.382622	-0.136748
20661	9.529032	1.096106	-1.321988	-0.001834	0.071124	0.027240	-0.076786	-0.166104	0.983114	-0.398861	0.908807	0.122397	-0.913791	-0.382727	-0.136036
20662	9.566534	1.194457	-1.225008	0.021413	0.072462	0.026643	-0.076206	-0.165612	0.983242	-0.399017	0.908772	0.122143	-0.913771	-0.383023	-0.135336
20663	9.563759	1.158210	-1.133560	0.032017	0.068795	0.030244	-0.075677	-0.165099	0.983369	-0.399276	0.908700	0.121835	-0.913702	-0.383415	-0.134688
20664	9.665864	1.082827	-1.192578	0.041167	0.073350	0.029360	-0.075101	-0.164578	0.983501	-0.399611	0.908593	0.121529	-0.913603	-0.383891	-0.134003
20665	9.685301	1.082026	-1.170093	0.054966	0.071787	0.033166	-0.074556	-0.164026	0.983634	-0.400079	0.908436	0.121162	-0.913443	-0.384498	-0.133353
20666	9.680715	1.082347	-1.232565	0.058610	0.068892	0.036588	-0.074050	-0.163456	0.983768	-0.400568	0.908274	0.120761	-0.913270	-0.385124	-0.132733
20667	9.640182	1.096352	-1.256443	0.071262	0.073849	0.032402	-0.073486	-0.162900	0.983902	-0.401162	0.908063	0.120381	-0.913055	-0.385858	-0.132079
20668	9.579007	1.129266	-1.259913	0.075840	0.076100	0.031958	-0.072896	-0.162343	0.984038	-0.401812	0.907825	0.120004	-0.912816	-0.386651	-0.131408
20669	9.565870	1.063623	-1.152032	0.081418	0.075109	0.032782	-0.072321	-0.161780	0.984173	-0.402524	0.907562	0.119608	-0.912548	-0.387503	-0.130756
20670	9.536238	1.049745	-1.109561	0.115867	0.069321	0.028875	-0.071781	-0.161277	0.984295	-0.403542	0.907162	0.119210	-0.912141	-0.388647	-0.130199
20671	9.531561	1.165147	-1.045046	0.137286	0.061886	0.029278	-0.071313	-0.160794	0.984408	-0.404751	0.906680	0.118777	-0.911642	-0.389970	-0.129740
20672	9.516734	1.251718	-0.965229	0.140724	0.053891	0.034550	-0.070938	-0.160298	0.984516	-0.405991	0.906189	0.118292	-0.911120	-0.391313	-0.129363
20673	9.602826	1.245521	-1.021148	0.123341	0.043178	0.034190	-0.070662	-0.159843	0.984610	-0.407063	0.905768	0.117830	-0.910663	-0.392472	-0.129069
20674	9.629234	1.274209	-1.053796	0.103076	0.032186	0.038538	-0.070502	-0.159394	0.984694	-0.407955	0.905428	0.117355	-0.910276	-0.393437	-0.128860
20675	9.730828	1.292395	-1.058830	0.061946	0.023641	0.042265	-0.070439	-0.158943	0.984772	-0.408477	0.905253	0.116891	-0.910047	-0.394023	-0.128690
20676	9.729259	1.193303	-1.148861	0.033805	0.021838	0.046710	-0.070407	-0.158461	0.984852	-0.408733	0.905198	0.116425	-0.909934	-0.394344	-0.128501
20677	9.716659	1.197716	-1.318756	0.018336	0.024955	0.046977	-0.070345	-0.157966	0.984936	-0.408880	0.905189	0.115973	-0.909873	-0.394562	-0.128265
20678	9.603424	1.199325	-1.411518	0.005661	0.020043	0.051151	-0.070348	-0.157451	0.985018	-0.408877	0.905251	0.115500	-0.909874	-0.394626	-0.128061
20679	9.539740	1.157442	-1.440761	-0.008403	0.030063	0.048983	-0.070251	-0.156915	0.985110	-0.408760	0.905360	0.115062	-0.909934	-0.394590	-0.127743
20680	9.597731	1.139648	-1.425503	-0.011218	0.031361	0.046871	-0.070133	-0.156394	0.985202	-0.408606	0.905481	0.114652	-0.910012	-0.394518	-0.127408
20681	9.642871	1.115287	-1.357400	-0.004627	0.033868	0.047200	-0.069990	-0.155862	0.985296	-0.408549	0.905560	0.114228	-0.910049	-0.394547	-0.127058
20682	9.701045	1.041241	-1.258261	0.007719	0.033725	0.048320	-0.069857	-0.155319	0.985391	-0.408567	0.905609	0.113779	-0.910051	-0.394650	-0.126721
20683	9.707251	1.052655	-1.115868	0.018503	0.035082	0.050132	-0.069722	-0.154749	0.985491	-0.408671	0.905623	0.113295	-0.910015	-0.394842	-0.126383
20684	9.674548	1.039885	-1.110579	0.036241	0.035609	0.052163	-0.069587	-0.154163	0.985592	-0.408945	0.905564	0.112772	-0.909902	-0.395206	-0.126060
20685	9.613398	1.015651	-1.034550	0.047205	0.035288	0.053919	-0.069461	-0.153562	0.985695	-0.409336	0.905456	0.112216	-0.909736	-0.395686	-0.125753
20686	9.572903	0.951952	-1.049079	0.063116	0.033873	0.055126	-0.069355	-0.152956	0.985796	-0.409854	0.905295	0.111631	-0.909511	-0.396290	-0.125476
20687	9.573735	0.946061	-1.046812	0.090604	0.028728	0.051119	-0.069277	-0.152407	0.985887	-0.410648	0.905006	0.111048	-0.909158	-0.397160	-0.125282
20688	9.587538	1.042819	-1.040932	0.101477	0.023284	0.051306	-0.069253	-0.151877	0.985970	-0.411517	0.904685	0.110452	-0.908767	-0.398094	-0.125152
20689	9.671235	1.035840	-1.132531	0.099920	0.024761	0.051984	-0.069218	-0.151334	0.986056	-0.412377	0.904366	0.109849	-0.908380	-0.399023	-0.125005
20690	9.677431	1.061412	-1.216492	0.098186	0.027906	0.052715	-0.069158	-0.150773	0.986146	-0.413214	0.904058	0.109243	-0.908004	-0.399934	-0.124825
20691	9.631685	1.021036	-1.230382	0.095425	0.027563	0.053968	-0.069104	-0.150203	0.986237	-0.414059	0.903745	0.108627	-0.907623	-0.400854	-0.124646
20692	9.630074	1.016235	-1.263007	0.106792	0.030581	0.053800	-0.069026	-0.149621	0.986331	-0.414973	0.903401	0.108001	-0.907212	-0.401846	-0.124447
20693	9.646609	1.014087	-1.279315	0.112010	0.032872	0.054752	-0.068928	-0.149022	0.986429	-0.415954	0.903026	0.107356	-0.906769	-0.402909	-0.124230
20694	9.650096	1.005734	-1.242779	0.137685	0.037543	0.053108	-0.068785	-0.148418	0.986530	-0.417147	0.902554	0.106699	-0.906232	-0.404189	-0.123994
20695	9.661221	0.951262	-1.243358	0.140450	0.037794	0.051833	-0.068634	-0.147823	0.986630	-0.418378	0.902061	0.106048	-0.905676	-0.405506	-0.123758
20696	9.696475	1.006482	-1.327446	0.170941	0.041349	0.053075	-0.068457	-0.147203	0.986734	-0.419871	0.901449	0.105351	-0.904998	-0.407089	-0.123517
20697	9.693073	1.098651	-1.337771	0.166725	0.047588	0.056533	-0.068236	-0.146528	0.986850	-0.421348	0.900844	0.104623	-0.904328	-0.408669	-0.123209
20698	9.640476	1.179295	-1.327897	0.139215	0.040960	0.057336	-0.068083	-0.145871	0.986958	-0.422549	0.900362	0.103924	-0.903779	-0.409963	-0.122937
20699	9.646489	1.169556	-1.256824	0.102747	0.034997	0.057139	-0.067981	-0.145240	0.987058	-0.423443	0.900018	0.103269	-0.903368	-0.410943	-0.122685
20700	9.631761	1.179719	-1.166381	0.064621	0.029038	0.064437	-0.067968	-0.144568	0.987158	-0.423964	0.899850	0.102591	-0.903125	-0.411547	-0.122452
20701	9.626905	1.142612	-1.078631	0.023062	0.020777	0.059861	-0.068008	-0.143969	0.987242	-0.424123	0.899841	0.102007	-0.903047	-0.411775	-0.122257
20702	9.640163	1.087515	-1.044827	-0.020808	0.017562	0.066331	-0.068106	-0.143327	0.987329	-0.423872	0.900027	0.101415	-0.903158	-0.411594	-0.122050
20703	9.663440	0.963445	-1.083491	-0.047915	0.014426	0.065198	-0.068229	-0.142705	0.987411	-0.423380	0.900320	0.100863	-0.903379	-0.411168	-0.121846
20704	9.699690	0.866326	-1.104611	-0.054580	0.018728	0.066439	-0.068316	-0.142057	0.987498	-0.422823	0.900643	0.100311	-0.903634	-0.410684	-0.121594
20705	9.680258	0.837670	-1.222862	-0.056303	0.021897	0.067150	-0.068378	-0.141388	0.987590	-0.422263	0.900968	0.099750	-0.903891	-0.410202	-0.121310
20706	9.670274	0.804055	-1.203382	-0.044308	0.021418	0.060042	-0.068414	-0.140786	0.987673	-0.421803	0.901239	0.099248	-0.904103	-0.409814	-0.121041
20707	9.704537	0.827109	-1.133013	-0.026126	0.020006	0.055209	-0.068442	-0.140232	0.987750	-0.421522	0.901424	0.098768	-0.904232	-0.409598	-0.120806
20708	9.707161	0.862843	-0.956507	-0.011273	0.014978	0.057006	-0.068522	-0.139683	0.987822	-0.421362	0.901554	0.098256	-0.904300	-0.409498	-0.120634
20709	9.577419	0.826635	-0.878663	0.011790	0.004103	0.056887	-0.068700	-0.139180	0.987881	-0.421426	0.901583	0.097714	-0.904257	-0.409606	-0.120593
20710	9.473928	0.844001	-0.766801	0.032312	-0.000408	0.052743	-0.068902	-0.138733	0.987930	-0.421664	0.901529	0.097191	-0.904131	-0.409877	-0.120616
20711	9.481506	0.813364	-0.734727	0.051553	-0.015063	0.054423	-0.069239	-0.138332	0.987963	-0.422103	0.901383	0.096628	-0.903900	-0.410332	-0.120801
20712	9.603753	0.787666	-0.832718	0.064867	-0.023738	0.051932	-0.069648	-0.137989	0.987982	-0.422635	0.901193	0.096073	-0.903620	-0.410864	-0.121085
20713	9.630674	0.967052	-0.934630	0.071718	-0.031370	0.054028	-0.070138	-0.137654	0.987994	-0.423228	0.900978	0.095486	-0.903304	-0.411450	-0.121452
20714	9.639396	0.990521	-0.990046	0.038182	-0.040126	0.055906	-0.070712	-0.137343	0.987996	-0.423515	0.900902	0.094924	-0.903125	-0.411719	-0.121872
20715	9.779488	0.945616	-1.143879	0.023698	-0.040030	0.057410	-0.071292	-0.137015	0.988000	-0.423672	0.900887	0.094362	-0.903006	-0.411861	-0.122276
20716	9.778554	0.995430	-1.266862	0.029360	-0.034384	0.056413	-0.071817	-0.136675	0.988009	-0.423879	0.900848	0.093806	-0.902867	-0.412059	-0.122630
20717	9.745247	1.071305	-1.541675	0.008358	-0.024834	0.060693	-0.072272	-0.136257	0.988034	-0.423910	0.900893	0.093231	-0.902816	-0.412099	-0.122870
20718	9.720193	1.045011	-1.733070	-0.006351	-0.014673	0.060426	-0.072636	-0.135800	0.988070	-0.423790	0.901006	0.092680	-0.902843	-0.412003	-0.122997
20719	9.677249	1.037567	-1.869334	-0.029518	-0.003677	0.063982	-0.072917	-0.135262	0.988123	-0.423461	0.901219	0.092118	-0.902975	-0.411715	-0.122993
20720	9.694619	0.980358	-1.767925	-0.039609	0.008668	0.063268	-0.073082	-0.134684	0.988190	-0.423039	0.901472	0.091578	-0.903160	-0.411350	-0.122858
20721	9.653220	0.960353	-1.642426	-0.044922	0.021524	0.062065	-0.073128	-0.134059	0.988272	-0.422563	0.901748	0.091054	-0.903379	-0.410948	-0.122591
20722	9.680344	0.897959	-1.401313	-0.049395	0.024427	0.064036	-0.073153	-0.133408	0.988358	-0.422051	0.902042	0.090519	-0.903616	-0.410516	-0.122292
20723	9.679206	0.957430	-1.222489	-0.042312	0.028578	0.065798	-0.073150	-0.132720	0.988451	-0.421590	0.902314	0.089954	-0.903831	-0.410141	-0.121957
20724	9.646595	0.987183	-1.076889	-0.042769	0.031941	0.069308	-0.073129	-0.131990	0.988550	-0.421134	0.902586	0.089359	-0.904045	-0.409778	-0.121591
20725	9.659796	0.854508	-0.992898	-0.034122	0.027801	0.068828	-0.073144	-0.131280	0.988643	-0.420758	0.902821	0.088754	-0.904219	-0.409488	-0.121273
20726	9.654238	0.817404	-0.904356	-0.020079	0.024258	0.069263	-0.073192	-0.130582	0.988732	-0.420508	0.902999	0.088131	-0.904332	-0.409319	-0.121003
20727	9.598976	0.769574	-0.796195	-0.014508	0.016417	0.068554	-0.073306	-0.129923	0.988811	-0.420329	0.903143	0.087506	-0.904406	-0.409211	-0.120816
20728	9.581876	0.683152	-0.762515	0.000949	0.004625	0.070171	-0.073535	-0.129297	0.988876	-0.420267	0.903235	0.086848	-0.904416	-0.409206	-0.120758
20729	9.582350	0.676445	-0.762538	0.016223	-0.003881	0.068449	-0.073832	-0.128720	0.988929	-0.420352	0.903258	0.086186	-0.904352	-0.409335	-0.120798
20730	9.679709	0.713315	-0.768267	0.014242	-0.012500	0.069483	-0.074213	-0.128171	0.988971	-0.420411	0.903294	0.085519	-0.904293	-0.409428	-0.120921
20731	9.623228	0.777367	-0.901735	0.006702	-0.020038	0.069648	-0.074664	-0.127648	0.989005	-0.420405	0.903360	0.084856	-0.904260	-0.409447	-0.121112
20732	9.704165	0.725233	-1.170650	-0.005306	-0.017894	0.073360	-0.075110	-0.127086	0.989044	-0.420283	0.903480	0.084174	-0.904279	-0.409356	-0.121272
20733	9.749225	0.808746	-1.310330	-0.019496	-0.019432	0.071389	-0.075562	-0.126544	0.989079	-0.420037	0.903655	0.083526	-0.904356	-0.409138	-0.121435
20734	9.746638	0.662821	-1.507457	-0.024597	-0.008220	0.070154	-0.075907	-0.125971	0.989126	-0.419743	0.903849	0.082899	-0.904463	-0.408886	-0.121484
20735	9.794470	0.766712	-1.541215	-0.003675	-0.001115	0.062255	-0.076155	-0.125437	0.989174	-0.419649	0.903946	0.082321	-0.904486	-0.408837	-0.121479
20736	9.707086	0.767689	-1.517156	-0.002726	0.009138	0.066716	-0.076328	-0.124824	0.989239	-0.419555	0.904046	0.081702	-0.904515	-0.408804	-0.121374
20737	9.642881	0.789485	-1.337462	0.015132	0.010914	0.061970	-0.076467	-0.124242	0.989301	-0.419620	0.904069	0.081104	-0.904473	-0.408928	-0.121266
20738	9.673115	0.757590	-1.218281	0.024533	0.013547	0.061039	-0.076576	-0.123662	0.989365	-0.419777	0.904050	0.080508	-0.904391	-0.409147	-0.121139
20739	9.669666	0.740593	-1.027057	0.037313	0.009774	0.058676	-0.076712	-0.123115	0.989423	-0.420049	0.903976	0.079915	-0.904253	-0.409476	-0.121061
20740	9.667880	0.680033	-0.942089	0.032368	0.004192	0.057630	-0.076892	-0.122604	0.989472	-0.420280	0.903919	0.079343	-0.904131	-0.409754	-0.121032
20741	9.643768	0.662092	-0.802568	0.035620	-0.003816	0.063006	-0.077169	-0.122074	0.989516	-0.420536	0.903855	0.078710	-0.903988	-0.410054	-0.121087
20742	9.603503	0.674986	-0.834706	0.028341	-0.013031	0.059707	-0.077514	-0.121615	0.989546	-0.420728	0.903817	0.078122	-0.903869	-0.410274	-0.121225
20743	9.635321	0.676490	-0.872966	0.020636	-0.020500	0.063303	-0.077941	-0.121152	0.989569	-0.420856	0.903810	0.077505	-0.903773	-0.410425	-0.121431
20744	9.676125	0.707291	-0.963356	0.003781	-0.029034	0.057600	-0.078421	-0.120778	0.989577	-0.420827	0.903870	0.076968	-0.903745	-0.410405	-0.121709
20745	9.718789	0.715777	-1.090047	-0.008719	-0.035344	0.058305	-0.078963	-0.120419	0.989578	-0.420683	0.903982	0.076435	-0.903764	-0.410263	-0.122040
20746	9.731745	0.694142	-1.216267	-0.013973	-0.037581	0.057351	-0.079520	-0.120082	0.989574	-0.420494	0.904113	0.075922	-0.903804	-0.410072	-0.122389
20747	9.718819	0.816695	-1.334772	-0.029524	-0.032424	0.057591	-0.080029	-0.119721	0.989577	-0.420179	0.904301	0.075423	-0.903905	-0.409764	-0.122675
20748	9.748899	0.699235	-1.465111	-0.046113	-0.025609	0.063329	-0.080503	-0.119280	0.989592	-0.419694	0.904571	0.074890	-0.904089	-0.409296	-0.122881
20749	9.669696	0.654074	-1.445638	-0.036270	-0.016356	0.053687	-0.080852	-0.118887	0.989611	-0.419316	0.904784	0.074438	-0.904233	-0.408941	-0.123004
20750	9.703728	0.599288	-1.330121	-0.013896	-0.014106	0.055286	-0.081187	-0.118471	0.989633	-0.419127	0.904911	0.073945	-0.904290	-0.408779	-0.123121
20751	9.718394	0.641431	-1.243839	0.003699	-0.012331	0.057374	-0.081513	-0.118030	0.989659	-0.419117	0.904960	0.073408	-0.904266	-0.408799	-0.123234
20752	9.712528	0.626493	-1.089009	0.032980	-0.007810	0.052442	-0.081779	-0.117614	0.989686	-0.419354	0.904892	0.072885	-0.904132	-0.409068	-0.123323
20753	9.728446	0.568733	-0.989383	0.061183	-0.008404	0.051429	-0.082049	-0.117207	0.989712	-0.419850	0.904706	0.072334	-0.903877	-0.409596	-0.123440
20754	9.697149	0.555499	-0.954099	0.087244	-0.009194	0.053069	-0.082331	-0.116792	0.989738	-0.420577	0.904416	0.071738	-0.903513	-0.410355	-0.123581
20755	9.583966	0.503808	-0.932343	0.096898	-0.016719	0.050467	-0.082670	-0.116429	0.989752	-0.421399	0.904080	0.071153	-0.903099	-0.411198	-0.123803
20756	9.651231	0.488699	-1.008931	0.112907	-0.018581	0.048266	-0.083017	-0.116096	0.989763	-0.422360	0.903676	0.070573	-0.902618	-0.412178	-0.124055
20757	9.680999	0.512715	-1.012809	0.130131	-0.028689	0.050677	-0.083465	-0.115783	0.989762	-0.423487	0.903198	0.069944	-0.902049	-0.413314	-0.124417
20758	9.727326	0.617181	-1.084840	0.121946	-0.027887	0.047644	-0.083894	-0.115495	0.989759	-0.424529	0.902754	0.069358	-0.901519	-0.414363	-0.124766
20759	9.834844	0.703628	-1.075933	0.101536	-0.038286	0.048664	-0.084420	-0.115240	0.989744	-0.425396	0.902389	0.068784	-0.901061	-0.415227	-0.125202
20760	9.785160	0.864541	-1.123649	0.078853	-0.048789	0.055778	-0.085073	-0.114966	0.989720	-0.426041	0.902132	0.068171	-0.900695	-0.415862	-0.125727
20761	9.604797	0.999356	-1.094032	0.022749	-0.052390	0.061178	-0.085781	-0.114657	0.989695	-0.426186	0.902109	0.067571	-0.900559	-0.415997	-0.126249
20762	9.565664	0.812840	-1.102359	-0.010958	-0.055442	0.071530	-0.086560	-0.114269	0.989672	-0.426008	0.902242	0.066914	-0.900569	-0.415815	-0.126778
20763	9.561185	0.708691	-1.162514	-0.007421	-0.056808	0.071618	-0.087352	-0.113884	0.989646	-0.425869	0.902356	0.066249	-0.900558	-0.415673	-0.127322
20764	9.613221	0.709826	-1.154377	0.014632	-0.059744	0.075067	-0.088185	-0.113482	0.989619	-0.425917	0.902386	0.065525	-0.900454	-0.415717	-0.127911
20765	9.599392	0.797411	-1.121979	0.038752	-0.069300	0.074300	-0.089101	-0.113123	0.989578	-0.426184	0.902315	0.064774	-0.900238	-0.415970	-0.128609
20766	9.636480	0.915625	-1.041338	0.031518	-0.076610	0.082765	-0.090119	-0.112722	0.989531	-0.426375	0.902283	0.063952	-0.900046	-0.416148	-0.129375
20767	9.547416	0.939144	-0.989799	0.013881	-0.089972	0.089349	-0.091287	-0.112314	0.989471	-0.426400	0.902332	0.063084	-0.899916	-0.416152	-0.130261
20768	9.617103	0.719267	-1.011292	0.007061	-0.102308	0.097706	-0.092599	-0.111885	0.989397	-0.426357	0.902418	0.062145	-0.899803	-0.416081	-0.131266
20769	9.538417	0.647649	-1.034610	0.039306	-0.104385	0.101471	-0.093947	-0.111427	0.989322	-0.426598	0.902373	0.061124	-0.899549	-0.416301	-0.132310
20770	9.528441	0.518908	-1.203721	0.073159	-0.101274	0.106087	-0.095286	-0.110919	0.989251	-0.427138	0.902192	0.060015	-0.899151	-0.416828	-0.133344
20771	9.540613	0.512098	-1.266781	0.119858	-0.102177	0.104834	-0.096628	-0.110425	0.989176	-0.428105	0.901811	0.058852	-0.898548	-0.417785	-0.134413
20772	9.616897	0.739313	-1.363137	0.103798	-0.108699	0.108943	-0.098047	-0.109924	0.989092	-0.428914	0.901502	0.057672	-0.898009	-0.418581	-0.135537
20773	9.686124	0.860533	-1.324259	0.047313	-0.113803	0.109773	-0.099514	-0.109434	0.989000	-0.429213	0.901431	0.056557	-0.897704	-0.418864	-0.136676
20774	9.677538	0.798066	-1.319690	-0.015286	-0.129481	0.113625	-0.101140	-0.108979	0.988885	-0.428945	0.901625	0.055492	-0.897651	-0.418565	-0.137936
20775	9.571410	0.640694	-1.188571	-0.067843	-0.127283	0.124402	-0.102792	-0.108412	0.988777	-0.428187	0.902052	0.054390	-0.897825	-0.417791	-0.139144
20776	9.541541	0.422888	-1.100679	-0.058009	-0.138355	0.121675	-0.104530	-0.107919	0.988649	-0.427523	0.902432	0.053305	-0.897941	-0.417098	-0.140469
20777	9.474039	0.445782	-1.003260	-0.027997	-0.147571	0.126418	-0.106371	-0.107418	0.988507	-0.427126	0.902688	0.052130	-0.897913	-0.416672	-0.141901
20778	9.443526	0.626542	-1.008961	0.013589	-0.155813	0.130803	-0.108304	-0.106913	0.988352	-0.427091	0.902777	0.050856	-0.897699	-0.416608	-0.143436
20779	9.353618	0.847215	-1.026175	0.059600	-0.160302	0.138107	-0.110308	-0.106359	0.988190	-0.427461	0.902681	0.049440	-0.897279	-0.416959	-0.145037
20780	9.262080	1.167588	-1.093098	0.093553	-0.169230	0.147680	-0.112433	-0.105759	0.988015	-0.428119	0.902453	0.047882	-0.896701	-0.417604	-0.146743
20781	9.360738	1.000301	-1.245513	0.101014	-0.178841	0.151046	-0.114658	-0.105169	0.987822	-0.428843	0.902193	0.046276	-0.896073	-0.418315	-0.148545
20782	9.513605	0.692486	-1.408035	0.122645	-0.183978	0.149388	-0.116923	-0.104619	0.987615	-0.429752	0.901842	0.044655	-0.895345	-0.419209	-0.150406
20783	9.557471	0.493056	-1.608981	0.145316	-0.175523	0.148728	-0.119107	-0.104039	0.987415	-0.430860	0.901393	0.043003	-0.894524	-0.420316	-0.152189
20784	9.507142	0.128787	-1.751721	0.145161	-0.165490	0.153710	-0.121226	-0.103378	0.987227	-0.431957	0.900948	0.041301	-0.893710	-0.421433	-0.153873
20785	9.640913	-0.162137	-1.856501	0.185430	-0.145473	0.156373	-0.123176	-0.102608	0.987066	-0.433410	0.900331	0.039507	-0.892739	-0.422938	-0.155371
20786	9.631348	-0.109327	-1.832641	0.236057	-0.134934	0.154220	-0.125025	-0.101819	0.986915	-0.435308	0.899494	0.037654	-0.891558	-0.424904	-0.156782
20787	9.604053	0.011389	-1.717759	0.293337	-0.120657	0.148799	-0.126725	-0.101019	0.986781	-0.437715	0.898402	0.035759	-0.890138	-0.427397	-0.158068
20788	9.737374	-0.145859	-1.450485	0.355593	-0.116464	0.134334	-0.128326	-0.100339	0.986643	-0.440690	0.897019	0.033907	-0.888440	-0.430453	-0.159329
20789	9.891669	0.170057	-1.196209	0.413471	-0.131284	0.128995	-0.130036	-0.099776	0.986476	-0.444185	0.895363	0.032009	-0.886448	-0.434015	-0.160748
20790	10.017849	-0.029918	-1.069202	0.323737	-0.136804	0.117621	-0.131746	-0.099346	0.986293	-0.446882	0.894077	0.030364	-0.884839	-0.436756	-0.162187
20791	9.940037	-0.423584	-1.129887	0.300784	-0.150723	0.113577	-0.133562	-0.099016	0.986082	-0.449380	0.892877	0.028790	-0.883300	-0.439280	-0.163750
20792	9.838717	-0.325724	-1.271413	0.262645	-0.153673	0.114914	-0.135411	-0.098694	0.985862	-0.451528	0.891840	0.027263	-0.881922	-0.441452	-0.165328
20793	9.662057	-0.210051	-1.595857	0.225382	-0.148076	0.112287	-0.137198	-0.098371	0.985647	-0.453348	0.890960	0.025817	-0.880711	-0.443299	-0.166834
20794	9.539378	0.107463	-1.821502	0.243015	-0.135207	0.111954	-0.138871	-0.098001	0.985449	-0.455316	0.889997	0.024345	-0.879433	-0.445311	-0.168216
20795	9.373368	0.884624	-1.904995	0.235450	-0.134268	0.110455	-0.140530	-0.097640	0.985250	-0.457217	0.889061	0.022893	-0.878182	-0.447256	-0.169582
20796	9.551661	0.696636	-1.921313	0.156085	-0.122752	0.109416	-0.142083	-0.097244	0.985067	-0.458417	0.888475	0.021588	-0.877306	-0.448504	-0.170815
20797	9.760355	-0.101698	-2.040046	0.227093	-0.108299	0.100147	-0.143467	-0.096863	0.984903	-0.460248	0.887559	0.020247	-0.876121	-0.450395	-0.171917
20798	9.798147	-0.160899	-2.054579	0.328335	-0.107332	0.091808	-0.144805	-0.096560	0.984737	-0.462975	0.886172	0.018815	-0.874463	-0.453184	-0.173027
20799	9.841724	-0.023215	-2.106242	0.352521	-0.099477	0.086604	-0.146051	-0.096268	0.984582	-0.465914	0.884659	0.017385	-0.872693	-0.456192	-0.174058
20800	9.790957	0.176795	-2.008854	0.309121	-0.094014	0.085400	-0.147244	-0.095969	0.984433	-0.468469	0.883334	0.016043	-0.871123	-0.458814	-0.175024
20801	9.780682	0.088326	-1.876898	0.235085	-0.091778	0.090736	-0.148443	-0.095613	0.984288	-0.470369	0.882346	0.014773	-0.869895	-0.460785	-0.175952
20802	9.694966	0.213395	-1.722292	0.243526	-0.094982	0.086702	-0.149652	-0.095313	0.984134	-0.472341	0.881312	0.013528	-0.868618	-0.462823	-0.176910
20803	9.866277	0.322809	-1.495256	0.188661	-0.102059	0.077973	-0.150881	-0.095121	0.983965	-0.473848	0.880519	0.012461	-0.867585	-0.464370	-0.177927
20804	9.972915	-0.189677	-1.403140	0.178370	-0.111566	0.069696	-0.152154	-0.095053	0.983776	-0.475274	0.879763	0.011496	-0.866582	-0.465814	-0.179035
20805	9.869970	-0.234015	-1.279049	0.183835	-0.121845	0.062254	-0.153479	-0.095096	0.983565	-0.476758	0.878971	0.010588	-0.865532	-0.467297	-0.180242
20806	9.644855	-0.119197	-1.145153	0.146281	-0.144742	0.055922	-0.154973	-0.095307	0.983311	-0.477922	0.878347	0.009812	-0.864623	-0.468426	-0.181669
20807	9.542097	-0.235302	-1.091256	0.090248	-0.156532	0.054909	-0.156562	-0.095581	0.983032	-0.478603	0.877984	0.009142	-0.863960	-0.469051	-0.183204
20808	9.510608	-0.244029	-1.067937	0.080221	-0.171104	0.046729	-0.158238	-0.095999	0.982723	-0.479208	0.877660	0.008574	-0.863320	-0.469572	-0.184882
20809	9.550801	-0.344983	-1.243755	0.081324	-0.178030	0.044720	-0.159963	-0.096465	0.982398	-0.479826	0.877327	0.008018	-0.862658	-0.470097	-0.186626
20810	9.448415	-0.118541	-1.411799	0.117686	-0.191640	0.040862	-0.161785	-0.097033	0.982044	-0.480760	0.876821	0.007434	-0.861798	-0.470925	-0.188507
20811	9.455682	0.094126	-1.682489	0.135821	-0.197688	0.038903	-0.163649	-0.097646	0.981674	-0.481854	0.876225	0.006830	-0.860834	-0.471906	-0.190444
20812	9.480273	0.063207	-1.896483	0.142451	-0.205940	0.041021	-0.165593	-0.098285	0.981284	-0.482998	0.875600	0.006193	-0.859821	-0.472933	-0.192464
20813	9.466198	-0.068254	-1.963238	0.157583	-0.219170	0.035672	-0.167622	-0.099032	0.980865	-0.484280	0.874895	0.005573	-0.858706	-0.474079	-0.194611
20814	9.370555	0.163562	-1.823225	0.176003	-0.230301	0.037127	-0.169752	-0.099826	0.980418	-0.485714	0.874104	0.004903	-0.857477	-0.475370	-0.196868
20815	9.245498	0.787615	-1.590849	0.140776	-0.247494	0.043476	-0.172058	-0.100645	0.979932	-0.486833	0.873485	0.004233	-0.856382	-0.476335	-0.199287
20816	9.416059	0.387472	-1.450896	0.027178	-0.268447	0.056946	-0.174607	-0.101451	0.979398	-0.486953	0.873420	0.003659	-0.855797	-0.476282	-0.201908
20817	9.548572	-0.289148	-1.418577	0.007518	-0.283623	0.050333	-0.177252	-0.102383	0.978825	-0.486917	0.873442	0.003186	-0.855274	-0.476042	-0.204672
