// General information: 
//  MT Manager version: 2022.2.0 
//  XDA version: 2022.2.0 build 7381 rev 124627 built on 2023-07-19
// Device information: 
//  DeviceId: 00B4CB9F
//  ProductCode: MTW2-3A7G6
//  Firmware Version: 4.6.0
//  Hardware Version: 2.0.0
// Device settings: 
//  Filter Profile: human(46.1)
//  Option Flags: Orientation Smoother Disabled, Position/Velocity Smoother Disabled, Continuous Zero Rotation Update Disabled, AHS Disabled, ICC Disabled
// Coordinate system: ENU
PacketCounter	Acc_X	Acc_Y	Acc_Z	Gyr_X	Gyr_Y	Gyr_Z	Mat[1][1]	Mat[2][1]	Mat[3][1]	Mat[1][2]	Mat[2][2]	Mat[3][2]	Mat[1][3]	Mat[2][3]	Mat[3][3]
42266	9.700628	-1.048551	-0.908636	-0.001915	0.008400	-0.007560	-0.053643	0.131150	0.989910	0.249684	0.961609	-0.113870	-0.966840	0.241056	-0.084330
42267	9.700809	-1.047555	-0.907853	-0.006733	0.008681	-0.012147	-0.053699	0.131077	0.989917	0.249782	0.961594	-0.113777	-0.966812	0.241154	-0.084377
42268	9.777534	-1.117576	-0.938307	-0.006195	0.011957	-0.012998	-0.053649	0.130967	0.989934	0.249853	0.961588	-0.113676	-0.966796	0.241239	-0.084311
42269	9.608347	-1.144158	-0.983220	-0.004932	0.009907	-0.011908	-0.053568	0.130885	0.989949	0.250471	0.961441	-0.113562	-0.966641	0.241870	-0.084285
42270	9.911233	-1.114836	-0.687928	0.012047	0.016295	-0.010833	-0.053472	0.130785	0.989968	0.250366	0.961475	-0.113498	-0.966673	0.241785	-0.084156
42271	9.646849	-1.059672	-0.886153	0.016023	0.001539	-0.004771	-0.053553	0.130783	0.989964	0.250258	0.961505	-0.113485	-0.966697	0.241669	-0.084221
42272	9.639088	-1.079904	-0.895349	-0.003696	0.016563	-0.007243	-0.053445	0.130717	0.989978	0.250308	0.961497	-0.113443	-0.966690	0.241736	-0.084106
42273	9.637766	-1.100629	-0.849909	-0.002577	0.012469	0.002905	-0.053656	0.130684	0.989971	0.248748	0.961896	-0.113496	-0.967081	0.240164	-0.084118
42274	9.735083	-1.151752	-0.762201	0.010525	-0.003501	0.000551	-0.053722	0.130741	0.989960	0.248664	0.961912	-0.113543	-0.967099	0.240067	-0.084187
42275	9.683379	-1.185729	-0.887309	0.011057	0.017875	0.003833	-0.053640	0.130812	0.989955	0.248723	0.961887	-0.113626	-0.967088	0.240130	-0.084131
42276	9.699282	-1.144524	-0.865529	0.011341	0.010634	0.000587	-0.053570	0.130835	0.989956	0.248631	0.961905	-0.113674	-0.967116	0.240044	-0.084058
42277	9.790877	-1.125721	-0.797630	0.016249	0.020766	0.001204	-0.053649	0.130772	0.989960	0.247160	0.962278	-0.113720	-0.967488	0.238578	-0.083947
42278	9.626042	-1.091214	-0.974857	0.018708	-0.002455	0.003786	-0.053698	0.130857	0.989946	0.246998	0.962310	-0.113806	-0.967527	0.238404	-0.083996
42279	9.743057	-1.107597	-1.031906	0.008863	0.015414	-0.004615	-0.053678	0.130803	0.989954	0.246683	0.962393	-0.113786	-0.967608	0.238097	-0.083926
42280	9.653876	-1.035588	-1.107971	0.008843	0.006023	-0.005169	-0.053667	0.130783	0.989957	0.246611	0.962413	-0.113775	-0.967627	0.238029	-0.083902
42281	9.624486	-1.027371	-1.159241	-0.000647	-0.002704	-0.008536	-0.053658	0.130800	0.989956	0.247581	0.962171	-0.113709	-0.967380	0.238993	-0.084011
42282	9.692421	-1.069447	-1.123023	-0.006424	0.010821	-0.014845	-0.053624	0.130675	0.989974	0.247652	0.962167	-0.113590	-0.967364	0.239078	-0.083957
42283	9.661488	-1.022061	-1.074660	-0.006211	0.002559	-0.013560	-0.053685	0.130634	0.989976	0.248193	0.962040	-0.113488	-0.967222	0.239613	-0.084070
42284	9.707096	-1.045908	-1.057956	-0.012618	0.002397	-0.015042	-0.053733	0.130527	0.989988	0.248324	0.962021	-0.113362	-0.967185	0.239747	-0.084106
42285	9.728104	-1.083514	-0.994245	-0.011691	0.006909	-0.007686	-0.053562	0.130551	0.989994	0.249851	0.961634	-0.113293	-0.966802	0.241282	-0.084125
42286	9.731042	-1.194785	-0.884400	-0.002014	0.007036	-0.001524	-0.053532	0.130563	0.989994	0.249886	0.961622	-0.113309	-0.966794	0.241320	-0.084103
42287	9.700681	-1.138446	-0.857827	0.009511	0.009070	0.001860	-0.053691	0.130579	0.989983	0.248894	0.961872	-0.113373	-0.967041	0.240314	-0.084144
42288	9.693355	-1.089827	-0.834267	0.023620	-0.001365	0.002344	-0.053733	0.130649	0.989972	0.248684	0.961918	-0.113448	-0.967093	0.240094	-0.084177
42289	9.716956	-1.028029	-0.803704	0.022307	0.000005	0.004272	-0.053863	0.130719	0.989955	0.248138	0.962049	-0.113533	-0.967226	0.239530	-0.084255
42290	9.695297	-1.000560	-0.844885	0.014490	-0.000147	0.010755	-0.053872	0.130867	0.989935	0.248020	0.962061	-0.113684	-0.967256	0.239399	-0.084286
42291	9.670792	-1.074328	-0.853095	0.011195	-0.000453	0.007585	-0.054019	0.130963	0.989914	0.247455	0.962194	-0.113792	-0.967392	0.238812	-0.084384
42292	9.711302	-1.079292	-0.934707	0.006613	0.000951	0.004832	-0.054032	0.131051	0.989902	0.247410	0.962195	-0.113879	-0.967403	0.238759	-0.084413
42293	9.756697	-1.105175	-0.917797	0.002495	0.004612	0.005755	-0.054089	0.131136	0.989888	0.247253	0.962226	-0.113961	-0.967440	0.238588	-0.084470
42294	9.750331	-1.105588	-0.971373	0.001488	0.008130	0.004992	-0.054032	0.131208	0.989881	0.247258	0.962215	-0.114045	-0.967442	0.238594	-0.084433
42295	9.711281	-1.080827	-0.933150	-0.003912	0.004451	0.004272	-0.054083	0.131295	0.989867	0.247295	0.962197	-0.114114	-0.967430	0.238618	-0.084507
42296	9.696245	-1.112331	-0.975207	-0.005993	0.001416	0.005213	-0.054091	0.131386	0.989855	0.247372	0.962168	-0.114193	-0.967409	0.238686	-0.084546
42297	9.719326	-1.119805	-0.978002	-0.005094	-0.001532	-0.003411	-0.054255	0.131359	0.989849	0.246946	0.962281	-0.114165	-0.967509	0.238245	-0.084647
42298	9.694745	-1.132840	-0.931295	-0.003269	0.000034	-0.004681	-0.054301	0.131358	0.989847	0.246991	0.962271	-0.114149	-0.967495	0.238285	-0.084696
42299	9.679586	-1.104240	-0.918426	-0.001494	0.000921	-0.002931	-0.054624	0.131315	0.989835	0.245557	0.962637	-0.114156	-0.967842	0.236825	-0.084828
42300	9.732926	-1.108472	-0.891787	-0.000463	-0.002257	-0.003677	-0.054689	0.131329	0.989829	0.245575	0.962633	-0.114152	-0.967834	0.236835	-0.084897
42301	9.718544	-1.069276	-0.900938	-0.001164	0.003409	-0.007131	-0.054875	0.131238	0.989831	0.244734	0.962854	-0.114094	-0.968036	0.235984	-0.084955
42302	9.702674	-1.051017	-0.865533	-0.001988	0.007375	-0.003036	-0.054846	0.131235	0.989833	0.244767	0.962846	-0.114095	-0.968030	0.236021	-0.084930
42303	9.663110	-1.095555	-0.860372	-0.005175	0.006499	0.003180	-0.054535	0.131429	0.989824	0.247148	0.962231	-0.114149	-0.967442	0.238408	-0.084958
42304	9.707793	-1.131409	-0.821339	-0.005894	0.002774	-0.000826	-0.054545	0.131458	0.989820	0.247221	0.962210	-0.114168	-0.967423	0.238477	-0.084983
42305	9.701460	-1.131399	-0.875187	-0.006744	0.006401	0.004778	-0.054533	0.131529	0.989811	0.247398	0.962157	-0.114225	-0.967378	0.238648	-0.085010
42306	9.699161	-1.163232	-0.808375	0.003031	0.007888	0.004906	-0.054479	0.131602	0.989805	0.247387	0.962150	-0.114308	-0.967384	0.238638	-0.084974
42307	9.653764	-1.138347	-0.824099	0.007943	0.008970	0.003460	-0.054770	0.131568	0.989793	0.245399	0.962651	-0.114381	-0.967874	0.236629	-0.085011
42308	9.661099	-1.187833	-0.846290	0.005836	0.005596	0.005909	-0.054736	0.131655	0.989783	0.245361	0.962649	-0.114477	-0.967885	0.236588	-0.084995
42309	9.686495	-1.164424	-0.914673	0.006893	0.002758	0.003653	-0.054929	0.131662	0.989772	0.244252	0.962924	-0.114535	-0.968155	0.235462	-0.085051
42310	9.671275	-1.136638	-0.901404	0.002518	0.004951	0.004247	-0.054906	0.131735	0.989763	0.244245	0.962917	-0.114612	-0.968158	0.235452	-0.085045
42311	9.688010	-1.144290	-0.958197	0.001237	-0.002389	0.002602	-0.054798	0.131895	0.989748	0.245728	0.962533	-0.114663	-0.967789	0.236925	-0.085155
42312	9.744391	-1.107230	-1.019629	0.008231	0.001727	0.000217	-0.054816	0.131937	0.989741	0.245664	0.962545	-0.114705	-0.967804	0.236856	-0.085174
42313	9.773887	-1.114550	-0.967694	0.003982	0.005619	-0.006738	-0.055088	0.131824	0.989741	0.244134	0.962938	-0.114666	-0.968176	0.235313	-0.085229
42314	9.719216	-1.129988	-0.949603	0.001252	0.008929	-0.012272	-0.055066	0.131728	0.989755	0.244130	0.962950	-0.114578	-0.968178	0.235320	-0.085185
42315	9.726534	-1.118465	-0.916617	-0.000548	0.007703	-0.012513	-0.055035	0.131654	0.989767	0.244580	0.962848	-0.114473	-0.968066	0.235777	-0.085190
42316	9.719638	-1.127752	-0.947942	0.003000	0.009477	-0.009011	-0.055000	0.131588	0.989778	0.244562	0.962859	-0.114420	-0.968073	0.235769	-0.085139
42317	9.711674	-1.088417	-0.902152	0.005550	0.005717	-0.008335	-0.055138	0.131517	0.989779	0.243980	0.963013	-0.114369	-0.968211	0.235181	-0.085186
42318	9.679288	-1.122109	-0.864589	0.003435	0.011394	-0.003824	-0.055072	0.131497	0.989786	0.243960	0.963018	-0.114366	-0.968220	0.235170	-0.085115
42319	9.631136	-1.197462	-0.847449	0.001901	0.002585	-0.005798	-0.055108	0.131508	0.989782	0.244299	0.962935	-0.114340	-0.968133	0.235502	-0.085193
42320	9.686041	-1.180916	-0.864376	0.014916	0.003700	0.000526	-0.055106	0.131548	0.989777	0.244170	0.962962	-0.114390	-0.968165	0.235370	-0.085185
42321	9.639069	-1.176744	-0.836493	0.022353	0.000686	0.001269	-0.055406	0.131546	0.989760	0.242592	0.963353	-0.114456	-0.968545	0.233767	-0.085288
42322	9.639836	-1.166712	-0.858173	0.027213	0.001090	0.002845	-0.055424	0.131614	0.989750	0.242345	0.963405	-0.114540	-0.968606	0.233513	-0.085292
42323	9.609317	-1.110985	-0.832268	0.026880	-0.001395	0.007046	-0.055509	0.131730	0.989730	0.242076	0.963459	-0.114657	-0.968668	0.233226	-0.085370
42324	9.626030	-1.119060	-0.889203	0.024620	-0.004881	0.003130	-0.055584	0.131815	0.989715	0.241854	0.963505	-0.114742	-0.968719	0.232989	-0.085436
42325	9.679997	-1.113708	-0.884850	0.025626	-0.008398	0.003897	-0.055783	0.131887	0.989694	0.241232	0.963651	-0.114820	-0.968863	0.232341	-0.085571
42326	9.719028	-1.139393	-0.922647	0.023382	-0.002495	0.000526	-0.055841	0.131941	0.989683	0.241021	0.963697	-0.114878	-0.968912	0.232119	-0.085614
42327	9.679354	-1.184324	-0.918121	0.012271	-0.002948	0.003831	-0.055952	0.132013	0.989668	0.240768	0.963752	-0.114944	-0.968969	0.231849	-0.085709
42328	9.911103	-1.332059	-0.736297	0.020524	-0.000881	0.002539	-0.055990	0.132083	0.989656	0.240585	0.963789	-0.115019	-0.969012	0.231657	-0.085740
42329	9.800801	-1.351698	-0.964876	0.035206	0.001687	0.001225	-0.056193	0.132116	0.989640	0.239505	0.964048	-0.115101	-0.969268	0.230555	-0.085815
42330	9.765659	-1.274959	-1.036580	0.041650	0.011579	0.001745	-0.056112	0.132150	0.989640	0.239116	0.964135	-0.115186	-0.969368	0.230175	-0.085699
42331	9.895667	-1.162421	-0.896505	0.057650	0.003719	-0.003539	-0.056235	0.132168	0.989631	0.238365	0.964314	-0.115242	-0.969546	0.229413	-0.085732
42332	9.723023	-1.089880	-1.029469	0.063563	0.001283	-0.004210	-0.056268	0.132168	0.989629	0.237761	0.964458	-0.115288	-0.969693	0.228808	-0.085692
42333	9.679245	-1.043919	-1.089826	0.048701	-0.001744	-0.007751	-0.056415	0.132100	0.989630	0.236920	0.964668	-0.115262	-0.969890	0.227961	-0.085719
42334	9.698923	-0.949959	-1.180543	0.048017	-0.014198	-0.015299	-0.056624	0.132028	0.989627	0.236460	0.964790	-0.115185	-0.969990	0.227485	-0.085850
42335	9.722993	-0.816581	-1.118845	0.044417	-0.016653	-0.015774	-0.056872	0.131932	0.989626	0.236041	0.964906	-0.115072	-0.970077	0.227048	-0.086018
42336	9.740699	-0.683081	-1.111822	0.023362	-0.019054	-0.017457	-0.057134	0.131850	0.989622	0.235818	0.964974	-0.114952	-0.970116	0.226803	-0.086225
42337	9.780708	-0.566876	-1.085602	-0.025205	-0.015641	-0.017253	-0.057702	0.131712	0.989607	0.234426	0.965330	-0.114812	-0.970420	0.225365	-0.086578
42338	9.801771	-0.662471	-1.078391	-0.073703	-0.011226	-0.021573	-0.057898	0.131572	0.989614	0.235142	0.965185	-0.114568	-0.970235	0.226066	-0.086820
42339	9.828047	-0.837560	-1.027739	-0.101971	-0.009489	-0.022158	-0.058257	0.131338	0.989624	0.235043	0.965245	-0.114266	-0.970237	0.225948	-0.087102
42340	9.847818	-0.952930	-0.976522	-0.109116	-0.004337	-0.025589	-0.058395	0.131145	0.989642	0.236100	0.965024	-0.113951	-0.969973	0.227000	-0.087316
42341	9.807766	-1.004111	-0.951080	-0.105436	-0.000532	-0.031140	-0.058464	0.130911	0.989669	0.237681	0.964682	-0.113565	-0.969582	0.228586	-0.087515
42342	9.835677	-1.097792	-0.889489	-0.102241	0.000678	-0.038855	-0.058586	0.130578	0.989706	0.238663	0.964491	-0.113124	-0.969334	0.229578	-0.087670
42343	9.832783	-1.204710	-0.835043	-0.102526	0.008260	-0.037115	-0.058933	0.130181	0.989737	0.238110	0.964677	-0.112707	-0.969449	0.229024	-0.087848
42344	9.709585	-1.407662	-0.667987	-0.075556	-0.001140	-0.036669	-0.059067	0.129873	0.989770	0.238833	0.964544	-0.112310	-0.969263	0.229756	-0.087991
42345	9.639118	-1.755192	-0.540969	-0.027000	-0.005174	-0.033898	-0.059608	0.129465	0.989791	0.236763	0.965093	-0.111976	-0.969737	0.227671	-0.088180
42346	9.725301	-1.945371	-0.387033	0.041431	-0.003704	-0.035076	-0.059763	0.129178	0.989819	0.236352	0.965226	-0.111698	-0.969828	0.227271	-0.088216
42347	9.653649	-1.962403	-0.289111	0.112824	0.004988	-0.028324	-0.060048	0.128901	0.989838	0.234202	0.965766	-0.111558	-0.970332	0.225123	-0.088181
42348	9.794617	-1.913828	-0.313164	0.174926	0.005732	-0.021578	-0.060079	0.128723	0.989859	0.232503	0.966180	-0.111532	-0.970738	0.223444	-0.087976
42349	10.027851	-1.765631	-0.258154	0.228954	0.026228	-0.026010	-0.060027	0.128479	0.989894	0.230140	0.966747	-0.111519	-0.971304	0.221121	-0.087599
42350	10.141068	-1.642113	-0.054473	0.271349	0.053038	-0.028753	-0.059614	0.128127	0.989964	0.227498	0.967374	-0.111504	-0.971952	0.218568	-0.086818
42351	10.056331	-1.681621	0.230387	0.301174	0.069687	-0.019243	-0.058577	0.127998	0.990043	0.227779	0.967299	-0.111580	-0.971949	0.218975	-0.085817
42352	10.424161	-1.859319	0.819444	0.367774	0.098938	-0.015587	-0.057687	0.127675	0.990137	0.224206	0.968111	-0.111772	-0.972833	0.215547	-0.084473
42353	10.716938	-2.051153	1.272014	0.463190	0.168169	-0.006785	-0.056118	0.127296	0.990276	0.219763	0.969089	-0.112119	-0.973938	0.211334	-0.082359
42354	11.034535	-2.053111	1.929829	0.559306	0.272289	-0.006141	-0.053515	0.126711	0.990495	0.214320	0.970258	-0.112543	-0.975296	0.206261	-0.079080
42355	11.204888	-2.173048	2.621980	0.643234	0.389684	0.000774	-0.050032	0.125913	0.990779	0.206364	0.971917	-0.113095	-0.977195	0.198803	-0.074611
42356	11.235950	-2.500759	3.233018	0.747412	0.525918	0.014615	-0.044896	0.125069	0.991132	0.199073	0.973354	-0.113808	-0.978956	0.192198	-0.068598
42357	11.166770	-2.793845	3.633393	0.883813	0.650464	0.021062	-0.038546	0.124123	0.991518	0.190592	0.974952	-0.114640	-0.980912	0.184557	-0.061237
42358	10.976751	-2.717960	3.772905	1.034720	0.752084	0.019933	-0.031162	0.123006	0.991917	0.180449	0.976784	-0.115460	-0.983091	0.175392	-0.052635
42359	10.724016	-2.056564	3.728394	1.157683	0.851024	-0.023638	-0.022637	0.121386	0.992347	0.170612	0.978510	-0.115802	-0.985078	0.166685	-0.042860
42360	10.480935	-1.101694	3.577405	1.174711	0.918841	-0.110945	-0.013798	0.118856	0.992816	0.159019	0.980534	-0.115176	-0.987179	0.156287	-0.032430
42361	10.226136	-0.166952	3.266966	1.114615	0.975137	-0.182310	-0.004549	0.115620	0.993283	0.147280	0.982539	-0.113695	-0.989084	0.145774	-0.021498
42362	10.183341	0.760975	3.111215	0.981162	0.994226	-0.221366	0.004936	0.112076	0.993687	0.137580	0.984174	-0.111686	-0.990478	0.137262	-0.010561
42363	10.659399	1.374598	3.093017	0.804973	1.023351	-0.211792	0.014569	0.108667	0.993971	0.127760	0.985727	-0.109638	-0.991698	0.128587	0.000478
42364	10.868705	2.109435	2.600647	0.623179	1.010911	-0.159293	0.024357	0.105861	0.994083	0.121618	0.986678	-0.108053	-0.992278	0.123531	0.011158
42365	11.302919	2.859146	2.065219	0.363048	0.983696	-0.125515	0.034115	0.103380	0.994057	0.119321	0.987100	-0.106752	-0.992269	0.122253	0.021340
42366	12.227768	3.103114	1.750673	-0.001706	1.044558	-0.122324	0.044291	0.100929	0.993907	0.119394	0.987218	-0.105571	-0.991859	0.123343	0.031674
42367	12.500409	2.739778	1.078321	-0.413323	1.182080	-0.081118	0.056010	0.098595	0.993550	0.124747	0.986623	-0.104940	-0.990606	0.129820	0.042961
42368	12.301191	2.230103	0.675555	-0.777884	1.268748	-0.024698	0.068495	0.096688	0.992955	0.132469	0.985598	-0.105109	-0.988818	0.138735	0.054700
42369	11.872583	1.706617	0.415985	-1.079517	1.343017	-0.004488	0.081752	0.094686	0.992145	0.142838	0.984087	-0.105687	-0.986364	0.150356	0.066926
42370	11.352324	1.217377	0.270740	-1.311761	1.384106	0.012686	0.095362	0.092672	0.991120	0.155752	0.982005	-0.106806	-0.983182	0.164555	0.079212
42371	10.868287	0.602041	0.191515	-1.465463	1.385479	0.021674	0.109284	0.090169	0.989912	0.172867	0.978978	-0.108257	-0.978864	0.182954	0.091400
42372	10.164545	0.201670	-0.121531	-1.559360	1.363765	0.062563	0.122679	0.088215	0.988518	0.188031	0.975935	-0.110427	-0.974471	0.199420	0.103139
42373	10.292443	-0.920466	-0.459520	-1.652167	1.346828	0.086697	0.135890	0.086304	0.986958	0.203564	0.972511	-0.113069	-0.969585	0.216274	0.114587
42374	10.064612	-1.892524	-0.858087	-1.626765	1.337992	0.124902	0.149055	0.084553	0.985207	0.219121	0.968743	-0.116291	-0.964245	0.233214	0.125869
42375	9.970135	-3.121689	-0.858749	-1.516195	1.356149	0.176902	0.162469	0.082997	0.983217	0.233267	0.964980	-0.120004	-0.958744	0.248849	0.137419
42376	10.121253	-4.426354	-0.574990	-1.284888	1.395090	0.233178	0.176329	0.081722	0.980933	0.245161	0.961498	-0.124172	-0.953312	0.262381	0.149505
42377	10.020464	-5.528733	-0.519628	-0.917866	1.415914	0.287174	0.190450	0.080776	0.978368	0.252916	0.958930	-0.128404	-0.948558	0.271899	0.162199
42378	9.874833	-6.049884	-0.456694	-0.454903	1.413124	0.320416	0.204609	0.080010	0.975568	0.256592	0.957417	-0.132337	-0.944614	0.277400	0.175366
42379	9.353620	-6.008995	-0.432793	0.027815	1.421417	0.329833	0.218977	0.078879	0.972536	0.257158	0.956822	-0.135506	-0.941232	0.279768	0.189238
42380	8.846641	-5.345333	-0.126557	0.471045	1.423797	0.317306	0.233138	0.078002	0.969310	0.252014	0.957877	-0.137697	-0.939221	0.276382	0.203660
42381	8.493494	-4.521319	0.199954	0.800571	1.408758	0.295548	0.247411	0.076020	0.965924	0.247704	0.958826	-0.138908	-0.936713	0.273631	0.218394
42382	8.227101	-3.663975	0.387924	1.027729	1.385490	0.284528	0.261038	0.075066	0.962405	0.237361	0.961372	-0.139366	-0.935691	0.264818	0.233137
42383	7.861331	-3.041207	0.513682	1.152210	1.370588	0.269144	0.274614	0.073598	0.958734	0.227757	0.963714	-0.139218	-0.934192	0.256589	0.247887
42384	7.415129	-2.730939	0.603943	1.201761	1.346931	0.242788	0.287694	0.072601	0.954967	0.215856	0.966551	-0.138510	-0.933080	0.245983	0.262399
42385	6.936570	-2.662739	0.775350	1.233490	1.318187	0.195171	0.300540	0.070906	0.951130	0.205026	0.969116	-0.137032	-0.931472	0.236190	0.276721
42386	6.645817	-2.658024	0.836506	1.259409	1.263754	0.116765	0.312501	0.069169	0.947396	0.192947	0.971933	-0.134605	-0.930116	0.224861	0.290384
42387	6.544016	-2.539520	0.931854	1.305793	1.187195	0.037278	0.323827	0.066086	0.943806	0.183280	0.974279	-0.131104	-0.928194	0.215435	0.303385
42388	6.573192	-2.274628	1.021319	1.354831	1.086992	-0.025530	0.333829	0.063605	0.940485	0.170797	0.977125	-0.126708	-0.927031	0.202931	0.315329
42389	6.883260	-2.020347	1.138338	1.390372	0.982250	-0.075048	0.343052	0.059921	0.937403	0.161100	0.979423	-0.121563	-0.925398	0.192718	0.326339
42390	7.126225	-1.794964	1.174134	1.432282	0.898390	-0.106866	0.351160	0.057244	0.934564	0.148224	0.982144	-0.115853	-0.924508	0.179208	0.336405
42391	7.155079	-1.401056	1.275966	1.467290	0.820016	-0.122215	0.358760	0.053823	0.931877	0.137187	0.984455	-0.109675	-0.923293	0.167189	0.345800
42392	7.108654	-1.012494	1.408130	1.480721	0.748698	-0.135160	0.365458	0.051333	0.929412	0.124012	0.986892	-0.103271	-0.922530	0.153000	0.354301
42393	6.996412	-0.790073	1.689215	1.476972	0.668128	-0.122691	0.371547	0.048755	0.927133	0.111866	0.988994	-0.096838	-0.921650	0.139694	0.362003
42394	6.986748	-0.558796	2.039310	1.484792	0.572302	-0.103775	0.376673	0.047009	0.925153	0.098575	0.991007	-0.090489	-0.921086	0.125282	0.368652
42395	7.165971	-0.301831	2.593382	1.500247	0.471222	-0.077159	0.380962	0.045808	0.923455	0.084460	0.992872	-0.084094	-0.920725	0.110032	0.374378
42396	7.403676	-0.033939	3.051582	1.518928	0.375777	-0.046582	0.384348	0.044997	0.922091	0.070656	0.994448	-0.077979	-0.920481	0.095122	0.379034
42397	7.492669	0.294941	3.491559	1.522354	0.275509	-0.013153	0.387057	0.043688	0.921020	0.059039	0.995653	-0.072039	-0.920164	0.082259	0.382795
42398	7.638036	0.564723	3.867978	1.507756	0.172942	0.008574	0.388614	0.043680	0.920365	0.045132	0.996774	-0.066363	-0.920295	0.067328	0.385389
42399	7.986017	0.931601	4.271716	1.483801	0.087146	0.010669	0.389516	0.043273	0.920003	0.032512	0.997627	-0.060689	-0.920446	0.053550	0.387185
42400	8.431255	1.316575	4.513891	1.443656	0.017578	-0.011911	0.389635	0.043182	0.919956	0.019269	0.998299	-0.055020	-0.920768	0.039165	0.388140
42401	9.000340	1.706889	4.776745	1.387899	-0.012296	-0.037096	0.389563	0.042535	0.920017	0.007319	0.998758	-0.049275	-0.920971	0.025929	0.388768
42402	9.676831	2.075469	5.079493	1.319093	0.012668	-0.062970	0.389639	0.041938	0.920013	-0.004582	0.999039	-0.043600	-0.920956	0.012772	0.389456
42403	10.023463	2.305622	5.045612	1.206229	0.084967	-0.082468	0.390379	0.041315	0.919727	-0.015939	0.999146	-0.038117	-0.920516	0.000221	0.390704
42404	9.787300	2.580962	4.925265	1.034003	0.123083	-0.077470	0.391486	0.040580	0.919289	-0.025149	0.999126	-0.033394	-0.919840	-0.010046	0.392165
42405	9.209135	2.739802	4.891895	0.796287	0.129152	-0.047363	0.392589	0.040547	0.918820	-0.033393	0.998997	-0.029818	-0.919108	-0.018976	0.393549
42406	8.665024	2.605503	4.939786	0.548723	0.094575	-0.003717	0.393418	0.040563	0.918464	-0.038419	0.998879	-0.027658	-0.918557	-0.024405	0.394535
42407	8.165281	2.564545	4.724932	0.326673	0.039345	0.045093	0.393637	0.041553	0.918326	-0.042973	0.998718	-0.026770	-0.918261	-0.028925	0.394918
42408	7.771602	2.539257	4.428153	0.091014	-0.057765	0.081713	0.393029	0.042384	0.918549	-0.044129	0.998656	-0.027198	-0.918466	-0.029845	0.394371
42409	7.464230	2.510270	4.256468	-0.149365	-0.159584	0.123179	0.391442	0.043708	0.919164	-0.043552	0.998632	-0.028939	-0.919172	-0.028704	0.392810
42410	8.050938	2.153584	4.790517	-0.373307	-0.200447	0.158966	0.389490	0.045273	0.919918	-0.040739	0.998660	-0.031900	-0.920129	-0.025052	0.390812
42411	7.984115	1.343871	4.774443	-0.536339	-0.239657	0.218693	0.387142	0.047581	0.920792	-0.037152	0.998662	-0.035984	-0.921271	-0.020278	0.388392
42412	7.797948	0.811372	4.988786	-0.620368	-0.286540	0.281702	0.384361	0.050377	0.921807	-0.032518	0.998629	-0.041016	-0.922610	-0.014211	0.385472
42413	7.279148	0.444217	5.000643	-0.678987	-0.399573	0.335596	0.380529	0.053772	0.923205	-0.027801	0.998522	-0.046699	-0.924351	-0.007895	0.381461
42414	6.988238	0.028050	4.660351	-0.712918	-0.602931	0.370818	0.374813	0.057480	0.925317	-0.022602	0.998346	-0.052861	-0.926825	-0.001101	0.375492
42415	6.971701	-0.634217	3.837221	-0.729849	-0.812737	0.380335	0.367065	0.061595	0.928154	-0.017996	0.998089	-0.059119	-0.930021	0.004997	0.367472
42416	7.792684	-1.345578	2.696155	-0.713158	-1.058731	0.402181	0.357095	0.065729	0.931753	-0.012804	0.997772	-0.065479	-0.933980	0.011452	0.357141
42417	10.408073	-1.595907	2.730287	-0.684230	-1.111680	0.344629	0.346606	0.069331	0.935445	-0.007495	0.997438	-0.071148	-0.937981	0.017649	0.346237
42418	12.788281	-1.994561	3.617040	-0.581924	-0.915781	0.259215	0.337946	0.072136	0.938397	-0.002913	0.997134	-0.075602	-0.941161	0.022816	0.337188
42419	13.299361	-2.218447	4.782283	-0.374066	-0.591372	0.227798	0.332309	0.074614	0.940215	-0.000246	0.996873	-0.079023	-0.943171	0.026029	0.331288
42420	11.908455	-1.823883	5.268046	-0.156144	-0.373860	0.252469	0.328739	0.077264	0.941255	0.000396	0.996636	-0.081949	-0.944421	0.027312	0.327603
42421	9.960587	-1.101394	4.709062	-0.078451	-0.380255	0.293905	0.325098	0.080325	0.942263	0.000193	0.996381	-0.085005	-0.945680	0.027817	0.323906
42422	8.191048	-0.376001	3.096394	-0.125555	-0.541453	0.320130	0.319932	0.083701	0.943736	0.000352	0.996079	-0.088463	-0.947440	0.028634	0.318648
42423	8.109874	0.097398	2.107518	-0.215843	-0.691464	0.289225	0.313231	0.087040	0.945680	0.000802	0.995766	-0.091915	-0.949677	0.029549	0.311835
42424	8.792083	-0.679411	2.175898	-0.301365	-0.694954	0.320346	0.306588	0.090477	0.947533	0.002677	0.995386	-0.095913	-0.951839	0.031943	0.304931
42425	9.755318	-2.342906	2.786004	-0.211683	-0.658548	0.420724	0.300231	0.094984	0.949126	0.003215	0.994923	-0.100584	-0.953861	0.033250	0.298402
42426	10.981196	-3.203347	2.805846	0.043855	-0.628749	0.472953	0.294197	0.099929	0.950506	0.001394	0.994473	-0.104983	-0.955744	0.032211	0.292432
42427	11.450532	-2.301102	2.268557	0.300445	-0.576516	0.413975	0.288606	0.104212	0.951760	-0.002267	0.994130	-0.108164	-0.957445	0.029060	0.287148
42428	10.679130	-0.287575	1.698846	0.418584	-0.545907	0.319315	0.283318	0.107566	0.952975	-0.007187	0.993900	-0.110049	-0.958999	0.024330	0.282363
42429	9.640827	1.692573	1.592641	0.362054	-0.587882	0.265513	0.277471	0.110551	0.954352	-0.011876	0.993676	-0.111653	-0.960661	0.019646	0.277029
42430	8.989242	2.995950	1.367419	0.072312	-0.631285	0.258258	0.271326	0.113270	0.955799	-0.013276	0.993397	-0.113957	-0.962396	0.018230	0.271038
42431	8.788251	3.158391	0.923035	-0.373768	-0.675756	0.291502	0.264631	0.116458	0.957292	-0.010889	0.992979	-0.117790	-0.964288	0.020747	0.264041
42432	9.115804	2.252151	0.827808	-0.817404	-0.681624	0.351868	0.257983	0.120152	0.958649	-0.003914	0.992359	-0.123323	-0.966142	0.028063	0.256482
42433	9.247777	0.428038	0.761694	-1.135651	-0.683090	0.446149	0.251230	0.124941	0.959830	0.005578	0.991431	-0.130515	-0.967911	0.038143	0.248380
42434	8.918841	-1.597233	0.374058	-1.298647	-0.753586	0.526608	0.243946	0.130526	0.960965	0.016861	0.990180	-0.138775	-0.969642	0.050056	0.239349
42435	8.965931	-3.663208	0.062571	-1.310059	-0.848950	0.586861	0.235712	0.136878	0.962135	0.028104	0.988657	-0.147536	-0.971417	0.061816	0.229191
42436	9.075900	-5.403614	0.013349	-1.139962	-0.889368	0.585034	0.227216	0.143288	0.963245	0.037839	0.987070	-0.155757	-0.973109	0.071839	0.218856
42437	9.277742	-6.433948	0.037088	-0.775267	-0.935936	0.539543	0.218158	0.149430	0.964406	0.043959	0.985700	-0.162673	-0.974923	0.077882	0.208470
42438	9.592305	-6.258781	0.053792	-0.314364	-0.976058	0.468094	0.208801	0.154846	0.965621	0.046033	0.984735	-0.167865	-0.976874	0.079501	0.198486
42439	9.875549	-5.153241	0.330036	0.058805	-0.952984	0.388337	0.199590	0.159450	0.966819	0.044830	0.984153	-0.171563	-0.978853	0.077585	0.189279
42440	9.826017	-3.569896	0.754792	0.283173	-0.917386	0.303548	0.190691	0.163165	0.967995	0.041470	0.983870	-0.174011	-0.980774	0.073325	0.180848
42441	9.708277	-2.279783	1.292961	0.385350	-0.873184	0.247779	0.182163	0.166247	0.969112	0.037680	0.983699	-0.175832	-0.982546	0.068546	0.172929
42442	9.557522	-1.436682	1.709402	0.425077	-0.849438	0.234656	0.173850	0.169149	0.970136	0.033090	0.983578	-0.177423	-0.984216	0.062947	0.165398
42443	9.488410	-1.038560	1.938438	0.394063	-0.839645	0.253609	0.165638	0.172158	0.971044	0.029225	0.983356	-0.179326	-0.985753	0.058082	0.157850
42444	9.473668	-0.897608	2.072171	0.311655	-0.811250	0.284911	0.157671	0.175447	0.971781	0.025699	0.983028	-0.181648	-0.987157	0.053614	0.150486
42445	9.459694	-1.119440	2.155650	0.223628	-0.773285	0.299671	0.149971	0.178890	0.972372	0.022967	0.982599	-0.184314	-0.988424	0.049974	0.143253
42446	9.509910	-1.195286	2.213931	0.151596	-0.728024	0.296777	0.142793	0.182194	0.972839	0.021042	0.982130	-0.187023	-0.989529	0.047176	0.136407
42447	9.358012	-1.132620	2.228961	0.064470	-0.679985	0.294332	0.136010	0.185481	0.973190	0.020074	0.981600	-0.189890	-0.990504	0.045362	0.129784
42448	8.987042	-1.243605	2.005897	-0.038187	-0.658779	0.304467	0.129499	0.188800	0.973440	0.020057	0.981006	-0.192936	-0.991377	0.044509	0.123253
42449	8.958553	-1.484710	1.610900	-0.145721	-0.665856	0.310967	0.122961	0.192165	0.973629	0.021540	0.980326	-0.196207	-0.992178	0.045098	0.116402
42450	9.001281	-1.641238	0.916224	-0.256561	-0.684097	0.313048	0.116198	0.195581	0.973779	0.023722	0.979595	-0.199579	-0.992943	0.046291	0.109187
42451	9.067316	-1.929285	0.349695	-0.339483	-0.699201	0.324772	0.109282	0.199147	0.973857	0.026985	0.978770	-0.203180	-0.993644	0.048483	0.101587
42452	9.259776	-2.342628	-0.246744	-0.384834	-0.738755	0.337085	0.101992	0.202847	0.973884	0.030465	0.977894	-0.206872	-0.994319	0.050768	0.093558
42453	9.577831	-2.671933	-0.577204	-0.400255	-0.765558	0.339548	0.094224	0.206692	0.973859	0.033497	0.976998	-0.210599	-0.994987	0.052465	0.085133
42454	9.702855	-3.074327	-0.970598	-0.371692	-0.786277	0.336886	0.086473	0.210437	0.973775	0.036903	0.976089	-0.214214	-0.995570	0.054459	0.076640
42455	9.894025	-3.227228	-1.020368	-0.306469	-0.815024	0.326374	0.078361	0.214132	0.973656	0.039562	0.975222	-0.217661	-0.996140	0.055576	0.067948
42456	9.867954	-3.151455	-0.807114	-0.204610	-0.807198	0.302364	0.070397	0.217565	0.973504	0.041387	0.974448	-0.220769	-0.996660	0.055832	0.059594
42457	9.696915	-3.153894	-0.482305	-0.132482	-0.807224	0.274900	0.062362	0.220744	0.973336	0.042456	0.973765	-0.223561	-0.997150	0.055265	0.051354
42458	9.520974	-3.198307	-0.267011	-0.093321	-0.819006	0.256153	0.054261	0.223721	0.973142	0.043249	0.973136	-0.226132	-0.997590	0.054357	0.043127
42459	9.425746	-3.266845	-0.169604	-0.061809	-0.844980	0.261772	0.045892	0.226776	0.972865	0.043900	0.972492	-0.228760	-0.997981	0.053207	0.034675
42460	9.337949	-3.276743	-0.185153	-0.045812	-0.873648	0.251980	0.037240	0.229719	0.972544	0.044264	0.971885	-0.231258	-0.998326	0.051661	0.026025
42461	9.378064	-3.238937	-0.171139	-0.011674	-0.878184	0.231964	0.028530	0.232471	0.972185	0.044471	0.971323	-0.233570	-0.998603	0.049898	0.017373
42462	9.550424	-3.194860	0.013380	0.014809	-0.870861	0.192470	0.019875	0.234800	0.971840	0.044290	0.970872	-0.235472	-0.998821	0.047723	0.008897
42463	9.606459	-3.240577	0.135208	0.050477	-0.851685	0.142086	0.011317	0.236632	0.971533	0.043692	0.970551	-0.236902	-0.998981	0.045129	0.000645
42464	9.371072	-2.513752	0.470186	0.081557	-0.823856	0.092379	0.003084	0.237924	0.971279	0.042884	0.970359	-0.237834	-0.999075	0.042385	-0.007211
42465	9.369276	-2.114633	0.635046	0.039255	-0.825301	0.064786	-0.005207	0.238942	0.971020	0.042522	0.970208	-0.238514	-0.999082	0.040048	-0.015212
42466	9.277895	-1.685565	0.644573	-0.035708	-0.819448	0.075047	-0.013405	0.240026	0.970674	0.042900	0.970005	-0.239268	-0.998989	0.038434	-0.023300
42467	9.250456	-1.587280	0.637914	-0.150800	-0.817342	0.085725	-0.021634	0.241210	0.970232	0.044327	0.969736	-0.240098	-0.998783	0.037813	-0.031671
42468	9.223672	-1.661695	0.541690	-0.255126	-0.822972	0.102528	-0.029849	0.242552	0.969679	0.046916	0.969382	-0.241033	-0.998453	0.038299	-0.040314
42469	9.236189	-1.651320	0.466636	-0.346013	-0.818818	0.105508	-0.038018	0.243941	0.969045	0.050495	0.968976	-0.241942	-0.998000	0.039733	-0.049157
42470	9.443564	-1.873608	0.603354	-0.442894	-0.785430	0.099806	-0.045845	0.245263	0.968372	0.054970	0.968542	-0.242704	-0.997435	0.042105	-0.057885
42471	9.384917	-2.349526	0.382481	-0.497114	-0.778480	0.116917	-0.053566	0.246780	0.967590	0.060117	0.968020	-0.243562	-0.996753	0.045122	-0.066689
42472	9.021911	-2.370067	0.148380	-0.494289	-0.798412	0.120174	-0.061488	0.248350	0.966717	0.065127	0.967484	-0.244404	-0.995981	0.047932	-0.075663
42473	8.774302	-2.311555	-0.056323	-0.486396	-0.795822	0.097855	-0.069433	0.249725	0.965824	0.069970	0.966996	-0.244998	-0.995130	0.050568	-0.084615
42474	9.020165	-2.317662	-0.076983	-0.496220	-0.808279	0.076836	-0.077459	0.250923	0.964903	0.074978	0.966536	-0.245328	-0.994172	0.053344	-0.093681
42475	9.161437	-2.353624	-0.215425	-0.543510	-0.819855	0.091083	-0.085630	0.252286	0.963856	0.080365	0.966006	-0.245709	-0.993081	0.056420	-0.102994
42476	9.180518	-2.719173	-0.271540	-0.574962	-0.837729	0.101410	-0.093901	0.253788	0.962691	0.086179	0.965406	-0.246097	-0.991845	0.059855	-0.112524
42477	9.111900	-2.964965	-0.404602	-0.555357	-0.858428	0.091597	-0.102368	0.255240	0.961443	0.091827	0.964819	-0.246359	-0.990499	0.063067	-0.122204
42478	9.137613	-3.169192	-0.350960	-0.505227	-0.876483	0.079682	-0.111009	0.256608	0.960119	0.096929	0.964280	-0.246513	-0.989081	0.065699	-0.131917
42479	9.012047	-3.492482	-0.205557	-0.472020	-0.875717	0.097395	-0.119607	0.258173	0.958666	0.101750	0.963701	-0.246835	-0.987594	0.068021	-0.141535
42480	9.225538	-3.413372	-0.201551	-0.378949	-0.897758	0.074940	-0.128430	0.259548	0.957152	0.105600	0.963237	-0.247028	-0.986080	0.069350	-0.151117
42481	9.335090	-3.281871	0.021425	-0.302585	-0.881276	0.042089	-0.137112	0.260609	0.955658	0.108662	0.962905	-0.246995	-0.984577	0.069977	-0.160344
42482	9.124859	-3.230779	0.332889	-0.255858	-0.874189	0.035707	-0.145714	0.261601	0.954113	0.111248	0.962623	-0.246945	-0.983052	0.070160	-0.169370
42483	9.261660	-3.003004	0.383850	-0.211034	-0.900877	0.024483	-0.154579	0.262509	0.952468	0.113368	0.962400	-0.246847	-0.981455	0.069822	-0.178527
42484	9.944030	-2.587325	0.362777	-0.179351	-0.903410	-0.012989	-0.163493	0.263047	0.950829	0.115125	0.962300	-0.246425	-0.979804	0.069176	-0.187613
42485	10.364867	-1.856583	0.335590	-0.161268	-0.895657	-0.078540	-0.172393	0.262948	0.949284	0.116578	0.962385	-0.245406	-0.978105	0.068360	-0.196562
42486	10.067684	-1.262353	0.357727	-0.215557	-0.865074	-0.115901	-0.181022	0.262458	0.947812	0.118499	0.962533	-0.243902	-0.976314	0.068163	-0.205341
42487	9.785752	-0.984806	0.266069	-0.336487	-0.859854	-0.107631	-0.189566	0.262051	0.946253	0.121601	0.962573	-0.242210	-0.974309	0.069151	-0.214337
42488	10.013111	-0.990360	0.104291	-0.451593	-0.858797	-0.113976	-0.198104	0.261592	0.944629	0.125795	0.962545	-0.240172	-0.972075	0.071251	-0.223591
42489	10.780416	-1.108555	0.240636	-0.570881	-0.819391	-0.126638	-0.206251	0.261005	0.943047	0.131091	0.962451	-0.237705	-0.969678	0.074598	-0.232722
42490	11.528238	-1.781212	0.888933	-0.718316	-0.723370	-0.121838	-0.213459	0.260426	0.941601	0.137813	0.962205	-0.234883	-0.967183	0.079627	-0.241281
42491	12.160191	-2.745304	1.553627	-0.770533	-0.575201	-0.096124	-0.219167	0.260012	0.940404	0.145072	0.961808	-0.232120	-0.964842	0.085554	-0.248517
42492	12.741452	-3.042327	2.165588	-0.680340	-0.398138	-0.139005	-0.223249	0.259063	0.939705	0.151343	0.961558	-0.229132	-0.962941	0.091065	-0.253874
42493	13.091924	-2.737943	3.159483	-0.521403	-0.173882	-0.230603	-0.225281	0.257043	0.939775	0.155868	0.961656	-0.225663	-0.961745	0.095643	-0.256708
42494	12.988301	-2.494731	4.374452	-0.418051	0.075371	-0.313046	-0.225087	0.253995	0.940650	0.159203	0.962037	-0.221674	-0.961244	0.099859	-0.256979
42495	13.169776	-2.198515	5.007622	-0.355145	0.280124	-0.404473	-0.223034	0.249850	0.942248	0.161733	0.962683	-0.216986	-0.961300	0.103997	-0.255120
42496	13.651354	-0.904975	4.601315	-0.294963	0.458249	-0.604208	-0.219647	0.243582	0.944681	0.163253	0.963852	-0.210567	-0.961823	0.107971	-0.251473
42497	14.184234	0.175113	4.191155	-0.332709	0.695643	-0.814538	-0.214262	0.234988	0.948089	0.164712	0.965423	-0.202060	-0.962789	0.112868	-0.245558
42498	13.596769	0.806474	3.962658	-0.471586	1.048749	-0.905019	-0.205697	0.225061	0.952385	0.167375	0.966947	-0.192352	-0.964196	0.119839	-0.236568
42499	13.134512	0.321442	4.011735	-0.737049	1.403658	-0.895239	-0.193629	0.214670	0.957301	0.172737	0.967983	-0.182127	-0.965748	0.130097	-0.224511
42500	12.126976	0.093861	3.341714	-0.985921	1.641714	-0.829141	-0.179266	0.204439	0.962325	0.180739	0.968365	-0.172053	-0.967056	0.143087	-0.210545
42501	11.224059	-0.317141	2.453115	-1.249308	1.691552	-0.724692	-0.164194	0.194892	0.966984	0.191619	0.967916	-0.162543	-0.967638	0.158604	-0.196271
42502	11.002747	-0.651661	1.655714	-1.496998	1.666288	-0.542604	-0.149186	0.186894	0.970986	0.205271	0.966437	-0.154480	-0.967268	0.176269	-0.182542
42503	11.061108	-0.955469	0.413609	-1.750369	1.596482	-0.335340	-0.134402	0.180702	0.974312	0.221761	0.963780	-0.148158	-0.965794	0.196152	-0.169606
42504	11.556228	-1.340247	-0.932212	-1.921640	1.499013	-0.178142	-0.120389	0.175931	0.977013	0.240087	0.960116	-0.143304	-0.963257	0.217316	-0.157826
42505	12.303387	-1.679642	-1.996806	-2.027470	1.375805	-0.050543	-0.107215	0.172323	0.979188	0.259570	0.955560	-0.139744	-0.959754	0.239185	-0.147180
42506	13.043459	-2.149846	-2.935048	-2.031650	1.257903	-0.003053	-0.095210	0.169193	0.980973	0.279040	0.950478	-0.136851	-0.955548	0.260701	-0.137706
42507	12.680657	-2.267485	-4.088942	-1.878121	1.193499	0.063203	-0.083577	0.166580	0.982480	0.297047	0.945271	-0.135002	-0.951198	0.280559	-0.128485
42508	12.169065	-2.430420	-4.387591	-1.670859	1.180269	0.139581	-0.071981	0.164524	0.983743	0.313030	0.940195	-0.134337	-0.947012	0.298271	-0.119177
42509	11.965628	-3.182385	-5.521796	-1.394372	1.147130	0.112656	-0.060711	0.162093	0.984906	0.326323	0.935729	-0.133885	-0.943307	0.313269	-0.109704
42510	10.922015	-2.884503	-5.705887	-1.170022	1.166990	0.117650	-0.049362	0.159507	0.985962	0.337421	0.931789	-0.133850	-0.940059	0.326077	-0.099816
42511	10.264847	-2.411462	-5.854062	-0.867374	1.205324	0.057571	-0.037791	0.156077	0.987022	0.345622	0.928809	-0.133639	-0.937612	0.336086	-0.089044
42512	9.668356	-1.941833	-5.796562	-0.674424	1.232757	0.029941	-0.026170	0.152208	0.988002	0.351963	0.926459	-0.133404	-0.935648	0.344249	-0.077817
42513	10.561949	-2.577315	-5.364780	-0.560570	1.209686	0.022058	-0.014736	0.148235	0.988842	0.357235	0.924459	-0.133260	-0.933898	0.351286	-0.066578
42514	10.941400	-3.260597	-5.442380	-0.362437	1.313688	0.058860	-0.002294	0.144176	0.989549	0.360636	0.923081	-0.133656	-0.932704	0.356561	-0.054112
42515	10.568730	-3.631748	-5.404686	-0.022777	1.446395	0.139585	0.011738	0.140327	0.990036	0.360864	0.922785	-0.135073	-0.932544	0.358854	-0.039807
42516	9.616754	-3.623590	-5.297651	0.344676	1.539960	0.168476	0.026682	0.136411	0.990293	0.357628	0.923777	-0.136885	-0.933483	0.357809	-0.024136
42517	9.146487	-3.190986	-4.835793	0.634216	1.580808	0.095375	0.041818	0.131711	0.990406	0.351683	0.925894	-0.137981	-0.935185	0.354079	-0.007601
42518	8.696283	-2.352046	-4.593428	0.889531	1.655839	-0.001171	0.057288	0.125934	0.990383	0.343365	0.929009	-0.137992	-0.937453	0.347969	0.009980
42519	8.249029	-2.058715	-4.005152	1.046730	1.693585	-0.054385	0.073019	0.119650	0.990127	0.333582	0.932668	-0.137307	-0.939889	0.340314	0.028189
42520	8.240995	-1.940586	-3.677351	1.258530	1.682016	-0.003474	0.088810	0.114022	0.989501	0.321748	0.936885	-0.136836	-0.942651	0.330522	0.046518
42521	8.225957	-2.289865	-3.524641	1.430410	1.662221	0.087093	0.104785	0.109496	0.988449	0.308160	0.941425	-0.136955	-0.945546	0.318952	0.064904
42522	8.088790	-2.635211	-3.520874	1.632257	1.649893	0.178695	0.120916	0.106078	0.986979	0.292509	0.946319	-0.137544	-0.948587	0.305331	0.083396
42523	7.946326	-2.811662	-3.270988	1.864053	1.653376	0.216628	0.137238	0.103278	0.985139	0.274512	0.951629	-0.138006	-0.951740	0.289372	0.102248
42524	7.507156	-2.656886	-2.840899	2.086331	1.654153	0.188837	0.153473	0.100489	0.983030	0.254356	0.957277	-0.137567	-0.954856	0.271152	0.121357
42525	7.202530	-2.445049	-2.426067	2.271057	1.602546	0.109248	0.169054	0.097419	0.980780	0.232448	0.963092	-0.135729	-0.957804	0.250926	0.140169
42526	7.154006	-2.201082	-2.032769	2.382242	1.553133	0.008056	0.183933	0.093810	0.978452	0.209592	0.968799	-0.132285	-0.960333	0.229408	0.158532
42527	7.037190	-1.767148	-1.575028	2.453537	1.507503	-0.077311	0.198253	0.089839	0.976025	0.186137	0.974219	-0.127481	-0.962314	0.206947	0.176419
42528	6.859051	-1.417809	-1.067833	2.472396	1.464395	-0.162351	0.212035	0.085432	0.973521	0.162666	0.979190	-0.121358	-0.963629	0.184091	0.193726
42529	6.698329	-0.911210	-0.530136	2.445290	1.394791	-0.251715	0.225073	0.080623	0.971000	0.139624	0.983616	-0.114035	-0.964286	0.161241	0.210129
42530	6.754031	-0.346012	0.034919	2.398789	1.334355	-0.338501	0.237468	0.075326	0.968470	0.117279	0.987473	-0.105561	-0.964290	0.138649	0.225659
42531	6.454289	0.300592	0.410700	2.320144	1.181233	-0.392918	0.248405	0.070002	0.966123	0.095843	0.990715	-0.096427	-0.963903	0.116549	0.239389
42532	6.653251	0.841516	0.860747	2.198183	1.027420	-0.417243	0.257907	0.064812	0.963993	0.075723	0.993323	-0.087043	-0.963198	0.095445	0.251278
