// General information: 
//  MT Manager version: 2022.2.0 
//  XDA version: 2022.2.0 build 7381 rev 124627 built on 2023-07-19
// Device information: 
//  DeviceId: 00B4CAF0
//  ProductCode: MTW2-3A7G6
//  Firmware Version: 4.6.0
//  Hardware Version: 2.0.0
// Device settings: 
//  Filter Profile: human(46.1)
//  Option Flags: Orientation Smoother Disabled, Position/Velocity Smoother Disabled, Continuous Zero Rotation Update Disabled, AHS Disabled, ICC Disabled
// Coordinate system: ENU
PacketCounter	Acc_X	Acc_Y	Acc_Z	Gyr_X	Gyr_Y	Gyr_Z	Mat[1][1]	Mat[2][1]	Mat[3][1]	Mat[1][2]	Mat[2][2]	Mat[3][2]	Mat[1][3]	Mat[2][3]	Mat[3][3]
44014	4.952881	-1.434762	8.865200	0.016878	0.034884	0.002717	-0.038547	0.877345	0.478308	-0.989922	0.031745	-0.138007	-0.136264	-0.478808	0.867280
44015	4.946089	-1.361378	8.895908	0.025731	0.038332	0.002705	-0.038499	0.877518	0.477996	-0.989952	0.031641	-0.137820	-0.136064	-0.478499	0.867482
44016	4.909777	-1.396844	8.945762	0.018676	0.033744	0.002325	-0.038492	0.877675	0.477708	-0.989972	0.031533	-0.137702	-0.135921	-0.478218	0.867660
44017	4.920481	-1.364764	8.955954	0.018080	0.029916	0.004765	-0.038523	0.877790	0.477494	-0.989996	0.031384	-0.137564	-0.135738	-0.478016	0.867800
44018	4.873739	-1.383762	8.960893	0.013108	0.022722	0.003670	-0.038544	0.877895	0.477299	-0.990007	0.031291	-0.137501	-0.135646	-0.477829	0.867917
44019	4.880536	-1.403469	8.951896	0.010027	0.015298	0.005564	-0.038538	0.878020	0.477070	-0.989997	0.031297	-0.137574	-0.135724	-0.477599	0.868031
44020	4.923781	-1.382609	8.949171	0.007832	0.008133	-0.000540	-0.038538	0.878054	0.477007	-0.990003	0.031266	-0.137537	-0.135679	-0.477539	0.868071
44021	4.906907	-1.401155	8.973239	-0.004201	-0.001549	0.003213	-0.038614	0.878029	0.477048	-0.989987	0.031251	-0.137653	-0.135771	-0.477587	0.868031
44022	4.918421	-1.374310	8.926828	-0.000536	-0.011779	0.002373	-0.038670	0.877968	0.477154	-0.989981	0.031234	-0.137702	-0.135802	-0.477699	0.867964
44023	4.896851	-1.384590	8.928184	-0.000876	-0.002358	0.002772	-0.038732	0.877952	0.477178	-0.989970	0.031215	-0.137786	-0.135865	-0.477729	0.867938
44024	4.967299	-1.426401	8.894203	-0.006126	-0.008083	0.002007	-0.038779	0.877910	0.477253	-0.989956	0.031228	-0.137882	-0.135952	-0.477807	0.867881
44025	4.958771	-1.346753	8.900152	-0.003178	-0.006234	0.003747	-0.038829	0.877892	0.477282	-0.989944	0.031224	-0.137968	-0.136024	-0.477840	0.867852
44026	4.987869	-1.420550	8.837340	-0.000500	-0.005015	0.000590	-0.038857	0.877864	0.477332	-0.989939	0.031223	-0.138009	-0.136057	-0.477892	0.867818
44027	5.018505	-1.431016	8.825583	0.004182	0.005746	0.007240	-0.038935	0.877867	0.477319	-0.989944	0.031124	-0.137992	-0.135995	-0.477892	0.867828
44028	5.008599	-1.350549	8.832441	0.007640	0.010511	0.003164	-0.038968	0.877914	0.477231	-0.989949	0.031062	-0.137974	-0.135953	-0.477811	0.867879
44029	4.991337	-1.428398	8.860828	0.008226	0.016436	0.005948	-0.039077	0.877969	0.477119	-0.989947	0.030939	-0.138010	-0.135930	-0.477716	0.867935
44030	4.955837	-1.405298	8.905993	0.015182	0.022210	0.008178	-0.039144	0.878073	0.476923	-0.989960	0.030796	-0.137951	-0.135818	-0.477534	0.868052
44031	4.978578	-1.406134	8.873542	0.016741	0.029303	0.006337	-0.039210	0.878184	0.476712	-0.989973	0.030652	-0.137891	-0.135706	-0.477339	0.868177
44032	4.936885	-1.433492	8.900981	0.020285	0.034976	0.005633	-0.039234	0.878348	0.476409	-0.989994	0.030507	-0.137776	-0.135549	-0.477047	0.868362
44033	4.969402	-1.391296	8.909700	0.020003	0.036444	0.005960	-0.039308	0.878471	0.476176	-0.990010	0.030339	-0.137696	-0.135409	-0.476832	0.868502
44034	4.991443	-1.451160	8.881867	0.024607	0.044194	0.004006	-0.039304	0.878678	0.475795	-0.990037	0.030189	-0.137535	-0.135212	-0.476460	0.868737
44035	4.984015	-1.392901	8.826440	0.027952	0.052246	0.007001	-0.039296	0.878903	0.475378	-0.990080	0.029978	-0.137268	-0.134896	-0.476057	0.869007
44036	4.953880	-1.388800	8.863456	0.028449	0.057259	0.006403	-0.039298	0.879173	0.474880	-0.990111	0.029788	-0.137084	-0.134667	-0.475571	0.869308
44037	4.917698	-1.375908	8.878541	0.033693	0.062980	0.007163	-0.039321	0.879438	0.474386	-0.990154	0.029537	-0.136828	-0.134344	-0.475095	0.869618
44038	4.948208	-1.392574	8.892648	0.027037	0.064600	0.008028	-0.039329	0.879742	0.473821	-0.990183	0.029340	-0.136665	-0.134131	-0.474545	0.869952
44039	4.919922	-1.400459	8.898020	0.030577	0.070269	0.007318	-0.039260	0.880089	0.473182	-0.990214	0.029201	-0.136470	-0.133923	-0.473909	0.870330
44040	4.896822	-1.416452	8.925805	0.035137	0.071253	0.007152	-0.039251	0.880424	0.472560	-0.990253	0.028974	-0.136231	-0.133633	-0.473302	0.870705
44041	4.881316	-1.333612	8.935802	0.030386	0.070542	0.005781	-0.039270	0.880736	0.471977	-0.990278	0.028776	-0.136092	-0.133443	-0.472733	0.871043
44042	4.852889	-1.341594	8.941118	0.023229	0.067150	0.007236	-0.039268	0.881050	0.471390	-0.990302	0.028604	-0.135957	-0.133269	-0.472157	0.871382
44043	4.787752	-1.315705	9.021947	0.013591	0.060164	0.008144	-0.039283	0.881296	0.470928	-0.990328	0.028426	-0.135806	-0.133072	-0.471708	0.871655
44044	4.754830	-1.301285	9.090245	0.003474	0.033458	0.011405	-0.039367	0.881452	0.470630	-0.990323	0.028311	-0.135862	-0.133080	-0.471424	0.871808
44045	4.803331	-1.365651	9.028011	-0.007650	0.024040	0.007145	-0.039367	0.881567	0.470414	-0.990310	0.028325	-0.135959	-0.133181	-0.471208	0.871909
44046	4.815089	-1.336195	9.037176	-0.008299	0.013461	0.011394	-0.039478	0.881629	0.470289	-0.990289	0.028266	-0.136118	-0.133298	-0.471096	0.871952
44047	4.856789	-1.381017	8.983793	-0.017725	0.004095	0.008604	-0.039500	0.881648	0.470251	-0.990269	0.028310	-0.136257	-0.133444	-0.471057	0.871951
44048	4.909210	-1.383406	8.970747	-0.014785	0.005943	0.010350	-0.039610	0.881674	0.470193	-0.990241	0.028290	-0.136467	-0.133622	-0.471010	0.871949
44049	4.869955	-1.369679	8.905778	-0.012480	0.009814	0.009374	-0.039669	0.881731	0.470081	-0.990212	0.028313	-0.136668	-0.133814	-0.470901	0.871978
44050	4.888351	-1.408708	8.940643	-0.011135	0.010420	0.007799	-0.039748	0.881778	0.469987	-0.990190	0.028299	-0.136835	-0.133958	-0.470816	0.872002
44051	4.909249	-1.399855	8.939616	-0.005713	0.015861	0.010095	-0.039725	0.881881	0.469795	-0.990178	0.028332	-0.136912	-0.134050	-0.470619	0.872094
44052	4.921880	-1.429737	8.952535	-0.003700	0.012337	0.006022	-0.039783	0.881936	0.469687	-0.990166	0.028299	-0.137005	-0.134121	-0.470519	0.872137
44053	4.923098	-1.382522	8.917268	0.000630	0.021548	0.004397	-0.039736	0.882022	0.469531	-0.990168	0.028316	-0.136990	-0.134123	-0.470357	0.872224
44054	4.931422	-1.399869	8.963051	-0.003037	0.031780	0.005196	-0.039760	0.882168	0.469254	-0.990157	0.028287	-0.137073	-0.134195	-0.470085	0.872360
44055	4.925151	-1.388146	8.996853	0.001247	0.034232	0.005370	-0.039843	0.882278	0.469040	-0.990156	0.028172	-0.137102	-0.134176	-0.469885	0.872471
44056	4.969569	-1.380239	8.963379	0.002487	0.036028	0.005643	-0.039866	0.882444	0.468726	-0.990153	0.028112	-0.137139	-0.134195	-0.469577	0.872633
44057	4.880597	-1.432715	8.939097	-0.000947	0.038033	0.007914	-0.039863	0.882654	0.468330	-0.990126	0.028149	-0.137328	-0.134396	-0.469179	0.872816
44058	4.988354	-1.382765	8.933320	0.003047	0.033090	0.004992	-0.039883	0.882806	0.468042	-0.990123	0.028093	-0.137358	-0.134409	-0.468897	0.872966
44059	4.898517	-1.375474	8.905384	-0.000964	0.052739	0.006158	-0.039835	0.883039	0.467607	-0.990121	0.028080	-0.137375	-0.134438	-0.468460	0.873197
44060	4.856082	-1.341212	8.983837	-0.000115	0.057194	0.008603	-0.039859	0.883304	0.467103	-0.990113	0.028007	-0.137449	-0.134491	-0.467964	0.873454
44061	4.774459	-1.474184	8.954189	-0.000556	0.053095	0.012572	-0.039830	0.883563	0.466615	-0.990118	0.027942	-0.137425	-0.134461	-0.467478	0.873719
44062	4.754465	-1.430191	9.030845	-0.004800	0.048539	0.007169	-0.039851	0.883787	0.466189	-0.990104	0.027903	-0.137533	-0.134558	-0.467057	0.873929
44063	4.779536	-1.564451	8.975081	-0.006953	0.050234	0.004489	-0.039787	0.884003	0.465786	-0.990089	0.027956	-0.137630	-0.134687	-0.466645	0.874129
44064	4.810950	-1.523710	8.984461	0.006776	0.048058	-0.009747	-0.039641	0.884219	0.465387	-0.990098	0.028013	-0.137558	-0.134668	-0.466231	0.874353
44065	4.845426	-1.493960	8.962045	0.007152	0.060103	-0.013677	-0.039434	0.884450	0.464965	-0.990109	0.028116	-0.137453	-0.134644	-0.465787	0.874594
44066	4.875921	-1.451856	8.972206	0.007700	0.063008	-0.019501	-0.039171	0.884733	0.464449	-0.990123	0.028255	-0.137328	-0.134622	-0.465241	0.874887
44067	4.883346	-1.359454	8.980249	0.014839	0.072234	-0.026112	-0.038749	0.885062	0.463857	-0.990158	0.028466	-0.137029	-0.134483	-0.464602	0.875248
44068	4.898518	-1.287435	8.978916	0.009521	0.083324	-0.023447	-0.038419	0.885437	0.463168	-0.990175	0.028632	-0.136869	-0.134450	-0.463876	0.875638
44069	4.851852	-1.314459	9.008223	0.002347	0.088798	-0.018615	-0.038071	0.885820	0.462464	-0.990187	0.028834	-0.136745	-0.134466	-0.463132	0.876030
44070	4.854316	-1.349318	8.916314	0.006950	0.096535	-0.020563	-0.037753	0.886256	0.461655	-0.990199	0.028986	-0.136621	-0.134463	-0.462288	0.876476
44071	4.793258	-1.224191	8.980410	0.008052	0.105361	-0.023627	-0.037310	0.886731	0.460777	-0.990224	0.029212	-0.136396	-0.134407	-0.461362	0.876972
44072	4.721724	-1.201518	9.008052	0.004353	0.115583	-0.022873	-0.036943	0.887252	0.459803	-0.990233	0.029397	-0.136285	-0.134435	-0.460347	0.877501
44073	4.623595	-1.423449	8.975377	-0.004637	0.091874	-0.017529	-0.036646	0.887643	0.459071	-0.990231	0.029590	-0.136261	-0.134535	-0.459580	0.877888
44074	4.638678	-1.290234	9.024720	-0.003853	0.083731	-0.008101	-0.036468	0.888020	0.458356	-0.990224	0.029682	-0.136289	-0.134632	-0.458845	0.878257
44075	4.628472	-1.278529	9.060155	-0.008222	0.061924	0.000494	-0.036295	0.888330	0.457769	-0.990205	0.029828	-0.136394	-0.134817	-0.458236	0.878547
44076	4.480384	-1.505975	8.982308	-0.024737	0.040311	-0.004357	-0.036212	0.888508	0.457429	-0.990169	0.029982	-0.136624	-0.135106	-0.457880	0.878688
44077	4.732543	-1.472848	9.018631	-0.001512	0.021127	-0.003541	-0.036018	0.888638	0.457193	-0.990162	0.030164	-0.136635	-0.135210	-0.457616	0.878809
44078	4.587712	-1.334012	9.024759	-0.009497	0.013282	-0.004585	-0.035969	0.888693	0.457090	-0.990146	0.030250	-0.136729	-0.135337	-0.457504	0.878848
44079	4.658620	-1.495652	9.000939	-0.012463	0.004679	-0.004544	-0.035909	0.888695	0.457090	-0.990126	0.030378	-0.136846	-0.135500	-0.457491	0.878830
44080	4.696716	-1.470899	8.921631	-0.001036	-0.005091	-0.007345	-0.035857	0.888665	0.457153	-0.990123	0.030450	-0.136854	-0.135538	-0.457545	0.878796
44081	4.819184	-1.373894	9.010637	0.001268	-0.001220	-0.008309	-0.035707	0.888673	0.457148	-0.990116	0.030625	-0.136868	-0.135631	-0.457517	0.878796
44082	4.795196	-1.386997	8.957702	0.003250	0.012978	-0.005542	-0.035648	0.888726	0.457050	-0.990118	0.030662	-0.136847	-0.135633	-0.457412	0.878851
44083	4.801656	-1.287439	8.940975	0.010042	0.019939	-0.001407	-0.035527	0.888804	0.456908	-0.990127	0.030729	-0.136763	-0.135595	-0.457256	0.878937
44084	4.778806	-1.293370	8.997779	0.002971	0.024217	0.001557	-0.035524	0.888910	0.456702	-0.990126	0.030704	-0.136775	-0.135604	-0.457051	0.879043
44085	4.705374	-1.374554	8.984158	0.004657	0.024269	0.003043	-0.035481	0.889009	0.456513	-0.990133	0.030695	-0.136731	-0.135567	-0.456860	0.879148
44086	4.661220	-1.328181	9.092512	-0.004309	0.016177	0.009984	-0.035572	0.889081	0.456365	-0.990119	0.030628	-0.136846	-0.135645	-0.456724	0.879206
44087	4.678555	-1.429922	9.077015	-0.008472	-0.003082	0.006336	-0.035603	0.889060	0.456405	-0.990094	0.030686	-0.137011	-0.135817	-0.456762	0.879160
44088	4.740436	-1.392132	9.050811	-0.006540	-0.005412	0.004131	-0.035665	0.889031	0.456455	-0.990079	0.030682	-0.137120	-0.135909	-0.456817	0.879117
44089	4.654094	-1.389065	8.964729	-0.004731	-0.006551	0.003772	-0.035655	0.888991	0.456534	-0.990067	0.030746	-0.137195	-0.136002	-0.456891	0.879064
44090	4.688840	-1.393431	9.061906	-0.013045	-0.019682	0.004853	-0.035744	0.888898	0.456708	-0.990043	0.030765	-0.137364	-0.136154	-0.457071	0.878947
44091	4.693126	-1.410199	8.974154	-0.007454	-0.023377	0.005299	-0.035733	0.888785	0.456929	-0.990035	0.030837	-0.137406	-0.136215	-0.457286	0.878826
44092	4.716760	-1.281603	8.963874	-0.004455	-0.029475	0.007028	-0.035856	0.888648	0.457187	-0.990022	0.030798	-0.137509	-0.136277	-0.457555	0.878676
44093	4.757575	-1.417483	9.035862	-0.010500	-0.029878	0.010556	-0.035943	0.888502	0.457464	-0.990004	0.030815	-0.137634	-0.136384	-0.457838	0.878512
44094	4.789343	-1.373082	8.964937	-0.005483	-0.030638	0.011641	-0.036114	0.888360	0.457725	-0.989988	0.030739	-0.137767	-0.136456	-0.458117	0.878355
44095	4.796681	-1.382445	8.985913	-0.000541	-0.023452	0.012765	-0.036276	0.888232	0.457961	-0.989974	0.030660	-0.137883	-0.136513	-0.458372	0.878214
44096	4.737114	-1.421365	9.010808	0.009329	-0.024695	0.013408	-0.036456	0.888118	0.458168	-0.989977	0.030501	-0.137894	-0.136441	-0.458603	0.878104
44097	4.703419	-1.402379	8.998319	0.004550	-0.032159	0.013808	-0.036603	0.887967	0.458449	-0.989972	0.030414	-0.137948	-0.136436	-0.458901	0.877949
44098	4.707582	-1.339675	9.047195	-0.001467	-0.041418	0.013928	-0.036811	0.887776	0.458802	-0.989961	0.030299	-0.138057	-0.136465	-0.459278	0.877748
44099	4.821849	-1.414022	8.991937	-0.020352	-0.049177	0.016862	-0.037015	0.887545	0.459232	-0.989927	0.030275	-0.138301	-0.136651	-0.459725	0.877485
44100	4.753539	-1.378647	8.967083	-0.020260	-0.041509	0.018426	-0.037267	0.887355	0.459579	-0.989888	0.030207	-0.138595	-0.136865	-0.460097	0.877256
44101	4.811982	-1.379050	9.006619	-0.036271	-0.048332	0.019757	-0.037488	0.887132	0.459991	-0.989822	0.030275	-0.139056	-0.137287	-0.460522	0.876968
44102	4.810746	-1.374953	8.981565	-0.038150	-0.045092	0.025336	-0.037814	0.886927	0.460359	-0.989755	0.030229	-0.139538	-0.137676	-0.460919	0.876698
44103	4.819816	-1.447944	9.004986	-0.042103	-0.042255	0.023010	-0.038092	0.886713	0.460749	-0.989682	0.030258	-0.140053	-0.138128	-0.461330	0.876410
44104	4.869123	-1.388429	8.909520	-0.038224	-0.037149	0.025374	-0.038408	0.886544	0.461048	-0.989614	0.030213	-0.140537	-0.138522	-0.461657	0.876176
44105	4.834264	-1.418724	8.986484	-0.046358	-0.034942	0.029599	-0.038628	0.886407	0.461292	-0.989540	0.030278	-0.141044	-0.138989	-0.461915	0.875966
44106	4.893433	-1.436856	8.939550	-0.045354	-0.030772	0.033573	-0.039016	0.886270	0.461522	-0.989460	0.030193	-0.141627	-0.139455	-0.462183	0.875750
44107	4.898573	-1.454194	8.905597	-0.036964	-0.016740	0.035868	-0.039353	0.886190	0.461648	-0.989389	0.030108	-0.142135	-0.139858	-0.462342	0.875602
44108	4.877016	-1.528949	8.909491	-0.040073	-0.003595	0.030840	-0.039676	0.886178	0.461643	-0.989316	0.030023	-0.142660	-0.140282	-0.462372	0.875519
44109	4.862732	-1.504384	8.896652	-0.028739	0.003420	0.031476	-0.039886	0.886199	0.461585	-0.989263	0.029980	-0.143042	-0.140602	-0.462334	0.875488
44110	4.773490	-1.425401	8.949156	-0.020790	0.019196	0.032582	-0.040194	0.886293	0.461378	-0.989216	0.029791	-0.143405	-0.140844	-0.462167	0.875537
44111	4.775225	-1.422917	9.058257	-0.035068	0.004489	0.035334	-0.040421	0.886334	0.461279	-0.989150	0.029762	-0.143864	-0.141241	-0.462089	0.875514
44112	4.732041	-1.504320	9.118332	-0.039753	-0.004155	0.033872	-0.040775	0.886320	0.461275	-0.989075	0.029649	-0.144400	-0.141661	-0.462123	0.875428
44113	4.651844	-1.510355	9.108818	-0.042635	-0.013940	0.032040	-0.041039	0.886246	0.461394	-0.989005	0.029630	-0.144881	-0.142071	-0.462267	0.875286
44114	4.683416	-1.589070	9.044635	-0.041406	-0.044557	0.027166	-0.041384	0.886043	0.461753	-0.988931	0.029584	-0.145399	-0.142491	-0.462659	0.875010
44115	4.760529	-1.389803	9.104181	-0.028035	-0.049916	0.020302	-0.041647	0.885815	0.462166	-0.988861	0.029611	-0.145865	-0.142894	-0.463093	0.874715
44116	4.811657	-1.508699	9.018792	-0.047176	-0.058264	0.018338	-0.041925	0.885546	0.462657	-0.988781	0.029671	-0.146393	-0.143366	-0.463604	0.874367
44117	4.763872	-1.513497	9.027655	-0.053511	-0.066046	0.018756	-0.042209	0.885213	0.463267	-0.988695	0.029767	-0.146959	-0.143880	-0.464233	0.873949
44118	4.807183	-1.553077	8.947905	-0.045786	-0.065609	0.016686	-0.042481	0.884908	0.463824	-0.988617	0.029836	-0.147468	-0.144334	-0.464809	0.873568
44119	4.750984	-1.536763	8.966862	-0.046862	-0.061823	0.012768	-0.042737	0.884573	0.464440	-0.988542	0.029922	-0.147953	-0.144772	-0.465442	0.873158
44120	4.705754	-1.537827	9.030058	-0.047229	-0.075969	0.011411	-0.042973	0.884217	0.465095	-0.988463	0.030044	-0.148450	-0.145235	-0.466109	0.872725
44121	4.810707	-1.523541	9.009927	-0.050479	-0.091051	0.011656	-0.043183	0.883778	0.465909	-0.988387	0.030215	-0.148925	-0.145694	-0.466930	0.872210
44122	4.796414	-1.538591	9.006157	-0.052808	-0.089056	0.007452	-0.043400	0.883359	0.466683	-0.988302	0.030400	-0.149451	-0.146206	-0.467710	0.871706
44123	4.883193	-1.486611	8.951009	-0.055655	-0.097944	0.008965	-0.043612	0.882876	0.467576	-0.988222	0.030591	-0.149936	-0.146679	-0.468608	0.871144
44124	4.894708	-1.503447	8.913328	-0.049503	-0.089882	0.007009	-0.043826	0.882452	0.468357	-0.988142	0.030765	-0.150431	-0.147157	-0.469396	0.870639
44125	4.882398	-1.515210	8.964084	-0.049793	-0.088419	0.007330	-0.043933	0.882047	0.469109	-0.988063	0.031038	-0.150893	-0.147655	-0.470139	0.870154
44126	4.923810	-1.542048	8.915313	-0.045162	-0.080679	0.005423	-0.044119	0.881664	0.469812	-0.987989	0.031206	-0.151342	-0.148094	-0.470846	0.869697
44127	4.899922	-1.535636	8.922424	-0.041429	-0.075306	0.006274	-0.044366	0.881272	0.470523	-0.987908	0.031336	-0.151841	-0.148557	-0.471570	0.869225
44128	4.931845	-1.601020	8.887563	-0.040816	-0.071474	0.003844	-0.044523	0.880931	0.471147	-0.987841	0.031499	-0.152245	-0.148957	-0.472196	0.868817
44129	4.878719	-1.520733	8.958234	-0.032124	-0.067773	0.002367	-0.044608	0.880591	0.471772	-0.987786	0.031693	-0.152556	-0.149292	-0.472815	0.868422
44130	4.888024	-1.535651	8.921933	-0.037502	-0.072297	0.003404	-0.044762	0.880245	0.472403	-0.987724	0.031845	-0.152929	-0.149659	-0.473450	0.868014
44131	4.875386	-1.500801	8.883757	-0.033351	-0.077520	0.001961	-0.044833	0.879873	0.473090	-0.987675	0.032049	-0.153203	-0.149961	-0.474128	0.867591
44132	4.918116	-1.463045	8.886931	-0.021077	-0.074035	0.004943	-0.045005	0.879518	0.473734	-0.987636	0.032109	-0.153440	-0.150164	-0.474782	0.867198
44133	4.878038	-1.607202	8.837536	-0.020255	-0.078440	0.003930	-0.045115	0.879150	0.474405	-0.987594	0.032248	-0.153679	-0.150406	-0.475453	0.866788
44134	4.879526	-1.539984	8.808269	-0.006954	-0.081715	0.002183	-0.045272	0.878756	0.475119	-0.987578	0.032267	-0.153781	-0.150466	-0.476179	0.866380
44135	4.951258	-1.633458	8.751012	-0.011977	-0.086819	0.006264	-0.045507	0.878308	0.475924	-0.987549	0.032262	-0.153966	-0.150584	-0.477005	0.865904
44136	4.941223	-1.579088	8.854225	-0.004290	-0.078425	0.004259	-0.045679	0.877930	0.476605	-0.987536	0.032250	-0.154054	-0.150619	-0.477702	0.865514
44137	4.942598	-1.630908	8.831211	-0.012655	-0.076826	0.003663	-0.045888	0.877520	0.477339	-0.987498	0.032290	-0.154292	-0.150807	-0.478452	0.865067
44138	4.932672	-1.591203	8.847768	-0.014179	-0.079220	-0.001526	-0.046006	0.877135	0.478036	-0.987472	0.032375	-0.154438	-0.150940	-0.479152	0.864656
44139	4.934152	-1.569426	8.908291	-0.021903	-0.081735	-0.004649	-0.046054	0.876740	0.478755	-0.987428	0.032594	-0.154675	-0.151214	-0.479859	0.864216
44140	4.938698	-1.500334	8.933165	-0.032410	-0.084300	-0.002768	-0.046167	0.876329	0.479496	-0.987375	0.032778	-0.154973	-0.151524	-0.480597	0.863752
44141	4.854866	-1.518250	9.053908	-0.063028	-0.091688	-0.005090	-0.046251	0.875874	0.480317	-0.987273	0.033161	-0.155539	-0.152160	-0.481398	0.863193
44142	4.858694	-1.516096	9.025674	-0.091896	-0.114952	-0.006189	-0.046379	0.875313	0.481328	-0.987131	0.033663	-0.156333	-0.153043	-0.482384	0.862487
44143	4.901237	-1.462163	9.089634	-0.125977	-0.145102	-0.009963	-0.046526	0.874605	0.482599	-0.986932	0.034367	-0.157430	-0.154275	-0.483617	0.861576
44144	4.811567	-1.486106	9.075485	-0.182000	-0.144182	-0.008392	-0.046679	0.873898	0.483863	-0.986648	0.035327	-0.158988	-0.156033	-0.484824	0.860581
44145	4.583482	-1.376363	9.423504	-0.159595	-0.184734	0.007999	-0.047175	0.872961	0.485503	-0.986367	0.036000	-0.160573	-0.157652	-0.486459	0.859362
44146	4.897141	-1.510520	9.069260	-0.266502	-0.270035	0.012501	-0.047741	0.871644	0.487810	-0.985932	0.037195	-0.162953	-0.160181	-0.488727	0.857606
44147	4.794566	-1.457946	9.254115	-0.274375	-0.249900	0.007884	-0.048405	0.870358	0.490035	-0.985461	0.038379	-0.165508	-0.162858	-0.490922	0.855846
44148	4.741122	-1.428770	9.227136	-0.369708	-0.346827	0.010247	-0.049090	0.868648	0.492991	-0.984842	0.040115	-0.168750	-0.166361	-0.493803	0.853512
44149	4.813418	-1.496293	9.180406	-0.418785	-0.388363	0.014472	-0.049967	0.866715	0.496295	-0.984105	0.042062	-0.172536	-0.170415	-0.497027	0.850837
44150	4.668441	-1.548965	9.144703	-0.481549	-0.465042	0.019786	-0.050979	0.864398	0.500218	-0.983257	0.044299	-0.176756	-0.174946	-0.500854	0.847667
44151	4.647282	-1.542159	9.238025	-0.502464	-0.531416	0.017068	-0.052183	0.861752	0.504638	-0.982316	0.046693	-0.181314	-0.179811	-0.505176	0.844077
44152	4.658664	-1.561944	9.172417	-0.536558	-0.651505	0.033174	-0.053710	0.858454	0.510071	-0.981314	0.049139	-0.186032	-0.184764	-0.510532	0.839774
44153	4.781172	-1.513618	9.102925	-0.538149	-0.727985	0.048075	-0.055681	0.854719	0.516096	-0.980264	0.051404	-0.190892	-0.189689	-0.516540	0.834988
44154	4.731963	-1.546565	9.047243	-0.560446	-0.795700	0.068379	-0.057895	0.850613	0.522595	-0.979141	0.053741	-0.195945	-0.194758	-0.523039	0.829759
44155	4.764382	-1.678536	9.059764	-0.524727	-0.801139	0.072104	-0.060470	0.846384	0.529129	-0.978021	0.055732	-0.200919	-0.199544	-0.529649	0.824412
44156	4.194423	-1.651216	9.314690	-0.532282	-0.930726	0.086278	-0.063207	0.841462	0.536606	-0.976886	0.057850	-0.205783	-0.204201	-0.537210	0.818357
44157	3.953175	-1.515427	9.865885	-0.649050	-1.163395	0.069389	-0.066464	0.835218	0.545887	-0.975455	0.060716	-0.211662	-0.209928	-0.546556	0.810683
44158	3.562271	-1.749594	9.849904	-0.825365	-1.388927	0.051937	-0.069950	0.827577	0.556977	-0.973650	0.064848	-0.218633	-0.217055	-0.557594	0.801234
44159	3.313659	-1.953307	10.013015	-0.981264	-1.716533	-0.038212	-0.073471	0.817849	0.570723	-0.971497	0.070634	-0.226282	-0.225377	-0.571082	0.789348
44160	3.642198	-2.253564	9.708450	-1.053212	-2.049089	-0.136553	-0.076868	0.805876	0.587073	-0.969172	0.077850	-0.233763	-0.234087	-0.586944	0.775048
44161	4.036036	-2.722430	9.617847	-0.935438	-2.321502	-0.246012	-0.080059	0.791845	0.605452	-0.967139	0.085342	-0.239499	-0.241317	-0.604730	0.758991
44162	3.900806	-2.907843	9.358543	-0.647821	-2.620420	-0.380072	-0.082778	0.775391	0.626032	-0.965862	0.092313	-0.242050	-0.245475	-0.624697	0.741280
44163	3.607249	-2.826770	9.885515	-0.539658	-3.080530	-0.516639	-0.085456	0.755301	0.649782	-0.964966	0.099635	-0.242722	-0.248069	-0.647760	0.720325
44164	4.011242	-3.024445	9.330662	-0.412163	-3.575383	-0.617024	-0.088404	0.731027	0.676598	-0.964469	0.106957	-0.241579	-0.248967	-0.673914	0.695597
44165	4.611487	-3.257787	9.334682	-0.283180	-4.094113	-0.725422	-0.091662	0.702050	0.706204	-0.964423	0.114010	-0.238516	-0.247964	-0.702942	0.666623
44166	5.308664	-3.544001	8.948340	-0.140839	-4.566444	-0.795229	-0.095264	0.668293	0.737773	-0.964810	0.120486	-0.233719	-0.245084	-0.734076	0.633298
44167	7.424113	-3.571539	9.582805	-0.103279	-4.986440	-0.846875	-0.099307	0.629852	0.770341	-0.965392	0.126637	-0.227993	-0.241155	-0.766322	0.595478
44168	9.412841	-3.684660	8.588519	0.001311	-5.080021	-0.920434	-0.102554	0.588927	0.801653	-0.966316	0.132254	-0.220778	-0.236044	-0.797291	0.555526
44169	13.508625	-3.683716	9.861431	-0.226548	-5.134082	-0.869921	-0.106272	0.546091	0.830958	-0.966706	0.138895	-0.214913	-0.232778	-0.826131	0.513149
44170	16.963475	-5.883655	10.883000	-0.421760	-4.583748	-0.849686	-0.108726	0.506454	0.855385	-0.966631	0.146922	-0.209855	-0.231956	-0.849658	0.473580
44171	14.812406	-6.900960	10.096357	0.161288	-3.814663	-0.899550	-0.108544	0.472456	0.874645	-0.967899	0.150411	-0.201364	-0.226692	-0.868425	0.440964
44172	12.992643	-5.290636	8.904127	0.516583	-3.526379	-1.037762	-0.106343	0.439960	0.891698	-0.970154	0.150638	-0.190023	-0.217926	-0.885293	0.410810
44173	10.495990	-5.457867	8.907725	0.500493	-3.447814	-1.108808	-0.103024	0.407536	0.907359	-0.972403	0.150708	-0.178099	-0.209328	-0.900667	0.380763
44174	8.949933	-5.236040	8.722462	0.702132	-3.327003	-1.168597	-0.098456	0.375574	0.921548	-0.975007	0.148933	-0.164864	-0.199168	-0.914748	0.351524
44175	6.725717	-4.611834	8.423542	0.714778	-3.294503	-1.195807	-0.093265	0.343508	0.934507	-0.977564	0.146451	-0.151395	-0.188865	-0.927661	0.322143
44176	5.768849	-4.538232	8.361800	0.611337	-3.298425	-1.258029	-0.087050	0.310872	0.946457	-0.979819	0.144885	-0.137707	-0.179937	-0.939344	0.291986
44177	2.983709	-4.969431	7.230552	0.896818	-2.999594	-1.422838	-0.078412	0.280585	0.956621	-0.982589	0.140375	-0.121713	-0.168437	-0.949509	0.264692
44178	-3.206680	-3.799917	6.021294	1.689068	-2.221274	-1.699859	-0.065230	0.257102	0.964180	-0.986495	0.128862	-0.101101	-0.150240	-0.957754	0.245224
44179	11.746215	-0.206846	14.804065	0.751661	-3.666883	-2.059929	-0.050314	0.219273	0.974365	-0.988813	0.126232	-0.079468	-0.140421	-0.967463	0.210468
44180	31.104313	-5.773948	10.855184	-0.159106	-0.684328	-1.489148	-0.036567	0.210722	0.976862	-0.989230	0.131001	-0.065289	-0.141728	-0.968728	0.203662
44181	8.792494	1.744894	18.922857	0.583431	2.481900	-0.994351	-0.023387	0.233560	0.972061	-0.990384	0.127207	-0.054393	-0.136357	-0.963985	0.228339
44182	9.784575	-4.989352	9.168222	-1.418436	2.482036	-0.242422	-0.017440	0.257054	0.966240	-0.988391	0.141445	-0.055469	-0.150929	-0.955990	0.251603
44183	0.540273	-6.516790	5.035369	-0.631422	3.420997	-0.229776	-0.010059	0.289432	0.957146	-0.987514	0.147616	-0.055015	-0.157213	-0.945748	0.284334
44184	-3.025358	-4.664074	2.854078	-0.723977	2.688924	-0.163777	-0.004133	0.314484	0.949254	-0.986355	0.154948	-0.055628	-0.164579	-0.936531	0.309552
44185	-0.920766	-5.795573	2.741745	-1.120092	1.954218	0.042615	-0.001439	0.332971	0.942936	-0.984528	0.164753	-0.059681	-0.175224	-0.928432	0.327582
44186	2.218612	-6.188460	3.770696	-0.915981	1.425534	0.264459	-0.001496	0.346599	0.938012	-0.982872	0.172352	-0.065253	-0.184285	-0.922043	0.340404
44187	4.117611	-6.439877	4.587888	-0.850577	1.161769	0.574153	-0.005190	0.358487	0.933520	-0.981339	0.177615	-0.073663	-0.192214	-0.916482	0.350876
44188	4.936147	-6.334458	5.458541	-0.576697	1.101118	0.848828	-0.011385	0.370061	0.928938	-0.980138	0.179814	-0.083646	-0.197990	-0.911439	0.360663
44189	6.383814	-5.792258	6.414582	-0.378205	1.147471	1.112858	-0.020273	0.382691	0.923654	-0.979300	0.178495	-0.095449	-0.201395	-0.906469	0.371151
44190	7.195440	-4.877923	7.062558	-0.201032	1.302424	1.344572	-0.030817	0.396833	0.917374	-0.978543	0.175091	-0.108612	-0.203724	-0.901037	0.382922
44191	7.440222	-4.139306	7.000578	-0.096884	1.448186	1.508165	-0.042927	0.412638	0.909883	-0.977882	0.169246	-0.122889	-0.204703	-0.895034	0.396246
44192	7.490430	-3.546692	6.668989	-0.056066	1.575477	1.588506	-0.055239	0.429319	0.901462	-0.976981	0.163076	-0.137531	-0.206052	-0.888308	0.410428
44193	7.208609	-3.235842	6.365300	-0.007495	1.670013	1.603320	-0.067801	0.446840	0.892041	-0.976066	0.155471	-0.152065	-0.206635	-0.881001	0.425604
44194	6.754935	-3.127815	6.448008	0.073949	1.701761	1.561303	-0.079533	0.464128	0.882190	-0.975062	0.147726	-0.165625	-0.207194	-0.873362	0.440805
44195	7.122146	-2.996201	6.757254	0.201855	1.741444	1.485666	-0.090800	0.481571	0.871691	-0.974291	0.138267	-0.177874	-0.206185	-0.865431	0.456636
44196	7.061491	-2.406182	6.664119	0.373785	1.867466	1.371843	-0.100351	0.499475	0.860497	-0.973740	0.128333	-0.188048	-0.204355	-0.856770	0.473480
44197	6.486439	-1.626672	6.282168	0.465140	2.006376	1.227101	-0.108649	0.518240	0.848306	-0.973466	0.117418	-0.196411	-0.201394	-0.847136	0.491732
44198	6.286030	-0.956777	6.255903	0.407793	2.064308	1.077790	-0.115021	0.536831	0.835813	-0.973071	0.108310	-0.203476	-0.199759	-0.836709	0.509917
44199	5.763734	-0.994116	6.121219	0.305050	2.120492	0.962435	-0.120613	0.555607	0.822650	-0.972597	0.099788	-0.209993	-0.198764	-0.825435	0.528346
44200	5.615007	-1.436669	6.209851	0.247695	2.145241	0.863906	-0.124770	0.574013	0.809284	-0.972022	0.092888	-0.215744	-0.199012	-0.813560	0.546364
44201	5.933207	-1.895901	6.660391	0.243031	2.190345	0.798978	-0.128664	0.592548	0.795193	-0.971536	0.085515	-0.220919	-0.198906	-0.800983	0.564679
44202	6.250156	-2.104036	7.093925	0.291390	2.304003	0.773227	-0.131614	0.611475	0.780241	-0.971101	0.078553	-0.225371	-0.199099	-0.787355	0.583465
44203	6.393107	-1.975369	7.360063	0.332037	2.455457	0.779882	-0.134826	0.631333	0.763701	-0.970755	0.070346	-0.229534	-0.198636	-0.772314	0.603386
44204	6.317523	-1.977937	7.444935	0.365664	2.623294	0.806293	-0.137466	0.651906	0.745735	-0.970375	0.062383	-0.233409	-0.198682	-0.755729	0.624018
44205	6.157634	-1.911153	7.302011	0.410987	2.774236	0.835324	-0.140627	0.673218	0.725948	-0.970050	0.052991	-0.237056	-0.198059	-0.737543	0.645603
44206	6.008092	-1.840753	7.033225	0.452795	2.881155	0.868027	-0.143370	0.694603	0.704962	-0.969705	0.043760	-0.240328	-0.197782	-0.718061	0.667286
44207	5.646708	-1.654036	6.748498	0.495871	2.965914	0.896850	-0.146810	0.716037	0.682450	-0.969388	0.033123	-0.243289	-0.196809	-0.697276	0.689255
44208	5.375054	-1.770990	6.522299	0.486914	2.994943	0.936828	-0.150026	0.736855	0.659194	-0.968947	0.022972	-0.246201	-0.196558	-0.675660	0.710527
44209	5.377242	-1.895529	6.429962	0.508086	3.000260	0.981690	-0.154278	0.757040	0.634892	-0.968439	0.011453	-0.248986	-0.195764	-0.653268	0.731381
44210	5.204278	-2.096073	6.481060	0.532933	3.014688	1.051202	-0.158588	0.776442	0.609908	-0.967828	-0.000033	-0.251612	-0.195343	-0.630188	0.751468
44211	5.206624	-1.933215	6.768852	0.553838	3.023697	1.129514	-0.164276	0.795120	0.583779	-0.967056	-0.013145	-0.254226	-0.194466	-0.606310	0.771084
44212	5.360490	-1.657561	7.034235	0.550742	3.066312	1.210402	-0.170044	0.813089	0.556750	-0.966093	-0.026158	-0.256864	-0.194290	-0.581551	0.789968
44213	5.620918	-1.342524	7.331063	0.512704	3.128728	1.266412	-0.176866	0.830489	0.528211	-0.964844	-0.040294	-0.259716	-0.194407	-0.555576	0.808419
44214	5.739716	-1.096052	7.491153	0.465185	3.205896	1.293943	-0.183118	0.847253	0.498628	-0.963413	-0.053682	-0.262591	-0.195714	-0.528470	0.826084
44215	5.761881	-0.897867	7.643645	0.421496	3.282213	1.279656	-0.189673	0.863359	0.467585	-0.961787	-0.067601	-0.265323	-0.197459	-0.500041	0.843190
44216	5.896548	-0.558452	7.911576	0.396878	3.341334	1.226815	-0.194851	0.878665	0.435869	-0.960207	-0.080229	-0.267519	-0.200090	-0.470651	0.859332
44217	6.175134	-0.204226	8.346554	0.366847	3.388373	1.139084	-0.199647	0.893087	0.403159	-0.958612	-0.092785	-0.269172	-0.202987	-0.440213	0.874648
44218	6.564363	0.421164	8.734686	0.361110	3.433084	1.005108	-0.202278	0.906672	0.370174	-0.957321	-0.103382	-0.269906	-0.206447	-0.408971	0.888888
44219	7.223736	0.856285	9.017566	0.276037	3.483905	0.836062	-0.203704	0.919408	0.336442	-0.956100	-0.112874	-0.270430	-0.210660	-0.376760	0.902039
44220	7.685093	0.622757	9.050545	0.197674	3.522202	0.624709	-0.202193	0.931370	0.302768	-0.955243	-0.119389	-0.270662	-0.215939	-0.343943	0.913824
44221	7.885447	0.232364	8.891086	0.183892	3.493830	0.371230	-0.198780	0.942294	0.269384	-0.954797	-0.124211	-0.270064	-0.221019	-0.310890	0.924391
44222	8.304294	-0.238867	8.793975	0.203462	3.385729	0.128105	-0.192472	0.952108	0.237583	-0.954990	-0.126048	-0.268526	-0.225719	-0.278573	0.933514
44223	9.081355	-0.533853	8.930388	0.198691	3.237136	-0.097345	-0.184810	0.960674	0.207245	-0.955528	-0.126335	-0.266470	-0.229808	-0.247274	0.941299
44224	10.072403	-0.998413	9.125598	0.167182	3.077183	-0.267938	-0.175149	0.968154	0.178889	-0.956387	-0.124166	-0.264399	-0.233767	-0.217396	0.947677
44225	11.146550	-1.594878	8.934232	0.152840	2.921878	-0.391550	-0.165107	0.974504	0.151923	-0.957327	-0.121302	-0.262317	-0.237201	-0.188751	0.952948
44226	12.027187	-2.015763	8.071617	0.174702	2.718788	-0.497430	-0.153890	0.979859	0.127253	-0.958527	-0.116777	-0.259979	-0.239882	-0.161984	0.957193
44227	12.167907	-2.251487	6.571581	0.175724	2.411649	-0.587916	-0.142946	0.984096	0.105457	-0.959755	-0.111803	-0.257626	-0.241739	-0.138039	0.960473
44228	12.333908	-2.462531	5.113602	0.109340	1.955744	-0.642595	-0.132065	0.987300	0.088299	-0.960894	-0.105640	-0.255975	-0.243397	-0.118652	0.962642
44229	12.706979	-2.674693	3.736249	0.044470	1.424915	-0.659993	-0.122646	0.989528	0.076107	-0.961792	-0.099594	-0.255023	-0.244772	-0.104477	0.963935
44230	3.532566	-6.913970	0.934466	0.190784	0.311767	-0.692817	-0.115252	0.990512	0.074858	-0.963073	-0.092963	-0.252682	-0.243326	-0.101216	0.964649
44231	20.634427	-2.723227	-6.960681	1.375640	-3.156512	-1.618628	-0.107368	0.988208	0.109168	-0.968069	-0.078894	-0.237945	-0.226526	-0.131230	0.965124
44232	21.442378	-5.973472	-5.096205	1.103191	-1.421505	-0.650669	-0.104228	0.986742	0.124404	-0.971181	-0.074021	-0.226556	-0.214344	-0.144432	0.966021
44233	18.436672	-2.916450	-3.994453	2.403732	-3.149832	-1.394647	-0.097110	0.982686	0.157790	-0.977401	-0.064250	-0.201393	-0.187768	-0.173781	0.966718
44234	9.668845	2.929761	17.677172	1.717976	-1.205911	-0.847934	-0.090997	0.981045	0.171088	-0.981264	-0.059033	-0.183404	-0.169828	-0.184572	0.968035
44235	4.835119	-2.345834	21.083699	1.106224	-1.864750	0.212663	-0.096163	0.977305	0.188752	-0.982866	-0.063274	-0.173122	-0.157250	-0.202166	0.966644
44236	-0.410288	2.202533	8.041965	1.983078	-2.275428	0.404242	-0.103508	0.972191	0.210073	-0.985359	-0.071461	-0.154796	-0.135480	-0.223020	0.965353
44237	-4.445543	5.650414	5.931298	0.922065	-2.694797	0.181251	-0.108819	0.965700	0.235757	-0.986353	-0.075416	-0.146354	-0.123554	-0.248465	0.960729
44238	6.588345	6.536612	11.976532	-0.281381	-3.718760	-0.002349	-0.113401	0.955788	0.271310	-0.986004	-0.074672	-0.149066	-0.122216	-0.284417	0.950879
44239	9.435682	5.292071	12.301659	0.250342	-2.650390	-0.398448	-0.112684	0.948204	0.297003	-0.986747	-0.071663	-0.145586	-0.116761	-0.309472	0.943713
44240	4.795510	3.936772	9.341571	-0.028934	-2.489256	-0.512831	-0.110533	0.940558	0.321145	-0.987280	-0.066753	-0.144302	-0.114287	-0.333010	0.935972
44241	2.728731	1.618189	8.134614	-0.054280	-2.624003	-0.578889	-0.107801	0.931861	0.346430	-0.987847	-0.061156	-0.142890	-0.111968	-0.357624	0.927129
44242	8.198952	-0.325489	11.303269	-0.013628	-3.080202	-0.419386	-0.107092	0.920648	0.375417	-0.988277	-0.057245	-0.141533	-0.108811	-0.386173	0.915986
44243	34.288881	-9.965386	27.438708	-0.281667	-3.447432	0.930370	-0.120016	0.906215	0.405427	-0.986914	-0.064606	-0.147740	-0.107691	-0.417853	0.902110
44244	23.365504	-15.564278	13.600462	0.904659	0.807620	0.045334	-0.119661	0.909522	0.398059	-0.987792	-0.068786	-0.139772	-0.099745	-0.409925	0.906649
44245	-11.222095	0.673811	-1.514809	4.010305	1.313854	-0.927752	-0.109266	0.915470	0.387266	-0.992100	-0.076283	-0.099592	-0.061632	-0.395089	0.916573
44246	7.036999	12.031851	25.006768	-0.668080	-1.929563	0.088352	-0.111410	0.907600	0.404785	-0.991571	-0.074411	-0.106070	-0.066149	-0.413190	0.908239
44247	8.193089	-5.826184	3.747596	-2.314633	-1.046162	1.022128	-0.122244	0.902449	0.413089	-0.988600	-0.073855	-0.131208	-0.087900	-0.424420	0.901189
44248	3.806966	-8.510464	7.557532	0.405010	0.240408	-0.189152	-0.120202	0.903600	0.411167	-0.989172	-0.073883	-0.126808	-0.084206	-0.421958	0.902697
44249	4.743939	2.778133	12.589815	1.237548	-0.534992	-0.506746	-0.115484	0.901694	0.416666	-0.990740	-0.074409	-0.113570	-0.071402	-0.425923	0.901937
44250	6.303177	1.301159	8.930822	-0.615036	-0.405798	0.076556	-0.116578	0.899896	0.420235	-0.990189	-0.072488	-0.119463	-0.077042	-0.430039	0.899517
44251	5.281615	-1.691441	9.883219	-0.344815	-0.142666	0.084334	-0.117405	0.899206	0.421479	-0.989827	-0.071613	-0.122939	-0.080364	-0.431625	0.898466
44252	4.138020	-0.084249	9.174563	0.009193	-0.244363	0.075099	-0.118379	0.898089	0.423583	-0.989740	-0.072349	-0.123207	-0.080005	-0.433822	0.897439
44253	4.703983	-1.604346	8.910170	-0.287023	-0.278943	0.103237	-0.119506	0.896787	0.426019	-0.989392	-0.071876	-0.126239	-0.082589	-0.436586	0.895864
44254	4.663746	-0.297471	9.529817	-0.063546	-0.255579	0.092639	-0.120668	0.895595	0.428192	-0.989223	-0.072450	-0.127237	-0.082930	-0.438931	0.894686
44255	4.730047	-1.329331	9.250168	-0.288842	-0.241737	0.131966	-0.122054	0.894422	0.430246	-0.988828	-0.072207	-0.130405	-0.085571	-0.441356	0.893243
44256	4.664811	-1.485224	9.208351	-0.182374	-0.218340	0.112281	-0.123386	0.893369	0.432050	-0.988527	-0.072425	-0.132550	-0.087125	-0.443448	0.892055
44257	4.685725	-1.354397	9.299304	-0.176353	-0.211071	0.103688	-0.124473	0.892342	0.433857	-0.988252	-0.072413	-0.134592	-0.088685	-0.445513	0.890872
44258	4.547270	-1.801723	8.909043	-0.226657	-0.186982	0.096884	-0.125632	0.891431	0.435392	-0.987921	-0.072286	-0.137064	-0.090711	-0.447353	0.889745
44259	4.757522	-1.540931	9.455142	-0.106709	-0.205385	0.076523	-0.126451	0.890442	0.437177	-0.987736	-0.072333	-0.138368	-0.091586	-0.449312	0.888668
44260	4.972600	-1.763961	8.913511	-0.043138	-0.169256	0.058549	-0.127218	0.889632	0.438602	-0.987616	-0.072681	-0.139040	-0.091817	-0.450858	0.887861
44261	4.606285	-1.548647	9.134340	-0.046284	-0.099793	0.046199	-0.127640	0.889134	0.439487	-0.987523	-0.072724	-0.139675	-0.092229	-0.451832	0.887323
44262	4.510018	-1.702037	9.071146	0.007407	-0.123368	0.035255	-0.128135	0.888544	0.440534	-0.987479	-0.073091	-0.139798	-0.092017	-0.452931	0.886784
44263	4.504446	-1.485995	9.196304	0.010163	-0.144364	0.023340	-0.128372	0.887859	0.441845	-0.987467	-0.073186	-0.139833	-0.091815	-0.454258	0.886126
44264	4.749897	-1.508929	9.030799	0.021713	-0.168265	0.018183	-0.128739	0.887074	0.443313	-0.987457	-0.073466	-0.139754	-0.091404	-0.455744	0.885405
44265	4.792325	-1.434887	9.069802	0.010241	-0.138388	0.016519	-0.128903	0.886416	0.444578	-0.987454	-0.073501	-0.139759	-0.091208	-0.457016	0.884770
44266	4.749433	-1.435933	9.021489	0.000769	-0.130062	0.013940	-0.129193	0.885805	0.445712	-0.987430	-0.073647	-0.139847	-0.091052	-0.458176	0.884185
44267	4.695878	-1.430746	9.214515	-0.011863	-0.137685	0.018115	-0.129370	0.885146	0.446967	-0.987405	-0.073593	-0.140055	-0.091076	-0.459457	0.883518
44268	4.888188	-1.624965	8.946775	-0.023982	-0.145471	0.006472	-0.129600	0.884466	0.448245	-0.987369	-0.073559	-0.140329	-0.091144	-0.460770	0.882827
44269	4.778422	-1.419698	9.010494	-0.015710	-0.114068	-0.002532	-0.129552	0.883928	0.449320	-0.987366	-0.073303	-0.140479	-0.091237	-0.461842	0.882257
44270	4.794625	-1.516621	8.970361	-0.039245	-0.124280	-0.002775	-0.129670	0.883349	0.450422	-0.987328	-0.073116	-0.140846	-0.091483	-0.462978	0.881636
44271	4.843444	-1.394743	9.026099	-0.029782	-0.115970	-0.005078	-0.129599	0.882801	0.451516	-0.987316	-0.072771	-0.141108	-0.091713	-0.464076	0.881035
44272	4.849204	-1.457016	9.026838	-0.041920	-0.100482	-0.006097	-0.129663	0.882333	0.452412	-0.987279	-0.072541	-0.141484	-0.092017	-0.465002	0.880515
44273	4.759339	-1.472627	9.037955	-0.056200	-0.091466	-0.008147	-0.129539	0.881899	0.453293	-0.987247	-0.072044	-0.141964	-0.092541	-0.465902	0.879984
44274	4.776685	-1.426481	9.048762	-0.070036	-0.094848	-0.010940	-0.129551	0.881458	0.454145	-0.987190	-0.071639	-0.142564	-0.093130	-0.466797	0.879447
44275	4.751400	-1.393049	9.117022	-0.098317	-0.105616	-0.012478	-0.129398	0.880959	0.455156	-0.987122	-0.070905	-0.143394	-0.094051	-0.467850	0.878790
44276	4.784147	-1.413374	9.022467	-0.120646	-0.112863	-0.010641	-0.129432	0.880432	0.456165	-0.987016	-0.070264	-0.144439	-0.095117	-0.468938	0.878095
44277	4.792608	-1.411429	9.046656	-0.149713	-0.120157	-0.014627	-0.129274	0.879864	0.457305	-0.986900	-0.069269	-0.145709	-0.096527	-0.470151	0.877292
