// General information: 
//  MT Manager version: 2022.2.0 
//  XDA version: 2022.2.0 build 7381 rev 124627 built on 2023-07-19
// Device information: 
//  DeviceId: 00B4CBA7
//  ProductCode: MTW2-3A7G6
//  Firmware Version: 4.6.0
//  Hardware Version: 2.0.0
// Device settings: 
//  Filter Profile: human(46.1)
//  Option Flags: Orientation Smoother Disabled, Position/Velocity Smoother Disabled, Continuous Zero Rotation Update Disabled, AHS Disabled, ICC Disabled
// Coordinate system: ENU
PacketCounter	Acc_X	Acc_Y	Acc_Z	Gyr_X	Gyr_Y	Gyr_Z	Mat[1][1]	Mat[2][1]	Mat[3][1]	Mat[1][2]	Mat[2][2]	Mat[3][2]	Mat[1][3]	Mat[2][3]	Mat[3][3]
20238	9.204056	-2.661213	-4.329956	-0.325256	0.133825	-0.146645	-0.218402	0.004834	0.975847	-0.203817	0.977708	-0.050459	-0.954337	-0.209915	-0.212548
20239	9.842317	-2.088257	-3.139171	0.143890	0.181235	-0.158591	-0.216334	0.003628	0.976313	-0.205531	0.977414	-0.049174	-0.954441	-0.211300	-0.210702
20240	9.929065	-0.388153	-2.090773	0.135790	0.192242	-0.138276	-0.214281	0.002660	0.976769	-0.207076	0.977142	-0.048089	-0.954570	-0.212570	-0.208832
20241	9.967283	0.088731	-1.735753	-0.094213	0.172637	-0.110248	-0.212390	0.001911	0.977183	-0.206407	0.977348	-0.046774	-0.955137	-0.211632	-0.207185
20242	9.862958	0.057600	-1.781089	-0.136780	0.173792	-0.089471	-0.210610	0.001375	0.977569	-0.205249	0.977647	-0.045595	-0.955780	-0.210248	-0.205620
20243	9.643777	0.324670	-1.959371	-0.145400	0.167728	-0.076918	-0.208835	0.000937	0.977950	-0.204015	0.977956	-0.044503	-0.956434	-0.208811	-0.204040
20244	9.511823	0.365549	-2.413338	-0.120380	0.184072	-0.078587	-0.206978	0.000500	0.978345	-0.203076	0.978198	-0.043462	-0.957037	-0.207674	-0.202364
20245	9.248681	0.463467	-2.548969	-0.134693	0.199909	-0.066421	-0.204916	0.000226	0.978779	-0.201918	0.978480	-0.042500	-0.957726	-0.206342	-0.200461
20246	9.357863	0.296791	-2.705875	-0.227976	0.208541	-0.051581	-0.202877	0.000117	0.979204	-0.199793	0.978958	-0.041511	-0.958605	-0.204060	-0.198585
20247	9.823859	0.259058	-2.577115	-0.360736	0.252302	-0.036843	-0.200371	0.000229	0.979720	-0.196402	0.979691	-0.040397	-0.959832	-0.200513	-0.196256
20248	9.271536	0.204575	-2.359802	-0.610137	0.272381	-0.011124	-0.197798	0.000616	0.980243	-0.190544	0.980901	-0.039066	-0.961545	-0.194506	-0.193903
20249	9.437103	-0.886204	-2.461880	-0.696706	0.261678	-0.007311	-0.195253	0.001007	0.980752	-0.183847	0.982235	-0.037610	-0.963367	-0.187652	-0.191599
20250	9.659094	-1.077668	-2.403069	-0.597231	0.275819	-0.008557	-0.192646	0.001401	0.981267	-0.178042	0.983351	-0.036358	-0.964981	-0.181711	-0.189189
20251	9.392745	-1.637073	-2.280337	-0.570445	0.270506	-0.030650	-0.189967	0.001546	0.981789	-0.172586	0.984375	-0.034943	-0.966502	-0.176081	-0.186732
20252	9.254337	-2.106159	-2.180952	-0.393882	0.274342	-0.058414	-0.187285	0.001420	0.982305	-0.168821	0.985073	-0.033612	-0.967690	-0.172129	-0.184250
20253	9.102782	-1.274728	-1.560745	-0.251484	0.269740	-0.076783	-0.184532	0.001087	0.982826	-0.166523	0.985507	-0.032356	-0.968616	-0.169634	-0.181677
20254	9.180669	-1.013175	-1.162838	-0.293744	0.225479	-0.073239	-0.182301	0.000702	0.983243	-0.163832	0.985999	-0.031080	-0.969498	-0.166753	-0.179633
20255	9.661636	0.028006	-0.660587	-0.237739	0.200566	-0.060683	-0.180245	0.000398	0.983622	-0.161630	0.986395	-0.030017	-0.970251	-0.164393	-0.177728
20256	9.600754	0.982043	-0.403352	-0.412075	0.160439	-0.050594	-0.178677	0.000111	0.983908	-0.157771	0.987057	-0.028763	-0.971176	-0.160372	-0.176347
20257	9.774225	0.735213	-0.388504	-0.497268	0.113734	-0.044416	-0.177491	-0.000186	0.984122	-0.153012	0.987844	-0.027410	-0.972154	-0.155448	-0.175362
20258	9.884319	0.862673	-0.016542	-0.491809	0.066565	-0.034399	-0.176863	-0.000483	0.984235	-0.148388	0.988583	-0.026180	-0.972985	-0.150679	-0.174915
20259	9.704941	-0.255466	-0.342511	-0.536225	0.020955	-0.043488	-0.176584	-0.000920	0.984285	-0.143239	0.989378	-0.024773	-0.973807	-0.145363	-0.174840
20260	9.849152	-0.539971	-0.497424	-0.263579	-0.002291	-0.060220	-0.176583	-0.001532	0.984285	-0.140655	0.989775	-0.023693	-0.974184	-0.142629	-0.174993
20261	9.830600	-0.036909	-0.582647	-0.144443	-0.040243	-0.057996	-0.176882	-0.002201	0.984230	-0.139344	0.989981	-0.022828	-0.974318	-0.141184	-0.175417
20262	9.898645	-0.077823	-1.034466	-0.083651	-0.066642	-0.044998	-0.177524	-0.002794	0.984113	-0.138669	0.990090	-0.022204	-0.974298	-0.140407	-0.176152
20263	9.788885	0.266704	-1.285759	-0.021248	-0.077487	-0.033279	-0.178222	-0.003270	0.983985	-0.138515	0.990120	-0.021797	-0.974192	-0.140181	-0.176914
20264	9.506385	0.109550	-1.622000	-0.062138	-0.101919	-0.025340	-0.179228	-0.003713	0.983800	-0.137985	0.990203	-0.021401	-0.974083	-0.139585	-0.177985
20265	9.462732	0.003060	-1.808333	0.021372	-0.103965	-0.009372	-0.180217	-0.003989	0.983619	-0.138204	0.990175	-0.021306	-0.973869	-0.139780	-0.178997
20266	9.616868	0.098881	-1.894560	0.044380	-0.112431	-0.001422	-0.181358	-0.004191	0.983408	-0.138583	0.990121	-0.021337	-0.973604	-0.140154	-0.180147
20267	9.761729	0.367064	-2.015542	0.072610	-0.107418	0.016950	-0.182416	-0.004213	0.983212	-0.139253	0.990021	-0.021594	-0.973310	-0.140854	-0.181182
20268	9.771912	0.566637	-2.144031	0.040400	-0.099814	0.035487	-0.183483	-0.004045	0.983015	-0.139571	0.989968	-0.021978	-0.973064	-0.141233	-0.182207
20269	9.697006	0.361607	-2.404784	0.000038	-0.096643	0.052250	-0.184485	-0.003703	0.982828	-0.139470	0.989972	-0.022450	-0.972889	-0.141216	-0.183151
20270	9.589785	-0.224388	-2.449764	-0.002801	-0.095422	0.062127	-0.185549	-0.003264	0.982630	-0.139305	0.989982	-0.023016	-0.972711	-0.141156	-0.184145
20271	9.576556	-1.163127	-2.429258	0.068690	-0.104223	0.054954	-0.186628	-0.002906	0.982426	-0.139864	0.989888	-0.023642	-0.972424	-0.141819	-0.185147
20272	9.465135	-1.430272	-2.155352	0.322911	-0.102364	0.044189	-0.187734	-0.002657	0.982216	-0.142899	0.989431	-0.024637	-0.971769	-0.144983	-0.186130
20273	9.486009	-0.194390	-1.363018	0.503088	-0.105996	0.045156	-0.188818	-0.002404	0.982009	-0.147695	0.988692	-0.025978	-0.970842	-0.149943	-0.187038
20274	9.525871	0.675037	-0.512914	0.427139	-0.150212	0.059244	-0.190413	-0.002086	0.981702	-0.151705	0.988048	-0.027325	-0.969912	-0.154132	-0.188453
20275	9.606811	0.707323	0.015699	0.322251	-0.206529	0.086208	-0.192535	-0.001594	0.981289	-0.154658	0.987550	-0.028741	-0.969026	-0.157298	-0.190385
20276	9.580017	0.662134	0.261538	0.268515	-0.258859	0.103978	-0.195246	-0.001020	0.980754	-0.157036	0.987130	-0.030236	-0.968101	-0.159917	-0.192893
20277	9.435924	0.505250	0.410086	0.234413	-0.320611	0.111735	-0.198513	-0.000471	0.980098	-0.159079	0.986755	-0.031746	-0.967102	-0.162215	-0.195959
20278	9.306200	0.254101	0.463991	0.268071	-0.390094	0.117502	-0.202506	-0.000009	0.979281	-0.161481	0.986311	-0.033383	-0.965875	-0.164896	-0.199736
20279	9.412892	0.407782	0.471460	0.347035	-0.454587	0.124122	-0.207084	0.000419	0.978323	-0.164571	0.985735	-0.035258	-0.964382	-0.168305	-0.204061
20280	9.402495	0.710526	0.553090	0.335120	-0.528432	0.152664	-0.212451	0.001005	0.977171	-0.167365	0.985185	-0.037401	-0.962732	-0.171491	-0.209135
20281	9.184437	0.493877	0.365341	0.270811	-0.613329	0.177379	-0.218637	0.001655	0.975805	-0.169583	0.984717	-0.039666	-0.960958	-0.174152	-0.215015
20282	9.476162	0.223722	0.011520	0.268099	-0.681131	0.196772	-0.225527	0.002378	0.974234	-0.171606	0.984265	-0.042128	-0.959004	-0.176685	-0.221571
20283	9.518202	-0.056506	-0.485982	0.273689	-0.732158	0.216505	-0.232902	0.003167	0.972495	-0.173727	0.983774	-0.044810	-0.956857	-0.179385	-0.228573
20284	9.336283	-0.107596	-0.962067	0.264759	-0.789226	0.242309	-0.240876	0.004071	0.970547	-0.175687	0.983288	-0.047728	-0.954522	-0.182009	-0.236135
20285	9.399132	-1.071452	-2.131843	0.296563	-0.833367	0.252130	-0.249253	0.004983	0.968426	-0.177893	0.982736	-0.050843	-0.951960	-0.184949	-0.244063
20286	9.789631	-0.425815	-2.225212	0.652571	-0.834156	0.274357	-0.257676	0.006064	0.966212	-0.183371	0.981500	-0.055063	-0.948672	-0.191364	-0.251797
20287	9.382341	0.729401	-1.347540	0.440009	-0.840837	0.311545	-0.266204	0.007456	0.963888	-0.186720	0.980631	-0.059153	-0.945659	-0.195724	-0.259656
20288	9.093672	0.153073	-1.646436	0.333318	-0.902378	0.334817	-0.275348	0.008912	0.961303	-0.188932	0.979954	-0.063201	-0.942596	-0.199023	-0.268145
20289	9.481129	-0.063635	-0.875911	0.424737	-0.979515	0.351064	-0.285219	0.010343	0.958406	-0.191942	0.979069	-0.067687	-0.939046	-0.203264	-0.277264
20290	9.756609	0.686688	-0.211277	0.679047	-1.020284	0.373417	-0.295496	0.011876	0.955270	-0.197097	0.977653	-0.073123	-0.934791	-0.209889	-0.286552
20291	9.922622	2.491360	1.218020	0.480463	-1.085777	0.422269	-0.306449	0.013660	0.951789	-0.200307	0.976583	-0.078509	-0.930573	-0.214709	-0.296536
20292	9.693032	1.517076	1.006886	0.222077	-1.207691	0.463244	-0.318563	0.015628	0.947773	-0.200624	0.976101	-0.083528	-0.926427	-0.216755	-0.307814
20293	10.411270	0.942048	1.041921	0.249341	-1.321690	0.488184	-0.331744	0.017472	0.943208	-0.201340	0.975480	-0.088885	-0.921633	-0.219393	-0.320091
20294	10.689114	-0.503028	1.098739	0.190075	-1.434945	0.489691	-0.345873	0.019091	0.938087	-0.201251	0.975015	-0.094045	-0.916444	-0.221319	-0.333390
20295	10.503399	-2.742548	0.874063	0.529322	-1.566461	0.473374	-0.361124	0.020157	0.932300	-0.204413	0.973740	-0.100232	-0.909838	-0.226770	-0.347521
20296	10.963350	-2.776935	0.961597	1.004956	-1.689713	0.443153	-0.377300	0.020530	0.925864	-0.211796	0.971345	-0.107848	-0.901547	-0.236786	-0.362140
20297	12.001167	-1.602349	0.870079	1.245478	-1.790527	0.450608	-0.394319	0.020513	0.918745	-0.221229	0.968230	-0.116568	-0.891948	-0.249218	-0.377253
20298	13.964559	-0.922765	1.733294	1.071991	-1.903546	0.486759	-0.412240	0.020328	0.910849	-0.228778	0.965409	-0.125088	-0.881884	-0.259948	-0.393329
20299	13.696474	-2.320527	1.249700	0.855791	-2.025003	0.586299	-0.431334	0.020593	0.901957	-0.233812	0.963031	-0.133801	-0.871369	-0.268601	-0.410573
20300	13.330729	-1.561663	2.024561	0.866705	-2.169161	0.654004	-0.451579	0.020919	0.891986	-0.238444	0.960534	-0.143242	-0.859780	-0.277373	-0.428769
20301	13.652976	-1.086043	1.976780	0.641569	-2.293611	0.747197	-0.472936	0.021615	0.880832	-0.240473	0.958579	-0.152637	-0.847646	-0.284004	-0.448149
20302	13.941453	-0.740748	1.742236	0.398151	-2.377746	0.844056	-0.494875	0.022856	0.868663	-0.239766	0.957256	-0.161781	-0.835231	-0.288338	-0.468242
20303	14.550030	0.184302	1.063864	0.188525	-2.437982	0.920705	-0.517262	0.024572	0.855474	-0.236677	0.956497	-0.170580	-0.822450	-0.290706	-0.488944
20304	14.601540	0.704138	0.013120	-0.209763	-2.456645	0.979827	-0.539485	0.026780	0.841569	-0.229825	0.956857	-0.177778	-0.810022	-0.289322	-0.510056
20305	13.749608	0.819105	-1.800979	-0.606459	-2.428540	0.999805	-0.561245	0.029355	0.827129	-0.219456	0.958321	-0.182922	-0.798024	-0.284183	-0.531411
20306	12.741380	0.787915	-3.628738	-0.968220	-2.402966	0.920988	-0.582115	0.031420	0.812499	-0.206567	0.960755	-0.185148	-0.786430	-0.275613	-0.552780
20307	11.773662	0.075134	-5.772975	-1.256161	-2.381791	0.755455	-0.602204	0.032224	0.797692	-0.192298	0.963911	-0.184111	-0.774837	-0.264267	-0.574274
20308	10.799449	-0.241393	-8.452228	-1.340948	-2.320910	0.518079	-0.620882	0.031182	0.783283	-0.178868	0.967214	-0.180286	-0.763224	-0.252041	-0.594949
20309	10.548149	-0.371871	-9.961784	-1.336055	-2.213887	0.249375	-0.638072	0.028117	0.769463	-0.167192	0.970430	-0.174104	-0.751606	-0.239739	-0.614503
20310	10.338881	-2.168829	-10.750809	-1.234300	-1.991959	0.034516	-0.652868	0.023732	0.757100	-0.157809	0.973316	-0.166592	-0.740851	-0.228240	-0.631702
20311	9.138036	-4.268412	-10.466701	-0.561689	-1.596879	-0.064852	-0.664510	0.019460	0.747026	-0.154117	0.974601	-0.162481	-0.731214	-0.223100	-0.644633
20312	9.565366	-4.188374	-8.036000	0.104370	-1.083356	-0.141581	-0.672057	0.015599	0.740335	-0.155871	0.974398	-0.162026	-0.723909	-0.224287	-0.652420
20313	8.883914	-3.122207	-5.356152	0.468932	-0.515770	-0.272278	-0.675338	0.011742	0.737415	-0.161106	0.973377	-0.163043	-0.719697	-0.228911	-0.655466
20314	7.414662	-0.748851	-4.661280	0.382114	0.007544	-0.482353	-0.674376	0.007013	0.738355	-0.167159	0.972544	-0.161913	-0.719218	-0.232613	-0.654688
20315	6.432715	-1.318666	-6.278231	0.127243	0.459809	-0.731655	-0.669807	0.000934	0.742535	-0.173010	0.972280	-0.157287	-0.722099	-0.233818	-0.651078
20316	5.847704	-2.656110	-7.787738	0.278329	0.898047	-0.906380	-0.661573	-0.005817	0.749858	-0.181109	0.971607	-0.152249	-0.727682	-0.236530	-0.643843
20317	5.462545	-3.555426	-8.215143	0.746870	1.345435	-1.004153	-0.649842	-0.012369	0.759969	-0.193171	0.969725	-0.149396	-0.735113	-0.243888	-0.632557
20318	4.969323	-3.701986	-7.751280	1.169943	1.785449	-1.070132	-0.634369	-0.018321	0.772814	-0.208740	0.966642	-0.148430	-0.744314	-0.255477	-0.617031
20319	4.679233	-3.199547	-7.191833	1.532453	2.200300	-1.134594	-0.615389	-0.023512	0.787873	-0.227332	0.962375	-0.148844	-0.754730	-0.270705	-0.597580
20320	4.455221	-2.165568	-6.392079	1.685035	2.551225	-1.178333	-0.593078	-0.027746	0.804667	-0.247306	0.957371	-0.149265	-0.766223	-0.287525	-0.574658
20321	4.496569	-1.375494	-6.032099	1.509724	2.848760	-1.196416	-0.567982	-0.030799	0.822464	-0.265929	0.952568	-0.147975	-0.778895	-0.302764	-0.549232
20322	4.716835	-1.294288	-6.311004	1.195104	3.098655	-1.168881	-0.540318	-0.032380	0.840838	-0.281833	0.948508	-0.144579	-0.792860	-0.315094	-0.521622
20323	5.223238	-1.995637	-6.909489	0.899082	3.296558	-1.095132	-0.510761	-0.032240	0.859118	-0.294794	0.945281	-0.139787	-0.807601	-0.324661	-0.492317
20324	5.670121	-2.555511	-6.634164	0.975349	3.461637	-0.971614	-0.479524	-0.030033	0.877014	-0.307580	0.941764	-0.135925	-0.821858	-0.334932	-0.460836
20325	6.078831	-1.319801	-5.845047	0.970550	3.620650	-0.821272	-0.446923	-0.025477	0.894210	-0.319436	0.938239	-0.132921	-0.835596	-0.345048	-0.427459
20326	6.242212	0.134271	-5.156375	0.416262	3.715930	-0.638875	-0.413437	-0.018597	0.910343	-0.325715	0.936655	-0.128790	-0.850282	-0.349759	-0.393305
20327	6.148592	-0.297070	-5.036228	-0.448860	3.731976	-0.479903	-0.379820	-0.010145	0.925005	-0.323769	0.938152	-0.122655	-0.866551	-0.346074	-0.359614
20328	5.993218	-2.530059	-5.566074	-1.056042	3.704399	-0.368642	-0.346130	-0.001016	0.938186	-0.315883	0.941739	-0.115521	-0.883410	-0.336342	-0.326285
20329	5.755170	-4.532132	-6.185810	-1.083277	3.694506	-0.313297	-0.312207	0.008229	0.949978	-0.307259	0.945343	-0.109168	-0.898954	-0.325973	-0.292614
20330	5.690236	-5.053069	-6.275813	-0.882379	3.692509	-0.313909	-0.277722	0.017090	0.960509	-0.300202	0.948225	-0.103673	-0.912551	-0.317139	-0.258213
20331	5.811158	-5.340823	-6.503096	-0.723432	3.681307	-0.338792	-0.242884	0.025373	0.969723	-0.294436	0.950569	-0.098619	-0.924291	-0.309475	-0.223407
20332	6.076741	-5.538648	-6.592379	-0.326890	3.635741	-0.388286	-0.207906	0.032826	0.977598	-0.292278	0.951691	-0.094115	-0.933461	-0.305297	-0.188268
20333	6.835311	-4.952448	-6.700245	0.307454	3.590907	-0.427271	-0.173002	0.039718	0.984120	-0.295966	0.950911	-0.090407	-0.939401	-0.306906	-0.152754
20334	7.215429	-2.936097	-6.026222	0.993155	3.515038	-0.448028	-0.138542	0.046370	0.989270	-0.306004	0.948020	-0.087291	-0.941896	-0.314814	-0.117152
20335	7.724068	-0.506354	-5.153233	1.139973	3.375279	-0.441305	-0.105344	0.052939	0.993026	-0.317275	0.944605	-0.084015	-0.942464	-0.323913	-0.082713
20336	8.056003	0.389378	-4.772988	0.925262	3.169227	-0.430853	-0.074060	0.059229	0.995493	-0.326374	0.941822	-0.080316	-0.942335	-0.330851	-0.050421
20337	8.400269	0.562999	-4.143236	0.846225	2.890199	-0.427543	-0.045406	0.064824	0.996863	-0.334588	0.939269	-0.076319	-0.941270	-0.337004	-0.020959
20338	8.938024	0.920481	-3.568646	0.884069	2.571767	-0.449761	-0.019684	0.069328	0.997400	-0.343035	0.936569	-0.071870	-0.939116	-0.343557	0.005347
20339	9.245344	1.726431	-2.328479	0.864744	2.223188	-0.460541	0.002782	0.072697	0.997350	-0.351170	0.933905	-0.067092	-0.936308	-0.350053	0.028127
20340	9.669621	1.654853	-1.251589	0.476097	1.827812	-0.451213	0.021484	0.074874	0.996962	-0.355554	0.932572	-0.062376	-0.934409	-0.353134	0.046657
20341	9.616927	1.102781	-0.116458	0.273980	1.391525	-0.425751	0.036016	0.075794	0.996473	-0.357976	0.931931	-0.057947	-0.933036	-0.354626	0.060697
20342	9.349133	0.866362	0.982806	-0.168968	0.894246	-0.405610	0.045819	0.075128	0.996121	-0.356218	0.932843	-0.053970	-0.933279	-0.352363	0.069504
20343	8.797687	-1.158385	-0.644369	-0.604927	0.409621	-0.392507	0.051052	0.072858	0.996035	-0.350361	0.935255	-0.050454	-0.935222	-0.346396	0.073273
20344	8.225175	-1.474628	-1.883086	-0.412880	-0.003826	-0.377586	0.052340	0.069263	0.996224	-0.346287	0.936953	-0.046949	-0.936668	-0.342522	0.073025
20345	8.060748	-0.160168	-3.134447	-0.459135	-0.293480	-0.311381	0.050679	0.065308	0.996577	-0.341806	0.938733	-0.044136	-0.938403	-0.338400	0.069897
20346	7.638522	0.645931	-4.349239	-0.872795	-0.487209	-0.207007	0.046796	0.061683	0.996998	-0.333485	0.941792	-0.042615	-0.941593	-0.330490	0.064642
20347	7.261190	1.102886	-5.373016	-1.250851	-0.583331	-0.093331	0.041615	0.058872	0.997398	-0.321624	0.945917	-0.042415	-0.945953	-0.319022	0.058299
20348	7.406832	2.433315	-5.543959	-1.546284	-0.622306	0.023681	0.035619	0.057097	0.997733	-0.306950	0.950733	-0.043449	-0.951059	-0.304706	0.051390
20349	8.257889	3.170778	-4.824435	-2.085157	-0.609353	0.150276	0.029375	0.056697	0.997959	-0.287085	0.956804	-0.045909	-0.957455	-0.285151	0.044383
20350	9.364602	2.352264	-3.814768	-2.872046	-0.502576	0.239187	0.023855	0.057556	0.998057	-0.259518	0.964473	-0.049416	-0.965444	-0.257835	0.037944
20351	10.261316	-2.160311	-3.563353	-3.232260	-0.283308	0.174400	0.020698	0.058522	0.998072	-0.228205	0.972209	-0.052273	-0.973393	-0.226683	0.033478
20352	11.612223	-3.944008	-1.920157	-2.377905	0.059605	0.027699	0.021171	0.058840	0.998043	-0.204986	0.977314	-0.053269	-0.978536	-0.203457	0.032752
20353	11.376824	-4.038184	1.001853	-2.272071	0.310112	-0.043223	0.024310	0.058975	0.997963	-0.182678	0.981713	-0.053565	-0.982872	-0.181004	0.034639
20354	10.376678	-8.244827	2.002602	-2.379928	0.404023	-0.068080	0.028352	0.058919	0.997860	-0.159202	0.985785	-0.053682	-0.986839	-0.157340	0.037329
20355	9.562294	-10.632930	2.860702	-1.517398	0.379772	-0.128578	0.032310	0.058180	0.997783	-0.144157	0.988137	-0.052950	-0.989027	-0.142126	0.040314
20356	9.727094	-9.825954	3.759718	-0.671551	0.225654	-0.158348	0.034714	0.056887	0.997777	-0.137438	0.989165	-0.051615	-0.989902	-0.135341	0.042157
20357	11.569416	-8.433954	4.502836	-0.024923	0.004806	-0.099187	0.034909	0.055875	0.997827	-0.137141	0.989258	-0.050597	-0.989936	-0.135077	0.042197
20358	12.166325	-6.488652	4.948246	0.031651	-0.253148	-0.010997	0.032376	0.055412	0.997939	-0.137428	0.989225	-0.050470	-0.989983	-0.135511	0.039642
20359	11.581480	-5.359881	3.556940	0.178727	-0.466828	0.014595	0.027746	0.054881	0.998107	-0.139186	0.988977	-0.050510	-0.989877	-0.137522	0.035078
20360	10.897535	-1.146517	2.747883	0.799727	-0.597923	-0.005555	0.021806	0.053987	0.998304	-0.147074	0.987850	-0.050209	-0.988885	-0.145729	0.029481
20361	10.481166	5.394211	1.704326	1.058510	-0.747184	-0.088034	0.014569	0.051951	0.998543	-0.157503	0.986301	-0.049016	-0.987411	-0.156559	0.022552
20362	11.316804	11.502367	0.951447	0.601568	-0.978858	-0.198834	0.005203	0.048426	0.998813	-0.163399	0.985443	-0.046927	-0.986546	-0.162961	0.013040
20363	10.458839	9.463272	0.047963	-1.001755	-1.115039	-0.191270	-0.005491	0.044737	0.998984	-0.153494	0.987122	-0.045050	-0.988134	-0.153586	0.001447
20364	9.544340	2.026225	-2.422044	-1.312521	-1.002865	-0.199795	-0.015134	0.041249	0.999034	-0.140517	0.989145	-0.042969	-0.989963	-0.141031	-0.009173
20365	9.422618	-0.142967	-2.589782	-0.948960	-0.897877	-0.258590	-0.023665	0.037426	0.999019	-0.131154	0.990546	-0.040215	-0.991080	-0.131977	-0.018533
20366	9.433148	-3.772100	-4.111151	-1.006815	-0.857924	-0.353820	-0.031751	0.032786	0.998958	-0.121253	0.991954	-0.036410	-0.992114	-0.122283	-0.027520
20367	9.828432	-5.150370	-4.841917	-0.126075	-0.743954	-0.415669	-0.038619	0.027718	0.998870	-0.120136	0.992236	-0.032178	-0.992006	-0.121243	-0.034989
20368	9.646385	-2.296017	-3.683653	0.269629	-0.643466	-0.354612	-0.044610	0.023380	0.998731	-0.122941	0.991999	-0.028714	-0.991411	-0.124066	-0.041378
20369	9.790570	-0.727899	-3.226207	-0.192102	-0.651109	-0.231930	-0.050771	0.020239	0.998505	-0.121135	0.992288	-0.026272	-0.991337	-0.122288	-0.047928
20370	10.035852	-1.281032	-3.489025	-0.611237	-0.635155	-0.119065	-0.056978	0.018272	0.998208	-0.115121	0.993043	-0.024749	-0.991716	-0.116325	-0.054478
20371	10.029928	-0.737580	-3.026172	-0.698130	-0.583574	-0.052434	-0.062698	0.017054	0.997887	-0.108216	0.993843	-0.023784	-0.992148	-0.109479	-0.060466
20372	10.024402	-0.448016	-2.554965	-0.759663	-0.560564	-0.040686	-0.068277	0.016031	0.997538	-0.100687	0.994655	-0.022876	-0.992573	-0.102001	-0.066298
20373	10.199411	-0.349304	-2.269827	-0.551484	-0.523801	-0.079436	-0.073389	0.014682	0.997195	-0.095258	0.995217	-0.021663	-0.992744	-0.096580	-0.071640
20374	10.178967	0.737591	-1.549011	-0.244056	-0.483128	-0.126275	-0.078131	0.012939	0.996859	-0.092914	0.995469	-0.020203	-0.992604	-0.094200	-0.076574
20375	10.091829	1.520824	-1.170436	-0.085058	-0.446465	-0.164377	-0.082400	0.010845	0.996540	-0.092191	0.995570	-0.018457	-0.992326	-0.093393	-0.081035
20376	9.861024	1.848964	-0.834890	0.025794	-0.432798	-0.190285	-0.086583	0.008515	0.996208	-0.092592	0.995566	-0.016557	-0.991933	-0.093674	-0.085411
20377	9.794458	1.273112	-0.605850	-0.084283	-0.423385	-0.195164	-0.090593	0.006139	0.995869	-0.091918	0.995661	-0.014499	-0.991637	-0.092852	-0.089635
20378	9.327263	0.170115	-0.357623	-0.059540	-0.421525	-0.182941	-0.094668	0.003891	0.995501	-0.091483	0.995727	-0.012592	-0.991297	-0.092264	-0.093907
20379	9.434935	0.261595	0.169186	-0.013938	-0.438717	-0.140849	-0.098878	0.002045	0.995097	-0.091471	0.995745	-0.011136	-0.990887	-0.092124	-0.098270
20380	9.646330	0.919518	0.407009	-0.108307	-0.451981	-0.085303	-0.103338	0.000745	0.994646	-0.090472	0.995847	-0.010145	-0.990523	-0.091036	-0.102842
20381	9.483608	1.787477	0.399253	-0.416013	-0.466562	-0.021038	-0.107931	0.000082	0.994158	-0.086363	0.996219	-0.009458	-0.990400	-0.086880	-0.107516
20382	9.437387	1.344169	-0.222215	-0.819309	-0.502580	0.025460	-0.112985	-0.000122	0.993597	-0.078209	0.996898	-0.008771	-0.990514	-0.078699	-0.112644
20383	9.468622	0.010081	-1.162017	-0.974714	-0.523931	0.034471	-0.118192	-0.000204	0.992991	-0.068504	0.997619	-0.007949	-0.990625	-0.068963	-0.117924
20384	9.570527	-0.324236	-1.608578	-0.789797	-0.516431	0.021385	-0.123375	-0.000370	0.992360	-0.060644	0.998134	-0.007167	-0.990505	-0.061065	-0.123167
20385	9.562208	0.339933	-1.732642	-0.630176	-0.500209	0.003051	-0.128323	-0.000668	0.991732	-0.054390	0.998499	-0.006365	-0.990240	-0.054757	-0.128166
20386	9.582324	0.632384	-1.842961	-0.591593	-0.496405	-0.016520	-0.133284	-0.001135	0.991077	-0.048545	0.998807	-0.005385	-0.989888	-0.048829	-0.133180
20387	9.725031	0.382985	-2.294228	-0.541762	-0.468707	-0.025124	-0.137904	-0.001641	0.990444	-0.043208	0.999057	-0.004361	-0.989503	-0.043397	-0.137844
20388	9.580967	0.184403	-2.357810	-0.524854	-0.447475	-0.025975	-0.142377	-0.002129	0.989810	-0.038043	0.999271	-0.003323	-0.989081	-0.038128	-0.142354
20389	9.375604	-1.188257	-2.493650	-0.576797	-0.465007	-0.037706	-0.146955	-0.002709	0.989139	-0.032386	0.999473	-0.002074	-0.988613	-0.032339	-0.146965
20390	9.357687	-3.651753	-2.971377	-0.378090	-0.470814	-0.064715	-0.151649	-0.003544	0.988428	-0.028737	0.999587	-0.000825	-0.988017	-0.028529	-0.151688
20391	9.628640	-2.969453	-2.692512	0.307477	-0.438471	-0.090783	-0.155944	-0.004622	0.987755	-0.031905	0.999491	-0.000360	-0.987250	-0.031571	-0.156012
20392	9.889410	-0.260360	-1.983803	0.493779	-0.425530	-0.082282	-0.160179	-0.005623	0.987072	-0.036898	0.999319	-0.000294	-0.986398	-0.036468	-0.160278
20393	9.788175	0.797173	-1.952725	0.292091	-0.442409	-0.069384	-0.164507	-0.006523	0.986354	-0.039883	0.999204	-0.000043	-0.985569	-0.039346	-0.164637
20394	9.594631	0.292102	-2.025075	0.125435	-0.449714	-0.061260	-0.168977	-0.007350	0.985593	-0.041211	0.999150	0.000386	-0.984758	-0.040552	-0.169136
20395	9.427077	-0.494380	-1.892124	0.054754	-0.456027	-0.055573	-0.173435	-0.008130	0.984812	-0.041838	0.999124	0.000880	-0.983956	-0.041050	-0.173624
20396	9.293813	-1.816049	-1.973153	0.127173	-0.472973	-0.066849	-0.178123	-0.009030	0.983967	-0.043197	0.999066	0.001349	-0.983060	-0.042264	-0.178346
20397	9.602069	-1.444775	-1.641327	0.499773	-0.483151	-0.079105	-0.182826	-0.010075	0.983094	-0.048243	0.998835	0.001265	-0.981961	-0.047196	-0.183099
20398	9.788833	0.517824	-1.174194	0.679479	-0.501327	-0.073086	-0.187771	-0.011088	0.982150	-0.055037	0.998484	0.000750	-0.980670	-0.053913	-0.188097
20399	9.778802	1.689352	-1.135023	0.494990	-0.522328	-0.049773	-0.192854	-0.011918	0.981155	-0.059976	0.998200	0.000336	-0.979393	-0.058781	-0.193221
20400	9.490569	1.393310	-1.449621	0.262854	-0.545941	-0.023371	-0.198243	-0.012512	0.980073	-0.062586	0.998040	0.000081	-0.978153	-0.061323	-0.198637
20401	9.436937	0.659689	-1.898732	0.216571	-0.563901	-0.011188	-0.203739	-0.013014	0.978939	-0.064720	0.997903	-0.000204	-0.976884	-0.063398	-0.204155
20402	9.505220	0.259605	-2.156272	0.349353	-0.574267	-0.000339	-0.209403	-0.013427	0.977737	-0.068123	0.997677	-0.000889	-0.975454	-0.066793	-0.209831
20403	9.561298	0.536797	-2.169338	0.510741	-0.580029	0.004857	-0.215051	-0.013819	0.976505	-0.073085	0.997324	-0.001981	-0.973864	-0.071794	-0.215486
20404	9.761050	0.612504	-2.035901	0.521209	-0.573389	0.011066	-0.220696	-0.014172	0.975240	-0.078126	0.996938	-0.003192	-0.972209	-0.076896	-0.221128
20405	9.593773	0.318822	-2.149637	0.577271	-0.567446	0.018850	-0.226214	-0.014476	0.973970	-0.083686	0.996481	-0.004627	-0.970476	-0.082555	-0.226630
20406	9.340381	0.923146	-1.720771	0.610452	-0.591742	0.038575	-0.232040	-0.014636	0.972596	-0.089510	0.995966	-0.006367	-0.968579	-0.088535	-0.232414
20407	9.380691	0.224144	-1.843572	0.471631	-0.628061	0.065372	-0.238168	-0.014594	0.971114	-0.093916	0.995547	-0.008071	-0.966672	-0.093126	-0.238478
20408	9.458018	-0.188132	-1.699734	0.616116	-0.650580	0.078737	-0.244579	-0.014477	0.969521	-0.099670	0.994967	-0.010286	-0.964493	-0.099148	-0.244791
20409	9.643446	0.096882	-1.219098	0.598694	-0.675563	0.095207	-0.251175	-0.014258	0.967837	-0.105198	0.994371	-0.012652	-0.962208	-0.104992	-0.251261
20410	9.536959	-0.312525	-0.964285	0.448995	-0.726157	0.109666	-0.258320	-0.013987	0.965958	-0.109229	0.993906	-0.014819	-0.959865	-0.109338	-0.258274
20411	9.394363	-1.162565	-1.229793	0.607152	-0.769522	0.114558	-0.265814	-0.013751	0.963926	-0.114745	0.993241	-0.017473	-0.957171	-0.115250	-0.265595
20412	9.228556	0.114358	-0.834256	0.939688	-0.814178	0.121770	-0.273782	-0.013556	0.961696	-0.123391	0.992133	-0.021143	-0.953844	-0.124453	-0.273301
20413	9.229610	1.311448	-0.083848	0.780476	-0.877059	0.132351	-0.282290	-0.013407	0.959235	-0.130451	0.991151	-0.024538	-0.950418	-0.132060	-0.281541
20414	9.045243	1.304358	-0.111109	0.648447	-0.947745	0.173246	-0.291548	-0.013011	0.956468	-0.136101	0.990299	-0.028014	-0.946824	-0.138344	-0.290490
20415	8.842524	0.966373	0.060279	0.478025	-1.032549	0.206433	-0.301579	-0.012458	0.953360	-0.140004	0.989654	-0.031356	-0.943106	-0.142931	-0.300203
20416	8.678489	0.475458	0.310400	0.563124	-1.133608	0.232533	-0.312603	-0.011852	0.949810	-0.144588	0.988864	-0.035247	-0.938815	-0.148350	-0.310835
20417	8.906135	1.015646	1.020954	0.588681	-1.252781	0.268176	-0.324717	-0.011133	0.945746	-0.149245	0.988006	-0.039612	-0.933962	-0.154011	-0.322484
20418	9.822228	1.448491	1.356413	0.595280	-1.365817	0.309194	-0.337919	-0.010267	0.941119	-0.153764	0.987108	-0.044441	-0.928530	-0.159728	-0.335142
20419	10.176330	2.017760	1.713383	0.475375	-1.478283	0.355717	-0.352144	-0.009190	0.935901	-0.156937	0.986374	-0.049364	-0.922695	-0.164261	-0.348788
20420	10.418218	2.028093	1.085009	0.317615	-1.599277	0.410469	-0.367497	-0.007843	0.929992	-0.158384	0.985885	-0.054273	-0.916439	-0.167241	-0.363552
20421	10.934903	1.609256	0.400403	0.179528	-1.727338	0.446879	-0.383965	-0.006378	0.923326	-0.158346	0.985617	-0.059040	-0.909669	-0.168874	-0.379453
20422	11.527791	0.423172	-0.958336	0.086743	-1.825350	0.450025	-0.401199	-0.005087	0.915977	-0.157372	0.985499	-0.063456	-0.902371	-0.169607	-0.396182
20423	12.523410	-1.014509	-2.199532	0.149842	-1.866813	0.434142	-0.418642	-0.004026	0.908142	-0.156942	0.985265	-0.067980	-0.894487	-0.170985	-0.413106
20424	13.913409	-2.241145	-1.593301	0.439873	-1.915971	0.444721	-0.436374	-0.003017	0.899760	-0.158964	0.984523	-0.073794	-0.885612	-0.175232	-0.430100
20425	13.904465	-2.297609	-0.606297	0.678939	-1.992237	0.478304	-0.454677	-0.001906	0.890654	-0.162818	0.983325	-0.081014	-0.875648	-0.181849	-0.447405
20426	13.852114	-2.556542	0.571393	0.509916	-2.076637	0.513281	-0.473557	-0.000736	0.880763	-0.164884	0.982395	-0.087831	-0.865192	-0.186817	-0.465341
20427	13.862734	-2.687602	1.459871	0.692403	-2.181174	0.560504	-0.493223	0.000580	0.869903	-0.168132	0.981081	-0.095983	-0.853500	-0.193599	-0.483794
20428	14.191439	-1.335718	2.829077	0.733356	-2.301044	0.666446	-0.513791	0.002537	0.857912	-0.171001	0.979627	-0.105307	-0.840701	-0.200810	-0.502890
20429	14.891084	0.104522	3.551681	0.481040	-2.454757	0.776457	-0.535577	0.005114	0.844471	-0.170947	0.978623	-0.114344	-0.827003	-0.205600	-0.523254
20430	15.759941	0.087863	2.734405	0.160096	-2.594346	0.872828	-0.558244	0.008262	0.829636	-0.167505	0.978237	-0.122452	-0.812592	-0.207327	-0.544711
20431	16.142845	0.478255	0.847583	0.051098	-2.654085	0.930239	-0.581135	0.011811	0.813722	-0.162628	0.978041	-0.130340	-0.797392	-0.208079	-0.566453
20432	15.329052	0.567140	-1.945317	-0.379650	-2.624065	0.944215	-0.603258	0.015597	0.797394	-0.154064	0.978698	-0.135698	-0.782524	-0.204710	-0.588005
20433	13.859068	0.536120	-4.392116	-1.062797	-2.524652	0.873230	-0.624115	0.019073	0.781100	-0.140474	0.980673	-0.136187	-0.768601	-0.194721	-0.609374
20434	11.741704	-0.682094	-7.039929	-1.790820	-2.352535	0.739066	-0.642910	0.021911	0.765628	-0.122171	0.983860	-0.130745	-0.756136	-0.177595	-0.629856
20435	9.126407	-2.796842	-9.524037	-1.735709	-2.298801	0.542371	-0.660753	0.023326	0.750241	-0.105638	0.986679	-0.123714	-0.743133	-0.160998	-0.649487
20436	8.278096	-3.613608	-10.331852	-1.069168	-2.217014	0.361694	-0.677335	0.023398	0.735303	-0.095377	0.988266	-0.119306	-0.729466	-0.150941	-0.667155
20437	6.908115	-2.412863	-10.816696	-0.779120	-1.985409	0.184334	-0.691852	0.022258	0.721696	-0.088499	0.989374	-0.115353	-0.716595	-0.143676	-0.682531
20438	6.306638	-3.607615	-11.894778	-0.723722	-1.694039	0.075419	-0.703867	0.020590	0.710033	-0.082857	0.990376	-0.110857	-0.705483	-0.136860	-0.695387
20439	8.287918	-5.356545	-8.190126	-0.046322	-1.155334	0.022254	-0.711982	0.019193	0.701935	-0.082392	0.990438	-0.110653	-0.697347	-0.136617	-0.703593
20440	8.562985	-3.566154	-4.131636	0.586996	-0.481536	0.005629	-0.715248	0.018547	0.698624	-0.086462	0.989620	-0.114792	-0.693501	-0.142509	-0.706220
20441	6.172095	0.132263	-4.781186	0.338998	0.092124	-0.108861	-0.714506	0.017565	0.699409	-0.089610	0.989153	-0.116386	-0.693867	-0.145832	-0.705182
20442	4.813021	-1.710126	-7.461293	-0.303735	0.465997	-0.385043	-0.710827	0.014401	0.703220	-0.090269	0.989655	-0.111511	-0.697551	-0.142744	-0.702173
20443	4.351172	-5.223574	-9.068352	0.261617	0.864175	-0.619108	-0.704187	0.009481	0.709951	-0.096499	0.989355	-0.108928	-0.703426	-0.145215	-0.695776
20444	4.249442	-5.265774	-8.453432	1.269079	1.355815	-0.711831	-0.693771	0.004477	0.720182	-0.110478	0.987483	-0.112566	-0.711672	-0.157659	-0.684593
20445	4.020651	-4.489969	-7.656689	1.814807	1.831313	-0.730236	-0.679760	0.000290	0.733435	-0.128521	0.984480	-0.119505	-0.722086	-0.175496	-0.669173
20446	4.041107	-3.584250	-7.314463	2.085274	2.232647	-0.766642	-0.662356	-0.003105	0.749183	-0.148870	0.980596	-0.127553	-0.734250	-0.196016	-0.649966
20447	3.911919	-2.559351	-6.948979	2.264561	2.565760	-0.831481	-0.642005	-0.005961	0.766677	-0.171086	0.975869	-0.135678	-0.747368	-0.218274	-0.627533
20448	4.105127	-0.916443	-6.398407	2.242509	2.862590	-0.856203	-0.618768	-0.007734	0.785536	-0.193419	0.970669	-0.142799	-0.761390	-0.240297	-0.602115
20449	4.542153	0.106105	-6.413279	1.788755	3.125829	-0.805564	-0.593080	-0.007786	0.805106	-0.212071	0.966154	-0.146878	-0.776712	-0.257850	-0.574658
20450	4.940724	-1.053169	-7.070077	1.147240	3.328276	-0.689901	-0.565360	-0.005677	0.824825	-0.225089	0.963085	-0.147655	-0.793538	-0.269138	-0.545768
20451	5.171433	-2.495765	-6.985191	1.072769	3.501650	-0.551703	-0.535988	-0.001411	0.844225	-0.236742	0.960126	-0.148700	-0.810352	-0.279565	-0.514950
20452	5.486533	-1.905922	-6.531182	1.118703	3.649304	-0.397354	-0.505078	0.005173	0.863058	-0.247978	0.956948	-0.150857	-0.826682	-0.290214	-0.482050
20453	5.806398	-1.128538	-6.006485	0.790704	3.734440	-0.259960	-0.473228	0.013626	0.880835	-0.255859	0.954653	-0.152228	-0.842966	-0.297408	-0.448282
20454	6.225265	-1.651963	-5.818910	0.324967	3.768884	-0.157411	-0.440670	0.023373	0.897365	-0.259351	0.953715	-0.152200	-0.859388	-0.299802	-0.414212
20455	6.668637	-2.498060	-5.944573	0.031162	3.782990	-0.113256	-0.407544	0.033585	0.912568	-0.260106	0.953659	-0.151258	-0.875359	-0.299008	-0.379922
20456	6.797485	-3.190163	-6.071546	-0.049973	3.792488	-0.118530	-0.373687	0.043753	0.926522	-0.260129	0.953858	-0.149960	-0.890332	-0.297053	-0.345063
20457	6.875694	-3.173513	-5.978383	-0.066850	3.780720	-0.156556	-0.339341	0.053409	0.939146	-0.260088	0.954138	-0.148239	-0.903992	-0.294565	-0.309887
20458	6.970457	-3.279310	-5.923193	-0.176850	3.743372	-0.206517	-0.304673	0.062390	0.950411	-0.259140	0.954779	-0.145749	-0.916527	-0.290695	-0.274728
20459	7.136405	-3.858331	-6.409311	-0.206596	3.694588	-0.264502	-0.269901	0.070487	0.960305	-0.257992	0.955558	-0.142650	-0.927682	-0.286253	-0.239721
20460	7.300480	-4.376422	-6.845247	0.017607	3.647170	-0.320093	-0.235028	0.077823	0.968868	-0.258955	0.955750	-0.139587	-0.936858	-0.283701	-0.204475
20461	7.439134	-4.288053	-6.704386	0.498232	3.587280	-0.368749	-0.200319	0.084476	0.976082	-0.264438	0.954638	-0.136890	-0.943369	-0.285535	-0.168893
20462	7.491661	-2.954654	-5.995495	0.980206	3.502746	-0.412674	-0.166068	0.090660	0.981938	-0.274442	0.952175	-0.134326	-0.947155	-0.291793	-0.133245
20463	7.655238	-1.552026	-5.321425	1.073802	3.342586	-0.449791	-0.133096	0.096220	0.986421	-0.285290	0.949432	-0.131105	-0.949155	-0.298866	-0.098915
20464	8.062482	-0.881716	-5.007080	1.081734	3.123383	-0.484532	-0.102019	0.101078	0.989634	-0.296110	0.946644	-0.127213	-0.949690	-0.306019	-0.066646
20465	8.387446	-0.474314	-4.523983	1.151946	2.859856	-0.518497	-0.073288	0.105008	0.991767	-0.307490	0.943616	-0.122632	-0.948725	-0.313946	-0.036867
20466	8.420122	-0.020495	-3.607832	1.243543	2.534424	-0.531664	-0.047605	0.108070	0.993003	-0.319572	0.940230	-0.117647	-0.946365	-0.322937	-0.010223
20467	8.162749	0.327081	-2.802282	1.152426	2.160170	-0.537558	-0.025426	0.110057	0.993600	-0.330646	0.937055	-0.112255	-0.943412	-0.331384	0.012564
20468	8.131473	1.504483	-2.733025	1.192787	1.769955	-0.490547	-0.007117	0.111409	0.993749	-0.341934	0.933599	-0.107114	-0.939697	-0.340559	0.031450
20469	8.148786	3.361259	-1.518939	0.720657	1.341060	-0.390882	0.006837	0.112331	0.993647	-0.348685	0.931573	-0.102914	-0.937215	-0.345766	0.045537
20470	7.974580	2.335898	-1.631839	-0.133420	0.890001	-0.273618	0.016122	0.112829	0.993484	-0.347382	0.932350	-0.100249	-0.937585	-0.343502	0.054227
20471	7.762091	0.795934	-2.122151	-0.552337	0.492864	-0.158926	0.021315	0.112990	0.993367	-0.342154	0.934420	-0.098943	-0.939402	-0.337776	0.058577
20472	7.735147	-0.080115	-2.754908	-0.891012	0.143568	-0.068218	0.022882	0.112802	0.993354	-0.333737	0.937478	-0.098769	-0.942389	-0.329259	0.059097
20473	7.299024	-1.142288	-3.873639	-1.113714	-0.141049	-0.014622	0.021617	0.112173	0.993454	-0.323203	0.941113	-0.099230	-0.946083	-0.318942	0.056598
20474	7.145828	-1.159535	-4.398704	-1.076858	-0.357196	0.014684	0.018158	0.111157	0.993637	-0.312981	0.944487	-0.099939	-0.949586	-0.309175	0.051940
20475	8.256417	0.053894	-3.679483	-1.076158	-0.524380	0.025986	0.013108	0.109771	0.993870	-0.302733	0.947742	-0.100684	-0.952985	-0.299558	0.045654
20476	8.683945	1.422771	-2.867978	-1.432604	-0.658449	0.051934	0.006626	0.108297	0.994097	-0.289037	0.951893	-0.101773	-0.957295	-0.286657	0.037609
20477	10.056995	-1.057221	-2.955406	-1.867149	-0.557383	0.053145	0.001143	0.107219	0.994235	-0.271102	0.957035	-0.102895	-0.962550	-0.269421	0.030161
20478	11.488782	-2.739725	-1.972983	-1.682338	-0.279038	0.060824	-0.001758	0.107028	0.994254	-0.254855	0.961377	-0.103939	-0.966978	-0.253573	0.025587
20479	11.103845	-3.693745	-0.605971	-1.795008	-0.071272	0.013293	-0.002466	0.106945	0.994262	-0.237444	0.965767	-0.104469	-0.971398	-0.236339	0.023012
20480	10.565127	-6.118692	-0.515375	-1.553381	0.006456	-0.080506	-0.002273	0.106141	0.994348	-0.222310	0.969415	-0.103988	-0.974973	-0.221290	0.021393
20481	10.435302	-6.864866	0.412249	-0.868917	0.023958	-0.127771	-0.001746	0.104916	0.994480	-0.213819	0.971443	-0.102862	-0.976872	-0.212818	0.020737
20482	11.080502	-4.741414	2.238479	-0.361864	-0.027566	-0.152495	-0.001751	0.103352	0.994643	-0.210262	0.972372	-0.101408	-0.977643	-0.209313	0.020028
20483	12.518176	-3.508791	2.727153	-0.433722	-0.167475	-0.138333	-0.003087	0.101622	0.994818	-0.206009	0.973419	-0.100075	-0.978545	-0.205251	0.017930
20484	12.631921	-2.558113	2.762803	-0.375810	-0.364531	-0.109136	-0.006486	0.099802	0.994986	-0.202310	0.974300	-0.099046	-0.979300	-0.201938	0.013872
20485	11.338966	-0.634377	3.044157	-0.560476	-0.574707	-0.094284	-0.011915	0.097700	0.995145	-0.196813	0.975518	-0.098129	-0.980369	-0.197027	0.007605
20486	10.369761	-0.449938	1.480971	-0.818316	-0.775941	-0.117419	-0.019347	0.095040	0.995285	-0.188777	0.977219	-0.096985	-0.981829	-0.189763	-0.000965
20487	10.314489	0.039405	-0.064585	-0.624651	-0.885273	-0.162171	-0.027729	0.091761	0.995395	-0.182666	0.978546	-0.095296	-0.982784	-0.184467	-0.010372
20488	10.234367	1.501039	-1.239297	-0.457385	-0.917249	-0.224213	-0.036384	0.087876	0.995467	-0.178218	0.979588	-0.092988	-0.983318	-0.180793	-0.019980
20489	9.772880	1.983288	-2.257359	-0.560956	-0.898447	-0.287007	-0.044705	0.083422	0.995511	-0.172804	0.980840	-0.089953	-0.983941	-0.176049	-0.029432
20490	9.450349	1.020504	-2.753836	-0.722380	-0.850681	-0.341084	-0.052547	0.078580	0.995522	-0.165839	0.982370	-0.086296	-0.984752	-0.169631	-0.038589
20491	9.075995	-1.747915	-3.140006	-0.826141	-0.800276	-0.385071	-0.059796	0.073429	0.995506	-0.157904	0.984038	-0.082068	-0.985642	-0.162102	-0.047247
20492	9.225931	-3.675683	-3.227388	-0.380986	-0.722446	-0.412452	-0.066327	0.068183	0.995466	-0.154390	0.984946	-0.077749	-0.985781	-0.158847	-0.054801
20493	9.525099	-2.926673	-2.288804	-0.088886	-0.672412	-0.407695	-0.072314	0.063062	0.995386	-0.153786	0.985359	-0.073599	-0.985455	-0.158398	-0.061557
20494	9.685859	-2.227961	-2.117840	-0.029914	-0.656245	-0.383319	-0.078251	0.058225	0.995232	-0.153759	0.985643	-0.069754	-0.985005	-0.158485	-0.068175
20495	9.979826	-0.729298	-1.568502	-0.041649	-0.660545	-0.338776	-0.084223	0.053801	0.994993	-0.153614	0.985903	-0.066313	-0.984535	-0.158430	-0.074771
20496	10.016872	0.247382	-1.450811	-0.254908	-0.678397	-0.276831	-0.090543	0.049986	0.994637	-0.151327	0.986452	-0.063350	-0.984328	-0.156251	-0.081752
20497	9.801842	0.277441	-1.616625	-0.471137	-0.697365	-0.238416	-0.097041	0.046521	0.994193	-0.146902	0.987297	-0.060537	-0.984379	-0.151924	-0.088974
20498	9.803018	-0.172390	-1.879302	-0.473361	-0.699606	-0.230336	-0.103659	0.043177	0.993675	-0.142456	0.988112	-0.057796	-0.984358	-0.147546	-0.096276
