// General information: 
//  MT Manager version: 2022.2.0 
//  XDA version: 2022.2.0 build 7381 rev 124627 built on 2023-07-19
// Device information: 
//  DeviceId: 00B4CBA7
//  ProductCode: MTW2-3A7G6
//  Firmware Version: 4.6.0
//  Hardware Version: 2.0.0
// Device settings: 
//  Filter Profile: human(46.1)
//  Option Flags: Orientation Smoother Disabled, Position/Velocity Smoother Disabled, Continuous Zero Rotation Update Disabled, AHS Disabled, ICC Disabled
// Coordinate system: ENU
PacketCounter	Acc_X	Acc_Y	Acc_Z	Gyr_X	Gyr_Y	Gyr_Z	Mat[1][1]	Mat[2][1]	Mat[3][1]	Mat[1][2]	Mat[2][2]	Mat[3][2]	Mat[1][3]	Mat[2][3]	Mat[3][3]
11635	9.455503	-0.047383	-2.567421	0.008164	0.000313	0.037650	0.236082	0.059463	0.969912	0.308298	-0.951143	-0.016729	0.921530	0.302971	-0.242880
11636	9.424083	-0.052000	-2.553040	0.007144	0.002499	0.036483	0.236161	0.059149	0.969912	0.308268	-0.951147	-0.017054	0.921520	0.303020	-0.242858
11637	9.433954	-0.044578	-2.572334	-0.004710	-0.002072	0.042866	0.236289	0.058783	0.969903	0.308114	-0.951190	-0.017414	0.921539	0.302956	-0.242867
11638	9.461387	-0.158861	-2.560409	0.001351	0.006809	0.036749	0.236329	0.058455	0.969913	0.308030	-0.951211	-0.017727	0.921556	0.302952	-0.242805
11639	9.425970	-0.155694	-2.512229	0.027128	0.004947	0.037483	0.236376	0.058119	0.969922	0.308183	-0.951155	-0.018112	0.921493	0.303194	-0.242741
11640	9.470973	-0.034081	-2.446717	0.027653	0.006788	0.036487	0.236416	0.057793	0.969932	0.308342	-0.951096	-0.018486	0.921430	0.303441	-0.242674
11641	9.445513	-0.019861	-2.417837	0.012355	0.005858	0.038418	0.236457	0.057445	0.969942	0.308356	-0.951084	-0.018844	0.921415	0.303543	-0.242604
11642	9.424145	-0.013445	-2.422248	0.006037	0.008336	0.039679	0.236493	0.057084	0.969955	0.308308	-0.951093	-0.019197	0.921421	0.303585	-0.242526
11643	9.430044	-0.057897	-2.411284	0.000143	0.004240	0.040693	0.236556	0.056720	0.969961	0.308204	-0.951119	-0.019547	0.921440	0.303570	-0.242474
11644	9.384629	-0.065636	-2.344224	-0.005615	-0.000943	0.039764	0.236677	0.056387	0.969951	0.308049	-0.951163	-0.019872	0.921461	0.303496	-0.242489
11645	9.390311	-0.109921	-2.333898	-0.005754	0.000146	0.041709	0.236781	0.056026	0.969946	0.307888	-0.951208	-0.020218	0.921488	0.303422	-0.242477
11646	9.411561	-0.183434	-2.332686	-0.007089	-0.004231	0.035239	0.236919	0.055746	0.969929	0.307730	-0.951253	-0.020495	0.921505	0.303332	-0.242524
11647	9.423173	-0.148692	-2.304981	-0.001186	-0.003448	0.039810	0.237049	0.055413	0.969916	0.307616	-0.951282	-0.020833	0.921510	0.303300	-0.242547
11648	9.477942	-0.074861	-2.263876	-0.016870	-0.013473	0.034025	0.237268	0.055173	0.969876	0.307371	-0.951356	-0.021075	0.921535	0.303112	-0.242685
11649	9.436677	0.029734	-2.224355	-0.036461	-0.016267	0.039557	0.237516	0.054882	0.969832	0.306932	-0.951493	-0.021325	0.921618	0.302737	-0.242839
11650	9.504545	-0.071398	-2.247972	-0.079549	-0.020375	0.037233	0.237807	0.054632	0.969775	0.306101	-0.951758	-0.021445	0.921819	0.301949	-0.243058
11651	9.489725	-0.257004	-2.333192	-0.106815	-0.021728	0.031986	0.238082	0.054429	0.969719	0.305031	-0.952101	-0.021450	0.922103	0.300901	-0.243280
11652	9.533862	-0.372544	-2.410381	-0.089643	-0.026977	0.021978	0.238386	0.054344	0.969649	0.304143	-0.952386	-0.021397	0.922317	0.300012	-0.243564
11653	9.504139	-0.348155	-2.475749	-0.086509	-0.021806	0.019166	0.238622	0.054262	0.969595	0.303290	-0.952660	-0.021327	0.922537	0.299158	-0.243783
11654	9.419442	-0.279130	-2.450904	-0.085442	-0.027619	0.015973	0.238915	0.054235	0.969525	0.302455	-0.952927	-0.021225	0.922736	0.298308	-0.244072
11655	9.442204	-0.323101	-2.529801	-0.104800	-0.029238	0.012063	0.239198	0.054243	0.969455	0.301450	-0.953250	-0.021042	0.922991	0.297275	-0.244367
11656	9.521866	-0.322771	-2.522816	-0.079838	-0.024201	0.006507	0.239430	0.054295	0.969394	0.300688	-0.953494	-0.020862	0.923179	0.296480	-0.244622
11657	9.479002	-0.181122	-2.526848	-0.061584	-0.019600	0.001269	0.239592	0.054377	0.969350	0.300107	-0.953681	-0.020679	0.923326	0.295864	-0.244813
11658	9.467579	-0.038559	-2.544905	-0.070590	-0.022976	0.001949	0.239800	0.054469	0.969293	0.299442	-0.953895	-0.020477	0.923488	0.295157	-0.245054
11659	9.486461	-0.073765	-2.589822	-0.093847	-0.023557	0.002604	0.240002	0.054549	0.969239	0.298560	-0.954177	-0.020228	0.923721	0.294230	-0.245291
11660	9.477912	-0.117001	-2.653725	-0.090710	-0.018381	-0.000197	0.240162	0.054648	0.969193	0.297713	-0.954447	-0.019955	0.923953	0.293334	-0.245491
11661	9.502840	-0.132916	-2.684154	-0.081577	-0.019411	0.002752	0.240326	0.054715	0.969149	0.296944	-0.954691	-0.019737	0.924158	0.292526	-0.245684
11662	9.489171	-0.076252	-2.753043	-0.075003	-0.008406	0.005617	0.240411	0.054729	0.969127	0.296228	-0.954917	-0.019559	0.924365	0.291784	-0.245785
11663	9.504896	-0.044464	-2.758594	-0.082476	-0.002638	0.007708	0.240435	0.054699	0.969123	0.295438	-0.955165	-0.019386	0.924612	0.290977	-0.245816
11664	9.519973	-0.131474	-2.772719	-0.099775	-0.002739	0.002996	0.240461	0.054723	0.969115	0.294499	-0.955461	-0.019121	0.924905	0.290001	-0.245867
11665	9.519284	-0.248301	-2.781688	-0.092937	0.006111	0.001974	0.240388	0.054722	0.969133	0.293626	-0.955734	-0.018867	0.925202	0.289098	-0.245814
11666	9.511634	-0.231411	-2.714213	-0.068063	0.008872	0.003909	0.240310	0.054703	0.969154	0.292977	-0.955937	-0.018689	0.925427	0.288431	-0.245748
11667	9.533806	-0.180969	-2.703810	-0.050251	0.014166	0.002084	0.240162	0.054679	0.969192	0.292498	-0.956086	-0.018541	0.925617	0.287939	-0.245609
11668	9.520803	-0.124121	-2.644948	-0.050329	0.021126	0.000915	0.239962	0.054654	0.969243	0.292021	-0.956235	-0.018377	0.925820	0.287449	-0.245421
11669	9.470390	-0.146413	-2.714801	-0.061782	0.022586	-0.007233	0.239709	0.054694	0.969303	0.291457	-0.956412	-0.018111	0.926063	0.286851	-0.245202
11670	9.496594	-0.162149	-2.740916	-0.041479	0.032286	-0.008907	0.239378	0.054732	0.969383	0.291085	-0.956530	-0.017874	0.926265	0.286451	-0.244904
11671	9.425484	-0.054438	-2.680624	-0.039667	0.035922	-0.005820	0.239006	0.054720	0.969475	0.290722	-0.956644	-0.017676	0.926476	0.286073	-0.244552
11672	9.426105	-0.112133	-2.681982	-0.054006	0.036199	-0.008260	0.238641	0.054741	0.969564	0.290232	-0.956798	-0.017415	0.926723	0.285554	-0.244219
11673	9.416809	-0.121449	-2.534730	-0.041167	0.042171	-0.009090	0.238201	0.054744	0.969672	0.289863	-0.956914	-0.017182	0.926952	0.285165	-0.243806
11674	9.386828	-0.061029	-2.511618	-0.034042	0.045517	-0.008444	0.237750	0.054741	0.969783	0.289558	-0.957010	-0.016968	0.927163	0.284843	-0.243380
11675	9.460271	-0.045833	-2.430505	-0.044074	0.044344	-0.008929	0.237290	0.054736	0.969896	0.289162	-0.957134	-0.016729	0.927404	0.284426	-0.242946
11676	9.461369	-0.044114	-2.426259	-0.039371	0.045812	-0.005992	0.236843	0.054709	0.970006	0.288801	-0.957246	-0.016526	0.927631	0.284053	-0.242517
11677	9.454365	-0.027709	-2.354984	-0.041864	0.044772	-0.011693	0.236371	0.054730	0.970120	0.288431	-0.957362	-0.016267	0.927866	0.283658	-0.242079
11678	9.480665	-0.103021	-2.384285	-0.036888	0.044100	-0.012663	0.235921	0.054773	0.970227	0.288109	-0.957464	-0.016005	0.928081	0.283308	-0.241666
11679	9.454690	-0.049733	-2.394367	-0.038181	0.048443	-0.009896	0.235420	0.054766	0.970350	0.287769	-0.957570	-0.015772	0.928314	0.282950	-0.241191
11680	9.508771	-0.057259	-2.399222	-0.029829	0.044924	-0.014442	0.234956	0.054824	0.970459	0.287517	-0.957650	-0.015510	0.928509	0.282667	-0.240769
11681	9.492467	-0.051985	-2.433474	-0.032256	0.043045	-0.012158	0.234499	0.054855	0.970567	0.287237	-0.957738	-0.015270	0.928712	0.282363	-0.240345
11682	9.503264	-0.098167	-2.453387	-0.025529	0.043476	-0.012471	0.234054	0.054898	0.970672	0.287019	-0.957807	-0.015037	0.928891	0.282121	-0.239936
11683	9.445463	-0.105851	-2.454711	-0.021759	0.040178	-0.009525	0.233631	0.054912	0.970773	0.286830	-0.957866	-0.014848	0.929056	0.281916	-0.239538
11684	9.479640	-0.077387	-2.417104	-0.013340	0.039186	-0.011624	0.233229	0.054960	0.970867	0.286724	-0.957901	-0.014653	0.929190	0.281788	-0.239169
11685	9.462109	-0.073240	-2.327809	-0.010697	0.029666	-0.009167	0.232904	0.055000	0.970943	0.286636	-0.957930	-0.014493	0.929298	0.281683	-0.238871
11686	9.521884	-0.003482	-2.314606	-0.009770	0.031057	-0.003622	0.232600	0.054995	0.971016	0.286544	-0.957959	-0.014384	0.929403	0.281585	-0.238580
11687	9.527020	0.049592	-2.340185	-0.011179	0.030345	-0.005744	0.232279	0.055000	0.971093	0.286445	-0.957991	-0.014257	0.929514	0.281476	-0.238276
11688	9.484981	0.131001	-2.342252	-0.037384	0.028559	0.000548	0.232010	0.054962	0.971159	0.286086	-0.958100	-0.014123	0.929691	0.281112	-0.238013
11689	9.552192	-0.051686	-2.416359	-0.054009	0.025886	-0.001613	0.231742	0.054941	0.971225	0.285578	-0.958254	-0.013934	0.929914	0.280590	-0.237758
11690	9.523921	-0.084623	-2.481377	-0.042774	0.026321	0.000540	0.231493	0.054910	0.971286	0.285170	-0.958378	-0.013786	0.930102	0.280173	-0.237517
11691	9.512924	-0.121077	-2.507975	-0.035900	0.025686	-0.001720	0.231227	0.054891	0.971350	0.284831	-0.958481	-0.013639	0.930272	0.279824	-0.237261
11692	9.467716	-0.125809	-2.439138	-0.033822	0.023803	0.003014	0.231009	0.054844	0.971405	0.284499	-0.958581	-0.013537	0.930427	0.279491	-0.237044
11693	9.516805	-0.186961	-2.417708	-0.018034	0.021503	-0.004763	0.230773	0.054865	0.971460	0.284333	-0.958632	-0.013403	0.930537	0.279311	-0.236826
11694	9.491854	-0.109198	-2.381864	0.012203	0.023968	-0.005154	0.230530	0.054896	0.971515	0.284449	-0.958599	-0.013331	0.930561	0.279420	-0.236601
11695	9.472688	-0.012936	-2.331474	0.008710	0.021764	-0.006471	0.230287	0.054933	0.971571	0.284536	-0.958574	-0.013244	0.930595	0.279496	-0.236377
11696	9.487519	-0.008063	-2.381981	0.010063	0.019952	-0.006794	0.230077	0.054991	0.971618	0.284635	-0.958546	-0.013150	0.930617	0.279582	-0.236191
11697	9.462230	0.009882	-2.351625	0.016261	0.018533	-0.006121	0.229864	0.055034	0.971665	0.284791	-0.958500	-0.013084	0.930622	0.279729	-0.235998
11698	9.452714	0.058100	-2.326075	-0.000368	0.012480	-0.002762	0.229735	0.055074	0.971694	0.284784	-0.958503	-0.013005	0.930655	0.279711	-0.235886
11699	9.457108	-0.008278	-2.363463	-0.005017	0.013544	-0.003267	0.229577	0.055103	0.971729	0.284736	-0.958519	-0.012916	0.930709	0.279651	-0.235744
11700	9.416170	0.098383	-2.319056	-0.007930	0.012332	0.002426	0.229464	0.055095	0.971757	0.284647	-0.958546	-0.012869	0.930764	0.279560	-0.235634
11701	9.479368	0.041343	-2.350953	-0.042621	0.012385	0.002785	0.229334	0.055069	0.971789	0.284234	-0.958670	-0.012751	0.930923	0.279140	-0.235508
11702	9.473872	0.023651	-2.364313	-0.053524	0.012348	-0.000840	0.229211	0.055093	0.971816	0.283728	-0.958822	-0.012564	0.931107	0.278612	-0.235404
11703	9.509858	-0.040591	-2.415694	-0.046255	0.014630	-0.002110	0.229047	0.055108	0.971854	0.283293	-0.958953	-0.012390	0.931280	0.278157	-0.235257
11704	9.524579	-0.034808	-2.466917	-0.040254	0.011755	-0.001927	0.228926	0.055144	0.971881	0.282913	-0.959068	-0.012223	0.931425	0.277756	-0.235157
11705	9.549243	-0.077145	-2.542215	-0.032933	0.016557	-0.000747	0.228747	0.055141	0.971923	0.282599	-0.959162	-0.012094	0.931565	0.277430	-0.234989
11706	9.531176	-0.098728	-2.626849	-0.016251	0.025135	-0.001641	0.228504	0.055137	0.971980	0.282441	-0.959210	-0.011987	0.931672	0.277266	-0.234756
11707	9.477466	-0.114854	-2.663255	0.018704	0.032442	-0.004581	0.228166	0.055127	0.972060	0.282617	-0.959159	-0.011941	0.931702	0.277445	-0.234427
11708	9.491432	-0.052375	-2.582361	0.059951	0.043374	-0.001937	0.227752	0.055076	0.972160	0.283170	-0.958995	-0.012010	0.931635	0.278022	-0.234009
11709	9.516824	-0.013207	-2.476981	0.102775	0.044467	-0.000431	0.227314	0.054992	0.972268	0.284119	-0.958711	-0.012201	0.931453	0.279013	-0.233553
11710	9.548500	0.102733	-2.350222	0.216244	0.081439	-0.004531	0.226539	0.054858	0.972456	0.286133	-0.958107	-0.012608	0.931025	0.281108	-0.232745
11711	9.476754	0.109569	-2.122282	0.270992	0.107648	-0.006113	0.225497	0.054648	0.972710	0.288660	-0.957342	-0.013133	0.930498	0.283744	-0.231652
11712	9.391418	0.205511	-2.003327	0.298393	0.116374	-0.003250	0.224400	0.054399	0.972978	0.291433	-0.956493	-0.013737	0.929899	0.286640	-0.230491
11713	9.343958	0.168830	-1.850332	0.267535	0.111291	0.006087	0.223361	0.054056	0.973236	0.293897	-0.955729	-0.014367	0.929373	0.289240	-0.229359
11714	9.394004	0.042229	-1.825772	0.226233	0.081610	0.010824	0.222629	0.053767	0.973420	0.295965	-0.955082	-0.014936	0.928893	0.291423	-0.228542
11715	9.386565	0.231235	-1.740134	0.200405	0.045844	0.014890	0.222224	0.053526	0.973525	0.297783	-0.954508	-0.015493	0.928408	0.293342	-0.228054
11716	9.392792	0.245566	-1.723505	0.124707	0.011707	0.023393	0.222177	0.053320	0.973547	0.298879	-0.954158	-0.015950	0.928067	0.294517	-0.227929
11717	9.350703	0.169523	-1.695522	0.047005	-0.021391	0.035120	0.222458	0.053084	0.973496	0.299228	-0.954042	-0.016355	0.927888	0.294935	-0.228118
11718	9.436329	-0.028651	-1.642845	0.005766	-0.057010	0.042965	0.223106	0.052894	0.973358	0.299176	-0.954051	-0.016730	0.927749	0.294938	-0.228679
11719	9.393306	-0.045066	-1.616533	-0.010046	-0.082099	0.048863	0.223990	0.052706	0.973165	0.298964	-0.954110	-0.017138	0.927604	0.294780	-0.229469
11720	9.381432	-0.060948	-1.606957	-0.026910	-0.120369	0.055505	0.225261	0.052583	0.972878	0.298581	-0.954223	-0.017559	0.927420	0.294438	-0.230650
11721	9.372349	-0.051456	-1.677652	-0.035020	-0.155908	0.053086	0.226842	0.052570	0.972512	0.298126	-0.954358	-0.017950	0.927180	0.294003	-0.232161
11722	9.448906	0.035494	-1.722342	-0.057739	-0.189802	0.060030	0.228768	0.052606	0.972059	0.297445	-0.954563	-0.018342	0.926926	0.293330	-0.234021
11723	9.447004	0.029577	-1.865697	-0.069286	-0.210386	0.064869	0.230887	0.052639	0.971556	0.296645	-0.954803	-0.018765	0.926657	0.292540	-0.236067
11724	9.464800	0.105730	-2.044949	-0.079456	-0.230228	0.071850	0.233218	0.052677	0.970997	0.295733	-0.955077	-0.019217	0.926364	0.291638	-0.238320
11725	9.449654	0.121336	-2.215717	-0.109429	-0.238898	0.081976	0.235650	0.052625	0.970412	0.294518	-0.955443	-0.019706	0.926136	0.290448	-0.240649
11726	9.459212	0.027070	-2.252305	-0.136722	-0.247835	0.085960	0.238182	0.052574	0.969796	0.293040	-0.955888	-0.020151	0.925957	0.288989	-0.243082
11727	9.438848	-0.254119	-2.322988	-0.141246	-0.261674	0.085958	0.240833	0.052542	0.969143	0.291518	-0.956344	-0.020594	0.925752	0.287482	-0.245636
11728	9.475346	-0.281434	-2.463127	-0.087524	-0.268612	0.090131	0.243566	0.052503	0.968462	0.290481	-0.956646	-0.021193	0.925363	0.286482	-0.248258
11729	9.458463	-0.299545	-2.469849	-0.057606	-0.274580	0.090349	0.246346	0.052460	0.967761	0.289718	-0.956862	-0.021879	0.924866	0.285768	-0.250917
11730	9.457674	-0.381814	-2.568165	-0.021377	-0.286419	0.094775	0.249253	0.052423	0.967019	0.289278	-0.956976	-0.022684	0.924225	0.285391	-0.253694
11731	9.505268	-0.162952	-2.710977	0.024341	-0.282540	0.100661	0.252131	0.052302	0.966279	0.289242	-0.956963	-0.023674	0.923455	0.285457	-0.256408
11732	9.441370	-0.003348	-2.727815	0.024063	-0.277785	0.107092	0.254990	0.052122	0.965538	0.289185	-0.956954	-0.024712	0.922687	0.285520	-0.259087
11733	9.450515	-0.051765	-2.921493	0.016959	-0.272349	0.115854	0.257814	0.051827	0.964804	0.289036	-0.956970	-0.025830	0.921949	0.285522	-0.261700
11734	9.481553	-0.085917	-3.186369	0.041592	-0.254699	0.117244	0.260486	0.051485	0.964104	0.289108	-0.956915	-0.027011	0.921175	0.285766	-0.264148
11735	9.463695	-0.059542	-3.467901	0.082583	-0.231271	0.126384	0.262958	0.050973	0.963460	0.289530	-0.956747	-0.028404	0.920340	0.286419	-0.266343
11736	9.414455	0.082355	-3.847518	0.110165	-0.205025	0.140655	0.265239	0.050269	0.962871	0.290165	-0.956507	-0.029994	0.919485	0.287347	-0.268289
11737	9.393729	0.272092	-3.967052	0.096342	-0.177781	0.158153	0.267310	0.049304	0.962349	0.290621	-0.956312	-0.031730	0.918741	0.288161	-0.269960
11738	9.612083	0.055502	-4.078071	0.040740	-0.153756	0.166082	0.269195	0.048215	0.961878	0.290543	-0.956280	-0.033378	0.918215	0.288452	-0.271434
11739	9.577648	0.003913	-4.033155	0.044725	-0.127528	0.174668	0.270850	0.046948	0.961476	0.290474	-0.956238	-0.035134	0.917750	0.288800	-0.272634
11740	9.507100	0.043040	-3.707495	0.019188	-0.102717	0.181225	0.272312	0.045570	0.961129	0.290151	-0.956271	-0.036868	0.917420	0.288912	-0.273626
11741	9.544833	-0.072352	-3.477302	-0.007448	-0.083212	0.167916	0.273539	0.044240	0.960843	0.289617	-0.956372	-0.038416	0.917223	0.288784	-0.274418
11742	9.677473	-0.153045	-3.210267	0.003643	-0.070155	0.176976	0.274690	0.042809	0.960579	0.289157	-0.956443	-0.040064	0.917024	0.288764	-0.275104
11743	9.686042	-0.244034	-3.038279	0.040670	-0.043285	0.176341	0.275574	0.041284	0.960393	0.289038	-0.956404	-0.041824	0.916797	0.289116	-0.275493
11744	9.925511	-0.165454	-2.864478	0.199111	0.030441	0.168586	0.275780	0.039643	0.960403	0.290391	-0.955899	-0.043929	0.916307	0.291007	-0.275129
11745	9.579842	0.123708	-2.549516	0.263481	0.090032	0.154285	0.275382	0.037941	0.960586	0.292372	-0.955193	-0.046089	0.915797	0.293541	-0.274136
11746	9.375741	-0.019686	-2.529431	0.160791	0.080808	0.165812	0.275122	0.036181	0.960728	0.293381	-0.954787	-0.048058	0.915552	0.295081	-0.273298
11747	9.379103	-0.535983	-2.705666	0.090054	0.100648	0.161551	0.274652	0.034377	0.960929	0.293754	-0.954582	-0.049811	0.915574	0.295957	-0.272276
11748	9.099540	-0.822160	-2.832760	0.102830	0.102453	0.146183	0.274139	0.032738	0.961133	0.294287	-0.954332	-0.051431	0.915556	0.296948	-0.271254
11749	8.943390	-0.744850	-2.912955	0.051288	0.064614	0.139542	0.273935	0.031250	0.961240	0.294367	-0.954229	-0.052866	0.915592	0.297439	-0.270596
11750	8.942737	-0.782468	-2.830994	0.005164	0.040248	0.127878	0.273938	0.029970	0.961280	0.294056	-0.954259	-0.054046	0.915690	0.297476	-0.270221
11751	8.911906	-0.850127	-2.692681	-0.019811	0.017904	0.110502	0.274076	0.028898	0.961274	0.293564	-0.954355	-0.055010	0.915807	0.297273	-0.270049
11752	8.848065	-1.075698	-2.538685	-0.015120	-0.000713	0.097609	0.274365	0.028028	0.961217	0.293150	-0.954434	-0.055846	0.915853	0.297103	-0.270080
11753	8.814600	-1.358369	-2.281258	0.032621	-0.035077	0.072597	0.274876	0.027475	0.961087	0.293243	-0.954362	-0.056587	0.915670	0.297386	-0.270388
11754	8.899741	-1.356395	-1.870306	0.160890	-0.072499	0.053829	0.275695	0.027234	0.960859	0.294559	-0.953903	-0.057480	0.915001	0.298877	-0.271008
11755	9.102308	-1.239222	-1.462602	0.219973	-0.124503	0.035538	0.276915	0.027304	0.960506	0.296465	-0.953258	-0.058373	0.914017	0.300921	-0.272067
11756	9.245138	-0.959042	-1.032555	0.293918	-0.171164	0.032939	0.278571	0.027561	0.960020	0.299050	-0.952385	-0.059434	0.912670	0.303651	-0.273549
11757	9.265547	-0.592927	-0.746223	0.267355	-0.225471	0.030933	0.280697	0.027990	0.959388	0.301395	-0.951583	-0.060420	0.911246	0.306115	-0.275543
11758	9.373518	-0.457878	-0.669925	0.224555	-0.279638	0.018139	0.283288	0.028727	0.958605	0.303381	-0.950904	-0.061159	0.909784	0.308148	-0.278095
11759	9.543966	-0.299193	-0.707940	0.155790	-0.323276	0.017296	0.286256	0.029596	0.957696	0.304742	-0.950433	-0.061716	0.908400	0.309516	-0.281087
11760	9.413351	-0.301394	-0.802649	0.054624	-0.366269	0.004862	0.289580	0.030734	0.956660	0.305217	-0.950272	-0.061860	0.907186	0.309902	-0.284560
11761	9.439259	-0.535723	-1.188127	-0.043192	-0.404875	-0.002263	0.293221	0.032045	0.955508	0.304826	-0.950410	-0.061669	0.906147	0.309346	-0.288448
11762	9.456382	-0.799950	-1.925690	-0.133670	-0.415163	-0.016322	0.296911	0.033530	0.954316	0.303657	-0.950822	-0.061068	0.905338	0.307917	-0.292491
11763	9.329981	-1.030971	-2.893740	-0.198862	-0.411100	-0.025330	0.300531	0.035068	0.953127	0.301927	-0.951429	-0.060196	0.904721	0.305866	-0.296522
11764	9.338432	-1.429051	-3.917537	-0.276477	-0.388369	-0.043918	0.303891	0.036716	0.951999	0.299554	-0.952260	-0.058896	0.904388	0.303073	-0.300381
11765	9.486037	-1.653083	-4.637387	-0.274816	-0.365727	-0.066469	0.306976	0.038488	0.950939	0.297266	-0.953068	-0.057388	0.904101	0.300298	-0.304011
11766	9.584712	-1.514666	-5.125177	-0.194808	-0.332975	-0.082403	0.309724	0.040316	0.949971	0.295754	-0.953624	-0.055956	0.903660	0.298288	-0.307284
11767	9.485064	-1.032196	-5.184760	-0.129019	-0.302996	-0.094902	0.312159	0.042158	0.949094	0.294878	-0.953973	-0.054611	0.903108	0.296914	-0.310222
11768	9.350072	-0.864090	-5.006287	-0.084326	-0.281900	-0.100111	0.314397	0.043994	0.948272	0.294424	-0.954185	-0.053347	0.902479	0.295966	-0.312946
11769	9.444450	-0.916638	-4.870201	-0.008664	-0.253446	-0.115139	0.316322	0.045878	0.947542	0.294704	-0.954163	-0.052183	0.901715	0.295751	-0.315343
11770	9.400858	-0.815901	-4.560250	0.080077	-0.224722	-0.118477	0.317991	0.047720	0.946892	0.295795	-0.953875	-0.051264	0.900771	0.296387	-0.317438
11771	9.427629	-0.699830	-4.267588	0.113071	-0.210046	-0.109433	0.319534	0.049423	0.946285	0.297156	-0.953490	-0.050543	0.899776	0.297345	-0.319359
11772	9.318320	-0.529144	-3.796124	0.137605	-0.197829	-0.102354	0.321005	0.051034	0.945702	0.298715	-0.953033	-0.049965	0.898735	0.298534	-0.321173
11773	9.217585	-0.331052	-3.099860	0.125336	-0.208230	-0.102073	0.322547	0.052665	0.945087	0.300164	-0.952610	-0.049359	0.897700	0.299602	-0.323069
11774	9.085068	-0.257826	-2.251128	0.061844	-0.237561	-0.093095	0.324395	0.054310	0.944361	0.301014	-0.952379	-0.048630	0.896749	0.300041	-0.325295
11775	9.165067	-0.655724	-1.656868	-0.030948	-0.260987	-0.122415	0.326343	0.056294	0.943574	0.301130	-0.952408	-0.047328	0.896003	0.299584	-0.327763
11776	9.239055	-0.993953	-1.363929	-0.034368	-0.283061	-0.133946	0.328469	0.058462	0.942704	0.301255	-0.952438	-0.045902	0.895184	0.299072	-0.330458
11777	9.169848	-0.746490	-1.058609	-0.027199	-0.304444	-0.150348	0.330716	0.060839	0.941767	0.301503	-0.952433	-0.044349	0.894272	0.298612	-0.333329
11778	9.042593	-0.749295	-0.856755	-0.140166	-0.367442	-0.168503	0.333482	0.063581	0.940610	0.300804	-0.952750	-0.042245	0.893480	0.297027	-0.336851
11779	9.010821	-0.775335	-0.635850	-0.220368	-0.439605	-0.191137	0.336812	0.066738	0.939204	0.299472	-0.953280	-0.039656	0.892678	0.294622	-0.341063
11780	8.883533	-0.931327	-0.179684	-0.302489	-0.532021	-0.209675	0.340916	0.070336	0.937459	0.297479	-0.954026	-0.036602	0.891786	0.291353	-0.346166
11781	8.858581	-1.492889	0.290078	-0.399464	-0.660166	-0.239893	0.346067	0.074571	0.935242	0.294739	-0.955011	-0.032915	0.890711	0.287043	-0.352476
11782	9.442701	-2.094354	-0.132742	-0.347540	-0.757336	-0.286730	0.351940	0.079504	0.932640	0.292644	-0.955783	-0.028955	0.889100	0.283121	-0.359645
11783	9.453994	-0.507275	-0.495448	-0.205720	-0.813135	-0.301569	0.358256	0.084714	0.929772	0.291884	-0.956118	-0.025353	0.886824	0.280469	-0.367262
11784	9.113756	0.489342	-1.247946	-0.371468	-0.894197	-0.288728	0.365306	0.089994	0.926527	0.289636	-0.956901	-0.021252	0.884682	0.276119	-0.375627
11785	9.046653	0.559195	-1.797158	-0.580414	-0.978526	-0.293408	0.373087	0.095510	0.922867	0.285587	-0.958214	-0.016286	0.882749	0.269635	-0.384774
11786	8.900021	-0.377362	-1.780520	-0.765762	-1.079139	-0.315205	0.381675	0.101427	0.918715	0.280022	-0.959938	-0.010355	0.880858	0.261213	-0.394786
11787	9.664212	-2.413981	-2.270658	-0.821910	-1.156129	-0.380076	0.390772	0.108083	0.914120	0.274257	-0.961650	-0.003538	0.878681	0.252087	-0.405428
11788	10.434560	-1.857595	-2.649498	-0.533108	-1.172240	-0.416129	0.399879	0.115030	0.909321	0.271225	-0.962513	0.002486	0.875519	0.245637	-0.416088
11789	10.414447	0.388044	-2.832248	-0.502442	-1.165759	-0.386907	0.409001	0.121619	0.904393	0.268398	-0.963273	0.008157	0.872170	0.239401	-0.426622
11790	10.413623	0.872389	-2.804722	-0.913810	-1.197837	-0.367349	0.418416	0.127990	0.899192	0.261959	-0.964955	0.015455	0.869658	0.229085	-0.437281
11791	12.058540	-0.120359	-3.293225	-1.047496	-1.238476	-0.467216	0.427943	0.135304	0.893621	0.254839	-0.966677	0.024326	0.867134	0.217319	-0.448163
11792	12.276978	1.023008	-3.571067	-0.630412	-1.165600	-0.602519	0.436456	0.143641	0.888185	0.251988	-0.967182	0.032590	0.863718	0.209588	-0.458328
11793	10.719635	2.142813	-3.987429	-0.516565	-1.191511	-0.640041	0.445096	0.152326	0.882432	0.250358	-0.967298	0.040696	0.859774	0.202810	-0.468676
11794	10.334906	2.319496	-4.273844	-0.700075	-1.294822	-0.666018	0.454493	0.161364	0.876013	0.247349	-0.967640	0.049913	0.855719	0.193996	-0.479699
11795	10.411580	1.473116	-5.180105	-0.831511	-1.259574	-0.686055	0.463544	0.170422	0.869531	0.243400	-0.968070	0.059979	0.851988	0.183841	-0.490224
11796	9.861283	0.851552	-5.665633	-0.847073	-1.203963	-0.669279	0.472111	0.179082	0.863157	0.239330	-0.968411	0.070016	0.848429	0.173524	-0.500057
11797	9.305332	0.438721	-5.767425	-0.828571	-1.166215	-0.655800	0.480408	0.187436	0.856782	0.235440	-0.968600	0.079884	0.844852	0.163344	-0.509454
11798	9.109127	0.061477	-5.715726	-0.802976	-1.142812	-0.653578	0.488463	0.195605	0.850378	0.231838	-0.968616	0.089633	0.841222	0.153367	-0.518482
11799	9.396072	-0.500576	-5.565775	-0.642408	-1.048403	-0.665917	0.495707	0.203657	0.844274	0.229726	-0.968240	0.098679	0.837556	0.145036	-0.526749
11800	9.677935	-0.957196	-5.159558	-0.376432	-0.867996	-0.697833	0.501308	0.211672	0.838979	0.230059	-0.967322	0.106588	0.834124	0.139582	-0.533623
11801	9.837761	-1.907039	-4.835015	-0.196049	-0.705688	-0.738354	0.505457	0.219821	0.834381	0.232147	-0.965993	0.113862	0.831036	0.136147	-0.539299
11802	10.139688	-2.974296	-4.682490	0.068993	-0.529426	-0.763567	0.508009	0.227929	0.830647	0.236589	-0.964186	0.119878	0.828222	0.135623	-0.543741
11803	9.761762	-3.497852	-4.912895	0.323087	-0.450198	-0.808475	0.509771	0.236368	0.827202	0.243379	-0.961861	0.124862	0.825167	0.137673	-0.547856
11804	9.404227	-3.177618	-5.155552	0.560622	-0.595341	-0.859568	0.512488	0.245464	0.822863	0.252386	-0.959005	0.128887	0.820766	0.141626	-0.553430
11805	9.513392	-1.729815	-4.756740	0.745236	-0.736827	-0.872164	0.516247	0.254914	0.817623	0.262972	-0.955740	0.131935	0.815067	0.146901	-0.560433
11806	9.590073	-0.198226	-4.449664	0.750915	-0.772019	-0.847466	0.520192	0.264153	0.812172	0.273461	-0.952417	0.134616	0.809086	0.152071	-0.567675
11807	9.135320	0.946399	-4.689281	0.654791	-0.805066	-0.782903	0.524483	0.272875	0.806509	0.282834	-0.949298	0.137256	0.803071	0.156120	-0.575068
11808	8.689072	1.905982	-5.025322	0.431006	-0.881607	-0.689127	0.529509	0.280788	0.800486	0.289914	-0.946712	0.140307	0.797227	0.157778	-0.582697
11809	8.801203	2.112875	-4.908361	0.187169	-0.902900	-0.610768	0.534876	0.288022	0.794324	0.294657	-0.944672	0.144124	0.791887	0.156964	-0.590151
11810	8.449135	2.088567	-4.921004	0.008109	-0.917577	-0.540569	0.540462	0.294551	0.788125	0.297627	-0.943083	0.148365	0.786968	0.154381	-0.597367
11811	8.207860	1.991371	-4.798591	-0.084851	-0.949070	-0.477547	0.546460	0.300536	0.781703	0.299563	-0.941783	0.152668	0.782076	0.150742	-0.604676
11812	7.940384	2.336210	-5.195767	-0.100342	-0.943068	-0.402638	0.552545	0.305729	0.775386	0.300992	-0.940710	0.156426	0.777237	0.146953	-0.611807
11813	7.792451	2.725432	-5.556228	-0.175364	-0.902928	-0.324999	0.558542	0.310129	0.769318	0.301446	-0.939953	0.160059	0.772762	0.142508	-0.618491
11814	8.008266	1.455537	-6.138733	-0.235063	-0.706120	-0.298690	0.563027	0.313929	0.764493	0.301308	-0.939348	0.163826	0.769554	0.138109	-0.623468
11815	7.764998	-0.658877	-6.134856	0.026992	-0.492408	-0.325313	0.565804	0.317697	0.760877	0.303359	-0.938273	0.166182	0.766706	0.136792	-0.627255
11816	8.360470	-2.144482	-5.715501	0.734862	-0.290826	-0.374828	0.566818	0.321616	0.758473	0.311101	-0.936046	0.164422	0.762846	0.142765	-0.630622
11817	9.189636	-1.919637	-5.182706	1.559068	-0.083280	-0.382383	0.566212	0.325350	0.757332	0.325127	-0.932461	0.157507	0.757427	0.157046	-0.633751
11818	9.265140	-0.312667	-5.152790	2.119253	0.119453	-0.308999	0.564219	0.328016	0.757669	0.342859	-0.927909	0.146398	0.751069	0.177173	-0.636007
11819	9.050890	1.586847	-5.362173	2.291968	0.285987	-0.187167	0.561398	0.329245	0.759230	0.361061	-0.922970	0.133272	0.744625	0.199309	-0.637031
11820	9.005280	2.992557	-5.213302	2.029167	0.485232	-0.041444	0.557580	0.328598	0.762318	0.376356	-0.918582	0.120678	0.739906	0.219615	-0.635852
11821	8.777636	3.548710	-4.905332	1.475162	0.715531	0.108206	0.552679	0.326012	0.766982	0.386666	-0.915571	0.110543	0.738265	0.235471	-0.632075
11822	8.609042	3.245151	-4.819409	0.924797	0.971087	0.215042	0.546268	0.321691	0.773373	0.392322	-0.914033	0.103085	0.740050	0.247099	-0.625514
11823	8.511574	2.525928	-4.917179	0.504302	1.231806	0.282315	0.538209	0.316049	0.781309	0.394542	-0.913658	0.097803	0.744760	0.255621	-0.616434
11824	8.361954	1.776869	-5.137348	0.245669	1.467403	0.338735	0.528490	0.309144	0.790651	0.394575	-0.914078	0.093660	0.751671	0.262473	-0.605061
11825	8.262753	1.286291	-5.290983	0.147273	1.685801	0.365224	0.517163	0.301359	0.801078	0.393785	-0.914794	0.089917	0.759919	0.268951	-0.591768
11826	8.141890	0.911890	-5.400207	0.170077	1.888731	0.369546	0.504098	0.292820	0.812491	0.393198	-0.915426	0.085964	0.768947	0.276136	-0.576601
11827	8.011179	0.659159	-5.383918	0.275535	2.073113	0.346263	0.489398	0.283871	0.824565	0.393614	-0.915646	0.081609	0.778176	0.284621	-0.559851
11828	7.954537	0.440229	-5.364123	0.421261	2.267575	0.299802	0.472747	0.274546	0.837338	0.395469	-0.915261	0.076820	0.787474	0.294825	-0.541261
11829	7.837525	0.353684	-5.546135	0.606017	2.443973	0.249930	0.454358	0.264940	0.850509	0.399113	-0.914107	0.071537	0.796409	0.306946	-0.521073
11830	7.712817	0.164592	-5.690526	0.809784	2.596112	0.191214	0.434259	0.255029	0.863932	0.404745	-0.912060	0.065789	0.804736	0.321103	-0.499292
11831	7.807368	0.324967	-5.603840	1.022611	2.743670	0.149343	0.412660	0.244670	0.877410	0.412382	-0.909063	0.059547	0.812190	0.337255	-0.476031
11832	7.820282	0.427384	-5.629854	1.185200	2.898705	0.094847	0.389331	0.233762	0.890941	0.421665	-0.905188	0.053237	0.818914	0.354952	-0.450987
11833	7.922485	0.464800	-5.472091	1.308391	3.026117	0.055152	0.364668	0.222272	0.904219	0.432210	-0.900544	0.047060	0.824750	0.373651	-0.424468
11834	8.027914	0.629235	-5.113716	1.407239	3.139082	0.025190	0.338728	0.209996	0.917150	0.443759	-0.895204	0.041079	0.829663	0.393079	-0.396418
11835	8.153124	0.751823	-4.900232	1.450397	3.229520	0.005832	0.311865	0.196965	0.929487	0.455800	-0.889373	0.035533	0.833659	0.412578	-0.367141
11836	8.416253	0.887652	-4.717123	1.444755	3.311835	-0.016835	0.284041	0.183119	0.941163	0.467913	-0.883243	0.030634	0.836886	0.431681	-0.336561
11837	8.578643	1.063788	-4.484687	1.369639	3.394761	-0.042176	0.255353	0.168559	0.952041	0.479503	-0.877134	0.026686	0.839566	0.449692	-0.304804
11838	8.808758	1.131905	-4.263042	1.233251	3.455970	-0.047723	0.225984	0.153139	0.962019	0.489980	-0.871414	0.023617	0.841933	0.466032	-0.271960
11839	9.014611	1.035646	-3.876255	1.065216	3.520704	-0.062217	0.195962	0.137048	0.970988	0.499083	-0.866286	0.021546	0.844106	0.480382	-0.238158
11840	9.080243	0.913493	-3.458834	0.903919	3.552781	-0.058585	0.165564	0.120256	0.978840	0.506819	-0.861817	0.020154	0.846004	0.492757	-0.203634
11841	9.245146	0.726868	-2.977053	0.796027	3.557594	-0.045199	0.135178	0.102950	0.985458	0.513616	-0.857806	0.019160	0.847305	0.503557	-0.168833
11842	9.247994	0.752481	-2.718520	0.706821	3.527771	-0.027376	0.105056	0.085246	0.990806	0.519628	-0.854194	0.018396	0.847909	0.512918	-0.134035
11843	9.443306	0.965571	-2.400620	0.622298	3.463541	0.008426	0.075700	0.067299	0.994857	0.524884	-0.850991	0.017628	0.847801	0.520850	-0.099744
11844	9.619090	1.377166	-2.103105	0.505437	3.384459	0.063428	0.047273	0.049021	0.997678	0.529114	-0.848388	0.016615	0.847233	0.527100	-0.066043
11845	9.686818	1.601700	-1.850178	0.336334	3.285729	0.128715	0.020095	0.030570	0.999331	0.531904	-0.846668	0.015204	0.846566	0.531242	-0.033274
11846	9.657900	1.691050	-1.530891	0.173427	3.156106	0.209319	-0.005574	0.011998	0.999912	0.533340	-0.845799	0.013122	0.845883	0.533366	-0.001685
11847	9.509292	1.776669	-1.149333	0.028913	3.010376	0.296033	-0.029482	-0.006539	0.999544	0.533618	-0.845664	0.010207	0.845211	0.533676	0.028421
11848	9.125284	1.449942	-0.504686	-0.148457	2.827370	0.388363	-0.051378	-0.024883	0.998369	0.532502	-0.846405	0.006308	0.844868	0.531958	0.056737
11849	8.571468	0.686785	0.718680	-0.254959	2.575445	0.471423	-0.070661	-0.042510	0.996594	0.530617	-0.847611	0.001467	0.844661	0.528913	0.082450
11850	8.464882	-0.155341	0.626290	-0.258079	2.257412	0.509270	-0.087099	-0.058721	0.994467	0.528820	-0.848726	-0.003800	0.844253	0.525563	0.104976
11851	8.687420	0.186944	0.167172	-0.238532	1.943243	0.506931	-0.100855	-0.073179	0.992206	0.527262	-0.849654	-0.009070	0.843696	0.522238	0.124276
11852	8.169541	0.258298	0.360770	-0.459599	1.644246	0.467083	-0.112348	-0.085684	0.989968	0.523861	-0.851685	-0.014264	0.844362	0.517002	0.140572
11853	7.580804	0.057226	0.249899	-0.598266	1.311200	0.447354	-0.121128	-0.096209	0.987963	0.519304	-0.854366	-0.019530	0.845961	0.510688	0.153450
11854	7.163953	0.257859	0.108744	-0.585895	0.942488	0.410428	-0.127056	-0.104491	0.986376	0.514831	-0.856942	-0.024464	0.847824	0.504709	0.162675
11855	6.999521	0.680775	-0.190261	-0.525903	0.607270	0.370039	-0.130343	-0.110687	0.985271	0.510821	-0.859199	-0.028946	0.849748	0.499525	0.168532
11856	6.694789	0.950453	-0.665366	-0.526096	0.319260	0.316334	-0.131516	-0.114977	0.984624	0.506739	-0.861471	-0.032911	0.852009	0.494618	0.171560
11857	6.331215	0.649519	-1.409470	-0.509639	0.067219	0.256412	-0.130826	-0.117490	0.984419	0.502704	-0.863697	-0.036275	0.854502	0.490125	0.172057
11858	6.208078	-0.092666	-1.839146	-0.417317	-0.160612	0.174948	-0.128636	-0.118195	0.984623	0.499339	-0.865543	-0.038664	0.856804	0.486688	0.170359
11859	7.008628	-1.482362	-1.742887	-0.178816	-0.344570	0.059640	-0.125414	-0.117006	0.985181	0.497859	-0.866357	-0.039516	0.858142	0.485525	0.166906
11860	5.358525	-0.833654	-2.941321	0.288005	-0.796569	0.008179	-0.118593	-0.113170	0.986473	0.500320	-0.864958	-0.039081	0.857681	0.488917	0.159199
11861	6.059303	0.479163	-3.049322	0.413497	-1.250480	0.041251	-0.107695	-0.107352	0.988371	0.503889	-0.862895	-0.038818	0.857028	0.493849	0.147023
11862	10.760816	0.267749	-0.629209	0.246295	-1.237715	0.091728	-0.096668	-0.101977	0.990079	0.506074	-0.861593	-0.039332	0.857056	0.497251	0.134897
11863	13.848366	-1.902511	2.278902	0.262728	-0.761315	0.168722	-0.089321	-0.099603	0.991010	0.508460	-0.860127	-0.040621	0.856440	0.500261	0.127471
11864	13.075930	-0.832282	4.331764	0.640775	-0.634950	0.225326	-0.082781	-0.098310	0.991707	0.514113	-0.856693	-0.042011	0.853718	0.506372	0.121460
11865	13.064011	3.519152	5.425033	0.621363	-0.814590	0.183420	-0.074920	-0.095700	0.992587	0.519534	-0.853364	-0.043062	0.851159	0.512457	0.113654
11866	13.052313	4.221807	4.676001	-0.325570	-0.904840	0.109142	-0.066695	-0.091972	0.993525	0.516818	-0.854940	-0.044449	0.853493	0.510508	0.104553
11867	11.152792	-0.602955	1.894773	-1.060054	-1.009785	0.172840	-0.057191	-0.088312	0.994450	0.507826	-0.860167	-0.047181	0.859559	0.502309	0.094041
11868	10.380473	-3.021142	-1.391810	-0.549364	-1.366961	0.193911	-0.044497	-0.083106	0.995547	0.503176	-0.862763	-0.049531	0.863038	0.498731	0.080207
11869	11.367843	-1.498075	-3.019440	0.230002	-1.678986	0.150949	-0.029281	-0.075976	0.996680	0.505197	-0.861506	-0.050830	0.862507	0.502031	0.063608
11870	11.425627	1.002633	-3.089577	0.525019	-1.588644	0.137744	-0.014947	-0.069106	0.997497	0.509733	-0.858768	-0.051856	0.860203	0.507682	0.048062
11871	10.075837	1.703413	-4.214314	0.358985	-1.608135	0.141674	-0.000434	-0.062094	0.998070	0.512811	-0.856858	-0.053086	0.858501	0.511799	0.032215
11872	10.380419	2.095533	-3.988720	-0.020620	-1.598954	0.200309	0.014277	-0.055577	0.998352	0.512605	-0.856859	-0.055031	0.858506	0.512546	0.016255
11873	10.475847	1.003388	-3.296351	-0.418277	-1.359981	0.237780	0.027149	-0.050636	0.998348	0.508944	-0.858883	-0.057403	0.860371	0.509662	0.002453
11874	9.537853	-0.108690	-2.944607	-0.465139	-1.268115	0.239598	0.039250	-0.046201	0.998161	0.504843	-0.861143	-0.059710	0.862318	0.506258	-0.010476
11875	9.525030	-0.163395	-2.073052	-0.378238	-1.268290	0.223607	0.051289	-0.041695	0.997813	0.501462	-0.862967	-0.061837	0.863658	0.503537	-0.023353
11876	9.541363	-0.669177	-1.195308	-0.383978	-1.238616	0.224302	0.063084	-0.037354	0.997309	0.498001	-0.864819	-0.063893	0.864879	0.500691	-0.035954
11877	9.524657	-1.467359	-0.617828	-0.253803	-1.246986	0.211864	0.074894	-0.032926	0.996648	0.495645	-0.866025	-0.065856	0.865290	0.498915	-0.048540
11878	9.361633	-1.364255	-0.306559	-0.081462	-1.261802	0.196497	0.086752	-0.028276	0.995829	0.494767	-0.866384	-0.067702	0.864684	0.498577	-0.061171
11879	9.195531	-0.958992	-0.265887	-0.061422	-1.272104	0.194884	0.098680	-0.023594	0.994840	0.494042	-0.866651	-0.069558	0.863820	0.498357	-0.073864
11880	9.260874	-0.726852	-0.586903	-0.143402	-1.270996	0.185076	0.110539	-0.018814	0.993694	0.492598	-0.867338	-0.071218	0.863208	0.497364	-0.086607
11881	9.274519	-0.511984	-1.187548	-0.278536	-1.221852	0.166097	0.121872	-0.014162	0.992445	0.489988	-0.868704	-0.072567	0.863168	0.495129	-0.098931
11882	8.695728	-0.036881	-1.855788	-0.480600	-1.094325	0.111695	0.131839	-0.009681	0.991224	0.485683	-0.871072	-0.073106	0.864136	0.491059	-0.110139
11883	10.321754	0.011129	-2.614800	-0.492534	-1.184268	0.150336	0.142774	-0.005172	0.989742	0.481207	-0.873480	-0.073980	0.864902	0.486833	-0.122222
11884	9.994140	-0.566376	-3.444919	-0.769868	-1.101096	0.158754	0.153041	-0.001178	0.988219	0.474294	-0.877209	-0.074497	0.866962	0.480108	-0.133690
11885	9.710941	-2.435007	-4.486855	-0.748854	-1.056370	0.163248	0.162948	0.002455	0.986632	0.467526	-0.880790	-0.075024	0.868831	0.473501	-0.144671
11886	9.716078	-2.642203	-4.915545	-0.498479	-1.028814	0.141213	0.172528	0.006119	0.984986	0.462945	-0.883157	-0.075602	0.869434	0.469038	-0.155202
11887	10.000653	-1.609346	-4.669833	-0.397071	-1.021904	0.130287	0.181985	0.009773	0.983253	0.459252	-0.885032	-0.076204	0.869465	0.465429	-0.165550
11888	9.627837	-0.544155	-4.135785	-0.453007	-0.973496	0.123809	0.191006	0.013249	0.981499	0.455070	-0.887156	-0.076584	0.869729	0.461279	-0.175482
11889	9.645276	-0.426031	-3.430361	-0.699138	-1.000712	0.094911	0.200116	0.017021	0.979624	0.448790	-0.890382	-0.076208	0.870943	0.454896	-0.185818
11890	10.433789	-1.199620	-3.229596	-0.784725	-0.970841	0.074264	0.208905	0.020805	0.977715	0.441786	-0.893948	-0.075373	0.872458	0.447687	-0.195941
11891	10.240358	-1.438083	-2.818392	-0.723831	-0.875840	0.054019	0.216760	0.024244	0.975924	0.435342	-0.897185	-0.074405	0.873780	0.440989	-0.205029
11892	10.199174	-1.679586	-2.641174	-0.565215	-0.784141	0.022281	0.223709	0.027546	0.974267	0.430342	-0.899679	-0.073377	0.874506	0.435683	-0.213121
11893	10.149855	-1.762891	-2.425442	-0.330210	-0.654851	-0.005900	0.229382	0.030474	0.972859	0.427459	-0.901118	-0.072560	0.874450	0.432501	-0.219727
11894	9.336250	-1.072341	-1.708242	-0.270707	-0.616719	-0.051444	0.234555	0.033660	0.971520	0.425201	-0.902279	-0.071395	0.874179	0.429837	-0.225946
11895	9.504842	-0.600060	-1.181677	-0.392880	-0.616292	-0.099133	0.239495	0.037225	0.970184	0.421993	-0.903932	-0.069489	0.874393	0.426053	-0.232196
11896	9.362883	-0.553937	-0.750001	-0.626287	-0.638723	-0.114523	0.244601	0.041026	0.968755	0.416781	-0.906546	-0.066842	0.875479	0.420108	-0.238841
11897	9.209861	-1.129284	-0.607036	-0.794227	-0.673547	-0.114381	0.250003	0.044901	0.967203	0.410096	-0.909811	-0.063765	0.877109	0.412588	-0.245870
11898	8.861802	-1.812471	-0.844460	-0.732775	-0.717898	-0.123520	0.255796	0.049023	0.965487	0.403968	-0.912758	-0.060682	0.878281	0.405548	-0.253284
11899	8.458821	-1.711085	-0.843987	-0.489406	-0.807273	-0.140002	0.262296	0.053589	0.963498	0.400025	-0.914665	-0.058027	0.878169	0.400644	-0.261350
11900	8.653580	-1.389164	-0.702996	-0.366509	-0.909632	-0.167436	0.269606	0.058804	0.961174	0.397245	-0.916040	-0.055383	0.877217	0.396753	-0.270329
11901	8.863791	-1.178371	-0.839838	-0.290281	-0.960501	-0.196179	0.277220	0.064430	0.958644	0.395231	-0.917071	-0.052657	0.875752	0.393483	-0.279695
