// General information: 
//  MT Manager version: 2022.2.0 
//  XDA version: 2022.2.0 build 7381 rev 124627 built on 2023-07-19
// Device information: 
//  DeviceId: 00B4CAF0
//  ProductCode: MTW2-3A7G6
//  Firmware Version: 4.6.0
//  Hardware Version: 2.0.0
// Device settings: 
//  Filter Profile: human(46.1)
//  Option Flags: Orientation Smoother Disabled, Position/Velocity Smoother Disabled, Continuous Zero Rotation Update Disabled, AHS Disabled, ICC Disabled
// Coordinate system: ENU
PacketCounter	Acc_X	Acc_Y	Acc_Z	Gyr_X	Gyr_Y	Gyr_Z	Mat[1][1]	Mat[2][1]	Mat[3][1]	Mat[1][2]	Mat[2][2]	Mat[3][2]	Mat[1][3]	Mat[2][3]	Mat[3][3]
10152	4.636385	-1.481052	9.014857	0.032317	0.045236	0.017884	0.809229	0.318982	0.493355	-0.260868	0.947532	-0.184743	-0.526400	0.020799	0.849983
10153	4.704819	-1.654498	8.916267	0.020749	0.021715	0.015555	0.809386	0.319121	0.493007	-0.261108	0.947488	-0.184635	-0.526039	0.020714	0.850208
10154	4.775221	-1.478831	9.020667	0.013492	0.024310	0.016430	0.809469	0.319245	0.492789	-0.261266	0.947446	-0.184625	-0.525832	0.020699	0.850337
10155	4.844321	-1.582755	8.951218	0.005433	0.017774	0.019419	0.809596	0.319422	0.492467	-0.261457	0.947386	-0.184665	-0.525542	0.020745	0.850514
10156	4.961976	-1.831459	8.907185	0.006222	0.028976	0.021869	0.809689	0.319596	0.492200	-0.261621	0.947325	-0.184742	-0.525317	0.020814	0.850652
10157	4.961937	-1.659649	8.939047	0.017319	0.051517	0.018677	0.809994	0.319758	0.491593	-0.261868	0.947270	-0.184677	-0.524723	0.020855	0.851017
10158	4.831968	-1.760100	8.982059	0.019389	0.057381	0.017229	0.810248	0.319883	0.491093	-0.262063	0.947227	-0.184619	-0.524233	0.020890	0.851319
10159	4.852728	-1.866791	8.884092	0.026606	0.065053	0.011141	0.810643	0.319970	0.490385	-0.262298	0.947197	-0.184437	-0.523506	0.020886	0.851766
10160	4.701682	-1.722039	8.944330	0.030936	0.059804	0.013181	0.810920	0.320056	0.489871	-0.262521	0.947170	-0.184261	-0.522965	0.020820	0.852100
10161	4.544766	-1.618817	8.922705	0.021962	0.046702	0.009433	0.811221	0.320131	0.489322	-0.262717	0.947145	-0.184110	-0.522398	0.020801	0.852448
10162	4.346844	-1.437358	9.009523	0.005088	0.008029	0.009055	0.811238	0.320189	0.489257	-0.262772	0.947125	-0.184134	-0.522345	0.020814	0.852480
10163	4.509143	-1.605621	8.970822	-0.019638	-0.032583	0.009528	0.811125	0.320281	0.489383	-0.262751	0.947091	-0.184337	-0.522530	0.020934	0.852364
10164	4.534625	-1.674072	8.926920	-0.022928	-0.062967	0.003673	0.810785	0.320303	0.489933	-0.262616	0.947083	-0.184573	-0.523126	0.020985	0.851997
10165	4.721234	-1.553999	8.992663	-0.029558	-0.073819	0.006122	0.810465	0.320371	0.490416	-0.262516	0.947058	-0.184843	-0.523671	0.021067	0.851660
10166	4.877874	-1.865738	8.869289	-0.022268	-0.076425	0.005242	0.810049	0.320411	0.491077	-0.262396	0.947044	-0.185081	-0.524374	0.021068	0.851227
10167	4.730217	-1.854253	8.952661	-0.010310	-0.072547	-0.006712	0.809769	0.320357	0.491574	-0.262293	0.947065	-0.185124	-0.524858	0.020972	0.850931
10168	4.332943	-1.683009	9.012944	-0.017327	-0.098794	-0.013700	0.809285	0.320222	0.492459	-0.262046	0.947113	-0.185227	-0.525728	0.020855	0.850397
10169	4.056798	-1.938551	9.248707	-0.045872	-0.185174	-0.030740	0.808474	0.319964	0.493957	-0.261561	0.947203	-0.185453	-0.527215	0.020734	0.849479
10170	4.467364	-2.266625	8.981116	-0.049373	-0.222785	-0.055927	0.807441	0.319454	0.495972	-0.260802	0.947380	-0.185618	-0.529170	0.020525	0.848268
10171	4.833086	-2.116027	9.029889	-0.042566	-0.268080	-0.088644	0.806335	0.318664	0.498274	-0.259867	0.947654	-0.185527	-0.531312	0.020112	0.846937
10172	4.821065	-2.006638	9.096979	-0.037566	-0.258064	-0.105350	0.805233	0.317690	0.500673	-0.258772	0.947990	-0.185341	-0.533514	0.019682	0.845562
10173	4.819158	-1.980139	9.043853	-0.043156	-0.281970	-0.114920	0.804107	0.316651	0.503134	-0.257622	0.948347	-0.185119	-0.535763	0.019237	0.844149
10174	4.077516	-2.313917	9.443645	-0.017466	-0.342776	-0.134328	0.802609	0.315415	0.506292	-0.256403	0.948776	-0.184610	-0.538587	0.018355	0.842370
10175	4.500385	-2.369914	9.257594	0.008348	-0.498723	-0.167656	0.800429	0.313908	0.510661	-0.255109	0.949306	-0.183678	-0.542431	0.016747	0.839933
10176	4.278431	-2.101148	9.375031	0.030422	-0.509192	-0.196743	0.798155	0.312094	0.515311	-0.253656	0.949935	-0.182436	-0.546449	0.014900	0.837360
10177	3.150378	-1.208641	10.569673	-0.035183	-0.600158	-0.308411	0.795730	0.309245	0.520751	-0.251010	0.950888	-0.181125	-0.551188	0.013412	0.834273
10178	5.074179	-1.589020	9.177260	0.018067	-0.843983	-0.290185	0.791772	0.306559	0.528317	-0.248760	0.951792	-0.179473	-0.557867	0.010678	0.829862
10179	4.282800	-1.145116	9.803515	0.001020	-0.879946	-0.314262	0.787706	0.303646	0.536021	-0.246289	0.952751	-0.177784	-0.564678	0.008025	0.825272
10180	5.011017	-1.341539	9.413072	0.015842	-0.950111	-0.334202	0.783121	0.300496	0.544448	-0.243708	0.953770	-0.175868	-0.572126	0.005040	0.820150
10181	5.308803	-1.526115	9.492790	0.037556	-1.024508	-0.380301	0.778240	0.296898	0.553348	-0.240960	0.954908	-0.173463	-0.579897	0.001661	0.814688
10182	5.279310	-2.312759	9.521596	0.086871	-1.098712	-0.449718	0.772897	0.292570	0.563058	-0.237933	0.956241	-0.170266	-0.588234	-0.002371	0.808687
10183	5.270495	-2.788950	9.194808	0.180900	-1.164510	-0.527351	0.767348	0.287463	0.573186	-0.234947	0.957763	-0.165803	-0.596638	-0.007440	0.802476
10184	6.763033	-4.834570	9.376046	0.264729	-1.196644	-0.604768	0.761565	0.281514	0.583754	-0.231867	0.959464	-0.160207	-0.605192	-0.013345	0.795968
10185	6.965658	-6.511471	8.724653	0.706636	-1.050752	-0.666808	0.756823	0.274920	0.592990	-0.231102	0.961192	-0.150673	-0.611401	-0.023009	0.790987
10186	7.487377	-5.002581	8.751618	1.105999	-0.955876	-0.644630	0.752448	0.268409	0.601480	-0.232978	0.962624	-0.138114	-0.616071	-0.036208	0.786858
10187	5.948963	-2.552004	8.657459	1.316079	-0.800329	-0.639975	0.749114	0.261902	0.608469	-0.236290	0.963749	-0.123916	-0.618866	-0.050948	0.783843
10188	5.876786	-0.909764	8.945230	1.268842	-0.698670	-0.619181	0.746252	0.255499	0.614678	-0.239479	0.964625	-0.110218	-0.621094	-0.064952	0.781040
10189	3.913792	0.258170	9.994092	1.074182	-0.440779	-0.625451	0.745126	0.249158	0.618633	-0.241476	0.965447	-0.097989	-0.621672	-0.076371	0.779545
10190	6.156847	2.709822	12.260763	0.499780	-0.172505	-0.608823	0.745515	0.243112	0.620567	-0.239997	0.966561	-0.090338	-0.621778	-0.081586	0.778932
10191	3.153478	0.307815	10.041337	-0.173952	0.100219	-0.554005	0.747570	0.237838	0.620139	-0.234766	0.968037	-0.088258	-0.621309	-0.079609	0.779511
10192	3.160923	-1.615724	8.361394	-0.447806	0.202354	-0.683610	0.750400	0.231341	0.619178	-0.226817	0.969996	-0.087530	-0.620850	-0.074757	0.780357
10193	4.029686	-2.807230	8.175912	-0.488679	0.371739	-0.818105	0.754644	0.223670	0.616834	-0.217618	0.972212	-0.086297	-0.618996	-0.069111	0.782348
10194	3.749972	-2.821613	7.553904	-0.488399	0.520838	-0.897929	0.759765	0.215246	0.613536	-0.207754	0.974514	-0.084617	-0.616113	-0.063176	0.785120
10195	4.034012	-2.500606	7.148288	-0.570880	0.623610	-0.888878	0.765518	0.206956	0.609222	-0.197454	0.976733	-0.083690	-0.612367	-0.056227	0.788571
10196	4.394103	-3.034816	6.623344	-0.697329	0.701186	-0.776906	0.771287	0.199697	0.604349	-0.187180	0.978684	-0.084505	-0.608342	-0.047944	0.792226
10197	4.494929	-4.228722	6.051861	-0.719911	0.729402	-0.566859	0.776864	0.194477	0.598884	-0.178413	0.980116	-0.086840	-0.603864	-0.039386	0.796114
10198	4.678701	-4.942744	6.151983	-0.615663	0.706066	-0.258665	0.781560	0.192164	0.593495	-0.172645	0.980843	-0.090228	-0.599464	-0.031945	0.799764
10199	4.841991	-4.575766	6.338637	-0.477478	0.670487	0.122559	0.785469	0.193579	0.587849	-0.170737	0.980743	-0.094825	-0.594885	-0.025885	0.803394
10200	4.718160	-3.479949	6.511821	-0.403435	0.631616	0.518566	0.788318	0.198781	0.582273	-0.172378	0.979826	-0.101125	-0.590628	-0.020653	0.806680
10201	4.856124	-2.355827	6.954242	-0.390431	0.597043	0.865752	0.790430	0.207388	0.576377	-0.176897	0.978136	-0.109352	-0.586453	-0.015524	0.809834
10202	5.099284	-1.322983	7.375546	-0.395716	0.604473	1.102988	0.791972	0.218214	0.570231	-0.183264	0.975846	-0.118905	-0.582405	-0.010333	0.812833
10203	5.341851	-0.251982	7.728389	-0.404441	0.640652	1.239627	0.793478	0.230366	0.563316	-0.190731	0.973092	-0.129282	-0.577940	-0.004859	0.816065
10204	5.741506	0.324206	7.964706	-0.388886	0.685546	1.271994	0.794944	0.242712	0.556018	-0.198547	0.970098	-0.139601	-0.573275	0.000579	0.819363
10205	6.343172	0.838797	8.206877	-0.312713	0.753381	1.226798	0.796861	0.254591	0.547901	-0.206518	0.967033	-0.148990	-0.567770	0.005572	0.823168
10206	6.571107	1.387056	7.895074	-0.212902	0.822502	1.126630	0.799132	0.265379	0.539409	-0.214260	0.964094	-0.156892	-0.561677	0.009804	0.827298
10207	6.479553	1.955733	7.540582	-0.116713	0.857634	0.976422	0.801892	0.274696	0.530577	-0.221420	0.961439	-0.163121	-0.554926	0.013325	0.831793
10208	6.734750	2.263717	7.354825	-0.063724	0.854756	0.825751	0.804749	0.282472	0.522100	-0.227655	0.959136	-0.168020	-0.548226	0.016355	0.836170
10209	6.730610	1.806126	6.901955	-0.055126	0.851295	0.676857	0.807921	0.288813	0.513663	-0.232812	0.957189	-0.172010	-0.541352	0.019383	0.840573
10210	4.945484	1.177883	5.058507	-0.049593	0.767301	0.515119	0.810840	0.293554	0.506325	-0.236668	0.955686	-0.175077	-0.535282	0.022128	0.844384
10211	4.831387	-0.058845	4.814492	-0.058305	0.374431	0.376915	0.812029	0.297071	0.502353	-0.239416	0.954558	-0.177482	-0.532249	0.023849	0.846252
10212	22.510164	-4.287047	14.959521	0.541651	-0.402498	-0.175903	0.810302	0.295448	0.506084	-0.240832	0.955198	-0.172036	-0.534238	0.017521	0.845152
10213	11.852460	15.681379	6.951180	0.066468	1.164159	-0.261198	0.817167	0.292729	0.496536	-0.239053	0.955979	-0.170173	-0.524492	0.020361	0.851172
10214	-0.728427	7.604848	16.427127	-0.431487	-0.537357	0.067272	0.814171	0.293462	0.501004	-0.237281	0.955695	-0.174196	-0.529927	0.022947	0.847733
10215	7.714754	-4.916682	6.750063	-0.630837	1.063210	0.347147	0.819022	0.296468	0.491233	-0.236803	0.954503	-0.181242	-0.522616	0.032116	0.851963
10216	2.131755	-2.815571	11.951202	-0.145337	-0.365843	0.205794	0.816613	0.298523	0.493990	-0.237679	0.953850	-0.183516	-0.525977	0.032450	0.849880
10217	2.511284	-1.825131	9.706758	-0.296483	0.128333	0.107654	0.817110	0.299492	0.492581	-0.237007	0.953432	-0.186537	-0.525509	0.035676	0.850040
10218	7.888814	-4.380043	8.408989	-0.248286	-0.439232	0.109880	0.814530	0.300672	0.496122	-0.236548	0.953019	-0.189210	-0.529704	0.036760	0.847385
10219	4.934783	-3.089035	8.402409	-0.047987	0.097727	0.031438	0.815049	0.300922	0.495117	-0.236556	0.952910	-0.189747	-0.528901	0.037530	0.847854
10220	5.348046	-1.950829	8.871464	-0.059359	-0.050635	0.029205	0.814710	0.301194	0.495510	-0.236435	0.952806	-0.190417	-0.529478	0.037979	0.847473
10221	4.741380	-2.851665	8.684424	-0.056104	-0.041761	0.014121	0.814531	0.301331	0.495721	-0.236258	0.952746	-0.190939	-0.529832	0.038408	0.847233
10222	5.046735	-2.327744	8.552301	-0.032341	-0.018635	-0.016990	0.814470	0.301150	0.495931	-0.235903	0.952791	-0.191152	-0.530084	0.038696	0.847062
10223	5.258699	-1.812298	8.558585	-0.004886	-0.013085	-0.021752	0.814526	0.300936	0.495968	-0.235705	0.952858	-0.191064	-0.530085	0.038725	0.847060
10224	5.009506	-1.277167	8.885703	0.008986	0.036321	-0.010902	0.814742	0.300792	0.495701	-0.235618	0.952901	-0.190957	-0.529792	0.038785	0.847240
10225	4.964604	-1.153568	9.027465	-0.004439	0.049862	0.004466	0.815070	0.300803	0.495156	-0.235635	0.952889	-0.190995	-0.529280	0.038998	0.847550
10226	4.983011	-1.462359	8.923255	-0.021277	0.050496	0.023538	0.815279	0.300981	0.494703	-0.235669	0.952816	-0.191315	-0.528943	0.039389	0.847743
10227	5.004680	-1.833025	8.899397	-0.019753	0.060526	0.029189	0.815604	0.301222	0.494020	-0.235808	0.952724	-0.191603	-0.528380	0.039778	0.848076
10228	4.864731	-1.731408	8.869105	-0.013121	0.078109	0.029333	0.815944	0.301444	0.493321	-0.235932	0.952637	-0.191882	-0.527798	0.040175	0.848419
10229	4.538218	-1.401554	8.923465	-0.024086	0.062120	0.032632	0.816268	0.301717	0.492619	-0.236077	0.952532	-0.192224	-0.527232	0.040610	0.848750
10230	4.564788	-1.277596	8.939394	-0.057266	0.020869	0.042889	0.816274	0.302090	0.492379	-0.236079	0.952386	-0.192944	-0.527222	0.041254	0.848726
10231	4.648888	-0.950150	9.153685	-0.110270	0.013503	0.074418	0.816243	0.302780	0.492008	-0.236111	0.952119	-0.194221	-0.527256	0.042363	0.848650
10232	4.749599	-1.870290	8.951981	-0.122043	0.008773	0.099737	0.816051	0.303699	0.491759	-0.236236	0.951770	-0.195769	-0.527497	0.043587	0.848438
10233	4.847946	-2.423389	8.818016	-0.078712	-0.015652	0.100740	0.815804	0.304651	0.491581	-0.236650	0.951433	-0.196906	-0.527694	0.044304	0.848278
10234	4.953815	-2.279250	8.929225	-0.049631	0.003496	0.096248	0.815592	0.305539	0.491382	-0.237127	0.951124	-0.197823	-0.527808	0.044822	0.848180
10235	4.735388	-2.670018	8.868338	-0.024581	-0.029525	0.069061	0.815344	0.306195	0.491384	-0.237567	0.950905	-0.198345	-0.527992	0.044983	0.848057
10236	5.116811	-2.411146	8.744757	-0.025248	-0.058450	0.037562	0.814944	0.306553	0.491825	-0.237694	0.950786	-0.198766	-0.528552	0.045080	0.847703
10237	4.980793	-1.956368	8.866820	-0.015618	-0.016953	0.013404	0.814895	0.306675	0.491831	-0.237727	0.950741	-0.198941	-0.528614	0.045195	0.847658
10238	5.019379	-1.939953	8.789003	-0.012348	0.002652	0.010101	0.814882	0.306743	0.491808	-0.237698	0.950711	-0.199119	-0.528646	0.045356	0.847630
10239	5.023915	-1.723252	8.850817	-0.000829	0.006198	0.009493	0.814964	0.306818	0.491627	-0.237777	0.950685	-0.199149	-0.528485	0.045402	0.847728
10240	4.927024	-1.798828	8.902856	0.006114	0.031380	0.015598	0.815090	0.306926	0.491350	-0.237891	0.950646	-0.199197	-0.528239	0.045475	0.847877
10241	4.929140	-1.838450	8.844020	0.023128	0.040392	0.007072	0.815357	0.306961	0.490884	-0.238076	0.950639	-0.199011	-0.527742	0.045397	0.848190
10242	4.802045	-1.939516	8.884513	0.036224	0.041238	-0.004178	0.815582	0.306876	0.490563	-0.238188	0.950675	-0.198706	-0.527344	0.045215	0.848448
10243	4.831788	-1.877414	8.870579	0.035403	0.029074	-0.010147	0.815830	0.306753	0.490228	-0.238297	0.950725	-0.198332	-0.526911	0.044986	0.848729
10244	4.822193	-1.709351	8.938979	0.029607	0.034980	-0.006112	0.816027	0.306653	0.489963	-0.238358	0.950764	-0.198074	-0.526580	0.044847	0.848942
10245	4.936331	-1.750522	8.873203	0.023797	0.035233	-0.001216	0.816285	0.306612	0.489558	-0.238478	0.950782	-0.197842	-0.526124	0.044746	0.849230
10246	4.778596	-1.685431	8.937028	0.026863	0.038913	-0.000724	0.816489	0.306562	0.489250	-0.238568	0.950803	-0.197633	-0.525767	0.044646	0.849456
10247	4.710369	-1.800349	8.971578	0.021989	0.022635	-0.000204	0.816678	0.306536	0.488950	-0.238688	0.950817	-0.197420	-0.525419	0.044522	0.849678
10248	4.924212	-1.774454	8.908130	0.016014	0.016254	0.002183	0.816756	0.306523	0.488828	-0.238744	0.950824	-0.197317	-0.525272	0.044456	0.849772
10249	4.882845	-1.817392	8.817942	0.020710	0.033575	0.002875	0.816995	0.306521	0.488430	-0.238882	0.950829	-0.197130	-0.524838	0.044378	0.850045
10250	4.757854	-2.043048	8.852555	0.029115	0.030423	-0.006194	0.817167	0.306423	0.488204	-0.238938	0.950867	-0.196875	-0.524544	0.044230	0.850234
10251	4.724699	-1.927102	8.904007	0.034463	0.023589	-0.015756	0.817397	0.306248	0.487928	-0.238995	0.950935	-0.196480	-0.524159	0.043990	0.850483
10252	4.711610	-1.976334	8.910290	0.032171	0.010071	-0.020263	0.817496	0.306025	0.487902	-0.238952	0.951018	-0.196131	-0.524024	0.043751	0.850579
10253	4.698171	-1.846832	8.895153	0.040040	0.002369	-0.029394	0.817648	0.305730	0.487833	-0.238927	0.951129	-0.195622	-0.523800	0.043393	0.850735
10254	4.730494	-1.766891	8.936580	0.031921	-0.010891	-0.029001	0.817657	0.305433	0.488003	-0.238811	0.951238	-0.195232	-0.523837	0.043092	0.850728
10255	4.714568	-1.855771	8.859182	0.029362	-0.026987	-0.026812	0.817649	0.305175	0.488179	-0.238751	0.951336	-0.194826	-0.523878	0.042747	0.850720
10256	4.823221	-1.760782	8.885976	0.027383	-0.027231	-0.026308	0.817567	0.304911	0.488482	-0.238634	0.951435	-0.194488	-0.524060	0.042439	0.850623
10257	4.921308	-1.789739	8.886410	0.022688	-0.025565	-0.025011	0.817561	0.304669	0.488642	-0.238553	0.951525	-0.194148	-0.524106	0.042161	0.850609
10258	4.877258	-1.719821	8.886102	0.026836	-0.012788	-0.024405	0.817549	0.304416	0.488819	-0.238448	0.951617	-0.193823	-0.524171	0.041902	0.850581
10259	4.850556	-1.744923	8.872908	0.028561	-0.015117	-0.018224	0.817582	0.304234	0.488878	-0.238453	0.951688	-0.193466	-0.524118	0.041599	0.850629
10260	4.774736	-1.858022	8.884647	0.025728	-0.008545	-0.021686	0.817586	0.304005	0.489013	-0.238365	0.951772	-0.193164	-0.524151	0.041364	0.850620
10261	4.763520	-1.837100	8.920339	0.026628	-0.028702	-0.020561	0.817553	0.303807	0.489192	-0.238341	0.951849	-0.192811	-0.524215	0.041039	0.850597
10262	4.680161	-1.849237	8.911603	0.016818	-0.028341	-0.028086	0.817469	0.303525	0.489508	-0.238154	0.951948	-0.192554	-0.524431	0.040828	0.850474
10263	3.815024	-1.861923	9.092543	-0.017777	-0.063067	-0.040764	0.817302	0.303148	0.490019	-0.237732	0.952069	-0.192480	-0.524881	0.040821	0.850196
10264	3.889783	-2.216348	9.181218	-0.069638	-0.214446	-0.075358	0.816351	0.302492	0.492006	-0.236704	0.952275	-0.192724	-0.526822	0.040871	0.848992
10265	4.943057	-1.920176	8.788896	-0.069144	-0.279581	-0.101987	0.815185	0.301620	0.494468	-0.235512	0.952559	-0.192783	-0.529157	0.040701	0.847547
10266	5.289960	-1.273951	8.891661	-0.066119	-0.222564	-0.090183	0.814214	0.300825	0.496547	-0.234381	0.952811	-0.192919	-0.531150	0.040696	0.846300
10267	5.435065	-1.554024	8.713891	-0.061440	-0.190474	-0.068661	0.813431	0.300234	0.498186	-0.233500	0.952996	-0.193072	-0.532736	0.040724	0.845301
10268	5.014881	-1.550461	8.956429	-0.067597	-0.136864	-0.052250	0.812820	0.299766	0.499464	-0.232668	0.953132	-0.193405	-0.534031	0.040994	0.844471
10269	5.395175	-1.706992	8.758338	-0.059255	-0.143198	-0.041288	0.812220	0.299415	0.500649	-0.232020	0.953235	-0.193672	-0.535225	0.041143	0.843707
10270	5.182403	-1.688119	8.825637	-0.050314	-0.089493	-0.037860	0.811825	0.299065	0.501498	-0.231398	0.953335	-0.193929	-0.536092	0.041391	0.843144
10271	5.164330	-1.806252	8.718762	-0.039052	-0.086461	-0.027251	0.811493	0.298826	0.502178	-0.230971	0.953404	-0.194095	-0.536779	0.041518	0.842701
10272	5.120221	-1.718302	8.718800	-0.034778	-0.066032	-0.020708	0.811183	0.298629	0.502795	-0.230570	0.953458	-0.194306	-0.537419	0.041688	0.842284
10273	5.065120	-1.791085	8.776651	-0.029125	-0.056548	-0.017291	0.810987	0.298472	0.503205	-0.230277	0.953502	-0.194437	-0.537841	0.041809	0.842009
10274	5.037399	-1.797642	8.764158	-0.025004	-0.055065	-0.014959	0.810722	0.298326	0.503718	-0.229976	0.953543	-0.194595	-0.538369	0.041919	0.841666
10275	5.042150	-1.798978	8.761151	-0.020599	-0.047982	-0.011317	0.810557	0.298222	0.504044	-0.229777	0.953573	-0.194684	-0.538702	0.041985	0.841450
10276	5.000584	-1.771247	8.843070	-0.017517	-0.049946	-0.009992	0.810308	0.298122	0.504504	-0.229555	0.953602	-0.194803	-0.539171	0.042039	0.841146
10277	5.054452	-1.754148	8.783568	-0.010131	-0.051467	-0.007561	0.810115	0.298055	0.504854	-0.229443	0.953625	-0.194823	-0.539509	0.041994	0.840932
10278	4.998510	-1.842439	8.785121	-0.012563	-0.043970	-0.005425	0.809887	0.297995	0.505254	-0.229285	0.953642	-0.194923	-0.539917	0.042018	0.840669
10279	4.907384	-2.035962	8.775591	-0.002737	-0.049355	-0.010595	0.809712	0.297898	0.505592	-0.229189	0.953677	-0.194865	-0.540221	0.041909	0.840479
10280	5.026478	-1.952883	8.708470	0.015821	-0.061546	-0.017333	0.809416	0.297733	0.506163	-0.229088	0.953742	-0.194666	-0.540707	0.041610	0.840181
10281	4.992059	-2.014884	8.755835	0.035970	-0.055453	-0.025900	0.809242	0.297492	0.506582	-0.229076	0.953839	-0.194206	-0.540972	0.041114	0.840035
10282	4.891120	-2.047380	8.702241	0.058444	-0.061478	-0.034551	0.808986	0.297161	0.507186	-0.229067	0.953972	-0.193562	-0.541360	0.040410	0.839819
10283	4.556921	-2.093909	8.787141	0.060849	-0.080680	-0.051876	0.808734	0.296682	0.507867	-0.228979	0.954155	-0.192761	-0.541772	0.039602	0.839592
10284	4.815527	-1.883263	8.756025	0.053501	-0.143756	-0.070829	0.808114	0.296036	0.509229	-0.228651	0.954392	-0.191974	-0.542836	0.038701	0.838947
10285	4.993062	-1.592409	8.916817	0.026130	-0.134461	-0.073066	0.807617	0.295374	0.510400	-0.228205	0.954623	-0.191357	-0.543762	0.038067	0.838376
10286	4.931677	-1.704761	8.923018	0.001311	-0.160936	-0.075376	0.806910	0.294689	0.511913	-0.227558	0.954853	-0.190982	-0.545082	0.037616	0.837539
10287	5.025238	-1.896224	8.805425	-0.008789	-0.162175	-0.074926	0.806262	0.294018	0.513317	-0.226908	0.955074	-0.190645	-0.546309	0.037234	0.836756
10288	4.875965	-1.832231	8.841361	-0.020010	-0.186836	-0.083129	0.805425	0.293267	0.515058	-0.226082	0.955318	-0.190407	-0.547884	0.036913	0.835740
10289	5.119264	-1.903466	8.778971	-0.018380	-0.211139	-0.091497	0.804541	0.292453	0.516899	-0.225247	0.955584	-0.190062	-0.549525	0.036483	0.834681
10290	4.833036	-2.104823	8.891536	-0.017297	-0.213775	-0.106620	0.803601	0.291485	0.518904	-0.224248	0.955895	-0.189676	-0.551306	0.036060	0.833523
10291	4.652816	-2.172192	9.088640	0.000737	-0.293584	-0.118787	0.802313	0.290438	0.521478	-0.223301	0.956246	-0.189026	-0.553562	0.035212	0.832063
10292	5.116573	-1.947824	8.870751	0.025260	-0.352136	-0.136371	0.800659	0.289229	0.524682	-0.222301	0.956656	-0.188124	-0.556351	0.033986	0.830252
10293	4.662138	-1.439102	9.400159	0.021315	-0.366430	-0.159732	0.799039	0.287806	0.527925	-0.221144	0.957129	-0.187082	-0.559135	0.032738	0.828430
10294	3.745534	-1.598094	9.718293	0.009653	-0.425514	-0.164895	0.797013	0.286338	0.531772	-0.219836	0.957612	-0.186149	-0.562533	0.031461	0.826176
10295	5.405486	-1.245827	9.062578	-0.016516	-0.595298	-0.142751	0.794035	0.285137	0.536847	-0.218609	0.958019	-0.185497	-0.567202	0.029931	0.823034
10296	4.395815	-1.228410	9.512908	-0.003466	-0.664370	-0.121696	0.790511	0.284137	0.542548	-0.217578	0.958371	-0.184889	-0.572497	0.028110	0.819425
10297	4.976787	-1.627971	9.020323	-0.020814	-0.718812	-0.109227	0.786687	0.283269	0.548527	-0.216600	0.958680	-0.184435	-0.578107	0.026282	0.815538
10298	5.122541	-1.746796	8.899845	-0.001658	-0.824065	-0.108933	0.782128	0.282405	0.555449	-0.215689	0.958995	-0.183867	-0.584597	0.024003	0.810968
10299	4.982535	-1.864181	8.882634	0.009560	-0.867232	-0.127336	0.777381	0.281363	0.562596	-0.214755	0.959361	-0.183049	-0.591236	0.021479	0.806213
10300	5.235956	-1.907209	8.748539	0.041210	-0.965903	-0.151445	0.771954	0.280076	0.570652	-0.213779	0.959801	-0.181879	-0.598653	0.018408	0.800797
10301	5.263339	-2.059509	8.708157	0.073212	-1.030812	-0.174352	0.766195	0.278556	0.579095	-0.212882	0.960305	-0.180263	-0.606322	0.014838	0.795081
10302	5.163018	-2.068401	8.885431	0.122987	-1.112913	-0.205216	0.759833	0.276699	0.588295	-0.212019	0.960898	-0.178109	-0.614574	0.010603	0.788788
10303	5.204830	-2.133574	8.996981	0.211540	-1.210172	-0.235023	0.752925	0.274519	0.598117	-0.211552	0.961567	-0.175025	-0.623178	0.005248	0.782063
10304	5.523314	-2.198077	8.568907	0.308746	-1.336452	-0.274433	0.745109	0.271878	0.609012	-0.211387	0.962331	-0.170982	-0.632557	-0.001337	0.774513
10305	5.476327	-2.454833	8.601446	0.401678	-1.427626	-0.335753	0.736807	0.268554	0.620479	-0.211459	0.963222	-0.165795	-0.642184	-0.009047	0.766497
10306	5.272616	-2.499292	8.585352	0.506293	-1.567698	-0.429693	0.727561	0.264172	0.633141	-0.211542	0.964306	-0.159259	-0.652614	-0.018065	0.757475
10307	5.155734	-2.483198	8.673310	0.604295	-1.768705	-0.542519	0.717158	0.258509	0.647193	-0.211598	0.965588	-0.151213	-0.664011	-0.028501	0.747179
10308	5.140082	-2.521599	8.664464	0.723521	-1.989310	-0.690883	0.705278	0.251118	0.662965	-0.211485	0.967108	-0.141337	-0.676651	-0.040525	0.735188
10309	4.706486	-2.243853	8.877341	0.855562	-2.285099	-0.857102	0.691567	0.241720	0.680666	-0.211342	0.968819	-0.129324	-0.690703	-0.054417	0.721089
10310	4.912350	-2.616440	9.680774	0.916707	-2.626393	-1.043798	0.675410	0.229942	0.700677	-0.210563	0.970722	-0.115593	-0.706742	-0.069464	0.704053
10311	5.195234	-3.050618	10.736286	0.951009	-2.989783	-1.244503	0.656735	0.215520	0.722669	-0.209068	0.972763	-0.100111	-0.724562	-0.085340	0.683906
10312	6.624343	-3.387290	11.319583	1.000353	-3.346486	-1.468001	0.635204	0.198059	0.746518	-0.206881	0.974872	-0.082611	-0.744121	-0.101966	0.660217
10313	8.668684	-4.156265	12.176280	1.089607	-3.442407	-1.669469	0.612818	0.177952	0.769927	-0.204657	0.976812	-0.062874	-0.763263	-0.119040	0.635027
10314	9.349733	-3.678055	12.379567	1.141539	-3.489291	-1.814784	0.589543	0.155729	0.792583	-0.202516	0.978395	-0.041601	-0.781938	-0.135985	0.608343
10315	10.469520	-3.741670	11.993737	1.024468	-3.495467	-1.930295	0.565913	0.131810	0.813860	-0.199438	0.979706	-0.019991	-0.799979	-0.151002	0.580717
10316	11.269065	-5.349469	11.311480	0.941076	-3.440218	-2.058318	0.542150	0.106177	0.833547	-0.195593	0.980682	0.002297	-0.817201	-0.164281	0.552444
10317	11.803932	-7.030306	10.598279	1.221093	-3.382101	-2.256042	0.518790	0.078247	0.851313	-0.193658	0.980673	0.027878	-0.832678	-0.179326	0.523917
10318	11.240691	-7.522760	10.967368	1.529398	-3.133675	-2.339077	0.497022	0.049404	0.866330	-0.194561	0.979303	0.055775	-0.845645	-0.196276	0.496348
10319	8.037691	-6.582202	10.140686	1.742399	-2.838907	-2.313674	0.477570	0.020976	0.878343	-0.198054	0.976554	0.084364	-0.855980	-0.214249	0.470528
10320	3.704281	-6.266587	7.460772	2.193557	-2.805344	-2.461766	0.458388	-0.009354	0.888703	-0.205357	0.971770	0.116150	-0.864702	-0.235743	0.443527
10321	1.508531	-1.415440	12.478540	2.929319	-2.510609	-2.547547	0.442196	-0.040231	0.896016	-0.219214	0.963849	0.151462	-0.869717	-0.263396	0.417391
10322	20.279879	7.494789	23.316752	1.489103	-0.735872	-1.394171	0.438891	-0.055658	0.896815	-0.225973	0.959164	0.170116	-0.869661	-0.277319	0.408391
10323	-2.481172	-0.934554	17.386355	-0.293073	0.832206	-0.597448	0.447657	-0.059036	0.892255	-0.220693	0.959657	0.174221	-0.866544	-0.274905	0.416568
10324	-4.359972	-4.465560	10.485498	-0.957436	1.113960	-0.371624	0.458086	-0.059624	0.886906	-0.210677	0.962038	0.173490	-0.863581	-0.266324	0.428134
10325	-1.562320	-5.872011	9.697603	-0.782552	1.164581	-0.470749	0.469329	-0.061024	0.880912	-0.201655	0.963840	0.174207	-0.859689	-0.259401	0.440052
10326	-0.498594	-4.914433	9.695299	-0.604463	1.513958	-0.582255	0.483441	-0.062782	0.873123	-0.193653	0.965042	0.176615	-0.853688	-0.254466	0.454383
10327	0.406200	-3.207412	10.047017	-0.602655	1.944301	-0.585518	0.501319	-0.063446	0.862933	-0.185546	0.966226	0.178832	-0.845134	-0.249766	0.472615
10328	1.202336	-1.678742	9.805383	-0.872570	2.353100	-0.455481	0.521898	-0.062088	0.850745	-0.175835	0.968097	0.178520	-0.834688	-0.242760	0.494331
10329	1.841554	-1.314345	9.065055	-1.245327	2.720708	-0.238875	0.545107	-0.057846	0.836369	-0.164134	0.970948	0.174129	-0.822143	-0.232195	0.519775
10330	2.488149	-1.777931	8.097001	-1.515814	3.020014	-0.017637	0.569738	-0.051234	0.820228	-0.151631	0.974367	0.166187	-0.807717	-0.219054	0.547365
10331	2.805329	-2.196088	7.209571	-1.617820	3.208394	0.188151	0.595380	-0.042502	0.802319	-0.139683	0.977917	0.155459	-0.791209	-0.204627	0.576295
10332	3.373620	-2.372002	6.499389	-1.580246	3.293872	0.388355	0.620617	-0.032223	0.783451	-0.129630	0.981190	0.143043	-0.773324	-0.190334	0.604766
10333	4.076808	-2.417071	6.259736	-1.487385	3.331495	0.614696	0.645542	-0.019972	0.763464	-0.122060	0.984110	0.128952	-0.753908	-0.176432	0.632847
10334	4.625040	-2.367600	6.482967	-1.382837	3.330453	0.910215	0.669216	-0.005377	0.743049	-0.117707	0.986581	0.113151	-0.733686	-0.163184	0.659603
10335	5.349068	-1.790223	7.027521	-1.296136	3.309987	1.234959	0.691949	0.012103	0.721845	-0.116645	0.988597	0.095238	-0.712461	-0.150100	0.685470
10336	6.266067	-1.126249	7.210713	-1.294626	3.311442	1.572406	0.713327	0.032378	0.700083	-0.118561	0.990109	0.075013	-0.690730	-0.136511	0.710110
10337	6.583832	-1.133878	7.181413	-1.290017	3.309356	1.855830	0.733800	0.055135	0.677124	-0.123143	0.990986	0.052759	-0.668111	-0.122098	0.733975
10338	6.996087	-1.434501	7.281735	-1.234409	3.249029	2.084215	0.752493	0.079494	0.653785	-0.130475	0.991007	0.029677	-0.645547	-0.107634	0.756098
10339	8.109973	-1.673821	7.772687	-1.119837	3.185912	2.303317	0.769783	0.105599	0.629510	-0.140841	0.990013	0.006151	-0.622573	-0.093396	0.776968
10340	9.244396	-1.723225	8.181502	-0.993120	3.170428	2.573720	0.785347	0.133770	0.604431	-0.154739	0.987799	-0.017561	-0.599405	-0.079738	0.796464
10341	10.088232	-1.672143	8.380459	-0.844515	3.149242	2.875912	0.799337	0.164508	0.577926	-0.172515	0.984131	-0.041527	-0.575586	-0.066507	0.815032
10342	10.907715	-1.254741	8.779371	-0.687044	3.061081	3.165014	0.810794	0.197396	0.551042	-0.194078	0.978825	-0.065074	-0.552220	-0.054183	0.831936
10343	11.863395	-0.380620	9.255588	-0.566277	2.969047	3.375863	0.820051	0.231819	0.523236	-0.218511	0.971848	-0.088111	-0.528932	-0.042077	0.847620
10344	12.648314	1.241966	9.671925	-0.522386	2.905142	3.403890	0.827218	0.265780	0.495047	-0.243801	0.963574	-0.109933	-0.506232	-0.029754	0.861884
10345	13.086205	3.528116	9.871958	-0.631686	2.886051	3.185328	0.833512	0.297036	0.465862	-0.267104	0.954743	-0.130850	-0.483646	-0.015368	0.875129
10346	14.380603	4.764355	9.365719	-0.885851	2.892729	2.727017	0.839651	0.323127	0.436549	-0.285688	0.946354	-0.150987	-0.461917	0.002060	0.886921
10347	15.628655	4.831674	7.832431	-1.155876	2.855469	2.128905	0.846447	0.342876	0.407387	-0.298410	0.939108	-0.170377	-0.440998	0.022647	0.897222
10348	16.058407	5.017184	5.335660	-1.311911	2.633532	1.423127	0.853528	0.355298	0.381122	-0.304800	0.933709	-0.187841	-0.422596	0.044161	0.905241
10349	16.154276	5.907658	2.706003	-1.476232	2.237315	0.706730	0.860757	0.360668	0.359189	-0.304730	0.930351	-0.203930	-0.407722	0.066078	0.910712
10350	16.602829	6.156635	0.708257	-1.718137	1.734267	0.086721	0.867483	0.360110	0.343211	-0.298516	0.928718	-0.219933	-0.397946	0.088334	0.913146
10351	17.494609	4.554232	-0.598067	-1.896364	1.214871	-0.419755	0.873587	0.355010	0.332886	-0.287370	0.928321	-0.235878	-0.392764	0.110399	0.912989
10352	17.825229	2.053835	-1.425103	-1.858197	0.695977	-0.784060	0.878517	0.346868	0.328467	-0.273169	0.928843	-0.250260	-0.391902	0.130131	0.910757
10353	18.093722	0.115497	-1.379194	-1.622541	0.235332	-0.979732	0.882096	0.337434	0.328701	-0.258170	0.929942	-0.261831	-0.394024	0.146100	0.907414
10354	13.872584	-15.424318	-4.531794	-0.322095	-0.885079	-0.734957	0.880440	0.331862	0.338665	-0.250368	0.931934	-0.262325	-0.402669	0.146171	0.903599
10355	15.016332	-3.619948	-1.019792	1.845924	-0.971003	-0.569593	0.877982	0.327854	0.348798	-0.252807	0.936313	-0.243735	-0.406493	0.125816	0.904949
10356	4.347472	-0.164343	6.971512	3.369684	-1.788379	0.319659	0.869815	0.332742	0.364285	-0.269373	0.938870	-0.214384	-0.413351	0.088346	0.906276
10357	3.995098	8.544564	10.950911	2.389549	-1.246353	1.084929	0.861642	0.343844	0.373287	-0.288661	0.936991	-0.196783	-0.417429	0.061803	0.906605
10358	-6.462118	5.650872	16.612809	1.960612	-1.443602	1.986555	0.849585	0.363098	0.382577	-0.313865	0.930959	-0.186560	-0.423903	0.038421	0.904892
10359	-1.611289	9.952548	11.843973	0.972134	-1.846441	2.215206	0.834479	0.384187	0.395025	-0.336681	0.922979	-0.186427	-0.436223	0.022572	0.899556
10360	-3.426873	9.572926	8.222620	-0.017749	-2.283162	2.421904	0.815909	0.406816	0.410845	-0.356547	0.913407	-0.196373	-0.455156	0.013737	0.890306
10361	6.151629	1.346484	5.090923	0.022568	-3.045597	0.956870	0.798278	0.415752	0.435779	-0.364373	0.909477	-0.200209	-0.479568	0.001036	0.877504
10362	37.356349	2.629925	19.370998	2.549176	-3.165783	-1.914183	0.789792	0.397704	0.466969	-0.361557	0.916842	-0.169341	-0.495485	-0.035092	0.867907
10363	18.757127	21.317723	24.161952	-1.093648	2.622647	0.207261	0.801858	0.400234	0.443662	-0.357873	0.916297	-0.179798	-0.478487	-0.014602	0.877973
10364	-14.089292	-13.849438	2.613753	0.621507	-1.421243	-0.050734	0.795177	0.399455	0.456212	-0.360427	0.916386	-0.174155	-0.487633	-0.025947	0.872663
10365	21.568894	-3.523886	12.079917	0.414621	-1.159225	-0.325995	0.790700	0.396093	0.466803	-0.359880	0.917567	-0.168989	-0.495258	-0.034373	0.868066
10366	-4.386097	2.750915	11.997586	-0.211077	0.804616	-0.145002	0.795184	0.394991	0.460070	-0.357647	0.918220	-0.170178	-0.489664	-0.029220	0.871421
10367	9.849118	1.464200	10.396354	-0.163814	-1.400221	0.000932	0.788286	0.394537	0.472171	-0.356845	0.918278	-0.171546	-0.501265	-0.033264	0.864654
10368	4.034530	-5.873676	6.255315	-0.207695	0.030134	-0.022346	0.788518	0.394315	0.471969	-0.355583	0.918445	-0.173260	-0.501797	-0.031205	0.864423
10369	5.834165	0.536982	9.547960	-0.055599	-0.368814	-0.049739	0.786879	0.393715	0.475195	-0.354911	0.918670	-0.173448	-0.504836	-0.032169	0.862616
10370	5.017975	-2.601505	9.315255	-0.161404	-0.365268	0.002208	0.785022	0.393591	0.478358	-0.354067	0.918725	-0.174873	-0.508308	-0.032091	0.860577
10371	7.213261	-3.587168	7.510598	0.000836	-0.106298	-0.060409	0.784736	0.392974	0.479334	-0.353597	0.918974	-0.174518	-0.509076	-0.032540	0.860106
10372	4.532563	-1.215578	9.585610	0.049779	0.003848	-0.069404	0.785002	0.392311	0.479442	-0.353262	0.919242	-0.173781	-0.508899	-0.032950	0.860195
10373	5.143900	-1.886682	8.684821	0.043288	-0.040643	-0.042707	0.784985	0.391877	0.479824	-0.353145	0.919406	-0.173148	-0.509006	-0.033529	0.860109
10374	4.579475	-1.368164	9.134516	0.042842	-0.012475	-0.054397	0.785114	0.391346	0.480046	-0.352892	0.919617	-0.172542	-0.508982	-0.033939	0.860108
10375	4.797449	-0.717221	9.295295	-0.018959	-0.056296	-0.038391	0.785002	0.390946	0.480555	-0.352493	0.919785	-0.172465	-0.509432	-0.034007	0.859838
10376	4.862357	-1.001311	9.141700	-0.090783	-0.041485	-0.013009	0.784837	0.390786	0.480954	-0.351884	0.919879	-0.173207	-0.510106	-0.033301	0.859466
10377	4.841832	-1.734315	8.891690	-0.116664	-0.069941	-0.002010	0.784526	0.390717	0.481518	-0.351272	0.919936	-0.174142	-0.511006	-0.032525	0.858961
10378	4.881567	-1.887447	8.865116	-0.116595	-0.059781	-0.007442	0.784247	0.390603	0.482065	-0.350573	0.920015	-0.175131	-0.511913	-0.031653	0.858454
10379	4.706612	-2.038506	8.908458	-0.098836	-0.078878	-0.014899	0.783934	0.390413	0.482728	-0.349949	0.920115	-0.175850	-0.512819	-0.031075	0.857934
10380	4.785868	-2.445592	8.742528	-0.063823	-0.102491	-0.030533	0.783515	0.390074	0.483680	-0.349338	0.920267	-0.176274	-0.513874	-0.030855	0.857310
10381	5.087197	-2.319124	8.678880	-0.016622	-0.095205	-0.045546	0.783223	0.389597	0.484537	-0.348894	0.920460	-0.176141	-0.514621	-0.031094	0.856854
10382	5.355304	-1.657832	8.726793	0.025061	-0.065044	-0.041799	0.783035	0.389166	0.485187	-0.348652	0.920627	-0.175747	-0.515071	-0.031545	0.856567
10383	4.893179	-1.440634	8.947745	0.013736	-0.021095	-0.028846	0.783064	0.388866	0.485380	-0.348494	0.920746	-0.175436	-0.515133	-0.031774	0.856521
10384	4.935720	-1.408400	8.923317	0.016242	-0.037908	-0.022026	0.782947	0.388624	0.485763	-0.348361	0.920839	-0.175213	-0.515402	-0.032038	0.856350
10385	4.793366	-1.280459	9.038293	-0.006636	-0.053769	-0.019416	0.782775	0.388401	0.486219	-0.348173	0.920928	-0.175122	-0.515790	-0.032207	0.856109
10386	4.836396	-1.418057	8.926075	-0.030571	-0.046148	-0.017163	0.782597	0.388201	0.486664	-0.347837	0.921016	-0.175324	-0.516286	-0.032072	0.855815
10387	4.839835	-1.541482	8.894144	-0.038900	-0.058999	-0.014007	0.782379	0.388026	0.487155	-0.347524	0.921094	-0.175534	-0.516827	-0.031964	0.855493
10388	4.864266	-1.562826	8.822216	-0.045249	-0.061538	-0.016794	0.782120	0.387825	0.487730	-0.347115	0.921186	-0.175862	-0.517494	-0.031753	0.855097
10389	4.896949	-1.590544	8.858998	-0.041104	-0.054572	-0.017797	0.781936	0.387616	0.488190	-0.346761	0.921279	-0.176073	-0.518008	-0.031608	0.854792
10390	4.650034	-1.958918	8.831546	-0.044427	-0.064844	-0.018213	0.781664	0.387401	0.488796	-0.346344	0.921376	-0.176387	-0.518697	-0.031417	0.854380
10391	4.696291	-2.006818	8.831883	-0.029399	-0.112889	-0.041314	0.781259	0.386957	0.489795	-0.345867	0.921556	-0.176382	-0.519626	-0.031604	0.853809
10392	4.654766	-1.936342	8.801518	-0.020582	-0.118960	-0.050619	0.780816	0.386426	0.490920	-0.345320	0.921771	-0.176333	-0.520655	-0.031841	0.853173
10393	4.338669	-2.048516	8.935517	-0.009556	-0.171619	-0.079474	0.780233	0.385611	0.492485	-0.344648	0.922091	-0.175971	-0.521972	-0.032435	0.852346
10394	4.838161	-1.959177	8.693758	0.012390	-0.233907	-0.103745	0.779368	0.384550	0.494679	-0.343859	0.922499	-0.175376	-0.523782	-0.033417	0.851197
10395	4.990649	-1.515915	8.951121	0.020034	-0.187398	-0.110543	0.778803	0.383440	0.496428	-0.343100	0.922927	-0.174607	-0.525118	-0.034340	0.850336
10396	5.044636	-1.641995	8.775878	0.014218	-0.248446	-0.110188	0.777874	0.382309	0.498750	-0.342272	0.923357	-0.173961	-0.527031	-0.035389	0.849109
10397	4.955152	-1.639173	9.004926	-0.014352	-0.210979	-0.104736	0.777157	0.381239	0.500684	-0.341379	0.923772	-0.173508	-0.528666	-0.036080	0.848063
10398	5.156747	-1.637397	8.910830	-0.030645	-0.226630	-0.103823	0.776311	0.380171	0.502804	-0.340366	0.924191	-0.173270	-0.530559	-0.036626	0.846856
10399	5.098919	-1.716089	8.890012	-0.031053	-0.244910	-0.095112	0.775371	0.379173	0.505003	-0.339460	0.924574	-0.173002	-0.532510	-0.037287	0.845602
10400	5.132623	-1.644262	8.957519	-0.026094	-0.225415	-0.104017	0.774521	0.378100	0.507107	-0.338469	0.924990	-0.172719	-0.534374	-0.037866	0.844400
10401	5.140169	-1.571736	8.983907	-0.026004	-0.235689	-0.100901	0.773640	0.377048	0.509231	-0.337546	0.925392	-0.172375	-0.536232	-0.038533	0.843191
10402	4.832615	-1.979547	9.090493	-0.026902	-0.239195	-0.101860	0.772698	0.375986	0.511441	-0.336569	0.925798	-0.172104	-0.538200	-0.039151	0.841907
10403	4.798354	-2.195221	8.970170	0.003307	-0.360627	-0.135703	0.771248	0.374558	0.514668	-0.335535	0.926316	-0.171330	-0.540919	-0.040552	0.840097
10404	4.573583	-1.933697	9.150517	0.004044	-0.386304	-0.155647	0.769674	0.372929	0.518195	-0.334313	0.926909	-0.170514	-0.543909	-0.041999	0.838092
10405	4.060348	-1.516163	9.813243	0.008741	-0.513399	-0.169872	0.767479	0.371106	0.522740	-0.333051	0.927547	-0.169508	-0.547771	-0.044005	0.835470
10406	4.700842	-1.802188	9.261219	0.015869	-0.640953	-0.169088	0.764514	0.369220	0.528389	-0.331798	0.928179	-0.168508	-0.552656	-0.046491	0.832112
10407	3.980231	-1.559120	9.607850	0.021814	-0.767263	-0.196207	0.760945	0.367002	0.535045	-0.330418	0.928901	-0.167235	-0.558379	-0.049532	0.828106
10408	4.754583	-0.882239	9.519008	-0.029774	-0.927900	-0.188518	0.756351	0.364749	0.543039	-0.328775	0.929618	-0.166485	-0.565544	-0.052616	0.823038
10409	4.677490	-1.187418	9.412228	-0.049705	-1.020822	-0.156271	0.751097	0.362714	0.551627	-0.327310	0.930224	-0.165988	-0.573342	-0.055880	0.817408
10410	4.243715	-1.781574	9.652942	-0.009403	-1.181936	-0.171632	0.744828	0.360404	0.561552	-0.325926	0.930862	-0.165128	-0.582240	-0.060032	0.810797
10411	4.244301	-2.184188	9.661488	0.045906	-1.407747	-0.248188	0.737416	0.357181	0.573271	-0.324353	0.931734	-0.163299	-0.592463	-0.065523	0.802929
10412	4.273334	-2.662336	9.847973	0.176192	-1.666807	-0.372621	0.728648	0.352524	0.587196	-0.322629	0.932947	-0.159748	-0.604138	-0.073046	0.793525
10413	3.818372	-2.963379	9.511143	0.431129	-2.006551	-0.508372	0.718087	0.346172	0.603751	-0.321579	0.934395	-0.153274	-0.617201	-0.084090	0.782299
10414	3.385612	-3.262703	9.485901	0.736953	-2.422972	-0.715692	0.705249	0.337229	0.623618	-0.321042	0.936179	-0.143183	-0.632104	-0.099228	0.768504
10415	2.145287	-3.440845	9.746761	0.995689	-2.991676	-1.014754	0.689393	0.324433	0.647673	-0.320339	0.938462	-0.129121	-0.649708	-0.118460	0.750897
10416	0.958740	-3.251298	12.481901	1.200043	-3.898337	-1.464081	0.668293	0.305562	0.678245	-0.318285	0.941526	-0.110561	-0.672369	-0.141988	0.726471
10417	3.333366	-4.127754	12.693341	1.336111	-4.965248	-1.884385	0.640251	0.280033	0.715304	-0.315113	0.944975	-0.087897	-0.700559	-0.169125	0.693263
