// General information: 
//  MT Manager version: 2022.2.0 
//  XDA version: 2022.2.0 build 7381 rev 124627 built on 2023-07-19
// Device information: 
//  DeviceId: 00B4CBA7
//  ProductCode: MTW2-3A7G6
//  Firmware Version: 4.6.0
//  Hardware Version: 2.0.0
// Device settings: 
//  Filter Profile: human(46.1)
//  Option Flags: Orientation Smoother Disabled, Position/Velocity Smoother Disabled, Continuous Zero Rotation Update Disabled, AHS Disabled, ICC Disabled
// Coordinate system: ENU
PacketCounter	Acc_X	Acc_Y	Acc_Z	Gyr_X	Gyr_Y	Gyr_Z	Mat[1][1]	Mat[2][1]	Mat[3][1]	Mat[1][2]	Mat[2][2]	Mat[3][2]	Mat[1][3]	Mat[2][3]	Mat[3][3]
15652	9.946740	-1.714418	-2.139958	0.132227	0.068137	0.036186	0.207510	-0.022742	0.977969	0.353975	-0.930238	-0.096740	0.911944	0.366251	-0.184983
15653	10.076651	-1.475562	-2.133143	0.179289	0.066217	0.029027	0.206996	-0.023226	0.978066	0.355537	-0.929582	-0.097319	0.911453	0.367883	-0.184162
15654	10.008107	-1.007132	-1.974369	0.195826	0.064148	0.033382	0.206503	-0.023735	0.978158	0.357241	-0.928861	-0.097958	0.910898	0.369667	-0.183334
15655	9.895281	-0.726720	-1.860312	0.158285	0.059549	0.033497	0.206068	-0.024237	0.978238	0.358601	-0.928276	-0.098539	0.910462	0.371102	-0.182596
15656	9.759502	-0.703463	-1.797273	0.111011	0.066915	0.034381	0.205555	-0.024767	0.978332	0.359530	-0.927864	-0.099030	0.910212	0.372096	-0.181822
15657	9.632946	-0.737641	-1.723957	0.087357	0.068392	0.036127	0.205049	-0.025327	0.978424	0.360238	-0.927538	-0.099506	0.910046	0.372869	-0.181067
15658	9.553591	-0.759883	-1.626380	0.071281	0.068157	0.044126	0.204561	-0.025954	0.978510	0.360785	-0.927270	-0.100018	0.909939	0.373492	-0.180319
15659	9.374919	-0.820287	-1.538604	0.070746	0.061672	0.052058	0.204174	-0.026637	0.978572	0.361309	-0.927001	-0.100619	0.909818	0.374111	-0.179645
15660	9.288743	-0.850119	-1.475676	0.073008	0.049951	0.053742	0.203887	-0.027285	0.978614	0.361853	-0.926723	-0.101228	0.909666	0.374754	-0.179073
15661	9.233053	-0.870874	-1.331865	0.088789	0.038371	0.059971	0.203741	-0.027955	0.978626	0.362526	-0.926382	-0.101937	0.909431	0.375546	-0.178608
15662	9.301371	-0.935986	-1.310717	0.076356	0.028211	0.071385	0.203716	-0.028685	0.978610	0.363064	-0.926084	-0.102724	0.909222	0.376225	-0.178244
15663	9.393257	-1.050509	-1.410036	0.061234	0.021357	0.072807	0.203773	-0.029410	0.978576	0.363459	-0.925842	-0.103510	0.909051	0.376765	-0.177972
15664	9.509838	-1.137055	-1.376692	0.047526	0.022668	0.074566	0.203811	-0.030149	0.978546	0.363729	-0.925650	-0.104276	0.908935	0.377178	-0.177691
15665	9.628954	-1.288283	-1.366452	0.023906	0.011420	0.064057	0.203926	-0.030755	0.978503	0.363802	-0.925550	-0.104909	0.908880	0.377375	-0.177554
15666	9.753772	-1.457264	-1.407856	0.007874	0.011210	0.057005	0.204004	-0.031288	0.978470	0.363747	-0.925512	-0.105433	0.908884	0.377424	-0.177427
15667	9.753534	-1.436656	-1.322464	-0.005548	0.013549	0.048595	0.204043	-0.031759	0.978447	0.363584	-0.925527	-0.105863	0.908941	0.377348	-0.177300
15668	9.732514	-1.540493	-1.404119	-0.041959	0.011655	0.031665	0.204025	-0.032059	0.978441	0.363128	-0.925684	-0.106050	0.909127	0.376936	-0.177221
15669	9.695710	-1.728076	-1.608676	-0.053343	0.009524	0.004880	0.203941	-0.032111	0.978456	0.362620	-0.925893	-0.105968	0.909349	0.376419	-0.177184
15670	9.637329	-1.785950	-1.710920	-0.022161	0.005777	-0.000435	0.203860	-0.032092	0.978474	0.362409	-0.925986	-0.105876	0.909451	0.376191	-0.177141
15671	9.575150	-1.685472	-1.953205	-0.019134	0.007926	-0.003230	0.203762	-0.032063	0.978495	0.362228	-0.926068	-0.105775	0.909545	0.375992	-0.177083
15672	9.641943	-1.504428	-2.092210	-0.028080	0.016160	-0.026479	0.203492	-0.031841	0.978559	0.362016	-0.926192	-0.105418	0.909690	0.375706	-0.176945
15673	9.509050	-1.449023	-2.148487	-0.042293	0.021258	-0.045797	0.203118	-0.031467	0.978648	0.361712	-0.926374	-0.104860	0.909894	0.375288	-0.176781
15674	9.311863	-1.518229	-2.165879	-0.041493	0.028792	-0.048863	0.202652	-0.031085	0.978757	0.361423	-0.926555	-0.104260	0.910113	0.374874	-0.176534
15675	9.254871	-1.631355	-2.092470	-0.038692	0.023546	-0.055104	0.202225	-0.030634	0.978860	0.361169	-0.926726	-0.103617	0.910309	0.374488	-0.176343
15676	9.484836	-1.652987	-1.983479	-0.021567	0.032328	-0.061257	0.201682	-0.030150	0.978987	0.361086	-0.926835	-0.102932	0.910462	0.374257	-0.176039
15677	9.700032	-1.597357	-1.833225	0.007897	0.029697	-0.070723	0.201143	-0.029577	0.979115	0.361287	-0.926835	-0.102218	0.910502	0.374302	-0.175741
15678	9.825304	-1.525114	-1.687600	0.015042	0.025935	-0.074145	0.200612	-0.028950	0.979243	0.361562	-0.926810	-0.101471	0.910510	0.374413	-0.175462
15679	9.845402	-1.385344	-1.590917	0.022917	0.018910	-0.076597	0.200149	-0.028282	0.979357	0.361911	-0.926755	-0.100726	0.910473	0.374600	-0.175254
15680	9.793567	-1.234084	-1.484444	0.031209	0.005118	-0.079084	0.199789	-0.027531	0.979452	0.362342	-0.926670	-0.099958	0.910380	0.374867	-0.175163
15681	9.710832	-1.041394	-1.293012	0.044832	-0.011373	-0.074147	0.199610	-0.026773	0.979510	0.362885	-0.926530	-0.099276	0.910203	0.375266	-0.175229
15682	9.690068	-0.888224	-1.034842	0.052722	-0.031133	-0.073778	0.199598	-0.025935	0.979535	0.363502	-0.926361	-0.098598	0.909960	0.375742	-0.175472
15683	9.696425	-0.685484	-0.758478	0.045333	-0.054397	-0.079502	0.199789	-0.024966	0.979521	0.364060	-0.926220	-0.097864	0.909695	0.376156	-0.175959
15684	9.870435	-0.776822	-0.614604	0.052164	-0.085176	-0.077050	0.200256	-0.023895	0.979452	0.364678	-0.926051	-0.097153	0.909345	0.376640	-0.176733
15685	10.166190	-0.821671	-0.489139	0.096109	-0.127971	-0.052636	0.201212	-0.022897	0.979280	0.365644	-0.925710	-0.096773	0.908745	0.377540	-0.177892
15686	10.318942	-0.683674	-0.184520	0.147974	-0.179658	-0.016871	0.202755	-0.022024	0.978982	0.367012	-0.925163	-0.096824	0.907851	0.378930	-0.179498
15687	10.216317	-0.546028	0.072391	0.167177	-0.228026	0.013807	0.204859	-0.021258	0.978561	0.368488	-0.924534	-0.097226	0.906780	0.380506	-0.181565
15688	9.915777	-0.565052	0.323378	0.206789	-0.305437	0.027869	0.207702	-0.020314	0.977981	0.370294	-0.923749	-0.097829	0.905396	0.382460	-0.184342
15689	9.957657	-0.418068	0.555438	0.224587	-0.382392	0.032932	0.211266	-0.019123	0.977241	0.372245	-0.922889	-0.098534	0.903770	0.384590	-0.187857
15690	10.127016	-0.098491	0.714649	0.260766	-0.471046	0.051943	0.215685	-0.017748	0.976302	0.374478	-0.921883	-0.099489	0.901802	0.387062	-0.192190
15691	10.434614	0.511603	1.093483	0.203016	-0.540041	0.088827	0.220865	-0.016444	0.975166	0.376102	-0.921088	-0.100715	0.899870	0.389006	-0.197251
15692	10.491242	0.726084	1.349808	0.122346	-0.626371	0.125785	0.226941	-0.015125	0.973791	0.376911	-0.920601	-0.102137	0.898018	0.390211	-0.203222
15693	10.545428	0.837215	1.457929	0.043007	-0.715667	0.142639	0.233879	-0.013616	0.972170	0.376958	-0.920421	-0.103577	0.896216	0.390692	-0.210135
15694	10.530717	0.641867	1.479065	-0.000101	-0.811018	0.153063	0.241689	-0.011819	0.970282	0.376584	-0.920411	-0.105015	0.894299	0.390774	-0.218002
15695	10.679581	0.383682	1.465959	0.013496	-0.910068	0.182725	0.250482	-0.009915	0.968070	0.376246	-0.920347	-0.106777	0.892019	0.390978	-0.226800
15696	10.833463	0.147357	1.195878	0.033686	-1.007225	0.230789	0.260294	-0.008062	0.965496	0.375948	-0.920203	-0.109038	0.889331	0.391358	-0.236492
15697	10.879874	-0.210221	0.766318	0.051844	-1.080770	0.262892	0.270851	-0.006221	0.962601	0.375703	-0.919989	-0.111659	0.886277	0.391895	-0.246843
15698	11.050895	-0.761085	0.464726	0.095013	-1.139247	0.299069	0.282025	-0.004465	0.959397	0.375710	-0.919609	-0.114724	0.882782	0.392810	-0.257675
15699	11.192599	-1.292163	0.192164	0.168191	-1.186558	0.319855	0.293650	-0.002708	0.955909	0.376264	-0.918943	-0.118189	0.878746	0.394381	-0.268829
15700	11.013486	-1.995747	0.047529	0.223456	-1.217912	0.344643	0.305596	-0.001021	0.952161	0.377185	-0.918062	-0.122042	0.874267	0.396436	-0.280171
15701	10.593027	-2.419188	0.839345	0.233460	-1.301499	0.357665	0.318267	0.000898	0.948001	0.378100	-0.917141	-0.126069	0.869337	0.398563	-0.292235
15702	10.457724	-3.755002	-0.320684	0.163735	-1.355419	0.345241	0.331294	0.003181	0.943522	0.378394	-0.916502	-0.129774	0.864327	0.400016	-0.304836
15703	10.770078	-3.949994	-1.354643	0.338141	-1.372536	0.343364	0.344392	0.005574	0.938809	0.380144	-0.915166	-0.134019	0.858420	0.403038	-0.317295
15704	10.905430	-3.850042	-1.844102	0.382984	-1.304725	0.359587	0.356896	0.007603	0.934113	0.382157	-0.913648	-0.138574	0.852397	0.406434	-0.328983
15705	10.616013	-3.884603	-2.557032	0.363968	-1.210065	0.386711	0.368630	0.009035	0.929532	0.383846	-0.912201	-0.143357	0.846626	0.409643	-0.339732
15706	9.588915	-3.932849	-3.157648	0.336838	-1.108433	0.404708	0.379513	0.009939	0.925133	0.385173	-0.910863	-0.148222	0.841197	0.412588	-0.349512
15707	8.827850	-3.871685	-3.711510	0.370732	-1.007528	0.392864	0.389450	0.010561	0.920987	0.386772	-0.909374	-0.153124	0.835904	0.415846	-0.358240
15708	8.440317	-3.605982	-3.908102	0.490184	-0.842073	0.335913	0.397744	0.011065	0.917430	0.389534	-0.907370	-0.157935	0.830700	0.420188	-0.365211
15709	7.706701	-3.409277	-3.675970	0.634804	-0.616737	0.177366	0.403519	0.012090	0.914891	0.394083	-0.904710	-0.161858	0.825755	0.425856	-0.369833
15710	6.920395	-4.413466	-3.480701	0.690251	-0.370508	-0.038134	0.406392	0.014059	0.913591	0.399923	-0.901753	-0.164020	0.821527	0.432022	-0.372088
15711	6.663739	-5.959150	-3.716647	0.977796	-0.110530	-0.233781	0.406325	0.016666	0.913577	0.408886	-0.897456	-0.165485	0.817136	0.440790	-0.371473
15712	6.612926	-6.704096	-3.944349	1.469530	0.150081	-0.405106	0.403390	0.019652	0.914817	0.422495	-0.890817	-0.167163	0.811649	0.453938	-0.367650
15713	6.696861	-6.740150	-4.335336	2.062688	0.394430	-0.579002	0.397675	0.022975	0.917239	0.441483	-0.881146	-0.169337	0.804330	0.472287	-0.360552
15714	6.460379	-6.228301	-4.486882	2.615914	0.584392	-0.702942	0.389785	0.026330	0.920529	0.465168	-0.868325	-0.172132	0.794787	0.495296	-0.350708
15715	6.435426	-5.060530	-4.496859	3.063714	0.735812	-0.806267	0.380092	0.029541	0.924477	0.492444	-0.852523	-0.175223	0.782961	0.521854	-0.338585
15716	6.452755	-3.533639	-4.167712	3.261444	0.929246	-0.910525	0.368229	0.032276	0.929175	0.521177	-0.834777	-0.177544	0.769923	0.549642	-0.324211
15717	6.545098	-1.823672	-2.886267	3.191984	1.100050	-1.012934	0.354381	0.034459	0.934466	0.549207	-0.816472	-0.178170	0.756826	0.576355	-0.308267
15718	6.769721	-0.465221	-1.687021	2.835057	1.218452	-1.107131	0.338975	0.036269	0.940096	0.574338	-0.799420	-0.176251	0.745139	0.599677	-0.291814
15719	7.862989	-0.547797	-1.887370	2.318496	1.392554	-1.191439	0.321661	0.037235	0.946122	0.595446	-0.784866	-0.171551	0.736191	0.618546	-0.274632
15720	8.970138	0.098803	-1.502836	1.834413	1.569635	-1.202929	0.302851	0.036806	0.952327	0.612650	-0.772949	-0.164956	0.730028	0.633400	-0.256638
15721	9.750655	0.166952	-1.290661	1.284863	1.738074	-1.191018	0.282781	0.034870	0.958550	0.625498	-0.764324	-0.156723	0.727178	0.643889	-0.237947
15722	10.344387	0.209069	-1.407071	0.771692	1.867658	-1.145980	0.261941	0.031538	0.964568	0.634228	-0.758962	-0.147418	0.727421	0.650371	-0.218806
15723	10.839946	0.325034	-1.349906	0.275419	1.971151	-1.079296	0.240666	0.026881	0.970236	0.638945	-0.756860	-0.137521	0.730636	0.653024	-0.199326
15724	11.152154	0.610316	-1.354926	-0.174340	2.044237	-0.960564	0.219490	0.020840	0.975392	0.639871	-0.757782	-0.127798	0.736471	0.652175	-0.179661
15725	11.180733	1.013466	-1.384170	-0.569294	2.092867	-0.839686	0.198595	0.013619	0.979987	0.637405	-0.761349	-0.118590	0.744497	0.648200	-0.159881
15726	11.035960	1.393891	-1.232456	-0.916941	2.136032	-0.725468	0.177944	0.005417	0.984026	0.631891	-0.767206	-0.110043	0.754354	0.641378	-0.139943
15727	10.983923	1.497394	-1.199528	-1.219287	2.163900	-0.613647	0.157610	-0.003619	0.987495	0.623646	-0.774974	-0.102377	0.765653	0.631983	-0.119887
15728	10.733282	1.416022	-1.112544	-1.456049	2.182296	-0.486866	0.137718	-0.013462	0.990380	0.613116	-0.784148	-0.095916	0.777896	0.620428	-0.099738
15729	10.791079	1.376482	-0.198841	-1.601759	2.167217	-0.356054	0.118526	-0.023946	0.992662	0.601002	-0.794060	-0.090916	0.790410	0.607368	-0.079725
15730	11.452917	1.378241	0.973785	-1.570675	2.065777	-0.198527	0.100860	-0.034743	0.994294	0.588701	-0.803569	-0.087795	0.802034	0.594196	-0.060595
15731	10.799498	0.679032	0.416807	-1.592075	1.863201	-0.066111	0.085392	-0.045140	0.995324	0.575893	-0.812960	-0.086277	0.813053	0.580568	-0.043425
15732	9.568937	0.429656	-0.193396	-1.394263	1.543162	0.006509	0.072776	-0.054028	0.995884	0.564473	-0.820981	-0.085789	0.822237	0.568393	-0.029250
15733	9.555802	-0.491551	-0.280463	-1.103920	1.221579	0.037751	0.062864	-0.061208	0.996143	0.555319	-0.827192	-0.085872	0.829258	0.558576	-0.018011
15734	9.360896	-0.805720	-0.245425	-0.737816	0.910479	0.071917	0.055655	-0.066829	0.996211	0.549126	-0.831257	-0.086442	0.833885	0.551856	-0.009566
15735	9.045066	-1.291026	-0.562186	-0.331605	0.628636	0.103747	0.050940	-0.071136	0.996165	0.546288	-0.833023	-0.087421	0.836047	0.548646	-0.003573
15736	8.676840	-1.604986	-0.791049	0.086224	0.372157	0.124105	0.048473	-0.074182	0.996066	0.546931	-0.832475	-0.088614	0.835773	0.549075	0.000220
15737	8.479872	-2.026807	-1.183041	0.478761	0.144919	0.109989	0.047832	-0.075879	0.995969	0.550859	-0.829767	-0.089672	0.833227	0.552928	0.002109
15738	8.294059	-2.287112	-1.525503	0.912716	-0.057977	0.124397	0.048969	-0.076555	0.995862	0.558365	-0.824606	-0.090846	0.828149	0.560503	0.002365
15739	8.410234	-2.172219	-1.770841	1.289783	-0.226058	0.129197	0.051527	-0.076322	0.995751	0.568920	-0.817222	-0.092078	0.820777	0.571247	0.001312
15740	8.406799	-1.880187	-2.152129	1.524129	-0.360361	0.148418	0.055286	-0.075417	0.995618	0.581267	-0.808322	-0.093507	0.811833	0.583890	-0.000852
15741	8.478507	-1.694386	-2.391410	1.632049	-0.463142	0.159727	0.059929	-0.073952	0.995460	0.594331	-0.798577	-0.095105	0.801985	0.597332	-0.003906
15742	8.544378	-1.386853	-2.519065	1.639514	-0.549528	0.176464	0.065332	-0.072004	0.995262	0.607271	-0.788562	-0.096913	0.791804	0.610726	-0.007792
15743	8.361056	-1.449458	-2.790044	1.552331	-0.617519	0.180753	0.071265	-0.069598	0.995026	0.619350	-0.778869	-0.098837	0.781874	0.623313	-0.012401
15744	8.090463	-1.367411	-3.163907	1.515333	-0.684062	0.181558	0.077677	-0.066670	0.994747	0.630974	-0.769224	-0.100826	0.771906	0.635491	-0.017684
15745	7.969003	-1.259539	-3.651889	1.394298	-0.737574	0.158847	0.084313	-0.063144	0.994437	0.641530	-0.760197	-0.102663	0.762451	0.646616	-0.023586
15746	7.999121	-1.749341	-4.207527	1.209801	-0.763401	0.128967	0.090897	-0.059120	0.994104	0.650577	-0.752254	-0.104223	0.753981	0.656215	-0.029915
15747	7.922298	-2.059271	-4.618445	1.059807	-0.774379	0.116533	0.097436	-0.054867	0.993728	0.658406	-0.745204	-0.105702	0.746330	0.664576	-0.036485
15748	7.211648	-1.980179	-4.479668	0.944742	-0.784568	0.164843	0.104316	-0.050821	0.993245	0.665246	-0.738820	-0.107671	0.739301	0.671984	-0.043262
15749	6.894088	-1.867221	-4.001064	0.805287	-0.789825	0.236445	0.111680	-0.047217	0.992622	0.670907	-0.733282	-0.110364	0.733083	0.678283	-0.050215
15750	7.428351	-1.982981	-2.568358	0.660285	-0.708501	0.304197	0.118864	-0.044592	0.991909	0.675369	-0.728664	-0.113689	0.727838	0.683418	-0.056496
15751	8.706156	-2.494056	-0.765016	0.438088	-0.543313	0.349392	0.125143	-0.043398	0.991189	0.678113	-0.725524	-0.117381	0.724226	0.686827	-0.061366
15752	11.082611	-2.098402	-1.644552	0.682668	-0.567871	0.444039	0.132222	-0.042669	0.990301	0.682457	-0.720643	-0.122170	0.718867	0.691992	-0.066165
15753	14.123320	0.660486	-0.378316	0.877864	-0.626290	0.525887	0.140277	-0.042076	0.989218	0.688011	-0.714332	-0.127948	0.712014	0.698541	-0.071255
15754	14.889403	1.757481	0.138767	0.500897	-0.562995	0.397593	0.146975	-0.040942	0.988292	0.690987	-0.710676	-0.132202	0.707768	0.702327	-0.076161
15755	13.011394	0.695297	-0.153288	0.036151	-0.503199	0.170946	0.151684	-0.038609	0.987675	0.690978	-0.710369	-0.133887	0.706783	0.702770	-0.081074
15756	11.465334	-1.063138	-2.240151	-0.092481	-0.526252	0.130155	0.156263	-0.035814	0.987066	0.690115	-0.710987	-0.135049	0.706628	0.702292	-0.086385
15757	10.157943	-2.462689	-3.826311	0.211497	-0.622264	0.252050	0.162361	-0.033216	0.986172	0.691197	-0.709428	-0.137692	0.704192	0.703995	-0.092225
15758	8.944675	-2.087246	-4.541280	0.577913	-0.677680	0.354501	0.169533	-0.030914	0.985040	0.694655	-0.705250	-0.141689	0.699080	0.708284	-0.098088
15759	8.691742	-0.995934	-4.764950	0.704204	-0.657247	0.385750	0.176765	-0.028940	0.983827	0.698881	-0.700144	-0.146164	0.693051	0.713415	-0.103536
15760	9.282759	-0.035929	-3.927643	0.554675	-0.574091	0.398966	0.183485	-0.027595	0.982635	0.701986	-0.696080	-0.150628	0.688149	0.717434	-0.108349
15761	9.888831	-0.112666	-3.200628	0.168509	-0.446895	0.409050	0.189398	-0.027217	0.981523	0.702373	-0.694774	-0.154798	0.686149	0.718713	-0.112473
15762	10.068479	-0.631476	-2.652107	-0.221200	-0.320732	0.404604	0.194398	-0.027705	0.980531	0.700071	-0.696268	-0.158468	0.687103	0.717247	-0.115957
15763	9.875814	-1.807097	-2.402077	-0.541474	-0.215926	0.374197	0.198467	-0.028758	0.979686	0.695598	-0.700051	-0.161466	0.690474	0.713513	-0.118933
15764	9.544045	-3.134746	-2.616893	-0.651569	-0.161649	0.315172	0.201731	-0.029799	0.978988	0.690449	-0.704610	-0.163722	0.694683	0.708969	-0.121567
15765	9.260088	-3.973667	-2.697684	-0.550567	-0.148731	0.274535	0.204628	-0.030671	0.978359	0.686049	-0.708436	-0.165699	0.698187	0.705109	-0.123924
15766	8.959280	-4.105596	-2.539662	-0.312584	-0.168862	0.268346	0.207607	-0.031363	0.977709	0.683304	-0.710570	-0.167886	0.699996	0.702927	-0.126089
15767	9.082166	-3.430369	-2.305880	-0.034650	-0.202633	0.272642	0.210860	-0.031860	0.976997	0.682483	-0.710743	-0.170474	0.699825	0.702730	-0.128123
15768	9.540084	-2.430380	-1.881704	0.159058	-0.214842	0.289390	0.214299	-0.032381	0.976231	0.682974	-0.709548	-0.173459	0.698300	0.703913	-0.129940
15769	9.985132	-1.537858	-1.427284	0.266867	-0.230963	0.292139	0.217880	-0.032807	0.975424	0.684195	-0.707588	-0.176627	0.695993	0.705864	-0.131722
15770	10.104052	-1.395029	-0.934915	0.260760	-0.238728	0.288042	0.221472	-0.033132	0.974604	0.685369	-0.705666	-0.179735	0.693700	0.707769	-0.133577
15771	9.890466	-1.536592	-0.741710	0.227009	-0.261768	0.285559	0.225217	-0.033275	0.973740	0.686295	-0.703979	-0.182790	0.691575	0.709441	-0.135712
15772	9.712199	-1.773012	-0.468364	0.174559	-0.274799	0.283980	0.229025	-0.033297	0.972851	0.686851	-0.702662	-0.185746	0.689770	0.710744	-0.138057
15773	9.526454	-1.992255	-0.225597	0.120395	-0.287312	0.286982	0.232950	-0.033254	0.971920	0.687010	-0.701726	-0.188672	0.688296	0.711670	-0.140621
15774	9.413467	-2.142745	-0.265909	0.062826	-0.298671	0.275792	0.236859	-0.033039	0.970982	0.686790	-0.701204	-0.191394	0.687180	0.712194	-0.143395
15775	9.488484	-2.169384	-0.315489	0.029300	-0.316338	0.269537	0.240855	-0.032661	0.970011	0.686341	-0.700923	-0.194020	0.686240	0.712489	-0.146404
15776	9.612326	-2.162813	-0.621551	-0.005523	-0.329264	0.273215	0.244948	-0.032207	0.969001	0.685635	-0.700890	-0.196613	0.685496	0.712541	-0.149599
15777	9.741295	-1.965309	-0.915584	-0.033169	-0.341657	0.272281	0.249127	-0.031667	0.967953	0.684729	-0.701055	-0.199168	0.684896	0.712403	-0.152968
15778	9.746046	-2.134236	-1.264878	-0.088784	-0.350646	0.247049	0.253180	-0.030880	0.966926	0.683497	-0.701627	-0.201374	0.684640	0.711875	-0.156531
15779	9.626204	-2.567619	-1.717599	-0.099006	-0.347506	0.238427	0.257159	-0.030067	0.965901	0.682205	-0.702274	-0.203489	0.684446	0.711271	-0.160085
15780	9.412685	-2.775080	-2.191443	-0.066165	-0.346163	0.223209	0.261010	-0.029150	0.964896	0.681170	-0.702695	-0.205490	0.684018	0.710893	-0.163555
15781	9.268169	-2.770587	-2.376109	-0.030976	-0.338101	0.223483	0.264816	-0.028303	0.963883	0.680365	-0.702867	-0.207562	0.683356	0.710758	-0.166874
15782	9.240631	-2.659790	-2.516401	-0.027814	-0.316750	0.223850	0.268463	-0.027603	0.962894	0.679576	-0.703018	-0.209624	0.682719	0.710636	-0.169976
15783	9.116353	-2.559654	-2.333574	-0.059455	-0.290802	0.223868	0.271942	-0.027097	0.961932	0.678559	-0.703395	-0.211645	0.682353	0.710283	-0.172896
15784	9.079710	-2.675944	-2.284544	-0.103443	-0.264181	0.213912	0.275156	-0.026703	0.961029	0.677266	-0.704088	-0.213474	0.682349	0.709610	-0.175649
15785	9.293949	-2.742122	-2.239794	-0.106428	-0.246967	0.199738	0.278167	-0.026345	0.960171	0.675981	-0.704805	-0.215173	0.682402	0.708912	-0.178245
15786	9.388997	-2.560403	-2.131996	-0.112034	-0.224577	0.200024	0.281011	-0.026141	0.959348	0.674655	-0.705563	-0.216845	0.682549	0.708165	-0.180635
15787	9.390274	-2.280276	-1.864229	-0.141435	-0.216455	0.196756	0.283790	-0.025984	0.958534	0.673128	-0.706527	-0.218443	0.682907	0.707208	-0.183015
15788	9.362572	-2.191777	-1.627017	-0.185438	-0.211565	0.193493	0.286497	-0.025834	0.957733	0.671308	-0.707804	-0.219908	0.683568	0.705936	-0.185442
15789	9.343558	-2.187830	-1.356238	-0.208505	-0.217662	0.191931	0.289247	-0.025644	0.956911	0.669324	-0.709240	-0.221325	0.684355	0.704501	-0.187982
15790	9.335197	-2.236953	-1.097089	-0.211634	-0.230816	0.181004	0.291999	-0.025281	0.956084	0.667347	-0.710700	-0.222608	0.685117	0.703041	-0.190652
15791	9.405142	-2.104652	-0.947087	-0.189773	-0.261146	0.182887	0.294982	-0.024734	0.955183	0.665504	-0.712002	-0.223960	0.685631	0.701742	-0.193568
15792	9.492394	-1.787721	-0.866358	-0.176906	-0.295422	0.188759	0.298225	-0.023984	0.954194	0.663730	-0.713212	-0.225369	0.685948	0.700538	-0.196779
15793	9.646043	-1.411741	-0.916730	-0.197406	-0.323943	0.196640	0.301725	-0.023106	0.953115	0.661781	-0.714562	-0.226821	0.686301	0.699190	-0.200310
15794	9.640007	-1.355573	-0.871436	-0.241805	-0.347076	0.204723	0.305422	-0.022123	0.951960	0.659498	-0.716221	-0.228234	0.686862	0.697523	-0.204160
15795	9.527561	-1.464497	-0.724150	-0.261435	-0.386830	0.211009	0.309443	-0.020927	0.950688	0.657048	-0.718010	-0.229670	0.687410	0.695718	-0.208433
15796	9.315360	-1.606804	-0.608833	-0.275991	-0.427626	0.212439	0.313739	-0.019459	0.949310	0.654488	-0.719901	-0.231059	0.687905	0.693804	-0.213125
15797	9.168319	-1.947556	-0.627570	-0.296168	-0.462098	0.218037	0.318316	-0.017815	0.947817	0.651757	-0.721926	-0.232456	0.688395	0.691741	-0.218190
15798	9.036094	-2.436622	-0.883618	-0.297654	-0.495865	0.215352	0.323094	-0.015923	0.946233	0.649016	-0.723961	-0.233791	0.688758	0.689657	-0.223573
15799	9.036378	-3.005511	-1.337932	-0.281517	-0.524915	0.209168	0.328037	-0.013809	0.944564	0.646393	-0.725882	-0.235098	0.688888	0.687681	-0.229190
15800	9.166633	-3.387972	-1.818130	-0.226938	-0.546350	0.201145	0.333061	-0.011494	0.942835	0.644165	-0.727431	-0.236422	0.688565	0.686085	-0.234875
15801	9.314490	-3.271810	-1.896190	-0.168302	-0.566578	0.197165	0.338201	-0.009031	0.941031	0.642343	-0.728577	-0.237846	0.687761	0.684904	-0.240605
15802	9.311174	-3.005834	-1.838082	-0.175977	-0.584372	0.176753	0.343314	-0.006296	0.939199	0.640532	-0.729783	-0.239032	0.686917	0.683650	-0.246512
15803	9.340442	-2.947190	-1.789088	-0.179848	-0.603438	0.154626	0.348419	-0.003290	0.937333	0.638760	-0.731016	-0.240002	0.685995	0.682352	-0.252598
15804	9.281872	-2.899281	-1.696550	-0.158490	-0.619977	0.142487	0.353541	-0.000081	0.935419	0.637175	-0.732109	-0.240883	0.684848	0.681187	-0.258779
15805	9.339428	-2.644509	-1.459639	-0.100521	-0.665519	0.127800	0.358880	0.003528	0.933377	0.636031	-0.732807	-0.241782	0.683133	0.680427	-0.265233
15806	9.460336	-2.145313	-1.038260	-0.048009	-0.724843	0.119176	0.364544	0.007610	0.931155	0.635274	-0.733155	-0.242716	0.680834	0.680019	-0.272101
15807	9.621615	-1.473040	-0.531298	-0.027037	-0.798202	0.123184	0.370722	0.012147	0.928664	0.634637	-0.733362	-0.243754	0.678086	0.679730	-0.279582
15808	9.796141	-0.733816	-0.035594	-0.051678	-0.869985	0.143115	0.377480	0.017033	0.925861	0.633754	-0.733748	-0.244887	0.675178	0.679208	-0.287770
15809	9.970297	-0.049207	0.465966	-0.128574	-0.957693	0.176559	0.385022	0.022250	0.922639	0.632215	-0.734666	-0.246110	0.672356	0.678064	-0.296929
15810	10.330524	0.448221	0.989807	-0.228753	-1.062770	0.213558	0.393465	0.027900	0.918916	0.629852	-0.736282	-0.247337	0.669681	0.676100	-0.307274
15811	10.861814	0.892805	1.470154	-0.324695	-1.181411	0.251447	0.402910	0.034031	0.914607	0.626683	-0.738560	-0.248592	0.667032	0.673329	-0.318900
15812	11.441065	1.790131	1.860199	-0.397857	-1.311688	0.280381	0.413357	0.040791	0.909655	0.622894	-0.741350	-0.249806	0.664183	0.669878	-0.331850
15813	11.748403	2.708042	2.206722	-0.560419	-1.436602	0.331679	0.424905	0.047928	0.903968	0.617794	-0.745246	-0.250878	0.661654	0.665065	-0.346269
15814	11.999148	3.174081	2.074666	-0.750388	-1.562646	0.405710	0.437686	0.055263	0.897428	0.611092	-0.750434	-0.251825	0.659544	0.658631	-0.362225
15815	12.126595	3.144480	1.267908	-0.924687	-1.673326	0.514388	0.451793	0.062356	0.889941	0.602721	-0.756797	-0.252954	0.657731	0.650669	-0.379499
15816	12.504914	2.712205	0.057361	-1.078433	-1.771121	0.621979	0.467111	0.069094	0.881495	0.592785	-0.764183	-0.254223	0.656058	0.641288	-0.397916
15817	13.241415	2.563568	-1.008032	-1.099616	-1.904748	0.721165	0.483782	0.075694	0.871909	0.582167	-0.771709	-0.256021	0.653481	0.631455	-0.417405
15818	14.014378	3.116029	-1.154835	-1.119283	-1.997575	0.791698	0.501334	0.082094	0.861351	0.570979	-0.779354	-0.258049	0.650113	0.621182	-0.437590
15819	14.695719	3.567956	-0.661948	-1.168738	-2.088416	0.852617	0.519646	0.088293	0.849807	0.559065	-0.787282	-0.260064	0.646076	0.610239	-0.458470
15820	15.788732	4.613672	-0.418347	-1.225643	-2.124147	0.922308	0.538388	0.093861	0.837453	0.546304	-0.795539	-0.262048	0.641631	0.598588	-0.479586
15821	15.839555	4.938375	-1.358277	-1.435798	-2.070596	0.979914	0.556876	0.098297	0.824758	0.531767	-0.804983	-0.263109	0.638053	0.585099	-0.500547
15822	13.847224	2.899320	-2.970672	-1.640651	-1.967374	1.051940	0.574882	0.101164	0.811958	0.515378	-0.815515	-0.263290	0.635529	0.569826	-0.520962
15823	11.618222	-0.601867	-5.082252	-1.682338	-1.892635	1.106081	0.592448	0.102746	0.799030	0.498271	-0.826100	-0.263221	0.633033	0.554078	-0.540617
15824	9.741735	-4.069273	-6.323822	-1.504596	-1.835815	1.145090	0.609619	0.103303	0.785934	0.481904	-0.835516	-0.263974	0.629391	0.539668	-0.559129
15825	8.117421	-6.605459	-6.229006	-1.258715	-1.797241	1.139372	0.626248	0.103353	0.772743	0.466995	-0.843410	-0.265658	0.624283	0.527235	-0.576449
15826	7.265998	-9.319365	-5.355832	-1.214092	-1.752660	1.055726	0.641968	0.103576	0.759703	0.452769	-0.850837	-0.266601	0.618770	0.515119	-0.593107
15827	7.167300	-12.278456	-4.496714	-1.028705	-1.759406	0.938851	0.656947	0.104555	0.746652	0.440366	-0.857060	-0.267443	0.611963	0.504496	-0.609086
15828	8.146286	-13.442761	-3.383918	-0.478517	-1.837115	0.800748	0.671564	0.106924	0.733191	0.432159	-0.860313	-0.270371	0.601864	0.498427	-0.623963
15829	8.668297	-13.442507	-3.858054	0.070023	-1.910729	0.592515	0.685449	0.111360	0.719555	0.428582	-0.860610	-0.275078	0.588623	0.496940	-0.637631
15830	8.612718	-12.371320	-4.609748	0.797876	-1.985271	0.256326	0.698041	0.119102	0.706083	0.431455	-0.856928	-0.281994	0.571476	0.501487	-0.649558
15831	7.611496	-9.845966	-4.985837	1.380419	-1.945651	-0.054457	0.708694	0.129437	0.693541	0.439621	-0.849869	-0.290613	0.551803	0.510850	-0.659201
15832	6.463564	-6.853071	-5.554992	1.668347	-1.831722	-0.257130	0.717444	0.141107	0.682176	0.450510	-0.840907	-0.299861	0.531333	0.522460	-0.666873
15833	5.977168	-4.954130	-5.875653	1.642254	-1.563772	-0.321655	0.724102	0.152077	0.672717	0.461432	-0.831755	-0.308648	0.512598	0.533906	-0.672449
15834	5.400994	-3.897952	-6.445017	1.426860	-1.167047	-0.320814	0.728474	0.161052	0.665874	0.470990	-0.823568	-0.316076	0.497488	0.543873	-0.675802
15835	5.136123	-2.636435	-6.883105	1.232444	-0.837709	-0.315811	0.731053	0.168253	0.661251	0.479384	-0.816285	-0.322288	0.485543	0.552603	-0.677405
15836	4.200722	-2.450973	-7.193476	0.590990	-0.489105	-0.294786	0.731964	0.173396	0.658910	0.484414	-0.812508	-0.324305	0.479137	0.556565	-0.678722
15837	3.827244	-2.085530	-6.539686	0.364032	-0.095827	-0.305542	0.730899	0.176427	0.659288	0.488420	-0.809936	-0.324730	0.476690	0.559354	-0.678152
15838	4.848295	-0.018537	-4.547579	0.061893	0.353277	-0.404144	0.727202	0.177750	0.663010	0.491684	-0.808878	-0.322432	0.478982	0.560465	-0.675615
15839	5.418764	-0.817076	-4.156991	-0.722108	0.900885	-0.551778	0.720089	0.177210	0.670871	0.492213	-0.811924	-0.313855	0.489078	0.556215	-0.671883
15840	5.696709	-2.843006	-4.478653	-1.079840	1.308116	-0.613055	0.710553	0.174999	0.681535	0.491259	-0.816820	-0.302439	0.503765	0.549709	-0.666364
15841	5.748598	-4.537429	-4.728317	-1.067577	1.653260	-0.575872	0.699220	0.170696	0.694229	0.489880	-0.821656	-0.291374	0.520681	0.543824	-0.658139
15842	5.974526	-5.207414	-4.543912	-0.848416	1.959170	-0.555500	0.686097	0.164682	0.708626	0.489254	-0.825327	-0.281896	0.538425	0.540106	-0.646826
15843	6.384266	-5.242607	-4.459286	-0.529865	2.251632	-0.638563	0.670603	0.157822	0.724833	0.490713	-0.827152	-0.273898	0.556320	0.539362	-0.632136
15844	6.563789	-5.213511	-4.689333	-0.267049	2.528254	-0.768599	0.652494	0.150554	0.742688	0.494306	-0.827414	-0.266547	0.574381	0.541035	-0.614303
15845	6.303775	-5.070306	-4.719899	-0.040744	2.753164	-0.875888	0.632039	0.142864	0.761653	0.499719	-0.826346	-0.259681	0.592290	0.544741	-0.593675
15846	6.271357	-5.121424	-4.789752	0.155732	2.908615	-0.957792	0.609710	0.134876	0.781065	0.506617	-0.824169	-0.253152	0.609585	0.550050	-0.570834
15847	6.589105	-5.182850	-4.467809	0.292502	3.031970	-1.026067	0.585693	0.126555	0.800592	0.514579	-0.821205	-0.246639	0.626237	0.556423	-0.546096
15848	7.213794	-5.946166	-4.282648	0.486164	3.118248	-1.072415	0.560324	0.117898	0.819839	0.523819	-0.817176	-0.240492	0.641600	0.564201	-0.519641
15849	7.648908	-6.057200	-3.571391	0.752320	3.173567	-1.088453	0.533945	0.108711	0.838501	0.534671	-0.811658	-0.235240	0.655003	0.573928	-0.491505
15850	7.642475	-5.900133	-3.729769	0.985176	3.161519	-1.113628	0.507003	0.099418	0.856192	0.546986	-0.804797	-0.230454	0.666149	0.585165	-0.462414
15851	7.787240	-5.856416	-4.409423	1.282329	3.163245	-1.176757	0.479229	0.090121	0.873051	0.561402	-0.796090	-0.225984	0.674661	0.598431	-0.432104
15852	7.583294	-4.788045	-4.452720	1.574933	3.177651	-1.253201	0.450522	0.080802	0.889101	0.577907	-0.785482	-0.221451	0.680480	0.613586	-0.400573
15853	7.644403	-3.823671	-4.440571	1.665149	3.173455	-1.324292	0.421049	0.071412	0.904222	0.595058	-0.774127	-0.215949	0.684561	0.628989	-0.368440
15854	7.913019	-2.955252	-4.519490	1.572225	3.167987	-1.341429	0.391178	0.061599	0.918251	0.611300	-0.763244	-0.209216	0.687962	0.643168	-0.336220
15855	8.256417	-2.239628	-4.668823	1.356006	3.189294	-1.319686	0.360970	0.050900	0.931187	0.625627	-0.753698	-0.201322	0.691587	0.655247	-0.303907
15856	8.323345	-1.339175	-4.469921	1.089074	3.224121	-1.298129	0.330363	0.039378	0.943032	0.637671	-0.745935	-0.192242	0.695870	0.664854	-0.271540
15857	8.309628	-0.805399	-4.200981	0.753609	3.276707	-1.280509	0.299199	0.026995	0.953809	0.646973	-0.740477	-0.181990	0.701360	0.671540	-0.239015
15858	8.376286	-0.158716	-4.129847	0.426345	3.297997	-1.250289	0.267788	0.014048	0.963375	0.653520	-0.737362	-0.170906	0.707956	0.675351	-0.206637
15859	9.028214	0.797932	-3.690077	0.045585	3.336235	-1.173105	0.236299	0.000150	0.971680	0.656803	-0.736976	-0.159612	0.716081	0.675919	-0.174246
15860	9.527392	1.457126	-3.390278	-0.453896	3.408642	-1.075426	0.204611	-0.014862	0.978730	0.655894	-0.740130	-0.148359	0.726593	0.672299	-0.141691
15861	9.745788	1.025706	-3.370486	-1.013097	3.475083	-0.960104	0.172813	-0.030944	0.984468	0.650275	-0.747127	-0.137633	0.739782	0.663960	-0.108991
15862	10.083212	0.093965	-2.985729	-1.390902	3.461145	-0.850333	0.141426	-0.047303	0.988818	0.641211	-0.756630	-0.127904	0.754220	0.652130	-0.076676
15863	10.114721	-0.380593	-2.200739	-1.553575	3.387330	-0.719220	0.111017	-0.063683	0.991776	0.630284	-0.767065	-0.119806	0.768386	0.638401	-0.045019
15864	10.023614	-0.996790	-1.295587	-1.594465	3.233731	-0.611927	0.082096	-0.079338	0.993461	0.618505	-0.777583	-0.113209	0.781480	0.623755	-0.014765
15865	10.560166	-1.717483	2.143089	-1.396919	3.053342	-0.520581	0.054834	-0.094105	0.994051	0.607860	-0.786665	-0.108003	0.792148	0.610166	0.014067
15866	10.823750	-2.140194	0.127252	-1.112419	2.513113	-0.451243	0.032067	-0.105703	0.993881	0.599185	-0.793858	-0.103762	0.799968	0.598846	0.037879
15867	8.446419	-1.832610	0.919003	-0.481362	1.946160	-0.381536	0.014143	-0.114263	0.993350	0.595403	-0.797158	-0.100173	0.803303	0.592860	0.056758
15868	7.922182	-1.038227	-0.287364	0.121327	1.207648	-0.332063	0.002430	-0.118745	0.992922	0.596388	-0.796844	-0.096755	0.802693	0.592402	0.068882
15869	7.935435	0.173913	-0.460336	0.678822	0.568852	-0.185106	-0.003276	-0.120656	0.992689	0.601810	-0.793040	-0.094403	0.798633	0.597101	0.075210
15870	7.784580	0.608771	-1.220181	1.094476	-0.011049	-0.030194	-0.003408	-0.120322	0.992729	0.610496	-0.786513	-0.093232	0.792012	0.605739	0.076137
15871	7.601774	0.492332	-1.536216	1.429453	-0.520704	0.127352	0.001435	-0.118133	0.992997	0.621744	-0.777631	-0.093410	0.783219	0.617523	0.072332
15872	7.573628	-0.348431	-3.489524	1.711522	-0.969971	0.310956	0.010896	-0.114447	0.993370	0.635021	-0.766596	-0.095285	0.772418	0.631849	0.064323
15873	7.655052	-1.121350	-3.427012	1.896072	-1.338897	0.436689	0.023917	-0.109199	0.993732	0.649462	-0.753989	-0.098486	0.760018	0.647747	0.052888
15874	8.326843	-2.140687	-4.536699	2.023875	-1.626610	0.454357	0.039115	-0.101895	0.994026	0.664547	-0.740248	-0.102030	0.746222	0.664568	0.038759
15875	7.806187	-2.454068	-5.490363	2.089328	-1.715329	0.525178	0.055277	-0.094197	0.994018	0.679726	-0.725683	-0.106568	0.731381	0.681550	0.023915
15876	6.719330	-3.237473	-6.333686	1.945953	-1.710418	0.619154	0.071875	-0.086833	0.993627	0.693412	-0.711728	-0.112356	0.716948	0.697068	0.009055
15877	6.058108	-4.462648	-7.691124	1.766005	-1.646780	0.630049	0.087937	-0.079682	0.992934	0.705441	-0.698784	-0.118553	0.703293	0.710881	-0.005238
15878	5.222664	-5.758743	-9.563752	1.606191	-1.485905	0.527967	0.102005	-0.072663	0.992127	0.716122	-0.686884	-0.123935	0.690481	0.723126	-0.018030
15879	4.333871	-6.436604	-10.625655	1.619719	-1.283713	0.372857	0.113441	-0.065841	0.991361	0.726790	-0.674831	-0.127985	0.677427	0.735030	-0.028701
15880	5.119804	-5.716686	-6.479991	1.916592	-0.942164	0.232614	0.121416	-0.060384	0.990763	0.739347	-0.660486	-0.130860	0.662288	0.748406	-0.035549
15881	8.028259	-3.937017	-6.470877	1.843520	-0.876692	0.142604	0.128190	-0.054699	0.990240	0.751233	-0.646506	-0.132962	0.647469	0.760945	-0.041784
15882	16.944724	-2.027809	-4.234712	2.379373	-1.070506	0.488881	0.138684	-0.049564	0.989096	0.765748	-0.627977	-0.138836	0.628011	0.776652	-0.049137
15883	26.716611	4.684493	-0.192414	1.593524	-0.947079	0.837383	0.150988	-0.047364	0.987400	0.774426	-0.615128	-0.147927	0.614384	0.787003	-0.056197
15884	18.813985	4.728033	-2.625890	-0.332695	-0.760700	0.460689	0.159186	-0.044204	0.986258	0.771658	-0.617552	-0.152228	0.615795	0.785287	-0.064195
15885	11.194895	-1.022707	-6.656417	-1.024043	-0.919527	0.200343	0.166385	-0.038252	0.985319	0.764987	-0.625496	-0.153462	0.622183	0.779289	-0.074811
15886	7.949591	-1.115366	-8.090556	-0.746120	-0.969838	0.173968	0.173724	-0.031790	0.984281	0.760027	-0.631252	-0.154531	0.626242	0.774926	-0.085502
15887	6.420001	-1.508013	-9.144607	-0.575455	-0.787995	0.175237	0.179969	-0.026799	0.983307	0.756098	-0.635666	-0.155709	0.629228	0.771499	-0.094137
15888	7.636978	-1.644973	-6.517388	-0.246252	-0.663414	0.360938	0.186829	-0.023964	0.982100	0.753880	-0.637490	-0.158969	0.629889	0.770086	-0.101036
15889	8.428237	-2.436996	-5.070703	-0.118980	-0.511230	0.586178	0.194436	-0.023757	0.980627	0.752005	-0.638283	-0.164569	0.629828	0.769435	-0.106240
15890	9.100585	-2.359758	-3.018122	-0.073360	-0.415212	0.646410	0.201865	-0.024671	0.979103	0.750258	-0.638709	-0.170777	0.629575	0.769053	-0.110423
15891	10.099408	-2.453746	-1.253246	-0.256218	-0.343331	0.598346	0.208484	-0.025849	0.977684	0.747407	-0.640543	-0.176315	0.630806	0.767487	-0.114224
15892	10.718775	-3.004120	-0.466223	-0.430448	-0.283514	0.516712	0.214087	-0.026975	0.976442	0.743590	-0.643722	-0.180818	0.633435	0.764784	-0.117754
15893	10.174059	-3.545156	0.014818	-0.532743	-0.268385	0.452273	0.219121	-0.027836	0.975301	0.739219	-0.647681	-0.184566	0.636821	0.761403	-0.121344
15894	9.674932	-4.151585	-0.124481	-0.548326	-0.309798	0.381676	0.223871	-0.027942	0.974218	0.734869	-0.651758	-0.187563	0.640195	0.757912	-0.125376
15895	9.427768	-4.233365	-0.618984	-0.447194	-0.351973	0.308235	0.228365	-0.027283	0.973193	0.731296	-0.655072	-0.189967	0.642694	0.755074	-0.129644
15896	8.998065	-3.806019	-1.007575	-0.252822	-0.389884	0.274028	0.232833	-0.026119	0.972166	0.729034	-0.656923	-0.192253	0.643660	0.753505	-0.133912
15897	9.068211	-3.267337	-1.547875	-0.062163	-0.431396	0.246838	0.237384	-0.024481	0.971107	0.728046	-0.657345	-0.194540	0.643115	0.753192	-0.138220
15898	9.222087	-2.630225	-1.622152	0.071908	-0.453926	0.240606	0.242011	-0.022621	0.970010	0.727928	-0.656764	-0.196929	0.641522	0.753757	-0.142477
15899	9.498721	-2.125644	-1.514496	0.112356	-0.457038	0.239565	0.246660	-0.020737	0.968880	0.728055	-0.655881	-0.199389	0.639604	0.754580	-0.146682
15900	9.613388	-1.986151	-1.384663	0.047881	-0.441940	0.249561	0.251260	-0.019018	0.967733	0.727737	-0.655487	-0.201830	0.638174	0.754967	-0.150858
15901	9.619217	-2.245560	-1.492633	-0.013793	-0.433107	0.240388	0.255749	-0.017314	0.966588	0.727033	-0.655563	-0.204108	0.637193	0.754942	-0.155071
15902	9.560268	-2.604648	-1.704047	-0.051892	-0.416514	0.223619	0.259986	-0.015616	0.965486	0.726124	-0.655935	-0.206140	0.636515	0.754656	-0.159194
15903	9.500615	-2.865017	-1.970148	-0.029773	-0.406345	0.212401	0.264090	-0.013934	0.964397	0.725371	-0.656144	-0.208115	0.635683	0.754507	-0.163174
15904	9.492319	-3.004826	-2.119746	0.031301	-0.397974	0.207190	0.268080	-0.012269	0.963319	0.725017	-0.655897	-0.210117	0.634416	0.754751	-0.166937
15905	9.549813	-3.049737	-2.205864	0.107927	-0.394687	0.191964	0.271951	-0.010538	0.962253	0.725176	-0.655075	-0.212122	0.632584	0.755490	-0.170506
15906	9.464590	-3.098456	-1.938830	0.205939	-0.404145	0.177988	0.275753	-0.008626	0.961190	0.725987	-0.653518	-0.214142	0.630002	0.756862	-0.173947
15907	9.287740	-2.831387	-1.546496	0.288661	-0.424378	0.152954	0.279511	-0.006399	0.960121	0.727370	-0.651334	-0.216094	0.626742	0.758764	-0.177400
15908	9.138124	-2.645625	-1.255277	0.327200	-0.440110	0.147679	0.283297	-0.003995	0.959024	0.728999	-0.648857	-0.218050	0.623140	0.760900	-0.180907
15909	9.192434	-2.080356	-1.002271	0.340311	-0.458361	0.152684	0.287238	-0.001483	0.957858	0.730672	-0.646274	-0.220111	0.619365	0.763104	-0.184551
15910	9.342364	-1.441693	-0.850299	0.280226	-0.470531	0.163247	0.291298	0.001079	0.956632	0.731930	-0.644149	-0.222149	0.615974	0.764899	-0.188429
15911	9.395530	-1.018180	-0.745542	0.164634	-0.493039	0.179774	0.295624	0.003703	0.955297	0.732409	-0.642908	-0.224157	0.613338	0.765935	-0.192771
15912	9.299605	-0.809376	-0.570191	0.040800	-0.495043	0.195966	0.300050	0.006256	0.953903	0.732075	-0.642621	-0.226060	0.611584	0.766158	-0.197399
15913	9.294112	-0.937305	-0.642688	-0.107359	-0.501505	0.219089	0.304696	0.008695	0.952410	0.730752	-0.643474	-0.227909	0.610869	0.765419	-0.202418
15914	9.405137	-1.223436	-0.821657	-0.205796	-0.507815	0.239604	0.309507	0.011055	0.950833	0.728760	-0.645088	-0.229719	0.610831	0.764029	-0.207715
15915	9.590921	-1.596581	-1.106568	-0.275593	-0.522821	0.252882	0.314518	0.013418	0.949157	0.726283	-0.647235	-0.231516	0.611221	0.762172	-0.213313
15916	9.700413	-2.030104	-1.458698	-0.306430	-0.533322	0.259039	0.319617	0.015818	0.947415	0.723589	-0.649621	-0.233262	0.611771	0.760094	-0.219076
