// General information: 
//  MT Manager version: 2022.2.0 
//  XDA version: 2022.2.0 build 7381 rev 124627 built on 2023-07-19
// Device information: 
//  DeviceId: 00B4CBA7
//  ProductCode: MTW2-3A7G6
//  Firmware Version: 4.6.0
//  Hardware Version: 2.0.0
// Device settings: 
//  Filter Profile: human(46.1)
//  Option Flags: Orientation Smoother Disabled, Position/Velocity Smoother Disabled, Continuous Zero Rotation Update Disabled, AHS Disabled, ICC Disabled
// Coordinate system: ENU
PacketCounter	Acc_X	Acc_Y	Acc_Z	Gyr_X	Gyr_Y	Gyr_Z	Mat[1][1]	Mat[2][1]	Mat[3][1]	Mat[1][2]	Mat[2][2]	Mat[3][2]	Mat[1][3]	Mat[2][3]	Mat[3][3]
23082	9.668429	0.202586	-0.678464	0.054235	-0.237139	-0.053451	-0.050131	-0.032323	0.998219	-0.716788	0.697162	-0.013423	-0.695487	-0.716184	-0.058118
23083	9.643668	0.415383	-0.720896	-0.031603	-0.199729	-0.054625	-0.051092	-0.034153	0.998110	-0.716583	0.697384	-0.012818	-0.695628	-0.715883	-0.060105
23084	9.714149	-0.043305	-0.818231	-0.139885	-0.180231	-0.062468	-0.051863	-0.035899	0.998009	-0.715631	0.698375	-0.012068	-0.696551	-0.714831	-0.061910
23085	9.674134	-0.561363	-0.707702	-0.126832	-0.164228	-0.068101	-0.052484	-0.037567	0.997915	-0.714770	0.699269	-0.011268	-0.697388	-0.713871	-0.063552
23086	9.705357	-0.569659	-0.574307	-0.067526	-0.172110	-0.075907	-0.053106	-0.039347	0.997813	-0.714325	0.699736	-0.010425	-0.697796	-0.713317	-0.065266
23087	9.766037	-0.301091	-0.576953	-0.057534	-0.177723	-0.071388	-0.053800	-0.041133	0.997704	-0.713949	0.700131	-0.009634	-0.698128	-0.712828	-0.067034
23088	9.598369	-0.298326	-0.709877	-0.062214	-0.181466	-0.073706	-0.054504	-0.042963	0.997589	-0.713545	0.700554	-0.008815	-0.698486	-0.712305	-0.068839
23089	9.764670	-0.127278	-0.754930	-0.051033	-0.190259	-0.078818	-0.055235	-0.044889	0.997464	-0.713219	0.700896	-0.007952	-0.698761	-0.711850	-0.070729
23090	9.655266	-0.065422	-0.831039	-0.096999	-0.183791	-0.080059	-0.055912	-0.046778	0.997339	-0.712572	0.701564	-0.007043	-0.699367	-0.711070	-0.072559
23091	9.659158	-0.321235	-1.053382	-0.160728	-0.168368	-0.098182	-0.056355	-0.048683	0.997223	-0.711490	0.702672	-0.005904	-0.700433	-0.709847	-0.074237
23092	9.715998	0.131522	-1.120678	-0.179633	-0.144378	-0.100059	-0.056620	-0.050430	0.997121	-0.710272	0.703912	-0.004730	-0.701647	-0.708495	-0.075674
23093	9.775000	0.324727	-1.047186	-0.311349	-0.129624	-0.083436	-0.056902	-0.051955	0.997027	-0.708119	0.706084	-0.003620	-0.703797	-0.706219	-0.076968
23094	9.746681	-0.006360	-1.100837	-0.348032	-0.135259	-0.080305	-0.057252	-0.053496	0.996925	-0.705695	0.708511	-0.002507	-0.706199	-0.703669	-0.078316
23095	9.881767	-0.111785	-0.959851	-0.341285	-0.131753	-0.076592	-0.057608	-0.054985	0.996824	-0.703312	0.710880	-0.001433	-0.708543	-0.701161	-0.079624
23096	9.720736	-0.405725	-1.124477	-0.291907	-0.115797	-0.070206	-0.057902	-0.056317	0.996733	-0.701269	0.712897	-0.000458	-0.710542	-0.699004	-0.080771
23097	9.607707	-0.527194	-1.055055	-0.192655	-0.112938	-0.070030	-0.058178	-0.057625	0.996642	-0.699926	0.714215	0.000438	-0.711841	-0.697550	-0.081885
23098	9.632834	-0.522635	-1.088133	-0.121179	-0.089270	-0.077489	-0.058237	-0.058822	0.996568	-0.699094	0.715028	0.001351	-0.712654	-0.696616	-0.082763
23099	9.622000	-0.520554	-0.975061	-0.029111	-0.076527	-0.087350	-0.058136	-0.059999	0.996504	-0.698925	0.715192	0.002287	-0.712828	-0.696348	-0.083513
23100	9.635300	-0.381788	-0.753468	0.091934	-0.083570	-0.089374	-0.058071	-0.061241	0.996432	-0.699618	0.714510	0.003141	-0.712153	-0.696940	-0.084338
23101	9.783529	0.269778	-0.420527	0.182260	-0.099374	-0.081729	-0.058170	-0.062538	0.996346	-0.700950	0.713200	0.003842	-0.710835	-0.698165	-0.085323
23102	9.773021	0.821260	-0.305926	0.147173	-0.115544	-0.064428	-0.058503	-0.063824	0.996245	-0.702017	0.712146	0.004398	-0.709753	-0.699124	-0.086469
23103	9.663459	0.901694	0.043762	-0.001424	-0.142423	-0.065628	-0.059017	-0.065307	0.996118	-0.702033	0.712126	0.005095	-0.709695	-0.699007	-0.087875
23104	9.707572	0.854969	-0.065967	-0.205695	-0.133708	-0.070389	-0.059437	-0.066763	0.995997	-0.700599	0.713530	0.006020	-0.711076	-0.697437	-0.089184
23105	9.639231	0.513160	-0.247890	-0.346415	-0.126939	-0.065668	-0.059846	-0.068136	0.995879	-0.698158	0.715909	0.007026	-0.713438	-0.694861	-0.090414
23106	9.614155	0.079188	-0.655281	-0.326646	-0.154120	-0.064933	-0.060459	-0.069692	0.995735	-0.695850	0.718142	0.008012	-0.715638	-0.692398	-0.091913
23107	9.650121	0.395036	-0.551717	-0.225518	-0.188545	-0.051273	-0.061417	-0.071384	0.995556	-0.694253	0.719677	0.008774	-0.717106	-0.690629	-0.093759
23108	9.640087	0.503228	-0.882422	-0.270381	-0.199034	-0.044686	-0.062500	-0.073100	0.995364	-0.692327	0.721521	0.009517	-0.718872	-0.688523	-0.095704
23109	9.746962	0.463316	-1.238846	-0.292232	-0.196973	-0.034766	-0.063642	-0.074726	0.995171	-0.690233	0.723516	0.010187	-0.720783	-0.686252	-0.097624
23110	9.767921	0.165094	-1.570315	-0.268950	-0.190067	-0.025914	-0.064799	-0.076237	0.994982	-0.688295	0.725351	0.010752	-0.722531	-0.684145	-0.099475
23111	9.869354	0.299110	-1.596259	-0.217162	-0.179937	-0.013190	-0.065974	-0.077583	0.994801	-0.686721	0.726836	0.011142	-0.723921	-0.682415	-0.101230
23112	9.916106	0.398403	-1.675663	-0.226223	-0.159891	-0.000162	-0.067095	-0.078695	0.994638	-0.685068	0.728389	0.011417	-0.725383	-0.680629	-0.102783
23113	9.878576	0.237735	-1.728512	-0.234018	-0.130909	0.003308	-0.068033	-0.079582	0.994504	-0.683354	0.729994	0.011668	-0.726910	-0.678805	-0.104046
23114	9.866688	0.108800	-1.626860	-0.279273	-0.080844	-0.008966	-0.068525	-0.080218	0.994419	-0.681314	0.731891	0.012091	-0.728776	-0.676684	-0.104806
23115	9.768178	0.424106	-1.245731	-0.203541	-0.051598	0.001894	-0.068878	-0.080573	0.994366	-0.679816	0.733279	0.012328	-0.730141	-0.675137	-0.105282
23116	9.760038	1.052474	-0.707419	-0.237897	-0.061873	0.024776	-0.069463	-0.080831	0.994304	-0.678046	0.734915	0.012375	-0.731730	-0.673325	-0.105857
23117	9.673693	1.045607	-0.472160	-0.298247	-0.089215	0.055316	-0.070456	-0.081045	0.994217	-0.675810	0.736976	0.012184	-0.733701	-0.671043	-0.106695
23118	9.642615	0.778965	-0.553178	-0.329842	-0.114844	0.073830	-0.071762	-0.081292	0.994104	-0.673320	0.739257	0.011847	-0.735861	-0.668499	-0.107786
23119	9.684450	0.586692	-0.799138	-0.269734	-0.145521	0.098205	-0.073459	-0.081558	0.993958	-0.671249	0.741148	0.011205	-0.737583	-0.666370	-0.109189
23120	9.692565	0.815792	-0.937186	-0.220636	-0.167502	0.124033	-0.075491	-0.081775	0.993788	-0.669514	0.742729	0.010258	-0.738954	-0.664580	-0.110819
23121	9.651701	0.634396	-0.922629	-0.228708	-0.195968	0.145835	-0.077880	-0.082013	0.993584	-0.667698	0.744377	0.009106	-0.740347	-0.662704	-0.112732
23122	9.613596	0.276445	-0.707923	-0.196317	-0.233094	0.162150	-0.080653	-0.082371	0.993333	-0.666102	0.745820	0.007763	-0.741487	-0.661035	-0.115020
23123	9.568584	0.318819	-0.482195	-0.153737	-0.266128	0.181087	-0.083797	-0.082798	0.993037	-0.664800	0.746996	0.006185	-0.742306	-0.659653	-0.117640
23124	9.475654	0.470174	-0.250116	-0.144223	-0.294109	0.195917	-0.087246	-0.083295	0.992698	-0.663549	0.748120	0.004455	-0.743028	-0.658315	-0.120541
23125	9.430448	0.490027	-0.080681	-0.132480	-0.331828	0.204570	-0.091034	-0.083968	0.992301	-0.662369	0.749173	0.002629	-0.743626	-0.657031	-0.123818
23126	9.448655	0.233268	-0.063969	-0.072863	-0.378477	0.213803	-0.095228	-0.084874	0.991831	-0.661616	0.749842	0.000643	-0.743771	-0.656150	-0.127560
23127	9.543823	-0.024174	-0.220796	0.056176	-0.417227	0.225345	-0.099785	-0.085944	0.991290	-0.661802	0.749677	-0.001622	-0.743008	-0.656200	-0.131685
23128	9.473296	-0.132720	-0.469886	0.166398	-0.449452	0.235485	-0.104644	-0.087154	0.990683	-0.662785	0.748798	-0.004134	-0.741461	-0.657043	-0.136122
23129	9.646330	-0.368778	-0.823732	0.295250	-0.471149	0.248385	-0.109745	-0.088418	0.990019	-0.664693	0.747084	-0.006961	-0.739012	-0.658823	-0.140760
23130	9.608372	-0.632593	-1.431165	0.414544	-0.465001	0.247489	-0.114785	-0.089665	0.989335	-0.667462	0.744577	-0.009958	-0.735744	-0.661487	-0.145315
23131	9.666457	-0.697998	-1.549298	0.545122	-0.490811	0.245019	-0.119991	-0.091122	0.988584	-0.671163	0.741194	-0.013144	-0.731535	-0.665078	-0.150094
23132	9.726791	-0.656824	-1.486980	0.603944	-0.489365	0.243284	-0.125156	-0.092616	0.987805	-0.675289	0.737370	-0.016425	-0.726856	-0.669110	-0.154829
23133	9.587052	-0.517330	-1.371405	0.670553	-0.495253	0.235222	-0.130301	-0.094232	0.986986	-0.679835	0.733098	-0.019759	-0.721696	-0.673563	-0.159586
23134	9.645359	0.638712	-0.645367	0.841699	-0.543128	0.261021	-0.135948	-0.096021	0.986052	-0.685526	0.727664	-0.023655	-0.715243	-0.679180	-0.164749
23135	9.750938	1.636923	0.148621	0.518011	-0.536978	0.283458	-0.141689	-0.097639	0.985084	-0.688817	0.724422	-0.027272	-0.710954	-0.682406	-0.169899
23136	9.304647	0.130266	-0.222209	0.245926	-0.593201	0.257683	-0.147633	-0.099853	0.983989	-0.690208	0.722981	-0.030189	-0.708390	-0.683614	-0.175656
23137	9.907091	0.032841	0.344216	0.428129	-0.673440	0.279468	-0.154287	-0.102469	0.982698	-0.692802	0.720342	-0.033660	-0.704430	-0.686008	-0.182130
23138	10.158653	1.633520	1.312093	0.343359	-0.739316	0.313566	-0.161614	-0.105320	0.981218	-0.694743	0.718289	-0.037331	-0.700866	-0.687728	-0.189256
23139	9.731193	0.525788	1.429522	-0.085363	-0.806243	0.296523	-0.169284	-0.108747	0.979549	-0.693646	0.719203	-0.040031	-0.700141	-0.686237	-0.197182
23140	9.058474	-2.054211	0.838814	-0.021764	-0.943052	0.275122	-0.177743	-0.113258	0.977538	-0.693026	0.719651	-0.042632	-0.698658	-0.685036	-0.206404
23141	9.003397	-2.136134	1.361418	0.444507	-1.109112	0.277764	-0.187357	-0.118892	0.975070	-0.695606	0.716934	-0.046242	-0.693563	-0.686928	-0.217024
23142	9.148469	-0.450426	2.437935	0.624721	-1.295152	0.292455	-0.198290	-0.125744	0.972044	-0.699380	0.712969	-0.050438	-0.686695	-0.689829	-0.229317
23143	9.395046	0.150217	2.764178	0.536544	-1.490672	0.316133	-0.210656	-0.133813	0.968359	-0.702393	0.709682	-0.054730	-0.679903	-0.691698	-0.243488
23144	9.725827	-0.464996	2.640650	0.340648	-1.699576	0.372560	-0.224736	-0.142946	0.963878	-0.703884	0.707849	-0.059141	-0.673826	-0.691749	-0.259696
23145	9.965615	-0.682963	2.412037	0.452958	-1.986730	0.492215	-0.241480	-0.153233	0.958231	-0.705766	0.705452	-0.065047	-0.666019	-0.691995	-0.278499
23146	11.009148	-0.596856	2.823425	0.190910	-2.204502	0.583954	-0.260159	-0.164371	0.951472	-0.705587	0.705045	-0.071127	-0.659139	-0.689850	-0.299402
23147	12.958089	-0.426922	2.945070	-0.110692	-2.319229	0.573320	-0.279387	-0.176289	0.943857	-0.703310	0.706790	-0.076173	-0.653680	-0.685106	-0.321454
23148	13.040058	-0.753563	1.758154	-0.093216	-2.413815	0.484782	-0.298444	-0.189361	0.935454	-0.701327	0.708294	-0.080371	-0.647357	-0.680046	-0.344190
23149	13.833749	0.192392	1.222071	0.029381	-2.520417	0.439524	-0.317705	-0.203347	0.926128	-0.700161	0.708964	-0.084523	-0.639405	-0.675292	-0.367617
23150	13.994753	1.117883	0.155556	-0.238533	-2.493074	0.389919	-0.336249	-0.217335	0.916353	-0.697358	0.711403	-0.087164	-0.632952	-0.668334	-0.390769
23151	13.569993	0.840299	-1.628417	-0.437601	-2.493295	0.345273	-0.354328	-0.231449	0.906026	-0.693408	0.715089	-0.088505	-0.627405	-0.659606	-0.413864
23152	12.824988	0.684156	-3.499469	-0.390016	-2.506493	0.313023	-0.372114	-0.245610	0.895102	-0.689777	0.718454	-0.089618	-0.621078	-0.650769	-0.436763
23153	12.159497	1.006070	-4.388069	-0.442011	-2.460565	0.283247	-0.389233	-0.259488	0.883834	-0.685970	0.722029	-0.090113	-0.614771	-0.641358	-0.459039
23154	11.056646	0.728528	-6.245028	-0.427749	-2.403593	0.257558	-0.405656	-0.272926	0.872327	-0.682309	0.725464	-0.090316	-0.608192	-0.631834	-0.480509
23155	10.352565	0.955869	-6.083811	-0.177877	-2.338518	0.272883	-0.421606	-0.285649	0.860612	-0.680110	0.727345	-0.091763	-0.599750	-0.623998	-0.500926
23156	9.562355	1.421110	-6.297779	-0.279724	-2.217129	0.296584	-0.436816	-0.297200	0.849037	-0.677102	0.730012	-0.092822	-0.592221	-0.615430	-0.520115
23157	8.584911	0.787886	-7.068293	-0.483385	-2.047563	0.309414	-0.450938	-0.307459	0.837928	-0.672884	0.733900	-0.092830	-0.586414	-0.605690	-0.537828
23158	7.717683	-0.518698	-7.499721	-0.589071	-1.839131	0.283389	-0.463581	-0.316371	0.827648	-0.668052	0.738414	-0.091927	-0.582064	-0.595528	-0.553667
23159	7.237751	-1.615952	-7.599984	-0.522803	-1.584236	0.234774	-0.474302	-0.324019	0.818565	-0.663925	0.742256	-0.090885	-0.578137	-0.586573	-0.567178
23160	6.736612	-1.616462	-7.261265	-0.321620	-1.302269	0.226650	-0.483298	-0.329892	0.810922	-0.660911	0.744946	-0.090841	-0.574125	-0.579851	-0.578060
23161	6.882706	0.679690	-6.010204	-0.277832	-0.987319	0.307135	-0.490944	-0.333322	0.804904	-0.657831	0.747567	-0.091661	-0.571167	-0.574491	-0.586283
23162	7.659306	2.921871	-4.097077	-0.933556	-0.542889	0.365412	-0.496443	-0.333629	0.801396	-0.650595	0.754186	-0.089050	-0.574692	-0.565592	-0.591468
23163	8.213499	2.690125	-3.889331	-1.941061	-0.010696	0.312264	-0.498484	-0.331339	0.801079	-0.637772	0.766058	-0.080010	-0.587163	-0.550790	-0.593187
23164	7.593579	0.459649	-5.009371	-2.619758	0.485065	0.165240	-0.496633	-0.327384	0.803851	-0.621216	0.780874	-0.065772	-0.606173	-0.532030	-0.591184
23165	7.226023	-2.415016	-6.222327	-2.555188	0.931006	0.049595	-0.491167	-0.322144	0.809307	-0.605229	0.794410	-0.051098	-0.626461	-0.514914	-0.585159
23166	7.244334	-4.337706	-6.261139	-1.813568	1.385937	0.050189	-0.482661	-0.314633	0.817340	-0.593363	0.803893	-0.040940	-0.644173	-0.504739	-0.574700
23167	7.436265	-4.608258	-6.071711	-0.888639	1.824869	0.059722	-0.471099	-0.304980	0.827679	-0.587297	0.808555	-0.036345	-0.658140	-0.503215	-0.560024
23168	7.718216	-3.924609	-5.711208	-0.111758	2.246501	0.019324	-0.456290	-0.293427	0.840060	-0.586387	0.809237	-0.035843	-0.669290	-0.508955	-0.541309
23169	7.707134	-3.271294	-5.693685	0.437950	2.636288	-0.041646	-0.438247	-0.280225	0.854057	-0.589529	0.806864	-0.037767	-0.678525	-0.520043	-0.518806
23170	7.679575	-2.709817	-5.559671	0.853639	2.978361	-0.098653	-0.417330	-0.265268	0.869177	-0.595672	0.802171	-0.041190	-0.686302	-0.534934	-0.492783
23171	7.718102	-2.090240	-5.202059	1.103009	3.263560	-0.147947	-0.393902	-0.248735	0.884857	-0.603881	0.795796	-0.045123	-0.692943	-0.552122	-0.463672
23172	7.884578	-1.401684	-4.606914	1.169615	3.489431	-0.199480	-0.368371	-0.230732	0.900592	-0.612729	0.788802	-0.048534	-0.699190	-0.569697	-0.431948
23173	8.449394	-1.036513	-4.193059	1.097129	3.684368	-0.239228	-0.340981	-0.211335	0.916007	-0.621283	0.781933	-0.050869	-0.705506	-0.586445	-0.397923
23174	8.951669	-0.298570	-3.852751	0.954347	3.843658	-0.210990	-0.312377	-0.190149	0.930733	-0.628709	0.775866	-0.052501	-0.712141	-0.601560	-0.361911
23175	9.552355	0.196371	-3.333235	0.630094	4.005634	-0.161343	-0.282636	-0.167081	0.944564	-0.633699	0.771755	-0.053105	-0.720099	-0.613578	-0.324005
23176	9.509377	-0.183909	-3.241034	0.165818	4.159894	-0.146889	-0.251484	-0.142552	0.957306	-0.635319	0.770486	-0.052166	-0.730154	-0.621314	-0.284331
23177	9.194309	-0.844147	-4.245388	-0.068092	4.202170	-0.147439	-0.219609	-0.117495	0.968487	-0.635159	0.770727	-0.050522	-0.740503	-0.626239	-0.243887
23178	9.203549	-1.167457	-4.509719	-0.064983	4.153658	-0.142033	-0.187710	-0.092521	0.977857	-0.634997	0.770962	-0.048949	-0.749362	-0.630124	-0.203468
23179	9.892188	-0.931359	-4.496651	0.106717	4.084705	-0.130311	-0.156104	-0.067723	0.985416	-0.636015	0.770193	-0.047822	-0.755722	-0.634205	-0.163303
23180	10.171959	-0.082341	-3.315026	0.148813	4.051113	-0.151694	-0.124378	-0.043145	0.991296	-0.637355	0.769166	-0.046492	-0.760466	-0.637590	-0.123166
23181	10.095252	0.615577	-2.238375	-0.079769	4.013050	-0.209693	-0.092387	-0.019178	0.995538	-0.636962	0.769622	-0.044285	-0.765339	-0.638211	-0.083319
23182	10.209762	0.358984	-1.717526	-0.414390	3.954781	-0.260380	-0.060304	0.003982	0.998172	-0.633973	0.772248	-0.041382	-0.771001	-0.635309	-0.044046
23183	10.468831	-0.615236	-1.421304	-0.726481	3.898376	-0.308754	-0.028137	0.026215	0.999260	-0.628470	0.776901	-0.038078	-0.777325	-0.629076	-0.005384
23184	10.196475	-1.571245	-2.063104	-0.676404	3.655836	-0.334616	0.002508	0.046470	0.998917	-0.623231	0.781264	-0.034780	-0.782034	-0.622468	0.030921
23185	9.162369	-1.461198	-0.207679	-0.130657	3.269356	-0.308984	0.030041	0.064336	0.997476	-0.622141	0.782262	-0.031718	-0.782329	-0.619618	0.063526
23186	9.069932	0.120255	-0.499847	0.492555	2.944482	-0.160076	0.054056	0.081339	0.995220	-0.625907	0.779332	-0.029698	-0.778022	-0.621309	0.093038
23187	9.698257	2.205362	-0.094248	0.541018	2.708345	-0.056952	0.075451	0.097725	0.992349	-0.630046	0.776034	-0.028518	-0.772883	-0.623074	0.120124
23188	9.769586	1.024248	-0.129322	0.235944	2.466686	-0.042836	0.094785	0.112735	0.989094	-0.631817	0.774621	-0.027743	-0.769300	-0.622297	0.144651
23189	8.398133	-1.879178	-1.338067	0.191906	2.134069	-0.055145	0.111550	0.125554	0.985795	-0.633213	0.773511	-0.026865	-0.765897	-0.621222	0.165788
23190	5.935376	-4.212464	-1.663329	0.721524	1.686716	-0.127991	0.125269	0.135056	0.982887	-0.638550	0.769196	-0.024310	-0.759317	-0.624577	0.182596
23191	5.610882	-2.334762	-0.317288	1.197231	1.249352	-0.213518	0.136104	0.141248	0.980574	-0.647285	0.761988	-0.019918	-0.749999	-0.632000	0.195138
23192	5.569647	0.192960	0.318608	0.834864	0.840426	-0.254475	0.144075	0.144631	0.978940	-0.653147	0.757068	-0.015725	-0.743399	-0.637126	0.203540
23193	5.464473	0.299803	-0.629925	0.078542	0.346386	-0.265003	0.148414	0.144810	0.978265	-0.653321	0.756970	-0.012936	-0.742391	-0.637202	0.206952
23194	5.456586	-0.912499	-2.575439	-0.486251	-0.172576	-0.267866	0.148915	0.141663	0.978650	-0.649289	0.760458	-0.011281	-0.745821	-0.633747	0.205224
23195	5.488070	-0.485478	-3.460075	-0.616198	-0.653570	-0.248055	0.145663	0.135619	0.979995	-0.644291	0.764714	-0.010062	-0.750781	-0.629936	0.198769
23196	5.390130	0.949093	-4.135430	-0.987479	-1.052039	-0.193463	0.139001	0.127520	0.982048	-0.636546	0.771174	-0.010040	-0.758609	-0.623723	0.188366
23197	8.097716	-0.262381	-1.910374	-1.332695	-1.173317	-0.167143	0.131131	0.118934	0.984205	-0.626122	0.779651	-0.010794	-0.768620	-0.614817	0.176703
23198	12.748266	-1.806216	2.737651	-1.312853	-0.700896	-0.066235	0.126160	0.114118	0.985424	-0.615867	0.787753	-0.012379	-0.777683	-0.605329	0.169664
23199	12.212711	-1.945191	4.177146	-1.322624	-0.166737	-0.071265	0.125325	0.112528	0.985713	-0.605415	0.795789	-0.013873	-0.785981	-0.595028	0.167859
23200	10.507525	-4.181744	4.693414	-0.863607	-0.110354	-0.281077	0.126183	0.109610	0.985933	-0.598233	0.801224	-0.012511	-0.791325	-0.588239	0.166673
23201	11.584648	-3.757299	5.044674	0.192603	-0.431377	-0.379369	0.125075	0.104005	0.986681	-0.599258	0.800511	-0.008417	-0.790725	-0.590224	0.162450
23202	13.124104	0.755668	6.290907	0.565215	-0.808768	-0.366740	0.120932	0.096260	0.987983	-0.603253	0.797540	-0.003866	-0.788328	-0.595536	0.154517
23203	12.773196	4.333802	5.307702	-0.460108	-1.198447	-0.310473	0.113359	0.086633	0.989770	-0.599231	0.800575	-0.001443	-0.792510	-0.592937	0.142665
23204	11.098175	0.115720	1.936959	-1.877016	-1.535658	-0.320797	0.103026	0.075028	0.991845	-0.583873	0.811845	-0.000764	-0.805282	-0.579032	0.127448
23205	10.136514	-4.352917	-0.824788	-1.600896	-1.716427	-0.370561	0.091281	0.062140	0.993885	-0.570512	0.821289	0.001048	-0.816201	-0.567119	0.110419
23206	9.572968	-1.573983	-2.128486	-0.611772	-1.678500	-0.406519	0.079885	0.049289	0.995585	-0.565141	0.824982	0.004503	-0.821118	-0.563005	0.093758
23207	9.087413	1.403394	-3.140988	-0.207944	-1.555637	-0.456320	0.069699	0.036745	0.996891	-0.563069	0.826362	0.008908	-0.823465	-0.561940	0.078286
23208	9.273110	1.882998	-3.421473	0.003796	-1.407682	-0.481280	0.060845	0.024833	0.997838	-0.562771	0.826499	0.013748	-0.824370	-0.562391	0.064264
23209	9.701728	1.982096	-3.910335	0.103125	-1.279355	-0.453859	0.052885	0.013855	0.998504	-0.563343	0.826018	0.018376	-0.824529	-0.563473	0.051489
23210	10.348121	0.422885	-4.363531	0.091575	-1.250301	-0.415035	0.044949	0.003354	0.998984	-0.563879	0.825548	0.022600	-0.824633	-0.564322	0.038999
23211	10.923129	-1.027307	-3.586461	0.249983	-1.176923	-0.352780	0.037274	-0.006236	0.999286	-0.565776	0.824141	0.026247	-0.823716	-0.566350	0.027191
23212	10.288581	1.153529	-2.095138	0.293186	-1.075241	-0.303129	0.030176	-0.014857	0.999434	-0.568070	0.822456	0.029378	-0.822427	-0.568635	0.016379
23213	9.806556	1.791230	-1.457404	0.014284	-1.013606	-0.264820	0.023375	-0.022824	0.999466	-0.568098	0.822336	0.032066	-0.822629	-0.568544	0.006256
23214	9.874141	1.161050	-0.979640	-0.229366	-0.968048	-0.262378	0.016926	-0.030501	0.999391	-0.566139	0.823578	0.034724	-0.824136	-0.566382	-0.003328
23215	9.779952	-0.514343	-1.077738	-0.092017	-0.944858	-0.307200	0.010906	-0.038404	0.999203	-0.565320	0.824003	0.037841	-0.824800	-0.565282	-0.012724
23216	10.021061	-0.066368	-0.706485	0.373795	-0.953781	-0.287563	0.004711	-0.046200	0.998921	-0.568360	0.821774	0.040687	-0.822767	-0.567938	-0.022387
23217	9.746559	1.203647	-0.653686	0.426600	-0.935720	-0.252845	-0.001503	-0.053629	0.998560	-0.571843	0.819228	0.043137	-0.820362	-0.570955	-0.031898
23218	9.652729	1.097558	-0.990282	0.270405	-0.939065	-0.253779	-0.007712	-0.061100	0.998102	-0.574054	0.817546	0.045611	-0.818781	-0.572613	-0.041380
23219	9.828694	0.659627	-1.238876	0.247679	-0.925804	-0.242553	-0.013858	-0.068414	0.997561	-0.576090	0.815978	0.047958	-0.817269	-0.574020	-0.050721
23220	9.818577	0.409510	-1.489257	0.332485	-0.892956	-0.220338	-0.019842	-0.075370	0.996958	-0.578824	0.813917	0.050012	-0.815211	-0.576071	-0.059776
23221	9.832656	0.390286	-1.782487	0.469584	-0.866138	-0.209725	-0.025640	-0.082102	0.996294	-0.582677	0.811049	0.051842	-0.812299	-0.579189	-0.068634
23222	9.868475	0.662963	-1.833288	0.545150	-0.828727	-0.189542	-0.031216	-0.088477	0.995589	-0.587134	0.807728	0.053373	-0.808888	-0.582878	-0.077162
23223	9.991128	1.106823	-1.941672	0.532629	-0.788342	-0.166516	-0.036565	-0.094453	0.994858	-0.591474	0.804471	0.054638	-0.805494	-0.586435	-0.085282
23224	10.118767	1.306199	-2.222947	0.379435	-0.718322	-0.149341	-0.041425	-0.099899	0.994135	-0.594568	0.802105	0.055827	-0.802977	-0.588768	-0.092623
23225	9.925570	0.530331	-2.511784	0.267749	-0.667862	-0.162926	-0.045777	-0.105166	0.993400	-0.596771	0.800368	0.057230	-0.801104	-0.590213	-0.099399
23226	9.980194	-0.739349	-2.597233	0.487299	-0.666748	-0.201193	-0.049871	-0.110744	0.992597	-0.600748	0.797276	0.058769	-0.797882	-0.593370	-0.106291
23227	10.079893	0.179299	-1.638128	0.883642	-0.667806	-0.166398	-0.054142	-0.116074	0.991764	-0.607845	0.791824	0.059490	-0.792208	-0.599618	-0.113426
23228	9.692626	1.354858	-0.967393	0.747559	-0.624567	-0.139285	-0.058192	-0.120960	0.990950	-0.613812	0.787166	0.060040	-0.787305	-0.604763	-0.120053
23229	9.599358	1.174814	-1.170326	0.564117	-0.616586	-0.142822	-0.062121	-0.125845	0.990103	-0.618314	0.783576	0.060801	-0.783472	-0.608418	-0.126489
23230	9.568214	0.931958	-1.079700	0.603065	-0.614578	-0.132510	-0.066069	-0.130657	0.989224	-0.623096	0.779734	0.061372	-0.779350	-0.612327	-0.132928
23231	9.532471	0.915265	-0.974394	0.561445	-0.602194	-0.116075	-0.069990	-0.135282	0.988332	-0.627526	0.776139	0.061798	-0.775443	-0.615879	-0.139215
23232	9.516839	0.876577	-1.068033	0.548774	-0.595153	-0.107409	-0.073885	-0.139813	0.987417	-0.631834	0.772610	0.062120	-0.771574	-0.619294	-0.145423
23233	9.457099	0.973443	-0.844959	0.496898	-0.601238	-0.092163	-0.077895	-0.144279	0.986466	-0.635716	0.769402	0.062334	-0.767983	-0.622257	-0.151653
23234	9.465154	1.119838	-0.345313	0.471856	-0.635078	-0.072818	-0.082264	-0.148823	0.985436	-0.639376	0.766361	0.062363	-0.764481	-0.624934	-0.158197
23235	9.563032	1.100397	-0.191891	0.311443	-0.642064	-0.055160	-0.086776	-0.153285	0.984365	-0.641787	0.764337	0.062446	-0.761958	-0.626333	-0.164702
23236	9.480918	0.652072	-0.883468	0.263515	-0.642474	-0.047895	-0.091323	-0.157701	0.983255	-0.643821	0.762618	0.062517	-0.759707	-0.627331	-0.171176
23237	9.448543	1.023520	-1.439919	0.274050	-0.667154	-0.051233	-0.096018	-0.162303	0.982058	-0.645935	0.760822	0.062585	-0.757329	-0.628337	-0.177890
23238	9.452760	1.191226	-1.853158	0.169942	-0.664145	-0.049778	-0.100679	-0.166883	0.980823	-0.647287	0.759654	0.062809	-0.755568	-0.628551	-0.184503
23239	9.570564	0.828383	-2.410725	0.099641	-0.649503	-0.041493	-0.105279	-0.171302	0.979577	-0.648071	0.758964	0.063072	-0.754268	-0.628195	-0.190919
23240	9.586219	0.442577	-2.843239	0.157052	-0.625321	-0.045239	-0.109663	-0.175597	0.978335	-0.649290	0.757906	0.063253	-0.752593	-0.628287	-0.197128
23241	9.482837	0.382368	-2.906755	0.277369	-0.602867	-0.045240	-0.113864	-0.179753	0.977100	-0.651413	0.756088	0.063183	-0.750130	-0.629302	-0.203184
23242	9.528040	0.521935	-2.801553	0.341468	-0.580016	-0.037455	-0.117924	-0.183717	0.975880	-0.654018	0.753860	0.062889	-0.747231	-0.630827	-0.209052
23243	9.512240	0.480428	-2.763585	0.387083	-0.563033	-0.048803	-0.121767	-0.187663	0.974657	-0.656952	0.751330	0.062588	-0.744034	-0.632681	-0.214773
23244	9.492404	0.868247	-2.527464	0.470177	-0.558230	-0.040870	-0.125607	-0.191532	0.973416	-0.660480	0.748279	0.062007	-0.740263	-0.635133	-0.220492
23245	9.575305	1.195982	-1.864499	0.410075	-0.555817	-0.023830	-0.129519	-0.195267	0.972160	-0.663529	0.745630	0.061366	-0.736854	-0.637108	-0.226139
23246	9.479754	0.976840	-1.595507	0.366900	-0.578343	-0.016176	-0.133629	-0.199101	0.970825	-0.666240	0.743261	0.060727	-0.733667	-0.638688	-0.231970
23247	9.470911	1.129868	-0.901756	0.385026	-0.624533	0.003898	-0.138191	-0.203088	0.969360	-0.669043	0.740812	0.059827	-0.730264	-0.640276	-0.238248
23248	9.381761	0.993307	-0.062282	0.249690	-0.672362	-0.006447	-0.143010	-0.207469	0.967732	-0.670879	0.739189	0.059331	-0.727646	-0.640746	-0.244898
23249	9.472876	1.024711	0.211396	0.010096	-0.702336	-0.028308	-0.147891	-0.212195	0.965972	-0.670984	0.739070	0.059623	-0.726573	-0.639334	-0.251682
23250	9.154079	1.235983	-0.151281	-0.061979	-0.764077	-0.005674	-0.153366	-0.217136	0.964018	-0.670534	0.739459	0.059881	-0.725854	-0.637223	-0.259005
23251	9.002677	1.144682	-0.293220	0.014750	-0.878222	0.026134	-0.159875	-0.222553	0.961723	-0.670591	0.739427	0.059634	-0.724395	-0.635388	-0.267457
23252	9.219008	0.906154	-0.475195	0.066503	-0.988749	0.051108	-0.167335	-0.228469	0.959062	-0.670972	0.739131	0.059007	-0.722354	-0.633630	-0.276979
23253	9.330710	1.018508	-1.487650	0.105181	-1.052398	0.073544	-0.175383	-0.234607	0.956138	-0.671596	0.738640	0.058050	-0.719861	-0.631958	-0.287106
23254	9.307216	1.140243	-3.108544	0.145475	-1.069773	0.101764	-0.183712	-0.240632	0.953072	-0.672457	0.737961	0.056699	-0.716973	-0.630484	-0.297387
23255	9.225634	0.933662	-3.594219	0.262023	-1.100554	0.117622	-0.192339	-0.246721	0.949808	-0.674102	0.736600	0.054831	-0.713156	-0.629721	-0.307992
23256	9.501916	1.138927	-3.156520	0.348152	-1.103784	0.140336	-0.201100	-0.252657	0.946427	-0.676283	0.734772	0.052455	-0.708660	-0.629504	-0.318630
23257	9.594905	0.849520	-2.986240	0.277739	-1.095658	0.150793	-0.209828	-0.258465	0.942957	-0.677929	0.733413	0.050175	-0.704545	-0.628730	-0.329111
23258	9.329728	0.294433	-2.974111	0.304704	-1.115165	0.147694	-0.218631	-0.264407	0.939303	-0.679730	0.731902	0.047812	-0.700120	-0.628019	-0.339742
23259	9.286637	0.141827	-2.392163	0.392215	-1.171771	0.155832	-0.227829	-0.270647	0.935331	-0.682112	0.729859	0.045042	-0.694850	-0.627739	-0.350895
23260	9.393086	0.447434	-1.379905	0.318020	-1.217539	0.160581	-0.237327	-0.277126	0.931062	-0.683912	0.728329	0.042455	-0.689885	-0.626689	-0.362382
23261	9.448748	0.686882	-0.641535	0.122373	-1.272807	0.131536	-0.246948	-0.284149	0.926432	-0.684430	0.727935	0.040827	-0.685983	-0.623996	-0.374242
23262	9.698601	0.800402	-0.136510	-0.124224	-1.350864	0.129902	-0.257059	-0.291610	0.921349	-0.683218	0.729110	0.040145	-0.683471	-0.619163	-0.386658
23263	9.573808	0.624107	1.157541	-0.311582	-1.464478	0.118289	-0.267828	-0.299787	0.915640	-0.680777	0.731380	0.040329	-0.681770	-0.612545	-0.399972
23264	9.640506	0.226750	1.751007	-0.374067	-1.623788	0.122850	-0.279696	-0.308774	0.909081	-0.677848	0.734070	0.040778	-0.679921	-0.604814	-0.414618
23265	9.807786	0.049978	3.536767	-0.151492	-1.955943	0.144690	-0.293895	-0.319491	0.900861	-0.676404	0.735436	0.040154	-0.675355	-0.597544	-0.432246
23266	10.730509	0.951667	5.098163	0.022655	-2.332627	0.190005	-0.310831	-0.331942	0.890617	-0.675930	0.735965	0.038398	-0.668208	-0.590059	-0.453131
23267	12.968290	1.762032	5.651276	-0.105823	-2.696336	0.264834	-0.330496	-0.345790	0.878181	-0.674377	0.737480	0.036592	-0.660294	-0.580131	-0.476927
23268	14.546910	-0.058139	1.607060	-0.510735	-2.849671	0.244823	-0.350864	-0.360293	0.864340	-0.670107	0.741342	0.037004	-0.654103	-0.566217	-0.501545
23269	14.063113	-1.802549	-2.502869	-0.405092	-2.905395	0.146965	-0.370705	-0.375477	0.849467	-0.666943	0.744146	0.037871	-0.646347	-0.552507	-0.526281
23270	13.952376	-2.835217	-3.799403	0.308756	-3.142969	0.111831	-0.391548	-0.391826	0.832564	-0.668406	0.742958	0.035308	-0.632395	-0.542666	-0.552802
23271	14.798907	0.060798	-2.243521	0.828420	-3.256242	0.229626	-0.413345	-0.407706	0.814200	-0.672647	0.739404	0.028770	-0.613752	-0.535777	-0.579871
23272	14.552450	1.619218	-3.297719	0.423062	-3.169050	0.237314	-0.434182	-0.422691	0.795499	-0.674050	0.738283	0.024394	-0.597614	-0.525615	-0.605464
23273	14.080967	0.781912	-4.888915	0.129022	-3.033278	0.125526	-0.452906	-0.437548	0.776806	-0.674260	0.738147	0.022654	-0.583309	-0.513509	-0.629332
23274	13.099696	0.488306	-5.637853	0.380473	-2.857390	0.050456	-0.469749	-0.451607	0.758542	-0.676051	0.736587	0.019871	-0.567706	-0.503479	-0.651321
23275	11.995792	2.023816	-5.669924	0.602876	-2.727882	0.051206	-0.485317	-0.464879	0.740510	-0.679185	0.733803	0.015542	-0.550613	-0.495400	-0.671866
23276	10.625828	3.075067	-7.067736	0.638446	-2.678467	0.120165	-0.500775	-0.476988	0.722293	-0.681796	0.731469	0.010350	-0.533272	-0.487274	-0.691509
23277	9.817372	3.067878	-7.943826	0.545633	-2.659174	0.190824	-0.515997	-0.488457	0.703674	-0.683698	0.729747	0.005207	-0.516047	-0.478414	-0.710504
23278	9.283136	3.031777	-8.240304	0.458290	-2.556450	0.232626	-0.530733	-0.498657	0.685320	-0.684512	0.729001	0.000333	-0.499765	-0.468933	-0.728242
23279	8.686830	2.679085	-7.573689	0.309898	-2.361155	0.287483	-0.544294	-0.507543	0.667940	-0.684504	0.728999	-0.003852	-0.484973	-0.459304	-0.744206
23280	7.924106	2.226547	-7.035017	0.068543	-2.093981	0.334918	-0.556820	-0.514346	0.652228	-0.682643	0.730723	-0.006540	-0.473234	-0.448880	-0.757995
23281	6.958805	1.409019	-7.034370	-0.143284	-1.768602	0.343343	-0.567417	-0.519705	0.638705	-0.680054	0.733123	-0.007620	-0.464289	-0.438678	-0.769414
23282	6.321686	0.868814	-6.700353	-0.234332	-1.418523	0.309147	-0.576309	-0.523269	0.627740	-0.676798	0.736129	-0.007727	-0.458054	-0.429306	-0.778385
23283	5.947930	0.126956	-9.290178	-0.265673	-1.104085	0.292103	-0.583281	-0.525836	0.619095	-0.673906	0.738779	-0.007430	-0.453468	-0.421546	-0.785281
23284	4.889339	-0.720870	-9.216213	0.161099	-0.806401	0.289955	-0.589139	-0.526733	0.612754	-0.672502	0.740022	-0.010450	-0.447947	-0.418235	-0.790204
23285	6.641237	-0.091541	-5.105736	0.484771	-0.387568	0.335321	-0.593088	-0.525900	0.609652	-0.672692	0.739743	-0.016295	-0.442417	-0.419772	-0.792501
23286	8.421797	2.003138	-3.891732	0.132071	0.207161	0.362107	-0.594862	-0.522009	0.611266	-0.670710	0.741463	-0.019516	-0.443043	-0.421592	-0.791185
23287	7.662605	1.331502	-5.694300	-0.544421	0.766668	0.273758	-0.593232	-0.516767	0.617274	-0.666664	0.745168	-0.016862	-0.451260	-0.421517	-0.786567
23288	6.367955	-0.659605	-6.978148	-0.656954	1.215287	0.205562	-0.589319	-0.509734	0.626797	-0.661987	0.749404	-0.012963	-0.463116	-0.422570	-0.779075
23289	5.977026	-1.219980	-7.123456	-0.317858	1.635967	0.224723	-0.583099	-0.501110	0.639440	-0.659192	0.751881	-0.011884	-0.474828	-0.428443	-0.768749
23290	6.017817	-0.336896	-6.472542	-0.008656	2.091060	0.267969	-0.575058	-0.489681	0.655378	-0.657153	0.753636	-0.013518	-0.487297	-0.438457	-0.755180
23291	6.176977	1.103900	-5.933861	-0.107164	2.532938	0.267035	-0.564243	-0.476440	0.674267	-0.655113	0.755392	-0.014451	-0.502451	-0.449875	-0.738347
23292	6.145227	1.182418	-6.154430	-0.559293	2.972390	0.214961	-0.550612	-0.460999	0.695921	-0.650645	0.759290	-0.011814	-0.522960	-0.459303	-0.718021
23293	5.722917	-0.264627	-6.797638	-0.894463	3.378060	0.165902	-0.533580	-0.444100	0.719770	-0.644970	0.764179	-0.006629	-0.547089	-0.467767	-0.694181
23294	5.628219	-1.754555	-7.388737	-0.857342	3.750355	0.154981	-0.513736	-0.424942	0.745319	-0.639000	0.769205	-0.001892	-0.572499	-0.477230	-0.666706
23295	5.708572	-2.428172	-7.617858	-0.516359	4.096835	0.157824	-0.490762	-0.403930	0.772006	-0.635196	0.772351	0.000318	-0.596388	-0.490219	-0.635615
23296	5.730577	-1.999920	-7.632633	-0.139782	4.391141	0.151333	-0.465142	-0.380703	0.799192	-0.633336	0.773877	0.000033	-0.618489	-0.506142	-0.601076
23297	6.037709	-1.286601	-7.274415	0.086621	4.647216	0.139062	-0.436768	-0.355713	0.826258	-0.633258	0.773939	-0.001557	-0.638920	-0.523915	-0.563289
23298	6.342283	-0.658704	-6.843764	0.113483	4.894060	0.127739	-0.405864	-0.328524	0.852846	-0.633218	0.773967	-0.003206	-0.659021	-0.541339	-0.522153
23299	6.379028	-0.117441	-6.750980	-0.050285	5.102007	0.128110	-0.372496	-0.299532	0.878366	-0.632384	0.774644	-0.004018	-0.679218	-0.556962	-0.477971
23300	6.266582	0.375333	-7.989011	-0.347764	5.117556	0.093608	-0.337796	-0.269936	0.901681	-0.629508	0.776988	-0.003225	-0.699724	-0.568705	-0.432390
23301	7.897117	-0.212807	-5.618495	-0.653990	5.138535	0.075746	-0.301746	-0.239934	0.922703	-0.624618	0.780929	-0.001197	-0.720279	-0.576698	-0.385509
23302	8.857555	-0.553121	-6.053473	-0.869091	5.223943	0.162062	-0.264564	-0.208375	0.941587	-0.617700	0.786413	0.000476	-0.740576	-0.581493	-0.336770
23303	9.129695	0.635442	-7.322820	-1.043741	5.260320	0.324714	-0.227048	-0.175190	0.957997	-0.609063	0.793121	0.000690	-0.759929	-0.583324	-0.286778
23304	9.715953	0.420652	-6.486815	-1.215419	5.353980	0.424219	-0.188379	-0.140596	0.971980	-0.598751	0.800935	-0.000189	-0.778467	-0.582010	-0.235062
23305	9.855215	0.250388	-4.439238	-1.259864	5.384765	0.475281	-0.148792	-0.105541	0.983220	-0.588024	0.808840	-0.002163	-0.795040	-0.578479	-0.182410
23306	9.932664	0.925645	-3.149517	-1.547005	5.357261	0.466435	-0.108426	-0.070968	0.991568	-0.574962	0.818169	-0.004313	-0.810964	-0.570581	-0.129515
23307	10.287482	0.225355	-3.691819	-1.950411	5.249600	0.415420	-0.067754	-0.037957	0.996980	-0.558607	0.829408	-0.006385	-0.826660	-0.557353	-0.077399
23308	11.427400	-1.797301	-4.148667	-1.771192	5.059492	0.397900	-0.027754	-0.006794	0.999592	-0.543659	0.839253	-0.009391	-0.838847	-0.543698	-0.026986
23309	11.066919	-2.534235	-1.304703	-1.033443	4.891171	0.352049	0.011563	0.022520	0.999680	-0.534911	0.844810	-0.012844	-0.844829	-0.534591	0.021814
23310	12.907195	-1.080967	1.721810	-0.068463	4.603365	0.304128	0.048857	0.049635	0.997572	-0.534417	0.845072	-0.015874	-0.843808	-0.532344	0.067813
23311	14.239768	1.122491	-2.312702	-0.301102	4.335233	0.339008	0.083640	0.075443	0.993636	-0.532082	0.846469	-0.019481	-0.842552	-0.527066	0.110940
23312	11.206014	-1.498589	-3.747962	-0.123857	3.842943	0.327032	0.114269	0.098368	0.988568	-0.531352	0.846843	-0.022847	-0.839409	-0.522667	0.149036
23313	9.118910	-3.870722	-3.842876	0.549506	3.398502	0.225340	0.141503	0.118027	0.982877	-0.536211	0.843739	-0.024121	-0.832139	-0.523616	0.182679
23314	7.552189	-3.383392	-3.407726	1.610862	3.000219	0.060278	0.165986	0.134373	0.976930	-0.549587	0.835160	-0.021495	-0.818781	-0.533340	0.212475
23315	6.484280	-0.651356	-2.704084	2.210159	2.569320	-0.060514	0.187178	0.147738	0.971153	-0.567368	0.823311	-0.015894	-0.801909	-0.548026	0.237928
23316	5.857478	0.658096	-0.115496	2.019605	2.098744	-0.138311	0.204680	0.158233	0.965955	-0.583117	0.812332	-0.009509	-0.786181	-0.561318	0.258537
23317	4.886265	0.194564	1.483399	1.336172	1.500854	-0.150593	0.217316	0.165478	0.961972	-0.593206	0.805038	-0.004473	-0.775165	-0.569676	0.273110
23318	3.754487	-0.843207	1.313354	0.753053	0.774221	-0.101427	0.223939	0.169077	0.959825	-0.598778	0.800914	-0.001382	-0.768971	-0.574413	0.280595
23319	3.528902	-0.320893	0.717344	0.345198	-0.005156	-0.042656	0.224188	0.168681	0.959837	-0.601308	0.799017	0.000028	-0.766921	-0.577164	0.280559
23320	3.932391	0.819128	-1.082675	-0.528993	-0.697828	-0.002442	0.218875	0.164630	0.961764	-0.597215	0.802080	-0.001384	-0.771640	-0.574078	0.273875
23321	3.958903	1.193033	-4.068317	-1.328698	-1.350710	-0.023459	0.208551	0.156719	0.965373	-0.586815	0.809707	-0.004678	-0.782403	-0.565520	0.260830
23322	5.294179	0.782166	-6.039119	-1.661702	-1.793096	-0.147885	0.195299	0.145453	0.969898	-0.573386	0.819252	-0.007404	-0.795668	-0.554680	0.243400
23323	9.786066	-1.310341	-2.675433	-1.271834	-1.655886	-0.246577	0.183470	0.134280	0.973811	-0.562708	0.826617	-0.007967	-0.806038	-0.546510	0.227220
23324	13.945842	-0.212857	1.576593	-0.623226	-0.925146	-0.185935	0.177067	0.127682	0.975882	-0.557313	0.830268	-0.007509	-0.811202	-0.542542	0.218172
23325	11.939476	0.861799	1.864954	-0.439514	-0.349437	-0.292930	0.175885	0.123329	0.976655	-0.553200	0.833030	-0.005567	-0.814269	-0.539306	0.214743
23326	10.897689	-1.773549	3.061591	0.141637	-0.279745	-0.533381	0.176595	0.117353	0.977263	-0.553392	0.832921	-0.000020	-0.813985	-0.540806	0.212032
23327	13.305323	-1.835057	4.540750	0.872765	-0.502432	-0.558098	0.175652	0.109953	0.978293	-0.559472	0.828817	0.007300	-0.810023	-0.548610	0.207099
23328	14.644462	2.444720	4.890438	0.761956	-0.892978	-0.472810	0.171125	0.101092	0.980049	-0.564794	0.825122	0.013507	-0.807294	-0.555837	0.198295
23329	13.334453	4.037439	3.250283	-0.733605	-1.299631	-0.418022	0.162971	0.090415	0.982479	-0.558126	0.829597	0.016235	-0.813594	-0.550993	0.185663
23330	10.953862	-2.355837	0.619045	-2.021397	-1.604330	-0.401277	0.152051	0.078326	0.985264	-0.540889	0.840929	0.016621	-0.827236	-0.535446	0.170229
23331	10.132058	-4.813059	-0.544910	-1.427849	-1.791834	-0.360247	0.139093	0.065757	0.988094	-0.528456	0.848772	0.017905	-0.837489	-0.524655	0.152808
23332	9.314161	0.784848	-0.560617	-0.441731	-1.841393	-0.342367	0.125464	0.053189	0.990671	-0.524274	0.851298	0.020691	-0.842256	-0.521979	0.134693
23333	8.855394	4.389128	-0.687198	-0.391380	-1.823201	-0.393847	0.112157	0.040310	0.992873	-0.520479	0.853533	0.024142	-0.846477	-0.519477	0.116710
23334	9.234385	3.940240	-1.663536	-0.707674	-1.710075	-0.479018	0.100147	0.027352	0.994597	-0.513941	0.857363	0.028171	-0.851960	-0.513985	0.099919
23335	9.379439	1.318518	-3.460765	-0.638976	-1.637821	-0.543696	0.088962	0.014277	0.995933	-0.507946	0.860756	0.033033	-0.856783	-0.508818	0.083826
23336	10.192465	-1.429467	-3.590857	-0.094109	-1.591149	-0.525494	0.078014	0.001635	0.996951	-0.506680	0.861286	0.038236	-0.858597	-0.508118	0.068021
23337	10.332574	-1.021886	-2.936925	0.712647	-1.482636	-0.403989	0.067392	-0.009443	0.997682	-0.512475	0.857638	0.042735	-0.856054	-0.514167	0.052958
23338	9.941960	1.680477	-2.341366	0.842662	-1.388431	-0.285168	0.057033	-0.019097	0.998190	-0.519476	0.853246	0.046005	-0.852579	-0.521160	0.038742
23339	10.018834	2.517825	-2.123359	0.277194	-1.293270	-0.202110	0.047094	-0.027601	0.998509	-0.521713	0.851761	0.048151	-0.851820	-0.523203	0.025713
23340	10.083976	1.794954	-2.338653	-0.308380	-1.200966	-0.200199	0.037923	-0.035601	0.998646	-0.518977	0.853317	0.050128	-0.853946	-0.520176	0.013885
23341	10.336346	0.245648	-2.959655	-0.396282	-1.108573	-0.271234	0.029877	-0.043691	0.998598	-0.515477	0.855273	0.052843	-0.856382	-0.516333	0.003031
23342	10.512287	-0.844939	-3.334821	0.049819	-0.976918	-0.287390	0.023021	-0.051222	0.998422	-0.515807	0.854889	0.055752	-0.856395	-0.516276	-0.006740
23343	10.040312	-0.674370	-2.832819	0.669352	-0.861051	-0.223464	0.016851	-0.057624	0.998196	-0.521465	0.851303	0.057947	-0.853106	-0.521501	-0.015703
