// General information: 
//  MT Manager version: 2022.2.0 
//  XDA version: 2022.2.0 build 7381 rev 124627 built on 2023-07-19
// Device information: 
//  DeviceId: 00B4CB9F
//  ProductCode: MTW2-3A7G6
//  Firmware Version: 4.6.0
//  Hardware Version: 2.0.0
// Device settings: 
//  Filter Profile: human(46.1)
//  Option Flags: Orientation Smoother Disabled, Position/Velocity Smoother Disabled, Continuous Zero Rotation Update Disabled, AHS Disabled, ICC Disabled
// Coordinate system: ENU
PacketCounter	Acc_X	Acc_Y	Acc_Z	Gyr_X	Gyr_Y	Gyr_Z	Mat[1][1]	Mat[2][1]	Mat[3][1]	Mat[1][2]	Mat[2][2]	Mat[3][2]	Mat[1][3]	Mat[2][3]	Mat[3][3]
39108	9.919064	1.347490	0.244580	-0.087181	-0.043118	-0.165693	0.058530	-0.117264	0.991375	-0.466052	0.875003	0.131014	-0.882819	-0.469701	-0.003437
39109	9.864062	1.199937	0.316017	-0.095523	-0.037751	-0.168760	0.058921	-0.118896	0.991157	-0.465163	0.875231	0.132642	-0.883262	-0.468865	-0.003736
39110	9.941639	1.091725	0.286604	-0.092467	-0.033096	-0.174897	0.059382	-0.120564	0.990928	-0.464280	0.875441	0.134335	-0.883695	-0.468046	-0.003990
39111	10.014775	1.074804	0.244906	-0.087245	-0.034671	-0.179557	0.059842	-0.122276	0.990690	-0.463432	0.875623	0.136068	-0.884109	-0.467260	-0.004267
39112	9.819523	0.975077	0.232774	-0.102265	-0.035990	-0.176021	0.060279	-0.123968	0.990454	-0.462460	0.875871	0.137772	-0.884589	-0.466350	-0.004533
39113	9.493556	0.646401	0.000718	-0.100014	-0.032096	-0.165936	0.060698	-0.125549	0.990229	-0.461507	0.876120	0.139370	-0.885057	-0.465457	-0.004763
39114	9.484429	0.002909	-0.193156	-0.051466	-0.027741	-0.148817	0.061079	-0.126964	0.990025	-0.460999	0.876159	0.140802	-0.885296	-0.465001	-0.005015
39115	9.602627	-0.343015	-0.267613	0.079170	-0.009275	-0.117812	0.061468	-0.128017	0.989865	-0.461622	0.875652	0.141911	-0.884944	-0.465667	-0.005271
39116	9.765642	0.206409	-0.251344	0.237474	0.010771	-0.098992	0.061962	-0.128815	0.989731	-0.463700	0.874403	0.142835	-0.883823	-0.467788	-0.005552
39117	9.767650	1.412754	-0.181274	0.353862	0.023474	-0.106833	0.062597	-0.129614	0.989587	-0.466777	0.872603	0.143818	-0.882157	-0.470919	-0.005879
39118	9.708603	2.572650	-0.296035	0.352690	0.022213	-0.126841	0.063327	-0.130598	0.989411	-0.469844	0.870758	0.145008	-0.880475	-0.474051	-0.006218
39119	9.780392	3.186938	-0.417814	0.241780	0.030800	-0.137779	0.064178	-0.131628	0.989220	-0.471900	0.869428	0.146304	-0.879313	-0.476202	-0.006317
39120	9.937641	3.216221	-0.655233	0.090505	0.056437	-0.147707	0.065312	-0.132626	0.989012	-0.472638	0.868788	0.147715	-0.878833	-0.477092	-0.005942
39121	10.057199	2.681631	-1.035624	-0.041271	0.086065	-0.163512	0.066771	-0.133614	0.988781	-0.472187	0.868766	0.149283	-0.878966	-0.476857	-0.005082
39122	9.789284	1.961952	-1.333391	-0.117244	0.098845	-0.155739	0.068315	-0.134480	0.988559	-0.471089	0.869103	0.150784	-0.879436	-0.476000	-0.003979
39123	9.496283	1.258062	-1.455815	-0.152528	0.083957	-0.134416	0.069612	-0.135231	0.988366	-0.469627	0.869670	0.152067	-0.880116	-0.474749	-0.002968
39124	9.413487	0.678696	-1.301075	-0.148377	0.050702	-0.103547	0.070485	-0.135874	0.988216	-0.468286	0.870220	0.153051	-0.880761	-0.473556	-0.002291
39125	9.443468	0.677735	-1.014199	-0.086750	0.016765	-0.077992	0.070923	-0.136455	0.988104	-0.467440	0.870548	0.153772	-0.881175	-0.472786	-0.002043
39126	9.528530	1.276202	-0.658873	-0.027688	-0.029284	-0.071768	0.070941	-0.137201	0.988000	-0.467184	0.870568	0.154439	-0.881310	-0.472534	-0.002339
39127	9.718305	2.050838	-0.095943	-0.075027	-0.057246	-0.093497	0.070814	-0.138264	0.987861	-0.466544	0.870754	0.155317	-0.881659	-0.471879	-0.002845
39128	9.771386	2.234335	0.459065	-0.182090	-0.048731	-0.113144	0.070851	-0.139461	0.987690	-0.464896	0.871442	0.156396	-0.882526	-0.470254	-0.003092
39129	9.752515	1.627239	0.882920	-0.255323	-0.012193	-0.121806	0.071241	-0.140560	0.987506	-0.462588	0.872461	0.157557	-0.883706	-0.468033	-0.002867
39130	9.155721	0.819872	1.050522	-0.225639	0.045111	-0.100242	0.072043	-0.141207	0.987355	-0.460560	0.873361	0.158509	-0.884700	-0.466156	-0.002115
39131	9.067192	0.598467	1.134390	-0.100949	0.035721	-0.068327	0.072599	-0.141619	0.987256	-0.459595	0.873756	0.159134	-0.885156	-0.465291	-0.001654
39132	9.171093	1.373484	1.313523	0.010308	0.004125	-0.041919	0.072768	-0.141948	0.987196	-0.459694	0.873636	0.159504	-0.885091	-0.465415	-0.001680
39133	9.585207	2.908960	1.723980	-0.014619	-0.029244	-0.039230	0.072628	-0.142404	0.987140	-0.459599	0.873624	0.159843	-0.885152	-0.465298	-0.001999
39134	9.725304	3.858197	1.858434	-0.167717	-0.054598	-0.058635	0.072354	-0.143152	0.987052	-0.458110	0.874307	0.160382	-0.885946	-0.463783	-0.002320
39135	10.182953	4.019095	1.576243	-0.320470	-0.050356	-0.087079	0.072240	-0.144126	0.986919	-0.455232	0.875659	0.161199	-0.887438	-0.460922	-0.002353
39136	10.161909	3.427462	0.885363	-0.374874	-0.027461	-0.109853	0.072435	-0.145196	0.986748	-0.451861	0.877210	0.162248	-0.889143	-0.457625	-0.002068
39137	9.995592	2.389833	0.258110	-0.279221	-0.004773	-0.115647	0.072831	-0.146216	0.986568	-0.449205	0.878370	0.163342	-0.890455	-0.455068	-0.001708
39138	9.805267	1.482017	-0.062080	-0.104660	0.002370	-0.092341	0.073208	-0.146998	0.986424	-0.448244	0.878699	0.164211	-0.890908	-0.454180	-0.001563
39139	9.548997	1.215598	-0.185288	0.089849	-0.005457	-0.046541	0.073294	-0.147413	0.986356	-0.448960	0.878257	0.164619	-0.890541	-0.454900	-0.001812
39140	9.338282	1.610676	-0.287136	0.233029	-0.036975	-0.009826	0.072950	-0.147650	0.986346	-0.451066	0.877168	0.164667	-0.889504	-0.456919	-0.002611
39141	9.057396	2.297634	-0.148203	0.268184	-0.087716	0.003266	0.072087	-0.148003	0.986356	-0.453464	0.875948	0.164577	-0.888354	-0.459141	-0.003969
39142	8.829968	2.905680	-0.106199	0.195049	-0.131479	-0.004928	0.070883	-0.148632	0.986349	-0.455231	0.875032	0.164573	-0.887547	-0.460682	-0.005637
39143	8.803441	3.202317	-0.111711	0.073517	-0.220161	-0.000985	0.068857	-0.149638	0.986340	-0.455826	0.874730	0.164527	-0.887401	-0.460929	-0.007978
39144	9.389677	2.907822	-0.085140	-0.052394	-0.258617	0.007960	0.066465	-0.150741	0.986336	-0.455405	0.874972	0.164409	-0.887800	-0.460110	-0.010493
39145	9.764504	1.959729	-0.125621	-0.146166	-0.287990	0.015616	0.063766	-0.151908	0.986336	-0.454110	0.875680	0.164224	-0.888661	-0.458377	-0.013144
39146	10.006391	1.009933	0.069917	-0.211173	-0.272442	0.012004	0.061230	-0.153031	0.986323	-0.452278	0.876652	0.164092	-0.889773	-0.456139	-0.015535
39147	9.748941	0.330523	0.239232	-0.140661	-0.231465	0.014088	0.059046	-0.153941	0.986314	-0.451092	0.877293	0.163930	-0.890522	-0.454598	-0.017641
39148	9.358772	0.201873	0.482593	0.015908	-0.241569	0.024038	0.056727	-0.154810	0.986314	-0.451286	0.877246	0.163646	-0.890574	-0.454393	-0.020100
39149	9.458763	0.399939	0.791485	0.160138	-0.257214	0.030737	0.054238	-0.155689	0.986316	-0.452791	0.876542	0.163261	-0.889966	-0.455450	-0.022952
39150	9.709822	0.518535	0.926872	0.265006	-0.240985	0.033199	0.051885	-0.156480	0.986317	-0.455203	0.875373	0.162824	-0.888875	-0.457423	-0.025812
39151	9.710393	0.575321	0.885149	0.377366	-0.212126	0.031379	0.049803	-0.157158	0.986317	-0.458654	0.873656	0.162366	-0.887218	-0.460464	-0.028570
39152	9.571879	0.856363	1.126865	0.474628	-0.208357	0.021533	0.047798	-0.157915	0.986295	-0.462908	0.871483	0.161966	-0.885117	-0.464305	-0.031445
39153	9.435024	1.502428	1.156203	0.510465	-0.221781	0.027169	0.045653	-0.158692	0.986272	-0.467482	0.869128	0.161482	-0.882823	-0.468437	-0.034508
39154	9.354504	2.151059	0.928791	0.490667	-0.252066	0.044367	0.043162	-0.159475	0.986258	-0.471865	0.866879	0.160822	-0.880613	-0.472322	-0.037835
39155	9.344584	2.770742	0.610157	0.457233	-0.287366	0.046816	0.040361	-0.160412	0.986225	-0.475989	0.864749	0.160133	-0.878524	-0.475896	-0.041452
39156	9.716852	3.140313	0.449190	0.404247	-0.335032	0.042606	0.037157	-0.161627	0.986152	-0.479590	0.862876	0.159493	-0.876705	-0.478875	-0.045453
39157	10.066989	2.835605	0.350261	0.350401	-0.328158	0.023467	0.034110	-0.162980	0.986040	-0.482724	0.861210	0.159046	-0.875108	-0.481410	-0.049298
39158	9.659601	1.981535	0.320149	0.320039	-0.301474	-0.023310	0.031527	-0.164619	0.985853	-0.485551	0.859615	0.159067	-0.873640	-0.483697	-0.052830
39159	9.339285	1.318209	0.430695	0.380123	-0.351404	-0.038343	0.028587	-0.166633	0.985605	-0.488896	0.857695	0.159188	-0.871874	-0.486408	-0.056947
39160	9.258283	0.721338	0.612788	0.531152	-0.375587	-0.020300	0.025357	-0.168625	0.985354	-0.493550	0.855055	0.159027	-0.869347	-0.490354	-0.061543
39161	9.582507	0.503187	0.862676	0.714956	-0.386865	0.027607	0.021802	-0.170277	0.985155	-0.499815	0.851553	0.158246	-0.865858	-0.495845	-0.066541
39162	10.104182	1.017244	1.173667	0.784857	-0.343794	0.088355	0.018327	-0.171226	0.985061	-0.506649	0.847776	0.156789	-0.861958	-0.501953	-0.071214
39163	10.301794	1.900978	1.954331	0.679727	-0.236613	0.125895	0.015596	-0.171337	0.985089	-0.512603	0.844519	0.155004	-0.858484	-0.507377	-0.074657
39164	9.984020	2.726903	2.319747	0.548897	-0.138025	0.119676	0.013736	-0.171017	0.985172	-0.517360	0.841914	0.153362	-0.855658	-0.511795	-0.076913
39165	9.567205	2.958500	2.159810	0.456054	-0.081542	0.091937	0.012511	-0.170647	0.985253	-0.521367	0.839676	0.152053	-0.853241	-0.515580	-0.078464
39166	9.573472	2.100022	1.574210	0.428243	-0.039605	0.065399	0.011771	-0.170289	0.985324	-0.525058	0.837559	0.151024	-0.850985	-0.519130	-0.079553
39167	9.262777	0.920407	1.147936	0.526179	-0.012780	0.073108	0.011226	-0.169727	0.985427	-0.529593	0.834914	0.149836	-0.848178	-0.523557	-0.080513
39168	9.021828	0.966801	1.148603	0.682759	0.006241	0.105987	0.010654	-0.168798	0.985593	-0.535417	0.831485	0.148192	-0.844521	-0.529282	-0.081519
39169	8.984389	2.017207	1.258394	0.776102	0.004951	0.158843	0.009790	-0.167437	0.985834	-0.542047	0.827579	0.145941	-0.840291	-0.535797	-0.082657
39170	9.510185	3.073858	1.454583	0.734308	0.018129	0.200721	0.008786	-0.165669	0.986142	-0.548255	0.823942	0.143305	-0.836265	-0.541916	-0.083590
39171	10.352170	3.705982	1.426629	0.657499	0.071777	0.221393	0.008111	-0.163441	0.986520	-0.553826	0.820689	0.140521	-0.832593	-0.547500	-0.083861
39172	10.300062	3.963195	0.829221	0.593712	0.141975	0.239847	0.007896	-0.160684	0.986974	-0.558812	0.817797	0.137611	-0.829257	-0.552619	-0.083335
39173	10.530285	3.958376	0.002131	0.525322	0.198846	0.261352	0.008028	-0.157430	0.987497	-0.563231	0.815271	0.134552	-0.826260	-0.557269	-0.082125
39174	10.899211	3.678172	-0.989347	0.454300	0.264972	0.278742	0.008577	-0.153668	0.988085	-0.567035	0.813148	0.131383	-0.823649	-0.561406	-0.080161
39175	10.793468	2.851780	-1.630485	0.382273	0.319167	0.303651	0.009430	-0.149392	0.988733	-0.570274	0.811414	0.128039	-0.821400	-0.565056	-0.077542
39176	10.949157	2.013772	-1.408783	0.268133	0.332174	0.340765	0.010147	-0.144737	0.989418	-0.572541	0.810381	0.124418	-0.819813	-0.567745	-0.074644
39177	11.952627	2.058387	-0.342562	0.127231	0.340312	0.365211	0.010795	-0.139829	0.990117	-0.573657	0.810159	0.120669	-0.819025	-0.569290	-0.071468
39178	12.397654	2.566174	0.963213	-0.033389	0.418116	0.350556	0.012147	-0.134596	0.990826	-0.573457	0.810813	0.117173	-0.819146	-0.569619	-0.067336
39179	11.839142	2.585843	2.050408	-0.274349	0.541215	0.330742	0.014642	-0.128817	0.991560	-0.571274	0.812800	0.114030	-0.820629	-0.568122	-0.061689
39180	11.026033	2.079178	3.398672	-0.551718	0.651767	0.316314	0.018139	-0.122539	0.992298	-0.566824	0.816304	0.111167	-0.823639	-0.564474	-0.054651
39181	10.456206	1.093935	4.650926	-0.739206	0.744816	0.288051	0.022619	-0.115981	0.992994	-0.560813	0.820784	0.108641	-0.827633	-0.559341	-0.046478
39182	10.578486	0.098996	5.415226	-0.833216	0.903838	0.302661	0.028371	-0.108448	0.993697	-0.554010	0.825742	0.105936	-0.832026	-0.553524	-0.036654
39183	10.957536	-0.410877	5.643005	-0.857392	1.137368	0.364024	0.035812	-0.099151	0.994428	-0.546998	0.830831	0.102538	-0.836368	-0.547622	-0.024481
39184	11.601087	-0.736084	5.677589	-0.806197	1.441547	0.430890	0.045493	-0.087692	0.995108	-0.540450	0.835609	0.098344	-0.840145	-0.542280	-0.009379
39185	11.519366	-1.081121	5.237228	-0.741376	1.784820	0.475234	0.057925	-0.074050	0.995571	-0.534486	0.839981	0.093575	-0.843190	-0.537539	0.009077
39186	11.130167	-1.271013	4.902341	-0.697631	2.006402	0.497558	0.072160	-0.059107	0.995640	-0.528955	0.844029	0.088443	-0.845576	-0.533031	0.029640
39187	11.186178	-1.160657	4.472753	-0.695844	2.274725	0.473175	0.088896	-0.043003	0.995112	-0.523470	0.847952	0.083407	-0.847394	-0.528326	0.052869
39188	10.397310	-0.814140	4.177617	-0.687318	2.455506	0.393449	0.107609	-0.026732	0.993834	-0.518067	0.851684	0.079003	-0.848544	-0.523374	0.077800
39189	9.860973	-0.343487	3.665512	-0.647675	2.557661	0.311968	0.127683	-0.010715	0.991757	-0.512965	0.855102	0.075280	-0.848860	-0.518349	0.103686
39190	10.783350	0.231922	2.769702	-0.551401	2.593653	0.247592	0.148366	0.004805	0.988921	-0.508668	0.857935	0.072146	-0.848083	-0.513737	0.129733
39191	10.699834	0.956482	1.583263	-0.412003	2.643182	0.220069	0.169607	0.020257	0.985304	-0.505564	0.859998	0.069345	-0.845954	-0.509895	0.156103
39192	10.478357	1.725893	0.911449	-0.319345	2.381869	0.248933	0.188410	0.034521	0.981484	-0.503354	0.861531	0.066324	-0.843289	-0.506530	0.179697
39193	10.747308	2.248924	0.354349	-0.289846	2.089400	0.309896	0.204411	0.047773	0.977719	-0.501561	0.862847	0.062701	-0.840627	-0.503202	0.200336
39194	11.659098	2.644094	-0.354672	-0.306104	1.909479	0.381825	0.218468	0.060660	0.973957	-0.499841	0.864153	0.058298	-0.838111	-0.499560	0.219110
39195	12.147924	2.724277	-0.980160	-0.387186	1.712697	0.454119	0.230506	0.073135	0.970319	-0.497659	0.865754	0.052968	-0.836183	-0.495097	0.235958
39196	12.754758	2.107452	-1.721253	-0.563216	1.601544	0.503870	0.241332	0.085400	0.966678	-0.494185	0.868103	0.046682	-0.835189	-0.488983	0.251705
39197	13.179668	1.326699	-2.160357	-0.807613	1.606897	0.521395	0.252154	0.097753	0.962737	-0.488767	0.871518	0.039524	-0.835180	-0.480520	0.267535
39198	11.795107	-0.246698	-2.233431	-0.958230	1.595081	0.498949	0.263000	0.109714	0.958537	-0.482091	0.875534	0.032061	-0.835715	-0.470535	0.283157
39199	10.352105	-1.484897	-2.752337	-0.897929	1.575729	0.508006	0.273696	0.121536	0.954107	-0.475993	0.879106	0.024561	-0.835776	-0.460870	0.298458
39200	9.223264	-2.294608	-2.622711	-0.703071	1.527128	0.511985	0.283969	0.133039	0.949559	-0.471593	0.881642	0.017508	-0.834842	-0.452777	0.313099
39201	8.515756	-2.384157	-2.147109	-0.462865	1.504095	0.511103	0.294062	0.144340	0.944825	-0.469256	0.882992	0.011154	-0.832663	-0.446644	0.327386
39202	9.197721	-2.284921	-1.637281	-0.157277	1.437063	0.522952	0.303490	0.155370	0.940082	-0.469558	0.882884	0.005672	-0.829102	-0.443144	0.340901
39203	9.111438	-1.568368	-1.391424	0.076824	1.391979	0.490024	0.312646	0.165879	0.935274	-0.471748	0.881732	0.001314	-0.824443	-0.441624	0.353923
39204	9.097453	-0.790155	-1.147801	0.190977	1.270031	0.409237	0.321091	0.175110	0.930719	-0.474662	0.880166	-0.001844	-0.819510	-0.441184	0.365732
39205	8.472287	0.044088	-1.103234	0.203815	1.183242	0.301305	0.329276	0.183005	0.926330	-0.477354	0.878703	-0.003915	-0.814685	-0.440898	0.376694
39206	7.377468	0.591514	-1.001126	0.112449	1.078480	0.223045	0.336916	0.189733	0.922220	-0.479057	0.877766	-0.005572	-0.810550	-0.439919	0.386627
39207	6.411532	0.705649	-0.826760	-0.026015	0.934710	0.188557	0.343523	0.195516	0.918567	-0.479536	0.877491	-0.007438	-0.807488	-0.437931	0.395195
39208	6.178325	0.344791	-0.349053	-0.172296	0.759871	0.199093	0.348641	0.200599	0.915538	-0.478882	0.877822	-0.009975	-0.805680	-0.434957	0.402108
39209	6.568743	-0.312475	0.318739	-0.298458	0.596838	0.213704	0.352373	0.205085	0.913112	-0.477276	0.878655	-0.013164	-0.805010	-0.431167	0.407497
39210	7.121983	-1.027967	1.056558	-0.372753	0.483669	0.242343	0.355056	0.209311	0.911112	-0.475180	0.879726	-0.016925	-0.805071	-0.426932	0.411812
39211	7.585145	-1.563496	1.869273	-0.406507	0.416092	0.279703	0.357027	0.213565	0.909352	-0.472950	0.880835	-0.021179	-0.805512	-0.422517	0.415487
39212	7.769718	-1.729952	2.793648	-0.410452	0.371493	0.309199	0.358505	0.217872	0.907748	-0.470797	0.881867	-0.025724	-0.806117	-0.418143	0.418727
39213	7.651246	-1.648406	3.621689	-0.352672	0.308362	0.321337	0.359426	0.222016	0.906378	-0.469155	0.882601	-0.030147	-0.806664	-0.414396	0.421390
39214	7.445173	-1.515766	3.899487	-0.250043	0.188519	0.329857	0.359345	0.225727	0.905494	-0.468371	0.882869	-0.034214	-0.807156	-0.411812	0.422978
39215	7.233513	-1.445868	3.945585	-0.122019	0.021888	0.331880	0.357911	0.228773	0.905297	-0.468625	0.882590	-0.037763	-0.807645	-0.410728	0.423098
39216	7.078587	-1.494728	3.915099	0.009365	-0.141129	0.319807	0.355214	0.231035	0.905785	-0.469889	0.881790	-0.040643	-0.808101	-0.411181	0.421785
39217	7.104983	-1.608947	3.845371	0.099223	-0.269297	0.310041	0.351522	0.232686	0.906802	-0.471835	0.880635	-0.043064	-0.808582	-0.412723	0.419351
39218	7.472905	-1.585897	4.022275	0.155094	-0.362541	0.279259	0.347212	0.233663	0.908210	-0.474113	0.879315	-0.044974	-0.809111	-0.414978	0.416091
39219	8.108311	-1.226724	4.277977	0.199292	-0.416499	0.239094	0.342648	0.234058	0.909840	-0.476599	0.877898	-0.046352	-0.809596	-0.417746	0.412362
39220	8.509424	-1.165408	4.565251	0.214520	-0.440953	0.202175	0.338054	0.234003	0.911571	-0.479072	0.876499	-0.047337	-0.810068	-0.420706	0.408408
39221	8.495947	-1.124685	4.865403	0.255317	-0.490674	0.180142	0.333157	0.233536	0.913492	-0.481793	0.874971	-0.047975	-0.810483	-0.424131	0.404018
39222	8.635416	-0.789148	5.264451	0.331934	-0.489530	0.151983	0.328397	0.232797	0.915402	-0.485033	0.873174	-0.048055	-0.810493	-0.428219	0.399663
39223	8.249325	-0.299621	5.701634	0.377772	-0.455150	0.096354	0.324184	0.231707	0.917178	-0.488456	0.871296	-0.047467	-0.810133	-0.432614	0.395639
39224	8.038497	-0.076553	5.571890	0.243614	-0.533550	0.115545	0.319237	0.230415	0.919237	-0.490849	0.869944	-0.047595	-0.810651	-0.436012	0.390817
39225	8.657056	-0.444172	5.540833	-0.026093	-0.651430	0.133279	0.313240	0.228758	0.921711	-0.491106	0.869723	-0.048955	-0.812832	-0.437323	0.384776
39226	9.314305	-0.912614	5.617388	-0.159163	-0.660726	0.115791	0.307234	0.226894	0.924190	-0.490215	0.870128	-0.050656	-0.815657	-0.437488	0.378560
39227	9.397968	-0.928626	5.455351	-0.157109	-0.573166	0.061738	0.302195	0.224953	0.926323	-0.489167	0.870648	-0.051851	-0.818165	-0.437457	0.373145
39228	9.178777	-0.568872	5.238649	-0.075646	-0.477583	-0.008201	0.298266	0.222810	0.928113	-0.488569	0.870970	-0.052082	-0.819962	-0.437912	0.368639
39229	8.976437	-0.297294	4.793135	-0.017316	-0.434096	-0.110228	0.295188	0.219977	0.929771	-0.488146	0.871261	-0.051155	-0.821327	-0.438764	0.364567
39230	8.627269	-0.578388	4.121758	0.039377	-0.456347	-0.174889	0.292233	0.216466	0.931527	-0.488002	0.871443	-0.049411	-0.822468	-0.440147	0.360300
39231	8.135806	-0.955264	3.183836	0.173014	-0.536625	-0.197916	0.288731	0.212402	0.933552	-0.488897	0.871076	-0.046980	-0.823173	-0.442846	0.355349
39232	7.972736	-0.941690	2.190627	0.358147	-0.655658	-0.212600	0.284317	0.207652	0.935972	-0.491282	0.869901	-0.043758	-0.823290	-0.447385	0.349343
39233	8.225740	-0.643807	1.253199	0.546455	-0.771973	-0.223354	0.279012	0.202262	0.938745	-0.495196	0.867869	-0.039810	-0.822759	-0.453756	0.342305
39234	8.563632	-0.127410	0.703591	0.632112	-0.847721	-0.271738	0.273334	0.196047	0.941729	-0.499689	0.865492	-0.035143	-0.821949	-0.460966	0.334531
39235	9.211090	0.318933	0.246071	0.559678	-0.886860	-0.370485	0.267849	0.188755	0.944790	-0.503331	0.863578	-0.029835	-0.821532	-0.467551	0.326315
39236	9.703194	0.703536	-0.138842	0.390468	-0.941793	-0.494352	0.262544	0.180078	0.947968	-0.505274	0.862627	-0.023929	-0.822052	-0.472701	0.317466
39237	9.895034	0.954831	0.032989	0.149738	-1.033806	-0.591626	0.256967	0.170096	0.951333	-0.505014	0.862926	-0.017878	-0.823971	-0.475843	0.307645
39238	10.253663	0.685121	0.678474	-0.109497	-1.136358	-0.621723	0.250658	0.159330	0.954874	-0.502576	0.864445	-0.012313	-0.827398	-0.476811	0.296755
39239	10.942677	0.015584	1.777085	-0.365690	-1.173370	-0.533638	0.243534	0.149148	0.958356	-0.498268	0.866983	-0.008310	-0.832118	-0.475495	0.285455
39240	11.474161	-0.734520	2.956910	-0.603806	-1.122075	-0.377531	0.235976	0.140570	0.961538	-0.492365	0.870365	-0.006407	-0.837790	-0.471916	0.274597
39241	11.773767	-1.281924	4.200928	-0.779057	-1.005075	-0.274121	0.228806	0.133488	0.964276	-0.485222	0.874371	-0.005907	-0.843924	-0.466537	0.264833
39242	12.083839	-1.974587	5.508039	-0.846598	-0.870177	-0.282052	0.222735	0.127001	0.966571	-0.477459	0.878637	-0.005422	-0.849954	-0.460290	0.256341
39243	12.715501	-2.566980	6.066709	-0.779559	-0.753383	-0.374914	0.218029	0.120281	0.968502	-0.470031	0.882642	-0.003805	-0.855298	-0.454396	0.248978
39244	12.497532	-2.839630	5.311897	-0.568291	-0.646269	-0.503554	0.214782	0.112924	0.970112	-0.464113	0.885776	-0.000353	-0.859342	-0.450165	0.242659
39245	11.434129	-2.949240	3.741686	-0.171969	-0.586507	-0.593184	0.212424	0.105059	0.971514	-0.461411	0.887173	0.004950	-0.861380	-0.449319	0.236932
39246	9.583570	-3.151190	1.589755	0.373578	-0.602773	-0.576397	0.209840	0.097247	0.972888	-0.463455	0.886047	0.011395	-0.860916	-0.453281	0.230997
39247	8.326039	-3.136837	-0.553151	0.968095	-0.670644	-0.475585	0.206240	0.090003	0.974353	-0.470830	0.882037	0.018184	-0.857779	-0.462505	0.224287
39248	8.251856	-2.661394	-1.718795	1.467876	-0.726585	-0.356808	0.201669	0.083476	0.975890	-0.482696	0.875435	0.024867	-0.852252	-0.476073	0.216842
39249	8.986290	-1.335773	-1.737855	1.757214	-0.706194	-0.293305	0.197051	0.077533	0.977323	-0.497069	0.867142	0.031429	-0.845040	-0.491990	0.209411
39250	9.681806	0.694287	-1.344075	1.717444	-0.645297	-0.314042	0.193145	0.071614	0.978553	-0.510949	0.858771	0.038002	-0.837631	-0.507330	0.202459
39251	9.493334	2.696210	-0.821556	1.440966	-0.681569	-0.379133	0.189351	0.064898	0.979762	-0.522294	0.851602	0.044531	-0.831478	-0.520155	0.195148
39252	9.605018	4.507825	-0.227533	1.042979	-0.836139	-0.390988	0.184413	0.057204	0.981183	-0.530256	0.846343	0.050319	-0.827539	-0.529557	0.186410
39253	10.116209	5.275523	0.503035	0.625400	-0.950946	-0.364537	0.178428	0.049086	0.982728	-0.534808	0.843182	0.054986	-0.825920	-0.535382	0.176698
39254	9.726811	4.560676	1.276991	0.271868	-0.972618	-0.302900	0.171956	0.041326	0.984237	-0.536564	0.841837	0.058396	-0.826154	-0.538148	0.166933
39255	9.535337	3.020908	2.066523	-0.014066	-0.987641	-0.256276	0.165098	0.033873	0.985695	-0.536058	0.841985	0.060852	-0.827879	-0.538437	0.157168
39256	8.620330	1.200572	2.533546	-0.245935	-0.925759	-0.238087	0.158634	0.026903	0.986971	-0.533673	0.843357	0.062788	-0.830679	-0.536680	0.148143
39257	8.164244	-0.120381	2.737235	-0.359785	-0.922727	-0.252872	0.152236	0.019849	0.988145	-0.530327	0.845319	0.064723	-0.834013	-0.533893	0.139215
39258	8.578762	-0.778913	2.808572	-0.344028	-0.914245	-0.317580	0.146215	0.012307	0.989176	-0.527019	0.847180	0.067361	-0.837181	-0.531163	0.130357
39259	8.618508	-1.106848	2.745656	-0.208711	-0.874387	-0.370133	0.140769	0.004554	0.990032	-0.524779	0.848296	0.070715	-0.839518	-0.529502	0.121803
39260	9.667563	-0.702646	2.534122	-0.060205	-0.799260	-0.390210	0.136039	-0.002974	0.990699	-0.523773	0.848597	0.074469	-0.840925	-0.529032	0.113885
39261	10.064970	0.087124	2.211723	0.022297	-0.715439	-0.365971	0.131874	-0.009841	0.991218	-0.523511	0.848434	0.078073	-0.841751	-0.529209	0.106734
39262	10.901031	0.965715	2.048804	0.062610	-0.619792	-0.328859	0.128317	-0.015898	0.991606	-0.523650	0.848040	0.081358	-0.842215	-0.529694	0.100493
39263	10.865772	1.594354	1.955068	0.064052	-0.534783	-0.298687	0.125314	-0.021241	0.991890	-0.523851	0.847625	0.084334	-0.842542	-0.530171	0.095093
39264	10.585281	1.876083	1.557872	0.092790	-0.455710	-0.276510	0.122863	-0.025988	0.992083	-0.524329	0.847047	0.087123	-0.842605	-0.530882	0.090445
39265	10.076117	1.937149	0.831061	0.168399	-0.423514	-0.266617	0.120634	-0.030473	0.992229	-0.525463	0.846057	0.089869	-0.842221	-0.532221	0.086051
39266	9.724994	2.158082	0.378475	0.227585	-0.415220	-0.245122	0.118368	-0.034745	0.992362	-0.527125	0.844744	0.092452	-0.841503	-0.534042	0.081676
39267	9.653152	2.820486	0.333096	0.241245	-0.411180	-0.217895	0.115999	-0.038762	0.992493	-0.528939	0.843353	0.094758	-0.840695	-0.535960	0.077326
39268	9.459253	3.600065	-0.003160	0.211027	-0.402583	-0.181214	0.113516	-0.042437	0.992630	-0.530543	0.842127	0.096674	-0.840023	-0.537607	0.073080
39269	9.625489	3.988880	-0.212623	0.130472	-0.409296	-0.152287	0.110826	-0.045900	0.992779	-0.531507	0.841339	0.098232	-0.839772	-0.538556	0.068846
39270	9.691867	3.593636	-0.270296	0.064701	-0.404358	-0.138574	0.108106	-0.049231	0.992920	-0.531937	0.840905	0.099610	-0.839855	-0.538939	0.064719
39271	9.372534	2.411303	-0.664521	0.059950	-0.393427	-0.131980	0.105444	-0.052443	0.993041	-0.532338	0.840495	0.100913	-0.839939	-0.539275	0.060708
39272	9.136653	1.162457	-1.175071	0.150335	-0.433872	-0.117716	0.102368	-0.055761	0.993183	-0.533517	0.839601	0.102128	-0.839572	-0.540334	0.056198
39273	9.001080	0.438535	-1.101226	0.277350	-0.475318	-0.077945	0.098735	-0.058971	0.993365	-0.535804	0.838036	0.103006	-0.838550	-0.542419	0.051147
39274	9.051211	0.582310	-0.579324	0.377858	-0.523201	-0.037452	0.094493	-0.062117	0.993586	-0.538971	0.835939	0.103519	-0.837007	-0.545296	0.045511
39275	9.304261	1.434103	-0.047961	0.408412	-0.567431	-0.006341	0.089721	-0.065257	0.993827	-0.542418	0.833683	0.103710	-0.835304	-0.548375	0.039402
39276	9.552995	2.220550	0.436462	0.333822	-0.587225	-0.003076	0.084775	-0.068497	0.994043	-0.545239	0.831827	0.103819	-0.833983	-0.550792	0.033171
39277	9.703982	2.353140	0.881977	0.198352	-0.578778	-0.032300	0.080065	-0.071942	0.994190	-0.546904	0.830691	0.104154	-0.833358	-0.552065	0.027164
39278	9.730219	1.881224	1.105677	0.066705	-0.545744	-0.069184	0.075834	-0.075518	0.994257	-0.547442	0.830253	0.104816	-0.833400	-0.552247	0.021620
39279	9.809478	1.255150	1.022790	-0.001748	-0.509749	-0.091912	0.072027	-0.079080	0.994263	-0.547397	0.830173	0.105684	-0.833768	-0.551868	0.016507
39280	9.535637	0.862161	0.941371	0.032046	-0.506314	-0.084929	0.068209	-0.082567	0.994249	-0.547641	0.829909	0.106490	-0.833929	-0.551755	0.011391
39281	9.380197	0.791075	0.943959	0.127696	-0.544872	-0.066359	0.063970	-0.086110	0.994230	-0.548698	0.829130	0.107115	-0.833570	-0.552384	0.005791
39282	9.255573	0.731904	1.029631	0.207334	-0.578109	-0.034464	0.059282	-0.089581	0.994214	-0.550440	0.827935	0.107419	-0.832767	-0.553623	-0.000227
39283	9.643548	0.793011	1.290865	0.247904	-0.585000	0.002239	0.054341	-0.092790	0.994202	-0.552541	0.826545	0.107343	-0.831713	-0.555170	-0.006355
39284	9.856353	0.914272	1.574715	0.270571	-0.561257	0.023767	0.049483	-0.095703	0.994179	-0.554837	0.825045	0.107037	-0.830486	-0.556904	-0.012274
39285	9.638929	1.229950	1.990184	0.321469	-0.593381	0.011789	0.044435	-0.098900	0.994105	-0.557545	0.823245	0.106823	-0.828957	-0.559005	-0.018561
39286	9.543010	1.859511	1.627877	0.397148	-0.610388	-0.006570	0.039356	-0.102363	0.993968	-0.560866	0.820995	0.106757	-0.826971	-0.561684	-0.025101
39287	9.524422	2.129246	1.314843	0.436101	-0.585517	-0.035189	0.034661	-0.105933	0.993769	-0.564488	0.818485	0.106937	-0.824713	-0.564678	-0.031429
39288	9.030722	2.288252	1.843246	0.447230	-0.624918	-0.042247	0.029692	-0.109806	0.993509	-0.568192	0.815889	0.107156	-0.822360	-0.567686	-0.038165
39289	9.160511	2.721798	2.176272	0.453674	-0.651079	-0.022246	0.024416	-0.113677	0.993218	-0.571945	0.813265	0.107141	-0.819929	-0.570682	-0.045161
39290	8.741565	2.458968	2.448024	0.391697	-0.661131	-0.003822	0.018962	-0.117479	0.992894	-0.575185	0.811003	0.106943	-0.817803	-0.573126	-0.052194
39291	9.310063	1.722403	2.331666	0.407530	-0.706409	0.034494	0.012939	-0.121242	0.992539	-0.578551	0.808686	0.106326	-0.815544	-0.575610	-0.059681
39292	9.307073	0.894916	2.134522	0.476212	-0.647317	0.092633	0.007069	-0.124220	0.992229	-0.582471	0.806034	0.105060	-0.812821	-0.578687	-0.066656
39293	10.401214	0.143447	2.070361	0.534233	-0.629103	0.144555	0.001067	-0.126693	0.991941	-0.586842	0.803098	0.103205	-0.809701	-0.582223	-0.073492
39294	9.797069	0.017518	1.545013	0.613815	-0.504418	0.157933	-0.004000	-0.128366	0.991719	-0.591830	0.799694	0.101123	-0.806053	-0.586525	-0.079170
39295	9.296267	1.087594	1.350118	0.660070	-0.455923	0.164950	-0.008700	-0.129718	0.991513	-0.597158	0.796003	0.098901	-0.802077	-0.591229	-0.084387
39296	9.390194	2.090806	1.135974	0.598967	-0.457687	0.157562	-0.013369	-0.131174	0.991269	-0.601965	0.792637	0.096770	-0.798411	-0.595416	-0.089559
39297	9.357571	2.404749	0.723943	0.521476	-0.472339	0.142829	-0.018046	-0.132848	0.990972	-0.606127	0.789695	0.094827	-0.795163	-0.598944	-0.094774
39298	9.518089	2.532370	0.239055	0.461946	-0.484794	0.132378	-0.022761	-0.134707	0.990624	-0.609797	0.787080	0.093018	-0.792231	-0.601963	-0.100059
39299	9.804919	2.402924	0.542124	0.402364	-0.482951	0.152652	-0.027564	-0.136406	0.990270	-0.612970	0.784843	0.091047	-0.789626	-0.604495	-0.105246
39300	10.117730	2.117801	1.497025	0.341422	-0.429544	0.199730	-0.032240	-0.137433	0.989986	-0.615632	0.783031	0.088654	-0.787374	-0.606609	-0.109853
39301	10.496705	1.738357	2.364472	0.329613	-0.351022	0.234668	-0.036497	-0.137716	0.989799	-0.618171	0.781334	0.085917	-0.785196	-0.608729	-0.113648
39302	11.093858	1.248094	3.096774	0.355187	-0.247037	0.258782	-0.040099	-0.137196	0.989732	-0.620886	0.779505	0.082899	-0.782875	-0.611187	-0.116440
39303	11.750252	1.017404	3.337509	0.451492	-0.081576	0.291896	-0.042600	-0.135408	0.989874	-0.624320	0.777119	0.079436	-0.780006	-0.614614	-0.117643
39304	13.367126	1.445425	3.204995	0.598168	0.122417	0.342110	-0.043853	-0.131992	0.990280	-0.628856	0.773867	0.075299	-0.776284	-0.619442	-0.116941
39305	16.120630	2.232633	3.071362	0.723856	0.432858	0.407696	-0.043121	-0.126134	0.991076	-0.634308	0.769870	0.070382	-0.771877	-0.625612	-0.113205
39306	15.741976	2.790875	3.322411	0.704052	0.804007	0.468550	-0.039979	-0.117474	0.992271	-0.639562	0.765993	0.064917	-0.767699	-0.632024	-0.105755
39307	14.373826	3.054023	4.575996	0.447311	1.030459	0.515502	-0.035427	-0.106976	0.993630	-0.642822	0.763717	0.059304	-0.765196	-0.636626	-0.095823
39308	13.766364	3.320263	5.930252	-0.025886	1.340257	0.514236	-0.028534	-0.094502	0.995116	-0.642489	0.764378	0.054166	-0.765764	-0.637805	-0.082527
39309	12.644875	3.483705	6.408088	-0.473816	1.626965	0.491590	-0.019234	-0.080357	0.996581	-0.638761	0.767806	0.049582	-0.769165	-0.635623	-0.066096
39310	11.286369	2.935813	6.021309	-0.802486	1.901777	0.469401	-0.007601	-0.064691	0.997876	-0.632534	0.773206	0.045308	-0.774495	-0.630846	-0.046796
39311	10.436471	2.083432	5.402727	-1.060489	2.145541	0.448038	0.006241	-0.047729	0.998841	-0.624308	0.780092	0.041177	-0.781153	-0.623842	-0.024928
39312	9.221636	1.197759	5.028695	-1.299278	2.342667	0.416265	0.021992	-0.029950	0.999309	-0.614199	0.788276	0.037142	-0.788844	-0.614592	-0.001059
39313	8.631845	0.928646	4.967799	-1.511724	2.400522	0.359070	0.038819	-0.012461	0.999169	-0.602347	0.797537	0.033348	-0.797290	-0.603141	0.023454
39314	9.578428	0.580857	3.639530	-1.557821	2.411096	0.332422	0.056098	0.004609	0.998415	-0.590055	0.806827	0.029429	-0.805412	-0.590770	0.047981
39315	10.826538	-0.864597	0.807228	-1.553556	2.505328	0.338952	0.074366	0.022027	0.996988	-0.577735	0.815839	0.025069	-0.812829	-0.577859	0.073397
39316	10.878859	-2.451215	-1.347079	-1.522069	2.466371	0.355703	0.092402	0.039046	0.994956	-0.565645	0.824402	0.020179	-0.819456	-0.564656	0.098262
39317	11.890739	-3.548220	-2.622775	-1.170800	2.407138	0.327442	0.110314	0.055249	0.992360	-0.556391	0.830774	0.015598	-0.823565	-0.553861	0.122386
39318	11.808698	-3.540708	-2.301988	-0.662036	2.298936	0.292823	0.127576	0.070353	0.989330	-0.551322	0.834209	0.011772	-0.824480	-0.546942	0.145212
39319	12.075135	-2.514017	-2.638508	-0.121001	2.096605	0.299611	0.143159	0.084325	0.986101	-0.550767	0.834615	0.008588	-0.822290	-0.544341	0.165926
39320	12.029880	-1.528236	-3.872207	0.319911	1.896979	0.326689	0.156849	0.097396	0.982808	-0.553920	0.832549	0.005896	-0.817662	-0.545322	0.184535
39321	12.663456	-0.908599	-3.745660	0.534508	1.722484	0.372247	0.168779	0.109936	0.979504	-0.558918	0.829216	0.003239	-0.811865	-0.548009	0.201400
39322	11.550261	-0.405611	-3.816886	0.507251	1.655431	0.450525	0.179582	0.122768	0.976052	-0.563847	0.825879	-0.000138	-0.806119	-0.550319	0.217535
39323	10.769499	0.098720	-3.744670	0.306639	1.526593	0.572285	0.188579	0.135921	0.972607	-0.567404	0.823424	-0.005059	-0.801556	-0.550906	0.232403
39324	9.403278	0.481137	-3.171695	0.080215	1.465453	0.651149	0.196540	0.149353	0.969054	-0.569339	0.822026	-0.011222	-0.798263	-0.549515	0.246594
39325	8.825954	0.501707	-2.279449	-0.017619	1.392232	0.695578	0.203630	0.162728	0.965430	-0.570630	0.821009	-0.018027	-0.795560	-0.547232	0.260039
39326	8.911584	0.686923	-1.439126	-0.022606	1.400545	0.721479	0.210570	0.176306	0.961549	-0.571986	0.819880	-0.025070	-0.792775	-0.544713	0.273487
39327	8.663684	0.888857	-0.956964	-0.024739	1.437707	0.701967	0.217885	0.189892	0.957323	-0.573334	0.818701	-0.031906	-0.789819	-0.541914	0.287254
39328	8.619451	1.647851	-0.848134	-0.147538	1.482182	0.576865	0.226205	0.202628	0.952771	-0.573492	0.818335	-0.037879	-0.787361	-0.537839	0.301317
39329	8.610111	2.376552	-0.805108	-0.356634	1.398652	0.360119	0.235104	0.213081	0.948326	-0.571558	0.819464	-0.042429	-0.786160	-0.532048	0.314447
39330	9.136009	2.515193	-0.828701	-0.618447	1.311119	0.088982	0.244848	0.220748	0.944097	-0.566950	0.822507	-0.045282	-0.786522	-0.524169	0.326542
39331	7.897147	2.172702	-0.809756	-0.818905	1.269299	-0.122077	0.255484	0.226353	0.939943	-0.560239	0.827003	-0.046878	-0.787947	-0.514616	0.338098
39332	8.845164	1.403474	-0.441246	-0.882900	1.216842	-0.255093	0.266443	0.230452	0.935895	-0.552652	0.832055	-0.047546	-0.789673	-0.504556	0.349055
39333	8.679304	0.535416	0.125634	-0.813630	1.195059	-0.331221	0.277661	0.233679	0.931825	-0.545364	0.836861	-0.047360	-0.790875	-0.495034	0.359803
39334	8.245633	0.067066	0.906524	-0.661784	1.138860	-0.375749	0.288648	0.236133	0.927860	-0.539109	0.840962	-0.046307	-0.791230	-0.486851	0.370044
39335	8.488661	-0.055949	1.777008	-0.538532	1.068332	-0.410837	0.299258	0.237853	0.924051	-0.533684	0.844510	-0.044543	-0.790965	-0.479822	0.379664
39336	8.283827	-0.091595	2.333144	-0.516020	1.011772	-0.406686	0.309360	0.239248	0.920357	-0.528411	0.847909	-0.042800	-0.790619	-0.473086	0.388731
39337	7.836729	-0.313043	2.681687	-0.580714	0.911901	-0.361004	0.318422	0.240480	0.916939	-0.522730	0.851474	-0.041785	-0.790797	-0.466006	0.396834
39338	7.129099	-0.859600	2.639664	-0.628911	0.754590	-0.275841	0.325769	0.241633	0.914050	-0.516911	0.855018	-0.041800	-0.791630	-0.458866	0.403441
39339	6.474480	-1.593643	2.482682	-0.603286	0.568958	-0.192042	0.331218	0.242600	0.911834	-0.511546	0.858203	-0.042515	-0.792853	-0.452363	0.408353
39340	6.262154	-2.366635	2.449454	-0.489634	0.381760	-0.125282	0.334827	0.243258	0.910339	-0.507290	0.860682	-0.043405	-0.794070	-0.447273	0.411582
39341	6.303198	-2.812742	2.513972	-0.326969	0.197899	-0.073264	0.336724	0.243529	0.909566	-0.504492	0.862289	-0.044107	-0.795050	-0.444017	0.413212
39342	6.643506	-3.009079	2.522429	-0.132233	0.026369	-0.032793	0.337041	0.243382	0.909488	-0.503376	0.862927	-0.044379	-0.795623	-0.442857	0.413355
39343	7.057897	-2.765397	2.552397	0.064169	-0.110758	-0.026902	0.336248	0.242681	0.909969	-0.503842	0.862680	-0.043891	-0.795664	-0.443722	0.412347
39344	7.579542	-2.331558	2.669572	0.219376	-0.196714	-0.067799	0.334968	0.241239	0.910824	-0.505406	0.861839	-0.042395	-0.795211	-0.446135	0.410612
39345	8.206181	-1.802771	2.822797	0.311602	-0.259876	-0.132644	0.333525	0.238956	0.911955	-0.507486	0.860734	-0.039934	-0.794493	-0.449485	0.408343
39346	8.765899	-1.219270	3.129700	0.291032	-0.299025	-0.250563	0.332366	0.235469	0.913284	-0.509009	0.859987	-0.036487	-0.794004	-0.452743	0.405686
39347	9.161972	-0.899099	3.482862	0.223215	-0.319261	-0.402738	0.331832	0.230579	0.914725	-0.509490	0.859884	-0.031929	-0.793919	-0.455448	0.402815
39348	9.340976	-0.563224	3.862344	0.169949	-0.329473	-0.531036	0.331863	0.224525	0.916218	-0.509123	0.860288	-0.026409	-0.794141	-0.457704	0.399809
39349	9.504296	-0.014263	4.142411	0.033425	-0.315963	-0.612712	0.332416	0.217825	0.917634	-0.507400	0.861463	-0.020684	-0.795012	-0.458731	0.396889
39350	9.567384	0.328534	4.347385	-0.145142	-0.345028	-0.632235	0.332810	0.210808	0.919129	-0.504188	0.863455	-0.015476	-0.796889	-0.458263	0.393654
39351	9.932408	0.631046	4.310284	-0.268906	-0.430385	-0.573281	0.332204	0.203905	0.920904	-0.500181	0.865847	-0.011281	-0.799662	-0.456871	0.389627
39352	10.076778	1.149663	4.401149	-0.414733	-0.486272	-0.477474	0.330626	0.197566	0.922851	-0.495321	0.868668	-0.008510	-0.803333	-0.454294	0.385063
39353	9.191051	0.677488	4.257084	-0.579275	-0.417026	-0.476178	0.329561	0.191559	0.924497	-0.489130	0.872188	-0.006357	-0.807553	-0.450104	0.381136
39354	7.718832	-0.368302	3.804160	-0.622019	-0.355485	-0.542402	0.329260	0.185245	0.925890	-0.482353	0.875969	-0.003725	-0.811741	-0.445380	0.377775
39355	6.538432	-1.217604	3.678803	-0.520964	-0.499634	-0.581708	0.327933	0.177947	0.927790	-0.476248	0.879311	-0.000315	-0.815872	-0.441755	0.373102
39356	6.490067	-1.010746	3.623941	-0.366608	-0.797353	-0.528094	0.323856	0.169800	0.930744	-0.471575	0.881820	0.003212	-0.820203	-0.439956	0.365657
39357	7.804808	0.244931	3.483610	-0.323329	-1.035241	-0.486246	0.317574	0.160983	0.934468	-0.467402	0.884020	0.006552	-0.825034	-0.438853	0.355986
39358	9.387306	1.502044	3.961019	-0.448898	-1.031740	-0.551770	0.311542	0.151601	0.938061	-0.461998	0.886823	0.010114	-0.830361	-0.436533	0.346322
39359	9.811887	1.605079	4.037454	-0.616000	-0.976829	-0.657655	0.306369	0.141538	0.941332	-0.454879	0.890441	0.014160	-0.836196	-0.432530	0.337186
39360	10.435416	1.113146	3.204068	-0.692899	-1.012045	-0.701933	0.300983	0.130940	0.944597	-0.446979	0.894354	0.018448	-0.842389	-0.427767	0.327713
39361	10.441198	0.358603	2.043730	-0.760855	-1.098100	-0.658961	0.294566	0.120391	0.948017	-0.438627	0.898395	0.022200	-0.849021	-0.422366	0.317444
39362	10.590123	-0.665987	1.185841	-0.893935	-1.230632	-0.590532	0.286578	0.109936	0.951728	-0.429335	0.902799	0.024994	-0.856472	-0.415773	0.305922
39363	12.143475	-1.772942	1.758107	-1.146960	-1.304003	-0.523382	0.277523	0.099860	0.955515	-0.418032	0.908045	0.026515	-0.865003	-0.406794	0.293748
39364	13.809226	-2.537114	3.290363	-1.509337	-1.166846	-0.400629	0.268964	0.091558	0.958789	-0.403857	0.914454	0.025967	-0.874390	-0.394198	0.282932
39365	14.677668	-3.224806	4.231788	-1.813805	-0.841012	-0.266523	0.262575	0.085892	0.961081	-0.387249	0.921677	0.023429	-0.883794	-0.378330	0.275271
39366	13.677711	-4.300592	3.915631	-1.751740	-0.535314	-0.156039	0.258358	0.082489	0.962521	-0.371337	0.928280	0.020119	-0.891830	-0.362617	0.270460
39367	11.453562	-5.352451	3.129255	-1.173435	-0.356127	-0.094672	0.255469	0.080369	0.963471	-0.360645	0.932533	0.017838	-0.897035	-0.352028	0.267218
39368	9.326736	-5.702008	1.783417	-0.241871	-0.346489	-0.163950	0.252892	0.077649	0.964374	-0.358103	0.933494	0.018744	-0.898781	-0.350086	0.263879
39369	7.814327	-4.558898	0.311965	0.736797	-0.468167	-0.355310	0.249918	0.072717	0.965533	-0.363874	0.931138	0.024058	-0.897294	-0.357344	0.259168
39370	7.691278	-1.816392	-0.897372	1.534550	-0.640013	-0.572578	0.246251	0.065091	0.967018	-0.376238	0.925918	0.033484	-0.893199	-0.372075	0.252498
39371	8.134112	1.064581	-1.743578	2.006075	-0.791406	-0.754197	0.242048	0.055152	0.968695	-0.392304	0.918698	0.045720	-0.887417	-0.391090	0.244006
39372	8.566145	3.279053	-1.980566	2.072153	-0.957769	-0.809519	0.236763	0.043930	0.970574	-0.408739	0.910775	0.058485	-0.881405	-0.410559	0.233594
39373	8.904946	4.566103	-1.760499	1.774766	-1.152459	-0.709108	0.229522	0.032703	0.972754	-0.422734	0.903595	0.069367	-0.876707	-0.427137	0.221220
