// General information: 
//  MT Manager version: 2022.2.0 
//  XDA version: 2022.2.0 build 7381 rev 124627 built on 2023-07-19
// Device information: 
//  DeviceId: 00B4CAF0
//  ProductCode: MTW2-3A7G6
//  Firmware Version: 4.6.0
//  Hardware Version: 2.0.0
// Device settings: 
//  Filter Profile: human(46.1)
//  Option Flags: Orientation Smoother Disabled, Position/Velocity Smoother Disabled, Continuous Zero Rotation Update Disabled, AHS Disabled, ICC Disabled
// Coordinate system: ENU
PacketCounter	Acc_X	Acc_Y	Acc_Z	Gyr_X	Gyr_Y	Gyr_Z	Mat[1][1]	Mat[2][1]	Mat[3][1]	Mat[1][2]	Mat[2][2]	Mat[3][2]	Mat[1][3]	Mat[2][3]	Mat[3][3]
20238	6.240189	0.142579	8.099344	-0.003171	0.089661	0.028128	0.785721	0.061472	0.615519	-0.123832	0.990539	0.059147	-0.606060	-0.122694	0.785899
20239	6.038188	0.231351	8.239122	0.026458	0.119782	0.016643	0.786530	0.061816	0.614451	-0.124126	0.990497	0.059240	-0.604949	-0.122863	0.786728
20240	5.881916	0.489549	8.419841	0.012689	0.114538	0.015870	0.787189	0.062091	0.613578	-0.124295	0.990476	0.059234	-0.604057	-0.122893	0.787409
20241	5.702443	0.588850	8.434816	0.018645	0.108200	0.005154	0.787939	0.062307	0.612593	-0.124451	0.990450	0.059335	-0.603045	-0.122990	0.788169
20242	5.789596	0.684599	8.480064	0.010159	0.088328	0.004054	0.788453	0.062432	0.611918	-0.124512	0.990440	0.059381	-0.602361	-0.123010	0.788689
20243	5.775232	0.924216	8.428701	0.011388	0.064554	-0.000065	0.788945	0.062543	0.611272	-0.124582	0.990426	0.059457	-0.601701	-0.123062	0.789184
20244	5.767309	0.922910	8.383231	-0.002462	0.048846	0.006893	0.789217	0.062648	0.610910	-0.124590	0.990430	0.059387	-0.601343	-0.122982	0.789469
20245	6.030284	0.824539	8.175473	0.000727	0.031490	0.013119	0.789494	0.062847	0.610532	-0.124700	0.990421	0.059300	-0.600957	-0.122950	0.789768
20246	5.978250	0.692720	8.307351	0.007261	0.047425	0.022002	0.789738	0.063100	0.610190	-0.124885	0.990403	0.059214	-0.600598	-0.122967	0.790039
20247	6.456468	0.757739	8.375598	0.011834	0.060803	0.024468	0.790176	0.063448	0.609588	-0.125152	0.990373	0.059147	-0.599966	-0.123027	0.790509
20248	6.465373	0.576431	8.142082	0.011379	0.152399	0.034030	0.791033	0.063949	0.608422	-0.125457	0.990342	0.059020	-0.598772	-0.123018	0.791416
20249	6.161131	0.570669	8.244768	0.028466	0.205125	0.038665	0.792312	0.064614	0.606685	-0.125935	0.990283	0.058999	-0.596977	-0.123148	0.792750
20250	5.923391	0.335204	8.547436	0.033971	0.230788	0.034506	0.793631	0.065216	0.604894	-0.126378	0.990223	0.059051	-0.595129	-0.123310	0.794114
20251	5.971526	0.325322	8.385846	0.041946	0.216698	0.017143	0.794998	0.065683	0.603046	-0.126765	0.990160	0.059268	-0.593220	-0.123563	0.795501
20252	6.343150	-0.459338	8.648095	0.069272	0.243899	-0.011203	0.796443	0.065850	0.601117	-0.127054	0.990087	0.059878	-0.591215	-0.124064	0.796914
20253	6.517500	-1.110380	8.726575	0.163473	0.297255	-0.088727	0.798408	0.065374	0.598557	-0.127312	0.989942	0.061700	-0.588503	-0.125465	0.798701
20254	5.737816	0.555420	8.213648	0.222834	0.313221	-0.122434	0.800390	0.064534	0.595995	-0.127609	0.989744	0.064204	-0.585740	-0.127443	0.800417
20255	5.630611	0.940390	8.391636	0.182733	0.307350	-0.113729	0.802429	0.063835	0.593324	-0.127766	0.989584	0.066326	-0.582910	-0.129028	0.802227
20256	5.562608	0.910927	8.605704	0.169824	0.274198	-0.101894	0.804141	0.063159	0.591073	-0.127903	0.989433	0.068284	-0.580515	-0.130510	0.803722
20257	5.574741	1.218912	8.361190	0.163851	0.257317	-0.091575	0.805846	0.062622	0.588804	-0.128114	0.989277	0.070125	-0.578099	-0.131944	0.805228
20258	5.143357	1.515995	8.424891	0.121477	0.213808	-0.061582	0.807146	0.062272	0.587058	-0.128287	0.989160	0.071456	-0.576244	-0.132987	0.806385
20259	5.062692	1.369454	8.466197	0.060222	0.143570	-0.024083	0.808100	0.062255	0.585746	-0.128437	0.989096	0.072069	-0.574872	-0.133470	0.807284
20260	5.510065	0.631066	8.561956	0.024011	0.104105	-0.004436	0.808691	0.062326	0.584922	-0.128507	0.989071	0.072279	-0.574024	-0.133618	0.807863
20261	5.416854	0.617877	8.594696	0.028169	0.074472	-0.002984	0.809219	0.062426	0.584181	-0.128643	0.989036	0.072511	-0.573249	-0.133828	0.808378
20262	5.737571	0.829702	8.627148	0.018538	0.059004	-0.001234	0.809546	0.062469	0.583723	-0.128707	0.989017	0.072658	-0.572773	-0.133949	0.808696
20263	5.925368	0.408349	8.667971	0.022284	0.079585	-0.006787	0.810107	0.062537	0.582937	-0.128778	0.988993	0.072864	-0.571963	-0.134097	0.809244
20264	5.954551	0.312946	8.603118	0.041694	0.101404	-0.021931	0.810703	0.062433	0.582120	-0.128807	0.988956	0.073320	-0.571113	-0.134421	0.809791
20265	5.830171	0.364434	8.562480	0.074805	0.136300	-0.031201	0.811616	0.062337	0.580856	-0.128978	0.988876	0.074092	-0.569775	-0.135052	0.810628
20266	5.356873	1.109738	8.353672	0.085681	0.133091	-0.036755	0.812409	0.062130	0.579769	-0.129135	0.988787	0.074991	-0.568609	-0.135792	0.811323
20267	5.259374	1.158837	8.457403	0.048608	0.100955	-0.011937	0.813093	0.062178	0.578804	-0.129311	0.988730	0.075439	-0.567590	-0.136185	0.811970
20268	5.378667	1.085461	8.486010	0.041070	0.064814	-0.011224	0.813463	0.062132	0.578289	-0.129421	0.988686	0.075828	-0.567035	-0.136526	0.812300
20269	5.363408	1.191590	8.361638	0.025095	0.041365	-0.000050	0.813792	0.062216	0.577816	-0.129560	0.988653	0.076019	-0.566530	-0.136725	0.812619
20270	5.415819	1.196223	8.361232	0.005535	0.009069	0.012673	0.813815	0.062330	0.577772	-0.129663	0.988643	0.075980	-0.566474	-0.136749	0.812654
20271	5.483306	0.722401	8.455553	-0.005111	-0.003165	0.015758	0.813871	0.062508	0.577673	-0.129759	0.988641	0.075836	-0.566371	-0.136679	0.812738
20272	5.638004	0.392989	8.466788	0.004710	-0.013464	0.016929	0.813761	0.062634	0.577815	-0.129891	0.988629	0.075766	-0.566499	-0.136709	0.812643
20273	5.705400	0.551918	8.481259	0.019284	-0.009071	0.008660	0.813793	0.062734	0.577759	-0.130067	0.988599	0.075861	-0.566413	-0.136882	0.812674
20274	5.543367	0.858767	8.469996	0.015150	-0.016928	0.014085	0.813666	0.062826	0.577927	-0.130236	0.988574	0.075892	-0.566556	-0.137018	0.812552
20275	5.344203	1.263409	8.503332	0.019165	-0.028419	0.020624	0.813573	0.063018	0.578038	-0.130509	0.988536	0.075916	-0.566628	-0.137202	0.812471
20276	5.166956	1.462564	8.373894	-0.022593	-0.061141	0.037893	0.813164	0.063285	0.578584	-0.130657	0.988548	0.075504	-0.567180	-0.136993	0.812121
20277	5.254730	1.267714	8.425759	-0.055294	-0.109892	0.053809	0.812565	0.063692	0.579380	-0.130777	0.988591	0.074733	-0.568010	-0.136495	0.811624
20278	5.298309	1.083941	8.378283	-0.075004	-0.144785	0.071665	0.811635	0.064180	0.580628	-0.130900	0.988652	0.073699	-0.569309	-0.135821	0.810827
20279	5.300210	1.105590	8.394050	-0.101301	-0.175109	0.080515	0.810627	0.064764	0.581970	-0.130972	0.988739	0.072402	-0.570727	-0.134913	0.809981
20280	5.427511	0.971599	8.484412	-0.120258	-0.219879	0.098297	0.809229	0.065416	0.583840	-0.131049	0.988841	0.070846	-0.572691	-0.133842	0.808772
20281	5.574872	0.947505	8.346920	-0.130784	-0.234587	0.103714	0.807843	0.066153	0.585673	-0.131134	0.988948	0.069175	-0.574624	-0.132684	0.807590
20282	5.027329	1.276654	8.316274	-0.131777	-0.270110	0.115430	0.806124	0.066914	0.587951	-0.131275	0.989050	0.067425	-0.577002	-0.131536	0.806081
20283	5.527607	1.245060	8.357909	-0.181306	-0.325997	0.142972	0.804148	0.067926	0.590536	-0.131375	0.989192	0.065117	-0.579730	-0.129945	0.804380
20284	5.857254	0.818682	8.173551	-0.170659	-0.318961	0.147226	0.802088	0.068946	0.593213	-0.131534	0.989316	0.062865	-0.582541	-0.128451	0.802587
20285	5.731829	0.482438	8.493816	-0.150121	-0.287370	0.135574	0.800329	0.069943	0.595467	-0.131742	0.989415	0.060851	-0.584908	-0.127149	0.801072
20286	5.437756	0.378310	8.765607	-0.116375	-0.301419	0.105550	0.798410	0.070582	0.597963	-0.131872	0.989493	0.059281	-0.587495	-0.126185	0.799329
20287	6.270638	0.296684	8.977506	-0.113738	-0.330743	0.079222	0.796457	0.070972	0.600516	-0.131833	0.989580	0.057894	-0.590150	-0.125277	0.797514
20288	6.570508	-2.289046	9.106656	0.069134	-0.241315	-0.077956	0.795120	0.069874	0.602413	-0.131589	0.989553	0.058905	-0.592004	-0.126107	0.796008
20289	6.522725	1.242018	8.652981	0.144178	-0.282395	-0.081303	0.793651	0.068737	0.604478	-0.131796	0.989427	0.060532	-0.593926	-0.127709	0.794319
20290	5.199013	1.073554	8.845580	0.080579	-0.250662	-0.059491	0.792225	0.067803	0.606451	-0.131771	0.989369	0.061523	-0.595832	-0.128653	0.792737
20291	6.211252	0.693100	8.537882	0.027863	-0.273837	-0.043271	0.790747	0.067046	0.608461	-0.131593	0.989363	0.061998	-0.597832	-0.129094	0.791159
20292	5.849464	1.381298	8.765524	-0.001795	-0.274097	-0.015028	0.789112	0.066520	0.610637	-0.131431	0.989380	0.062067	-0.600024	-0.129235	0.789474
20293	5.421408	0.976448	8.991752	-0.056363	-0.286916	0.005295	0.787480	0.066225	0.612772	-0.131131	0.989450	0.061583	-0.602229	-0.128849	0.787857
20294	5.307415	1.264993	8.900838	-0.078284	-0.364891	0.022402	0.785234	0.065954	0.615676	-0.130803	0.989541	0.060822	-0.605225	-0.128291	0.785648
20295	5.764582	0.733052	8.574076	-0.155212	-0.396366	0.034497	0.782887	0.065812	0.618674	-0.130129	0.989717	0.059386	-0.608404	-0.127000	0.783400
20296	5.394263	0.796865	8.753470	-0.149877	-0.404852	0.071059	0.780311	0.065980	0.621902	-0.129738	0.989864	0.057765	-0.611787	-0.125759	0.780962
20297	2.409747	1.479682	10.999638	-0.168909	-0.519300	0.157946	0.777023	0.066917	0.625906	-0.129930	0.989971	0.055459	-0.615917	-0.124417	0.777924
20298	2.735405	-0.103065	11.276331	-0.034859	-1.269953	0.304209	0.768725	0.068322	0.635919	-0.132032	0.989813	0.053263	-0.625803	-0.124906	0.769915
20299	3.626285	0.552407	10.842764	0.026134	-1.483996	0.313433	0.759055	0.069586	0.647297	-0.134593	0.989564	0.051450	-0.636962	-0.126175	0.760499
20300	4.478310	-0.389259	10.771730	-0.055055	-2.009774	0.318503	0.745654	0.070170	0.662629	-0.136602	0.989416	0.048942	-0.652181	-0.127010	0.747347
20301	3.664696	-0.141612	11.633619	0.190306	-2.415156	0.333022	0.729360	0.070382	0.680500	-0.140320	0.988937	0.048112	-0.669585	-0.130578	0.731167
20302	4.204581	1.919465	12.144530	0.108909	-3.049313	0.419897	0.707996	0.070480	0.702690	-0.144046	0.988502	0.045987	-0.691369	-0.133779	0.710008
20303	4.558079	1.108793	12.084535	0.029818	-3.529765	0.527699	0.682540	0.070954	0.727396	-0.147932	0.988087	0.042426	-0.715720	-0.136563	0.684905
20304	5.822426	2.142306	12.223300	-0.028619	-4.053650	0.713996	0.651884	0.072395	0.754855	-0.152455	0.987620	0.036940	-0.742836	-0.139162	0.654851
20305	7.689767	3.156940	12.557406	0.014433	-4.423602	0.952492	0.617093	0.075597	0.783251	-0.158621	0.986892	0.029719	-0.770737	-0.142580	0.620995
20306	9.860128	4.359349	12.442529	-0.013068	-4.665253	1.244450	0.578440	0.081117	0.811682	-0.165926	0.985941	0.019715	-0.798671	-0.146083	0.583767
20307	10.918457	6.941061	10.317930	0.139229	-4.568098	1.480421	0.539044	0.088930	0.837569	-0.175350	0.984471	0.008324	-0.823823	-0.151354	0.546268
20308	13.416207	16.888686	14.836189	-0.540414	-4.383943	1.864986	0.499064	0.100651	0.860700	-0.180482	0.983524	-0.010364	-0.847562	-0.150169	0.509007
20309	7.146120	13.171469	14.453750	-2.204985	-3.737349	2.110352	0.463478	0.116122	0.878467	-0.171747	0.984349	-0.039505	-0.869305	-0.132564	0.476168
20310	15.951803	1.861381	21.085414	-2.809630	-2.675946	1.290543	0.437875	0.125596	0.890220	-0.152870	0.986176	-0.063941	-0.885944	-0.108090	0.451021
20311	8.573707	-3.006123	20.434417	-0.904483	-0.756065	0.027206	0.431374	0.125046	0.893465	-0.145018	0.987080	-0.068132	-0.890441	-0.100178	0.443935
20312	-2.846421	-0.236260	14.239667	0.766939	-0.022373	-0.590761	0.432024	0.119169	0.893954	-0.149261	0.987010	-0.059440	-0.889425	-0.107753	0.444199
20313	-6.164220	6.355815	13.135074	1.049316	0.196108	-0.582442	0.434950	0.113624	0.893257	-0.156126	0.986498	-0.049463	-0.886816	-0.117947	0.446817
20314	-4.654598	6.023407	12.999334	0.540877	0.365664	-0.177602	0.438449	0.112289	0.891714	-0.160108	0.986053	-0.045445	-0.884380	-0.122845	0.450312
20315	-1.767967	1.117202	13.773900	0.233430	0.831846	0.158833	0.445866	0.114858	0.887700	-0.162951	0.985576	-0.045676	-0.880142	-0.124287	0.458152
20316	-0.112686	-2.421959	13.792687	0.562721	1.515736	0.272619	0.458676	0.119432	0.880541	-0.169083	0.984553	-0.045464	-0.872369	-0.128032	0.471784
20317	0.356622	-2.315411	13.067238	1.066907	2.234689	0.315707	0.477842	0.125475	0.869438	-0.179892	0.982748	-0.042959	-0.859829	-0.135878	0.492170
20318	0.492329	-1.666183	11.680923	1.283361	2.839579	0.417609	0.501231	0.133536	0.854948	-0.192836	0.980412	-0.040078	-0.843553	-0.144776	0.517163
20319	0.986348	-1.956866	10.141441	1.340041	3.287093	0.586816	0.527836	0.144189	0.837018	-0.207121	0.977585	-0.037790	-0.823705	-0.153417	0.545869
20320	1.765764	-2.651951	8.884199	1.380763	3.581778	0.737408	0.555341	0.157003	0.816668	-0.222304	0.974307	-0.036140	-0.801360	-0.161478	0.575975
20321	2.554658	-2.556443	8.041474	1.436016	3.753774	0.795134	0.583493	0.170971	0.793917	-0.238256	0.970610	-0.033915	-0.776382	-0.169367	0.607079
20322	3.191244	-1.825671	7.710834	1.376927	3.814576	0.714219	0.610844	0.184454	0.769965	-0.253002	0.966971	-0.030932	-0.750240	-0.175908	0.637336
20323	3.841291	-1.699156	7.626748	1.201278	3.788289	0.504381	0.637797	0.196112	0.744818	-0.265093	0.963851	-0.026781	-0.723146	-0.180366	0.666730
20324	4.858669	-2.144584	7.460703	1.051798	3.674190	0.191376	0.663350	0.204609	0.719793	-0.273773	0.961564	-0.021029	-0.696430	-0.183110	0.693870
20325	5.924112	-1.652607	7.327354	0.946980	3.509914	-0.138312	0.688036	0.209791	0.694690	-0.279393	0.960086	-0.013222	-0.669736	-0.184995	0.719187
20326	6.972361	-0.540475	7.425872	0.751675	3.311828	-0.464669	0.711090	0.211437	0.670556	-0.281051	0.959682	-0.004563	-0.644485	-0.185216	0.741845
20327	8.129728	0.379469	7.596892	0.428278	3.132710	-0.769114	0.733352	0.209874	0.646643	-0.278280	0.960492	0.003858	-0.620286	-0.182777	0.762783
20328	8.539766	0.458990	7.305756	0.086250	3.007783	-1.032228	0.754496	0.205340	0.623355	-0.271094	0.962489	0.011072	-0.597699	-0.177342	0.781860
20329	8.257674	-0.445083	6.821292	-0.113632	2.885436	-1.226554	0.774959	0.198595	0.599999	-0.261114	0.965144	0.017800	-0.575550	-0.170462	0.799803
20330	7.906466	-1.532274	6.481833	-0.109904	2.728781	-1.347742	0.793811	0.190108	0.577687	-0.249890	0.967956	0.024840	-0.554453	-0.164076	0.815880
20331	8.072632	-2.543140	6.640396	0.059146	2.539665	-1.420574	0.811344	0.180516	0.555999	-0.238868	0.970475	0.033486	-0.533538	-0.159979	0.830508
20332	9.056467	-3.478428	6.879382	0.336158	2.366730	-1.455137	0.827126	0.170130	0.535647	-0.228676	0.972497	0.044231	-0.513390	-0.159074	0.843283
20333	10.401927	-4.012819	7.104814	0.682075	2.212768	-1.448074	0.841729	0.159656	0.515754	-0.220068	0.973776	0.057718	-0.493013	-0.162084	0.854791
20334	12.232572	-3.571895	6.902172	0.990790	2.085471	-1.387658	0.854802	0.149562	0.496936	-0.213053	0.974291	0.073252	-0.473205	-0.168490	0.864690
20335	14.169970	-2.211401	6.591515	1.126468	2.009308	-1.247890	0.866925	0.140936	0.478099	-0.207553	0.974150	0.089186	-0.453171	-0.176549	0.873766
20336	15.968818	-1.009407	6.059771	1.031377	1.947838	-1.005562	0.877624	0.134628	0.460055	-0.203328	0.973684	0.102945	-0.434089	-0.183889	0.881902
20337	17.417375	-0.577350	5.268474	0.845498	1.916065	-0.718942	0.887373	0.131267	0.441971	-0.200582	0.973054	0.113721	-0.415134	-0.189564	0.889792
20338	18.085609	-0.255614	4.342490	0.661088	1.864875	-0.416293	0.895774	0.130765	0.424841	-0.199527	0.972341	0.121417	-0.397213	-0.193530	0.897088
20339	17.593907	0.496845	3.074368	0.537744	1.760759	-0.129525	0.903004	0.132988	0.408532	-0.200451	0.971459	0.126834	-0.380005	-0.196422	0.903889
20340	16.450227	1.736621	1.758245	0.444231	1.538241	0.117178	0.908493	0.137139	0.394757	-0.203140	0.970431	0.130376	-0.365205	-0.198636	0.909488
20341	15.644302	2.669480	0.494637	0.357814	1.215989	0.224974	0.912500	0.141784	0.383719	-0.206467	0.969400	0.132795	-0.353149	-0.200401	0.913852
20342	15.099619	3.736808	-0.699808	0.296367	0.821885	0.138213	0.915077	0.144752	0.376404	-0.208738	0.968614	0.134966	-0.345054	-0.202074	0.916572
20343	13.617947	3.757422	-1.555596	0.190899	0.344574	-0.128701	0.916608	0.144228	0.372865	-0.208206	0.968409	0.137239	-0.341292	-0.203427	0.917680
20344	11.760259	2.775854	-1.830105	0.191001	-0.205733	-0.554667	0.917041	0.138409	0.374003	-0.203747	0.968810	0.141046	-0.342815	-0.205547	0.916640
20345	10.035065	2.723137	-1.281628	0.183044	-0.791221	-1.052916	0.916466	0.126577	0.379564	-0.194717	0.969822	0.146734	-0.349536	-0.208385	0.913455
20346	9.436139	2.888987	0.080595	-0.001961	-1.326915	-1.464126	0.914494	0.109564	0.389483	-0.181279	0.971562	0.152331	-0.361717	-0.209911	0.908349
20347	10.740914	2.919735	2.255384	-0.354799	-1.681788	-1.745618	0.911349	0.089067	0.401883	-0.164018	0.974032	0.156075	-0.377545	-0.208155	0.902292
20348	9.355189	13.190542	9.258127	-1.521383	-1.856916	-1.932437	0.907095	0.066433	0.415651	-0.140528	0.978606	0.150271	-0.396776	-0.194721	0.897024
20349	9.015763	-3.975087	11.027033	-2.649902	-1.247062	-1.556375	0.904103	0.048876	0.424509	-0.115717	0.984321	0.133120	-0.411347	-0.169477	0.895584
20350	7.680288	0.785759	15.901540	-1.839043	-0.542687	-1.759670	0.903672	0.030627	0.427128	-0.092153	0.987978	0.124127	-0.418192	-0.151532	0.895630
20351	0.399635	1.953954	10.831054	-2.322200	-0.166234	-1.206303	0.904013	0.018446	0.427107	-0.071494	0.991522	0.108500	-0.421485	-0.128621	0.897667
20352	-5.422202	-3.617905	7.369715	-2.371361	-0.551408	-0.369794	0.901900	0.014107	0.431715	-0.058052	0.994358	0.088787	-0.428027	-0.105139	0.897630
20353	-3.862533	-12.497282	6.633812	-1.682039	-1.322795	-0.230876	0.896338	0.010526	0.443247	-0.048671	0.996012	0.074769	-0.440693	-0.088591	0.893276
20354	1.304749	-11.992623	8.816943	-0.564305	-1.842939	-0.533711	0.888290	0.003605	0.459268	-0.041344	0.996537	0.072145	-0.457417	-0.083074	0.885363
20355	7.901676	-10.263199	10.900997	-0.009073	-1.963506	-0.505254	0.879408	-0.003049	0.476060	-0.036831	0.996547	0.074418	-0.474643	-0.082978	0.876259
20356	11.142478	-10.504475	11.047266	0.222488	-1.749970	-0.137336	0.871006	-0.005910	0.491237	-0.036672	0.996356	0.077010	-0.489902	-0.085091	0.867615
20357	10.117528	-10.291442	11.568908	0.654066	-1.677856	0.019290	0.862728	-0.007178	0.505617	-0.040073	0.995784	0.082513	-0.504077	-0.091448	0.858803
20358	10.268177	-5.433991	11.555166	1.148959	-1.425941	-0.266539	0.855555	-0.011238	0.517590	-0.043612	0.994646	0.093685	-0.515872	-0.102726	0.850484
20359	8.810874	0.232738	9.541069	1.274365	-1.268393	-0.639679	0.849296	-0.018949	0.527577	-0.044770	0.993170	0.107742	-0.526016	-0.115124	0.842647
20360	7.055887	7.360502	10.160495	1.458961	-1.313950	-0.638675	0.842595	-0.026915	0.537875	-0.047087	0.991244	0.123364	-0.536486	-0.129273	0.833949
20361	18.272229	19.128825	12.627577	0.284486	-1.375052	-0.084300	0.835246	-0.029519	0.549084	-0.047891	0.990858	0.126119	-0.547788	-0.131636	0.826196
20362	2.103490	6.661751	3.473469	-0.776872	0.146071	0.064446	0.836001	-0.028717	0.547975	-0.044146	0.991873	0.119330	-0.546948	-0.123951	0.827939
20363	5.541704	7.539547	8.604364	-0.756850	-0.777782	0.454361	0.831580	-0.025133	0.554835	-0.043746	0.992908	0.110543	-0.553679	-0.116197	0.824584
20364	5.543465	-0.905619	10.063547	-0.643103	-0.491165	0.456214	0.828636	-0.021179	0.559387	-0.043927	0.993742	0.102695	-0.558062	-0.109670	0.822520
20365	6.548416	0.647350	7.797051	-0.449653	-0.640226	0.395544	0.824931	-0.017928	0.564949	-0.044656	0.994305	0.096760	-0.563466	-0.105049	0.819433
20366	6.356259	0.874462	8.888151	-0.439636	-0.504961	0.368938	0.821895	-0.014801	0.569447	-0.045176	0.994820	0.091061	-0.567845	-0.100568	0.816969
20367	6.730199	-1.223612	8.874421	-0.428218	-0.437953	0.327109	0.819311	-0.011970	0.573225	-0.045402	0.995288	0.085677	-0.571549	-0.096222	0.814907
20368	8.275711	-2.598631	8.921901	-0.244096	-0.289491	0.199442	0.817547	-0.010283	0.575770	-0.045605	0.995544	0.082535	-0.574053	-0.093734	0.813435
20369	7.032430	-0.871324	8.500178	-0.048203	-0.093990	0.074502	0.817030	-0.009620	0.576515	-0.045916	0.995600	0.081683	-0.574764	-0.093209	0.812994
20370	6.476986	0.113898	8.756775	-0.011433	-0.004430	0.017486	0.816982	-0.009472	0.576585	-0.045962	0.995615	0.081481	-0.574829	-0.093069	0.812964
20371	6.769201	-0.546806	8.849876	0.057265	0.086974	-0.053496	0.817561	-0.009914	0.575756	-0.045830	0.995560	0.082220	-0.574015	-0.093607	0.813477
20372	6.476058	0.023419	8.743701	0.150775	0.177531	-0.117231	0.818618	-0.010936	0.574234	-0.045705	0.995408	0.084112	-0.572517	-0.095101	0.814359
20373	5.843167	0.994097	8.623467	0.177021	0.227182	-0.134940	0.820032	-0.012050	0.572191	-0.045586	0.995227	0.086291	-0.570500	-0.096845	0.815568
20374	5.479935	1.539275	8.567302	0.149454	0.216470	-0.117469	0.821304	-0.013031	0.570343	-0.045442	0.995068	0.088172	-0.568679	-0.098334	0.816661
20375	5.660855	1.694926	8.568617	0.104169	0.199504	-0.079613	0.822526	-0.013616	0.568565	-0.045354	0.994959	0.089440	-0.566917	-0.099354	0.817762
20376	5.280186	1.948205	8.341531	0.068758	0.190966	-0.027192	0.823605	-0.013719	0.566998	-0.045489	0.994889	0.090148	-0.565337	-0.100038	0.818771
20377	5.051927	1.842403	8.406146	-0.011400	0.143432	0.035326	0.824451	-0.013216	0.565778	-0.045691	0.994909	0.089821	-0.564085	-0.099904	0.819651
20378	5.651357	0.964525	8.310629	-0.058648	0.111839	0.067982	0.825036	-0.012451	0.564943	-0.045890	0.994979	0.088947	-0.563213	-0.099309	0.820322
20379	5.076030	0.478693	8.459966	-0.039932	0.101397	0.067549	0.825629	-0.011671	0.564093	-0.046199	0.995030	0.088206	-0.562319	-0.098886	0.820986
20380	4.792900	1.336814	8.484136	-0.039292	0.022037	0.059282	0.825711	-0.011082	0.563985	-0.046437	0.995078	0.087540	-0.562179	-0.098472	0.821132
20381	5.112207	1.583790	8.522290	-0.081655	-0.041835	0.077065	0.825493	-0.010349	0.564317	-0.046590	0.995170	0.086404	-0.562486	-0.097617	0.821024
20382	5.348229	0.954168	8.472656	-0.091688	-0.069024	0.078405	0.825054	-0.009659	0.564972	-0.046690	0.995269	0.085199	-0.563122	-0.096672	0.820700
20383	5.411301	0.873093	8.517107	-0.088512	-0.097350	0.084799	0.824519	-0.008902	0.565764	-0.046868	0.995366	0.083964	-0.563890	-0.095746	0.820281
20384	5.372589	1.106970	8.413584	-0.094092	-0.115996	0.086030	0.823810	-0.008178	0.566807	-0.047015	0.995465	0.082696	-0.564913	-0.094774	0.819689
20385	5.386727	1.171595	8.480364	-0.101944	-0.140312	0.096527	0.823025	-0.007343	0.567958	-0.047210	0.995572	0.081284	-0.566040	-0.093712	0.819034
20386	5.391092	1.364123	8.374594	-0.124168	-0.167035	0.115156	0.822009	-0.006375	0.569439	-0.047423	0.995698	0.079603	-0.567496	-0.092439	0.818171
20387	5.677481	1.129751	8.628030	-0.149140	-0.185129	0.136466	0.820947	-0.005180	0.570982	-0.047674	0.995846	0.077579	-0.569011	-0.090909	0.817289
20388	6.290991	0.287764	8.627140	-0.139259	-0.155350	0.121733	0.819989	-0.004130	0.572365	-0.047849	0.995979	0.075736	-0.570376	-0.089490	0.816494
20389	6.477248	-0.277386	8.688682	-0.082409	-0.077066	0.078937	0.819565	-0.003407	0.572976	-0.048003	0.996059	0.074585	-0.570972	-0.088632	0.816171
20390	6.169952	-0.206660	8.598546	-0.029989	-0.023243	0.041404	0.819398	-0.003038	0.573217	-0.048140	0.996089	0.074094	-0.571200	-0.088307	0.816047
20391	6.254501	-0.494507	8.669753	0.018622	0.035898	-0.003903	0.819658	-0.003039	0.572846	-0.048191	0.996075	0.074238	-0.570823	-0.088456	0.816294
20392	6.034001	0.022210	8.582324	0.073219	0.084737	-0.050797	0.820151	-0.003492	0.572137	-0.048161	0.996011	0.075117	-0.570117	-0.089163	0.816711
20393	5.398062	1.302983	8.458350	0.091619	0.092673	-0.059071	0.820759	-0.003990	0.571261	-0.048174	0.995930	0.076171	-0.569240	-0.090037	0.817227
20394	5.449728	1.264539	8.386602	0.051328	0.064945	-0.036114	0.821131	-0.004314	0.570723	-0.048138	0.995885	0.076787	-0.568705	-0.090526	0.817545
20395	5.679564	0.674825	8.384195	0.054862	0.054180	-0.033656	0.821507	-0.004594	0.570179	-0.048149	0.995837	0.077396	-0.568161	-0.091035	0.817866
20396	5.605583	0.243200	8.489197	0.072844	0.057825	-0.040613	0.821841	-0.004968	0.569695	-0.048198	0.995771	0.078214	-0.567675	-0.091738	0.818126
20397	5.626427	0.400314	8.539133	0.100131	0.049693	-0.063787	0.822205	-0.005552	0.569165	-0.048217	0.995679	0.079365	-0.567146	-0.092697	0.818384
20398	5.384296	0.930891	8.496057	0.103885	0.037812	-0.067992	0.822438	-0.006216	0.568821	-0.048216	0.995580	0.080593	-0.566808	-0.093709	0.818503
20399	5.114125	1.522145	8.475241	0.080720	-0.006774	-0.055990	0.822478	-0.006774	0.568757	-0.048187	0.995505	0.081540	-0.566753	-0.094471	0.818454
20400	5.313341	1.434240	8.369756	0.027710	-0.054377	-0.016838	0.822163	-0.007016	0.569209	-0.048175	0.995479	0.081853	-0.567210	-0.094718	0.818108
20401	5.565038	0.941339	8.411482	0.002547	-0.072530	-0.003220	0.821805	-0.007112	0.569725	-0.048137	0.995480	0.081862	-0.567732	-0.094700	0.817748
20402	5.457615	0.980581	8.434482	-0.001506	-0.102080	0.007243	0.821207	-0.007159	0.570586	-0.048157	0.995485	0.081799	-0.568595	-0.094652	0.817154
20403	5.076203	1.287934	8.243527	-0.015408	-0.126759	0.019238	0.820528	-0.007083	0.571563	-0.048202	0.995504	0.081534	-0.569571	-0.094452	0.816497
20404	4.586599	2.073243	8.270806	-0.050857	-0.229572	0.061493	0.819174	-0.006709	0.573506	-0.048385	0.995559	0.080758	-0.571501	-0.093904	0.815211
20405	5.462359	1.615791	8.182253	-0.147857	-0.299607	0.113060	0.817456	-0.005859	0.575961	-0.048439	0.995707	0.078879	-0.573951	-0.092379	0.813663
20406	6.404582	0.156544	8.530476	-0.171163	-0.269931	0.120115	0.815831	-0.004933	0.578270	-0.048405	0.995872	0.076785	-0.576261	-0.090635	0.812224
20407	5.837576	0.137166	8.662601	-0.073825	-0.232930	0.076881	0.814502	-0.004374	0.580145	-0.048582	0.995945	0.075715	-0.578124	-0.089855	0.810987
20408	5.527207	1.316648	8.293067	-0.072270	-0.243741	0.075122	0.813039	-0.003866	0.582197	-0.048743	0.996015	0.074684	-0.580166	-0.089099	0.809610
20409	5.514133	0.802784	8.454765	-0.130177	-0.253456	0.086745	0.811576	-0.003223	0.584238	-0.048668	0.996136	0.073100	-0.582216	-0.087760	0.808284
20410	5.544048	0.426733	8.489931	-0.085967	-0.282477	0.060930	0.809884	-0.002885	0.586583	-0.048629	0.996216	0.072041	-0.584571	-0.086870	0.806678
20411	5.924601	0.782965	8.405713	-0.086487	-0.296058	0.057707	0.808175	-0.002563	0.588937	-0.048565	0.996295	0.070979	-0.586937	-0.085966	0.805056
20412	6.100019	0.130674	8.601378	-0.077893	-0.251225	0.043471	0.806662	-0.002367	0.591009	-0.048427	0.996365	0.070088	-0.589026	-0.085158	0.803615
20413	6.134215	0.354972	8.756872	-0.040117	-0.246464	0.025009	0.805249	-0.002324	0.592932	-0.048368	0.996402	0.069592	-0.590961	-0.084718	0.802239
20414	6.281851	-0.202805	8.905693	0.027367	-0.210454	-0.029426	0.804002	-0.002818	0.594619	-0.048262	0.996380	0.069978	-0.592664	-0.084960	0.800956
20415	6.124116	1.039897	8.341653	0.057009	-0.211881	-0.029228	0.802813	-0.003286	0.596222	-0.048340	0.996334	0.070581	-0.594269	-0.085484	0.799711
20416	6.078223	0.883274	8.235362	0.026038	-0.182511	-0.018407	0.801720	-0.003648	0.597688	-0.048316	0.996313	0.070890	-0.595743	-0.085712	0.798588
20417	5.793895	0.658185	8.415858	0.032364	-0.175605	-0.007967	0.800730	-0.003875	0.599013	-0.048420	0.996288	0.071170	-0.597065	-0.085992	0.797570
20418	5.254756	1.046072	8.907226	0.034564	-0.241840	-0.000531	0.799269	-0.004111	0.600960	-0.048591	0.996261	0.071440	-0.599006	-0.086301	0.796080
20419	5.162045	1.118134	9.046783	-0.004987	-0.359134	0.009559	0.797162	-0.004322	0.603750	-0.048612	0.996268	0.071317	-0.601805	-0.086201	0.793978
20420	5.493898	1.165871	8.929886	-0.035049	-0.447605	0.036947	0.794427	-0.004361	0.607344	-0.048664	0.996302	0.070808	-0.605407	-0.085807	0.791277
20421	5.682548	1.240720	9.063993	-0.094409	-0.502657	0.064771	0.791399	-0.004141	0.611286	-0.048579	0.996388	0.069644	-0.609366	-0.084812	0.788340
20422	5.119696	1.470999	9.358456	-0.172385	-0.566686	0.080897	0.787878	-0.003833	0.615819	-0.048133	0.996538	0.067784	-0.613947	-0.083046	0.784966
20423	3.672555	1.955153	10.747959	-0.291232	-0.655785	0.055113	0.783868	-0.003816	0.620915	-0.046747	0.996781	0.065141	-0.619165	-0.080088	0.781166
20424	2.277057	0.022948	10.687255	-0.028456	-1.309133	0.294347	0.775539	-0.001950	0.631297	-0.048833	0.996814	0.063070	-0.629408	-0.079741	0.772972
20425	3.917555	1.046333	10.904644	-0.130201	-1.457842	0.275769	0.766214	-0.000349	0.642586	-0.050111	0.996922	0.060294	-0.640629	-0.078399	0.763838
20426	4.077073	-1.356175	11.117437	0.041464	-2.009471	0.265160	0.753034	0.000693	0.657981	-0.052363	0.996891	0.058877	-0.655894	-0.078791	0.750729
20427	3.442891	-0.225553	11.344389	0.139913	-2.461063	0.223554	0.736628	0.000973	0.676297	-0.054938	0.996780	0.058406	-0.674063	-0.080178	0.734310
20428	4.447696	0.249032	11.789794	0.237923	-3.049803	0.210867	0.715596	0.000571	0.698514	-0.058068	0.996587	0.058674	-0.696096	-0.082548	0.713187
20429	3.982829	-0.099259	11.747220	0.178019	-3.604760	0.212718	0.690017	-0.000307	0.723793	-0.060805	0.996440	0.058389	-0.721235	-0.084300	0.687542
20430	4.752972	0.210175	12.636791	0.193126	-4.285265	0.246986	0.658315	-0.001521	0.752741	-0.063859	0.996280	0.057861	-0.750029	-0.086160	0.655769
20431	6.074021	1.796838	12.480209	0.295055	-4.964606	0.253804	0.620240	-0.003326	0.784405	-0.067723	0.996030	0.057773	-0.781483	-0.088956	0.617552
20432	9.005401	2.790572	13.639127	0.203256	-5.471012	0.417705	0.576270	-0.004105	0.817249	-0.071813	0.995865	0.055639	-0.814098	-0.090752	0.573592
20433	11.520564	5.288714	15.413986	0.146208	-5.527829	0.705537	0.530031	-0.002118	0.847976	-0.076915	0.995755	0.050563	-0.844483	-0.092022	0.527618
20434	11.493772	4.989600	13.492865	-0.135868	-5.160003	0.959829	0.484988	0.002706	0.874516	-0.080590	0.995878	0.041612	-0.870799	-0.090659	0.483208
20435	9.215815	5.277641	10.871912	-0.275959	-4.833295	1.063269	0.441641	0.008978	0.897147	-0.083081	0.996063	0.030930	-0.893337	-0.088196	0.440648
20436	6.381171	11.774425	12.464982	-0.557190	-4.515860	1.051031	0.399959	0.015559	0.916401	-0.082441	0.996414	0.019064	-0.912818	-0.083174	0.399807
20437	24.984622	6.461595	22.318937	-1.450339	-3.261941	0.317002	0.369906	0.016217	0.928928	-0.070340	0.997467	0.010596	-0.926403	-0.069261	0.370110
20438	10.761453	-0.164627	22.741206	-1.617127	-0.402737	-0.621286	0.366529	0.009749	0.930355	-0.053020	0.998539	0.010425	-0.928895	-0.053149	0.366511
20439	-6.060404	-4.618327	12.962886	-0.230260	0.369080	-1.148681	0.370759	-0.001548	0.928728	-0.046677	0.998704	0.020299	-0.927556	-0.050877	0.370206
20440	-9.274531	-1.666007	9.776517	0.562795	0.227208	-0.967912	0.373300	-0.011113	0.927644	-0.048263	0.998342	0.031381	-0.926454	-0.056485	0.372145
20441	-5.947576	0.397905	10.902692	0.529724	0.106420	-0.175377	0.374641	-0.012807	0.927081	-0.052538	0.998005	0.035017	-0.925680	-0.061826	0.373221
20442	-1.202710	-2.172078	13.289056	0.218691	0.551215	0.537419	0.379420	-0.007118	0.925197	-0.056555	0.997922	0.030871	-0.923494	-0.064038	0.378230
20443	1.032321	-5.534583	13.396356	0.404689	1.372221	0.905466	0.391808	0.002824	0.920043	-0.063804	0.997671	0.024109	-0.917832	-0.068149	0.391076
20444	0.877194	-5.602788	11.977955	0.947415	2.170236	1.117587	0.410817	0.015527	0.911586	-0.076910	0.996881	0.017680	-0.908468	-0.077374	0.410730
20445	0.674673	-3.574279	10.490150	1.219120	2.740102	1.356145	0.434700	0.031336	0.900030	-0.093674	0.995547	0.010582	-0.895690	-0.088909	0.435699
20446	1.391983	-2.786539	9.597982	1.196666	3.144697	1.591437	0.460975	0.050108	0.885997	-0.111399	0.993774	0.001757	-0.880393	-0.099509	0.463687
20447	2.745499	-3.173484	8.843470	1.161531	3.466164	1.723895	0.489431	0.070867	0.869158	-0.129751	0.991516	-0.007780	-0.862335	-0.108966	0.494474
20448	3.861670	-2.716959	8.300801	1.187344	3.730802	1.723839	0.518807	0.092143	0.849911	-0.148530	0.988770	-0.016531	-0.841890	-0.117660	0.526667
20449	4.427481	-1.273761	8.109294	1.094758	3.906506	1.574967	0.549100	0.112468	0.828155	-0.166074	0.985827	-0.023767	-0.819090	-0.124485	0.559995
20450	5.173395	-0.612175	8.285219	0.819634	3.990052	1.284811	0.579068	0.130127	0.804827	-0.179908	0.983240	-0.029532	-0.795181	-0.127694	0.592774
20451	6.856098	-1.207517	8.260053	0.563681	4.031431	0.904959	0.609257	0.144213	0.779749	-0.189741	0.981272	-0.033230	-0.769938	-0.127705	0.625210
20452	8.155763	-1.495968	7.770960	0.424347	4.069423	0.519318	0.639042	0.154441	0.753507	-0.196163	0.979964	-0.034493	-0.743738	-0.125768	0.656534
20453	8.312321	-1.180428	7.039767	0.284481	4.030706	0.192977	0.668381	0.161379	0.726101	-0.199546	0.979300	-0.033971	-0.716553	-0.122185	0.686748
20454	8.136185	-1.151472	6.390051	0.156628	3.860098	-0.046902	0.695609	0.165522	0.699092	-0.200296	0.979195	-0.032542	-0.689934	-0.117389	0.714291
20455	8.331495	-1.073439	6.088356	0.089062	3.586214	-0.203589	0.720559	0.167696	0.672809	-0.199497	0.979425	-0.030464	-0.664075	-0.112272	0.739189
20456	8.797222	-0.548776	6.149274	0.053269	3.305233	-0.288009	0.742668	0.168479	0.648120	-0.197706	0.979857	-0.028167	-0.639810	-0.107218	0.761017
20457	8.993430	0.005681	6.281412	0.013467	3.033471	-0.295509	0.762543	0.168808	0.624525	-0.195601	0.980335	-0.026154	-0.616659	-0.102214	0.780567
20458	9.066344	0.073134	6.346106	-0.021049	2.780073	-0.276242	0.779915	0.168850	0.602678	-0.193313	0.980828	-0.024633	-0.595283	-0.097294	0.797604
20459	9.162426	-0.612763	6.446075	0.033808	2.529186	-0.275803	0.795457	0.168601	0.582084	-0.191370	0.981255	-0.022701	-0.575000	-0.093336	0.812812
20460	9.852415	-1.571535	6.661265	0.235848	2.288712	-0.325234	0.809012	0.167506	0.563420	-0.190065	0.981589	-0.018914	-0.556215	-0.091785	0.825954
20461	11.188200	-2.262116	6.693970	0.546265	2.087722	-0.414547	0.821409	0.165415	0.545825	-0.189700	0.981768	-0.012050	-0.537867	-0.093645	0.837813
20462	12.732681	-2.263321	6.433393	0.899639	1.944741	-0.516606	0.832668	0.162196	0.529487	-0.190157	0.981752	-0.001698	-0.520101	-0.099272	0.848316
20463	14.354503	-1.616245	6.045484	1.162274	1.856863	-0.602585	0.843473	0.158241	0.513335	-0.191059	0.981513	0.011373	-0.502045	-0.107670	0.858113
20464	15.925938	-0.988617	5.479513	1.295963	1.811589	-0.655239	0.853652	0.153828	0.497609	-0.191861	0.981082	0.025853	-0.484218	-0.117541	0.867016
20465	17.312640	-0.080079	4.782608	1.294119	1.800067	-0.673691	0.863639	0.149457	0.481445	-0.192223	0.980518	0.040433	-0.466023	-0.127464	0.875543
20466	18.312311	0.552014	3.582451	1.153348	1.786397	-0.626895	0.873003	0.145643	0.465462	-0.192023	0.979929	0.053533	-0.448323	-0.136114	0.883448
20467	18.633943	0.847814	2.156673	0.948296	1.750610	-0.524652	0.881818	0.142967	0.449398	-0.191576	0.979366	0.064350	-0.430925	-0.142839	0.891011
20468	18.394975	0.200216	0.606357	0.794944	1.683185	-0.449145	0.889785	0.140995	0.434055	-0.190930	0.978853	0.073431	-0.414523	-0.148212	0.897889
20469	17.205150	1.053309	-0.607471	0.657377	1.533681	-0.427191	0.896923	0.139133	0.419726	-0.189771	0.978467	0.081178	-0.399394	-0.152463	0.904013
20470	15.335379	2.092145	-1.655198	0.358122	1.246277	-0.398108	0.902571	0.137125	0.408119	-0.187570	0.978474	0.086058	-0.387534	-0.154225	0.908863
20471	13.344253	2.261534	-2.375571	-0.020060	0.806995	-0.399970	0.906473	0.134455	0.400286	-0.183856	0.979051	0.087494	-0.380137	-0.152906	0.912204
20472	11.682830	2.033250	-2.499451	-0.346225	0.258043	-0.470168	0.908296	0.130215	0.397545	-0.178249	0.980203	0.086194	-0.378451	-0.149152	0.913525
20473	10.833293	1.263831	-1.940327	-0.583092	-0.305570	-0.613785	0.908249	0.123746	0.399713	-0.170441	0.981839	0.083321	-0.382143	-0.143804	0.912846
20474	10.463930	1.219313	0.195467	-0.682830	-0.761095	-0.760310	0.906562	0.115178	0.406052	-0.160877	0.983715	0.080145	-0.390209	-0.137981	0.910329
20475	6.099314	-2.044389	-1.779071	-0.523179	-1.725431	-0.586336	0.900644	0.107048	0.421166	-0.153480	0.985082	0.077831	-0.406552	-0.134738	0.903638
20476	2.172036	1.422322	13.820698	-0.446789	-1.281468	-0.458434	0.896038	0.100799	0.432384	-0.147489	0.986159	0.075748	-0.418764	-0.131645	0.898502
20477	10.519099	-2.218511	14.159465	-0.272367	-1.115341	-0.228183	0.891676	0.097083	0.442141	-0.144279	0.986743	0.074307	-0.429065	-0.130049	0.893863
20478	4.165676	-3.175685	12.057119	-0.216264	-0.703374	-0.134850	0.888819	0.094819	0.448341	-0.142115	0.987157	0.072964	-0.435664	-0.128568	0.890880
20479	-0.177893	-4.362420	8.373024	-0.211723	-0.990283	-0.211149	0.884791	0.091460	0.456924	-0.139287	0.987629	0.072029	-0.444684	-0.127374	0.886584
20480	2.508842	-3.107051	6.775306	0.247995	-1.470635	-0.258047	0.878507	0.086987	0.469744	-0.138101	0.987544	0.075402	-0.457333	-0.131113	0.879577
20481	4.552215	-0.486535	8.779369	0.423161	-1.715070	-0.171961	0.870816	0.082986	0.484555	-0.138531	0.987129	0.079904	-0.471687	-0.136708	0.871104
20482	11.378196	-1.356254	12.856912	0.420896	-1.883901	-0.161844	0.861995	0.078736	0.500764	-0.139119	0.986678	0.084336	-0.487452	-0.142363	0.861466
20483	14.887464	-1.466731	12.327921	0.357243	-1.416779	-0.148349	0.855251	0.075215	0.512727	-0.139570	0.986283	0.088125	-0.499065	-0.146930	0.854017
20484	9.153661	-1.290768	10.505931	0.407846	-1.053621	-0.215586	0.850238	0.071492	0.521520	-0.139755	0.985837	0.092700	-0.507507	-0.151703	0.848188
20485	8.408784	0.810663	9.448019	0.634661	-0.977310	-0.311550	0.845710	0.066896	0.529433	-0.140314	0.985078	0.099667	-0.514866	-0.158577	0.842477
20486	10.355154	3.297305	10.127534	0.536460	-0.797368	-0.274763	0.841956	0.062879	0.535870	-0.140744	0.984395	0.105628	-0.520867	-0.164354	0.837667
20487	8.564555	5.171346	9.573557	0.176989	-0.513963	-0.146565	0.839501	0.060575	0.539971	-0.140394	0.984203	0.107864	-0.524907	-0.166360	0.834744
20488	4.983979	4.876766	8.186926	0.003318	-0.430459	0.000687	0.837221	0.059841	0.543580	-0.140388	0.984202	0.107878	-0.528537	-0.166630	0.832396
20489	7.142618	4.687933	8.445346	-0.432208	-0.466508	0.214048	0.834471	0.061168	0.547646	-0.139847	0.984791	0.103096	-0.533011	-0.162617	0.830334
20490	4.754062	1.820740	8.308580	-0.414020	-0.372402	0.255422	0.832111	0.063062	0.551013	-0.139731	0.985303	0.098249	-0.536719	-0.158748	0.828693
20491	5.647073	0.342187	8.510137	-0.441689	-0.448143	0.289801	0.829316	0.065203	0.554962	-0.139726	0.985815	0.092978	-0.541028	-0.154651	0.826663
20492	5.728961	-0.170025	8.590026	-0.386800	-0.451874	0.247800	0.826504	0.066932	0.558938	-0.139647	0.986248	0.088395	-0.545335	-0.151113	0.824485
20493	6.146714	0.240434	8.622236	-0.346886	-0.471715	0.213301	0.823649	0.068318	0.562970	-0.139474	0.986629	0.084327	-0.549681	-0.147976	0.822164
20494	6.409327	-0.082643	8.607129	-0.335825	-0.391319	0.185383	0.821220	0.069551	0.566357	-0.139117	0.986998	0.080513	-0.553393	-0.144909	0.820218
20495	6.555601	-0.034945	8.574991	-0.247990	-0.334348	0.136426	0.819200	0.070404	0.569170	-0.138825	0.987265	0.077689	-0.556452	-0.142658	0.818541
20496	6.312885	0.613143	8.551477	-0.176023	-0.265588	0.099859	0.817568	0.070990	0.571439	-0.138631	0.987449	0.075671	-0.558895	-0.141085	0.817148
20497	6.117856	0.894645	8.480092	-0.162050	-0.217732	0.093125	0.816244	0.071591	0.573254	-0.138449	0.987616	0.073795	-0.560872	-0.139601	0.816048
20498	6.198301	0.586379	8.530644	-0.165357	-0.190333	0.083570	0.815047	0.072129	0.574888	-0.138172	0.987791	0.071958	-0.562679	-0.138083	0.815062
20499	6.155113	0.619250	8.496043	-0.128210	-0.159603	0.072567	0.814071	0.072614	0.576208	-0.138005	0.987921	0.070477	-0.564131	-0.136893	0.814258
20500	5.977787	0.901610	8.505581	-0.107363	-0.135627	0.068796	0.813197	0.073085	0.577381	-0.137928	0.988022	0.069198	-0.565408	-0.135908	0.813537
20501	5.433757	1.146378	8.363707	-0.113396	-0.140791	0.077997	0.812316	0.073652	0.578548	-0.137885	0.988125	0.067805	-0.566684	-0.134853	0.812825
20502	5.093081	1.404810	8.530502	-0.122845	-0.203656	0.094256	0.811017	0.074287	0.580286	-0.137923	0.988225	0.066253	-0.568532	-0.133767	0.811713
20503	5.279427	1.396558	8.536371	-0.165980	-0.273043	0.119415	0.809321	0.075091	0.582547	-0.137911	0.988362	0.064196	-0.570947	-0.132294	0.810258
20504	6.695359	-1.027140	9.121831	-0.107458	-0.280321	0.053569	0.807631	0.075227	0.584871	-0.137699	0.988468	0.063005	-0.573386	-0.131420	0.808676
20505	6.280451	0.704815	8.291424	0.022232	-0.275677	0.011857	0.806055	0.074969	0.587074	-0.137887	0.988436	0.063096	-0.575555	-0.131809	0.807071
