// General information: 
//  MT Manager version: 2022.2.0 
//  XDA version: 2022.2.0 build 7381 rev 124627 built on 2023-07-19
// Device information: 
//  DeviceId: 00B4CBA7
//  ProductCode: MTW2-3A7G6
//  Firmware Version: 4.6.0
//  Hardware Version: 2.0.0
// Device settings: 
//  Filter Profile: human(46.1)
//  Option Flags: Orientation Smoother Disabled, Position/Velocity Smoother Disabled, Continuous Zero Rotation Update Disabled, AHS Disabled, ICC Disabled
// Coordinate system: ENU
PacketCounter	Acc_X	Acc_Y	Acc_Z	Gyr_X	Gyr_Y	Gyr_Z	Mat[1][1]	Mat[2][1]	Mat[3][1]	Mat[1][2]	Mat[2][2]	Mat[3][2]	Mat[1][3]	Mat[2][3]	Mat[3][3]
10152	9.705054	1.592314	-1.012190	-0.080210	-0.063585	-0.113036	-0.026238	-0.141079	0.989651	-0.455843	0.882761	0.113756	-0.889673	-0.448141	-0.087472
10153	9.691250	1.424890	-1.335782	-0.181575	-0.055544	-0.109470	-0.026278	-0.142347	0.989468	-0.454243	0.883421	0.115027	-0.890490	-0.446436	-0.087874
10154	9.609012	1.324462	-1.470876	-0.207039	-0.050946	-0.113028	-0.026195	-0.143599	0.989289	-0.452408	0.884187	0.116364	-0.891426	-0.444514	-0.088126
10155	9.768343	1.267778	-1.544356	-0.264300	-0.042470	-0.115647	-0.026096	-0.144864	0.989107	-0.450067	0.885194	0.117771	-0.892613	-0.442092	-0.088298
10156	9.843982	0.788791	-1.496301	-0.277132	-0.024837	-0.125891	-0.025728	-0.146116	0.988933	-0.447605	0.886238	0.119298	-0.893861	-0.439582	-0.088203
10157	9.783714	0.662357	-1.251491	-0.224773	-0.026950	-0.129255	-0.025437	-0.147434	0.988745	-0.445615	0.887037	0.120804	-0.894863	-0.437526	-0.088263
10158	9.770006	0.754141	-0.944066	-0.193726	-0.032005	-0.143393	-0.025062	-0.148873	0.988539	-0.443896	0.887675	0.122429	-0.895728	-0.435740	-0.088331
10159	9.729017	0.807000	-0.570856	-0.191443	-0.036984	-0.143013	-0.024806	-0.150357	0.988321	-0.442204	0.888296	0.124041	-0.896571	-0.433962	-0.088524
10160	9.619572	0.979272	-0.229301	-0.156342	-0.065854	-0.141732	-0.024747	-0.151928	0.988082	-0.440817	0.888764	0.125617	-0.897256	-0.432454	-0.088966
10161	9.534983	1.374218	0.124799	-0.182579	-0.093953	-0.134842	-0.025042	-0.153584	0.987818	-0.439199	0.889348	0.127140	-0.898041	-0.430665	-0.089725
10162	9.568080	1.581988	0.633784	-0.229293	-0.142082	-0.136651	-0.025695	-0.155437	0.987512	-0.437153	0.890126	0.128733	-0.899020	-0.428386	-0.090822
10163	9.548850	1.820371	1.201492	-0.328820	-0.192144	-0.136762	-0.026869	-0.157525	0.987149	-0.434218	0.891317	0.130414	-0.900407	-0.425134	-0.092349
10164	9.315597	1.291622	1.398621	-0.384871	-0.250393	-0.131669	-0.028532	-0.159787	0.986739	-0.430766	0.892742	0.132110	-0.902013	-0.421284	-0.094302
10165	9.231345	0.886611	1.684155	-0.325609	-0.325647	-0.135855	-0.030921	-0.162414	0.986238	-0.427854	0.893891	0.133792	-0.903319	-0.417829	-0.097130
10166	9.292581	0.993836	2.260560	-0.262336	-0.433486	-0.123761	-0.034287	-0.165353	0.985638	-0.425503	0.894784	0.135309	-0.904307	-0.414753	-0.101038
10167	9.295218	1.336846	2.836453	-0.260096	-0.560084	-0.102136	-0.038945	-0.168624	0.984911	-0.423173	0.895690	0.136616	-0.905211	-0.411468	-0.106240
10168	9.408737	1.473202	3.200591	-0.287099	-0.693845	-0.076195	-0.044884	-0.172176	0.984043	-0.420585	0.896740	0.137717	-0.906142	-0.407693	-0.112664
10169	9.674387	1.710082	3.082003	-0.276606	-0.795237	-0.057294	-0.051864	-0.175954	0.983031	-0.418090	0.897764	0.138634	-0.906924	-0.403806	-0.120127
10170	9.936001	1.921944	2.418738	-0.243611	-0.879190	-0.044648	-0.059631	-0.179917	0.981873	-0.415886	0.898667	0.139413	-0.907460	-0.400034	-0.128413
10171	10.143160	1.858843	1.593106	-0.207703	-0.961080	-0.014873	-0.068290	-0.183911	0.980568	-0.413994	0.899470	0.139869	-0.907714	-0.396398	-0.137563
10172	10.461806	2.248037	0.696688	-0.164888	-1.044982	0.021374	-0.077840	-0.187871	0.979104	-0.412463	0.900163	0.139932	-0.907643	-0.392952	-0.147558
10173	10.666961	2.817756	0.081511	-0.204985	-1.117060	0.047142	-0.088162	-0.191845	0.977457	-0.410547	0.901056	0.139820	-0.907568	-0.388965	-0.158201
10174	10.582601	2.834679	-0.565313	-0.314331	-1.154211	0.071911	-0.098910	-0.195685	0.975666	-0.407608	0.902412	0.139671	-0.907784	-0.383875	-0.169020
10175	10.773887	2.531681	-0.960669	-0.346116	-1.139316	0.101857	-0.109651	-0.199142	0.973817	-0.404343	0.903934	0.139322	-0.908011	-0.378479	-0.179639
10176	10.830609	2.178232	-1.312546	-0.299031	-1.118087	0.135739	-0.120327	-0.202146	0.971935	-0.401454	0.905332	0.138593	-0.907941	-0.373511	-0.190088
10177	11.101578	2.168389	-1.531398	-0.267784	-1.096471	0.144902	-0.130840	-0.204938	0.969990	-0.398824	0.906622	0.137753	-0.907645	-0.368832	-0.200357
10178	11.324817	2.228119	-1.858134	-0.164775	-1.067831	0.099987	-0.140903	-0.207978	0.967931	-0.397177	0.907434	0.137162	-0.906861	-0.365113	-0.210465
10179	10.881566	1.734328	-2.346551	0.041512	-1.043939	0.058791	-0.150573	-0.211283	0.965757	-0.397451	0.907407	0.136551	-0.905185	-0.363280	-0.220606
10180	10.532990	1.802739	-2.718039	0.277310	-1.019230	0.023411	-0.159856	-0.214804	0.963486	-0.399905	0.906450	0.135738	-0.902509	-0.363605	-0.230802
10181	10.224397	1.740238	-2.938193	0.339031	-0.989197	0.018238	-0.168819	-0.218277	0.961174	-0.402914	0.905255	0.134811	-0.899533	-0.364512	-0.240771
10182	10.047001	1.396155	-3.199300	0.414582	-0.950137	0.026919	-0.177436	-0.221533	0.958874	-0.406575	0.903800	0.133574	-0.896222	-0.366153	-0.250436
10183	9.844914	1.219262	-3.448579	0.474634	-0.896826	0.057221	-0.185670	-0.224348	0.956658	-0.410702	0.902184	0.131864	-0.892665	-0.368418	-0.259649
10184	9.566428	1.062589	-3.844236	0.488219	-0.825372	0.091804	-0.193379	-0.226600	0.954598	-0.414863	0.900587	0.129737	-0.889097	-0.370939	-0.268162
10185	9.410758	0.574715	-4.174941	0.406181	-0.767880	0.147455	-0.200789	-0.228167	0.952693	-0.418163	0.899411	0.127274	-0.885902	-0.372826	-0.276003
10186	9.372439	-0.340163	-4.583759	0.390113	-0.713321	0.194018	-0.207888	-0.229116	0.950941	-0.421203	0.898398	0.124376	-0.882819	-0.374683	-0.283271
10187	9.303847	-0.374405	-4.927559	0.410787	-0.674406	0.193662	-0.214638	-0.229949	0.949239	-0.424402	0.897298	0.121402	-0.879667	-0.376801	-0.290185
10188	9.046380	0.076680	-5.002750	0.334731	-0.625269	0.156029	-0.220770	-0.230938	0.947591	-0.426989	0.896395	0.118981	-0.876893	-0.378344	-0.296505
10189	8.681403	0.520819	-5.025205	0.170587	-0.562533	0.124778	-0.226226	-0.231984	0.946047	-0.428194	0.896038	0.117328	-0.874913	-0.378549	-0.302041
10190	8.489722	1.132143	-5.278265	0.007958	-0.445533	0.116710	-0.230598	-0.232650	0.944827	-0.427984	0.896280	0.116241	-0.873873	-0.377566	-0.306251
10191	8.263264	2.011625	-4.909990	-0.306452	-0.269998	0.131698	-0.233522	-0.232521	0.944141	-0.424990	0.897738	0.115977	-0.874558	-0.374167	-0.308461
10192	8.247833	2.004205	-4.440471	-0.659057	-0.093874	0.161066	-0.235000	-0.231449	0.944037	-0.418828	0.900558	0.116530	-0.877131	-0.368004	-0.308569
10193	7.798072	0.890262	-4.519718	-0.848772	0.060225	0.228392	-0.235425	-0.229212	0.944477	-0.410821	0.904174	0.117028	-0.880796	-0.360460	-0.307030
10194	7.633337	0.557494	-4.427466	-0.866933	0.194324	0.300167	-0.234907	-0.225827	0.945421	-0.402449	0.907950	0.116881	-0.884790	-0.353028	-0.304168
10195	7.434158	0.596357	-4.114575	-0.903160	0.322889	0.347015	-0.233437	-0.221587	0.946787	-0.393617	0.911880	0.116368	-0.889142	-0.345507	-0.300087
10196	7.164208	-0.037211	-3.750268	-0.910811	0.440033	0.383646	-0.230985	-0.216605	0.948540	-0.384594	0.915834	0.115482	-0.893719	-0.338128	-0.294849
10197	7.080446	-0.789263	-3.948165	-0.692629	0.536553	0.408138	-0.227752	-0.211106	0.950559	-0.377445	0.919029	0.113668	-0.897588	-0.332896	-0.288992
10198	7.192704	-0.742420	-4.016147	-0.384203	0.624985	0.425151	-0.223707	-0.205150	0.952822	-0.373018	0.921189	0.110760	-0.900451	-0.330642	-0.282601
10199	7.420119	-0.460915	-4.028899	-0.192768	0.691042	0.417846	-0.219055	-0.199056	0.955192	-0.370347	0.922670	0.107347	-0.902695	-0.330237	-0.275836
10200	7.385974	-0.301128	-4.227332	-0.010179	0.742326	0.390043	-0.213769	-0.193029	0.957623	-0.369397	0.923469	0.103684	-0.904350	-0.331579	-0.268713
10201	7.404707	0.068573	-4.364382	0.142927	0.800433	0.352185	-0.207860	-0.187152	0.960088	-0.369940	0.923663	0.099959	-0.905505	-0.334397	-0.261228
10202	7.526999	0.218385	-4.317522	0.242698	0.853054	0.316016	-0.201282	-0.181393	0.962591	-0.371478	0.923430	0.096336	-0.906361	-0.338190	-0.253253
10203	7.640816	0.546651	-4.076547	0.315282	0.890893	0.276147	-0.194274	-0.175853	0.965056	-0.373781	0.922851	0.092917	-0.906943	-0.342669	-0.245016
10204	7.947971	0.381625	-4.045054	0.336236	0.918057	0.242698	-0.186833	-0.170476	0.967487	-0.376354	0.922113	0.089802	-0.907442	-0.347340	-0.236441
10205	8.136015	0.482485	-3.868000	0.339079	0.897374	0.184420	-0.179431	-0.165681	0.969719	-0.379085	0.921239	0.087254	-0.907799	-0.351950	-0.228106
10206	7.986059	0.588471	-4.072151	0.343734	0.896490	0.122240	-0.171734	-0.161408	0.971831	-0.381976	0.920224	0.085337	-0.908076	-0.356561	-0.219688
10207	7.813118	0.686362	-4.240841	0.392863	0.905670	0.079452	-0.163867	-0.157470	0.973833	-0.385401	0.918941	0.083743	-0.908082	-0.361593	-0.211273
10208	7.885423	1.099633	-3.978640	0.379938	0.898291	0.031384	-0.155809	-0.153940	0.975718	-0.388785	0.917610	0.082689	-0.908058	-0.366461	-0.202821
10209	8.020285	1.250680	-4.198804	0.325232	0.881961	0.007617	-0.147888	-0.150667	0.977460	-0.391717	0.916425	0.081993	-0.908123	-0.370762	-0.194547
10210	8.261479	1.522564	-4.374866	0.355368	0.884259	-0.016547	-0.139770	-0.147549	0.979129	-0.394952	0.915078	0.081517	-0.908007	-0.375315	-0.186175
10211	8.321565	2.111208	-3.955405	0.334105	0.920653	-0.025104	-0.131376	-0.144355	0.980766	-0.398009	0.913782	0.081182	-0.907926	-0.379688	-0.177504
10212	8.182689	1.665639	-3.999890	0.219840	0.888434	0.040843	-0.123449	-0.140623	0.982337	-0.399936	0.913006	0.080439	-0.908191	-0.382942	-0.168950
10213	10.434888	0.605559	-3.815526	0.230055	0.617555	0.208212	-0.118745	-0.136408	0.983510	-0.401763	0.912412	0.078039	-0.908012	-0.385871	-0.163148
10214	12.218643	6.631728	-2.585861	0.255109	0.233140	0.122554	-0.117100	-0.134415	0.983982	-0.403917	0.911595	0.076459	-0.907270	-0.388493	-0.161040
10215	11.575050	6.791025	-1.763748	-0.420592	0.191386	-0.095050	-0.115049	-0.134611	0.984197	-0.400196	0.913095	0.078105	-0.909179	-0.384886	-0.158922
10216	11.839616	2.027913	-0.605217	0.194190	0.313051	-0.118252	-0.111706	-0.134511	0.984596	-0.402078	0.912191	0.079002	-0.908766	-0.387059	-0.155981
10217	11.866887	3.154764	0.692526	1.016179	0.335837	-0.020073	-0.108641	-0.133455	0.985082	-0.411303	0.908183	0.077676	-0.905001	-0.396729	-0.153556
10218	11.481749	3.816650	0.644101	0.568515	0.317621	0.144017	-0.106342	-0.130908	0.985675	-0.416270	0.906107	0.075430	-0.903001	-0.402286	-0.150850
10219	10.667540	-0.157789	-0.753974	0.066598	0.259222	0.242014	-0.105059	-0.127752	0.986226	-0.416602	0.906153	0.073001	-0.902998	-0.403195	-0.148422
10220	10.123054	-1.610573	-1.360123	0.221925	0.181452	0.235898	-0.104383	-0.124910	0.986662	-0.418341	0.905559	0.070384	-0.902272	-0.405414	-0.146779
10221	9.495645	-0.040062	-1.533785	0.088108	0.187771	0.234276	-0.103720	-0.122102	0.987083	-0.418878	0.905493	0.067995	-0.902099	-0.406415	-0.145063
10222	9.158882	-1.268787	-2.340367	-0.113265	0.236411	0.246107	-0.102592	-0.118940	0.987587	-0.417585	0.906255	0.065766	-0.902828	-0.405654	-0.142642
10223	9.151428	-1.294156	-3.127992	0.155342	0.254639	0.228068	-0.101300	-0.115911	0.988080	-0.418740	0.905894	0.063339	-0.902438	-0.407333	-0.140304
10224	9.242441	0.742096	-3.527030	0.406631	0.265957	0.190906	-0.099681	-0.113122	0.988568	-0.422197	0.904454	0.060925	-0.901007	-0.411298	-0.137916
10225	9.462364	2.442045	-3.425190	0.331493	0.298977	0.179829	-0.097810	-0.110333	0.989070	-0.424991	0.903290	0.058737	-0.899898	-0.414601	-0.135241
10226	9.963506	1.810876	-2.793004	0.069912	0.346338	0.195006	-0.095498	-0.107162	0.989645	-0.425414	0.903218	0.056752	-0.899946	-0.415589	-0.131844
10227	10.097641	0.665742	-1.815398	0.081604	0.362564	0.207627	-0.093181	-0.103856	0.990218	-0.425938	0.903101	0.054638	-0.899941	-0.416680	-0.128388
10228	9.762184	1.273175	-0.748686	0.261580	0.351100	0.218965	-0.090934	-0.100440	0.990779	-0.428071	0.902238	0.052175	-0.899159	-0.419379	-0.125039
10229	9.395119	2.533669	0.118271	0.286035	0.300758	0.247645	-0.089355	-0.097020	0.991263	-0.430403	0.901283	0.049416	-0.898203	-0.422228	-0.122291
10230	9.316005	3.799789	0.859529	0.179590	0.210333	0.269913	-0.088605	-0.093725	0.991647	-0.431758	0.900787	0.046559	-0.897627	-0.424026	-0.120281
10231	9.760415	3.358380	1.368346	-0.181719	0.108712	0.294259	-0.088948	-0.090698	0.991898	-0.429848	0.901832	0.043916	-0.898509	-0.422460	-0.119202
10232	10.159381	0.460742	1.252111	-0.370972	0.034280	0.299945	-0.089899	-0.087873	0.992067	-0.426226	0.903668	0.041419	-0.900139	-0.419121	-0.118693
10233	10.064545	-1.515982	1.163835	-0.199130	-0.054036	0.283005	-0.091630	-0.085625	0.992105	-0.424159	0.904752	0.038911	-0.900940	-0.417245	-0.119221
10234	10.148187	-1.518631	0.710774	-0.202431	-0.114111	0.269591	-0.093776	-0.083687	0.992070	-0.422066	0.905829	0.036516	-0.901702	-0.415295	-0.120266
10235	10.015234	-2.118936	-0.306521	-0.275355	-0.123636	0.256876	-0.096008	-0.081946	0.992002	-0.419321	0.907188	0.034357	-0.902747	-0.412669	-0.121459
10236	9.707260	-2.043020	-1.055523	-0.235089	-0.123885	0.238229	-0.098100	-0.080321	0.991930	-0.416949	0.908355	0.032318	-0.903621	-0.410413	-0.122599
10237	9.602844	-1.246499	-1.622542	-0.187132	-0.121585	0.214538	-0.100129	-0.078937	0.991838	-0.415027	0.909299	0.030469	-0.904282	-0.408589	-0.123808
10238	9.745112	-0.696669	-2.021247	-0.129627	-0.100253	0.191433	-0.101806	-0.077632	0.991771	-0.413644	0.909984	0.028770	-0.904729	-0.407311	-0.124754
10239	9.734868	-0.459867	-2.054338	-0.028060	-0.067906	0.162385	-0.103132	-0.076495	0.991722	-0.413207	0.910230	0.027239	-0.904778	-0.406977	-0.125483
10240	9.783107	-0.447930	-2.076067	0.129312	-0.037771	0.147777	-0.104062	-0.075332	0.991714	-0.414206	0.909822	0.025648	-0.904215	-0.408104	-0.125881
10241	9.834165	-0.621650	-1.898011	0.264637	-0.000739	0.137213	-0.104682	-0.074150	0.991738	-0.416437	0.908848	0.023996	-0.903118	-0.410484	-0.126019
10242	9.773194	-0.587719	-1.774926	0.401248	0.022356	0.128166	-0.104993	-0.072922	0.991796	-0.419905	0.907295	0.022257	-0.901474	-0.414124	-0.125880
10243	9.674840	0.076958	-1.574872	0.465549	0.027766	0.129156	-0.105334	-0.071696	0.991849	-0.423945	0.905458	0.020429	-0.899542	-0.418338	-0.125770
10244	9.807589	0.649106	-1.555833	0.362056	0.025113	0.127922	-0.105628	-0.070461	0.991906	-0.427047	0.904035	0.018743	-0.898039	-0.421610	-0.125582
10245	9.748336	0.542302	-1.459476	0.239472	0.027220	0.125807	-0.105968	-0.069270	0.991954	-0.429046	0.903118	0.017233	-0.897045	-0.423768	-0.125422
10246	9.766160	0.518428	-1.251461	0.148224	0.000088	0.127055	-0.106489	-0.068150	0.991976	-0.430223	0.902584	0.015824	-0.896420	-0.425085	-0.125435
10247	9.868948	0.240615	-1.302504	0.084067	0.005083	0.120044	-0.107006	-0.067107	0.991991	-0.430831	0.902315	0.014567	-0.896066	-0.425822	-0.125465
10248	9.682898	-0.022882	-1.274323	0.073787	0.001358	0.119440	-0.107484	-0.066051	0.992010	-0.431346	0.902088	0.013328	-0.895761	-0.426468	-0.125451
10249	9.610715	-0.282126	-1.115142	0.055458	-0.010489	0.111792	-0.108105	-0.065149	0.992002	-0.431705	0.901932	0.012188	-0.895513	-0.426935	-0.125629
10250	9.681557	-0.502097	-0.891681	0.070740	-0.007789	0.104933	-0.108604	-0.064264	0.992006	-0.432208	0.901706	0.011096	-0.895210	-0.427547	-0.125704
10251	9.494284	-0.845698	-0.648647	0.127147	-0.012008	0.095352	-0.109168	-0.063515	0.991992	-0.433224	0.901230	0.010028	-0.894650	-0.428660	-0.125902
10252	9.591493	-0.927409	-0.510423	0.244311	-0.028162	0.088740	-0.109781	-0.062864	0.991966	-0.435294	0.900244	0.008877	-0.893570	-0.430823	-0.126194
10253	9.480331	-0.365984	-0.363140	0.348222	-0.058716	0.085438	-0.110721	-0.062404	0.991890	-0.438292	0.898801	0.007623	-0.891987	-0.433893	-0.126867
10254	9.483873	0.233282	-0.313599	0.322469	-0.090449	0.089848	-0.111898	-0.062018	0.991783	-0.441048	0.897461	0.006359	-0.890480	-0.436713	-0.127777
10255	9.538624	0.272556	-0.496337	0.233735	-0.112257	0.097293	-0.113366	-0.061690	0.991636	-0.443002	0.896506	0.005127	-0.889324	-0.438715	-0.128962
10256	9.506950	-0.010636	-0.668096	0.189628	-0.139021	0.098900	-0.115016	-0.061442	0.991462	-0.444557	0.895742	0.003938	-0.888336	-0.440308	-0.130339
10257	9.575761	0.005191	-0.877208	0.220297	-0.163396	0.094630	-0.116925	-0.061368	0.991243	-0.446386	0.894836	0.002744	-0.887169	-0.442156	-0.132023
10258	9.432592	0.125163	-0.933349	0.233734	-0.190172	0.093147	-0.119003	-0.061404	0.990993	-0.448331	0.893866	0.001548	-0.885910	-0.444109	-0.133902
10259	9.486968	0.105561	-0.714350	0.201286	-0.221390	0.090846	-0.121406	-0.061629	0.990688	-0.449987	0.893035	0.000410	-0.884744	-0.445747	-0.136152
10260	9.647880	-0.090943	-0.654747	0.166728	-0.249472	0.091506	-0.124000	-0.061953	0.990346	-0.451332	0.892356	-0.000688	-0.883699	-0.447061	-0.138613
10261	9.644117	-0.197430	-0.692919	0.148672	-0.278568	0.087777	-0.126889	-0.062467	0.989948	-0.452518	0.891753	-0.001732	-0.882681	-0.448189	-0.141421
10262	9.604212	0.048224	-0.595876	0.153679	-0.311016	0.089879	-0.130015	-0.063088	0.989503	-0.453742	0.891129	-0.002803	-0.881597	-0.449344	-0.144486
10263	10.105837	-0.174144	-0.775131	0.149718	-0.323822	0.073925	-0.133234	-0.063935	0.989020	-0.454947	0.890511	-0.003720	-0.880495	-0.450448	-0.147733
10264	10.774770	0.673943	-1.271631	0.169377	-0.297592	0.063004	-0.136115	-0.064743	0.988575	-0.456337	0.889796	-0.004558	-0.879335	-0.451744	-0.150659
10265	10.108374	0.324250	-1.784137	-0.001495	-0.269613	0.075313	-0.138856	-0.065339	0.988155	-0.456203	0.889860	-0.005266	-0.878975	-0.451531	-0.153370
10266	9.545010	0.106993	-2.759260	-0.022209	-0.288488	0.070357	-0.141687	-0.066042	0.987706	-0.455894	0.890015	-0.005889	-0.878684	-0.451123	-0.156212
10267	9.581341	0.263480	-3.488075	-0.049362	-0.275387	0.067346	-0.144442	-0.066734	0.987260	-0.455347	0.890291	-0.006441	-0.878519	-0.450476	-0.158982
10268	9.780826	0.054788	-3.492793	-0.069023	-0.232192	0.049289	-0.146681	-0.067366	0.986887	-0.454653	0.890643	-0.006779	-0.878507	-0.449686	-0.161269
10269	9.960058	-0.671902	-3.472727	-0.040166	-0.189921	0.033211	-0.148533	-0.067977	0.986568	-0.454235	0.890855	-0.007005	-0.878413	-0.449174	-0.163199
10270	9.818529	-0.412796	-3.195250	0.025166	-0.177610	0.017697	-0.150149	-0.068644	0.986277	-0.454414	0.890762	-0.007183	-0.878045	-0.449257	-0.164940
10271	9.586070	-0.156618	-2.676370	-0.012642	-0.144325	0.018024	-0.151536	-0.069186	0.986027	-0.454259	0.890840	-0.007305	-0.877887	-0.449019	-0.166422
10272	9.330119	-0.264234	-2.182343	-0.067181	-0.134837	0.014634	-0.152761	-0.069687	0.985803	-0.453632	0.891159	-0.007299	-0.877999	-0.448306	-0.167747
10273	9.367618	-0.276275	-1.728079	-0.115789	-0.134368	0.019656	-0.154070	-0.070168	0.985565	-0.452568	0.891700	-0.007263	-0.878319	-0.447155	-0.169140
10274	9.425708	-0.348242	-1.390341	-0.154307	-0.147085	0.020534	-0.155430	-0.070668	0.985316	-0.451166	0.892411	-0.007165	-0.878801	-0.445654	-0.170591
10275	9.513372	-0.165388	-1.129194	-0.193736	-0.175030	0.019061	-0.157094	-0.071330	0.985004	-0.449416	0.893295	-0.006987	-0.879401	-0.443775	-0.172389
10276	9.550860	-0.182694	-0.839041	-0.267419	-0.205349	0.017181	-0.158954	-0.072112	0.984649	-0.447021	0.894499	-0.006653	-0.880287	-0.441216	-0.174419
10277	9.446121	-0.360295	-0.433664	-0.302933	-0.246373	0.005974	-0.161187	-0.073194	0.984206	-0.444327	0.895844	-0.006146	-0.881245	-0.438300	-0.176921
10278	9.514835	-0.698523	-0.167185	-0.335924	-0.297831	-0.003903	-0.163772	-0.074557	0.983677	-0.441356	0.897315	-0.005470	-0.882260	-0.435048	-0.179861
10279	9.650292	-0.872708	-0.209044	-0.326311	-0.336416	-0.016846	-0.166700	-0.076215	0.983058	-0.438487	0.898725	-0.004679	-0.883142	-0.431838	-0.183237
10280	9.563247	-1.124104	-0.343571	-0.353039	-0.377448	-0.030803	-0.169877	-0.078142	0.982362	-0.435405	0.900227	-0.003684	-0.884061	-0.428351	-0.186951
10281	9.684687	-1.386372	-0.603406	-0.316158	-0.418193	-0.054329	-0.173370	-0.080460	0.981565	-0.432687	0.901541	-0.002523	-0.884718	-0.425147	-0.191114
10282	9.668514	-0.864010	-0.778265	-0.269050	-0.459283	-0.071201	-0.177103	-0.083076	0.980680	-0.430416	0.902630	-0.001265	-0.885086	-0.422324	-0.195615
10283	9.895895	-0.405562	-1.054407	-0.301058	-0.479963	-0.087691	-0.181003	-0.085927	0.979722	-0.427893	0.903829	0.000218	-0.885520	-0.419177	-0.200364
10284	9.906866	-0.274018	-1.228679	-0.271556	-0.498086	-0.118041	-0.184887	-0.089103	0.978712	-0.425690	0.904867	0.001964	-0.885779	-0.416265	-0.205228
10285	10.011840	0.103770	-0.937543	-0.290439	-0.545709	-0.140126	-0.189152	-0.092672	0.977565	-0.423365	0.905951	0.003965	-0.885993	-0.413117	-0.210597
10286	9.901743	-0.042071	-0.577829	-0.330613	-0.586599	-0.169634	-0.193611	-0.096650	0.976306	-0.420746	0.907156	0.006367	-0.886278	-0.409544	-0.216300
10287	9.646215	0.089886	-0.378950	-0.302344	-0.643062	-0.180872	-0.198573	-0.100949	0.974873	-0.418406	0.908217	0.008821	-0.886288	-0.406141	-0.222585
10288	9.643944	-0.221042	-0.251468	-0.351876	-0.681662	-0.187967	-0.203807	-0.105440	0.973317	-0.415651	0.909452	0.011486	-0.886395	-0.402219	-0.229179
10289	9.770799	-0.867515	-0.215122	-0.295818	-0.734812	-0.212233	-0.209456	-0.110347	0.971572	-0.413456	0.910412	0.014266	-0.886105	-0.398714	-0.236315
10290	9.915144	-0.285888	-0.254741	-0.192270	-0.794812	-0.222855	-0.215552	-0.115563	0.969630	-0.412213	0.910930	0.016931	-0.885222	-0.396045	-0.243989
10291	10.002319	0.393588	-0.556814	-0.239574	-0.844325	-0.216178	-0.222144	-0.120890	0.967490	-0.410553	0.911625	0.019643	-0.884363	-0.392842	-0.252144
10292	10.124170	0.011382	-0.889521	-0.340971	-0.880312	-0.211769	-0.229037	-0.126289	0.965191	-0.408003	0.912701	0.022603	-0.883785	-0.388624	-0.260568
10293	10.227524	-0.237070	-1.130622	-0.279925	-0.926749	-0.223809	-0.236316	-0.131942	0.962676	-0.406038	0.913499	0.025528	-0.882773	-0.384851	-0.269448
10294	10.675963	0.297484	-1.348270	-0.178385	-0.957762	-0.253690	-0.243712	-0.137960	0.959985	-0.405062	0.913845	0.028496	-0.881209	-0.381908	-0.278597
10295	10.621550	1.092917	-1.548077	-0.066813	-1.002862	-0.298258	-0.251330	-0.144528	0.957050	-0.405201	0.913682	0.031570	-0.879003	-0.379863	-0.288199
10296	10.462212	1.091419	-1.716200	-0.023302	-1.026952	-0.318592	-0.259029	-0.151359	0.953936	-0.405798	0.913303	0.034723	-0.876489	-0.378111	-0.297993
10297	10.349555	0.738625	-2.002598	0.059579	-1.054393	-0.344546	-0.266849	-0.158509	0.950614	-0.407214	0.912548	0.037851	-0.873481	-0.377003	-0.308059
10298	10.288776	0.625870	-2.386971	0.105066	-1.078404	-0.352429	-0.274789	-0.165813	0.947099	-0.409074	0.911584	0.040907	-0.870144	-0.376192	-0.318323
10299	10.320801	0.712324	-2.654375	0.088752	-1.101912	-0.359623	-0.282875	-0.173252	0.943380	-0.410837	0.910644	0.044049	-0.866715	-0.375115	-0.328777
10300	10.179271	0.774842	-2.767256	0.007785	-1.123256	-0.367128	-0.291059	-0.180825	0.939461	-0.411948	0.909968	0.047520	-0.863472	-0.373178	-0.339345
10301	9.976338	0.680915	-2.686229	-0.066568	-1.133643	-0.377144	-0.299264	-0.188494	0.935367	-0.412478	0.909521	0.051316	-0.860409	-0.370461	-0.349936
10302	9.941012	0.580214	-2.436479	-0.110550	-1.142340	-0.392678	-0.307432	-0.196306	0.931101	-0.412710	0.909175	0.055414	-0.857412	-0.367238	-0.360528
10303	10.223211	0.549979	-1.912325	-0.105376	-1.168436	-0.411419	-0.315718	-0.204340	0.926589	-0.413081	0.908738	0.059653	-0.854216	-0.363923	-0.371314
10304	10.335898	1.013426	-0.959363	-0.101646	-1.231960	-0.423917	-0.324445	-0.212681	0.921684	-0.413563	0.908224	0.063995	-0.850706	-0.360412	-0.382626
10305	10.230673	1.443665	0.030556	-0.127807	-1.330592	-0.400762	-0.334059	-0.221108	0.916251	-0.413790	0.907814	0.068207	-0.846866	-0.356350	-0.394756
10306	10.498725	1.674422	0.970306	-0.185390	-1.438559	-0.370672	-0.344657	-0.229592	0.910219	-0.413473	0.907635	0.072378	-0.842764	-0.351406	-0.407753
10307	10.713850	1.921843	1.644359	-0.223874	-1.576545	-0.322595	-0.356540	-0.238032	0.903449	-0.412715	0.907662	0.076268	-0.838180	-0.345674	-0.421857
10308	10.666911	1.975381	2.118937	-0.291104	-1.725814	-0.296594	-0.369717	-0.246660	0.895806	-0.411352	0.907939	0.080228	-0.833126	-0.338830	-0.437145
10309	10.939412	1.269058	2.602001	-0.363661	-1.882197	-0.289546	-0.384106	-0.255605	0.887203	-0.409415	0.908430	0.084469	-0.827552	-0.330789	-0.453582
10310	11.259589	0.609650	2.937557	-0.274545	-2.032221	-0.312182	-0.399556	-0.265114	0.877536	-0.408370	0.908513	0.088535	-0.820725	-0.322985	-0.471266
10311	11.740914	0.556090	2.723510	-0.104187	-2.172999	-0.310392	-0.415962	-0.274884	0.866842	-0.408776	0.908008	0.091783	-0.812329	-0.316165	-0.490062
10312	12.199114	0.948574	2.398056	0.044961	-2.282561	-0.305228	-0.433119	-0.284831	0.855149	-0.410430	0.907010	0.094229	-0.802468	-0.310167	-0.509747
10313	12.553345	1.502573	1.500585	0.091583	-2.378834	-0.265865	-0.450899	-0.294546	0.842575	-0.412326	0.905959	0.096050	-0.791630	-0.304106	-0.529945
10314	12.978100	1.256291	-0.062404	0.071382	-2.412665	-0.205649	-0.468990	-0.303695	0.829348	-0.413830	0.905126	0.097426	-0.780252	-0.297517	-0.550173
10315	12.669996	0.650030	-1.563167	0.013230	-2.386873	-0.149422	-0.486757	-0.312056	0.815898	-0.414637	0.904627	0.098623	-0.768859	-0.290296	-0.569723
10316	11.628529	-0.585775	-3.733286	0.096797	-2.281478	-0.089312	-0.503773	-0.319443	0.802601	-0.415817	0.904063	0.098828	-0.757172	-0.283949	-0.588272
10317	10.109478	-1.244556	-5.948496	0.479654	-2.180018	0.015300	-0.520092	-0.325453	0.789673	-0.419330	0.902756	0.095881	-0.744087	-0.281267	-0.605989
10318	9.050859	-0.429551	-7.836788	0.899466	-2.137892	0.127103	-0.536354	-0.330361	0.776650	-0.425285	0.900633	0.089397	-0.729011	-0.282350	-0.623556
10319	9.572492	1.069622	-9.673410	0.821339	-1.987041	0.230928	-0.551582	-0.333886	0.764380	-0.429953	0.899077	0.082465	-0.714771	-0.283161	-0.639470
10320	9.370987	1.333776	-10.126342	0.342750	-1.746892	0.263333	-0.565082	-0.336469	0.753306	-0.430916	0.898989	0.078293	-0.703557	-0.280370	-0.652993
10321	8.444014	0.432817	-11.022661	0.070161	-1.447902	0.276433	-0.576300	-0.338000	0.744066	-0.429826	0.899724	0.075797	-0.695074	-0.276138	-0.663792
10322	7.765532	1.087627	-12.091858	0.017177	-1.160718	0.294325	-0.585569	-0.338562	0.736535	-0.428239	0.900668	0.073545	-0.688273	-0.272348	-0.672389
10323	7.926533	2.974958	-11.187660	-0.502478	-0.797074	0.223860	-0.591910	-0.338677	0.731396	-0.423468	0.902774	0.075327	-0.685797	-0.265136	-0.677780
10324	8.956957	3.326217	-8.184996	-1.202718	-0.263359	0.148387	-0.594321	-0.338047	0.729731	-0.414323	0.906388	0.082442	-0.689288	-0.253347	-0.678746
10325	6.887835	0.936488	-6.705033	-1.538253	0.281285	0.155758	-0.592921	-0.335936	0.731841	-0.402732	0.910707	0.091756	-0.697318	-0.240331	-0.675270
10326	5.812091	-1.395869	-7.088796	-1.295851	0.752639	0.226618	-0.588516	-0.332124	0.737118	-0.392298	0.914512	0.098840	-0.706930	-0.231001	-0.668497
10327	5.557575	-0.965465	-7.603905	-0.929372	1.145950	0.287760	-0.581389	-0.326864	0.745081	-0.383993	0.917583	0.102909	-0.717311	-0.226276	-0.658987
10328	5.441272	0.827049	-7.629452	-0.888134	1.489662	0.315712	-0.571793	-0.320647	0.755141	-0.375752	0.920594	0.106382	-0.729289	-0.222917	-0.646873
10329	5.273286	1.601598	-7.174753	-1.201800	1.819133	0.324550	-0.559515	-0.313642	0.767184	-0.365057	0.924269	0.111622	-0.744094	-0.217612	-0.631640
10330	4.935111	1.000521	-6.856399	-1.389334	2.130032	0.322539	-0.544624	-0.306117	0.780818	-0.352823	0.928243	0.117818	-0.760855	-0.211324	-0.613548
10331	4.662190	0.311487	-6.518803	-1.359235	2.411967	0.298859	-0.527019	-0.298302	0.795780	-0.340752	0.931981	0.123689	-0.778549	-0.205978	-0.592819
10332	4.534850	-0.136414	-6.312213	-1.180669	2.679998	0.278996	-0.506830	-0.290250	0.811713	-0.330012	0.935210	0.128352	-0.796377	-0.202822	-0.569778
10333	4.501649	-0.635396	-6.443475	-0.853259	2.927232	0.273231	-0.484084	-0.281746	0.828422	-0.321780	0.937724	0.130889	-0.813708	-0.203208	-0.544597
10334	4.543033	-0.292968	-6.808077	-0.427401	3.109381	0.258927	-0.459338	-0.272956	0.845283	-0.317043	0.939315	0.131035	-0.829754	-0.207802	-0.518002
10335	4.786168	0.820599	-6.664550	-0.297476	3.230432	0.236701	-0.432967	-0.263919	0.861909	-0.313486	0.940578	0.130533	-0.845143	-0.213680	-0.489974
10336	5.109989	0.869254	-6.317326	-0.267568	3.394142	0.236107	-0.404740	-0.254368	0.878341	-0.310210	0.941767	0.129791	-0.860207	-0.219939	-0.460078
10337	5.193483	-0.257574	-6.538147	-0.017655	3.575909	0.194949	-0.374274	-0.244506	0.894503	-0.309286	0.942294	0.128159	-0.874220	-0.228691	-0.428299
10338	5.498682	-0.719658	-7.224654	0.499425	3.725697	0.139442	-0.341894	-0.234448	0.910023	-0.313175	0.941448	0.124885	-0.886019	-0.242299	-0.395299
10339	5.492230	-0.297642	-7.153876	0.947876	3.851956	0.084555	-0.307801	-0.223973	0.924713	-0.321333	0.939263	0.120538	-0.895547	-0.260040	-0.361076
10340	5.712496	0.376926	-6.899358	1.238572	3.950446	0.012639	-0.272292	-0.213210	0.938296	-0.332425	0.935943	0.116207	-0.902968	-0.280271	-0.325726
10341	6.299648	0.558713	-6.788194	1.382628	3.997214	-0.049688	-0.235882	-0.202042	0.950547	-0.345063	0.931821	0.112433	-0.908455	-0.301478	-0.289517
10342	7.044800	0.689177	-6.828784	1.536639	3.995712	-0.142263	-0.198989	-0.190904	0.961228	-0.359346	0.926739	0.109664	-0.911742	-0.323591	-0.253011
10343	7.611013	1.742308	-6.423338	1.495040	3.919866	-0.239886	-0.162312	-0.180020	0.970179	-0.373410	0.921302	0.108478	-0.913356	-0.344667	-0.216760
10344	8.091906	2.973788	-5.922822	1.117787	3.804541	-0.282462	-0.126442	-0.169209	0.977436	-0.384019	0.916863	0.109045	-0.914627	-0.361566	-0.180910
10345	8.817444	2.399786	-5.578248	0.415248	3.713963	-0.275117	-0.091350	-0.158121	0.983185	-0.388107	0.914896	0.111079	-0.917076	-0.371434	-0.144944
10346	9.244236	0.459520	-4.607446	0.005619	3.577083	-0.225519	-0.057596	-0.146827	0.987484	-0.388307	0.914535	0.113332	-0.919728	-0.376920	-0.109687
10347	9.617965	0.610123	-3.409086	0.042255	3.303622	-0.156458	-0.026579	-0.135732	0.990389	-0.388745	0.914159	0.114853	-0.920962	-0.381956	-0.077062
10348	9.743806	2.331725	-2.524007	-0.203598	2.940382	-0.039429	0.000696	-0.124861	0.992174	-0.386852	0.914892	0.115407	-0.922141	-0.383905	-0.047666
10349	9.206973	2.752327	-1.653968	-0.832170	2.543251	0.128247	0.023691	-0.113995	0.993199	-0.379163	0.918227	0.114434	-0.925027	-0.379295	-0.021468
10350	8.530245	1.319384	-0.535071	-1.389496	2.077445	0.302573	0.041851	-0.103466	0.993752	-0.366354	0.923758	0.111607	-0.929534	-0.368736	0.000755
10351	7.902399	0.260698	0.508142	-1.530494	1.521588	0.466692	0.054349	-0.093646	0.994121	-0.352295	0.929770	0.106844	-0.934310	-0.356030	0.017541
10352	7.676447	-0.049551	1.139299	-1.555967	0.925284	0.633006	0.060853	-0.084539	0.994560	-0.338060	0.935773	0.100227	-0.939155	-0.342320	0.028365
10353	7.150560	-1.176931	1.140966	-1.459486	0.321656	0.763805	0.061344	-0.076308	0.995195	-0.324764	0.941291	0.092194	-0.943804	-0.328859	0.032961
10354	7.363762	-2.637027	0.888985	-1.113625	-0.225088	0.834092	0.056570	-0.069197	0.995998	-0.314700	0.945506	0.083563	-0.947504	-0.318168	0.031710
10355	6.295270	-5.162048	-0.933044	-0.558019	-0.631167	0.755087	0.048219	-0.064049	0.996781	-0.309781	0.947775	0.075886	-0.949584	-0.312443	0.025860
10356	6.946710	-5.215646	-2.607341	0.749065	-1.007294	0.526644	0.037033	-0.062273	0.997372	-0.317088	0.945748	0.070823	-0.947673	-0.318877	0.015278
10357	8.884461	-1.808098	-3.803202	1.614561	-1.090080	0.138581	0.026263	-0.064516	0.997571	-0.332374	0.940577	0.069581	-0.942782	-0.333394	0.003259
10358	9.488562	-0.076144	-4.225481	2.534040	-0.836171	-0.279771	0.019400	-0.070050	0.997355	-0.356071	0.931653	0.072361	-0.934257	-0.356533	-0.006869
10359	9.385234	3.871677	-3.815696	3.367702	-0.405746	-0.671774	0.018103	-0.077769	0.996807	-0.387185	0.918637	0.078702	-0.921825	-0.387373	-0.013480
10360	7.859986	6.199844	-3.428767	4.038744	-0.031218	-0.915005	0.021553	-0.086252	0.996040	-0.423886	0.901505	0.087238	-0.905459	-0.424087	-0.017131
10361	6.957249	7.494573	-3.390617	4.205114	0.038964	-0.884741	0.025790	-0.093979	0.995240	-0.461350	0.882091	0.095249	-0.886843	-0.461610	-0.020609
10362	8.225965	8.114014	-2.162940	3.435139	-0.101959	-0.600307	0.027779	-0.099736	0.994626	-0.491355	0.865145	0.100475	-0.870517	-0.491505	-0.024973
10363	12.803013	7.813536	-0.659042	1.846298	-0.642130	-0.008756	0.022238	-0.103046	0.994428	-0.507325	0.855928	0.100039	-0.861468	-0.506723	-0.033244
10364	20.687872	12.549754	2.107991	0.937438	-1.131409	0.272245	0.011151	-0.106518	0.994248	-0.515404	0.851440	0.096999	-0.856874	-0.513522	-0.045405
10365	14.943015	8.289188	2.893620	-0.832393	-1.086070	0.361591	-0.000037	-0.109012	0.994040	-0.508256	0.856076	0.093863	-0.861206	-0.505224	-0.055437
10366	10.308613	0.044608	0.141109	-0.854918	-1.047991	0.522119	-0.011693	-0.109805	0.993884	-0.500824	0.860938	0.089225	-0.865470	-0.496718	-0.065059
10367	8.545300	-0.528324	-2.796826	-0.318673	-1.127194	0.506307	-0.023982	-0.111070	0.993523	-0.497955	0.863079	0.084467	-0.866871	-0.492704	-0.076006
10368	7.661801	-1.285001	-6.328977	-0.234786	-1.017166	0.433946	-0.034934	-0.112342	0.993055	-0.495772	0.864725	0.080384	-0.867750	-0.489521	-0.085904
10369	9.710989	-3.401013	-9.332767	0.335524	-0.811231	0.298430	-0.043458	-0.113797	0.992553	-0.498546	0.863422	0.077163	-0.865773	-0.491480	-0.094256
10370	10.388170	0.048013	-8.551342	0.538925	-0.663121	0.216709	-0.050248	-0.115225	0.992068	-0.503083	0.861019	0.074523	-0.862776	-0.495348	-0.101233
10371	10.155204	0.797945	-6.143955	0.027609	-0.471041	0.251944	-0.055612	-0.115448	0.991756	-0.503173	0.861178	0.072033	-0.862394	-0.495019	-0.105982
10372	10.006964	-1.016333	-4.768149	-0.025763	-0.350029	0.250670	-0.059865	-0.115045	0.991555	-0.502788	0.861602	0.069612	-0.862334	-0.494375	-0.109423
10373	9.669000	0.190593	-3.260517	0.197702	-0.286742	0.206187	-0.063419	-0.114752	0.991368	-0.504350	0.860866	0.067383	-0.861167	-0.495723	-0.112470
10374	9.723891	1.688519	-2.069805	0.500461	-0.218393	0.214270	-0.066355	-0.114022	0.991260	-0.508497	0.858628	0.064727	-0.858503	-0.499757	-0.114955
10375	9.874573	2.851529	-1.216421	0.539065	-0.226311	0.228254	-0.069508	-0.113267	0.991130	-0.512948	0.856187	0.061873	-0.855601	-0.504097	-0.117612
10376	9.805159	2.194291	-1.061405	0.462922	-0.241945	0.225796	-0.072711	-0.112585	0.990978	-0.516724	0.854108	0.059122	-0.853059	-0.507764	-0.120278
10377	9.634075	1.000845	-0.976033	0.364339	-0.278555	0.235053	-0.076345	-0.112067	0.990764	-0.519639	0.852523	0.056389	-0.850968	-0.510534	-0.123321
10378	10.135760	0.344367	-0.321003	0.176882	-0.323269	0.251774	-0.080377	-0.111599	0.990497	-0.520928	0.851909	0.053711	-0.849808	-0.511661	-0.126609
10379	10.374645	-0.770765	0.033809	-0.001074	-0.331454	0.244926	-0.084510	-0.111275	0.990190	-0.520703	0.852194	0.051327	-0.849545	-0.511257	-0.129960
10380	10.178102	-2.403499	-0.660929	-0.015741	-0.313262	0.218405	-0.088281	-0.111039	0.989887	-0.520363	0.852525	0.049223	-0.849369	-0.510755	-0.133043
10381	10.021124	-2.736491	-1.732884	0.214123	-0.268097	0.172475	-0.091496	-0.111003	0.989599	-0.522011	0.851628	0.047262	-0.848017	-0.512258	-0.135865
10382	9.516485	-1.499148	-2.247979	0.385497	-0.275734	0.123906	-0.094453	-0.111390	0.989278	-0.525144	0.849794	0.045545	-0.845755	-0.515212	-0.138762
10383	9.663794	0.728898	-2.090821	0.360084	-0.298291	0.086492	-0.097474	-0.112252	0.988887	-0.528088	0.848038	0.044210	-0.843577	-0.517911	-0.141940
10384	9.578099	1.662191	-1.514981	0.153613	-0.300864	0.067546	-0.100340	-0.113263	0.988485	-0.529300	0.847326	0.043360	-0.842480	-0.518855	-0.144971
10385	9.530144	1.793258	-0.910613	0.025551	-0.333570	0.077102	-0.103602	-0.114398	0.988018	-0.529423	0.847288	0.042589	-0.842008	-0.518667	-0.148346
10386	9.490559	1.353281	-0.628663	-0.054157	-0.365053	0.092590	-0.107139	-0.115529	0.987509	-0.528853	0.847684	0.041794	-0.841924	-0.517770	-0.151918
10387	9.185416	0.778895	-0.290793	-0.003445	-0.393045	0.105044	-0.111043	-0.116732	0.986936	-0.528696	0.847831	0.040794	-0.841517	-0.517259	-0.155861
10388	9.005069	0.286395	-0.069255	0.109006	-0.438141	0.114490	-0.115306	-0.118053	0.986290	-0.529467	0.847409	0.039530	-0.840458	-0.517650	-0.160217
10389	9.227178	-0.388924	0.111675	0.160033	-0.485064	0.122879	-0.120067	-0.119582	0.985537	-0.530653	0.846733	0.038091	-0.839042	-0.518404	-0.165122
10390	9.642946	-0.920335	0.478420	0.222507	-0.550175	0.101520	-0.125191	-0.121603	0.984652	-0.532377	0.845709	0.036756	-0.837199	-0.519605	-0.170614
10391	9.701628	-0.649619	0.793979	0.267026	-0.614595	0.092221	-0.130854	-0.124073	0.983607	-0.534478	0.844440	0.035414	-0.834991	-0.521083	-0.176813
10392	9.632125	0.002192	0.715218	0.241785	-0.677687	0.093497	-0.136979	-0.126844	0.982419	-0.536354	0.843304	0.034098	-0.832803	-0.522254	-0.183548
10393	9.794399	0.578297	0.157102	0.060000	-0.723985	0.106682	-0.143602	-0.129769	0.981090	-0.536691	0.843135	0.032966	-0.831469	-0.521808	-0.190722
10394	9.744117	0.335725	-0.876068	-0.072302	-0.740018	0.104619	-0.150287	-0.132767	0.979687	-0.535922	0.843656	0.032120	-0.830784	-0.520209	-0.197943
10395	9.720426	0.332828	-1.716579	-0.119086	-0.780049	0.098624	-0.157315	-0.136028	0.978135	-0.534768	0.844414	0.031424	-0.830226	-0.518132	-0.205582
10396	9.895121	0.264254	-2.562349	-0.153979	-0.794175	0.083638	-0.164327	-0.139451	0.976499	-0.533342	0.845333	0.030968	-0.829785	-0.515719	-0.213286
10397	10.169353	0.008711	-2.895619	-0.168019	-0.795774	0.059877	-0.171269	-0.143081	0.974779	-0.531835	0.846289	0.030778	-0.829348	-0.513150	-0.221039
10398	10.295924	-0.342450	-2.685283	-0.244555	-0.794965	0.022325	-0.177953	-0.146983	0.973000	-0.529754	0.847579	0.031150	-0.829273	-0.509908	-0.228694
10399	10.201198	-0.290953	-2.224608	-0.178426	-0.811947	-0.016420	-0.184621	-0.151294	0.971095	-0.528293	0.848468	0.031753	-0.828747	-0.507160	-0.236573
10400	9.810341	0.140305	-1.649585	-0.125985	-0.822950	-0.022175	-0.191293	-0.155671	0.969110	-0.527278	0.849078	0.032310	-0.827880	-0.504810	-0.244505
10401	9.939487	-0.623633	-1.479762	-0.087987	-0.841146	-0.032681	-0.198102	-0.160227	0.966997	-0.526603	0.849476	0.032873	-0.826708	-0.502711	-0.252659
10402	10.401131	-0.381052	-1.304903	-0.000310	-0.895078	-0.036408	-0.205275	-0.165054	0.964686	-0.526661	0.849424	0.033265	-0.824918	-0.501234	-0.261293
10403	10.671578	0.101380	-0.644989	-0.176291	-0.957367	-0.023009	-0.213066	-0.170071	0.962122	-0.525245	0.850272	0.033981	-0.823845	-0.498110	-0.270493
10404	10.686838	-0.515070	0.313230	-0.399397	-1.038651	-0.028463	-0.221447	-0.175484	0.959253	-0.522005	0.852208	0.035395	-0.823694	-0.492897	-0.280322
10405	10.910397	-0.445128	1.585676	-0.476514	-1.161060	-0.058318	-0.230720	-0.181701	0.955904	-0.518202	0.854443	0.037340	-0.823550	-0.486737	-0.291295
10406	10.944085	0.649536	2.728299	-0.378412	-1.293913	-0.107507	-0.240787	-0.188907	0.952017	-0.515330	0.856080	0.039531	-0.822470	-0.481084	-0.303482
10407	10.505818	2.618995	3.055026	-0.303630	-1.423193	-0.096569	-0.251983	-0.196567	0.947558	-0.513064	0.857350	0.041415	-0.820530	-0.475722	-0.316890
10408	10.474821	2.672797	2.482584	-0.462692	-1.552848	-0.113561	-0.264106	-0.204899	0.942478	-0.509554	0.859311	0.044029	-0.818903	-0.468615	-0.331356
10409	10.865514	1.524817	1.749294	-0.525432	-1.704642	-0.150817	-0.277267	-0.214138	0.936626	-0.505656	0.861440	0.047260	-0.816967	-0.460506	-0.347129
10410	11.245396	1.339241	1.338752	-0.351308	-1.849508	-0.185842	-0.291382	-0.224217	0.929959	-0.503311	0.862641	0.050285	-0.813495	-0.453406	-0.364209
10411	11.659491	1.679195	1.453815	-0.237350	-1.988052	-0.208662	-0.306430	-0.234983	0.922434	-0.502001	0.863233	0.053139	-0.808762	-0.446779	-0.382482
10412	12.100194	1.185814	1.869090	-0.199947	-2.124553	-0.233046	-0.322358	-0.246440	0.913976	-0.501114	0.863561	0.056104	-0.803100	-0.439920	-0.401871
10413	12.615555	1.118562	2.466635	-0.103451	-2.282241	-0.252013	-0.339301	-0.258592	0.904436	-0.501112	0.863378	0.058860	-0.796091	-0.433253	-0.422528
