// General information: 
//  MT Manager version: 2022.2.0 
//  XDA version: 2022.2.0 build 7381 rev 124627 built on 2023-07-19
// Device information: 
//  DeviceId: 00B4CB9F
//  ProductCode: MTW2-3A7G6
//  Firmware Version: 4.6.0
//  Hardware Version: 2.0.0
// Device settings: 
//  Filter Profile: human(46.1)
//  Option Flags: Orientation Smoother Disabled, Position/Velocity Smoother Disabled, Continuous Zero Rotation Update Disabled, AHS Disabled, ICC Disabled
// Coordinate system: ENU
PacketCounter	Acc_X	Acc_Y	Acc_Z	Gyr_X	Gyr_Y	Gyr_Z	Mat[1][1]	Mat[2][1]	Mat[3][1]	Mat[1][2]	Mat[2][2]	Mat[3][2]	Mat[1][3]	Mat[2][3]	Mat[3][3]
16520	9.370557	-1.957199	1.923452	-0.003183	-0.004156	-0.002408	0.145304	0.212059	0.966394	-0.161666	0.968722	-0.188262	-0.976090	-0.128878	0.175042
16521	9.398620	-1.927339	1.886516	0.006770	-0.006141	-0.004424	0.145187	0.212041	0.966416	-0.161771	0.968708	-0.188241	-0.976090	-0.129008	0.174946
16522	9.413813	-1.916992	1.856777	0.011388	-0.004244	0.000199	0.145096	0.212075	0.966422	-0.161934	0.968678	-0.188258	-0.976076	-0.129181	0.174894
16523	9.391592	-1.826747	1.896302	0.014586	0.002538	-0.001588	0.145060	0.212096	0.966423	-0.162118	0.968648	-0.188250	-0.976051	-0.129367	0.174897
16524	9.383789	-1.795714	1.882804	0.006311	0.001212	-0.002506	0.145020	0.212120	0.966423	-0.162250	0.968625	-0.188257	-0.976035	-0.129501	0.174887
16525	9.391642	-1.826062	1.896714	-0.003331	-0.000831	-0.003165	0.144954	0.212122	0.966433	-0.162257	0.968622	-0.188265	-0.976044	-0.129521	0.174824
16526	9.419599	-1.796326	1.860131	-0.004090	0.000474	-0.003415	0.144910	0.212132	0.966437	-0.162275	0.968617	-0.188278	-0.976047	-0.129545	0.174786
16527	9.417472	-1.786275	1.882523	-0.005362	0.002031	-0.009066	0.144880	0.212079	0.966453	-0.162254	0.968629	-0.188233	-0.976055	-0.129540	0.174746
16528	9.387488	-1.805572	1.941397	-0.012350	0.001772	-0.008528	0.144856	0.212045	0.966465	-0.162191	0.968643	-0.188213	-0.976069	-0.129488	0.174705
16529	9.400417	-1.926124	1.967581	-0.013799	0.001406	-0.006551	0.144817	0.212016	0.966477	-0.162091	0.968661	-0.188207	-0.976092	-0.129402	0.174644
16530	9.365797	-1.932321	1.887001	-0.000149	0.003326	-0.000758	0.144797	0.212057	0.966471	-0.162154	0.968644	-0.188240	-0.976084	-0.129461	0.174642
16531	9.394229	-1.974130	1.907752	0.009100	-0.002954	0.003645	0.144698	0.212121	0.966471	-0.162293	0.968611	-0.188292	-0.976076	-0.129606	0.174582
16532	9.401357	-1.933945	1.864569	0.019175	-0.000812	0.011424	0.144620	0.212272	0.966450	-0.162557	0.968544	-0.188407	-0.976043	-0.129856	0.174577
16533	9.403992	-1.874887	1.866209	0.026312	-0.003880	0.011641	0.144500	0.212413	0.966437	-0.162875	0.968471	-0.188507	-0.976008	-0.130169	0.174540
16534	9.416182	-1.784531	1.801996	0.023063	-0.005062	0.006757	0.144390	0.212510	0.966432	-0.163164	0.968411	-0.188568	-0.975976	-0.130460	0.174502
16535	9.429022	-1.765085	1.794847	0.012676	-0.003176	0.001655	0.144292	0.212555	0.966437	-0.163334	0.968377	-0.188595	-0.975962	-0.130640	0.174447
16536	9.439695	-1.736093	1.809797	-0.006082	-0.004889	0.001550	0.144186	0.212608	0.966441	-0.163344	0.968362	-0.188661	-0.975976	-0.130660	0.174352
16537	9.421899	-1.805897	1.837309	-0.010930	-0.003111	-0.002114	0.144095	0.212616	0.966453	-0.163279	0.968367	-0.188693	-0.976000	-0.130612	0.174253
16538	9.434257	-1.855764	1.805685	-0.014885	-0.008587	-0.000576	0.143960	0.212640	0.966468	-0.163189	0.968371	-0.188751	-0.976035	-0.130544	0.174107
16539	9.439988	-1.876999	1.841080	-0.014424	-0.003240	-0.001844	0.143867	0.212650	0.966479	-0.163090	0.968380	-0.188791	-0.976065	-0.130462	0.173999
16540	9.470762	-1.928479	1.838640	-0.010104	-0.007391	0.000610	0.143738	0.212690	0.966490	-0.163056	0.968373	-0.188854	-0.976090	-0.130446	0.173873
16541	9.478116	-1.887945	1.794632	-0.006677	-0.004286	-0.002136	0.143636	0.212696	0.966503	-0.163032	0.968372	-0.188879	-0.976109	-0.130442	0.173770
16542	9.409643	-1.825935	1.840898	-0.007517	-0.002631	-0.000668	0.143557	0.212730	0.966508	-0.163022	0.968365	-0.188925	-0.976123	-0.130440	0.173695
16543	9.433718	-1.848842	1.905905	-0.007678	-0.001929	0.002767	0.143470	0.212787	0.966508	-0.162995	0.968355	-0.188998	-0.976140	-0.130421	0.173613
16544	9.385241	-1.867458	1.935155	-0.003874	-0.005828	-0.000181	0.143358	0.212820	0.966517	-0.163019	0.968343	-0.189042	-0.976152	-0.130460	0.173514
16545	9.367343	-1.937706	1.962779	-0.000337	-0.001223	0.011063	0.143265	0.212958	0.966501	-0.163076	0.968306	-0.189183	-0.976156	-0.130510	0.173452
16546	9.382147	-1.928791	1.933429	0.009225	0.001169	0.013437	0.143198	0.213136	0.966472	-0.163256	0.968245	-0.189338	-0.976136	-0.130670	0.173447
16547	9.357745	-1.907324	1.868582	0.016581	0.004500	0.017539	0.143150	0.213344	0.966433	-0.163488	0.968172	-0.189512	-0.976104	-0.130871	0.173473
16548	9.360223	-1.848846	1.870607	0.020305	0.000951	0.016307	0.143082	0.213544	0.966399	-0.163768	0.968093	-0.189672	-0.976067	-0.131127	0.173488
16549	9.406242	-1.822207	1.863612	0.019615	-0.000720	0.018532	0.142981	0.213755	0.966367	-0.164031	0.968014	-0.189850	-0.976038	-0.131369	0.173470
16550	9.408138	-1.833071	1.841494	0.012030	-0.000372	0.015388	0.142901	0.213945	0.966337	-0.164231	0.967948	-0.190015	-0.976016	-0.131549	0.173457
16551	9.386621	-1.892214	1.810950	0.006122	-0.003337	0.009311	0.142789	0.214064	0.966327	-0.164348	0.967905	-0.190128	-0.976013	-0.131666	0.173388
16552	9.425074	-1.834774	1.789188	-0.001491	-0.008236	0.014555	0.142629	0.214237	0.966312	-0.164418	0.967858	-0.190311	-0.976024	-0.131735	0.173269
16553	9.462920	-1.846669	1.743163	-0.003148	-0.012379	0.008456	0.142431	0.214335	0.966320	-0.164444	0.967830	-0.190432	-0.976049	-0.131782	0.173095
16554	9.435773	-1.807651	1.802334	-0.010960	-0.008352	0.006274	0.142288	0.214427	0.966321	-0.164408	0.967813	-0.190549	-0.976076	-0.131758	0.172961
16555	9.443633	-1.838746	1.815318	-0.012912	-0.005841	-0.001341	0.142169	0.214439	0.966335	-0.164324	0.967818	-0.190592	-0.976107	-0.131696	0.172831
16556	9.420219	-1.887376	1.806434	-0.010175	-0.004409	-0.001862	0.142077	0.214459	0.966345	-0.164290	0.967816	-0.190631	-0.976127	-0.131677	0.172737
16557	9.400142	-1.947660	1.856403	-0.006311	-0.001208	0.002508	0.141997	0.214514	0.966344	-0.164276	0.967805	-0.190699	-0.976140	-0.131669	0.172665
16558	9.387255	-1.967655	1.863106	0.000054	-0.005601	0.006666	0.141875	0.214615	0.966339	-0.164353	0.967772	-0.190804	-0.976145	-0.131750	0.172576
16559	9.362244	-1.938202	1.900288	0.003682	-0.011425	0.011343	0.141681	0.214743	0.966339	-0.164449	0.967728	-0.190940	-0.976157	-0.131861	0.172423
16560	9.401331	-1.951928	1.935249	0.002924	-0.010120	0.011093	0.141509	0.214884	0.966333	-0.164568	0.967680	-0.191084	-0.976162	-0.131987	0.172298
16561	9.349312	-1.959679	1.905698	0.006950	-0.007622	0.012029	0.141351	0.215023	0.966326	-0.164697	0.967631	-0.191222	-0.976163	-0.132121	0.172189
16562	9.389962	-1.911838	1.861510	0.004745	-0.006681	0.013757	0.141208	0.215189	0.966309	-0.164824	0.967577	-0.191386	-0.976163	-0.132246	0.172098
16563	9.372609	-1.913292	1.912977	0.003921	-0.002400	0.011034	0.141102	0.215326	0.966294	-0.164922	0.967533	-0.191519	-0.976161	-0.132340	0.172033
16564	9.377617	-1.863955	1.891689	-0.002072	-0.005010	0.006676	0.140990	0.215426	0.966289	-0.164975	0.967503	-0.191626	-0.976169	-0.132396	0.171948
16565	9.362532	-1.874589	1.920703	-0.007080	-0.002525	0.006451	0.140891	0.215518	0.966283	-0.164959	0.967485	-0.191734	-0.976186	-0.132384	0.171861
16566	9.353915	-1.913973	1.882661	-0.008448	-0.003240	0.006711	0.140791	0.215623	0.966273	-0.164954	0.967462	-0.191854	-0.976201	-0.132379	0.171778
16567	9.374545	-1.925838	1.888723	-0.003215	-0.009404	0.005976	0.140626	0.215701	0.966280	-0.164975	0.967439	-0.191950	-0.976221	-0.132419	0.171632
16568	9.408152	-1.918147	1.887233	-0.000186	-0.014626	0.006968	0.140421	0.215789	0.966290	-0.165039	0.967408	-0.192055	-0.976240	-0.132507	0.171458
16569	9.376883	-1.936802	1.864007	0.001636	-0.011188	0.009632	0.140232	0.215899	0.966293	-0.165112	0.967370	-0.192178	-0.976254	-0.132597	0.171304
16570	9.419756	-1.898537	1.797126	0.002011	-0.008115	0.014272	0.140077	0.216069	0.966278	-0.165214	0.967319	-0.192351	-0.976260	-0.132698	0.171196
16571	9.379712	-1.879331	1.863839	0.007709	-0.008932	0.012270	0.139905	0.216208	0.966271	-0.165350	0.967268	-0.192490	-0.976261	-0.132843	0.171076
16572	9.396813	-1.880118	1.811178	0.014074	-0.013329	0.016420	0.139698	0.216389	0.966261	-0.165570	0.967196	-0.192661	-0.976254	-0.133069	0.170943
16573	9.406620	-1.921515	1.801872	0.021675	-0.011060	0.015362	0.139501	0.216556	0.966252	-0.165847	0.967120	-0.192806	-0.976235	-0.133353	0.170829
16574	9.385902	-1.911511	1.794340	0.030167	-0.016049	0.019496	0.139261	0.216762	0.966240	-0.166223	0.967021	-0.192979	-0.976205	-0.133737	0.170699
16575	9.439907	-1.915727	1.800011	0.037612	-0.013079	0.021865	0.139033	0.216988	0.966222	-0.166665	0.966908	-0.193160	-0.976162	-0.134180	0.170597
16576	9.419098	-1.906024	1.792647	0.039051	-0.015340	0.024070	0.138792	0.217240	0.966201	-0.167135	0.966787	-0.193363	-0.976116	-0.134649	0.170491
16577	9.426141	-1.867195	1.748737	0.040879	-0.011902	0.026723	0.138567	0.217515	0.966171	-0.167616	0.966659	-0.193585	-0.976066	-0.135121	0.170406
16578	9.409644	-1.800072	1.823870	0.040727	-0.011198	0.030147	0.138351	0.217837	0.966130	-0.168127	0.966518	-0.193848	-0.976008	-0.135614	0.170343
16579	9.377519	-1.748876	1.744080	0.043077	-0.015471	0.029168	0.138087	0.218130	0.966101	-0.168632	0.966381	-0.194090	-0.975959	-0.136114	0.170228
16580	9.426891	-1.663336	1.736731	0.028796	-0.019386	0.023922	0.137808	0.218373	0.966086	-0.169000	0.966273	-0.194308	-0.975934	-0.136491	0.170065
16581	9.478908	-1.658376	1.763929	0.018466	-0.020454	0.021323	0.137509	0.218583	0.966081	-0.169254	0.966187	-0.194516	-0.975933	-0.136765	0.169855
16582	9.454774	-1.637538	1.696909	0.008672	-0.019147	0.019930	0.137235	0.218789	0.966073	-0.169423	0.966114	-0.194731	-0.975942	-0.136951	0.169653
16583	9.449539	-1.689601	1.716190	-0.004627	-0.020577	0.023007	0.136932	0.219016	0.966065	-0.169453	0.966055	-0.194995	-0.975979	-0.137002	0.169396
16584	9.436713	-1.711074	1.720856	-0.014444	-0.029355	0.016786	0.136568	0.219173	0.966081	-0.169382	0.966023	-0.195216	-0.976042	-0.136977	0.169052
16585	9.453860	-1.776057	1.826278	-0.011351	-0.037555	0.020244	0.136103	0.219350	0.966106	-0.169343	0.965980	-0.195464	-0.976114	-0.137001	0.168618
16586	9.439196	-1.788122	1.851988	-0.016289	-0.038033	0.022497	0.135643	0.219554	0.966125	-0.169270	0.965935	-0.195745	-0.976191	-0.136985	0.168186
16587	9.389980	-1.877780	1.853968	-0.010701	-0.051216	0.021544	0.135042	0.219724	0.966170	-0.169239	0.965888	-0.196005	-0.976280	-0.137045	0.167621
16588	9.398587	-1.918998	1.759301	-0.010028	-0.057411	0.031866	0.134376	0.219991	0.966202	-0.169235	0.965816	-0.196366	-0.976372	-0.137129	0.167013
16589	9.442936	-1.814102	1.711052	-0.012370	-0.055759	0.037016	0.133705	0.220304	0.966224	-0.169208	0.965737	-0.196778	-0.976469	-0.137183	0.166401
16590	9.416509	-1.777787	1.766418	-0.008762	-0.045912	0.039846	0.133135	0.220669	0.966220	-0.169242	0.965641	-0.197217	-0.976541	-0.137269	0.165907
16591	9.402810	-1.659346	1.653931	-0.026703	-0.054460	0.046698	0.132460	0.221077	0.966219	-0.169088	0.965560	-0.197746	-0.976659	-0.137182	0.165280
16592	9.504076	-1.710849	1.703743	-0.049495	-0.055967	0.041548	0.131795	0.221436	0.966228	-0.168704	0.965521	-0.198263	-0.976816	-0.136877	0.164608
16593	9.503464	-1.856081	1.730710	-0.061594	-0.063429	0.038760	0.131046	0.221756	0.966256	-0.168198	0.965505	-0.198772	-0.977004	-0.136474	0.163824
16594	9.452171	-1.946140	1.648651	-0.072392	-0.069825	0.037415	0.130249	0.222061	0.966294	-0.167592	0.965503	-0.199289	-0.977214	-0.135987	0.162971
16595	9.426798	-1.989574	1.654580	-0.068321	-0.080403	0.035911	0.129339	0.222331	0.966354	-0.167015	0.965502	-0.199781	-0.977434	-0.135557	0.162009
16596	9.403399	-2.042465	1.637638	-0.059881	-0.082448	0.037501	0.128419	0.222618	0.966411	-0.166528	0.965483	-0.200276	-0.977639	-0.135215	0.161058
16597	9.391011	-2.066419	1.635905	-0.048019	-0.084033	0.040516	0.127466	0.222928	0.966466	-0.166154	0.965443	-0.200778	-0.977827	-0.134990	0.160101
16598	9.395099	-2.011134	1.628120	-0.036970	-0.094388	0.038419	0.126434	0.223203	0.966538	-0.165878	0.965395	-0.201240	-0.978008	-0.134884	0.159083
16599	9.418010	-1.878363	1.695417	-0.022243	-0.092624	0.033300	0.125409	0.223432	0.966618	-0.165746	0.965336	-0.201632	-0.978162	-0.134927	0.158094
16600	9.523670	-1.790571	1.788929	-0.011003	-0.093605	0.032637	0.124388	0.223659	0.966698	-0.165732	0.965261	-0.202001	-0.978295	-0.135086	0.157134
16601	9.459824	-1.733106	1.909499	0.008502	-0.077618	0.031101	0.123513	0.223886	0.966757	-0.165898	0.965165	-0.202322	-0.978377	-0.135393	0.156353
16602	9.384836	-1.782811	1.969829	-0.000687	-0.071627	0.025080	0.122720	0.224068	0.966816	-0.165970	0.965094	-0.202601	-0.978465	-0.135600	0.155625
16603	9.352857	-1.943704	1.973971	-0.015649	-0.082419	0.030429	0.121799	0.224282	0.966883	-0.165898	0.965032	-0.202954	-0.978592	-0.135684	0.154748
16604	9.309540	-2.134515	1.961962	-0.019836	-0.089119	0.042956	0.120808	0.224608	0.966931	-0.165796	0.964949	-0.203433	-0.978732	-0.135737	0.153813
16605	9.277258	-2.297415	1.964303	-0.025196	-0.097576	0.050598	0.119705	0.224997	0.966978	-0.165654	0.964855	-0.203996	-0.978892	-0.135765	0.152770
16606	9.246871	-2.391782	1.989476	-0.030286	-0.110062	0.055533	0.118485	0.225423	0.967029	-0.165482	0.964753	-0.204617	-0.979069	-0.135782	0.151612
16607	9.264681	-2.468654	1.983329	-0.033758	-0.110175	0.055788	0.117250	0.225844	0.967082	-0.165261	0.964658	-0.205241	-0.979255	-0.135756	0.150429
16608	9.271917	-2.512591	1.882145	-0.040376	-0.117405	0.056086	0.115958	0.226263	0.967139	-0.164982	0.964569	-0.205881	-0.979456	-0.135687	0.149179
16609	9.240986	-2.552118	1.722892	-0.051872	-0.117884	0.042771	0.114669	0.226548	0.967226	-0.164567	0.964528	-0.206406	-0.979678	-0.135505	0.147884
16610	9.300041	-2.667815	1.601659	-0.056479	-0.125022	0.046452	0.113318	0.226864	0.967312	-0.164116	0.964483	-0.206975	-0.979911	-0.135297	0.146525
16611	9.346701	-2.723777	1.533803	-0.028183	-0.128920	0.037815	0.111929	0.227086	0.967421	-0.163926	0.964421	-0.207416	-0.980102	-0.135369	0.145172
16612	9.375651	-2.680935	1.609861	0.010174	-0.135918	0.021878	0.110512	0.227149	0.967569	-0.164096	0.964341	-0.207649	-0.980234	-0.135827	0.143845
16613	9.384494	-2.625147	1.680387	0.051391	-0.136367	0.020304	0.109078	0.227191	0.967722	-0.164666	0.964210	-0.207807	-0.980300	-0.136683	0.142584
16614	9.313647	-2.649114	1.967383	0.099602	-0.125851	0.026412	0.107747	0.227315	0.967842	-0.165734	0.963994	-0.207961	-0.980267	-0.137997	0.141541
16615	9.125496	-2.774983	2.266428	0.154234	-0.122087	0.042319	0.106416	0.227586	0.967926	-0.167334	0.963669	-0.208188	-0.980140	-0.139813	0.140632
16616	9.126278	-2.810509	2.488327	0.210127	-0.114295	0.057124	0.105149	0.228013	0.967964	-0.169505	0.963225	-0.208483	-0.979904	-0.142153	0.139932
16617	9.146598	-2.696453	2.729783	0.254424	-0.106643	0.060333	0.103937	0.228473	0.967986	-0.172104	0.962707	-0.208747	-0.979580	-0.144898	0.139382
16618	9.170102	-2.449509	2.916087	0.272804	-0.092518	0.053567	0.102887	0.228893	0.967999	-0.174890	0.962166	-0.208925	-0.979198	-0.147798	0.139025
16619	9.148238	-2.359474	3.250279	0.271400	-0.056627	0.041891	0.102194	0.229243	0.967990	-0.177633	0.961650	-0.208988	-0.978776	-0.150589	0.138996
16620	8.960481	-2.753045	3.336205	0.255908	-0.040255	0.050140	0.101657	0.229707	0.967936	-0.180255	0.961125	-0.209159	-0.978353	-0.153213	0.139111
16621	8.968655	-3.189706	3.267927	0.263197	-0.025906	0.080005	0.101194	0.230467	0.967804	-0.182953	0.960518	-0.209602	-0.977900	-0.155852	0.139363
16622	8.818983	-3.307164	2.972037	0.293009	-0.002413	0.118171	0.100901	0.231638	0.967555	-0.185999	0.959764	-0.210376	-0.977355	-0.158737	0.139925
16623	8.843640	-3.079883	2.451170	0.280726	0.003191	0.133856	0.100616	0.232958	0.967268	-0.188919	0.958987	-0.211313	-0.976824	-0.161474	0.140500
16624	8.896669	-2.708502	1.727960	0.195344	-0.002995	0.119868	0.100308	0.234141	0.967014	-0.191002	0.958371	-0.212236	-0.976451	-0.163413	0.140853
16625	9.109076	-2.590091	1.255484	0.071014	-0.032634	0.066894	0.099796	0.234759	0.966917	-0.191805	0.958081	-0.212817	-0.976346	-0.164221	0.140641
16626	9.268089	-2.613861	0.785941	-0.039755	-0.075541	-0.014574	0.099032	0.234540	0.967049	-0.191473	0.958157	-0.212775	-0.976489	-0.164093	0.139796
16627	9.566439	-2.650004	0.486194	-0.114752	-0.133175	-0.106837	0.097870	0.233328	0.967460	-0.190290	0.958579	-0.211936	-0.976837	-0.163356	0.138216
16628	9.838472	-2.815211	0.401552	-0.136194	-0.172497	-0.187133	0.096488	0.231292	0.968088	-0.188835	0.959215	-0.210351	-0.977257	-0.162512	0.136229
16629	10.065332	-2.949573	0.514165	-0.119397	-0.197072	-0.249602	0.094966	0.228608	0.968876	-0.187472	0.959967	-0.208131	-0.977669	-0.161871	0.134022
16630	10.031500	-3.051110	0.787351	-0.063608	-0.210367	-0.288112	0.093391	0.225547	0.969746	-0.186652	0.960700	-0.205467	-0.977977	-0.161817	0.131819
16631	10.013707	-3.091392	1.223460	0.029574	-0.222391	-0.303786	0.091718	0.222297	0.970655	-0.186703	0.961316	-0.202517	-0.978126	-0.162650	0.129673
16632	9.952608	-3.207092	1.774753	0.147663	-0.233464	-0.298958	0.089940	0.219083	0.971552	-0.187941	0.961713	-0.199466	-0.978054	-0.164654	0.127671
16633	9.869768	-3.488808	2.698569	0.294071	-0.265915	-0.278005	0.087801	0.215997	0.972438	-0.190612	0.961813	-0.196427	-0.977731	-0.168112	0.125620
16634	9.874615	-3.826839	3.822987	0.493947	-0.263363	-0.245814	0.085650	0.213223	0.973242	-0.195284	0.961477	-0.193460	-0.977000	-0.173489	0.123989
16635	10.033064	-4.192470	5.154213	0.798172	-0.180644	-0.211681	0.084243	0.210898	0.973871	-0.202938	0.960493	-0.190446	-0.975561	-0.181592	0.123714
16636	10.482432	-4.462316	6.396154	1.193511	0.038779	-0.103011	0.084781	0.210027	0.974013	-0.214554	0.958449	-0.187996	-0.973026	-0.193039	0.126320
16637	10.282323	-4.037455	7.671694	1.619795	0.392431	0.015128	0.088492	0.210987	0.973475	-0.230338	0.955154	-0.186077	-0.969079	-0.207762	0.133122
16638	10.176566	-3.099458	8.926817	1.999955	0.767676	0.042954	0.095753	0.213101	0.972327	-0.249776	0.950706	-0.183765	-0.963558	-0.225268	0.144260
16639	9.457561	-2.428360	9.565955	2.318493	1.098499	-0.015344	0.106272	0.215564	0.970690	-0.272061	0.945270	-0.180133	-0.956394	-0.244944	0.159102
16640	9.121306	-1.291779	9.369449	2.486526	1.301041	-0.113930	0.118932	0.217851	0.968709	-0.295682	0.939139	-0.174899	-0.947854	-0.265628	0.176108
16641	8.750743	0.105302	8.196501	2.424837	1.423089	-0.238301	0.133020	0.219563	0.966487	-0.318297	0.932961	-0.168139	-0.938612	-0.285265	0.193988
16642	8.971065	1.314359	6.637387	2.169172	1.420637	-0.391453	0.147536	0.220129	0.964249	-0.338082	0.927418	-0.159992	-0.929480	-0.302390	0.211249
16643	9.244348	1.980445	5.301629	1.677652	1.450030	-0.531882	0.162725	0.219702	0.961900	-0.352826	0.923389	-0.151218	-0.921431	-0.314777	0.227775
16644	9.598840	1.902952	3.935053	1.089923	1.318591	-0.673665	0.177218	0.217703	0.959791	-0.361754	0.921366	-0.142192	-0.915275	-0.322010	0.242037
16645	10.564198	2.383419	2.075621	0.579915	1.171740	-0.762612	0.190623	0.214487	0.957945	-0.365691	0.921116	-0.133471	-0.911007	-0.324869	0.254022
16646	11.672508	3.336871	0.398594	0.180616	1.161633	-0.810775	0.204128	0.210787	0.955982	-0.365791	0.922232	-0.125240	-0.908036	-0.324124	0.265357
16647	12.127282	3.304200	-0.179461	-0.249300	1.253301	-0.829283	0.218446	0.207180	0.953602	-0.361821	0.924746	-0.118027	-0.906293	-0.319251	0.276970
16648	11.955367	2.787699	-0.062901	-0.647659	1.338756	-0.786468	0.233388	0.204122	0.950718	-0.354230	0.928383	-0.112368	-0.905567	-0.310548	0.288979
16649	12.150297	2.418394	-0.150001	-0.956043	1.326956	-0.654727	0.247624	0.202095	0.947544	-0.344043	0.932606	-0.109000	-0.905713	-0.299005	0.300465
16650	10.785638	1.565122	-0.553709	-1.244893	1.370221	-0.519609	0.261781	0.201244	0.943913	-0.331488	0.937270	-0.107894	-0.906414	-0.284651	0.312069
16651	10.422234	0.981601	-1.205207	-1.488197	1.272323	-0.410384	0.274587	0.200928	0.940335	-0.316934	0.942189	-0.108776	-0.907830	-0.268156	0.322394
16652	9.557921	0.303406	-1.733375	-1.676429	1.228425	-0.307312	0.286666	0.201230	0.936658	-0.300888	0.947132	-0.111392	-0.909554	-0.249897	0.332058
16653	9.192734	-0.548143	-2.028073	-1.795446	1.149216	-0.234404	0.297750	0.201790	0.933073	-0.283903	0.951900	-0.115266	-0.911451	-0.230582	0.340717
16654	8.255909	-1.728063	-2.261755	-1.805753	1.074084	-0.198745	0.308055	0.202297	0.929612	-0.266877	0.956273	-0.119661	-0.913170	-0.211230	0.348573
16655	7.574255	-3.149077	-2.349004	-1.684598	0.953557	-0.190664	0.317199	0.202426	0.926503	-0.250935	0.960049	-0.123845	-0.914558	-0.193208	0.355322
16656	7.348880	-4.499813	-1.904165	-1.416313	0.809987	-0.160871	0.324958	0.202416	0.923813	-0.237513	0.962987	-0.127453	-0.915418	-0.178000	0.361006
16657	7.731301	-6.034339	-1.265612	-0.985591	0.652376	-0.085466	0.331066	0.202748	0.921568	-0.228259	0.964846	-0.130269	-0.915583	-0.167228	0.365707
16658	8.379955	-7.285186	-0.585433	-0.394044	0.532950	0.054373	0.335772	0.204191	0.919545	-0.224895	0.965367	-0.132246	-0.914702	-0.162396	0.370065
16659	8.987702	-7.886399	0.000351	0.294416	0.456569	0.241931	0.339332	0.207302	0.917540	-0.228451	0.964373	-0.133395	-0.912504	-0.164348	0.374601
16660	9.082498	-7.841917	0.615962	1.021778	0.447285	0.429370	0.342348	0.212238	0.915288	-0.239290	0.961726	-0.133504	-0.908591	-0.173315	0.380032
16661	9.169233	-6.633227	1.399785	1.713243	0.436414	0.609617	0.344725	0.218908	0.912822	-0.256952	0.957293	-0.132535	-0.902851	-0.188863	0.386252
16662	8.596941	-4.771021	2.229311	2.239162	0.472413	0.779414	0.346822	0.227336	0.909963	-0.279859	0.951070	-0.130941	-0.895206	-0.209248	0.393474
16663	7.317120	-3.813870	2.902151	2.545825	0.451691	0.692155	0.348757	0.234918	0.907294	-0.304993	0.943830	-0.127141	-0.886198	-0.232377	0.400816
16664	6.686362	-2.580766	3.490194	2.719878	0.412959	0.531522	0.350644	0.240976	0.904975	-0.330904	0.935876	-0.120991	-0.876100	-0.257035	0.407899
16665	6.894169	-0.561193	4.105087	2.811825	0.328244	0.416452	0.352005	0.245764	0.903157	-0.356900	0.927256	-0.113220	-0.865283	-0.282483	0.414112
16666	7.493118	1.615287	4.656772	2.766631	0.292267	0.409338	0.352942	0.250452	0.901502	-0.382211	0.918043	-0.105410	-0.854018	-0.307361	0.419741
16667	7.572080	2.971000	4.968676	2.525532	0.314008	0.391909	0.353998	0.255052	0.899797	-0.405075	0.908985	-0.098292	-0.842971	-0.329690	0.425094
16668	7.632650	4.006486	5.417359	2.158277	0.288999	0.362648	0.354853	0.259354	0.898229	-0.424525	0.900694	-0.092354	-0.832982	-0.348548	0.429716
16669	8.438340	5.215509	5.779872	1.695692	0.246479	0.389041	0.355148	0.263739	0.896834	-0.440009	0.893617	-0.088548	-0.824780	-0.363168	0.433413
16670	8.835497	6.275941	5.896907	1.159596	0.269108	0.505860	0.355045	0.269268	0.895230	-0.451404	0.887964	-0.088057	-0.818644	-0.372846	0.436816
16671	7.343104	6.145019	5.787549	0.564902	0.179918	0.424503	0.354520	0.273720	0.894088	-0.457572	0.884667	-0.089401	-0.815441	-0.377415	0.438878
16672	7.033133	6.373520	5.454222	-0.074494	0.018172	0.362098	0.352956	0.277018	0.893691	-0.458303	0.883919	-0.092986	-0.815709	-0.376761	0.438943
16673	6.660411	6.307780	4.886460	-0.719118	-0.108669	0.257236	0.350829	0.278903	0.893942	-0.453376	0.885865	-0.098455	-0.819372	-0.370751	0.437235
16674	6.572343	5.531155	4.308034	-1.333067	-0.202620	0.104427	0.348643	0.279109	0.894732	-0.442823	0.890415	-0.105211	-0.826048	-0.359527	0.434033
16675	6.311607	4.639378	3.839924	-1.903769	-0.314905	-0.019302	0.346045	0.277847	0.896133	-0.426988	0.897135	-0.113275	-0.835425	-0.343440	0.429086
16676	6.431250	3.201008	3.596453	-2.455015	-0.484348	-0.050261	0.342133	0.275796	0.898266	-0.406200	0.905430	-0.123281	-0.847317	-0.322697	0.421806
16677	6.970972	0.766832	3.930322	-2.872278	-0.650530	0.024752	0.336413	0.274020	0.900966	-0.381798	0.914259	-0.135503	-0.860846	-0.298402	0.412189
16678	8.161800	-2.583749	5.496742	-3.036979	-0.720189	0.180400	0.329459	0.273637	0.903648	-0.356085	0.922418	-0.149497	-0.874449	-0.272522	0.401337
16679	8.984568	-6.321801	6.804055	-2.780697	-0.644778	0.374275	0.322427	0.275445	0.905633	-0.332873	0.928614	-0.163924	-0.886135	-0.248607	0.391099
16680	8.607221	-8.012387	7.359881	-2.108646	-0.564609	0.533845	0.315618	0.279083	0.906917	-0.315843	0.932168	-0.176937	-0.894779	-0.230599	0.382355
16681	7.918389	-7.149105	7.528570	-1.330081	-0.630537	0.498396	0.308343	0.282338	0.908411	-0.305504	0.933745	-0.186515	-0.900884	-0.220013	0.374169
16682	7.877842	-5.562599	7.396547	-0.678733	-0.742567	0.317574	0.300635	0.283717	0.910562	-0.300397	0.934303	-0.191934	-0.905196	-0.215828	0.366112
16683	9.333517	-4.551713	6.900915	-0.243013	-0.855971	0.107038	0.292487	0.282895	0.913467	-0.298559	0.934505	-0.193814	-0.908468	-0.216036	0.357791
16684	11.561212	-4.861265	7.361547	0.173915	-0.769639	-0.063024	0.285629	0.280666	0.916320	-0.300018	0.934279	-0.192647	-0.910168	-0.219886	0.351062
16685	11.731598	-4.963493	7.603898	0.671182	-0.508747	-0.096469	0.281227	0.278653	0.918294	-0.305899	0.933026	-0.189442	-0.909581	-0.227629	0.347632
16686	9.193864	-2.815405	5.198469	0.964794	-0.404625	0.044176	0.277364	0.278158	0.919618	-0.314856	0.930631	-0.186526	-0.907709	-0.237812	0.345703
16687	7.878050	1.322866	1.858169	0.742125	-0.497099	0.190001	0.272183	0.278745	0.920987	-0.322158	0.928285	-0.185746	-0.906714	-0.246147	0.342463
16688	8.405438	4.058068	0.229645	0.099694	-0.514522	0.290370	0.266532	0.280202	0.922197	-0.323907	0.927200	-0.188107	-0.907769	-0.248570	0.337888
16689	9.213355	3.597336	0.316648	-0.694546	-0.438017	0.355594	0.261340	0.282447	0.922998	-0.318576	0.927887	-0.193741	-0.911159	-0.243413	0.332474
16690	9.672022	0.349752	0.814039	-1.300782	-0.428604	0.373243	0.256208	0.284922	0.923676	-0.307709	0.929901	-0.201490	-0.916336	-0.232600	0.325921
16691	10.453537	-2.520439	1.412085	-1.493486	-0.530594	0.371879	0.250143	0.287209	0.924629	-0.294969	0.932198	-0.209761	-0.922183	-0.220266	0.317901
16692	11.312411	-3.499043	0.945401	-1.433160	-0.643842	0.342071	0.243155	0.289050	0.925919	-0.282606	0.934266	-0.217441	-0.927906	-0.208798	0.308859
16693	11.715624	-2.609475	-0.285425	-1.306346	-0.695657	0.287842	0.235819	0.290352	0.927408	-0.271185	0.936074	-0.224108	-0.933192	-0.198650	0.299483
16694	11.661805	-1.443099	-0.134326	-1.237340	-0.683811	0.257834	0.228688	0.291473	0.928841	-0.260258	0.937702	-0.230176	-0.938066	-0.189100	0.290299
16695	10.855732	-1.435109	0.642493	-1.206239	-0.639377	0.246982	0.221980	0.292640	0.930100	-0.249519	0.939185	-0.235948	-0.942584	-0.179702	0.281500
16696	9.932863	-2.119919	1.094975	-1.121315	-0.666658	0.223412	0.215092	0.293600	0.931415	-0.239463	0.940479	-0.241157	-0.946780	-0.171168	0.272596
16697	9.249356	-3.206390	1.508322	-0.959855	-0.723312	0.199801	0.207695	0.294296	0.932873	-0.230826	0.941483	-0.245621	-0.950569	-0.164317	0.263473
16698	8.848526	-4.270991	1.615020	-0.741640	-0.756193	0.193800	0.200008	0.294929	0.934352	-0.224207	0.942094	-0.249379	-0.953797	-0.159610	0.254551
16699	8.783557	-4.729649	1.885846	-0.507260	-0.762666	0.234780	0.192137	0.295964	0.935676	-0.219868	0.942185	-0.252874	-0.956421	-0.157139	0.246102
16700	8.549965	-4.757977	2.260174	-0.290871	-0.728601	0.271124	0.184520	0.297408	0.936750	-0.217646	0.941817	-0.256145	-0.958427	-0.156616	0.238514
16701	8.458649	-4.199215	2.767618	-0.112840	-0.697610	0.290709	0.177132	0.299078	0.937644	-0.217135	0.941109	-0.259164	-0.959936	-0.157689	0.231641
16702	8.326527	-3.392162	3.053920	-0.022423	-0.640176	0.279973	0.170322	0.300734	0.938376	-0.217460	0.940283	-0.261874	-0.961094	-0.159456	0.225549
16703	8.448867	-2.621504	3.505459	-0.009807	-0.588992	0.242113	0.164066	0.302095	0.939053	-0.217816	0.939551	-0.264199	-0.962101	-0.161194	0.219950
16704	8.541039	-2.126566	3.844773	-0.093745	-0.509006	0.192811	0.158697	0.303121	0.939645	-0.217279	0.939096	-0.266248	-0.963123	-0.161913	0.214893
16705	8.409379	-1.896975	3.802288	-0.247118	-0.431242	0.142178	0.154168	0.303790	0.940183	-0.215165	0.939045	-0.268140	-0.964332	-0.160956	0.210136
16706	8.316209	-1.957890	3.279942	-0.448847	-0.402194	0.100324	0.150026	0.304126	0.940744	-0.211040	0.939434	-0.270047	-0.965896	-0.158021	0.205122
16707	8.177971	-2.071674	2.614606	-0.646580	-0.404777	0.057113	0.145928	0.304063	0.941409	-0.204918	0.940248	-0.271924	-0.967840	-0.153230	0.199517
16708	8.682175	-2.063828	1.894485	-0.839232	-0.425859	0.020985	0.141714	0.303657	0.942183	-0.196870	0.941422	-0.273801	-0.970134	-0.146686	0.193193
16709	8.938934	-2.161496	1.116806	-1.006968	-0.445700	-0.033809	0.137384	0.302734	0.943121	-0.187085	0.942943	-0.275424	-0.972689	-0.138605	0.186183
16710	9.190204	-2.583013	0.718017	-1.132752	-0.479119	-0.096317	0.132845	0.301220	0.944256	-0.175975	0.944731	-0.276614	-0.975390	-0.129419	0.178510
16711	9.519718	-3.271540	0.505030	-1.181635	-0.512314	-0.138697	0.128013	0.299302	0.945532	-0.164297	0.946603	-0.277397	-0.978069	-0.119837	0.170351
16712	9.776153	-3.713608	0.326508	-1.142205	-0.537348	-0.159414	0.122956	0.297211	0.946862	-0.152964	0.948376	-0.277823	-0.980553	-0.110676	0.162071
16713	9.694766	-4.008472	0.348179	-1.023821	-0.550500	-0.159687	0.117725	0.295142	0.948173	-0.142765	0.949924	-0.277961	-0.982730	-0.102643	0.153966
16714	9.613356	-4.184803	0.532425	-0.855970	-0.567925	-0.153061	0.112304	0.293164	0.949443	-0.134224	0.951206	-0.277832	-0.984567	-0.096236	0.146174
16715	9.484021	-4.275989	0.684445	-0.674429	-0.576681	-0.131041	0.106730	0.291410	0.950626	-0.127478	0.952207	-0.277582	-0.986082	-0.091558	0.138778
16716	9.494579	-4.059853	0.762444	-0.512855	-0.573689	-0.104284	0.101153	0.289941	0.951684	-0.122367	0.952953	-0.277321	-0.987317	-0.088402	0.131873
16717	9.361464	-4.000859	1.106765	-0.376422	-0.563514	-0.082145	0.095623	0.288700	0.952632	-0.118610	0.953504	-0.277058	-0.988326	-0.086499	0.125420
16718	9.166852	-3.882952	1.407804	-0.264977	-0.561794	-0.054855	0.090082	0.287737	0.953464	-0.115998	0.953871	-0.276901	-0.989156	-0.085656	0.119303
16719	9.051103	-3.705312	1.695744	-0.192293	-0.556966	-0.034084	0.084547	0.286970	0.954201	-0.114108	0.954118	-0.276835	-0.989864	-0.085476	0.113413
16720	9.214497	-3.382157	2.100850	-0.135215	-0.518523	-0.033867	0.079402	0.286248	0.954860	-0.112801	0.954312	-0.276704	-0.990440	-0.085738	0.108063
16721	8.989516	-3.035976	2.469499	-0.133585	-0.439103	-0.043418	0.075038	0.285492	0.955439	-0.111486	0.954535	-0.276466	-0.990929	-0.085773	0.103455
16722	8.693776	-2.826509	2.660293	-0.181066	-0.371409	-0.043224	0.071354	0.284807	0.955926	-0.109720	0.954794	-0.276279	-0.991398	-0.085170	0.099378
16723	8.321340	-2.777999	2.497692	-0.267583	-0.324849	-0.056948	0.068133	0.284024	0.956394	-0.107069	0.955166	-0.276032	-0.991914	-0.083593	0.095488
16724	8.075760	-2.915433	1.781980	-0.399428	-0.329484	-0.077400	0.064896	0.283055	0.956906	-0.103114	0.955696	-0.275704	-0.992550	-0.080778	0.091208
16725	8.089077	-3.119112	1.138950	-0.514522	-0.369830	-0.102227	0.061265	0.281821	0.957509	-0.097983	0.956376	-0.275218	-0.993301	-0.076958	0.086206
16726	8.319986	-3.351236	0.859987	-0.585569	-0.426575	-0.144189	0.057114	0.280168	0.958251	-0.092139	0.957200	-0.274369	-0.994107	-0.072622	0.080484
16727	8.532882	-3.418560	0.441983	-0.609600	-0.480228	-0.191066	0.052447	0.278036	0.959138	-0.086014	0.958148	-0.273045	-0.994913	-0.068179	0.074166
16728	8.819707	-3.407600	0.301147	-0.621145	-0.534108	-0.237677	0.047278	0.275453	0.960151	-0.079775	0.959197	-0.271251	-0.995691	-0.063772	0.067323
16729	9.061247	-3.357729	0.347263	-0.616663	-0.590733	-0.278715	0.041547	0.272451	0.961272	-0.073550	0.960327	-0.269004	-0.996426	-0.059526	0.059937
16730	9.265752	-3.509799	0.527188	-0.576593	-0.629258	-0.303153	0.035437	0.269224	0.962425	-0.067748	0.961462	-0.266460	-0.997073	-0.055760	0.052311
16731	9.353608	-3.562666	0.751509	-0.508721	-0.645269	-0.312441	0.029144	0.265906	0.963558	-0.062615	0.962560	-0.263737	-0.997612	-0.052646	0.044703
16732	9.274554	-3.654298	1.169241	-0.432791	-0.647182	-0.303412	0.022819	0.262700	0.964608	-0.058281	0.963567	-0.261038	-0.998039	-0.050261	0.037298
16733	9.116871	-3.922312	1.438398	-0.372088	-0.650678	-0.298025	0.016431	0.259544	0.965592	-0.054548	0.964516	-0.258326	-0.998376	-0.048427	0.030006
16734	8.979209	-4.351853	1.524629	-0.329238	-0.666991	-0.277044	0.009869	0.256599	0.966468	-0.051289	0.965372	-0.255785	-0.998635	-0.047045	0.022689
16735	9.131205	-4.331503	1.342998	-0.286758	-0.684122	-0.247227	0.003100	0.253931	0.967217	-0.048449	0.966124	-0.253488	-0.998821	-0.046075	0.015298
16736	9.433837	-3.583538	1.203321	-0.254751	-0.680888	-0.247150	-0.003632	0.251280	0.967908	-0.045973	0.966849	-0.251178	-0.998936	-0.045410	0.008040
16737	9.496124	-2.738828	1.358872	-0.273425	-0.611263	-0.281739	-0.009673	0.248319	0.968630	-0.043299	0.967663	-0.248503	-0.999015	-0.044345	0.001392
16738	9.385658	-2.437063	1.632958	-0.362989	-0.540087	-0.344160	-0.014972	0.244803	0.969457	-0.039783	0.968652	-0.245215	-0.999096	-0.042240	-0.004764
16739	9.234269	-2.518805	1.742192	-0.494221	-0.471391	-0.410610	-0.019589	0.240671	0.970409	-0.034955	0.969837	-0.241235	-0.999197	-0.038646	-0.010585
16740	9.067519	-2.467736	1.667082	-0.634292	-0.449170	-0.453324	-0.023976	0.236159	0.971418	-0.028784	0.971132	-0.236800	-0.999298	-0.033638	-0.016487
16741	8.983121	-2.535754	1.464975	-0.794992	-0.436265	-0.472150	-0.028278	0.231478	0.972429	-0.021001	0.972466	-0.232097	-0.999379	-0.026985	-0.022638
16742	8.819952	-2.885518	1.233380	-0.890936	-0.471729	-0.488108	-0.032954	0.226670	0.973414	-0.012313	0.973777	-0.227171	-0.999381	-0.019472	-0.029299
16743	9.022909	-3.217877	1.187164	-0.942456	-0.502244	-0.510014	-0.037992	0.221662	0.974383	-0.003114	0.975056	-0.221937	-0.999273	-0.011466	-0.036354
16744	9.380611	-3.732796	1.612207	-0.961884	-0.522493	-0.542160	-0.043263	0.216386	0.975349	0.006208	0.976302	-0.216323	-0.999044	-0.003303	-0.043581
16745	9.357759	-4.781731	2.224136	-0.927829	-0.494915	-0.545227	-0.048322	0.211104	0.976268	0.015189	0.977452	-0.210609	-0.998716	0.004652	-0.050439
16746	8.647622	-6.165209	2.581349	-0.696605	-0.479775	-0.567055	-0.053258	0.205649	0.977175	0.021787	0.978571	-0.204755	-0.998343	0.010384	-0.056597
16747	12.424974	-6.229695	5.115359	-0.507929	-0.378652	-0.411755	-0.057194	0.201707	0.977775	0.026592	0.979338	-0.200474	-0.998009	0.014535	-0.061377
16748	10.939873	-6.038567	4.966473	-0.202507	-0.195409	-0.396177	-0.059292	0.197912	0.978425	0.028307	0.980088	-0.196533	-0.997839	0.016043	-0.063713
16749	11.771743	-5.607151	6.120967	-0.061517	0.049557	-0.338310	-0.058951	0.194629	0.979104	0.028683	0.980735	-0.193227	-0.997849	0.016693	-0.063397
16750	11.830825	-5.658139	6.706358	0.038838	0.343988	-0.281378	-0.055634	0.191870	0.979842	0.028055	0.981275	-0.190558	-0.998057	0.016888	-0.059975
16751	11.847442	-5.413200	6.426440	0.221479	0.636971	-0.212144	-0.049389	0.189725	0.980594	0.025695	0.981709	-0.188647	-0.998449	0.015879	-0.053361
16752	11.795886	-4.118318	6.053791	0.509464	0.905892	-0.162386	-0.040414	0.188063	0.981325	0.020450	0.982077	-0.187365	-0.998974	0.012496	-0.043535
16753	11.750232	-2.220736	6.082191	0.763511	1.170287	-0.160009	-0.028803	0.186418	0.982048	0.012727	0.982445	-0.186120	-0.999504	0.007138	-0.030670
16754	11.144618	-0.685195	5.854832	0.825069	1.464120	-0.176242	-0.014213	0.184683	0.982695	0.004356	0.982797	-0.184639	-0.999890	0.001657	-0.014773
16755	10.191930	-0.141490	4.797989	0.710213	1.587230	-0.231788	0.001599	0.182452	0.983213	-0.002800	0.983212	-0.182447	-0.999995	-0.002461	0.002083
16756	10.320901	0.016393	4.008387	0.431451	1.702937	-0.271492	0.018612	0.179895	0.983510	-0.007169	0.983679	-0.179791	-0.999801	-0.003704	0.019598
16757	10.550625	-0.325478	3.048245	0.122591	1.779721	-0.287950	0.036366	0.177152	0.983511	-0.008356	0.984182	-0.176964	-0.999304	-0.001782	0.037271
16758	10.647495	-1.040184	1.989041	-0.182627	1.871188	-0.229577	0.055048	0.174939	0.983039	-0.006506	0.984574	-0.174848	-0.998463	0.003229	0.055337
16759	10.433175	-2.218163	0.826120	-0.488993	1.860842	-0.094436	0.073563	0.173917	0.982009	-0.001608	0.984696	-0.174272	-0.997289	0.011241	0.072717
16760	10.940140	-3.722331	-0.080730	-0.678751	1.755332	0.115881	0.091033	0.174838	0.980380	0.004981	0.984375	-0.176013	-0.995835	0.020906	0.088740
16761	11.402790	-4.708970	-0.798888	-0.635108	1.652985	0.316121	0.107448	0.177571	0.978225	0.010943	0.983650	-0.179757	-0.994150	0.030019	0.103748
16762	11.272749	-4.907941	-1.145259	-0.392217	1.515798	0.474597	0.122538	0.181799	0.975671	0.014207	0.982657	-0.184885	-0.992362	0.036517	0.117830
16763	11.826859	-4.492925	-0.997342	-0.122212	1.266056	0.578604	0.135118	0.187040	0.973015	0.014629	0.981537	-0.190710	-0.990722	0.040003	0.129887
16764	10.725057	-4.165546	-1.487535	0.108616	1.144507	0.590980	0.146499	0.192444	0.970311	0.012630	0.980450	-0.196362	-0.989130	0.041022	0.141205
16765	10.551987	-3.771638	-1.636367	0.322399	0.976393	0.548520	0.156151	0.197469	0.967793	0.008568	0.979504	-0.201241	-0.987696	0.039716	0.151259
16766	10.560682	-2.898160	-1.757038	0.501792	0.881891	0.481705	0.164851	0.201922	0.965428	0.002745	0.978722	-0.205171	-0.986315	0.036473	0.160789
16767	9.611369	-1.770206	-2.255227	0.622240	0.852755	0.383230	0.173196	0.205422	0.963226	-0.004081	0.978148	-0.207871	-0.984879	0.032071	0.170250
16768	10.107548	-1.597273	-1.995952	0.625268	0.790354	0.277952	0.180919	0.207978	0.961256	-0.010826	0.977747	-0.209509	-0.983438	0.027498	0.179144
16769	10.100354	-2.137913	-2.038937	0.631834	0.786824	0.243593	0.188558	0.210204	0.959302	-0.017531	0.977389	-0.210721	-0.981905	0.022916	0.187980
16770	10.063105	-2.983159	-2.078914	0.752523	0.765762	0.271165	0.195976	0.212774	0.957247	-0.025535	0.976952	-0.211926	-0.980276	0.017090	0.196892
16771	9.929098	-3.673016	-2.342650	1.026717	0.707625	0.342967	0.202742	0.216074	0.955096	-0.036321	0.976340	-0.213170	-0.978558	0.008528	0.205793
16772	9.498995	-3.747789	-2.710663	1.434937	0.692485	0.413725	0.209289	0.220170	0.952745	-0.051303	0.975453	-0.214148	-0.976507	-0.004060	0.215447
16773	9.224182	-3.008714	-2.773668	1.855736	0.714830	0.450851	0.215927	0.224694	0.950204	-0.070407	0.974211	-0.214371	-0.973868	-0.020612	0.226178
16774	8.271247	-2.245615	-2.709608	2.192670	0.738996	0.450287	0.222698	0.229377	0.947519	-0.092817	0.972500	-0.213609	-0.970459	-0.040375	0.237864
16775	8.186094	-1.588862	-2.300686	2.444882	0.698753	0.463825	0.228916	0.234280	0.944834	-0.117589	0.970155	-0.212068	-0.966318	-0.062556	0.249633
16776	7.964437	-1.569840	-2.001972	2.639491	0.634325	0.490488	0.234338	0.239577	0.942172	-0.144273	0.966997	-0.210005	-0.961390	-0.086718	0.261169
16777	8.255491	-1.941949	-1.627818	2.843533	0.566093	0.519058	0.238879	0.245185	0.939586	-0.172805	0.962887	-0.207332	-0.955550	-0.112838	0.272383
16778	8.603807	-2.267493	-1.260060	3.090926	0.567155	0.554362	0.243180	0.251298	0.936863	-0.203673	0.957554	-0.203981	-0.948357	-0.141209	0.284041
16779	8.839393	-2.336584	-0.924219	3.341130	0.608810	0.565617	0.247618	0.257679	0.933963	-0.236650	0.950871	-0.199602	-0.939512	-0.171597	0.296433
16780	9.039312	-2.022735	-0.411141	3.551234	0.695743	0.565078	0.252624	0.264400	0.930738	-0.271344	0.942698	-0.194149	-0.928738	-0.203503	0.309891
16781	9.078023	-1.503065	0.383108	3.673714	0.794672	0.533794	0.258346	0.271180	0.927210	-0.306646	0.933176	-0.187485	-0.916092	-0.235889	0.324239
16782	9.085336	-0.663019	1.325642	3.670991	0.882524	0.490718	0.264717	0.278017	0.923380	-0.341403	0.922542	-0.179890	-0.901870	-0.267625	0.339128
16783	9.060185	0.324773	2.270780	3.536754	0.973299	0.446446	0.271757	0.284883	0.919233	-0.374278	0.911270	-0.171765	-0.886603	-0.297370	0.354269
16784	8.752794	1.470750	3.160018	3.251968	1.022735	0.417300	0.279058	0.291895	0.914835	-0.404105	0.899915	-0.163867	-0.871106	-0.323961	0.369085
16785	8.503473	2.607125	3.978215	2.838487	1.014527	0.379005	0.286174	0.298705	0.910428	-0.429742	0.889255	-0.156677	-0.856403	-0.346413	0.382848
