// General information: 
//  MT Manager version: 2022.2.0 
//  XDA version: 2022.2.0 build 7381 rev 124627 built on 2023-07-19
// Device information: 
//  DeviceId: 00B4CBA7
//  ProductCode: MTW2-3A7G6
//  Firmware Version: 4.6.0
//  Hardware Version: 2.0.0
// Device settings: 
//  Filter Profile: human(46.1)
//  Option Flags: Orientation Smoother Disabled, Position/Velocity Smoother Disabled, Continuous Zero Rotation Update Disabled, AHS Disabled, ICC Disabled
// Coordinate system: ENU
PacketCounter	Acc_X	Acc_Y	Acc_Z	Gyr_X	Gyr_Y	Gyr_Z	Mat[1][1]	Mat[2][1]	Mat[3][1]	Mat[1][2]	Mat[2][2]	Mat[3][2]	Mat[1][3]	Mat[2][3]	Mat[3][3]
16520	9.389192	0.330609	-2.720700	-0.008719	-0.002659	0.006853	-0.219833	-0.177763	0.959205	-0.531254	0.846485	0.035120	-0.818195	-0.501861	-0.280522
16521	9.394551	0.296837	-2.660743	-0.002363	-0.003415	0.005411	-0.219858	-0.177763	0.959199	-0.531217	0.846508	0.035118	-0.818212	-0.501821	-0.280542
16522	9.392969	0.334487	-2.679379	0.004809	-0.001944	0.002445	-0.219855	-0.177785	0.959196	-0.531258	0.846481	0.035125	-0.818186	-0.501858	-0.280553
16523	9.368980	0.375799	-2.753206	0.005512	-0.000612	0.004213	-0.219851	-0.177781	0.959197	-0.531289	0.846463	0.035114	-0.818167	-0.501891	-0.280549
16524	9.365047	0.370476	-2.795240	0.003262	-0.003132	0.006331	-0.219883	-0.177773	0.959192	-0.531307	0.846453	0.035083	-0.818147	-0.501911	-0.280572
16525	9.372789	0.379483	-2.711823	-0.002250	-0.002520	0.002119	-0.219884	-0.177796	0.959187	-0.531278	0.846469	0.035112	-0.818165	-0.501875	-0.280584
16526	9.405548	0.416801	-2.733831	0.009463	-0.006415	0.007765	-0.219947	-0.177790	0.959174	-0.531334	0.846437	0.035054	-0.818112	-0.501931	-0.280637
16527	9.374904	0.421037	-2.689494	-0.001056	-0.008016	0.003565	-0.220001	-0.177829	0.959154	-0.531312	0.846450	0.035067	-0.818112	-0.501895	-0.280702
16528	9.406682	0.377766	-2.716908	-0.016018	-0.009024	0.008568	-0.220088	-0.177832	0.959134	-0.531160	0.846545	0.035074	-0.818187	-0.501735	-0.280771
16529	9.389741	0.288528	-2.706138	-0.013080	-0.009174	0.003670	-0.220151	-0.177875	0.959111	-0.531040	0.846619	0.035119	-0.818248	-0.501594	-0.280843
16530	9.408044	0.279708	-2.693573	0.005847	-0.009969	0.006763	-0.220238	-0.177894	0.959088	-0.531062	0.846606	0.035082	-0.818211	-0.501609	-0.280928
16531	9.409063	0.300303	-2.682573	0.014539	-0.004941	0.004038	-0.220269	-0.177913	0.959077	-0.531166	0.846542	0.035046	-0.818134	-0.501710	-0.280969
16532	9.370318	0.354343	-2.728438	0.021555	-0.005999	0.003944	-0.220308	-0.177940	0.959063	-0.531334	0.846440	0.034991	-0.818015	-0.501874	-0.281023
16533	9.385731	0.420924	-2.752298	0.019433	-0.003624	0.007317	-0.220345	-0.177925	0.959057	-0.531471	0.846357	0.034910	-0.817916	-0.502019	-0.281053
16534	9.332977	0.368958	-2.756473	0.011514	-0.008057	0.008101	-0.220423	-0.177929	0.959039	-0.531553	0.846308	0.034843	-0.817842	-0.502100	-0.281124
16535	9.412198	0.349722	-2.833960	0.012244	-0.009096	0.005739	-0.220497	-0.177954	0.959017	-0.531635	0.846258	0.034798	-0.817769	-0.502174	-0.281204
16536	9.397392	0.361871	-2.806350	0.011557	-0.006425	0.008518	-0.220563	-0.177946	0.959003	-0.531715	0.846211	0.034727	-0.817699	-0.502257	-0.281259
16537	9.378706	0.369190	-2.820402	0.005202	-0.005666	0.009962	-0.220631	-0.177918	0.958993	-0.531730	0.846204	0.034660	-0.817670	-0.502278	-0.281304
16538	9.395643	0.397743	-2.825867	-0.001152	-0.004907	0.011406	-0.220701	-0.177878	0.958984	-0.531700	0.846226	0.034597	-0.817671	-0.502257	-0.281341
16539	9.410435	0.324065	-2.847983	0.003811	-0.004328	0.010973	-0.220764	-0.177835	0.958978	-0.531702	0.846228	0.034525	-0.817653	-0.502268	-0.281372
16540	9.398207	0.378745	-2.796600	0.009435	-0.004050	0.011890	-0.220830	-0.177781	0.958972	-0.531744	0.846205	0.034427	-0.817608	-0.502325	-0.281402
16541	9.381116	0.347889	-2.791917	-0.001066	-0.001642	0.012241	-0.220878	-0.177714	0.958974	-0.531703	0.846234	0.034356	-0.817622	-0.502300	-0.281406
16542	9.369189	0.343400	-2.733708	-0.003249	-0.004899	0.010651	-0.220944	-0.177680	0.958965	-0.531657	0.846265	0.034306	-0.817634	-0.502261	-0.281442
16543	9.373046	0.346959	-2.692361	0.002264	-0.005517	0.014860	-0.221037	-0.177610	0.958956	-0.531637	0.846281	0.034201	-0.817621	-0.502257	-0.281484
16544	9.377063	0.291046	-2.644618	0.000765	-0.011445	0.010492	-0.221155	-0.177607	0.958930	-0.531611	0.846300	0.034143	-0.817606	-0.502227	-0.281581
16545	9.359533	0.319837	-2.647269	0.002287	-0.007889	0.010732	-0.221245	-0.177584	0.958913	-0.531600	0.846309	0.034077	-0.817589	-0.502219	-0.281646
16546	9.355389	0.313760	-2.689884	0.007800	-0.008507	0.014941	-0.221364	-0.177532	0.958895	-0.531637	0.846291	0.033954	-0.817533	-0.502268	-0.281721
16547	9.372216	0.341741	-2.695916	0.009761	-0.013414	0.014444	-0.221519	-0.177505	0.958864	-0.531679	0.846270	0.033832	-0.817463	-0.502314	-0.281841
16548	9.382441	0.322144	-2.767603	0.008898	-0.017274	0.015553	-0.221713	-0.177490	0.958823	-0.531717	0.846251	0.033700	-0.817386	-0.502351	-0.281999
16549	9.363505	0.329112	-2.782525	0.012695	-0.013571	0.009543	-0.221844	-0.177506	0.958789	-0.531794	0.846206	0.033617	-0.817301	-0.502421	-0.282122
16550	9.398786	0.348780	-2.775452	0.013244	-0.014767	0.014186	-0.222007	-0.177492	0.958754	-0.531875	0.846160	0.033488	-0.817204	-0.502503	-0.282257
16551	9.358878	0.321101	-2.826841	0.013424	-0.008237	0.015853	-0.222128	-0.177428	0.958738	-0.531944	0.846123	0.033342	-0.817126	-0.502589	-0.282329
16552	9.423167	0.373331	-2.883039	0.021734	-0.013913	0.013908	-0.222284	-0.177414	0.958705	-0.532102	0.846030	0.033190	-0.816981	-0.502751	-0.282461
16553	9.389807	0.393083	-2.869209	0.011989	-0.008531	0.016447	-0.222410	-0.177346	0.958688	-0.532158	0.846000	0.033043	-0.816910	-0.502824	-0.282535
16554	9.360550	0.417707	-2.813289	0.008459	-0.008813	0.016289	-0.222535	-0.177287	0.958670	-0.532200	0.845979	0.032908	-0.816848	-0.502881	-0.282612
16555	9.396173	0.377751	-2.798984	-0.000034	-0.009668	0.016568	-0.222671	-0.177224	0.958650	-0.532157	0.846010	0.032793	-0.816839	-0.502850	-0.282693
16556	9.398845	0.300159	-2.762977	-0.000035	-0.009669	0.016567	-0.222805	-0.177162	0.958630	-0.532113	0.846042	0.032681	-0.816831	-0.502818	-0.282772
16557	9.382882	0.290323	-2.746939	0.003632	-0.004490	0.017974	-0.222906	-0.177061	0.958625	-0.532097	0.846058	0.032542	-0.816814	-0.502828	-0.282805
16558	9.368206	0.301938	-2.719259	0.004220	-0.010430	0.014364	-0.223036	-0.177021	0.958602	-0.532097	0.846062	0.032437	-0.816779	-0.502835	-0.282894
16559	9.365410	0.257650	-2.743423	-0.003473	-0.006684	0.017242	-0.223151	-0.176937	0.958591	-0.532025	0.846112	0.032325	-0.816795	-0.502781	-0.282946
16560	9.387662	0.311749	-2.695887	0.002626	-0.013250	0.017836	-0.223324	-0.176882	0.958561	-0.532004	0.846130	0.032190	-0.816761	-0.502770	-0.283063
16561	9.351683	0.289138	-2.705483	0.000642	-0.012346	0.013790	-0.223467	-0.176856	0.958532	-0.531973	0.846153	0.032100	-0.816742	-0.502740	-0.283170
16562	9.381755	0.282707	-2.751577	0.003603	-0.008499	0.013430	-0.223578	-0.176814	0.958514	-0.531972	0.846157	0.032003	-0.816712	-0.502748	-0.283242
16563	9.329894	0.311669	-2.751056	0.001366	-0.013388	0.011429	-0.223717	-0.176813	0.958482	-0.531952	0.846172	0.031933	-0.816687	-0.502723	-0.283359
16564	9.399727	0.271933	-2.740372	-0.000682	-0.011744	0.011092	-0.223840	-0.176807	0.958454	-0.531916	0.846197	0.031873	-0.816677	-0.502682	-0.283459
16565	9.364992	0.271150	-2.738439	-0.000936	-0.017539	0.013136	-0.224023	-0.176812	0.958411	-0.531873	0.846227	0.031794	-0.816655	-0.502630	-0.283616
16566	9.363143	0.308049	-2.758525	0.010488	-0.016851	0.007950	-0.224168	-0.176865	0.958367	-0.531952	0.846180	0.031734	-0.816564	-0.502691	-0.283770
16567	9.364072	0.328198	-2.748383	0.006170	-0.015350	0.013865	-0.224336	-0.176853	0.958330	-0.531966	0.846175	0.031628	-0.816508	-0.502703	-0.283907
16568	9.353312	0.285418	-2.673066	0.004591	-0.020542	0.013212	-0.224540	-0.176877	0.958278	-0.531976	0.846172	0.031534	-0.816446	-0.502700	-0.284094
16569	9.384354	0.300281	-2.708676	0.012939	-0.024599	0.011677	-0.224772	-0.176930	0.958214	-0.532050	0.846130	0.031429	-0.816334	-0.502753	-0.284322
16570	9.358354	0.319003	-2.796179	0.024395	-0.019910	0.011028	-0.224961	-0.176969	0.958162	-0.532227	0.846023	0.031299	-0.816166	-0.502919	-0.284510
16571	9.344740	0.352083	-2.758073	0.015901	-0.020756	0.011316	-0.225160	-0.177006	0.958109	-0.532326	0.845965	0.031189	-0.816047	-0.503004	-0.284702
16572	9.358591	0.337466	-2.788623	0.011612	-0.023999	0.008982	-0.225372	-0.177079	0.958045	-0.532396	0.845923	0.031114	-0.815942	-0.503047	-0.284924
16573	9.355240	0.293207	-2.814160	0.020042	-0.022420	0.012400	-0.225590	-0.177116	0.957987	-0.532526	0.845846	0.030982	-0.815797	-0.503164	-0.285133
16574	9.358780	0.296342	-2.774565	0.022859	-0.023478	0.010789	-0.225805	-0.177174	0.957926	-0.532689	0.845748	0.030859	-0.815631	-0.503309	-0.285353
16575	9.404153	0.356926	-2.845549	0.027869	-0.021282	0.010758	-0.226005	-0.177219	0.957870	-0.532887	0.845629	0.030720	-0.815447	-0.503493	-0.285554
16576	9.406484	0.338700	-2.817099	0.018298	-0.013348	0.010432	-0.226135	-0.177231	0.957837	-0.533015	0.845552	0.030615	-0.815327	-0.503619	-0.285675
16577	9.353168	0.286413	-2.821738	0.020847	-0.017828	0.014993	-0.226329	-0.177222	0.957793	-0.533146	0.845475	0.030456	-0.815187	-0.503750	-0.285841
16578	9.355412	0.386447	-2.807405	0.035425	-0.023573	0.015286	-0.226570	-0.177244	0.957732	-0.533406	0.845318	0.030253	-0.814950	-0.504006	-0.286067
16579	9.367982	0.408477	-2.856107	0.034388	-0.010790	0.019200	-0.226729	-0.177165	0.957709	-0.533638	0.845181	0.030014	-0.814754	-0.504264	-0.286169
16580	9.349227	0.473417	-2.877508	0.027982	-0.009265	0.024369	-0.226905	-0.177037	0.957691	-0.533816	0.845077	0.029743	-0.814589	-0.504482	-0.286257
16581	9.397812	0.456697	-2.910255	0.017445	-0.008452	0.024332	-0.227072	-0.176902	0.957676	-0.533898	0.845034	0.029504	-0.814489	-0.504601	-0.286332
16582	9.443808	0.396824	-2.965416	0.034878	0.007920	0.027459	-0.227122	-0.176660	0.957709	-0.534115	0.844908	0.029186	-0.814332	-0.504898	-0.286254
16583	9.466057	0.426521	-2.926785	0.088767	0.040656	0.033444	-0.226939	-0.176200	0.957837	-0.534756	0.844520	0.028656	-0.813962	-0.505706	-0.285879
16584	9.400377	0.442588	-2.904145	0.114723	0.059447	0.036673	-0.226620	-0.175619	0.958020	-0.535602	0.844006	0.028021	-0.813495	-0.506767	-0.285330
16585	9.353525	0.449777	-2.867315	0.106924	0.059917	0.038722	-0.226309	-0.175016	0.958203	-0.536379	0.843533	0.027390	-0.813070	-0.507761	-0.284774
16586	9.326279	0.410880	-2.798943	0.080914	0.045851	0.043725	-0.226137	-0.174446	0.958348	-0.536937	0.843197	0.026787	-0.812749	-0.508515	-0.284344
16587	9.342887	0.234645	-2.790591	0.052209	0.033764	0.047042	-0.226084	-0.173906	0.958459	-0.537250	0.843015	0.026232	-0.812557	-0.509001	-0.284023
16588	9.376802	0.206470	-2.802602	0.067471	0.029300	0.049120	-0.226077	-0.173374	0.958557	-0.537687	0.842755	0.025615	-0.812270	-0.509613	-0.283748
16589	9.310812	0.340847	-2.796913	0.073302	0.020918	0.056326	-0.226179	-0.172821	0.958632	-0.538150	0.842481	0.024911	-0.811935	-0.510253	-0.283555
16590	9.383559	0.265978	-2.936692	0.034392	0.017144	0.057931	-0.226320	-0.172279	0.958697	-0.538308	0.842398	0.024301	-0.811790	-0.510575	-0.283390
16591	9.369104	0.369801	-2.932737	0.052156	0.025718	0.064036	-0.226424	-0.171636	0.958787	-0.538581	0.842243	0.023584	-0.811580	-0.511045	-0.283145
16592	9.399937	0.297171	-2.968429	0.035613	0.019656	0.068443	-0.226598	-0.170990	0.958862	-0.538710	0.842181	0.022875	-0.811446	-0.511365	-0.282951
16593	9.401891	0.251793	-2.947589	0.035763	0.024543	0.069663	-0.226743	-0.170306	0.958949	-0.538837	0.842119	0.022150	-0.811321	-0.511695	-0.282712
16594	9.405361	0.227625	-2.915050	0.045552	0.024711	0.072071	-0.226899	-0.169603	0.959037	-0.539040	0.842009	0.021375	-0.811143	-0.512109	-0.282474
16595	9.395372	0.179201	-2.835564	0.037607	0.020339	0.072892	-0.227096	-0.168913	0.959112	-0.539174	0.841942	0.020613	-0.810998	-0.512447	-0.282275
16596	9.397724	0.192783	-2.821906	0.047854	0.028796	0.070333	-0.227210	-0.168202	0.959210	-0.539395	0.841819	0.019849	-0.810820	-0.512883	-0.281997
16597	9.344232	0.172368	-2.841325	0.045344	0.022140	0.074953	-0.227404	-0.167485	0.959289	-0.539587	0.841714	0.019046	-0.810638	-0.513289	-0.281782
16598	9.399654	0.332441	-2.851646	0.058651	0.022536	0.077520	-0.227607	-0.166747	0.959370	-0.539882	0.841544	0.018183	-0.810384	-0.513808	-0.281565
16599	9.300320	0.576730	-2.686638	0.030195	0.018778	0.082863	-0.227871	-0.165982	0.959440	-0.539933	0.841529	0.017347	-0.810276	-0.514080	-0.281379
16600	9.414915	0.463242	-2.554823	-0.014201	0.004733	0.089451	-0.228281	-0.165236	0.959471	-0.539614	0.841750	0.016576	-0.810373	-0.513960	-0.281319
16601	9.469130	0.407757	-2.524718	-0.012677	0.010638	0.093768	-0.228670	-0.164420	0.959519	-0.539291	0.841972	0.015756	-0.810478	-0.513857	-0.281204
16602	9.458577	0.345437	-2.629472	-0.016593	0.021226	0.098390	-0.228997	-0.163512	0.959596	-0.538928	0.842220	0.014902	-0.810627	-0.513741	-0.280987
16603	9.369578	0.169203	-2.612245	-0.049488	0.013424	0.104703	-0.229421	-0.162589	0.959651	-0.538282	0.842647	0.014080	-0.810937	-0.513333	-0.280840
16604	9.308236	-0.131334	-2.626505	-0.065227	-0.008619	0.104444	-0.230019	-0.161786	0.959644	-0.537517	0.843148	0.013308	-0.811275	-0.512764	-0.280903
16605	9.451839	-0.289705	-2.523658	-0.024368	-0.026712	0.099697	-0.230740	-0.161111	0.959584	-0.537085	0.843436	0.012463	-0.811356	-0.512502	-0.281145
16606	9.473054	-0.167143	-2.516367	0.010835	-0.030763	0.092638	-0.231451	-0.160522	0.959512	-0.536963	0.843526	0.011593	-0.811234	-0.512539	-0.281429
16607	9.470790	-0.100288	-2.557476	-0.006400	-0.038794	0.091578	-0.232226	-0.159976	0.959416	-0.536694	0.843708	0.010776	-0.811191	-0.512410	-0.281790
16608	9.430838	-0.259904	-2.738072	-0.020510	-0.034990	0.073123	-0.232865	-0.159573	0.959328	-0.536358	0.843929	0.010183	-0.811230	-0.512172	-0.282110
16609	9.504227	-0.427403	-2.814655	0.003531	-0.040197	0.060532	-0.233485	-0.159296	0.959223	-0.536240	0.844010	0.009636	-0.811130	-0.512124	-0.282484
16610	9.466887	-0.318670	-2.871631	0.050549	-0.036337	0.046595	-0.233995	-0.159124	0.959128	-0.536551	0.843819	0.009093	-0.810777	-0.512494	-0.282828
16611	9.390762	-0.124858	-2.820919	0.067720	-0.037124	0.034906	-0.234452	-0.159048	0.959029	-0.537014	0.843530	0.008610	-0.810338	-0.512993	-0.283178
16612	9.346407	-0.049791	-2.759320	0.048196	-0.052354	0.027792	-0.234994	-0.159115	0.958885	-0.537349	0.843320	0.008250	-0.809959	-0.513317	-0.283676
16613	9.267345	-0.190592	-2.440082	0.015937	-0.069854	0.019077	-0.235631	-0.159341	0.958691	-0.537428	0.843271	0.008066	-0.809721	-0.513327	-0.284335
16614	9.313978	-0.426204	-2.223099	0.035643	-0.090178	0.009663	-0.236378	-0.159755	0.958438	-0.537696	0.843101	0.007920	-0.809326	-0.513477	-0.285191
16615	9.311223	-0.346704	-1.913627	0.083144	-0.104247	-0.002405	-0.237177	-0.160339	0.958143	-0.538370	0.842673	0.007749	-0.808644	-0.513997	-0.286185
16616	9.360307	-0.200598	-1.634165	0.098954	-0.133025	-0.014002	-0.238143	-0.161174	0.957764	-0.539208	0.842138	0.007645	-0.807801	-0.514613	-0.287455
16617	9.396479	0.065453	-1.528442	0.100915	-0.153817	-0.020459	-0.239243	-0.162167	0.957322	-0.540067	0.841588	0.007594	-0.806902	-0.515201	-0.288925
16618	9.303520	0.250983	-1.301838	0.039100	-0.196373	-0.021836	-0.240677	-0.163394	0.956753	-0.540444	0.841344	0.007733	-0.806223	-0.515211	-0.290797
16619	9.423933	-0.103251	-1.190270	-0.076834	-0.257551	-0.033887	-0.242539	-0.165033	0.956002	-0.539902	0.841687	0.008325	-0.806028	-0.514128	-0.293243
16620	9.550745	-0.555307	-1.157931	-0.093603	-0.293050	-0.056305	-0.244562	-0.167043	0.955136	-0.539293	0.842068	0.009183	-0.805824	-0.512852	-0.296024
16621	9.486098	-0.915601	-1.163487	-0.090841	-0.342732	-0.072643	-0.246901	-0.169439	0.954112	-0.538735	0.842414	0.010191	-0.805484	-0.511498	-0.299275
16622	9.643722	-0.999102	-1.890481	-0.015113	-0.340649	-0.099531	-0.249071	-0.172052	0.953080	-0.538872	0.842313	0.011231	-0.804724	-0.510791	-0.302510
16623	9.332150	-0.670106	-2.684400	0.027968	-0.327758	-0.123747	-0.251009	-0.174796	0.952072	-0.539402	0.841957	0.012369	-0.803766	-0.510445	-0.305624
16624	9.260411	-0.447514	-3.578289	0.031989	-0.322360	-0.150471	-0.252753	-0.177734	0.951066	-0.540038	0.841529	0.013745	-0.802792	-0.510137	-0.308682
16625	9.289212	-0.431684	-3.986515	-0.026256	-0.337884	-0.175423	-0.254485	-0.180961	0.949995	-0.540268	0.841350	0.015538	-0.802090	-0.509298	-0.311878
16626	9.628399	-0.474999	-4.385482	0.000956	-0.327965	-0.193044	-0.256037	-0.184285	0.948939	-0.540777	0.840986	0.017411	-0.801252	-0.508706	-0.314980
16627	9.656700	-0.105424	-4.565877	0.059969	-0.281470	-0.200735	-0.257173	-0.187432	0.948014	-0.541769	0.840309	0.019169	-0.800218	-0.508675	-0.317649
16628	9.545072	0.173158	-4.597455	0.035924	-0.251616	-0.209054	-0.258016	-0.190498	0.947174	-0.542600	0.839727	0.021081	-0.799383	-0.508497	-0.320027
16629	9.569712	0.247092	-4.360901	-0.017542	-0.250291	-0.217484	-0.258805	-0.193624	0.946324	-0.543018	0.839400	0.023240	-0.798844	-0.507856	-0.322382
16630	9.617117	0.145236	-3.945956	-0.029967	-0.242166	-0.219750	-0.259511	-0.196722	0.945492	-0.543340	0.839127	0.025460	-0.798396	-0.507116	-0.324650
16631	9.757726	-0.016772	-3.378011	0.010796	-0.240255	-0.228967	-0.260152	-0.199889	0.944651	-0.544018	0.838619	0.027633	-0.797725	-0.506718	-0.326912
16632	10.042350	-0.185254	-2.559687	0.086770	-0.286335	-0.238673	-0.261103	-0.203368	0.943645	-0.545335	0.837694	0.029642	-0.796514	-0.506863	-0.329628
16633	10.636369	-0.540204	-1.440044	0.230472	-0.392871	-0.245650	-0.262854	-0.207445	0.942271	-0.547808	0.836021	0.031239	-0.794238	-0.507972	-0.333392
16634	10.886481	-0.052379	0.514975	0.493229	-0.451331	-0.273667	-0.264891	-0.212054	0.940673	-0.552435	0.832934	0.032202	-0.790347	-0.511131	-0.337783
16635	10.953276	0.322477	2.868933	0.481234	-0.500205	-0.331599	-0.266963	-0.217403	0.938865	-0.557108	0.829755	0.033725	-0.786360	-0.514045	-0.342631
16636	11.753079	1.437537	4.932110	0.482498	-0.594799	-0.415018	-0.269271	-0.223929	0.936669	-0.562006	0.826350	0.035991	-0.782075	-0.516723	-0.348362
16637	12.002135	1.546201	5.339881	0.251359	-0.733824	-0.469605	-0.272319	-0.231625	0.933912	-0.565237	0.823981	0.039543	-0.778685	-0.517113	-0.355309
16638	12.734842	1.465583	5.191361	0.100321	-0.987587	-0.461192	-0.277342	-0.240540	0.930173	-0.567278	0.822375	0.043523	-0.775420	-0.515596	-0.364533
16639	13.586060	1.528763	4.466622	-0.060228	-1.176903	-0.472985	-0.283734	-0.250503	0.925604	-0.568136	0.821523	0.048179	-0.772474	-0.512199	-0.375414
16640	13.936966	1.153336	3.246931	-0.122133	-1.284868	-0.478630	-0.290876	-0.261011	0.920470	-0.568578	0.820913	0.053105	-0.769487	-0.507912	-0.387189
16641	14.143655	0.795706	1.455088	0.169046	-1.218751	-0.456628	-0.297593	-0.270961	0.915434	-0.571217	0.818840	0.056677	-0.764951	-0.506044	-0.398458
16642	12.900130	1.430805	-0.677794	0.310251	-1.162191	-0.395640	-0.304137	-0.280091	0.910522	-0.574772	0.816178	0.059081	-0.759696	-0.505373	-0.409218
16643	11.479924	1.594990	-2.461286	0.102953	-1.250184	-0.320419	-0.311730	-0.289032	0.905143	-0.576537	0.814745	0.061607	-0.755268	-0.502644	-0.420619
16644	10.483747	1.447193	-4.370997	-0.060215	-1.321136	-0.249887	-0.320202	-0.297692	0.899361	-0.576860	0.814319	0.064161	-0.751467	-0.498261	-0.432473
16645	9.431120	1.467840	-5.941773	-0.101745	-1.261348	-0.133765	-0.328856	-0.305064	0.893751	-0.576531	0.814417	0.065851	-0.747975	-0.493620	-0.443704
16646	8.755284	1.762300	-7.077099	-0.183600	-1.201116	0.005125	-0.337813	-0.310934	0.888370	-0.575129	0.815341	0.066674	-0.745056	-0.488405	-0.454261
16647	7.929511	1.991411	-7.781171	-0.461524	-1.140920	0.101290	-0.346856	-0.315665	0.883202	-0.571348	0.817891	0.067940	-0.743810	-0.481050	-0.464045
16648	7.521417	1.599722	-8.197921	-0.669297	-1.063315	0.202054	-0.355877	-0.319093	0.878369	-0.565647	0.821727	0.069341	-0.743906	-0.472169	-0.472927
16649	6.808276	1.374045	-8.173759	-0.786463	-0.969599	0.297711	-0.364737	-0.321199	0.873955	-0.558721	0.826352	0.070527	-0.744848	-0.462573	-0.480861
16650	6.508356	1.615735	-7.460523	-0.895589	-0.853457	0.373743	-0.373139	-0.322023	0.870097	-0.550652	0.831654	0.071650	-0.746692	-0.452385	-0.487645
16651	6.060041	1.526092	-7.177957	-1.004880	-0.600927	0.465327	-0.380146	-0.320856	0.867491	-0.541382	0.837639	0.072574	-0.749930	-0.442055	-0.492130
16652	5.587170	1.464839	-7.069962	-1.120454	-0.279210	0.547642	-0.385148	-0.317490	0.866523	-0.530846	0.844284	0.073394	-0.754893	-0.431722	-0.493712
16653	5.486403	0.949104	-6.708923	-1.244341	0.102627	0.605200	-0.387517	-0.311950	0.867478	-0.519073	0.851492	0.074323	-0.761836	-0.421483	-0.491892
16654	5.465010	0.171572	-6.454083	-1.248125	0.534298	0.652108	-0.386736	-0.304166	0.870585	-0.506974	0.858709	0.074806	-0.770332	-0.412434	-0.486299
16655	5.551975	-1.038163	-6.773831	-1.130998	0.951937	0.660050	-0.382638	-0.294614	0.875666	-0.495671	0.865306	0.074535	-0.779678	-0.405523	-0.477131
16656	6.150374	-2.350176	-7.023464	-0.911780	1.288625	0.637041	-0.375627	-0.283906	0.882214	-0.486090	0.870831	0.073276	-0.789063	-0.401311	-0.465112
16657	7.297744	-3.116554	-6.337952	-0.532020	1.645520	0.575335	-0.365321	-0.272312	0.890161	-0.479738	0.874562	0.070656	-0.797742	-0.401232	-0.450134
16658	7.884381	-3.458483	-5.820414	-0.036806	1.989755	0.486519	-0.351672	-0.260045	0.899280	-0.477692	0.876006	0.066509	-0.805069	-0.406190	-0.432288
16659	8.133293	-3.284597	-5.429123	0.501960	2.256575	0.391502	-0.335290	-0.247367	0.909060	-0.480402	0.874932	0.060893	-0.810429	-0.416297	-0.412192
16660	8.462500	-2.512814	-4.888505	0.954717	2.463431	0.298534	-0.316692	-0.234357	0.919121	-0.487189	0.871602	0.054375	-0.813851	-0.430565	-0.390206
16661	8.590494	-1.621456	-4.249915	1.212818	2.620948	0.207012	-0.296322	-0.221086	0.929147	-0.496436	0.866750	0.047916	-0.815932	-0.447063	-0.366592
16662	8.681264	-0.850582	-3.630168	1.360402	2.721680	0.125187	-0.274694	-0.207624	0.938848	-0.507194	0.860810	0.041968	-0.816883	-0.464649	-0.341765
16663	8.864191	-0.137989	-2.960342	1.441420	2.792478	0.048832	-0.252101	-0.194007	0.948054	-0.518836	0.854081	0.036811	-0.816856	-0.482605	-0.315973
16664	8.891305	0.577611	-2.353722	1.489156	2.840649	0.004546	-0.228895	-0.180034	0.956658	-0.531000	0.846756	0.032302	-0.815871	-0.500592	-0.289416
16665	8.883541	1.206180	-2.040305	1.462635	2.828457	-0.009839	-0.205757	-0.165742	0.964466	-0.542937	0.839293	0.028402	-0.814177	-0.517800	-0.262677
16666	8.956209	1.639178	-1.899526	1.402738	2.782564	-0.000462	-0.183091	-0.151139	0.971409	-0.554350	0.831909	0.024951	-0.811895	-0.533932	-0.236099
16667	8.973513	1.926128	-1.748304	1.285214	2.717709	0.018970	-0.161132	-0.136300	0.977476	-0.564729	0.824984	0.021943	-0.809393	-0.548473	-0.209904
16668	9.070666	2.007192	-1.691066	1.152350	2.634152	0.058247	-0.140139	-0.121226	0.982683	-0.573954	0.818664	0.019142	-0.806807	-0.561332	-0.184305
16669	9.102968	2.113984	-1.702693	1.060791	2.513896	0.145505	-0.120699	-0.105809	0.987034	-0.582299	0.812819	0.015927	-0.803965	-0.572827	-0.159719
16670	8.983927	2.588202	-1.902012	0.974035	2.381685	0.257842	-0.103060	-0.089976	0.990597	-0.589823	0.807443	0.011976	-0.800929	-0.583043	-0.136285
16671	8.798685	3.272089	-2.087434	0.820461	2.266777	0.386955	-0.087196	-0.073573	0.993471	-0.596005	0.802949	0.007153	-0.798232	-0.591490	-0.113864
16672	8.523100	3.772995	-2.269801	0.537932	2.176697	0.518694	-0.072899	-0.056500	0.995738	-0.599873	0.800094	0.001481	-0.796767	-0.597209	-0.092219
16673	8.231992	3.693269	-2.306790	0.140378	2.096160	0.658306	-0.060109	-0.038718	0.997441	-0.600543	0.799576	-0.005153	-0.797330	-0.599316	-0.071314
16674	7.997865	2.749232	-2.191630	-0.334089	2.017227	0.760338	-0.048509	-0.020585	0.998611	-0.597450	0.801809	-0.012494	-0.800437	-0.597226	-0.051193
16675	7.787772	1.133072	-1.525295	-0.703917	1.903405	0.821649	-0.038076	-0.002688	0.999271	-0.591430	0.806099	-0.020367	-0.805457	-0.591774	-0.032283
16676	7.619219	0.179496	-0.999170	-0.851558	1.715106	0.841484	-0.029121	0.014181	0.999475	-0.584251	0.811072	-0.028531	-0.811051	-0.584775	-0.015334
16677	8.350099	0.331784	-1.981081	-0.960860	1.544082	0.808611	-0.021210	0.029702	0.999334	-0.576212	0.816485	-0.036497	-0.817025	-0.576602	-0.000203
16678	9.321319	-0.368745	0.406797	-1.364909	1.419161	0.683988	-0.013423	0.043386	0.998968	-0.564871	0.824038	-0.043379	-0.825070	-0.564871	0.013447
16679	7.652574	-0.579971	-1.733180	-1.219418	0.883399	0.586847	-0.009356	0.053158	0.998542	-0.554687	0.830591	-0.049414	-0.832007	-0.554340	0.021715
16680	6.464161	0.686686	-1.355091	-1.168923	0.211885	0.444965	-0.009996	0.058005	0.998266	-0.544865	0.836778	-0.054077	-0.838464	-0.544461	0.023241
16681	6.378155	-0.244558	-1.383790	-1.099231	-0.434438	0.276835	-0.015115	0.057956	0.998205	-0.535566	0.842565	-0.057029	-0.844358	-0.535467	0.018304
16682	10.793483	-1.630522	3.020551	-0.657649	-0.886727	0.117717	-0.023208	0.054196	0.998261	-0.529964	0.846017	-0.058252	-0.847703	-0.530394	0.009087
16683	15.275464	-5.144625	6.835591	-0.190684	-0.620384	0.025878	-0.028576	0.051100	0.998285	-0.528326	0.847025	-0.058481	-0.848561	-0.529091	0.002793
16684	12.710385	-5.903152	5.364829	0.862164	-0.695123	0.079268	-0.034843	0.048039	0.998238	-0.535584	0.842402	-0.059234	-0.843763	-0.536703	-0.003622
16685	9.794866	-0.249305	2.057283	1.392680	-1.130624	0.215109	-0.045471	0.043678	0.998010	-0.547179	0.834756	-0.061464	-0.835779	-0.548885	-0.014057
16686	9.095453	4.584084	0.223684	0.499367	-1.217069	0.282685	-0.057137	0.039302	0.997592	-0.551190	0.831895	-0.064343	-0.832421	-0.553540	-0.025869
16687	8.577982	2.906137	-1.278294	-0.713323	-1.000764	0.248314	-0.066814	0.035833	0.997122	-0.545074	0.835742	-0.066557	-0.835721	-0.547953	-0.036307
16688	8.840086	-1.793775	-2.968101	-1.080345	-0.882547	0.172584	-0.075107	0.032457	0.996647	-0.535884	0.841566	-0.067791	-0.840945	-0.539178	-0.045814
16689	9.804826	-4.242134	-4.390474	-0.573854	-0.907945	0.158813	-0.083568	0.028894	0.996083	-0.530913	0.844609	-0.069042	-0.843296	-0.534603	-0.055243
16690	10.702329	-3.171077	-5.128471	0.038868	-0.934486	0.156506	-0.092239	0.025191	0.995418	-0.531093	0.844369	-0.070581	-0.842278	-0.535170	-0.064505
16691	10.694454	-0.563307	-4.918636	0.391791	-0.908525	0.130596	-0.100542	0.021386	0.994703	-0.534251	0.842245	-0.072109	-0.839326	-0.538671	-0.073255
16692	10.573263	2.052127	-4.678623	0.259468	-0.917771	0.163450	-0.109074	0.017781	0.993875	-0.536245	0.840822	-0.073894	-0.836985	-0.541020	-0.082177
16693	10.967306	2.318304	-4.059926	-0.200178	-0.838811	0.218386	-0.117233	0.015059	0.992990	-0.534312	0.841878	-0.075848	-0.837119	-0.539458	-0.090650
16694	10.678177	0.567478	-3.805146	-0.387982	-0.711258	0.260239	-0.124543	0.013399	0.992124	-0.530735	0.843939	-0.078022	-0.838337	-0.536272	-0.097996
16695	10.193543	-0.413329	-3.408707	-0.190605	-0.652327	0.279184	-0.131460	0.012235	0.991246	-0.528770	0.844934	-0.080555	-0.838523	-0.534731	-0.104606
16696	9.946890	-0.569659	-2.673361	-0.009091	-0.632462	0.259609	-0.138100	0.011018	0.990357	-0.528332	0.844964	-0.083073	-0.837731	-0.534710	-0.110869
16697	9.657853	-0.494951	-1.995181	0.105504	-0.609962	0.248659	-0.144489	0.009825	0.989458	-0.528855	0.844383	-0.085612	-0.836323	-0.535649	-0.116808
16698	9.622329	-0.621508	-1.442411	0.052921	-0.601901	0.244236	-0.150778	0.008633	0.988530	-0.528924	0.844089	-0.088047	-0.835168	-0.536133	-0.122704
16699	9.849163	-1.222088	-0.983507	-0.055778	-0.598565	0.255364	-0.157093	0.007553	0.987555	-0.528057	0.844377	-0.090457	-0.834552	-0.535696	-0.128658
16700	9.712904	-1.746332	-0.652806	-0.048066	-0.592438	0.255812	-0.163352	0.006511	0.986546	-0.527235	0.844629	-0.092874	-0.833870	-0.535313	-0.134539
16701	9.364755	-1.542294	-0.283530	-0.012196	-0.591581	0.236262	-0.169496	0.005312	0.985516	-0.526732	0.844690	-0.095145	-0.832961	-0.535230	-0.140374
16702	9.210404	-1.168917	-0.057033	-0.041834	-0.629774	0.221672	-0.175873	0.003787	0.984406	-0.525991	0.844915	-0.097223	-0.832107	-0.534887	-0.146606
16703	9.243302	-1.127895	0.073498	-0.100472	-0.682402	0.200492	-0.182572	0.001806	0.983191	-0.524788	0.845456	-0.099002	-0.831423	-0.534042	-0.153409
16704	9.307457	-1.133235	0.176447	-0.134097	-0.737686	0.179457	-0.189610	-0.000640	0.981859	-0.523331	0.846181	-0.100510	-0.830766	-0.532895	-0.160779
16705	9.493627	-1.479658	-0.263341	-0.195313	-0.769501	0.155014	-0.196780	-0.003450	0.980442	-0.521402	0.847233	-0.101667	-0.830312	-0.531210	-0.168517
16706	9.385984	-1.670818	-0.969678	-0.183423	-0.768397	0.135518	-0.203829	-0.006405	0.978985	-0.519600	0.848223	-0.102634	-0.829740	-0.529601	-0.176221
16707	9.292286	-1.574982	-1.584213	-0.188560	-0.787128	0.118717	-0.210943	-0.009588	0.977451	-0.517784	0.849238	-0.103413	-0.829098	-0.527923	-0.184105
16708	9.399950	-1.245751	-2.372227	-0.206700	-0.775410	0.118791	-0.217950	-0.012692	0.975877	-0.515809	0.850350	-0.104140	-0.828516	-0.526064	-0.191881
16709	9.466348	-1.009038	-2.919917	-0.293218	-0.761749	0.117600	-0.224836	-0.015717	0.974270	-0.513114	0.851914	-0.104670	-0.828350	-0.523445	-0.199605
16710	9.466530	-1.155624	-3.403991	-0.378994	-0.745608	0.101864	-0.231501	-0.018767	0.972654	-0.509736	0.853919	-0.104846	-0.828599	-0.520068	-0.207249
16711	9.612223	-1.385686	-3.515258	-0.388866	-0.736268	0.093094	-0.238045	-0.021816	0.971009	-0.506289	0.855962	-0.104887	-0.828858	-0.516579	-0.214803
16712	9.594799	-1.346177	-3.452857	-0.334981	-0.725783	0.086047	-0.244463	-0.024846	0.969340	-0.503299	0.857716	-0.104945	-0.828811	-0.513523	-0.222185
16713	9.524342	-1.146525	-3.204954	-0.295580	-0.729051	0.084208	-0.250897	-0.027885	0.967612	-0.500636	0.859260	-0.105050	-0.828501	-0.510779	-0.229546
16714	9.649566	-1.172602	-2.971644	-0.311155	-0.725456	0.077962	-0.257265	-0.030939	0.965846	-0.497855	0.860876	-0.105033	-0.828224	-0.507873	-0.236876
16715	9.765205	-1.363297	-2.847385	-0.252006	-0.668411	0.076757	-0.263150	-0.033693	0.964166	-0.495565	0.862186	-0.105125	-0.827748	-0.505471	-0.243582
16716	9.495879	-1.291125	-2.603251	-0.189638	-0.624243	0.073711	-0.268649	-0.036236	0.962556	-0.493795	0.863176	-0.105323	-0.827039	-0.503600	-0.249785
16717	9.369704	-1.349208	-2.323710	-0.207046	-0.629053	0.062459	-0.274128	-0.038887	0.960907	-0.491910	0.864248	-0.105357	-0.826365	-0.501561	-0.256044
16718	9.467782	-1.640353	-2.111657	-0.194481	-0.634681	0.032903	-0.279501	-0.041809	0.959235	-0.490208	0.865243	-0.105124	-0.825576	-0.499607	-0.262331
16719	9.336766	-1.510060	-1.707273	-0.128304	-0.659127	0.034698	-0.285079	-0.044827	0.957455	-0.489049	0.865905	-0.105072	-0.824355	-0.498196	-0.268774
16720	9.229535	-1.202957	-1.222216	-0.143132	-0.692697	0.032717	-0.290914	-0.048018	0.955543	-0.487772	0.866639	-0.104951	-0.823072	-0.496619	-0.275539
16721	9.218307	-1.119880	-1.083764	-0.205634	-0.728998	0.025047	-0.297003	-0.051443	0.953490	-0.486004	0.867677	-0.104573	-0.821942	-0.494459	-0.282704
16722	9.164213	-1.344445	-1.242589	-0.294935	-0.738645	0.013389	-0.303105	-0.054997	0.951369	-0.483539	0.869145	-0.103812	-0.821168	-0.491490	-0.290036
16723	9.085995	-1.762240	-1.953091	-0.309804	-0.729184	-0.017032	-0.308979	-0.058747	0.949253	-0.481046	0.870660	-0.102696	-0.820443	-0.488365	-0.297276
16724	9.056107	-1.800301	-2.688319	-0.260893	-0.716563	-0.037233	-0.314645	-0.062590	0.947144	-0.479022	0.871913	-0.101514	-0.819473	-0.485643	-0.304325
16725	8.858273	-1.609729	-3.147545	-0.274516	-0.721758	-0.053580	-0.320271	-0.066582	0.944983	-0.476942	0.873214	-0.100118	-0.818507	-0.482767	-0.311421
16726	8.968650	-1.551469	-3.595924	-0.287322	-0.719482	-0.071452	-0.325786	-0.070698	0.942796	-0.474822	0.874553	-0.098495	-0.817562	-0.479749	-0.318486
16727	9.017056	-1.489368	-3.821577	-0.270784	-0.702566	-0.089711	-0.331073	-0.074874	0.940630	-0.472903	0.875788	-0.096735	-0.816550	-0.476853	-0.325358
16728	9.027179	-1.419512	-3.940559	-0.259624	-0.689607	-0.112025	-0.336141	-0.079163	0.938479	-0.471159	0.876941	-0.094786	-0.815487	-0.474034	-0.332075
16729	9.133453	-1.382361	-3.743745	-0.236309	-0.704831	-0.128123	-0.341253	-0.083649	0.936242	-0.469666	0.877959	-0.092748	-0.814223	-0.471372	-0.338894
16730	9.208373	-1.229381	-3.436503	-0.217111	-0.711038	-0.134166	-0.346379	-0.088200	0.933939	-0.468362	0.878868	-0.090707	-0.812809	-0.468841	-0.345731
16731	9.209894	-1.108913	-3.142569	-0.195608	-0.715222	-0.135466	-0.351525	-0.092766	0.931571	-0.467246	0.879665	-0.088716	-0.811241	-0.466459	-0.352568
16732	9.098241	-1.202683	-2.927716	-0.219614	-0.725824	-0.146592	-0.356694	-0.097462	0.929124	-0.465987	0.880550	-0.086527	-0.809707	-0.463824	-0.359503
16733	9.106309	-1.822574	-2.904764	-0.237098	-0.758599	-0.177027	-0.361978	-0.102560	0.926528	-0.464706	0.881474	-0.083980	-0.808097	-0.460962	-0.366734
16734	9.201258	-2.333499	-2.810502	-0.177316	-0.791604	-0.209126	-0.367366	-0.108072	0.923776	-0.464040	0.882071	-0.081346	-0.806045	-0.458553	-0.374193
16735	9.544261	-1.754125	-2.910305	0.020284	-0.795559	-0.225508	-0.372691	-0.113737	0.920959	-0.465039	0.881732	-0.079298	-0.803020	-0.457835	-0.381506
16736	9.228471	-0.609719	-2.788826	-0.022982	-0.800091	-0.213713	-0.378080	-0.119309	0.918053	-0.465661	0.881589	-0.077202	-0.800134	-0.456690	-0.388869
16737	9.062319	-0.575869	-2.717178	-0.194521	-0.852070	-0.222253	-0.383826	-0.125179	0.914881	-0.464955	0.882206	-0.074357	-0.797806	-0.453919	-0.396816
16738	9.140068	-1.069698	-2.746574	-0.261418	-0.899145	-0.242193	-0.389834	-0.131412	0.911460	-0.463814	0.883079	-0.071055	-0.795554	-0.450448	-0.405205
16739	9.306328	-1.197595	-3.000185	-0.217047	-0.907697	-0.254332	-0.395837	-0.137764	0.907928	-0.463091	0.883713	-0.067808	-0.793007	-0.447294	-0.413604
16740	9.001805	-0.827328	-3.238603	-0.235652	-0.906188	-0.245682	-0.401845	-0.144003	0.904314	-0.462211	0.884417	-0.064556	-0.790494	-0.443925	-0.421959
16741	8.883160	-0.956780	-3.452035	-0.383080	-0.947537	-0.251660	-0.408137	-0.150445	0.900439	-0.460208	0.885740	-0.060607	-0.788436	-0.439126	-0.430740
16742	9.002605	-1.225664	-3.640322	-0.404889	-0.977712	-0.258984	-0.414612	-0.157050	0.896344	-0.458117	0.887096	-0.056477	-0.786273	-0.434046	-0.439748
16743	8.981271	-1.214223	-3.296138	-0.435720	-1.007205	-0.259165	-0.421309	-0.163726	0.892016	-0.455782	0.888561	-0.052179	-0.784067	-0.428549	-0.448982
16744	9.077451	-1.570482	-2.738673	-0.477557	-1.091238	-0.273529	-0.428573	-0.170845	0.887207	-0.453240	0.890120	-0.047536	-0.781600	-0.422490	-0.458915
16745	9.677387	-1.871465	-1.744479	-0.469124	-1.174866	-0.336882	-0.436188	-0.178804	0.881912	-0.451040	0.891499	-0.042334	-0.778654	-0.416243	-0.469509
16746	9.911658	-1.827821	-0.809205	-0.342248	-1.270616	-0.424307	-0.444109	-0.187883	0.876052	-0.450281	0.892123	-0.036937	-0.774606	-0.410874	-0.480800
16747	10.580086	-1.540104	-0.112099	-0.234620	-1.410907	-0.495064	-0.452744	-0.198094	0.869357	-0.450694	0.892125	-0.031430	-0.769349	-0.406044	-0.493184
16748	11.651178	-0.797111	0.936954	-0.271330	-1.588778	-0.548910	-0.462407	-0.209440	0.861577	-0.451163	0.892083	-0.025282	-0.763303	-0.400402	-0.506997
16749	12.276015	-0.326099	2.017451	-0.442657	-1.774522	-0.593718	-0.473192	-0.221806	0.852579	-0.450581	0.892557	-0.017871	-0.757011	-0.392612	-0.522292
16750	13.310967	-0.461658	2.095696	-0.572824	-1.958133	-0.685174	-0.484829	-0.235550	0.842292	-0.449565	0.893202	-0.008985	-0.750221	-0.383022	-0.538946
16751	14.389534	1.226167	2.488565	-0.418035	-2.038509	-0.788287	-0.496467	-0.250342	0.831174	-0.450320	0.892867	-0.000057	-0.742113	-0.374323	-0.556013
16752	14.257942	2.941691	2.253829	-0.508129	-2.082346	-0.842822	-0.507999	-0.265589	0.819390	-0.450823	0.892559	0.009808	-0.733959	-0.364418	-0.573153
16753	13.885828	2.810183	1.238384	-0.888311	-2.237488	-0.859962	-0.520443	-0.281298	0.806232	-0.448767	0.893378	0.022013	-0.726462	-0.350353	-0.591189
16754	14.359979	1.587740	-0.308284	-1.141988	-2.301336	-0.898347	-0.533022	-0.297234	0.792174	-0.445268	0.894670	0.036089	-0.719461	-0.333493	-0.609227
16755	14.236957	0.410912	-1.882849	-1.317788	-2.273484	-0.937923	-0.545125	-0.313034	0.777720	-0.440894	0.896073	0.051637	-0.713058	-0.314743	-0.626486
16756	13.888659	-0.689492	-3.134794	-1.436881	-2.229892	-0.960008	-0.556716	-0.328452	0.763012	-0.435971	0.897373	0.068192	-0.707104	-0.294687	-0.642778
16757	13.640690	-1.706448	-4.315911	-1.318697	-2.076397	-0.930991	-0.567272	-0.342767	0.748808	-0.431928	0.898002	0.083846	-0.701171	-0.275868	-0.657462
16758	12.821896	-2.179371	-6.450352	-1.294299	-1.851003	-0.897759	-0.576317	-0.355769	0.735722	-0.427991	0.898329	0.099139	-0.696191	-0.257747	-0.669989
16759	11.381753	-2.807097	-8.743195	-1.294165	-1.753878	-0.839280	-0.584887	-0.367706	0.722979	-0.423896	0.898502	0.114047	-0.691534	-0.239763	-0.681391
16760	9.876915	-2.595834	-10.392487	-1.095496	-1.873254	-0.821364	-0.594291	-0.379409	0.709132	-0.421160	0.897981	0.127494	-0.685159	-0.222890	-0.693453
16761	9.317629	-2.149316	-10.457486	-0.886541	-1.980549	-0.905850	-0.603943	-0.391830	0.694062	-0.420561	0.896383	0.140095	-0.677038	-0.207286	-0.706153
16762	8.737581	-1.945626	-9.920321	-0.461786	-1.757708	-0.928493	-0.611845	-0.403655	0.680226	-0.423035	0.893646	0.149792	-0.668346	-0.196110	-0.717534
16763	6.931755	-1.167857	-9.802569	-0.193801	-1.531689	-0.906585	-0.618137	-0.414718	0.667769	-0.427337	0.890296	0.157343	-0.659765	-0.188102	-0.727549
16764	6.018171	-0.755921	-9.220657	0.121068	-1.281130	-0.858132	-0.622838	-0.424695	0.657045	-0.433396	0.886492	0.162170	-0.651337	-0.183755	-0.736202
16765	5.041953	0.120474	-8.479523	0.346591	-0.947430	-0.782263	-0.625530	-0.433384	0.648761	-0.440538	0.882487	0.164754	-0.643924	-0.182745	-0.742944
16766	3.840961	1.220306	-10.104479	0.396796	-0.674634	-0.707100	-0.626721	-0.440801	0.642585	-0.447432	0.878703	0.166387	-0.637985	-0.183234	-0.747931
16767	1.673683	1.877892	-11.488102	0.176864	-0.584555	-0.627160	-0.627590	-0.447403	0.637151	-0.452504	0.875580	0.169113	-0.633538	-0.182179	-0.751957
16768	3.754688	0.278638	-7.569616	0.053916	-0.307466	-0.596602	-0.626830	-0.453138	0.633838	-0.456517	0.872827	0.172525	-0.631409	-0.181214	-0.753979
16769	5.716313	-2.357216	-6.604196	0.439912	0.379035	-0.554350	-0.621862	-0.457303	0.635738	-0.462770	0.869479	0.172770	-0.631769	-0.186762	-0.752322
16770	5.477787	-1.797257	-6.423334	1.295719	0.859455	-0.491347	-0.614143	-0.459850	0.641379	-0.473914	0.864743	0.166205	-0.631058	-0.201885	-0.749005
16771	4.179606	0.511213	-7.210840	1.733861	1.207744	-0.385782	-0.604646	-0.460646	0.649776	-0.487213	0.859275	0.155792	-0.630101	-0.222380	-0.743989
16772	3.739994	2.220499	-7.380357	1.741485	1.433062	-0.279042	-0.594243	-0.459657	0.659993	-0.499794	0.853964	0.144746	-0.630144	-0.243846	-0.737196
16773	3.647745	3.046499	-6.948024	1.385561	1.763841	-0.187303	-0.582125	-0.456808	0.672650	-0.509663	0.849575	0.135888	-0.633541	-0.263721	-0.727377
16774	3.722693	2.023454	-7.144504	1.076438	2.133742	-0.131254	-0.567852	-0.452071	0.687878	-0.517229	0.846062	0.129049	-0.640326	-0.282510	-0.714262
16775	4.083448	0.686247	-7.195276	1.044330	2.473294	-0.097137	-0.551375	-0.445688	0.705229	-0.524516	0.842558	0.122390	-0.648744	-0.302421	-0.698336
16776	4.512427	-0.122264	-7.381261	1.257604	2.761726	-0.069306	-0.532965	-0.437585	0.724202	-0.533061	0.838328	0.114246	-0.657111	-0.325155	-0.680059
16777	4.996260	0.059293	-7.430524	1.489663	3.005640	-0.047567	-0.512811	-0.427856	0.744288	-0.543166	0.833077	0.104658	-0.664827	-0.350602	-0.659608
16778	5.632439	0.677294	-7.248026	1.614448	3.215892	-0.027914	-0.491128	-0.416381	0.765127	-0.554090	0.827083	0.094432	-0.672144	-0.377571	-0.636917
16779	6.482778	1.181865	-7.068429	1.613938	3.403973	-0.017206	-0.467995	-0.403234	0.786373	-0.565088	0.820689	0.084529	-0.679453	-0.404811	-0.611941
16780	7.194443	1.428747	-6.809333	1.562871	3.582337	-0.019249	-0.443378	-0.388407	0.807809	-0.575842	0.814080	0.075364	-0.686893	-0.431756	-0.584606
