// General information: 
//  MT Manager version: 2022.2.0 
//  XDA version: 2022.2.0 build 7381 rev 124627 built on 2023-07-19
// Device information: 
//  DeviceId: 00B4CB9F
//  ProductCode: MTW2-3A7G6
//  Firmware Version: 4.6.0
//  Hardware Version: 2.0.0
// Device settings: 
//  Filter Profile: human(46.1)
//  Option Flags: Orientation Smoother Disabled, Position/Velocity Smoother Disabled, Continuous Zero Rotation Update Disabled, AHS Disabled, ICC Disabled
// Coordinate system: ENU
PacketCounter	Acc_X	Acc_Y	Acc_Z	Gyr_X	Gyr_Y	Gyr_Z	Mat[1][1]	Mat[2][1]	Mat[3][1]	Mat[1][2]	Mat[2][2]	Mat[3][2]	Mat[1][3]	Mat[2][3]	Mat[3][3]
39708	8.944064	1.141174	1.132020	0.273778	0.425466	-0.305841	-0.013372	0.049982	0.998661	0.227522	-0.972399	0.051715	0.973681	0.227908	0.001631
39709	8.953126	1.453205	0.331704	0.243618	0.250811	-0.343886	-0.016521	0.052708	0.998473	0.229864	-0.971662	0.055096	0.973083	0.230423	0.003937
39710	9.546405	1.598915	-0.058816	0.112061	0.131072	-0.364984	-0.018517	0.055756	0.998273	0.230848	-0.971228	0.058527	0.972814	0.231533	0.005113
39711	10.170161	1.454945	-0.085733	-0.048338	0.111057	-0.385379	-0.020407	0.059199	0.998038	0.230325	-0.971117	0.062311	0.972900	0.231145	0.006182
39712	10.760467	0.996960	-0.044528	-0.184040	0.134361	-0.407396	-0.022661	0.062805	0.997769	0.228483	-0.971286	0.066327	0.973284	0.229476	0.007660
39713	10.803993	0.235194	0.061532	-0.254754	0.185472	-0.404551	-0.025306	0.066268	0.997481	0.225929	-0.971605	0.070281	0.973815	0.227138	0.009616
39714	10.770885	-0.216607	0.266125	-0.250621	0.229974	-0.397865	-0.028336	0.069544	0.997176	0.223650	-0.971846	0.074133	0.974258	0.225119	0.011985
39715	10.834130	-0.618067	0.705996	-0.199641	0.280827	-0.387023	-0.031855	0.072633	0.996850	0.221611	-0.972018	0.077905	0.974615	0.223395	0.014867
39716	10.878623	-0.728676	1.108509	-0.128624	0.350833	-0.367092	-0.035968	0.075346	0.996509	0.220460	-0.971989	0.081449	0.974733	0.222620	0.018350
39717	10.674656	-0.568786	1.524114	-0.047528	0.429020	-0.344793	-0.040830	0.077699	0.996140	0.219888	-0.971831	0.084815	0.974670	0.222503	0.022595
39718	10.430836	-0.214019	1.677954	0.008901	0.503191	-0.319216	-0.046363	0.079564	0.995751	0.219856	-0.971567	0.087868	0.974430	0.222996	0.027552
39719	10.044572	0.246685	1.870566	0.064043	0.539211	-0.297117	-0.052191	0.081201	0.995330	0.220358	-0.971185	0.090786	0.974022	0.224067	0.032793
39720	9.959143	0.660968	2.025276	0.093333	0.549747	-0.284495	-0.057974	0.082594	0.994896	0.221431	-0.970685	0.093487	0.973451	0.225721	0.037986
39721	9.748215	0.866804	2.131722	0.115646	0.552406	-0.276949	-0.063885	0.083987	0.994417	0.222413	-0.970192	0.096229	0.972857	0.227319	0.043301
39722	9.585796	0.884193	2.015645	0.155502	0.562284	-0.284901	-0.069864	0.085365	0.993897	0.224064	-0.969531	0.099022	0.972067	0.229615	0.048608
39723	9.447353	0.757076	1.847758	0.192575	0.556694	-0.285456	-0.075835	0.086804	0.993335	0.225753	-0.968841	0.101898	0.971228	0.231976	0.053876
39724	9.411927	0.638645	1.667724	0.209065	0.525300	-0.258562	-0.081480	0.088013	0.992781	0.227805	-0.968081	0.104520	0.970292	0.234676	0.058829
39725	9.485883	0.600082	1.699273	0.230626	0.454185	-0.210033	-0.086285	0.088931	0.992293	0.229891	-0.967351	0.106686	0.969384	0.237325	0.063023
39726	9.745896	0.601991	1.631738	0.244205	0.379426	-0.135937	-0.090102	0.089211	0.991929	0.232527	-0.966569	0.108052	0.968407	0.240386	0.066346
39727	10.039543	0.674916	1.617299	0.252897	0.348980	-0.071051	-0.093565	0.089011	0.991626	0.234936	-0.965895	0.108869	0.967497	0.243155	0.069462
39728	10.173573	1.016889	1.481720	0.226269	0.348742	0.009497	-0.096807	0.087931	0.991411	0.237327	-0.965319	0.108791	0.966594	0.245820	0.072581
39729	10.109692	1.448634	1.138692	0.180723	0.330650	0.088360	-0.099709	0.086221	0.991274	0.239187	-0.964950	0.107990	0.965840	0.247867	0.075592
39730	10.018353	1.966977	0.910372	0.118690	0.274922	0.150352	-0.101935	0.084079	0.991232	0.241020	-0.964647	0.106610	0.965152	0.249774	0.078067
39731	9.913869	2.109726	0.865627	0.023990	0.186766	0.201740	-0.103168	0.081625	0.991309	0.241486	-0.964754	0.104570	0.964905	0.250176	0.079821
39732	9.704558	1.939924	0.766669	-0.132391	0.098389	0.255264	-0.103392	0.078791	0.991515	0.240755	-0.965232	0.101807	0.965063	0.249238	0.080828
39733	9.523677	1.547147	0.638131	-0.235171	0.011552	0.307300	-0.102684	0.075753	0.991825	0.238828	-0.966052	0.098511	0.965617	0.246991	0.081106
39734	9.162945	1.354707	0.547758	-0.238193	-0.036153	0.334486	-0.101456	0.072538	0.992192	0.237137	-0.966827	0.094932	0.966164	0.244917	0.080889
39735	9.382354	1.369233	0.434893	-0.151420	-0.089970	0.320536	-0.099745	0.069616	0.992575	0.236023	-0.967423	0.091570	0.966615	0.243404	0.080065
39736	9.432180	1.687328	0.267788	-0.051111	-0.097239	0.300253	-0.098017	0.066964	0.992929	0.236501	-0.967583	0.088601	0.966675	0.243513	0.079003
39737	9.324540	1.943907	0.045213	0.036797	-0.094498	0.275809	-0.096367	0.064485	0.993255	0.237152	-0.967673	0.085833	0.966681	0.243824	0.077959
39738	9.304958	1.990030	-0.140343	0.020396	-0.081362	0.263667	-0.094806	0.062183	0.993552	0.238462	-0.967572	0.083311	0.966513	0.244823	0.076904
39739	9.380721	1.628334	-0.237520	-0.058629	-0.038852	0.269160	-0.093705	0.059633	0.993812	0.238176	-0.967877	0.080534	0.966691	0.244248	0.076492
39740	9.488237	0.753644	-0.132697	-0.084436	0.032074	0.284032	-0.093249	0.056777	0.994023	0.237939	-0.968174	0.077621	0.966794	0.243755	0.076772
39741	9.619407	-0.196345	0.131185	0.022328	0.119108	0.336644	-0.093514	0.053187	0.994196	0.238496	-0.968302	0.074234	0.966631	0.244054	0.077865
39742	9.728235	-0.738199	0.308711	0.206179	0.208965	0.419074	-0.094508	0.048682	0.994333	0.241410	-0.967871	0.070332	0.965810	0.246689	0.079719
39743	9.796844	-0.849748	0.372174	0.380481	0.282960	0.496056	-0.095947	0.043140	0.994451	0.245582	-0.967150	0.065650	0.964616	0.250518	0.082201
39744	9.800011	-0.749554	0.706840	0.564666	0.337263	0.557097	-0.097661	0.036894	0.994536	0.252169	-0.965784	0.060590	0.962742	0.256708	0.085016
39745	9.566977	-1.183146	0.755361	0.657802	0.383794	0.611403	-0.099704	0.029958	0.994566	0.259126	-0.964275	0.055023	0.960684	0.263204	0.088379
39746	9.578503	-1.256973	1.080841	0.696955	0.438054	0.683580	-0.102039	0.022357	0.994529	0.267442	-0.962323	0.049073	0.958156	0.270987	0.092215
39747	9.471846	-1.360105	1.491491	0.756974	0.508355	0.742128	-0.104803	0.013791	0.994397	0.275481	-0.960373	0.042353	0.955577	0.278376	0.096850
39748	9.217838	-1.176235	1.797765	0.784129	0.573136	0.778974	-0.107854	0.004734	0.994156	0.284844	-0.957918	0.035463	0.952487	0.287004	0.101967
39749	9.059967	-0.714734	2.062005	0.829049	0.593133	0.772241	-0.111174	-0.004414	0.993791	0.293602	-0.955500	0.028601	0.949441	0.294959	0.107522
39750	9.107473	-0.281441	2.437678	0.884154	0.600068	0.730092	-0.114484	-0.013175	0.993338	0.303476	-0.952577	0.022342	0.945936	0.304012	0.113053
39751	9.094179	0.418005	2.602475	0.896143	0.609932	0.661895	-0.118116	-0.021381	0.992770	0.312736	-0.949692	0.016754	0.942468	0.312453	0.118860
39752	9.243047	1.231516	2.833570	0.825048	0.620765	0.569176	-0.121940	-0.028643	0.992124	0.322206	-0.946590	0.012273	0.938783	0.321165	0.124657
39753	9.385420	1.829345	3.020636	0.686241	0.645635	0.464946	-0.126388	-0.035161	0.991357	0.329244	-0.944207	0.008486	0.935748	0.327471	0.130913
39754	9.371246	2.058093	2.846840	0.475555	0.638119	0.374691	-0.130957	-0.040758	0.990550	0.334921	-0.942230	0.005509	0.933101	0.332477	0.137043
39755	9.336601	2.212724	2.673258	0.252849	0.590120	0.310271	-0.135326	-0.045675	0.989748	0.337720	-0.941243	0.002739	0.931468	0.334628	0.142800
39756	9.335610	2.486559	2.470242	0.045551	0.545333	0.245456	-0.139404	-0.049787	0.988983	0.339195	-0.940716	0.000455	0.930330	0.335522	0.148028
39757	9.324053	2.621143	2.328198	-0.108365	0.515238	0.159905	-0.143566	-0.053043	0.988218	0.338443	-0.940986	-0.001340	0.929971	0.334263	0.153045
39758	9.349687	2.455906	2.351555	-0.235373	0.490275	0.081738	-0.147745	-0.055446	0.987470	0.336872	-0.941547	-0.002464	0.929886	0.332287	0.157787
39759	9.470860	2.156384	2.490729	-0.358090	0.490310	0.007284	-0.152192	-0.057161	0.986697	0.333582	-0.942716	-0.003160	0.930355	0.328663	0.162542
39760	9.595319	1.833359	2.610621	-0.451832	0.505073	-0.051957	-0.157054	-0.058332	0.985866	0.329423	-0.944176	-0.003386	0.931029	0.324235	0.167503
39761	9.522273	1.774003	2.606412	-0.548020	0.525467	-0.091939	-0.162160	-0.059179	0.984988	0.324202	-0.945982	-0.003462	0.931986	0.318774	0.172587
39762	8.811070	1.643599	2.528520	-0.653540	0.497627	-0.108487	-0.167147	-0.059769	0.984119	0.317957	-0.948098	-0.003578	0.933255	0.312309	0.177476
39763	8.648930	1.623278	2.743545	-0.715640	0.456302	-0.115772	-0.171685	-0.060107	0.983317	0.311108	-0.950367	-0.003775	0.934739	0.305269	0.181863
39764	8.103305	1.632194	3.044488	-0.754961	0.428968	-0.120536	-0.176073	-0.060296	0.982529	0.303862	-0.952707	-0.004012	0.936304	0.297847	0.186067
39765	7.878168	1.355565	3.116757	-0.698000	0.386694	-0.162071	-0.180095	-0.059918	0.981823	0.297065	-0.954850	-0.003781	0.937720	0.290984	0.189763
39766	7.967073	1.195015	2.985826	-0.597564	0.298382	-0.194685	-0.183486	-0.058954	0.981253	0.291126	-0.956680	-0.003039	0.938924	0.285111	0.192700
39767	8.154617	1.106172	2.616003	-0.518252	0.197913	-0.219518	-0.185891	-0.057441	0.980890	0.285884	-0.958262	-0.001938	0.940061	0.280060	0.194554
39768	8.501033	1.220697	2.228005	-0.460592	0.119088	-0.243521	-0.187722	-0.055471	0.980655	0.281125	-0.959671	-0.000470	0.941132	0.275598	0.195746
39769	8.827659	1.233022	2.241657	-0.396087	0.085018	-0.271943	-0.189194	-0.053124	0.980502	0.276915	-0.960893	0.001371	0.942085	0.271775	0.196507
39770	9.094806	1.157438	2.366521	-0.265624	0.117331	-0.319109	-0.191203	-0.050403	0.980256	0.273843	-0.961766	0.003962	0.942577	0.269194	0.197695
39771	9.275426	0.990609	2.443175	-0.102324	0.157906	-0.348941	-0.193557	-0.047502	0.979938	0.272240	-0.962203	0.007130	0.942561	0.268158	0.199174
39772	9.185939	0.800815	2.487434	-0.001877	0.147976	-0.328984	-0.195870	-0.044759	0.979608	0.271622	-0.962348	0.010340	0.942261	0.268109	0.200653
39773	8.801003	0.825544	2.484766	0.066950	0.150353	-0.304630	-0.198028	-0.042263	0.979285	0.271686	-0.962293	0.013409	0.941792	0.268713	0.202043
39774	8.562613	0.748866	2.347496	0.120484	0.114114	-0.279092	-0.199888	-0.039909	0.979006	0.272310	-0.962070	0.016380	0.941219	0.269867	0.203174
39775	8.566645	0.749212	2.330323	0.133674	0.037533	-0.239222	-0.200807	-0.037741	0.978904	0.273121	-0.961793	0.018945	0.940788	0.271163	0.203442
39776	9.078419	0.408066	2.113998	0.112714	-0.039091	-0.167509	-0.200925	-0.036045	0.978943	0.273891	-0.961535	0.020811	0.940539	0.272306	0.203069
39777	9.549350	0.125827	1.614274	0.095969	-0.232854	-0.082985	-0.198876	-0.034644	0.979412	0.274661	-0.961295	0.021769	0.940750	0.273336	0.200693
39778	9.884914	0.306170	0.579962	0.024591	-0.473407	0.010807	-0.194416	-0.033474	0.980348	0.274960	-0.961211	0.021708	0.941594	0.273777	0.196079
39779	10.048581	0.713024	0.206401	-0.047934	-0.677226	0.059388	-0.187785	-0.032223	0.981682	0.274654	-0.961314	0.020984	0.943028	0.273563	0.189370
39780	10.714265	1.110261	1.038071	-0.061207	-0.727802	0.070330	-0.180741	-0.030926	0.983044	0.274258	-0.961445	0.020178	0.944519	0.273254	0.182254
39781	10.853576	0.853723	1.765819	-0.112977	-0.727616	0.109140	-0.173477	-0.030022	0.984380	0.273414	-0.961712	0.018853	0.946124	0.272414	0.175043
39782	10.836740	0.317757	1.664715	-0.264688	-0.703006	0.234089	-0.166197	-0.030380	0.985625	0.271362	-0.962343	0.016095	0.948020	0.270136	0.168182
39783	10.479018	-0.153715	0.938922	-0.391637	-0.688784	0.362993	-0.158593	-0.032058	0.986823	0.268265	-0.963273	0.011820	0.950201	0.266605	0.161368
39784	10.211870	-0.576848	0.390102	-0.344546	-0.767174	0.454447	-0.150094	-0.034416	0.988073	0.265747	-0.964019	0.006790	0.952287	0.263596	0.153839
39785	10.112789	-1.053834	-0.473620	-0.244548	-0.897740	0.532675	-0.140038	-0.037228	0.989446	0.264219	-0.964462	0.001108	0.954242	0.261585	0.144897
39786	10.257619	-1.389891	-1.713230	-0.179795	-1.016332	0.596651	-0.128759	-0.040345	0.990855	0.263358	-0.964685	-0.005057	0.956067	0.260299	0.134838
39787	10.678302	-1.213284	-2.447607	-0.095401	-1.090599	0.623913	-0.116594	-0.043560	0.992224	0.263240	-0.964663	-0.011418	0.957659	0.259862	0.123941
39788	11.130690	-0.719123	-2.261365	0.002060	-1.085433	0.618034	-0.104551	-0.046713	0.993422	0.263996	-0.964364	-0.017563	0.958841	0.260423	0.113157
39789	10.684699	-0.315330	-2.150145	0.070799	-1.062060	0.608470	-0.092665	-0.049840	0.994449	0.265303	-0.963877	-0.023586	0.959702	0.261644	0.102540
39790	10.388075	0.382589	-2.206938	0.122000	-1.115568	0.583399	-0.080374	-0.052543	0.995379	0.267035	-0.963242	-0.029285	0.960329	0.263447	0.091451
39791	10.210737	0.772548	-1.716711	0.134832	-1.173485	0.539131	-0.067570	-0.054664	0.996216	0.268756	-0.962587	-0.034590	0.960835	0.265402	0.079733
39792	10.111416	1.191642	-1.290845	0.107871	-1.177249	0.498531	-0.054873	-0.056327	0.996903	0.270165	-0.962004	-0.039484	0.961249	0.267162	0.068005
39793	9.566318	1.096245	-0.878602	0.017000	-1.175272	0.469521	-0.042215	-0.057730	0.997439	0.270582	-0.961681	-0.044208	0.961771	0.268023	0.056218
39794	9.127369	1.157197	-0.069058	-0.069883	-1.139441	0.454860	-0.029976	-0.059037	0.997806	0.270154	-0.961581	-0.048778	0.962350	0.268099	0.044774
39795	8.485640	0.812303	0.460157	-0.182351	-1.113548	0.452710	-0.017949	-0.060443	0.998010	0.268531	-0.961789	-0.053420	0.963104	0.267038	0.033494
39796	8.366165	0.346603	0.999952	-0.231705	-1.090341	0.467730	-0.006145	-0.062017	0.998056	0.266444	-0.962095	-0.058142	0.963831	0.265569	0.022436
39797	8.513940	0.004978	1.080593	-0.254495	-1.032554	0.490550	0.005199	-0.064036	0.997934	0.264016	-0.962450	-0.063135	0.964504	0.263799	0.011903
39798	8.774602	-0.419988	1.200151	-0.257513	-0.964777	0.497779	0.015859	-0.066267	0.997676	0.261571	-0.962778	-0.068107	0.965054	0.262043	0.002064
39799	9.243626	-0.763722	1.485952	-0.202535	-0.891189	0.514163	0.025888	-0.068920	0.997286	0.259531	-0.962950	-0.073284	0.965388	0.260724	-0.007042
39800	9.481770	-1.170232	1.847562	-0.135865	-0.812164	0.518641	0.035112	-0.071776	0.996803	0.258150	-0.962916	-0.078429	0.965467	0.260079	-0.015281
39801	9.938838	-1.495459	2.328170	-0.006709	-0.729631	0.499556	0.043531	-0.074718	0.996254	0.257910	-0.962557	-0.083460	0.965188	0.260577	-0.022631
39802	10.293383	-1.987018	2.093505	0.106222	-0.698903	0.456637	0.051487	-0.077269	0.995680	0.258799	-0.961911	-0.088031	0.964558	0.262213	-0.029529
39803	9.884138	-2.462595	1.463710	0.172880	-0.704959	0.381266	0.059360	-0.079110	0.995097	0.260275	-0.961148	-0.091937	0.963708	0.264456	-0.036464
39804	10.793878	-2.598762	1.259059	0.252482	-0.730182	0.297046	0.067195	-0.080017	0.994526	0.262585	-0.960221	-0.094999	0.962566	0.267531	-0.043511
39805	10.517249	-2.509983	0.632898	0.269835	-0.714408	0.250201	0.074815	-0.080527	0.993941	0.265023	-0.959283	-0.097668	0.961335	0.270724	-0.050427
39806	9.997189	-2.389381	0.392442	0.276926	-0.684502	0.205931	0.081961	-0.080644	0.993367	0.267574	-0.958347	-0.099879	0.960045	0.273986	-0.056969
39807	9.573699	-2.515886	0.195709	0.290016	-0.665926	0.137389	0.088807	-0.080155	0.992818	0.270258	-0.957426	-0.101472	0.958684	0.277328	-0.063363
39808	9.566555	-2.381328	-0.009339	0.343309	-0.632560	0.069334	0.095075	-0.079070	0.992325	0.273522	-0.956398	-0.102414	0.957155	0.281160	-0.069302
39809	9.817561	-2.121983	-0.281070	0.414253	-0.602950	0.021244	0.100987	-0.077594	0.991857	0.277481	-0.955196	-0.102978	0.955409	0.285621	-0.074931
39810	8.949190	-2.028072	-0.644212	0.473958	-0.575582	-0.002772	0.106493	-0.075936	0.991410	0.282036	-0.953821	-0.103352	0.953475	0.290620	-0.080159
39811	10.403049	-1.651442	-0.658787	0.582014	-0.657699	-0.036657	0.112739	-0.073684	0.990889	0.287636	-0.952128	-0.103527	0.951081	0.296687	-0.086148
39812	10.452130	-0.861788	-0.999030	0.545553	-0.648909	0.005862	0.118941	-0.071827	0.990300	0.292833	-0.950479	-0.104110	0.948737	0.302375	-0.092018
39813	9.790623	-0.277922	-1.243892	0.448248	-0.700916	0.065044	0.125863	-0.070336	0.989551	0.297018	-0.949055	-0.105236	0.946541	0.307159	-0.098560
39814	9.233868	-0.117619	-0.903867	0.306166	-0.734357	0.105824	0.133146	-0.069098	0.988685	0.299801	-0.948024	-0.106630	0.944665	0.310606	-0.105510
39815	9.105185	-0.396369	-0.687355	0.161843	-0.783584	0.121661	0.140995	-0.067836	0.987684	0.301177	-0.947425	-0.108065	0.943087	0.312704	-0.113151
39816	9.465702	-0.456388	-0.544467	-0.020815	-0.807369	0.157500	0.149101	-0.066823	0.986561	0.300781	-0.947371	-0.109627	0.941966	0.313085	-0.121155
39817	9.448365	-0.593313	-0.613449	-0.192572	-0.796619	0.186814	0.157249	-0.066132	0.985342	0.298696	-0.947838	-0.111283	0.941304	0.311817	-0.129294
39818	9.839842	-0.880933	-0.445373	-0.326485	-0.792538	0.205762	0.165340	-0.065641	0.984050	0.295323	-0.948703	-0.112903	0.940982	0.309280	-0.137474
39819	9.811309	-1.097145	-0.587438	-0.418245	-0.765063	0.205456	0.173228	-0.065266	0.982717	0.291053	-0.949844	-0.114388	0.940893	0.305838	-0.145544
39820	10.128589	-1.094253	-0.611543	-0.442817	-0.755504	0.175413	0.180861	-0.064657	0.981381	0.286606	-0.951063	-0.115479	0.940822	0.302155	-0.153479
39821	10.127557	-1.013587	-0.770007	-0.480825	-0.737530	0.145652	0.188300	-0.063858	0.980033	0.281826	-0.952402	-0.116207	0.940807	0.298081	-0.161341
39822	9.906872	-0.796719	-0.719262	-0.488382	-0.701859	0.085679	0.195158	-0.062620	0.978771	0.277095	-0.953782	-0.116272	0.940814	0.293904	-0.168787
39823	9.774868	-0.668641	-0.343993	-0.466583	-0.652421	0.019909	0.201437	-0.060935	0.977604	0.272678	-0.955121	-0.115719	0.940781	0.289882	-0.175781
39824	9.699281	-0.740721	0.017852	-0.440180	-0.570914	-0.043535	0.206702	-0.058898	0.976630	0.268654	-0.956403	-0.114538	0.940797	0.286051	-0.181867
39825	9.351163	-0.970705	-0.074837	-0.420354	-0.497442	-0.065234	0.211293	-0.056889	0.975766	0.264847	-0.957625	-0.113182	0.940857	0.282343	-0.187272
39826	8.974691	-1.499243	-0.398220	-0.382132	-0.485493	-0.045550	0.215747	-0.055116	0.974893	0.261375	-0.958712	-0.112045	0.940817	0.278986	-0.192433
39827	8.772985	-2.196368	-0.739630	-0.387336	-0.573074	0.038418	0.221322	-0.053926	0.973709	0.257659	-0.959756	-0.111718	0.940547	0.275610	-0.198521
39828	9.234758	-2.576374	-1.143371	-0.451813	-0.706552	0.142500	0.228333	-0.053396	0.972118	0.253107	-0.960907	-0.112230	0.940107	0.271675	-0.205892
39829	8.146160	-3.320653	-1.983812	-0.490418	-0.778143	0.148364	0.236102	-0.052756	0.970295	0.248164	-0.962140	-0.112698	0.939506	0.267400	-0.214071
39830	10.439071	-3.140695	-1.484524	-0.443150	-0.918852	0.114537	0.245015	-0.051470	0.968152	0.243727	-0.963251	-0.112891	0.938384	0.263625	-0.223467
39831	10.543031	-2.573344	-1.900610	-0.461832	-0.849239	0.123379	0.253362	-0.050469	0.966054	0.239098	-0.964387	-0.113089	0.937358	0.259634	-0.232272
39832	9.774428	-1.854556	-1.894146	-0.424565	-0.854691	0.066039	0.261528	-0.048969	0.963953	0.234936	-0.965445	-0.112784	0.936167	0.255963	-0.240986
39833	9.812352	-1.431510	-1.075967	-0.366064	-0.864222	-0.052746	0.269572	-0.046293	0.961867	0.231660	-0.966393	-0.111435	0.934700	0.252866	-0.249788
39834	10.559159	-1.054586	-0.238437	-0.352936	-0.839005	-0.140787	0.277085	-0.042895	0.959888	0.228727	-0.967340	-0.109253	0.933224	0.249825	-0.258224
39835	9.673969	-0.991768	0.165458	-0.392479	-0.737355	-0.204504	0.283579	-0.039119	0.958151	0.225648	-0.968390	-0.106321	0.932023	0.246355	-0.265788
39836	10.147768	-0.823984	0.854776	-0.380527	-0.751720	-0.272840	0.289962	-0.034714	0.956408	0.222860	-0.969420	-0.102753	0.930729	0.242939	-0.273359
39837	10.889616	-0.192857	1.757617	-0.434109	-0.626646	-0.273252	0.295269	-0.030588	0.954924	0.219627	-0.970548	-0.098998	0.929828	0.238959	-0.279855
39838	11.324528	0.268925	2.551332	-0.484435	-0.457229	-0.276257	0.298899	-0.026905	0.953906	0.215914	-0.971774	-0.095064	0.929538	0.234376	-0.284653
39839	11.752664	0.531324	3.164612	-0.568987	-0.223279	-0.281046	0.300455	-0.023689	0.953502	0.211472	-0.973156	-0.090814	0.930057	0.228925	-0.287380
39840	11.506684	0.965235	2.967615	-0.650719	-0.030846	-0.296687	0.300084	-0.020813	0.953686	0.206277	-0.974691	-0.086178	0.931343	0.222585	-0.288196
39841	11.352847	1.452567	2.379268	-0.751498	0.056725	-0.331602	0.298962	-0.017738	0.954100	0.200272	-0.976394	-0.080907	0.933013	0.215267	-0.288352
39842	11.005703	1.769025	1.809278	-0.868845	0.123368	-0.368110	0.297027	-0.014479	0.954759	0.193231	-0.978287	-0.074950	0.935113	0.206751	-0.287779
39843	11.080196	2.129748	1.896831	-0.995446	0.172318	-0.428458	0.294683	-0.010668	0.955536	0.185184	-0.980345	-0.068055	0.937480	0.197005	-0.286915
39844	11.859830	2.176823	2.324457	-1.199614	0.312111	-0.515489	0.290747	-0.006270	0.956779	0.175419	-0.982679	-0.059747	0.940582	0.185209	-0.284611
39845	12.525900	2.006209	2.561920	-1.418633	0.561286	-0.615044	0.284493	-0.001258	0.958677	0.163823	-0.985226	-0.049909	0.944577	0.171252	-0.280084
39846	12.809622	1.896611	2.256897	-1.493281	0.783193	-0.727406	0.275834	0.004579	0.961194	0.151725	-0.987660	-0.038835	0.949155	0.156549	-0.273125
39847	12.956877	1.806623	1.898199	-1.410833	0.922964	-0.834513	0.265912	0.011407	0.963930	0.140570	-0.989701	-0.027066	0.953693	0.142697	-0.264777
39848	13.032073	1.592333	1.393254	-1.275075	0.959617	-0.878467	0.255434	0.018754	0.966645	0.130686	-0.991306	-0.015301	0.957953	0.130235	-0.255664
39849	12.839981	1.840497	0.612240	-1.210170	0.966068	-0.919636	0.245080	0.026631	0.969137	0.121380	-0.992600	-0.003419	0.961875	0.118471	-0.246499
39850	13.131533	2.224861	0.033998	-1.190926	1.020971	-1.026014	0.233911	0.035632	0.971605	0.112380	-0.993621	0.009385	0.965741	0.106993	-0.236423
39851	12.864260	2.202574	-0.327036	-1.310677	1.291656	-1.111306	0.220294	0.045333	0.974380	0.102228	-0.994491	0.023156	0.970062	0.094507	-0.223715
39852	11.838039	-0.307311	-0.790995	-1.487627	1.519065	-1.200310	0.204227	0.055918	0.977325	0.090341	-0.995183	0.038062	0.974746	0.080519	-0.208295
39853	11.438052	-3.974044	-1.459512	-1.510229	1.614915	-1.266200	0.187460	0.067287	0.979965	0.078078	-0.995515	0.053419	0.979164	0.066500	-0.191873
39854	11.313213	-7.264713	-1.908468	-1.348224	1.645934	-1.207032	0.170293	0.078260	0.982281	0.067013	-0.995453	0.067692	0.983112	0.054298	-0.174763
39855	11.319623	-9.709785	-2.446821	-0.872589	1.704186	-0.994974	0.152955	0.087250	0.984374	0.060042	-0.995075	0.078869	0.986408	0.047041	-0.157440
39856	11.919452	-10.854614	-2.857819	-0.066532	1.820158	-0.672560	0.134441	0.092963	0.986551	0.060274	-0.994513	0.085499	0.989087	0.047969	-0.139307
39857	12.306757	-10.474698	-3.006572	0.879055	1.949539	-0.323498	0.115007	0.095091	0.988803	0.069397	-0.993745	0.087495	0.990938	0.058558	-0.120886
39858	12.218381	-8.768410	-3.339978	1.701307	1.985863	-0.031088	0.095185	0.093867	0.991024	0.086122	-0.992588	0.085744	0.991727	0.077187	-0.102563
39859	11.826148	-6.419399	-3.628241	2.234005	1.898679	0.189098	0.076621	0.090253	0.992967	0.108128	-0.990773	0.081710	0.991180	0.101107	-0.085673
39860	11.985659	-2.534166	-3.780433	2.400124	1.811658	0.307052	0.058954	0.084928	0.994641	0.131451	-0.988359	0.076600	0.989568	0.126231	-0.069432
39861	11.058687	-0.132976	-4.211954	2.263131	1.734907	0.358072	0.042396	0.078954	0.995976	0.153659	-0.985527	0.071585	0.987214	0.150006	-0.053915
39862	10.711823	2.335046	-3.702823	2.068115	1.677202	0.321583	0.026309	0.072870	0.996994	0.173688	-0.982503	0.067228	0.984449	0.171398	-0.038505
39863	10.164638	3.710540	-3.215718	1.761302	1.694105	0.236849	0.010169	0.067446	0.997671	0.190980	-0.979488	0.064270	0.981541	0.189882	-0.022842
39864	9.468386	3.453947	-4.165419	1.332682	1.527882	0.178335	-0.004528	0.062500	0.998035	0.203820	-0.977036	0.062109	0.978998	0.203701	-0.008315
39865	8.863729	0.844729	-4.079396	0.986401	1.266968	0.145231	-0.016531	0.058398	0.998157	0.213503	-0.975062	0.060583	0.976802	0.214111	0.003651
39866	10.028168	1.570793	-2.996968	1.407613	1.024678	-0.037507	-0.026667	0.056324	0.998056	0.227027	-0.971981	0.060918	0.973523	0.228211	0.013132
39867	9.855039	3.562719	-3.194260	1.209373	1.114549	-0.106081	-0.037663	0.054705	0.997792	0.238771	-0.969086	0.062144	0.970345	0.240584	0.023436
39868	9.115035	2.509868	-3.635148	0.837693	1.123325	-0.089948	-0.048818	0.052674	0.997418	0.246681	-0.967037	0.063144	0.967866	0.249127	0.034215
39869	9.030736	2.450441	-2.860463	1.030977	1.077414	-0.072792	-0.059328	0.050602	0.996955	0.256628	-0.964374	0.064220	0.964688	0.259656	0.044228
39870	8.068831	1.591429	-3.330644	0.675249	1.117006	0.018607	-0.070083	0.047354	0.996417	0.263004	-0.962653	0.064248	0.962246	0.266564	0.055011
39871	7.820541	0.922858	-2.431764	0.569032	1.022020	0.089943	-0.079582	0.043701	0.995870	0.268564	-0.961157	0.063639	0.959969	0.272520	0.064754
39872	7.681293	0.499487	-2.231461	0.533615	1.055424	0.150840	-0.089324	0.039230	0.995230	0.273683	-0.959794	0.062397	0.957663	0.277951	0.074996
39873	7.610152	0.108328	-1.890338	0.538319	1.087282	0.189007	-0.099116	0.034333	0.994483	0.279035	-0.958348	0.060896	0.955152	0.283531	0.085407
39874	7.783171	-0.318154	-1.668008	0.473160	1.132208	0.229547	-0.109294	0.028788	0.993593	0.283670	-0.957109	0.058934	0.952673	0.288294	0.096440
39875	8.200684	-0.716173	-1.083934	0.350315	1.180325	0.291422	-0.119608	0.022544	0.992565	0.287363	-0.956163	0.056345	0.950325	0.291965	0.107886
39876	8.645385	-1.113490	-0.450344	0.181192	1.232377	0.379787	-0.130228	0.015198	0.991368	0.289440	-0.955746	0.052673	0.948296	0.293801	0.120066
39877	9.143252	-1.293975	0.257398	-0.010142	1.279024	0.512341	-0.140776	0.006511	0.990020	0.290065	-0.955826	0.047532	0.946596	0.293861	0.132669
39878	8.962704	-1.266154	0.733779	-0.197937	1.338878	0.643897	-0.151589	-0.003674	0.988437	0.289009	-0.956458	0.040768	0.945248	0.291847	0.146051
39879	8.967539	-0.851856	1.144677	-0.332154	1.338652	0.734479	-0.162035	-0.014620	0.986677	0.287051	-0.957348	0.032955	0.944111	0.288566	0.159321
39880	8.929477	-0.280419	1.488594	-0.423565	1.280696	0.784767	-0.171892	-0.025913	0.984775	0.284232	-0.958445	0.024392	0.943221	0.284097	0.172114
39881	8.576996	0.270309	1.610273	-0.443484	1.166443	0.788311	-0.180576	-0.036793	0.982873	0.281468	-0.959441	0.015796	0.942427	0.279500	0.183608
39882	8.365798	0.680152	1.631833	-0.386049	0.976946	0.760758	-0.187662	-0.046912	0.981113	0.279101	-0.960233	0.007472	0.941746	0.275231	0.193292
39883	8.155829	0.972156	1.506480	-0.274371	0.731374	0.709745	-0.192487	-0.055764	0.979714	0.277895	-0.960611	-0.000078	0.941129	0.272243	0.200402
39884	7.637445	1.295361	1.231632	-0.154509	0.479978	0.630946	-0.195268	-0.063229	0.978710	0.277543	-0.960690	-0.006691	0.940660	0.270327	0.205141
39885	7.792455	1.557317	0.942159	-0.065477	0.238802	0.567503	-0.195854	-0.069360	0.978177	0.278066	-0.960482	-0.012430	0.940383	0.269563	0.207400
39886	7.908237	1.610135	0.936254	-0.041764	0.073324	0.533151	-0.195076	-0.074773	0.977934	0.278609	-0.960239	-0.017844	0.940384	0.268980	0.208152
39887	8.151844	1.526659	1.402083	-0.025145	0.011574	0.524203	-0.193638	-0.079871	0.977816	0.279420	-0.959892	-0.023073	0.940441	0.268754	0.208189
39888	8.445024	1.130617	2.175478	-0.025412	0.063972	0.498766	-0.192860	-0.084918	0.977545	0.280056	-0.959572	-0.028104	0.940412	0.268347	0.208845
39889	8.745947	0.370215	3.049483	-0.001181	0.182243	0.450028	-0.193228	-0.089759	0.977040	0.280942	-0.959172	-0.032556	0.940072	0.268201	0.210556
39890	9.469150	-0.604020	4.550765	0.072133	0.375358	0.381744	-0.195698	-0.094512	0.976099	0.282281	-0.958648	-0.036227	0.939159	0.268445	0.214284
39891	10.694140	-1.573482	6.725245	0.161203	0.706052	0.326378	-0.201314	-0.099572	0.974453	0.284470	-0.957887	-0.039110	0.937310	0.269329	0.221161
39892	11.456527	-2.753004	8.387701	0.292555	1.021632	0.309085	-0.210019	-0.105380	0.972002	0.287751	-0.956803	-0.041558	0.934394	0.270966	0.231270
39893	11.617751	-3.550485	9.250310	0.572018	1.182040	0.375409	-0.219864	-0.112230	0.969053	0.293920	-0.954822	-0.043896	0.930199	0.275173	0.242917
39894	9.882467	-3.239293	8.651170	0.930443	1.203069	0.411642	-0.229840	-0.119608	0.965851	0.303350	-0.951784	-0.045679	0.924745	0.282491	0.255041
39895	8.424752	-1.473853	7.256569	1.351991	1.056268	0.349360	-0.238406	-0.126004	0.962957	0.316655	-0.947445	-0.045577	0.918091	0.294059	0.265777
39896	7.374241	0.746111	5.851437	1.590253	0.854329	0.211217	-0.245599	-0.130675	0.960523	0.331558	-0.942434	-0.043437	0.910906	0.307801	0.274787
39897	7.033604	2.858356	4.650158	1.587175	0.686366	0.018628	-0.251679	-0.133042	0.958623	0.346037	-0.937400	-0.039247	0.903834	0.321841	0.281962
39898	7.101872	4.418133	3.752179	1.461561	0.587203	-0.204832	-0.257761	-0.133149	0.956990	0.358537	-0.932924	-0.033230	0.897224	0.334551	0.288211
39899	7.711389	5.402253	3.777620	1.425301	0.620141	-0.455177	-0.264878	-0.131054	0.955335	0.370118	-0.928654	-0.024774	0.890423	0.347024	0.294486
39900	7.067068	4.972650	3.093432	1.279945	0.692986	-0.584081	-0.273290	-0.128160	0.953356	0.379799	-0.924940	-0.015467	0.883779	0.357857	0.301452
39901	6.860203	3.551121	1.785416	0.958502	0.582562	-0.533501	-0.280383	-0.125368	0.951666	0.386799	-0.922133	-0.007518	0.878505	0.365996	0.307043
39902	7.214030	2.170343	1.185340	0.782777	0.458502	-0.486333	-0.286368	-0.122644	0.950238	0.392213	-0.919874	-0.000527	0.874164	0.372544	0.311525
39903	7.561063	0.782865	0.969892	0.628050	0.316677	-0.413039	-0.290675	-0.120063	0.949259	0.396532	-0.918006	0.005313	0.870787	0.377956	0.314450
39904	7.462435	-0.640012	0.177726	0.464065	0.087941	-0.281571	-0.292627	-0.117869	0.948934	0.399694	-0.916600	0.009403	0.868685	0.382035	0.315333
39905	6.569694	-1.825760	-3.366545	0.461603	-0.485304	-0.095186	-0.288710	-0.115156	0.950466	0.403458	-0.914923	0.011703	0.868256	0.386852	0.310608
39906	6.356102	-2.761473	-7.147627	0.226838	-1.278187	0.230214	-0.276715	-0.112348	0.954362	0.406031	-0.913803	0.010154	0.870958	0.390311	0.298480
39907	7.385813	-2.172133	-9.037001	-0.189366	-1.658078	0.570336	-0.259829	-0.111112	0.959241	0.405937	-0.913892	0.004097	0.876187	0.390456	0.282560
39908	8.001725	-1.035826	-9.186290	-0.331456	-1.762188	0.705515	-0.241499	-0.110742	0.964061	0.404756	-0.914418	-0.003647	0.881959	0.389328	0.265655
39909	8.611430	-0.087924	-7.213010	-0.396790	-1.650713	0.730904	-0.223857	-0.111040	0.968276	0.402974	-0.915136	-0.011782	0.887412	0.387552	0.249606
39910	9.783450	0.688030	-3.362970	-0.454346	-1.408728	0.667006	-0.208632	-0.111748	0.971589	0.400367	-0.916150	-0.019399	0.892289	0.384945	0.235878
39911	13.602377	1.826911	5.455914	-0.419452	-0.983920	0.561904	-0.197505	-0.113149	0.973750	0.397784	-0.917114	-0.025886	0.895969	0.382229	0.226144
39912	20.224601	-0.372105	16.611660	-0.561831	-0.165649	0.619480	-0.193551	-0.118240	0.973939	0.393965	-0.918525	-0.033220	0.898515	0.377269	0.224364
39913	20.588397	-4.703442	8.323528	-0.417609	-0.227374	0.993677	-0.187513	-0.126541	0.974077	0.392128	-0.918863	-0.043883	0.900597	0.373734	0.221920
39914	19.593259	-3.167457	-3.638498	0.255161	-1.536309	1.103645	-0.169319	-0.130948	0.976823	0.396371	-0.916492	-0.054155	0.902342	0.378015	0.207084
39915	16.960379	1.738967	-3.389653	1.007433	-2.114617	0.905021	-0.146523	-0.131124	0.980478	0.406912	-0.911423	-0.061080	0.901640	0.390018	0.186900
39916	11.248116	7.097953	-3.923418	0.939871	-2.103456	0.813269	-0.124202	-0.130235	0.983673	0.416480	-0.906639	-0.067450	0.900621	0.401303	0.166846
39917	6.124982	11.080263	-5.206417	0.170376	-1.763616	0.648260	-0.105511	-0.129019	0.986013	0.418782	-0.905098	-0.073619	0.901936	0.405157	0.149529
39918	2.983051	12.474395	-3.940485	-0.616568	-1.594455	0.362155	-0.089556	-0.125857	0.987998	0.413653	-0.907083	-0.078054	0.906019	0.401698	0.133296
39919	3.470711	9.645404	-1.740758	-1.483918	-1.524114	0.039469	-0.075443	-0.120206	0.989878	0.400206	-0.912896	-0.080356	0.913315	0.390093	0.116978
39920	6.571614	3.517643	-1.682152	-2.287969	-1.628237	-0.014189	-0.060507	-0.113808	0.991659	0.379376	-0.921547	-0.082614	0.923262	0.371213	0.098936
39921	10.096099	-2.569215	-2.652392	-2.628294	-1.700164	0.183262	-0.043959	-0.109412	0.993024	0.355084	-0.930793	-0.086836	0.933800	0.348790	0.079767
39922	12.893612	-7.049467	-2.325359	-2.340753	-1.568690	0.432093	-0.027711	-0.108053	0.993759	0.333491	-0.938184	-0.092711	0.942346	0.328841	0.062032
39923	12.644780	-9.648419	-0.770570	-1.522470	-1.399843	0.691357	-0.012140	-0.110070	0.993850	0.319259	-0.942327	-0.100464	0.947590	0.316075	0.046581
39924	10.298025	-10.147958	0.320659	-0.486541	-1.205669	0.855840	0.002061	-0.114292	0.993445	0.314845	-0.942849	-0.109125	0.949141	0.313006	0.034042
39925	8.406281	-8.359948	0.813965	0.435672	-1.115179	0.810711	0.015291	-0.118437	0.992844	0.318922	-0.940518	-0.117107	0.947658	0.318431	0.023390
39926	7.057558	-5.576099	0.589615	1.051140	-1.087304	0.570693	0.027478	-0.120259	0.992362	0.328826	-0.936401	-0.122582	0.943991	0.329683	0.013814
39927	8.657715	-1.676962	0.753785	1.308507	-1.039463	0.380043	0.038624	-0.120340	0.991981	0.341037	-0.931529	-0.126285	0.939256	0.343180	0.005061
39928	9.415139	1.335838	0.518176	1.167918	-0.970227	0.279762	0.048738	-0.119554	0.991631	0.351917	-0.927090	-0.129069	0.934762	0.355262	-0.003112
39929	10.732121	2.622376	1.079846	0.741793	-0.947832	0.222498	0.058460	-0.118235	0.991263	0.358733	-0.924147	-0.131386	0.931608	0.363280	-0.011611
39930	10.876946	1.670881	1.144798	0.212135	-0.899372	0.173263	0.067507	-0.116537	0.990890	0.360681	-0.923138	-0.133141	0.930243	0.366383	-0.020285
39931	10.543911	-0.192133	0.986359	-0.170468	-0.907142	0.115274	0.076446	-0.114306	0.990500	0.359024	-0.923616	-0.134297	0.930192	0.365880	-0.029568
39932	10.252606	-1.895213	0.738110	-0.316551	-0.911147	0.086487	0.085279	-0.111752	0.990070	0.356105	-0.924637	-0.135039	0.930546	0.364085	-0.039056
39933	9.811906	-3.043815	0.189839	-0.278657	-0.920545	0.091437	0.094256	-0.109280	0.989532	0.353441	-0.925536	-0.135879	0.930696	0.362549	-0.048613
39934	8.273443	-3.919758	-0.644899	-0.100433	-0.927930	0.059526	0.103143	-0.106446	0.988954	0.352531	-0.925804	-0.136416	0.930099	0.362707	-0.057965
39935	10.004633	-3.311302	-0.704620	0.044061	-0.994303	0.086243	0.112775	-0.103657	0.988199	0.352858	-0.925541	-0.137353	0.928856	0.364183	-0.067801
39936	9.063336	-2.274552	-1.872790	0.084132	-0.933307	0.120237	0.121906	-0.101356	0.987353	0.353560	-0.925084	-0.138617	0.927434	0.365986	-0.076938
39937	9.333292	-1.271492	-2.079655	0.051762	-1.019443	0.132990	0.131909	-0.098873	0.986318	0.353880	-0.924749	-0.140029	0.925942	0.367509	-0.086994
39938	8.981376	-0.922849	-1.970416	-0.054917	-1.017114	0.118968	0.141790	-0.096225	0.985209	0.353269	-0.924809	-0.141168	0.924714	0.368060	-0.097136
39939	9.017866	-0.855696	-1.802566	-0.170362	-1.032206	0.086651	0.151721	-0.093256	0.984014	0.351576	-0.925342	-0.141904	0.923783	0.367485	-0.107607
39940	9.647364	-0.836263	-1.275339	-0.267338	-0.993313	0.079172	0.161222	-0.090333	0.982775	0.349049	-0.926223	-0.142395	0.923132	0.365994	-0.117797
39941	9.164416	-1.105628	-1.150882	-0.317254	-0.908171	0.072024	0.169939	-0.087712	0.981543	0.346009	-0.927305	-0.142771	0.922713	0.363885	-0.127236
39942	9.762879	-1.357396	-0.423449	-0.311692	-0.867698	0.063768	0.178214	-0.085139	0.980302	0.343090	-0.928354	-0.142999	0.922241	0.361816	-0.136235
39943	10.282426	-1.428854	-0.109401	-0.341140	-0.757282	0.092153	0.185596	-0.083291	0.979090	0.339783	-0.929495	-0.143481	0.922010	0.359308	-0.144209
39944	9.901375	-1.639766	-0.390999	-0.355811	-0.680335	0.113042	0.192297	-0.081893	0.977914	0.336354	-0.930649	-0.144076	0.921894	0.356630	-0.151416
39945	9.883281	-1.708811	-0.577786	-0.317000	-0.637911	0.091511	0.198568	-0.080505	0.976775	0.333259	-0.931691	-0.144537	0.921688	0.354219	-0.158175
39946	9.746540	-1.551357	-1.117871	-0.259494	-0.607925	0.057684	0.204406	-0.078885	0.975703	0.330810	-0.932538	-0.144699	0.921294	0.352350	-0.164520
39947	9.519457	-1.216967	-1.762998	-0.231778	-0.643150	0.031056	0.210515	-0.076942	0.974558	0.328616	-0.933318	-0.144670	0.920703	0.350711	-0.171193
39948	9.420674	-0.959177	-2.091912	-0.251336	-0.697161	0.000904	0.216978	-0.074502	0.973329	0.326359	-0.934173	-0.144258	0.920006	0.348956	-0.178381
39949	9.385064	-0.971792	-2.381303	-0.323240	-0.762808	-0.017287	0.224020	-0.071715	0.971942	0.323429	-0.935299	-0.143558	0.919352	0.346514	-0.186331
39950	9.331364	-1.208956	-2.507805	-0.372705	-0.817208	-0.027604	0.231486	-0.068623	0.970415	0.320129	-0.936581	-0.142595	0.918657	0.343667	-0.194837
39951	9.266256	-1.803119	-2.536295	-0.389781	-0.870361	-0.034838	0.239450	-0.065347	0.968707	0.316636	-0.937928	-0.141538	0.917827	0.340618	-0.203896
39952	8.853146	-2.542127	-2.421216	-0.362010	-0.901137	-0.030139	0.247667	-0.061992	0.966860	0.313450	-0.939152	-0.140508	0.916739	0.337861	-0.213165
39953	8.138740	-3.453836	-2.402884	-0.209229	-0.988764	-0.111773	0.256455	-0.057637	0.964836	0.311818	-0.939915	-0.139030	0.914877	0.336509	-0.223073
39954	9.801076	-2.985989	-1.964683	-0.092033	-1.023315	-0.073066	0.265625	-0.053505	0.962591	0.311215	-0.940246	-0.138142	0.912463	0.336266	-0.233101
39955	9.350837	-2.539062	-2.332084	-0.075309	-0.998994	-0.008993	0.274782	-0.050090	0.960201	0.310554	-0.940495	-0.137934	0.909973	0.336096	-0.242875
39956	8.967412	-2.580178	-1.972116	-0.052027	-1.036459	-0.021159	0.284181	-0.046415	0.957646	0.310173	-0.940664	-0.137636	0.907212	0.336149	-0.252922
39957	10.311702	-2.134972	-1.335711	-0.029134	-1.037568	-0.044102	0.293523	-0.042540	0.955005	0.310037	-0.940773	-0.137197	0.904279	0.336357	-0.262950
39958	10.123554	-1.528825	-1.276645	-0.038062	-0.938851	-0.071690	0.301825	-0.038725	0.952577	0.309927	-0.940918	-0.136451	0.901580	0.336413	-0.271990
39959	10.054159	-0.909195	-0.706741	-0.065182	-0.906062	-0.122597	0.309683	-0.034553	0.950212	0.309714	-0.941174	-0.135163	0.898985	0.336152	-0.280764
39960	10.127868	-0.562157	0.211221	-0.123735	-0.873311	-0.178150	0.317013	-0.029964	0.947948	0.309178	-0.941636	-0.133160	0.896611	0.335298	-0.289247
39961	10.790575	-0.210304	0.988375	-0.264005	-0.831712	-0.159755	0.324051	-0.025709	0.945690	0.307324	-0.942555	-0.130931	0.894731	0.333062	-0.297535
39962	10.583945	-0.399177	1.186147	-0.436768	-0.767943	-0.124458	0.330568	-0.022014	0.943525	0.303841	-0.944020	-0.128478	0.893535	0.329152	-0.305374
39963	10.647503	-0.805560	1.218046	-0.552186	-0.751591	-0.120303	0.336998	-0.018452	0.941325	0.299309	-0.945841	-0.125695	0.892663	0.324105	-0.313223
39964	10.938371	-0.687431	0.988160	-0.644952	-0.728557	-0.150668	0.343072	-0.014715	0.939194	0.294075	-0.947929	-0.122273	0.892088	0.318142	-0.320880
39965	11.172347	-0.170466	0.675578	-0.752140	-0.691817	-0.204020	0.348728	-0.010633	0.937164	0.288069	-0.950315	-0.117975	0.891855	0.311109	-0.328338
39966	10.854331	0.238619	0.462490	-0.859309	-0.602202	-0.289166	0.353284	-0.006066	0.935496	0.281425	-0.952971	-0.112458	0.892183	0.303002	-0.334962
39967	11.670546	0.638460	0.286148	-0.963101	-0.556759	-0.351365	0.357356	-0.001083	0.933968	0.274075	-0.955852	-0.105975	0.892849	0.293848	-0.341282
39968	11.733496	1.131719	0.030128	-1.059129	-0.437786	-0.410904	0.360154	0.004083	0.932884	0.266096	-0.958897	-0.098533	0.894137	0.283724	-0.346437
39969	11.256049	1.142593	-0.055422	-1.119818	-0.320399	-0.478676	0.361845	0.009539	0.932189	0.257798	-0.961977	-0.090225	0.895884	0.272964	-0.350546
39970	11.013071	1.001184	0.141847	-1.143386	-0.224166	-0.534867	0.362484	0.015268	0.931865	0.249502	-0.964960	-0.081243	0.897972	0.261951	-0.353592
39971	11.242176	0.808470	0.704822	-1.116549	-0.089246	-0.564920	0.361976	0.020920	0.931953	0.241505	-0.967719	-0.072079	0.900360	0.251162	-0.355343
39972	11.607209	0.526216	1.419988	-1.092846	0.082993	-0.552352	0.359887	0.026048	0.932632	0.233671	-0.970268	-0.063070	0.903260	0.240627	-0.355274
39973	11.949312	0.724399	1.584246	-1.086104	0.237066	-0.507585	0.356652	0.030384	0.933743	0.225658	-0.972679	-0.054542	0.906575	0.230159	-0.353764
39974	12.065237	1.514238	1.797719	-1.089152	0.383535	-0.473182	0.352077	0.034108	0.935350	0.217469	-0.974968	-0.046306	0.910357	0.219713	-0.350681
