// General information: 
//  MT Manager version: 2022.2.0 
//  XDA version: 2022.2.0 build 7381 rev 124627 built on 2023-07-19
// Device information: 
//  DeviceId: 00B4CBA7
//  ProductCode: MTW2-3A7G6
//  Firmware Version: 4.6.0
//  Hardware Version: 2.0.0
// Device settings: 
//  Filter Profile: human(46.1)
//  Option Flags: Orientation Smoother Disabled, Position/Velocity Smoother Disabled, Continuous Zero Rotation Update Disabled, AHS Disabled, ICC Disabled
// Coordinate system: ENU
PacketCounter	Acc_X	Acc_Y	Acc_Z	Gyr_X	Gyr_Y	Gyr_Z	Mat[1][1]	Mat[2][1]	Mat[3][1]	Mat[1][2]	Mat[2][2]	Mat[3][2]	Mat[1][3]	Mat[2][3]	Mat[3][3]
28745	9.042444	-0.003978	-3.747278	0.005581	-0.001196	-0.000165	-0.373474	0.025028	0.927303	0.072296	0.997381	0.002198	-0.924819	0.067861	-0.374306
28746	9.038822	0.035761	-3.791379	0.017133	-0.000462	0.003443	-0.373477	0.025014	0.927302	0.072142	0.997392	0.002151	-0.924830	0.067701	-0.374307
28747	9.041534	0.064306	-3.724280	0.015016	0.000229	-0.002458	-0.373521	0.024925	0.927287	0.071979	0.997404	0.002184	-0.924825	0.067561	-0.374345
28748	9.028402	0.096924	-3.746960	0.016708	0.001823	0.000381	-0.373504	0.024879	0.927295	0.071818	0.997415	0.002168	-0.924844	0.067406	-0.374326
28749	9.018533	0.112281	-3.718009	0.016730	-0.001787	-0.000202	-0.373565	0.024821	0.927272	0.071663	0.997427	0.002172	-0.924832	0.067263	-0.374383
28750	9.040878	0.108832	-3.709123	0.015015	-0.004241	0.002393	-0.373603	0.024799	0.927257	0.071526	0.997436	0.002143	-0.924827	0.067123	-0.374420
28751	9.073130	0.089458	-3.729099	0.017156	0.000392	-0.001992	-0.373646	0.024708	0.927242	0.071332	0.997450	0.002165	-0.924825	0.066952	-0.374456
28752	9.037424	0.124747	-3.761264	0.011585	-0.004681	0.002734	-0.373688	0.024690	0.927226	0.071228	0.997458	0.002146	-0.924816	0.066846	-0.374496
28753	9.009226	0.056405	-3.712900	0.002981	0.001867	0.002031	-0.373713	0.024643	0.927217	0.071190	0.997460	0.002183	-0.924808	0.066824	-0.374518
28754	9.041819	0.013892	-3.740407	0.012425	-0.002982	0.004298	-0.373738	0.024640	0.927207	0.071083	0.997468	0.002146	-0.924807	0.066711	-0.374543
28755	9.060554	0.050664	-3.775620	0.015451	-0.003868	0.000313	-0.373816	0.024587	0.927177	0.070940	0.997478	0.002150	-0.924786	0.066578	-0.374617
28756	9.095779	0.037579	-3.736257	0.011597	-0.002022	-0.002410	-0.373837	0.024515	0.927170	0.070816	0.997487	0.002178	-0.924787	0.066473	-0.374634
28757	9.140550	0.031749	-3.718259	0.014610	-0.005569	-0.001252	-0.373931	0.024455	0.927134	0.070689	0.997496	0.002199	-0.924759	0.066360	-0.374724
28758	9.049740	0.112083	-3.732256	0.007306	-0.000552	-0.003053	-0.373939	0.024376	0.927133	0.070602	0.997502	0.002249	-0.924762	0.066298	-0.374726
28759	9.082172	0.069997	-3.760121	0.005186	-0.008793	0.000754	-0.374063	0.024325	0.927084	0.070541	0.997506	0.002289	-0.924717	0.066254	-0.374846
28760	9.104761	0.043913	-3.758991	0.013311	0.000428	-0.005009	-0.374063	0.024226	0.927087	0.070391	0.997517	0.002335	-0.924728	0.066132	-0.374840
28761	9.068504	0.125837	-3.775773	0.021893	-0.002515	-0.003725	-0.374132	0.024133	0.927062	0.070173	0.997532	0.002352	-0.924717	0.065935	-0.374902
28762	9.078269	0.109471	-3.804954	-0.001715	-0.002451	0.002598	-0.374153	0.024112	0.927053	0.070191	0.997531	0.002384	-0.924707	0.065962	-0.374922
28763	9.056291	0.065618	-3.829669	0.007731	-0.002838	0.000011	-0.374221	0.024045	0.927028	0.070096	0.997537	0.002422	-0.924686	0.065887	-0.374985
28764	9.036511	0.097276	-3.771941	0.013288	-0.000429	0.000426	-0.374226	0.024001	0.927027	0.069967	0.997546	0.002418	-0.924694	0.065766	-0.374987
28765	9.055989	0.087869	-3.822070	0.011126	0.003013	0.000539	-0.374239	0.023944	0.927023	0.069860	0.997554	0.002437	-0.924697	0.065674	-0.374996
28766	9.042948	0.120414	-3.844587	0.007249	0.004005	0.003251	-0.374200	0.023925	0.927039	0.069797	0.997558	0.002428	-0.924718	0.065613	-0.374956
28767	9.024015	0.105641	-3.801515	0.000371	0.006740	0.004513	-0.374175	0.023914	0.927050	0.069822	0.997556	0.002449	-0.924726	0.065645	-0.374931
28768	8.982635	0.093557	-3.767586	0.002084	0.004727	0.006770	-0.374127	0.023930	0.927069	0.069820	0.997557	0.002428	-0.924745	0.065637	-0.374884
28769	9.014898	0.097209	-3.779170	0.006790	0.007239	0.005912	-0.374097	0.023935	0.927081	0.069798	0.997558	0.002410	-0.924759	0.065610	-0.374854
28770	9.005980	0.066111	-3.764643	0.003329	0.012215	0.007121	-0.373980	0.023950	0.927128	0.069786	0.997559	0.002381	-0.924808	0.065591	-0.374738
28771	9.028786	0.062818	-3.754627	-0.003058	0.006302	0.004853	-0.373960	0.023938	0.927136	0.069835	0.997556	0.002412	-0.924812	0.065649	-0.374717
28772	9.064684	0.026700	-3.721919	0.000797	0.008918	0.002722	-0.373876	0.023910	0.927171	0.069830	0.997556	0.002433	-0.924846	0.065654	-0.374632
28773	9.054808	0.065448	-3.684678	0.009378	0.005973	0.004008	-0.373858	0.023903	0.927178	0.069788	0.997559	0.002422	-0.924857	0.065612	-0.374613
28774	9.096700	0.076199	-3.717427	0.014084	0.008484	0.003150	-0.373778	0.023881	0.927211	0.069662	0.997568	0.002389	-0.924899	0.065484	-0.374532
28775	9.074184	0.101305	-3.718463	0.016256	0.003236	0.002749	-0.373786	0.023846	0.927208	0.069516	0.997578	0.002369	-0.924906	0.065341	-0.374539
28776	9.071434	0.094360	-3.777306	0.007216	0.009415	0.004120	-0.373697	0.023832	0.927245	0.069457	0.997582	0.002353	-0.924947	0.065283	-0.374449
28777	9.071991	0.070673	-3.784291	0.010264	0.004915	-0.000443	-0.373692	0.023761	0.927248	0.069347	0.997590	0.002384	-0.924957	0.065193	-0.374439
28778	9.084449	0.106656	-3.738162	0.008099	0.003897	0.004526	-0.373654	0.023755	0.927264	0.069281	0.997594	0.002361	-0.924977	0.065124	-0.374401
28779	9.084908	0.082787	-3.745376	0.004660	0.005266	0.005155	-0.373644	0.023730	0.927269	0.069224	0.997598	0.002364	-0.924986	0.065073	-0.374389
28780	9.098243	0.049149	-3.722041	0.002520	0.005100	0.004688	-0.373594	0.023725	0.927289	0.069210	0.997599	0.002361	-0.925007	0.065060	-0.374339
28781	9.098158	0.071834	-3.713945	0.003809	0.005370	0.003881	-0.373582	0.023690	0.927295	0.069163	0.997603	0.002378	-0.925015	0.065023	-0.374325
28782	9.107367	0.125043	-3.719569	-0.008616	0.003899	0.004434	-0.373544	0.023683	0.927310	0.069252	0.997596	0.002418	-0.925024	0.065121	-0.374286
28783	9.066404	0.067290	-3.701144	-0.022331	0.002158	0.005794	-0.373561	0.023672	0.927304	0.069460	0.997582	0.002515	-0.925002	0.065350	-0.374301
28784	9.021840	0.049955	-3.727046	-0.012436	0.000333	0.000841	-0.373558	0.023632	0.927306	0.069570	0.997574	0.002603	-0.924994	0.065485	-0.374295
28785	9.021862	0.050367	-3.726986	-0.009858	0.000872	-0.000772	-0.373591	0.023562	0.927294	0.069649	0.997568	0.002713	-0.924975	0.065599	-0.374323
28786	9.057174	0.038126	-3.687254	-0.013726	0.000062	0.001648	-0.373589	0.023530	0.927296	0.069774	0.997559	0.002798	-0.924966	0.065747	-0.374319
28787	9.108452	0.057229	-3.741824	-0.016727	0.001804	0.000196	-0.373612	0.023471	0.927288	0.069924	0.997548	0.002924	-0.924946	0.065932	-0.374337
28788	9.041539	0.042725	-3.776702	-0.010329	0.005908	0.002177	-0.373557	0.023440	0.927311	0.070020	0.997541	0.002991	-0.924961	0.066048	-0.374279
28789	9.028897	0.052924	-3.806699	-0.008591	0.004749	-0.001000	-0.373552	0.023367	0.927315	0.070091	0.997536	0.003098	-0.924957	0.066154	-0.374270
28790	8.993253	0.112261	-3.830604	-0.010329	0.005907	0.002177	-0.373497	0.023337	0.927338	0.070187	0.997529	0.003166	-0.924972	0.066270	-0.374212
28791	8.994079	0.066228	-3.845267	-0.012041	0.007920	-0.000082	-0.373464	0.023260	0.927353	0.070271	0.997523	0.003279	-0.924979	0.066391	-0.374173
28792	9.042451	0.043841	-3.774507	-0.001321	0.005141	0.001676	-0.373416	0.023225	0.927373	0.070282	0.997522	0.003318	-0.924998	0.066416	-0.374123
28793	9.010149	0.085656	-3.746392	0.003365	0.011258	0.001401	-0.373352	0.023161	0.927401	0.070227	0.997525	0.003359	-0.925028	0.066383	-0.374054
28794	9.065239	0.063645	-3.756153	0.005948	0.005533	0.004353	-0.373298	0.023152	0.927423	0.070180	0.997529	0.003346	-0.925053	0.066336	-0.374000
28795	9.023262	0.097950	-3.706926	0.005087	0.007441	0.003369	-0.373267	0.023120	0.927436	0.070138	0.997532	0.003361	-0.925069	0.066303	-0.373967
28796	9.055872	0.078776	-3.725975	0.002097	0.007380	0.001627	-0.373198	0.023083	0.927465	0.070117	0.997533	0.003387	-0.925098	0.066295	-0.373896
28797	9.043131	0.111523	-3.747941	0.010223	0.012128	0.000723	-0.373124	0.023020	0.927496	0.070013	0.997540	0.003408	-0.925136	0.066209	-0.373818
28798	9.046694	0.094206	-3.695315	-0.001332	0.006944	0.001965	-0.373059	0.022986	0.927523	0.070025	0.997539	0.003444	-0.925161	0.066235	-0.373751
28799	9.134023	0.053869	-3.724981	-0.007740	0.004644	0.000271	-0.373055	0.022929	0.927526	0.070099	0.997534	0.003534	-0.925158	0.066337	-0.373742
28800	9.107878	0.143301	-3.762203	0.003794	0.013434	-0.000390	-0.372931	0.022868	0.927577	0.070054	0.997537	0.003573	-0.925211	0.066313	-0.373615
28801	9.076307	0.139170	-3.748960	-0.018931	0.012457	0.001457	-0.372853	0.022812	0.927610	0.070224	0.997524	0.003695	-0.925229	0.066518	-0.373532
28802	9.061612	0.097055	-3.853073	-0.013352	0.011254	0.001298	-0.372749	0.022768	0.927653	0.070344	0.997516	0.003782	-0.925262	0.066665	-0.373424
28803	9.020119	0.108997	-3.810968	-0.007794	0.013658	0.001719	-0.372661	0.022716	0.927690	0.070415	0.997510	0.003861	-0.925292	0.066762	-0.373332
28804	9.020126	0.155366	-3.794294	-0.010836	0.016346	0.005991	-0.372506	0.022716	0.927752	0.070530	0.997502	0.003895	-0.925346	0.066885	-0.373177
28805	8.986120	0.121523	-3.847800	-0.014716	0.017336	0.008697	-0.372377	0.022732	0.927803	0.070695	0.997490	0.003934	-0.925385	0.067055	-0.373050
28806	8.955759	0.047350	-3.856769	-0.013481	0.026618	0.009342	-0.372125	0.022759	0.927904	0.070846	0.997479	0.003946	-0.925475	0.067207	-0.372799
28807	8.991930	0.034224	-3.814785	-0.009181	0.023341	0.009700	-0.371940	0.022787	0.927977	0.070975	0.997470	0.003954	-0.925539	0.067334	-0.372617
28808	9.037464	0.051099	-3.786339	-0.002785	0.027439	0.011689	-0.371679	0.022836	0.928081	0.071037	0.997466	0.003905	-0.925640	0.067379	-0.372359
28809	9.034680	0.136832	-3.812333	0.000204	0.033760	0.008870	-0.371397	0.022850	0.928193	0.071079	0.997463	0.003885	-0.925749	0.067417	-0.372079
28810	9.067817	0.163733	-3.813509	-0.013537	0.035617	0.010787	-0.371061	0.022885	0.928327	0.071236	0.997452	0.003884	-0.925872	0.067572	-0.371745
28811	9.002263	0.148365	-3.845682	-0.015282	0.036766	0.013960	-0.370749	0.022930	0.928450	0.071404	0.997440	0.003879	-0.925984	0.067733	-0.371437
28812	9.013806	0.131621	-3.870938	-0.015326	0.043966	0.015121	-0.370332	0.023003	0.928615	0.071594	0.997426	0.003845	-0.926136	0.067907	-0.371026
28813	8.995603	0.162744	-3.809053	-0.012352	0.045818	0.017157	-0.369935	0.023076	0.928771	0.071751	0.997415	0.003798	-0.926283	0.068045	-0.370634
28814	9.000885	0.098718	-3.768592	-0.044084	0.043797	0.019152	-0.369516	0.023188	0.928935	0.072222	0.997381	0.003832	-0.926413	0.068506	-0.370223
28815	9.063649	0.019029	-3.678836	-0.019692	0.049950	0.020774	-0.369078	0.023300	0.929106	0.072474	0.997363	0.003777	-0.926568	0.068730	-0.369794
28816	9.068386	0.000908	-3.622633	-0.011479	0.048343	0.013295	-0.368621	0.023351	0.929286	0.072622	0.997353	0.003746	-0.926739	0.068867	-0.369341
28817	9.093346	-0.072500	-3.632052	-0.000776	0.047355	0.015371	-0.368209	0.023426	0.929448	0.072709	0.997346	0.003667	-0.926896	0.068930	-0.368935
28818	9.158170	0.027228	-3.620759	0.028437	0.046075	0.008994	-0.367776	0.023436	0.929619	0.072471	0.997364	0.003528	-0.927086	0.068668	-0.368505
28819	9.113955	0.123949	-3.604500	0.012563	0.045965	0.010117	-0.367381	0.023445	0.929775	0.072385	0.997371	0.003452	-0.927250	0.068570	-0.368112
28820	9.070893	0.128082	-3.619027	0.006934	0.046297	0.015691	-0.366941	0.023521	0.929947	0.072370	0.997372	0.003330	-0.927425	0.068522	-0.367679
28821	9.069792	0.143817	-3.666585	0.002257	0.046447	0.011383	-0.366539	0.023538	0.930105	0.072377	0.997372	0.003282	-0.927583	0.068521	-0.367279
28822	9.042026	0.121404	-3.599044	-0.010602	0.041003	0.013378	-0.366150	0.023595	0.930257	0.072517	0.997362	0.003246	-0.927726	0.068648	-0.366895
28823	9.109095	0.036479	-3.649376	0.005288	0.047350	0.007704	-0.365744	0.023565	0.930417	0.072460	0.997366	0.003223	-0.927891	0.068597	-0.366488
28824	9.151970	0.116511	-3.654916	0.002689	0.048600	0.009594	-0.365286	0.023579	0.930597	0.072463	0.997366	0.003173	-0.928071	0.068593	-0.366033
28825	9.198416	0.110072	-3.631726	-0.001128	0.046847	0.006269	-0.364885	0.023538	0.930755	0.072466	0.997366	0.003187	-0.928228	0.068611	-0.365630
28826	9.186432	0.211996	-3.627341	-0.005910	0.045275	0.012823	-0.364457	0.023586	0.930922	0.072561	0.997359	0.003138	-0.928389	0.068692	-0.365206
28827	9.133637	0.209708	-3.620706	-0.022259	0.048390	0.016575	-0.364033	0.023655	0.931086	0.072815	0.997341	0.003131	-0.928536	0.068937	-0.364787
28828	9.161400	0.096296	-3.586141	-0.021373	0.041086	0.016690	-0.363640	0.023744	0.931237	0.073067	0.997322	0.003103	-0.928670	0.069171	-0.364401
28829	9.172816	0.102262	-3.603373	-0.005130	0.044279	0.019538	-0.363249	0.023859	0.931387	0.073204	0.997312	0.003002	-0.928812	0.069272	-0.364019
28830	9.128814	0.175692	-3.595411	-0.003865	0.038289	0.023300	-0.362877	0.024016	0.931527	0.073317	0.997305	0.002849	-0.928948	0.069331	-0.363660
28831	9.105196	0.217146	-3.645149	-0.015891	0.044388	0.022856	-0.362484	0.024148	0.931677	0.073533	0.997289	0.002760	-0.929084	0.069510	-0.363277
28832	9.088126	0.108593	-3.629775	-0.026242	0.040424	0.028948	-0.362088	0.024360	0.931825	0.073875	0.997264	0.002635	-0.929212	0.069793	-0.362897
28833	9.058236	0.033013	-3.637562	-0.024560	0.040196	0.031504	-0.361729	0.024583	0.931959	0.074206	0.997240	0.002497	-0.929325	0.070060	-0.362555
28834	9.094130	0.040980	-3.586064	-0.005252	0.040706	0.030117	-0.361329	0.024806	0.932108	0.074356	0.997229	0.002285	-0.929469	0.070133	-0.362172
28835	9.149507	0.086130	-3.569270	-0.012553	0.035868	0.032239	-0.361010	0.025032	0.932226	0.074563	0.997214	0.002097	-0.929576	0.070266	-0.361871
28836	9.163450	0.050483	-3.543020	-0.019431	0.036794	0.033157	-0.360644	0.025289	0.932361	0.074856	0.997193	0.001908	-0.929695	0.070480	-0.361524
28837	9.142712	0.028130	-3.556945	-0.021946	0.035321	0.029025	-0.360329	0.025502	0.932477	0.075178	0.997169	0.001779	-0.929791	0.070743	-0.361226
28838	9.156039	0.039108	-3.515364	-0.019426	0.034982	0.032863	-0.359979	0.025756	0.932605	0.075470	0.997147	0.001592	-0.929903	0.070957	-0.360896
28839	9.179716	0.010711	-3.510613	-0.020696	0.029322	0.032783	-0.359718	0.026004	0.932699	0.075780	0.997124	0.001426	-0.929979	0.071193	-0.360654
28840	9.158720	-0.011389	-3.525180	-0.016269	0.029585	0.022596	-0.359427	0.026160	0.932807	0.076005	0.997107	0.001323	-0.930073	0.071374	-0.360375
28841	9.117007	0.021888	-3.474378	-0.017184	0.028817	0.026746	-0.359175	0.026346	0.932898	0.076256	0.997088	0.001201	-0.930150	0.071571	-0.360138
28842	9.073546	0.002872	-3.499008	-0.018437	0.019576	0.026081	-0.358974	0.026543	0.932970	0.076514	0.997068	0.001073	-0.930206	0.071771	-0.359952
28843	9.074458	-0.021690	-3.505005	-0.027824	0.019051	0.022859	-0.358814	0.026684	0.933027	0.076823	0.997044	0.001029	-0.930242	0.072047	-0.359804
28844	9.112260	-0.099434	-3.427172	-0.025196	0.012415	0.020100	-0.358684	0.026827	0.933073	0.077122	0.997021	0.000981	-0.930267	0.072313	-0.359685
28845	9.144943	-0.096312	-3.437585	-0.012290	0.012443	0.017290	-0.358590	0.026923	0.933107	0.077277	0.997009	0.000931	-0.930291	0.072441	-0.359598
28846	9.134377	-0.011856	-3.384495	-0.005319	0.008797	0.010364	-0.358502	0.026971	0.933139	0.077356	0.997003	0.000902	-0.930319	0.072508	-0.359514
28847	9.131908	0.051023	-3.420106	-0.012629	0.003973	0.012471	-0.358489	0.027022	0.933143	0.077487	0.996993	0.000898	-0.930312	0.072629	-0.359505
28848	9.107822	0.048035	-3.488655	-0.029282	0.006680	0.007093	-0.358423	0.027039	0.933168	0.077778	0.996970	0.000986	-0.930314	0.072934	-0.359440
28849	9.108615	-0.020942	-3.511635	-0.033990	0.000601	0.007317	-0.358447	0.027042	0.933159	0.078093	0.996945	0.001107	-0.930278	0.073270	-0.359463
28850	9.084309	-0.023436	-3.580774	-0.014656	-0.002480	0.005382	-0.358466	0.027049	0.933151	0.078242	0.996934	0.001159	-0.930258	0.073427	-0.359484
28851	9.113854	0.044273	-3.628609	-0.005650	-0.001467	0.005252	-0.358511	0.027023	0.933134	0.078264	0.996932	0.001199	-0.930239	0.073460	-0.359526
28852	9.046338	0.122363	-3.634128	-0.013437	-0.003092	0.010018	-0.358533	0.027076	0.933124	0.078418	0.996920	0.001203	-0.930218	0.073605	-0.359552
28853	9.079172	0.056989	-3.669237	-0.025428	-0.002359	0.008674	-0.358580	0.027110	0.933105	0.078691	0.996898	0.001277	-0.930176	0.073885	-0.359602
28854	9.059488	-0.003629	-3.642862	-0.019856	-0.001775	0.008852	-0.358591	0.027151	0.933100	0.078900	0.996882	0.001315	-0.930154	0.074093	-0.359615
28855	9.069242	0.026303	-3.656271	-0.010469	-0.001261	0.012077	-0.358627	0.027200	0.933085	0.079008	0.996873	0.001307	-0.930131	0.074190	-0.359655
28856	9.071244	0.031418	-3.596821	-0.014752	0.000216	0.011399	-0.358617	0.027265	0.933087	0.079179	0.996860	0.001303	-0.930121	0.074348	-0.359650
28857	9.113852	0.019023	-3.636957	-0.015234	0.005206	0.014355	-0.358588	0.027362	0.933095	0.079404	0.996842	0.001284	-0.930113	0.074551	-0.359628
28858	9.106145	-0.006308	-3.563960	-0.013913	0.000099	0.012678	-0.358578	0.027439	0.933096	0.079571	0.996828	0.001265	-0.930102	0.074701	-0.359624
28859	9.140458	0.002950	-3.515942	-0.001384	0.000635	0.006518	-0.358600	0.027443	0.933088	0.079599	0.996826	0.001273	-0.930091	0.074729	-0.359646
28860	9.172462	0.029634	-3.519860	-0.003119	-0.005399	0.008503	-0.358645	0.027483	0.933069	0.079651	0.996822	0.001255	-0.930070	0.074770	-0.359694
28861	9.127772	0.034963	-3.539409	0.005049	-0.004272	0.007093	-0.358712	0.027480	0.933044	0.079586	0.996827	0.001238	-0.930049	0.074701	-0.359761
28862	9.094944	0.076069	-3.512701	0.004131	-0.005044	0.011242	-0.358752	0.027547	0.933027	0.079580	0.996828	0.001168	-0.930035	0.074670	-0.359806
28863	9.147235	0.070498	-3.574765	0.003765	-0.008128	0.007298	-0.358853	0.027571	0.932987	0.079573	0.996828	0.001148	-0.929996	0.074653	-0.359909
28864	9.047006	0.190220	-3.553451	0.003292	-0.004930	0.009962	-0.358892	0.027626	0.932970	0.079571	0.996829	0.001093	-0.929981	0.074630	-0.359952
28865	9.142229	0.126661	-3.671336	-0.015655	-0.004141	0.014960	-0.358951	0.027717	0.932945	0.079762	0.996813	0.001074	-0.929942	0.074799	-0.360018
28866	9.095531	0.149446	-3.742034	-0.013933	0.005476	0.013563	-0.358891	0.027799	0.932966	0.079933	0.996800	0.001047	-0.929951	0.074950	-0.359964
28867	9.053371	0.137438	-3.709115	-0.028586	0.001200	0.018649	-0.358897	0.027934	0.932959	0.080279	0.996772	0.001037	-0.929918	0.075269	-0.359981
28868	9.064315	0.051095	-3.760954	-0.014491	0.009572	0.021951	-0.358791	0.028097	0.932995	0.080485	0.996755	0.000934	-0.929941	0.075427	-0.359889
28869	9.041992	0.121860	-3.745994	-0.010689	0.013078	0.025587	-0.358682	0.028285	0.933031	0.080676	0.996740	0.000797	-0.929967	0.075560	-0.359794
28870	9.045214	0.033207	-3.716544	-0.014971	0.014556	0.024908	-0.358527	0.028474	0.933085	0.080898	0.996722	0.000668	-0.930007	0.075724	-0.359655
28871	9.065652	0.091832	-3.741374	-0.001706	0.021247	0.026639	-0.358342	0.028664	0.933150	0.081004	0.996714	0.000490	-0.930070	0.075764	-0.359486
28872	9.120815	0.136681	-3.725464	-0.011660	0.026625	0.032093	-0.358069	0.028915	0.933247	0.081220	0.996696	0.000281	-0.930156	0.075899	-0.359235
28873	9.112188	0.080768	-3.717400	-0.013816	0.031838	0.032491	-0.357778	0.029165	0.933351	0.081480	0.996675	0.000089	-0.930245	0.076081	-0.358965
28874	9.091017	0.104217	-3.716218	-0.005730	0.032060	0.036513	-0.357451	0.029456	0.933467	0.081656	0.996661	-0.000182	-0.930355	0.076159	-0.358663
28875	9.094264	0.106566	-3.653629	-0.002768	0.035670	0.038871	-0.357120	0.029759	0.933584	0.081819	0.996647	-0.000471	-0.930468	0.076216	-0.358358
28876	9.053290	0.068879	-3.625840	-0.008339	0.033293	0.038390	-0.356780	0.030067	0.933704	0.082026	0.996630	-0.000750	-0.930580	0.076321	-0.358044
28877	9.143623	0.029974	-3.592118	0.002427	0.036735	0.035699	-0.356441	0.030343	0.933825	0.082141	0.996620	-0.001030	-0.930700	0.076338	-0.357729
28878	9.179097	0.059275	-3.532731	0.007994	0.039091	0.036179	-0.356049	0.030625	0.933966	0.082189	0.996616	-0.001347	-0.930846	0.076282	-0.357361
28879	9.202813	0.052448	-3.519283	-0.001964	0.044466	0.041620	-0.355633	0.030933	0.934113	0.082323	0.996604	-0.001661	-0.930993	0.076309	-0.356972
28880	9.226700	0.022594	-3.513450	-0.001035	0.043443	0.037177	-0.355200	0.031222	0.934269	0.082458	0.996593	-0.001955	-0.931147	0.076344	-0.356564
28881	9.217776	0.058234	-3.473039	0.005853	0.037118	0.035393	-0.354858	0.031491	0.934390	0.082534	0.996586	-0.002243	-0.931270	0.076323	-0.356245
28882	9.197006	0.035000	-3.487025	0.000738	0.038717	0.033423	-0.354471	0.031746	0.934528	0.082639	0.996576	-0.002509	-0.931408	0.076339	-0.355881
28883	9.143737	0.030969	-3.481942	0.001113	0.034623	0.036186	-0.354151	0.032013	0.934640	0.082734	0.996568	-0.002785	-0.931521	0.076340	-0.355584
28884	9.112681	0.000617	-3.475246	0.001577	0.035004	0.034113	-0.353798	0.032277	0.934765	0.082833	0.996559	-0.003060	-0.931647	0.076347	-0.355254
28885	9.148158	-0.039104	-3.439606	0.003346	0.033867	0.030954	-0.353487	0.032519	0.934874	0.082946	0.996549	-0.003301	-0.931755	0.076377	-0.354965
28886	9.137314	-0.031829	-3.467181	0.006316	0.033888	0.032727	-0.353146	0.032771	0.934994	0.082996	0.996543	-0.003580	-0.931880	0.076336	-0.354645
28887	9.138470	-0.058154	-3.472128	0.011062	0.029203	0.030754	-0.352879	0.033012	0.935086	0.083033	0.996539	-0.003847	-0.931977	0.076286	-0.354399
28888	9.117217	-0.035215	-3.471314	0.014865	0.029103	0.033811	-0.352581	0.033279	0.935189	0.083007	0.996540	-0.004167	-0.932092	0.076158	-0.354124
28889	9.160892	-0.050868	-3.508752	0.017467	0.029633	0.032231	-0.352309	0.033521	0.935283	0.082960	0.996543	-0.004467	-0.932199	0.076017	-0.353872
28890	9.149832	0.025227	-3.513170	0.019599	0.031559	0.033017	-0.351989	0.033777	0.935395	0.082887	0.996547	-0.004795	-0.932327	0.075844	-0.353573
28891	9.161075	0.051845	-3.523604	0.010118	0.028401	0.034891	-0.351726	0.034038	0.935484	0.082896	0.996545	-0.005092	-0.932425	0.075757	-0.353332
28892	9.172330	0.055392	-3.542008	0.008813	0.028127	0.035679	-0.351435	0.034323	0.935583	0.082933	0.996540	-0.005407	-0.932532	0.075690	-0.353066
28893	9.139278	0.065200	-3.579872	0.012613	0.028021	0.038738	-0.351174	0.034618	0.935670	0.082922	0.996539	-0.005748	-0.932631	0.075570	-0.352829
28894	9.152131	0.097131	-3.530994	-0.000782	0.027641	0.043562	-0.350881	0.034983	0.935766	0.083076	0.996525	-0.006103	-0.932728	0.075598	-0.352568
28895	9.163625	0.054150	-3.564655	-0.004590	0.036666	0.041968	-0.350534	0.035324	0.935884	0.083283	0.996505	-0.006418	-0.932840	0.075693	-0.352251
28896	9.122173	0.016433	-3.537138	-0.014546	0.031339	0.045613	-0.350205	0.035706	0.935992	0.083572	0.996479	-0.006745	-0.932938	0.075860	-0.351955
28897	9.136723	-0.038324	-3.459639	-0.017628	0.032191	0.049552	-0.349895	0.036104	0.936093	0.083880	0.996451	-0.007079	-0.933026	0.076042	-0.351681
28898	9.127505	-0.072527	-3.443589	-0.009449	0.031479	0.047885	-0.349562	0.036508	0.936202	0.084129	0.996427	-0.007444	-0.933128	0.076159	-0.351385
28899	9.129994	-0.071057	-3.381417	-0.001742	0.026805	0.047702	-0.349302	0.036905	0.936283	0.084310	0.996409	-0.007821	-0.933209	0.076206	-0.351159
28900	9.173628	-0.064508	-3.411127	-0.001745	0.026795	0.047701	-0.349013	0.037311	0.936375	0.084486	0.996391	-0.008212	-0.933302	0.076245	-0.350906
28901	9.153797	-0.059841	-3.359161	-0.010406	0.021745	0.050551	-0.348801	0.037711	0.936438	0.084693	0.996370	-0.008578	-0.933362	0.076318	-0.350728
28902	9.197125	-0.099567	-3.405192	-0.006972	0.016786	0.049377	-0.348603	0.038142	0.936494	0.084924	0.996347	-0.008967	-0.933415	0.076405	-0.350569
28903	9.132755	-0.111305	-3.381250	0.000380	0.017980	0.046726	-0.348428	0.038507	0.936544	0.085020	0.996335	-0.009334	-0.933472	0.076373	-0.350425
28904	9.176169	-0.058482	-3.396244	-0.001761	0.014264	0.045640	-0.348257	0.038902	0.936591	0.085189	0.996318	-0.009706	-0.933520	0.076407	-0.350289
28905	9.175143	-0.045135	-3.446840	-0.006988	0.009626	0.048197	-0.348154	0.039321	0.936612	0.085431	0.996293	-0.010071	-0.933537	0.076509	-0.350223
28906	9.163821	-0.038742	-3.476393	-0.013385	0.016342	0.047879	-0.347962	0.039737	0.936666	0.085716	0.996265	-0.010423	-0.933582	0.076660	-0.350068
28907	9.153874	-0.072799	-3.461903	-0.018136	0.013881	0.048658	-0.347822	0.040126	0.936701	0.085994	0.996238	-0.010745	-0.933608	0.076813	-0.349964
28908	9.197299	-0.042729	-3.484800	-0.017659	0.016049	0.046881	-0.347633	0.040532	0.936754	0.086315	0.996206	-0.011073	-0.933649	0.077007	-0.349813
28909	9.186570	0.056374	-3.482629	-0.015999	0.017567	0.049742	-0.347457	0.040946	0.936802	0.086613	0.996177	-0.011416	-0.933687	0.077172	-0.349675
28910	9.164966	0.032990	-3.498738	-0.034035	0.015681	0.049894	-0.347268	0.041382	0.936852	0.087097	0.996131	-0.011715	-0.933712	0.077529	-0.349529
28911	9.154866	-0.024060	-3.492112	-0.031200	0.014756	0.057098	-0.347108	0.041896	0.936889	0.087616	0.996081	-0.012082	-0.933723	0.077893	-0.349419
28912	9.156357	-0.091822	-3.454877	-0.030253	0.013749	0.052662	-0.346935	0.042361	0.936932	0.088075	0.996036	-0.012420	-0.933745	0.078211	-0.349291
28913	9.179113	-0.076458	-3.435700	-0.017907	0.019497	0.058607	-0.346731	0.042870	0.936984	0.088441	0.995999	-0.012843	-0.933786	0.078415	-0.349135
28914	9.157343	-0.100824	-3.452011	-0.015805	0.010703	0.057627	-0.346581	0.043387	0.937016	0.088782	0.995963	-0.013278	-0.933809	0.078588	-0.349034
28915	9.179610	-0.132217	-3.448961	-0.017102	0.013992	0.059001	-0.346429	0.043899	0.937049	0.089130	0.995926	-0.013706	-0.933833	0.078771	-0.348930
28916	9.147638	-0.117432	-3.428880	-0.017119	0.010415	0.058408	-0.346281	0.044424	0.937079	0.089485	0.995888	-0.014144	-0.933853	0.078957	-0.348832
28917	9.146594	-0.127791	-3.487292	-0.011530	0.014496	0.059212	-0.346122	0.044934	0.937113	0.089773	0.995855	-0.014593	-0.933885	0.079077	-0.348721
28918	9.158768	-0.120258	-3.447605	-0.011557	0.009136	0.058323	-0.345986	0.045459	0.937138	0.090076	0.995821	-0.015050	-0.933906	0.079207	-0.348635
28919	9.126970	-0.082446	-3.419864	-0.016302	0.010248	0.059686	-0.345863	0.046001	0.937157	0.090463	0.995779	-0.015492	-0.933914	0.079420	-0.348565
28920	9.159572	-0.106880	-3.437856	-0.020567	0.011758	0.058980	-0.345701	0.046530	0.937190	0.090853	0.995737	-0.015924	-0.933936	0.079641	-0.348455
28921	9.147322	-0.193432	-3.499089	-0.013684	0.012532	0.058410	-0.345561	0.047025	0.937217	0.091141	0.995704	-0.016355	-0.933960	0.079767	-0.348362
28922	9.137388	-0.182056	-3.469315	-0.015361	0.009227	0.055247	-0.345426	0.047519	0.937242	0.091469	0.995667	-0.016770	-0.933978	0.079936	-0.348276
28923	9.159095	-0.236267	-3.474518	-0.012276	0.008362	0.051313	-0.345328	0.047979	0.937255	0.091788	0.995631	-0.017148	-0.933983	0.080107	-0.348223
28924	9.194528	-0.226244	-3.365833	-0.011807	0.006972	0.048947	-0.345219	0.048412	0.937273	0.092061	0.995599	-0.017516	-0.933996	0.080239	-0.348157
28925	9.260820	-0.241288	-3.335648	-0.003131	0.008408	0.045528	-0.345130	0.048761	0.937287	0.092158	0.995584	-0.017858	-0.934019	0.080215	-0.348100
28926	9.260276	-0.204445	-3.378479	-0.002158	0.010984	0.041688	-0.344991	0.049118	0.937320	0.092316	0.995564	-0.018192	-0.934055	0.080253	-0.347995
28927	9.281527	-0.193678	-3.419346	-0.022685	0.009584	0.037965	-0.344897	0.049402	0.937340	0.092593	0.995534	-0.018399	-0.934063	0.080445	-0.347930
28928	9.280090	-0.225067	-3.485959	-0.008922	0.009351	0.036537	-0.344777	0.049709	0.937367	0.092796	0.995510	-0.018661	-0.934087	0.080550	-0.347842
28929	9.206030	-0.149784	-3.410531	-0.003495	0.007137	0.041876	-0.344696	0.050077	0.937378	0.093002	0.995485	-0.018983	-0.934096	0.080634	-0.347797
28930	9.139346	-0.188599	-3.455448	0.001219	0.002438	0.039919	-0.344638	0.050424	0.937380	0.093121	0.995467	-0.019312	-0.934105	0.080635	-0.347771
28931	9.117968	-0.142537	-3.449354	0.008907	-0.000495	0.040044	-0.344628	0.050800	0.937364	0.093249	0.995449	-0.019664	-0.934096	0.080632	-0.347796
28932	9.096224	-0.119575	-3.451302	-0.002724	-0.000139	0.041971	-0.344592	0.051169	0.937357	0.093413	0.995427	-0.019998	-0.934093	0.080670	-0.347796
28933	9.107023	-0.180092	-3.436225	-0.011710	0.004304	0.042924	-0.344540	0.051523	0.937357	0.093642	0.995399	-0.020294	-0.934090	0.080783	-0.347779
28934	9.127876	-0.256465	-3.450083	-0.011284	-0.002423	0.039668	-0.344527	0.051871	0.937342	0.093877	0.995371	-0.020577	-0.934071	0.080906	-0.347802
28935	9.127359	-0.282614	-3.458124	-0.008993	0.000420	0.035047	-0.344516	0.052152	0.937331	0.094058	0.995349	-0.020809	-0.934057	0.080994	-0.347819
28936	9.181514	-0.309308	-3.467075	0.004800	0.003732	0.034214	-0.344451	0.052441	0.937338	0.094124	0.995337	-0.021097	-0.934074	0.080959	-0.347781
28937	9.183510	-0.196976	-3.427210	-0.001622	0.001584	0.032414	-0.344432	0.052719	0.937330	0.094279	0.995317	-0.021336	-0.934065	0.081022	-0.347789
28938	9.105996	-0.241834	-3.451773	0.002602	-0.003520	0.032524	-0.344436	0.052997	0.937313	0.094361	0.995304	-0.021601	-0.934056	0.081005	-0.347819
28939	9.128980	-0.115603	-3.454151	0.008197	-0.001240	0.033039	-0.344439	0.053288	0.937295	0.094438	0.995290	-0.021881	-0.934047	0.080980	-0.347849
28940	9.128913	-0.118763	-3.454219	-0.000814	-0.000346	0.033399	-0.344413	0.053572	0.937289	0.094554	0.995273	-0.022142	-0.934045	0.080999	-0.347850
28941	9.171995	-0.111546	-3.486083	0.000996	0.002096	0.030846	-0.344393	0.053799	0.937283	0.094601	0.995264	-0.022367	-0.934047	0.080965	-0.347851
28942	9.150896	-0.128350	-3.444271	-0.009017	-0.001374	0.034746	-0.344375	0.054097	0.937272	0.094799	0.995240	-0.022612	-0.934034	0.081065	-0.347864
28943	9.214659	-0.193806	-3.490078	-0.011801	0.003156	0.028137	-0.344345	0.054313	0.937271	0.094994	0.995217	-0.022771	-0.934025	0.081194	-0.347858
28944	9.160546	-0.236604	-3.445070	-0.002128	-0.000623	0.034180	-0.344321	0.054605	0.937263	0.095125	0.995199	-0.023034	-0.934021	0.081226	-0.347862
28945	9.160894	-0.280399	-3.401484	-0.009021	-0.001385	0.034744	-0.344326	0.054890	0.937244	0.095319	0.995175	-0.023265	-0.933999	0.081326	-0.347897
28946	9.192294	-0.326461	-3.428730	0.010758	-0.006096	0.030578	-0.344356	0.055151	0.937218	0.095317	0.995169	-0.023539	-0.933988	0.081227	-0.347949
28947	9.194877	-0.191072	-3.381633	0.008639	-0.004436	0.030374	-0.344397	0.055374	0.937190	0.095282	0.995166	-0.023785	-0.933976	0.081106	-0.348008
28948	9.171685	-0.236184	-3.407733	-0.000728	-0.004762	0.027087	-0.344418	0.055598	0.937169	0.095376	0.995152	-0.023987	-0.933959	0.081122	-0.348051
28949	9.192036	-0.247630	-3.457974	-0.005843	-0.006634	0.024505	-0.344483	0.055784	0.937134	0.095497	0.995137	-0.024133	-0.933923	0.081180	-0.348135
28950	9.225288	-0.264148	-3.417870	-0.009592	-0.002903	0.022030	-0.344491	0.055957	0.937121	0.095655	0.995119	-0.024256	-0.933904	0.081285	-0.348162
28951	9.201607	-0.330873	-3.451838	-0.013737	-0.003963	0.015315	-0.344541	0.056041	0.937097	0.095803	0.995104	-0.024286	-0.933870	0.081409	-0.348223
28952	9.222321	-0.445929	-3.422512	0.000029	-0.004239	0.013887	-0.344569	0.056134	0.937081	0.095844	0.995098	-0.024367	-0.933855	0.081418	-0.348260
28953	9.223621	-0.377809	-3.399175	0.017834	-0.006341	0.004098	-0.344652	0.056105	0.937052	0.095649	0.995116	-0.024401	-0.933845	0.081218	-0.348335
28954	9.226317	-0.304215	-3.316433	0.021260	-0.007748	0.003518	-0.344723	0.056097	0.937027	0.095456	0.995133	-0.024459	-0.933839	0.081013	-0.348400
28955	9.224571	-0.310491	-3.376772	0.021707	-0.010906	0.000857	-0.344850	0.056047	0.936983	0.095230	0.995154	-0.024478	-0.933815	0.080787	-0.348516
28956	9.169783	-0.246381	-3.412127	0.023181	-0.007914	-0.005047	-0.344930	0.055955	0.936959	0.094989	0.995178	-0.024462	-0.933809	0.080563	-0.348582
28957	9.113590	-0.187340	-3.506944	0.016289	-0.008665	-0.004480	-0.345043	0.055838	0.936924	0.094769	0.995200	-0.024410	-0.933790	0.080369	-0.348679
28958	9.035678	-0.228897	-3.532122	0.008572	-0.009272	-0.005196	-0.345137	0.055745	0.936896	0.094664	0.995212	-0.024342	-0.933766	0.080289	-0.348761
28959	9.011385	-0.253459	-3.610208	0.000730	-0.009048	-0.000198	-0.345242	0.055722	0.936858	0.094714	0.995208	-0.024289	-0.933722	0.080348	-0.348865
28960	9.075571	-0.334108	-3.605314	0.001680	-0.010022	-0.004629	-0.345341	0.055635	0.936827	0.094676	0.995214	-0.024202	-0.933689	0.080337	-0.348956
28961	9.086374	-0.367840	-3.582935	0.010803	-0.000253	-0.003216	-0.345372	0.055541	0.936821	0.094548	0.995227	-0.024148	-0.933691	0.080234	-0.348975
28962	9.078414	-0.259381	-3.522430	0.019488	0.001159	-0.006636	-0.345369	0.055426	0.936829	0.094336	0.995249	-0.024104	-0.933713	0.080052	-0.348957
28963	9.121502	-0.313011	-3.518436	0.011431	0.001100	-0.010701	-0.345393	0.055265	0.936829	0.094193	0.995265	-0.023984	-0.933719	0.079959	-0.348964
28964	9.209822	-0.264030	-3.514549	0.020998	0.007710	-0.011950	-0.345335	0.055091	0.936861	0.093949	0.995290	-0.023896	-0.933765	0.079765	-0.348884
28965	9.136000	-0.207174	-3.447008	0.009030	0.008653	-0.013368	-0.345292	0.054892	0.936889	0.093808	0.995307	-0.023742	-0.933795	0.079690	-0.348821
28966	9.188994	-0.298825	-3.478845	-0.003601	0.012469	-0.021193	-0.345197	0.054622	0.936939	0.093762	0.995318	-0.023481	-0.933835	0.079744	-0.348702
28967	9.257910	-0.320504	-3.337055	0.004580	0.011695	-0.022841	-0.345135	0.054326	0.936980	0.093626	0.995337	-0.023223	-0.933872	0.079710	-0.348612
28968	9.295088	-0.298924	-3.168770	0.019706	0.003716	-0.031952	-0.345132	0.053956	0.937002	0.093325	0.995371	-0.022942	-0.933903	0.079527	-0.348570
28969	9.406711	-0.245876	-3.095905	0.009441	-0.003593	-0.037702	-0.345224	0.053532	0.936992	0.093112	0.995400	-0.022563	-0.933890	0.079456	-0.348620
28970	9.354966	-0.166754	-3.011739	-0.013671	-0.001866	-0.039260	-0.345279	0.053094	0.936997	0.093098	0.995412	-0.022098	-0.933871	0.079602	-0.348638
28971	9.231554	-0.352498	-3.051995	-0.029030	-0.009275	-0.047294	-0.345431	0.052594	0.936969	0.093243	0.995411	-0.021499	-0.933801	0.079939	-0.348750
28972	9.133332	-0.229186	-3.092222	-0.010342	-0.027270	-0.049401	-0.345733	0.052076	0.936887	0.093162	0.995431	-0.020951	-0.933697	0.080039	-0.349005
28973	9.111225	-0.109784	-3.124875	-0.027338	-0.032632	-0.059707	-0.346114	0.051476	0.936779	0.093257	0.995436	-0.020243	-0.933546	0.080355	-0.349335
28974	9.151186	-0.208060	-3.199446	-0.047732	-0.033046	-0.068839	-0.346488	0.050769	0.936679	0.093458	0.995435	-0.019382	-0.933387	0.080824	-0.349651
28975	9.180710	-0.311809	-3.253435	-0.051782	-0.036771	-0.081568	-0.346930	0.049927	0.936561	0.093644	0.995436	-0.018377	-0.933204	0.081328	-0.350022
28976	9.251402	-0.432451	-3.407375	-0.066277	-0.039042	-0.087431	-0.347378	0.049039	0.936442	0.093952	0.995427	-0.017276	-0.933007	0.081980	-0.350397
28977	9.300465	-0.612272	-3.535863	-0.057999	-0.042449	-0.095106	-0.347888	0.048042	0.936304	0.094091	0.995433	-0.016115	-0.932803	0.082491	-0.350820
28978	9.231545	-0.727940	-3.616511	-0.060482	-0.027167	-0.111062	-0.348248	0.046910	0.936228	0.094262	0.995437	-0.014814	-0.932651	0.083092	-0.351081
28979	9.327372	-0.710357	-3.712374	-0.018834	-0.028599	-0.132263	-0.348660	0.045573	0.936141	0.093993	0.995482	-0.013455	-0.932524	0.083300	-0.351368
28980	9.405147	-0.498614	-3.694362	0.005517	-0.024016	-0.145122	-0.349022	0.044099	0.936076	0.093429	0.995553	-0.012066	-0.932446	0.083245	-0.351590
28981	9.476623	-0.307011	-3.913399	0.001584	-0.004633	-0.153975	-0.349229	0.042522	0.936072	0.092882	0.995621	-0.010574	-0.932423	0.083252	-0.351649
28982	9.423470	-0.199327	-3.880048	-0.004902	0.006223	-0.168176	-0.349328	0.040793	0.936112	0.092334	0.995688	-0.008933	-0.932440	0.083314	-0.351589
28983	9.349395	-0.284260	-3.808816	-0.011713	0.000914	-0.173933	-0.349500	0.039024	0.936123	0.091866	0.995745	-0.007212	-0.932422	0.083477	-0.351598
28984	9.375536	-0.440007	-3.683803	0.022457	0.006323	-0.185600	-0.349613	0.037122	0.936159	0.091001	0.995836	-0.005504	-0.932464	0.083267	-0.351535
28985	9.492742	-0.511634	-3.428047	0.053268	0.003335	-0.203900	-0.349788	0.035051	0.936173	0.089816	0.995951	-0.003731	-0.932514	0.082778	-0.351520
28986	9.679622	-0.511646	-3.000608	0.054867	-0.008045	-0.223367	-0.350063	0.032784	0.936152	0.088516	0.996073	-0.001783	-0.932535	0.082240	-0.351591
28987	9.801525	-0.838357	-2.663302	0.040081	-0.023741	-0.260632	-0.350534	0.030155	0.936064	0.087221	0.996189	0.000571	-0.932480	0.081844	-0.351828
28988	10.084147	-1.120843	-2.066830	0.085465	-0.088081	-0.309495	-0.351624	0.027094	0.935749	0.085331	0.996348	0.003216	-0.932244	0.080979	-0.352651
28989	10.226411	-1.240180	-1.407052	0.121967	-0.156268	-0.364326	-0.353404	0.023552	0.935174	0.082928	0.996536	0.006242	-0.931788	0.079758	-0.354133
28990	10.494409	-1.567835	-0.798399	0.180012	-0.249169	-0.424138	-0.356071	0.019472	0.934256	0.079740	0.996769	0.009616	-0.931050	0.077921	-0.356473
28991	10.727239	-1.821115	-0.084271	0.280709	-0.367630	-0.493450	-0.359887	0.014802	0.932878	0.075387	0.997066	0.013263	-0.929945	0.075100	-0.359947
28992	10.905826	-1.993724	0.723762	0.364758	-0.498659	-0.570700	-0.364936	0.009427	0.930985	0.069922	0.997402	0.017309	-0.928403	0.071413	-0.364647
28993	11.531751	-2.178755	1.179667	0.582575	-0.557087	-0.670201	-0.370552	0.003119	0.928807	0.062128	0.997838	0.021435	-0.926732	0.065648	-0.369944
28994	11.756938	-1.577050	1.476645	0.830057	-0.547767	-0.779802	-0.376067	-0.004376	0.926582	0.051523	0.998343	0.025626	-0.925159	0.057377	-0.375218
28995	11.963247	-1.362756	1.511574	0.797025	-0.577448	-0.855773	-0.381794	-0.012626	0.924161	0.040960	0.998693	0.030566	-0.923339	0.049524	-0.380778
28996	12.093679	-0.924419	1.248214	0.908135	-0.519931	-0.857783	-0.386891	-0.021008	0.921886	0.029277	0.998957	0.035051	-0.921661	0.040551	-0.385872
28997	11.286514	-0.016905	0.353825	0.964020	-0.512069	-0.815431	-0.391777	-0.028971	0.919604	0.017293	0.999096	0.038843	-0.919898	0.031120	-0.390921
28998	10.833211	1.579802	-0.533601	0.859617	-0.628195	-0.732772	-0.397633	-0.036172	0.916831	0.006494	0.999087	0.042233	-0.917522	0.022747	-0.397035
28999	10.415826	2.436808	-1.440441	0.567129	-0.673371	-0.594289	-0.403792	-0.041995	0.913886	-0.001057	0.998967	0.045437	-0.914850	0.017382	-0.403420
29000	10.082047	2.419754	-2.370215	0.242850	-0.723567	-0.462504	-0.410384	-0.046545	0.910724	-0.005167	0.998799	0.048718	-0.911898	0.015287	-0.410132
29001	9.815186	2.176191	-3.248241	0.108139	-0.819894	-0.343343	-0.417792	-0.049866	0.907173	-0.007527	0.998648	0.051427	-0.908512	0.014657	-0.417602
29002	9.794296	2.240549	-4.018262	-0.095425	-0.883385	-0.244678	-0.425779	-0.052222	0.903319	-0.007704	0.998506	0.054093	-0.904794	0.016072	-0.425546
29003	9.744754	2.436381	-4.727170	-0.230021	-0.896346	-0.121760	-0.433834	-0.053297	0.899415	-0.006108	0.998400	0.056216	-0.900972	0.018894	-0.433465
29004	9.220113	2.651262	-5.426472	-0.407323	-0.909376	0.015444	-0.442007	-0.052998	0.895445	-0.002390	0.998319	0.057907	-0.897008	0.023455	-0.441391
29005	9.048729	2.855420	-5.723510	-0.593929	-0.895003	0.157944	-0.449987	-0.051226	0.891565	0.003632	0.998240	0.059189	-0.893028	0.029872	-0.449009
29006	8.895904	2.619022	-5.788947	-0.821942	-0.801952	0.270749	-0.457110	-0.048298	0.888098	0.012173	0.998091	0.060546	-0.889327	0.038487	-0.455650
29007	8.815766	1.597632	-5.666400	-1.004675	-0.602550	0.350342	-0.462373	-0.044592	0.885563	0.022694	0.997812	0.062093	-0.886395	0.048808	-0.460350
29008	8.806287	-0.632458	-5.109115	-0.990775	-0.282861	0.342114	-0.464782	-0.041075	0.884472	0.033042	0.997423	0.063684	-0.884808	0.058824	-0.462227
29009	8.756724	-3.718439	-5.070164	-0.575987	0.125728	0.280216	-0.463544	-0.038412	0.885241	0.039428	0.997176	0.063915	-0.885196	0.064531	-0.460721
29010	8.406498	-6.073069	-6.115437	0.306296	0.434731	0.231081	-0.459602	-0.036430	0.887378	0.037767	0.997453	0.060510	-0.887322	0.061324	-0.457055
29011	9.152209	-6.476842	-6.336203	1.485485	0.750614	0.188860	-0.452845	-0.034993	0.890902	0.025409	0.998317	0.052127	-0.891227	0.046242	-0.451194
