// General information: 
//  MT Manager version: 2022.2.0 
//  XDA version: 2022.2.0 build 7381 rev 124627 built on 2023-07-19
// Device information: 
//  DeviceId: 00B4CB9F
//  ProductCode: MTW2-3A7G6
//  Firmware Version: 4.6.0
//  Hardware Version: 2.0.0
// Device settings: 
//  Filter Profile: human(46.1)
//  Option Flags: Orientation Smoother Disabled, Position/Velocity Smoother Disabled, Continuous Zero Rotation Update Disabled, AHS Disabled, ICC Disabled
// Coordinate system: ENU
PacketCounter	Acc_X	Acc_Y	Acc_Z	Gyr_X	Gyr_Y	Gyr_Z	Mat[1][1]	Mat[2][1]	Mat[3][1]	Mat[1][2]	Mat[2][2]	Mat[3][2]	Mat[1][3]	Mat[2][3]	Mat[3][3]
35089	9.710353	0.652063	-0.260300	0.006962	-0.005860	-0.013641	-0.026040	0.064734	0.997563	0.569888	-0.818902	0.068017	0.821309	0.570270	-0.015567
35090	9.778626	0.675610	-0.232772	0.002431	-0.004148	-0.011015	-0.026007	0.064838	0.997557	0.569940	-0.818861	0.068082	0.821275	0.570318	-0.015657
35091	9.757845	0.678718	-0.205683	-0.004416	-0.005570	-0.010252	-0.025962	0.064940	0.997551	0.569957	-0.818845	0.068140	0.821265	0.570330	-0.015754
35092	9.787035	0.667649	-0.161595	-0.010488	-0.003932	-0.008135	-0.025915	0.065019	0.997547	0.569903	-0.818879	0.068179	0.821303	0.570272	-0.015833
35093	9.785748	0.642571	-0.074086	-0.017110	0.001389	-0.011696	-0.025929	0.065095	0.997542	0.569796	-0.818947	0.068251	0.821377	0.570165	-0.015856
35094	9.806371	0.641684	-0.101323	-0.019033	0.002811	-0.011782	-0.025958	0.065165	0.997537	0.569671	-0.819028	0.068328	0.821463	0.570042	-0.015862
35095	9.824601	0.618899	0.001242	-0.015650	0.005583	-0.013138	-0.026018	0.065228	0.997531	0.569580	-0.819084	0.068416	0.821524	0.569954	-0.015842
35096	9.815906	0.600077	-0.024531	-0.008501	0.009633	-0.016274	-0.026129	0.065296	0.997524	0.569540	-0.819101	0.068536	0.821548	0.569921	-0.015787
35097	9.786547	0.613712	-0.068182	-0.007736	0.006647	-0.017121	-0.026223	0.065385	0.997516	0.569532	-0.819096	0.068662	0.821551	0.569918	-0.015759
35098	9.766924	0.613366	-0.081851	0.000610	0.010205	-0.018349	-0.026350	0.065467	0.997507	0.569567	-0.819061	0.068801	0.821523	0.569960	-0.015705
35099	9.786432	0.677442	-0.157315	0.007625	0.009438	-0.013008	-0.026440	0.065507	0.997502	0.569657	-0.818991	0.068884	0.821457	0.570055	-0.015662
35100	9.724311	0.745094	-0.164689	0.005016	0.009726	-0.010297	-0.026518	0.065526	0.997498	0.569730	-0.818935	0.068942	0.821404	0.570133	-0.015616
35101	9.753530	0.764469	-0.164891	-0.003802	0.005733	-0.012800	-0.026575	0.065587	0.997493	0.569711	-0.818941	0.069026	0.821415	0.570117	-0.015602
35102	9.785068	0.715180	-0.158468	-0.011375	0.005233	-0.010218	-0.026615	0.065631	0.997489	0.569649	-0.818979	0.069085	0.821457	0.570058	-0.015589
35103	9.766702	0.709990	-0.214240	-0.015607	0.009567	-0.009966	-0.026688	0.065646	0.997486	0.569549	-0.819044	0.069141	0.821524	0.569963	-0.015530
35104	9.786122	0.682794	-0.153398	-0.013643	0.006087	-0.008906	-0.026728	0.065675	0.997483	0.569469	-0.819096	0.069188	0.821578	0.569885	-0.015507
35105	9.797059	0.695787	-0.210139	-0.012144	0.008221	-0.009371	-0.026788	0.065691	0.997480	0.569417	-0.819128	0.069238	0.821612	0.569837	-0.015463
35106	9.799387	0.658451	-0.248220	-0.010266	0.002816	-0.012465	-0.026821	0.065767	0.997474	0.569364	-0.819158	0.069320	0.821648	0.569786	-0.015474
35107	9.790756	0.639316	-0.274824	-0.001371	-0.003357	-0.010215	-0.026792	0.065855	0.997469	0.569426	-0.819110	0.069374	0.821606	0.569843	-0.015554
35108	9.750478	0.670412	-0.307743	0.000595	-0.006837	-0.009155	-0.026727	0.065959	0.997464	0.569462	-0.819081	0.069422	0.821583	0.569874	-0.015669
35109	9.748004	0.709675	-0.269586	-0.003597	-0.004565	-0.007928	-0.026673	0.066038	0.997461	0.569463	-0.819078	0.069456	0.821584	0.569869	-0.015759
35110	9.788136	0.680482	-0.237502	-0.014765	-0.003587	-0.011070	-0.026646	0.066139	0.997455	0.569373	-0.819134	0.069525	0.821647	0.569776	-0.015831
35111	9.788047	0.651268	-0.191970	-0.023191	0.003017	-0.009590	-0.026665	0.066187	0.997451	0.569220	-0.819236	0.069579	0.821752	0.569625	-0.015830
35112	9.808694	0.620047	-0.173621	-0.021309	0.003660	-0.010479	-0.026694	0.066242	0.997446	0.569077	-0.819330	0.069643	0.821851	0.569483	-0.015826
35113	9.768412	0.620901	-0.159866	-0.017499	0.008928	-0.009076	-0.026760	0.066253	0.997444	0.568973	-0.819398	0.069692	0.821921	0.569384	-0.015769
35114	9.768338	0.591716	-0.113642	-0.015662	0.005586	-0.013145	-0.026820	0.066319	0.997438	0.568875	-0.819458	0.069781	0.821986	0.569289	-0.015750
35115	9.728018	0.593062	-0.100160	-0.013824	0.002244	-0.017216	-0.026874	0.066437	0.997429	0.568759	-0.819528	0.069912	0.822065	0.569175	-0.015763
35116	9.736455	0.645330	-0.118922	-0.009204	-0.003579	-0.017895	-0.026885	0.066594	0.997418	0.568713	-0.819548	0.070048	0.822097	0.569127	-0.015839
35117	9.764382	0.729928	-0.168874	-0.006465	-0.004000	-0.015478	-0.026880	0.066732	0.997409	0.568677	-0.819564	0.070159	0.822122	0.569089	-0.015919
35118	9.721596	0.769492	-0.117257	-0.006422	-0.000016	-0.012296	-0.026889	0.066823	0.997402	0.568655	-0.819572	0.070239	0.822136	0.569067	-0.015962
35119	9.749523	0.823378	-0.121565	-0.019390	-0.003805	-0.012605	-0.026868	0.066935	0.997396	0.568542	-0.819643	0.070322	0.822215	0.568951	-0.016033
35120	9.779913	0.808499	-0.119126	-0.032744	-0.000056	-0.010281	-0.026865	0.067009	0.997391	0.568305	-0.819802	0.070385	0.822379	0.568713	-0.016057
35121	9.810325	0.763296	-0.070972	-0.037413	0.001787	-0.012784	-0.026890	0.067092	0.997384	0.568021	-0.819991	0.070473	0.822575	0.568430	-0.016061
35122	9.834694	0.659490	-0.088179	-0.038485	0.002143	-0.009564	-0.026900	0.067148	0.997380	0.567737	-0.820183	0.070531	0.822771	0.568147	-0.016059
35123	9.824889	0.644261	-0.072256	-0.031639	0.003578	-0.010321	-0.026926	0.067202	0.997376	0.567489	-0.820349	0.070594	0.822940	0.567901	-0.016048
35124	9.826055	0.641295	-0.113815	-0.018241	0.003814	-0.009462	-0.026950	0.067248	0.997372	0.567371	-0.820426	0.070648	0.823021	0.567784	-0.016044
35125	9.836988	0.624111	-0.125747	-0.005568	-0.001071	-0.008993	-0.026933	0.067315	0.997368	0.567360	-0.820429	0.070694	0.823029	0.567771	-0.016096
35126	9.807728	0.576098	-0.079387	-0.000560	0.003699	-0.005674	-0.026934	0.067330	0.997367	0.567389	-0.820409	0.070706	0.823009	0.567799	-0.016105
35127	9.757667	0.621120	-0.141119	0.006586	0.007766	-0.008797	-0.026986	0.067347	0.997365	0.567466	-0.820352	0.070748	0.822955	0.567879	-0.016079
35128	9.766080	0.702919	-0.204442	0.004703	0.007123	-0.007910	-0.027028	0.067361	0.997363	0.567537	-0.820300	0.070782	0.822904	0.567953	-0.016058
35129	9.745246	0.766298	-0.267321	-0.004368	-0.001568	-0.007086	-0.026995	0.067415	0.997360	0.567539	-0.820296	0.070808	0.822904	0.567952	-0.016117
35130	9.737929	0.712825	-0.290692	-0.014518	0.001120	-0.014424	-0.027025	0.067517	0.997352	0.567450	-0.820349	0.070910	0.822964	0.567864	-0.016143
35131	9.765835	0.736383	-0.249409	-0.015158	-0.002083	-0.010659	-0.027007	0.067604	0.997347	0.567362	-0.820404	0.070973	0.823025	0.567774	-0.016199
35132	9.757303	0.686765	-0.230677	-0.023166	0.000958	-0.008626	-0.027002	0.067659	0.997343	0.567204	-0.820510	0.071019	0.823135	0.567615	-0.016220
35133	9.767053	0.643122	-0.154988	-0.025140	0.004440	-0.009682	-0.027032	0.067701	0.997339	0.567025	-0.820628	0.071075	0.823257	0.567438	-0.016205
35134	9.787797	0.611559	-0.136331	-0.014354	0.010998	-0.003892	-0.027084	0.067660	0.997341	0.566941	-0.820687	0.071072	0.823313	0.567358	-0.016132
35135	9.795018	0.636183	-0.066254	-0.000314	0.014441	-0.006794	-0.027179	0.067622	0.997341	0.566974	-0.820662	0.071093	0.823287	0.567398	-0.016035
35136	9.820404	0.727713	-0.029830	0.001608	0.019065	-0.004492	-0.027300	0.067540	0.997343	0.567020	-0.820630	0.071094	0.823251	0.567455	-0.015893
35137	9.831375	0.710328	-0.040308	-0.004598	0.014792	-0.009724	-0.027417	0.067522	0.997341	0.567043	-0.820610	0.071145	0.823232	0.567486	-0.015789
35138	9.814384	0.670857	-0.092055	-0.014150	0.017759	-0.008205	-0.027549	0.067478	0.997340	0.566959	-0.820665	0.071185	0.823286	0.567412	-0.015649
35139	9.787689	0.614994	-0.128341	-0.009140	0.016488	-0.007099	-0.027664	0.067431	0.997340	0.566906	-0.820699	0.071213	0.823318	0.567368	-0.015523
35140	9.819455	0.595890	-0.166494	-0.009907	0.013431	-0.008464	-0.027762	0.067414	0.997339	0.566856	-0.820729	0.071255	0.823349	0.567326	-0.015429
35141	9.777886	0.630769	-0.155304	-0.010295	0.014924	-0.008037	-0.027864	0.067385	0.997338	0.566776	-0.820782	0.071291	0.823401	0.567254	-0.015322
35142	9.775270	0.669780	-0.114954	-0.017146	0.013487	-0.007290	-0.027955	0.067358	0.997337	0.566667	-0.820854	0.071323	0.823472	0.567152	-0.015223
35143	9.816781	0.636537	-0.123406	-0.017913	0.010430	-0.008655	-0.028030	0.067355	0.997335	0.566584	-0.820908	0.071364	0.823527	0.567075	-0.015153
35144	9.840089	0.567449	-0.143239	-0.026994	0.012776	-0.019223	-0.028183	0.067430	0.997326	0.566391	-0.821028	0.071516	0.823654	0.566892	-0.015053
35145	9.884179	0.466680	-0.144939	-0.029360	0.017753	-0.019852	-0.028382	0.067481	0.997317	0.566177	-0.821162	0.071674	0.823795	0.566692	-0.014900
35146	9.919895	0.345892	-0.173029	-0.012236	0.021353	-0.021715	-0.028620	0.067527	0.997307	0.566104	-0.821197	0.071848	0.823837	0.566636	-0.014725
35147	9.882244	0.278912	-0.151092	0.002603	0.031841	-0.020044	-0.028936	0.067499	0.997300	0.566159	-0.821145	0.072003	0.823788	0.566714	-0.014454
35148	9.837974	0.352981	-0.099044	0.012909	0.037982	-0.017969	-0.029290	0.067420	0.997295	0.566295	-0.821040	0.072137	0.823682	0.566876	-0.014132
35149	9.752027	0.461265	-0.037008	0.001259	0.038539	-0.024867	-0.029688	0.067394	0.997285	0.566332	-0.820997	0.072339	0.823643	0.566941	-0.013794
35150	9.746505	0.570946	-0.000701	-0.030645	0.037405	-0.031912	-0.030115	0.067433	0.997269	0.566104	-0.821129	0.072618	0.823783	0.566745	-0.013446
35151	9.765678	0.546270	0.062742	-0.058035	0.030607	-0.044777	-0.030559	0.067615	0.997243	0.565646	-0.821409	0.073026	0.824082	0.566318	-0.013145
35152	9.927849	0.487945	0.062884	-0.093065	0.025356	-0.056062	-0.031024	0.067921	0.997208	0.564896	-0.821877	0.073554	0.824579	0.565601	-0.012871
35153	9.901114	0.375866	0.118298	-0.103219	0.032048	-0.060240	-0.031569	0.068221	0.997171	0.564072	-0.822392	0.074122	0.825122	0.564816	-0.012520
35154	9.893906	0.297239	0.143753	-0.105969	0.041507	-0.073075	-0.032262	0.068578	0.997124	0.563209	-0.822920	0.074820	0.825684	0.564003	-0.012074
35155	9.939645	0.167575	0.148091	-0.096658	0.052895	-0.076227	-0.033068	0.068892	0.997076	0.562449	-0.823374	0.075543	0.826170	0.563303	-0.011521
35156	9.975917	0.083558	0.078206	-0.080518	0.061770	-0.083298	-0.033985	0.069219	0.997022	0.561791	-0.823749	0.076339	0.826581	0.562713	-0.010891
35157	9.859386	0.048682	0.041902	-0.052502	0.070840	-0.089965	-0.035013	0.069549	0.996964	0.561351	-0.823970	0.077195	0.826837	0.562349	-0.010192
35158	9.743106	0.106688	-0.129154	-0.016790	0.076328	-0.097236	-0.036129	0.069910	0.996899	0.561212	-0.823977	0.078123	0.826883	0.562294	-0.009465
35159	9.670680	0.227428	-0.204688	0.017882	0.076131	-0.103512	-0.037277	0.070321	0.996828	0.561355	-0.823786	0.079106	0.826735	0.562523	-0.008767
35160	9.678809	0.349634	-0.305969	0.036744	0.071613	-0.100938	-0.038375	0.070739	0.996756	0.561655	-0.823488	0.080066	0.826481	0.562906	-0.008130
35161	9.707793	0.439806	-0.389804	0.045724	0.072451	-0.108108	-0.039514	0.071211	0.996678	0.561981	-0.823165	0.081094	0.826206	0.563318	-0.007493
35162	9.701331	0.457128	-0.497521	0.045460	0.063790	-0.107997	-0.040587	0.071730	0.996598	0.562348	-0.822812	0.082124	0.825904	0.563768	-0.006941
35163	9.780141	0.503951	-0.520150	0.032756	0.054669	-0.117178	-0.041637	0.072372	0.996508	0.562606	-0.822524	0.083243	0.825676	0.564107	-0.006469
35164	9.724552	0.601522	-0.496773	0.024563	0.045954	-0.129935	-0.042686	0.073170	0.996406	0.562789	-0.822271	0.084493	0.825497	0.564373	-0.006080
35165	9.389485	0.655626	-0.426263	-0.008989	0.019872	-0.145199	-0.043603	0.074237	0.996287	0.562700	-0.822187	0.085891	0.825511	0.564355	-0.005923
35166	9.652521	0.709595	-0.332967	-0.045826	-0.011114	-0.158181	-0.044340	0.075590	0.996153	0.562287	-0.822308	0.087426	0.825753	0.564000	-0.006042
35167	9.963444	0.786935	-0.226783	-0.070195	-0.015772	-0.171142	-0.045109	0.077072	0.996005	0.561668	-0.822553	0.089088	0.826132	0.563442	-0.006184
35168	9.871721	0.785510	-0.188181	-0.088077	-0.030459	-0.177192	-0.045791	0.078691	0.995847	0.560895	-0.822891	0.090815	0.826620	0.562724	-0.006456
35169	9.674257	0.724714	-0.163464	-0.107488	-0.024467	-0.179418	-0.046531	0.080291	0.995685	0.559960	-0.823333	0.092561	0.827212	0.561851	-0.006650
35170	9.623954	0.631773	-0.001950	-0.121546	-0.019126	-0.181907	-0.047329	0.081886	0.995517	0.558904	-0.823849	0.094337	0.827880	0.560864	-0.006774
35171	9.598658	0.530700	0.048399	-0.132199	-0.013028	-0.184751	-0.048190	0.083465	0.995345	0.557774	-0.824406	0.096136	0.828593	0.559810	-0.006827
35172	9.655081	0.587004	0.047232	-0.135520	-0.012918	-0.190984	-0.049086	0.085102	0.995162	0.556594	-0.824984	0.098003	0.829333	0.558712	-0.006872
35173	9.721175	0.629849	0.076092	-0.145773	-0.012252	-0.197481	-0.050020	0.086786	0.994970	0.555315	-0.825614	0.099931	0.830134	0.557521	-0.006897
35174	9.784768	0.707893	0.101964	-0.169213	-0.022154	-0.205278	-0.050913	0.088594	0.994766	0.553842	-0.826358	0.101942	0.831064	0.556133	-0.006995
35175	9.786488	0.598865	-0.002217	-0.169246	-0.019153	-0.212843	-0.051869	0.090443	0.994550	0.552386	-0.827073	0.104021	0.831973	0.554771	-0.007060
35176	9.723599	0.249546	-0.020960	-0.166856	-0.017155	-0.216575	-0.052860	0.092319	0.994325	0.550919	-0.827781	0.106143	0.832883	0.553404	-0.007104
35177	9.587521	-0.021649	-0.077786	-0.134564	-0.017025	-0.209848	-0.053814	0.094133	0.994104	0.549740	-0.828300	0.108192	0.833601	0.552321	-0.007175
35178	9.532769	0.047513	-0.057297	-0.069579	-0.024949	-0.197639	-0.054631	0.095896	0.993891	0.549089	-0.828478	0.110118	0.833977	0.551750	-0.007395
35179	9.594935	0.493870	0.025915	-0.005117	-0.031130	-0.190129	-0.055346	0.097629	0.993683	0.548963	-0.828314	0.111958	0.834012	0.551692	-0.007751
35180	9.413695	1.076874	0.116366	0.028550	-0.051191	-0.175229	-0.055821	0.099352	0.993485	0.549140	-0.827966	0.113654	0.833864	0.551907	-0.008340
35181	9.604817	1.391308	0.168058	0.033376	-0.069716	-0.174009	-0.056134	0.101159	0.993285	0.549373	-0.827580	0.115330	0.833689	0.552158	-0.009119
35182	9.592612	1.542823	0.108213	0.021098	-0.080350	-0.183749	-0.056413	0.103112	0.993069	0.549482	-0.827257	0.117110	0.833599	0.552280	-0.009990
35183	9.602093	1.783353	0.042726	-0.008238	-0.082355	-0.188549	-0.056700	0.105108	0.992843	0.549366	-0.827075	0.118932	0.833656	0.552177	-0.010848
35184	9.685021	2.097872	-0.052565	-0.051008	-0.079132	-0.186836	-0.057005	0.107079	0.992615	0.548870	-0.827140	0.120749	0.833961	0.551700	-0.011621
35185	9.747704	2.289933	-0.138404	-0.111194	-0.073710	-0.186200	-0.057348	0.109010	0.992385	0.547874	-0.827534	0.122563	0.834593	0.550731	-0.012266
35186	9.647505	2.202350	-0.279091	-0.187407	-0.054246	-0.176377	-0.057799	0.110757	0.992165	0.546244	-0.828353	0.124293	0.835630	0.549148	-0.012622
35187	9.995561	1.902315	-0.315925	-0.260917	-0.047815	-0.167317	-0.058249	0.112393	0.991955	0.543986	-0.829589	0.125940	0.837070	0.546946	-0.012818
35188	9.425069	1.584496	-0.356874	-0.312555	-0.028613	-0.153363	-0.058781	0.113811	0.991762	0.541314	-0.831104	0.127457	0.838763	0.544347	-0.012755
35189	9.461938	1.664777	-0.215269	-0.359398	-0.028622	-0.154168	-0.059311	0.115229	0.991567	0.538283	-0.832836	0.128981	0.840675	0.541393	-0.012629
35190	9.617975	1.845005	-0.046391	-0.398839	-0.050888	-0.165037	-0.059708	0.116868	0.991351	0.534864	-0.834780	0.130624	0.842826	0.538037	-0.012665
35191	9.441213	1.925604	0.172426	-0.443149	-0.062595	-0.178489	-0.060067	0.118679	0.991114	0.531065	-0.836923	0.132401	0.845200	0.534299	-0.012754
35192	9.457868	2.002279	0.298537	-0.495607	-0.106462	-0.184934	-0.060084	0.120783	0.990859	0.526795	-0.839323	0.134255	0.847866	0.530046	-0.013198
35193	9.502362	2.010718	0.398448	-0.537173	-0.131251	-0.194322	-0.059927	0.123090	0.990585	0.522183	-0.841887	0.136203	0.850726	0.525428	-0.013824
35194	9.519298	1.998029	0.495673	-0.574533	-0.172841	-0.190253	-0.059382	0.125584	0.990304	0.517210	-0.844639	0.138126	0.853796	0.520397	-0.014797
35195	9.502930	1.912250	0.647928	-0.619076	-0.192691	-0.183055	-0.058621	0.128108	0.990026	0.511888	-0.847570	0.139984	0.857050	0.514989	-0.015892
35196	9.463380	1.856169	0.825167	-0.659390	-0.204167	-0.172873	-0.057687	0.130608	0.989754	0.506162	-0.850708	0.141760	0.860507	0.509154	-0.017034
35197	9.586868	1.954060	1.046047	-0.718066	-0.209802	-0.164218	-0.056640	0.133052	0.989489	0.499924	-0.854105	0.143463	0.864215	0.502795	-0.018139
35198	9.834709	2.146510	1.088318	-0.774453	-0.194266	-0.154608	-0.055665	0.135330	0.989236	0.493166	-0.857750	0.145093	0.868152	0.495934	-0.018994
35199	9.957080	2.132257	1.048129	-0.818249	-0.169268	-0.152753	-0.054882	0.137454	0.988987	0.486039	-0.861535	0.146712	0.872212	0.488738	-0.019525
35200	10.042908	1.855048	0.852613	-0.817397	-0.135234	-0.159379	-0.054409	0.139470	0.988730	0.478844	-0.865266	0.148404	0.876212	0.481522	-0.019706
35201	9.986458	1.464059	0.452691	-0.747934	-0.106313	-0.167950	-0.054211	0.141415	0.988465	0.472235	-0.868588	0.150164	0.879804	0.474929	-0.019695
35202	9.863594	1.054949	0.017704	-0.603811	-0.091421	-0.168239	-0.054136	0.143294	0.988199	0.466861	-0.871187	0.151902	0.882672	0.469575	-0.019736
35203	9.777102	0.736199	-0.235985	-0.420383	-0.079862	-0.148818	-0.054068	0.144938	0.987962	0.463157	-0.872899	0.153405	0.884625	0.465876	-0.019933
35204	9.759641	0.489857	-0.348230	-0.210669	-0.072899	-0.112586	-0.053884	0.146242	0.987780	0.461270	-0.873702	0.154516	0.885622	0.463959	-0.020378
35205	9.715627	0.529691	-0.382467	-0.020455	-0.067378	-0.074178	-0.053574	0.147176	0.987658	0.461133	-0.873653	0.155201	0.885712	0.463757	-0.021063
35206	9.585787	0.849444	-0.381441	0.126426	-0.068455	-0.039876	-0.053093	0.147825	0.987587	0.462270	-0.872994	0.155524	0.885149	0.464789	-0.021985
35207	9.473250	1.428541	-0.360779	0.212557	-0.091349	-0.018468	-0.052307	0.148388	0.987545	0.464210	-0.871949	0.155606	0.884179	0.466568	-0.023274
35208	9.513659	2.057691	-0.271128	0.232933	-0.118114	-0.004995	-0.051228	0.148966	0.987514	0.466304	-0.870840	0.155556	0.883140	0.468451	-0.024853
35209	9.400629	2.456932	-0.109522	0.173599	-0.140205	-0.005016	-0.049958	0.149642	0.987477	0.467913	-0.869985	0.155509	0.882361	0.469823	-0.026557
35210	9.425661	2.562764	-0.011214	0.057969	-0.169130	-0.018186	-0.048491	0.150578	0.987408	0.468454	-0.869673	0.155629	0.882156	0.470102	-0.028367
35211	9.418650	2.594248	0.183476	-0.064581	-0.203460	-0.034022	-0.046803	0.151803	0.987302	0.467947	-0.869891	0.155933	0.882516	0.469303	-0.030322
35212	9.420386	2.646149	0.322315	-0.164684	-0.232276	-0.040471	-0.044882	0.153226	0.987171	0.466512	-0.870588	0.156340	0.883375	0.467544	-0.032409
35213	9.399198	2.424476	0.156509	-0.203270	-0.262900	-0.039672	-0.042683	0.154779	0.987027	0.464737	-0.871463	0.156754	0.884419	0.465399	-0.034735
35214	9.402485	2.084605	-0.030151	-0.198908	-0.295177	-0.028471	-0.040143	0.156380	0.986881	0.463003	-0.872330	0.157062	0.885447	0.463234	-0.037386
35215	9.634971	1.749720	-0.037620	-0.185733	-0.317604	-0.011957	-0.037331	0.157930	0.986744	0.461407	-0.873150	0.157205	0.886403	0.461159	-0.040274
35216	9.529665	1.546748	-0.100065	-0.133625	-0.319392	0.002650	-0.034427	0.159359	0.986620	0.460260	-0.873757	0.157190	0.887116	0.459514	-0.043266
35217	9.440873	1.608856	-0.225097	-0.079752	-0.325454	-0.003636	-0.031498	0.160862	0.986474	0.459616	-0.874092	0.157212	0.887559	0.458351	-0.046403
35218	9.666014	1.652519	-0.199834	-0.038738	-0.336413	0.006860	-0.028421	0.162325	0.986328	0.459312	-0.874269	0.157118	0.887820	0.457497	-0.049710
35219	9.819625	1.388991	-0.158141	0.023127	-0.320619	0.025116	-0.025408	0.163547	0.986208	0.459598	-0.874174	0.156809	0.887763	0.457244	-0.052955
35220	9.772423	1.046726	-0.114812	0.097841	-0.281852	0.032926	-0.022695	0.164531	0.986111	0.460512	-0.873769	0.156386	0.887363	0.457665	-0.055938
35221	9.641462	0.900433	-0.017856	0.189360	-0.257552	0.040616	-0.020167	0.165336	0.986031	0.462240	-0.872955	0.155830	0.886525	0.458926	-0.058820
35222	9.818253	1.120414	0.142028	0.284705	-0.247322	0.049832	-0.017686	0.166021	0.985964	0.464809	-0.871717	0.155122	0.885235	0.461028	-0.061751
35223	10.011083	1.407135	0.442104	0.352795	-0.243418	0.065715	-0.015170	0.166555	0.985915	0.467972	-0.870185	0.154205	0.883613	0.463721	-0.064743
35224	10.008345	1.731107	1.071480	0.371427	-0.202733	0.077021	-0.012959	0.166812	0.985904	0.471299	-0.868574	0.153155	0.881879	0.466640	-0.067362
35225	9.774607	2.335517	1.347929	0.396897	-0.155293	0.072184	-0.011191	0.166893	0.985911	0.474840	-0.866824	0.152124	0.880001	0.469853	-0.069547
35226	9.228373	2.861741	1.179157	0.421082	-0.149761	0.074311	-0.009461	0.166939	0.985922	0.478586	-0.864951	0.151049	0.877990	0.473277	-0.071712
35227	9.068723	2.961557	1.115428	0.433895	-0.188040	0.095590	-0.007304	0.166985	0.985932	0.482439	-0.863035	0.149744	0.875899	0.476746	-0.074257
35228	9.191218	2.764155	0.895055	0.468622	-0.216040	0.118826	-0.004778	0.166978	0.985949	0.486582	-0.860978	0.148172	0.873622	0.480453	-0.077135
35229	9.121879	2.644138	0.636405	0.515475	-0.259091	0.157905	-0.001693	0.166851	0.985981	0.491121	-0.858741	0.146163	0.871090	0.484483	-0.080491
35230	9.422233	2.317393	0.517777	0.529424	-0.262910	0.201501	0.001648	0.166387	0.986059	0.495761	-0.856489	0.143694	0.868457	0.488613	-0.083900
35231	9.190295	1.767816	0.310885	0.551546	-0.271337	0.243486	0.005267	0.165619	0.986176	0.500557	-0.854181	0.140779	0.865688	0.492895	-0.087400
35232	9.565490	1.544365	0.417630	0.566137	-0.273908	0.277154	0.009088	0.164596	0.986319	0.505464	-0.851822	0.137494	0.862800	0.497300	-0.090939
35233	9.636579	1.650227	0.576211	0.542081	-0.247689	0.300451	0.012801	0.163260	0.986500	0.510131	-0.849597	0.133984	0.860001	0.501529	-0.094160
35234	9.422597	1.809621	0.536606	0.500884	-0.236691	0.295378	0.016407	0.161931	0.986666	0.514423	-0.847542	0.130544	0.857380	0.505422	-0.097207
35235	9.020474	1.761242	0.513569	0.467839	-0.230671	0.276664	0.019864	0.160743	0.986796	0.518407	-0.845604	0.127308	0.854903	0.509034	-0.100127
35236	8.926291	1.606555	0.436958	0.469278	-0.251746	0.262809	0.023441	0.159795	0.986872	0.522390	-0.843614	0.124191	0.852384	0.512621	-0.103250
35237	9.156647	1.268701	0.149626	0.514649	-0.294409	0.265462	0.027388	0.159057	0.986889	0.526727	-0.841380	0.120988	0.849593	0.516508	-0.106824
35238	9.755338	0.847413	0.066536	0.616304	-0.341520	0.277604	0.031814	0.158484	0.986849	0.531904	-0.838609	0.117530	0.846207	0.521170	-0.110978
35239	10.215958	0.716005	0.285266	0.749977	-0.360748	0.310917	0.036574	0.157759	0.986800	0.538144	-0.835166	0.113571	0.842059	0.526887	-0.115443
35240	10.908552	1.271173	1.027833	0.816568	-0.314706	0.354414	0.041197	0.156461	0.986825	0.544896	-0.831380	0.109067	0.837491	0.533224	-0.119505
35241	11.684590	2.132794	1.482453	0.876683	-0.239102	0.376781	0.045311	0.154604	0.986937	0.552079	-0.827250	0.104243	0.832560	0.540143	-0.122837
35242	12.551994	2.393521	1.148610	0.931784	-0.069335	0.377932	0.048048	0.151852	0.987235	0.559667	-0.822745	0.099312	0.827323	0.547751	-0.124518
35243	12.919197	2.144141	0.527055	0.976106	0.148245	0.403955	0.049149	0.147706	0.987809	0.567539	-0.817955	0.094070	0.821879	0.555996	-0.124031
35244	13.282444	1.632705	-0.049724	0.945861	0.402733	0.452508	0.048496	0.141749	0.988714	0.575098	-0.813295	0.088391	0.816646	0.564321	-0.120961
35245	13.288722	1.327537	0.195881	0.795753	0.566367	0.497698	0.046808	0.134483	0.989810	0.581358	-0.809456	0.082486	0.812301	0.571572	-0.116072
35246	13.190212	1.466451	1.290185	0.525572	0.667380	0.518151	0.044480	0.126453	0.990975	0.585414	-0.807097	0.076713	0.809513	0.576718	-0.109927
35247	12.309402	1.510459	2.169195	0.225553	0.796857	0.507678	0.041056	0.117737	0.992196	0.587050	-0.806396	0.071398	0.808509	0.579537	-0.102225
35248	10.414781	1.534646	2.614662	0.007642	0.835348	0.509981	0.037356	0.108768	0.993365	0.586943	-0.806911	0.066280	0.808766	0.580572	-0.093984
35249	9.589757	1.580178	2.992907	-0.135142	0.858099	0.524184	0.033534	0.099542	0.994468	0.585688	-0.808226	0.061150	0.809842	0.580398	-0.085404
35250	9.166047	1.500070	3.165192	-0.283829	0.884255	0.532060	0.029536	0.090100	0.995495	0.583251	-0.810357	0.056039	0.811755	0.578968	-0.076486
35251	9.457822	0.963399	3.253650	-0.413472	0.909674	0.537377	0.025310	0.080468	0.996436	0.579773	-0.813184	0.050942	0.814385	0.576418	-0.067235
35252	10.832604	0.143051	3.267715	-0.483997	1.044312	0.530343	0.019915	0.070133	0.997339	0.575737	-0.816345	0.045909	0.817393	0.573290	-0.056636
35253	11.007762	-0.802802	2.940502	-0.494077	1.297339	0.525527	0.012350	0.058400	0.998217	0.571640	-0.819486	0.040871	0.820411	0.570116	-0.043504
35254	9.985983	-1.453993	2.747054	-0.437209	1.461081	0.516984	0.003351	0.045836	0.998943	0.568040	-0.822221	0.035822	0.822994	0.567320	-0.028792
35255	9.919305	-1.358382	2.696852	-0.349762	1.626097	0.469180	-0.007346	0.032746	0.999437	0.565205	-0.824362	0.031164	0.824918	0.565115	-0.012452
35256	9.914622	-0.946520	2.399447	-0.268868	1.787019	0.395780	-0.019805	0.019386	0.999616	0.563073	-0.825960	0.027174	0.826170	0.563395	0.005443
35257	9.725657	-0.521153	1.937418	-0.220872	1.910222	0.335502	-0.033665	0.005843	0.999416	0.561375	-0.827221	0.023746	0.826877	0.561846	0.024568
35258	10.054489	0.183340	1.671094	-0.215433	2.005060	0.286164	-0.048584	-0.007785	0.998789	0.559746	-0.828404	0.020771	0.827239	0.560077	0.044604
35259	10.353113	0.758436	1.490781	-0.254034	2.032088	0.249418	-0.063961	-0.021233	0.997726	0.557824	-0.829762	0.018102	0.827491	0.557714	0.064917
35260	10.333683	1.035592	1.636213	-0.312309	1.994695	0.233270	-0.079111	-0.034276	0.996276	0.555443	-0.831410	0.015502	0.827783	0.554601	0.084812
35261	10.628759	1.266629	1.479866	-0.370049	1.856961	0.246301	-0.093081	-0.046613	0.994567	0.552632	-0.833329	0.012665	0.828211	0.550808	0.103327
35262	15.188774	1.455931	1.050135	-0.333554	1.608978	0.229634	-0.105082	-0.057374	0.992807	0.550134	-0.835017	0.009973	0.828438	0.547225	0.119309
35263	8.648853	0.873229	-0.814794	-0.366812	2.172898	0.152633	-0.122200	-0.070516	0.989997	0.547312	-0.836891	0.007947	0.827960	0.542808	0.140862
35264	9.341463	1.429966	-0.271091	-0.221808	1.459111	0.241967	-0.132893	-0.080453	0.987860	0.545824	-0.837884	0.005189	0.827294	0.539887	0.155263
35265	10.428846	1.316845	-0.436931	-0.270707	1.341553	0.265896	-0.142499	-0.089926	0.985701	0.543994	-0.839087	0.002093	0.826901	0.536514	0.168488
35266	10.844260	0.800382	-1.114408	-0.388971	1.295585	0.245172	-0.151823	-0.098920	0.983445	0.541178	-0.840908	-0.001036	0.827089	0.532061	0.181202
35267	10.465147	0.179993	-2.304988	-0.434391	1.338642	0.201835	-0.161765	-0.107730	0.980931	0.537945	-0.842971	-0.003866	0.827313	0.527061	0.194316
35268	9.986286	-0.162057	-2.755143	-0.391503	1.335956	0.179161	-0.171796	-0.116265	0.978248	0.535046	-0.844799	-0.006442	0.827171	0.522300	0.207340
35269	10.415973	-0.572016	-2.759400	-0.351635	1.337565	0.138984	-0.182070	-0.124417	0.975382	0.532428	-0.846432	-0.008583	0.826662	0.517758	0.220353
35270	10.167144	-0.539917	-2.453125	-0.292438	1.357517	0.116882	-0.192605	-0.132422	0.972300	0.530273	-0.847763	-0.010417	0.825660	0.513578	0.233503
35271	10.018846	-0.281277	-1.954925	-0.230224	1.357394	0.078050	-0.203344	-0.140050	0.969039	0.528573	-0.848807	-0.011758	0.824174	0.509817	0.246626
35272	9.664092	0.057375	-1.496351	-0.195155	1.314892	0.022758	-0.213990	-0.146938	0.965721	0.527056	-0.849739	-0.012503	0.822448	0.506314	0.259280
35273	9.678601	0.362141	-1.028610	-0.170923	1.288438	-0.004272	-0.224549	-0.153424	0.962309	0.525688	-0.850579	-0.012944	0.820506	0.502968	0.271650
35274	9.342572	0.697577	-0.768130	-0.212615	1.253848	-0.023844	-0.234892	-0.159519	0.958843	0.523934	-0.851655	-0.013336	0.818730	0.499237	0.283624
35275	8.666713	0.846079	-0.434488	-0.292331	1.201577	-0.055458	-0.244963	-0.165037	0.955383	0.521455	-0.853169	-0.013678	0.817360	0.494838	0.295054
35276	8.271020	0.844933	0.004611	-0.392656	1.137138	-0.095798	-0.254692	-0.169832	0.951992	0.518051	-0.855235	-0.013973	0.816550	0.489622	0.305803
35277	8.014449	0.956439	0.362995	-0.563768	1.085536	-0.143711	-0.264249	-0.173898	0.948648	0.513121	-0.858196	-0.014385	0.816627	0.482970	0.316008
35278	7.896776	0.750021	0.960929	-0.749465	1.048790	-0.198787	-0.273774	-0.177226	0.945325	0.506507	-0.862107	-0.014936	0.817618	0.474724	0.325789
35279	7.874602	0.428498	1.595252	-0.891075	1.000531	-0.239600	-0.283118	-0.179876	0.942066	0.498593	-0.866695	-0.015643	0.819298	0.465279	0.335062
35280	7.912596	0.059439	2.203794	-0.995358	0.962823	-0.254786	-0.292218	-0.182109	0.938853	0.489740	-0.871709	-0.016653	0.821439	0.454928	0.343915
35281	8.015659	-0.239189	2.818941	-1.072999	0.916071	-0.248240	-0.300910	-0.184075	0.935719	0.480224	-0.876959	-0.018085	0.823916	0.443913	0.352283
35282	8.165695	-0.554996	3.449725	-1.108552	0.871257	-0.230688	-0.309139	-0.185883	0.932674	0.470419	-0.882218	-0.019905	0.826522	0.432595	0.360171
35283	8.032026	-1.108409	3.879440	-1.077558	0.798027	-0.196370	-0.316611	-0.187576	0.929824	0.460934	-0.887161	-0.022018	0.829034	0.421616	0.367345
35284	7.714564	-1.873904	4.012254	-0.950109	0.702065	-0.137908	-0.323012	-0.189295	0.927270	0.452654	-0.891356	-0.024283	0.831124	0.411889	0.373604
35285	7.317590	-2.559736	3.978460	-0.758519	0.580786	-0.053518	-0.328036	-0.191210	0.925111	0.446219	-0.894527	-0.026663	0.832635	0.404056	0.378759
35286	7.129366	-3.200598	3.728713	-0.532581	0.453544	0.042175	-0.331571	-0.193429	0.923388	0.441969	-0.896558	-0.029105	0.833501	0.398459	0.382762
35287	7.130120	-3.780217	3.341193	-0.280871	0.309473	0.131434	-0.333523	-0.195861	0.922172	0.440115	-0.897391	-0.031421	0.833703	0.395382	0.385503
35288	7.298222	-4.095680	3.108338	-0.004920	0.176035	0.209981	-0.334010	-0.198462	0.921439	0.440823	-0.896972	-0.033400	0.833134	0.395036	0.387084
35289	7.643580	-4.006314	2.988404	0.303564	0.073072	0.256640	-0.333433	-0.201078	0.921081	0.444257	-0.895230	-0.034613	0.831539	0.397656	0.387830
35290	8.163661	-3.397382	3.078894	0.603927	-0.000862	0.270833	-0.332159	-0.203516	0.921006	0.450220	-0.892240	-0.034789	0.828838	0.403100	0.387992
35291	8.648502	-2.358232	3.339639	0.845428	-0.033718	0.242136	-0.330730	-0.205562	0.921065	0.458065	-0.888277	-0.033766	0.825103	0.410740	0.387941
35292	9.146112	-1.228045	3.700982	0.957349	-0.038548	0.183522	-0.329508	-0.207048	0.921171	0.466597	-0.883900	-0.031767	0.820800	0.419348	0.387860
35293	9.324568	-0.070741	4.028164	0.924133	-0.028750	0.110847	-0.328701	-0.207931	0.921260	0.474577	-0.879729	-0.029231	0.816537	0.427601	0.387847
35294	9.260178	0.946371	4.435935	0.751849	0.002856	0.029285	-0.328527	-0.208219	0.921257	0.480846	-0.876401	-0.026608	0.812931	0.434241	0.388043
35295	9.079565	1.694404	4.854441	0.449105	0.032000	-0.056409	-0.329009	-0.207891	0.921159	0.484356	-0.874532	-0.024371	0.810650	0.438150	0.388422
35296	8.978633	1.989421	5.091196	0.096621	0.056687	-0.123543	-0.330010	-0.207078	0.920984	0.484779	-0.874337	-0.022882	0.809990	0.438922	0.388927
35297	8.938624	1.839636	5.220208	-0.251672	0.055821	-0.146966	-0.331123	-0.206061	0.920813	0.482303	-0.875715	-0.022534	0.811013	0.436649	0.389353
35298	8.829140	1.323685	5.064128	-0.529621	0.037173	-0.141583	-0.332048	-0.205000	0.920717	0.477579	-0.878279	-0.023317	0.813427	0.431973	0.389534
35299	8.881332	0.602723	4.802390	-0.733917	-0.012553	-0.105407	-0.332397	-0.204044	0.920803	0.471296	-0.881614	-0.025229	0.816941	0.425585	0.389211
35300	8.976540	-0.224690	4.385948	-0.833345	-0.069634	-0.034549	-0.331932	-0.203464	0.921099	0.464403	-0.885176	-0.028174	0.821067	0.418410	0.388307
35301	8.962697	-1.123227	4.036029	-0.824768	-0.122314	0.033898	-0.330721	-0.203283	0.921575	0.457777	-0.888502	-0.031708	0.825266	0.411389	0.386904
35302	9.080189	-2.115639	3.726091	-0.730494	-0.173012	0.097190	-0.328791	-0.203462	0.922225	0.452102	-0.891262	-0.035448	0.829156	0.405285	0.385024
35303	9.320245	-2.709038	3.621118	-0.577271	-0.205495	0.130904	-0.326446	-0.203830	0.922977	0.447786	-0.893294	-0.038898	0.832419	0.400598	0.382885
35304	9.608659	-2.765818	3.565639	-0.432673	-0.188001	0.102378	-0.324366	-0.204016	0.923669	0.444559	-0.894787	-0.041520	0.834957	0.397158	0.380936
35305	9.710211	-2.468574	3.432582	-0.304859	-0.146561	0.024188	-0.322985	-0.203681	0.924226	0.442140	-0.895918	-0.042930	0.836775	0.394772	0.379424
35306	9.544781	-2.078900	3.329007	-0.188810	-0.089974	-0.067805	-0.322475	-0.202740	0.924611	0.440388	-0.896775	-0.043044	0.837895	0.393308	0.378472
35307	9.127092	-1.605926	2.934117	-0.050668	-0.051503	-0.148687	-0.322648	-0.201234	0.924880	0.439535	-0.897248	-0.041889	0.838277	0.393002	0.377945
35308	8.661886	-1.034836	2.325733	0.021801	-0.047095	-0.199591	-0.323074	-0.199279	0.925155	0.439121	-0.897538	-0.039985	0.838329	0.393337	0.377479
35309	8.188838	-0.549761	1.737159	0.027147	-0.135266	-0.224522	-0.322875	-0.196761	0.925763	0.438674	-0.897849	-0.037833	0.838640	0.393893	0.376207
35310	8.247106	-0.214253	1.439662	-0.038125	-0.272379	-0.244629	-0.321605	-0.193512	0.926889	0.437614	-0.898453	-0.035735	0.839681	0.394127	0.373631
35311	8.448110	0.160012	1.448134	-0.193225	-0.406270	-0.280720	-0.319364	-0.189418	0.928508	0.435140	-0.899725	-0.033879	0.841819	0.393211	0.369763
35312	8.839588	0.374145	1.459371	-0.393064	-0.505639	-0.351216	-0.316564	-0.184295	0.930496	0.430756	-0.901898	-0.032083	0.845125	0.390660	0.364894
35313	8.983694	0.443153	1.479318	-0.528142	-0.553784	-0.406049	-0.313559	-0.178503	0.932640	0.425053	-0.904663	-0.030243	0.849124	0.386938	0.359538
35314	8.974069	-0.013315	1.442041	-0.549907	-0.605769	-0.439888	-0.310203	-0.172207	0.934943	0.419048	-0.907529	-0.028123	0.853331	0.383062	0.353681
35315	9.012786	-0.569831	1.556427	-0.434061	-0.701462	-0.486718	-0.306179	-0.165136	0.937542	0.413885	-0.909983	-0.025116	0.857294	0.380344	0.346965
35316	9.185028	-0.785858	1.589441	-0.249893	-0.803971	-0.526717	-0.301387	-0.157306	0.940436	0.410186	-0.911759	-0.021055	0.860763	0.379409	0.339317
35317	9.256441	-0.680676	1.279562	-0.114092	-0.863148	-0.538854	-0.296095	-0.149143	0.943443	0.407642	-0.912995	-0.016393	0.863803	0.379733	0.331130
35318	9.026368	-0.575292	1.334334	-0.046597	-0.894721	-0.539398	-0.290492	-0.140837	0.946456	0.405705	-0.913932	-0.011476	0.866613	0.380648	0.322628
35319	9.470266	-0.304271	1.104936	0.009017	-1.004732	-0.536653	-0.283891	-0.132127	0.949710	0.404291	-0.914608	-0.006392	0.869457	0.382145	0.313067
35320	10.932560	0.116671	1.151886	0.049248	-1.117927	-0.571722	-0.276406	-0.122637	0.953184	0.403166	-0.915127	-0.000829	0.872386	0.384062	0.302390
35321	11.964944	0.317860	1.944470	0.033448	-1.100175	-0.653773	-0.269370	-0.112446	0.956450	0.401723	-0.915745	0.005479	0.875248	0.385703	0.291846
35322	11.612998	-0.184606	3.472830	-0.074272	-0.980336	-0.688298	-0.263476	-0.102379	0.959218	0.399285	-0.916751	0.011829	0.878153	0.386118	0.282420
35323	10.842047	-0.640944	4.840558	-0.290451	-0.912696	-0.581827	-0.257702	-0.093552	0.961685	0.395261	-0.918419	0.016575	0.881679	0.384388	0.273656
35324	9.738887	-0.835147	5.608388	-0.576630	-0.802227	-0.417615	-0.252193	-0.086669	0.963788	0.389147	-0.920980	0.019008	0.885982	0.379849	0.265992
35325	8.558933	-1.082094	5.879655	-0.727984	-0.701301	-0.305588	-0.247089	-0.081237	0.965582	0.381966	-0.923960	0.020008	0.890533	0.373763	0.259330
35326	7.891557	-1.410038	5.399161	-0.656790	-0.650761	-0.301563	-0.242366	-0.076056	0.967199	0.375412	-0.926615	0.021208	0.894609	0.368238	0.253132
35327	8.139446	-1.684059	4.306755	-0.381919	-0.686806	-0.397427	-0.237643	-0.069883	0.968836	0.371084	-0.928287	0.024064	0.897676	0.365238	0.246533
35328	8.719947	-1.875222	3.287728	-0.014104	-0.806215	-0.477605	-0.232111	-0.062526	0.970678	0.369882	-0.928638	0.028629	0.899617	0.365681	0.238675
35329	9.816968	-1.529766	2.451958	0.305487	-0.930172	-0.497480	-0.225531	-0.054524	0.972709	0.371542	-0.927788	0.034139	0.900607	0.369101	0.229503
35330	10.465317	-1.009683	2.218945	0.499730	-0.943023	-0.486091	-0.218795	-0.046537	0.974660	0.375009	-0.926159	0.039962	0.900831	0.374250	0.220091
35331	10.795701	-0.418157	2.432192	0.538210	-0.851347	-0.429839	-0.212695	-0.039384	0.976325	0.378977	-0.924298	0.045276	0.900631	0.379635	0.211519
35332	10.791340	-0.148339	2.710895	0.436269	-0.692361	-0.349498	-0.207734	-0.033536	0.977610	0.382217	-0.922742	0.049564	0.900420	0.383955	0.204503
35333	10.895764	-0.293828	2.230344	0.373839	-0.566073	-0.284924	-0.203678	-0.028759	0.978615	0.385044	-0.921372	0.053062	0.900142	0.387618	0.198737
35334	10.706483	-1.054468	1.482213	0.491724	-0.497582	-0.283783	-0.200243	-0.024229	0.979447	0.388940	-0.919512	0.056771	0.899238	0.392314	0.193549
35335	9.965378	-1.790541	0.681001	0.743517	-0.507658	-0.282112	-0.196735	-0.019663	0.980259	0.395106	-0.916614	0.060911	0.897322	0.399290	0.188099
35336	9.434931	-1.557800	0.249696	0.971990	-0.559349	-0.244024	-0.192641	-0.015194	0.981152	0.403384	-0.912714	0.065067	0.894523	0.408315	0.181955
35337	9.294196	0.007807	0.336793	1.066744	-0.587820	-0.186293	-0.188098	-0.011101	0.982088	0.412601	-0.908313	0.068758	0.891280	0.418143	0.175432
35338	9.209498	2.312005	0.721401	0.939527	-0.581028	-0.173166	-0.183592	-0.007098	0.982977	0.420684	-0.904343	0.072042	0.888437	0.426748	0.169016
35339	8.781277	4.027606	1.109431	0.606634	-0.553986	-0.209600	-0.179506	-0.002857	0.983753	0.425733	-0.901730	0.075065	0.886865	0.432291	0.163082
35340	8.467924	4.574510	1.239845	0.172249	-0.565314	-0.253608	-0.175515	0.001858	0.984475	0.426855	-0.900967	0.077801	0.887124	0.433883	0.157340
35341	8.631464	3.918611	1.126795	-0.209967	-0.583267	-0.281801	-0.171479	0.006894	0.985164	0.424546	-0.901847	0.080208	0.889019	0.432001	0.151721
35342	9.335691	2.367427	1.408660	-0.440330	-0.577869	-0.298381	-0.167536	0.012052	0.985792	0.420163	-0.903695	0.082456	0.891849	0.428008	0.146338
35343	9.884116	0.608853	1.971078	-0.500731	-0.529125	-0.303489	-0.164023	0.017022	0.986310	0.415231	-0.905766	0.084685	0.894807	0.423437	0.141498
35344	10.181507	-0.820267	2.270349	-0.377977	-0.456581	-0.283065	-0.161044	0.021493	0.986713	0.411428	-0.907289	0.086913	0.897102	0.419958	0.137271
35345	10.309014	-1.633402	2.132994	-0.099946	-0.417988	-0.251845	-0.158273	0.025502	0.987066	0.410173	-0.907633	0.089220	0.898169	0.418989	0.133193
35346	10.516987	-1.683843	1.931744	0.259423	-0.399269	-0.207680	-0.155484	0.029043	0.987411	0.412220	-0.906471	0.091573	0.897719	0.421269	0.128970
35347	10.393842	-0.748142	1.932062	0.591014	-0.383223	-0.172082	-0.152706	0.032194	0.987747	0.417300	-0.903897	0.093976	0.895847	0.426537	0.124596
35348	9.888674	0.894328	1.855311	0.784807	-0.350330	-0.146393	-0.150131	0.035002	0.988046	0.424141	-0.900457	0.096346	0.893065	0.433535	0.120341
35349	9.387683	2.569587	1.504324	0.812621	-0.369256	-0.133829	-0.147356	0.037788	0.988361	0.431231	-0.896840	0.098582	0.890127	0.440739	0.115859
35350	9.154877	3.845170	1.103525	0.743487	-0.347173	-0.144925	-0.144842	0.040608	0.988621	0.437670	-0.893465	0.100822	0.887393	0.447293	0.111639
35351	8.994083	4.517147	0.976425	0.643698	-0.370362	-0.178315	-0.142291	0.043837	0.988854	0.443162	-0.890476	0.103245	0.885077	0.452913	0.107279
35352	8.720557	4.487176	0.843438	0.545218	-0.391477	-0.224229	-0.139770	0.047595	0.989040	0.447708	-0.887875	0.105996	0.883189	0.457616	0.102790
35353	8.785478	4.389840	1.317761	0.393978	-0.435467	-0.224904	-0.136883	0.051564	0.989244	0.450917	-0.885938	0.108573	0.882007	0.460929	0.098019
35354	9.191552	4.127033	1.880522	0.123650	-0.439582	-0.180800	-0.133763	0.055175	0.989476	0.451805	-0.885254	0.110441	0.882032	0.461823	0.093486
35355	9.481132	3.518720	1.959853	-0.134914	-0.448096	-0.102659	-0.130218	0.058126	0.989780	0.450521	-0.885802	0.111291	0.883218	0.460409	0.089161
35356	9.686240	2.707549	1.108577	-0.236368	-0.431640	-0.036864	-0.126510	0.060417	0.990124	0.448425	-0.886850	0.111411	0.884822	0.458091	0.085103
