// General information: 
//  MT Manager version: 2022.2.0 
//  XDA version: 2022.2.0 build 7381 rev 124627 built on 2023-07-19
// Device information: 
//  DeviceId: 00B4CAF0
//  ProductCode: MTW2-3A7G6
//  Firmware Version: 4.6.0
//  Hardware Version: 2.0.0
// Device settings: 
//  Filter Profile: human(46.1)
//  Option Flags: Orientation Smoother Disabled, Position/Velocity Smoother Disabled, Continuous Zero Rotation Update Disabled, AHS Disabled, ICC Disabled
// Coordinate system: ENU
PacketCounter	Acc_X	Acc_Y	Acc_Z	Gyr_X	Gyr_Y	Gyr_Z	Mat[1][1]	Mat[2][1]	Mat[3][1]	Mat[1][2]	Mat[2][2]	Mat[3][2]	Mat[1][3]	Mat[2][3]	Mat[3][3]
26132	4.414901	0.738370	9.258251	0.009149	-0.021188	0.012765	-0.864682	0.250955	0.435140	-0.242547	-0.967173	0.075815	0.439882	-0.039986	0.897165
26133	4.372238	0.756692	9.265941	0.016695	-0.020466	0.011561	-0.864603	0.250860	0.435352	-0.242415	-0.967200	0.075892	0.440110	-0.039920	0.897056
26134	4.418991	0.740909	9.256097	0.034556	-0.022516	0.010720	-0.864514	0.250776	0.435575	-0.242215	-0.967231	0.076129	0.440394	-0.039688	0.896927
26135	4.412439	0.782993	9.268982	0.042909	-0.018476	0.009759	-0.864440	0.250700	0.435768	-0.241983	-0.967264	0.076448	0.440668	-0.039363	0.896807
26136	4.428923	0.768533	9.242229	0.047357	-0.022791	0.009029	-0.864348	0.250621	0.435994	-0.241729	-0.967299	0.076808	0.440987	-0.039003	0.896666
26137	4.404622	0.749255	9.289228	0.049314	-0.021650	0.015290	-0.864273	0.250490	0.436219	-0.241420	-0.967348	0.077160	0.441304	-0.038625	0.896526
26138	4.417258	0.703853	9.306302	0.066945	-0.025179	0.008031	-0.864174	0.250419	0.436456	-0.241088	-0.967388	0.077697	0.441679	-0.038081	0.896365
26139	4.389008	0.758216	9.322940	0.078850	-0.029269	0.003960	-0.864037	0.250396	0.436740	-0.240746	-0.967420	0.078363	0.442133	-0.037435	0.896168
26140	4.426586	0.797708	9.293489	0.074109	-0.040940	0.003976	-0.863850	0.250375	0.437122	-0.240434	-0.967447	0.078984	0.442668	-0.036869	0.895927
26141	4.408288	0.812832	9.295392	0.063910	-0.045136	0.002983	-0.863640	0.250355	0.437548	-0.240166	-0.967469	0.079520	0.443222	-0.036408	0.895672
26142	4.469186	0.841351	9.261146	0.045018	-0.047174	0.004950	-0.863429	0.250312	0.437989	-0.239962	-0.967491	0.079876	0.443744	-0.036133	0.895425
26143	4.438806	0.860841	9.321108	0.035717	-0.047557	0.006333	-0.863216	0.250259	0.438438	-0.239790	-0.967511	0.080145	0.444251	-0.035951	0.895181
26144	4.423750	0.812569	9.320609	0.026908	-0.053143	0.010018	-0.862982	0.250190	0.438938	-0.239648	-0.967532	0.080319	0.444781	-0.035877	0.894920
26145	4.408879	0.811754	9.354874	0.013555	-0.062868	0.007386	-0.862703	0.250122	0.439525	-0.239566	-0.967547	0.080384	0.445367	-0.035947	0.894626
26146	4.374753	0.861548	9.316442	-0.000622	-0.075199	0.012297	-0.862380	0.250008	0.440223	-0.239511	-0.967567	0.080300	0.446021	-0.036189	0.894291
26147	4.325903	0.885182	9.379688	-0.015068	-0.096267	0.013664	-0.861966	0.249866	0.441114	-0.239501	-0.967588	0.080082	0.446826	-0.036619	0.893871
26148	4.241370	0.945426	9.439265	-0.034084	-0.134766	0.024365	-0.861410	0.249600	0.442350	-0.239479	-0.967629	0.079644	0.447910	-0.037327	0.893299
26149	4.213973	0.994619	9.509492	-0.061854	-0.185816	0.038175	-0.860650	0.249186	0.444058	-0.239469	-0.967693	0.078900	0.449372	-0.038433	0.892517
26150	4.148607	0.960366	9.516807	-0.110394	-0.253270	0.054342	-0.859624	0.248599	0.446368	-0.239556	-0.967773	0.077648	0.451286	-0.040182	0.891474
26151	4.106525	0.940467	9.563863	-0.144895	-0.330074	0.065126	-0.858269	0.247858	0.449377	-0.239694	-0.967866	0.076043	0.453785	-0.042448	0.890100
26152	4.044781	0.954344	9.659499	-0.155253	-0.418599	0.082062	-0.856554	0.246897	0.453164	-0.239729	-0.967995	0.074265	0.456996	-0.045025	0.888329
26153	3.919268	1.031583	9.780726	-0.174547	-0.533120	0.103122	-0.854336	0.245676	0.457988	-0.239690	-0.968159	0.072224	0.461149	-0.048071	0.886020
26154	3.732216	0.982969	9.898632	-0.200621	-0.685366	0.128565	-0.851460	0.244111	0.464139	-0.239563	-0.968366	0.069830	0.466503	-0.051733	0.883005
26155	3.664482	0.941140	10.081327	-0.222543	-0.866973	0.149162	-0.847726	0.242225	0.471899	-0.239383	-0.968600	0.067149	0.473347	-0.056040	0.879092
26156	3.589640	0.816348	10.048977	-0.240728	-1.070014	0.169972	-0.843016	0.239987	0.481384	-0.239149	-0.968858	0.064204	0.481801	-0.060998	0.874155
26157	3.579168	0.700778	10.158851	-0.293601	-1.291064	0.184111	-0.837152	0.237402	0.492765	-0.239074	-0.969100	0.060729	0.491956	-0.066968	0.868041
26158	3.451414	0.580091	10.038898	-0.317503	-1.529724	0.181085	-0.829955	0.234596	0.506102	-0.239188	-0.969295	0.057060	0.503949	-0.073696	0.860584
26159	3.502870	0.324494	9.899221	-0.329445	-1.777145	0.153573	-0.821224	0.231757	0.521420	-0.239646	-0.969389	0.053431	0.517842	-0.081077	0.851625
26160	3.953081	-0.235334	9.871114	-0.267802	-2.050137	0.064012	-0.810589	0.229420	0.538806	-0.240569	-0.969301	0.050805	0.533921	-0.088438	0.840896
26161	4.587057	-0.689886	10.253278	-0.146886	-2.245682	-0.043152	-0.798276	0.227802	0.557550	-0.241757	-0.969058	0.049798	0.551642	-0.095039	0.828649
26162	4.844597	-0.840821	9.988443	0.005006	-2.400787	-0.161596	-0.784402	0.227035	0.577207	-0.243038	-0.968689	0.050738	0.570654	-0.100484	0.815020
26163	5.317728	-0.674748	10.060224	0.082328	-2.542246	-0.280444	-0.768936	0.227156	0.597610	-0.244782	-0.968126	0.053035	0.590609	-0.105504	0.800031
26164	6.710995	-0.851876	10.514736	0.140758	-2.601165	-0.397001	-0.752322	0.228219	0.618003	-0.247003	-0.967364	0.056545	0.610738	-0.110108	0.784139
26165	7.006932	-0.731290	10.131392	0.137437	-2.551595	-0.509588	-0.735203	0.230302	0.637524	-0.249985	-0.966339	0.060798	0.630067	-0.114673	0.768027
26166	7.277781	-0.686198	10.235129	0.130589	-2.442376	-0.625447	-0.718005	0.233511	0.655700	-0.253744	-0.965030	0.065817	0.648139	-0.119123	0.752148
26167	7.025518	-0.115259	9.806604	0.094232	-2.345537	-0.705537	-0.700775	0.237490	0.672691	-0.258176	-0.963471	0.071194	0.665026	-0.123782	0.736491
26168	7.746031	0.230326	9.779596	-0.041816	-2.325698	-0.785292	-0.683058	0.242123	0.689063	-0.263942	-0.961523	0.076218	0.681004	-0.129811	0.720682
26169	8.134368	0.173533	9.155521	-0.166631	-2.097139	-0.822911	-0.666409	0.247256	0.703394	-0.270686	-0.959275	0.080750	0.694714	-0.136587	0.706198
26170	7.020276	-0.002115	8.289451	-0.223473	-1.859096	-0.841908	-0.651062	0.252743	0.715709	-0.277850	-0.956844	0.085143	0.706341	-0.143426	0.693189
26171	5.972660	0.162269	9.164611	-0.177238	-1.524555	-0.801375	-0.637945	0.258195	0.725508	-0.284321	-0.954524	0.089692	0.715673	-0.149059	0.682344
26172	3.036811	-0.606943	10.539346	-0.145297	-1.052409	-0.667354	-0.628451	0.262990	0.732042	-0.289644	-0.952551	0.093552	0.721911	-0.153239	0.674805
26173	0.770734	-2.431564	11.484332	-0.064339	-0.532122	-0.298636	-0.623708	0.265035	0.735354	-0.292025	-0.951650	0.095304	0.725059	-0.155300	0.670949
26174	-0.944376	-6.073993	11.983698	0.047591	-0.052848	0.421378	-0.624537	0.260962	0.736106	-0.289105	-0.952818	0.092504	0.725515	-0.155039	0.670516
26175	0.486679	-7.132748	12.503349	0.499939	0.336290	1.513698	-0.631228	0.247039	0.735202	-0.276020	-0.957411	0.084720	0.724820	-0.149453	0.672533
26176	1.116390	-4.392052	13.522570	0.659611	1.010599	2.205364	-0.644402	0.227344	0.730110	-0.257251	-0.963584	0.072991	0.720116	-0.140786	0.679420
26177	-0.864128	-1.982857	11.947581	0.869910	1.565967	2.456600	-0.661640	0.205727	0.721047	-0.235025	-0.970066	0.061115	0.712036	-0.129027	0.690186
26178	-1.215187	0.077082	10.891573	0.994795	1.878520	2.353053	-0.680179	0.185153	0.709278	-0.212271	-0.975870	0.051182	0.701639	-0.115746	0.703069
26179	-0.476223	1.804405	10.661474	0.948151	2.085206	2.098403	-0.698893	0.166927	0.695474	-0.191253	-0.980591	0.043168	0.689181	-0.102842	0.717254
26180	0.688401	2.731081	11.072174	0.793481	2.317936	1.778528	-0.717939	0.151731	0.679368	-0.173307	-0.984185	0.036663	0.674187	-0.091417	0.732881
26181	1.875208	2.700429	11.297709	0.630727	2.588644	1.420871	-0.737502	0.139990	0.660676	-0.158816	-0.986796	0.031808	0.656406	-0.081467	0.749997
26182	2.526512	2.274426	11.147672	0.525854	2.845828	1.054496	-0.757513	0.131792	0.639379	-0.147592	-0.988625	0.028919	0.635918	-0.072461	0.768348
26183	3.109243	1.726410	10.837905	0.438712	3.032908	0.725771	-0.777480	0.126711	0.616010	-0.139327	-0.989857	0.027762	0.613280	-0.064243	0.787249
26184	3.606617	1.021093	10.603981	0.377877	3.156233	0.484818	-0.797121	0.123845	0.590982	-0.133291	-0.990686	0.027822	0.588924	-0.056596	0.806205
26185	4.325297	0.247936	10.398702	0.308846	3.223782	0.348453	-0.816136	0.122129	0.564807	-0.128745	-0.991273	0.028310	0.563336	-0.049611	0.824737
26186	4.919278	-0.412425	10.189333	0.264978	3.269144	0.316832	-0.834486	0.120823	0.537619	-0.125055	-0.991733	0.028771	0.536651	-0.043223	0.842697
26187	5.296587	-0.818714	9.837111	0.216172	3.278111	0.368453	-0.852069	0.118513	0.509837	-0.120861	-0.992256	0.028662	0.509285	-0.037197	0.859794
26188	5.449146	-1.375423	9.529576	0.183754	3.244167	0.463888	-0.868658	0.115376	0.481791	-0.116366	-0.992813	0.027947	0.481552	-0.031787	0.875841
26189	5.808028	-1.656168	9.441129	0.195821	3.170774	0.578696	-0.884133	0.110576	0.453962	-0.110420	-0.993520	0.026947	0.454000	-0.026302	0.890614
26190	6.095527	-1.581667	9.468643	0.203290	3.090319	0.689837	-0.898438	0.104903	0.426386	-0.103885	-0.994257	0.025719	0.426635	-0.021188	0.904176
26191	6.317511	-1.340514	9.448215	0.155786	3.004366	0.784563	-0.911623	0.097693	0.399248	-0.096181	-0.995078	0.023873	0.399615	-0.016637	0.916532
26192	6.694953	-1.057125	9.562990	0.059286	2.918268	0.844268	-0.923634	0.090237	0.372502	-0.088766	-0.995828	0.021137	0.372856	-0.013543	0.927791
26193	7.048182	-0.865992	9.492669	-0.090402	2.834737	0.872098	-0.934559	0.081938	0.346244	-0.081028	-0.996565	0.017132	0.346458	-0.012045	0.937988
26194	7.265159	-0.717103	9.418014	-0.247825	2.746323	0.880825	-0.944365	0.074020	0.320461	-0.074146	-0.997177	0.011827	0.320432	-0.012592	0.947188
26195	7.618069	-0.488814	9.260056	-0.387916	2.647796	0.872461	-0.953121	0.065705	0.295368	-0.067100	-0.997732	0.005421	0.295055	-0.014652	0.955368
26196	7.896884	-0.113663	9.009379	-0.487394	2.525595	0.836672	-0.960772	0.058298	0.271143	-0.061035	-0.998134	-0.001664	0.270540	-0.018148	0.962538
26197	4.184142	-7.582210	1.992293	0.064904	1.111079	0.696926	-0.964113	0.051562	0.260439	-0.054192	-0.998526	-0.002922	0.259904	-0.016931	0.965486
26198	11.213679	1.979385	0.273886	1.484439	-0.102384	0.988818	-0.964317	0.041719	0.261444	-0.040847	-0.999127	0.008772	0.261581	-0.002220	0.965179
26199	22.161412	5.833393	2.695307	0.900265	-0.632858	0.869665	-0.962942	0.033070	0.267673	-0.030120	-0.999432	0.015121	0.268021	0.006499	0.963391
26200	20.923193	4.578925	0.199382	0.532905	-0.708197	0.634529	-0.961187	0.026830	0.274590	-0.022622	-0.999573	0.018482	0.274969	0.011553	0.961384
26201	21.710244	6.644697	-1.227425	0.439322	-1.068286	0.171368	-0.958223	0.025290	0.284901	-0.019784	-0.999558	0.022190	0.285336	0.015626	0.958300
26202	19.829510	8.741142	0.045151	0.290437	-1.424665	-0.357022	-0.953983	0.029130	0.298444	-0.022392	-0.999412	0.025974	0.299025	0.018096	0.954074
26203	8.379580	5.873209	13.488897	-0.429560	-1.097149	-0.558687	-0.950493	0.034914	0.308777	-0.029057	-0.999300	0.023549	0.309383	0.013411	0.950843
26204	3.648943	-4.619525	14.033104	-0.110712	-0.679027	-0.735022	-0.948125	0.042368	0.315061	-0.036411	-0.999030	0.024771	0.315805	0.012014	0.948748
26205	0.971513	-3.921099	9.825862	0.479247	-0.920032	-0.755352	-0.944874	0.050071	0.323584	-0.042065	-0.998612	0.031694	0.324722	0.016335	0.945669
26206	2.423508	-6.862150	9.024590	0.474434	-1.269319	-0.458315	-0.940470	0.054908	0.335412	-0.044855	-0.998284	0.037653	0.336904	0.020367	0.941319
26207	5.014890	-4.689394	10.039963	1.121071	-1.291044	-0.198046	-0.935943	0.057243	0.347469	-0.042905	-0.997885	0.048827	0.349529	0.030791	0.936419
26208	3.727153	2.238455	9.321194	1.146794	-1.191344	-0.280003	-0.931585	0.060501	0.358454	-0.041495	-0.997306	0.060488	0.361147	0.041476	0.931586
26209	5.525084	3.571412	10.314278	0.834360	-1.222680	-0.304722	-0.926962	0.064121	0.369636	-0.041305	-0.996739	0.069322	0.372875	0.048992	0.926587
26210	9.372890	4.106356	12.248403	0.408446	-0.831699	-0.132992	-0.923767	0.065900	0.377243	-0.041044	-0.996446	0.073564	0.380750	0.052472	0.923188
26211	5.375999	1.730782	10.778971	0.107103	-0.411565	-0.094991	-0.922142	0.067093	0.380988	-0.041551	-0.996326	0.074885	0.384613	0.053225	0.921542
26212	4.914347	0.821549	10.807203	0.044646	-0.372357	-0.061719	-0.920671	0.067937	0.384382	-0.041992	-0.996261	0.075504	0.388074	0.053373	0.920081
26213	5.306149	2.446079	10.329724	0.138677	-0.275642	-0.013294	-0.919582	0.068247	0.386926	-0.041615	-0.996177	0.076804	0.390688	0.054526	0.918907
26214	4.736203	1.864986	9.878970	-0.060681	-0.165594	0.004708	-0.918928	0.068319	0.388462	-0.041852	-0.996214	0.076202	0.392197	0.053766	0.918308
26215	4.338643	1.214172	9.592353	-0.024098	-0.154051	0.034535	-0.918327	0.068087	0.389922	-0.041671	-0.996250	0.075820	0.393622	0.053379	0.917721
26216	4.652404	1.249934	9.706419	-0.043903	-0.117716	0.049445	-0.917877	0.067686	0.391051	-0.041432	-0.996307	0.075199	0.394697	0.052821	0.917292
26217	4.054567	1.012160	9.478988	-0.049494	-0.086493	0.055832	-0.917548	0.067203	0.391906	-0.041156	-0.996371	0.074500	0.395490	0.052229	0.916984
26218	4.000307	0.870692	9.420206	-0.059173	-0.086041	0.060414	-0.917225	0.066675	0.392751	-0.040877	-0.996443	0.073696	0.396268	0.051541	0.916687
26219	4.336538	0.842129	9.610887	-0.041806	-0.105604	0.062320	-0.916821	0.066137	0.393784	-0.040513	-0.996506	0.073042	0.397239	0.051013	0.916296
26220	4.141684	0.736668	9.391410	-0.040187	-0.048997	0.062264	-0.916644	0.065570	0.394290	-0.040143	-0.996567	0.072404	0.397684	0.050541	0.916129
26221	4.075214	0.562262	9.467277	-0.047967	-0.056562	0.060590	-0.916432	0.065023	0.394871	-0.039819	-0.996631	0.071700	0.398203	0.049985	0.915934
26222	4.154070	0.353171	9.471948	-0.039596	-0.050108	0.054350	-0.916247	0.064535	0.395381	-0.039521	-0.996686	0.071098	0.398659	0.049517	0.915761
26223	4.062140	0.556560	9.499338	-0.000657	-0.029202	0.047437	-0.916139	0.064105	0.395702	-0.039130	-0.996717	0.070879	0.398946	0.049451	0.915640
26224	3.988690	0.534331	9.452501	-0.001801	-0.029217	0.041762	-0.916031	0.063733	0.396011	-0.038796	-0.996745	0.070671	0.399226	0.049374	0.915522
26225	3.966424	0.760443	9.471587	0.024257	-0.034772	0.039961	-0.915898	0.063380	0.396377	-0.038374	-0.996759	0.070710	0.399574	0.049552	0.915361
26226	3.977866	0.720594	9.513924	0.012204	-0.035773	0.045246	-0.915765	0.062976	0.396748	-0.037953	-0.996781	0.070617	0.399919	0.049610	0.915207
26227	4.032450	0.802211	9.482639	0.020504	-0.043397	0.047392	-0.915598	0.062554	0.397198	-0.037478	-0.996801	0.070591	0.400344	0.049746	0.915014
26228	4.026557	0.783494	9.493333	0.008129	-0.045674	0.051899	-0.915428	0.062088	0.397665	-0.037013	-0.996830	0.070433	0.400777	0.049758	0.914823
26229	3.998291	0.653208	9.420935	0.004673	-0.050381	0.052428	-0.915234	0.061619	0.398182	-0.036555	-0.996860	0.070242	0.401260	0.049732	0.914613
26230	4.046576	0.479960	9.252292	0.072138	-0.042616	0.048800	-0.915074	0.061183	0.398618	-0.035861	-0.996854	0.070682	0.401689	0.050385	0.914389
26231	4.064653	0.242037	9.364556	0.451608	0.017064	0.040768	-0.915146	0.060797	0.398511	-0.033715	-0.996642	0.074623	0.401710	0.054855	0.914123
26232	3.993562	0.699472	9.426553	0.417665	-0.004172	0.017193	-0.915128	0.060657	0.398574	-0.031922	-0.996415	0.078346	0.401898	0.058973	0.913784
26233	4.085638	0.669295	9.590326	0.359067	-0.035093	0.005147	-0.914978	0.060656	0.398918	-0.030473	-0.996201	0.081581	0.402351	0.062488	0.913350
26234	4.119863	0.792256	9.557742	0.234065	-0.045945	0.005287	-0.914788	0.060662	0.399354	-0.029525	-0.996056	0.083671	0.402854	0.064750	0.912971
26235	4.116050	0.710866	9.547974	0.165450	-0.039839	0.011145	-0.914620	0.060607	0.399746	-0.028797	-0.995955	0.085111	0.403287	0.066333	0.912666
26236	4.200326	0.760679	9.523319	0.120102	-0.033187	0.009212	-0.914482	0.060567	0.400068	-0.028272	-0.995881	0.086144	0.403638	0.067466	0.912428
26237	4.089308	0.901453	9.562775	0.084113	-0.039793	0.015582	-0.914316	0.060468	0.400463	-0.027831	-0.995835	0.086824	0.404045	0.068239	0.912190
26238	4.102141	0.916160	9.581076	0.030078	-0.046528	0.019582	-0.914126	0.060335	0.400916	-0.027574	-0.995827	0.086993	0.404492	0.068468	0.911975
26239	4.081435	0.885867	9.517249	-0.018662	-0.052856	0.026321	-0.913909	0.060138	0.401440	-0.027450	-0.995857	0.086692	0.404990	0.068209	0.911773
26240	4.049230	0.827060	9.499833	-0.027295	-0.067469	0.027949	-0.913636	0.059935	0.402090	-0.027349	-0.995893	0.086305	0.405612	0.067855	0.911523
26241	4.056460	0.824215	9.496995	-0.009249	-0.080010	0.026791	-0.913308	0.059752	0.402862	-0.027183	-0.995917	0.086088	0.406360	0.067674	0.911203
26242	4.098332	0.792624	9.435661	-0.023424	-0.084263	0.026275	-0.912966	0.059577	0.403663	-0.027082	-0.995949	0.085742	0.407136	0.067347	0.910881
26243	4.105708	0.831430	9.441716	-0.004026	-0.092268	0.026017	-0.912587	0.059409	0.404545	-0.026902	-0.995968	0.085575	0.407998	0.067211	0.910506
26244	4.114840	0.829128	9.437942	-0.023501	-0.096913	0.022797	-0.912190	0.059277	0.405458	-0.026834	-0.995999	0.085242	0.408888	0.066877	0.910131
26245	4.137775	0.919792	9.527901	-0.033121	-0.102719	0.025660	-0.911766	0.059119	0.406433	-0.026777	-0.996037	0.084812	0.409836	0.066445	0.909736
26246	4.064100	0.934439	9.402341	-0.184699	-0.094067	0.042964	-0.911385	0.058782	0.407336	-0.027187	-0.996184	0.082930	0.410657	0.064507	0.909505
26247	4.067789	0.301856	9.322690	-0.066273	-0.141279	0.012496	-0.910797	0.058778	0.408650	-0.027387	-0.996235	0.082252	0.411946	0.063723	0.908977
26248	4.375328	0.798771	9.272014	0.085511	-0.119538	-0.000512	-0.910296	0.058889	0.409747	-0.027083	-0.996181	0.083004	0.413070	0.064461	0.908415
26249	4.201694	0.789079	9.324846	0.100701	-0.070269	0.007315	-0.909997	0.058891	0.410410	-0.026642	-0.996121	0.083864	0.413757	0.065382	0.908037
26250	4.206287	0.789559	9.354902	0.086557	-0.061846	0.010381	-0.909737	0.058859	0.410992	-0.026233	-0.996071	0.084581	0.414355	0.066164	0.907707
26251	4.210770	0.787896	9.385215	0.055495	-0.066736	0.011175	-0.909453	0.058821	0.411626	-0.025943	-0.996042	0.085014	0.414997	0.066637	0.907379
26252	4.220170	0.719250	9.329435	0.076723	-0.054962	0.003933	-0.909219	0.058849	0.412139	-0.025633	-0.995994	0.085667	0.415529	0.067325	0.907085
26253	4.204866	0.740028	9.328811	0.080657	-0.050839	-0.002407	-0.908996	0.058936	0.412617	-0.025361	-0.995939	0.086383	0.416032	0.068058	0.906800
26254	4.247112	0.844696	9.350117	0.089338	-0.052070	-0.002032	-0.908772	0.059022	0.413098	-0.025053	-0.995878	0.087175	0.416541	0.068873	0.906505
26255	4.210937	0.831128	9.375659	0.089308	-0.052063	-0.002014	-0.908544	0.059108	0.413587	-0.024741	-0.995816	0.087968	0.417056	0.069690	0.906205
26256	4.188499	0.760841	9.335711	0.092784	-0.047987	-0.004774	-0.908335	0.059219	0.414029	-0.024442	-0.995749	0.088801	0.417528	0.070542	0.905922
26257	4.141777	0.732556	9.374508	0.143267	-0.052970	-0.012423	-0.908101	0.059410	0.414516	-0.023998	-0.995641	0.090126	0.418064	0.071896	0.905568
26258	4.012550	0.887749	9.448892	0.211602	-0.078724	-0.013064	-0.907761	0.059628	0.415228	-0.023276	-0.995481	0.092068	0.418841	0.073911	0.905047
26259	3.980076	0.836761	9.496430	0.191625	-0.113138	-0.018186	-0.907272	0.059923	0.416253	-0.022679	-0.995328	0.093853	0.419932	0.075710	0.904392
26260	3.970990	0.951155	9.509698	0.182421	-0.166328	-0.012333	-0.906563	0.060204	0.417756	-0.022069	-0.995182	0.095526	0.421494	0.077381	0.903524
26261	3.881786	0.717755	9.528289	0.239261	-0.218217	-0.021483	-0.905625	0.060618	0.419724	-0.021295	-0.994983	0.097752	0.423543	0.079589	0.902373
26262	3.865590	0.969126	9.654168	0.213642	-0.259323	-0.014293	-0.904514	0.061000	0.422058	-0.020563	-0.994804	0.099711	0.425948	0.081512	0.901068
26263	3.694677	1.189880	9.570000	0.250779	-0.341687	-0.005960	-0.903042	0.061371	0.425146	-0.019586	-0.994595	0.101970	0.429106	0.083756	0.899362
26264	3.766891	1.377187	9.659222	0.212342	-0.458213	0.020538	-0.901063	0.061586	0.429293	-0.018532	-0.994429	0.103763	0.433292	0.085541	0.897185
26265	3.880318	1.323116	9.554237	0.098582	-0.572849	0.056240	-0.898565	0.061548	0.434502	-0.017638	-0.994381	0.104379	0.438485	0.086128	0.894602
26266	3.970903	1.237805	9.562516	0.114537	-0.669785	0.071241	-0.895614	0.061449	0.440568	-0.016539	-0.994328	0.105064	0.444525	0.086810	0.891550
26267	4.102342	1.130436	9.440738	-0.010232	-0.751615	0.084932	-0.892250	0.061284	0.447363	-0.015868	-0.994391	0.104573	0.451262	0.086207	0.888218
26268	4.317863	1.029842	9.389368	-0.036207	-0.812497	0.086559	-0.888561	0.061151	0.454664	-0.015309	-0.994477	0.103837	0.458503	0.085305	0.884589
26269	4.289245	0.875994	9.482644	-0.104568	-0.859528	0.082649	-0.884589	0.061085	0.462354	-0.015102	-0.994617	0.102512	0.466127	0.083699	0.880750
26270	4.293235	1.004340	9.441316	-0.158694	-0.928705	0.074143	-0.880226	0.061145	0.470599	-0.015241	-0.994795	0.100747	0.474310	0.081508	0.876577
26271	4.382632	1.396175	9.489833	-0.228997	-1.001386	0.082833	-0.875434	0.061152	0.479454	-0.015653	-0.995031	0.098330	0.483085	0.078576	0.872041
26272	4.315780	1.366760	9.505815	-0.327793	-1.101135	0.113438	-0.870073	0.060897	0.489147	-0.016310	-0.995353	0.094907	0.492653	0.074598	0.867023
26273	4.185361	1.278761	9.618769	-0.375090	-1.223259	0.139158	-0.863993	0.060426	0.499865	-0.017015	-0.995710	0.090956	0.503216	0.070081	0.861314
26274	4.061891	1.241983	9.921510	-0.444263	-1.378778	0.157254	-0.856994	0.059819	0.511843	-0.017970	-0.996105	0.086327	0.515013	0.064784	0.854731
26275	3.802698	1.022781	10.035032	-0.529234	-1.570162	0.158378	-0.848820	0.059238	0.525353	-0.019425	-0.996526	0.080983	0.528326	0.058535	0.847022
26276	3.550441	1.021437	10.169296	-0.625158	-1.823228	0.153412	-0.839072	0.058739	0.540839	-0.021528	-0.996960	0.074878	0.543594	0.051185	0.837786
26277	3.330047	1.019142	10.273248	-0.695546	-2.148262	0.136060	-0.827221	0.058422	0.558831	-0.024282	-0.997368	0.068324	0.561352	0.042949	0.826462
26278	3.152048	1.012463	10.379643	-0.702559	-2.534466	0.116030	-0.812755	0.058274	0.579683	-0.027395	-0.997707	0.061888	0.581961	0.034419	0.812488
26279	2.929636	0.742814	11.012185	-0.713993	-3.031787	0.076006	-0.794751	0.058452	0.604114	-0.031072	-0.997965	0.055683	0.606140	0.025483	0.794950
26280	2.889799	-0.043722	10.854874	-0.670425	-3.615590	-0.003752	-0.772318	0.059280	0.632464	-0.035308	-0.998103	0.050435	0.634254	0.016620	0.772946
26281	4.011690	-0.430706	11.046916	-0.486295	-4.201157	-0.165946	-0.744923	0.061506	0.664309	-0.039776	-0.998064	0.047805	0.665963	0.009187	0.745928
26282	4.738222	-0.838250	11.164564	-0.286332	-4.737743	-0.337230	-0.712404	0.065196	0.698734	-0.044241	-0.997867	0.048000	0.700373	0.003283	0.713769
26283	7.418987	-0.575598	12.990849	-0.161241	-5.249930	-0.459867	-0.674441	0.069849	0.735018	-0.048638	-0.997556	0.050169	0.736725	-0.001914	0.676189
26284	10.375147	-1.519543	14.308813	-0.017607	-5.401240	-0.468036	-0.633446	0.074331	0.770209	-0.051886	-0.997215	0.053566	0.772046	-0.006032	0.635538
26285	12.201095	-2.236390	15.054859	0.140824	-5.324010	-0.470571	-0.591193	0.078658	0.802685	-0.053706	-0.996863	0.058131	0.804740	-0.008743	0.593563
26286	11.992335	-1.547084	14.479586	0.385441	-5.249843	-0.464630	-0.547895	0.082844	0.832435	-0.053252	-0.996520	0.064124	0.834851	-0.009196	0.550400
26287	10.694004	-0.634060	14.178363	0.183738	-5.151532	-0.474392	-0.503900	0.087058	0.859363	-0.054237	-0.996134	0.069111	0.862057	-0.011784	0.506674
26288	8.532223	-0.215437	13.368129	-0.005843	-5.056935	-0.530228	-0.459388	0.091648	0.883495	-0.056906	-0.995656	0.073694	0.886411	-0.016422	0.462607
26289	5.842116	-0.477697	11.895840	-0.198347	-4.881773	-0.626105	-0.415195	0.096945	0.904552	-0.061471	-0.995023	0.078425	0.907653	-0.023042	0.419087
26290	2.550084	-1.026920	9.301460	-0.227579	-4.720232	-0.795628	-0.371403	0.103624	0.922671	-0.066754	-0.994161	0.084783	0.926069	-0.030103	0.376151
26291	-1.620424	-0.989828	6.851782	0.008746	-4.658204	-0.964567	-0.327193	0.111718	0.938330	-0.070089	-0.993121	0.093802	0.942355	-0.035075	0.332773
26292	3.138810	-2.596266	6.983214	0.242081	-4.650572	-0.755396	-0.282506	0.117533	0.952038	-0.070160	-0.992339	0.101689	0.956696	-0.038067	0.288588
26293	19.622073	-5.786859	18.836079	0.027547	-2.277420	-0.091021	-0.260558	0.117568	0.958273	-0.070188	-0.992238	0.102651	0.962903	-0.040513	0.266788
26294	13.331522	-2.655978	20.232224	0.758908	0.656114	0.371420	-0.267131	0.114127	0.956878	-0.061982	-0.992941	0.101125	0.961665	-0.032295	0.272319
26295	2.614899	-4.705475	11.447426	1.006974	2.450964	0.649693	-0.290968	0.108336	0.950579	-0.050562	-0.993921	0.097798	0.955396	-0.019607	0.294676
26296	-6.472904	-1.057891	4.869093	1.425926	2.704629	0.699699	-0.317027	0.101682	0.942950	-0.034950	-0.994813	0.095525	0.947772	-0.002672	0.318937
26297	-6.960647	1.882210	3.379791	1.334404	2.127872	0.700595	-0.337296	0.094632	0.936630	-0.020101	-0.995432	0.093334	0.941184	0.012654	0.337657
26298	-4.046706	3.284257	5.052887	0.864522	1.695242	0.677510	-0.353330	0.087593	0.931389	-0.009733	-0.995897	0.089968	0.935448	0.022723	0.352733
26299	0.087472	2.422446	8.038321	0.385288	1.793683	0.651497	-0.370074	0.080676	0.925492	-0.003832	-0.996346	0.085320	0.928994	0.028028	0.369031
26300	2.117718	-0.071502	9.725845	0.062801	2.219257	0.605990	-0.390644	0.074002	0.917563	-0.001027	-0.996798	0.079956	0.920541	0.030292	0.389469
26301	3.366714	-0.911939	10.218012	0.420434	2.870966	0.620715	-0.416873	0.066884	0.906501	0.005278	-0.997094	0.075995	0.908949	0.036465	0.415309
26302	2.869908	-0.124542	9.865786	0.672636	3.379571	0.640178	-0.447320	0.059133	0.892417	0.014026	-0.997225	0.073108	0.894264	0.045220	0.445249
26303	2.745439	1.148149	9.427537	0.702733	3.681069	0.642022	-0.479787	0.050928	0.875906	0.023179	-0.997230	0.070679	0.877079	0.054213	0.477277
26304	3.487954	1.452212	9.627992	0.563162	3.864914	0.587601	-0.513195	0.042848	0.857202	0.030898	-0.997183	0.068343	0.857716	0.061559	0.510426
26305	5.126173	1.134133	10.158899	0.445572	4.054043	0.507210	-0.547342	0.035201	0.836169	0.037313	-0.997095	0.066400	0.836077	0.067544	0.544438
26306	6.246075	0.522038	10.401298	0.392926	4.297762	0.425871	-0.582624	0.027961	0.812260	0.042873	-0.996959	0.065071	0.811610	0.072736	0.579654
26307	6.760771	0.147687	10.334611	0.422320	4.526943	0.361649	-0.618570	0.020972	0.785450	0.048367	-0.996732	0.064704	0.784240	0.078014	0.615534
26308	7.245655	0.070655	10.219792	0.426129	4.685445	0.351373	-0.654479	0.013722	0.755955	0.053797	-0.996456	0.064663	0.754164	0.082989	0.651422
26309	7.615010	-0.507754	10.117280	0.394003	4.766180	0.404499	-0.689418	0.005661	0.724341	0.059376	-0.996163	0.064298	0.721926	0.087337	0.686437
26310	8.029160	-1.057006	10.137333	0.397122	4.786384	0.508534	-0.722886	-0.003650	0.690958	0.065681	-0.995821	0.063455	0.687839	0.091253	0.720104
26311	8.274265	-1.307213	10.280282	0.408538	4.768664	0.668983	-0.754368	-0.014720	0.656287	0.073314	-0.995383	0.061944	0.652345	0.094844	0.751964
26312	8.368074	-1.351980	10.617193	0.417221	4.723557	0.835311	-0.783709	-0.027553	0.620516	0.082296	-0.994814	0.059766	0.615652	0.097905	0.781913
26313	8.781363	-1.263887	11.180056	0.391311	4.682764	0.971904	-0.810802	-0.041828	0.583824	0.092336	-0.994094	0.057013	0.577991	0.100134	0.809876
26314	9.158559	-1.192768	11.768390	0.356172	4.675509	1.071790	-0.835911	-0.057149	0.545881	0.103062	-0.993217	0.053838	0.539102	0.101264	0.836131
26315	9.412955	-0.939109	12.247336	0.334312	4.677160	1.107962	-0.858983	-0.072863	0.506793	0.114145	-0.992163	0.050823	0.499118	0.101504	0.860568
26316	9.536411	-0.578453	12.445314	0.277785	4.674934	1.079179	-0.880106	-0.088241	0.466505	0.124771	-0.991027	0.047936	0.458089	0.100395	0.883219
26317	9.654401	-0.162849	12.567027	0.182416	4.637291	0.988868	-0.899103	-0.102602	0.425542	0.134325	-0.989909	0.045132	0.416617	0.097739	0.903813
26318	9.771562	0.254104	12.668225	0.034414	4.570464	0.848889	-0.916055	-0.115312	0.384118	0.142080	-0.988966	0.041949	0.375042	0.093003	0.922331
26319	9.832855	0.575461	12.700320	-0.146091	4.469517	0.658079	-0.930946	-0.125793	0.342807	0.147600	-0.988310	0.038170	0.333998	0.086132	0.938630
26320	10.105650	0.787176	12.698771	-0.358539	4.324531	0.468348	-0.943853	-0.133893	0.302017	0.150783	-0.988009	0.033207	0.293949	0.076881	0.952724
26321	10.445586	0.830584	12.510404	-0.573700	4.150845	0.272720	-0.954842	-0.139514	0.262321	0.151758	-0.988051	0.026906	0.255433	0.065500	0.964605
26322	8.410105	0.877905	11.938360	-0.736649	3.955852	0.072816	-0.964130	-0.142513	0.223929	0.150635	-0.988397	0.019524	0.218549	0.052555	0.974410
26323	13.712200	-1.587422	3.683066	-0.635150	2.217588	0.252646	-0.968367	-0.146042	0.202329	0.151718	-0.988342	0.012747	0.198109	0.043041	0.979235
26324	11.442284	4.566509	6.346569	-0.593622	1.889649	-0.083868	-0.972090	-0.145887	0.183735	0.149708	-0.988705	0.007022	0.180635	0.034333	0.982951
26325	17.558812	3.688028	8.520380	-1.104936	1.956262	-0.509969	-0.976199	-0.141351	0.164484	0.142806	-0.989746	-0.003005	0.163222	0.020556	0.986375
26326	16.194470	1.984967	7.272285	-1.144552	2.102660	-0.960335	-0.980761	-0.132072	0.143750	0.131592	-0.991220	-0.012887	0.144190	0.006277	0.989530
26327	13.107731	1.040800	4.303533	-0.956808	2.016543	-1.476044	-0.985307	-0.117404	0.124038	0.115757	-0.993067	-0.020428	0.125577	-0.005769	0.992067
26328	11.404742	0.727167	2.639942	-0.822189	1.664310	-1.844882	-0.989234	-0.098841	0.107919	0.096524	-0.994978	-0.026503	0.109997	-0.015801	0.993806
26329	11.086161	0.309659	2.058847	-0.937710	1.242640	-1.966781	-0.992227	-0.078968	0.096181	0.076028	-0.996531	-0.033857	0.098520	-0.026281	0.994788
26330	10.175583	-1.221407	1.155639	-1.047383	0.752668	-1.853034	-0.994176	-0.060212	0.089383	0.056582	-0.997488	-0.042609	0.091724	-0.037303	0.995085
26331	9.115641	-3.130311	0.763935	-0.965789	0.169358	-1.578738	-0.995091	-0.044363	0.088460	0.039967	-0.997906	-0.050852	0.090531	-0.047067	0.994781
26332	9.030712	-4.373043	1.112394	-0.637456	-0.417706	-1.193843	-0.995109	-0.032617	0.093243	0.027451	-0.998044	-0.056160	0.094892	-0.053326	0.994058
26333	9.071125	-5.059337	1.640439	-0.107560	-0.945491	-0.728442	-0.994339	-0.025827	0.103072	0.020066	-0.998198	-0.056551	0.104347	-0.054162	0.993065
26334	9.235445	-4.864863	2.023106	0.518379	-1.430480	-0.215050	-0.992788	-0.024370	0.117381	0.018454	-0.998516	-0.051230	0.118455	-0.048695	0.991765
26335	9.237523	-3.134106	2.627908	1.013985	-1.836557	0.309549	-0.990381	-0.028233	0.135459	0.022783	-0.998874	-0.041611	0.136481	-0.038124	0.989909
26336	9.232374	-1.393562	2.575966	1.220663	-2.193148	0.818760	-0.986928	-0.037058	0.156845	0.032616	-0.998993	-0.030806	0.157828	-0.025288	0.987143
26337	6.201746	0.609848	4.043560	1.250107	-2.460816	1.237939	-0.982256	-0.049853	0.180796	0.046893	-0.998687	-0.020614	0.181587	-0.011770	0.983305
26338	2.748400	0.463806	8.937846	1.006587	-2.553653	1.361836	-0.976566	-0.063557	0.205621	0.062122	-0.997978	-0.013434	0.206059	-0.000345	0.978540
26339	1.604588	-1.222909	11.479588	1.514365	-2.534803	1.012019	-0.970344	-0.073422	0.230308	0.075239	-0.997165	-0.000894	0.229721	0.016460	0.973117
26340	4.040289	5.630982	13.393310	2.024327	-2.720623	0.431896	-0.963416	-0.076931	0.256733	0.084253	-0.996289	0.017625	0.254424	0.038610	0.966322
26341	6.279393	9.798387	12.187174	1.031014	-2.557256	0.173033	-0.956453	-0.077483	0.281415	0.088622	-0.995698	0.027054	0.278108	0.050816	0.959205
26342	4.600928	3.456803	12.804620	0.311948	-2.611394	-0.024171	-0.948892	-0.075812	0.306361	0.089246	-0.995556	0.030061	0.302721	0.055866	0.951441
26343	14.219119	-5.207720	16.129206	1.639753	-2.847599	-0.460579	-0.940316	-0.069346	0.333161	0.090029	-0.994828	0.047027	0.328177	0.074215	0.941696
26344	9.189321	3.978469	12.709167	1.314975	-1.579817	-0.298418	-0.935295	-0.065057	0.347838	0.091580	-0.993968	0.060343	0.341814	0.088293	0.935611
26345	5.959805	6.185158	11.401712	1.155817	-1.728490	-0.253743	-0.929485	-0.060872	0.363802	0.093212	-0.993040	0.071992	0.356888	0.100826	0.928690
26346	11.312634	6.651710	14.048269	0.350573	-1.282334	-0.142342	-0.924966	-0.058105	0.375583	0.093115	-0.992771	0.075731	0.368467	0.105021	0.923690
26347	7.335542	2.916626	10.983490	0.001156	-0.569411	-0.017916	-0.922863	-0.057298	0.380842	0.092913	-0.992786	0.075782	0.373752	0.105322	0.921529
26348	4.814467	1.308025	10.207205	-0.075312	-0.442675	0.047258	-0.921153	-0.057272	0.384965	0.093024	-0.992844	0.074882	0.377921	0.104788	0.919888
26349	5.549037	1.476278	10.172456	0.009322	-0.350874	0.085648	-0.919735	-0.057724	0.388273	0.093806	-0.992791	0.074610	0.381167	0.105044	0.918519
26350	4.779016	0.925053	9.814968	-0.074138	-0.212454	0.087132	-0.918837	-0.058337	0.390301	0.094283	-0.992824	0.073565	0.383208	0.104393	0.917744
26351	4.078962	0.161787	9.558482	-0.029407	-0.187773	0.075460	-0.918039	-0.058860	0.392097	0.094822	-0.992816	0.072974	0.384985	0.104172	0.917025
26352	4.234389	0.257240	9.353371	0.053176	-0.186172	0.072753	-0.917248	-0.059358	0.393870	0.095653	-0.992723	0.073150	0.386661	0.104771	0.916251
26353	4.364874	0.176851	9.801369	0.034031	-0.150515	0.048082	-0.916612	-0.059647	0.395302	0.096184	-0.992665	0.073246	0.388034	0.105160	0.915626
26354	3.944092	0.141241	9.516073	0.050197	-0.110773	0.031931	-0.916148	-0.059817	0.396352	0.096629	-0.992599	0.073553	0.389019	0.105685	0.915147
26355	4.073534	0.882633	9.513858	0.053094	-0.135612	0.024495	-0.915589	-0.059886	0.397630	0.097019	-0.992534	0.073915	0.390235	0.106254	0.914564
26356	4.631668	0.684038	9.702522	0.023329	-0.103689	0.031064	-0.915151	-0.060053	0.398613	0.097352	-0.992497	0.073979	0.391180	0.106507	0.914131
26357	3.849531	0.792929	9.428798	0.023405	-0.091505	0.035879	-0.914751	-0.060282	0.399495	0.097731	-0.992456	0.074024	0.392019	0.106756	0.913742
26358	4.074813	0.634804	9.399917	0.027777	-0.093904	0.037222	-0.914343	-0.060520	0.400393	0.098137	-0.992410	0.074102	0.392869	0.107048	0.913342
26359	4.041146	0.691257	9.507223	0.032146	-0.096302	0.038566	-0.913920	-0.060770	0.401320	0.098575	-0.992358	0.074215	0.393743	0.107387	0.912926
26360	4.024969	0.669157	9.408606	0.028009	-0.093586	0.046744	-0.913502	-0.061102	0.402221	0.099069	-0.992306	0.074257	0.394589	0.107681	0.912526
26361	4.177164	0.788730	9.544720	0.029778	-0.093182	0.058414	-0.913069	-0.061551	0.403133	0.099678	-0.992244	0.074267	0.395435	0.107995	0.912123
26362	4.096379	0.651078	9.472786	0.015326	-0.095214	0.062202	-0.912627	-0.062034	0.404060	0.100263	-0.992196	0.074130	0.396308	0.108165	0.911724
26363	4.209970	0.586281	9.449903	0.022215	-0.077373	0.061994	-0.912251	-0.062536	0.404830	0.100876	-0.992139	0.074056	0.397016	0.108395	0.911388
26364	4.245582	0.579997	9.465630	0.029733	-0.074205	0.057641	-0.911895	-0.062996	0.405561	0.101476	-0.992077	0.074066	0.397682	0.108696	0.911062
26365	4.211819	0.571535	9.457013	0.040213	-0.069160	0.051115	-0.911561	-0.063398	0.406247	0.102061	-0.992007	0.074200	0.398296	0.109099	0.910746
26366	4.255668	0.729326	9.449500	0.049515	-0.057832	0.044074	-0.911282	-0.063741	0.406819	0.102616	-0.991931	0.074445	0.398791	0.109586	0.910470
26367	4.234235	0.772652	9.469257	0.024313	-0.055711	0.044522	-0.911008	-0.064091	0.407378	0.103077	-0.991883	0.074459	0.399299	0.109824	0.910219
26368	4.168166	0.763856	9.476149	0.019977	-0.063468	0.041435	-0.910708	-0.064401	0.407998	0.103490	-0.991841	0.074445	0.399875	0.110022	0.909942
26369	4.194602	0.674146	9.477203	0.005067	-0.066070	0.046694	-0.910389	-0.064762	0.408653	0.103894	-0.991811	0.074275	0.400496	0.110076	0.909663
26370	4.159664	0.628060	9.427462	0.007442	-0.077657	0.039015	-0.910034	-0.065032	0.409400	0.104235	-0.991784	0.074156	0.401214	0.110158	0.909336
26371	4.191017	0.579338	9.435691	0.001352	-0.072944	0.031250	-0.909702	-0.065231	0.410105	0.104483	-0.991769	0.074015	0.401902	0.110181	0.909030
26372	4.182736	0.709194	9.436153	0.013093	-0.080982	0.030824	-0.909341	-0.065417	0.410876	0.104772	-0.991741	0.073980	0.402643	0.110322	0.908685
26373	4.240134	0.692235	9.416481	0.001847	-0.082510	0.028060	-0.908973	-0.065574	0.411665	0.104993	-0.991727	0.073856	0.403416	0.110355	0.908337
26374	4.214260	0.729379	9.381488	0.005554	-0.083127	0.026534	-0.908606	-0.065714	0.412452	0.105212	-0.991710	0.073770	0.404185	0.110423	0.907988
26375	4.186782	0.687887	9.385520	0.005732	-0.079440	0.023010	-0.908254	-0.065824	0.413208	0.105402	-0.991695	0.073702	0.404925	0.110493	0.907649
26376	4.165595	0.615120	9.401858	0.013175	-0.096918	0.026011	-0.907831	-0.065944	0.414119	0.105647	-0.991670	0.073687	0.405810	0.110646	0.907235
26377	4.118346	0.628493	9.360074	0.026106	-0.096691	0.026532	-0.907404	-0.066070	0.415034	0.105952	-0.991630	0.073788	0.406685	0.110930	0.906809
26378	4.323927	0.594011	9.365546	0.033735	-0.099339	0.019037	-0.906976	-0.066117	0.415960	0.106217	-0.991586	0.073988	0.407569	0.111287	0.906368
26379	4.152323	0.611162	9.384292	0.039237	-0.091802	0.014798	-0.906579	-0.066131	0.416822	0.106470	-0.991539	0.074257	0.408385	0.111698	0.905950
26380	4.261739	0.617107	9.388425	0.045423	-0.101310	0.010775	-0.906151	-0.066093	0.417759	0.106708	-0.991488	0.074595	0.409273	0.112173	0.905490
26381	4.020842	0.305159	8.921822	0.189779	-0.112304	-0.025905	-0.905712	-0.065679	0.418775	0.107209	-0.991297	0.076397	0.410112	0.114090	0.904871
26382	4.430139	0.996501	9.583791	0.451402	-0.140566	-0.033126	-0.905168	-0.065156	0.420031	0.108716	-0.990801	0.080590	0.410916	0.118612	0.903924
26383	4.335528	0.986240	9.438218	0.091056	-0.120818	-0.009913	-0.904675	-0.064883	0.421133	0.108959	-0.990705	0.081430	0.411936	0.119554	0.903336
26384	4.347861	0.674544	9.292179	0.109997	-0.105831	0.010533	-0.904224	-0.064829	0.422109	0.109463	-0.990574	0.082351	0.412791	0.120669	0.902797
26385	4.240315	0.764964	9.396255	0.126279	-0.108220	0.006542	-0.903763	-0.064732	0.423109	0.110002	-0.990423	0.083438	0.413656	0.121951	0.902229
26386	4.293180	0.710636	9.401127	0.078419	-0.112113	0.007500	-0.903288	-0.064637	0.424138	0.110348	-0.990330	0.084086	0.414601	0.122757	0.901685
26387	4.189650	0.635144	9.286170	0.117767	-0.116406	-0.006522	-0.902805	-0.064399	0.425200	0.110736	-0.990195	0.085151	0.415548	0.123960	0.901085
26388	4.230914	0.752077	9.333067	0.169364	-0.150835	-0.021431	-0.902199	-0.063966	0.426551	0.111202	-0.990005	0.086739	0.416739	0.125689	0.900295
26389	4.237870	0.933782	9.455654	0.147557	-0.172571	-0.019830	-0.901494	-0.063522	0.428105	0.111597	-0.989838	0.088127	0.418156	0.127221	0.899422
26390	4.273698	0.899618	9.370470	0.110406	-0.196730	-0.009138	-0.900677	-0.063148	0.429876	0.111931	-0.989711	0.089131	0.419824	0.128395	0.898478
26391	3.991693	1.067843	9.557532	0.116413	-0.245410	0.016212	-0.899620	-0.062961	0.432112	0.112524	-0.989557	0.090082	0.421928	0.129663	0.897310
26392	3.960059	0.901388	9.514686	0.092725	-0.313336	0.030389	-0.898256	-0.062822	0.434959	0.113143	-0.989425	0.090754	0.424658	0.130733	0.895865
26393	3.989113	0.970926	9.561279	0.083716	-0.406402	0.039604	-0.896472	-0.062650	0.438650	0.113814	-0.989298	0.091306	0.428235	0.131778	0.894008
26394	3.905268	1.016226	9.559520	0.074040	-0.478903	0.055960	-0.894344	-0.062538	0.442987	0.114586	-0.989173	0.091693	0.432456	0.132766	0.891827
26395	3.996174	1.101136	9.534967	0.036441	-0.581815	0.078128	-0.891716	-0.062506	0.448258	0.115400	-0.989082	0.091646	0.437635	0.133451	0.889194
26396	4.049604	1.098071	9.421751	-0.033524	-0.686235	0.089406	-0.888586	-0.062442	0.454440	0.116001	-0.989079	0.090918	0.443800	0.133504	0.886126
26397	3.970913	0.851241	9.385758	-0.017661	-0.768367	0.098416	-0.885028	-0.062358	0.461342	0.116752	-0.989049	0.090288	0.450659	0.133770	0.882616
26398	4.134243	0.894961	9.432579	-0.024838	-0.878247	0.097464	-0.880920	-0.062114	0.469172	0.117452	-0.989029	0.089590	0.458460	0.134027	0.878551
26399	4.160016	0.955443	9.456335	-0.083478	-0.969385	0.093664	-0.876316	-0.061712	0.477767	0.117845	-0.989090	0.088393	0.467100	0.133763	0.874028
