// General information: 
//  MT Manager version: 2022.2.0 
//  XDA version: 2022.2.0 build 7381 rev 124627 built on 2023-07-19
// Device information: 
//  DeviceId: 00B4CBA7
//  ProductCode: MTW2-3A7G6
//  Firmware Version: 4.6.0
//  Hardware Version: 2.0.0
// Device settings: 
//  Filter Profile: human(46.1)
//  Option Flags: Orientation Smoother Disabled, Position/Velocity Smoother Disabled, Continuous Zero Rotation Update Disabled, AHS Disabled, ICC Disabled
// Coordinate system: ENU
PacketCounter	Acc_X	Acc_Y	Acc_Z	Gyr_X	Gyr_Y	Gyr_Z	Mat[1][1]	Mat[2][1]	Mat[3][1]	Mat[1][2]	Mat[2][2]	Mat[3][2]	Mat[1][3]	Mat[2][3]	Mat[3][3]
52369	9.606420	0.330703	1.063320	0.969903	-0.217378	0.198094	-0.205085	0.098828	0.973742	-0.109774	0.986289	-0.123222	-0.972569	-0.132162	-0.191424
52370	9.399695	0.612513	0.857588	0.484368	-0.321947	0.235645	-0.208463	0.100682	0.972834	-0.113986	0.985408	-0.126409	-0.971365	-0.137241	-0.193945
52371	9.291939	-1.153897	-0.263720	0.344160	-0.410686	0.237957	-0.212758	0.102395	0.971725	-0.116813	0.984696	-0.129338	-0.970097	-0.141028	-0.197541
52372	9.378709	-1.142772	-0.143601	0.513450	-0.485249	0.232641	-0.217724	0.103951	0.970459	-0.121281	0.983724	-0.132582	-0.968446	-0.146565	-0.201573
52373	9.572969	-1.057891	0.134812	0.448806	-0.558821	0.243482	-0.223457	0.105454	0.968992	-0.125075	0.982810	-0.135801	-0.966656	-0.151542	-0.206426
52374	9.739023	-1.421609	0.074860	0.429298	-0.629133	0.251718	-0.229837	0.106922	0.967338	-0.128642	0.981888	-0.139095	-0.964690	-0.156410	-0.211920
52375	9.737843	-1.382232	-0.061248	0.431168	-0.696865	0.256901	-0.236906	0.108279	0.965480	-0.132187	0.980936	-0.142448	-0.962498	-0.161371	-0.218076
52376	9.755769	-1.302140	-0.490027	0.435963	-0.756115	0.261888	-0.244510	0.109572	0.963436	-0.135741	0.979943	-0.145899	-0.960099	-0.166451	-0.224733
52377	9.724136	-1.379730	-0.989197	0.419795	-0.797464	0.258776	-0.252524	0.110703	0.961237	-0.139114	0.978959	-0.149290	-0.957538	-0.171420	-0.231810
52378	9.669108	-1.499388	-1.499270	0.422659	-0.829555	0.257906	-0.260803	0.111748	0.958902	-0.142487	0.977944	-0.152721	-0.954819	-0.176461	-0.239128
52379	9.772127	-1.461330	-1.843572	0.418740	-0.851865	0.257965	-0.269304	0.112690	0.956439	-0.145787	0.976915	-0.156151	-0.951957	-0.181489	-0.246659
52380	10.284350	-1.417884	-1.915109	0.386986	-0.862309	0.260252	-0.277868	0.113610	0.953877	-0.148748	0.975916	-0.159566	-0.949033	-0.186226	-0.254277
52381	10.733356	-1.318883	-1.681956	0.308400	-0.878030	0.262907	-0.286586	0.114467	0.951192	-0.150921	0.975047	-0.162809	-0.946092	-0.190214	-0.262160
52382	11.298175	-1.783156	-1.256048	0.220684	-0.897682	0.253706	-0.295435	0.115183	0.948394	-0.152263	0.974340	-0.165766	-0.943151	-0.193378	-0.270316
52383	11.826989	-2.242960	-0.341291	0.315140	-0.920815	0.266562	-0.304512	0.115925	0.945428	-0.154425	0.973427	-0.169097	-0.939907	-0.197490	-0.278519
52384	11.634309	-1.568188	0.919450	0.308258	-0.972664	0.305852	-0.314097	0.116925	0.942163	-0.156367	0.972463	-0.172815	-0.936425	-0.201604	-0.287165
52385	11.937714	-1.986211	1.014682	-0.024652	-1.056941	0.339208	-0.324492	0.118035	0.938495	-0.155051	0.972125	-0.175874	-0.933094	-0.202584	-0.297145
52386	12.220217	-2.847513	0.868041	-0.090401	-1.135089	0.356535	-0.335597	0.119164	0.934438	-0.153029	0.971894	-0.178899	-0.929493	-0.203034	-0.307929
52387	12.551166	-3.208977	0.804497	-0.134717	-1.201085	0.372672	-0.347274	0.120298	0.930016	-0.150507	0.971731	-0.181894	-0.925607	-0.203141	-0.319352
52388	12.415167	-3.320044	0.330165	-0.072513	-1.248411	0.385896	-0.359365	0.121471	0.925258	-0.148472	0.971420	-0.185198	-0.921310	-0.203929	-0.331059
52389	12.125302	-2.421457	-0.073080	-0.070811	-1.284320	0.381494	-0.371688	0.122510	0.920239	-0.146431	0.971109	-0.188427	-0.916737	-0.204788	-0.343010
52390	11.674140	-2.297981	-0.954362	-0.292598	-1.311686	0.364034	-0.384194	0.123333	0.914978	-0.142379	0.971267	-0.190705	-0.912208	-0.203541	-0.355595
52391	11.221893	-2.473860	-2.012040	-0.382160	-1.273481	0.330112	-0.396191	0.123923	0.909767	-0.137620	0.971642	-0.192283	-0.907796	-0.201383	-0.367901
52392	10.134082	-1.591704	-3.129266	-0.552596	-1.204838	0.289140	-0.407478	0.124296	0.904717	-0.131454	0.972393	-0.192799	-0.903704	-0.197490	-0.379890
52393	9.214553	-1.449670	-4.508326	-0.848401	-1.164388	0.225465	-0.418208	0.124191	0.899821	-0.122881	0.973768	-0.191508	-0.900001	-0.190661	-0.391977
52394	8.167954	-2.009912	-6.177687	-0.918086	-1.148954	0.127356	-0.428664	0.123250	0.895017	-0.114097	0.975334	-0.188957	-0.896230	-0.183118	-0.404029
52395	7.338402	-2.081373	-7.861446	-0.779151	-1.150411	-0.009333	-0.438889	0.121048	0.890350	-0.107180	0.976757	-0.185629	-0.892126	-0.176898	-0.415714
52396	7.793287	-2.431910	-9.287774	-0.502386	-1.094682	-0.203651	-0.448404	0.117106	0.886127	-0.103614	0.977887	-0.181664	-0.887805	-0.173274	-0.426354
52397	7.735944	-3.264219	-9.075305	-0.056306	-0.845908	-0.357294	-0.455490	0.112102	0.883155	-0.104737	0.978402	-0.178211	-0.884058	-0.173672	-0.433911
52398	8.477945	-2.935270	-7.102105	0.474361	-0.519106	-0.405877	-0.459621	0.107182	0.881624	-0.110784	0.978018	-0.176656	-0.881179	-0.178864	-0.437643
52399	8.193330	-1.918758	-4.588135	0.823357	-0.207818	-0.423111	-0.460938	0.102627	0.881478	-0.119984	0.976963	-0.176485	-0.879284	-0.187111	-0.438006
52400	6.977268	-0.099248	-3.858054	0.734168	0.036573	-0.502791	-0.459977	0.097752	0.882534	-0.128754	0.976074	-0.175219	-0.878546	-0.194227	-0.436386
52401	6.885253	-1.336849	-5.496828	0.456432	0.227265	-0.626610	-0.457128	0.092042	0.884625	-0.135643	0.975780	-0.171620	-0.878996	-0.198446	-0.433572
52402	7.062551	-2.571450	-6.298302	0.725172	0.479305	-0.684179	-0.451937	0.086301	0.887865	-0.145135	0.974934	-0.168640	-0.880164	-0.205075	-0.428084
52403	6.589444	-2.190262	-5.933914	1.039245	0.738081	-0.654849	-0.444427	0.081431	0.892106	-0.157229	0.973310	-0.167171	-0.881909	-0.214560	-0.419762
52404	6.178022	-1.203595	-5.204814	1.079039	0.968245	-0.641609	-0.434812	0.077282	0.897199	-0.169581	0.971459	-0.165863	-0.884410	-0.224267	-0.409296
52405	5.969622	-0.662621	-4.402232	0.905968	1.161501	-0.620331	-0.423424	0.073871	0.902915	-0.180272	0.969867	-0.163888	-0.887814	-0.232165	-0.397349
52406	5.762044	-0.336376	-4.136236	0.655647	1.333832	-0.587135	-0.410454	0.071278	0.909091	-0.188557	0.968760	-0.161090	-0.892174	-0.237535	-0.384192
52407	5.857119	-0.258381	-4.098728	0.336637	1.484488	-0.520205	-0.396170	0.069739	0.915525	-0.193666	0.968332	-0.157566	-0.897520	-0.239729	-0.370117
52408	6.036428	-0.640039	-4.570414	0.008692	1.629204	-0.419176	-0.380663	0.069543	0.922095	-0.195373	0.968609	-0.153705	-0.903839	-0.238662	-0.355127
52409	5.859994	-1.210735	-4.632499	-0.219460	1.751209	-0.302140	-0.364184	0.070719	0.928638	-0.194504	0.969350	-0.150097	-0.910790	-0.235287	-0.339266
52410	5.131813	-2.552529	-4.769787	-0.514042	1.840704	-0.203930	-0.346939	0.072979	0.935044	-0.190526	0.970696	-0.146454	-0.918332	-0.228961	-0.322868
52411	4.875851	-3.546201	-5.135329	-0.415427	1.935578	-0.118976	-0.328877	0.076156	0.941297	-0.187092	0.971733	-0.143986	-0.925655	-0.223463	-0.305332
52412	5.380253	-2.839104	-5.061164	-0.286343	2.035839	-0.041869	-0.309865	0.080220	0.947390	-0.184562	0.972406	-0.142703	-0.932695	-0.219071	-0.286509
52413	5.878930	-2.187732	-5.017222	-0.373856	2.112777	0.061010	-0.290217	0.085344	0.953148	-0.180870	0.973171	-0.142209	-0.939713	-0.213667	-0.266994
52414	6.603837	-1.980230	-5.188191	-0.517031	2.181066	0.177916	-0.269944	0.091626	0.958507	-0.175490	0.974108	-0.142541	-0.946749	-0.206686	-0.246875
52415	7.303140	-1.764153	-5.052330	-0.634758	2.211847	0.303494	-0.249482	0.099025	0.963303	-0.168658	0.975111	-0.143919	-0.953579	-0.198374	-0.226571
52416	7.863332	-1.966530	-4.876264	-0.769005	2.189078	0.426466	-0.229220	0.107387	0.967433	-0.160272	0.976166	-0.146330	-0.960089	-0.188594	-0.206546
52417	8.040081	-2.382336	-4.724713	-0.773609	2.133600	0.517300	-0.209524	0.116317	0.970861	-0.151671	0.977016	-0.149787	-0.965969	-0.178635	-0.187066
52418	8.260070	-2.469126	-4.325538	-0.770700	2.026131	0.563824	-0.190714	0.125311	0.973615	-0.143069	0.977680	-0.153859	-0.971164	-0.168637	-0.168529
52419	8.282742	-2.975300	-4.064339	-0.752053	1.878943	0.560227	-0.173257	0.133829	0.975742	-0.134710	0.978193	-0.158085	-0.975620	-0.158831	-0.151451
52420	8.219210	-2.665795	-3.099870	-0.591961	1.690505	0.502865	-0.157379	0.141330	0.977373	-0.128082	0.978425	-0.162107	-0.979197	-0.150696	-0.135882
52421	8.280413	-2.262835	-2.675279	-0.772661	1.465915	0.410008	-0.143574	0.147447	0.978594	-0.119865	0.978968	-0.165090	-0.982354	-0.141002	-0.122881
52422	10.493284	-4.402758	-0.799830	-1.000514	1.169514	0.341228	-0.132446	0.152335	0.979414	-0.109540	0.979817	-0.167211	-0.985119	-0.129432	-0.113086
52423	7.570583	-4.146100	-1.348814	-0.757829	0.606956	0.264334	-0.126808	0.155658	0.979638	-0.101702	0.980366	-0.168938	-0.986700	-0.121054	-0.108488
52424	7.279274	-0.923287	-1.342777	-0.759847	-0.003465	-0.009604	-0.126819	0.155524	0.979658	-0.094202	0.981280	-0.167976	-0.987443	-0.113589	-0.109794
52425	12.182628	-1.281580	-0.778246	-0.304506	-0.130066	-0.203988	-0.127983	0.153352	0.979849	-0.091431	0.981942	-0.165621	-0.987553	-0.110785	-0.111651
52426	14.531677	-2.365566	1.233811	0.272992	0.131162	-0.189482	-0.126498	0.151602	0.980314	-0.094356	0.981933	-0.164028	-0.987469	-0.113248	-0.109908
52427	14.502117	-1.228740	3.790503	0.290380	0.254042	-0.140599	-0.123917	0.150487	0.980815	-0.097377	0.981818	-0.162944	-0.987503	-0.115700	-0.107010
52428	12.976900	-1.802797	3.328569	-0.483173	0.061684	-0.198398	-0.123105	0.148572	0.981209	-0.092837	0.982670	-0.160441	-0.988042	-0.110844	-0.107178
52429	10.672356	-4.194539	0.885379	-0.430700	-0.164068	-0.337611	-0.124463	0.145049	0.981565	-0.088979	0.983640	-0.156638	-0.988227	-0.106834	-0.109520
52430	9.361082	-3.658441	-0.128724	0.425815	-0.278182	-0.414443	-0.126818	0.140632	0.981906	-0.093695	0.983774	-0.153001	-0.987491	-0.111403	-0.111584
52431	8.825114	-0.972266	-0.114294	0.560833	-0.377980	-0.356965	-0.130242	0.136671	0.982017	-0.099670	0.983632	-0.150115	-0.986460	-0.117429	-0.114489
52432	8.949070	-0.737846	-0.568499	-0.207776	-0.497471	-0.232018	-0.134905	0.133771	0.981787	-0.097917	0.984195	-0.147554	-0.986009	-0.116039	-0.119675
52433	9.377049	-3.482783	-2.081962	-0.786858	-0.558480	-0.163912	-0.140293	0.131510	0.981337	-0.090366	0.985302	-0.144960	-0.985978	-0.109016	-0.126347
52434	9.610641	-4.591934	-3.608071	-0.402861	-0.543409	-0.190147	-0.145468	0.129016	0.980915	-0.086655	0.985989	-0.142534	-0.985561	-0.105736	-0.132250
52435	10.207288	-1.776848	-3.963796	0.157898	-0.479072	-0.265026	-0.149997	0.125880	0.980640	-0.088584	0.986161	-0.140139	-0.984710	-0.107889	-0.136770
52436	9.869054	1.021808	-4.011242	0.074223	-0.440603	-0.322784	-0.154032	0.122182	0.980482	-0.089795	0.986488	-0.137037	-0.983977	-0.109150	-0.140979
52437	9.901712	0.245786	-5.340923	-0.108553	-0.401318	-0.350095	-0.157716	0.118275	0.980376	-0.089254	0.987030	-0.133437	-0.983443	-0.108548	-0.145114
52438	9.845117	0.005203	-4.997365	0.096227	-0.317406	-0.356598	-0.160502	0.114372	0.980387	-0.090757	0.987346	-0.130042	-0.982854	-0.109849	-0.148091
52439	9.731959	0.457582	-3.937572	0.073252	-0.215557	-0.351049	-0.162361	0.110646	0.980508	-0.092025	0.987664	-0.126691	-0.982431	-0.110801	-0.150176
52440	9.610994	0.260188	-3.271433	-0.056292	-0.139077	-0.338652	-0.163402	0.107110	0.980728	-0.092013	0.988101	-0.123246	-0.982259	-0.110379	-0.151602
52441	9.233022	-0.003830	-2.676053	-0.228611	-0.070595	-0.325966	-0.163866	0.103782	0.981008	-0.090282	0.988699	-0.119676	-0.982343	-0.108179	-0.152645
52442	9.148854	-0.691767	-2.201400	-0.498502	-0.024886	-0.307726	-0.163826	0.100676	0.981339	-0.085879	0.989547	-0.115854	-0.982744	-0.103256	-0.153468
52443	9.176322	-1.909630	-1.909728	-0.683952	-0.019748	-0.280115	-0.163859	0.097850	0.981619	-0.079596	0.990513	-0.112024	-0.983267	-0.096489	-0.154516
52444	9.091373	-3.054240	-1.646817	-0.629009	-0.035638	-0.276827	-0.163984	0.095037	0.981874	-0.073854	0.991372	-0.108291	-0.983695	-0.090273	-0.155550
52445	9.524549	-2.897522	-1.159024	-0.415842	-0.063482	-0.288436	-0.164473	0.092093	0.982073	-0.070218	0.992013	-0.104785	-0.983879	-0.086194	-0.156692
52446	9.881022	-2.174719	-0.936020	-0.281583	-0.087188	-0.303211	-0.165108	0.088974	0.982254	-0.067937	0.992531	-0.101324	-0.983933	-0.083461	-0.157830
52447	9.940513	-0.922302	-0.915766	-0.195559	-0.110807	-0.307506	-0.166061	0.085807	0.982375	-0.066505	0.992964	-0.097974	-0.983870	-0.081603	-0.159186
52448	9.871650	-0.076632	-1.141791	-0.309642	-0.138115	-0.289517	-0.167219	0.082784	0.982438	-0.063931	0.993461	-0.094595	-0.983845	-0.078627	-0.160833
52449	9.927873	0.128117	-1.266224	-0.335956	-0.173267	-0.268534	-0.168823	0.079958	0.982398	-0.061061	0.993941	-0.091391	-0.983753	-0.075415	-0.162917
52450	9.971523	0.132428	-1.256496	-0.393227	-0.205909	-0.232622	-0.170698	0.077457	0.982274	-0.057578	0.994418	-0.088421	-0.983640	-0.071651	-0.165285
52451	9.852353	-0.131171	-1.410696	-0.337726	-0.225391	-0.214529	-0.172859	0.075138	0.982076	-0.054610	0.994821	-0.085725	-0.983431	-0.068449	-0.167861
52452	9.862330	0.038613	-1.324481	-0.226909	-0.253130	-0.203364	-0.175227	0.072907	0.981825	-0.052723	0.995128	-0.083304	-0.983115	-0.066362	-0.170529
52453	9.634736	0.177307	-0.797349	-0.200110	-0.283653	-0.181402	-0.177984	0.070885	0.981477	-0.051062	0.995393	-0.081149	-0.982708	-0.064559	-0.173544
52454	9.431308	-0.609555	-0.524874	-0.246093	-0.337521	-0.167596	-0.181204	0.068965	0.981024	-0.048936	0.995670	-0.079033	-0.982227	-0.062328	-0.177044
52455	9.576794	-1.404805	-0.884005	-0.120953	-0.364664	-0.156680	-0.184768	0.067147	0.980486	-0.048021	0.995855	-0.077248	-0.981608	-0.061357	-0.180777
52456	9.516800	-0.731610	-0.868618	0.103023	-0.386729	-0.146135	-0.188479	0.065414	0.979896	-0.049296	0.995891	-0.075964	-0.980839	-0.062622	-0.184480
52457	9.325518	0.099757	-0.833667	0.024417	-0.427384	-0.126048	-0.192662	0.063859	0.979185	-0.049762	0.995960	-0.074744	-0.980003	-0.063127	-0.188706
52458	9.254878	-0.046222	-1.307505	-0.044928	-0.452891	-0.103810	-0.197035	0.062502	0.978402	-0.049516	0.996058	-0.073602	-0.979145	-0.062948	-0.193163
52459	9.433934	0.056418	-1.529386	-0.028047	-0.473079	-0.081019	-0.201677	0.061363	0.977528	-0.049390	0.996129	-0.072721	-0.978206	-0.062947	-0.197865
52460	9.795932	-0.142166	-2.333139	-0.039726	-0.450473	-0.079690	-0.206030	0.060249	0.976689	-0.049156	0.996205	-0.071823	-0.977310	-0.062808	-0.202286
52461	9.577641	-0.307875	-3.218845	0.001908	-0.419802	-0.081549	-0.210142	0.059136	0.975881	-0.049333	0.996256	-0.070994	-0.976426	-0.063062	-0.206437
52462	9.490594	-0.633783	-3.997471	0.060170	-0.380512	-0.086223	-0.213800	0.057999	0.975154	-0.050095	0.996272	-0.070238	-0.975592	-0.063867	-0.210098
52463	9.519753	-1.167517	-4.422691	0.127529	-0.334212	-0.078466	-0.217075	0.056963	0.974491	-0.051496	0.996238	-0.069706	-0.974796	-0.065314	-0.213325
52464	9.514237	-1.256219	-4.477168	0.262126	-0.279699	-0.063191	-0.219755	0.056110	0.973940	-0.054181	0.996102	-0.069612	-0.974049	-0.068066	-0.215858
52465	9.500443	-1.109058	-3.875072	0.231502	-0.249928	-0.042907	-0.222228	0.055474	0.973415	-0.056518	0.995968	-0.069662	-0.973355	-0.070496	-0.218197
52466	9.427116	-0.993239	-3.252296	0.283784	-0.236906	-0.017042	-0.224511	0.055097	0.972913	-0.059310	0.995777	-0.070078	-0.972665	-0.073436	-0.220295
52467	9.638724	-0.093171	-2.365241	0.294874	-0.237392	0.008683	-0.226891	0.054970	0.972368	-0.062146	0.995554	-0.070781	-0.971935	-0.076488	-0.222466
52468	9.659197	0.488576	-1.538095	0.232021	-0.261346	0.033077	-0.229438	0.055059	0.971765	-0.064317	0.995359	-0.071581	-0.971196	-0.078924	-0.224832
52469	9.513136	0.497489	-0.824855	0.180914	-0.306284	0.044529	-0.232505	0.055219	0.971026	-0.065959	0.995193	-0.072387	-0.970356	-0.080878	-0.227746
52470	9.494048	0.268229	-0.373260	0.268538	-0.353962	0.049560	-0.235959	0.055384	0.970183	-0.068440	0.994948	-0.073443	-0.969350	-0.083729	-0.230976
52471	9.585507	0.293114	-0.512547	0.387181	-0.384149	0.056353	-0.239778	0.055574	0.969236	-0.072046	0.994589	-0.074851	-0.968151	-0.087778	-0.234477
52472	9.464102	0.554108	-0.848154	0.406805	-0.413554	0.076481	-0.243823	0.055926	0.968206	-0.075791	0.994184	-0.076513	-0.966854	-0.092036	-0.238166
52473	9.478831	-0.062736	-1.638540	0.305294	-0.444722	0.107265	-0.248254	0.056531	0.967044	-0.078466	0.993842	-0.078241	-0.965512	-0.095304	-0.242289
52474	9.580791	-1.162050	-2.501712	0.275843	-0.455848	0.140883	-0.252751	0.057453	0.965824	-0.080768	0.993498	-0.080236	-0.964154	-0.098288	-0.246467
52475	9.489082	-1.567478	-3.054946	0.426099	-0.459719	0.156403	-0.257358	0.058499	0.964544	-0.084464	0.992984	-0.082761	-0.962618	-0.102769	-0.250611
52476	9.587568	-0.630983	-2.882599	0.544757	-0.467656	0.177723	-0.261997	0.059733	0.963218	-0.089236	0.992307	-0.085809	-0.960934	-0.108436	-0.254651
52477	9.587367	0.066515	-2.227958	0.518973	-0.481714	0.206485	-0.266860	0.061202	0.961790	-0.093663	0.991610	-0.089087	-0.959173	-0.113858	-0.258889
52478	9.654680	0.453207	-1.224765	0.480056	-0.511067	0.216924	-0.271952	0.062721	0.960265	-0.097673	0.990921	-0.092385	-0.957341	-0.118916	-0.263356
52479	9.464266	0.406317	0.007200	0.499308	-0.571735	0.233088	-0.277697	0.064287	0.958515	-0.101798	0.990172	-0.095903	-0.955260	-0.124207	-0.268424
52480	9.054878	0.443401	1.895984	0.496462	-0.673532	0.269417	-0.284389	0.066063	0.956430	-0.105772	0.989371	-0.099789	-0.952856	-0.129543	-0.274378
52481	9.044669	0.212338	3.367684	0.368205	-0.818895	0.316589	-0.292552	0.068067	0.953824	-0.108354	0.988680	-0.103788	-0.950091	-0.133714	-0.281865
52482	9.211363	-0.435083	4.222960	0.300891	-0.987016	0.348329	-0.302280	0.070136	0.950635	-0.110167	0.988036	-0.107926	-0.946832	-0.137353	-0.290937
52483	9.017237	-0.724815	3.883746	0.368824	-1.168987	0.371289	-0.313749	0.072122	0.946763	-0.112503	0.987264	-0.112489	-0.942817	-0.141807	-0.301639
52484	9.203219	0.585552	3.379357	0.440314	-1.357101	0.395136	-0.326948	0.074024	0.942139	-0.115374	0.986344	-0.117536	-0.937973	-0.147126	-0.313942
52485	9.960770	0.418399	1.928023	0.181392	-1.529882	0.432392	-0.341746	0.075966	0.936717	-0.115622	0.985757	-0.122126	-0.932653	-0.150041	-0.328096
52486	10.724755	-0.472965	0.174766	0.250134	-1.668609	0.423268	-0.357735	0.077566	0.930596	-0.116465	0.985057	-0.126877	-0.926532	-0.153770	-0.343356
52487	11.476414	-0.456310	-0.800535	0.432765	-1.766638	0.402653	-0.374492	0.078713	0.923883	-0.118987	0.984073	-0.132072	-0.919564	-0.159389	-0.359161
52488	11.920239	-1.063459	-1.561877	0.448093	-1.860823	0.387584	-0.391984	0.079469	0.916533	-0.121604	0.983045	-0.137244	-0.911900	-0.165252	-0.375674
52489	13.921695	-2.007999	-1.034851	0.651446	-1.914461	0.396853	-0.409818	0.080078	0.908646	-0.125929	0.981634	-0.143307	-0.903433	-0.173155	-0.392207
52490	14.322020	-1.590801	0.391643	0.770981	-1.969884	0.459958	-0.428101	0.081053	0.900089	-0.130933	0.979899	-0.150514	-0.894196	-0.182287	-0.408883
52491	14.129895	-1.459328	1.047430	0.435969	-2.077392	0.555901	-0.447258	0.082599	0.890583	-0.132385	0.978645	-0.157252	-0.884553	-0.188232	-0.426772
52492	14.661086	-1.580107	2.020723	0.346354	-2.207426	0.667357	-0.467537	0.084879	0.879889	-0.132381	0.977431	-0.164630	-0.874005	-0.193451	-0.445749
52493	14.927865	-1.185947	2.969223	0.327335	-2.299408	0.815715	-0.488507	0.088293	0.868081	-0.131338	0.976092	-0.173189	-0.862619	-0.198616	-0.465232
52494	15.041954	0.220393	4.116533	0.060180	-2.427917	0.945568	-0.510512	0.092628	0.854867	-0.127135	0.975123	-0.181581	-0.850420	-0.201383	-0.486036
52495	14.966325	-0.063191	3.472563	-0.474246	-2.584433	1.037366	-0.533496	0.097523	0.840161	-0.117739	0.975096	-0.187949	-0.837568	-0.199190	-0.508728
52496	14.831766	-0.663915	0.756859	-0.536870	-2.666949	1.061079	-0.556832	0.102557	0.824270	-0.107501	0.975104	-0.193946	-0.823640	-0.196605	-0.531944
52497	14.002561	-0.379087	-2.478329	-0.560731	-2.656743	1.028348	-0.579453	0.107351	0.807905	-0.097112	0.975130	-0.199224	-0.809200	-0.193898	-0.554617
52498	12.491543	0.047847	-5.175677	-0.766592	-2.626967	0.940077	-0.601363	0.111453	0.791164	-0.085424	0.975578	-0.202362	-0.794396	-0.189278	-0.577156
52499	11.264386	-0.307305	-6.903261	-1.014448	-2.551719	0.812850	-0.621961	0.114597	0.774617	-0.072505	0.976556	-0.202687	-0.779684	-0.182227	-0.599071
52500	9.956164	-1.027378	-8.743268	-1.085908	-2.391581	0.681156	-0.640877	0.116953	0.758682	-0.059825	0.977711	-0.201253	-0.765309	-0.174367	-0.619596
52501	7.907598	-1.173469	-9.791469	-1.090093	-2.201233	0.521450	-0.657734	0.118251	0.743911	-0.048210	0.978967	-0.198240	-0.751706	-0.166253	-0.638199
52502	6.930636	-2.378056	-10.249766	-1.189756	-1.991010	0.286771	-0.672688	0.117808	0.730488	-0.037447	0.980558	-0.192621	-0.738978	-0.156929	-0.655198
52503	6.634656	-3.555262	-10.460189	-1.013560	-1.702543	0.085973	-0.685094	0.115991	0.719161	-0.029467	0.982021	-0.186458	-0.727858	-0.148933	-0.669359
52504	5.498643	-4.430096	-11.043322	-0.587533	-1.346101	-0.022105	-0.694816	0.113762	0.710133	-0.025384	0.982916	-0.182298	-0.718740	-0.144689	-0.680058
52505	5.149294	-4.814610	-11.242992	0.047017	-0.934559	-0.086472	-0.701384	0.111501	0.704008	-0.026359	0.982956	-0.181941	-0.712296	-0.146168	-0.686491
52506	6.573203	-4.226471	-7.754250	0.585860	-0.430650	-0.181518	-0.704383	0.109038	0.701395	-0.031814	0.982288	-0.184655	-0.709106	-0.152382	-0.688439
52507	6.327499	-2.904862	-5.476643	0.842388	0.098998	-0.275556	-0.703494	0.106442	0.702685	-0.039763	0.981277	-0.188452	-0.709588	-0.160515	-0.686090
52508	5.176036	-1.448308	-4.815811	0.658813	0.571728	-0.442736	-0.699224	0.102998	0.707444	-0.047570	0.980671	-0.189795	-0.713318	-0.166362	-0.680809
52509	4.168106	-1.603375	-5.877587	0.304897	0.983304	-0.680079	-0.691740	0.097929	0.715476	-0.054519	0.980853	-0.186962	-0.720086	-0.168336	-0.673156
52510	3.560266	-3.500749	-7.680860	0.380368	1.347711	-0.875228	-0.681448	0.091593	0.726112	-0.063298	0.981044	-0.183156	-0.729124	-0.170773	-0.662733
52511	3.625129	-3.935802	-8.096618	0.956012	1.726807	-0.981706	-0.667987	0.084941	0.739310	-0.076976	0.980249	-0.182173	-0.740181	-0.178598	-0.648255
52512	3.782342	-3.648647	-7.598096	1.320487	2.094703	-1.024052	-0.651464	0.078734	0.754583	-0.093604	0.978661	-0.182926	-0.752884	-0.189801	-0.630192
52513	3.794733	-3.087835	-7.057074	1.546540	2.424884	-1.053225	-0.631871	0.073164	0.771613	-0.112142	0.976429	-0.184417	-0.766918	-0.203058	-0.608773
52514	3.905705	-2.027217	-6.572566	1.658597	2.702780	-1.105310	-0.609580	0.068032	0.789800	-0.131858	0.973730	-0.185645	-0.781681	-0.217307	-0.584596
52515	4.349270	-0.862668	-6.629369	1.516400	2.938147	-1.125311	-0.584718	0.063627	0.808738	-0.150573	0.971085	-0.185264	-0.797141	-0.230101	-0.558230
52516	4.808642	-0.796413	-6.728248	1.233292	3.131566	-1.113605	-0.557720	0.060154	0.827846	-0.166873	0.968880	-0.182824	-0.813082	-0.240110	-0.530326
52517	5.280399	-0.936081	-6.560239	1.133570	3.305374	-1.053048	-0.528668	0.058010	0.846844	-0.181921	0.966737	-0.179792	-0.829105	-0.249109	-0.500529
52518	5.633389	-0.189331	-6.335606	0.986976	3.470345	-0.938063	-0.497830	0.057692	0.865353	-0.195004	0.964790	-0.176505	-0.845067	-0.256617	-0.469052
52519	5.867373	0.233310	-5.960921	0.474352	3.587098	-0.818639	-0.465522	0.059005	0.883067	-0.203009	0.964053	-0.171435	-0.861439	-0.259078	-0.436809
52520	5.804124	-1.356025	-6.092529	-0.203462	3.647067	-0.715498	-0.432320	0.061443	0.899624	-0.204454	0.965013	-0.164160	-0.878236	-0.254902	-0.404633
52521	5.928286	-3.479720	-6.575721	-0.403871	3.696210	-0.638133	-0.398192	0.064541	0.915029	-0.203532	0.966441	-0.156738	-0.894437	-0.248650	-0.371693
52522	6.374602	-4.324829	-6.641744	-0.193617	3.757074	-0.592631	-0.363082	0.068037	0.929270	-0.204042	0.967318	-0.150545	-0.909142	-0.244270	-0.337333
52523	6.712152	-3.756194	-6.139113	-0.000034	3.807387	-0.578892	-0.326975	0.071645	0.942313	-0.206041	0.967730	-0.145072	-0.922298	-0.241590	-0.301662
52524	6.881650	-2.987387	-5.846476	-0.161898	3.797573	-0.571410	-0.290521	0.075170	0.953911	-0.206299	0.968544	-0.139153	-0.934365	-0.237218	-0.265875
52525	7.099844	-3.112567	-5.666478	-0.387113	3.756965	-0.572655	-0.253993	0.078371	0.964026	-0.204217	0.969896	-0.132653	-0.945401	-0.230563	-0.230342
52526	7.320498	-3.727492	-5.421843	-0.444723	3.658647	-0.557552	-0.218077	0.081228	0.972545	-0.201300	0.971357	-0.126267	-0.954945	-0.223309	-0.195479
52527	7.969386	-3.529162	-5.568697	-0.087412	3.556880	-0.491401	-0.182963	0.084296	0.979499	-0.201440	0.971964	-0.121275	-0.962261	-0.219499	-0.160853
52528	8.938818	-2.223688	-5.633026	0.246368	3.465399	-0.420067	-0.148652	0.087775	0.984986	-0.204504	0.971792	-0.117463	-0.967513	-0.218895	-0.126509
52529	9.278823	-0.998995	-4.329065	0.387425	3.279301	-0.332097	-0.116168	0.091711	0.988986	-0.208688	0.971247	-0.114579	-0.971058	-0.219700	-0.093688
52530	9.528854	-0.059111	-2.610376	0.404632	3.022363	-0.207713	-0.086327	0.096316	0.991600	-0.212820	0.970559	-0.112800	-0.973270	-0.220770	-0.063287
52531	9.533488	0.614392	-2.108364	0.101988	2.725135	-0.100147	-0.059563	0.101304	0.993071	-0.213872	0.970440	-0.111823	-0.975044	-0.219050	-0.036136
52532	9.349998	0.163644	-1.839588	-0.381996	2.345381	-0.058927	-0.036527	0.105763	0.993720	-0.210157	0.971334	-0.111105	-0.976985	-0.212896	-0.013253
52533	8.883721	-1.937531	-2.072468	-0.597371	1.934279	-0.040497	-0.017530	0.109372	0.993846	-0.204310	0.972634	-0.110641	-0.978749	-0.204992	0.005295
52534	9.199710	-3.073306	-1.037098	-0.317945	1.504223	-0.035178	-0.002712	0.112042	0.993700	-0.201184	0.973324	-0.110294	-0.979550	-0.200216	0.019902
52535	7.823420	-1.680613	-0.847324	-0.234106	0.919428	0.020384	0.006247	0.114030	0.993458	-0.198872	0.973774	-0.110521	-0.980006	-0.196881	0.028761
52536	6.150017	-0.920101	-1.318520	-0.610195	0.241160	0.055165	0.008522	0.115000	0.993329	-0.192876	0.974900	-0.111212	-0.981186	-0.190642	0.030488
52537	6.196461	-1.080463	-2.403338	-0.687914	-0.385933	0.085275	0.004557	0.115073	0.993347	-0.186108	0.976099	-0.112222	-0.982519	-0.184359	0.025864
52538	6.428596	-0.095812	-3.445352	-0.853896	-0.884505	0.130509	-0.004360	0.114715	0.993389	-0.177696	0.977500	-0.113660	-0.984076	-0.177017	0.016122
52539	8.238171	-0.014820	-3.894208	-1.222322	-1.071732	0.177364	-0.015246	0.114573	0.993298	-0.165618	0.979402	-0.115512	-0.986072	-0.166269	0.004043
52540	10.582479	-2.506803	-3.911008	-1.373287	-0.841243	0.240674	-0.023916	0.115551	0.993014	-0.151999	0.981329	-0.117852	-0.988091	-0.153756	-0.005906
52541	11.131225	-2.275624	-2.185449	-1.154695	-0.440407	0.262772	-0.028693	0.117439	0.992666	-0.140491	0.982743	-0.120326	-0.989666	-0.142913	-0.011698
52542	10.565830	-2.153377	-1.213184	-1.454324	-0.188161	0.209800	-0.030821	0.119211	0.992390	-0.126007	0.984477	-0.122174	-0.991551	-0.128813	-0.015321
52543	9.554364	-2.966688	-1.149071	-1.652756	-0.116278	0.127999	-0.032169	0.120294	0.992217	-0.109541	0.986326	-0.123131	-0.993462	-0.112650	-0.018552
52544	8.788244	-3.392753	-1.313402	-1.769458	-0.173543	0.066496	-0.033947	0.120734	0.992104	-0.091910	0.988093	-0.123390	-0.995189	-0.095373	-0.022446
52545	9.242350	-4.949355	-2.392162	-1.678804	-0.330959	0.014285	-0.037303	0.120554	0.992006	-0.075165	0.989546	-0.123081	-0.996473	-0.079155	-0.027852
52546	11.060103	-5.824885	-2.596397	-0.881960	-0.483947	-0.022111	-0.042098	0.119935	0.991889	-0.066368	0.990240	-0.122552	-0.996907	-0.070989	-0.033727
52547	12.336011	-3.053475	-0.955398	-0.323161	-0.572534	-0.040796	-0.047836	0.119112	0.991728	-0.063143	0.990518	-0.122013	-0.996857	-0.068457	-0.039861
52548	12.200246	-0.971457	0.432227	-0.479715	-0.618929	-0.027118	-0.053976	0.118396	0.991498	-0.058360	0.990875	-0.121498	-0.996835	-0.064422	-0.046574
52549	11.439128	-0.244402	0.522805	-0.862984	-0.624081	0.001446	-0.060254	0.118014	0.991182	-0.049735	0.991398	-0.121063	-0.996943	-0.056591	-0.053866
52550	10.556375	-0.827486	-0.902558	-1.027750	-0.637483	-0.049447	-0.066576	0.117156	0.990879	-0.039506	0.991995	-0.119942	-0.996999	-0.047131	-0.061414
52551	10.143786	-1.249839	-2.899496	-0.852670	-0.613837	-0.146430	-0.072698	0.115417	0.990653	-0.031086	0.992537	-0.117917	-0.996869	-0.039368	-0.068567
52552	9.615944	-1.424165	-4.315308	-0.682236	-0.568107	-0.228669	-0.078285	0.112903	0.990517	-0.024445	0.993050	-0.115124	-0.996631	-0.033226	-0.074981
52553	9.174732	-2.288301	-5.064219	-0.503792	-0.497087	-0.278044	-0.083241	0.109966	0.990444	-0.019629	0.993519	-0.111957	-0.996336	-0.028761	-0.080543
52554	9.096898	-2.913415	-5.146194	-0.219451	-0.419433	-0.308688	-0.087351	0.106744	0.990442	-0.017693	0.993919	-0.108679	-0.996020	-0.027017	-0.084931
52555	9.227436	-3.252507	-4.591884	-0.011939	-0.343062	-0.334600	-0.090785	0.103308	0.990498	-0.017851	0.994276	-0.105338	-0.995711	-0.027245	-0.088421
52556	9.294767	-3.530027	-3.586127	0.194351	-0.270945	-0.371228	-0.093401	0.099502	0.990644	-0.020115	0.994602	-0.101796	-0.995425	-0.029435	-0.090895
52557	9.302900	-3.095387	-2.341909	0.407466	-0.226216	-0.389557	-0.095653	0.095546	0.990819	-0.024518	0.994855	-0.098302	-0.995113	-0.033696	-0.092818
52558	9.585743	-1.984122	-1.403429	0.424222	-0.204394	-0.369754	-0.097576	0.091757	0.990989	-0.029083	0.995053	-0.094996	-0.994803	-0.038091	-0.094424
52559	9.524340	-0.991061	-0.757247	0.279139	-0.202028	-0.328846	-0.099574	0.088400	0.991096	-0.032164	0.995239	-0.092001	-0.994510	-0.041038	-0.096256
52560	9.372474	-0.456070	-0.449278	0.041596	-0.233272	-0.299473	-0.101784	0.085285	0.991144	-0.032866	0.995486	-0.089034	-0.994263	-0.041637	-0.098522
52561	9.499171	0.130930	-0.272390	-0.008274	-0.271227	-0.271898	-0.104478	0.082459	0.991103	-0.033045	0.995719	-0.086327	-0.993978	-0.041770	-0.101306
52562	9.984863	1.563301	-0.136815	-0.046260	-0.307828	-0.254519	-0.107442	0.079759	0.991007	-0.032842	0.995948	-0.083718	-0.993669	-0.041542	-0.104387
52563	10.081280	1.937704	-0.211901	-0.356103	-0.345452	-0.246669	-0.110881	0.077153	0.990834	-0.029555	0.996285	-0.080885	-0.993394	-0.038253	-0.108188
52564	9.829077	-0.423797	-0.799389	-0.640734	-0.392174	-0.253252	-0.114697	0.074454	0.990606	-0.023465	0.996706	-0.077630	-0.993123	-0.032148	-0.112572
52565	9.838005	-2.344188	-1.433061	-0.290440	-0.410780	-0.289508	-0.118793	0.071425	0.990347	-0.020902	0.997008	-0.074412	-0.992699	-0.029540	-0.116944
52566	10.066533	-1.442977	-1.378461	0.204177	-0.403132	-0.318304	-0.122712	0.068090	0.990104	-0.023301	0.997171	-0.071464	-0.992169	-0.031839	-0.120778
52567	10.141587	0.459775	-1.267187	0.375968	-0.397512	-0.308747	-0.126657	0.064863	0.989824	-0.027398	0.997250	-0.068856	-0.991568	-0.035841	-0.124531
52568	10.010615	2.451323	-0.800269	0.205410	-0.409050	-0.246886	-0.130630	0.062213	0.989477	-0.029741	0.997334	-0.066633	-0.990985	-0.038132	-0.128431
52569	9.991283	2.029056	-1.028333	-0.349899	-0.426717	-0.158322	-0.134891	0.060457	0.989014	-0.026469	0.997561	-0.064590	-0.990507	-0.034891	-0.132962
52570	9.954800	0.619163	-1.582054	-0.514014	-0.436702	-0.091723	-0.139182	0.059363	0.988486	-0.021493	0.997785	-0.062948	-0.990033	-0.030007	-0.137598
52571	10.009039	0.080801	-1.867434	-0.450927	-0.434398	-0.066548	-0.143547	0.058551	0.987910	-0.017110	0.997952	-0.061632	-0.989496	-0.025750	-0.142251
52572	9.841324	-0.124142	-1.869762	-0.336624	-0.435241	-0.068199	-0.147830	0.057727	0.987327	-0.013868	0.998076	-0.060432	-0.988915	-0.022626	-0.146745
52573	9.630432	-0.414786	-1.747435	-0.197464	-0.437440	-0.081012	-0.152223	0.056794	0.986713	-0.012024	0.998167	-0.059308	-0.988273	-0.020892	-0.151261
52574	9.488667	-0.555952	-1.465329	-0.066713	-0.446245	-0.078472	-0.156611	0.055881	0.986078	-0.011475	0.998228	-0.058392	-0.987594	-0.020461	-0.155692
52575	9.505929	-0.486231	-1.248028	0.037604	-0.454134	-0.066456	-0.161164	0.055094	0.985389	-0.011939	0.998259	-0.057766	-0.986855	-0.021074	-0.160226
52576	9.506882	-0.018732	-0.950227	0.094663	-0.470108	-0.036020	-0.165786	0.054595	0.984649	-0.012921	0.998260	-0.057525	-0.986077	-0.022260	-0.164793
52577	9.531500	0.407195	-0.773567	-0.023865	-0.490578	0.003593	-0.170697	0.054491	0.983816	-0.012667	0.998266	-0.057489	-0.985242	-0.022276	-0.169711
52578	9.458434	0.151801	-1.080136	-0.176553	-0.507592	0.022031	-0.175688	0.054564	0.982933	-0.010881	0.998294	-0.057361	-0.984386	-0.020773	-0.174795
52579	9.412014	-0.246022	-1.332112	-0.204142	-0.526020	0.033784	-0.180939	0.054763	0.981968	-0.008800	0.998318	-0.057296	-0.983455	-0.019008	-0.180153
52580	9.396418	-0.594671	-1.576659	-0.179764	-0.536745	0.026089	-0.186206	0.054888	0.980976	-0.006976	0.998339	-0.057183	-0.982486	-0.017491	-0.185514
52581	9.298344	-0.993345	-2.028198	-0.086202	-0.540120	0.014724	-0.191581	0.054908	0.979940	-0.006089	0.998348	-0.057130	-0.981458	-0.016912	-0.190931
52582	9.369948	-1.111485	-2.213566	0.070405	-0.554716	0.003346	-0.197012	0.054807	0.978868	-0.006765	0.998336	-0.057259	-0.980378	-0.017903	-0.196314
52583	9.411547	-1.113767	-2.271728	0.142810	-0.557159	0.006002	-0.202542	0.054730	0.977743	-0.008141	0.998308	-0.057568	-0.979240	-0.019619	-0.201754
52584	9.392535	-0.849206	-2.032301	0.158650	-0.573384	0.027905	-0.208145	0.054853	0.976559	-0.009628	0.998263	-0.058124	-0.978051	-0.021500	-0.207256
52585	9.455418	-1.006178	-1.883426	0.054562	-0.599114	0.048256	-0.214076	0.055172	0.975258	-0.010048	0.998226	-0.058677	-0.976765	-0.022361	-0.213142
52586	9.463234	-1.230720	-1.966604	0.096176	-0.619185	0.047139	-0.220114	0.055463	0.973896	-0.010877	0.998181	-0.059304	-0.975414	-0.023646	-0.219110
52587	9.414619	-0.904170	-1.744369	0.187134	-0.643962	0.050639	-0.226465	0.055780	0.972421	-0.012577	0.998108	-0.060182	-0.973938	-0.025859	-0.225335
52588	9.428590	-0.799107	-1.708913	0.257982	-0.666354	0.049342	-0.232945	0.056052	0.970873	-0.014967	0.998013	-0.061210	-0.972375	-0.028790	-0.231643
52589	9.508216	-0.793327	-1.815409	0.425906	-0.692341	0.040295	-0.239744	0.056211	0.969208	-0.018999	0.997860	-0.062572	-0.970650	-0.033416	-0.238163
52590	9.234070	-0.041389	-1.643327	0.651848	-0.717635	0.037821	-0.246700	0.056286	0.967456	-0.025222	0.997601	-0.064471	-0.968764	-0.040306	-0.244689
52591	9.226685	0.817739	-1.197437	0.614948	-0.753537	0.062346	-0.254072	0.056550	0.965531	-0.031007	0.997300	-0.066570	-0.966688	-0.046852	-0.251633
52592	9.263287	0.357994	-1.214111	0.463068	-0.796884	0.107196	-0.261791	0.057189	0.963429	-0.035196	0.997013	-0.068746	-0.964483	-0.051905	-0.258996
52593	9.247307	-0.119275	-1.319393	0.570972	-0.844540	0.130533	-0.270033	0.057993	0.961103	-0.040339	0.996627	-0.071470	-0.962006	-0.058069	-0.266783
52594	9.431310	0.248270	-0.540425	0.703155	-0.892835	0.153120	-0.278665	0.058929	0.958579	-0.046668	0.996106	-0.074803	-0.959254	-0.065580	-0.274829
52595	9.786340	-0.287842	0.349287	0.748083	-0.943709	0.206593	-0.287857	0.060295	0.955773	-0.053239	0.995465	-0.078834	-0.956192	-0.073578	-0.283341
52596	9.703672	-0.310578	0.851410	0.988728	-1.036349	0.213167	-0.297859	0.061563	0.952623	-0.062047	0.994560	-0.083673	-0.952591	-0.084030	-0.292418
52597	9.338784	1.391198	1.911360	1.185076	-1.157314	0.256625	-0.309070	0.063034	0.948948	-0.072524	0.993334	-0.089603	-0.948270	-0.096515	-0.302438
52598	9.042593	1.108712	2.564102	0.584262	-1.321885	0.332054	-0.321810	0.064974	0.944572	-0.077000	0.992542	-0.094508	-0.943668	-0.103146	-0.314407
52599	8.502385	-1.289303	1.619401	0.624512	-1.485948	0.342511	-0.336087	0.066747	0.939463	-0.081744	0.991654	-0.099699	-0.938277	-0.110303	-0.327826
52600	9.111837	-0.490462	1.714317	0.910776	-1.624857	0.351730	-0.351569	0.068322	0.933665	-0.089050	0.990370	-0.106003	-0.931917	-0.120410	-0.342100
52601	9.987491	0.110257	0.940956	0.846691	-1.761176	0.378081	-0.368277	0.069821	0.927091	-0.095546	0.989054	-0.112442	-0.924794	-0.129989	-0.357574
52602	10.412446	0.293377	0.185133	0.816272	-1.903045	0.403769	-0.386185	0.071213	0.919668	-0.101538	0.987675	-0.119117	-0.916816	-0.139382	-0.374194
52603	11.597015	0.394110	-0.206568	0.768421	-2.020733	0.418714	-0.405055	0.072398	0.911422	-0.106892	0.986274	-0.125849	-0.908023	-0.148399	-0.391756
52604	13.171983	0.209262	-0.384168	0.810330	-2.132157	0.435839	-0.424776	0.073392	0.902318	-0.112403	0.984720	-0.133009	-0.898293	-0.157923	-0.410036
52605	16.464776	0.308130	1.189447	0.806007	-2.206774	0.492030	-0.445031	0.074600	0.892403	-0.117464	0.983051	-0.140756	-0.887778	-0.167466	-0.428725
52606	16.558048	-0.336125	2.232682	0.463010	-2.327621	0.577574	-0.466235	0.076268	0.881367	-0.118920	0.981831	-0.147869	-0.876632	-0.173754	-0.448694
52607	16.274275	-2.501172	2.110091	0.257178	-2.475439	0.651417	-0.488515	0.078260	0.869039	-0.118057	0.980883	-0.154696	-0.864532	-0.178168	-0.469937
52608	16.420131	-2.774622	2.534175	0.446888	-2.588142	0.759794	-0.511601	0.080978	0.855398	-0.118096	0.979473	-0.163356	-0.851068	-0.184592	-0.491537
52609	15.926729	-1.479022	2.416631	0.502879	-2.663580	0.909945	-0.535083	0.084833	0.840529	-0.117593	0.977780	-0.173546	-0.836575	-0.191701	-0.513218
52610	15.429973	-0.131997	1.294887	0.145104	-2.712386	1.036560	-0.558755	0.089677	0.824470	-0.113133	0.976601	-0.182896	-0.821580	-0.195469	-0.535536
52611	13.647400	-0.143847	-0.552303	-0.249683	-2.732849	1.117213	-0.582128	0.095204	0.807505	-0.104751	0.976065	-0.190592	-0.806322	-0.195535	-0.558222
52612	12.393535	0.078212	-3.146208	-0.730521	-2.740136	1.112912	-0.605095	0.100737	0.789754	-0.092319	0.976393	-0.195277	-0.790782	-0.191071	-0.581511
52613	11.520996	-0.861082	-6.667118	-1.252126	-2.661446	1.008153	-0.626690	0.105587	0.772082	-0.076332	0.977696	-0.195665	-0.775521	-0.181556	-0.604653
52614	10.693609	-2.624694	-8.377860	-1.307767	-2.526365	0.818151	-0.646644	0.109098	0.754950	-0.061091	0.979133	-0.193822	-0.760342	-0.171454	-0.626485
52615	9.997700	-3.010557	-8.785836	-1.015126	-2.330749	0.635627	-0.664451	0.111372	0.738987	-0.049311	0.980145	-0.192054	-0.745703	-0.164051	-0.645766
52616	8.595152	-1.768546	-8.117606	-0.854073	-2.138210	0.445372	-0.680436	0.112260	0.724158	-0.040020	0.981029	-0.189685	-0.731714	-0.158049	-0.663035
52617	7.871859	-1.510369	-8.271955	-1.143899	-1.953335	0.233478	-0.694595	0.111511	0.710706	-0.030151	0.982533	-0.183628	-0.718769	-0.148975	-0.679100
52618	6.722344	-3.120895	-9.486757	-1.361934	-1.734604	0.051075	-0.706965	0.109493	0.698722	-0.020098	0.984434	-0.174601	-0.706963	-0.137480	-0.693760
52619	5.169269	-5.594201	-11.694697	-0.721722	-1.419274	-0.056540	-0.716836	0.106981	0.688986	-0.015465	0.985476	-0.169109	-0.697070	-0.131879	-0.704770
52620	6.406485	-5.601015	-9.999881	0.312025	-0.961368	-0.153888	-0.723469	0.104142	0.682456	-0.018754	0.985227	-0.170225	-0.690102	-0.135951	-0.710828
52621	7.161766	-4.486844	-6.476631	0.926173	-0.415786	-0.242181	-0.726204	0.101137	0.680000	-0.026916	0.984179	-0.175122	-0.686953	-0.145477	-0.711992
52622	6.363630	-2.060115	-5.138356	1.181514	0.166697	-0.331808	-0.724943	0.098090	0.681789	-0.037461	0.982729	-0.181219	-0.687790	-0.156914	-0.708748
52623	5.484808	-0.854163	-5.077847	0.513210	0.646031	-0.522174	-0.720194	0.093956	0.687381	-0.044807	0.982420	-0.181229	-0.692324	-0.161320	-0.703323
52624	4.436188	-3.050554	-6.615031	0.126388	1.049127	-0.761055	-0.712517	0.088135	0.696097	-0.051154	0.982915	-0.176811	-0.699787	-0.161589	-0.695835
52625	3.762714	-5.083669	-8.018896	0.584371	1.434981	-0.955950	-0.701787	0.081061	0.707760	-0.062062	0.982771	-0.174096	-0.709678	-0.166103	-0.684665
52626	3.570229	-4.599966	-7.892280	1.385286	1.823112	-1.077163	-0.687969	0.073586	0.722000	-0.079474	0.981224	-0.175735	-0.721375	-0.178281	-0.669204
52627	3.763576	-3.512363	-7.701952	1.762941	2.187599	-1.129662	-0.670956	0.066565	0.738504	-0.100013	0.978737	-0.179083	-0.734722	-0.194016	-0.650032
52628	4.150743	-2.273803	-7.258058	1.953643	2.513665	-1.130052	-0.651037	0.060584	0.756624	-0.121992	0.975500	-0.183078	-0.749179	-0.211493	-0.627696
52629	4.335389	-1.088800	-6.862603	1.856114	2.798682	-1.093163	-0.628334	0.056068	0.775921	-0.143060	0.972062	-0.186089	-0.764677	-0.227929	-0.602758
