// General information: 
//  MT Manager version: 2022.2.0 
//  XDA version: 2022.2.0 build 7381 rev 124627 built on 2023-07-19
// Device information: 
//  DeviceId: 00B4CB9F
//  ProductCode: MTW2-3A7G6
//  Firmware Version: 4.6.0
//  Hardware Version: 2.0.0
// Device settings: 
//  Filter Profile: human(46.1)
//  Option Flags: Orientation Smoother Disabled, Position/Velocity Smoother Disabled, Continuous Zero Rotation Update Disabled, AHS Disabled, ICC Disabled
// Coordinate system: ENU
PacketCounter	Acc_X	Acc_Y	Acc_Z	Gyr_X	Gyr_Y	Gyr_Z	Mat[1][1]	Mat[2][1]	Mat[3][1]	Mat[1][2]	Mat[2][2]	Mat[3][2]	Mat[1][3]	Mat[2][3]	Mat[3][3]
52369	10.466829	0.669729	2.624436	0.182686	0.098012	0.241200	0.036772	-0.040351	0.998509	-0.279342	0.958939	0.049039	-0.959487	-0.280729	0.023991
52370	10.049698	0.462796	2.454421	0.232015	0.204346	0.256805	0.037929	-0.037326	0.998583	-0.281708	0.958372	0.046523	-0.958750	-0.283074	0.025835
52371	9.837927	0.478494	2.053696	0.351198	0.257224	0.302989	0.039480	-0.033663	0.998653	-0.285233	0.957468	0.043551	-0.957645	-0.286568	0.028199
52372	9.820280	0.304719	1.866437	0.472158	0.306034	0.361283	0.041293	-0.029334	0.998716	-0.289942	0.956205	0.040073	-0.956153	-0.291224	0.030979
52373	10.034988	0.323412	1.811028	0.563292	0.396129	0.391388	0.043876	-0.024402	0.998739	-0.295531	0.954643	0.036308	-0.954325	-0.296751	0.034674
52374	9.835915	0.487662	1.743314	0.596698	0.439861	0.415334	0.046757	-0.019133	0.998723	-0.301452	0.952932	0.032369	-0.952334	-0.302580	0.038789
52375	9.979460	0.565273	1.832635	0.521650	0.514167	0.418977	0.050320	-0.013548	0.998641	-0.306661	0.951396	0.028359	-0.950488	-0.307671	0.043720
52376	9.965622	0.487315	1.828062	0.415792	0.600534	0.418784	0.054662	-0.007716	0.998475	-0.310873	0.950139	0.024362	-0.948878	-0.311730	0.049538
52377	9.675652	0.304347	1.701473	0.347603	0.676100	0.421307	0.059700	-0.001570	0.998215	-0.314452	0.949056	0.020299	-0.947394	-0.315103	0.056165
52378	9.574958	0.221227	1.554187	0.323842	0.718032	0.430852	0.065072	0.004781	0.997869	-0.317830	0.948010	0.016183	-0.945912	-0.318206	0.063208
52379	9.559451	0.235038	1.386419	0.295060	0.753293	0.441041	0.070727	0.011394	0.997431	-0.320961	0.947017	0.011941	-0.944448	-0.320981	0.070637
52380	9.601765	0.148455	1.314579	0.260238	0.760749	0.449801	0.076396	0.018094	0.996913	-0.323792	0.946097	0.007641	-0.943039	-0.323376	0.078137
52381	9.788053	0.101607	1.405418	0.219486	0.710278	0.452310	0.081564	0.024701	0.996362	-0.326261	0.945274	0.003273	-0.941754	-0.325341	0.085159
52382	10.492725	-0.030936	1.761173	0.152552	0.680065	0.451149	0.086430	0.031173	0.995770	-0.328119	0.944636	-0.001093	-0.940674	-0.326637	0.091873
52383	10.985187	-0.228758	2.252117	0.063675	0.699776	0.448070	0.091481	0.037718	0.995092	-0.329160	0.944258	-0.005531	-0.939832	-0.327039	0.098797
52384	11.878271	-0.295975	2.804471	-0.049952	0.776961	0.442808	0.097268	0.044431	0.994266	-0.329153	0.944224	-0.009994	-0.939254	-0.326293	0.106468
52385	12.173367	-0.421310	3.312631	-0.201318	0.900283	0.447001	0.104199	0.051606	0.993217	-0.327757	0.944648	-0.014697	-0.938999	-0.324002	0.115346
52386	12.829364	-0.539511	3.970613	-0.363370	1.039128	0.455730	0.112419	0.059256	0.991892	-0.324882	0.945550	-0.019666	-0.939049	-0.320037	0.125550
52387	10.075922	-0.810530	4.122863	-0.542333	1.311231	0.482408	0.123122	0.068005	0.990059	-0.320401	0.946947	-0.025199	-0.939246	-0.314114	0.138379
52388	11.922154	-0.920065	4.504814	-0.674362	1.380320	0.543250	0.134322	0.077441	0.987907	-0.314811	0.948630	-0.031559	-0.939602	-0.306765	0.151801
52389	11.330319	-1.355716	4.230289	-0.794737	1.615248	0.605717	0.147559	0.088104	0.985121	-0.308242	0.950515	-0.038838	-0.939794	-0.297925	0.167414
52390	11.319947	-1.745167	4.152290	-0.832155	1.757159	0.651059	0.162052	0.099458	0.981757	-0.301476	0.952329	-0.046714	-0.939602	-0.288407	0.184311
52391	10.811146	-1.816829	4.160625	-0.834957	1.801532	0.684857	0.176878	0.111122	0.977940	-0.294841	0.953958	-0.055069	-0.939033	-0.278596	0.201497
52392	10.220662	-1.587229	4.057028	-0.821716	1.724257	0.686377	0.191032	0.122409	0.973921	-0.288438	0.955390	-0.063504	-0.938248	-0.268785	0.217818
52393	10.121720	-1.347900	3.427857	-0.818792	1.578661	0.686763	0.203825	0.133170	0.969908	-0.282163	0.956657	-0.072054	-0.937464	-0.258986	0.232566
52394	10.244043	-1.494580	2.279478	-0.794595	1.462876	0.649694	0.215694	0.143128	0.965914	-0.276130	0.957763	-0.080259	-0.936605	-0.249406	0.246106
52395	9.235440	-2.150704	1.162060	-0.765648	1.390735	0.579040	0.227078	0.152111	0.961924	-0.270293	0.958766	-0.087804	-0.935616	-0.240063	0.258829
52396	10.166262	-2.772629	-0.178057	-0.636736	1.212314	0.546683	0.236921	0.160240	0.958223	-0.265658	0.959400	-0.094752	-0.934502	-0.232111	0.269871
52397	10.777650	-3.094737	-1.483969	-0.519562	1.226877	0.501187	0.247001	0.167885	0.954361	-0.262069	0.959749	-0.101006	-0.932904	-0.225160	0.281056
52398	10.893819	-3.064846	-1.936127	-0.297695	1.239250	0.467449	0.257285	0.175158	0.950328	-0.260525	0.959594	-0.106333	-0.930554	-0.220227	0.292522
52399	10.465659	-2.685942	-2.461379	0.017737	1.247793	0.402457	0.267772	0.181786	0.946178	-0.261797	0.958820	-0.110125	-0.927233	-0.218218	0.304336
52400	9.472166	-2.165361	-2.493154	0.318433	1.208572	0.292865	0.278122	0.187264	0.942115	-0.265593	0.957566	-0.111929	-0.923097	-0.219089	0.316056
52401	8.576724	-1.735675	-1.885883	0.535869	1.114707	0.191408	0.287821	0.191585	0.938325	-0.271120	0.956004	-0.112032	-0.918506	-0.222153	0.327100
52402	8.588561	-1.156143	-1.258073	0.683461	1.027767	0.154885	0.296736	0.195400	0.934755	-0.277883	0.954152	-0.111241	-0.913635	-0.226743	0.337429
52403	8.670899	-0.726998	-0.881565	0.792222	0.981570	0.147227	0.305211	0.199087	0.931242	-0.285595	0.952025	-0.109928	-0.908450	-0.232407	0.347426
52404	8.194755	-0.438853	-0.407097	0.829182	0.926975	0.097892	0.313237	0.202225	0.927894	-0.293457	0.949858	-0.107947	-0.903197	-0.238484	0.356875
52405	7.603127	-0.076949	0.020474	0.729961	0.845010	0.005216	0.320781	0.204342	0.924848	-0.300101	0.948068	-0.105383	-0.898354	-0.243743	0.365445
52406	7.021454	0.393270	0.500854	0.478306	0.749405	-0.111873	0.327741	0.205140	0.922227	-0.304075	0.947106	-0.102611	-0.894497	-0.246796	0.372783
52407	6.462100	0.790537	1.109774	0.177833	0.670400	-0.216864	0.334336	0.204771	0.919939	-0.304997	0.947092	-0.099969	-0.891738	-0.247155	0.379102
52408	6.440809	1.155175	1.992530	-0.132651	0.592454	-0.272640	0.340345	0.203659	0.917981	-0.302945	0.947957	-0.097992	-0.890163	-0.244746	0.384330
52409	6.723201	1.298494	2.810173	-0.488988	0.517212	-0.311563	0.345831	0.201984	0.916299	-0.297576	0.949753	-0.097047	-0.889859	-0.239106	0.388560
52410	6.316678	0.998280	2.992136	-0.837650	0.396198	-0.346819	0.350279	0.199625	0.915125	-0.288960	0.952399	-0.097152	-0.890958	-0.230404	0.391289
52411	5.580180	0.307344	2.388833	-0.991381	0.144162	-0.341124	0.352482	0.196727	0.914907	-0.278970	0.955293	-0.097934	-0.893271	-0.220711	0.391605
52412	5.612745	-0.878643	1.858948	-0.845157	-0.092206	-0.298533	0.352383	0.193679	0.915595	-0.270407	0.957693	-0.098513	-0.895939	-0.212869	0.389847
52413	5.585713	-1.828472	1.821546	-0.583614	-0.253828	-0.271526	0.350780	0.190574	0.916861	-0.264269	0.959425	-0.098315	-0.898396	-0.207812	0.386910
52414	5.486512	-1.854900	1.894612	-0.362865	-0.483452	-0.271453	0.347046	0.186979	0.919020	-0.260108	0.960672	-0.097230	-0.901057	-0.205301	0.382032
52415	6.314261	-1.258587	1.965183	-0.186825	-0.754742	-0.261216	0.340859	0.182952	0.922141	-0.257576	0.961522	-0.095555	-0.904141	-0.204950	0.374867
52416	7.773815	-0.608187	2.152023	-0.183156	-0.926112	-0.242218	0.332991	0.178736	0.925835	-0.255151	0.962320	-0.094011	-0.907753	-0.204922	0.366049
52417	8.559293	-0.082063	2.680707	-0.338491	-0.987111	-0.247573	0.324586	0.174369	0.929645	-0.251309	0.963432	-0.092962	-0.911859	-0.203454	0.356537
52418	8.516204	0.039200	3.314718	-0.470748	-1.048699	-0.269989	0.315571	0.169657	0.933612	-0.246192	0.964834	-0.092115	-0.916409	-0.200779	0.346242
52419	8.454816	-0.256687	3.941408	-0.616868	-1.108978	-0.294365	0.306044	0.164642	0.937673	-0.239660	0.966536	-0.091488	-0.921358	-0.196724	0.335261
52420	8.161977	-1.102483	3.997533	-0.765083	-1.182485	-0.319744	0.295773	0.159264	0.941888	-0.231678	0.968525	-0.091016	-0.926738	-0.191295	0.323362
52421	8.297701	-2.404519	3.451836	-0.908675	-1.275259	-0.348285	0.284657	0.153523	0.946256	-0.222272	0.970763	-0.090634	-0.932505	-0.184526	0.310458
52422	9.264223	-3.805081	4.471083	-1.031821	-1.355698	-0.355361	0.272649	0.147634	0.950719	-0.211677	0.973149	-0.090412	-0.938539	-0.176595	0.296579
52423	10.289214	-5.604404	4.935788	-1.090752	-1.346731	-0.369474	0.260681	0.141748	0.954962	-0.200474	0.975549	-0.090080	-0.944381	-0.167963	0.282723
52424	10.663548	-7.206042	5.336925	-0.951148	-1.265137	-0.406810	0.249403	0.135724	0.958842	-0.190478	0.977663	-0.088843	-0.949482	-0.160481	0.269684
52425	11.104000	-7.691126	5.384705	-0.552630	-1.053985	-0.401549	0.240078	0.130160	0.961988	-0.184289	0.979060	-0.086478	-0.953100	-0.156522	0.259038
52426	11.507517	-6.808289	4.742879	0.192573	-0.839341	-0.426371	0.232770	0.124707	0.964503	-0.185166	0.979286	-0.081931	-0.954742	-0.159522	0.251040
52427	11.763878	-5.830878	3.724444	1.085713	-0.815367	-0.601930	0.226077	0.117502	0.966997	-0.194200	0.978207	-0.073462	-0.954555	-0.171183	0.243969
52428	12.461747	-4.528185	3.762306	1.834333	-0.896019	-0.810092	0.219079	0.108034	0.969708	-0.209940	0.975792	-0.061281	-0.952854	-0.190155	0.236456
52429	13.153672	-2.618202	5.106390	1.991412	-0.800717	-0.878425	0.213327	0.097904	0.972063	-0.227040	0.972695	-0.048142	-0.950234	-0.210427	0.229730
52430	11.515655	-0.148493	6.334297	1.630125	-0.533440	-0.792232	0.210030	0.089116	0.973625	-0.240879	0.969857	-0.036808	-0.947557	-0.226795	0.225165
52431	8.809227	1.830209	5.130684	1.185869	-0.383362	-0.641579	0.207926	0.082039	0.974698	-0.250812	0.967633	-0.027940	-0.945442	-0.238656	0.221773
52432	7.460505	2.808031	2.001729	0.842166	-0.461749	-0.527532	0.204828	0.075887	0.975852	-0.257729	0.965989	-0.021024	-0.944257	-0.247199	0.217419
52433	8.363274	2.518096	-0.515325	0.485671	-0.634457	-0.448594	0.199948	0.070001	0.977303	-0.261455	0.965089	-0.015635	-0.944279	-0.252395	0.211270
52434	10.366841	1.101247	-1.025434	0.097743	-0.669747	-0.342932	0.194439	0.065056	0.978755	-0.261751	0.965059	-0.012146	-0.945346	-0.253828	0.204674
52435	11.969379	-0.408853	-0.512613	-0.132389	-0.593307	-0.245744	0.189414	0.061210	0.979988	-0.260075	0.965536	-0.010039	-0.946828	-0.252968	0.198805
52436	11.824710	-0.596415	-0.015347	-0.109669	-0.442870	-0.282709	0.185864	0.057416	0.980897	-0.258554	0.965967	-0.007550	-0.947948	-0.252211	0.194384
52437	11.240418	0.414175	-0.216654	0.051597	-0.423228	-0.422855	0.182890	0.052292	0.981742	-0.258311	0.966056	-0.003335	-0.948592	-0.252985	0.190190
52438	10.365513	1.523340	-1.304906	0.210790	-0.492256	-0.597986	0.179673	0.045318	0.982682	-0.259276	0.965799	0.002866	-0.948943	-0.255301	0.185277
52439	8.876209	2.141062	-1.517855	0.292102	-0.597136	-0.675764	0.175709	0.037289	0.983736	-0.260895	0.965315	0.010009	-0.949242	-0.258411	0.179343
52440	8.946472	2.359409	-0.623799	0.263926	-0.714724	-0.631389	0.170471	0.029383	0.984924	-0.262358	0.964827	0.016626	-0.949794	-0.261237	0.172184
52441	10.246528	2.339114	0.335227	0.133198	-0.725612	-0.575498	0.165034	0.021959	0.986043	-0.262706	0.964614	0.022487	-0.950657	-0.262750	0.164963
52442	10.601540	2.065479	0.929966	-0.086661	-0.635006	-0.534146	0.160285	0.015175	0.986954	-0.261063	0.964928	0.027562	-0.951922	-0.262075	0.158625
52443	8.580620	0.982517	1.055308	-0.302743	-0.679398	-0.538489	0.155154	0.008235	0.987856	-0.257376	0.965769	0.032373	-0.953774	-0.259273	0.151962
52444	8.722673	0.104081	1.384143	-0.474266	-0.792437	-0.556422	0.148896	0.000852	0.988852	-0.252051	0.967002	0.037120	-0.956190	-0.254768	0.144198
52445	8.573581	-1.097829	1.680506	-0.535349	-0.889400	-0.527099	0.141640	-0.006462	0.989897	-0.246206	0.968327	0.041549	-0.958812	-0.249604	0.135563
52446	10.318013	-1.424928	1.573961	-0.445397	-0.800433	-0.454174	0.134958	-0.012808	0.990769	-0.241353	0.969374	0.045407	-0.961007	-0.245253	0.127733
52447	10.241124	-0.543583	1.672083	-0.298784	-0.690526	-0.369440	0.129148	-0.018043	0.991461	-0.238038	0.970036	0.048660	-0.962631	-0.242290	0.120984
52448	10.675943	1.094995	2.003503	-0.231143	-0.591875	-0.308504	0.124072	-0.022424	0.992020	-0.235471	0.970522	0.051389	-0.963929	-0.239968	0.115134
52449	10.207622	2.360419	1.911921	-0.207114	-0.556438	-0.320045	0.119402	-0.026830	0.992483	-0.233130	0.970929	0.054294	-0.965087	-0.237860	0.109676
52450	9.765874	2.510525	1.619293	-0.200355	-0.588569	-0.389750	0.114520	-0.031972	0.992906	-0.230789	0.971280	0.057894	-0.966241	-0.235782	0.103852
52451	9.301598	2.007455	1.454560	-0.188244	-0.660241	-0.415228	0.109037	-0.037525	0.993329	-0.228551	0.971569	0.061791	-0.967407	-0.233764	0.097361
52452	9.275659	1.751835	1.245674	-0.151174	-0.678724	-0.395506	0.103269	-0.042917	0.993727	-0.226718	0.971754	0.065529	-0.968470	-0.232063	0.090622
52453	9.600824	1.710174	1.034491	-0.105556	-0.642480	-0.348720	0.097780	-0.047762	0.994061	-0.225390	0.971832	0.068864	-0.969350	-0.230785	0.084261
52454	9.769088	1.437962	1.179966	-0.071073	-0.562251	-0.299280	0.092905	-0.051937	0.994320	-0.224465	0.971838	0.071735	-0.970043	-0.229854	0.078630
52455	9.574659	0.694679	1.371782	-0.026688	-0.470993	-0.231925	0.088802	-0.055241	0.994516	-0.224040	0.971768	0.073982	-0.970526	-0.229381	0.073919
52456	9.407887	0.227778	1.261961	0.086208	-0.402875	-0.155942	0.085147	-0.057654	0.994699	-0.224791	0.971474	0.075550	-0.970680	-0.230032	0.069758
52457	9.536540	0.627522	1.077578	0.207482	-0.351104	-0.095925	0.081903	-0.059365	0.994871	-0.226769	0.970931	0.076606	-0.970499	-0.231880	0.066060
52458	9.382213	1.390985	0.955918	0.269860	-0.322512	-0.069073	0.078839	-0.060759	0.995034	-0.229381	0.970253	0.077420	-0.970139	-0.234345	0.062557
52459	9.206304	1.824141	0.747939	0.256179	-0.310082	-0.071534	0.075943	-0.062152	0.995173	-0.231854	0.969598	0.078248	-0.969781	-0.236678	0.059224
52460	9.160778	1.847385	0.454287	0.166427	-0.319624	-0.106781	0.073002	-0.063920	0.995281	-0.233437	0.969128	0.079363	-0.969628	-0.238129	0.055827
52461	9.390695	1.675511	-0.219896	0.119073	-0.350542	-0.139775	0.069877	-0.066080	0.995365	-0.234536	0.968745	0.080778	-0.969593	-0.239093	0.052194
52462	9.565214	1.680765	-0.562822	0.112122	-0.403257	-0.172255	0.066281	-0.068693	0.995434	-0.235554	0.968352	0.082508	-0.969598	-0.239947	0.048002
52463	9.656931	1.990594	-0.355714	0.097689	-0.450167	-0.181304	0.062290	-0.071499	0.995494	-0.236429	0.967984	0.084317	-0.969650	-0.240615	0.043391
52464	9.056419	2.495070	-0.289308	0.073758	-0.576137	-0.165544	0.057002	-0.074471	0.995593	-0.237094	0.967677	0.085957	-0.969813	-0.240949	0.037503
52465	9.123564	2.869775	-0.705946	0.065781	-0.766379	-0.142175	0.049853	-0.077663	0.995732	-0.237699	0.967403	0.087354	-0.970059	-0.241039	0.029768
52466	9.791263	2.477055	-0.926276	-0.029566	-0.797594	-0.076256	0.042202	-0.080308	0.995876	-0.237425	0.967405	0.088073	-0.970489	-0.240163	0.021759
52467	9.781208	1.741303	-0.248495	-0.157858	-0.756630	-0.014608	0.034837	-0.082228	0.996004	-0.235930	0.967764	0.088149	-0.971145	-0.238058	0.014314
52468	10.086824	1.351474	0.711483	-0.183506	-0.746499	-0.010930	0.027516	-0.084095	0.996078	-0.234192	0.968180	0.088209	-0.971801	-0.235700	0.006946
52469	9.629976	1.332763	1.235172	-0.179242	-0.699377	-0.059370	0.020803	-0.086280	0.996054	-0.232477	0.968544	0.088752	-0.972379	-0.233406	0.000090
52470	9.423408	1.305057	2.046913	-0.154370	-0.680783	-0.122845	0.014375	-0.089045	0.995924	-0.231001	0.968786	0.089953	-0.972847	-0.231353	-0.006644
52471	9.310854	0.970694	1.943130	-0.036137	-0.640745	-0.151225	0.008436	-0.091959	0.995727	-0.230674	0.968727	0.091420	-0.972995	-0.230460	-0.013040
52472	9.715129	0.622791	1.280769	0.182891	-0.551483	-0.107339	0.003236	-0.094265	0.995542	-0.232493	0.968196	0.092432	-0.972593	-0.231755	-0.018783
52473	9.463654	0.429090	0.735436	0.416594	-0.471456	-0.026502	-0.001338	-0.095592	0.995420	-0.236583	0.967192	0.092563	-0.971610	-0.235376	-0.023910
52474	9.122323	0.636453	0.569494	0.565632	-0.483023	0.062858	-0.006259	-0.096124	0.995350	-0.242117	0.965898	0.091758	-0.970227	-0.240417	-0.029319
52475	9.210837	1.131354	0.391401	0.645359	-0.583398	0.134037	-0.012297	-0.096220	0.995284	-0.248402	0.964451	0.090170	-0.968579	-0.246121	-0.035761
52476	9.466751	1.734607	0.623591	0.626111	-0.667904	0.170396	-0.019267	-0.096230	0.995173	-0.254477	0.963049	0.088197	-0.966887	-0.251550	-0.043043
52477	9.529888	2.557236	1.112666	0.561338	-0.748926	0.154513	-0.026953	-0.096615	0.994957	-0.259905	0.961766	0.086351	-0.965258	-0.256266	-0.051033
52478	9.469494	2.995040	1.766780	0.420965	-0.795605	0.115222	-0.035002	-0.097553	0.994615	-0.263972	0.960783	0.084946	-0.963895	-0.259577	-0.059381
52479	9.691248	2.687369	2.553414	0.261851	-0.834115	0.055436	-0.043239	-0.099164	0.994131	-0.266512	0.960148	0.084182	-0.962861	-0.261307	-0.067945
52480	9.554547	1.643165	3.251200	0.224150	-0.795970	0.023017	-0.051024	-0.101027	0.993574	-0.268698	0.959575	0.083771	-0.961872	-0.262697	-0.076107
52481	10.110085	0.803573	3.981824	0.287916	-0.681466	0.063278	-0.057800	-0.102188	0.993084	-0.271470	0.958873	0.082868	-0.960710	-0.264802	-0.083164
52482	11.033195	0.291524	4.175620	0.330553	-0.434034	0.150989	-0.062428	-0.101892	0.992835	-0.274590	0.958138	0.081065	-0.959533	-0.267562	-0.087793
52483	10.826742	-0.229397	4.305331	0.367540	-0.189528	0.238878	-0.064960	-0.100085	0.992856	-0.278000	0.957383	0.078321	-0.958382	-0.270927	-0.090015
52484	10.348452	-0.249337	4.670477	0.486866	-0.042005	0.296250	-0.066225	-0.097354	0.993044	-0.282504	0.956336	0.074915	-0.956977	-0.275578	-0.090837
52485	10.568046	0.313911	4.337652	0.647031	0.117868	0.338108	-0.066118	-0.093766	0.993396	-0.288504	0.954848	0.070925	-0.955193	-0.281910	-0.090185
52486	11.225833	1.043720	3.229138	0.753772	0.283195	0.358347	-0.064480	-0.089520	0.993896	-0.295496	0.953015	0.066667	-0.953165	-0.289394	-0.087903
52487	11.788882	1.619095	2.006463	0.760722	0.467683	0.360655	-0.061160	-0.084688	0.994529	-0.302551	0.951090	0.062383	-0.951169	-0.297080	-0.083791
52488	11.952751	1.846665	1.136047	0.676859	0.631901	0.361525	-0.056266	-0.079334	0.995259	-0.308804	0.949342	0.058215	-0.949460	-0.304064	-0.077914
52489	12.528227	2.031848	1.120560	0.551971	0.754475	0.385900	-0.050365	-0.073330	0.996035	-0.313873	0.947933	0.053917	-0.948128	-0.309913	-0.070759
52490	13.560474	2.263521	1.725796	0.384496	0.868759	0.406951	-0.043414	-0.066746	0.996825	-0.317359	0.947008	0.049588	-0.947311	-0.314199	-0.062296
52491	13.829420	2.525575	3.146538	0.142684	1.010733	0.418171	-0.035225	-0.059574	0.997602	-0.318585	0.946812	0.045291	-0.947240	-0.316226	-0.052331
52492	12.697230	2.677371	4.367103	-0.185884	1.138950	0.467545	-0.025904	-0.051535	0.998335	-0.316714	0.947647	0.040700	-0.948167	-0.315132	-0.040869
52493	11.999620	2.765084	5.366645	-0.529479	1.329923	0.509066	-0.014936	-0.042517	0.998984	-0.311624	0.949533	0.035753	-0.950088	-0.310773	-0.027431
52494	11.323796	2.389022	5.832198	-0.852300	1.538610	0.550566	-0.001958	-0.032543	0.999468	-0.303502	0.952345	0.030414	-0.952829	-0.303281	-0.011742
52495	10.786618	1.647055	5.844232	-1.144283	1.775207	0.583033	0.013193	-0.021661	0.999678	-0.292653	0.955903	0.024574	-0.956128	-0.292883	0.006272
52496	10.920501	0.700547	5.442002	-1.385727	1.969584	0.609943	0.030367	-0.010160	0.999487	-0.279547	0.959959	0.018251	-0.959652	-0.279958	0.026311
52497	10.804220	-0.264344	4.367371	-1.471768	2.210860	0.597473	0.049936	0.001652	0.998751	-0.265681	0.963990	0.011689	-0.962767	-0.265933	0.048577
52498	10.787417	-1.111534	3.354710	-1.389798	2.375317	0.567803	0.071427	0.013314	0.997357	-0.252668	0.967539	0.005179	-0.964913	-0.252370	0.072472
52499	10.493817	-1.809170	2.683446	-1.323615	2.444029	0.511666	0.093711	0.024310	0.995303	-0.240354	0.970685	-0.001078	-0.966151	-0.239124	0.096807
52500	10.959753	-2.238563	1.297802	-1.278538	2.405448	0.475003	0.115916	0.034552	0.992658	-0.228537	0.973509	-0.007198	-0.966610	-0.226024	0.120742
52501	11.546994	-2.853487	-0.939672	-1.036038	2.273561	0.455760	0.136815	0.044040	0.989617	-0.219147	0.975604	-0.013119	-0.966052	-0.215077	0.143128
52502	13.342827	-3.702981	-3.384543	-0.586831	2.105191	0.481501	0.156155	0.053235	0.986297	-0.214233	0.976602	-0.018794	-0.964220	-0.208362	0.163906
52503	13.991312	-4.222284	-4.796253	0.019521	2.008810	0.556280	0.174244	0.062876	0.982693	-0.215387	0.976227	-0.024271	-0.960858	-0.207431	0.183645
52504	12.764874	-3.329603	-5.273781	0.583589	1.905076	0.567989	0.191303	0.072455	0.978853	-0.222066	0.974608	-0.028741	-0.956080	-0.211872	0.202536
52505	12.005606	-1.932051	-4.708764	0.938731	1.763236	0.464758	0.207005	0.080817	0.974996	-0.231990	0.972214	-0.031331	-0.950437	-0.219703	0.220001
52506	13.923125	-0.731007	-3.671967	1.049684	1.685759	0.382997	0.222081	0.088359	0.971016	-0.242805	0.969524	-0.032691	-0.944312	-0.228507	0.236767
52507	8.041569	0.665905	-2.331493	0.857500	1.562168	0.514828	0.235462	0.096999	0.967031	-0.252105	0.967044	-0.035615	-0.938616	-0.235408	0.252156
52508	11.821433	0.809751	-2.458537	0.425824	1.512366	0.517330	0.248300	0.105618	0.962908	-0.257393	0.965498	-0.039529	-0.933861	-0.238031	0.266919
52509	9.694282	0.121747	-2.287949	-0.000147	1.638440	0.481189	0.262273	0.114179	0.958215	-0.258671	0.964955	-0.044181	-0.929679	-0.236275	0.282616
52510	7.948652	-0.549310	-1.813556	-0.157720	1.583668	0.508785	0.275631	0.122836	0.953383	-0.258627	0.964707	-0.049524	-0.925819	-0.232920	0.297672
52511	8.324992	-0.783924	-1.521988	-0.139021	1.583644	0.535822	0.288821	0.131698	0.948282	-0.258906	0.964331	-0.055071	-0.921710	-0.229610	0.312617
52512	8.353340	-0.619636	-1.420241	-0.086158	1.602103	0.543750	0.302110	0.140626	0.942843	-0.259772	0.963772	-0.060510	-0.917196	-0.226644	0.327696
52513	8.048051	-0.248576	-1.529495	-0.108625	1.517944	0.505274	0.314634	0.148942	0.937455	-0.260388	0.963269	-0.065650	-0.912800	-0.223446	0.341860
52514	7.756298	0.210217	-1.658648	-0.235232	1.354458	0.391470	0.325910	0.155739	0.932485	-0.259551	0.963178	-0.070150	-0.909074	-0.219165	0.354332
52515	7.361500	0.581264	-1.566655	-0.407277	1.191525	0.239630	0.336055	0.160656	0.928039	-0.256700	0.963664	-0.073869	-0.906185	-0.213404	0.365085
52516	7.061791	0.510462	-1.307149	-0.547891	1.077515	0.122979	0.345439	0.164127	0.923977	-0.252213	0.964599	-0.077050	-0.903914	-0.206423	0.374605
52517	6.965006	0.282482	-0.814253	-0.586294	0.983111	0.027543	0.354196	0.166419	0.920244	-0.247069	0.965727	-0.079549	-0.901943	-0.199188	0.383174
52518	7.229576	-0.062083	-0.181088	-0.519674	0.890735	-0.044649	0.362267	0.167752	0.916854	-0.242280	0.966806	-0.081162	-0.900035	-0.192733	0.390884
52519	7.629014	-0.390250	0.543984	-0.410561	0.792102	-0.098916	0.369576	0.168334	0.913826	-0.238280	0.967737	-0.081898	-0.898129	-0.187479	0.397763
52520	7.744648	-0.632761	1.120292	-0.328329	0.691092	-0.137396	0.376030	0.168302	0.911195	-0.234875	0.968563	-0.081970	-0.896345	-0.183193	0.403739
52521	7.686615	-0.833398	1.840214	-0.286790	0.577196	-0.164790	0.381534	0.167785	0.908999	-0.231736	0.969345	-0.081657	-0.894835	-0.179493	0.408720
52522	7.389946	-1.058902	2.697219	-0.252722	0.458985	-0.185276	0.385989	0.166822	0.907294	-0.228818	0.970092	-0.081023	-0.893675	-0.176332	0.412617
52523	7.165070	-1.457905	3.264996	-0.200022	0.346240	-0.175760	0.389433	0.165756	0.906017	-0.226404	0.970720	-0.080278	-0.892795	-0.173863	0.415558
52524	6.651135	-1.980164	2.983037	-0.156470	0.213892	-0.126615	0.391551	0.164916	0.905257	-0.224567	0.971186	-0.079795	-0.892333	-0.172047	0.417303
52525	6.023065	-2.645274	2.409826	-0.187859	-0.014838	-0.044908	0.391469	0.164488	0.905370	-0.222769	0.971567	-0.080193	-0.892819	-0.170295	0.416982
52526	6.242448	-3.470929	2.127851	-0.182860	-0.323875	0.026589	0.388438	0.164221	0.906723	-0.221291	0.971820	-0.081211	-0.894509	-0.169105	0.413833
52527	6.697139	-3.740299	2.347631	0.050259	-0.591896	0.052876	0.382970	0.163764	0.909129	-0.222000	0.971634	-0.081506	-0.896688	-0.170612	0.408462
52528	7.344346	-3.226091	2.898274	0.421281	-0.751525	-0.013729	0.376173	0.162360	0.912213	-0.225782	0.970912	-0.079701	-0.898619	-0.175979	0.401889
52529	8.119720	-2.229409	3.572391	0.693672	-0.814687	-0.141611	0.369120	0.159553	0.915584	-0.231546	0.969877	-0.075666	-0.900076	-0.184070	0.394945
52530	9.046506	-1.080965	4.112843	0.767700	-0.853315	-0.300407	0.362054	0.155070	0.919168	-0.237415	0.968887	-0.069941	-0.901416	-0.192902	0.387605
52531	10.047231	0.237377	4.621408	0.676500	-0.833478	-0.460365	0.355588	0.149003	0.922689	-0.241919	0.968241	-0.063127	-0.902791	-0.200769	0.380341
52532	10.508062	1.752571	5.513581	0.462943	-0.708193	-0.575035	0.350503	0.142030	0.925729	-0.244124	0.968120	-0.056102	-0.904185	-0.206329	0.374002
52533	9.916311	2.806739	6.501188	0.088165	-0.574461	-0.598015	0.346710	0.135080	0.928195	-0.242890	0.968751	-0.050255	-0.905978	-0.208026	0.368685
52534	9.550274	2.322152	7.428834	-0.310460	-0.560989	-0.496630	0.342739	0.129134	0.930513	-0.238414	0.970035	-0.046802	-0.908674	-0.205807	0.363256
52535	10.093795	0.895689	7.812405	-0.634857	-0.567718	-0.340078	0.338319	0.124711	0.932731	-0.231529	0.971742	-0.045947	-0.912105	-0.200410	0.357633
52536	9.987781	-0.877101	7.459116	-0.854270	-0.492787	-0.269954	0.334364	0.121142	0.934626	-0.222867	0.973740	-0.046480	-0.915713	-0.192756	0.352582
52537	8.758737	-2.373572	6.886429	-0.848304	-0.353014	-0.275368	0.331678	0.117824	0.936006	-0.214222	0.975658	-0.046905	-0.918748	-0.184956	0.348845
52538	7.277641	-3.089708	5.623103	-0.580020	-0.288484	-0.318488	0.329642	0.114220	0.937171	-0.207886	0.977073	-0.045961	-0.920934	-0.179675	0.345829
52539	6.238208	-2.984723	3.091173	-0.302937	-0.416358	-0.343943	0.326462	0.110148	0.938770	-0.204018	0.977987	-0.043801	-0.922930	-0.177227	0.341748
52540	6.202298	-2.133820	-0.441493	-0.080451	-0.785365	-0.345327	0.319854	0.105419	0.941584	-0.202211	0.978489	-0.040860	-0.925637	-0.177330	0.334291
52541	7.549499	-1.313444	-3.366523	0.098578	-1.186488	-0.403752	0.309616	0.099384	0.945654	-0.201907	0.978715	-0.036752	-0.929178	-0.179555	0.323092
52542	10.185752	-0.972799	-3.774478	0.186872	-1.427246	-0.523724	0.297320	0.091714	0.950363	-0.202110	0.978865	-0.031235	-0.933141	-0.182791	0.309573
52543	12.711459	-1.418391	-2.034356	0.094761	-1.349826	-0.639845	0.285939	0.083001	0.954646	-0.201182	0.979238	-0.024881	-0.936891	-0.184943	0.296701
52544	13.479523	-1.517337	1.155637	-0.136798	-1.039230	-0.708205	0.277516	0.074185	0.957853	-0.197955	0.980036	-0.018551	-0.940106	-0.184463	0.286661
52545	12.089308	-0.630487	4.166769	-0.526202	-0.701596	-0.695303	0.272212	0.066122	0.959963	-0.191140	0.981471	-0.013403	-0.943062	-0.179839	0.279807
52546	9.806610	-0.026623	4.817595	-0.885929	-0.581109	-0.585661	0.267726	0.059391	0.961663	-0.181242	0.983385	-0.010275	-0.946295	-0.171543	0.274042
52547	10.036964	-0.435081	3.821752	-1.042919	-0.655318	-0.459424	0.262270	0.053811	0.963493	-0.170188	0.985373	-0.008706	-0.949869	-0.161691	0.267592
52548	12.547998	-1.246448	2.797297	-0.926783	-0.707943	-0.394060	0.256103	0.048856	0.965414	-0.160399	0.987025	-0.007400	-0.953249	-0.152956	0.260617
52549	13.417045	-1.558301	2.132562	-0.657514	-0.635404	-0.419139	0.250646	0.043800	0.967088	-0.153112	0.988196	-0.005073	-0.955894	-0.146801	0.254393
52550	12.421785	-1.633086	1.836614	-0.355419	-0.570142	-0.505532	0.245868	0.038024	0.968557	-0.148507	0.988911	-0.001125	-0.957859	-0.143561	0.248788
52551	10.708252	-1.763839	1.348899	-0.007364	-0.537894	-0.556882	0.241486	0.031780	0.969884	-0.147131	0.989108	0.004223	-0.959186	-0.143720	0.243532
52552	9.312507	-2.049895	0.295143	0.377919	-0.577208	-0.574269	0.236709	0.025314	0.971251	-0.149436	0.988714	0.010651	-0.960020	-0.147661	0.237821
52553	8.531772	-2.292393	-0.935959	0.759349	-0.641929	-0.626184	0.231450	0.018189	0.972677	-0.155312	0.987692	0.018487	-0.960369	-0.155347	0.231427
52554	8.350905	-1.860057	-1.514186	1.027360	-0.780302	-0.678270	0.224939	0.010301	0.974318	-0.163684	0.986133	0.027363	-0.960526	-0.165635	0.223506
52555	9.081487	-0.836063	-1.605009	1.118590	-0.933182	-0.639108	0.217001	0.002442	0.976168	-0.173067	0.984251	0.036011	-0.960707	-0.176757	0.214006
52556	9.812965	0.333020	-1.431692	1.093121	-1.094235	-0.521844	0.207304	-0.004622	0.978266	-0.182518	0.982248	0.043318	-0.961100	-0.187531	0.202781
52557	10.191762	1.006179	-0.634905	0.942166	-1.057580	-0.409995	0.197852	-0.010644	0.980174	-0.190793	0.980399	0.049159	-0.961484	-0.196737	0.191943
52558	9.800977	1.369672	0.422002	0.690746	-0.972847	-0.328649	0.189013	-0.015753	0.981848	-0.196855	0.978966	0.053603	-0.962041	-0.203414	0.181936
52559	8.800798	1.549001	1.144924	0.414527	-0.870704	-0.274587	0.181127	-0.020196	0.983252	-0.200385	0.978058	0.057002	-0.962829	-0.207354	0.173106
52560	8.432006	1.866133	1.454525	0.182835	-0.871034	-0.254938	0.173126	-0.024448	0.984596	-0.201749	0.977613	0.059750	-0.964015	-0.208986	0.164318
52561	8.695235	2.290818	1.750475	-0.020009	-0.885536	-0.282854	0.165101	-0.029030	0.985849	-0.201126	0.977572	0.062469	-0.965552	-0.208593	0.155559
52562	9.161000	2.646403	1.955580	-0.159616	-0.872044	-0.324532	0.157203	-0.033966	0.986982	-0.199114	0.977794	0.065364	-0.967285	-0.206797	0.146949
52563	9.727300	3.001644	1.862398	-0.274412	-0.834381	-0.382488	0.149829	-0.039387	0.987927	-0.195917	0.978210	0.068713	-0.969107	-0.203847	0.138847
52564	10.103088	2.784909	1.253921	-0.338443	-0.789151	-0.412125	0.142857	-0.044972	0.988721	-0.192085	0.978714	0.072271	-0.970925	-0.200243	0.131178
52565	10.251551	1.572256	1.088713	-0.374995	-0.752742	-0.388676	0.136229	-0.050237	0.989403	-0.187945	0.979266	0.075600	-0.972686	-0.196252	0.123963
52566	10.180462	0.207761	1.206786	-0.325520	-0.699018	-0.330689	0.129925	-0.054797	0.990008	-0.184390	0.979719	0.078426	-0.974228	-0.192737	0.117186
52567	9.781886	-0.138506	1.112445	-0.113987	-0.672903	-0.293513	0.123854	-0.058932	0.990549	-0.182953	0.979765	0.081166	-0.975289	-0.191277	0.110566
52568	9.626840	1.155899	0.963497	0.130219	-0.663715	-0.261709	0.117744	-0.062727	0.991061	-0.183961	0.979351	0.083842	-0.975856	-0.192188	0.103773
52569	9.715143	3.225474	1.038750	0.225410	-0.669035	-0.241720	0.111609	-0.066353	0.991535	-0.185930	0.978755	0.086426	-0.976204	-0.194002	0.096901
52570	9.730056	4.568308	1.041559	0.112600	-0.674957	-0.229428	0.105332	-0.069874	0.991979	-0.186834	0.978374	0.088754	-0.976728	-0.194684	0.090000
52571	9.858541	4.621217	0.825249	-0.112376	-0.668270	-0.201416	0.099126	-0.073107	0.992386	-0.185575	0.978443	0.090616	-0.977617	-0.193145	0.083422
52572	9.959050	3.506539	0.546229	-0.287021	-0.646823	-0.182944	0.093025	-0.076111	0.992750	-0.182645	0.978850	0.092160	-0.978768	-0.189894	0.077156
52573	9.666272	1.816755	0.294993	-0.304427	-0.609943	-0.187564	0.087340	-0.079062	0.993036	-0.179539	0.979273	0.093757	-0.979866	-0.186478	0.071334
52574	9.309911	0.574577	0.375028	-0.209214	-0.576025	-0.180747	0.081905	-0.081880	0.993271	-0.177388	0.979509	0.095373	-0.980727	-0.184006	0.065702
52575	9.299141	0.117894	0.660878	-0.101183	-0.572000	-0.158455	0.076523	-0.084447	0.993485	-0.176315	0.979558	0.096844	-0.981355	-0.182577	0.060069
52576	9.347666	0.543667	1.111342	-0.003342	-0.564496	-0.130911	0.071102	-0.086737	0.993691	-0.176238	0.979447	0.098104	-0.981776	-0.182102	0.054355
52577	9.383272	1.457331	1.514052	0.049177	-0.572674	-0.108946	0.065620	-0.088813	0.993884	-0.176691	0.979258	0.099172	-0.982077	-0.182118	0.048566
52578	9.353927	2.088049	1.591191	0.030116	-0.580629	-0.099711	0.059986	-0.090824	0.994059	-0.176976	0.979108	0.100138	-0.982385	-0.181931	0.042659
52579	9.170786	2.266379	1.266458	-0.022001	-0.613606	-0.096394	0.054076	-0.092849	0.994211	-0.176749	0.979055	0.101047	-0.982769	-0.181189	0.036532
52580	9.263996	2.153721	0.994571	-0.107260	-0.639438	-0.118235	0.047896	-0.095141	0.994311	-0.175685	0.979132	0.102151	-0.983281	-0.179578	0.030181
52581	9.096635	1.866677	0.919694	-0.198674	-0.672919	-0.139077	0.041468	-0.097669	0.994355	-0.173712	0.979349	0.103439	-0.983923	-0.177021	0.023646
52582	9.085207	1.604376	0.858072	-0.246005	-0.728256	-0.153500	0.034465	-0.100434	0.994347	-0.171282	0.979623	0.104883	-0.984619	-0.173929	0.016561
52583	9.280241	1.553665	0.600356	-0.218764	-0.794161	-0.154830	0.026856	-0.103286	0.994289	-0.169123	0.979840	0.106353	-0.985229	-0.171014	0.008846
52584	9.748930	1.565613	0.007333	-0.197599	-0.814998	-0.102477	0.018900	-0.105658	0.994223	-0.167202	0.980063	0.107331	-0.985742	-0.168264	0.000857
52585	9.757738	0.762105	-0.133011	-0.254605	-0.770499	-0.071609	0.011370	-0.107609	0.994128	-0.164723	0.980408	0.108008	-0.986274	-0.164984	-0.006578
52586	9.725707	-0.191922	0.066019	-0.289635	-0.749557	-0.060238	0.003977	-0.109408	0.993989	-0.161910	0.980811	0.108605	-0.986798	-0.161368	-0.013813
52587	9.885264	-0.533585	0.238883	-0.204622	-0.724676	-0.064042	-0.003123	-0.111160	0.993798	-0.159932	0.981066	0.109234	-0.987123	-0.158598	-0.020842
52588	9.558879	-0.414918	0.633712	-0.051444	-0.699072	-0.070588	-0.010007	-0.112937	0.993552	-0.159476	0.981064	0.109911	-0.987151	-0.157348	-0.027828
52589	9.476604	0.008458	0.858673	0.167127	-0.711206	-0.094449	-0.016925	-0.114951	0.993227	-0.161180	0.980691	0.110753	-0.986780	-0.158213	-0.035126
52590	9.698750	0.700121	0.759278	0.386594	-0.702171	-0.094861	-0.023790	-0.116978	0.992850	-0.165059	0.979960	0.111504	-0.985997	-0.161226	-0.042621
52591	9.247445	1.293264	0.913111	0.488233	-0.653574	-0.087484	-0.030135	-0.118867	0.992453	-0.169935	0.979058	0.112103	-0.984994	-0.165274	-0.049704
52592	9.138078	1.754225	1.507882	0.525725	-0.675291	-0.076965	-0.036739	-0.120726	0.992006	-0.175182	0.978082	0.112544	-0.983850	-0.169647	-0.057083
52593	9.251992	2.027461	2.086440	0.561895	-0.683323	-0.044174	-0.043431	-0.122299	0.991543	-0.180764	0.977060	0.112595	-0.982567	-0.174345	-0.064542
52594	9.219278	1.925997	2.076821	0.658133	-0.692531	-0.024284	-0.050267	-0.123740	0.991041	-0.187281	0.975861	0.112345	-0.981019	-0.179956	-0.072228
52595	9.610186	1.618087	1.803365	0.786676	-0.674496	0.020729	-0.056969	-0.124741	0.990552	-0.195019	0.974441	0.111496	-0.979144	-0.186825	-0.079840
52596	10.807163	0.936785	2.479723	0.832211	-0.596225	0.103365	-0.063081	-0.124849	0.990168	-0.203139	0.972981	0.109740	-0.977116	-0.194220	-0.086738
52597	10.638263	0.398698	3.612584	0.909976	-0.427050	0.169710	-0.067653	-0.124014	0.989972	-0.211948	0.971383	0.107201	-0.974936	-0.202570	-0.092002
52598	10.088276	0.855137	3.715121	1.134757	-0.270818	0.236763	-0.070868	-0.122254	0.989966	-0.222872	0.969311	0.103749	-0.972268	-0.213283	-0.095940
52599	9.607517	1.470925	3.237430	1.206206	-0.115890	0.316669	-0.072770	-0.119411	0.990175	-0.234393	0.967047	0.099396	-0.969414	-0.224857	-0.098361
52600	10.714264	1.466202	3.361399	1.099351	-0.019634	0.363352	-0.073881	-0.115919	0.990507	-0.244807	0.964939	0.094667	-0.966753	-0.235489	-0.099668
52601	9.780566	0.902985	3.281497	1.030984	0.191403	0.356871	-0.072978	-0.111989	0.991026	-0.254537	0.962860	0.090062	-0.964305	-0.245681	-0.098772
52602	10.548900	1.210161	3.096773	1.033659	0.257306	0.361969	-0.071477	-0.107834	0.991596	-0.264266	0.960659	0.085421	-0.961797	-0.255940	-0.097162
52603	11.562910	1.693004	2.540999	1.035457	0.412574	0.357077	-0.068529	-0.103301	0.992287	-0.274000	0.958326	0.080843	-0.959285	-0.266346	-0.093978
52604	12.460066	2.490241	2.219216	1.019207	0.600755	0.377273	-0.063853	-0.098030	0.993133	-0.283550	0.955931	0.076128	-0.956829	-0.276741	-0.088835
52605	14.287584	3.285031	2.294192	0.961174	0.804020	0.419757	-0.057433	-0.091729	0.994126	-0.292519	0.953614	0.071092	-0.954534	-0.286718	-0.081601
52606	15.617977	3.815360	3.070004	0.808263	1.046980	0.478805	-0.048884	-0.084096	0.995258	-0.300006	0.951674	0.065678	-0.952684	-0.295373	-0.071751
52607	14.492380	3.789853	4.165188	0.498276	1.328697	0.539349	-0.037917	-0.074975	0.996464	-0.304555	0.950607	0.059936	-0.951740	-0.301206	-0.058879
52608	13.704664	3.521922	5.185191	0.064339	1.479077	0.604823	-0.025683	-0.064737	0.997572	-0.305010	0.950826	0.053851	-0.952003	-0.302886	-0.044166
52609	12.926282	2.651510	5.332781	-0.390488	1.704362	0.625532	-0.011396	-0.053617	0.998497	-0.301213	0.952363	0.047702	-0.953489	-0.300216	-0.027003
52610	12.084345	1.518220	5.383784	-0.772936	1.901387	0.588007	0.005024	-0.042343	0.999091	-0.293850	0.954931	0.041949	-0.955838	-0.293793	-0.007645
52611	10.906565	0.316726	5.750430	-1.090284	1.994910	0.497734	0.022630	-0.031789	0.999238	-0.283522	0.958255	0.036906	-0.958699	-0.284142	0.012672
52612	10.073073	-0.676223	4.869617	-1.283454	2.033262	0.410255	0.041048	-0.022167	0.998911	-0.271366	0.961928	0.032498	-0.961601	-0.272404	0.033470
52613	10.430362	-2.032056	1.940238	-1.283345	2.082405	0.370041	0.060062	-0.013024	0.998110	-0.259239	0.965401	0.028197	-0.963944	-0.260443	0.054608
52614	10.237770	-3.069303	-0.797622	-1.211821	2.146386	0.384467	0.079836	-0.003806	0.996801	-0.247855	0.968511	0.023549	-0.965502	-0.248942	0.076378
52615	10.906948	-3.593679	-2.575163	-0.875543	2.144078	0.437823	0.099419	0.005717	0.995029	-0.239838	0.970639	0.018387	-0.965709	-0.240473	0.097871
52616	11.947534	-3.854720	-3.365649	-0.442640	2.129765	0.526331	0.118751	0.015944	0.992796	-0.236181	0.971627	0.012646	-0.964426	-0.235982	0.119147
52617	13.052541	-3.266862	-3.396642	-0.054421	2.126039	0.631564	0.137683	0.027119	0.990105	-0.236513	0.971608	0.006277	-0.961824	-0.235037	0.140187
52618	13.531769	-1.854629	-3.269151	0.282871	2.093819	0.732761	0.156049	0.039228	0.986970	-0.240349	0.970686	-0.000579	-0.958061	-0.237127	0.160903
52619	12.563709	-0.433979	-3.317801	0.460134	2.079672	0.743223	0.174066	0.051436	0.983390	-0.246021	0.969238	-0.007149	-0.953506	-0.240690	0.181366
52620	11.550253	0.180263	-2.909097	0.458373	1.977983	0.673839	0.191199	0.062805	0.979540	-0.251658	0.967730	-0.012925	-0.948742	-0.244038	0.200834
52621	11.866693	0.467164	-2.692990	0.300834	1.896094	0.641548	0.207465	0.073683	0.975464	-0.255833	0.966542	-0.018598	-0.944197	-0.245697	0.219374
52622	12.802536	-0.040745	-2.374596	0.014586	1.823534	0.629737	0.223012	0.084279	0.971166	-0.257374	0.965995	-0.024729	-0.940226	-0.244438	0.237120
52623	8.932474	-1.280647	-2.339609	-0.347124	2.042942	0.561653	0.240688	0.094678	0.965974	-0.255469	0.966318	-0.031057	-0.936379	-0.239301	0.256769
52624	9.749478	-1.999544	-1.795945	-0.406036	1.620020	0.572364	0.254346	0.104082	0.961496	-0.253139	0.966696	-0.037682	-0.933396	-0.233808	0.272222
52625	9.593668	-2.617839	-1.653920	-0.347433	1.749592	0.499217	0.269333	0.112985	0.956396	-0.251260	0.966943	-0.043473	-0.929692	-0.228596	0.288818
52626	8.401099	-2.309025	-1.375282	-0.097666	1.750232	0.520021	0.284211	0.122031	0.950964	-0.251845	0.966538	-0.048761	-0.925094	-0.225637	0.305434
52627	8.495818	-1.487130	-1.484622	0.127205	1.721802	0.503335	0.298767	0.130802	0.945319	-0.254537	0.965601	-0.053162	-0.919755	-0.224735	0.321784
52628	8.109217	-0.559088	-1.556874	0.257587	1.678755	0.451975	0.312943	0.138982	0.939548	-0.258332	0.964396	-0.056613	-0.913964	-0.224999	0.337705
52629	7.882270	0.092547	-1.348260	0.317703	1.542000	0.397408	0.325906	0.146320	0.934011	-0.262548	0.963097	-0.059265	-0.908215	-0.225908	0.352295
52630	7.911972	0.421186	-1.287717	0.329522	1.397710	0.339153	0.337596	0.152790	0.928808	-0.266709	0.961827	-0.061281	-0.902715	-0.227033	0.365460
52631	7.679166	0.411172	-1.175243	0.300526	1.286148	0.268347	0.348401	0.158327	0.923877	-0.270387	0.960710	-0.062674	-0.897501	-0.227969	0.377522
52632	7.269321	0.218274	-0.840871	0.253896	1.190567	0.202170	0.358430	0.163021	0.919213	-0.273426	0.959788	-0.063599	-0.892618	-0.228540	0.388591
52633	7.125246	-0.134856	-0.242789	0.216169	1.086072	0.150716	0.367635	0.166981	0.914856	-0.275950	0.959029	-0.064153	-0.888085	-0.228870	0.398651
