// General information: 
//  MT Manager version: 2022.2.0 
//  XDA version: 2022.2.0 build 7381 rev 124627 built on 2023-07-19
// Device information: 
//  DeviceId: 00B4CAF0
//  ProductCode: MTW2-3A7G6
//  Firmware Version: 4.6.0
//  Hardware Version: 2.0.0
// Device settings: 
//  Filter Profile: human(46.1)
//  Option Flags: Orientation Smoother Disabled, Position/Velocity Smoother Disabled, Continuous Zero Rotation Update Disabled, AHS Disabled, ICC Disabled
// Coordinate system: ENU
PacketCounter	Acc_X	Acc_Y	Acc_Z	Gyr_X	Gyr_Y	Gyr_Z	Mat[1][1]	Mat[2][1]	Mat[3][1]	Mat[1][2]	Mat[2][2]	Mat[3][2]	Mat[1][3]	Mat[2][3]	Mat[3][3]
09267	4.027695	0.817129	9.437772	0.056837	0.027578	-0.001951	-0.261820	0.885721	0.383339	-0.945664	-0.314784	0.081433	0.192796	-0.341189	0.920011
09268	4.015897	0.808775	9.468667	0.056453	0.026118	-0.001721	-0.261849	0.885821	0.383089	-0.945565	-0.314947	0.081943	0.193239	-0.340779	0.920070
09269	4.058362	0.796149	9.494685	0.048528	0.026422	-0.003216	-0.261913	0.885914	0.382828	-0.945490	-0.315084	0.082285	0.193521	-0.340408	0.920148
09270	4.032171	0.806324	9.470930	0.046434	0.024321	0.000332	-0.261958	0.886001	0.382596	-0.945405	-0.315231	0.082695	0.193873	-0.340046	0.920208
09271	4.039022	0.824308	9.441306	0.042181	0.026541	-0.003116	-0.261962	0.886073	0.382428	-0.945328	-0.315353	0.083115	0.194245	-0.339747	0.920239
09272	4.024755	0.808054	9.448895	0.038342	0.024201	-0.004292	-0.261963	0.886174	0.382194	-0.945271	-0.315431	0.083467	0.194522	-0.339411	0.920305
09273	3.982577	0.842141	9.470924	0.030417	0.024503	-0.005795	-0.261851	0.886278	0.382028	-0.945249	-0.315403	0.083815	0.194776	-0.339165	0.920342
09274	4.011048	0.800560	9.480541	0.024091	0.018605	-0.003204	-0.261851	0.886356	0.381846	-0.945217	-0.315442	0.084033	0.194933	-0.338923	0.920398
09275	3.936329	0.871215	9.470007	0.019231	0.018330	-0.003079	-0.261921	0.886351	0.381811	-0.945149	-0.315588	0.084250	0.195170	-0.338801	0.920392
09276	3.995701	0.830216	9.450315	0.013899	0.016384	-0.004293	-0.261906	0.886425	0.381649	-0.945139	-0.315583	0.084378	0.195237	-0.338612	0.920448
09277	3.996979	0.884151	9.435821	0.013372	0.008482	-0.004691	-0.261826	0.886455	0.381634	-0.945131	-0.315559	0.084553	0.195381	-0.338556	0.920438
09278	3.975097	0.851244	9.473253	0.004919	0.006505	-0.001060	-0.261823	0.886486	0.381565	-0.945131	-0.315552	0.084587	0.195389	-0.338482	0.920463
09279	3.962860	0.831582	9.480280	0.005166	0.001521	-0.001911	-0.261752	0.886483	0.381620	-0.945138	-0.315512	0.084652	0.195449	-0.338526	0.920435
09280	3.998444	0.846878	9.497763	0.005717	-0.002217	-0.004550	-0.261698	0.886495	0.381630	-0.945145	-0.315478	0.084706	0.195487	-0.338528	0.920426
09281	3.998571	0.847408	9.497662	0.002900	-0.001002	-0.001494	-0.261536	0.886535	0.381648	-0.945192	-0.315325	0.084750	0.195477	-0.338565	0.920414
09282	3.974966	0.853167	9.473134	0.001104	-0.001853	0.000261	-0.261529	0.886533	0.381658	-0.945195	-0.315317	0.084744	0.195471	-0.338578	0.920411
09283	3.975393	0.853085	9.472963	-0.003593	-0.007326	-0.002030	-0.261429	0.886526	0.381741	-0.945242	-0.315199	0.084661	0.195378	-0.338705	0.920384
09284	3.982764	0.814132	9.457331	-0.001245	-0.004589	-0.000885	-0.261405	0.886519	0.381775	-0.945253	-0.315173	0.084637	0.195357	-0.338749	0.920372
09285	4.045387	0.829519	9.522404	-0.004755	-0.011702	-0.001352	-0.261238	0.886517	0.381893	-0.945315	-0.315000	0.084581	0.195279	-0.338913	0.920328
09286	3.987390	0.819988	9.479901	-0.004341	-0.016259	0.000924	-0.261208	0.886464	0.382036	-0.945328	-0.314979	0.084522	0.195259	-0.339071	0.920274
09287	4.000799	0.839837	9.472354	-0.002933	-0.016867	-0.000604	-0.261155	0.886412	0.382193	-0.945357	-0.314920	0.084418	0.195190	-0.339262	0.920219
09288	4.005055	0.845901	9.495064	-0.004948	-0.018751	0.004504	-0.261155	0.886339	0.382362	-0.945361	-0.314928	0.084340	0.195170	-0.339444	0.920156
09289	4.013650	0.852359	9.440639	-0.006910	-0.020028	0.003133	-0.261014	0.886291	0.382569	-0.945413	-0.314794	0.084254	0.195104	-0.339695	0.920077
09290	3.991794	0.811365	9.453761	-0.003153	-0.017900	0.002749	-0.260998	0.886227	0.382729	-0.945419	-0.314793	0.084198	0.195099	-0.339864	0.920016
09291	4.045987	0.905084	9.472132	0.003200	-0.018019	0.002659	-0.260655	0.886259	0.382889	-0.945505	-0.314504	0.084309	0.195139	-0.340048	0.919939
09292	4.021761	0.811944	9.500068	-0.005720	-0.021669	0.004959	-0.260653	0.886175	0.383086	-0.945510	-0.314513	0.084221	0.195120	-0.340259	0.919865
09293	4.084502	0.814277	9.440792	-0.008949	-0.015896	0.005743	-0.260463	0.886154	0.383262	-0.945568	-0.314342	0.084199	0.195089	-0.340470	0.919794
09294	4.034202	0.824070	9.468537	-0.001604	-0.012065	0.001845	-0.260449	0.886113	0.383367	-0.945573	-0.314338	0.084162	0.195084	-0.340582	0.919753
09295	4.023574	0.803523	9.474981	-0.003398	-0.012916	0.003602	-0.260385	0.886083	0.383479	-0.945608	-0.314258	0.084064	0.194999	-0.340732	0.919716
09296	4.027390	0.855875	9.459547	0.004059	-0.014889	0.003768	-0.260383	0.886026	0.383612	-0.945597	-0.314290	0.084071	0.195055	-0.340852	0.919660
09297	3.990825	0.788748	9.456304	-0.001189	-0.016623	0.004122	-0.260308	0.885970	0.383794	-0.945621	-0.314231	0.084021	0.195040	-0.341052	0.919588
09298	4.002712	0.860891	9.510888	0.006486	-0.017563	0.000935	-0.260275	0.885912	0.383949	-0.945613	-0.314246	0.084062	0.195126	-0.341188	0.919520
09299	4.029792	0.849831	9.433988	0.002428	-0.020937	0.003113	-0.260296	0.885820	0.384147	-0.945613	-0.314274	0.083955	0.195097	-0.341401	0.919447
09300	4.037061	0.863192	9.479847	0.006817	-0.022334	0.001649	-0.260260	0.885744	0.384347	-0.945602	-0.314296	0.083996	0.195197	-0.341578	0.919360
09301	4.043212	0.818265	9.440133	0.002815	-0.019479	0.002888	-0.260209	0.885672	0.384546	-0.945614	-0.314270	0.083951	0.195205	-0.341788	0.919280
09302	4.077807	0.872779	9.395133	0.010113	-0.016256	0.005463	-0.260221	0.885605	0.384693	-0.945587	-0.314337	0.084007	0.195321	-0.341900	0.919214
09303	4.001735	0.791158	9.451491	0.009555	-0.018140	0.002565	-0.260231	0.885496	0.384938	-0.945554	-0.314423	0.084059	0.195467	-0.342105	0.919107
09304	4.053623	0.833515	9.484489	0.014030	-0.019325	0.002663	-0.260211	0.885426	0.385111	-0.945526	-0.314479	0.084162	0.195628	-0.342233	0.919025
09305	4.028962	0.833821	9.435866	0.014331	-0.018080	0.000873	-0.260180	0.885345	0.385320	-0.945506	-0.314520	0.084232	0.195765	-0.342407	0.918931
09306	4.036004	0.848136	9.481751	0.014031	-0.019325	0.002664	-0.260160	0.885275	0.385492	-0.945479	-0.314575	0.084335	0.195926	-0.342534	0.918849
09307	4.014085	0.854869	9.456471	0.011981	-0.020816	-0.000265	-0.260117	0.885190	0.385716	-0.945468	-0.314597	0.084377	0.196035	-0.342734	0.918751
09308	4.070228	0.852158	9.450522	0.015524	-0.019720	0.002697	-0.260096	0.885120	0.385893	-0.945437	-0.314658	0.084493	0.196211	-0.342861	0.918666
09309	4.069384	0.846962	9.426251	0.014333	-0.018080	0.000875	-0.259941	0.885069	0.386114	-0.945442	-0.314602	0.084651	0.196394	-0.343044	0.918559
09310	4.073738	0.854759	9.448774	0.014506	-0.017653	0.004002	-0.259936	0.885001	0.386273	-0.945410	-0.314671	0.084753	0.196555	-0.343156	0.918483
09311	4.048975	0.809293	9.438594	0.018563	-0.014281	0.001818	-0.259872	0.884942	0.386451	-0.945386	-0.314700	0.084905	0.196752	-0.343281	0.918394
09312	4.059571	0.824586	9.407470	0.018177	-0.015739	0.002047	-0.259852	0.884887	0.386590	-0.945352	-0.314764	0.085049	0.196943	-0.343364	0.918322
09313	4.075455	0.853184	9.423066	0.021760	-0.014040	-0.001472	-0.259849	0.884812	0.386762	-0.945310	-0.314852	0.085186	0.197147	-0.343475	0.918236
09314	4.010773	0.839226	9.434355	0.024744	-0.014830	-0.001407	-0.259799	0.884771	0.386891	-0.945272	-0.314909	0.085403	0.197397	-0.343530	0.918162
09315	4.094408	0.786378	9.414048	0.017705	-0.017412	0.000717	-0.259869	0.884657	0.387105	-0.945213	-0.315064	0.085486	0.197589	-0.343682	0.918064
09316	4.073160	0.898392	9.435946	0.027816	-0.015406	0.000220	-0.259833	0.884608	0.387240	-0.945164	-0.315146	0.085725	0.197870	-0.343732	0.917985
09317	4.050814	0.860618	9.449203	0.025431	-0.012129	-0.003427	-0.259789	0.884561	0.387377	-0.945131	-0.315197	0.085900	0.198084	-0.343806	0.917911
09318	4.019157	0.855049	9.454458	0.027519	-0.016649	0.002016	-0.259768	0.884503	0.387525	-0.945078	-0.315293	0.086129	0.198365	-0.343868	0.917827
09319	4.023629	0.864070	9.476832	0.024693	-0.021060	-0.000449	-0.259642	0.884427	0.387782	-0.945049	-0.315311	0.086376	0.198665	-0.344046	0.917695
09320	4.089101	0.830060	9.478736	0.022184	-0.018596	0.000821	-0.259605	0.884365	0.387947	-0.945010	-0.315379	0.086560	0.198901	-0.344143	0.917608
09321	4.033808	0.875146	9.421103	0.018428	-0.020723	0.001220	-0.259721	0.884228	0.388184	-0.944943	-0.315570	0.086595	0.199069	-0.344321	0.917505
09322	4.107230	0.906397	9.454568	0.022993	-0.021692	0.002878	-0.259697	0.884149	0.388379	-0.944896	-0.315659	0.086779	0.199321	-0.344442	0.917405
09323	4.071101	0.841047	9.451393	0.017114	-0.019897	0.004316	-0.259526	0.884114	0.388572	-0.944912	-0.315573	0.086915	0.199466	-0.344610	0.917310
09324	4.084597	0.908683	9.404856	0.021502	-0.021298	0.002849	-0.259503	0.884037	0.388764	-0.944869	-0.315656	0.087085	0.199702	-0.344732	0.917212
09325	4.079957	0.903690	9.457683	0.023225	-0.015032	0.005048	-0.259433	0.883982	0.388934	-0.944835	-0.315701	0.087296	0.199955	-0.344831	0.917120
09326	4.062021	0.819741	9.432305	0.018430	-0.020724	0.001227	-0.259395	0.883912	0.389119	-0.944802	-0.315759	0.087444	0.200161	-0.344958	0.917028
09327	3.991509	0.844289	9.458783	0.022135	-0.024826	0.001786	-0.259268	0.883838	0.389371	-0.944792	-0.315742	0.087604	0.200369	-0.345162	0.916905
09328	4.045731	0.835737	9.428897	0.023100	-0.033124	0.001449	-0.259207	0.883725	0.389670	-0.944749	-0.315818	0.087794	0.200651	-0.345384	0.916760
09329	3.968575	0.795272	9.423338	0.029611	-0.038450	-0.001052	-0.259158	0.883565	0.390063	-0.944686	-0.315943	0.088020	0.201010	-0.345676	0.916571
09330	3.923164	0.867210	9.535093	0.025161	-0.055513	0.004871	-0.259084	0.883363	0.390570	-0.944630	-0.316057	0.088216	0.201369	-0.346089	0.916337
09331	4.018514	0.971726	9.467124	0.030439	-0.072030	0.010519	-0.258944	0.883119	0.391215	-0.944590	-0.316126	0.088393	0.201734	-0.346650	0.916044
09332	4.084500	0.786088	9.535860	0.002605	-0.068855	0.013807	-0.258927	0.882841	0.391852	-0.944557	-0.316240	0.088346	0.201915	-0.347251	0.915777
09333	4.153534	0.887291	9.420044	0.015319	-0.069102	0.013584	-0.258947	0.882539	0.392520	-0.944487	-0.316435	0.088388	0.202213	-0.347843	0.915486
09334	4.123344	0.924892	9.461994	-0.002048	-0.068104	0.010613	-0.258901	0.882273	0.393147	-0.944471	-0.316505	0.088311	0.202348	-0.348452	0.915225
09335	4.154794	0.866210	9.421546	-0.009707	-0.067150	0.013833	-0.258961	0.881958	0.393814	-0.944440	-0.316652	0.088115	0.202415	-0.349115	0.914957
09336	4.109904	0.875893	9.447578	0.001700	-0.066569	0.016692	-0.258975	0.881678	0.394432	-0.944401	-0.316789	0.088048	0.202581	-0.349699	0.914697
09337	4.188743	0.852549	9.416900	0.000504	-0.064933	0.014873	-0.259137	0.881355	0.395045	-0.944341	-0.317026	0.087835	0.202654	-0.350296	0.914453
09338	4.116270	0.861644	9.395756	0.003205	-0.054728	0.013230	-0.259142	0.881127	0.395552	-0.944307	-0.317137	0.087795	0.202803	-0.350771	0.914238
09339	3.991337	0.940644	9.565987	0.011486	-0.059803	0.015431	-0.259309	0.880821	0.396123	-0.944218	-0.317423	0.087723	0.203006	-0.351279	0.913998
09340	4.245663	0.920289	9.410159	0.022707	-0.095198	0.012699	-0.259227	0.880451	0.396998	-0.944146	-0.317598	0.087863	0.203444	-0.352048	0.913604
09341	4.113414	0.822755	9.400999	-0.005113	-0.068117	0.015541	-0.259304	0.880154	0.397605	-0.944122	-0.317734	0.087624	0.203456	-0.352667	0.913363
09342	4.214174	0.938329	9.378996	0.023393	-0.056965	0.013118	-0.259304	0.879917	0.398131	-0.944048	-0.317915	0.087768	0.203801	-0.353096	0.913120
09343	4.262853	0.862765	9.315965	0.007171	-0.063820	0.012993	-0.259296	0.879657	0.398710	-0.944024	-0.318011	0.087679	0.203922	-0.353657	0.912876
09344	4.345879	0.898886	9.293259	0.004865	-0.048679	0.013884	-0.259320	0.879445	0.399160	-0.943985	-0.318133	0.087651	0.204070	-0.354072	0.912682
09345	4.298643	0.909567	9.320498	0.004143	-0.033131	0.009874	-0.259430	0.879272	0.399470	-0.943943	-0.318288	0.087551	0.204127	-0.354364	0.912556
09346	4.333218	1.014993	9.336085	-0.004083	-0.022411	0.013200	-0.259501	0.879156	0.399680	-0.943924	-0.318372	0.087443	0.204123	-0.354577	0.912474
09347	4.325308	1.045756	9.327544	-0.014138	-0.006524	0.015764	-0.259633	0.879082	0.399756	-0.943928	-0.318432	0.087187	0.203939	-0.354704	0.912466
09348	4.315200	1.180320	9.443507	-0.013065	0.008696	0.022947	-0.259858	0.879046	0.399691	-0.943902	-0.318570	0.086958	0.203769	-0.354672	0.912516
09349	4.393343	1.064895	9.338594	0.010689	0.018613	0.035180	-0.260468	0.878914	0.399582	-0.943726	-0.319136	0.086798	0.203809	-0.354488	0.912579
09350	4.294032	1.040093	9.282612	0.004517	0.060143	0.044830	-0.261006	0.878989	0.399066	-0.943607	-0.319529	0.086642	0.203670	-0.353948	0.912820
09351	4.420090	0.769808	9.166231	0.003141	0.072409	0.049350	-0.261569	0.879098	0.398457	-0.943491	-0.319919	0.086464	0.203484	-0.353324	0.913102
09352	4.287312	0.761958	9.443089	-0.012825	0.085057	0.041386	-0.262124	0.879271	0.397710	-0.943417	-0.320220	0.086164	0.203116	-0.352621	0.913456
09353	4.372733	0.716393	9.319286	-0.034904	0.092857	0.032726	-0.262682	0.879475	0.396890	-0.943392	-0.320429	0.085660	0.202511	-0.351922	0.913860
09354	4.615039	0.493880	9.047665	-0.043041	0.111573	0.015634	-0.263046	0.879822	0.395878	-0.943445	-0.320397	0.085186	0.201787	-0.351081	0.914344
09355	4.224789	0.682902	9.301798	-0.031322	0.161515	0.007626	-0.263317	0.880416	0.394376	-0.943548	-0.320192	0.084819	0.200952	-0.349778	0.915027
09356	3.979776	0.612093	9.151812	-0.021332	0.157637	0.000043	-0.263624	0.880972	0.392927	-0.943598	-0.320100	0.084605	0.200311	-0.348461	0.915669
09357	3.737349	0.783252	9.596240	-0.012995	0.129465	-0.002148	-0.263837	0.881430	0.391755	-0.943649	-0.319992	0.084443	0.199789	-0.347400	0.916186
09358	3.850682	0.788198	9.405338	0.002058	0.102023	0.001789	-0.264048	0.881783	0.390815	-0.943649	-0.319997	0.084437	0.199514	-0.346497	0.916588
09359	3.438354	0.816592	9.985106	0.004649	0.070462	-0.001376	-0.264111	0.882030	0.390217	-0.943666	-0.319937	0.084468	0.199348	-0.345925	0.916840
09360	4.473485	1.149858	9.309415	0.031879	0.011176	0.004019	-0.264162	0.882061	0.390112	-0.943600	-0.320064	0.084726	0.199594	-0.345728	0.916861
09361	4.229588	0.586334	9.320570	0.006018	0.039949	0.000105	-0.264164	0.882209	0.389776	-0.943627	-0.319986	0.084722	0.199465	-0.345422	0.917004
09362	4.131392	0.872131	9.380844	0.042126	0.067526	-0.006473	-0.264228	0.882468	0.389145	-0.943568	-0.320055	0.085115	0.199659	-0.344695	0.917236
09363	4.198731	0.755027	9.332448	0.033715	0.066170	-0.009286	-0.264160	0.882743	0.388567	-0.943567	-0.319972	0.085442	0.199753	-0.344068	0.917451
09364	4.040797	0.798287	9.443540	0.039896	0.065597	-0.012507	-0.264164	0.883014	0.387948	-0.943528	-0.319980	0.085838	0.199932	-0.343365	0.917675
09365	4.056823	0.901427	9.593643	0.038983	0.050229	-0.010105	-0.264127	0.883196	0.387558	-0.943483	-0.320002	0.086247	0.200192	-0.342874	0.917802
09366	4.206188	0.917894	9.471813	0.025954	0.055272	-0.010637	-0.264127	0.883425	0.387036	-0.943467	-0.319978	0.086508	0.200266	-0.342307	0.917998
09367	4.054584	0.966523	9.528886	0.018756	0.075576	-0.005651	-0.264057	0.883746	0.386351	-0.943505	-0.319815	0.086700	0.200182	-0.341630	0.918268
09368	3.913640	0.877677	9.470758	0.016040	0.077028	-0.001023	-0.264191	0.884018	0.385637	-0.943484	-0.319842	0.086833	0.200105	-0.340901	0.918556
09369	3.688217	0.844926	9.507900	0.036600	0.046911	-0.004706	-0.264163	0.884208	0.385221	-0.943457	-0.319833	0.087153	0.200268	-0.340416	0.918700
09370	3.713821	0.660993	9.610185	0.043906	-0.008492	-0.009031	-0.264050	0.884213	0.385285	-0.943401	-0.319884	0.087573	0.200679	-0.340355	0.918633
09371	3.905045	0.634057	9.417890	0.044125	-0.036785	-0.015830	-0.263826	0.884122	0.385647	-0.943362	-0.319884	0.087991	0.201157	-0.340591	0.918441
09372	3.661105	0.753267	9.487789	0.056263	-0.062257	-0.024862	-0.263456	0.883995	0.386191	-0.943322	-0.319837	0.088585	0.201827	-0.340965	0.918155
09373	3.991192	0.930812	9.500489	0.069010	-0.097845	-0.025918	-0.263005	0.883736	0.387091	-0.943273	-0.319805	0.089221	0.202641	-0.341667	0.917715
09374	4.328181	0.957190	9.350518	0.043213	-0.075458	-0.019348	-0.262659	0.883545	0.387760	-0.943245	-0.319762	0.089674	0.203222	-0.342199	0.917388
09375	4.238708	1.049707	9.435343	0.043204	-0.046144	-0.015938	-0.262296	0.883469	0.388180	-0.943238	-0.319649	0.090144	0.203720	-0.342502	0.917165
09376	4.363076	1.012288	9.354663	0.017070	-0.018989	-0.010124	-0.262151	0.883442	0.388339	-0.943239	-0.319598	0.090321	0.203906	-0.342619	0.917080
09377	4.141403	0.926917	9.405518	0.026784	0.010856	-0.006995	-0.261883	0.883556	0.388260	-0.943277	-0.319402	0.090611	0.204070	-0.342508	0.917084
09378	4.208377	0.959863	9.516947	0.037645	0.003529	-0.004442	-0.261838	0.883588	0.388218	-0.943221	-0.319471	0.090955	0.204391	-0.342360	0.917068
09379	4.230248	0.892805	9.356253	0.058909	0.028741	-0.000799	-0.261819	0.883690	0.387999	-0.943130	-0.319591	0.091469	0.204831	-0.341986	0.917110
09380	3.956417	0.828935	9.459919	0.065106	0.034732	-0.013041	-0.261756	0.883856	0.387663	-0.943040	-0.319678	0.092098	0.205329	-0.341475	0.917189
09381	4.044954	0.839409	9.372093	0.072808	0.016096	-0.016624	-0.261591	0.883958	0.387541	-0.942947	-0.319742	0.092821	0.205963	-0.341150	0.917167
09382	3.963901	0.909254	9.414233	0.074820	0.017941	-0.021740	-0.261412	0.884094	0.387351	-0.942858	-0.319785	0.093573	0.206596	-0.340756	0.917171
09383	3.925583	0.909468	9.497330	0.068943	0.008091	-0.023266	-0.261163	0.884198	0.387282	-0.942791	-0.319771	0.094295	0.207218	-0.340500	0.917126
09384	3.985903	0.963863	9.398992	0.057119	-0.006171	-0.022388	-0.260928	0.884254	0.387312	-0.942740	-0.319747	0.094888	0.207747	-0.340376	0.917053
09385	3.851390	1.134560	9.467477	0.058489	-0.007349	-0.017421	-0.260780	0.884249	0.387423	-0.942657	-0.319824	0.095446	0.208305	-0.340316	0.916948
09386	4.080488	0.992361	9.432398	0.028803	-0.028849	-0.011880	-0.260597	0.884195	0.387671	-0.942637	-0.319797	0.095738	0.208627	-0.340484	0.916813
09387	4.162725	0.992839	9.474109	0.027564	-0.004446	-0.001362	-0.260621	0.884149	0.387760	-0.942574	-0.319920	0.095942	0.208879	-0.340488	0.916754
09388	4.181488	0.930507	9.490782	0.009685	0.000861	-0.008300	-0.260533	0.884184	0.387739	-0.942584	-0.319860	0.096044	0.208943	-0.340454	0.916752
09389	4.214874	0.931432	9.384547	-0.002391	0.014918	-0.000746	-0.260536	0.884232	0.387628	-0.942603	-0.319818	0.095998	0.208855	-0.340368	0.916804
09390	4.013645	0.935951	9.483640	-0.011678	0.022060	-0.001728	-0.260554	0.884318	0.387419	-0.942641	-0.319743	0.095879	0.208662	-0.340215	0.916904
09391	4.158358	0.993754	9.475931	-0.009380	0.018581	0.000389	-0.260553	0.884388	0.387260	-0.942684	-0.319654	0.095747	0.208466	-0.340117	0.916986
09392	4.166345	0.907524	9.424354	-0.013542	0.038334	0.006900	-0.260686	0.884502	0.386910	-0.942704	-0.319648	0.095577	0.208213	-0.339825	0.917151
09393	4.044396	0.992691	9.388627	0.005576	0.050165	0.003095	-0.260773	0.884661	0.386487	-0.942700	-0.319649	0.095606	0.208119	-0.339410	0.917326
09394	3.934173	0.849960	9.316826	-0.004244	0.049404	0.001783	-0.260881	0.884828	0.386031	-0.942713	-0.319630	0.095541	0.207925	-0.338992	0.917525
09395	3.724187	0.894674	9.430998	0.015801	0.029053	-0.001691	-0.260744	0.884981	0.385774	-0.942751	-0.319475	0.095684	0.207924	-0.338740	0.917618
09396	3.797136	0.979837	9.449645	0.048341	-0.009893	-0.010392	-0.260614	0.884986	0.385850	-0.942687	-0.319526	0.096150	0.208380	-0.338677	0.917538
09397	3.900862	0.857463	9.346634	0.046664	-0.028161	-0.007442	-0.260500	0.884900	0.386124	-0.942619	-0.319612	0.096530	0.208829	-0.338822	0.917382
09398	3.956888	0.912266	9.401086	0.071301	-0.042930	-0.018262	-0.260226	0.884819	0.386495	-0.942526	-0.319671	0.097236	0.209587	-0.338979	0.917151
09399	4.069815	0.956683	9.349398	0.071730	-0.059135	-0.018856	-0.259914	0.884654	0.387082	-0.942429	-0.319743	0.097943	0.210412	-0.339341	0.916829
09400	4.137797	1.086510	9.456616	0.080661	-0.043850	-0.018252	-0.259637	0.884569	0.387461	-0.942315	-0.319834	0.098734	0.211261	-0.339475	0.916584
09401	4.359611	0.978930	9.412377	0.056400	-0.033298	-0.013148	-0.259529	0.884473	0.387754	-0.942214	-0.319977	0.099236	0.211844	-0.339592	0.916406
09402	4.265663	1.073487	9.498075	0.064742	0.003416	-0.009622	-0.259433	0.884521	0.387708	-0.942111	-0.320090	0.099848	0.212419	-0.339360	0.916359
09403	4.368612	1.116873	9.525999	0.045246	0.025680	-0.003306	-0.259339	0.884627	0.387529	-0.942057	-0.320109	0.100289	0.212770	-0.339065	0.916386
09404	4.065106	0.928462	9.414312	0.026737	0.051854	-0.000849	-0.259429	0.884811	0.387048	-0.942012	-0.320171	0.100519	0.212862	-0.338526	0.916564
09405	4.036612	0.890435	9.430991	0.015032	0.050024	-0.001961	-0.259431	0.884998	0.386618	-0.942021	-0.320108	0.100631	0.212818	-0.338096	0.916733
09406	4.019712	0.916280	9.401147	0.000182	0.054209	-0.000803	-0.259526	0.885190	0.386116	-0.942032	-0.320081	0.100617	0.212654	-0.337621	0.916946
09407	3.846473	0.959280	9.332294	-0.012110	0.056452	-0.007371	-0.259605	0.885370	0.385648	-0.942063	-0.320016	0.100529	0.212419	-0.337208	0.917153
09408	3.735648	0.892947	9.545603	0.017188	0.022748	-0.008747	-0.259558	0.885481	0.385426	-0.942059	-0.319975	0.100701	0.212496	-0.336957	0.917227
09409	3.883700	1.028037	9.258037	0.020763	0.000529	-0.011595	-0.259530	0.885475	0.385459	-0.942021	-0.320026	0.100898	0.212700	-0.336924	0.917192
09410	3.586400	0.877989	9.491150	0.046190	-0.029536	-0.016692	-0.259297	0.885434	0.385709	-0.941975	-0.320012	0.101368	0.213186	-0.337043	0.917035
09411	4.055956	1.002605	9.426096	0.067413	-0.069396	-0.020121	-0.258889	0.885271	0.386356	-0.941909	-0.319990	0.102051	0.213973	-0.337493	0.916687
09412	4.004497	0.924097	9.583394	0.051660	-0.068889	-0.013552	-0.258601	0.885087	0.386970	-0.941842	-0.320023	0.102558	0.214612	-0.337943	0.916371
09413	4.050692	0.989337	9.480444	0.068478	-0.077466	-0.018799	-0.258329	0.884852	0.387689	-0.941721	-0.320163	0.103235	0.215471	-0.338426	0.915991
09414	4.073887	1.014581	9.391948	0.055190	-0.085653	-0.012434	-0.258014	0.884608	0.388456	-0.941643	-0.320218	0.103770	0.216186	-0.339013	0.915606
09415	4.001757	0.886932	9.463657	0.044297	-0.084055	-0.020506	-0.257567	0.884392	0.389242	-0.941628	-0.320113	0.104236	0.216787	-0.339673	0.915219
09416	3.991062	0.919052	9.581803	0.032088	-0.105479	-0.024763	-0.257092	0.884119	0.390177	-0.941631	-0.319981	0.104608	0.217335	-0.340509	0.914778
09417	4.130987	1.143328	9.494199	0.036029	-0.115091	-0.018427	-0.256663	0.883771	0.391245	-0.941607	-0.319932	0.104975	0.217946	-0.341456	0.914280
09418	4.004523	0.857928	9.542303	-0.030061	-0.116869	-0.020155	-0.256206	0.883441	0.392288	-0.941734	-0.319630	0.104760	0.217937	-0.342591	0.913857
09419	4.178673	0.739940	9.476564	-0.000511	-0.155258	-0.030321	-0.255643	0.882984	0.393682	-0.941802	-0.319407	0.104822	0.218301	-0.343973	0.913251
09420	3.957593	0.895238	9.759398	-0.084035	-0.142565	-0.059603	-0.254758	0.882689	0.394917	-0.942147	-0.318569	0.104271	0.217847	-0.345506	0.912781
09421	1.903822	0.521759	10.996235	0.025835	-0.193534	-0.045299	-0.253889	0.882163	0.396646	-0.942231	-0.318211	0.104607	0.218497	-0.347174	0.911992
09422	3.722632	1.605766	10.332250	0.373815	-0.487871	-0.006645	-0.252735	0.880489	0.401079	-0.941432	-0.319433	0.108019	0.223228	-0.350288	0.909653
09423	3.325882	1.411926	10.541126	0.137668	-0.395879	0.061977	-0.252673	0.878846	0.404704	-0.940914	-0.320661	0.108890	0.225470	-0.353278	0.907941
09424	2.844699	0.320973	10.942978	0.217474	-0.533478	0.102893	-0.252415	0.876626	0.409650	-0.940170	-0.322314	0.110424	0.228837	-0.357268	0.905535
09425	3.087057	0.630583	11.198966	0.434727	-0.689681	0.127695	-0.252304	0.873670	0.415984	-0.938776	-0.325233	0.113680	0.234611	-0.361834	0.902238
09426	3.763431	1.085600	10.510651	0.533182	-0.865016	0.137268	-0.251518	0.870073	0.423925	-0.937170	-0.328351	0.117885	0.241765	-0.367640	0.897993
09427	3.355201	2.793622	10.942574	0.801739	-1.068164	0.066963	-0.249948	0.865787	0.433519	-0.934910	-0.332293	0.124599	0.251932	-0.374158	0.892489
09428	1.896826	2.381035	11.063021	0.422395	-1.419975	0.066872	-0.246929	0.860180	0.446224	-0.933675	-0.334450	0.128043	0.259379	-0.385010	0.885714
09429	1.147787	2.115166	11.729109	0.522279	-2.040166	0.066220	-0.242820	0.851795	0.464202	-0.931929	-0.337695	0.132173	0.269343	-0.400509	0.875812
09430	0.660697	2.738121	11.867189	0.312098	-2.659627	0.150561	-0.236923	0.840353	0.487518	-0.930724	-0.340228	0.134153	0.278603	-0.421961	0.862745
09431	0.514289	4.282098	13.480105	-0.041289	-3.605716	0.699785	-0.233229	0.822236	0.519164	-0.929237	-0.345785	0.130194	0.286569	-0.452061	0.844700
09432	-3.183377	7.480207	10.715910	-1.157495	-4.306766	1.794176	-0.237554	0.795646	0.557239	-0.928339	-0.354818	0.110867	0.285929	-0.490970	0.822917
09433	0.444278	8.032751	12.364509	-2.918170	-6.117153	2.488692	-0.243471	0.755037	0.608803	-0.930571	-0.358795	0.072826	0.273422	-0.548803	0.789972
09434	7.561890	4.455111	11.337600	-2.924376	-6.294347	2.584830	-0.250693	0.709397	0.658718	-0.932021	-0.360819	0.033873	0.261707	-0.605447	0.751627
09435	8.136865	3.265944	12.119420	-1.701939	-6.448255	2.426651	-0.256042	0.660115	0.706180	-0.930525	-0.366195	0.004924	0.261850	-0.655858	0.708015
09436	15.157516	4.402528	17.374861	-0.823019	-6.429707	2.355112	-0.260777	0.607789	0.750058	-0.926641	-0.375523	-0.017876	0.270799	-0.699696	0.661130
09437	15.711592	9.070941	18.742702	-0.734628	-5.542588	2.589997	-0.269591	0.558239	0.784659	-0.921717	-0.385540	-0.042392	0.278852	-0.734662	0.618477
09438	8.785635	6.654898	14.683269	-2.053954	-5.212302	2.846028	-0.281370	0.508040	0.814080	-0.919568	-0.385228	-0.077421	0.274274	-0.770386	0.575569
09439	8.926551	4.470386	14.897089	-1.859476	-4.912301	2.879585	-0.294512	0.458441	0.838507	-0.916248	-0.384803	-0.111432	0.271575	-0.801098	0.533375
09440	6.785751	4.621424	13.880820	-1.225033	-4.489723	2.789604	-0.307748	0.411163	0.858042	-0.911199	-0.386942	-0.141396	0.273876	-0.825361	0.493732
09441	-0.615286	5.978969	11.063608	-0.799387	-4.681812	2.897267	-0.321159	0.360867	0.875575	-0.904170	-0.391819	-0.170160	0.281662	-0.846317	0.452121
09442	-2.977684	6.161363	9.169537	-1.336108	-5.195323	3.034919	-0.333738	0.304434	0.892154	-0.898039	-0.390429	-0.202712	0.286610	-0.868841	0.403695
09443	8.070964	10.221536	12.974722	-1.962881	-3.766248	1.933911	-0.340486	0.264087	0.902401	-0.896927	-0.379193	-0.227450	0.282118	-0.886832	0.365977
09444	23.428376	12.587325	28.149267	-0.599690	0.106679	-1.078072	-0.331076	0.269088	0.904423	-0.902234	-0.370968	-0.219902	0.276339	-0.888805	0.365598
09445	6.985630	16.370905	20.871341	1.219416	3.139690	-3.060573	-0.312199	0.308404	0.898565	-0.908471	-0.373568	-0.187425	0.277872	-0.874834	0.396803
09446	-5.082556	18.224055	9.618021	-0.469649	3.734106	-3.813800	-0.287380	0.354821	0.889671	-0.921186	-0.356806	-0.155258	0.262352	-0.864171	0.429395
09447	-7.189973	8.841735	5.446369	-1.442489	3.547491	-3.774415	-0.261501	0.398630	0.879040	-0.934896	-0.331039	-0.127996	0.239973	-0.855282	0.459245
09448	-5.322178	5.171997	6.028179	-1.181487	3.380962	-3.754019	-0.233947	0.439333	0.867326	-0.946927	-0.305235	-0.100805	0.220451	-0.844877	0.487425
09449	-1.922806	-0.066453	6.953792	-1.213684	3.286053	-3.381272	-0.209059	0.477192	0.853570	-0.956722	-0.280489	-0.077515	0.202427	-0.832835	0.515179
09450	-0.402950	-4.450283	7.419678	-0.115467	3.396800	-3.044230	-0.186570	0.513512	0.837554	-0.962981	-0.264429	-0.052386	0.194573	-0.816323	0.543837
09451	0.999714	-2.722845	8.440251	1.239412	3.593113	-2.715606	-0.167951	0.549993	0.818108	-0.965093	-0.260922	-0.022715	0.200969	-0.793365	0.574616
09452	1.778219	-1.413984	8.788614	1.595008	3.769367	-2.256811	-0.153908	0.585317	0.796063	-0.965451	-0.260538	0.004907	0.210277	-0.767804	0.605194
09453	2.904310	0.048660	9.259332	1.826223	3.945222	-1.816794	-0.145488	0.620240	0.770802	-0.963949	-0.264305	0.030733	0.222788	-0.738543	0.636333
09454	3.887131	0.570408	9.391201	1.812917	4.098118	-1.477717	-0.140620	0.653822	0.743467	-0.961925	-0.267980	0.053727	0.234362	-0.707604	0.666611
09455	4.957284	-0.153976	9.258028	1.736682	4.219237	-1.325777	-0.138684	0.686968	0.713331	-0.959319	-0.272047	0.075484	0.245915	-0.673844	0.696750
09456	5.253117	-0.871236	9.096704	1.851954	4.279181	-1.365777	-0.136374	0.718800	0.681710	-0.956539	-0.274583	0.098170	0.257750	-0.638694	0.725007
09457	6.018585	-0.398188	8.964291	2.002582	4.285802	-1.473283	-0.134410	0.749809	0.647859	-0.952932	-0.277108	0.123013	0.271763	-0.600831	0.751763
09458	6.871665	0.212936	9.108473	2.024765	4.249962	-1.545342	-0.131548	0.778832	0.613283	-0.949352	-0.277061	0.148215	0.285351	-0.562724	0.775832
09459	7.798339	-1.025800	9.513601	1.864480	4.194635	-1.555329	-0.129871	0.806240	0.577157	-0.945644	-0.275743	0.172402	0.298144	-0.523395	0.798227
09460	8.439600	-2.112365	9.815152	1.951340	4.134364	-1.496938	-0.128342	0.831192	0.540970	-0.941637	-0.273304	0.196529	0.311203	-0.484175	0.817758
09461	9.364136	-2.413090	10.201835	1.997071	4.093662	-1.317023	-0.129860	0.854033	0.503749	-0.936693	-0.272285	0.220153	0.325181	-0.443269	0.835326
09462	9.669213	-2.214214	10.164625	2.127613	4.061390	-1.040961	-0.133644	0.874052	0.467090	-0.930997	-0.272276	0.243126	0.339682	-0.402367	0.850127
09463	10.513475	-1.674562	10.152319	2.139704	4.049507	-0.787750	-0.141256	0.891826	0.429760	-0.924378	-0.274211	0.265206	0.354362	-0.359798	0.863118
09464	11.636310	0.166693	9.921462	2.218956	4.070866	-0.703814	-0.149502	0.907546	0.392440	-0.917382	-0.275381	0.287359	0.368862	-0.317056	0.873737
09465	13.113937	2.909326	9.702438	2.003363	4.110206	-0.782684	-0.150409	0.923282	0.353450	-0.913227	-0.266695	0.308042	0.378674	-0.276447	0.883280
09466	15.462053	4.715625	9.352511	1.517188	4.155532	-0.951253	-0.157639	0.936404	0.313523	-0.908897	-0.261714	0.324673	0.386079	-0.233779	0.892351
09467	17.225680	5.414361	8.307151	0.834185	4.224412	-1.084149	-0.155646	0.949744	0.271589	-0.909642	-0.245000	0.335451	0.385131	-0.194837	0.902060
09468	17.581358	2.886155	6.198403	0.228475	4.175288	-1.062067	-0.161973	0.959590	0.230111	-0.910460	-0.235254	0.340173	0.380561	-0.154408	0.911774
09469	18.982124	-0.201077	4.338715	0.308137	3.928873	-0.877948	-0.169509	0.966910	0.190661	-0.910582	-0.227660	0.344980	0.376971	-0.115135	0.919041
09470	20.257600	-2.585171	2.402043	0.647582	3.588248	-0.733690	-0.176361	0.972040	0.155032	-0.909417	-0.221172	0.352199	0.376641	-0.078874	0.922995
09471	19.622584	-4.522577	0.882306	1.120796	3.129795	-0.632617	-0.182956	0.975330	0.123524	-0.906188	-0.216027	0.363532	0.381248	-0.045425	0.923356
09472	17.030795	-4.363128	-0.079583	1.505853	2.497284	-0.549092	-0.187635	0.977293	0.098443	-0.901402	-0.211142	0.378012	0.390214	-0.017809	0.920552
09473	13.886229	-2.402426	0.516447	1.492576	1.831764	-0.398828	-0.191591	0.978220	0.079860	-0.896186	-0.207539	0.392147	0.400180	0.003562	0.916430
09474	9.647569	8.778619	0.848149	0.153448	-0.584800	-0.999168	-0.180292	0.980250	0.081268	-0.897434	-0.197753	0.394343	0.402626	-0.001836	0.915363
09475	24.622676	1.367449	-8.822028	-3.263843	-2.398292	1.528008	-0.184923	0.976691	0.108983	-0.907323	-0.212284	0.362905	0.377582	-0.031774	0.925431
09476	17.794248	-1.717124	-5.379442	-4.416853	-1.936365	0.561515	-0.183113	0.974601	0.128932	-0.922161	-0.215733	0.321057	0.340717	-0.060106	0.938243
09477	8.813763	-5.139752	19.005896	-6.319241	-1.380843	0.823658	-0.186465	0.971793	0.144390	-0.940386	-0.219090	0.260140	0.284437	-0.087276	0.954714
09478	11.568179	-7.647235	19.358429	-3.339720	-0.434926	-0.191423	-0.183491	0.971805	0.148071	-0.949731	-0.214123	0.228392	0.253658	-0.098720	0.962243
09479	-10.904119	-3.863300	13.989646	-1.820128	-0.162463	-0.712495	-0.176211	0.973144	0.148120	-0.955490	-0.205268	0.211907	0.236621	-0.104187	0.966000
09480	-13.544112	-15.508272	0.204563	-1.955959	-3.148580	-0.815267	-0.161163	0.970954	0.176845	-0.961365	-0.194966	0.194332	0.223166	-0.138693	0.964863
09481	8.074201	-5.725845	18.279765	0.589047	-3.498582	0.262831	-0.155688	0.965016	0.210963	-0.959601	-0.198424	0.199484	0.234365	-0.171383	0.956923
09482	19.454348	-10.745270	20.091441	-1.540856	-3.081509	0.433720	-0.152795	0.958371	0.241203	-0.962469	-0.199700	0.183774	0.224292	-0.204071	0.952916
09483	8.671353	-4.570674	14.011086	1.491014	-1.721858	-0.175252	-0.147005	0.955093	0.257268	-0.959288	-0.201074	0.198331	0.241155	-0.217638	0.945768
09484	4.978688	3.169389	13.946199	0.548954	-1.869987	-0.071699	-0.141739	0.951016	0.274734	-0.958050	-0.201629	0.203683	0.249100	-0.234338	0.939699
09485	5.070468	-3.939837	10.082680	-1.021019	-1.830633	0.085367	-0.137938	0.946372	0.292151	-0.960471	-0.199826	0.193817	0.241802	-0.253868	0.936527
09486	5.274459	3.629195	11.768537	1.306219	-1.555051	-0.002829	-0.134042	0.942342	0.306634	-0.957225	-0.203190	0.205997	0.256425	-0.265905	0.929269
09487	11.545923	13.684855	13.259898	0.349161	-1.721510	-0.321216	-0.126364	0.938270	0.321996	-0.956778	-0.200989	0.210189	0.261932	-0.281519	0.923114
09488	6.198365	7.241808	8.171623	-1.714331	-0.837914	0.265102	-0.126781	0.935340	0.330251	-0.960805	-0.198546	0.193478	0.246538	-0.292777	0.923851
09489	2.769001	-1.485093	10.451795	-2.455096	-1.015978	0.559442	-0.129608	0.931173	0.340761	-0.965907	-0.196238	0.168865	0.224112	-0.307257	0.924860
09490	7.264976	-3.575296	9.991908	-0.478067	-0.927203	0.268655	-0.130146	0.927758	0.349753	-0.966624	-0.197238	0.163507	0.220680	-0.316800	0.922463
09491	5.936473	2.538850	10.529285	0.550071	-0.458188	0.077286	-0.129683	0.926128	0.354217	-0.965340	-0.199524	0.168250	0.226496	-0.320120	0.919903
09492	5.300281	0.895144	10.758666	-0.621636	-0.301338	0.159822	-0.130557	0.924845	0.357234	-0.966526	-0.198996	0.161949	0.220866	-0.324132	0.919868
09493	4.899924	-1.510959	10.211384	-0.145305	-0.143746	0.088831	-0.130903	0.924182	0.358821	-0.966779	-0.199152	0.160241	0.219552	-0.325924	0.919549
09494	4.462964	1.241801	10.395232	0.251766	-0.089231	0.014062	-0.130846	0.923869	0.359646	-0.966208	-0.200097	0.162490	0.222084	-0.326231	0.918832
09495	4.853563	0.579226	9.991555	-0.059435	-0.036688	-0.007883	-0.130487	0.923744	0.360096	-0.966401	-0.199631	0.161914	0.221454	-0.326870	0.918757
09496	4.038376	0.775049	9.935658	0.122174	0.004712	-0.061112	-0.129911	0.923888	0.359936	-0.966213	-0.199460	0.163242	0.222610	-0.326568	0.918585
09497	4.083352	0.650797	10.002394	0.046068	0.010891	-0.087122	-0.128888	0.924075	0.359823	-0.966275	-0.198602	0.163918	0.222934	-0.326561	0.918509
09498	4.437716	0.568278	10.008346	0.106236	0.028523	-0.135966	-0.127641	0.924444	0.359319	-0.966216	-0.197685	0.165368	0.223906	-0.326072	0.918446
09499	3.866867	1.576698	9.361765	0.232261	0.091421	-0.175182	-0.125947	0.925065	0.358319	-0.965969	-0.196616	0.168067	0.225924	-0.324957	0.918347
09500	3.526962	2.632801	9.039561	0.184076	0.062703	-0.159126	-0.124555	0.925587	0.357456	-0.965755	-0.195734	0.170312	0.227605	-0.324001	0.918270
09501	3.520692	2.738114	8.749875	0.063030	0.048131	-0.098124	-0.123511	0.925912	0.356977	-0.965785	-0.194827	0.171180	0.228046	-0.323620	0.918295
09502	3.230304	2.805404	8.671291	-0.032220	0.028589	-0.026912	-0.123319	0.926063	0.356651	-0.965895	-0.194467	0.170965	0.227681	-0.323404	0.918461
09503	4.279433	1.747776	9.548834	-0.159440	0.014866	0.032280	-0.123462	0.926026	0.356697	-0.966268	-0.194050	0.169327	0.226018	-0.323759	0.918747
09504	4.160999	1.345288	9.279329	-0.103049	0.164551	0.041647	-0.124238	0.926483	0.355237	-0.966452	-0.194096	0.168216	0.224800	-0.322421	0.919516
09505	4.018120	1.971529	9.521691	-0.172164	0.173560	0.070141	-0.125099	0.926884	0.353887	-0.966801	-0.193989	0.166324	0.222814	-0.321332	0.920380
09506	3.911719	1.604104	9.164592	-0.211131	0.262885	0.077332	-0.126431	0.927582	0.351577	-0.967176	-0.194023	0.164092	0.220423	-0.319290	0.921666
09507	3.418807	1.522193	9.559726	-0.299355	0.246958	0.113077	-0.127858	0.928129	0.349613	-0.967738	-0.193914	0.160875	0.217107	-0.317765	0.922979
09508	3.956965	0.615955	9.694068	-0.376891	0.315701	0.120719	-0.129708	0.928901	0.346871	-0.968397	-0.193834	0.156957	0.213033	-0.315551	0.924686
09509	1.248862	2.954016	7.121428	0.083060	0.250073	0.051208	-0.130530	0.929568	0.344768	-0.968204	-0.194366	0.157488	0.213407	-0.313249	0.925382
09510	3.327314	4.888834	9.773206	-0.253334	-0.300852	0.143794	-0.131285	0.928347	0.347759	-0.968558	-0.194896	0.154631	0.211328	-0.316524	0.924745
09511	3.767481	-0.299884	9.455101	-1.111511	-0.040788	0.245041	-0.133382	0.927724	0.348622	-0.970570	-0.193443	0.143437	0.200508	-0.319230	0.926223
09512	3.247674	0.263655	9.390370	-0.114394	-0.206471	0.123343	-0.134167	0.926830	0.350693	-0.970638	-0.194213	0.141931	0.199655	-0.321354	0.925673
09513	3.137060	3.284120	9.131494	-0.098192	-0.235573	0.129517	-0.134761	0.925800	0.353176	-0.970707	-0.194900	0.140509	0.198917	-0.323896	0.924945
09514	4.627700	1.069294	9.847344	-0.548575	-0.298457	0.179428	-0.135918	0.924484	0.356167	-0.971545	-0.194764	0.134784	0.193974	-0.327713	0.924650
09515	4.648745	0.027717	10.010327	-0.165147	-0.155427	0.112477	-0.136518	0.923737	0.357874	-0.971758	-0.195064	0.132800	0.192480	-0.329637	0.924278
09516	4.770056	0.983809	10.142634	-0.058465	-0.118011	0.067004	-0.136942	0.923222	0.359037	-0.971783	-0.195481	0.132004	0.192054	-0.330829	0.923941
09517	4.210340	0.819031	9.588751	-0.073213	0.002773	0.044047	-0.137178	0.923127	0.359193	-0.971912	-0.195443	0.131111	0.191233	-0.331118	0.924008
09518	3.805888	1.712178	9.327489	0.009294	-0.001595	0.033261	-0.137498	0.923063	0.359235	-0.971852	-0.195772	0.131061	0.191306	-0.331103	0.923998
09519	4.121511	1.282454	9.557707	-0.102375	-0.024510	0.053067	-0.137768	0.922859	0.359655	-0.972023	-0.195719	0.129866	0.190239	-0.331701	0.924004
09520	3.869362	0.796672	9.563005	-0.133000	0.041099	0.049653	-0.138328	0.922904	0.359323	-0.972211	-0.195726	0.128443	0.188869	-0.331571	0.924332
09521	3.860804	1.097652	9.677731	-0.149118	0.039274	0.046890	-0.138659	0.922924	0.359144	-0.972475	-0.195460	0.126836	0.187258	-0.331672	0.924623
09522	3.867674	1.074549	9.427275	-0.217890	0.071962	0.055020	-0.139327	0.923062	0.358532	-0.972808	-0.195235	0.124608	0.185019	-0.331422	0.925163
09523	3.759977	1.166919	9.228706	-0.261952	0.124997	0.064788	-0.139988	0.923331	0.357579	-0.973248	-0.194761	0.121892	0.182189	-0.330950	0.925894
09524	3.333906	1.750617	8.913697	-0.222117	0.126480	0.088064	-0.141073	0.923584	0.356499	-0.973530	-0.194830	0.119504	0.179828	-0.330203	0.926622
09525	2.938563	2.242111	8.852838	-0.155279	0.045157	0.132695	-0.142248	0.923457	0.356360	-0.973668	-0.195338	0.117533	0.178147	-0.330258	0.926927
09526	3.824590	1.494081	9.481938	-0.280657	-0.074571	0.169579	-0.143766	0.922885	0.357233	-0.973926	-0.195965	0.114310	0.175500	-0.331484	0.926994
09527	3.482603	1.093960	9.026535	-0.152276	-0.055285	0.161469	-0.145049	0.922368	0.358048	-0.974006	-0.196748	0.112264	0.173994	-0.332457	0.926930
09528	3.278511	2.120461	9.564245	-0.023795	-0.163945	0.173096	-0.146448	0.921486	0.359746	-0.973799	-0.198254	0.111406	0.173980	-0.334005	0.926376
09529	5.283829	-0.651840	10.674104	-0.504375	-0.203811	0.168202	-0.147548	0.920453	0.361933	-0.974463	-0.197914	0.106071	0.169265	-0.337040	0.926150
09530	4.318080	-0.231283	9.525671	0.005920	-0.079442	0.070920	-0.148102	0.920051	0.362729	-0.974353	-0.198576	0.105853	0.169419	-0.337749	0.925863
09531	4.435735	0.819962	10.242844	-0.091068	-0.060280	0.039219	-0.148187	0.919753	0.363450	-0.974497	-0.198423	0.104807	0.168513	-0.338649	0.925700
09532	4.090307	0.779825	9.239019	0.063625	0.010084	0.010574	-0.148305	0.919772	0.363353	-0.974378	-0.198724	0.105341	0.169097	-0.338420	0.925677
09533	3.940303	1.396563	9.667707	-0.001898	-0.001825	0.006571	-0.148168	0.919736	0.363499	-0.974420	-0.198571	0.105239	0.168972	-0.338608	0.925631
