// General information: 
//  MT Manager version: 2022.2.0 
//  XDA version: 2022.2.0 build 7381 rev 124627 built on 2023-07-19
// Device information: 
//  DeviceId: 00B4CAF0
//  ProductCode: MTW2-3A7G6
//  Firmware Version: 4.6.0
//  Hardware Version: 2.0.0
// Device settings: 
//  Filter Profile: human(46.1)
//  Option Flags: Orientation Smoother Disabled, Position/Velocity Smoother Disabled, Continuous Zero Rotation Update Disabled, AHS Disabled, ICC Disabled
// Coordinate system: ENU
PacketCounter	Acc_X	Acc_Y	Acc_Z	Gyr_X	Gyr_Y	Gyr_Z	Mat[1][1]	Mat[2][1]	Mat[3][1]	Mat[1][2]	Mat[2][2]	Mat[3][2]	Mat[1][3]	Mat[2][3]	Mat[3][3]
16520	3.985554	0.581527	9.511546	0.005635	0.000850	0.003070	0.905978	0.176573	0.384741	-0.215107	0.974797	0.059156	-0.364599	-0.136355	0.921127
16521	3.974015	0.587695	9.490812	0.002791	0.001571	0.001629	0.905981	0.176558	0.384742	-0.215089	0.974802	0.059149	-0.364604	-0.136342	0.921127
16522	3.992804	0.579607	9.478045	0.005581	0.003143	0.003257	0.905985	0.176559	0.384732	-0.215093	0.974800	0.059160	-0.364591	-0.136351	0.921131
16523	4.002722	0.602071	9.478781	0.003684	0.003509	0.003818	0.905990	0.176568	0.384716	-0.215097	0.974799	0.059154	-0.364576	-0.136344	0.921138
16524	4.003839	0.574457	9.498929	0.008033	-0.000840	0.003416	0.905980	0.176562	0.384741	-0.215108	0.974795	0.059186	-0.364594	-0.136383	0.921125
16525	3.991097	0.608746	9.458050	0.002291	0.002895	0.000721	0.905989	0.176541	0.384729	-0.215079	0.974802	0.059179	-0.364587	-0.136363	0.921130
16526	3.991897	0.580904	9.478348	0.002684	0.006156	0.002003	0.906010	0.176527	0.384688	-0.215053	0.974808	0.059167	-0.364553	-0.136334	0.921148
16527	4.022012	0.566947	9.486393	0.005636	0.000850	0.003070	0.906007	0.176525	0.384696	-0.215059	0.974806	0.059181	-0.364557	-0.136351	0.921144
16528	3.979944	0.587257	9.457775	0.001787	0.003876	0.004379	0.906009	0.176545	0.384681	-0.215066	0.974807	0.059151	-0.364547	-0.136323	0.921152
16529	3.961943	0.567733	9.490825	0.003738	0.001217	0.003631	0.906006	0.176550	0.384686	-0.215069	0.974806	0.059145	-0.364552	-0.136320	0.921151
16530	4.002411	0.575854	9.499447	0.004631	0.003154	0.005820	0.906005	0.176575	0.384676	-0.215091	0.974802	0.059136	-0.364541	-0.136318	0.921155
16531	3.990816	0.582019	9.478735	0.005636	0.000849	0.003070	0.906002	0.176574	0.384684	-0.215097	0.974800	0.059150	-0.364546	-0.136334	0.921151
16532	4.003492	0.548356	9.519609	0.000500	-0.001323	0.000908	0.905995	0.176547	0.384713	-0.215061	0.974809	0.059120	-0.364585	-0.136300	0.921141
16533	3.981955	0.612998	9.492195	0.006030	0.004110	0.004352	0.906001	0.176563	0.384692	-0.215079	0.974805	0.059133	-0.364559	-0.136314	0.921149
16534	4.002035	0.576987	9.499536	0.004743	-0.001089	0.000881	0.905995	0.176534	0.384719	-0.215057	0.974809	0.059144	-0.364586	-0.136321	0.921137
16535	3.971537	0.591752	9.491597	0.007482	0.002774	0.002696	0.906000	0.176531	0.384709	-0.215066	0.974805	0.059177	-0.364570	-0.136352	0.921139
16536	4.009298	0.575346	9.466020	0.003239	0.002540	0.002723	0.906003	0.176527	0.384703	-0.215056	0.974808	0.059167	-0.364567	-0.136338	0.921142
16537	3.992727	0.608662	9.513137	0.003239	0.002540	0.002723	0.906007	0.176524	0.384696	-0.215049	0.974810	0.059160	-0.364562	-0.136328	0.921146
16538	3.989850	0.584146	9.479010	0.003239	0.002540	0.002723	0.906010	0.176520	0.384690	-0.215040	0.974812	0.059149	-0.364560	-0.136313	0.921149
16539	4.001160	0.578499	9.499813	0.003292	0.000247	0.002536	0.906006	0.176512	0.384703	-0.215031	0.974815	0.059144	-0.364575	-0.136308	0.921144
16540	4.022570	0.594907	9.521294	0.001289	0.005199	0.003470	0.906017	0.176522	0.384674	-0.215024	0.974818	0.059111	-0.364553	-0.136270	0.921158
16541	4.003429	0.603220	9.534181	0.000495	-0.001664	0.005474	0.905999	0.176540	0.384707	-0.215032	0.974819	0.059069	-0.364591	-0.136241	0.921147
16542	3.998111	0.553693	9.465778	-0.000052	0.002292	0.000187	0.906008	0.176507	0.384701	-0.214984	0.974831	0.059040	-0.364598	-0.136195	0.921151
16543	4.008073	0.575945	9.466502	0.003687	0.003508	0.003818	0.906013	0.176516	0.384685	-0.214989	0.974831	0.059033	-0.364583	-0.136187	0.921158
16544	3.992713	0.581068	9.533768	0.000890	0.001597	0.006755	0.906003	0.176551	0.384691	-0.215009	0.974829	0.058986	-0.364594	-0.136153	0.921159
16545	4.007759	0.575961	9.466635	0.003739	0.001216	0.003631	0.906000	0.176556	0.384696	-0.215012	0.974829	0.058980	-0.364600	-0.136150	0.921157
16546	4.000047	0.578730	9.500268	0.004187	0.002184	0.004726	0.905998	0.176571	0.384695	-0.215024	0.974827	0.058970	-0.364599	-0.136146	0.921158
16547	3.997363	0.554224	9.466063	0.003792	-0.001077	0.003445	0.905987	0.176570	0.384721	-0.215026	0.974827	0.058966	-0.364625	-0.136147	0.921147
16548	3.989708	0.557099	9.499666	0.005586	0.003140	0.003257	0.905992	0.176570	0.384711	-0.215028	0.974825	0.058977	-0.364612	-0.136156	0.921151
16549	3.999919	0.579671	9.500264	0.005243	-0.002414	0.001790	0.905979	0.176551	0.384748	-0.215020	0.974826	0.058992	-0.364647	-0.136174	0.921135
16550	3.988462	0.585832	9.479490	0.003688	0.003508	0.003817	0.905985	0.176554	0.384733	-0.215017	0.974828	0.058983	-0.364635	-0.136162	0.921141
16551	4.008343	0.549508	9.486953	0.002737	0.003521	0.006380	0.905985	0.176589	0.384718	-0.215042	0.974824	0.058957	-0.364621	-0.136145	0.921149
16552	3.999372	0.580394	9.500450	0.007985	0.001448	0.003605	0.905982	0.176592	0.384724	-0.215059	0.974818	0.058987	-0.364619	-0.136179	0.921145
16553	3.989032	0.558650	9.499859	0.003741	0.001215	0.003631	0.905979	0.176597	0.384729	-0.215062	0.974818	0.058981	-0.364624	-0.136177	0.921143
16554	3.990412	0.611596	9.513921	0.003741	0.001215	0.003631	0.905977	0.176592	0.384735	-0.215055	0.974820	0.058974	-0.364633	-0.136168	0.921141
16555	3.987601	0.586972	9.479782	0.002290	0.002552	0.005286	0.905975	0.176615	0.384728	-0.215068	0.974818	0.058949	-0.364629	-0.136149	0.921146
16556	4.007659	0.550454	9.487187	0.000443	0.000628	0.005660	0.905966	0.176633	0.384741	-0.215071	0.974821	0.058902	-0.364650	-0.136109	0.921143
16557	3.977233	0.564646	9.479238	0.002342	0.000260	0.005100	0.905957	0.176650	0.384756	-0.215083	0.974819	0.058877	-0.364667	-0.136095	0.921139
16558	4.005355	0.606494	9.446835	0.003793	-0.001078	0.003445	0.905945	0.176650	0.384784	-0.215083	0.974820	0.058868	-0.364696	-0.136092	0.921127
16559	3.977195	0.565073	9.479228	0.004641	0.003493	0.001254	0.905955	0.176634	0.384767	-0.215068	0.974822	0.058880	-0.364679	-0.136094	0.921134
16560	4.017602	0.573153	9.487888	0.003238	0.002197	0.007288	0.905946	0.176678	0.384768	-0.215104	0.974816	0.058853	-0.364680	-0.136083	0.921135
16561	3.988299	0.559549	9.500113	0.004241	-0.000109	0.004539	0.905936	0.176689	0.384786	-0.215118	0.974813	0.058848	-0.364697	-0.136087	0.921128
16562	4.006066	0.579431	9.467139	0.006088	0.001814	0.004165	0.905933	0.176700	0.384789	-0.215134	0.974809	0.058859	-0.364695	-0.136104	0.921126
16563	3.998349	0.582229	9.500769	0.001843	0.001583	0.004191	0.905930	0.176710	0.384791	-0.215135	0.974810	0.058834	-0.364702	-0.136081	0.921127
16564	3.986749	0.588379	9.480053	0.007488	0.002768	0.002696	0.905935	0.176704	0.384783	-0.215139	0.974808	0.058863	-0.364688	-0.136108	0.921128
16565	3.987696	0.560885	9.500288	0.005141	0.002168	0.002162	0.905939	0.176695	0.384778	-0.215134	0.974808	0.058876	-0.364682	-0.136117	0.921130
16566	3.987443	0.561186	9.500376	0.003691	0.003506	0.003816	0.905943	0.176703	0.384764	-0.215136	0.974808	0.058866	-0.364670	-0.136105	0.921136
16567	3.986092	0.589486	9.480261	0.005641	0.000845	0.003071	0.905940	0.176701	0.384772	-0.215141	0.974806	0.058880	-0.364674	-0.136122	0.921132
16568	4.016337	0.575806	9.488264	0.008440	0.002753	0.000133	0.905951	0.176667	0.384762	-0.215122	0.974808	0.058928	-0.364659	-0.136156	0.921133
16569	3.953793	0.552332	9.458369	0.008437	0.002413	0.004699	0.905950	0.176684	0.384757	-0.215152	0.974799	0.058961	-0.364643	-0.136197	0.921133
16570	4.016000	0.576921	9.488338	0.003294	0.000245	0.002537	0.905945	0.176674	0.384772	-0.215141	0.974802	0.058953	-0.364661	-0.136188	0.921127
16571	3.996877	0.585773	9.501170	0.007490	0.002767	0.002696	0.905950	0.176672	0.384762	-0.215149	0.974798	0.058985	-0.364645	-0.136219	0.921129
16572	3.977626	0.594626	9.514054	0.004640	0.003152	0.005819	0.905948	0.176701	0.384754	-0.215175	0.974793	0.058976	-0.364634	-0.136218	0.921133
16573	4.015295	0.578131	9.488563	0.006991	0.004090	0.001787	0.905959	0.176691	0.384731	-0.215174	0.974791	0.059007	-0.364607	-0.136242	0.921141
16574	3.981755	0.568038	9.446584	0.002695	0.006152	0.001998	0.905978	0.176682	0.384692	-0.215153	0.974797	0.058996	-0.364573	-0.136216	0.921158
16575	3.973894	0.570956	9.480260	0.007537	0.000135	0.007077	0.905963	0.176718	0.384709	-0.215201	0.974785	0.059012	-0.364580	-0.136252	0.921150
16576	3.984031	0.593719	9.480863	0.008443	0.002751	0.000133	0.905974	0.176686	0.384700	-0.215184	0.974786	0.059061	-0.364565	-0.136289	0.921150
16577	3.985086	0.566347	9.501059	0.006142	-0.000479	0.003980	0.905964	0.176691	0.384720	-0.215200	0.974782	0.059076	-0.364580	-0.136312	0.921141
16578	3.976213	0.597464	9.514467	0.007940	0.003735	0.003790	0.905970	0.176694	0.384704	-0.215212	0.974777	0.059106	-0.364557	-0.136341	0.921146
16579	4.002453	0.586884	9.468208	0.006042	0.004105	0.004349	0.905976	0.176710	0.384682	-0.215230	0.974772	0.059119	-0.364531	-0.136356	0.921154
16580	4.002047	0.587282	9.468355	0.006491	0.005073	0.005443	0.905984	0.176732	0.384655	-0.215254	0.974766	0.059128	-0.364498	-0.136368	0.921165
16581	3.982737	0.596045	9.481260	0.004193	0.002182	0.004725	0.905982	0.176749	0.384651	-0.215269	0.974763	0.059122	-0.364494	-0.136367	0.921167
16582	4.011624	0.609826	9.469204	0.001745	0.006168	0.004559	0.905996	0.176762	0.384613	-0.215266	0.974766	0.059093	-0.364462	-0.136332	0.921185
16583	4.013605	0.553878	9.509735	0.003740	0.000875	0.008197	0.905982	0.176811	0.384623	-0.215310	0.974758	0.059070	-0.364470	-0.136330	0.921182
16584	4.003561	0.612576	9.502970	0.003695	0.003505	0.003815	0.905987	0.176816	0.384610	-0.215310	0.974758	0.059061	-0.364458	-0.136319	0.921188
16585	4.003377	0.612482	9.503054	-0.001454	0.001001	0.006219	0.905977	0.176845	0.384618	-0.215318	0.974760	0.058998	-0.364477	-0.136266	0.921188
16586	3.991958	0.617729	9.482313	-0.004754	0.000418	0.008247	0.905960	0.176893	0.384636	-0.215330	0.974764	0.058892	-0.364511	-0.136178	0.921188
16587	3.999003	0.533673	9.455085	-0.003402	0.003663	0.006963	0.905959	0.176933	0.384620	-0.215338	0.974767	0.058808	-0.364510	-0.136101	0.921200
16588	4.000266	0.586029	9.469186	0.000396	0.002922	0.005844	0.905957	0.176958	0.384613	-0.215346	0.974768	0.058762	-0.364511	-0.136060	0.921206
16589	4.030373	0.571422	9.477325	-0.002450	0.003647	0.004400	0.905961	0.176974	0.384596	-0.215334	0.974775	0.058696	-0.364507	-0.135993	0.921217
16590	3.978922	0.541231	9.468382	0.002647	0.008104	0.006747	0.905976	0.177015	0.384542	-0.215357	0.974772	0.058666	-0.364456	-0.135963	0.921241
16591	4.021659	0.573524	9.511404	-0.003900	0.004986	0.006053	0.905982	0.177048	0.384514	-0.215354	0.974777	0.058580	-0.364444	-0.135879	0.921259
16592	3.990770	0.587216	9.503648	-0.004397	0.006309	0.005143	0.905994	0.177070	0.384475	-0.215337	0.974787	0.058491	-0.364424	-0.135784	0.921281
16593	3.971200	0.594762	9.516730	-0.010543	0.006452	0.005727	0.906006	0.177102	0.384432	-0.215307	0.974802	0.058345	-0.364412	-0.135632	0.921308
16594	3.967821	0.568858	9.482929	-0.008243	0.009341	0.006446	0.906025	0.177145	0.384367	-0.215291	0.974813	0.058214	-0.364373	-0.135494	0.921343
16595	3.968094	0.539938	9.503529	-0.006343	0.008970	0.005887	0.906046	0.177182	0.384301	-0.215278	0.974823	0.058107	-0.364330	-0.135379	0.921377
16596	3.995689	0.581070	9.471423	0.000847	0.003888	0.006938	0.906046	0.177214	0.384285	-0.215292	0.974822	0.058060	-0.364321	-0.135339	0.921387
16597	4.006582	0.574707	9.492453	-0.007241	0.007034	0.003699	0.906064	0.177227	0.384237	-0.215256	0.974837	0.057953	-0.364297	-0.135218	0.921414
16598	4.004726	0.601956	9.472627	-0.003993	0.009567	0.006422	0.906087	0.177263	0.384168	-0.215248	0.974844	0.057864	-0.364246	-0.135121	0.921448
16599	3.976181	0.640514	9.499169	-0.001147	0.008841	0.007867	0.906102	0.177319	0.384105	-0.215272	0.974842	0.057797	-0.364193	-0.135057	0.921479
16600	3.994485	0.631120	9.486746	-0.010093	0.007079	0.011385	0.906105	0.177400	0.384061	-0.215287	0.974849	0.057632	-0.364178	-0.134904	0.921507
16601	3.946959	0.596761	9.532094	-0.005254	0.001398	0.011901	0.906085	0.177486	0.384069	-0.215333	0.974846	0.057511	-0.364201	-0.134813	0.921511
16602	3.924504	0.607531	9.490445	-0.004164	-0.005832	0.013350	0.906036	0.177567	0.384146	-0.215385	0.974841	0.057393	-0.364290	-0.134740	0.921487
16603	3.976355	0.636446	9.499370	-0.005469	-0.011369	0.014448	0.905964	0.177660	0.384273	-0.215453	0.974834	0.057261	-0.364429	-0.134669	0.921442
16604	3.985547	0.523695	9.491827	-0.011208	-0.007966	0.016310	0.905901	0.177769	0.384372	-0.215509	0.974833	0.057067	-0.364553	-0.134533	0.921413
16605	3.975796	0.500029	9.491070	-0.009898	-0.002088	0.010646	0.905871	0.177838	0.384411	-0.215527	0.974838	0.056909	-0.364618	-0.134403	0.921406
16606	3.949971	0.510117	9.537158	0.000225	-0.012827	0.017336	0.905787	0.177954	0.384555	-0.215637	0.974819	0.056815	-0.364761	-0.134387	0.921352
16607	3.969207	0.528748	9.503693	-0.006365	-0.013307	0.012259	0.905712	0.178023	0.384699	-0.215682	0.974817	0.056683	-0.364920	-0.134311	0.921300
16608	3.970591	0.527864	9.503164	-0.001620	-0.014408	0.013143	0.905632	0.178094	0.384855	-0.215745	0.974809	0.056588	-0.365082	-0.134279	0.921241
16609	3.951473	0.482951	9.501353	-0.001121	-0.015733	0.014052	0.905545	0.178177	0.385022	-0.215825	0.974796	0.056498	-0.365251	-0.134258	0.921177
16610	4.004045	0.512559	9.509908	0.006922	-0.016253	0.012908	0.905458	0.178245	0.385195	-0.215920	0.974776	0.056483	-0.365411	-0.134315	0.921105
16611	4.024510	0.503988	9.496484	0.001682	-0.013828	0.011116	0.905384	0.178302	0.385343	-0.215983	0.974765	0.056430	-0.365557	-0.134318	0.921047
16612	4.016284	0.562424	9.489088	0.003628	-0.016493	0.010371	0.905301	0.178346	0.385516	-0.216043	0.974754	0.056394	-0.365726	-0.134341	0.920976
16613	4.006310	0.568417	9.467704	0.006381	-0.012296	0.007618	0.905240	0.178371	0.385648	-0.216092	0.974743	0.056397	-0.365848	-0.134388	0.920921
16614	3.965109	0.507954	9.444640	0.003041	-0.010928	0.014398	0.905170	0.178458	0.385773	-0.216184	0.974726	0.056341	-0.365968	-0.134396	0.920872
16615	3.979350	0.555125	9.478911	0.012526	-0.012446	0.007032	0.905109	0.178478	0.385905	-0.216250	0.974707	0.056403	-0.366078	-0.134503	0.920813
16616	3.960110	0.511831	9.477081	0.016375	-0.016171	0.014857	0.905018	0.178566	0.386079	-0.216398	0.974671	0.056467	-0.366217	-0.134651	0.920736
16617	3.944935	0.574283	9.502941	0.020361	-0.026088	0.012996	0.904894	0.178625	0.386340	-0.216547	0.974631	0.056579	-0.366433	-0.134859	0.920619
16618	3.958068	0.598137	9.502249	0.027557	-0.031185	0.014041	0.904751	0.178680	0.386651	-0.216723	0.974582	0.056749	-0.366683	-0.135140	0.920479
16619	3.911323	0.542109	9.511915	0.021966	-0.034656	0.015354	0.904591	0.178750	0.386992	-0.216899	0.974536	0.056866	-0.366973	-0.135379	0.920328
16620	3.894633	0.500132	9.509031	0.038306	-0.047522	0.016695	0.904381	0.178810	0.387455	-0.217141	0.974467	0.057125	-0.367348	-0.135795	0.920117
16621	3.940863	0.402671	9.541754	0.048005	-0.058576	0.013150	0.904138	0.178826	0.388015	-0.217393	0.974390	0.057490	-0.367797	-0.136331	0.919858
16622	3.873678	0.361484	9.508954	0.065533	-0.059040	0.013931	0.903890	0.178845	0.388583	-0.217713	0.974287	0.058010	-0.368217	-0.137034	0.919586
16623	4.057752	0.473927	9.466485	0.074991	-0.057963	0.002168	0.903672	0.178754	0.389131	-0.217966	0.974192	0.058665	-0.368602	-0.137831	0.919312
16624	4.062242	0.509771	9.443402	0.092581	-0.060401	-0.001811	0.903454	0.178616	0.389701	-0.218241	0.974080	0.059494	-0.368973	-0.138799	0.919018
16625	4.099269	0.689070	9.557348	0.066148	-0.061369	-0.003600	0.903236	0.178463	0.390277	-0.218410	0.974005	0.060090	-0.369408	-0.139516	0.918735
16626	4.032439	0.539855	9.551496	0.046202	-0.056926	-0.004529	0.903035	0.178308	0.390813	-0.218496	0.973960	0.060502	-0.369849	-0.140027	0.918479
16627	4.080724	0.605114	9.570803	0.047320	-0.063849	-0.007635	0.902815	0.178111	0.391409	-0.218559	0.973919	0.060941	-0.370346	-0.140564	0.918197
16628	4.082663	0.611460	9.513632	0.018006	-0.064399	-0.006266	0.902591	0.177923	0.392012	-0.218520	0.973918	0.061101	-0.370916	-0.140812	0.917929
16629	4.124315	0.676339	9.566312	0.007768	-0.071353	-0.006156	0.902340	0.177730	0.392677	-0.218450	0.973929	0.061170	-0.371567	-0.140977	0.917640
16630	4.042316	0.663557	9.580577	-0.015392	-0.072065	-0.005376	0.902084	0.177540	0.393351	-0.218297	0.973973	0.061022	-0.372279	-0.140914	0.917361
16631	3.929811	0.691152	9.566507	-0.026187	-0.093450	0.005364	0.901724	0.177428	0.394225	-0.218204	0.974011	0.060735	-0.373203	-0.140788	0.917005
16632	3.954799	0.707364	9.617196	-0.030680	-0.121243	0.005819	0.901259	0.177275	0.395355	-0.218091	0.974057	0.060402	-0.374391	-0.140661	0.916540
16633	3.580283	0.800781	9.856978	-0.032689	-0.168830	0.017957	0.900587	0.177180	0.396927	-0.218087	0.974083	0.060006	-0.376008	-0.140605	0.915887
16634	3.309277	0.276308	9.987796	-0.253829	-0.333529	-0.054587	0.899444	0.176151	0.399964	-0.216593	0.974545	0.057871	-0.379589	-0.138681	0.914702
16635	2.779707	2.221782	10.652098	0.055239	-0.525187	0.076187	0.897273	0.176128	0.404820	-0.217445	0.974345	0.058044	-0.384212	-0.140107	0.912552
16636	2.474180	0.640425	10.403846	-0.158127	-0.765386	0.091644	0.894105	0.175917	0.411861	-0.217606	0.974417	0.056199	-0.391438	-0.139871	0.909512
16637	2.565465	1.291228	10.609863	-0.248654	-1.083539	0.126528	0.889533	0.175605	0.421775	-0.217705	0.974553	0.053391	-0.401667	-0.139315	0.905127
16638	2.437323	1.139950	10.911369	-0.255588	-1.448900	0.165346	0.883255	0.175165	0.434946	-0.218080	0.974631	0.050348	-0.415093	-0.139323	0.899048
16639	2.463633	0.932909	10.948832	-0.333080	-1.823024	0.202520	0.875092	0.174567	0.451376	-0.218405	0.974752	0.046446	-0.431872	-0.139227	0.891124
16640	2.605817	0.653901	10.940670	-0.415503	-2.193886	0.225424	0.864904	0.173680	0.470931	-0.218482	0.974950	0.041699	-0.451891	-0.138956	0.881184
16641	2.738947	0.607184	10.723538	-0.436094	-2.582087	0.247005	0.852396	0.172465	0.493637	-0.218536	0.975140	0.036671	-0.475040	-0.139136	0.868895
16642	2.967143	0.378309	11.205806	-0.496637	-2.984767	0.223466	0.837334	0.170456	0.519439	-0.217953	0.975459	0.031237	-0.501367	-0.139369	0.853937
16643	2.513486	-0.094161	11.570625	-0.553435	-3.403504	0.160141	0.819418	0.167237	0.548258	-0.216376	0.975972	0.025687	-0.530788	-0.139678	0.835915
16644	4.419589	-0.424864	11.441341	-0.604048	-3.871839	0.102618	0.798010	0.162791	0.580241	-0.213853	0.976659	0.020105	-0.563425	-0.140130	0.814196
16645	8.589753	-1.202202	12.271635	-0.390200	-3.786035	-0.012329	0.776118	0.157290	0.610656	-0.211449	0.977241	0.017030	-0.594079	-0.142340	0.791713
16646	8.426565	-0.647747	11.601165	-0.227585	-3.296481	-0.118897	0.756356	0.151357	0.636409	-0.209107	0.977762	0.015978	-0.619839	-0.145163	0.771186
16647	7.956672	-1.050605	10.010402	-0.293717	-3.031778	-0.219419	0.737660	0.144753	0.659473	-0.205564	0.978526	0.015151	-0.643118	-0.146741	0.751576
16648	8.104616	-0.032948	9.386992	-0.435530	-2.731234	-0.312516	0.720441	0.137660	0.679717	-0.200389	0.979616	0.013997	-0.663935	-0.146292	0.733341
16649	6.206499	0.058368	8.799294	-0.674831	-2.279180	-0.438464	0.705964	0.130035	0.696209	-0.192672	0.981189	0.012109	-0.681537	-0.142688	0.717737
16650	3.584366	0.377139	9.469002	-0.824317	-1.681611	-0.629224	0.695567	0.121476	0.708117	-0.182539	0.983141	0.010648	-0.694886	-0.136665	0.706014
16651	1.257363	0.807676	10.441243	-0.923240	-0.982370	-0.859197	0.690207	0.111683	0.714941	-0.170080	0.985377	0.010268	-0.703340	-0.128685	0.699109
16652	-1.257318	0.680691	11.032068	-0.998193	-0.306407	-1.096930	0.689828	0.100452	0.716970	-0.155423	0.987785	0.011144	-0.707093	-0.119121	0.697015
16653	-2.979850	-0.327950	10.614175	-1.014410	0.320614	-1.252836	0.693934	0.088395	0.714592	-0.139535	0.990132	0.013022	-0.706389	-0.108747	0.699420
16654	-2.759302	-1.694861	10.502540	-1.016045	0.756000	-1.168128	0.700798	0.077573	0.709129	-0.124186	0.992157	0.014193	-0.702467	-0.098010	0.704935
16655	1.700324	-2.936376	12.765748	-0.942100	1.261398	-0.907263	0.710669	0.069703	0.700065	-0.111150	0.993706	0.013894	-0.694690	-0.087687	0.713944
16656	0.864577	-3.315787	12.474089	-0.700674	2.092568	-0.613190	0.725710	0.065331	0.684892	-0.101886	0.994710	0.013074	-0.680415	-0.079269	0.728527
16657	0.104178	-3.048050	10.975512	-0.432788	2.579131	-0.340244	0.743350	0.063880	0.665845	-0.096431	0.995265	0.012172	-0.661915	-0.073256	0.745991
16658	0.589009	-2.286267	10.182846	-0.259166	2.767679	-0.065877	0.761450	0.065171	0.644940	-0.094205	0.995496	0.010630	-0.641342	-0.068851	0.764160
16659	1.851587	-1.901539	10.319951	-0.165208	2.862592	0.206926	0.779294	0.069118	0.622836	-0.094708	0.995473	0.008028	-0.619461	-0.065244	0.782311
16660	3.565888	-1.752919	10.722923	-0.055737	2.977875	0.447423	0.796964	0.075456	0.599295	-0.097857	0.995189	0.004832	-0.596047	-0.062496	0.800514
16661	4.711781	-1.659488	10.746534	0.075102	3.120386	0.640808	0.814520	0.083722	0.574063	-0.103410	0.994637	0.001665	-0.570845	-0.060720	0.818809
16662	5.188129	-1.323046	10.351413	0.228106	3.194928	0.775770	0.831506	0.093349	0.547616	-0.111030	0.993817	-0.000821	-0.544307	-0.060119	0.836729
16663	5.588114	-0.892809	9.927720	0.314672	3.178832	0.849141	0.847395	0.103663	0.520745	-0.119781	0.992797	-0.002716	-0.517275	-0.060074	0.853708
16664	6.137481	-0.550703	9.681918	0.342209	3.099097	0.865357	0.861938	0.114094	0.494010	-0.128866	0.991653	-0.004186	-0.490364	-0.060053	0.869446
16665	6.580880	-0.356760	9.557724	0.301765	2.993181	0.859821	0.875071	0.124373	0.467741	-0.137727	0.990454	-0.005697	-0.463984	-0.059436	0.883847
16666	6.709227	-0.293143	9.374116	0.225864	2.884461	0.836765	0.886900	0.134331	0.441999	-0.146083	0.989244	-0.007521	-0.438255	-0.057898	0.896984
16667	6.761874	-0.273678	9.161984	0.130057	2.762027	0.807493	0.897450	0.143846	0.417004	-0.153797	0.988053	-0.009839	-0.413437	-0.055303	0.908852
16668	6.762158	-0.332297	8.916197	0.040653	2.620181	0.778713	0.906751	0.152921	0.392961	-0.160951	0.986881	-0.012654	-0.389741	-0.051774	0.919468
16669	6.681142	-0.215835	8.678813	-0.040474	2.469436	0.734951	0.914891	0.161364	0.370050	-0.167448	0.985753	-0.015858	-0.367337	-0.047456	0.928877
16670	6.563861	0.211966	8.525691	-0.136304	2.312521	0.661409	0.922020	0.168898	0.348356	-0.173002	0.984728	-0.019540	-0.346336	-0.042250	0.937159
16671	6.596669	0.922565	8.437000	-0.296741	2.176061	0.533289	0.928411	0.174963	0.327783	-0.176895	0.983933	-0.024163	-0.326744	-0.035550	0.944444
16672	6.792109	1.581556	8.412276	-0.507086	2.073687	0.355663	0.934367	0.179088	0.308036	-0.178564	0.983467	-0.030135	-0.308340	-0.026847	0.950897
16673	7.052146	1.974604	8.198818	-0.730740	2.011185	0.105225	0.940205	0.180523	0.288835	-0.177320	0.983441	-0.037449	-0.290812	-0.016006	0.956646
16674	7.012029	2.371259	7.603694	-0.921297	1.941663	-0.173125	0.945996	0.178987	0.270286	-0.173051	0.983846	-0.045839	-0.274124	-0.003410	0.961688
16675	7.193864	2.862921	6.741216	-1.073295	1.816509	-0.437898	0.951579	0.174583	0.253017	-0.165996	0.984588	-0.055069	-0.258732	0.010403	0.965893
16676	7.379271	3.623793	5.743791	-1.136153	1.626112	-0.693901	0.956797	0.167442	0.237704	-0.156481	0.985579	-0.064397	-0.245059	0.024418	0.969201
16677	2.804401	-3.763048	1.555043	-0.839630	0.882396	-1.072490	0.960540	0.156575	0.229885	-0.144132	0.987075	-0.070066	-0.237884	0.034168	0.970692
16678	13.459059	3.836702	-0.548847	0.992683	-0.844995	-1.020144	0.959936	0.146714	0.238743	-0.136697	0.988909	-0.058084	-0.244617	0.023121	0.969344
16679	18.626066	4.615251	1.560947	1.133839	-1.068468	-1.313642	0.959006	0.133859	0.249778	-0.126876	0.990945	-0.043928	-0.253396	0.010436	0.967306
16680	20.362294	3.695925	-1.565150	0.996975	-1.157944	-1.278306	0.957575	0.121207	0.261457	-0.117162	0.992627	-0.031064	-0.263294	-0.000887	0.964715
16681	7.667662	8.048814	6.936486	0.760754	-1.346259	-1.009359	0.955092	0.111078	0.274702	-0.109517	0.993762	-0.021063	-0.275328	-0.009967	0.961299
16682	6.018498	-3.264684	15.278045	0.018543	-1.152874	-0.460831	0.952347	0.106343	0.285877	-0.105132	0.994265	-0.019625	-0.286325	-0.011365	0.958065
16683	2.908113	-11.660060	14.216071	0.282398	-1.228118	-0.324991	0.949097	0.102915	0.297697	-0.102826	0.994571	-0.016007	-0.297728	-0.015419	0.954526
16684	7.178816	-4.654606	12.278373	1.411752	-1.480128	-0.186092	0.944789	0.100688	0.311827	-0.105309	0.994437	-0.002028	-0.310296	-0.030923	0.950137
16685	4.804911	1.545121	9.517162	1.061988	-1.187650	-0.236236	0.941292	0.097870	0.323097	-0.106388	0.994286	0.008763	-0.320393	-0.042622	0.946325
16686	4.439787	3.448759	10.045776	0.939894	-1.153893	-0.302443	0.937857	0.094276	0.333970	-0.106556	0.994133	0.018600	-0.330256	-0.053031	0.942400
16687	3.832788	1.394706	10.027800	0.762856	-1.067474	-0.320415	0.934621	0.090447	0.343952	-0.106068	0.993997	0.026833	-0.339460	-0.061561	0.938604
16688	2.998754	-0.801089	9.119658	0.783297	-1.137530	-0.348237	0.931069	0.086201	0.354513	-0.105469	0.993794	0.035354	-0.349266	-0.070307	0.934382
16689	3.900729	-0.527647	9.682720	0.884942	-1.217724	-0.377039	0.927147	0.081507	0.365726	-0.105059	0.993450	0.044932	-0.359668	-0.080081	0.929637
16690	7.559562	2.495849	11.961490	0.668251	-1.171024	-0.275792	0.923162	0.077749	0.376467	-0.104896	0.993116	0.052122	-0.369823	-0.087607	0.924963
16691	8.853022	4.310532	12.099903	0.248055	-0.640440	-0.103802	0.920881	0.076116	0.382341	-0.104820	0.992981	0.054780	-0.375488	-0.090523	0.922396
16692	5.796889	2.183589	10.388451	-0.018459	-0.214867	-0.039409	0.920109	0.075494	0.384318	-0.104338	0.993035	0.054733	-0.377509	-0.090459	0.921577
16693	4.467610	0.827308	9.842720	0.049600	-0.193951	0.003101	0.919369	0.075316	0.386120	-0.104510	0.992993	0.055151	-0.379261	-0.091058	0.920798
16694	5.100090	1.636751	10.067816	0.035348	-0.130955	0.027127	0.918839	0.075430	0.387357	-0.104845	0.992947	0.055344	-0.380451	-0.091464	0.920267
16695	4.378075	1.007917	9.714061	-0.011045	-0.063109	0.041458	0.918552	0.075751	0.387975	-0.105140	0.992932	0.055055	-0.381062	-0.091363	0.920024
16696	4.165198	0.963877	9.538925	-0.001775	-0.081521	0.053259	0.918180	0.076169	0.388771	-0.105573	0.992900	0.054804	-0.381837	-0.091364	0.919703
16697	4.220425	0.811748	9.583661	-0.010746	-0.073325	0.054250	0.917840	0.076609	0.389489	-0.105985	0.992875	0.054469	-0.382541	-0.091274	0.919419
16698	3.943455	0.527039	9.468817	-0.006904	-0.079440	0.051507	0.917476	0.077011	0.390264	-0.106383	0.992848	0.054177	-0.383301	-0.091223	0.919107
16699	4.062113	0.431872	9.491182	-0.007389	-0.083738	0.049029	0.917100	0.077389	0.391075	-0.106760	0.992823	0.053891	-0.384097	-0.091175	0.918780
16700	4.382357	0.238150	9.541125	-0.000128	-0.077587	0.042849	0.916751	0.077707	0.391827	-0.107103	0.992797	0.053695	-0.384833	-0.091191	0.918471
16701	3.979473	0.336796	9.430213	0.017643	-0.050393	0.037570	0.916514	0.078002	0.392324	-0.107471	0.992758	0.053684	-0.385296	-0.091365	0.918259
16702	4.085284	0.481034	9.465555	0.025054	-0.052102	0.029563	0.916277	0.078211	0.392836	-0.107789	0.992719	0.053770	-0.385770	-0.091612	0.918035
16703	4.063277	0.568652	9.474007	0.019156	-0.046391	0.027186	0.916065	0.078406	0.393290	-0.108068	0.992686	0.053813	-0.386194	-0.091799	0.917838
16704	3.944305	0.563884	9.427664	0.013959	-0.049846	0.023869	0.915842	0.078561	0.393778	-0.108291	0.992661	0.053820	-0.386660	-0.091933	0.917629
16705	3.860958	0.415146	9.408512	0.015249	-0.062961	0.028149	0.915565	0.078750	0.394385	-0.108564	0.992631	0.053823	-0.387240	-0.092094	0.917368
16706	3.966235	0.409127	9.373853	0.029326	-0.082216	0.025905	0.915214	0.078895	0.395170	-0.108865	0.992591	0.053962	-0.387984	-0.092407	0.917022
16707	4.065894	0.428061	9.407602	0.033825	-0.078136	0.022633	0.914883	0.079015	0.395912	-0.109159	0.992548	0.054157	-0.388683	-0.092765	0.916690
16708	4.212248	0.458423	9.415905	0.042829	-0.072598	0.020431	0.914574	0.079114	0.396606	-0.109463	0.992499	0.054441	-0.389324	-0.093204	0.916373
16709	4.274542	0.518965	9.424028	0.045720	-0.053451	0.017680	0.914343	0.079207	0.397119	-0.109759	0.992448	0.054764	-0.389783	-0.093661	0.916132
16710	4.230121	0.587727	9.498403	0.051088	-0.044087	0.017986	0.914147	0.079308	0.397550	-0.110073	0.992393	0.055134	-0.390153	-0.094160	0.915923
16711	4.229261	0.619908	9.477703	0.042023	-0.022031	0.017838	0.914038	0.079432	0.397776	-0.110356	0.992346	0.055422	-0.390329	-0.094554	0.915807
16712	4.247796	0.668956	9.479160	0.038354	-0.021162	0.014423	0.913935	0.079518	0.397995	-0.110588	0.992305	0.055688	-0.390504	-0.094909	0.915696
16713	4.173886	0.700830	9.443946	0.037350	-0.015615	0.018584	0.913850	0.079655	0.398162	-0.110859	0.992261	0.055931	-0.390625	-0.095252	0.915608
16714	4.135407	0.611570	9.471769	0.021608	-0.012174	0.022361	0.913774	0.079829	0.398303	-0.111098	0.992230	0.056012	-0.390737	-0.095433	0.915542
16715	4.149024	0.607158	9.491469	0.020366	-0.012869	0.019248	0.913699	0.079976	0.398445	-0.111309	0.992201	0.056096	-0.390852	-0.095606	0.915475
16716	4.125924	0.619189	9.450056	0.016032	-0.016621	0.017951	0.913609	0.080101	0.398625	-0.111487	0.992179	0.056144	-0.391010	-0.095735	0.915394
16717	4.131727	0.591372	9.468332	0.015915	-0.016961	0.022528	0.913515	0.080276	0.398807	-0.111710	0.992152	0.056175	-0.391167	-0.095867	0.915313
16718	4.084451	0.533901	9.422935	0.007716	-0.023127	0.016474	0.913402	0.080381	0.399045	-0.111842	0.992138	0.056152	-0.391394	-0.095919	0.915211
16719	4.147298	0.562582	9.451681	0.007005	-0.025121	0.014244	0.913284	0.080466	0.399296	-0.111955	0.992127	0.056134	-0.391636	-0.095969	0.915102
16720	4.065635	0.568636	9.415279	0.004929	-0.022557	0.015059	0.913175	0.080557	0.399528	-0.112062	0.992117	0.056092	-0.391860	-0.095993	0.915003
16721	4.094536	0.561611	9.367000	0.005288	-0.027152	0.014595	0.913048	0.080643	0.399799	-0.112172	0.992106	0.056056	-0.392122	-0.096028	0.914887
16722	4.085993	0.510764	9.417444	0.004935	-0.028150	0.013480	0.912919	0.080714	0.400081	-0.112265	0.992098	0.056020	-0.392398	-0.096057	0.914766
16723	4.043005	0.424679	9.391090	0.009040	-0.019472	0.010657	0.912827	0.080768	0.400279	-0.112353	0.992087	0.056035	-0.392586	-0.096123	0.914679
16724	4.162790	0.411996	9.344314	0.020988	-0.027987	0.006454	0.912706	0.080769	0.400556	-0.112445	0.992069	0.056174	-0.392842	-0.096310	0.914549
16725	4.190664	0.506692	9.382108	0.030265	-0.013231	0.002569	0.912648	0.080749	0.400692	-0.112543	0.992044	0.056415	-0.392949	-0.096582	0.914474
16726	4.166859	0.520533	9.340911	0.031102	-0.005313	0.001795	0.912620	0.080726	0.400759	-0.112632	0.992020	0.056665	-0.392986	-0.096851	0.914430
16727	4.143828	0.559866	9.334810	0.063210	-0.004998	-0.012268	0.912611	0.080567	0.400811	-0.112724	0.991975	0.057266	-0.392981	-0.097443	0.914369
16728	4.233981	0.557217	9.423362	0.098093	-0.013831	-0.017570	0.912573	0.080342	0.400944	-0.112899	0.991900	0.058206	-0.393020	-0.098384	0.914251
16729	4.182388	0.661726	9.479546	0.109922	-0.014491	-0.019975	0.912535	0.080097	0.401079	-0.113105	0.991814	0.059266	-0.393049	-0.099446	0.914124
16730	4.147531	0.711274	9.452375	0.073887	-0.009001	-0.013440	0.912511	0.079919	0.401170	-0.113223	0.991758	0.059968	-0.393071	-0.100143	0.914038
16731	4.112014	0.554626	9.342069	0.052884	-0.014570	-0.014489	0.912466	0.079728	0.401308	-0.113254	0.991723	0.060484	-0.393165	-0.100639	0.913944
16732	4.119899	0.762168	9.477957	0.119350	-0.027759	-0.016894	0.912372	0.079496	0.401569	-0.113520	0.991623	0.061615	-0.393307	-0.101802	0.913754
16733	4.083990	0.582492	9.419561	0.101903	-0.048707	-0.018989	0.912199	0.079225	0.402016	-0.113703	0.991541	0.062597	-0.393656	-0.102811	0.913491
16734	4.063382	0.542742	9.536710	0.069453	-0.047039	-0.014945	0.912026	0.078992	0.402453	-0.113791	0.991488	0.063264	-0.394030	-0.103494	0.913252
16735	4.025956	0.414211	9.493999	0.126827	-0.057937	-0.028195	0.911827	0.078620	0.402977	-0.113989	0.991385	0.064511	-0.394434	-0.104758	0.912934
16736	4.073132	0.721987	9.543008	0.126737	-0.086620	-0.026817	0.911511	0.078226	0.403767	-0.114196	0.991280	0.065748	-0.395103	-0.106039	0.912496
16737	4.072612	0.586418	9.417695	0.094607	-0.098150	-0.030648	0.911155	0.077785	0.404656	-0.114246	0.991210	0.066710	-0.395910	-0.107014	0.912033
16738	4.069656	0.803483	9.562067	0.114076	-0.120014	-0.026566	0.910705	0.077356	0.405749	-0.114407	0.991116	0.067831	-0.396897	-0.108194	0.911464
16739	3.995579	0.511058	9.442898	0.065111	-0.133661	-0.025478	0.910200	0.076926	0.406963	-0.114389	0.991071	0.068502	-0.398060	-0.108903	0.910873
16740	4.143795	0.678671	9.511278	0.142906	-0.152968	-0.034070	0.909625	0.076384	0.408348	-0.114599	0.990948	0.069915	-0.399312	-0.110393	0.910145
16741	4.100480	0.607384	9.460284	0.043067	-0.156896	-0.034114	0.909033	0.075840	0.409765	-0.114417	0.990934	0.070422	-0.400709	-0.110900	0.909469
16742	3.871593	0.712403	9.894319	0.079130	-0.180527	-0.061425	0.908374	0.074994	0.411379	-0.114127	0.990900	0.071366	-0.402283	-0.111777	0.908666
16743	4.201255	0.544120	9.530234	0.016165	-0.231332	-0.068763	0.907516	0.074021	0.413444	-0.113523	0.990940	0.071772	-0.404386	-0.112070	0.907696
16744	3.860012	0.656539	9.392544	0.020247	-0.278024	-0.083424	0.906478	0.072846	0.415922	-0.112799	0.990986	0.072275	-0.406908	-0.112431	0.906524
16745	3.698257	1.467161	9.912003	0.103382	-0.382753	-0.028746	0.904943	0.072096	0.419381	-0.112916	0.990897	0.073307	-0.410278	-0.113693	0.904846
16746	3.435866	0.911286	9.945679	0.098882	-0.521367	-0.004413	0.902792	0.071420	0.424105	-0.113235	0.990794	0.074193	-0.414902	-0.115004	0.902569
16747	3.185629	0.994016	10.233838	0.036655	-0.711544	0.022046	0.899789	0.070784	0.430546	-0.113542	0.990743	0.074405	-0.421294	-0.115833	0.899497
16748	2.770138	1.008168	10.541310	-0.033113	-0.984080	0.035831	0.895554	0.069962	0.439418	-0.113673	0.990764	0.073926	-0.430188	-0.116155	0.895235
16749	2.499734	1.254322	10.963140	-0.203316	-1.330465	0.062933	0.889674	0.069015	0.451350	-0.113302	0.990962	0.071808	-0.442315	-0.115025	0.889453
16750	2.103094	1.771464	11.561518	-0.416631	-1.741216	0.125102	0.881688	0.068244	0.466872	-0.112486	0.991357	0.067520	-0.458228	-0.112048	0.881744
16751	1.408187	1.543354	11.540484	-0.699143	-2.259388	0.191814	0.870883	0.067643	0.486814	-0.110844	0.991997	0.060455	-0.478828	-0.106610	0.871411
16752	0.763098	2.023291	11.272772	-0.963313	-2.909652	0.229879	0.856312	0.066901	0.512108	-0.108043	0.992839	0.050958	-0.505032	-0.098965	0.857408
16753	1.687256	1.923611	10.776601	-1.002793	-3.619074	0.185240	0.837256	0.065265	0.542903	-0.104339	0.993677	0.041456	-0.536765	-0.091355	0.838772
16754	2.396692	1.137134	11.314606	-0.880293	-4.168737	0.132215	0.813998	0.062867	0.577455	-0.100503	0.994376	0.033414	-0.572106	-0.085235	0.815739
16755	2.323947	0.220598	11.832070	-0.687044	-4.865324	0.047904	0.785140	0.059259	0.616477	-0.096769	0.994924	0.027607	-0.611711	-0.081331	0.786889
16756	4.730855	-1.365381	11.908983	-0.508438	-5.426849	-0.096347	0.750876	0.053911	0.658239	-0.092764	0.995392	0.024294	-0.653896	-0.079303	0.752417
16757	7.046204	-1.576443	13.558851	-0.238517	-5.874456	-0.259141	0.711410	0.046623	0.701229	-0.089207	0.995717	0.024300	-0.697092	-0.079841	0.712522
16758	11.476629	-2.844366	15.741442	0.025886	-5.881822	-0.310286	0.669470	0.038726	0.741829	-0.087203	0.995832	0.026710	-0.737703	-0.082571	0.670057
16759	12.584910	-2.896358	15.518159	0.324663	-5.689027	-0.333062	0.626730	0.030531	0.778638	-0.087447	0.995676	0.031345	-0.774314	-0.087735	0.626690
16760	12.210972	-1.619205	14.511649	0.511300	-5.491688	-0.323505	0.583576	0.022285	0.811752	-0.089486	0.995300	0.037008	-0.807113	-0.094237	0.582828
16761	10.820144	-1.803498	13.906565	0.274494	-5.224500	-0.375090	0.540962	0.013499	0.840939	-0.089581	0.995108	0.041652	-0.836263	-0.097864	0.539525
16762	7.848506	-1.793788	12.539441	0.186605	-4.806146	-0.478254	0.500587	0.003956	0.865677	-0.088628	0.994969	0.046703	-0.861138	-0.100102	0.498419
16763	3.719976	-1.844191	9.792152	0.217106	-4.461244	-0.638153	0.462237	-0.006939	0.886729	-0.087397	0.994744	0.053343	-0.882439	-0.102154	0.459201
16764	-0.442819	-1.627703	6.657868	0.460871	-4.285594	-0.817621	0.424729	-0.019559	0.905109	-0.087837	0.994160	0.062701	-0.901049	-0.106133	0.420531
16765	1.536345	-1.741513	6.918658	0.498620	-3.956666	-0.781753	0.389442	-0.031639	0.920508	-0.089136	0.993424	0.071856	-0.916728	-0.110034	0.384061
16766	18.709943	-4.919228	19.155849	0.335670	-1.923127	-0.255178	0.371975	-0.036338	0.927531	-0.091212	0.992967	0.075480	-0.923751	-0.112678	0.366044
16767	9.189935	-5.729470	17.774009	0.667208	0.666206	0.132696	0.377980	-0.034280	0.925179	-0.097812	0.992243	0.076726	-0.920632	-0.119495	0.371695
16768	-2.033978	-7.265843	8.414627	1.413270	1.882321	0.365893	0.394849	-0.028285	0.918310	-0.112135	0.990569	0.078726	-0.911877	-0.134060	0.387954
16769	-7.067756	-2.215708	3.786330	1.890986	1.687399	0.557476	0.409470	-0.020379	0.912096	-0.131486	0.987995	0.081104	-0.902799	-0.153137	0.401874
16770	-5.005903	1.511809	4.207176	1.584154	1.325652	0.725105	0.420381	-0.011106	0.907280	-0.148696	0.985563	0.080961	-0.895081	-0.168943	0.412661
16771	-2.338645	1.122347	6.360156	0.923320	1.257249	0.812333	0.430326	-0.000958	0.902673	-0.160335	0.984017	0.077480	-0.888320	-0.178071	0.423295
16772	0.161982	-1.044631	7.834818	0.520990	1.593566	0.876560	0.442991	0.010525	0.896464	-0.168733	0.983040	0.071838	-0.880505	-0.183086	0.437254
16773	1.004028	-1.904481	8.305677	0.641590	2.163718	0.888197	0.460375	0.023243	0.887420	-0.178309	0.981705	0.066790	-0.869632	-0.188984	0.456097
16774	0.611181	-1.053449	7.997526	0.786443	2.645445	0.849439	0.481653	0.036653	0.875595	-0.189060	0.979944	0.062979	-0.855726	-0.195874	0.478923
16775	0.714958	0.169229	7.938865	0.730561	2.950711	0.816337	0.505076	0.050478	0.861597	-0.199231	0.978145	0.059485	-0.839765	-0.201701	0.504095
16776	2.128412	0.345797	8.346417	0.547252	3.196374	0.758507	0.530113	0.064384	0.845479	-0.207671	0.976604	0.055840	-0.822103	-0.205183	0.531081
16777	3.804893	-0.135785	9.234141	0.386536	3.470987	0.689300	0.556847	0.078223	0.826923	-0.214507	0.975327	0.052187	-0.802439	-0.206442	0.559887
16778	5.106032	-0.787076	9.710852	0.339513	3.754721	0.637993	0.585194	0.092186	0.805636	-0.220806	0.974090	0.048926	-0.780252	-0.206520	0.590387
16779	5.872193	-0.991455	10.002240	0.372843	3.984863	0.630492	0.614378	0.106514	0.781789	-0.227401	0.972706	0.046180	-0.755532	-0.206152	0.621830
16780	6.559063	-0.719761	10.260881	0.396452	4.119432	0.664138	0.643439	0.121438	0.755804	-0.234490	0.971141	0.043592	-0.728698	-0.205277	0.653346
16781	7.423283	-0.275715	10.625353	0.331859	4.173493	0.684424	0.671634	0.136569	0.728188	-0.241313	0.969592	0.040727	-0.700483	-0.203075	0.684167
16782	8.150973	-0.023670	10.869716	0.260633	4.218014	0.643552	0.699007	0.151291	0.698928	-0.247482	0.968149	0.037943	-0.670926	-0.199494	0.714185
16783	8.733449	-0.087329	10.960211	0.144830	4.224881	0.552268	0.725331	0.164919	0.668354	-0.252316	0.967004	0.035213	-0.640494	-0.194177	0.743009
16784	9.181793	-0.574588	11.029150	0.053427	4.202155	0.469970	0.750418	0.177477	0.636691	-0.256090	0.966105	0.032531	-0.609337	-0.187462	0.770433
16785	9.369674	-1.138912	11.032351	-0.003637	4.129266	0.455775	0.773756	0.189430	0.604498	-0.259494	0.965289	0.029661	-0.577897	-0.179814	0.796054
16786	9.489057	-1.473376	11.059399	-0.043827	4.029645	0.501875	0.795116	0.201347	0.572057	-0.263157	0.964394	0.026331	-0.546387	-0.171477	0.819791
16787	9.398597	-1.560434	11.058264	-0.076374	3.926167	0.579130	0.814418	0.213455	0.539593	-0.267366	0.963333	0.022460	-0.515013	-0.162560	0.841627
16788	9.335256	-1.402478	11.243379	-0.155131	3.813844	0.647735	0.831739	0.225698	0.507218	-0.271895	0.962164	0.017720	-0.484027	-0.152649	0.861636
16789	9.187001	-1.154049	11.288959	-0.249257	3.710423	0.692864	0.847237	0.237788	0.475023	-0.276499	0.960938	0.012125	-0.453584	-0.141616	0.879890
