// General information: 
//  MT Manager version: 2022.2.0 
//  XDA version: 2022.2.0 build 7381 rev 124627 built on 2023-07-19
// Device information: 
//  DeviceId: 00B4CAF0
//  ProductCode: MTW2-3A7G6
//  Firmware Version: 4.6.0
//  Hardware Version: 2.0.0
// Device settings: 
//  Filter Profile: human(46.1)
//  Option Flags: Orientation Smoother Disabled, Position/Velocity Smoother Disabled, Continuous Zero Rotation Update Disabled, AHS Disabled, ICC Disabled
// Coordinate system: ENU
PacketCounter	Acc_X	Acc_Y	Acc_Z	Gyr_X	Gyr_Y	Gyr_Z	Mat[1][1]	Mat[2][1]	Mat[3][1]	Mat[1][2]	Mat[2][2]	Mat[3][2]	Mat[1][3]	Mat[2][3]	Mat[3][3]
23082	4.923437	-0.036826	9.080238	0.042878	-0.008857	-0.010904	-0.380884	0.794136	0.473578	-0.908240	-0.417326	-0.030660	0.173288	-0.441800	0.880218
23083	4.982858	-0.210326	9.050766	-0.008652	0.012655	-0.000385	-0.380855	0.794206	0.473483	-0.908284	-0.417222	-0.030761	0.173117	-0.441772	0.880266
23084	4.872576	-0.231970	9.063086	0.014066	0.014327	-0.005699	-0.380800	0.794296	0.473376	-0.908299	-0.417198	-0.030635	0.173158	-0.441632	0.880328
23085	4.841290	-0.391235	9.045192	-0.003833	0.019156	-0.003471	-0.380814	0.794379	0.473226	-0.908316	-0.417159	-0.030677	0.173041	-0.441521	0.880407
23086	4.710762	-0.482322	9.045202	0.005211	0.011676	-0.006642	-0.380746	0.794461	0.473142	-0.908350	-0.417088	-0.030625	0.173011	-0.441439	0.880454
23087	4.680946	-0.465120	9.053341	0.021027	-0.007715	-0.004048	-0.380696	0.794434	0.473229	-0.908332	-0.417141	-0.030446	0.173216	-0.441440	0.880413
23088	4.738980	-0.366589	8.998077	0.021881	-0.022689	-0.002062	-0.380610	0.794345	0.473447	-0.908320	-0.417180	-0.030269	0.173469	-0.441562	0.880302
23089	4.685631	-0.253505	9.091135	0.019363	-0.038654	0.001997	-0.380572	0.794150	0.473805	-0.908276	-0.417285	-0.030132	0.173782	-0.441813	0.880114
23090	5.026707	-0.494884	9.033625	0.007349	-0.024523	-0.007028	-0.380437	0.794074	0.474040	-0.908308	-0.417221	-0.030059	0.173910	-0.442010	0.879990
23091	4.911707	-0.334171	9.103789	0.027789	-0.027272	-0.003402	-0.380291	0.793990	0.474298	-0.908310	-0.417232	-0.029821	0.174214	-0.442150	0.879859
23092	4.882274	-0.443674	9.058393	0.014430	-0.013594	-0.019051	-0.380067	0.794012	0.474440	-0.908376	-0.417104	-0.029629	0.174365	-0.442231	0.879789
23093	4.922005	-0.316349	9.029785	0.064251	-0.029148	-0.018033	-0.379801	0.793973	0.474718	-0.908362	-0.417178	-0.029004	0.175014	-0.442232	0.879660
23094	4.925909	-0.327269	9.068012	0.026979	-0.011127	-0.022473	-0.379550	0.794021	0.474840	-0.908418	-0.417079	-0.028685	0.175269	-0.442240	0.879605
23095	4.758147	-0.377235	9.069116	0.046595	-0.017971	-0.026750	-0.379279	0.794041	0.475023	-0.908439	-0.417068	-0.028174	0.175745	-0.442215	0.879522
23096	4.858563	-0.360593	9.037200	0.039417	-0.029018	-0.028476	-0.378942	0.794034	0.475303	-0.908495	-0.416975	-0.027717	0.176181	-0.442314	0.879385
23097	4.822280	-0.398856	9.050992	0.031380	-0.025101	-0.032211	-0.378576	0.794061	0.475550	-0.908580	-0.416817	-0.027312	0.176531	-0.442415	0.879264
23098	4.814519	-0.373818	9.043710	0.018294	-0.031569	-0.032594	-0.378196	0.794060	0.475854	-0.908689	-0.416599	-0.027021	0.176784	-0.442622	0.879109
23099	4.879656	-0.386206	9.078174	0.014584	-0.039031	-0.033323	-0.377831	0.794012	0.476223	-0.908789	-0.416397	-0.026761	0.177050	-0.442897	0.878917
23100	4.872737	-0.362398	9.070361	0.006404	-0.036409	-0.033742	-0.377432	0.793994	0.476569	-0.908923	-0.416117	-0.026569	0.177213	-0.443192	0.878735
23101	4.882802	-0.141045	9.035341	0.022174	-0.044326	-0.030330	-0.377066	0.793920	0.476983	-0.909008	-0.415952	-0.026255	0.177557	-0.443481	0.878520
23102	4.959675	-0.111339	9.101436	-0.000038	-0.038279	-0.025503	-0.376738	0.793859	0.477343	-0.909122	-0.415708	-0.026159	0.177669	-0.443818	0.878327
23103	5.009083	-0.136619	9.025517	-0.007109	-0.028974	-0.024657	-0.376424	0.793841	0.477621	-0.909251	-0.415428	-0.026129	0.177675	-0.444113	0.878177
23104	5.042245	-0.054757	9.055221	0.018861	-0.023644	-0.019321	-0.376178	0.793819	0.477851	-0.909308	-0.415318	-0.025896	0.177903	-0.444255	0.878059
23105	4.993606	-0.171200	9.024357	-0.010948	-0.012307	-0.017469	-0.375961	0.793844	0.477979	-0.909415	-0.415080	-0.025935	0.177812	-0.444432	0.877988
23106	4.878863	-0.091685	9.108003	0.010020	-0.018659	-0.015146	-0.375762	0.793827	0.478164	-0.909472	-0.414964	-0.025799	0.177941	-0.444572	0.877891
23107	4.923350	-0.341309	8.942203	-0.017245	0.004864	-0.013064	-0.375654	0.793892	0.478142	-0.909555	-0.414775	-0.025915	0.177748	-0.444631	0.877900
23108	4.942605	-0.190885	8.940656	0.028064	-0.024601	-0.009990	-0.375491	0.793827	0.478377	-0.909560	-0.414780	-0.025646	0.178063	-0.444743	0.877780
23109	4.931560	-0.179907	9.097672	-0.028050	0.007991	-0.006573	-0.375456	0.793875	0.478326	-0.909633	-0.414606	-0.025887	0.177765	-0.444820	0.877801
23110	4.908595	-0.297650	9.020652	0.014793	-0.003196	-0.006788	-0.375361	0.793892	0.478373	-0.909650	-0.414577	-0.025750	0.177880	-0.444817	0.877779
23111	4.941016	-0.264727	9.077834	-0.008866	0.007435	-0.006528	-0.375243	0.793976	0.478325	-0.909731	-0.414395	-0.025821	0.177714	-0.444836	0.877803
23112	4.936123	-0.264016	8.986692	0.018349	-0.004667	-0.007845	-0.375136	0.793990	0.478385	-0.909745	-0.414374	-0.025647	0.177867	-0.444830	0.877775
23113	4.948852	-0.300337	9.031829	-0.006842	0.005520	-0.004512	-0.375049	0.794050	0.478354	-0.909807	-0.414234	-0.025711	0.177735	-0.444853	0.877791
23114	4.997652	-0.309484	9.009737	0.024466	-0.004055	-0.003069	-0.374985	0.794048	0.478408	-0.909793	-0.414278	-0.025506	0.177941	-0.444816	0.877767
23115	4.960210	-0.254354	9.063877	0.023172	-0.000617	-0.000251	-0.374935	0.794059	0.478430	-0.909781	-0.414316	-0.025326	0.178111	-0.444762	0.877761
23116	4.937193	-0.193606	9.012665	0.032606	-0.005354	0.003728	-0.374931	0.794022	0.478493	-0.909726	-0.414450	-0.025083	0.178395	-0.444702	0.877733
23117	4.927443	-0.106043	9.032628	0.026164	0.002875	0.006344	-0.375000	0.793995	0.478483	-0.909656	-0.414615	-0.024910	0.178608	-0.444596	0.877743
23118	4.947817	-0.147231	9.045056	0.009586	0.011861	0.010849	-0.375092	0.794006	0.478393	-0.909616	-0.414703	-0.024903	0.178618	-0.444495	0.877792
23119	4.905496	-0.174051	9.021902	0.009295	0.019399	0.011868	-0.375188	0.794056	0.478236	-0.909583	-0.414775	-0.024904	0.178586	-0.444339	0.877878
23120	4.971945	-0.146857	8.999725	0.003246	0.022685	0.016518	-0.375350	0.794091	0.478050	-0.909533	-0.414880	-0.024979	0.178498	-0.444178	0.877977
23121	4.919573	-0.233586	8.984239	-0.004590	0.031763	0.018891	-0.375549	0.794158	0.477783	-0.909490	-0.414966	-0.025135	0.178302	-0.443978	0.878118
23122	4.858720	-0.283423	9.015039	-0.004159	0.033173	0.019654	-0.375759	0.794226	0.477504	-0.909441	-0.415063	-0.025291	0.178108	-0.443765	0.878266
23123	4.907305	-0.278772	9.046533	-0.001611	0.027603	0.020398	-0.375970	0.794265	0.477273	-0.909383	-0.415182	-0.025428	0.177958	-0.443584	0.878387
23124	4.921844	-0.257901	8.994697	0.011749	0.026555	0.019760	-0.376169	0.794304	0.477051	-0.909306	-0.415350	-0.025444	0.177933	-0.443357	0.878507
23125	4.890669	-0.114968	9.056203	-0.000885	0.036798	0.030336	-0.376437	0.794366	0.476736	-0.909235	-0.415494	-0.025622	0.177728	-0.443110	0.878673
23126	4.875226	-0.192398	9.013257	-0.022421	0.048130	0.035647	-0.376818	0.794434	0.476321	-0.909158	-0.415637	-0.026014	0.177311	-0.442854	0.878886
23127	4.802497	-0.223588	9.038520	-0.025599	0.044668	0.038746	-0.377178	0.794495	0.475935	-0.909098	-0.415742	-0.026447	0.176854	-0.442647	0.879083
23128	4.799123	-0.340817	9.040773	-0.050077	0.048765	0.041792	-0.377616	0.794540	0.475512	-0.909047	-0.415811	-0.027111	0.176183	-0.442500	0.879291
23129	4.724983	-0.325916	9.039531	-0.034224	0.035779	0.043182	-0.378056	0.794516	0.475203	-0.908955	-0.415977	-0.027642	0.175711	-0.442388	0.879442
23130	4.885076	-0.287437	9.111199	-0.040245	0.019999	0.041956	-0.378445	0.794433	0.475033	-0.908885	-0.416091	-0.028221	0.175238	-0.442430	0.879516
23131	4.830624	-0.508183	9.043037	-0.072324	0.037098	0.047130	-0.378887	0.794415	0.474710	-0.908862	-0.416079	-0.029104	0.174396	-0.442473	0.879661
23132	4.868465	-0.407722	9.054913	-0.019070	-0.000287	0.044558	-0.379263	0.794232	0.474716	-0.908745	-0.416308	-0.029509	0.174191	-0.442588	0.879644
23133	4.900343	-0.380760	9.112270	-0.048835	0.009822	0.040009	-0.379615	0.794112	0.474635	-0.908696	-0.416368	-0.030153	0.173678	-0.442745	0.879666
23134	4.823496	-0.317771	8.992085	-0.036973	0.004543	0.046787	-0.380020	0.793940	0.474598	-0.908600	-0.416535	-0.030726	0.173292	-0.442896	0.879666
23135	4.986004	0.122572	9.089092	0.036717	-0.020326	0.058053	-0.380497	0.793606	0.474776	-0.908327	-0.417132	-0.030704	0.173677	-0.442935	0.879571
23136	4.909203	-0.241572	9.145098	-0.113039	0.050657	0.072636	-0.381217	0.793530	0.474325	-0.908264	-0.417167	-0.032068	0.172425	-0.443037	0.879766
23137	4.722525	-0.284073	9.050398	-0.023062	0.002681	0.085232	-0.381965	0.793190	0.474290	-0.907997	-0.417698	-0.032701	0.172172	-0.443145	0.879761
23138	4.939160	0.112261	9.203821	0.047726	-0.029383	0.107995	-0.382867	0.792612	0.474531	-0.907520	-0.418725	-0.032819	0.172685	-0.443211	0.879627
23139	4.890057	0.165792	9.199312	-0.025608	0.008776	0.135643	-0.384124	0.792066	0.474426	-0.907041	-0.419690	-0.033713	0.172409	-0.443274	0.879650
23140	4.569421	-0.364878	9.200815	-0.119546	0.029447	0.157100	-0.385571	0.791540	0.474130	-0.906660	-0.420363	-0.035535	0.171180	-0.443576	0.879737
23141	4.542740	-0.545110	9.056900	-0.054854	-0.050155	0.179313	-0.387090	0.790562	0.474525	-0.906074	-0.421507	-0.036890	0.170852	-0.444234	0.879469
23142	4.451603	-0.308467	9.314129	-0.038354	-0.088119	0.202144	-0.388743	0.789319	0.475241	-0.905374	-0.422893	-0.038212	0.170815	-0.445125	0.879026
23143	4.129363	-0.169724	9.633130	-0.107283	-0.143588	0.204885	-0.390280	0.787837	0.476439	-0.904800	-0.423940	-0.040152	0.170348	-0.446753	0.878290
23144	3.852075	-1.473206	10.536530	-0.820686	-0.137541	0.033694	-0.390328	0.787080	0.477649	-0.906056	-0.420479	-0.047542	0.163423	-0.451334	0.877263
23145	2.862283	-2.133512	9.992090	-0.462786	-0.444405	0.015700	-0.389652	0.785035	0.481552	-0.906799	-0.418381	-0.051692	0.160892	-0.456813	0.874892
23146	2.102792	-0.628178	11.773247	-0.253679	-0.788859	0.057350	-0.388872	0.781165	0.488425	-0.907003	-0.417621	-0.054209	0.161631	-0.464084	0.870920
23147	3.880373	2.445761	12.173217	-0.221576	-1.370637	0.163558	-0.388095	0.774043	0.500240	-0.906744	-0.417815	-0.056964	0.164915	-0.475698	0.864011
23148	3.924477	3.362947	13.413547	-1.127473	-1.421721	0.354658	-0.388973	0.765693	0.512264	-0.907217	-0.415052	-0.068480	0.160181	-0.491371	0.856094
23149	4.100218	2.673369	12.324497	-1.442788	-1.789811	0.559827	-0.391203	0.754418	0.527081	-0.907324	-0.412019	-0.083693	0.154027	-0.510974	0.845684
23150	4.959916	3.478145	13.412748	-1.371262	-2.325277	0.778867	-0.394696	0.739065	0.545892	-0.906369	-0.410627	-0.099397	0.150697	-0.534011	0.831939
23151	5.998418	2.769042	13.304476	-1.784310	-2.614803	0.934919	-0.399276	0.720932	0.566424	-0.905310	-0.407648	-0.119313	0.144885	-0.560429	0.815431
23152	6.574932	2.721976	12.798671	-1.714057	-2.905698	1.148436	-0.405480	0.699572	0.588375	-0.903157	-0.405918	-0.139780	0.141046	-0.588073	0.796415
23153	6.441343	2.131213	11.281007	-2.190099	-2.977621	1.362900	-0.412250	0.676982	0.609709	-0.901434	-0.400168	-0.165176	0.132164	-0.617706	0.775224
23154	7.689855	2.258489	11.667042	-1.947018	-3.194888	1.489127	-0.421465	0.650839	0.631487	-0.897775	-0.397699	-0.189304	0.127935	-0.646718	0.751923
23155	6.835303	1.964073	10.841146	-2.674299	-2.861422	1.526120	-0.430066	0.626988	0.649561	-0.895513	-0.387488	-0.218885	0.114459	-0.675825	0.728121
23156	5.805620	-0.299953	8.570233	-3.033663	-2.688899	1.486597	-0.440460	0.602759	0.665340	-0.892296	-0.375651	-0.250389	0.099011	-0.703966	0.703298
23157	5.002056	-0.367297	7.713692	-2.571896	-2.716601	1.456171	-0.449126	0.579240	0.680270	-0.889319	-0.363109	-0.277962	0.086006	-0.729817	0.678211
23158	3.998162	0.694228	7.725023	-2.566198	-2.586571	1.383169	-0.459292	0.555102	0.693479	-0.885118	-0.351870	-0.304556	0.074955	-0.753690	0.652942
23159	3.073073	1.386071	8.843330	-2.426887	-2.322803	0.756116	-0.462869	0.536021	0.705998	-0.884251	-0.334978	-0.325407	0.062069	-0.774901	0.629028
23160	10.756366	1.494772	12.426049	-1.135900	-1.972781	-0.761426	-0.454880	0.523089	0.720737	-0.888459	-0.322014	-0.327027	0.061023	-0.789104	0.611221
23161	3.323066	7.069468	13.003094	-1.083456	-0.259426	-1.786976	-0.437010	0.528087	0.728111	-0.898074	-0.301051	-0.320674	0.049855	-0.794036	0.605823
23162	-1.830207	5.678336	9.598965	-1.896701	0.314556	-2.244858	-0.416834	0.537038	0.733375	-0.908442	-0.273948	-0.315731	0.031347	-0.797836	0.602059
23163	-2.710495	2.724925	9.067289	-1.760438	0.302275	-2.372917	-0.393488	0.546882	0.738977	-0.919258	-0.244111	-0.308828	0.011500	-0.800830	0.598781
23164	-0.899853	-0.430827	10.005526	-1.328444	0.507054	-2.318988	-0.372062	0.556324	0.743016	-0.928204	-0.220627	-0.299602	-0.002746	-0.801141	0.598469
23165	0.089747	-1.885359	10.754087	-0.680231	0.928605	-2.082132	-0.351348	0.568922	0.743561	-0.936138	-0.201450	-0.288208	-0.014178	-0.797337	0.603368
23166	0.178208	-2.484524	11.000679	-0.219133	1.439040	-1.657621	-0.335502	0.583576	0.739512	-0.941801	-0.190108	-0.277255	-0.021212	-0.789492	0.613394
23167	0.059468	-3.394891	10.735132	0.039712	1.911275	-1.101845	-0.323276	0.601352	0.730663	-0.945863	-0.181749	-0.268906	-0.028910	-0.778038	0.627552
23168	0.310546	-4.475586	10.329671	0.502535	2.219357	-0.524316	-0.317618	0.619405	0.717953	-0.947702	-0.182371	-0.261919	-0.031300	-0.763595	0.644936
23169	0.930445	-4.273304	10.244923	1.327114	2.372445	-0.041258	-0.315547	0.637886	0.702518	-0.948514	-0.190649	-0.252931	-0.027407	-0.746160	0.665203
23170	2.038810	-2.931050	10.798521	1.823093	2.571245	0.288529	-0.317670	0.656233	0.684430	-0.948025	-0.205886	-0.242610	-0.018295	-0.725927	0.687529
23171	2.743215	-1.987910	10.772641	2.014030	2.820899	0.436928	-0.320487	0.675901	0.663661	-0.947208	-0.221853	-0.231470	-0.009215	-0.702808	0.711320
23172	2.993311	-1.187972	10.461965	2.154937	2.974820	0.412913	-0.324256	0.695474	0.641228	-0.945968	-0.239509	-0.218586	0.001559	-0.677459	0.735559
23173	2.669148	-0.447609	9.917685	2.131980	2.981244	0.240269	-0.325585	0.715213	0.618437	-0.945449	-0.253850	-0.204171	0.010964	-0.651176	0.758847
23174	2.445031	0.153747	9.558579	2.039885	2.783266	-0.008615	-0.325923	0.733003	0.597060	-0.945160	-0.266765	-0.188441	0.021147	-0.625735	0.779749
23175	2.647901	0.474344	9.812204	1.852725	2.444768	-0.284039	-0.323862	0.748793	0.578292	-0.945606	-0.276023	-0.172166	0.030706	-0.602594	0.797457
23176	4.956919	-0.554246	10.830441	1.682748	2.084088	-0.568172	-0.319195	0.762721	0.562469	-0.946849	-0.281651	-0.155401	0.039893	-0.582177	0.812083
23177	8.324478	-1.657343	11.957788	1.877490	1.977870	-0.862422	-0.311915	0.776484	0.547522	-0.948717	-0.285736	-0.135245	0.051432	-0.561629	0.825789
23178	10.026399	-1.394156	12.721689	2.013361	2.174323	-1.108758	-0.302608	0.791628	0.530804	-0.950975	-0.288075	-0.112517	0.063840	-0.538830	0.839992
23179	10.202938	-0.783069	12.690317	1.893205	2.425303	-1.229192	-0.292575	0.807943	0.511495	-0.953326	-0.288195	-0.090077	0.074633	-0.513976	0.854552
23180	9.747290	-0.680100	12.005229	1.696790	2.542233	-1.220553	-0.282907	0.824193	0.490581	-0.955508	-0.286694	-0.069364	0.083477	-0.488378	0.868630
23181	9.517145	-0.800987	11.388417	1.490982	2.530620	-1.142150	-0.274177	0.839498	0.469115	-0.957395	-0.284270	-0.050845	0.090671	-0.463069	0.881672
23182	9.672109	-1.323927	11.270477	1.276880	2.468795	-1.048083	-0.266412	0.853592	0.447667	-0.959047	-0.281111	-0.034731	0.096197	-0.438586	0.893526
23183	11.251365	-2.470046	11.899172	1.226150	2.394952	-0.979305	-0.259374	0.866551	0.426398	-0.960413	-0.277902	-0.019442	0.101649	-0.414560	0.904327
23184	14.568129	-4.076191	12.582367	1.422098	2.551043	-0.999684	-0.252422	0.879556	0.403315	-0.961487	-0.274842	-0.002385	0.108750	-0.388384	0.915058
23185	14.073465	-5.321213	10.486118	1.249431	3.157321	-1.032419	-0.245978	0.894143	0.374169	-0.962680	-0.270324	0.013123	0.112881	-0.356977	0.927268
23186	9.916410	-5.643311	7.606880	0.943186	3.357029	-0.691779	-0.243091	0.907439	0.342726	-0.963315	-0.267265	0.024375	0.113717	-0.324227	0.939119
23187	7.623983	-6.068572	5.596542	1.011287	2.838042	-0.157987	-0.244826	0.916663	0.315894	-0.962542	-0.268940	0.034417	0.116505	-0.295635	0.948170
23188	8.013019	-4.954396	5.479275	1.225876	1.917785	0.281312	-0.249803	0.921369	0.297787	-0.960387	-0.274983	0.045178	0.123512	-0.274705	0.953563
23189	11.559217	-5.202681	2.802237	0.901869	1.821805	0.548029	-0.257333	0.924675	0.280636	-0.957873	-0.282411	0.052189	0.127513	-0.255384	0.958394
23190	11.205922	-3.808245	2.017383	0.982558	1.474052	0.672308	-0.265654	0.926394	0.266876	-0.954848	-0.291026	0.059749	0.133019	-0.238953	0.961877
23191	9.185987	-2.181319	-0.181932	0.739898	1.125189	0.621169	-0.273080	0.927185	0.256429	-0.952184	-0.298481	0.065222	0.137012	-0.226357	0.964360
23192	9.924479	-2.764678	-2.288973	0.237109	0.357710	0.355305	-0.276924	0.926924	0.253229	-0.950894	-0.302272	0.066569	0.138248	-0.222359	0.965113
23193	10.924351	-1.374752	-1.410708	0.243290	-0.468527	-0.087022	-0.275422	0.926141	0.257694	-0.950804	-0.301985	0.069109	0.141825	-0.225983	0.963752
23194	12.781689	-1.281173	-1.441966	-0.805332	-0.953874	-0.510240	-0.269206	0.925459	0.266558	-0.953329	-0.295360	0.062658	0.136718	-0.237249	0.961780
23195	12.363532	-5.367932	-2.534252	-2.360005	-1.194568	-0.684117	-0.261128	0.924500	0.277689	-0.958151	-0.283193	0.041816	0.117298	-0.255148	0.959761
23196	5.958203	-9.848193	-1.350499	-2.157350	-1.314861	-0.459806	-0.255257	0.922308	0.290158	-0.961694	-0.273209	0.022414	0.099946	-0.273322	0.956716
23197	-2.580329	-6.423662	12.440984	-0.120049	-2.191878	-0.339367	-0.249728	0.917016	0.310996	-0.962683	-0.269713	0.022259	0.104291	-0.293832	0.950151
23198	1.495760	1.016631	12.816934	1.247209	-2.574318	0.375852	-0.250391	0.908167	0.335466	-0.960340	-0.276895	0.032809	0.122685	-0.313946	0.941481
23199	0.123734	3.975575	12.507590	-1.704753	-1.939706	1.212043	-0.259731	0.898474	0.353956	-0.959253	-0.282267	0.012604	0.111234	-0.336260	0.935177
23200	6.448981	-3.593874	8.301878	-2.652754	-2.166515	1.073778	-0.267807	0.887865	0.374132	-0.959121	-0.282541	-0.016041	0.091465	-0.363134	0.927237
23201	8.916421	-1.582180	9.646694	0.347561	-2.595897	0.283289	-0.267991	0.877349	0.398044	-0.958037	-0.286305	-0.013957	0.101717	-0.385082	0.917260
23202	11.437970	0.126180	15.614847	0.311354	-2.631662	-0.256485	-0.262697	0.867657	0.422092	-0.958397	-0.285259	-0.010094	0.111647	-0.407183	0.906497
23203	15.461272	-7.424706	14.048802	-1.078208	-1.394033	-0.273971	-0.258533	0.862648	0.434740	-0.960290	-0.278378	-0.018688	0.104901	-0.422308	0.900362
23204	6.970625	-6.157600	9.168790	-0.157169	-0.927329	-0.088666	-0.256676	0.858939	0.443104	-0.960696	-0.276902	-0.019737	0.105743	-0.430755	0.896253
23205	5.260526	1.605364	9.177216	1.923057	-1.785337	-0.112872	-0.253471	0.851476	0.459064	-0.958741	-0.284273	-0.002094	0.128717	-0.440655	0.888400
23206	7.767718	5.088576	12.431786	0.697083	-1.532972	-0.080957	-0.250612	0.844867	0.472644	-0.958024	-0.286654	0.004425	0.139224	-0.451696	0.881242
23207	7.231800	1.161693	9.191762	-1.212593	-0.663008	-0.027132	-0.249434	0.841919	0.478492	-0.959732	-0.280850	-0.006137	0.129218	-0.460755	0.878070
23208	5.207587	0.440485	7.527069	-0.221598	-0.853018	0.016562	-0.248462	0.837908	0.485980	-0.959990	-0.279916	-0.008183	0.129177	-0.468569	0.873932
23209	12.248342	-2.768113	13.006821	-0.164658	-1.132980	0.004860	-0.247010	0.832528	0.495866	-0.960203	-0.279134	-0.009665	0.130367	-0.478519	0.868345
23210	5.364649	-1.214053	8.024404	-0.446833	0.891045	-0.160565	-0.246571	0.837209	0.488144	-0.961180	-0.275625	-0.012789	0.123838	-0.472347	0.872670
23211	4.238459	-1.685359	8.628927	-0.411790	-0.378328	-0.065792	-0.245446	0.835593	0.491468	-0.961858	-0.273077	-0.016080	0.120772	-0.476669	0.870747
23212	5.099467	-0.513355	9.249864	0.507138	-0.124677	-0.092408	-0.244375	0.835251	0.492583	-0.961471	-0.274678	-0.011235	0.125917	-0.476349	0.870193
23213	5.668239	0.317194	9.117168	0.056750	-0.162586	-0.090867	-0.243266	0.834723	0.494023	-0.961633	-0.274145	-0.010318	0.126822	-0.477579	0.869387
23214	5.197362	0.205519	8.930695	-0.056222	-0.043240	-0.074208	-0.242469	0.834718	0.494423	-0.961897	-0.273213	-0.010464	0.126349	-0.478121	0.869158
23215	5.184950	0.015756	8.922737	-0.020274	-0.046610	-0.062393	-0.241780	0.834664	0.494852	-0.962086	-0.272551	-0.010356	0.126229	-0.478593	0.868916
23216	5.281145	0.026676	8.960038	-0.021237	-0.048722	-0.052229	-0.241187	0.834572	0.495297	-0.962251	-0.271969	-0.010306	0.126105	-0.479085	0.868663
23217	5.197451	-0.000020	8.956530	-0.026853	-0.030459	-0.044314	-0.240693	0.834545	0.495583	-0.962404	-0.271427	-0.010344	0.125882	-0.479440	0.868499
23218	5.170970	-0.170065	8.944348	-0.024133	-0.026058	-0.035643	-0.240288	0.834515	0.495829	-0.962532	-0.270969	-0.010401	0.125675	-0.479751	0.868358
23219	5.136851	-0.049600	8.923513	-0.000386	-0.037202	-0.031826	-0.239905	0.834421	0.496172	-0.962621	-0.270658	-0.010270	0.125723	-0.480090	0.868163
23220	5.210790	0.030292	8.932792	0.001285	-0.026752	-0.022779	-0.239623	0.834353	0.496423	-0.962686	-0.270430	-0.010170	0.125762	-0.480337	0.868021
23221	5.159598	-0.039716	8.906783	-0.023435	-0.012423	-0.019812	-0.239388	0.834345	0.496550	-0.962775	-0.270107	-0.010299	0.125529	-0.480532	0.867947
23222	5.045056	-0.133404	8.956860	-0.028141	-0.009011	-0.018123	-0.239173	0.834349	0.496647	-0.962866	-0.269777	-0.010477	0.125242	-0.480710	0.867890
23223	5.008285	-0.210505	8.988670	-0.011065	-0.022238	-0.019606	-0.238927	0.834293	0.496859	-0.962939	-0.269515	-0.010500	0.125151	-0.480953	0.867768
23224	5.128510	-0.057641	8.931965	0.008594	-0.039850	-0.018271	-0.238672	0.834149	0.497223	-0.962984	-0.269360	-0.010358	0.125292	-0.481290	0.867561
23225	5.055436	-0.163451	8.938312	-0.006756	-0.027031	-0.022038	-0.238396	0.834077	0.497476	-0.963057	-0.269100	-0.010331	0.125253	-0.481561	0.867416
23226	5.057791	-0.312982	8.931058	0.001584	-0.040871	-0.021286	-0.238111	0.833936	0.497850	-0.963118	-0.268885	-0.010236	0.125329	-0.481925	0.867203
23227	5.039964	-0.196917	8.967101	0.028496	-0.060946	-0.022198	-0.237791	0.833700	0.498397	-0.963147	-0.268793	-0.009902	0.125710	-0.482384	0.866892
23228	5.102208	-0.107548	8.916892	0.047286	-0.074557	-0.028935	-0.237390	0.833416	0.499062	-0.963168	-0.268736	-0.009372	0.126305	-0.482906	0.866515
23229	5.150169	-0.011070	8.808522	0.051385	-0.077258	-0.022897	-0.237042	0.833103	0.499751	-0.963170	-0.268749	-0.008836	0.126946	-0.483439	0.866124
23230	5.192965	0.069603	8.896571	0.031764	-0.061092	-0.021016	-0.236733	0.832862	0.500298	-0.963191	-0.268684	-0.008480	0.127359	-0.483890	0.865812
23231	5.140028	-0.025583	8.888016	0.024227	-0.049794	-0.016879	-0.236477	0.832665	0.500747	-0.963212	-0.268616	-0.008210	0.127673	-0.484267	0.865555
23232	5.124527	-0.044996	8.846901	0.023517	-0.050113	-0.015368	-0.236236	0.832462	0.501198	-0.963231	-0.268557	-0.007953	0.127980	-0.484648	0.865296
23233	5.116065	-0.067438	8.896790	0.029741	-0.051840	-0.013854	-0.236007	0.832246	0.501665	-0.963238	-0.268542	-0.007650	0.128351	-0.485028	0.865028
23234	5.105900	-0.057236	8.836439	0.048291	-0.058047	-0.015527	-0.235753	0.832005	0.502184	-0.963224	-0.268603	-0.007178	0.128916	-0.485408	0.864731
23235	5.146995	0.068794	8.991889	0.040237	-0.062219	-0.014567	-0.235503	0.831740	0.502740	-0.963219	-0.268632	-0.006781	0.129413	-0.485845	0.864411
23236	5.089020	0.035835	8.887859	0.015578	-0.053253	-0.008175	-0.235326	0.831501	0.503217	-0.963230	-0.268596	-0.006629	0.129650	-0.486273	0.864135
23237	5.190391	-0.028423	8.842427	0.019172	-0.058356	-0.009098	-0.235134	0.831240	0.503738	-0.963239	-0.268569	-0.006441	0.129935	-0.486735	0.863832
23238	5.112284	0.020091	8.886863	0.022474	-0.058520	-0.007964	-0.234951	0.830975	0.504260	-0.963241	-0.268568	-0.006230	0.130251	-0.487188	0.863529
23239	5.187744	-0.004099	8.831447	0.013664	-0.061594	-0.008689	-0.234758	0.830696	0.504809	-0.963255	-0.268518	-0.006092	0.130490	-0.487690	0.863209
23240	5.202757	0.008397	8.847738	0.008763	-0.050806	-0.001940	-0.234644	0.830452	0.505264	-0.963261	-0.268500	-0.006030	0.130656	-0.488116	0.862944
23241	5.195495	-0.062132	8.830587	-0.001358	-0.052083	0.003346	-0.234579	0.830187	0.505730	-0.963267	-0.268477	-0.006082	0.130728	-0.488580	0.862670
23242	5.225056	-0.010890	8.847158	0.016590	-0.052279	0.005950	-0.234538	0.829914	0.506197	-0.963243	-0.268563	-0.005992	0.130972	-0.488996	0.862397
23243	5.268144	-0.025021	8.801721	-0.000543	-0.041553	0.004455	-0.234497	0.829697	0.506571	-0.963246	-0.268553	-0.006043	0.131027	-0.489370	0.862177
23244	5.195527	-0.086514	8.875741	0.011132	-0.047773	0.005956	-0.234463	0.829445	0.506999	-0.963230	-0.268612	-0.006001	0.131209	-0.489764	0.861926
23245	5.178358	-0.017236	8.844489	0.017358	-0.049494	0.007455	-0.234440	0.829181	0.507442	-0.963202	-0.268715	-0.005912	0.131455	-0.490155	0.861666
23246	5.123013	0.021217	8.913607	0.014868	-0.051846	0.011235	-0.234451	0.828895	0.507904	-0.963168	-0.268836	-0.005865	0.131682	-0.490572	0.861394
23247	5.151826	-0.032485	8.867727	0.010895	-0.057291	0.015033	-0.234491	0.828571	0.508413	-0.963131	-0.268970	-0.005871	0.131884	-0.491045	0.861093
23248	5.091868	0.067990	8.840445	0.016650	-0.072011	0.016399	-0.234524	0.828172	0.509048	-0.963083	-0.269143	-0.005834	0.132175	-0.491624	0.860718
23249	5.060951	0.037808	8.936839	0.016510	-0.091357	0.017439	-0.234542	0.827673	0.509850	-0.963032	-0.269324	-0.005804	0.132511	-0.492363	0.860244
23250	5.089539	0.105677	8.912590	0.006281	-0.108098	0.023594	-0.234597	0.827075	0.510794	-0.962981	-0.269506	-0.005894	0.132788	-0.493268	0.859683
23251	5.125559	0.062620	8.916564	-0.046317	-0.110018	0.024810	-0.234660	0.826463	0.511755	-0.962996	-0.269438	-0.006442	0.132562	-0.494329	0.859107
23252	4.930659	0.059822	8.987800	-0.037942	-0.130494	0.032237	-0.234769	0.825729	0.512889	-0.962983	-0.269472	-0.006956	0.132466	-0.495537	0.858427
23253	5.029147	0.066077	9.051899	-0.076968	-0.166127	0.035153	-0.234858	0.824808	0.514328	-0.963015	-0.269335	-0.007819	0.132077	-0.497142	0.857558
23254	4.978001	0.050772	8.957166	-0.115518	-0.194015	0.041677	-0.234975	0.823727	0.516004	-0.963081	-0.269059	-0.009047	0.131383	-0.499080	0.856538
23255	5.014489	0.047371	8.807181	-0.103556	-0.249056	0.050649	-0.235107	0.822343	0.518147	-0.963110	-0.268913	-0.010218	0.130934	-0.501435	0.855231
23256	5.190588	0.039243	9.021485	-0.064501	-0.298552	0.086824	-0.235523	0.820607	0.520705	-0.963003	-0.269257	-0.011243	0.130978	-0.504088	0.853663
23257	5.204819	0.151475	8.939847	-0.115243	-0.294078	0.107182	-0.236141	0.818830	0.523216	-0.962913	-0.269509	-0.012808	0.130524	-0.506836	0.852104
23258	5.192907	-0.183115	8.942715	-0.140068	-0.288754	0.114332	-0.236837	0.817052	0.525675	-0.962837	-0.269688	-0.014622	0.129821	-0.509602	0.850560
23259	5.053430	-0.257463	8.895560	-0.127775	-0.343922	0.110253	-0.237424	0.814995	0.528596	-0.962753	-0.269890	-0.016311	0.129369	-0.512780	0.848717
23260	4.969031	-0.183043	9.109326	-0.118777	-0.427275	0.113825	-0.237938	0.812486	0.532214	-0.962648	-0.270159	-0.017943	0.129204	-0.516605	0.846419
23261	4.907796	-0.190518	9.170565	-0.130188	-0.498508	0.121470	-0.238434	0.809569	0.536420	-0.962539	-0.270424	-0.019714	0.129101	-0.521026	0.843721
23262	4.764085	-0.102561	9.414417	-0.132905	-0.613439	0.128775	-0.238852	0.806006	0.541575	-0.962416	-0.270723	-0.021549	0.129248	-0.526368	0.840376
23263	4.696035	-0.027090	9.403259	-0.178040	-0.724194	0.131563	-0.239154	0.801813	0.547633	-0.962344	-0.270794	-0.023779	0.129229	-0.532698	0.836381
23264	4.415821	-0.032680	9.598357	-0.218313	-0.909869	0.137013	-0.239267	0.796557	0.555202	-0.962310	-0.270671	-0.026376	0.129267	-0.540587	0.831297
23265	4.236155	0.125956	10.124244	-0.264710	-1.137935	0.144659	-0.239159	0.789956	0.564599	-0.962319	-0.270330	-0.029398	0.129405	-0.550355	0.824841
23266	3.752083	0.106243	10.988583	-0.421793	-1.433024	0.167968	-0.238897	0.781524	0.576323	-0.962474	-0.269256	-0.033838	0.128734	-0.562780	0.816521
23267	2.930065	1.005606	12.034901	-0.460149	-1.925382	0.224204	-0.238547	0.769927	0.591867	-0.962543	-0.268324	-0.038897	0.128865	-0.578977	0.805096
23268	2.990195	2.749910	12.778602	-0.504166	-2.576075	0.388261	-0.238919	0.753696	0.612259	-0.962281	-0.268263	-0.045272	0.130125	-0.599981	0.789360
23269	3.917967	0.983369	12.185219	-1.128709	-3.027131	0.487565	-0.239575	0.733886	0.635622	-0.962619	-0.264764	-0.057130	0.126363	-0.625549	0.769883
23270	3.676305	-1.299902	11.060621	-0.968691	-3.456542	0.561807	-0.240604	0.710299	0.661502	-0.962502	-0.262579	-0.068136	0.125300	-0.653091	0.746842
23271	4.838075	-0.951045	11.021300	-0.467467	-4.078804	0.702561	-0.241983	0.681249	0.690901	-0.961467	-0.264113	-0.076325	0.130480	-0.682748	0.718909
23272	5.523680	1.468674	12.237479	-0.415438	-4.558456	0.939628	-0.244872	0.646901	0.722189	-0.959749	-0.267403	-0.085895	0.137550	-0.714153	0.686342
23273	7.318363	2.838278	12.344821	-0.912402	-4.977957	1.292093	-0.250057	0.607142	0.754221	-0.957940	-0.268407	-0.101533	0.140794	-0.747888	0.648723
23274	10.497191	3.140673	13.409624	-1.301724	-5.304049	1.630880	-0.258140	0.562165	0.785706	-0.955647	-0.267933	-0.122271	0.141780	-0.782421	0.606396
23275	12.233352	2.853944	14.026314	-2.080509	-5.147171	1.769911	-0.267483	0.516559	0.813400	-0.954088	-0.260073	-0.148585	0.134790	-0.815800	0.562408
23276	13.034990	-0.036182	12.241350	-2.583077	-4.737035	1.614228	-0.276743	0.473094	0.836418	-0.953038	-0.246546	-0.175877	0.123010	-0.845811	0.519107
23277	12.359044	-0.951735	11.120969	-2.074608	-4.672611	1.417060	-0.283945	0.430007	0.857012	-0.951923	-0.233588	-0.198188	0.114965	-0.872084	0.475660
23278	11.401901	-1.495126	11.721120	-1.663351	-4.375523	1.200469	-0.290378	0.388610	0.874450	-0.950374	-0.223763	-0.216148	0.111672	-0.893819	0.434301
23279	7.253608	0.230207	10.578681	-1.352901	-4.173893	1.134251	-0.296473	0.348419	0.889217	-0.948563	-0.215690	-0.231746	0.111050	-0.912185	0.394444
23280	4.606390	1.149675	10.072525	-1.257144	-4.094860	1.218971	-0.303441	0.308136	0.901652	-0.946317	-0.208072	-0.247365	0.111387	-0.928309	0.354732
23281	0.953814	3.081395	8.904153	-1.324429	-3.878519	1.438374	-0.312696	0.268922	0.910989	-0.943368	-0.199804	-0.264829	0.110801	-0.942210	0.316171
23282	-3.186914	4.472700	6.645368	-2.028312	-3.321055	1.580254	-0.324017	0.234373	0.916560	-0.940511	-0.184495	-0.285307	0.102232	-0.954479	0.280210
23283	24.387889	-6.386698	12.090440	-0.711784	-3.307660	1.050108	-0.330402	0.200746	0.922245	-0.937829	-0.179931	-0.296820	0.106355	-0.962978	0.247715
23284	7.460898	5.378046	18.933703	1.087030	0.966579	0.408270	-0.335259	0.209265	0.918591	-0.935290	-0.191166	-0.297804	0.113284	-0.958991	0.259813
23285	-2.967035	5.714550	10.505448	-1.812179	1.782317	0.279731	-0.339663	0.225846	0.913030	-0.936203	-0.174382	-0.305149	0.090299	-0.958428	0.270668
23286	-6.817714	2.862273	7.120062	-1.494281	1.507409	0.239290	-0.343093	0.239872	0.908157	-0.936605	-0.160576	-0.311427	0.071126	-0.957432	0.279758
23287	-0.490226	0.799776	8.634585	0.361235	0.702201	0.080700	-0.344324	0.246463	0.905924	-0.936079	-0.164213	-0.311110	0.072087	-0.955139	0.287251
23288	2.652256	3.814948	11.901430	0.637145	1.416680	-0.246508	-0.343017	0.260360	0.902525	-0.936477	-0.169610	-0.306992	0.073149	-0.950497	0.302000
23289	2.025377	3.290009	10.709967	-0.169650	2.572110	-0.560385	-0.339485	0.285673	0.896181	-0.938514	-0.166463	-0.302458	0.062777	-0.943759	0.324620
23290	0.499966	2.330006	9.267384	0.102638	2.936570	-0.725947	-0.334347	0.314449	0.888445	-0.940912	-0.165200	-0.295623	0.053812	-0.934789	0.351103
23291	0.802254	1.692595	9.287890	0.165894	3.215051	-0.788637	-0.328476	0.345641	0.878997	-0.943453	-0.164132	-0.288023	0.044718	-0.923901	0.380010
23292	1.564031	0.130376	9.010847	0.168336	3.531462	-0.768983	-0.322588	0.379286	0.867225	-0.945900	-0.162838	-0.280635	0.034776	-0.910838	0.411297
23293	2.429283	-1.145606	8.905348	0.523306	3.766591	-0.696074	-0.315276	0.415973	0.852975	-0.948706	-0.160525	-0.272376	0.023623	-0.895097	0.445246
23294	3.242442	-1.466154	9.135269	0.973958	3.987960	-0.604542	-0.310385	0.452275	0.836127	-0.950393	-0.166477	-0.262753	0.020359	-0.876204	0.481510
23295	4.030414	-1.627468	9.279920	1.270551	4.213261	-0.514951	-0.304562	0.490787	0.816315	-0.952351	-0.171661	-0.252109	0.016398	-0.854202	0.519683
23296	4.701070	-1.777061	9.325371	1.540173	4.379915	-0.452850	-0.300967	0.528449	0.793826	-0.953469	-0.182268	-0.240157	0.017778	-0.829168	0.558717
23297	5.428115	-1.633900	9.556785	1.753822	4.459846	-0.447306	-0.296349	0.566347	0.769044	-0.954881	-0.192096	-0.226496	0.019454	-0.801467	0.597722
23298	6.612155	-1.384319	9.931440	1.926678	4.486661	-0.526483	-0.292280	0.602674	0.742534	-0.956016	-0.204122	-0.210636	0.024623	-0.771439	0.635827
23299	12.343160	-3.256517	10.468695	1.754263	4.321029	-0.656465	-0.286318	0.637138	0.715596	-0.957728	-0.212082	-0.194368	0.027925	-0.740997	0.670928
23300	9.941600	-2.539733	9.832509	2.336856	5.121911	-0.587943	-0.282285	0.675388	0.681297	-0.958665	-0.225041	-0.174120	0.035721	-0.702288	0.710997
23301	5.399632	1.206651	9.018570	1.741605	4.379401	-0.870434	-0.275067	0.707615	0.650860	-0.960604	-0.230249	-0.155645	0.039723	-0.668032	0.743072
23302	8.928761	0.941271	11.201075	1.717038	4.191145	-1.323520	-0.264078	0.737953	0.621037	-0.963455	-0.231810	-0.134231	0.044907	-0.633789	0.772201
23303	9.809505	0.254350	12.002401	1.141036	4.100556	-1.764375	-0.248752	0.767359	0.591001	-0.967507	-0.225397	-0.114567	0.045295	-0.600297	0.798494
23304	11.089675	-0.110075	13.020827	1.101418	3.972036	-2.105555	-0.230123	0.795179	0.561011	-0.972053	-0.215325	-0.093528	0.046428	-0.566855	0.822508
23305	12.622545	-0.066367	13.513117	0.871199	3.922260	-2.303024	-0.209502	0.821574	0.530213	-0.976712	-0.201503	-0.073695	0.046293	-0.533304	0.844656
23306	13.518199	-0.660892	13.488389	0.557665	3.885732	-2.324818	-0.188466	0.846138	0.498528	-0.981094	-0.184949	-0.056990	0.043981	-0.499844	0.864998
23307	15.766553	-1.692815	13.980517	0.515809	3.887920	-2.212231	-0.168397	0.868831	0.465590	-0.984819	-0.168470	-0.041815	0.042108	-0.465564	0.884012
23308	16.577255	-2.543381	14.398096	0.407380	4.153270	-1.980806	-0.150523	0.890578	0.429202	-0.987819	-0.152819	-0.029338	0.039462	-0.428390	0.902732
23309	10.583918	0.011163	15.988866	0.321063	4.311574	-1.637237	-0.135971	0.910606	0.390267	-0.990042	-0.139385	-0.019710	0.036450	-0.389061	0.920491
23310	12.115753	-2.933311	7.294415	-1.721198	1.694146	-0.163024	-0.134782	0.917304	0.374684	-0.990728	-0.131269	-0.035012	0.017068	-0.375929	0.926491
23311	14.682136	-13.873470	3.572123	-3.553459	4.175599	-0.312373	-0.131553	0.932683	0.335853	-0.991025	-0.115628	-0.067077	-0.023728	-0.341663	0.939523
23312	16.620130	-19.474495	4.133608	1.452376	1.802499	0.239463	-0.133579	0.938386	0.318730	-0.990968	-0.122655	-0.054198	-0.011764	-0.323091	0.946295
23313	15.496486	-8.934964	9.722082	3.966389	2.089107	0.419480	-0.137871	0.944333	0.298707	-0.990143	-0.138923	-0.017819	0.024670	-0.298219	0.954179
23314	17.022917	-6.570426	5.967065	2.781575	2.564944	1.033661	-0.149004	0.950091	0.274089	-0.987648	-0.156577	0.005836	0.048461	-0.269834	0.961687
23315	14.573707	-8.302091	2.794454	1.704333	3.063135	1.764235	-0.168061	0.954922	0.244704	-0.983926	-0.177699	0.017690	0.060377	-0.237798	0.969436
23316	12.510046	-9.284672	-2.690743	2.521410	2.566228	2.034822	-0.189808	0.956779	0.220333	-0.978516	-0.202742	0.037436	0.080489	-0.208494	0.974706
23317	12.201256	-4.705249	-4.108139	3.760556	1.427570	1.711211	-0.207875	0.955931	0.207324	-0.971456	-0.226525	0.070424	0.114285	-0.186767	0.975734
23318	13.704158	3.353722	-6.880814	2.652123	0.552245	1.041928	-0.218638	0.954497	0.202811	-0.965890	-0.241246	0.094116	0.138761	-0.175316	0.974684
23319	12.604476	5.964435	-4.716197	-0.170467	0.002479	0.291714	-0.221443	0.953798	0.203057	-0.965491	-0.243708	0.091831	0.137075	-0.175714	0.974851
23320	12.909247	-1.675853	-9.541074	-2.958265	-0.623633	-0.406282	-0.216712	0.953636	0.208839	-0.970045	-0.234406	0.063775	0.109771	-0.188763	0.975868
23321	13.075315	-11.929185	-10.697690	-2.356252	-2.066055	-0.870971	-0.206147	0.951465	0.228512	-0.974262	-0.221340	0.042692	0.091199	-0.213829	0.972605
23322	2.102485	-8.660600	1.099731	0.630541	-2.777987	-1.147745	-0.192230	0.947664	0.254911	-0.975946	-0.211831	0.051542	0.102843	-0.238871	0.965590
23323	2.171712	2.408633	16.470059	3.013740	-4.455601	-0.631522	-0.180626	0.937571	0.297213	-0.973466	-0.213581	0.082145	0.140495	-0.274489	0.951271
23324	6.930486	12.601676	19.017833	0.321321	-2.860628	0.778778	-0.184032	0.927652	0.324953	-0.971592	-0.221730	0.082731	0.148798	-0.300497	0.942105
23325	3.893868	3.496960	10.001231	-5.195257	-1.087690	2.092360	-0.203013	0.919593	0.336355	-0.974024	-0.224848	0.026845	0.100315	-0.322168	0.941353
23326	5.044378	-10.384223	5.865352	-4.479388	-1.884001	1.733101	-0.218352	0.909360	0.354100	-0.973986	-0.225613	-0.021204	0.060607	-0.349518	0.934967
23327	8.109630	-0.554672	9.136443	2.545047	-3.567874	0.467852	-0.220135	0.895332	0.387196	-0.971012	-0.239031	0.000668	0.093150	-0.375825	0.921997
23328	16.110428	4.912408	20.214499	0.721853	-3.342533	-0.036734	-0.216397	0.882389	0.417807	-0.970378	-0.241477	0.007395	0.107416	-0.403831	0.908506
23329	15.041478	-9.424466	14.375895	-4.024911	-0.508332	0.004233	-0.215962	0.880290	0.422433	-0.973936	-0.224940	-0.029167	0.069347	-0.417721	0.905925
23330	4.648422	-13.413634	4.919334	-1.309219	-0.936590	0.048489	-0.215807	0.876216	0.430897	-0.974678	-0.219780	-0.041233	0.058574	-0.428884	0.901458
23331	5.697877	0.092038	9.299895	4.290382	-2.806743	-0.175378	-0.211758	0.864369	0.456097	-0.971525	-0.236929	-0.002047	0.106293	-0.443543	0.889928
23332	11.872538	9.033068	15.401767	1.517312	-2.153216	-0.036558	-0.208877	0.854744	0.475166	-0.969854	-0.243414	0.011525	0.125513	-0.458434	0.879821
23333	7.784800	3.167940	8.952787	-2.203238	0.015281	-0.060596	-0.208277	0.854957	0.475047	-0.972520	-0.232695	-0.007599	0.104044	-0.463575	0.879928
23334	5.363414	-0.981767	7.904390	-1.097049	-0.688620	0.000087	-0.207564	0.851733	0.481111	-0.973621	-0.227519	-0.017258	0.094762	-0.472002	0.876490
23335	11.479166	-4.370336	9.403856	0.331000	-0.529674	-0.028709	-0.206741	0.849286	0.485769	-0.973370	-0.228798	-0.014247	0.099044	-0.475778	0.873971
23336	2.947680	0.775561	10.147163	0.068356	0.066230	-0.106810	-0.205738	0.849843	0.485221	-0.973532	-0.228171	-0.013155	0.099534	-0.475085	0.874293
23337	6.349541	-0.663475	8.753262	-0.054418	-0.141894	-0.084604	-0.204743	0.849357	0.486491	-0.973770	-0.227147	-0.013244	0.099256	-0.476442	0.873585
23338	4.709960	-0.445945	9.412572	-0.165195	0.018835	-0.076669	-0.203985	0.849618	0.486353	-0.974100	-0.225664	-0.014339	0.097570	-0.476681	0.873645
23339	5.060647	-0.799221	8.862529	-0.044913	-0.063991	-0.068522	-0.203225	0.849464	0.486941	-0.974293	-0.224821	-0.014423	0.097223	-0.477354	0.873316
23340	5.033824	-0.492190	9.098331	0.030617	-0.096738	-0.061581	-0.202501	0.849137	0.487810	-0.974398	-0.224400	-0.013880	0.097679	-0.478132	0.872839
23341	5.211811	0.087464	8.994032	0.090891	-0.098785	-0.051934	-0.201867	0.848778	0.488698	-0.974424	-0.224347	-0.012858	0.098725	-0.478795	0.872358
23342	5.156980	0.188097	9.057439	-0.010129	-0.051895	-0.038747	-0.201409	0.848614	0.489172	-0.974523	-0.223925	-0.012781	0.098692	-0.479283	0.872094
23343	5.079202	-0.155842	8.984339	-0.052715	-0.037774	-0.034457	-0.201006	0.848506	0.489525	-0.974654	-0.223333	-0.013097	0.098214	-0.479750	0.871891
23344	4.958427	-0.384873	9.017982	-0.046820	-0.040856	-0.033709	-0.200608	0.848383	0.489902	-0.974778	-0.222778	-0.013364	0.097801	-0.480226	0.871675
23345	5.023395	-0.315493	9.008179	0.020226	-0.076216	-0.033109	-0.200180	0.848087	0.490589	-0.974834	-0.222547	-0.013051	0.098111	-0.480855	0.871293
