// General information: 
//  MT Manager version: 2022.2.0 
//  XDA version: 2022.2.0 build 7381 rev 124627 built on 2023-07-19
// Device information: 
//  DeviceId: 00B4CBA7
//  ProductCode: MTW2-3A7G6
//  Firmware Version: 4.6.0
//  Hardware Version: 2.0.0
// Device settings: 
//  Filter Profile: human(46.1)
//  Option Flags: Orientation Smoother Disabled, Position/Velocity Smoother Disabled, Continuous Zero Rotation Update Disabled, AHS Disabled, ICC Disabled
// Coordinate system: ENU
PacketCounter	Acc_X	Acc_Y	Acc_Z	Gyr_X	Gyr_Y	Gyr_Z	Mat[1][1]	Mat[2][1]	Mat[3][1]	Mat[1][2]	Mat[2][2]	Mat[3][2]	Mat[1][3]	Mat[2][3]	Mat[3][3]
56274	9.462545	0.336030	-2.588556	-0.250076	0.015210	0.002191	-0.241689	0.009598	0.970306	0.291982	0.954328	0.063289	-0.925383	0.298608	-0.233453
56275	9.393694	0.550610	-2.594186	-0.149970	0.016215	0.006195	-0.241578	0.009676	0.970333	0.293702	0.953778	0.063610	-0.924867	0.300356	-0.233253
56276	9.438357	0.712775	-2.603262	-0.099952	0.002229	-0.001130	-0.241566	0.009623	0.970337	0.294670	0.953460	0.063903	-0.924562	0.301366	-0.233160
56277	9.560282	0.590284	-2.623502	-0.098682	0.002258	-0.002896	-0.241602	0.009592	0.970328	0.295702	0.953120	0.064205	-0.924223	0.302440	-0.233112
56278	9.554095	0.439567	-2.650831	-0.085897	0.008014	-0.006812	-0.241554	0.009467	0.970341	0.296525	0.952843	0.064520	-0.923972	0.303316	-0.232970
56279	9.513757	0.481917	-2.668864	-0.036785	-0.002600	-0.007947	-0.241620	0.009522	0.970324	0.297452	0.952540	0.064721	-0.923657	0.304263	-0.232985
56280	9.424152	0.497266	-2.539520	-0.008113	-0.006883	0.003214	-0.241680	0.009538	0.970309	0.297581	0.952498	0.064757	-0.923600	0.304396	-0.233038
56281	9.442923	0.556384	-2.451302	0.024094	-0.009046	0.018361	-0.241761	0.009669	0.970288	0.297271	0.952607	0.064576	-0.923678	0.304050	-0.233178
56282	9.419309	0.554653	-2.367627	0.048838	-0.011314	0.016050	-0.241824	0.009821	0.970270	0.296905	0.952736	0.064355	-0.923780	0.303640	-0.233311
56283	9.439679	0.529715	-2.398125	0.053512	-0.009730	0.007437	-0.241932	0.010034	0.970241	0.296939	0.952736	0.064190	-0.923740	0.303632	-0.233477
56284	9.514778	0.173988	-2.683816	0.039611	-0.006854	0.000195	-0.242001	0.010021	0.970224	0.296620	0.952839	0.064144	-0.923825	0.303311	-0.233560
56285	9.575882	-0.079285	-2.875327	0.172963	0.000045	-0.007666	-0.242078	0.009787	0.970207	0.294564	0.953495	0.063879	-0.924462	0.301251	-0.233703
56286	9.498225	-0.012065	-2.679433	0.272346	0.008235	-0.013264	-0.242047	0.009601	0.970217	0.292058	0.954295	0.063419	-0.925265	0.298710	-0.233788
56287	9.265021	0.556939	-2.352376	0.343047	0.003991	-0.021380	-0.242080	0.009514	0.970210	0.289483	0.955117	0.062864	-0.926065	0.296078	-0.233969
56288	9.466657	1.172397	-1.733325	0.198302	0.007507	-0.029351	-0.242101	0.009176	0.970208	0.287621	0.955687	0.062733	-0.926640	0.294240	-0.234012
56289	9.458069	0.180382	-2.228338	-0.005998	0.022891	-0.051680	-0.242084	0.008629	0.970217	0.287715	0.955623	0.063290	-0.926615	0.294467	-0.233824
56290	9.442737	0.098872	-2.622561	0.122943	0.019663	-0.064541	-0.242093	0.007919	0.970221	0.286465	0.955972	0.063677	-0.927000	0.293350	-0.233702
56291	9.620556	0.633151	-2.421765	0.182804	0.017571	-0.070986	-0.242185	0.007256	0.970203	0.284920	0.956415	0.063969	-0.927452	0.291922	-0.233696
56292	9.524353	0.603447	-2.565268	0.071483	0.040417	-0.071489	-0.242019	0.006420	0.970250	0.284130	0.956611	0.064544	-0.927738	0.291298	-0.233342
56293	9.348211	0.621544	-2.534174	0.127946	0.039501	-0.078991	-0.241915	0.005634	0.970281	0.283170	0.956861	0.065045	-0.928058	0.290490	-0.233074
56294	9.439218	0.618866	-2.273576	0.055553	0.041169	-0.083000	-0.241773	0.004685	0.970322	0.282501	0.957010	0.065769	-0.928299	0.290018	-0.232702
56295	9.400336	-0.018796	-2.363420	0.113070	0.042825	-0.101700	-0.241701	0.003632	0.970344	0.281487	0.957256	0.066532	-0.928626	0.289221	-0.232392
56296	9.577357	0.523314	-1.854061	0.308100	0.027654	-0.118146	-0.241780	0.002385	0.970328	0.278386	0.958129	0.067011	-0.929539	0.286328	-0.232321
56297	9.593700	0.849023	-1.702466	0.209046	0.032700	-0.121264	-0.241826	0.001185	0.970319	0.276538	0.958612	0.067749	-0.930079	0.284713	-0.232145
56298	9.433796	0.360239	-2.061494	0.191786	0.022598	-0.128773	-0.241976	-0.000149	0.970282	0.274489	0.959140	0.068602	-0.930647	0.282931	-0.232048
56299	9.598968	0.273521	-1.864107	0.298929	0.000613	-0.135255	-0.242382	-0.001563	0.970180	0.271103	0.960054	0.069277	-0.931533	0.279810	-0.232276
56300	9.777857	0.608195	-1.770374	0.344196	-0.005888	-0.139049	-0.242817	-0.002917	0.970068	0.267605	0.960992	0.069874	-0.932431	0.276561	-0.232564
56301	9.588520	0.937933	-2.133799	0.283981	-0.010092	-0.129133	-0.243277	-0.004140	0.969948	0.264784	0.961726	0.070516	-0.933116	0.273982	-0.232869
56302	9.433293	1.044591	-2.522445	0.218905	-0.018156	-0.122801	-0.243775	-0.005307	0.969817	0.262489	0.962301	0.071245	-0.933635	0.271934	-0.233192
56303	9.408913	1.109678	-2.633365	0.181589	-0.012532	-0.118768	-0.244221	-0.006315	0.969699	0.261040	0.962638	0.072013	-0.933924	0.270717	-0.233448
56304	9.403900	1.267015	-2.636402	0.124150	-0.005821	-0.113115	-0.244575	-0.007424	0.969602	0.259651	0.962950	0.072868	-0.934219	0.269579	-0.233586
56305	9.409888	1.216856	-2.498983	0.023697	0.005423	-0.110186	-0.244856	-0.008430	0.969523	0.259507	0.962909	0.073912	-0.934185	0.269695	-0.233586
56306	9.292675	0.745462	-2.502178	-0.040081	0.021330	-0.118199	-0.244969	-0.009661	0.969483	0.259639	0.962773	0.075199	-0.934119	0.270137	-0.233341
56307	9.381811	0.522805	-2.303235	-0.013923	0.014303	-0.125032	-0.245188	-0.010852	0.969415	0.259808	0.962626	0.076487	-0.934015	0.270615	-0.233205
56308	9.402426	0.627581	-1.962747	-0.005696	-0.001854	-0.123629	-0.245531	-0.012072	0.969314	0.259605	0.962580	0.077747	-0.933981	0.270728	-0.233209
56309	9.555196	0.606049	-1.016886	-0.133974	-0.001840	-0.165317	-0.246002	-0.013647	0.969173	0.260665	0.962133	0.079711	-0.933561	0.272239	-0.233130
56310	9.819368	0.852469	0.034249	-0.580511	0.095707	-0.200351	-0.245642	-0.015871	0.969231	0.265636	0.960490	0.083050	-0.932254	0.277863	-0.231720
56311	9.425922	1.511191	0.609148	-1.070546	0.187329	-0.191058	-0.244463	-0.018165	0.969489	0.275469	0.957329	0.087399	-0.929707	0.288430	-0.229027
56312	8.738892	0.480954	-0.404392	-1.065229	0.077395	-0.199492	-0.244309	-0.020334	0.969484	0.284917	0.954145	0.091811	-0.926896	0.298653	-0.227313
56313	8.829305	0.261948	-0.212019	-0.593082	-0.113282	-0.200605	-0.245952	-0.021670	0.969040	0.290937	0.952001	0.095132	-0.924588	0.305327	-0.227842
56314	9.006590	0.744545	-0.017982	-0.288716	-0.286398	-0.196874	-0.249179	-0.022699	0.968191	0.293164	0.951052	0.097748	-0.923019	0.308196	-0.230328
56315	9.022496	1.071074	-0.022986	-0.134417	-0.431345	-0.187020	-0.253795	-0.022873	0.966988	0.294816	0.950322	0.099856	-0.921234	0.310426	-0.234444
56316	9.062998	0.894487	-0.826639	-0.012429	-0.542873	-0.180481	-0.259330	-0.022936	0.965516	0.294514	0.950223	0.101677	-0.919788	0.310726	-0.239666
56317	9.024390	1.058887	-1.540874	0.167287	-0.635329	-0.180162	-0.265777	-0.022449	0.963773	0.293232	0.950476	0.103003	-0.918356	0.309986	-0.246032
56318	9.436153	1.704838	-2.074260	0.249344	-0.686918	-0.157014	-0.272546	-0.021854	0.961894	0.290568	0.951192	0.103942	-0.917218	0.307825	-0.252894
56319	9.555723	1.913027	-3.078784	0.147743	-0.676599	-0.132770	-0.279207	-0.020538	0.960011	0.290404	0.951147	0.104809	-0.915264	0.308055	-0.259603
56320	9.639778	1.676898	-4.136451	0.190488	-0.662751	-0.111610	-0.285598	-0.019597	0.958149	0.288394	0.951690	0.105427	-0.913927	0.306434	-0.266149
56321	9.862441	1.909884	-4.379705	0.193242	-0.620647	-0.085076	-0.291558	-0.018308	0.956378	0.287054	0.952061	0.105736	-0.912466	0.305361	-0.272326
56322	9.825975	1.492286	-4.579297	0.170195	-0.561908	-0.068890	-0.296886	-0.017286	0.954757	0.285346	0.952547	0.105976	-0.911283	0.303899	-0.277865
56323	9.625309	1.124511	-4.483474	0.181548	-0.514400	-0.052034	-0.301763	-0.016166	0.953246	0.283780	0.953013	0.105996	-0.910169	0.302498	-0.282996
56324	9.501952	0.988385	-3.867591	0.203845	-0.480088	-0.044304	-0.306262	-0.015174	0.951826	0.281837	0.953602	0.105887	-0.909270	0.300689	-0.287775
56325	9.545852	0.854990	-3.123511	0.210971	-0.469892	-0.041731	-0.310674	-0.014021	0.950413	0.280331	0.954065	0.105710	-0.908238	0.299272	-0.292472
56326	9.473385	0.557824	-2.830881	0.170241	-0.453653	-0.047600	-0.314931	-0.013154	0.949024	0.278683	0.954548	0.105711	-0.907279	0.297768	-0.296951
56327	9.226321	0.019088	-2.769960	0.299486	-0.474915	-0.066899	-0.319481	-0.011865	0.947518	0.277208	0.955008	0.105427	-0.906139	0.296341	-0.301818
56328	9.233276	0.721024	-1.941139	0.443280	-0.501416	-0.071850	-0.324227	-0.011109	0.945914	0.273007	0.956286	0.104808	-0.905729	0.292222	-0.307021
56329	9.328394	0.758885	-1.855256	0.403883	-0.542732	-0.067874	-0.329372	-0.009825	0.944149	0.270126	0.957170	0.104196	-0.904735	0.289359	-0.312611
56330	9.182202	0.665830	-1.651379	0.465979	-0.584072	-0.090647	-0.334903	-0.009049	0.942209	0.265657	0.958482	0.103631	-0.904028	0.285011	-0.318594
56331	9.259577	0.793434	-1.691794	0.590947	-0.629415	-0.101174	-0.340858	-0.007623	0.940084	0.261729	0.959664	0.102680	-0.902948	0.281046	-0.325114
56332	9.265381	1.083266	-1.689532	0.633282	-0.670907	-0.106056	-0.347193	-0.006809	0.937769	0.255694	0.961399	0.101647	-0.902263	0.275073	-0.332050
56333	9.452629	1.508834	-1.883251	0.606592	-0.712817	-0.102521	-0.353874	-0.005391	0.935278	0.251185	0.962698	0.100588	-0.900933	0.270523	-0.339319
56334	9.710060	1.502040	-2.540276	0.548764	-0.725232	-0.094231	-0.360642	-0.004389	0.932694	0.245954	0.964147	0.099639	-0.899691	0.265333	-0.346633
56335	9.644242	1.513156	-3.093302	0.498254	-0.727490	-0.089656	-0.367382	-0.003116	0.930065	0.241886	0.965263	0.098781	-0.898065	0.261260	-0.353867
56336	9.386772	1.250013	-3.526194	0.421320	-0.746199	-0.071188	-0.374253	-0.001902	0.927325	0.237888	0.966337	0.097990	-0.896295	0.257272	-0.361202
56337	9.225008	1.074057	-3.610567	0.374096	-0.777504	-0.040740	-0.381294	-0.000198	0.924454	0.234836	0.967176	0.097066	-0.894129	0.254105	-0.368732
56338	9.353982	1.325623	-3.328400	0.357649	-0.806133	-0.006402	-0.388512	0.001742	0.921442	0.231663	0.968063	0.095847	-0.891847	0.250701	-0.376507
56339	9.484807	1.281181	-2.974676	0.165697	-0.808590	0.004435	-0.395685	0.003951	0.918378	0.230710	0.968351	0.095236	-0.888935	0.249563	-0.384073
56340	9.379358	0.472810	-3.176812	0.178939	-0.836993	-0.003147	-0.403125	0.005969	0.915126	0.229154	0.968780	0.094626	-0.885990	0.247851	-0.391907
56341	9.656091	0.927013	-2.632591	0.329665	-0.889926	-0.001555	-0.410986	0.008217	0.911604	0.226555	0.969510	0.093400	-0.883042	0.244915	-0.400317
56342	9.845353	1.409611	-2.058839	0.271005	-0.946232	0.019281	-0.419287	0.010676	0.907791	0.224290	0.970153	0.092184	-0.879712	0.242260	-0.409167
56343	10.202804	1.384671	-1.674422	0.231210	-1.020865	0.041943	-0.428150	0.013559	0.903606	0.222605	0.970661	0.090911	-0.875862	0.240071	-0.418606
56344	10.502858	0.545044	-1.337210	0.158560	-1.088393	0.052098	-0.437547	0.016636	0.899042	0.221488	0.971017	0.089827	-0.871491	0.238430	-0.428550
56345	10.405185	-0.534091	-0.950323	0.296812	-1.185682	0.035355	-0.447771	0.019748	0.893930	0.219113	0.971697	0.088288	-0.866885	0.235404	-0.439425
56346	10.489534	-0.655246	-0.001597	0.477536	-1.326918	0.011364	-0.459221	0.022917	0.888027	0.215078	0.972793	0.086118	-0.861892	0.230542	-0.451655
56347	10.623808	-0.522746	1.228118	0.488500	-1.493611	-0.001890	-0.472043	0.026263	0.881184	0.210914	0.973892	0.083959	-0.855973	0.225486	-0.465258
56348	10.906219	-0.811634	2.137307	0.404447	-1.691533	-0.013528	-0.486493	0.029876	0.873173	0.207442	0.974786	0.082225	-0.848700	0.221134	-0.480424
56349	11.453034	-1.193509	2.360080	0.317097	-1.914631	-0.047127	-0.502734	0.033572	0.863789	0.204568	0.975483	0.081148	-0.839887	0.217499	-0.497276
56350	12.511498	-1.263529	2.050630	0.319498	-2.130769	-0.075243	-0.520678	0.037399	0.852934	0.201553	0.976186	0.080236	-0.829621	0.213689	-0.515816
56351	13.451031	-1.480433	0.998199	0.232811	-2.304880	-0.126160	-0.539883	0.041012	0.840740	0.198998	0.976718	0.080142	-0.817879	0.210573	-0.535475
56352	13.116694	-2.176640	-1.207424	0.231792	-2.405010	-0.201483	-0.559802	0.044036	0.827456	0.196044	0.977275	0.080621	-0.805102	0.207349	-0.555714
56353	12.941991	-2.265449	-2.330829	0.483234	-2.517332	-0.303046	-0.580442	0.046176	0.812991	0.190484	0.978390	0.080428	-0.791709	0.201546	-0.576695
56354	13.099113	-1.270265	-2.080325	0.830126	-2.597156	-0.389430	-0.601554	0.047443	0.797422	0.181699	0.980196	0.078752	-0.777894	0.192264	-0.598261
56355	13.591955	0.931126	-1.530920	0.642145	-2.478660	-0.452429	-0.621415	0.047635	0.782032	0.174003	0.981613	0.078474	-0.763915	0.184841	-0.618278
56356	12.718974	2.983875	-3.422370	0.262511	-2.188581	-0.504812	-0.638857	0.046652	0.767910	0.168863	0.982322	0.080807	-0.750565	0.181295	-0.635441
56357	11.378327	4.284490	-5.868142	0.118752	-2.193019	-0.512853	-0.655961	0.045517	0.753421	0.164677	0.982764	0.084003	-0.736612	0.179174	-0.652150
56358	10.295923	4.463949	-6.692931	-0.003018	-2.293250	-0.478308	-0.673462	0.044881	0.737858	0.161545	0.982965	0.087657	-0.721355	0.178231	-0.669239
56359	9.577876	3.788078	-7.963074	-0.147368	-2.355231	-0.365893	-0.690791	0.045434	0.721626	0.160116	0.982858	0.091393	-0.705104	0.178678	-0.686224
56360	8.858613	3.183733	-7.865453	-0.033261	-2.403826	-0.219678	-0.707891	0.047528	0.704721	0.158834	0.982891	0.093260	-0.688231	0.177952	-0.703329
56361	8.339485	3.161522	-7.295048	0.041910	-2.297048	-0.077256	-0.723580	0.050783	0.688370	0.158010	0.982994	0.093574	-0.671911	0.176477	-0.719299
56362	7.292665	3.173305	-7.014326	-0.192067	-2.054215	-0.011698	-0.737247	0.054269	0.673440	0.159219	0.982650	0.095118	-0.656594	0.177350	-0.733097
56363	5.997296	2.075312	-7.690499	-0.347098	-1.799736	0.042238	-0.748819	0.057840	0.660246	0.161799	0.981997	0.097479	-0.642722	0.179822	-0.744697
56364	5.412811	1.018208	-7.630274	-0.225739	-1.553774	0.076018	-0.758591	0.061358	0.648672	0.163826	0.981535	0.098744	-0.630635	0.181176	-0.754635
56365	5.550815	0.959861	-7.405389	-0.038495	-1.252565	0.097552	-0.766221	0.064524	0.639329	0.164821	0.981394	0.098488	-0.621079	0.180838	-0.762600
56366	5.576634	0.622294	-8.425586	0.082685	-0.905656	0.121171	-0.771618	0.067312	0.632515	0.165257	0.981454	0.097155	-0.614244	0.179493	-0.768431
56367	4.621877	0.005037	-9.326931	0.420886	-0.602582	0.162954	-0.774993	0.069922	0.628090	0.163948	0.982079	0.092964	-0.610333	0.175020	-0.772568
56368	6.098595	-0.261635	-6.066067	0.767892	-0.169053	0.212526	-0.775683	0.072267	0.626972	0.160923	0.983234	0.085762	-0.610262	0.167419	-0.774307
56369	7.995618	0.934543	-4.139219	0.653728	0.359105	0.306335	-0.772949	0.074633	0.630064	0.159300	0.984076	0.078859	-0.614145	0.161323	-0.772529
56370	8.149455	1.828619	-4.703846	0.202588	0.873618	0.341638	-0.767009	0.076559	0.637053	0.160694	0.984135	0.075205	-0.621188	0.160054	-0.767143
56371	7.272457	1.226907	-5.978675	-0.125426	1.302707	0.349773	-0.758235	0.077842	0.647318	0.164154	0.983655	0.073995	-0.630978	0.162366	-0.758620
56372	6.749105	0.611617	-6.535313	-0.143927	1.654830	0.408812	-0.747016	0.079119	0.660082	0.168165	0.983091	0.072477	-0.643186	0.165144	-0.747689
56373	7.029727	0.728122	-6.145008	-0.080761	2.002475	0.529830	-0.733033	0.080935	0.675361	0.172620	0.982525	0.069615	-0.657925	0.167611	-0.734194
56374	7.637668	1.457528	-5.661989	-0.206540	2.384009	0.651477	-0.716004	0.083256	0.693114	0.178737	0.981632	0.066727	-0.674827	0.171661	-0.717733
56375	7.949906	2.139147	-5.591612	-0.581417	2.767499	0.736079	-0.695664	0.085552	0.713255	0.187922	0.979981	0.065742	-0.693352	0.179771	-0.697815
56376	7.708166	1.774040	-6.124769	-1.047154	3.132641	0.789603	-0.672108	0.087412	0.735276	0.200708	0.977338	0.067277	-0.712733	0.192793	-0.674421
56377	7.245624	0.741931	-6.765180	-1.288608	3.470860	0.838130	-0.645210	0.088562	0.758855	0.215561	0.974006	0.069608	-0.732965	0.208492	-0.647529
56378	6.898202	-0.391549	-7.317897	-1.206969	3.773273	0.908782	-0.615130	0.089213	0.783362	0.230292	0.970579	0.070301	-0.754043	0.223646	-0.617577
56379	6.969082	-0.647446	-7.153781	-0.910228	4.066365	0.972708	-0.581646	0.089229	0.808533	0.243100	0.967608	0.068099	-0.776267	0.236164	-0.584497
56380	7.020782	-0.457402	-7.043293	-0.642949	4.349719	1.013042	-0.544864	0.088493	0.833842	0.253905	0.965143	0.063484	-0.799159	0.246307	-0.548341
56381	6.942527	0.041990	-7.190049	-0.476222	4.598790	1.022793	-0.504870	0.086767	0.858824	0.263162	0.963042	0.057406	-0.822102	0.254992	-0.509045
56382	7.235083	0.070129	-7.620272	-0.398646	4.793280	1.026525	-0.462187	0.084196	0.882776	0.271487	0.961118	0.050472	-0.844203	0.262989	-0.467074
56383	7.466695	-0.696113	-8.364542	-0.114845	4.918104	1.049577	-0.417193	0.081158	0.905187	0.277115	0.959933	0.041654	-0.865539	0.268219	-0.422967
56384	8.182283	-0.770948	-7.366034	0.390486	5.064883	1.051795	-0.369899	0.077629	0.925823	0.277878	0.960132	0.030517	-0.886543	0.268554	-0.376723
56385	8.747748	-0.981269	-6.376810	0.823535	5.320565	1.003382	-0.319341	0.073031	0.944822	0.273985	0.961560	0.018279	-0.907168	0.264704	-0.327075
56386	8.458766	-0.303843	-4.203589	0.778812	5.669501	0.815952	-0.265153	0.065940	0.961949	0.269280	0.963027	0.008211	-0.925841	0.261211	-0.273106
56387	6.713007	0.319220	-5.295212	0.466942	5.773938	0.612969	-0.209548	0.056739	0.976151	0.266417	0.963857	0.001166	-0.940804	0.260307	-0.217090
56388	7.196328	0.594314	-5.849072	0.544595	5.622263	0.530392	-0.154913	0.047248	0.986798	0.262282	0.964978	-0.005028	-0.952476	0.258040	-0.161880
56389	8.780838	0.182896	-6.500182	0.581801	5.503256	0.488748	-0.100925	0.037808	0.994175	0.257386	0.966250	-0.010617	-0.961024	0.254816	-0.107250
56390	10.259514	0.380012	-5.526688	0.782583	5.404578	0.377530	-0.047857	0.027807	0.998467	0.250181	0.968083	-0.014970	-0.967016	0.249081	-0.053286
56391	10.961107	1.127688	-4.055598	0.706906	5.338936	0.264634	0.004558	0.017177	0.999842	0.243443	0.969752	-0.017770	-0.969904	0.243486	0.000239
56392	11.605023	0.854804	-4.354276	0.249464	5.237789	0.171381	0.055757	0.006097	0.998426	0.241036	0.970322	-0.019386	-0.968913	0.241738	0.052632
56393	12.945053	0.267025	2.706945	0.284626	4.976454	0.076073	0.104120	-0.005172	0.994551	0.238279	0.970993	-0.019896	-0.965599	0.239053	0.102332
56394	10.765148	0.463750	-3.592410	-0.377716	4.453202	0.151425	0.147341	-0.014455	0.988980	0.241791	0.970082	-0.021844	-0.959076	0.242345	0.146428
56395	7.050986	-0.102352	-2.464304	0.701917	3.593941	0.285336	0.182448	-0.020304	0.983006	0.234663	0.971793	-0.023481	-0.954801	0.234959	0.182067
56396	5.765354	2.211154	-0.692495	0.947942	2.652046	0.228992	0.208255	-0.024211	0.977775	0.225247	0.974010	-0.023857	-0.951785	0.225209	0.208295
56397	4.018160	2.131434	1.352043	0.313287	1.773547	0.048342	0.225242	-0.027746	0.973908	0.222228	0.974708	-0.023627	-0.948621	0.221751	0.225711
56398	3.737577	-0.250174	1.250665	-0.554093	0.844921	-0.226725	0.232729	-0.031883	0.972019	0.228064	0.973382	-0.022677	-0.945423	0.226960	0.233806
56399	2.717282	-3.200991	0.291944	-0.787593	-0.190286	-0.385939	0.230061	-0.035241	0.972538	0.236461	0.971420	-0.020736	-0.944012	0.234738	0.231819
56400	2.057611	-4.497659	-1.982759	-0.330859	-1.284928	-0.495523	0.216731	-0.037045	0.975528	0.240763	0.970441	-0.016638	-0.946076	0.238477	0.219244
56401	4.277507	-1.800682	-3.966949	0.084329	-2.210531	-0.647898	0.194227	-0.038097	0.980216	0.241357	0.970384	-0.010110	-0.950801	0.238546	0.197670
56402	10.271231	-2.113932	-0.306938	0.005854	-2.232470	-0.604626	0.171488	-0.038661	0.984427	0.242475	0.970149	-0.004139	-0.954881	0.239409	0.175743
56403	14.722103	-0.865520	3.711803	-0.498711	-1.387228	-0.216593	0.157722	-0.037434	0.986774	0.247658	0.968843	-0.002831	-0.955923	0.244829	0.162079
56404	12.789934	-0.005961	2.055085	-1.359881	-0.768209	-0.076036	0.150189	-0.036269	0.987992	0.260827	0.965377	-0.004210	-0.953631	0.258327	0.154449
56405	10.463535	-3.606521	-0.908697	-1.443701	-0.770331	-0.303167	0.142061	-0.037177	0.989160	0.275079	0.961416	-0.003372	-0.950868	0.272576	0.146806
56406	12.865839	-3.518890	-1.544385	0.053074	-1.097178	-0.386264	0.130551	-0.037933	0.990716	0.275166	0.961397	0.000550	-0.952491	0.272540	0.135949
56407	13.553636	2.412095	-1.256430	0.984452	-1.312066	-0.401367	0.116955	-0.038303	0.992398	0.266325	0.963866	0.005815	-0.956761	0.263621	0.122930
56408	12.033455	5.642511	-1.886789	0.682873	-1.516881	-0.532263	0.101009	-0.039516	0.994100	0.260426	0.965420	0.011915	-0.960196	0.257686	0.107807
56409	11.446742	5.156865	-1.874061	-0.041311	-1.597626	-0.600188	0.084099	-0.041214	0.995605	0.261440	0.965054	0.017865	-0.961549	0.258789	0.091935
56410	10.573801	2.458818	-2.364580	-0.762384	-1.486148	-0.539475	0.068379	-0.042541	0.996752	0.269244	0.962806	0.022621	-0.960641	0.266823	0.077290
56411	9.513066	-1.829188	-3.600166	-0.613844	-1.413790	-0.541788	0.053328	-0.043969	0.997609	0.275532	0.960895	0.027622	-0.959812	0.273400	0.063357
56412	9.770680	-2.112997	-3.088906	0.299751	-1.435853	-0.616062	0.037841	-0.046013	0.998224	0.272997	0.961415	0.033967	-0.961270	0.271227	0.048942
56413	10.458572	-0.269791	-1.756827	0.630475	-1.404056	-0.611224	0.022672	-0.048152	0.998583	0.267178	0.962802	0.040360	-0.963380	0.265884	0.034694
56414	10.056193	0.851074	-1.186759	0.396470	-1.352895	-0.524268	0.008234	-0.049658	0.998732	0.263500	0.963575	0.045737	-0.964624	0.262789	0.021019
56415	9.514335	1.684205	-0.795274	0.200153	-1.329739	-0.483614	-0.005875	-0.050861	0.998688	0.261637	0.963838	0.050625	-0.965148	0.261591	0.007644
56416	9.785307	2.496301	-0.292072	-0.060477	-1.292639	-0.444907	-0.019519	-0.051791	0.998467	0.262227	0.963432	0.055099	-0.964809	0.262900	-0.005224
56417	9.715362	1.965275	-0.623012	-0.202130	-1.255950	-0.462410	-0.032859	-0.052956	0.998056	0.264117	0.962637	0.059772	-0.963931	0.265568	-0.017645
56418	9.737671	0.859102	-1.174858	0.069711	-1.218169	-0.457904	-0.045812	-0.054161	0.997481	0.263327	0.962558	0.064359	-0.963618	0.265612	-0.029834
56419	9.515136	0.987692	-1.564255	0.347117	-1.187965	-0.397622	-0.058314	-0.054882	0.996789	0.259836	0.963239	0.068236	-0.963890	0.262981	-0.041910
56420	9.680905	1.114086	-1.646801	0.356672	-1.187599	-0.380560	-0.070748	-0.055475	0.995950	0.256213	0.963943	0.071892	-0.964028	0.260261	-0.053984
56421	9.910911	0.777007	-2.148165	0.283335	-1.136162	-0.376277	-0.082673	-0.056189	0.994991	0.253254	0.964448	0.075507	-0.963861	0.258228	-0.065504
56422	9.876095	0.423614	-2.558061	0.340166	-1.088738	-0.368827	-0.094099	-0.056983	0.993931	0.249710	0.965095	0.078971	-0.963738	0.255625	-0.076585
56423	9.861307	0.409351	-2.759535	0.494444	-1.036905	-0.354706	-0.104987	-0.057810	0.992792	0.244652	0.966126	0.082129	-0.963910	0.251511	-0.087287
56424	9.971798	0.914817	-2.458728	0.598917	-0.982250	-0.342072	-0.115287	-0.058705	0.991596	0.238560	0.967400	0.085008	-0.964260	0.246355	-0.097524
56425	9.853282	0.940355	-2.267052	0.603034	-0.938723	-0.322776	-0.125120	-0.059571	0.990352	0.232417	0.968661	0.087629	-0.964535	0.241139	-0.107354
56426	10.006029	1.210565	-1.920709	0.671166	-0.911215	-0.300436	-0.134602	-0.060345	0.989060	0.225610	0.970062	0.089890	-0.964874	0.235242	-0.116958
56427	10.049067	1.259730	-1.934931	0.574994	-0.870430	-0.294062	-0.143677	-0.061203	0.987730	0.219713	0.971204	0.092139	-0.964926	0.230256	-0.126093
56428	9.885351	0.702622	-2.037471	0.564184	-0.853915	-0.296892	-0.152564	-0.062176	0.986336	0.213887	0.972289	0.094374	-0.964871	0.225363	-0.135037
56429	9.863078	0.469550	-1.831376	0.694033	-0.859113	-0.286606	-0.161478	-0.063084	0.984858	0.206800	0.973635	0.096273	-0.964966	0.219214	-0.144175
56430	9.769635	0.990856	-1.238061	0.798491	-0.852567	-0.258259	-0.170233	-0.063795	0.983337	0.198723	0.975177	0.097668	-0.965158	0.212038	-0.153329
56431	10.334970	-1.116202	-1.830785	1.008381	-0.804866	-0.301095	-0.178607	-0.065094	0.981765	0.188521	0.977058	0.099079	-0.965691	0.202780	-0.162238
56432	8.515076	3.891793	-0.405257	1.255995	-0.865689	-0.233839	-0.187399	-0.065709	0.980084	0.176016	0.979364	0.099317	-0.966385	0.191123	-0.171966
56433	9.529025	2.268213	-0.635612	0.508272	-0.877206	-0.249781	-0.196325	-0.066529	0.978279	0.170686	0.980145	0.100910	-0.965569	0.186790	-0.181072
56434	9.243746	1.308164	-1.255150	0.386170	-0.897320	-0.239065	-0.205389	-0.067243	0.976368	0.166535	0.980686	0.102573	-0.964407	0.183667	-0.190224
56435	9.093583	1.120027	-1.166069	0.305769	-0.917845	-0.220984	-0.214617	-0.067768	0.974344	0.163182	0.981080	0.104180	-0.962970	0.181355	-0.199498
56436	9.312168	0.300486	-1.871875	0.441241	-0.937077	-0.237071	-0.224017	-0.068445	0.972179	0.158472	0.981697	0.105631	-0.961615	0.177726	-0.209070
56437	9.192950	1.807101	-1.487417	0.569651	-0.951845	-0.214232	-0.233514	-0.068911	0.969908	0.152564	0.982534	0.106540	-0.960310	0.172852	-0.218922
56438	9.226628	2.170897	-1.818805	0.259337	-0.943850	-0.208860	-0.242886	-0.069374	0.967571	0.149633	0.982822	0.108029	-0.958445	0.171020	-0.228333
56439	9.144875	1.253742	-2.545078	0.212736	-0.937381	-0.204525	-0.252180	-0.069820	0.965158	0.147147	0.983028	0.109560	-0.956427	0.169649	-0.237627
56440	9.249811	1.330347	-2.320466	0.302325	-0.938480	-0.210307	-0.261454	-0.070340	0.962650	0.143772	0.983377	0.110902	-0.954448	0.167398	-0.246995
56441	9.195365	1.166658	-2.447786	0.236017	-0.916294	-0.198139	-0.270488	-0.070795	0.960117	0.141051	0.983616	0.112265	-0.952334	0.165792	-0.256071
56442	8.987202	1.229038	-2.627961	0.245248	-0.920846	-0.188676	-0.279512	-0.071165	0.957501	0.138252	0.983874	0.113483	-0.950137	0.164096	-0.265166
56443	9.321076	1.325739	-2.187471	0.222699	-0.941394	-0.183892	-0.288713	-0.071470	0.954744	0.135671	0.984093	0.114694	-0.947754	0.162644	-0.274424
56444	9.316473	1.136308	-1.831925	0.171283	-0.959367	-0.188292	-0.298047	-0.071800	0.951847	0.133549	0.984223	0.116060	-0.945163	0.161710	-0.283756
56445	9.204764	1.148277	-1.698954	0.106575	-0.986170	-0.185506	-0.307615	-0.072067	0.948778	0.132034	0.984248	0.117569	-0.942306	0.161438	-0.293254
56446	9.179259	1.174043	-1.739409	0.085703	-1.027217	-0.179372	-0.317515	-0.072207	0.945500	0.130718	0.984244	0.119063	-0.939200	0.161399	-0.303073
56447	9.236390	1.188556	-1.727970	0.029175	-1.077024	-0.175914	-0.327853	-0.072230	0.941963	0.129932	0.984150	0.120688	-0.935751	0.161959	-0.313272
56448	9.176190	0.929650	-2.045734	0.003027	-1.112392	-0.177398	-0.338473	-0.072202	0.938202	0.129362	0.984014	0.122398	-0.932042	0.162796	-0.323722
56449	9.242573	0.988594	-2.564343	0.068156	-1.145329	-0.174553	-0.349361	-0.072088	0.934211	0.128180	0.983986	0.123863	-0.928180	0.163020	-0.334526
56450	9.182078	1.206815	-3.128030	0.134259	-1.164657	-0.166363	-0.360360	-0.071862	0.930041	0.126394	0.984072	0.125010	-0.924211	0.162601	-0.345537
56451	9.105778	1.471882	-3.459199	0.226602	-1.187609	-0.165520	-0.371528	-0.071602	0.925657	0.123748	0.984306	0.125807	-0.920138	0.161289	-0.356837
56452	9.243786	1.709905	-4.022441	0.232951	-1.178143	-0.150288	-0.382528	-0.071222	0.921195	0.121090	0.984560	0.126404	-0.915974	0.159901	-0.367998
56453	9.067426	1.585351	-4.625557	0.274758	-1.165511	-0.139080	-0.393356	-0.070773	0.916658	0.118088	0.984885	0.126715	-0.911771	0.158090	-0.379053
56454	9.213052	2.057967	-4.476586	0.451157	-1.170333	-0.113243	-0.404134	-0.070092	0.912011	0.113578	0.985498	0.126070	-0.907621	0.154534	-0.390312
56455	9.654450	2.211749	-3.973071	0.300855	-1.141828	-0.078116	-0.414570	-0.069145	0.907387	0.110582	0.985892	0.125650	-0.903274	0.152431	-0.401075
56456	9.338660	1.570615	-4.216872	0.237364	-1.120686	-0.053310	-0.424726	-0.068004	0.902764	0.108264	0.986204	0.125224	-0.898825	0.150923	-0.411504
56457	9.450990	1.748572	-3.753836	0.271407	-1.134160	-0.027359	-0.434934	-0.066608	0.897995	0.105760	0.986579	0.124402	-0.894230	0.149078	-0.422052
56458	9.535448	1.646218	-3.422403	0.168812	-1.159599	-0.013306	-0.445289	-0.065048	0.893021	0.104239	0.986810	0.123857	-0.889299	0.148240	-0.432635
56459	9.437731	1.321793	-2.925602	0.137026	-1.199026	-0.014287	-0.455943	-0.063452	0.887744	0.103005	0.986991	0.123448	-0.884028	0.147727	-0.443476
56460	9.509845	1.302190	-2.170781	0.111600	-1.267622	-0.009298	-0.467123	-0.061705	0.882037	0.102021	0.987138	0.123088	-0.878287	0.147483	-0.454819
56461	9.748108	1.009177	-1.752429	-0.012263	-1.347325	0.007774	-0.478910	-0.059672	0.875833	0.102208	0.987112	0.123141	-0.871894	0.148491	-0.466639
56462	10.070802	0.613958	-1.197624	0.001793	-1.461337	0.032265	-0.491567	-0.057210	0.868959	0.102389	0.987122	0.122911	-0.864800	0.149391	-0.479379
56463	10.811408	0.459959	0.050569	0.056127	-1.617716	0.052043	-0.505439	-0.054314	0.861152	0.102206	0.987222	0.122253	-0.856788	0.149807	-0.493429
56464	11.560980	0.403185	1.574745	0.087150	-1.799062	0.070334	-0.520699	-0.050956	0.852218	0.101863	0.987379	0.121275	-0.847642	0.149957	-0.508936
56465	12.446156	-0.131706	3.182442	0.090794	-2.022859	0.055159	-0.537672	-0.047415	0.841820	0.101427	0.987530	0.120404	-0.837031	0.150121	-0.526158
56466	13.290310	-0.949382	5.195974	-0.039148	-2.247635	-0.033293	-0.556381	-0.044386	0.829741	0.101606	0.987444	0.120954	-0.824691	0.151603	-0.544886
56467	14.058177	-2.298862	4.931337	-0.359919	-2.438943	-0.160020	-0.576461	-0.042252	0.816032	0.103674	0.986810	0.124331	-0.810521	0.156273	-0.564477
56468	14.737292	-2.842192	4.992062	-0.143721	-2.687861	-0.258967	-0.598302	-0.040604	0.800241	0.103339	0.986464	0.127315	-0.794579	0.158869	-0.586008
56469	16.293738	-2.339678	4.709640	-0.159102	-2.872580	-0.393937	-0.621236	-0.039927	0.782606	0.102211	0.986040	0.131442	-0.776929	0.161648	-0.608483
56470	17.682202	-1.375835	4.436560	-0.122362	-2.880114	-0.580786	-0.643936	-0.040995	0.763981	0.099506	0.985594	0.136757	-0.758581	0.164083	-0.630580
56471	17.330100	0.451806	2.771131	0.045237	-2.981447	-0.811872	-0.666987	-0.044135	0.743761	0.093863	0.985314	0.142643	-0.739133	0.164952	-0.653049
56472	17.605507	3.222583	-2.809706	0.536526	-3.133347	-0.917106	-0.690637	-0.048097	0.721600	0.083752	0.985753	0.145862	-0.718336	0.161173	-0.676770
56473	16.255172	6.020299	-7.486494	1.133625	-3.389035	-0.852952	-0.715177	-0.051259	0.697061	0.069753	0.987094	0.144153	-0.695454	0.151717	-0.702371
56474	15.782053	6.243556	-10.047468	1.223878	-3.566004	-0.600421	-0.739911	-0.051995	0.670692	0.057046	0.988567	0.139572	-0.670281	0.141531	-0.728486
56475	14.542870	4.763500	-8.926916	1.031357	-3.449259	-0.314147	-0.762687	-0.050422	0.644800	0.047909	0.989813	0.134069	-0.644991	0.133144	-0.752502
56476	12.501238	3.928773	-8.276083	0.584488	-2.990905	-0.123787	-0.781693	-0.047762	0.621832	0.043265	0.990508	0.130467	-0.622161	0.128889	-0.772207
56477	10.093459	3.053871	-8.040988	0.265251	-2.369125	0.001879	-0.796139	-0.044768	0.603456	0.041655	0.990839	0.128463	-0.603679	0.127411	-0.786980
56478	8.002219	2.342643	-8.681436	0.005557	-1.678360	0.075511	-0.806125	-0.041908	0.590259	0.042240	0.990869	0.128039	-0.590236	0.128148	-0.796994
56479	6.235463	1.308667	-10.599129	0.081155	-1.106614	0.098731	-0.812493	-0.039577	0.581627	0.042562	0.991003	0.126888	-0.581416	0.127851	-0.803499
56480	6.191048	-0.827854	-11.852229	0.421379	-0.756007	0.091116	-0.816827	-0.037754	0.575647	0.040878	0.991560	0.123036	-0.575433	0.124030	-0.808389
56481	6.782558	-1.822434	-7.636335	1.160884	-0.224124	0.214010	-0.817962	-0.035427	0.574180	0.035950	0.993003	0.112482	-0.574147	0.112648	-0.810966
56482	7.862625	-0.032661	-3.597082	1.201086	0.489495	0.397961	-0.815004	-0.032027	0.578569	0.032288	0.994410	0.100528	-0.578555	0.100612	-0.809414
56483	8.167996	2.137472	-4.634365	0.608669	1.201883	0.500652	-0.807753	-0.028278	0.588842	0.032791	0.995147	0.092772	-0.588608	0.094245	-0.802906
56484	6.500937	1.165479	-6.648531	-0.068170	1.827094	0.477710	-0.796697	-0.025281	0.603850	0.037042	0.995204	0.090538	-0.603243	0.094499	-0.791939
56485	4.896668	-0.515500	-7.436988	-0.105597	2.329305	0.466712	-0.782167	-0.022905	0.622647	0.041368	0.995210	0.088577	-0.621694	0.095040	-0.777473
56486	4.877461	-0.503861	-6.291052	0.103427	2.814543	0.529358	-0.764132	-0.020322	0.644740	0.044822	0.995415	0.084498	-0.643501	0.093466	-0.759718
56487	5.720162	0.970695	-5.316312	0.037999	3.352629	0.601161	-0.741764	-0.017514	0.670432	0.049097	0.995559	0.080328	-0.668861	0.092501	-0.737610
56488	6.079433	2.080078	-5.436320	-0.454461	3.880853	0.632038	-0.714923	-0.014922	0.699043	0.056825	0.995225	0.079361	-0.696890	0.096460	-0.710662
56489	5.324589	1.626542	-6.078783	-0.997692	4.397267	0.637590	-0.683120	-0.013086	0.730189	0.068391	0.994299	0.081800	-0.727097	0.105818	-0.678330
56490	4.253286	0.469617	-6.901155	-1.270977	4.856149	0.681166	-0.646528	-0.011782	0.762799	0.082389	0.992954	0.085168	-0.758429	0.117909	-0.641002
56491	3.405215	-0.630511	-7.214009	-1.213825	5.322002	0.764291	-0.604515	-0.010836	0.796520	0.096586	0.991533	0.086792	-0.790717	0.129400	-0.598350
56492	2.883293	-1.171842	-7.512013	-0.989370	5.774259	0.857545	-0.557020	-0.010111	0.830437	0.109587	0.990288	0.085563	-0.823237	0.138666	-0.550502
56493	2.706106	-1.120157	-8.055301	-0.683679	6.178986	0.929881	-0.503979	-0.009717	0.863661	0.120280	0.989404	0.081319	-0.855300	0.144864	-0.497470
56494	3.191027	-0.600054	-8.739562	-0.372930	6.561406	0.970118	-0.445626	-0.009761	0.895166	0.128177	0.988942	0.074592	-0.885996	0.147979	-0.439447
56495	4.154631	-0.152570	-11.605945	0.002399	6.927006	1.028355	-0.381799	-0.009862	0.924193	0.132437	0.989040	0.065265	-0.914707	0.147316	-0.376309
56496	5.370468	0.219136	-12.472449	0.580187	7.349417	1.048303	-0.312197	-0.010113	0.949964	0.130740	0.989972	0.053505	-0.940978	0.140902	-0.307744
56497	6.018287	1.324481	-12.331967	0.933734	7.742680	0.900751	-0.237201	-0.011746	0.971390	0.124354	0.991334	0.042353	-0.963469	0.130842	-0.233684
56498	7.606832	2.846933	-11.560320	0.791074	8.092983	0.715676	-0.157630	-0.014912	0.987386	0.118131	0.992421	0.033847	-0.980407	0.121976	-0.154674
56499	6.716024	3.563393	-10.136171	0.268504	8.342928	0.623226	-0.074574	-0.018769	0.997039	0.116253	0.992842	0.027385	-0.990416	0.117950	-0.071858
56500	6.144728	3.343018	-8.115299	0.083229	8.073573	0.628567	0.006277	-0.021988	0.999739	0.115704	0.993059	0.021115	-0.993264	0.115542	0.008778
56501	5.898983	5.974816	-3.604318	-0.006466	7.420159	0.932251	0.081019	-0.021282	0.996485	0.115416	0.993247	0.011829	-0.990008	0.114052	0.082928
56502	9.934605	8.519002	-3.533216	-0.236004	6.325497	1.262299	0.144892	-0.016029	0.989318	0.116386	0.993204	-0.000954	-0.982579	0.115281	0.145773
56503	17.042151	5.313034	-5.163312	-1.731051	5.601164	1.052355	0.200955	-0.012549	0.979520	0.131539	0.991208	-0.014287	-0.970729	0.131716	0.200839
56504	7.768511	-1.152823	-3.300217	-2.303606	4.615445	0.515511	0.246187	-0.014074	0.969120	0.152666	0.987976	-0.024434	-0.957123	0.153967	0.245375
56505	-0.749891	-3.615840	-1.770464	-1.641030	2.942288	0.143074	0.274452	-0.017474	0.961442	0.167983	0.985332	-0.030044	-0.946815	0.169752	0.273362
56506	-0.243749	-1.928318	2.132726	-1.364795	0.972654	-0.071160	0.283511	-0.019923	0.958762	0.181139	0.982899	-0.033139	-0.941706	0.183065	0.282271
56507	0.692434	-5.578442	-1.367572	-1.503997	-0.728053	-0.474879	0.275784	-0.023239	0.960939	0.196690	0.979919	-0.032751	-0.940881	0.198039	0.274817
56508	3.177193	-4.900521	-4.347105	-0.515727	-2.173824	-0.877117	0.253519	-0.027495	0.966939	0.203945	0.978646	-0.025644	-0.945587	0.203704	0.253713
56509	15.580686	-3.909260	6.150737	-0.163483	-2.025285	-0.727606	0.232844	-0.030498	0.972036	0.207328	0.978087	-0.018976	-0.950157	0.205949	0.234065
56510	22.317494	-2.624852	9.174360	-1.410739	-0.856059	-0.087889	0.224524	-0.029566	0.974020	0.220995	0.975041	-0.021345	-0.949079	0.220046	0.225454
56511	13.767393	-5.219482	-0.425314	-2.094269	-1.011700	-0.224020	0.214442	-0.029442	0.976293	0.241396	0.970136	-0.023766	-0.946437	0.240770	0.215145
56512	12.516783	-7.054538	-1.056634	-0.437335	-1.738248	-0.673898	0.196319	-0.031781	0.980025	0.246993	0.968849	-0.018059	-0.948922	0.245605	0.198053
56513	13.435167	-0.187024	-2.987795	1.327262	-1.892148	-0.610884	0.176846	-0.033193	0.983679	0.235551	0.971815	-0.009555	-0.955636	0.233396	0.179681
56514	11.309609	8.129216	-4.053943	1.683287	-2.152740	-0.661441	0.154681	-0.034809	0.987351	0.220566	0.975372	-0.000168	-0.963029	0.217802	0.158549
56515	11.394749	10.244890	-3.675878	0.695556	-2.219062	-0.687554	0.131771	-0.036774	0.990598	0.214898	0.976606	0.007669	-0.967706	0.211867	0.136591
56516	10.733996	6.646269	-4.384133	-0.780474	-1.977795	-0.661230	0.111172	-0.038985	0.993036	0.223323	0.974654	0.013262	-0.968384	0.220294	0.117060
56517	9.914718	-1.125229	-6.874010	-0.977371	-1.836823	-0.682373	0.091824	-0.041522	0.994909	0.233546	0.972160	0.019018	-0.968000	0.230611	0.098965
56518	11.222247	-3.174383	-6.334809	0.525079	-1.743191	-0.672478	0.073367	-0.044113	0.996329	0.229077	0.973055	0.026214	-0.970639	0.226313	0.081496
56519	11.283285	0.306674	-4.703661	1.403862	-1.568834	-0.529310	0.056912	-0.045851	0.997326	0.215833	0.975888	0.032549	-0.974770	0.213404	0.065436
56520	10.705844	3.765039	-3.169545	1.160927	-1.483330	-0.295340	0.041805	-0.045682	0.998081	0.204709	0.978153	0.036196	-0.977930	0.202803	0.050243
56521	10.765743	5.454559	-2.775999	0.185580	-1.352848	-0.155931	0.028225	-0.044502	0.998610	0.203017	0.978443	0.037865	-0.978768	0.201666	0.036652
56522	10.583759	2.357623	-3.306207	-0.563093	-1.160168	-0.226291	0.016407	-0.044373	0.998880	0.208640	0.977175	0.039981	-0.977855	0.207750	0.025290
56523	10.509789	-1.356668	-3.119941	0.116651	-1.028185	-0.253106	0.005790	-0.044749	0.998981	0.207598	0.977287	0.042574	-0.978197	0.207140	0.014948
56524	10.330893	0.660551	-1.274833	0.894654	-0.917961	-0.175151	-0.003556	-0.044631	0.998997	0.198904	0.979011	0.044446	-0.980013	0.198862	0.005396
56525	9.727188	1.746020	-0.450596	0.568113	-0.881400	-0.116149	-0.012464	-0.044072	0.998951	0.193394	0.980058	0.045651	-0.981042	0.193760	-0.003692
56526	9.540455	0.297038	-0.233339	0.244993	-0.894975	-0.123399	-0.021485	-0.043589	0.998819	0.191032	0.980463	0.046897	-0.981349	0.191814	-0.012738
56527	9.293074	-0.106731	0.021307	0.320778	-0.891513	-0.128315	-0.030516	-0.043183	0.998601	0.187921	0.981003	0.048165	-0.981710	0.189128	-0.021822
56528	8.980271	0.030431	0.138388	0.425211	-0.924148	-0.142911	-0.039858	-0.042888	0.998285	0.183758	0.981724	0.049513	-0.982163	0.185416	-0.031249
56529	8.899574	0.213800	0.167030	0.561782	-0.973445	-0.162483	-0.049753	-0.042736	0.997847	0.178235	0.982667	0.050973	-0.982729	0.180387	-0.041274
56530	9.035785	0.904053	0.580757	0.653505	-1.001621	-0.159295	-0.059880	-0.042558	0.997298	0.171785	0.983745	0.052294	-0.983313	0.174452	-0.051595
56531	9.060100	0.702161	0.417735	0.629019	-1.036086	-0.165690	-0.070384	-0.042444	0.996617	0.165559	0.984741	0.053630	-0.983685	0.168774	-0.062283
56532	8.949138	0.330049	0.478966	0.688104	-1.089044	-0.175911	-0.081384	-0.042406	0.995780	0.158717	0.985794	0.054953	-0.983964	0.162520	-0.073498
56533	8.960601	0.383371	0.312446	0.788494	-1.146324	-0.164455	-0.092952	-0.042240	0.994774	0.150881	0.986964	0.056007	-0.984172	0.155299	-0.085367
56534	9.245963	1.002245	-0.063820	0.863579	-1.153984	-0.149261	-0.104529	-0.042001	0.993634	0.142295	0.988197	0.056740	-0.984289	0.147320	-0.097319
56535	9.419061	1.630538	-0.677559	0.761909	-1.126570	-0.128901	-0.115825	-0.041689	0.992394	0.134720	0.989227	0.057280	-0.984091	0.140330	-0.108961
56536	9.704718	1.457999	-1.679980	0.616573	-1.103334	-0.110546	-0.126826	-0.041298	0.991065	0.128580	0.990019	0.057709	-0.983556	0.134750	-0.120250
56537	9.959342	1.654691	-2.708388	0.612312	-1.048401	-0.100837	-0.137291	-0.040949	0.989684	0.122493	0.990774	0.057986	-0.982928	0.129190	-0.131008
56538	9.894525	1.541380	-3.302135	0.505900	-0.987964	-0.077234	-0.147090	-0.040493	0.988294	0.117471	0.991375	0.058103	-0.982123	0.124643	-0.141065
56539	10.212954	0.194625	-2.833200	0.513946	-0.953957	-0.070293	-0.156568	-0.040060	0.986854	0.112385	0.991965	0.058098	-0.981252	0.120004	-0.150808
