// General information: 
//  MT Manager version: 2022.2.0 
//  XDA version: 2022.2.0 build 7381 rev 124627 built on 2023-07-19
// Device information: 
//  DeviceId: 00B4CB9F
//  ProductCode: MTW2-3A7G6
//  Firmware Version: 4.6.0
//  Hardware Version: 2.0.0
// Device settings: 
//  Filter Profile: human(46.1)
//  Option Flags: Orientation Smoother Disabled, Position/Velocity Smoother Disabled, Continuous Zero Rotation Update Disabled, AHS Disabled, ICC Disabled
// Coordinate system: ENU
PacketCounter	Acc_X	Acc_Y	Acc_Z	Gyr_X	Gyr_Y	Gyr_Z	Mat[1][1]	Mat[2][1]	Mat[3][1]	Mat[1][2]	Mat[2][2]	Mat[3][2]	Mat[1][3]	Mat[2][3]	Mat[3][3]
10152	9.760658	1.757145	-0.172157	0.152469	0.002809	-0.199708	0.049667	-0.086746	0.994992	-0.581263	0.807618	0.099425	-0.812198	-0.583290	-0.010311
10153	9.544696	2.097695	-0.381385	0.060640	-0.010048	-0.178182	0.050461	-0.088287	0.994816	-0.581712	0.807083	0.101133	-0.811828	-0.583800	-0.010631
10154	9.496619	1.993673	-0.559894	-0.075804	-0.034438	-0.169062	0.051090	-0.089854	0.994644	-0.581048	0.807353	0.102780	-0.812264	-0.583187	-0.010962
10155	9.390509	1.509617	-0.438325	-0.200646	-0.083841	-0.175970	0.051271	-0.091810	0.994456	-0.579372	0.808337	0.104498	-0.813449	-0.581518	-0.011748
10156	9.655896	1.003899	-0.694241	-0.283182	-0.103765	-0.177259	0.051376	-0.093848	0.994260	-0.577013	0.809794	0.106252	-0.815117	-0.579160	-0.012547
10157	9.821229	0.453327	-0.735707	-0.299010	-0.131057	-0.201292	0.051307	-0.096285	0.994031	-0.574516	0.811305	0.108239	-0.816884	-0.576640	-0.013691
10158	10.065454	0.068721	-0.413286	-0.241980	-0.115326	-0.215958	0.051529	-0.098702	0.993782	-0.572464	0.812467	0.110377	-0.818309	-0.574592	-0.014638
10159	10.227257	0.155425	-0.224077	-0.135594	-0.058337	-0.194049	0.052000	-0.100660	0.993561	-0.571300	0.813027	0.112270	-0.819093	-0.573459	-0.015229
10160	10.156792	0.706535	0.091521	-0.041223	-0.002461	-0.179428	0.052930	-0.102133	0.993362	-0.570906	0.813060	0.114015	-0.819308	-0.573151	-0.015273
10161	10.050152	1.319235	0.338261	-0.005697	0.045806	-0.167332	0.054100	-0.103274	0.993181	-0.570817	0.812896	0.115621	-0.819293	-0.573179	-0.014973
10162	10.317836	2.018115	0.588792	-0.032327	0.129536	-0.157783	0.055987	-0.103815	0.993020	-0.570503	0.812897	0.117149	-0.819385	-0.573080	-0.013714
10163	9.630119	2.236926	0.901828	-0.102748	0.161350	-0.155789	0.058040	-0.104200	0.992861	-0.569620	0.813299	0.118654	-0.819857	-0.572440	-0.012150
10164	10.090762	2.135163	1.331425	-0.175441	0.223503	-0.162710	0.060725	-0.104246	0.992696	-0.568122	0.814112	0.120245	-0.820701	-0.571274	-0.009788
10165	9.895344	1.736285	1.626153	-0.262154	0.297569	-0.154083	0.063891	-0.103847	0.992539	-0.565920	0.815422	0.121745	-0.821981	-0.569476	-0.006671
10166	10.328038	1.401532	2.058170	-0.348593	0.386521	-0.155595	0.067876	-0.102920	0.992371	-0.562988	0.817222	0.123262	-0.823673	-0.567059	-0.002474
10167	10.658881	1.172285	2.495983	-0.378313	0.533075	-0.180969	0.073142	-0.101424	0.992151	-0.559788	0.819152	0.125007	-0.825402	-0.564537	0.003138
10168	10.725974	1.052123	3.017267	-0.321417	0.717544	-0.207098	0.080151	-0.099078	0.991846	-0.557013	0.820736	0.126998	-0.826627	-0.562651	0.010595
10169	10.330768	1.162330	3.305419	-0.224989	0.912968	-0.231451	0.088850	-0.095879	0.991420	-0.555005	0.821751	0.129209	-0.827089	-0.561723	0.019799
10170	9.968005	1.595266	3.405135	-0.129742	1.079669	-0.269476	0.099198	-0.092028	0.990803	-0.553718	0.822206	0.131806	-0.826774	-0.561701	0.030603
10171	9.791007	2.193714	3.112552	-0.080413	1.194032	-0.314076	0.110676	-0.087928	0.989959	-0.552772	0.822351	0.134840	-0.825951	-0.562145	0.042410
10172	9.906800	2.757607	2.933467	-0.094983	1.251883	-0.353929	0.122890	-0.083798	0.988876	-0.551615	0.822561	0.138255	-0.824996	-0.562469	0.054860
10173	10.207125	3.304059	2.671699	-0.189992	1.258151	-0.383269	0.135258	-0.079903	0.987583	-0.549600	0.823291	0.141883	-0.824406	-0.561967	0.067443
10174	10.322039	3.767233	2.426354	-0.358997	1.267425	-0.398456	0.147818	-0.076075	0.986084	-0.546118	0.824974	0.145511	-0.824563	-0.560028	0.080400
10175	10.101107	4.060989	2.133872	-0.579419	1.273338	-0.408959	0.160439	-0.072375	0.984389	-0.540754	0.827879	0.149002	-0.825739	-0.556218	0.093687
10176	9.900752	4.048717	1.648791	-0.784692	1.257055	-0.458807	0.173224	-0.069224	0.982447	-0.533543	0.831876	0.152689	-0.827844	-0.550627	0.107167
10177	10.420259	3.520491	1.278057	-0.893979	1.225578	-0.492863	0.185893	-0.066658	0.980306	-0.525293	0.836409	0.156483	-0.830368	-0.544037	0.120468
10178	10.941744	2.814963	1.177679	-0.913723	1.228672	-0.490890	0.198596	-0.064130	0.977981	-0.516795	0.841007	0.160092	-0.832756	-0.537209	0.133878
10179	11.471674	2.074164	1.305691	-0.863820	1.262651	-0.465044	0.211410	-0.061343	0.975471	-0.508688	0.845302	0.163403	-0.834591	-0.530755	0.147501
10180	11.577949	1.443809	1.418106	-0.737253	1.308818	-0.461949	0.224600	-0.058341	0.972703	-0.501570	0.848899	0.166729	-0.835453	-0.525326	0.161401
10181	11.405839	0.881809	1.583176	-0.537082	1.324249	-0.483878	0.237977	-0.055555	0.969681	-0.496013	0.851409	0.170509	-0.835068	-0.521552	0.175060
10182	10.452949	0.331871	2.119576	-0.289109	1.271870	-0.499808	0.250985	-0.053186	0.966529	-0.492426	0.852622	0.174790	-0.833380	-0.519814	0.187805
10183	9.627176	-0.322221	2.462366	0.012344	1.129430	-0.512194	0.262801	-0.051705	0.963464	-0.491264	0.852264	0.179738	-0.830419	-0.520550	0.198575
10184	8.677000	-0.863758	2.508782	0.371018	0.949895	-0.518630	0.273149	-0.051153	0.960611	-0.492994	0.850039	0.185448	-0.826042	-0.524231	0.206969
10185	7.841675	-1.001147	2.005708	0.704535	0.784744	-0.479000	0.281882	-0.051096	0.958088	-0.497517	0.846053	0.191497	-0.820377	-0.530645	0.213066
10186	8.256681	-0.535710	1.199365	0.934213	0.646987	-0.424557	0.289224	-0.051213	0.955891	-0.503986	0.840819	0.197539	-0.813847	-0.538889	0.217374
10187	9.643059	0.076361	0.303875	1.079712	0.586493	-0.400243	0.295905	-0.051393	0.953834	-0.511618	0.834719	0.203693	-0.806652	-0.548272	0.220704
10188	10.966137	0.962530	-0.582862	1.134168	0.660589	-0.358491	0.302985	-0.050718	0.951645	-0.519697	0.828240	0.209603	-0.798821	-0.558073	0.224587
10189	11.056746	1.943474	-1.154865	1.077367	0.816327	-0.256686	0.310705	-0.048258	0.949281	-0.527529	0.822024	0.214452	-0.790681	-0.567404	0.229950
10190	10.217289	2.983729	-1.521555	0.895173	0.930680	-0.128257	0.318638	-0.043992	0.946855	-0.534216	0.816828	0.217727	-0.782996	-0.575201	0.236772
10191	9.300018	3.704149	-1.695751	0.599190	0.953366	-0.048166	0.326210	-0.038900	0.944496	-0.538793	0.813317	0.219585	-0.776717	-0.580519	0.244354
10192	8.617088	4.246783	-1.721805	0.259314	0.913913	-0.047725	0.333476	-0.033971	0.942146	-0.540692	0.811767	0.220650	-0.772299	-0.582992	0.252337
10193	8.023750	4.299043	-1.423937	-0.068860	0.827474	-0.059781	0.340053	-0.029671	0.939938	-0.540020	0.812117	0.221006	-0.769898	-0.582739	0.260140
10194	7.694804	4.232422	-0.824334	-0.333932	0.706806	-0.055032	0.345719	-0.026009	0.937978	-0.537310	0.814020	0.220613	-0.769270	-0.580255	0.267447
10195	7.572795	3.932694	-0.055515	-0.545179	0.590685	-0.009157	0.350185	-0.022718	0.936405	-0.533142	0.817135	0.219202	-0.770149	-0.575998	0.274036
10196	7.492618	3.426503	0.679816	-0.712131	0.479498	0.081269	0.353382	-0.019304	0.935280	-0.527985	0.821210	0.216441	-0.772239	-0.570300	0.280008
10197	7.410276	2.679263	1.205872	-0.825326	0.368296	0.193596	0.355084	-0.015678	0.934703	-0.522345	0.825887	0.212286	-0.775287	-0.563617	0.285070
10198	7.373710	1.713940	1.584932	-0.837552	0.246217	0.276170	0.355493	-0.012010	0.934602	-0.516867	0.830594	0.207273	-0.778764	-0.556749	0.289063
10199	7.536599	0.823538	1.762088	-0.745687	0.138077	0.325181	0.354766	-0.008595	0.934916	-0.512263	0.834721	0.202059	-0.782130	-0.550606	0.291728
10200	7.894490	0.136649	1.708683	-0.557541	0.070908	0.349190	0.353469	-0.005284	0.935432	-0.509181	0.837779	0.197135	-0.784726	-0.545984	0.293438
10201	8.038575	-0.410511	1.508801	-0.331617	0.033238	0.393632	0.351593	-0.001856	0.936151	-0.508024	0.839565	0.192464	-0.786317	-0.543257	0.294243
10202	7.924186	-0.617083	1.274593	-0.098102	-0.031629	0.440706	0.349034	0.001676	0.937109	-0.508845	0.840074	0.188021	-0.786925	-0.542469	0.294068
10203	7.823343	-0.666080	1.072393	0.108406	-0.130956	0.484354	0.345392	0.004983	0.938445	-0.511442	0.839436	0.183777	-0.786849	-0.543435	0.292483
10204	7.819295	-0.580671	1.025775	0.296412	-0.231845	0.512516	0.340867	0.008021	0.940077	-0.515581	0.837764	0.179799	-0.786121	-0.545973	0.289702
10205	8.246109	-0.152642	1.265527	0.463426	-0.297277	0.534498	0.335614	0.010817	0.941937	-0.521091	0.835142	0.176075	-0.784747	-0.549928	0.285922
10206	8.603331	0.629032	1.441679	0.604406	-0.293093	0.533482	0.330450	0.013646	0.943725	-0.527652	0.831713	0.172734	-0.782551	-0.555038	0.282040
10207	8.571749	1.534002	1.671603	0.606535	-0.253602	0.519073	0.325560	0.016495	0.945377	-0.534157	0.828219	0.169497	-0.780184	-0.560161	0.278446
10208	7.997084	2.241678	2.037906	0.391077	-0.307116	0.530476	0.320249	0.019158	0.947140	-0.538966	0.825903	0.165531	-0.779074	-0.563487	0.274820
10209	7.533783	2.449735	2.423545	0.151754	-0.462126	0.542978	0.313559	0.020985	0.949337	-0.541931	0.824904	0.160762	-0.779738	-0.564883	0.270029
10210	7.682352	2.447710	2.522260	0.004433	-0.620332	0.547557	0.305674	0.021997	0.951882	-0.543708	0.824736	0.155540	-0.781630	-0.565090	0.264060
10211	8.097343	2.553681	2.225285	-0.064703	-0.749855	0.542272	0.296701	0.022184	0.954713	-0.544893	0.824948	0.150170	-0.784258	-0.564772	0.256851
10212	8.033618	2.969021	1.407204	-0.084136	-0.871390	0.541917	0.286827	0.021737	0.957736	-0.545860	0.825279	0.144746	-0.787253	-0.564307	0.248577
10213	9.325015	3.781407	1.686003	-0.046725	-1.028908	0.485100	0.275911	0.019880	0.960978	-0.546913	0.825409	0.139951	-0.790417	-0.564185	0.238612
10214	12.470010	4.243383	3.661754	-0.012391	-0.999334	0.368732	0.265908	0.017286	0.963843	-0.547860	0.825385	0.136343	-0.793185	-0.564306	0.228947
10215	13.876004	3.548519	3.994900	0.002651	-0.790870	0.375108	0.257425	0.015857	0.966168	-0.548917	0.825275	0.132708	-0.795250	-0.564508	0.221150
10216	12.194887	3.484820	2.854446	0.048776	-0.744216	0.476764	0.248808	0.015588	0.968427	-0.550557	0.824899	0.128171	-0.796857	-0.565064	0.213823
10217	11.110518	4.622146	2.824096	0.178301	-0.849661	0.394600	0.239714	0.013968	0.970743	-0.552995	0.823800	0.124702	-0.797956	-0.566709	0.205201
10218	10.850251	4.658982	4.020634	0.366154	-0.793360	0.234332	0.232012	0.011388	0.972646	-0.556514	0.821664	0.123129	-0.797786	-0.569858	0.196973
10219	10.072135	3.254331	4.518415	0.372032	-0.645516	0.240556	0.225389	0.009601	0.974221	-0.560080	0.819481	0.121500	-0.797189	-0.573027	0.190079
10220	9.897861	1.562937	3.091931	0.040465	-0.620963	0.385656	0.218201	0.009201	0.975861	-0.561302	0.819187	0.117782	-0.798329	-0.573453	0.183912
10221	9.612993	0.432298	0.880219	-0.386788	-0.676370	0.568700	0.209477	0.009926	0.977763	-0.559470	0.821313	0.111524	-0.801943	-0.570391	0.177600
10222	8.985149	-0.105161	-0.178414	-0.463031	-0.782267	0.726589	0.199057	0.011456	0.979921	-0.557275	0.823843	0.103572	-0.806115	-0.566702	0.170376
10223	8.516686	-0.580965	-0.230863	-0.362178	-0.888992	0.768821	0.187465	0.012701	0.982189	-0.555881	0.825767	0.095420	-0.809848	-0.563868	0.161863
10224	8.702150	-1.209259	-0.658606	-0.235646	-0.982867	0.685350	0.175609	0.012832	0.984376	-0.555256	0.826981	0.088275	-0.812928	-0.562083	0.152351
10225	9.361316	-0.512962	-0.811637	-0.077176	-0.983135	0.519932	0.164581	0.011541	0.986296	-0.555558	0.827322	0.083024	-0.815027	-0.561609	0.142573
10226	9.819490	1.243087	-0.311582	0.039316	-0.901403	0.401458	0.154923	0.009798	0.987878	-0.556562	0.827034	0.079079	-0.816234	-0.562067	0.133580
10227	9.906156	2.132122	0.798375	0.022679	-0.863219	0.391886	0.145545	0.008116	0.989318	-0.557382	0.826842	0.075217	-0.817400	-0.562375	0.124866
10228	9.882493	1.482131	1.642368	-0.037953	-0.875806	0.443447	0.135834	0.006859	0.990708	-0.557737	0.826998	0.070744	-0.818828	-0.562163	0.116160
10229	9.683163	0.709764	2.106542	0.044411	-0.889578	0.460716	0.125832	0.005593	0.992036	-0.558747	0.826691	0.066212	-0.819737	-0.562628	0.107149
10230	10.130454	0.964180	2.413114	0.243355	-0.829601	0.403748	0.116698	0.004252	0.993158	-0.561272	0.825275	0.062417	-0.819363	-0.564715	0.098694
10231	10.278138	1.955351	3.016469	0.389000	-0.700885	0.294858	0.109161	0.002642	0.994021	-0.564831	0.823034	0.059841	-0.817955	-0.567986	0.091336
10232	10.265321	2.597893	3.617712	0.297874	-0.573480	0.216137	0.103176	0.001155	0.994662	-0.567535	0.821310	0.057916	-0.816859	-0.570481	0.085395
10233	10.215030	1.983620	3.555673	-0.036292	-0.500042	0.185842	0.097907	-0.000241	0.995196	-0.567466	0.821489	0.056026	-0.817555	-0.570225	0.080292
10234	10.361053	0.447501	3.167595	-0.351681	-0.467889	0.169886	0.093040	-0.001505	0.995661	-0.564788	0.823466	0.054021	-0.819974	-0.567364	0.075765
10235	9.800641	-1.055915	2.172911	-0.536482	-0.442457	0.218748	0.088054	-0.002267	0.996113	-0.560617	0.826476	0.051438	-0.823380	-0.562967	0.071503
10236	9.108024	-1.591963	0.588147	-0.620035	-0.492288	0.274555	0.082384	-0.002751	0.996597	-0.555773	0.829934	0.048234	-0.827242	-0.557856	0.066844
10237	9.625559	-1.760500	-0.287434	-0.604484	-0.582623	0.280122	0.075882	-0.003716	0.997110	-0.551022	0.833274	0.045039	-0.831033	-0.552848	0.061183
10238	9.730029	-1.886391	-0.647660	-0.471202	-0.531448	0.267170	0.069916	-0.004412	0.997543	-0.547334	0.835857	0.042058	-0.833989	-0.548929	0.056025
10239	9.804380	-1.903977	-0.776314	-0.257234	-0.508050	0.237236	0.064251	-0.005263	0.997920	-0.545385	0.837253	0.039531	-0.835720	-0.546790	0.050924
10240	10.096075	-1.940938	-0.648518	0.006619	-0.453305	0.210603	0.059239	-0.005977	0.998226	-0.545609	0.837205	0.037391	-0.835943	-0.546856	0.046334
10241	10.071171	-1.930997	-0.459146	0.268099	-0.404351	0.211542	0.054570	-0.006471	0.998489	-0.548009	0.835725	0.035367	-0.834691	-0.549111	0.042059
10242	10.142643	-1.500950	-0.363708	0.478350	-0.370000	0.215777	0.050225	-0.006708	0.998715	-0.552147	0.833079	0.033363	-0.832232	-0.553114	0.038138
10243	10.105441	-0.784156	-0.232571	0.594769	-0.347362	0.216731	0.045997	-0.006880	0.998918	-0.557232	0.829764	0.031374	-0.829082	-0.558072	0.034333
10244	10.093247	0.163310	0.022778	0.623871	-0.318727	0.222664	0.042039	-0.006823	0.999093	-0.562529	0.826258	0.029312	-0.825708	-0.563251	0.030897
10245	9.874790	1.213338	0.166001	0.535927	-0.318722	0.232895	0.037954	-0.006748	0.999257	-0.567079	0.823217	0.027098	-0.822788	-0.567686	0.027418
10246	9.781886	1.743608	0.438402	0.361836	-0.340436	0.228105	0.033785	-0.006810	0.999406	-0.570172	0.821149	0.024870	-0.820831	-0.570673	0.023860
10247	9.525763	1.713915	0.550377	0.143339	-0.365165	0.214525	0.029425	-0.007182	0.999541	-0.571454	0.820320	0.022717	-0.820107	-0.571860	0.020033
10248	9.353175	1.352389	0.364197	-0.073242	-0.409245	0.211104	0.024787	-0.007789	0.999662	-0.570947	0.820730	0.020552	-0.820613	-0.571263	0.015896
10249	9.222586	0.470455	0.412543	-0.227318	-0.456103	0.202386	0.019752	-0.008778	0.999766	-0.569162	0.822018	0.018462	-0.821988	-0.569393	0.011240
10250	9.472114	-0.458973	0.448297	-0.269152	-0.482523	0.195469	0.014597	-0.009911	0.999844	-0.567017	0.823542	0.016442	-0.823577	-0.567169	0.006401
10251	9.572853	-1.278670	0.435163	-0.195605	-0.471437	0.193469	0.009482	-0.011035	0.999894	-0.565465	0.824646	0.014463	-0.824718	-0.565542	0.001579
10252	9.866979	-1.730956	0.614310	-0.039914	-0.450550	0.184869	0.004646	-0.012057	0.999917	-0.565185	0.824869	0.012572	-0.824951	-0.565196	-0.002982
10253	10.031040	-1.459498	0.730860	0.139319	-0.388959	0.175627	0.000309	-0.012851	0.999917	-0.566374	0.824078	0.010767	-0.824148	-0.566331	-0.007024
10254	9.914038	-0.616018	0.846203	0.277730	-0.339304	0.169596	-0.003521	-0.013380	0.999904	-0.568694	0.822500	0.009003	-0.822542	-0.568608	-0.010505
10255	9.848497	0.206967	0.948463	0.310095	-0.321580	0.171630	-0.007276	-0.013840	0.999878	-0.571268	0.820732	0.007203	-0.820731	-0.571146	-0.013878
10256	9.729952	0.428387	0.884008	0.267861	-0.328775	0.176973	-0.011059	-0.014270	0.999837	-0.573483	0.819200	0.005348	-0.819142	-0.573331	-0.017243
10257	9.610408	0.273404	0.696764	0.221656	-0.336209	0.176857	-0.014958	-0.014789	0.999779	-0.575310	0.817928	0.003491	-0.817799	-0.575130	-0.020743
10258	9.490812	0.088664	0.434248	0.186528	-0.360761	0.166425	-0.018939	-0.015506	0.999700	-0.576841	0.816855	0.001742	-0.816637	-0.576635	-0.024415
10259	9.736367	0.129346	0.287242	0.156600	-0.362823	0.134224	-0.022804	-0.016539	0.999603	-0.578125	0.815948	0.000312	-0.815629	-0.577889	-0.028168
10260	10.056614	0.093093	0.354171	0.136218	-0.330353	0.108404	-0.026198	-0.017567	0.999502	-0.579244	0.815154	-0.000856	-0.814733	-0.578978	-0.031531
10261	9.992362	0.007834	0.352145	0.096498	-0.289499	0.107158	-0.029303	-0.018405	0.999401	-0.580034	0.814590	-0.002006	-0.814065	-0.579745	-0.034545
10262	9.941355	-0.024273	0.395927	0.092564	-0.272751	0.104026	-0.032200	-0.019140	0.999298	-0.580789	0.814048	-0.003123	-0.813417	-0.580482	-0.037329
10263	10.059140	0.122284	0.419020	0.103056	-0.240028	0.105533	-0.034888	-0.019708	0.999197	-0.581625	0.813446	-0.004264	-0.812708	-0.581307	-0.039843
10264	10.192295	0.236747	0.335224	0.064861	-0.268702	0.105501	-0.037760	-0.020414	0.999078	-0.582147	0.813065	-0.005389	-0.812206	-0.581814	-0.042585
10265	10.198977	0.331726	-0.251822	-0.004218	-0.299834	0.097000	-0.040880	-0.021400	0.998935	-0.582108	0.813086	-0.006403	-0.812083	-0.581750	-0.045696
10266	9.787848	0.271061	-0.704999	-0.071553	-0.341774	0.088746	-0.044246	-0.022667	0.998763	-0.581523	0.813497	-0.007300	-0.812326	-0.581127	-0.049175
10267	9.243724	-0.064957	-1.529101	-0.164088	-0.362818	0.071738	-0.047731	-0.024220	0.998567	-0.580189	0.814443	-0.007978	-0.813082	-0.579738	-0.052926
10268	9.408849	-0.363196	-2.386746	-0.229549	-0.448665	0.052687	-0.051761	-0.026388	0.998311	-0.578328	0.815761	-0.008422	-0.814160	-0.577787	-0.057485
10269	9.270142	-0.888827	-2.522817	-0.210846	-0.514350	0.037914	-0.056292	-0.029079	0.997991	-0.576623	0.816964	-0.008720	-0.815069	-0.575955	-0.062756
10270	9.980150	-1.146799	-2.197978	-0.130606	-0.555427	0.031027	-0.061073	-0.032022	0.997619	-0.575573	0.817701	-0.008990	-0.815467	-0.574752	-0.068371
10271	9.763365	-1.036939	-1.895906	-0.059812	-0.545889	0.053248	-0.065960	-0.034756	0.997217	-0.575083	0.818039	-0.009528	-0.815431	-0.574111	-0.073945
10272	9.563749	-0.734841	-1.612467	-0.020119	-0.555942	0.064775	-0.070939	-0.037417	0.996779	-0.574908	0.818155	-0.010204	-0.815137	-0.573779	-0.079550
10273	9.712873	-0.232124	-1.111015	-0.020679	-0.529840	0.063894	-0.075771	-0.039889	0.996327	-0.574401	0.818501	-0.010913	-0.815059	-0.573119	-0.084931
10274	9.728667	0.033389	-0.769415	-0.078053	-0.493896	0.059669	-0.080213	-0.042230	0.995883	-0.573751	0.818949	-0.011486	-0.815093	-0.572310	-0.089920
10275	10.022453	0.100548	-0.282547	-0.144138	-0.469147	0.049938	-0.084471	-0.044461	0.995434	-0.572263	0.819984	-0.011937	-0.815708	-0.570658	-0.094708
10276	9.987602	0.137587	-0.025589	-0.221771	-0.438152	0.045565	-0.088381	-0.046582	0.994997	-0.570445	0.821245	-0.012222	-0.816567	-0.568671	-0.099155
10277	10.092407	0.128323	0.180180	-0.312855	-0.421613	0.035249	-0.092173	-0.048636	0.994554	-0.567573	0.823230	-0.012344	-0.818147	-0.565620	-0.103484
10278	9.941876	-0.155288	0.516890	-0.392570	-0.392579	0.020868	-0.095581	-0.050677	0.994131	-0.564370	0.825432	-0.012184	-0.819970	-0.562222	-0.107496
10279	10.177074	-0.321036	0.947739	-0.427463	-0.384240	0.018391	-0.098983	-0.052620	0.993697	-0.560540	0.828040	-0.011988	-0.822190	-0.558194	-0.111457
10280	10.142242	-0.663170	1.107125	-0.469995	-0.350605	0.034009	-0.102133	-0.054287	0.993288	-0.556668	0.830651	-0.011840	-0.824433	-0.554141	-0.115057
10281	9.671769	-1.210907	0.987460	-0.475554	-0.361548	0.051019	-0.105541	-0.055789	0.992849	-0.552371	0.833513	-0.011882	-0.826890	-0.549675	-0.118786
10282	9.835659	-1.431401	0.992519	-0.451993	-0.397436	0.048426	-0.109172	-0.057559	0.992355	-0.548609	0.835995	-0.011864	-0.828921	-0.545710	-0.122845
10283	9.630577	-1.282011	0.790171	-0.445193	-0.421728	0.019368	-0.112913	-0.059619	0.991815	-0.544606	0.838612	-0.011591	-0.831057	-0.541457	-0.127159
10284	9.462071	-0.962522	0.267760	-0.475948	-0.472174	-0.033996	-0.116731	-0.062449	0.991198	-0.540716	0.841137	-0.010685	-0.833067	-0.537204	-0.131954
10285	10.131671	-0.320993	-0.036039	-0.503439	-0.522785	-0.100647	-0.120685	-0.066008	0.990494	-0.536332	0.843958	-0.009106	-0.835334	-0.532333	-0.137256
10286	10.050429	0.131277	0.119455	-0.540258	-0.521711	-0.147321	-0.124336	-0.070014	0.989767	-0.532025	0.846700	-0.006940	-0.837550	-0.527443	-0.142525
10287	10.534904	0.172921	0.354296	-0.585562	-0.475181	-0.170675	-0.127550	-0.073871	0.989077	-0.527042	0.849828	-0.004496	-0.840213	-0.521858	-0.147329
10288	10.096178	-0.174998	0.257278	-0.598985	-0.415242	-0.182328	-0.130162	-0.077574	0.988453	-0.522267	0.852780	-0.001847	-0.842790	-0.516477	-0.151514
10289	10.479124	-0.578035	0.286469	-0.577859	-0.368380	-0.187472	-0.132428	-0.080971	0.987880	-0.517322	0.855790	0.000796	-0.845482	-0.510947	-0.155219
10290	10.718194	-1.135565	0.386568	-0.537842	-0.320814	-0.178059	-0.134301	-0.084123	0.987363	-0.513037	0.858360	0.003349	-0.847795	-0.506104	-0.158437
10291	10.718954	-1.122338	0.621680	-0.493542	-0.276123	-0.177395	-0.135849	-0.087011	0.986901	-0.508969	0.860765	0.005829	-0.849997	-0.501510	-0.161220
10292	10.551637	-0.797729	0.614705	-0.490619	-0.251333	-0.195323	-0.137072	-0.089943	0.986469	-0.505091	0.863024	0.008505	-0.852111	-0.497091	-0.163726
10293	10.422996	-0.924355	0.242866	-0.480233	-0.230864	-0.235342	-0.137964	-0.093084	0.986053	-0.501200	0.865254	0.011555	-0.854263	-0.492616	-0.166028
10294	10.882297	-1.003414	-0.255922	-0.402292	-0.203253	-0.280157	-0.138376	-0.096501	0.985667	-0.498178	0.866946	0.014939	-0.855962	-0.488971	-0.168039
10295	11.405959	-0.899301	-0.647640	-0.275080	-0.143793	-0.323808	-0.138103	-0.099969	0.985360	-0.496152	0.868038	0.018528	-0.857182	-0.486329	-0.169478
10296	10.957088	-0.661165	-0.873922	-0.144552	-0.093136	-0.380900	-0.137086	-0.103721	0.985114	-0.495468	0.868336	0.022477	-0.857741	-0.485011	-0.170427
10297	10.767363	-0.238125	-0.868565	-0.061740	-0.048799	-0.434659	-0.135456	-0.107685	0.984914	-0.495413	0.868244	0.026795	-0.858031	-0.484309	-0.170958
10298	10.787275	0.129300	-0.827459	-0.044509	-0.004096	-0.466638	-0.133252	-0.111749	0.984762	-0.495689	0.867931	0.031417	-0.858217	-0.483950	-0.171046
10299	10.707112	0.348239	-0.896413	-0.059257	0.024900	-0.477069	-0.130777	-0.115721	0.984635	-0.495693	0.867745	0.036146	-0.858595	-0.483350	-0.170843
10300	10.860563	0.634691	-0.917145	-0.077507	0.042566	-0.471081	-0.128150	-0.119595	0.984517	-0.495669	0.867549	0.040867	-0.859005	-0.482758	-0.170456
10301	9.733450	0.514599	-1.056763	-0.088188	0.052631	-0.454396	-0.125548	-0.123235	0.984404	-0.495371	0.867493	0.045421	-0.859561	-0.481943	-0.169959
10302	10.019406	0.526834	-0.759863	-0.102546	0.017063	-0.449771	-0.123248	-0.127047	0.984210	-0.495081	0.867408	0.049973	-0.860061	-0.481105	-0.169805
10303	10.414893	0.649497	-0.439544	-0.134255	-0.000559	-0.455035	-0.121102	-0.130949	0.983965	-0.494365	0.867537	0.054610	-0.860777	-0.479825	-0.169797
10304	10.586299	0.598168	0.050323	-0.191369	0.032184	-0.469598	-0.118580	-0.134861	0.983744	-0.493312	0.867815	0.059505	-0.861732	-0.478237	-0.169434
10305	11.631416	0.695776	0.518839	-0.186255	0.129759	-0.496753	-0.115111	-0.138504	0.983649	-0.492170	0.868096	0.064637	-0.862855	-0.476682	-0.168095
10306	11.286213	0.912872	1.073635	-0.156359	0.436049	-0.523195	-0.108846	-0.140961	0.984013	-0.491438	0.868095	0.069995	-0.864084	-0.475963	-0.163762
10307	11.448873	1.544751	1.996558	-0.069246	0.693851	-0.543005	-0.100270	-0.142319	0.984729	-0.491291	0.867727	0.075383	-0.865205	-0.476230	-0.156927
10308	11.261716	2.139441	3.513684	0.013638	0.968304	-0.566368	-0.089178	-0.142604	0.985754	-0.491979	0.866841	0.080894	-0.866028	-0.477757	-0.147461
10309	10.565098	2.506087	4.982906	0.045803	1.296572	-0.599989	-0.075067	-0.141543	0.987082	-0.492752	0.865841	0.086684	-0.866926	-0.479879	-0.134741
10310	9.690436	2.240612	5.731943	0.018662	1.564610	-0.641909	-0.058404	-0.139563	0.988489	-0.493377	0.864834	0.092954	-0.867853	-0.482269	-0.119367
10311	9.578644	1.599794	5.566783	-0.025351	1.818999	-0.662468	-0.039396	-0.136447	0.989864	-0.493363	0.864116	0.099478	-0.868931	-0.484443	-0.101360
10312	9.757462	1.021828	4.911451	-0.028514	2.070550	-0.679854	-0.018116	-0.132254	0.991050	-0.493347	0.863326	0.106192	-0.869644	-0.487008	-0.080887
10313	9.930817	0.851042	3.978045	0.006511	2.337981	-0.699094	0.005630	-0.126815	0.991910	-0.493330	0.862463	0.113065	-0.869824	-0.489975	-0.057705
10314	9.895388	1.011889	3.208342	0.064186	2.554920	-0.707402	0.031262	-0.120338	0.992241	-0.493796	0.861257	0.120010	-0.869016	-0.493716	-0.032498
10315	9.881284	1.471853	3.449361	0.189169	2.643932	-0.692563	0.057631	-0.113124	0.991908	-0.495162	0.859499	0.126793	-0.866887	-0.498463	-0.006481
10316	10.177397	2.101811	3.236413	0.340397	2.664664	-0.664780	0.083911	-0.105463	0.990877	-0.497677	0.857048	0.133364	-0.863294	-0.504328	0.019429
10317	10.643764	3.052906	1.012032	0.292244	2.670192	-0.675756	0.110284	-0.097651	0.989091	-0.499571	0.854869	0.140102	-0.859224	-0.509572	0.045494
10318	11.109020	3.327724	-1.048973	-0.139227	2.612849	-0.640563	0.135823	-0.089790	0.986656	-0.497630	0.854961	0.146309	-0.856689	-0.510862	0.071440
10319	11.887733	3.258350	-2.484326	-0.481974	2.448326	-0.600929	0.159763	-0.082398	0.983710	-0.492648	0.856889	0.151785	-0.855437	-0.508873	0.096306
10320	12.822828	3.184540	-3.235488	-0.677716	2.281592	-0.592328	0.182100	-0.075911	0.980345	-0.485885	0.859837	0.156833	-0.854843	-0.504894	0.119692
10321	13.770655	3.080848	-3.578890	-0.813724	2.201464	-0.575286	0.203684	-0.069770	0.976548	-0.477854	0.863492	0.161361	-0.854499	-0.499514	0.142539
10322	13.709414	2.139591	-3.972640	-0.882228	2.161019	-0.565377	0.224750	-0.063928	0.972317	-0.469152	0.867475	0.165479	-0.854039	-0.493356	0.164973
10323	14.045782	1.082431	-3.695960	-0.803342	2.100530	-0.547174	0.245203	-0.058347	0.967714	-0.461048	0.871067	0.169342	-0.852825	-0.487686	0.186687
10324	13.591239	0.301685	-3.142120	-0.646253	2.031327	-0.492188	0.264686	-0.052773	0.962890	-0.454337	0.873912	0.172788	-0.850599	-0.483211	0.207336
10325	12.362684	0.470874	-2.606109	-0.482839	1.905187	-0.472615	0.282960	-0.047703	0.957945	-0.448986	0.875985	0.176244	-0.847553	-0.479974	0.226450
10326	11.088509	0.892303	-2.301722	-0.385279	1.807212	-0.484479	0.300339	-0.043292	0.952850	-0.444364	0.877590	0.179936	-0.844001	-0.477453	0.244337
10327	10.222184	1.453056	-1.917234	-0.369045	1.791816	-0.460982	0.317412	-0.038782	0.947494	-0.439879	0.879142	0.183344	-0.840093	-0.474979	0.261991
10328	9.569580	1.224193	-1.423547	-0.407974	1.791011	-0.387307	0.334048	-0.033700	0.941954	-0.435249	0.880915	0.185870	-0.836045	-0.472074	0.279599
10329	9.039840	1.143882	-1.149688	-0.424140	1.787011	-0.318723	0.350266	-0.028081	0.936229	-0.430672	0.882795	0.187603	-0.831766	-0.468919	0.297119
10330	8.412357	0.852750	-1.219895	-0.359295	1.745734	-0.223892	0.365637	-0.021888	0.930500	-0.426942	0.884400	0.188569	-0.827061	-0.466217	0.314024
10331	7.865989	0.570907	-1.414287	-0.197689	1.687998	-0.127117	0.380020	-0.015136	0.924854	-0.424892	0.885278	0.189075	-0.821615	-0.464816	0.329992
10332	7.459766	0.489486	-1.356685	-0.028584	1.579095	-0.028843	0.393002	-0.008042	0.919503	-0.424599	0.885388	0.189220	-0.815638	-0.464784	0.344544
10333	7.373405	0.231525	-1.278862	0.118486	1.468985	0.067380	0.404566	-0.000594	0.914508	-0.425887	0.884820	0.188981	-0.809287	-0.465933	0.357715
10334	6.848201	0.103281	-0.974670	0.250051	1.361668	0.138303	0.414883	0.006998	0.909848	-0.428522	0.883627	0.188606	-0.802646	-0.468139	0.369601
10335	6.553400	-0.014258	-0.571757	0.369176	1.251255	0.209943	0.423887	0.014742	0.905595	-0.432413	0.881849	0.188046	-0.795826	-0.471301	0.380179
10336	6.200475	0.281630	-0.283792	0.486040	1.111332	0.270347	0.431450	0.022393	0.901859	-0.437473	0.879477	0.187451	-0.788966	-0.475415	0.389246
10337	6.045326	0.680529	-0.017493	0.592968	0.951637	0.325334	0.437392	0.029809	0.898777	-0.443607	0.876535	0.186811	-0.782241	-0.480414	0.396613
10338	5.962589	1.021956	0.165425	0.700670	0.765513	0.338616	0.441775	0.036480	0.896384	-0.450607	0.873014	0.186549	-0.775750	-0.486329	0.402114
10339	5.925818	1.185797	0.535618	0.756136	0.582974	0.312832	0.444753	0.042067	0.894665	-0.457900	0.869165	0.186761	-0.769755	-0.492729	0.405826
10340	5.768518	1.418734	0.702761	0.770377	0.433204	0.263261	0.446794	0.046506	0.893427	-0.465034	0.865204	0.187523	-0.764276	-0.499258	0.408195
10341	5.397259	1.984074	0.890983	0.744427	0.278866	0.245753	0.447658	0.050033	0.892804	-0.471869	0.861320	0.188330	-0.759567	-0.505594	0.409185
10342	5.128329	2.745700	1.289387	0.614758	0.048122	0.211485	0.446952	0.052101	0.893039	-0.477527	0.858063	0.188934	-0.756440	-0.510895	0.408393
10343	5.465879	3.680441	1.994639	0.321521	-0.254542	0.192169	0.443996	0.052443	0.894493	-0.480878	0.856288	0.188488	-0.756059	-0.513829	0.405407
10344	6.528320	3.898527	2.668359	-0.081966	-0.525794	0.217951	0.438898	0.051614	0.897053	-0.481271	0.856571	0.186185	-0.758780	-0.513441	0.400788
10345	7.817218	3.496474	3.013246	-0.412672	-0.698529	0.293991	0.432059	0.050551	0.900427	-0.479470	0.858505	0.181870	-0.763828	-0.510307	0.395163
10346	8.913442	2.355187	3.511705	-0.595467	-0.740236	0.395943	0.424423	0.050202	0.904071	-0.476651	0.861306	0.175940	-0.769850	-0.505600	0.389487
10347	9.495719	1.144532	3.949173	-0.497396	-0.733857	0.500793	0.416263	0.050813	0.907824	-0.474973	0.863531	0.169454	-0.775323	-0.501729	0.383590
10348	10.193681	0.310950	5.547395	-0.176143	-0.722924	0.598683	0.407729	0.052368	0.911600	-0.476122	0.864081	0.163316	-0.779144	-0.500621	0.377244
10349	10.713910	0.323134	7.931419	0.130929	-0.595929	0.635669	0.399934	0.054862	0.914901	-0.479769	0.863057	0.157970	-0.780945	-0.502119	0.371487
10350	10.112000	1.571724	9.715176	0.195417	-0.405490	0.662225	0.393506	0.058539	0.917456	-0.483974	0.861674	0.152602	-0.781615	-0.504075	0.367405
10351	8.936446	3.368661	10.343885	-0.023342	-0.274741	0.649536	0.388106	0.062751	0.919476	-0.486387	0.861372	0.146516	-0.782817	-0.504085	0.364825
10352	7.799085	4.768893	10.178131	-0.370382	-0.245633	0.619945	0.383097	0.066867	0.921285	-0.485923	0.862807	0.139439	-0.785567	-0.501092	0.363031
10353	6.952015	5.076745	9.874535	-0.722701	-0.304750	0.596712	0.377726	0.070511	0.923229	-0.482552	0.865971	0.131291	-0.790232	-0.495098	0.361125
10354	6.648304	3.651204	9.421026	-0.985432	-0.366567	0.563390	0.372046	0.073610	0.925291	-0.476897	0.870379	0.122512	-0.796336	-0.486848	0.358926
10355	6.855004	0.782525	9.072560	-1.045159	-0.391468	0.582080	0.366097	0.076807	0.927401	-0.470738	0.874960	0.113362	-0.802732	-0.478064	0.356477
10356	6.297050	-3.507664	7.459342	-0.815528	-0.430115	0.722079	0.359179	0.081104	0.929738	-0.466838	0.878237	0.103739	-0.808117	-0.471298	0.353307
10357	5.056290	-7.686238	3.310742	-0.172892	-0.654486	0.975989	0.349262	0.086615	0.933013	-0.468944	0.878210	0.094016	-0.811238	-0.470367	0.347343
10358	5.164046	-9.798097	-2.825260	0.692287	-1.195141	1.166871	0.333963	0.091181	0.938166	-0.478599	0.873867	0.085437	-0.812042	-0.477538	0.335479
10359	7.112523	-8.776575	-7.591023	1.593818	-1.667357	1.033997	0.315340	0.092123	0.944497	-0.494933	0.865161	0.080859	-0.809692	-0.492961	0.318415
10360	9.916712	-4.998814	-8.365773	2.635191	-1.626623	0.660321	0.298821	0.089581	0.950096	-0.518238	0.851225	0.082736	-0.801334	-0.517098	0.300788
10361	8.799672	-0.456131	-4.650575	3.589278	-1.262931	0.229163	0.287469	0.084822	0.954027	-0.547454	0.831873	0.090998	-0.785910	-0.548445	0.285574
10362	10.197982	4.613434	1.267791	4.287372	-0.971511	-0.116561	0.280523	0.078363	0.956643	-0.580410	0.807651	0.104039	-0.764481	-0.584430	0.272048
10363	16.133339	9.825688	7.140230	4.702486	-0.671448	-0.254483	0.276884	0.072317	0.958178	-0.615094	0.779434	0.118917	-0.738237	-0.622296	0.260295
10364	22.815353	14.921318	9.499356	4.503034	-0.175168	-0.132961	0.276384	0.070173	0.958482	-0.647389	0.750692	0.131718	-0.710281	-0.656915	0.252908
10365	18.774784	16.991976	6.872506	3.332627	0.028277	0.200708	0.275169	0.071847	0.958707	-0.671294	0.728211	0.138102	-0.688219	-0.681576	0.248612
10366	9.619400	16.781161	4.266028	1.510460	-0.229097	0.522112	0.269997	0.074036	0.960010	-0.683082	0.717418	0.136785	-0.678602	-0.692697	0.244274
10367	2.946855	14.406252	0.740839	-0.755079	-0.547794	0.633127	0.261892	0.074782	0.962195	-0.679653	0.722125	0.128866	-0.685189	-0.687708	0.239945
10368	1.880133	9.562344	-4.044610	-2.846441	-1.076420	0.554660	0.250608	0.071534	0.965442	-0.661300	0.740979	0.116757	-0.707020	-0.667707	0.233001
10369	7.788790	2.086186	-6.113729	-3.661415	-1.493846	0.597224	0.235927	0.066195	0.969514	-0.636393	0.764502	0.102666	-0.734399	-0.641213	0.222493
10370	8.917094	-5.665079	-6.151924	-3.238326	-1.592952	0.810724	0.218895	0.062445	0.973748	-0.614108	0.784329	0.087752	-0.758259	-0.617195	0.210034
10371	12.779235	-10.397248	-4.236752	-2.428174	-1.977698	0.746996	0.199126	0.056267	0.978357	-0.597062	0.798626	0.075590	-0.777088	-0.599192	0.192622
10372	13.118842	-10.954415	-3.119025	-1.331645	-1.841987	0.592740	0.181122	0.050073	0.982185	-0.587807	0.806197	0.067295	-0.788465	-0.589524	0.175454
10373	12.486599	-7.873871	-2.491212	-0.044059	-1.494280	0.528904	0.166111	0.045483	0.985058	-0.588418	0.806176	0.062002	-0.791310	-0.589925	0.160678
10374	12.828141	-3.324461	-1.586894	0.977600	-1.178149	0.499134	0.153780	0.042490	0.987191	-0.596974	0.800121	0.058555	-0.787384	-0.598332	0.148408
10375	9.620414	-0.178962	0.146853	1.413681	-0.823871	0.415783	0.144698	0.040787	0.988635	-0.608717	0.791377	0.056443	-0.780081	-0.609966	0.139339
10376	6.861747	0.933444	1.483192	1.430072	-0.817719	0.194037	0.137084	0.037275	0.989858	-0.620131	0.782467	0.056416	-0.772428	-0.621576	0.130379
10377	9.833981	2.172611	2.245040	1.219891	-0.903095	0.004496	0.129991	0.031616	0.991011	-0.629562	0.774793	0.057862	-0.765999	-0.631424	0.120620
10378	10.793753	2.582636	2.261760	0.805952	-0.882753	-0.053518	0.123511	0.025594	0.992013	-0.635690	0.769664	0.059290	-0.761999	-0.637936	0.111332
10379	9.948634	2.592279	2.050828	0.381862	-0.920024	0.068461	0.115958	0.020197	0.993049	-0.638719	0.767176	0.058980	-0.760652	-0.641118	0.101860
10380	9.509382	2.344638	2.309390	-0.045584	-0.962787	0.231892	0.107073	0.015797	0.994126	-0.638668	0.767398	0.056594	-0.761996	-0.640976	0.092257
10381	8.925059	1.418478	1.995691	-0.479217	-1.056144	0.382337	0.096461	0.011945	0.995265	-0.635434	0.770379	0.052341	-0.766107	-0.637474	0.081902
10382	8.930303	-0.103195	1.048480	-0.786735	-1.220893	0.450587	0.084146	0.007674	0.996424	-0.629827	0.775299	0.047216	-0.772164	-0.631547	0.070072
10383	9.256455	-1.317204	0.369809	-0.825123	-1.335139	0.444805	0.070903	0.002705	0.997480	-0.623811	0.780434	0.042225	-0.778352	-0.625233	0.057022
10384	9.436137	-1.519622	0.012191	-0.666886	-1.396759	0.385744	0.057525	-0.002978	0.998340	-0.618888	0.784559	0.038001	-0.783370	-0.620047	0.043289
10385	10.001589	-0.970204	0.150780	-0.433185	-1.359107	0.272069	0.045067	-0.009277	0.998941	-0.615663	0.787228	0.035087	-0.786719	-0.616593	0.029766
10386	10.092024	-0.527176	0.717928	-0.252340	-1.208066	0.145344	0.034583	-0.015572	0.999281	-0.613769	0.788773	0.033533	-0.788727	-0.614488	0.017720
10387	9.615854	-0.777199	0.822930	-0.096822	-1.073123	0.060892	0.025631	-0.021712	0.999436	-0.613060	0.789352	0.032870	-0.789621	-0.613556	0.006921
10388	9.474813	-1.239198	0.911298	0.136621	-0.985613	-0.016819	0.017880	-0.027900	0.999451	-0.614170	0.788484	0.032998	-0.788971	-0.614422	-0.003037
10389	9.724207	-1.423425	1.320629	0.372228	-0.918243	-0.051461	0.010852	-0.033985	0.999363	-0.617131	0.786150	0.033436	-0.786786	-0.617101	-0.012442
10390	10.029047	-1.043507	1.815178	0.471411	-0.870661	-0.031231	0.004133	-0.039622	0.999206	-0.620865	0.783196	0.033625	-0.783906	-0.620511	-0.021363
10391	10.281835	-0.347759	2.093344	0.450777	-0.846115	0.008831	-0.002651	-0.044837	0.998991	-0.624428	0.780369	0.033367	-0.781078	-0.623710	-0.030066
10392	10.201426	0.901886	2.515180	0.359528	-0.815887	0.053729	-0.009425	-0.049522	0.998729	-0.627263	0.778123	0.032664	-0.778751	-0.626157	-0.038397
10393	9.746573	2.232404	2.736075	0.171216	-0.810850	0.096735	-0.016444	-0.053865	0.998413	-0.628617	0.777074	0.031570	-0.777541	-0.627100	-0.046639
10394	9.265748	2.804809	2.549974	-0.128430	-0.882708	0.098371	-0.024003	-0.058635	0.997991	-0.627631	0.777909	0.030609	-0.778141	-0.625636	-0.055473
10395	8.875658	1.821477	1.782434	-0.428927	-0.969540	0.048100	-0.031951	-0.064321	0.997418	-0.624308	0.780589	0.030340	-0.780525	-0.621727	-0.065096
10396	8.257644	0.309983	0.856708	-0.640772	-1.134604	0.018219	-0.041014	-0.071204	0.996618	-0.619321	0.784543	0.030565	-0.784066	-0.615973	-0.076276
10397	8.979023	-0.778377	-0.248820	-0.763911	-1.281873	-0.016317	-0.051076	-0.079196	0.995550	-0.613356	0.789186	0.031312	-0.788154	-0.609027	-0.088883
10398	10.382394	-1.429863	-1.608845	-0.756323	-1.333560	-0.039821	-0.061443	-0.087589	0.994260	-0.607434	0.793710	0.032383	-0.791990	-0.601958	-0.101973
10399	10.832784	-1.524669	-2.598083	-0.554101	-1.240506	-0.018766	-0.071257	-0.095179	0.992907	-0.603084	0.796990	0.033117	-0.794489	-0.596446	-0.114192
10400	10.949898	-1.445222	-2.137163	-0.208861	-1.145106	0.037703	-0.080658	-0.101694	0.991540	-0.601427	0.798248	0.032946	-0.794846	-0.593682	-0.125547
10401	10.835356	-1.294525	-0.706079	0.100400	-1.035484	0.086725	-0.089496	-0.107153	0.990206	-0.602183	0.797721	0.031898	-0.793326	-0.593430	-0.135918
10402	11.521599	-0.827342	0.697979	0.197337	-0.953503	0.129865	-0.097907	-0.111781	0.988898	-0.603655	0.796670	0.030287	-0.791211	-0.593988	-0.145477
10403	11.213561	-0.495480	1.234327	0.129689	-0.863204	0.158258	-0.105777	-0.115647	0.987642	-0.604550	0.796058	0.028466	-0.789512	-0.594068	-0.154119
10404	10.539365	0.062877	1.983139	-0.000060	-0.839593	0.156173	-0.113420	-0.119389	0.986348	-0.604408	0.796221	0.026875	-0.788560	-0.593109	-0.162467
10405	10.393173	0.543511	2.940711	-0.206176	-0.917104	0.112019	-0.121434	-0.123894	0.984837	-0.602543	0.797661	0.026051	-0.788794	-0.590243	-0.171515
10406	12.681027	0.963470	3.262932	-0.422063	-0.792999	0.001606	-0.127779	-0.128547	0.983437	-0.599238	0.800125	0.026726	-0.790308	-0.585897	-0.179269
10407	12.138213	2.008035	2.590103	-0.578833	-0.461827	-0.139195	-0.130699	-0.132317	0.982553	-0.594725	0.803403	0.029081	-0.793234	-0.580548	-0.183697
10408	11.365342	3.269932	3.292739	-0.744384	-0.263616	-0.296668	-0.131113	-0.136230	0.981963	-0.589223	0.807283	0.033322	-0.797262	-0.574226	-0.186115
10409	11.333630	3.040428	4.165553	-0.957465	-0.168293	-0.419731	-0.130082	-0.140545	0.981492	-0.581999	0.812245	0.039174	-0.802717	-0.566132	-0.187456
10410	11.492966	1.239854	4.048291	-1.102807	-0.129334	-0.487167	-0.128383	-0.145241	0.981032	-0.573772	0.817724	0.045976	-0.808890	-0.556986	-0.188317
10411	12.170614	-0.619084	3.262778	-1.018146	-0.074050	-0.510163	-0.126142	-0.149784	0.980639	-0.566042	0.822681	0.052846	-0.814669	-0.548416	-0.188559
10412	12.788107	-0.998549	2.652617	-0.800343	0.050973	-0.525027	-0.122843	-0.153833	0.980431	-0.560187	0.826230	0.059450	-0.819207	-0.541922	-0.187672
10413	13.124976	-0.836722	2.485356	-0.592465	0.264563	-0.544266	-0.117691	-0.156848	0.980585	-0.555862	0.828664	0.065832	-0.822901	-0.537322	-0.184712
10414	13.252663	-0.848690	2.885040	-0.378883	0.542155	-0.565843	-0.110157	-0.158630	0.981174	-0.553415	0.829786	0.072022	-0.825589	-0.535062	-0.179195
10415	13.878727	-0.326237	3.821274	-0.151755	0.875527	-0.603870	-0.099630	-0.158886	0.982257	-0.552678	0.829722	0.078154	-0.827418	-0.535086	-0.170478
10416	13.325527	0.605402	4.274022	0.044481	1.285677	-0.673753	-0.085333	-0.157574	0.983813	-0.553702	0.828401	0.084655	-0.828331	-0.537515	-0.157939
