// General information: 
//  MT Manager version: 2022.2.0 
//  XDA version: 2022.2.0 build 7381 rev 124627 built on 2023-07-19
// Device information: 
//  DeviceId: 00B4CAF0
//  ProductCode: MTW2-3A7G6
//  Firmware Version: 4.6.0
//  Hardware Version: 2.0.0
// Device settings: 
//  Filter Profile: human(46.1)
//  Option Flags: Orientation Smoother Disabled, Position/Velocity Smoother Disabled, Continuous Zero Rotation Update Disabled, AHS Disabled, ICC Disabled
// Coordinate system: ENU
PacketCounter	Acc_X	Acc_Y	Acc_Z	Gyr_X	Gyr_Y	Gyr_Z	Mat[1][1]	Mat[2][1]	Mat[3][1]	Mat[1][2]	Mat[2][2]	Mat[3][2]	Mat[1][3]	Mat[2][3]	Mat[3][3]
07494	4.982306	-1.643288	8.823202	0.002771	0.001082	0.006329	-0.764243	-0.399987	0.505908	0.358492	-0.915557	-0.182317	0.536112	0.042030	0.843100
07495	4.947892	-1.661943	8.806193	0.002119	0.010242	0.006184	-0.764277	-0.400021	0.505830	0.358506	-0.915544	-0.182353	0.536055	0.041975	0.843139
07496	4.616756	-1.749231	8.892110	0.000153	-0.008745	-0.001917	-0.764292	-0.400025	0.505804	0.358496	-0.915544	-0.182374	0.536039	0.041942	0.843150
07497	4.622887	-1.815577	8.920792	0.001035	-0.041426	-0.014897	-0.764124	-0.399845	0.506200	0.358343	-0.915616	-0.182312	0.536381	0.042084	0.842926
07498	4.565959	-2.140728	8.873979	0.008509	-0.064482	-0.039117	-0.763974	-0.399485	0.506710	0.358093	-0.915761	-0.182073	0.536761	0.042350	0.842671
07499	4.667866	-2.116807	8.942899	0.024762	-0.110695	-0.070767	-0.763634	-0.398763	0.507791	0.357641	-0.916046	-0.181528	0.537546	0.042986	0.842138
07500	4.882140	-1.985441	8.891195	0.033803	-0.135881	-0.090166	-0.763282	-0.397904	0.508993	0.357139	-0.916383	-0.180818	0.538380	0.043766	0.841565
07501	5.119722	-1.758089	8.866162	0.041315	-0.142461	-0.100576	-0.762874	-0.396893	0.510392	0.356549	-0.916777	-0.179980	0.539348	0.044678	0.840897
07502	5.201532	-1.498387	8.833403	0.036818	-0.125526	-0.089963	-0.762573	-0.396037	0.511504	0.356065	-0.917109	-0.179243	0.540092	0.045443	0.840378
07503	5.183744	-1.384828	8.769788	0.031518	-0.112190	-0.078741	-0.762248	-0.395237	0.512607	0.355591	-0.917419	-0.178597	0.540864	0.046143	0.839843
07504	5.174147	-1.317230	8.805980	0.013186	-0.102942	-0.062388	-0.761969	-0.394642	0.513479	0.355190	-0.917652	-0.178197	0.541520	0.046602	0.839396
07505	5.203745	-1.330939	8.779466	0.003864	-0.086976	-0.048306	-0.761670	-0.394131	0.514315	0.354798	-0.917854	-0.177938	0.542197	0.046948	0.838939
07506	5.210861	-1.373433	8.755496	-0.004997	-0.074011	-0.036134	-0.761453	-0.393789	0.514897	0.354499	-0.917992	-0.177823	0.542696	0.047127	0.838606
07507	5.227753	-1.559631	8.691849	-0.009590	-0.055317	-0.022810	-0.761234	-0.393527	0.515421	0.354228	-0.918100	-0.177808	0.543180	0.047223	0.838287
07508	5.302214	-1.508437	8.632951	-0.006954	-0.032685	-0.015300	-0.761168	-0.393393	0.515621	0.354077	-0.918157	-0.177814	0.543372	0.047223	0.838163
07509	5.241829	-1.545932	8.657360	-0.006309	-0.012539	-0.002013	-0.761107	-0.393342	0.515749	0.353982	-0.918181	-0.177879	0.543518	0.047181	0.838070
07510	5.234042	-1.559826	8.688028	-0.000188	0.010485	0.004584	-0.761204	-0.393411	0.515553	0.354019	-0.918157	-0.177930	0.543359	0.047074	0.838180
07511	5.140782	-1.660836	8.737506	0.001415	0.024622	0.014022	-0.761289	-0.393525	0.515342	0.354088	-0.918114	-0.178013	0.543195	0.046957	0.838293
07512	5.105137	-1.613114	8.751645	0.003420	0.028837	0.010905	-0.761463	-0.393660	0.514981	0.354192	-0.918063	-0.178065	0.542883	0.046812	0.838503
07513	5.019501	-1.611116	8.810578	0.004704	0.032899	0.013697	-0.761594	-0.393774	0.514701	0.354277	-0.918020	-0.178118	0.542644	0.046693	0.838664
07514	5.020825	-1.700341	8.832199	0.006182	0.027342	0.013237	-0.761751	-0.393929	0.514349	0.354414	-0.917960	-0.178159	0.542334	0.046580	0.838871
07515	5.031999	-1.664196	8.872147	0.008634	0.017504	0.011586	-0.761805	-0.394017	0.514201	0.354504	-0.917923	-0.178168	0.542198	0.046557	0.838960
07516	5.079828	-1.640408	8.818660	0.009113	0.014499	0.009662	-0.761906	-0.394133	0.513964	0.354630	-0.917875	-0.178165	0.541976	0.046522	0.839105
07517	5.023644	-1.685905	8.804504	0.015348	0.011664	0.008424	-0.761940	-0.394189	0.513871	0.354732	-0.917848	-0.178102	0.541861	0.046584	0.839176
07518	4.858642	-1.756056	8.789957	0.017316	0.012419	-0.000006	-0.762062	-0.394215	0.513669	0.354828	-0.917834	-0.177980	0.541625	0.046633	0.839326
07519	4.751489	-1.837036	8.920153	0.018920	-0.007946	-0.011680	-0.762061	-0.394077	0.513776	0.354797	-0.917885	-0.177783	0.541647	0.046804	0.839302
07520	4.978882	-1.836940	8.859927	0.027232	-0.035018	-0.027842	-0.762026	-0.393825	0.514021	0.354735	-0.917976	-0.177434	0.541737	0.047131	0.839226
07521	5.012237	-1.747291	8.845518	0.031689	-0.041511	-0.033937	-0.761922	-0.393468	0.514449	0.354603	-0.918108	-0.177016	0.541969	0.047553	0.839052
07522	5.149743	-1.632284	8.771515	0.030432	-0.044714	-0.035406	-0.761861	-0.393141	0.514789	0.354501	-0.918227	-0.176601	0.542122	0.047947	0.838931
07523	5.162240	-1.569705	8.758798	0.027968	-0.036611	-0.036423	-0.761793	-0.392763	0.515179	0.354330	-0.918370	-0.176201	0.542330	0.048315	0.838775
07524	5.187417	-1.449112	8.794913	0.019777	-0.025217	-0.032807	-0.761828	-0.392468	0.515351	0.354190	-0.918484	-0.175889	0.542373	0.048535	0.838735
07525	5.163380	-1.473906	8.736566	0.015864	-0.016537	-0.020670	-0.761812	-0.392244	0.515546	0.354073	-0.918571	-0.175671	0.542471	0.048713	0.838661
07526	5.151914	-1.463548	8.717117	0.008420	-0.010843	-0.011594	-0.761850	-0.392151	0.515561	0.354033	-0.918607	-0.175561	0.542444	0.048774	0.838675
07527	5.144724	-1.475972	8.747728	0.007492	-0.001363	-0.002438	-0.761851	-0.392101	0.515596	0.354010	-0.918626	-0.175508	0.542457	0.048815	0.838664
07528	5.123406	-1.525158	8.740113	0.005287	0.004049	0.003929	-0.761915	-0.392157	0.515460	0.354071	-0.918604	-0.175504	0.542328	0.048790	0.838749
07529	5.147748	-1.608940	8.748940	0.006082	0.011125	0.008640	-0.761945	-0.392215	0.515371	0.354124	-0.918580	-0.175519	0.542250	0.048769	0.838801
07530	5.167110	-1.603771	8.737889	0.008611	0.016662	0.010233	-0.762055	-0.392334	0.515118	0.354251	-0.918531	-0.175518	0.542014	0.048726	0.838956
07531	5.115865	-1.604695	8.803609	0.009160	0.029030	0.011546	-0.762172	-0.392428	0.514874	0.354344	-0.918495	-0.175523	0.541789	0.048664	0.839105
07532	5.099444	-1.663161	8.756866	0.009690	0.030354	0.016262	-0.762333	-0.392609	0.514496	0.354522	-0.918422	-0.175544	0.541445	0.048578	0.839332
07533	5.084026	-1.587388	8.769335	0.011951	0.038582	0.010473	-0.762506	-0.392697	0.514173	0.354621	-0.918388	-0.175519	0.541137	0.048503	0.839535
07534	5.047247	-1.561108	8.774124	0.011195	0.034971	0.011073	-0.762710	-0.392832	0.513767	0.354768	-0.918335	-0.175500	0.540752	0.048413	0.839788
07535	4.989895	-1.540214	8.790566	0.007469	0.033165	0.018635	-0.762824	-0.392992	0.513475	0.354906	-0.918271	-0.175555	0.540501	0.048318	0.839955
07536	4.895081	-1.663131	8.831149	0.007429	0.028831	0.011998	-0.762992	-0.393132	0.513119	0.355039	-0.918217	-0.175571	0.540177	0.048218	0.840169
07537	4.818415	-1.905090	8.900560	0.013548	0.006287	0.000900	-0.763023	-0.393117	0.513084	0.355074	-0.918220	-0.175483	0.540109	0.048285	0.840209
07538	4.872786	-1.946058	8.876429	0.026406	-0.012793	-0.019414	-0.763078	-0.392948	0.513132	0.355071	-0.918280	-0.175179	0.540035	0.048523	0.840243
07539	5.008367	-1.809287	8.813355	0.035822	-0.027062	-0.030849	-0.763042	-0.392625	0.513433	0.354984	-0.918396	-0.174741	0.540143	0.048925	0.840150
07540	5.132406	-1.595815	8.760350	0.041816	-0.026344	-0.038144	-0.763089	-0.392278	0.513627	0.354920	-0.918522	-0.174211	0.540117	0.049358	0.840141
07541	5.135845	-1.523582	8.789008	0.035353	-0.024926	-0.030265	-0.763063	-0.391961	0.513909	0.354835	-0.918636	-0.173781	0.540210	0.049747	0.840058
07542	5.175150	-1.442696	8.734368	0.031391	-0.020571	-0.024776	-0.763094	-0.391738	0.514032	0.354817	-0.918714	-0.173406	0.540178	0.050062	0.840060
07543	5.197702	-1.389587	8.741765	0.023729	-0.005237	-0.012480	-0.763111	-0.391594	0.514117	0.354806	-0.918764	-0.173165	0.540162	0.050268	0.840058
07544	5.156451	-1.397507	8.765718	0.013518	0.002824	-0.004424	-0.763196	-0.391570	0.514009	0.354846	-0.918771	-0.173043	0.540015	0.050328	0.840149
07545	5.134331	-1.468554	8.748916	0.012600	0.014054	0.007370	-0.763246	-0.391618	0.513898	0.354926	-0.918749	-0.172997	0.539892	0.050356	0.840227
07546	5.153292	-1.485501	8.728274	0.008121	0.018818	0.010798	-0.763363	-0.391740	0.513630	0.355053	-0.918700	-0.172999	0.539642	0.050305	0.840390
07547	5.080583	-1.558646	8.776483	0.007172	0.026575	0.017283	-0.763446	-0.391886	0.513396	0.355179	-0.918641	-0.173049	0.539442	0.050234	0.840523
07548	5.119121	-1.571377	8.744528	0.003417	0.030605	0.013471	-0.763617	-0.392038	0.513026	0.355301	-0.918584	-0.173103	0.539120	0.050094	0.840738
07549	5.074653	-1.559664	8.779732	0.002225	0.035216	0.023949	-0.763722	-0.392249	0.512707	0.355451	-0.918502	-0.173229	0.538872	0.049944	0.840906
07550	5.021687	-1.606071	8.826307	0.005205	0.033401	0.016986	-0.763895	-0.392435	0.512308	0.355610	-0.918430	-0.173285	0.538522	0.049810	0.841138
07551	5.018566	-1.629000	8.818102	0.001420	0.026396	0.016595	-0.763979	-0.392573	0.512076	0.355700	-0.918378	-0.173380	0.538343	0.049687	0.841260
07552	4.954185	-1.622175	8.864566	0.000633	0.020182	0.013223	-0.764094	-0.392717	0.511794	0.355805	-0.918323	-0.173454	0.538111	0.049564	0.841416
07553	4.994061	-1.635219	8.831832	0.000075	0.007815	0.011933	-0.764094	-0.392804	0.511727	0.355852	-0.918289	-0.173537	0.538079	0.049501	0.841440
07554	4.992996	-1.680548	8.812567	-0.000707	0.002470	0.009888	-0.764126	-0.392908	0.511600	0.355925	-0.918248	-0.173605	0.537987	0.049435	0.841503
07555	5.047592	-1.656953	8.817585	0.002498	-0.005499	0.005010	-0.764079	-0.392925	0.511657	0.355931	-0.918240	-0.173632	0.538048	0.049447	0.841462
07556	5.098033	-1.566667	8.792156	-0.000251	-0.003145	0.003996	-0.764101	-0.392972	0.511588	0.355962	-0.918222	-0.173665	0.537997	0.049408	0.841497
07557	5.201987	-1.497424	8.752631	0.001324	0.008412	0.009411	-0.764114	-0.393036	0.511520	0.355996	-0.918198	-0.173724	0.537957	0.049354	0.841526
07558	5.146335	-1.477322	8.767822	-0.002341	0.021128	0.018854	-0.764213	-0.393231	0.511222	0.356128	-0.918122	-0.173851	0.537728	0.049201	0.841681
07559	5.152020	-1.443376	8.747919	-0.012552	0.028327	0.025565	-0.764275	-0.393453	0.510959	0.356211	-0.918041	-0.174110	0.537585	0.048942	0.841788
07560	5.106197	-1.523190	8.743911	-0.014436	0.042968	0.037197	-0.764426	-0.393826	0.510445	0.356419	-0.917900	-0.174431	0.537233	0.048593	0.842033
07561	5.106393	-1.548375	8.795832	-0.017134	0.048792	0.041479	-0.764541	-0.394204	0.509981	0.356599	-0.917758	-0.174809	0.536949	0.048211	0.842236
07562	5.101513	-1.529965	8.807874	-0.023352	0.052496	0.044022	-0.764717	-0.394643	0.509376	0.356811	-0.917593	-0.175238	0.536557	0.047743	0.842513
07563	5.062394	-1.530878	8.803081	-0.023791	0.057235	0.048580	-0.764852	-0.395090	0.508828	0.357010	-0.917426	-0.175708	0.536232	0.047266	0.842746
07564	5.047951	-1.593489	8.816910	-0.022503	0.059561	0.048703	-0.765049	-0.395574	0.508155	0.357263	-0.917242	-0.176154	0.535783	0.046779	0.843059
07565	5.020190	-1.670033	8.802019	-0.022451	0.062155	0.052670	-0.765195	-0.396059	0.507557	0.357501	-0.917057	-0.176633	0.535416	0.046294	0.843319
07566	5.035286	-1.602434	8.822528	-0.018145	0.066134	0.051144	-0.765417	-0.396568	0.506824	0.357796	-0.916861	-0.177053	0.534901	0.045821	0.843672
07567	5.049472	-1.601656	8.813848	-0.015865	0.065909	0.052742	-0.765582	-0.397055	0.506194	0.358071	-0.916672	-0.177476	0.534481	0.045381	0.843961
07568	4.845416	-1.628606	8.813086	-0.024029	0.074714	0.052318	-0.765845	-0.397577	0.505386	0.358343	-0.916474	-0.177950	0.533922	0.044819	0.844345
07569	4.714318	-1.640116	8.895633	-0.027519	0.047616	0.044138	-0.765941	-0.397976	0.504924	0.358490	-0.916323	-0.178428	0.533684	0.044345	0.844520
07570	4.742825	-1.884013	8.955922	-0.027566	0.017440	0.029755	-0.765979	-0.398266	0.504640	0.358572	-0.916215	-0.178818	0.533575	0.043979	0.844608
07571	4.791064	-1.930799	8.872205	-0.015059	-0.006532	0.010864	-0.765906	-0.398336	0.504695	0.358530	-0.916192	-0.179022	0.533708	0.043834	0.844532
07572	4.850611	-1.997147	8.897145	-0.001730	-0.023436	-0.003330	-0.765844	-0.398304	0.504814	0.358497	-0.916204	-0.179027	0.533820	0.043868	0.844460
07573	4.945955	-1.873734	8.857747	0.012959	-0.027841	-0.022133	-0.765775	-0.398063	0.505108	0.358352	-0.916299	-0.178828	0.534015	0.044065	0.844326
07574	5.063274	-1.699346	8.826141	0.017921	-0.033022	-0.023480	-0.765734	-0.397842	0.505344	0.358269	-0.916383	-0.178565	0.534130	0.044316	0.844240
07575	5.125264	-1.570526	8.779389	0.020785	-0.021753	-0.021903	-0.765697	-0.397606	0.505587	0.358168	-0.916474	-0.178301	0.534251	0.044560	0.844151
07576	5.060953	-1.471229	8.803450	0.016654	-0.009507	-0.015861	-0.765754	-0.397465	0.505611	0.358137	-0.916528	-0.178088	0.534190	0.044707	0.844181
07577	5.040806	-1.474459	8.815037	0.009728	-0.003337	-0.003445	-0.765749	-0.397405	0.505665	0.358117	-0.916550	-0.178010	0.534210	0.044776	0.844165
07578	5.029065	-1.398337	8.825418	0.002266	0.000646	0.002934	-0.765793	-0.397440	0.505571	0.358153	-0.916536	-0.178012	0.534124	0.044752	0.844221
07579	5.053873	-1.438531	8.853740	-0.011706	0.003464	0.013191	-0.765765	-0.397536	0.505538	0.358147	-0.916502	-0.178200	0.534168	0.044598	0.844201
07580	5.031032	-1.557138	8.816444	-0.015190	0.004817	0.016748	-0.765781	-0.397699	0.505385	0.358194	-0.916441	-0.178417	0.534112	0.044398	0.844247
07581	5.020147	-1.729466	8.778515	-0.017678	0.004486	0.023105	-0.765723	-0.397886	0.505326	0.358232	-0.916370	-0.178706	0.534170	0.044185	0.844222
07582	4.985550	-1.728307	8.771297	-0.014370	0.011018	0.020119	-0.765760	-0.398083	0.505115	0.358311	-0.916295	-0.178933	0.534064	0.043969	0.844300
07583	4.997000	-1.738738	8.790662	-0.009634	0.010262	0.014045	-0.765766	-0.398190	0.505023	0.358322	-0.916256	-0.179107	0.534049	0.043807	0.844318
07584	5.025686	-1.677158	8.768106	-0.006921	0.006169	0.012415	-0.765804	-0.398313	0.504867	0.358381	-0.916209	-0.179232	0.533954	0.043678	0.844384
07585	5.004356	-1.638455	8.799837	-0.005354	0.013378	0.011210	-0.765836	-0.398395	0.504754	0.358394	-0.916180	-0.179357	0.533900	0.043543	0.844426
07586	5.002996	-1.639516	8.800412	-0.004851	0.012967	0.013272	-0.765908	-0.398529	0.504540	0.358470	-0.916128	-0.179468	0.533746	0.043406	0.844530
07587	4.926209	-1.646606	8.817128	-0.004066	0.016572	0.012669	-0.765952	-0.398626	0.504396	0.358501	-0.916092	-0.179589	0.533662	0.043270	0.844590
07588	4.854074	-1.697940	8.873516	-0.006464	0.002297	0.009174	-0.765981	-0.398717	0.504280	0.358537	-0.916058	-0.179693	0.533597	0.043162	0.844637
07589	4.865717	-1.796570	8.853035	-0.002831	-0.008673	0.002394	-0.765927	-0.398708	0.504369	0.358495	-0.916063	-0.179751	0.533702	0.043138	0.844572
07590	4.862534	-1.898699	8.903346	0.004261	-0.022727	-0.010594	-0.765893	-0.398608	0.504500	0.358438	-0.916102	-0.179665	0.533789	0.043228	0.844512
07591	5.033399	-1.769358	8.847713	0.003901	-0.032799	-0.017208	-0.765780	-0.398410	0.504827	0.358282	-0.916182	-0.179567	0.534055	0.043361	0.844337
07592	5.137243	-1.632147	8.777340	0.010740	-0.024161	-0.018448	-0.765766	-0.398237	0.504985	0.358200	-0.916250	-0.179387	0.534131	0.043517	0.844281
07593	5.114398	-1.568646	8.758099	0.011104	-0.014089	-0.011837	-0.765734	-0.398096	0.505144	0.358124	-0.916305	-0.179256	0.534227	0.043642	0.844214
07594	5.116270	-1.500220	8.787218	0.009700	-0.005070	-0.006096	-0.765777	-0.398044	0.505119	0.358130	-0.916324	-0.179146	0.534161	0.043713	0.844252
07595	5.048945	-1.514511	8.762864	0.004802	0.004437	0.001877	-0.765795	-0.398037	0.505098	0.358125	-0.916328	-0.179137	0.534138	0.043706	0.844267
07596	5.040325	-1.505602	8.803854	0.000874	0.010529	0.009999	-0.765864	-0.398139	0.504913	0.358207	-0.916287	-0.179182	0.533985	0.043634	0.844368
07597	5.008829	-1.636310	8.797691	-0.003401	0.007413	0.012834	-0.765859	-0.398233	0.504847	0.358242	-0.916250	-0.179298	0.533969	0.043541	0.844382
07598	4.999322	-1.672770	8.819081	0.000888	0.011394	0.011324	-0.765928	-0.398346	0.504653	0.358334	-0.916205	-0.179348	0.533808	0.043466	0.844488
07599	5.005623	-1.704873	8.769276	-0.004849	0.012970	0.013272	-0.765951	-0.398447	0.504539	0.358365	-0.916167	-0.179479	0.533755	0.043337	0.844528
07600	4.963385	-1.670870	8.812771	-0.003902	0.007822	0.010771	-0.766002	-0.398553	0.504377	0.358426	-0.916126	-0.179567	0.533640	0.043233	0.844606
07601	4.966885	-1.715957	8.852972	-0.002944	0.003540	0.009595	-0.765987	-0.398616	0.504349	0.358440	-0.916102	-0.179663	0.533652	0.043160	0.844602
07602	5.029307	-1.679603	8.827832	0.000562	0.003916	0.008688	-0.766026	-0.398701	0.504224	0.358509	-0.916067	-0.179702	0.533551	0.043112	0.844669
07603	5.021653	-1.626469	8.888149	-0.002465	0.001399	0.009006	-0.766002	-0.398758	0.504216	0.358520	-0.916045	-0.179791	0.533578	0.043051	0.844655
07604	5.004041	-1.619101	8.809452	-0.003237	-0.001340	0.010934	-0.766003	-0.398862	0.504131	0.358588	-0.916002	-0.179874	0.533530	0.042992	0.844687
07605	5.057773	-1.641177	8.795307	-0.005676	0.005904	0.008573	-0.766004	-0.398917	0.504086	0.358578	-0.915984	-0.179987	0.533534	0.042883	0.844691
07606	5.044725	-1.611454	8.786267	-0.008667	0.005983	0.012866	-0.766038	-0.399040	0.503937	0.358630	-0.915937	-0.180125	0.533451	0.042744	0.844750
07607	4.980635	-1.671989	8.801975	-0.005135	0.008088	0.014610	-0.766030	-0.399151	0.503862	0.358670	-0.915893	-0.180264	0.533436	0.042632	0.844765
07608	4.916238	-1.754414	8.807913	-0.002671	0.006689	0.005604	-0.766093	-0.399208	0.503720	0.358698	-0.915872	-0.180314	0.533327	0.042546	0.844839
07609	4.919361	-1.843364	8.828446	0.008016	-0.000072	0.002313	-0.766085	-0.399203	0.503736	0.358714	-0.915873	-0.180281	0.533327	0.042587	0.844836
07610	4.987370	-1.804993	8.862829	0.013188	-0.005565	-0.008321	-0.766132	-0.399128	0.503724	0.358721	-0.915900	-0.180127	0.533255	0.042695	0.844877
07611	5.101103	-1.720757	8.793295	0.019221	-0.002264	-0.011608	-0.766163	-0.398995	0.503783	0.358690	-0.915952	-0.179928	0.533232	0.042848	0.844883
07612	5.056111	-1.616765	8.806638	0.019825	0.008360	-0.012964	-0.766301	-0.398882	0.503662	0.358695	-0.915995	-0.179695	0.533029	0.042961	0.845005
07613	5.055549	-1.614663	8.807347	0.017839	0.007620	-0.004546	-0.766359	-0.398817	0.503625	0.358711	-0.916019	-0.179544	0.532936	0.043061	0.845059
07614	5.008705	-1.578072	8.791664	0.023432	0.015658	-0.003273	-0.766501	-0.398797	0.503426	0.358811	-0.916022	-0.179328	0.532664	0.043179	0.845224
07615	4.999189	-1.589743	8.823462	0.012913	0.014533	-0.000556	-0.766581	-0.398772	0.503323	0.358831	-0.916032	-0.179239	0.532535	0.043207	0.845304
07616	4.989601	-1.602120	8.855169	0.011687	0.015667	0.004608	-0.766695	-0.398823	0.503110	0.358927	-0.916009	-0.179161	0.532307	0.043218	0.845448
07617	4.933747	-1.625161	8.850427	0.004353	0.008307	0.005113	-0.766721	-0.398847	0.503050	0.358945	-0.916000	-0.179173	0.532256	0.043192	0.845481
07618	4.874963	-1.683800	8.925698	0.000968	-0.003416	0.000152	-0.766750	-0.398847	0.503006	0.358949	-0.916000	-0.179163	0.532213	0.043181	0.845509
07619	4.958773	-1.709071	8.858850	0.000328	-0.016638	-0.002461	-0.766671	-0.398791	0.503171	0.358887	-0.916023	-0.179170	0.532368	0.043217	0.845409
07620	4.981368	-1.704073	8.846219	-0.000970	-0.020699	-0.005245	-0.766625	-0.398737	0.503283	0.358843	-0.916044	-0.179150	0.532463	0.043259	0.845347
07621	5.025436	-1.694200	8.821539	-0.000307	-0.029861	-0.005076	-0.766486	-0.398651	0.503564	0.358758	-0.916078	-0.179149	0.532722	0.043342	0.845180
07622	5.057488	-1.630837	8.797394	0.002026	-0.020782	-0.009540	-0.766456	-0.398555	0.503685	0.358693	-0.916117	-0.179082	0.532808	0.043410	0.845122
07623	5.025748	-1.626805	8.789089	-0.001432	-0.017693	-0.003335	-0.766375	-0.398490	0.503860	0.358615	-0.916144	-0.179099	0.532978	0.043434	0.845014
07624	5.069045	-1.594685	8.774745	0.000652	-0.010028	-0.001157	-0.766372	-0.398477	0.503876	0.358608	-0.916149	-0.179085	0.532987	0.043449	0.845007
07625	5.053997	-1.576666	8.855460	0.000198	-0.006155	0.002080	-0.766332	-0.398467	0.503944	0.358581	-0.916153	-0.179116	0.533062	0.043442	0.844960
07626	5.041115	-1.613200	8.816526	-0.003285	-0.004798	0.005637	-0.766331	-0.398519	0.503904	0.358608	-0.916133	-0.179169	0.533045	0.043401	0.844973
07627	4.998668	-1.690481	8.810360	-0.002010	-0.002469	0.005770	-0.766298	-0.398544	0.503934	0.358597	-0.916124	-0.179237	0.533100	0.043360	0.844940
07628	4.976736	-1.784810	8.782784	0.004979	-0.003452	0.001305	-0.766320	-0.398556	0.503891	0.358633	-0.916117	-0.179198	0.533044	0.043389	0.844974
07629	5.006696	-1.721373	8.759827	0.005727	-0.002446	-0.003274	-0.766320	-0.398499	0.503937	0.358594	-0.916141	-0.179156	0.533071	0.043418	0.844956
07630	5.011922	-1.720092	8.819352	0.008450	-0.005675	-0.003577	-0.766347	-0.398465	0.503922	0.358611	-0.916152	-0.179062	0.533020	0.043488	0.844984
07631	5.062900	-1.651008	8.784716	0.016739	-0.002597	-0.005261	-0.766353	-0.398389	0.503973	0.358615	-0.916179	-0.178917	0.533008	0.043619	0.844985
07632	5.042634	-1.632010	8.806342	0.010988	-0.001884	-0.004636	-0.766405	-0.398346	0.503929	0.358637	-0.916194	-0.178797	0.532919	0.043697	0.845037
07633	5.043309	-1.586177	8.826085	0.010534	0.001990	-0.001401	-0.766421	-0.398308	0.503934	0.358638	-0.916208	-0.178723	0.532895	0.043753	0.845049
07634	5.043375	-1.562905	8.836170	0.011062	0.003314	0.003311	-0.766472	-0.398339	0.503832	0.358720	-0.916192	-0.178642	0.532767	0.043811	0.845127
07635	5.028999	-1.643245	8.778367	0.006573	0.005490	0.002743	-0.766493	-0.398340	0.503800	0.358732	-0.916191	-0.178623	0.532730	0.043816	0.845150
07636	5.020174	-1.678557	8.799627	0.006280	0.000610	0.004087	-0.766526	-0.398377	0.503720	0.358794	-0.916173	-0.178585	0.532639	0.043842	0.845206
07637	5.032728	-1.664038	8.828829	0.010853	0.008601	-0.000096	-0.766573	-0.398353	0.503667	0.358807	-0.916182	-0.178516	0.532563	0.043874	0.845252
07638	5.048412	-1.636708	8.767793	0.006586	0.006356	0.004067	-0.766637	-0.398392	0.503539	0.358870	-0.916165	-0.178475	0.532428	0.043879	0.845337
07639	5.060990	-1.600043	8.806890	0.007862	0.008685	0.004199	-0.766669	-0.398407	0.503477	0.358900	-0.916158	-0.178453	0.532362	0.043884	0.845379
07640	5.030746	-1.617793	8.850140	0.008696	0.015755	0.008889	-0.766765	-0.398496	0.503262	0.359013	-0.916120	-0.178418	0.532147	0.043873	0.845514
07641	4.962249	-1.610311	8.836286	0.003410	0.013461	0.007602	-0.766810	-0.398545	0.503154	0.359045	-0.916102	-0.178450	0.532061	0.043817	0.845572
07642	4.961043	-1.610469	8.836935	0.002638	0.010723	0.009532	-0.766877	-0.398635	0.502980	0.359130	-0.916065	-0.178470	0.531907	0.043770	0.845671
07643	4.879394	-1.785864	8.875417	0.004048	0.002565	0.005127	-0.766874	-0.398657	0.502969	0.359146	-0.916055	-0.178484	0.531901	0.043764	0.845675
07644	4.911921	-1.878283	8.843714	0.012426	-0.008314	-0.006389	-0.766898	-0.398591	0.502985	0.359158	-0.916079	-0.178341	0.531859	0.043882	0.845695
07645	5.006016	-1.777012	8.794863	0.013040	-0.020944	-0.011511	-0.766828	-0.398449	0.503202	0.359094	-0.916132	-0.178195	0.532001	0.044052	0.845597
07646	5.071978	-1.648614	8.807887	0.017606	-0.013823	-0.017021	-0.766860	-0.398286	0.503283	0.359055	-0.916194	-0.177955	0.531982	0.044240	0.845599
07647	5.052735	-1.628891	8.829020	0.016406	-0.010950	-0.009209	-0.766836	-0.398170	0.503412	0.359027	-0.916236	-0.177793	0.532036	0.044401	0.845557
07648	5.049627	-1.582874	8.788646	0.013658	-0.009455	-0.011557	-0.766872	-0.398055	0.503447	0.359005	-0.916280	-0.177613	0.531998	0.044533	0.845573
07649	5.050918	-1.536439	8.808059	0.014995	-0.002790	-0.004807	-0.766876	-0.397984	0.503499	0.359004	-0.916305	-0.177485	0.531995	0.044649	0.845570
07650	5.051162	-1.535326	8.808113	0.008505	-0.002210	0.001722	-0.766899	-0.398000	0.503450	0.359064	-0.916295	-0.177415	0.531920	0.044711	0.845613
07651	5.054690	-1.623594	8.828877	0.009805	0.001854	0.004499	-0.766894	-0.398015	0.503446	0.359106	-0.916286	-0.177378	0.531900	0.044760	0.845624
07652	5.032457	-1.695083	8.811720	0.007092	0.005951	0.006124	-0.766946	-0.398073	0.503321	0.359189	-0.916260	-0.177342	0.531768	0.044776	0.845706
07653	5.018780	-1.708474	8.783405	0.009607	0.008006	0.002412	-0.766981	-0.398072	0.503269	0.359214	-0.916260	-0.177295	0.531701	0.044799	0.845747
07654	5.081201	-1.648493	8.768297	0.011375	0.009060	0.003281	-0.767059	-0.398105	0.503123	0.359298	-0.916243	-0.177209	0.531531	0.044842	0.845851
07655	5.101641	-1.598035	8.776812	0.014934	0.012903	0.007666	-0.767101	-0.398154	0.503020	0.359392	-0.916219	-0.177143	0.531407	0.044894	0.845926
07656	5.121024	-1.570105	8.775997	0.012050	0.024888	0.009847	-0.767242	-0.398250	0.502729	0.359525	-0.916178	-0.177084	0.531113	0.044878	0.846112
07657	5.001105	-1.607580	8.807377	0.011109	0.030040	0.012337	-0.767358	-0.398350	0.502473	0.359634	-0.916137	-0.177074	0.530872	0.044827	0.846266
07658	4.998311	-1.607215	8.809029	0.011603	0.028764	0.013075	-0.767506	-0.398479	0.502144	0.359793	-0.916083	-0.177034	0.530550	0.044793	0.846469
07659	4.995253	-1.629238	8.800929	0.011607	0.028763	0.013073	-0.767613	-0.398585	0.501897	0.359910	-0.916039	-0.177024	0.530316	0.044752	0.846618
07660	4.952148	-1.548895	8.864758	0.010320	0.025566	0.011619	-0.767748	-0.398700	0.501598	0.360052	-0.915990	-0.176988	0.530024	0.044719	0.846803
07661	4.894113	-1.639791	8.831460	0.000780	0.022771	0.017142	-0.767808	-0.398841	0.501395	0.360143	-0.915935	-0.177090	0.529875	0.044603	0.846902
07662	4.845535	-1.796894	8.887569	-0.001707	0.003286	0.005745	-0.767847	-0.398892	0.501295	0.360175	-0.915915	-0.177125	0.529798	0.044549	0.846953
07663	4.962805	-1.781259	8.848117	0.007177	-0.008013	-0.003691	-0.767818	-0.398828	0.501389	0.360140	-0.915940	-0.177068	0.529862	0.044614	0.846909
07664	4.993766	-1.695103	8.834476	0.009410	-0.009970	-0.004727	-0.767823	-0.398778	0.501421	0.360152	-0.915957	-0.176957	0.529847	0.044716	0.846914
07665	5.023863	-1.676009	8.791636	0.009411	-0.009970	-0.004727	-0.767789	-0.398704	0.501533	0.360121	-0.915984	-0.176876	0.529918	0.044809	0.846864
07666	5.067533	-1.598103	8.797044	0.011168	-0.009785	-0.005181	-0.767796	-0.398651	0.501565	0.360140	-0.916002	-0.176748	0.529895	0.044928	0.846872
07667	5.076908	-1.539000	8.785570	0.009270	-0.000348	-0.001529	-0.767800	-0.398610	0.501590	0.360133	-0.916017	-0.176684	0.529893	0.044981	0.846871
07668	4.993495	-1.534995	8.842339	0.006068	0.005026	-0.000650	-0.767872	-0.398599	0.501489	0.360153	-0.916021	-0.176621	0.529775	0.044990	0.846944
07669	5.004923	-1.610393	8.832506	0.003275	-0.000164	0.007058	-0.767847	-0.398637	0.501497	0.360180	-0.916005	-0.176652	0.529794	0.044988	0.846933
07670	5.016778	-1.663715	8.832262	0.002785	0.001110	0.006318	-0.767870	-0.398693	0.501417	0.360241	-0.915981	-0.176651	0.529718	0.044986	0.846980
07671	4.962274	-1.665052	8.836582	0.000253	-0.001809	0.008706	-0.767831	-0.398745	0.501437	0.360265	-0.915959	-0.176715	0.529760	0.044963	0.846955
07672	5.024661	-1.673181	8.791719	0.004504	-0.001310	0.001896	-0.767859	-0.398754	0.501385	0.360296	-0.915954	-0.176678	0.529697	0.044984	0.846993
07673	4.991487	-1.646711	8.794088	0.005771	0.000149	0.000702	-0.767859	-0.398734	0.501402	0.360288	-0.915962	-0.176655	0.529704	0.045003	0.846988
07674	5.025307	-1.627522	8.811289	0.005771	0.000149	0.000702	-0.767898	-0.398736	0.501341	0.360320	-0.915960	-0.176601	0.529625	0.045032	0.847035
07675	5.046022	-1.622375	8.799749	0.005808	0.002754	0.004669	-0.767896	-0.398753	0.501329	0.360342	-0.915951	-0.176598	0.529612	0.045041	0.847043
07676	5.012496	-1.595895	8.802314	0.007062	0.003345	0.002152	-0.767946	-0.398771	0.501239	0.360393	-0.915942	-0.176540	0.529505	0.045070	0.847109
07677	5.045931	-1.577026	8.819673	0.002321	0.004121	0.008222	-0.767939	-0.398821	0.501209	0.360424	-0.915922	-0.176584	0.529494	0.045042	0.847117
07678	5.024099	-1.582089	8.831864	0.002181	0.013745	0.011418	-0.768012	-0.398925	0.501015	0.360517	-0.915879	-0.176613	0.529325	0.044984	0.847226
07679	5.010057	-1.596517	8.803590	0.000603	0.006542	0.012643	-0.768002	-0.399018	0.500957	0.360573	-0.915842	-0.176694	0.529301	0.044930	0.847243
07680	4.941820	-1.612259	8.779439	-0.004390	0.009127	0.010005	-0.768054	-0.399108	0.500805	0.360622	-0.915807	-0.176772	0.529192	0.044831	0.847317
07681	4.873736	-1.729526	8.866274	-0.006008	-0.000682	0.007263	-0.768025	-0.399147	0.500818	0.360602	-0.915794	-0.176882	0.529248	0.044746	0.847287
07682	4.856511	-1.845976	8.888654	-0.000163	-0.014499	-0.001844	-0.767992	-0.399124	0.500887	0.360590	-0.915803	-0.176864	0.529304	0.044785	0.847249
07683	4.971166	-1.786019	8.808254	0.005030	-0.019156	-0.011140	-0.767932	-0.398987	0.501089	0.360486	-0.915858	-0.176788	0.529462	0.044874	0.847146
07684	5.028354	-1.738721	8.822430	0.013501	-0.023978	-0.013379	-0.767897	-0.398842	0.501258	0.360443	-0.915912	-0.176598	0.529543	0.045066	0.847085
07685	5.060754	-1.651432	8.808097	0.015521	-0.021524	-0.019155	-0.767853	-0.398630	0.501494	0.360333	-0.915994	-0.176393	0.529681	0.045261	0.846988
07686	5.100910	-1.573039	8.753334	0.017293	-0.020472	-0.018289	-0.767848	-0.398451	0.501644	0.360284	-0.916061	-0.176145	0.529722	0.045481	0.846951
07687	5.048453	-1.527337	8.776657	0.013225	-0.004730	-0.006991	-0.767849	-0.398358	0.501716	0.360256	-0.916096	-0.176021	0.529739	0.045589	0.846935
07688	5.069933	-1.498783	8.774698	0.012785	0.000020	-0.002442	-0.767897	-0.398331	0.501664	0.360301	-0.916103	-0.175890	0.529639	0.045684	0.846992
07689	5.073511	-1.564275	8.805536	0.008329	0.004805	0.000953	-0.767920	-0.398315	0.501641	0.360308	-0.916109	-0.175847	0.529601	0.045709	0.847015
07690	4.997196	-1.614352	8.802569	0.007064	0.003346	0.002148	-0.767969	-0.398331	0.501555	0.360358	-0.916101	-0.175788	0.529496	0.045740	0.847078
07691	5.042951	-1.626098	8.829356	0.005332	0.004900	0.005247	-0.767977	-0.398354	0.501523	0.360382	-0.916091	-0.175792	0.529468	0.045736	0.847096
07692	5.016983	-1.608944	8.791586	0.005618	0.008906	0.002570	-0.768053	-0.398376	0.501389	0.360428	-0.916081	-0.175747	0.529326	0.045732	0.847185
07693	5.020306	-1.652850	8.832298	0.003601	0.006453	0.008346	-0.768058	-0.398429	0.501339	0.360466	-0.916060	-0.175781	0.529293	0.045706	0.847207
07694	5.015340	-1.631258	8.782678	0.004067	0.003441	0.006443	-0.768092	-0.398481	0.501245	0.360530	-0.916037	-0.175768	0.529199	0.045708	0.847265
07695	5.006288	-1.644378	8.813980	0.005670	0.012382	0.007858	-0.768131	-0.398532	0.501146	0.360576	-0.916016	-0.175782	0.529113	0.045678	0.847321
07696	5.005042	-1.666666	8.804849	0.005346	0.005768	0.006569	-0.768175	-0.398590	0.501032	0.360652	-0.915991	-0.175759	0.528997	0.045684	0.847393
07697	5.046699	-1.612145	8.801241	0.006136	0.009369	0.005954	-0.768204	-0.398622	0.500962	0.360685	-0.915977	-0.175760	0.528931	0.045670	0.847435
07698	5.003949	-1.621318	8.825287	0.007403	0.010827	0.004759	-0.768288	-0.398654	0.500808	0.360744	-0.915964	-0.175710	0.528770	0.045668	0.847536
07699	5.023477	-1.638570	8.804566	0.007404	0.010827	0.004758	-0.768329	-0.398676	0.500728	0.360775	-0.915955	-0.175694	0.528689	0.045660	0.847587
07700	5.044130	-1.566386	8.822599	0.005699	0.014120	0.010500	-0.768401	-0.398777	0.500537	0.360888	-0.915912	-0.175687	0.528508	0.045639	0.847701
07701	5.008482	-1.607380	8.796717	0.008724	0.015761	0.008850	-0.768453	-0.398839	0.500407	0.360957	-0.915885	-0.175680	0.528384	0.045624	0.847779
07702	5.052854	-1.619430	8.824277	0.003768	0.020953	0.010176	-0.768564	-0.398935	0.500160	0.361051	-0.915847	-0.175688	0.528158	0.045556	0.847923
07703	5.059024	-1.606509	8.794618	0.003796	0.022692	0.012818	-0.768639	-0.399036	0.499965	0.361125	-0.915807	-0.175743	0.527999	0.045467	0.848027
07704	5.048173	-1.619892	8.826872	0.008157	0.030136	0.016581	-0.768774	-0.399198	0.499628	0.361295	-0.915740	-0.175745	0.527687	0.045404	0.848225
07705	5.044328	-1.664830	8.809347	0.008478	0.035878	0.016543	-0.768904	-0.399339	0.499314	0.361422	-0.915683	-0.175779	0.527409	0.045306	0.848403
07706	5.007817	-1.638782	8.813443	0.009460	0.033329	0.018025	-0.769046	-0.399522	0.498949	0.361618	-0.915606	-0.175777	0.527068	0.045248	0.848618
07707	4.983999	-1.621120	8.836605	0.008964	0.033732	0.015959	-0.769167	-0.399657	0.498655	0.361744	-0.915552	-0.175803	0.526805	0.045163	0.848785
07708	4.968185	-1.612806	8.819258	0.007712	0.033143	0.018473	-0.769312	-0.399831	0.498290	0.361919	-0.915479	-0.175819	0.526472	0.045081	0.848996
07709	4.943844	-1.639930	8.823000	0.011694	0.030495	0.015667	-0.769417	-0.399962	0.498023	0.362057	-0.915425	-0.175820	0.526224	0.045033	0.849152
07710	4.924201	-1.688653	8.876414	0.003817	0.022687	0.012807	-0.769529	-0.400078	0.497758	0.362165	-0.915378	-0.175840	0.525986	0.044956	0.849304
07711	4.971966	-1.688639	8.813813	0.008310	0.020504	0.013388	-0.769589	-0.400183	0.497580	0.362267	-0.915334	-0.175859	0.525827	0.044918	0.849404
07712	4.991976	-1.616568	8.832227	0.008786	0.018360	0.012809	-0.769676	-0.400301	0.497351	0.362407	-0.915283	-0.175837	0.525605	0.044907	0.849543
07713	4.986701	-1.527698	8.812402	0.007367	0.024789	0.014541	-0.769754	-0.400419	0.497135	0.362514	-0.915234	-0.175869	0.525416	0.044842	0.849663
07714	5.005089	-1.523151	8.802183	0.006910	0.027800	0.016438	-0.769876	-0.400575	0.496820	0.362673	-0.915169	-0.175881	0.525128	0.044777	0.849844
07715	5.011447	-1.443490	8.801934	-0.001513	0.035240	0.022613	-0.769980	-0.400771	0.496501	0.362794	-0.915092	-0.176029	0.524891	0.044589	0.850001
07716	4.914686	-1.544390	8.851991	-0.010274	0.036069	0.027506	-0.770106	-0.401030	0.496097	0.362946	-0.914991	-0.176240	0.524602	0.044333	0.850193
07717	4.871807	-1.689617	8.878416	-0.008352	0.029233	0.027836	-0.770159	-0.401271	0.495819	0.363072	-0.914897	-0.176472	0.524436	0.044106	0.850307
07718	4.850421	-1.852530	8.883003	-0.014062	0.015995	0.018662	-0.770211	-0.401441	0.495601	0.363138	-0.914832	-0.176672	0.524315	0.043897	0.850392
07719	5.018003	-1.749544	8.819393	-0.006455	0.004085	0.011786	-0.770190	-0.401525	0.495565	0.363150	-0.914801	-0.176808	0.524336	0.043788	0.850385
07720	5.005391	-1.675225	8.829562	-0.008782	0.016537	0.017311	-0.770247	-0.401686	0.495346	0.363238	-0.914738	-0.176957	0.524192	0.043628	0.850482
07721	4.988157	-1.579284	8.790112	-0.003504	0.017079	0.015961	-0.770280	-0.401813	0.495192	0.363298	-0.914688	-0.177089	0.524103	0.043494	0.850544
07722	4.978814	-1.526567	8.850725	-0.006964	0.020192	0.022141	-0.770343	-0.402011	0.494933	0.363420	-0.914609	-0.177245	0.523925	0.043329	0.850662
07723	4.845612	-1.602022	8.842285	-0.009673	0.023427	0.022422	-0.770386	-0.402199	0.494714	0.363498	-0.914536	-0.177462	0.523809	0.043113	0.850744
07724	4.581387	-1.829881	8.944959	-0.012989	0.002956	0.015642	-0.770378	-0.402336	0.494614	0.363546	-0.914483	-0.177637	0.523786	0.042967	0.850766
07725	4.833099	-1.876450	8.916349	-0.008768	-0.032898	-0.003292	-0.770219	-0.402265	0.494919	0.363430	-0.914513	-0.177718	0.524100	0.042986	0.850571
07726	4.987176	-1.866010	8.883231	-0.013846	-0.036384	-0.015188	-0.770118	-0.402103	0.495208	0.363236	-0.914585	-0.177749	0.524383	0.042990	0.850397
07727	5.031165	-1.700487	8.865905	-0.002669	-0.044461	-0.017685	-0.769950	-0.401896	0.495637	0.363041	-0.914670	-0.177707	0.524764	0.043111	0.850155
07728	4.997363	-1.674458	8.806379	-0.003756	-0.033161	-0.017312	-0.769876	-0.401711	0.495902	0.362879	-0.914747	-0.177641	0.524986	0.043191	0.850014
07729	5.034883	-1.632894	8.831491	-0.002781	-0.035711	-0.015829	-0.769747	-0.401525	0.496254	0.362698	-0.914825	-0.177609	0.525300	0.043276	0.849816
07730	5.035253	-1.521116	8.818599	-0.002904	-0.026960	-0.013968	-0.769688	-0.401380	0.496461	0.362573	-0.914885	-0.177553	0.525471	0.043343	0.849706
07731	5.039815	-1.386620	8.875293	-0.008104	-0.023161	-0.006013	-0.769590	-0.401289	0.496688	0.362440	-0.914926	-0.177615	0.525708	0.043329	0.849561
07732	5.018106	-1.549037	8.818038	-0.014276	-0.016815	0.000459	-0.769536	-0.401272	0.496784	0.362358	-0.914937	-0.177726	0.525843	0.043247	0.849482
07733	5.018810	-1.595497	8.797568	-0.018532	-0.017303	0.007259	-0.769420	-0.401305	0.496938	0.362272	-0.914929	-0.177942	0.526072	0.043114	0.849346
07734	5.038534	-1.459138	8.783431	-0.015414	-0.010456	0.013541	-0.769347	-0.401420	0.496958	0.362295	-0.914884	-0.178128	0.526163	0.043003	0.849296
07735	4.943341	-1.427322	8.829565	-0.026840	-0.003787	0.022689	-0.769246	-0.401600	0.496969	0.362284	-0.914817	-0.178491	0.526318	0.042740	0.849213
07736	4.931247	-1.645842	8.772632	-0.025760	-0.000262	0.033419	-0.769158	-0.401896	0.496867	0.362400	-0.914699	-0.178863	0.526368	0.042491	0.849195
07737	4.999045	-1.835359	8.769357	-0.015714	0.001230	0.028649	-0.769061	-0.402132	0.496824	0.362493	-0.914604	-0.179161	0.526444	0.042309	0.849156
07738	4.992305	-1.961833	8.811338	-0.002343	0.008367	0.019561	-0.769064	-0.402313	0.496674	0.362635	-0.914527	-0.179265	0.526342	0.042245	0.849223
07739	4.969725	-2.011728	8.803954	0.007606	0.004653	0.006866	-0.769065	-0.402351	0.496642	0.362684	-0.914509	-0.179258	0.526308	0.042263	0.849243
07740	4.915337	-2.011388	8.808329	0.019465	-0.005897	-0.005506	-0.769091	-0.402282	0.496657	0.362729	-0.914532	-0.179053	0.526238	0.042444	0.849277
07741	4.865423	-1.808103	8.899739	0.024145	-0.010155	-0.016849	-0.769100	-0.402097	0.496793	0.362682	-0.914602	-0.178787	0.526258	0.042673	0.849254
07742	4.867036	-1.582001	8.936354	0.017824	-0.031396	-0.020680	-0.769042	-0.401887	0.497053	0.362613	-0.914681	-0.178521	0.526390	0.042948	0.849158
07743	4.862917	-1.570653	8.975097	0.007570	-0.048254	-0.019065	-0.768858	-0.401666	0.497516	0.362462	-0.914768	-0.178384	0.526763	0.043178	0.848915
07744	4.792601	-1.619804	8.968652	-0.002560	-0.074737	-0.020638	-0.768571	-0.401437	0.498143	0.362286	-0.914856	-0.178291	0.527302	0.043441	0.848567
07745	4.802807	-1.752752	8.966042	-0.005819	-0.094352	-0.026122	-0.768169	-0.401131	0.499010	0.362010	-0.914976	-0.178233	0.528077	0.043734	0.848070
07746	4.837671	-1.980410	8.811757	-0.007377	-0.118135	-0.038674	-0.767716	-0.400720	0.500036	0.361673	-0.915137	-0.178090	0.528966	0.044127	0.847495
07747	4.845004	-2.080000	8.857178	0.007617	-0.141033	-0.062551	-0.767196	-0.400058	0.501362	0.361189	-0.915398	-0.177735	0.530050	0.044728	0.846786
07748	4.798568	-2.044454	8.904571	0.021072	-0.171145	-0.085232	-0.766627	-0.399195	0.502917	0.360644	-0.915732	-0.177118	0.531242	0.045591	0.845993
07749	4.600430	-2.120768	9.035217	0.023766	-0.207250	-0.103857	-0.765900	-0.398121	0.504873	0.359930	-0.916148	-0.176416	0.532773	0.046602	0.844974
07750	4.581603	-2.067209	9.167812	0.036483	-0.279665	-0.132918	-0.764919	-0.396763	0.507423	0.359102	-0.916664	-0.175425	0.534738	0.048031	0.843652
07751	4.647793	-1.244997	9.490183	0.030617	-0.333670	-0.183792	-0.763790	-0.394888	0.510576	0.357816	-0.917389	-0.174253	0.537207	0.049599	0.841991
07752	3.345463	-2.050204	9.808259	-0.050658	-0.468110	-0.203442	-0.762034	-0.392766	0.514819	0.355971	-0.918226	-0.173626	0.540915	0.050952	0.839533
07753	4.897569	-0.673076	9.743486	-0.068554	-0.567924	-0.182465	-0.759598	-0.390769	0.519914	0.354165	-0.918990	-0.173278	0.545508	0.052514	0.836459
07754	4.648603	-1.435926	9.463492	-0.064370	-0.724749	-0.164946	-0.756252	-0.388842	0.526199	0.352540	-0.919678	-0.172941	0.551180	0.054719	0.832590
07755	4.524720	-1.249274	9.556432	-0.099603	-0.827525	-0.148600	-0.752186	-0.386986	0.533346	0.350821	-0.920323	-0.173002	0.557800	0.056980	0.828017
07756	4.571490	-1.552123	9.472745	-0.089603	-0.955839	-0.138554	-0.747351	-0.385131	0.541424	0.349257	-0.920921	-0.172984	0.565231	0.059816	0.822761
07757	4.416058	-2.091356	9.694502	-0.105288	-1.109612	-0.175736	-0.741643	-0.382803	0.550842	0.347303	-0.921674	-0.172907	0.573886	0.063074	0.816502
07758	4.076762	-3.234699	10.221015	-0.045588	-1.320567	-0.261580	-0.734948	-0.379520	0.561975	0.345103	-0.922705	-0.171809	0.583742	0.067669	0.809114
07759	3.969726	-3.580493	10.834246	0.125740	-1.593223	-0.391447	-0.726904	-0.374743	0.575481	0.342937	-0.924106	-0.168590	0.594983	0.074805	0.800250
07760	4.309304	-3.642149	10.880633	0.321328	-1.886819	-0.549537	-0.717485	-0.368151	0.591337	0.340897	-0.925894	-0.162818	0.607457	0.084765	0.789817
