// General information: 
//  MT Manager version: 2022.2.0 
//  XDA version: 2022.2.0 build 7381 rev 124627 built on 2023-07-19
// Device information: 
//  DeviceId: 00B4CBA7
//  ProductCode: MTW2-3A7G6
//  Firmware Version: 4.6.0
//  Hardware Version: 2.0.0
// Device settings: 
//  Filter Profile: human(46.1)
//  Option Flags: Orientation Smoother Disabled, Position/Velocity Smoother Disabled, Continuous Zero Rotation Update Disabled, AHS Disabled, ICC Disabled
// Coordinate system: ENU
PacketCounter	Acc_X	Acc_Y	Acc_Z	Gyr_X	Gyr_Y	Gyr_Z	Mat[1][1]	Mat[2][1]	Mat[3][1]	Mat[1][2]	Mat[2][2]	Mat[3][2]	Mat[1][3]	Mat[2][3]	Mat[3][3]
55763	9.410507	-0.960768	-2.569196	-0.001248	-0.017274	0.018134	0.269027	-0.040081	0.962298	0.175807	-0.980304	-0.089981	0.946951	0.193386	-0.256681
55764	9.446814	-0.977877	-2.542578	0.001867	-0.013245	0.017476	0.269166	-0.040201	0.962254	0.175746	-0.980302	-0.090115	0.946923	0.193368	-0.256799
55765	9.464725	-0.987470	-2.529777	0.011735	-0.014051	0.018616	0.269311	-0.040344	0.962208	0.175727	-0.980290	-0.090286	0.946885	0.193401	-0.256913
55766	9.456205	-0.979556	-2.472655	0.011409	-0.016080	0.017541	0.269477	-0.040458	0.962157	0.175756	-0.980270	-0.090445	0.946833	0.193478	-0.257050
55767	9.430258	-0.999302	-2.535566	0.008515	-0.014179	0.010886	0.269607	-0.040530	0.962117	0.175709	-0.980270	-0.090532	0.946804	0.193461	-0.257166
55768	9.428564	-0.969989	-2.603240	0.009578	-0.011311	0.010113	0.269715	-0.040581	0.962085	0.175741	-0.980257	-0.090615	0.946768	0.193518	-0.257258
55769	9.452371	-0.995779	-2.606764	0.008712	-0.006975	0.011769	0.269780	-0.040672	0.962063	0.175705	-0.980255	-0.090712	0.946756	0.193512	-0.257306
55770	9.457863	-1.013610	-2.623930	0.011648	-0.003628	0.004370	0.269805	-0.040681	0.962055	0.175772	-0.980240	-0.090745	0.946736	0.193586	-0.257323
55771	9.467987	-1.017315	-2.723898	0.018286	0.003232	0.000120	0.269751	-0.040675	0.962071	0.175871	-0.980221	-0.090754	0.946733	0.193681	-0.257262
55772	9.426558	-1.021243	-2.840218	0.022410	0.012074	-0.005512	0.269610	-0.040618	0.962112	0.176066	-0.980189	-0.090720	0.946737	0.193854	-0.257118
55773	9.421350	-0.931381	-2.824124	0.033086	0.016679	-0.007880	0.269416	-0.040563	0.962169	0.176313	-0.980147	-0.090690	0.946747	0.194076	-0.256915
55774	9.408182	-0.983221	-2.916478	0.016124	0.035893	-0.007215	0.269046	-0.040536	0.962274	0.176453	-0.980128	-0.090623	0.946825	0.194178	-0.256547
55775	9.363247	-1.073435	-2.944432	0.015870	0.038439	-0.009948	0.268643	-0.040506	0.962388	0.176528	-0.980124	-0.090529	0.946926	0.194208	-0.256153
55776	9.368239	-1.096123	-2.914987	0.020023	0.053805	-0.021435	0.268079	-0.040374	0.962551	0.176743	-0.980103	-0.090335	0.947046	0.194341	-0.255609
55777	9.388525	-1.102790	-2.895293	0.027430	0.060844	-0.015127	0.267455	-0.040320	0.962726	0.177010	-0.980065	-0.090222	0.947172	0.194542	-0.254987
55778	9.434283	-1.091491	-2.813180	0.030630	0.069456	-0.017439	0.266750	-0.040258	0.962925	0.177314	-0.980022	-0.090093	0.947314	0.194773	-0.254282
55779	9.456059	-1.055117	-2.727537	0.023385	0.079383	-0.024714	0.265931	-0.040173	0.963155	0.177464	-0.980015	-0.089875	0.947516	0.194826	-0.253487
55780	9.468881	-1.123603	-2.644605	0.010722	0.086661	-0.034184	0.265032	-0.039981	0.963410	0.177624	-0.980017	-0.089534	0.947738	0.194855	-0.252634
55781	9.499369	-1.241465	-2.611164	0.006413	0.093414	-0.042994	0.264053	-0.039703	0.963691	0.177820	-0.980021	-0.089099	0.947975	0.194891	-0.251717
55782	9.533285	-1.235829	-2.557125	0.018937	0.093946	-0.050274	0.263056	-0.039367	0.963977	0.178100	-0.980013	-0.088623	0.948199	0.194997	-0.250787
55783	9.516246	-1.187885	-2.456006	0.037670	0.096028	-0.052993	0.262029	-0.039030	0.964271	0.178490	-0.979984	-0.088168	0.948410	0.195215	-0.249817
55784	9.525620	-1.084293	-2.401452	0.043837	0.093675	-0.059152	0.261018	-0.038607	0.964562	0.179028	-0.979930	-0.087668	0.948588	0.195567	-0.248867
55785	9.412682	-1.090574	-2.458300	0.054608	0.088566	-0.059594	0.260050	-0.038193	0.964840	0.179585	-0.979871	-0.087191	0.948748	0.195945	-0.247956
55786	9.364850	-1.001044	-2.338773	0.073133	0.085403	-0.067353	0.259101	-0.037674	0.965115	0.180421	-0.979762	-0.086683	0.948849	0.196587	-0.247060
55787	9.354749	-0.932982	-2.363754	0.083520	0.079562	-0.060661	0.258211	-0.037251	0.965370	0.181187	-0.979658	-0.086265	0.948946	0.197187	-0.246209
55788	9.421101	-0.803034	-2.245608	0.088889	0.077674	-0.056762	0.257354	-0.036822	0.965615	0.182145	-0.979513	-0.085896	0.948995	0.197988	-0.245375
55789	9.475194	-0.755342	-2.155796	0.077740	0.078133	-0.059910	0.256486	-0.036346	0.965864	0.183082	-0.979375	-0.085472	0.949050	0.198754	-0.244541
55790	9.483429	-0.725356	-2.100843	0.072857	0.068457	-0.052433	0.255723	-0.035943	0.966082	0.183875	-0.979258	-0.085105	0.949103	0.199401	-0.243810
55791	9.488028	-0.672357	-2.071831	0.069782	0.062488	-0.047573	0.255019	-0.035598	0.966281	0.184544	-0.979161	-0.084777	0.949162	0.199941	-0.243136
55792	9.522902	-0.660683	-2.061997	0.067964	0.060729	-0.049140	0.254335	-0.035212	0.966475	0.185282	-0.979052	-0.084428	0.949202	0.200543	-0.242483
55793	9.517676	-0.567733	-2.042901	0.064506	0.046202	-0.039493	0.253802	-0.034908	0.966626	0.185906	-0.978956	-0.084165	0.949223	0.201062	-0.241972
55794	9.518222	-0.492338	-2.041392	0.059680	0.041094	-0.033694	0.253332	-0.034634	0.966759	0.186525	-0.978857	-0.083945	0.949227	0.201591	-0.241516
55795	9.461557	-0.517878	-2.102818	0.041613	0.035218	-0.031224	0.252920	-0.034372	0.966876	0.186981	-0.978791	-0.083707	0.949247	0.201959	-0.241129
55796	9.438599	-0.564845	-2.094249	0.034050	0.032673	-0.025385	0.252545	-0.034163	0.966982	0.187336	-0.978740	-0.083505	0.949277	0.202239	-0.240776
55797	9.369652	-0.600620	-2.187472	0.032472	0.026428	-0.020026	0.252241	-0.033970	0.967068	0.187771	-0.978670	-0.083354	0.949272	0.202612	-0.240482
55798	9.422167	-0.685209	-2.294508	0.031724	0.025596	-0.018181	0.251946	-0.033818	0.967150	0.188085	-0.978621	-0.083216	0.949288	0.202872	-0.240200
55799	9.423247	-0.714211	-2.225243	0.031664	0.019088	-0.012309	0.251722	-0.033706	0.967212	0.188406	-0.978566	-0.083135	0.949284	0.203155	-0.239976
55800	9.454397	-0.698116	-2.047165	0.040356	0.018723	-0.006312	0.251515	-0.033656	0.967268	0.188772	-0.978496	-0.083133	0.949266	0.203502	-0.239753
55801	9.497207	-0.743841	-2.163828	0.030853	0.011747	-0.004592	0.251376	-0.033600	0.967306	0.189088	-0.978435	-0.083125	0.949240	0.203802	-0.239602
55802	9.507584	-0.857314	-2.150610	0.030980	0.008497	-0.008573	0.251262	-0.033507	0.967339	0.189371	-0.978385	-0.083078	0.949213	0.204060	-0.239486
55803	9.470778	-0.755634	-2.051178	0.040251	0.001745	-0.005269	0.251217	-0.033426	0.967353	0.189769	-0.978307	-0.083087	0.949146	0.204447	-0.239424
55804	9.398098	-0.756620	-2.041762	0.039216	-0.004988	0.003906	0.251255	-0.033428	0.967344	0.190099	-0.978235	-0.083180	0.949070	0.204791	-0.239431
55805	9.363987	-0.693132	-2.049211	0.042528	-0.013944	0.001176	0.251372	-0.033385	0.967315	0.190475	-0.978155	-0.083257	0.948963	0.205178	-0.239522
55806	9.399517	-0.635299	-2.025132	0.043237	-0.023587	-0.005492	0.251568	-0.033256	0.967268	0.190867	-0.978078	-0.083269	0.948833	0.205567	-0.239706
55807	9.438249	-0.600942	-1.976297	0.048687	-0.024738	0.005137	0.251794	-0.033221	0.967211	0.191325	-0.977977	-0.083398	0.948680	0.206051	-0.239893
55808	9.430921	-0.556297	-2.029665	0.043689	-0.038996	0.014292	0.252174	-0.033254	0.967110	0.191671	-0.977892	-0.083603	0.948510	0.206450	-0.240225
55809	9.400551	-0.619810	-1.944659	0.033652	-0.047407	0.016414	0.252635	-0.033289	0.966989	0.191931	-0.977824	-0.083806	0.948334	0.206767	-0.240644
55810	9.427304	-0.713394	-1.989446	0.020448	-0.052039	0.021490	0.253153	-0.033365	0.966851	0.192038	-0.977784	-0.084024	0.948175	0.206943	-0.241121
55811	9.469305	-0.777151	-1.915100	0.025404	-0.060525	0.026012	0.253755	-0.033465	0.966689	0.192198	-0.977729	-0.084299	0.947981	0.207187	-0.241672
55812	9.524895	-0.766725	-1.986671	0.026567	-0.069316	0.031356	0.254456	-0.033602	0.966501	0.192338	-0.977673	-0.084628	0.947765	0.207428	-0.242311
55813	9.531956	-0.781242	-2.051698	0.035230	-0.080139	0.032545	0.255258	-0.033718	0.966285	0.192601	-0.977590	-0.084991	0.947496	0.207802	-0.243044
55814	9.516545	-0.692216	-2.160457	0.039260	-0.080426	0.030282	0.256061	-0.033821	0.966069	0.192863	-0.977507	-0.085340	0.947226	0.208172	-0.243779
55815	9.500421	-0.734379	-2.459937	0.015476	-0.078642	0.030117	0.256843	-0.033930	0.965857	0.192887	-0.977477	-0.085631	0.947009	0.208295	-0.244513
55816	9.494366	-0.801982	-2.619606	0.013506	-0.075238	0.028320	0.257592	-0.034024	0.965654	0.192910	-0.977449	-0.085899	0.946801	0.208411	-0.245220
55817	9.491902	-0.848980	-2.689917	0.003616	-0.068579	0.033600	0.258285	-0.034188	0.965464	0.192812	-0.977443	-0.086194	0.946632	0.208416	-0.245866
55818	9.502668	-0.915483	-2.661967	-0.005204	-0.064960	0.031605	0.258943	-0.034336	0.965282	0.192649	-0.977452	-0.086448	0.946486	0.208346	-0.246490
55819	9.480738	-1.063185	-2.633391	-0.005689	-0.059905	0.026107	0.259539	-0.034445	0.965118	0.192483	-0.977467	-0.086648	0.946356	0.208257	-0.247061
55820	9.452572	-1.120065	-2.591451	0.003364	-0.055721	0.016549	0.260081	-0.034464	0.964971	0.192439	-0.977464	-0.086777	0.946216	0.208268	-0.247588
55821	9.433999	-1.216852	-2.540116	0.020821	-0.053937	0.011894	0.260598	-0.034415	0.964834	0.192685	-0.977404	-0.086907	0.946024	0.208557	-0.248078
55822	9.441074	-1.112665	-2.542946	0.040904	-0.051460	0.011165	0.261089	-0.034391	0.964702	0.193011	-0.977325	-0.087078	0.945822	0.208933	-0.248531
55823	9.357794	-1.074161	-2.545975	0.040943	-0.044974	0.005268	0.261503	-0.034329	0.964592	0.193332	-0.977251	-0.087192	0.945642	0.209288	-0.248917
55824	9.366196	-0.998652	-2.481077	0.039526	-0.047969	0.000795	0.261941	-0.034210	0.964477	0.193672	-0.977178	-0.087260	0.945451	0.209649	-0.249337
55825	9.390669	-0.936225	-2.360239	0.036801	-0.045398	0.000842	0.262349	-0.034114	0.964370	0.193928	-0.977122	-0.087321	0.945286	0.209927	-0.249731
55826	9.455562	-0.963833	-2.421340	0.034918	-0.045264	-0.004931	0.262750	-0.033944	0.964267	0.194239	-0.977060	-0.087322	0.945110	0.210242	-0.250129
55827	9.469709	-0.831330	-2.376601	0.047837	-0.044611	-0.006922	0.263138	-0.033744	0.964168	0.194734	-0.976960	-0.087338	0.944900	0.210738	-0.250505
55828	9.450471	-0.707823	-2.335314	0.052196	-0.051249	0.001976	0.263609	-0.033629	0.964043	0.195190	-0.976859	-0.087449	0.944675	0.211224	-0.250945
55829	9.455480	-0.609302	-2.296557	0.038661	-0.050062	0.008347	0.264074	-0.033607	0.963917	0.195398	-0.976805	-0.087588	0.944502	0.211477	-0.251382
55830	9.453411	-0.654707	-2.364759	0.024004	-0.055754	0.004827	0.264593	-0.033510	0.963778	0.195580	-0.976762	-0.087656	0.944319	0.211689	-0.251890
55831	9.458433	-0.745922	-2.382127	0.019071	-0.049188	0.004515	0.265042	-0.033447	0.963657	0.195636	-0.976747	-0.087708	0.944182	0.211772	-0.252335
55832	9.490859	-0.811734	-2.380138	0.018534	-0.057083	0.010837	0.265585	-0.033405	0.963509	0.195750	-0.976714	-0.087820	0.944006	0.211930	-0.252861
55833	9.519538	-0.855347	-2.403853	0.026669	-0.055585	0.021155	0.266130	-0.033477	0.963356	0.195885	-0.976666	-0.088053	0.943824	0.212140	-0.253362
55834	9.499565	-0.850431	-2.423163	0.028039	-0.056590	0.014945	0.266676	-0.033477	0.963205	0.196078	-0.976611	-0.088230	0.943630	0.212392	-0.253874
55835	9.474975	-0.866349	-2.531194	0.024574	-0.054842	0.016847	0.267202	-0.033513	0.963058	0.196184	-0.976573	-0.088415	0.943459	0.212561	-0.254367
55836	9.408554	-0.806469	-2.587825	0.020786	-0.055139	0.017695	0.267740	-0.033543	0.962907	0.196300	-0.976533	-0.088600	0.943282	0.212741	-0.254872
55837	9.380202	-0.717129	-2.552584	0.006582	-0.050208	0.024236	0.268238	-0.033669	0.962764	0.196187	-0.976536	-0.088811	0.943164	0.212704	-0.255338
55838	9.430653	-0.717706	-2.540109	-0.031002	-0.046073	0.019640	0.268693	-0.033737	0.962635	0.195810	-0.976606	-0.088881	0.943113	0.212375	-0.255801
55839	9.520736	-0.799342	-2.536942	-0.052319	-0.038405	0.023264	0.269080	-0.033858	0.962522	0.195223	-0.976718	-0.088933	0.943125	0.211837	-0.256206
55840	9.663591	-0.762518	-2.457164	-0.048840	-0.040142	0.021370	0.269483	-0.033956	0.962406	0.194673	-0.976824	-0.088975	0.943123	0.211332	-0.256627
55841	9.774013	-0.616276	-2.321369	-0.066066	-0.049780	0.010017	0.269949	-0.033930	0.962277	0.193969	-0.976975	-0.088863	0.943135	0.210640	-0.257152
55842	9.458506	-0.880944	-2.052732	-0.061746	-0.059607	0.028801	0.270550	-0.034060	0.962103	0.193277	-0.977105	-0.088942	0.943105	0.210015	-0.257773
55843	9.251624	-0.498249	-1.843714	-0.009447	-0.092565	0.037673	0.271477	-0.034203	0.961837	0.193076	-0.977117	-0.089242	0.942880	0.209935	-0.258661
55844	9.126629	-0.265406	-1.525914	0.011066	-0.117978	0.037040	0.272644	-0.034291	0.961504	0.193048	-0.977091	-0.089588	0.942549	0.210041	-0.259778
55845	9.040457	-0.162428	-1.498000	0.035853	-0.149958	0.059148	0.274151	-0.034521	0.961067	0.193223	-0.976999	-0.090211	0.942075	0.210432	-0.261175
55846	9.063656	0.027769	-1.782421	0.080686	-0.174860	0.092544	0.275959	-0.035030	0.960531	0.193697	-0.976806	-0.091273	0.941450	0.211239	-0.262774
55847	9.002434	0.102066	-2.017914	0.104868	-0.204874	0.132931	0.278121	-0.035886	0.959875	0.194227	-0.976559	-0.092786	0.940704	0.212239	-0.264632
55848	8.870835	0.219061	-2.436984	0.101730	-0.224711	0.183263	0.280573	-0.037171	0.959113	0.194640	-0.976285	-0.094775	0.939890	0.213273	-0.266684
55849	8.670843	0.351622	-2.500824	0.094700	-0.234533	0.220136	0.283181	-0.038803	0.958281	0.194844	-0.976016	-0.097099	0.939066	0.214212	-0.268829
55850	8.753730	0.203840	-2.578701	0.047288	-0.243383	0.246294	0.285928	-0.040658	0.957388	0.194556	-0.975827	-0.099546	0.938293	0.214728	-0.271106
55851	8.993605	-0.151724	-2.679785	-0.014141	-0.234784	0.279684	0.288648	-0.042871	0.956475	0.193540	-0.975761	-0.102143	0.937670	0.214599	-0.273354
55852	9.595795	-0.479775	-2.479270	-0.062591	-0.203601	0.295625	0.291109	-0.045294	0.955617	0.192065	-0.975775	-0.104758	0.937212	0.214037	-0.275358
55853	10.185512	-0.091971	-1.951955	-0.061079	-0.193516	0.281875	0.293437	-0.047621	0.954792	0.190580	-0.975796	-0.107240	0.936789	0.213433	-0.277259
55854	10.389432	-0.339889	-1.640393	-0.151944	-0.189528	0.275149	0.295716	-0.049877	0.953973	0.188316	-0.975996	-0.109403	0.936530	0.212000	-0.279225
55855	10.194014	-0.978276	-2.053426	-0.185394	-0.211633	0.285987	0.298206	-0.052207	0.953073	0.185660	-0.976260	-0.111568	0.936271	0.210217	-0.281433
55856	9.791031	-1.402530	-2.856692	-0.131828	-0.210360	0.290268	0.300694	-0.054574	0.952158	0.183526	-0.976391	-0.113921	0.935896	0.209001	-0.283579
55857	9.345423	-1.336580	-3.673887	-0.043587	-0.208651	0.309736	0.303184	-0.057153	0.951216	0.182097	-0.976331	-0.116702	0.935372	0.208596	-0.285601
55858	8.893891	-1.106043	-4.121772	0.013547	-0.193773	0.316403	0.305554	-0.059811	0.950294	0.181230	-0.976128	-0.119709	0.934769	0.208799	-0.287420
55859	8.770034	-1.045092	-4.369250	0.009279	-0.162338	0.317372	0.307612	-0.062593	0.949451	0.180146	-0.975956	-0.122706	0.934303	0.208786	-0.288940
55860	8.776640	-1.201332	-4.172373	-0.010712	-0.130074	0.312461	0.309371	-0.065345	0.948694	0.179052	-0.975789	-0.125601	0.933932	0.208723	-0.290181
55861	8.780769	-1.381177	-3.805470	-0.001767	-0.099534	0.308175	0.310827	-0.068125	0.948022	0.178025	-0.975603	-0.128476	0.933645	0.208705	-0.291116
55862	8.815233	-1.641305	-3.703669	0.028815	-0.086659	0.307155	0.312165	-0.070914	0.947378	0.177307	-0.975340	-0.131431	0.933336	0.209005	-0.291893
55863	9.033406	-1.855550	-3.959257	0.081733	-0.062952	0.307196	0.313262	-0.073804	0.946794	0.176905	-0.974990	-0.134534	0.933044	0.209637	-0.292371
55864	9.609824	-1.806795	-3.966197	0.120452	-0.012951	0.291817	0.313883	-0.076596	0.946367	0.177083	-0.974528	-0.137608	0.932802	0.210779	-0.292324
55865	10.117337	-1.463814	-3.686099	0.080585	0.040568	0.266828	0.313945	-0.079293	0.946124	0.176841	-0.974185	-0.140324	0.932827	0.211368	-0.291818
55866	10.041937	-1.830782	-3.700440	-0.043709	0.087614	0.250522	0.313552	-0.081892	0.946033	0.175617	-0.974087	-0.142527	0.933190	0.210829	-0.291045
55867	10.068283	-2.263915	-3.720807	-0.062934	0.105174	0.230463	0.312950	-0.084341	0.946017	0.174248	-0.974044	-0.144482	0.933649	0.210057	-0.290131
55868	9.995803	-2.592630	-3.585504	-0.043720	0.115192	0.222454	0.312244	-0.086724	0.946035	0.173114	-0.973957	-0.146420	0.934096	0.209491	-0.289099
55869	9.542433	-2.908641	-3.627867	-0.007730	0.124953	0.209771	0.311417	-0.089010	0.946095	0.172330	-0.973805	-0.148342	0.934517	0.209237	-0.287921
55870	9.112611	-2.846099	-3.771368	0.056762	0.136962	0.190720	0.310449	-0.091128	0.946212	0.172237	-0.973526	-0.150269	0.934856	0.209624	-0.286535
55871	8.836884	-2.686950	-3.795368	0.108040	0.160711	0.155178	0.309194	-0.092954	0.946445	0.172725	-0.973170	-0.152006	0.935182	0.210474	-0.284843
55872	8.800061	-2.628568	-3.937977	0.135868	0.193581	0.127980	0.307588	-0.094582	0.946807	0.173570	-0.972775	-0.153564	0.935555	0.211572	-0.282798
55873	8.912336	-2.604091	-4.077077	0.184544	0.220116	0.115306	0.305712	-0.096146	0.947257	0.174915	-0.972285	-0.155137	0.935919	0.213116	-0.280422
55874	9.042887	-2.421756	-4.089909	0.261878	0.242100	0.123705	0.303646	-0.097841	0.947748	0.176958	-0.971616	-0.157000	0.936208	0.215385	-0.277714
55875	9.184390	-2.161356	-3.931722	0.332284	0.257640	0.145448	0.301475	-0.099789	0.948238	0.179593	-0.970764	-0.159258	0.936408	0.218309	-0.274740
55876	9.191017	-1.662104	-3.703719	0.394520	0.266156	0.155888	0.299248	-0.101862	0.948723	0.182788	-0.969751	-0.161775	0.936504	0.221826	-0.271577
55877	9.127390	-1.214085	-3.330668	0.414542	0.286856	0.161771	0.296842	-0.104047	0.949241	0.186155	-0.968670	-0.164391	0.936606	0.225504	-0.268173
55878	9.128714	-0.847521	-2.924176	0.398058	0.309472	0.168414	0.294243	-0.106356	0.949795	0.189355	-0.967601	-0.167011	0.936785	0.228990	-0.264571
55879	9.136689	-0.577251	-2.629876	0.358612	0.323743	0.192032	0.291558	-0.108935	0.950330	0.192120	-0.966581	-0.169740	0.937061	0.232067	-0.260886
55880	9.276941	-0.491355	-2.279775	0.305646	0.328560	0.207151	0.288862	-0.111677	0.950835	0.194353	-0.965652	-0.172462	0.937436	0.234615	-0.257235
55881	9.327557	-0.674831	-2.021486	0.252630	0.322436	0.221302	0.286252	-0.114549	0.951282	0.196053	-0.964820	-0.175174	0.937882	0.236645	-0.253724
55882	9.387580	-0.862071	-1.904831	0.212841	0.313329	0.234666	0.283757	-0.117531	0.951666	0.197349	-0.964056	-0.177904	0.938368	0.238292	-0.250363
55883	9.368137	-1.151422	-1.917826	0.172415	0.303544	0.228549	0.281342	-0.120434	0.952020	0.198290	-0.963385	-0.180470	0.938897	0.239550	-0.247160
55884	9.244194	-1.483681	-1.871161	0.142974	0.307559	0.239064	0.278911	-0.123449	0.952349	0.198932	-0.962764	-0.183060	0.939486	0.240510	-0.243968
55885	9.436093	-1.749431	-1.965668	0.130690	0.304629	0.242689	0.276513	-0.126494	0.952649	0.199453	-0.962160	-0.185650	0.940085	0.241344	-0.240820
55886	9.230221	-2.010702	-1.946322	0.137760	0.285903	0.233017	0.274273	-0.129401	0.952906	0.200075	-0.961543	-0.188161	0.940609	0.242260	-0.237835
55887	9.081735	-2.136943	-1.839636	0.179929	0.271139	0.223870	0.272152	-0.132187	0.953132	0.201124	-0.960827	-0.190682	0.941001	0.243592	-0.234905
55888	9.007396	-2.114536	-1.657054	0.222773	0.246046	0.212125	0.270247	-0.134801	0.953308	0.202613	-0.960014	-0.193187	0.941230	0.245361	-0.232129
55889	8.899468	-1.989236	-1.298974	0.278638	0.217358	0.207238	0.268604	-0.137301	0.953415	0.204645	-0.959060	-0.195768	0.941261	0.247696	-0.229510
55890	9.072523	-1.874741	-1.120427	0.323998	0.173181	0.207938	0.267385	-0.139700	0.953409	0.207105	-0.957979	-0.198453	0.941070	0.250519	-0.227216
55891	9.271564	-1.610708	-0.731338	0.368440	0.121341	0.215357	0.266673	-0.142044	0.953262	0.209963	-0.956762	-0.201302	0.940639	0.253832	-0.225318
55892	9.498124	-1.321835	-0.485299	0.358108	0.079963	0.226894	0.266382	-0.144393	0.952991	0.212694	-0.955537	-0.204232	0.940107	0.257099	-0.223827
55893	9.573062	-1.175720	-0.270380	0.319439	0.033503	0.236516	0.266553	-0.146714	0.952588	0.215032	-0.954382	-0.207161	0.939527	0.260057	-0.222845
55894	9.491365	-1.043228	-0.048430	0.255890	-0.020699	0.240895	0.267250	-0.148933	0.952049	0.216761	-0.953373	-0.209988	0.938931	0.262486	-0.222506
55895	9.503412	-1.034337	0.109193	0.178508	-0.073766	0.257253	0.268480	-0.151167	0.951350	0.217714	-0.952533	-0.212796	0.938360	0.264254	-0.222825
55896	9.464470	-1.154100	0.247247	0.086750	-0.121849	0.273032	0.270199	-0.153420	0.950502	0.217761	-0.951903	-0.215548	0.937855	0.265223	-0.223795
55897	9.375252	-1.422024	0.194687	0.008603	-0.174381	0.285604	0.272433	-0.155651	0.949501	0.217033	-0.951455	-0.218243	0.937378	0.265530	-0.225426
55898	9.372242	-1.797064	0.094016	-0.034627	-0.225154	0.298057	0.275170	-0.157864	0.948346	0.215861	-0.951096	-0.220955	0.936849	0.265511	-0.227637
55899	9.302910	-2.023268	-0.290228	-0.064625	-0.274945	0.302993	0.278374	-0.159992	0.947054	0.214384	-0.950802	-0.223641	0.936241	0.265289	-0.230379
55900	9.268731	-2.326250	-0.809120	-0.080389	-0.313793	0.303485	0.281941	-0.162021	0.945652	0.212750	-0.950542	-0.226289	0.935546	0.264987	-0.233527
55901	9.100605	-2.526497	-1.603068	-0.098261	-0.333679	0.304232	0.285683	-0.164006	0.944186	0.210934	-0.950323	-0.228894	0.934822	0.264552	-0.236897
55902	9.008443	-2.790221	-2.453232	-0.118171	-0.331911	0.295022	0.289386	-0.165907	0.942725	0.208950	-0.950165	-0.231358	0.934128	0.263934	-0.240298
55903	8.944274	-3.414149	-3.200593	-0.143539	-0.309608	0.266400	0.292807	-0.167600	0.941368	0.206801	-0.950116	-0.233481	0.933540	0.263041	-0.243541
55904	9.171890	-3.949277	-3.637141	-0.096780	-0.293351	0.235554	0.296013	-0.169042	0.940107	0.205173	-0.949990	-0.235422	0.932888	0.262573	-0.246526
55905	9.114862	-4.192643	-3.515411	-0.032314	-0.270608	0.193587	0.298910	-0.170148	0.938990	0.204263	-0.949763	-0.237123	0.932164	0.262679	-0.249138
55906	8.996943	-4.039184	-3.107973	0.043842	-0.266794	0.155513	0.301696	-0.170898	0.937963	0.204174	-0.949398	-0.238654	0.931286	0.263508	-0.251536
55907	9.181155	-3.810086	-2.843881	0.070953	-0.256012	0.128918	0.304319	-0.171424	0.937018	0.204409	-0.949007	-0.240004	0.930380	0.264573	-0.253761
55908	9.220165	-3.531977	-2.782154	0.089697	-0.241151	0.112778	0.306775	-0.171830	0.936143	0.204869	-0.948592	-0.241251	0.929472	0.265796	-0.255802
55909	9.227478	-3.015804	-2.859595	0.104900	-0.235932	0.096370	0.309142	-0.172094	0.935315	0.205512	-0.948164	-0.242385	0.928545	0.267150	-0.257750
55910	9.399900	-2.536543	-2.705471	0.085905	-0.232167	0.084720	0.311454	-0.172251	0.934519	0.206017	-0.947804	-0.243361	0.927660	0.268322	-0.259711
55911	9.349561	-2.092687	-2.510961	0.053043	-0.234595	0.076019	0.313764	-0.172320	0.933733	0.206237	-0.947548	-0.244172	0.926833	0.269182	-0.261767
55912	9.225018	-1.881984	-2.084097	0.015208	-0.248966	0.076872	0.316211	-0.172353	0.932901	0.206106	-0.947391	-0.244891	0.926030	0.269713	-0.264053
55913	9.135494	-1.738749	-1.492237	-0.015374	-0.261534	0.087774	0.318790	-0.172458	0.932004	0.205651	-0.947298	-0.245631	0.925246	0.269972	-0.266523
55914	9.107901	-1.636430	-0.959590	-0.054967	-0.295967	0.102736	0.321721	-0.172608	0.930968	0.204784	-0.947285	-0.246402	0.924424	0.269920	-0.269414
55915	9.274463	-1.840882	-0.530577	-0.121131	-0.337814	0.127381	0.325079	-0.172883	0.929750	0.203219	-0.947409	-0.247221	0.923594	0.269310	-0.272850
55916	9.480374	-1.966807	-0.355343	-0.167778	-0.381655	0.143382	0.328875	-0.173191	0.928357	0.201172	-0.947628	-0.248053	0.922698	0.268338	-0.276810
55917	9.484776	-2.130182	-0.253602	-0.242990	-0.432219	0.148689	0.333135	-0.173423	0.926793	0.198406	-0.948038	-0.248715	0.921768	0.266737	-0.281416
55918	9.511960	-2.214634	-0.519625	-0.283521	-0.485414	0.156369	0.337897	-0.173591	0.925036	0.195240	-0.948536	-0.249319	0.920710	0.264848	-0.286616
55919	9.590473	-2.077364	-0.971151	-0.330470	-0.539483	0.152441	0.343132	-0.173595	0.923106	0.191647	-0.949160	-0.249732	0.919528	0.262602	-0.292418
55920	9.620369	-2.110724	-1.797451	-0.399792	-0.574142	0.153116	0.348681	-0.173524	0.921038	0.187415	-0.949955	-0.249923	0.918312	0.259759	-0.298710
55921	9.549910	-2.096115	-2.611819	-0.427486	-0.606455	0.140804	0.354483	-0.173276	0.918868	0.182964	-0.950831	-0.249888	0.916988	0.256700	-0.305350
55922	9.464831	-2.106066	-2.864860	-0.443940	-0.623382	0.127893	0.360409	-0.172877	0.916634	0.178411	-0.951758	-0.249651	0.915574	0.253514	-0.312179
55923	9.629523	-1.874578	-2.656523	-0.407149	-0.650520	0.107605	0.366525	-0.172241	0.914326	0.174263	-0.952616	-0.249311	0.913943	0.250712	-0.319142
55924	9.671394	-1.595424	-2.148469	-0.386424	-0.703610	0.075629	0.373063	-0.171182	0.911878	0.170427	-0.953465	-0.248713	0.912019	0.248195	-0.326529
55925	9.166346	-1.719996	-1.536753	-0.404826	-0.752731	0.076825	0.380025	-0.170036	0.909213	0.166418	-0.954350	-0.248035	0.909882	0.245569	-0.334380
55926	9.166863	-1.365144	-0.839742	-0.337522	-0.847354	0.093664	0.387862	-0.168832	0.906123	0.162965	-0.955032	-0.247701	0.907197	0.243740	-0.342907
55927	9.251464	-0.786759	0.073909	-0.345373	-0.947703	0.132223	0.396633	-0.167772	0.902516	0.159287	-0.955664	-0.247655	0.904052	0.241987	-0.352324
55928	9.891285	-0.041108	0.851226	-0.385266	-1.053037	0.185133	0.406409	-0.166979	0.898304	0.155041	-0.956298	-0.247903	0.900441	0.240024	-0.362760
55929	10.395555	0.755871	1.313437	-0.472724	-1.166178	0.237160	0.417222	-0.166443	0.893433	0.149788	-0.957047	-0.248243	0.896376	0.237397	-0.374370
55930	10.882824	1.069044	1.403962	-0.616331	-1.279398	0.294963	0.429078	-0.166229	0.887840	0.143003	-0.958023	-0.248480	0.891876	0.233581	-0.387295
55931	11.615482	0.351597	-0.006041	-0.767509	-1.371866	0.369130	0.441765	-0.166576	0.881530	0.134540	-0.959197	-0.248675	0.886985	0.228458	-0.401329
55932	12.393997	-0.364096	-1.663704	-0.760557	-1.445804	0.443882	0.455113	-0.167544	0.874529	0.125800	-0.960189	-0.249422	0.881502	0.223531	-0.415918
55933	13.363090	0.189315	-2.637596	-0.642356	-1.517068	0.517789	0.469042	-0.169131	0.866830	0.117738	-0.960757	-0.251165	0.875293	0.219866	-0.430722
55934	13.654372	1.144879	-2.562775	-0.667051	-1.559816	0.573335	0.483280	-0.171215	0.858560	0.109168	-0.961249	-0.253144	0.868633	0.216067	-0.445861
55935	13.480506	1.413520	-2.192403	-0.760174	-1.612304	0.611174	0.497838	-0.173621	0.849714	0.099569	-0.961836	-0.254867	0.861535	0.211488	-0.461551
55936	13.384306	1.262546	-1.553187	-0.796506	-1.663718	0.640667	0.512701	-0.176281	0.840276	0.089479	-0.962395	-0.256496	0.853892	0.206692	-0.477647
55937	13.189642	1.039917	-1.259504	-0.812869	-1.714894	0.637845	0.527783	-0.178892	0.830327	0.079231	-0.962938	-0.257825	0.845676	0.201863	-0.494049
55938	12.531608	-0.028601	-2.272426	-0.823520	-1.741295	0.632455	0.542890	-0.181485	0.819960	0.068896	-0.963454	-0.258861	0.836973	0.197025	-0.510546
55939	11.609253	-1.428706	-3.485507	-0.782031	-1.735198	0.640278	0.557715	-0.184248	0.809325	0.058843	-0.963822	-0.259970	0.827944	0.192612	-0.526696
55940	10.829046	-3.108982	-4.131503	-0.676580	-1.727615	0.659817	0.572284	-0.187283	0.798384	0.049527	-0.963902	-0.261611	0.818559	0.189257	-0.542350
55941	10.205610	-4.613409	-3.815012	-0.571450	-1.712192	0.636235	0.586477	-0.190168	0.787325	0.041173	-0.963791	-0.263461	0.808919	0.186930	-0.557411
55942	9.882611	-5.897389	-2.680024	-0.482559	-1.688206	0.558046	0.600249	-0.192377	0.776333	0.033965	-0.963636	-0.265052	0.799092	0.185466	-0.571887
55943	9.832242	-7.341037	-1.929812	-0.420714	-1.688399	0.479111	0.613775	-0.193845	0.765313	0.027699	-0.963504	-0.266258	0.788995	0.184621	-0.586005
55944	9.896772	-8.719056	-0.969522	-0.279614	-1.720791	0.430571	0.627359	-0.194784	0.753976	0.022820	-0.963198	-0.267824	0.778395	0.185228	-0.599826
55945	9.410382	-9.335492	-0.640284	-0.045180	-1.798958	0.391061	0.641314	-0.195170	0.742041	0.019972	-0.962534	-0.270425	0.767018	0.188247	-0.613389
55946	9.107813	-10.116207	-3.135055	0.231007	-1.873293	0.344885	0.655627	-0.194881	0.729503	0.019480	-0.961433	-0.274347	0.754834	0.194080	-0.626545
55947	8.716632	-9.133066	-5.177664	0.771502	-1.900610	0.289388	0.669884	-0.193852	0.716713	0.023317	-0.959345	-0.281271	0.742100	0.205130	-0.638130
55948	8.360941	-6.867955	-6.769035	1.104527	-1.819610	0.227102	0.683324	-0.192141	0.704380	0.029896	-0.956578	-0.289939	0.729503	0.219180	-0.647908
55949	8.079787	-4.578318	-7.272171	1.185954	-1.668224	0.201594	0.695431	-0.190279	0.692943	0.037068	-0.953522	-0.299033	0.717636	0.233643	-0.656056
55950	7.637171	-2.928196	-7.278752	0.997216	-1.462258	0.218747	0.705924	-0.188831	0.682652	0.042629	-0.950733	-0.307067	0.707003	0.245867	-0.663096
55951	7.134751	-1.672500	-6.760866	0.688535	-1.206729	0.255158	0.714485	-0.188224	0.673857	0.045636	-0.948544	-0.313338	0.698161	0.254628	-0.669131
55952	6.744727	-1.038355	-6.329438	0.289673	-0.917382	0.309505	0.720990	-0.188777	0.666736	0.045419	-0.947233	-0.317311	0.691456	0.259060	-0.674372
55953	6.030672	-0.675947	-6.966440	-0.066229	-0.667068	0.359326	0.725714	-0.190439	0.661114	0.042347	-0.946740	-0.319201	0.686692	0.259645	-0.678998
55954	4.656315	-1.845113	-7.626707	-0.574326	-0.288650	0.374030	0.727830	-0.193215	0.657976	0.035683	-0.947517	-0.317709	0.684829	0.254716	-0.682736
55955	4.452586	-1.719581	-7.097713	-0.600476	0.053473	0.328304	0.727541	-0.196450	0.657337	0.029164	-0.948405	-0.315716	0.685444	0.248867	-0.684274
55956	6.103793	-2.200771	-5.628735	-0.545826	0.569161	0.195702	0.723670	-0.199680	0.660628	0.023983	-0.949375	-0.313228	0.689729	0.242518	-0.682245
55957	6.173164	-3.170515	-4.976305	-0.412329	1.028631	0.072192	0.716524	-0.202817	0.667427	0.020589	-0.950233	-0.310858	0.697259	0.236479	-0.676689
55958	6.113445	-3.811681	-4.567745	-0.227785	1.401993	-0.057791	0.706657	-0.205522	0.677050	0.019391	-0.950900	-0.308890	0.707291	0.231408	-0.667975
55959	6.115570	-4.414459	-4.379776	0.015084	1.675557	-0.164873	0.694644	-0.207791	0.688689	0.020637	-0.951222	-0.307817	0.719058	0.228036	-0.656472
55960	5.956593	-4.579918	-4.703956	0.311881	1.914152	-0.302439	0.680676	-0.209244	0.702067	0.024969	-0.951159	-0.307691	0.732159	0.226968	-0.642206
55961	5.767021	-4.381099	-4.747783	0.579616	2.121142	-0.429957	0.664841	-0.209968	0.716868	0.032126	-0.950757	-0.308268	0.746294	0.227980	-0.625356
55962	5.818370	-3.841307	-4.463052	0.723294	2.291614	-0.539505	0.647360	-0.210063	0.732665	0.041105	-0.950249	-0.308766	0.761075	0.229999	-0.606519
55963	6.140672	-3.655683	-4.258222	0.672721	2.448993	-0.643804	0.628205	-0.209582	0.749289	0.050360	-0.950065	-0.307962	0.776417	0.231198	-0.586281
55964	6.710062	-3.308753	-3.868955	0.489418	2.582893	-0.704177	0.607552	-0.208827	0.766337	0.058535	-0.950424	-0.305397	0.792120	0.230402	-0.565208
55965	7.074825	-3.155140	-3.716407	0.150432	2.723220	-0.763711	0.585254	-0.207768	0.783779	0.064267	-0.951688	-0.300267	0.808299	0.226104	-0.543627
55966	7.520127	-3.424435	-3.751522	-0.096688	2.852510	-0.816976	0.561409	-0.206311	0.801409	0.068144	-0.953610	-0.293230	0.824728	0.219233	-0.521306
55967	7.751185	-3.889503	-3.889491	-0.266316	2.973303	-0.873443	0.535995	-0.204349	0.819116	0.070689	-0.955991	-0.284752	0.841256	0.210528	-0.497962
55968	7.829578	-4.333856	-4.274105	-0.281558	3.062914	-0.904079	0.509316	-0.201980	0.836541	0.073002	-0.958423	-0.275854	0.857478	0.201566	-0.473395
55969	7.883290	-4.665049	-4.752733	-0.177481	3.124970	-0.932547	0.481539	-0.199193	0.853489	0.076052	-0.960659	-0.267114	0.873119	0.193536	-0.447445
55970	7.824045	-4.666731	-5.129007	0.066708	3.136940	-0.959602	0.453150	-0.195923	0.869637	0.081101	-0.962442	-0.259092	0.887737	0.187936	-0.420241
55971	7.731576	-4.404354	-5.533039	0.305800	3.132840	-1.002342	0.424236	-0.192094	0.884943	0.088196	-0.963831	-0.251499	0.901247	0.184743	-0.391950
55972	7.750240	-3.935098	-5.746337	0.539160	3.123309	-1.070623	0.394885	-0.187501	0.899394	0.097448	-0.964882	-0.243939	0.913548	0.183972	-0.362746
55973	7.820948	-3.244034	-5.707746	0.700198	3.134760	-1.161873	0.364833	-0.182053	0.913101	0.108256	-0.965752	-0.235805	0.924758	0.184878	-0.332629
55974	7.794371	-2.963352	-5.514812	0.766995	3.175552	-1.259575	0.333850	-0.175754	0.926096	0.119761	-0.966594	-0.226613	0.934988	0.186565	-0.301649
55975	7.754614	-2.771841	-5.343981	0.832852	3.206756	-1.339046	0.301991	-0.168814	0.938245	0.131799	-0.967351	-0.216473	0.944156	0.189033	-0.269882
55976	7.722934	-2.681723	-5.181004	0.901616	3.228535	-1.404970	0.269421	-0.161349	0.949410	0.144332	-0.967964	-0.205460	0.952145	0.192385	-0.237502
55977	7.766747	-2.452786	-4.939900	0.995069	3.216170	-1.449350	0.236459	-0.153561	0.959430	0.157459	-0.968324	-0.193791	0.958798	0.196895	-0.204790
55978	8.189848	-1.918399	-4.439978	1.056968	3.196913	-1.455029	0.203314	-0.145825	0.968193	0.170788	-0.968405	-0.181721	0.964103	0.202302	-0.171985
55979	8.646799	-1.306893	-3.898036	0.978484	3.169459	-1.439401	0.170101	-0.138358	0.975665	0.182881	-0.968462	-0.169220	0.968308	0.207215	-0.139433
55980	9.241966	-0.670178	-3.196486	0.783554	3.140603	-1.432470	0.136927	-0.131016	0.981879	0.192645	-0.968768	-0.156131	0.971668	0.210532	-0.107411
55981	9.590127	-0.369352	-2.651449	0.522733	3.078140	-1.429433	0.104130	-0.123641	0.986848	0.199402	-0.969500	-0.142508	0.974369	0.211619	-0.076300
55982	10.043887	-0.153059	-2.061014	0.275975	2.990878	-1.427693	0.072061	-0.116080	0.990622	0.203314	-0.970641	-0.128528	0.976458	0.210669	-0.046345
55983	10.066535	-0.466552	-1.564617	0.075558	2.850837	-1.347911	0.041410	-0.108936	0.993186	0.204763	-0.972015	-0.115152	0.977935	0.208136	-0.017945
55984	10.917638	-0.875040	1.044981	0.073252	2.658326	-1.220030	0.012881	-0.102548	0.994645	0.205770	-0.973165	-0.102999	0.978516	0.205995	0.008566
55985	11.202804	-0.474646	-0.710766	0.098152	2.190120	-1.023176	-0.010699	-0.097063	0.995221	0.206686	-0.973999	-0.092771	0.978349	0.204706	0.030483
55986	9.006511	0.001557	-0.002660	0.284437	1.745269	-0.786319	-0.029420	-0.092959	0.995235	0.209268	-0.974174	-0.084806	0.977416	0.205776	0.048114
55987	8.731313	0.882953	-0.747440	0.381952	1.203797	-0.569433	-0.042420	-0.089883	0.995049	0.212738	-0.973918	-0.078905	0.976188	0.208337	0.060435
55988	8.589909	1.743862	-0.344544	0.487926	0.710076	-0.290540	-0.049990	-0.088522	0.994819	0.217321	-0.973162	-0.075675	0.974819	0.212412	0.067887
55989	8.716689	1.961082	-0.296384	0.449180	0.262957	-0.042844	-0.052686	-0.088647	0.994669	0.221619	-0.972252	-0.074910	0.973709	0.216491	0.070870
55990	8.490867	1.544889	-0.802645	0.393617	-0.127478	0.167776	-0.051089	-0.089973	0.994633	0.225495	-0.971254	-0.076275	0.972904	0.220388	0.069908
55991	8.062829	0.842060	-1.506064	0.426251	-0.499828	0.346986	-0.045477	-0.092204	0.994701	0.229754	-0.970004	-0.079410	0.972186	0.224925	0.065297
55992	7.716715	0.162319	-1.882616	0.515633	-0.816600	0.482003	-0.036441	-0.094990	0.994811	0.234919	-0.968390	-0.083862	0.971332	0.230644	0.057604
55993	7.767743	-0.777957	-2.788673	0.586105	-1.065159	0.611401	-0.024685	-0.098388	0.994842	0.240744	-0.966443	-0.089606	0.970275	0.237290	0.047543
55994	7.573760	-1.412918	-3.445559	0.676310	-1.232062	0.709841	-0.011026	-0.102244	0.994698	0.247387	-0.964114	-0.096358	0.968854	0.245013	0.035924
55995	7.190253	-2.200588	-4.435398	0.682311	-1.326953	0.742865	0.003644	-0.106070	0.994352	0.253969	-0.961657	-0.103513	0.967206	0.252912	0.023434
55996	6.601557	-3.414435	-5.582845	0.714388	-1.343645	0.714708	0.018447	-0.109455	0.993821	0.260752	-0.959065	-0.110467	0.965230	0.261178	0.010849
55997	6.202608	-4.647607	-7.155254	0.788791	-1.268895	0.621317	0.032287	-0.112012	0.993182	0.268151	-0.956298	-0.116570	0.962836	0.270086	-0.000840
55998	5.581328	-5.268784	-8.208525	0.962075	-1.082722	0.496544	0.044030	-0.113748	0.992534	0.277170	-0.953105	-0.121525	0.959811	0.280451	-0.010437
55999	5.021158	-4.988255	-7.884185	1.170612	-0.858813	0.366153	0.053259	-0.114749	0.991966	0.288160	-0.949350	-0.125291	0.956100	0.292517	-0.017496
56000	5.458646	-4.665244	-6.941765	1.230526	-0.627443	0.199558	0.059812	-0.114742	0.991593	0.299749	-0.945462	-0.127484	0.952141	0.304854	-0.022156
56001	6.803889	-4.068286	-5.838823	1.379703	-0.399851	0.009662	0.063610	-0.113567	0.991492	0.312804	-0.941171	-0.127872	0.947685	0.318277	-0.024344
56002	10.291658	-1.405448	-0.213880	1.633111	-0.161292	-0.115313	0.064744	-0.111936	0.991604	0.328273	-0.935994	-0.127092	0.942361	0.333746	-0.023854
56003	17.873882	0.046760	1.863770	1.074933	-0.351559	-0.038686	0.067892	-0.110364	0.991570	0.338364	-0.932413	-0.126947	0.938563	0.344130	-0.025960
56004	26.948121	-0.681535	0.327970	0.533553	-0.575020	0.451325	0.074798	-0.112549	0.990827	0.343006	-0.930077	-0.131542	0.936350	0.349699	-0.030963
56005	16.608759	0.052543	0.014322	0.076534	-0.687151	0.743864	0.083751	-0.117036	0.989590	0.343090	-0.928975	-0.138904	0.935561	0.351152	-0.037649
56006	10.829562	0.696628	-2.105773	0.066969	-0.941219	0.457353	0.094100	-0.117947	0.988551	0.343272	-0.928221	-0.143425	0.934510	0.352838	-0.046857
56007	9.882691	-1.355852	-5.498001	0.006239	-0.858470	0.217459	0.102835	-0.116912	0.987804	0.343075	-0.927963	-0.145545	0.933662	0.353858	-0.055317
56008	7.517048	-1.497591	-6.854643	0.204579	-0.684115	0.167243	0.109771	-0.116011	0.987164	0.344769	-0.927061	-0.147285	0.932247	0.356511	-0.061767
56009	6.937082	-0.427167	-7.018832	0.218668	-0.571735	0.223296	0.115841	-0.116013	0.986469	0.346515	-0.926039	-0.149597	0.930864	0.359156	-0.067073
56010	7.840307	-1.277604	-5.856612	0.000200	-0.439069	0.388859	0.121251	-0.118012	0.985582	0.346020	-0.925602	-0.153400	0.930359	0.359631	-0.071396
56011	9.256927	-1.627967	-4.388414	-0.076786	-0.351388	0.440870	0.126018	-0.120807	0.984645	0.344723	-0.925371	-0.157654	0.930207	0.359297	-0.074968
56012	10.519882	-2.039850	-2.595762	-0.198701	-0.233836	0.448174	0.129711	-0.124094	0.983756	0.342266	-0.925553	-0.161881	0.930607	0.357704	-0.077581
56013	11.190502	-1.430064	-0.696859	-0.396801	-0.149926	0.453802	0.132627	-0.127740	0.982900	0.337939	-0.926413	-0.165998	0.931776	0.354176	-0.079699
56014	10.526478	-1.874051	0.194034	-0.672843	-0.081882	0.367066	0.134597	-0.130834	0.982225	0.331136	-0.928320	-0.169030	0.933934	0.348001	-0.081625
56015	9.654927	-2.603216	0.469317	-0.754826	-0.062177	0.266134	0.136026	-0.133071	0.981728	0.323681	-0.930588	-0.170987	0.936337	0.341025	-0.083512
56016	8.786930	-3.586258	0.107809	-0.597977	-0.118294	0.220281	0.137820	-0.134699	0.981255	0.317739	-0.932334	-0.172611	0.938108	0.335573	-0.085695
56017	8.052485	-3.980067	-0.382749	-0.191124	-0.201791	0.233331	0.140428	-0.136177	0.980681	0.315584	-0.932677	-0.174701	0.938449	0.334021	-0.087999
56018	8.049797	-3.218523	-0.441964	0.304584	-0.307785	0.279715	0.144180	-0.137728	0.979920	0.318007	-0.931290	-0.177683	0.937061	0.337240	-0.090475
56019	8.977675	-1.689024	0.087679	0.618053	-0.388324	0.322866	0.148825	-0.139388	0.978990	0.323280	-0.928758	-0.181381	0.934527	0.343482	-0.093161
56020	9.907293	-0.390124	0.422297	0.645754	-0.439624	0.358724	0.154075	-0.141168	0.977923	0.328727	-0.926034	-0.185469	0.931772	0.350046	-0.096273
56021	10.513264	0.544138	0.706066	0.457586	-0.462295	0.385543	0.159627	-0.143084	0.976753	0.332344	-0.923893	-0.189654	0.929552	0.354892	-0.099926
56022	10.439712	0.527930	0.870425	0.094166	-0.453610	0.374344	0.165065	-0.144905	0.975580	0.332576	-0.923039	-0.193371	0.928519	0.356374	-0.104169
56023	9.842647	-0.545095	0.911583	-0.207769	-0.453293	0.349329	0.170405	-0.146496	0.974423	0.330025	-0.923289	-0.196522	0.928464	0.355072	-0.108986
56024	9.352760	-1.977479	0.685639	-0.313078	-0.481093	0.331375	0.175939	-0.147831	0.973238	0.326510	-0.923929	-0.199366	0.928675	0.352848	-0.114287
56025	9.388615	-2.804724	0.310012	-0.244954	-0.528460	0.325320	0.181877	-0.148955	0.971974	0.323617	-0.924329	-0.202209	0.928544	0.351324	-0.119910
56026	9.357626	-3.059101	-0.014578	-0.117706	-0.569197	0.327231	0.188195	-0.149958	0.970616	0.321885	-0.924272	-0.205210	0.927886	0.351046	-0.125675
56027	9.419853	-2.848856	-0.468311	-0.001723	-0.615122	0.329212	0.194931	-0.150818	0.969152	0.321202	-0.923804	-0.208366	0.926732	0.351910	-0.131635
