// General information: 
//  MT Manager version: 2022.2.0 
//  XDA version: 2022.2.0 build 7381 rev 124627 built on 2023-07-19
// Device information: 
//  DeviceId: 00B4CBA7
//  ProductCode: MTW2-3A7G6
//  Firmware Version: 4.6.0
//  Hardware Version: 2.0.0
// Device settings: 
//  Filter Profile: human(46.1)
//  Option Flags: Orientation Smoother Disabled, Position/Velocity Smoother Disabled, Continuous Zero Rotation Update Disabled, AHS Disabled, ICC Disabled
// Coordinate system: ENU
PacketCounter	Acc_X	Acc_Y	Acc_Z	Gyr_X	Gyr_Y	Gyr_Z	Mat[1][1]	Mat[2][1]	Mat[3][1]	Mat[1][2]	Mat[2][2]	Mat[3][2]	Mat[1][3]	Mat[2][3]	Mat[3][3]
36654	9.563669	0.474580	-2.689584	-0.026187	0.044074	0.025481	0.203690	0.094898	0.974425	0.180547	-0.981862	0.057882	0.962244	0.164139	-0.217129
36655	9.540944	0.457061	-2.767436	0.001604	0.066290	0.026246	0.203099	0.094575	0.974580	0.180553	-0.981874	0.057657	0.962368	0.164253	-0.216493
36656	9.598484	0.592411	-2.686791	0.031661	0.095420	0.019462	0.202100	0.094315	0.974813	0.180896	-0.981821	0.057490	0.962514	0.164721	-0.215487
36657	9.567471	0.775749	-2.643899	0.057935	0.123087	0.018351	0.200948	0.093976	0.975084	0.181460	-0.981732	0.057220	0.962648	0.165441	-0.214330
36658	9.621584	0.567310	-2.486067	0.045325	0.149579	0.028728	0.199525	0.093549	0.975417	0.181651	-0.981710	0.056995	0.962908	0.165813	-0.212869
36659	9.467158	0.364295	-2.360107	0.115322	0.167021	0.023455	0.197959	0.093084	0.975780	0.182759	-0.981530	0.056556	0.963022	0.167137	-0.211315
36660	9.474311	0.414003	-2.198607	0.191818	0.169122	0.020895	0.196350	0.092689	0.976143	0.184403	-0.981249	0.056081	0.963038	0.168992	-0.209760
36661	9.513083	0.772113	-1.919283	0.179945	0.160720	0.022773	0.194843	0.092236	0.976488	0.186135	-0.980954	0.055517	0.963011	0.170941	-0.208301
36662	9.616271	0.686419	-1.868298	0.115667	0.152855	0.024899	0.193488	0.091788	0.976799	0.186933	-0.980824	0.055138	0.963129	0.171928	-0.206936
36663	9.611020	0.543177	-1.796888	0.126218	0.151993	0.020576	0.192062	0.091368	0.977120	0.188153	-0.980615	0.054711	0.963177	0.173340	-0.205530
36664	9.537783	0.683935	-1.682993	0.116553	0.140916	0.026847	0.190621	0.090973	0.977439	0.189255	-0.980423	0.054342	0.963248	0.174627	-0.204107
36665	9.596851	0.737256	-1.525967	0.052585	0.127546	0.019083	0.189428	0.090606	0.977705	0.189769	-0.980338	0.054083	0.963382	0.175293	-0.202897
36666	9.621772	0.580734	-1.540846	0.009598	0.118116	0.017287	0.188198	0.090350	0.977966	0.189714	-0.980350	0.054062	0.963634	0.175360	-0.201641
36667	9.711974	0.515058	-1.506003	-0.001295	0.110975	0.009144	0.187144	0.090110	0.978191	0.189728	-0.980350	0.054011	0.963836	0.175482	-0.200563
36668	9.669762	0.416867	-1.571682	-0.007582	0.104202	0.000417	0.186221	0.089932	0.978383	0.189741	-0.980348	0.053999	0.964013	0.175584	-0.199625
36669	9.625881	0.416920	-1.692296	0.021929	0.098949	-0.002786	0.185260	0.089830	0.978575	0.190001	-0.980297	0.054018	0.964146	0.175923	-0.198677
36670	9.624237	0.612629	-1.791368	0.012599	0.097883	-0.003887	0.184245	0.089800	0.978770	0.189938	-0.980300	0.054186	0.964353	0.175922	-0.197671
36671	9.580815	0.645681	-1.876094	-0.029215	0.093456	-0.005410	0.183332	0.089733	0.978947	0.189709	-0.980336	0.054332	0.964572	0.175755	-0.196750
36672	9.582595	0.663401	-1.848386	-0.059089	0.097759	-0.009013	0.182269	0.089765	0.979143	0.189025	-0.980448	0.054698	0.964908	0.175113	-0.195673
36673	9.543156	0.542490	-1.697452	-0.079600	0.083673	-0.011280	0.181439	0.089774	0.979296	0.188321	-0.980566	0.054999	0.965202	0.174443	-0.194819
36674	9.557924	0.437979	-1.529877	-0.058930	0.078688	-0.006566	0.180578	0.089808	0.979452	0.187750	-0.980659	0.055304	0.965475	0.173905	-0.193947
36675	9.495318	0.429002	-1.318373	-0.025003	0.068285	-0.001006	0.179915	0.089744	0.979580	0.187553	-0.980691	0.055398	0.965637	0.173757	-0.193273
36676	9.519065	0.452615	-1.137966	0.002050	0.051699	0.003979	0.179315	0.089711	0.979693	0.187737	-0.980654	0.055437	0.965713	0.173984	-0.192688
36677	9.509576	0.467195	-0.984778	0.005861	0.028522	0.010032	0.179057	0.089607	0.979750	0.187819	-0.980642	0.055363	0.965745	0.174102	-0.192421
36678	9.566380	0.343768	-0.875164	0.008583	0.004617	0.015276	0.178951	0.089541	0.979775	0.187977	-0.980616	0.055284	0.965733	0.174282	-0.192314
36679	9.534186	0.292872	-0.864900	0.020984	-0.016347	0.017337	0.179140	0.089443	0.979749	0.188192	-0.980585	0.055110	0.965657	0.174509	-0.192494
36680	9.554437	0.364885	-0.965207	0.047881	-0.029294	0.017407	0.179485	0.089375	0.979692	0.188377	-0.980559	0.054942	0.965557	0.174690	-0.192832
36681	9.573797	0.477676	-1.103581	0.053262	-0.052750	0.013928	0.180019	0.089375	0.979595	0.188909	-0.980468	0.054739	0.965353	0.175200	-0.193386
36682	9.614568	0.518286	-1.342079	0.034357	-0.055633	0.007255	0.180479	0.089501	0.979498	0.189098	-0.980431	0.054744	0.965230	0.175341	-0.193872
36683	9.622774	0.575377	-1.497296	-0.006417	-0.070880	0.001362	0.181164	0.089657	0.979358	0.189076	-0.980433	0.054779	0.965106	0.175249	-0.194571
36684	9.587849	0.527274	-1.657085	-0.024328	-0.077380	-0.004020	0.181829	0.089916	0.979211	0.188876	-0.980462	0.054959	0.965020	0.174956	-0.195260
36685	9.672691	0.666628	-1.657497	-0.028403	-0.080328	0.008157	0.182618	0.090021	0.979054	0.188630	-0.980509	0.054971	0.964919	0.174640	-0.196039
36686	9.647963	0.674682	-1.802948	-0.079057	-0.081228	0.022717	0.183369	0.090027	0.978913	0.187781	-0.980669	0.055014	0.964943	0.173733	-0.196730
36687	9.612373	0.609485	-1.981324	-0.094790	-0.083035	0.027232	0.184219	0.089948	0.978761	0.186859	-0.980848	0.054970	0.964960	0.172764	-0.197499
36688	9.566964	0.479685	-2.101237	-0.076387	-0.068379	0.008077	0.184907	0.090035	0.978623	0.185865	-0.981027	0.055138	0.965020	0.171696	-0.198134
36689	9.607637	0.473485	-2.231714	-0.012056	-0.063503	-0.002214	0.185514	0.090211	0.978492	0.185796	-0.981036	0.055220	0.964917	0.171556	-0.198757
36690	9.573180	0.603364	-2.188316	0.003241	-0.048318	-0.002269	0.185964	0.090380	0.978391	0.185481	-0.981086	0.055375	0.964891	0.171176	-0.199211
36691	9.529069	0.619045	-2.141163	-0.015544	-0.047638	0.001628	0.186425	0.090491	0.978293	0.185371	-0.981104	0.055426	0.964823	0.171015	-0.199676
36692	9.507994	0.650920	-2.010252	-0.035213	-0.046181	-0.001802	0.186959	0.090597	0.978181	0.184632	-0.981234	0.055591	0.964861	0.170210	-0.200178
36693	9.596610	0.578574	-1.917822	-0.031020	-0.039662	-0.003474	0.187334	0.090743	0.978096	0.184382	-0.981274	0.055723	0.964837	0.169904	-0.200557
36694	9.662963	0.555015	-1.835206	-0.019303	-0.035648	-0.007293	0.187469	0.091044	0.978042	0.184225	-0.981285	0.056034	0.964840	0.169676	-0.200733
36695	9.706663	0.547486	-1.799425	-0.005063	-0.037491	0.000347	0.187829	0.091149	0.977963	0.184219	-0.981284	0.056078	0.964771	0.169626	-0.201105
36696	9.662417	0.636081	-1.750549	-0.003842	-0.036427	0.003389	0.188017	0.091314	0.977912	0.184512	-0.981225	0.056149	0.964679	0.169879	-0.201336
36697	9.629002	0.659484	-1.742638	-0.031609	-0.044107	0.016061	0.188470	0.091277	0.977828	0.184219	-0.981283	0.056092	0.964646	0.169563	-0.201758
36698	9.606283	0.618532	-1.775835	-0.067028	-0.047653	0.008924	0.188912	0.091335	0.977737	0.183407	-0.981427	0.056243	0.964715	0.168699	-0.202155
36699	9.625447	0.482468	-1.952493	-0.072040	-0.041858	0.008409	0.189329	0.091368	0.977654	0.182739	-0.981546	0.056343	0.964760	0.167988	-0.202531
36700	9.558194	0.450627	-2.024340	-0.036817	-0.037827	0.002308	0.189639	0.091483	0.977583	0.182507	-0.981582	0.056453	0.964743	0.167710	-0.202843
36701	9.522480	0.541261	-2.106082	-0.015904	-0.033099	-0.002673	0.189951	0.091610	0.977510	0.182401	-0.981597	0.056548	0.964701	0.167558	-0.203165
36702	9.489046	0.687747	-2.041319	-0.036669	-0.032327	-0.006889	0.190151	0.091831	0.977451	0.181775	-0.981694	0.056867	0.964780	0.166862	-0.203363
36703	9.502588	0.655331	-1.884731	-0.075922	-0.037318	-0.008344	0.190494	0.092020	0.977366	0.181101	-0.981803	0.057140	0.964839	0.166117	-0.203692
36704	9.558343	0.559663	-1.835387	-0.080887	-0.035505	-0.006178	0.190838	0.092179	0.977284	0.179636	-0.982048	0.057550	0.965045	0.164573	-0.203971
36705	9.614182	0.463969	-1.786043	-0.067718	-0.032925	-0.010799	0.191134	0.092384	0.977207	0.179045	-0.982140	0.057831	0.965096	0.163911	-0.204262
36706	9.613963	0.498105	-1.752347	-0.049856	-0.037966	-0.010657	0.191373	0.092657	0.977134	0.178612	-0.982199	0.058156	0.965129	0.163398	-0.204516
36707	9.612167	0.540952	-1.791407	-0.027090	-0.033677	-0.009725	0.191678	0.092853	0.977056	0.178411	-0.982225	0.058344	0.965106	0.163135	-0.204837
36708	9.599616	0.526545	-1.845711	-0.021936	-0.039101	-0.007022	0.191974	0.093066	0.976977	0.178132	-0.982262	0.058567	0.965098	0.162788	-0.205146
36709	9.563299	0.480659	-2.001883	-0.001405	-0.032254	-0.010387	0.192264	0.093266	0.976901	0.178181	-0.982245	0.058709	0.965032	0.162778	-0.205469
36710	9.527498	0.466676	-2.120715	0.019628	-0.027215	-0.013130	0.192464	0.093509	0.976839	0.178124	-0.982242	0.058931	0.965002	0.162657	-0.205702
36711	9.512206	0.623228	-2.226455	0.037205	-0.025806	-0.011815	0.192689	0.093713	0.976775	0.178548	-0.982160	0.059007	0.964879	0.163031	-0.205984
36712	9.491994	0.622186	-2.130083	0.021393	-0.019662	-0.012559	0.192828	0.093917	0.976728	0.178481	-0.982161	0.059203	0.964864	0.162911	-0.206150
36713	9.580576	0.590342	-2.072398	0.027168	-0.014268	-0.012764	0.192940	0.094111	0.976687	0.178810	-0.982094	0.059309	0.964780	0.163198	-0.206314
36714	9.551230	0.612431	-1.898171	0.041375	-0.012168	-0.007823	0.193104	0.094212	0.976645	0.178641	-0.982119	0.059419	0.964779	0.162994	-0.206482
36715	9.597267	0.595420	-1.788302	0.038836	-0.018570	-0.013493	0.193257	0.094421	0.976594	0.179083	-0.982033	0.059508	0.964666	0.163392	-0.206694
36716	9.608021	0.563575	-1.794528	0.046576	-0.016402	-0.013879	0.193436	0.094565	0.976545	0.179096	-0.982023	0.059620	0.964628	0.163363	-0.206895
36717	9.587044	0.498324	-1.771258	0.059926	-0.017471	-0.013611	0.193578	0.094773	0.976497	0.179742	-0.981903	0.059666	0.964479	0.163968	-0.207109
36718	9.585377	0.539719	-1.809304	0.058249	-0.020679	-0.014624	0.193710	0.095012	0.976447	0.180316	-0.981792	0.059760	0.964346	0.164492	-0.207315
36719	9.540497	0.564398	-1.832120	0.050962	-0.020652	-0.016294	0.193877	0.095251	0.976391	0.180880	-0.981682	0.059851	0.964206	0.165006	-0.207555
36720	9.571166	0.566370	-1.900761	0.052013	-0.023081	-0.023803	0.194006	0.095613	0.976330	0.181633	-0.981532	0.060031	0.964039	0.165687	-0.207789
36721	9.493684	0.631580	-1.893573	0.061995	-0.023448	-0.019909	0.194193	0.095893	0.976265	0.182311	-0.981400	0.060133	0.963873	0.166306	-0.208063
36722	9.494388	0.713184	-1.804679	0.046245	-0.028451	-0.023601	0.194394	0.096218	0.976193	0.182410	-0.981365	0.060404	0.963814	0.166325	-0.208322
36723	9.517376	0.730381	-1.724649	0.022216	-0.034993	-0.018762	0.194694	0.096506	0.976105	0.182702	-0.981300	0.060578	0.963698	0.166542	-0.208685
36724	9.465816	0.592160	-1.637389	-0.002536	-0.044394	-0.016335	0.194960	0.096867	0.976016	0.182846	-0.981256	0.060863	0.963617	0.166595	-0.209017
36725	9.406099	0.420283	-1.456423	0.024013	-0.055113	-0.014960	0.195461	0.097152	0.975888	0.183148	-0.981191	0.060997	0.963458	0.166810	-0.209577
36726	9.451923	0.404248	-1.350990	0.074132	-0.069706	-0.013309	0.196101	0.097429	0.975731	0.183777	-0.981072	0.061027	0.963208	0.167350	-0.210295
36727	9.537862	0.486596	-1.335000	0.111135	-0.085678	-0.015791	0.196894	0.097774	0.975537	0.184920	-0.980860	0.060984	0.962828	0.168389	-0.211206
36728	9.588513	0.584994	-1.399469	0.129166	-0.090213	-0.013554	0.197650	0.098132	0.975348	0.185842	-0.980684	0.061009	0.962495	0.169202	-0.212069
36729	9.645314	0.529393	-1.687908	0.119973	-0.099146	-0.009282	0.198584	0.098437	0.975128	0.187056	-0.980461	0.060882	0.962068	0.170314	-0.213117
36730	9.821276	0.531573	-1.965625	0.113057	-0.101208	-0.012582	0.199501	0.098797	0.974904	0.188146	-0.980255	0.060838	0.961666	0.171287	-0.214150
36731	9.633323	0.513260	-2.348442	0.113588	-0.086386	-0.018271	0.200293	0.099171	0.974704	0.189316	-0.980032	0.060810	0.961271	0.172347	-0.215068
36732	9.656201	0.602483	-2.569115	0.127837	-0.082973	-0.022256	0.201059	0.099553	0.974507	0.190516	-0.979800	0.060787	0.960874	0.173438	-0.215965
36733	9.582743	0.845092	-2.662295	0.108354	-0.068656	-0.026880	0.201664	0.099982	0.974338	0.191653	-0.979575	0.060852	0.960521	0.174463	-0.216707
36734	9.545439	0.983893	-2.693482	0.020530	-0.060585	-0.027930	0.201993	0.100549	0.974212	0.192485	-0.979391	0.061174	0.960286	0.175165	-0.217184
36735	9.613162	0.767959	-2.667896	-0.034231	-0.046613	-0.028703	0.202381	0.100958	0.974089	0.192256	-0.979412	0.061565	0.960250	0.174815	-0.217624
36736	9.616501	0.617162	-2.598369	-0.035924	-0.026203	-0.030332	0.202615	0.101292	0.974006	0.191554	-0.979521	0.062018	0.960341	0.174009	-0.217868
36737	9.589551	0.571558	-2.424933	-0.017381	-0.024277	-0.030631	0.202786	0.101680	0.973930	0.191490	-0.979509	0.062392	0.960317	0.173846	-0.218101
36738	9.562272	0.615160	-2.232547	-0.009441	-0.009179	-0.032437	0.202580	0.102221	0.973916	0.192069	-0.979367	0.062842	0.960245	0.174328	-0.218034
36739	9.535544	0.552671	-2.075487	-0.011999	-0.001354	-0.026805	0.202538	0.102532	0.973892	0.192049	-0.979350	0.063167	0.960258	0.174242	-0.218047
36740	9.531449	0.425107	-1.926282	0.002676	-0.004092	-0.029687	0.202501	0.102865	0.973865	0.191961	-0.979344	0.063529	0.960284	0.174079	-0.218064
36741	9.547765	0.378755	-1.785321	0.051591	-0.004095	-0.028864	0.202481	0.103201	0.973833	0.192556	-0.979214	0.063735	0.960169	0.174612	-0.218144
36742	9.497145	0.436500	-1.638830	0.102338	-0.007608	-0.030480	0.202590	0.103432	0.973786	0.192666	-0.979180	0.063922	0.960124	0.174665	-0.218299
36743	9.474933	0.534853	-1.596592	0.130340	-0.023783	-0.029666	0.202757	0.103810	0.973711	0.194018	-0.978910	0.063964	0.959816	0.175948	-0.218622
36744	9.451756	0.600042	-1.592075	0.165268	-0.029467	-0.028822	0.202875	0.104249	0.973639	0.195620	-0.978588	0.064018	0.959466	0.177476	-0.218924
36745	9.492320	0.795945	-1.577014	0.150132	-0.041345	-0.020332	0.203228	0.104568	0.973532	0.197142	-0.978289	0.063925	0.959079	0.178933	-0.219430
36746	9.582601	0.795939	-1.782439	0.096722	-0.054001	-0.014613	0.203665	0.104845	0.973411	0.197711	-0.978170	0.063991	0.958870	0.179421	-0.219947
36747	9.584970	0.680060	-2.045984	0.071237	-0.051025	-0.011863	0.204126	0.105099	0.973287	0.198459	-0.978018	0.063987	0.958617	0.180096	-0.220497
36748	9.630398	0.719706	-2.253566	0.077365	-0.047701	-0.013804	0.204548	0.105305	0.973176	0.198720	-0.977961	0.064055	0.958473	0.180287	-0.220966
36749	9.525030	0.790198	-2.386107	0.059223	-0.039290	-0.018683	0.204883	0.105605	0.973073	0.199366	-0.977823	0.064143	0.958267	0.180856	-0.221393
36750	9.592601	0.872100	-2.564340	0.013632	-0.033027	-0.017397	0.205157	0.105818	0.972992	0.198963	-0.977889	0.064399	0.958292	0.180378	-0.221675
36751	9.571130	0.775986	-2.576293	-0.022486	-0.024151	-0.021706	0.205341	0.106120	0.972920	0.198833	-0.977896	0.064698	0.958280	0.180163	-0.221902
36752	9.603673	0.771261	-2.571584	-0.043628	-0.010112	-0.018869	0.205381	0.106339	0.972888	0.198096	-0.978020	0.065081	0.958424	0.179359	-0.221932
36753	9.619293	0.678192	-2.484056	-0.070700	-0.000748	-0.026724	0.205331	0.106648	0.972865	0.197513	-0.978107	0.065535	0.958555	0.178697	-0.221900
36754	9.605956	0.495663	-2.346047	-0.047019	0.019549	-0.025134	0.204989	0.106959	0.972902	0.197090	-0.978161	0.066011	0.958715	0.178218	-0.221593
36755	9.492684	0.423871	-2.207591	0.003581	0.030124	-0.017913	0.204661	0.107127	0.972953	0.197201	-0.978124	0.066215	0.958763	0.178315	-0.221309
36756	9.511510	0.426437	-2.008999	0.062902	0.027965	-0.015080	0.204379	0.107206	0.973004	0.197509	-0.978058	0.066277	0.958759	0.178632	-0.221069
36757	9.470477	0.597644	-1.864765	0.106370	0.024606	-0.018446	0.204102	0.107389	0.973042	0.198606	-0.977837	0.066259	0.958592	0.179729	-0.220907
36758	9.418413	0.694923	-1.753395	0.098251	0.012021	-0.012748	0.203869	0.107587	0.973068	0.199614	-0.977631	0.066270	0.958432	0.180727	-0.220785
36759	9.487212	0.655445	-1.686379	0.101371	0.001370	-0.008987	0.203834	0.107719	0.973061	0.200643	-0.977427	0.066172	0.958224	0.181750	-0.220846
36760	9.574792	0.647859	-1.683321	0.103546	-0.009650	-0.003784	0.203993	0.107715	0.973028	0.201266	-0.977311	0.065995	0.958060	0.182375	-0.221044
36761	9.568902	0.661120	-1.830563	0.105294	-0.009215	-0.008931	0.204059	0.107866	0.972998	0.202332	-0.977098	0.065887	0.957821	0.183424	-0.221210
36762	9.656147	0.772457	-2.069757	0.090241	-0.004395	-0.004415	0.203994	0.108006	0.972996	0.203274	-0.976907	0.065822	0.957636	0.184357	-0.221238
36763	9.537937	0.774499	-2.303287	0.053120	-0.007418	-0.012398	0.204035	0.108187	0.972967	0.203847	-0.976785	0.065864	0.957505	0.184898	-0.221352
36764	9.554101	0.830312	-2.422225	0.030026	-0.005614	-0.011809	0.204047	0.108312	0.972951	0.203676	-0.976809	0.066027	0.957539	0.184694	-0.221375
36765	9.541098	0.797458	-2.490690	-0.008003	0.002386	-0.013210	0.203992	0.108483	0.972943	0.203665	-0.976799	0.066211	0.957553	0.184648	-0.221353
36766	9.567484	0.760371	-2.388565	-0.027963	0.006014	-0.012470	0.203790	0.108726	0.972959	0.203613	-0.976790	0.066506	0.957607	0.184553	-0.221198
36767	9.539457	0.722704	-2.283725	-0.038817	0.014434	-0.015768	0.203615	0.108900	0.972976	0.203312	-0.976834	0.066784	0.957708	0.184220	-0.221038
36768	9.546754	0.637348	-2.135649	-0.028852	0.009941	-0.011512	0.203454	0.109040	0.972994	0.203032	-0.976876	0.067020	0.957802	0.183914	-0.220888
36769	9.477393	0.648331	-1.942445	-0.023102	0.015393	-0.011856	0.203277	0.109174	0.973016	0.202874	-0.976894	0.067225	0.957873	0.183734	-0.220729
36770	9.515649	0.594946	-1.825436	-0.010781	0.005570	-0.009368	0.203261	0.109206	0.973015	0.202340	-0.976994	0.067384	0.957989	0.183184	-0.220682
36771	9.539571	0.580205	-1.778348	0.004229	0.002565	0.000942	0.203234	0.109238	0.973018	0.202418	-0.976977	0.067404	0.957979	0.183257	-0.220666
36772	9.603114	0.572187	-1.838618	0.025338	0.003958	0.000530	0.203143	0.109305	0.973029	0.202812	-0.976896	0.067397	0.957915	0.183651	-0.220618
36773	9.552989	0.625642	-1.986575	0.041180	0.006351	-0.002097	0.203073	0.109360	0.973037	0.203249	-0.976807	0.067366	0.957837	0.184089	-0.220590
36774	9.554957	0.703824	-2.191374	0.034817	0.006620	-0.005107	0.203064	0.109337	0.973042	0.203146	-0.976828	0.067368	0.957861	0.183989	-0.220570
36775	9.550489	0.767656	-2.282583	0.011052	0.009831	-0.007393	0.202950	0.109437	0.973054	0.203305	-0.976789	0.067454	0.957851	0.184137	-0.220488
36776	9.579579	0.841259	-2.349203	-0.014604	0.012291	-0.006795	0.202752	0.109540	0.973084	0.203134	-0.976812	0.067635	0.957929	0.183953	-0.220302
36777	9.622459	0.843002	-2.381292	-0.040617	0.029411	-0.008271	0.202448	0.109613	0.973139	0.202800	-0.976867	0.067843	0.958064	0.183618	-0.219995
36778	9.625350	0.805009	-2.340480	-0.020029	0.046206	-0.021772	0.201947	0.109776	0.973225	0.202644	-0.976879	0.068139	0.958203	0.183458	-0.219523
36779	9.517639	0.546498	-2.160165	-0.008164	0.061049	-0.009683	0.201338	0.109805	0.973348	0.202624	-0.976873	0.068290	0.958335	0.183474	-0.218930
36780	9.462379	0.483787	-1.929766	0.042723	0.053986	-0.008765	0.200679	0.109910	0.973472	0.203150	-0.976756	0.068402	0.958362	0.184034	-0.218343
36781	9.446842	0.600086	-1.700812	0.080330	0.043866	-0.005242	0.200243	0.109927	0.973560	0.203968	-0.976591	0.068316	0.958279	0.184895	-0.217977
36782	9.473085	0.700253	-1.525773	0.038787	0.019956	-0.003502	0.199914	0.110045	0.973614	0.204635	-0.976449	0.068348	0.958206	0.185572	-0.217725
36783	9.532876	0.514627	-1.487354	0.028757	0.007630	-0.003622	0.199828	0.110113	0.973624	0.204956	-0.976381	0.068359	0.958155	0.185890	-0.217677
36784	9.550902	0.479899	-1.621892	0.064805	0.002863	-0.001996	0.199652	0.110280	0.973641	0.205966	-0.976170	0.068331	0.957976	0.186895	-0.217608
36785	9.522648	0.557871	-1.761485	0.068237	-0.013165	-0.008072	0.199756	0.110430	0.973603	0.206674	-0.976023	0.068300	0.957801	0.187575	-0.217789
36786	9.505614	0.603694	-1.905575	0.066428	-0.016755	-0.011268	0.199814	0.110662	0.973565	0.207515	-0.975842	0.068331	0.957607	0.188376	-0.217951
36787	9.533345	0.626494	-2.029210	0.055039	-0.019083	-0.011547	0.199967	0.110857	0.973511	0.208104	-0.975715	0.068362	0.957448	0.188921	-0.218181
36788	9.520232	0.592476	-2.099764	0.057404	-0.024394	-0.013315	0.200162	0.111056	0.973448	0.208619	-0.975602	0.068406	0.957295	0.189388	-0.218446
36789	9.528574	0.739979	-2.072860	0.056167	-0.025476	-0.016353	0.200366	0.111311	0.973377	0.209228	-0.975466	0.068481	0.957119	0.189936	-0.218739
36790	9.527894	0.740637	-2.075748	0.042070	-0.027509	-0.018842	0.200742	0.111414	0.973288	0.208993	-0.975511	0.068563	0.957092	0.189647	-0.219111
36791	9.475343	0.733848	-2.003899	0.031773	-0.029120	-0.018311	0.200977	0.111694	0.973207	0.209372	-0.975419	0.068710	0.956960	0.189953	-0.219423
36792	9.519676	0.728847	-1.969013	0.010731	-0.045958	-0.020232	0.201298	0.112090	0.973095	0.209994	-0.975272	0.068900	0.956756	0.190475	-0.219859
36793	9.542437	0.698054	-1.943695	0.040916	-0.026409	-0.004808	0.201535	0.112233	0.973030	0.210434	-0.975177	0.068895	0.956609	0.190873	-0.220150
36794	9.540156	0.620371	-1.740468	0.085521	-0.016252	-0.011195	0.201591	0.112456	0.972993	0.211418	-0.974966	0.068881	0.956380	0.191822	-0.220319
36795	9.408974	0.285218	-1.628594	0.160030	-0.018318	-0.013636	0.201731	0.112671	0.972939	0.213014	-0.974631	0.068700	0.955997	0.193391	-0.220614
36796	9.460323	0.314625	-1.393889	0.251158	-0.034548	-0.018338	0.202137	0.112803	0.972839	0.214908	-0.974242	0.068312	0.955487	0.195263	-0.221173
36797	9.434571	0.590753	-1.325711	0.285419	-0.059250	-0.015985	0.202663	0.113121	0.972693	0.217705	-0.973652	0.067874	0.954742	0.198005	-0.221950
36798	9.492040	0.799751	-1.400826	0.239312	-0.083559	-0.013397	0.203410	0.113438	0.972500	0.219905	-0.973182	0.067522	0.954079	0.200123	-0.222901
36799	9.521522	0.672705	-1.528677	0.183132	-0.100710	-0.008865	0.204345	0.113773	0.972265	0.221708	-0.972792	0.067237	0.953461	0.201819	-0.224010
36800	9.638672	0.580609	-1.894792	0.177532	-0.104645	-0.015131	0.205145	0.114248	0.972040	0.223581	-0.972373	0.067102	0.952852	0.203564	-0.225021
36801	9.610918	0.706339	-2.197164	0.162999	-0.101596	-0.009980	0.206084	0.114599	0.971801	0.225192	-0.972017	0.066869	0.952270	0.205061	-0.226124
36802	9.665044	0.887628	-2.588701	0.099923	-0.100275	-0.013079	0.206955	0.114958	0.971573	0.226018	-0.971827	0.066843	0.951885	0.205759	-0.227107
36803	9.538506	0.980215	-2.888372	0.010873	-0.093336	-0.020252	0.207792	0.115393	0.971343	0.226201	-0.971770	0.067054	0.951659	0.205786	-0.228028
36804	9.619370	0.948791	-3.000776	-0.058474	-0.079142	-0.027716	0.208482	0.115821	0.971144	0.225545	-0.971892	0.067491	0.951664	0.204966	-0.228744
36805	9.590845	0.808500	-2.934288	-0.068005	-0.049738	-0.024012	0.208894	0.116202	0.971010	0.224986	-0.971992	0.067918	0.951706	0.204276	-0.229187
36806	9.579945	0.697141	-2.724892	-0.039764	-0.021492	-0.018113	0.209072	0.116432	0.970944	0.224633	-0.972054	0.068196	0.951751	0.203848	-0.229383
36807	9.589791	0.449507	-2.385202	0.096288	0.012039	-0.013360	0.208920	0.116584	0.970959	0.225615	-0.971830	0.068143	0.951551	0.204826	-0.229338
36808	9.458895	0.237257	-2.008883	0.263936	0.038020	-0.012844	0.208448	0.116714	0.971044	0.228367	-0.971218	0.067712	0.950998	0.207640	-0.229102
36809	9.356349	0.485633	-1.739312	0.316269	0.018700	-0.020759	0.208216	0.116922	0.971069	0.231455	-0.970520	0.067228	0.950303	0.210761	-0.229140
36810	9.460090	0.703933	-1.754044	0.298886	0.005085	-0.015801	0.208080	0.117109	0.971076	0.234344	-0.969860	0.066748	0.949624	0.213677	-0.229252
36811	9.494760	0.833626	-1.887903	0.244527	-0.008634	-0.007709	0.208137	0.117248	0.971047	0.236719	-0.969313	0.066300	0.949022	0.216066	-0.229505
36812	9.591707	0.778137	-2.184526	0.169351	-0.021168	-0.009670	0.208329	0.117376	0.970990	0.238183	-0.968973	0.066029	0.948614	0.217517	-0.229822
36813	9.655523	0.746933	-2.470223	0.153198	-0.024453	-0.011319	0.208526	0.117585	0.970922	0.239697	-0.968614	0.065825	0.948189	0.219001	-0.230166
36814	9.703121	0.860487	-2.795310	0.099106	-0.023036	-0.017714	0.208684	0.117841	0.970858	0.240720	-0.968362	0.065796	0.947895	0.219975	-0.230449
36815	9.664130	0.803126	-2.946259	0.032729	-0.016034	-0.023743	0.208772	0.118152	0.970801	0.241118	-0.968250	0.065989	0.947775	0.220301	-0.230632
36816	9.603998	0.739053	-3.087485	0.005947	-0.010512	-0.024107	0.208754	0.118469	0.970766	0.241297	-0.968186	0.066265	0.947733	0.220410	-0.230699
36817	9.671449	0.938302	-2.940654	-0.016936	0.004072	-0.022610	0.208654	0.118725	0.970756	0.241221	-0.968185	0.066562	0.947774	0.220279	-0.230654
36818	9.697439	0.997916	-2.822628	-0.116807	0.017877	-0.021521	0.208586	0.118738	0.970769	0.239480	-0.968586	0.067015	0.948231	0.218502	-0.230469
36819	9.614750	0.897853	-2.780547	-0.174394	0.031028	-0.021480	0.208234	0.118925	0.970822	0.237908	-0.968928	0.067663	0.948704	0.216877	-0.230056
36820	9.584304	0.768119	-2.570619	-0.240242	0.032204	-0.026484	0.208134	0.118833	0.970855	0.234437	-0.969720	0.068435	0.949589	0.213360	-0.229690
36821	9.578057	0.697864	-2.520941	-0.271440	0.043161	-0.033478	0.207639	0.119112	0.970927	0.231965	-0.970244	0.069421	0.950304	0.210806	-0.229090
36822	9.583962	0.788859	-2.354325	-0.295676	0.045146	-0.042464	0.207059	0.119494	0.971004	0.229310	-0.970792	0.070570	0.951075	0.208048	-0.228412
36823	9.531443	0.867004	-2.275038	-0.338567	0.043553	-0.044321	0.206537	0.119880	0.971067	0.226217	-0.971426	0.071810	0.951929	0.204840	-0.227755
36824	9.433979	0.736057	-2.094483	-0.354229	0.042854	-0.048453	0.206097	0.120163	0.971126	0.222345	-0.972223	0.073112	0.952936	0.200856	-0.227090
36825	9.395509	0.742118	-1.980428	-0.339282	0.041260	-0.049643	0.205588	0.120610	0.971178	0.219249	-0.972828	0.074402	0.953763	0.197634	-0.226445
36826	9.364652	0.611314	-1.772063	-0.301485	0.036275	-0.047177	0.205011	0.121166	0.971231	0.217074	-0.973224	0.075594	0.954384	0.195331	-0.225824
36827	9.360519	0.690406	-1.564883	-0.250809	0.031128	-0.036411	0.204629	0.121506	0.971269	0.214791	-0.973655	0.076551	0.954982	0.192955	-0.225337
36828	9.322662	0.756947	-1.382262	-0.234952	0.018924	-0.020208	0.204412	0.121651	0.971296	0.212353	-0.974130	0.077315	0.955574	0.190454	-0.224957
36829	9.339901	0.933130	-1.372889	-0.222498	0.008360	-0.009081	0.204308	0.121769	0.971304	0.210282	-0.974529	0.077942	0.956054	0.188324	-0.224709
36830	9.334550	1.016408	-1.444660	-0.233160	-0.000621	0.002723	0.204296	0.121781	0.971305	0.208088	-0.974957	0.078472	0.956537	0.186085	-0.224521
36831	9.315913	1.031938	-1.620780	-0.237899	-0.010878	0.010768	0.204416	0.121742	0.971284	0.205827	-0.975399	0.078940	0.957000	0.183780	-0.224446
36832	9.281209	0.959117	-1.715649	-0.263507	-0.025101	0.015399	0.204757	0.121560	0.971235	0.202802	-0.975995	0.079401	0.957573	0.180710	-0.224494
36833	9.412311	0.834913	-1.799444	-0.258491	-0.026495	0.012918	0.205031	0.121527	0.971181	0.200336	-0.976464	0.079894	0.958033	0.178182	-0.224552
36834	9.513022	0.489427	-1.978798	-0.200746	-0.021569	0.004745	0.205279	0.121476	0.971135	0.198041	-0.976896	0.080334	0.958457	0.175834	-0.224594
36835	9.556990	0.402877	-2.031100	-0.056323	0.002174	0.003999	0.205262	0.121479	0.971139	0.197531	-0.976989	0.080460	0.958566	0.175314	-0.224534
36836	9.436071	0.415079	-2.040371	0.079407	0.007483	0.000566	0.205261	0.121390	0.971150	0.197950	-0.976920	0.080273	0.958480	0.175762	-0.224553
36837	9.439618	0.689206	-2.028771	0.153115	0.004160	0.010669	0.205237	0.121324	0.971163	0.199432	-0.976652	0.079864	0.958178	0.177290	-0.224642
36838	9.566665	0.954324	-2.212560	0.164925	0.009333	0.032481	0.205159	0.121013	0.971219	0.200801	-0.976422	0.079245	0.957909	0.178764	-0.224621
36839	9.513639	0.807527	-2.281704	0.143680	0.013015	0.021347	0.205072	0.120828	0.971260	0.202170	-0.976179	0.078753	0.957639	0.180210	-0.224615
36840	9.513183	0.690525	-2.112927	0.149130	0.001081	0.020579	0.205092	0.120640	0.971279	0.203503	-0.975943	0.078248	0.957353	0.181610	-0.224708
36841	9.496733	0.958183	-1.801753	0.143586	-0.020736	0.027245	0.205340	0.120458	0.971249	0.204858	-0.975703	0.077699	0.957010	0.183014	-0.225028
36842	9.580788	1.066531	-1.545051	-0.007377	-0.045921	0.031870	0.205982	0.120059	0.971163	0.203903	-0.975927	0.077400	0.957076	0.182080	-0.225503
36843	9.840210	0.614916	-1.636707	-0.146557	-0.061157	0.025389	0.206613	0.119968	0.971040	0.202485	-0.976212	0.077523	0.957241	0.180604	-0.225990
36844	9.854464	0.059600	-1.892955	-0.152561	-0.063557	-0.002978	0.207346	0.119990	0.970881	0.200555	-0.976583	0.077863	0.957489	0.178570	-0.226555
36845	9.716480	0.082488	-2.013964	-0.098383	-0.068766	-0.023637	0.207952	0.120389	0.970702	0.199699	-0.976720	0.078354	0.957537	0.177554	-0.227153
36846	9.723970	0.363322	-2.141015	-0.081755	-0.067931	-0.044933	0.208598	0.120818	0.970510	0.198351	-0.976943	0.078986	0.957676	0.176026	-0.227753
36847	9.699837	0.580245	-2.272559	-0.092828	-0.065823	-0.064895	0.209095	0.121613	0.970304	0.197635	-0.977017	0.079865	0.957716	0.175066	-0.228324
36848	9.652592	0.612833	-2.298343	-0.143222	-0.066567	-0.079465	0.209675	0.122395	0.970080	0.195971	-0.977263	0.080944	0.957931	0.173135	-0.228893
36849	9.606181	0.395830	-2.227197	-0.133666	-0.073612	-0.096971	0.210186	0.123516	0.969828	0.194930	-0.977364	0.082229	0.958031	0.171766	-0.229505
36850	9.570327	0.440696	-1.999680	-0.049273	-0.079022	-0.104148	0.210804	0.124556	0.969560	0.194101	-0.977433	0.083366	0.958064	0.170619	-0.230223
36851	9.554446	0.658550	-1.469415	-0.036027	-0.091438	-0.111615	0.211459	0.125849	0.969251	0.194029	-0.977344	0.084569	0.957934	0.170180	-0.231086
36852	9.587694	0.087594	-1.148628	-0.115752	-0.123700	-0.120425	0.212597	0.126985	0.968854	0.192144	-0.977594	0.085968	0.958062	0.167883	-0.232233
36853	9.466348	-0.358574	-0.810375	-0.015607	-0.157563	-0.118494	0.213874	0.128453	0.968379	0.192284	-0.977458	0.087190	0.957750	0.167556	-0.233752
36854	9.333569	0.334104	-0.158612	0.129748	-0.203471	-0.094285	0.215958	0.129327	0.967800	0.192287	-0.977412	0.087704	0.957282	0.167155	-0.235947
36855	9.346445	1.127585	0.391282	0.029366	-0.270165	-0.070744	0.218403	0.130515	0.967092	0.192758	-0.977260	0.088356	0.956632	0.167118	-0.238594
36856	9.408275	0.372392	0.558285	-0.149836	-0.356374	-0.082243	0.221596	0.131965	0.966168	0.191714	-0.977359	0.089523	0.956107	0.165390	-0.241879
36857	9.460468	-0.682909	0.856930	-0.120488	-0.440084	-0.108883	0.225590	0.133798	0.964991	0.190843	-0.977402	0.090905	0.955347	0.163655	-0.246027
36858	9.456698	-1.003256	1.474477	0.139209	-0.521107	-0.127612	0.230624	0.135473	0.963566	0.190940	-0.977309	0.091705	0.954125	0.162834	-0.251258
36859	9.266955	-0.746452	2.135904	0.311797	-0.611495	-0.148862	0.236162	0.137975	0.961868	0.194296	-0.976583	0.092382	0.952091	0.165071	-0.257440
36860	9.191496	-0.454161	2.594419	0.375735	-0.737518	-0.182375	0.243107	0.140534	0.959765	0.196735	-0.976028	0.093082	0.949839	0.166190	-0.264927
36861	9.316246	-0.103521	2.486347	0.447379	-0.861613	-0.213315	0.250849	0.144105	0.957240	0.201542	-0.974963	0.093958	0.946814	0.169354	-0.273611
36862	9.307999	0.477765	2.222573	0.469811	-1.004938	-0.226201	0.260081	0.147659	0.954230	0.205355	-0.974089	0.094761	0.943497	0.171311	-0.283665
36863	9.457353	1.050492	1.601595	0.410040	-1.148545	-0.239019	0.270395	0.152012	0.950673	0.209888	-0.973012	0.095886	0.939592	0.173608	-0.295003
36864	10.092239	1.129853	0.884418	0.286099	-1.259084	-0.250690	0.281953	0.156116	0.946642	0.211652	-0.972486	0.097339	0.935792	0.172914	-0.307238
36865	10.864848	0.697727	-0.059055	0.299052	-1.333129	-0.250575	0.293859	0.160907	0.942208	0.215204	-0.971558	0.098801	0.931308	0.173733	-0.320129
36866	11.247779	0.681554	-0.750725	0.431456	-1.399129	-0.236317	0.306663	0.165020	0.937404	0.218106	-0.970834	0.099553	0.926492	0.173924	-0.333711
36867	11.912679	1.595463	-0.798711	0.413939	-1.456375	-0.192508	0.319688	0.169477	0.932243	0.222571	-0.969777	0.099975	0.921011	0.175530	-0.347746
36868	12.551255	2.495799	-0.826052	0.230215	-1.525284	-0.211879	0.333522	0.173621	0.926617	0.223925	-0.969356	0.101030	0.915762	0.173797	-0.362180
36869	12.388538	2.051416	-0.811391	-0.047337	-1.600290	-0.295305	0.347467	0.179282	0.920394	0.224538	-0.968904	0.103964	0.910412	0.170539	-0.376918
36870	12.319992	0.532940	-1.329672	0.023854	-1.649271	-0.319416	0.361931	0.184681	0.913728	0.224766	-0.968550	0.106730	0.904702	0.166746	-0.392058
36871	12.272166	0.328973	-1.603657	0.408738	-1.668598	-0.330303	0.376212	0.190711	0.906694	0.229709	-0.967234	0.108132	0.897607	0.167595	-0.407693
36872	12.366984	0.687353	-1.673114	0.605040	-1.697875	-0.349338	0.390871	0.196283	0.899273	0.234932	-0.965913	0.108714	0.889959	0.168775	-0.423661
36873	12.432112	0.712028	-2.075353	0.620229	-1.714896	-0.358911	0.405201	0.202707	0.891472	0.241896	-0.964129	0.109279	0.881645	0.171364	-0.439700
36874	12.145090	0.422971	-2.762499	0.646056	-1.734536	-0.392529	0.419732	0.208791	0.883307	0.247679	-0.962596	0.109840	0.873201	0.172673	-0.455745
36875	11.868691	0.059869	-3.661121	0.697856	-1.725486	-0.411848	0.433678	0.215801	0.874845	0.255539	-0.960492	0.110252	0.864074	0.175744	-0.471689
36876	11.663492	-0.362249	-4.369408	0.703944	-1.686872	-0.412480	0.447453	0.221956	0.866326	0.261851	-0.958773	0.110397	0.855114	0.177451	-0.487125
36877	11.148962	-0.370436	-4.941384	0.836391	-1.629800	-0.392389	0.460259	0.228684	0.857826	0.270786	-0.956372	0.109668	0.845480	0.181811	-0.502104
36878	10.637590	0.044876	-5.284012	0.940190	-1.562032	-0.372843	0.472643	0.234430	0.849500	0.279143	-0.954157	0.108003	0.835875	0.186085	-0.516415
36879	9.885149	0.110988	-5.991601	0.945048	-1.475089	-0.347574	0.483907	0.240571	0.841404	0.288700	-0.951531	0.106021	0.826127	0.191609	-0.529905
36880	9.162011	0.278495	-6.478999	0.906183	-1.385658	-0.300427	0.494500	0.245734	0.833718	0.296942	-0.949252	0.103663	0.816882	0.196305	-0.542373
36881	8.491865	0.740725	-6.709568	0.875062	-1.290372	-0.234092	0.504268	0.250562	0.826397	0.305262	-0.946915	0.100831	0.807793	0.201422	-0.553986
36882	8.007853	1.339882	-6.881499	0.743104	-1.162654	-0.178261	0.513260	0.254093	0.819757	0.311299	-0.945237	0.098079	0.799786	0.204849	-0.564251
36883	7.748305	1.834984	-6.807384	0.443890	-0.969284	-0.168756	0.520443	0.257723	0.814075	0.315749	-0.943876	0.096956	0.793374	0.206583	-0.572609
36884	7.240297	1.388636	-6.960933	-0.015806	-0.724849	-0.216843	0.525577	0.260932	0.809743	0.316243	-0.943522	0.098778	0.789784	0.204160	-0.578411
36885	7.093502	-0.474289	-7.072404	-0.147021	-0.449996	-0.280563	0.528229	0.264534	0.806843	0.316604	-0.943066	0.101920	0.787868	0.201613	-0.581907
36886	7.199343	-1.474401	-6.569546	0.242331	-0.173316	-0.300019	0.528769	0.267357	0.805558	0.319568	-0.941963	0.102864	0.786308	0.203040	-0.583520
36887	7.235315	-1.396102	-6.162738	0.787332	0.112109	-0.297884	0.526915	0.269969	0.805902	0.327366	-0.939517	0.100691	0.784342	0.210769	-0.583424
36888	7.108790	-0.624659	-5.747087	1.246608	0.379621	-0.294583	0.522902	0.271865	0.807876	0.338679	-0.936015	0.095774	0.782221	0.223530	-0.581519
36889	6.985200	0.407283	-5.448632	1.530333	0.624606	-0.278038	0.517051	0.273057	0.811232	0.352121	-0.931697	0.089175	0.780172	0.239544	-0.577884
36890	6.980052	1.454257	-5.228616	1.522955	0.842293	-0.283632	0.509483	0.273434	0.815881	0.365228	-0.927239	0.082686	0.779125	0.255856	-0.572278
36891	6.940861	1.692783	-5.053552	1.351362	1.053201	-0.298306	0.500156	0.273459	0.821623	0.377305	-0.922843	0.077467	0.779413	0.271257	-0.564743
36892	6.953842	1.423851	-4.958777	1.250608	1.267925	-0.326994	0.488931	0.272913	0.828532	0.388707	-0.918453	0.073149	0.780931	0.286291	-0.555143
36893	6.916674	1.366705	-4.953057	1.193924	1.452576	-0.362007	0.476130	0.272003	0.836250	0.399831	-0.913941	0.069624	0.783221	0.301209	-0.543910
36894	7.011568	1.613081	-4.930088	1.034060	1.598949	-0.378857	0.461923	0.270576	0.844639	0.409877	-0.909659	0.067248	0.786529	0.315135	-0.531095
36895	7.182262	1.915950	-4.765477	0.906139	1.734193	-0.364219	0.446724	0.268345	0.853480	0.418716	-0.905744	0.065615	0.790642	0.328054	-0.516978
36896	7.213696	2.167620	-4.504157	0.729016	1.881907	-0.347842	0.430263	0.265177	0.862876	0.426032	-0.902379	0.064880	0.795846	0.339697	-0.501234
36897	7.395565	2.055206	-4.504586	0.550976	1.996003	-0.345735	0.412820	0.261449	0.872482	0.431928	-0.899549	0.065191	0.801884	0.349937	-0.484279
36898	7.690511	1.975420	-4.548580	0.398904	2.099742	-0.335087	0.394369	0.257022	0.882277	0.436568	-0.897230	0.066237	0.808629	0.359052	-0.466048
36899	7.809062	2.108730	-4.454590	0.267740	2.178168	-0.309944	0.375304	0.251933	0.892007	0.439971	-0.895449	0.067791	0.815826	0.367015	-0.446909
36900	8.001238	2.086549	-4.380941	0.136061	2.246004	-0.279922	0.355547	0.246151	0.901663	0.442238	-0.894183	0.069724	0.823415	0.373960	-0.426781
36901	8.152853	2.044374	-4.575722	0.017289	2.293767	-0.245642	0.335466	0.239742	0.911036	0.443264	-0.893502	0.071907	0.831252	0.379707	-0.406009
36902	8.223739	1.824085	-4.597714	-0.141244	2.304544	-0.191747	0.315249	0.232694	0.920039	0.442846	-0.893518	0.074246	0.839348	0.384030	-0.384728
36903	8.345307	1.682567	-4.419999	-0.224208	2.302442	-0.140045	0.295196	0.225105	0.928540	0.441415	-0.894044	0.076410	0.847356	0.387316	-0.363283
36904	8.231353	1.749202	-4.331690	-0.284953	2.291273	-0.113587	0.275106	0.217225	0.936552	0.439349	-0.894880	0.078503	0.855154	0.389876	-0.341625
36905	8.039601	1.847779	-4.162167	-0.307428	2.289835	-0.106865	0.254956	0.209269	0.944036	0.437023	-0.895836	0.080557	0.862559	0.392027	-0.319854
36906	7.939275	1.698811	-4.203831	-0.364577	2.270043	-0.109863	0.234718	0.201370	0.950977	0.434257	-0.896980	0.082754	0.869672	0.393545	-0.297983
36907	7.902398	1.298008	-4.217773	-0.416590	2.219636	-0.107512	0.214859	0.193632	0.957258	0.430891	-0.898391	0.085010	0.876452	0.394209	-0.276461
36908	7.720110	0.854185	-4.226015	-0.459588	2.150316	-0.096214	0.195408	0.186066	0.962910	0.427235	-0.899926	0.087194	0.882772	0.394350	-0.255347
36909	7.615430	0.240686	-4.345804	-0.450041	2.069834	-0.073205	0.176751	0.178605	0.967915	0.423414	-0.901550	0.089040	0.888527	0.394091	-0.234974
36910	7.573657	-0.411751	-4.512196	-0.313774	1.982298	-0.061813	0.158731	0.171379	0.972334	0.420916	-0.902586	0.090372	0.893104	0.394927	-0.215404
36911	7.544935	-0.489761	-4.507841	-0.063794	1.889450	-0.056073	0.141576	0.164438	0.976174	0.420457	-0.902729	0.091087	0.896198	0.397544	-0.196944
36912	7.461679	-0.111483	-4.428144	0.077703	1.769187	-0.022668	0.125529	0.157599	0.979492	0.421341	-0.902307	0.091182	0.898173	0.401254	-0.179669
36913	7.632530	0.146268	-4.237544	0.127351	1.651005	0.010755	0.110720	0.150887	0.982331	0.422499	-0.901794	0.090896	0.899575	0.404970	-0.163596
36914	7.557308	0.483190	-4.085624	0.083556	1.502816	0.068241	0.097329	0.144205	0.984750	0.423373	-0.901458	0.090163	0.900712	0.408141	-0.148790
36915	7.502336	0.856535	-4.132649	-0.095555	1.369734	0.120393	0.085475	0.137562	0.986798	0.422426	-0.902002	0.089151	0.902358	0.409229	-0.135208
36916	7.424776	0.958447	-3.991771	-0.413703	1.239260	0.195153	0.075020	0.130762	0.988571	0.418658	-0.903891	0.087790	0.905040	0.407288	-0.122554
36917	7.398081	0.269514	-3.887360	-0.720467	1.103987	0.277316	0.066145	0.123823	0.990097	0.411953	-0.907145	0.085927	0.908801	0.402190	-0.111013
36918	7.108089	-0.529820	-3.952368	-0.833598	0.962766	0.358058	0.058751	0.116752	0.991422	0.404294	-0.910828	0.083303	0.912740	0.395932	-0.100714
36919	6.876284	-0.771528	-4.152948	-0.846975	0.824465	0.426380	0.052904	0.109664	0.992560	0.396333	-0.914621	0.079928	0.916581	0.389155	-0.091851
36920	6.718076	-0.698035	-4.375774	-0.882526	0.692713	0.485556	0.048385	0.102580	0.993547	0.387991	-0.918529	0.075940	0.920392	0.381813	-0.084243
36921	6.609283	-0.430031	-4.483934	-0.955766	0.567618	0.539889	0.045207	0.095507	0.994402	0.378947	-0.922661	0.071389	0.924314	0.373598	-0.077903
36922	8.241436	-0.245119	-2.785714	-1.185679	0.423644	0.665881	0.043748	0.087811	0.995176	0.367669	-0.927634	0.065689	0.928927	0.363022	-0.072867
