// General information: 
//  MT Manager version: 2022.2.0 
//  XDA version: 2022.2.0 build 7381 rev 124627 built on 2023-07-19
// Device information: 
//  DeviceId: 00B4CB9F
//  ProductCode: MTW2-3A7G6
//  Firmware Version: 4.6.0
//  Hardware Version: 2.0.0
// Device settings: 
//  Filter Profile: human(46.1)
//  Option Flags: Orientation Smoother Disabled, Position/Velocity Smoother Disabled, Continuous Zero Rotation Update Disabled, AHS Disabled, ICC Disabled
// Coordinate system: ENU
PacketCounter	Acc_X	Acc_Y	Acc_Z	Gyr_X	Gyr_Y	Gyr_Z	Mat[1][1]	Mat[2][1]	Mat[3][1]	Mat[1][2]	Mat[2][2]	Mat[3][2]	Mat[1][3]	Mat[2][3]	Mat[3][3]
36654	9.752946	-1.316154	-0.377381	0.023067	-0.021335	0.028075	0.019394	-0.091898	0.995580	0.385458	-0.918102	-0.092255	0.922521	0.385543	0.017617
36655	9.736064	-1.184733	-0.326051	0.055861	-0.059899	0.039807	0.020201	-0.092050	0.995549	0.386073	-0.917799	-0.092695	0.922247	0.386227	0.016997
36656	9.680178	-1.033621	-0.341155	0.074976	-0.089635	0.054495	0.021176	-0.092156	0.995519	0.386703	-0.917487	-0.093159	0.921961	0.386943	0.016208
36657	9.611406	-0.843831	-0.395140	0.071172	-0.127503	0.054334	0.022663	-0.092178	0.995485	0.387454	-0.917111	-0.093741	0.921610	0.387829	0.014930
36658	9.658160	-0.706362	-0.418588	0.067323	-0.152102	0.041208	0.024238	-0.091953	0.995468	0.388014	-0.916833	-0.094137	0.921335	0.388537	0.013457
36659	9.734973	-0.812103	-0.222938	0.094345	-0.166697	0.023690	0.025966	-0.091538	0.995463	0.388984	-0.916394	-0.094414	0.920878	0.389671	0.011812
36660	9.806901	-1.005305	-0.005879	0.144387	-0.157367	0.022791	0.027543	-0.091127	0.995458	0.390265	-0.915826	-0.094635	0.920290	0.391099	0.010339
36661	9.969052	-1.136066	0.216082	0.221049	-0.135151	0.032706	0.029015	-0.090913	0.995436	0.392396	-0.914878	-0.094993	0.919339	0.393361	0.009128
36662	9.913458	-1.140623	0.326095	0.283918	-0.107706	0.052601	0.030265	-0.090967	0.995394	0.394907	-0.913743	-0.095512	0.918222	0.395979	0.008269
36663	9.821804	-0.940509	0.442017	0.306164	-0.110266	0.064257	0.031633	-0.091131	0.995336	0.397802	-0.912416	-0.096181	0.916926	0.398990	0.007390
36664	9.741134	-0.756675	0.601474	0.301366	-0.114560	0.069433	0.032905	-0.091258	0.995283	0.400508	-0.911167	-0.096787	0.915702	0.401803	0.006568
36665	9.760633	-0.637581	0.685572	0.288092	-0.121821	0.064986	0.034382	-0.091374	0.995223	0.403228	-0.909894	-0.097470	0.914454	0.404653	0.005561
36666	9.709430	-0.530335	0.780960	0.229789	-0.116731	0.060705	0.035636	-0.091415	0.995175	0.405145	-0.908984	-0.098006	0.913557	0.406683	0.004644
36667	9.752105	-0.517924	0.739990	0.160124	-0.115319	0.050332	0.036994	-0.091417	0.995125	0.406695	-0.908233	-0.098554	0.912815	0.408358	0.003580
36668	9.728543	-0.562580	0.693904	0.085214	-0.113673	0.031752	0.038277	-0.091240	0.995093	0.407479	-0.907842	-0.098914	0.912412	0.409265	0.002428
36669	9.664809	-0.682387	0.630175	0.013732	-0.112596	0.013871	0.039462	-0.090919	0.995076	0.407704	-0.907720	-0.099106	0.912261	0.409607	0.001248
36670	9.617792	-0.805595	0.374041	-0.036394	-0.128670	0.009545	0.040651	-0.090462	0.995070	0.407235	-0.907923	-0.099176	0.912418	0.409259	-0.000069
36671	9.634551	-0.906315	0.214442	-0.057207	-0.148023	-0.001692	0.042095	-0.089855	0.995065	0.406819	-0.908105	-0.099213	0.912539	0.408987	-0.001672
36672	9.646949	-0.923203	0.109897	-0.058963	-0.166055	-0.009158	0.043498	-0.089056	0.995076	0.406076	-0.908455	-0.099055	0.912803	0.408385	-0.003352
36673	9.736999	-1.053091	0.184435	-0.032111	-0.165470	-0.005263	0.045087	-0.088347	0.995069	0.405890	-0.908538	-0.099056	0.912809	0.408355	-0.005104
36674	9.799796	-1.104277	0.321575	0.021265	-0.145715	-0.009603	0.046399	-0.087644	0.995071	0.406219	-0.908402	-0.098952	0.912597	0.408808	-0.006547
36675	9.810882	-1.118461	0.488176	0.094159	-0.109861	0.003387	0.047516	-0.087239	0.995054	0.407181	-0.907961	-0.099047	0.912111	0.409873	-0.007620
36676	9.817404	-1.087514	0.676398	0.175396	-0.075527	0.010731	0.048211	-0.086975	0.995043	0.408842	-0.907208	-0.099107	0.911331	0.411594	-0.008178
36677	9.770897	-0.960519	0.809111	0.227175	-0.044495	0.019489	0.048796	-0.086982	0.995014	0.411006	-0.906200	-0.099374	0.910326	0.413806	-0.008469
36678	9.730826	-0.803626	1.006544	0.239004	-0.014891	0.025633	0.049017	-0.087114	0.994992	0.413231	-0.905162	-0.099606	0.909306	0.416043	-0.008370
36679	9.724834	-0.793635	1.119094	0.207715	0.004487	0.024675	0.049178	-0.087369	0.994961	0.415210	-0.904221	-0.099924	0.908395	0.418032	-0.008192
36680	9.685110	-0.832641	1.144679	0.161407	0.019068	0.024491	0.049154	-0.087690	0.994934	0.416517	-0.903587	-0.100217	0.907798	0.419333	-0.007890
36681	9.653412	-0.809303	1.004840	0.124702	0.026392	0.016481	0.049083	-0.087963	0.994914	0.417744	-0.902995	-0.100445	0.907238	0.420549	-0.007576
36682	9.673704	-0.727803	0.792690	0.063606	0.032415	0.006462	0.048738	-0.088097	0.994919	0.418331	-0.902726	-0.100426	0.906986	0.421100	-0.007143
36683	9.752662	-0.653935	0.615718	-0.008565	0.021479	0.005737	0.048667	-0.088252	0.994909	0.418354	-0.902703	-0.100537	0.906979	0.421117	-0.007011
36684	9.810445	-0.606914	0.433307	-0.084833	0.010529	-0.002283	0.048587	-0.088245	0.994913	0.417853	-0.902940	-0.100493	0.907214	0.420610	-0.006997
36685	9.836777	-0.628622	0.286826	-0.134281	0.005542	-0.003344	0.048622	-0.088251	0.994911	0.416740	-0.903453	-0.100504	0.907725	0.419506	-0.007150
36686	9.763889	-0.716264	0.221304	-0.164864	0.011298	-0.006785	0.048458	-0.088202	0.994923	0.415293	-0.904133	-0.100380	0.908396	0.418049	-0.007182
36687	9.760125	-0.866411	0.063464	-0.178104	0.014439	-0.014758	0.048365	-0.088142	0.994933	0.413785	-0.904835	-0.100275	0.909089	0.416538	-0.007290
36688	9.693458	-0.961875	-0.114007	-0.183600	0.008171	-0.028528	0.048242	-0.087945	0.994956	0.412175	-0.905597	-0.100031	0.909827	0.414921	-0.007439
36689	9.723402	-0.964424	-0.231731	-0.171381	-0.014149	-0.031583	0.048340	-0.087614	0.994981	0.410733	-0.906282	-0.099758	0.910473	0.413494	-0.007824
36690	9.699078	-1.002529	-0.270737	-0.148221	-0.031987	-0.032827	0.048471	-0.087192	0.995012	0.409118	-0.907050	-0.099413	0.911193	0.411896	-0.008294
36691	9.766056	-1.038875	-0.359799	-0.118593	-0.043122	-0.031378	0.048836	-0.086743	0.995033	0.408156	-0.907512	-0.099145	0.911605	0.410970	-0.008914
36692	9.822351	-1.020905	-0.320381	-0.075782	-0.041329	-0.022420	0.049135	-0.086389	0.995049	0.407119	-0.908001	-0.098935	0.912053	0.409964	-0.009444
36693	9.899649	-0.976065	-0.141956	-0.008800	-0.032683	-0.010430	0.049490	-0.086174	0.995050	0.407147	-0.907994	-0.098885	0.912021	0.410025	-0.009851
36694	9.943442	-0.980846	-0.049820	0.049172	-0.003518	0.002888	0.049371	-0.086105	0.995062	0.407406	-0.907890	-0.098776	0.911912	0.410271	-0.009744
36695	9.963291	-0.894806	0.004084	0.091138	0.015560	0.015018	0.049389	-0.086319	0.995043	0.408332	-0.907450	-0.098988	0.911496	0.411197	-0.009572
36696	9.924279	-0.800643	0.157299	0.112809	0.022946	0.026141	0.049241	-0.086556	0.995029	0.409764	-0.906786	-0.099158	0.910862	0.412610	-0.009183
36697	9.886543	-0.767029	0.263140	0.112128	0.036475	0.028617	0.049125	-0.086979	0.994998	0.410874	-0.906246	-0.099507	0.910368	0.413707	-0.008782
36698	9.715025	-0.790934	0.276476	0.079836	0.041236	0.039566	0.048927	-0.087499	0.994962	0.411574	-0.905884	-0.099904	0.910062	0.414389	-0.008310
36699	9.574056	-0.783096	0.212728	0.040394	0.024840	0.032073	0.048932	-0.087906	0.994926	0.412029	-0.905636	-0.100281	0.909856	0.414845	-0.008095
36700	9.550591	-0.791392	0.084262	-0.008508	-0.010838	0.016668	0.049110	-0.087974	0.994911	0.412115	-0.905581	-0.100417	0.909807	0.414950	-0.008218
36701	9.613622	-0.749339	0.054765	-0.055177	-0.032527	0.000181	0.049505	-0.087853	0.994903	0.411716	-0.905757	-0.100468	0.909966	0.414591	-0.008669
36702	9.657686	-0.659311	-0.035501	-0.103107	-0.048564	-0.014066	0.049805	-0.087489	0.994920	0.410694	-0.906245	-0.100250	0.910412	0.413600	-0.009204
36703	9.693640	-0.631745	0.038902	-0.139368	-0.050736	-0.023800	0.050268	-0.087076	0.994933	0.409539	-0.906789	-0.100054	0.910907	0.412493	-0.009921
36704	9.768182	-0.698405	0.097192	-0.154338	-0.032329	-0.027743	0.050396	-0.086696	0.994959	0.407818	-0.907599	-0.099741	0.911671	0.410789	-0.010383
36705	9.835060	-0.830058	0.188655	-0.156592	-0.015792	-0.037803	0.050485	-0.086302	0.994989	0.406511	-0.908222	-0.099402	0.912250	0.409493	-0.010769
36706	9.889793	-0.982984	0.197245	-0.135497	0.008642	-0.031280	0.050232	-0.085983	0.995029	0.405549	-0.908697	-0.098996	0.912692	0.408506	-0.010775
36707	9.862396	-1.132334	0.176333	-0.101549	0.023956	-0.034407	0.049972	-0.085782	0.995060	0.404742	-0.909089	-0.098696	0.913065	0.407674	-0.010710
36708	9.769506	-1.206060	0.147331	-0.063736	0.034156	-0.025602	0.049534	-0.085653	0.995093	0.404233	-0.909348	-0.098394	0.913314	0.407123	-0.010420
36709	9.646141	-1.217497	0.015750	-0.030051	0.024745	-0.016581	0.049339	-0.085616	0.995106	0.404069	-0.909433	-0.098280	0.913397	0.406941	-0.010276
36710	9.658741	-1.100158	-0.210825	-0.002463	0.006183	-0.008560	0.049188	-0.085536	0.995120	0.403843	-0.909549	-0.098142	0.913505	0.406699	-0.010196
36711	9.705790	-0.995142	-0.265438	0.017357	-0.022359	0.002910	0.049501	-0.085485	0.995109	0.404102	-0.909424	-0.098226	0.913373	0.406988	-0.010473
36712	9.760159	-0.824764	-0.219480	0.048590	-0.031116	0.010105	0.049810	-0.085442	0.995097	0.404466	-0.909253	-0.098317	0.913196	0.407380	-0.010731
36713	9.893697	-0.769412	-0.128284	0.070394	-0.025504	0.010972	0.050185	-0.085452	0.995078	0.405206	-0.908905	-0.098487	0.912847	0.408154	-0.010988
36714	9.919405	-0.788138	-0.008975	0.089095	-0.011028	0.009352	0.050278	-0.085509	0.995068	0.405552	-0.908741	-0.098582	0.912688	0.408508	-0.011011
36715	9.939714	-0.895292	0.135569	0.110268	0.016698	0.018689	0.050299	-0.085760	0.995045	0.406650	-0.908222	-0.098833	0.912198	0.409607	-0.010808
36716	9.841437	-0.927135	0.259557	0.122547	0.033117	0.020308	0.050131	-0.086115	0.995023	0.407746	-0.907702	-0.099101	0.911718	0.410684	-0.010391
36717	9.700275	-0.915858	0.330221	0.112039	0.029851	0.013119	0.050011	-0.086370	0.995007	0.408862	-0.907178	-0.099296	0.911225	0.411786	-0.010055
36718	9.684417	-0.951033	0.351688	0.074932	0.020299	0.001055	0.049838	-0.086431	0.995010	0.409674	-0.906812	-0.099289	0.910870	0.412578	-0.009786
36719	9.557135	-0.881674	0.276962	0.039933	0.012476	-0.010924	0.049777	-0.086396	0.995017	0.410145	-0.906605	-0.099238	0.910661	0.413041	-0.009694
36720	9.571863	-0.786731	0.173975	0.003650	-0.003897	-0.019867	0.049753	-0.086179	0.995037	0.410220	-0.906594	-0.099030	0.910629	0.413111	-0.009753
36721	9.616820	-0.657402	0.126418	-0.010875	-0.028760	-0.027145	0.050001	-0.085827	0.995055	0.410236	-0.906611	-0.098812	0.910608	0.413148	-0.010122
36722	9.703675	-0.607281	0.090744	-0.031976	-0.053145	-0.033626	0.050295	-0.085287	0.995086	0.409840	-0.906830	-0.098437	0.910770	0.412777	-0.010655
36723	9.776096	-0.650254	0.156960	-0.048167	-0.059404	-0.034094	0.050794	-0.084746	0.995107	0.409520	-0.907006	-0.098146	0.910886	0.412501	-0.011365
36724	9.643857	-0.761874	0.277707	-0.031611	-0.041618	-0.022777	0.051049	-0.084294	0.995132	0.409549	-0.907027	-0.097840	0.910859	0.412550	-0.011780
36725	9.664780	-0.865498	0.417665	-0.010187	-0.033774	-0.013765	0.051397	-0.084042	0.995136	0.409564	-0.907029	-0.097755	0.910832	0.412596	-0.012198
36726	9.759872	-0.942440	0.577385	0.028929	-0.000853	-0.008834	0.051362	-0.083956	0.995145	0.409758	-0.906951	-0.097665	0.910747	0.412784	-0.012181
36727	9.810767	-1.014879	0.647477	0.062475	0.041339	0.001669	0.051090	-0.084155	0.995142	0.410427	-0.906640	-0.097742	0.910461	0.413426	-0.011780
36728	9.854175	-1.019912	0.747737	0.078600	0.077610	0.010795	0.050353	-0.084538	0.995147	0.411125	-0.906318	-0.097794	0.910187	0.414054	-0.010880
36729	9.827699	-1.003088	0.636357	0.067574	0.094703	0.001770	0.049595	-0.084959	0.995149	0.411840	-0.905985	-0.097872	0.909906	0.414696	-0.009943
36730	9.807442	-0.995305	0.414185	0.055850	0.091719	-0.006333	0.048692	-0.085226	0.995171	0.412402	-0.905743	-0.097745	0.909700	0.415170	-0.008955
36731	9.810028	-0.828189	0.054351	0.011236	0.062943	-0.018779	0.048139	-0.085330	0.995189	0.412614	-0.905661	-0.097612	0.909633	0.415328	-0.008389
36732	9.759669	-0.794591	-0.316300	-0.028292	0.028777	-0.018375	0.047826	-0.085269	0.995209	0.412427	-0.905766	-0.097426	0.909734	0.415111	-0.008152
36733	9.719988	-0.774975	-0.512304	-0.062721	-0.010535	-0.015022	0.047957	-0.085102	0.995217	0.411964	-0.905988	-0.097323	0.909937	0.414661	-0.008389
36734	9.789838	-0.701757	-0.613958	-0.074571	-0.039909	-0.021175	0.048187	-0.084642	0.995246	0.411756	-0.906117	-0.096998	0.910019	0.414472	-0.008811
36735	9.821400	-0.725161	-0.609332	-0.078646	-0.045119	-0.031609	0.048564	-0.084182	0.995266	0.411156	-0.906418	-0.096729	0.910270	0.413907	-0.009408
36736	9.740399	-0.776590	-0.561375	-0.078198	-0.063332	-0.039326	0.048996	-0.083565	0.995297	0.410399	-0.906803	-0.096338	0.910589	0.413190	-0.010135
36737	9.833124	-0.923733	-0.352946	-0.068952	-0.073519	-0.042150	0.049589	-0.082892	0.995324	0.409893	-0.907071	-0.095964	0.910785	0.412735	-0.011004
36738	9.779053	-1.089572	-0.274005	-0.027638	-0.065357	-0.042962	0.049941	-0.082101	0.995372	0.410234	-0.906978	-0.095393	0.910612	0.413099	-0.011615
36739	9.729305	-1.203834	-0.123371	0.018447	-0.065445	-0.035838	0.050486	-0.081518	0.995392	0.410521	-0.906880	-0.095090	0.910453	0.413430	-0.012320
36740	9.696121	-1.246620	0.049496	0.074791	-0.066948	-0.026790	0.050977	-0.080958	0.995413	0.411355	-0.906532	-0.094796	0.910049	0.414300	-0.012909
36741	9.718579	-1.178508	0.222092	0.119343	-0.060881	-0.019540	0.051546	-0.080541	0.995418	0.412551	-0.906002	-0.094670	0.909475	0.415541	-0.013474
36742	9.789092	-1.066160	0.293004	0.164086	-0.044474	-0.013809	0.051912	-0.080311	0.995417	0.413585	-0.905535	-0.094628	0.908984	0.416602	-0.013793
36743	9.844104	-0.855472	0.378417	0.196971	-0.009956	-0.003589	0.052084	-0.080249	0.995413	0.415476	-0.904664	-0.094672	0.908112	0.418502	-0.013777
36744	9.761270	-0.620348	0.430561	0.221539	0.020894	0.009067	0.051868	-0.080353	0.995416	0.417583	-0.903690	-0.094708	0.907157	0.420581	-0.013319
36745	9.728688	-0.495968	0.512921	0.209553	0.041034	0.013899	0.051650	-0.080663	0.995402	0.419575	-0.902743	-0.094926	0.906250	0.422549	-0.012783
36746	9.727684	-0.400078	0.471703	0.152391	0.049176	0.001719	0.051141	-0.080858	0.995413	0.420860	-0.902147	-0.094905	0.905683	0.423783	-0.012107
36747	9.746963	-0.451040	0.268138	0.068385	0.042225	-0.003510	0.050840	-0.081017	0.995415	0.421581	-0.901808	-0.094930	0.905365	0.424474	-0.011693
36748	9.782823	-0.429187	0.084289	-0.009463	0.033815	-0.014092	0.050482	-0.081051	0.995431	0.421485	-0.901866	-0.094807	0.905429	0.424345	-0.011366
36749	9.737435	-0.502011	-0.219145	-0.073910	0.024059	-0.024178	0.050258	-0.080946	0.995451	0.420927	-0.902147	-0.094610	0.905701	0.423767	-0.011267
36750	9.736112	-0.577189	-0.431025	-0.120757	-0.002845	-0.035864	0.050090	-0.080628	0.995485	0.419615	-0.902797	-0.094234	0.906319	0.422441	-0.011388
36751	9.806311	-0.731747	-0.478841	-0.143969	-0.018498	-0.036053	0.050202	-0.080235	0.995511	0.418427	-0.903382	-0.093911	0.906862	0.421263	-0.011779
36752	9.824414	-0.848983	-0.502450	-0.139977	-0.030408	-0.037473	0.050339	-0.079791	0.995540	0.417057	-0.904053	-0.093547	0.907485	0.419906	-0.012232
36753	9.804257	-0.967776	-0.464679	-0.108173	-0.036253	-0.033156	0.050625	-0.079351	0.995560	0.416190	-0.904483	-0.093255	0.907867	0.419064	-0.012765
36754	9.794808	-1.140277	-0.422085	-0.065933	-0.041879	-0.034370	0.050853	-0.078842	0.995589	0.415661	-0.904765	-0.092881	0.908097	0.418551	-0.013238
36755	9.817174	-1.204107	-0.242809	-0.004367	-0.041380	-0.026698	0.051213	-0.078439	0.995603	0.415733	-0.904753	-0.092667	0.908044	0.418651	-0.013725
36756	9.846819	-1.203605	-0.094298	0.069909	-0.028793	-0.016101	0.051462	-0.078211	0.995608	0.416324	-0.904491	-0.092573	0.907759	0.419260	-0.013986
36757	9.811127	-1.091310	0.086023	0.146591	-0.011507	-0.000546	0.051659	-0.078170	0.995601	0.417753	-0.903825	-0.092640	0.907091	0.420701	-0.014035
36758	9.759714	-0.880868	0.280339	0.211122	0.010515	0.008315	0.051615	-0.078281	0.995594	0.419691	-0.902916	-0.092752	0.906198	0.422629	-0.013750
36759	9.740640	-0.661370	0.391255	0.228013	0.029736	0.014193	0.051500	-0.078546	0.995579	0.421846	-0.901887	-0.092976	0.905203	0.424770	-0.013313
36760	9.778555	-0.524029	0.460196	0.212789	0.046664	0.007741	0.051200	-0.078884	0.995568	0.423605	-0.901042	-0.093179	0.904399	0.426498	-0.012718
36761	9.796188	-0.512125	0.438719	0.162079	0.047131	0.008984	0.050908	-0.079177	0.995560	0.425163	-0.900291	-0.093341	0.903684	0.428027	-0.012168
36762	9.732430	-0.463223	0.290821	0.084581	0.041455	0.003293	0.050553	-0.079328	0.995566	0.426265	-0.899770	-0.093340	0.903184	0.429094	-0.011672
36763	9.722820	-0.515762	-0.065771	-0.001801	0.020681	-0.002899	0.050449	-0.079401	0.995565	0.426348	-0.899728	-0.093363	0.903151	0.429167	-0.011538
36764	9.699343	-0.522596	-0.194329	-0.055156	-0.006012	-0.013732	0.050445	-0.079278	0.995575	0.425666	-0.900064	-0.093240	0.903473	0.428486	-0.011658
36765	9.709404	-0.615279	-0.362786	-0.090793	-0.014846	-0.022367	0.050579	-0.079024	0.995589	0.424954	-0.900419	-0.093059	0.903801	0.427786	-0.011961
36766	9.801656	-0.706116	-0.367540	-0.097457	-0.026408	-0.030240	0.050678	-0.078593	0.995618	0.424197	-0.900812	-0.092702	0.904151	0.427036	-0.012313
36767	9.864662	-0.789848	-0.256808	-0.077579	-0.017342	-0.034185	0.050785	-0.078222	0.995642	0.423610	-0.901119	-0.092403	0.904420	0.426457	-0.012628
36768	9.872353	-0.852014	-0.149960	-0.034517	-0.006821	-0.027182	0.050759	-0.077940	0.995665	0.423379	-0.901255	-0.092134	0.904529	0.426221	-0.012749
36769	9.821405	-0.905210	0.056020	0.016446	0.001034	-0.020403	0.050758	-0.077772	0.995678	0.423635	-0.901150	-0.091984	0.904410	0.426473	-0.012794
36770	9.814379	-0.965676	0.223648	0.064809	0.016731	-0.011989	0.050616	-0.077762	0.995686	0.424180	-0.900900	-0.091923	0.904162	0.427003	-0.012615
36771	9.769649	-0.992895	0.361422	0.097472	0.035836	-0.003474	0.050372	-0.077895	0.995688	0.425160	-0.900435	-0.091952	0.903716	0.427958	-0.012239
36772	9.753108	-0.931322	0.338027	0.106766	0.043205	-0.004342	0.049985	-0.077997	0.995700	0.426341	-0.899883	-0.091893	0.903180	0.429101	-0.011727
36773	9.738073	-0.796999	0.259352	0.096712	0.040742	-0.006975	0.049682	-0.078119	0.995705	0.427315	-0.899421	-0.091887	0.902737	0.430045	-0.011303
36774	9.702891	-0.655083	0.081319	0.063803	0.030775	-0.011689	0.049421	-0.078196	0.995712	0.427777	-0.899206	-0.091849	0.902532	0.430482	-0.010990
36775	9.696477	-0.554440	-0.119815	0.026447	0.008843	-0.014636	0.049374	-0.078113	0.995721	0.428119	-0.899052	-0.091758	0.902373	0.430817	-0.010948
36776	9.743149	-0.582482	-0.168146	-0.017468	-0.012705	-0.016797	0.049425	-0.077896	0.995736	0.428009	-0.899123	-0.091583	0.902422	0.430710	-0.011099
36777	9.774414	-0.645066	-0.199492	-0.049673	-0.022235	-0.014889	0.049657	-0.077677	0.995741	0.427664	-0.899297	-0.091480	0.902573	0.430385	-0.011436
36778	9.691608	-0.679328	-0.272896	-0.055564	-0.029997	-0.013357	0.049923	-0.077450	0.995745	0.427103	-0.899573	-0.091384	0.902824	0.429848	-0.011830
36779	9.798442	-0.767716	-0.069097	-0.048753	-0.039518	-0.017936	0.050298	-0.077130	0.995752	0.426768	-0.899746	-0.091251	0.902961	0.429545	-0.012339
36780	9.839745	-0.914328	0.132489	-0.007926	-0.014477	-0.021467	0.050347	-0.076853	0.995770	0.426793	-0.899757	-0.091021	0.902947	0.429570	-0.012500
36781	9.783026	-0.959964	0.315700	0.029513	-0.003304	-0.014851	0.050408	-0.076715	0.995778	0.427163	-0.899591	-0.090929	0.902768	0.429943	-0.012577
36782	9.789374	-0.924695	0.512289	0.076041	0.019066	-0.008436	0.050230	-0.076676	0.995790	0.428192	-0.899111	-0.090831	0.902290	0.430952	-0.012330
36783	9.777745	-0.904829	0.604482	0.101519	0.036255	-0.006112	0.049972	-0.076788	0.995794	0.429207	-0.898627	-0.090834	0.901823	0.431941	-0.011948
36784	9.682549	-0.959062	0.588226	0.097189	0.039931	-0.002809	0.049651	-0.076935	0.995799	0.430148	-0.898176	-0.090840	0.901392	0.432851	-0.011502
36785	9.712436	-0.927384	0.516321	0.079941	0.040542	0.001390	0.049386	-0.077133	0.995797	0.430963	-0.897778	-0.090914	0.901017	0.433642	-0.011096
36786	9.608155	-0.860649	0.304606	0.050908	0.039860	-0.002167	0.049066	-0.077299	0.995800	0.431421	-0.897557	-0.090930	0.900816	0.434070	-0.010691
36787	9.665313	-0.813533	0.123950	0.039679	0.023506	-0.004796	0.048928	-0.077368	0.995801	0.431876	-0.897337	-0.090938	0.900605	0.434512	-0.010492
36788	9.725361	-0.746768	0.106539	0.037379	0.016901	-0.010069	0.048825	-0.077410	0.995803	0.432071	-0.897243	-0.090933	0.900517	0.434698	-0.010361
36789	9.723781	-0.688560	0.021550	0.024247	0.009016	-0.014373	0.048777	-0.077331	0.995812	0.432392	-0.897098	-0.090844	0.900365	0.435012	-0.010320
36790	9.798339	-0.620476	0.078399	0.013200	0.002921	-0.018602	0.048799	-0.077325	0.995811	0.431946	-0.897313	-0.090843	0.900578	0.434569	-0.010388
36791	9.812905	-0.617975	0.154944	0.008943	0.010090	-0.022452	0.048706	-0.077177	0.995827	0.432132	-0.897240	-0.090672	0.900494	0.434745	-0.010350
36792	9.796759	-0.684465	0.269858	-0.000387	0.016864	-0.022505	0.048541	-0.077024	0.995847	0.432458	-0.897104	-0.090466	0.900346	0.435053	-0.010236
36793	9.698849	-0.753488	0.219882	-0.010639	0.017999	-0.014577	0.048410	-0.076982	0.995857	0.432465	-0.897111	-0.090371	0.900350	0.435048	-0.010138
36794	9.683125	-0.782553	0.373870	-0.010428	0.014150	-0.015246	0.048270	-0.076935	0.995867	0.432301	-0.897200	-0.090266	0.900437	0.434871	-0.010049
36795	9.663294	-0.861303	0.592514	0.018705	0.030480	-0.010165	0.048047	-0.076986	0.995874	0.432569	-0.897076	-0.090218	0.900320	0.435119	-0.009800
36796	9.679114	-0.916923	0.758684	0.041746	0.042874	-0.002874	0.047759	-0.077266	0.995866	0.432560	-0.897067	-0.090344	0.900339	0.435087	-0.009421
36797	9.704300	-0.930845	0.885495	0.070442	0.066947	0.003552	0.047266	-0.077599	0.995864	0.433288	-0.896707	-0.090438	0.900015	0.435770	-0.008761
36798	9.694955	-0.938897	0.839853	0.084928	0.076053	0.011220	0.046715	-0.078101	0.995850	0.433821	-0.896427	-0.090654	0.899787	0.436255	-0.007995
36799	9.687154	-0.875092	0.739004	0.091262	0.079583	0.011119	0.046142	-0.078558	0.995841	0.434731	-0.895969	-0.090823	0.899378	0.437114	-0.007190
36800	9.691677	-0.830427	0.549183	0.071268	0.069176	0.002715	0.045545	-0.078876	0.995843	0.435521	-0.895582	-0.090854	0.899026	0.437848	-0.006437
36801	9.748096	-0.727767	0.285003	0.027592	0.057718	-0.001119	0.045116	-0.079129	0.995843	0.435863	-0.895411	-0.090896	0.898881	0.438152	-0.005908
36802	9.788221	-0.602336	-0.048957	-0.027559	0.035734	-0.016503	0.044787	-0.079182	0.995854	0.435544	-0.895577	-0.090796	0.899052	0.437805	-0.005623
36803	9.747540	-0.568855	-0.370384	-0.091124	-0.005832	-0.021012	0.044843	-0.078978	0.995867	0.434828	-0.895941	-0.090633	0.899396	0.437096	-0.005835
36804	9.715154	-0.526306	-0.643094	-0.134019	-0.053766	-0.022190	0.045333	-0.078635	0.995872	0.433378	-0.896654	-0.090528	0.900071	0.435693	-0.006569
36805	9.767359	-0.559846	-0.675855	-0.144791	-0.086490	-0.032016	0.046068	-0.077981	0.995890	0.432183	-0.897258	-0.090250	0.900608	0.434565	-0.007632
36806	9.848955	-0.686850	-0.512305	-0.123838	-0.110658	-0.038325	0.047027	-0.077260	0.995901	0.430789	-0.897953	-0.090003	0.901227	0.433256	-0.008945
36807	9.901041	-0.807213	-0.233850	-0.088179	-0.094611	-0.033970	0.047828	-0.076556	0.995918	0.430104	-0.898311	-0.089708	0.901512	0.432639	-0.010038
36808	9.727352	-0.930130	0.050147	-0.033782	-0.071291	-0.024909	0.048474	-0.076083	0.995922	0.429738	-0.898502	-0.089557	0.901652	0.432327	-0.010858
36809	9.582905	-1.095855	0.315121	0.018540	-0.067496	-0.007895	0.049144	-0.075731	0.995917	0.430002	-0.898377	-0.089533	0.901489	0.432646	-0.011585
36810	9.597195	-1.132855	0.346469	0.061967	-0.055597	-0.006217	0.049696	-0.075473	0.995909	0.430524	-0.898126	-0.089545	0.901210	0.433213	-0.012140
36811	9.667539	-0.989788	0.186425	0.090180	-0.053549	0.000966	0.050277	-0.075260	0.995896	0.431430	-0.897684	-0.089618	0.900745	0.434165	-0.012664
36812	9.758631	-0.820167	0.030160	0.095556	-0.050212	0.002036	0.050870	-0.075164	0.995873	0.431999	-0.897393	-0.089798	0.900438	0.434784	-0.013179
36813	9.782573	-0.614508	-0.177112	0.077619	-0.058959	0.003644	0.051512	-0.074951	0.995856	0.432789	-0.897002	-0.089897	0.900022	0.435626	-0.013768
36814	9.803584	-0.596133	-0.447201	0.059896	-0.080219	-0.001267	0.052336	-0.074670	0.995834	0.433123	-0.896829	-0.090009	0.899814	0.436029	-0.014595
36815	9.901650	-0.705287	-0.701311	0.042119	-0.087363	-0.007113	0.053187	-0.074236	0.995821	0.433599	-0.896601	-0.089997	0.899535	0.436573	-0.015499
36816	9.865826	-0.900279	-0.686640	0.053304	-0.114711	-0.004095	0.054295	-0.073750	0.995798	0.433990	-0.896406	-0.090052	0.899280	0.437056	-0.016663
36817	9.780141	-1.081223	-0.656769	0.099292	-0.145428	-0.007743	0.055664	-0.073055	0.995773	0.434980	-0.895927	-0.090045	0.898718	0.438153	-0.018093
36818	9.794934	-1.008214	-0.652275	0.148815	-0.192461	-0.010114	0.057534	-0.072312	0.995721	0.435695	-0.895562	-0.090214	0.898254	0.439021	-0.020019
36819	9.840544	-0.894873	-0.462064	0.177394	-0.237922	-0.010977	0.059718	-0.071178	0.995674	0.437386	-0.894739	-0.090195	0.897289	0.440880	-0.022300
36820	9.774860	-0.776477	-0.323710	0.175641	-0.255811	-0.008237	0.062134	-0.070205	0.995596	0.438029	-0.894403	-0.090406	0.896811	0.441717	-0.024821
36821	9.745276	-0.562449	-0.298470	0.147345	-0.271643	-0.014195	0.064602	-0.068886	0.995531	0.439449	-0.893711	-0.090358	0.895941	0.443323	-0.027464
36822	9.798692	-0.520639	-0.274026	0.100480	-0.289956	-0.029356	0.067159	-0.067402	0.995463	0.440173	-0.893373	-0.090186	0.895398	0.444232	-0.030330
36823	9.801647	-0.573715	-0.214720	0.067463	-0.285823	-0.034711	0.069660	-0.065831	0.995396	0.440891	-0.893046	-0.089916	0.894854	0.445124	-0.033186
36824	9.601263	-0.633640	-0.048848	0.058110	-0.298087	-0.036712	0.072307	-0.064347	0.995305	0.440830	-0.893091	-0.089764	0.894673	0.445251	-0.036211
36825	9.567322	-0.724738	0.033982	0.039373	-0.315752	-0.037324	0.075062	-0.062617	0.995211	0.441299	-0.892889	-0.089463	0.894215	0.445901	-0.039390
36826	9.711821	-0.689066	0.105685	0.050267	-0.323066	-0.042107	0.077878	-0.060837	0.995105	0.441779	-0.892683	-0.089150	0.893737	0.446560	-0.042643
36827	9.742867	-0.597104	0.281375	0.076440	-0.289424	-0.042186	0.080373	-0.059177	0.995007	0.442585	-0.892317	-0.088820	0.893118	0.447514	-0.045527
36828	9.723771	-0.519466	0.337318	0.089449	-0.258545	-0.043290	0.082601	-0.057745	0.994908	0.443064	-0.892105	-0.088563	0.892676	0.448124	-0.048104
36829	9.656967	-0.378974	0.350248	0.063149	-0.229118	-0.041810	0.084556	-0.056355	0.994824	0.443751	-0.891796	-0.088235	0.892152	0.448915	-0.050399
36830	9.687731	-0.257094	0.224317	0.019931	-0.212085	-0.050045	0.086355	-0.055073	0.994741	0.443621	-0.891895	-0.087891	0.892045	0.448877	-0.052588
36831	9.660215	-0.152013	0.058316	-0.044841	-0.191046	-0.060289	0.087888	-0.053688	0.994683	0.443361	-0.892079	-0.087324	0.892024	0.448678	-0.054599
36832	9.583058	-0.203722	-0.114141	-0.097901	-0.168504	-0.072871	0.089201	-0.052452	0.994632	0.441966	-0.892830	-0.086720	0.892586	0.447329	-0.056459
36833	9.623707	-0.413487	-0.237702	-0.141774	-0.149068	-0.092649	0.090219	-0.050969	0.994617	0.440871	-0.893463	-0.085775	0.893025	0.446236	-0.058137
36834	9.637780	-0.764571	-0.477856	-0.158803	-0.128484	-0.109153	0.090999	-0.049547	0.994618	0.439126	-0.894421	-0.084732	0.893805	0.444473	-0.059634
36835	9.800418	-1.104713	-0.625512	-0.090814	-0.106383	-0.109154	0.091567	-0.048109	0.994636	0.438501	-0.894829	-0.083650	0.894054	0.443808	-0.060841
36836	9.920296	-1.315940	-0.635848	0.037229	-0.085128	-0.090876	0.092050	-0.047043	0.994642	0.438515	-0.894892	-0.082908	0.893998	0.443797	-0.061746
36837	9.959766	-1.280329	-0.564681	0.179947	-0.068320	-0.056582	0.092508	-0.046244	0.994637	0.440262	-0.894070	-0.082515	0.893091	0.445534	-0.062350
36838	9.919641	-1.024398	-0.636090	0.289370	-0.067808	-0.023833	0.093056	-0.045760	0.994609	0.442789	-0.892822	-0.082505	0.891784	0.448080	-0.062821
36839	9.868518	-0.667007	-0.565875	0.334778	-0.082063	0.001916	0.093892	-0.045418	0.994546	0.445856	-0.891267	-0.082794	0.890166	0.451198	-0.063433
36840	9.904991	-0.329543	-0.264621	0.335004	-0.076863	0.007093	0.094727	-0.045255	0.994474	0.448444	-0.889929	-0.083213	0.888777	0.453849	-0.064006
36841	9.842322	-0.207254	0.185713	0.311762	-0.071791	0.002202	0.095471	-0.044957	0.994417	0.451296	-0.888460	-0.083494	0.887253	0.456748	-0.064533
36842	9.839455	-0.250328	0.539576	0.233314	-0.070277	-0.004467	0.096239	-0.044833	0.994348	0.452531	-0.887800	-0.083828	0.886540	0.458041	-0.065153
36843	9.733848	-0.520613	0.616597	0.110120	-0.082533	-0.014779	0.097000	-0.044333	0.994297	0.453606	-0.887253	-0.083812	0.885908	0.459148	-0.065954
36844	9.655063	-0.933329	0.586424	-0.026878	-0.126291	-0.037927	0.098157	-0.043694	0.994211	0.452448	-0.887855	-0.083689	0.886372	0.458043	-0.067380
36845	9.514187	-1.394220	0.369355	-0.118602	-0.172580	-0.054439	0.099537	-0.042431	0.994129	0.451534	-0.888373	-0.083127	0.886684	0.457158	-0.069267
36846	9.470194	-1.723491	0.021639	-0.144025	-0.226534	-0.074770	0.101305	-0.040879	0.994015	0.449815	-0.889311	-0.082416	0.887358	0.455473	-0.071703
36847	9.477288	-1.765356	-0.314808	-0.104404	-0.275612	-0.093609	0.103427	-0.038802	0.993880	0.449068	-0.889775	-0.081470	0.887491	0.454746	-0.074602
36848	9.511456	-1.645747	-0.428679	-0.025401	-0.326266	-0.108462	0.106019	-0.036615	0.993690	0.448080	-0.890351	-0.080614	0.887685	0.453799	-0.077987
36849	9.688625	-1.429805	-0.322521	0.060757	-0.354106	-0.123133	0.108705	-0.033921	0.993495	0.448834	-0.890072	-0.079500	0.886979	0.454557	-0.081531
36850	9.734775	-1.246931	-0.157991	0.144273	-0.354893	-0.126696	0.111397	-0.031341	0.993282	0.449730	-0.889707	-0.078510	0.886191	0.455454	-0.085016
36851	9.739070	-1.168422	0.149891	0.220980	-0.361133	-0.119204	0.114154	-0.028642	0.993050	0.451903	-0.888687	-0.077580	0.884733	0.457619	-0.088504
36852	9.885505	-1.233625	0.394119	0.250921	-0.350776	-0.119960	0.116898	-0.026262	0.992797	0.453285	-0.888046	-0.076864	0.883667	0.459005	-0.091906
36853	9.980015	-1.276234	0.558456	0.284481	-0.306047	-0.101646	0.119234	-0.023961	0.992577	0.455997	-0.886715	-0.076183	0.881958	0.461696	-0.094800
36854	9.818196	-1.025731	0.850165	0.344211	-0.242299	-0.062432	0.121318	-0.022662	0.992355	0.457871	-0.885747	-0.076203	0.880702	0.463616	-0.097081
36855	9.878612	-0.559416	1.347257	0.401549	-0.177262	-0.038344	0.122798	-0.021507	0.992199	0.461530	-0.883839	-0.076279	0.878584	0.467296	-0.098608
36856	10.339342	-0.285197	2.108503	0.390479	-0.073888	-0.051150	0.123333	-0.020814	0.992147	0.464772	-0.882138	-0.076282	0.876799	0.470530	-0.099123
36857	10.525158	-0.359047	2.769197	0.277925	0.071619	-0.063016	0.122509	-0.020606	0.992253	0.467364	-0.880793	-0.075994	0.875536	0.473053	-0.098275
36858	10.251358	-0.713130	3.204903	0.163324	0.212574	-0.062165	0.120555	-0.021406	0.992476	0.467755	-0.880601	-0.075811	0.875598	0.473375	-0.096148
36859	9.884971	-1.070473	3.710218	0.104818	0.339601	-0.055731	0.117418	-0.022533	0.992827	0.468818	-0.880069	-0.075420	0.875456	0.474311	-0.092772
36860	9.582229	-1.201586	4.185370	0.119887	0.497556	-0.050881	0.112998	-0.024763	0.993287	0.468905	-0.880035	-0.075283	0.875991	0.474264	-0.087831
36861	9.490251	-1.174557	4.748609	0.152131	0.673596	-0.060585	0.106911	-0.027438	0.993890	0.470383	-0.879280	-0.074872	0.875962	0.475514	-0.081099
36862	9.258888	-0.942068	5.210627	0.144918	0.862651	-0.089277	0.099026	-0.030947	0.994604	0.471175	-0.878908	-0.074259	0.876463	0.475986	-0.072453
36863	8.939153	-0.617911	5.281338	0.111355	1.020422	-0.139888	0.089519	-0.034587	0.995384	0.472363	-0.878376	-0.073003	0.876846	0.476718	-0.062293
36864	8.852883	-0.471773	4.944818	0.028909	1.089017	-0.219700	0.079021	-0.038049	0.996147	0.472167	-0.878644	-0.071016	0.877960	0.475959	-0.051465
36865	9.327967	-0.509009	4.530179	-0.058246	1.116642	-0.303957	0.067875	-0.040697	0.996863	0.471959	-0.878993	-0.068020	0.879004	0.475096	-0.040454
36866	10.078711	-0.676966	3.939504	-0.121184	1.148159	-0.371448	0.056082	-0.043025	0.997499	0.470709	-0.879934	-0.064418	0.880504	0.473145	-0.029096
36867	10.845824	-0.863949	3.465575	-0.116145	1.175790	-0.383218	0.044019	-0.045216	0.998007	0.469959	-0.880604	-0.060625	0.881590	0.471691	-0.017513
36868	11.705434	-1.230341	3.334002	-0.020210	1.201213	-0.353095	0.031867	-0.047925	0.998342	0.469452	-0.881098	-0.057281	0.882383	0.470500	-0.005580
36869	12.172013	-1.638660	2.824445	0.180515	1.261359	-0.258969	0.019621	-0.051595	0.998475	0.471194	-0.880329	-0.054749	0.881811	0.471550	0.007038
36870	12.130546	-1.952139	2.667243	0.445075	1.306853	-0.126398	0.007577	-0.056782	0.998358	0.474874	-0.878422	-0.053565	0.880021	0.474500	0.020308
36871	11.747453	-2.109332	2.638490	0.761089	1.324554	-0.009028	-0.004000	-0.063036	0.998003	0.481641	-0.874745	-0.053321	0.876359	0.480466	0.033859
36872	11.467838	-1.989334	2.681958	1.130735	1.330682	0.050748	-0.015329	-0.070047	0.997426	0.491264	-0.869366	-0.053503	0.870876	0.489179	0.047738
36873	11.552856	-1.763783	2.780191	1.480859	1.366056	0.058323	-0.026784	-0.077323	0.996646	0.504200	-0.861939	-0.053322	0.863172	0.501080	0.062073
36874	11.823767	-1.143736	3.008880	1.613423	1.458260	0.023281	-0.039167	-0.085020	0.995609	0.517799	-0.853887	-0.052547	0.854605	0.513467	0.077467
36875	12.183849	-0.898736	2.748915	1.548216	1.549425	-0.013888	-0.052314	-0.092954	0.994295	0.531038	-0.845804	-0.051132	0.845731	0.525334	0.093609
36876	12.228766	-0.642245	1.851798	1.454667	1.612422	-0.066160	-0.066199	-0.101049	0.992677	0.542939	-0.838334	-0.049131	0.837159	0.535710	0.110361
36877	12.272326	-0.475239	0.995660	1.309064	1.583218	-0.110292	-0.079893	-0.108686	0.990860	0.553845	-0.831318	-0.046530	0.828778	0.545066	0.126612
36878	12.510654	-0.329236	0.315273	1.181240	1.570158	-0.132881	-0.093548	-0.116284	0.988801	0.563024	-0.825280	-0.043787	0.821129	0.552622	0.142674
36879	12.519687	-0.265443	-0.246659	1.090303	1.580646	-0.141933	-0.107172	-0.123909	0.986489	0.571874	-0.819327	-0.040784	0.813311	0.559777	0.158669
36880	12.196150	-0.214776	-0.410345	1.048907	1.588581	-0.118861	-0.120693	-0.131928	0.983884	0.579961	-0.813759	-0.037972	0.805654	0.566032	0.174728
36881	11.713217	-0.176002	-0.426070	1.036297	1.603105	-0.091164	-0.133978	-0.140312	0.981001	0.588234	-0.807923	-0.035220	0.797515	0.572339	0.190780
36882	11.127758	-0.072775	-0.151146	0.995580	1.592046	-0.070958	-0.146993	-0.148931	0.977861	0.595716	-0.802530	-0.032679	0.789630	0.577724	0.206687
36883	10.491228	-0.241861	-0.021367	0.932448	1.544774	-0.052368	-0.159345	-0.157475	0.974582	0.603044	-0.797136	-0.030204	0.781631	0.582903	0.221984
36884	9.956961	-0.185875	-0.291769	0.788454	1.429732	-0.017707	-0.170555	-0.165689	0.971318	0.608785	-0.792829	-0.028345	0.774785	0.586489	0.236090
36885	9.766415	0.163397	-0.370823	0.631622	1.345017	0.025554	-0.180680	-0.173795	0.968065	0.613785	-0.789008	-0.027092	0.768520	0.589289	0.249231
36886	9.656624	0.241011	-0.360882	0.445499	1.290509	0.075723	-0.190061	-0.181995	0.964756	0.616974	-0.786526	-0.026827	0.763689	0.590131	0.261774
36887	9.702490	-0.206553	-0.315168	0.342204	1.250653	0.133023	-0.198663	-0.190419	0.961391	0.619919	-0.784193	-0.027221	0.759100	0.590577	0.273835
36888	9.718231	-0.766184	-0.250783	0.351945	1.238858	0.185166	-0.206856	-0.199169	0.957884	0.622644	-0.781999	-0.028138	0.754669	0.590600	0.285773
36889	9.494061	-1.157410	-0.135022	0.469998	1.234733	0.245667	-0.214508	-0.208382	0.954234	0.626777	-0.778654	-0.029142	0.749091	0.591840	0.297636
36890	9.239143	-1.434641	0.033134	0.650046	1.222558	0.280301	-0.221838	-0.217755	0.950458	0.631949	-0.774431	-0.029928	0.742582	0.594002	0.309409
36891	9.005901	-1.456193	0.188846	0.862229	1.213930	0.281353	-0.228918	-0.227156	0.946571	0.639032	-0.768599	-0.029904	0.734326	0.598043	0.321106
36892	8.820250	-1.313649	0.277855	1.081023	1.212251	0.264345	-0.236038	-0.236417	0.942546	0.647371	-0.761626	-0.028919	0.724704	0.603351	0.332822
36893	8.687731	-1.107750	0.466056	1.292194	1.202051	0.245749	-0.242982	-0.245566	0.938433	0.657331	-0.753122	-0.026877	0.713355	0.610331	0.344413
36894	8.570425	-0.666739	0.773061	1.463862	1.188522	0.224976	-0.249857	-0.254533	0.934229	0.668273	-0.743533	-0.023849	0.700701	0.618362	0.355875
36895	8.419517	-0.017739	1.205733	1.559191	1.159468	0.202879	-0.256441	-0.263241	0.930023	0.679685	-0.733228	-0.020125	0.687216	0.626962	0.366951
36896	8.284937	0.596287	1.517678	1.575167	1.123516	0.162428	-0.262940	-0.271456	0.925837	0.690711	-0.722958	-0.015808	0.673633	0.635329	0.377592
36897	8.131007	1.101671	1.906166	1.523223	1.092588	0.112241	-0.269351	-0.279236	0.921671	0.701244	-0.712836	-0.011033	0.660081	0.643345	0.387815
36898	7.943297	1.616831	2.295237	1.391871	1.056377	0.058744	-0.275811	-0.286397	0.917554	0.710379	-0.703793	-0.006140	0.647526	0.650117	0.397564
36899	7.822958	1.971181	2.566550	1.168375	1.020360	0.003418	-0.282243	-0.293068	0.913482	0.717963	-0.696080	-0.001487	0.636292	0.655427	0.406876
36900	7.781771	2.131183	2.710125	0.917852	0.970628	-0.037727	-0.288604	-0.299110	0.909528	0.723640	-0.690172	0.002648	0.626939	0.658935	0.415634
36901	7.700148	2.188584	2.902355	0.695308	0.907747	-0.061178	-0.294612	-0.304665	0.905750	0.727868	-0.685690	0.006109	0.619203	0.661066	0.423768
36902	7.784557	2.134705	2.985557	0.491016	0.842406	-0.068099	-0.300252	-0.309701	0.902183	0.730681	-0.682662	0.008832	0.613151	0.661860	0.431263
36903	7.768429	1.935915	3.088537	0.352477	0.803523	-0.071859	-0.305593	-0.314514	0.898718	0.732689	-0.680475	0.011000	0.608096	0.661842	0.438389
36904	7.589523	1.943601	3.286895	0.265330	0.763272	-0.076294	-0.310721	-0.318970	0.895383	0.734076	-0.678946	0.012876	0.603809	0.661280	0.445111
36905	7.484205	1.858784	3.456123	0.172804	0.702793	-0.073718	-0.315402	-0.323098	0.892261	0.734958	-0.677962	0.014300	0.600299	0.660284	0.451294
36906	7.408063	1.773501	3.602551	0.076895	0.636380	-0.075697	-0.319694	-0.326775	0.889389	0.735287	-0.677582	0.015348	0.597619	0.658864	0.456893
36907	7.193191	1.670566	3.815434	-0.034956	0.586956	-0.097080	-0.323820	-0.329963	0.886716	0.734839	-0.678052	0.016041	0.595946	0.656788	0.462036
36908	6.790031	1.605824	4.025319	-0.184951	0.535883	-0.137178	-0.327941	-0.332541	0.884235	0.733434	-0.679562	0.016444	0.595424	0.653920	0.466753
36909	6.583970	1.416853	4.035878	-0.393721	0.432014	-0.162709	-0.331617	-0.334235	0.882223	0.730623	-0.682593	0.016029	0.596842	0.649888	0.470559
36910	6.634504	1.030502	3.790305	-0.580908	0.294954	-0.148370	-0.334381	-0.335144	0.880834	0.726825	-0.686667	0.014651	0.599929	0.645110	0.473199
36911	6.748468	0.500144	3.534049	-0.660637	0.158182	-0.100083	-0.335969	-0.335457	0.880110	0.722586	-0.691170	0.012394	0.604148	0.640119	0.474608
36912	6.846842	-0.001586	3.330684	-0.644122	0.035627	-0.045847	-0.336431	-0.335376	0.879964	0.718689	-0.695262	0.009790	0.608522	0.635714	0.474940
36913	7.017710	-0.361872	3.347888	-0.545691	-0.060904	0.014473	-0.335865	-0.335079	0.880294	0.715481	-0.698596	0.007066	0.612602	0.632207	0.474377
36914	7.057106	-0.288481	3.644433	-0.434042	-0.144641	0.044952	-0.334576	-0.334488	0.881009	0.713149	-0.700996	0.004686	0.616017	0.629859	0.473076
36915	7.305797	-0.011387	3.645556	-0.421254	-0.241711	0.035464	-0.332739	-0.333205	0.882190	0.710740	-0.703451	0.002378	0.619785	0.627799	0.470888
36916	7.516157	0.413770	3.470666	-0.492207	-0.330391	0.033923	-0.330359	-0.331383	0.883769	0.707956	-0.706256	-0.000183	0.624228	0.625610	0.467923
36917	7.595506	0.623019	3.396312	-0.642645	-0.454284	0.040579	-0.327131	-0.328824	0.885923	0.704135	-0.710057	-0.003544	0.630221	0.622650	0.463819
36918	7.597344	0.698781	3.451699	-0.837891	-0.615179	0.069301	-0.322662	-0.325513	0.888780	0.699227	-0.714855	-0.007967	0.637943	0.618889	0.458264
36919	7.574918	0.571895	3.349299	-1.073968	-0.738235	0.100441	-0.317125	-0.321675	0.892164	0.692721	-0.721074	-0.013756	0.647741	0.613659	0.451502
