// General information: 
//  MT Manager version: 2022.2.0 
//  XDA version: 2022.2.0 build 7381 rev 124627 built on 2023-07-19
// Device information: 
//  DeviceId: 00B4CAF0
//  ProductCode: MTW2-3A7G6
//  Firmware Version: 4.6.0
//  Hardware Version: 2.0.0
// Device settings: 
//  Filter Profile: human(46.1)
//  Option Flags: Orientation Smoother Disabled, Position/Velocity Smoother Disabled, Continuous Zero Rotation Update Disabled, AHS Disabled, ICC Disabled
// Coordinate system: ENU
PacketCounter	Acc_X	Acc_Y	Acc_Z	Gyr_X	Gyr_Y	Gyr_Z	Mat[1][1]	Mat[2][1]	Mat[3][1]	Mat[1][2]	Mat[2][2]	Mat[3][2]	Mat[1][3]	Mat[2][3]	Mat[3][3]
24087	4.781760	2.465323	8.780753	0.190058	-1.690251	0.310789	-0.786768	-0.244234	0.566874	0.436339	-0.869647	0.230917	0.436582	0.429027	0.790779
24088	4.812164	2.582325	8.702359	0.103702	-1.844295	0.366129	-0.776971	-0.239416	0.582233	0.439642	-0.868322	0.229632	0.450589	0.434392	0.779919
24089	4.948642	2.562813	8.606477	0.031714	-2.042772	0.416840	-0.765738	-0.233627	0.599220	0.442537	-0.867464	0.227303	0.466698	0.439231	0.767639
24090	5.075516	2.665198	8.682993	-0.027445	-2.208298	0.465286	-0.753164	-0.227869	0.617106	0.445920	-0.866521	0.224269	0.483632	0.444091	0.754243
24091	5.380664	2.560802	8.534464	-0.056356	-2.391028	0.502090	-0.739085	-0.220974	0.636336	0.448818	-0.865974	0.220571	0.502310	0.448620	0.739206
24092	5.918697	2.289957	8.368669	-0.076642	-2.579599	0.519324	-0.723524	-0.213792	0.656358	0.452203	-0.865200	0.216660	0.521561	0.453566	0.722670
24093	6.760537	2.378127	8.566833	0.033700	-2.632217	0.460843	-0.707355	-0.205321	0.676382	0.455216	-0.864361	0.213679	0.540765	0.459047	0.704875
24094	7.064410	1.996999	8.346424	0.148149	-2.679582	0.411504	-0.690724	-0.196443	0.695924	0.458887	-0.862858	0.211893	0.558859	0.465710	0.686142
24095	7.418933	2.152573	8.377539	0.273806	-2.779538	0.373626	-0.673151	-0.186116	0.715702	0.462425	-0.861191	0.210983	0.577089	0.472982	0.665776
24096	9.420356	2.778247	9.154854	0.466630	-2.692148	0.346587	-0.655771	-0.176200	0.734110	0.467437	-0.858344	0.211538	0.592846	0.481871	0.645240
24097	10.424347	2.601487	9.408580	0.605679	-2.603350	0.338025	-0.638415	-0.166023	0.751574	0.472798	-0.855110	0.212718	0.607362	0.491145	0.624410
24098	9.860585	2.516466	8.612932	0.630986	-2.269720	0.289377	-0.623103	-0.157199	0.766179	0.478471	-0.851524	0.214413	0.618715	0.500196	0.605802
24099	9.931409	2.338819	8.959624	0.722716	-2.104463	0.255884	-0.608654	-0.148379	0.779438	0.484095	-0.847774	0.216637	0.628643	0.509179	0.587830
24100	10.673638	2.178767	8.829183	0.826906	-1.783376	0.211451	-0.596331	-0.140956	0.790266	0.490575	-0.843227	0.219783	0.635394	0.518748	0.571992
24101	10.641747	2.139185	7.584027	0.926526	-1.564120	0.185761	-0.585423	-0.134209	0.799542	0.497392	-0.838246	0.223484	0.640219	0.528519	0.557483
24102	10.192207	2.773903	7.451890	0.978198	-1.352679	0.149215	-0.575974	-0.128194	0.807354	0.504516	-0.832840	0.227686	0.643209	0.538464	0.544370
24103	8.409288	3.085039	6.810946	0.887687	-1.147691	0.149108	-0.567829	-0.123122	0.813886	0.510930	-0.827943	0.231216	0.645384	0.547130	0.533037
24104	6.439906	3.708396	5.812985	0.709213	-1.065275	0.184437	-0.559973	-0.118733	0.819959	0.516536	-0.823824	0.233464	0.647782	0.554272	0.522648
24105	4.541167	3.187337	4.503023	0.511299	-1.022641	0.276651	-0.551912	-0.115273	0.825897	0.521291	-0.820725	0.233806	0.650883	0.559573	0.513059
24106	2.137603	1.626916	5.774572	0.389089	-0.833502	0.525331	-0.543702	-0.114849	0.831383	0.526687	-0.817945	0.231446	0.653444	0.563716	0.505208
24107	5.249127	-4.052527	10.963907	0.382799	-0.150839	1.338651	-0.535623	-0.124879	0.835173	0.536296	-0.814259	0.222192	0.652299	0.566911	0.503108
24108	6.954648	-4.046972	14.354783	0.383964	1.183593	2.024880	-0.532280	-0.147990	0.833533	0.549577	-0.809326	0.207258	0.643928	0.568410	0.512120
24109	1.724075	-1.575485	11.114112	0.793964	2.132089	2.478465	-0.532051	-0.180065	0.827344	0.567637	-0.800880	0.190733	0.628259	0.571110	0.528321
24110	-1.419842	0.496572	8.364801	0.725497	2.694564	2.804228	-0.532523	-0.217740	0.817929	0.587037	-0.791168	0.171582	0.609759	0.571526	0.549137
24111	-2.194450	1.500317	7.101284	0.657878	2.932378	2.976919	-0.532442	-0.257841	0.806241	0.606622	-0.780518	0.150999	0.590352	0.569482	0.571993
24112	-2.323867	2.067215	6.150204	0.587745	3.023204	3.018584	-0.531372	-0.298344	0.792865	0.626074	-0.768800	0.130301	0.570680	0.565630	0.595304
24113	-2.129014	2.247995	5.494772	0.622317	3.038302	2.930646	-0.529932	-0.337774	0.777869	0.644880	-0.756184	0.110974	0.550728	0.560441	0.618550
24114	-2.028171	2.712579	5.177215	0.722962	2.974864	2.726723	-0.528166	-0.374762	0.761968	0.663197	-0.742450	0.094539	0.530294	0.555267	0.640677
24115	-1.710971	3.531579	5.805353	0.857867	2.778245	2.401169	-0.526653	-0.407760	0.745901	0.680102	-0.728525	0.081933	0.509998	0.550439	0.660998
24116	0.396559	4.231818	6.817865	0.988214	2.618586	1.925158	-0.526492	-0.435977	0.729884	0.695160	-0.714999	0.074358	0.489448	0.546535	0.679514
24117	2.396376	5.262289	7.914777	1.064977	2.645422	1.318176	-0.530080	-0.459713	0.712516	0.707032	-0.703496	0.072106	0.468104	0.541993	0.697941
24118	3.782950	6.592681	8.863171	1.016666	2.764718	0.609552	-0.538379	-0.478838	0.693442	0.714917	-0.695174	0.075018	0.446141	0.536142	0.716597
24119	4.442987	7.610741	9.328211	0.767453	2.904547	-0.134111	-0.552186	-0.493320	0.672105	0.717337	-0.691948	0.081463	0.424874	0.527108	0.735961
24120	4.566671	7.672905	9.217237	0.398100	2.954255	-0.853728	-0.570560	-0.502758	0.649381	0.714177	-0.694145	0.090077	0.405478	0.515167	0.755110
24121	4.756307	6.821755	9.241755	0.044013	2.892174	-1.504948	-0.592932	-0.506884	0.625700	0.705398	-0.701725	0.099985	0.388388	0.500651	0.773630
24122	5.632891	5.795604	9.568843	-0.184511	2.785374	-2.052458	-0.617878	-0.506054	0.601778	0.692248	-0.713050	0.111142	0.372854	0.485251	0.790892
24123	6.886365	5.088862	10.226281	-0.298309	2.745309	-2.497858	-0.645177	-0.501095	0.576759	0.675197	-0.727232	0.123464	0.357570	0.469082	0.807531
24124	7.926164	4.789655	10.692821	-0.358755	2.797605	-2.831908	-0.673797	-0.493128	0.550293	0.655242	-0.742984	0.136499	0.341548	0.452548	0.823739
24125	7.875321	4.859098	10.676637	-0.432483	2.845971	-3.056289	-0.703136	-0.482698	0.522114	0.632565	-0.759987	0.149268	0.324749	0.435227	0.839712
24126	7.048085	5.025534	9.892721	-0.584715	2.768304	-3.155228	-0.731478	-0.470203	0.493811	0.608054	-0.777535	0.160342	0.308561	0.417550	0.854659
24127	5.939007	5.224712	8.556279	-0.864081	2.439528	-3.092509	-0.757416	-0.455714	0.467597	0.582212	-0.795546	0.167741	0.295553	0.399290	0.867880
24128	6.236807	3.614687	8.019019	-1.175683	1.781129	-2.915568	-0.779218	-0.439177	0.447150	0.556350	-0.813203	0.170810	0.288607	0.381870	0.877998
24129	15.636958	-4.638330	11.670165	0.019213	1.189529	-3.509760	-0.801769	-0.414748	0.430291	0.528459	-0.828254	0.186352	0.279101	0.376802	0.883245
24130	18.775741	-2.036703	12.363166	-0.089038	0.618522	-3.224776	-0.820098	-0.390103	0.418639	0.502034	-0.841583	0.199249	0.274592	0.373575	0.886025
24131	11.981197	14.006131	-6.202269	-1.433440	-0.232388	-2.265340	-0.830675	-0.369889	0.416127	0.479143	-0.855585	0.195952	0.283551	0.362156	0.887942
24132	50.859880	-12.771534	3.559380	-0.453272	-1.838811	-1.682350	-0.833230	-0.348705	0.429107	0.463795	-0.863293	0.199048	0.301036	0.364870	0.881049
24133	28.718643	-12.835210	-8.513523	-1.052931	0.657890	-0.546456	-0.837756	-0.346231	0.422242	0.455952	-0.869037	0.192045	0.300452	0.353409	0.885906
24134	32.863350	-8.024795	-1.278003	0.279246	0.340752	0.164581	-0.838018	-0.348827	0.419578	0.458138	-0.867492	0.193823	0.296370	0.354652	0.886785
24135	0.935621	-0.165387	9.994898	0.738171	0.741924	-0.027626	-0.840299	-0.351182	0.413001	0.460027	-0.864977	0.200473	0.286834	0.358449	0.888392
24136	-0.434749	5.035561	14.899851	0.009004	0.333310	-0.076421	-0.841599	-0.351674	0.409923	0.459384	-0.865229	0.200863	0.284039	0.357358	0.889729
24137	2.079397	0.460723	10.236181	-0.026847	-0.237373	-0.053507	-0.841172	-0.350304	0.411967	0.458810	-0.865541	0.200829	0.286223	0.357946	0.888792
24138	5.967490	5.092258	8.095782	-0.004123	-0.220598	0.010377	-0.840488	-0.349564	0.413986	0.458859	-0.865535	0.200744	0.288146	0.358684	0.887872
24139	5.143689	2.774259	8.452169	-0.090668	-0.064916	0.020789	-0.840207	-0.349467	0.414639	0.458738	-0.865806	0.199848	0.289157	0.358125	0.887770
24140	4.754266	1.606239	8.984470	-0.077640	-0.027843	0.017312	-0.840044	-0.349477	0.414959	0.458633	-0.866038	0.199082	0.289796	0.357552	0.887792
24141	4.399930	2.200657	8.904988	-0.097661	-0.000621	0.007542	-0.840004	-0.349503	0.415020	0.458387	-0.866377	0.198173	0.290302	0.356706	0.887967
24142	4.255670	2.854758	8.888577	-0.098246	0.028219	0.010448	-0.840035	-0.349655	0.414828	0.458163	-0.866705	0.197252	0.290564	0.355758	0.888262
24143	4.535214	2.102797	8.833570	-0.091447	0.067326	0.013729	-0.840167	-0.349965	0.414300	0.457980	-0.867000	0.196379	0.290473	0.354732	0.888702
24144	4.497708	1.436815	9.146585	-0.099889	0.074037	0.005618	-0.840353	-0.350236	0.413692	0.457711	-0.867349	0.195463	0.290357	0.353609	0.889187
24145	4.440630	1.630853	9.148777	-0.112096	0.051778	-0.009600	-0.840542	-0.350296	0.413257	0.457278	-0.867795	0.194495	0.290492	0.352454	0.889601
24146	4.356716	1.971757	9.065134	-0.112694	0.044415	-0.004623	-0.840690	-0.350373	0.412891	0.456885	-0.868223	0.193506	0.290682	0.351323	0.889987
24147	4.375275	1.933119	9.116316	-0.103394	0.043490	-0.003422	-0.840829	-0.350451	0.412541	0.456525	-0.868615	0.192594	0.290845	0.350274	0.890347
24148	4.323655	1.988207	9.106501	-0.094564	0.038982	-0.003963	-0.840958	-0.350514	0.412225	0.456191	-0.868975	0.191763	0.290998	0.349318	0.890672
24149	4.273551	2.094131	9.063338	-0.080984	0.036576	-0.002079	-0.841071	-0.350579	0.411939	0.455907	-0.869282	0.191045	0.291115	0.348488	0.890959
24150	4.318051	2.023598	9.079857	-0.064350	0.035541	0.000881	-0.841168	-0.350671	0.411663	0.455701	-0.869518	0.190463	0.291158	0.347806	0.891211
24151	4.276866	1.979383	9.076700	-0.053288	0.037243	0.000095	-0.841271	-0.350756	0.411379	0.455515	-0.869722	0.189974	0.291151	0.347209	0.891447
24152	4.279163	1.961936	9.131740	-0.044440	0.024246	-0.002487	-0.841351	-0.350780	0.411197	0.455338	-0.869900	0.189583	0.291198	0.346739	0.891614
24153	4.232913	1.988179	9.122387	-0.032137	0.014315	0.001135	-0.841381	-0.350807	0.411112	0.455235	-0.870018	0.189286	0.291273	0.346414	0.891716
24154	4.298518	1.955344	9.098121	-0.023839	0.004355	0.002246	-0.841380	-0.350802	0.411117	0.455158	-0.870108	0.189059	0.291394	0.346194	0.891762
24155	4.302654	1.968949	9.068288	-0.019154	0.004845	0.001183	-0.841384	-0.350789	0.411121	0.455086	-0.870186	0.188874	0.291497	0.346011	0.891799
24156	4.344502	2.021793	9.044465	-0.015359	0.008278	0.002166	-0.841395	-0.350798	0.411090	0.455033	-0.870246	0.188723	0.291546	0.345850	0.891846
24157	4.324913	1.986476	9.083836	-0.015842	0.013197	0.002480	-0.841418	-0.350819	0.411026	0.454976	-0.870312	0.188559	0.291570	0.345664	0.891910
24158	4.350914	1.866275	9.086378	-0.011091	0.015577	-0.001956	-0.841469	-0.350817	0.410922	0.454901	-0.870372	0.188463	0.291539	0.345515	0.891978
24159	4.332263	1.881312	9.092875	-0.013597	0.010893	0.000146	-0.841495	-0.350816	0.410871	0.454837	-0.870433	0.188334	0.291566	0.345361	0.892029
24160	4.334565	1.846122	9.095975	-0.006942	0.010597	-0.001400	-0.841529	-0.350801	0.410813	0.454778	-0.870477	0.188272	0.291557	0.345265	0.892069
24161	4.355612	1.845123	9.060400	-0.006328	0.009170	-0.001601	-0.841556	-0.350786	0.410771	0.454728	-0.870515	0.188218	0.291558	0.345185	0.892099
24162	4.351522	1.879102	9.058407	-0.002387	0.007596	-0.002574	-0.841587	-0.350751	0.410737	0.454673	-0.870547	0.188202	0.291554	0.345140	0.892118
24163	4.357008	1.915803	9.078690	-0.001305	0.009750	-0.001015	-0.841614	-0.350737	0.410693	0.454638	-0.870568	0.188192	0.291530	0.345102	0.892141
24164	4.332322	1.895143	9.064957	-0.000286	0.010301	-0.002946	-0.841655	-0.350708	0.410635	0.454586	-0.870594	0.188196	0.291494	0.345065	0.892167
24165	4.278923	1.943487	9.082533	-0.000838	0.013330	0.000743	-0.841683	-0.350728	0.410560	0.454572	-0.870604	0.188183	0.291435	0.345019	0.892204
24166	4.260411	1.959551	9.088733	-0.001981	0.009573	-0.004305	-0.841727	-0.350685	0.410506	0.454504	-0.870641	0.188178	0.291412	0.344971	0.892230
24167	4.307323	1.895502	9.102525	-0.000017	0.008499	0.002073	-0.841735	-0.350700	0.410477	0.454504	-0.870643	0.188165	0.291390	0.344949	0.892245
24168	4.309815	1.861088	9.105369	-0.003000	0.009022	-0.002375	-0.841769	-0.350671	0.410431	0.454449	-0.870677	0.188143	0.291377	0.344894	0.892271
24169	4.316386	1.947762	9.092858	0.001469	0.012631	0.001901	-0.841790	-0.350696	0.410367	0.454450	-0.870675	0.188147	0.291314	0.344871	0.892300
24170	4.324886	1.950421	9.115654	0.003440	0.011844	0.001415	-0.841816	-0.350711	0.410303	0.454446	-0.870673	0.188167	0.291248	0.344862	0.892326
24171	4.290594	1.927356	9.079578	0.000726	0.010565	0.001986	-0.841830	-0.350728	0.410258	0.454444	-0.870676	0.188159	0.291209	0.344837	0.892348
24172	4.275692	1.909146	9.088055	0.000933	0.007161	0.003517	-0.841832	-0.350745	0.410240	0.454450	-0.870675	0.188148	0.291194	0.344822	0.892358
24173	4.317542	1.963626	9.064008	0.002628	0.007888	0.004876	-0.841826	-0.350773	0.410227	0.454473	-0.870664	0.188144	0.291175	0.344822	0.892365
24174	4.320198	1.929223	9.066776	-0.001038	0.007948	0.004001	-0.841829	-0.350796	0.410203	0.454477	-0.870669	0.188113	0.291161	0.344787	0.892383
24175	4.305294	1.911015	9.075252	0.002697	0.009777	0.001500	-0.841843	-0.350806	0.410165	0.454478	-0.870664	0.188131	0.291118	0.344788	0.892396
24176	4.290408	1.893271	9.083620	0.009620	0.007680	0.004980	-0.841840	-0.350837	0.410145	0.454522	-0.870628	0.188192	0.291059	0.344847	0.892393
24177	4.338754	1.879525	9.064442	0.001677	0.009226	0.003429	-0.841843	-0.350865	0.410115	0.454537	-0.870621	0.188190	0.291025	0.344839	0.892407
24178	4.336638	1.829660	9.097690	0.003034	0.009865	0.003144	-0.841855	-0.350887	0.410072	0.454547	-0.870614	0.188199	0.290978	0.344833	0.892425
24179	4.370718	1.797630	9.086712	0.002975	0.008262	-0.000345	-0.841873	-0.350873	0.410047	0.454528	-0.870620	0.188215	0.290956	0.344831	0.892433
24180	4.335208	1.830055	9.098293	0.000874	0.005557	0.000027	-0.841886	-0.350854	0.410036	0.454504	-0.870632	0.188218	0.290954	0.344821	0.892437
24181	4.323226	1.911752	9.040860	-0.000147	0.005007	0.001956	-0.841883	-0.350855	0.410042	0.454503	-0.870636	0.188203	0.290965	0.344810	0.892438
24182	4.324285	1.932713	9.091497	-0.004691	0.008293	-0.003740	-0.841921	-0.350812	0.410000	0.454431	-0.870680	0.188171	0.290966	0.344742	0.892464
24183	4.309431	1.914197	9.100005	-0.002060	0.007397	0.005929	-0.841907	-0.350856	0.409991	0.454459	-0.870675	0.188127	0.290963	0.344709	0.892477
24184	4.322691	1.932124	9.092380	-0.001510	0.013151	-0.002553	-0.841954	-0.350840	0.409908	0.454407	-0.870704	0.188119	0.290909	0.344652	0.892517
24185	4.341938	1.881690	9.089886	0.000036	0.018885	0.000762	-0.841996	-0.350880	0.409787	0.454397	-0.870711	0.188110	0.290802	0.344594	0.892574
24186	4.321310	1.876620	9.045971	0.000242	0.015481	0.002293	-0.842028	-0.350914	0.409692	0.454391	-0.870717	0.188098	0.290720	0.344544	0.892620
24187	4.356314	1.865461	9.085729	0.000036	0.018884	0.000760	-0.842070	-0.350953	0.409574	0.454378	-0.870726	0.188085	0.290618	0.344482	0.892678
24188	4.324196	1.913500	9.067446	0.003495	0.022227	0.000104	-0.842131	-0.350991	0.409414	0.454363	-0.870729	0.188110	0.290464	0.344436	0.892745
24189	4.272972	1.927705	9.087811	-0.001733	0.025050	-0.002023	-0.842204	-0.351026	0.409235	0.454324	-0.870751	0.188101	0.290313	0.344345	0.892830
24190	4.249988	1.978267	9.092018	0.004238	0.024291	0.000015	-0.842272	-0.351071	0.409057	0.454310	-0.870751	0.188134	0.290139	0.344298	0.892904
24191	4.286014	1.912156	9.084133	0.004852	0.022864	-0.000184	-0.842330	-0.351114	0.408901	0.454306	-0.870745	0.188174	0.289978	0.344271	0.892967
24192	4.271429	1.915750	9.143332	0.009465	0.021465	0.002140	-0.842379	-0.351167	0.408752	0.454325	-0.870720	0.188245	0.289803	0.344280	0.893020
24193	4.295105	1.881812	9.110383	0.009614	0.016459	0.000186	-0.842418	-0.351188	0.408656	0.454334	-0.870698	0.188324	0.289679	0.344314	0.893048
24194	4.274715	1.877879	9.066112	0.014171	0.013458	-0.000976	-0.842458	-0.351187	0.408573	0.454340	-0.870667	0.188450	0.289550	0.344392	0.893059
24195	4.306450	1.902374	9.103142	0.013686	0.018375	-0.000670	-0.842505	-0.351214	0.408455	0.454360	-0.870630	0.188572	0.289384	0.344458	0.893088
24196	4.312884	1.885144	9.075614	0.017220	0.014823	0.000099	-0.842544	-0.351227	0.408361	0.454385	-0.870586	0.188721	0.289230	0.344559	0.893099
24197	4.275062	1.869051	9.120109	0.017350	0.018314	0.000207	-0.842587	-0.351260	0.408246	0.454422	-0.870532	0.188875	0.289047	0.344659	0.893119
24198	4.289247	1.938466	9.079491	0.010787	0.012001	-0.003701	-0.842635	-0.351230	0.408171	0.454396	-0.870523	0.188981	0.288946	0.344713	0.893131
24199	4.291342	1.905211	9.082323	0.011509	0.013783	0.003075	-0.842651	-0.351269	0.408104	0.454436	-0.870485	0.189062	0.288837	0.344771	0.893144
24200	4.260115	1.954087	9.063321	0.010992	0.008599	-0.002166	-0.842683	-0.351241	0.408062	0.454423	-0.870469	0.189164	0.288763	0.344839	0.893142
24201	4.281409	1.925767	9.110785	0.008459	0.012417	0.001997	-0.842700	-0.351269	0.408003	0.454450	-0.870441	0.189229	0.288672	0.344881	0.893155
24202	4.267529	1.958093	9.086331	0.006487	0.013204	0.002477	-0.842724	-0.351298	0.407929	0.454464	-0.870424	0.189272	0.288581	0.344893	0.893180
24203	4.295121	1.889401	9.055777	0.003105	0.011748	-0.000245	-0.842748	-0.351310	0.407868	0.454463	-0.870417	0.189305	0.288511	0.344898	0.893200
24204	4.295628	1.910748	9.106500	0.000722	0.010561	0.001968	-0.842767	-0.351325	0.407817	0.454456	-0.870423	0.189299	0.288468	0.344870	0.893225
24205	4.288463	1.873977	9.087095	0.002080	0.011199	0.001684	-0.842781	-0.351351	0.407766	0.454467	-0.870414	0.189313	0.288410	0.344866	0.893245
24206	4.301752	1.892227	9.079423	0.001003	0.009045	0.000127	-0.842804	-0.351344	0.407725	0.454445	-0.870425	0.189317	0.288378	0.344845	0.893264
24207	4.286677	1.874132	9.087906	0.000389	0.010471	0.000322	-0.842821	-0.351359	0.407675	0.454444	-0.870423	0.189326	0.288329	0.344833	0.893284
24208	4.265320	1.924558	9.091252	0.000130	0.003490	0.000107	-0.842828	-0.351334	0.407683	0.454419	-0.870437	0.189322	0.288348	0.344825	0.893281
24209	4.264941	1.924701	9.091400	0.002845	0.004767	-0.000461	-0.842833	-0.351311	0.407692	0.454404	-0.870441	0.189337	0.288356	0.344837	0.893274
24210	4.304252	1.908267	9.049953	0.002435	0.002792	0.001273	-0.842832	-0.351293	0.407709	0.454396	-0.870443	0.189349	0.288370	0.344851	0.893264
24211	4.291243	1.911468	9.108417	0.001821	0.004218	0.001468	-0.842827	-0.351291	0.407723	0.454401	-0.870439	0.189355	0.288379	0.344863	0.893256
24212	4.273532	1.927984	9.114014	0.008070	0.001944	0.001674	-0.842822	-0.351274	0.407748	0.454413	-0.870420	0.189415	0.288375	0.344929	0.893232
24213	4.300211	1.915291	9.130743	0.014167	0.004676	0.003828	-0.842806	-0.351294	0.407762	0.454475	-0.870364	0.189522	0.288323	0.345048	0.893203
24214	4.266723	1.893675	9.093932	0.021800	0.003319	-0.003114	-0.842827	-0.351240	0.407765	0.454485	-0.870315	0.189725	0.288245	0.345228	0.893159
24215	4.304202	1.934343	9.099923	0.016831	0.004346	-0.000227	-0.842830	-0.351217	0.407779	0.454513	-0.870269	0.189868	0.288192	0.345368	0.893122
24216	4.284664	1.930721	9.055175	0.016679	0.009352	0.001718	-0.842847	-0.351226	0.407738	0.454550	-0.870220	0.190005	0.288086	0.345482	0.893111
24217	4.310669	1.918469	9.072146	0.013760	0.011476	0.000747	-0.842865	-0.351241	0.407687	0.454583	-0.870176	0.190124	0.287980	0.345576	0.893110
24218	4.278032	1.917402	9.086035	0.007382	0.010260	0.000433	-0.842890	-0.351241	0.407635	0.454582	-0.870164	0.190183	0.287909	0.345607	0.893120
24219	4.267674	1.915617	9.063934	0.011377	0.010290	0.002959	-0.842895	-0.351265	0.407604	0.454618	-0.870129	0.190257	0.287837	0.345671	0.893119
24220	4.289138	1.887523	9.111325	0.014910	0.006739	0.003736	-0.842894	-0.351282	0.407590	0.454667	-0.870079	0.190370	0.287762	0.345780	0.893101
24221	4.282420	1.851826	9.091533	0.013219	0.006011	0.002374	-0.842889	-0.351303	0.407583	0.454725	-0.870022	0.190492	0.287686	0.345902	0.893078
24222	4.292623	1.905021	9.081068	0.007765	0.011956	0.005559	-0.842895	-0.351354	0.407526	0.454768	-0.869990	0.190534	0.287599	0.345930	0.893095
24223	4.291766	1.905544	9.081363	0.006638	0.008195	0.000521	-0.842905	-0.351355	0.407504	0.454779	-0.869972	0.190590	0.287552	0.345974	0.893093
24224	4.221163	1.970247	9.103771	-0.001662	0.009376	0.004170	-0.842911	-0.351385	0.407468	0.454784	-0.869978	0.190554	0.287530	0.345929	0.893118
24225	4.230069	1.972157	9.126530	-0.009860	0.003943	0.002392	-0.842900	-0.351387	0.407488	0.454762	-0.870010	0.190455	0.287596	0.345845	0.893129
24226	4.282375	1.922898	9.110184	-0.005714	-0.001034	0.002976	-0.842880	-0.351371	0.407542	0.454745	-0.870034	0.190387	0.287679	0.345802	0.893119
24227	4.227263	1.899426	9.109574	-0.008430	-0.002309	0.003545	-0.842847	-0.351359	0.407623	0.454734	-0.870061	0.190292	0.287796	0.345747	0.893103
24228	4.297203	1.939559	9.102120	-0.003872	-0.005312	0.002393	-0.842818	-0.351323	0.407714	0.454717	-0.870080	0.190243	0.287908	0.345735	0.893071
24229	4.294355	1.973654	9.099409	0.001560	-0.002762	0.001256	-0.842792	-0.351300	0.407786	0.454730	-0.870069	0.190265	0.287962	0.345787	0.893034
24230	4.315385	1.923398	9.096258	0.003864	-0.003460	0.002423	-0.842768	-0.351270	0.407861	0.454735	-0.870062	0.190285	0.288023	0.345835	0.892995
24231	4.298011	1.939871	9.101672	0.004074	0.001913	-0.000853	-0.842766	-0.351234	0.407897	0.454722	-0.870062	0.190314	0.288051	0.345870	0.892973
24232	4.274266	1.919858	9.087289	0.010323	-0.000363	-0.000644	-0.842765	-0.351189	0.407938	0.454721	-0.870043	0.190405	0.288056	0.345964	0.892935
24233	4.271136	1.954905	9.084502	0.008603	-0.001367	0.004859	-0.842727	-0.351196	0.408011	0.454775	-0.870003	0.190459	0.288082	0.346058	0.892890
24234	4.279264	1.936953	9.056397	0.010323	-0.000364	-0.000644	-0.842726	-0.351150	0.408052	0.454773	-0.869984	0.190549	0.288087	0.346152	0.892852
24235	4.296870	1.921664	9.050626	0.008220	-0.003065	-0.000270	-0.842705	-0.351103	0.408135	0.454776	-0.869970	0.190607	0.288143	0.346236	0.892802
24236	4.289115	1.941026	9.078251	0.006581	-0.002185	0.001854	-0.842688	-0.351073	0.408198	0.454785	-0.869955	0.190653	0.288180	0.346303	0.892763
24237	4.248156	1.936809	9.069354	0.002304	-0.000698	0.001166	-0.842669	-0.351043	0.408263	0.454783	-0.869954	0.190663	0.288239	0.346337	0.892731
24238	4.286504	1.975637	9.075301	-0.000340	-0.008862	0.003173	-0.842626	-0.351001	0.408387	0.454783	-0.869959	0.190642	0.288365	0.346368	0.892679
24239	4.285610	1.925684	9.108074	0.000534	-0.003309	0.003186	-0.842590	-0.350973	0.408485	0.454785	-0.869963	0.190616	0.288466	0.346384	0.892640
24240	4.273355	1.956945	9.083019	-0.007202	-0.005160	0.003159	-0.842558	-0.350944	0.408577	0.454765	-0.869992	0.190534	0.288592	0.346342	0.892615
24241	4.259900	1.938066	9.090924	-0.004364	-0.009167	0.007510	-0.842484	-0.350960	0.408715	0.454819	-0.869976	0.190477	0.288722	0.346366	0.892564
24242	4.260962	1.937334	9.090582	-0.005441	-0.011322	0.005956	-0.842421	-0.350934	0.408867	0.454828	-0.869988	0.190400	0.288891	0.346361	0.892511
24243	4.244792	1.952951	9.095623	-0.000551	-0.014236	0.006447	-0.842338	-0.350918	0.409051	0.454880	-0.869964	0.190384	0.289051	0.346437	0.892430
24244	4.255754	1.955210	9.117349	0.000396	-0.015572	0.007897	-0.842254	-0.350894	0.409244	0.454922	-0.869950	0.190350	0.289229	0.346498	0.892348
24245	4.224171	2.037229	9.094568	0.004541	-0.020551	0.008477	-0.842143	-0.350862	0.409501	0.454989	-0.869917	0.190341	0.289449	0.346613	0.892232
24246	4.222936	2.043161	9.174303	0.009947	-0.018279	0.014199	-0.842022	-0.350884	0.409731	0.455112	-0.869847	0.190367	0.289606	0.346767	0.892122
24247	4.265011	2.026841	9.131528	0.015573	-0.027905	0.019411	-0.841841	-0.350919	0.410073	0.455303	-0.869736	0.190418	0.289834	0.347010	0.891953
24248	4.266366	1.978149	9.162993	0.028998	-0.025303	0.023312	-0.841658	-0.350996	0.410382	0.455558	-0.869568	0.190577	0.289964	0.347353	0.891777
24249	4.286773	1.964427	9.155540	0.048872	-0.028384	0.028949	-0.841431	-0.351109	0.410752	0.455921	-0.869311	0.190878	0.290052	0.347881	0.891543
24250	4.274286	2.034811	9.125417	0.078043	-0.032390	0.035847	-0.841170	-0.351269	0.411148	0.456424	-0.868928	0.191422	0.290017	0.348676	0.891244
24251	4.228588	2.162313	9.155677	0.129669	-0.024441	0.044898	-0.840880	-0.351544	0.411505	0.457166	-0.868324	0.192386	0.289688	0.349900	0.890871
24252	4.185980	2.155256	9.173032	0.198728	-0.022406	0.058246	-0.840546	-0.351932	0.411856	0.458205	-0.867436	0.193912	0.289016	0.351707	0.890378
24253	3.999632	2.431233	9.323668	0.315347	-0.038260	0.123356	-0.839856	-0.352836	0.412491	0.460141	-0.865894	0.196206	0.287945	0.354589	0.889581
24254	3.856153	2.327833	9.340265	0.450375	-0.035203	0.179416	-0.838924	-0.354223	0.413198	0.462915	-0.863669	0.199465	0.286211	0.358612	0.888527
24255	1.853656	1.701088	11.186205	0.651714	-0.239702	0.209135	-0.837254	-0.355123	0.415805	0.466511	-0.860583	0.204362	0.285261	0.365081	0.886195
24256	3.344184	1.773326	10.458806	0.620218	-0.548246	0.164487	-0.834912	-0.354476	0.421032	0.469636	-0.857728	0.209155	0.286991	0.372358	0.882602
24257	3.144970	2.000909	10.844713	0.799909	-0.775980	0.198499	-0.831731	-0.353218	0.428322	0.473584	-0.854014	0.215356	0.289725	0.381965	0.877589
24258	2.845652	1.620237	11.376306	0.752568	-1.071510	0.183210	-0.827725	-0.350592	0.438129	0.477280	-0.850471	0.221140	0.295087	0.392153	0.871286
24259	2.509960	1.752916	11.845874	0.716646	-1.444188	0.187947	-0.822498	-0.346391	0.451121	0.480935	-0.846995	0.226497	0.303641	0.403253	0.863243
24260	2.545999	1.594493	11.799389	0.745102	-1.862954	0.218911	-0.815672	-0.340569	0.467646	0.485009	-0.843206	0.231882	0.315350	0.415952	0.852959
24261	2.644456	1.918760	11.935170	0.797167	-2.300257	0.309273	-0.806747	-0.333381	0.487869	0.490042	-0.838823	0.237137	0.330179	0.430386	0.840089
24262	2.186833	2.374561	12.149304	0.698838	-2.749030	0.472829	-0.795077	-0.325257	0.511918	0.496176	-0.834222	0.240589	0.348799	0.445289	0.824656
24263	2.325387	2.508560	11.558829	0.614088	-3.273103	0.657355	-0.780008	-0.315820	0.540227	0.503484	-0.829397	0.242086	0.371607	0.460824	0.805946
24264	4.593220	2.269897	11.082113	0.573820	-3.661576	0.771789	-0.762011	-0.304988	0.571245	0.511615	-0.824325	0.242359	0.396975	0.476938	0.784182
24265	8.420728	1.610262	11.179321	0.850293	-3.456588	0.614614	-0.744753	-0.293169	0.599495	0.519616	-0.818435	0.245283	0.418739	0.494182	0.761867
24266	8.591559	1.939035	10.478293	1.028387	-3.156004	0.499752	-0.728629	-0.281324	0.624465	0.527671	-0.811843	0.249950	0.436651	0.511633	0.739979
24267	8.947190	1.230401	9.419900	1.345931	-2.640029	0.441216	-0.714569	-0.271021	0.644934	0.536681	-0.803734	0.256874	0.448737	0.529678	0.719775
24268	7.309332	2.281855	8.483630	1.783436	-2.421630	0.415709	-0.701347	-0.261215	0.663234	0.547670	-0.793012	0.266814	0.456257	0.550362	0.699236
24269	8.907381	2.045546	7.651313	2.015533	-2.084465	0.431892	-0.689381	-0.252836	0.678843	0.559802	-0.780701	0.277718	0.459756	0.571471	0.679739
24270	5.868149	2.169891	7.037915	2.271972	-1.569347	0.402955	-0.679891	-0.246768	0.690546	0.572958	-0.766482	0.290213	0.457676	0.592968	0.662512
24271	2.245484	2.837128	8.426489	2.211055	-1.003046	0.399034	-0.672971	-0.243681	0.698376	0.585629	-0.752286	0.301834	0.451827	0.612115	0.648974
24272	-1.281512	3.675693	10.798242	1.717223	-0.328769	0.674414	-0.667501	-0.246629	0.702579	0.597816	-0.740021	0.308196	0.443913	0.625734	0.641404
24273	-2.065935	0.680563	12.836674	1.084547	0.370557	1.204680	-0.661844	-0.257733	0.703943	0.610477	-0.730288	0.306589	0.435063	0.632655	0.640677
24274	0.914469	0.106448	14.838175	0.643885	1.336811	1.486968	-0.658398	-0.276948	0.699865	0.623029	-0.722254	0.300307	0.422311	0.633758	0.648077
24275	-2.468567	-0.232123	12.865069	0.511946	2.331131	1.566352	-0.658188	-0.302842	0.689257	0.635299	-0.714666	0.292656	0.403960	0.630507	0.662780
24276	-4.055792	-0.098333	11.279615	0.430346	2.994232	1.543279	-0.660049	-0.332549	0.673607	0.647139	-0.707082	0.285037	0.381507	0.624056	0.681914
24277	-4.099876	0.589905	10.019967	0.428229	3.374352	1.466126	-0.663035	-0.363636	0.654334	0.658183	-0.699592	0.278148	0.356622	0.615094	0.703193
24278	-3.625250	1.577943	9.102687	0.374602	3.622295	1.352018	-0.666505	-0.395079	0.632205	0.668435	-0.692200	0.272130	0.330099	0.603964	0.725440
24279	-3.182564	2.348441	8.371072	0.291206	3.748274	1.194367	-0.670526	-0.425557	0.607697	0.677069	-0.685863	0.266775	0.303269	0.590332	0.748021
24280	-3.377419	3.026171	7.271004	0.219044	3.695212	0.985064	-0.674545	-0.453785	0.582296	0.684307	-0.680277	0.262576	0.276969	0.575589	0.769406
24281	-3.880981	3.810873	6.199317	0.154856	3.362712	0.698361	-0.678902	-0.477458	0.557787	0.689139	-0.676490	0.259709	0.253337	0.560709	0.788305
24282	-2.880924	5.640744	6.150588	0.051545	2.770100	0.363082	-0.683154	-0.495218	0.536713	0.691715	-0.674462	0.258131	0.234161	0.547595	0.803311
24283	0.778880	6.733617	7.465653	-0.031702	2.139701	-0.065572	-0.688681	-0.506158	0.519156	0.690880	-0.675353	0.258036	0.220007	0.536379	0.814798
24284	7.213967	8.267655	9.931943	-0.033454	1.811769	-0.641945	-0.696984	-0.511400	0.502676	0.686338	-0.678821	0.261039	0.207732	0.526945	0.824121
24285	12.118167	9.770349	10.983091	-0.069968	2.052369	-1.383589	-0.710770	-0.512458	0.481864	0.676159	-0.686611	0.267160	0.193945	0.515706	0.834525
24286	13.082448	11.181396	9.783851	-0.234119	2.450669	-2.150444	-0.729706	-0.509983	0.455463	0.660211	-0.698820	0.275267	0.177906	0.501566	0.846629
24287	12.471364	12.038365	7.618133	-0.583826	2.598668	-2.794777	-0.752497	-0.502761	0.425417	0.638196	-0.716174	0.282489	0.162648	0.484072	0.859779
24288	11.538797	10.735913	4.984723	-1.096941	2.380534	-3.245199	-0.776527	-0.490416	0.395598	0.611636	-0.737518	0.286303	0.151353	0.464284	0.872659
24289	13.939233	8.548427	5.347049	-1.388996	1.716560	-3.337116	-0.799210	-0.472953	0.370915	0.582982	-0.760151	0.286882	0.146270	0.445516	0.883244
24290	12.216184	-6.339134	-10.873117	-3.745268	-0.484738	-1.324580	-0.806060	-0.460597	0.371641	0.566368	-0.782546	0.258551	0.171738	0.418893	0.891647
24291	33.899372	4.574716	-8.315907	-1.133197	-1.844682	-0.289116	-0.804461	-0.450385	0.387292	0.561755	-0.788753	0.249599	0.193063	0.418356	0.887528
24292	51.227770	-22.463218	-10.407798	-1.247841	-2.769924	0.942544	-0.793396	-0.446158	0.414085	0.566668	-0.789786	0.234789	0.222286	0.420929	0.879436
24293	36.012369	10.482014	20.842926	-0.875716	0.659756	0.271382	-0.793326	-0.450973	0.408971	0.566841	-0.792231	0.225967	0.222095	0.411087	0.884128
24294	-14.712320	-8.757937	8.699543	-1.213698	2.553501	-0.027388	-0.798986	-0.460940	0.386207	0.563981	-0.797238	0.215259	0.208677	0.389802	0.896944
24295	6.418360	-1.975366	20.173237	0.146793	-1.423570	0.045091	-0.795669	-0.455673	0.399091	0.564660	-0.796449	0.216397	0.219249	0.397531	0.891010
24296	1.520608	5.867485	5.543620	-1.044339	0.354525	0.055329	-0.796145	-0.457465	0.396080	0.562767	-0.800317	0.206845	0.222366	0.387579	0.894615
24297	7.985738	4.574697	11.267234	0.069589	-0.405292	0.034288	-0.795034	-0.456132	0.399830	0.563188	-0.799898	0.207324	0.225256	0.390009	0.892834
24298	3.225159	1.584018	8.034580	-0.246581	-0.173396	0.055577	-0.794333	-0.455861	0.401530	0.563044	-0.800626	0.204892	0.228073	0.388831	0.892633
24299	4.514364	1.823828	9.210068	-0.260926	-0.088814	0.039172	-0.793893	-0.455804	0.402463	0.562757	-0.801460	0.202404	0.230302	0.387176	0.892780
24300	4.940719	1.656570	9.114644	-0.159775	-0.123405	0.036806	-0.793405	-0.455581	0.403677	0.562652	-0.801931	0.200821	0.232231	0.386462	0.892589
24301	4.157601	2.950225	8.622657	-0.185595	-0.069893	0.027882	-0.793069	-0.455509	0.404417	0.562441	-0.802520	0.199050	0.233884	0.385322	0.892651
24302	4.176196	2.454782	8.947802	-0.181869	-0.030175	0.030791	-0.792829	-0.455599	0.404786	0.562232	-0.803100	0.197294	0.235197	0.384004	0.892874
24303	4.504491	1.590988	9.193236	-0.174580	-0.027413	0.030847	-0.792572	-0.455719	0.405154	0.562069	-0.803625	0.195613	0.236447	0.382762	0.893077
24304	4.458963	1.953401	8.901435	-0.167778	-0.016455	0.027793	-0.792381	-0.455839	0.405393	0.561865	-0.804160	0.193994	0.237571	0.381493	0.893321
24305	4.278437	2.128227	9.112868	-0.143377	-0.000366	0.022690	-0.792234	-0.455997	0.405503	0.561708	-0.804600	0.192622	0.238433	0.380376	0.893568
24306	4.266114	1.974911	9.111660	-0.136086	0.002411	0.022784	-0.792115	-0.456149	0.405564	0.561536	-0.805034	0.191306	0.239229	0.379275	0.893823
24307	4.389442	1.702346	9.149185	-0.121346	0.008157	0.016322	-0.792024	-0.456288	0.405585	0.561379	-0.805415	0.190156	0.239898	0.378295	0.894059
24308	4.310606	1.591200	9.301017	-0.106679	-0.007791	0.009536	-0.791955	-0.456295	0.405711	0.561172	-0.805795	0.189156	0.240609	0.377477	0.894214
24309	4.264874	1.681347	9.256146	-0.095982	-0.026909	0.001883	-0.791861	-0.456185	0.406018	0.560958	-0.806147	0.188291	0.241415	0.376859	0.894257
24310	4.293588	1.849625	9.145526	-0.079318	-0.033907	0.004823	-0.791756	-0.456056	0.406369	0.560778	-0.806444	0.187554	0.242179	0.376380	0.894253
24311	4.223851	1.844691	9.148201	-0.076108	-0.039308	0.002352	-0.791629	-0.455903	0.406788	0.560614	-0.806718	0.186864	0.242971	0.375978	0.894207
24312	4.301346	1.869882	9.140758	-0.069968	-0.035233	-0.000578	-0.791550	-0.455725	0.407140	0.560413	-0.807004	0.186233	0.243693	0.375579	0.894178
24313	4.300570	1.954380	9.157925	-0.035460	-0.047123	0.006757	-0.791379	-0.455579	0.407637	0.560382	-0.807104	0.185889	0.244318	0.375541	0.894023
24314	4.300719	1.939822	9.053419	0.008627	-0.050290	0.012186	-0.791191	-0.455448	0.408148	0.560473	-0.807037	0.185909	0.244718	0.375845	0.893786
24315	4.314228	1.942785	9.073755	0.009850	-0.041449	0.010419	-0.791012	-0.455352	0.408600	0.560582	-0.806950	0.185955	0.245045	0.376147	0.893570
24316	4.314903	1.919064	9.022996	-0.003065	-0.029729	0.010099	-0.790886	-0.455281	0.408923	0.560628	-0.806936	0.185879	0.245348	0.376263	0.893438
24317	4.350252	1.870353	9.067240	-0.016845	-0.020012	0.009932	-0.790762	-0.455262	0.409184	0.560668	-0.806952	0.185688	0.245655	0.376251	0.893358
24318	4.332840	1.749413	9.088419	-0.029535	-0.018046	0.001040	-0.790715	-0.455162	0.409386	0.560577	-0.807079	0.185412	0.246014	0.376100	0.893323
24319	4.287683	1.800975	9.101033	-0.043795	-0.011981	0.007581	-0.790624	-0.455155	0.409570	0.560532	-0.807206	0.184991	0.246408	0.375835	0.893326
24320	4.271431	1.825525	9.052110	-0.052319	-0.011763	-0.000582	-0.790602	-0.455065	0.409712	0.560372	-0.807426	0.184518	0.246844	0.375472	0.893358
24321	4.322093	1.788502	9.089108	-0.066501	-0.015645	0.004072	-0.790521	-0.455015	0.409923	0.560242	-0.807655	0.183908	0.247396	0.375039	0.893387
24322	4.261713	1.855888	9.106455	-0.060647	-0.020146	0.007708	-0.790432	-0.454962	0.410156	0.560126	-0.807868	0.183327	0.247945	0.374646	0.893400
24323	4.288654	1.913776	9.062772	-0.054575	-0.026195	0.009596	-0.790294	-0.454917	0.410471	0.560070	-0.808026	0.182801	0.248512	0.374358	0.893363
24324	4.268646	1.834550	9.159705	-0.042605	-0.029986	0.011922	-0.790155	-0.454861	0.410799	0.560031	-0.808151	0.182364	0.249038	0.374156	0.893302
24325	4.284657	1.788586	9.105457	-0.037400	-0.038040	0.013953	-0.789963	-0.454808	0.411228	0.560051	-0.808226	0.181973	0.249602	0.374060	0.893184
24326	4.288608	1.784958	9.104309	-0.028536	-0.043004	0.015255	-0.789773	-0.454730	0.411678	0.560074	-0.808283	0.181648	0.250152	0.374031	0.893043
24327	4.293879	1.816184	9.098659	-0.024154	-0.046304	0.014226	-0.789558	-0.454648	0.412181	0.560128	-0.808307	0.181374	0.250707	0.374080	0.892866
24328	4.301371	1.915906	9.084484	-0.026869	-0.049143	0.019751	-0.789327	-0.454583	0.412694	0.560190	-0.808338	0.181046	0.251296	0.374091	0.892696
24329	4.329732	1.874490	8.918268	-0.026489	-0.038918	0.016556	-0.789118	-0.454547	0.413134	0.560256	-0.808360	0.180741	0.251806	0.374087	0.892554
24330	4.369107	1.847178	9.011280	-0.022920	-0.029270	0.019332	-0.788938	-0.454554	0.413469	0.560324	-0.808378	0.180449	0.252216	0.374040	0.892458
24331	4.356275	1.783346	9.076746	-0.020614	-0.019960	0.015704	-0.788780	-0.454583	0.413739	0.560400	-0.808381	0.180201	0.252543	0.373999	0.892383
24332	4.364262	1.760057	9.049571	-0.018542	-0.012485	0.015424	-0.788665	-0.454620	0.413917	0.560448	-0.808400	0.179965	0.252795	0.373911	0.892348
24333	4.354378	1.833688	9.098725	-0.016638	-0.016786	0.016577	-0.788511	-0.454667	0.414160	0.560539	-0.808386	0.179748	0.253076	0.373886	0.892279
24334	4.419000	1.791899	9.076786	-0.026472	-0.015454	0.012073	-0.788407	-0.454667	0.414359	0.560540	-0.808450	0.179454	0.253396	0.373748	0.892246
24335	4.436728	1.805140	9.068169	-0.023738	-0.009233	0.004949	-0.788335	-0.454649	0.414514	0.560523	-0.808513	0.179223	0.253656	0.373632	0.892220
24336	4.396943	1.837170	9.054715	-0.021326	0.001709	0.004681	-0.788316	-0.454653	0.414546	0.560479	-0.808591	0.179006	0.253813	0.373458	0.892249
24337	4.412014	1.816927	9.050908	-0.018276	0.008016	-0.000838	-0.788321	-0.454653	0.414537	0.560431	-0.808660	0.178848	0.253905	0.373309	0.892285
24338	4.368816	1.781032	9.046299	-0.018994	0.014405	-0.000531	-0.788363	-0.454662	0.414446	0.560352	-0.808753	0.178674	0.253948	0.373096	0.892362
24339	4.346833	1.773287	9.136043	-0.017914	0.014865	-0.002424	-0.788394	-0.454674	0.414374	0.560290	-0.808828	0.178526	0.253986	0.372918	0.892425
24340	4.344594	1.737710	9.141006	-0.013535	0.011566	-0.003455	-0.788446	-0.454650	0.414303	0.560202	-0.808914	0.178412	0.254021	0.372762	0.892481
24341	4.326153	1.766530	9.092522	-0.001564	0.007768	-0.001142	-0.788451	-0.454646	0.414296	0.560194	-0.808922	0.178404	0.254022	0.372749	0.892486
24342	4.335869	1.803362	9.111094	0.003661	0.003092	-0.000721	-0.788466	-0.454612	0.414306	0.560171	-0.808932	0.178433	0.254027	0.372770	0.892475
24343	4.328682	1.790607	9.141900	0.011339	-0.003964	-0.000889	-0.788442	-0.454565	0.414404	0.560194	-0.808892	0.178537	0.254051	0.372912	0.892409
24344	4.320963	1.743841	9.176564	0.011419	-0.005720	0.004056	-0.788407	-0.454536	0.414501	0.560229	-0.808851	0.178615	0.254083	0.373036	0.892348
24345	4.300819	1.751195	9.077799	0.017873	-0.001542	0.002753	-0.788368	-0.454529	0.414583	0.560298	-0.808771	0.178763	0.254050	0.373221	0.892280
24346	4.360360	1.802930	9.074001	0.021000	-0.017078	0.005040	-0.788299	-0.454465	0.414784	0.560365	-0.808689	0.178922	0.254117	0.373475	0.892155
24347	4.330145	1.807889	9.085571	0.040586	-0.017996	0.009098	-0.788184	-0.454446	0.415024	0.560541	-0.808496	0.179245	0.254088	0.373916	0.891979
24348	4.386784	1.804138	9.035621	0.049447	-0.022968	0.010385	-0.788070	-0.454404	0.415287	0.560722	-0.808283	0.179636	0.254042	0.374426	0.891778
24349	4.408101	1.847171	9.074716	0.045430	-0.012822	0.009823	-0.787963	-0.454410	0.415483	0.560916	-0.808068	0.179999	0.253945	0.374883	0.891613
24350	4.362817	1.758657	9.023134	0.034878	-0.005098	0.005625	-0.787921	-0.454397	0.415577	0.561023	-0.807931	0.180280	0.253839	0.375194	0.891513
24351	4.400149	1.771464	9.112245	0.033844	0.001207	0.004325	-0.787878	-0.454415	0.415639	0.561150	-0.807778	0.180569	0.253691	0.375502	0.891426
24352	4.381443	1.768562	9.067026	0.016076	0.004385	0.004935	-0.787864	-0.454431	0.415647	0.561203	-0.807715	0.180684	0.253616	0.375617	0.891398
24353	4.412605	1.766872	9.054339	0.002650	0.012776	-0.003624	-0.787898	-0.454424	0.415591	0.561182	-0.807722	0.180721	0.253557	0.375612	0.891417
24354	4.322609	1.788083	9.062643	0.001381	0.017247	-0.001578	-0.787953	-0.454436	0.415473	0.561147	-0.807743	0.180733	0.253464	0.375551	0.891469
24355	4.338718	1.838562	9.050460	0.005208	0.012026	-0.000863	-0.787968	-0.454451	0.415428	0.561157	-0.807726	0.180783	0.253395	0.375571	0.891480
24356	4.336511	1.804907	9.055129	0.007789	0.014657	0.000302	-0.788006	-0.454468	0.415337	0.561153	-0.807715	0.180844	0.253286	0.375574	0.891510
