// General information: 
//  MT Manager version: 2022.2.0 
//  XDA version: 2022.2.0 build 7381 rev 124627 built on 2023-07-19
// Device information: 
//  DeviceId: 00B4CBA7
//  ProductCode: MTW2-3A7G6
//  Firmware Version: 4.6.0
//  Hardware Version: 2.0.0
// Device settings: 
//  Filter Profile: human(46.1)
//  Option Flags: Orientation Smoother Disabled, Position/Velocity Smoother Disabled, Continuous Zero Rotation Update Disabled, AHS Disabled, ICC Disabled
// Coordinate system: ENU
PacketCounter	Acc_X	Acc_Y	Acc_Z	Gyr_X	Gyr_Y	Gyr_Z	Mat[1][1]	Mat[2][1]	Mat[3][1]	Mat[1][2]	Mat[2][2]	Mat[3][2]	Mat[1][3]	Mat[2][3]	Mat[3][3]
15508	9.625947	0.326328	-1.666886	0.043613	0.019110	0.007922	0.177004	0.063024	0.982190	0.088900	-0.994892	0.047818	0.980187	0.078853	-0.181703
15509	9.615017	0.372318	-1.713946	0.046141	0.019145	0.009649	0.176813	0.062952	0.982229	0.089358	-0.994858	0.047676	0.980180	0.079340	-0.181529
15510	9.597638	0.370300	-1.757679	0.040392	0.020641	0.001890	0.176601	0.062966	0.982267	0.089756	-0.994824	0.047633	0.980182	0.079752	-0.181338
15511	9.654249	0.314412	-1.724765	0.047198	0.015050	0.005138	0.176446	0.062941	0.982296	0.090231	-0.994786	0.047533	0.980166	0.080246	-0.181205
15512	9.594126	0.180138	-1.619055	0.068063	0.015963	0.004512	0.176281	0.062932	0.982326	0.090896	-0.994731	0.047415	0.980134	0.080931	-0.181073
15513	9.539728	0.194304	-1.492107	0.104619	0.010960	0.007686	0.176169	0.062884	0.982349	0.091921	-0.994648	0.047186	0.980059	0.081986	-0.181007
15514	9.554511	0.341070	-1.447824	0.114564	0.001615	0.011543	0.176152	0.062817	0.982357	0.093029	-0.994557	0.046915	0.979957	0.083124	-0.181037
15515	9.699382	0.389082	-1.505637	0.086281	-0.002899	0.009239	0.176176	0.062762	0.982356	0.093859	-0.994489	0.046705	0.979874	0.083974	-0.181096
15516	9.632405	0.306719	-1.714337	0.077399	-0.002545	0.008694	0.176197	0.062727	0.982354	0.094607	-0.994427	0.046529	0.979798	0.084740	-0.181150
15517	9.644390	0.338292	-1.903824	0.094640	-0.005177	0.007735	0.176242	0.062692	0.982348	0.095540	-0.994347	0.046317	0.979699	0.085691	-0.181235
15518	9.621145	0.449635	-2.081093	0.065953	0.003160	0.004095	0.176203	0.062698	0.982355	0.096185	-0.994290	0.046207	0.979643	0.086346	-0.181227
15519	9.651205	0.564347	-2.121356	0.038528	0.006583	0.009143	0.176135	0.062636	0.982371	0.096551	-0.994261	0.046083	0.979620	0.086732	-0.181171
15520	9.663564	0.588023	-2.099576	-0.016659	0.012330	0.006112	0.176008	0.062613	0.982395	0.096383	-0.994276	0.046102	0.979659	0.086572	-0.181035
15521	9.625774	0.370247	-2.104267	-0.022806	0.021755	0.004826	0.175787	0.062583	0.982437	0.096158	-0.994296	0.046132	0.979721	0.086360	-0.180802
15522	9.616678	0.379429	-1.993441	0.012539	0.029363	0.002436	0.175489	0.062582	0.982490	0.096282	-0.994284	0.046135	0.979762	0.086500	-0.180511
15523	9.615827	0.489400	-1.835300	0.015599	0.031410	0.006218	0.175175	0.062530	0.982550	0.096439	-0.994272	0.046083	0.979803	0.086684	-0.180202
15524	9.616176	0.397757	-1.725512	-0.003724	0.028813	0.009888	0.174890	0.062456	0.982605	0.096391	-0.994278	0.046042	0.979858	0.086662	-0.179909
15525	9.578573	0.260844	-1.626143	0.007937	0.032221	0.012033	0.174573	0.062345	0.982668	0.096460	-0.994276	0.045946	0.979908	0.086767	-0.179588
15526	9.562131	0.321316	-1.487339	0.038053	0.025316	0.010999	0.174324	0.062263	0.982718	0.096819	-0.994247	0.045819	0.979917	0.087159	-0.179349
15527	9.597753	0.321748	-1.394355	0.018355	0.017186	0.014868	0.174158	0.062137	0.982755	0.096986	-0.994237	0.045676	0.979930	0.087358	-0.179181
15528	9.609025	0.191368	-1.446805	0.011991	0.009405	0.007441	0.174061	0.062104	0.982775	0.097096	-0.994228	0.045631	0.979936	0.087481	-0.179086
15529	9.644793	0.283019	-1.462103	0.030776	0.005090	0.009560	0.174007	0.062038	0.982788	0.097371	-0.994207	0.045519	0.979918	0.087775	-0.179040
15530	9.610655	0.351636	-1.581144	0.012350	0.001886	0.006462	0.173983	0.062021	0.982794	0.097487	-0.994197	0.045483	0.979911	0.087896	-0.179020
15531	9.622721	0.293674	-1.663157	0.010306	-0.003831	0.003684	0.174011	0.062023	0.982789	0.097590	-0.994188	0.045464	0.979896	0.088000	-0.179052
15532	9.626987	0.389203	-1.693655	0.003540	-0.003629	0.002736	0.174037	0.062048	0.982782	0.097626	-0.994183	0.045480	0.979888	0.088030	-0.179082
15533	9.651087	0.356338	-1.754950	-0.003226	-0.003428	0.001787	0.174059	0.062068	0.982777	0.097590	-0.994186	0.045504	0.979888	0.087989	-0.179104
15534	9.630132	0.330925	-1.798923	0.012144	-0.002269	0.001101	0.174070	0.062108	0.982773	0.097713	-0.994173	0.045521	0.979873	0.088106	-0.179124
15535	9.605359	0.382036	-1.816778	0.023117	0.002662	-0.001064	0.174030	0.062153	0.982777	0.097961	-0.994148	0.045525	0.979856	0.088351	-0.179100
15536	9.569159	0.389616	-1.776593	0.008561	0.001828	0.003865	0.174003	0.062162	0.982781	0.098044	-0.994140	0.045522	0.979852	0.088435	-0.179078
15537	9.619776	0.358055	-1.769205	0.010556	-0.000138	0.003545	0.173994	0.062167	0.982782	0.098174	-0.994128	0.045504	0.979841	0.088567	-0.179075
15538	9.639062	0.329679	-1.775858	0.010805	0.003553	0.003404	0.173950	0.062179	0.982789	0.098280	-0.994118	0.045501	0.979838	0.088674	-0.179038
15539	9.667225	0.301807	-1.759389	0.012319	0.007265	0.004128	0.173869	0.062168	0.982804	0.098408	-0.994107	0.045474	0.979839	0.088809	-0.178962
15540	9.648142	0.329159	-1.751829	0.022761	0.010188	-0.000089	0.173757	0.062209	0.982822	0.098637	-0.994083	0.045484	0.979836	0.089040	-0.178865
15541	9.679653	0.325644	-1.736801	0.025738	0.009928	-0.001736	0.173646	0.062251	0.982839	0.098888	-0.994058	0.045491	0.979831	0.089291	-0.178770
15542	9.648021	0.429240	-1.725529	0.044104	0.023894	-0.003308	0.173397	0.062312	0.982879	0.099331	-0.994014	0.045494	0.979830	0.089742	-0.178548
15543	9.643610	0.433202	-1.668636	0.070456	0.038169	0.002437	0.173012	0.062288	0.982948	0.100016	-0.993950	0.045381	0.979828	0.090459	-0.178195
15544	9.642760	0.187697	-1.631658	0.074513	0.046852	-0.002945	0.172537	0.062324	0.983029	0.100757	-0.993878	0.045327	0.979836	0.091226	-0.177761
15545	9.556160	0.052708	-1.590004	0.183747	0.047640	-0.007771	0.172051	0.062390	0.983110	0.102563	-0.993703	0.045113	0.979734	0.093069	-0.177366
15546	9.561996	0.382635	-1.440705	0.227826	0.040721	-0.004703	0.171634	0.062447	0.983180	0.104808	-0.993483	0.044805	0.979570	0.095355	-0.177061
15547	9.557371	0.576194	-1.469173	0.142823	0.014739	-0.001461	0.171474	0.062485	0.983205	0.106222	-0.993342	0.044603	0.979445	0.096789	-0.176970
15548	9.595132	0.364293	-1.555100	0.100039	0.003391	-0.002036	0.171426	0.062550	0.983209	0.107210	-0.993240	0.044496	0.979346	0.097783	-0.176974
15549	9.627756	0.348307	-1.672187	0.093584	-0.003442	0.001564	0.171448	0.062574	0.983204	0.108130	-0.993147	0.044351	0.979241	0.098710	-0.177040
15550	9.674973	0.482383	-1.748174	0.019224	-0.009429	0.006650	0.171535	0.062566	0.983189	0.108312	-0.993129	0.044301	0.979206	0.098892	-0.177133
15551	9.659665	0.350110	-1.869645	-0.041128	-0.011224	0.002424	0.171633	0.062590	0.983171	0.107923	-0.993168	0.044387	0.979232	0.098488	-0.177215
15552	9.633179	0.348460	-1.938859	-0.054258	-0.010695	0.002629	0.171728	0.062624	0.983152	0.107392	-0.993220	0.044507	0.979273	0.097940	-0.177289
15553	9.667568	0.370627	-1.927556	-0.057592	-0.011089	-0.003347	0.171819	0.062703	0.983131	0.106841	-0.993272	0.044678	0.979318	0.097362	-0.177362
15554	9.618366	0.456583	-1.885938	-0.058603	-0.007413	-0.004370	0.171874	0.062803	0.983115	0.106280	-0.993323	0.044874	0.979369	0.096773	-0.177401
15555	9.620433	0.410736	-1.859358	-0.060876	-0.003763	-0.006258	0.171890	0.062906	0.983106	0.105708	-0.993375	0.045081	0.979428	0.096173	-0.177401
15556	9.665901	0.386445	-1.797797	-0.052565	-0.005578	-0.002235	0.171930	0.062982	0.983094	0.105202	-0.993421	0.045246	0.979476	0.095645	-0.177424
15557	9.600435	0.351356	-1.745227	-0.043051	0.003364	-0.002050	0.171882	0.063036	0.983099	0.104790	-0.993459	0.045379	0.979528	0.095219	-0.177363
15558	9.601581	0.232942	-1.689376	-0.016917	0.000454	-0.002391	0.171862	0.063108	0.983097	0.104634	-0.993470	0.045482	0.979548	0.095049	-0.177343
15559	9.620718	0.287731	-1.593508	0.008684	0.003708	0.003792	0.171818	0.063104	0.983106	0.104724	-0.993461	0.045466	0.979547	0.095143	-0.177303
15560	9.604118	0.440302	-1.565596	0.013004	-0.002380	-0.000132	0.171828	0.063156	0.983100	0.104857	-0.993446	0.045494	0.979531	0.095268	-0.177324
15561	9.560494	0.501033	-1.499027	-0.017436	-0.011815	0.005763	0.171936	0.063147	0.983082	0.104688	-0.993464	0.045505	0.979530	0.095093	-0.177423
15562	9.623084	0.412021	-1.574068	-0.040685	-0.016371	0.006889	0.172091	0.063143	0.983055	0.104283	-0.993504	0.045559	0.979546	0.094675	-0.177558
15563	9.665247	0.279427	-1.614151	-0.034448	-0.018565	0.005799	0.172265	0.063141	0.983025	0.103952	-0.993536	0.045600	0.979550	0.094332	-0.177716
15564	9.636428	0.324745	-1.710833	-0.022909	-0.016966	0.008022	0.172427	0.063127	0.982997	0.103719	-0.993560	0.045612	0.979546	0.094091	-0.177864
15565	9.625154	0.371136	-1.762007	-0.033355	-0.019893	0.012240	0.172620	0.063060	0.982968	0.103376	-0.993597	0.045588	0.979549	0.093746	-0.178034
15566	9.629283	0.383601	-1.896704	-0.047386	-0.018717	0.019210	0.172811	0.062935	0.982942	0.102885	-0.993651	0.045533	0.979567	0.093261	-0.178189
15567	9.604335	0.434236	-1.916023	-0.056176	-0.011183	0.016227	0.172923	0.062821	0.982930	0.102324	-0.993710	0.045509	0.979606	0.092707	-0.178264
15568	9.652623	0.450268	-1.935695	-0.063015	-0.005130	0.018431	0.172980	0.062692	0.982928	0.101680	-0.993777	0.045490	0.979663	0.092075	-0.178278
15569	9.649327	0.425817	-1.933796	-0.067815	-0.001518	0.014822	0.172995	0.062586	0.982932	0.101020	-0.993843	0.045501	0.979728	0.091424	-0.178252
15570	9.672510	0.403432	-1.863098	-0.066452	0.005737	0.013275	0.172940	0.062498	0.982948	0.100351	-0.993909	0.045539	0.979807	0.090764	-0.178158
15571	9.643527	0.358877	-1.849810	-0.060821	0.007378	0.013289	0.172867	0.062396	0.982967	0.099752	-0.993969	0.045552	0.979881	0.090179	-0.178049
15572	9.622913	0.415731	-1.789613	-0.062968	0.012885	0.011343	0.172740	0.062321	0.982994	0.099121	-0.994030	0.045602	0.979967	0.089558	-0.177886
15573	9.602816	0.371902	-1.752956	-0.074828	0.013492	0.012428	0.172607	0.062220	0.983024	0.098367	-0.994103	0.045650	0.980067	0.088817	-0.177709
15574	9.643640	0.268447	-1.738607	-0.078912	0.010231	0.015472	0.172509	0.062106	0.983048	0.097572	-0.994179	0.045687	0.980163	0.088037	-0.177565
15575	9.633510	0.296943	-1.707403	-0.062004	0.020013	0.007692	0.172308	0.062049	0.983087	0.096961	-0.994236	0.045758	0.980259	0.087437	-0.177331
15576	9.609628	0.329876	-1.644701	-0.060388	0.012519	0.007579	0.172181	0.062012	0.983112	0.096362	-0.994290	0.045840	0.980341	0.086841	-0.177173
15577	9.597768	0.387377	-1.561413	-0.066015	0.010917	0.007562	0.172068	0.061963	0.983134	0.095708	-0.994350	0.045919	0.980425	0.086193	-0.177026
15578	9.613794	0.335691	-1.565444	-0.062154	0.005145	0.006987	0.172012	0.061938	0.983146	0.095092	-0.994405	0.046010	0.980494	0.085575	-0.176939
15579	9.614326	0.317063	-1.486191	-0.069170	0.001682	0.006169	0.171989	0.061914	0.983151	0.094420	-0.994464	0.046109	0.980563	0.084899	-0.176883
15580	9.626415	0.260471	-1.568078	-0.063063	-0.002371	0.005135	0.172005	0.061914	0.983148	0.093799	-0.994518	0.046219	0.980620	0.084268	-0.176870
15581	9.610496	0.312898	-1.563196	-0.055694	-0.006412	0.004965	0.172061	0.061905	0.983139	0.093248	-0.994566	0.046305	0.980663	0.083709	-0.176898
15582	9.650030	0.329737	-1.605396	-0.073586	-0.007549	0.003906	0.172126	0.061921	0.983127	0.092526	-0.994626	0.046446	0.980720	0.082970	-0.176931
15583	9.613145	0.357702	-1.644606	-0.093316	-0.010233	0.005426	0.172219	0.061913	0.983111	0.091608	-0.994704	0.046595	0.980790	0.082036	-0.176979
15584	9.637168	0.326530	-1.706319	-0.091472	-0.008641	0.002850	0.172294	0.061940	0.983096	0.090712	-0.994778	0.046778	0.980860	0.081119	-0.177013
15585	9.629466	0.399459	-1.757449	-0.073253	-0.009625	0.000594	0.172376	0.061980	0.983079	0.090012	-0.994834	0.046938	0.980910	0.080398	-0.177064
15586	9.606429	0.504847	-1.724333	-0.068227	-0.004173	0.001749	0.172407	0.062015	0.983072	0.089346	-0.994887	0.047091	0.980966	0.079714	-0.177066
15587	9.611741	0.401154	-1.803300	-0.095193	-0.000927	0.003389	0.172404	0.062022	0.983072	0.088432	-0.994960	0.047264	0.981049	0.078786	-0.177020
15588	9.638881	0.202296	-1.784658	-0.071222	0.001521	0.001091	0.172378	0.062059	0.983074	0.087737	-0.995014	0.047428	0.981116	0.078076	-0.176963
15589	9.575212	0.218546	-1.681114	-0.011222	0.009865	0.000787	0.172269	0.062081	0.983092	0.087640	-0.995020	0.047477	0.981144	0.077979	-0.176852
15590	9.580821	0.275405	-1.552761	0.014660	-0.002310	0.002827	0.172283	0.062104	0.983088	0.087784	-0.995008	0.047473	0.981128	0.078121	-0.176874
15591	9.613822	0.324218	-1.487912	-0.001111	-0.003551	0.001378	0.172306	0.062129	0.983082	0.087779	-0.995007	0.047497	0.981125	0.078110	-0.176899
15592	9.626844	0.308815	-1.310255	-0.020050	-0.010868	0.014947	0.172414	0.062037	0.983069	0.087562	-0.995029	0.047435	0.981125	0.077901	-0.176989
15593	9.643785	0.327396	-1.344705	-0.031046	-0.020695	0.024890	0.172624	0.061843	0.983044	0.087228	-0.995066	0.047282	0.981118	0.077587	-0.177167
15594	9.650363	0.192717	-1.478874	-0.025433	-0.027208	0.016271	0.172894	0.061751	0.983003	0.086956	-0.995093	0.047217	0.981095	0.077314	-0.177415
15595	9.601809	0.286307	-1.647065	-0.001016	-0.025090	0.010586	0.173136	0.061701	0.982963	0.086942	-0.995097	0.047149	0.981053	0.077298	-0.177651
15596	9.662672	0.418523	-1.753382	-0.013084	-0.028575	0.006298	0.173410	0.061710	0.982914	0.086809	-0.995108	0.047160	0.981016	0.077148	-0.177919
15597	9.643745	0.538209	-1.854801	-0.040005	-0.025757	0.002454	0.173651	0.061741	0.982870	0.086413	-0.995139	0.047244	0.981009	0.076729	-0.178142
15598	9.585765	0.441417	-1.964455	-0.066926	-0.022927	-0.001384	0.173863	0.061821	0.982827	0.085764	-0.995186	0.047427	0.981028	0.076046	-0.178328
15599	9.631878	0.407332	-2.036235	-0.069195	-0.019238	-0.003231	0.174036	0.061905	0.982792	0.085104	-0.995234	0.047618	0.981055	0.075352	-0.178475
15600	9.626639	0.413420	-1.983429	-0.068897	-0.015968	-0.008849	0.174173	0.062054	0.982758	0.084449	-0.995277	0.047877	0.981087	0.074654	-0.178591
15601	9.599000	0.423281	-1.921404	-0.082932	-0.009344	-0.004144	0.174248	0.062139	0.982739	0.083653	-0.995333	0.048103	0.981142	0.073827	-0.178633
15602	9.636877	0.470064	-1.910749	-0.089156	-0.007077	-0.003018	0.174303	0.062223	0.982724	0.082789	-0.995394	0.048341	0.981206	0.072933	-0.178652
15603	9.620426	0.431769	-1.799161	-0.108968	0.001522	-0.000560	0.174275	0.062264	0.982726	0.081733	-0.995470	0.048577	0.981299	0.071856	-0.178575
15604	9.643503	0.229640	-1.858711	-0.136175	0.001180	0.001238	0.174253	0.062300	0.982728	0.080400	-0.995564	0.048858	0.981413	0.070498	-0.178489
15605	9.645116	0.203591	-1.910692	-0.079440	0.011355	0.000369	0.174130	0.062324	0.982748	0.079623	-0.995618	0.049032	0.981498	0.069711	-0.178330
15606	9.674038	0.450503	-1.868841	-0.056449	0.016987	-0.008422	0.173945	0.062445	0.982773	0.079089	-0.995649	0.049265	0.981574	0.069158	-0.178127
15607	9.617196	0.435191	-1.870506	-0.059359	0.024929	-0.003597	0.173685	0.062500	0.982816	0.078525	-0.995685	0.049442	0.981666	0.068589	-0.177844
15608	9.666336	0.353357	-1.912647	-0.047786	0.025973	-0.006875	0.173413	0.062600	0.982858	0.078074	-0.995711	0.049644	0.981750	0.068127	-0.177557
15609	9.625186	0.385969	-1.893606	-0.012044	0.033460	-0.007058	0.173067	0.062682	0.982913	0.077972	-0.995713	0.049769	0.981819	0.068026	-0.177213
15610	9.613861	0.442434	-1.807294	0.001197	0.034637	-0.007345	0.172710	0.062781	0.982970	0.078002	-0.995704	0.049889	0.981879	0.068057	-0.176865
15611	9.589122	0.402253	-1.715408	-0.012645	0.037296	-0.005904	0.172328	0.062852	0.983032	0.077913	-0.995705	0.050004	0.981954	0.067974	-0.176484
15612	9.595984	0.258356	-1.635658	-0.012169	0.031627	-0.007009	0.172000	0.062950	0.983084	0.077811	-0.995706	0.050144	0.982019	0.067870	-0.176160
15613	9.579499	0.318330	-1.495217	0.004984	0.034657	-0.004742	0.171643	0.063009	0.983142	0.077874	-0.995698	0.050218	0.982076	0.067941	-0.175812
15614	9.555710	0.350248	-1.431038	-0.000674	0.020025	-0.005674	0.171431	0.063101	0.983173	0.077882	-0.995692	0.050325	0.982113	0.067945	-0.175607
15615	9.596043	0.347390	-1.392274	-0.009678	0.018581	-0.006181	0.171231	0.063187	0.983203	0.077811	-0.995691	0.050438	0.982153	0.067867	-0.175410
15616	9.579542	0.227598	-1.383990	-0.004386	0.014208	-0.011500	0.171071	0.063341	0.983221	0.077793	-0.995684	0.050608	0.982183	0.067830	-0.175260
15617	9.623080	0.169379	-1.451907	0.035431	0.006526	-0.013275	0.170984	0.063503	0.983225	0.078163	-0.995650	0.050713	0.982168	0.068181	-0.175204
15618	9.639797	0.290757	-1.458264	0.058154	0.003485	-0.014144	0.170928	0.063691	0.983223	0.078764	-0.995598	0.050800	0.982130	0.068759	-0.175192
15619	9.609687	0.367491	-1.499312	0.038354	-0.001394	-0.018098	0.170914	0.063907	0.983211	0.079180	-0.995558	0.050946	0.982099	0.069144	-0.175215
15620	9.692258	0.346693	-1.688351	0.021607	-0.004290	-0.018247	0.170931	0.064141	0.983193	0.079429	-0.995528	0.051137	0.982076	0.069353	-0.175261
15621	9.647831	0.448337	-1.776594	0.020369	0.000691	-0.026897	0.170889	0.064443	0.983181	0.079674	-0.995495	0.051401	0.982064	0.069550	-0.175254
15622	9.636798	0.498668	-1.825080	-0.005430	-0.003251	-0.022049	0.170892	0.064714	0.983162	0.079664	-0.995481	0.051677	0.982064	0.069492	-0.175275
15623	9.669685	0.469811	-1.863803	-0.029693	0.001483	-0.024224	0.170845	0.064991	0.983152	0.079432	-0.995483	0.052003	0.982091	0.069209	-0.175236
15624	9.643941	0.372105	-1.957577	-0.013100	0.007949	-0.026302	0.170734	0.065297	0.983151	0.079354	-0.995472	0.052335	0.982116	0.069082	-0.175143
15625	9.652223	0.475094	-1.907689	-0.000340	0.014819	-0.025474	0.170556	0.065575	0.983163	0.079396	-0.995453	0.052622	0.982144	0.069084	-0.174987
15626	9.622724	0.532825	-1.868436	0.000237	0.024468	-0.020230	0.170289	0.065809	0.983194	0.079438	-0.995437	0.052870	0.982187	0.069100	-0.174739
15627	9.724112	0.552355	-1.747190	0.019698	0.041891	-0.023005	0.169847	0.066046	0.983255	0.079682	-0.995405	0.053098	0.982244	0.069329	-0.174329
15628	9.594897	0.358332	-1.587306	0.045213	0.055654	-0.021340	0.169271	0.066269	0.983339	0.080168	-0.995356	0.053279	0.982304	0.069813	-0.173798
15629	9.532367	0.080603	-1.425294	0.126904	0.064627	-0.023367	0.168605	0.066494	0.983438	0.081476	-0.995248	0.053324	0.982311	0.071136	-0.173221
15630	9.561596	0.032865	-1.324896	0.232196	0.070604	-0.027462	0.167877	0.066766	0.983544	0.083808	-0.995059	0.053242	0.982239	0.073491	-0.172643
15631	9.568408	0.353187	-1.298517	0.269539	0.052883	-0.020791	0.167326	0.066968	0.983625	0.086497	-0.994840	0.053017	0.982100	0.076210	-0.172255
15632	9.596975	0.516621	-1.360159	0.231485	0.036483	-0.017871	0.166940	0.067167	0.983677	0.088806	-0.994646	0.052844	0.981960	0.078534	-0.172011
15633	9.617249	0.406972	-1.469145	0.175470	0.016542	-0.021486	0.166746	0.067401	0.983693	0.090567	-0.994490	0.052789	0.981832	0.080287	-0.171931
15634	9.569753	0.289321	-1.475085	0.152823	0.000644	-0.024694	0.166705	0.067695	0.983680	0.092113	-0.994347	0.052819	0.981695	0.081805	-0.171998
15635	9.536315	0.321295	-1.438070	0.129989	-0.016699	-0.022327	0.166833	0.067968	0.983640	0.093442	-0.994221	0.052850	0.981547	0.083096	-0.172220
15636	9.519992	0.354711	-1.357032	0.109059	-0.032946	-0.028023	0.167117	0.068323	0.983567	0.094565	-0.994108	0.052988	0.981391	0.084156	-0.172594
15637	9.538272	0.390802	-1.186023	0.091419	-0.043478	-0.030043	0.167502	0.068695	0.983476	0.095527	-0.994006	0.053160	0.981233	0.085044	-0.173060
15638	9.570368	0.251075	-1.044247	0.081984	-0.065887	-0.036579	0.168101	0.069163	0.983340	0.096398	-0.993908	0.053427	0.981045	0.085811	-0.173744
15639	9.582807	0.158580	-0.976054	0.107260	-0.081734	-0.036434	0.168852	0.069633	0.983179	0.097525	-0.993787	0.053635	0.980805	0.086828	-0.174594
15640	9.626142	0.081951	-0.973712	0.141605	-0.096453	-0.041284	0.169745	0.070176	0.982986	0.098989	-0.993631	0.053842	0.980504	0.088165	-0.175611
15641	9.681990	0.211147	-1.165250	0.184100	-0.096354	-0.043613	0.170630	0.070730	0.982793	0.100881	-0.993433	0.053981	0.980157	0.089934	-0.176645
15642	9.653863	0.229694	-1.321693	0.230592	-0.087026	-0.045837	0.171424	0.071314	0.982613	0.103225	-0.993187	0.054073	0.979775	0.092161	-0.177617
15643	9.576408	0.094154	-1.610280	0.312110	-0.067662	-0.047144	0.172021	0.071881	0.982467	0.106376	-0.992858	0.054016	0.979333	0.095219	-0.178439
15644	9.598603	0.160834	-1.653822	0.410908	-0.050576	-0.049418	0.172450	0.072469	0.982349	0.110489	-0.992419	0.053816	0.978802	0.099259	-0.179150
15645	9.583765	0.251935	-1.736359	0.472825	-0.051888	-0.047591	0.172888	0.073029	0.982230	0.115200	-0.991902	0.053471	0.978181	0.103908	-0.179900
15646	9.608213	0.512181	-1.790969	0.477152	-0.063866	-0.043501	0.173448	0.073576	0.982091	0.119946	-0.991360	0.053087	0.977512	0.108590	-0.180774
15647	9.638229	0.664977	-1.924753	0.419212	-0.074321	-0.043281	0.174104	0.074122	0.981934	0.124128	-0.990861	0.052787	0.976873	0.112695	-0.181713
15648	9.678638	0.703691	-2.189649	0.353357	-0.080248	-0.034038	0.174831	0.074599	0.981768	0.127644	-0.990428	0.052527	0.976289	0.116134	-0.182680
15649	9.641772	0.680891	-2.420921	0.272544	-0.075593	-0.032334	0.175510	0.075043	0.981613	0.130371	-0.990081	0.052380	0.975807	0.118780	-0.183552
15650	9.659212	0.879225	-2.606481	0.201691	-0.067819	-0.031519	0.176116	0.075485	0.981471	0.132400	-0.989812	0.052368	0.975425	0.120723	-0.184316
15651	9.691174	1.058258	-2.743343	0.057833	-0.065688	-0.030031	0.176699	0.075896	0.981334	0.133016	-0.989718	0.052594	0.975235	0.121239	-0.184978
15652	9.693648	0.983953	-2.772210	-0.066856	-0.049625	-0.031597	0.177127	0.076318	0.981224	0.132425	-0.989771	0.053077	0.975238	0.120538	-0.185422
15653	9.664581	0.773158	-2.751757	-0.146116	-0.039883	-0.029258	0.177462	0.076693	0.981135	0.131073	-0.989919	0.053671	0.975360	0.119076	-0.185725
15654	9.673267	0.623353	-2.590786	-0.169048	-0.026062	-0.027727	0.177666	0.077046	0.981070	0.129479	-0.990094	0.054307	0.975536	0.117380	-0.185882
15655	9.607520	0.694132	-2.306773	-0.178475	-0.015297	-0.035201	0.177756	0.077448	0.981022	0.127801	-0.990272	0.055021	0.975741	0.115596	-0.185925
15656	9.634889	0.702533	-2.028757	-0.230760	-0.014765	-0.026470	0.177852	0.077775	0.980979	0.125602	-0.990512	0.055759	0.976008	0.113296	-0.185934
15657	9.631052	0.472392	-1.935639	-0.259349	-0.009677	-0.022367	0.177905	0.078044	0.980948	0.123121	-0.990782	0.056497	0.976315	0.110724	-0.185874
15658	9.644127	0.487493	-1.835734	-0.248513	-0.005746	-0.019028	0.177924	0.078288	0.980925	0.120734	-0.991036	0.057195	0.976610	0.108255	-0.185781
15659	9.621499	0.426050	-1.795778	-0.221802	0.014035	-0.019267	0.177749	0.078499	0.980940	0.118610	-0.991255	0.057832	0.976902	0.106070	-0.185506
15660	9.565954	0.181701	-1.627622	-0.109789	0.040467	-0.019295	0.177318	0.078696	0.981002	0.117578	-0.991352	0.058274	0.977105	0.105011	-0.185037
15661	9.545067	0.182789	-1.404725	-0.013190	0.045730	-0.011242	0.176844	0.078796	0.981080	0.117471	-0.991355	0.058446	0.977204	0.104913	-0.184572
15662	9.522860	0.270908	-1.290466	0.085249	0.044377	-0.014294	0.176380	0.078939	0.981152	0.118335	-0.991250	0.058479	0.977183	0.105790	-0.184178
15663	9.560451	0.400611	-1.176253	0.134521	0.036992	-0.018877	0.175981	0.079123	0.981209	0.119691	-0.991089	0.058453	0.977090	0.107155	-0.183883
15664	9.548928	0.517930	-1.254393	0.118263	0.008423	-0.012581	0.175870	0.079287	0.981215	0.120874	-0.990948	0.058409	0.976964	0.108331	-0.183862
15665	9.546372	0.480787	-1.383229	0.081325	-0.005143	-0.010656	0.175892	0.079434	0.981199	0.121693	-0.990848	0.058400	0.976859	0.109133	-0.183949
15666	9.579842	0.506461	-1.583055	0.039171	-0.020254	-0.006590	0.176068	0.079570	0.981157	0.122093	-0.990797	0.058442	0.976777	0.109503	-0.184163
15667	9.624993	0.557684	-1.763444	0.004395	-0.026773	-0.007528	0.176305	0.079709	0.981103	0.122164	-0.990782	0.058542	0.976725	0.109534	-0.184417
15668	9.652094	0.607295	-1.989530	-0.041729	-0.030832	-0.005322	0.176586	0.079844	0.981042	0.121772	-0.990820	0.058721	0.976724	0.109094	-0.184687
15669	9.670200	0.656776	-2.237709	-0.068147	-0.019339	-0.009595	0.176748	0.079995	0.981000	0.121135	-0.990882	0.058976	0.976773	0.108410	-0.184827
15670	9.635293	0.709037	-2.280434	-0.085526	-0.018729	-0.008550	0.176907	0.080148	0.980959	0.120321	-0.990964	0.059267	0.976845	0.107545	-0.184952
15671	9.609485	0.763006	-2.299430	-0.113424	-0.003239	-0.010472	0.176910	0.080292	0.980947	0.119244	-0.991074	0.059615	0.976977	0.106425	-0.184905
15672	9.624285	0.673291	-2.221325	-0.128894	0.001312	-0.006618	0.176876	0.080405	0.980943	0.118002	-0.991201	0.059968	0.977134	0.105146	-0.184808
15673	9.693364	0.576931	-2.136986	-0.110706	0.021339	-0.005241	0.176647	0.080472	0.980979	0.116946	-0.991308	0.060261	0.977302	0.104077	-0.184523
15674	9.618972	0.427671	-1.991294	0.006236	0.061376	0.004394	0.176039	0.080414	0.981093	0.117005	-0.991302	0.060256	0.977405	0.104185	-0.183917
15675	9.565918	0.230596	-1.769961	0.142969	0.095770	-0.001566	0.175087	0.080363	0.981268	0.118408	-0.991148	0.060045	0.977407	0.105677	-0.183053
15676	9.620421	0.174966	-1.463281	0.292716	0.120957	-0.005166	0.173885	0.080333	0.981484	0.121283	-0.990826	0.059611	0.977269	0.108672	-0.182033
15677	9.457832	0.231087	-1.284991	0.451419	0.149782	0.008250	0.172417	0.080123	0.981760	0.125699	-0.990328	0.058747	0.976971	0.113277	-0.180821
15678	9.487937	0.123543	-1.014382	0.569031	0.162441	0.008036	0.170827	0.079903	0.982056	0.131248	-0.989669	0.057692	0.976520	0.119038	-0.179550
15679	9.520992	0.185169	-1.017874	0.602518	0.126095	0.012315	0.169596	0.079664	0.982289	0.137133	-0.988938	0.056527	0.975926	0.125118	-0.178644
15680	9.617581	0.383321	-1.269493	0.569397	0.083818	0.016028	0.168786	0.079447	0.982446	0.142667	-0.988219	0.055403	0.975273	0.130811	-0.178132
15681	9.630424	0.415205	-1.534666	0.489871	0.052860	0.014565	0.168275	0.079264	0.982548	0.147414	-0.987576	0.054423	0.974655	0.135683	-0.177869
15682	9.586524	0.498113	-1.837183	0.420629	0.030475	0.011905	0.167981	0.079153	0.982607	0.151498	-0.987003	0.053608	0.974079	0.139858	-0.177789
15683	9.646036	0.631789	-2.028870	0.313462	0.006374	0.007447	0.167913	0.079107	0.982623	0.154551	-0.986561	0.053014	0.973611	0.142964	-0.177883
15684	9.725950	0.865239	-2.212732	0.171233	-0.013819	0.002559	0.168037	0.079149	0.982598	0.156219	-0.986314	0.052733	0.973324	0.144639	-0.178101
15685	9.695407	0.777291	-2.327544	0.032417	-0.019339	-0.001551	0.168206	0.079229	0.982563	0.156552	-0.986261	0.052727	0.973241	0.144953	-0.178298
15686	9.680638	0.713607	-2.266486	-0.044213	-0.029809	-0.006817	0.168470	0.079387	0.982505	0.156139	-0.986316	0.052922	0.973262	0.144491	-0.178560
15687	9.641222	0.687438	-2.146027	-0.100944	-0.019655	-0.008022	0.168632	0.079529	0.982465	0.155175	-0.986453	0.053217	0.973388	0.143480	-0.178689
15688	9.661692	0.633800	-1.992795	-0.127893	-0.015274	-0.006632	0.168756	0.079664	0.982433	0.153947	-0.986626	0.053560	0.973561	0.142204	-0.178763
15689	9.603853	0.621309	-1.785468	-0.119260	0.001832	-0.002513	0.168719	0.079718	0.982435	0.152781	-0.986793	0.053833	0.973751	0.141015	-0.178670
15690	9.504081	0.639577	-1.563493	-0.134936	0.005029	0.006799	0.168666	0.079692	0.982447	0.151461	-0.986984	0.054057	0.973967	0.139685	-0.178541
15691	9.599576	0.391441	-1.473314	-0.058492	0.026628	0.012614	0.168410	0.079567	0.982500	0.150879	-0.987072	0.054075	0.974101	0.139132	-0.178238
15692	9.502350	0.076850	-1.303077	0.022481	0.030876	0.014108	0.168116	0.079433	0.982562	0.151080	-0.987048	0.053946	0.974121	0.139376	-0.177939
15693	9.614733	0.057287	-1.133018	0.095175	0.011140	0.016174	0.168017	0.079287	0.982590	0.151981	-0.986926	0.053649	0.973998	0.140322	-0.177870
15694	9.655623	0.195065	-1.159193	0.126558	0.007915	0.008416	0.167937	0.079241	0.982608	0.153205	-0.986751	0.053391	0.973820	0.141574	-0.177853
15695	9.649733	0.299601	-1.296801	0.132368	-0.001504	0.007862	0.167947	0.079200	0.982609	0.154490	-0.986566	0.053114	0.973615	0.142883	-0.177926
15696	9.628956	0.353989	-1.451722	0.134732	-0.005589	0.004353	0.167993	0.079214	0.982600	0.155799	-0.986372	0.052881	0.973399	0.144205	-0.178045
15697	9.634169	0.200054	-1.651770	0.146298	-0.003617	0.006548	0.168020	0.079189	0.982598	0.157226	-0.986161	0.052591	0.973165	0.145653	-0.178145
15698	9.621919	0.184597	-1.750703	0.237330	0.016862	0.002044	0.167843	0.079192	0.982628	0.159537	-0.985811	0.052198	0.972819	0.148004	-0.178096
15699	9.627516	0.171581	-1.802373	0.339036	0.037192	-0.004389	0.167457	0.079214	0.982692	0.162847	-0.985297	0.051673	0.972337	0.151375	-0.177894
15700	9.625636	0.425836	-1.717867	0.373668	0.033835	-0.000534	0.167111	0.079215	0.982751	0.166485	-0.984721	0.051064	0.971780	0.155080	-0.177746
15701	9.637845	0.446018	-1.697601	0.341410	0.019564	-0.002583	0.166898	0.079243	0.982785	0.169813	-0.984181	0.050518	0.971241	0.158458	-0.177714
15702	9.619838	0.379561	-1.789036	0.340789	0.021333	-0.006942	0.166663	0.079325	0.982818	0.173139	-0.983626	0.050030	0.970694	0.161826	-0.177668
15703	9.639475	0.276290	-1.758648	0.376950	0.034358	-0.007659	0.166298	0.079379	0.982875	0.176821	-0.982999	0.049472	0.970092	0.165566	-0.177507
15704	9.656641	0.218075	-1.756877	0.419064	0.039946	-0.008970	0.165879	0.079448	0.982941	0.180905	-0.982286	0.048866	0.969411	0.169713	-0.177313
15705	9.669633	0.225608	-1.654154	0.458164	0.059036	-0.008424	0.165273	0.079462	0.983041	0.185370	-0.981487	0.048171	0.968671	0.174265	-0.176944
15706	9.489245	0.183303	-1.549455	0.499368	0.063319	-0.008338	0.164628	0.079480	0.983148	0.190224	-0.980595	0.047420	0.967839	0.179212	-0.176552
15707	9.530674	0.234875	-1.463564	0.493739	0.027864	-0.000267	0.164338	0.079465	0.983198	0.195009	-0.979694	0.046587	0.966936	0.184076	-0.176498
15708	9.582017	0.484851	-1.383550	0.487601	0.010494	0.003324	0.164226	0.079460	0.983217	0.199721	-0.978785	0.045743	0.965992	0.188857	-0.176612
15709	9.530861	0.726565	-1.293857	0.395206	-0.018440	0.004536	0.164393	0.079485	0.983187	0.203544	-0.978030	0.045034	0.965166	0.192718	-0.176960
15710	9.571926	0.630941	-1.355432	0.287865	-0.040293	0.005682	0.164776	0.079555	0.983117	0.206317	-0.977472	0.044518	0.964511	0.195499	-0.177477
15711	9.617912	0.525190	-1.471320	0.201563	-0.063303	0.014199	0.165396	0.079571	0.983012	0.208238	-0.977086	0.044054	0.963992	0.197414	-0.178176
15712	9.640441	0.653007	-1.559127	0.105827	-0.078258	0.028199	0.166191	0.079497	0.982884	0.209216	-0.976895	0.043638	0.963644	0.198383	-0.178984
15713	9.659110	0.846350	-1.839903	-0.028322	-0.086762	0.022137	0.167056	0.079486	0.982738	0.208910	-0.976967	0.043506	0.963561	0.198036	-0.179813
15714	9.684341	0.700025	-2.207318	-0.176881	-0.092719	0.020736	0.167975	0.079513	0.982579	0.207176	-0.977329	0.043671	0.963775	0.196231	-0.180640
15715	9.676374	0.505144	-2.343384	-0.278508	-0.086445	0.011050	0.168812	0.079606	0.982428	0.204479	-0.977877	0.044102	0.964205	0.193441	-0.181355
15716	9.671913	0.326833	-2.403865	-0.300365	-0.085810	-0.000445	0.169621	0.079823	0.982271	0.201589	-0.978450	0.044701	0.964671	0.190432	-0.182057
15717	9.688102	0.558908	-2.262238	-0.297827	-0.075472	-0.009399	0.170311	0.080090	0.982130	0.198744	-0.979001	0.045371	0.965140	0.187466	-0.182652
15718	9.699833	0.571973	-2.089045	-0.329348	-0.077298	-0.012293	0.171015	0.080402	0.981982	0.195591	-0.979599	0.046144	0.965659	0.184176	-0.183252
15719	9.675945	0.436331	-1.936230	-0.377104	-0.081259	-0.018652	0.171747	0.080766	0.981825	0.191997	-0.980267	0.047052	0.966251	0.180426	-0.183865
15720	9.631539	0.271091	-1.825886	-0.375632	-0.086602	-0.020678	0.172528	0.081171	0.981654	0.188407	-0.980917	0.047997	0.966818	0.176670	-0.184529
15721	9.605468	0.317257	-1.775715	-0.378399	-0.096392	-0.013896	0.173414	0.081509	0.981470	0.184779	-0.981564	0.048869	0.967359	0.172881	-0.185279
15722	9.653737	0.545259	-1.617337	-0.441469	-0.103039	-0.000617	0.174394	0.081739	0.981278	0.180514	-0.982314	0.049744	0.967988	0.168459	-0.186064
15723	9.503198	0.584816	-1.543286	-0.578177	-0.113547	0.003473	0.175482	0.081927	0.981068	0.174923	-0.983270	0.050823	0.968818	0.162693	-0.186878
15724	9.643179	0.001705	-1.731541	-0.626304	-0.117691	0.000709	0.176608	0.082156	0.980846	0.168857	-0.984266	0.052039	0.969689	0.156432	-0.187702
15725	9.639856	-0.044315	-1.788969	-0.536793	-0.103296	-0.004642	0.177585	0.082397	0.980650	0.163674	-0.985083	0.053130	0.970399	0.151072	-0.188422
15726	9.585181	0.465600	-1.823306	-0.510938	-0.106647	-0.006983	0.178594	0.082672	0.980444	0.158733	-0.985832	0.054212	0.971035	0.145947	-0.189186
15727	9.623529	0.686213	-1.891155	-0.575873	-0.105839	-0.001301	0.179604	0.082872	0.980242	0.153153	-0.986651	0.055353	0.971744	0.140186	-0.189899
15728	9.634978	0.535394	-1.994875	-0.648837	-0.100578	-0.010799	0.180551	0.083165	0.980043	0.146871	-0.987527	0.056742	0.972538	0.133695	-0.190513
15729	9.661619	0.295820	-2.020350	-0.655172	-0.095384	-0.011903	0.181446	0.083443	0.979854	0.140539	-0.988366	0.058144	0.973307	0.127158	-0.191062
15730	9.727865	0.242925	-1.891568	-0.595711	-0.077536	-0.019514	0.182159	0.083781	0.979693	0.134781	-0.989086	0.059524	0.973988	0.121201	-0.191463
15731	9.591217	0.095986	-1.700161	-0.474007	-0.042142	-0.036504	0.182507	0.084229	0.979590	0.130243	-0.989615	0.060826	0.974540	0.116483	-0.191582
15732	9.566743	-0.027773	-1.370310	-0.388452	-0.040716	-0.045156	0.182832	0.084771	0.979483	0.126545	-0.990018	0.062062	0.974966	0.112601	-0.191734
15733	9.542032	-0.012028	-1.101498	-0.310368	-0.043351	-0.056670	0.183168	0.085417	0.979364	0.123637	-0.990310	0.063248	0.975276	0.109500	-0.191953
15734	9.503424	-0.005650	-0.932992	-0.244321	-0.062928	-0.072980	0.183678	0.086257	0.979195	0.121394	-0.990508	0.064482	0.975462	0.107024	-0.192406
15735	9.487258	-0.003511	-0.775713	-0.193501	-0.093643	-0.072777	0.184488	0.087113	0.978967	0.119652	-0.990646	0.065604	0.975524	0.105032	-0.193185
15736	9.497196	0.059861	-0.713888	-0.124765	-0.123460	-0.077224	0.185587	0.088055	0.978674	0.118584	-0.990705	0.066651	0.975446	0.103685	-0.194304
15737	9.534337	0.393942	-0.625678	-0.109425	-0.151136	-0.073677	0.186957	0.088976	0.978330	0.117665	-0.990748	0.067620	0.975296	0.102473	-0.195697
15738	9.550534	0.433642	-0.808272	-0.203289	-0.188930	-0.072806	0.188701	0.089938	0.977908	0.115826	-0.990885	0.068781	0.975180	0.100288	-0.197398
15739	9.625351	0.124098	-0.976171	-0.229956	-0.210919	-0.083339	0.190644	0.091008	0.977431	0.113754	-0.991034	0.070087	0.975046	0.097825	-0.199288
15740	9.608971	0.294564	-1.156920	-0.221227	-0.236846	-0.086352	0.192843	0.092142	0.976894	0.111770	-0.991164	0.071424	0.974843	0.095414	-0.201438
15741	9.578140	0.624830	-1.234207	-0.241187	-0.260152	-0.090423	0.195260	0.093318	0.976302	0.109607	-0.991303	0.072830	0.974607	0.092789	-0.203791
15742	9.503860	0.665219	-1.309801	-0.311509	-0.288964	-0.090888	0.197965	0.094531	0.975640	0.106757	-0.991497	0.074405	0.974378	0.089427	-0.206374
15743	9.635031	0.418207	-1.622832	-0.356019	-0.304191	-0.099072	0.200806	0.095815	0.974934	0.103500	-0.991710	0.076146	0.974148	0.085615	-0.209058
15744	9.705901	0.410357	-1.842202	-0.329721	-0.312270	-0.108508	0.203724	0.097201	0.974191	0.100515	-0.991878	0.077946	0.973855	0.082041	-0.211840
15745	9.702613	0.687379	-2.013170	-0.321571	-0.318213	-0.120979	0.206684	0.098692	0.973417	0.097645	-0.992013	0.079845	0.973523	0.078547	-0.214670
15746	9.675742	0.913039	-2.278148	-0.364447	-0.318718	-0.130832	0.209648	0.100283	0.972621	0.094378	-0.992157	0.081954	0.973211	0.074612	-0.217469
15747	9.608567	0.904176	-2.492113	-0.452275	-0.319375	-0.138992	0.212610	0.101928	0.971806	0.090284	-0.992339	0.084330	0.972957	0.069809	-0.220183
15748	9.626083	0.698057	-2.632142	-0.495327	-0.308028	-0.142277	0.215469	0.103596	0.971000	0.085777	-0.992521	0.086858	0.972736	0.064574	-0.222744
15749	9.631845	0.677153	-2.610546	-0.476846	-0.302527	-0.150606	0.218268	0.105315	0.970190	0.081479	-0.992655	0.089423	0.972481	0.059532	-0.225246
15750	9.594799	0.647200	-2.382105	-0.465465	-0.296353	-0.150835	0.221019	0.107030	0.969379	0.077293	-0.992756	0.091988	0.972202	0.054595	-0.227690
15751	9.602477	0.542672	-2.038609	-0.450521	-0.294169	-0.153985	0.223746	0.108748	0.968562	0.073271	-0.992820	0.094546	0.971890	0.049813	-0.230107
15752	9.537137	0.496591	-1.582201	-0.406607	-0.305780	-0.157706	0.226593	0.110509	0.967700	0.069683	-0.992836	0.097063	0.971494	0.045439	-0.232670
15753	9.594174	0.255649	-1.289864	-0.348023	-0.321495	-0.159147	0.229590	0.112265	0.966791	0.066681	-0.992806	0.099450	0.971001	0.041633	-0.235424
15754	9.566333	0.267182	-0.960308	-0.260280	-0.340003	-0.158245	0.232776	0.114021	0.965823	0.064528	-0.992726	0.101645	0.970387	0.038663	-0.238441
15755	9.524812	0.295896	-0.787325	-0.203534	-0.370087	-0.154976	0.236250	0.115733	0.964776	0.062933	-0.992620	0.103663	0.969652	0.036226	-0.241790
15756	9.485469	0.321118	-0.672037	-0.156278	-0.410924	-0.157371	0.240124	0.117489	0.963606	0.061802	-0.992485	0.105610	0.968773	0.034193	-0.245581
15757	9.457235	0.439108	-0.672850	-0.117867	-0.447992	-0.165670	0.244341	0.119318	0.962320	0.061078	-0.992324	0.107530	0.967764	0.032502	-0.249753
15758	9.446800	0.504245	-0.740707	-0.084762	-0.495180	-0.166127	0.249019	0.121173	0.960889	0.060677	-0.992145	0.109390	0.966596	0.031064	-0.254415
15759	9.341523	0.507380	-0.712911	-0.039334	-0.539165	-0.171747	0.254102	0.123076	0.959315	0.060745	-0.991943	0.111172	0.965268	0.030025	-0.259531
15760	9.237545	0.660322	-0.607024	-0.004733	-0.598753	-0.178151	0.259758	0.125069	0.957540	0.061167	-0.991717	0.112940	0.963735	0.029233	-0.265257
15761	9.389116	0.716555	-0.579671	-0.022871	-0.654565	-0.183288	0.265927	0.127109	0.955576	0.061446	-0.991488	0.114787	0.962033	0.028191	-0.271474
15762	9.594904	0.641928	-0.697244	-0.024538	-0.705047	-0.185675	0.272578	0.129194	0.953420	0.061720	-0.991251	0.116675	0.960152	0.027042	-0.278167
15763	9.904941	0.700279	-1.014707	0.020675	-0.744258	-0.193999	0.279573	0.131350	0.951097	0.062472	-0.990987	0.118495	0.958090	0.026289	-0.285259
15764	9.957531	1.130237	-1.150470	0.014643	-0.782561	-0.220939	0.286913	0.133790	0.948568	0.063249	-0.990684	0.120600	0.955866	0.025394	-0.292702
15765	10.051314	0.813053	-1.593586	-0.040048	-0.825827	-0.232213	0.294625	0.136328	0.945839	0.063560	-0.990375	0.122949	0.953497	0.023894	-0.300454
15766	10.231905	0.984327	-1.954017	0.027119	-0.852273	-0.244533	0.302573	0.138999	0.942936	0.064561	-0.990026	0.125224	0.950937	0.022987	-0.308529
15767	10.189415	1.250617	-2.170127	0.064335	-0.863855	-0.262878	0.310579	0.141832	0.939907	0.065997	-0.989637	0.127528	0.948254	0.022424	-0.316721
15768	9.980731	1.265161	-2.237676	0.039864	-0.895076	-0.279324	0.318857	0.144841	0.936670	0.067266	-0.989221	0.130069	0.945413	0.021533	-0.325163
15769	9.909903	1.330192	-2.075506	0.038486	-0.931344	-0.283928	0.327428	0.147880	0.933232	0.068567	-0.988791	0.132627	0.942385	0.020563	-0.333898
15770	9.979910	1.616869	-1.716428	0.040723	-0.974642	-0.294998	0.336382	0.151041	0.929534	0.069943	-0.988335	0.135284	0.939125	0.019507	-0.343023
15771	10.066479	1.785948	-1.283106	0.000781	-1.025451	-0.299737	0.345756	0.154230	0.925563	0.070994	-0.987872	0.138092	0.935635	0.017963	-0.352511
15772	10.205477	1.653420	-1.025003	-0.052433	-1.087851	-0.302524	0.355687	0.157450	0.921247	0.071580	-0.987401	0.141120	0.931860	0.015748	-0.362476
15773	10.390235	1.441987	-0.887631	-0.052426	-1.155570	-0.303560	0.366183	0.160651	0.916570	0.072209	-0.986920	0.144133	0.927737	0.013406	-0.372994
15774	10.599427	1.206047	-0.774651	0.014995	-1.220204	-0.313417	0.377237	0.163945	0.911490	0.073529	-0.986402	0.146988	0.923193	0.011572	-0.384162
15775	10.793671	1.014591	-0.838908	0.112102	-1.281124	-0.330482	0.388753	0.167382	0.906010	0.075849	-0.985835	0.149584	0.918214	0.010569	-0.395943
15776	11.045513	0.965442	-1.018682	0.205651	-1.351487	-0.347971	0.400845	0.171002	0.900045	0.079123	-0.985217	0.151945	0.912723	0.010308	-0.408450
15777	11.284841	1.088993	-1.241384	0.260534	-1.410497	-0.367481	0.413344	0.174804	0.893639	0.083013	-0.984548	0.154190	0.906783	0.010450	-0.421468
