// General information: 
//  MT Manager version: 2022.2.0 
//  XDA version: 2022.2.0 build 7381 rev 124627 built on 2023-07-19
// Device information: 
//  DeviceId: 00B4CB9F
//  ProductCode: MTW2-3A7G6
//  Firmware Version: 4.6.0
//  Hardware Version: 2.0.0
// Device settings: 
//  Filter Profile: human(46.1)
//  Option Flags: Orientation Smoother Disabled, Position/Velocity Smoother Disabled, Continuous Zero Rotation Update Disabled, AHS Disabled, ICC Disabled
// Coordinate system: ENU
PacketCounter	Acc_X	Acc_Y	Acc_Z	Gyr_X	Gyr_Y	Gyr_Z	Mat[1][1]	Mat[2][1]	Mat[3][1]	Mat[1][2]	Mat[2][2]	Mat[3][2]	Mat[1][3]	Mat[2][3]	Mat[3][3]
15508	9.738270	-0.880287	-0.341839	0.028021	0.021175	0.011417	0.078633	-0.082892	0.993452	0.171538	-0.980548	-0.095392	0.982034	0.177916	-0.062884
15509	9.733764	-0.933294	-0.470216	0.013876	0.013810	0.012426	0.078583	-0.083062	0.993441	0.171701	-0.980503	-0.095562	0.982010	0.178085	-0.062789
15510	9.692132	-0.938481	-0.511835	0.010779	0.008894	0.015496	0.078598	-0.083254	0.993424	0.171833	-0.980461	-0.095763	0.981986	0.178230	-0.062756
15511	9.738405	-1.039227	-0.477658	0.017471	0.006042	0.013695	0.078628	-0.083424	0.993407	0.172037	-0.980407	-0.095949	0.981947	0.178447	-0.062735
15512	9.782701	-1.103411	-0.402870	0.040721	0.009380	0.016579	0.078640	-0.083627	0.993389	0.172462	-0.980309	-0.096179	0.981872	0.178886	-0.062669
15513	9.788917	-1.090390	-0.310857	0.071994	0.022165	0.023533	0.078528	-0.083923	0.993373	0.173190	-0.980150	-0.096496	0.981753	0.179620	-0.062434
15514	9.785744	-1.049156	-0.155096	0.101764	0.035869	0.025994	0.078296	-0.084266	0.993362	0.174207	-0.979934	-0.096858	0.981591	0.180634	-0.062045
15515	9.790144	-0.977612	-0.202987	0.106558	0.043507	0.028139	0.077981	-0.084644	0.993355	0.175269	-0.979707	-0.097240	0.981427	0.181687	-0.061563
15516	9.727355	-0.926701	-0.308622	0.083072	0.046425	0.015262	0.077627	-0.084902	0.993361	0.176110	-0.979532	-0.097482	0.981305	0.182508	-0.061086
15517	9.692535	-0.894670	-0.440227	0.053641	0.033236	0.010724	0.077384	-0.085092	0.993364	0.176672	-0.979413	-0.097660	0.981223	0.183057	-0.060757
15518	9.641416	-0.908019	-0.650491	0.020650	0.022771	0.001723	0.077239	-0.085174	0.993368	0.176912	-0.979363	-0.097729	0.981191	0.183287	-0.060576
15519	9.662298	-0.914209	-0.835696	0.000461	-0.002601	0.002918	0.077334	-0.085223	0.993356	0.176958	-0.979348	-0.097797	0.981175	0.183345	-0.060656
15520	9.746374	-0.913967	-0.862387	-0.003405	-0.015554	-0.001190	0.077560	-0.085206	0.993340	0.176964	-0.979344	-0.097823	0.981157	0.183372	-0.060879
15521	9.712247	-0.909615	-0.928428	-0.001572	-0.010978	-0.003403	0.077726	-0.085177	0.993330	0.176991	-0.979339	-0.097826	0.981139	0.183414	-0.061044
15522	9.742261	-0.928275	-0.762723	0.019065	-0.020323	-0.005486	0.077991	-0.085109	0.993315	0.177221	-0.979297	-0.097823	0.981076	0.183665	-0.061293
15523	9.756682	-0.933395	-0.624948	0.034493	-0.017760	-0.010547	0.078211	-0.084997	0.993307	0.177607	-0.979232	-0.097777	0.980989	0.184066	-0.061491
15524	9.750046	-0.969948	-0.533037	0.052217	-0.018222	-0.010277	0.078447	-0.084887	0.993298	0.178166	-0.979134	-0.097747	0.980869	0.184639	-0.061686
15525	9.820944	-0.954981	-0.395269	0.065764	-0.010113	-0.006787	0.078599	-0.084825	0.993291	0.178863	-0.979005	-0.097759	0.980730	0.185346	-0.061776
15526	9.796710	-0.942047	-0.289771	0.078046	-0.007321	0.002200	0.078750	-0.084857	0.993276	0.179664	-0.978848	-0.097868	0.980571	0.186163	-0.061838
15527	9.798282	-0.912349	-0.168443	0.074082	0.004971	0.006143	0.078778	-0.084950	0.993266	0.180428	-0.978693	-0.098014	0.980428	0.186934	-0.061772
15528	9.758346	-0.886712	-0.089083	0.059324	0.013519	0.005586	0.078730	-0.085054	0.993261	0.181043	-0.978566	-0.098146	0.980319	0.187550	-0.061645
15529	9.724264	-0.883233	-0.151799	0.028245	0.019661	0.001089	0.078601	-0.085124	0.993265	0.181352	-0.978502	-0.098210	0.980272	0.187850	-0.061474
15530	9.695702	-0.834438	-0.196615	0.005719	0.012456	-0.001305	0.078552	-0.085158	0.993266	0.181447	-0.978481	-0.098240	0.980258	0.187942	-0.061410
15531	9.752533	-0.881454	-0.357289	-0.022556	0.007839	-0.008509	0.078524	-0.085114	0.993272	0.181277	-0.978519	-0.098180	0.980292	0.187767	-0.061408
15532	9.746482	-0.984550	-0.423832	-0.033949	0.014874	-0.017765	0.078421	-0.084991	0.993291	0.180997	-0.978587	-0.098023	0.980352	0.187469	-0.061359
15533	9.709983	-1.089983	-0.474574	-0.033706	0.008541	-0.015568	0.078372	-0.084879	0.993304	0.180726	-0.978650	-0.097886	0.980406	0.187188	-0.061359
15534	9.763085	-1.150377	-0.533198	-0.007353	0.006644	-0.014301	0.078357	-0.084774	0.993314	0.180704	-0.978665	-0.097779	0.980411	0.187157	-0.061366
15535	9.701332	-1.036834	-0.595137	0.011557	-0.005426	-0.013788	0.078450	-0.084654	0.993317	0.180876	-0.978642	-0.097688	0.980372	0.187331	-0.061463
15536	9.765941	-0.948277	-0.568379	0.020945	0.006201	-0.010255	0.078446	-0.084588	0.993323	0.181127	-0.978601	-0.097639	0.980326	0.187578	-0.061446
15537	9.761332	-0.933155	-0.536399	0.030470	0.009637	-0.004888	0.078408	-0.084582	0.993327	0.181475	-0.978536	-0.097647	0.980265	0.187920	-0.061376
15538	9.744513	-0.911825	-0.451587	0.034275	0.005598	-0.002857	0.078423	-0.084588	0.993325	0.181851	-0.978463	-0.097679	0.980194	0.188298	-0.061352
15539	9.751991	-0.903853	-0.472662	0.028289	0.004537	-0.000590	0.078441	-0.084614	0.993321	0.182175	-0.978397	-0.097729	0.980132	0.188625	-0.061332
15540	9.754107	-1.029657	-0.489793	0.020930	0.001297	0.002184	0.078508	-0.084661	0.993312	0.182417	-0.978345	-0.097803	0.980082	0.188875	-0.061364
15541	9.739125	-0.957226	-0.468283	0.016452	-0.000787	0.001144	0.078581	-0.084695	0.993303	0.182612	-0.978303	-0.097863	0.980040	0.189079	-0.061409
15542	9.741047	-0.905975	-0.530572	0.007580	0.001985	0.002587	0.078641	-0.084747	0.993294	0.182722	-0.978275	-0.097933	0.980014	0.189199	-0.061448
15543	9.789942	-0.894346	-0.508763	0.005693	0.012545	0.006493	0.078592	-0.084858	0.993289	0.182810	-0.978248	-0.098037	0.980002	0.189288	-0.061370
15544	9.732340	-0.906962	-0.394991	0.016965	0.013609	0.006112	0.078545	-0.084967	0.993283	0.183009	-0.978200	-0.098148	0.979969	0.189489	-0.061283
15545	9.760931	-0.956280	-0.346605	0.026615	0.018813	0.004037	0.078431	-0.085066	0.993284	0.183307	-0.978134	-0.098243	0.979922	0.189781	-0.061123
15546	9.764389	-0.963393	-0.263357	0.045786	0.027446	0.007328	0.078251	-0.085213	0.993285	0.183788	-0.978030	-0.098384	0.979846	0.190253	-0.060871
15547	9.726357	-0.975129	-0.222213	0.055411	0.032731	0.013053	0.078017	-0.085427	0.993285	0.184355	-0.977903	-0.098584	0.979758	0.190809	-0.060544
15548	9.684865	-0.892310	-0.284281	0.049207	0.027938	0.014598	0.077846	-0.085646	0.993280	0.184864	-0.977785	-0.098798	0.979676	0.191313	-0.060284
15549	9.723516	-0.823380	-0.270151	0.030599	0.023552	0.009946	0.077697	-0.085812	0.993277	0.185194	-0.977707	-0.098953	0.979626	0.191637	-0.060073
15550	9.722259	-0.854667	-0.388606	-0.010410	0.018835	-0.001400	0.077585	-0.085857	0.993282	0.185131	-0.977717	-0.098973	0.979646	0.191566	-0.059961
15551	9.685085	-0.932850	-0.510532	-0.051309	0.006033	-0.003098	0.077583	-0.085862	0.993282	0.184670	-0.977807	-0.098948	0.979733	0.191106	-0.060005
15552	9.670967	-1.015657	-0.628190	-0.070913	-0.010063	-0.007836	0.077743	-0.085789	0.993276	0.184020	-0.977938	-0.098867	0.979843	0.190468	-0.060241
15553	9.688038	-1.035186	-0.714042	-0.072348	-0.019293	-0.018650	0.077961	-0.085593	0.993275	0.183370	-0.978079	-0.098676	0.979948	0.189830	-0.060556
15554	9.726794	-1.050975	-0.683053	-0.056550	-0.026311	-0.024303	0.078249	-0.085329	0.993275	0.182873	-0.978196	-0.098440	0.980018	0.189346	-0.060939
15555	9.724835	-1.011164	-0.645675	-0.027809	-0.019406	-0.026592	0.078453	-0.085055	0.993283	0.182655	-0.978261	-0.098195	0.980042	0.189132	-0.061212
15556	9.722895	-0.971604	-0.607576	-0.000327	-0.017783	-0.023375	0.078660	-0.084816	0.993287	0.182708	-0.978270	-0.098003	0.980015	0.189191	-0.061454
15557	9.756945	-0.973410	-0.544617	0.017504	-0.021367	-0.018091	0.078900	-0.084622	0.993284	0.182929	-0.978242	-0.097871	0.979955	0.189423	-0.061703
15558	9.771290	-0.977256	-0.407095	0.029565	-0.022279	-0.009820	0.079176	-0.084507	0.993272	0.183265	-0.978184	-0.097832	0.979870	0.189778	-0.061961
15559	9.799750	-0.936913	-0.384559	0.035741	-0.017404	-0.003563	0.079403	-0.084463	0.993258	0.183650	-0.978109	-0.097856	0.979780	0.190182	-0.062153
15560	9.733722	-0.839543	-0.345418	0.038225	-0.011609	0.005661	0.079602	-0.084520	0.993237	0.184058	-0.978020	-0.097976	0.979687	0.190612	-0.062296
15561	9.752626	-0.771236	-0.260404	0.031214	-0.014328	0.006360	0.079817	-0.084578	0.993215	0.184399	-0.977944	-0.098096	0.979605	0.190978	-0.062461
15562	9.777567	-0.725424	-0.317899	0.013489	-0.008880	0.001441	0.079982	-0.084598	0.993200	0.184568	-0.977906	-0.098159	0.979560	0.191164	-0.062601
15563	9.795266	-0.775354	-0.330844	-0.014106	-0.007390	-0.006761	0.080105	-0.084541	0.993195	0.184466	-0.977929	-0.098119	0.979569	0.191071	-0.062742
15564	9.707798	-0.856809	-0.364272	-0.040429	-0.010567	-0.011190	0.080263	-0.084434	0.993191	0.184117	-0.978004	-0.098023	0.979622	0.190731	-0.062952
15565	9.713963	-0.966629	-0.486295	-0.047628	-0.022098	-0.014372	0.080514	-0.084274	0.993184	0.183699	-0.978097	-0.097886	0.979680	0.190328	-0.063269
15566	9.642518	-1.039396	-0.677032	-0.058985	-0.030125	-0.017512	0.080852	-0.084069	0.993174	0.183173	-0.978212	-0.097714	0.979750	0.189823	-0.063692
15567	9.657969	-0.961616	-0.675634	-0.052491	-0.041828	-0.023186	0.081283	-0.083786	0.993163	0.182728	-0.978318	-0.097489	0.979798	0.189403	-0.064211
15568	9.742077	-0.958225	-0.705996	-0.052377	-0.040074	-0.030628	0.081695	-0.083434	0.993159	0.182277	-0.978432	-0.097191	0.979847	0.188970	-0.064725
15569	9.723653	-0.964417	-0.747308	-0.047438	-0.040597	-0.026670	0.082107	-0.083119	0.993151	0.181875	-0.978532	-0.096932	0.979888	0.188589	-0.065227
15570	9.762426	-0.980052	-0.718186	-0.028439	-0.045723	-0.022648	0.082590	-0.082835	0.993135	0.181653	-0.978594	-0.096728	0.979888	0.188395	-0.065775
15571	9.788452	-1.049069	-0.685651	-0.013249	-0.046810	-0.020654	0.083075	-0.082568	0.993117	0.181598	-0.978621	-0.096554	0.979857	0.188370	-0.066305
15572	9.727351	-1.053127	-0.658263	0.004574	-0.045299	-0.012238	0.083572	-0.082386	0.993090	0.181691	-0.978612	-0.096475	0.979798	0.188498	-0.066816
15573	9.769465	-0.988452	-0.570974	0.018072	-0.054172	-0.010835	0.084145	-0.082202	0.993057	0.181917	-0.978575	-0.096417	0.979707	0.188768	-0.067388
15574	9.721068	-0.940161	-0.547421	0.016547	-0.048169	-0.012159	0.084670	-0.082015	0.993028	0.182128	-0.978543	-0.096348	0.979623	0.189016	-0.067916
15575	9.708959	-0.932644	-0.499226	0.002742	-0.049907	-0.010014	0.085205	-0.081847	0.992996	0.182206	-0.978534	-0.096289	0.979562	0.189134	-0.068463
15576	9.730039	-0.899415	-0.458542	-0.006780	-0.058466	-0.018530	0.085819	-0.081578	0.992965	0.182193	-0.978551	-0.096140	0.979511	0.189162	-0.069116
15577	9.774341	-0.870774	-0.412250	-0.012679	-0.052690	-0.020520	0.086360	-0.081301	0.992941	0.182127	-0.978581	-0.095965	0.979475	0.189129	-0.069703
15578	9.760540	-0.825473	-0.324236	-0.021681	-0.046729	-0.016244	0.086863	-0.081077	0.992916	0.181966	-0.978624	-0.095829	0.979461	0.189001	-0.070253
15579	9.799564	-0.842032	-0.295414	-0.038039	-0.044124	-0.016974	0.087329	-0.080852	0.992893	0.181636	-0.978701	-0.095671	0.979481	0.188700	-0.070783
15580	9.804156	-0.854565	-0.330903	-0.053952	-0.039131	-0.019413	0.087752	-0.080611	0.992875	0.181162	-0.978807	-0.095480	0.979530	0.188250	-0.071289
15581	9.788913	-0.927537	-0.340583	-0.075750	-0.033446	-0.027001	0.088095	-0.080309	0.992870	0.180488	-0.978959	-0.095198	0.979624	0.187588	-0.071746
15582	9.778903	-0.874127	-0.465586	-0.093829	-0.033594	-0.025137	0.088454	-0.080023	0.992861	0.179629	-0.979144	-0.094921	0.979750	0.186742	-0.072235
15583	9.750434	-0.910851	-0.494031	-0.109263	-0.036335	-0.027829	0.088821	-0.079707	0.992853	0.178605	-0.979362	-0.094602	0.979904	0.185732	-0.072752
15584	9.733714	-0.953714	-0.575643	-0.120681	-0.034299	-0.024603	0.089188	-0.079426	0.992843	0.177482	-0.979595	-0.094309	0.980074	0.184623	-0.073272
15585	9.755375	-0.926250	-0.645624	-0.110684	-0.033553	-0.024158	0.089536	-0.079151	0.992834	0.176461	-0.979806	-0.094026	0.980227	0.183615	-0.073761
15586	9.678660	-0.916008	-0.645138	-0.100683	-0.032792	-0.023714	0.089891	-0.078882	0.992823	0.175533	-0.979999	-0.093756	0.980361	0.182701	-0.074247
15587	9.615450	-0.948383	-0.738546	-0.094650	-0.046911	-0.027768	0.090363	-0.078548	0.992807	0.174662	-0.980184	-0.093446	0.980473	0.181850	-0.074853
15588	9.669677	-1.035887	-0.733347	-0.076528	-0.056872	-0.028233	0.090946	-0.078191	0.992781	0.173975	-0.980335	-0.093148	0.980541	0.181190	-0.075555
15589	9.816663	-1.144213	-0.705777	-0.044623	-0.054841	-0.024493	0.091504	-0.077876	0.992755	0.173594	-0.980425	-0.092910	0.980557	0.180838	-0.076194
15590	9.921782	-1.250479	-0.607758	-0.001727	-0.035108	-0.016961	0.091894	-0.077670	0.992735	0.173630	-0.980431	-0.092780	0.980514	0.180895	-0.076609
15591	9.871743	-1.166472	-0.540442	0.048258	-0.017535	0.002262	0.092132	-0.077686	0.992712	0.174153	-0.980329	-0.092880	0.980399	0.181441	-0.076791
15592	9.859108	-1.065800	-0.397664	0.082559	-0.006532	0.010253	0.092289	-0.077798	0.992688	0.174990	-0.980160	-0.093085	0.980235	0.182301	-0.076844
15593	9.900064	-0.967318	-0.263543	0.096119	0.018660	0.008041	0.092181	-0.077935	0.992688	0.175967	-0.979967	-0.093277	0.980071	0.183278	-0.076621
15594	9.816231	-0.828972	-0.316931	0.085230	0.035146	0.016331	0.091941	-0.078183	0.992690	0.176824	-0.979787	-0.093544	0.979939	0.184132	-0.076258
15595	9.739608	-0.682777	-0.392349	0.040120	0.025476	0.014877	0.091780	-0.078401	0.992688	0.177256	-0.979688	-0.093763	0.979876	0.184565	-0.076019
15596	9.714766	-0.648974	-0.466827	-0.010478	0.023939	0.001953	0.091624	-0.078488	0.992696	0.177189	-0.979695	-0.093814	0.979903	0.184490	-0.075856
15597	9.653586	-0.727868	-0.705649	-0.058282	0.016700	-0.010552	0.091502	-0.078440	0.992711	0.176657	-0.979802	-0.093703	0.980010	0.183943	-0.075797
15598	9.690458	-0.773474	-0.792940	-0.095241	0.003086	-0.024977	0.091503	-0.078224	0.992728	0.175784	-0.979986	-0.093423	0.980167	0.183054	-0.075921
15599	9.705875	-0.842371	-0.815742	-0.121524	0.001562	-0.028939	0.091498	-0.077968	0.992748	0.174663	-0.980219	-0.093082	0.980368	0.181913	-0.076070
15600	9.729379	-0.991279	-0.839688	-0.123823	-0.005577	-0.032840	0.091571	-0.077659	0.992766	0.173517	-0.980458	-0.092702	0.980565	0.180750	-0.076306
15601	9.733387	-1.060229	-0.922170	-0.107965	-0.000477	-0.031867	0.091581	-0.077370	0.992787	0.172530	-0.980666	-0.092341	0.980738	0.179742	-0.076462
15602	9.761278	-1.069181	-0.836706	-0.081380	0.006619	-0.026786	0.091545	-0.077143	0.992808	0.171794	-0.980823	-0.092053	0.980870	0.178985	-0.076537
15603	9.741072	-1.038621	-0.832845	-0.060202	0.011818	-0.023938	0.091450	-0.076955	0.992832	0.171262	-0.980939	-0.091808	0.980972	0.178430	-0.076528
15604	9.752912	-1.035299	-0.773607	-0.044980	0.010829	-0.022001	0.091382	-0.076783	0.992851	0.170878	-0.981025	-0.091596	0.981045	0.178027	-0.076527
15605	9.771209	-1.082672	-0.785586	-0.027296	0.020613	-0.023205	0.091202	-0.076617	0.992881	0.170680	-0.981080	-0.091385	0.981097	0.177799	-0.076399
15606	9.704624	-1.042418	-0.792067	-0.014659	0.006949	-0.026304	0.091164	-0.076396	0.992901	0.170597	-0.981116	-0.091152	0.981114	0.177696	-0.076409
15607	9.702274	-1.062503	-0.801273	0.008242	-0.002061	-0.020392	0.091211	-0.076217	0.992911	0.170742	-0.981105	-0.090996	0.981085	0.177831	-0.076474
15608	9.694239	-0.980020	-0.800947	0.023387	-0.009977	-0.022030	0.091346	-0.076007	0.992914	0.171029	-0.981070	-0.090835	0.981022	0.178115	-0.076618
15609	9.706677	-0.925070	-0.805314	0.038811	-0.024251	-0.021519	0.091611	-0.075778	0.992907	0.171490	-0.981003	-0.090692	0.980917	0.178582	-0.076875
15610	9.751123	-0.897085	-0.755533	0.046098	-0.027819	-0.020077	0.091924	-0.075556	0.992895	0.171998	-0.980925	-0.090569	0.980799	0.179102	-0.077175
15611	9.828481	-0.843831	-0.712663	0.050838	-0.026974	-0.013688	0.092230	-0.075399	0.992879	0.172565	-0.980830	-0.090514	0.980671	0.179685	-0.077450
15612	9.778530	-0.900844	-0.561703	0.050656	-0.018760	-0.015469	0.092462	-0.075237	0.992870	0.173114	-0.980741	-0.090440	0.980552	0.180242	-0.077656
15613	9.750049	-0.933004	-0.475629	0.050193	-0.016094	-0.010570	0.092663	-0.075129	0.992859	0.173656	-0.980647	-0.090412	0.980437	0.180794	-0.077823
15614	9.759752	-0.894685	-0.376987	0.053899	-0.005011	-0.014601	0.092761	-0.075001	0.992860	0.174236	-0.980550	-0.090350	0.980325	0.181373	-0.077889
15615	9.748210	-0.887780	-0.323736	0.044886	0.000889	-0.010273	0.092797	-0.074927	0.992862	0.174735	-0.980464	-0.090323	0.980233	0.181869	-0.077892
15616	9.755367	-0.871701	-0.233062	0.037206	0.008923	-0.014252	0.092760	-0.074827	0.992873	0.175150	-0.980396	-0.090250	0.980162	0.182274	-0.077835
15617	9.760080	-0.884188	-0.262986	0.021719	0.011154	-0.021541	0.092673	-0.074662	0.992893	0.175425	-0.980362	-0.090093	0.980121	0.182527	-0.077756
15618	9.766795	-0.932946	-0.333328	0.012731	0.011976	-0.020410	0.092595	-0.074507	0.992912	0.175606	-0.980343	-0.089940	0.980096	0.182689	-0.077691
15619	9.813594	-0.947712	-0.432222	0.004511	0.015734	-0.023060	0.092462	-0.074335	0.992938	0.175718	-0.980340	-0.089755	0.980089	0.182776	-0.077583
15620	9.797950	-0.939029	-0.569769	-0.008753	0.018170	-0.022217	0.092320	-0.074174	0.992963	0.175690	-0.980363	-0.089568	0.980107	0.182722	-0.077476
15621	9.735942	-0.920097	-0.718807	-0.022921	0.015716	-0.025772	0.092181	-0.073975	0.992991	0.175531	-0.980412	-0.089333	0.980149	0.182536	-0.077390
15622	9.739069	-0.901271	-0.820041	-0.026276	0.011953	-0.035857	0.092076	-0.073669	0.993023	0.175344	-0.980476	-0.088997	0.980192	0.182315	-0.077361
15623	9.723431	-0.884186	-0.846437	-0.018943	0.015271	-0.038648	0.091920	-0.073343	0.993062	0.175236	-0.980528	-0.088638	0.980226	0.182167	-0.077278
15624	9.705266	-0.889269	-0.882289	-0.016829	0.008434	-0.041887	0.091839	-0.072972	0.993097	0.175147	-0.980579	-0.088249	0.980250	0.182042	-0.077275
15625	9.724287	-0.876095	-0.845013	0.001208	0.001793	-0.039533	0.091814	-0.072613	0.993125	0.175233	-0.980595	-0.087897	0.980236	0.182099	-0.077308
15626	9.717744	-0.887737	-0.934437	0.025986	0.004386	-0.032244	0.091789	-0.072328	0.993148	0.175555	-0.980561	-0.087637	0.980181	0.182396	-0.077307
15627	9.643050	-0.908774	-0.858231	0.057818	-0.007190	-0.020013	0.091886	-0.072144	0.993153	0.176169	-0.980461	-0.087522	0.980062	0.183005	-0.077381
15628	9.724632	-0.862597	-0.733677	0.083342	-0.025608	-0.014417	0.092187	-0.071980	0.993137	0.177037	-0.980308	-0.087483	0.979877	0.183886	-0.077628
15629	9.784208	-0.893942	-0.482004	0.107147	-0.017755	-0.005151	0.092415	-0.071921	0.993120	0.178138	-0.980102	-0.087555	0.979656	0.185004	-0.077764
15630	9.897682	-0.933530	-0.350750	0.128197	0.004320	-0.015806	0.092419	-0.071798	0.993128	0.179446	-0.979865	-0.087538	0.979417	0.186303	-0.077675
15631	9.979006	-0.946809	-0.271368	0.151395	0.041976	-0.000978	0.092068	-0.071892	0.993154	0.180976	-0.979571	-0.087685	0.979169	0.187810	-0.077177
15632	9.798336	-0.863437	-0.292501	0.153951	0.054708	0.011800	0.091629	-0.072134	0.993177	0.182510	-0.979261	-0.087961	0.978925	0.189325	-0.076564
15633	9.691957	-0.809490	-0.327983	0.138245	0.041125	0.004835	0.091298	-0.072285	0.993197	0.183903	-0.978983	-0.088155	0.978695	0.190700	-0.076086
15634	9.736711	-0.790563	-0.383306	0.103267	0.033921	-0.003630	0.091035	-0.072337	0.993217	0.184954	-0.978778	-0.088238	0.978522	0.191732	-0.075724
15635	9.751507	-0.714854	-0.373428	0.071979	0.043025	-0.005201	0.090665	-0.072392	0.993247	0.185711	-0.978631	-0.088279	0.978413	0.192461	-0.075283
15636	9.768030	-0.668224	-0.291987	0.045760	0.041611	-0.001366	0.090330	-0.072482	0.993271	0.186198	-0.978533	-0.088340	0.978351	0.192924	-0.074895
15637	9.825435	-0.668430	-0.105155	0.019387	0.055261	-0.003642	0.089846	-0.072578	0.993308	0.186432	-0.978487	-0.088358	0.978351	0.193122	-0.074382
15638	9.812831	-0.713035	0.016067	0.009517	0.063140	-0.008010	0.089289	-0.072645	0.993353	0.186569	-0.978463	-0.088326	0.978376	0.193216	-0.073813
15639	9.901476	-0.857764	0.162080	-0.001203	0.078307	-0.002251	0.088579	-0.072798	0.993405	0.186597	-0.978457	-0.088341	0.978435	0.193191	-0.073087
15640	9.925920	-0.951118	0.199300	-0.003875	0.104742	0.000077	0.087630	-0.073024	0.993473	0.186596	-0.978453	-0.088379	0.978521	0.193123	-0.072116
15641	9.891188	-1.007914	0.096821	0.000208	0.123460	0.013045	0.086508	-0.073415	0.993542	0.186637	-0.978430	-0.088549	0.978613	0.193092	-0.070940
15642	9.705081	-0.949710	-0.120968	0.003941	0.129710	0.029202	0.085368	-0.073974	0.993600	0.186689	-0.978390	-0.088882	0.978703	0.193081	-0.069713
15643	9.769490	-0.991345	-0.291488	0.007415	0.137046	0.032188	0.084147	-0.074579	0.993659	0.186768	-0.978342	-0.089246	0.978794	0.193094	-0.068396
15644	9.725945	-1.000509	-0.512220	0.021374	0.154398	0.029665	0.082767	-0.075190	0.993728	0.186990	-0.978268	-0.089595	0.978869	0.193233	-0.066908
15645	9.767933	-1.058224	-0.502496	0.057377	0.164655	0.024581	0.081259	-0.075774	0.993808	0.187555	-0.978130	-0.089914	0.978887	0.193701	-0.065270
15646	9.794269	-1.102678	-0.519127	0.096724	0.173443	0.018632	0.079672	-0.076316	0.993896	0.188525	-0.977917	-0.090201	0.978831	0.194561	-0.063525
15647	9.767338	-0.945646	-0.561840	0.124646	0.160482	0.018117	0.078196	-0.076831	0.993973	0.189779	-0.977647	-0.090499	0.978708	0.195712	-0.061867
15648	9.673251	-0.782440	-0.736274	0.120963	0.144283	0.019036	0.076896	-0.077323	0.994036	0.190986	-0.977384	-0.090802	0.978576	0.196829	-0.060389
15649	9.592803	-0.654603	-0.894716	0.083990	0.115150	0.012621	0.075853	-0.077698	0.994087	0.191837	-0.977197	-0.091016	0.978491	0.197607	-0.059218
15650	9.544085	-0.611095	-1.049677	0.025385	0.081680	-0.000063	0.075129	-0.077882	0.994128	0.192124	-0.977136	-0.091070	0.978491	0.197838	-0.058448
15651	9.572633	-0.632264	-1.260532	-0.036486	0.044606	-0.015036	0.074722	-0.077847	0.994161	0.191799	-0.977212	-0.090935	0.978586	0.197474	-0.058088
15652	9.579764	-0.563752	-1.423810	-0.083666	0.002131	-0.034387	0.074711	-0.077537	0.994186	0.191044	-0.977393	-0.090584	0.978734	0.196701	-0.058209
15653	9.688227	-0.650689	-1.421850	-0.110182	-0.030690	-0.045536	0.074986	-0.077056	0.994203	0.190041	-0.977633	-0.090106	0.978908	0.195696	-0.058665
15654	9.728185	-0.779389	-1.297939	-0.103179	-0.046954	-0.056399	0.075415	-0.076436	0.994218	0.189111	-0.977866	-0.089524	0.979055	0.194769	-0.059291
15655	9.805952	-0.806373	-1.043235	-0.092490	-0.057053	-0.058901	0.075923	-0.075774	0.994230	0.188281	-0.978082	-0.088921	0.979176	0.193945	-0.059992
15656	9.845238	-0.816075	-0.823337	-0.078677	-0.060274	-0.056328	0.076483	-0.075129	0.994236	0.187591	-0.978265	-0.088353	0.979265	0.193267	-0.060727
15657	9.779507	-0.831328	-0.695395	-0.067733	-0.045810	-0.047544	0.076906	-0.074600	0.994244	0.187007	-0.978420	-0.087878	0.979344	0.192689	-0.061295
15658	9.736315	-0.823471	-0.632097	-0.063502	-0.047320	-0.039409	0.077371	-0.074146	0.994241	0.186454	-0.978561	-0.087486	0.979412	0.192149	-0.061887
15659	9.775878	-0.866622	-0.531443	-0.063267	-0.041630	-0.030516	0.077784	-0.073792	0.994236	0.185914	-0.978690	-0.087183	0.979482	0.191624	-0.062408
15660	9.811930	-0.844223	-0.461509	-0.047017	-0.034129	-0.031156	0.078136	-0.073445	0.994234	0.185516	-0.978793	-0.086884	0.979530	0.191235	-0.062854
15661	9.857125	-0.872478	-0.269191	-0.023273	-0.019477	-0.026009	0.078340	-0.073177	0.994237	0.185342	-0.978847	-0.086648	0.979546	0.191062	-0.063120
15662	9.825533	-0.895176	-0.071138	0.008493	0.006567	-0.016425	0.078321	-0.073052	0.994248	0.185476	-0.978832	-0.086530	0.979523	0.191186	-0.063114
15663	9.840247	-0.788069	0.057230	0.029153	0.028236	-0.009302	0.078089	-0.073039	0.994267	0.185813	-0.978771	-0.086494	0.979477	0.191502	-0.062860
15664	9.829178	-0.729284	0.051317	0.029788	0.041272	-0.006754	0.077748	-0.073075	0.994291	0.186148	-0.978708	-0.086485	0.979441	0.191809	-0.062490
15665	9.785042	-0.726874	-0.067745	0.002346	0.053259	-0.002988	0.077282	-0.073172	0.994321	0.186219	-0.978693	-0.086495	0.979464	0.191846	-0.062009
15666	9.697040	-0.692389	-0.189446	-0.031756	0.056050	-0.004169	0.076800	-0.073261	0.994351	0.185950	-0.978747	-0.086474	0.979553	0.191541	-0.061545
15667	9.725498	-0.740941	-0.330367	-0.063614	0.046949	-0.011714	0.076382	-0.073262	0.994383	0.185397	-0.978862	-0.086359	0.979691	0.190952	-0.061185
15668	9.684068	-0.744759	-0.562436	-0.095914	0.035454	-0.017560	0.076078	-0.073181	0.994413	0.184508	-0.979047	-0.086166	0.979882	0.190033	-0.060981
15669	9.694307	-0.771239	-0.814303	-0.112714	0.028456	-0.028052	0.075809	-0.072985	0.994448	0.183479	-0.979267	-0.085858	0.980096	0.188969	-0.060846
15670	9.703901	-0.736654	-1.018321	-0.114773	0.004276	-0.041844	0.075766	-0.072607	0.994479	0.182424	-0.979503	-0.085412	0.980296	0.187888	-0.060968
15671	9.707200	-0.767943	-1.059788	-0.119872	-0.010941	-0.045493	0.075852	-0.072164	0.994504	0.181338	-0.979747	-0.084925	0.980491	0.186784	-0.061230
15672	9.723702	-0.805309	-0.962967	-0.090181	-0.020786	-0.040734	0.076058	-0.071750	0.994519	0.180523	-0.979934	-0.084504	0.980626	0.185961	-0.061579
15673	9.761851	-0.930132	-0.919720	-0.067551	-0.028324	-0.032139	0.076341	-0.071408	0.994522	0.179929	-0.980071	-0.084182	0.980713	0.185369	-0.061971
15674	9.783517	-0.983949	-0.854802	-0.029835	-0.026722	-0.022905	0.076637	-0.071157	0.994517	0.179692	-0.980132	-0.083975	0.980733	0.185142	-0.062328
15675	9.729042	-1.033216	-0.593253	0.030700	-0.017102	-0.013215	0.076844	-0.071021	0.994510	0.180060	-0.980071	-0.083902	0.980649	0.185519	-0.062524
15676	9.852950	-1.049023	-0.392519	0.095171	-0.002674	0.002426	0.076950	-0.071063	0.994499	0.181030	-0.979882	-0.084026	0.980463	0.186500	-0.062537
15677	9.830446	-1.045830	-0.204093	0.159802	0.022344	0.022342	0.076836	-0.071349	0.994488	0.182632	-0.979553	-0.084388	0.980174	0.188109	-0.062234
15678	9.753273	-1.153771	0.009011	0.220416	0.035615	0.040536	0.076636	-0.071836	0.994468	0.184799	-0.979096	-0.084967	0.979784	0.190288	-0.061759
15679	9.942921	-1.180980	0.155769	0.295910	0.060887	0.054320	0.076206	-0.072509	0.994452	0.187726	-0.978473	-0.085729	0.979261	0.193217	-0.060953
15680	9.861784	-1.144350	0.018114	0.325366	0.093205	0.059250	0.075481	-0.073293	0.994450	0.190904	-0.977785	-0.086555	0.978702	0.196378	-0.059812
15681	9.751412	-1.032214	-0.236526	0.318082	0.100172	0.066178	0.074691	-0.074163	0.994445	0.194027	-0.977091	-0.087442	0.978149	0.199480	-0.058591
15682	9.625281	-0.849341	-0.471819	0.298097	0.088137	0.066562	0.074035	-0.075013	0.994430	0.196930	-0.976432	-0.088316	0.977618	0.202372	-0.057518
15683	9.709909	-0.687748	-0.644531	0.250885	0.071211	0.060835	0.073523	-0.075776	0.994411	0.199381	-0.975863	-0.089104	0.977160	0.204817	-0.056640
15684	9.829040	-0.588397	-0.802863	0.190138	0.061187	0.045411	0.073092	-0.076367	0.994397	0.201243	-0.975425	-0.089702	0.976811	0.206672	-0.055927
15685	9.727932	-0.465994	-0.895845	0.125488	0.041759	0.036564	0.072821	-0.076834	0.994381	0.202491	-0.975124	-0.090175	0.976573	0.207920	-0.055452
15686	9.744778	-0.371096	-0.879028	0.066724	0.019569	0.016986	0.072740	-0.077062	0.994369	0.203168	-0.974960	-0.090420	0.976438	0.208601	-0.055263
15687	9.745082	-0.400457	-0.805444	0.019143	0.010540	0.003691	0.072709	-0.077143	0.994365	0.203413	-0.974901	-0.090507	0.976389	0.208848	-0.055192
15688	9.768639	-0.460887	-0.654580	-0.011655	0.001279	-0.010433	0.072751	-0.077066	0.994368	0.203345	-0.974922	-0.090436	0.976401	0.208779	-0.055256
15689	9.737170	-0.629415	-0.480524	-0.030529	-0.003684	-0.013081	0.072825	-0.076955	0.994371	0.203121	-0.974978	-0.090330	0.976442	0.208556	-0.055372
15690	9.750845	-0.719573	-0.317605	-0.021432	-0.000676	-0.005600	0.072896	-0.076921	0.994369	0.202954	-0.975016	-0.090302	0.976471	0.208394	-0.055464
15691	9.651543	-0.792139	-0.105497	-0.000708	-0.000990	0.004160	0.072979	-0.076983	0.994358	0.202988	-0.975001	-0.090382	0.976458	0.208439	-0.055528
15692	9.788188	-0.899705	0.067916	0.009247	0.004684	0.000025	0.073009	-0.077015	0.994353	0.203116	-0.974970	-0.090427	0.976429	0.208571	-0.055538
15693	9.854147	-1.075524	0.166432	0.036165	0.020783	-0.000770	0.072870	-0.077075	0.994359	0.203548	-0.974875	-0.090481	0.976349	0.208993	-0.055351
15694	9.807577	-1.236864	0.123879	0.060167	0.040659	-0.002439	0.072544	-0.077158	0.994376	0.204175	-0.974739	-0.090530	0.976243	0.209594	-0.054958
15695	9.726752	-1.308650	-0.006218	0.092618	0.040899	0.018109	0.072245	-0.077443	0.994376	0.205115	-0.974517	-0.090799	0.976068	0.210521	-0.054519
15696	9.669239	-1.216085	-0.096679	0.127229	0.034276	0.035545	0.072060	-0.077884	0.994355	0.206369	-0.974209	-0.091261	0.975817	0.211781	-0.054128
15697	9.670001	-1.053286	-0.251088	0.152956	0.033020	0.033703	0.071870	-0.078305	0.994336	0.207889	-0.973843	-0.091717	0.975509	0.213303	-0.053711
15698	9.701789	-0.915523	-0.349308	0.156637	0.031969	0.030755	0.071698	-0.078694	0.994317	0.209433	-0.973472	-0.092146	0.975191	0.214849	-0.053315
15699	9.686263	-0.906373	-0.373219	0.157498	0.029617	0.023815	0.071521	-0.079012	0.994305	0.210995	-0.973100	-0.092504	0.974867	0.216409	-0.052926
15700	9.743113	-0.976275	-0.345057	0.174677	0.024602	0.017802	0.071395	-0.079260	0.994294	0.212723	-0.972695	-0.092813	0.974501	0.218135	-0.052586
15701	9.756965	-1.074306	-0.368910	0.193399	0.020549	0.016650	0.071292	-0.079490	0.994283	0.214638	-0.972245	-0.093118	0.974088	0.220050	-0.052252
15702	9.726068	-1.079565	-0.349780	0.214210	0.009831	0.020223	0.071316	-0.079729	0.994262	0.216748	-0.971743	-0.093470	0.973619	0.222170	-0.052020
15703	9.651333	-1.025898	-0.408139	0.222230	0.004020	0.022691	0.071389	-0.079980	0.994237	0.218936	-0.971215	-0.093849	0.973124	0.224374	-0.051823
15704	9.733351	-1.077784	-0.366171	0.249149	-0.004185	0.016567	0.071542	-0.080152	0.994212	0.221386	-0.970628	-0.094182	0.972558	0.226843	-0.051696
15705	9.738484	-1.122757	-0.321326	0.274166	0.002088	0.022626	0.071635	-0.080399	0.994185	0.224078	-0.969970	-0.094586	0.971935	0.229551	-0.051468
15706	9.817987	-0.991113	-0.137213	0.295543	0.004185	0.028527	0.071735	-0.080705	0.994153	0.226967	-0.969252	-0.095061	0.971257	0.232459	-0.051212
15707	9.826836	-0.929251	-0.027252	0.312823	0.023426	0.033341	0.071645	-0.081105	0.994127	0.230021	-0.968480	-0.095590	0.970545	0.235519	-0.050731
15708	9.699009	-0.728866	0.026182	0.307668	0.028926	0.040150	0.071534	-0.081581	0.994096	0.233015	-0.967705	-0.096183	0.969839	0.238520	-0.050214
15709	9.691918	-0.567433	0.080703	0.280711	0.017707	0.036387	0.071510	-0.081997	0.994064	0.235752	-0.966988	-0.096723	0.969179	0.241269	-0.049818
15710	9.624012	-0.497069	0.191016	0.235332	0.014128	0.026581	0.071512	-0.082307	0.994038	0.238051	-0.966382	-0.097143	0.968616	0.243579	-0.049515
15711	9.652322	-0.519552	0.169684	0.160804	0.010012	0.018805	0.071522	-0.082534	0.994018	0.239635	-0.965960	-0.097447	0.968225	0.245171	-0.049309
15712	9.604953	-0.545671	-0.042484	0.091724	-0.004242	0.006906	0.071656	-0.082610	0.994003	0.240556	-0.965716	-0.097600	0.967987	0.246106	-0.049327
15713	9.473927	-0.607826	-0.351062	0.007309	-0.020584	0.000052	0.071916	-0.082580	0.993986	0.240665	-0.965684	-0.097641	0.967940	0.246240	-0.049574
15714	9.559408	-0.618727	-0.571367	-0.056888	-0.061026	-0.013060	0.072552	-0.082322	0.993961	0.240162	-0.965822	-0.097522	0.968018	0.245787	-0.050302
15715	9.668111	-0.745000	-0.688897	-0.118748	-0.085908	-0.026623	0.073381	-0.081875	0.993938	0.239072	-0.966121	-0.097234	0.968225	0.244758	-0.051321
15716	9.689698	-0.892752	-0.793052	-0.153406	-0.109215	-0.029064	0.074446	-0.081346	0.993902	0.237645	-0.966506	-0.096904	0.968495	0.243410	-0.052621
15717	9.698070	-1.056722	-0.774950	-0.135819	-0.133670	-0.025871	0.075740	-0.080792	0.993849	0.236389	-0.966843	-0.096611	0.968702	0.242253	-0.054131
15718	9.607314	-1.296684	-0.736326	-0.096379	-0.150818	-0.031481	0.077204	-0.080142	0.993789	0.235517	-0.967089	-0.096285	0.968799	0.241488	-0.055788
15719	9.729895	-1.334845	-0.669638	-0.030713	-0.170097	-0.035706	0.078829	-0.079406	0.993721	0.235287	-0.967178	-0.095950	0.968724	0.241373	-0.057558
15720	9.731542	-1.236239	-0.440049	0.032262	-0.174806	-0.036915	0.080512	-0.078646	0.993646	0.235667	-0.967116	-0.095641	0.968493	0.241870	-0.059330
15721	9.681744	-1.123422	-0.384807	0.063922	-0.178176	-0.028260	0.082232	-0.077961	0.993559	0.236348	-0.966970	-0.095436	0.968183	0.242673	-0.061089
15722	9.662576	-1.009130	-0.345644	0.061963	-0.184346	-0.018461	0.084049	-0.077354	0.993455	0.237000	-0.966821	-0.095331	0.967867	0.243462	-0.062927
15723	9.686806	-0.803917	-0.210127	0.042158	-0.188760	-0.014348	0.085903	-0.076776	0.993341	0.237460	-0.966716	-0.095253	0.967592	0.244061	-0.064813
15724	9.753183	-0.715619	-0.125198	-0.010041	-0.190837	-0.014614	0.087791	-0.076187	0.993221	0.237412	-0.966739	-0.095141	0.967434	0.244156	-0.066783
15725	9.764091	-0.771000	-0.131503	-0.090922	-0.184926	-0.026597	0.089578	-0.075500	0.993114	0.236595	-0.966967	-0.094853	0.967470	0.243463	-0.068756
15726	9.624863	-0.727748	-0.371653	-0.165650	-0.191161	-0.034029	0.091424	-0.074726	0.993004	0.235060	-0.967382	-0.094439	0.967672	0.242050	-0.070877
15727	9.586244	-0.657805	-0.491379	-0.219603	-0.208917	-0.053540	0.093381	-0.073725	0.992897	0.233023	-0.967938	-0.093787	0.967977	0.240126	-0.073208
15728	9.676836	-0.581459	-0.515638	-0.272511	-0.223277	-0.071181	0.095455	-0.072522	0.992789	0.230489	-0.968628	-0.092918	0.968382	0.237696	-0.075745
15729	9.771269	-0.629331	-0.553844	-0.332011	-0.225932	-0.083334	0.097513	-0.071201	0.992684	0.227392	-0.969460	-0.091872	0.968909	0.234687	-0.078344
15730	9.876552	-0.783102	-0.517763	-0.378653	-0.231373	-0.078551	0.099654	-0.069920	0.992562	0.223836	-0.970385	-0.090831	0.969519	0.231223	-0.081052
15731	9.735457	-0.955290	-0.433362	-0.398001	-0.223734	-0.079878	0.101707	-0.068653	0.992443	0.220095	-0.971341	-0.089749	0.970162	0.227560	-0.083682
15732	9.802108	-1.242259	-0.242072	-0.384175	-0.222415	-0.084312	0.103757	-0.067352	0.992320	0.216490	-0.972254	-0.088626	0.970756	0.224023	-0.086297
15733	9.870907	-1.409121	0.044211	-0.334254	-0.189689	-0.083955	0.105478	-0.066135	0.992220	0.213371	-0.973041	-0.087539	0.971261	0.220944	-0.088524
15734	9.800959	-1.500458	0.235393	-0.276182	-0.163988	-0.073767	0.106991	-0.065078	0.992128	0.210803	-0.973685	-0.086601	0.971656	0.218409	-0.090457
15735	9.803187	-1.484052	0.328293	-0.206681	-0.140210	-0.066850	0.108272	-0.064145	0.992050	0.208905	-0.974166	-0.085789	0.971924	0.216533	-0.092075
15736	9.847270	-1.412029	0.403680	-0.135785	-0.107181	-0.064807	0.109255	-0.063303	0.991996	0.207692	-0.974489	-0.085061	0.972074	0.215323	-0.093320
15737	9.867177	-1.174256	0.399438	-0.086299	-0.074530	-0.060174	0.109913	-0.062581	0.991969	0.206958	-0.974701	-0.084423	0.972156	0.214575	-0.094180
15738	9.865064	-0.858469	0.338786	-0.080468	-0.049517	-0.064918	0.110336	-0.061863	0.991967	0.206284	-0.974902	-0.083744	0.972251	0.213867	-0.094805
15739	9.806926	-0.674554	0.298414	-0.121398	-0.021637	-0.066464	0.110466	-0.061193	0.991994	0.205216	-0.975190	-0.083009	0.972463	0.212743	-0.095168
15740	9.864086	-0.522197	0.175866	-0.182137	-0.014290	-0.080921	0.110516	-0.060395	0.992038	0.203570	-0.975614	-0.082074	0.972803	0.211020	-0.095526
15741	9.786602	-0.517406	0.068019	-0.246478	-0.004267	-0.092019	0.110427	-0.059513	0.992101	0.201313	-0.976175	-0.080965	0.973283	0.208663	-0.095816
15742	9.684959	-0.459692	0.105926	-0.300985	-0.011168	-0.120374	0.110371	-0.058336	0.992177	0.198552	-0.976859	-0.079523	0.973856	0.205776	-0.096234
15743	9.642353	-0.406559	0.212278	-0.361873	-0.025262	-0.155307	0.110367	-0.056792	0.992267	0.195237	-0.977675	-0.077673	0.974526	0.202300	-0.096815
15744	9.748626	-0.460388	0.024117	-0.476217	-0.044526	-0.183768	0.110521	-0.054928	0.992355	0.190834	-0.978720	-0.075427	0.975381	0.197711	-0.097687
15745	9.796987	-0.427999	-0.289294	-0.581174	-0.062531	-0.199624	0.110810	-0.052877	0.992434	0.185422	-0.979950	-0.072915	0.976391	0.192099	-0.098784
15746	9.758002	-0.481915	-0.747393	-0.665807	-0.076814	-0.208745	0.111255	-0.050708	0.992497	0.179186	-0.981306	-0.070223	0.977504	0.185655	-0.100089
15747	9.766072	-0.606909	-1.033934	-0.713693	-0.096525	-0.214123	0.111877	-0.048456	0.992540	0.172484	-0.982702	-0.067418	0.978638	0.178739	-0.101584
15748	9.873921	-0.811673	-1.273407	-0.733361	-0.104252	-0.216856	0.112606	-0.046165	0.992567	0.165583	-0.984081	-0.064556	0.979746	0.171621	-0.103169
15749	9.910936	-1.035210	-1.327878	-0.706283	-0.100210	-0.213499	0.113296	-0.043922	0.992590	0.158939	-0.985356	-0.061744	0.980766	0.164757	-0.104656
15750	10.012415	-1.224051	-1.296342	-0.638760	-0.096425	-0.204000	0.113998	-0.041781	0.992602	0.152940	-0.986467	-0.059087	0.981638	0.158545	-0.106065
15751	10.109315	-1.307298	-1.028185	-0.519729	-0.077539	-0.187191	0.114532	-0.039841	0.992620	0.148090	-0.987346	-0.056716	0.982320	0.153493	-0.107182
15752	10.192864	-1.224500	-0.658939	-0.391444	-0.039228	-0.160742	0.114756	-0.038220	0.992658	0.144464	-0.987995	-0.054742	0.982833	0.149686	-0.107857
15753	10.277812	-1.069007	-0.220141	-0.281478	0.023035	-0.133697	0.114392	-0.036963	0.992748	0.141890	-0.988454	-0.053153	0.983251	0.146941	-0.107826
15754	10.275666	-1.025267	0.182686	-0.203351	0.096924	-0.112499	0.113354	-0.036019	0.992902	0.140055	-0.988785	-0.051859	0.983634	0.144939	-0.107038
15755	10.216303	-0.951303	0.647401	-0.154839	0.168401	-0.096527	0.111616	-0.035338	0.993123	0.138680	-0.989035	-0.050779	0.984027	0.143394	-0.105491
15756	10.118217	-0.796886	1.007320	-0.143764	0.241872	-0.092516	0.109181	-0.034795	0.993413	0.137404	-0.989265	-0.049751	0.984479	0.141931	-0.103228
15757	9.857486	-0.606142	1.092773	-0.159722	0.303164	-0.102303	0.106108	-0.034242	0.993765	0.135981	-0.989518	-0.048615	0.985013	0.140292	-0.100339
15758	9.741143	-0.453879	1.180426	-0.198175	0.320557	-0.107822	0.102878	-0.033649	0.994125	0.134178	-0.989823	-0.047389	0.985603	0.138265	-0.097316
15759	9.647338	-0.227812	1.338024	-0.257807	0.337270	-0.122951	0.099439	-0.032926	0.994499	0.131801	-0.990210	-0.045962	0.986276	0.135647	-0.094126
15760	9.590676	-0.120819	1.455879	-0.314954	0.361425	-0.128342	0.095779	-0.032166	0.994883	0.128857	-0.990667	-0.044435	0.987027	0.132453	-0.090741
15761	9.496184	-0.030068	1.501799	-0.354226	0.391370	-0.140154	0.091785	-0.031322	0.995286	0.125531	-0.991167	-0.042768	0.987835	0.128865	-0.087042
15762	9.603099	-0.008635	1.610858	-0.384683	0.429416	-0.164595	0.087411	-0.030263	0.995713	0.121915	-0.991700	-0.040843	0.988684	0.124962	-0.082996
15763	9.815981	-0.060428	1.751673	-0.429638	0.458422	-0.194167	0.082690	-0.028933	0.996155	0.117871	-0.992278	-0.038605	0.989580	0.120610	-0.078641
15764	10.090680	-0.196068	1.678401	-0.488201	0.486856	-0.223530	0.077685	-0.027318	0.996604	0.113255	-0.992912	-0.036045	0.990524	0.115671	-0.074040
15765	10.149350	-0.342303	1.445161	-0.547088	0.532145	-0.244549	0.072185	-0.025524	0.997065	0.108058	-0.993588	-0.033258	0.991520	0.110141	-0.068964
15766	10.280960	-0.496765	1.232467	-0.586344	0.566589	-0.259718	0.066364	-0.023579	0.997517	0.102460	-0.994275	-0.030319	0.992521	0.104218	-0.063568
15767	10.346041	-0.555997	0.958578	-0.577644	0.589480	-0.254975	0.060299	-0.021675	0.997945	0.096927	-0.994912	-0.027466	0.993463	0.098384	-0.057891
15768	10.314243	-0.606571	0.684567	-0.484744	0.630339	-0.235545	0.053884	-0.019966	0.998348	0.092283	-0.995422	-0.024889	0.994274	0.093472	-0.051795
15769	10.168853	-0.510887	0.563640	-0.342063	0.661864	-0.206058	0.047156	-0.018558	0.998715	0.089027	-0.995770	-0.022707	0.994912	0.089984	-0.045304
15770	10.028751	-0.324481	0.582258	-0.170255	0.682115	-0.178920	0.040283	-0.017415	0.999037	0.087451	-0.995950	-0.020887	0.995354	0.088208	-0.038596
15771	10.023963	-0.128230	1.038670	0.012503	0.714674	-0.159921	0.033069	-0.016489	0.999317	0.087677	-0.995961	-0.019335	0.995600	0.088257	-0.031489
15772	10.103963	-0.035139	1.742170	0.192912	0.773433	-0.161118	0.025298	-0.015605	0.999558	0.089685	-0.995811	-0.017817	0.995649	0.090096	-0.023793
