// General information: 
//  MT Manager version: 2022.2.0 
//  XDA version: 2022.2.0 build 7381 rev 124627 built on 2023-07-19
// Device information: 
//  DeviceId: 00B4CB9F
//  ProductCode: MTW2-3A7G6
//  Firmware Version: 4.6.0
//  Hardware Version: 2.0.0
// Device settings: 
//  Filter Profile: human(46.1)
//  Option Flags: Orientation Smoother Disabled, Position/Velocity Smoother Disabled, Continuous Zero Rotation Update Disabled, AHS Disabled, ICC Disabled
// Coordinate system: ENU
PacketCounter	Acc_X	Acc_Y	Acc_Z	Gyr_X	Gyr_Y	Gyr_Z	Mat[1][1]	Mat[2][1]	Mat[3][1]	Mat[1][2]	Mat[2][2]	Mat[3][2]	Mat[1][3]	Mat[2][3]	Mat[3][3]
47881	10.430980	-0.385732	2.881681	0.096240	1.387764	-0.536270	0.220442	0.140005	0.965300	-0.406060	0.912984	-0.039687	-0.886860	-0.383221	0.258111
47882	9.998290	-0.315865	1.422783	-0.091645	1.192936	-0.545885	0.233181	0.140007	0.962302	-0.405134	0.913597	-0.034751	-0.884021	-0.381758	0.269755
47883	10.213776	-0.517724	0.084889	-0.354525	0.978819	-0.524540	0.243876	0.138936	0.959803	-0.400788	0.915656	-0.030709	-0.883116	-0.377188	0.278991
47884	10.888413	-0.763162	-0.870741	-0.520040	0.907162	-0.458921	0.253669	0.138709	0.957294	-0.396599	0.917569	-0.027860	-0.882248	-0.372594	0.287771
47885	11.460076	-1.336884	-1.592993	-0.673863	0.908377	-0.377302	0.263102	0.138605	0.954760	-0.389717	0.920561	-0.026247	-0.882552	-0.365180	0.296218
47886	11.735026	-1.692989	-1.923083	-0.632039	0.952229	-0.272771	0.272505	0.139968	0.951919	-0.384449	0.922791	-0.025629	-0.882009	-0.358980	0.305276
47887	11.846891	-2.103381	-2.033116	-0.489509	0.994127	-0.167919	0.281845	0.141970	0.948898	-0.379708	0.924753	-0.025575	-0.881127	-0.353096	0.314544
47888	11.668523	-2.355221	-1.928614	-0.244742	1.055595	-0.081998	0.291388	0.145159	0.945527	-0.377807	0.925529	-0.025658	-0.878838	-0.349750	0.324530
47889	11.087812	-2.452759	-1.921837	-0.017005	1.115570	-0.016154	0.301169	0.148916	0.941871	-0.377651	0.925594	-0.025586	-0.875601	-0.347993	0.334999
47890	10.392422	-2.368496	-1.593385	0.201811	1.142742	0.023031	0.311007	0.153255	0.937970	-0.379701	0.924766	-0.025198	-0.871264	-0.348311	0.345800
47891	10.123593	-2.089879	-1.096902	0.400735	1.118246	0.034531	0.320525	0.157496	0.934055	-0.383334	0.923294	-0.024138	-0.866209	-0.350318	0.356313
47892	10.247732	-1.744598	-0.817795	0.571099	1.075565	0.028255	0.329641	0.161690	0.930158	-0.388569	0.921147	-0.022418	-0.860436	-0.354041	0.366475
47893	10.314800	-1.253175	-0.639813	0.711900	1.050236	0.021657	0.338495	0.165648	0.926273	-0.394787	0.918555	-0.019998	-0.854145	-0.358912	0.376322
47894	10.028729	-0.968420	-0.584289	0.784420	1.023507	0.055702	0.346917	0.169992	0.922362	-0.401832	0.915544	-0.017599	-0.847455	-0.364529	0.385926
47895	9.521584	-0.699393	-0.565010	0.882227	0.986767	0.113144	0.354721	0.174668	0.918512	-0.409717	0.912086	-0.015217	-0.840419	-0.370932	0.395100
47896	8.921202	-0.327662	-0.497215	0.938127	0.948442	0.180263	0.361844	0.179975	0.914701	-0.418369	0.908182	-0.013191	-0.833089	-0.377909	0.403916
47897	8.468233	-0.063978	-0.308792	0.946279	0.891013	0.232916	0.368186	0.185496	0.911060	-0.427111	0.904126	-0.011477	-0.825842	-0.384898	0.412114
47898	8.259015	0.242164	-0.125987	0.936323	0.807665	0.248811	0.373685	0.190977	0.907682	-0.435869	0.899956	-0.009907	-0.818766	-0.391928	0.419541
47899	8.193212	0.462472	-0.013746	0.890067	0.698086	0.244423	0.378239	0.195942	0.904733	-0.444089	0.895943	-0.008380	-0.812232	-0.398612	0.425896
47900	8.371795	0.685554	0.061787	0.861134	0.560912	0.236099	0.381650	0.200386	0.902324	-0.452065	0.891959	-0.006877	-0.806214	-0.405284	0.431003
47901	8.598188	0.869737	0.165759	0.803271	0.458669	0.238822	0.384183	0.204395	0.900348	-0.459476	0.888173	-0.005570	-0.800803	-0.411548	0.435136
47902	8.632104	1.293713	0.584779	0.752823	0.426240	0.265259	0.386289	0.208569	0.898488	-0.466595	0.884459	-0.004708	-0.795657	-0.417411	0.438973
47903	8.319869	1.732741	1.167977	0.634450	0.427649	0.275026	0.388326	0.212802	0.896615	-0.472736	0.881193	-0.004399	-0.791027	-0.422154	0.442789
47904	7.468943	1.933778	1.326107	0.461928	0.419000	0.260515	0.390327	0.216902	0.894762	-0.477458	0.878642	-0.004710	-0.787196	-0.425373	0.446519
47905	6.726309	2.026420	1.779746	0.215586	0.371374	0.201966	0.392215	0.220266	0.893112	-0.479985	0.877259	-0.005568	-0.784717	-0.426497	0.449799
47906	6.215886	1.946919	2.289997	-0.070263	0.255891	0.104601	0.393656	0.222287	0.891977	-0.479891	0.877301	-0.006840	-0.784053	-0.425360	0.452028
47907	6.282466	2.178656	2.705892	-0.352205	0.100130	-0.003020	0.394392	0.222695	0.891550	-0.477158	0.878777	-0.008425	-0.785350	-0.422088	0.452843
47908	6.573361	2.228063	2.826089	-0.722278	-0.065522	-0.081528	0.394200	0.221702	0.891882	-0.471184	0.881967	-0.010980	-0.789045	-0.415912	0.452134
47909	6.868598	1.316524	2.459314	-1.111464	-0.184557	-0.062583	0.392967	0.220400	0.892749	-0.462177	0.886653	-0.015455	-0.794965	-0.406535	0.450289
47910	7.083328	-0.326161	2.198147	-1.270972	-0.260147	0.047712	0.390612	0.219768	0.893938	-0.452239	0.891635	-0.021594	-0.801812	-0.395839	0.447671
47911	8.020326	-2.039589	2.106663	-1.204067	-0.253681	0.154887	0.387812	0.220173	0.895056	-0.443192	0.895978	-0.028373	-0.808197	-0.385678	0.445050
47912	8.441740	-2.917983	2.290499	-0.926406	-0.218449	0.272329	0.384782	0.221771	0.895969	-0.436751	0.898904	-0.034931	-0.813137	-0.377875	0.442741
47913	8.021129	-3.108847	1.902449	-0.474372	-0.189081	0.407802	0.381401	0.224740	0.896674	-0.434493	0.899755	-0.040701	-0.815935	-0.374075	0.440816
47914	7.540543	-2.342653	1.929940	-0.123768	-0.243445	0.425698	0.377498	0.227657	0.897590	-0.435121	0.899243	-0.045079	-0.817414	-0.373543	0.438521
47915	8.114735	-1.693759	1.804981	0.132858	-0.275911	0.394210	0.373458	0.230179	0.898636	-0.437730	0.897821	-0.048058	-0.817876	-0.375413	0.436055
47916	7.541630	-0.869790	0.990367	0.206277	-0.475865	0.266322	0.368329	0.230772	0.900599	-0.440423	0.896420	-0.049576	-0.818756	-0.378385	0.431815
47917	8.591186	-0.585459	1.099871	0.068349	-0.811474	0.101626	0.361162	0.228614	0.904045	-0.441397	0.895905	-0.050220	-0.821420	-0.380906	0.424476
47918	10.133788	-0.752972	2.652122	0.173227	-0.916104	0.033576	0.353411	0.225396	0.907908	-0.442947	0.895163	-0.049811	-0.823953	-0.384551	0.416198
47919	11.842068	-1.540307	4.552281	0.287262	-0.951696	0.049956	0.345273	0.222172	0.911826	-0.445533	0.893918	-0.049103	-0.826007	-0.389295	0.407630
47920	12.242054	-1.919828	5.432183	0.469803	-0.847508	0.237378	0.337139	0.220952	0.915160	-0.450228	0.891547	-0.049390	-0.826821	-0.395379	0.400053
47921	11.086511	-2.232237	4.419243	0.615819	-0.926753	0.394446	0.327621	0.220774	0.918653	-0.456673	0.888195	-0.050590	-0.827112	-0.402950	0.391812
47922	11.034345	-2.759730	4.314048	0.581306	-1.081253	0.486572	0.316366	0.220682	0.922612	-0.463057	0.884752	-0.052842	-0.827943	-0.410505	0.382094
47923	13.066431	-3.225391	7.364429	1.027612	-0.968284	0.524817	0.305835	0.221291	0.926010	-0.473230	0.879293	-0.053833	-0.826147	-0.421752	0.373640
47924	15.114173	-1.661702	12.215690	2.297939	-0.515588	0.543048	0.298902	0.223812	0.927667	-0.493766	0.868136	-0.050353	-0.816610	-0.443000	0.369998
47925	12.710319	3.454989	13.136307	3.593891	-0.019472	0.512744	0.296068	0.228136	0.927522	-0.524355	0.850473	-0.041808	-0.798371	-0.473973	0.371422
47926	7.162608	10.039965	9.451958	3.439455	-0.042266	0.356362	0.293742	0.230950	0.927566	-0.552598	0.832819	-0.032362	-0.779968	-0.503065	0.372256
47927	5.153075	12.294418	5.855516	1.728333	-0.339533	0.070081	0.290650	0.229799	0.928825	-0.566247	0.823805	-0.026625	-0.771289	-0.518206	0.369562
47928	6.269399	9.928571	3.830798	-0.342375	-0.480253	-0.249393	0.288284	0.225248	0.930675	-0.562916	0.826118	-0.025575	-0.774608	-0.516519	0.364952
47929	8.327573	4.596433	2.776820	-2.038448	-0.509438	-0.382547	0.286359	0.219477	0.932646	-0.545935	0.837311	-0.029419	-0.787371	-0.500739	0.359592
47930	9.847054	-1.868252	1.377221	-2.780993	-0.496661	-0.293636	0.283923	0.214529	0.934540	-0.522988	0.851554	-0.036590	-0.803661	-0.478364	0.353972
47931	10.120997	-6.959245	0.623631	-2.400466	-0.405827	-0.098763	0.281074	0.211786	0.936025	-0.503294	0.862988	-0.044129	-0.817125	-0.458692	0.349155
47932	9.587887	-9.236255	1.145486	-1.411877	-0.394898	0.097029	0.277290	0.210811	0.937373	-0.491987	0.869170	-0.049935	-0.825263	-0.447329	0.344729
47933	9.807554	-8.373723	1.953031	-0.309855	-0.450003	0.229099	0.272379	0.210802	0.938814	-0.490094	0.870046	-0.053169	-0.828020	-0.445625	0.340295
47934	9.622549	-5.353496	2.135737	0.488399	-0.463011	0.293836	0.267034	0.211283	0.940241	-0.494962	0.867216	-0.054301	-0.826865	-0.450883	0.336153
47935	9.413112	-2.085602	2.701271	0.893820	-0.456869	0.285598	0.261771	0.211680	0.941630	-0.503132	0.862519	-0.054026	-0.823611	-0.459622	0.332285
47936	9.531396	0.643518	3.380687	1.139239	-0.382018	0.233472	0.257378	0.211924	0.942786	-0.513134	0.856702	-0.052490	-0.818810	-0.470266	0.329241
47937	9.370047	2.550712	3.887200	1.170181	-0.299732	0.183048	0.253916	0.212066	0.943692	-0.523191	0.850724	-0.050402	-0.813510	-0.480933	0.326963
47938	9.217209	3.109191	4.556988	0.904510	-0.269195	0.138674	0.250933	0.211940	0.944518	-0.530913	0.846021	-0.048789	-0.809422	-0.489214	0.324816
47939	8.955067	2.249467	4.876636	0.522107	-0.249310	0.117829	0.248222	0.211713	0.945285	-0.535465	0.843179	-0.048237	-0.807256	-0.494194	0.322661
47940	8.832379	0.635532	4.730022	0.225886	-0.229806	0.142260	0.245540	0.211769	0.945973	-0.537673	0.841736	-0.048874	-0.806609	-0.496623	0.320542
47941	8.753976	-0.903578	4.285761	0.127150	-0.198366	0.180888	0.242899	0.212308	0.946534	-0.539177	0.840694	-0.050205	-0.806404	-0.498155	0.318675
47942	8.822706	-1.776728	4.142325	0.177140	-0.165859	0.207230	0.240376	0.213225	0.946971	-0.541153	0.839338	-0.051625	-0.805837	-0.500047	0.317144
47943	8.881020	-1.750601	3.937052	0.336555	-0.109737	0.236348	0.238142	0.214658	0.947212	-0.544465	0.837119	-0.052823	-0.804268	-0.503144	0.316227
47944	8.853295	-1.152833	3.722408	0.450582	-0.065423	0.242292	0.236226	0.216363	0.947304	-0.548707	0.834287	-0.053721	-0.801946	-0.507102	0.315800
47945	9.073265	-0.428504	3.588864	0.527578	-0.034252	0.220235	0.234670	0.218025	0.947309	-0.553486	0.831095	-0.054167	-0.799114	-0.511611	0.315707
47946	9.171958	0.182255	3.362522	0.540989	0.026277	0.193358	0.233739	0.219774	0.947135	-0.558300	0.827859	-0.054318	-0.796032	-0.516090	0.316203
47947	9.175197	0.595419	2.925257	0.426823	0.040920	0.154678	0.233130	0.221267	0.946938	-0.562090	0.825281	-0.054457	-0.793540	-0.519569	0.316769
47948	9.311027	0.628197	2.773494	0.259912	0.050927	0.109211	0.232852	0.222442	0.946731	-0.564461	0.823646	-0.054691	-0.791937	-0.521658	0.317347
47949	9.424378	0.414908	2.475205	0.092444	0.052114	0.062798	0.232842	0.223233	0.946547	-0.565375	0.822997	-0.055018	-0.791287	-0.522344	0.317838
47950	9.534922	0.279707	2.295458	-0.051403	0.076198	0.021811	0.233256	0.223813	0.946308	-0.565064	0.823184	-0.055409	-0.791387	-0.521800	0.318481
47951	9.349987	0.006645	2.537740	-0.199915	0.086216	-0.005153	0.233900	0.224221	0.946053	-0.563506	0.824210	-0.056023	-0.792308	-0.520002	0.319133
47952	9.419544	-0.440672	2.823035	-0.327882	0.076591	-0.028505	0.234603	0.224380	0.945841	-0.560881	0.825945	-0.056818	-0.793961	-0.517174	0.319620
47953	9.586711	-1.043018	3.039995	-0.385111	0.076455	-0.041099	0.235374	0.224436	0.945636	-0.557759	0.827996	-0.057686	-0.795929	-0.513860	0.320070
47954	9.477440	-1.514661	3.052725	-0.351351	0.092340	-0.038771	0.236261	0.224584	0.945380	-0.554903	0.829858	-0.058465	-0.797661	-0.510781	0.320685
47955	9.385454	-1.595184	2.997149	-0.279933	0.096133	-0.052435	0.237251	0.224641	0.945118	-0.552581	0.831376	-0.058893	-0.798978	-0.508282	0.321377
47956	9.291779	-1.261247	2.908295	-0.212533	0.106760	-0.069531	0.238423	0.224604	0.944832	-0.550760	0.832580	-0.058939	-0.799886	-0.506323	0.322209
47957	9.251835	-0.980214	2.929687	-0.210610	0.086790	-0.093506	0.239564	0.224266	0.944624	-0.548888	0.833828	-0.058759	-0.800832	-0.504416	0.322852
47958	9.277963	-0.991724	2.980181	-0.250572	0.079414	-0.099057	0.240677	0.223843	0.944441	-0.546683	0.835283	-0.058658	-0.802006	-0.502192	0.323404
47959	9.202986	-1.144276	2.930165	-0.228667	0.075669	-0.089512	0.241705	0.223477	0.944265	-0.544669	0.836603	-0.058577	-0.803066	-0.500153	0.323932
47960	9.035381	-1.334815	3.228821	-0.152465	0.064390	-0.072274	0.242549	0.223199	0.944115	-0.543314	0.837495	-0.058412	-0.803728	-0.498783	0.324400
47961	8.966346	-1.280457	3.726982	-0.076314	0.057491	-0.063257	0.243287	0.222958	0.943981	-0.542585	0.837990	-0.058087	-0.803998	-0.498058	0.324846
47962	8.889534	-1.134705	4.046397	-0.046209	0.062484	-0.054188	0.244016	0.222824	0.943825	-0.542130	0.838308	-0.057751	-0.804084	-0.497583	0.325360
47963	8.831408	-1.005239	4.085461	-0.052871	0.078333	-0.055393	0.244879	0.222752	0.943618	-0.541607	0.838668	-0.057425	-0.804175	-0.497008	0.326016
47964	8.910756	-0.939832	4.101153	-0.065515	0.093676	-0.068375	0.245935	0.222660	0.943366	-0.540962	0.839112	-0.057025	-0.804286	-0.496300	0.326817
47965	9.029313	-0.782547	3.910788	-0.074505	0.110174	-0.073756	0.247152	0.222591	0.943064	-0.540218	0.839620	-0.056598	-0.804413	-0.495472	0.327762
47966	8.994497	-0.812584	3.638343	-0.103462	0.119526	-0.076935	0.248462	0.222554	0.942728	-0.539248	0.840267	-0.056243	-0.804660	-0.494390	0.328786
47967	9.101815	-0.847767	3.305171	-0.096686	0.124889	-0.078772	0.249824	0.222512	0.942378	-0.538311	0.840894	-0.055844	-0.804866	-0.493341	0.329856
47968	9.147361	-0.941189	3.162710	-0.081121	0.104240	-0.092635	0.251094	0.222267	0.942098	-0.537483	0.841462	-0.055271	-0.805024	-0.492483	0.330750
47969	9.294122	-0.950831	2.930138	-0.060308	0.069262	-0.089840	0.252067	0.221855	0.941936	-0.536809	0.841932	-0.054649	-0.805170	-0.491864	0.331317
47970	9.406351	-0.929328	2.805086	-0.017271	0.038653	-0.083077	0.252754	0.221371	0.941865	-0.536528	0.842156	-0.053956	-0.805141	-0.491700	0.331630
47971	9.462366	-0.816296	2.753703	0.038785	0.015547	-0.061811	0.253144	0.220931	0.941864	-0.536722	0.842076	-0.053270	-0.804890	-0.492034	0.331745
47972	9.475687	-0.627682	2.947907	0.123690	0.000101	-0.038619	0.253283	0.220628	0.941898	-0.537683	0.841509	-0.052526	-0.804204	-0.493139	0.331768
47973	9.424351	-0.249676	3.013123	0.178668	-0.018111	-0.024348	0.253201	0.220337	0.941988	-0.539096	0.840655	-0.051729	-0.803284	-0.494724	0.331638
47974	9.371987	0.029965	3.178170	0.174301	-0.038349	-0.021011	0.252939	0.219987	0.942140	-0.540493	0.839802	-0.050984	-0.802427	-0.496324	0.331320
47975	9.376570	-0.008554	3.263868	0.145535	-0.046035	-0.020725	0.252615	0.219588	0.942320	-0.541646	0.839099	-0.050331	-0.801752	-0.497689	0.330908
47976	9.250939	-0.297110	3.300390	0.136289	-0.057139	-0.017233	0.252181	0.219179	0.942531	-0.542757	0.838415	-0.049748	-0.801136	-0.499020	0.330393
47977	9.271779	-0.503382	3.220813	0.176801	-0.055478	-0.013223	0.251742	0.218794	0.942738	-0.544177	0.837535	-0.049065	-0.800311	-0.500665	0.329905
47978	9.271827	-0.490637	3.193377	0.231036	-0.045703	-0.004528	0.251334	0.218543	0.942905	-0.546057	0.836355	-0.048294	-0.799158	-0.502742	0.329541
47979	9.173884	-0.303103	3.237749	0.275437	-0.031764	-0.002615	0.251027	0.218364	0.943028	-0.548287	0.834946	-0.047387	-0.797726	-0.505155	0.329321
47980	9.190950	-0.050679	3.389038	0.292476	-0.010555	-0.015151	0.250957	0.218206	0.943084	-0.550644	0.833455	-0.046313	-0.796123	-0.507681	0.329315
47981	9.120245	0.224230	3.375917	0.252406	0.007572	-0.036608	0.251152	0.217942	0.943093	-0.552597	0.832224	-0.045161	-0.794707	-0.509808	0.329449
47982	9.256834	0.369636	3.372195	0.162478	0.045875	-0.057238	0.251764	0.217715	0.942982	-0.553804	0.831477	-0.044112	-0.793672	-0.511122	0.329908
47983	9.155918	0.304628	3.191483	0.037040	0.041833	-0.087413	0.252513	0.217205	0.942899	-0.553915	0.831452	-0.043191	-0.793357	-0.511380	0.330266
47984	9.120018	0.148306	3.287667	-0.050678	0.046183	-0.111726	0.253431	0.216523	0.942810	-0.553283	0.831917	-0.042331	-0.793505	-0.510913	0.330632
47985	9.141995	-0.135602	3.352540	-0.136700	0.037454	-0.128772	0.254373	0.215644	0.942758	-0.551908	0.832867	-0.041593	-0.794161	-0.509735	0.330875
47986	9.114915	-0.411061	3.396504	-0.207840	0.032180	-0.131918	0.255292	0.214708	0.942723	-0.549955	0.834184	-0.041059	-0.795221	-0.507973	0.331040
47987	9.175039	-0.764502	3.391146	-0.224217	0.026311	-0.124256	0.256116	0.213807	0.942704	-0.547890	0.835562	-0.040655	-0.796380	-0.506086	0.331144
47988	9.091565	-0.916555	3.463521	-0.180108	0.025080	-0.106545	0.256829	0.213069	0.942677	-0.546257	0.836649	-0.040278	-0.797272	-0.504599	0.331266
47989	9.040980	-1.000024	3.548984	-0.099668	0.028238	-0.084374	0.257447	0.212508	0.942635	-0.545283	0.837305	-0.039838	-0.797739	-0.503747	0.331439
47990	9.174508	-0.917545	3.584798	-0.003739	0.041822	-0.070391	0.258099	0.212136	0.942541	-0.545129	0.837435	-0.039206	-0.797634	-0.503688	0.331782
47991	9.052777	-0.766566	3.453463	0.066172	0.038660	-0.058261	0.258657	0.211846	0.942453	-0.545544	0.837199	-0.038462	-0.797169	-0.504201	0.332119
47992	9.018503	-0.537511	3.382250	0.097321	0.013011	-0.060064	0.259021	0.211431	0.942446	-0.546217	0.836799	-0.037608	-0.796589	-0.505039	0.332236
47993	9.153098	-0.354047	3.311823	0.082671	-0.016035	-0.060420	0.259157	0.210848	0.942540	-0.546757	0.836483	-0.036789	-0.796175	-0.505806	0.332063
47994	9.153290	-0.409640	3.371386	0.068267	-0.028976	-0.049269	0.259127	0.210310	0.942668	-0.547243	0.836194	-0.036125	-0.795851	-0.506508	0.331771
47995	8.998414	-0.483460	3.361285	0.092614	-0.047779	-0.040263	0.258900	0.209734	0.942859	-0.547914	0.835783	-0.035463	-0.795463	-0.507423	0.331301
47996	9.144427	-0.463874	3.575391	0.120870	-0.054586	-0.031226	0.258572	0.209213	0.943064	-0.548828	0.835211	-0.034807	-0.794939	-0.508579	0.330784
47997	8.975145	-0.247259	3.628061	0.161322	-0.054673	-0.025233	0.258209	0.208727	0.943271	-0.550082	0.834416	-0.034061	-0.794190	-0.510082	0.330271
47998	8.881673	-0.048026	3.721487	0.163152	-0.051336	-0.010817	0.257795	0.208394	0.943458	-0.551392	0.833575	-0.033458	-0.793416	-0.511590	0.329799
47999	8.950020	0.028566	3.826810	0.136486	-0.061821	-0.010818	0.257298	0.207990	0.943683	-0.552485	0.832872	-0.032931	-0.792817	-0.512898	0.329207
48000	8.756825	0.058235	3.815888	0.117906	-0.046619	-0.006321	0.256893	0.207731	0.943850	-0.553485	0.832224	-0.032519	-0.792250	-0.514053	0.328769
48001	8.879341	-0.011305	3.862032	0.090916	-0.056737	-0.014943	0.256459	0.207318	0.944059	-0.554204	0.831761	-0.032104	-0.791888	-0.514968	0.328209
48002	8.846664	-0.036872	3.778065	0.082068	-0.059546	-0.014862	0.256004	0.206909	0.944273	-0.554874	0.831329	-0.031728	-0.791566	-0.515830	0.327632
48003	8.940320	-0.089576	3.753848	0.077168	-0.069171	-0.015630	0.255476	0.206425	0.944522	-0.555483	0.830937	-0.031353	-0.791310	-0.516656	0.326950
48004	8.961084	-0.038830	3.631030	0.084690	-0.067988	-0.019083	0.254980	0.205927	0.944764	-0.556155	0.830503	-0.030922	-0.790998	-0.517551	0.326289
48005	8.991068	0.112019	3.502895	0.057932	-0.074051	-0.027257	0.254479	0.205319	0.945032	-0.556581	0.830233	-0.030501	-0.790859	-0.518225	0.325553
48006	9.032178	0.107060	3.391168	-0.013715	-0.081606	-0.041272	0.253997	0.204573	0.945323	-0.556426	0.830349	-0.030186	-0.791123	-0.518335	0.324736
48007	9.266583	-0.042194	3.384745	-0.077462	-0.079673	-0.060080	0.253634	0.203663	0.945617	-0.555698	0.830847	-0.029895	-0.791751	-0.517895	0.323906
48008	9.348423	-0.345982	3.483351	-0.122100	-0.064946	-0.054488	0.253356	0.202895	0.945856	-0.554654	0.831547	-0.029805	-0.792571	-0.517072	0.323214
48009	9.546706	-0.493738	3.355059	-0.098341	-0.075011	-0.045668	0.252947	0.202130	0.946130	-0.553796	0.832122	-0.029716	-0.793302	-0.516446	0.322422
48010	9.277652	-0.389340	2.989810	-0.032977	-0.085321	-0.030030	0.252372	0.201462	0.946426	-0.553505	0.832320	-0.029576	-0.793688	-0.516388	0.321565
48011	9.227475	-0.339360	2.643496	-0.048563	-0.137260	-0.025913	0.251358	0.200540	0.946891	-0.553092	0.832597	-0.029512	-0.794297	-0.516300	0.320197
48012	9.495790	-0.421093	2.641048	-0.048171	-0.151852	-0.024149	0.250216	0.199591	0.947394	-0.552746	0.832829	-0.029469	-0.794899	-0.516295	0.318710
48013	9.424493	-0.403631	2.836414	-0.006401	-0.154361	-0.011104	0.248982	0.198704	0.947905	-0.552705	0.832858	-0.029410	-0.795314	-0.516590	0.317191
48014	9.340967	-0.197463	2.972233	0.020548	-0.166969	-0.001687	0.247599	0.197843	0.948448	-0.552906	0.832726	-0.029364	-0.795606	-0.517132	0.315571
48015	9.236244	-0.090295	2.988100	0.026703	-0.178355	0.003391	0.246094	0.196951	0.949025	-0.553165	0.832555	-0.029338	-0.795894	-0.517747	0.313833
48016	9.159412	-0.023915	3.068016	0.013211	-0.173494	-0.010673	0.244706	0.195983	0.949584	-0.553295	0.832472	-0.029229	-0.796230	-0.518248	0.312147
48017	9.203039	0.003051	3.154031	-0.002813	-0.176629	-0.023238	0.243361	0.194876	0.950157	-0.553254	0.832506	-0.029043	-0.796672	-0.518610	0.310415
48018	9.212869	-0.004747	3.185647	-0.013753	-0.170393	-0.030745	0.242107	0.193753	0.950707	-0.553134	0.832594	-0.028820	-0.797137	-0.518891	0.308748
48019	9.244645	-0.009625	3.191057	-0.021446	-0.169003	-0.033464	0.240877	0.192600	0.951254	-0.552920	0.832744	-0.028594	-0.797658	-0.519079	0.307081
48020	9.200727	-0.060552	3.219056	-0.023392	-0.168793	-0.028983	0.239625	0.191503	0.951791	-0.552730	0.832876	-0.028421	-0.798167	-0.519273	0.305427
48021	9.135541	-0.085756	3.254883	-0.011063	-0.166569	-0.023965	0.238360	0.190441	0.952322	-0.552622	0.832953	-0.028253	-0.798620	-0.519539	0.303784
48022	9.121169	-0.120369	3.308937	0.012923	-0.170172	-0.019090	0.237041	0.189418	0.952855	-0.552731	0.832887	-0.028067	-0.798937	-0.520019	0.302125
48023	9.125982	-0.016716	3.415522	0.039543	-0.161625	-0.017494	0.235778	0.188434	0.953363	-0.553043	0.832689	-0.027808	-0.799095	-0.520694	0.300542
48024	9.051901	0.167100	3.422052	0.050416	-0.156693	-0.021940	0.234581	0.187466	0.953849	-0.553445	0.832432	-0.027494	-0.799168	-0.521454	0.299025
48025	8.928924	0.298259	3.472662	0.031023	-0.163616	-0.031330	0.233379	0.186354	0.954362	-0.553657	0.832303	-0.027129	-0.799373	-0.522058	0.297419
48026	9.077005	0.423696	3.518166	-0.011721	-0.175169	-0.045274	0.232168	0.185063	0.954908	-0.553507	0.832415	-0.026748	-0.799830	-0.522338	0.295694
48027	9.160081	0.381183	3.560147	-0.071523	-0.168174	-0.050880	0.231036	0.183763	0.955434	-0.552854	0.832856	-0.026500	-0.800609	-0.522093	0.294014
48028	9.146610	0.273122	3.474516	-0.136053	-0.156747	-0.048089	0.229977	0.182588	0.955914	-0.551760	0.833582	-0.026477	-0.801668	-0.521346	0.292449
48029	9.100549	0.165747	3.519018	-0.185872	-0.157752	-0.043025	0.228880	0.181410	0.956402	-0.550207	0.834603	-0.026635	-0.803048	-0.520123	0.290837
48030	9.228910	0.060053	3.569699	-0.220663	-0.154357	-0.044903	0.227821	0.180258	0.956872	-0.548432	0.835763	-0.026867	-0.804562	-0.518659	0.289263
48031	9.357399	-0.018162	3.601189	-0.241578	-0.147282	-0.036334	0.226766	0.179194	0.957323	-0.546441	0.837054	-0.027243	-0.806213	-0.516943	0.287734
48032	9.376159	-0.137754	3.762756	-0.265934	-0.134007	-0.018165	0.225720	0.178368	0.957724	-0.544332	0.838407	-0.027856	-0.807931	-0.515032	0.286337
48033	9.263113	-0.286856	3.884572	-0.275671	-0.110548	-0.000885	0.224763	0.177796	0.958055	-0.542138	0.839801	-0.028662	-0.809671	-0.512956	0.285146
48034	9.125210	-0.319496	3.936861	-0.266315	-0.087518	0.008640	0.223943	0.177446	0.958312	-0.540102	0.841081	-0.029525	-0.811258	-0.510975	0.284193
48035	9.117886	-0.296437	4.014074	-0.214536	-0.054104	0.008973	0.223388	0.177249	0.958478	-0.538418	0.842135	-0.030247	-0.812529	-0.509305	0.283557
48036	9.271610	0.016015	4.191761	-0.118102	-0.021520	0.009611	0.223096	0.177255	0.958545	-0.537594	0.842645	-0.030700	-0.813155	-0.508459	0.283282
48037	9.900582	0.721363	4.531697	0.002555	0.010945	-0.019649	0.223223	0.177149	0.958535	-0.537608	0.842642	-0.030532	-0.813110	-0.508501	0.283334
48038	10.545085	1.602471	5.265302	0.142238	0.091358	-0.078590	0.224324	0.176993	0.958307	-0.538699	0.841985	-0.029409	-0.812085	-0.509642	0.284223
48039	10.459674	2.642952	6.425966	0.246101	0.195964	-0.136904	0.226584	0.176845	0.957802	-0.540424	0.840946	-0.027422	-0.810309	-0.511406	0.286116
48040	10.931588	3.469975	7.776155	0.246243	0.314270	-0.226365	0.230291	0.176589	0.956965	-0.542011	0.840012	-0.024574	-0.808202	-0.513026	0.289161
48041	11.065576	3.896564	9.489318	0.172412	0.511234	-0.305084	0.236005	0.176654	0.955560	-0.542729	0.839641	-0.021181	-0.806069	-0.513611	0.294035
48042	12.199091	3.893970	11.207470	0.028332	0.861642	-0.308056	0.244552	0.178543	0.953057	-0.542344	0.839960	-0.018192	-0.803777	-0.512435	0.302245
48043	12.858232	3.285153	10.603108	-0.024403	1.480893	-0.350928	0.258263	0.183165	0.948552	-0.541304	0.840694	-0.014957	-0.800182	-0.509592	0.316268
48044	10.683375	3.620351	10.618021	0.271020	2.177765	-0.385578	0.277642	0.191065	0.941493	-0.542590	0.839933	-0.010447	-0.792787	-0.507944	0.336871
48045	9.303947	2.806845	11.467808	0.278156	2.347539	-0.500492	0.298808	0.198765	0.933384	-0.543380	0.839473	-0.004812	-0.784507	-0.505745	0.358846
48046	6.593795	2.044829	12.967151	0.643909	1.641170	-0.792409	0.315873	0.200527	0.927369	-0.546163	0.837665	0.004900	-0.775842	-0.508042	0.374116
48047	6.681028	3.467411	6.928573	0.638002	0.685345	-0.867185	0.325851	0.196768	0.924718	-0.548352	0.836107	0.015314	-0.770150	-0.512061	0.380344
48048	7.894882	5.466876	0.688134	-0.047900	0.478472	-0.781977	0.333753	0.192796	0.922734	-0.545650	0.837716	0.022330	-0.768684	-0.510943	0.384790
48049	8.955831	5.297626	-1.393640	-1.452330	0.516700	-0.770262	0.341826	0.188920	0.920578	-0.531881	0.846485	0.023781	-0.774763	-0.497767	0.389833
48050	9.564721	3.889447	-3.386224	-2.873596	0.622255	-0.802353	0.350802	0.185186	0.917956	-0.506895	0.861779	0.019860	-0.787398	-0.472274	0.396184
48051	9.041132	1.525295	-4.766292	-3.764164	0.769442	-0.828884	0.360924	0.181475	0.914768	-0.474048	0.880412	0.012377	-0.803127	-0.438111	0.403789
48052	9.252257	-1.005774	-4.872581	-4.011624	0.821201	-0.820849	0.371287	0.177639	0.911367	-0.438612	0.898670	0.003524	-0.818392	-0.401045	0.411579
48053	9.268659	-2.972109	-4.810084	-3.936577	0.846615	-0.745552	0.381348	0.174129	0.907884	-0.403365	0.915019	-0.006068	-0.831787	-0.363895	0.419179
48054	9.379539	-4.743512	-4.110835	-3.589864	0.830522	-0.645837	0.390764	0.171106	0.904448	-0.371023	0.928497	-0.015356	-0.842404	-0.329571	0.426307
48055	9.409103	-5.963895	-3.014270	-2.966290	0.794780	-0.506687	0.399239	0.168898	0.901156	-0.343966	0.938687	-0.023544	-0.849880	-0.300568	0.432855
48056	9.162402	-5.925663	-2.006821	-2.220984	0.748587	-0.313601	0.406626	0.168134	0.897990	-0.323886	0.945608	-0.030388	-0.854256	-0.278490	0.438965
48057	8.984751	-5.544628	-1.166996	-1.544020	0.670689	-0.092697	0.412596	0.169092	0.895082	-0.310346	0.949927	-0.036396	-0.856417	-0.262769	0.444413
48058	8.643786	-4.628837	-0.712570	-1.029977	0.592098	0.098762	0.417331	0.171611	0.892403	-0.302090	0.952360	-0.041869	-0.857074	-0.252113	0.449292
48059	7.846833	-3.811471	-0.117895	-0.656804	0.528139	0.227053	0.421116	0.175111	0.889942	-0.297460	0.953583	-0.046876	-0.856842	-0.244982	0.453657
48060	6.227920	-3.538000	0.232390	-0.230084	0.420777	0.389226	0.423526	0.179945	0.887832	-0.297370	0.953379	-0.051374	-0.855685	-0.242256	0.457291
48061	5.026014	-3.680622	0.933038	0.181200	0.282480	0.548960	0.424237	0.185884	0.886268	-0.301293	0.951919	-0.055431	-0.853959	-0.243510	0.459845
48062	4.554415	-4.095467	1.527316	0.404824	0.151383	0.630828	0.423567	0.192289	0.885221	-0.307480	0.949713	-0.059173	-0.852084	-0.247124	0.461392
48063	4.376515	-4.357675	2.025276	0.721421	-0.006896	0.654960	0.421405	0.198504	0.884881	-0.316433	0.946609	-0.061658	-0.849876	-0.254023	0.461719
48064	4.719470	-4.044700	2.129733	0.924936	-0.224094	0.562817	0.417642	0.203289	0.885578	-0.326703	0.943064	-0.062411	-0.847844	-0.263255	0.460279
48065	5.498620	-2.972189	1.856044	1.312953	-0.435275	0.473964	0.412316	0.206594	0.887307	-0.339831	0.938532	-0.060607	-0.845287	-0.276545	0.457179
48066	5.977878	-1.580507	1.599753	1.686827	-0.640997	0.488704	0.405152	0.209406	0.889944	-0.356147	0.932670	-0.057322	-0.842028	-0.293727	0.452452
48067	7.165256	-0.499002	2.066413	1.790227	-0.899689	0.480742	0.395774	0.211167	0.893740	-0.373166	0.926215	-0.053591	-0.839113	-0.312304	0.445372
48068	9.458384	-0.547522	4.284490	1.791517	-1.014650	0.567457	0.385049	0.213187	0.897936	-0.390436	0.919227	-0.050816	-0.836240	-0.331019	0.437183
48069	11.813327	-0.707336	9.871107	1.954740	-0.899924	0.822919	0.374187	0.217665	0.901447	-0.409909	0.910768	-0.049764	-0.831841	-0.350890	0.430020
48070	15.982333	-0.867343	19.525769	2.459426	-0.614751	1.157542	0.364137	0.225985	0.903513	-0.434653	0.899223	-0.049736	-0.823699	-0.374604	0.425666
48071	17.699579	1.386846	20.729958	3.291852	-0.050923	1.285468	0.357866	0.237258	0.903128	-0.466215	0.883404	-0.047338	-0.809059	-0.404111	0.426754
48072	11.094781	8.621317	11.172728	3.233760	-0.096486	1.025969	0.352056	0.245947	0.903087	-0.495954	0.867291	-0.042857	-0.793780	-0.432802	0.427313
48073	5.726433	14.831486	4.158027	1.793073	-0.474392	0.562482	0.345407	0.248715	0.904895	-0.512125	0.857963	-0.040332	-0.786398	-0.449488	0.423720
48074	4.222493	14.981911	2.728615	0.221078	-0.503377	0.071415	0.341003	0.247123	0.906999	-0.514260	0.856698	-0.040073	-0.786927	-0.452768	0.419222
48075	6.887416	10.878010	2.136236	-1.578610	-0.703020	-0.271123	0.336745	0.241657	0.910058	-0.500878	0.864389	-0.044192	-0.797323	-0.440947	0.412119
48076	12.339321	3.319021	-1.863166	-3.437245	-0.680533	-0.284659	0.332579	0.236326	0.912985	-0.472422	0.879617	-0.055597	-0.816216	-0.412824	0.404188
48077	12.307758	-5.305987	-0.144890	-3.616304	-0.472460	-0.007314	0.328648	0.234396	0.914904	-0.442593	0.893982	-0.070049	-0.834327	-0.381909	0.397548
48078	10.239919	-10.484243	0.757151	-2.651528	-0.626153	0.347733	0.321812	0.235206	0.917123	-0.421565	0.902932	-0.083642	-0.847774	-0.359710	0.389729
48079	9.355746	-11.559725	1.119341	-1.407719	-0.739135	0.467095	0.313506	0.236830	0.919579	-0.411100	0.906795	-0.093384	-0.855986	-0.348762	0.381646
48080	9.108354	-8.577557	1.156965	-0.281945	-0.762319	0.429956	0.305112	0.238033	0.922088	-0.409922	0.906793	-0.098444	-0.859576	-0.347948	0.374248
48081	9.621858	-4.437337	1.626679	0.461450	-0.669174	0.353796	0.297835	0.238904	0.924240	-0.414998	0.904308	-0.100019	-0.859692	-0.353768	0.368479
48082	9.732948	-1.364185	2.615840	0.888950	-0.563528	0.326870	0.291550	0.239884	0.925988	-0.423734	0.900271	-0.099808	-0.857583	-0.363273	0.364121
48083	9.546499	0.531635	3.709015	1.068073	-0.507762	0.353149	0.285624	0.241197	0.927493	-0.433938	0.895461	-0.099235	-0.854469	-0.374131	0.360429
48084	8.839513	1.797235	4.590839	0.928483	-0.463930	0.348998	0.280077	0.242561	0.928828	-0.442832	0.891103	-0.099178	-0.851738	-0.383537	0.356991
48085	8.517169	2.047173	5.207911	0.555830	-0.461703	0.309555	0.274702	0.243543	0.930175	-0.448463	0.888178	-0.100106	-0.850541	-0.389650	0.353204
48086	8.640846	1.343092	5.111710	0.282077	-0.451832	0.283951	0.269498	0.244293	0.931499	-0.451660	0.886365	-0.101784	-0.850514	-0.393290	0.349212
48087	8.693689	0.834013	4.839945	0.142976	-0.416533	0.265242	0.264688	0.245012	0.932689	-0.453626	0.885129	-0.103784	-0.850978	-0.395622	0.345427
48088	8.719834	0.602790	5.194243	0.147565	-0.359395	0.231176	0.260495	0.245674	0.933695	-0.455676	0.883879	-0.105436	-0.851177	-0.397997	0.342194
48089	8.551066	0.313987	4.762401	0.083763	-0.296712	0.207671	0.256955	0.246338	0.934501	-0.456967	0.883010	-0.107115	-0.851560	-0.399513	0.339462
48090	8.346598	-0.242927	4.658768	-0.076284	-0.243335	0.175659	0.254007	0.246945	0.935146	-0.456897	0.882813	-0.109022	-0.852482	-0.399574	0.337069
48091	8.617974	-1.199967	4.369085	-0.236953	-0.226697	0.130943	0.251409	0.247210	0.935778	-0.455247	0.883410	-0.111067	-0.854133	-0.398087	0.334639
48092	8.883992	-2.117522	3.439242	-0.378132	-0.208135	0.111377	0.249044	0.247384	0.936364	-0.452385	0.884585	-0.113384	-0.856344	-0.395360	0.332214
48093	9.282160	-2.922808	2.794721	-0.423160	-0.207701	0.116342	0.246672	0.247609	0.936933	-0.449086	0.885940	-0.115899	-0.858763	-0.392174	0.329734
48094	9.459423	-3.125793	1.957730	-0.382673	-0.218577	0.138353	0.244092	0.248040	0.937494	-0.446362	0.886978	-0.118457	-0.860918	-0.389547	0.327220
48095	9.635961	-2.992120	1.502519	-0.331355	-0.267916	0.136529	0.241109	0.248224	0.938217	-0.443878	0.887902	-0.120842	-0.863041	-0.387318	0.324262
48096	9.907604	-2.697649	1.073600	-0.311160	-0.296208	0.146125	0.237810	0.248394	0.939014	-0.441624	0.888696	-0.123240	-0.865110	-0.385383	0.321038
48097	9.997300	-2.458077	1.365361	-0.215503	-0.318076	0.160496	0.234282	0.248609	0.939843	-0.440177	0.889103	-0.125461	-0.866808	-0.384304	0.317733
48098	10.026547	-1.727719	1.641033	-0.104277	-0.346984	0.162872	0.230477	0.248755	0.940745	-0.439765	0.889039	-0.127342	-0.868036	-0.384357	0.314297
48099	9.914202	-1.058463	2.006270	-0.110619	-0.376626	0.145636	0.226498	0.248615	0.941748	-0.439177	0.889078	-0.129085	-0.869380	-0.384357	0.310561
48100	9.740357	-1.129996	2.401771	-0.191080	-0.416329	0.139705	0.222200	0.248269	0.942862	-0.437866	0.889443	-0.131013	-0.871149	-0.383736	0.306343
48101	9.811434	-1.739542	2.280198	-0.255149	-0.436005	0.149000	0.217679	0.247938	0.944004	-0.436009	0.890027	-0.133221	-0.873219	-0.382594	0.301843
48102	9.215108	-2.444872	2.295678	-0.277537	-0.427875	0.157207	0.213172	0.247769	0.945076	-0.434191	0.890565	-0.135542	-0.875235	-0.381450	0.297423
48103	9.017751	-2.899117	2.855848	-0.154195	-0.463430	0.170913	0.208304	0.247538	0.946221	-0.433241	0.890706	-0.137640	-0.876876	-0.381271	0.292781
48104	9.035086	-2.807974	3.144476	0.029151	-0.473798	0.196964	0.203207	0.247487	0.947342	-0.433947	0.890082	-0.139446	-0.877723	-0.382760	0.288267
48105	8.844175	-2.286437	3.466884	0.193012	-0.464292	0.219719	0.198108	0.247671	0.948374	-0.436122	0.888772	-0.141003	-0.877810	-0.385673	0.284088
48106	8.649771	-1.720338	4.046126	0.303613	-0.455288	0.217492	0.193082	0.247857	0.949361	-0.439277	0.887020	-0.142240	-0.877357	-0.389568	0.280145
48107	8.483849	-1.529011	4.290192	0.321020	-0.444296	0.203218	0.188222	0.247931	0.950317	-0.442520	0.885235	-0.143305	-0.876783	-0.393561	0.276334
48108	8.529081	-1.670245	4.253907	0.257741	-0.433573	0.185985	0.183521	0.247895	0.951245	-0.445222	0.883701	-0.144397	-0.876411	-0.397016	0.272546
48109	8.388134	-1.917392	4.247584	0.252709	-0.442473	0.174874	0.178796	0.247687	0.952199	-0.447793	0.882235	-0.145405	-0.876079	-0.400390	0.268652
48110	8.440198	-1.804474	4.019325	0.264923	-0.455736	0.164099	0.173984	0.247314	0.953187	-0.450424	0.880746	-0.146303	-0.875698	-0.403884	0.264632
48111	8.738630	-1.456058	4.168540	0.262213	-0.443817	0.144496	0.169378	0.246797	0.954150	-0.453007	0.879301	-0.147020	-0.875269	-0.407335	0.260735
48112	8.850498	-0.846556	4.144264	0.265652	-0.433168	0.119820	0.164960	0.246084	0.955108	-0.455516	0.877919	-0.147523	-0.874811	-0.410731	0.256917
48113	8.834768	-0.266737	3.831255	0.183174	-0.425092	0.084137	0.160789	0.245082	0.956076	-0.457294	0.876933	-0.147889	-0.874660	-0.413429	0.253076
48114	8.952602	-0.386097	3.764304	0.028546	-0.424215	0.051422	0.156767	0.243830	0.957064	-0.457791	0.876597	-0.148343	-0.875130	-0.414880	0.249044
48115	8.991862	-0.968235	3.244464	-0.110267	-0.422726	0.038904	0.152819	0.242428	0.958058	-0.456924	0.876935	-0.149017	-0.876280	-0.414987	0.244784
48116	8.968236	-1.459074	2.868905	-0.196377	-0.445422	0.039381	0.148653	0.240969	0.959081	-0.455401	0.877575	-0.149906	-0.877788	-0.414483	0.240192
48117	9.027397	-1.697044	2.994732	-0.192825	-0.478193	0.042264	0.144192	0.239371	0.960162	-0.453807	0.878247	-0.150799	-0.879356	-0.413984	0.235264
48118	8.993996	-1.704637	3.349984	-0.147738	-0.495028	0.048996	0.139528	0.237787	0.961244	-0.452703	0.878671	-0.151649	-0.880677	-0.413999	0.230246
48119	8.966770	-1.681552	3.690050	-0.118029	-0.512145	0.056849	0.134689	0.236177	0.962330	-0.451779	0.879000	-0.152494	-0.881904	-0.414221	0.225092
48120	8.836993	-1.565568	3.684898	-0.084157	-0.527880	0.060096	0.129676	0.234523	0.963423	-0.451081	0.879217	-0.153310	-0.883012	-0.414701	0.219803
48121	8.737079	-1.315490	3.356522	-0.117846	-0.561511	0.043970	0.124448	0.232592	0.964580	-0.450134	0.879578	-0.154020	-0.884247	-0.415022	0.214159
48122	8.784947	-1.304252	3.306452	-0.157557	-0.605045	0.022305	0.118919	0.230342	0.965816	-0.448988	0.880061	-0.154607	-0.885589	-0.415254	0.208077
48123	9.025037	-1.558482	3.275676	-0.177895	-0.645356	0.005033	0.113108	0.227718	0.967135	-0.447455	0.880763	-0.155051	-0.887125	-0.415212	0.201515
48124	9.045809	-1.613003	3.353643	-0.137675	-0.675320	-0.001879	0.107044	0.224969	0.968468	-0.446533	0.881180	-0.155338	-0.888341	-0.415825	0.194781
48125	9.259641	-1.785963	3.560850	-0.124937	-0.706434	-0.005231	0.100719	0.221995	0.969832	-0.445454	0.881687	-0.155557	-0.889621	-0.416348	0.187691
48126	9.694282	-1.373667	3.236147	-0.062448	-0.711673	-0.012508	0.094358	0.218945	0.971164	-0.444897	0.881960	-0.155608	-0.890597	-0.417385	0.180628
48127	9.338209	-0.506245	3.236666	-0.033776	-0.727136	-0.035902	0.087970	0.215600	0.972511	-0.444600	0.882155	-0.155351	-0.891399	-0.418713	0.173459
48128	9.454222	-0.389222	3.837127	-0.163924	-0.734800	-0.077767	0.081678	0.211873	0.973878	-0.443139	0.882964	-0.154928	-0.892724	-0.418910	0.166008
48129	9.630620	-0.551809	4.126859	-0.260860	-0.711890	-0.106378	0.075719	0.207965	0.975201	-0.440761	0.884255	-0.154348	-0.894425	-0.418144	0.158618
48130	9.880901	-0.674458	4.551764	-0.274153	-0.678856	-0.129536	0.070144	0.204040	0.976446	-0.438306	0.885609	-0.153572	-0.896084	-0.417211	0.151552
48131	9.991766	-0.515705	5.044178	-0.193453	-0.603343	-0.145444	0.065302	0.200247	0.977567	-0.436509	0.886686	-0.152472	-0.897327	-0.416761	0.145312
48132	9.713800	-0.229534	5.550632	-0.132176	-0.515957	-0.158089	0.061280	0.196732	0.978540	-0.435372	0.887470	-0.151158	-0.898163	-0.416766	0.140035
48133	9.912234	-0.429117	6.269488	-0.179829	-0.445909	-0.183263	0.058000	0.193260	0.979432	-0.433682	0.888553	-0.149646	-0.899197	-0.416083	0.135349
48134	10.358847	-0.552022	6.750827	-0.157421	-0.333140	-0.206387	0.055820	0.190079	0.980181	-0.432278	0.889532	-0.147882	-0.900011	-0.415456	0.131821
48135	10.400576	-0.213455	7.149538	-0.036075	-0.198648	-0.228849	0.054952	0.187229	0.980778	-0.431863	0.890090	-0.145720	-0.900264	-0.415554	0.129770
48136	10.343057	0.512701	7.768257	0.095529	-0.056251	-0.262545	0.055486	0.184675	0.981232	-0.432542	0.890188	-0.143081	-0.899905	-0.416485	0.129273
48137	10.376757	1.399716	8.516458	0.198722	0.119634	-0.330787	0.057927	0.182242	0.981546	-0.434178	0.889943	-0.139611	-0.898963	-0.418079	0.130678
48138	10.076129	2.364679	9.165950	0.224661	0.327491	-0.406063	0.062566	0.180056	0.981665	-0.436152	0.889631	-0.135378	-0.897695	-0.419685	0.134192
48139	9.356499	2.916251	9.321938	0.144532	0.506312	-0.519098	0.069306	0.177575	0.981664	-0.437143	0.889930	-0.130118	-0.896718	-0.420110	0.139304
48140	9.089968	2.883901	9.624362	0.021987	0.646745	-0.671344	0.077978	0.174379	0.981586	-0.437101	0.890887	-0.123543	-0.896026	-0.419419	0.145691
48141	9.493245	2.439367	10.392442	-0.045068	0.814989	-0.821411	0.088796	0.170478	0.981352	-0.436050	0.892469	-0.115583	-0.895531	-0.417655	0.153585
48142	10.442316	1.440583	11.206242	-0.009028	1.107143	-0.938683	0.102712	0.166737	0.980637	-0.435137	0.894051	-0.106438	-0.894487	-0.415778	0.164383
48143	11.351228	-0.075841	11.908501	0.351345	1.533333	-1.039525	0.120869	0.163835	0.979055	-0.437150	0.894285	-0.095681	-0.891230	-0.416429	0.179712
48144	10.072527	-1.204209	10.983251	0.750392	1.618253	-1.088573	0.139974	0.160956	0.976985	-0.442745	0.892738	-0.083644	-0.885655	-0.420848	0.196222
48145	9.086933	-1.857667	8.235789	0.067470	1.199255	-1.044538	0.155135	0.156676	0.975390	-0.441840	0.894091	-0.073343	-0.883578	-0.419589	0.207930
48146	10.315075	-3.219253	3.186634	-1.017858	1.172828	-0.968887	0.169686	0.152972	0.973553	-0.431508	0.899680	-0.066155	-0.886006	-0.408871	0.218672
