// General information: 
//  MT Manager version: 2022.2.0 
//  XDA version: 2022.2.0 build 7381 rev 124627 built on 2023-07-19
// Device information: 
//  DeviceId: 00B4CAF0
//  ProductCode: MTW2-3A7G6
//  Firmware Version: 4.6.0
//  Hardware Version: 2.0.0
// Device settings: 
//  Filter Profile: human(46.1)
//  Option Flags: Orientation Smoother Disabled, Position/Velocity Smoother Disabled, Continuous Zero Rotation Update Disabled, AHS Disabled, ICC Disabled
// Coordinate system: ENU
PacketCounter	Acc_X	Acc_Y	Acc_Z	Gyr_X	Gyr_Y	Gyr_Z	Mat[1][1]	Mat[2][1]	Mat[3][1]	Mat[1][2]	Mat[2][2]	Mat[3][2]	Mat[1][3]	Mat[2][3]	Mat[3][3]
28044	4.247316	-0.533466	9.334443	0.003310	0.013258	0.007459	0.910570	-0.043956	0.411011	0.068441	0.996638	-0.045040	-0.407650	0.069142	0.910517
28045	4.274229	-0.515985	9.345229	0.002135	0.006396	0.007888	0.910582	-0.043927	0.410988	0.068407	0.996640	-0.045041	-0.407629	0.069128	0.910527
28046	4.209748	-0.595226	9.364219	0.008778	0.003033	0.014741	0.910641	-0.043422	0.410911	0.067849	0.996678	-0.045041	-0.407591	0.068896	0.910562
28047	4.221239	-0.623316	9.380564	0.001556	-0.000521	0.006213	0.910623	-0.043405	0.410951	0.067833	0.996680	-0.045040	-0.407632	0.068890	0.910544
28048	4.241192	-0.607116	9.357348	0.003227	-0.000549	-0.003575	0.910563	-0.043491	0.411077	0.067930	0.996674	-0.045022	-0.407751	0.068920	0.910488
28049	4.257662	-0.561266	9.351328	-0.002318	-0.004762	-0.002417	0.910522	-0.043557	0.411160	0.068008	0.996668	-0.045021	-0.407829	0.068955	0.910451
28050	4.218494	-0.550781	9.324536	-0.002024	-0.003047	-0.002524	0.910464	-0.043868	0.411255	0.068382	0.996640	-0.045078	-0.407896	0.069164	0.910405
28051	4.274607	-0.515858	9.345063	-0.003633	-0.004515	-0.001681	0.910425	-0.043927	0.411335	0.068459	0.996634	-0.045092	-0.407970	0.069212	0.910368
28052	4.215499	-0.521628	9.341487	-0.003218	-0.002937	0.001685	0.910378	-0.043984	0.411433	0.068563	0.996624	-0.045165	-0.408058	0.069326	0.910320
28053	4.222936	-0.559803	9.270406	0.001003	0.005009	0.003152	0.910381	-0.044001	0.411425	0.068577	0.996623	-0.045157	-0.408049	0.069324	0.910324
28054	4.198270	-0.628620	9.279412	-0.002812	0.002127	0.006942	0.910391	-0.043876	0.411416	0.068473	0.996627	-0.045232	-0.408044	0.069350	0.910324
28055	4.186152	-0.622277	9.299777	-0.001921	0.003788	0.004730	0.910390	-0.043877	0.411418	0.068485	0.996625	-0.045257	-0.408044	0.069377	0.910322
28056	4.225351	-0.611580	9.290092	0.003927	0.006230	0.001575	0.910324	-0.044480	0.411500	0.069167	0.996576	-0.045291	-0.408077	0.069692	0.910284
28057	4.260669	-0.570879	9.297818	0.004939	0.007753	0.002837	0.910338	-0.044502	0.411467	0.069168	0.996578	-0.045245	-0.408045	0.069649	0.910301
28058	4.248044	-0.542281	9.282022	0.007137	0.012651	0.001780	0.910293	-0.044384	0.411579	0.069027	0.996591	-0.045196	-0.408170	0.069551	0.910253
28059	4.274527	-0.545779	9.329483	0.001877	0.013640	0.004721	0.910332	-0.044392	0.411492	0.069023	0.996591	-0.045186	-0.408083	0.069537	0.910293
28060	4.273341	-0.545664	9.330033	0.004930	0.011237	0.004728	0.910377	-0.044541	0.411374	0.069186	0.996579	-0.045205	-0.407954	0.069615	0.910345
28061	4.212808	-0.550904	9.327100	0.005050	0.011099	0.008202	0.910409	-0.044513	0.411308	0.069138	0.996583	-0.045181	-0.407892	0.069570	0.910376
28062	4.255316	-0.569653	9.300344	0.007928	0.006845	0.011791	0.910478	-0.044418	0.411166	0.069028	0.996590	-0.045195	-0.407756	0.069531	0.910440
28063	4.210917	-0.550673	9.327967	0.002714	0.013308	0.009565	0.910519	-0.044377	0.411078	0.068977	0.996594	-0.045197	-0.407673	0.069508	0.910479
28064	4.253213	-0.569709	9.301302	0.005592	0.009053	0.013154	0.910546	-0.044438	0.411013	0.069060	0.996586	-0.045244	-0.407600	0.069581	0.910506
28065	4.176705	-0.599491	9.267683	0.005886	0.010767	0.013047	0.910579	-0.044361	0.410948	0.068965	0.996593	-0.045232	-0.407541	0.069528	0.910536
28066	4.155728	-0.636784	9.327780	0.004883	0.005759	0.009895	0.910555	-0.044373	0.410999	0.068996	0.996590	-0.045263	-0.407589	0.069572	0.910512
28067	4.211105	-0.580301	9.312271	0.006915	0.005318	0.010530	0.910565	-0.044317	0.410984	0.068920	0.996596	-0.045232	-0.407581	0.069511	0.910520
28068	4.190633	-0.574766	9.299278	0.006788	0.008940	0.008946	0.910554	-0.044563	0.410981	0.069201	0.996576	-0.045259	-0.407557	0.069651	0.910520
28069	4.241235	-0.591991	9.306052	0.006198	0.005510	0.009161	0.910563	-0.044521	0.410965	0.069140	0.996581	-0.045228	-0.407547	0.069597	0.910528
28070	4.225070	-0.555284	9.343869	0.006493	0.007224	0.009053	0.910563	-0.044474	0.410970	0.069088	0.996585	-0.045229	-0.407555	0.069577	0.910526
28071	4.227707	-0.584671	9.327090	0.006241	0.014467	0.005884	0.910607	-0.044470	0.410874	0.069057	0.996589	-0.045184	-0.407464	0.069519	0.910572
28072	4.242728	-0.538939	9.321744	0.003137	0.011397	0.011042	0.910601	-0.044853	0.410845	0.069510	0.996554	-0.045265	-0.407399	0.069776	0.910581
28073	4.229566	-0.553415	9.379005	0.005051	0.011092	0.008204	0.910633	-0.044825	0.410779	0.069462	0.996558	-0.045241	-0.407337	0.069731	0.910612
28074	4.240256	-0.581312	9.395736	0.005658	0.007552	0.004210	0.910646	-0.044441	0.410790	0.069023	0.996591	-0.045197	-0.407381	0.069513	0.910609
28075	4.207388	-0.651116	9.371296	-0.000125	0.003621	-0.001585	0.910640	-0.044505	0.410796	0.069086	0.996587	-0.045180	-0.407384	0.069523	0.910607
28076	4.223853	-0.583948	9.328881	0.001502	-0.001881	-0.006205	0.910613	-0.044688	0.410838	0.069290	0.996573	-0.045180	-0.407411	0.069608	0.910588
28077	4.252247	-0.544832	9.302625	-0.000109	-0.003347	-0.005364	0.910576	-0.044784	0.410909	0.069387	0.996568	-0.045147	-0.407477	0.069621	0.910558
28078	4.229104	-0.531282	9.342833	-0.006257	-0.007497	-0.002105	0.910519	-0.044959	0.411015	0.069625	0.996547	-0.045233	-0.407563	0.069802	0.910506
28079	4.245142	-0.568142	9.305084	-0.000473	-0.003566	0.003689	0.910488	-0.044965	0.411085	0.069641	0.996546	-0.045241	-0.407630	0.069819	0.910474
28080	4.213690	-0.556247	9.311897	-0.003347	0.000689	0.000098	0.910450	-0.044822	0.411183	0.069519	0.996552	-0.045299	-0.407735	0.069827	0.910427
28081	4.161631	-0.621340	9.273827	-0.002809	-0.001355	0.005050	0.910428	-0.044816	0.411232	0.069532	0.996549	-0.045334	-0.407781	0.069867	0.910403
28082	4.209473	-0.609396	9.297441	0.000842	-0.003814	0.002955	0.910409	-0.044730	0.411285	0.069458	0.996553	-0.045368	-0.407838	0.069870	0.910377
28083	4.201818	-0.610957	9.263749	0.001137	-0.002100	0.002848	0.910382	-0.044746	0.411342	0.069475	0.996552	-0.045357	-0.407894	0.069871	0.910352
28084	4.237719	-0.591844	9.307663	0.001315	-0.000248	-0.000734	0.910385	-0.044610	0.411349	0.069331	0.996562	-0.045366	-0.407911	0.069820	0.910348
28085	4.257333	-0.575622	9.284652	0.004226	0.007938	0.001469	0.910399	-0.044646	0.411315	0.069348	0.996563	-0.045322	-0.407878	0.069785	0.910366
28086	4.268783	-0.521304	9.332969	0.004218	0.011421	0.003359	0.910417	-0.044530	0.411289	0.069220	0.996571	-0.045324	-0.407860	0.069733	0.910378
28087	4.299514	-0.511924	9.290065	0.004218	0.011421	0.003359	0.910446	-0.044550	0.411222	0.069220	0.996573	-0.045288	-0.407795	0.069697	0.910410
28088	4.226625	-0.552972	9.380357	0.002420	0.011588	0.009672	0.910474	-0.044026	0.411215	0.068651	0.996612	-0.045300	-0.407828	0.069475	0.910412
28089	4.240854	-0.610840	9.379877	0.002607	0.009954	0.004201	0.910498	-0.044036	0.411162	0.068650	0.996613	-0.045282	-0.407775	0.069455	0.910437
28090	4.212509	-0.606975	9.333274	0.001603	0.004949	0.001048	0.910477	-0.044358	0.411175	0.069021	0.996585	-0.045321	-0.407761	0.069643	0.910429
28091	4.220275	-0.584059	9.330493	0.002024	0.003042	0.002526	0.910471	-0.044380	0.411185	0.069037	0.996585	-0.045302	-0.407770	0.069633	0.910426
28092	4.228467	-0.539817	9.291100	0.001611	0.001465	-0.000841	0.910434	-0.044537	0.411250	0.069223	0.996571	-0.045322	-0.407821	0.069731	0.910395
28093	4.239804	-0.567978	9.307528	-0.001324	0.003732	0.002623	0.910431	-0.044559	0.411253	0.069252	0.996569	-0.045333	-0.407822	0.069753	0.910393
28094	4.211604	-0.585485	9.297275	0.003339	0.002794	0.001793	0.910400	-0.044701	0.411307	0.069422	0.996556	-0.045355	-0.407863	0.069845	0.910368
28095	4.210891	-0.585404	9.297603	0.000155	0.012302	0.002086	0.910432	-0.044734	0.411233	0.069450	0.996554	-0.045351	-0.407787	0.069849	0.910402
28096	4.198157	-0.578582	9.318222	0.002731	0.006333	0.005786	0.910457	-0.044246	0.411231	0.068913	0.996592	-0.045343	-0.407823	0.069621	0.910403
28097	4.197425	-0.578645	9.318548	-0.000436	0.008874	0.002301	0.910475	-0.044275	0.411188	0.068941	0.996590	-0.045345	-0.407778	0.069633	0.910422
28098	4.228272	-0.590812	9.312024	0.002615	0.006469	0.002312	0.910491	-0.044065	0.411174	0.068713	0.996605	-0.045350	-0.407780	0.069544	0.910428
28099	4.235732	-0.567829	9.309391	0.002911	0.008183	0.002205	0.910506	-0.044094	0.411138	0.068728	0.996605	-0.045321	-0.407744	0.069522	0.910446
28100	4.243048	-0.544738	9.306831	0.004522	0.009648	0.001364	0.910526	-0.044102	0.411094	0.068730	0.996606	-0.045313	-0.407700	0.069513	0.910466
28101	4.250105	-0.521749	9.304383	0.001883	0.013628	0.004720	0.910565	-0.044109	0.411007	0.068726	0.996606	-0.045304	-0.407613	0.069499	0.910506
28102	4.228578	-0.580538	9.401045	-0.003660	0.005943	0.003982	0.910562	-0.044034	0.411021	0.068679	0.996606	-0.045379	-0.407628	0.069549	0.910496
28103	4.203929	-0.628018	9.373566	-0.000724	0.003676	0.000519	0.910557	-0.044077	0.411026	0.068725	0.996603	-0.045377	-0.407630	0.069566	0.910494
28104	4.187434	-0.673582	9.379564	-0.002377	0.000853	-0.011062	0.910535	-0.044103	0.411074	0.068759	0.996601	-0.045380	-0.407675	0.069585	0.910472
28105	4.252046	-0.594509	9.360716	-0.011792	-0.007582	-0.018548	0.910471	-0.044327	0.411190	0.069023	0.996582	-0.045399	-0.407772	0.069716	0.910418
28106	4.201956	-0.577650	9.353600	-0.024069	-0.015249	-0.031515	0.910342	-0.044738	0.411432	0.069549	0.996539	-0.045526	-0.407971	0.070059	0.910303
28107	4.231902	-0.539971	9.326604	-0.029019	-0.019514	-0.032467	0.910220	-0.045092	0.411663	0.070011	0.996501	-0.045645	-0.408165	0.070368	0.910192
28108	4.250148	-0.474230	9.283340	-0.021395	-0.014396	-0.020558	0.910103	-0.045376	0.411889	0.070402	0.996467	-0.045783	-0.408357	0.070665	0.910083
28109	4.191774	-0.501918	9.315658	-0.015194	-0.012374	-0.013282	0.910024	-0.045544	0.412047	0.070632	0.996448	-0.045855	-0.408495	0.070833	0.910008
28110	4.264615	-0.483156	9.261806	-0.013591	-0.015025	0.003463	0.909956	-0.045466	0.412206	0.070637	0.996440	-0.046026	-0.408645	0.070999	0.909928
28111	4.182067	-0.558100	9.266435	-0.004874	-0.013357	0.005795	0.909885	-0.045444	0.412363	0.070652	0.996436	-0.046083	-0.408800	0.071065	0.909853
28112	4.226434	-0.598885	9.275273	0.000917	-0.012909	0.009701	0.909789	-0.045687	0.412549	0.070969	0.996410	-0.046162	-0.408959	0.071276	0.909765
28113	4.224133	-0.548071	9.255505	0.004981	-0.013791	0.010973	0.909720	-0.045613	0.412709	0.070896	0.996416	-0.046150	-0.409124	0.071243	0.909693
28114	4.221691	-0.518254	9.272231	0.009761	-0.014866	0.013615	0.909661	-0.045275	0.412878	0.070536	0.996442	-0.046139	-0.409319	0.071094	0.909617
28115	4.171489	-0.521684	9.301720	0.013942	-0.015887	0.018362	0.909589	-0.045125	0.413053	0.070359	0.996457	-0.046077	-0.409510	0.070973	0.909541
28116	4.267470	-0.578854	9.316912	0.016395	-0.018238	0.020476	0.909524	-0.044642	0.413247	0.069823	0.996497	-0.046027	-0.409745	0.070717	0.909455
28117	4.209436	-0.583570	9.312821	0.018538	-0.015336	0.026477	0.909460	-0.044411	0.413413	0.069553	0.996519	-0.045957	-0.409933	0.070550	0.909383
28118	4.313524	-0.575040	9.252212	0.027250	-0.010193	0.030696	0.909435	-0.044293	0.413481	0.069396	0.996533	-0.045883	-0.410016	0.070421	0.909356
28119	4.297629	-0.619568	9.258021	0.025804	-0.002843	0.031736	0.909425	-0.044020	0.413532	0.069049	0.996563	-0.045768	-0.410096	0.070177	0.909339
28120	4.257167	-0.650816	9.304713	0.017541	0.009515	0.031387	0.909490	-0.043821	0.413411	0.068825	0.996578	-0.045776	-0.409990	0.070086	0.909393
28121	4.220801	-0.587714	9.292963	0.008272	0.016869	0.027885	0.909558	-0.043600	0.413284	0.068585	0.996593	-0.045805	-0.409878	0.070007	0.909450
28122	4.262150	-0.607334	9.266730	0.003667	0.023282	0.023549	0.909640	-0.043314	0.413133	0.068296	0.996609	-0.045887	-0.409744	0.069955	0.909514
28123	4.219720	-0.661576	9.350590	-0.006665	0.020160	0.022063	0.909718	-0.043153	0.412978	0.068169	0.996611	-0.046027	-0.409592	0.070024	0.909577
28124	4.273803	-0.606538	9.335643	0.000207	0.020624	0.018285	0.909824	-0.042829	0.412779	0.067836	0.996630	-0.046113	-0.409413	0.069956	0.909663
28125	4.264070	-0.608973	9.302847	-0.004864	0.016507	0.013860	0.909881	-0.042747	0.412661	0.067777	0.996630	-0.046203	-0.409296	0.070008	0.909712
28126	4.230654	-0.597740	9.310500	-0.005403	0.022035	0.010796	0.909981	-0.042786	0.412436	0.067860	0.996618	-0.046334	-0.409059	0.070151	0.909807
28127	4.252760	-0.551479	9.339090	-0.004506	0.023692	0.008585	0.910064	-0.042762	0.412255	0.067848	0.996616	-0.046399	-0.408876	0.070197	0.909886
28128	4.254453	-0.582010	9.322666	-0.004982	0.016641	0.010386	0.910158	-0.042471	0.412079	0.067564	0.996630	-0.046509	-0.408715	0.070172	0.909960
28129	4.209516	-0.563478	9.350396	0.000995	0.015447	0.008823	0.910207	-0.042439	0.411973	0.067526	0.996632	-0.046526	-0.408611	0.070167	0.910008
28130	4.271513	-0.567071	9.300799	-0.002049	0.014372	0.006922	0.910298	-0.041969	0.411821	0.067023	0.996664	-0.046578	-0.408492	0.070001	0.910074
28131	4.233727	-0.629169	9.330442	-0.003662	0.012908	0.007763	0.910336	-0.041945	0.411738	0.067014	0.996662	-0.046632	-0.408408	0.070044	0.910108
28132	4.245220	-0.554384	9.342348	-0.000733	0.014121	0.006189	0.910359	-0.041807	0.411702	0.066888	0.996667	-0.046695	-0.408378	0.070047	0.910122
28133	4.247534	-0.584237	9.325681	0.003328	0.013231	0.007466	0.910399	-0.041786	0.411617	0.066854	0.996670	-0.046684	-0.408295	0.070019	0.910161
28134	4.206461	-0.594878	9.336046	-0.000132	0.014064	0.004085	0.910431	-0.041676	0.411556	0.066747	0.996675	-0.046726	-0.408240	0.070011	0.910186
28135	4.220665	-0.631732	9.299146	-0.002461	0.012795	0.003554	0.910466	-0.041694	0.411477	0.066771	0.996672	-0.046753	-0.408158	0.070041	0.910220
28136	4.250989	-0.644444	9.292855	-0.003777	0.013045	0.004287	0.910450	-0.041889	0.411492	0.067025	0.996651	-0.046840	-0.408152	0.070226	0.910209
28137	4.226350	-0.609832	9.297289	-0.002877	0.014702	0.002076	0.910492	-0.041923	0.411397	0.067065	0.996647	-0.046864	-0.408053	0.070260	0.910251
28138	4.233198	-0.587385	9.294945	-0.002163	0.014507	0.003448	0.910550	-0.041280	0.411332	0.066365	0.996693	-0.046883	-0.408037	0.069987	0.910279
28139	4.203913	-0.605093	9.285100	-0.002990	0.014841	-0.001399	0.910590	-0.041349	0.411237	0.066436	0.996688	-0.046894	-0.407936	0.070022	0.910321
28140	4.201689	-0.647788	9.358811	-0.000662	0.016108	-0.000867	0.910609	-0.041259	0.411205	0.066343	0.996694	-0.046911	-0.407910	0.069998	0.910335
28141	4.200824	-0.626989	9.322811	-0.010577	0.011091	-0.000892	0.910634	-0.041320	0.411143	0.066441	0.996683	-0.046993	-0.407838	0.070110	0.910359
28142	4.194990	-0.680233	9.309004	-0.009907	0.016508	-0.008163	0.910680	-0.041276	0.411045	0.066418	0.996681	-0.047067	-0.407738	0.070164	0.910399
28143	4.181883	-0.653019	9.293338	-0.018331	0.020051	-0.008722	0.910737	-0.041421	0.410905	0.066618	0.996662	-0.047187	-0.407579	0.070349	0.910456
28144	4.151656	-0.693567	9.320109	-0.029085	0.022324	-0.009813	0.910781	-0.041632	0.410786	0.066954	0.996627	-0.047443	-0.407425	0.070714	0.910497
28145	4.104627	-0.801510	9.389136	-0.030506	0.019231	-0.014447	0.910830	-0.041833	0.410657	0.067256	0.996597	-0.047651	-0.407266	0.071021	0.910544
28146	4.119142	-0.779716	9.420272	-0.036174	0.015172	-0.016779	0.910861	-0.042218	0.410548	0.067803	0.996546	-0.047952	-0.407105	0.071514	0.910577
28147	4.045497	-0.884032	9.441779	-0.036797	0.010401	-0.028992	0.910864	-0.042558	0.410506	0.068263	0.996504	-0.048157	-0.407022	0.071887	0.910585
28148	4.085799	-0.793500	9.463754	-0.037189	0.001868	-0.036149	0.910837	-0.042851	0.410536	0.068681	0.996465	-0.048371	-0.407012	0.072254	0.910561
28149	3.994356	-0.852411	9.575764	-0.036663	-0.011962	-0.049303	0.910735	-0.043377	0.410708	0.069326	0.996415	-0.048492	-0.407132	0.072636	0.910477
28150	4.107344	-0.629466	9.592354	-0.036407	-0.055992	-0.058034	0.910455	-0.043904	0.411272	0.070008	0.996361	-0.048615	-0.407641	0.073054	0.910215
28151	3.838914	-1.480384	9.742686	-0.073676	-0.059662	-0.088990	0.910129	-0.044791	0.411898	0.071165	0.996265	-0.048909	-0.408168	0.073826	0.909917
28152	3.128453	-0.934816	10.397859	-0.077700	-0.134450	-0.158376	0.909452	-0.046327	0.413220	0.073005	0.996127	-0.048997	-0.409350	0.074728	0.909312
28153	3.084365	-0.739780	10.700639	0.037029	-0.263605	-0.130365	0.908254	-0.047473	0.415718	0.074084	0.996091	-0.048110	-0.411809	0.074494	0.908220
28154	3.533895	-0.999494	10.550186	0.034299	-0.383301	-0.148677	0.906553	-0.048566	0.419290	0.075191	0.996051	-0.047200	-0.415342	0.074316	0.906625
28155	3.005690	-0.600998	10.925525	0.156883	-0.527520	-0.159134	0.904208	-0.049806	0.424179	0.076023	0.996086	-0.045097	-0.420272	0.073025	0.904455
28156	3.416594	-0.842592	10.781032	0.189654	-0.711981	-0.195094	0.901046	-0.051292	0.430681	0.077058	0.996117	-0.042584	-0.426824	0.071557	0.901499
28157	3.415858	-0.994702	10.912043	0.227439	-0.871047	-0.262883	0.897067	-0.053339	0.438663	0.078488	0.996137	-0.039383	-0.434868	0.069759	0.897788
28158	3.287287	-0.693861	11.270360	0.208312	-1.087844	-0.331385	0.891993	-0.056040	0.448563	0.080730	0.996082	-0.036093	-0.444783	0.068407	0.893022
28159	3.262445	-0.755434	11.461705	0.132538	-1.340410	-0.392010	0.885606	-0.059076	0.460666	0.083663	0.995944	-0.033118	-0.456841	0.067870	0.886956
28160	3.611688	-0.806307	11.275035	0.129025	-1.576708	-0.456855	0.877865	-0.062467	0.474817	0.087002	0.995761	-0.029853	-0.470940	0.067517	0.879578
28161	3.845031	-1.124927	11.204346	0.128342	-1.786409	-0.528803	0.868816	-0.066570	0.490639	0.091052	0.995502	-0.026162	-0.486690	0.067404	0.870970
28162	4.092404	-1.382695	10.958073	0.174685	-1.998559	-0.611667	0.858379	-0.070754	0.508114	0.094811	0.995261	-0.021581	-0.504179	0.066699	0.861020
28163	4.572538	-1.870015	10.730823	0.216061	-2.208831	-0.703175	0.846322	-0.076327	0.527175	0.099739	0.994884	-0.016076	-0.523251	0.066186	0.849605
28164	5.484263	-1.590887	10.730679	0.265149	-2.346692	-0.781974	0.833009	-0.082700	0.547043	0.105093	0.994415	-0.009697	-0.543186	0.065568	0.837048
28165	5.397479	-1.667328	10.664282	0.187698	-2.469401	-0.887025	0.818353	-0.089940	0.567635	0.111422	0.993768	-0.003177	-0.563812	0.065847	0.823274
28166	5.757483	-2.201333	10.168567	0.165505	-2.582189	-1.038579	0.802268	-0.098791	0.588734	0.119249	0.992856	0.004103	-0.584933	0.066914	0.808317
28167	5.924408	-2.484802	9.842369	0.180302	-2.635926	-1.191730	0.785068	-0.108884	0.609765	0.127677	0.991734	0.012708	-0.606108	0.067876	0.792481
28168	6.391270	-2.023527	9.557863	0.177897	-2.654104	-1.328763	0.767015	-0.120149	0.630280	0.136833	0.990344	0.022269	-0.626869	0.069163	0.776049
28169	6.965354	-1.669502	8.747138	0.030182	-2.558366	-1.403920	0.748700	-0.132278	0.649577	0.147323	0.988586	0.031508	-0.646331	0.072108	0.759642
28170	7.131198	-2.093954	7.779579	-0.095384	-2.369105	-1.457394	0.731030	-0.144909	0.666781	0.158807	0.986488	0.040281	-0.663608	0.076443	0.744165
28171	6.934641	-2.151875	7.085425	-0.128384	-2.123688	-1.557923	0.714172	-0.158631	0.681759	0.170967	0.984014	0.049864	-0.678770	0.080947	0.729876
28172	5.679049	-1.610508	7.313656	-0.094662	-1.862008	-1.651698	0.698594	-0.173250	0.694227	0.183294	0.981200	0.060420	-0.691643	0.085039	0.717216
28173	3.254667	-1.356784	7.801325	-0.079432	-1.536652	-1.715222	0.684597	-0.188762	0.704057	0.195750	0.978016	0.071872	-0.702146	0.088615	0.706497
28174	13.304368	0.477700	13.419564	-0.590112	-0.724759	-1.396447	0.676843	-0.201594	0.707985	0.209327	0.974774	0.077441	-0.705737	0.095785	0.701969
28175	10.459197	-1.990638	13.514011	-1.156890	0.586743	-1.039753	0.678672	-0.212346	0.703075	0.224541	0.971445	0.076653	-0.699276	0.105847	0.706972
28176	5.485219	-5.155618	10.777335	-1.309756	1.611369	-0.720794	0.688346	-0.220845	0.690947	0.238230	0.968519	0.072231	-0.685147	0.114884	0.719288
28177	0.742870	-6.424687	8.283410	-1.034032	2.132092	-0.512710	0.701483	-0.228351	0.675113	0.248828	0.966141	0.068241	-0.667837	0.120117	0.734551
28178	-1.249148	-5.474371	7.033862	-0.696529	2.254478	-0.364401	0.715743	-0.234358	0.657867	0.255800	0.964522	0.065296	-0.649830	0.121547	0.750298
28179	-2.036347	-3.633629	6.819014	-0.553896	2.212806	-0.211237	0.729347	-0.239125	0.640993	0.260918	0.963336	0.062494	-0.632435	0.121667	0.764998
28180	-1.913673	-2.003978	7.092702	-0.650506	2.117550	-0.020706	0.742832	-0.241617	0.624357	0.264845	0.962581	0.057404	-0.614864	0.122716	0.779027
28181	-1.614447	-1.524489	7.355970	-0.895164	2.008741	0.198113	0.755501	-0.242254	0.608712	0.268828	0.961932	0.049172	-0.597452	0.126490	0.791866
28182	-1.144004	-1.727155	7.453998	-1.111069	1.902745	0.393926	0.768071	-0.240626	0.593436	0.272076	0.961535	0.037740	-0.579690	0.132473	0.803996
28183	-0.641555	-2.204248	7.517522	-1.230038	1.810088	0.578040	0.779953	-0.237574	0.578992	0.274668	0.961229	0.024413	-0.562344	0.139990	0.814967
28184	0.089958	-2.476102	7.758402	-1.217139	1.725442	0.719801	0.791586	-0.232875	0.564943	0.275499	0.961247	0.010212	-0.545428	0.147557	0.825067
28185	0.962328	-2.238566	8.007462	-1.153299	1.663247	0.840523	0.802802	-0.227348	0.551200	0.275036	0.961425	-0.004031	-0.529021	0.154836	0.834363
28186	1.419755	-1.738508	8.368192	-1.097098	1.608791	0.950794	0.813865	-0.220458	0.537608	0.272773	0.961901	-0.018492	-0.513049	0.161695	0.842992
28187	1.928282	-1.274008	8.593348	-1.071664	1.527788	1.047405	0.824394	-0.212942	0.524433	0.269652	0.962388	-0.033114	-0.497656	0.168714	0.850808
28188	2.488370	-1.128727	8.852885	-1.038834	1.462435	1.129458	0.834656	-0.204282	0.511485	0.265073	0.963037	-0.047926	-0.482789	0.175582	0.857954
28189	2.936509	-1.152392	9.207502	-0.992296	1.407047	1.184435	0.844427	-0.195428	0.498750	0.259892	0.963617	-0.062440	-0.468401	0.182347	0.864494
28190	3.301028	-1.125076	9.638888	-0.926709	1.374768	1.192051	0.853900	-0.186177	0.485997	0.253739	0.964248	-0.076436	-0.454391	0.188585	0.870611
28191	3.620660	-1.108523	9.842663	-0.857407	1.365573	1.164359	0.862900	-0.177598	0.473140	0.247625	0.964714	-0.089496	-0.440550	0.194388	0.876430
28192	3.621265	-1.157646	9.895761	-0.754466	1.338140	1.094728	0.871444	-0.169354	0.460331	0.241098	0.965197	-0.101326	-0.427150	0.199285	0.881946
28193	3.484182	-1.015618	9.765739	-0.627328	1.275374	0.975650	0.879108	-0.162539	0.448052	0.235243	0.965544	-0.111294	-0.414524	0.203241	0.887053
28194	3.334546	-0.398229	9.758541	-0.529386	1.154767	0.822545	0.885800	-0.156646	0.436831	0.229843	0.965835	-0.119727	-0.403152	0.206457	0.891540
28195	3.386627	0.540542	9.871578	-0.533994	0.961499	0.645444	0.891075	-0.152451	0.427485	0.226280	0.965711	-0.127276	-0.393423	0.210144	0.895018
28196	3.896175	1.480378	9.871430	-0.639626	0.722135	0.447233	0.894949	-0.149364	0.420424	0.224483	0.965083	-0.134987	-0.385582	0.215184	0.897230
28197	4.817362	2.367111	9.917588	-0.841240	0.472007	0.235545	0.897260	-0.148162	0.415900	0.225635	0.963583	-0.143513	-0.379491	0.222610	0.898015
28198	6.505103	3.125634	10.869656	-1.133061	0.222354	0.018325	0.898188	-0.148214	0.413874	0.229477	0.961080	-0.153835	-0.374965	0.233147	0.897242
28199	10.364335	4.448751	11.869024	-1.570828	0.157901	-0.146506	0.898409	-0.150033	0.412736	0.236688	0.957073	-0.167299	-0.369918	0.247993	0.895355
28200	13.883584	4.616332	12.739038	-2.077975	0.433014	-0.256154	0.899412	-0.153359	0.409315	0.246364	0.951377	-0.184895	-0.361058	0.267137	0.893462
28201	16.447765	3.170712	12.630699	-2.461854	0.980135	-0.336214	0.902004	-0.159304	0.401261	0.258142	0.943996	-0.205510	-0.346051	0.288953	0.892611
28202	17.640677	0.533203	10.899435	-2.466315	1.684620	-0.433418	0.906534	-0.168235	0.387159	0.270162	0.935943	-0.225882	-0.324358	0.309366	0.893915
28203	16.948743	-1.365894	8.518831	-2.016825	2.348916	-0.542888	0.912316	-0.180767	0.367427	0.281415	0.928596	-0.241898	-0.297464	0.324087	0.898044
28204	15.462077	-1.925365	5.942536	-1.300120	2.800914	-0.590433	0.918574	-0.195241	0.343662	0.290354	0.923260	-0.251566	-0.268173	0.330865	0.904771
28205	13.251388	-0.835548	3.820981	-0.586486	2.935273	-0.523794	0.924463	-0.209803	0.318355	0.296714	0.920248	-0.255157	-0.239433	0.330344	0.912987
28206	10.322893	-11.926387	-2.594147	0.299798	2.366184	-0.171280	0.929396	-0.218939	0.297133	0.297478	0.920890	-0.251930	-0.218469	0.322533	0.921001
28207	8.241743	-0.057771	-8.911960	3.314344	1.212014	-1.129864	0.928634	-0.233125	0.288602	0.300801	0.928460	-0.217900	-0.217157	0.289161	0.932324
28208	10.520672	12.546714	-3.524629	3.321354	0.239303	-0.942772	0.926360	-0.242349	0.288311	0.302015	0.935346	-0.184157	-0.225040	0.257670	0.939661
28209	1.296825	6.852844	4.499259	1.827336	-0.540724	0.013536	0.925133	-0.240905	0.293417	0.297726	0.939930	-0.167007	-0.235558	0.241862	0.941284
28210	6.291811	-6.175557	14.173963	1.234061	-0.966472	0.820480	0.925213	-0.230737	0.301234	0.287031	0.944821	-0.157883	-0.248183	0.232539	0.940389
28211	1.625614	-10.270381	16.916402	1.729937	-0.582823	1.157017	0.926948	-0.218490	0.305008	0.271978	0.951300	-0.145110	-0.258449	0.217465	0.941230
28212	-2.940206	0.122740	12.440855	2.168930	-0.574677	0.884209	0.927797	-0.208673	0.309270	0.257892	0.957730	-0.127457	-0.269600	0.198013	0.942394
28213	-1.694516	15.321994	9.087293	1.499362	-1.121585	0.719919	0.926489	-0.199645	0.318997	0.247112	0.962067	-0.115597	-0.283818	0.185927	0.940680
28214	0.448482	15.127463	10.485010	0.551895	-1.493904	0.333082	0.922958	-0.193567	0.332686	0.242330	0.963761	-0.111540	-0.299039	0.183566	0.936418
28215	5.155363	10.654406	13.841422	0.083587	-1.378587	-0.381439	0.917793	-0.194735	0.346026	0.245630	0.963164	-0.109459	-0.311964	0.185455	0.931818
28216	6.493965	3.448298	12.224834	-0.175878	-1.078333	-0.663690	0.912710	-0.199101	0.356819	0.252271	0.961524	-0.108766	-0.321435	0.189287	0.927820
28217	8.179508	-4.279434	10.947015	-0.310467	-1.098995	-0.474652	0.907892	-0.201588	0.367552	0.257648	0.959967	-0.109914	-0.330680	0.194489	0.923485
28218	11.696454	-12.183125	11.420540	0.085405	-0.837585	-0.142203	0.904703	-0.201326	0.375474	0.258668	0.959842	-0.108600	-0.338532	0.195374	0.920448
28219	4.035944	-5.194226	8.234509	0.549159	-0.437750	-0.041099	0.903078	-0.200911	0.379585	0.257210	0.960809	-0.103386	-0.343938	0.190999	0.919362
28220	2.725498	0.443150	8.672412	0.452532	-0.691602	-0.144745	0.900292	-0.200941	0.386131	0.256906	0.961384	-0.098694	-0.351388	0.188053	0.917149
28221	6.385931	-0.479797	10.465836	0.322553	-0.588706	-0.158289	0.897773	-0.201398	0.391717	0.257230	0.961658	-0.095115	-0.357542	0.186153	0.915156
28222	4.345898	-1.310412	9.230054	0.333118	-0.414783	-0.132101	0.895929	-0.201859	0.395682	0.257187	0.962014	-0.091564	-0.362169	0.183799	0.913812
28223	5.385466	-0.808201	9.982230	0.382096	-0.435480	-0.173242	0.893870	-0.202768	0.399853	0.257388	0.962349	-0.087377	-0.367081	0.181022	0.912405
28224	5.189407	0.419000	9.964732	0.312365	-0.258313	-0.154889	0.892506	-0.203753	0.402390	0.257592	0.962602	-0.083922	-0.370242	0.178553	0.911614
28225	5.268109	0.270011	10.040477	0.227993	-0.184143	-0.130132	0.891461	-0.204714	0.404215	0.257950	0.962731	-0.081311	-0.372505	0.176753	0.911043
28226	4.340086	-0.059058	9.620693	0.185919	-0.109876	-0.110970	0.890749	-0.205558	0.405354	0.258226	0.962834	-0.079180	-0.374012	0.175202	0.910724
28227	4.335399	-0.656481	9.479799	0.162759	-0.118662	-0.103961	0.890010	-0.206388	0.406554	0.258585	0.962893	-0.077267	-0.375521	0.173897	0.910353
28228	4.558032	-0.526136	9.451392	0.159234	-0.094679	-0.088821	0.889408	-0.207052	0.407533	0.258761	0.962989	-0.075467	-0.376824	0.172575	0.910067
28229	4.399716	-0.329121	9.523200	0.140547	-0.074813	-0.065614	0.888930	-0.207592	0.408301	0.258858	0.963083	-0.073911	-0.377885	0.171394	0.909850
28230	4.086967	-0.605104	9.441624	0.144037	-0.088021	-0.050578	0.888449	-0.207905	0.409188	0.258750	0.963227	-0.072404	-0.379087	0.170205	0.909573
28231	4.189412	-0.483642	9.367515	0.139147	-0.102101	-0.037969	0.887936	-0.208134	0.410182	0.258603	0.963373	-0.070974	-0.380386	0.169095	0.909238
28232	3.954752	-0.800627	9.251801	0.131841	-0.124325	-0.034803	0.887355	-0.208238	0.411385	0.258399	0.963525	-0.069642	-0.381877	0.168098	0.908797
28233	4.295100	-1.142513	9.152820	0.157835	-0.138899	-0.039064	0.886696	-0.208418	0.412712	0.258185	0.963697	-0.068038	-0.383549	0.166885	0.908317
28234	4.330502	-0.730684	9.255654	0.166886	-0.127476	-0.043588	0.886077	-0.208603	0.413947	0.257919	0.963886	-0.066351	-0.385157	0.165557	0.907880
28235	4.505088	-0.438615	9.519592	0.145966	-0.113893	-0.029874	0.885534	-0.208740	0.415039	0.257663	0.964053	-0.064893	-0.386574	0.164406	0.907486
28236	4.568439	-0.434260	9.521250	0.114887	-0.090535	-0.017241	0.885122	-0.208736	0.415919	0.257361	0.964208	-0.063788	-0.387718	0.163502	0.907162
28237	4.562095	-0.524872	9.378746	0.085044	-0.058311	-0.010240	0.884842	-0.208776	0.416493	0.257165	0.964314	-0.062965	-0.388484	0.162821	0.906956
28238	4.594905	-0.671222	9.386918	0.059608	-0.031793	-0.000617	0.884699	-0.208711	0.416830	0.256930	0.964412	-0.062430	-0.388966	0.162328	0.906838
28239	4.563187	-0.585951	9.412257	0.032321	-0.006516	-0.000512	0.884646	-0.208742	0.416927	0.256852	0.964452	-0.062126	-0.389138	0.162048	0.906814
28240	4.477096	-0.595191	9.360899	0.017406	0.017488	0.003230	0.884704	-0.208719	0.416815	0.256747	0.964488	-0.061989	-0.389075	0.161858	0.906875
28241	4.331817	-0.620694	9.305211	0.008669	0.025136	0.008284	0.884797	-0.208717	0.416620	0.256684	0.964509	-0.061936	-0.388906	0.161740	0.906969
28242	4.326253	-0.595846	9.271860	0.009704	0.021563	0.007599	0.884882	-0.208660	0.416468	0.256571	0.964542	-0.061888	-0.388787	0.161617	0.907042
28243	4.267196	-0.684978	9.249330	0.014564	0.014094	0.008181	0.884931	-0.208640	0.416373	0.256486	0.964572	-0.061780	-0.388732	0.161465	0.907092
28244	4.389495	-0.530823	9.276813	0.019573	0.008359	0.008739	0.884967	-0.208551	0.416340	0.256325	0.964623	-0.061647	-0.388755	0.161274	0.907117
28245	4.372587	-0.577252	9.245155	0.019415	0.013551	0.010741	0.885021	-0.208506	0.416249	0.256198	0.964666	-0.061507	-0.388716	0.161077	0.907168
28246	4.345957	-0.570550	9.286788	0.014790	0.005062	0.016505	0.885064	-0.208337	0.416241	0.255988	0.964725	-0.061449	-0.388756	0.160939	0.907176
28247	4.225936	-0.623366	9.277839	0.023492	0.002477	0.016884	0.885091	-0.208215	0.416246	0.255791	0.964787	-0.061297	-0.388826	0.160725	0.907183
28248	4.256372	-0.678188	9.217644	0.030445	-0.010282	0.012654	0.885064	-0.208060	0.416380	0.255555	0.964863	-0.061081	-0.389041	0.160468	0.907137
28249	4.096948	-0.921307	9.180480	0.041514	-0.016547	0.011616	0.885003	-0.207958	0.416561	0.255334	0.964943	-0.060743	-0.389326	0.160120	0.907076
28250	4.117307	-0.922191	9.105140	0.067230	-0.032740	0.003962	0.884867	-0.207850	0.416904	0.255030	0.965060	-0.060158	-0.389833	0.159555	0.906958
28251	4.186301	-0.900539	9.142738	0.084546	-0.049825	-0.006091	0.884631	-0.207866	0.417397	0.254797	0.965171	-0.059357	-0.390521	0.158860	0.906784
28252	4.387706	-0.526575	9.240791	0.086911	-0.053531	-0.007501	0.884384	-0.207834	0.417935	0.254516	0.965295	-0.058546	-0.391263	0.158148	0.906588
28253	4.528480	-0.387635	9.421540	0.073770	-0.033198	-0.003142	0.884220	-0.207849	0.418276	0.254298	0.965394	-0.057855	-0.391776	0.157523	0.906476
28254	4.559716	-0.412311	9.414060	0.042880	-0.014830	0.007423	0.884162	-0.207736	0.418454	0.254057	0.965478	-0.057505	-0.392062	0.157155	0.906416
28255	4.548409	-0.433734	9.381121	0.021596	0.004433	0.016221	0.884194	-0.207623	0.418442	0.253872	0.965535	-0.057368	-0.392110	0.156955	0.906430
28256	4.420177	-0.487014	9.339227	0.005648	0.016340	0.020111	0.884290	-0.207438	0.418331	0.253667	0.965587	-0.057408	-0.392026	0.156882	0.906479
28257	4.304065	-0.619182	9.259113	0.004187	0.023495	0.019381	0.884405	-0.207325	0.418145	0.253523	0.965622	-0.057442	-0.391861	0.156811	0.906562
28258	4.248641	-0.685338	9.236409	0.007885	0.019703	0.017233	0.884506	-0.207174	0.418004	0.253335	0.965671	-0.057450	-0.391753	0.156710	0.906627
28259	4.076524	-0.858043	9.097812	0.023680	0.006054	0.013381	0.884537	-0.207091	0.417980	0.253167	0.965725	-0.057282	-0.391791	0.156486	0.906649
28260	3.970430	-0.911872	9.068430	0.048053	-0.023956	0.002574	0.884431	-0.207012	0.418243	0.252950	0.965807	-0.056864	-0.392171	0.156087	0.906553
28261	3.996760	-0.963158	8.973673	0.075216	-0.061250	-0.008228	0.884143	-0.207033	0.418841	0.252771	0.965896	-0.056139	-0.392934	0.155506	0.906323
28262	3.974848	-0.999478	8.960261	0.103027	-0.087946	-0.026061	0.883713	-0.207130	0.419700	0.252588	0.966004	-0.055104	-0.394018	0.154707	0.905989
28263	4.137393	-0.808464	9.170501	0.113234	-0.114905	-0.037693	0.883138	-0.207353	0.420799	0.252517	0.966089	-0.053911	-0.395351	0.153870	0.905550
28264	4.345298	-0.553619	9.280772	0.108164	-0.128651	-0.031766	0.882530	-0.207442	0.422028	0.252359	0.966192	-0.052806	-0.396806	0.153106	0.905043
28265	4.414081	-0.500661	9.333569	0.100003	-0.124700	-0.021886	0.881953	-0.207500	0.423206	0.252198	0.966288	-0.051800	-0.398190	0.152416	0.904552
28266	4.295086	-0.521014	9.252362	0.091565	-0.129320	-0.017328	0.881375	-0.207450	0.424431	0.251976	0.966394	-0.050907	-0.399607	0.151814	0.904028
28267	4.291370	-0.608027	9.251097	0.088452	-0.148297	-0.019586	0.880705	-0.207452	0.425819	0.251837	0.966476	-0.050015	-0.401168	0.151285	0.903425
28268	4.564524	-0.343502	9.307650	0.088002	-0.146636	-0.017527	0.880054	-0.207380	0.427199	0.251628	0.966575	-0.049153	-0.402727	0.150753	0.902820
28269	4.822330	-0.023605	9.490820	0.041662	-0.112789	0.000323	0.879573	-0.207243	0.428254	0.251500	0.966628	-0.048769	-0.403855	0.150602	0.902341
28270	4.671739	-0.399387	9.330864	-0.014561	-0.078096	0.025464	0.879302	-0.206862	0.428994	0.251328	0.966660	-0.049017	-0.404551	0.150919	0.901977
28271	4.582206	-0.408403	9.385793	-0.037251	-0.051131	0.017733	0.879113	-0.206651	0.429483	0.251366	0.966630	-0.049419	-0.404939	0.151403	0.901722
28272	4.546140	-0.434517	9.304388	-0.048016	-0.046464	0.013329	0.878939	-0.206435	0.429943	0.251438	0.966585	-0.049917	-0.405272	0.151978	0.901475
28273	4.451903	-0.448012	9.272195	-0.036365	-0.052808	0.010181	0.878723	-0.206293	0.430451	0.251539	0.966540	-0.050278	-0.405676	0.152456	0.901212
28274	4.502585	-0.508133	9.276666	-0.019706	-0.064923	0.007594	0.878459	-0.206106	0.431080	0.251547	0.966527	-0.050495	-0.406243	0.152795	0.900900
28275	4.451245	-0.552390	9.216475	-0.016463	-0.067008	0.007486	0.878179	-0.205968	0.431717	0.251592	0.966506	-0.050666	-0.406822	0.153110	0.900585
28276	4.502808	-0.563205	9.184866	-0.014396	-0.063552	0.001156	0.877903	-0.205844	0.432336	0.251636	0.966488	-0.050807	-0.407389	0.153395	0.900280
28277	4.504462	-0.615528	9.129948	-0.007750	-0.057151	-0.000641	0.877642	-0.205799	0.432888	0.251716	0.966464	-0.050865	-0.407903	0.153606	0.900012
28278	4.496622	-0.660920	9.183981	-0.003606	-0.050625	0.002475	0.877421	-0.205683	0.433390	0.251704	0.966464	-0.050914	-0.408383	0.153759	0.899767
28279	4.492521	-0.531514	9.272171	0.000084	-0.045633	-0.001219	0.877205	-0.205661	0.433838	0.251757	0.966451	-0.050898	-0.408816	0.153870	0.899552
28280	4.579682	-0.727448	9.091035	0.004517	-0.042592	-0.000112	0.877010	-0.205581	0.434269	0.251735	0.966459	-0.050864	-0.409246	0.153929	0.899346
28281	4.509092	-0.311261	9.212231	0.016929	-0.036937	0.005368	0.876846	-0.205509	0.434635	0.251662	0.966485	-0.050725	-0.409644	0.153859	0.899177
28282	4.545210	-0.541638	9.150352	0.017228	-0.033456	0.005290	0.876702	-0.205392	0.434981	0.251540	0.966523	-0.050600	-0.410026	0.153776	0.899017
28283	4.481692	-0.679039	9.130155	0.007063	-0.025488	0.007684	0.876589	-0.205315	0.435243	0.251487	0.966539	-0.050560	-0.410299	0.153778	0.898892
28284	4.520642	-0.660446	9.120244	0.013418	-0.013738	0.004416	0.876524	-0.205236	0.435412	0.251388	0.966570	-0.050465	-0.410499	0.153691	0.898816
28285	4.468258	-0.575757	9.132347	0.000587	-0.012518	0.006381	0.876462	-0.205192	0.435559	0.251373	0.966573	-0.050477	-0.410642	0.153729	0.898744
28286	4.431953	-0.566776	9.194152	-0.003397	-0.010336	0.005159	0.876412	-0.205111	0.435696	0.251337	0.966579	-0.050537	-0.410770	0.153798	0.898674
28287	4.424995	-0.615568	9.195663	-0.005468	-0.020786	0.009571	0.876324	-0.205023	0.435916	0.251318	0.966580	-0.050618	-0.410970	0.153911	0.898563
28288	4.422520	-0.661518	9.284723	-0.015519	-0.023180	0.004614	0.876220	-0.204927	0.436169	0.251336	0.966567	-0.050784	-0.411179	0.154123	0.898431
28289	4.441505	-0.745076	9.190858	-0.022165	-0.029600	0.006428	0.876087	-0.204856	0.436469	0.251414	0.966535	-0.051001	-0.411415	0.154416	0.898273
28290	4.489236	-0.805041	9.196365	-0.035008	-0.024691	0.001473	0.875970	-0.204787	0.436737	0.251539	0.966485	-0.051329	-0.411588	0.154819	0.898124
28291	4.527932	-0.838626	9.221833	-0.041483	-0.011719	0.000177	0.875895	-0.204803	0.436880	0.251751	0.966411	-0.051692	-0.411618	0.155262	0.898033
28292	4.511689	-0.891203	9.189905	-0.058893	0.006049	-0.008902	0.875878	-0.204880	0.436877	0.252064	0.966302	-0.052190	-0.411463	0.155833	0.898006
28293	4.523207	-0.796845	9.239958	-0.061858	0.017147	-0.019244	0.875873	-0.205129	0.436771	0.252529	0.966156	-0.052651	-0.411188	0.156413	0.898031
28294	4.542098	-0.729925	9.270776	-0.071594	0.025202	-0.022339	0.875901	-0.205365	0.436604	0.253010	0.966000	-0.053205	-0.410832	0.157067	0.898079
28295	4.473886	-0.525294	9.287373	-0.075865	0.030852	-0.021541	0.875946	-0.205658	0.436375	0.253553	0.965825	-0.053782	-0.410402	0.157754	0.898156
28296	4.380647	-0.589214	9.327960	-0.102930	0.021670	-0.039961	0.875915	-0.206057	0.436250	0.254315	0.965582	-0.054540	-0.409997	0.158718	0.898171
28297	4.308632	-0.727729	9.504905	-0.141961	0.012018	-0.063969	0.875774	-0.206730	0.436214	0.255500	0.965213	-0.055526	-0.409561	0.160081	0.898128
28298	4.250703	-0.951529	9.499930	-0.149573	0.004763	-0.095022	0.875531	-0.207634	0.436272	0.256935	0.964778	-0.056463	-0.409182	0.161529	0.898041
28299	3.908315	-1.210677	9.900673	-0.157978	-0.008754	-0.088913	0.875239	-0.208514	0.436439	0.258402	0.964326	-0.057484	-0.408883	0.163089	0.897896
28300	4.000688	-0.840935	9.753771	-0.049942	-0.092853	-0.088830	0.874611	-0.209195	0.437370	0.259371	0.964061	-0.057553	-0.409612	0.163778	0.897438
28301	3.899770	-0.897294	9.776303	-0.068304	-0.102863	-0.110410	0.873875	-0.210126	0.438394	0.260659	0.963707	-0.057672	-0.410365	0.164670	0.896931
28302	3.938369	-0.436505	9.606729	-0.020667	-0.198939	-0.106630	0.872761	-0.210800	0.440285	0.261661	0.963452	-0.057398	-0.412094	0.165300	0.896022
28303	4.204645	-0.400266	9.537116	0.031873	-0.272854	-0.097951	0.871349	-0.211328	0.442821	0.262426	0.963287	-0.056670	-0.414588	0.165587	0.894817
28304	3.976070	-0.690585	9.641754	0.077252	-0.326509	-0.102249	0.869705	-0.211750	0.445843	0.262982	0.963201	-0.055533	-0.417678	0.165546	0.893387
28305	3.978367	-0.961771	9.760480	0.143384	-0.408223	-0.124409	0.867636	-0.212309	0.449592	0.263503	0.963163	-0.053686	-0.421632	0.165049	0.891619
28306	3.788685	-0.942585	9.947785	0.181894	-0.524109	-0.174011	0.864937	-0.213097	0.454394	0.264225	0.963096	-0.051288	-0.426696	0.164423	0.889323
28307	3.676030	-1.104281	10.080896	0.199327	-0.642117	-0.229121	0.861542	-0.214285	0.460247	0.265389	0.962923	-0.048459	-0.432798	0.163894	0.886468
28308	3.470287	-1.035057	10.455616	0.213601	-0.833105	-0.296251	0.857099	-0.215747	0.467797	0.266985	0.962640	-0.045203	-0.440568	0.163638	0.882679
28309	3.265757	-0.831182	10.905493	0.203118	-1.073360	-0.358378	0.851328	-0.217473	0.477436	0.269184	0.962185	-0.041710	-0.450312	0.164027	0.877676
28310	3.128887	-0.897962	10.985003	0.186373	-1.370627	-0.440173	0.843866	-0.219423	0.489636	0.272045	0.961536	-0.037959	-0.462473	0.165235	0.871100
28311	3.131555	-0.709017	11.024869	0.197517	-1.663892	-0.514418	0.834611	-0.221639	0.504282	0.275476	0.960718	-0.033677	-0.477008	0.167025	0.862882
