// General information: 
//  MT Manager version: 2022.2.0 
//  XDA version: 2022.2.0 build 7381 rev 124627 built on 2023-07-19
// Device information: 
//  DeviceId: 00B4CAF0
//  ProductCode: MTW2-3A7G6
//  Firmware Version: 4.6.0
//  Hardware Version: 2.0.0
// Device settings: 
//  Filter Profile: human(46.1)
//  Option Flags: Orientation Smoother Disabled, Position/Velocity Smoother Disabled, Continuous Zero Rotation Update Disabled, AHS Disabled, ICC Disabled
// Coordinate system: ENU
PacketCounter	Acc_X	Acc_Y	Acc_Z	Gyr_X	Gyr_Y	Gyr_Z	Mat[1][1]	Mat[2][1]	Mat[3][1]	Mat[1][2]	Mat[2][2]	Mat[3][2]	Mat[1][3]	Mat[2][3]	Mat[3][3]
35951	4.905360	0.933892	8.913122	-0.008500	-0.005319	0.005576	-0.714988	-0.511518	0.476594	0.613260	-0.786196	0.076208	0.335715	0.346764	0.875814
35952	4.933976	0.912900	8.911406	-0.002732	-0.009228	0.003898	-0.714944	-0.511476	0.476705	0.613244	-0.786213	0.076161	0.335837	0.346787	0.875758
35953	4.942113	0.980646	8.918826	-0.006534	-0.011413	-0.001334	-0.714947	-0.511400	0.476782	0.613189	-0.786257	0.076148	0.335931	0.346799	0.875717
35954	4.931086	1.053584	8.898008	-0.009002	-0.005390	-0.003750	-0.714963	-0.511311	0.476853	0.613098	-0.786335	0.076083	0.336064	0.346754	0.875684
35955	4.941630	0.974751	8.960509	-0.011003	0.002252	-0.008035	-0.715053	-0.511230	0.476805	0.612980	-0.786429	0.076064	0.336087	0.346662	0.875712
35956	4.963911	0.982775	8.863274	-0.019816	0.007794	-0.011894	-0.715163	-0.511123	0.476755	0.612794	-0.786585	0.075942	0.336193	0.346464	0.875749
35957	4.902129	0.983591	8.904836	-0.014148	0.012620	-0.015242	-0.715356	-0.510984	0.476614	0.612575	-0.786757	0.075929	0.336181	0.346278	0.875827
35958	4.856478	1.037621	8.924533	-0.019241	0.008352	-0.009881	-0.715455	-0.510895	0.476561	0.612405	-0.786901	0.075803	0.336279	0.346082	0.875867
35959	4.906466	1.045255	8.955819	-0.007382	0.001178	-0.000483	-0.715500	-0.510860	0.476531	0.612344	-0.786951	0.075779	0.336294	0.346021	0.875886
35960	4.924492	1.014793	8.896254	-0.003299	-0.002115	0.004095	-0.715479	-0.510844	0.476580	0.612328	-0.786969	0.075726	0.336369	0.346003	0.875864
35961	4.944909	1.013617	8.882607	-0.005090	-0.000435	0.006469	-0.715451	-0.510896	0.476565	0.612366	-0.786943	0.075690	0.336360	0.345985	0.875875
35962	4.949016	0.959167	8.890891	-0.003870	0.001165	0.003188	-0.715446	-0.510885	0.476585	0.612341	-0.786967	0.075636	0.336415	0.345946	0.875869
35963	4.924445	1.012926	8.896493	-0.004620	0.005021	0.005710	-0.715470	-0.510907	0.476525	0.612328	-0.786980	0.075607	0.336387	0.345884	0.875904
35964	4.951922	0.991846	8.895408	-0.006411	0.006702	0.008085	-0.715454	-0.510954	0.476500	0.612330	-0.786988	0.075508	0.336418	0.345798	0.875926
35965	4.919713	0.977332	8.893310	0.000115	0.010443	0.007208	-0.715504	-0.510982	0.476394	0.612318	-0.786997	0.075513	0.336335	0.345735	0.875983
35966	4.909863	0.991729	8.923648	-0.004902	0.010498	0.006365	-0.715511	-0.511028	0.476335	0.612312	-0.787009	0.075435	0.336330	0.345640	0.876022
35967	4.938199	0.975671	8.880792	-0.002070	0.010993	0.004138	-0.715539	-0.511093	0.476222	0.612335	-0.786991	0.075436	0.336227	0.345585	0.876084
35968	4.892546	1.030213	8.900449	-0.003213	0.013719	0.001216	-0.715589	-0.511110	0.476130	0.612299	-0.787023	0.075398	0.336189	0.345488	0.876137
35969	4.869823	1.025487	8.956741	-0.003861	0.012675	0.006512	-0.715624	-0.511177	0.476006	0.612309	-0.787018	0.075371	0.336097	0.345400	0.876207
35970	4.915005	0.974778	8.896193	0.000217	0.005544	0.009982	-0.715592	-0.511234	0.475992	0.612346	-0.786994	0.075321	0.336096	0.345371	0.876218
35971	4.918310	1.008370	8.900403	-0.000825	0.003368	0.009834	-0.715568	-0.511305	0.475951	0.612401	-0.786952	0.075306	0.336046	0.345360	0.876242
35972	4.905102	0.988756	8.926596	-0.000169	0.012086	0.006754	-0.715578	-0.511359	0.475878	0.612414	-0.786946	0.075268	0.336001	0.345295	0.876285
35973	4.935541	1.002246	8.929814	-0.000453	0.013727	0.006300	-0.715595	-0.511462	0.475742	0.612470	-0.786902	0.075273	0.335863	0.345243	0.876358
35974	4.851264	0.974554	8.938841	-0.004043	0.009417	0.008830	-0.715584	-0.511523	0.475694	0.612485	-0.786898	0.075191	0.335860	0.345161	0.876391
35975	4.898590	0.953210	8.924357	-0.001314	0.010976	0.002723	-0.715672	-0.511503	0.475583	0.612420	-0.786947	0.075205	0.335791	0.345078	0.876450
35976	4.850910	0.978515	8.897865	-0.002356	0.008800	0.002574	-0.715696	-0.511513	0.475535	0.612396	-0.786969	0.075167	0.335782	0.345013	0.876479
35977	4.871557	1.002142	8.972568	-0.002829	0.003343	0.003333	-0.715746	-0.511486	0.475489	0.612346	-0.787008	0.075165	0.335768	0.344963	0.876505
35978	4.895271	1.035231	8.963107	-0.003871	0.001168	0.003184	-0.715741	-0.511475	0.475508	0.612322	-0.787033	0.075112	0.335823	0.344925	0.876499
35979	4.913723	0.916878	8.907773	-0.004913	-0.001008	0.003036	-0.715713	-0.511522	0.475499	0.612363	-0.787002	0.075094	0.335806	0.344924	0.876505
35980	4.926268	0.935878	8.882036	0.003695	0.003245	0.001353	-0.715727	-0.511504	0.475499	0.612351	-0.787010	0.075116	0.335800	0.344934	0.876504
35981	4.933838	0.916700	8.894220	0.007562	-0.001760	-0.002940	-0.715796	-0.511415	0.475490	0.612295	-0.787041	0.075236	0.335753	0.344994	0.876498
35982	4.942929	0.902999	8.864254	0.016739	-0.000788	-0.003716	-0.715827	-0.511342	0.475521	0.612290	-0.787030	0.075396	0.335696	0.345128	0.876467
35983	4.931616	1.090790	8.927446	0.016351	0.001918	-0.008052	-0.715959	-0.511203	0.475473	0.612202	-0.787077	0.075619	0.335578	0.345226	0.876474
35984	4.925353	1.028959	8.877514	0.014095	0.005819	-0.002705	-0.716005	-0.511161	0.475448	0.612195	-0.787070	0.075751	0.335490	0.345305	0.876477
35985	4.886443	1.060480	8.950899	0.007286	0.007557	-0.001179	-0.716089	-0.511121	0.475365	0.612156	-0.787090	0.075858	0.335382	0.345319	0.876512
35986	4.882170	1.026810	8.947234	0.004271	0.007641	0.004474	-0.716098	-0.511142	0.475328	0.612168	-0.787079	0.075870	0.335341	0.345311	0.876531
35987	4.932385	0.947669	8.982814	0.004453	0.007064	0.001045	-0.716180	-0.511098	0.475252	0.612115	-0.787114	0.075942	0.335264	0.345297	0.876566
35988	4.942208	0.937805	8.911314	0.001981	0.005416	-0.003587	-0.716231	-0.511048	0.475230	0.612061	-0.787153	0.075972	0.335253	0.345283	0.876576
35989	4.939034	0.909015	8.865810	0.004721	0.014649	-0.007482	-0.716359	-0.511003	0.475084	0.611992	-0.787195	0.076086	0.335104	0.345252	0.876645
35990	4.954098	0.875565	8.849024	0.007821	0.018891	-0.019340	-0.716552	-0.510876	0.474931	0.611845	-0.787294	0.076242	0.334960	0.345215	0.876714
35991	4.899924	0.951911	8.856617	0.008291	0.020513	-0.021210	-0.716795	-0.510737	0.474713	0.611681	-0.787402	0.076455	0.334741	0.345175	0.876814
35992	4.854660	1.125641	8.918325	0.003281	0.028246	-0.019847	-0.717022	-0.510638	0.474477	0.611515	-0.787519	0.076574	0.334558	0.345055	0.876931
35993	4.918967	1.100467	8.933235	-0.000775	0.029993	-0.013238	-0.717217	-0.510631	0.474189	0.611419	-0.787584	0.076667	0.334315	0.344916	0.877078
35994	4.917889	1.017476	8.897155	-0.006727	0.034486	-0.008142	-0.717393	-0.510645	0.473908	0.611304	-0.787676	0.076643	0.334149	0.344685	0.877233
35995	4.894943	0.930063	8.916741	-0.005786	0.033892	-0.012986	-0.717607	-0.510649	0.473581	0.611185	-0.787763	0.076694	0.333906	0.344481	0.877405
35996	4.925518	0.773540	8.887771	0.003481	0.039203	-0.019964	-0.717870	-0.510586	0.473249	0.611019	-0.787880	0.076814	0.333643	0.344307	0.877573
35997	4.906293	0.902606	8.860742	0.007730	0.033050	-0.031109	-0.718214	-0.510413	0.472913	0.610782	-0.788039	0.077070	0.333336	0.344200	0.877732
35998	4.877093	0.954730	8.909574	0.014544	0.035163	-0.031524	-0.718535	-0.510245	0.472607	0.610570	-0.788177	0.077342	0.333035	0.344133	0.877873
35999	4.891513	1.127759	8.930927	0.010009	0.031447	-0.024157	-0.718826	-0.510125	0.472293	0.610395	-0.788288	0.077583	0.332726	0.344054	0.878021
36000	4.860455	1.149861	8.933653	0.009635	0.032604	-0.017301	-0.719051	-0.510060	0.472021	0.610268	-0.788371	0.077745	0.332473	0.343962	0.878153
36001	4.858030	1.063215	8.939464	0.003203	0.031630	-0.011449	-0.719263	-0.510045	0.471715	0.610166	-0.788438	0.077867	0.332202	0.343831	0.878306
36002	4.819315	0.923023	8.980567	-0.002189	0.028993	-0.006552	-0.719410	-0.510052	0.471482	0.610077	-0.788506	0.077875	0.332046	0.343664	0.878430
36003	4.831612	0.971977	9.001987	0.004723	0.022358	-0.005282	-0.719500	-0.510124	0.471267	0.610103	-0.788476	0.077979	0.331804	0.343628	0.878536
36004	4.850141	0.972189	8.989376	0.004442	0.016317	-0.007946	-0.719614	-0.510076	0.471145	0.610026	-0.788528	0.078051	0.331699	0.343577	0.878596
36005	4.830155	0.978311	8.961436	0.008514	0.009182	-0.004454	-0.719720	-0.510021	0.471044	0.609972	-0.788556	0.078186	0.331568	0.343596	0.878638
36006	4.849275	1.066625	8.943810	0.006152	0.002622	-0.006309	-0.719778	-0.509939	0.471044	0.609913	-0.788594	0.078265	0.331552	0.343629	0.878631
36007	4.885330	1.119918	8.908709	0.000944	0.007088	-0.002636	-0.719889	-0.509865	0.470954	0.609817	-0.788662	0.078327	0.331487	0.343583	0.878673
36008	4.888650	1.065968	8.917483	-0.005589	0.011017	0.000433	-0.719933	-0.509866	0.470885	0.609767	-0.788706	0.078272	0.331482	0.343481	0.878715
36009	4.919663	0.991339	8.925241	-0.008240	0.013784	0.000326	-0.720027	-0.509862	0.470747	0.609690	-0.788769	0.078237	0.331421	0.343342	0.878792
36010	4.890313	1.010713	8.927310	-0.009566	0.017090	0.000823	-0.720089	-0.509886	0.470625	0.609630	-0.788825	0.078144	0.331396	0.343178	0.878866
36011	4.877702	0.995360	8.911986	-0.011457	0.015996	-0.001799	-0.720181	-0.509902	0.470467	0.609560	-0.788884	0.078091	0.331326	0.343018	0.878955
36012	4.870562	1.043653	8.946549	-0.007765	0.015410	-0.001544	-0.720252	-0.509902	0.470358	0.609489	-0.788946	0.078026	0.331302	0.342876	0.879020
36013	4.828661	1.043812	8.974264	-0.010795	0.011645	0.002999	-0.720365	-0.509848	0.470244	0.609353	-0.789057	0.077954	0.331305	0.342701	0.879087
36014	4.888650	1.041050	8.934546	-0.013161	0.012770	0.003349	-0.720398	-0.509877	0.470162	0.609299	-0.789113	0.077818	0.331333	0.342530	0.879143
36015	4.862442	1.001207	8.986607	-0.015431	0.005142	0.005376	-0.720355	-0.509986	0.470110	0.609349	-0.789086	0.077695	0.331334	0.342429	0.879182
36016	4.803219	0.918056	8.989694	-0.011175	0.005112	0.007649	-0.720337	-0.510023	0.470098	0.609333	-0.789113	0.077557	0.331405	0.342313	0.879200
36017	4.783014	0.917638	9.003185	-0.002463	-0.007053	0.005456	-0.720306	-0.510018	0.470151	0.609346	-0.789103	0.077548	0.331447	0.342343	0.879173
36018	4.740122	0.996843	9.109015	0.005394	-0.027377	0.009780	-0.720166	-0.509961	0.470426	0.609400	-0.789062	0.077544	0.331651	0.342523	0.879026
36019	4.701968	1.173566	9.125519	0.004641	-0.051968	0.015765	-0.719920	-0.509889	0.470880	0.609518	-0.788970	0.077550	0.331969	0.342840	0.878782
36020	4.667547	0.904962	9.204335	-0.013895	-0.076404	0.014069	-0.719591	-0.509697	0.471590	0.609538	-0.788973	0.077357	0.332643	0.343118	0.878418
36021	4.482870	1.006526	9.388806	0.003633	-0.126373	0.018098	-0.719139	-0.509310	0.472697	0.609583	-0.788940	0.077343	0.333538	0.343768	0.877824
36022	4.376830	1.142147	9.675918	0.019496	-0.219453	0.027364	-0.718249	-0.508730	0.474671	0.609810	-0.788761	0.077380	0.335036	0.345037	0.876755
36023	4.321509	1.144561	9.718640	0.013451	-0.305587	0.032724	-0.717149	-0.507775	0.477349	0.609925	-0.788672	0.077384	0.337178	0.346642	0.875300
36024	4.247470	1.181329	9.930889	0.003349	-0.424738	0.041910	-0.715466	-0.506587	0.481122	0.610201	-0.788475	0.077208	0.340240	0.348821	0.873247
36025	4.192699	0.967409	10.025360	-0.003854	-0.562608	0.050384	-0.713264	-0.504990	0.486045	0.610528	-0.788245	0.076972	0.344253	0.351646	0.870537
36026	4.048493	0.891725	10.254880	0.075920	-0.739969	0.072971	-0.710263	-0.502906	0.492557	0.611276	-0.787636	0.077271	0.349095	0.355971	0.866843
36027	3.981876	1.500808	10.611439	0.141993	-0.939211	0.122233	-0.706237	-0.500470	0.500758	0.612622	-0.786525	0.077929	0.354857	0.361812	0.862072
36028	3.900607	0.831469	10.619348	0.225701	-1.170666	0.172431	-0.700995	-0.497504	0.510976	0.614609	-0.784867	0.078993	0.361749	0.369425	0.855958
36029	3.461346	1.394734	11.354670	0.313229	-1.446913	0.263114	-0.694092	-0.494152	0.523498	0.617600	-0.782378	0.080340	0.369873	0.379076	0.848231
36030	3.249596	1.038918	11.434477	0.408071	-1.803836	0.379843	-0.684987	-0.490128	0.539043	0.621714	-0.778965	0.081762	0.379822	0.391137	0.838300
36031	3.748144	2.131379	11.311216	0.527999	-2.196916	0.528928	-0.673291	-0.485396	0.557737	0.627253	-0.774349	0.083296	0.391451	0.405924	0.825828
36032	5.134129	2.684541	11.205652	0.579285	-2.401328	0.664726	-0.659559	-0.480542	0.577981	0.633952	-0.768768	0.084265	0.403840	0.421990	0.811688
36033	5.927533	3.039940	10.786975	0.503506	-2.500193	0.771374	-0.644440	-0.475634	0.598723	0.640980	-0.762968	0.083811	0.416943	0.437781	0.796559
36034	7.913101	3.716147	10.732884	0.423448	-2.415402	0.852765	-0.628728	-0.471321	0.618513	0.648167	-0.757074	0.081965	0.429628	0.452434	0.781488
36035	8.183636	4.205220	10.557004	0.259963	-2.008778	0.930411	-0.614009	-0.469044	0.634816	0.654983	-0.751587	0.078192	0.440444	0.463804	0.768697
36036	6.348753	3.036004	9.991863	0.040054	-1.704259	0.967079	-0.600061	-0.468271	0.648574	0.660999	-0.746896	0.072297	0.450563	0.472089	0.757710
36037	5.023880	4.407436	10.851747	0.048492	-1.331908	0.820063	-0.588608	-0.468023	0.659162	0.666077	-0.742836	0.067349	0.458128	0.478695	0.748979
36038	8.668942	3.375840	12.686775	-0.187100	-0.687991	0.643716	-0.581150	-0.469455	0.664738	0.668947	-0.740745	0.061696	0.463438	0.480530	0.744525
36039	4.704177	2.826091	11.968640	-0.136083	0.216708	0.337441	-0.580000	-0.472895	0.663303	0.670173	-0.739896	0.058506	0.463108	0.478461	0.746061
36040	-0.057876	3.119981	9.646841	-0.109838	0.580007	0.133953	-0.581789	-0.476607	0.659065	0.670411	-0.739813	0.056805	0.460511	0.474893	0.749938
36041	-1.557398	2.851095	8.100588	-0.176430	0.583265	-0.007292	-0.584564	-0.479295	0.654646	0.669548	-0.740686	0.055583	0.458246	0.470809	0.753889
36042	-0.604464	1.944218	8.128074	-0.184131	0.598079	-0.171090	-0.588451	-0.480786	0.650054	0.667670	-0.742399	0.055313	0.456006	0.466571	0.757872
36043	0.175229	1.716940	8.599833	-0.126160	0.747467	-0.363914	-0.594396	-0.481460	0.644119	0.664841	-0.744823	0.056786	0.452415	0.461990	0.762814
36044	0.290781	1.806161	8.681979	-0.095409	0.938356	-0.546036	-0.602247	-0.481652	0.636639	0.661112	-0.747920	0.059557	0.447470	0.456758	0.768858
36045	0.291957	1.551720	8.433240	-0.096464	1.086792	-0.679362	-0.611620	-0.481486	0.627768	0.656553	-0.751630	0.063178	0.441430	0.450803	0.775833
36046	0.875280	1.308478	8.335353	-0.072967	1.194648	-0.777659	-0.621947	-0.480930	0.617971	0.651403	-0.755727	0.067457	0.434575	0.444503	0.783302
36047	1.789341	1.396673	8.398750	-0.062336	1.306493	-0.858500	-0.633272	-0.480110	0.607010	0.645650	-0.760203	0.072308	0.426735	0.437706	0.791398
36048	2.698710	1.532975	8.534289	-0.064485	1.442534	-0.916820	-0.645266	-0.479336	0.594869	0.639482	-0.764909	0.077307	0.417965	0.430292	0.800096
36049	3.436575	1.560140	8.391514	-0.059986	1.584468	-0.953340	-0.657983	-0.478731	0.581270	0.632959	-0.769776	0.082510	0.407947	0.422210	0.809517
36050	3.850573	1.735945	8.273595	-0.031522	1.707920	-0.978628	-0.671027	-0.478271	0.566551	0.626294	-0.774619	0.087871	0.396835	0.413791	0.819328
36051	4.328681	2.195721	8.167997	-0.001481	1.792800	-0.995187	-0.684310	-0.477881	0.550772	0.619528	-0.779387	0.093494	0.384585	0.405197	0.829403
36052	4.760383	2.450388	8.052302	0.035740	1.863960	-1.020583	-0.697654	-0.477333	0.534259	0.612576	-0.784146	0.099329	0.371524	0.396571	0.839465
36053	5.058199	2.583856	8.076009	0.082956	1.907160	-1.068698	-0.711228	-0.476365	0.516944	0.605280	-0.788959	0.105737	0.357478	0.388098	0.849464
36054	5.611148	2.429126	7.943476	0.133050	1.932607	-1.137757	-0.724849	-0.474740	0.499216	0.597541	-0.793886	0.112652	0.342840	0.379957	0.859124
36055	6.179129	2.794368	7.880073	0.188402	1.948788	-1.144763	-0.738304	-0.472872	0.480935	0.589690	-0.798668	0.119981	0.327371	0.372185	0.868508
36056	6.939338	2.622802	7.868381	0.222097	1.931765	-1.066886	-0.750741	-0.471405	0.462779	0.582421	-0.802913	0.126951	0.311726	0.364839	0.877336
36057	7.543576	2.274457	7.807434	0.319602	1.911043	-0.952607	-0.762169	-0.470590	0.444570	0.576100	-0.806291	0.134181	0.295308	0.358385	0.885637
36058	7.910781	1.890932	7.637239	0.483201	1.873341	-0.820328	-0.772259	-0.470593	0.426801	0.571156	-0.808457	0.142047	0.278204	0.353467	0.893120
36059	7.839219	0.597530	7.204422	0.668028	1.800005	-0.682704	-0.781057	-0.471406	0.409544	0.567628	-0.809324	0.150973	0.260284	0.350387	0.899712
36060	7.450805	-1.481028	6.763974	1.020359	1.654249	-0.546592	-0.788318	-0.472743	0.393787	0.565864	-0.808353	0.162367	0.241561	0.350827	0.904748
36061	7.979008	-0.401515	6.950261	1.273142	1.461137	-0.246236	-0.793171	-0.475901	0.379998	0.566837	-0.805040	0.174948	0.222656	0.354160	0.908292
36062	9.274583	-0.306313	7.340920	1.309311	1.294793	0.125707	-0.795238	-0.481481	0.368472	0.570600	-0.799799	0.186378	0.204967	0.358465	0.910764
36063	10.575213	-0.827738	7.242577	1.329991	1.265404	0.525060	-0.794767	-0.490189	0.357855	0.577325	-0.792477	0.196661	0.187191	0.362898	0.912833
36064	10.041743	-0.809396	6.406860	1.377210	1.261173	0.914550	-0.791706	-0.501957	0.348196	0.587001	-0.782938	0.206007	0.169210	0.367488	0.914506
36065	9.272566	-0.623787	5.337950	1.422502	1.119099	1.263767	-0.786060	-0.515882	0.340552	0.599201	-0.771267	0.214724	0.151884	0.372845	0.915378
36066	9.010550	0.348879	4.727835	1.423120	0.872991	1.503725	-0.778221	-0.530623	0.335873	0.612982	-0.758075	0.222654	0.136472	0.379159	0.915213
36067	9.160173	0.949758	4.483309	1.352769	0.581547	1.584821	-0.769200	-0.544712	0.334097	0.626951	-0.744405	0.229769	0.123546	0.386200	0.914104
36068	9.251201	1.516996	4.469889	1.277544	0.326544	1.497838	-0.760118	-0.556996	0.334629	0.639885	-0.731201	0.236417	0.112998	0.393828	0.912212
36069	6.792342	9.703601	4.754387	0.206904	-0.111271	1.381395	-0.751116	-0.566564	0.338866	0.650519	-0.722641	0.233699	0.112473	0.395974	0.911348
36070	6.719987	3.820577	5.349093	-1.080937	-0.803021	1.145706	-0.742686	-0.571623	0.348804	0.657759	-0.720415	0.219901	0.125583	0.392746	0.911032
36071	8.044739	-2.718769	7.356513	-1.346857	-0.994134	0.506038	-0.738053	-0.571360	0.358922	0.659678	-0.722792	0.205903	0.141781	0.388740	0.910373
36072	5.280196	-0.764937	9.101759	-0.955915	-0.876303	-0.155792	-0.737800	-0.566792	0.366603	0.657081	-0.727416	0.197763	0.154583	0.386798	0.909116
36073	-0.038243	3.134338	9.710726	-0.810570	-0.893449	-0.548101	-0.739980	-0.559304	0.373642	0.651705	-0.733642	0.192481	0.166464	0.385937	0.907382
36074	-1.617114	5.693946	10.723887	-0.986415	-1.136223	-0.631527	-0.742117	-0.550228	0.382768	0.645278	-0.740978	0.185923	0.181323	0.384968	0.904943
36075	2.610653	8.937265	12.293195	-1.924041	-1.422157	-0.142247	-0.740323	-0.543706	0.395355	0.640487	-0.749111	0.169142	0.204202	0.378439	0.902821
36076	7.553539	-7.197329	10.329225	-2.141151	-1.285977	0.762518	-0.732676	-0.544584	0.408184	0.641449	-0.752997	0.146758	0.227439	0.369355	0.901026
36077	10.221783	-6.200326	11.462811	-1.155819	-0.944601	0.983135	-0.724166	-0.548474	0.418043	0.645872	-0.751886	0.132350	0.241730	0.365846	0.898734
36078	9.087533	1.463006	11.078665	-0.711311	-0.781826	0.499927	-0.719018	-0.549336	0.425727	0.647690	-0.751770	0.123850	0.252013	0.364790	0.896336
36079	5.304101	-0.943619	11.181889	-0.684431	-0.776019	0.163792	-0.715993	-0.547706	0.432865	0.647081	-0.753380	0.117068	0.261993	0.363918	0.893825
36080	4.252395	-4.570323	10.734159	-0.402961	-0.846676	0.134321	-0.712884	-0.545591	0.440599	0.646934	-0.754145	0.112880	0.270689	0.365509	0.890579
36081	5.627592	-1.985411	9.684099	-0.104249	-0.803753	0.105643	-0.710032	-0.543397	0.447856	0.647370	-0.753973	0.111523	0.277070	0.369113	0.887123
36082	8.906470	-0.740108	10.252231	-0.025466	-0.609535	0.053480	-0.707997	-0.541500	0.453340	0.647645	-0.753806	0.111051	0.281597	0.372228	0.884392
36083	5.857407	1.857854	8.643334	0.146610	-0.224924	0.085417	-0.706841	-0.541266	0.455420	0.648631	-0.752819	0.111993	0.282231	0.374561	0.883204
36084	6.753668	4.522537	9.341586	0.008457	-0.137484	0.083273	-0.705926	-0.541336	0.456753	0.649210	-0.752365	0.111683	0.283187	0.375369	0.882555
36085	5.062050	2.396280	8.665643	-0.106002	-0.034057	0.126813	-0.705035	-0.542125	0.457194	0.649776	-0.752095	0.110205	0.284109	0.374772	0.882512
36086	5.136284	1.574197	8.809683	-0.122262	0.008532	0.159622	-0.704036	-0.543316	0.457320	0.650519	-0.751715	0.108392	0.284883	0.373807	0.882672
36087	5.051524	1.284264	9.131055	-0.112016	0.029685	0.165694	-0.703068	-0.544638	0.457237	0.651341	-0.751248	0.106684	0.285394	0.372823	0.882923
36088	5.241107	0.728528	9.198463	-0.100670	0.035107	0.141222	-0.702262	-0.545788	0.457103	0.652013	-0.750882	0.105144	0.285843	0.371876	0.883177
36089	4.879558	0.230543	9.121492	-0.047356	0.024033	0.099004	-0.701713	-0.546583	0.456996	0.652546	-0.750535	0.104312	0.285976	0.371408	0.883331
36090	4.668225	0.404636	9.219400	-0.010298	0.003033	0.075979	-0.701241	-0.547124	0.457074	0.653016	-0.750187	0.103869	0.286062	0.371314	0.883343
36091	4.830979	0.548022	9.039762	0.017467	-0.010378	0.059084	-0.700854	-0.547490	0.457229	0.653452	-0.749819	0.103789	0.286015	0.371518	0.883272
36092	4.832431	1.045625	8.913235	0.031674	-0.013445	0.058195	-0.700450	-0.547836	0.457434	0.653917	-0.749412	0.103798	0.285942	0.371830	0.883165
36093	4.849691	1.397372	8.835828	0.015805	0.008679	0.064815	-0.700075	-0.548320	0.457427	0.654393	-0.749014	0.103677	0.285771	0.371919	0.883183
36094	4.733229	1.249411	8.905622	-0.006075	0.018324	0.072897	-0.699665	-0.548894	0.457367	0.654852	-0.748666	0.103285	0.285722	0.371773	0.883260
36095	4.849460	1.474736	8.871138	-0.017929	0.028779	0.078814	-0.699259	-0.549552	0.457197	0.655324	-0.748319	0.102802	0.285634	0.371497	0.883404
36096	4.770375	1.372092	8.905527	-0.048631	0.049507	0.083326	-0.698869	-0.550319	0.456871	0.655735	-0.748071	0.101987	0.285646	0.370862	0.883667
36097	4.632818	0.975963	8.990014	-0.051540	0.047314	0.069493	-0.698574	-0.550979	0.456527	0.656049	-0.747896	0.101250	0.285648	0.370235	0.883930
36098	4.554841	0.769291	9.271950	-0.025574	0.010066	0.038849	-0.698362	-0.551267	0.456504	0.656214	-0.747806	0.100842	0.285785	0.369988	0.883988
36099	4.773685	0.844241	9.191147	-0.007107	-0.018585	0.024165	-0.698180	-0.551338	0.456695	0.656332	-0.747721	0.100704	0.285958	0.370054	0.883905
36100	4.701975	0.692908	9.006356	0.018309	-0.031866	0.011500	-0.698028	-0.551266	0.457015	0.656432	-0.747619	0.100809	0.286101	0.370367	0.883728
36101	4.778338	0.732559	9.067781	0.043006	-0.040235	-0.002669	-0.697956	-0.551061	0.457371	0.656511	-0.747492	0.101236	0.286094	0.370927	0.883495
36102	4.770728	1.386981	9.074838	0.067225	-0.056599	-0.035343	-0.698041	-0.550547	0.457861	0.656424	-0.747467	0.101987	0.286088	0.371742	0.883155
36103	4.823877	1.702199	9.050297	0.035729	-0.054857	-0.025098	-0.698075	-0.550119	0.458323	0.656325	-0.747490	0.102451	0.286232	0.372327	0.882861
36104	4.736487	1.204489	9.166967	0.029658	-0.077888	-0.013960	-0.697958	-0.549684	0.459023	0.656279	-0.747486	0.102773	0.286621	0.372978	0.882460
36105	4.736198	0.919912	9.059602	0.053999	-0.113310	-0.018550	-0.697783	-0.549084	0.460006	0.656277	-0.747406	0.103369	0.287053	0.374021	0.881878
36106	4.720739	0.839861	9.117075	0.089226	-0.138344	-0.032540	-0.697613	-0.548282	0.461218	0.656274	-0.747279	0.104301	0.287473	0.375447	0.881135
36107	4.846170	1.184849	9.092128	0.105751	-0.158617	-0.048411	-0.697505	-0.547283	0.462567	0.656209	-0.747169	0.105490	0.287883	0.377121	0.880286
36108	4.949604	1.279917	8.937475	0.099352	-0.149581	-0.048433	-0.697406	-0.546315	0.463858	0.656124	-0.747088	0.106584	0.288314	0.378681	0.879474
36109	5.016613	1.441716	8.897832	0.086685	-0.142887	-0.042096	-0.697295	-0.545425	0.465072	0.656058	-0.747004	0.107576	0.288736	0.380126	0.878712
36110	5.068690	1.446255	8.863630	0.071104	-0.122373	-0.034958	-0.697185	-0.544657	0.466135	0.655987	-0.746954	0.108359	0.289163	0.381325	0.878053
36111	4.928994	1.433026	8.989134	0.066313	-0.120196	-0.027071	-0.697041	-0.543959	0.467165	0.655963	-0.746866	0.109102	0.289562	0.382492	0.877413
36112	4.955625	1.403449	8.966565	0.060210	-0.137595	-0.015405	-0.696757	-0.543276	0.468380	0.655998	-0.746749	0.109698	0.290166	0.383690	0.876690
36113	4.963203	1.291970	8.882044	0.055007	-0.133068	-0.004628	-0.696426	-0.542695	0.469545	0.656101	-0.746578	0.110237	0.290727	0.384841	0.875999
36114	4.998401	1.243497	8.830994	0.051013	-0.121377	-0.003949	-0.696113	-0.542157	0.470630	0.656189	-0.746433	0.110698	0.291277	0.385881	0.875359
36115	4.978145	1.182374	8.833923	0.053575	-0.109914	-0.005255	-0.695856	-0.541653	0.471590	0.656279	-0.746275	0.111227	0.291690	0.386892	0.874775
36116	5.012696	1.413167	8.784186	0.047045	-0.100071	-0.009099	-0.695638	-0.541156	0.472481	0.656320	-0.746172	0.111677	0.292117	0.387785	0.874237
36117	5.042514	1.361473	8.777249	0.032363	-0.080459	-0.006667	-0.695470	-0.540759	0.473181	0.656344	-0.746098	0.112027	0.292460	0.388481	0.873813
36118	5.008549	1.424316	8.746058	0.027842	-0.070357	-0.004054	-0.695306	-0.540414	0.473817	0.656365	-0.746041	0.112285	0.292806	0.389069	0.873436
36119	4.842135	1.265434	8.952944	0.020532	-0.070045	-0.000652	-0.695129	-0.540102	0.474432	0.656397	-0.745980	0.112504	0.293153	0.389620	0.873074
36120	4.748611	1.085403	9.048137	0.041708	-0.103274	-0.000296	-0.694842	-0.539656	0.475358	0.656485	-0.745848	0.112865	0.293637	0.390489	0.872523
36121	4.743204	1.124626	9.099005	0.064646	-0.151537	-0.004716	-0.694462	-0.538981	0.476679	0.656605	-0.745648	0.113487	0.294267	0.391802	0.871721
36122	4.971543	1.234627	8.863674	0.083678	-0.166188	-0.007948	-0.694039	-0.538228	0.478143	0.656763	-0.745392	0.114250	0.294911	0.393321	0.870819
36123	5.089698	1.374466	8.723413	0.097599	-0.153336	-0.011028	-0.693692	-0.537493	0.479470	0.656937	-0.745095	0.115187	0.295339	0.394886	0.869966
36124	5.147159	1.328837	8.615163	0.079115	-0.132237	-0.012681	-0.693399	-0.536834	0.480631	0.657050	-0.744879	0.115933	0.295775	0.396186	0.869226
36125	5.257827	1.324666	8.540522	0.069587	-0.099099	-0.021540	-0.693277	-0.536239	0.481472	0.657075	-0.744741	0.116676	0.296006	0.397252	0.868661
36126	5.072731	1.561145	8.694697	0.054083	-0.065146	-0.026372	-0.693271	-0.535742	0.482033	0.657020	-0.744697	0.117269	0.296142	0.398004	0.868270
36127	5.094256	1.615037	8.708008	0.035829	-0.046981	-0.009029	-0.693203	-0.535466	0.482437	0.657055	-0.744604	0.117659	0.296222	0.398549	0.867993
36128	5.025664	1.471022	8.710582	0.026563	-0.039557	0.004490	-0.693071	-0.535301	0.482810	0.657132	-0.744503	0.117864	0.296361	0.398959	0.867757
36129	5.075963	1.448571	8.694916	0.015179	-0.027836	0.015944	-0.692898	-0.535284	0.483077	0.657277	-0.744361	0.117955	0.296444	0.399246	0.867596
36130	5.083254	1.482661	8.695261	0.007650	-0.017436	0.024230	-0.692701	-0.535354	0.483282	0.657435	-0.744230	0.117901	0.296554	0.399396	0.867489
36131	5.021031	1.400769	8.745601	-0.003275	-0.004342	0.041048	-0.692442	-0.535606	0.483374	0.657686	-0.744039	0.117710	0.296603	0.399416	0.867464
36132	4.990720	1.330316	8.797786	-0.005993	-0.010379	0.050109	-0.692096	-0.535896	0.483548	0.657982	-0.743824	0.117413	0.296754	0.399427	0.867407
36133	4.912586	1.281436	8.905538	-0.002649	-0.018155	0.059034	-0.691679	-0.536223	0.483782	0.658357	-0.743535	0.117140	0.296896	0.399524	0.867314
36134	4.803428	1.275210	8.956861	0.008908	-0.041504	0.075715	-0.691071	-0.536579	0.484256	0.658874	-0.743123	0.116848	0.297164	0.399813	0.867089
36135	4.777327	1.148067	9.102592	0.014499	-0.080644	0.071201	-0.690398	-0.536735	0.485043	0.659369	-0.742713	0.116665	0.297630	0.400367	0.866673
36136	4.747187	1.152193	9.124623	0.039040	-0.124940	0.057577	-0.689660	-0.536620	0.486218	0.659850	-0.742277	0.116720	0.298274	0.401328	0.866007
36137	4.819276	1.143079	9.160516	0.051874	-0.172816	0.044231	-0.688890	-0.536200	0.487771	0.660267	-0.741863	0.116989	0.299130	0.402652	0.865097
36138	4.835981	1.199704	9.138492	0.057576	-0.220908	0.023665	-0.688086	-0.535443	0.489734	0.660569	-0.741534	0.117368	0.300310	0.404263	0.863936
36139	4.972234	1.017295	9.022222	0.067161	-0.257026	0.002296	-0.687318	-0.534385	0.491961	0.660767	-0.741262	0.117972	0.301630	0.406156	0.862587
36140	4.878919	1.235939	8.971565	0.076911	-0.298705	-0.012325	-0.686511	-0.533036	0.494546	0.660882	-0.741044	0.118693	0.303213	0.408320	0.861009
36141	5.022489	1.471138	8.952207	0.084796	-0.333163	-0.016927	-0.685636	-0.531508	0.497396	0.660997	-0.740806	0.119541	0.304937	0.410739	0.859248
36142	5.090923	1.389974	8.831868	0.071196	-0.359617	-0.012467	-0.684632	-0.529892	0.500493	0.661096	-0.740608	0.120212	0.306970	0.413175	0.857354
36143	5.193621	1.262191	8.849721	0.066115	-0.384887	-0.014880	-0.683565	-0.528155	0.503777	0.661180	-0.740424	0.120887	0.309161	0.415721	0.855333
36144	5.038374	1.274738	8.981911	0.069304	-0.425269	-0.024227	-0.682419	-0.526160	0.507405	0.661196	-0.740292	0.121600	0.311647	0.418476	0.853085
36145	4.694323	1.248123	9.561884	0.071020	-0.512924	-0.018277	-0.680972	-0.523819	0.511753	0.661253	-0.740121	0.122335	0.314678	0.421705	0.850378
36146	4.400076	1.281361	10.338928	0.097895	-0.685589	-0.011685	-0.678892	-0.520784	0.517581	0.661450	-0.739797	0.123224	0.318732	0.426010	0.846715
36147	4.026521	1.608357	10.783751	0.118967	-0.944745	0.005442	-0.675869	-0.516704	0.525565	0.661809	-0.739307	0.124235	0.324361	0.431790	0.841633
36148	3.859302	1.260529	10.830319	0.149407	-1.223856	0.048249	-0.671548	-0.511688	0.535909	0.662591	-0.738438	0.125231	0.331656	0.439187	0.834937
36149	3.943763	0.449214	10.834255	0.250799	-1.511135	0.078038	-0.665993	-0.505506	0.548560	0.663915	-0.736957	0.126926	0.340103	0.448729	0.826421
36150	3.799492	0.347130	11.089941	0.337389	-1.822156	0.055344	-0.659350	-0.497588	0.563616	0.665413	-0.735176	0.129390	0.349975	0.460351	0.815840
36151	3.567374	0.538878	11.245860	0.352292	-2.181177	-0.002980	-0.651650	-0.487324	0.581263	0.666599	-0.733584	0.132291	0.361937	0.473677	0.802890
36152	3.341330	0.585555	11.487291	0.379219	-2.585304	-0.058521	-0.642511	-0.474408	0.601761	0.667587	-0.732070	0.135655	0.376175	0.488887	0.787071
36153	3.174075	0.956564	11.780640	0.447142	-3.048958	-0.099662	-0.631520	-0.458427	0.625321	0.668592	-0.730375	0.139777	0.392642	0.506356	0.767747
36154	3.088688	2.035460	12.068239	0.498396	-3.537031	-0.095507	-0.617949	-0.439429	0.651952	0.669966	-0.728261	0.144161	0.411442	0.525870	0.744430
36155	2.852754	3.476267	12.270696	0.350024	-4.077694	-0.026908	-0.600945	-0.417299	0.681708	0.671200	-0.726571	0.146921	0.433999	0.545854	0.716720
36156	4.106060	4.335637	12.057709	0.113495	-4.674369	0.095828	-0.579393	-0.391968	0.714609	0.672241	-0.725580	0.147056	0.460865	0.565592	0.683893
36157	6.979961	5.531501	11.560649	-0.282287	-5.084911	0.300895	-0.553212	-0.364863	0.748887	0.672508	-0.726142	0.143009	0.491619	0.582747	0.647083
36158	11.624719	6.772844	12.128563	-0.840939	-5.121211	0.503418	-0.523803	-0.338325	0.781771	0.670912	-0.729350	0.133886	0.524888	0.594630	0.609022
36159	14.304551	5.407026	12.622295	-1.283343	-4.717824	0.495972	-0.494999	-0.313667	0.810302	0.666398	-0.735483	0.122386	0.557575	0.600565	0.573090
36160	12.631327	3.701654	11.285993	-1.619701	-4.039573	0.346311	-0.469571	-0.291912	0.833241	0.658759	-0.744191	0.110527	0.587826	0.600806	0.541750
36161	11.107756	2.112697	9.576369	-1.789252	-3.634852	0.174100	-0.446628	-0.271385	0.852569	0.648724	-0.754467	0.099684	0.616182	0.597603	0.513020
36162	9.874418	1.493819	10.297223	-1.730572	-3.110570	0.048690	-0.426764	-0.253193	0.868197	0.638026	-0.764663	0.090623	0.640933	0.592607	0.487875
36163	7.718035	2.093043	12.173103	-1.603409	-2.237511	-0.127581	-0.413099	-0.238988	0.878769	0.626998	-0.774466	0.084122	0.660472	0.585737	0.469776
36164	8.208922	3.135353	12.505799	-1.631206	-1.553334	-0.201074	-0.403960	-0.228344	0.885819	0.615236	-0.784439	0.078356	0.676979	0.576641	0.457367
36165	2.874870	2.435224	11.364518	-1.714263	-0.758946	-0.134347	-0.399689	-0.222916	0.889133	0.602910	-0.794570	0.071816	0.690470	0.564771	0.451979
36166	-0.637161	0.731072	9.680952	-1.695998	-0.595045	0.095092	-0.394974	-0.220303	0.891887	0.591439	-0.803856	0.063361	0.702990	0.552523	0.447798
36167	-0.467117	-0.005923	9.789946	-1.448913	-0.488525	0.348504	-0.389582	-0.220412	0.894229	0.582472	-0.811065	0.053847	0.713409	0.541841	0.444360
36168	0.406107	0.973989	10.676154	-1.179400	-0.196450	0.568483	-0.384876	-0.223933	0.895390	0.576182	-0.816160	0.043549	0.721030	0.532669	0.443147
36169	0.508860	2.740509	11.212739	-1.045595	0.261640	0.719994	-0.382766	-0.231179	0.894453	0.571300	-0.820097	0.032517	0.726021	0.523447	0.445977
36170	-0.035483	3.772125	10.871116	-1.050499	0.729935	0.807576	-0.383478	-0.241551	0.891402	0.566718	-0.823654	0.020608	0.729229	0.513076	0.452745
36171	-0.562439	3.679252	10.096289	-1.024635	1.132633	0.807051	-0.387334	-0.253934	0.886279	0.562264	-0.826911	0.008805	0.730637	0.501733	0.463069
36172	-0.751879	3.535640	9.264559	-0.874220	1.455305	0.710292	-0.393977	-0.266990	0.879487	0.558623	-0.829420	-0.001549	0.729878	0.490691	0.475920
36173	-0.360208	3.962783	8.808874	-0.663861	1.738708	0.525002	-0.403873	-0.279766	0.870987	0.555796	-0.831267	-0.009288	0.726621	0.480339	0.491219
36174	0.596075	4.526770	8.582806	-0.474140	2.005555	0.262408	-0.416931	-0.291439	0.860948	0.553408	-0.832794	-0.013910	0.721047	0.470656	0.508502
36175	1.544848	4.855839	8.255867	-0.315916	2.297730	-0.068331	-0.433954	-0.301546	0.848972	0.550764	-0.834528	-0.014892	0.712982	0.461121	0.528228
36176	1.869033	4.951031	7.844253	-0.198004	2.563657	-0.410737	-0.454354	-0.309768	0.835229	0.547504	-0.836710	-0.012482	0.702710	0.451620	0.549761
36177	2.368550	4.843106	7.514130	-0.105164	2.759092	-0.723053	-0.477693	-0.316002	0.819727	0.543313	-0.839501	-0.007011	0.690377	0.442019	0.572712
36178	3.320894	4.566219	7.358859	-0.025808	2.930063	-0.966740	-0.502942	-0.320636	0.802647	0.538361	-0.842714	0.000697	0.676178	0.432464	0.596454
36179	4.372799	4.301043	7.392073	0.028941	3.110510	-1.133275	-0.529970	-0.324324	0.783547	0.532609	-0.846303	0.009943	0.659893	0.422594	0.621253
36180	5.218150	3.715016	7.371533	0.088284	3.291019	-1.203344	-0.557759	-0.327816	0.762523	0.526603	-0.849881	0.019820	0.641557	0.412601	0.646657
36181	5.981488	2.770435	7.380972	0.189452	3.442897	-1.159933	-0.585743	-0.331929	0.739410	0.521072	-0.852990	0.029864	0.620797	0.402778	0.672592
36182	6.650755	1.831261	7.341834	0.363860	3.564965	-1.003502	-0.612672	-0.337516	0.714644	0.517237	-0.854922	0.039665	0.597577	0.393942	0.698363
36183	6.909093	0.710576	7.211320	0.581130	3.646792	-0.759845	-0.638087	-0.345195	0.688248	0.515785	-0.855304	0.049210	0.571674	0.386388	0.723805
36184	7.185962	-0.240090	7.266917	0.857774	3.699273	-0.414616	-0.660855	-0.355798	0.660816	0.517836	-0.853489	0.058329	0.543246	0.380741	0.748278
36185	7.602633	-0.753792	7.517934	1.158569	3.759075	0.002908	-0.680831	-0.370008	0.632110	0.523867	-0.849145	0.067194	0.511891	0.376889	0.771960
36186	8.143385	-1.034378	8.037046	1.468900	3.833558	0.420088	-0.697583	-0.387926	0.602404	0.533994	-0.842055	0.076112	0.477732	0.374775	0.794554
36187	9.097338	-1.218722	8.632553	1.822123	3.929891	0.775552	-0.711578	-0.409081	0.571235	0.547718	-0.832198	0.086318	0.440070	0.374298	0.816235
36188	10.392299	-0.808322	8.888545	2.193671	4.069746	1.035306	-0.722899	-0.432845	0.538575	0.564310	-0.819641	0.098707	0.398713	0.375278	0.836776
36189	11.379687	-0.062476	8.604590	2.463568	4.214272	1.155904	-0.732279	-0.458003	0.503985	0.581875	-0.805303	0.113621	0.353822	0.376458	0.856206
36190	11.783449	0.417211	7.577007	2.591123	4.229188	1.085426	-0.739869	-0.482563	0.468750	0.598399	-0.790457	0.130754	0.307430	0.377240	0.873600
36191	12.135798	0.447684	6.734095	2.590157	4.020805	0.838612	-0.746366	-0.504252	0.434360	0.611902	-0.776605	0.149872	0.261753	0.377645	0.888183
36192	13.517833	0.003672	6.326667	2.462617	3.657915	0.473210	-0.752260	-0.521678	0.402439	0.621337	-0.764901	0.169902	0.219192	0.377860	0.899542
36193	14.875480	-1.182867	5.941330	2.214158	3.234080	0.101587	-0.758201	-0.534625	0.373239	0.626448	-0.756049	0.189612	0.180816	0.377579	0.908152
36194	16.277189	-3.253317	5.473534	1.907222	2.772624	-0.125720	-0.763564	-0.544099	0.347745	0.628592	-0.749561	0.207438	0.147789	0.376982	0.914354
36195	17.627206	-4.668815	4.460003	1.607353	2.357913	-0.118445	-0.767551	-0.552040	0.325757	0.629747	-0.744207	0.222653	0.119518	0.376042	0.918862
36196	18.149421	-3.534184	3.570686	1.074194	1.941019	0.138592	-0.768806	-0.560299	0.308223	0.631948	-0.739442	0.232094	0.097871	0.373216	0.922568
36197	18.913234	-3.077569	2.352605	0.335726	1.527961	0.444987	-0.767438	-0.569193	0.295056	0.635605	-0.735725	0.233914	0.083938	0.367053	0.926405
36198	18.283675	-3.982609	0.765364	-0.196030	1.095720	0.521961	-0.765013	-0.576967	0.286120	0.639415	-0.733476	0.230566	0.076833	0.359335	0.930040
36199	15.849762	4.992478	-1.060393	-1.310822	0.087735	0.661396	-0.760886	-0.582092	0.286743	0.643356	-0.734314	0.216508	0.084532	0.349216	0.933222
36200	16.125575	-6.752408	-5.195325	-1.856347	-1.195389	0.670471	-0.755446	-0.582850	0.299312	0.646644	-0.736860	0.197204	0.105611	0.342525	0.933554
36201	16.848976	-10.141308	0.673918	-0.909123	-1.657967	0.393010	-0.751015	-0.580021	0.315519	0.648543	-0.737706	0.187566	0.123968	0.345492	0.930197
36202	10.105901	1.647010	12.458146	-0.414322	-1.523082	0.189284	-0.747811	-0.576072	0.330030	0.649387	-0.738086	0.183099	0.138112	0.351241	0.926043
36203	-2.578363	4.074692	15.701236	-0.642556	-1.096649	0.391792	-0.743689	-0.575079	0.340898	0.651372	-0.738094	0.175875	0.150473	0.352848	0.923502
36204	-3.683870	5.693802	14.916169	-0.774303	-1.608061	0.727822	-0.736396	-0.574704	0.356984	0.655495	-0.736686	0.166192	0.167474	0.356384	0.919208
36205	7.803208	5.278870	12.028246	-1.328972	-2.095409	0.810808	-0.727326	-0.573153	0.377482	0.659021	-0.736795	0.151074	0.191538	0.358649	0.913611
36206	14.428562	0.184186	10.662107	-1.064846	-1.834460	0.224444	-0.722166	-0.568166	0.394544	0.658468	-0.739378	0.140501	0.211889	0.361259	0.908072
36207	10.001058	-2.915589	11.005235	-0.826400	-1.376285	-0.019058	-0.719279	-0.563014	0.407004	0.656506	-0.742480	0.133129	0.227238	0.362958	0.903673
36208	7.846579	-2.346148	11.662779	-0.590531	-1.108682	0.187655	-0.715479	-0.560334	0.417271	0.656442	-0.743605	0.127025	0.239109	0.364798	0.899861
36209	4.777633	0.948504	10.002494	-0.284373	-0.895298	0.121614	-0.712512	-0.557929	0.425490	0.656607	-0.743972	0.123991	0.247374	0.367725	0.896429
36210	8.928688	0.261830	10.610842	-0.339537	-0.817680	0.085504	-0.709912	-0.555510	0.432937	0.656328	-0.744778	0.120580	0.255458	0.369750	0.893323
36211	7.642738	-1.885409	8.872187	-0.058823	-0.194093	0.057314	-0.709045	-0.555189	0.434765	0.656574	-0.744681	0.119839	0.257228	0.370426	0.892535
36212	5.719427	1.300713	9.250361	0.110170	-0.214696	-0.011238	-0.708582	-0.554267	0.436692	0.656745	-0.744364	0.120866	0.258066	0.372438	0.891455
36213	4.253223	0.668581	9.653880	0.068264	-0.189104	0.003836	-0.708075	-0.553557	0.438412	0.656936	-0.744095	0.121486	0.258971	0.374030	0.890526
36214	5.202232	0.819013	9.259728	0.089488	-0.189400	0.042925	-0.707317	-0.553125	0.440176	0.657438	-0.743552	0.122089	0.259763	0.375744	0.889573
36215	5.545555	0.991159	8.857582	0.125646	-0.162485	0.008118	-0.706841	-0.552552	0.441659	0.657820	-0.743031	0.123198	0.260093	0.377613	0.888684
36216	5.276034	1.802742	8.701779	0.122720	-0.102980	-0.000615	-0.706593	-0.552117	0.442598	0.658102	-0.742600	0.124286	0.260053	0.379094	0.888065
36217	5.206405	1.962450	8.681365	0.074582	-0.054735	0.033303	-0.706235	-0.552128	0.443155	0.658524	-0.742135	0.124829	0.259959	0.379987	0.887711
36218	4.940368	1.856872	8.824281	0.019863	0.007415	0.095194	-0.705643	-0.552822	0.443234	0.659214	-0.741564	0.124579	0.259816	0.380094	0.887707
36219	5.208188	1.390152	8.885618	0.001415	0.033368	0.097279	-0.705095	-0.553634	0.443091	0.659890	-0.741027	0.124190	0.259586	0.379957	0.887833
