// General information: 
//  MT Manager version: 2022.2.0 
//  XDA version: 2022.2.0 build 7381 rev 124627 built on 2023-07-19
// Device information: 
//  DeviceId: 00B4CB9F
//  ProductCode: MTW2-3A7G6
//  Firmware Version: 4.6.0
//  Hardware Version: 2.0.0
// Device settings: 
//  Filter Profile: human(46.1)
//  Option Flags: Orientation Smoother Disabled, Position/Velocity Smoother Disabled, Continuous Zero Rotation Update Disabled, AHS Disabled, ICC Disabled
// Coordinate system: ENU
PacketCounter	Acc_X	Acc_Y	Acc_Z	Gyr_X	Gyr_Y	Gyr_Z	Mat[1][1]	Mat[2][1]	Mat[3][1]	Mat[1][2]	Mat[2][2]	Mat[3][2]	Mat[1][3]	Mat[2][3]	Mat[3][3]
55268	7.172811	-0.071180	2.481147	0.085786	-0.214689	0.454706	-0.316064	-0.300921	0.899750	0.685953	-0.727641	-0.002398	0.655417	0.616429	0.436399
55269	8.036219	-0.524513	2.901276	-0.019373	-0.271109	0.450034	-0.310821	-0.302495	0.901048	0.687343	-0.726302	-0.006728	0.656468	0.617238	0.433668
55270	9.073736	-1.487111	3.216338	0.000889	-0.186613	0.520859	-0.305947	-0.305134	0.901826	0.688988	-0.724682	-0.011456	0.657032	0.617843	0.431948
55271	8.973351	-2.502121	4.366371	-0.100234	-0.122841	0.603994	-0.300422	-0.308956	0.902382	0.690686	-0.722942	-0.017575	0.657799	0.617982	0.430579
55272	9.275886	-3.842906	5.978312	-0.236180	-0.291584	0.763377	-0.293160	-0.312682	0.903486	0.691428	-0.721995	-0.025519	0.660292	0.617214	0.427857
55273	10.312992	-4.839715	8.143910	-0.015226	-0.369113	0.997540	-0.283244	-0.317755	0.904878	0.694637	-0.718514	-0.034877	0.661250	0.618683	0.424240
55274	10.814863	-4.759028	9.419805	0.575393	-0.356485	1.188253	-0.272530	-0.324046	0.905937	0.701768	-0.711092	-0.043241	0.658217	0.623973	0.421199
55275	9.719777	-3.005238	8.709340	1.319384	-0.436170	1.222507	-0.260849	-0.329893	0.907264	0.713728	-0.698717	-0.048858	0.650039	0.634795	0.417713
55276	9.101786	-0.595817	6.892350	1.730081	-0.632505	1.144700	-0.248454	-0.333756	0.909328	0.727826	-0.683779	-0.052108	0.639171	0.648886	0.412804
55277	9.809493	1.877215	4.521489	2.099787	-0.707421	0.923265	-0.236405	-0.335499	0.911895	0.743802	-0.666348	-0.052332	0.625197	0.665898	0.407073
55278	11.004038	4.531850	3.749335	2.858948	-0.528703	0.665474	-0.228071	-0.336293	0.913724	0.762961	-0.644744	-0.046856	0.604875	0.686449	0.403626
55279	10.568373	7.931607	4.018255	3.392853	-0.374894	0.443799	-0.222122	-0.336523	0.915103	0.784171	-0.619414	-0.037444	0.579429	0.709280	0.401478
55280	9.386932	10.556639	4.253452	2.921872	-0.295711	0.282452	-0.218135	-0.336118	0.916211	0.801422	-0.597426	-0.028365	0.556902	0.728084	0.399692
55281	8.743443	10.902148	3.145812	1.429039	-0.270075	0.180400	-0.215337	-0.334948	0.917300	0.809481	-0.586647	-0.024185	0.546233	0.737329	0.397461
55282	9.408284	9.325783	2.483090	-0.258666	-0.269760	0.131132	-0.212732	-0.333729	0.918352	0.808371	-0.588079	-0.026453	0.548891	0.736742	0.394880
55283	9.896127	5.994417	2.174419	-1.475805	-0.221147	0.128742	-0.210122	-0.332627	0.919352	0.800503	-0.598389	-0.033542	0.561288	0.728896	0.392003
55284	9.568901	1.485235	2.104115	-1.991536	-0.296712	0.091224	-0.207639	-0.331033	0.920491	0.789377	-0.612458	-0.042193	0.577729	0.717853	0.388480
55285	9.906053	-2.998986	2.181436	-1.914723	-0.413644	0.031473	-0.204383	-0.328117	0.922262	0.778405	-0.625758	-0.050125	0.593560	0.707648	0.383302
55286	10.106470	-6.776834	1.719277	-1.448057	-0.466621	0.055925	-0.201084	-0.325187	0.924023	0.769860	-0.635734	-0.056196	0.605707	0.700069	0.378185
55287	9.947406	-9.166801	1.998987	-0.856326	-0.497359	0.206178	-0.195724	-0.323148	0.925887	0.765604	-0.640351	-0.061650	0.612815	0.696797	0.372736
55288	9.655391	-10.139613	1.648889	-0.203795	-0.534424	0.432852	-0.189060	-0.322198	0.927602	0.765211	-0.640341	-0.066457	0.615394	0.697246	0.367612
55289	9.713747	-9.156792	0.689502	0.564948	-0.556963	0.625516	-0.180768	-0.322055	0.929303	0.769762	-0.634465	-0.070143	0.612200	0.702663	0.362596
55290	9.975755	-6.054761	0.683937	1.359581	-0.520802	0.729599	-0.171884	-0.322955	0.930675	0.779331	-0.622454	-0.072066	0.602577	0.712917	0.358679
55291	10.062273	-1.551022	1.584117	1.760975	-0.485085	0.736019	-0.163130	-0.323940	0.931907	0.791140	-0.607309	-0.072617	0.589479	0.725423	0.355352
55292	10.126345	2.477736	2.543292	1.707611	-0.460726	0.645921	-0.155229	-0.324444	0.933081	0.802147	-0.592692	-0.072640	0.576597	0.737192	0.352255
55293	9.696325	4.931029	3.069545	1.325700	-0.429672	0.478064	-0.148638	-0.323970	0.934318	0.810668	-0.581001	-0.072493	0.566325	0.746647	0.348991
55294	9.395744	4.786145	3.695305	0.716856	-0.436432	0.287998	-0.143767	-0.322360	0.935636	0.815151	-0.574663	-0.072738	0.561123	0.752228	0.345390
55295	9.512477	2.565792	3.551729	0.232337	-0.427634	0.163205	-0.140061	-0.319620	0.937137	0.816356	-0.572870	-0.073373	0.560309	0.754760	0.341161
55296	9.601479	-0.486259	2.834040	-0.004742	-0.403344	0.127281	-0.136692	-0.317297	0.938423	0.816525	-0.572466	-0.074625	0.560894	0.756045	0.337333
55297	9.370900	-2.853192	2.628717	0.090042	-0.414821	0.174427	-0.132528	-0.315008	0.939791	0.817355	-0.571078	-0.076157	0.560684	0.758050	0.333157
55298	9.027081	-3.485507	2.412224	0.371043	-0.390067	0.265743	-0.128101	-0.313552	0.940891	0.819797	-0.567391	-0.077469	0.558143	0.761415	0.329732
55299	9.032800	-2.485966	3.058868	0.670433	-0.327039	0.300927	-0.123708	-0.312521	0.941821	0.823915	-0.561315	-0.078038	0.553047	0.766326	0.326930
55300	9.059588	-0.623257	3.576175	0.855145	-0.238301	0.272722	-0.120075	-0.312202	0.942397	0.828966	-0.553853	-0.077861	0.546258	0.771866	0.325309
55301	8.899752	0.892938	4.455382	0.779873	-0.162525	0.207832	-0.117411	-0.311846	0.942850	0.833448	-0.547180	-0.077191	0.539981	0.776754	0.324152
55302	8.724044	1.460140	4.660307	0.543036	-0.116113	0.143513	-0.115520	-0.311715	0.943127	0.836553	-0.542473	-0.076828	0.535569	0.780101	0.323433
55303	8.562728	0.896310	4.870230	0.266612	-0.074724	0.092601	-0.114429	-0.311347	0.943382	0.837917	-0.540381	-0.076707	0.533668	0.781698	0.322718
55304	8.494780	-0.203422	5.014938	0.068892	-0.063092	0.070109	-0.113437	-0.311223	0.943543	0.838381	-0.539592	-0.077188	0.533151	0.782292	0.322133
55305	8.467231	-1.074498	4.653197	0.003545	-0.038463	0.060914	-0.112665	-0.310975	0.943717	0.838343	-0.539576	-0.077717	0.533374	0.782402	0.321495
55306	8.532537	-1.479995	4.861648	-0.000424	-0.003493	0.064680	-0.112036	-0.311287	0.943689	0.838429	-0.539346	-0.078370	0.533371	0.782436	0.321418
55307	8.613239	-1.555775	4.473678	-0.013671	0.022156	0.058212	-0.111603	-0.311572	0.943646	0.838355	-0.539378	-0.078940	0.533577	0.782301	0.321404
55308	8.704075	-1.542804	4.186914	-0.011621	0.030871	0.049233	-0.111287	-0.312069	0.943519	0.838364	-0.539284	-0.079484	0.533629	0.782167	0.321643
55309	8.865508	-1.424014	3.491094	0.022637	0.043140	0.034184	-0.111028	-0.312391	0.943443	0.838499	-0.539028	-0.079804	0.533472	0.782216	0.321786
55310	9.006500	-1.063000	3.519219	0.080595	0.052970	0.009206	-0.111165	-0.312845	0.943277	0.838954	-0.538338	-0.079673	0.532727	0.782509	0.322307
55311	8.924670	-0.551506	3.422816	0.103249	0.050815	-0.004016	-0.111278	-0.313057	0.943193	0.839564	-0.537438	-0.079330	0.531743	0.783043	0.322636
55312	8.826215	-0.335014	3.859719	0.078819	0.056764	-0.014383	-0.111632	-0.313413	0.943033	0.839982	-0.536836	-0.078982	0.531007	0.783313	0.323190
55313	8.691553	-0.328310	4.326520	0.067419	0.068161	-0.023110	-0.112149	-0.313633	0.942898	0.840182	-0.536586	-0.078551	0.530582	0.783396	0.323686
55314	8.617941	-0.525607	4.501795	0.021480	0.062749	-0.038994	-0.112742	-0.313904	0.942737	0.840267	-0.536510	-0.078155	0.530322	0.783339	0.324250
55315	8.862588	-0.953305	4.272034	-0.044241	0.048197	-0.046500	-0.113012	-0.313973	0.942682	0.840154	-0.536705	-0.078036	0.530443	0.783178	0.324440
55316	8.943215	-1.451312	3.698566	-0.115141	0.022610	-0.049005	-0.113476	-0.313876	0.942658	0.839502	-0.537731	-0.077990	0.531375	0.782514	0.324519
55317	9.176745	-1.861747	2.979462	-0.142821	-0.005240	-0.045285	-0.113473	-0.313538	0.942771	0.838806	-0.538782	-0.078223	0.532474	0.781926	0.324135
55318	9.482618	-2.166245	2.504709	-0.083700	-0.016511	-0.036287	-0.113621	-0.313203	0.942865	0.838333	-0.539521	-0.078194	0.533186	0.781551	0.323869
55319	9.797555	-2.226866	1.988406	0.003270	-0.025269	-0.033685	-0.113706	-0.312624	0.943047	0.838248	-0.539704	-0.077844	0.533302	0.781656	0.323424
55320	10.013766	-2.140176	1.653328	0.076232	-0.017866	-0.034311	-0.113830	-0.312288	0.943143	0.838630	-0.539187	-0.077316	0.532675	0.782147	0.323270
55321	10.238109	-2.051498	1.209708	0.088561	-0.032645	-0.053025	-0.113881	-0.311458	0.943411	0.838883	-0.538888	-0.076646	0.532265	0.782684	0.322646
55322	10.510311	-1.793455	0.604168	0.104592	-0.054979	-0.072313	-0.114127	-0.310626	0.943656	0.839371	-0.538266	-0.075668	0.531443	0.783442	0.322162
55323	10.325803	-1.328170	0.631030	0.143747	-0.076078	-0.087339	-0.114333	-0.309287	0.944071	0.839909	-0.537602	-0.074405	0.530547	0.784427	0.321239
55324	10.145607	-0.859083	0.928167	0.136408	-0.113499	-0.119682	-0.114670	-0.307740	0.944535	0.840509	-0.536874	-0.072879	0.529524	0.785533	0.320222
55325	10.078478	-0.583501	1.590114	0.059788	-0.138908	-0.157638	-0.115180	-0.305562	0.945180	0.840457	-0.537175	-0.071242	0.529496	0.786177	0.318684
55326	9.610096	-0.372689	2.121755	-0.004246	-0.178192	-0.184032	-0.115715	-0.303159	0.945888	0.840235	-0.537742	-0.069558	0.529731	0.786720	0.316950
55327	9.420354	-0.237520	2.648930	-0.015624	-0.193792	-0.189098	-0.116150	-0.300470	0.946693	0.839989	-0.538349	-0.067808	0.530025	0.787336	0.314921
55328	9.087161	-0.105471	3.144967	-0.002947	-0.188501	-0.176481	-0.116565	-0.298022	0.947415	0.839781	-0.538875	-0.066188	0.530264	0.787906	0.313088
55329	8.904101	-0.060335	3.739668	0.020714	-0.183460	-0.157036	-0.116761	-0.295617	0.948144	0.839772	-0.539075	-0.064659	0.530235	0.788676	0.311194
55330	8.719060	0.081821	4.248544	0.053586	-0.162410	-0.139210	-0.117002	-0.293571	0.948750	0.839907	-0.539037	-0.063215	0.529969	0.789465	0.309641
55331	8.628181	0.166023	4.514224	0.080711	-0.131229	-0.138024	-0.117360	-0.291709	0.949280	0.840230	-0.538713	-0.061666	0.529378	0.790376	0.308326
55332	8.570452	0.264064	4.599118	0.077537	-0.092527	-0.141226	-0.117990	-0.290204	0.949663	0.840487	-0.538486	-0.060129	0.528830	0.791085	0.307448
55333	8.586375	0.138093	4.604341	0.051295	-0.057692	-0.146874	-0.119023	-0.288735	0.949982	0.840521	-0.538623	-0.058398	0.528544	0.791529	0.306796
55334	8.716955	-0.000853	4.334637	0.041157	-0.033537	-0.152509	-0.120061	-0.287634	0.950185	0.840568	-0.538712	-0.056865	0.528233	0.791868	0.306455
55335	8.804723	-0.135062	3.933405	-0.002605	-0.008495	-0.142982	-0.120883	-0.286707	0.950361	0.840406	-0.539083	-0.055735	0.528304	0.791952	0.306116
55336	8.928193	-0.244789	3.711007	-0.041545	0.008719	-0.130752	-0.121961	-0.286057	0.950419	0.840040	-0.539763	-0.054661	0.528638	0.791724	0.306129
55337	9.117447	-0.174598	3.307316	-0.046460	0.014944	-0.124945	-0.122838	-0.285472	0.950482	0.839722	-0.540348	-0.053767	0.528940	0.791537	0.306092
55338	9.193271	0.080765	2.831963	-0.091181	0.018679	-0.120396	-0.123880	-0.284955	0.950502	0.839103	-0.541389	-0.052943	0.529678	0.791011	0.306174
55339	9.376110	0.272078	2.735127	-0.142975	0.013660	-0.128014	-0.124874	-0.284286	0.950573	0.838292	-0.542719	-0.052186	0.530729	0.790341	0.306086
55340	9.494705	0.390511	2.601618	-0.216745	0.004521	-0.136985	-0.125978	-0.283563	0.950643	0.836980	-0.544796	-0.051589	0.532535	0.789170	0.305969
55341	9.567124	0.437922	2.541836	-0.284412	0.002729	-0.141909	-0.126863	-0.282790	0.950755	0.835377	-0.547277	-0.051313	0.534838	0.787729	0.305665
55342	9.620796	0.395131	2.545934	-0.318573	-0.002193	-0.149246	-0.128029	-0.281940	0.950851	0.833491	-0.550183	-0.050910	0.537496	0.786008	0.305434
55343	9.711032	0.302339	2.442329	-0.332661	0.009813	-0.157757	-0.129108	-0.281181	0.950930	0.831652	-0.552988	-0.050600	0.540080	0.784310	0.305240
55344	9.622907	0.267624	2.339581	-0.380933	-0.001732	-0.165851	-0.130408	-0.280234	0.951032	0.829386	-0.556414	-0.050227	0.543243	0.782222	0.304983
55345	9.705109	0.066168	2.176484	-0.446987	-0.014125	-0.176710	-0.131621	-0.279028	0.951220	0.826773	-0.560312	-0.049959	0.546920	0.779868	0.304441
55346	9.715586	-0.177343	2.070412	-0.513080	-0.032913	-0.166919	-0.132750	-0.277820	0.951417	0.823748	-0.564749	-0.049974	0.551195	0.777094	0.303824
55347	9.788329	-0.535465	1.981476	-0.539558	-0.059807	-0.168573	-0.133746	-0.276298	0.951720	0.820710	-0.569162	-0.049901	0.555470	0.774412	0.302884
55348	9.840271	-0.720290	1.924263	-0.507721	-0.076446	-0.163435	-0.134591	-0.274761	0.952046	0.817672	-0.573515	-0.049922	0.559730	0.771742	0.301854
55349	9.825499	-0.806100	1.973599	-0.454924	-0.089243	-0.153686	-0.135265	-0.272929	0.952477	0.814852	-0.577528	-0.049768	0.563666	0.769396	0.300516
55350	9.668168	-0.817322	2.203472	-0.379222	-0.092043	-0.144402	-0.135852	-0.271374	0.952838	0.812525	-0.580815	-0.049572	0.566875	0.767470	0.299403
55351	9.505013	-0.799518	2.478641	-0.296432	-0.098535	-0.135991	-0.136208	-0.269772	0.953242	0.810794	-0.583259	-0.049211	0.569263	0.766180	0.298174
55352	9.400803	-0.629716	2.700477	-0.217210	-0.083513	-0.128761	-0.136707	-0.268369	0.953567	0.809392	-0.585248	-0.048673	0.571135	0.765156	0.297223
55353	9.296311	-0.471993	2.946345	-0.173675	-0.067878	-0.126335	-0.137115	-0.266991	0.953895	0.808303	-0.586802	-0.048057	0.572578	0.764447	0.296269
55354	9.207768	-0.420025	3.134880	-0.162583	-0.051442	-0.125239	-0.137763	-0.265851	0.954120	0.807211	-0.588358	-0.047385	0.573961	0.763648	0.295652
55355	9.100919	-0.402090	3.278725	-0.169590	-0.032597	-0.121489	-0.138269	-0.264831	0.954330	0.806160	-0.589837	-0.046881	0.575315	0.762861	0.295053
55356	9.075301	-0.403319	3.328661	-0.179583	-0.019920	-0.113797	-0.139003	-0.263996	0.954455	0.804980	-0.591488	-0.046367	0.576789	0.761872	0.294730
55357	9.063649	-0.339751	3.416483	-0.180556	-0.024382	-0.104939	-0.139452	-0.263181	0.954614	0.803933	-0.592936	-0.046028	0.578139	0.761028	0.294266
55358	8.976182	-0.302256	3.577773	-0.180676	0.021869	-0.093737	-0.140264	-0.262780	0.954606	0.802769	-0.594536	-0.045708	0.579559	0.759917	0.294343
55359	8.903945	-0.184691	3.703994	-0.206180	0.034160	-0.099729	-0.141079	-0.262361	0.954601	0.801565	-0.596182	-0.045391	0.581025	0.758771	0.294409
55360	8.980252	-0.119599	3.913665	-0.249050	0.069399	-0.106483	-0.142268	-0.262240	0.954458	0.799977	-0.598330	-0.045151	0.582921	0.757121	0.294909
55361	8.920014	-0.125845	4.059916	-0.293684	0.096326	-0.108763	-0.143488	-0.262310	0.954256	0.798198	-0.600705	-0.045102	0.585057	0.755214	0.295569
55362	8.886820	-0.061550	3.995833	-0.338227	0.121779	-0.115921	-0.145058	-0.262519	0.953961	0.796060	-0.603540	-0.045040	0.587577	0.752877	0.296530
55363	9.100201	-0.086762	4.105278	-0.388141	0.141660	-0.116827	-0.146673	-0.262866	0.953619	0.793729	-0.606595	-0.045128	0.590323	0.750296	0.297615
55364	9.181636	-0.203884	4.136746	-0.426091	0.164077	-0.111265	-0.148457	-0.263408	0.953193	0.791056	-0.610058	-0.045381	0.593457	0.747292	0.298938
55365	9.127322	-0.341744	4.016872	-0.459850	0.172270	-0.094989	-0.150224	-0.264064	0.952734	0.788337	-0.613540	-0.045749	0.596621	0.744203	0.300340
55366	9.154659	-0.347517	3.890679	-0.471718	0.172177	-0.077323	-0.151795	-0.264857	0.952265	0.785411	-0.617228	-0.046475	0.600074	0.740865	0.301714
55367	9.312550	-0.264404	3.846880	-0.463395	0.174595	-0.069849	-0.153366	-0.265703	0.951778	0.782560	-0.620783	-0.047202	0.603389	0.737584	0.303136
55368	9.375386	-0.054999	3.855246	-0.455065	0.177491	-0.064468	-0.154875	-0.266600	0.951282	0.779720	-0.624284	-0.048014	0.606671	0.734298	0.304559
55369	9.333496	0.181889	3.885005	-0.470318	0.195510	-0.066429	-0.156350	-0.267607	0.950758	0.776807	-0.627832	-0.048970	0.610021	0.730899	0.306040
55370	9.241108	0.298967	3.813983	-0.520835	0.203937	-0.074123	-0.158104	-0.268618	0.950183	0.773517	-0.631808	-0.049906	0.613739	0.727092	0.307672
55371	9.244046	0.316817	3.651628	-0.583337	0.205144	-0.080868	-0.160002	-0.269560	0.949598	0.769868	-0.636173	-0.050870	0.617821	0.722926	0.309315
55372	9.331510	0.297763	3.436252	-0.603653	0.209401	-0.072319	-0.161787	-0.270600	0.949000	0.766023	-0.640699	-0.052098	0.622121	0.718527	0.310943
55373	9.809072	0.300531	3.263709	-0.566048	0.225452	-0.070184	-0.163748	-0.271732	0.948340	0.762475	-0.644834	-0.053112	0.625954	0.714388	0.312780
55374	10.610489	0.468591	3.091135	-0.425044	0.357322	-0.055250	-0.166341	-0.273915	0.947260	0.759731	-0.647994	-0.053967	0.628601	0.710686	0.315890
55375	10.212794	1.002262	2.262058	-0.319725	0.470070	-0.043146	-0.169707	-0.276925	0.945787	0.757730	-0.650293	-0.054441	0.630114	0.707412	0.320193
55376	9.103172	1.381257	1.407859	-0.374719	0.390342	-0.042097	-0.172421	-0.279399	0.944567	0.755307	-0.653034	-0.055291	0.632283	0.703905	0.323629
55377	8.938567	1.483728	0.711415	-0.526451	0.199592	-0.053571	-0.174077	-0.280451	0.943952	0.752050	-0.656687	-0.056416	0.635702	0.700079	0.325227
55378	9.070987	1.384435	0.307643	-0.694064	0.057505	-0.057952	-0.174810	-0.280465	0.943812	0.747534	-0.661672	-0.058168	0.640808	0.695363	0.325324
55379	8.979719	1.107373	-0.088010	-0.909548	-0.048772	-0.028347	-0.174670	-0.279932	0.943996	0.741764	-0.667898	-0.060808	0.647516	0.689601	0.324305
55380	8.995230	0.467676	-0.336190	-1.125418	-0.135192	0.035383	-0.173459	-0.279238	0.944425	0.734505	-0.675500	-0.064821	0.656059	0.682441	0.322273
55381	8.960554	-0.427126	-0.522008	-1.283664	-0.208805	0.079595	-0.171478	-0.278272	0.945071	0.726248	-0.683900	-0.069598	0.665702	0.674422	0.319369
55382	8.947373	-1.498383	-0.289607	-1.293910	-0.279971	0.103911	-0.168782	-0.277108	0.945899	0.717763	-0.692266	-0.074730	0.675521	0.666318	0.315739
55383	9.502560	-2.728142	0.546773	-1.044398	-0.258964	0.144733	-0.165860	-0.276403	0.946621	0.711122	-0.698574	-0.079378	0.683225	0.659997	0.312422
55384	9.185450	-3.559905	1.158145	-0.695596	-0.324225	0.176262	-0.162318	-0.275503	0.947497	0.706654	-0.702644	-0.083249	0.688689	0.656040	0.308737
55385	10.376129	-4.071667	2.820965	-0.197830	-0.357881	0.241379	-0.158025	-0.274886	0.948402	0.705912	-0.703040	-0.086150	0.690446	0.655875	0.305143
55386	10.877072	-3.583642	3.554365	0.607215	-0.193404	0.336237	-0.154243	-0.275968	0.948710	0.710633	-0.698097	-0.087532	0.686448	0.660683	0.303788
55387	9.625288	-1.339646	2.990560	1.327986	-0.218676	0.287931	-0.150650	-0.276429	0.949153	0.720225	-0.688369	-0.086165	0.677186	0.670623	0.302794
55388	10.151871	1.270909	3.660075	1.687988	-0.333925	0.201604	-0.146875	-0.275541	0.950002	0.731871	-0.676367	-0.083024	0.665427	0.683085	0.301002
55389	10.550055	3.555049	4.396129	1.684495	-0.337977	0.155773	-0.143528	-0.274202	0.950901	0.743313	-0.664222	-0.079341	0.653365	0.695429	0.299153
55390	10.197149	4.772908	4.781871	1.205420	-0.320366	0.166571	-0.140135	-0.273054	0.951737	0.751387	-0.655309	-0.077374	0.644809	0.704281	0.297001
55391	9.075994	4.139173	3.603225	0.407221	-0.316427	0.179923	-0.136737	-0.271898	0.952562	0.754309	-0.651894	-0.077797	0.642122	0.707888	0.294233
55392	8.710289	2.324614	2.228611	-0.429803	-0.393659	0.114040	-0.133275	-0.269853	0.953634	0.751709	-0.654603	-0.080181	0.645888	0.706169	0.290093
55393	8.847555	-0.585148	1.544282	-0.934285	-0.346168	0.058351	-0.130452	-0.267856	0.954587	0.745999	-0.660698	-0.083444	0.653045	0.701235	0.286009
55394	8.505142	-3.304921	0.912121	-1.203622	-0.406482	0.051026	-0.127330	-0.265353	0.955706	0.738162	-0.668940	-0.087386	0.662499	0.694339	0.281050
55395	9.477296	-5.345350	1.788192	-1.098969	-0.375396	0.129461	-0.123600	-0.263629	0.956673	0.731359	-0.675795	-0.091738	0.670699	0.688332	0.276336
55396	9.521104	-6.368684	2.609538	-0.720494	-0.367424	0.285311	-0.118976	-0.263038	0.957422	0.726866	-0.679968	-0.096486	0.676396	0.684437	0.272093
55397	9.293305	-5.907090	2.810629	-0.256802	-0.373617	0.384946	-0.113564	-0.263166	0.958043	0.725972	-0.680294	-0.100816	0.678283	0.684064	0.268309
55398	9.040832	-4.208790	3.091621	0.196889	-0.357866	0.399023	-0.108169	-0.263420	0.958598	0.727763	-0.677873	-0.104156	0.677245	0.686365	0.265032
55399	8.837443	-1.783597	3.313587	0.580117	-0.303184	0.361052	-0.103534	-0.263729	0.959024	0.732156	-0.672840	-0.105987	0.673222	0.691182	0.262753
55400	8.879479	0.715569	3.772178	0.776332	-0.233752	0.299428	-0.099697	-0.264107	0.959327	0.737679	-0.666640	-0.106867	0.667750	0.697021	0.261289
55401	9.086429	2.524075	4.436878	0.692721	-0.168845	0.231228	-0.096820	-0.264419	0.959536	0.742677	-0.661011	-0.107217	0.662614	0.702244	0.260376
55402	8.923388	3.192794	4.804723	0.424975	-0.116166	0.174571	-0.094683	-0.264746	0.959659	0.745667	-0.657536	-0.107828	0.659558	0.705376	0.259670
55403	8.558427	2.612396	4.979494	0.053679	-0.094176	0.137929	-0.092940	-0.264955	0.959771	0.746340	-0.656581	-0.108984	0.659044	0.706187	0.258770
55404	8.576729	1.267216	5.095364	-0.241217	-0.075392	0.104338	-0.091596	-0.265103	0.959860	0.744858	-0.657985	-0.110650	0.660906	0.704824	0.257733
55405	8.681392	-0.347565	4.747598	-0.451578	-0.050731	0.088078	-0.090517	-0.265291	0.959910	0.742168	-0.660686	-0.112610	0.664074	0.702221	0.256694
55406	8.549727	-1.731350	4.200228	-0.515875	-0.045133	0.082565	-0.089536	-0.265517	0.959940	0.738820	-0.664059	-0.114765	0.667929	0.698947	0.255626
55407	8.876702	-2.734343	3.576883	-0.464842	-0.029022	0.097314	-0.088588	-0.265939	0.959911	0.735894	-0.666936	-0.116857	0.671276	0.696041	0.254785
55408	9.087856	-3.098225	2.661142	-0.371628	-0.034371	0.109845	-0.087481	-0.266429	0.959876	0.733505	-0.669204	-0.118898	0.674031	0.693673	0.253969
55409	9.367772	-2.694804	2.134211	-0.243001	-0.059199	0.104739	-0.086432	-0.266658	0.959908	0.732018	-0.670568	-0.120368	0.675780	0.692266	0.253157
55410	9.549816	-1.731643	1.756580	-0.181031	-0.092262	0.088350	-0.085093	-0.266608	0.960041	0.730883	-0.671562	-0.121715	0.677178	0.691321	0.252004
55411	9.739587	-1.056593	1.801541	-0.228166	-0.129898	0.053611	-0.084036	-0.266045	0.960291	0.729537	-0.672868	-0.122573	0.678759	0.690267	0.250635
55412	9.844951	-0.771870	1.699296	-0.329039	-0.166864	0.015273	-0.082721	-0.264994	0.960695	0.727326	-0.675074	-0.123582	0.681289	0.688516	0.248580
55413	9.831470	-0.786658	1.486451	-0.436784	-0.209719	-0.013733	-0.081350	-0.263479	0.961229	0.724588	-0.677847	-0.124480	0.684364	0.686369	0.246056
55414	9.686864	-1.056176	1.381080	-0.532887	-0.239760	-0.034886	-0.079887	-0.261596	0.961866	0.720917	-0.681566	-0.125488	0.688402	0.683400	0.243037
55415	9.764065	-1.450722	1.536611	-0.603708	-0.279946	-0.052614	-0.078230	-0.259349	0.962610	0.717063	-0.685451	-0.126401	0.692604	0.680364	0.239592
55416	9.735285	-1.675317	1.573532	-0.607732	-0.310041	-0.056399	-0.076410	-0.256854	0.963425	0.712811	-0.689699	-0.127344	0.697182	0.677009	0.235788
55417	9.587897	-1.669486	1.733387	-0.586326	-0.346302	-0.060141	-0.074383	-0.254059	0.964324	0.708803	-0.693681	-0.128082	0.701474	0.673989	0.231675
55418	9.581225	-1.606173	2.029379	-0.543335	-0.377478	-0.061080	-0.072090	-0.251093	0.965275	0.704950	-0.697467	-0.128781	0.705584	0.671187	0.227288
55419	9.404435	-1.511945	2.265073	-0.472499	-0.386744	-0.060095	-0.069802	-0.248064	0.966225	0.701730	-0.700634	-0.129183	0.709016	0.669012	0.222980
55420	9.211042	-1.540163	2.721061	-0.421031	-0.396963	-0.065261	-0.067369	-0.244953	0.967192	0.698708	-0.703585	-0.129523	0.712228	0.667058	0.218550
55421	9.139879	-1.786626	2.989951	-0.411865	-0.410394	-0.063404	-0.064996	-0.241749	0.968160	0.695941	-0.706299	-0.129641	0.715151	0.665356	0.214150
55422	9.114234	-2.236851	3.083117	-0.368484	-0.413989	-0.051361	-0.062317	-0.238633	0.969108	0.693283	-0.708849	-0.129966	0.717966	0.663767	0.209614
55423	8.965990	-2.359252	3.044782	-0.265129	-0.416721	-0.039716	-0.059568	-0.235584	0.970027	0.691581	-0.710489	-0.130083	0.719839	0.663103	0.205247
55424	8.998764	-2.302987	3.084678	-0.173348	-0.414935	-0.031056	-0.056724	-0.232611	0.970914	0.690329	-0.711689	-0.130175	0.721269	0.662866	0.200948
55425	8.990715	-2.050894	2.975435	-0.084725	-0.388386	-0.020211	-0.054050	-0.229920	0.971707	0.690007	-0.712016	-0.130092	0.721782	0.663453	0.197131
55426	8.893002	-1.915931	2.772283	-0.088770	-0.411789	-0.024303	-0.051175	-0.227014	0.972546	0.689368	-0.712638	-0.130071	0.722602	0.663786	0.192965
55427	9.036611	-1.736799	2.650936	-0.086178	-0.432513	-0.034444	-0.048478	-0.223897	0.973406	0.688718	-0.713320	-0.129773	0.723407	0.664112	0.188782
55428	9.113809	-1.354304	2.514174	-0.063289	-0.442286	-0.043240	-0.045506	-0.220649	0.974291	0.688255	-0.713815	-0.129512	0.724040	0.664667	0.184346
55429	9.114699	-0.889080	2.648425	-0.058553	-0.461475	-0.052894	-0.042774	-0.217188	0.975192	0.688068	-0.714113	-0.128862	0.724385	0.665486	0.179985
55430	9.116258	-0.654484	2.970264	-0.102498	-0.476044	-0.061886	-0.039680	-0.213576	0.976120	0.687315	-0.714906	-0.128482	0.725275	0.665804	0.175162
55431	9.050385	-0.762685	3.228306	-0.175811	-0.492367	-0.047536	-0.036536	-0.209933	0.977033	0.686035	-0.716180	-0.128230	0.726651	0.665593	0.170188
55432	8.943527	-0.972670	3.370884	-0.219104	-0.512874	-0.035521	-0.032980	-0.206266	0.977940	0.684444	-0.717689	-0.128292	0.728319	0.665114	0.164847
55433	8.989905	-1.202864	3.577820	-0.223711	-0.519008	-0.023887	-0.029390	-0.202675	0.978805	0.683050	-0.719002	-0.128370	0.729780	0.664800	0.159569
55434	8.985723	-1.348265	3.866448	-0.196931	-0.521135	-0.003762	-0.025541	-0.199184	0.979629	0.681626	-0.720296	-0.128684	0.731255	0.664454	0.154166
55435	8.906900	-1.604828	3.870303	-0.167722	-0.520940	0.019407	-0.021736	-0.195876	0.980388	0.680648	-0.721165	-0.128994	0.732288	0.664495	0.148998
55436	8.884075	-1.723017	3.760275	-0.095925	-0.532831	0.025730	-0.017589	-0.192519	0.981135	0.679966	-0.721730	-0.129429	0.733032	0.664862	0.143602
55437	9.012767	-1.579333	3.698015	-0.008754	-0.530764	0.022654	-0.013731	-0.189171	0.981848	0.680078	-0.721608	-0.129520	0.733011	0.665955	0.138559
55438	9.024743	-1.475437	3.679760	0.049380	-0.527215	0.017799	-0.009678	-0.185784	0.982543	0.680458	-0.721223	-0.129670	0.732723	0.667324	0.133398
55439	9.430469	-1.276606	3.423554	0.062856	-0.535683	-0.008134	-0.005814	-0.182157	0.983252	0.680998	-0.720744	-0.129498	0.732262	0.668840	0.128239
55440	9.547109	-0.819199	3.238036	0.102484	-0.516519	-0.026032	-0.002143	-0.178510	0.983936	0.681762	-0.720083	-0.129155	0.731571	0.670534	0.123245
55441	9.371121	-0.477892	3.287680	0.058972	-0.524646	-0.054580	0.001217	-0.174614	0.984636	0.682439	-0.719568	-0.128450	0.730942	0.672110	0.118288
55442	9.573645	-0.521159	3.624461	-0.062154	-0.551537	-0.091531	0.004692	-0.170246	0.985390	0.682002	-0.720122	-0.127663	0.731335	0.672638	0.112729
55443	9.946287	-0.999104	4.002502	-0.165113	-0.558470	-0.121607	0.007650	-0.165632	0.986158	0.680718	-0.721546	-0.126470	0.732506	0.672263	0.107229
55444	10.553923	-1.337277	4.328512	-0.212191	-0.548287	-0.136778	0.010808	-0.160960	0.986902	0.679190	-0.723173	-0.125385	0.733883	0.671649	0.101506
55445	11.376612	-1.021454	4.403752	-0.122083	-0.497419	-0.146370	0.013318	-0.156589	0.987574	0.678339	-0.724214	-0.123979	0.734628	0.671561	0.096576
55446	11.473406	0.181351	4.715615	0.073433	-0.385808	-0.153912	0.015173	-0.152882	0.988128	0.678915	-0.723937	-0.122432	0.734060	0.672713	0.092809
55447	10.984700	1.332127	5.326525	0.169250	-0.290435	-0.185431	0.015799	-0.149622	0.988617	0.680584	-0.722733	-0.120259	0.732499	0.674737	0.090412
55448	10.874317	1.790394	6.137961	0.148770	-0.194045	-0.237295	0.015670	-0.146597	0.989072	0.681726	-0.722058	-0.117822	0.731439	0.676123	0.088625
55449	10.638827	1.764907	6.813927	0.084427	-0.020927	-0.288944	0.013760	-0.144425	0.989420	0.682572	-0.721739	-0.114844	0.730689	0.676931	0.088649
55450	10.283176	1.525085	7.239318	0.043731	0.177118	-0.336342	0.010236	-0.143196	0.989641	0.682948	-0.721904	-0.111520	0.730396	0.677015	0.090406
55451	10.042155	1.409846	7.402504	0.050339	0.367464	-0.397272	0.004857	-0.142893	0.989726	0.683765	-0.721732	-0.107557	0.729686	0.677263	0.094200
55452	9.764930	1.420939	7.264050	0.055562	0.537852	-0.475095	-0.002249	-0.143105	0.989705	0.684193	-0.722013	-0.102844	0.729297	0.676918	0.099536
55453	9.676976	1.404175	7.363913	0.070421	0.656134	-0.562023	-0.010902	-0.143590	0.989577	0.685406	-0.721649	-0.097162	0.728079	0.677203	0.106285
55454	9.746490	1.205160	7.437626	0.070444	0.773364	-0.635669	-0.020822	-0.144237	0.989324	0.685836	-0.722065	-0.090837	0.727458	0.676623	0.113958
55455	9.708961	0.748862	7.411065	0.025941	0.899768	-0.698362	-0.032520	-0.145371	0.988843	0.685907	-0.722858	-0.083711	0.726962	0.675532	0.123219
55456	10.161196	-0.148427	7.934981	-0.038475	1.092537	-0.748831	-0.045530	-0.147324	0.988040	0.685354	-0.724191	-0.076401	0.726785	0.673679	0.133941
55457	10.846004	-1.490139	7.852182	0.001912	1.370780	-0.789927	-0.061252	-0.150870	0.986654	0.684572	-0.725722	-0.068473	0.726367	0.671241	0.147733
55458	10.557680	-2.460726	7.477131	0.061508	1.473339	-0.781832	-0.077230	-0.155071	0.984880	0.684497	-0.726483	-0.060711	0.724913	0.669459	0.162252
55459	9.845259	-3.031332	7.228740	-0.019347	1.254994	-0.710697	-0.091393	-0.158451	0.983128	0.683975	-0.727528	-0.053672	0.723758	0.667530	0.174868
55460	10.039518	-3.386433	3.551530	-0.361916	1.011195	-0.606613	-0.102794	-0.160757	0.981626	0.680786	-0.730881	-0.048403	0.725234	0.663302	0.184572
55461	10.895461	-2.892370	-0.063539	-0.935380	0.987829	-0.520530	-0.113753	-0.163594	0.979948	0.673461	-0.737852	-0.045002	0.730418	0.654837	0.194107
55462	12.133283	-2.299545	-1.997889	-1.292205	1.127311	-0.490417	-0.125242	-0.167273	0.977923	0.663412	-0.747028	-0.042816	0.737699	0.643404	0.204530
55463	12.572291	-1.471591	-3.054027	-1.249594	1.288194	-0.426984	-0.137695	-0.172470	0.975343	0.653851	-0.755496	-0.041286	0.743989	0.632044	0.216797
55464	12.842677	-0.405813	-3.156629	-1.319637	1.419061	-0.293564	-0.150139	-0.179125	0.972303	0.643592	-0.764248	-0.041414	0.750499	0.619548	0.230027
55465	13.041736	-0.203701	-3.032013	-1.297907	1.563699	-0.165145	-0.163197	-0.187694	0.968575	0.634101	-0.772066	-0.042773	0.755832	0.607194	0.245016
55466	12.950706	-0.153438	-2.221703	-1.070894	1.746291	-0.121410	-0.177131	-0.197262	0.964216	0.625807	-0.778717	-0.044348	0.759599	0.595557	0.261382
55467	12.183989	0.066377	-1.170365	-0.815406	1.886168	-0.105478	-0.192641	-0.207783	0.959018	0.619721	-0.783515	-0.045273	0.760812	0.585603	0.279705
55468	11.220916	0.163654	-0.538326	-0.718533	1.876394	-0.079205	-0.207350	-0.218068	0.953652	0.614122	-0.787833	-0.046624	0.761486	0.575991	0.297277
55469	10.821335	0.100231	-0.559864	-0.702260	1.751743	-0.089008	-0.221437	-0.227654	0.948229	0.609168	-0.791600	-0.047793	0.761498	0.567048	0.313969
55470	10.757624	-0.176366	-0.535127	-0.675759	1.647733	-0.162920	-0.234914	-0.235639	0.943022	0.603679	-0.795753	-0.048459	0.761831	0.557899	0.329184
55471	10.566150	-0.486069	-0.600384	-0.601913	1.578119	-0.244011	-0.248760	-0.242479	0.937722	0.598424	-0.799737	-0.048048	0.761582	0.549203	0.344048
55472	10.232853	-0.779123	-0.846672	-0.545562	1.538362	-0.305529	-0.262231	-0.248427	0.932480	0.593521	-0.803437	-0.047139	0.760899	0.541085	0.358133
55473	9.600726	-1.254634	-1.020082	-0.442093	1.504649	-0.309451	-0.275489	-0.254383	0.927035	0.590103	-0.806027	-0.045816	0.758870	0.534425	0.372164
55474	9.261312	-1.487139	-0.988908	-0.318654	1.446942	-0.277867	-0.288029	-0.259840	0.921695	0.586938	-0.808409	-0.044485	0.756666	0.528165	0.385355
55475	9.060552	-2.012801	-1.206961	-0.082421	1.396345	-0.209688	-0.299872	-0.265686	0.916236	0.586038	-0.809151	-0.042832	0.752752	0.524105	0.398343
55476	8.834662	-2.275910	-1.314683	0.271434	1.340143	-0.120523	-0.310569	-0.271739	0.910881	0.587739	-0.808028	-0.040662	0.747067	0.522732	0.410660
55477	8.713052	-2.126391	-1.463489	0.712377	1.267861	-0.037527	-0.320469	-0.278160	0.905498	0.592968	-0.804365	-0.037233	0.738708	0.524999	0.422714
55478	8.607620	-1.441820	-1.424425	1.139560	1.194866	0.022588	-0.329038	-0.284661	0.900390	0.601432	-0.798259	-0.032584	0.728020	0.530802	0.433862
55479	8.186176	-0.379934	-0.849346	1.412968	1.142890	0.067932	-0.336833	-0.291541	0.895292	0.612260	-0.790196	-0.026969	0.715319	0.539067	0.444664
55480	7.667142	0.579806	-0.021479	1.407196	1.068237	0.086064	-0.343819	-0.298030	0.890487	0.622567	-0.782273	-0.021438	0.702993	0.547017	0.454504
55481	7.473232	1.114059	1.004200	1.132449	0.973943	0.073050	-0.350375	-0.304023	0.885894	0.630778	-0.775782	-0.016759	0.692356	0.552930	0.463586
55482	7.418486	1.418937	2.022089	0.756139	0.861363	0.047331	-0.355947	-0.309176	0.881880	0.636185	-0.771415	-0.013669	0.684522	0.556174	0.471276
55483	7.591770	1.766297	2.816071	0.393723	0.712383	0.047458	-0.360451	-0.313710	0.878442	0.639374	-0.768799	-0.012200	0.679173	0.557256	0.477693
55484	7.622370	2.541940	3.395162	0.053913	0.605322	0.078909	-0.363992	-0.317695	0.875545	0.640060	-0.768220	-0.012659	0.676633	0.555794	0.482970
55485	6.782574	3.074888	3.495126	-0.286009	0.556650	0.129820	-0.366858	-0.321959	0.872787	0.638928	-0.769117	-0.015157	0.676155	0.552088	0.487866
55486	6.334547	2.750467	3.310636	-0.666804	0.470914	0.174440	-0.368879	-0.325898	0.870471	0.635089	-0.772181	-0.019968	0.678669	0.545460	0.491815
55487	6.601161	1.441733	3.051948	-0.982552	0.444229	0.180981	-0.370916	-0.329794	0.868134	0.629194	-0.776804	-0.026272	0.683035	0.536480	0.495634
55488	6.914112	0.270538	3.540912	-1.066121	0.462603	0.179305	-0.372907	-0.333662	0.865800	0.622589	-0.781847	-0.033154	0.687985	0.526674	0.499291
55489	7.268783	-0.631453	3.776120	-1.039883	0.436241	0.173211	-0.375034	-0.337257	0.863486	0.615981	-0.786757	-0.039753	0.692761	0.516982	0.502804
55490	7.112866	-0.969671	3.906955	-1.090552	0.420148	0.142228	-0.377027	-0.340543	0.861325	0.608970	-0.791829	-0.046503	0.697859	0.506988	0.505921
55491	6.574816	-1.250755	4.387815	-1.165935	0.360082	0.117833	-0.378792	-0.343364	0.859429	0.601435	-0.797136	-0.053394	0.703415	0.496665	0.508459
55492	6.173956	-1.696557	4.634986	-1.235713	0.214461	0.111126	-0.379586	-0.345320	0.858294	0.593161	-0.802796	-0.060662	0.709982	0.486079	0.509561
55493	5.932896	-2.805178	4.489605	-1.182986	0.114938	0.164341	-0.379315	-0.347419	0.857567	0.585780	-0.807606	-0.068079	0.716228	0.476522	0.509848
55494	5.733385	-3.915644	4.279202	-0.908461	0.059025	0.248941	-0.378231	-0.349728	0.857107	0.580231	-0.811004	-0.074867	0.721300	0.469002	0.509670
55495	6.057997	-4.075064	4.183687	-0.479872	0.014260	0.330246	-0.376527	-0.352417	0.856755	0.577883	-0.812178	-0.080113	0.724071	0.464939	0.509463
55496	6.041843	-3.386591	4.064628	-0.070971	-0.044846	0.346533	-0.374141	-0.355037	0.856718	0.578707	-0.811253	-0.083466	0.724649	0.464561	0.508986
55497	6.757627	-2.295650	4.872451	0.147710	-0.218656	0.325307	-0.370757	-0.356842	0.857440	0.581260	-0.809220	-0.085438	0.724345	0.466719	0.507442
55498	8.073154	-1.810059	5.153938	0.241573	-0.254607	0.352962	-0.366799	-0.358517	0.858443	0.584348	-0.806797	-0.087265	0.723875	0.469621	0.505432
55499	7.646113	-1.693084	5.323616	0.305984	-0.260692	0.449489	-0.362447	-0.360947	0.859272	0.588185	-0.803756	-0.089526	0.722960	0.472962	0.503623
55500	7.718930	-2.522810	6.846453	0.399190	-0.468277	0.492645	-0.356097	-0.362687	0.861193	0.592877	-0.800046	-0.091784	0.722283	0.477897	0.499922
55501	11.532178	-5.679941	13.085767	0.540104	-0.707556	0.626920	-0.347324	-0.364362	0.864064	0.599079	-0.795097	-0.094471	0.721436	0.484831	0.494438
55502	19.036662	-10.830725	18.541598	1.497173	-0.475528	0.995380	-0.337820	-0.369897	0.865479	0.613271	-0.784051	-0.095720	0.713986	0.498437	0.491715
55503	14.369666	-7.614062	9.930439	4.391819	0.055408	1.073851	-0.331381	-0.378684	0.864167	0.647884	-0.757165	-0.083352	0.685881	0.532259	0.496254
55504	3.325780	6.189263	-0.437640	5.063283	-0.498962	0.690909	-0.323378	-0.381065	0.866150	0.684104	-0.726550	-0.064237	0.653780	0.571764	0.495638
55505	5.243266	14.376637	-3.465249	3.527666	-0.833616	0.288062	-0.316497	-0.378074	0.869994	0.707235	-0.705264	-0.049200	0.632177	0.599719	0.490601
55506	11.028882	14.534004	1.278551	1.641924	-0.738344	0.259220	-0.309958	-0.375412	0.873494	0.718383	-0.694288	-0.043475	0.622777	0.614028	0.484890
55507	11.813352	9.431108	1.072694	-0.850965	-0.748490	0.390925	-0.302811	-0.373303	0.876898	0.713835	-0.698466	-0.050841	0.631462	0.610566	0.477980
55508	10.682866	1.485454	-0.046749	-2.697714	-0.725012	0.335239	-0.295732	-0.371307	0.880156	0.697549	-0.713436	-0.066598	0.652663	0.594256	0.469990
55509	10.660277	-5.185256	0.845387	-2.347632	-0.790439	0.419489	-0.287750	-0.369601	0.883513	0.683180	-0.725733	-0.081093	0.671167	0.580264	0.461334
55510	10.054043	-8.383112	0.621852	-1.235480	-0.875126	0.477613	-0.278524	-0.368034	0.887116	0.676205	-0.731072	-0.090992	0.682034	0.574529	0.452488
55511	9.610765	-7.646343	1.061409	-0.108154	-0.893880	0.387865	-0.269814	-0.365803	0.890723	0.676795	-0.730042	-0.094803	0.684945	0.577258	0.444550
55512	9.394273	-4.207757	1.358933	0.505568	-0.856930	0.348037	-0.261528	-0.363368	0.894185	0.681211	-0.725804	-0.095705	0.683779	0.584099	0.437349
55513	9.657285	-1.742960	2.058794	0.786426	-0.779276	0.410128	-0.253488	-0.361784	0.897138	0.687790	-0.719556	-0.095835	0.680212	0.592749	0.431230
55514	9.341980	0.142172	3.435425	0.904209	-0.704101	0.451307	-0.245536	-0.360816	0.899736	0.695077	-0.712491	-0.096042	0.675707	0.601804	0.425737
55515	9.062389	1.771477	4.063087	0.735314	-0.671515	0.424373	-0.238136	-0.359761	0.902144	0.701144	-0.706440	-0.096639	0.672078	0.609520	0.420473
55516	8.835094	2.601316	4.609601	0.380816	-0.663926	0.329045	-0.231306	-0.358020	0.904610	0.704504	-0.702895	-0.098047	0.670948	0.614622	0.414811
55517	8.844916	2.151734	4.434397	-0.061552	-0.664992	0.226335	-0.225468	-0.355404	0.907112	0.704461	-0.702635	-0.100192	0.672978	0.616435	0.408790
55518	8.984478	0.604495	4.067966	-0.412906	-0.649930	0.147906	-0.219981	-0.352444	0.909611	0.702033	-0.704622	-0.103238	0.677317	0.615866	0.402431
55519	9.118385	-1.067977	3.490193	-0.551404	-0.626385	0.092525	-0.215312	-0.349189	0.911980	0.698498	-0.707708	-0.106064	0.682452	0.614180	0.396286
55520	9.245056	-2.170212	2.960689	-0.545346	-0.623994	0.056580	-0.210585	-0.345768	0.914384	0.694913	-0.710823	-0.108752	0.687568	0.612516	0.389967
55521	9.463716	-2.807590	2.178894	-0.534087	-0.615712	0.064857	-0.206122	-0.342377	0.916674	0.691299	-0.713958	-0.111219	0.692546	0.610771	0.383847
55522	9.705665	-3.371806	1.969930	-0.566488	-0.652190	0.057767	-0.201131	-0.338818	0.919102	0.687508	-0.717183	-0.113932	0.697767	0.608975	0.377189
55523	9.806894	-3.660825	1.126938	-0.528815	-0.685431	0.068566	-0.196002	-0.335122	0.921562	0.684037	-0.720103	-0.116378	0.702621	0.607572	0.370378
55524	9.956288	-3.701047	1.224728	-0.449371	-0.736611	0.083411	-0.190182	-0.331257	0.924175	0.681060	-0.722522	-0.118824	0.707098	0.606821	0.363017
55525	10.121651	-3.452307	1.219598	-0.325988	-0.792334	0.088631	-0.183960	-0.327065	0.926924	0.679028	-0.724115	-0.120742	0.710689	0.607196	0.355294
55526	10.213174	-2.687922	0.916537	-0.172854	-0.815607	0.078628	-0.177561	-0.322682	0.929703	0.677969	-0.724878	-0.122108	0.713323	0.608628	0.347478
55527	10.028380	-1.755243	1.177816	-0.068094	-0.849625	0.055208	-0.171160	-0.317954	0.932529	0.677889	-0.724849	-0.122721	0.714962	0.611146	0.339602
55528	9.931928	-1.176508	1.451156	-0.083943	-0.880680	0.021182	-0.164652	-0.312721	0.935465	0.677353	-0.725264	-0.123230	0.716996	0.613350	0.331239
55529	9.888388	-1.154849	1.578757	-0.184097	-0.907511	-0.010816	-0.158235	-0.307074	0.938439	0.676190	-0.726279	-0.123636	0.719533	0.615000	0.322563
55530	9.699023	-1.481724	1.576137	-0.263443	-0.932946	-0.025829	-0.151623	-0.301150	0.941445	0.674279	-0.727947	-0.124261	0.722744	0.615956	0.313432
55531	9.574866	-1.950257	1.775347	-0.301951	-0.973998	-0.027508	-0.144694	-0.294906	0.944508	0.672132	-0.729820	-0.124906	0.726156	0.616760	0.303816
55532	9.367579	-2.137327	1.865664	-0.237099	-1.001859	-0.027083	-0.137527	-0.288528	0.947543	0.670397	-0.731332	-0.125389	0.729147	0.617985	0.294006
55533	9.273372	-1.871068	2.181673	-0.121799	-1.016409	-0.034117	-0.130384	-0.281932	0.950534	0.669497	-0.732165	-0.125328	0.731282	0.620039	0.284216
