// General information: 
//  MT Manager version: 2022.2.0 
//  XDA version: 2022.2.0 build 7381 rev 124627 built on 2023-07-19
// Device information: 
//  DeviceId: 00B4CB9F
//  ProductCode: MTW2-3A7G6
//  Firmware Version: 4.6.0
//  Hardware Version: 2.0.0
// Device settings: 
//  Filter Profile: human(46.1)
//  Option Flags: Orientation Smoother Disabled, Position/Velocity Smoother Disabled, Continuous Zero Rotation Update Disabled, AHS Disabled, ICC Disabled
// Coordinate system: ENU
PacketCounter	Acc_X	Acc_Y	Acc_Z	Gyr_X	Gyr_Y	Gyr_Z	Mat[1][1]	Mat[2][1]	Mat[3][1]	Mat[1][2]	Mat[2][2]	Mat[3][2]	Mat[1][3]	Mat[2][3]	Mat[3][3]
57976	8.697979	-1.794475	0.430573	1.318775	0.234723	0.205290	0.381463	0.106901	0.918182	0.086851	0.984752	-0.150734	-0.920295	0.137245	0.366361
57977	8.994736	0.132047	0.499897	1.443600	0.205992	0.166027	0.383448	0.108435	0.917175	0.072581	0.986474	-0.146972	-0.920706	0.122926	0.370392
57978	8.628776	2.741539	0.615811	1.501849	0.173688	0.021122	0.385004	0.108483	0.916517	0.058620	0.988188	-0.141591	-0.921051	0.108239	0.374097
57979	8.578099	4.920131	1.089809	1.173297	0.106257	-0.173844	0.385819	0.106853	0.916366	0.047874	0.989613	-0.135551	-0.921331	0.096169	0.376696
57980	8.676832	5.658019	1.482808	0.502435	0.121039	-0.384406	0.386698	0.102974	0.916439	0.044680	0.990487	-0.130147	-0.921123	0.091274	0.378419
57981	8.726575	5.285063	2.321900	-0.177803	0.138820	-0.626323	0.387534	0.096807	0.916758	0.048329	0.990970	-0.125074	-0.920588	0.092776	0.379356
57982	8.548334	4.322868	2.441422	-0.758420	0.153345	-0.825957	0.388446	0.088514	0.917210	0.058461	0.991003	-0.120394	-0.919615	0.100388	0.379777
57983	8.278484	3.352008	1.861452	-0.928850	0.060843	-0.980334	0.388237	0.078874	0.918178	0.070385	0.990883	-0.114881	-0.918868	0.109226	0.379145
57984	8.679607	3.037108	1.689625	-0.939236	-0.008029	-1.067624	0.387286	0.068347	0.919423	0.083101	0.990601	-0.108643	-0.918207	0.118481	0.377967
57985	8.917065	2.782982	2.499155	-1.064463	0.036506	-1.114159	0.386516	0.057304	0.920501	0.097100	0.989993	-0.102402	-0.917157	0.128960	0.377084
57986	8.731690	1.970224	3.652950	-1.291839	0.067476	-1.184144	0.385832	0.045539	0.921445	0.113460	0.988857	-0.096379	-0.915566	0.141733	0.376366
57987	8.588088	0.303209	4.957140	-1.696490	0.066308	-1.247087	0.384795	0.033172	0.922406	0.133560	0.986835	-0.091206	-0.913288	0.158292	0.375298
57988	8.601986	-2.022949	6.682678	-2.131969	0.100634	-1.237837	0.383855	0.020851	0.923158	0.157702	0.983577	-0.087789	-0.909827	0.179282	0.374262
57989	9.071802	-4.261341	9.280330	-2.387263	0.110500	-1.186840	0.382818	0.009056	0.923779	0.183553	0.979270	-0.085666	-0.905405	0.202357	0.373220
57990	7.793139	-6.662910	7.265399	-2.576513	0.108250	-1.136542	0.381500	-0.002228	0.924366	0.211105	0.973780	-0.084779	-0.899940	0.227482	0.371968
57991	7.951650	-9.981826	2.573786	-2.088198	-0.164082	-0.841582	0.378304	-0.009952	0.925628	0.232633	0.968873	-0.084660	-0.895973	0.247359	0.368844
57992	9.203442	-10.449928	1.986447	-1.324366	-0.157751	-0.488368	0.375674	-0.014226	0.926643	0.246273	0.965464	-0.085021	-0.893431	0.260147	0.366203
57993	9.442394	-7.792436	3.053260	-0.692919	-0.115695	-0.350224	0.373928	-0.017180	0.927298	0.253274	0.963716	-0.084277	-0.892205	0.266375	0.364712
57994	9.396503	-3.770323	2.868388	-0.261030	-0.158056	-0.407819	0.371429	-0.020635	0.928232	0.257073	0.962953	-0.081460	-0.892163	0.268880	0.362973
57995	9.391659	-0.352948	1.959946	-0.151676	-0.201365	-0.460631	0.368538	-0.024414	0.929292	0.259885	0.962502	-0.077779	-0.892547	0.270173	0.361063
57996	9.535324	1.495788	2.167356	-0.345484	-0.153054	-0.426931	0.366004	-0.028054	0.930190	0.264485	0.961463	-0.075070	-0.892238	0.273498	0.359320
57997	9.385751	1.219387	2.884588	-0.613558	-0.107420	-0.402679	0.364131	-0.031536	0.930814	0.271180	0.959713	-0.073569	-0.890994	0.279207	0.358013
57998	9.223021	0.316211	3.306948	-0.672285	-0.145192	-0.429786	0.361609	-0.035196	0.931665	0.278675	0.957684	-0.071984	-0.889708	0.285662	0.356115
57999	9.146751	-0.267501	3.603103	-0.594004	-0.212704	-0.464842	0.358492	-0.038900	0.932722	0.285208	0.955924	-0.069752	-0.888898	0.291025	0.353786
58000	9.404839	-0.640209	3.931073	-0.590034	-0.241940	-0.463628	0.354957	-0.042565	0.933913	0.292054	0.954015	-0.067521	-0.888094	0.296720	0.351066
58001	9.366905	-1.920180	4.276146	-0.621686	-0.222649	-0.422034	0.351880	-0.045797	0.934924	0.298622	0.952103	-0.065755	-0.887133	0.302327	0.348703
58002	9.540829	-4.030179	4.400055	-0.470508	-0.197732	-0.351192	0.349022	-0.048484	0.935859	0.303975	0.950519	-0.064122	-0.886444	0.306858	0.346490
58003	9.127078	-5.882064	3.850078	-0.070412	-0.160615	-0.233102	0.347137	-0.050092	0.936476	0.305034	0.950306	-0.062240	-0.886820	0.307262	0.345166
58004	8.837233	-6.364437	3.524745	0.405661	-0.133489	-0.079153	0.345665	-0.050385	0.937004	0.301657	0.951519	-0.060117	-0.888549	0.303434	0.344106
58005	8.801926	-5.597922	3.536533	0.839555	-0.074578	0.059870	0.345234	-0.049431	0.937214	0.293674	0.954153	-0.057854	-0.891386	0.295209	0.343923
58006	8.738386	-3.993521	3.143335	1.167369	-0.085447	0.161514	0.344889	-0.047589	0.937436	0.282639	0.957627	-0.055371	-0.895079	0.284053	0.343726
58007	8.910126	-1.928727	3.241752	1.244175	-0.096528	0.198815	0.344747	-0.045268	0.937603	0.270545	0.961244	-0.053068	-0.898863	0.271959	0.343633
58008	9.117618	-0.364190	3.654610	1.065178	-0.095525	0.175568	0.344305	-0.043272	0.937860	0.260298	0.964177	-0.051073	-0.902053	0.261708	0.343235
58009	9.096459	0.148513	3.752551	0.837857	-0.125199	0.125788	0.343580	-0.041579	0.938203	0.252091	0.966437	-0.049488	-0.904656	0.253516	0.342530
58010	9.053793	0.594010	3.485516	0.742688	-0.169871	0.062039	0.342146	-0.040505	0.938773	0.245099	0.968331	-0.047549	-0.907118	0.246361	0.341239
58011	8.989640	1.340834	3.511142	0.642139	-0.187038	-0.019138	0.340438	-0.040088	0.939412	0.239137	0.969930	-0.045272	-0.909349	0.240060	0.339788
58012	8.959784	1.952075	3.540245	0.511347	-0.206748	-0.107961	0.338251	-0.040596	0.940180	0.234797	0.971113	-0.042542	-0.911294	0.235141	0.338012
58013	8.922050	2.202299	3.633792	0.314304	-0.175927	-0.175447	0.336360	-0.041763	0.940807	0.232340	0.971815	-0.039927	-0.912623	0.232017	0.336583
58014	8.454956	2.151866	3.286966	0.167844	-0.173474	-0.251965	0.334141	-0.043763	0.941506	0.231601	0.972107	-0.037010	-0.913625	0.230421	0.334957
58015	8.984198	1.677875	3.419123	0.004113	-0.192523	-0.288323	0.331743	-0.046018	0.942247	0.232479	0.971994	-0.034380	-0.914276	0.230458	0.333150
58016	8.980049	0.534469	3.616844	-0.147472	-0.170841	-0.303114	0.329423	-0.048520	0.942935	0.234779	0.971521	-0.032031	-0.914527	0.231933	0.331433
58017	8.947475	-0.709646	3.515146	-0.142116	-0.202710	-0.286451	0.327013	-0.050705	0.943659	0.236679	0.971130	-0.029837	-0.914902	0.233101	0.329573
58018	9.156174	-1.233870	3.986467	-0.091006	-0.175433	-0.258959	0.324743	-0.052761	0.944329	0.238305	0.970795	-0.027710	-0.915288	0.234037	0.327832
58019	8.824767	-0.774092	3.938520	0.023185	-0.197237	-0.271609	0.322416	-0.054811	0.945010	0.238665	0.970777	-0.025122	-0.916017	0.233640	0.326075
58020	9.203428	-0.303109	3.700952	0.009244	-0.235812	-0.281891	0.319532	-0.056947	0.945863	0.239434	0.970653	-0.022446	-0.916827	0.233643	0.323790
58021	9.306706	-0.452954	3.455987	-0.070793	-0.224075	-0.283374	0.316964	-0.059042	0.946598	0.240707	0.970390	-0.020074	-0.917384	0.234215	0.321791
58022	9.381919	-0.997075	3.041537	-0.067274	-0.230556	-0.261281	0.314169	-0.060987	0.947406	0.242097	0.970088	-0.017834	-0.917980	0.234968	0.319536
58023	9.675258	-1.137263	3.152979	0.005784	-0.218770	-0.219247	0.311646	-0.062470	0.948143	0.242439	0.970038	-0.015775	-0.918749	0.234783	0.317454
58024	9.547643	-0.784986	2.774779	0.156973	-0.215558	-0.192261	0.309150	-0.063782	0.948872	0.241541	0.970297	-0.013474	-0.919828	0.233357	0.315373
58025	9.489144	-0.260953	2.444626	0.279079	-0.234285	-0.176900	0.306678	-0.064810	0.949604	0.239097	0.970934	-0.010951	-0.921293	0.230406	0.313260
58026	9.309182	0.433886	2.146008	0.343214	-0.240296	-0.167068	0.304015	-0.065835	0.950390	0.236391	0.971622	-0.008313	-0.922873	0.227191	0.310951
58027	9.328447	1.305004	1.948510	0.415909	-0.286561	-0.178378	0.301145	-0.066798	0.951236	0.232749	0.972522	-0.005391	-0.924738	0.223023	0.308418
58028	9.487272	1.969775	1.922796	0.370035	-0.291895	-0.219965	0.297885	-0.068244	0.952159	0.229931	0.973204	-0.002182	-0.926497	0.219581	0.305594
58029	9.378219	2.149602	2.251340	0.216716	-0.285413	-0.269419	0.294763	-0.070133	0.952993	0.228445	0.973556	0.000988	-0.927862	0.217415	0.302990
58030	9.469398	1.868792	2.734322	0.024379	-0.261864	-0.301426	0.291593	-0.072450	0.953795	0.229051	0.973407	0.003915	-0.928714	0.217326	0.300433
58031	9.533749	1.502782	2.687455	-0.061119	-0.260366	-0.316768	0.288497	-0.074860	0.954550	0.230161	0.973129	0.006755	-0.929406	0.217751	0.297975
58032	9.745052	0.811312	3.044841	-0.192014	-0.233717	-0.306410	0.285566	-0.077282	0.955238	0.232773	0.972489	0.009090	-0.929660	0.219758	0.295699
58033	9.666101	-0.094808	2.532202	-0.240818	-0.211223	-0.285232	0.283022	-0.079492	0.955813	0.235593	0.971789	0.011060	-0.929728	0.222053	0.293766
58034	9.583359	-0.329891	2.246005	-0.168081	-0.237144	-0.269308	0.280130	-0.081531	0.956493	0.237863	0.971210	0.013122	-0.930026	0.223839	0.291459
58035	9.697282	-0.203683	2.567096	-0.191695	-0.239738	-0.263600	0.277377	-0.083475	0.957128	0.240267	0.970591	0.015020	-0.930233	0.225800	0.289276
58036	9.426088	-0.017416	2.575677	-0.189017	-0.273184	-0.256173	0.274168	-0.085293	0.957892	0.242681	0.969959	0.016907	-0.930558	0.227827	0.286631
58037	9.552950	0.475255	3.155019	-0.163041	-0.309376	-0.244187	0.270737	-0.086879	0.958725	0.244679	0.969423	0.018753	-0.931039	0.229503	0.283716
58038	9.688445	0.835799	3.300617	-0.167723	-0.317641	-0.224175	0.267179	-0.088271	0.959596	0.246793	0.968853	0.020409	-0.931509	0.231368	0.280642
58039	9.334837	1.077876	2.904932	-0.112443	-0.333271	-0.204036	0.263731	-0.089395	0.960445	0.248076	0.968490	0.022024	-0.932150	0.232455	0.277597
58040	9.209828	1.214242	3.209001	-0.115685	-0.343137	-0.181274	0.260031	-0.090301	0.961368	0.249579	0.968071	0.023425	-0.932788	0.233846	0.274266
58041	9.249605	1.311751	3.314969	-0.154493	-0.341554	-0.160858	0.256499	-0.090975	0.962253	0.251203	0.967624	0.024522	-0.933330	0.235431	0.271048
58042	9.161496	1.102957	3.405732	-0.225240	-0.329274	-0.129440	0.253050	-0.091399	0.963126	0.253585	0.966986	0.025139	-0.933628	0.237872	0.267873
58043	8.971943	0.350288	3.794623	-0.286482	-0.307701	-0.092006	0.250094	-0.091473	0.963891	0.256162	0.966304	0.025237	-0.933721	0.240600	0.265099
58044	8.766758	0.192430	3.994959	-0.249507	-0.284896	-0.054119	0.247246	-0.091257	0.964646	0.258575	0.965666	0.025079	-0.933814	0.243233	0.262354
58045	8.525937	0.450270	4.181842	-0.202272	-0.251505	-0.009977	0.245019	-0.090665	0.965270	0.260225	0.965234	0.024608	-0.933943	0.245158	0.260094
58046	8.313757	0.552327	4.592413	-0.237760	-0.213819	0.023594	0.243036	-0.089861	0.965846	0.262337	0.964684	0.023741	-0.933870	0.247607	0.258026
58047	8.297382	0.306324	4.713072	-0.225116	-0.199494	0.049951	0.241456	-0.088811	0.966339	0.264015	0.964253	0.022651	-0.933807	0.249659	0.256272
58048	7.967108	0.161589	4.545032	-0.148607	-0.248458	0.046032	0.239209	-0.087695	0.967000	0.265241	0.963935	0.021804	-0.934037	0.251273	0.253843
58049	8.147636	0.250611	4.487336	-0.109454	-0.289825	0.044962	0.236649	-0.086460	0.967741	0.265975	0.963750	0.021062	-0.934481	0.252410	0.251067
58050	8.374555	0.196458	4.661132	-0.151989	-0.269296	0.047306	0.234211	-0.085272	0.968439	0.267233	0.963420	0.020202	-0.934736	0.254068	0.248431
58051	8.059167	0.172922	4.401690	-0.136980	-0.285285	0.052358	0.231705	-0.083963	0.969156	0.268225	0.963163	0.019317	-0.935077	0.255476	0.245691
58052	8.257239	0.113780	4.046112	-0.111841	-0.309794	0.075351	0.228963	-0.082394	0.969942	0.269047	0.962954	0.018290	-0.935516	0.256772	0.242648
58053	8.522379	-0.138673	3.931451	-0.064146	-0.317329	0.102904	0.226396	-0.080502	0.970703	0.269189	0.962936	0.017076	-0.936100	0.257437	0.239675
58054	8.488328	-0.602518	3.863780	0.009918	-0.328137	0.135924	0.223641	-0.078298	0.971522	0.268740	0.963084	0.015755	-0.936890	0.257563	0.236427
58055	8.691610	-0.673158	3.911509	0.138931	-0.368247	0.190316	0.220731	-0.075423	0.972414	0.266866	0.963630	0.014165	-0.938115	0.256377	0.232831
58056	9.052816	-0.042502	3.879306	0.263364	-0.374313	0.230623	0.217781	-0.072194	0.973324	0.263837	0.964486	0.012505	-0.939660	0.254075	0.229095
58057	9.400695	1.038062	3.830212	0.367089	-0.410358	0.261566	0.214649	-0.068531	0.974284	0.259737	0.965620	0.010698	-0.941521	0.250762	0.225069
58058	10.802216	2.175135	3.549216	0.430357	-0.449009	0.258255	0.211033	-0.064868	0.975324	0.255081	0.966877	0.009114	-0.943609	0.246863	0.220590
58059	11.599141	2.012960	2.681059	0.326140	-0.432226	0.228556	0.207540	-0.061513	0.976291	0.251464	0.967837	0.007524	-0.945353	0.243940	0.216333
58060	11.325439	0.006767	2.926777	0.076934	-0.378149	0.275500	0.204606	-0.057875	0.977132	0.250118	0.968203	0.004973	-0.946350	0.243381	0.212575
58061	10.969249	-1.883213	3.486898	0.067687	-0.358675	0.380736	0.202145	-0.053239	0.977907	0.248579	0.968611	0.001348	-0.947283	0.242815	0.209034
58062	11.337778	-2.068043	4.681654	0.210690	-0.359333	0.482685	0.199883	-0.047643	0.978661	0.245561	0.969377	-0.002963	-0.948550	0.240913	0.205461
58063	11.444843	-1.697469	6.146761	0.296415	-0.303842	0.554985	0.198387	-0.041442	0.979247	0.241437	0.970385	-0.007846	-0.949921	0.237983	0.202518
58064	11.071351	-0.834557	8.099817	0.302316	-0.214613	0.555915	0.197629	-0.035488	0.979634	0.237412	0.971326	-0.012708	-0.951093	0.235089	0.200388
58065	10.555698	0.312538	10.045133	0.122202	-0.072946	0.488862	0.198081	-0.030477	0.979712	0.235121	0.971812	-0.017306	-0.951568	0.233779	0.199664
58066	9.824161	1.130960	11.419830	-0.278170	0.112744	0.373624	0.199987	-0.027063	0.979425	0.236973	0.971277	-0.021549	-0.950710	0.236406	0.200656
58067	9.425109	0.977522	12.053865	-0.767827	0.310496	0.273429	0.203594	-0.025040	0.978735	0.243649	0.969518	-0.025879	-0.948254	0.243736	0.203489
58068	8.955932	0.107768	11.995910	-1.196088	0.550247	0.207062	0.209268	-0.024358	0.977555	0.254488	0.966598	-0.030394	-0.944162	0.255137	0.208477
58069	8.117331	-0.875224	11.119095	-1.342914	0.682118	0.200015	0.216274	-0.024106	0.976035	0.266434	0.963208	-0.035249	-0.939275	0.267673	0.214740
58070	7.901245	-0.964881	10.355838	-1.234993	0.711054	0.244710	0.223554	-0.023646	0.974405	0.277415	0.959902	-0.040353	-0.934379	0.279335	0.221150
58071	7.825946	-0.338843	8.112676	-1.019149	0.731715	0.303348	0.231331	-0.022669	0.972611	0.285966	0.957149	-0.045707	-0.929897	0.288707	0.227901
58072	8.082218	-0.192641	5.809545	-0.585440	0.697211	0.384419	0.238866	-0.020972	0.970826	0.290445	0.955541	-0.050820	-0.926598	0.294111	0.234337
58073	9.396785	0.439675	5.342376	-0.250375	0.695664	0.470970	0.246775	-0.018420	0.968898	0.291102	0.955052	-0.055986	-0.924317	0.295864	0.241045
58074	10.559591	0.880059	5.011857	-0.221384	0.832236	0.496236	0.255857	-0.016100	0.966580	0.291846	0.954495	-0.061354	-0.921609	0.297791	0.248913
58075	11.205596	1.212244	4.543644	-0.232514	0.919508	0.453844	0.265702	-0.014372	0.963948	0.292453	0.953973	-0.066388	-0.918626	0.299549	0.257676
58076	11.565887	1.819778	4.271272	-0.356151	0.892283	0.362015	0.274902	-0.013554	0.961377	0.294687	0.952965	-0.070829	-0.915199	0.302776	0.265967
58077	11.408205	2.432566	2.417248	-0.420889	0.752219	0.207115	0.282471	-0.013733	0.959178	0.297467	0.951862	-0.073974	-0.911989	0.306219	0.272958
58078	11.677391	2.629499	0.583634	-0.229285	0.760551	0.036275	0.289461	-0.015670	0.957062	0.299398	0.951178	-0.074978	-0.909161	0.308245	0.280020
58079	12.236220	3.479343	-0.107829	-0.152546	0.858408	-0.067301	0.297124	-0.018831	0.954653	0.300577	0.950820	-0.074796	-0.906295	0.309171	0.288171
58080	12.896519	3.769669	-0.001918	-0.290466	1.060130	-0.158084	0.306190	-0.023570	0.951679	0.303627	0.949900	-0.074162	-0.902252	0.311663	0.298006
58081	12.964518	3.824414	-0.251495	-0.572084	1.272912	-0.233431	0.316900	-0.029708	0.947993	0.309210	0.948138	-0.073652	-0.896640	0.316469	0.309651
58082	12.523527	3.309066	-0.285402	-0.903463	1.424854	-0.300693	0.328638	-0.037066	0.943728	0.318193	0.945158	-0.073683	-0.889241	0.324503	0.322410
58083	11.776229	2.382330	-0.214566	-1.351528	1.570576	-0.338085	0.341525	-0.045338	0.938779	0.330832	0.940711	-0.074924	-0.879722	0.336167	0.336275
58084	11.051320	0.762617	-0.320142	-1.696238	1.659912	-0.327927	0.354882	-0.054063	0.933347	0.346745	0.934736	-0.077698	-0.868232	0.351206	0.350467
58085	10.486816	-0.819597	-0.325219	-1.809436	1.720454	-0.310414	0.368623	-0.063040	0.927439	0.363052	0.928223	-0.081206	-0.855751	0.366643	0.365051
58086	10.220719	-1.784874	-0.262199	-1.778475	1.741122	-0.299121	0.382262	-0.072266	0.921224	0.379224	0.921385	-0.085080	-0.842654	0.381873	0.379615
58087	9.998969	-2.455126	-0.548837	-1.671923	1.716471	-0.290260	0.395558	-0.081490	0.914819	0.393832	0.914884	-0.088793	-0.829717	0.395408	0.393983
58088	9.625114	-2.932698	-0.906215	-1.454892	1.670578	-0.277219	0.408171	-0.090664	0.908392	0.406872	0.908829	-0.092113	-0.817222	0.407197	0.407846
58089	9.083492	-3.019777	-1.143886	-1.240168	1.620095	-0.276152	0.420233	-0.099681	0.901925	0.417538	0.903715	-0.094664	-0.805647	0.416368	0.421391
58090	8.609493	-2.689843	-1.233503	-1.044997	1.551249	-0.270986	0.431469	-0.108584	0.895569	0.426998	0.899066	-0.096712	-0.794674	0.424135	0.434284
58091	8.154148	-2.200333	-1.385632	-0.842229	1.491131	-0.281773	0.441991	-0.117393	0.889305	0.434615	0.895288	-0.097825	-0.784700	0.429743	0.446730
58092	7.609263	-1.658961	-1.651639	-0.646797	1.410051	-0.301858	0.451640	-0.126119	0.883241	0.440955	0.892153	-0.098088	-0.775616	0.433770	0.458545
58093	7.133706	-1.349071	-1.903990	-0.458313	1.312707	-0.307086	0.460460	-0.134417	0.877445	0.445503	0.889961	-0.097454	-0.767792	0.435778	0.469674
58094	6.840075	-1.149369	-2.205635	-0.274841	1.204619	-0.303278	0.468283	-0.142308	0.872043	0.448957	0.888369	-0.096115	-0.761018	0.436519	0.479898
58095	6.745431	-1.167200	-2.391899	-0.094155	1.114223	-0.285751	0.475587	-0.149490	0.866873	0.450506	0.887805	-0.094058	-0.755553	0.435265	0.489575
58096	6.471352	-1.266897	-2.394783	0.021137	1.046389	-0.258571	0.482274	-0.156271	0.861969	0.451530	0.887528	-0.091727	-0.750688	0.433443	0.498593
58097	5.977112	-1.560056	-2.177138	0.067786	0.911387	-0.227446	0.488160	-0.162047	0.857578	0.451691	0.887686	-0.089380	-0.746776	0.430992	0.506529
58098	5.800602	-1.880561	-1.348473	0.058726	0.704949	-0.200523	0.492480	-0.166800	0.854190	0.452181	0.887637	-0.087372	-0.743637	0.429277	0.512567
58099	5.758905	-2.007671	-0.265282	0.054380	0.503415	-0.197220	0.495301	-0.170593	0.851807	0.452429	0.887712	-0.085291	-0.741610	0.427627	0.516866
58100	5.806636	-1.777029	0.999588	0.113007	0.293643	-0.220761	0.496451	-0.173747	0.850499	0.452630	0.887843	-0.082833	-0.740717	0.426084	0.519414
58101	6.642752	-0.807653	1.744243	0.140211	0.155333	-0.202231	0.496704	-0.176059	0.849875	0.452329	0.888224	-0.080358	-0.740732	0.424337	0.520821
58102	8.456955	-0.534596	1.472099	0.050884	0.149690	-0.059209	0.497518	-0.177160	0.849170	0.452190	0.888363	-0.079595	-0.740270	0.423587	0.522087
58103	9.621172	-0.572538	2.277791	-0.122701	0.232211	0.106297	0.499717	-0.177043	0.847902	0.452235	0.888206	-0.081070	-0.738760	0.423964	0.523917
58104	8.935835	-0.444373	4.469990	-0.189877	0.326497	0.068368	0.502408	-0.177762	0.846160	0.453237	0.887550	-0.082652	-0.736317	0.425036	0.526481
58105	8.259835	0.432932	6.923154	-0.105964	0.240437	-0.144616	0.503462	-0.180006	0.845058	0.454670	0.886880	-0.081965	-0.734711	0.425489	0.528354
58106	7.896357	-0.404447	9.807817	-0.243872	0.150047	-0.368363	0.502855	-0.183851	0.844592	0.458256	0.885199	-0.080148	-0.732897	0.427343	0.529378
58107	7.547140	-3.104604	10.590225	-0.364664	0.139344	-0.504003	0.501458	-0.188857	0.844318	0.463391	0.882735	-0.077768	-0.730622	0.430247	0.530168
58108	6.700768	-5.971769	10.470669	-0.312859	0.267555	-0.435819	0.501354	-0.193794	0.843261	0.467802	0.880581	-0.075757	-0.727878	0.432460	0.532139
58109	5.650194	-7.373118	10.932992	-0.081852	0.345872	-0.263081	0.502823	-0.197321	0.841566	0.469148	0.880016	-0.073972	-0.725995	0.432014	0.535065
58110	6.343567	-8.025449	11.408194	0.318514	0.270433	-0.125227	0.504175	-0.199528	0.840236	0.467409	0.881168	-0.071216	-0.726179	0.428639	0.537524
58111	7.363184	-7.618636	11.640862	0.861091	0.302985	-0.006745	0.506308	-0.200773	0.838655	0.461144	0.884825	-0.066573	-0.728697	0.420447	0.540579
58112	7.341639	-6.072767	10.767323	1.510457	0.370938	0.131713	0.509594	-0.201078	0.836589	0.449372	0.891362	-0.059485	-0.733743	0.406253	0.544591
58113	7.426297	-2.900428	9.902438	2.095367	0.325838	0.185605	0.512872	-0.200515	0.834719	0.432753	0.900144	-0.049663	-0.741409	0.386698	0.548432
58114	7.319537	0.309485	9.295483	2.111812	0.350297	0.175812	0.516200	-0.200188	0.832744	0.416056	0.908480	-0.039510	-0.748622	0.366863	0.552247
58115	5.055006	1.750974	7.361769	1.965897	0.334380	0.072965	0.519168	-0.200411	0.830843	0.400400	0.915872	-0.029277	-0.755079	0.347870	0.555736
58116	5.057733	2.910216	4.814743	1.498991	0.084051	-0.023078	0.519684	-0.200853	0.830413	0.389100	0.920962	-0.020750	-0.760611	0.333898	0.556761
58117	6.341638	3.334594	2.488702	1.114517	-0.225499	-0.083331	0.517767	-0.200627	0.831664	0.380605	0.924633	-0.013898	-0.766196	0.323731	0.555105
58118	7.947236	3.792455	0.368643	0.681083	-0.505444	-0.190260	0.513130	-0.200710	0.834513	0.376289	0.926463	-0.008550	-0.771430	0.318405	0.550921
58119	9.165599	3.079639	-1.067705	0.108351	-0.718947	-0.284804	0.506649	-0.200789	0.838445	0.376440	0.926424	-0.005614	-0.775629	0.318468	0.544957
58120	10.185176	0.980196	-1.032667	-0.303309	-0.853211	-0.345240	0.498680	-0.201193	0.843113	0.380472	0.924782	-0.004357	-0.778819	0.322954	0.537718
58121	11.284556	-1.187652	1.309814	-0.439818	-0.910653	-0.372374	0.490013	-0.201606	0.848081	0.385687	0.922623	-0.003520	-0.781749	0.328819	0.529854
58122	12.167034	-2.324456	6.384688	-0.514516	-0.828292	-0.388208	0.481990	-0.202377	0.852484	0.391541	0.920156	-0.002933	-0.783825	0.335196	0.522745
58123	11.884080	-2.827002	10.498962	-0.568644	-0.696058	-0.443592	0.474916	-0.203880	0.856089	0.397729	0.917500	-0.002135	-0.785027	0.341505	0.516824
58124	9.754969	-1.771215	9.759993	-0.235990	-0.748447	-0.522336	0.466911	-0.206041	0.859966	0.401984	0.915646	0.001128	-0.787657	0.345166	0.510350
58125	8.836610	-0.584230	6.463998	-0.040013	-0.821422	-0.444765	0.458512	-0.207206	0.864195	0.404330	0.914601	0.004768	-0.791381	0.347233	0.503135
58126	8.458424	-2.527751	3.498071	-0.129861	-0.747143	-0.190894	0.451784	-0.206289	0.867949	0.406168	0.913780	0.005764	-0.794304	0.349929	0.496619
58127	8.734752	-5.232145	2.501327	0.253663	-0.703525	0.092114	0.446509	-0.202903	0.871470	0.403721	0.914861	0.006154	-0.798523	0.349083	0.490410
58128	8.773203	-3.343605	4.166879	1.009802	-0.644841	0.215821	0.442167	-0.198642	0.874660	0.394603	0.918806	0.009184	-0.805467	0.341083	0.484651
58129	8.417029	2.253227	4.743974	1.488164	-0.722880	0.114274	0.436732	-0.195047	0.878192	0.381956	0.924054	0.015283	-0.814478	0.328756	0.478064
58130	8.746275	6.088605	4.630697	1.152142	-0.747279	-0.092717	0.430234	-0.193427	0.881751	0.372868	0.927634	0.021558	-0.822112	0.319502	0.471222
58131	7.975391	6.286634	4.481505	0.448699	-0.723569	-0.266976	0.423280	-0.193434	0.885109	0.370045	0.928650	0.025985	-0.826983	0.316531	0.464659
58132	7.944353	4.653761	4.933914	-0.118417	-0.711477	-0.413049	0.415819	-0.194950	0.888307	0.372697	0.927497	0.029091	-0.829573	0.318973	0.458328
58133	7.577322	2.591890	5.182047	-0.461017	-0.734152	-0.515738	0.407830	-0.197214	0.891505	0.378375	0.925114	0.031557	-0.830968	0.324454	0.451910
58134	7.760291	0.739030	5.339780	-0.693783	-0.736275	-0.580217	0.399457	-0.200098	0.894648	0.386423	0.921709	0.033614	-0.831331	0.332285	0.445506
58135	7.573431	-0.303577	5.747801	-0.785210	-0.709674	-0.653344	0.390958	-0.203630	0.897600	0.395471	0.917775	0.035956	-0.831117	0.340917	0.439341
58136	7.870917	-0.950122	6.280545	-0.848573	-0.629213	-0.680270	0.382975	-0.207628	0.900123	0.405091	0.913471	0.038353	-0.830199	0.349944	0.433945
58137	7.494719	-1.500223	6.186963	-0.807745	-0.542192	-0.695426	0.375694	-0.211875	0.902199	0.414097	0.909304	0.041106	-0.829082	0.358154	0.429357
58138	7.469383	-1.315111	5.475556	-0.561355	-0.512112	-0.666418	0.368634	-0.216016	0.904127	0.421170	0.905879	0.044713	-0.828689	0.364308	0.424917
58139	7.721755	-0.752625	5.650419	-0.411833	-0.387183	-0.593437	0.362790	-0.219873	0.905560	0.426707	0.903098	0.048325	-0.828435	0.368876	0.421456
58140	8.060008	-0.116396	4.950184	-0.278699	-0.288273	-0.518371	0.358148	-0.223422	0.906539	0.430824	0.900946	0.051837	-0.828324	0.371993	0.418927
58141	8.085051	0.494622	3.603902	-0.032436	-0.272112	-0.472040	0.353872	-0.226519	0.907449	0.432585	0.899857	0.055931	-0.829243	0.372756	0.416423
58142	8.959782	0.466213	3.245048	0.019979	-0.247823	-0.387693	0.350105	-0.229024	0.908281	0.433724	0.899078	0.059520	-0.830247	0.373105	0.414105
58143	9.378449	0.000647	2.040979	0.149112	-0.250418	-0.320031	0.346605	-0.230849	0.909161	0.433487	0.898955	0.062997	-0.831838	0.372275	0.411652
58144	10.836243	-0.174792	1.680482	0.263822	-0.225981	-0.241247	0.343647	-0.232121	0.909960	0.432063	0.899406	0.066260	-0.833804	0.370390	0.409369
58145	10.122082	-0.239029	1.022103	0.370198	-0.212076	-0.158822	0.341198	-0.232650	0.910746	0.429398	0.900464	0.069156	-0.836182	0.367477	0.407136
58146	10.671797	-0.368591	0.815251	0.435132	-0.222888	-0.082317	0.338947	-0.232518	0.911619	0.425974	0.901893	0.071657	-0.838845	0.364038	0.404741
58147	10.260855	0.451087	0.507806	0.653393	-0.303008	-0.038577	0.336192	-0.231649	0.912860	0.420490	0.904225	0.074598	-0.842712	0.358770	0.401399
58148	10.445660	1.773915	0.665356	0.727575	-0.379569	-0.002775	0.332940	-0.230265	0.914401	0.414292	0.906837	0.077513	-0.847061	0.353022	0.397319
58149	10.319425	2.326160	1.222134	0.674408	-0.429414	-0.002787	0.329369	-0.228620	0.916105	0.408270	0.909336	0.080144	-0.851371	0.347621	0.392846
58150	10.291028	2.274469	1.701786	0.573310	-0.468215	-0.004615	0.325321	-0.226986	0.917956	0.403332	0.911335	0.082409	-0.855272	0.343431	0.388027
58151	10.146751	2.034093	2.009155	0.458251	-0.488122	-0.007260	0.321181	-0.225233	0.919844	0.399137	0.913017	0.084195	-0.858797	0.340102	0.383143
58152	9.662463	1.527817	2.381205	0.421278	-0.542972	0.010649	0.316516	-0.223239	0.921945	0.395417	0.914497	0.085683	-0.862243	0.337432	0.377725
58153	9.671626	1.899933	2.827690	0.441682	-0.566574	0.029123	0.311763	-0.220934	0.924117	0.391291	0.916144	0.087021	-0.865850	0.334468	0.372069
58154	9.424597	2.345756	3.178384	0.336921	-0.594215	0.013838	0.306627	-0.218768	0.926348	0.388264	0.917326	0.088119	-0.869040	0.332648	0.366217
58155	9.526522	2.317446	3.427409	0.231838	-0.638909	-0.009126	0.301053	-0.216614	0.928680	0.386084	0.918160	0.089002	-0.871955	0.331755	0.360046
58156	9.260490	1.815037	3.305182	0.135911	-0.661778	-0.025237	0.295141	-0.214592	0.931044	0.384912	0.918584	0.089703	-0.874491	0.331895	0.353710
58157	9.293355	0.616839	3.321073	0.058606	-0.702625	-0.019236	0.288910	-0.212322	0.933515	0.384272	0.918818	0.090052	-0.876850	0.332706	0.347045
58158	9.115231	0.096023	3.505237	0.092417	-0.723866	-0.002203	0.282509	-0.209874	0.936024	0.383405	0.919148	0.090371	-0.879312	0.333346	0.340135
58159	9.204740	0.073723	3.311674	0.129289	-0.735032	0.017744	0.276058	-0.207176	0.938547	0.382158	0.919645	0.090598	-0.881900	0.333663	0.333049
58160	9.052595	0.486099	3.405556	0.192155	-0.748680	0.021065	0.269489	-0.204427	0.941056	0.380342	0.920357	0.091012	-0.884712	0.333397	0.325778
58161	8.993753	0.810681	3.582321	0.126533	-0.719336	0.027060	0.263167	-0.201691	0.943432	0.379096	0.920860	0.091118	-0.887147	0.333672	0.318800
58162	8.715853	0.794434	3.546505	0.143012	-0.729153	0.019224	0.256725	-0.199022	0.945771	0.377715	0.921403	0.091365	-0.889620	0.333776	0.311721
58163	8.540883	0.790119	4.094221	0.083507	-0.723465	0.002949	0.250217	-0.196498	0.948040	0.376967	0.921692	0.091543	-0.891789	0.334475	0.304696
58164	8.229591	0.272553	4.106160	0.061468	-0.709013	0.012444	0.243896	-0.193950	0.950209	0.376327	0.921949	0.091588	-0.893808	0.335252	0.297849
58165	8.091626	-0.302886	4.360005	0.130562	-0.746254	0.022612	0.237304	-0.191143	0.952445	0.374988	0.922483	0.091701	-0.896142	0.335394	0.290585
58166	7.857880	-0.183388	4.673563	0.209787	-0.730936	0.055786	0.230915	-0.188120	0.954615	0.372914	0.923319	0.091747	-0.898673	0.334804	0.283361
58167	7.924800	0.736311	4.986872	0.323975	-0.720484	0.063862	0.224628	-0.185037	0.956715	0.369851	0.924528	0.091974	-0.901528	0.333182	0.276111
58168	7.833396	1.578215	5.164047	0.329499	-0.713555	0.054298	0.218347	-0.182105	0.958730	0.366695	0.925749	0.092327	-0.904356	0.331402	0.268911
58169	7.552211	2.011528	5.215871	0.289298	-0.739929	0.036111	0.211852	-0.179219	0.960729	0.363783	0.926861	0.092683	-0.907073	0.329862	0.261554
58170	7.900541	2.062704	5.155848	0.200623	-0.710833	0.048111	0.205532	-0.176372	0.962626	0.361801	0.927634	0.092712	-0.909317	0.329224	0.254470
58171	8.174167	1.571977	4.672950	0.225568	-0.700888	0.037780	0.199228	-0.173620	0.964450	0.359634	0.928462	0.092852	-0.911576	0.328351	0.247415
58172	8.309251	0.590772	3.891577	0.265122	-0.698172	0.040387	0.192961	-0.170899	0.966209	0.357075	0.929426	0.093082	-0.913927	0.327048	0.240366
58173	8.538157	0.280767	3.569319	0.339493	-0.692884	0.061705	0.186846	-0.167960	0.967925	0.353671	0.930712	0.093230	-0.916518	0.324907	0.233303
58174	8.850906	0.734156	3.268492	0.410710	-0.705153	0.070630	0.180583	-0.164962	0.969627	0.349712	0.932184	0.093462	-0.919289	0.322213	0.226025
58175	8.920021	1.269570	3.478451	0.433911	-0.752071	0.077333	0.173918	-0.161721	0.971390	0.345418	0.933768	0.093613	-0.922192	0.319255	0.218261
58176	9.073149	1.536856	4.107874	0.404760	-0.791218	0.064730	0.166793	-0.158542	0.973162	0.341510	0.935183	0.093822	-0.924960	0.316696	0.210126
58177	9.331475	1.661818	5.180553	0.306938	-0.806600	0.037625	0.159462	-0.155541	0.974874	0.338428	0.936283	0.094027	-0.927382	0.314931	0.201941
58178	9.226529	0.813430	6.576343	0.120118	-0.800121	0.019410	0.152060	-0.152781	0.976491	0.337224	0.936715	0.094045	-0.929063	0.314996	0.193958
58179	9.325791	-0.176303	7.371955	0.017963	-0.780557	0.033020	0.144936	-0.149908	0.978019	0.336801	0.936902	0.093694	-0.930354	0.315818	0.186280
58180	9.934888	-0.337813	8.635884	-0.098025	-0.592313	0.081181	0.139657	-0.147213	0.979196	0.337539	0.936737	0.092689	-0.930894	0.317572	0.180512
58181	9.630747	0.328596	9.567963	-0.014139	-0.447914	0.082642	0.135733	-0.144898	0.980092	0.337461	0.936856	0.091770	-0.931502	0.318287	0.176060
58182	12.146912	1.088863	9.612504	0.031451	-0.402528	0.101246	0.132283	-0.142609	0.980900	0.336973	0.937125	0.090801	-0.932175	0.318526	0.172021
58183	13.618479	0.091429	9.746598	-0.331893	-0.054903	0.129166	0.132212	-0.141101	0.981127	0.339718	0.936319	0.088879	-0.931188	0.321555	0.171727
58184	11.798623	-1.530540	9.725666	-0.561917	0.179846	0.192460	0.134503	-0.139825	0.980998	0.344629	0.934793	0.085987	-0.929053	0.326515	0.173920
58185	11.011182	-2.040920	9.406887	-0.605657	0.240065	0.319092	0.137896	-0.137504	0.980855	0.349635	0.933318	0.081686	-0.926682	0.331678	0.176777
58186	11.065416	-1.743355	10.131176	-0.669547	0.417425	0.496629	0.143469	-0.134210	0.980512	0.355073	0.931778	0.075585	-0.923764	0.337309	0.181335
58187	10.575730	-1.244911	11.156861	-0.843351	0.627206	0.651413	0.151654	-0.130133	0.979830	0.361657	0.929863	0.067521	-0.919894	0.344123	0.188081
58188	10.326468	-1.337129	10.402604	-1.110806	0.785404	0.801816	0.161755	-0.125367	0.978835	0.370531	0.927039	0.057502	-0.914627	0.353387	0.196406
58189	10.555026	-1.323923	8.680318	-1.060467	0.904177	0.921519	0.173543	-0.119906	0.977500	0.378333	0.924514	0.046238	-0.909256	0.361796	0.205807
58190	11.281071	-0.930602	7.248003	-0.941173	1.116615	1.023114	0.187533	-0.114478	0.975565	0.384957	0.922300	0.034227	-0.903681	0.369132	0.217030
58191	11.218364	-0.530234	5.584121	-0.725396	1.303012	1.046645	0.203395	-0.109486	0.972956	0.389149	0.920906	0.022278	-0.898440	0.374093	0.229914
58192	10.783265	-0.018334	3.034615	-0.124852	1.352719	1.005299	0.219397	-0.105221	0.969945	0.388082	0.921544	0.012188	-0.895130	0.373744	0.243019
58193	11.364419	0.535708	1.622306	0.470093	1.349677	1.009150	0.235435	-0.100716	0.966658	0.381270	0.924457	0.003458	-0.893982	0.367744	0.256049
58194	11.620146	1.105689	0.455233	1.055014	1.413153	0.958726	0.251635	-0.096886	0.962961	0.369438	0.929250	-0.003045	-0.894536	0.356521	0.269625
58195	11.538053	1.002160	-0.837362	1.444748	1.386011	0.887781	0.267345	-0.093254	0.959078	0.353889	0.935256	-0.007709	-0.896264	0.341468	0.283037
58196	11.693637	0.896276	-0.809716	1.588151	1.295422	0.811183	0.281734	-0.089901	0.955271	0.337347	0.941317	-0.010904	-0.898233	0.325330	0.295529
58197	12.131703	0.874885	-0.849193	1.387927	1.234161	0.726283	0.295263	-0.086788	0.951466	0.322455	0.946485	-0.013732	-0.899356	0.310860	0.307448
58198	12.411971	0.705247	-1.250962	1.158019	1.155513	0.610782	0.307550	-0.084458	0.947776	0.310133	0.950560	-0.015931	-0.899573	0.298836	0.318538
58199	12.894360	0.156921	-0.779986	0.890533	1.132852	0.472928	0.319172	-0.083113	0.944045	0.300403	0.953650	-0.017605	-0.898826	0.289213	0.329346
58200	12.988007	0.521293	-0.079429	0.523928	1.198913	0.327529	0.330869	-0.083359	0.939988	0.294568	0.955442	-0.018957	-0.896524	0.283163	0.340681
58201	12.940849	0.889590	0.113744	0.009859	1.287953	0.236748	0.343100	-0.084567	0.935484	0.293448	0.955739	-0.021227	-0.892284	0.281799	0.352730
58202	12.544551	1.013003	-0.141181	-0.440743	1.460379	0.197050	0.356627	-0.086763	0.930209	0.296610	0.954680	-0.024670	-0.885912	0.284707	0.366199
58203	11.873441	0.993295	-0.496350	-0.778063	1.590281	0.198000	0.371281	-0.089286	0.924218	0.302493	0.952695	-0.029482	-0.877866	0.290516	0.380726
58204	11.272604	0.290386	-0.862230	-1.156380	1.719160	0.266493	0.387068	-0.091767	0.917473	0.311509	0.949544	-0.036446	-0.867837	0.299908	0.396124
58205	10.573064	-0.999342	-0.922634	-1.316774	1.827265	0.353254	0.403943	-0.093843	0.909958	0.321260	0.945918	-0.045060	-0.856517	0.310535	0.412246
58206	9.943719	-1.616287	-0.742939	-1.223273	1.853698	0.360231	0.420852	-0.096229	0.902011	0.330113	0.942425	-0.053481	-0.844932	0.320273	0.428388
58207	9.265595	-1.471972	-0.538098	-0.967427	1.821423	0.295067	0.437153	-0.099194	0.893900	0.336758	0.939651	-0.060417	-0.833961	0.327439	0.444176
58208	8.675077	-0.806377	-0.511343	-0.690415	1.698605	0.164614	0.451761	-0.103190	0.886151	0.341681	0.937565	-0.065012	-0.824115	0.332151	0.458813
58209	8.262256	0.209890	-0.664105	-0.545634	1.533889	0.056485	0.464575	-0.107623	0.878969	0.345679	0.935877	-0.068116	-0.815276	0.335487	0.471988
58210	7.917423	0.778335	-1.076584	-0.542523	1.390998	-0.006963	0.475801	-0.112318	0.872352	0.350044	0.934065	-0.070658	-0.806897	0.338981	0.483745
58211	7.529334	0.887965	-1.427993	-0.546878	1.287071	-0.030696	0.486059	-0.116847	0.866079	0.354405	0.932228	-0.073126	-0.798839	0.342486	0.494529
58212	7.032345	0.867254	-1.578157	-0.522042	1.216023	-0.024393	0.495608	-0.121198	0.860049	0.358605	0.930428	-0.075532	-0.791059	0.345853	0.504590
58213	6.477318	0.770319	-1.493153	-0.451260	1.175632	-0.013207	0.504843	-0.125269	0.854073	0.362058	0.928906	-0.077767	-0.783612	0.348484	0.514306
58214	5.832304	0.183951	-1.284207	-0.302206	1.115344	-0.016945	0.513455	-0.129259	0.848326	0.364433	0.927856	-0.079198	-0.776887	0.349822	0.523518
58215	5.394739	-0.488420	-0.888052	-0.111431	1.009349	-0.009912	0.521250	-0.132760	0.843014	0.365201	0.927507	-0.079744	-0.771315	0.349436	0.531947
58216	5.097709	-1.168187	-0.461546	0.043263	0.834942	-0.001139	0.527640	-0.135620	0.838572	0.364805	0.927683	-0.079508	-0.767146	0.347867	0.538958
58217	5.384805	-2.017133	0.028670	0.195200	0.576522	0.015959	0.532130	-0.137351	0.835447	0.363083	0.928434	-0.078623	-0.764859	0.345174	0.543917
58218	6.331572	-2.715384	0.633370	0.491957	0.451753	0.055441	0.535756	-0.138322	0.832966	0.358956	0.930222	-0.076404	-0.764275	0.339932	0.548023
58219	7.107534	-2.964838	1.182349	0.748152	0.539101	0.140281	0.540390	-0.138702	0.829904	0.352336	0.932984	-0.073493	-0.764093	0.332120	0.553045
58220	7.864467	-3.579572	2.238110	0.732275	0.669456	0.283275	0.546461	-0.138191	0.826004	0.345135	0.935805	-0.071770	-0.763061	0.324303	0.559076
58221	7.029536	-3.530334	2.571889	0.784615	0.682733	0.351638	0.552883	-0.136947	0.821928	0.337064	0.938853	-0.070303	-0.762042	0.315912	0.565236
58222	6.720499	-2.214357	2.578254	1.247238	0.385727	0.280512	0.556727	-0.135442	0.819580	0.325920	0.943123	-0.065533	-0.764089	0.303602	0.569205
58223	8.265877	1.394550	4.725826	1.779279	0.167822	0.055240	0.558206	-0.135274	0.818601	0.311812	0.948499	-0.055886	-0.768882	0.286445	0.571638
58224	8.593417	5.151543	6.325181	1.594586	0.145272	-0.164276	0.558792	-0.137182	0.817883	0.300365	0.952743	-0.045413	-0.773002	0.271040	0.573590
58225	7.396862	7.454190	7.074586	0.683866	0.078502	-0.365105	0.558315	-0.140754	0.817602	0.296971	0.954109	-0.038538	-0.774656	0.264320	0.574493
58226	6.630843	6.644835	8.850942	-0.350316	0.012594	-0.631320	0.556487	-0.146747	0.817794	0.303131	0.952292	-0.035390	-0.773585	0.267593	0.574421
58227	6.565448	3.098005	10.278072	-1.142046	0.039074	-0.742965	0.554482	-0.153830	0.817854	0.315964	0.948092	-0.035888	-0.769881	0.278312	0.574305
58228	5.085371	-1.238538	10.151435	-1.471180	0.000981	-0.564044	0.552637	-0.159107	0.818094	0.330308	0.943037	-0.039721	-0.765173	0.292174	0.573711
58229	4.947409	-4.725207	9.416556	-1.203617	-0.118686	-0.355958	0.550537	-0.162016	0.818938	0.341347	0.938920	-0.043720	-0.761835	0.303611	0.572214
58230	5.059694	-6.747522	9.399747	-0.669840	-0.268644	-0.239999	0.547635	-0.163382	0.820611	0.347695	0.936499	-0.045580	-0.761054	0.310283	0.569667
58231	5.022206	-6.426944	9.379695	-0.034658	-0.413194	-0.221163	0.543739	-0.164046	0.823066	0.349015	0.936084	-0.043997	-0.763241	0.311185	0.566239
58232	5.347179	-4.911218	8.922136	0.509250	-0.522239	-0.217575	0.538955	-0.164409	0.826134	0.346224	0.937327	-0.039333	-0.767891	0.307226	0.562100
58233	7.180305	-2.356456	9.352595	0.928685	-0.593923	-0.259314	0.533529	-0.164885	0.829554	0.340264	0.939784	-0.032047	-0.774317	0.299365	0.557506
58234	4.687636	1.973806	7.434446	1.101013	-0.453496	-0.361414	0.528756	-0.166891	0.832205	0.333554	0.942452	-0.022929	-0.780487	0.289709	0.553994
58235	6.737808	4.061096	4.123505	0.554023	-0.638537	-0.354950	0.522623	-0.168244	0.835798	0.330886	0.943518	-0.016975	-0.785735	0.285426	0.548774
58236	9.801226	2.248704	3.163886	-0.080383	-0.643000	-0.340370	0.516400	-0.169554	0.839394	0.333217	0.942738	-0.014568	-0.788859	0.287223	0.543328
58237	10.583102	-0.807763	5.068315	-0.502732	-0.641225	-0.404448	0.510014	-0.171365	0.842924	0.339089	0.940651	-0.013934	-0.790509	0.292933	0.537853
58238	11.116001	-4.678932	10.999631	-0.849924	-0.538424	-0.483933	0.504064	-0.174248	0.845906	0.348191	0.937313	-0.014405	-0.790369	0.301798	0.533137
58239	11.447237	-7.723962	15.018325	-0.945060	-0.324453	-0.477967	0.499861	-0.177575	0.847706	0.357865	0.933646	-0.015443	-0.788715	0.311084	0.530241
58240	10.193615	-7.447931	13.889487	-0.408961	-0.262535	-0.462869	0.496092	-0.181009	0.849193	0.363326	0.931562	-0.013686	-0.788598	0.315323	0.527906
58241	8.209792	-3.752241	8.561409	0.290544	-0.344249	-0.461391	0.491774	-0.184031	0.851053	0.363073	0.931723	-0.008324	-0.791414	0.313088	0.525014
58242	6.909428	0.123703	1.458701	0.512754	-0.432274	-0.390066	0.486903	-0.186262	0.853365	0.360844	0.932623	-0.002324	-0.795435	0.309063	0.521309
58243	7.529349	1.543226	-2.366264	0.688275	-0.497223	-0.241150	0.482152	-0.186791	0.855943	0.356279	0.934374	0.003215	-0.800372	0.303404	0.517060
58244	8.764338	2.826065	-0.705218	0.847425	-0.471971	-0.122430	0.477899	-0.186461	0.858396	0.349991	0.936713	0.008621	-0.805679	0.296311	0.512915
