// General information: 
//  MT Manager version: 2022.2.0 
//  XDA version: 2022.2.0 build 7381 rev 124627 built on 2023-07-19
// Device information: 
//  DeviceId: 00B4CAF0
//  ProductCode: MTW2-3A7G6
//  Firmware Version: 4.6.0
//  Hardware Version: 2.0.0
// Device settings: 
//  Filter Profile: human(46.1)
//  Option Flags: Orientation Smoother Disabled, Position/Velocity Smoother Disabled, Continuous Zero Rotation Update Disabled, AHS Disabled, ICC Disabled
// Coordinate system: ENU
PacketCounter	Acc_X	Acc_Y	Acc_Z	Gyr_X	Gyr_Y	Gyr_Z	Mat[1][1]	Mat[2][1]	Mat[3][1]	Mat[1][2]	Mat[2][2]	Mat[3][2]	Mat[1][3]	Mat[2][3]	Mat[3][3]
40315	4.857105	0.046115	8.984292	-0.000410	0.003931	0.003642	-0.839802	0.243463	0.485241	-0.273516	-0.961823	0.009210	0.468958	-0.124986	0.874332
40316	4.868777	0.027102	8.994268	0.000950	0.002498	0.002664	-0.840100	0.242923	0.484995	-0.272876	-0.962005	0.009175	0.468797	-0.124636	0.874469
40317	4.905586	0.088871	9.007359	0.001612	0.004818	0.003103	-0.840113	0.242870	0.484999	-0.272811	-0.962024	0.009184	0.468811	-0.124598	0.874466
40318	4.912731	-0.002118	9.005358	0.001779	0.008926	0.003135	-0.840095	0.243234	0.484848	-0.273203	-0.961912	0.009184	0.468615	-0.124747	0.874550
40319	4.904297	0.089048	9.008059	0.004500	0.006058	0.001181	-0.840108	0.243201	0.484841	-0.273141	-0.961930	0.009228	0.468627	-0.124678	0.874553
40320	4.891353	0.048715	9.006703	-0.000783	0.001790	0.005429	-0.839867	0.244113	0.484801	-0.274185	-0.961633	0.009217	0.468451	-0.125184	0.874576
40321	4.854620	0.045841	8.985637	-0.001565	0.003400	0.002797	-0.839872	0.244062	0.484818	-0.274138	-0.961646	0.009200	0.468468	-0.125180	0.874567
40322	4.896422	0.062720	8.967611	0.000866	0.000534	0.006678	-0.839877	0.244049	0.484816	-0.274139	-0.961646	0.009170	0.468460	-0.125206	0.874568
40323	4.857864	0.058054	9.006243	-0.003299	0.002693	0.005562	-0.839887	0.243970	0.484839	-0.274077	-0.961664	0.009124	0.468478	-0.125220	0.874556
40324	4.883451	0.021669	8.966270	0.000950	0.002498	0.002664	-0.839774	0.244357	0.484840	-0.274515	-0.961539	0.009134	0.468424	-0.125426	0.874555
40325	4.874815	0.053423	8.977012	0.002105	0.003030	0.003508	-0.839779	0.244300	0.484859	-0.274446	-0.961559	0.009145	0.468455	-0.125388	0.874544
40326	4.907379	0.042918	8.977984	-0.001770	0.005367	0.004617	-0.839911	0.244149	0.484707	-0.274279	-0.961607	0.009088	0.468317	-0.125311	0.874629
40327	4.922568	0.036769	9.008416	0.003754	0.001774	0.004757	-0.839914	0.244077	0.484737	-0.274191	-0.961632	0.009108	0.468362	-0.125261	0.874612
40328	4.917624	0.080976	9.039522	-0.007343	0.000923	0.006638	-0.839769	0.244663	0.484693	-0.274904	-0.961429	0.009017	0.468204	-0.125672	0.874638
40329	4.919384	0.081630	8.979875	-0.007548	0.002890	0.008458	-0.839788	0.244558	0.484714	-0.274839	-0.961449	0.008920	0.468209	-0.125727	0.874627
40330	4.861774	0.069419	8.967803	-0.009654	-0.000140	0.004950	-0.839867	0.244471	0.484621	-0.274773	-0.961469	0.008828	0.468106	-0.125746	0.874680
40331	4.873548	0.049425	8.977723	-0.009485	0.003969	0.004982	-0.839881	0.244401	0.484632	-0.274747	-0.961477	0.008731	0.468096	-0.125818	0.874675
40332	4.857805	0.054442	8.947603	-0.006188	0.001456	0.007481	-0.839921	0.244270	0.484629	-0.274643	-0.961508	0.008645	0.468086	-0.125839	0.874677
40333	4.873148	0.047643	8.977950	-0.004454	0.002163	0.004717	-0.839926	0.244201	0.484655	-0.274595	-0.961522	0.008593	0.468105	-0.125866	0.874663
40334	4.877680	0.002542	8.947047	-0.000121	0.004111	0.005867	-0.839791	0.244768	0.484603	-0.275243	-0.961336	0.008580	0.467966	-0.126179	0.874692
40335	4.875280	0.000587	9.007046	0.000253	0.006253	0.004079	-0.839813	0.244711	0.484593	-0.275180	-0.961355	0.008572	0.467964	-0.126151	0.874698
40336	4.973166	0.085864	9.052798	-0.005609	0.001632	0.003872	-0.839743	0.244868	0.484635	-0.275399	-0.961292	0.008511	0.467960	-0.126321	0.874675
40337	4.954729	0.137083	8.993907	-0.013904	0.000060	0.007844	-0.839747	0.244766	0.484680	-0.275371	-0.961302	0.008362	0.467971	-0.126445	0.874651
40338	4.893387	0.111090	8.961486	-0.022147	0.006529	0.009655	-0.839438	0.245785	0.484700	-0.276657	-0.960934	0.008142	0.467766	-0.127261	0.874643
40339	4.855790	0.046845	8.948739	-0.022029	0.002600	0.011845	-0.839464	0.245649	0.484723	-0.276634	-0.960943	0.007902	0.467733	-0.127457	0.874632
40340	4.825374	0.008625	8.976823	-0.016249	0.005077	0.008007	-0.839221	0.246490	0.484717	-0.277677	-0.960643	0.007750	0.467551	-0.128091	0.874636
40341	4.836845	-0.011912	8.986874	-0.011711	0.005057	0.007337	-0.839246	0.246401	0.484719	-0.277644	-0.960654	0.007622	0.467525	-0.128183	0.874637
40342	4.838423	-0.011313	8.927330	-0.006681	0.003248	0.007073	-0.839178	0.246770	0.484649	-0.278095	-0.960524	0.007546	0.467379	-0.128446	0.874676
40343	4.832287	-0.026373	8.966955	0.001004	0.010538	0.000509	-0.839210	0.246755	0.484602	-0.278061	-0.960534	0.007563	0.467343	-0.128402	0.874702
40344	4.856320	-0.004582	8.978662	0.007716	0.001393	-0.000361	-0.838934	0.247575	0.484661	-0.278957	-0.960273	0.007663	0.467304	-0.128771	0.874668
40345	4.885693	0.032432	8.951176	0.010542	0.014604	-0.006627	-0.838965	0.247634	0.484578	-0.278938	-0.960277	0.007797	0.467260	-0.128625	0.874713
40346	4.891914	0.059174	8.992560	0.007599	0.005326	-0.002552	-0.838708	0.248413	0.484623	-0.279778	-0.960032	0.007909	0.467218	-0.128954	0.874688
40347	4.933313	0.077101	8.974828	0.009704	0.008355	0.000957	-0.838731	0.248392	0.484595	-0.279701	-0.960054	0.007999	0.467224	-0.128833	0.874702
40348	4.924128	0.109343	8.985906	0.004094	0.009990	0.004827	-0.838729	0.248397	0.484594	-0.279690	-0.960057	0.008029	0.467233	-0.128802	0.874702
40349	4.848433	0.102604	9.003581	0.001408	0.006786	0.004924	-0.838756	0.248336	0.484581	-0.279618	-0.960078	0.008028	0.467229	-0.128764	0.874710
40350	4.847257	0.043286	9.012039	0.002393	0.003207	0.005735	-0.838823	0.248259	0.484504	-0.279510	-0.960109	0.008042	0.467173	-0.128678	0.874752
40351	4.874238	0.125640	8.955665	0.003548	0.003738	0.006579	-0.838839	0.248178	0.484517	-0.279415	-0.960137	0.008051	0.467201	-0.128627	0.874745
40352	4.872478	0.006895	8.972261	-0.003300	0.002698	0.005558	-0.838980	0.248011	0.484359	-0.279234	-0.960190	0.007982	0.467056	-0.128553	0.874833
40353	4.893444	0.015194	8.963261	0.005024	-0.001630	0.007796	-0.838975	0.247912	0.484418	-0.279122	-0.960222	0.007998	0.467132	-0.128501	0.874800
40354	4.912513	0.021683	9.013952	-0.003676	0.000556	0.007344	-0.838777	0.248342	0.484541	-0.279658	-0.960067	0.007955	0.467167	-0.128833	0.874732
40355	4.896936	0.027186	8.983745	-0.000498	0.001971	0.007652	-0.838788	0.248249	0.484569	-0.279573	-0.960092	0.007923	0.467198	-0.128826	0.874717
40356	4.860139	0.024188	8.962676	-0.002349	0.005197	0.008222	-0.839014	0.247835	0.484389	-0.279107	-0.960228	0.007852	0.467070	-0.128608	0.874817
40357	4.896160	0.026318	8.984171	0.001901	0.004997	0.005329	-0.839033	0.247768	0.484391	-0.279030	-0.960250	0.007853	0.467082	-0.128571	0.874817
40358	4.854444	0.068378	8.994241	0.001901	0.004998	0.005329	-0.838801	0.248656	0.484337	-0.280032	-0.959958	0.007862	0.466899	-0.129035	0.874846
40359	4.871357	0.063992	8.965068	0.002565	0.007318	0.005767	-0.838832	0.248589	0.484318	-0.279950	-0.959982	0.007867	0.466893	-0.128986	0.874857
40360	4.856149	0.021836	9.023494	0.000746	0.004467	0.004484	-0.838698	0.249080	0.484299	-0.280510	-0.959819	0.007864	0.466798	-0.129256	0.874867
40361	4.888748	0.011536	9.024472	0.005776	0.002655	0.004223	-0.838702	0.249022	0.484321	-0.280427	-0.959843	0.007904	0.466840	-0.129187	0.874855
40362	4.939767	0.056091	8.987663	0.000861	0.000536	0.006676	-0.838398	0.250053	0.484316	-0.281608	-0.959497	0.007899	0.466675	-0.129765	0.874858
40363	4.918549	0.047167	8.996793	-0.000703	0.003941	0.009471	-0.838423	0.249948	0.484327	-0.281512	-0.959526	0.007857	0.466688	-0.129756	0.874852
40364	4.902716	0.052629	8.966730	-0.003505	0.004670	0.007375	-0.838317	0.250093	0.484437	-0.281731	-0.959462	0.007792	0.466747	-0.129948	0.874792
40365	4.853017	0.009234	8.944166	-0.001685	0.007522	0.008658	-0.838356	0.250000	0.484416	-0.281646	-0.959487	0.007746	0.466728	-0.129940	0.874803
40366	4.838454	0.026032	8.994431	0.001697	0.006968	0.007147	-0.838222	0.250450	0.484416	-0.282172	-0.959333	0.007726	0.466651	-0.130212	0.874804
40367	4.885449	0.057560	8.937455	0.002566	0.007320	0.005766	-0.838252	0.250385	0.484397	-0.282091	-0.959356	0.007731	0.466646	-0.130164	0.874814
40368	4.863659	0.049115	8.946885	0.003812	0.009815	0.002599	-0.838187	0.250694	0.484351	-0.282410	-0.959262	0.007782	0.466570	-0.130263	0.874839
40369	4.815028	0.017862	9.004730	0.004771	0.012131	-0.002794	-0.838215	0.250718	0.484289	-0.282391	-0.959267	0.007848	0.466530	-0.130181	0.874873
40370	4.856333	0.035672	8.987112	0.010405	0.004595	-0.000455	-0.838464	0.250317	0.484066	-0.281851	-0.959425	0.007931	0.466411	-0.129785	0.874995
40371	4.881368	0.117104	8.990498	0.007226	0.003181	-0.000763	-0.838456	0.250310	0.484083	-0.281804	-0.959439	0.008008	0.466452	-0.129702	0.874986
40372	4.913154	0.047937	8.999736	0.004129	0.003915	0.002972	-0.838390	0.250414	0.484144	-0.281916	-0.959405	0.008042	0.466504	-0.129746	0.874951
40373	4.889013	0.085815	8.980260	0.000746	0.004470	0.004482	-0.838403	0.250358	0.484150	-0.281855	-0.959423	0.008037	0.466517	-0.129722	0.874948
40374	4.879418	0.058063	8.999354	-0.001482	0.005556	0.006837	-0.838635	0.249887	0.483991	-0.281312	-0.959583	0.007993	0.466427	-0.129449	0.875036
40375	4.895797	-0.006009	8.978300	-0.002811	0.000914	0.005960	-0.838636	0.249812	0.484028	-0.281256	-0.959600	0.007950	0.466459	-0.129468	0.875016
40376	4.854239	0.035860	8.988243	-0.000031	0.006081	0.001850	-0.838386	0.250709	0.483997	-0.282277	-0.959300	0.007951	0.466292	-0.129955	0.875034
40377	4.859682	0.050287	8.949039	0.003281	-0.002332	0.010558	-0.838385	0.250587	0.484062	-0.282155	-0.959336	0.007939	0.466368	-0.129924	0.874997
40378	4.854261	0.035454	8.988232	0.000194	-0.001783	0.006237	-0.838249	0.250937	0.484118	-0.282563	-0.959216	0.007941	0.466366	-0.130137	0.874967
40379	4.896436	0.052374	8.970163	0.003087	-0.000548	0.004321	-0.838238	0.250877	0.484167	-0.282495	-0.959236	0.007957	0.466427	-0.130104	0.874939
40380	4.921024	0.073655	8.981601	0.000859	0.000539	0.006675	-0.838214	0.250993	0.484148	-0.282637	-0.959194	0.007932	0.466383	-0.130189	0.874950
40381	4.908130	0.033050	8.980105	-0.001277	0.003588	0.005017	-0.838225	0.250932	0.484162	-0.282584	-0.959210	0.007907	0.466397	-0.130188	0.874943
40382	4.928918	0.041170	8.971236	-0.000501	0.001978	0.007649	-0.838031	0.251544	0.484179	-0.283302	-0.958998	0.007878	0.466308	-0.130567	0.874934
40383	4.887101	0.082591	8.981331	-0.006918	0.011314	0.010731	-0.838094	0.251439	0.484125	-0.283227	-0.959021	0.007776	0.466241	-0.130600	0.874964
40384	4.819949	0.043036	8.988163	-0.006001	-0.000310	0.013705	-0.837989	0.251816	0.484111	-0.283718	-0.958877	0.007660	0.466131	-0.130932	0.874973
40385	4.856051	0.044505	9.009647	-0.004485	0.008257	0.006558	-0.838025	0.251748	0.484083	-0.283667	-0.958893	0.007599	0.466097	-0.130950	0.874989
40386	4.848370	0.018098	8.969062	-0.003505	0.004677	0.007371	-0.838473	0.250975	0.483709	-0.282772	-0.959158	0.007499	0.465835	-0.130492	0.875197
40387	4.868874	0.026021	8.960357	-0.001971	0.007350	0.006428	-0.838505	0.250906	0.483689	-0.282711	-0.959176	0.007461	0.465815	-0.130488	0.875208
40388	4.866131	0.023799	9.020456	-0.001971	0.007350	0.006428	-0.838245	0.251814	0.483668	-0.283763	-0.958866	0.007427	0.465643	-0.131021	0.875220
40389	4.900429	0.014752	8.961939	-0.000232	0.008053	0.003668	-0.838273	0.251773	0.483642	-0.283718	-0.958879	0.007418	0.465621	-0.131000	0.875235
40390	4.866759	0.024831	8.961509	-0.002461	0.009142	0.006021	-0.838515	0.251177	0.483532	-0.283042	-0.959079	0.007370	0.465597	-0.130680	0.875295
40391	4.857764	0.056276	8.972493	0.000257	0.006263	0.004074	-0.838535	0.251130	0.483521	-0.282991	-0.959094	0.007363	0.465592	-0.130658	0.875302
40392	4.865414	0.024217	8.962241	0.000339	0.008414	0.008117	-0.838178	0.252292	0.483536	-0.284338	-0.958696	0.007333	0.465414	-0.131342	0.875294
40393	4.856301	0.055754	8.973288	-0.001007	0.009665	0.001036	-0.838205	0.252280	0.483495	-0.284319	-0.958702	0.007329	0.465377	-0.131324	0.875316
40394	4.846530	0.028257	8.992429	0.002106	0.003033	0.003508	-0.838126	0.252515	0.483509	-0.284584	-0.958623	0.007341	0.465356	-0.131446	0.875309
40395	4.829671	-0.024722	8.970662	0.003532	0.009639	0.000373	-0.838151	0.252510	0.483468	-0.284550	-0.958633	0.007380	0.465332	-0.131385	0.875331
40396	4.874797	0.005657	8.973427	0.008873	0.001917	0.000492	-0.838030	0.252937	0.483454	-0.284995	-0.958500	0.007457	0.465277	-0.131533	0.875338
40397	4.899122	0.027839	8.985040	0.009253	0.004059	-0.001295	-0.838025	0.252940	0.483462	-0.284948	-0.958513	0.007555	0.465316	-0.131430	0.875333
40398	4.878509	0.079149	8.986032	0.004796	0.006238	0.003410	-0.838216	0.252588	0.483314	-0.284515	-0.958642	0.007565	0.465236	-0.131169	0.875414
40399	4.910171	0.010010	8.995326	0.007433	0.001206	-0.002577	-0.838194	0.252599	0.483347	-0.284487	-0.958649	0.007652	0.465293	-0.131092	0.875395
40400	4.877970	0.080377	8.986314	0.007514	0.003358	0.001465	-0.838195	0.252850	0.483214	-0.284721	-0.958580	0.007709	0.465148	-0.131119	0.875468
40401	4.885741	0.049190	8.976010	0.005761	0.008551	-0.001982	-0.838209	0.252866	0.483182	-0.284696	-0.958586	0.007780	0.465139	-0.131039	0.875485
40402	4.894272	0.077128	8.957534	0.005665	0.006590	0.002030	-0.838151	0.252993	0.483216	-0.284822	-0.958548	0.007827	0.465166	-0.131071	0.875466
40403	4.839051	0.020157	8.974089	0.003464	0.001594	0.002535	-0.838145	0.252957	0.483245	-0.284771	-0.958563	0.007855	0.465208	-0.131031	0.875450
40404	4.863378	0.041790	8.985697	0.005000	0.004268	0.001592	-0.838107	0.253018	0.483280	-0.284820	-0.958549	0.007905	0.465247	-0.131022	0.875430
40405	4.857380	0.027688	9.025160	0.006359	0.002828	0.000620	-0.838101	0.253001	0.483298	-0.284771	-0.958562	0.007968	0.465288	-0.130951	0.875419
40406	4.862742	0.042703	8.986037	0.005000	0.004268	0.001592	-0.837965	0.253408	0.483321	-0.285213	-0.958431	0.008019	0.465261	-0.131130	0.875407
40407	4.929215	0.081385	8.979664	0.006263	0.000867	0.004632	-0.837961	0.253352	0.483357	-0.285132	-0.958454	0.008061	0.465318	-0.131065	0.875386
40408	4.871260	0.071015	8.967561	0.008071	0.009615	-0.000294	-0.838230	0.252944	0.483104	-0.284589	-0.958615	0.008124	0.465166	-0.130676	0.875525
40409	4.918855	0.054680	8.999134	-0.001768	0.005385	0.004605	-0.838247	0.252894	0.483101	-0.284546	-0.958628	0.008097	0.465161	-0.130677	0.875527
40410	4.845368	0.049540	8.956801	0.001207	0.008771	0.006731	-0.838422	0.252646	0.482927	-0.284251	-0.958716	0.008062	0.465027	-0.130513	0.875624
40411	4.881299	0.051711	8.978412	0.000364	0.002335	0.006266	-0.838430	0.252576	0.482950	-0.284184	-0.958736	0.008046	0.465054	-0.130501	0.875611
40412	4.835344	0.021669	8.976084	0.000746	0.004477	0.004478	-0.838557	0.252393	0.482824	-0.283956	-0.958804	0.008039	0.464963	-0.130359	0.875680
40413	4.883263	0.005081	9.007485	0.002105	0.003036	0.003506	-0.838561	0.252350	0.482841	-0.283904	-0.958819	0.008051	0.464989	-0.130329	0.875671
40414	4.850154	0.015754	9.006700	0.004050	0.001764	-0.001070	-0.838411	0.252894	0.482817	-0.284496	-0.958643	0.008099	0.464897	-0.130570	0.875684
40415	4.883866	0.064716	8.999380	0.001439	0.000713	0.003069	-0.838402	0.252853	0.482854	-0.284452	-0.958656	0.008107	0.464941	-0.130552	0.875663
40416	4.908482	-0.030231	8.967833	0.008482	0.005670	-0.003927	-0.838502	0.252797	0.482709	-0.284319	-0.958695	0.008190	0.464841	-0.130376	0.875742
40417	4.872350	0.143906	8.981538	0.003464	0.001596	0.002534	-0.838496	0.252763	0.482738	-0.284269	-0.958709	0.008218	0.464883	-0.130337	0.875726
40418	4.899768	0.002374	8.978625	0.005108	0.000336	0.003787	-0.838676	0.252495	0.482565	-0.283934	-0.958809	0.008218	0.464763	-0.130124	0.875821
40419	4.876047	0.040440	8.958898	0.002309	0.001064	0.001689	-0.838665	0.252468	0.482599	-0.283897	-0.958819	0.008241	0.464805	-0.130097	0.875803
40420	4.851320	0.019319	8.947502	0.004334	0.001946	0.001154	-0.838865	0.252061	0.482463	-0.283396	-0.958967	0.008265	0.464750	-0.129795	0.875877
40421	4.888479	0.081315	8.960660	0.005489	0.002478	0.001999	-0.838861	0.252034	0.482484	-0.283342	-0.958983	0.008314	0.464789	-0.129734	0.875865
40422	4.871997	0.028561	8.938736	0.004050	0.001764	-0.001070	-0.838906	0.252027	0.482409	-0.283309	-0.958993	0.008338	0.464728	-0.129676	0.875906
40423	4.865979	0.014526	8.978202	0.007025	0.005152	0.001055	-0.838913	0.252011	0.482406	-0.283256	-0.959008	0.008404	0.464749	-0.129594	0.875907
40424	4.897071	0.061938	9.030847	0.002282	0.007152	0.003533	-0.838897	0.252132	0.482371	-0.283384	-0.958970	0.008411	0.464700	-0.129640	0.875927
40425	4.898801	0.063989	8.971354	0.006946	0.002997	-0.002985	-0.838881	0.252153	0.482386	-0.283365	-0.958974	0.008497	0.464739	-0.129564	0.875917
40426	4.915864	0.060014	8.942202	0.003436	0.007685	0.004377	-0.838872	0.252308	0.482321	-0.283525	-0.958927	0.008508	0.464658	-0.129613	0.875953
40427	4.863728	0.015571	8.979420	-0.001875	0.009321	0.002405	-0.838902	0.252286	0.482282	-0.283502	-0.958934	0.008490	0.464618	-0.129606	0.875975
40428	4.895769	0.005338	8.980805	0.008073	0.009618	-0.000297	-0.838814	0.252636	0.482251	-0.283856	-0.958829	0.008567	0.464560	-0.129704	0.875991
40429	4.838233	0.054343	8.960629	0.005942	0.012669	-0.001960	-0.838847	0.252660	0.482182	-0.283834	-0.958834	0.008639	0.464515	-0.129613	0.876028
40430	4.870123	0.044502	8.962100	0.003838	0.009631	-0.005465	-0.839006	0.252414	0.482033	-0.283503	-0.958932	0.008686	0.464429	-0.129370	0.876110
40431	4.863444	0.030649	9.001910	0.007585	0.011412	-0.000707	-0.839037	0.252425	0.481975	-0.283463	-0.958943	0.008766	0.464399	-0.129267	0.876141
40432	4.871675	0.058806	8.983594	0.007301	0.011230	-0.002932	-0.839037	0.252428	0.481972	-0.283413	-0.958957	0.008867	0.464428	-0.129157	0.876142
40433	4.907918	0.121193	8.997236	0.007096	0.013205	-0.001117	-0.839074	0.252445	0.481898	-0.283379	-0.958966	0.008945	0.464382	-0.129055	0.876182
40434	4.904679	0.119701	9.057515	-0.002748	0.008974	0.003780	-0.839007	0.252835	0.481811	-0.283823	-0.958835	0.008919	0.464232	-0.129266	0.876230
40435	4.900473	0.106204	9.037465	-0.003719	0.006665	0.009173	-0.839043	0.252746	0.481795	-0.283754	-0.958856	0.008853	0.464210	-0.129283	0.876239
40436	4.902389	0.106787	8.977920	-0.007664	0.000966	0.012441	-0.839043	0.252733	0.481802	-0.283806	-0.958842	0.008728	0.464178	-0.129415	0.876237
40437	4.908384	0.071749	9.027173	-0.013075	0.000644	0.014479	-0.839066	0.252585	0.481840	-0.283736	-0.958864	0.008554	0.464179	-0.129538	0.876218
40438	4.856792	0.073417	8.975386	-0.012686	-0.003106	0.018900	-0.838897	0.252920	0.481957	-0.284241	-0.958716	0.008362	0.464175	-0.129978	0.876155
40439	4.854030	0.010229	9.043194	-0.017121	-0.007009	0.021755	-0.838905	0.252693	0.482063	-0.284129	-0.958752	0.008117	0.464230	-0.130159	0.876099
40440	4.902365	0.039556	8.985781	-0.010072	-0.002053	0.014761	-0.838839	0.252942	0.482046	-0.284497	-0.958644	0.007955	0.464123	-0.130468	0.876110
40441	4.888650	0.054889	9.035454	-0.012786	-0.005059	0.022908	-0.838860	0.252707	0.482134	-0.284355	-0.958688	0.007742	0.464173	-0.130603	0.876063
40442	4.882368	0.026898	8.994157	-0.013916	-0.011678	0.020219	-0.838869	0.252476	0.482240	-0.284221	-0.958729	0.007532	0.464239	-0.130745	0.876007
40443	4.883052	0.024454	8.993793	-0.018095	-0.003414	0.020932	-0.838891	0.252262	0.482313	-0.284121	-0.958761	0.007282	0.464260	-0.130926	0.875969
40444	4.842436	-0.052240	8.960035	-0.011326	-0.004537	0.017923	-0.839061	0.251859	0.482228	-0.283750	-0.958872	0.007087	0.464180	-0.130886	0.876017
40445	4.850979	0.030995	8.992440	-0.007942	-0.005098	0.016418	-0.839062	0.251687	0.482316	-0.283641	-0.958905	0.006948	0.464244	-0.130975	0.875970
40446	4.819597	-0.017238	8.939866	-0.004944	-0.001910	0.010495	-0.838984	0.251860	0.482361	-0.283898	-0.958830	0.006853	0.464228	-0.131192	0.875946
40447	4.840680	-0.009480	8.930915	-0.000507	0.001991	0.007641	-0.838993	0.251781	0.482386	-0.283828	-0.958851	0.006821	0.464254	-0.131192	0.875932
40448	4.880410	0.005385	8.972867	0.001519	0.002870	0.007107	-0.838987	0.251713	0.482432	-0.283766	-0.958869	0.006807	0.464303	-0.131187	0.875907
40449	4.855390	-0.015794	8.961578	0.004234	0.005875	-0.001038	-0.838990	0.251722	0.482423	-0.283747	-0.958875	0.006859	0.464309	-0.131132	0.875912
40450	4.830261	-0.036466	8.950348	0.007618	0.005311	-0.002542	-0.838945	0.251732	0.482496	-0.283723	-0.958881	0.006950	0.464406	-0.131065	0.875870
40451	4.887149	-0.024513	8.963117	0.014568	0.008299	-0.005521	-0.838946	0.251787	0.482465	-0.283694	-0.958889	0.007114	0.464422	-0.130904	0.875886
40452	4.908489	0.044746	8.946342	0.013798	0.009910	-0.008154	-0.839052	0.251791	0.482279	-0.283590	-0.958918	0.007258	0.464294	-0.130680	0.875987
40453	4.823171	0.012550	8.982648	0.012440	0.011355	-0.007185	-0.839063	0.251867	0.482221	-0.283585	-0.958918	0.007412	0.464278	-0.130532	0.876018
40454	4.813004	-0.012981	9.001948	0.018258	0.007723	-0.012853	-0.839249	0.251371	0.482156	-0.282891	-0.959122	0.007632	0.464365	-0.129993	0.876052
40455	4.882595	0.040482	9.016388	0.020002	0.008423	-0.015611	-0.839222	0.251523	0.482123	-0.282921	-0.959111	0.007892	0.464394	-0.129779	0.876068
40456	4.899239	0.038809	8.987489	0.023567	0.011980	-0.017090	-0.839061	0.252057	0.482125	-0.283377	-0.958974	0.008184	0.464408	-0.129756	0.876064
40457	4.895648	0.087749	8.959313	0.019876	0.012563	-0.009762	-0.839070	0.252159	0.482056	-0.283359	-0.958977	0.008415	0.464402	-0.129534	0.876100
40458	4.946317	0.086181	9.011611	0.014104	0.009902	-0.013988	-0.838963	0.252645	0.481987	-0.283808	-0.958843	0.008595	0.464321	-0.129581	0.876136
40459	4.869458	0.022295	9.037282	0.012259	0.007248	-0.007218	-0.838955	0.252716	0.481965	-0.283804	-0.958842	0.008747	0.464339	-0.129445	0.876147
40460	4.885088	0.076946	9.059649	0.013413	0.007782	-0.006374	-0.838990	0.252825	0.481846	-0.283831	-0.958833	0.008894	0.464259	-0.129301	0.876211
40461	4.925606	0.083800	8.961824	0.009464	0.002085	-0.003106	-0.838969	0.252850	0.481869	-0.283806	-0.958839	0.009002	0.464311	-0.129205	0.876197
40462	4.907773	0.088833	8.991330	0.002975	0.003391	0.002124	-0.838894	0.253268	0.481780	-0.284268	-0.958703	0.009004	0.464164	-0.129401	0.876246
40463	4.861996	0.059179	8.988834	0.001642	-0.001259	0.001255	-0.838870	0.253247	0.481833	-0.284243	-0.958710	0.009023	0.464223	-0.129389	0.876217
40464	4.886769	0.080531	9.000226	0.002693	-0.002683	0.006113	-0.839155	0.252611	0.481670	-0.283508	-0.958928	0.008986	0.464157	-0.129017	0.876306
40465	4.907959	0.088974	8.991227	0.001154	0.000533	0.000845	-0.839139	0.252596	0.481707	-0.283489	-0.958933	0.009002	0.464199	-0.129005	0.876286
40466	4.862371	0.058982	8.988632	-0.001846	-0.002655	0.006772	-0.839098	0.252707	0.481720	-0.283646	-0.958887	0.008950	0.464177	-0.129128	0.876280
40467	4.899071	0.060854	9.009879	-0.001077	-0.004262	0.009406	-0.839083	0.252605	0.481799	-0.283566	-0.958911	0.008905	0.464252	-0.129150	0.876236
40468	4.905241	0.074629	8.970377	-0.004744	-0.003885	0.008685	-0.838827	0.253425	0.481814	-0.284552	-0.958620	0.008818	0.464111	-0.129705	0.876229
40469	4.871638	0.025139	8.977600	-0.002436	-0.002818	0.010374	-0.838822	0.253316	0.481881	-0.284471	-0.958645	0.008756	0.464171	-0.129736	0.876193
40470	4.902232	0.060136	8.949681	-0.003794	-0.001374	0.011342	-0.838785	0.253360	0.481922	-0.284570	-0.958616	0.008678	0.464176	-0.129862	0.876171
40471	4.860030	0.042438	8.967587	-0.005333	0.001842	0.006074	-0.838789	0.253298	0.481947	-0.284538	-0.958626	0.008611	0.464188	-0.129909	0.876158
40472	4.896480	0.043992	8.988968	-0.003308	-0.003166	0.011752	-0.838989	0.252808	0.481856	-0.284022	-0.958780	0.008502	0.464143	-0.129724	0.876209
40473	4.904717	0.011501	8.978472	-0.000998	0.003789	0.007229	-0.839006	0.252738	0.481864	-0.283960	-0.958799	0.008468	0.464151	-0.129725	0.876205
40474	4.880699	0.048780	8.958884	-0.003715	0.006677	0.009166	-0.838890	0.253049	0.481902	-0.284357	-0.958682	0.008402	0.464116	-0.129984	0.876185
40475	4.880154	0.048157	8.959185	-0.001485	0.005582	0.006819	-0.838914	0.252985	0.481894	-0.284302	-0.958698	0.008366	0.464108	-0.129985	0.876189
40476	4.837236	0.030955	8.977461	0.000723	0.010580	0.006309	-0.839143	0.252707	0.481641	-0.283976	-0.958796	0.008302	0.463893	-0.129807	0.876329
40477	4.882153	0.060364	8.980450	-0.002253	0.007191	0.004185	-0.839167	0.252671	0.481619	-0.283946	-0.958805	0.008272	0.463869	-0.129812	0.876342
40478	4.835812	0.030375	8.978230	0.001414	0.006812	0.004906	-0.839297	0.252460	0.481502	-0.283707	-0.958876	0.008232	0.463779	-0.129697	0.876406
40479	4.905645	0.081321	8.992563	0.000464	0.004302	0.002248	-0.839302	0.252438	0.481505	-0.283681	-0.958883	0.008234	0.463786	-0.129683	0.876404
40480	4.913464	0.049258	8.982290	-0.001767	0.005399	0.004594	-0.839381	0.252477	0.481347	-0.283734	-0.958868	0.008168	0.463611	-0.129719	0.876492
40481	4.904674	0.080510	8.993100	-0.003716	0.006680	0.009164	-0.839416	0.252392	0.481330	-0.283670	-0.958888	0.008100	0.463586	-0.129739	0.876502
40482	4.866446	0.018148	8.980431	-0.004688	0.010266	0.008343	-0.839492	0.252212	0.481293	-0.283499	-0.958939	0.008021	0.463554	-0.129712	0.876523
40483	4.881044	0.011326	9.011162	-0.003512	0.004704	0.007351	-0.839513	0.252141	0.481293	-0.283448	-0.958954	0.007965	0.463546	-0.129735	0.876524
40484	4.857101	0.048521	8.991544	-0.003230	0.004889	0.009574	-0.839339	0.252564	0.481375	-0.283981	-0.958797	0.007895	0.463535	-0.130074	0.876479
40485	4.874289	0.043486	8.962400	0.000155	0.004324	0.008072	-0.839361	0.252486	0.481378	-0.283908	-0.958819	0.007868	0.463541	-0.130063	0.876478
40486	4.835244	0.039102	9.000879	-0.002153	0.003260	0.006382	-0.839372	0.252513	0.481343	-0.283969	-0.958802	0.007800	0.463482	-0.130140	0.876498
40487	4.901726	0.077024	8.994737	0.005850	0.004825	0.008261	-0.839397	0.252434	0.481342	-0.283868	-0.958832	0.007821	0.463500	-0.130073	0.876498
40488	4.913172	0.057695	9.004834	-0.005053	0.002033	0.008293	-0.839476	0.252188	0.481333	-0.283632	-0.958902	0.007730	0.463501	-0.130032	0.876504
40489	4.900036	0.016794	9.003390	-0.000999	0.003793	0.007227	-0.839493	0.252117	0.481341	-0.283571	-0.958920	0.007696	0.463508	-0.130034	0.876500
40490	4.891681	0.048037	9.013971	-0.002928	-0.001020	0.009958	-0.839332	0.252566	0.481386	-0.284135	-0.958754	0.007612	0.463453	-0.130390	0.876476
40491	4.884547	0.021391	8.973150	-0.006411	0.003480	0.009260	-0.839353	0.252475	0.481396	-0.284082	-0.958770	0.007521	0.463448	-0.130444	0.876471
40492	4.857266	0.045606	8.933010	-0.003026	0.002914	0.007759	-0.839308	0.252667	0.481375	-0.284332	-0.958697	0.007457	0.463376	-0.130612	0.876483
40493	4.859299	-0.001344	8.961967	-0.003793	0.004523	0.005126	-0.839322	0.252618	0.481376	-0.284302	-0.958706	0.007408	0.463369	-0.130638	0.876483
40494	4.835412	0.036178	8.942336	0.001029	0.004673	0.006693	-0.839140	0.253091	0.481444	-0.284852	-0.958543	0.007410	0.463360	-0.130922	0.876446
40495	4.865433	0.024052	9.003338	0.004520	0.006062	0.001182	-0.839150	0.253083	0.481431	-0.284818	-0.958553	0.007454	0.463364	-0.130865	0.876452
40496	4.849856	0.030494	8.973142	0.002900	0.001227	-0.001911	-0.839218	0.252920	0.481399	-0.284617	-0.958612	0.007472	0.463365	-0.130744	0.876470
40497	4.851811	-0.015236	9.002135	0.008294	0.007637	-0.002107	-0.839226	0.252945	0.481372	-0.284592	-0.958619	0.007564	0.463366	-0.130647	0.876484
40498	4.881803	0.021325	8.974643	0.008391	0.003703	0.000092	-0.839201	0.253128	0.481319	-0.284758	-0.958569	0.007629	0.463309	-0.130657	0.876512
40499	4.917553	0.024456	8.996434	0.008963	0.009963	-0.001674	-0.839221	0.253152	0.481272	-0.284726	-0.958578	0.007725	0.463292	-0.130547	0.876537
40500	4.855836	0.001595	8.963844	0.005112	0.006226	-0.002420	-0.839054	0.253733	0.481257	-0.285360	-0.958389	0.007778	0.463205	-0.130805	0.876545
40501	4.850474	0.047107	8.995128	0.009167	0.007986	-0.003486	-0.839059	0.253772	0.481227	-0.285343	-0.958393	0.007884	0.463206	-0.130699	0.876560
40502	4.879048	0.024389	8.976133	0.002987	0.009280	-0.004088	-0.838746	0.254788	0.481236	-0.286479	-0.958054	0.007933	0.463071	-0.131211	0.876555
40503	4.879443	0.084469	8.968180	0.012834	0.007606	-0.002763	-0.838752	0.254820	0.481209	-0.286440	-0.958064	0.008068	0.463085	-0.131070	0.876569
40504	4.877741	0.026324	8.976838	0.006190	0.004595	-0.005611	-0.838912	0.254446	0.481127	-0.285961	-0.958207	0.008138	0.463090	-0.130757	0.876613
40505	4.851385	0.063702	9.016938	0.010245	0.006356	-0.006677	-0.838901	0.254514	0.481112	-0.285966	-0.958204	0.008269	0.463108	-0.130645	0.876620
40506	4.901299	0.049784	8.988931	0.009652	0.006195	-0.003076	-0.839053	0.254281	0.480968	-0.285634	-0.958302	0.008350	0.463036	-0.130375	0.876698
40507	4.888982	0.069787	8.979288	0.010806	0.006729	-0.002232	-0.839056	0.254307	0.480950	-0.285600	-0.958312	0.008465	0.463052	-0.130256	0.876707
40508	4.903643	0.064707	9.009979	0.008779	0.005849	-0.001699	-0.838861	0.254784	0.481038	-0.286099	-0.958162	0.008579	0.463098	-0.130428	0.876658
40509	4.899655	0.052316	8.989813	0.002491	0.005187	0.001711	-0.838868	0.254770	0.481033	-0.286070	-0.958170	0.008602	0.463103	-0.130393	0.876660
40510	4.878001	0.043975	8.999010	0.001133	0.006633	0.002677	-0.838748	0.255276	0.480975	-0.286640	-0.958000	0.008600	0.462969	-0.130653	0.876692
40511	4.877745	0.043921	8.999149	0.002200	-0.000887	0.005703	-0.838738	0.255217	0.481023	-0.286580	-0.958018	0.008601	0.463024	-0.130637	0.876666
40512	4.883529	0.058368	8.959913	0.003257	0.003580	0.004346	-0.838784	0.255178	0.480963	-0.286526	-0.958034	0.008600	0.462973	-0.130594	0.876699
40513	4.870534	0.018164	8.958410	0.001919	-0.001074	0.003480	-0.838767	0.255140	0.481013	-0.286486	-0.958046	0.008610	0.463029	-0.130582	0.876671
40514	4.883253	0.058627	8.960061	0.006158	0.004808	0.002435	-0.838738	0.255237	0.481012	-0.286573	-0.958019	0.008652	0.463027	-0.130588	0.876671
40515	4.909947	0.033786	9.000557	0.001715	0.000907	0.005291	-0.838735	0.255184	0.481045	-0.286519	-0.958035	0.008651	0.463066	-0.130572	0.876653
40516	4.898043	0.052695	8.990689	0.002103	0.003047	0.003501	-0.838446	0.256059	0.481084	-0.287525	-0.957734	0.008651	0.462966	-0.131070	0.876632
40517	4.863889	0.003916	8.998111	-0.000313	0.000026	0.005824	-0.838441	0.256000	0.481125	-0.287476	-0.957749	0.008630	0.463006	-0.131076	0.876610
40518	4.878959	0.045351	8.940070	-0.001768	0.005407	0.004587	-0.838615	0.255484	0.481096	-0.286902	-0.957922	0.008591	0.463047	-0.130823	0.876626
40519	4.876384	0.043517	8.999888	-0.000109	-0.001954	0.004013	-0.838595	0.255440	0.481154	-0.286867	-0.957932	0.008580	0.463104	-0.130832	0.876594
40520	4.890507	0.025977	8.950134	0.000949	0.002514	0.002656	-0.838665	0.255127	0.481198	-0.286515	-0.958037	0.008585	0.463196	-0.130670	0.876570
40521	4.860770	0.049641	8.969708	0.004240	0.005881	-0.001045	-0.838667	0.255142	0.481186	-0.286502	-0.958041	0.008636	0.463200	-0.130618	0.876576
40522	4.871932	0.031107	8.979977	0.005674	0.006602	0.002022	-0.838448	0.255976	0.481124	-0.287428	-0.957763	0.008670	0.463022	-0.131019	0.876609
40523	4.874779	0.044420	9.000753	0.003755	0.007675	-0.001458	-0.838457	0.255998	0.481097	-0.287422	-0.957764	0.008719	0.463010	-0.130967	0.876624
40524	4.895195	0.053244	8.992237	0.004909	0.008209	-0.000613	-0.838448	0.256258	0.480974	-0.287679	-0.957687	0.008755	0.462866	-0.131025	0.876691
40525	4.863969	0.017818	9.020380	0.002007	0.006982	0.001297	-0.838462	0.256253	0.480953	-0.287658	-0.957693	0.008776	0.462854	-0.130992	0.876702
40526	4.865707	0.019670	8.961029	0.006063	0.008743	0.000232	-0.838561	0.256255	0.480780	-0.287614	-0.957706	0.008809	0.462703	-0.130893	0.876797
40527	4.860256	0.065021	8.992287	0.006268	0.006763	-0.001579	-0.838565	0.256277	0.480760	-0.287598	-0.957710	0.008881	0.462705	-0.130819	0.876807
40528	4.860845	0.007974	8.941348	0.005783	0.008557	-0.001992	-0.838582	0.256501	0.480612	-0.287804	-0.957648	0.008926	0.462546	-0.130837	0.876888
40529	4.895278	0.068369	9.014499	0.002492	0.005189	0.001709	-0.838588	0.256490	0.480606	-0.287779	-0.957655	0.008949	0.462551	-0.130804	0.876891
40530	4.900817	0.083018	8.975411	0.003851	0.003742	0.000744	-0.838685	0.256302	0.480538	-0.287538	-0.957727	0.008976	0.462525	-0.130646	0.876928
40531	4.890973	0.055721	8.994519	-0.000895	0.005756	0.003207	-0.838698	0.256278	0.480528	-0.287516	-0.957734	0.008962	0.462514	-0.130643	0.876934
40532	4.881189	0.028134	9.013593	0.000354	0.002356	0.006255	-0.838738	0.256348	0.480421	-0.287610	-0.957706	0.008902	0.462385	-0.130708	0.876993
40533	4.875220	0.061276	8.964417	0.000074	0.002169	0.004033	-0.838737	0.256311	0.480442	-0.287576	-0.957717	0.008892	0.462407	-0.130705	0.876981
40534	4.865699	0.033694	8.983346	-0.000316	0.000028	0.005823	-0.838569	0.256864	0.480440	-0.288232	-0.957520	0.008846	0.462303	-0.131060	0.876983
40535	4.865417	0.033451	8.983500	0.000259	0.006291	0.004052	-0.838588	0.256832	0.480425	-0.288198	-0.957530	0.008838	0.462291	-0.131046	0.876992
40536	4.877887	0.073466	8.985291	-0.001564	0.003429	0.002774	-0.838642	0.256860	0.480314	-0.288232	-0.957520	0.008796	0.462170	-0.131065	0.877052
40537	4.871500	0.059040	9.024829	0.004800	0.006258	0.003399	-0.838659	0.256835	0.480299	-0.288183	-0.957535	0.008831	0.462171	-0.131008	0.877060
40538	4.892278	0.067380	9.016135	-0.000800	0.001823	0.005410	-0.838755	0.256668	0.480219	-0.288001	-0.957590	0.008789	0.462109	-0.130932	0.877104
40539	4.909758	0.062539	8.986921	0.000353	0.002357	0.006255	-0.838762	0.256611	0.480239	-0.287948	-0.957606	0.008771	0.462130	-0.130927	0.877094
40540	4.884907	0.040795	8.975510	-0.003034	0.002924	0.007752	-0.838832	0.256322	0.480271	-0.287658	-0.957694	0.008707	0.462184	-0.130850	0.877077
40541	4.869532	0.046278	8.945204	-0.001675	0.001477	0.006787	-0.838836	0.256259	0.480298	-0.287610	-0.957708	0.008669	0.462207	-0.130867	0.877063
40542	4.863416	0.031408	8.984591	-0.000521	0.002011	0.007632	-0.838887	0.256071	0.480309	-0.287417	-0.957767	0.008632	0.462234	-0.130808	0.877057
40543	4.918453	0.087782	8.968472	-0.005341	0.001857	0.006061	-0.838890	0.256015	0.480332	-0.287393	-0.957775	0.008565	0.462243	-0.130859	0.877045
40544	4.891246	0.064143	9.016719	-0.004299	0.000439	0.010919	-0.838917	0.256017	0.480286	-0.287440	-0.957761	0.008464	0.462166	-0.130953	0.877071
40545	4.878242	0.022874	9.015203	-0.006811	0.001354	0.011038	-0.838932	0.255913	0.480314	-0.287381	-0.957780	0.008360	0.462175	-0.131019	0.877057
40546	4.875808	0.068044	8.986461	-0.007574	0.002961	0.008402	-0.839200	0.255163	0.480245	-0.286583	-0.958020	0.008226	0.462183	-0.130726	0.877096
40547	4.898964	0.028875	9.006557	-0.009323	0.002270	0.011156	-0.839220	0.255058	0.480265	-0.286534	-0.958036	0.008100	0.462177	-0.130814	0.877086
40548	4.892792	0.060927	8.957536	-0.009899	0.008000	0.008540	-0.839258	0.255214	0.480115	-0.286771	-0.957966	0.007940	0.461961	-0.131020	0.877169
40549	4.817096	0.053495	8.974506	-0.008653	0.004599	0.011588	-0.839291	0.255109	0.480115	-0.286715	-0.957984	0.007817	0.461937	-0.131096	0.877171
40550	4.857712	0.009753	8.965382	-0.007778	0.004946	0.010210	-0.839457	0.254684	0.480050	-0.286287	-0.958113	0.007687	0.461900	-0.130980	0.877207
40551	4.872525	0.002750	8.995990	-0.003033	0.002927	0.007750	-0.839470	0.254613	0.480064	-0.286238	-0.958128	0.007632	0.461906	-0.131006	0.877200
40552	4.878130	0.016412	8.956908	-0.006028	0.005638	0.007456	-0.839566	0.254482	0.479966	-0.286127	-0.958162	0.007526	0.461801	-0.131013	0.877255
40553	4.874915	0.014257	9.017021	-0.000425	0.010069	0.005449	-0.839606	0.254443	0.479917	-0.286085	-0.958175	0.007505	0.461754	-0.130996	0.877282
40554	4.902543	0.095664	8.960917	-0.005358	0.007967	0.007888	-0.839585	0.254614	0.479864	-0.286323	-0.958104	0.007407	0.461645	-0.131178	0.877312
40555	4.839321	-0.035724	9.025092	-0.003721	0.006706	0.009146	-0.839620	0.254535	0.479845	-0.286266	-0.958122	0.007339	0.461618	-0.131201	0.877323
40556	4.878840	0.026844	8.978862	0.001416	0.006826	0.004897	-0.839487	0.254882	0.479891	-0.286669	-0.958002	0.007341	0.461608	-0.131407	0.877297
40557	4.849964	-0.007487	8.947255	-0.000424	0.010071	0.005448	-0.839527	0.254843	0.479842	-0.286627	-0.958014	0.007320	0.461561	-0.131391	0.877324
40558	4.862243	0.032607	8.949228	0.002774	0.005377	0.003933	-0.839497	0.255191	0.479711	-0.287006	-0.957901	0.007311	0.461382	-0.131542	0.877396
40559	4.856760	0.077228	8.980549	-0.000907	0.011867	0.005034	-0.839543	0.255159	0.479646	-0.286971	-0.957912	0.007288	0.461318	-0.131526	0.877432
40560	4.936748	0.049832	9.013660	0.004803	0.006256	0.003402	-0.839666	0.254981	0.479527	-0.286743	-0.957980	0.007296	0.461238	-0.131375	0.877497
40561	4.933763	0.096067	8.985283	-0.000629	0.012056	0.007256	-0.839720	0.254928	0.479461	-0.286688	-0.957996	0.007264	0.461173	-0.131356	0.877533
40562	4.849262	0.004415	8.969960	-0.005169	0.012095	0.007903	-0.839600	0.255548	0.479340	-0.287422	-0.957777	0.007172	0.460934	-0.131751	0.877600
40563	4.889207	-0.038798	8.961213	-0.001504	0.011712	0.008631	-0.839656	0.255482	0.479277	-0.287360	-0.957796	0.007127	0.460870	-0.131741	0.877635
40564	4.850453	0.016023	8.991636	-0.002469	0.015304	0.007804	-0.839662	0.255704	0.479148	-0.287630	-0.957716	0.007053	0.460691	-0.131895	0.877706
40565	4.858767	0.042813	8.973452	-0.001782	0.011526	0.006408	-0.839711	0.255659	0.479086	-0.287588	-0.957729	0.007016	0.460628	-0.131888	0.877740
40566	4.818808	0.038613	9.012172	0.000525	0.012593	0.008100	-0.839710	0.255727	0.479052	-0.287672	-0.957704	0.006993	0.460578	-0.131938	0.877759
40567	4.852152	0.086934	9.005384	0.003329	0.005755	0.008377	-0.839738	0.255656	0.479041	-0.287590	-0.957728	0.006991	0.460578	-0.131897	0.877765
40568	4.863527	0.067432	9.015526	-0.004308	0.000448	0.010910	-0.839856	0.255123	0.479118	-0.287040	-0.957894	0.006904	0.460705	-0.131728	0.877723
40569	4.894246	0.102284	8.987854	-0.001796	-0.000469	0.010793	-0.839862	0.255021	0.479161	-0.286962	-0.957918	0.006846	0.460743	-0.131752	0.877700
40570	4.889307	0.028939	8.975850	-0.012441	0.003048	0.014856	-0.839816	0.255024	0.479241	-0.287064	-0.957888	0.006685	0.460764	-0.131959	0.877658
40571	4.891246	-0.019139	9.004755	-0.009170	0.000523	0.017374	-0.839846	0.254860	0.479276	-0.286964	-0.957919	0.006530	0.460772	-0.132051	0.877640
40572	4.888997	0.025643	8.976029	-0.007899	0.003009	0.014209	-0.839737	0.255398	0.479179	-0.287650	-0.957715	0.006362	0.460542	-0.132493	0.877694
40573	4.841482	-0.064405	8.981765	-0.007023	0.003355	0.012833	-0.839767	0.255282	0.479190	-0.287579	-0.957737	0.006248	0.460532	-0.132558	0.877689
40574	4.842561	-0.006166	8.973578	-0.001605	0.003657	0.010811	-0.839728	0.255446	0.479170	-0.287801	-0.957670	0.006175	0.460464	-0.132721	0.877700
40575	4.858636	0.046252	8.995896	-0.000933	0.005986	0.011244	-0.839765	0.255349	0.479157	-0.287715	-0.957696	0.006121	0.460450	-0.132720	0.877708
40576	4.866171	0.013733	8.985764	-0.001413	0.007783	0.010830	-0.839951	0.255008	0.479013	-0.287354	-0.957806	0.006023	0.460337	-0.132587	0.877787
40577	4.886791	0.021562	8.977241	0.001301	0.004879	0.008905	-0.839977	0.254931	0.479009	-0.287277	-0.957829	0.006000	0.460338	-0.132568	0.877790
40578	4.840443	-0.008513	8.974719	-0.004874	0.006187	0.008291	-0.840176	0.254560	0.478857	-0.286885	-0.957947	0.005890	0.460219	-0.132428	0.877873
40579	4.818764	-0.017359	8.983811	0.001024	0.004691	0.006684	-0.840194	0.254504	0.478855	-0.286829	-0.957964	0.005876	0.460221	-0.132412	0.877875
40580	4.839462	-0.009030	8.975247	0.004808	0.006255	0.003404	-0.840149	0.254764	0.478796	-0.287112	-0.957879	0.005882	0.460127	-0.132526	0.877906
40581	4.856630	-0.013066	8.946265	0.009072	0.006022	0.000538	-0.840155	0.254769	0.478782	-0.287070	-0.957891	0.005968	0.460141	-0.132430	0.877914
40582	4.805469	0.003047	8.974722	0.009468	0.008163	-0.001251	-0.840022	0.255267	0.478749	-0.287588	-0.957735	0.006053	0.460060	-0.132598	0.877931
40583	4.871811	0.041941	8.969073	0.012856	0.007587	-0.002742	-0.840027	0.255306	0.478721	-0.287557	-0.957744	0.006187	0.460072	-0.132462	0.877945
