// General information: 
//  MT Manager version: 2022.2.0 
//  XDA version: 2022.2.0 build 7381 rev 124627 built on 2023-07-19
// Device information: 
//  DeviceId: 00B4CBA7
//  ProductCode: MTW2-3A7G6
//  Firmware Version: 4.6.0
//  Hardware Version: 2.0.0
// Device settings: 
//  Filter Profile: human(46.1)
//  Option Flags: Orientation Smoother Disabled, Position/Velocity Smoother Disabled, Continuous Zero Rotation Update Disabled, AHS Disabled, ICC Disabled
// Coordinate system: ENU
PacketCounter	Acc_X	Acc_Y	Acc_Z	Gyr_X	Gyr_Y	Gyr_Z	Mat[1][1]	Mat[2][1]	Mat[3][1]	Mat[1][2]	Mat[2][2]	Mat[3][2]	Mat[1][3]	Mat[2][3]	Mat[3][3]
31034	9.586050	0.807061	-1.323422	-0.084173	0.006598	0.011976	-0.111401	-0.138922	0.984018	-0.343020	0.934700	0.093126	-0.932699	-0.327164	-0.151780
31035	9.595654	0.685585	-1.346442	-0.061552	-0.005380	0.000470	-0.111444	-0.138973	0.984005	-0.342418	0.934908	0.093259	-0.932915	-0.326548	-0.151776
31036	9.579849	0.717222	-1.411080	-0.028903	-0.003653	-0.003196	-0.111474	-0.139029	0.983994	-0.342140	0.935001	0.093347	-0.933013	-0.326258	-0.151796
31037	9.601329	0.754016	-1.436599	0.005072	-0.008483	-0.011424	-0.111505	-0.139202	0.983966	-0.342172	0.934974	0.093496	-0.932998	-0.326261	-0.151885
31038	9.633554	0.808747	-1.475001	0.013094	-0.007998	-0.008848	-0.111557	-0.139325	0.983943	-0.342291	0.934923	0.093575	-0.932948	-0.326356	-0.151987
31039	9.649221	0.803723	-1.565711	0.015309	-0.008983	-0.010435	-0.111596	-0.139490	0.983915	-0.342417	0.934864	0.093699	-0.932897	-0.326453	-0.152091
31040	9.670524	0.832387	-1.650732	0.019197	-0.003108	-0.011705	-0.111592	-0.139623	0.983897	-0.342596	0.934789	0.093797	-0.932832	-0.326612	-0.152149
31041	9.638346	0.820166	-1.649339	0.033411	-0.000502	-0.006292	-0.111566	-0.139722	0.983886	-0.342887	0.934677	0.093852	-0.932728	-0.326891	-0.152187
31042	9.621929	0.768543	-1.642295	0.042034	0.006244	-0.005759	-0.111498	-0.139767	0.983887	-0.343268	0.934536	0.093856	-0.932596	-0.327272	-0.152176
31043	9.691696	0.818942	-1.699214	0.060500	0.011852	-0.002911	-0.111368	-0.139794	0.983898	-0.343808	0.934340	0.093837	-0.932413	-0.327821	-0.152117
31044	9.649530	0.844764	-1.601742	0.076898	0.009961	0.000950	-0.111288	-0.139768	0.983911	-0.344517	0.934090	0.093723	-0.932161	-0.328543	-0.152105
31045	9.628986	0.906399	-1.529284	0.068511	0.015882	-0.000374	-0.111129	-0.139757	0.983930	-0.345128	0.933870	0.093667	-0.931953	-0.329172	-0.152014
31046	9.623347	0.838912	-1.438665	0.061349	0.013917	0.000092	-0.111008	-0.139722	0.983949	-0.345679	0.933674	0.093584	-0.931763	-0.329742	-0.151945
31047	9.635499	0.996897	-1.107607	-0.038874	0.005944	-0.004949	-0.110926	-0.139787	0.983949	-0.345294	0.933802	0.093735	-0.931916	-0.329354	-0.151851
31048	9.609230	1.044622	-1.252972	-0.208324	0.005504	-0.007243	-0.110861	-0.139850	0.983947	-0.343344	0.934480	0.094134	-0.932644	-0.327397	-0.151614
31049	9.603835	1.039432	-1.409896	-0.279850	0.000749	0.002902	-0.110855	-0.139858	0.983947	-0.340702	0.935403	0.094574	-0.933613	-0.324748	-0.151344
31050	9.613457	0.913503	-1.490132	-0.298217	0.001636	0.004994	-0.110866	-0.139819	0.983951	-0.337892	0.936379	0.094987	-0.934632	-0.321938	-0.151056
31051	9.590271	0.691978	-1.498848	-0.215341	-0.004640	0.003304	-0.110911	-0.139841	0.983943	-0.335847	0.937081	0.095324	-0.935364	-0.319882	-0.150898
31052	9.605624	0.621407	-1.398248	-0.121844	-0.002368	0.001879	-0.110948	-0.139847	0.983938	-0.334697	0.937474	0.095502	-0.935772	-0.318725	-0.150817
31053	9.590814	0.767591	-1.295885	-0.087149	-0.007237	-0.002676	-0.110998	-0.139933	0.983920	-0.333856	0.937753	0.095704	-0.936066	-0.317865	-0.150806
31054	9.617366	0.782180	-1.398402	-0.077804	-0.013297	-0.004685	-0.111107	-0.140036	0.983893	-0.333142	0.937989	0.095882	-0.936308	-0.317123	-0.150869
31055	9.605385	0.659891	-1.494272	-0.027474	-0.015103	-0.008444	-0.111211	-0.140201	0.983858	-0.332866	0.938070	0.096051	-0.936393	-0.316811	-0.150992
31056	9.643113	0.748476	-1.526888	0.028497	-0.014032	-0.007381	-0.111328	-0.140324	0.983827	-0.333117	0.937976	0.096090	-0.936290	-0.317032	-0.151168
31057	9.669538	0.761749	-1.630556	0.049421	-0.010884	-0.006750	-0.111399	-0.140460	0.983799	-0.333560	0.937816	0.096125	-0.936124	-0.317448	-0.151323
31058	9.632096	0.764081	-1.612082	0.075086	-0.006877	-0.004312	-0.111442	-0.140537	0.983784	-0.334279	0.937565	0.096068	-0.935862	-0.318152	-0.151462
31059	9.653632	0.806945	-1.578868	0.107971	-0.006586	-0.008629	-0.111465	-0.140677	0.983761	-0.335271	0.937215	0.096033	-0.935505	-0.319122	-0.151632
31060	9.670291	0.906458	-1.563288	0.131365	-0.005097	-0.004584	-0.111509	-0.140746	0.983746	-0.336485	0.936794	0.095888	-0.935064	-0.320323	-0.151819
31061	9.659837	0.936032	-1.528509	0.126219	0.000469	-0.005111	-0.111478	-0.140831	0.983737	-0.337642	0.936388	0.095790	-0.934650	-0.321473	-0.151937
31062	9.627687	0.913899	-1.586870	0.117511	0.006505	0.000576	-0.111432	-0.140812	0.983745	-0.338708	0.936021	0.095614	-0.934270	-0.322548	-0.151997
31063	9.670820	0.950456	-1.541938	0.107742	0.011942	0.003898	-0.111325	-0.140775	0.983763	-0.339682	0.935684	0.095455	-0.933929	-0.323540	-0.151983
31064	9.591905	1.027388	-1.400771	0.047246	0.017740	0.006644	-0.111183	-0.140667	0.983794	-0.340113	0.935540	0.095330	-0.933789	-0.324002	-0.151859
31065	9.571313	1.089658	-1.327554	-0.083213	0.000724	0.002411	-0.111175	-0.140681	0.983793	-0.339305	0.935818	0.095477	-0.934084	-0.323192	-0.151773
31066	9.624087	1.033482	-1.459416	-0.155265	0.000829	0.002509	-0.111187	-0.140667	0.983794	-0.337836	0.936327	0.095698	-0.934614	-0.321721	-0.151630
31067	9.612654	0.926501	-1.433407	-0.161503	0.001676	0.011641	-0.111201	-0.140591	0.983803	-0.336285	0.936867	0.095872	-0.935172	-0.320178	-0.151459
31068	9.573453	0.692827	-1.472111	-0.126956	-0.003903	0.001423	-0.111246	-0.140603	0.983796	-0.335088	0.937277	0.096063	-0.935596	-0.318971	-0.151383
31069	9.598923	0.548329	-1.372937	-0.043949	-0.004591	0.005997	-0.111300	-0.140599	0.983791	-0.334642	0.937431	0.096114	-0.935749	-0.318520	-0.151387
31070	9.599682	0.646725	-1.325734	0.004799	-0.008363	-0.004468	-0.111364	-0.140681	0.983772	-0.334693	0.937408	0.096163	-0.935724	-0.318552	-0.151478
31071	9.648683	0.802064	-1.346925	0.030700	-0.015010	-0.008960	-0.111465	-0.140851	0.983736	-0.334962	0.937303	0.096249	-0.935615	-0.318786	-0.151656
31072	9.659817	0.903156	-1.432092	0.042890	-0.016419	-0.002578	-0.111622	-0.140934	0.983706	-0.335334	0.937173	0.096216	-0.935463	-0.319130	-0.151869
31073	9.621667	0.841189	-1.556441	0.039037	-0.011716	-0.001393	-0.111718	-0.141022	0.983683	-0.335673	0.937052	0.096214	-0.935330	-0.319447	-0.152023
31074	9.668943	0.799078	-1.673232	0.057416	-0.010396	-0.004169	-0.111802	-0.141107	0.983661	-0.336215	0.936861	0.096180	-0.935125	-0.319969	-0.152185
31075	9.657883	0.772151	-1.721446	0.086842	-0.005371	0.003364	-0.111854	-0.141131	0.983652	-0.336996	0.936593	0.096058	-0.934838	-0.320742	-0.152322
31076	9.658321	0.819282	-1.698610	0.120608	0.004017	0.002000	-0.111831	-0.141112	0.983657	-0.338119	0.936208	0.095865	-0.934435	-0.321873	-0.152409
31077	9.649102	0.954380	-1.556251	0.119828	0.009793	0.004599	-0.111745	-0.141076	0.983672	-0.339206	0.935834	0.095681	-0.934051	-0.322976	-0.152429
31078	9.638706	0.967638	-1.638646	0.093233	0.012971	0.005423	-0.111653	-0.140992	0.983694	-0.340052	0.935546	0.095494	-0.933755	-0.323845	-0.152401
31079	9.697498	0.931952	-1.492746	0.069179	0.017990	0.009637	-0.111508	-0.140882	0.983727	-0.340659	0.935341	0.095337	-0.933551	-0.324485	-0.152291
31080	9.655122	0.899232	-1.476564	0.057452	0.033538	0.013798	-0.111257	-0.140651	0.983788	-0.341147	0.935185	0.095122	-0.933403	-0.325033	-0.152028
31081	9.592061	0.929221	-1.387782	0.032875	0.026580	0.013767	-0.111046	-0.140473	0.983837	-0.341411	0.935103	0.094980	-0.933331	-0.325346	-0.151799
31082	9.576486	0.917059	-1.414278	0.012484	0.024807	0.017479	-0.110880	-0.140243	0.983889	-0.341506	0.935087	0.094800	-0.933316	-0.325492	-0.151576
31083	9.587338	0.892207	-1.389302	0.023347	0.014270	0.010257	-0.110773	-0.140138	0.983916	-0.341684	0.935031	0.094707	-0.933264	-0.325698	-0.151459
31084	9.608514	0.844309	-1.341624	0.026627	0.013890	0.011030	-0.110687	-0.140003	0.983945	-0.341919	0.934959	0.094570	-0.933188	-0.325961	-0.151357
31085	9.592216	0.783411	-1.393133	0.024073	0.004985	0.007706	-0.110657	-0.139953	0.983955	-0.342107	0.934897	0.094501	-0.933123	-0.326161	-0.151332
31086	9.602705	0.750830	-1.429053	0.039603	0.001034	0.008568	-0.110679	-0.139888	0.983962	-0.342490	0.934770	0.094370	-0.932980	-0.326552	-0.151369
31087	9.586755	0.747071	-1.398898	0.066340	-0.000038	0.007089	-0.110694	-0.139860	0.983965	-0.343073	0.934569	0.094243	-0.932763	-0.327140	-0.151433
31088	9.645748	0.786549	-1.385177	0.072587	-0.003636	0.003659	-0.110741	-0.139849	0.983961	-0.343746	0.934335	0.094109	-0.932510	-0.327811	-0.151542
31089	9.645657	0.776941	-1.445432	0.072372	-0.005713	0.004342	-0.110800	-0.139865	0.983952	-0.344388	0.934110	0.093999	-0.932266	-0.328446	-0.151667
31090	9.666855	0.770040	-1.435931	0.086052	-0.008021	0.005465	-0.110898	-0.139838	0.983945	-0.345132	0.933853	0.093821	-0.931980	-0.329186	-0.151825
31091	9.677499	0.777879	-1.509430	0.111874	-0.011127	0.000983	-0.110995	-0.139903	0.983924	-0.346146	0.933492	0.093684	-0.931592	-0.330183	-0.152040
31092	9.640412	0.811563	-1.586850	0.124582	-0.009735	0.005365	-0.111105	-0.139890	0.983914	-0.347274	0.933096	0.093450	-0.931159	-0.331305	-0.152252
31093	9.651233	0.835304	-1.542121	0.140470	-0.005957	0.004817	-0.111168	-0.139902	0.983905	-0.348549	0.932642	0.093232	-0.930675	-0.332574	-0.152443
31094	9.598732	0.915485	-1.565720	0.146417	-0.002351	0.008289	-0.111246	-0.139850	0.983904	-0.349900	0.932166	0.092934	-0.930158	-0.333929	-0.152633
31095	9.613979	0.832759	-1.525457	0.141639	-0.003201	0.006487	-0.111289	-0.139837	0.983901	-0.351182	0.931707	0.092697	-0.929670	-0.335213	-0.152797
31096	9.618753	0.773374	-1.508552	0.142164	-0.003977	0.004518	-0.111339	-0.139823	0.983897	-0.352515	0.931228	0.092448	-0.929159	-0.336546	-0.152972
31097	9.608485	0.811398	-1.415214	0.151274	-0.001520	0.003101	-0.111354	-0.139837	0.983893	-0.353890	0.930729	0.092229	-0.928635	-0.337920	-0.153127
31098	9.645659	0.805926	-1.436741	0.140292	-0.011572	-0.001408	-0.111440	-0.139897	0.983875	-0.355198	0.930249	0.092040	-0.928125	-0.339214	-0.153358
31099	9.635080	0.827051	-1.462301	0.122566	-0.006635	-0.000713	-0.111489	-0.139964	0.983860	-0.356309	0.929838	0.091902	-0.927693	-0.340312	-0.153537
31100	9.634896	0.825686	-1.464284	0.121145	-0.013644	-0.007963	-0.111578	-0.140106	0.983830	-0.357488	0.929394	0.091810	-0.927228	-0.341463	-0.153786
31101	9.613391	0.829659	-1.477343	0.129297	-0.011015	-0.006089	-0.111649	-0.140237	0.983803	-0.358666	0.928949	0.091714	-0.926765	-0.342617	-0.154014
31102	9.608000	0.844129	-1.461974	0.138856	-0.014167	-0.003063	-0.111769	-0.140331	0.983776	-0.359978	0.928459	0.091542	-0.926242	-0.343906	-0.154289
31103	9.597079	0.833985	-1.392530	0.131505	-0.014676	-0.001947	-0.111887	-0.140436	0.983747	-0.361171	0.928009	0.091401	-0.925763	-0.345074	-0.154554
31104	9.623414	0.820673	-1.342793	0.126750	-0.015551	-0.003741	-0.112039	-0.140530	0.983717	-0.362309	0.927581	0.091246	-0.925299	-0.346187	-0.154841
31105	9.617476	0.785763	-1.350266	0.116884	-0.021489	-0.005920	-0.112206	-0.140697	0.983674	-0.363370	0.927174	0.091166	-0.924863	-0.347208	-0.155160
31106	9.665196	0.798968	-1.385802	0.102840	-0.019838	-0.005722	-0.112331	-0.140846	0.983638	-0.364422	0.926768	0.091086	-0.924434	-0.348228	-0.155432
31107	9.589717	0.745827	-1.430460	0.105199	-0.022266	-0.007928	-0.112497	-0.141034	0.983592	-0.365377	0.926397	0.091043	-0.924037	-0.349139	-0.155748
31108	9.668927	0.721906	-1.490570	0.105540	-0.025144	-0.009184	-0.112689	-0.141201	0.983546	-0.366308	0.926036	0.090975	-0.923645	-0.350029	-0.156077
31109	9.669733	0.861296	-1.486692	0.120264	-0.029017	-0.011975	-0.112903	-0.141451	0.983486	-0.367405	0.925604	0.090948	-0.923183	-0.351069	-0.156473
31110	9.628142	1.020669	-1.445703	0.086777	-0.024399	-0.010771	-0.113116	-0.141617	0.983438	-0.368089	0.925335	0.090913	-0.922884	-0.351709	-0.156798
31111	9.530445	0.882831	-1.486449	0.072544	-0.028368	-0.009774	-0.113331	-0.141845	0.983380	-0.368742	0.925073	0.090938	-0.922597	-0.352308	-0.157144
31112	9.594600	0.927030	-1.376374	0.089324	-0.028671	-0.001592	-0.113613	-0.141949	0.983332	-0.369467	0.924796	0.090811	-0.922272	-0.352992	-0.157514
31113	9.595221	1.025959	-1.335902	0.040509	-0.029939	0.004636	-0.113896	-0.142049	0.983285	-0.369809	0.924666	0.090745	-0.922101	-0.353292	-0.157846
31114	9.582770	0.897660	-1.428963	-0.000455	-0.035014	0.007870	-0.114239	-0.142120	0.983235	-0.369835	0.924661	0.090683	-0.922047	-0.353275	-0.158193
31115	9.565058	0.785783	-1.504741	0.000089	-0.039358	0.005997	-0.114613	-0.142240	0.983174	-0.369802	0.924676	0.090667	-0.922014	-0.353188	-0.158581
31116	9.574169	0.702900	-1.565592	0.019051	-0.040270	0.000582	-0.114981	-0.142391	0.983110	-0.369994	0.924602	0.090644	-0.921892	-0.353322	-0.158995
31117	9.670006	0.780327	-1.613236	0.011416	-0.034391	0.002875	-0.115298	-0.142523	0.983053	-0.370069	0.924572	0.090640	-0.921822	-0.353347	-0.159344
31118	9.668983	0.800034	-1.771367	-0.007530	-0.029951	0.008207	-0.115610	-0.142558	0.983012	-0.369965	0.924620	0.090579	-0.921825	-0.353208	-0.159636
31119	9.661553	0.695637	-1.918359	0.013580	-0.026054	0.007389	-0.115867	-0.142618	0.982973	-0.370055	0.924589	0.090527	-0.921756	-0.353264	-0.159906
31120	9.672098	0.752012	-1.970931	0.046884	-0.018625	0.006497	-0.116088	-0.142631	0.982945	-0.370446	0.924445	0.090392	-0.921571	-0.353635	-0.160154
31121	9.735512	0.725275	-1.998927	0.068932	-0.002064	0.008374	-0.116128	-0.142597	0.982945	-0.371045	0.924220	0.090242	-0.921325	-0.354237	-0.160238
31122	9.719985	0.761753	-2.005597	0.092460	0.009958	0.005073	-0.116041	-0.142535	0.982964	-0.371935	0.923880	0.090060	-0.920977	-0.355148	-0.160221
31123	9.679333	0.879050	-1.923715	0.089681	0.024659	0.014603	-0.115857	-0.142349	0.983013	-0.372718	0.923588	0.089815	-0.920684	-0.355980	-0.160061
31124	9.691126	0.903812	-1.875977	0.074845	0.031229	0.011663	-0.115610	-0.142156	0.983070	-0.373453	0.923312	0.089596	-0.920417	-0.356772	-0.159833
31125	9.649412	0.881254	-1.798782	0.070283	0.038215	0.015339	-0.115305	-0.141915	0.983140	-0.374055	0.923090	0.089376	-0.920210	-0.357443	-0.159521
31126	9.665662	0.800045	-1.751519	0.060340	0.044252	0.013547	-0.114935	-0.141628	0.983225	-0.374545	0.922912	0.089157	-0.920057	-0.358015	-0.159121
31127	9.618946	0.794004	-1.655587	0.068121	0.049805	0.016622	-0.114529	-0.141332	0.983315	-0.375126	0.922698	0.088928	-0.919871	-0.358683	-0.158693
31128	9.636077	0.773088	-1.526836	0.075380	0.050357	0.015491	-0.114108	-0.141012	0.983410	-0.375781	0.922457	0.088669	-0.919657	-0.359428	-0.158249
31129	9.617035	0.856253	-1.335181	0.074025	0.049956	0.020129	-0.113714	-0.140683	0.983503	-0.376412	0.922226	0.088397	-0.919447	-0.360150	-0.157824
31130	9.591924	0.895385	-1.206751	0.045474	0.046974	0.022683	-0.113345	-0.140319	0.983597	-0.376827	0.922083	0.088119	-0.919323	-0.360658	-0.157390
31131	9.560187	0.840597	-1.163072	0.021704	0.042598	0.020750	-0.113021	-0.140010	0.983679	-0.376977	0.922040	0.087924	-0.919301	-0.360887	-0.156990
31132	9.570615	0.765804	-1.157387	0.017959	0.024714	0.021828	-0.112836	-0.139735	0.983739	-0.377158	0.921987	0.087703	-0.919250	-0.361129	-0.156735
31133	9.597574	0.752729	-1.103160	0.033215	0.016463	0.017210	-0.112738	-0.139553	0.983776	-0.377418	0.921898	0.087524	-0.919155	-0.361427	-0.156603
31134	9.577299	0.816278	-1.033118	0.031684	0.001094	0.016618	-0.112827	-0.139384	0.983790	-0.377575	0.921854	0.087306	-0.919080	-0.361604	-0.156638
31135	9.540553	0.858271	-1.051599	0.000975	-0.013771	0.014775	-0.112998	-0.139334	0.983777	-0.377541	0.921878	0.087202	-0.919073	-0.361562	-0.156775
31136	9.540273	0.846351	-1.112483	-0.012036	-0.029113	0.017830	-0.113355	-0.139284	0.983743	-0.377387	0.921955	0.087050	-0.919092	-0.361384	-0.157072
31137	9.550009	0.801832	-1.209337	-0.006948	-0.040458	0.012325	-0.113762	-0.139353	0.983686	-0.377283	0.922004	0.086982	-0.919084	-0.361232	-0.157464
31138	9.598491	0.893549	-1.320900	-0.011928	-0.041129	0.017526	-0.114192	-0.139347	0.983637	-0.377150	0.922072	0.086841	-0.919085	-0.361062	-0.157848
31139	9.597802	0.881635	-1.383853	-0.029963	-0.047437	0.019832	-0.114692	-0.139372	0.983576	-0.376826	0.922214	0.086736	-0.919156	-0.360689	-0.158290
31140	9.617660	0.844288	-1.554062	-0.048473	-0.051704	0.017734	-0.115259	-0.139388	0.983507	-0.376272	0.922450	0.086638	-0.919312	-0.360081	-0.158768
31141	9.674863	0.813613	-1.685043	-0.051219	-0.046334	0.021162	-0.115754	-0.139395	0.983448	-0.375750	0.922670	0.086554	-0.919463	-0.359512	-0.159180
31142	9.683682	0.759097	-1.841457	-0.040083	-0.039937	0.018640	-0.116199	-0.139356	0.983401	-0.375267	0.922878	0.086438	-0.919604	-0.358994	-0.159533
31143	9.678134	0.803607	-1.923392	-0.025552	-0.029512	0.022433	-0.116543	-0.139291	0.983370	-0.374980	0.923007	0.086301	-0.919678	-0.358686	-0.159802
31144	9.700260	0.886839	-1.930443	-0.027873	-0.020006	0.024425	-0.116853	-0.139138	0.983355	-0.374631	0.923167	0.086104	-0.919781	-0.358334	-0.160000
31145	9.683923	0.873717	-1.959871	-0.045991	-0.010759	0.026965	-0.117042	-0.138963	0.983357	-0.374150	0.923376	0.085955	-0.919953	-0.357862	-0.160067
31146	9.693394	0.759317	-1.920162	-0.034676	0.003535	0.029889	-0.117096	-0.138689	0.983389	-0.373821	0.923530	0.085735	-0.920080	-0.357572	-0.159987
31147	9.667441	0.749004	-1.816498	-0.038762	0.008837	0.025954	-0.117101	-0.138454	0.983421	-0.373407	0.923711	0.085584	-0.920247	-0.357195	-0.159867
31148	9.683396	0.678466	-1.711921	-0.045644	0.021813	0.031723	-0.117040	-0.138075	0.983482	-0.372853	0.923957	0.085347	-0.920479	-0.356705	-0.159621
31149	9.635126	0.612900	-1.698205	-0.027171	0.022888	0.021901	-0.116900	-0.137827	0.983533	-0.372551	0.924091	0.085217	-0.920620	-0.356454	-0.159374
31150	9.653600	0.722333	-1.624117	0.005318	0.025480	0.023784	-0.116708	-0.137581	0.983591	-0.372809	0.924006	0.085011	-0.920539	-0.356770	-0.159131
31151	9.650003	0.786205	-1.582634	0.020732	0.025104	0.024582	-0.116558	-0.137300	0.983648	-0.372944	0.923972	0.084778	-0.920503	-0.356964	-0.158902
31152	9.635438	0.802506	-1.431935	0.026283	0.024596	0.029428	-0.116543	-0.136881	0.983708	-0.372799	0.924064	0.084415	-0.920564	-0.356887	-0.158723
31153	9.603358	0.746937	-1.390312	0.014759	0.021127	0.033182	-0.116462	-0.136535	0.983766	-0.372869	0.924064	0.084108	-0.920546	-0.357021	-0.158528
31154	9.580660	0.618718	-1.346825	0.027421	0.013231	0.031448	-0.116396	-0.136225	0.983816	-0.373181	0.923968	0.083786	-0.920428	-0.357389	-0.158383
31155	9.539474	0.656102	-1.191170	0.063162	0.006089	0.028052	-0.116434	-0.135980	0.983846	-0.373703	0.923787	0.083453	-0.920212	-0.357949	-0.158376
31156	9.567858	0.712445	-0.999554	0.050438	-0.002410	0.023914	-0.116470	-0.135832	0.983862	-0.374397	0.923530	0.083181	-0.919925	-0.358667	-0.158418
31157	9.579750	0.777277	-0.992357	0.025989	-0.016448	0.024252	-0.116701	-0.135703	0.983852	-0.374582	0.923476	0.082944	-0.919820	-0.358854	-0.158602
31158	9.547136	0.752278	-1.051476	0.002075	-0.034839	0.022736	-0.117082	-0.135667	0.983812	-0.374745	0.923428	0.082742	-0.919706	-0.358991	-0.158958
31159	9.570979	0.647751	-1.260262	0.022926	-0.045963	0.016676	-0.117556	-0.135714	0.983749	-0.374910	0.923376	0.082584	-0.919578	-0.359109	-0.159429
31160	9.634373	0.660086	-1.328934	0.046101	-0.053709	0.014583	-0.118029	-0.135842	0.983675	-0.375606	0.923108	0.082410	-0.919233	-0.359747	-0.159977
31161	9.645727	0.784534	-1.518795	0.050080	-0.056348	0.012777	-0.118584	-0.135963	0.983591	-0.376025	0.922952	0.082246	-0.918990	-0.360102	-0.160573
31162	9.651477	0.885152	-1.654053	0.040712	-0.054968	0.021133	-0.119172	-0.135989	0.983517	-0.376419	0.922815	0.081985	-0.918753	-0.360444	-0.161163
31163	9.664558	0.812202	-1.829406	0.026684	-0.050977	0.027614	-0.119733	-0.135954	0.983453	-0.376606	0.922763	0.081713	-0.918603	-0.360590	-0.161686
31164	9.687957	0.716618	-1.979997	0.023498	-0.043569	0.026636	-0.120262	-0.135880	0.983399	-0.376787	0.922715	0.081417	-0.918460	-0.360741	-0.162166
31165	9.691178	0.675993	-2.118897	0.036469	-0.029475	0.029913	-0.120635	-0.135746	0.983372	-0.377061	0.922631	0.081106	-0.918299	-0.361007	-0.162486
31166	9.670227	0.687585	-2.073265	0.064376	-0.013744	0.029553	-0.120937	-0.135496	0.983369	-0.377421	0.922519	0.080695	-0.918111	-0.361385	-0.162705
31167	9.693289	0.738788	-1.983381	0.066608	-0.001863	0.033921	-0.121071	-0.135225	0.983390	-0.377965	0.922331	0.080296	-0.917869	-0.361966	-0.162778
31168	9.695432	0.765865	-1.806933	0.054182	0.008123	0.034933	-0.121046	-0.134959	0.983430	-0.378769	0.922035	0.079912	-0.917541	-0.362820	-0.162727
31169	9.632725	0.758366	-1.683391	0.036849	0.015130	0.034897	-0.121028	-0.134618	0.983479	-0.379039	0.921955	0.079552	-0.917432	-0.363149	-0.162608
31170	9.647900	0.676253	-1.637946	0.033655	0.013160	0.027869	-0.121035	-0.134301	0.983521	-0.379208	0.921914	0.079222	-0.917361	-0.363371	-0.162512
31171	9.689173	0.544203	-1.502509	0.051756	0.017063	0.019254	-0.120941	-0.134097	0.983561	-0.379634	0.921758	0.078991	-0.917197	-0.363840	-0.162386
31172	9.559871	0.670622	-1.351315	0.074537	0.012202	0.018385	-0.120806	-0.133940	0.983599	-0.380540	0.921407	0.078733	-0.916840	-0.364787	-0.162280
31173	9.606215	0.808371	-1.265435	0.055533	0.006202	0.024041	-0.120829	-0.133732	0.983624	-0.380994	0.921243	0.078449	-0.916648	-0.365276	-0.162264
31174	9.589459	0.754204	-1.256130	0.041966	-0.001181	0.028898	-0.120947	-0.133434	0.983650	-0.381162	0.921204	0.078097	-0.916563	-0.365485	-0.162277
31175	9.540945	0.698689	-1.186183	0.023379	-0.012432	0.027072	-0.121153	-0.133266	0.983647	-0.381319	0.921161	0.077835	-0.916470	-0.365653	-0.162418
31176	9.523270	0.634178	-1.237483	0.013079	-0.026040	0.026560	-0.121475	-0.133156	0.983623	-0.381532	0.921095	0.077573	-0.916339	-0.365860	-0.162693
31177	9.586877	0.644925	-1.304453	0.034185	-0.034252	0.025422	-0.121875	-0.133083	0.983583	-0.381789	0.921010	0.077310	-0.916179	-0.366099	-0.163058
31178	9.601680	0.603354	-1.301597	0.035166	-0.046493	0.021853	-0.122382	-0.133022	0.983528	-0.381932	0.920974	0.077038	-0.916052	-0.366213	-0.163516
31179	9.573687	0.600925	-1.417650	0.028405	-0.051349	0.021161	-0.122921	-0.133051	0.983457	-0.382141	0.920905	0.076825	-0.915892	-0.366376	-0.164043
31180	9.615481	0.617300	-1.497796	0.033879	-0.055078	0.014101	-0.123475	-0.133077	0.983384	-0.382221	0.920888	0.076628	-0.915785	-0.366408	-0.164571
31181	9.669621	0.672321	-1.473980	0.041925	-0.053625	0.022273	-0.124040	-0.133104	0.983309	-0.382552	0.920771	0.076382	-0.915570	-0.366692	-0.165131
31182	9.626141	0.708722	-1.597449	0.016977	-0.053582	0.018600	-0.124523	-0.133149	0.983242	-0.382772	0.920695	0.076203	-0.915412	-0.366869	-0.165613
31183	9.645626	0.719452	-1.747196	-0.000415	-0.053600	0.018805	-0.125074	-0.133209	0.983164	-0.382720	0.920728	0.076061	-0.915359	-0.366763	-0.166140
31184	9.654098	0.712776	-1.883253	0.006624	-0.049293	0.024513	-0.125559	-0.133209	0.983102	-0.382924	0.920661	0.075842	-0.915207	-0.366930	-0.166606
31185	9.672991	0.683392	-1.994419	0.013643	-0.038850	0.024343	-0.125996	-0.133163	0.983053	-0.382993	0.920651	0.075622	-0.915118	-0.366974	-0.166999
31186	9.673518	0.759647	-2.073298	0.024465	-0.029616	0.022977	-0.126373	-0.133072	0.983017	-0.383188	0.920591	0.075361	-0.914984	-0.367157	-0.167329
31187	9.672731	0.717473	-2.037782	0.019075	-0.012700	0.023929	-0.126569	-0.132935	0.983010	-0.383308	0.920559	0.075136	-0.914907	-0.367286	-0.167469
31188	9.701145	0.754382	-1.965467	-0.009874	-0.007634	0.028346	-0.126734	-0.132708	0.983019	-0.383175	0.920635	0.074886	-0.914940	-0.367178	-0.167526
31189	9.668968	0.672427	-1.828120	-0.073342	0.009133	0.026478	-0.126740	-0.132467	0.983051	-0.382446	0.920946	0.074791	-0.915244	-0.366484	-0.167382
31190	9.642368	0.682097	-1.878904	-0.054972	0.012429	0.022839	-0.126635	-0.132256	0.983093	-0.382091	0.921101	0.074698	-0.915407	-0.366171	-0.167177
31191	9.533206	0.815390	-1.484814	-0.083879	0.009027	0.026877	-0.126643	-0.132011	0.983125	-0.381264	0.921450	0.074616	-0.915751	-0.365380	-0.167026
31192	9.592079	0.776292	-1.396345	-0.173557	-0.003427	0.024979	-0.126799	-0.131792	0.983134	-0.379577	0.922143	0.074660	-0.916430	-0.363708	-0.166952
31193	9.624676	0.620928	-1.479106	-0.201988	-0.001753	0.033200	-0.126930	-0.131527	0.983153	-0.377658	0.922926	0.074713	-0.917204	-0.361812	-0.166819
31194	9.566013	0.590133	-1.431245	-0.165679	0.000421	0.039404	-0.127054	-0.131149	0.983187	-0.376003	0.923610	0.074612	-0.917867	-0.360202	-0.166660
31195	9.597174	0.520845	-1.358890	-0.104810	-0.013392	0.038388	-0.127309	-0.130878	0.983190	-0.374967	0.924044	0.074452	-0.918255	-0.359186	-0.166714
31196	9.625066	0.517146	-1.248943	-0.060695	-0.018687	0.041676	-0.127608	-0.130620	0.983186	-0.374567	0.924229	0.074172	-0.918377	-0.358804	-0.166865
31197	9.639150	0.631358	-1.221374	-0.054046	-0.032885	0.042266	-0.128057	-0.130383	0.983159	-0.373991	0.924484	0.073889	-0.918549	-0.358231	-0.167149
31198	9.604230	0.722459	-1.220754	-0.048137	-0.050639	0.039269	-0.128704	-0.130213	0.983097	-0.373488	0.924712	0.073584	-0.918663	-0.357705	-0.167647
31199	9.556371	0.971027	-0.894527	-0.107967	-0.070880	0.035362	-0.129476	-0.130175	0.983001	-0.372426	0.925150	0.073460	-0.918986	-0.356584	-0.168265
31200	9.776100	1.312342	-0.719758	-0.338541	-0.078616	0.045576	-0.130443	-0.130076	0.982886	-0.369346	0.926374	0.073580	-0.920091	-0.353427	-0.168882
31201	9.656560	1.426183	-0.757393	-0.588333	-0.052955	0.067542	-0.131167	-0.129671	0.982843	-0.363814	0.928531	0.073952	-0.922190	-0.347872	-0.168969
31202	9.525655	1.076391	-1.009249	-0.754924	-0.087811	0.073140	-0.132270	-0.129312	0.982743	-0.356766	0.931217	0.074514	-0.924783	-0.340753	-0.169307
31203	9.513449	0.602507	-1.523012	-0.720401	-0.109137	0.074790	-0.133535	-0.129019	0.982610	-0.349971	0.933750	0.075043	-0.927194	-0.333864	-0.169841
31204	9.608566	0.445054	-1.528528	-0.602124	-0.114740	0.065963	-0.134830	-0.128809	0.982461	-0.344356	0.935804	0.075433	-0.929107	-0.328146	-0.170530
31205	9.563118	0.606970	-1.587825	-0.599912	-0.106920	0.061631	-0.136025	-0.128615	0.982321	-0.338669	0.937840	0.075895	-0.931021	-0.322358	-0.171127
31206	9.465053	0.651542	-1.950130	-0.574024	-0.118459	0.053031	-0.137413	-0.128484	0.982145	-0.333104	0.939795	0.076339	-0.932823	-0.316667	-0.171939
31207	9.607032	0.626929	-2.158703	-0.497567	-0.117531	0.052649	-0.138675	-0.128394	0.981980	-0.328362	0.941431	0.076721	-0.934317	-0.311805	-0.172713
31208	9.590666	0.599605	-2.273071	-0.439725	-0.115720	0.050833	-0.140042	-0.128242	0.981806	-0.323956	0.942937	0.076957	-0.935650	-0.307285	-0.173595
31209	9.692495	0.601706	-2.384336	-0.376754	-0.106217	0.050715	-0.141190	-0.128124	0.981657	-0.320333	0.944158	0.077156	-0.936724	-0.303563	-0.174348
31210	9.655584	0.615085	-2.311456	-0.309910	-0.086017	0.056960	-0.142232	-0.127919	0.981533	-0.317565	0.945093	0.077153	-0.937509	-0.300727	-0.175045
31211	9.611758	0.621877	-2.106465	-0.243531	-0.081406	0.051855	-0.143151	-0.127709	0.981427	-0.315183	0.945893	0.077113	-0.938173	-0.298290	-0.175657
31212	9.589258	0.578920	-1.856389	-0.210357	-0.075934	0.046465	-0.144079	-0.127433	0.981327	-0.312829	0.946683	0.077004	-0.938818	-0.295892	-0.176262
31213	9.622708	0.476456	-1.642469	-0.171260	-0.086073	0.043795	-0.145016	-0.127308	0.981205	-0.311132	0.947249	0.076919	-0.939237	-0.294130	-0.176976
31214	9.562035	0.357959	-1.535514	-0.131245	-0.091435	0.038463	-0.146005	-0.127318	0.981057	-0.310208	0.947561	0.076805	-0.939390	-0.293118	-0.177844
31215	9.510262	0.250828	-1.501375	-0.054543	-0.100372	0.027697	-0.147026	-0.127386	0.980896	-0.309631	0.947761	0.076672	-0.939421	-0.292443	-0.178788
31216	9.541452	0.331086	-1.410636	0.008813	-0.106118	0.014690	-0.148067	-0.127570	0.980715	-0.309718	0.947744	0.076521	-0.939229	-0.292415	-0.179840
31217	9.562604	0.478034	-1.377625	0.027392	-0.114960	0.010277	-0.149170	-0.127845	0.980512	-0.309936	0.947682	0.076412	-0.938983	-0.292497	-0.180989
31218	9.510083	0.561764	-1.406641	0.037684	-0.129010	0.009710	-0.150365	-0.128162	0.980288	-0.310395	0.947543	0.076269	-0.938640	-0.292808	-0.182258
31219	9.495426	0.564157	-1.329715	0.056882	-0.148493	0.001916	-0.151756	-0.128614	0.980014	-0.310902	0.947383	0.076189	-0.938248	-0.293126	-0.183758
31220	9.518176	0.633943	-1.172246	0.014634	-0.154021	0.001332	-0.153211	-0.129100	0.979724	-0.311189	0.947291	0.076162	-0.937917	-0.293211	-0.185310
31221	9.518304	0.696763	-1.334565	-0.051002	-0.164829	0.002133	-0.154755	-0.129599	0.979416	-0.310684	0.947448	0.076278	-0.937831	-0.292485	-0.186886
31222	9.530988	0.566227	-1.527658	-0.053751	-0.174988	-0.001929	-0.156442	-0.130114	0.979079	-0.310088	0.947634	0.076388	-0.937748	-0.291651	-0.188596
31223	9.515975	0.478905	-1.635056	-0.012998	-0.185391	-0.004514	-0.158158	-0.130733	0.978721	-0.309950	0.947670	0.076499	-0.937506	-0.291256	-0.190402
31224	9.575878	0.559640	-1.865210	0.017148	-0.192246	-0.006564	-0.160010	-0.131321	0.978341	-0.309948	0.947670	0.076511	-0.937192	-0.290992	-0.192339
31225	9.595735	0.595053	-2.099398	0.037708	-0.192180	-0.011368	-0.161767	-0.132023	0.977958	-0.310296	0.947550	0.076591	-0.936775	-0.291067	-0.194249
31226	9.605277	0.506256	-2.329490	0.060470	-0.179755	-0.016463	-0.163485	-0.132692	0.977582	-0.310800	0.947382	0.076617	-0.936310	-0.291306	-0.196123
31227	9.622229	0.386780	-2.595176	0.084845	-0.156316	-0.026201	-0.164858	-0.133432	0.977250	-0.311614	0.947104	0.076748	-0.935798	-0.291872	-0.197717
31228	9.683187	0.473150	-2.762496	0.128489	-0.123522	-0.034819	-0.165933	-0.134085	0.976979	-0.312717	0.946735	0.076821	-0.935240	-0.292771	-0.199025
31229	9.616713	0.646987	-2.769471	0.121477	-0.100831	-0.051799	-0.166705	-0.134906	0.976734	-0.313916	0.946313	0.077127	-0.934701	-0.293755	-0.200105
31230	9.580024	0.482627	-2.808276	0.094062	-0.072572	-0.057566	-0.167268	-0.135674	0.976532	-0.314887	0.945961	0.077491	-0.934274	-0.294535	-0.200951
31231	9.633805	0.342621	-2.781315	0.122032	-0.041837	-0.054060	-0.167480	-0.136345	0.976402	-0.316094	0.945531	0.077815	-0.933828	-0.295602	-0.201455
31232	9.657866	0.344390	-2.715626	0.162060	-0.013390	-0.050187	-0.167483	-0.136841	0.976332	-0.317605	0.945012	0.077969	-0.933315	-0.297029	-0.201735
31233	9.689315	0.098078	-2.569237	0.236280	0.006939	-0.063823	-0.167206	-0.137459	0.976293	-0.319892	0.944225	0.078157	-0.932583	-0.299240	-0.201852
31234	9.580200	0.153467	-2.347539	0.352539	0.019629	-0.085580	-0.166825	-0.138182	0.976256	-0.323194	0.943091	0.078259	-0.931512	-0.302464	-0.201991
31235	9.529115	0.638710	-1.990260	0.386856	0.028701	-0.077086	-0.166299	-0.138856	0.976250	-0.326900	0.941812	0.078272	-0.930312	-0.306120	-0.202015
31236	9.505032	0.957060	-1.616028	0.294043	0.028358	-0.070890	-0.165870	-0.139354	0.976252	-0.329427	0.940925	0.078340	-0.929497	-0.308610	-0.201978
31237	9.508541	0.908199	-1.407871	0.107322	0.020391	-0.065848	-0.165454	-0.139945	0.976238	-0.330510	0.940506	0.078808	-0.929187	-0.309617	-0.201864
31238	9.467189	0.778066	-1.397385	-0.041038	0.002334	-0.067539	-0.165285	-0.140504	0.976186	-0.329956	0.940641	0.079521	-0.929414	-0.308955	-0.201834
31239	9.472361	0.664022	-1.422660	-0.085919	-0.019392	-0.077961	-0.165199	-0.141332	0.976081	-0.329262	0.940801	0.080497	-0.929675	-0.308089	-0.201955
31240	9.489165	0.504544	-1.505132	-0.109028	-0.043180	-0.085255	-0.165252	-0.142391	0.975918	-0.328850	0.940851	0.081590	-0.929812	-0.307448	-0.202302
31241	9.578856	0.297282	-1.597632	-0.090713	-0.055394	-0.089745	-0.165463	-0.143440	0.975729	-0.328131	0.941006	0.082691	-0.930028	-0.306485	-0.202769
31242	9.506225	0.113346	-1.746008	-0.019662	-0.068891	-0.108635	-0.165801	-0.144673	0.975490	-0.328111	0.940917	0.083777	-0.929975	-0.306178	-0.203474
31243	9.613564	0.250258	-1.674616	0.134940	-0.078296	-0.132850	-0.166084	-0.146197	0.975214	-0.329562	0.940314	0.084839	-0.929411	-0.307303	-0.204352
31244	9.617416	0.955757	-1.591253	0.225407	-0.081894	-0.126107	-0.166399	-0.147668	0.974939	-0.332006	0.939384	0.085617	-0.928484	-0.309439	-0.205340
31245	9.550287	1.406047	-1.503523	0.087769	-0.087473	-0.107936	-0.166844	-0.148988	0.974662	-0.332978	0.938956	0.086530	-0.928057	-0.310104	-0.206269
31246	9.650833	1.141780	-2.036526	-0.078361	-0.096045	-0.100442	-0.167491	-0.150129	0.974376	-0.332043	0.939185	0.087630	-0.928275	-0.308857	-0.207155
31247	9.687663	0.836299	-2.448730	-0.065394	-0.082845	-0.095837	-0.167934	-0.151319	0.974115	-0.331573	0.939247	0.088741	-0.928363	-0.308088	-0.207905
31248	9.500648	0.581183	-2.692229	-0.012815	-0.068309	-0.095805	-0.168204	-0.152458	0.973891	-0.331729	0.939099	0.089717	-0.928258	-0.307977	-0.208534
31249	9.558425	0.682108	-2.340815	-0.015688	-0.051740	-0.090265	-0.168376	-0.153499	0.973698	-0.331712	0.939013	0.090671	-0.928233	-0.307720	-0.209025
31250	9.417815	0.510655	-2.383417	-0.072267	-0.037066	-0.092808	-0.168391	-0.154495	0.973538	-0.331239	0.939077	0.091732	-0.928399	-0.307027	-0.209307
31251	9.411339	0.468735	-2.278768	0.019993	-0.029588	-0.105019	-0.168309	-0.155606	0.973375	-0.331579	0.938857	0.092754	-0.928293	-0.307139	-0.209614
31252	9.484450	0.931285	-1.871596	0.049392	-0.030283	-0.097638	-0.168267	-0.156542	0.973232	-0.331937	0.938647	0.093589	-0.928172	-0.307304	-0.209906
31253	9.580390	1.546534	-1.556289	-0.041303	-0.036687	-0.091396	-0.168296	-0.157547	0.973065	-0.331684	0.938635	0.094606	-0.928258	-0.306828	-0.210224
31254	9.536169	1.526164	-1.542498	-0.170478	-0.055985	-0.085764	-0.168549	-0.158488	0.972868	-0.330109	0.939070	0.095791	-0.928773	-0.305007	-0.210598
31255	9.526204	1.118477	-1.582664	-0.231625	-0.068170	-0.086745	-0.168888	-0.159545	0.972637	-0.328080	0.939640	0.097165	-0.929430	-0.302692	-0.211037
31256	9.513097	0.817360	-1.618162	-0.205896	-0.077524	-0.086344	-0.169298	-0.160558	0.972399	-0.326187	0.940165	0.098446	-0.930022	-0.300517	-0.211540
31257	9.638784	1.127935	-1.427729	-0.188121	-0.090042	-0.075630	-0.169881	-0.161574	0.972129	-0.324542	0.940611	0.099621	-0.930491	-0.298573	-0.212229
31258	9.649012	1.159761	-1.578966	-0.228062	-0.103319	-0.064585	-0.170594	-0.162476	0.971853	-0.322476	0.941201	0.100746	-0.931078	-0.296213	-0.212958
31259	9.556937	1.119781	-1.726774	-0.187160	-0.125646	-0.056246	-0.171575	-0.163411	0.971524	-0.320806	0.941666	0.101733	-0.931475	-0.294216	-0.213989
31260	9.601597	0.875596	-1.872654	-0.126904	-0.143340	-0.054649	-0.172711	-0.164382	0.971159	-0.319839	0.941906	0.102550	-0.931598	-0.292903	-0.215253
31261	9.630109	0.781893	-1.957260	-0.021473	-0.152439	-0.051210	-0.173958	-0.165345	0.970773	-0.319704	0.941888	0.103136	-0.931412	-0.292419	-0.216711
31262	9.582837	1.363930	-1.975654	0.028362	-0.159739	-0.042027	-0.175259	-0.166239	0.970386	-0.320153	0.941695	0.103502	-0.931013	-0.292533	-0.218263
31263	9.560762	1.810798	-2.071507	-0.017237	-0.165376	-0.021538	-0.176721	-0.166960	0.969997	-0.320008	0.941713	0.103790	-0.930787	-0.292065	-0.219849
31264	9.432130	1.680370	-2.323587	-0.070833	-0.164469	-0.003306	-0.178262	-0.167475	0.969626	-0.319352	0.941915	0.103977	-0.930719	-0.291117	-0.221390
31265	9.436684	1.542575	-2.573924	-0.039446	-0.154826	0.011183	-0.179730	-0.167854	0.969290	-0.318942	0.942051	0.103998	-0.930577	-0.290455	-0.222850
31266	9.435375	1.590458	-2.562872	-0.023379	-0.139170	0.024745	-0.181040	-0.168051	0.969012	-0.318753	0.942133	0.103837	-0.930388	-0.290076	-0.224131
31267	9.507676	1.386771	-2.618159	-0.051883	-0.129402	0.034606	-0.182346	-0.168135	0.968752	-0.318184	0.942345	0.103660	-0.930327	-0.289340	-0.225330
31268	9.492146	1.114142	-2.697763	-0.060192	-0.111569	0.041343	-0.183462	-0.168081	0.968551	-0.317566	0.942579	0.103421	-0.930319	-0.288605	-0.226305
31269	9.463858	0.854921	-2.535222	-0.040237	-0.097137	0.046526	-0.184505	-0.167957	0.968374	-0.317084	0.942777	0.103103	-0.930277	-0.288033	-0.227204
31270	9.459139	0.883829	-2.315323	-0.041237	-0.082320	0.044888	-0.185407	-0.167778	0.968233	-0.316608	0.942972	0.102774	-0.930260	-0.287495	-0.227954
31271	9.399923	1.150891	-2.076448	-0.038337	-0.078453	0.047532	-0.186279	-0.167590	0.968098	-0.316140	0.943165	0.102443	-0.930245	-0.286972	-0.228674
31272	9.367035	1.311275	-1.968279	-0.100298	-0.088409	0.056760	-0.187253	-0.167327	0.967956	-0.315131	0.943536	0.102143	-0.930392	-0.285906	-0.229410
31273	9.438176	1.142302	-1.923265	-0.102423	-0.097179	0.071087	-0.188373	-0.166968	0.967800	-0.314022	0.943950	0.101732	-0.930541	-0.284747	-0.230246
31274	9.422240	1.016663	-1.836928	-0.099309	-0.109424	0.071026	-0.189609	-0.166613	0.967620	-0.312938	0.944358	0.101286	-0.930655	-0.283600	-0.231198
31275	9.440707	1.138580	-1.882557	-0.049590	-0.118962	0.073456	-0.190937	-0.166290	0.967414	-0.312314	0.944623	0.100732	-0.930593	-0.282903	-0.232298
31276	9.402471	1.352456	-1.794030	-0.019397	-0.135187	0.090379	-0.192443	-0.165839	0.967194	-0.311988	0.944816	0.099926	-0.930392	-0.282523	-0.233563
31277	9.407114	1.286917	-1.791322	-0.049280	-0.151053	0.096022	-0.194139	-0.165392	0.966931	-0.311322	0.945117	0.099154	-0.930263	-0.281777	-0.234974
31278	9.417901	1.254511	-1.783567	-0.063921	-0.158283	0.104516	-0.195927	-0.164863	0.966661	-0.310527	0.945467	0.098310	-0.930153	-0.280913	-0.236437
31279	9.462109	0.978937	-1.955764	-0.047206	-0.176382	0.111883	-0.197906	-0.164335	0.966347	-0.309846	0.945787	0.097383	-0.929962	-0.280146	-0.238095
31280	9.556820	0.999645	-1.854426	0.037245	-0.184043	0.121949	-0.199970	-0.163711	0.966028	-0.309951	0.945880	0.096136	-0.929485	-0.280197	-0.239890
31281	9.645840	1.267085	-1.639476	0.034548	-0.192023	0.131293	-0.202153	-0.163041	0.965687	-0.309986	0.946000	0.094826	-0.929001	-0.280180	-0.241778
31282	9.546566	1.222531	-1.776901	-0.029291	-0.211176	0.139276	-0.204530	-0.162329	0.965307	-0.309433	0.946306	0.093571	-0.928665	-0.279559	-0.243778
31283	9.486557	1.089840	-1.870544	0.062068	-0.233826	0.146924	-0.207147	-0.161627	0.964866	-0.309685	0.946374	0.092043	-0.928001	-0.279738	-0.246092
31284	9.511233	1.084429	-1.676678	0.097431	-0.251516	0.148544	-0.209919	-0.160943	0.964381	-0.310290	0.946335	0.090390	-0.927176	-0.280263	-0.248592
31285	9.446440	0.937143	-1.702669	0.141418	-0.279336	0.162923	-0.213005	-0.160220	0.963825	-0.311234	0.946203	0.088508	-0.926154	-0.281123	-0.251412
31286	9.492679	1.055961	-1.550695	0.223899	-0.303037	0.169461	-0.216317	-0.159483	0.963209	-0.312939	0.945842	0.086328	-0.924811	-0.282751	-0.254510
31287	9.409943	1.348061	-1.215587	0.221096	-0.334568	0.181176	-0.219969	-0.158753	0.962503	-0.314566	0.945506	0.084059	-0.923397	-0.284280	-0.257920
31288	9.470390	1.234976	-1.197650	0.145486	-0.375499	0.190049	-0.223997	-0.158048	0.961689	-0.315512	0.945382	0.081879	-0.922105	-0.285084	-0.261629
31289	9.494904	1.151207	-0.990463	0.139285	-0.419112	0.198609	-0.228477	-0.157401	0.960741	-0.316326	0.945301	0.079645	-0.920726	-0.285710	-0.265770
31290	9.565108	1.056231	-0.770768	0.057455	-0.459221	0.189363	-0.233259	-0.156947	0.959665	-0.316447	0.945423	0.077701	-0.919484	-0.285559	-0.270194
31291	9.619777	1.108449	-0.772229	-0.013871	-0.511828	0.176690	-0.238513	-0.156769	0.958402	-0.315882	0.945743	0.076087	-0.918330	-0.284595	-0.275092
31292	9.699124	0.662648	-0.937782	-0.053419	-0.575413	0.173173	-0.244294	-0.156787	0.956942	-0.315001	0.946155	0.074604	-0.917112	-0.283212	-0.280528
31293	9.660141	0.862057	-0.955155	0.014333	-0.629520	0.171213	-0.250592	-0.156982	0.955280	-0.314689	0.946386	0.072970	-0.915519	-0.282331	-0.286558
31294	9.749543	1.896193	-0.667683	0.012540	-0.703997	0.186836	-0.257564	-0.157223	0.953385	-0.314369	0.946629	0.071180	-0.913692	-0.281381	-0.293243
31295	9.823201	2.070539	-0.479056	-0.098443	-0.787896	0.206528	-0.265395	-0.157510	0.951187	-0.312911	0.947233	0.069548	-0.911950	-0.279179	-0.300677
31296	9.734810	0.927719	-0.690625	-0.141038	-0.861843	0.191089	-0.273779	-0.158123	0.948706	-0.311153	0.947910	0.068197	-0.910071	-0.276522	-0.308718
