// General information: 
//  MT Manager version: 2022.2.0 
//  XDA version: 2022.2.0 build 7381 rev 124627 built on 2023-07-19
// Device information: 
//  DeviceId: 00B4CAF0
//  ProductCode: MTW2-3A7G6
//  Firmware Version: 4.6.0
//  Hardware Version: 2.0.0
// Device settings: 
//  Filter Profile: human(46.1)
//  Option Flags: Orientation Smoother Disabled, Position/Velocity Smoother Disabled, Continuous Zero Rotation Update Disabled, AHS Disabled, ICC Disabled
// Coordinate system: ENU
PacketCounter	Acc_X	Acc_Y	Acc_Z	Gyr_X	Gyr_Y	Gyr_Z	Mat[1][1]	Mat[2][1]	Mat[3][1]	Mat[1][2]	Mat[2][2]	Mat[3][2]	Mat[1][3]	Mat[2][3]	Mat[3][3]
55268	9.927659	-2.362353	4.155386	-0.431880	1.186173	1.196589	-0.819283	-0.142296	0.555453	0.161128	-0.986817	-0.015142	0.550285	0.077094	0.831410
55269	10.331033	-1.512086	4.263108	-0.318745	1.013536	1.622756	-0.822096	-0.159024	0.546689	0.172677	-0.984615	-0.026744	0.542531	0.072415	0.836908
55270	15.406099	-14.019816	4.730718	0.361389	0.787007	1.413137	-0.826821	-0.159468	0.539385	0.169460	-0.985035	-0.031460	0.536330	0.065392	0.841471
55271	12.186916	2.604094	3.638017	3.356744	1.499951	0.602958	-0.833623	-0.166582	0.526614	0.192134	-0.981349	-0.006281	0.517839	0.095945	0.850081
55272	16.523647	11.130290	8.906544	3.372369	0.863696	0.233976	-0.839762	-0.159325	0.519052	0.198966	-0.979778	0.021157	0.505184	0.121041	0.854481
55273	8.656778	25.800620	9.198037	1.409520	1.313772	-0.274489	-0.846847	-0.158279	0.507737	0.203650	-0.978430	0.034654	0.491301	0.132747	0.860815
55274	14.409851	12.232588	4.350773	-0.057490	0.733625	-0.449501	-0.853604	-0.143308	0.500822	0.186275	-0.981818	0.036545	0.486478	0.124486	0.864779
55275	3.411688	17.353016	10.269883	-0.137797	0.958786	-0.438751	-0.859025	-0.140155	0.492374	0.181828	-0.982614	0.037527	0.478554	0.121764	0.869574
55276	2.215448	1.176309	12.299192	-1.186631	0.151474	0.195886	-0.860084	-0.139485	0.490713	0.174596	-0.984291	0.026234	0.479345	0.108240	0.870926
55277	4.043726	-3.051512	11.162910	-0.646008	-0.104541	0.135241	-0.859334	-0.140684	0.491684	0.172632	-0.984784	0.019942	0.481397	0.102018	0.870545
55278	3.609526	-3.901179	10.361547	-0.124331	0.032244	0.096520	-0.860454	-0.135813	0.491094	0.166188	-0.985920	0.018522	0.481664	0.097551	0.870909
55279	4.911305	-0.812355	9.088385	0.161177	-0.094499	0.021461	-0.859950	-0.135910	0.491950	0.167126	-0.985736	0.019817	0.482240	0.099259	0.870398
55280	5.327986	1.230008	8.655313	0.168674	-0.054943	-0.044574	-0.860454	-0.132915	0.491887	0.164668	-0.986113	0.021590	0.482187	0.099575	0.870391
55281	5.118719	1.262291	8.793209	0.069401	-0.033671	-0.067348	-0.860389	-0.132196	0.492194	0.164401	-0.986136	0.022523	0.482393	0.100295	0.870194
55282	4.755966	0.805919	8.846067	0.029996	-0.015586	-0.070390	-0.860732	-0.130771	0.491975	0.163092	-0.986339	0.023159	0.482225	0.100171	0.870301
55283	4.765370	1.161614	8.973595	-0.029145	-0.032152	-0.039010	-0.860628	-0.130333	0.492274	0.162594	-0.986423	0.023095	0.482580	0.099917	0.870134
55284	4.780038	1.017178	8.853937	-0.046025	-0.034184	-0.031923	-0.860744	-0.129314	0.492339	0.161307	-0.986639	0.022867	0.482804	0.099101	0.870103
55285	4.559051	1.182903	9.185338	-0.115216	-0.071598	-0.010015	-0.860401	-0.129124	0.492987	0.160643	-0.986769	0.021911	0.483636	0.098047	0.869760
55286	4.916434	0.352793	9.159292	-0.169910	-0.107652	0.015321	-0.860072	-0.128568	0.493706	0.159237	-0.987030	0.020368	0.484685	0.096134	0.869390
55287	5.494621	-0.884831	8.763107	-0.159550	-0.100820	0.045511	-0.859498	-0.128901	0.494619	0.158834	-0.987127	0.018753	0.485834	0.094681	0.868908
55288	5.904673	-1.609858	8.428827	-0.123058	-0.041056	0.061982	-0.859482	-0.128346	0.494791	0.157485	-0.987367	0.017443	0.486302	0.092914	0.868837
55289	5.830816	-1.850361	8.343929	-0.061266	0.042017	0.046406	-0.859600	-0.128824	0.494461	0.157566	-0.987368	0.016679	0.486066	0.092247	0.869040
55290	5.235231	-1.365972	8.649203	0.002453	0.122460	-0.017909	-0.860358	-0.128648	0.493187	0.157287	-0.987410	0.016818	0.484814	0.092041	0.869761
55291	5.038470	-0.043368	9.042006	0.064428	0.139066	-0.045025	-0.861090	-0.128313	0.491996	0.157191	-0.987411	0.017597	0.483544	0.092490	0.870420
55292	4.925869	0.889538	9.128638	0.033306	0.121736	-0.020665	-0.861741	-0.128679	0.490758	0.157671	-0.987328	0.017979	0.482226	0.092871	0.871110
55293	4.643424	1.140007	9.348023	-0.014103	0.078041	0.017287	-0.862078	-0.128904	0.490108	0.157733	-0.987322	0.017768	0.481604	0.092624	0.871481
55294	4.627447	1.142550	9.390386	-0.050509	0.015242	0.064667	-0.862137	-0.129077	0.489958	0.157514	-0.987370	0.017048	0.481569	0.091873	0.871579
55295	4.741737	0.725276	9.260801	-0.101016	-0.050280	0.104605	-0.861718	-0.130045	0.490440	0.157910	-0.987329	0.015652	0.482190	0.090933	0.871335
55296	5.002654	-0.029825	9.054589	-0.119004	-0.065219	0.129389	-0.861275	-0.130807	0.491014	0.157939	-0.987349	0.014006	0.482971	0.089614	0.871039
55297	5.366988	-0.488845	8.823145	-0.120189	-0.047807	0.117069	-0.860846	-0.131902	0.491473	0.158347	-0.987306	0.012381	0.483601	0.088482	0.870805
55298	5.301723	-0.709875	8.659484	-0.111559	-0.003869	0.094322	-0.860771	-0.132619	0.491411	0.158384	-0.987317	0.010978	0.483722	0.087281	0.870859
55299	5.155193	-0.513360	8.727429	-0.075880	0.039841	0.074139	-0.860834	-0.133368	0.491098	0.158636	-0.987287	0.009950	0.483528	0.086471	0.871047
55300	4.898388	-0.122515	8.909134	-0.063288	0.058065	0.068632	-0.860954	-0.134523	0.490572	0.159402	-0.987172	0.009053	0.483062	0.085992	0.871353
55301	4.817219	0.074159	9.030175	-0.046675	0.038219	0.067824	-0.861019	-0.135207	0.490271	0.159742	-0.987124	0.008310	0.482835	0.085472	0.871530
55302	4.763108	0.247141	8.998155	-0.047969	0.022123	0.068106	-0.861014	-0.135925	0.490081	0.160126	-0.987068	0.007556	0.482716	0.084981	0.871644
55303	4.819321	0.158251	8.986281	-0.039079	0.005978	0.066013	-0.860925	-0.136564	0.490060	0.160487	-0.987014	0.006889	0.482755	0.084579	0.871661
55304	4.863119	-0.057147	8.933263	-0.044220	0.004573	0.063792	-0.860864	-0.136998	0.490046	0.160603	-0.987000	0.006204	0.482825	0.084044	0.871674
55305	4.832883	-0.365578	8.875297	-0.024392	0.014110	0.041592	-0.860853	-0.137403	0.489952	0.160824	-0.986966	0.005785	0.482771	0.083776	0.871730
55306	4.873207	-0.351928	8.915694	0.007234	0.018604	0.017395	-0.860926	-0.137527	0.489789	0.160942	-0.986947	0.005772	0.482602	0.083797	0.871822
55307	4.918766	-0.301527	8.952015	0.021670	0.025041	0.002872	-0.861030	-0.137559	0.489597	0.161052	-0.986928	0.005944	0.482379	0.083968	0.871929
55308	4.970711	-0.225149	8.911663	0.036283	0.031016	-0.009506	-0.861206	-0.137562	0.489286	0.161227	-0.986897	0.006317	0.482006	0.084326	0.872100
55309	4.884056	-0.109341	8.987047	0.036104	0.031490	-0.011643	-0.861365	-0.137456	0.489037	0.161282	-0.986886	0.006686	0.481705	0.084632	0.872237
55310	4.973549	0.005591	8.876804	0.038579	0.035191	-0.015270	-0.861528	-0.137356	0.488776	0.161356	-0.986871	0.007079	0.481387	0.084966	0.872380
55311	4.915469	0.075549	8.909782	0.029264	0.041172	-0.013237	-0.861736	-0.137243	0.488442	0.161364	-0.986867	0.007396	0.481013	0.085190	0.872565
55312	4.897977	0.026976	8.902130	0.028559	0.040290	-0.018119	-0.861944	-0.137209	0.488084	0.161469	-0.986847	0.007730	0.480604	0.085473	0.872763
55313	4.863327	0.086135	9.019308	0.027128	0.047555	-0.020035	-0.862193	-0.137035	0.487693	0.161408	-0.986855	0.008061	0.480178	0.085668	0.872978
55314	4.752929	0.066402	9.112672	0.021223	0.034086	-0.022953	-0.862400	-0.136705	0.487419	0.161162	-0.986893	0.008356	0.479888	0.085759	0.873128
55315	4.775045	-0.084910	9.045207	0.023557	0.020973	-0.025528	-0.862530	-0.136453	0.487260	0.161036	-0.986910	0.008683	0.479697	0.085956	0.873214
55316	4.912988	0.014582	9.011062	0.032175	0.011376	-0.028742	-0.862608	-0.136347	0.487151	0.161127	-0.986892	0.009094	0.479526	0.086338	0.873270
55317	4.956112	-0.050283	8.948005	0.023938	0.011017	-0.029086	-0.862696	-0.136052	0.487078	0.160972	-0.986914	0.009442	0.479420	0.086551	0.873307
55318	4.939771	-0.088370	9.011609	0.028542	0.013852	-0.033263	-0.862795	-0.135736	0.486992	0.160819	-0.986935	0.009838	0.479294	0.086806	0.873351
55319	4.872766	-0.085487	9.052061	0.031648	0.007298	-0.027791	-0.862863	-0.135451	0.486951	0.160712	-0.986948	0.010247	0.479208	0.087101	0.873369
55320	4.925934	-0.072146	9.052405	0.035554	0.009242	-0.036851	-0.862967	-0.135009	0.486889	0.160468	-0.986983	0.010736	0.479101	0.087395	0.873398
55321	4.934088	-0.188287	9.077995	0.046722	0.003532	-0.033166	-0.863025	-0.134667	0.486880	0.160387	-0.986989	0.011302	0.479023	0.087844	0.873396
55322	5.072309	-0.015848	8.910218	0.053973	0.006872	-0.035142	-0.863091	-0.134101	0.486919	0.160078	-0.987032	0.011911	0.479007	0.088226	0.873366
55323	4.995617	0.185671	8.955757	0.051384	0.009315	-0.030497	-0.863173	-0.133791	0.486860	0.160043	-0.987031	0.012506	0.478873	0.088713	0.873391
55324	4.963910	0.246840	9.070770	0.035793	0.003504	-0.016808	-0.863223	-0.133501	0.486851	0.159927	-0.987045	0.012901	0.478821	0.088997	0.873390
55325	4.968099	0.223901	9.016803	0.016754	-0.005815	0.001850	-0.863180	-0.133497	0.486928	0.160004	-0.987030	0.013036	0.478873	0.089163	0.873345
55326	4.944050	0.309494	8.962678	0.005253	-0.015647	0.015981	-0.863083	-0.133490	0.487101	0.159997	-0.987032	0.012999	0.479049	0.089154	0.873249
55327	4.924838	0.163090	8.907884	-0.010342	-0.015979	0.022298	-0.862959	-0.133678	0.487270	0.160122	-0.987014	0.012797	0.479232	0.089066	0.873158
55328	4.826043	0.027213	8.841716	-0.014604	-0.011503	0.019711	-0.862848	-0.133955	0.487390	0.160322	-0.986985	0.012562	0.479364	0.088979	0.873094
55329	4.794152	0.022202	8.906938	-0.010359	-0.002261	0.003879	-0.862819	-0.133973	0.487437	0.160287	-0.986992	0.012450	0.479428	0.088872	0.873070
55330	4.756408	-0.015514	8.976935	-0.005019	-0.004835	-0.006933	-0.862812	-0.133891	0.487471	0.160196	-0.987007	0.012448	0.479471	0.088831	0.873050
55331	4.744541	-0.007833	9.016569	-0.002267	-0.002238	-0.016794	-0.862816	-0.133706	0.487515	0.160022	-0.987034	0.012507	0.479522	0.088804	0.873025
55332	4.715382	-0.030376	8.936901	0.004224	-0.005471	-0.026808	-0.862824	-0.133448	0.487572	0.159823	-0.987064	0.012669	0.479575	0.088857	0.872991
55333	4.643371	0.011872	9.011653	0.011970	-0.010001	-0.044393	-0.862835	-0.132983	0.487680	0.159479	-0.987116	0.012987	0.479670	0.088980	0.872926
55334	4.784239	-0.092750	9.029055	0.021327	-0.019486	-0.061577	-0.862840	-0.132352	0.487843	0.159044	-0.987179	0.013477	0.479805	0.089217	0.872828
55335	4.825013	-0.125061	8.927510	0.029996	-0.015146	-0.072665	-0.862870	-0.131603	0.487991	0.158542	-0.987252	0.014090	0.479915	0.089525	0.872735
55336	4.892335	-0.116199	8.886960	0.052827	-0.011421	-0.080953	-0.862908	-0.130862	0.488123	0.158162	-0.987301	0.014913	0.479973	0.090071	0.872647
55337	4.918619	0.002314	8.814362	0.061601	0.004275	-0.085751	-0.863052	-0.130002	0.488099	0.157699	-0.987360	0.015866	0.479866	0.090666	0.872644
55338	4.932506	-0.005612	8.957287	0.068380	0.009227	-0.083630	-0.863216	-0.129317	0.487990	0.157452	-0.987383	0.016865	0.479652	0.091393	0.872686
55339	4.995990	0.146042	8.906230	0.072215	0.017525	-0.081164	-0.863416	-0.128514	0.487849	0.157079	-0.987424	0.017888	0.479415	0.092076	0.872745
55340	5.003756	0.233668	8.969878	0.061251	0.011791	-0.067961	-0.863559	-0.127930	0.487750	0.156866	-0.987442	0.018738	0.479228	0.092693	0.872782
55341	4.967668	0.253806	9.017042	0.049316	0.006234	-0.053427	-0.863660	-0.127391	0.487712	0.156623	-0.987467	0.019426	0.479125	0.093164	0.872789
55342	4.949671	0.234210	9.061633	0.046592	0.000892	-0.039882	-0.863716	-0.127020	0.487709	0.156523	-0.987471	0.020017	0.479056	0.093627	0.872777
55343	4.900210	0.140067	9.050163	0.036261	-0.004160	-0.032323	-0.863735	-0.126680	0.487765	0.156399	-0.987481	0.020488	0.479063	0.093983	0.872735
55344	4.952067	0.105162	9.073093	0.042327	-0.011274	-0.030854	-0.863728	-0.126409	0.487847	0.156386	-0.987473	0.021008	0.479080	0.094438	0.872676
55345	5.019038	0.176033	8.990210	0.031526	-0.012033	-0.022907	-0.863694	-0.126154	0.487973	0.156321	-0.987475	0.021392	0.479162	0.094757	0.872596
55346	4.980024	0.157728	9.041009	0.019367	-0.020088	-0.017337	-0.863605	-0.126020	0.488166	0.156320	-0.987470	0.021628	0.479323	0.094988	0.872483
55347	4.973977	0.205845	8.983557	0.010378	-0.026272	-0.006841	-0.863478	-0.125910	0.488419	0.156292	-0.987471	0.021749	0.479561	0.095116	0.872338
55348	4.937974	0.174340	8.961163	0.001346	-0.038118	0.000535	-0.863272	-0.125798	0.488810	0.156206	-0.987485	0.021735	0.479959	0.095118	0.872119
55349	4.970019	0.138621	8.989556	-0.003038	-0.044176	0.010544	-0.863032	-0.125843	0.489224	0.156264	-0.987478	0.021654	0.480373	0.095136	0.871889
55350	4.934971	0.169969	8.924247	-0.006306	-0.045403	0.013980	-0.862784	-0.125826	0.489664	0.156223	-0.987487	0.021515	0.480830	0.095060	0.871646
55351	4.967343	0.132919	8.952455	-0.012338	-0.043760	0.019895	-0.862531	-0.125963	0.490075	0.156317	-0.987477	0.021307	0.481254	0.094985	0.871420
55352	4.920190	0.106315	8.969379	-0.009687	-0.043240	0.022089	-0.862257	-0.126091	0.490524	0.156392	-0.987470	0.021078	0.481720	0.094889	0.871173
55353	4.941716	0.065715	8.964944	-0.014110	-0.043808	0.024732	-0.861995	-0.126276	0.490936	0.156519	-0.987455	0.020831	0.482147	0.094797	0.870946
55354	4.998247	0.013098	8.913510	-0.006589	-0.044268	0.020212	-0.861744	-0.126357	0.491357	0.156568	-0.987451	0.020659	0.482581	0.094733	0.870713
55355	4.973677	-0.017555	8.923462	-0.007265	-0.036766	0.014775	-0.861531	-0.126450	0.491706	0.156642	-0.987442	0.020520	0.482937	0.094700	0.870519
55356	4.945844	-0.032275	8.914974	-0.000215	-0.032937	0.010636	-0.861332	-0.126556	0.492028	0.156757	-0.987426	0.020436	0.483254	0.094731	0.870340
55357	5.007660	0.010580	8.908228	0.008151	-0.027487	0.005743	-0.861178	-0.126569	0.492294	0.156827	-0.987414	0.020476	0.483506	0.094838	0.870188
55358	4.952168	0.027927	8.961102	0.009809	-0.024041	0.005584	-0.861037	-0.126554	0.492543	0.156861	-0.987408	0.020512	0.483745	0.094923	0.870046
55359	4.928717	0.048837	8.948324	0.010861	-0.024875	-0.004113	-0.860911	-0.126472	0.492785	0.156860	-0.987406	0.020624	0.483970	0.095053	0.869907
55360	4.968910	-0.041908	8.961125	0.014934	-0.026116	-0.007345	-0.860781	-0.126245	0.493071	0.156711	-0.987426	0.020761	0.484250	0.095141	0.869741
55361	4.893202	0.230801	9.034068	0.031434	-0.034279	-0.014446	-0.860625	-0.126052	0.493392	0.156721	-0.987418	0.021103	0.484524	0.095486	0.869551
55362	4.941659	-0.298343	8.938239	0.023464	-0.035802	-0.020993	-0.860479	-0.125816	0.493706	0.156654	-0.987422	0.021398	0.484804	0.095754	0.869366
55363	4.908301	-0.006842	9.050186	0.051321	-0.036174	-0.030221	-0.860339	-0.125465	0.494040	0.156624	-0.987413	0.021990	0.485063	0.096298	0.869161
55364	4.879170	0.126123	9.029177	0.064786	-0.043903	-0.043772	-0.860182	-0.124975	0.494438	0.156537	-0.987410	0.022750	0.485370	0.096966	0.868915
55365	4.936227	0.019425	9.019912	0.066733	-0.050555	-0.057900	-0.860014	-0.124337	0.494889	0.156344	-0.987420	0.023613	0.485728	0.097680	0.868635
55366	4.916720	-0.278559	9.054734	0.088950	-0.051615	-0.084104	-0.859888	-0.123587	0.495297	0.156197	-0.987415	0.024793	0.485999	0.098683	0.868370
55367	4.791997	-0.406827	9.146397	0.127814	-0.043792	-0.108068	-0.859831	-0.122459	0.495675	0.155870	-0.987424	0.026435	0.486204	0.099991	0.868106
55368	4.719017	-0.510675	9.054925	0.201921	-0.081220	-0.139056	-0.859655	-0.121003	0.496338	0.155651	-0.987390	0.028868	0.486586	0.102072	0.867649
55369	4.945197	-0.023997	9.042025	0.235324	-0.073514	-0.158917	-0.859532	-0.119340	0.496953	0.155411	-0.987341	0.031696	0.486880	0.104476	0.867198
55370	4.818910	0.266267	9.110905	0.242391	-0.092158	-0.162589	-0.859328	-0.117553	0.497732	0.155089	-0.987295	0.034582	0.487343	0.106910	0.866641
55371	4.767215	0.462433	9.217655	0.199421	-0.131452	-0.171827	-0.858940	-0.115697	0.498834	0.154566	-0.987283	0.037163	0.488191	0.109023	0.865900
55372	4.671768	0.664218	9.245194	0.074017	-0.195187	-0.191946	-0.858287	-0.113489	0.500463	0.153162	-0.987441	0.038751	0.489780	0.109911	0.864890
55373	5.143168	0.234500	8.963302	-0.007551	-0.238991	-0.246396	-0.857477	-0.110775	0.502457	0.150992	-0.987729	0.039918	0.491869	0.110096	0.863680
55374	5.133852	-0.151246	8.766415	-0.101748	-0.255020	-0.322125	-0.856705	-0.107327	0.504516	0.147741	-0.988190	0.040655	0.494195	0.109368	0.862444
55375	5.218361	-0.311663	8.640082	-0.180445	-0.241780	-0.425594	-0.856114	-0.102839	0.506451	0.143183	-0.988836	0.041249	0.496555	0.107829	0.861282
55376	5.371521	-0.213681	8.424152	-0.278626	-0.209114	-0.554480	-0.855853	-0.097130	0.508016	0.137041	-0.989689	0.041649	0.498733	0.105265	0.860340
55377	5.596325	-0.059917	8.177206	-0.414138	-0.155333	-0.684869	-0.855976	-0.090170	0.509092	0.129090	-0.990761	0.041567	0.500641	0.101300	0.859708
55378	5.713241	-0.006310	7.998884	-0.517119	-0.070580	-0.795805	-0.856600	-0.082267	0.509381	0.119733	-0.991953	0.041145	0.501897	0.096234	0.859557
55379	5.748665	0.036476	7.926861	-0.579674	0.041602	-0.875686	-0.857798	-0.073596	0.508691	0.109297	-0.993179	0.040616	0.502232	0.090438	0.859991
55380	5.726645	0.196393	7.903574	-0.583058	0.160849	-0.904034	-0.859524	-0.064492	0.507010	0.098295	-0.994347	0.040157	0.501554	0.084352	0.861004
55381	5.579552	0.599767	7.922197	-0.517407	0.286560	-0.861730	-0.861749	-0.056135	0.504220	0.088269	-0.995291	0.040052	0.499597	0.079021	0.862646
55382	5.290195	1.085219	8.241200	-0.385755	0.380933	-0.732714	-0.864254	-0.049058	0.500658	0.079927	-0.995983	0.040378	0.496666	0.074913	0.864703
55383	5.037035	1.681242	8.518287	-0.178055	0.445960	-0.483020	-0.866821	-0.044558	0.496625	0.074845	-0.996342	0.041242	0.492970	0.072919	0.866985
55384	3.743011	4.471429	9.782498	-0.055909	0.399006	-0.107962	-0.868834	-0.043578	0.493182	0.073401	-0.996449	0.041262	0.489632	0.072050	0.868947
55385	4.752720	4.901153	9.822353	-0.306878	0.153495	0.189510	-0.869432	-0.045557	0.491947	0.073527	-0.996582	0.037657	0.488550	0.068912	0.869810
55386	4.392920	0.883724	9.696877	-0.566339	0.029684	0.339474	-0.869295	-0.048581	0.491900	0.073281	-0.996828	0.031054	0.488831	0.063042	0.870098
55387	3.921429	-1.748654	9.774656	-0.486691	-0.048333	0.318503	-0.868811	-0.051709	0.492436	0.073647	-0.996965	0.025249	0.489636	0.058203	0.869982
55388	5.699754	-2.620107	8.922069	-0.218699	-0.103853	0.216179	-0.868115	-0.053536	0.493467	0.074142	-0.996999	0.022268	0.490794	0.055918	0.869479
55389	4.768958	-1.816317	9.248254	-0.088799	-0.009482	0.100382	-0.867981	-0.054514	0.493597	0.074557	-0.996996	0.020998	0.490969	0.055027	0.869437
55390	4.891282	-0.210478	9.122656	-0.012449	0.011627	0.036142	-0.867989	-0.054661	0.493565	0.074550	-0.997003	0.020688	0.490955	0.054752	0.869463
55391	4.730985	1.186975	9.234524	-0.017403	-0.018153	0.050424	-0.867849	-0.055136	0.493760	0.074881	-0.996986	0.020285	0.491153	0.054577	0.869362
55392	5.003653	0.718908	8.869652	-0.067018	-0.063784	0.101010	-0.867446	-0.056006	0.494369	0.075302	-0.996976	0.019184	0.491800	0.053868	0.869040
55393	4.830865	2.151981	8.893626	-0.101575	-0.081538	0.136450	-0.866928	-0.057305	0.495129	0.075965	-0.996955	0.017623	0.492611	0.052890	0.868641
55394	5.280800	0.010283	8.642529	-0.248310	-0.090369	0.170484	-0.866321	-0.058852	0.496009	0.076082	-0.996995	0.014590	0.493660	0.050377	0.868195
55395	5.461360	-1.320829	8.468889	-0.203436	-0.046654	0.138538	-0.865971	-0.060192	0.496459	0.076257	-0.997014	0.012133	0.494246	0.048365	0.867976
55396	5.329415	-2.015413	8.554248	-0.104041	0.029378	0.058651	-0.866047	-0.060622	0.496273	0.076045	-0.997045	0.010913	0.494145	0.047190	0.868098
55397	5.161922	-0.908115	8.755865	-0.001400	0.091739	-0.003359	-0.866489	-0.060613	0.495502	0.075988	-0.997049	0.010914	0.493379	0.047109	0.868538
55398	5.044773	0.026193	8.954415	0.006692	0.110666	-0.011465	-0.867029	-0.060355	0.494588	0.075687	-0.997071	0.011007	0.492475	0.046977	0.869058
55399	5.003471	0.445403	8.942877	-0.012833	0.100044	0.000070	-0.867508	-0.060385	0.493745	0.075603	-0.997079	0.010892	0.491645	0.046777	0.869539
55400	4.781405	0.255732	9.156917	-0.035509	0.082711	0.020031	-0.867888	-0.060449	0.493067	0.075395	-0.997099	0.010466	0.491004	0.046258	0.869928
55401	4.778169	0.285684	9.157135	-0.035778	0.057618	0.022485	-0.868141	-0.060682	0.492595	0.075393	-0.997103	0.010040	0.490559	0.045854	0.870201
55402	4.785244	0.376730	9.076927	-0.038677	0.034660	0.029563	-0.868283	-0.060913	0.492316	0.075361	-0.997111	0.009542	0.490312	0.045386	0.870364
55403	4.789606	0.247626	9.065860	-0.051213	0.020031	0.026997	-0.868347	-0.061173	0.492170	0.075323	-0.997119	0.008960	0.490204	0.044852	0.870453
55404	4.795986	0.067455	9.075048	-0.058532	0.001339	0.023401	-0.868326	-0.061153	0.492209	0.074942	-0.997153	0.008319	0.490299	0.044110	0.870437
55405	4.837910	-0.161086	8.966105	-0.048421	-0.011168	0.013945	-0.868247	-0.061269	0.492334	0.074803	-0.997168	0.007825	0.490460	0.043622	0.870371
55406	4.986585	-0.221403	8.884622	-0.038484	-0.005053	0.004397	-0.868173	-0.060791	0.492524	0.074039	-0.997228	0.007425	0.490707	0.042912	0.870267
55407	4.954517	-0.374497	8.922372	-0.027201	0.005089	-0.007338	-0.868190	-0.060701	0.492506	0.073820	-0.997245	0.007220	0.490711	0.042626	0.870279
55408	4.996247	-0.364696	8.890131	-0.001935	0.012906	-0.017123	-0.868261	-0.060479	0.492407	0.073589	-0.997262	0.007272	0.490619	0.042550	0.870335
55409	5.047362	-0.158319	8.897797	0.014043	0.025604	-0.030866	-0.868396	-0.060164	0.492208	0.073368	-0.997276	0.007543	0.490414	0.042662	0.870445
55410	4.939916	0.052396	8.974928	0.011934	0.021135	-0.025243	-0.868519	-0.059541	0.492067	0.072771	-0.997318	0.007766	0.490285	0.042553	0.870523
55411	4.910761	0.171400	9.086477	0.005079	0.003894	-0.017887	-0.868537	-0.059345	0.492059	0.072618	-0.997329	0.007894	0.490276	0.042589	0.870526
55412	4.914507	0.206228	9.083005	-0.006759	-0.017699	-0.009150	-0.868446	-0.059232	0.492233	0.072475	-0.997339	0.007855	0.490458	0.042496	0.870428
55413	4.935503	0.127422	9.007791	-0.013108	-0.033708	0.000928	-0.868266	-0.059208	0.492553	0.072397	-0.997346	0.007732	0.490788	0.042373	0.870248
55414	5.001279	0.099541	8.969132	-0.014531	-0.040089	0.004586	-0.868061	-0.059346	0.492898	0.072476	-0.997342	0.007558	0.491139	0.042284	0.870054
55415	5.021256	0.076503	8.944873	-0.026296	-0.043832	0.007098	-0.867827	-0.059379	0.493306	0.072386	-0.997350	0.007291	0.491566	0.042035	0.869825
55416	5.010009	-0.097112	8.957967	-0.021055	-0.055739	0.004327	-0.867491	-0.058506	0.494000	0.071277	-0.997432	0.007038	0.492319	0.041316	0.869434
55417	5.019372	-0.071480	8.879397	-0.018295	-0.045313	-0.001509	-0.867255	-0.058453	0.494420	0.071151	-0.997442	0.006883	0.492753	0.041148	0.869196
55418	4.974192	0.040389	8.922733	-0.012923	-0.044662	-0.005483	-0.867031	-0.058368	0.494823	0.071014	-0.997452	0.006775	0.493167	0.041014	0.868967
55419	4.974926	0.005578	8.923683	-0.010144	-0.042089	-0.013066	-0.866819	-0.058201	0.495215	0.070828	-0.997466	0.006748	0.493567	0.040925	0.868744
55420	4.970290	-0.005764	8.979593	-0.008028	-0.045453	-0.020427	-0.866588	-0.057455	0.495706	0.070000	-0.997524	0.006755	0.494091	0.040553	0.868464
55421	4.944400	-0.020690	8.969896	-0.007566	-0.046789	-0.024482	-0.866359	-0.057173	0.496138	0.069728	-0.997543	0.006807	0.494530	0.040492	0.868217
55422	5.030118	-0.174469	8.877326	0.001152	-0.047607	-0.028291	-0.866121	-0.056492	0.496632	0.069035	-0.997590	0.006920	0.495045	0.040278	0.867933
55423	4.980083	-0.276463	8.826425	0.008442	-0.039342	-0.033211	-0.865934	-0.056125	0.496999	0.068766	-0.997607	0.007155	0.495408	0.040372	0.867722
55424	4.975153	-0.142711	8.910418	0.023355	-0.036708	-0.045916	-0.865782	-0.055625	0.497320	0.068445	-0.997626	0.007572	0.495718	0.040595	0.867534
55425	5.010445	-0.179691	8.864301	0.030857	-0.028998	-0.048742	-0.865657	-0.055107	0.497595	0.068152	-0.997642	0.008078	0.495976	0.040905	0.867372
55426	4.980831	-0.132654	8.907401	0.033014	-0.029775	-0.049319	-0.865534	-0.054582	0.497867	0.067852	-0.997658	0.008585	0.496233	0.041212	0.867211
55427	5.015546	-0.026943	8.889151	0.039176	-0.026087	-0.049957	-0.865424	-0.054053	0.498116	0.067591	-0.997671	0.009170	0.496460	0.041604	0.867062
55428	5.025100	-0.003016	8.902459	0.035095	-0.032885	-0.048412	-0.865262	-0.052646	0.498548	0.066289	-0.997753	0.009686	0.496918	0.041429	0.866808
55429	4.961733	0.045102	8.920095	0.038512	-0.031981	-0.049707	-0.865122	-0.052117	0.498847	0.066026	-0.997765	0.010264	0.497197	0.041817	0.866629
55430	4.967899	0.085103	8.915100	0.036817	-0.040131	-0.046649	-0.864961	-0.051211	0.499219	0.065317	-0.997806	0.010813	0.497570	0.041960	0.866408
55431	5.024088	0.012253	8.864175	0.037434	-0.044580	-0.055366	-0.864761	-0.050619	0.499626	0.065000	-0.997820	0.011410	0.497960	0.042343	0.866166
55432	5.000124	-0.097428	8.897041	0.041080	-0.044443	-0.062807	-0.864559	-0.049324	0.500105	0.063903	-0.997883	0.012053	0.498452	0.042379	0.865881
55433	4.978220	-0.121297	8.905576	0.052695	-0.045755	-0.078870	-0.864366	-0.048497	0.500519	0.063459	-0.997901	0.012900	0.498842	0.042913	0.865630
55434	4.922350	-0.185821	8.983104	0.071362	-0.045820	-0.095445	-0.864174	-0.047172	0.500977	0.062570	-0.997943	0.013965	0.499288	0.043414	0.865348
55435	4.959395	-0.215468	8.936333	0.084475	-0.053787	-0.111825	-0.863960	-0.046012	0.501453	0.062001	-0.997960	0.015253	0.499728	0.044268	0.865050
55436	4.939567	-0.141264	8.992607	0.102000	-0.068537	-0.124304	-0.863683	-0.044062	0.502107	0.060651	-0.998019	0.016747	0.500374	0.044918	0.864644
55437	4.888367	-0.115164	9.044306	0.111492	-0.084369	-0.134891	-0.863327	-0.042655	0.502839	0.060019	-0.998028	0.018385	0.501063	0.046052	0.864184
55438	4.849055	0.056753	9.154194	0.128595	-0.115449	-0.136952	-0.862835	-0.040954	0.503823	0.059154	-0.998045	0.020178	0.502012	0.047213	0.863571
55439	4.764228	-0.025282	9.279281	0.145084	-0.152157	-0.130476	-0.862133	-0.039556	0.505136	0.058731	-0.998029	0.022085	0.503267	0.048708	0.862757
55440	4.536251	0.401907	9.487203	0.172082	-0.224850	-0.128046	-0.861009	-0.036898	0.507250	0.057012	-0.998081	0.024172	0.505384	0.049732	0.861460
55441	4.662828	0.597264	9.407203	0.102145	-0.334624	-0.106552	-0.859358	-0.035643	0.510130	0.056587	-0.998070	0.025590	0.508233	0.050857	0.859716
55442	4.876859	0.798185	9.476774	0.095583	-0.408836	-0.068309	-0.857268	-0.033764	0.513762	0.055330	-0.998110	0.026729	0.511888	0.051340	0.857517
55443	4.644145	0.776431	9.792012	0.054828	-0.519317	-0.020567	-0.854595	-0.033267	0.518229	0.055409	-0.998090	0.027301	0.516331	0.052046	0.854806
55444	4.492003	0.665890	10.014339	0.032639	-0.679099	0.026719	-0.851021	-0.032046	0.524153	0.054479	-0.998138	0.027429	0.522298	0.051898	0.851183
55445	4.347590	0.287951	10.202528	0.007882	-0.869607	0.068328	-0.846394	-0.032251	0.531580	0.055073	-0.998114	0.027132	0.529702	0.052240	0.846573
55446	4.037867	0.396381	10.435384	0.003290	-1.077506	0.085810	-0.840533	-0.030901	0.540879	0.053867	-0.998192	0.026683	0.539076	0.051563	0.840677
55447	4.011027	0.683924	10.589531	-0.058221	-1.317572	0.093260	-0.833290	-0.031130	0.551959	0.054303	-0.998194	0.025684	0.550163	0.051375	0.833476
55448	4.077191	0.942929	10.432555	-0.136452	-1.579663	0.132782	-0.824365	-0.030007	0.565263	0.052650	-0.998330	0.023787	0.563605	0.049370	0.824568
55449	3.992048	0.676592	10.495868	-0.139933	-1.855759	0.181109	-0.813650	-0.030883	0.580534	0.053306	-0.998345	0.021601	0.578906	0.048522	0.813949
55450	3.987422	0.926545	10.700673	-0.133745	-2.171841	0.229501	-0.800664	-0.030664	0.598329	0.052529	-0.998436	0.019124	0.596807	0.046742	0.801022
55451	3.777299	0.610878	10.850977	-0.177414	-2.522133	0.252043	-0.785204	-0.031989	0.618410	0.053422	-0.998441	0.016183	0.616928	0.045744	0.785689
55452	3.780246	-0.262491	10.977809	-0.210312	-2.881445	0.260715	-0.766846	-0.030711	0.641096	0.050762	-0.998628	0.012880	0.639821	0.042420	0.767353
55453	3.558473	-1.009037	11.079752	-0.087541	-3.290429	0.227342	-0.745243	-0.031559	0.666046	0.051881	-0.998596	0.010734	0.664771	0.042554	0.745834
55454	3.694829	-1.143781	10.944738	0.018024	-3.710138	0.181052	-0.719771	-0.028878	0.693611	0.049299	-0.998738	0.009576	0.692459	0.041087	0.720286
55455	3.777412	-2.041584	10.774204	0.181883	-4.129882	0.090523	-0.690500	-0.027999	0.722790	0.051194	-0.998636	0.010222	0.721518	0.044061	0.690992
55456	3.755079	-2.648133	10.391266	0.496376	-4.581025	-0.064088	-0.656422	-0.020752	0.754108	0.047685	-0.998764	0.014024	0.752885	0.045165	0.656600
55457	5.334027	-2.277094	10.256251	0.798073	-5.053085	-0.198017	-0.617639	-0.016241	0.786294	0.052531	-0.998406	0.020641	0.784705	0.054054	0.617508
55458	7.707701	-2.092643	10.100033	0.948196	-5.309618	-0.366234	-0.574754	-0.004392	0.818315	0.049242	-0.998359	0.029228	0.816844	0.057094	0.574027
55459	11.501430	-4.510911	9.772223	1.180980	-5.439294	-0.583858	-0.529789	0.004890	0.848116	0.055810	-0.997615	0.040614	0.846291	0.068851	0.528252
55460	14.466310	-3.391825	10.130491	1.412350	-5.138715	-0.826563	-0.485110	0.022154	0.874173	0.053277	-0.997073	0.054834	0.872829	0.073174	0.482510
55461	15.670245	-3.953992	9.848221	1.684735	-4.647450	-1.091358	-0.444661	0.036816	0.894942	0.063055	-0.995389	0.072278	0.893477	0.088570	0.440289
55462	13.806414	-4.124806	10.011353	1.972763	-4.064925	-1.288411	-0.407586	0.057928	0.911328	0.064927	-0.993622	0.092198	0.910856	0.096749	0.401225
55463	11.566850	-4.202201	12.139550	2.285230	-3.278488	-1.350321	-0.378485	0.074862	0.922575	0.080538	-0.990280	0.113397	0.922097	0.117221	0.368777
55464	5.410620	-4.346835	12.956225	2.528519	-2.514606	-1.252233	-0.356010	0.091398	0.930002	0.096675	-0.986263	0.133935	0.929468	0.137590	0.342283
55465	0.923412	-3.562631	12.776532	2.582432	-1.917729	-0.945328	-0.339126	0.103595	0.935020	0.117417	-0.981485	0.151330	0.933385	0.161107	0.320683
55466	1.221942	-2.530066	10.884028	2.446858	-1.271631	-0.534112	-0.328009	0.110986	0.938132	0.138270	-0.976739	0.163898	0.934501	0.183475	0.305033
55467	5.574187	-0.152648	12.643333	2.031150	-0.152313	-0.135771	-0.326757	0.112636	0.938373	0.156754	-0.972662	0.171337	0.932018	0.203079	0.300168
55468	0.944788	2.211956	14.080054	1.219479	0.887094	0.220970	-0.334829	0.108392	0.936024	0.169116	-0.970319	0.172859	0.926979	0.216174	0.306560
55469	-2.812470	0.761768	12.597794	0.138404	1.334502	0.471895	-0.346333	0.100943	0.932665	0.171975	-0.970514	0.168900	0.922214	0.218891	0.318761
55470	-3.779783	-2.749894	10.486193	-0.356835	1.477243	0.541443	-0.359203	0.092206	0.928693	0.170923	-0.971776	0.162594	0.917474	0.217139	0.333305
55471	-2.962263	-4.180634	9.412840	-0.366770	1.568315	0.459848	-0.372741	0.084380	0.924091	0.169221	-0.972977	0.157101	0.912375	0.214934	0.348389
55472	-0.193368	-3.698893	9.604411	-0.258828	1.792284	0.367926	-0.388648	0.076643	0.918193	0.168639	-0.973784	0.152664	0.905822	0.214175	0.365534
55473	2.286735	-2.373855	9.952558	-0.271281	2.167861	0.320701	-0.407630	0.068921	0.910542	0.167440	-0.974599	0.148729	0.897665	0.213087	0.385736
55474	3.974624	-1.268894	9.960796	-0.432138	2.609918	0.370106	-0.430553	0.059414	0.900607	0.165550	-0.975703	0.143513	0.887252	0.210886	0.410256
55475	4.919852	-0.854901	9.504089	-0.673593	3.051644	0.475270	-0.456637	0.048446	0.888333	0.161693	-0.977367	0.136417	0.874836	0.205930	0.438468
55476	5.722002	-0.865350	8.936808	-0.881683	3.399914	0.565988	-0.485472	0.035625	0.873526	0.157132	-0.979343	0.127268	0.860016	0.199044	0.469845
55477	6.374518	-0.443386	8.391438	-1.042840	3.662729	0.612426	-0.515698	0.022529	0.856474	0.151284	-0.981553	0.116910	0.843308	0.189861	0.502777
55478	6.928012	0.174663	8.011282	-1.219346	3.812941	0.612852	-0.546831	0.009026	0.837195	0.144832	-0.983847	0.105207	0.824621	0.178783	0.536691
55479	7.335709	0.975742	7.668709	-1.396795	3.858915	0.576405	-0.577439	-0.003256	0.816427	0.136657	-0.986270	0.092721	0.804915	0.165111	0.569956
55480	7.751044	1.426197	7.625128	-1.580994	3.815251	0.478264	-0.607345	-0.014427	0.794307	0.127352	-0.988673	0.079419	0.784164	0.149392	0.602303
55481	8.485715	1.870846	7.775892	-1.728944	3.737477	0.302152	-0.635871	-0.022638	0.771463	0.115820	-0.991050	0.066382	0.763056	0.131561	0.632802
55482	9.162628	2.188044	7.965742	-1.885137	3.646140	0.038330	-0.663465	-0.027953	0.747685	0.102363	-0.993297	0.053698	0.741172	0.112162	0.661879
55483	10.071469	1.957214	8.180772	-2.056223	3.557536	-0.282589	-0.689684	-0.028720	0.723540	0.085401	-0.995466	0.041891	0.719056	0.090683	0.689010
55484	11.457508	1.339725	8.189902	-2.173660	3.493400	-0.544979	-0.715007	-0.026541	0.698613	0.066634	-0.997317	0.030308	0.695934	0.068222	0.714858
55485	12.781256	0.595498	7.857443	-2.227611	3.466596	-0.652602	-0.739068	-0.021963	0.673272	0.046615	-0.998740	0.018590	0.672016	0.045124	0.739161
55486	13.879726	-0.299392	7.009133	-2.174506	3.451137	-0.557689	-0.762220	-0.018102	0.647065	0.028605	-0.999574	0.005732	0.646685	0.022878	0.762414
55487	14.158593	-0.858494	5.821767	-2.000896	3.389180	-0.243630	-0.783734	-0.016065	0.620888	0.014002	-0.999868	-0.008196	0.620938	0.002270	0.783856
55488	14.010405	-0.360364	4.493035	-1.738252	3.200012	0.255156	-0.803336	-0.018845	0.595228	0.005852	-0.999701	-0.023752	0.595498	-0.015598	0.803206
55489	14.121202	0.531194	3.187929	-1.479092	2.907636	0.864321	-0.820247	-0.026779	0.571382	0.004199	-0.999158	-0.040801	0.571994	-0.031068	0.819669
55490	14.165266	1.340193	2.157821	-1.188100	2.560484	1.373920	-0.834641	-0.039993	0.549340	0.009308	-0.998242	-0.058533	0.550715	-0.043741	0.833546
55491	14.321139	2.769342	1.584376	-0.861911	2.199111	1.641291	-0.846306	-0.055275	0.529822	0.018399	-0.997042	-0.074628	0.532380	-0.053410	0.844819
55492	15.194658	5.469571	1.313892	-0.651535	1.902869	1.648831	-0.855965	-0.071040	0.512130	0.029408	-0.995602	-0.088952	0.516197	-0.061079	0.854289
55493	15.823012	6.985222	1.020298	-0.706242	1.694466	1.326512	-0.864133	-0.083106	0.496355	0.037186	-0.994119	-0.101710	0.501888	-0.069433	0.862141
55494	16.020708	7.134105	0.497605	-0.772471	1.541124	0.727880	-0.871526	-0.089530	0.482107	0.039978	-0.992891	-0.112116	0.488717	-0.078438	0.868909
55495	15.391490	6.833973	-0.150501	-0.786197	1.370306	0.026448	-0.878118	-0.088631	0.470164	0.036377	-0.992215	-0.119103	0.477060	-0.087484	0.874506
55496	14.070240	-6.533058	-1.568650	-0.186152	1.087857	-0.941029	-0.883585	-0.078537	0.461639	0.027396	-0.992817	-0.116467	0.467470	-0.090261	0.879389
55497	12.642056	5.147047	-2.167080	2.347011	0.363844	-2.082519	-0.885756	-0.057514	0.460575	0.019864	-0.996081	-0.086184	0.463727	-0.067190	0.883427
55498	19.167221	2.354225	-4.659509	2.348564	0.196270	-2.367771	-0.887035	-0.033951	0.460451	0.009863	-0.998459	-0.054618	0.461596	-0.043907	0.886003
55499	17.487291	6.714990	-1.610877	3.144919	-0.056810	-2.691398	-0.886897	-0.007044	0.461914	0.000477	-0.999897	-0.014333	0.461968	-0.012492	0.886809
55500	11.833585	24.733014	11.600717	1.161017	-1.167705	-2.006877	-0.881329	0.012885	0.472328	-0.011826	-0.999916	0.005213	0.472355	-0.000992	0.881408
55501	23.858102	-7.455868	9.607172	-0.736374	-0.891696	-0.317731	-0.877018	0.016047	0.480190	-0.018162	-0.999835	0.000242	0.480114	-0.008509	0.877165
55502	6.972723	11.380803	17.123336	0.871935	1.017181	-0.213589	-0.881807	0.018230	0.471258	-0.015928	-0.999834	0.008873	0.471341	0.000318	0.881951
55503	-1.117542	2.177569	13.441740	-0.106737	-0.171334	0.069071	-0.880993	0.017567	0.472804	-0.015859	-0.999845	0.007597	0.472864	-0.000805	0.881135
55504	4.469630	3.230523	9.883088	0.299117	-0.132485	-0.011374	-0.880357	0.017670	0.473982	-0.014543	-0.999842	0.010262	0.474088	0.002141	0.880475
55505	5.214833	1.249155	8.675737	0.150843	-0.244675	0.100477	-0.879192	0.016700	0.476175	-0.012979	-0.999854	0.011103	0.476291	0.003582	0.879280
55506	6.221938	1.480328	7.795991	0.004721	-0.100454	0.022531	-0.878709	0.016470	0.477073	-0.012755	-0.999858	0.011024	0.477186	0.003602	0.878795
55507	6.009962	0.418325	8.248294	-0.054222	-0.023780	0.003855	-0.878580	0.016460	0.477312	-0.013016	-0.999860	0.010520	0.477418	0.003030	0.878671
55508	4.288497	0.185670	9.409297	-0.106741	0.003049	0.000743	-0.878586	0.016452	0.477301	-0.013525	-0.999863	0.009569	0.477393	0.001952	0.878688
55509	4.760285	-0.479106	9.379774	-0.047528	-0.060849	-0.024817	-0.878275	0.016729	0.477863	-0.014006	-0.999859	0.009261	0.477950	0.001441	0.878386
55510	5.684669	0.646684	9.032775	0.006450	-0.054363	-0.008316	-0.878006	0.016810	0.478354	-0.014051	-0.999858	0.009347	0.478443	0.001485	0.878117
55511	5.160081	0.552492	8.996181	-0.099703	-0.043651	0.027904	-0.877784	0.016560	0.478769	-0.014320	-0.999863	0.008329	0.478842	0.000455	0.877901
55512	4.982566	-0.597923	8.899960	-0.083214	-0.032229	0.020747	-0.877624	0.016353	0.479070	-0.014541	-0.999866	0.007491	0.479128	-0.000392	0.877745
55513	5.146723	-0.482490	8.806463	-0.030635	-0.008635	-0.005128	-0.877566	0.016431	0.479175	-0.014769	-0.999865	0.007238	0.479229	-0.000725	0.877690
55514	4.917143	-0.068600	9.032268	-0.001643	0.032449	-0.028416	-0.877708	0.016717	0.478905	-0.015034	-0.999860	0.007349	0.478960	-0.000750	0.877836
55515	4.677322	0.639770	9.226132	-0.002090	0.010871	-0.015468	-0.877741	0.016899	0.478838	-0.015216	-0.999857	0.007396	0.478894	-0.000795	0.877872
55516	4.645815	0.503178	9.243422	-0.034818	-0.030056	-0.003299	-0.877587	0.016933	0.479118	-0.015418	-0.999856	0.007096	0.479169	-0.001160	0.877722
55517	4.576261	0.522451	9.244357	-0.032190	-0.062171	0.005302	-0.877273	0.016906	0.479693	-0.015562	-0.999856	0.006779	0.479739	-0.001518	0.877410
55518	4.752819	0.436443	9.230482	-0.057966	-0.106562	0.019949	-0.876756	0.016704	0.480644	-0.015669	-0.999858	0.006167	0.480679	-0.002125	0.876894
55519	4.749807	-0.016070	9.056073	-0.057081	-0.116684	0.034694	-0.876184	0.016382	0.481699	-0.015676	-0.999862	0.005491	0.481722	-0.002741	0.876320
55520	4.793727	-0.232118	9.052084	-0.040808	-0.124605	0.022617	-0.875578	0.016151	0.482806	-0.015678	-0.999865	0.005017	0.482822	-0.003177	0.875713
55521	4.998905	-0.409830	8.978354	-0.020649	-0.115344	0.009481	-0.875005	0.016080	0.483846	-0.015731	-0.999865	0.004781	0.483858	-0.003428	0.875140
55522	5.133104	-0.368685	8.950446	0.004767	-0.092606	-0.000457	-0.874549	0.016080	0.484671	-0.015715	-0.999865	0.004816	0.484683	-0.003404	0.874683
55523	5.082609	-0.229479	8.884043	0.018286	-0.070808	-0.011532	-0.874186	0.016220	0.485319	-0.015763	-0.999863	0.005024	0.485334	-0.003259	0.874322
55524	5.047967	-0.079828	8.957388	0.017535	-0.058739	-0.017392	-0.873890	0.016391	0.485847	-0.015834	-0.999861	0.005251	0.485866	-0.003104	0.874028
55525	5.031433	-0.001440	9.029307	0.008525	-0.054949	-0.008942	-0.873605	0.016506	0.486356	-0.015907	-0.999859	0.005360	0.486376	-0.003054	0.873744
55526	4.990232	0.003690	9.040546	0.005939	-0.063131	-0.004673	-0.873288	0.016550	0.486923	-0.015925	-0.999858	0.005424	0.486944	-0.003017	0.873428
55527	4.944003	0.160309	8.990445	0.003801	-0.059953	-0.005527	-0.872978	0.016631	0.487476	-0.015991	-0.999857	0.005476	0.487497	-0.003015	0.873119
55528	4.955558	0.219379	9.072691	0.007318	-0.069249	-0.007151	-0.872631	0.016700	0.488095	-0.016022	-0.999856	0.005564	0.488118	-0.002965	0.872773
55529	4.979022	0.200121	9.046851	0.004342	-0.073835	-0.008473	-0.872252	0.016810	0.488769	-0.016112	-0.999854	0.005635	0.488792	-0.002960	0.872395
55530	5.002535	0.054872	8.973700	-0.009758	-0.071489	-0.002201	-0.871893	0.016829	0.489407	-0.016183	-0.999854	0.005550	0.489429	-0.003081	0.872038
55531	5.013321	-0.001920	8.917591	-0.001503	-0.070884	-0.001914	-0.871529	0.016873	0.490054	-0.016243	-0.999853	0.005538	0.490076	-0.003133	0.871674
55532	5.017221	-0.036300	8.916794	-0.004083	-0.066513	-0.006922	-0.871193	0.016940	0.490649	-0.016329	-0.999851	0.005527	0.490670	-0.003197	0.871340
55533	4.970331	0.035187	8.889943	0.005549	-0.057047	-0.011667	-0.870894	0.017082	0.491175	-0.016440	-0.999849	0.005624	0.491197	-0.003177	0.871043
55534	4.975317	0.035938	8.887151	-0.002674	-0.055233	-0.013372	-0.870611	0.017214	0.491670	-0.016575	-0.999847	0.005656	0.491692	-0.003225	0.870763
55535	4.935374	-0.009979	8.919458	-0.001348	-0.048745	-0.016948	-0.870352	0.017409	0.492123	-0.016766	-0.999843	0.005719	0.492145	-0.003273	0.870507
