// General information: 
//  MT Manager version: 2022.2.0 
//  XDA version: 2022.2.0 build 7381 rev 124627 built on 2023-07-19
// Device information: 
//  DeviceId: 00B4CB9F
//  ProductCode: MTW2-3A7G6
//  Firmware Version: 4.6.0
//  Hardware Version: 2.0.0
// Device settings: 
//  Filter Profile: human(46.1)
//  Option Flags: Orientation Smoother Disabled, Position/Velocity Smoother Disabled, Continuous Zero Rotation Update Disabled, AHS Disabled, ICC Disabled
// Coordinate system: ENU
PacketCounter	Acc_X	Acc_Y	Acc_Z	Gyr_X	Gyr_Y	Gyr_Z	Mat[1][1]	Mat[2][1]	Mat[3][1]	Mat[1][2]	Mat[2][2]	Mat[3][2]	Mat[1][3]	Mat[2][3]	Mat[3][3]
49709	9.262063	-0.377438	3.794350	-0.071947	-0.054916	0.096603	-0.321265	-0.168256	0.931922	0.334072	-0.940958	-0.054721	0.886106	0.293749	0.358507
49710	8.791430	-0.549954	3.555391	-0.084294	-0.066911	0.098219	-0.320281	-0.169010	0.932124	0.333686	-0.941022	-0.055968	0.886608	0.293111	0.357788
49711	8.990361	-0.532747	3.837930	-0.100438	-0.045510	0.097824	-0.319462	-0.169812	0.932260	0.333217	-0.941111	-0.057239	0.887080	0.292359	0.357234
49712	8.877982	-0.588836	3.898896	-0.111108	-0.047023	0.102869	-0.318639	-0.170669	0.932385	0.332605	-0.941242	-0.058623	0.887605	0.291436	0.356682
49713	8.857551	-0.569822	3.951807	-0.111799	-0.030585	0.105217	-0.317910	-0.171580	0.932466	0.332016	-0.941362	-0.060021	0.888087	0.290512	0.356236
49714	8.727504	-0.489624	3.930279	-0.118227	-0.016083	0.109287	-0.317342	-0.172588	0.932474	0.331358	-0.941499	-0.061490	0.888536	0.289470	0.355965
49715	8.640339	-0.380573	4.076196	-0.122737	-0.011705	0.116324	-0.316761	-0.173658	0.932473	0.330710	-0.941626	-0.063021	0.888984	0.288415	0.355701
49716	8.495143	-0.390032	4.225391	-0.122146	-0.026597	0.123248	-0.316054	-0.174768	0.932505	0.330059	-0.941745	-0.064633	0.889478	0.287354	0.355326
49717	8.562111	-0.427601	4.613607	-0.124240	-0.033592	0.119851	-0.315242	-0.175812	0.932584	0.329382	-0.941872	-0.066222	0.890017	0.286301	0.354826
49718	8.731802	-0.386509	5.015507	-0.153381	-0.009587	0.125407	-0.314680	-0.176992	0.932550	0.328457	-0.942070	-0.067964	0.890557	0.284916	0.354585
49719	8.847770	-0.535405	4.882325	-0.211490	0.049846	0.136831	-0.314627	-0.178424	0.932296	0.327072	-0.942405	-0.069979	0.891086	0.282911	0.354863
49720	8.641994	-0.683038	4.486896	-0.186284	0.050915	0.147859	-0.314535	-0.179987	0.932026	0.325922	-0.942647	-0.072048	0.891539	0.281107	0.355157
49721	8.779511	-0.768550	4.327603	-0.157698	0.035208	0.164970	-0.314182	-0.181708	0.931811	0.325281	-0.942705	-0.074156	0.891898	0.279801	0.355287
49722	8.904353	-0.822198	4.165554	-0.118026	0.026656	0.184609	-0.313756	-0.183549	0.931594	0.324853	-0.942680	-0.076325	0.892204	0.278684	0.355398
49723	8.913384	-0.677873	4.036731	-0.063776	0.005337	0.193897	-0.313109	-0.185371	0.931451	0.324831	-0.942519	-0.078381	0.892439	0.278022	0.355325
49724	9.031951	-0.377317	4.232102	-0.012153	-0.030597	0.194162	-0.312142	-0.187142	0.931421	0.325375	-0.942173	-0.080261	0.892580	0.278009	0.354982
49725	9.349803	0.030157	4.581986	-0.016109	-0.057000	0.173792	-0.310979	-0.188635	0.931509	0.325836	-0.941868	-0.081954	0.892818	0.278033	0.354365
49726	9.636440	0.197332	4.533256	-0.045718	-0.074050	0.163257	-0.309722	-0.189993	0.931652	0.325979	-0.941667	-0.083666	0.893202	0.277786	0.353589
49727	10.239525	0.102653	4.616702	-0.133025	-0.070752	0.166836	-0.308441	-0.191392	0.931790	0.325396	-0.941685	-0.085712	0.893858	0.276764	0.352732
49728	10.361513	-0.200024	4.871340	-0.297247	0.018467	0.205392	-0.307876	-0.193404	0.931562	0.323416	-0.942090	-0.088702	0.894771	0.273972	0.352597
49729	10.042407	-0.773886	5.263338	-0.489316	0.083700	0.249077	-0.307713	-0.196014	0.931070	0.319946	-0.942884	-0.092761	0.896073	0.269349	0.352852
49730	9.826209	-2.004519	5.690833	-0.643151	0.102494	0.282650	-0.307671	-0.198981	0.930454	0.315093	-0.944020	-0.097691	0.897806	0.263123	0.353145
49731	9.598711	-3.355804	6.102675	-0.568360	0.119055	0.306678	-0.307681	-0.202234	0.929749	0.311116	-0.944822	-0.102556	0.899188	0.257705	0.353622
49732	9.544095	-3.867487	6.186099	-0.328607	0.129966	0.320702	-0.307792	-0.205625	0.928969	0.309193	-0.944992	-0.106728	0.899813	0.254380	0.354438
49733	9.543873	-3.460485	6.224319	-0.120294	0.165764	0.327097	-0.308235	-0.209147	0.928035	0.309158	-0.944604	-0.110199	0.899673	0.252942	0.355820
49734	9.392490	-2.773800	6.096785	-0.043230	0.223312	0.301604	-0.309247	-0.212588	0.926916	0.309746	-0.944059	-0.113179	0.899124	0.252109	0.357796
49735	9.525458	-2.125007	6.016289	-0.102547	0.305557	0.276974	-0.311063	-0.216013	0.925515	0.309752	-0.943697	-0.116150	0.898495	0.250550	0.360460
49736	9.551836	-1.963853	5.818428	-0.233199	0.429561	0.257246	-0.314063	-0.219538	0.923671	0.308507	-0.943698	-0.119401	0.897880	0.247459	0.364110
49737	9.499297	-2.071367	5.663029	-0.315475	0.542987	0.239509	-0.318129	-0.223182	0.921403	0.306521	-0.943909	-0.122803	0.897128	0.243362	0.368695
49738	9.469925	-2.196486	5.207836	-0.341912	0.666750	0.232109	-0.323336	-0.227009	0.918652	0.304246	-0.944192	-0.126236	0.896040	0.238680	0.374358
49739	8.912499	-2.319432	4.915802	-0.330972	0.742780	0.237869	-0.329173	-0.231090	0.915556	0.302210	-0.944375	-0.129710	0.894603	0.233993	0.380701
49740	8.726136	-2.198560	4.549304	-0.279232	0.724209	0.243377	-0.334850	-0.235097	0.912472	0.300569	-0.944437	-0.133033	0.893047	0.229714	0.386908
49741	8.661179	-2.094550	3.945972	-0.212440	0.673840	0.266191	-0.340018	-0.239201	0.909489	0.299642	-0.944262	-0.136323	0.891405	0.226169	0.392741
49742	8.643096	-1.799942	3.667401	-0.102946	0.600983	0.279606	-0.344470	-0.243222	0.906743	0.299730	-0.943800	-0.139295	0.889664	0.223795	0.398012
49743	8.905148	-1.299561	3.344989	-0.016566	0.553097	0.278525	-0.348500	-0.247158	0.904135	0.300702	-0.943102	-0.141904	0.887764	0.222422	0.402992
49744	9.062939	-0.663406	3.261750	0.023716	0.556965	0.243681	-0.352643	-0.250721	0.901544	0.301814	-0.942424	-0.144033	0.885749	0.221307	0.408010
49745	8.830468	0.030055	2.744047	0.034309	0.540017	0.177054	-0.356803	-0.253649	0.899085	0.302817	-0.941869	-0.145546	0.883738	0.220327	0.412871
49746	8.952954	0.562518	2.431255	0.057892	0.512848	0.107187	-0.360943	-0.255817	0.896816	0.303761	-0.941450	-0.146293	0.881731	0.219614	0.417517
49747	9.009457	1.121027	2.328921	0.011457	0.528506	0.037526	-0.365429	-0.257415	0.894539	0.304244	-0.941251	-0.146570	0.879714	0.218597	0.422277
49748	8.973332	1.613439	2.144920	-0.102796	0.541094	-0.041938	-0.370250	-0.258227	0.892319	0.303234	-0.941563	-0.146656	0.878045	0.216282	0.426917
49749	8.968123	1.810990	1.949694	-0.232499	0.544204	-0.127694	-0.375320	-0.258284	0.890182	0.300974	-0.942310	-0.146512	0.876670	0.212932	0.431405
49750	8.825890	1.698711	1.887926	-0.409041	0.557930	-0.199462	-0.380743	-0.257607	0.888073	0.296684	-0.943666	-0.146536	0.875793	0.207685	0.435722
49751	8.545015	1.143253	1.896924	-0.584160	0.575473	-0.263592	-0.386418	-0.256404	0.885967	0.290841	-0.945447	-0.146767	0.875267	0.200962	0.439910
49752	8.323764	0.370654	1.912246	-0.705836	0.595273	-0.295271	-0.392414	-0.254813	0.883788	0.283564	-0.947573	-0.147298	0.874987	0.192809	0.444097
49753	8.272434	-0.323044	2.055205	-0.725219	0.603112	-0.319396	-0.398497	-0.252983	0.881589	0.276168	-0.949694	-0.147693	0.874604	0.184611	0.448316
49754	8.136791	-0.718967	2.124097	-0.658275	0.591574	-0.338702	-0.404532	-0.250865	0.879443	0.269102	-0.951719	-0.147698	0.874035	0.176912	0.452509
49755	8.084464	-0.901812	2.181940	-0.554817	0.571818	-0.348706	-0.410354	-0.248630	0.877378	0.263139	-0.953474	-0.147123	0.873137	0.170500	0.456686
49756	8.034398	-1.085212	2.029000	-0.437940	0.542018	-0.342583	-0.415916	-0.246304	0.875413	0.257953	-0.955039	-0.146152	0.872052	0.165028	0.460751
49757	7.912016	-1.366193	1.883750	-0.316075	0.495657	-0.337137	-0.420974	-0.243973	0.873647	0.254003	-0.956323	-0.144668	0.870783	0.161007	0.464557
49758	7.808674	-1.639288	1.779717	-0.211783	0.453263	-0.334645	-0.425703	-0.241528	0.872033	0.250795	-0.957456	-0.142756	0.869413	0.157930	0.468166
49759	7.747417	-1.785261	1.798378	-0.124008	0.402449	-0.332362	-0.429876	-0.239146	0.870641	0.248718	-0.958342	-0.140432	0.867955	0.156176	0.471448
49760	7.694691	-1.815670	1.951954	-0.044575	0.357683	-0.335177	-0.433750	-0.236523	0.869435	0.246936	-0.959191	-0.137748	0.866536	0.154947	0.474455
49761	7.741062	-1.769235	2.242604	0.009576	0.293390	-0.344604	-0.436992	-0.233790	0.868551	0.245789	-0.959916	-0.134719	0.865232	0.154609	0.476938
49762	7.786553	-1.647732	2.494200	0.029708	0.221981	-0.355018	-0.439723	-0.230758	0.867983	0.244542	-0.960678	-0.131516	0.864201	0.154428	0.478862
49763	7.773935	-1.548236	2.657889	0.037670	0.138940	-0.363367	-0.441718	-0.227589	0.867807	0.243563	-0.961381	-0.128154	0.863459	0.154758	0.480091
49764	7.729726	-1.535482	2.733059	0.066860	0.032976	-0.378085	-0.442863	-0.224038	0.868147	0.242521	-0.962115	-0.124572	0.863166	0.155376	0.480419
49765	7.666269	-1.491226	2.879701	0.069390	-0.082498	-0.412094	-0.443009	-0.220099	0.869080	0.241632	-0.962835	-0.120673	0.863341	0.156538	0.479727
49766	7.658922	-1.442851	3.001629	0.077267	-0.204103	-0.440049	-0.442248	-0.215574	0.870600	0.240405	-0.963657	-0.116496	0.864073	0.157777	0.478000
49767	7.606898	-1.148765	3.250932	0.095442	-0.304400	-0.467731	-0.440565	-0.210788	0.872623	0.239585	-0.964394	-0.111996	0.865160	0.159726	0.475380
49768	7.679979	-0.726122	3.542840	0.156137	-0.355021	-0.480122	-0.438581	-0.205620	0.874853	0.238880	-0.965127	-0.107082	0.866362	0.162021	0.472405
49769	7.998965	-0.157828	4.018561	0.139959	-0.374915	-0.497463	-0.436367	-0.200367	0.877175	0.238258	-0.965821	-0.102090	0.867650	0.164445	0.469192
49770	8.942637	-0.050868	4.546885	0.048145	-0.305229	-0.538203	-0.434935	-0.194698	0.879161	0.236385	-0.966789	-0.097160	0.868881	0.165562	0.466514
49771	9.238304	-0.433608	5.120654	-0.058526	-0.157542	-0.593995	-0.434835	-0.188829	0.880490	0.233600	-0.967950	-0.092221	0.869684	0.165581	0.465009
49772	8.566616	-0.909776	5.811879	-0.058749	-0.098039	-0.664521	-0.435465	-0.182265	0.881561	0.230251	-0.969265	-0.086661	0.870262	0.165243	0.464047
49773	7.782373	-1.294514	6.296472	-0.020324	-0.127324	-0.702847	-0.435794	-0.175414	0.882787	0.227362	-0.970469	-0.080598	0.870856	0.165588	0.462807
49774	7.859512	-1.726488	7.863513	0.026269	-0.225622	-0.694514	-0.435339	-0.168331	0.884389	0.224620	-0.971605	-0.074362	0.871795	0.166279	0.460788
49775	9.533789	-2.109313	10.034775	0.019137	-0.271315	-0.671832	-0.434337	-0.161479	0.886158	0.222073	-0.972629	-0.068390	0.872946	0.167087	0.458309
49776	9.412877	-1.240052	10.643948	0.136277	0.007693	-0.724987	-0.435949	-0.154472	0.886615	0.220163	-0.973531	-0.061362	0.872627	0.168449	0.458419
49777	8.350247	-1.242470	11.152038	0.005735	0.151227	-0.767714	-0.438832	-0.147358	0.886404	0.217055	-0.974633	-0.054568	0.871960	0.168452	0.459685
49778	9.234251	-1.197840	11.022119	-0.206525	0.289001	-0.716548	-0.442830	-0.140888	0.885467	0.212151	-0.975998	-0.049194	0.871145	0.166069	0.462091
49779	9.620580	-1.859063	9.097948	-0.562248	0.469485	-0.571087	-0.448038	-0.136203	0.883578	0.204917	-0.977660	-0.046798	0.870213	0.160092	0.465939
49780	7.016672	-3.272288	6.991683	-1.029153	0.595529	-0.434417	-0.454027	-0.132909	0.881019	0.194060	-0.979824	-0.047807	0.869598	0.149265	0.470659
49781	6.036987	-5.283068	4.471558	-1.065924	0.433529	-0.292827	-0.458224	-0.130814	0.879158	0.183643	-0.981702	-0.050356	0.869658	0.138377	0.473863
49782	7.973862	-5.982555	3.438248	-0.836834	0.184716	-0.125276	-0.460000	-0.129869	0.878370	0.175844	-0.982977	-0.053247	0.870333	0.129962	0.475006
49783	8.657164	-7.420413	2.679017	-0.514405	0.060077	-0.078794	-0.460547	-0.129331	0.878163	0.171144	-0.983703	-0.055119	0.870980	0.124907	0.475176
49784	8.428950	-7.020559	1.989956	0.079081	-0.061479	-0.125769	-0.460170	-0.128055	0.878547	0.171310	-0.983755	-0.053660	0.871146	0.125811	0.474632
49785	8.067539	-3.794524	1.671914	0.729042	-0.206024	-0.093246	-0.458482	-0.127006	0.879582	0.177299	-0.982911	-0.049509	0.870838	0.133250	0.473165
49786	8.133249	0.117155	1.358276	1.189762	-0.304881	0.013738	-0.455746	-0.126754	0.881039	0.187775	-0.981225	-0.044035	0.870078	0.145368	0.470991
49787	8.966856	2.609469	1.584301	1.305698	-0.354244	0.083067	-0.452437	-0.127159	0.882684	0.199512	-0.979127	-0.038789	0.869193	0.158556	0.468363
49788	9.791829	3.736475	2.852566	1.080655	-0.265711	0.034936	-0.450000	-0.127101	0.883938	0.209113	-0.977298	-0.034069	0.868201	0.169512	0.466362
49789	9.645364	3.232334	4.303396	0.626728	-0.223824	-0.101642	-0.448175	-0.125835	0.885045	0.214127	-0.976333	-0.030383	0.867922	0.175895	0.464512
49790	9.821539	1.681507	4.910818	0.269386	-0.264971	-0.216566	-0.446281	-0.123287	0.886360	0.215553	-0.976112	-0.027240	0.868545	0.178901	0.462195
49791	9.563622	0.231687	4.633790	0.084253	-0.332483	-0.328874	-0.443977	-0.119629	0.888016	0.214950	-0.976329	-0.024058	0.869874	0.180197	0.459182
49792	9.430338	-0.912432	4.159268	-0.031455	-0.418517	-0.356721	-0.441038	-0.115426	0.890035	0.213153	-0.976792	-0.021054	0.871809	0.180428	0.455405
49793	9.765407	-2.188074	3.894043	-0.066540	-0.477559	-0.247825	-0.437328	-0.112192	0.892276	0.211473	-0.977195	-0.019221	0.874084	0.180286	0.451081
49794	9.429714	-3.289239	3.126406	0.122820	-0.513487	-0.091029	-0.432969	-0.110408	0.894622	0.212207	-0.977061	-0.017880	0.876074	0.182104	0.446467
49795	9.343094	-2.809077	2.874696	0.440671	-0.548585	0.028821	-0.428027	-0.109790	0.897073	0.216214	-0.976210	-0.016311	0.877522	0.186978	0.441582
49796	9.357363	-0.753669	3.463330	0.730233	-0.527736	0.057840	-0.423208	-0.109382	0.899406	0.222926	-0.974740	-0.013648	0.878180	0.194725	0.436901
49797	8.993904	1.734504	3.729522	0.902993	-0.548404	-0.026526	-0.418424	-0.108113	0.901794	0.230735	-0.972969	-0.009586	0.878455	0.204065	0.432059
49798	9.032940	3.860677	3.765169	0.840207	-0.588864	-0.180282	-0.413612	-0.105166	0.904359	0.237423	-0.971396	-0.004375	0.878951	0.212906	0.426750
49799	8.494664	4.615201	3.191735	0.600921	-0.584451	-0.285507	-0.409045	-0.101217	0.906883	0.241551	-0.970388	0.000646	0.879963	0.219323	0.421382
49800	8.663228	4.195797	3.139413	0.327611	-0.613840	-0.328668	-0.404374	-0.096703	0.909467	0.243155	-0.969975	0.004976	0.881679	0.223153	0.415747
49801	8.772284	3.005100	3.458967	0.051780	-0.579836	-0.347141	-0.400069	-0.092092	0.911846	0.242212	-0.970188	0.008285	0.883899	0.224175	0.410448
49802	8.819708	1.467412	3.575094	-0.129049	-0.563031	-0.360183	-0.395893	-0.087370	0.914131	0.239691	-0.970787	0.011021	0.886463	0.223472	0.405269
49803	8.993247	0.105090	3.686468	-0.273289	-0.535298	-0.349081	-0.391922	-0.082853	0.916260	0.235995	-0.971666	0.013082	0.889215	0.221359	0.400370
49804	9.100913	-0.967774	3.832781	-0.332995	-0.493719	-0.316636	-0.388205	-0.078722	0.918205	0.231848	-0.972642	0.014633	0.891932	0.218565	0.395836
49805	9.274112	-1.870094	4.153661	-0.291113	-0.438307	-0.280907	-0.384907	-0.075087	0.919896	0.228160	-0.973492	0.016006	0.894310	0.216044	0.391835
49806	9.105718	-1.940121	4.363735	-0.183392	-0.405308	-0.245223	-0.381774	-0.071860	0.921458	0.225633	-0.974055	0.017521	0.896292	0.214600	0.388083
49807	9.172222	-1.384438	4.157315	-0.031635	-0.399395	-0.210178	-0.378623	-0.069003	0.922975	0.224590	-0.974262	0.019294	0.897889	0.214596	0.384375
49808	8.890892	-0.425776	3.728295	0.083921	-0.400450	-0.199064	-0.375411	-0.066236	0.924489	0.224648	-0.974204	0.021426	0.899222	0.215728	0.380607
49809	9.187659	0.810348	3.917217	0.122586	-0.395256	-0.186659	-0.372164	-0.063650	0.925982	0.225134	-0.974044	0.023531	0.900449	0.217227	0.376834
49810	8.945896	1.939327	3.642601	0.086653	-0.394479	-0.214877	-0.369032	-0.060732	0.927430	0.225173	-0.973977	0.025818	0.901727	0.218360	0.373104
49811	9.111372	2.169514	3.790865	-0.058096	-0.398502	-0.236578	-0.365939	-0.057626	0.928853	0.223767	-0.974249	0.027715	0.903336	0.217989	0.369411
49812	9.292299	1.507312	3.875037	-0.175720	-0.376942	-0.231235	-0.362985	-0.054588	0.930195	0.221389	-0.974749	0.029189	0.905113	0.216531	0.365904
49813	8.987083	0.520306	3.452443	-0.153711	-0.374924	-0.210562	-0.360014	-0.051795	0.931508	0.219295	-0.975181	0.030531	0.906808	0.215266	0.362437
49814	9.134120	0.012812	3.349804	-0.058463	-0.378923	-0.157439	-0.356858	-0.049479	0.932847	0.218254	-0.975375	0.031758	0.908305	0.214931	0.358870
49815	9.449126	0.301227	3.394690	0.026089	-0.337755	-0.103240	-0.353942	-0.047827	0.934044	0.218203	-0.975354	0.032743	0.909457	0.215400	0.355655
49816	9.036160	0.565579	3.156492	0.096604	-0.351863	-0.075148	-0.350843	-0.046368	0.935286	0.218871	-0.975170	0.033757	0.910497	0.216551	0.352280
49817	9.068448	0.689131	3.004130	0.165226	-0.389546	-0.041852	-0.347337	-0.045155	0.936653	0.220278	-0.974820	0.034690	0.911501	0.218373	0.348538
49818	9.189116	0.841354	2.993890	0.194467	-0.395894	-0.019695	-0.343709	-0.044129	0.938039	0.222037	-0.974391	0.035518	0.912449	0.220488	0.344705
49819	9.077600	0.791648	3.188141	0.153240	-0.393165	-0.004114	-0.340109	-0.043254	0.939391	0.223455	-0.974047	0.036053	0.913451	0.222173	0.340948
49820	8.983648	0.404814	3.569481	0.089132	-0.376933	0.023108	-0.336551	-0.042673	0.940698	0.224401	-0.973828	0.036107	0.914537	0.223245	0.337319
49821	8.789653	0.014692	3.973524	0.053547	-0.336172	0.043193	-0.333314	-0.042382	0.941863	0.225107	-0.973674	0.035849	0.915548	0.223968	0.334080
49822	8.662071	0.071236	4.901678	-0.001638	-0.288355	0.055890	-0.330485	-0.042314	0.942862	0.225330	-0.973643	0.035285	0.916518	0.224117	0.331309
49823	8.480303	0.437095	5.564012	-0.068379	-0.224728	0.051280	-0.328216	-0.042380	0.943652	0.225017	-0.973743	0.034533	0.917410	0.223672	0.329134
49824	7.913990	0.836225	5.324177	-0.050895	-0.282882	0.012856	-0.325529	-0.041906	0.944603	0.224645	-0.973840	0.034214	0.918458	0.223337	0.326427
49825	8.261835	0.835400	4.952955	-0.079030	-0.329906	-0.003250	-0.322446	-0.041184	0.945692	0.223987	-0.974000	0.033955	0.919706	0.222771	0.323287
49826	8.409523	0.582529	5.119928	-0.135765	-0.313702	-0.017175	-0.319535	-0.040353	0.946715	0.222736	-0.974298	0.033649	0.921024	0.221619	0.320311
49827	8.139399	-0.013088	5.124169	-0.166934	-0.328093	-0.018782	-0.316524	-0.039473	0.947763	0.221141	-0.974674	0.033261	0.922447	0.220118	0.317237
49828	7.748490	-0.302315	4.639182	-0.083025	-0.384915	-0.012867	-0.312938	-0.038535	0.948992	0.220387	-0.974851	0.033089	0.923850	0.219501	0.313560
49829	8.285902	-0.176620	5.049753	-0.054605	-0.373287	-0.007672	-0.309455	-0.037666	0.950168	0.219892	-0.974967	0.032967	0.925141	0.219136	0.309991
49830	7.771384	-0.079532	5.253367	-0.025805	-0.362839	-0.010631	-0.306058	-0.036801	0.951301	0.219673	-0.975017	0.032956	0.926322	0.219061	0.306495
49831	7.808796	0.007678	4.859026	0.104933	-0.455714	0.003320	-0.301754	-0.035884	0.952710	0.220745	-0.974766	0.033202	0.927478	0.220325	0.302061
49832	8.493364	0.391988	4.597260	0.196182	-0.456238	0.025194	-0.297403	-0.035153	0.954105	0.222693	-0.974312	0.033517	0.928418	0.222441	0.297591
49833	8.713462	0.927311	4.300098	0.192944	-0.394205	0.041450	-0.293615	-0.034713	0.955293	0.224600	-0.973870	0.033644	0.929164	0.224437	0.293739
49834	8.889716	1.129068	4.162800	0.182545	-0.365440	0.054035	-0.290034	-0.034449	0.956396	0.226507	-0.973429	0.033627	0.929825	0.226383	0.290130
49835	9.496920	1.305071	3.949991	0.252421	-0.376765	0.075634	-0.286319	-0.034367	0.957518	0.229094	-0.972825	0.033588	0.930342	0.228979	0.286412
49836	11.029079	1.151613	3.871710	0.304346	-0.381278	0.113286	-0.282447	-0.034623	0.958658	0.232300	-0.972073	0.033335	0.930731	0.232112	0.282602
49837	12.251415	-0.089723	4.228038	0.182594	-0.287276	0.189543	-0.279292	-0.035835	0.959537	0.234559	-0.971576	0.031989	0.931117	0.234002	0.279759
49838	12.225111	-2.406911	4.616112	0.066707	-0.146161	0.319577	-0.277116	-0.038630	0.960060	0.236120	-0.971289	0.029073	0.931372	0.234746	0.278281
49839	11.389644	-3.959072	5.036143	0.130587	-0.078931	0.491840	-0.275169	-0.043270	0.960422	0.238739	-0.970770	0.024665	0.931282	0.236078	0.277456
49840	10.971189	-4.327366	5.784384	0.366207	-0.053185	0.681998	-0.272964	-0.049793	0.960735	0.244069	-0.969570	0.019095	0.930549	0.239698	0.276811
49841	10.434306	-3.531858	6.963654	0.749377	0.001395	0.791915	-0.270984	-0.057528	0.960863	0.253171	-0.967328	0.013484	0.928694	0.246916	0.276695
49842	10.349107	-1.036093	8.067336	0.992744	0.059831	0.763659	-0.269499	-0.065087	0.960799	0.264491	-0.964347	0.008861	0.925967	0.256511	0.277105
49843	11.061187	1.512402	8.801751	0.779247	0.172472	0.640745	-0.269352	-0.071771	0.960364	0.273366	-0.961898	0.004785	0.923429	0.263820	0.278709
49844	10.863516	2.197737	8.672973	0.218098	0.371782	0.515956	-0.271298	-0.077747	0.959350	0.276824	-0.960921	0.000410	0.921827	0.265682	0.282218
49845	9.962468	1.443327	7.925250	-0.267541	0.523352	0.433920	-0.274905	-0.083363	0.957851	0.275498	-0.961291	-0.004593	0.921156	0.262623	0.287230
49846	9.232257	0.187854	6.932405	-0.505356	0.595496	0.426952	-0.279157	-0.089048	0.956108	0.272077	-0.962222	-0.010179	0.920894	0.257293	0.292839
49847	8.679454	-0.698780	5.937758	-0.494283	0.627657	0.461284	-0.283656	-0.095150	0.954194	0.268807	-0.963059	-0.016125	0.920479	0.251920	0.298755
49848	8.410196	-0.982478	4.896951	-0.327798	0.646287	0.487577	-0.288232	-0.101495	0.952167	0.267237	-0.963384	-0.021795	0.919515	0.248172	0.304801
49849	8.389541	-0.803814	3.990811	-0.047155	0.636563	0.510051	-0.292694	-0.108049	0.950082	0.268246	-0.962975	-0.026876	0.917810	0.246990	0.310840
49850	8.593658	-0.204201	3.468713	0.269170	0.594024	0.493416	-0.296741	-0.114303	0.948093	0.272219	-0.961744	-0.030748	0.915337	0.248965	0.316505
49851	9.133965	0.751576	3.536803	0.439214	0.569108	0.423291	-0.300765	-0.119861	0.946136	0.277447	-0.960159	-0.033441	0.912449	0.252445	0.322038
49852	10.041073	1.888778	4.052961	0.371483	0.598201	0.327476	-0.305236	-0.124554	0.944096	0.281875	-0.958799	-0.035361	0.909603	0.255323	0.327768
49853	10.675479	3.048284	4.513798	0.025993	0.708906	0.222412	-0.311034	-0.128566	0.941663	0.282792	-0.958450	-0.037451	0.907351	0.254646	0.334468
49854	10.472235	3.467586	4.129670	-0.353691	0.703123	0.117378	-0.317016	-0.131499	0.939260	0.280005	-0.959174	-0.039781	0.906145	0.250386	0.340894
49855	10.408581	3.774989	3.331406	-0.611082	0.620149	0.005250	-0.322600	-0.133141	0.937125	0.274498	-0.960670	-0.041992	0.905859	0.243693	0.346459
49856	10.666136	3.856258	2.288162	-0.917551	0.586202	-0.054354	-0.327996	-0.134051	0.935120	0.266059	-0.962919	-0.044715	0.906439	0.234131	0.351499
49857	10.962303	3.241704	1.238354	-1.209536	0.645835	-0.075455	-0.334025	-0.134841	0.932869	0.254873	-0.965766	-0.048336	0.907451	0.221618	0.356957
49858	10.985930	2.361060	0.432597	-1.433264	0.759622	-0.092371	-0.341089	-0.135609	0.930198	0.241600	-0.968946	-0.052667	0.908453	0.206772	0.363260
49859	10.937267	1.666792	-0.021158	-1.526461	0.925341	-0.091639	-0.349678	-0.136594	0.926859	0.227471	-0.972089	-0.057441	0.908836	0.190748	0.370989
49860	10.742891	0.646589	0.016306	-1.648899	1.071073	-0.056342	-0.359475	-0.138031	0.922890	0.212340	-0.975154	-0.063139	0.908675	0.173269	0.379853
49861	10.415085	-0.430684	-0.227001	-1.634686	1.156307	-0.018742	-0.369981	-0.139788	0.918462	0.197512	-0.977851	-0.069264	0.907801	0.155781	0.389396
49862	10.072315	-1.399552	-0.116266	-1.521995	1.179746	0.024798	-0.380576	-0.141810	0.913812	0.183854	-0.980048	-0.075520	0.906289	0.139267	0.399055
49863	9.749259	-2.135480	0.003194	-1.335384	1.175578	0.056482	-0.391075	-0.143949	0.909032	0.172068	-0.981714	-0.081433	0.904131	0.124569	0.408693
49864	9.394781	-2.686999	-0.041087	-1.088457	1.135464	0.063487	-0.401162	-0.145957	0.904304	0.162548	-0.982899	-0.086534	0.901469	0.112278	0.418027
49865	9.076610	-3.009920	-0.082590	-0.751558	1.088867	0.068040	-0.410808	-0.147834	0.899657	0.156137	-0.983596	-0.090331	0.898253	0.103361	0.427151
49866	8.792647	-2.930156	-0.149644	-0.370411	1.029692	0.068092	-0.419876	-0.149584	0.895170	0.153156	-0.983857	-0.092566	0.894565	0.098234	0.436008
49867	8.604218	-2.544974	-0.092866	-0.059044	0.962017	0.080868	-0.428293	-0.151353	0.890875	0.153041	-0.983781	-0.093562	0.890586	0.096269	0.444509
49868	8.305944	-2.148606	-0.157938	0.215166	0.907479	0.099871	-0.436145	-0.153254	0.886730	0.155441	-0.983409	-0.093509	0.886350	0.097051	0.452731
49869	7.979266	-1.754124	-0.142829	0.449748	0.859589	0.106707	-0.443528	-0.155190	0.882722	0.159951	-0.982789	-0.092415	0.881872	0.100204	0.460718
49870	7.687202	-1.369778	0.007464	0.618799	0.816362	0.106913	-0.450478	-0.157120	0.878853	0.165929	-0.981976	-0.090505	0.877233	0.105056	0.468429
49871	7.504219	-1.065408	0.174649	0.726443	0.767853	0.093129	-0.456987	-0.158902	0.875164	0.172771	-0.981031	-0.087908	0.872532	0.111030	0.475772
49872	7.303115	-0.844091	0.396706	0.764715	0.726581	0.080616	-0.463111	-0.160563	0.871635	0.179854	-0.980017	-0.084969	0.867860	0.117416	0.482735
49873	7.118840	-0.610047	0.679503	0.758863	0.673663	0.049185	-0.468798	-0.161895	0.868342	0.186719	-0.979008	-0.081723	0.863345	0.123825	0.489186
49874	7.016817	-0.483397	1.171478	0.726281	0.590642	0.012594	-0.473805	-0.162808	0.865449	0.193091	-0.978053	-0.078280	0.859200	0.130021	0.494843
49875	6.932595	-0.509315	1.795430	0.643368	0.488959	-0.020515	-0.477980	-0.163294	0.863059	0.198582	-0.977217	-0.074914	0.855629	0.135580	0.499517
49876	6.723590	-0.528245	2.340292	0.566944	0.380401	-0.044229	-0.481261	-0.163426	0.861208	0.203270	-0.976493	-0.071711	0.852683	0.140546	0.503168
49877	6.497869	-0.529638	2.776904	0.634031	0.250745	-0.076761	-0.483495	-0.163073	0.860023	0.208373	-0.975692	-0.067860	0.850184	0.146395	0.505722
49878	6.469685	-0.314695	3.125657	0.735915	0.104120	-0.118957	-0.484573	-0.162107	0.859599	0.214104	-0.974769	-0.063131	0.848144	0.153451	0.507055
49879	7.393052	-0.082849	3.280857	0.742481	0.034646	-0.113450	-0.485053	-0.161091	0.859519	0.219921	-0.973768	-0.058396	0.846380	0.160701	0.507757
49880	8.699591	0.200562	3.410886	0.688118	0.169020	-0.065207	-0.486569	-0.160771	0.858722	0.225478	-0.972731	-0.054356	0.844044	0.167174	0.509551
49881	9.402122	0.061728	3.619254	0.717383	0.370013	0.016957	-0.489585	-0.161600	0.856850	0.231685	-0.971462	-0.050836	0.840612	0.173631	0.513053
49882	8.528686	0.395405	4.137238	0.859167	0.416410	0.011669	-0.492992	-0.162489	0.854726	0.239005	-0.969903	-0.046531	0.836562	0.181344	0.516990
49883	7.382261	0.687868	4.892654	0.890906	0.318964	-0.015308	-0.495626	-0.162965	0.853110	0.246455	-0.968253	-0.041779	0.832835	0.189546	0.520055
49884	7.187590	0.692791	5.695476	0.972789	0.202361	-0.005425	-0.497264	-0.163341	0.852085	0.254570	-0.966358	-0.036683	0.829411	0.198674	0.522117
49885	7.615679	1.123214	6.774880	1.082668	0.128990	-0.037296	-0.498362	-0.163274	0.851455	0.263439	-0.964187	-0.030699	0.825975	0.209007	0.523528
49886	7.939297	1.452834	7.099367	1.045890	0.051830	-0.091081	-0.498975	-0.162542	0.851237	0.271665	-0.962081	-0.024464	0.822935	0.219044	0.524212
49887	6.860951	1.175450	7.365076	0.883976	0.037766	-0.142701	-0.499612	-0.161284	0.851102	0.278314	-0.960310	-0.018603	0.820323	0.227579	0.524670
49888	6.287654	1.399165	7.552210	0.809369	-0.103441	-0.182792	-0.499220	-0.159323	0.851702	0.284091	-0.958712	-0.012823	0.818579	0.235559	0.523870
49889	6.822500	1.567457	7.409833	0.508538	-0.238174	-0.196375	-0.497767	-0.156901	0.853000	0.287374	-0.957781	-0.008478	0.818318	0.240910	0.521841
49890	6.740293	1.212209	7.738771	0.056848	-0.315417	-0.231362	-0.495789	-0.153956	0.854687	0.286747	-0.957986	-0.006226	0.819737	0.241992	0.519106
49891	7.175632	0.715960	8.233472	-0.298873	-0.408897	-0.314493	-0.493265	-0.149982	0.856852	0.282839	-0.959154	-0.005067	0.822613	0.239851	0.515538
49892	8.525903	-0.089598	9.655039	-0.657345	-0.461137	-0.433962	-0.490615	-0.144755	0.859269	0.275340	-0.961335	-0.004739	0.826732	0.234266	0.511502
49893	7.548264	-0.203329	10.042992	-0.917827	-0.297148	-0.572886	-0.489642	-0.138583	0.860840	0.265020	-0.964232	-0.004485	0.830671	0.225944	0.508856
49894	5.706021	-0.195093	9.021761	-1.078573	-0.271393	-0.647547	-0.489001	-0.131762	0.862274	0.252927	-0.967475	-0.004402	0.834809	0.215940	0.506423
49895	6.633016	-0.488177	7.520449	-1.228022	-0.285015	-0.605116	-0.488055	-0.125328	0.863768	0.239775	-0.970814	-0.005380	0.839232	0.204485	0.503861
49896	8.227571	-0.397902	5.589369	-1.237676	-0.312082	-0.541031	-0.486633	-0.119483	0.865397	0.226782	-0.973921	-0.006942	0.843658	0.192878	0.501039
49897	9.881174	-0.717149	4.309261	-1.200412	-0.416848	-0.538995	-0.484247	-0.113477	0.867541	0.214086	-0.976780	-0.008266	0.848335	0.181725	0.497297
49898	10.384709	-2.195739	4.386715	-1.169804	-0.392184	-0.574897	-0.482049	-0.107199	0.869561	0.201417	-0.979463	-0.009091	0.852678	0.170762	0.493741
49899	10.455476	-4.974321	6.235887	-0.890498	-0.321869	-0.561772	-0.480355	-0.101189	0.871217	0.191176	-0.981518	-0.008593	0.855985	0.162428	0.490822
49900	9.341741	-6.664504	8.090671	-0.394240	-0.176139	-0.471125	-0.479677	-0.096317	0.872143	0.185594	-0.982605	-0.006440	0.857592	0.158776	0.489209
49901	8.774705	-5.479482	7.821280	0.150468	-0.170689	-0.309187	-0.478745	-0.093047	0.873009	0.185435	-0.982652	-0.003043	0.858147	0.160430	0.487694
49902	8.694162	-2.801737	5.419713	0.448557	-0.293627	-0.127693	-0.476407	-0.091352	0.874466	0.188734	-0.982028	0.000233	0.858729	0.165152	0.485087
49903	9.386649	-1.427010	2.164217	0.427045	-0.489347	-0.065001	-0.472288	-0.089939	0.876844	0.192099	-0.981372	0.002808	0.860257	0.169767	0.480767
49904	10.361423	-0.613429	1.100387	0.263904	-0.537757	-0.095062	-0.467783	-0.088122	0.879439	0.193982	-0.980993	0.004883	0.862293	0.172880	0.475986
49905	9.234038	0.355290	1.333788	0.281369	-0.568360	-0.201414	-0.463229	-0.085199	0.882134	0.195476	-0.980676	0.007932	0.864412	0.176111	0.470932
49906	8.984260	2.838695	1.003694	0.536183	-0.743117	-0.291282	-0.457313	-0.081050	0.885605	0.198834	-0.979947	0.012991	0.866793	0.182029	0.464258
49907	9.815573	4.705665	1.354547	0.438626	-0.742404	-0.316931	-0.451458	-0.076618	0.888997	0.201220	-0.979385	0.017777	0.869308	0.186909	0.457568
49908	9.499691	4.568706	2.176302	0.124113	-0.681195	-0.389435	-0.446251	-0.071561	0.892042	0.200609	-0.979429	0.021785	0.872133	0.188673	0.451427
49909	9.219440	3.051368	3.396849	-0.221105	-0.682931	-0.470277	-0.441167	-0.065707	0.895017	0.196642	-0.980157	0.024970	0.875616	0.187014	0.445334
49910	8.997085	1.239359	3.501538	-0.419711	-0.666805	-0.495241	-0.436217	-0.059652	0.897862	0.190843	-0.981234	0.027529	0.879371	0.183359	0.439416
49911	8.859337	0.167766	3.845477	-0.453801	-0.649944	-0.457053	-0.431296	-0.054020	0.900592	0.184927	-0.982305	0.029641	0.883055	0.179328	0.433654
49912	8.814980	-0.784268	4.552364	-0.499548	-0.546532	-0.387843	-0.427109	-0.049277	0.902856	0.178899	-0.983380	0.030959	0.886326	0.174743	0.428826
49913	8.432380	-1.128247	4.992797	-0.366922	-0.469450	-0.345295	-0.423499	-0.045103	0.904773	0.174236	-0.984168	0.032494	0.888983	0.171405	0.424653
49914	8.395076	-0.871165	5.057350	-0.195998	-0.401517	-0.289108	-0.420368	-0.041610	0.906399	0.171328	-0.984618	0.034257	0.891032	0.169692	0.421031
49915	8.294037	-0.726871	4.936748	-0.070044	-0.329257	-0.233547	-0.417780	-0.038790	0.907720	0.169776	-0.984823	0.036054	0.892545	0.169171	0.418025
49916	8.586400	-0.640935	4.988827	0.062793	-0.275643	-0.162065	-0.415536	-0.036764	0.908834	0.169717	-0.984769	0.037762	0.893603	0.169936	0.415446
49917	8.786828	-0.333911	4.534181	0.217176	-0.234129	-0.100119	-0.413564	-0.035418	0.909786	0.171286	-0.984428	0.039539	0.894218	0.172186	0.413190
49918	8.759158	0.188221	3.562788	0.353856	-0.232038	-0.053740	-0.411524	-0.034522	0.910745	0.174286	-0.983822	0.041459	0.894580	0.175791	0.410883
49919	9.063210	0.683143	3.133298	0.393233	-0.237627	-0.024451	-0.409391	-0.033899	0.911729	0.177744	-0.983126	0.043258	0.894878	0.179763	0.408508
49920	9.645130	1.094251	3.461657	0.313099	-0.199114	-0.006194	-0.407562	-0.033514	0.912562	0.180576	-0.982551	0.044563	0.895145	0.182949	0.406503
49921	9.364645	1.749804	2.770950	0.389291	-0.223541	-0.018555	-0.405544	-0.032957	0.913481	0.184030	-0.981831	0.046278	0.895359	0.186876	0.404241
49922	9.484061	2.305499	2.451261	0.424976	-0.310772	-0.019369	-0.402738	-0.032216	0.914748	0.187814	-0.981024	0.048139	0.895839	0.191190	0.401147
49923	9.781650	2.341492	1.771578	0.382415	-0.378638	-0.031853	-0.399352	-0.031207	0.916266	0.191170	-0.980286	0.049933	0.896645	0.195104	0.397445
49924	10.147847	2.335464	1.624162	0.312898	-0.427523	-0.066563	-0.395586	-0.029750	0.917947	0.193768	-0.979681	0.051753	0.897756	0.198342	0.393313
49925	10.212393	2.264392	1.412077	0.226524	-0.428067	-0.101029	-0.391881	-0.027937	0.919592	0.195478	-0.979245	0.053553	0.899009	0.200746	0.389208
49926	10.094180	1.541521	1.950125	0.070661	-0.439297	-0.105170	-0.388075	-0.026059	0.921260	0.195759	-0.979122	0.054767	0.900598	0.201598	0.385073
49927	9.959328	0.560152	2.132518	0.033881	-0.437675	-0.088151	-0.384243	-0.024339	0.922911	0.195809	-0.979059	0.055703	0.902228	0.202118	0.380962
49928	9.924662	0.189846	2.352011	0.112062	-0.454563	-0.048590	-0.380175	-0.022977	0.924629	0.196690	-0.978834	0.056548	0.903759	0.203363	0.376647
49929	9.823202	0.369563	2.389951	0.201792	-0.450293	-0.007680	-0.376057	-0.022008	0.926335	0.198572	-0.978406	0.057368	0.905069	0.205518	0.372306
49930	10.066302	0.402291	2.059702	0.244286	-0.440205	0.038108	-0.371934	-0.021505	0.928010	0.200982	-0.977883	0.057890	0.906240	0.208045	0.368031
49931	9.627088	0.718022	1.523245	0.383843	-0.475689	0.062798	-0.367432	-0.021145	0.929810	0.204782	-0.977046	0.058704	0.907225	0.211978	0.363328
49932	9.897435	1.001887	1.784404	0.353558	-0.493304	0.083199	-0.362722	-0.020938	0.931662	0.208350	-0.976263	0.059176	0.908308	0.215576	0.358474
49933	10.087591	0.987217	1.960156	0.249217	-0.467807	0.098666	-0.358199	-0.020909	0.933411	0.211063	-0.975682	0.059140	0.909476	0.218193	0.353901
49934	9.507409	0.889868	2.287397	0.169371	-0.463707	0.090773	-0.353726	-0.020813	0.935118	0.212982	-0.975282	0.058857	0.910778	0.219983	0.349415
49935	9.324462	0.731762	2.878214	0.069252	-0.473802	0.084578	-0.349160	-0.020615	0.936836	0.214008	-0.975090	0.058305	0.912298	0.220848	0.344874
49936	8.994095	0.744403	3.357128	0.012783	-0.480706	0.071921	-0.344556	-0.020288	0.938546	0.214428	-0.975037	0.057643	0.913949	0.221112	0.340305
49937	8.642183	0.653666	4.066458	-0.027508	-0.518987	0.063149	-0.339606	-0.019776	0.940360	0.214490	-0.975064	0.056956	0.915785	0.221040	0.335380
49938	8.601037	0.444751	4.810459	-0.081125	-0.543797	0.052848	-0.334447	-0.019125	0.942221	0.213978	-0.975223	0.056157	0.917801	0.220396	0.330252
49939	8.416471	0.515730	5.222181	-0.099839	-0.542009	0.029243	-0.329339	-0.018239	0.944036	0.213252	-0.975417	0.055551	0.919815	0.219612	0.325132
49940	7.868823	0.600225	5.084001	-0.057953	-0.580216	0.007135	-0.323920	-0.017069	0.945931	0.212795	-0.975533	0.055265	0.921843	0.219190	0.319626
49941	7.861684	0.448389	5.118739	-0.019167	-0.630657	0.015104	-0.318004	-0.015856	0.947957	0.212756	-0.975553	0.055054	0.923909	0.219191	0.313603
49942	8.091122	0.271818	5.352718	-0.025758	-0.605674	0.039217	-0.312257	-0.014945	0.949880	0.212694	-0.975594	0.054570	0.925882	0.219074	0.307815
49943	7.855490	0.187008	5.645759	0.002003	-0.580597	0.050716	-0.306707	-0.014190	0.951698	0.212953	-0.975565	0.054083	0.927676	0.219255	0.302234
49944	7.752318	0.152545	5.756647	0.041356	-0.586372	0.058653	-0.301076	-0.013510	0.953505	0.213568	-0.975456	0.053615	0.929377	0.219780	0.296571
49945	7.872244	0.153852	5.919721	0.077786	-0.556092	0.065729	-0.295703	-0.012951	0.955192	0.214562	-0.975260	0.053200	0.930872	0.220679	0.291167
49946	7.369676	0.089599	5.822602	0.128269	-0.558557	0.066048	-0.290296	-0.012393	0.956857	0.216002	-0.974959	0.052905	0.932240	0.222041	0.285704
49947	7.660906	0.166114	5.884322	0.193699	-0.566976	0.091124	-0.284753	-0.012044	0.958525	0.218136	-0.974502	0.052558	0.933452	0.224055	0.280120
49948	8.016790	0.205748	5.864306	0.193428	-0.518876	0.115448	-0.279592	-0.012035	0.960044	0.220320	-0.974043	0.051953	0.934498	0.226043	0.274986
49949	8.044446	0.119296	5.565327	0.200893	-0.477195	0.147069	-0.274751	-0.012414	0.961435	0.222662	-0.973558	0.051059	0.935379	0.228104	0.270250
49950	8.197386	0.171168	5.277000	0.274249	-0.471581	0.174028	-0.269886	-0.013060	0.962804	0.225753	-0.972896	0.050085	0.936054	0.230874	0.265519
49951	8.804108	0.656552	5.765291	0.326027	-0.464420	0.218203	-0.264989	-0.014135	0.964148	0.229437	-0.972099	0.048807	0.936557	0.234145	0.260839
49952	9.911040	1.306848	6.790784	0.269898	-0.425803	0.233019	-0.260399	-0.015430	0.965378	0.232628	-0.971419	0.047222	0.937057	0.236871	0.256546
49953	11.338039	1.404533	7.587698	0.129766	-0.359097	0.227141	-0.256454	-0.016818	0.966410	0.234474	-0.971065	0.045323	0.937685	0.238222	0.252977
49954	11.884324	-0.065050	7.255644	-0.079691	-0.234847	0.262802	-0.253572	-0.018844	0.967133	0.234448	-0.971197	0.042546	0.938475	0.237531	0.250686
49955	11.716241	-2.158263	6.706057	-0.206310	-0.071437	0.379906	-0.251968	-0.022404	0.967476	0.233505	-0.971600	0.038315	0.939142	0.235565	0.250043
49956	10.840512	-3.181584	7.146012	-0.147354	0.075761	0.505241	-0.251436	-0.027524	0.967482	0.233443	-0.971810	0.033022	0.939300	0.234155	0.250774
49957	10.337408	-2.961544	8.346836	-0.101637	0.218196	0.575995	-0.252100	-0.033681	0.967115	0.233946	-0.971871	0.027136	0.938997	0.233094	0.252888
49958	10.020222	-2.110992	9.291029	-0.086990	0.340230	0.615217	-0.253788	-0.040485	0.966412	0.234736	-0.971834	0.020931	0.938344	0.232164	0.256144
49959	9.993805	-1.089070	9.841140	-0.107501	0.414374	0.630131	-0.256161	-0.047630	0.965460	0.235314	-0.971811	0.014491	0.937555	0.230898	0.260149
49960	10.481883	-0.316233	10.295242	-0.195171	0.520137	0.647824	-0.259449	-0.055155	0.964181	0.235205	-0.971915	0.007693	0.936678	0.228776	0.265135
49961	10.984468	0.227859	10.555306	-0.306875	0.706219	0.621129	-0.264578	-0.062866	0.962313	0.233920	-0.972255	0.000799	0.935564	0.225316	0.271943
49962	11.010643	0.178195	9.644753	-0.506777	0.923095	0.600111	-0.271751	-0.070791	0.959760	0.230843	-0.972970	-0.006404	0.934271	0.219813	0.280748
49963	10.670545	-0.241413	7.960690	-0.598545	1.072146	0.605353	-0.280358	-0.079077	0.956633	0.226876	-0.973823	-0.014007	0.932699	0.213110	0.290960
49964	10.433469	-0.521794	6.297128	-0.504591	1.138042	0.650965	-0.289431	-0.087845	0.953160	0.224081	-0.974328	-0.021752	0.930601	0.207289	0.301685
49965	10.113658	-0.273062	4.643841	-0.235882	1.138075	0.692273	-0.298445	-0.097002	0.949485	0.223868	-0.974183	-0.029158	0.927801	0.203857	0.312455
49966	9.814329	0.280606	2.940682	0.189924	1.087482	0.713097	-0.306842	-0.106201	0.945817	0.227836	-0.973058	-0.035345	0.924088	0.204646	0.322772
49967	9.225537	0.552548	2.280127	0.609089	0.965407	0.698038	-0.314116	-0.115055	0.942387	0.235566	-0.971034	-0.040034	0.919696	0.209419	0.332120
49968	9.445676	0.679381	1.694436	0.794663	0.721974	0.696844	-0.319004	-0.123384	0.939688	0.245116	-0.968497	-0.043955	0.915508	0.216310	0.339198
49969	10.484937	0.449283	0.630848	0.850251	0.481556	0.638256	-0.321798	-0.130681	0.937747	0.254886	-0.965822	-0.047126	0.911855	0.223854	0.344108
49970	11.733183	0.484072	-0.830445	0.947724	0.391088	0.572191	-0.323806	-0.137125	0.936134	0.265410	-0.962878	-0.049238	0.908134	0.232516	0.348180
49971	11.931297	0.824239	-1.911932	1.023425	0.454572	0.483715	-0.326599	-0.142910	0.934297	0.276228	-0.959778	-0.050247	0.903898	0.241668	0.352938
49972	12.057012	1.462090	-1.521617	0.976426	0.570536	0.355278	-0.330680	-0.147750	0.932105	0.286251	-0.956843	-0.050119	0.899283	0.250243	0.358703
49973	11.878466	2.378318	-0.692258	0.585664	0.763165	0.183824	-0.336971	-0.151482	0.929249	0.292116	-0.955087	-0.049765	0.895052	0.254679	0.366087
49974	11.576272	2.771705	-0.127340	0.042758	0.942054	-0.005136	-0.345340	-0.153859	0.925780	0.292532	-0.954969	-0.049588	0.891720	0.253696	0.374797
49975	10.842937	2.736374	0.282301	-0.479052	1.121057	-0.129452	-0.355665	-0.155468	0.921592	0.287839	-0.956360	-0.050250	0.889186	0.247398	0.384893
