// General information: 
//  MT Manager version: 2022.2.0 
//  XDA version: 2022.2.0 build 7381 rev 124627 built on 2023-07-19
// Device information: 
//  DeviceId: 00B4CBA7
//  ProductCode: MTW2-3A7G6
//  Firmware Version: 4.6.0
//  Hardware Version: 2.0.0
// Device settings: 
//  Filter Profile: human(46.1)
//  Option Flags: Orientation Smoother Disabled, Position/Velocity Smoother Disabled, Continuous Zero Rotation Update Disabled, AHS Disabled, ICC Disabled
// Coordinate system: ENU
PacketCounter	Acc_X	Acc_Y	Acc_Z	Gyr_X	Gyr_Y	Gyr_Z	Mat[1][1]	Mat[2][1]	Mat[3][1]	Mat[1][2]	Mat[2][2]	Mat[3][2]	Mat[1][3]	Mat[2][3]	Mat[3][3]
42530	9.095153	-1.474968	-2.957928	-0.096159	-0.170168	-0.066602	-0.344479	0.004421	0.938784	-0.306818	0.944546	-0.117033	-0.887241	-0.328351	-0.324020
42531	9.055957	-1.542983	-2.920434	-0.052156	-0.179771	-0.082900	-0.345812	0.002984	0.938299	-0.306655	0.944723	-0.116023	-0.886779	-0.327856	-0.325781
42532	9.079758	-1.447498	-2.873722	0.018920	-0.206208	-0.093083	-0.347330	0.001380	0.937742	-0.307170	0.944661	-0.115163	-0.886007	-0.328046	-0.327685
42533	9.067935	-1.216797	-3.051492	0.039879	-0.208167	-0.099419	-0.348865	-0.000288	0.937173	-0.307786	0.944567	-0.114284	-0.885190	-0.328318	-0.329615
42534	9.022498	-1.302823	-3.304627	0.030913	-0.210623	-0.109406	-0.350368	-0.002061	0.936610	-0.308466	0.944462	-0.113313	-0.884359	-0.328614	-0.331545
42535	9.029378	-1.261985	-3.465511	0.090177	-0.218229	-0.123957	-0.351915	-0.004029	0.936023	-0.309741	0.944155	-0.112389	-0.883299	-0.329476	-0.333510
42536	9.132435	-0.928087	-3.576530	0.107940	-0.214067	-0.120822	-0.353406	-0.005924	0.935451	-0.311144	0.943791	-0.111571	-0.882209	-0.330490	-0.335384
42537	9.136610	-0.963095	-3.670452	0.047735	-0.197143	-0.124137	-0.354740	-0.007783	0.934933	-0.311955	0.943648	-0.110509	-0.881387	-0.330859	-0.337178
42538	9.167979	-1.193640	-3.654948	0.044588	-0.187204	-0.126953	-0.355969	-0.009649	0.934448	-0.312824	0.943487	-0.109425	-0.880583	-0.331270	-0.338871
42539	9.132466	-1.216948	-3.789702	0.059206	-0.178896	-0.132189	-0.357169	-0.011533	0.933969	-0.313533	0.943387	-0.108253	-0.879845	-0.331494	-0.340564
42540	9.045689	-1.213378	-3.937956	0.063300	-0.169643	-0.134177	-0.358216	-0.013409	0.933542	-0.314594	0.943157	-0.107168	-0.879040	-0.332076	-0.342073
42541	9.043899	-1.133686	-4.077978	0.078161	-0.153537	-0.140257	-0.359158	-0.015261	0.933152	-0.315435	0.943010	-0.105984	-0.878354	-0.332414	-0.343503
42542	9.084156	-1.059842	-3.964167	0.076267	-0.139781	-0.140876	-0.359917	-0.017103	0.932828	-0.316635	0.942731	-0.104884	-0.877612	-0.333116	-0.344720
42543	9.190894	-0.955299	-3.779495	0.051865	-0.124217	-0.131159	-0.360625	-0.018827	0.932521	-0.317424	0.942594	-0.103724	-0.877036	-0.333410	-0.345899
42544	9.254170	-0.887549	-3.672260	-0.004499	-0.104166	-0.123346	-0.361123	-0.020385	0.932295	-0.317853	0.942582	-0.102510	-0.876675	-0.333352	-0.346868
42545	9.183042	-1.103749	-3.653292	-0.056595	-0.086435	-0.122781	-0.361550	-0.021874	0.932096	-0.317441	0.942883	-0.101005	-0.876649	-0.332404	-0.347843
42546	9.110399	-1.238174	-3.641144	-0.042051	-0.088516	-0.138136	-0.361864	-0.023519	0.931934	-0.317596	0.942989	-0.099523	-0.876463	-0.331992	-0.348703
42547	9.059305	-1.304963	-3.704162	-0.012762	-0.087930	-0.140323	-0.362156	-0.025246	0.931776	-0.318298	0.942894	-0.098167	-0.876088	-0.332134	-0.349511
42548	8.932589	-1.360019	-3.760121	0.036796	-0.084662	-0.150064	-0.362396	-0.026991	0.931633	-0.319188	0.942730	-0.096849	-0.875665	-0.332464	-0.350257
42549	8.902911	-1.250203	-3.646732	0.098333	-0.092219	-0.156436	-0.362753	-0.028888	0.931438	-0.320571	0.942386	-0.095620	-0.875011	-0.333278	-0.351114
42550	8.915844	-0.926227	-3.541369	0.103373	-0.089592	-0.147904	-0.363038	-0.030629	0.931271	-0.322035	0.941994	-0.094558	-0.874355	-0.334230	-0.351843
42551	9.112046	-0.822627	-3.340312	0.061102	-0.083919	-0.144247	-0.363294	-0.032310	0.931114	-0.323066	0.941759	-0.093372	-0.873869	-0.334732	-0.352573
42552	9.183318	-0.785715	-3.187175	0.010216	-0.076889	-0.138963	-0.363493	-0.033924	0.930979	-0.323683	0.941676	-0.092066	-0.873557	-0.334808	-0.353273
42553	9.150497	-0.806670	-3.312314	-0.053774	-0.075611	-0.139559	-0.363686	-0.035595	0.930841	-0.323914	0.941744	-0.090543	-0.873391	-0.334442	-0.354029
42554	8.975052	-1.165952	-3.370749	-0.070118	-0.069522	-0.154499	-0.363769	-0.037331	0.930741	-0.323887	0.941918	-0.088808	-0.873366	-0.333761	-0.354732
42555	8.924331	-1.439613	-3.603788	-0.016057	-0.084000	-0.160946	-0.363995	-0.039200	0.930576	-0.324305	0.941927	-0.087174	-0.873117	-0.333521	-0.355569
42556	8.981521	-1.606521	-3.523247	0.042644	-0.090524	-0.179597	-0.364178	-0.041242	0.930416	-0.325355	0.941709	-0.085606	-0.872650	-0.333891	-0.356368
42557	9.120531	-1.994443	-3.470118	0.119711	-0.102850	-0.199865	-0.364417	-0.043526	0.930218	-0.327139	0.941225	-0.084117	-0.871883	-0.334964	-0.357237
42558	9.222562	-1.653250	-3.424740	0.244351	-0.129012	-0.218401	-0.364800	-0.046062	0.929946	-0.330088	0.940302	-0.082912	-0.870611	-0.337210	-0.358226
42559	9.288359	-1.064498	-3.396085	0.294404	-0.141734	-0.228902	-0.365326	-0.048740	0.929603	-0.333244	0.939293	-0.081714	-0.869187	-0.339637	-0.359390
42560	9.257968	-0.624209	-3.549275	0.275525	-0.142218	-0.228944	-0.365771	-0.051422	0.929283	-0.336497	0.938235	-0.080529	-0.867745	-0.342157	-0.360482
42561	9.259399	-0.039971	-3.398069	0.234626	-0.142232	-0.213724	-0.366219	-0.053987	0.928961	-0.339585	0.937217	-0.079407	-0.866352	-0.344542	-0.361560
42562	9.243086	0.615109	-3.276556	0.158697	-0.129800	-0.182155	-0.366699	-0.056189	0.928641	-0.341651	0.936565	-0.078241	-0.865336	-0.345962	-0.362634
42563	8.964938	0.360855	-3.205586	-0.041088	-0.102193	-0.154577	-0.367009	-0.058038	0.928405	-0.341985	0.936575	-0.076641	-0.865073	-0.345629	-0.363579
42564	8.839148	-0.228585	-3.105110	-0.054964	-0.109771	-0.144806	-0.367439	-0.059822	0.928122	-0.342065	0.936674	-0.075049	-0.864858	-0.345054	-0.364633
42565	8.892775	-0.027047	-3.123489	-0.045928	-0.119324	-0.120329	-0.368076	-0.061418	0.927765	-0.342033	0.936795	-0.073680	-0.864600	-0.344446	-0.365818
42566	8.927869	0.139425	-2.958794	-0.123048	-0.122288	-0.099351	-0.368769	-0.062817	0.927396	-0.341359	0.937151	-0.072260	-0.864571	-0.343222	-0.367036
42567	9.058425	0.130019	-2.694424	-0.239236	-0.121955	-0.075815	-0.369578	-0.064024	0.926992	-0.339565	0.937929	-0.070600	-0.864933	-0.340866	-0.368378
42568	9.145614	-0.299428	-2.680906	-0.357065	-0.123732	-0.060436	-0.370420	-0.065059	0.926583	-0.336722	0.939096	-0.068674	-0.865683	-0.337439	-0.369767
42569	9.145336	-0.614969	-2.833473	-0.395637	-0.140358	-0.067739	-0.371405	-0.066220	0.926106	-0.333518	0.940394	-0.066512	-0.866501	-0.333576	-0.371353
42570	9.134159	-1.114047	-3.074019	-0.400409	-0.159540	-0.076582	-0.372511	-0.067518	0.925568	-0.330356	0.941666	-0.064265	-0.867237	-0.329706	-0.373086
42571	9.193571	-1.514570	-3.287987	-0.292649	-0.202332	-0.104892	-0.373951	-0.069239	0.924860	-0.328113	0.942595	-0.062100	-0.867469	-0.326681	-0.375203
42572	9.228339	-1.251831	-3.521511	-0.183737	-0.233548	-0.119361	-0.375562	-0.071174	0.924060	-0.326991	0.943105	-0.060257	-0.867197	-0.324789	-0.377468
42573	9.129216	-1.168551	-3.742010	-0.122288	-0.256212	-0.136289	-0.377365	-0.073359	0.923155	-0.326374	0.943432	-0.058444	-0.866646	-0.323348	-0.379961
42574	9.401530	-0.431779	-3.434810	-0.009129	-0.292719	-0.134709	-0.379437	-0.075624	0.922122	-0.326828	0.943356	-0.057118	-0.865570	-0.323048	-0.382660
42575	9.618620	0.296654	-3.250035	-0.044171	-0.301618	-0.113723	-0.381643	-0.077793	0.921030	-0.327135	0.943324	-0.055878	-0.864483	-0.322626	-0.385462
42576	9.335788	0.671220	-3.766750	-0.109517	-0.293837	-0.091807	-0.383859	-0.079654	0.919950	-0.326564	0.943599	-0.054561	-0.863718	-0.321366	-0.388221
42577	9.119762	0.732969	-4.284898	-0.174804	-0.269120	-0.061408	-0.385944	-0.081236	0.918939	-0.325603	0.944003	-0.053298	-0.863151	-0.319779	-0.390783
42578	8.912893	0.200126	-4.563619	-0.233503	-0.239709	-0.032528	-0.387884	-0.082355	0.918022	-0.323739	0.944715	-0.052037	-0.862983	-0.317383	-0.393101
42579	8.839260	-0.515611	-4.549896	-0.211672	-0.233214	-0.016518	-0.389870	-0.083307	0.917094	-0.321878	0.945409	-0.050957	-0.862784	-0.315059	-0.395401
42580	8.932829	-0.616140	-4.454590	-0.128472	-0.229615	-0.004655	-0.391813	-0.084121	0.916191	-0.320813	0.945803	-0.050357	-0.862300	-0.313656	-0.397565
42581	9.126558	-0.129613	-4.282817	-0.094250	-0.227749	0.001331	-0.393772	-0.084901	0.915279	-0.320055	0.946082	-0.049936	-0.861689	-0.312603	-0.399714
42582	9.251045	-0.155415	-3.933322	-0.146501	-0.212433	0.008336	-0.395606	-0.085534	0.914429	-0.318785	0.946540	-0.049377	-0.861320	-0.311040	-0.401724
42583	9.034463	-0.416183	-3.691636	-0.152458	-0.215480	0.012896	-0.397509	-0.086140	0.913546	-0.317389	0.947038	-0.048807	-0.860959	-0.309351	-0.403796
42584	8.910857	-0.499747	-3.783574	-0.146237	-0.218583	0.012117	-0.399407	-0.086749	0.912660	-0.316108	0.947494	-0.048278	-0.860552	-0.307781	-0.405857
42585	8.908247	-0.632804	-3.646004	-0.129118	-0.240759	0.007478	-0.401514	-0.087509	0.911663	-0.314999	0.947890	-0.047745	-0.859978	-0.306343	-0.408156
42586	8.888685	-0.499611	-3.477070	-0.111067	-0.254992	0.007524	-0.403707	-0.088266	0.910620	-0.314039	0.948231	-0.047312	-0.859302	-0.305070	-0.410527
42587	8.759195	-0.420548	-3.681969	-0.125295	-0.263890	0.004170	-0.406076	-0.089073	0.909488	-0.312662	0.948716	-0.046685	-0.858688	-0.303320	-0.413101
42588	8.660646	-0.359363	-3.866754	-0.111568	-0.274851	0.006773	-0.408435	-0.089890	0.908351	-0.311702	0.949054	-0.046237	-0.857918	-0.302020	-0.415646
42589	8.686772	-0.113264	-3.847187	-0.113697	-0.280869	0.005370	-0.410876	-0.090746	0.907164	-0.310656	0.949422	-0.045730	-0.857131	-0.300605	-0.418285
42590	8.767474	-0.355675	-3.650841	-0.133275	-0.287789	0.013315	-0.413361	-0.091532	0.905955	-0.309485	0.949827	-0.045244	-0.856360	-0.299081	-0.420950
42591	8.798234	-0.356945	-3.419079	-0.099954	-0.311205	0.009128	-0.416068	-0.092427	0.904624	-0.308529	0.950158	-0.044823	-0.855393	-0.297752	-0.423846
42592	8.853213	-0.300463	-3.233911	-0.099648	-0.335493	0.009184	-0.418942	-0.093386	0.903198	-0.307664	0.950457	-0.044435	-0.854301	-0.296497	-0.426918
42593	8.929786	-0.443074	-3.061165	-0.101734	-0.364135	0.014364	-0.422139	-0.094397	0.901603	-0.306643	0.950806	-0.044025	-0.853093	-0.295055	-0.430319
42594	9.150232	-0.738286	-2.911483	-0.085445	-0.414000	0.009382	-0.425675	-0.095576	0.899814	-0.305901	0.951060	-0.043693	-0.851601	-0.293853	-0.434080
42595	9.351042	-0.777408	-3.230510	-0.073949	-0.445035	-0.000006	-0.429502	-0.096957	0.897846	-0.305205	0.951303	-0.043271	-0.849928	-0.292612	-0.438179
42596	9.266872	-0.998262	-3.498649	-0.072164	-0.490247	-0.009141	-0.433615	-0.098525	0.895696	-0.304657	0.951499	-0.042824	-0.848034	-0.291450	-0.442601
42597	9.121594	-1.428824	-3.435100	-0.034418	-0.529361	-0.023842	-0.438076	-0.100335	0.893321	-0.304320	0.951628	-0.042352	-0.845859	-0.290409	-0.447420
42598	9.323410	-1.648568	-3.108954	0.054464	-0.585947	-0.046307	-0.442862	-0.102527	0.890708	-0.305011	0.951416	-0.042137	-0.843114	-0.290336	-0.452618
42599	9.454351	-1.365924	-2.831674	0.081932	-0.653788	-0.058299	-0.448214	-0.105056	0.887732	-0.305942	0.951127	-0.041911	-0.839943	-0.290379	-0.458449
42600	9.644522	-1.317302	-2.644400	0.062924	-0.712031	-0.073298	-0.453937	-0.107870	0.884480	-0.306826	0.950860	-0.041506	-0.836540	-0.290223	-0.464728
42601	10.459869	-1.002430	-2.527713	0.132015	-0.799668	-0.085559	-0.460389	-0.111065	0.880742	-0.308253	0.950408	-0.041282	-0.832480	-0.290497	-0.471793
42602	12.229267	0.308128	-2.205105	0.199945	-0.906519	-0.057056	-0.467716	-0.114294	0.876458	-0.310204	0.949756	-0.041686	-0.827656	-0.291378	-0.479670
42603	13.239248	0.387353	-1.540475	-0.075616	-0.947026	-0.006827	-0.475546	-0.117260	0.871841	-0.309731	0.949932	-0.041180	-0.823361	-0.289619	-0.488056
42604	12.052957	-3.167706	-1.570233	-0.412303	-0.977943	-0.018011	-0.483505	-0.120288	0.867037	-0.306458	0.951087	-0.038948	-0.819943	-0.284541	-0.496719
42605	11.075331	-5.941091	-1.704342	-0.115679	-1.133592	-0.114708	-0.492436	-0.124655	0.861375	-0.306080	0.951274	-0.037317	-0.814752	-0.282026	-0.506596
42606	11.717315	-4.484567	-0.825749	0.463004	-1.368316	-0.201692	-0.502886	-0.130500	0.854445	-0.310866	0.949697	-0.037914	-0.806516	-0.284684	-0.518157
42607	12.569476	-2.304235	0.155678	0.477155	-1.521626	-0.203500	-0.514449	-0.136969	0.846512	-0.315991	0.947975	-0.038650	-0.797178	-0.287374	-0.530965
42608	13.051523	-1.963173	0.531689	0.164706	-1.624722	-0.165274	-0.526783	-0.143249	0.837842	-0.318187	0.947262	-0.038100	-0.788198	-0.286661	-0.544581
42609	13.659997	-2.376525	0.533843	-0.081094	-1.730443	-0.147256	-0.539917	-0.149666	0.828305	-0.318395	0.947260	-0.036380	-0.779175	-0.283371	-0.559095
42610	13.959563	-2.153374	-0.092289	-0.112226	-1.849127	-0.122781	-0.553824	-0.156083	0.817874	-0.318229	0.947379	-0.034691	-0.769422	-0.279484	-0.574351
42611	13.814190	-1.462893	0.213063	-0.273030	-1.931472	-0.095153	-0.568287	-0.162531	0.806619	-0.316956	0.947890	-0.032308	-0.759334	-0.274023	-0.590189
42612	13.505204	-1.150595	0.354694	-0.387980	-2.014154	-0.080307	-0.583203	-0.168792	0.794597	-0.314526	0.948796	-0.029302	-0.748964	-0.267010	-0.606430
42613	13.243688	-0.187447	-0.268426	-0.543011	-2.038981	-0.064012	-0.598240	-0.174839	0.782011	-0.310911	0.950099	-0.025428	-0.738542	-0.258347	-0.622746
42614	11.772387	1.060829	-1.599960	-0.728197	-2.035332	-0.071449	-0.612929	-0.180720	0.769193	-0.306037	0.951805	-0.020241	-0.728464	-0.247807	-0.638696
42615	10.034246	1.870854	-3.237111	-0.777912	-2.073594	-0.107729	-0.627619	-0.186937	0.755744	-0.301289	0.953425	-0.014375	-0.717857	-0.236719	-0.654710
42616	9.013762	2.971821	-4.890834	-0.643127	-2.130160	-0.129187	-0.642382	-0.193155	0.741645	-0.297566	0.954658	-0.009107	-0.706258	-0.226539	-0.670731
42617	8.717929	3.576217	-6.369882	-0.640391	-2.130076	-0.134378	-0.656884	-0.199356	0.727159	-0.294226	0.955729	-0.003770	-0.694215	-0.216426	-0.686459
42618	8.509566	3.443779	-7.516975	-0.843010	-2.037440	-0.086002	-0.670647	-0.204515	0.713026	-0.289029	0.957317	0.002735	-0.683151	-0.204251	-0.701132
42619	8.220006	2.909406	-8.189319	-0.976081	-1.925717	-0.004429	-0.683671	-0.208545	0.699359	-0.282673	0.959168	0.009687	-0.672823	-0.191067	-0.714705
42620	8.398212	2.756152	-8.589878	-0.937963	-1.736592	0.143333	-0.695656	-0.210428	0.686864	-0.275456	0.961189	0.015488	-0.663466	-0.178427	-0.726620
42621	8.114002	3.219550	-9.667741	-0.866480	-1.497900	0.320656	-0.706322	-0.210059	0.676006	-0.267717	0.963298	0.019607	-0.655314	-0.167130	-0.736635
42622	8.381914	3.419962	-7.883655	-1.089036	-1.115381	0.468641	-0.714817	-0.207382	0.667855	-0.257319	0.966015	0.024553	-0.650250	-0.154300	-0.743886
42623	8.286669	1.770400	-6.338250	-1.446977	-0.722570	0.609603	-0.720944	-0.202663	0.662697	-0.243756	0.969333	0.031256	-0.648709	-0.139003	-0.748235
42624	7.696056	0.951642	-6.170761	-1.690438	-0.399331	0.747476	-0.725282	-0.195976	0.659969	-0.227417	0.973016	0.039011	-0.649806	-0.121794	-0.750279
42625	6.767637	-0.011420	-6.886027	-1.721062	-0.097527	0.852187	-0.727685	-0.187902	0.659672	-0.210231	0.976557	0.046258	-0.652899	-0.105022	-0.750129
42626	5.979071	-0.560113	-7.519407	-1.561725	0.227280	0.921415	-0.728041	-0.178719	0.661827	-0.193332	0.979760	0.051900	-0.657707	-0.090167	-0.747858
42627	5.537172	-0.644381	-7.661562	-1.270274	0.556612	0.965568	-0.726064	-0.168900	0.666561	-0.178134	0.982473	0.054913	-0.664153	-0.078866	-0.743425
42628	5.416261	-0.331309	-7.568530	-1.035853	0.897561	1.009779	-0.721781	-0.158351	0.673764	-0.163943	0.984888	0.055846	-0.672425	-0.070150	-0.736834
42629	5.226560	-0.211163	-7.498961	-0.875115	1.230521	1.066596	-0.715033	-0.147134	0.683432	-0.150575	0.987069	0.054966	-0.682682	-0.063605	-0.727942
42630	5.209133	-0.169357	-7.698702	-0.701440	1.545013	1.146253	-0.706034	-0.134915	0.695208	-0.137640	0.989108	0.052166	-0.694674	-0.058858	-0.716913
42631	5.029456	-0.251650	-7.766856	-0.454281	1.817677	1.229729	-0.694824	-0.121805	0.708790	-0.126066	0.990922	0.046707	-0.708044	-0.056901	-0.703872
42632	4.764871	0.074389	-7.922699	-0.176357	2.062035	1.283833	-0.681619	-0.107946	0.723701	-0.116009	0.992491	0.038775	-0.722452	-0.057526	-0.689023
42633	4.534363	0.627633	-8.036889	0.030629	2.307087	1.311363	-0.666162	-0.093670	0.739901	-0.107619	0.993772	0.028916	-0.738002	-0.060364	-0.672094
42634	4.462196	0.605813	-7.824525	0.205716	2.554140	1.346421	-0.648490	-0.078739	0.757140	-0.100342	0.994799	0.017511	-0.754580	-0.064617	-0.653018
42635	4.502227	0.403042	-7.493269	0.391619	2.755361	1.373339	-0.628731	-0.063304	0.775042	-0.094775	0.995489	0.004425	-0.771825	-0.070673	-0.631895
42636	4.613977	0.216377	-7.413905	0.579252	2.920733	1.387759	-0.607209	-0.047366	0.793129	-0.090758	0.995823	-0.010012	-0.789341	-0.078062	-0.608972
42637	4.687006	-0.226982	-7.293966	0.769091	3.055711	1.372630	-0.583993	-0.031256	0.811157	-0.088925	0.995708	-0.025654	-0.806874	-0.087114	-0.584266
42638	4.940183	-0.854507	-7.187996	0.959955	3.168249	1.311491	-0.559313	-0.015330	0.828815	-0.089292	0.995126	-0.041851	-0.824134	-0.097414	-0.557955
42639	5.338153	-1.467204	-7.157492	1.231981	3.257193	1.223993	-0.533256	0.000153	0.845954	-0.093062	0.993920	-0.058842	-0.840820	-0.110104	-0.529999
42640	5.864732	-1.475961	-6.763463	1.548915	3.312065	1.101478	-0.506201	0.014937	0.862286	-0.100516	0.992014	-0.076191	-0.856538	-0.125242	-0.500657
42641	6.331277	-0.711929	-6.510248	1.653783	3.365768	0.973466	-0.478095	0.029007	0.877829	-0.110215	0.989573	-0.092726	-0.871366	-0.141081	-0.469913
42642	6.962836	-0.081645	-6.661373	1.558993	3.419274	0.869888	-0.449047	0.042620	0.892491	-0.119907	0.986952	-0.107460	-0.885426	-0.155271	-0.438078
42643	7.275460	-0.260944	-7.940261	1.205867	3.522436	0.805428	-0.418564	0.056167	0.906449	-0.127361	0.984592	-0.119820	-0.899213	-0.165598	-0.404961
42644	7.336266	-0.092504	-7.711533	1.198280	3.535794	0.788349	-0.387564	0.069893	0.919189	-0.135063	0.982056	-0.131621	-0.911895	-0.175160	-0.371170
42645	7.428430	0.261539	-7.070448	0.992273	3.513443	0.796413	-0.356376	0.083950	0.930563	-0.141377	0.979643	-0.142521	-0.923585	-0.182351	-0.337253
42646	7.496222	0.579075	-5.816783	0.666534	3.415183	0.804377	-0.325787	0.098058	0.940344	-0.144850	0.977688	-0.152136	-0.934281	-0.185773	-0.304314
42647	7.763889	0.799635	-4.515960	0.310916	3.229287	0.815329	-0.296608	0.111988	0.948410	-0.145376	0.976232	-0.160739	-0.943869	-0.185552	-0.273278
42648	8.013318	0.956049	-4.154806	-0.031570	2.982421	0.818970	-0.269496	0.125406	0.954801	-0.142779	0.975323	-0.168401	-0.952358	-0.181710	-0.244941
42649	7.963053	-0.188543	-3.719339	-0.362929	2.685914	0.784919	-0.244885	0.137816	0.959707	-0.137406	0.974922	-0.175062	-0.959766	-0.174740	-0.219807
42650	7.805105	-0.862673	-3.932995	-0.257598	2.273595	0.712460	-0.223951	0.148616	0.963203	-0.133275	0.974351	-0.181323	-0.965445	-0.168978	-0.198400
42651	7.492792	-0.258722	-4.008285	-0.108274	1.862854	0.602801	-0.206695	0.157570	0.965634	-0.131028	0.973598	-0.186917	-0.969592	-0.165160	-0.180592
42652	7.094131	0.137118	-3.972702	-0.088852	1.471384	0.459419	-0.192992	0.164397	0.967330	-0.129265	0.973012	-0.191152	-0.972648	-0.161932	-0.166533
42653	6.707393	-0.353881	-4.061972	-0.154186	1.121192	0.299673	-0.182433	0.169076	0.968572	-0.127282	0.972753	-0.193779	-0.974945	-0.158633	-0.155942
42654	6.323291	-1.113512	-4.290156	-0.101472	0.775452	0.132782	-0.175023	0.171537	0.969506	-0.126070	0.972695	-0.194860	-0.976460	-0.156331	-0.148618
42655	5.992571	-1.706591	-4.571064	0.053179	0.443171	-0.051057	-0.170606	0.171696	0.970265	-0.126742	0.972698	-0.194412	-0.977154	-0.156141	-0.144187
42656	5.818652	-1.597080	-4.515123	0.250097	0.135135	-0.227623	-0.168982	0.169643	0.970910	-0.129588	0.972701	-0.192510	-0.977063	-0.158349	-0.142386
42657	8.129944	-1.267643	-3.898872	0.389529	-0.132303	-0.373372	-0.169763	0.165760	0.971444	-0.134086	0.972700	-0.189406	-0.976320	-0.162412	-0.142903
42658	6.331765	0.587147	-3.073247	0.397141	-0.352547	-0.485181	-0.172529	0.160408	0.971855	-0.138808	0.972845	-0.185214	-0.975175	-0.166856	-0.145578
42659	7.053820	1.845721	-4.090920	-0.033412	-0.563498	-0.481811	-0.177331	0.154734	0.971911	-0.139366	0.973662	-0.180441	-0.974233	-0.167449	-0.151096
42660	9.134555	-0.733050	-4.285767	-0.366353	-0.555884	-0.408320	-0.182170	0.149781	0.971792	-0.136548	0.974900	-0.175857	-0.973740	-0.164732	-0.157145
42661	12.426798	-1.795388	-0.895345	-0.379641	-0.409134	-0.240071	-0.185811	0.146719	0.971570	-0.133311	0.975882	-0.172866	-0.973500	-0.161641	-0.161770
42662	16.169092	0.290971	3.042707	-0.433342	-0.263646	-0.024840	-0.188333	0.146004	0.971192	-0.129155	0.976617	-0.171865	-0.973576	-0.157803	-0.165072
42663	14.918236	0.401019	2.811713	-1.797733	-0.214579	0.086808	-0.190506	0.146477	0.970697	-0.111492	0.979179	-0.169638	-0.975334	-0.140542	-0.170209
42664	11.367266	-5.894411	-1.048675	-2.030388	-0.631159	-0.082782	-0.196571	0.144786	0.969741	-0.091857	0.981968	-0.165231	-0.976177	-0.121557	-0.179727
42665	9.102258	-6.555244	-3.261241	-1.429223	-0.997812	-0.308677	-0.206020	0.140550	0.968401	-0.078559	0.984061	-0.159535	-0.975389	-0.108944	-0.191695
42666	7.702786	-6.851959	-5.209352	-0.668764	-1.043287	-0.429599	-0.215853	0.135157	0.967026	-0.072965	0.985372	-0.154008	-0.973696	-0.103802	-0.202834
42667	7.671089	-3.683146	-5.666075	0.224467	-1.046941	-0.461676	-0.225673	0.129462	0.965563	-0.076225	0.985746	-0.149984	-0.971216	-0.107448	-0.212588
42668	8.652071	0.785140	-4.981950	0.156050	-0.941438	-0.436995	-0.234458	0.124077	0.964175	-0.078764	0.986136	-0.146056	-0.968930	-0.110186	-0.221435
42669	9.031139	1.087186	-4.886401	-0.415259	-0.775639	-0.379438	-0.241662	0.119448	0.962981	-0.075704	0.987049	-0.141432	-0.967403	-0.107081	-0.229490
42670	9.198052	-0.829456	-5.043190	-0.569025	-0.671674	-0.353185	-0.247888	0.115205	0.961915	-0.071087	0.988065	-0.136656	-0.966177	-0.102255	-0.236740
42671	9.682119	-1.605739	-4.522460	-0.320990	-0.636760	-0.367065	-0.253767	0.110886	0.960888	-0.068953	0.988806	-0.132318	-0.964804	-0.099834	-0.243281
42672	9.798821	-1.401309	-3.630953	-0.222347	-0.603589	-0.375209	-0.259321	0.106524	0.959899	-0.067793	0.989439	-0.128117	-0.963409	-0.098298	-0.249361
42673	9.674538	-1.029516	-3.245452	-0.256637	-0.583768	-0.359436	-0.264691	0.102351	0.958886	-0.066302	0.990067	-0.123981	-0.962051	-0.096393	-0.255275
42674	9.687891	-0.965700	-3.397521	-0.355676	-0.545149	-0.332438	-0.269707	0.098488	0.957893	-0.063792	0.990743	-0.119827	-0.960827	-0.093424	-0.260928
42675	9.475686	-1.126134	-3.342034	-0.492341	-0.522631	-0.308743	-0.274525	0.094903	0.956885	-0.059946	0.991493	-0.115533	-0.959710	-0.089078	-0.266501
42676	9.202789	-2.144178	-3.459481	-0.431833	-0.526646	-0.331632	-0.279375	0.091102	0.955851	-0.056744	0.992182	-0.111149	-0.958504	-0.085291	-0.272021
42677	9.272379	-1.997175	-3.324102	-0.153924	-0.562954	-0.372251	-0.284548	0.086882	0.954717	-0.056359	0.992646	-0.107131	-0.957004	-0.084291	-0.277559
42678	9.276412	-1.562307	-3.119334	-0.010858	-0.583342	-0.398949	-0.289891	0.082375	0.953508	-0.057423	0.992997	-0.103245	-0.955335	-0.084683	-0.283131
42679	9.436327	-0.845830	-2.970286	0.092978	-0.608776	-0.399922	-0.295460	0.077836	0.952179	-0.059527	0.993239	-0.099664	-0.953499	-0.086127	-0.288829
42680	9.475573	-0.025773	-3.137831	0.051383	-0.595734	-0.377986	-0.300899	0.073513	0.950819	-0.061167	0.993484	-0.096168	-0.951692	-0.087095	-0.294442
42681	9.383220	0.327088	-3.638142	-0.071083	-0.556081	-0.357792	-0.305959	0.069426	0.949510	-0.061618	0.993802	-0.092520	-0.950049	-0.086814	-0.299784
42682	9.288857	0.226260	-4.094731	-0.132922	-0.518263	-0.338473	-0.310662	0.065561	0.948257	-0.061423	0.994149	-0.088857	-0.948534	-0.085850	-0.304817
42683	9.323224	0.095713	-4.141721	-0.163927	-0.480930	-0.315363	-0.315020	0.061964	0.947060	-0.060890	0.994491	-0.085322	-0.947130	-0.084545	-0.309512
42684	9.080539	-0.615825	-4.078147	-0.210674	-0.447753	-0.298511	-0.319070	0.058568	0.945920	-0.059867	0.994850	-0.081791	-0.945839	-0.082726	-0.313920
42685	9.067422	-1.119876	-3.904967	-0.119171	-0.442540	-0.302703	-0.323066	0.055139	0.944769	-0.059736	0.995122	-0.078505	-0.944489	-0.081799	-0.318196
42686	9.209793	-1.010625	-3.704749	-0.009915	-0.444438	-0.312465	-0.327064	0.051612	0.943592	-0.060682	0.995300	-0.075474	-0.943052	-0.081944	-0.322395
42687	9.256345	-1.058918	-3.489507	0.068815	-0.452433	-0.323026	-0.331123	0.047972	0.942367	-0.062418	0.995406	-0.072605	-0.941521	-0.082862	-0.326608
42688	9.285216	-0.431771	-3.041037	0.180952	-0.469950	-0.309924	-0.335338	0.044440	0.941049	-0.065178	0.995399	-0.070233	-0.939841	-0.084887	-0.330899
42689	9.184321	0.097401	-2.571218	0.144659	-0.477979	-0.286293	-0.339631	0.041129	0.939659	-0.067527	0.995399	-0.067976	-0.938132	-0.086539	-0.335291
42690	9.455767	0.426406	-2.007557	0.077547	-0.488688	-0.259865	-0.344025	0.038064	0.938189	-0.069167	0.995436	-0.065750	-0.936410	-0.087511	-0.339822
42691	9.748107	0.711896	-1.808236	-0.057625	-0.500288	-0.223357	-0.348544	0.035350	0.936626	-0.069425	0.995570	-0.063409	-0.934718	-0.087126	-0.344546
42692	9.714173	0.700246	-2.005120	-0.184499	-0.504362	-0.189192	-0.353115	0.032978	0.934998	-0.068391	0.995795	-0.060951	-0.933077	-0.085468	-0.349375
42693	9.412465	0.306328	-2.584558	-0.318707	-0.503875	-0.160176	-0.357697	0.030904	0.933326	-0.066005	0.996116	-0.058280	-0.931502	-0.082451	-0.354267
42694	9.067416	-0.551139	-3.013418	-0.339367	-0.521400	-0.153289	-0.362442	0.028902	0.931558	-0.063425	0.996437	-0.055592	-0.929846	-0.079233	-0.359317
42695	9.028095	-0.721826	-2.936710	-0.292044	-0.548975	-0.145761	-0.367442	0.026967	0.929655	-0.061253	0.996708	-0.053122	-0.928027	-0.076463	-0.364581
42696	9.027711	-0.690773	-3.250407	-0.292057	-0.568661	-0.146889	-0.372618	0.025023	0.927647	-0.059115	0.996966	-0.050638	-0.926100	-0.073707	-0.370008
42697	8.933754	-0.469403	-3.686005	-0.279595	-0.578614	-0.137455	-0.377882	0.023178	0.925564	-0.057061	0.997203	-0.048269	-0.924094	-0.071054	-0.375502
42698	8.956942	-0.172240	-4.254673	-0.286588	-0.575176	-0.139204	-0.383105	0.021336	0.923458	-0.054972	0.997435	-0.045851	-0.922067	-0.068330	-0.380950
42699	8.824346	-0.188787	-4.549284	-0.271672	-0.559856	-0.144206	-0.388176	0.019467	0.921379	-0.053039	0.997648	-0.043423	-0.920058	-0.065725	-0.386231
42700	8.730393	-0.530437	-4.476697	-0.257094	-0.549246	-0.140842	-0.393143	0.017654	0.919308	-0.051254	0.997840	-0.041081	-0.918048	-0.063269	-0.391389
42701	8.564968	-1.096708	-4.640543	-0.177628	-0.545278	-0.157948	-0.398057	0.015682	0.917227	-0.050263	0.997979	-0.038876	-0.915983	-0.061578	-0.396464
42702	8.669980	-1.090401	-4.335388	0.027186	-0.568684	-0.182507	-0.403159	0.013456	0.915031	-0.051271	0.997989	-0.037266	-0.913693	-0.061939	-0.401658
42703	8.847841	-0.291704	-4.050414	0.119437	-0.577736	-0.194262	-0.408323	0.011102	0.912770	-0.053165	0.997939	-0.035921	-0.911288	-0.063195	-0.406892
42704	8.819962	0.057927	-3.863826	0.079757	-0.574112	-0.182819	-0.413442	0.008859	0.910487	-0.054671	0.997907	-0.034535	-0.908888	-0.064055	-0.412092
42705	9.032069	0.335719	-3.522294	0.033735	-0.578615	-0.168766	-0.418595	0.006749	0.908148	-0.055695	0.997899	-0.033088	-0.906464	-0.064430	-0.417340
42706	9.192609	0.217088	-3.289123	-0.066244	-0.581629	-0.149184	-0.423769	0.004834	0.905757	-0.055753	0.997950	-0.031411	-0.904053	-0.063809	-0.422631
42707	9.426200	0.164643	-3.170168	-0.135663	-0.600811	-0.134879	-0.429112	0.003054	0.903246	-0.055115	0.998042	-0.029559	-0.901568	-0.062467	-0.428104
42708	9.453257	-0.271141	-2.981939	-0.215528	-0.624968	-0.122603	-0.434665	0.001393	0.900591	-0.053734	0.998177	-0.027479	-0.898988	-0.060336	-0.433797
42709	9.153867	-1.158163	-2.753215	-0.232792	-0.670247	-0.133353	-0.440602	-0.000389	0.897703	-0.052243	0.998316	-0.025209	-0.896181	-0.058006	-0.439880
42710	9.205210	-1.388332	-2.445527	-0.099717	-0.755315	-0.156640	-0.447269	-0.002441	0.894396	-0.052077	0.998371	-0.023318	-0.892882	-0.057007	-0.446668
42711	9.570965	-0.797087	-2.243316	-0.008768	-0.840012	-0.170595	-0.454654	-0.004676	0.890656	-0.052794	0.998369	-0.021708	-0.889102	-0.056891	-0.454160
42712	9.707246	-0.814580	-2.394843	-0.043800	-0.906086	-0.183974	-0.462587	-0.007080	0.886546	-0.053280	0.998383	-0.019828	-0.884972	-0.056407	-0.462216
42713	9.602612	-1.199893	-2.632181	0.003254	-0.978682	-0.204911	-0.471102	-0.009732	0.882025	-0.054302	0.998363	-0.017988	-0.880406	-0.056370	-0.470859
42714	9.862775	-1.232056	-2.498917	0.099072	-1.065624	-0.230129	-0.480322	-0.012688	0.877001	-0.056298	0.998279	-0.016391	-0.875284	-0.057247	-0.480209
42715	10.505985	-1.140007	-2.127117	0.131624	-1.165276	-0.242887	-0.490332	-0.015842	0.871392	-0.058674	0.998166	-0.014869	-0.869558	-0.058419	-0.490363
42716	11.883599	-1.051923	-1.821768	0.142895	-1.274021	-0.235421	-0.501221	-0.018997	0.865111	-0.061112	0.998040	-0.013490	-0.863159	-0.059631	-0.501400
42717	14.438657	-0.549236	-1.098905	0.132047	-1.399893	-0.207367	-0.513104	-0.021966	0.858045	-0.063363	0.997914	-0.012344	-0.855984	-0.060703	-0.513426
42718	15.112981	-2.179441	-0.321987	-0.224471	-1.473692	-0.189174	-0.525537	-0.024783	0.850410	-0.062467	0.998002	-0.009519	-0.848475	-0.058125	-0.526035
42719	14.070378	-5.999647	0.026380	-0.412117	-1.590859	-0.264971	-0.538777	-0.028377	0.841971	-0.060485	0.998156	-0.005063	-0.840274	-0.053654	-0.539500
42720	14.147499	-7.627785	0.963408	0.024911	-1.834765	-0.415559	-0.553838	-0.033560	0.831948	-0.062999	0.998012	-0.001680	-0.830238	-0.053342	-0.554851
42721	15.296337	-6.125574	2.863136	0.466548	-2.104138	-0.547805	-0.570772	-0.040262	0.820121	-0.070082	0.997541	0.000198	-0.818112	-0.057363	-0.572191
42722	16.200395	-4.360845	3.601123	0.466755	-2.305747	-0.572502	-0.589049	-0.047390	0.806707	-0.077226	0.997011	0.002180	-0.804399	-0.061015	-0.590948
42723	16.767099	-2.775544	3.180860	0.259275	-2.423583	-0.538112	-0.607875	-0.054341	0.792171	-0.082737	0.996560	0.004874	-0.789711	-0.062579	-0.610279
42724	16.204235	-2.549835	2.060859	-0.018241	-2.472701	-0.500478	-0.626784	-0.060909	0.776809	-0.085723	0.996279	0.008951	-0.774463	-0.060980	-0.629673
42725	15.212320	-1.543983	1.161221	-0.170251	-2.483379	-0.505740	-0.645306	-0.067536	0.760933	-0.087903	0.996033	0.013856	-0.758850	-0.057946	-0.648682
42726	13.371822	-0.456757	-1.097735	-0.516921	-2.421801	-0.520463	-0.663033	-0.074093	0.744914	-0.087465	0.995942	0.021211	-0.743463	-0.051091	-0.666823
42727	10.997343	0.514956	-4.607155	-0.756681	-2.372237	-0.547675	-0.679925	-0.080783	0.728819	-0.085869	0.995846	0.030273	-0.728237	-0.042000	-0.684037
42728	8.568966	1.579691	-8.833436	-0.571352	-2.398735	-0.661466	-0.696624	-0.088338	0.711977	-0.086349	0.995500	0.039029	-0.712221	-0.034290	-0.701117
42729	8.075590	4.085748	-12.706659	0.236145	-2.448180	-0.690464	-0.713136	-0.096196	0.694394	-0.093168	0.994759	0.042124	-0.694807	-0.034655	-0.718361
42730	8.054418	6.442574	-11.140691	0.205520	-2.194573	-0.559427	-0.727663	-0.102572	0.678222	-0.098654	0.994126	0.044503	-0.678803	-0.034526	-0.733508
42731	7.441533	5.369696	-9.955465	-0.458325	-1.825478	-0.367423	-0.739491	-0.106935	0.664619	-0.098513	0.993864	0.050299	-0.665919	-0.028278	-0.745488
42732	7.026509	4.437565	-9.210567	-1.007795	-1.445365	-0.125146	-0.748917	-0.108557	0.653711	-0.092828	0.993950	0.058711	-0.656130	-0.016713	-0.754463
42733	7.662333	2.832981	-7.581495	-1.345955	-0.996246	0.095918	-0.755431	-0.107827	0.646295	-0.083523	0.994167	0.068238	-0.649882	-0.002431	-0.760031
42734	7.681242	-0.037518	-6.047192	-1.686295	-0.490194	0.279693	-0.758819	-0.105069	0.642771	-0.070513	0.994354	0.079296	-0.647473	0.014848	-0.761943
42735	7.011739	-1.040108	-6.406277	-1.436020	-0.156907	0.422913	-0.760033	-0.100957	0.641994	-0.058205	0.994465	0.087478	-0.647272	0.029119	-0.761703
42736	6.170153	-0.762760	-7.262476	-1.069397	0.139116	0.524087	-0.759402	-0.095846	0.643523	-0.047339	0.994608	0.092273	-0.648897	0.039608	-0.759844
42737	5.497982	0.268763	-7.611527	-0.776327	0.468138	0.604800	-0.756540	-0.090165	0.647702	-0.037915	0.994831	0.094201	-0.652848	0.046709	-0.756048
42738	5.354442	0.669475	-7.463268	-0.646355	0.849249	0.672125	-0.751185	-0.083952	0.654731	-0.028654	0.995092	0.094719	-0.659469	0.052391	-0.749904
42739	5.460459	1.150030	-7.234977	-0.626507	1.210837	0.757231	-0.743254	-0.077211	0.664539	-0.019049	0.995357	0.094343	-0.668738	0.057462	-0.741274
42740	5.309768	1.205418	-7.263356	-0.677777	1.561451	0.854280	-0.732833	-0.069701	0.676829	-0.008217	0.995573	0.093629	-0.680359	0.063053	-0.730162
42741	4.842935	0.857389	-7.494909	-0.645928	1.875593	0.979631	-0.719901	-0.061299	0.691365	0.003129	0.995796	0.091550	-0.694070	0.068071	-0.716682
42742	4.437616	0.627940	-7.757625	-0.432944	2.130939	1.109862	-0.704850	-0.051782	0.707464	0.014029	0.996119	0.086888	-0.709218	0.071168	-0.701388
42743	4.065024	0.777117	-7.700769	-0.174635	2.346320	1.230477	-0.687721	-0.041311	0.724799	0.023646	0.996575	0.079237	-0.725590	0.071631	-0.684389
42744	3.794245	1.123324	-7.917393	0.055099	2.534674	1.326594	-0.668737	-0.029937	0.742896	0.032196	0.997086	0.069162	-0.742802	0.070169	-0.665824
42745	3.654363	1.176560	-8.009464	0.231211	2.733984	1.409140	-0.647616	-0.017860	0.761758	0.039534	0.997591	0.056999	-0.760941	0.067029	-0.645350
42746	3.827819	0.883012	-7.686170	0.440101	2.904443	1.477710	-0.624611	-0.005046	0.780920	0.045503	0.998045	0.042844	-0.779609	0.062295	-0.623160
42747	3.962027	0.570621	-7.562769	0.648289	3.058893	1.533652	-0.599687	0.008371	0.800191	0.049587	0.998412	0.026717	-0.798697	0.055701	-0.599150
42748	3.960652	0.101058	-7.468762	0.895692	3.182634	1.544850	-0.573179	0.022107	0.819132	0.051367	0.998639	0.008992	-0.817819	0.047231	-0.573534
42749	3.817154	-0.791335	-7.561668	1.163158	3.279069	1.499303	-0.545241	0.035633	0.837522	0.049945	0.998702	-0.009976	-0.836790	0.036391	-0.546313
42750	4.203946	-1.226258	-7.249933	1.669974	3.312334	1.415524	-0.516553	0.048765	0.854865	0.043295	0.998587	-0.030803	-0.855160	0.021100	-0.517935
42751	4.943016	-0.887865	-6.972886	2.104042	3.336345	1.295044	-0.487199	0.061250	0.871140	0.031428	0.998121	-0.052602	-0.872725	0.001751	-0.488208
42752	5.774585	0.082848	-7.657780	2.240312	3.400414	1.160032	-0.456950	0.073053	0.886487	0.017130	0.997160	-0.073344	-0.889327	-0.018329	-0.456904
42753	6.286245	0.643076	-8.686497	2.069191	3.520584	1.021288	-0.425218	0.084142	0.901171	0.002888	0.995790	-0.091614	-0.905086	-0.036353	-0.423671
42754	6.320740	0.437402	-9.697974	1.869540	3.653360	0.894807	-0.391904	0.094603	0.915129	-0.010549	0.994172	-0.107291	-0.919945	-0.051702	-0.388622
42755	5.890855	-0.335734	-9.651533	1.787864	3.749451	0.794877	-0.357254	0.104660	0.928125	-0.024303	0.992324	-0.121254	-0.933691	-0.065874	-0.351968
42756	5.805270	-0.529821	-9.034354	1.902457	3.726816	0.707720	-0.322446	0.114355	0.939655	-0.039806	0.990160	-0.134161	-0.945750	-0.080663	-0.314721
42757	6.150115	0.327218	-7.236994	1.872500	3.646260	0.621075	-0.288041	0.123667	0.949599	-0.055854	0.987769	-0.145580	-0.955988	-0.094972	-0.277611
42758	6.841665	1.193455	-5.493469	1.527753	3.536156	0.548833	-0.254412	0.132576	0.957966	-0.069063	0.985539	-0.154733	-0.964627	-0.105526	-0.241577
42759	7.716319	0.769083	-4.453991	0.996292	3.381966	0.487047	-0.221996	0.140999	0.964799	-0.077659	0.983789	-0.161644	-0.971950	-0.110810	-0.207447
42760	8.286199	-0.196182	-3.832238	0.792525	3.099835	0.421340	-0.192106	0.148576	0.970062	-0.084535	0.982294	-0.167191	-0.977726	-0.114123	-0.176145
42761	8.218730	-1.208809	-3.594903	0.801257	2.713070	0.321741	-0.165784	0.154851	0.973929	-0.091897	0.980872	-0.171597	-0.981871	-0.117949	-0.148382
42762	8.432451	-0.192960	-3.690137	1.167722	2.253764	0.219629	-0.143830	0.159699	0.976632	-0.103056	0.979110	-0.175281	-0.984222	-0.125859	-0.124367
42763	8.347968	0.814436	-2.859448	1.086821	1.865212	0.111163	-0.125558	0.163172	0.978575	-0.113683	0.977518	-0.177582	-0.985551	-0.133544	-0.104186
42764	8.005862	0.212726	-2.681624	0.897764	1.479864	0.007541	-0.110965	0.165218	0.979995	-0.122542	0.976285	-0.178468	-0.986240	-0.139895	-0.088087
42765	7.787525	-0.586834	-2.629265	0.844638	1.078227	-0.108373	-0.100171	0.165663	0.981082	-0.131036	0.975256	-0.178058	-0.986304	-0.146393	-0.075985
42766	7.522467	-1.411001	-2.584123	0.816328	0.686164	-0.246450	-0.093058	0.164237	0.982022	-0.139340	0.974447	-0.176174	-0.985862	-0.153229	-0.067796
42767	7.171576	-1.948802	-2.827270	0.848024	0.298579	-0.398471	-0.089522	0.160781	0.982922	-0.148099	0.973764	-0.172772	-0.984912	-0.161037	-0.063362
42768	8.591068	-2.009060	-2.378037	0.976225	-0.084538	-0.542190	-0.089510	0.155312	0.983802	-0.158207	0.973008	-0.168003	-0.983340	-0.170683	-0.062522
42769	6.924856	1.142210	-2.272704	1.168766	-0.517388	-0.611455	-0.093567	0.148409	0.984490	-0.170284	0.971872	-0.162691	-0.980943	-0.182865	-0.065664
42770	7.727222	3.873966	-2.833513	0.548642	-0.823141	-0.528945	-0.100703	0.141686	0.984776	-0.176191	0.971624	-0.157810	-0.979191	-0.189400	-0.072881
42771	9.926620	2.789415	-2.856610	-0.095424	-0.975434	-0.346233	-0.109620	0.136412	0.984569	-0.175623	0.972296	-0.154265	-0.978335	-0.189824	-0.082626
42772	11.477313	0.693228	-2.183089	-0.794953	-0.781158	-0.120187	-0.117042	0.133735	0.984081	-0.167997	0.973946	-0.152338	-0.978815	-0.183153	-0.091526
42773	11.880636	-0.559287	-1.335251	-1.164508	-0.479621	0.046724	-0.121795	0.133266	0.983568	-0.156507	0.975970	-0.151616	-0.980138	-0.172402	-0.098011
42774	11.411563	-1.362068	-0.858831	-1.598300	-0.193975	0.129178	-0.123876	0.134157	0.983187	-0.140683	0.978436	-0.151234	-0.982274	-0.157052	-0.102331
42775	11.589180	-2.603318	-0.466980	-1.673875	-0.135905	0.072494	-0.125288	0.134590	0.982949	-0.124099	0.980848	-0.150120	-0.984328	-0.140792	-0.106186
42776	11.696416	-3.687806	-0.416379	-1.710214	-0.297538	-0.064353	-0.128133	0.133512	0.982729	-0.107350	0.983208	-0.147574	-0.985930	-0.124405	-0.111649
42777	11.134027	-7.882281	-2.181901	-1.360109	-0.641760	-0.251307	-0.134190	0.130211	0.982363	-0.094246	0.985159	-0.143456	-0.986464	-0.111834	-0.119927
42778	10.024656	-8.371895	-3.031594	-0.466490	-0.942446	-0.387428	-0.143115	0.125302	0.981742	-0.090202	0.986173	-0.139017	-0.985587	-0.108450	-0.129834
42779	8.960257	-6.241835	-3.534250	0.185648	-1.012419	-0.497235	-0.152617	0.119236	0.981066	-0.092796	0.986580	-0.134342	-0.983919	-0.111542	-0.139504
42780	8.666993	-2.404483	-3.141085	0.513829	-0.999845	-0.519278	-0.161936	0.112914	0.980320	-0.098683	0.986599	-0.129939	-0.981855	-0.117782	-0.148623
42781	9.163082	1.212697	-2.455781	0.312916	-0.936910	-0.474548	-0.170639	0.107070	0.979499	-0.102594	0.986745	-0.125735	-0.979978	-0.121946	-0.157392
42782	9.636720	2.428542	-2.092414	-0.181991	-0.849373	-0.418456	-0.178518	0.101855	0.978650	-0.101562	0.987407	-0.121293	-0.978681	-0.121047	-0.165925
42783	9.645949	0.917458	-2.272541	-0.383556	-0.802070	-0.410688	-0.185942	0.096790	0.977782	-0.098586	0.988277	-0.116576	-0.977602	-0.118072	-0.174220
42784	9.532796	-0.154188	-2.024554	-0.215636	-0.820033	-0.424000	-0.193527	0.091583	0.976811	-0.097304	0.988933	-0.111998	-0.976258	-0.116722	-0.182474
42785	9.401220	-0.388326	-1.785272	-0.101402	-0.858345	-0.407014	-0.201494	0.086502	0.975663	-0.097133	0.989418	-0.107781	-0.974662	-0.116486	-0.190960
42786	9.459845	-0.352689	-1.603429	-0.125836	-0.861204	-0.368019	-0.209513	0.081806	0.974378	-0.096685	0.989877	-0.103897	-0.973014	-0.115976	-0.199482
42787	9.389300	-0.724353	-1.412363	-0.305553	-0.853637	-0.329465	-0.217487	0.077508	0.972981	-0.094427	0.990496	-0.100010	-0.971485	-0.113627	-0.208101
42788	9.191105	-1.300206	-1.535379	-0.435604	-0.860374	-0.321919	-0.225530	0.073304	0.971475	-0.090934	0.991228	-0.095905	-0.969983	-0.109970	-0.216886
42789	9.455774	-1.030449	-1.759841	-0.383058	-0.887178	-0.329124	-0.233823	0.069023	0.969826	-0.087990	0.991882	-0.091807	-0.968289	-0.106802	-0.225852
