// General information: 
//  MT Manager version: 2022.2.0 
//  XDA version: 2022.2.0 build 7381 rev 124627 built on 2023-07-19
// Device information: 
//  DeviceId: 00B4CB9F
//  ProductCode: MTW2-3A7G6
//  Firmware Version: 4.6.0
//  Hardware Version: 2.0.0
// Device settings: 
//  Filter Profile: human(46.1)
//  Option Flags: Orientation Smoother Disabled, Position/Velocity Smoother Disabled, Continuous Zero Rotation Update Disabled, AHS Disabled, ICC Disabled
// Coordinate system: ENU
PacketCounter	Acc_X	Acc_Y	Acc_Z	Gyr_X	Gyr_Y	Gyr_Z	Mat[1][1]	Mat[2][1]	Mat[3][1]	Mat[1][2]	Mat[2][2]	Mat[3][2]	Mat[1][3]	Mat[2][3]	Mat[3][3]
04878	9.479509	-0.199696	2.585153	0.011270	-0.138238	-0.075404	0.080828	0.247499	0.965511	-0.821799	0.564692	-0.075956	-0.564015	-0.787317	0.249037
04879	9.460834	-0.279388	2.741950	-0.014358	-0.138584	-0.080864	0.080646	0.245924	0.965928	-0.821694	0.564942	-0.075230	-0.564195	-0.787630	0.247634
04880	9.366477	-0.395719	2.600677	-0.055130	-0.134829	-0.070539	0.080398	0.244441	0.966325	-0.821352	0.565507	-0.074714	-0.564727	-0.787687	0.246238
04881	9.474435	-0.763186	2.529806	-0.055654	-0.121106	-0.070304	0.080236	0.243052	0.966689	-0.821012	0.566071	-0.074182	-0.565245	-0.787711	0.244968
04882	9.375217	-1.158868	2.337902	-0.051273	-0.116275	-0.055024	0.079963	0.241802	0.967025	-0.820704	0.566566	-0.073805	-0.565730	-0.787740	0.243753
04883	9.291778	-1.588881	2.238765	-0.051502	-0.140313	-0.037185	0.079394	0.240483	0.967401	-0.820439	0.566976	-0.073610	-0.566195	-0.787849	0.242316
04884	9.340965	-1.817143	2.135203	0.010072	-0.172120	-0.027408	0.078577	0.238949	0.967848	-0.820501	0.566920	-0.073350	-0.566219	-0.788356	0.240605
04885	9.519874	-1.591472	2.167796	0.119762	-0.180619	-0.015265	0.077624	0.237398	0.968306	-0.821199	0.565963	-0.072926	-0.565338	-0.789511	0.238884
04886	9.648902	-1.175949	2.356802	0.180475	-0.188852	-0.018995	0.076647	0.235776	0.968780	-0.822230	0.564540	-0.072342	-0.563971	-0.791015	0.237132
04887	9.701473	-0.674885	2.433964	0.195281	-0.190922	-0.021819	0.075670	0.234134	0.969255	-0.823369	0.562957	-0.071707	-0.562438	-0.792629	0.235378
04888	9.624903	-0.407095	2.476189	0.153860	-0.196699	-0.041184	0.074838	0.232319	0.969756	-0.824229	0.561790	-0.070978	-0.561289	-0.793990	0.233527
04889	9.619606	-0.294140	2.495720	0.094502	-0.194354	-0.065124	0.074209	0.230401	0.970262	-0.824760	0.561113	-0.070163	-0.560593	-0.795026	0.231665
04890	9.441462	-0.328989	2.438762	0.025130	-0.184360	-0.091056	0.073860	0.228401	0.970761	-0.824860	0.561080	-0.069252	-0.560492	-0.795627	0.229840
04891	9.354746	-0.493012	2.404717	-0.011249	-0.172138	-0.105805	0.073706	0.226416	0.971238	-0.824754	0.561355	-0.068274	-0.560668	-0.796000	0.228112
04892	9.309278	-0.643207	2.330763	-0.019248	-0.159818	-0.117369	0.073711	0.224461	0.971691	-0.824586	0.561731	-0.067208	-0.560915	-0.796289	0.226493
04893	9.419210	-0.678917	2.363341	-0.020728	-0.145809	-0.118426	0.073781	0.222637	0.972106	-0.824447	0.562060	-0.066152	-0.561109	-0.796569	0.225021
04894	9.484868	-0.628229	2.351936	-0.011909	-0.134594	-0.123623	0.073978	0.220846	0.972499	-0.824315	0.562387	-0.065008	-0.561277	-0.796836	0.223651
04895	9.484230	-0.501824	2.271224	0.010077	-0.137706	-0.113602	0.074079	0.219080	0.972891	-0.824327	0.562497	-0.063899	-0.561247	-0.797246	0.222263
04896	9.550395	-0.518533	2.383953	0.059415	-0.120940	-0.095263	0.074119	0.217557	0.973229	-0.824616	0.562189	-0.062871	-0.560817	-0.797880	0.221070
04897	9.481199	-0.352688	2.396645	0.119045	-0.093735	-0.083489	0.074222	0.216322	0.973497	-0.825255	0.561366	-0.061822	-0.559861	-0.798795	0.220186
04898	9.474514	-0.218480	2.248598	0.155110	-0.071252	-0.069942	0.074335	0.215337	0.973707	-0.826097	0.560235	-0.060831	-0.558604	-0.799854	0.219534
04899	9.410705	0.025991	1.838134	0.121705	-0.076874	-0.073974	0.074444	0.214287	0.973930	-0.826772	0.559342	-0.059872	-0.557590	-0.800761	0.218806
04900	9.477419	0.061668	1.616539	0.042327	-0.088098	-0.091586	0.074644	0.213046	0.974187	-0.826966	0.559157	-0.058919	-0.557276	-0.801221	0.217919
04901	9.519859	-0.005814	1.580305	-0.033015	-0.092576	-0.102883	0.074921	0.211693	0.974460	-0.826738	0.559589	-0.058002	-0.557576	-0.801278	0.216940
04902	9.575931	-0.114770	1.743077	-0.088896	-0.096254	-0.114960	0.075268	0.210255	0.974745	-0.826182	0.560502	-0.057106	-0.558353	-0.801018	0.215897
04903	9.649120	-0.353067	1.921862	-0.137516	-0.095868	-0.126192	0.075699	0.208761	0.975033	-0.825370	0.561788	-0.056203	-0.559494	-0.800508	0.214832
04904	9.827775	-0.494902	1.990021	-0.171638	-0.100015	-0.139207	0.076220	0.207155	0.975334	-0.824329	0.563409	-0.055245	-0.560956	-0.799786	0.213707
04905	9.879897	-0.653042	2.129652	-0.164340	-0.073404	-0.138839	0.076876	0.205765	0.975577	-0.823351	0.564931	-0.054272	-0.562301	-0.799071	0.212846
04906	9.506111	-0.647893	2.069809	-0.137979	-0.071073	-0.137749	0.077543	0.204395	0.975812	-0.822495	0.566274	-0.053253	-0.563462	-0.798471	0.212024
04907	9.729322	-0.693369	2.156444	-0.145952	-0.074229	-0.141860	0.078221	0.202971	0.976056	-0.821607	0.567659	-0.052201	-0.564662	-0.797851	0.211165
04908	9.659218	-0.673158	2.040220	-0.120899	-0.048226	-0.139708	0.079029	0.201770	0.976239	-0.820841	0.568864	-0.051124	-0.565663	-0.797297	0.210578
04909	9.587432	-0.562212	1.911556	-0.086613	-0.067069	-0.135012	0.079655	0.200492	0.976452	-0.820324	0.569705	-0.050057	-0.566325	-0.797019	0.209848
04910	9.530039	-0.419909	1.950649	-0.054662	-0.050476	-0.133586	0.080398	0.199306	0.976634	-0.819934	0.570366	-0.048899	-0.566785	-0.796844	0.209274
04911	9.541424	-0.293355	2.008482	-0.059498	-0.061014	-0.136947	0.081123	0.197999	0.976839	-0.819510	0.571077	-0.047696	-0.567294	-0.796660	0.208590
04912	9.630593	-0.314709	2.133540	-0.068181	-0.035923	-0.121959	0.081852	0.196994	0.976982	-0.819051	0.571819	-0.046678	-0.567853	-0.796377	0.208152
04913	9.471592	-0.438405	2.330155	-0.015092	-0.009108	-0.093902	0.082488	0.196375	0.977053	-0.818947	0.572036	-0.045832	-0.567910	-0.796374	0.208006
04914	9.400015	-0.282852	1.942543	0.011301	0.004441	-0.075612	0.083065	0.195955	0.977088	-0.818976	0.572053	-0.045102	-0.567784	-0.796465	0.208000
04915	9.162260	-0.215907	1.520568	-0.043175	-0.033830	-0.079055	0.083453	0.195215	0.977203	-0.818705	0.572491	-0.044449	-0.568118	-0.796332	0.207600
04916	9.450201	-0.151232	1.454950	-0.100834	-0.062384	-0.102663	0.083871	0.194108	0.977388	-0.818073	0.573453	-0.043687	-0.568966	-0.795911	0.206891
04917	9.609108	-0.131942	1.546289	-0.151683	-0.068678	-0.111000	0.084297	0.192936	0.977584	-0.817184	0.574773	-0.042971	-0.570179	-0.795243	0.206116
04918	9.626760	-0.109214	1.688101	-0.175860	-0.074452	-0.113141	0.084729	0.191671	0.977795	-0.816111	0.576347	-0.042259	-0.571649	-0.794409	0.205258
04919	9.575337	-0.071385	1.811594	-0.201198	-0.079602	-0.122431	0.085204	0.190313	0.978019	-0.814897	0.578118	-0.041503	-0.573309	-0.793449	0.204344
04920	9.500899	-0.028705	1.929422	-0.220457	-0.073559	-0.128991	0.085765	0.188961	0.978232	-0.813548	0.580069	-0.040723	-0.575138	-0.792347	0.203479
04921	9.591300	-0.112524	2.100331	-0.241918	-0.085988	-0.142231	0.086370	0.187413	0.978477	-0.812062	0.582210	-0.039834	-0.577145	-0.791143	0.202476
04922	9.778665	-0.204073	2.187966	-0.263925	-0.083298	-0.148395	0.087025	0.185867	0.978713	-0.810435	0.584533	-0.038947	-0.579329	-0.789794	0.201502
04923	9.775100	-0.399990	2.125984	-0.263442	-0.075414	-0.143323	0.087684	0.184414	0.978930	-0.808818	0.586823	-0.038101	-0.581485	-0.788435	0.200612
04924	9.640536	-0.547767	2.013723	-0.270457	-0.086146	-0.135103	0.088206	0.182920	0.979163	-0.807152	0.589161	-0.037352	-0.583717	-0.787038	0.199612
04925	9.759508	-0.675943	1.933167	-0.270772	-0.095924	-0.137398	0.088679	0.181353	0.979412	-0.805496	0.591471	-0.036588	-0.585929	-0.785667	0.198530
04926	9.531794	-0.632998	1.845035	-0.237352	-0.117385	-0.127429	0.088948	0.179655	0.979700	-0.804018	0.593524	-0.035841	-0.587915	-0.784508	0.197239
04927	9.696334	-0.595096	2.038591	-0.199042	-0.129885	-0.114788	0.089028	0.177953	0.980003	-0.802798	0.595214	-0.035151	-0.589567	-0.783616	0.195851
04928	9.552005	-0.510880	2.172781	-0.171807	-0.124955	-0.117481	0.089166	0.176253	0.980298	-0.801708	0.596727	-0.034367	-0.591028	-0.782848	0.194512
04929	9.395135	-0.384331	2.398442	-0.146625	-0.122726	-0.115787	0.089323	0.174562	0.980586	-0.800751	0.598059	-0.033524	-0.592300	-0.782211	0.193201
04930	9.303468	-0.367361	2.685239	-0.128922	-0.119783	-0.112592	0.089446	0.172931	0.980864	-0.799914	0.599223	-0.032700	-0.593411	-0.781682	0.191928
04931	9.405652	-0.372593	3.002960	-0.101767	-0.109937	-0.098405	0.089507	0.171479	0.981113	-0.799271	0.600120	-0.031971	-0.594268	-0.781314	0.190774
04932	9.461463	-0.368638	3.311108	-0.051142	-0.087653	-0.082782	0.089580	0.170277	0.981316	-0.798921	0.600621	-0.031289	-0.594727	-0.781191	0.189842
04933	9.493071	-0.250783	3.716628	0.002863	-0.058675	-0.056077	0.089630	0.169447	0.981455	-0.798912	0.600661	-0.030744	-0.594732	-0.781341	0.189211
04934	9.485515	-0.100468	4.316326	0.067858	-0.010675	-0.038957	0.089811	0.169110	0.981497	-0.799309	0.600157	-0.030266	-0.594171	-0.781801	0.189071
04935	9.310559	0.160337	4.851895	0.089918	0.013400	-0.018734	0.089979	0.169078	0.981487	-0.799870	0.599427	-0.029933	-0.593391	-0.782368	0.189176
04936	9.189522	0.380542	5.115137	0.084491	0.079419	-0.026344	0.090593	0.169522	0.981354	-0.800375	0.598771	-0.029547	-0.592615	-0.782774	0.189925
04937	9.031980	0.714308	5.511368	0.082162	0.138632	-0.062267	0.091855	0.170223	0.981115	-0.800845	0.598178	-0.028806	-0.591785	-0.783076	0.191268
04938	9.088778	1.181364	5.856014	0.082082	0.198606	-0.112026	0.093859	0.171088	0.980775	-0.801255	0.597687	-0.027582	-0.590915	-0.783262	0.193183
04939	9.397715	1.569415	6.230010	0.045243	0.265072	-0.165966	0.096704	0.172159	0.980311	-0.801400	0.597568	-0.025888	-0.590259	-0.783118	0.195756
04940	9.922062	1.860227	6.555415	-0.018728	0.352315	-0.220453	0.100482	0.173579	0.979680	-0.801101	0.598056	-0.023797	-0.590034	-0.782432	0.199148
04941	10.284674	1.896087	6.776288	-0.077928	0.469419	-0.269379	0.105336	0.175659	0.978799	-0.800433	0.599041	-0.021366	-0.590094	-0.781213	0.203704
04942	10.565441	1.700400	7.007025	-0.117270	0.592171	-0.315834	0.111290	0.178366	0.977650	-0.799428	0.600476	-0.018551	-0.590364	-0.779496	0.209418
04943	10.876308	1.368492	7.089583	-0.131283	0.723341	-0.370799	0.118470	0.181768	0.976179	-0.798280	0.602093	-0.015231	-0.590519	-0.777460	0.216432
04944	10.927213	0.856282	6.937046	-0.097382	0.884522	-0.407436	0.126875	0.186159	0.974293	-0.797235	0.603559	-0.011504	-0.590185	-0.775281	0.224989
04945	10.485050	0.286055	6.665388	-0.007309	1.025261	-0.420663	0.136197	0.191587	0.971980	-0.796726	0.604294	-0.007473	-0.588794	-0.773384	0.234945
04946	10.385147	-0.190792	6.532375	0.090307	1.147622	-0.410638	0.146145	0.197952	0.969256	-0.796707	0.604356	-0.003300	-0.586429	-0.771731	0.246033
04947	11.094410	-0.655997	6.134149	0.276166	1.381377	-0.414036	0.157452	0.206143	0.965771	-0.797768	0.602963	0.001360	-0.582044	-0.770676	0.259392
04948	10.794170	-0.510371	5.539188	0.605928	1.568582	-0.448145	0.170039	0.215522	0.961581	-0.800570	0.599196	0.007267	-0.574609	-0.771048	0.274426
04949	9.912933	0.104840	5.086345	0.954362	1.452313	-0.516772	0.182389	0.223680	0.957446	-0.805184	0.592838	0.014884	-0.564281	-0.773635	0.288230
04950	8.835908	1.204161	4.153603	1.061376	1.107390	-0.571710	0.193130	0.228878	0.954105	-0.810075	0.585858	0.023435	-0.553606	-0.777422	0.298555
04951	8.847344	2.231323	1.734521	0.722206	0.772658	-0.591839	0.202109	0.231461	0.951619	-0.812974	0.581462	0.031235	-0.546101	-0.779954	0.305690
04952	9.762869	2.913727	-0.058984	0.224089	0.715254	-0.599928	0.210815	0.233530	0.949221	-0.812986	0.581068	0.037603	-0.542780	-0.779631	0.312355
04953	10.309942	3.106923	-0.514098	-0.290987	0.772263	-0.592355	0.219752	0.236105	0.946554	-0.810216	0.584605	0.042278	-0.543378	-0.776203	0.319764
04954	10.381992	2.913875	-0.926409	-0.805093	0.840827	-0.571723	0.228891	0.239219	0.943601	-0.804572	0.592144	0.045048	-0.547971	-0.769506	0.328006
04955	10.246777	2.217507	-1.278651	-1.290864	0.886515	-0.533944	0.238002	0.242831	0.940419	-0.796264	0.603216	0.045759	-0.556165	-0.759712	0.336925
04956	10.171339	1.296708	-1.498829	-1.629014	0.905009	-0.504613	0.247011	0.246556	0.937121	-0.785926	0.616687	0.044908	-0.566838	-0.747601	0.346103
04957	9.928516	0.117256	-1.846763	-1.801380	0.891637	-0.494966	0.255919	0.250090	0.933788	-0.774429	0.631184	0.043198	-0.578589	-0.734208	0.355209
04958	9.773484	-0.794956	-1.939940	-1.778670	0.884431	-0.489154	0.264781	0.253387	0.930423	-0.762798	0.645314	0.041336	-0.589941	-0.720670	0.364150
04959	9.596962	-1.407037	-1.643163	-1.566894	0.862879	-0.462948	0.273346	0.256551	0.927073	-0.752308	0.657607	0.039835	-0.599429	-0.708333	0.372759
04960	9.362782	-1.681091	-1.363178	-1.290843	0.814536	-0.404547	0.281218	0.259584	0.923868	-0.743437	0.667686	0.038693	-0.606810	-0.697719	0.380749
04961	9.243657	-1.970607	-1.056681	-0.964864	0.763471	-0.319061	0.288177	0.262725	0.920831	-0.736713	0.675141	0.037930	-0.611726	-0.689318	0.388113
04962	9.156865	-2.041922	-0.998712	-0.611331	0.694615	-0.221326	0.293994	0.265982	0.918053	-0.732359	0.679883	0.037550	-0.614180	-0.683384	0.394676
04963	9.102279	-1.755773	-0.719585	-0.253520	0.628169	-0.136406	0.298788	0.269329	0.915526	-0.730460	0.681909	0.037788	-0.614128	-0.680046	0.400480
04964	8.761807	-1.305622	-0.599989	0.016805	0.545947	-0.083284	0.302679	0.272459	0.913319	-0.730351	0.681981	0.038596	-0.612350	-0.678726	0.405412
04965	8.511113	-0.879782	-0.286898	0.191946	0.466005	-0.039155	0.305750	0.275346	0.911428	-0.731459	0.680727	0.039726	-0.609496	-0.678819	0.409537
04966	8.409417	-0.516587	0.022451	0.307021	0.397767	0.008835	0.308037	0.278097	0.909821	-0.733390	0.678577	0.040888	-0.606014	-0.679849	0.412981
04967	8.259267	-0.005595	0.296492	0.355363	0.366174	0.070068	0.309670	0.281047	0.908359	-0.735787	0.675928	0.041705	-0.602264	-0.681274	0.416105
04968	7.936152	0.528496	0.697997	0.332000	0.336961	0.113491	0.310792	0.284099	0.907026	-0.738170	0.673303	0.042041	-0.598760	-0.682606	0.418971
04969	7.637639	0.775349	1.397811	0.297568	0.286454	0.136985	0.311435	0.286949	0.905908	-0.740399	0.670852	0.042041	-0.595666	-0.683826	0.421383
04970	7.521749	0.806959	2.537956	0.282622	0.213898	0.154852	0.311493	0.289439	0.905095	-0.742598	0.668430	0.041812	-0.592891	-0.685147	0.423148
04971	7.030176	0.768696	3.734952	0.270425	0.119924	0.190926	0.310727	0.291504	0.904696	-0.744816	0.665996	0.041222	-0.590507	-0.686640	0.424059
04972	6.496119	0.698750	4.233412	0.152059	-0.058979	0.248923	0.308458	0.292742	0.905072	-0.746521	0.664183	0.039594	-0.589543	-0.687869	0.423410
04973	6.373157	0.168200	3.943337	-0.035292	-0.269019	0.282418	0.304709	0.292734	0.906344	-0.747201	0.663574	0.036882	-0.590630	-0.688460	0.420928
04974	7.248223	-0.080388	3.001274	-0.172664	-0.334071	0.249614	0.300802	0.292079	0.907859	-0.746972	0.663992	0.033874	-0.592917	-0.688335	0.417904
04975	8.102519	0.194000	3.367571	-0.311781	-0.278383	0.216872	0.297473	0.291576	0.909117	-0.745792	0.665476	0.030597	-0.596074	-0.687114	0.415416
04976	8.373313	0.197326	3.891873	-0.481075	-0.178107	0.262750	0.294385	0.292094	0.909955	-0.743729	0.667968	0.026192	-0.600170	-0.684471	0.413879
04977	8.004906	-0.092093	4.285370	-0.751521	-0.139672	0.311763	0.291174	0.293202	0.910632	-0.740133	0.672156	0.020239	-0.606152	-0.679882	0.412722
04978	7.884490	-0.500201	4.523078	-1.021930	-0.209814	0.363785	0.287145	0.294226	0.911580	-0.734987	0.677963	0.012695	-0.614282	-0.673645	0.410926
04979	8.441339	-0.831848	5.204275	-1.028213	-0.228813	0.418624	0.282608	0.295517	0.912580	-0.729846	0.683595	0.004653	-0.622461	-0.667358	0.408871
04980	9.106451	-0.600786	6.929462	-0.892093	-0.249693	0.457983	0.277646	0.296988	0.913625	-0.725582	0.688128	-0.003187	-0.629638	-0.662025	0.406545
04981	10.240047	0.336626	11.209510	-0.668094	-0.244646	0.531480	0.272191	0.299019	0.914604	-0.722849	0.690922	-0.010765	-0.635139	-0.658190	0.404208
04982	12.792353	1.209758	17.593300	-0.268272	0.017969	0.645262	0.267574	0.303585	0.914462	-0.722921	0.690702	-0.017772	-0.637015	-0.656329	0.404282
04983	11.666638	0.523427	16.251664	0.245216	0.724937	0.797781	0.266323	0.313841	0.911359	-0.726674	0.686560	-0.024075	-0.633259	-0.655849	0.410907
04984	5.092653	-0.144189	8.809779	0.472825	0.550948	0.871105	0.263379	0.323404	0.908868	-0.732001	0.680640	-0.030069	-0.628336	-0.657373	0.415998
04985	5.207581	-0.534093	1.867885	0.205918	-0.266175	0.552242	0.257583	0.325420	0.909809	-0.734809	0.677408	-0.034258	-0.627461	-0.659712	0.413610
04986	7.626663	0.102147	-0.029476	0.622465	-0.591108	0.095316	0.253114	0.322136	0.912229	-0.738985	0.672933	-0.032589	-0.624367	-0.665875	0.408382
04987	10.503575	1.632024	1.637441	1.490704	-0.425873	0.036004	0.250135	0.319529	0.913966	-0.748383	0.662722	-0.026875	-0.614293	-0.677274	0.404900
04988	9.580833	4.203823	3.560934	1.749165	-0.373146	0.381047	0.244925	0.319466	0.915398	-0.760000	0.649505	-0.023325	-0.602007	-0.689989	0.401874
04989	9.051094	5.308094	1.986418	0.391632	-0.538888	0.526340	0.237616	0.319137	0.917437	-0.763667	0.645062	-0.026600	-0.600293	-0.694296	0.396991
04990	9.896187	3.536901	0.570858	-1.228080	-0.425150	0.384195	0.232054	0.318678	0.919019	-0.757169	0.652281	-0.034998	-0.610612	-0.687731	0.392657
04991	10.080352	0.294983	2.209382	-1.407392	-0.239441	0.364943	0.227775	0.319418	0.919832	-0.749368	0.660699	-0.043869	-0.621744	-0.679300	0.389853
04992	9.936364	-2.045619	3.094224	-0.893261	-0.380574	0.394337	0.222382	0.319445	0.921141	-0.744704	0.665445	-0.050985	-0.629256	-0.674639	0.385875
04993	10.216214	-2.398725	1.892332	-0.371817	-0.527367	0.293156	0.216805	0.317830	0.923027	-0.743058	0.666954	-0.055122	-0.633136	-0.673912	0.380765
04994	9.892328	-1.090434	2.171723	-0.218412	-0.430460	0.246261	0.212178	0.316561	0.924537	-0.742235	0.667603	-0.058247	-0.635663	-0.673866	0.376614
04995	9.464059	-1.513047	2.575857	-0.385140	-0.385567	0.266351	0.207678	0.315731	0.925842	-0.740400	0.669286	-0.062160	-0.639279	-0.672584	0.372764
04996	9.435697	-2.551003	2.380586	-0.343786	-0.402260	0.292498	0.202869	0.314976	0.927165	-0.738832	0.670633	-0.066167	-0.642629	-0.671596	0.368765
04997	9.336733	-2.721987	2.102460	-0.147569	-0.397102	0.322332	0.197870	0.314456	0.928420	-0.738583	0.670550	-0.069704	-0.644471	-0.671923	0.364934
04998	9.343196	-2.276516	2.676013	0.054995	-0.399423	0.343071	0.192692	0.314056	0.929644	-0.739642	0.669060	-0.072715	-0.644825	-0.673593	0.361212
04999	9.264761	-1.498219	3.101913	0.192856	-0.412846	0.347414	0.187387	0.313577	0.930890	-0.741605	0.666601	-0.075265	-0.644134	-0.676249	0.357462
05000	9.074584	-0.919533	3.484850	0.232942	-0.427208	0.331081	0.182110	0.312873	0.932173	-0.743751	0.663944	-0.077545	-0.643173	-0.679182	0.353610
05001	9.052823	-0.618064	3.615425	0.273576	-0.392224	0.320986	0.177132	0.312316	0.933318	-0.746138	0.661017	-0.079589	-0.641796	-0.682286	0.350118
05002	8.927718	-0.371312	3.765189	0.316156	-0.350645	0.280731	0.172718	0.311757	0.934332	-0.748689	0.657938	-0.081132	-0.640026	-0.685511	0.347047
05003	8.870677	0.519864	4.128262	0.283274	-0.315373	0.233328	0.168882	0.311109	0.935249	-0.750955	0.655199	-0.082347	-0.638393	-0.688423	0.344280
05004	8.696645	1.087305	4.566465	0.105062	-0.286501	0.199670	0.165485	0.310429	0.936082	-0.751993	0.653812	-0.083880	-0.638060	-0.690046	0.341636
05005	8.520669	0.838978	4.719854	-0.159243	-0.283997	0.164344	0.162369	0.309529	0.936925	-0.751299	0.654338	-0.085971	-0.639676	-0.689952	0.338793
05006	8.578800	0.040351	4.783111	-0.331800	-0.268682	0.127546	0.159621	0.308500	0.937736	-0.749411	0.656190	-0.088311	-0.642577	-0.688653	0.335935
05007	8.544699	-0.473610	4.244134	-0.440416	-0.242003	0.088647	0.157327	0.307405	0.938483	-0.746774	0.658874	-0.090629	-0.646202	-0.686576	0.333221
05008	8.592670	-0.896718	4.315097	-0.516438	-0.214412	0.055097	0.155458	0.306288	0.939160	-0.743545	0.662203	-0.092886	-0.650364	-0.683868	0.330683
05009	8.746785	-1.355004	3.654752	-0.620684	-0.214748	0.046897	0.153638	0.305123	0.939838	-0.739630	0.666221	-0.095383	-0.655243	-0.680478	0.328034
05010	8.986810	-1.820199	3.099943	-0.667522	-0.229586	0.034086	0.151807	0.303781	0.940570	-0.735324	0.670606	-0.097908	-0.660495	-0.676760	0.325180
05011	9.200303	-1.978107	2.840515	-0.594000	-0.241103	0.018644	0.150004	0.302269	0.941346	-0.731475	0.674493	-0.100021	-0.665164	-0.673567	0.322279
05012	9.454115	-1.793789	2.229121	-0.568188	-0.235978	-0.001005	0.148368	0.300666	0.942118	-0.727715	0.678274	-0.101860	-0.669640	-0.670481	0.319433
05013	9.663292	-1.684219	2.330213	-0.598986	-0.260180	-0.013826	0.146650	0.298825	0.942973	-0.723728	0.682257	-0.103652	-0.674323	-0.667255	0.316320
05014	9.917835	-1.889149	1.818501	-0.588596	-0.275158	-0.001863	0.144733	0.296970	0.943855	-0.719776	0.686141	-0.105512	-0.678951	-0.664093	0.313059
05015	9.920316	-2.252980	1.558537	-0.591445	-0.309294	0.008321	0.142499	0.294969	0.944821	-0.715818	0.689971	-0.107445	-0.683592	-0.661009	0.309464
05016	9.862468	-2.587234	1.638102	-0.513717	-0.357864	0.026511	0.139787	0.292782	0.945906	-0.712368	0.693243	-0.109301	-0.687744	-0.658554	0.305475
05017	10.057955	-2.608350	1.339347	-0.396889	-0.408910	0.042563	0.136591	0.290379	0.947113	-0.709753	0.695662	-0.110926	-0.691081	-0.657065	0.301118
05018	10.042322	-2.544923	1.413726	-0.267302	-0.431294	0.065602	0.133071	0.287994	0.948342	-0.708026	0.697189	-0.112373	-0.693536	-0.656497	0.296682
05019	9.756624	-2.482835	1.818463	-0.103766	-0.472362	0.093381	0.129059	0.285534	0.949639	-0.707484	0.697542	-0.113585	-0.694845	-0.657195	0.292035
05020	9.723726	-2.117235	2.001898	0.037302	-0.495999	0.096099	0.124863	0.282931	0.950978	-0.707900	0.696984	-0.114417	-0.695189	-0.658911	0.287314
05021	9.581103	-1.463606	2.231811	0.105179	-0.499413	0.097834	0.120621	0.280306	0.952302	-0.708814	0.695947	-0.115069	-0.695006	-0.661125	0.282631
05022	9.452252	-0.948360	2.545422	0.139443	-0.507544	0.088545	0.116397	0.277551	0.953634	-0.709921	0.694737	-0.115550	-0.694596	-0.663555	0.277905
05023	9.248195	-0.760995	2.784455	0.084017	-0.513058	0.079846	0.112193	0.274684	0.954967	-0.710657	0.693893	-0.116099	-0.694535	-0.665628	0.273056
05024	9.255077	-1.142952	2.984414	-0.017616	-0.509536	0.079777	0.108016	0.271833	0.956263	-0.710656	0.693753	-0.116938	-0.695198	-0.666943	0.268116
05025	9.092845	-1.519623	2.874681	-0.070429	-0.512763	0.077144	0.103827	0.268937	0.957545	-0.710303	0.693954	-0.117886	-0.696196	-0.667908	0.263078
05026	9.003361	-1.678399	3.016024	-0.046492	-0.525404	0.071499	0.099590	0.265911	0.958840	-0.710085	0.694035	-0.118721	-0.697037	-0.669034	0.257938
05027	8.997829	-1.506258	3.231338	0.003769	-0.515281	0.063472	0.095464	0.262892	0.960091	-0.710234	0.693775	-0.119348	-0.697462	-0.670496	0.252945
05028	8.875906	-1.017688	3.652486	0.080861	-0.476958	0.047295	0.091733	0.260007	0.961240	-0.710875	0.693069	-0.119629	-0.697310	-0.672348	0.248410
05029	8.779614	-0.705113	3.986720	0.085360	-0.430724	0.033367	0.088423	0.257333	0.962269	-0.711555	0.692348	-0.119765	-0.697045	-0.674117	0.244325
05030	8.653322	-0.674478	3.832869	-0.061154	-0.403242	0.022173	0.085383	0.254756	0.963228	-0.711180	0.692665	-0.120156	-0.697806	-0.674769	0.240319
05031	8.853342	-1.026579	3.591316	-0.153575	-0.381937	0.006777	0.082597	0.252219	0.964139	-0.710174	0.693618	-0.120610	-0.699164	-0.674744	0.236410
05032	8.794774	-1.175473	3.065064	-0.239048	-0.393960	0.000346	0.079767	0.249554	0.965070	-0.708533	0.695191	-0.121204	-0.701155	-0.674116	0.232270
05033	8.893114	-1.392971	3.152265	-0.309684	-0.441965	-0.005967	0.076627	0.246530	0.966101	-0.706417	0.697222	-0.121887	-0.703636	-0.673130	0.227580
05034	8.847590	-1.566128	3.139795	-0.300906	-0.477829	-0.004672	0.073222	0.243274	0.967190	-0.704325	0.699219	-0.122550	-0.706091	-0.672243	0.222542
05035	8.901249	-1.458510	3.507122	-0.239091	-0.505786	-0.004187	0.069600	0.239843	0.968314	-0.702697	0.700766	-0.123065	-0.708077	-0.671865	0.217310
05036	8.911335	-1.003441	3.872382	-0.136907	-0.498376	0.012644	0.065910	0.236573	0.969376	-0.701767	0.701618	-0.123513	-0.709351	-0.672135	0.212262
05037	8.767565	-0.716639	4.239687	-0.134709	-0.517290	0.027548	0.061961	0.233291	0.970431	-0.700896	0.702384	-0.124101	-0.710567	-0.672482	0.207033
05038	8.740304	-0.970844	4.636041	-0.125903	-0.528870	0.037919	0.057865	0.229990	0.971471	-0.700056	0.703106	-0.124758	-0.711740	-0.672865	0.201691
05039	8.785145	-1.168146	4.695665	-0.036875	-0.532015	0.059128	0.053595	0.226824	0.972460	-0.699896	0.703144	-0.125433	-0.712231	-0.673898	0.196438
05040	8.704990	-1.039837	4.484477	-0.012094	-0.535128	0.069968	0.049223	0.223697	0.973415	-0.699878	0.703031	-0.126170	-0.712565	-0.675061	0.191165
05041	8.764468	-0.898606	4.243763	-0.011891	-0.559868	0.059342	0.044745	0.220333	0.974398	-0.699899	0.702896	-0.126801	-0.712839	-0.676306	0.185662
05042	9.034154	-0.734665	3.771172	-0.044920	-0.579481	0.037726	0.040278	0.216666	0.975415	-0.699626	0.703081	-0.127283	-0.713373	-0.677299	0.179904
05043	9.152497	-0.510623	3.340567	-0.103137	-0.606525	0.003245	0.035851	0.212591	0.976483	-0.698965	0.703691	-0.127538	-0.714256	-0.677956	0.173822
05044	9.239871	-0.456581	3.168093	-0.203792	-0.642554	-0.035329	0.031433	0.207976	0.977629	-0.697527	0.705110	-0.127574	-0.715868	-0.677913	0.167233
05045	9.476743	-0.563014	3.027140	-0.290010	-0.667333	-0.079529	0.027129	0.202890	0.978826	-0.695513	0.707146	-0.127300	-0.718001	-0.677333	0.160297
05046	9.586358	-0.374492	2.942543	-0.302165	-0.670429	-0.093461	0.022887	0.197680	0.979999	-0.693348	0.709342	-0.126892	-0.720239	-0.676577	0.153296
05047	9.287510	-0.351390	3.114284	-0.337567	-0.674817	-0.107094	0.018684	0.192366	0.981145	-0.690973	0.711746	-0.126389	-0.722640	-0.675583	0.146218
05048	9.594773	-0.691751	3.342533	-0.398354	-0.673578	-0.119039	0.014557	0.186962	0.982259	-0.688099	0.714624	-0.125823	-0.725470	-0.674060	0.139052
05049	9.344094	-1.406636	3.603764	-0.437988	-0.660196	-0.136492	0.010626	0.181552	0.983324	-0.684979	0.717739	-0.125115	-0.728485	-0.672227	0.131986
05050	9.807493	-2.310891	3.920161	-0.472396	-0.670272	-0.147828	0.006672	0.175981	0.984371	-0.681548	0.721139	-0.124303	-0.731743	-0.670067	0.124751
05051	10.600668	-2.562205	4.096929	-0.376049	-0.617757	-0.127217	0.002938	0.170939	0.985277	-0.678877	0.723783	-0.123548	-0.734246	-0.668519	0.118173
05052	11.055303	-1.870617	4.154211	-0.169098	-0.526052	-0.102990	-0.000300	0.166669	0.986013	-0.677664	0.725052	-0.122764	-0.735372	-0.668222	0.112728
05053	11.294603	-0.499704	4.462616	0.073165	-0.396808	-0.110060	-0.002548	0.163236	0.986584	-0.678299	0.724646	-0.121649	-0.734781	-0.669509	0.108876
05054	11.184923	0.875655	5.241731	0.231778	-0.235654	-0.146921	-0.003351	0.160583	0.987017	-0.680036	0.723295	-0.119985	-0.733172	-0.671608	0.106779
05055	10.853932	1.772512	6.326844	0.284491	-0.061046	-0.217443	-0.002392	0.158615	0.987338	-0.682230	0.721621	-0.117581	-0.731134	-0.673873	0.106486
05056	10.494775	2.185033	7.358667	0.280835	0.124180	-0.297800	0.000480	0.157297	0.987551	-0.684314	0.720162	-0.114375	-0.729187	-0.675740	0.107986
05057	10.146833	2.345366	7.939260	0.298337	0.326678	-0.392756	0.005486	0.156703	0.987630	-0.686581	0.718651	-0.110212	-0.727033	-0.677484	0.111532
05058	9.804058	2.385698	8.413644	0.383902	0.524169	-0.495826	0.012631	0.156692	0.987567	-0.689353	0.716789	-0.104912	-0.724316	-0.679457	0.117069
05059	9.599649	2.465092	8.887328	0.480155	0.711106	-0.588186	0.021751	0.157345	0.987304	-0.692848	0.714314	-0.098575	-0.720755	-0.681908	0.124554
05060	9.545714	2.634282	9.193581	0.514755	0.864268	-0.694548	0.032718	0.158286	0.986851	-0.696391	0.711858	-0.091090	-0.716917	-0.684254	0.133520
05061	9.745565	2.454410	9.101027	0.343850	1.021108	-0.810081	0.045614	0.159547	0.986136	-0.698672	0.710651	-0.082660	-0.713987	-0.685215	0.143887
05062	9.770341	1.606950	8.840730	0.083618	1.194608	-0.892236	0.060300	0.161371	0.985050	-0.698828	0.711475	-0.073775	-0.712744	-0.683932	0.155673
05063	10.442550	0.096165	8.407410	-0.135064	1.357450	-0.954420	0.076561	0.163885	0.983504	-0.697373	0.713787	-0.064654	-0.712608	-0.680919	0.168937
05064	10.445033	-0.826486	7.979782	-0.075610	1.494925	-0.991512	0.094046	0.166945	0.981471	-0.696022	0.715905	-0.055079	-0.711835	-0.677945	0.183525
05065	9.666715	-1.211399	5.951986	-0.239903	1.301175	-0.954810	0.109865	0.168953	0.979482	-0.693531	0.718942	-0.046221	-0.712000	-0.674223	0.196161
05066	9.763076	-0.971516	2.207002	-0.714156	1.044318	-0.850471	0.123123	0.169809	0.977755	-0.687477	0.725138	-0.039366	-0.715692	-0.667338	0.206021
05067	10.968422	-0.867075	-1.622768	-1.556015	0.935917	-0.772811	0.135050	0.170418	0.976073	-0.675478	0.736542	-0.035138	-0.724908	-0.654571	0.214584
05068	11.782828	-1.285958	-3.751000	-2.216871	0.993238	-0.750967	0.147255	0.171234	0.974164	-0.658235	0.752102	-0.032702	-0.738270	-0.636414	0.223463
05069	12.615767	-1.284462	-3.985668	-2.405637	1.044797	-0.714201	0.159599	0.172414	0.972009	-0.639408	0.768231	-0.031281	-0.752121	-0.616518	0.232852
05070	13.694708	-0.857278	-4.079084	-2.358759	1.112832	-0.537446	0.171358	0.174991	0.969543	-0.620662	0.783437	-0.031704	-0.765124	-0.596326	0.242859
05071	14.099252	-1.214525	-4.333676	-1.994621	1.250909	-0.308308	0.182832	0.179952	0.966535	-0.604850	0.795626	-0.033717	-0.775067	-0.578444	0.254309
05072	13.551714	-1.078931	-3.692767	-1.350812	1.480225	-0.198850	0.195466	0.186825	0.962751	-0.594008	0.803682	-0.035356	-0.780351	-0.564971	0.268068
05073	12.352540	-0.726826	-2.756744	-0.797293	1.632754	-0.171296	0.209167	0.194650	0.958311	-0.587581	0.808367	-0.035945	-0.781664	-0.555567	0.283456
05074	11.377224	-0.425185	-1.993093	-0.494379	1.668529	-0.209489	0.223361	0.202165	0.953540	-0.583307	0.811480	-0.035410	-0.780937	-0.548298	0.299177
05075	11.040804	-0.516348	-1.390534	-0.313481	1.589638	-0.295083	0.237422	0.208476	0.948772	-0.580261	0.813737	-0.033599	-0.779056	-0.542558	0.314169
05076	11.156669	-0.406322	-0.982972	-0.272058	1.498269	-0.390014	0.251267	0.213390	0.944103	-0.577234	0.815997	-0.030808	-0.776959	-0.537227	0.328209
05077	10.970427	-0.499973	-1.166874	-0.250947	1.459329	-0.474008	0.265266	0.217357	0.939356	-0.574128	0.818313	-0.027220	-0.774604	-0.532090	0.341861
05078	10.433667	-0.593570	-1.325183	-0.225962	1.396840	-0.562108	0.279219	0.220153	0.934650	-0.570894	0.820708	-0.022764	-0.772086	-0.527230	0.354841
05079	10.184867	-0.583680	-1.486861	-0.206849	1.345151	-0.589706	0.292901	0.222395	0.929919	-0.567679	0.823053	-0.018033	-0.769383	-0.522613	0.367321
05080	9.866170	-0.667411	-1.785227	-0.209386	1.331525	-0.528372	0.306050	0.224972	0.925052	-0.564533	0.825293	-0.013937	-0.766574	-0.517957	0.379585
05081	9.222047	-1.087472	-2.221624	-0.129578	1.313264	-0.424310	0.318435	0.228265	0.920051	-0.562279	0.826880	-0.010541	-0.763178	-0.513969	0.391657
05082	8.604000	-1.338594	-2.551355	0.227791	1.230209	-0.340054	0.329638	0.231776	0.915215	-0.562955	0.826462	-0.006537	-0.757905	-0.513070	0.402913
05083	8.334074	-1.003910	-2.287959	0.655649	1.101807	-0.285988	0.339503	0.235102	0.910750	-0.567003	0.823715	-0.001272	-0.750497	-0.515966	0.412957
05084	8.217192	-0.135265	-1.691930	0.932319	0.942971	-0.263482	0.347975	0.237833	0.906835	-0.573100	0.819470	0.004992	-0.741937	-0.521444	0.421457
05085	8.031052	0.697634	-0.851205	0.899864	0.786775	-0.253598	0.355178	0.239895	0.903492	-0.578900	0.815323	0.011091	-0.733977	-0.526971	0.428461
05086	7.662680	1.204181	-0.107248	0.616117	0.654108	-0.235041	0.361259	0.241444	0.900665	-0.582608	0.812599	0.015849	-0.728052	-0.530460	0.434226
05087	7.284749	1.323694	0.357102	0.325834	0.522360	-0.193198	0.366123	0.242651	0.898373	-0.584317	0.811303	0.018999	-0.724243	-0.531891	0.438822
05088	7.209145	1.950328	0.983043	0.088725	0.423254	-0.140458	0.369938	0.243766	0.896506	-0.584487	0.811140	0.020631	-0.722163	-0.531629	0.442550
05089	6.488580	2.793781	1.702924	-0.190389	0.419357	-0.062080	0.373276	0.245480	0.894653	-0.582920	0.812275	0.020335	-0.721713	-0.529102	0.446298
05090	5.659040	2.911495	2.500488	-0.476311	0.317378	-0.009839	0.375561	0.247076	0.893257	-0.579488	0.814776	0.018272	-0.723290	-0.524494	0.449175
05091	5.736757	1.905433	2.682269	-1.012481	0.159022	-0.038658	0.376886	0.247573	0.892560	-0.572026	0.820115	0.014061	-0.728521	-0.515868	0.450709
05092	6.374579	-0.015368	2.558250	-1.348146	0.117859	-0.071129	0.378087	0.247594	0.892047	-0.561934	0.827137	0.008594	-0.735717	-0.504521	0.451861
05093	7.174304	-1.308287	2.807640	-1.520497	0.112113	-0.063512	0.379220	0.247611	0.891561	-0.550476	0.834848	0.002281	-0.743753	-0.491648	0.452895
05094	7.423643	-2.473271	3.015774	-1.639363	0.119260	-0.005664	0.380077	0.248149	0.891046	-0.538239	0.842776	-0.005119	-0.752223	-0.477651	0.453883
05095	7.007240	-3.783873	3.585996	-1.663384	0.071815	0.061652	0.380240	0.249003	0.890739	-0.525922	0.850430	-0.013228	-0.760805	-0.463429	0.454323
05096	7.314099	-4.882378	4.997651	-1.560736	-0.085739	0.101865	0.378988	0.249490	0.891136	-0.514416	0.857278	-0.021236	-0.769249	-0.450366	0.453240
05097	7.822341	-5.995232	5.224812	-1.203145	-0.095196	0.181892	0.377272	0.250636	0.891542	-0.505854	0.862154	-0.028313	-0.775743	-0.440308	0.452052
05098	7.456517	-6.513606	5.691798	-0.711355	-0.065922	0.295277	0.375206	0.252908	0.891772	-0.501481	0.864493	-0.034177	-0.779575	-0.434384	0.451192
05099	7.339155	-6.254363	6.426156	-0.146918	-0.151065	0.410416	0.371905	0.255823	0.892323	-0.501928	0.864051	-0.038523	-0.780868	-0.433555	0.449750
05100	7.611553	-4.913096	6.610456	0.526937	-0.200730	0.527325	0.367611	0.259506	0.893039	-0.508035	0.860365	-0.040883	-0.778950	-0.438666	0.448118
05101	7.899551	-2.820713	6.755630	1.130158	-0.252408	0.618053	0.362404	0.263721	0.893932	-0.519140	0.853686	-0.041386	-0.774052	-0.449078	0.446287
05102	7.859593	-0.973877	6.483889	1.469303	-0.216847	0.702535	0.356970	0.268709	0.894633	-0.533037	0.845091	-0.041140	-0.767101	-0.462187	0.444904
05103	6.765892	-1.003936	5.851322	1.720096	-0.216244	0.833144	0.350741	0.274736	0.895266	-0.549183	0.834696	-0.040993	-0.758537	-0.477287	0.443642
05104	5.833795	-2.320281	5.974168	1.928089	-0.381559	0.960746	0.342436	0.280850	0.896583	-0.567094	0.822628	-0.041091	-0.749094	-0.494376	0.440965
05105	9.270279	-5.004898	8.273310	1.984787	-0.865752	1.146908	0.329297	0.285891	0.899905	-0.585813	0.809318	-0.042748	-0.740531	-0.513100	0.433985
05106	18.886846	-5.921977	11.681623	3.281023	-0.653345	1.381350	0.316159	0.293482	0.902170	-0.614327	0.787983	-0.041050	-0.722942	-0.541249	0.429422
05107	15.738440	4.062348	9.949027	6.341727	0.261728	1.242305	0.309980	0.304562	0.900641	-0.662856	0.748332	-0.024917	-0.681567	-0.589272	0.433849
05108	5.704731	18.724158	4.291646	6.300278	0.126954	0.651751	0.306287	0.310081	0.900021	-0.706489	0.707716	-0.003401	-0.638014	-0.634813	0.435833
05109	5.355009	22.698829	2.808860	3.297894	-0.066742	0.137441	0.304819	0.310630	0.900330	-0.727629	0.685902	0.009700	-0.614525	-0.658063	0.435099
05110	7.606690	18.624634	4.551978	-0.151908	-0.162818	0.078960	0.303177	0.310091	0.901070	-0.726973	0.686616	0.008310	-0.616112	-0.657573	0.433594
05111	9.943442	8.441488	2.400511	-3.325073	-0.532175	0.221969	0.298201	0.308182	0.903383	-0.706763	0.707405	-0.008028	-0.641531	-0.636084	0.428760
05112	10.725256	-3.019996	-1.701105	-4.756170	-0.460890	0.314018	0.292926	0.307587	0.905309	-0.676399	0.735876	-0.031162	-0.675780	-0.603222	0.423608
05113	8.888618	-10.472253	-0.048539	-3.984106	-0.302996	0.455514	0.287779	0.309185	0.906415	-0.650276	0.757911	-0.052072	-0.703082	-0.574435	0.419167
05114	9.175489	-14.335479	0.663155	-2.137854	-0.383159	0.455307	0.282060	0.310487	0.907766	-0.636425	0.768584	-0.065133	-0.717917	-0.559354	0.414388
05115	9.182399	-10.714983	0.920361	0.110643	-0.270330	0.359438	0.277777	0.311732	0.908660	-0.638269	0.766809	-0.067949	-0.717951	-0.561094	0.411971
05116	8.932110	-2.809250	2.338746	1.301989	-0.200735	0.282108	0.274461	0.312746	0.909319	-0.648386	0.758517	-0.065177	-0.710117	-0.571701	0.410964
05117	9.038050	2.379989	3.536349	1.080605	-0.188157	0.191937	0.271820	0.313120	0.909983	-0.656598	0.751646	-0.062505	-0.703557	-0.580503	0.409907
05118	9.234453	3.072737	3.669646	0.269891	-0.277881	0.133437	0.268921	0.312502	0.911056	-0.658897	0.749621	-0.062638	-0.702521	-0.583448	0.407496
05119	9.777582	1.255038	3.015368	-0.451015	-0.377430	0.112147	0.265471	0.311146	0.912531	-0.656062	0.751859	-0.065502	-0.706475	-0.581289	0.403728
05120	9.978569	-1.250620	2.317623	-0.744642	-0.445702	0.117464	0.261473	0.309448	0.914261	-0.651130	0.755770	-0.069585	-0.712504	-0.577108	0.399104
05121	9.778209	-2.842032	1.776172	-0.658000	-0.479617	0.115137	0.257242	0.307558	0.916098	-0.646762	0.759165	-0.073260	-0.718001	-0.573651	0.394206
05122	9.819058	-3.210311	1.160412	-0.492507	-0.485396	0.090318	0.253095	0.305464	0.917951	-0.643486	0.761671	-0.076039	-0.722405	-0.571444	0.389337
05123	10.134130	-3.139360	1.318959	-0.370621	-0.509488	0.061559	0.248953	0.303024	0.919891	-0.640997	0.763564	-0.078053	-0.726047	-0.570216	0.384329
05124	10.256009	-3.071433	1.223666	-0.235338	-0.573286	0.075163	0.244233	0.300328	0.922038	-0.639512	0.764643	-0.079665	-0.728955	-0.570197	0.378814
05125	10.264063	-3.058290	1.230441	-0.114073	-0.619006	0.095154	0.239045	0.297522	0.924304	-0.638949	0.764973	-0.080989	-0.731164	-0.571223	0.372965
05126	10.240352	-3.141780	1.718069	0.036180	-0.649590	0.106455	0.233543	0.294617	0.926638	-0.639507	0.764415	-0.081864	-0.732454	-0.573473	0.366933
05127	9.997632	-2.926251	1.757577	0.181044	-0.682543	0.135576	0.227611	0.291726	0.929026	-0.641187	0.762939	-0.082482	-0.732853	-0.576905	0.360704
05128	9.791985	-2.214215	2.131894	0.303956	-0.702780	0.141397	0.221485	0.288732	0.931439	-0.643771	0.760732	-0.082735	-0.732464	-0.581309	0.354368
05129	9.486274	-1.275139	2.456191	0.360880	-0.702369	0.149264	0.215315	0.285765	0.933798	-0.646780	0.758160	-0.082881	-0.731652	-0.586116	0.348070
05130	9.362034	-0.492889	2.842393	0.296874	-0.709810	0.117843	0.209290	0.282479	0.936164	-0.649242	0.756042	-0.082984	-0.731220	-0.590429	0.341630
05131	9.234396	-0.078184	3.123309	0.178752	-0.709157	0.086925	0.203473	0.278934	0.938506	-0.650768	0.754703	-0.083216	-0.731505	-0.593818	0.335083
05132	9.107826	-0.288193	3.233655	0.054003	-0.713208	0.051609	0.197847	0.275077	0.940845	-0.651306	0.754202	-0.083547	-0.732569	-0.596249	0.328376
05133	9.094493	-0.536953	3.003018	-0.064978	-0.699934	0.005853	0.192611	0.270939	0.943129	-0.650879	0.754538	-0.083835	-0.734342	-0.597716	0.321681
05134	9.014062	-0.797280	3.177933	-0.153153	-0.700590	-0.027543	0.187568	0.266538	0.945397	-0.649739	0.755492	-0.084089	-0.736653	-0.598489	0.314886
05135	9.004640	-1.121967	3.258267	-0.182273	-0.732664	-0.037378	0.182339	0.261864	0.947723	-0.648363	0.756647	-0.084325	-0.739174	-0.599093	0.307749
05136	9.075730	-1.422966	3.120287	-0.160106	-0.747299	-0.024296	0.176894	0.257197	0.950031	-0.647172	0.757634	-0.084608	-0.741536	-0.599867	0.300472
05137	8.978535	-1.580098	3.456550	-0.048919	-0.756488	-0.024302	0.171370	0.252466	0.952309	-0.646805	0.757954	-0.084546	-0.743152	-0.601470	0.293187
05138	9.013712	-1.514875	3.415333	0.067362	-0.758596	-0.017541	0.165773	0.247758	0.954534	-0.647315	0.757556	-0.084212	-0.743977	-0.603924	0.285960
05139	9.064717	-1.415621	3.609545	0.122416	-0.746657	-0.022981	0.160299	0.243063	0.956674	-0.648229	0.756834	-0.083673	-0.744381	-0.606731	0.278881
05140	9.245647	-1.376125	3.499194	0.108023	-0.743746	-0.013785	0.154781	0.238433	0.958745	-0.649049	0.756175	-0.083272	-0.744834	-0.609384	0.271796
05141	8.945809	-1.688498	3.444171	0.044381	-0.769920	-0.000591	0.148980	0.233729	0.960820	-0.649421	0.755866	-0.083176	-0.745692	-0.611585	0.264397
05142	8.783384	-1.917838	3.452792	0.057660	-0.829167	0.013686	0.142635	0.228748	0.962980	-0.649909	0.755446	-0.083187	-0.746508	-0.613984	0.256418
05143	8.869852	-1.906957	3.656602	0.151926	-0.869178	0.018882	0.135954	0.223543	0.965166	-0.651114	0.754426	-0.083017	-0.746704	-0.617146	0.248120
