// General information: 
//  MT Manager version: 2022.2.0 
//  XDA version: 2022.2.0 build 7381 rev 124627 built on 2023-07-19
// Device information: 
//  DeviceId: 00B4CB9F
//  ProductCode: MTW2-3A7G6
//  Firmware Version: 4.6.0
//  Hardware Version: 2.0.0
// Device settings: 
//  Filter Profile: human(46.1)
//  Option Flags: Orientation Smoother Disabled, Position/Velocity Smoother Disabled, Continuous Zero Rotation Update Disabled, AHS Disabled, ICC Disabled
// Coordinate system: ENU
PacketCounter	Acc_X	Acc_Y	Acc_Z	Gyr_X	Gyr_Y	Gyr_Z	Mat[1][1]	Mat[2][1]	Mat[3][1]	Mat[1][2]	Mat[2][2]	Mat[3][2]	Mat[1][3]	Mat[2][3]	Mat[3][3]
43744	9.393887	-0.609818	2.559912	-0.057212	0.027198	-0.026908	0.188553	0.198564	0.961780	-0.575489	0.815915	-0.055628	-0.795776	-0.543005	0.268115
43745	9.399302	-0.694293	2.592585	-0.049249	0.022517	-0.031359	0.188823	0.198474	0.961745	-0.575200	0.816129	-0.055492	-0.795921	-0.542717	0.268267
43746	9.411862	-0.663889	2.672384	-0.034604	0.012282	-0.024516	0.188995	0.198343	0.961738	-0.574912	0.816339	-0.055379	-0.796088	-0.542449	0.268314
43747	9.402437	-0.549100	2.740013	-0.008965	0.020926	-0.021262	0.189223	0.198260	0.961711	-0.574759	0.816457	-0.055228	-0.796145	-0.542301	0.268445
43748	9.406890	-0.423667	2.756950	-0.000347	0.030887	-0.021853	0.189528	0.198252	0.961652	-0.574749	0.816476	-0.055048	-0.796080	-0.542275	0.268690
43749	9.342822	-0.386603	2.772985	0.002181	0.041453	-0.024641	0.189903	0.198304	0.961568	-0.574851	0.816418	-0.054841	-0.795916	-0.542344	0.269036
43750	9.350758	-0.337787	2.789106	-0.014668	0.051304	-0.028839	0.190411	0.198350	0.961458	-0.574714	0.816529	-0.054632	-0.795894	-0.542161	0.269470
43751	9.383822	-0.400843	2.721461	-0.037932	0.059532	-0.032064	0.191026	0.198333	0.961339	-0.574152	0.816936	-0.054453	-0.796152	-0.541553	0.269930
43752	9.362794	-0.382909	2.678407	-0.057471	0.057139	-0.033691	0.191608	0.198370	0.961216	-0.573664	0.817288	-0.054314	-0.796364	-0.541008	0.270397
43753	9.384616	-0.425320	2.634440	-0.101415	0.046650	-0.032282	0.192096	0.198348	0.961123	-0.572794	0.817898	-0.054308	-0.796873	-0.540093	0.270728
43754	9.415564	-0.522492	2.592283	-0.118649	0.034661	-0.028095	0.192467	0.198308	0.961057	-0.571828	0.818568	-0.054388	-0.797477	-0.539092	0.270945
43755	9.394113	-0.648239	2.597675	-0.106980	0.022661	-0.020180	0.192653	0.198304	0.961020	-0.571114	0.819058	-0.054521	-0.797944	-0.538348	0.271048
43756	9.388083	-0.713364	2.653661	-0.093234	0.022064	-0.019784	0.192875	0.198264	0.960984	-0.570366	0.819573	-0.054613	-0.798425	-0.537579	0.271158
43757	9.375934	-0.691664	2.679991	-0.058189	0.031969	-0.025666	0.193254	0.198217	0.960918	-0.569803	0.819969	-0.054547	-0.798735	-0.536992	0.271407
43758	9.360788	-0.700789	2.734570	-0.020804	0.038122	-0.029855	0.193662	0.198180	0.960843	-0.569613	0.820114	-0.054346	-0.798771	-0.536784	0.271711
43759	9.400069	-0.589321	2.783705	0.001415	0.044787	-0.033799	0.194175	0.198112	0.960754	-0.569467	0.820236	-0.054043	-0.798751	-0.536623	0.272088
43760	9.367884	-0.447696	2.773604	0.010651	0.053415	-0.036558	0.194743	0.198102	0.960641	-0.569515	0.820225	-0.053692	-0.798578	-0.536643	0.272555
43761	9.312147	-0.363270	2.803173	0.006089	0.051005	-0.031483	0.195233	0.198137	0.960534	-0.569612	0.820177	-0.053408	-0.798390	-0.536705	0.272987
43762	9.283153	-0.340226	2.850065	-0.002959	0.041841	-0.035697	0.195704	0.198072	0.960452	-0.569553	0.820237	-0.053102	-0.798316	-0.536636	0.273336
43763	9.334946	-0.409617	2.796002	-0.032852	0.041997	-0.030500	0.196072	0.198147	0.960361	-0.569596	0.820218	-0.052940	-0.798195	-0.536638	0.273685
43764	9.379378	-0.335371	2.781762	-0.073222	0.047778	-0.026359	0.196537	0.198190	0.960257	-0.568995	0.820637	-0.052917	-0.798510	-0.535981	0.274054
43765	9.370896	-0.390771	2.807074	-0.104806	0.049233	-0.028671	0.196997	0.198233	0.960154	-0.568199	0.821185	-0.052963	-0.798963	-0.535125	0.274407
43766	9.319800	-0.487585	2.822698	-0.130438	0.040454	-0.032055	0.197436	0.198189	0.960073	-0.567128	0.821920	-0.053042	-0.799616	-0.534012	0.274675
43767	9.329041	-0.500433	2.768070	-0.136055	0.037996	-0.036703	0.197875	0.198102	0.960000	-0.566028	0.822674	-0.053094	-0.800286	-0.532881	0.274918
43768	9.342715	-0.489757	2.719668	-0.147944	0.042420	-0.040705	0.198378	0.197996	0.959918	-0.564798	0.823517	-0.053140	-0.801030	-0.531618	0.275196
43769	9.348285	-0.676232	2.742319	-0.149658	0.037908	-0.044095	0.198841	0.197916	0.959839	-0.563770	0.824219	-0.053161	-0.801639	-0.530558	0.275468
43770	9.396420	-0.770345	2.680306	-0.111201	0.036194	-0.041539	0.199298	0.197770	0.959775	-0.562831	0.824865	-0.053098	-0.802185	-0.529609	0.275705
43771	9.367887	-0.798815	2.621654	-0.081170	0.026169	-0.038284	0.199672	0.197593	0.959733	-0.562111	0.825363	-0.052982	-0.802597	-0.528898	0.275871
43772	9.391241	-0.790679	2.677743	-0.055038	0.018205	-0.036291	0.199955	0.197394	0.959715	-0.561632	0.825700	-0.052814	-0.802862	-0.528447	0.275966
43773	9.383391	-0.744279	2.710240	-0.031781	0.024955	-0.030424	0.200217	0.197354	0.959669	-0.561586	0.825742	-0.052647	-0.802829	-0.528396	0.276158
43774	9.360354	-0.657941	2.701492	-0.015710	0.028648	-0.025212	0.200522	0.197301	0.959616	-0.561445	0.825849	-0.052478	-0.802852	-0.528248	0.276374
43775	9.346328	-0.625093	2.695407	0.000267	0.028546	-0.027410	0.200840	0.197267	0.959557	-0.561517	0.825814	-0.052244	-0.802722	-0.528314	0.276626
43776	9.363010	-0.529337	2.723328	0.010651	0.026030	-0.034273	0.201175	0.197126	0.959516	-0.561569	0.825800	-0.051914	-0.802601	-0.528390	0.276830
43777	9.379548	-0.432908	2.751593	0.004870	0.035710	-0.040143	0.201601	0.196982	0.959456	-0.561572	0.825821	-0.051549	-0.802493	-0.528411	0.277106
43778	9.339868	-0.346797	2.762061	-0.010783	0.038032	-0.041108	0.202070	0.196848	0.959384	-0.561437	0.825933	-0.051213	-0.802468	-0.528286	0.277414
43779	9.336184	-0.375963	2.792438	-0.026586	0.038694	-0.042295	0.202564	0.196681	0.959314	-0.561090	0.826188	-0.050910	-0.802587	-0.527949	0.277712
43780	9.371357	-0.487572	2.815962	-0.041117	0.043566	-0.048423	0.203119	0.196515	0.959231	-0.560697	0.826474	-0.050588	-0.802721	-0.527563	0.278058
43781	9.381604	-0.596109	2.751870	-0.031443	0.044527	-0.045860	0.203693	0.196342	0.959145	-0.560273	0.826782	-0.050262	-0.802872	-0.527145	0.278415
43782	9.376390	-0.564508	2.655712	-0.016241	0.031441	-0.041463	0.204111	0.196169	0.959091	-0.560094	0.826923	-0.049939	-0.802891	-0.526988	0.278657
43783	9.402042	-0.522300	2.686037	-0.013751	0.023535	-0.035484	0.204499	0.195930	0.959058	-0.559677	0.827222	-0.049657	-0.803083	-0.526608	0.278823
43784	9.393875	-0.526533	2.812445	-0.017554	0.028283	-0.032931	0.204843	0.195810	0.959009	-0.559504	0.827353	-0.049419	-0.803116	-0.526446	0.279034
43785	9.358676	-0.609227	2.774556	-0.016466	0.031913	-0.034489	0.205192	0.195762	0.958944	-0.559533	0.827348	-0.049170	-0.803006	-0.526471	0.279300
43786	9.298371	-0.549458	2.796360	-0.016176	0.035216	-0.034045	0.205599	0.195669	0.958876	-0.559369	0.827474	-0.048918	-0.803017	-0.526307	0.279579
43787	9.314304	-0.453539	2.825188	-0.007513	0.036219	-0.041191	0.205993	0.195566	0.958812	-0.559434	0.827450	-0.048583	-0.802870	-0.526384	0.279855
43788	9.304154	-0.447384	2.919642	-0.000012	0.041531	-0.043665	0.206504	0.195428	0.958731	-0.559379	0.827510	-0.048193	-0.802777	-0.526342	0.280202
43789	9.309874	-0.387209	2.903635	0.002633	0.052681	-0.049709	0.207196	0.195224	0.958623	-0.559077	0.827741	-0.047731	-0.802810	-0.526054	0.280649
43790	9.336774	-0.350240	2.773254	-0.009626	0.061708	-0.051071	0.207910	0.195130	0.958487	-0.558929	0.827866	-0.047298	-0.802728	-0.525893	0.281185
43791	9.336579	-0.355444	2.812304	-0.023917	0.065114	-0.049102	0.208679	0.195038	0.958339	-0.558543	0.828148	-0.046919	-0.802797	-0.525482	0.281754
43792	9.375884	-0.301431	2.794610	-0.044254	0.056394	-0.044814	0.209315	0.194967	0.958215	-0.558129	0.828442	-0.046643	-0.802919	-0.525044	0.282222
43793	9.441041	-0.248491	2.667915	-0.072983	0.061542	-0.041114	0.210002	0.194892	0.958080	-0.557303	0.829007	-0.046481	-0.803314	-0.524179	0.282707
43794	9.402899	-0.274410	2.702554	-0.098280	0.050107	-0.040161	0.210562	0.194826	0.957970	-0.556464	0.829575	-0.046403	-0.803748	-0.523305	0.283090
43795	9.374541	-0.445170	2.694628	-0.099376	0.046441	-0.038609	0.211104	0.194746	0.957867	-0.555577	0.830172	-0.046341	-0.804219	-0.522387	0.283449
43796	9.336957	-0.562173	2.683559	-0.095374	0.036468	-0.040462	0.211555	0.194605	0.957796	-0.554760	0.830724	-0.046252	-0.804665	-0.521562	0.283703
43797	9.426228	-0.645811	2.658037	-0.085000	0.029271	-0.039618	0.211879	0.194518	0.957742	-0.554314	0.831027	-0.046153	-0.804887	-0.521111	0.283902
43798	9.352532	-0.738469	2.581898	-0.086941	0.026344	-0.032474	0.212205	0.194390	0.957696	-0.553581	0.831518	-0.046117	-0.805306	-0.520376	0.284063
43799	9.339983	-0.716493	2.607531	-0.055501	0.008140	-0.029503	0.212365	0.194177	0.957704	-0.553070	0.831863	-0.046022	-0.805614	-0.519904	0.284052
43800	9.350687	-0.739922	2.779701	-0.009902	-0.004424	-0.021749	0.212383	0.193977	0.957740	-0.552980	0.831931	-0.045871	-0.805672	-0.519869	0.283953
43801	9.319647	-0.751878	2.848155	0.028190	-0.010723	-0.019684	0.212346	0.193734	0.957798	-0.553117	0.831853	-0.045632	-0.805587	-0.520085	0.283798
43802	9.307768	-0.727917	2.871990	0.070758	-0.012423	-0.015435	0.212265	0.193546	0.957854	-0.553690	0.831489	-0.045312	-0.805215	-0.520736	0.283660
43803	9.317557	-0.635650	2.824929	0.099155	-0.009116	-0.009007	0.212239	0.193363	0.957896	-0.554262	0.831127	-0.044967	-0.804828	-0.521382	0.283571
43804	9.267236	-0.538554	2.889420	0.115902	-0.013531	-0.005462	0.212094	0.193251	0.957951	-0.555218	0.830507	-0.044614	-0.804207	-0.522410	0.283442
43805	9.320161	-0.272487	2.835972	0.087257	-0.016391	-0.004911	0.211913	0.193201	0.958001	-0.556128	0.829912	-0.044352	-0.803626	-0.523372	0.283314
43806	9.391066	-0.105343	2.753117	0.036253	-0.016217	-0.009001	0.211766	0.193046	0.958065	-0.556436	0.829715	-0.044192	-0.803451	-0.523743	0.283123
43807	9.405196	-0.082529	2.667190	0.003135	-0.017861	-0.014690	0.211521	0.193014	0.958126	-0.557040	0.829315	-0.044090	-0.803097	-0.524388	0.282934
43808	9.388397	-0.164763	2.606105	-0.035447	-0.025024	-0.017176	0.211349	0.192744	0.958218	-0.556755	0.829508	-0.044054	-0.803340	-0.524182	0.282627
43809	9.410233	-0.371564	2.596967	-0.062099	-0.031840	-0.023285	0.211127	0.192406	0.958335	-0.556318	0.829802	-0.044041	-0.803702	-0.523840	0.282232
43810	9.468906	-0.550985	2.557640	-0.059644	-0.032865	-0.017789	0.210895	0.192091	0.958449	-0.555837	0.830123	-0.044067	-0.804095	-0.523447	0.281840
43811	9.399326	-0.625372	2.679618	-0.031091	-0.033682	-0.007092	0.210621	0.191863	0.958555	-0.555581	0.830292	-0.044114	-0.804344	-0.523263	0.281472
43812	9.386326	-0.556192	2.805120	0.014155	-0.026208	0.002591	0.210329	0.191752	0.958641	-0.555736	0.830187	-0.044127	-0.804313	-0.523470	0.281176
43813	9.446936	-0.246236	2.764152	0.055972	-0.008110	0.000409	0.210182	0.191800	0.958664	-0.556439	0.829722	-0.044006	-0.803865	-0.524189	0.281118
43814	9.389053	-0.012652	2.707028	0.065519	0.001782	-0.008967	0.210180	0.191739	0.958676	-0.556983	0.829370	-0.043764	-0.803489	-0.524768	0.281113
43815	9.393711	0.184965	2.834914	0.040820	0.007445	-0.018859	0.210306	0.191550	0.958687	-0.557081	0.829318	-0.043496	-0.803388	-0.524919	0.281119
43816	9.364446	0.257770	2.785594	-0.019501	0.018399	-0.025294	0.210528	0.191441	0.958660	-0.556907	0.829444	-0.043337	-0.803450	-0.524760	0.281236
43817	9.327615	0.140954	2.773066	-0.083442	0.018188	-0.035426	0.210812	0.191161	0.958653	-0.555976	0.830072	-0.043260	-0.804020	-0.523868	0.281271
43818	9.371847	-0.150172	2.779275	-0.139523	0.023518	-0.039671	0.211155	0.190960	0.958618	-0.554806	0.830852	-0.043301	-0.804738	-0.522703	0.281384
43819	9.390502	-0.481018	2.757035	-0.183368	0.031406	-0.050694	0.211645	0.190662	0.958569	-0.553121	0.831972	-0.043356	-0.805769	-0.521028	0.281542
43820	9.322348	-0.784874	2.690991	-0.166563	0.020103	-0.046701	0.211998	0.190382	0.958546	-0.551715	0.832902	-0.043406	-0.806640	-0.519642	0.281611
43821	9.316683	-0.983127	2.759134	-0.115557	0.004617	-0.041949	0.212199	0.190089	0.958560	-0.550802	0.833509	-0.043358	-0.807211	-0.518776	0.281571
43822	9.249917	-1.115267	2.811619	-0.079007	-0.013893	-0.027814	0.212173	0.189790	0.958625	-0.550141	0.833946	-0.043343	-0.807668	-0.518183	0.281352
43823	9.245888	-1.233282	2.954783	-0.036148	-0.022725	-0.011433	0.211918	0.189685	0.958703	-0.550197	0.833907	-0.043374	-0.807697	-0.518284	0.281084
43824	9.216576	-1.204946	2.961921	0.022377	-0.027915	0.001896	0.211615	0.189561	0.958794	-0.550418	0.833762	-0.043358	-0.807625	-0.518562	0.280775
43825	9.248099	-1.099026	2.935023	0.076176	-0.036287	0.004915	0.211283	0.189369	0.958905	-0.550884	0.833462	-0.043215	-0.807395	-0.519115	0.280417
43826	9.254485	-0.859761	3.001696	0.125741	-0.040189	0.002152	0.210880	0.189183	0.959030	-0.551939	0.832779	-0.042912	-0.806779	-0.520277	0.280034
43827	9.311243	-0.622313	3.047170	0.124677	-0.034286	0.007069	0.210454	0.189109	0.959139	-0.553145	0.831991	-0.042669	-0.806064	-0.521563	0.279701
43828	9.229439	-0.436804	2.993318	0.098058	-0.037406	0.008400	0.210039	0.188989	0.959253	-0.553989	0.831438	-0.042505	-0.805593	-0.522488	0.279332
43829	9.253324	-0.376907	2.951823	0.070373	-0.044149	0.011282	0.209507	0.188974	0.959373	-0.554962	0.830792	-0.042455	-0.805062	-0.523520	0.278930
43830	9.270931	-0.373928	2.929687	0.050518	-0.049077	0.012635	0.208975	0.188827	0.959518	-0.555431	0.830478	-0.042464	-0.804876	-0.524072	0.278429
43831	9.312754	-0.322673	2.902287	0.056745	-0.047953	0.015098	0.208439	0.188698	0.959659	-0.555927	0.830145	-0.042483	-0.804673	-0.524645	0.277937
43832	9.369229	-0.259816	2.823835	0.062451	-0.043854	0.020012	0.207909	0.188638	0.959786	-0.556507	0.829754	-0.042531	-0.804409	-0.525285	0.277491
43833	9.361582	-0.254372	2.714930	0.066489	-0.023015	0.016715	0.207566	0.188611	0.959866	-0.556974	0.829440	-0.042540	-0.804174	-0.525790	0.277215
43834	9.392950	-0.239875	2.644312	0.063882	-0.008274	0.010278	0.207376	0.188657	0.959898	-0.557545	0.829059	-0.042490	-0.803828	-0.526374	0.277111
43835	9.411980	-0.294840	2.555743	0.060443	0.007211	0.009436	0.207323	0.188787	0.959884	-0.558090	0.828694	-0.042444	-0.803463	-0.526902	0.277167
43836	9.408011	-0.407830	2.506779	0.068197	0.015864	0.007413	0.207343	0.188936	0.959850	-0.558689	0.828295	-0.042355	-0.803041	-0.527476	0.277297
43837	9.487821	-0.437347	2.478561	0.089904	0.024699	0.002481	0.207447	0.189124	0.959790	-0.559546	0.827726	-0.042163	-0.802418	-0.528300	0.277533
43838	9.478766	-0.429964	2.375149	0.106260	0.020050	-0.002349	0.207554	0.189215	0.959749	-0.560429	0.827143	-0.041874	-0.801773	-0.529180	0.277719
43839	9.520495	-0.385330	2.386529	0.129766	0.003103	-0.005743	0.207534	0.189233	0.959750	-0.561612	0.826360	-0.041491	-0.800951	-0.530396	0.277773
43840	9.539898	-0.398471	2.434898	0.119236	-0.012602	-0.001957	0.207377	0.189154	0.959800	-0.562598	0.825705	-0.041170	-0.800299	-0.531444	0.277650
43841	9.527423	-0.507254	2.474929	0.107232	-0.021502	0.001971	0.207123	0.189073	0.959871	-0.563527	0.825083	-0.040924	-0.799711	-0.532437	0.277441
43842	9.431771	-0.566762	2.478214	0.124140	-0.030048	0.009809	0.206761	0.188997	0.959964	-0.564575	0.824377	-0.040703	-0.799065	-0.533556	0.277152
43843	9.431078	-0.423720	2.622034	0.157753	-0.042139	0.006079	0.206292	0.188882	0.960087	-0.566056	0.823378	-0.040359	-0.798138	-0.535138	0.276775
43844	9.340883	-0.285692	2.749413	0.165092	-0.044312	0.007473	0.205830	0.188710	0.960220	-0.567425	0.822453	-0.040003	-0.797285	-0.536619	0.276364
43845	9.345813	-0.167595	2.794701	0.156774	-0.044237	0.007874	0.205341	0.188551	0.960356	-0.568777	0.821534	-0.039681	-0.796447	-0.538081	0.275938
43846	9.353943	-0.068021	2.906185	0.132494	-0.044107	0.010450	0.204863	0.188402	0.960487	-0.569889	0.820774	-0.039445	-0.795775	-0.539291	0.275515
43847	9.341340	-0.035252	2.893337	0.086180	-0.038701	0.005268	0.204496	0.188165	0.960612	-0.570376	0.820444	-0.039286	-0.795520	-0.539876	0.275102
43848	9.294723	-0.089792	2.841482	0.032960	-0.031949	0.003454	0.204155	0.188024	0.960712	-0.570681	0.820233	-0.039258	-0.795389	-0.540245	0.274756
43849	9.299284	-0.290012	2.819807	-0.006197	-0.038805	-0.000222	0.203739	0.187875	0.960830	-0.570866	0.820102	-0.039308	-0.795363	-0.540496	0.274338
43850	9.333799	-0.518956	2.789127	0.005577	-0.029433	0.002758	0.203423	0.187741	0.960923	-0.570951	0.820040	-0.039349	-0.795383	-0.540636	0.274006
43851	9.296725	-0.628109	2.740922	0.035918	-0.030166	0.002393	0.203143	0.187546	0.961020	-0.571082	0.819952	-0.039299	-0.795361	-0.540837	0.273671
43852	9.305666	-0.671886	2.905131	0.078679	-0.027549	0.010491	0.202797	0.187486	0.961105	-0.571764	0.819480	-0.039214	-0.794959	-0.541573	0.273386
43853	9.256104	-0.667175	2.924662	0.097840	-0.021418	0.011258	0.202424	0.187588	0.961164	-0.572996	0.818625	-0.039094	-0.794166	-0.542830	0.273196
43854	9.313256	-0.612812	2.880845	0.119087	-0.022350	0.013299	0.202103	0.187578	0.961233	-0.574004	0.817926	-0.038926	-0.793519	-0.543885	0.272976
43855	9.394600	-0.509747	2.830858	0.122174	-0.018938	0.012455	0.201784	0.187675	0.961281	-0.575309	0.817018	-0.038746	-0.792656	-0.545215	0.272832
43856	9.397275	-0.384574	2.844665	0.097040	-0.011051	0.020112	0.201514	0.187782	0.961317	-0.576154	0.816424	-0.038704	-0.792110	-0.546067	0.272712
43857	9.360094	-0.361194	2.780595	0.071526	-0.004576	0.015838	0.201321	0.187918	0.961331	-0.576851	0.815932	-0.038692	-0.791652	-0.546755	0.272665
43858	9.332797	-0.299897	2.761243	0.052649	-0.019264	0.005092	0.201072	0.187857	0.961395	-0.577314	0.815608	-0.038627	-0.791378	-0.547260	0.272448
43859	9.410217	-0.313208	2.662310	0.034924	-0.026442	0.000133	0.200764	0.187790	0.961472	-0.577847	0.815233	-0.038567	-0.791067	-0.547841	0.272183
43860	9.447957	-0.336193	2.526756	0.034133	-0.026750	0.002140	0.200473	0.187663	0.961558	-0.578158	0.815015	-0.038524	-0.790914	-0.548209	0.271887
43861	9.460718	-0.357313	2.500270	0.036751	-0.026058	0.007842	0.200184	0.187574	0.961635	-0.578423	0.814826	-0.038527	-0.790792	-0.548520	0.271612
43862	9.491298	-0.385649	2.488961	0.044865	-0.026776	0.010808	0.199843	0.187518	0.961717	-0.578836	0.814533	-0.038539	-0.790577	-0.548974	0.271321
43863	9.483850	-0.340623	2.516704	0.060135	-0.024412	0.014399	0.199483	0.187565	0.961783	-0.579549	0.814025	-0.038546	-0.790145	-0.549711	0.271087
43864	9.476300	-0.295403	2.544895	0.093634	-0.017906	0.020513	0.199156	0.187636	0.961837	-0.580365	0.813445	-0.038519	-0.789629	-0.550545	0.270900
43865	9.403022	-0.207265	2.552070	0.115967	-0.016381	0.017350	0.198799	0.187790	0.961880	-0.581678	0.812512	-0.038409	-0.788752	-0.551869	0.270760
43866	9.407713	-0.090906	2.597693	0.112574	-0.023168	0.017811	0.198446	0.187809	0.961950	-0.582637	0.811830	-0.038305	-0.788133	-0.552866	0.270528
43867	9.462470	-0.069785	2.580213	0.089605	-0.019858	0.011872	0.198159	0.187762	0.962018	-0.583294	0.811362	-0.038209	-0.787719	-0.553567	0.270300
43868	9.413811	-0.114205	2.694708	0.074054	-0.009016	0.010531	0.197960	0.187800	0.962051	-0.583933	0.810905	-0.038140	-0.787295	-0.554224	0.270190
43869	9.379706	-0.199530	2.656328	0.049346	0.002440	-0.003491	0.197989	0.187737	0.962058	-0.584146	0.810759	-0.037997	-0.787130	-0.554459	0.270188
43870	9.364020	-0.250976	2.572356	0.029116	-0.002641	-0.010322	0.197962	0.187641	0.962082	-0.584390	0.810590	-0.037848	-0.786956	-0.554739	0.270122
43871	9.428140	-0.283499	2.559846	0.016977	-0.011933	-0.002865	0.197815	0.187559	0.962128	-0.584564	0.810467	-0.037806	-0.786864	-0.554947	0.269962
43872	9.464901	-0.256774	2.527507	0.004671	-0.021756	0.007977	0.197530	0.187505	0.962197	-0.584652	0.810399	-0.037900	-0.786870	-0.555064	0.269703
43873	9.519561	-0.330093	2.468071	-0.026960	-0.033576	0.013766	0.197112	0.187405	0.962303	-0.584434	0.810544	-0.038139	-0.787136	-0.554885	0.269294
43874	9.475861	-0.405306	2.484064	-0.023501	-0.034830	0.010290	0.196711	0.187297	0.962406	-0.584305	0.810628	-0.038330	-0.787332	-0.554799	0.268898
43875	9.478319	-0.507044	2.472414	-0.016075	-0.044981	0.008672	0.196180	0.187214	0.962530	-0.584548	0.810446	-0.038493	-0.787285	-0.555093	0.268428
43876	9.501373	-0.491693	2.488948	-0.014670	-0.044929	0.008038	0.195712	0.187032	0.962661	-0.584484	0.810485	-0.038639	-0.787449	-0.555097	0.267939
43877	9.494528	-0.447418	2.514549	0.007018	-0.042053	0.007051	0.195296	0.186855	0.962780	-0.584550	0.810434	-0.038714	-0.787503	-0.555232	0.267500
43878	9.457721	-0.373888	2.549581	0.028368	-0.035620	0.005084	0.194919	0.186700	0.962886	-0.584819	0.810240	-0.038717	-0.787397	-0.555567	0.267117
43879	9.408501	-0.370275	2.567920	0.028489	-0.032837	0.008865	0.194442	0.186699	0.962983	-0.585495	0.809748	-0.038769	-0.787012	-0.556284	0.266761
43880	9.335219	-0.323107	2.634862	0.039673	-0.024376	0.006782	0.194144	0.186620	0.963058	-0.585857	0.809487	-0.038758	-0.786816	-0.556689	0.266490
43881	9.362029	-0.282672	2.659081	0.044228	-0.027770	0.005851	0.193795	0.186517	0.963148	-0.586289	0.809175	-0.038732	-0.786580	-0.557178	0.266167
43882	9.302594	-0.265123	2.735570	0.032051	-0.026689	0.001427	0.193510	0.186381	0.963232	-0.586580	0.808967	-0.038690	-0.786434	-0.557526	0.265871
43883	9.331419	-0.233413	2.792753	0.000393	-0.032746	0.003113	0.193177	0.186233	0.963328	-0.586630	0.808928	-0.038747	-0.786478	-0.557632	0.265516
43884	9.368037	-0.299058	2.717969	-0.027751	-0.025763	-0.003226	0.192926	0.186066	0.963410	-0.586441	0.809061	-0.038819	-0.786680	-0.557494	0.265206
43885	9.374323	-0.376613	2.713403	-0.036174	-0.027236	-0.002986	0.192648	0.185913	0.963495	-0.586262	0.809186	-0.038917	-0.786882	-0.557363	0.264882
43886	9.410839	-0.442588	2.638618	-0.035552	-0.027478	-0.001613	0.192375	0.185749	0.963581	-0.586015	0.809360	-0.039025	-0.787133	-0.557166	0.264552
43887	9.437609	-0.455247	2.560125	-0.034323	-0.026830	0.004715	0.192031	0.185662	0.963667	-0.585893	0.809440	-0.039197	-0.787308	-0.557079	0.264215
43888	9.438235	-0.456638	2.557570	-0.021858	-0.024597	0.009526	0.191714	0.185604	0.963741	-0.585775	0.809516	-0.039376	-0.787472	-0.556987	0.263918
43889	9.430384	-0.504701	2.544371	-0.017114	-0.010896	0.007831	0.191564	0.185531	0.963785	-0.585417	0.809768	-0.039524	-0.787775	-0.556645	0.263736
43890	9.416720	-0.527269	2.431163	-0.013308	-0.020340	0.013063	0.191260	0.185526	0.963846	-0.585373	0.809791	-0.039715	-0.787882	-0.556614	0.263483
43891	9.483063	-0.519457	2.552799	0.009005	-0.017704	0.013406	0.190947	0.185566	0.963901	-0.585615	0.809609	-0.039854	-0.787778	-0.556865	0.263263
43892	9.465946	-0.421390	2.577773	0.020350	-0.008700	0.007925	0.190765	0.185584	0.963933	-0.585826	0.809454	-0.039906	-0.787665	-0.557085	0.263135
43893	9.438519	-0.360802	2.558436	0.039864	-0.007310	0.005960	0.190640	0.185550	0.963964	-0.586026	0.809310	-0.039885	-0.787547	-0.557304	0.263024
43894	9.441173	-0.276805	2.632473	0.040020	-0.006780	0.002577	0.190504	0.185535	0.963994	-0.586382	0.809055	-0.039834	-0.787315	-0.557680	0.262923
43895	9.415626	-0.224078	2.646761	0.038901	-0.003517	0.003611	0.190445	0.185441	0.964024	-0.586366	0.809068	-0.039795	-0.787341	-0.557692	0.262819
43896	9.349713	-0.221444	2.686447	0.025794	-0.004385	0.001016	0.190338	0.185426	0.964048	-0.586607	0.808895	-0.039766	-0.787187	-0.557948	0.262736
43897	9.381377	-0.309668	2.608018	0.013502	-0.010712	0.000574	0.190112	0.185469	0.964084	-0.587099	0.808537	-0.039773	-0.786875	-0.558452	0.262601
43898	9.389349	-0.354309	2.577467	0.013180	-0.008281	-0.003985	0.190003	0.185393	0.964120	-0.587231	0.808444	-0.039729	-0.786803	-0.558613	0.262475
43899	9.403508	-0.383947	2.585648	0.002630	-0.018113	-0.004084	0.189771	0.185317	0.964181	-0.587489	0.808257	-0.039718	-0.786666	-0.558908	0.262255
43900	9.411814	-0.428893	2.553813	0.005030	-0.027614	0.001793	0.189476	0.185179	0.964265	-0.587568	0.808198	-0.039752	-0.786678	-0.559039	0.261940
43901	9.452390	-0.459669	2.647996	0.008645	-0.031835	0.006251	0.189123	0.185072	0.964355	-0.587730	0.808077	-0.039819	-0.786642	-0.559250	0.261599
43902	9.450896	-0.492083	2.673157	0.001714	-0.023568	0.009058	0.188817	0.185016	0.964426	-0.587797	0.808023	-0.039931	-0.786666	-0.559346	0.261320
43903	9.397421	-0.472245	2.626380	-0.001179	-0.011037	0.005586	0.188627	0.185004	0.964465	-0.587844	0.807984	-0.040019	-0.786676	-0.559407	0.261161
43904	9.356276	-0.382230	2.597121	-0.015693	-0.011957	0.003639	0.188445	0.184969	0.964508	-0.587764	0.808037	-0.040125	-0.786780	-0.559341	0.260988
43905	9.423052	-0.333198	2.657804	-0.027675	-0.017221	-0.003561	0.188294	0.184695	0.964589	-0.587116	0.808504	-0.040200	-0.787299	-0.558756	0.260674
43906	9.355076	-0.374936	2.560713	-0.056126	-0.012417	-0.006661	0.188168	0.184574	0.964637	-0.586697	0.808802	-0.040312	-0.787641	-0.558365	0.260480
43907	9.305485	-0.412442	2.641489	-0.055400	-0.027569	-0.007707	0.187913	0.184383	0.964724	-0.586362	0.809040	-0.040414	-0.787952	-0.558083	0.260145
43908	9.460208	-0.441087	2.639768	-0.065956	-0.037419	-0.007803	0.187597	0.184113	0.964837	-0.585864	0.809395	-0.040540	-0.788398	-0.557658	0.259705
43909	9.496668	-0.507365	2.563586	-0.058615	-0.038454	-0.002862	0.187232	0.183909	0.964946	-0.585528	0.809630	-0.040695	-0.788734	-0.557383	0.259273
43910	9.449885	-0.473080	2.553744	-0.032057	-0.040288	0.003266	0.186828	0.183713	0.965062	-0.585317	0.809776	-0.040839	-0.788986	-0.557237	0.258819
43911	9.427208	-0.431008	2.598401	-0.019923	-0.033366	0.010662	0.186410	0.183643	0.965156	-0.585319	0.809764	-0.041027	-0.789084	-0.557276	0.258438
43912	9.396094	-0.394620	2.571418	0.008753	-0.024431	0.002232	0.186137	0.183527	0.965231	-0.585428	0.809684	-0.041056	-0.789067	-0.557431	0.258154
43913	9.380656	-0.396001	2.587999	0.013846	-0.015405	-0.002076	0.185888	0.183555	0.965274	-0.586017	0.809259	-0.041035	-0.788688	-0.558039	0.257998
43914	9.381091	-0.354686	2.525679	0.016325	-0.012851	-0.007913	0.185766	0.183421	0.965323	-0.586167	0.809155	-0.040946	-0.788605	-0.558234	0.257829
43915	9.421776	-0.303757	2.498726	0.001700	-0.021209	-0.005883	0.185544	0.183309	0.965387	-0.586377	0.809004	-0.040916	-0.788502	-0.558489	0.257594
43916	9.396851	-0.251697	2.511037	-0.024303	-0.032822	-0.002504	0.185232	0.183108	0.965485	-0.586217	0.809117	-0.040984	-0.788694	-0.558392	0.257216
43917	9.445623	-0.328657	2.574127	-0.066089	-0.043769	-0.000205	0.184767	0.182909	0.965611	-0.585918	0.809323	-0.041191	-0.789026	-0.558158	0.256706
43918	9.484191	-0.404489	2.530202	-0.106814	-0.051112	0.000488	0.184293	0.182630	0.965755	-0.585112	0.809890	-0.041499	-0.789734	-0.557426	0.256116
43919	9.480398	-0.481303	2.416893	-0.108898	-0.046315	-0.007974	0.183885	0.182312	0.965893	-0.584303	0.810462	-0.041736	-0.790428	-0.556699	0.255557
43920	9.455085	-0.522481	2.385839	-0.075204	-0.040416	-0.009050	0.183551	0.182016	0.966012	-0.583728	0.810869	-0.041870	-0.790930	-0.556203	0.255084
43921	9.420191	-0.549904	2.412507	-0.052208	-0.046025	-0.010430	0.183200	0.181656	0.966146	-0.583239	0.811217	-0.041932	-0.791372	-0.555813	0.254564
43922	9.454142	-0.496044	2.473433	-0.043740	-0.049210	-0.002972	0.182761	0.181360	0.966285	-0.582924	0.811438	-0.042045	-0.791706	-0.555587	0.254019
43923	9.443609	-0.434559	2.431504	-0.047428	-0.059329	-0.002902	0.182288	0.180952	0.966451	-0.582351	0.811843	-0.042163	-0.792236	-0.555128	0.253367
43924	9.505278	-0.360297	2.387533	-0.063029	-0.063923	-0.003195	0.181733	0.180574	0.966626	-0.581882	0.812171	-0.042322	-0.792708	-0.554771	0.252671
43925	9.452637	-0.340822	2.336334	-0.066572	-0.071273	0.000663	0.181057	0.180199	0.966823	-0.581469	0.812456	-0.042535	-0.793165	-0.554477	0.251881
43926	9.510909	-0.372041	2.406917	-0.048561	-0.077366	0.003188	0.180358	0.179798	0.967028	-0.581126	0.812692	-0.042718	-0.793576	-0.554261	0.251061
43927	9.469358	-0.355272	2.461231	-0.020808	-0.068092	0.003672	0.179702	0.179479	0.967210	-0.581114	0.812694	-0.042839	-0.793734	-0.554361	0.250341
43928	9.419263	-0.384499	2.504827	-0.012921	-0.058912	-0.001914	0.179178	0.179140	0.967370	-0.581044	0.812741	-0.042883	-0.793903	-0.554401	0.249714
43929	9.377953	-0.407394	2.621490	0.007858	-0.057962	-0.001253	0.178612	0.178846	0.967529	-0.581297	0.812560	-0.042889	-0.793846	-0.554761	0.249096
43930	9.325031	-0.385834	2.571945	0.012496	-0.053899	-0.006165	0.178153	0.178499	0.967677	-0.581422	0.812474	-0.042829	-0.793858	-0.554999	0.248528
43931	9.359982	-0.348970	2.502023	-0.002503	-0.062088	-0.015818	0.177759	0.177917	0.967857	-0.580982	0.812795	-0.042708	-0.794268	-0.554716	0.247848
43932	9.398454	-0.402718	2.586414	-0.043788	-0.061805	-0.020280	0.177319	0.177412	0.968031	-0.580635	0.813046	-0.042650	-0.794620	-0.554509	0.247180
43933	9.436690	-0.434907	2.479282	-0.076387	-0.069962	-0.016552	0.176771	0.176853	0.968233	-0.579944	0.813536	-0.042717	-0.795247	-0.553970	0.246374
43934	9.468246	-0.482249	2.332404	-0.092960	-0.069655	-0.015537	0.176239	0.176344	0.968423	-0.579213	0.814051	-0.042825	-0.795897	-0.553376	0.245608
43935	9.479770	-0.536691	2.328002	-0.097620	-0.074884	-0.014206	0.175668	0.175785	0.968628	-0.578338	0.814666	-0.042959	-0.796660	-0.552648	0.244774
43936	9.483074	-0.638229	2.310750	-0.111285	-0.087185	-0.009807	0.174962	0.175226	0.968857	-0.577469	0.815270	-0.043166	-0.797444	-0.551933	0.243829
43937	9.555269	-0.676800	2.196753	-0.095795	-0.091196	-0.009238	0.174202	0.174685	0.969092	-0.576848	0.815701	-0.043342	-0.798060	-0.551469	0.242863
43938	9.510802	-0.742816	2.173317	-0.087948	-0.095289	-0.006791	0.173413	0.174107	0.969337	-0.576170	0.816170	-0.043520	-0.798721	-0.550956	0.241850
43939	9.525650	-0.673878	2.181342	-0.055395	-0.101511	-0.006134	0.172659	0.173400	0.969598	-0.575329	0.816759	-0.043617	-0.799491	-0.550307	0.240783
43940	9.540572	-0.604314	2.189367	-0.016765	-0.101339	-0.003887	0.171803	0.172814	0.969855	-0.575224	0.816831	-0.043650	-0.799751	-0.550384	0.239741
43941	9.623352	-0.544533	2.189190	0.019899	-0.106799	0.001748	0.170830	0.172233	0.970130	-0.575441	0.816677	-0.043660	-0.799803	-0.550794	0.238623
43942	9.578959	-0.417293	2.217661	0.047818	-0.095783	0.002308	0.169983	0.171727	0.970369	-0.575863	0.816383	-0.043600	-0.799680	-0.551389	0.237662
43943	9.501882	-0.325712	2.311054	0.055496	-0.102647	0.000934	0.169060	0.171157	0.970631	-0.576335	0.816054	-0.043516	-0.799535	-0.552052	0.236606
43944	9.520909	-0.304550	2.413389	0.056957	-0.095123	-0.003632	0.168253	0.170605	0.970868	-0.576820	0.815718	-0.043377	-0.799356	-0.552718	0.235655
43945	9.497647	-0.250932	2.421301	0.051640	-0.078769	-0.008634	0.167627	0.170114	0.971063	-0.577261	0.815416	-0.043199	-0.799169	-0.553315	0.234886
43946	9.433234	-0.206155	2.395208	0.043090	-0.075596	-0.015999	0.167048	0.169568	0.971258	-0.577614	0.815178	-0.042974	-0.799035	-0.553834	0.234118
43947	9.478781	-0.203316	2.456609	0.030674	-0.068164	-0.017393	0.166536	0.169056	0.971435	-0.577877	0.815003	-0.042765	-0.798952	-0.554248	0.233420
43948	9.436580	-0.201667	2.382378	0.005635	-0.062439	-0.016461	0.166064	0.168578	0.971599	-0.577930	0.814973	-0.042623	-0.799012	-0.554438	0.232764
43949	9.467609	-0.214393	2.208126	-0.021689	-0.074861	-0.019147	0.165481	0.168006	0.971797	-0.577784	0.815081	-0.042526	-0.799238	-0.554452	0.231951
43950	9.569584	-0.393274	2.233577	-0.045929	-0.075767	-0.019679	0.164921	0.167428	0.971992	-0.577420	0.815342	-0.042472	-0.799617	-0.554243	0.231143
43951	9.592235	-0.526805	2.134326	-0.057915	-0.077752	-0.015979	0.164280	0.166887	0.972194	-0.577080	0.815582	-0.042489	-0.799994	-0.554053	0.230291
43952	9.595376	-0.626067	2.117490	-0.032868	-0.077115	-0.024455	0.163737	0.166263	0.972392	-0.576812	0.815778	-0.042358	-0.800299	-0.553953	0.229475
43953	9.553468	-0.697800	2.130122	-0.014362	-0.071789	-0.029023	0.163213	0.165690	0.972578	-0.576940	0.815698	-0.042145	-0.800313	-0.554241	0.228726
43954	9.520189	-0.721805	2.154713	0.015569	-0.078118	-0.037602	0.162738	0.164953	0.972783	-0.577039	0.815647	-0.041775	-0.800339	-0.554536	0.227921
43955	9.508903	-0.701194	2.296847	0.056862	-0.073060	-0.044626	0.162424	0.164028	0.972992	-0.576822	0.815828	-0.041243	-0.800559	-0.554544	0.227125
43956	9.408377	-0.653051	2.401491	0.094701	-0.059843	-0.048652	0.162159	0.163301	0.973158	-0.577536	0.815356	-0.040586	-0.800098	-0.555453	0.226529
43957	9.421648	-0.654553	2.626769	0.126296	-0.053045	-0.043900	0.162031	0.162499	0.973314	-0.577852	0.815166	-0.039899	-0.799896	-0.555966	0.225982
43958	9.488158	-0.634682	2.836244	0.164450	-0.027327	-0.040921	0.161981	0.162015	0.973403	-0.579135	0.814290	-0.039160	-0.798977	-0.557389	0.225729
43959	9.543478	-0.618789	2.976429	0.201330	0.006340	-0.044620	0.162239	0.161696	0.973413	-0.580693	0.813221	-0.038301	-0.797793	-0.559040	0.225832
43960	9.521078	-0.505834	3.098253	0.215164	0.038036	-0.042704	0.162723	0.161564	0.973354	-0.582374	0.812059	-0.037431	-0.796468	-0.560765	0.226231
43961	9.393732	-0.441386	3.291132	0.197192	0.068156	-0.046305	0.163424	0.161570	0.973236	-0.583943	0.810970	-0.036577	-0.795175	-0.562336	0.226880
43962	9.274399	-0.358854	3.400628	0.138018	0.094433	-0.039295	0.164337	0.161784	0.973046	-0.585010	0.810230	-0.035912	-0.794202	-0.563340	0.227796
43963	9.201911	-0.373652	3.447612	0.081285	0.124457	-0.034624	0.165428	0.162182	0.972795	-0.585583	0.809837	-0.035434	-0.793553	-0.563791	0.228941
43964	9.142750	-0.420170	3.505548	0.030961	0.146346	-0.044630	0.166782	0.162648	0.972486	-0.585790	0.809709	-0.034960	-0.793116	-0.563842	0.230323
43965	9.162843	-0.394125	3.414811	-0.031679	0.149685	-0.075651	0.168326	0.162904	0.972177	-0.585533	0.809921	-0.034334	-0.792980	-0.563462	0.231716
43966	9.334901	-0.281357	3.172320	-0.081806	0.157034	-0.091539	0.170039	0.163048	0.971855	-0.584764	0.810504	-0.033666	-0.793182	-0.562582	0.233162
43967	9.363118	-0.135647	3.005281	-0.121483	0.159353	-0.099570	0.171757	0.163179	0.971531	-0.583858	0.811183	-0.033027	-0.793479	-0.561564	0.234600
43968	9.504360	0.033023	2.870787	-0.172496	0.153104	-0.095048	0.173459	0.163268	0.971213	-0.582361	0.812279	-0.032540	-0.794209	-0.559952	0.235978
43969	9.548341	0.087270	2.644168	-0.232416	0.154597	-0.095337	0.175137	0.163351	0.970898	-0.580389	0.813702	-0.032209	-0.795284	-0.557857	0.237316
43970	9.452219	0.031929	2.543896	-0.293455	0.150053	-0.101222	0.176850	0.163363	0.970586	-0.577910	0.815474	-0.031955	-0.796708	-0.555260	0.238626
43971	9.424893	-0.197463	2.479674	-0.334248	0.130629	-0.114028	0.178417	0.163190	0.970328	-0.575245	0.817367	-0.031693	-0.798286	-0.552522	0.239706
43972	9.548828	-0.383676	2.448135	-0.344591	0.129980	-0.121168	0.180083	0.162917	0.970066	-0.572311	0.819436	-0.031376	-0.800019	-0.549529	0.240806
43973	9.665060	-0.524140	2.447680	-0.301746	0.156127	-0.121752	0.181869	0.162846	0.969745	-0.570025	0.821043	-0.030971	-0.801246	-0.547146	0.242148
43974	9.785600	-0.590563	2.559602	-0.209334	0.192697	-0.108121	0.183961	0.163013	0.969322	-0.568186	0.822336	-0.030462	-0.802074	-0.545151	0.243900
43975	9.865670	-0.567546	2.847731	-0.084596	0.240134	-0.080514	0.186290	0.163674	0.968766	-0.567399	0.822899	-0.029921	-0.802094	-0.544103	0.246166
43976	9.826051	-0.500683	3.145097	0.021376	0.303383	-0.053253	0.188957	0.164890	0.968043	-0.567507	0.822844	-0.029383	-0.801393	-0.543819	0.249058
43977	9.701360	-0.436360	3.506425	0.097979	0.339138	-0.021806	0.191701	0.166586	0.967212	-0.568387	0.822251	-0.028965	-0.800117	-0.544199	0.252312
43978	9.787335	-0.575799	3.836723	0.160343	0.387205	0.008189	0.194682	0.168765	0.966239	-0.569722	0.821338	-0.028667	-0.798446	-0.544906	0.256049
43979	9.949755	-0.759810	3.815734	0.262551	0.447848	0.028652	0.198055	0.171447	0.965081	-0.571849	0.819871	-0.028295	-0.796092	-0.546276	0.260421
43980	10.269107	-0.776516	3.964146	0.429923	0.502913	0.021729	0.201857	0.174382	0.963766	-0.575345	0.817452	-0.027404	-0.792611	-0.548966	0.265338
43981	10.283661	-0.522835	3.887504	0.636931	0.597268	-0.006820	0.206594	0.177617	0.962170	-0.580320	0.813984	-0.025658	-0.787749	-0.553066	0.271239
43982	10.000425	0.016497	3.812899	0.823072	0.683531	-0.053843	0.212204	0.180982	0.960320	-0.586702	0.809479	-0.022909	-0.781505	-0.558561	0.277957
43983	9.702879	0.585829	3.755852	0.904046	0.716952	-0.113676	0.218430	0.184040	0.958341	-0.593322	0.804734	-0.019308	-0.774763	-0.564387	0.284973
43984	9.584446	0.997092	3.837500	0.889779	0.714193	-0.169959	0.224886	0.186729	0.956326	-0.599845	0.799973	-0.015143	-0.767862	-0.570242	0.291911
43985	9.571846	1.283176	3.967592	0.805451	0.711129	-0.225648	0.231501	0.189134	0.954272	-0.605951	0.795430	-0.010652	-0.761072	-0.575777	0.298749
43986	9.665768	1.319124	4.142342	0.691259	0.690398	-0.269272	0.238306	0.190987	0.952226	-0.610597	0.791919	-0.006025	-0.755236	-0.579990	0.305336
43987	9.788676	1.159725	4.398826	0.605242	0.665703	-0.299016	0.245013	0.192676	0.950181	-0.614942	0.788571	-0.001337	-0.749543	-0.583979	0.311695
43988	9.892982	1.002915	4.675990	0.558803	0.656179	-0.335481	0.251917	0.193877	0.948129	-0.618320	0.785918	0.003579	-0.744458	-0.587150	0.317865
43989	9.920588	0.973408	4.894486	0.504708	0.678975	-0.376347	0.259195	0.195011	0.945933	-0.621363	0.783474	0.008740	-0.739409	-0.590033	0.324245
43990	9.907816	0.954087	4.978192	0.423468	0.716622	-0.427497	0.267072	0.195900	0.943555	-0.623398	0.781777	0.014140	-0.734880	-0.591986	0.330915
43991	9.838391	0.926872	5.012971	0.314130	0.773451	-0.471624	0.275522	0.196934	0.940906	-0.624826	0.780518	0.019601	-0.730534	-0.593303	0.338099
43992	9.742192	0.997736	4.932151	0.180427	0.830258	-0.502882	0.284649	0.197933	0.937975	-0.624771	0.780410	0.024917	-0.727074	-0.593112	0.345806
43993	9.815331	0.856214	4.804292	0.029841	0.873751	-0.522763	0.294107	0.199212	0.934781	-0.623948	0.780894	0.029894	-0.724009	-0.592047	0.353964
43994	9.687467	0.542431	4.486672	-0.068703	0.921845	-0.520665	0.303949	0.200588	0.931332	-0.621934	0.782310	0.034481	-0.721674	-0.589708	0.362535
43995	9.497118	0.160355	4.014978	-0.097987	0.950153	-0.497572	0.313704	0.202517	0.927673	-0.620271	0.783431	0.038724	-0.718926	-0.587556	0.371381
43996	9.392946	0.000533	3.499854	-0.112161	0.944988	-0.456346	0.323247	0.204478	0.923959	-0.618052	0.784987	0.042503	-0.716605	-0.584794	0.380123
43997	9.257118	-0.026179	3.058400	-0.130636	0.925152	-0.400448	0.332188	0.206908	0.920239	-0.616239	0.786234	0.045672	-0.714074	-0.582259	0.388682
43998	9.109462	-0.098188	2.320455	-0.151066	0.884717	-0.349569	0.340582	0.209295	0.916624	-0.614026	0.787808	0.048266	-0.712022	-0.579270	0.396826
43999	8.724789	0.019123	1.682587	-0.130307	0.830840	-0.276523	0.348026	0.212103	0.913176	-0.612585	0.788806	0.050251	-0.709660	-0.576886	0.404456
44000	8.296021	0.226139	1.434481	-0.122021	0.717178	-0.207159	0.354312	0.214596	0.910171	-0.611034	0.789920	0.051620	-0.707884	-0.574435	0.411004
44001	8.170465	0.402058	1.334616	-0.179201	0.594486	-0.160571	0.359377	0.216851	0.907647	-0.609473	0.791079	0.052317	-0.706676	-0.571988	0.416460
44002	7.988684	0.322827	0.884560	-0.338780	0.469542	-0.131078	0.363429	0.218490	0.905638	-0.606647	0.793265	0.052065	-0.707035	-0.568325	0.420842
44003	7.822856	0.264568	0.321126	-0.462434	0.326385	-0.125375	0.366299	0.219740	0.904179	-0.603734	0.795537	0.051247	-0.708047	-0.564656	0.424069
44004	8.137323	0.331267	0.352865	-0.466745	0.219882	-0.140998	0.368642	0.219855	0.903198	-0.599949	0.798442	0.050516	-0.710045	-0.560495	0.426241
44005	8.530540	0.213414	0.526841	-0.474797	0.200737	-0.150159	0.370812	0.219867	0.902306	-0.596287	0.801224	0.049814	-0.711998	-0.556505	0.428207
44006	8.548382	-0.106678	0.668928	-0.501033	0.198656	-0.141035	0.373003	0.219839	0.901410	-0.592232	0.804281	0.048915	-0.714234	-0.552089	0.430195
44007	8.438102	-0.294652	0.788448	-0.486731	0.179477	-0.106093	0.374786	0.219978	0.900636	-0.588456	0.807119	0.047741	-0.716418	-0.547877	0.431944
44008	8.273583	-0.511465	0.910368	-0.442057	0.159478	-0.059267	0.376214	0.220373	0.899944	-0.585106	0.809632	0.046341	-0.718411	-0.543996	0.433536
44009	8.251540	-0.573613	1.278986	-0.415058	0.149795	-0.006493	0.377121	0.221429	0.899304	-0.582753	0.811425	0.044585	-0.719846	-0.540886	0.435045
