// General information: 
//  MT Manager version: 2022.2.0 
//  XDA version: 2022.2.0 build 7381 rev 124627 built on 2023-07-19
// Device information: 
//  DeviceId: 00B4CAF0
//  ProductCode: MTW2-3A7G6
//  Firmware Version: 4.6.0
//  Hardware Version: 2.0.0
// Device settings: 
//  Filter Profile: human(46.1)
//  Option Flags: Orientation Smoother Disabled, Position/Velocity Smoother Disabled, Continuous Zero Rotation Update Disabled, AHS Disabled, ICC Disabled
// Coordinate system: ENU
PacketCounter	Acc_X	Acc_Y	Acc_Z	Gyr_X	Gyr_Y	Gyr_Z	Mat[1][1]	Mat[2][1]	Mat[3][1]	Mat[1][2]	Mat[2][2]	Mat[3][2]	Mat[1][3]	Mat[2][3]	Mat[3][3]
03057	4.466591	2.113852	8.956802	-0.000395	0.007450	0.003464	-0.821854	-0.356093	0.444695	0.478982	-0.854511	0.200965	0.308435	0.378165	0.872845
03058	4.472895	2.073750	9.001119	-0.001706	0.006331	0.000193	-0.821858	-0.356115	0.444671	0.478986	-0.854515	0.200941	0.308420	0.378136	0.872863
03059	4.476739	2.093140	8.950575	0.002953	0.007310	0.002778	-0.821895	-0.356106	0.444609	0.478954	-0.854529	0.200955	0.308370	0.378112	0.872891
03060	4.444812	2.100856	8.962739	-0.000850	0.004100	0.001857	-0.821883	-0.356134	0.444608	0.478974	-0.854523	0.200932	0.308369	0.378098	0.872898
03061	4.488144	2.109119	8.923090	0.000911	0.006699	0.003214	-0.821906	-0.356157	0.444548	0.478968	-0.854529	0.200924	0.308318	0.378064	0.872930
03062	4.484270	2.126234	8.953055	-0.000850	0.004100	0.001857	-0.821895	-0.356185	0.444546	0.478988	-0.854523	0.200900	0.308317	0.378051	0.872937
03063	4.475105	2.092634	8.951511	-0.001581	0.004609	0.005565	-0.821885	-0.356244	0.444517	0.479020	-0.854516	0.200853	0.308294	0.378010	0.872962
03064	4.466816	2.095659	8.928912	-0.001706	0.006331	0.000194	-0.821888	-0.356267	0.444493	0.479024	-0.854520	0.200829	0.308279	0.377982	0.872980
03065	4.462036	2.076010	8.979972	-0.001013	0.002498	0.005500	-0.821866	-0.356332	0.444482	0.479071	-0.854504	0.200785	0.308266	0.377957	0.872995
03066	4.494284	2.104657	8.947106	-0.000850	0.004100	0.001858	-0.821854	-0.356360	0.444481	0.479091	-0.854498	0.200761	0.308264	0.377943	0.873002
03067	4.453551	2.078928	8.957494	0.001198	0.006578	0.004944	-0.821871	-0.356386	0.444430	0.479091	-0.854501	0.200748	0.308222	0.377911	0.873030
03068	4.493307	2.104303	8.947679	-0.001700	0.008200	0.003716	-0.821863	-0.356445	0.444396	0.479123	-0.854492	0.200709	0.308191	0.377876	0.873057
03069	4.469129	2.108442	8.982826	-0.001131	0.006089	0.003651	-0.821865	-0.356508	0.444342	0.479153	-0.854483	0.200676	0.308141	0.377836	0.873092
03070	4.472120	2.090877	8.953413	-0.003461	0.005600	0.002358	-0.821856	-0.356546	0.444328	0.479169	-0.854486	0.200627	0.308139	0.377795	0.873110
03071	4.491763	2.103367	8.948675	-0.000394	0.007449	0.003466	-0.821857	-0.356622	0.444266	0.479210	-0.854469	0.200598	0.308074	0.377760	0.873148
03072	4.463139	2.093804	8.931186	0.000337	0.006940	-0.000241	-0.821864	-0.356643	0.444235	0.479216	-0.854467	0.200594	0.308044	0.377746	0.873165
03073	4.478348	2.087045	8.977225	-0.001869	0.004729	0.003837	-0.821855	-0.356710	0.444199	0.479254	-0.854456	0.200551	0.308010	0.377708	0.873193
03074	4.490389	2.102766	8.949505	-0.002606	0.003369	0.004022	-0.821831	-0.356753	0.444208	0.479286	-0.854449	0.200502	0.308023	0.377682	0.873200
03075	4.469933	2.089508	8.954824	-0.002887	0.005359	0.005816	-0.821838	-0.356793	0.444164	0.479289	-0.854460	0.200451	0.308001	0.377621	0.873234
03076	4.461631	2.092477	8.932251	-0.001705	0.006331	0.000195	-0.821842	-0.356815	0.444139	0.479293	-0.854463	0.200427	0.307985	0.377592	0.873252
03077	4.468902	2.088917	8.955476	-0.002723	0.006960	0.002174	-0.821851	-0.356871	0.444077	0.479308	-0.854464	0.200386	0.307936	0.377537	0.873293
03078	4.496326	2.098132	8.973654	-0.000394	0.007448	0.003468	-0.821842	-0.356925	0.444049	0.479343	-0.854451	0.200359	0.307905	0.377515	0.873314
03079	4.467753	2.088360	8.956180	-0.002437	0.006839	0.003903	-0.821846	-0.356981	0.443998	0.479362	-0.854451	0.200313	0.307866	0.377462	0.873350
03080	4.459324	2.091315	8.933674	-0.001700	0.008199	0.003718	-0.821838	-0.357041	0.443964	0.479394	-0.854442	0.200273	0.307835	0.377426	0.873377
03081	4.486724	2.100388	8.951902	-0.005052	0.006472	0.000880	-0.821861	-0.357063	0.443904	0.479372	-0.854467	0.200221	0.307810	0.377349	0.873419
03082	4.473923	2.083782	8.980189	-0.002888	0.005358	0.005817	-0.821835	-0.357130	0.443899	0.479419	-0.854455	0.200162	0.307808	0.377313	0.873435
03083	4.457746	2.089865	8.934802	-0.006644	0.007343	-0.000598	-0.821881	-0.357107	0.443830	0.479345	-0.854509	0.200106	0.307798	0.377212	0.873483
03084	4.453737	2.106565	8.964916	-0.003174	0.005479	0.004089	-0.821864	-0.357159	0.443821	0.479376	-0.854504	0.200053	0.307796	0.377173	0.873500
03085	4.468090	2.068467	8.928641	-0.002441	0.004971	0.000381	-0.821862	-0.357212	0.443783	0.479400	-0.854499	0.200015	0.307764	0.377134	0.873528
03086	4.476482	2.101471	8.930749	-0.002437	0.006838	0.003904	-0.821849	-0.357268	0.443761	0.479432	-0.854493	0.199969	0.307748	0.377097	0.873549
03087	4.460165	2.102178	8.988748	-0.003461	0.005600	0.002360	-0.821859	-0.357313	0.443707	0.479439	-0.854499	0.199923	0.307712	0.377039	0.873587
03088	4.463125	2.084586	8.959366	-0.002723	0.006959	0.002176	-0.821855	-0.357354	0.443681	0.479456	-0.854500	0.199882	0.307696	0.376999	0.873610
03089	4.454717	2.087639	8.936832	-0.000394	0.007447	0.003471	-0.821879	-0.357361	0.443630	0.479432	-0.854518	0.199860	0.307668	0.376952	0.873641
03090	4.466624	2.103495	8.909187	-0.003179	0.003611	0.000566	-0.821873	-0.357376	0.443630	0.479435	-0.854525	0.199822	0.307681	0.376920	0.873650
03091	4.469279	2.080460	8.983271	-0.002839	0.010550	0.000329	-0.821899	-0.357445	0.443526	0.479448	-0.854525	0.199789	0.307590	0.376854	0.873710
03092	4.460749	2.083424	8.960820	-0.002152	0.006716	0.005634	-0.821878	-0.357516	0.443509	0.479495	-0.854511	0.199738	0.307574	0.376820	0.873730
03093	4.491668	2.075219	8.949333	-0.004028	0.007710	0.002427	-0.821911	-0.357536	0.443430	0.479466	-0.854538	0.199695	0.307529	0.376741	0.873780
03094	4.479728	2.095282	8.956601	-0.004028	0.007709	0.002427	-0.821909	-0.357582	0.443397	0.479480	-0.854542	0.199641	0.307513	0.376687	0.873809
03095	4.458749	2.082039	8.962137	-0.003858	0.011179	0.002309	-0.821898	-0.357720	0.443305	0.479561	-0.854511	0.199578	0.307416	0.376625	0.873870
03096	4.497221	2.070697	8.973634	-0.000965	0.007690	0.000015	-0.821907	-0.357746	0.443268	0.479565	-0.854513	0.199562	0.307386	0.376597	0.873893
03097	4.465274	2.078105	8.985808	-0.003628	0.003997	0.006003	-0.821886	-0.357816	0.443251	0.479606	-0.854506	0.199494	0.307378	0.376547	0.873917
03098	4.477183	2.093783	8.958224	-0.001985	0.008318	0.001994	-0.821887	-0.357861	0.443212	0.479623	-0.854504	0.199460	0.307348	0.376508	0.873945
03099	4.484212	2.090136	8.981578	-0.002268	0.010307	0.003790	-0.821872	-0.358015	0.443116	0.479723	-0.854460	0.199409	0.307234	0.376462	0.874005
03100	4.423985	2.088088	8.976018	-0.001700	0.008197	0.003724	-0.821864	-0.358074	0.443082	0.479755	-0.854451	0.199370	0.307203	0.376426	0.874031
03101	4.454917	2.080135	8.964484	-0.000112	0.005458	0.001678	-0.821877	-0.358099	0.443038	0.479757	-0.854453	0.199356	0.307166	0.376397	0.874056
03102	4.474501	2.092765	8.959801	-0.002270	0.008440	0.000266	-0.821887	-0.358130	0.442995	0.479759	-0.854459	0.199327	0.307136	0.376356	0.874085
03103	4.473884	2.092435	8.960187	-0.002153	0.006715	0.005637	-0.821929	-0.358097	0.442943	0.479691	-0.854505	0.199294	0.307131	0.376281	0.874119
03104	4.464465	2.058728	8.958723	-0.002723	0.006959	0.002179	-0.821926	-0.358139	0.442917	0.479707	-0.854505	0.199252	0.307114	0.376241	0.874142
03105	4.452765	2.079051	8.965805	0.000740	0.003226	0.003342	-0.821921	-0.358174	0.442895	0.479730	-0.854496	0.199238	0.307091	0.376228	0.874155
03106	4.480214	2.088270	8.984007	-0.002267	0.010306	0.003791	-0.821920	-0.358242	0.442843	0.479761	-0.854489	0.199193	0.307045	0.376180	0.874192
03107	4.463922	2.094742	8.938614	0.000626	0.006817	0.001496	-0.821934	-0.358284	0.442783	0.479776	-0.854482	0.199186	0.306985	0.376155	0.874224
03108	4.470200	2.054628	8.982820	-0.000281	0.003854	0.005321	-0.821905	-0.358341	0.442790	0.479826	-0.854462	0.199152	0.306983	0.376147	0.874228
03109	4.463048	2.094505	8.939105	0.001364	0.008176	0.001314	-0.821948	-0.358352	0.442703	0.479802	-0.854473	0.199163	0.306907	0.376112	0.874270
03110	4.492823	2.050027	8.948665	-0.001417	0.006208	0.001929	-0.821943	-0.358389	0.442682	0.479821	-0.854469	0.199135	0.306891	0.376086	0.874287
03111	4.457383	2.074879	8.990469	0.001478	0.004585	0.003159	-0.821942	-0.358432	0.442649	0.479849	-0.854455	0.199127	0.306850	0.376075	0.874306
03112	4.465090	2.077080	8.910166	0.000911	0.006695	0.003226	-0.821932	-0.358482	0.442627	0.479885	-0.854438	0.199113	0.306819	0.376067	0.874320
03113	4.437421	2.098844	8.974812	0.004827	0.004443	0.002478	-0.821965	-0.358443	0.442597	0.479844	-0.854453	0.199147	0.306796	0.376069	0.874327
03114	4.476349	2.087906	8.986018	0.001478	0.004585	0.003160	-0.821949	-0.358484	0.442593	0.479881	-0.854434	0.199138	0.306779	0.376074	0.874331
03115	4.471807	2.074150	8.933505	0.004088	0.003083	0.002661	-0.821946	-0.358513	0.442577	0.479910	-0.854415	0.199155	0.306745	0.376091	0.874336
03116	4.459050	2.058293	8.961519	0.003237	0.005315	0.000998	-0.821943	-0.358538	0.442562	0.479935	-0.854397	0.199171	0.306713	0.376108	0.874340
03117	4.463995	2.109032	8.993230	0.003521	0.005193	0.002728	-0.821943	-0.358588	0.442521	0.479973	-0.854372	0.199183	0.306654	0.376115	0.874358
03118	4.478469	2.071440	8.956820	0.002783	0.003834	0.002911	-0.821926	-0.358624	0.442523	0.480013	-0.854349	0.199186	0.306637	0.376133	0.874356
03119	4.489453	2.050955	8.950144	0.001478	0.004585	0.003160	-0.821945	-0.358611	0.442497	0.479987	-0.854364	0.199184	0.306624	0.376112	0.874369
03120	4.474301	2.088878	8.986812	0.003520	0.003327	-0.000797	-0.821945	-0.358613	0.442497	0.479998	-0.854352	0.199211	0.306608	0.376138	0.874364
03121	4.455080	2.112882	8.970771	0.001591	0.000994	0.005006	-0.821956	-0.358567	0.442513	0.479955	-0.854378	0.199204	0.306646	0.376123	0.874357
03122	4.466284	2.092350	8.963998	0.001761	0.002596	0.001364	-0.821943	-0.358585	0.442523	0.479978	-0.854364	0.199205	0.306644	0.376137	0.874351
03123	4.445864	2.079499	8.969125	-0.000282	0.003855	0.005322	-0.821949	-0.358596	0.442502	0.479972	-0.854374	0.199180	0.306637	0.376105	0.874368
03124	4.473356	2.088914	8.987274	0.003693	0.008662	0.002612	-0.821949	-0.358647	0.442462	0.480012	-0.854348	0.199193	0.306576	0.376113	0.874385
03125	4.444851	2.079579	8.969608	0.001478	0.004585	0.003160	-0.821928	-0.358750	0.442416	0.480095	-0.854304	0.199183	0.306501	0.376116	0.874411
03126	4.468268	2.075185	8.935035	0.002783	0.003834	0.002911	-0.821912	-0.358786	0.442418	0.480134	-0.854281	0.199187	0.306484	0.376134	0.874409
03127	4.483541	2.068623	8.980954	0.003067	0.003712	0.004641	-0.821886	-0.358871	0.442397	0.480211	-0.854239	0.199182	0.306432	0.376149	0.874421
03128	4.464236	2.092602	8.964958	0.001477	0.002718	-0.000365	-0.821882	-0.358875	0.442402	0.480220	-0.854232	0.199189	0.306430	0.376160	0.874416
03129	4.463735	2.092604	8.965208	0.001650	0.009920	0.006570	-0.821851	-0.359045	0.442321	0.480351	-0.854165	0.199161	0.306307	0.376150	0.874464
03130	4.454346	2.059272	8.963634	0.001761	0.002596	0.001365	-0.821838	-0.359063	0.442330	0.480375	-0.854151	0.199163	0.306305	0.376164	0.874459
03131	4.510122	2.078188	8.999531	0.002328	0.002353	0.004824	-0.821847	-0.359050	0.442324	0.480359	-0.854160	0.199164	0.306305	0.376156	0.874462
03132	4.462943	2.092670	8.965587	0.001761	0.002596	0.001365	-0.821834	-0.359068	0.442333	0.480382	-0.854146	0.199165	0.306303	0.376170	0.874457
03133	4.474055	2.072195	8.958851	0.002045	0.002475	0.003095	-0.821934	-0.358850	0.442325	0.480163	-0.854262	0.199199	0.306379	0.376117	0.874453
03134	4.462597	2.092862	8.965714	0.004372	0.002961	0.004393	-0.821907	-0.358895	0.442338	0.480220	-0.854227	0.199210	0.306361	0.376151	0.874444
03135	4.490280	2.102415	8.983744	0.001194	0.004706	0.001431	-0.821978	-0.358776	0.442304	0.480088	-0.854297	0.199229	0.306380	0.376106	0.874457
03136	4.433949	2.083502	8.948118	0.000173	0.005335	0.003410	-0.821963	-0.358822	0.442293	0.480123	-0.854282	0.199207	0.306363	0.376096	0.874467
03137	4.472712	2.072478	8.959456	0.003977	0.006672	0.000818	-0.821961	-0.358912	0.442223	0.480194	-0.854236	0.199233	0.306256	0.376115	0.874497
03138	4.444301	2.063380	8.941681	0.003521	0.003325	-0.000796	-0.821961	-0.358915	0.442222	0.480206	-0.854224	0.199259	0.306240	0.376141	0.874491
03139	4.468396	2.090210	8.989440	0.001478	0.004584	0.003161	-0.822038	-0.358771	0.442195	0.480051	-0.854307	0.199277	0.306276	0.376090	0.874501
03140	4.472842	2.109542	8.938776	0.001022	0.003104	0.005074	-0.822009	-0.358823	0.442208	0.480103	-0.854283	0.199256	0.306273	0.376095	0.874499
03141	4.471393	2.072866	8.960025	0.001195	0.004706	0.001432	-0.822106	-0.358652	0.442165	0.479916	-0.854380	0.199286	0.306303	0.376036	0.874514
03142	4.463337	2.076170	8.937271	0.000739	0.003226	0.003344	-0.822086	-0.358689	0.442173	0.479953	-0.854364	0.199270	0.306301	0.376039	0.874514
03143	4.472039	2.109392	8.939213	0.000739	0.003226	0.003344	-0.822045	-0.358841	0.442126	0.480084	-0.854293	0.199254	0.306205	0.376054	0.874541
03144	4.479563	2.105894	8.962278	-0.000283	0.003855	0.005323	-0.822017	-0.358897	0.442132	0.480134	-0.854273	0.199221	0.306202	0.376045	0.874546
03145	4.479281	2.105848	8.962430	0.002500	0.003954	0.001183	-0.821954	-0.359055	0.442122	0.480287	-0.854191	0.199203	0.306132	0.376081	0.874555
03146	4.458661	2.093124	8.967611	0.001195	0.006573	0.004958	-0.821936	-0.359119	0.442104	0.480338	-0.854167	0.199184	0.306100	0.376076	0.874569
03147	4.469675	2.072616	8.960940	0.002044	0.000607	-0.000431	-0.821971	-0.359038	0.442103	0.480263	-0.854204	0.199207	0.306124	0.376068	0.874563
03148	4.461749	2.076010	8.938100	0.001761	0.004463	0.004892	-0.821947	-0.359093	0.442104	0.480315	-0.854178	0.199193	0.306106	0.376075	0.874566
03149	4.446596	2.113759	8.974774	0.001478	0.004584	0.003162	-0.821890	-0.359279	0.442059	0.480481	-0.854089	0.199173	0.305999	0.376099	0.874594
03150	4.485537	2.102612	8.986067	0.000456	0.003347	0.001614	-0.821878	-0.359302	0.442062	0.480502	-0.854080	0.199162	0.305997	0.376099	0.874594
03151	4.436986	2.080364	8.973319	0.001195	0.006572	0.004959	-0.821899	-0.359311	0.442014	0.480489	-0.854089	0.199156	0.305961	0.376069	0.874620
03152	4.468074	2.072497	8.961766	0.001478	0.004584	0.003163	-0.821884	-0.359352	0.442010	0.480526	-0.854070	0.199147	0.305944	0.376073	0.874624
03153	4.468797	2.109023	8.940921	-0.000393	0.007445	0.003477	-0.821903	-0.359391	0.441943	0.480531	-0.854071	0.199131	0.305884	0.376034	0.874662
03154	4.467322	2.072351	8.962175	0.002610	0.000364	0.003030	-0.821875	-0.359415	0.441975	0.480571	-0.854048	0.199133	0.305897	0.376063	0.874645
03155	4.460437	2.112291	8.918330	0.000346	0.008804	0.003295	-0.821844	-0.359553	0.441921	0.480679	-0.853995	0.199099	0.305812	0.376050	0.874680
03156	4.477698	2.051660	8.955869	0.000173	0.005335	0.003411	-0.821829	-0.359599	0.441911	0.480714	-0.853980	0.199077	0.305795	0.376040	0.874690
03157	4.475041	2.105497	8.964630	0.001761	0.002595	0.001366	-0.821847	-0.359598	0.441878	0.480703	-0.853983	0.199092	0.305764	0.376035	0.874703
03158	4.437909	2.062718	8.945008	-0.000566	0.003977	0.003593	-0.821828	-0.359640	0.441880	0.480738	-0.853970	0.199063	0.305761	0.376024	0.874709
03159	4.466700	2.108615	8.942065	-0.000110	0.005457	0.001681	-0.821846	-0.359670	0.441821	0.480741	-0.853969	0.199058	0.305706	0.375997	0.874740
03160	4.446143	2.095788	8.947226	0.000739	0.003225	0.003345	-0.821826	-0.359707	0.441829	0.480778	-0.853952	0.199042	0.305704	0.376000	0.874739
03161	4.476152	2.051213	8.956744	0.000456	0.005214	0.005142	-0.821769	-0.359899	0.441778	0.480942	-0.853868	0.199008	0.305597	0.376009	0.874773
03162	4.453169	2.092103	8.970578	-0.001132	0.006087	0.003660	-0.821756	-0.359949	0.441762	0.480975	-0.853857	0.198974	0.305581	0.375985	0.874789
03163	4.484340	2.084201	8.959008	0.001761	0.002595	0.001367	-0.821748	-0.359999	0.441735	0.481017	-0.853832	0.198979	0.305536	0.375993	0.874801
03164	4.463927	2.071441	8.964076	0.001021	0.003104	0.005076	-0.821719	-0.360051	0.441748	0.481069	-0.853808	0.198958	0.305533	0.375998	0.874800
03165	4.433409	2.115712	8.954881	-0.000566	0.003977	0.003594	-0.821663	-0.360209	0.441724	0.481208	-0.853740	0.198916	0.305466	0.376003	0.874821
03166	4.483706	2.083923	8.959390	0.002044	0.002473	0.003098	-0.821641	-0.360241	0.441738	0.481247	-0.853719	0.198912	0.305464	0.376020	0.874815
03167	4.455450	2.074489	8.941595	-0.000109	0.005456	0.001682	-0.821659	-0.360267	0.441684	0.481247	-0.853720	0.198906	0.305415	0.375992	0.874844
03168	4.483032	2.083919	8.959728	0.002783	0.003832	0.002916	-0.821642	-0.360303	0.441685	0.481287	-0.853697	0.198910	0.305397	0.376010	0.874842
03169	4.462303	2.071018	8.964982	-0.003002	0.008948	0.003975	-0.821723	-0.360216	0.441607	0.481154	-0.853777	0.198889	0.305390	0.375912	0.874887
03170	4.461959	2.070844	8.965194	0.002609	0.000363	0.003032	-0.821695	-0.360240	0.441639	0.481193	-0.853754	0.198891	0.305402	0.375941	0.874870
03171	4.465238	2.053726	8.935604	0.002957	0.007299	0.002802	-0.821723	-0.360228	0.441597	0.481167	-0.853766	0.198904	0.305369	0.375926	0.874888
03172	4.481497	2.083727	8.960540	0.000738	0.003225	0.003346	-0.821702	-0.360265	0.441604	0.481203	-0.853749	0.198888	0.305367	0.375928	0.874888
03173	4.449736	2.091574	8.972404	0.002783	0.003831	0.002917	-0.821710	-0.360327	0.441540	0.481246	-0.853720	0.198909	0.305279	0.375935	0.874916
03174	4.457200	2.088268	8.995448	0.000738	0.003225	0.003346	-0.821689	-0.360365	0.441547	0.481283	-0.853703	0.198893	0.305276	0.375937	0.874916
03175	4.449234	2.091611	8.972645	0.002783	0.003831	0.002917	-0.821715	-0.360351	0.441511	0.481260	-0.853711	0.198913	0.305244	0.375931	0.874930
03176	4.460198	2.071267	8.965972	0.004828	0.004437	0.002488	-0.821702	-0.360386	0.441506	0.481302	-0.853682	0.198937	0.305212	0.375964	0.874927
03177	4.480265	2.084118	8.961065	0.001586	0.000994	0.005011	-0.821658	-0.360445	0.441540	0.481370	-0.853650	0.198910	0.305224	0.375980	0.874915
03178	4.451968	2.074612	8.943301	0.000348	0.008803	0.003298	-0.821655	-0.360503	0.441499	0.481404	-0.853635	0.198891	0.305178	0.375959	0.874941
03179	4.468291	2.104576	8.968213	0.002608	0.000363	0.003033	-0.821599	-0.360652	0.441480	0.481551	-0.853552	0.198890	0.305096	0.376003	0.874950
03180	4.487160	2.080720	8.984415	0.000457	0.003346	0.001616	-0.821588	-0.360675	0.441483	0.481572	-0.853543	0.198879	0.305094	0.376003	0.874951
03181	4.471412	2.087371	8.938728	0.001196	0.004704	0.001434	-0.821610	-0.360630	0.441478	0.481523	-0.853570	0.198879	0.305111	0.375983	0.874954
03182	4.458588	2.071390	8.966745	0.001761	0.002594	0.001368	-0.821597	-0.360648	0.441487	0.481547	-0.853557	0.198881	0.305108	0.375997	0.874949
03183	4.458322	2.071359	8.966884	-0.000848	0.004098	0.001863	-0.821606	-0.360627	0.441488	0.481517	-0.853579	0.198857	0.305132	0.375967	0.874954
03184	4.466882	2.104442	8.968946	-0.001132	0.006087	0.003661	-0.821593	-0.360678	0.441472	0.481550	-0.853568	0.198824	0.305115	0.375943	0.874970
03185	4.468737	2.050405	8.960631	-0.000108	0.005456	0.001682	-0.821557	-0.360792	0.441444	0.481647	-0.853520	0.198795	0.305057	0.375941	0.874990
03186	4.469781	2.087029	8.939623	0.002608	0.000363	0.003033	-0.821530	-0.360816	0.441476	0.481686	-0.853498	0.198797	0.305069	0.375970	0.874974
03187	4.477336	2.083675	8.962632	-0.000848	0.004098	0.001864	-0.821511	-0.360903	0.441438	0.481752	-0.853466	0.198773	0.305015	0.375958	0.874998
03188	4.465724	2.104159	8.969589	0.001478	0.004583	0.003166	-0.821496	-0.360944	0.441434	0.481789	-0.853447	0.198764	0.304998	0.375962	0.875002
03189	4.456322	2.070830	8.968000	0.000913	0.006692	0.003232	-0.821421	-0.361139	0.441413	0.481968	-0.853356	0.198722	0.304917	0.375982	0.875022
03190	4.448191	2.074208	8.945274	0.002501	0.003952	0.001188	-0.821413	-0.361160	0.441410	0.481992	-0.853340	0.198731	0.304900	0.375997	0.875022
03191	4.468157	2.086975	8.940448	0.000738	0.003225	0.003347	-0.821449	-0.361133	0.441367	0.481947	-0.853364	0.198739	0.304875	0.375970	0.875042
03192	4.472027	2.100918	8.993193	0.002783	0.003830	0.002919	-0.821432	-0.361169	0.441368	0.481986	-0.853341	0.198743	0.304858	0.375988	0.875040
03193	4.467485	2.087137	8.940746	0.001655	0.006183	-0.000477	-0.821555	-0.360986	0.441289	0.481779	-0.853445	0.198797	0.304853	0.375927	0.875068
03194	4.463570	2.104466	8.970590	0.002324	0.002351	0.004831	-0.821525	-0.361032	0.441308	0.481833	-0.853417	0.198788	0.304850	0.375946	0.875060
03195	4.466931	2.087134	8.941024	-0.000848	0.004098	0.001864	-0.821596	-0.360939	0.441251	0.481715	-0.853481	0.198799	0.304845	0.375890	0.875086
03196	4.455438	2.107622	8.947916	0.002324	0.002351	0.004831	-0.821566	-0.360986	0.441269	0.481768	-0.853453	0.198791	0.304842	0.375909	0.875079
03197	4.466431	2.087004	8.941304	-0.000108	0.005456	0.001683	-0.821546	-0.361064	0.441242	0.481830	-0.853423	0.198767	0.304798	0.375900	0.875098
03198	4.473701	2.083660	8.964451	0.001197	0.004704	0.001436	-0.821539	-0.361091	0.441233	0.481852	-0.853412	0.198764	0.304781	0.375901	0.875104
03199	4.473309	2.083703	8.964636	0.001197	0.004704	0.001436	-0.821753	-0.360610	0.441229	0.481372	-0.853668	0.198827	0.304964	0.375782	0.875091
03200	4.465252	2.087042	8.941884	0.001478	0.004582	0.003167	-0.821738	-0.360650	0.441224	0.481409	-0.853649	0.198818	0.304947	0.375786	0.875096
03201	4.459976	2.067709	8.992890	0.002218	0.005940	0.002986	-0.821744	-0.360662	0.441202	0.481411	-0.853649	0.198816	0.304926	0.375775	0.875107
03202	4.451880	2.071060	8.970154	0.001478	0.004582	0.003167	-0.821729	-0.360702	0.441198	0.481448	-0.853630	0.198807	0.304909	0.375779	0.875112
03203	4.456589	2.090539	8.919397	0.004933	0.000846	0.004338	-0.821768	-0.360625	0.441188	0.481377	-0.853660	0.198849	0.304915	0.375785	0.875107
03204	4.460461	2.104629	8.972098	0.002218	0.005940	0.002986	-0.821758	-0.360669	0.441171	0.481415	-0.853639	0.198847	0.304883	0.375791	0.875116
03205	4.458761	2.068047	8.993415	0.001478	0.004582	0.003167	-0.821736	-0.360796	0.441109	0.481518	-0.853581	0.198846	0.304779	0.375800	0.875148
03206	4.450865	2.071374	8.970584	0.001021	0.001236	0.001551	-0.821718	-0.360810	0.441130	0.481540	-0.853570	0.198840	0.304792	0.375813	0.875138
03207	4.459662	2.104735	8.972470	0.002783	0.003830	0.002920	-0.821718	-0.360829	0.441115	0.481556	-0.853559	0.198847	0.304768	0.375817	0.875144
03208	4.481858	2.063737	8.959099	0.003523	0.005187	0.002740	-0.821706	-0.360868	0.441104	0.481596	-0.853534	0.198858	0.304736	0.375837	0.875147
03209	4.487059	2.114265	8.990697	-0.000743	0.000510	0.003710	-0.821547	-0.361257	0.441083	0.481968	-0.853339	0.198794	0.304578	0.375907	0.875172
03210	4.450000	2.071719	8.970934	0.005852	0.003804	0.000515	-0.821542	-0.361272	0.441080	0.481996	-0.853313	0.198836	0.304546	0.375951	0.875165
03211	4.465887	2.070861	8.913421	0.004088	0.003077	0.002674	-0.821677	-0.361014	0.441038	0.481737	-0.853443	0.198910	0.304592	0.375904	0.875168
03212	4.441896	2.075546	8.948091	0.001021	0.001236	0.001551	-0.821660	-0.361028	0.441060	0.481759	-0.853432	0.198905	0.304604	0.375917	0.875159
03213	4.449354	2.072311	8.971117	0.003804	0.005066	0.004472	-0.821641	-0.361132	0.441009	0.481848	-0.853378	0.198917	0.304512	0.375938	0.875182
03214	4.449063	2.072506	8.971217	0.004088	0.003077	0.002674	-0.821624	-0.361163	0.441016	0.481889	-0.853351	0.198933	0.304494	0.375969	0.875174
03215	4.488078	2.061553	8.982504	0.003066	0.001841	0.001123	-0.821836	-0.360687	0.441011	0.481423	-0.853593	0.199022	0.304659	0.375877	0.875157
03216	4.457710	2.106076	8.973125	0.001018	0.003104	0.005080	-0.821807	-0.360738	0.441022	0.481474	-0.853569	0.199002	0.304656	0.375882	0.875156
03217	4.468844	2.085513	8.966442	0.003347	0.001720	0.002855	-0.821915	-0.360463	0.441046	0.481215	-0.853706	0.199045	0.304774	0.375836	0.875134
03218	4.481275	2.101668	8.938607	0.001762	0.002593	0.001370	-0.821903	-0.360481	0.441055	0.481237	-0.853692	0.199048	0.304772	0.375850	0.875129
03219	4.448166	2.072987	8.971551	0.001478	0.004582	0.003168	-0.822002	-0.360242	0.441066	0.481001	-0.853821	0.199066	0.304879	0.375786	0.875119
03220	4.460466	2.089125	8.943786	0.004088	0.003077	0.002675	-0.821985	-0.360272	0.441073	0.481041	-0.853795	0.199083	0.304862	0.375817	0.875112
03221	4.428780	2.097125	8.955519	0.002323	0.002351	0.004834	-0.822057	-0.360113	0.441068	0.480882	-0.853879	0.199107	0.304918	0.375779	0.875109
03222	4.456519	2.106660	8.973579	0.003807	0.003198	0.000943	-0.822048	-0.360129	0.441071	0.480908	-0.853859	0.199129	0.304901	0.375808	0.875102
03223	4.475328	2.083037	8.989778	0.004932	0.000846	0.004341	-0.822008	-0.360205	0.441085	0.480997	-0.853805	0.199143	0.304868	0.375858	0.875092
03224	4.475256	2.083350	8.989742	0.005392	0.002324	0.002429	-0.821990	-0.360230	0.441098	0.481039	-0.853775	0.199172	0.304851	0.375903	0.875079
03225	4.485068	2.026772	9.004073	0.010047	0.001423	0.001509	-0.822042	-0.360103	0.441103	0.480943	-0.853808	0.199264	0.304862	0.375949	0.875055
03226	4.445726	2.038767	8.992701	0.008462	0.002296	0.000024	-0.822036	-0.360108	0.441112	0.480974	-0.853775	0.199331	0.304830	0.376021	0.875036
03227	4.467104	2.088819	8.966540	0.008462	0.002296	0.000024	-0.822111	-0.359992	0.441066	0.480870	-0.853809	0.199435	0.304791	0.376054	0.875035
03228	4.463474	2.107030	8.996012	0.010334	-0.002435	-0.003816	-0.822108	-0.359946	0.441109	0.480876	-0.853782	0.199536	0.304789	0.376159	0.874990
03229	4.481231	2.047909	9.032995	0.014708	-0.003216	-0.006466	-0.822171	-0.359693	0.441198	0.480703	-0.853846	0.199678	0.304892	0.376255	0.874913
03230	4.514754	2.109960	9.081864	0.025320	-0.003903	-0.005019	-0.822170	-0.359631	0.441251	0.480744	-0.853768	0.199915	0.304830	0.376493	0.874832
03231	4.482600	2.057929	8.928209	0.030535	-0.005046	-0.002472	-0.822259	-0.359377	0.441293	0.480610	-0.853769	0.200232	0.304804	0.376732	0.874739
03232	4.449872	2.127207	8.844266	0.019638	-0.000501	0.001407	-0.822237	-0.359382	0.441329	0.480687	-0.853688	0.200390	0.304741	0.376909	0.874684
03233	4.482113	2.152414	8.914309	0.020485	-0.004601	-0.000452	-0.822403	-0.358994	0.441335	0.480376	-0.853803	0.200646	0.304783	0.377019	0.874622
03234	4.464295	2.087589	8.910316	0.017772	0.000491	-0.001809	-0.822400	-0.358976	0.441356	0.480421	-0.853741	0.200803	0.304721	0.377177	0.874576
03235	4.440412	2.093832	8.944567	0.018333	0.000252	0.001655	-0.822415	-0.358945	0.441353	0.480445	-0.853689	0.200967	0.304642	0.377324	0.874540
03236	4.412388	2.086058	8.926247	0.018513	0.001847	-0.001989	-0.822417	-0.358930	0.441362	0.480490	-0.853625	0.201131	0.304565	0.377483	0.874498
03237	4.470790	2.179695	8.919416	0.017031	-0.000867	-0.001625	-0.822274	-0.359281	0.441341	0.480886	-0.853375	0.201247	0.304325	0.377715	0.874481
03238	4.449146	2.131879	8.945300	0.012836	0.001512	-0.002622	-0.822278	-0.359259	0.441352	0.480909	-0.853334	0.201364	0.304278	0.377827	0.874449
03239	4.468177	2.109204	8.961231	0.011179	-0.004669	-0.002139	-0.822185	-0.359412	0.441402	0.481113	-0.853203	0.201432	0.304208	0.377978	0.874408
03240	4.448297	2.097774	8.965722	0.014529	-0.004819	-0.002809	-0.822170	-0.359365	0.441467	0.481140	-0.853157	0.201564	0.304205	0.378127	0.874345
03241	4.456322	2.096144	8.988118	0.017599	-0.004850	-0.005211	-0.822144	-0.359425	0.441468	0.481269	-0.853039	0.201755	0.304073	0.378336	0.874300
03242	4.539545	2.089733	9.062479	0.019393	-0.012894	-0.000019	-0.822091	-0.359371	0.441609	0.481333	-0.852964	0.201918	0.304113	0.378556	0.874192
03243	4.540452	2.091718	9.061568	0.024681	-0.006982	0.000559	-0.822241	-0.358928	0.441691	0.481002	-0.853088	0.202182	0.304232	0.378696	0.874089
03244	4.565172	2.094525	8.922888	0.029020	0.004743	-0.002386	-0.822254	-0.358920	0.441673	0.481075	-0.852986	0.202440	0.304081	0.378935	0.874038
03245	4.454720	2.127461	8.911597	0.029760	0.006099	-0.002566	-0.822265	-0.358966	0.441614	0.481190	-0.852857	0.202708	0.303869	0.379180	0.874006
03246	4.445721	2.128264	8.991754	0.025951	0.004774	0.000021	-0.822266	-0.358980	0.441601	0.481274	-0.852757	0.202928	0.303732	0.379392	0.873961
03247	4.418190	2.031047	8.986443	0.032827	0.007939	-0.001438	-0.822333	-0.358887	0.441552	0.481260	-0.852694	0.203227	0.303574	0.379622	0.873917
03248	4.422619	2.085070	9.017406	0.038119	0.011974	-0.004383	-0.822378	-0.358890	0.441467	0.481345	-0.852564	0.203572	0.303319	0.379911	0.873879
03249	4.309307	2.172967	9.014334	0.037845	0.008337	-0.013159	-0.822398	-0.358941	0.441387	0.481488	-0.852397	0.203935	0.303036	0.380238	0.873835
03250	4.269685	2.219847	9.084572	0.037112	0.003225	-0.020018	-0.822491	-0.358778	0.441346	0.481441	-0.852326	0.204341	0.302858	0.380551	0.873761
03251	4.222158	2.269952	9.131908	0.026761	0.006913	-0.037671	-0.822734	-0.358366	0.441228	0.481101	-0.852420	0.204746	0.302738	0.380727	0.873726
03252	4.110275	2.336132	9.202961	0.017592	0.016543	-0.075343	-0.823133	-0.357782	0.440958	0.480540	-0.852622	0.205225	0.302544	0.380825	0.873750
03253	3.578323	2.317157	9.272998	-0.013322	0.017115	-0.115546	-0.823737	-0.356877	0.440563	0.479563	-0.853076	0.205624	0.302451	0.380658	0.873855
03254	3.386087	2.240342	9.377582	-0.021838	-0.018096	-0.146777	-0.824372	-0.355551	0.440447	0.478292	-0.853680	0.206073	0.302732	0.380544	0.873808
03255	3.102486	2.253720	9.577430	-0.050717	-0.032782	-0.177988	-0.825306	-0.353494	0.440354	0.476259	-0.854720	0.206473	0.303392	0.380126	0.873760
03256	2.585741	2.044456	9.696014	-0.053831	-0.055640	-0.164197	-0.825905	-0.351873	0.440530	0.474745	-0.855502	0.206720	0.304135	0.379870	0.873614
03257	1.902278	1.981188	9.866413	-0.060634	-0.087306	-0.090666	-0.826206	-0.350410	0.441130	0.473466	-0.856234	0.206623	0.305308	0.379574	0.873333
03258	2.435680	2.076968	10.092743	-0.073737	-0.106751	0.040789	-0.825673	-0.350349	0.442175	0.473582	-0.856370	0.205792	0.306567	0.379324	0.873001
03259	3.256938	1.630976	10.691755	-0.029041	-0.000029	0.050411	-0.825523	-0.350559	0.442290	0.473694	-0.856417	0.205341	0.306800	0.379024	0.873049
03260	2.442170	1.694563	10.092140	0.050728	0.070770	0.061012	-0.825437	-0.351344	0.441826	0.474357	-0.856009	0.205508	0.306003	0.379217	0.873245
03261	2.087103	2.395488	10.124788	0.053269	0.110264	0.059526	-0.825717	-0.351780	0.440956	0.474519	-0.855851	0.205796	0.304997	0.379171	0.873617
03262	2.396806	2.270440	9.898135	-0.009868	0.099370	0.042226	-0.825807	-0.352512	0.440203	0.474842	-0.855738	0.205517	0.304251	0.378744	0.874062
03263	2.297583	2.309187	9.885203	-0.053428	0.098058	-0.002450	-0.826399	-0.352227	0.439319	0.474023	-0.856279	0.205153	0.303919	0.377785	0.874592
03264	2.573811	2.528139	9.954647	-0.084959	0.096770	-0.058443	-0.826957	-0.352085	0.438381	0.473286	-0.856805	0.204660	0.303549	0.376725	0.875178
03265	2.562748	2.555577	9.938897	-0.140912	0.106006	-0.106199	-0.828062	-0.351042	0.437131	0.471428	-0.857980	0.204023	0.303429	0.375020	0.875952
03266	2.808275	2.442161	9.897447	-0.176009	0.114477	-0.136646	-0.829040	-0.350291	0.435878	0.469766	-0.859117	0.203071	0.303336	0.373115	0.876797
03267	2.762552	2.344795	9.929473	-0.194490	0.137209	-0.142168	-0.830498	-0.348805	0.434291	0.467210	-0.860727	0.202148	0.303295	0.370788	0.877797
03268	2.587278	2.267016	9.851672	-0.210760	0.138097	-0.110269	-0.831419	-0.348359	0.432884	0.465658	-0.861890	0.200769	0.303159	0.368499	0.878808
03269	2.780069	2.174125	9.910607	-0.204586	0.130582	-0.040032	-0.832421	-0.347559	0.431599	0.463771	-0.863244	0.199317	0.303301	0.366078	0.879770
03270	2.671010	1.744902	9.759140	-0.154668	0.111023	0.042986	-0.832547	-0.348329	0.430735	0.463663	-0.863659	0.197764	0.303121	0.364364	0.880543
03271	2.838636	2.081129	9.447921	-0.085641	0.077538	0.154396	-0.832478	-0.349114	0.430233	0.463852	-0.863828	0.196574	0.303020	0.363208	0.881055
03272	3.273110	2.103895	9.651616	-0.020318	0.074603	0.276800	-0.831405	-0.351767	0.430146	0.466096	-0.862932	0.195199	0.302522	0.362779	0.881403
03273	3.727537	2.102811	9.611804	0.050933	0.108282	0.351433	-0.830525	-0.354246	0.429812	0.468224	-0.861979	0.194317	0.301653	0.362633	0.881761
03274	3.654728	2.249854	9.478420	0.124571	0.154174	0.393633	-0.829127	-0.358186	0.429245	0.471867	-0.860124	0.193719	0.299816	0.363164	0.882169
03275	3.813273	2.327520	9.258737	0.194769	0.186951	0.392396	-0.827967	-0.361993	0.428288	0.475442	-0.858130	0.193825	0.297364	0.364107	0.882610
03276	3.830735	2.567498	8.848056	0.239934	0.192324	0.351993	-0.826846	-0.365703	0.427302	0.479066	-0.855974	0.194432	0.294655	0.365472	0.882955
03277	4.416178	2.473681	9.009646	0.260078	0.197466	0.293224	-0.826068	-0.368861	0.426090	0.482164	-0.853991	0.195491	0.291768	0.366934	0.883307
03278	5.070602	2.858191	8.704133	0.306360	0.211681	0.184521	-0.825780	-0.371205	0.424611	0.484579	-0.852181	0.197408	0.288567	0.368773	0.883593
03279	5.621365	4.269430	8.242988	0.248241	0.182877	0.089209	-0.825895	-0.372635	0.423133	0.486008	-0.850943	0.199229	0.285823	0.370188	0.883893
03280	5.841585	2.966003	7.011388	-0.038084	0.102333	0.089506	-0.825741	-0.373766	0.422434	0.486640	-0.850750	0.198508	0.285190	0.369490	0.884389
03281	6.284755	2.365628	6.742316	-0.030906	-0.018182	-0.022474	-0.825818	-0.373502	0.422516	0.486349	-0.850956	0.198339	0.285463	0.369282	0.884388
03282	7.265150	2.673390	6.612522	-0.041909	-0.115403	-0.122455	-0.826072	-0.372025	0.423322	0.485219	-0.851568	0.198481	0.286647	0.369364	0.883971
03283	8.411095	2.608999	6.964132	-0.091358	-0.181063	-0.201204	-0.826543	-0.369636	0.424495	0.483279	-0.852658	0.198537	0.288563	0.369249	0.883395
03284	9.726630	2.498811	7.407385	-0.148752	-0.133232	-0.281934	-0.827505	-0.366730	0.425141	0.480518	-0.854244	0.198415	0.290409	0.368478	0.883112
03285	10.169072	2.096808	6.662157	-0.224734	-0.049660	-0.352309	-0.829058	-0.363526	0.424865	0.476935	-0.856361	0.197938	0.291882	0.366735	0.883352
03286	10.118591	1.496537	5.628890	-0.249914	-0.070131	-0.403640	-0.830759	-0.359800	0.424715	0.472855	-0.858735	0.197440	0.293679	0.364854	0.883535
03287	10.307205	0.628962	5.664476	-0.245112	-0.110578	-0.406828	-0.832353	-0.355891	0.424888	0.468743	-0.861084	0.197012	0.295750	0.363147	0.883548
03288	8.180531	-0.876664	7.862568	-0.117102	-0.000725	-0.326018	-0.833863	-0.353070	0.424280	0.465682	-0.862665	0.197356	0.296331	0.362148	0.883763
03289	5.944024	-1.055620	10.690553	0.010337	0.265321	-0.180112	-0.835482	-0.352467	0.421588	0.464207	-0.863263	0.198213	0.294078	0.361307	0.884859
03290	3.599899	-0.741367	10.312046	0.060512	0.359466	-0.057502	-0.836789	-0.353260	0.418319	0.463905	-0.863248	0.198985	0.290819	0.360569	0.886236
03291	2.835004	0.762580	9.554767	0.157594	0.235661	-0.029604	-0.837607	-0.353848	0.416181	0.464109	-0.862787	0.200503	0.288128	0.361096	0.886900
03292	3.406285	2.401507	8.890875	0.134604	0.075336	0.026830	-0.837688	-0.354344	0.415595	0.464723	-0.862206	0.201580	0.286900	0.361997	0.886931
03293	4.048532	2.937939	8.664203	0.116884	0.025079	0.036266	-0.837590	-0.354740	0.415454	0.465356	-0.861657	0.202461	0.286158	0.362914	0.886796
03294	4.564578	3.681657	8.737956	0.065667	0.032259	0.006736	-0.837640	-0.354907	0.415210	0.465602	-0.861395	0.203011	0.285610	0.363373	0.886785
03295	4.510088	3.312036	8.907444	0.000366	0.063446	-0.018772	-0.837908	-0.354969	0.414618	0.465442	-0.861463	0.203091	0.285087	0.363152	0.887044
03296	4.130760	1.953231	9.037757	-0.019879	0.076707	-0.015165	-0.838186	-0.355108	0.413935	0.465260	-0.861589	0.202972	0.284565	0.362716	0.887390
03297	4.059719	1.459761	9.196421	0.001170	0.062933	-0.022432	-0.838468	-0.355135	0.413340	0.465071	-0.861667	0.203075	0.284042	0.362504	0.887643
03298	4.169411	1.265052	9.290395	0.016230	0.049216	-0.014380	-0.838664	-0.355182	0.412902	0.464999	-0.861659	0.203273	0.283582	0.362477	0.887802
03299	4.335831	1.832299	9.293877	0.056878	0.045660	-0.023657	-0.838902	-0.355136	0.412457	0.464957	-0.861540	0.203874	0.282945	0.362805	0.887871
03300	4.531944	2.357980	9.307038	0.066387	0.056260	-0.023781	-0.839161	-0.355127	0.411938	0.464947	-0.861383	0.204557	0.282192	0.363185	0.887955
03301	4.476649	2.365567	9.220195	0.069287	0.082894	-0.031779	-0.839541	-0.355147	0.411146	0.464871	-0.861247	0.205301	0.281186	0.363488	0.888150
03302	4.172459	2.294500	9.120282	0.063185	0.098680	-0.036172	-0.839976	-0.355186	0.410223	0.464746	-0.861146	0.206006	0.280091	0.363689	0.888414
03303	3.899624	2.110323	8.969672	0.052873	0.088572	-0.032313	-0.840372	-0.355223	0.409379	0.464618	-0.861071	0.206607	0.279113	0.363831	0.888663
03304	3.837904	2.118743	8.859667	0.045327	0.052206	-0.019721	-0.840599	-0.355235	0.408902	0.464581	-0.860976	0.207085	0.278491	0.364044	0.888771
03305	3.827628	2.230470	8.877038	0.030278	0.027056	-0.014808	-0.840742	-0.355198	0.408640	0.464536	-0.860922	0.207413	0.278134	0.364209	0.888815
03306	3.916053	2.317323	8.862069	0.003705	-0.003817	0.002929	-0.840708	-0.355201	0.408709	0.464573	-0.860898	0.207429	0.278177	0.364262	0.888780
03307	3.978908	2.310582	8.996666	-0.011677	-0.018081	0.011275	-0.840604	-0.355225	0.408902	0.464631	-0.860903	0.207279	0.278394	0.364227	0.888727
03308	4.035651	2.200754	9.068044	-0.027150	-0.028773	0.017815	-0.840431	-0.355265	0.409222	0.464707	-0.860939	0.206959	0.278790	0.364103	0.888653
03309	4.349203	2.053290	9.263091	-0.014506	-0.037682	0.017415	-0.840244	-0.355270	0.409602	0.464808	-0.860932	0.206759	0.279184	0.364114	0.888525
03310	4.561880	2.155453	9.316475	-0.003571	-0.012059	0.007932	-0.840163	-0.355286	0.409754	0.464867	-0.860917	0.206689	0.279330	0.364134	0.888471
03311	4.362925	2.180705	9.148175	0.002113	0.016539	-0.000636	-0.840211	-0.355333	0.409615	0.464863	-0.860914	0.206710	0.279192	0.364095	0.888531
03312	4.114448	2.229148	9.100736	-0.000028	0.019499	-0.002062	-0.840265	-0.355378	0.409465	0.464847	-0.860922	0.206713	0.279056	0.364033	0.888599
03313	4.072152	2.225608	9.036040	-0.003115	0.008912	0.003985	-0.840270	-0.355437	0.409404	0.464868	-0.860922	0.206669	0.279007	0.363976	0.888638
03314	4.110823	2.191110	9.123144	-0.019925	0.009566	0.007053	-0.840253	-0.355524	0.409361	0.464873	-0.860969	0.206458	0.279047	0.363778	0.888706
03315	4.033312	2.165055	8.963627	-0.019418	0.000436	0.008871	-0.840212	-0.355594	0.409385	0.464889	-0.861011	0.206249	0.279144	0.363611	0.888744
03316	4.060570	2.240262	9.043729	-0.024552	-0.019661	0.013657	-0.840083	-0.355632	0.409616	0.464937	-0.861052	0.205970	0.279451	0.363478	0.888702
03317	4.148495	2.144395	9.030844	-0.034062	-0.021370	0.015430	-0.839951	-0.355680	0.409847	0.464968	-0.861123	0.205603	0.279800	0.363262	0.888680
03318	4.198701	2.140653	9.119210	-0.035374	-0.020628	0.015665	-0.839810	-0.355731	0.410091	0.465002	-0.861196	0.205220	0.280165	0.363039	0.888656
03319	4.292301	2.109003	9.190706	-0.030378	-0.014591	0.014665	-0.839700	-0.355797	0.410260	0.465036	-0.861256	0.204890	0.280440	0.362831	0.888655
03320	4.279713	2.112533	9.144415	-0.021534	-0.007210	0.011162	-0.839617	-0.355859	0.410375	0.465071	-0.861295	0.204648	0.280628	0.362679	0.888657
03321	4.202789	2.131586	9.119451	-0.022595	-0.006585	0.013124	-0.839536	-0.355940	0.410470	0.465113	-0.861332	0.204393	0.280799	0.362510	0.888672
03322	4.182562	2.138822	9.050224	-0.021211	-0.000298	0.011009	-0.839474	-0.356025	0.410523	0.465148	-0.861370	0.204154	0.280928	0.362336	0.888702
03323	4.164516	2.160142	9.033709	-0.021535	-0.007212	0.011166	-0.839401	-0.356087	0.410620	0.465177	-0.861411	0.203917	0.281100	0.362179	0.888712
03324	4.212782	2.180195	9.048629	-0.023422	-0.004368	0.011477	-0.839325	-0.356162	0.410710	0.465209	-0.861455	0.203657	0.281273	0.362000	0.888730
03325	4.176704	2.202098	9.089206	-0.027843	-0.003613	0.014059	-0.839248	-0.356262	0.410780	0.465245	-0.861508	0.203352	0.281444	0.361776	0.888767
03326	4.219297	2.134170	9.093736	-0.031457	-0.003363	0.012950	-0.839168	-0.356354	0.410865	0.465267	-0.861575	0.203014	0.281646	0.361524	0.888806
03327	4.228029	2.037202	9.129972	-0.028185	0.000080	0.010528	-0.839117	-0.356437	0.410895	0.465272	-0.861642	0.202721	0.281788	0.361284	0.888859
