// General information: 
//  MT Manager version: 2022.2.0 
//  XDA version: 2022.2.0 build 7381 rev 124627 built on 2023-07-19
// Device information: 
//  DeviceId: 00B4CAF0
//  ProductCode: MTW2-3A7G6
//  Firmware Version: 4.6.0
//  Hardware Version: 2.0.0
// Device settings: 
//  Filter Profile: human(46.1)
//  Option Flags: Orientation Smoother Disabled, Position/Velocity Smoother Disabled, Continuous Zero Rotation Update Disabled, AHS Disabled, ICC Disabled
// Coordinate system: ENU
PacketCounter	Acc_X	Acc_Y	Acc_Z	Gyr_X	Gyr_Y	Gyr_Z	Mat[1][1]	Mat[2][1]	Mat[3][1]	Mat[1][2]	Mat[2][2]	Mat[3][2]	Mat[1][3]	Mat[2][3]	Mat[3][3]
36654	4.350696	-0.567679	9.276620	-0.000109	-0.001806	0.001747	-0.855043	0.305112	0.419295	-0.358155	-0.932212	-0.052012	0.375003	-0.194645	0.906359
36655	4.395516	-0.548764	9.251810	0.001603	0.000939	0.002960	-0.855135	0.304791	0.419341	-0.357847	-0.932326	-0.052090	0.375086	-0.194604	0.906333
36656	4.394338	-0.566450	9.309109	0.002297	0.005746	0.008227	-0.855138	0.304817	0.419317	-0.357874	-0.932315	-0.052098	0.375055	-0.194614	0.906344
36657	4.296066	-0.563402	9.350303	0.015364	-0.003795	0.011501	-0.855354	0.304060	0.419424	-0.357068	-0.932625	-0.052085	0.375328	-0.194314	0.906295
36658	4.317385	-0.617704	9.343298	0.030842	-0.024963	0.011541	-0.855254	0.303995	0.419676	-0.356959	-0.932680	-0.051848	0.375662	-0.194151	0.906192
36659	4.353869	-0.563366	9.275395	0.032541	-0.027624	0.014315	-0.855134	0.303894	0.419993	-0.356838	-0.932738	-0.051644	0.376049	-0.194032	0.906057
36660	4.392798	-0.501707	9.240917	0.029410	-0.031615	0.015404	-0.855022	0.303781	0.420304	-0.356700	-0.932802	-0.051437	0.376435	-0.193902	0.905924
36661	4.384970	-0.565142	9.219663	0.023685	-0.023674	0.014469	-0.855124	0.303074	0.420606	-0.355970	-0.933084	-0.051367	0.376893	-0.193648	0.905788
36662	4.364743	-0.613638	9.213843	0.018365	-0.012423	0.015288	-0.855083	0.302998	0.420743	-0.355875	-0.933127	-0.051260	0.377075	-0.193563	0.905731
36663	4.370675	-0.580281	9.223602	0.012533	-0.006283	0.016097	-0.855209	0.302513	0.420836	-0.355381	-0.933313	-0.051293	0.377255	-0.193424	0.905685
36664	4.340493	-0.589551	9.209857	-0.000328	0.001476	0.010880	-0.855205	0.302505	0.420850	-0.355394	-0.933306	-0.051337	0.377252	-0.193471	0.905677
36665	4.337248	-0.614834	9.233518	0.004316	0.003106	0.007308	-0.855286	0.302219	0.420891	-0.355105	-0.933414	-0.051370	0.377341	-0.193397	0.905655
36666	4.323068	-0.606940	9.215142	0.003910	0.006689	0.011182	-0.855303	0.302218	0.420857	-0.355099	-0.933416	-0.051377	0.377308	-0.193389	0.905671
36667	4.286140	-0.666614	9.248840	-0.001420	0.005651	0.007928	-0.855361	0.302217	0.420740	-0.355162	-0.933380	-0.051595	0.377117	-0.193564	0.905713
36668	4.349185	-0.623360	9.252907	0.001308	0.006327	0.005084	-0.855355	0.302273	0.420713	-0.355218	-0.933358	-0.051600	0.377078	-0.193581	0.905725
36669	4.334944	-0.615646	9.234546	-0.000609	0.005375	0.005811	-0.855337	0.302350	0.420693	-0.355344	-0.933304	-0.051711	0.376999	-0.193721	0.905728
36670	4.364539	-0.606959	9.248538	-0.006236	0.009726	0.004681	-0.855343	0.302416	0.420634	-0.355432	-0.933267	-0.051783	0.376904	-0.193799	0.905751
36671	4.366476	-0.582450	9.225454	-0.000797	0.012568	0.006187	-0.855590	0.301715	0.420635	-0.354689	-0.933547	-0.051833	0.377044	-0.193542	0.905748
36672	4.353769	-0.567554	9.241000	-0.006330	0.013322	0.004869	-0.855610	0.301786	0.420545	-0.354775	-0.933510	-0.051906	0.376918	-0.193610	0.905786
36673	4.366132	-0.576289	9.260181	-0.003729	0.013681	0.010970	-0.855816	0.301233	0.420521	-0.354211	-0.933718	-0.052011	0.376981	-0.193465	0.905791
36674	4.353269	-0.561530	9.275788	-0.002310	0.014922	0.008674	-0.855855	0.301271	0.420414	-0.354249	-0.933701	-0.052064	0.376856	-0.193490	0.905837
36675	4.304980	-0.588382	9.267580	0.000199	0.011987	0.009330	-0.856095	0.300573	0.420425	-0.353515	-0.933975	-0.052125	0.376999	-0.193251	0.905829
36676	4.334276	-0.579459	9.281746	0.003205	0.008764	0.011556	-0.856122	0.300571	0.420372	-0.353507	-0.933978	-0.052140	0.376946	-0.193243	0.905852
36677	4.312449	-0.611896	9.219788	0.001602	0.007826	0.008595	-0.856318	0.300089	0.420318	-0.353019	-0.934155	-0.052263	0.376958	-0.193134	0.905871
36678	4.280571	-0.638806	9.263552	0.001805	0.006035	0.006657	-0.856316	0.300128	0.420292	-0.353059	-0.934140	-0.052271	0.376924	-0.193148	0.905882
36679	4.303066	-0.669768	9.233780	0.004313	0.003101	0.007313	-0.856529	0.299414	0.420368	-0.352311	-0.934420	-0.052303	0.377140	-0.192900	0.905845
36680	4.307821	-0.637257	9.244057	-0.001108	0.005662	0.004243	-0.856518	0.299474	0.420347	-0.352382	-0.934392	-0.052327	0.377099	-0.192942	0.905853
36681	4.323814	-0.620236	9.239456	-0.000074	0.008997	-0.001373	-0.856471	0.299756	0.420242	-0.352712	-0.934261	-0.052439	0.376897	-0.193137	0.905896
36682	4.311858	-0.604715	9.254672	0.001106	0.001226	0.001391	-0.856433	0.299834	0.420263	-0.352799	-0.934229	-0.052430	0.376902	-0.193171	0.905886
36683	4.336575	-0.628105	9.258503	-0.000683	0.007481	-0.001193	-0.856583	0.299341	0.420310	-0.352283	-0.934422	-0.052459	0.377044	-0.193004	0.905863
36684	4.371498	-0.586259	9.282582	0.000019	0.005401	-0.001561	-0.856551	0.299454	0.420295	-0.352399	-0.934379	-0.052448	0.377009	-0.193036	0.905871
36685	4.308289	-0.612165	9.221715	-0.001087	0.004174	-0.002952	-0.856739	0.298867	0.420330	-0.351793	-0.934604	-0.052511	0.377148	-0.192858	0.905851
36686	4.307121	-0.629626	9.279014	-0.000386	0.002094	-0.003320	-0.856688	0.298991	0.420345	-0.351925	-0.934555	-0.052497	0.377140	-0.192904	0.905844
36687	4.351854	-0.610734	9.254265	-0.001492	0.000868	-0.004711	-0.856756	0.298685	0.420424	-0.351614	-0.934671	-0.052506	0.377276	-0.192812	0.905807
36688	4.334603	-0.529362	9.237344	0.003357	0.007593	-0.004582	-0.856721	0.298831	0.420391	-0.351743	-0.934626	-0.052452	0.377234	-0.192806	0.905826
36689	4.369735	-0.585639	9.283451	-0.003707	0.005303	-0.001858	-0.856840	0.298375	0.420472	-0.351285	-0.934795	-0.052502	0.377390	-0.192691	0.905785
36690	4.383809	-0.576324	9.245121	-0.002712	0.004724	0.001282	-0.856816	0.298460	0.420462	-0.351386	-0.934756	-0.052527	0.377352	-0.192751	0.905788
36691	4.371655	-0.561053	9.260410	-0.001384	0.009561	-0.000825	-0.856836	0.298430	0.420442	-0.351374	-0.934757	-0.052586	0.377318	-0.192790	0.905794
36692	4.356952	-0.553295	9.242268	-0.002787	0.013720	-0.000089	-0.856840	0.298545	0.420351	-0.351487	-0.934714	-0.052607	0.377202	-0.192824	0.905835
36693	4.338158	-0.588267	9.304876	-0.002898	0.011915	0.001661	-0.856803	0.298832	0.420223	-0.351820	-0.934582	-0.052727	0.376976	-0.193019	0.905888
36694	4.304795	-0.605264	9.257923	-0.001993	0.008044	-0.000645	-0.856785	0.298942	0.420183	-0.351935	-0.934538	-0.052738	0.376911	-0.193062	0.905905
36695	4.284490	-0.647637	9.286610	-0.001403	0.004160	0.000736	-0.856904	0.298622	0.420166	-0.351621	-0.934651	-0.052831	0.376932	-0.193011	0.905908
36696	4.284130	-0.647622	9.286778	-0.000274	0.003899	-0.005068	-0.856854	0.298765	0.420167	-0.351767	-0.934597	-0.052809	0.376909	-0.193050	0.905909
36697	4.364366	-0.587173	9.285880	-0.005146	-0.001339	0.001996	-0.856961	0.298358	0.420239	-0.351392	-0.934731	-0.052933	0.377017	-0.193030	0.905868
36698	4.347769	-0.604524	9.290721	0.001310	-0.000564	-0.000547	-0.856910	0.298449	0.420278	-0.351493	-0.934694	-0.052915	0.377038	-0.193068	0.905851
36699	4.359232	-0.620054	9.275750	-0.003116	0.001418	-0.000477	-0.857186	0.297521	0.420373	-0.350532	-0.935051	-0.052987	0.377305	-0.192774	0.905803
36700	4.395376	-0.560887	9.242544	-0.002396	0.004738	-0.002405	-0.857149	0.297639	0.420365	-0.350663	-0.935001	-0.052995	0.377268	-0.192831	0.905806
36701	4.394994	-0.561107	9.242713	-0.004315	0.003787	-0.001680	-0.857383	0.296893	0.420415	-0.349891	-0.935286	-0.053069	0.377453	-0.192600	0.905779
36702	4.366307	-0.562963	9.262817	-0.000186	0.007190	0.000380	-0.857365	0.296990	0.420383	-0.349989	-0.935249	-0.053068	0.377402	-0.192628	0.905793
36703	4.374963	-0.586129	9.214539	-0.003303	0.008608	-0.000098	-0.857338	0.296997	0.420434	-0.350004	-0.935244	-0.053057	0.377451	-0.192641	0.905771
36704	4.342886	-0.613092	9.258321	-0.000888	0.009270	0.000748	-0.857329	0.297094	0.420383	-0.350102	-0.935207	-0.053064	0.377380	-0.192670	0.905794
36705	4.311724	-0.622520	9.244950	-0.000708	0.008965	0.006006	-0.857370	0.297046	0.420333	-0.350075	-0.935212	-0.053154	0.377311	-0.192721	0.905812
36706	4.301531	-0.599774	9.293915	-0.001496	0.007754	0.000927	-0.857356	0.297139	0.420296	-0.350173	-0.935175	-0.053168	0.377252	-0.192761	0.905828
36707	4.340600	-0.613703	9.259353	-0.000795	0.005674	0.000558	-0.857513	0.296585	0.420369	-0.349591	-0.935392	-0.053181	0.377437	-0.192560	0.905794
36708	4.353654	-0.621810	9.278252	-0.002105	0.006238	0.001105	-0.857494	0.296673	0.420345	-0.349690	-0.935354	-0.053201	0.377388	-0.192610	0.905803
36709	4.339417	-0.614012	9.259887	-0.000186	0.007190	0.000381	-0.857645	0.296288	0.420308	-0.349298	-0.935495	-0.053289	0.377407	-0.192516	0.905815
36710	4.362611	-0.556807	9.299093	-0.000888	0.009269	0.000749	-0.857636	0.296385	0.420258	-0.349395	-0.935458	-0.053297	0.377337	-0.192545	0.905838
36711	4.359613	-0.564512	9.265875	-0.002694	0.010122	-0.000275	-0.857661	0.296378	0.420212	-0.349407	-0.935450	-0.053369	0.377270	-0.192597	0.905855
36712	4.333655	-0.541091	9.262595	0.006131	0.007645	0.006786	-0.857667	0.296415	0.420173	-0.349426	-0.935444	-0.053338	0.377238	-0.192566	0.905875
36713	4.347691	-0.629355	9.246437	0.006945	0.007370	0.004669	-0.857510	0.296955	0.420111	-0.350004	-0.935228	-0.053346	0.377059	-0.192785	0.905903
36714	4.333269	-0.621269	9.228176	0.001705	0.009626	0.006854	-0.857524	0.296996	0.420054	-0.350039	-0.935214	-0.053356	0.376994	-0.192789	0.905929
36715	4.322948	-0.598238	9.277199	0.003333	0.009076	0.002621	-0.857665	0.296538	0.420090	-0.349546	-0.935399	-0.053350	0.377131	-0.192597	0.905913
36716	4.342135	-0.654196	9.271142	0.000806	0.006610	0.003522	-0.857656	0.296604	0.420062	-0.349613	-0.935374	-0.053354	0.377090	-0.192619	0.905926
36717	4.319446	-0.605686	9.244237	0.002725	0.007561	0.002799	-0.857912	0.295755	0.420138	-0.348707	-0.935712	-0.053360	0.377347	-0.192283	0.905890
36718	4.349086	-0.596388	9.258337	0.002116	0.006046	0.002977	-0.857899	0.295824	0.420116	-0.348773	-0.935687	-0.053350	0.377315	-0.192294	0.905901
36719	4.354679	-0.644412	9.233626	0.002023	0.009640	0.003168	-0.857971	0.295692	0.420063	-0.348642	-0.935733	-0.053411	0.377273	-0.192276	0.905922
36720	4.335692	-0.580854	9.274187	-0.000866	0.014666	-0.000808	-0.857977	0.295813	0.419964	-0.348752	-0.935692	-0.053412	0.377157	-0.192290	0.905968
36721	4.351138	-0.563841	9.269898	0.000507	0.011993	0.005653	-0.858094	0.295635	0.419851	-0.348591	-0.935744	-0.053554	0.377040	-0.192310	0.906012
36722	4.374941	-0.587366	9.274208	0.000734	0.015601	0.002157	-0.858114	0.295730	0.419742	-0.348669	-0.935715	-0.053553	0.376921	-0.192306	0.906062
36723	4.362102	-0.571827	9.289794	0.003736	0.012379	0.004386	-0.858239	0.295463	0.419675	-0.348372	-0.935824	-0.053580	0.376911	-0.192187	0.906092
36724	4.377414	-0.554704	9.285586	0.001518	0.016811	0.007239	-0.858282	0.295512	0.419553	-0.348404	-0.935811	-0.053593	0.376785	-0.192172	0.906147
36725	4.356964	-0.579589	9.257599	0.000816	0.018889	0.007608	-0.858517	0.294932	0.419479	-0.347769	-0.936045	-0.053627	0.376835	-0.191922	0.906180
36726	4.349853	-0.612389	9.248396	0.002034	0.021918	0.007255	-0.858579	0.294992	0.419311	-0.347798	-0.936034	-0.053636	0.376667	-0.191887	0.906257
36727	4.289232	-0.623249	9.255358	0.003954	0.022867	0.006534	-0.858951	0.293997	0.419248	-0.346700	-0.936441	-0.053636	0.376833	-0.191424	0.906286
36728	4.240182	-0.649582	9.247326	-0.000059	0.021270	0.002720	-0.858995	0.294097	0.419088	-0.346775	-0.936413	-0.053645	0.376663	-0.191410	0.906359
36729	4.250018	-0.664897	9.233171	0.005770	0.015129	0.001921	-0.858952	0.294432	0.418941	-0.347119	-0.936284	-0.053675	0.376444	-0.191527	0.906426
36730	4.279191	-0.655221	9.247555	0.004966	0.008522	-0.001604	-0.858933	0.294548	0.418899	-0.347213	-0.936252	-0.053621	0.376401	-0.191504	0.906448
36731	4.316787	-0.587983	9.248459	0.002252	0.013243	-0.000323	-0.859044	0.294339	0.418818	-0.346990	-0.936331	-0.053677	0.376353	-0.191436	0.906483
36732	4.329211	-0.595659	9.267694	0.002954	0.011164	-0.000691	-0.859038	0.294452	0.418751	-0.347084	-0.936299	-0.053644	0.376280	-0.191424	0.906515
36733	4.363663	-0.553673	9.292117	0.001528	0.009925	0.001602	-0.859113	0.294394	0.418638	-0.347056	-0.936300	-0.053792	0.376135	-0.191504	0.906559
36734	4.351138	-0.538001	9.307526	0.002954	0.011163	-0.000690	-0.859107	0.294506	0.418571	-0.347150	-0.936268	-0.053759	0.376062	-0.191492	0.906591
36735	4.328280	-0.587560	9.302730	0.002021	0.009635	0.003174	-0.859394	0.293728	0.418528	-0.346319	-0.936571	-0.053826	0.376171	-0.191202	0.906607
36736	4.339866	-0.585524	9.231159	-0.000862	0.014659	-0.000804	-0.859401	0.293847	0.418430	-0.346427	-0.936531	-0.053828	0.376055	-0.191216	0.906653
36737	4.312490	-0.579805	9.285065	-0.000716	0.008960	0.006011	-0.859387	0.293998	0.418353	-0.346616	-0.936456	-0.053927	0.375915	-0.191352	0.906682
36738	4.339647	-0.578195	9.265816	0.003355	0.014465	0.001075	-0.859400	0.294099	0.418255	-0.346692	-0.936429	-0.053899	0.375815	-0.191327	0.906729
36739	4.338462	-0.578183	9.266371	-0.000601	0.010763	0.004263	-0.859861	0.292792	0.418226	-0.345304	-0.936936	-0.054005	0.376038	-0.190852	0.906736
36740	4.334229	-0.603404	9.290385	0.002306	0.011133	0.006687	-0.859881	0.292833	0.418155	-0.345335	-0.936924	-0.054010	0.375964	-0.190846	0.906768
36741	4.349708	-0.586366	9.286133	0.002214	0.014725	0.006880	-0.859971	0.292654	0.418096	-0.345137	-0.936995	-0.054036	0.375940	-0.190770	0.906794
36742	4.348444	-0.586262	9.286731	0.005044	0.011807	0.003852	-0.859983	0.292724	0.418021	-0.345183	-0.936981	-0.054004	0.375869	-0.190736	0.906831
36743	4.342013	-0.618613	9.277239	0.006431	0.014530	0.008760	-0.860062	0.292595	0.417949	-0.345025	-0.937039	-0.054001	0.375834	-0.190647	0.906864
36744	4.315456	-0.595078	9.274144	0.002330	0.016527	0.005133	-0.860097	0.292661	0.417831	-0.345069	-0.937023	-0.053999	0.375713	-0.190625	0.906919
36745	4.248352	-0.646195	9.236911	0.000293	0.013774	0.007601	-0.859981	0.293174	0.417711	-0.345635	-0.936809	-0.054082	0.375460	-0.190885	0.906969
36746	4.262645	-0.646683	9.289797	0.003123	0.010856	0.004574	-0.859992	0.293235	0.417644	-0.345681	-0.936793	-0.054071	0.375390	-0.190873	0.907000
36747	4.293118	-0.619807	9.247022	0.002957	0.011159	-0.000685	-0.860154	0.292714	0.417676	-0.345100	-0.937010	-0.054021	0.375554	-0.190606	0.906989
36748	4.285669	-0.571306	9.272548	0.005370	0.011818	0.000168	-0.860154	0.292818	0.417603	-0.345175	-0.936985	-0.053971	0.375484	-0.190569	0.907025
36749	4.309752	-0.594385	9.276841	0.002840	0.009356	0.001063	-0.860516	0.291602	0.417709	-0.343850	-0.937476	-0.053909	0.375872	-0.190018	0.906980
36750	4.330780	-0.544442	9.282544	0.002840	0.009355	0.001063	-0.860510	0.291692	0.417658	-0.343927	-0.937449	-0.053885	0.375815	-0.190013	0.907005
36751	4.343241	-0.552171	9.301770	0.002748	0.012946	0.001256	-0.860650	0.291382	0.417586	-0.343581	-0.937575	-0.053907	0.375810	-0.189869	0.907037
36752	4.325370	-0.568961	9.307129	0.006354	0.011238	0.003314	-0.860659	0.291455	0.417517	-0.343625	-0.937561	-0.053861	0.375749	-0.189825	0.907072
36753	4.307551	-0.585710	9.312464	0.005535	0.011513	0.005430	-0.860747	0.291281	0.417457	-0.343435	-0.937629	-0.053889	0.375723	-0.189754	0.907097
36754	4.321435	-0.575728	9.274477	0.010334	0.007438	0.008693	-0.860760	0.291296	0.417419	-0.343418	-0.937639	-0.053830	0.375708	-0.189684	0.907118
36755	4.317642	-0.599837	9.298336	0.015296	0.003678	0.003010	-0.861245	0.289670	0.417552	-0.341625	-0.938300	-0.053707	0.376231	-0.188901	0.907065
36756	4.345554	-0.597275	9.278875	0.009933	0.004136	0.006929	-0.861239	0.289694	0.417545	-0.341624	-0.938304	-0.053644	0.376244	-0.188844	0.907071
36757	4.301369	-0.597959	9.246463	0.008130	0.004990	0.005900	-0.861536	0.288697	0.417624	-0.340540	-0.938700	-0.053607	0.376547	-0.188402	0.907037
36758	4.324659	-0.540307	9.285639	0.005508	0.006119	0.006986	-0.861539	0.288724	0.417599	-0.340555	-0.938696	-0.053585	0.376528	-0.188381	0.907050
36759	4.293068	-0.637487	9.203359	0.007429	0.007067	0.006268	-0.861592	0.288561	0.417603	-0.340383	-0.938758	-0.053596	0.376562	-0.188323	0.907047
36760	4.265992	-0.631246	9.257024	0.003705	0.006973	0.005956	-0.861594	0.288599	0.417572	-0.340413	-0.938748	-0.053586	0.376530	-0.188316	0.907063
36761	4.245321	-0.673208	9.285708	0.004525	0.006697	0.003841	-0.861931	0.287616	0.417554	-0.339364	-0.939124	-0.053647	0.376705	-0.187943	0.907067
36762	4.309872	-0.611914	9.233104	0.006374	0.004355	-0.002328	-0.861896	0.287727	0.417551	-0.339455	-0.939095	-0.053578	0.376704	-0.187918	0.907073
36763	4.319739	-0.546292	9.253502	0.001621	0.006327	0.001414	-0.862189	0.286779	0.417598	-0.338439	-0.939461	-0.053592	0.376948	-0.187537	0.907050
36764	4.319188	-0.546307	9.253759	-0.000300	0.005380	0.002131	-0.862173	0.286850	0.417583	-0.338516	-0.939433	-0.053602	0.376916	-0.187572	0.907056
36765	4.328751	-0.579323	9.296362	0.000920	0.008405	0.001781	-0.862169	0.286918	0.417544	-0.338610	-0.939395	-0.053669	0.376840	-0.187656	0.907070
36766	4.341391	-0.587401	9.315492	-0.001211	0.009247	0.004438	-0.862175	0.286974	0.417493	-0.338671	-0.939372	-0.053697	0.376771	-0.187689	0.907092
36767	4.330329	-0.554673	9.273572	0.000100	0.008681	0.003896	-0.862386	0.286464	0.417407	-0.338152	-0.939551	-0.053833	0.376754	-0.187571	0.907124
36768	4.296084	-0.589239	9.283506	-0.003743	0.006787	0.005331	-0.862386	0.286506	0.417377	-0.338214	-0.939525	-0.053887	0.376697	-0.187635	0.907134
36769	4.328825	-0.555494	9.274225	-0.000720	0.008957	0.006012	-0.862722	0.285462	0.417400	-0.337110	-0.939918	-0.053956	0.376919	-0.187259	0.907120
36770	4.292555	-0.597599	9.250581	-0.000720	0.008957	0.006012	-0.862732	0.285502	0.417351	-0.337155	-0.939900	-0.053986	0.376855	-0.187287	0.907141
36771	4.253058	-0.664750	9.250454	-0.001821	0.007733	0.004614	-0.862650	0.285859	0.417276	-0.337590	-0.939735	-0.054139	0.376652	-0.187572	0.907166
36772	4.254217	-0.657439	9.284403	-0.001492	0.007746	0.000927	-0.862640	0.285943	0.417240	-0.337681	-0.939701	-0.054155	0.376596	-0.187611	0.907181
36773	4.275570	-0.607971	9.289937	-0.002713	0.004721	0.001276	-0.862912	0.285067	0.417276	-0.336776	-0.940020	-0.054254	0.376782	-0.187345	0.907159
36774	4.316939	-0.614553	9.289203	-0.001892	0.004445	-0.000838	-0.862883	0.285162	0.417271	-0.336883	-0.939981	-0.054267	0.376752	-0.187397	0.907160
36775	4.321526	-0.582172	9.299545	-0.002803	0.008311	0.001469	-0.863176	0.284343	0.417225	-0.336032	-0.940279	-0.054392	0.376842	-0.187151	0.907174
36776	4.337511	-0.565412	9.295091	-0.002312	0.008022	0.003042	-0.863173	0.284407	0.417186	-0.336107	-0.940250	-0.054424	0.376781	-0.187197	0.907190
36777	4.291573	-0.584066	9.319941	0.005745	0.009719	0.003497	-0.863384	0.283745	0.417200	-0.335386	-0.940508	-0.054415	0.376941	-0.186904	0.907184
36778	4.216824	-0.621343	9.421225	0.007266	-0.012400	0.005487	-0.863313	0.283748	0.417345	-0.335403	-0.940505	-0.054371	0.377088	-0.186918	0.907120
36779	4.305143	-0.598397	9.304222	0.012381	-0.028734	0.000977	-0.863289	0.283345	0.417668	-0.335007	-0.940650	-0.054299	0.377494	-0.186798	0.906976
36780	4.324800	-0.580052	9.298155	0.015583	-0.033747	0.001277	-0.863124	0.283348	0.418009	-0.335029	-0.940650	-0.054162	0.377853	-0.186794	0.906827
36781	4.339262	-0.594327	9.282009	0.012380	-0.028739	0.000982	-0.863365	0.282201	0.418286	-0.333851	-0.941067	-0.054184	0.378345	-0.186426	0.906698
36782	4.343056	-0.575954	9.223737	0.009668	-0.024018	0.002260	-0.863239	0.282212	0.418538	-0.333886	-0.941060	-0.054105	0.378600	-0.186449	0.906586
36783	4.279769	-0.636066	9.275846	0.006376	-0.015416	0.002154	-0.863539	0.281027	0.418717	-0.332654	-0.941493	-0.054153	0.379001	-0.186051	0.906501
36784	4.337426	-0.632362	9.235995	0.008118	-0.007288	0.001817	-0.863476	0.281073	0.418817	-0.332698	-0.941481	-0.054086	0.379107	-0.186042	0.906458
36785	4.318110	-0.575704	9.241973	0.005124	-0.004066	-0.000420	-0.863665	0.280379	0.418893	-0.331973	-0.941735	-0.054120	0.379312	-0.185802	0.906421
36786	4.368281	-0.622258	9.249685	0.003515	0.001881	0.002252	-0.863638	0.280437	0.418910	-0.332030	-0.941716	-0.054097	0.379324	-0.185810	0.906415
36787	4.357299	-0.588380	9.207788	0.014701	0.015042	-0.006938	-0.863641	0.280631	0.418772	-0.332197	-0.941659	-0.054063	0.379169	-0.185806	0.906481
36788	4.313051	-0.500119	9.244381	0.005495	0.013612	-0.001584	-0.863646	0.280747	0.418685	-0.332280	-0.941633	-0.054006	0.379086	-0.185762	0.906524
36789	4.350273	-0.531073	9.267642	0.003365	0.014455	0.001073	-0.863809	0.280361	0.418606	-0.331865	-0.941776	-0.054063	0.379076	-0.185621	0.906557
36790	4.283771	-0.493606	9.299062	-0.000167	0.019455	0.004463	-0.863857	0.280430	0.418463	-0.331916	-0.941757	-0.054083	0.378924	-0.185614	0.906622
36791	4.343611	-0.556628	9.292772	-0.006141	0.018406	0.008555	-0.864252	0.279335	0.418377	-0.330765	-0.942154	-0.054228	0.379028	-0.185251	0.906653
36792	4.339740	-0.565086	9.260018	-0.004309	0.022941	0.008030	-0.864325	0.279377	0.418200	-0.330801	-0.942137	-0.054300	0.378832	-0.185274	0.906731
36793	4.299656	-0.651929	9.442305	-0.000836	0.026922	0.003275	-0.864713	0.278494	0.417986	-0.329844	-0.942465	-0.054428	0.378779	-0.184935	0.906822
36794	4.251778	-0.677951	9.433585	0.006525	-0.008222	-0.001150	-0.864638	0.278563	0.418097	-0.329917	-0.942443	-0.054364	0.378889	-0.184942	0.906774
36795	4.320041	-0.599275	9.322770	-0.001897	-0.026980	-0.014653	-0.864898	0.277277	0.418413	-0.328609	-0.942897	-0.054419	0.379431	-0.184561	0.906625
36796	4.345711	-0.531442	9.269761	0.005250	-0.021419	-0.011892	-0.864737	0.277423	0.418649	-0.328779	-0.942843	-0.054321	0.379650	-0.184617	0.906522
36797	4.317283	-0.539681	9.255036	0.005442	-0.016328	-0.008188	-0.864763	0.277004	0.418872	-0.328356	-0.942993	-0.054284	0.379957	-0.184482	0.906421
36798	4.294613	-0.596186	9.215695	0.007837	-0.008788	-0.001691	-0.864684	0.277076	0.418988	-0.328428	-0.942972	-0.054205	0.380075	-0.184478	0.906372
36799	4.243013	-0.654246	9.196346	0.007866	-0.003397	-0.003250	-0.865077	0.275686	0.419092	-0.326927	-0.943495	-0.054185	0.380473	-0.183887	0.906325
36800	4.208076	-0.695005	9.172239	0.011188	-0.006608	-0.004699	-0.864997	0.275790	0.419190	-0.327011	-0.943473	-0.054064	0.380584	-0.183845	0.906287
36801	4.280681	-0.690668	9.185066	0.015851	-0.004994	-0.008249	-0.865731	0.273186	0.419381	-0.324127	-0.944479	-0.053862	0.381382	-0.182562	0.906211
36802	4.284943	-0.477407	9.207773	0.012066	0.003896	-0.009933	-0.865673	0.273358	0.419387	-0.324252	-0.944445	-0.053710	0.381405	-0.182483	0.906217
36803	4.403179	-0.545217	9.252499	0.009307	0.010112	-0.001461	-0.866113	0.271959	0.419388	-0.322707	-0.944976	-0.053665	0.381717	-0.181819	0.906219
36804	4.310868	-0.500819	9.336970	0.007013	0.011254	-0.004066	-0.866104	0.272088	0.419324	-0.322800	-0.944949	-0.053584	0.381660	-0.181767	0.906254
36805	4.298754	-0.582737	9.374370	0.005735	-0.002553	-0.000592	-0.866484	0.270707	0.419432	-0.321315	-0.945455	-0.053580	0.382050	-0.181196	0.906204
36806	4.410127	-0.512766	9.387406	-0.001812	-0.011422	-0.005109	-0.866385	0.270804	0.419574	-0.321450	-0.945410	-0.053575	0.382161	-0.181289	0.906139
36807	4.289426	-0.664655	9.410509	0.002722	-0.023885	-0.010985	-0.867003	0.268348	0.419875	-0.318831	-0.946297	-0.053565	0.382952	-0.180310	0.906000
36808	4.315101	-0.587109	9.266298	0.000509	-0.038614	-0.017851	-0.866760	0.268516	0.420270	-0.319066	-0.946222	-0.053485	0.383307	-0.180452	0.905822
36809	4.355033	-0.527493	9.231518	-0.005737	-0.028890	-0.013191	-0.867098	0.266913	0.420593	-0.317409	-0.946776	-0.053539	0.383917	-0.179924	0.905668
36810	4.305474	-0.586000	9.211280	0.002930	-0.025681	-0.012918	-0.866920	0.267057	0.420869	-0.317592	-0.946719	-0.053458	0.384168	-0.180008	0.905545
36811	4.319059	-0.600893	9.195502	0.003196	-0.017291	-0.003772	-0.867313	0.265417	0.421095	-0.315847	-0.947303	-0.053452	0.384718	-0.179361	0.905440
36812	4.346212	-0.535276	9.267280	0.005635	-0.011240	-0.004480	-0.867218	0.265507	0.421235	-0.315946	-0.947274	-0.053382	0.384852	-0.179381	0.905379
36813	4.330302	-0.551733	9.271799	0.005827	-0.006144	-0.000782	-0.867569	0.264163	0.421358	-0.314496	-0.947758	-0.053363	0.385249	-0.178811	0.905323
36814	4.335999	-0.518510	9.281592	0.007422	-0.005206	0.002186	-0.867518	0.264199	0.421440	-0.314529	-0.947750	-0.053305	0.385337	-0.178798	0.905288
36815	4.406265	-0.522642	9.260800	0.009535	0.000837	0.005163	-0.867937	0.262784	0.421461	-0.312991	-0.948258	-0.053314	0.385644	-0.178187	0.905278
36816	4.332054	-0.533260	9.214413	-0.002989	0.002620	0.011968	-0.867947	0.262741	0.421467	-0.312979	-0.948258	-0.053392	0.385631	-0.178252	0.905271
36817	4.237687	-0.586545	9.196564	0.000034	0.004792	0.012644	-0.868253	0.261711	0.421478	-0.311892	-0.948611	-0.053476	0.385823	-0.177887	0.905261
36818	4.261637	-0.627806	9.257557	0.000398	-0.009577	0.011897	-0.868216	0.261647	0.421594	-0.311867	-0.948617	-0.053523	0.385927	-0.177951	0.905204
36819	4.377395	-0.515817	9.189578	0.008198	-0.003991	0.007269	-0.868366	0.260953	0.421715	-0.311111	-0.948868	-0.053469	0.386199	-0.177631	0.905151
36820	4.313740	-0.559087	9.185430	0.003850	0.001292	0.012770	-0.868374	0.260900	0.421732	-0.311065	-0.948882	-0.053488	0.386219	-0.177634	0.905141
36821	4.335277	-0.607425	9.213061	0.011089	0.003267	0.015330	-0.868610	0.260071	0.421757	-0.310153	-0.949182	-0.053461	0.386421	-0.177246	0.905131
36822	4.408723	-0.498476	9.237506	0.012386	0.009587	0.020423	-0.868673	0.259960	0.421696	-0.310007	-0.949231	-0.053434	0.386396	-0.177146	0.905162
36823	4.340507	-0.566534	9.257607	0.012906	0.014691	0.020434	-0.869018	0.258909	0.421632	-0.308827	-0.949619	-0.053391	0.386567	-0.176609	0.905194
36824	4.413804	-0.538390	9.247835	0.015543	0.025834	0.023422	-0.869153	0.258797	0.421422	-0.308642	-0.949681	-0.053349	0.386410	-0.176437	0.905294
36825	4.312861	-0.534934	9.289478	0.009690	0.026588	0.025768	-0.869476	0.258076	0.421199	-0.307838	-0.949938	-0.053422	0.386326	-0.176110	0.905394
36826	4.371785	-0.499623	9.261356	0.007100	0.033112	0.025290	-0.869645	0.257959	0.420922	-0.307669	-0.949990	-0.053464	0.386080	-0.175999	0.905520
36827	4.354691	-0.590228	9.266587	0.007830	0.036420	0.023365	-0.870035	0.257146	0.420613	-0.306744	-0.950286	-0.053530	0.385937	-0.175593	0.905660
36828	4.203438	-0.709176	9.197291	0.010181	0.026891	0.013140	-0.870142	0.257133	0.420398	-0.306669	-0.950312	-0.053493	0.385755	-0.175470	0.905761
36829	4.377949	-0.499921	9.318076	0.008084	0.033127	0.014233	-0.870399	0.256677	0.420147	-0.306115	-0.950491	-0.053488	0.385616	-0.175169	0.905878
36830	4.272140	-0.610008	9.315086	0.001578	0.034467	0.009738	-0.870525	0.256709	0.419866	-0.306102	-0.950493	-0.053515	0.385342	-0.175108	0.906007
36831	4.259265	-0.478955	9.251642	0.008621	0.031338	0.008614	-0.870662	0.256634	0.419626	-0.305962	-0.950540	-0.053496	0.385143	-0.174966	0.906119
36832	4.338689	-0.508267	9.308413	0.016854	0.025841	0.008701	-0.870752	0.256661	0.419424	-0.305899	-0.950566	-0.053380	0.384990	-0.174782	0.906220
36833	4.284336	-0.566078	9.290374	0.013795	0.018284	0.009585	-0.870937	0.256218	0.419309	-0.305359	-0.950744	-0.053303	0.384999	-0.174463	0.906277
36834	4.335284	-0.506061	9.310119	0.019212	0.008830	0.007054	-0.870956	0.256231	0.419262	-0.305302	-0.950771	-0.053159	0.385001	-0.174300	0.906308
36835	4.310366	-0.660282	9.294281	0.015453	0.003354	0.008301	-0.870964	0.256183	0.419276	-0.305215	-0.950804	-0.053071	0.385053	-0.174192	0.906306
36836	4.329225	-0.536302	9.300678	0.014071	0.000626	0.003391	-0.870940	0.256216	0.419305	-0.305209	-0.950812	-0.052958	0.385111	-0.174099	0.906300
36837	4.324126	-0.567892	9.290723	0.012725	-0.004194	0.005497	-0.870932	0.256112	0.419386	-0.305080	-0.950857	-0.052884	0.385232	-0.174004	0.906266
36838	4.301149	-0.633911	9.342683	0.009909	-0.008152	0.002878	-0.870873	0.256134	0.419495	-0.305095	-0.950857	-0.052806	0.385354	-0.173973	0.906221
36839	4.355820	-0.557121	9.304082	0.006115	-0.011535	-0.002890	-0.870783	0.256183	0.419651	-0.305159	-0.950839	-0.052754	0.385506	-0.173997	0.906151
36840	4.365588	-0.499592	9.289820	-0.005840	-0.013602	0.005283	-0.870710	0.256174	0.419808	-0.305213	-0.950818	-0.052829	0.385628	-0.174130	0.906074
36841	4.377937	-0.515863	9.274605	-0.002989	-0.004257	0.006335	-0.870679	0.256140	0.419894	-0.305224	-0.950810	-0.052898	0.385691	-0.174219	0.906030
36842	4.198407	-0.661817	9.246924	-0.004422	-0.005486	0.008627	-0.870647	0.256113	0.419976	-0.305244	-0.950800	-0.052975	0.385746	-0.174318	0.905988
36843	4.149987	-0.793969	9.226384	0.006848	-0.015707	0.003763	-0.870555	0.256121	0.420162	-0.305281	-0.950789	-0.052948	0.385925	-0.174362	0.905903
36844	4.282446	-0.682039	9.210519	0.007178	-0.015702	0.000074	-0.870458	0.256157	0.420341	-0.305331	-0.950777	-0.052884	0.386104	-0.174376	0.905824
36845	4.308694	-0.704862	9.213966	0.006112	-0.011537	-0.002890	-0.870356	0.256253	0.420493	-0.305447	-0.950742	-0.052835	0.386241	-0.174424	0.905756
36846	4.285655	-0.591862	9.277821	0.008855	-0.010877	-0.005722	-0.870260	0.256353	0.420631	-0.305541	-0.950718	-0.052731	0.386383	-0.174410	0.905698
36847	4.392366	-0.554304	9.280634	0.003700	-0.012192	-0.003747	-0.870155	0.256447	0.420791	-0.305664	-0.950680	-0.052702	0.386522	-0.174479	0.905626
36848	4.398268	-0.521007	9.290295	0.007164	-0.001334	-0.002876	-0.870105	0.256536	0.420841	-0.305739	-0.950660	-0.052625	0.386576	-0.174457	0.905607
36849	4.346262	-0.579562	9.271216	-0.001346	-0.004820	0.002108	-0.870043	0.256599	0.420930	-0.305844	-0.950624	-0.052665	0.386633	-0.174559	0.905563
36850	3.966945	-0.705792	9.109048	0.017600	-0.004387	0.000007	-0.869989	0.256656	0.421006	-0.305854	-0.950630	-0.052505	0.386745	-0.174446	0.905537
36851	4.234479	-0.581993	9.349465	0.030434	-0.018476	-0.014530	-0.869825	0.256844	0.421231	-0.305971	-0.950609	-0.052187	0.387022	-0.174278	0.905451
36852	4.801430	-0.443875	9.444826	0.017663	-0.020259	-0.004234	-0.869697	0.256914	0.421453	-0.306018	-0.950604	-0.052010	0.387272	-0.174205	0.905358
36853	4.523455	-0.549398	9.219005	-0.007763	0.018997	0.012743	-0.869761	0.256914	0.421320	-0.306051	-0.950585	-0.052153	0.387102	-0.174306	0.905411
36854	4.182826	-0.710647	9.205113	-0.008046	0.017489	0.009233	-0.869821	0.256921	0.421193	-0.306080	-0.950570	-0.052265	0.386946	-0.174380	0.905464
36855	4.289797	-0.578316	9.310752	-0.005990	0.013337	0.001132	-0.869829	0.257017	0.421118	-0.306203	-0.950526	-0.052344	0.386830	-0.174478	0.905494
36856	4.276153	-0.580577	9.383088	-0.006184	0.000762	0.006025	-0.869813	0.257025	0.421144	-0.306253	-0.950506	-0.052425	0.386825	-0.174577	0.905477
36857	4.307961	-0.653229	9.362055	-0.006660	-0.013320	0.007406	-0.869736	0.257021	0.421307	-0.306329	-0.950475	-0.052536	0.386939	-0.174751	0.905395
36858	4.357689	-0.708690	9.335605	-0.003660	-0.023434	0.004025	-0.869621	0.257006	0.421553	-0.306387	-0.950453	-0.052587	0.387152	-0.174889	0.905277
36859	4.261716	-0.875528	9.271842	-0.016990	-0.027640	-0.006919	-0.869442	0.257117	0.421854	-0.306633	-0.950366	-0.052730	0.387358	-0.175201	0.905129
36860	4.261301	-0.902099	9.294017	-0.032896	-0.032209	-0.023979	-0.869207	0.257353	0.422195	-0.307048	-0.950221	-0.052927	0.387558	-0.175639	0.904959
36861	4.268270	-0.889141	9.359560	-0.049185	-0.027808	-0.038726	-0.868931	0.257762	0.422513	-0.307692	-0.949996	-0.053230	0.387665	-0.176257	0.904792
36862	4.340231	-0.815996	9.372032	-0.052790	-0.025512	-0.054997	-0.868626	0.258304	0.422810	-0.308452	-0.949736	-0.053475	0.387745	-0.176866	0.904639
36863	4.073626	-0.903390	9.369911	-0.061254	-0.030519	-0.057189	-0.868281	0.258885	0.423163	-0.309307	-0.949439	-0.053809	0.387837	-0.177608	0.904454
36864	3.707516	-1.441306	9.759470	-0.044673	-0.078659	-0.063959	-0.867740	0.259416	0.423945	-0.310114	-0.949168	-0.053942	0.388402	-0.178279	0.904080
36865	3.650931	-1.367042	10.026272	-0.010184	-0.123078	-0.097222	-0.866910	0.260211	0.425155	-0.311117	-0.948856	-0.053645	0.389452	-0.178778	0.903529
36866	3.122062	-1.138911	10.640042	-0.050744	-0.224888	-0.209840	-0.865340	0.261863	0.427335	-0.313211	-0.948192	-0.053209	0.391262	-0.179889	0.902526
36867	1.815690	-1.314668	11.856534	0.042005	-0.443423	-0.200082	-0.862920	0.263046	0.431480	-0.314890	-0.947703	-0.051996	0.395238	-0.180737	0.900623
36868	2.897050	-0.823251	11.456679	0.238050	-0.718024	-0.225962	-0.859307	0.263955	0.438086	-0.315965	-0.947511	-0.048873	0.402191	-0.180416	0.897603
36869	2.590655	-1.221338	11.781745	0.378955	-0.958824	-0.289489	-0.854445	0.265056	0.446844	-0.317015	-0.947389	-0.044222	0.411614	-0.179442	0.893518
36870	2.772488	-0.970984	11.832723	0.510637	-1.300222	-0.378855	-0.847768	0.266385	0.458616	-0.318183	-0.947269	-0.037956	0.424322	-0.178102	0.887824
36871	2.995912	-0.885541	11.964233	0.425797	-1.692311	-0.487066	-0.838859	0.268053	0.473776	-0.320552	-0.946692	-0.031944	0.439957	-0.178667	0.880066
36872	3.659901	-2.917537	12.060038	0.443817	-2.041651	-0.612192	-0.827675	0.270249	0.491853	-0.323738	-0.945814	-0.025099	0.458419	-0.180005	0.870316
36873	3.984750	-1.349175	11.664117	0.743798	-2.229285	-0.733758	-0.814797	0.273266	0.511304	-0.326391	-0.945116	-0.015009	0.479140	-0.179114	0.859269
36874	4.779633	-0.956717	11.528491	0.681856	-2.443524	-0.860993	-0.799951	0.277082	0.532263	-0.330078	-0.943942	-0.004691	0.501125	-0.179441	0.846566
36875	5.554114	-3.720010	11.000115	0.812741	-2.575811	-1.044926	-0.783235	0.282393	0.553893	-0.334288	-0.942439	0.007786	0.524209	-0.179062	0.832551
36876	6.925903	-2.135343	11.755014	1.034753	-2.601844	-1.114548	-0.765499	0.288325	0.575222	-0.337449	-0.941072	0.022630	0.547850	-0.176785	0.817684
36877	5.852539	-2.046931	10.436138	1.051678	-2.675834	-1.170436	-0.746511	0.294698	0.596552	-0.340526	-0.939468	0.037974	0.571633	-0.174794	0.801675
36878	6.075364	-2.387247	9.942737	1.068695	-2.746647	-1.248618	-0.726163	0.301705	0.617788	-0.343559	-0.937574	0.054049	0.595529	-0.172998	0.784485
36879	6.686899	-3.464379	9.671651	1.195507	-2.720485	-1.339704	-0.704977	0.309656	0.638060	-0.346012	-0.935487	0.071699	0.619099	-0.170230	0.766641
36880	6.102279	-3.141175	8.683855	1.491857	-2.593759	-1.441875	-0.683574	0.318853	0.656551	-0.346687	-0.933423	0.092359	0.642289	-0.164484	0.748605
36881	5.090838	-1.520194	8.184857	1.641500	-2.500157	-1.477051	-0.662067	0.328675	0.673528	-0.346046	-0.931232	0.114275	0.664770	-0.157414	0.730275
36882	3.986930	-1.154320	8.686696	1.552455	-2.357178	-1.342869	-0.641466	0.337598	0.688876	-0.344390	-0.929121	0.134647	0.685505	-0.150871	0.712264
36883	7.531076	-2.991843	10.374989	1.265614	-2.052842	-0.754771	-0.624583	0.341626	0.702273	-0.340535	-0.928389	0.148759	0.702803	-0.146236	0.696192
36884	7.494692	-3.942653	11.570924	0.765979	-1.371426	-0.062355	-0.614606	0.340281	0.711666	-0.335567	-0.929257	0.154520	0.713900	-0.143843	0.685314
36885	4.722219	-5.656149	10.334699	0.606542	-0.754751	0.496325	-0.610793	0.334655	0.717592	-0.328353	-0.931744	0.155043	0.720497	-0.140924	0.678987
36886	2.141268	-6.323937	9.090148	0.739381	-0.360364	0.908525	-0.611072	0.325739	0.721446	-0.317529	-0.935735	0.153542	0.725097	-0.135255	0.675233
36887	1.376719	-5.311777	8.704755	0.946967	-0.113615	1.227231	-0.614013	0.314143	0.724087	-0.303334	-0.940850	0.150963	0.728681	-0.126947	0.672985
36888	1.240443	-3.760282	8.807914	1.019248	0.127107	1.502315	-0.619325	0.300186	0.725483	-0.286703	-0.946680	0.146960	0.730916	-0.116982	0.672367
36889	1.118968	-2.475817	8.994552	0.944523	0.365758	1.745298	-0.626819	0.284089	0.725528	-0.269148	-0.952789	0.140545	0.731202	-0.107178	0.673688
36890	1.069955	-1.766170	9.139389	0.772339	0.600429	1.952100	-0.636238	0.266114	0.724144	-0.251253	-0.958928	0.131641	0.729433	-0.098188	0.676968
36891	1.197400	-1.393172	9.141619	0.612319	0.803963	2.095978	-0.647156	0.246781	0.721310	-0.233577	-0.964838	0.120536	0.725694	-0.090476	0.682043
36892	1.822425	-1.019529	9.251994	0.483145	1.011240	2.175775	-0.659314	0.226676	0.716884	-0.215945	-0.970389	0.108230	0.720189	-0.083450	0.688741
36893	2.609927	-0.652511	9.405536	0.384627	1.242826	2.198231	-0.672782	0.206359	0.710479	-0.198773	-0.975422	0.095085	0.712639	-0.077253	0.697265
36894	3.192383	-0.205156	9.386586	0.309655	1.494811	2.162548	-0.687441	0.186397	0.701912	-0.181950	-0.979882	0.082015	0.703078	-0.071333	0.707526
36895	3.532556	0.259724	9.229929	0.240354	1.722105	2.061664	-0.703057	0.167415	0.691146	-0.166162	-0.983664	0.069246	0.691448	-0.066158	0.719390
36896	3.585372	0.702605	8.936059	0.151401	1.905576	1.897300	-0.719087	0.150011	0.678536	-0.151712	-0.986758	0.057375	0.678158	-0.061684	0.732323
36897	3.548242	1.162178	8.786180	0.042692	2.008205	1.683476	-0.735041	0.134667	0.664515	-0.139398	-0.989155	0.046264	0.663539	-0.058627	0.745841
36898	3.611422	1.727828	8.780296	-0.100097	2.054756	1.426463	-0.750402	0.121804	0.649662	-0.129540	-0.990915	0.036158	0.648164	-0.057024	0.759363
36899	3.969914	2.098776	8.813677	-0.302175	2.064308	1.153453	-0.765111	0.111631	0.634148	-0.122927	-0.992067	0.026322	0.632055	-0.057815	0.772763
36900	4.501480	2.190767	8.916280	-0.519382	2.061736	0.886927	-0.779016	0.104124	0.618298	-0.119401	-0.992705	0.016739	0.615530	-0.060786	0.785766
36901	5.116215	1.864675	9.078870	-0.720154	2.058039	0.649255	-0.792323	0.099067	0.602005	-0.118853	-0.992887	0.006963	0.598413	-0.066033	0.798462
36902	5.679522	1.347460	8.982444	-0.835399	2.057054	0.443295	-0.804955	0.096161	0.585492	-0.120322	-0.992732	-0.002376	0.581008	-0.072360	0.810675
36903	6.229955	1.123207	8.802424	-0.875768	2.044936	0.274305	-0.817031	0.095063	0.568703	-0.123265	-0.992310	-0.011216	0.563264	-0.079265	0.822466
36904	6.711930	0.997251	8.444548	-0.890095	2.011623	0.143475	-0.828335	0.095377	0.552054	-0.127103	-0.991700	-0.019379	0.545624	-0.086220	0.833583
36905	7.125972	1.028043	8.209568	-0.885526	1.943663	0.050029	-0.838874	0.096700	0.535667	-0.131587	-0.990932	-0.027183	0.528181	-0.093290	0.843991
36906	7.761683	1.112045	8.076640	-0.903925	1.863655	0.011937	-0.848548	0.098459	0.519877	-0.136268	-0.990057	-0.034911	0.511271	-0.100466	0.853527
36907	8.490609	1.052350	7.904189	-0.942328	1.798889	0.026829	-0.857662	0.100153	0.504366	-0.140923	-0.989076	-0.043234	0.494526	-0.108157	0.862407
36908	8.952351	0.554268	7.541074	-0.959502	1.759945	0.085759	-0.866315	0.101348	0.489108	-0.144934	-0.988076	-0.051970	0.478009	-0.115911	0.870673
36909	9.353770	0.056599	7.144499	-0.910575	1.724163	0.163641	-0.874678	0.101878	0.473876	-0.147926	-0.987126	-0.060821	0.461579	-0.123298	0.878489
36910	9.727478	-0.265559	6.801835	-0.829345	1.692060	0.256844	-0.882708	0.101555	0.458818	-0.149515	-0.986326	-0.069334	0.445502	-0.129801	0.885821
36911	10.101843	-0.478804	6.655692	-0.736335	1.661790	0.368822	-0.890545	0.100218	0.443718	-0.149613	-0.985691	-0.077646	0.429587	-0.135533	0.892796
36912	10.537385	-0.538805	6.560328	-0.672936	1.646174	0.472873	-0.898166	0.097901	0.428617	-0.148306	-0.985218	-0.085740	0.413887	-0.140575	0.899409
36913	10.748070	-0.353510	6.313925	-0.638778	1.631301	0.579585	-0.905649	0.094630	0.413335	-0.145826	-0.984830	-0.094046	0.398165	-0.145448	0.905709
36914	10.589153	-0.201252	5.834738	-0.631753	1.603125	0.653558	-0.912825	0.090634	0.398165	-0.142434	-0.984489	-0.102443	0.382704	-0.150225	0.911576
36915	10.070104	0.008497	5.296210	-0.641457	1.518418	0.683243	-0.919482	0.086354	0.383532	-0.138753	-0.984078	-0.111077	0.367833	-0.155349	0.916824
36916	9.624215	0.324123	4.942165	-0.657242	1.379584	0.648152	-0.925327	0.082227	0.370146	-0.135231	-0.983573	-0.119567	0.354234	-0.160694	0.921247
36917	9.724260	0.999857	4.885071	-0.711039	1.222073	0.536279	-0.930292	0.079081	0.358193	-0.132899	-0.982806	-0.128181	0.341898	-0.166849	0.924807
36918	10.089109	1.628798	4.847706	-0.810588	1.106721	0.370777	-0.934483	0.077394	0.347493	-0.132251	-0.981702	-0.137006	0.330531	-0.173986	0.927619
36919	10.181658	2.023434	4.655342	-0.951019	1.037904	0.156981	-0.938052	0.077837	0.337639	-0.134044	-0.980092	-0.146465	0.319517	-0.182651	0.929811
