// General information: 
//  MT Manager version: 2022.2.0 
//  XDA version: 2022.2.0 build 7381 rev 124627 built on 2023-07-19
// Device information: 
//  DeviceId: 00B4CBA7
//  ProductCode: MTW2-3A7G6
//  Firmware Version: 4.6.0
//  Hardware Version: 2.0.0
// Device settings: 
//  Filter Profile: human(46.1)
//  Option Flags: Orientation Smoother Disabled, Position/Velocity Smoother Disabled, Continuous Zero Rotation Update Disabled, AHS Disabled, ICC Disabled
// Coordinate system: ENU
PacketCounter	Acc_X	Acc_Y	Acc_Z	Gyr_X	Gyr_Y	Gyr_Z	Mat[1][1]	Mat[2][1]	Mat[3][1]	Mat[1][2]	Mat[2][2]	Mat[3][2]	Mat[1][3]	Mat[2][3]	Mat[3][3]
47881	9.293084	-0.551622	-6.484148	-0.009795	-1.715420	-0.254501	-0.553348	-0.142358	0.820695	-0.189704	0.980932	0.042246	-0.811060	-0.132312	-0.569803
47882	8.108947	-1.602916	-7.836123	0.100147	-1.609672	-0.205525	-0.565893	-0.146556	0.811349	-0.191748	0.980485	0.043368	-0.801871	-0.131033	-0.582952
47883	7.334505	-1.603072	-8.510966	0.311080	-1.512765	-0.172819	-0.577603	-0.150276	0.802366	-0.195238	0.979814	0.042963	-0.792626	-0.131837	-0.595284
47884	6.915100	-1.604595	-9.409602	0.300448	-1.386038	-0.162824	-0.588176	-0.153764	0.793981	-0.198630	0.979153	0.042481	-0.783961	-0.132723	-0.606457
47885	6.346374	-1.294134	-9.033040	0.331431	-1.253211	-0.176946	-0.597580	-0.157205	0.786247	-0.202287	0.978430	0.041885	-0.775873	-0.134018	-0.616491
47886	6.488596	-1.460532	-8.516715	0.359278	-1.056688	-0.228369	-0.605209	-0.160935	0.779629	-0.206566	0.977555	0.041439	-0.768799	-0.135966	-0.624869
47887	6.478592	-1.054062	-7.908660	0.485381	-0.818808	-0.281814	-0.610874	-0.164854	0.774375	-0.212020	0.976421	0.040612	-0.762811	-0.139374	-0.631422
47888	6.245863	-0.462547	-7.174379	0.486189	-0.581299	-0.319711	-0.614532	-0.168866	0.770607	-0.217830	0.975167	0.039980	-0.758222	-0.143293	-0.636055
47889	5.867737	-0.458673	-6.995582	0.434822	-0.325552	-0.359195	-0.616186	-0.172877	0.768393	-0.223355	0.973916	0.040004	-0.755266	-0.146974	-0.638727
47890	5.542835	-0.341415	-7.016900	0.424292	-0.087314	-0.399925	-0.615865	-0.176970	0.767719	-0.229171	0.972550	0.040345	-0.753785	-0.151092	-0.639516
47891	5.871174	-0.282863	-6.867715	0.371574	0.157067	-0.441131	-0.613641	-0.181054	0.768547	-0.234708	0.971184	0.041390	-0.753895	-0.154985	-0.638453
47892	6.202720	-0.074390	-6.589840	0.403813	0.431270	-0.472661	-0.609187	-0.185030	0.771138	-0.240792	0.969648	0.042440	-0.755586	-0.159830	-0.635251
47893	5.849759	0.235987	-6.628991	0.434776	0.700152	-0.469521	-0.602723	-0.188478	0.775371	-0.246953	0.968057	0.043351	-0.758775	-0.165351	-0.630016
47894	5.371030	0.535922	-6.629897	0.365433	0.952193	-0.435576	-0.594314	-0.191155	0.781185	-0.252483	0.966581	0.044436	-0.763573	-0.170827	-0.622716
47895	4.996532	0.496256	-6.540471	0.271692	1.169747	-0.386623	-0.584343	-0.192900	0.788247	-0.256867	0.965360	0.045822	-0.769781	-0.175699	-0.613651
47896	4.812050	0.482264	-6.439549	0.216874	1.369813	-0.358330	-0.572750	-0.193976	0.796449	-0.260747	0.964246	0.047332	-0.777154	-0.180563	-0.602850
47897	4.801932	0.602517	-6.456826	0.193775	1.552074	-0.337995	-0.559717	-0.194429	0.805552	-0.264197	0.963227	0.048915	-0.785440	-0.185446	-0.590503
47898	5.004025	0.898953	-6.512530	0.144834	1.723994	-0.321553	-0.545177	-0.194339	0.815484	-0.267235	0.962298	0.050672	-0.794587	-0.190301	-0.576557
47899	5.024635	1.106219	-6.664946	0.032283	1.878035	-0.283295	-0.529381	-0.193490	0.826025	-0.269036	0.961679	0.052846	-0.804596	-0.194255	-0.561150
47900	5.233778	1.044301	-7.081587	-0.068561	2.020219	-0.232553	-0.512331	-0.191815	0.837093	-0.269792	0.961337	0.055162	-0.815309	-0.197580	-0.544273
47901	5.435007	0.859077	-7.321025	-0.181422	2.147793	-0.181754	-0.494189	-0.189329	0.848488	-0.269237	0.961344	0.057699	-0.826613	-0.199930	-0.526060
47902	5.664516	0.358377	-7.598676	-0.153545	2.269986	-0.126690	-0.474901	-0.186019	0.860155	-0.268654	0.961392	0.059585	-0.838030	-0.202787	-0.506541
47903	5.426274	-0.163396	-7.288327	-0.033864	2.363345	-0.110086	-0.454648	-0.182273	0.871821	-0.268898	0.961251	0.060742	-0.849111	-0.206815	-0.486044
47904	5.321735	-0.345004	-7.029519	0.309221	2.408913	-0.116633	-0.433713	-0.178360	0.883222	-0.272123	0.960371	0.060312	-0.858977	-0.214187	-0.465061
47905	5.480273	0.598164	-6.675323	0.608986	2.426159	-0.110037	-0.412445	-0.174133	0.894185	-0.277863	0.958834	0.058558	-0.867572	-0.224309	-0.443851
47906	5.764173	1.461040	-6.563260	0.647188	2.408284	-0.091191	-0.391161	-0.169515	0.904576	-0.283919	0.957176	0.056598	-0.875433	-0.234688	-0.422539
47907	6.061629	1.674453	-6.651433	0.493794	2.366413	-0.053238	-0.370181	-0.164403	0.914296	-0.288479	0.955900	0.055084	-0.883032	-0.243364	-0.401283
47908	5.969864	1.289581	-6.675226	0.317590	2.308973	-0.023250	-0.349609	-0.158964	0.923312	-0.291405	0.955069	0.054092	-0.890425	-0.250147	-0.380223
47909	5.871833	0.361595	-6.489441	0.123926	2.203667	-0.003203	-0.329877	-0.153466	0.931466	-0.292537	0.954745	0.053700	-0.897554	-0.254774	-0.359843
47910	6.054576	-0.577800	-6.833940	0.098317	2.072707	0.002567	-0.311194	-0.148158	0.938727	-0.293419	0.954493	0.053376	-0.903916	-0.258830	-0.340505
47911	6.263160	0.036250	-6.571686	0.157058	1.936074	0.016903	-0.293669	-0.142978	0.945154	-0.294804	0.954102	0.052733	-0.909312	-0.263149	-0.322341
47912	6.425221	0.902913	-6.356417	0.013737	1.786435	0.045820	-0.277502	-0.137858	0.950783	-0.294787	0.954130	0.052305	-0.914381	-0.265763	-0.305412
47913	6.412516	0.965272	-6.613125	-0.240633	1.625837	0.088365	-0.262832	-0.132730	0.955668	-0.292352	0.954884	0.052217	-0.919483	-0.265668	-0.289778
47914	6.556894	0.402498	-6.718213	-0.444419	1.464378	0.123144	-0.249684	-0.127728	0.959866	-0.287904	0.956227	0.052353	-0.924537	-0.263278	-0.275528
47915	6.671628	0.045322	-6.856762	-0.427328	1.318817	0.150108	-0.237869	-0.122871	0.963494	-0.283588	0.957530	0.052098	-0.928976	-0.260843	-0.262612
47916	6.956057	0.386025	-7.066197	-0.312856	1.200045	0.172830	-0.227192	-0.118149	0.966656	-0.280218	0.958565	0.051300	-0.932664	-0.259220	-0.250886
47917	7.396845	0.892626	-6.557174	-0.345812	1.079639	0.212262	-0.217675	-0.113361	0.969416	-0.276524	0.959699	0.050133	-0.936030	-0.257154	-0.240249
47918	7.502025	-1.558273	-6.386839	-0.935648	0.799311	0.271517	-0.210930	-0.108790	0.971429	-0.267085	0.962386	0.049785	-0.940305	-0.248953	-0.232052
47919	9.679188	-2.163380	-7.322403	-0.122296	0.590764	0.285337	-0.206109	-0.104610	0.972921	-0.265347	0.962991	0.047330	-0.941865	-0.248407	-0.226239
47920	9.899478	1.950290	-5.111811	-0.287753	0.457096	0.240426	-0.202455	-0.101226	0.974046	-0.262057	0.963969	0.045710	-0.943577	-0.246002	-0.221688
47921	10.563991	-0.126111	-2.994314	-0.797927	0.367284	0.130883	-0.199302	-0.099109	0.974913	-0.254262	0.966030	0.046227	-0.946377	-0.238670	-0.217732
47922	13.551454	-1.461884	-0.763135	-0.133403	0.448072	-0.096659	-0.194839	-0.099042	0.975822	-0.253094	0.966273	0.047538	-0.947619	-0.237712	-0.213334
47923	16.254668	1.229631	1.948849	0.803580	0.564465	-0.336564	-0.188607	-0.100961	0.976849	-0.261357	0.963989	0.049170	-0.946636	-0.246032	-0.208202
47924	18.191992	4.194063	3.422147	1.326261	0.503431	-0.340151	-0.182952	-0.103022	0.977709	-0.274453	0.960308	0.049832	-0.944036	-0.259219	-0.203965
47925	15.189071	6.801571	2.624658	1.494180	0.372087	-0.131944	-0.179054	-0.103330	0.978398	-0.288778	0.956185	0.048135	-0.940504	-0.273921	-0.201048
47926	10.213181	9.157446	1.504403	0.785967	0.209989	0.142065	-0.177504	-0.101454	0.978877	-0.295838	0.954166	0.045247	-0.938601	-0.281557	-0.199382
47927	8.048084	7.472483	0.009211	-0.618381	0.066315	0.333411	-0.177835	-0.098119	0.979156	-0.289442	0.956218	0.043252	-0.940531	-0.275717	-0.198449
47928	8.332875	2.223013	-2.173617	-1.456544	0.009237	0.371946	-0.178810	-0.094613	0.979324	-0.274944	0.960516	0.042595	-0.944687	-0.261643	-0.197763
47929	8.685291	-2.828514	-3.724485	-1.349155	-0.024561	0.343256	-0.179943	-0.091408	0.979421	-0.261565	0.964274	0.041938	-0.948264	-0.248636	-0.197423
47930	9.144506	-4.744109	-4.153188	-0.639181	-0.010084	0.239507	-0.180671	-0.089203	0.979490	-0.254961	0.966084	0.040953	-0.949923	-0.242332	-0.197286
47931	9.451359	-3.705718	-3.601147	-0.166060	0.044064	0.156624	-0.180630	-0.087619	0.979641	-0.253106	0.966620	0.039786	-0.950426	-0.240766	-0.196778
47932	9.553979	-2.660331	-3.400857	-0.120827	0.112110	0.121716	-0.179883	-0.086244	0.979900	-0.251652	0.967035	0.038916	-0.950954	-0.239593	-0.195656
47933	9.647010	-2.052212	-3.225185	-0.108158	0.161340	0.078282	-0.178525	-0.085137	0.980245	-0.250488	0.967358	0.038399	-0.951517	-0.238685	-0.194023
47934	9.878624	-1.354530	-3.295784	0.169559	0.230544	0.022713	-0.176398	-0.084431	0.980691	-0.251986	0.966987	0.037926	-0.951518	-0.240431	-0.191850
47935	9.516655	0.257336	-2.651740	0.523499	0.275373	-0.014203	-0.173723	-0.083935	0.981211	-0.256996	0.965700	0.037107	-0.950670	-0.245721	-0.189335
47936	9.522494	2.101543	-1.763930	0.640400	0.246947	-0.029914	-0.171309	-0.083672	0.981658	-0.263058	0.964098	0.036270	-0.949449	-0.252019	-0.187170
47937	9.728445	3.058139	-1.021774	0.512274	0.207316	0.010571	-0.169350	-0.083079	0.982048	-0.267906	0.962800	0.035251	-0.948444	-0.257127	-0.185307
47938	9.705643	2.418908	-0.578229	0.231385	0.151092	0.063193	-0.168098	-0.082150	0.982341	-0.269909	0.962275	0.034285	-0.948099	-0.259380	-0.183930
47939	9.575126	0.892553	-0.544185	0.061848	0.087614	0.103407	-0.167527	-0.080963	0.982537	-0.270327	0.962196	0.033195	-0.948081	-0.260046	-0.183080
47940	9.563153	-0.383962	-0.692041	0.040462	0.034785	0.108862	-0.167501	-0.079897	0.982629	-0.270443	0.962200	0.032135	-0.948053	-0.260362	-0.182777
47941	9.543289	-1.195034	-0.808483	0.163814	0.004513	0.100425	-0.167711	-0.078955	0.982669	-0.271832	0.961849	0.030889	-0.947618	-0.261941	-0.182775
47942	9.381514	-1.007638	-0.892556	0.274175	-0.028658	0.073977	-0.168190	-0.078385	0.982633	-0.274230	0.961204	0.029738	-0.946842	-0.264466	-0.183161
47943	9.500381	-0.529036	-0.970726	0.290942	-0.068791	0.053262	-0.168968	-0.078092	0.982523	-0.276899	0.960470	0.028720	-0.945926	-0.267207	-0.183912
47944	9.334927	-0.093052	-1.058958	0.335058	-0.087940	0.044175	-0.169925	-0.077966	0.982368	-0.279928	0.959620	0.027740	-0.944863	-0.270279	-0.184889
47945	9.351939	0.405471	-1.245537	0.276875	-0.122006	0.037291	-0.171162	-0.077975	0.982152	-0.282484	0.958895	0.026900	-0.943878	-0.272838	-0.186153
47946	9.313729	0.731205	-1.669848	0.249619	-0.130789	0.041682	-0.172515	-0.077994	0.981914	-0.284708	0.958259	0.026094	-0.942963	-0.275057	-0.187520
47947	9.350322	0.783003	-2.195734	0.266211	-0.106954	0.050377	-0.173647	-0.077842	0.981727	-0.287135	0.957560	0.025138	-0.942019	-0.277523	-0.188628
47948	9.252610	0.693716	-2.341659	0.270220	-0.092629	0.065780	-0.174710	-0.077532	0.981563	-0.289502	0.956875	0.024053	-0.941098	-0.279962	-0.189622
47949	9.474797	0.532675	-2.682542	0.285930	-0.073860	0.066657	-0.175578	-0.077138	0.981439	-0.292080	0.956120	0.022895	-0.940139	-0.282638	-0.190404
47950	9.426394	0.697653	-2.734300	0.378447	-0.025519	0.076768	-0.176047	-0.076539	0.981402	-0.295433	0.955122	0.021494	-0.939003	-0.286155	-0.190758
47951	9.376058	0.871066	-2.528803	0.175565	-0.032056	0.085871	-0.176581	-0.075847	0.981360	-0.296935	0.954681	0.020356	-0.938429	-0.287806	-0.191100
47952	9.687638	0.301173	-2.418117	0.000359	-0.034195	0.090258	-0.177175	-0.075148	0.981306	-0.296705	0.954769	0.019546	-0.938390	-0.287695	-0.191458
47953	9.825510	-0.273443	-2.284802	0.000622	-0.025234	0.084035	-0.177640	-0.074454	0.981275	-0.296567	0.954828	0.018760	-0.938346	-0.287681	-0.191696
47954	9.762218	-0.296997	-2.322370	0.035181	-0.026757	0.077028	-0.178124	-0.073860	0.981232	-0.296686	0.954805	0.018013	-0.938216	-0.287909	-0.191987
47955	9.638756	-0.020721	-2.314259	0.049741	-0.022737	0.066449	-0.178514	-0.073327	0.981201	-0.297039	0.954709	0.017305	-0.938030	-0.288366	-0.192209
47956	9.670406	0.105005	-2.516002	-0.014662	-0.019088	0.060208	-0.178877	-0.072870	0.981169	-0.296721	0.954816	0.016818	-0.938062	-0.288125	-0.192417
47957	9.643906	0.078954	-2.512296	-0.090163	-0.011494	0.052390	-0.179119	-0.072439	0.981157	-0.295786	0.955111	0.016517	-0.938311	-0.287254	-0.192505
47958	9.678994	-0.200256	-2.473525	-0.119216	-0.002697	0.034934	-0.179254	-0.072177	0.981152	-0.294529	0.955500	0.016480	-0.938680	-0.286023	-0.192535
47959	9.477805	-0.335238	-2.328793	-0.062205	0.015059	0.033238	-0.179189	-0.071852	0.981187	-0.293890	0.955700	0.016314	-0.938893	-0.285438	-0.192368
47960	9.348733	-0.143651	-2.043721	-0.028199	0.009344	0.021752	-0.179172	-0.071681	0.981203	-0.293512	0.955818	0.016230	-0.939014	-0.285087	-0.192295
47961	9.448874	-0.156000	-1.690601	-0.039279	-0.004340	0.023807	-0.179262	-0.071501	0.981200	-0.293105	0.955944	0.016112	-0.939124	-0.284706	-0.192321
47962	9.535480	-0.453581	-1.465731	-0.050270	-0.020797	0.013723	-0.179503	-0.071491	0.981156	-0.292536	0.956118	0.016147	-0.939256	-0.284125	-0.192540
47963	9.679862	-0.399679	-1.426906	-0.007866	-0.035541	-0.001496	-0.179812	-0.071642	0.981089	-0.292470	0.956137	0.016217	-0.939217	-0.284023	-0.192878
47964	9.710556	-0.132816	-1.412820	0.007604	-0.047859	-0.013982	-0.180225	-0.071972	0.980989	-0.292500	0.956125	0.016410	-0.939129	-0.283981	-0.193369
47965	9.637104	-0.085305	-1.597295	-0.037067	-0.066791	-0.026045	-0.180755	-0.072446	0.980856	-0.292203	0.956209	0.016778	-0.939119	-0.283577	-0.194009
47966	9.695867	0.034567	-1.966001	-0.063892	-0.081546	-0.030575	-0.181435	-0.073027	0.980688	-0.291596	0.956386	0.017270	-0.939177	-0.282832	-0.194816
47967	9.631585	0.087785	-2.205817	-0.084044	-0.074365	-0.046016	-0.181979	-0.073713	0.980536	-0.290895	0.956587	0.017925	-0.939289	-0.281971	-0.195521
47968	9.649848	0.017817	-2.557864	-0.093452	-0.077920	-0.053583	-0.182558	-0.074503	0.980368	-0.290053	0.956828	0.018702	-0.939437	-0.280945	-0.196287
47969	9.674685	0.060280	-2.747094	-0.074122	-0.064146	-0.067710	-0.182944	-0.075367	0.980230	-0.289485	0.956983	0.019552	-0.939537	-0.280185	-0.196892
47970	9.660954	0.022790	-2.779197	-0.047282	-0.045681	-0.072867	-0.183167	-0.076250	0.980120	-0.289111	0.957078	0.020428	-0.939609	-0.279622	-0.197350
47971	9.623576	0.150741	-2.683515	0.007339	-0.028760	-0.075461	-0.183199	-0.077089	0.980049	-0.289322	0.956997	0.021193	-0.939538	-0.279668	-0.197624
47972	9.625873	0.294512	-2.544586	0.056331	-0.010615	-0.073941	-0.183090	-0.077884	0.980006	-0.289921	0.956801	0.021875	-0.939374	-0.280119	-0.197761
47973	9.631463	0.587097	-2.441253	0.090081	-0.003805	-0.069675	-0.182903	-0.078597	0.979984	-0.290899	0.956491	0.022420	-0.939108	-0.280976	-0.197809
47974	9.636469	0.752935	-2.299863	0.084231	-0.005153	-0.056890	-0.182792	-0.079215	0.979955	-0.291725	0.956228	0.022881	-0.938873	-0.281695	-0.197900
47975	9.645064	0.652625	-2.237263	0.067825	-0.001200	-0.053311	-0.182627	-0.079764	0.979941	-0.292464	0.955993	0.023310	-0.938676	-0.282340	-0.197918
47976	9.547021	0.439683	-2.155185	0.068659	-0.001425	-0.049069	-0.182505	-0.080298	0.979920	-0.293125	0.955780	0.023727	-0.938493	-0.282909	-0.197972
47977	9.583251	0.310299	-2.077163	0.073480	-0.002870	-0.046532	-0.182375	-0.080787	0.979905	-0.293903	0.955532	0.024078	-0.938275	-0.283606	-0.198008
47978	9.554407	0.266650	-2.073910	0.088340	0.000645	-0.044117	-0.182247	-0.081268	0.979889	-0.294739	0.955266	0.024408	-0.938038	-0.284363	-0.198047
47979	9.436809	0.424323	-2.000343	0.110404	-0.001741	-0.039684	-0.182125	-0.081688	0.979876	-0.295851	0.954917	0.024619	-0.937711	-0.285413	-0.198082
47980	9.414982	0.597431	-1.953548	0.073031	-0.015443	-0.032769	-0.182181	-0.082106	0.979831	-0.296521	0.954703	0.024868	-0.937489	-0.286009	-0.198275
47981	9.479719	0.639158	-1.919271	0.031796	-0.018944	-0.030356	-0.182248	-0.082486	0.979787	-0.296878	0.954584	0.025143	-0.937363	-0.286295	-0.198459
47982	9.569296	0.639682	-2.048911	-0.006264	-0.019619	-0.020634	-0.182379	-0.082801	0.979736	-0.296781	0.954607	0.025431	-0.937368	-0.286129	-0.198674
47983	9.534231	0.703447	-2.187381	-0.026985	-0.009026	-0.014008	-0.182402	-0.082997	0.979715	-0.296558	0.954670	0.025663	-0.937434	-0.285861	-0.198747
47984	9.454191	0.595649	-2.251936	-0.097609	-0.005757	-0.008248	-0.182441	-0.083156	0.979694	-0.295578	0.954964	0.026013	-0.937736	-0.284830	-0.198803
47985	9.505774	0.297775	-2.244865	-0.149550	-0.009777	-0.007602	-0.182489	-0.083292	0.979674	-0.294193	0.955381	0.026426	-0.938162	-0.283391	-0.198850
47986	9.601845	0.066732	-2.194180	-0.156161	-0.014735	-0.012321	-0.182601	-0.083515	0.979634	-0.292672	0.955834	0.026933	-0.938616	-0.281793	-0.198978
47987	9.632454	-0.090002	-2.041809	-0.147170	-0.012688	-0.020057	-0.182641	-0.083778	0.979604	-0.291331	0.956228	0.027462	-0.939025	-0.280373	-0.199053
47988	9.593678	-0.133995	-1.985908	-0.129780	-0.008903	-0.026728	-0.182657	-0.084123	0.979571	-0.290079	0.956591	0.028059	-0.939410	-0.279028	-0.199130
47989	9.566854	-0.131883	-1.903180	-0.105645	-0.010890	-0.033513	-0.182642	-0.084510	0.979541	-0.289152	0.956855	0.028638	-0.939699	-0.278005	-0.199198
47990	9.582697	-0.094616	-2.032684	-0.037165	-0.001750	-0.043937	-0.182540	-0.084996	0.979518	-0.288809	0.956941	0.029215	-0.939824	-0.277561	-0.199228
47991	9.497793	0.204291	-2.233314	0.010481	0.001461	-0.045108	-0.182376	-0.085460	0.979508	-0.288993	0.956871	0.029677	-0.939799	-0.277659	-0.199207
47992	9.500128	0.465163	-2.386157	-0.006965	-0.000182	-0.038331	-0.182276	-0.085888	0.979489	-0.288923	0.956878	0.030139	-0.939840	-0.277503	-0.199231
47993	9.547126	0.339825	-2.361854	-0.019569	0.000910	-0.049596	-0.182104	-0.086397	0.979476	-0.288833	0.956887	0.030705	-0.939901	-0.277314	-0.199207
47994	9.587524	0.217650	-2.361022	-0.005447	-0.001760	-0.053903	-0.181974	-0.086979	0.979449	-0.288805	0.956876	0.031316	-0.939935	-0.277171	-0.199247
47995	9.581609	0.180393	-2.108595	0.025315	0.001240	-0.055961	-0.181781	-0.087547	0.979434	-0.289148	0.956754	0.031854	-0.939867	-0.277411	-0.199234
47996	9.559152	0.249470	-1.942531	0.039271	0.000763	-0.060149	-0.181610	-0.088182	0.979409	-0.289551	0.956613	0.032438	-0.939776	-0.277697	-0.199263
47997	9.506549	0.322848	-1.793218	0.042202	-0.002771	-0.057441	-0.181449	-0.088775	0.979385	-0.290055	0.956442	0.032957	-0.939651	-0.278095	-0.199295
47998	9.496258	0.324791	-1.740415	0.036796	-0.011276	-0.057036	-0.181399	-0.089413	0.979336	-0.290429	0.956309	0.033515	-0.939545	-0.278348	-0.199442
47999	9.459976	0.398698	-1.622768	0.018990	-0.020328	-0.055981	-0.181407	-0.090041	0.979277	-0.290712	0.956204	0.034066	-0.939456	-0.278508	-0.199638
48000	9.465997	0.401274	-1.602139	0.020668	-0.035750	-0.054691	-0.181593	-0.090725	0.979180	-0.290930	0.956117	0.034633	-0.939353	-0.278584	-0.200019
48001	9.495148	0.401892	-1.589780	0.011823	-0.049619	-0.052926	-0.181885	-0.091405	0.979062	-0.291141	0.956034	0.035169	-0.939231	-0.278648	-0.200500
48002	9.546246	0.526399	-1.623855	-0.000822	-0.064478	-0.049563	-0.182355	-0.092120	0.978908	-0.291147	0.956011	0.035729	-0.939138	-0.278491	-0.201154
48003	9.519612	0.584053	-1.643651	-0.053092	-0.080832	-0.046047	-0.182960	-0.092821	0.978729	-0.290736	0.956114	0.036327	-0.939148	-0.277905	-0.201917
48004	9.557865	0.494130	-1.749460	-0.099158	-0.097448	-0.043412	-0.183758	-0.093566	0.978508	-0.289813	0.956367	0.037024	-0.939277	-0.276781	-0.202857
48005	9.658834	0.496199	-1.840494	-0.140177	-0.114001	-0.048035	-0.184669	-0.094377	0.978259	-0.288588	0.956706	0.037820	-0.939475	-0.275330	-0.203910
48006	9.682592	0.507734	-1.935000	-0.190418	-0.121412	-0.053093	-0.185666	-0.095277	0.977983	-0.286827	0.957196	0.038799	-0.939818	-0.273309	-0.205047
48007	9.718136	0.360938	-2.203198	-0.235925	-0.115851	-0.060416	-0.186562	-0.096207	0.977721	-0.284725	0.957778	0.039916	-0.940280	-0.270935	-0.206077
48008	9.653694	0.206703	-2.544934	-0.205336	-0.099880	-0.057587	-0.187346	-0.097087	0.977484	-0.282835	0.958293	0.040972	-0.940694	-0.268791	-0.206992
48009	9.433856	0.455924	-2.821595	-0.114930	-0.086253	-0.059274	-0.187970	-0.097923	0.977281	-0.281868	0.958541	0.041831	-0.940860	-0.267601	-0.207778
48010	9.340772	0.552263	-2.894903	-0.095870	-0.080718	-0.055256	-0.188582	-0.098727	0.977082	-0.281002	0.958760	0.042641	-0.940997	-0.266521	-0.208547
48011	9.610251	0.259685	-2.861833	-0.086375	-0.068087	-0.053869	-0.189051	-0.099461	0.976917	-0.280294	0.958933	0.043388	-0.941114	-0.265621	-0.209166
48012	9.652598	0.443864	-2.681181	-0.016370	-0.042511	-0.056442	-0.189305	-0.100176	0.976795	-0.280169	0.958940	0.044048	-0.941100	-0.265329	-0.209598
48013	9.560325	0.610227	-2.434660	-0.005406	-0.030849	-0.058599	-0.189411	-0.100857	0.976704	-0.280232	0.958892	0.044672	-0.941060	-0.265242	-0.209888
48014	9.500913	0.684990	-2.309850	-0.049617	-0.031615	-0.049891	-0.189581	-0.101480	0.976607	-0.279780	0.958993	0.045338	-0.941160	-0.264640	-0.210199
48015	9.441741	0.573285	-2.308212	-0.076363	-0.033822	-0.049302	-0.189742	-0.102079	0.976513	-0.279158	0.959142	0.046021	-0.941312	-0.263869	-0.210486
48016	9.489502	0.618887	-2.244300	-0.086896	-0.033368	-0.049897	-0.189929	-0.102707	0.976411	-0.278358	0.959338	0.046765	-0.941512	-0.262909	-0.210795
48017	9.485976	0.712862	-2.108078	-0.122030	-0.034173	-0.049073	-0.190095	-0.103304	0.976316	-0.277305	0.959605	0.047543	-0.941789	-0.261699	-0.211063
48018	9.547838	0.643147	-2.138553	-0.156596	-0.042596	-0.049794	-0.190370	-0.103953	0.976193	-0.275851	0.959979	0.048432	-0.942160	-0.260064	-0.211426
48019	9.533096	0.523513	-2.075337	-0.161868	-0.043701	-0.045776	-0.190636	-0.104543	0.976078	-0.274416	0.960349	0.049262	-0.942525	-0.258460	-0.211765
48020	9.429552	0.515283	-2.075410	-0.139345	-0.048213	-0.039533	-0.190995	-0.105108	0.975947	-0.273100	0.960685	0.050018	-0.942835	-0.256978	-0.212190
48021	9.421300	0.541982	-2.023881	-0.119761	-0.057684	-0.040768	-0.191408	-0.105684	0.975804	-0.272051	0.960946	0.050711	-0.943054	-0.255762	-0.212684
48022	9.438752	0.515075	-1.961897	-0.095992	-0.070026	-0.031860	-0.191994	-0.106228	0.975630	-0.271135	0.961173	0.051297	-0.943199	-0.254679	-0.213342
48023	9.433041	0.505989	-1.814870	-0.063982	-0.081013	-0.033978	-0.192647	-0.106798	0.975439	-0.270600	0.961297	0.051806	-0.943219	-0.253973	-0.214090
48024	9.393273	0.684629	-1.815732	-0.009445	-0.090159	-0.025205	-0.193444	-0.107334	0.975223	-0.270470	0.961315	0.052153	-0.943094	-0.253680	-0.214991
48025	9.421108	0.850570	-1.762930	-0.027752	-0.108781	-0.011382	-0.194419	-0.107756	0.974982	-0.270233	0.961370	0.052365	-0.942961	-0.253292	-0.216028
48026	9.463288	0.732299	-1.853208	-0.065853	-0.126346	-0.003231	-0.195611	-0.108164	0.974698	-0.269551	0.961548	0.052609	-0.942910	-0.252440	-0.217245
48027	9.512233	0.611006	-1.921763	-0.071612	-0.137444	0.003625	-0.196898	-0.108513	0.974400	-0.268871	0.961729	0.052770	-0.942836	-0.251598	-0.218538
48028	9.512765	0.485240	-1.900137	-0.057675	-0.151092	0.002946	-0.198342	-0.108926	0.974061	-0.268240	0.961896	0.052946	-0.942713	-0.250780	-0.220003
48029	9.621940	0.354565	-1.940226	-0.038894	-0.160878	0.008278	-0.199862	-0.109287	0.973710	-0.267859	0.962000	0.052992	-0.942500	-0.250226	-0.221540
48030	9.720461	0.445239	-1.976932	0.009558	-0.170295	0.005728	-0.201493	-0.109717	0.973325	-0.267865	0.961998	0.052988	-0.942151	-0.250043	-0.223226
48031	9.706664	0.508697	-1.879739	-0.001467	-0.181930	0.005731	-0.203203	-0.110154	0.972921	-0.267843	0.962005	0.052977	-0.941790	-0.249825	-0.224987
48032	9.715216	0.396276	-1.760714	-0.026554	-0.191523	-0.001787	-0.205013	-0.110709	0.972478	-0.267520	0.962086	0.053129	-0.941490	-0.249266	-0.226857
48033	9.639000	0.369840	-1.682965	-0.019500	-0.215901	-0.002022	-0.207020	-0.111303	0.971985	-0.267344	0.962130	0.053234	-0.941100	-0.248834	-0.228937
48034	9.617946	0.269200	-1.659986	-0.004731	-0.236157	-0.003268	-0.209241	-0.111977	0.971432	-0.267244	0.962151	0.053345	-0.940638	-0.248447	-0.231247
48035	9.647111	0.374374	-1.526780	0.057045	-0.263838	-0.002608	-0.211696	-0.112696	0.970816	-0.267788	0.962004	0.053279	-0.939933	-0.248694	-0.233831
48036	9.783753	0.871445	-1.228846	0.141247	-0.298101	0.001674	-0.214507	-0.113477	0.970108	-0.269050	0.961667	0.052998	-0.938935	-0.249640	-0.236815
48037	9.980322	1.793701	-0.541985	0.113843	-0.346939	0.032061	-0.217830	-0.114073	0.969297	-0.270052	0.961416	0.052456	-0.937881	-0.250335	-0.240231
48038	10.478364	2.874929	0.213146	-0.009019	-0.413434	0.094884	-0.221966	-0.114248	0.968338	-0.269706	0.961558	0.051625	-0.937011	-0.249707	-0.244246
48039	11.306009	3.611989	1.045514	-0.267857	-0.507838	0.186912	-0.227205	-0.113747	0.967181	-0.266780	0.962433	0.050518	-0.936593	-0.246547	-0.249015
48040	12.097395	3.297698	1.626122	-0.521567	-0.616201	0.265887	-0.233680	-0.112742	0.965755	-0.261228	0.964016	0.049331	-0.936565	-0.240755	-0.254722
48041	12.615228	2.881255	2.065577	-0.623012	-0.755484	0.306447	-0.241527	-0.111616	0.963954	-0.254670	0.965835	0.048024	-0.936380	-0.233891	-0.261700
48042	12.914549	2.639648	2.322974	-0.636798	-0.917507	0.325800	-0.250930	-0.110637	0.961662	-0.247853	0.967674	0.046655	-0.935737	-0.226644	-0.270240
48043	13.341976	2.292466	2.200987	-0.601251	-1.081520	0.333495	-0.261841	-0.109858	0.958838	-0.241380	0.969380	0.045149	-0.934438	-0.219623	-0.280341
48044	13.738696	2.040410	1.886723	-0.477327	-1.211145	0.334005	-0.273930	-0.109295	0.955519	-0.236001	0.970784	0.043384	-0.932344	-0.213619	-0.291721
48045	13.508620	2.376120	1.412574	-0.338390	-1.294094	0.342631	-0.286761	-0.108739	0.951811	-0.231895	0.971869	0.041166	-0.929512	-0.208916	-0.303911
48046	13.027126	2.217722	-0.035239	-0.280742	-1.299387	0.365417	-0.299638	-0.107925	0.947929	-0.228218	0.972844	0.038622	-0.926355	-0.204761	-0.316132
48047	11.746927	1.598884	-1.893910	-0.217607	-1.230475	0.396508	-0.311898	-0.106602	0.944116	-0.224999	0.973708	0.035612	-0.923090	-0.201318	-0.327683
48048	9.930446	1.017573	-3.380392	-0.059069	-1.093027	0.466251	-0.322989	-0.104305	0.940637	-0.222976	0.974316	0.031475	-0.919760	-0.199574	-0.337951
48049	8.237788	0.773605	-4.607346	-0.097261	-0.941098	0.521752	-0.332772	-0.101126	0.937569	-0.220380	0.975042	0.026949	-0.916895	-0.197654	-0.346752
48050	6.953720	0.289474	-5.818094	-0.209989	-0.764836	0.570536	-0.341003	-0.097112	0.935033	-0.216525	0.976020	0.022403	-0.914786	-0.194818	-0.353853
48051	6.249302	0.028745	-6.115449	-0.427576	-0.578217	0.635812	-0.347631	-0.092053	0.933102	-0.210434	0.977442	0.018029	-0.913712	-0.190089	-0.359160
48052	6.243055	0.201347	-5.426385	-0.626620	-0.282225	0.662153	-0.351560	-0.086159	0.932192	-0.202369	0.979207	0.014184	-0.914031	-0.183660	-0.361686
48053	6.178543	-0.225256	-4.970397	-0.840357	0.076581	0.635114	-0.352097	-0.079834	0.932552	-0.192454	0.981241	0.011339	-0.915963	-0.175481	-0.360857
48054	6.024952	-0.712185	-4.797396	-0.969326	0.441066	0.581787	-0.349127	-0.073420	0.934195	-0.181479	0.983349	0.009461	-0.919334	-0.166233	-0.356638
48055	6.197517	-1.280904	-4.730705	-1.112833	0.755340	0.516799	-0.343057	-0.067155	0.936911	-0.169442	0.985503	0.008596	-0.923905	-0.155803	-0.349463
48056	6.883071	-2.067756	-4.803341	-0.988754	1.059727	0.433141	-0.333940	-0.061337	0.940596	-0.158770	0.987283	0.008013	-0.929126	-0.146663	-0.339432
48057	7.355979	-1.857134	-5.149167	-0.773549	1.349158	0.343658	-0.321884	-0.056048	0.945119	-0.150441	0.988591	0.007390	-0.934750	-0.139806	-0.326643
48058	7.295706	-1.174516	-5.255181	-0.639421	1.585196	0.276437	-0.307417	-0.051198	0.950197	-0.143533	0.989622	0.006885	-0.940688	-0.134268	-0.311575
48059	6.460626	-1.005339	-4.645104	-0.743465	1.727915	0.203214	-0.291379	-0.046962	0.955454	-0.135914	0.990694	0.007245	-0.946903	-0.127748	-0.295050
48060	5.539843	-2.252383	-4.593961	-0.770177	1.792521	0.103193	-0.274481	-0.043766	0.960596	-0.128259	0.991704	0.008534	-0.953000	-0.120863	-0.277818
48061	5.454959	-3.192130	-5.290346	-0.454129	1.819753	-0.004905	-0.257070	-0.041689	0.965493	-0.123936	0.992241	0.009845	-0.958413	-0.117129	-0.260242
48062	5.185269	-3.037953	-5.514216	-0.057082	1.802048	-0.108130	-0.239620	-0.040702	0.970013	-0.123614	0.992268	0.011100	-0.962965	-0.117248	-0.242799
48063	4.802270	-2.663718	-6.005239	0.270214	1.741830	-0.222295	-0.222523	-0.040875	0.974070	-0.126738	0.991855	0.012669	-0.966655	-0.120632	-0.225891
48064	5.107094	-2.024430	-6.583533	0.622056	1.635169	-0.333288	-0.206257	-0.042203	0.977587	-0.133434	0.990950	0.014627	-0.969357	-0.127427	-0.210022
48065	5.434867	-1.374298	-6.396290	0.834881	1.476217	-0.406326	-0.191360	-0.044320	0.980519	-0.142344	0.989672	0.016953	-0.971143	-0.136327	-0.195692
48066	5.511724	-1.724028	-6.357467	0.988555	1.298537	-0.433363	-0.178108	-0.046819	0.982897	-0.152703	0.988082	0.019395	-0.972090	-0.146636	-0.183135
48067	6.414879	-2.974946	-5.620404	1.018159	1.047640	-0.391595	-0.167289	-0.049133	0.984683	-0.163278	0.986346	0.021476	-0.972294	-0.157184	-0.173027
48068	7.875590	-4.267934	-5.955884	1.649587	0.787834	-0.295493	-0.159136	-0.050788	0.985949	-0.179735	0.983477	0.021651	-0.970758	-0.173764	-0.165635
48069	9.284666	-0.336125	-2.822935	1.579721	0.309492	-0.177978	-0.155786	-0.052013	0.986421	-0.195331	0.980516	0.020853	-0.968285	-0.189430	-0.162910
48070	16.058767	2.665989	1.954363	1.082067	-0.323719	-0.055711	-0.158815	-0.053233	0.985872	-0.205838	0.978388	0.019670	-0.965613	-0.199806	-0.166340
48071	25.297249	10.850860	6.327733	0.550357	-0.591672	-0.018375	-0.164467	-0.054648	0.984868	-0.211176	0.977264	0.018961	-0.963512	-0.204862	-0.172268
48072	16.878217	8.654610	3.693296	0.148005	-0.310528	-0.049535	-0.167356	-0.055823	0.984315	-0.212631	0.976943	0.019253	-0.962694	-0.206074	-0.175367
48073	8.047196	7.905150	-0.568226	0.651739	-0.209758	0.102382	-0.169577	-0.055301	0.983964	-0.218727	0.975636	0.017137	-0.960938	-0.212314	-0.177542
48074	5.997186	8.826021	-3.312817	-0.008219	-0.375561	0.342093	-0.173937	-0.052830	0.983339	-0.217977	0.975855	0.013872	-0.960329	-0.211932	-0.181253
48075	6.764300	3.421192	-5.289671	-0.897327	-0.533549	0.391418	-0.179881	-0.050152	0.982409	-0.208663	0.977917	0.011716	-0.961302	-0.202885	-0.186374
48076	8.676769	-1.515168	-4.754267	-1.092553	-0.538764	0.414973	-0.185922	-0.047240	0.981428	-0.197261	0.980302	0.009817	-0.962560	-0.191772	-0.191579
48077	10.674172	-4.705754	-4.720853	-0.948742	-0.399908	0.440576	-0.190605	-0.043704	0.980693	-0.187294	0.982276	0.007372	-0.963634	-0.182273	-0.195412
48078	10.439342	-5.183170	-5.113460	-0.323924	-0.238427	0.386741	-0.193638	-0.040415	0.980240	-0.183304	0.983047	0.004321	-0.963797	-0.178846	-0.197764
48079	9.387399	-2.879940	-4.451788	-0.103835	-0.195820	0.303310	-0.196063	-0.037821	0.979862	-0.181713	0.983350	0.001596	-0.963607	-0.177741	-0.199672
48080	9.549625	-2.054128	-3.867501	-0.070598	-0.154052	0.188436	-0.197905	-0.036313	0.979548	-0.180553	0.983565	-0.000016	-0.963449	-0.176863	-0.201209
48081	9.793405	-1.738456	-3.435538	0.200465	-0.102254	0.128838	-0.199108	-0.035267	0.979343	-0.182229	0.983255	-0.001641	-0.962886	-0.178791	-0.202201
48082	9.672247	0.227603	-2.479362	0.530776	-0.070448	0.115646	-0.200017	-0.034327	0.979191	-0.186999	0.982353	-0.003760	-0.961782	-0.183860	-0.202906
48083	9.505118	2.087493	-1.418043	0.422775	-0.083722	0.137932	-0.201067	-0.033167	0.979016	-0.190788	0.981613	-0.005929	-0.960819	-0.187976	-0.203698
48084	9.280623	1.889008	-1.017006	0.101173	-0.114232	0.195336	-0.202554	-0.031535	0.978763	-0.191257	0.981508	-0.007957	-0.960413	-0.188807	-0.204840
48085	9.278007	0.963258	-0.856848	-0.032607	-0.162605	0.242372	-0.204563	-0.029501	0.978409	-0.190451	0.981644	-0.010220	-0.960147	-0.188430	-0.206426
48086	9.481390	0.542396	-0.809291	-0.022049	-0.212847	0.265876	-0.207127	-0.027363	0.977931	-0.189581	0.981783	-0.012683	-0.959770	-0.188024	-0.208541
48087	9.528920	0.615315	-0.721080	0.077797	-0.262723	0.282758	-0.210168	-0.025121	0.977342	-0.189739	0.981711	-0.015568	-0.959077	-0.188712	-0.211091
48088	9.569818	0.998624	-0.388355	0.085030	-0.325562	0.313316	-0.213898	-0.022732	0.976592	-0.189774	0.981649	-0.018715	-0.958245	-0.189335	-0.214286
48089	9.507106	0.408786	-0.626240	-0.059707	-0.373222	0.333091	-0.218087	-0.020207	0.975720	-0.188484	0.981834	-0.021796	-0.957555	-0.188661	-0.217934
48090	9.394425	-0.621152	-1.210000	-0.098525	-0.416246	0.330768	-0.222704	-0.017813	0.974723	-0.186704	0.982105	-0.024710	-0.956841	-0.187488	-0.222045
48091	9.529905	-1.202788	-1.753925	-0.093435	-0.446766	0.320671	-0.227558	-0.015538	0.973641	-0.185090	0.982334	-0.027583	-0.956012	-0.186488	-0.226414
48092	9.619650	-1.567149	-2.503312	-0.053774	-0.448921	0.293455	-0.232399	-0.013558	0.972526	-0.183804	0.982498	-0.030226	-0.955095	-0.185778	-0.230823
48093	9.691901	-1.704823	-3.225604	-0.028173	-0.423498	0.266551	-0.236915	-0.011764	0.971459	-0.182911	0.982585	-0.032709	-0.954157	-0.185440	-0.234941
48094	9.556734	-1.595622	-3.956928	0.011965	-0.381634	0.238769	-0.241000	-0.010189	0.970472	-0.182362	0.982609	-0.034970	-0.953238	-0.185405	-0.238667
48095	9.494209	-1.152802	-4.318031	0.024219	-0.331700	0.198558	-0.244508	-0.008893	0.969607	-0.182112	0.982585	-0.036912	-0.952392	-0.185603	-0.241869
48096	9.581663	-1.183895	-4.566536	0.007739	-0.279622	0.175353	-0.247499	-0.007750	0.968857	-0.181659	0.982606	-0.038545	-0.951706	-0.185541	-0.244601
48097	9.531897	-0.870552	-4.398720	0.109125	-0.223695	0.149463	-0.249884	-0.006737	0.968252	-0.182327	0.982415	-0.040219	-0.950955	-0.186589	-0.246718
48098	9.675489	0.194262	-3.962361	0.120086	-0.185813	0.145690	-0.251929	-0.005714	0.967729	-0.183006	0.982221	-0.041842	-0.950285	-0.187642	-0.248495
48099	9.675930	0.276613	-3.643370	-0.017424	-0.147365	0.154746	-0.253597	-0.004510	0.967300	-0.182452	0.982263	-0.043254	-0.949947	-0.187455	-0.249921
48100	9.629522	-0.428078	-3.535434	-0.092758	-0.126190	0.157314	-0.255095	-0.003262	0.966911	-0.181065	0.982466	-0.044455	-0.949812	-0.186414	-0.251213
48101	9.555351	-1.001556	-3.413796	-0.049788	-0.096574	0.150619	-0.256269	-0.002001	0.966603	-0.180210	0.982564	-0.045744	-0.949658	-0.185914	-0.252162
48102	9.421460	-1.160168	-3.279738	0.052677	-0.063550	0.140746	-0.257142	-0.000798	0.966373	-0.180241	0.982492	-0.047148	-0.949416	-0.186303	-0.252783
48103	9.259672	-1.148165	-2.726942	0.032870	-0.063524	0.125360	-0.257956	0.000276	0.966157	-0.180232	0.982433	-0.048401	-0.949197	-0.186618	-0.253374
48104	9.413729	-1.325989	-2.374993	0.063556	-0.069373	0.108552	-0.258825	0.001152	0.965924	-0.180449	0.982337	-0.049524	-0.948919	-0.187118	-0.254045
48105	9.383780	-0.906986	-2.010800	0.147000	-0.074992	0.092696	-0.259689	0.001883	0.965690	-0.181605	0.982061	-0.050751	-0.948463	-0.188554	-0.254688
48106	9.220389	-0.382848	-1.633126	0.113299	-0.100722	0.096086	-0.260833	0.002578	0.965381	-0.182332	0.981867	-0.051885	-0.948009	-0.189553	-0.255633
48107	9.371189	-0.656276	-1.465311	-0.006671	-0.144545	0.089423	-0.262351	0.003143	0.964967	-0.182037	0.981879	-0.052689	-0.947647	-0.189483	-0.257025
48108	9.428493	-1.271768	-1.742309	0.037744	-0.168576	0.074056	-0.264095	0.003493	0.964490	-0.182105	0.981827	-0.053420	-0.947149	-0.189746	-0.258659
48109	9.276555	-1.106503	-1.670269	0.095966	-0.205359	0.061730	-0.266137	0.003669	0.963928	-0.182852	0.981644	-0.054222	-0.946433	-0.190687	-0.260581
48110	9.259075	-0.865735	-1.630042	0.065647	-0.240109	0.051694	-0.268514	0.003664	0.963269	-0.183250	0.981537	-0.054815	-0.945685	-0.191238	-0.262884
48111	9.350358	-0.505827	-1.710203	0.071412	-0.283313	0.045678	-0.271260	0.003530	0.962500	-0.183805	0.981400	-0.055401	-0.944793	-0.191940	-0.265566
48112	9.502661	0.189393	-1.583294	-0.022477	-0.325460	0.054046	-0.274442	0.003384	0.961598	-0.183366	0.981461	-0.055786	-0.943959	-0.191634	-0.268733
48113	9.525558	0.100438	-1.776877	-0.125681	-0.358657	0.059527	-0.277920	0.003244	0.960599	-0.182018	0.981701	-0.055976	-0.943202	-0.190403	-0.272244
48114	9.426043	-0.342638	-2.118008	-0.224169	-0.385314	0.060530	-0.281670	0.003056	0.959507	-0.179656	0.982142	-0.055867	-0.942542	-0.188117	-0.276091
48115	9.325133	-0.736775	-2.611162	-0.205212	-0.394907	0.057403	-0.285478	0.002842	0.958381	-0.177563	0.982526	-0.055805	-0.941793	-0.186104	-0.279985
48116	9.245109	-0.810854	-2.721906	-0.207020	-0.403322	0.052627	-0.289376	0.002561	0.957212	-0.175386	0.982926	-0.055650	-0.941011	-0.183985	-0.283986
48117	9.196633	-0.773479	-2.606260	-0.216661	-0.419288	0.054141	-0.293399	0.002287	0.955987	-0.173193	0.983323	-0.055506	-0.940171	-0.181856	-0.288110
48118	9.290586	-0.796215	-2.318324	-0.206767	-0.434114	0.045440	-0.297565	0.001898	0.954700	-0.171043	0.983712	-0.055267	-0.939255	-0.179740	-0.292394
48119	9.380498	-0.876956	-2.151491	-0.186327	-0.459484	0.042549	-0.301937	0.001455	0.953327	-0.169169	0.984047	-0.055082	-0.938198	-0.177905	-0.296874
48120	9.414315	-0.722794	-2.283660	-0.133170	-0.482904	0.041219	-0.306539	0.000956	0.951858	-0.167727	0.984298	-0.055004	-0.936964	-0.176513	-0.301565
48121	9.347598	-0.420810	-2.396186	-0.159836	-0.497515	0.046276	-0.311261	0.000498	0.950324	-0.166091	0.984580	-0.054916	-0.935698	-0.174933	-0.306378
48122	9.307797	-0.502047	-2.535179	-0.209879	-0.528359	0.048916	-0.316287	0.000013	0.948664	-0.163911	0.984960	-0.054662	-0.934396	-0.172785	-0.311528
48123	9.510080	-0.710360	-2.564289	-0.213097	-0.559055	0.044488	-0.321565	-0.000549	0.946887	-0.161783	0.985327	-0.054371	-0.932964	-0.170674	-0.316936
48124	9.501852	-0.705855	-2.486303	-0.154845	-0.581995	0.030467	-0.327045	-0.001283	0.945008	-0.160180	0.985604	-0.054096	-0.931335	-0.169063	-0.322543
48125	9.743925	-0.749863	-2.500443	-0.175328	-0.626315	0.023807	-0.332897	-0.002142	0.942961	-0.158474	0.985901	-0.053707	-0.929551	-0.167314	-0.328543
48126	9.874282	-0.350759	-2.577497	-0.122945	-0.657260	0.027677	-0.339047	-0.003009	0.940764	-0.157184	0.986120	-0.053494	-0.927545	-0.166010	-0.334814
48127	9.767811	0.570989	-2.200385	-0.110155	-0.676861	0.037685	-0.345364	-0.003797	0.938461	-0.156039	0.986305	-0.053433	-0.925406	-0.164891	-0.341227
48128	9.553245	0.024128	-2.023474	-0.291246	-0.732836	0.049503	-0.352218	-0.004551	0.935907	-0.153120	0.986795	-0.052827	-0.923307	-0.161913	-0.348264
48129	10.118032	-0.167469	-1.803153	-0.355235	-0.802277	0.045791	-0.359672	-0.005424	0.933063	-0.149687	0.987367	-0.051961	-0.920994	-0.158357	-0.355941
48130	10.155037	-0.061635	-1.329623	-0.198822	-0.858480	0.017181	-0.367595	-0.006650	0.929962	-0.147746	0.987692	-0.051338	-0.918175	-0.156270	-0.364053
48131	10.171872	0.381983	-1.034860	-0.191683	-0.951829	0.015146	-0.376328	-0.008018	0.926452	-0.145939	0.987992	-0.050730	-0.914920	-0.154297	-0.372979
48132	10.305274	0.469895	-0.789361	-0.297892	-1.051460	0.026963	-0.385969	-0.009403	0.922464	-0.143074	0.988459	-0.049788	-0.911350	-0.151197	-0.382859
48133	10.696812	-0.137228	-0.795866	-0.374832	-1.158732	0.033767	-0.396541	-0.010839	0.917953	-0.139541	0.989023	-0.048601	-0.907350	-0.147364	-0.393700
48134	11.236440	-0.066874	-0.677595	-0.342985	-1.274017	0.030004	-0.408110	-0.012440	0.912848	-0.136283	0.989533	-0.047443	-0.902703	-0.143768	-0.405533
48135	11.507990	0.908374	-0.199801	-0.327333	-1.384829	0.047583	-0.420626	-0.013977	0.907127	-0.133148	0.990005	-0.046486	-0.897410	-0.140335	-0.418283
48136	11.971897	1.726822	0.264973	-0.468051	-1.525876	0.070308	-0.434357	-0.015430	0.900609	-0.128640	0.990667	-0.045069	-0.891508	-0.135430	-0.432288
48137	12.597063	2.312006	0.906132	-0.636183	-1.678190	0.099366	-0.449376	-0.016703	0.893187	-0.122560	0.991524	-0.043119	-0.884896	-0.128845	-0.447614
48138	13.115643	2.634593	1.693072	-0.811490	-1.858072	0.124367	-0.465883	-0.017834	0.884667	-0.114827	0.992561	-0.040461	-0.877364	-0.120434	-0.464465
48139	13.559453	2.214814	2.508496	-0.939813	-2.050238	0.113194	-0.483896	-0.019120	0.874916	-0.106095	0.993669	-0.036964	-0.868670	-0.110711	-0.482861
48140	14.138360	1.653998	2.799611	-0.836113	-2.247580	0.049181	-0.503337	-0.021073	0.863833	-0.098633	0.994570	-0.033208	-0.858442	-0.101917	-0.502683
48141	14.876451	1.075226	2.643917	-0.662441	-2.419468	-0.068725	-0.523889	-0.024177	0.851443	-0.093350	0.995206	-0.029178	-0.846656	-0.094769	-0.523635
