// General information: 
//  MT Manager version: 2022.2.0 
//  XDA version: 2022.2.0 build 7381 rev 124627 built on 2023-07-19
// Device information: 
//  DeviceId: 00B4CB9F
//  ProductCode: MTW2-3A7G6
//  Firmware Version: 4.6.0
//  Hardware Version: 2.0.0
// Device settings: 
//  Filter Profile: human(46.1)
//  Option Flags: Orientation Smoother Disabled, Position/Velocity Smoother Disabled, Continuous Zero Rotation Update Disabled, AHS Disabled, ICC Disabled
// Coordinate system: ENU
PacketCounter	Acc_X	Acc_Y	Acc_Z	Gyr_X	Gyr_Y	Gyr_Z	Mat[1][1]	Mat[2][1]	Mat[3][1]	Mat[1][2]	Mat[2][2]	Mat[3][2]	Mat[1][3]	Mat[2][3]	Mat[3][3]
55766	1.069274	1.527962	9.531929	-0.006796	0.009609	-0.002749	0.402133	-0.909698	0.103626	0.897694	0.414006	0.150813	-0.180096	0.032377	0.983116
55767	1.058164	1.545489	9.544997	-0.001887	0.004549	-0.002481	0.402152	-0.909686	0.103657	0.897681	0.414031	0.150823	-0.180119	0.032397	0.983111
55768	1.072664	1.515336	9.552831	-0.002426	0.009852	-0.006470	0.402122	-0.909703	0.103625	0.897694	0.413996	0.150839	-0.180118	0.032368	0.983112
55769	1.062089	1.539331	9.511652	-0.002213	0.006569	-0.003285	0.401957	-0.909774	0.103642	0.897756	0.413839	0.150902	-0.180177	0.032389	0.983101
55770	1.072551	1.568718	9.526220	0.003392	0.006302	-0.006135	0.401924	-0.909788	0.103644	0.897758	0.413808	0.150974	-0.180243	0.032368	0.983089
55771	1.051667	1.611046	9.497885	0.000126	0.007076	-0.010324	0.401861	-0.909814	0.103666	0.897783	0.413750	0.150982	-0.180258	0.032396	0.983086
55772	1.054938	1.551714	9.491207	-0.003692	0.007341	-0.010558	0.401790	-0.909847	0.103652	0.897816	0.413678	0.150990	-0.180256	0.032394	0.983086
55773	1.070188	1.568562	9.526512	-0.005949	0.005077	-0.009116	0.401826	-0.909830	0.103661	0.897805	0.413714	0.150954	-0.180228	0.032410	0.983091
55774	1.026977	1.551599	9.469273	-0.005805	0.009363	-0.008278	0.401779	-0.909854	0.103630	0.897832	0.413661	0.150938	-0.180199	0.032399	0.983096
55775	1.018949	1.503296	9.529857	-0.010062	0.010384	-0.006936	0.401829	-0.909837	0.103587	0.897828	0.413701	0.150854	-0.180107	0.032386	0.983114
55776	1.002773	1.532545	9.522345	-0.006826	0.006590	-0.005964	0.401798	-0.909851	0.103587	0.897847	0.413669	0.150826	-0.180080	0.032404	0.983118
55777	1.017271	1.501884	9.530259	-0.008501	0.007855	-0.005260	0.401700	-0.909894	0.103590	0.897894	0.413572	0.150812	-0.180065	0.032431	0.983120
55778	1.027641	1.530391	9.544989	-0.008614	0.006591	-0.002880	0.401696	-0.909895	0.103594	0.897904	0.413568	0.150763	-0.180022	0.032457	0.983127
55779	1.037460	1.511658	9.532260	-0.009522	0.005081	-0.002947	0.401670	-0.909902	0.103638	0.897925	0.413547	0.150696	-0.179977	0.032529	0.983133
55780	1.026579	1.528941	9.545335	-0.004030	0.003551	-0.003417	0.401656	-0.909904	0.103672	0.897929	0.413539	0.150692	-0.179988	0.032564	0.983130
55781	1.042708	1.552254	9.526380	-0.000425	0.006572	-0.006364	0.401688	-0.909887	0.103698	0.897914	0.413575	0.150683	-0.179992	0.032585	0.983128
55782	1.057127	1.521921	9.534250	-0.008386	0.009122	-0.007636	0.401646	-0.909908	0.103671	0.897943	0.413528	0.150641	-0.179940	0.032586	0.983138
55783	1.052153	1.580592	9.541255	-0.005945	0.005082	-0.009113	0.401599	-0.909925	0.103704	0.897965	0.413486	0.150627	-0.179939	0.032631	0.983136
55784	1.082642	1.526610	9.502608	-0.003134	0.007860	-0.014505	0.401493	-0.909975	0.103678	0.898012	0.413378	0.150644	-0.179940	0.032622	0.983136
55785	1.055393	1.527051	9.480487	-0.005036	0.006594	-0.009044	0.401400	-0.910014	0.103695	0.898056	0.413288	0.150624	-0.179926	0.032664	0.983138
55786	1.060004	1.561678	9.528781	-0.006597	0.009125	-0.010717	0.401330	-0.910048	0.103663	0.898094	0.413214	0.150602	-0.179890	0.032658	0.983144
55787	1.069345	1.543038	9.516097	-0.011295	0.010899	-0.007800	0.401206	-0.910106	0.103632	0.898160	0.413084	0.150562	-0.179836	0.032672	0.983154
55788	1.066811	1.488445	9.543140	-0.013877	0.010654	-0.007163	0.401172	-0.910126	0.103591	0.898197	0.413040	0.150465	-0.179730	0.032682	0.983173
55789	1.034563	1.499985	9.500537	-0.014344	0.008390	-0.008806	0.400912	-0.910240	0.103595	0.898320	0.412783	0.150439	-0.179698	0.032748	0.983177
55790	1.059804	1.498627	9.523038	-0.001402	0.012641	-0.008765	0.400867	-0.910268	0.103531	0.898340	0.412728	0.150467	-0.179696	0.032689	0.983179
55791	1.048171	1.516227	9.536145	-0.006594	0.009130	-0.010712	0.400730	-0.910330	0.103515	0.898402	0.412590	0.150476	-0.179692	0.032698	0.983179
55792	1.036824	1.533676	9.549244	-0.004240	0.006842	-0.006593	0.400694	-0.910346	0.103512	0.898419	0.412554	0.150474	-0.179687	0.032703	0.983180
55793	1.067999	1.527251	9.538030	0.003510	0.007582	-0.008499	0.400668	-0.910357	0.103513	0.898421	0.412531	0.150527	-0.179736	0.032687	0.983172
55794	1.051775	1.557694	9.530345	0.004418	0.009093	-0.008430	0.400619	-0.910382	0.103485	0.898430	0.412480	0.150612	-0.179800	0.032636	0.983162
55795	1.035477	1.587870	9.522706	-0.001983	0.009111	-0.008030	0.400486	-0.910441	0.103482	0.898486	0.412349	0.150639	-0.179819	0.032648	0.983158
55796	1.028812	1.593300	9.556449	-0.007034	0.009885	-0.009136	0.400432	-0.910469	0.103445	0.898518	0.412289	0.150612	-0.179777	0.032637	0.983166
55797	1.022291	1.557516	9.508540	-0.010058	0.010393	-0.006925	0.400384	-0.910492	0.103424	0.898555	0.412234	0.150541	-0.179701	0.032658	0.983179
55798	1.036961	1.574054	9.543999	-0.005568	0.011913	-0.013016	0.400299	-0.910537	0.103361	0.898600	0.412139	0.150532	-0.179664	0.032622	0.983187
55799	1.046041	1.555271	9.531372	-0.015876	0.013944	-0.007256	0.400205	-0.910585	0.103305	0.898668	0.412032	0.150419	-0.179534	0.032638	0.983210
55800	1.012718	1.560267	9.543027	-0.016691	0.010684	-0.012920	0.400119	-0.910628	0.103254	0.898732	0.411934	0.150301	-0.179402	0.032660	0.983234
55801	1.053960	1.534967	9.519118	-0.006916	0.011159	-0.011506	0.399989	-0.910688	0.103227	0.898798	0.411801	0.150275	-0.179363	0.032671	0.983240
55802	1.042151	1.552150	9.532306	-0.009825	0.012935	-0.011671	0.399918	-0.910727	0.103156	0.898845	0.411716	0.150223	-0.179284	0.032644	0.983256
55803	1.040737	1.551335	9.532594	-0.009824	0.012936	-0.011670	0.399692	-0.910832	0.103107	0.898953	0.411483	0.150218	-0.179250	0.032647	0.983262
55804	1.054686	1.520456	9.540597	-0.011964	0.011936	-0.012610	0.399611	-0.910875	0.103045	0.899008	0.411390	0.150146	-0.179156	0.032638	0.983279
55805	1.048511	1.531383	9.520297	-0.015780	0.012201	-0.012844	0.399293	-0.911019	0.103004	0.899165	0.411067	0.150086	-0.179073	0.032690	0.983292
55806	1.020151	1.524147	9.552565	-0.018595	0.009414	-0.007459	0.399253	-0.911039	0.102975	0.899211	0.411018	0.149944	-0.178929	0.032731	0.983317
55807	1.003188	1.505537	9.517658	-0.014102	0.010941	-0.013546	0.399273	-0.911039	0.102903	0.899225	0.411022	0.149852	-0.178817	0.032701	0.983339
55808	1.034866	1.504013	9.452567	-0.020270	0.010680	-0.006751	0.399243	-0.911057	0.102862	0.899271	0.410979	0.149693	-0.178653	0.032737	0.983367
55809	1.022479	1.513541	9.520128	-0.021523	0.008177	-0.010841	0.399114	-0.911113	0.102865	0.899364	0.410846	0.149499	-0.178472	0.032846	0.983397
55810	1.047801	1.510801	9.542889	-0.023988	0.009202	-0.012579	0.399029	-0.911154	0.102830	0.899440	0.410749	0.149309	-0.178281	0.032911	0.983429
55811	1.031409	1.538612	9.535669	-0.024333	0.008213	-0.016597	0.398845	-0.911236	0.102822	0.899555	0.410560	0.149135	-0.178111	0.033012	0.983456
55812	1.024104	1.495501	9.542031	-0.014887	0.010712	-0.015980	0.398731	-0.911292	0.102767	0.899628	0.410435	0.149037	-0.177996	0.033026	0.983477
55813	1.034003	1.523661	9.556986	-0.011651	0.006914	-0.015017	0.398583	-0.911356	0.102767	0.899708	0.410286	0.148967	-0.177926	0.033085	0.983487
55814	1.071385	1.557744	9.540030	-0.012458	0.003662	-0.020684	0.398414	-0.911429	0.102775	0.899795	0.410119	0.148898	-0.177860	0.033153	0.983497
55815	1.091942	1.568303	9.541999	-0.010627	0.009702	-0.017314	0.398069	-0.911584	0.102743	0.899946	0.409774	0.148939	-0.177872	0.033175	0.983494
55816	1.032298	1.573994	9.531266	-0.022300	0.010777	-0.024411	0.397880	-0.911674	0.102675	0.900066	0.409569	0.148777	-0.177689	0.033219	0.983526
55817	1.057280	1.571416	9.554065	-0.022415	0.009506	-0.022035	0.397556	-0.911818	0.102650	0.900241	0.409240	0.148624	-0.177526	0.033323	0.983552
55818	1.083091	1.575271	9.522694	-0.023973	0.012046	-0.023697	0.397375	-0.911906	0.102570	0.900361	0.409041	0.148445	-0.177323	0.033362	0.983587
55819	1.038486	1.550254	9.519751	-0.024743	0.014825	-0.022913	0.396900	-0.912121	0.102498	0.900601	0.408555	0.148326	-0.177168	0.033439	0.983612
55820	1.052444	1.565032	9.555647	-0.029343	0.014855	-0.025587	0.396707	-0.912217	0.102388	0.900738	0.408337	0.148097	-0.176905	0.033474	0.983659
55821	1.034831	1.545495	9.520922	-0.026861	0.016845	-0.020621	0.396250	-0.912427	0.102287	0.900973	0.407864	0.147970	-0.176731	0.033525	0.983688
55822	1.011487	1.531414	9.519790	-0.032366	0.015363	-0.023368	0.396078	-0.912514	0.102176	0.901106	0.407665	0.147709	-0.176440	0.033567	0.983739
55823	1.035940	1.527808	9.542819	-0.034722	0.014662	-0.030693	0.395772	-0.912657	0.102084	0.901296	0.407338	0.147451	-0.176155	0.033651	0.983787
55824	1.002278	1.530892	9.554719	-0.037656	0.010583	-0.022945	0.395595	-0.912741	0.102020	0.901436	0.407142	0.147136	-0.175834	0.033758	0.983841
55825	1.129320	1.549730	9.538277	-0.033381	0.012588	-0.021055	0.395623	-0.912737	0.101954	0.901486	0.407146	0.146814	-0.175513	0.033827	0.983896
55826	1.149072	1.645718	9.650409	-0.030026	0.010222	-0.008117	0.395579	-0.912760	0.101915	0.901554	0.407087	0.146560	-0.175262	0.033906	0.983938
55827	1.052527	1.661075	9.684671	-0.040521	-0.003942	-0.001769	0.395595	-0.912739	0.102042	0.901603	0.407113	0.146191	-0.174976	0.034169	0.983980
55828	0.969489	1.750888	9.761622	-0.067479	-0.042317	-0.028629	0.395275	-0.912827	0.102490	0.901817	0.406854	0.145589	-0.174596	0.034880	0.984022
55829	1.100873	1.878031	10.045740	-0.124409	-0.093023	-0.077374	0.394316	-0.913139	0.103398	0.902371	0.406025	0.144464	-0.173898	0.036339	0.984093
55830	1.382552	1.737260	10.255961	-0.200274	-0.124387	-0.122093	0.393010	-0.913575	0.104522	0.903182	0.404860	0.142653	-0.172640	0.038338	0.984239
55831	1.420293	1.496682	10.351002	-0.208183	-0.102055	-0.112487	0.391817	-0.913979	0.105461	0.903972	0.403766	0.140739	-0.171214	0.040190	0.984414
55832	1.215479	1.438516	10.146375	-0.156656	-0.051728	-0.097436	0.390859	-0.914337	0.105908	0.904604	0.402837	0.139332	-0.170060	0.041345	0.984566
55833	1.134470	1.547587	9.689725	-0.154569	-0.040049	-0.095437	0.390107	-0.914617	0.106266	0.905165	0.402090	0.137843	-0.168802	0.042415	0.984737
55834	1.300475	1.543097	9.310620	-0.248855	-0.034834	-0.118058	0.388991	-0.915062	0.106522	0.906026	0.400929	0.135550	-0.166744	0.043784	0.985028
55835	1.427021	1.294790	9.263228	-0.293311	-0.003553	-0.127693	0.387932	-0.915516	0.106487	0.906957	0.399749	0.132781	-0.164131	0.045069	0.985408
55836	1.322029	1.146247	9.303439	-0.257476	0.023132	-0.128920	0.386812	-0.916027	0.106164	0.907859	0.398477	0.130412	-0.161765	0.045937	0.985760
55837	1.061967	0.987740	9.283417	-0.173897	0.026752	-0.135239	0.385605	-0.916574	0.105834	0.908664	0.397154	0.128834	-0.160119	0.046489	0.986002
55838	0.895458	1.134857	9.217076	-0.068289	0.001786	-0.143471	0.384317	-0.917130	0.105706	0.909310	0.395833	0.128345	-0.159551	0.046795	0.986080
55839	0.915314	1.373799	9.363294	-0.065724	-0.025921	-0.142265	0.382822	-0.917735	0.105877	0.910003	0.394360	0.127965	-0.159191	0.047361	0.986111
55840	1.101444	1.561329	9.527016	-0.134103	-0.038969	-0.136573	0.381530	-0.918240	0.106161	0.910722	0.393068	0.126819	-0.158179	0.048298	0.986228
55841	1.074312	1.523649	9.669136	-0.203904	-0.020226	-0.107949	0.380268	-0.918745	0.106322	0.911534	0.391754	0.125040	-0.156532	0.049368	0.986438
55842	1.114845	1.393246	9.888455	-0.257984	-0.009132	-0.086508	0.379478	-0.919065	0.106379	0.912248	0.390856	0.122619	-0.154274	0.050513	0.986736
55843	1.311174	1.205064	9.946849	-0.291666	-0.001471	-0.068761	0.378750	-0.919361	0.106414	0.912983	0.389996	0.119859	-0.151695	0.051757	0.987071
55844	1.457555	1.088593	10.092718	-0.279026	0.018155	-0.058636	0.378255	-0.919585	0.106239	0.913609	0.389337	0.117200	-0.149138	0.052729	0.987409
55845	1.502016	0.927449	10.086198	-0.241344	0.048711	-0.055715	0.377488	-0.919951	0.105796	0.914292	0.388391	0.114992	-0.146878	0.053320	0.987716
55846	1.542591	0.916502	10.113569	-0.209500	0.080013	-0.070519	0.376974	-0.920253	0.104999	0.914848	0.387656	0.113030	-0.144720	0.053449	0.988028
55847	1.525568	0.993649	10.209660	-0.185585	0.107855	-0.078660	0.376294	-0.920651	0.103947	0.915442	0.386738	0.111357	-0.142721	0.053255	0.988329
55848	1.470201	1.061368	10.160408	-0.188220	0.131556	-0.080257	0.375759	-0.921017	0.102632	0.915995	0.385925	0.109612	-0.140563	0.052822	0.988662
55849	1.318924	1.013532	10.003338	-0.234878	0.151729	-0.083247	0.374997	-0.921491	0.101155	0.916703	0.384846	0.107467	-0.137959	0.052429	0.989049
55850	1.197587	0.839484	9.936630	-0.249610	0.170128	-0.079896	0.374511	-0.921872	0.099461	0.917328	0.384006	0.105111	-0.135093	0.051873	0.989474
55851	1.108376	0.771288	9.809623	-0.211751	0.166014	-0.061297	0.373839	-0.922318	0.097850	0.917954	0.383022	0.103225	-0.132685	0.051232	0.989833
55852	1.019339	0.706832	9.681881	-0.179148	0.179327	-0.050267	0.373628	-0.922587	0.096097	0.918363	0.382493	0.101534	-0.130430	0.050316	0.990180
55853	1.083449	0.660600	9.614694	-0.158708	0.177075	-0.042030	0.373383	-0.922861	0.094404	0.918749	0.381955	0.100059	-0.128399	0.049373	0.990493
55854	1.081862	0.726728	9.576612	-0.137944	0.188949	-0.033216	0.373334	-0.923067	0.092573	0.919034	0.381607	0.098757	-0.126486	0.048209	0.990796
55855	1.031795	0.729661	9.537051	-0.108032	0.203788	-0.030133	0.373019	-0.923387	0.090631	0.919386	0.381003	0.097806	-0.124843	0.046841	0.991070
55856	1.087293	0.917633	9.621400	-0.089951	0.220169	-0.025966	0.373069	-0.923573	0.088497	0.919580	0.380748	0.096971	-0.123255	0.045203	0.991345
55857	1.080738	1.102359	9.748635	-0.097957	0.240755	-0.021333	0.372816	-0.923891	0.086225	0.919906	0.380178	0.096113	-0.121579	0.043487	0.991629
55858	1.002643	1.084316	9.760739	-0.130983	0.258368	-0.026022	0.372903	-0.924086	0.083712	0.920147	0.379907	0.094870	-0.119471	0.041650	0.991964
55859	0.942179	1.066677	9.829379	-0.133701	0.273777	-0.029149	0.372683	-0.924409	0.081089	0.920504	0.379329	0.093707	-0.117383	0.039720	0.992292
55860	0.953300	1.112966	9.923386	-0.136141	0.280969	-0.023904	0.372805	-0.924596	0.078353	0.920738	0.379081	0.092409	-0.115143	0.037692	0.992634
55861	0.937165	1.104651	10.017962	-0.144989	0.285827	-0.027823	0.372567	-0.924923	0.075575	0.921114	0.378479	0.091120	-0.112883	0.035664	0.992968
55862	0.904716	1.237355	10.060141	-0.117412	0.291829	-0.033574	0.372600	-0.925138	0.072720	0.921357	0.378153	0.090014	-0.110774	0.033462	0.993282
55863	0.884258	1.330751	10.162418	-0.130644	0.310287	-0.043353	0.372273	-0.925503	0.069698	0.921753	0.377457	0.088865	-0.108553	0.031163	0.993602
55864	0.875269	1.359381	10.221029	-0.174927	0.315222	-0.063558	0.372041	-0.925825	0.066584	0.922164	0.376841	0.087204	-0.105828	0.028957	0.993963
55865	0.862686	1.351616	10.229803	-0.223246	0.322628	-0.084629	0.371240	-0.926370	0.063396	0.922835	0.375654	0.085204	-0.102745	0.026873	0.994345
55866	0.734481	1.305296	10.182442	-0.287353	0.345634	-0.100128	0.370681	-0.926824	0.059949	0.923483	0.374677	0.082442	-0.098871	0.024802	0.994791
55867	0.645215	1.246340	10.091156	-0.328676	0.350107	-0.108089	0.369513	-0.927507	0.056492	0.924382	0.373107	0.079435	-0.094754	0.022868	0.995238
55868	0.606218	1.073321	9.913524	-0.372025	0.348856	-0.111719	0.368820	-0.927988	0.053007	0.925125	0.372014	0.075828	-0.090087	0.021071	0.995711
55869	0.635305	0.921181	9.766130	-0.383677	0.361343	-0.102103	0.367573	-0.928679	0.049449	0.926057	0.370386	0.072333	-0.085489	0.019205	0.996154
55870	0.580322	0.721062	9.602616	-0.395044	0.389863	-0.075436	0.367215	-0.929018	0.045585	0.926650	0.369639	0.068468	-0.080458	0.017099	0.996611
55871	0.466135	0.470596	9.445225	-0.419938	0.411087	-0.065047	0.366256	-0.929586	0.041560	0.927458	0.368305	0.064592	-0.075350	0.014888	0.997046
55872	0.313897	0.313359	9.358466	-0.406539	0.396427	-0.050835	0.366091	-0.929817	0.037649	0.927928	0.367801	0.060594	-0.070188	0.012753	0.997452
55873	0.375253	0.204272	9.228970	-0.375631	0.376981	-0.043889	0.365352	-0.930249	0.033975	0.928558	0.366773	0.057081	-0.065561	0.010693	0.997791
55874	0.425808	0.331093	9.206795	-0.344501	0.367443	-0.037044	0.365260	-0.930410	0.030361	0.928899	0.366419	0.053691	-0.061080	0.008591	0.998096
55875	0.376078	0.355860	9.131073	-0.343094	0.379118	-0.029664	0.364750	-0.930724	0.026655	0.929371	0.365667	0.050565	-0.056809	0.006329	0.998365
55876	0.263664	0.463325	9.249178	-0.354650	0.384466	-0.014157	0.364848	-0.930786	0.022883	0.929604	0.365541	0.047064	-0.052171	0.004101	0.998630
55877	0.189359	0.478961	9.417860	-0.393932	0.387003	0.000025	0.364428	-0.931035	0.019136	0.930026	0.364925	0.043385	-0.047377	0.001986	0.998875
55878	0.085253	0.409408	9.654521	-0.415263	0.415266	0.015585	0.364780	-0.930972	0.015067	0.930143	0.365090	0.039272	-0.042062	-0.000311	0.999115
55879	0.101732	0.406499	9.920583	-0.451007	0.424197	0.030818	0.364850	-0.931002	0.010952	0.930346	0.365005	0.035029	-0.036610	-0.002591	0.999326
55880	0.125036	0.241121	10.160088	-0.468579	0.448085	0.045813	0.365448	-0.930809	0.006562	0.930326	0.365473	0.030380	-0.030676	-0.004998	0.999517
55881	0.082407	0.137177	10.272075	-0.451211	0.472596	0.065168	0.365656	-0.930748	0.001978	0.930413	0.365580	0.026126	-0.025040	-0.007713	0.999657
55882	0.152861	0.205847	10.554935	-0.404293	0.495776	0.061260	0.366359	-0.930469	-0.002891	0.930269	0.366211	0.022123	-0.019526	-0.010794	0.999751
55883	0.117110	0.285219	10.864320	-0.416158	0.539554	0.047430	0.366255	-0.930479	-0.008149	0.930410	0.366068	0.018221	-0.013971	-0.014255	0.999801
55884	-0.205177	0.340676	10.768636	-0.453328	0.567318	0.044424	0.366752	-0.930217	-0.013741	0.930287	0.366577	0.013732	-0.007737	-0.017819	0.999811
55885	-0.430512	0.229823	10.558123	-0.455845	0.574368	0.053787	0.367050	-0.930000	-0.019370	0.930200	0.366932	0.009436	-0.001668	-0.021482	0.999768
55886	-0.579264	0.294494	9.968092	-0.403444	0.568271	0.057167	0.367598	-0.929649	-0.024974	0.929976	0.367580	0.005455	0.004109	-0.025231	0.999673
55887	-0.720235	0.381912	9.449583	-0.340629	0.551983	0.056029	0.367665	-0.929462	-0.030367	0.929914	0.367771	0.002244	0.009083	-0.029064	0.999536
55888	-0.761528	0.185086	9.251353	-0.338707	0.531444	0.057915	0.368166	-0.929078	-0.035606	0.929653	0.368436	-0.001083	0.014124	-0.032702	0.999365
55889	-0.871594	0.027419	9.028407	-0.340418	0.524346	0.063570	0.368435	-0.928760	-0.040736	0.929459	0.368900	-0.004281	0.019003	-0.036286	0.999161
55890	-0.876191	0.085538	8.837692	-0.331792	0.494051	0.060491	0.368916	-0.928343	-0.045603	0.929157	0.369610	-0.007529	0.023845	-0.039595	0.998931
55891	-0.843055	0.141876	8.640928	-0.323688	0.475462	0.050840	0.369055	-0.928048	-0.050251	0.928972	0.369998	-0.010618	0.028447	-0.042763	0.998680
55892	-0.996714	0.222858	8.453411	-0.303955	0.446056	0.037357	0.369291	-0.927706	-0.054637	0.928733	0.370500	-0.013593	0.032854	-0.045724	0.998414
55893	-1.209900	0.145579	8.205113	-0.318653	0.390382	0.039892	0.369490	-0.927395	-0.058447	0.928492	0.370978	-0.016686	0.037157	-0.048103	0.998151
55894	-1.246682	0.030487	8.032787	-0.320485	0.335041	0.035395	0.369713	-0.927093	-0.061725	0.928227	0.371485	-0.019822	0.041307	-0.049967	0.997896
55895	-1.225542	-0.216418	7.840021	-0.311994	0.279178	0.020318	0.369731	-0.926902	-0.064427	0.928041	0.371776	-0.022874	0.045154	-0.051334	0.997660
55896	-1.312684	-0.429057	7.588584	-0.273774	0.223953	0.008684	0.369734	-0.926748	-0.066591	0.927873	0.372019	-0.025558	0.048459	-0.052338	0.997453
55897	-1.475290	-0.546359	7.419815	-0.192353	0.169745	-0.003762	0.369590	-0.926689	-0.068198	0.927806	0.372054	-0.027423	0.050786	-0.053139	0.997295
55898	-1.432100	-0.595684	7.251751	-0.105558	0.108535	-0.022616	0.369351	-0.926710	-0.069202	0.927828	0.371922	-0.028450	0.052103	-0.053699	0.997197
55899	-1.279109	-0.458165	7.163931	-0.048505	0.038483	-0.027398	0.369070	-0.926800	-0.069497	0.927911	0.371680	-0.028901	0.052616	-0.053821	0.997163
55900	-1.314638	-0.462639	7.261136	-0.000041	-0.024412	-0.023907	0.368888	-0.926896	-0.069175	0.927992	0.371479	-0.028877	0.052463	-0.053541	0.997187
55901	-1.061728	-0.510109	8.158177	0.007769	-0.055305	-0.010415	0.368809	-0.926975	-0.068542	0.928044	0.371360	-0.028754	0.052108	-0.053006	0.997234
55902	-0.800572	-0.373614	9.080342	0.026239	-0.050746	0.008901	0.368944	-0.926963	-0.067967	0.928017	0.371450	-0.028445	0.051614	-0.052580	0.997282
55903	-0.196932	-0.074310	11.194631	-0.009177	0.030814	0.008803	0.368997	-0.926925	-0.068200	0.927990	0.371516	-0.028477	0.051734	-0.052781	0.997265
55904	-0.065279	0.328307	12.099577	-0.048275	0.130232	-0.002419	0.368934	-0.926859	-0.069426	0.927966	0.371541	-0.028920	0.052599	-0.053755	0.997168
55905	-0.327353	0.308995	12.599080	-0.180852	0.170290	-0.004609	0.368790	-0.926794	-0.071043	0.927895	0.371579	-0.030673	0.054826	-0.054608	0.997002
55906	-0.494915	-0.260676	12.310262	-0.200825	0.176893	0.001142	0.368728	-0.926687	-0.072735	0.927771	0.371721	-0.032634	0.057279	-0.055449	0.996817
55907	-0.535881	-0.661031	11.149910	-0.082756	0.145336	0.005945	0.368688	-0.926594	-0.074106	0.927710	0.371804	-0.033402	0.058503	-0.056434	0.996691
55908	-0.259863	-1.007396	10.123364	0.035567	0.115820	0.012658	0.368765	-0.926476	-0.075193	0.927677	0.371922	-0.032998	0.058537	-0.057586	0.996623
55909	0.084375	-1.204175	9.273692	0.195757	0.094016	-0.001658	0.368683	-0.926439	-0.076047	0.927807	0.371771	-0.030995	0.056987	-0.059130	0.996622
55910	0.031692	-1.116315	8.691605	0.405109	0.085147	-0.055935	0.368144	-0.926591	-0.076808	0.928230	0.371030	-0.026959	0.053478	-0.061370	0.996681
55911	-0.133428	-0.773670	8.515478	0.564786	0.082962	-0.120524	0.366979	-0.926994	-0.077520	0.928966	0.369547	-0.021374	0.048461	-0.064170	0.996762
55912	-0.508977	-0.116201	8.354930	0.631812	0.070360	-0.169816	0.365395	-0.927569	-0.078118	0.929869	0.367579	-0.015168	0.042784	-0.067098	0.996829
55913	-0.836678	0.484516	8.295969	0.577041	0.057918	-0.193053	0.363570	-0.928246	-0.078585	0.930810	0.365380	-0.009517	0.037548	-0.069687	0.996862
55914	-0.992793	0.832164	8.459595	0.439957	0.045453	-0.199737	0.361720	-0.928938	-0.078951	0.931683	0.363234	-0.005248	0.033553	-0.071659	0.996865
55915	-1.032732	0.880151	8.756452	0.291889	0.040128	-0.204641	0.359788	-0.929662	-0.079257	0.932522	0.361104	-0.002449	0.030897	-0.073028	0.996851
55916	-0.959847	0.728710	9.206803	0.156897	0.034306	-0.191028	0.358021	-0.930321	-0.079524	0.933247	0.359233	-0.000996	0.029494	-0.073859	0.996832
55917	-0.583644	0.410968	10.601387	0.015568	0.050804	-0.153489	0.356563	-0.930845	-0.079945	0.933807	0.357776	-0.000912	0.029452	-0.074328	0.996799
55918	-0.282595	0.138008	12.487122	-0.125849	0.124982	-0.109901	0.355524	-0.931141	-0.081117	0.934153	0.356867	-0.002214	0.031010	-0.074988	0.996702
55919	-0.448295	0.322891	12.007551	-0.211670	0.146102	-0.081617	0.354701	-0.931334	-0.082484	0.934382	0.356246	-0.004336	0.033423	-0.075533	0.996583
55920	-0.787738	0.185105	9.909057	-0.203060	0.070586	-0.054387	0.354194	-0.931471	-0.083112	0.934498	0.355913	-0.006364	0.035508	-0.075414	0.996520
55921	-0.938399	-0.385786	9.350934	-0.118469	0.034639	-0.017907	0.354003	-0.931521	-0.083369	0.934526	0.355817	-0.007508	0.036658	-0.075253	0.996490
55922	-0.933803	-0.739213	9.165271	-0.030812	0.012092	0.024823	0.354257	-0.931420	-0.083419	0.934419	0.356092	-0.007753	0.036926	-0.075202	0.996484
55923	-0.970546	-0.651810	8.893620	0.016370	-0.022842	0.051710	0.354731	-0.931267	-0.083110	0.934251	0.356537	-0.007492	0.036609	-0.074988	0.996512
55924	-0.933097	-0.507461	9.130116	0.044361	-0.033288	0.039598	0.355139	-0.931147	-0.082708	0.934119	0.356893	-0.006976	0.036014	-0.074782	0.996549
55925	-0.859679	-0.306983	9.657482	0.071753	-0.012414	0.022615	0.355346	-0.931087	-0.082501	0.934071	0.357034	-0.006191	0.035220	-0.074862	0.996572
55926	-0.950819	0.098861	9.828983	0.070015	0.006625	0.029315	0.355644	-0.930974	-0.082496	0.933984	0.357275	-0.005428	0.034527	-0.075120	0.996577
55927	-1.071787	0.300961	9.840103	0.040453	0.017135	0.034092	0.355942	-0.930852	-0.082585	0.933885	0.357540	-0.004944	0.034129	-0.075366	0.996572
55928	-1.043907	0.258278	9.832286	0.005186	0.018280	0.034428	0.356283	-0.930711	-0.082697	0.933756	0.357877	-0.004822	0.034084	-0.075500	0.996563
55929	-1.068285	0.082768	9.693300	-0.008108	0.019872	0.040406	0.356642	-0.930563	-0.082814	0.933617	0.358241	-0.004820	0.034152	-0.075597	0.996553
55930	-1.084030	0.044344	9.632243	-0.002323	0.019737	0.037831	0.357015	-0.930409	-0.082940	0.933473	0.358616	-0.004770	0.034182	-0.075719	0.996543
55931	-1.148610	0.005603	9.700329	0.001620	0.017410	0.025946	0.357238	-0.930315	-0.083031	0.933389	0.358836	-0.004679	0.034147	-0.075829	0.996536
55932	-1.135974	-0.009474	9.686904	-0.006796	0.008731	0.013345	0.357386	-0.930257	-0.083047	0.933331	0.358986	-0.004694	0.034179	-0.075832	0.996535
55933	-1.077469	-0.101634	9.671758	-0.025165	-0.000034	-0.003550	0.357346	-0.930280	-0.082964	0.933341	0.358958	-0.004896	0.034335	-0.075684	0.996541
55934	-1.042768	-0.195560	9.721198	-0.032452	-0.004936	-0.013861	0.357244	-0.930330	-0.082841	0.933371	0.358874	-0.005190	0.034558	-0.075468	0.996549
55935	-1.024937	-0.296576	9.671759	-0.009278	-0.005805	-0.011465	0.357128	-0.930387	-0.082701	0.933417	0.358756	-0.005237	0.034542	-0.075325	0.996561
55936	-0.950307	-0.329371	9.607356	0.019266	-0.007749	-0.005458	0.357105	-0.930409	-0.082551	0.933435	0.358711	-0.005008	0.034272	-0.075268	0.996574
55937	-0.881882	-0.279427	9.670410	0.047400	-0.006183	0.008219	0.357170	-0.930397	-0.082410	0.933430	0.358731	-0.004476	0.033727	-0.075326	0.996588
55938	-0.772503	-0.184821	9.638500	0.060812	-0.004272	0.012373	0.357313	-0.930352	-0.082296	0.933399	0.358821	-0.003818	0.033082	-0.075450	0.996601
55939	-0.765116	-0.080014	9.623357	0.052440	0.000061	0.016909	0.357460	-0.930302	-0.082218	0.933362	0.358921	-0.003229	0.032513	-0.075585	0.996609
55940	-0.683513	-0.043718	9.672930	0.040233	0.001292	0.010979	0.357588	-0.930258	-0.082158	0.933328	0.359013	-0.002778	0.032080	-0.075687	0.996615
55941	-0.657467	-0.001958	9.701442	0.025169	0.000049	0.003562	0.357613	-0.930255	-0.082081	0.933329	0.359013	-0.002475	0.031771	-0.075724	0.996623
55942	-0.617541	0.023153	9.716683	0.008715	0.001678	-0.005176	0.357590	-0.930269	-0.082025	0.933343	0.358979	-0.002351	0.031633	-0.075717	0.996627
55943	-0.613079	-0.075656	9.699723	-0.002177	0.009533	-0.002795	0.357544	-0.930286	-0.082039	0.933361	0.358931	-0.002318	0.031603	-0.075743	0.996626
55944	-0.639733	-0.201819	9.726424	0.001658	0.012638	0.007666	0.357638	-0.930245	-0.082092	0.933327	0.359021	-0.002254	0.031570	-0.075813	0.996622
55945	-0.645662	-0.296561	9.650476	0.012592	0.017804	0.022409	0.357836	-0.930161	-0.082189	0.933255	0.359208	-0.002059	0.031438	-0.075966	0.996615
55946	-0.725697	-0.356379	9.638960	0.031300	0.014870	0.032804	0.358163	-0.930028	-0.082265	0.933140	0.359510	-0.001679	0.031136	-0.076163	0.996609
55947	-0.686992	-0.328413	9.654280	0.056580	0.009574	0.043579	0.358564	-0.929872	-0.082280	0.933005	0.359863	-0.001030	0.030567	-0.076399	0.996609
55948	-0.703579	-0.290821	9.648609	0.087579	0.009234	0.057345	0.359122	-0.929655	-0.082300	0.932817	0.360350	-0.000068	0.029721	-0.076746	0.996608
55949	-0.749561	-0.151679	9.724180	0.105247	0.010787	0.064359	0.359718	-0.929422	-0.082325	0.932620	0.360859	0.001082	0.028702	-0.077167	0.996605
55950	-0.708983	-0.045717	9.702991	0.096080	0.004075	0.061584	0.360316	-0.929193	-0.082292	0.932417	0.361378	0.002132	0.027758	-0.077498	0.996606
55951	-0.689853	0.116914	9.728710	0.095239	0.011431	0.064217	0.360912	-0.928960	-0.082320	0.932214	0.361894	0.003184	0.026833	-0.077889	0.996601
55952	-0.728129	0.159925	9.695845	0.086951	0.015152	0.064676	0.361536	-0.928710	-0.082395	0.931995	0.362447	0.004145	0.026015	-0.078291	0.996591
55953	-0.789306	0.186519	9.746607	0.063311	0.010923	0.054240	0.362049	-0.928508	-0.082417	0.931813	0.362906	0.004867	0.025390	-0.078560	0.996586
55954	-0.856370	0.272513	9.720815	0.066840	0.007653	0.048586	0.362525	-0.928322	-0.082418	0.931646	0.363325	0.005614	0.024732	-0.078820	0.996582
55955	-0.895270	0.382579	9.742304	0.074432	0.005535	0.041165	0.362898	-0.928179	-0.082388	0.931520	0.363632	0.006443	0.023979	-0.079084	0.996579
55956	-0.957447	0.512446	9.717670	0.095281	0.011342	0.034814	0.363245	-0.928040	-0.082426	0.931408	0.363900	0.007462	0.023070	-0.079483	0.996569
55957	-1.039881	0.543685	9.741299	0.078742	0.009173	0.028653	0.363499	-0.927940	-0.082435	0.931328	0.364087	0.008322	0.022291	-0.079799	0.996562
55958	-1.036903	0.607101	9.723169	0.047542	-0.002518	0.018622	0.363698	-0.927871	-0.082336	0.931262	0.364242	0.008852	0.021776	-0.079896	0.996565
55959	-0.998182	0.649616	9.718802	0.033878	0.002209	0.015364	0.363836	-0.927822	-0.082277	0.931217	0.364347	0.009251	0.021394	-0.079984	0.996567
55960	-0.965808	0.717597	9.767368	0.011703	0.003259	0.005003	0.363907	-0.927798	-0.082237	0.931193	0.364405	0.009413	0.021234	-0.080004	0.996568
55961	-0.950803	0.741923	9.846885	-0.004067	0.007925	-0.008099	0.363829	-0.927828	-0.082238	0.931224	0.364326	0.009415	0.021225	-0.080007	0.996568
55962	-0.925543	0.778927	9.875055	-0.027022	0.011178	-0.021425	0.363652	-0.927894	-0.082278	0.931288	0.364169	0.009170	0.021455	-0.079959	0.996567
55963	-0.920874	0.747908	9.822340	-0.044004	0.012735	-0.032714	0.363326	-0.928017	-0.082329	0.931406	0.363875	0.008760	0.021828	-0.079864	0.996567
55964	-0.874588	0.723623	9.804008	-0.059002	0.010772	-0.044280	0.362936	-0.928167	-0.082367	0.931546	0.363532	0.008177	0.022354	-0.079696	0.996569
55965	-0.863615	0.716869	9.772109	-0.065088	0.008923	-0.056405	0.362392	-0.928378	-0.082381	0.931744	0.363037	0.007538	0.022909	-0.079490	0.996572
55966	-0.848119	0.772806	9.944895	-0.066300	0.014922	-0.064425	0.361813	-0.928596	-0.082461	0.931954	0.362512	0.006865	0.023518	-0.079334	0.996571
55967	-0.896112	0.679913	10.039145	-0.109928	0.011105	-0.079474	0.361058	-0.928887	-0.082501	0.932221	0.361843	0.005756	0.024506	-0.078987	0.996574
55968	-0.818728	0.532522	9.959611	-0.157346	0.003960	-0.092201	0.360223	-0.929213	-0.082472	0.932506	0.361131	0.004153	0.025924	-0.078402	0.996585
55969	-0.789270	0.401550	9.898461	-0.159998	0.018039	-0.095900	0.359293	-0.929564	-0.082583	0.932823	0.360327	0.002538	0.027398	-0.077947	0.996581
55970	-0.905374	0.288438	9.799965	-0.144672	0.021890	-0.099099	0.358388	-0.929900	-0.082730	0.933130	0.359538	0.001055	0.028763	-0.077576	0.996571
55971	-0.893316	0.204426	9.713057	-0.148552	0.015087	-0.106843	0.357363	-0.930287	-0.082814	0.933479	0.358631	-0.000465	0.030132	-0.077139	0.996565
55972	-0.888695	0.162180	9.660070	-0.151140	0.015224	-0.118975	0.356274	-0.930698	-0.082891	0.933849	0.357661	-0.002029	0.031535	-0.076685	0.996557
55973	-0.867000	0.162578	9.576680	-0.141944	0.008793	-0.120424	0.355112	-0.931141	-0.082900	0.934248	0.356607	-0.003483	0.032805	-0.076212	0.996552
55974	-0.894990	0.071685	9.454944	-0.134742	0.005887	-0.121570	0.354000	-0.931566	-0.082880	0.934626	0.355598	-0.004885	0.034023	-0.075733	0.996548
55975	-0.891586	-0.025759	9.418680	-0.132118	0.001817	-0.123406	0.352827	-0.932016	-0.082817	0.935027	0.354523	-0.006250	0.035186	-0.075230	0.996545
55976	-0.918237	-0.114568	9.296579	-0.109596	-0.006519	-0.118157	0.351751	-0.932436	-0.082671	0.935396	0.353524	-0.007399	0.036125	-0.074728	0.996549
55977	-0.869279	-0.143033	9.277695	-0.092201	-0.011238	-0.127279	0.350522	-0.932916	-0.082478	0.935829	0.352356	-0.008361	0.036862	-0.074254	0.996558
55978	-0.846332	-0.156296	9.304363	-0.093997	-0.013301	-0.136481	0.349276	-0.933402	-0.082260	0.936264	0.351173	-0.009369	0.037633	-0.073745	0.996567
55979	-0.795774	-0.146558	9.378831	-0.095876	-0.014731	-0.141602	0.347920	-0.933929	-0.082029	0.936738	0.349878	-0.010381	0.038395	-0.073227	0.996576
55980	-0.718989	-0.224243	9.443269	-0.102746	-0.018288	-0.141216	0.346630	-0.934432	-0.081758	0.937181	0.348654	-0.011480	0.039232	-0.072643	0.996586
55981	-0.681067	-0.361869	9.620848	-0.112169	-0.013872	-0.141443	0.345306	-0.934941	-0.081537	0.937630	0.347404	-0.012670	0.040172	-0.072077	0.996590
55982	-0.662854	-0.439678	9.754863	-0.119700	-0.007948	-0.136448	0.344056	-0.935417	-0.081368	0.938045	0.346234	-0.013933	0.041206	-0.071533	0.996587
55983	-0.650791	-0.471874	9.832107	-0.120442	0.002230	-0.127676	0.342854	-0.935864	-0.081304	0.938437	0.345117	-0.015197	0.042281	-0.071089	0.996573
55984	-0.664967	-0.542050	9.880164	-0.106133	0.009183	-0.113064	0.341816	-0.936243	-0.081306	0.938771	0.344155	-0.016305	0.043247	-0.070754	0.996556
55985	-0.685427	-0.564319	9.871693	-0.087698	0.016716	-0.104308	0.340819	-0.936600	-0.081384	0.939096	0.343223	-0.017217	0.044059	-0.070560	0.996534
55986	-0.769424	-0.589396	9.802085	-0.062216	0.018020	-0.090261	0.339990	-0.936893	-0.081476	0.939369	0.342443	-0.017870	0.044643	-0.070460	0.996515
55987	-0.794710	-0.612623	9.662534	-0.033500	0.014534	-0.079840	0.339215	-0.937168	-0.081538	0.939635	0.341693	-0.018220	0.044937	-0.070435	0.996504
55988	-0.816329	-0.590659	9.525698	-0.000267	0.016627	-0.067278	0.338603	-0.937383	-0.081619	0.939856	0.341084	-0.018237	0.044934	-0.070535	0.996497
55989	-0.888035	-0.532894	9.389279	0.032773	0.012120	-0.058179	0.338038	-0.937583	-0.081658	0.940075	0.340496	-0.017905	0.044592	-0.070712	0.996500
55990	-0.842691	-0.457879	9.316544	0.055792	0.008128	-0.049248	0.337598	-0.937742	-0.081658	0.940260	0.340015	-0.017348	0.044033	-0.070923	0.996509
55991	-0.847002	-0.348620	9.244051	0.068510	-0.001371	-0.039886	0.337207	-0.937890	-0.081574	0.940433	0.339570	-0.016654	0.043319	-0.071099	0.996528
55992	-0.841297	-0.243224	9.230430	0.064804	-0.009212	-0.039122	0.336870	-0.938026	-0.081404	0.940586	0.339178	-0.015999	0.042617	-0.071178	0.996553
55993	-0.789433	-0.233847	9.324117	0.047069	-0.013958	-0.039341	0.336475	-0.938186	-0.081191	0.940753	0.338738	-0.015512	0.042055	-0.071161	0.996578
55994	-0.744713	-0.164090	9.342467	0.035175	-0.023198	-0.043629	0.336101	-0.938347	-0.080880	0.940907	0.338324	-0.015155	0.041585	-0.071007	0.996609
55995	-0.713523	-0.190814	9.315901	0.024221	-0.031464	-0.051628	0.335612	-0.938555	-0.080490	0.941100	0.337800	-0.014906	0.041180	-0.070746	0.996644
55996	-0.767744	-0.167703	9.276281	0.026402	-0.039963	-0.057488	0.335114	-0.938774	-0.080011	0.941297	0.337263	-0.014648	0.040736	-0.070405	0.996686
55997	-0.806891	-0.158820	9.223359	0.033955	-0.049528	-0.059776	0.334570	-0.939017	-0.079438	0.941514	0.336670	-0.014313	0.040184	-0.070004	0.996737
55998	-0.856154	-0.185846	9.331708	0.041281	-0.061272	-0.064009	0.334018	-0.939272	-0.078746	0.941738	0.336061	-0.013911	0.039529	-0.069512	0.996798
55999	-0.857263	-0.139660	9.589331	0.040262	-0.061633	-0.056217	0.333528	-0.939503	-0.078056	0.941938	0.335516	-0.013520	0.038891	-0.069015	0.996857
56000	-0.751687	-0.094048	9.961153	0.037421	-0.055843	-0.058753	0.333022	-0.939735	-0.077419	0.942141	0.334958	-0.013151	0.038291	-0.068560	0.996912
56001	-0.457410	-0.147143	11.307102	-0.000863	-0.011910	-0.063759	0.332421	-0.939964	-0.077228	0.942357	0.334349	-0.013164	0.038195	-0.068400	0.996927
56002	-0.356724	0.175951	11.150803	-0.051597	0.031007	-0.076542	0.331714	-0.940195	-0.077455	0.942585	0.333686	-0.013697	0.038723	-0.068464	0.996902
56003	-0.339173	0.063928	9.733686	-0.041820	0.008209	-0.056899	0.331155	-0.940392	-0.077456	0.942767	0.333153	-0.014103	0.039067	-0.068353	0.996896
56004	-0.954623	-0.340150	9.157844	0.001749	0.019388	-0.034798	0.330846	-0.940491	-0.077572	0.942876	0.332845	-0.014071	0.039054	-0.068486	0.996887
56005	-1.294450	-0.517834	9.301595	0.058313	-0.000354	-0.006702	0.330780	-0.940521	-0.077491	0.942925	0.332734	-0.013449	0.038433	-0.068620	0.996902
56006	-1.167452	-0.353466	9.575597	0.049881	-0.012541	0.016662	0.330968	-0.940471	-0.077296	0.942882	0.332877	-0.012897	0.037860	-0.068612	0.996925
56007	-0.855517	-0.124392	9.662298	0.004925	-0.021789	0.018489	0.331103	-0.940447	-0.077011	0.942843	0.332992	-0.012769	0.037653	-0.068381	0.996948
56008	-0.641459	-0.070549	9.651936	-0.030504	-0.011270	-0.003330	0.331102	-0.940462	-0.076826	0.942836	0.333002	-0.013035	0.037842	-0.068118	0.996959
56009	-0.697921	-0.125444	9.647522	-0.028132	0.002722	-0.011983	0.330996	-0.940503	-0.076781	0.942865	0.332911	-0.013284	0.038055	-0.067997	0.996959
56010	-0.783871	-0.150141	9.669889	-0.005553	0.006527	-0.010640	0.330919	-0.940531	-0.076772	0.942891	0.332835	-0.013306	0.038067	-0.067984	0.996960
56011	-0.795314	-0.093539	9.685620	0.006718	0.000940	-0.006288	0.330842	-0.940563	-0.076715	0.942923	0.332749	-0.013199	0.037942	-0.067970	0.996966
56012	-0.714360	-0.059650	9.735545	0.002313	-0.005253	-0.012463	0.330753	-0.940604	-0.076589	0.942958	0.332651	-0.013145	0.037841	-0.067872	0.996976
56013	-0.576637	-0.011160	9.696408	0.003310	-0.008680	-0.017647	0.330572	-0.940681	-0.076430	0.943027	0.332459	-0.013075	0.037710	-0.067753	0.996989
56014	-0.565516	0.042490	9.738807	0.002839	-0.000989	-0.025202	0.330361	-0.940762	-0.076344	0.943105	0.332241	-0.013025	0.037618	-0.067698	0.996996
56015	-0.611316	0.064361	9.666707	0.005359	0.003712	-0.024205	0.330112	-0.940852	-0.076312	0.943196	0.331984	-0.012940	0.037509	-0.067706	0.997000
56016	-0.604010	0.075643	9.706741	-0.003898	-0.001455	-0.031509	0.329841	-0.940954	-0.076221	0.943292	0.331711	-0.012961	0.037479	-0.067623	0.997007
56017	-0.606025	0.089298	9.687906	-0.026971	-0.001405	-0.037833	0.329474	-0.941091	-0.076130	0.943413	0.331356	-0.013212	0.037659	-0.067469	0.997010
56018	-0.603775	0.070132	9.706798	-0.046322	-0.001716	-0.043823	0.329087	-0.941234	-0.076034	0.943534	0.330995	-0.013666	0.038030	-0.067244	0.997012
56019	-0.609070	0.037896	9.685623	-0.061406	0.001406	-0.049619	0.328606	-0.941407	-0.075973	0.943680	0.330551	-0.014271	0.038548	-0.067005	0.997008
56020	-0.632096	-0.023253	9.675450	-0.072247	0.004130	-0.052658	0.328133	-0.941575	-0.075934	0.943818	0.330124	-0.014991	0.039183	-0.066749	0.997000
56021	-0.628291	-0.061270	9.713037	-0.069952	0.006671	-0.053584	0.327611	-0.941757	-0.075923	0.943974	0.329647	-0.015683	0.039797	-0.066532	0.996990
56022	-0.638378	-0.064257	9.654067	-0.069148	0.004933	-0.063249	0.327038	-0.941959	-0.075890	0.944147	0.329117	-0.016379	0.040405	-0.066295	0.996982
56023	-0.665491	-0.057854	9.699740	-0.067264	0.006440	-0.058048	0.326521	-0.942140	-0.075867	0.944300	0.328644	-0.017063	0.041009	-0.066070	0.996972
56024	-0.700335	-0.062395	9.705307	-0.061140	0.011884	-0.065243	0.325927	-0.942343	-0.075902	0.944481	0.328090	-0.017681	0.041564	-0.065925	0.996959
56025	-0.684037	-0.041204	9.694232	-0.064240	0.011662	-0.067151	0.325268	-0.942568	-0.075942	0.944683	0.327474	-0.018326	0.042142	-0.065781	0.996944
56026	-0.724241	-0.073091	9.678445	-0.076136	0.010655	-0.072444	0.324605	-0.942794	-0.075963	0.944879	0.326861	-0.019099	0.042835	-0.065576	0.996928
56027	-0.706234	-0.126241	9.702324	-0.075733	0.007903	-0.075976	0.323867	-0.943048	-0.075959	0.945102	0.326172	-0.019862	0.043506	-0.065357	0.996913
56028	-0.731725	-0.173052	9.672914	-0.075097	0.011171	-0.080100	0.323132	-0.943299	-0.075982	0.945322	0.325486	-0.020630	0.044192	-0.065161	0.996896
56029	-0.764304	-0.194371	9.697104	-0.073652	0.008323	-0.078797	0.322362	-0.943562	-0.075985	0.945553	0.324764	-0.021378	0.044849	-0.064957	0.996880
56030	-0.732877	-0.188053	9.672547	-0.063847	0.001909	-0.078025	0.321650	-0.943810	-0.075915	0.945770	0.324090	-0.022033	0.045398	-0.064711	0.996871
56031	-0.711206	-0.197179	9.699027	-0.048325	0.003159	-0.068342	0.320980	-0.944043	-0.075858	0.945978	0.323447	-0.022514	0.045791	-0.064534	0.996864
56032	-0.699228	-0.200115	9.666660	-0.029702	0.004641	-0.056743	0.320467	-0.944220	-0.075819	0.946141	0.322951	-0.022812	0.046026	-0.064425	0.996861
56033	-0.743553	-0.218244	9.723191	-0.027116	0.004953	-0.057213	0.319921	-0.944408	-0.075790	0.946315	0.322421	-0.023092	0.046245	-0.064333	0.996856
