// General information: 
//  MT Manager version: 2022.2.0 
//  XDA version: 2022.2.0 build 7381 rev 124627 built on 2023-07-19
// Device information: 
//  DeviceId: 00B4CAF0
//  ProductCode: MTW2-3A7G6
//  Firmware Version: 4.6.0
//  Hardware Version: 2.0.0
// Device settings: 
//  Filter Profile: human(46.1)
//  Option Flags: Orientation Smoother Disabled, Position/Velocity Smoother Disabled, Continuous Zero Rotation Update Disabled, AHS Disabled, ICC Disabled
// Coordinate system: ENU
PacketCounter	Acc_X	Acc_Y	Acc_Z	Gyr_X	Gyr_Y	Gyr_Z	Mat[1][1]	Mat[2][1]	Mat[3][1]	Mat[1][2]	Mat[2][2]	Mat[3][2]	Mat[1][3]	Mat[2][3]	Mat[3][3]
16940	4.190945	1.820190	9.181831	0.003233	0.001038	0.000502	-0.581727	0.710855	0.395321	-0.715221	-0.678505	0.167599	0.387366	-0.185246	0.903123
16941	4.206036	1.832502	9.167309	0.004208	0.006517	0.003344	-0.581755	0.710868	0.395255	-0.715225	-0.678503	0.167589	0.387316	-0.185201	0.903154
16942	4.204885	1.806497	9.145078	0.004659	0.004965	0.003238	-0.581686	0.710946	0.395217	-0.715286	-0.678427	0.167637	0.387307	-0.185181	0.903162
16943	4.218239	1.812591	9.164522	0.002805	0.004345	0.002229	-0.581698	0.710963	0.395169	-0.715302	-0.678415	0.167619	0.387259	-0.185161	0.903186
16944	4.217158	1.786607	9.142259	0.006514	0.005585	0.004246	-0.581681	0.710914	0.395282	-0.715284	-0.678440	0.167591	0.387318	-0.185254	0.903142
16945	4.245758	1.805011	9.147115	0.006490	0.007148	0.000818	-0.581694	0.710946	0.395206	-0.715294	-0.678425	0.167612	0.387281	-0.185190	0.903171
16946	4.190010	1.828344	9.148704	0.004184	0.004762	0.001723	-0.581647	0.710957	0.395256	-0.715326	-0.678396	0.167594	0.387292	-0.185256	0.903153
16947	4.243034	1.799940	9.181309	0.011554	0.007050	0.000707	-0.581658	0.710989	0.395181	-0.715317	-0.678388	0.167661	0.387292	-0.185159	0.903173
16948	4.189000	1.830086	9.148818	0.012457	0.003946	0.000495	-0.581581	0.711041	0.395202	-0.715336	-0.678342	0.167770	0.387373	-0.185130	0.903144
16949	4.203902	1.843020	9.134260	0.008819	0.007971	0.003339	-0.581615	0.711057	0.395123	-0.715322	-0.678349	0.167802	0.387348	-0.185045	0.903172
16950	4.199855	1.831360	9.202293	0.008819	0.007971	0.003339	-0.581626	0.711038	0.395140	-0.715284	-0.678377	0.167850	0.387402	-0.185012	0.903156
16951	4.213330	1.791452	9.143075	0.007417	0.005798	0.002224	-0.581643	0.711058	0.395080	-0.715283	-0.678372	0.167873	0.387379	-0.184952	0.903178
16952	4.198055	1.806193	9.180211	0.005586	0.006933	0.002836	-0.581679	0.710990	0.395149	-0.715191	-0.678453	0.167941	0.387494	-0.184919	0.903135
16953	4.239747	1.804274	9.181977	0.009723	0.004866	0.003127	-0.581699	0.711002	0.395099	-0.715175	-0.678459	0.167981	0.387493	-0.184850	0.903150
16954	4.211821	1.793088	9.143450	0.005587	0.006933	0.002835	-0.581667	0.710985	0.395175	-0.715175	-0.678460	0.167980	0.387542	-0.184911	0.903116
16955	4.227353	1.831743	9.151400	0.003733	0.006313	0.001827	-0.581683	0.711009	0.395110	-0.715190	-0.678446	0.167971	0.387490	-0.184873	0.903146
16956	4.239944	1.811787	9.148472	0.007394	0.004042	0.000604	-0.581448	0.711176	0.395155	-0.715385	-0.678234	0.167996	0.387482	-0.185007	0.903122
16957	4.194886	1.782204	9.158533	0.001902	0.007448	0.002438	-0.581472	0.711197	0.395081	-0.715404	-0.678221	0.167968	0.387410	-0.184973	0.903160
16958	4.196769	1.814765	9.147169	0.002805	0.004344	0.002227	-0.581599	0.711090	0.395088	-0.715255	-0.678364	0.168028	0.387496	-0.184863	0.903146
16959	4.196455	1.814791	9.147308	-0.000428	0.003307	0.001725	-0.581602	0.711108	0.395050	-0.715287	-0.678341	0.167983	0.387433	-0.184875	0.903171
16960	4.167770	1.822907	9.165112	-0.002712	0.002678	0.004250	-0.581518	0.711150	0.395098	-0.715380	-0.678262	0.167906	0.387386	-0.185005	0.903164
16961	4.209848	1.819766	9.166958	-0.007324	0.001225	0.004253	-0.581531	0.711148	0.395083	-0.715425	-0.678244	0.167788	0.387285	-0.185078	0.903192
16962	4.220363	1.766127	9.175699	-0.007346	0.002786	0.000825	-0.581385	0.711248	0.395117	-0.715581	-0.678097	0.167715	0.387215	-0.185231	0.903191
16963	4.222583	1.798121	9.164299	-0.001831	0.001135	0.000611	-0.581372	0.711270	0.395097	-0.715625	-0.678064	0.167662	0.387154	-0.185268	0.903210
16964	4.236259	1.803636	9.183712	-0.003639	0.000709	0.004650	-0.581525	0.711019	0.395324	-0.715455	-0.678283	0.167501	0.387237	-0.185431	0.903140
16965	4.236226	1.803263	9.183801	-0.001356	0.001339	0.002125	-0.581523	0.711031	0.395305	-0.715489	-0.678261	0.167445	0.387179	-0.185463	0.903159
16966	4.224123	1.803390	9.130622	0.000498	0.001959	0.003134	-0.581722	0.710783	0.395457	-0.715221	-0.678535	0.167480	0.387373	-0.185412	0.903086
16967	4.237682	1.809274	9.150018	0.000928	0.001968	-0.000400	-0.581704	0.710814	0.395428	-0.715260	-0.678499	0.167455	0.387327	-0.185425	0.903103
16968	4.208268	1.791501	9.145397	0.002805	0.004343	0.002228	-0.581793	0.710685	0.395530	-0.715135	-0.678632	0.167453	0.387425	-0.185434	0.903059
16969	4.224203	1.829883	9.153226	0.000949	0.000407	0.003028	-0.581793	0.710689	0.395522	-0.715155	-0.678621	0.167415	0.387389	-0.185458	0.903070
16970	4.207994	1.791656	9.145493	0.002782	0.002588	0.000608	-0.582031	0.710433	0.395632	-0.714841	-0.678928	0.167511	0.387611	-0.185318	0.903004
16971	4.181672	1.832548	9.151677	-0.000428	0.003307	0.001725	-0.582034	0.710451	0.395596	-0.714873	-0.678905	0.167465	0.387548	-0.185330	0.903028
16972	4.207614	1.791648	9.145669	0.000475	0.000203	0.001514	-0.581784	0.710576	0.395738	-0.715087	-0.678699	0.167386	0.387527	-0.185605	0.902980
16973	4.208397	1.817616	9.168051	-0.004568	-0.001259	0.005050	-0.581792	0.710564	0.395749	-0.715116	-0.678692	0.167290	0.387461	-0.185678	0.902993
16974	4.208440	1.817013	9.168151	-0.004091	0.002261	0.004755	-0.581588	0.710645	0.395902	-0.715293	-0.678531	0.167185	0.387441	-0.185953	0.902946
16975	4.208362	1.816300	9.168328	-0.007324	0.001225	0.004252	-0.581600	0.710642	0.395890	-0.715337	-0.678514	0.167067	0.387342	-0.186028	0.902973
16976	4.221379	1.794967	9.165472	-0.009178	0.000606	0.003243	-0.581475	0.710693	0.395983	-0.715504	-0.678387	0.166869	0.387222	-0.186298	0.902969
16977	4.192994	1.802382	9.183272	-0.007778	-0.000540	0.006166	-0.581493	0.710674	0.395990	-0.715539	-0.678382	0.166739	0.387129	-0.186389	0.902989
16978	4.193283	1.801485	9.183316	-0.008299	-0.004253	0.001412	-0.581777	0.710328	0.396194	-0.715202	-0.678747	0.166699	0.387326	-0.186377	0.902908
16979	4.237446	1.804301	9.151109	-0.006398	-0.000124	0.005660	-0.581794	0.710313	0.396196	-0.715234	-0.678741	0.166584	0.387241	-0.186456	0.902928
16980	4.208993	1.811693	9.168949	-0.011008	0.001741	0.003854	-0.581582	0.710438	0.396283	-0.715481	-0.678527	0.166397	0.387103	-0.186760	0.902924
16981	4.235911	1.796105	9.185348	-0.006876	-0.003645	0.005954	-0.581587	0.710414	0.396318	-0.715514	-0.678522	0.166276	0.387035	-0.186867	0.902931
16982	4.237957	1.801520	9.151420	-0.004568	-0.001260	0.005049	-0.581424	0.710582	0.396258	-0.715671	-0.678343	0.166330	0.386990	-0.186882	0.902947
16983	4.237976	1.800990	9.151516	-0.002711	0.002676	0.004250	-0.581441	0.710582	0.396233	-0.715698	-0.678333	0.166254	0.386915	-0.186916	0.902972
16984	4.237788	1.800625	9.151674	-0.000857	0.003295	0.005259	-0.581749	0.710270	0.396338	-0.715311	-0.678713	0.166370	0.387167	-0.186719	0.902905
16985	4.221993	1.788514	9.166450	0.001881	0.005691	0.000821	-0.581754	0.710299	0.396280	-0.715339	-0.678688	0.166349	0.387108	-0.186700	0.902934
16986	4.192667	1.770458	9.161827	-0.003189	-0.000844	0.004544	-0.581638	0.710332	0.396390	-0.715468	-0.678589	0.166199	0.387043	-0.186937	0.902913
16987	4.248691	1.773606	9.182812	0.002779	-0.000730	0.002417	-0.581629	0.710338	0.396393	-0.715484	-0.678577	0.166180	0.387027	-0.186958	0.902916
16988	4.195192	1.802598	9.150298	-0.002236	0.002879	0.005764	-0.581853	0.710088	0.396511	-0.715222	-0.678853	0.166179	0.387175	-0.186902	0.902864
16989	4.224299	1.820160	9.155120	-0.000430	-0.000011	0.003533	-0.581854	0.710088	0.396510	-0.715244	-0.678843	0.166127	0.387133	-0.186940	0.902874
16990	4.239089	1.805552	9.118191	-0.003640	0.000708	0.004649	-0.582171	0.709820	0.396526	-0.714852	-0.679209	0.166319	0.387380	-0.186632	0.902832
16991	4.224309	1.819429	9.155261	-0.001355	0.001338	0.002125	-0.582168	0.709831	0.396510	-0.714885	-0.679187	0.166264	0.387324	-0.186666	0.902849
16992	4.195121	1.801182	9.150609	-0.003640	0.000708	0.004649	-0.582082	0.709918	0.396481	-0.714976	-0.679090	0.166272	0.387286	-0.186690	0.902860
16993	4.195046	1.800705	9.150737	-0.002711	0.002676	0.004250	-0.582099	0.709918	0.396457	-0.715002	-0.679081	0.166197	0.387213	-0.186724	0.902885
16994	4.196679	1.806237	9.116985	-0.006849	0.001427	0.005765	-0.582274	0.709651	0.396676	-0.714781	-0.679335	0.166111	0.387357	-0.186814	0.902804
16995	4.250086	1.776290	9.149717	-0.005944	0.001641	0.003746	-0.582284	0.709652	0.396661	-0.714822	-0.679316	0.166009	0.387267	-0.186877	0.902830
16996	4.232876	1.757463	9.198366	-0.003640	0.000708	0.004649	-0.581834	0.709970	0.396751	-0.715254	-0.678884	0.165918	0.387145	-0.187241	0.902806
16997	4.236283	1.769288	9.130649	-0.004565	0.002057	0.003241	-0.581841	0.709976	0.396731	-0.715293	-0.678864	0.165830	0.387062	-0.187292	0.902831
16998	4.236991	1.795048	9.153139	-0.003664	-0.001047	0.003029	-0.582093	0.709698	0.396859	-0.714960	-0.679192	0.165922	0.387298	-0.187156	0.902758
16999	4.237001	1.794783	9.153186	0.000024	0.001754	0.001620	-0.582087	0.709713	0.396839	-0.714991	-0.679169	0.165883	0.387251	-0.187178	0.902774
17000	4.236850	1.794780	9.153257	0.001878	0.002372	0.002629	-0.581939	0.709755	0.396983	-0.715077	-0.679081	0.165876	0.387314	-0.187343	0.902713
17001	4.205601	1.770637	9.182612	-0.000378	0.006814	0.004966	-0.581977	0.709757	0.396923	-0.715089	-0.679081	0.165820	0.387235	-0.187332	0.902749
17002	4.235977	1.794634	9.153689	0.001883	0.005690	0.000822	-0.582264	0.709424	0.397097	-0.714739	-0.679448	0.165828	0.387449	-0.187265	0.902671
17003	4.209008	1.809516	9.137465	0.005538	0.000101	0.001408	-0.582250	0.709438	0.397093	-0.714749	-0.679434	0.165839	0.387451	-0.187262	0.902671
17004	4.235515	1.795135	9.153805	0.000978	0.005476	0.002841	-0.582765	0.708922	0.397258	-0.714135	-0.680050	0.165961	0.387809	-0.186980	0.902576
17005	4.206643	1.803618	9.171620	0.002333	0.004138	0.000716	-0.582762	0.708947	0.397217	-0.714161	-0.680026	0.165946	0.387765	-0.186970	0.902597
17006	4.233002	1.789202	9.188036	0.002807	0.004340	0.002230	-0.582988	0.708729	0.397277	-0.713856	-0.680310	0.166096	0.387988	-0.186767	0.902543
17007	4.234248	1.795501	9.154319	0.001907	0.007444	0.002441	-0.583010	0.708748	0.397209	-0.713873	-0.680298	0.166071	0.387923	-0.186736	0.902577
17008	4.205284	1.804028	9.172162	0.002807	0.004340	0.002230	-0.582648	0.708993	0.397303	-0.714218	-0.679957	0.165987	0.387833	-0.187049	0.902551
17009	4.218016	1.783763	9.169207	0.004206	0.003192	0.005153	-0.582673	0.708986	0.397278	-0.714210	-0.679968	0.165972	0.387808	-0.187033	0.902565
17010	4.204515	1.804537	9.172415	0.006046	0.008691	0.000927	-0.583322	0.708391	0.397389	-0.713446	-0.680716	0.166196	0.388241	-0.186570	0.902475
17011	4.232410	1.796472	9.154979	0.002333	0.004138	0.000716	-0.583319	0.708416	0.397349	-0.713471	-0.680693	0.166182	0.388198	-0.186560	0.902495
17012	4.231862	1.796502	9.155226	0.000077	0.008579	0.003051	-0.583553	0.708092	0.397581	-0.713134	-0.681037	0.166218	0.388465	-0.186531	0.902386
17013	4.230579	1.770395	9.133079	0.005567	0.005171	0.001221	-0.583558	0.708115	0.397533	-0.713144	-0.681024	0.166231	0.388440	-0.186492	0.902405
17014	4.244404	1.802852	9.175006	0.003287	0.007859	0.001936	-0.584134	0.707627	0.397557	-0.712522	-0.681641	0.166364	0.388715	-0.186089	0.902370
17015	4.216486	1.791346	9.136521	0.003281	0.004542	0.003744	-0.584155	0.707631	0.397519	-0.712526	-0.681642	0.166347	0.388678	-0.186070	0.902390
17016	4.227975	1.791223	9.189957	0.003737	0.006307	0.001830	-0.585119	0.706799	0.397581	-0.711452	-0.682696	0.166620	0.389194	-0.185367	0.902312
17017	4.242293	1.777426	9.153113	0.006923	0.003832	-0.000903	-0.585104	0.706834	0.397541	-0.711468	-0.682671	0.166655	0.389187	-0.185327	0.902323
17018	4.215112	1.792548	9.136920	0.005591	0.006925	0.002840	-0.585354	0.706617	0.397559	-0.711169	-0.682954	0.166772	0.389359	-0.185111	0.902294
17019	4.241975	1.804696	9.175767	0.004145	0.004564	-0.003322	-0.585325	0.706669	0.397509	-0.711209	-0.682907	0.166792	0.389328	-0.185085	0.902312
17020	4.212309	1.787211	9.171159	0.004685	0.006711	0.004858	-0.585189	0.706757	0.397553	-0.711281	-0.682809	0.166886	0.389400	-0.185112	0.902275
17021	4.227263	1.799636	9.156735	0.006947	0.005586	0.000716	-0.585193	0.706784	0.397500	-0.711287	-0.682796	0.166915	0.389384	-0.185060	0.902293
17022	4.211206	1.788275	9.171458	0.008351	0.007755	0.001830	-0.586747	0.705484	0.397517	-0.709648	-0.684427	0.167211	0.390036	-0.183987	0.902231
17023	4.252784	1.786353	9.173346	0.006473	0.005383	-0.000798	-0.586739	0.705521	0.397465	-0.709664	-0.684403	0.167242	0.390019	-0.183939	0.902248
17024	4.225327	1.801624	9.157238	0.008830	0.011274	0.001535	-0.587379	0.705142	0.397191	-0.709088	-0.684960	0.167403	0.390103	-0.183315	0.902339
17025	4.208993	1.790400	9.172059	0.010204	0.008372	0.002839	-0.587408	0.705159	0.397117	-0.709068	-0.684968	0.167454	0.390094	-0.183220	0.902362
17026	4.252212	1.795099	9.140005	0.016174	0.008481	0.000717	-0.588563	0.704300	0.396931	-0.707851	-0.686129	0.167853	0.390565	-0.182176	0.902370
17027	4.207506	1.792924	9.172248	0.014321	0.007863	-0.000293	-0.588569	0.704338	0.396856	-0.707833	-0.686122	0.167954	0.390588	-0.182055	0.902384
17028	4.209206	1.826580	9.160792	0.012964	0.009202	0.001829	-0.589756	0.703239	0.397043	-0.706479	-0.687450	0.168223	0.391249	-0.181292	0.902251
17029	4.181201	1.815925	9.122170	0.012958	0.005886	0.003639	-0.589782	0.703245	0.396993	-0.706443	-0.687470	0.168297	0.391274	-0.181195	0.902260
17030	4.205009	1.769745	9.150120	0.007871	0.004235	0.002124	-0.589649	0.703406	0.396906	-0.706549	-0.687327	0.168436	0.391283	-0.181115	0.902272
17031	4.233868	1.788086	9.154937	0.005110	0.003405	0.003133	-0.589662	0.703411	0.396877	-0.706546	-0.687328	0.168441	0.391268	-0.181088	0.902284
17032	4.220554	1.808777	9.158029	0.002807	0.004339	0.002227	-0.589577	0.703551	0.396756	-0.706620	-0.687218	0.168581	0.391263	-0.180964	0.902311
17033	4.235680	1.820930	9.143581	0.002807	0.004339	0.002227	-0.589587	0.703564	0.396717	-0.706632	-0.687209	0.168569	0.391226	-0.180946	0.902330
17034	4.207099	1.829690	9.161139	0.006933	-0.001047	0.004336	-0.591058	0.702247	0.396861	-0.705008	-0.688805	0.168852	0.391936	-0.179989	0.902214
17035	4.194599	1.851276	9.163672	0.023964	-0.007375	0.008659	-0.591068	0.702195	0.396939	-0.704898	-0.688880	0.169006	0.392119	-0.179908	0.902151
17036	4.250369	1.804568	9.138998	0.042801	-0.016598	0.010754	-0.590251	0.702707	0.397248	-0.705419	-0.688262	0.169346	0.392412	-0.180270	0.901951
17037	4.192075	1.766561	9.161842	0.051092	-0.018991	0.012962	-0.590245	0.702605	0.397438	-0.705178	-0.688416	0.169728	0.392854	-0.180083	0.901796
17038	4.252233	1.806151	9.169724	0.043709	-0.016396	0.008727	-0.590006	0.702660	0.397696	-0.705129	-0.688368	0.170125	0.393301	-0.180052	0.901607
17039	4.252975	1.783145	9.146096	0.036823	-0.011839	0.007625	-0.589991	0.702607	0.397813	-0.704975	-0.688458	0.170399	0.393601	-0.179914	0.901504
17040	4.254718	1.812373	9.167344	0.030818	-0.008828	0.002888	-0.589785	0.702685	0.397978	-0.704975	-0.688384	0.170696	0.393907	-0.179891	0.901375
17041	4.255267	1.814834	9.166602	0.024863	-0.002303	0.001384	-0.589763	0.702692	0.397998	-0.704905	-0.688409	0.170887	0.394067	-0.179768	0.901330
17042	4.282124	1.802240	9.182510	0.019823	-0.000438	0.003105	-0.591909	0.700851	0.398060	-0.702531	-0.690696	0.171434	0.395088	-0.178176	0.901198
17043	4.254608	1.792285	9.143550	0.022591	0.003700	0.000277	-0.591903	0.700876	0.398024	-0.702474	-0.690710	0.171610	0.395197	-0.178025	0.901181
17044	4.283345	1.812275	9.148030	0.022100	0.005051	-0.004667	-0.592000	0.700728	0.398141	-0.702225	-0.690904	0.171845	0.395494	-0.177852	0.901084
17045	4.237780	1.784626	9.157969	0.018431	0.012197	-0.008699	-0.591965	0.700830	0.398014	-0.702238	-0.690848	0.172020	0.395523	-0.177671	0.901107
17046	4.170231	1.835895	9.128322	0.013384	0.010750	-0.005162	-0.594155	0.699022	0.397929	-0.699933	-0.693083	0.172424	0.396326	-0.176077	0.901067
17047	4.157039	1.883834	9.153691	0.006932	0.007134	-0.002733	-0.594142	0.699074	0.397858	-0.699955	-0.693048	0.172471	0.396305	-0.176010	0.901090
17048	4.226195	1.846885	9.115898	0.002799	0.009208	-0.003031	-0.594978	0.698426	0.397747	-0.699091	-0.693873	0.172661	0.396576	-0.175332	0.901103
17049	4.227780	1.879424	9.104583	-0.002265	0.009316	-0.002925	-0.594973	0.698482	0.397655	-0.699151	-0.693821	0.172626	0.396478	-0.175313	0.901150
17050	4.195731	1.855560	9.134337	0.000543	0.013657	-0.000709	-0.595763	0.697839	0.397601	-0.698398	-0.694585	0.172607	0.396619	-0.174850	0.901177
17051	4.234257	1.820320	9.148402	-0.007779	0.010977	-0.002719	-0.595766	0.697897	0.397495	-0.698479	-0.694524	0.172522	0.396472	-0.174859	0.901240
17052	4.191723	1.848683	9.169478	-0.006832	0.011387	0.000307	-0.597691	0.696219	0.397548	-0.696524	-0.696478	0.172546	0.397013	-0.173772	0.901212
17053	4.234859	1.851820	9.137756	0.001435	0.007240	0.000906	-0.597704	0.696245	0.397482	-0.696547	-0.696459	0.172530	0.396953	-0.173743	0.901244
17054	4.218924	1.840335	9.152491	0.010175	0.003297	0.003019	-0.597220	0.696633	0.397532	-0.696970	-0.696014	0.172620	0.396941	-0.173975	0.901205
17055	4.262637	1.844615	9.120280	0.011555	0.003710	0.002513	-0.597230	0.696641	0.397501	-0.696943	-0.696024	0.172689	0.396972	-0.173900	0.901206
17056	4.204736	1.836072	9.133057	0.009268	0.003090	0.005038	-0.598399	0.695649	0.397482	-0.695726	-0.697209	0.172815	0.397346	-0.173126	0.901190
17057	4.220576	1.875226	9.140667	0.012959	0.005879	0.003621	-0.598426	0.695653	0.397433	-0.695687	-0.697229	0.172892	0.397375	-0.173026	0.901197
17058	4.232340	1.829440	9.115552	0.014363	0.008049	0.004729	-0.599188	0.694997	0.397432	-0.694803	-0.698043	0.173162	0.397772	-0.172380	0.901145
17059	4.232196	1.856756	9.137988	0.009308	0.011470	0.003015	-0.599233	0.695015	0.397332	-0.694781	-0.698053	0.173209	0.397742	-0.172266	0.901180
17060	4.227847	1.798543	9.127896	0.007051	0.015919	0.005335	-0.601711	0.692896	0.397291	-0.692204	-0.700553	0.173434	0.398495	-0.170649	0.901155
17061	4.200316	1.839469	9.134407	-0.003541	0.019244	0.002211	-0.601781	0.692932	0.397119	-0.692238	-0.700536	0.173369	0.398329	-0.170571	0.901243
17062	4.199458	1.865343	9.157454	-0.004931	0.015520	0.004535	-0.604311	0.690832	0.396938	-0.689651	-0.703025	0.173600	0.398986	-0.168840	0.901279
17063	4.194862	1.805682	9.147756	-0.011389	0.016771	0.001711	-0.604369	0.690867	0.396787	-0.689719	-0.702992	0.173467	0.398781	-0.168834	0.901371
17064	4.196138	1.836851	9.136854	-0.011857	0.011700	0.005447	-0.603576	0.691511	0.396874	-0.690566	-0.702204	0.173286	0.398516	-0.169476	0.901367
17065	4.203717	1.776690	9.180357	-0.012779	0.013046	0.004033	-0.603635	0.691524	0.396761	-0.690625	-0.702184	0.173131	0.398324	-0.169505	0.901447
17066	4.219348	1.813535	9.188540	-0.015629	0.000328	0.003837	-0.606609	0.688870	0.396842	-0.687467	-0.705227	0.173333	0.399267	-0.167670	0.901372
17067	4.248446	1.829656	9.193666	-0.017436	0.003224	0.006056	-0.606644	0.688851	0.396822	-0.687531	-0.705214	0.173129	0.399104	-0.167800	0.901421
17068	4.249530	1.807418	9.137879	-0.020729	0.000235	-0.001108	-0.610631	0.685355	0.396760	-0.683503	-0.709145	0.173023	0.399943	-0.165533	0.901468
17069	4.234643	1.820000	9.175124	-0.019784	0.000643	0.001919	-0.610627	0.685362	0.396755	-0.683602	-0.709101	0.172815	0.399780	-0.165697	0.901510
17070	4.236335	1.824088	9.141638	-0.021155	0.003542	0.000606	-0.614934	0.681526	0.396710	-0.679179	-0.713359	0.172727	0.400714	-0.163221	0.901547
17071	4.234250	1.816061	9.176086	-0.022558	0.001372	-0.000505	-0.614917	0.681550	0.396694	-0.679304	-0.713295	0.172503	0.400529	-0.163401	0.901597
17072	4.218739	1.802119	9.191066	-0.021660	-0.001732	-0.000708	-0.619552	0.677459	0.396490	-0.674533	-0.717816	0.172469	0.401448	-0.160592	0.901693
17073	4.181038	1.841432	9.143928	-0.017045	-0.000290	-0.000708	-0.619527	0.677483	0.396489	-0.674638	-0.717759	0.172296	0.401311	-0.160744	0.901726
17074	4.238592	1.849427	9.131518	-0.013352	0.002500	-0.002120	-0.623996	0.673419	0.396403	-0.669935	-0.722161	0.172249	0.402263	-0.158081	0.901773
17075	4.207451	1.824387	9.160961	-0.014306	-0.001221	-0.003332	-0.623950	0.673461	0.396405	-0.670045	-0.722092	0.172112	0.402151	-0.158220	0.901799
17076	4.183207	1.869764	9.133269	-0.019738	0.004148	0.005145	-0.626741	0.670791	0.396528	-0.666992	-0.724919	0.172088	0.402886	-0.156626	0.901749
17077	4.211468	1.859122	9.116304	-0.023916	0.002710	0.001611	-0.626744	0.670803	0.396504	-0.667109	-0.724869	0.171845	0.402687	-0.156809	0.901806
17078	4.208587	1.824416	9.128560	-0.024815	0.005812	0.001814	-0.629126	0.668490	0.396639	-0.664551	-0.727262	0.171645	0.403203	-0.155601	0.901785
17079	4.221788	1.827804	9.148633	-0.027576	0.004984	0.002820	-0.629146	0.668496	0.396596	-0.664675	-0.727215	0.171363	0.402966	-0.155795	0.901857
17080	4.190978	1.827640	9.200797	-0.026195	0.005396	0.002315	-0.637037	0.661033	0.396509	-0.656111	-0.734988	0.171204	0.404601	-0.151091	0.901926
17081	4.246879	1.781881	9.144124	-0.023870	0.006214	0.004839	-0.637076	0.661025	0.396459	-0.656208	-0.734961	0.170949	0.404383	-0.151252	0.901996
17082	4.218512	1.814628	9.184621	-0.018369	0.006114	0.001208	-0.643903	0.654457	0.396327	-0.648675	-0.741651	0.170805	0.405721	-0.147105	0.902081
17083	4.246388	1.804487	9.167722	-0.014169	0.009303	0.006360	-0.643964	0.654443	0.396251	-0.648723	-0.741649	0.170631	0.405547	-0.147176	0.902148
17084	4.216460	1.785134	9.163543	-0.016056	0.008493	0.000303	-0.653472	0.645234	0.395786	-0.638053	-0.750853	0.170612	0.407261	-0.141042	0.902355
17085	4.187318	1.792159	9.181631	-0.014214	0.005794	0.003126	-0.653499	0.645238	0.395735	-0.638121	-0.750831	0.170450	0.407111	-0.141138	0.902408
17086	4.171384	1.778526	9.196684	-0.018357	0.004552	0.004634	-0.661654	0.636954	0.395605	-0.628625	-0.758818	0.170373	0.408712	-0.135959	0.902480
17087	4.161040	1.829362	9.188446	-0.022107	-0.005064	0.004616	-0.661647	0.636931	0.395654	-0.628715	-0.758796	0.170134	0.408585	-0.136185	0.902503
17088	4.216933	1.803931	9.187453	-0.023499	-0.008794	0.006928	-0.672026	0.625932	0.395713	-0.616198	-0.769031	0.169972	0.410707	-0.129612	0.902508
17089	4.221677	1.813621	9.119668	-0.025789	-0.009422	0.009447	-0.672032	0.625866	0.395810	-0.616270	-0.769038	0.169682	0.410591	-0.129894	0.902520
17090	4.203252	1.786863	9.202138	-0.021658	-0.006618	0.004510	-0.678594	0.618660	0.395942	-0.608165	-0.775518	0.169430	0.411880	-0.125824	0.902509
17091	4.234978	1.808717	9.173173	-0.019805	-0.006003	0.005521	-0.678589	0.618628	0.396001	-0.608239	-0.775509	0.169209	0.411779	-0.126040	0.902525
17092	4.195297	1.815383	9.137551	-0.021163	-0.004666	0.007641	-0.686277	0.609815	0.396421	-0.598383	-0.783206	0.168896	0.413475	-0.121302	0.902399
17093	4.220609	1.792848	9.187934	-0.009654	-0.004465	0.006944	-0.686287	0.609772	0.396469	-0.598404	-0.783219	0.168761	0.413428	-0.121430	0.902403
17094	4.255398	1.874448	9.169727	-0.008746	-0.004252	0.004927	-0.693121	0.601921	0.396578	-0.589536	-0.789948	0.168608	0.414765	-0.116932	0.902384
17095	4.226724	1.809362	9.086351	-0.006823	0.006500	0.005559	-0.693169	0.601902	0.396525	-0.589555	-0.789957	0.168503	0.414660	-0.116972	0.902427
17096	4.230377	1.710951	9.174559	-0.003612	0.005778	0.004450	-0.696552	0.598080	0.396379	-0.585206	-0.793196	0.168446	0.415151	-0.114632	0.902502
17097	4.232556	1.743128	9.163267	0.002372	0.004320	0.005763	-0.696591	0.598056	0.396345	-0.585184	-0.793217	0.168424	0.415115	-0.114612	0.902521
17098	4.268032	1.832304	9.111444	0.009808	0.013413	0.006194	-0.700950	0.592973	0.396297	-0.579386	-0.797459	0.168436	0.415909	-0.111544	0.902540
17099	4.297772	1.857112	9.082846	0.011638	0.017156	0.000352	-0.701012	0.593007	0.396138	-0.579364	-0.797458	0.168519	0.415837	-0.111374	0.902594
17100	4.202124	1.786554	9.170857	0.021033	0.037186	0.006457	-0.702139	0.591794	0.395956	-0.577900	-0.798492	0.168647	0.415972	-0.110409	0.902650
17101	4.185388	1.991724	9.120445	0.027975	0.044321	0.003752	-0.702333	0.591830	0.395558	-0.577786	-0.798529	0.168864	0.415803	-0.109949	0.902784
17102	4.183306	1.818260	9.142476	0.042741	0.047293	0.005185	-0.705277	0.588471	0.395331	-0.573797	-0.801336	0.169168	0.416343	-0.107529	0.902827
17103	4.130058	1.963182	9.166347	0.058485	0.055730	0.009450	-0.705551	0.588472	0.394839	-0.573515	-0.801438	0.169638	0.416267	-0.106758	0.902953
17104	4.108581	1.977318	9.237934	0.081035	0.049467	0.015220	-0.710742	0.582320	0.394651	-0.566232	-0.806475	0.170230	0.417405	-0.102475	0.902924
17105	4.096037	2.044283	9.195441	0.104953	0.046727	0.013630	-0.711003	0.582274	0.394249	-0.565725	-0.806647	0.171103	0.417648	-0.101382	0.902935
17106	3.998762	2.212236	9.304876	0.136201	0.029873	0.025163	-0.715402	0.576955	0.394110	-0.559187	-0.810970	0.172158	0.418939	-0.097219	0.902795
17107	4.048162	2.299324	9.213365	0.166574	0.025835	0.026394	-0.715647	0.576782	0.393919	-0.558327	-0.811268	0.173537	0.419667	-0.095744	0.902615
17108	3.880444	2.405664	9.268243	0.213969	0.012305	0.038843	-0.722350	0.568343	0.393950	-0.547997	-0.817928	0.175195	0.421793	-0.089332	0.902281
17109	3.831510	2.513125	9.239849	0.251272	-0.003925	0.063362	-0.722670	0.567837	0.394093	-0.546505	-0.818496	0.177190	0.423179	-0.087324	0.901828
17110	3.527687	2.736822	9.755645	0.315484	-0.063391	0.107088	-0.724841	0.564572	0.394796	-0.541746	-0.821130	0.179604	0.425578	-0.083695	0.901043
17111	2.449875	1.825208	10.838046	0.397171	-0.109997	0.211473	-0.725503	0.562759	0.396166	-0.538544	-0.822635	0.182323	0.428504	-0.081077	0.899895
17112	2.570139	2.475017	11.806163	0.212444	-0.490720	0.217284	-0.726912	0.557377	0.401160	-0.532481	-0.826360	0.183285	0.433662	-0.080378	0.897484
17113	3.118917	2.112010	10.911394	0.079252	-0.661387	0.312212	-0.725676	0.554268	0.407655	-0.529895	-0.828147	0.182712	0.438869	-0.083425	0.894670
17114	3.121211	2.556272	11.183142	-0.053566	-0.868837	0.386509	-0.724792	0.548903	0.416391	-0.525782	-0.831234	0.180562	0.445230	-0.088061	0.891076
17115	3.621062	2.581329	10.791103	-0.171427	-1.093244	0.455513	-0.722266	0.544123	0.426921	-0.523283	-0.833554	0.177097	0.452224	-0.095489	0.886778
17116	3.175745	2.817023	10.991772	-0.169369	-1.311002	0.543091	-0.720758	0.536106	0.439430	-0.517617	-0.837892	0.173230	0.461064	-0.102600	0.881415
17117	3.184663	2.315274	11.257209	-0.214941	-1.601236	0.630601	-0.716535	0.529102	0.454564	-0.514116	-0.841006	0.168504	0.471447	-0.112959	0.874630
17118	3.385383	2.768283	11.061407	-0.257495	-1.892860	0.746864	-0.712815	0.518424	0.472368	-0.507528	-0.846125	0.162750	0.484056	-0.123730	0.866245
17119	3.830077	2.631729	11.244784	-0.371628	-2.117581	0.856797	-0.706746	0.508404	0.491971	-0.503299	-0.850025	0.155398	0.497192	-0.137781	0.856631
17120	4.107809	3.236311	11.534400	-0.525805	-2.347477	0.977981	-0.701780	0.493966	0.513325	-0.495780	-0.856086	0.146008	0.511573	-0.152031	0.845683
17121	4.807673	3.974838	11.668299	-0.772787	-2.571223	1.127776	-0.694005	0.480146	0.536485	-0.491946	-0.860317	0.133583	0.525687	-0.171215	0.833270
17122	5.625029	4.547290	11.579845	-0.986823	-2.774061	1.293063	-0.686545	0.462586	0.560954	-0.486528	-0.865610	0.118362	0.540320	-0.191659	0.819342
17123	7.751141	6.643786	12.367674	-1.171896	-2.927554	1.505044	-0.677803	0.443584	0.586359	-0.482705	-0.870032	0.100200	0.554598	-0.215123	0.803830
17124	6.814429	6.539587	11.449846	-1.799504	-2.753558	1.642479	-0.669180	0.424833	0.609685	-0.484055	-0.871719	0.076129	0.563816	-0.244177	0.788980
17125	6.721129	5.194458	10.619672	-2.054453	-2.825519	1.723696	-0.661461	0.402486	0.632831	-0.484291	-0.873514	0.049361	0.572653	-0.273824	0.772715
17126	6.922664	5.470593	9.961315	-2.342496	-2.830527	1.765770	-0.653621	0.379309	0.654908	-0.486575	-0.873404	0.020238	0.579676	-0.305433	0.755438
17127	6.853399	4.384006	8.808300	-2.581148	-2.793095	1.816360	-0.646211	0.354482	0.675835	-0.489833	-0.871745	-0.011124	0.585213	-0.338235	0.736969
17128	6.311752	3.566200	8.064458	-2.607757	-2.734386	1.785892	-0.638508	0.330316	0.695125	-0.494905	-0.867923	-0.042167	0.589387	-0.370945	0.717651
17129	5.680660	2.983769	7.364843	-2.601316	-2.708434	1.767907	-0.631265	0.304555	0.713268	-0.499097	-0.863463	-0.073031	0.593639	-0.402092	0.697076
17130	2.488930	3.832074	7.534434	-2.396415	-2.397612	1.443988	-0.623934	0.282930	0.728462	-0.505241	-0.857186	-0.099817	0.596187	-0.430328	0.677775
17131	8.808557	9.073121	8.607638	-1.963150	-1.959904	-0.252394	-0.610928	0.276444	0.741852	-0.518553	-0.847795	-0.111114	0.598222	-0.452572	0.661293
17132	8.451172	10.779688	11.637201	-1.651503	-0.745475	-1.596797	-0.597951	0.286645	0.748524	-0.538234	-0.835589	-0.109977	0.593934	-0.468643	0.653924
17133	4.324157	11.396963	9.011983	-1.613233	0.044084	-2.718281	-0.583223	0.309370	0.751093	-0.563826	-0.819800	-0.100140	0.584766	-0.481890	0.652557
17134	1.373405	10.050216	7.131800	-1.913128	0.390300	-3.351173	-0.565963	0.338615	0.751682	-0.594305	-0.799485	-0.087321	0.571390	-0.496149	0.653720
17135	0.110404	7.435633	5.848014	-2.124762	0.453132	-3.697494	-0.545928	0.370037	0.751688	-0.626869	-0.775656	-0.073440	0.555876	-0.511303	0.655417
17136	0.029516	4.615310	5.457906	-2.109276	0.466646	-3.870412	-0.523456	0.402210	0.751146	-0.659297	-0.749639	-0.058046	0.539742	-0.525613	0.657579
17137	0.492283	2.670401	5.867640	-1.850757	0.531503	-3.953077	-0.499612	0.434165	0.749592	-0.689397	-0.723246	-0.040586	0.524519	-0.537043	0.660654
17138	1.048796	1.754921	6.361252	-1.496399	0.665923	-3.954391	-0.475111	0.466093	0.746343	-0.716582	-0.697193	-0.020767	0.510666	-0.544683	0.665238
17139	1.503370	1.596731	6.890217	-1.169174	0.867467	-3.877436	-0.451223	0.497399	0.740941	-0.740465	-0.672095	0.000249	0.498106	-0.548529	0.671571
17140	1.794780	1.579330	7.270587	-0.929886	1.088244	-3.729452	-0.428417	0.528218	0.733106	-0.761598	-0.647690	0.021606	0.486238	-0.549075	0.679771
17141	1.809744	1.506887	7.443681	-0.756080	1.297441	-3.506989	-0.407607	0.557651	0.723106	-0.779915	-0.624477	0.041960	0.474962	-0.546858	0.689462
17142	1.705388	1.223147	7.457799	-0.640874	1.455119	-3.238884	-0.388764	0.585675	0.711230	-0.795961	-0.602279	0.060878	0.464014	-0.542444	0.700319
17143	1.701776	0.870855	7.371582	-0.542612	1.552449	-2.937342	-0.372292	0.611452	0.698230	-0.809650	-0.581742	0.077741	0.453725	-0.536379	0.711640
17144	1.810827	0.483554	7.470101	-0.440653	1.601393	-2.608663	-0.358057	0.635136	0.684396	-0.821282	-0.562933	0.092744	0.444174	-0.528875	0.723188
17145	2.230624	0.088064	7.652424	-0.313773	1.626506	-2.272100	-0.346431	0.656284	0.670281	-0.830686	-0.546588	0.105838	0.435828	-0.520127	0.734522
17146	3.046605	0.263622	8.187397	-0.186101	1.653138	-1.930344	-0.337324	0.675430	0.655749	-0.838208	-0.532571	0.117372	0.428510	-0.510061	0.745800
17147	3.997734	0.486646	8.750532	-0.099097	1.737121	-1.556956	-0.331601	0.692408	0.640790	-0.843855	-0.521395	0.126711	0.421841	-0.498717	0.757187
17148	5.009873	0.564417	9.320450	0.002519	1.871617	-1.195960	-0.329183	0.708010	0.624788	-0.847907	-0.512827	0.134397	0.415563	-0.485521	0.769141
17149	5.662977	0.550317	9.662961	0.114317	2.037624	-0.883063	-0.330079	0.722263	0.607770	-0.850364	-0.507031	0.140715	0.409791	-0.470379	0.781547
17150	5.846367	0.553537	9.802235	0.257574	2.196267	-0.612975	-0.333675	0.735698	0.589415	-0.851456	-0.503548	0.146501	0.404579	-0.452977	0.794435
17151	5.794654	0.477453	9.927437	0.436928	2.276769	-0.387344	-0.339530	0.747753	0.570600	-0.851018	-0.502587	0.152234	0.400609	-0.433903	0.806994
17152	6.136537	0.436134	10.128247	0.648447	2.307901	-0.207551	-0.346857	0.758761	0.551337	-0.849244	-0.503571	0.158748	0.398089	-0.413156	0.819040
17153	6.648597	0.562699	10.470212	0.860815	2.333356	-0.067728	-0.355547	0.768496	0.531978	-0.846077	-0.506490	0.166201	0.397166	-0.391002	0.830287
17154	7.236120	0.774905	10.801292	1.054004	2.368669	0.028862	-0.365083	0.777508	0.512051	-0.841887	-0.510517	0.174928	0.397419	-0.367226	0.840954
17155	7.984665	0.968680	11.368460	1.217779	2.390454	0.097507	-0.375404	0.785499	0.492000	-0.836695	-0.515575	0.184725	0.398764	-0.342307	0.850772
17156	9.030661	1.051469	11.779822	1.364172	2.443851	0.125893	-0.386109	0.793056	0.471150	-0.830863	-0.520872	0.195854	0.400732	-0.315840	0.860034
17157	10.132604	1.288043	12.002486	1.480381	2.530986	0.111025	-0.397187	0.800126	0.449489	-0.824497	-0.526203	0.208124	0.403048	-0.287938	0.868702
17158	11.215584	1.271192	12.064335	1.564172	2.658286	0.048676	-0.408217	0.807281	0.426210	-0.818078	-0.530687	0.221628	0.405100	-0.258201	0.877055
17159	11.883283	1.268862	11.689081	1.602887	2.815288	-0.038338	-0.419317	0.814324	0.401310	-0.811751	-0.534242	0.235892	0.406490	-0.226850	0.885045
17160	11.849456	1.223375	10.949348	1.571495	2.921195	-0.122446	-0.430093	0.821269	0.374882	-0.805975	-0.536382	0.250397	0.406723	-0.194452	0.892617
17161	11.716896	1.224980	10.063899	1.476523	2.911537	-0.172568	-0.440524	0.827404	0.348342	-0.800746	-0.537575	0.264233	0.405887	-0.162532	0.899355
17162	11.560116	1.117245	8.989026	1.335715	2.788167	-0.180284	-0.450264	0.832599	0.322555	-0.796227	-0.537886	0.276949	0.404085	-0.132127	0.905128
17163	11.775150	1.124655	7.876644	1.151198	2.588841	-0.168132	-0.459342	0.836574	0.298576	-0.792374	-0.537826	0.287900	0.401432	-0.104340	0.909926
17164	11.871264	2.111251	6.693975	0.989710	2.346015	-0.158455	-0.467355	0.839683	0.276608	-0.789231	-0.537256	0.297440	0.398365	-0.079298	0.913793
17165	11.752103	4.584396	2.962688	-0.528422	1.460130	0.190738	-0.474584	0.839756	0.263779	-0.790428	-0.538447	0.292061	0.387291	-0.069891	0.919305
17166	16.069668	1.650626	2.634241	-0.328328	1.027559	0.151543	-0.479585	0.839723	0.254683	-0.791040	-0.539348	0.288721	0.379808	-0.062998	0.922918
17167	15.882319	-1.162036	-0.560668	-0.948799	0.797937	0.096525	-0.483322	0.839709	0.247566	-0.794144	-0.539551	0.279678	0.368423	-0.061428	0.927627
17168	16.058152	-0.073741	-1.290029	-1.005091	0.348620	-0.107618	-0.483577	0.840600	0.244018	-0.798385	-0.537871	0.270694	0.358796	-0.063919	0.931225
17169	15.543761	-0.244594	-3.457118	-1.225004	-0.303187	-0.362669	-0.479581	0.842346	0.245875	-0.804495	-0.533963	0.260138	0.350414	-0.073048	0.933742
17170	15.685330	-1.100779	-4.203743	-1.572679	-1.053034	-0.657255	-0.470435	0.845059	0.254098	-0.813127	-0.526988	0.247199	0.342805	-0.090322	0.935054
17171	3.703676	-6.009246	2.526220	-1.406402	-1.349565	-1.014974	-0.457528	0.849022	0.264254	-0.822639	-0.516970	0.236659	0.337539	-0.109107	0.934967
17172	-1.452741	2.007788	17.094338	-0.191916	-1.423136	-1.617200	-0.439144	0.855689	0.273767	-0.830590	-0.502834	0.239330	0.342452	-0.122288	0.931543
17173	2.439031	4.105359	18.225562	-0.946108	-1.493007	-1.291422	-0.423243	0.860157	0.284597	-0.839409	-0.490494	0.234111	0.340965	-0.139808	0.929622
17174	1.334010	-10.029711	9.622012	-1.042885	-1.473073	-0.573951	-0.413237	0.860824	0.297015	-0.845398	-0.483878	0.226197	0.338435	-0.157622	0.927694
17175	3.292644	-14.466418	9.726338	-0.399605	-1.527549	0.132604	-0.409151	0.857669	0.311448	-0.846228	-0.484336	0.222075	0.341312	-0.172694	0.923950
17176	5.568313	-9.741648	12.652996	0.128161	-1.415014	0.743896	-0.410476	0.851537	0.326182	-0.842760	-0.490867	0.220917	0.348231	-0.184212	0.919130
17177	5.518999	-1.483445	11.880933	0.441569	-1.188209	0.968489	-0.414407	0.844513	0.339211	-0.837227	-0.499890	0.221724	0.356817	-0.192113	0.914207
17178	4.214111	6.125931	8.969189	0.434112	-1.263093	0.846468	-0.416880	0.837763	0.352652	-0.832149	-0.507851	0.222746	0.365703	-0.200600	0.908857
17179	12.153914	15.113791	12.933336	0.158009	-1.607578	0.815027	-0.417688	0.830279	0.369016	-0.828182	-0.514953	0.221219	0.373700	-0.213212	0.902712
17180	12.617775	10.926057	11.559583	-1.117854	-0.494028	0.373473	-0.418874	0.827291	0.374345	-0.830779	-0.515560	0.209770	0.366538	-0.223131	0.903251
17181	0.332888	1.517507	6.708640	-0.956275	-0.318951	0.245359	-0.419742	0.825313	0.377724	-0.833242	-0.515395	0.200188	0.359895	-0.230708	0.904018
17182	4.731010	0.377701	10.913189	-0.471636	-1.006311	0.313644	-0.418621	0.821341	0.387499	-0.833655	-0.516795	0.194786	0.360243	-0.241499	0.901057
17183	8.290181	2.149609	11.501702	-0.423750	-0.266971	0.168061	-0.419048	0.819832	0.390222	-0.834491	-0.517118	0.190298	0.357803	-0.245893	0.900840
17184	2.459331	1.485786	7.011952	-0.423279	-0.499968	0.197335	-0.418803	0.817584	0.395172	-0.835204	-0.517616	0.185763	0.356424	-0.252251	0.899628
17185	5.940086	1.331288	11.313334	-0.306543	-0.250518	0.124780	-0.418939	0.816312	0.397649	-0.835790	-0.517834	0.182494	0.354888	-0.255897	0.899206
17186	4.292927	1.353794	8.893566	-0.222170	-0.306227	0.099576	-0.418582	0.815022	0.400660	-0.836188	-0.518012	0.180147	0.354371	-0.259621	0.898342
17187	4.732202	1.758615	9.549424	-0.221168	-0.169968	0.067562	-0.418530	0.814239	0.402302	-0.836706	-0.517962	0.177873	0.353208	-0.262164	0.898061
17188	4.601891	1.378731	9.476624	-0.166149	-0.175296	0.057078	-0.418287	0.813496	0.404056	-0.837081	-0.517929	0.176197	0.352608	-0.264526	0.897604
17189	4.892274	1.384864	9.590074	-0.148574	-0.090726	0.013982	-0.418068	0.813193	0.404890	-0.837563	-0.517625	0.174790	0.351719	-0.266046	0.897504
17190	4.463238	2.141523	8.923390	-0.136782	-0.068925	0.014751	-0.417851	0.812945	0.405613	-0.838009	-0.517323	0.173547	0.350917	-0.267390	0.897418
17191	4.435841	2.011092	9.052861	-0.124084	-0.027914	0.013239	-0.417847	0.812812	0.405882	-0.838406	-0.517075	0.172363	0.349970	-0.268272	0.897525
17192	4.477044	1.932168	9.116863	-0.096237	-0.011600	0.013431	-0.417818	0.812724	0.406089	-0.838713	-0.516867	0.171489	0.349267	-0.268941	0.897599
17193	4.342058	1.926812	9.082898	-0.078307	0.002642	0.013806	-0.417927	0.812670	0.406084	-0.838947	-0.516744	0.170714	0.348576	-0.269337	0.897749
17194	4.253315	1.873175	9.098984	-0.075491	0.011741	0.010787	-0.417957	0.812658	0.406078	-0.839192	-0.516569	0.170038	0.347950	-0.269709	0.897880
17195	4.182405	1.897476	9.103563	-0.082211	0.007786	0.011539	-0.418064	0.812630	0.406023	-0.839448	-0.516417	0.169236	0.347204	-0.270083	0.898056
17196	4.146699	2.037073	9.071045	-0.094711	-0.001416	0.018287	-0.418110	0.812544	0.406147	-0.839727	-0.516250	0.168357	0.346471	-0.270661	0.898165
17197	4.183657	2.010879	9.117035	-0.089006	-0.005564	0.012312	-0.418177	0.812477	0.406213	-0.840002	-0.516085	0.167491	0.345723	-0.271179	0.898297
17198	4.248368	1.942213	9.069479	-0.086511	-0.004116	0.011314	-0.418155	0.812420	0.406350	-0.840282	-0.515881	0.166714	0.345070	-0.271736	0.898380
17199	4.266081	1.929668	9.122670	-0.089946	-0.004288	0.007029	-0.418182	0.812383	0.406396	-0.840581	-0.515669	0.165861	0.344308	-0.272248	0.898517
17200	4.290199	1.896704	9.148911	-0.080789	-0.002655	0.009041	-0.418145	0.812343	0.406515	-0.840849	-0.515460	0.165145	0.343697	-0.272763	0.898595
17201	4.321114	1.844417	9.147755	-0.058590	-0.010155	0.011593	-0.418190	0.812266	0.406621	-0.841020	-0.515370	0.164555	0.343223	-0.273162	0.898655
17202	4.287649	1.896776	9.118246	-0.036551	-0.010277	0.010481	-0.418138	0.812198	0.406812	-0.841131	-0.515293	0.164231	0.343015	-0.273511	0.898628
17203	4.264882	1.917861	9.093921	-0.035285	-0.003936	0.013718	-0.418222	0.812127	0.406866	-0.841213	-0.515283	0.163842	0.342711	-0.273738	0.898675
17204	4.348164	1.889900	9.111018	-0.027800	0.000460	0.010806	-0.418209	0.812087	0.406960	-0.841292	-0.515231	0.163596	0.342533	-0.273955	0.898677
17205	4.309765	1.913599	9.126527	-0.020316	0.004857	0.007898	-0.418274	0.812070	0.406926	-0.841347	-0.515215	0.163365	0.342318	-0.274035	0.898734
17206	4.320234	1.879367	9.132346	-0.012623	0.009375	0.010509	-0.418288	0.812056	0.406940	-0.841376	-0.515202	0.163257	0.342230	-0.274101	0.898748
17207	4.309317	1.819024	9.131448	-0.009583	0.014895	0.007465	-0.418383	0.812070	0.406814	-0.841396	-0.515211	0.163124	0.342063	-0.274044	0.898828
