// General information: 
//  MT Manager version: 2022.2.0 
//  XDA version: 2022.2.0 build 7381 rev 124627 built on 2023-07-19
// Device information: 
//  DeviceId: 00B4CAF0
//  ProductCode: MTW2-3A7G6
//  Firmware Version: 4.6.0
//  Hardware Version: 2.0.0
// Device settings: 
//  Filter Profile: human(46.1)
//  Option Flags: Orientation Smoother Disabled, Position/Velocity Smoother Disabled, Continuous Zero Rotation Update Disabled, AHS Disabled, ICC Disabled
// Coordinate system: ENU
PacketCounter	Acc_X	Acc_Y	Acc_Z	Gyr_X	Gyr_Y	Gyr_Z	Mat[1][1]	Mat[2][1]	Mat[3][1]	Mat[1][2]	Mat[2][2]	Mat[3][2]	Mat[1][3]	Mat[2][3]	Mat[3][3]
60065	4.248650	1.873428	9.107985	-0.033803	-0.013120	0.007194	0.339825	-0.842040	0.418913	0.878598	0.443143	0.178017	-0.335535	0.307562	0.890406
60066	4.253520	1.843361	9.140746	-0.036033	-0.015648	0.007745	0.339813	-0.841962	0.419080	0.878704	0.443073	0.177665	-0.335270	0.307874	0.890397
60067	4.255545	1.806190	9.150219	-0.042870	-0.015045	0.008487	0.339810	-0.841873	0.419261	0.878831	0.442994	0.177238	-0.334942	0.308232	0.890397
60068	4.288141	1.827598	9.113447	-0.045717	-0.019090	0.012620	0.339728	-0.841799	0.419475	0.879041	0.442799	0.176682	-0.334474	0.308711	0.890407
60069	4.289790	1.822959	9.113600	-0.045367	-0.012548	0.010163	0.339748	-0.841710	0.419637	0.879170	0.442725	0.176225	-0.334114	0.309060	0.890421
60070	4.294563	1.791895	9.146524	-0.041846	-0.012625	0.011417	0.339811	-0.841625	0.419756	0.879286	0.442678	0.175764	-0.333744	0.309359	0.890456
60071	4.293081	1.781063	9.123337	-0.040759	-0.015681	0.009958	0.339820	-0.841527	0.419946	0.879400	0.442617	0.175349	-0.333435	0.309713	0.890449
60072	4.297726	1.783528	9.146674	-0.040164	-0.017097	0.010043	0.339749	-0.841434	0.420189	0.879526	0.442510	0.174982	-0.333174	0.310117	0.890406
60073	4.301339	1.852574	9.151419	-0.038525	-0.013156	0.009401	0.339760	-0.841347	0.420355	0.879634	0.442450	0.174589	-0.332876	0.310440	0.890405
60074	4.297281	1.802289	9.114182	-0.037931	-0.014572	0.009486	0.339594	-0.841319	0.420545	0.879868	0.442180	0.174098	-0.332429	0.310901	0.890411
60075	4.319513	1.755099	9.149371	-0.030173	-0.012982	0.010050	0.339612	-0.841229	0.420711	0.879946	0.442151	0.173777	-0.332204	0.311186	0.890395
60076	4.299966	1.795749	9.114206	-0.029761	-0.011907	0.003203	0.339560	-0.841186	0.420839	0.880057	0.442044	0.173485	-0.331962	0.311454	0.890392
60077	4.321418	1.782738	9.140061	-0.023416	-0.010873	0.003999	0.339532	-0.841129	0.420975	0.880133	0.441985	0.173248	-0.331789	0.311691	0.890373
60078	4.333271	1.784165	9.086572	-0.013038	-0.008617	0.000842	0.339426	-0.841112	0.421095	0.880223	0.441866	0.173093	-0.331658	0.311905	0.890347
60079	4.305620	1.796971	9.137328	-0.007983	-0.004977	-0.000165	0.339381	-0.841092	0.421171	0.880262	0.441821	0.173011	-0.331600	0.312024	0.890327
60080	4.337354	1.789146	9.109690	-0.004462	-0.005055	0.001093	0.339305	-0.841080	0.421255	0.880324	0.441738	0.172909	-0.331515	0.312172	0.890307
60081	4.306378	1.796047	9.137152	-0.002927	-0.001336	-0.001172	0.339263	-0.841076	0.421297	0.880349	0.441699	0.172877	-0.331490	0.312238	0.890293
60082	4.303612	1.789121	9.113789	-0.004953	-0.003417	0.002639	0.339343	-0.841025	0.421336	0.880302	0.441796	0.172873	-0.331535	0.312240	0.890276
60083	4.307263	1.795315	9.136879	-0.000677	-0.010159	0.001208	0.339292	-0.840982	0.421461	0.880312	0.441785	0.172851	-0.331560	0.312370	0.890221
60084	4.304998	1.788600	9.113237	-0.000839	-0.004911	0.003983	0.339226	-0.840987	0.421505	0.880391	0.441683	0.172710	-0.331418	0.312502	0.890227
60085	4.319571	1.798109	9.082901	-0.001167	-0.008520	0.002753	0.339195	-0.840943	0.421618	0.880397	0.441683	0.172676	-0.331432	0.312621	0.890180
60086	4.323283	1.804500	9.105923	0.001166	-0.005769	0.003839	0.339105	-0.840937	0.421702	0.880446	0.441604	0.172627	-0.331394	0.312747	0.890150
60087	4.306909	1.788138	9.112424	0.000573	-0.004355	0.003752	0.339096	-0.840902	0.421780	0.880444	0.441617	0.172605	-0.331409	0.312823	0.890118
60088	4.289961	1.805150	9.109705	0.003398	-0.003242	0.003292	0.338902	-0.840901	0.421936	0.880508	0.441482	0.172624	-0.331437	0.313016	0.890040
60089	4.330549	1.817615	9.151981	0.001289	-0.002607	0.001804	0.338882	-0.840880	0.421995	0.880510	0.441481	0.172617	-0.331453	0.313074	0.890013
60090	4.272767	1.855438	9.097631	-0.000020	-0.002940	0.003666	0.338845	-0.840846	0.422092	0.880498	0.441492	0.172649	-0.331521	0.313150	0.889961
60091	4.332848	1.684510	9.188790	0.003726	0.000368	0.004521	0.338859	-0.840822	0.422130	0.880483	0.441521	0.172652	-0.331549	0.313173	0.889943
60092	4.326888	1.910946	9.100526	0.003398	-0.003242	0.003292	0.338736	-0.840818	0.422235	0.880521	0.441440	0.172668	-0.331574	0.313298	0.889889
60093	4.288535	1.765742	9.095025	0.002927	0.001336	0.001171	0.338723	-0.840812	0.422258	0.880519	0.441439	0.172678	-0.331591	0.313316	0.889877
60094	4.310957	1.828597	9.125659	0.005139	0.000924	0.004290	0.338744	-0.840803	0.422258	0.880512	0.441457	0.172669	-0.331589	0.313313	0.889878
60095	4.355965	1.831342	9.068055	0.003849	0.003530	0.002486	0.338750	-0.840798	0.422264	0.880503	0.441470	0.172681	-0.331607	0.313309	0.889873
60096	4.294026	1.779685	9.141762	0.006777	0.004866	0.003657	0.338765	-0.840798	0.422252	0.880486	0.441492	0.172712	-0.331636	0.313278	0.889873
60097	4.341045	1.822485	9.098437	0.007127	0.011415	0.001219	0.338785	-0.840824	0.422185	0.880471	0.441504	0.172759	-0.331656	0.313193	0.889896
60098	4.343713	1.796506	9.131260	0.011014	0.006534	0.002966	0.338691	-0.840847	0.422215	0.880486	0.441444	0.172836	-0.331713	0.313216	0.889866
60099	4.322652	1.807650	9.105598	0.007925	0.010447	0.004568	0.338738	-0.840854	0.422162	0.880456	0.441487	0.172876	-0.331743	0.313136	0.889883
60100	4.325061	1.781741	9.138532	0.011262	0.012858	-0.001105	0.338663	-0.840919	0.422093	0.880480	0.441409	0.172956	-0.331758	0.313071	0.889901
60101	4.269441	1.793888	9.117151	0.009623	0.008916	-0.000472	0.338660	-0.840944	0.422046	0.880462	0.441414	0.173033	-0.331808	0.312996	0.889908
60102	4.285538	1.811021	9.110622	0.009726	0.009140	0.001160	0.338633	-0.840962	0.422032	0.880429	0.441427	0.173164	-0.331921	0.312930	0.889889
60103	4.273522	1.841933	9.154875	0.009499	0.005754	0.001564	0.338638	-0.840968	0.422016	0.880405	0.441450	0.173231	-0.331981	0.312883	0.889884
60104	4.335973	1.794996	9.109197	0.010912	0.006310	0.001333	0.338564	-0.841026	0.421960	0.880447	0.441358	0.173252	-0.331945	0.312856	0.889906
60105	4.286883	1.819994	9.134242	0.006674	0.004642	0.002024	0.338569	-0.841026	0.421955	0.880430	0.441375	0.173292	-0.331983	0.312831	0.889901
60106	4.332083	1.789986	9.085994	0.012917	0.005451	0.001189	0.338502	-0.841068	0.421926	0.880440	0.441323	0.173377	-0.332027	0.312792	0.889898
60107	4.282975	1.814997	9.111036	0.006286	0.006506	0.005199	0.338541	-0.841060	0.421910	0.880414	0.441366	0.173400	-0.332056	0.312752	0.889902
60108	4.296365	1.825203	9.081121	0.007392	0.006389	0.000074	0.338562	-0.841077	0.421859	0.880391	0.441389	0.173458	-0.332096	0.312675	0.889914
60109	4.316542	1.782008	9.116490	0.004076	0.006917	0.002079	0.338575	-0.841084	0.421834	0.880383	0.441398	0.173475	-0.332104	0.312641	0.889923
60110	4.315898	1.782398	9.116719	0.007003	0.008252	0.003249	0.338645	-0.841071	0.421805	0.880313	0.441497	0.173580	-0.332218	0.312538	0.889916
60111	4.329125	1.792453	9.086917	0.003483	0.008331	0.001991	0.338662	-0.841083	0.421767	0.880307	0.441504	0.173591	-0.332216	0.312496	0.889932
60112	4.331708	1.766112	9.119875	0.004099	0.009853	-0.001591	0.338572	-0.841139	0.421728	0.880355	0.441401	0.173608	-0.332180	0.312491	0.889947
60113	4.293079	1.793836	9.091806	0.002196	0.010937	0.000183	0.338582	-0.841167	0.421664	0.880360	0.441388	0.173616	-0.332157	0.312433	0.889976
60114	4.329363	1.799767	9.111399	0.000885	0.010606	0.002045	0.338629	-0.841178	0.421604	0.880330	0.441430	0.173660	-0.332188	0.312344	0.889996
60115	4.328605	1.766803	9.121215	0.005147	0.015209	-0.002316	0.338631	-0.841231	0.421497	0.880334	0.441406	0.173705	-0.332177	0.312236	0.890037
60116	4.309911	1.784294	9.119180	0.006045	0.014467	0.002667	0.338823	-0.841249	0.421306	0.880268	0.441535	0.173712	-0.332157	0.312005	0.890126
60117	4.325366	1.801166	9.113021	0.007381	0.017734	-0.002865	0.338828	-0.841312	0.421176	0.880265	0.441513	0.173779	-0.332157	0.311865	0.890175
60118	4.323676	1.802001	9.113658	0.008895	0.018514	-0.001465	0.338734	-0.841423	0.421031	0.880350	0.441351	0.173760	-0.332028	0.311797	0.890247
60119	4.321939	1.802914	9.114301	0.010409	0.019294	-0.000064	0.338769	-0.841478	0.420892	0.880329	0.441362	0.173842	-0.332050	0.311631	0.890297
60120	4.300304	1.781225	9.098310	0.013727	0.018765	-0.002068	0.338660	-0.841590	0.420756	0.880390	0.441216	0.173903	-0.332000	0.311535	0.890349
60121	4.298587	1.782494	9.098873	0.012314	0.018210	-0.001839	0.338676	-0.841650	0.420623	0.880368	0.441218	0.174009	-0.332042	0.311370	0.890391
60122	4.285508	1.813876	9.143440	0.012907	0.016795	-0.001751	0.338736	-0.841691	0.420492	0.880302	0.441286	0.174169	-0.332154	0.311163	0.890422
60123	4.312712	1.767859	9.102544	0.011002	0.017879	0.000020	0.338767	-0.841742	0.420366	0.880278	0.441300	0.174255	-0.332185	0.311007	0.890465
60124	4.279263	1.809455	9.121237	0.010209	0.018843	-0.003333	0.338754	-0.841798	0.420265	0.880246	0.441301	0.174413	-0.332284	0.310854	0.890482
60125	4.277716	1.810475	9.121760	0.010775	0.014493	0.000428	0.338777	-0.841836	0.420170	0.880222	0.441317	0.174496	-0.332325	0.310727	0.890510
60126	4.276841	1.778105	9.131538	0.009462	0.014163	0.002288	0.338868	-0.841866	0.420036	0.880185	0.441374	0.174536	-0.332329	0.310565	0.890565
60127	4.292395	1.795296	9.125280	0.011496	0.016238	-0.001525	0.338880	-0.841918	0.419922	0.880165	0.441376	0.174634	-0.332371	0.310420	0.890600
60128	4.293652	1.803001	9.149168	0.011824	0.019848	-0.000304	0.338996	-0.841964	0.419737	0.880099	0.441464	0.174744	-0.332427	0.310172	0.890666
60129	4.288616	1.830842	9.117051	0.014423	0.017573	-0.000354	0.339023	-0.842015	0.419612	0.880065	0.441485	0.174863	-0.332490	0.310003	0.890701
60130	4.284507	1.792498	9.103547	0.017842	0.017269	-0.000724	0.338965	-0.842092	0.419504	0.880060	0.441435	0.175014	-0.332562	0.309865	0.890723
60131	4.285731	1.834300	9.117713	0.027448	0.011905	0.005424	0.339024	-0.842100	0.419440	0.879963	0.441545	0.175225	-0.332758	0.309686	0.890711
60132	4.319285	1.803179	9.122991	0.037736	0.013923	0.000642	0.339039	-0.842136	0.419357	0.879847	0.441643	0.175557	-0.333048	0.309449	0.890685
60133	4.283770	1.807407	9.126942	0.041454	0.014297	0.005164	0.339104	-0.842152	0.419271	0.879704	0.441794	0.175893	-0.333360	0.309188	0.890659
60134	4.299685	1.794005	9.129580	0.039380	0.017860	-0.000008	0.339030	-0.842231	0.419174	0.879626	0.441805	0.176257	-0.333642	0.308960	0.890633
60135	4.301333	1.770841	9.162418	0.036061	0.018391	0.001988	0.339080	-0.842274	0.419046	0.879512	0.441912	0.176559	-0.333892	0.308688	0.890633
60136	4.256379	1.788029	9.087226	0.032839	0.016371	-0.004079	0.339046	-0.842330	0.418962	0.879409	0.441970	0.176925	-0.334198	0.308453	0.890600
60137	4.314726	1.826542	9.146506	0.033235	0.017280	0.002442	0.339096	-0.842368	0.418845	0.879302	0.442072	0.177200	-0.334427	0.308203	0.890601
60138	4.279307	1.797043	9.160116	0.031526	0.016041	-0.002223	0.339225	-0.842383	0.418708	0.879137	0.442268	0.177531	-0.334731	0.307879	0.890599
60139	4.268473	1.813026	9.081026	0.027053	0.022331	-0.004091	0.339235	-0.842466	0.418535	0.879073	0.442295	0.177779	-0.334888	0.307614	0.890631
60140	4.289225	1.845234	9.121283	0.026824	0.018946	-0.003676	0.339222	-0.842533	0.418409	0.879001	0.442328	0.178053	-0.335090	0.307382	0.890635
60141	4.267468	1.824709	9.105151	0.022220	0.022080	-0.003498	0.339237	-0.842612	0.418239	0.878951	0.442346	0.178255	-0.335206	0.307141	0.890675
60142	4.253802	1.857012	9.149585	0.017387	0.021831	-0.002902	0.339218	-0.842684	0.418110	0.878891	0.442363	0.178510	-0.335384	0.306919	0.890684
60143	4.263279	1.828034	9.106446	0.009857	0.023627	-0.003894	0.339234	-0.842769	0.417925	0.878884	0.442340	0.178603	-0.335386	0.306719	0.890752
60144	4.263801	1.868889	9.120970	0.007295	0.017491	-0.004553	0.339080	-0.842883	0.417819	0.878973	0.442148	0.178635	-0.335307	0.306680	0.890795
60145	4.262426	1.836480	9.131130	0.008507	0.020376	0.001645	0.339133	-0.842934	0.417673	0.878952	0.442167	0.178694	-0.335308	0.306514	0.890852
60146	4.294726	1.836348	9.127967	0.003513	0.022593	-0.004702	0.338983	-0.843083	0.417494	0.879086	0.441921	0.178641	-0.335109	0.306457	0.890947
60147	4.244447	1.828077	9.162743	0.006271	0.017852	0.002199	0.339033	-0.843124	0.417372	0.879071	0.441938	0.178676	-0.335099	0.306322	0.890997
60148	4.227669	1.919007	9.164787	0.015215	0.016610	0.002963	0.338948	-0.843179	0.417329	0.879067	0.441884	0.178827	-0.335195	0.306247	0.890987
60149	4.258152	1.913994	9.137472	0.043100	0.006902	0.007497	0.339007	-0.843163	0.417314	0.878910	0.442058	0.179169	-0.335546	0.306042	0.890925
60150	4.287224	1.837851	9.105207	0.061583	0.003001	0.009117	0.339010	-0.843134	0.417370	0.878703	0.442260	0.179686	-0.336085	0.305829	0.890795
60151	4.241219	1.874476	9.151865	0.067206	0.002292	0.011869	0.339092	-0.843084	0.417404	0.878450	0.442544	0.180224	-0.336663	0.305556	0.890670
60152	4.250100	1.809815	9.093361	0.067475	0.008594	0.007752	0.339132	-0.843075	0.417390	0.878213	0.442778	0.180802	-0.337241	0.305241	0.890560
60153	4.300609	1.863809	9.072152	0.057975	0.002839	0.006199	0.339166	-0.843052	0.417408	0.878009	0.442986	0.181282	-0.337736	0.305004	0.890453
60154	4.289134	1.832895	9.134358	0.052720	0.010075	0.000952	0.339060	-0.843110	0.417377	0.877904	0.443014	0.181723	-0.338116	0.304801	0.890378
60155	4.288126	1.870533	9.124128	0.048441	0.005495	0.005329	0.339095	-0.843099	0.417370	0.877736	0.443184	0.182121	-0.338518	0.304584	0.890300
60156	4.250091	1.868329	9.104433	0.038676	0.016099	0.001883	0.339016	-0.843178	0.417276	0.877678	0.443170	0.182433	-0.338748	0.304386	0.890280
60157	4.271533	1.868111	9.153917	0.031146	0.017896	0.000885	0.339054	-0.843224	0.417151	0.877583	0.443250	0.182696	-0.338956	0.304141	0.890285
60158	4.263927	1.890090	9.097954	0.022697	0.017493	-0.001412	0.339009	-0.843302	0.417031	0.877550	0.443228	0.182908	-0.339086	0.303958	0.890298
60159	4.268297	1.872491	9.154531	0.017861	0.017248	-0.000815	0.339030	-0.843354	0.416909	0.877505	0.443253	0.183059	-0.339180	0.303777	0.890324
60160	4.244081	1.844059	9.115255	0.010826	0.017397	-0.003344	0.338993	-0.843432	0.416781	0.877514	0.443197	0.183154	-0.339194	0.303643	0.890364
60161	4.259395	1.861344	9.109011	0.012529	0.018650	0.001312	0.339038	-0.843479	0.416650	0.877481	0.443224	0.183249	-0.339236	0.303474	0.890406
60162	4.294360	1.901446	9.119345	0.004519	0.019280	-0.007836	0.339063	-0.843549	0.416486	0.877470	0.443213	0.183329	-0.339239	0.303294	0.890466
60163	4.238305	1.879917	9.107541	0.005629	0.021948	-0.003279	0.339079	-0.843626	0.416318	0.877475	0.443180	0.183382	-0.339210	0.303128	0.890534
60164	4.256128	1.903132	9.124889	-0.005058	0.019023	-0.005015	0.339133	-0.843679	0.416166	0.877474	0.443179	0.183388	-0.339157	0.302982	0.890603
60165	4.265838	1.872052	9.082299	-0.010351	0.023340	-0.006579	0.339124	-0.843775	0.415979	0.877545	0.443070	0.183313	-0.338982	0.302875	0.890706
60166	4.235116	1.852501	9.143661	-0.014364	0.025062	-0.006316	0.339055	-0.843906	0.415770	0.877676	0.442868	0.183174	-0.338713	0.302805	0.890833
60167	4.198184	1.885254	9.139134	-0.016601	0.022541	-0.005756	0.339050	-0.843996	0.415592	0.877765	0.442747	0.183040	-0.338486	0.302732	0.890943
60168	4.245078	1.859331	9.116102	-0.019851	0.017586	-0.008125	0.338985	-0.844089	0.415454	0.877881	0.442576	0.182897	-0.338252	0.302719	0.891037
60169	4.225412	1.907999	9.104747	-0.018702	0.023167	-0.007257	0.338969	-0.844188	0.415267	0.877982	0.442436	0.182750	-0.338004	0.302651	0.891154
60170	4.248695	1.943441	9.169002	-0.012723	0.017670	-0.003962	0.338970	-0.844270	0.415100	0.878057	0.442333	0.182639	-0.337809	0.302572	0.891255
60171	4.244906	1.869745	9.165961	-0.002861	0.018628	-0.001887	0.338986	-0.844330	0.414963	0.878087	0.442286	0.182610	-0.337716	0.302471	0.891324
60172	4.220645	1.873086	9.117145	0.001515	0.012111	-0.001620	0.338872	-0.844402	0.414911	0.878154	0.442150	0.182617	-0.337655	0.302472	0.891347
60173	4.256456	1.879592	9.137086	0.007269	0.014558	-0.000912	0.338883	-0.844446	0.414813	0.878146	0.442141	0.182674	-0.337665	0.302361	0.891381
60174	4.235093	1.890691	9.111287	0.012698	0.013390	-0.001404	0.339003	-0.844467	0.414671	0.878065	0.442252	0.182797	-0.337756	0.302139	0.891422
60175	4.234213	1.858694	9.121284	0.011283	0.012837	-0.001174	0.339006	-0.844507	0.414587	0.878044	0.442254	0.182892	-0.337807	0.302025	0.891441
60176	4.252262	1.915939	9.128551	0.009912	0.015198	-0.004635	0.338970	-0.844569	0.414491	0.878043	0.442214	0.182996	-0.337847	0.301910	0.891465
60177	4.216768	1.884514	9.142535	0.009694	0.017544	0.001785	0.339014	-0.844610	0.414371	0.878018	0.442236	0.183064	-0.337868	0.301763	0.891507
60178	4.200628	1.908919	9.163459	0.003069	0.015812	-0.003916	0.339017	-0.844676	0.414234	0.878027	0.442199	0.183107	-0.337840	0.301632	0.891562
60179	4.234124	1.842531	9.179571	0.010286	0.016130	0.001884	0.339057	-0.844713	0.414126	0.878000	0.442223	0.183180	-0.337871	0.301494	0.891597
60180	4.223904	1.889078	9.090854	0.007363	0.014790	0.000714	0.338942	-0.844812	0.414019	0.878081	0.442061	0.183181	-0.337775	0.301454	0.891646
60181	4.228071	1.903404	9.137866	0.007955	0.013376	0.000814	0.338963	-0.844845	0.413934	0.878065	0.442070	0.183238	-0.337795	0.301350	0.891674
60182	4.209901	1.887839	9.145014	0.006540	0.012823	0.001044	0.338923	-0.844913	0.413826	0.878104	0.441989	0.183247	-0.337734	0.301276	0.891722
60183	4.240349	1.880796	9.118378	0.006540	0.012823	0.001043	0.338945	-0.844944	0.413747	0.878092	0.441995	0.183290	-0.337743	0.301182	0.891750
60184	4.204899	1.881909	9.122602	0.001610	0.012343	0.000002	0.339099	-0.844946	0.413617	0.878027	0.442113	0.183319	-0.337760	0.301004	0.891804
60185	4.186432	1.899046	9.120128	0.003118	0.013130	0.001401	0.339125	-0.844975	0.413535	0.878025	0.442112	0.183330	-0.337738	0.300923	0.891840
60186	4.171382	1.889584	9.150506	-0.001314	0.005409	0.007846	0.339239	-0.844931	0.413531	0.877972	0.442224	0.183315	-0.337761	0.300881	0.891845
60187	4.236679	1.880787	9.120086	-0.004051	0.010130	0.000920	0.339251	-0.844954	0.413475	0.877996	0.442197	0.183264	-0.337687	0.300857	0.891882
60188	4.255655	1.903309	9.137084	-0.005697	0.006196	0.001582	0.339236	-0.844972	0.413451	0.878036	0.442147	0.183191	-0.337597	0.300880	0.891908
60189	4.220727	1.903667	9.141206	-0.001359	0.008089	0.002523	0.339255	-0.844981	0.413416	0.878046	0.442142	0.183157	-0.337553	0.300861	0.891931
60190	4.208304	1.934673	9.184952	0.013791	0.004732	0.006185	0.339311	-0.844963	0.413407	0.877978	0.442233	0.183264	-0.337673	0.300779	0.891913
60191	4.208351	1.970421	9.174535	0.053488	-0.007787	0.016457	0.339399	-0.844863	0.413540	0.877755	0.442510	0.183662	-0.338165	0.300652	0.891770
60192	4.241529	1.935122	9.155478	0.084023	-0.011126	0.023333	0.339584	-0.844698	0.413725	0.877352	0.443014	0.184370	-0.339023	0.300373	0.891537
60193	4.235071	1.855295	9.103197	0.088463	-0.003416	0.016866	0.339690	-0.844609	0.413820	0.877008	0.443400	0.185078	-0.339806	0.300054	0.891347
60194	4.243357	1.949228	9.151638	0.081296	-0.006417	0.016376	0.339804	-0.844523	0.413901	0.876697	0.443757	0.185693	-0.340494	0.299767	0.891181
60195	4.267834	1.860495	9.073001	0.061775	0.003458	0.012426	0.339894	-0.844475	0.413926	0.876458	0.444025	0.186181	-0.341019	0.299507	0.891068
60196	4.219283	1.856511	9.105860	0.044557	-0.000968	0.006617	0.339900	-0.844448	0.413974	0.876307	0.444171	0.186540	-0.341399	0.299364	0.890970
60197	4.218997	1.892587	9.095418	0.027675	0.003965	0.007976	0.339953	-0.844421	0.413986	0.876199	0.444299	0.186743	-0.341623	0.299251	0.890922
60198	4.221129	1.934305	9.108612	0.015121	0.005049	0.004298	0.340017	-0.844419	0.413940	0.876142	0.444376	0.186831	-0.341708	0.299144	0.890926
60199	4.206698	1.892918	9.148500	0.008183	0.005434	0.003389	0.340035	-0.844416	0.413930	0.876116	0.444407	0.186879	-0.341757	0.299105	0.890920
60200	4.240147	1.925636	9.135081	0.003392	0.008099	0.000283	0.340086	-0.844430	0.413860	0.876095	0.444439	0.186899	-0.341759	0.299019	0.890948
60201	4.256806	1.908901	9.138382	0.002660	0.006371	0.002248	0.340097	-0.844435	0.413840	0.876092	0.444444	0.186902	-0.341755	0.298997	0.890957
60202	4.238737	1.959529	9.125587	0.013114	0.005911	0.004425	0.340201	-0.844433	0.413758	0.876031	0.444539	0.186961	-0.341807	0.298861	0.890982
60203	4.239070	1.927993	9.135084	0.027892	-0.003972	0.010591	0.340250	-0.844371	0.413846	0.875914	0.444689	0.187155	-0.342061	0.298814	0.890901
60204	4.210308	1.978875	9.174611	0.048168	-0.000812	0.009508	0.340290	-0.844333	0.413889	0.875733	0.444880	0.187546	-0.342482	0.298636	0.890799
60205	4.291223	1.950499	9.122619	0.052867	-0.003716	0.010980	0.340344	-0.844270	0.413974	0.875528	0.445108	0.187961	-0.342953	0.298475	0.890672
60206	4.223161	1.956708	9.128874	0.056293	-0.004030	0.010613	0.340413	-0.844198	0.414064	0.875288	0.445377	0.188442	-0.343497	0.298277	0.890528
60207	4.300166	2.014795	9.179688	0.080866	-0.001889	0.014143	0.340500	-0.844126	0.414140	0.874975	0.445715	0.189093	-0.344206	0.297976	0.890355
60208	4.409792	1.869444	9.262853	0.118519	0.008820	0.016735	0.340637	-0.844086	0.414108	0.874534	0.446168	0.190061	-0.345190	0.297409	0.890164
60209	4.390867	1.865481	9.268169	0.152510	0.035976	0.002656	0.340754	-0.844178	0.413825	0.874012	0.446621	0.191397	-0.346396	0.296468	0.890009
60210	4.306671	1.984995	9.141528	0.151224	0.046960	0.001381	0.340979	-0.844296	0.413398	0.873466	0.447121	0.192716	-0.347548	0.295377	0.889923
60211	4.173429	2.029189	9.069129	0.128509	0.054759	-0.008665	0.341064	-0.844493	0.412926	0.873062	0.447404	0.193885	-0.348479	0.294383	0.889888
60212	4.128890	2.026358	9.026296	0.099321	0.050215	-0.003023	0.341122	-0.844668	0.412518	0.872761	0.447599	0.194790	-0.349176	0.293583	0.889879
60213	4.105717	1.944780	9.030444	0.068645	0.036474	0.000641	0.341225	-0.844769	0.412227	0.872532	0.447784	0.195388	-0.349646	0.293010	0.889883
60214	4.136892	1.982177	9.016787	0.048531	0.028052	-0.000939	0.341236	-0.844871	0.412009	0.872403	0.447849	0.195818	-0.349959	0.292618	0.889890
60215	4.086078	1.977480	9.050774	0.024343	0.018477	0.001453	0.341283	-0.844915	0.411879	0.872327	0.447910	0.196018	-0.350103	0.292396	0.889906
60216	4.138643	2.034080	9.053465	0.006505	0.009930	0.004640	0.341274	-0.844931	0.411854	0.872316	0.447907	0.196069	-0.350137	0.292353	0.889906
60217	4.209683	2.006483	9.079796	-0.003926	0.001976	0.001876	0.341267	-0.844925	0.411872	0.872337	0.447890	0.196016	-0.350092	0.292397	0.889910
60218	4.291958	1.942052	9.219088	0.015219	0.005301	0.005882	0.341280	-0.844943	0.411825	0.872326	0.447896	0.196052	-0.350108	0.292336	0.889924
60219	4.350344	2.014159	9.267671	0.038903	0.010757	-0.000936	0.341279	-0.844975	0.411759	0.872207	0.447980	0.196392	-0.350406	0.292114	0.889879
60220	4.287099	1.942165	9.195401	0.065932	0.021422	-0.003815	0.341291	-0.845048	0.411600	0.871992	0.448129	0.197004	-0.350928	0.291676	0.889817
60221	4.204947	2.053664	9.068482	0.077132	0.022677	-0.003632	0.341308	-0.845127	0.411423	0.871747	0.448301	0.197694	-0.351518	0.291182	0.889746
60222	4.094397	2.081328	9.022202	0.064110	0.022776	-0.000459	0.341187	-0.845244	0.411283	0.871625	0.448297	0.198240	-0.351938	0.290848	0.889689
60223	4.112870	2.043653	9.058609	0.044582	0.012944	-0.001906	0.341185	-0.845287	0.411196	0.871489	0.448388	0.198633	-0.352278	0.290582	0.889642
60224	4.109135	2.072637	9.024802	0.029163	0.007412	0.003960	0.341103	-0.845306	0.411225	0.871422	0.448401	0.198898	-0.352523	0.290506	0.889569
60225	4.126319	2.024168	9.038289	0.005024	0.000727	0.002655	0.341098	-0.845293	0.411256	0.871409	0.448416	0.198920	-0.352560	0.290521	0.889550
60226	4.151725	2.061986	9.100589	-0.000353	-0.009132	0.007910	0.341068	-0.845237	0.411397	0.871398	0.448441	0.198914	-0.352617	0.290647	0.889486
60227	4.315373	1.997321	9.179292	0.006058	-0.005227	0.004978	0.341062	-0.845196	0.411485	0.871373	0.448478	0.198937	-0.352683	0.290707	0.889440
60228	4.221848	1.995207	9.113333	0.018231	0.001116	0.002721	0.341102	-0.845180	0.411485	0.871293	0.448568	0.199086	-0.352843	0.290615	0.889407
60229	4.167151	2.073078	9.069482	0.014714	0.001186	0.001455	0.341088	-0.845174	0.411509	0.871250	0.448601	0.199200	-0.352962	0.290582	0.889370
60230	4.122471	2.045241	8.980313	-0.004993	-0.003356	0.002694	0.341119	-0.845145	0.411543	0.871251	0.448627	0.199138	-0.352930	0.290627	0.889368
60231	4.010932	2.085532	9.057136	-0.017313	-0.012825	0.007047	0.341105	-0.845073	0.411703	0.871302	0.448614	0.198945	-0.352818	0.290857	0.889338
60232	4.133021	2.129017	9.028641	-0.035370	-0.033147	0.010146	0.341057	-0.844928	0.412039	0.871398	0.448585	0.198586	-0.352625	0.291321	0.889262
60233	4.134707	1.985384	9.046155	-0.054303	-0.038607	0.014747	0.341019	-0.844746	0.412443	0.871553	0.448529	0.198032	-0.352279	0.291934	0.889198
60234	4.214841	2.032277	9.097678	-0.064760	-0.038150	0.012570	0.340942	-0.844588	0.412831	0.871758	0.448404	0.197411	-0.351846	0.292583	0.889156
60235	4.213365	2.010924	9.051098	-0.075362	-0.040821	0.012482	0.340876	-0.844409	0.413251	0.871995	0.448266	0.196679	-0.351324	0.293309	0.889124
60236	4.151341	2.045066	9.071198	-0.085099	-0.044168	0.017382	0.340915	-0.844174	0.413700	0.872189	0.448231	0.195895	-0.350803	0.294041	0.889088
60237	4.190221	2.035010	9.067475	-0.099951	-0.048485	0.017996	0.340871	-0.843947	0.414198	0.872492	0.448066	0.194922	-0.350091	0.294942	0.889070
60238	4.195323	1.991120	9.077812	-0.123750	-0.051547	0.017825	0.340714	-0.843757	0.414714	0.872950	0.447706	0.193698	-0.349104	0.296029	0.889097
60239	4.203182	1.985228	9.101471	-0.146033	-0.053820	0.019031	0.340661	-0.843509	0.415261	0.873408	0.447411	0.192310	-0.348007	0.297180	0.889143
60240	4.583280	1.612153	9.450941	-0.119266	-0.038360	0.002201	0.340609	-0.843340	0.415648	0.873741	0.447183	0.191324	-0.347222	0.298002	0.889175
60241	4.218744	2.024584	9.006254	-0.080168	-0.021592	-0.004534	0.340463	-0.843293	0.415863	0.874048	0.446883	0.190620	-0.346590	0.298585	0.889225
60242	4.220566	1.945414	9.183027	-0.061751	-0.020011	0.001430	0.340365	-0.843246	0.416039	0.874303	0.446645	0.190005	-0.346042	0.299073	0.889275
60243	4.251493	1.925245	9.132957	-0.049708	-0.025208	0.000651	0.340253	-0.843164	0.416296	0.874487	0.446479	0.189549	-0.345689	0.299551	0.889252
60244	4.267961	1.962788	9.092722	-0.049116	-0.026625	0.000751	0.340115	-0.843091	0.416557	0.874683	0.446288	0.189094	-0.345328	0.300042	0.889226
60245	4.287407	1.941368	9.095743	-0.048050	-0.021284	-0.000043	0.340010	-0.843024	0.416778	0.874863	0.446120	0.188657	-0.344975	0.300479	0.889216
60246	4.274869	1.960897	9.115913	-0.049371	-0.021595	0.001814	0.339951	-0.842950	0.416976	0.875031	0.445984	0.188197	-0.344605	0.300889	0.889220
60247	4.262591	1.947241	9.146051	-0.049369	-0.021597	0.001808	0.339862	-0.842873	0.417203	0.875209	0.445828	0.187740	-0.344242	0.301334	0.889210
60248	4.276309	1.911724	9.102689	-0.047857	-0.020811	0.003196	0.339660	-0.842828	0.417458	0.875432	0.445573	0.187305	-0.343874	0.301836	0.889183
60249	4.227184	1.891796	9.113324	-0.053852	-0.026628	0.002942	0.339564	-0.842731	0.417732	0.875621	0.445413	0.186804	-0.343488	0.302343	0.889159
60250	4.266195	1.926362	9.122793	-0.045210	-0.020191	-0.000540	0.339430	-0.842676	0.417953	0.875801	0.445226	0.186405	-0.343163	0.302772	0.889139
60251	4.233640	1.956387	9.116670	-0.038715	-0.021600	0.007203	0.339388	-0.842575	0.418191	0.875923	0.445147	0.186020	-0.342892	0.303170	0.889108
60252	4.284340	1.927421	9.092585	-0.045417	-0.017828	0.005861	0.339394	-0.842490	0.418357	0.876062	0.445064	0.185564	-0.342532	0.303527	0.889125
60253	4.334632	1.898353	9.068671	-0.042346	-0.013350	0.004949	0.339361	-0.842424	0.418517	0.876204	0.444954	0.185157	-0.342201	0.303871	0.889135
60254	4.272769	1.909987	9.123159	-0.042108	-0.009971	0.004507	0.339325	-0.842363	0.418668	0.876334	0.444852	0.184788	-0.341903	0.304189	0.889141
60255	4.253711	1.949488	9.087313	-0.033303	-0.014375	0.007336	0.339310	-0.842283	0.418841	0.876436	0.444789	0.184451	-0.341656	0.304502	0.889129
60256	4.309703	1.902301	9.119478	-0.026952	-0.013356	0.008129	0.339360	-0.842169	0.419031	0.876448	0.444849	0.184251	-0.341576	0.304731	0.889081
60257	4.293624	1.916766	9.116484	-0.020269	-0.008720	0.010116	0.339388	-0.842094	0.419159	0.876496	0.444850	0.184019	-0.341424	0.304938	0.889069
60258	4.294852	1.914621	9.116356	-0.016399	-0.013596	0.011915	0.339362	-0.842018	0.419331	0.876560	0.444816	0.183799	-0.341287	0.305195	0.889033
60259	4.279519	1.863597	9.132655	-0.014681	-0.015168	0.006896	0.339340	-0.841938	0.419511	0.876600	0.444807	0.183629	-0.341205	0.305431	0.888983
60260	4.266407	1.919757	9.142619	0.005837	-0.014235	0.014370	0.339280	-0.841865	0.419706	0.876604	0.444811	0.183597	-0.341254	0.305625	0.888898
60261	4.350835	1.961295	9.093885	0.034967	-0.018182	0.021410	0.339374	-0.841710	0.419939	0.876426	0.445075	0.183808	-0.341618	0.305666	0.888744
60262	4.315765	1.958350	9.072896	0.053194	-0.017095	0.024121	0.339586	-0.841536	0.420117	0.876142	0.445489	0.184160	-0.342135	0.305544	0.888587
60263	4.369663	1.845323	9.099690	0.062521	-0.011837	0.022372	0.339711	-0.841397	0.420296	0.875866	0.445845	0.184611	-0.342718	0.305408	0.888409
60264	4.353691	1.833720	9.105137	0.055374	-0.003502	0.018867	0.339809	-0.841326	0.420357	0.875660	0.446098	0.184977	-0.343147	0.305233	0.888303
60265	4.319517	1.904862	9.088266	0.046870	-0.001220	0.011255	0.339873	-0.841269	0.420421	0.875474	0.446313	0.185336	-0.343557	0.305077	0.888199
60266	4.251052	1.909981	9.095337	0.033325	0.003196	0.010658	0.340030	-0.841193	0.420444	0.875269	0.446590	0.185639	-0.343925	0.304879	0.888124
60267	4.270669	1.968709	9.101278	0.033132	0.002720	0.007401	0.340074	-0.841165	0.420466	0.875143	0.446731	0.185892	-0.344201	0.304751	0.888061
60268	4.271078	1.972092	9.100353	0.053038	-0.006255	0.017796	0.340135	-0.841073	0.420600	0.874927	0.446987	0.186293	-0.344688	0.304630	0.887914
60269	4.320881	1.952292	9.074592	0.079978	-0.009827	0.021682	0.340260	-0.840943	0.420759	0.874592	0.447390	0.186902	-0.345417	0.304398	0.887710
60270	4.322234	1.925837	9.082553	0.087261	-0.006615	0.023739	0.340361	-0.840839	0.420884	0.874264	0.447764	0.187538	-0.346145	0.304133	0.887517
60271	4.302924	1.942053	9.054625	0.069416	-0.001177	0.018521	0.340488	-0.840750	0.420961	0.873974	0.448107	0.188065	-0.346752	0.303875	0.887369
60272	4.234596	1.915961	9.071316	0.056112	0.006626	0.017476	0.340657	-0.840684	0.420956	0.873716	0.448429	0.188499	-0.347237	0.303582	0.887279
60273	4.285795	1.934562	9.059776	0.036759	0.002867	0.010248	0.340725	-0.840643	0.420982	0.873567	0.448604	0.188772	-0.347544	0.303436	0.887209
60274	4.305765	1.959864	9.075514	0.022731	0.000537	0.010550	0.340856	-0.840586	0.420990	0.873443	0.448789	0.188906	-0.347727	0.303321	0.887176
60275	4.243286	1.945082	9.139160	0.033783	-0.001366	0.012793	0.340932	-0.840521	0.421058	0.873296	0.448976	0.189141	-0.348022	0.303224	0.887094
60276	4.321072	1.940862	9.053841	0.046599	-0.007519	0.015348	0.340979	-0.840450	0.421162	0.873121	0.449179	0.189468	-0.348416	0.303121	0.886975
60277	4.327749	1.991483	9.088900	0.044353	-0.010028	0.015925	0.341052	-0.840344	0.421313	0.872926	0.449425	0.189784	-0.348833	0.303049	0.886835
60278	4.314609	1.952979	9.127945	0.047039	-0.003660	0.018141	0.341149	-0.840263	0.421396	0.872728	0.449672	0.190111	-0.349233	0.302908	0.886726
60279	4.360852	1.957311	9.069628	0.047675	-0.002184	0.014539	0.341238	-0.840188	0.421475	0.872525	0.449915	0.190462	-0.349652	0.302755	0.886613
60280	4.286501	1.948248	9.030442	0.031093	0.009089	0.011793	0.341301	-0.840179	0.421442	0.872409	0.450045	0.190689	-0.349881	0.302587	0.886580
60281	4.274530	1.948472	9.083665	0.022635	0.008708	0.009523	0.341384	-0.840159	0.421414	0.872311	0.450171	0.190839	-0.350044	0.302455	0.886561
60282	4.268435	1.902178	9.047452	0.008798	0.006875	0.013089	0.341468	-0.840110	0.421443	0.872237	0.450290	0.190896	-0.350145	0.302414	0.886535
60283	4.313667	1.962718	9.126302	0.003469	0.005440	0.005572	0.341505	-0.840098	0.421437	0.872220	0.450324	0.190893	-0.350152	0.302395	0.886539
60284	4.310893	1.956522	9.102887	0.024499	-0.003715	0.010852	0.341500	-0.840052	0.421533	0.872135	0.450417	0.191065	-0.350370	0.302385	0.886456
60285	4.334552	1.989221	9.141287	0.042252	-0.009411	0.014423	0.341561	-0.839956	0.421676	0.871951	0.450643	0.191368	-0.350766	0.302317	0.886323
60286	4.313016	2.028900	9.080115	0.058588	-0.015654	0.018229	0.341702	-0.839815	0.421842	0.871668	0.451006	0.191803	-0.351333	0.302167	0.886149
60287	4.331907	1.983781	9.091555	0.068811	-0.011113	0.021415	0.341818	-0.839682	0.422014	0.871367	0.451370	0.192313	-0.351966	0.301993	0.885957
60288	4.333017	2.021765	9.079700	0.061624	-0.005666	0.021590	0.341866	-0.839603	0.422130	0.871151	0.451610	0.192728	-0.352453	0.301852	0.885812
60289	4.327945	1.945695	9.052615	0.051062	0.002998	0.018435	0.342006	-0.839526	0.422170	0.870922	0.451896	0.193092	-0.352883	0.301639	0.885713
60290	4.362035	1.980818	9.037842	0.037320	0.006953	0.014597	0.342086	-0.839500	0.422157	0.870783	0.452058	0.193340	-0.353148	0.301468	0.885666
60291	4.332775	2.031966	9.077538	0.032675	0.012754	0.009420	0.342182	-0.839493	0.422093	0.870650	0.452212	0.193579	-0.353384	0.301256	0.885643
60292	4.375064	2.088485	9.132412	0.050088	0.006319	0.021458	0.342463	-0.839364	0.422123	0.870321	0.452662	0.194008	-0.353922	0.300942	0.885536
60293	4.411991	2.066678	9.160911	0.083891	0.010455	0.025146	0.342688	-0.839278	0.422111	0.869951	0.453102	0.194635	-0.354612	0.300517	0.885404
60294	4.419794	2.035111	9.093438	0.095981	0.016506	0.021216	0.342932	-0.839217	0.422034	0.869516	0.453594	0.195434	-0.355444	0.299945	0.885264
60295	4.409781	2.082507	9.158390	0.112625	0.024922	0.021420	0.343175	-0.839191	0.421887	0.869056	0.454089	0.196330	-0.356333	0.299268	0.885136
60296	4.370308	1.958798	9.023465	0.102809	0.035293	0.016253	0.343418	-0.839224	0.421623	0.868642	0.454515	0.197174	-0.357107	0.298527	0.885074
60297	4.369712	1.941097	9.056944	0.083845	0.046457	0.007097	0.343614	-0.839328	0.421258	0.868332	0.454802	0.197876	-0.357672	0.297798	0.885092
60298	4.326906	1.909585	9.049212	0.082322	0.079035	-0.006976	0.343842	-0.839587	0.420556	0.868054	0.455000	0.198637	-0.358126	0.296765	0.885255
60299	4.154540	2.039999	8.928713	0.048608	0.066739	-0.009626	0.343966	-0.839825	0.419977	0.867928	0.455040	0.199098	-0.358314	0.296026	0.885426
60300	4.043402	2.105162	8.897832	0.015219	0.052577	-0.002056	0.344136	-0.840003	0.419483	0.867900	0.455045	0.199205	-0.358217	0.295516	0.885636
60301	4.253313	1.989140	8.988212	0.001359	0.042371	0.000957	0.344265	-0.840121	0.419141	0.867906	0.455034	0.199203	-0.358078	0.295196	0.885799
60302	4.198239	1.941195	9.011328	-0.008580	0.038581	0.002654	0.344331	-0.840248	0.418831	0.867986	0.454934	0.199085	-0.357821	0.294989	0.885972
60303	4.109780	2.025000	8.996113	-0.020780	0.023876	0.004386	0.344423	-0.840296	0.418659	0.868060	0.454887	0.198872	-0.357554	0.294925	0.886101
60304	4.142747	1.955473	9.014443	-0.028781	0.007923	0.009108	0.344533	-0.840265	0.418631	0.868112	0.454901	0.198610	-0.357321	0.294991	0.886173
60305	4.065726	1.998344	8.932454	-0.038669	-0.001410	0.006516	0.344553	-0.840228	0.418687	0.868242	0.454819	0.198230	-0.356986	0.295221	0.886231
60306	4.004205	2.142206	8.944909	-0.059510	-0.025111	0.017123	0.344589	-0.840063	0.418990	0.868379	0.454798	0.197678	-0.356618	0.295725	0.886211
60307	4.489696	1.919595	9.290198	-0.047113	-0.046197	0.021701	0.344582	-0.839824	0.419474	0.868486	0.454819	0.197160	-0.356364	0.296370	0.886098
60308	4.372438	1.843069	9.172636	-0.010442	0.000790	0.012830	0.344621	-0.839782	0.419526	0.868518	0.454827	0.196998	-0.356247	0.296476	0.886109
60309	4.364384	2.144714	9.155463	0.004822	-0.005296	0.008442	0.344644	-0.839725	0.419621	0.868486	0.454890	0.196996	-0.356303	0.296542	0.886065
60310	4.322254	1.992448	9.131078	0.007018	-0.005673	0.011561	0.344744	-0.839661	0.419668	0.868435	0.455001	0.196964	-0.356332	0.296552	0.886050
60311	4.317438	2.043792	9.063664	0.004822	-0.005296	0.008442	0.344767	-0.839604	0.419762	0.868403	0.455064	0.196961	-0.356388	0.296617	0.886006
60312	4.297747	1.987674	9.057880	0.001898	0.001788	0.007875	0.344735	-0.839588	0.419820	0.868406	0.455056	0.196963	-0.356410	0.296675	0.885978
60313	4.337662	2.033871	9.090003	0.003318	0.002329	0.007633	0.344779	-0.839558	0.419846	0.868382	0.455107	0.196951	-0.356426	0.296683	0.885968
60314	4.340384	2.041187	9.113164	0.004834	0.003119	0.009014	0.344772	-0.839548	0.419870	0.868383	0.455109	0.196945	-0.356431	0.296707	0.885958
60315	4.285920	2.052410	9.090544	0.008605	0.006408	0.009798	0.344849	-0.839520	0.419864	0.868333	0.455194	0.196970	-0.356480	0.296656	0.885956
60316	4.316783	2.044173	9.063890	0.004464	0.010537	0.003092	0.344888	-0.839539	0.419794	0.868317	0.455213	0.196995	-0.356480	0.296573	0.885983
60317	4.224617	1.983323	9.042984	0.000980	0.007997	0.007178	0.344947	-0.839527	0.419768	0.868303	0.455254	0.196963	-0.356457	0.296544	0.886002
60318	4.298175	2.028086	9.071707	-0.001800	0.009791	0.003946	0.345049	-0.839514	0.419711	0.868262	0.455333	0.196960	-0.356459	0.296458	0.886030
60319	4.277413	2.004572	9.056115	-0.003316	0.009001	0.002564	0.345072	-0.839527	0.419667	0.868279	0.455322	0.196910	-0.356395	0.296440	0.886062
60320	4.273650	1.963724	9.043962	-0.007910	0.012170	0.002706	0.345122	-0.839539	0.419602	0.868285	0.455331	0.196863	-0.356332	0.296392	0.886103
60321	4.255441	2.012845	9.030964	-0.010689	0.013964	-0.000527	0.345136	-0.839580	0.419508	0.868339	0.455272	0.196761	-0.356187	0.296366	0.886170
60322	4.259712	1.993281	9.088481	-0.016954	0.013218	0.000324	0.345104	-0.839627	0.419441	0.868429	0.455163	0.196617	-0.355999	0.296401	0.886234
60323	4.267114	1.952635	9.023426	-0.020222	0.016679	-0.001401	0.345119	-0.839680	0.419321	0.868519	0.455069	0.196434	-0.355762	0.296395	0.886331
60324	4.211466	1.993917	8.991605	-0.041891	0.015986	-0.003709	0.345114	-0.839753	0.419179	0.868705	0.454877	0.196055	-0.355313	0.296482	0.886483
60325	4.275327	2.040705	9.098164	-0.055099	0.015660	-0.003753	0.345106	-0.839814	0.419064	0.868928	0.454660	0.195573	-0.354776	0.296643	0.886643
60326	4.293775	2.092256	9.105673	-0.045708	0.018232	-0.000217	0.345071	-0.839897	0.418927	0.869149	0.454423	0.195142	-0.354269	0.296772	0.886803
60327	4.257911	2.024271	9.131495	-0.024938	0.014087	0.006164	0.345143	-0.839908	0.418845	0.869230	0.454378	0.194885	-0.354000	0.296809	0.886898
60328	4.311530	2.143163	9.113718	-0.005590	0.009401	0.012788	0.345257	-0.839875	0.418818	0.869219	0.454447	0.194774	-0.353916	0.296797	0.886936
60329	4.304901	1.996021	9.109323	0.001304	0.014512	0.017970	0.345433	-0.839833	0.418755	0.869166	0.454579	0.194700	-0.353873	0.296712	0.886981
60330	4.320924	1.978382	9.113273	0.003561	0.017011	0.017377	0.345608	-0.839798	0.418682	0.869098	0.454720	0.194673	-0.353869	0.296595	0.887022
60331	4.265365	1.955997	9.101562	-0.000635	0.018268	0.014381	0.345766	-0.839784	0.418579	0.869065	0.454817	0.194598	-0.353797	0.296487	0.887087
60332	4.292938	1.939645	9.052278	-0.002873	0.012867	0.005346	0.345830	-0.839778	0.418538	0.869027	0.454876	0.194628	-0.353828	0.296413	0.887099
60333	4.245832	1.938966	9.109914	-0.004783	0.013991	0.007095	0.345910	-0.839784	0.418459	0.869033	0.454899	0.194547	-0.353734	0.296359	0.887155
60334	4.259257	1.946821	9.080398	-0.007415	0.010503	0.001193	0.345916	-0.839813	0.418399	0.869074	0.454854	0.194470	-0.353629	0.296349	0.887200
60335	4.203981	1.924122	9.068585	-0.011517	0.012008	-0.000180	0.345925	-0.839846	0.418323	0.869129	0.454796	0.194359	-0.353483	0.296343	0.887260
60336	4.223229	1.979010	9.075038	-0.014122	0.005888	-0.000747	0.345935	-0.839853	0.418301	0.869165	0.454766	0.194266	-0.353384	0.296369	0.887291
60337	4.228313	1.992060	9.121844	-0.017800	0.002849	0.000083	0.345914	-0.839858	0.418307	0.869242	0.454691	0.194098	-0.353216	0.296469	0.887325
