// General information: 
//  MT Manager version: 2022.2.0 
//  XDA version: 2022.2.0 build 7381 rev 124627 built on 2023-07-19
// Device information: 
//  DeviceId: 00B4CB9F
//  ProductCode: MTW2-3A7G6
//  Firmware Version: 4.6.0
//  Hardware Version: 2.0.0
// Device settings: 
//  Filter Profile: human(46.1)
//  Option Flags: Orientation Smoother Disabled, Position/Velocity Smoother Disabled, Continuous Zero Rotation Update Disabled, AHS Disabled, ICC Disabled
// Coordinate system: ENU
PacketCounter	Acc_X	Acc_Y	Acc_Z	Gyr_X	Gyr_Y	Gyr_Z	Mat[1][1]	Mat[2][1]	Mat[3][1]	Mat[1][2]	Mat[2][2]	Mat[3][2]	Mat[1][3]	Mat[2][3]	Mat[3][3]
40315	9.411492	0.148171	3.173735	-0.032761	0.010077	0.002138	-0.296505	-0.118471	0.947655	0.402897	-0.915171	0.011649	0.865886	0.385261	0.319084
40316	9.240373	0.149383	2.984030	-0.039680	0.011358	0.002445	-0.296593	-0.118612	0.947610	0.402741	-0.915242	0.011494	0.865928	0.385051	0.319224
40317	9.319601	0.060399	2.969238	-0.035534	0.020361	0.001574	-0.296701	-0.118734	0.947560	0.402470	-0.915363	0.011323	0.866017	0.384724	0.319376
40318	9.284556	0.005369	2.944638	-0.032024	0.010162	0.003472	-0.296765	-0.118728	0.947541	0.402089	-0.915532	0.011215	0.866172	0.384325	0.319437
40319	9.281008	0.028305	2.945672	-0.027768	0.008744	0.004653	-0.296761	-0.118834	0.947529	0.401895	-0.915619	0.011039	0.866264	0.384083	0.319478
40320	9.285344	0.052103	2.980145	-0.017188	0.006073	0.007607	-0.296744	-0.118647	0.947558	0.401184	-0.915932	0.010951	0.866599	0.383395	0.319396
40321	9.313226	0.153360	3.007133	-0.013335	0.006146	0.001960	-0.296728	-0.118718	0.947554	0.401106	-0.915967	0.010847	0.866641	0.383288	0.319411
40322	9.306462	0.201051	3.008217	-0.016233	0.009496	0.003458	-0.296705	-0.118589	0.947577	0.400357	-0.916297	0.010686	0.866995	0.382540	0.319348
40323	9.301183	0.199568	3.063660	-0.009212	0.013284	-0.002326	-0.296768	-0.118648	0.947550	0.400303	-0.916321	0.010635	0.866998	0.382463	0.319430
40324	9.319961	0.152854	3.044140	-0.018551	0.019628	-0.002596	-0.296809	-0.118485	0.947558	0.399658	-0.916603	0.010572	0.867282	0.381837	0.319410
40325	9.300753	0.076399	2.999112	-0.020117	0.023043	-0.001841	-0.296955	-0.118586	0.947499	0.399510	-0.916669	0.010482	0.867300	0.381648	0.319585
40326	9.341705	0.057644	2.938620	-0.006045	0.016996	-0.002462	-0.297129	-0.118644	0.947438	0.399449	-0.916696	0.010478	0.867269	0.381566	0.319769
40327	9.301315	0.101322	2.948505	0.000921	0.019447	0.004082	-0.297219	-0.118785	0.947392	0.399501	-0.916674	0.010400	0.867214	0.381575	0.319908
40328	9.272098	0.121419	2.991447	-0.000445	0.008833	0.003449	-0.297271	-0.118632	0.947394	0.399016	-0.916885	0.010390	0.867419	0.381114	0.319900
40329	9.280863	0.170978	3.059888	0.001028	0.009025	0.006123	-0.297263	-0.118753	0.947382	0.399076	-0.916860	0.010293	0.867395	0.381137	0.319940
40330	9.259994	0.168122	3.047962	-0.000223	0.012162	-0.002035	-0.297125	-0.118850	0.947413	0.399404	-0.916718	0.010261	0.867291	0.381449	0.319849
40331	9.279588	0.194795	3.150404	-0.001170	0.017415	0.000063	-0.297214	-0.118946	0.947373	0.399426	-0.916708	0.010213	0.867250	0.381441	0.319969
40332	9.257182	0.142977	3.105355	-0.002993	0.022446	-0.002592	-0.297258	-0.118690	0.947391	0.398380	-0.917165	0.010095	0.867716	0.380422	0.319919
40333	9.266250	0.070600	3.106997	0.000291	0.024417	-0.002733	-0.297419	-0.118787	0.947329	0.398407	-0.917153	0.010078	0.867649	0.380420	0.320105
40334	9.275310	-0.001754	3.108679	0.007349	0.023260	0.000384	-0.297552	-0.118809	0.947284	0.398471	-0.917125	0.010138	0.867574	0.380481	0.320234
40335	9.301985	0.027512	3.015174	0.010867	0.021747	0.000232	-0.297677	-0.118923	0.947230	0.398598	-0.917070	0.010127	0.867472	0.380579	0.320393
40336	9.258198	0.095740	3.025473	0.010270	0.021774	0.002311	-0.297737	-0.118705	0.947239	0.397761	-0.917434	0.010055	0.867836	0.379768	0.320370
40337	9.185502	0.184541	3.077405	0.017553	0.023945	-0.000053	-0.297883	-0.118825	0.947178	0.397945	-0.917354	0.010068	0.867701	0.379924	0.320549
40338	9.203258	0.261339	3.126474	0.019718	0.020498	-0.002886	-0.298201	-0.118447	0.947126	0.397135	-0.917703	0.010270	0.867963	0.379199	0.320699
40339	9.235174	0.291002	3.209002	0.015575	0.026977	-0.009553	-0.298410	-0.118491	0.947054	0.397273	-0.917642	0.010368	0.867828	0.379333	0.320907
40340	9.212983	0.313986	3.286859	0.012883	0.031780	-0.016968	-0.298694	-0.118218	0.946999	0.396848	-0.917823	0.010595	0.867925	0.378979	0.321063
40341	9.141889	0.330789	3.305496	-0.000956	0.034337	-0.016383	-0.298995	-0.118227	0.946903	0.396822	-0.917833	0.010704	0.867833	0.378952	0.321343
40342	9.293164	0.228921	3.364554	-0.028313	0.023694	-0.016602	-0.299207	-0.118117	0.946849	0.396606	-0.917925	0.010819	0.867859	0.378763	0.321495
40343	9.117368	0.132769	3.250323	-0.029505	0.039223	-0.019971	-0.299564	-0.118111	0.946737	0.396321	-0.918048	0.010871	0.867866	0.378468	0.321824
40344	9.312983	0.013664	3.105591	-0.026484	0.034131	-0.021469	-0.299839	-0.117763	0.946693	0.395462	-0.918416	0.011006	0.868163	0.377681	0.321948
40345	9.348085	0.020693	2.958612	-0.024781	0.030839	-0.018804	-0.300119	-0.117736	0.946608	0.395221	-0.918519	0.011061	0.868176	0.377439	0.322197
40346	9.400567	0.054448	2.824513	-0.024412	0.027480	-0.015400	-0.300389	-0.117335	0.946572	0.394128	-0.918988	0.011158	0.868579	0.376423	0.322299
40347	9.410395	0.057280	2.717975	-0.021503	0.017330	-0.011421	-0.300522	-0.117324	0.946531	0.393937	-0.919070	0.011154	0.868619	0.376226	0.322419
40348	9.369174	0.125510	2.815333	-0.016059	0.007194	-0.012339	-0.300455	-0.116877	0.946608	0.392737	-0.919584	0.011115	0.869186	0.375107	0.322195
40349	9.404407	0.229276	2.876126	-0.008783	0.000704	-0.012644	-0.300448	-0.116792	0.946621	0.392652	-0.919619	0.011164	0.869227	0.375047	0.322156
40350	9.395837	0.253312	2.930619	-0.017666	-0.001795	-0.016389	-0.300200	-0.116731	0.946707	0.392782	-0.919564	0.011166	0.869254	0.375201	0.321903
40351	9.279657	0.262651	2.974235	-0.018881	-0.003605	-0.015656	-0.300167	-0.116602	0.946733	0.392601	-0.919641	0.011211	0.869347	0.375053	0.321824
40352	9.282577	0.164378	3.081662	-0.019245	-0.007057	-0.013592	-0.300158	-0.116608	0.946735	0.392961	-0.919485	0.011335	0.869187	0.375433	0.321814
40353	9.271179	0.040653	3.033646	-0.009266	-0.001010	-0.010573	-0.300129	-0.116535	0.946754	0.392879	-0.919520	0.011363	0.869234	0.375370	0.321758
40354	9.221098	-0.016275	3.170367	0.008030	0.004143	0.002413	-0.300051	-0.116096	0.946832	0.391734	-0.920009	0.011334	0.869778	0.374307	0.321528
40355	9.193838	0.029691	3.158139	0.032088	0.004175	0.004845	-0.300006	-0.116184	0.946836	0.392057	-0.919871	0.011348	0.869648	0.374618	0.321517
40356	9.217967	0.156972	3.185743	0.052138	0.010798	0.004026	-0.299936	-0.116381	0.946833	0.392863	-0.919526	0.011426	0.869308	0.375402	0.321521
40357	9.260050	0.287903	3.138682	0.050303	0.013948	-0.002058	-0.300003	-0.116443	0.946805	0.393324	-0.919327	0.011564	0.869077	0.375870	0.321601
40358	9.219524	0.333310	3.148080	0.029891	0.019340	-0.006693	-0.300204	-0.116379	0.946749	0.393570	-0.919219	0.011802	0.868896	0.376155	0.321756
40359	9.247021	0.338420	3.196309	0.004474	0.015512	-0.015237	-0.300336	-0.116325	0.946714	0.393593	-0.919208	0.011918	0.868840	0.376199	0.321856
40360	9.274619	0.270360	3.122249	-0.009994	0.014349	-0.019438	-0.300475	-0.116144	0.946692	0.393404	-0.919286	0.012082	0.868877	0.376062	0.321915
40361	9.298928	0.226148	3.048389	-0.016052	0.015843	-0.014398	-0.300607	-0.116100	0.946655	0.393251	-0.919351	0.012124	0.868901	0.375918	0.322020
40362	9.275090	0.150064	3.056965	-0.011328	0.014278	-0.018699	-0.300844	-0.115974	0.946595	0.393409	-0.919280	0.012404	0.868748	0.376131	0.322185
40363	9.225108	0.168901	3.086584	-0.013025	0.010760	-0.015894	-0.300937	-0.115896	0.946575	0.393277	-0.919335	0.012470	0.868775	0.376019	0.322242
40364	9.239040	0.122324	3.120879	-0.007308	0.009550	-0.012020	-0.301031	-0.115193	0.946631	0.391269	-0.920192	0.012449	0.869649	0.374135	0.322078
40365	9.242803	0.148338	3.156063	0.009229	0.019548	-0.009261	-0.301175	-0.115208	0.946584	0.391351	-0.920156	0.012524	0.869562	0.374218	0.322215
40366	9.268740	0.202574	3.150820	0.012271	0.024997	-0.009382	-0.301535	-0.114651	0.946537	0.389800	-0.920813	0.012643	0.870134	0.372772	0.322348
40367	9.210738	0.220453	3.147942	0.020546	0.027529	-0.003553	-0.301726	-0.114748	0.946464	0.389997	-0.920728	0.012700	0.869979	0.372950	0.322559
40368	9.240669	0.300022	3.177057	0.029641	0.029616	-0.012134	-0.301863	-0.114593	0.946439	0.389930	-0.920754	0.012884	0.869961	0.372935	0.322625
40369	9.275830	0.381231	3.152089	0.037666	0.033754	-0.009717	-0.302132	-0.114657	0.946346	0.390258	-0.920613	0.013055	0.869721	0.373263	0.322892
40370	9.312653	0.339820	3.059269	0.014087	0.033549	-0.017676	-0.302360	-0.114792	0.946256	0.390815	-0.920374	0.013226	0.869392	0.373810	0.323147
40371	9.284849	0.314135	2.927522	0.000967	0.034310	-0.019208	-0.302671	-0.114772	0.946160	0.390795	-0.920381	0.013368	0.869293	0.373800	0.323424
40372	9.437593	0.189391	2.899240	-0.024431	0.023669	-0.022310	-0.302945	-0.114013	0.946163	0.388649	-0.921288	0.013423	0.870159	0.371792	0.323411
40373	9.261875	0.116871	2.871350	-0.025153	0.018644	-0.014751	-0.303101	-0.113974	0.946118	0.388415	-0.921387	0.013439	0.870209	0.371559	0.323543
40374	9.341094	0.103526	2.979183	-0.020544	0.010160	-0.016988	-0.303073	-0.113994	0.946125	0.388607	-0.921305	0.013479	0.870133	0.371756	0.323521
40375	9.357816	0.131409	2.993398	-0.015682	0.010594	-0.014441	-0.303158	-0.113929	0.946106	0.388457	-0.921368	0.013522	0.870171	0.371620	0.323576
40376	9.341287	0.154437	3.014775	-0.013616	0.002105	-0.011787	-0.303252	-0.113735	0.946098	0.388248	-0.921454	0.013672	0.870231	0.371467	0.323590
40377	9.316120	0.200551	3.089987	-0.008517	-0.002800	-0.012674	-0.303214	-0.113636	0.946123	0.388165	-0.921488	0.013722	0.870281	0.371412	0.323517
40378	9.309344	0.249826	3.090227	-0.004628	0.001012	-0.011456	-0.302949	-0.113518	0.946222	0.388190	-0.921477	0.013736	0.870362	0.371476	0.323227
40379	9.278558	0.172754	3.063855	-0.006331	0.004287	-0.014126	-0.302978	-0.113431	0.946223	0.388122	-0.921505	0.013807	0.870383	0.371433	0.323220
40380	9.245010	0.169091	3.071889	-0.001591	0.006461	-0.011572	-0.303120	-0.113352	0.946187	0.388134	-0.921497	0.013948	0.870328	0.371475	0.323320
40381	9.263817	0.222422	3.031749	0.001567	0.010174	-0.011694	-0.303190	-0.113310	0.946169	0.388142	-0.921493	0.014021	0.870300	0.371499	0.323368
40382	9.210302	0.265140	3.061361	-0.004264	0.014976	-0.012149	-0.303376	-0.113168	0.946127	0.388009	-0.921546	0.014188	0.870294	0.371410	0.323485
40383	9.212477	0.315173	3.184756	-0.006453	0.014676	-0.016171	-0.303503	-0.113101	0.946094	0.387933	-0.921577	0.014278	0.870284	0.371354	0.323577
40384	9.249328	0.346107	3.212638	-0.007303	0.018178	-0.014082	-0.303751	-0.112836	0.946046	0.387355	-0.921818	0.014424	0.870455	0.370837	0.323710
40385	9.228199	0.344469	3.201476	-0.011193	0.023016	-0.017352	-0.303955	-0.112788	0.945986	0.387234	-0.921867	0.014509	0.870437	0.370728	0.323882
40386	9.160655	0.336001	3.218697	-0.019452	0.024199	-0.016347	-0.304118	-0.113405	0.945860	0.388985	-0.921128	0.014629	0.869600	0.372374	0.324244
40387	9.188369	0.241555	3.287804	-0.022123	0.025920	-0.011451	-0.304325	-0.113423	0.945792	0.388788	-0.921211	0.014623	0.869615	0.372162	0.324445
40388	9.190338	0.168629	3.255964	-0.012404	0.024934	-0.009772	-0.304633	-0.113330	0.945703	0.388665	-0.921260	0.014797	0.869562	0.372070	0.324694
40389	9.212007	0.197212	3.217333	0.007639	0.026669	-0.001641	-0.304809	-0.113441	0.945634	0.388756	-0.921222	0.014796	0.869460	0.372131	0.324897
40390	9.228083	0.224588	3.233159	0.011646	0.028744	-0.000423	-0.304807	-0.113657	0.945608	0.389147	-0.921058	0.014731	0.869286	0.372471	0.324974
40391	9.179569	0.268029	3.209695	0.018572	0.025623	-0.004113	-0.304982	-0.113742	0.945541	0.389326	-0.920981	0.014789	0.869144	0.372634	0.325166
40392	9.172006	0.317130	3.211983	0.011652	0.018224	-0.001801	-0.305314	-0.113401	0.945475	0.388486	-0.921333	0.014945	0.869403	0.371867	0.325350
40393	9.219647	0.324082	3.273422	-0.000492	0.013727	-0.005451	-0.305392	-0.113429	0.945447	0.388495	-0.921330	0.014953	0.869372	0.371868	0.325433
40394	9.206134	0.322577	3.295415	-0.004866	0.016856	-0.006653	-0.305495	-0.113360	0.945422	0.388372	-0.921380	0.015018	0.869390	0.371764	0.325503
40395	9.205003	0.273955	3.263025	-0.006444	0.018390	-0.009331	-0.305628	-0.113369	0.945378	0.388317	-0.921403	0.015044	0.869368	0.371704	0.325630
40396	9.239442	0.255319	3.169138	-0.013855	0.017935	-0.006999	-0.305855	-0.113184	0.945326	0.387742	-0.921644	0.015104	0.869545	0.371162	0.325776
40397	9.214569	0.227779	3.123711	-0.014460	0.016098	-0.008346	-0.305965	-0.113193	0.945290	0.387620	-0.921696	0.015094	0.869561	0.371031	0.325882
40398	9.288408	0.238183	3.143466	-0.025627	0.001445	-0.005200	-0.305973	-0.113188	0.945288	0.387492	-0.921750	0.015055	0.869615	0.370897	0.325890
40399	9.228797	0.205711	3.016425	-0.020775	0.010534	-0.004690	-0.306020	-0.113211	0.945270	0.387327	-0.921821	0.014990	0.869672	0.370715	0.325945
40400	9.336017	0.220845	3.028814	-0.011663	0.007719	-0.004349	-0.305975	-0.113404	0.945261	0.387945	-0.921560	0.015015	0.869413	0.371303	0.325968
40401	9.256092	0.209176	3.064660	-0.020161	0.001855	-0.004722	-0.305946	-0.113394	0.945272	0.387785	-0.921629	0.014952	0.869494	0.371137	0.325941
40402	9.305961	0.191337	3.036424	-0.017368	-0.004659	0.002697	-0.305826	-0.113039	0.945353	0.386671	-0.922098	0.014832	0.870032	0.370077	0.325711
40403	9.284010	0.211714	3.111066	-0.012021	-0.004373	-0.000241	-0.305726	-0.113048	0.945384	0.386596	-0.922131	0.014754	0.870101	0.369992	0.325623
40404	9.247841	0.279804	3.152308	-0.009107	-0.005837	0.001702	-0.305447	-0.112843	0.945499	0.386023	-0.922373	0.014624	0.870453	0.369451	0.325296
40405	9.284843	0.260005	3.144208	-0.004978	-0.005494	0.002917	-0.305325	-0.112876	0.945535	0.386018	-0.922377	0.014538	0.870498	0.369432	0.325197
40406	9.270206	0.257959	3.076507	-0.006683	-0.000360	0.003673	-0.305156	-0.112686	0.945612	0.385405	-0.922635	0.014426	0.870829	0.368846	0.324977
40407	9.260704	0.231349	3.096714	0.000364	-0.003343	0.003405	-0.305051	-0.112732	0.945640	0.385448	-0.922618	0.014353	0.870847	0.368874	0.324898
40408	9.279886	0.283079	3.055896	-0.008023	0.001431	0.007833	-0.304838	-0.113319	0.945639	0.386937	-0.921996	0.014248	0.870260	0.370246	0.324907
40409	9.257308	0.254023	3.096910	-0.003163	0.000011	0.006964	-0.304748	-0.113410	0.945657	0.386961	-0.921988	0.014131	0.870282	0.370238	0.324860
40410	9.240859	0.275591	3.117754	-0.003405	0.001619	0.003553	-0.304643	-0.113582	0.945670	0.387384	-0.921811	0.014078	0.870130	0.370626	0.324823
40411	9.218774	0.296017	3.192877	-0.004619	-0.000188	0.004280	-0.304562	-0.113648	0.945688	0.387387	-0.921811	0.013981	0.870157	0.370606	0.324774
40412	9.217041	0.319157	3.281236	-0.006928	0.003111	0.003687	-0.304310	-0.114049	0.945721	0.388496	-0.921346	0.013899	0.869751	0.371639	0.324682
40413	9.221506	0.244837	3.335484	-0.001102	0.008831	0.005531	-0.304302	-0.114160	0.945710	0.388534	-0.921331	0.013802	0.869737	0.371640	0.324718
40414	9.189548	0.215969	3.255492	0.000843	0.008875	0.002720	-0.304415	-0.114088	0.945683	0.388360	-0.921404	0.013854	0.869775	0.371483	0.324796
40415	9.283491	0.179719	3.253616	-0.005707	-0.005593	0.001574	-0.304297	-0.114109	0.945718	0.388345	-0.921411	0.013779	0.869823	0.371458	0.324696
40416	9.148226	0.160594	3.195271	-0.000980	0.007095	0.005524	-0.304161	-0.114512	0.945713	0.389370	-0.920979	0.013712	0.869412	0.372403	0.324713
40417	9.260725	0.127119	3.118868	-0.010210	0.002994	0.007231	-0.304095	-0.114616	0.945721	0.389334	-0.920997	0.013570	0.869451	0.372328	0.324695
40418	9.260697	0.126288	3.118985	-0.012149	-0.000774	0.003190	-0.304024	-0.114837	0.945718	0.389831	-0.920787	0.013511	0.869253	0.372778	0.324708
40419	9.281069	0.128438	3.132177	-0.010934	0.001032	0.002463	-0.303960	-0.114890	0.945732	0.389774	-0.920813	0.013411	0.869301	0.372699	0.324671
40420	9.260629	0.125165	3.119231	-0.001463	0.003524	0.004168	-0.303765	-0.115205	0.945756	0.390571	-0.920477	0.013321	0.869012	0.373431	0.324604
40421	9.246921	0.221480	3.120151	-0.001824	-0.001781	0.002803	-0.303675	-0.115251	0.945779	0.390594	-0.920468	0.013247	0.869033	0.373439	0.324539
40422	9.247151	0.270684	3.155127	0.013597	0.020132	-0.001157	-0.303821	-0.115224	0.945736	0.390492	-0.920510	0.013296	0.869028	0.373341	0.324664
40423	9.238135	0.319949	3.068919	-0.000851	0.010285	-0.003375	-0.303860	-0.115259	0.945719	0.390505	-0.920505	0.013284	0.869008	0.373345	0.324714
40424	9.317630	0.207043	3.196588	-0.012148	0.014661	-0.004317	-0.303870	-0.115087	0.945737	0.389880	-0.920771	0.013222	0.869285	0.372742	0.324665
40425	9.200699	0.191502	3.064480	-0.013123	0.011244	-0.000180	-0.303905	-0.115154	0.945717	0.389797	-0.920807	0.013140	0.869310	0.372631	0.324724
40426	9.212264	0.117934	3.152958	-0.000621	0.012396	0.006890	-0.303835	-0.115385	0.945712	0.390250	-0.920617	0.013055	0.869131	0.373030	0.324745
40427	9.229085	0.045751	3.188335	0.025844	0.037117	0.010747	-0.304052	-0.115649	0.945610	0.390538	-0.920495	0.012996	0.868926	0.373248	0.325044
40428	9.308916	0.132246	3.048548	0.027181	0.037183	0.010013	-0.304324	-0.115570	0.945532	0.389995	-0.920725	0.012984	0.869075	0.372704	0.325271
40429	9.269597	0.201421	3.006499	0.029735	0.056344	0.004470	-0.304733	-0.115848	0.945366	0.390298	-0.920597	0.012997	0.868795	0.372935	0.325751
40430	9.332352	0.310881	2.889988	0.022095	0.072910	-0.004132	-0.305237	-0.116127	0.945169	0.390603	-0.920467	0.013051	0.868481	0.373170	0.326320
40431	9.368289	0.367547	2.781748	-0.009098	0.082446	-0.015324	-0.305949	-0.116320	0.944915	0.390509	-0.920506	0.013125	0.868273	0.373013	0.327052
40432	9.454070	0.406951	2.646462	-0.046845	0.088019	-0.026302	-0.306493	-0.116318	0.944739	0.389809	-0.920803	0.013092	0.868396	0.372281	0.327561
40433	9.540241	0.298569	2.497359	-0.089573	0.088082	-0.034392	-0.307328	-0.116356	0.944463	0.388958	-0.921163	0.013082	0.868482	0.371377	0.328356
40434	9.593743	0.234703	2.389119	-0.114310	0.075477	-0.043148	-0.307863	-0.116450	0.944277	0.388628	-0.921302	0.013089	0.868440	0.371002	0.328891
40435	9.726968	0.057492	2.406571	-0.133390	0.067233	-0.037732	-0.308530	-0.116378	0.944069	0.387385	-0.921827	0.012965	0.868759	0.369718	0.329494
40436	9.612661	-0.106929	2.438949	-0.130002	0.043368	-0.028341	-0.308901	-0.116287	0.943958	0.386287	-0.922290	0.012791	0.869116	0.368590	0.329816
40437	9.553958	-0.216589	2.597092	-0.097608	0.018370	-0.013777	-0.309050	-0.116254	0.943914	0.385428	-0.922653	0.012558	0.869445	0.367692	0.329953
40438	9.412723	-0.216762	2.856562	-0.042625	-0.006650	0.000712	-0.308957	-0.116007	0.943975	0.384525	-0.923031	0.012419	0.869877	0.366819	0.329784
40439	9.395144	-0.173733	3.052441	-0.000385	-0.018869	0.009516	-0.308692	-0.116053	0.944056	0.384583	-0.923009	0.012287	0.869946	0.366861	0.329557
40440	9.199794	0.016395	3.264696	0.039283	-0.031128	0.023193	-0.308254	-0.116368	0.944160	0.385701	-0.922543	0.012222	0.869606	0.367931	0.329261
40441	9.095301	0.146199	3.440430	0.056272	-0.036676	0.028073	-0.307763	-0.116519	0.944302	0.386309	-0.922290	0.012101	0.869510	0.368516	0.328859
40442	8.987516	0.251589	3.581477	0.065013	-0.042927	0.030489	-0.306931	-0.116795	0.944538	0.387483	-0.921800	0.011930	0.869282	0.369654	0.328185
40443	8.954031	0.367788	3.741591	0.066245	-0.042990	0.026337	-0.306391	-0.116906	0.944700	0.388171	-0.921511	0.011858	0.869165	0.370338	0.327722
40444	8.897027	0.505634	3.888549	0.053981	-0.043921	0.026068	-0.305688	-0.117243	0.944886	0.389589	-0.920913	0.011771	0.868778	0.371716	0.327189
40445	8.865688	0.549629	3.926078	0.043916	-0.039619	0.020952	-0.305198	-0.117315	0.945035	0.390067	-0.920713	0.011676	0.868736	0.372190	0.326760
40446	8.820617	0.542282	3.950583	0.032244	-0.028210	0.023442	-0.304778	-0.117296	0.945173	0.390068	-0.920714	0.011520	0.868883	0.372193	0.326367
40447	8.826038	0.467117	4.001909	0.022869	-0.018234	0.029955	-0.304438	-0.117531	0.945253	0.390390	-0.920581	0.011270	0.868857	0.372448	0.326143
40448	8.765891	0.457050	3.960574	0.017887	-0.015090	0.030822	-0.304077	-0.117629	0.945357	0.390308	-0.920619	0.010993	0.869021	0.372323	0.325851
40449	8.814040	0.412238	3.985271	0.014253	-0.013725	0.027530	-0.303786	-0.117858	0.945423	0.390547	-0.920520	0.010738	0.869015	0.372494	0.325670
40450	8.916780	0.401204	3.874462	0.016927	-0.003085	0.027461	-0.303451	-0.117753	0.945543	0.389773	-0.920852	0.010411	0.869479	0.371706	0.325331
40451	8.944106	0.429412	3.691604	0.007939	0.008489	0.028488	-0.303349	-0.118074	0.945536	0.389960	-0.920776	0.010126	0.869431	0.371793	0.325360
40452	8.943402	0.378424	3.658211	0.020699	0.011089	0.026675	-0.303191	-0.118655	0.945514	0.391158	-0.920270	0.009943	0.868948	0.372860	0.325430
40453	9.163697	0.408140	3.629546	0.031277	0.025746	0.025650	-0.303249	-0.119014	0.945450	0.391540	-0.920109	0.009761	0.868756	0.373141	0.325621
40454	9.168846	0.336115	3.367656	0.028373	0.037704	0.025090	-0.303171	-0.119437	0.945422	0.391942	-0.919941	0.009467	0.868602	0.373421	0.325712
40455	9.222448	0.220464	3.220833	0.029232	0.044699	0.024388	-0.303398	-0.119855	0.945296	0.392303	-0.919789	0.009290	0.868359	0.373661	0.326082
40456	9.308402	0.109991	2.978640	0.025945	0.032225	0.023111	-0.303610	-0.119819	0.945232	0.391510	-0.920129	0.009117	0.868643	0.372836	0.326270
40457	9.368102	-0.054103	2.742211	0.014010	0.019357	0.028293	-0.303601	-0.120178	0.945190	0.391751	-0.920029	0.008854	0.868538	0.372967	0.326402
40458	9.461132	-0.141917	2.707793	0.021262	0.006115	0.033499	-0.303602	-0.120234	0.945182	0.391321	-0.920214	0.008639	0.868731	0.372492	0.326429
40459	9.544377	-0.157402	2.672995	0.036298	-0.001388	0.037762	-0.303376	-0.120603	0.945208	0.391783	-0.920020	0.008359	0.868601	0.372853	0.326362
40460	9.517501	-0.114362	2.659599	0.045144	-0.009397	0.040185	-0.302993	-0.121013	0.945278	0.392611	-0.919669	0.008110	0.868362	0.373584	0.326164
40461	9.461233	-0.050990	2.686711	0.053752	-0.013945	0.042620	-0.302639	-0.121380	0.945345	0.393240	-0.919403	0.007841	0.868201	0.374120	0.325978
40462	9.455024	-0.004930	2.685534	0.054494	-0.017576	0.037115	-0.302351	-0.121693	0.945397	0.394062	-0.919052	0.007725	0.867928	0.374880	0.325830
40463	9.475244	0.045115	2.642852	0.039791	-0.023907	0.034882	-0.301940	-0.121950	0.945495	0.394545	-0.918846	0.007483	0.867852	0.375300	0.325551
40464	9.433895	0.111005	2.735990	0.032167	-0.028314	0.023511	-0.301425	-0.122407	0.945600	0.395890	-0.918269	0.007328	0.867418	0.376563	0.325249
40465	9.445784	0.135376	2.801048	0.021001	-0.025641	0.022532	-0.301047	-0.122544	0.945703	0.396174	-0.918148	0.007141	0.867420	0.376812	0.324955
40466	9.459656	0.135926	2.778050	0.009848	-0.026681	0.014710	-0.300657	-0.122602	0.945819	0.396426	-0.918040	0.007015	0.867440	0.377057	0.324618
40467	9.364681	0.096630	2.885281	0.004265	-0.025343	0.014222	-0.300315	-0.122664	0.945920	0.396540	-0.917992	0.006853	0.867506	0.377153	0.324328
40468	9.355619	0.069411	2.903217	0.003657	-0.027175	0.012874	-0.300060	-0.122650	0.946003	0.396704	-0.917921	0.006821	0.867519	0.377330	0.324087
40469	9.334751	0.138898	3.009971	0.009877	-0.018049	0.012653	-0.299787	-0.122724	0.946079	0.396861	-0.917854	0.006692	0.867542	0.377468	0.323866
40470	9.295859	0.132673	3.070306	0.009677	-0.007800	0.007184	-0.299463	-0.122755	0.946178	0.397072	-0.917764	0.006604	0.867557	0.377679	0.323579
40471	9.273667	0.054792	3.165120	0.011039	0.004625	0.011241	-0.299393	-0.122902	0.946181	0.397235	-0.917694	0.006492	0.867507	0.377800	0.323572
40472	9.201215	0.119037	3.038482	0.013862	0.011664	0.007717	-0.299284	-0.123164	0.946182	0.397834	-0.917435	0.006416	0.867270	0.378344	0.323573
40473	9.208633	0.070155	3.127741	0.011216	0.020171	0.007125	-0.299365	-0.123332	0.946134	0.397986	-0.917369	0.006344	0.867172	0.378448	0.323713
40474	9.234924	0.122948	3.122532	0.019359	0.020691	0.006152	-0.299416	-0.123347	0.946116	0.397921	-0.917398	0.006326	0.867185	0.378373	0.323766
40475	9.257844	0.199951	3.117772	0.025198	0.028234	0.011417	-0.299549	-0.123585	0.946043	0.398207	-0.917274	0.006258	0.867008	0.378595	0.323981
40476	9.274651	0.275808	3.167924	0.028861	0.035487	0.012652	-0.299803	-0.123806	0.945934	0.398437	-0.917175	0.006238	0.866814	0.378765	0.324300
40477	9.230877	0.294289	3.232865	0.021714	0.038368	0.009478	-0.300032	-0.124065	0.945827	0.398687	-0.917066	0.006178	0.866620	0.378942	0.324612
40478	9.290737	0.228937	3.066064	0.000354	0.036657	0.002011	-0.300333	-0.124097	0.945727	0.398252	-0.917256	0.006112	0.866715	0.378473	0.324904
40479	9.288873	0.179385	3.035788	-0.006798	0.041400	0.002255	-0.300617	-0.124301	0.945610	0.398234	-0.917264	0.006027	0.866625	0.378386	0.325246
40480	9.263309	0.052498	3.012535	-0.015435	0.037316	0.001870	-0.300876	-0.124508	0.945501	0.398335	-0.917221	0.005974	0.866489	0.378423	0.325565
40481	9.292914	0.031096	3.062897	-0.015934	0.035609	0.003941	-0.301102	-0.124705	0.945403	0.398243	-0.917261	0.005844	0.866453	0.378259	0.325852
40482	9.252396	0.024917	3.127433	-0.005379	0.031087	0.003584	-0.301213	-0.124698	0.945368	0.397765	-0.917470	0.005718	0.866633	0.377757	0.325955
40483	9.261899	0.000875	3.163708	0.000041	0.024697	0.009563	-0.301323	-0.124905	0.945306	0.397829	-0.917443	0.005587	0.866566	0.377753	0.326138
40484	9.267910	0.050391	3.145367	0.004523	0.017962	0.007363	-0.301501	-0.124527	0.945299	0.396429	-0.918049	0.005503	0.867145	0.376403	0.326159
40485	9.213894	0.141507	3.120402	0.008281	0.011132	0.003819	-0.301516	-0.124631	0.945281	0.396547	-0.917998	0.005453	0.867086	0.376492	0.326213
40486	9.314902	0.154907	3.188274	0.008435	0.018030	0.001756	-0.301658	-0.124580	0.945242	0.396259	-0.918122	0.005453	0.867169	0.376206	0.326325
40487	9.253611	0.146852	3.149571	-0.003980	0.008435	0.000127	-0.301664	-0.124640	0.945232	0.396260	-0.918122	0.005398	0.867166	0.376186	0.326354
40488	9.220865	0.142069	3.245598	-0.008221	0.009846	-0.001100	-0.301605	-0.124706	0.945242	0.396300	-0.918106	0.005325	0.867168	0.376205	0.326327
40489	9.159655	0.133863	3.206646	-0.010400	0.011417	-0.001713	-0.301645	-0.124760	0.945222	0.396240	-0.918132	0.005266	0.867182	0.376123	0.326384
40490	9.183925	0.111778	3.308668	-0.006323	0.004965	0.004998	-0.301712	-0.124568	0.945226	0.395531	-0.918438	0.005213	0.867482	0.375439	0.326374
40491	9.153843	0.180930	3.295811	-0.006594	-0.000201	0.007063	-0.301616	-0.124660	0.945245	0.395530	-0.918439	0.005084	0.867516	0.375406	0.326322
40492	9.121002	0.224740	3.336885	-0.007934	-0.000267	0.007792	-0.301503	-0.124668	0.945280	0.395387	-0.918501	0.004975	0.867620	0.375251	0.326223
40493	9.135188	0.225538	3.404515	-0.007432	0.001435	0.005722	-0.301426	-0.124753	0.945293	0.395375	-0.918507	0.004855	0.867653	0.375209	0.326187
40494	9.129181	0.322478	3.439087	-0.009339	0.008173	0.003044	-0.301323	-0.124589	0.945348	0.394808	-0.918751	0.004759	0.867947	0.374665	0.326029
40495	9.098606	0.293271	3.447067	-0.011015	0.011446	0.000362	-0.301354	-0.124662	0.945328	0.394748	-0.918778	0.004678	0.867963	0.374576	0.326087
40496	9.161587	0.227749	3.454305	-0.007446	0.016713	-0.005234	-0.301413	-0.124589	0.945319	0.394405	-0.918925	0.004645	0.868098	0.374239	0.326114
40497	9.155476	0.153518	3.300348	-0.002127	0.024399	0.005535	-0.301536	-0.124758	0.945257	0.394438	-0.918911	0.004545	0.868041	0.374216	0.326294
40498	9.167291	0.105706	3.248155	-0.006357	0.023952	0.000885	-0.301633	-0.124772	0.945225	0.394186	-0.919020	0.004476	0.868122	0.373944	0.326390
40499	9.086207	0.143590	3.230427	-0.005959	0.012107	0.009772	-0.301632	-0.124934	0.945203	0.394198	-0.919015	0.004323	0.868116	0.373902	0.326454
40500	9.220276	0.061835	3.311559	0.001726	0.019550	0.008832	-0.301789	-0.125035	0.945140	0.394177	-0.919024	0.004284	0.868071	0.373846	0.326638
40501	9.286146	0.168729	3.190694	-0.012146	0.011625	0.007921	-0.301792	-0.125178	0.945120	0.394131	-0.919045	0.004128	0.868091	0.373747	0.326697
40502	9.239301	0.260004	3.199492	-0.013935	0.016629	0.005241	-0.302035	-0.124914	0.945077	0.393058	-0.919504	0.004082	0.868493	0.372704	0.326822
40503	9.271554	0.214596	3.160363	-0.024306	0.024331	-0.003319	-0.302193	-0.125001	0.945015	0.392872	-0.919584	0.003993	0.868522	0.372477	0.327002
40504	9.299954	0.144329	3.087519	-0.032944	0.020253	-0.003722	-0.302135	-0.125049	0.945028	0.392569	-0.919715	0.003809	0.868680	0.372139	0.326968
40505	9.351914	0.052762	3.027803	-0.027077	0.022216	-0.008702	-0.302295	-0.125078	0.944973	0.392342	-0.919812	0.003762	0.868726	0.371890	0.327128
40506	9.363167	0.005338	2.887260	-0.029324	0.018862	-0.000420	-0.302293	-0.125350	0.944937	0.392708	-0.919656	0.003634	0.868562	0.372183	0.327231
40507	9.379169	-0.017843	2.868240	-0.028257	0.013760	0.000913	-0.302342	-0.125437	0.944910	0.392501	-0.919745	0.003492	0.868638	0.371934	0.327311
40508	9.391686	-0.066213	2.814325	-0.026398	-0.001605	0.005636	-0.302035	-0.125400	0.945013	0.392099	-0.919917	0.003249	0.868927	0.371520	0.327016
40509	9.339383	-0.025695	2.929706	-0.017907	-0.006277	0.004676	-0.301895	-0.125447	0.945052	0.391992	-0.919963	0.003105	0.869023	0.371390	0.326906
40510	9.357137	0.049427	2.976742	-0.004916	-0.005341	0.006313	-0.301663	-0.125654	0.945098	0.392592	-0.919708	0.003031	0.868833	0.371952	0.326772
40511	9.344656	0.096051	3.030643	-0.010368	-0.007580	0.002381	-0.301520	-0.125675	0.945141	0.392544	-0.919728	0.002934	0.868904	0.371894	0.326650
40512	9.288418	0.161718	3.058020	-0.008535	-0.003958	0.003009	-0.301368	-0.125698	0.945186	0.392567	-0.919719	0.002857	0.868947	0.371910	0.326519
40513	9.284903	0.086902	3.077908	-0.005579	0.001343	-0.000504	-0.301314	-0.125725	0.945200	0.392552	-0.919725	0.002802	0.868972	0.371885	0.326480
40514	9.251406	0.082040	3.084976	-0.019075	-0.001300	-0.000072	-0.301123	-0.125692	0.945265	0.392344	-0.919815	0.002677	0.869132	0.371675	0.326292
40515	9.248494	0.056079	3.138837	-0.027208	-0.003674	-0.002550	-0.301034	-0.125682	0.945295	0.392135	-0.919904	0.002571	0.869257	0.371458	0.326207
40516	9.251782	0.031203	3.138511	-0.028778	-0.000282	-0.001811	-0.301118	-0.125494	0.945293	0.391514	-0.920168	0.002556	0.869508	0.370866	0.326212
40517	9.181779	-0.003848	3.206760	-0.022088	0.001904	-0.002024	-0.301075	-0.125510	0.945305	0.391352	-0.920238	0.002462	0.869596	0.370688	0.326179
40518	9.186040	0.069795	3.275134	-0.016119	0.003999	-0.003582	-0.300958	-0.125379	0.945359	0.390841	-0.920455	0.002349	0.869867	0.370192	0.326022
40519	9.196415	0.144907	3.289570	-0.013668	0.007596	-0.005024	-0.300976	-0.125388	0.945352	0.390743	-0.920497	0.002311	0.869904	0.370085	0.326042
40520	9.185743	0.168409	3.257137	-0.016420	0.017819	-0.005606	-0.300890	-0.125265	0.945396	0.390147	-0.920750	0.002172	0.870201	0.369497	0.325917
40521	9.188323	0.144407	3.258789	-0.011287	0.021552	-0.008501	-0.301043	-0.125294	0.945344	0.390059	-0.920787	0.002175	0.870188	0.369395	0.326069
40522	9.200108	0.097587	3.206834	-0.015610	0.035164	-0.008343	-0.301361	-0.125327	0.945238	0.389980	-0.920820	0.002244	0.870113	0.369301	0.326374
40523	9.231988	0.053317	3.168817	-0.015495	0.033430	-0.008350	-0.301616	-0.125400	0.945147	0.389856	-0.920873	0.002232	0.870080	0.369144	0.326638
40524	9.136872	0.041190	3.138215	-0.020267	0.022653	-0.008902	-0.301730	-0.125559	0.945090	0.390204	-0.920726	0.002255	0.869885	0.369458	0.326804
40525	9.327832	-0.007773	3.260894	-0.012713	0.033677	-0.006383	-0.301980	-0.125651	0.944997	0.390110	-0.920765	0.002233	0.869840	0.369327	0.327070
40526	9.249049	0.007474	3.155878	-0.012021	0.023294	-0.006424	-0.302075	-0.125750	0.944954	0.390251	-0.920706	0.002229	0.869744	0.369443	0.327196
40527	9.295256	0.014096	3.130196	-0.007827	0.013261	-0.003153	-0.302134	-0.125797	0.944929	0.390210	-0.920723	0.002192	0.869742	0.369383	0.327269
40528	9.277979	0.086194	3.098735	0.008591	0.024910	-0.000219	-0.302214	-0.126019	0.944873	0.390742	-0.920498	0.002209	0.869475	0.369869	0.327429
40529	9.313957	0.116615	3.039642	0.005668	0.015913	-0.003567	-0.302299	-0.126072	0.944839	0.390816	-0.920466	0.002221	0.869413	0.369930	0.327527
40530	9.279969	0.112399	3.048051	-0.004539	0.015219	-0.003253	-0.302180	-0.126220	0.944857	0.391138	-0.920330	0.002148	0.869309	0.370219	0.327475
40531	9.275978	0.037871	3.069200	-0.006388	0.013443	-0.000463	-0.302231	-0.126293	0.944832	0.391117	-0.920339	0.002091	0.869301	0.370172	0.327550
40532	9.312365	0.018197	3.063182	0.004770	0.010770	0.000558	-0.302378	-0.126275	0.944787	0.391040	-0.920371	0.002140	0.869284	0.370097	0.327678
40533	9.251891	0.009814	3.112012	0.013618	0.013239	0.004397	-0.302407	-0.126391	0.944762	0.391208	-0.920300	0.002102	0.869198	0.370234	0.327751
40534	9.275899	0.086330	3.194558	0.016860	0.006575	0.006338	-0.302519	-0.126409	0.944724	0.391273	-0.920272	0.002157	0.869130	0.370298	0.327860
40535	9.245266	0.107400	3.148231	0.017874	0.009985	0.002208	-0.302530	-0.126493	0.944709	0.391472	-0.920188	0.002153	0.869037	0.370479	0.327902
40536	9.275199	0.136496	3.142450	0.017759	0.011713	0.002214	-0.302418	-0.126821	0.944701	0.392510	-0.919745	0.002180	0.868608	0.371463	0.327926
40537	9.254552	0.134211	3.130279	0.007109	0.016092	-0.000876	-0.302493	-0.126899	0.944666	0.392605	-0.919705	0.002171	0.868539	0.371538	0.328025
40538	9.256801	0.111022	3.043555	0.004952	0.015813	-0.004917	-0.302469	-0.127152	0.944640	0.393427	-0.919353	0.002225	0.868175	0.372320	0.328101
40539	9.286641	0.090672	3.092177	-0.002687	0.016988	-0.006052	-0.302573	-0.127186	0.944602	0.393422	-0.919355	0.002233	0.868141	0.372303	0.328210
40540	9.262782	0.063047	3.134169	-0.003798	0.013460	-0.005339	-0.302603	-0.127065	0.944609	0.393005	-0.919534	0.002206	0.868319	0.371904	0.328191
40541	9.288933	0.067127	3.094857	0.000187	0.017358	-0.000664	-0.302689	-0.127151	0.944570	0.393042	-0.919518	0.002172	0.868273	0.371913	0.328303
40542	9.295239	0.068102	3.130395	0.007501	0.019523	-0.002934	-0.302606	-0.127359	0.944568	0.393626	-0.919268	0.002156	0.868037	0.372459	0.328308
40543	9.244574	0.086350	3.159504	0.015974	0.016710	-0.000455	-0.302684	-0.127444	0.944532	0.393800	-0.919193	0.002172	0.867931	0.372614	0.328413
40544	9.224136	0.133571	3.181954	0.016875	0.021846	-0.004581	-0.302723	-0.127597	0.944499	0.394325	-0.918968	0.002238	0.867679	0.373117	0.328508
40545	9.216943	0.182806	3.184241	0.010070	0.021384	-0.004379	-0.302858	-0.127663	0.944447	0.394436	-0.918921	0.002272	0.867581	0.373212	0.328657
40546	9.209680	0.182214	3.240636	0.013220	0.026916	-0.001045	-0.303105	-0.127629	0.944372	0.394130	-0.919052	0.002293	0.867634	0.372900	0.328872
40547	9.209173	0.232047	3.277128	0.010464	0.024811	-0.006440	-0.303277	-0.127689	0.944308	0.394239	-0.919005	0.002347	0.867525	0.372995	0.329054
40548	9.164675	0.202080	3.306597	-0.001318	0.027508	-0.005406	-0.303592	-0.127754	0.944199	0.394315	-0.918972	0.002445	0.867380	0.373054	0.329368
40549	9.187250	0.181056	3.322283	-0.008701	0.023377	-0.009984	-0.303766	-0.127776	0.944140	0.394247	-0.919001	0.002470	0.867350	0.372974	0.329536
40550	9.202948	0.159424	3.304295	-0.000924	0.030935	-0.007466	-0.303944	-0.127764	0.944084	0.394016	-0.919100	0.002469	0.867392	0.372734	0.329696
40551	9.221746	0.113387	3.286661	-0.006527	0.034114	-0.004564	-0.304190	-0.127877	0.943990	0.393984	-0.919114	0.002450	0.867321	0.372662	0.329966
40552	9.183575	0.084453	3.262570	-0.002473	0.032470	-0.010157	-0.304389	-0.127967	0.943913	0.394190	-0.919026	0.002524	0.867157	0.372849	0.330185
40553	9.162434	0.082460	3.251796	-0.005438	0.027172	-0.006657	-0.304583	-0.128034	0.943841	0.394160	-0.919038	0.002528	0.867103	0.372795	0.330389
40554	9.268851	0.047587	3.321610	-0.004005	0.027358	-0.003961	-0.304864	-0.127928	0.943765	0.393693	-0.919238	0.002571	0.867216	0.372337	0.330607
40555	9.133932	0.129098	3.243662	0.001880	0.029332	-0.008915	-0.305085	-0.127983	0.943686	0.393720	-0.919227	0.002620	0.867126	0.372348	0.330832
40556	9.216919	0.165818	3.246495	-0.009160	0.030270	-0.009971	-0.305294	-0.127868	0.943634	0.393297	-0.919407	0.002659	0.867244	0.371941	0.330980
40557	9.235547	0.120083	3.229585	-0.003632	0.049725	-0.010105	-0.305696	-0.127987	0.943488	0.393273	-0.919418	0.002702	0.867114	0.371874	0.331396
40558	9.173820	0.162266	3.139226	-0.017290	0.040184	-0.007684	-0.305873	-0.128347	0.943382	0.394035	-0.919091	0.002716	0.866705	0.372556	0.331698
40559	9.302730	0.056600	3.190432	-0.010100	0.056368	-0.005127	-0.306313	-0.128537	0.943213	0.393970	-0.919119	0.002690	0.866579	0.372422	0.332178
40560	9.287697	0.056230	3.039646	-0.018157	0.050292	-0.014494	-0.306611	-0.128770	0.943084	0.394334	-0.918963	0.002728	0.866308	0.372727	0.332543
40561	9.275865	-0.019078	3.118070	-0.019697	0.045180	-0.008302	-0.306967	-0.128889	0.942952	0.394177	-0.919031	0.002700	0.866254	0.372518	0.332917
40562	9.257453	-0.144090	3.040083	-0.014665	0.043986	-0.002282	-0.307246	-0.129083	0.942835	0.394351	-0.918956	0.002695	0.866076	0.372636	0.333250
40563	9.299859	-0.162728	2.982897	-0.000421	0.038244	0.004171	-0.307492	-0.129291	0.942726	0.394398	-0.918936	0.002614	0.865967	0.372613	0.333558
40564	9.318886	-0.062117	3.068649	0.033657	0.042525	0.010117	-0.307813	-0.129432	0.942602	0.394487	-0.918898	0.002646	0.865813	0.372658	0.333908
40565	9.415876	0.173416	3.013025	0.033525	0.033797	0.008740	-0.308003	-0.129665	0.942508	0.394842	-0.918745	0.002635	0.865583	0.372953	0.334173
40566	9.388336	0.219125	3.002496	0.009972	0.026878	0.005926	-0.307964	-0.129937	0.942483	0.395344	-0.918530	0.002547	0.865368	0.373390	0.334244
40567	9.340438	0.212497	3.032012	-0.002688	0.029232	-0.001269	-0.308154	-0.130062	0.942404	0.395355	-0.918525	0.002510	0.865295	0.373358	0.334467
40568	9.326279	0.210702	3.054312	-0.017589	0.014105	-0.008426	-0.308101	-0.129906	0.942443	0.394785	-0.918770	0.002419	0.865574	0.372808	0.334359
40569	9.285087	0.106280	3.135750	-0.032161	0.006089	-0.010796	-0.308127	-0.129856	0.942441	0.394512	-0.918888	0.002373	0.865689	0.372536	0.334364
40570	9.213891	0.021725	3.257033	-0.028016	-0.002070	-0.004072	-0.307815	-0.129767	0.942555	0.394199	-0.919022	0.002208	0.865943	0.372234	0.334043
40571	9.176752	-0.057927	3.283195	-0.021726	-0.003307	-0.002183	-0.307726	-0.129762	0.942585	0.394043	-0.919090	0.002116	0.866046	0.372070	0.333959
40572	9.163203	-0.011755	3.425029	-0.002704	-0.010582	0.000054	-0.307772	-0.129657	0.942585	0.393938	-0.919134	0.002197	0.866077	0.371996	0.333960
40573	9.079686	0.050419	3.491911	0.018622	-0.010700	0.004293	-0.307593	-0.129683	0.942639	0.394151	-0.919043	0.002179	0.866043	0.372213	0.333806
40574	9.050182	0.169775	3.511936	0.015139	-0.011052	0.000961	-0.307436	-0.129650	0.942695	0.394359	-0.918954	0.002225	0.866005	0.372444	0.333648
40575	9.057129	0.219943	3.579195	0.008616	-0.006366	-0.000916	-0.307315	-0.129645	0.942735	0.394469	-0.918907	0.002222	0.865997	0.372563	0.333535
40576	9.040487	0.193200	3.564999	0.010603	-0.002518	0.006564	-0.307327	-0.129587	0.942739	0.394263	-0.918995	0.002204	0.866087	0.372364	0.333523
40577	8.976638	0.159585	3.578090	0.004080	0.002169	0.004686	-0.307258	-0.129666	0.942751	0.394352	-0.918957	0.002133	0.866071	0.372431	0.333491
40578	9.053608	0.144919	3.598702	0.013854	0.001282	0.009905	-0.307104	-0.129810	0.942781	0.394639	-0.918834	0.002037	0.865995	0.372684	0.333406
40579	9.043644	0.168006	3.565206	0.011564	0.004568	0.009284	-0.307038	-0.129940	0.942785	0.394806	-0.918762	0.001948	0.865942	0.372816	0.333396
40580	9.083896	0.173399	3.504989	0.013389	0.008180	0.009925	-0.307152	-0.129865	0.942758	0.394477	-0.918904	0.001942	0.866052	0.372493	0.333472
40581	9.127326	0.203732	3.479206	0.018502	0.013747	0.010483	-0.307161	-0.130039	0.942731	0.394709	-0.918804	0.001865	0.865943	0.372677	0.333548
40582	9.157487	0.232809	3.385911	0.023250	0.014045	0.009676	-0.307276	-0.130066	0.942690	0.394725	-0.918797	0.001894	0.865895	0.372685	0.333665
40583	9.204094	0.189798	3.326033	0.010467	0.011491	0.011371	-0.307262	-0.130240	0.942670	0.394890	-0.918727	0.001781	0.865825	0.372798	0.333720
40584	9.224128	0.143304	3.218435	-0.000499	0.008743	0.003440	-0.307228	-0.130379	0.942662	0.395123	-0.918627	0.001722	0.865730	0.372996	0.333743
