// General information: 
//  MT Manager version: 2022.2.0 
//  XDA version: 2022.2.0 build 7381 rev 124627 built on 2023-07-19
// Device information: 
//  DeviceId: 00B4CB9F
//  ProductCode: MTW2-3A7G6
//  Firmware Version: 4.6.0
//  Hardware Version: 2.0.0
// Device settings: 
//  Filter Profile: human(46.1)
//  Option Flags: Orientation Smoother Disabled, Position/Velocity Smoother Disabled, Continuous Zero Rotation Update Disabled, AHS Disabled, ICC Disabled
// Coordinate system: ENU
PacketCounter	Acc_X	Acc_Y	Acc_Z	Gyr_X	Gyr_Y	Gyr_Z	Mat[1][1]	Mat[2][1]	Mat[3][1]	Mat[1][2]	Mat[2][2]	Mat[3][2]	Mat[1][3]	Mat[2][3]	Mat[3][3]
42530	8.762852	-0.576513	3.994980	-0.205182	-0.046068	-0.159128	0.390449	0.115300	0.913376	-0.292683	0.956199	0.004411	-0.872861	-0.269052	0.407093
42531	8.718307	-0.682319	4.113113	-0.145586	-0.041921	-0.132673	0.390432	0.114142	0.913529	-0.291228	0.956641	0.004939	-0.873355	-0.267974	0.406745
42532	8.787013	-0.634035	4.387200	-0.112740	-0.023787	-0.114689	0.390501	0.113000	0.913641	-0.289845	0.957058	0.005513	-0.873784	-0.266967	0.406485
42533	8.694625	-0.556459	4.259019	-0.068291	-0.017662	-0.109046	0.390598	0.112090	0.913712	-0.289117	0.957274	0.006159	-0.873982	-0.266576	0.406316
42534	8.619206	-0.466891	4.000343	-0.003961	-0.045397	-0.103899	0.390445	0.110993	0.913911	-0.288726	0.957386	0.007078	-0.874180	-0.266633	0.405853
42535	8.931006	-0.332967	4.091315	0.034966	-0.057870	-0.086755	0.390134	0.109926	0.914173	-0.288513	0.957442	0.007998	-0.874389	-0.266871	0.405246
42536	8.954027	-0.217458	3.661378	0.080299	-0.064404	-0.079618	0.389744	0.109010	0.914449	-0.288954	0.957300	0.009036	-0.874417	-0.267755	0.404601
42537	8.975318	0.038520	3.414430	0.120086	-0.093746	-0.082695	0.389105	0.108269	0.914809	-0.290182	0.956917	0.010173	-0.874295	-0.269419	0.403759
42538	9.180954	0.038494	3.654658	0.089447	-0.103367	-0.085497	0.388393	0.107191	0.915238	-0.290681	0.956753	0.011301	-0.874446	-0.270431	0.402755
42539	9.252006	-0.183648	3.699769	0.086923	-0.110409	-0.088550	0.387618	0.105840	0.915724	-0.290711	0.956730	0.012475	-0.874780	-0.271046	0.401615
42540	9.193199	-0.295894	3.543880	0.141248	-0.123701	-0.078832	0.386709	0.104769	0.916231	-0.291690	0.956414	0.013748	-0.874856	-0.272572	0.400414
42541	8.959524	-0.155058	3.329441	0.180429	-0.136273	-0.077891	0.385700	0.103935	0.916751	-0.293412	0.955867	0.015076	-0.874726	-0.274801	0.399173
42542	9.184903	0.054817	3.462696	0.183189	-0.148800	-0.086118	0.384595	0.102720	0.917352	-0.294732	0.955436	0.016580	-0.874768	-0.276750	0.397731
42543	9.159740	0.167578	3.616225	0.162961	-0.161997	-0.103282	0.383444	0.101444	0.917976	-0.295978	0.955023	0.018094	-0.874853	-0.278639	0.396223
42544	9.156756	0.128681	3.576702	0.138839	-0.191566	-0.116463	0.382057	0.099815	0.918733	-0.296797	0.954738	0.019697	-0.875183	-0.280202	0.394389
42545	9.098602	-0.036407	3.570586	0.118571	-0.211287	-0.117931	0.380521	0.098449	0.919517	-0.297941	0.954351	0.021117	-0.875463	-0.281997	0.392482
42546	9.166452	-0.308289	3.585048	0.148179	-0.213095	-0.105477	0.378913	0.096858	0.920350	-0.298887	0.954020	0.022652	-0.875838	-0.283663	0.390440
42547	9.033019	-0.472622	3.529495	0.217920	-0.221346	-0.088364	0.377196	0.095470	0.921200	-0.300544	0.953460	0.024248	-0.876012	-0.286007	0.388334
42548	8.932745	-0.375896	3.571391	0.311141	-0.243627	-0.075195	0.375232	0.094072	0.922145	-0.303036	0.952621	0.026129	-0.875997	-0.289248	0.385961
42549	8.914636	-0.125088	3.606768	0.350417	-0.250152	-0.077685	0.373244	0.093192	0.923041	-0.306780	0.951368	0.027999	-0.875543	-0.293621	0.383682
42550	8.828620	0.182113	3.613387	0.339359	-0.253701	-0.091834	0.371249	0.091588	0.924005	-0.309459	0.950435	0.030128	-0.875448	-0.297127	0.381191
42551	8.854444	0.442425	3.904908	0.292275	-0.266651	-0.101739	0.369206	0.090183	0.924961	-0.312185	0.949481	0.032038	-0.875344	-0.300587	0.378708
42552	9.018694	0.528213	4.112265	0.206419	-0.276801	-0.117807	0.367095	0.088248	0.925988	-0.313609	0.948947	0.033889	-0.875723	-0.302838	0.376029
42553	8.872453	0.266064	3.847477	0.178529	-0.299143	-0.128002	0.364837	0.086134	0.927079	-0.314630	0.948543	0.035689	-0.876300	-0.304707	0.373164
42554	8.969053	-0.134066	3.800173	0.166746	-0.297504	-0.123846	0.362562	0.084069	0.928160	-0.315691	0.948123	0.037440	-0.876862	-0.306586	0.370294
42555	8.841723	-0.413653	3.456933	0.218704	-0.298291	-0.110213	0.360245	0.082116	0.929236	-0.317155	0.947562	0.039219	-0.877289	-0.308841	0.367398
42556	8.949544	-0.746642	3.342932	0.288616	-0.309554	-0.070413	0.357696	0.080506	0.930361	-0.319485	0.946708	0.040912	-0.877487	-0.311870	0.364354
42557	9.186215	-1.132134	3.786116	0.332259	-0.287128	-0.018105	0.355181	0.079388	0.931420	-0.322159	0.945743	0.042241	-0.877531	-0.315069	0.361486
42558	9.074589	-1.125407	3.841311	0.452697	-0.272736	0.013099	0.352689	0.078664	0.932428	-0.326227	0.944280	0.043731	-0.877033	-0.319606	0.358699
42559	8.964813	-0.348460	3.715794	0.592184	-0.296844	0.027975	0.349951	0.078092	0.933507	-0.331644	0.942307	0.045498	-0.876097	-0.325514	0.355660
42560	8.994031	0.659369	3.683009	0.634890	-0.301641	0.027375	0.347161	0.077376	0.934608	-0.337348	0.940182	0.047471	-0.875029	-0.331768	0.352497
42561	9.008318	1.713637	3.609387	0.606409	-0.312915	-0.014837	0.344416	0.076356	0.935707	-0.342846	0.938079	0.049646	-0.873976	-0.337902	0.349268
42562	9.100506	2.386385	3.448903	0.473698	-0.299267	-0.077234	0.342010	0.074631	0.936728	-0.346769	0.936508	0.051996	-0.873373	-0.342611	0.346175
42563	8.758992	2.310382	3.343663	0.291688	-0.306337	-0.125056	0.339747	0.072941	0.937684	-0.349814	0.935262	0.053995	-0.873042	-0.346360	0.343268
42564	8.955927	1.805495	3.722590	0.095378	-0.264789	-0.156896	0.337926	0.070572	0.938523	-0.350166	0.935026	0.055772	-0.873607	-0.347486	0.340681
42565	8.581188	1.589487	3.669539	0.047708	-0.266394	-0.213499	0.336296	0.067754	0.939316	-0.349994	0.934963	0.057865	-0.874305	-0.348215	0.338137
42566	8.667176	1.792597	3.887482	-0.028060	-0.278034	-0.274282	0.334764	0.064238	0.940110	-0.348879	0.935224	0.060328	-0.875338	-0.348180	0.335490
42567	8.696776	1.874586	3.989951	-0.183572	-0.268364	-0.319951	0.333497	0.060644	0.940799	-0.346754	0.935865	0.062592	-0.876665	-0.347101	0.333137
42568	8.858046	1.412801	4.211335	-0.326366	-0.261896	-0.343109	0.332323	0.056543	0.941469	-0.342799	0.937177	0.064717	-0.878664	-0.344242	0.330829
42569	8.836505	0.622126	3.977608	-0.384266	-0.257478	-0.345717	0.331222	0.052702	0.942080	-0.338715	0.938530	0.066584	-0.880661	-0.341151	0.328712
42570	8.928672	-0.259112	3.764720	-0.345136	-0.255496	-0.316108	0.329976	0.048884	0.942723	-0.334679	0.939846	0.068411	-0.882670	-0.338083	0.326487
42571	9.198464	-0.538158	3.825636	-0.256161	-0.210263	-0.268663	0.328958	0.045588	0.943243	-0.331322	0.940912	0.070074	-0.884314	-0.335569	0.324625
42572	9.165257	-0.356824	3.354035	-0.123812	-0.194656	-0.219231	0.327902	0.042892	0.943737	-0.329559	0.941407	0.071720	-0.885365	-0.334534	0.322825
42573	8.971857	-0.105845	3.542091	-0.004170	-0.198046	-0.164484	0.326692	0.041061	0.944238	-0.329640	0.941271	0.073119	-0.885782	-0.335146	0.321041
42574	9.055175	0.678509	3.852159	0.106773	-0.205610	-0.124226	0.325223	0.039221	0.944824	-0.330233	0.940946	0.074612	-0.886102	-0.336277	0.318969
42575	9.439309	1.723272	3.989956	0.112889	-0.198539	-0.120605	0.323856	0.037656	0.945357	-0.331185	0.940501	0.075994	-0.886247	-0.337699	0.317058
42576	9.080274	2.420322	3.307869	0.118907	-0.210218	-0.131895	0.322372	0.035724	0.945939	-0.331866	0.940130	0.077594	-0.886533	-0.338939	0.314927
42577	9.116628	2.493851	2.736401	0.102951	-0.271747	-0.142898	0.320415	0.033653	0.946679	-0.332618	0.939733	0.079173	-0.886961	-0.340250	0.312298
42578	9.270359	2.076164	2.077318	0.076361	-0.324997	-0.139644	0.317938	0.031253	0.947596	-0.332903	0.939501	0.080710	-0.887745	-0.341118	0.309107
42579	9.602129	1.361091	2.254392	-0.001621	-0.330150	-0.121525	0.315393	0.029203	0.948512	-0.332880	0.939418	0.081764	-0.888661	-0.341528	0.306007
42580	9.435890	0.989548	2.357401	0.011389	-0.334695	-0.108657	0.312721	0.027059	0.949460	-0.332693	0.939393	0.082806	-0.889675	-0.341774	0.302770
42581	9.301772	1.183766	2.655948	0.035184	-0.365890	-0.097861	0.309765	0.024989	0.950485	-0.332813	0.939265	0.083770	-0.890664	-0.342283	0.299268
42582	9.541187	1.368904	3.062695	-0.004518	-0.372919	-0.092581	0.306691	0.022863	0.951534	-0.332541	0.939286	0.084613	-0.891828	-0.342374	0.295673
42583	9.294494	1.362627	2.871501	-0.059149	-0.356830	-0.090981	0.303756	0.020828	0.952522	-0.331768	0.939501	0.085256	-0.893120	-0.341913	0.292289
42584	9.074944	1.016089	3.003417	-0.100605	-0.370278	-0.072073	0.300627	0.018907	0.953554	-0.330704	0.939842	0.085626	-0.894571	-0.341086	0.288794
42585	9.158123	0.758827	3.166359	-0.133977	-0.354639	-0.042362	0.297601	0.017566	0.954529	-0.329858	0.940147	0.085541	-0.895895	-0.340316	0.285583
42586	9.161912	0.749060	3.194306	-0.147973	-0.341687	-0.028050	0.294571	0.016162	0.955493	-0.328502	0.940638	0.085364	-0.897393	-0.339027	0.282394
42587	8.963037	0.765172	3.142723	-0.149279	-0.344599	-0.028837	0.291624	0.015078	0.956414	-0.327689	0.940947	0.085083	-0.898652	-0.338219	0.279343
42588	8.733667	0.945201	2.909763	-0.127003	-0.363008	-0.025196	0.288384	0.013636	0.957418	-0.326528	0.941363	0.084946	-0.900119	-0.337121	0.275926
42589	8.862226	1.053903	2.815044	-0.109507	-0.406320	-0.024864	0.284809	0.012270	0.958506	-0.325911	0.941591	0.084787	-0.901480	-0.336536	0.272172
42590	9.055466	0.884974	3.027010	-0.136766	-0.405232	-0.028108	0.281186	0.010665	0.959594	-0.324651	0.942037	0.084661	-0.903070	-0.335339	0.268350
42591	8.955520	0.749358	3.334962	-0.135511	-0.402979	-0.030730	0.277579	0.008991	0.960661	-0.323192	0.942547	0.084564	-0.904708	-0.333951	0.264537
42592	8.668645	0.705453	3.527236	-0.086638	-0.423296	-0.024047	0.273766	0.007374	0.961768	-0.322396	0.942822	0.084541	-0.906153	-0.333215	0.260490
42593	8.577020	0.788526	3.907856	-0.053307	-0.460656	-0.000249	0.269509	0.005741	0.962981	-0.321614	0.943103	0.084387	-0.907706	-0.332451	0.256021
42594	8.887723	0.594500	4.461525	-0.066642	-0.457123	0.022842	0.265225	0.004460	0.964176	-0.321123	0.943307	0.083971	-0.909140	-0.331891	0.251621
42595	8.710596	0.382543	4.189807	0.003889	-0.481364	0.045583	0.260666	0.003348	0.965423	-0.321307	0.943288	0.083482	-0.910393	-0.331958	0.246959
42596	8.861614	0.060490	4.076108	0.070487	-0.527502	0.083293	0.255535	0.002403	0.966797	-0.322219	0.943035	0.082822	-0.911525	-0.332684	0.241753
42597	9.002874	-0.230453	4.024029	0.124003	-0.532958	0.124331	0.250308	0.002117	0.968164	-0.324359	0.942391	0.081799	-0.912215	-0.334508	0.236574
42598	9.025901	-0.482307	4.282798	0.155092	-0.534411	0.161515	0.244847	0.001869	0.969560	-0.326229	0.941851	0.080568	-0.913030	-0.336026	0.231219
42599	9.080122	-0.537736	4.795078	0.206332	-0.545982	0.191796	0.239184	0.001847	0.970973	-0.328483	0.941190	0.079126	-0.913723	-0.337874	0.225724
42600	8.972328	-0.352526	5.100779	0.262963	-0.543444	0.218268	0.233438	0.002080	0.972369	-0.331457	0.940277	0.077562	-0.914135	-0.340404	0.220186
42601	9.147097	0.329033	5.692091	0.353176	-0.571182	0.259786	0.227380	0.002820	0.973802	-0.335777	0.938896	0.075684	-0.914085	-0.344189	0.214433
42602	10.174843	1.958855	6.885465	0.472166	-0.587285	0.263645	0.221062	0.003281	0.975254	-0.340737	0.937235	0.074083	-0.913799	-0.348682	0.208305
42603	11.898272	2.812158	7.604306	0.377399	-0.519851	0.236359	0.215544	0.003936	0.976486	-0.345219	0.935723	0.072430	-0.913436	-0.352714	0.203048
42604	11.961771	0.600646	7.548689	0.016149	-0.338846	0.241495	0.211554	0.005022	0.977353	-0.345937	0.935638	0.070072	-0.914097	-0.352926	0.199675
42605	10.430039	-2.250307	7.818391	-0.187948	-0.154303	0.340390	0.208962	0.007826	0.977892	-0.345243	0.936170	0.066282	-0.914955	-0.351461	0.198326
42606	9.611244	-2.855711	8.589560	-0.072906	-0.045347	0.458204	0.206906	0.011979	0.978288	-0.345583	0.936363	0.061624	-0.915294	-0.350830	0.197878
42607	9.440226	-1.528221	9.434576	0.096580	0.070749	0.528927	0.205688	0.017250	0.978466	-0.347562	0.935949	0.056562	-0.914819	-0.351712	0.198509
42608	9.267262	0.159122	10.086896	0.063073	0.210697	0.534558	0.205693	0.023016	0.978346	-0.349293	0.935601	0.051427	-0.914158	-0.352307	0.200486
42609	9.263079	1.313840	10.264757	-0.176065	0.337881	0.503593	0.207029	0.029160	0.977900	-0.349260	0.935894	0.046034	-0.913869	-0.351072	0.203942
42610	9.451186	1.780667	10.611805	-0.524214	0.450704	0.447472	0.209537	0.034945	0.977176	-0.345454	0.937559	0.040547	-0.914744	-0.346066	0.208525
42611	9.420431	1.700086	9.731983	-0.881458	0.609729	0.391532	0.213783	0.040956	0.976022	-0.338752	0.940234	0.034745	-0.916266	-0.338057	0.214880
42612	9.048035	1.477274	8.090633	-1.018222	0.709086	0.379630	0.218958	0.046918	0.974606	-0.330290	0.943441	0.028787	-0.918132	-0.328205	0.222070
42613	9.217772	1.417505	6.729360	-1.027303	0.785180	0.425092	0.224782	0.053704	0.972928	-0.322320	0.946370	0.022229	-0.919556	-0.318591	0.230037
42614	9.478789	1.238294	5.826604	-0.975367	0.886942	0.488451	0.231329	0.061142	0.970952	-0.314516	0.949131	0.015165	-0.920634	-0.308889	0.238792
42615	9.651906	1.066306	4.882127	-0.759786	0.957941	0.511132	0.238589	0.069409	0.968637	-0.309897	0.950735	0.008206	-0.920347	-0.302136	0.248344
42616	9.841830	1.179293	4.171231	-0.415239	0.934166	0.490480	0.245611	0.076903	0.966313	-0.307324	0.951602	0.002382	-0.919363	-0.297556	0.257358
42617	10.237308	1.731639	3.973974	-0.156948	0.839580	0.407142	0.252062	0.083428	0.964108	-0.307170	0.951652	-0.002042	-0.917666	-0.295630	0.265502
42618	10.785776	2.569172	3.676625	-0.082085	0.719625	0.269338	0.257776	0.088142	0.962176	-0.307163	0.951644	-0.004885	-0.916080	-0.294286	0.272385
42619	11.435989	3.333838	2.944343	-0.183506	0.639537	0.114665	0.263264	0.091361	0.960388	-0.306377	0.951888	-0.006567	-0.914781	-0.292512	0.278589
42620	11.767381	3.551484	0.750367	-0.407984	0.594353	0.034079	0.268539	0.093440	0.958726	-0.302796	0.953021	-0.008070	-0.914440	-0.288131	0.284217
42621	12.091802	3.032195	-1.169424	-0.486546	0.630022	0.021160	0.274209	0.095701	0.956896	-0.299096	0.954174	-0.009720	-0.913976	-0.283539	0.290266
42622	12.498505	3.115687	-1.650661	-0.592107	0.810313	0.041541	0.281433	0.098399	0.954522	-0.293862	0.955774	-0.011885	-0.913477	-0.277153	0.297902
42623	12.757654	2.744579	-2.000238	-0.750362	1.053418	0.052478	0.290862	0.101859	0.951327	-0.287450	0.957684	-0.014654	-0.912563	-0.269196	0.307834
42624	12.531076	2.211484	-1.514742	-0.943227	1.279791	0.031321	0.302390	0.105570	0.947320	-0.279003	0.960123	-0.017937	-0.911437	-0.258881	0.319785
42625	11.816246	1.178010	-0.729205	-1.275095	1.461847	0.007019	0.315665	0.109543	0.942526	-0.267944	0.963179	-0.022206	-0.910254	-0.245534	0.333393
42626	10.953748	-0.228660	-0.264557	-1.492997	1.550172	0.009373	0.329688	0.113348	0.937261	-0.254456	0.966696	-0.027401	-0.909152	-0.229457	0.347550
42627	10.426882	-1.152171	-0.278457	-1.456204	1.545588	0.026980	0.343605	0.117203	0.931772	-0.241865	0.969756	-0.032789	-0.907434	-0.214097	0.361560
42628	10.212731	-1.795057	-0.312889	-1.346751	1.522513	0.060477	0.357209	0.120971	0.926158	-0.229936	0.972451	-0.038334	-0.905280	-0.199264	0.375183
42629	10.040504	-1.945803	-0.333053	-1.157083	1.477468	0.063138	0.370365	0.124828	0.920461	-0.220610	0.974397	-0.043376	-0.902309	-0.186998	0.388421
42630	9.988797	-1.425742	-0.556894	-1.033407	1.389396	0.051739	0.382717	0.127885	0.914972	-0.211563	0.976188	-0.047948	-0.899316	-0.175224	0.400659
42631	10.125321	-0.704291	-0.591174	-0.977786	1.278591	0.046169	0.394047	0.130529	0.909774	-0.203123	0.977755	-0.052305	-0.896364	-0.164185	0.411795
42632	10.106144	-0.459476	-0.691044	-0.968398	1.234606	0.029938	0.404985	0.132818	0.904625	-0.194644	0.979238	-0.056634	-0.893365	-0.153144	0.422429
42633	9.541031	-0.342370	-0.760812	-0.879802	1.252666	-0.023096	0.416149	0.134591	0.899280	-0.187035	0.980507	-0.060197	-0.889853	-0.143146	0.433210
42634	8.875045	0.171961	-0.791119	-0.771516	1.245055	-0.091330	0.427322	0.135459	0.893894	-0.179867	0.981686	-0.062778	-0.886027	-0.133956	0.443860
42635	8.479857	0.629368	-1.099053	-0.730234	1.202095	-0.155366	0.438146	0.135476	0.888636	-0.172906	0.982819	-0.064583	-0.882118	-0.125354	0.454042
42636	8.092686	0.885065	-1.368862	-0.694432	1.171016	-0.188313	0.448722	0.135083	0.883403	-0.166028	0.983902	-0.066117	-0.878113	-0.117002	0.463926
42637	7.729464	0.892089	-1.344402	-0.685568	1.130694	-0.192124	0.458894	0.134394	0.878268	-0.159114	0.984944	-0.067581	-0.874128	-0.108732	0.473369
42638	7.359158	0.429489	-1.372386	-0.683360	1.105459	-0.166593	0.468746	0.133950	0.873118	-0.152452	0.985871	-0.069402	-0.870078	-0.100576	0.482544
42639	6.984820	-0.224950	-1.017719	-0.643648	1.059204	-0.149790	0.478045	0.133704	0.868099	-0.146773	0.986609	-0.071132	-0.865985	-0.093409	0.491268
42640	6.669780	-1.129324	-0.242537	-0.640657	0.971887	-0.137032	0.486593	0.133264	0.863405	-0.140647	0.987355	-0.073130	-0.862233	-0.085851	0.499183
42641	6.509007	-2.032005	0.742749	-0.604519	0.840347	-0.165338	0.494003	0.132085	0.859368	-0.134382	0.988116	-0.074625	-0.859012	-0.078618	0.505882
42642	6.858620	-2.998412	1.842162	-0.560922	0.666590	-0.173386	0.499903	0.130916	0.856130	-0.128780	0.988757	-0.076001	-0.856454	-0.072259	0.511141
42643	7.684657	-4.063688	2.748388	-0.435115	0.608894	-0.095611	0.505142	0.130649	0.853090	-0.125097	0.989120	-0.077408	-0.853922	-0.067617	0.515990
42644	8.267206	-4.335175	3.396719	-0.172209	0.698528	0.000153	0.511049	0.131156	0.849486	-0.123702	0.989224	-0.078313	-0.850604	-0.065061	0.521766
42645	8.014950	-4.479344	4.011434	0.123342	0.756008	0.064976	0.517298	0.132555	0.845477	-0.125594	0.988994	-0.078212	-0.846539	-0.065728	0.528253
42646	6.873723	-3.078232	3.563375	0.407076	0.596022	0.030455	0.522249	0.133300	0.842311	-0.129263	0.988669	-0.076316	-0.842940	-0.069024	0.533562
42647	6.760070	-0.633729	4.646893	0.510806	0.418134	-0.059032	0.525780	0.133173	0.840131	-0.133520	0.988346	-0.073107	-0.840076	-0.073736	0.537434
42648	7.224103	0.759918	5.934638	0.590872	0.405091	-0.137049	0.529318	0.132171	0.838065	-0.137825	0.988066	-0.068778	-0.837154	-0.079101	0.541217
42649	7.205626	1.960587	6.534964	0.448940	0.373121	-0.210909	0.532662	0.130491	0.836208	-0.140644	0.987952	-0.064581	-0.834560	-0.083208	0.544597
42650	7.072578	2.805065	6.989093	-0.010885	0.327047	-0.281121	0.535736	0.128027	0.834623	-0.139124	0.988313	-0.062300	-0.832845	-0.082740	0.547287
42651	6.452462	2.215001	7.217043	-0.449275	0.347026	-0.319692	0.539013	0.125205	0.832939	-0.133762	0.989065	-0.062113	-0.831608	-0.077935	0.549867
42652	5.665137	0.537384	7.684202	-0.655162	0.293129	-0.335701	0.541842	0.122145	0.831558	-0.126575	0.989959	-0.062936	-0.830895	-0.071153	0.551861
42653	6.337697	-1.443984	7.655277	-0.699194	0.234475	-0.313387	0.544115	0.119551	0.830449	-0.119615	0.990739	-0.064254	-0.830440	-0.064373	0.553376
42654	6.610040	-3.383393	6.907737	-0.525861	0.254914	-0.230364	0.546456	0.117468	0.829209	-0.114067	0.991327	-0.065263	-0.829683	-0.058922	0.555116
42655	5.838394	-4.673890	5.478579	-0.153066	0.104878	-0.165124	0.547456	0.116094	0.828742	-0.112214	0.991570	-0.064777	-0.829276	-0.057534	0.555869
42656	5.920072	-4.713551	4.493494	0.303852	-0.149851	-0.157597	0.546347	0.114487	0.829697	-0.113946	0.991564	-0.061790	-0.829771	-0.060782	0.554784
42657	6.464678	-3.455879	3.862177	0.670396	-0.368497	-0.142621	0.543408	0.112887	0.831844	-0.118798	0.991286	-0.056919	-0.831020	-0.067891	0.552084
42658	8.044798	-2.341527	4.372771	0.803196	-0.578848	-0.143787	0.538722	0.111088	0.835127	-0.124777	0.990857	-0.051312	-0.833192	-0.076562	0.547658
42659	6.674386	0.050254	4.562642	0.855254	-0.553133	-0.264440	0.534403	0.108145	0.838283	-0.130645	0.990431	-0.044487	-0.835072	-0.085743	0.543418
42660	6.557561	2.177236	4.558731	0.760824	-0.751210	-0.377938	0.528575	0.103769	0.842520	-0.135075	0.990137	-0.037208	-0.838071	-0.094136	0.537378
42661	9.665226	3.225440	4.515071	0.443719	-0.870489	-0.421991	0.521782	0.098784	0.847340	-0.136632	0.990127	-0.031294	-0.842066	-0.099445	0.530128
42662	13.342186	3.898116	8.864051	-0.090543	-0.768441	-0.544655	0.515984	0.092668	0.851571	-0.133115	0.990729	-0.027154	-0.846192	-0.099346	0.523536
42663	12.885736	3.220103	16.367435	-1.044361	-0.383952	-0.848794	0.513749	0.083838	0.853834	-0.119819	0.992472	-0.025356	-0.849532	-0.089279	0.519927
42664	8.949194	-1.392548	16.384771	-1.917997	-0.229536	-1.090580	0.512938	0.072861	0.855328	-0.097968	0.994850	-0.025995	-0.852817	-0.070461	0.517434
42665	6.291727	-6.820652	8.541964	-1.570508	-0.471974	-1.016883	0.509776	0.062565	0.858029	-0.079525	0.996509	-0.025414	-0.856624	-0.055279	0.512972
42666	6.775939	-7.462936	0.499417	-0.413023	-0.745966	-0.707092	0.503864	0.055162	0.862020	-0.072469	0.997140	-0.021449	-0.860737	-0.051662	0.506421
42667	9.795756	-3.792861	-2.075812	0.465305	-0.718921	-0.412300	0.497921	0.050762	0.865736	-0.074553	0.997095	-0.015586	-0.864012	-0.056782	0.500259
42668	9.770864	0.302969	-0.292981	0.682319	-0.647312	-0.332762	0.492530	0.047098	0.869020	-0.078883	0.996840	-0.009317	-0.866713	-0.063962	0.494689
42669	9.893723	1.127089	1.068042	0.510209	-0.703083	-0.414603	0.486716	0.042666	0.872518	-0.081515	0.996667	-0.003266	-0.869749	-0.069534	0.488572
42670	9.545371	0.268618	1.743341	0.390972	-0.739897	-0.493817	0.480629	0.037258	0.876132	-0.082608	0.996578	0.002936	-0.873024	-0.073787	0.482063
42671	10.033281	0.425517	2.397057	0.415848	-0.781187	-0.534275	0.474199	0.031457	0.879855	-0.083840	0.996433	0.009560	-0.876417	-0.078300	0.475145
42672	9.994831	1.109427	3.269826	0.335843	-0.756474	-0.565280	0.467987	0.025263	0.883374	-0.084200	0.996319	0.016114	-0.879715	-0.081921	0.468391
42673	9.190725	1.507120	3.546454	0.200709	-0.752530	-0.561576	0.461783	0.019180	0.886786	-0.083546	0.996262	0.021958	-0.883050	-0.084227	0.461659
42674	9.374673	1.541673	3.427353	0.042114	-0.721649	-0.496012	0.455763	0.013672	0.889996	-0.081717	0.996302	0.026542	-0.886342	-0.084825	0.455195
42675	9.365956	0.992360	3.510278	-0.103195	-0.671467	-0.460823	0.450136	0.008646	0.892918	-0.078890	0.996428	0.030122	-0.889468	-0.084002	0.449210
42676	9.285707	-0.489070	3.800915	-0.172560	-0.623161	-0.435710	0.444875	0.003829	0.895585	-0.075477	0.996594	0.033232	-0.892407	-0.082380	0.443648
42677	8.960108	-1.547680	3.573357	0.050270	-0.624932	-0.365183	0.439516	-0.000242	0.898235	-0.074420	0.996552	0.036683	-0.895147	-0.082970	0.437982
42678	8.974459	-0.751712	3.794750	0.366100	-0.606188	-0.278937	0.434247	-0.003491	0.900787	-0.076557	0.996231	0.040768	-0.897535	-0.086665	0.432343
42679	9.180066	0.674566	4.084863	0.484146	-0.582353	-0.220291	0.429114	-0.006211	0.903229	-0.079921	0.995793	0.044817	-0.899707	-0.091419	0.426813
42680	9.273511	1.497750	3.541502	0.428508	-0.553731	-0.183103	0.424230	-0.008509	0.905514	-0.083073	0.995374	0.048273	-0.901736	-0.095703	0.421561
42681	9.101250	1.975227	3.020911	0.421257	-0.583785	-0.188553	0.419072	-0.010860	0.907888	-0.086211	0.994935	0.051695	-0.903851	-0.099934	0.416013
42682	9.464711	2.192783	2.736895	0.316019	-0.579866	-0.212155	0.413963	-0.013516	0.910193	-0.088261	0.994583	0.054911	-0.906005	-0.103065	0.410528
42683	9.404196	2.048549	2.437144	0.203977	-0.597970	-0.247123	0.408711	-0.016497	0.912515	-0.089239	0.994323	0.057946	-0.908290	-0.105115	0.404919
42684	9.443001	1.181390	2.700721	0.095101	-0.593947	-0.239035	0.403476	-0.019458	0.914783	-0.089207	0.994174	0.060493	-0.910631	-0.106012	0.399390
42685	9.209898	0.152633	2.881102	0.119333	-0.589573	-0.196954	0.398228	-0.021967	0.917023	-0.089613	0.993999	0.062726	-0.912898	-0.107156	0.393870
42686	9.117051	-0.257301	3.188652	0.278967	-0.625422	-0.151059	0.392602	-0.024104	0.919393	-0.091638	0.993657	0.065183	-0.915132	-0.109843	0.387903
42687	9.178079	0.111197	3.545791	0.386912	-0.614064	-0.105729	0.387011	-0.025805	0.921714	-0.094814	0.993196	0.067617	-0.917188	-0.113560	0.381931
42688	8.817510	0.980307	3.667075	0.503520	-0.620552	-0.074228	0.381338	-0.027220	0.924035	-0.099225	0.992587	0.070188	-0.919095	-0.118453	0.375810
42689	8.641578	1.778062	4.172133	0.491149	-0.619374	-0.060925	0.375640	-0.028529	0.926326	-0.103568	0.991973	0.072549	-0.920960	-0.123190	0.369670
42690	8.459943	2.243266	4.697683	0.375824	-0.580487	-0.076609	0.370322	-0.029973	0.928420	-0.106819	0.991475	0.074615	-0.922741	-0.126804	0.363963
42691	8.458732	2.607572	5.073123	0.268631	-0.570710	-0.109138	0.365119	-0.031717	0.930420	-0.108995	0.991090	0.076557	-0.924558	-0.129364	0.358409
42692	8.389717	2.756534	5.034449	0.166520	-0.551682	-0.160009	0.360140	-0.033979	0.932279	-0.110028	0.990814	0.078616	-0.926387	-0.130890	0.353094
42693	8.394714	2.261665	4.290117	0.100946	-0.580222	-0.194560	0.354903	-0.036665	0.934184	-0.110272	0.990614	0.080773	-0.928377	-0.131681	0.347529
42694	8.540641	1.568865	3.914687	0.019706	-0.573314	-0.192301	0.349738	-0.039284	0.936024	-0.109849	0.990509	0.082615	-0.930385	-0.131715	0.342103
42695	8.878658	1.030527	3.775027	-0.030096	-0.539298	-0.164836	0.344836	-0.041584	0.937742	-0.109085	0.990474	0.084036	-0.932303	-0.131272	0.337014
42696	8.838788	0.725290	3.470850	-0.045161	-0.523533	-0.144787	0.340058	-0.043662	0.939390	-0.108239	0.990466	0.085219	-0.934154	-0.130658	0.332090
42697	8.952228	0.779144	3.085870	-0.013364	-0.528256	-0.139229	0.335231	-0.045658	0.941029	-0.107753	0.990413	0.086440	-0.935954	-0.130376	0.327097
42698	9.273666	0.950511	2.153447	0.091854	-0.573779	-0.129215	0.329946	-0.047646	0.942797	-0.108256	0.990227	0.087929	-0.937772	-0.131075	0.321564
42699	9.689245	1.074285	1.933385	0.109408	-0.575277	-0.122250	0.324609	-0.049596	0.944547	-0.108932	0.990019	0.089420	-0.939554	-0.131918	0.315967
42700	9.869132	0.649467	1.915077	0.068947	-0.546340	-0.102219	0.319534	-0.051289	0.946186	-0.109323	0.989871	0.090576	-0.941247	-0.132382	0.310690
42701	9.405577	0.083697	1.953920	0.095984	-0.549015	-0.060826	0.314359	-0.052613	0.947845	-0.110040	0.989713	0.091433	-0.942905	-0.133044	0.305335
42702	9.362551	0.057364	2.562809	0.163786	-0.569494	-0.005446	0.308941	-0.053387	0.949582	-0.111640	0.989485	0.091952	-0.944506	-0.134419	0.299732
42703	9.114875	0.704209	2.608858	0.280144	-0.613358	0.016365	0.303059	-0.054027	0.951439	-0.114397	0.989109	0.092605	-0.946080	-0.136907	0.293578
42704	8.842820	1.300222	3.101166	0.278962	-0.647452	0.005685	0.296872	-0.054825	0.953342	-0.117126	0.988722	0.093333	-0.947707	-0.139369	0.287103
42705	8.753530	1.738769	3.423909	0.247615	-0.696145	-0.000686	0.290198	-0.055795	0.955339	-0.119486	0.988374	0.094020	-0.949478	-0.141434	0.280158
42706	8.749042	2.057728	3.949153	0.150818	-0.727168	-0.043979	0.283290	-0.057222	0.957326	-0.120863	0.988129	0.094829	-0.951388	-0.142570	0.273011
42707	8.789285	2.033997	4.224283	0.057361	-0.743227	-0.077191	0.276247	-0.059009	0.959273	-0.121243	0.988000	0.095691	-0.953408	-0.142739	0.265778
42708	8.944600	1.464009	4.337007	-0.022382	-0.759695	-0.089980	0.269055	-0.060940	0.961195	-0.120853	0.987972	0.096466	-0.955512	-0.142118	0.258454
42709	8.699918	0.387336	4.540668	-0.060342	-0.750211	-0.062859	0.261906	-0.062576	0.963063	-0.120181	0.988014	0.096880	-0.957581	-0.141115	0.251246
42710	8.407438	-0.238441	4.858739	0.014903	-0.735448	-0.005844	0.254813	-0.063630	0.964895	-0.120377	0.987984	0.096942	-0.959469	-0.140853	0.244091
42711	8.517262	0.001421	5.224752	0.169724	-0.708846	0.042100	0.247909	-0.064162	0.966656	-0.122203	0.987763	0.096904	-0.961045	-0.142152	0.237035
42712	8.758960	0.251467	5.360481	0.307120	-0.712701	0.078793	0.240907	-0.064366	0.968412	-0.125418	0.987368	0.096825	-0.962411	-0.144782	0.229791
42713	8.759425	0.255157	5.336643	0.387914	-0.701679	0.104097	0.233957	-0.064328	0.970117	-0.129454	0.986863	0.096658	-0.963590	-0.148200	0.222556
42714	8.922108	0.342468	5.751402	0.465418	-0.714451	0.135685	0.226839	-0.064023	0.971826	-0.134322	0.986245	0.096325	-0.964625	-0.152388	0.215119
42715	9.310002	0.607088	6.633767	0.504973	-0.704806	0.161223	0.219737	-0.063510	0.973490	-0.139580	0.985565	0.095804	-0.965522	-0.156931	0.207700
42716	9.873787	1.236907	8.161004	0.530099	-0.673750	0.166160	0.212941	-0.062907	0.975038	-0.145127	0.984819	0.095232	-0.966227	-0.161783	0.200579
42717	11.845913	2.040603	9.420443	0.493340	-0.595609	0.169656	0.206884	-0.062153	0.976389	-0.150330	0.984109	0.094498	-0.966747	-0.166331	0.194253
42718	13.776679	1.293477	10.086087	0.245334	-0.321225	0.175037	0.203460	-0.060930	0.977186	-0.153129	0.983799	0.093225	-0.967034	-0.168603	0.190834
42719	12.390044	-1.215509	10.453386	-0.182405	0.104120	0.207527	0.204098	-0.058676	0.977190	-0.151881	0.984217	0.090820	-0.967097	-0.166953	0.191965
42720	10.309772	-2.992839	11.161392	-0.558440	0.397831	0.346033	0.207376	-0.054575	0.976738	-0.147259	0.985324	0.086320	-0.967114	-0.161735	0.196296
42721	9.786025	-3.145730	11.590440	-0.648576	0.588312	0.550123	0.212238	-0.048130	0.976032	-0.142288	0.986620	0.079593	-0.966804	-0.155771	0.202550
42722	9.581336	-2.399791	12.143377	-0.525434	0.779710	0.714002	0.218717	-0.039846	0.974974	-0.138817	0.987733	0.071508	-0.965864	-0.150983	0.210503
42723	9.478439	-1.390599	12.483471	-0.358243	0.942741	0.807711	0.226679	-0.030331	0.973497	-0.137348	0.988531	0.062781	-0.964237	-0.147939	0.219914
42724	9.480952	-0.468752	11.441798	-0.301959	1.135536	0.844645	0.236408	-0.020273	0.971442	-0.136463	0.989180	0.053853	-0.962023	-0.145297	0.231084
42725	9.472364	0.774263	10.374684	-0.425291	1.290712	0.798351	0.247726	-0.010364	0.968775	-0.134555	0.989884	0.044997	-0.959441	-0.141501	0.243826
42726	9.811199	1.417807	8.289403	-0.619320	1.221701	0.758174	0.258378	-0.001122	0.966043	-0.130608	0.990777	0.036083	-0.957174	-0.135496	0.255849
42727	10.112800	1.926582	5.099732	-0.499758	1.095185	0.723805	0.267922	0.007697	0.963410	-0.128005	0.991387	0.027677	-0.954899	-0.130736	0.266600
42728	10.309088	2.192152	2.724036	-0.019536	1.019506	0.728011	0.276654	0.016288	0.960832	-0.129871	0.991317	0.020589	-0.952153	-0.130480	0.276367
42729	10.971843	2.251905	0.769670	0.596523	0.963110	0.766337	0.284763	0.025280	0.958265	-0.137874	0.990339	0.014845	-0.948631	-0.136347	0.285497
42730	11.908239	1.727599	-0.590819	0.971469	1.044931	0.827696	0.293412	0.034986	0.955346	-0.149532	0.988709	0.009718	-0.944219	-0.145706	0.295331
42731	12.670545	1.212825	-1.078438	1.209521	1.118183	0.771084	0.302730	0.044428	0.952040	-0.163440	0.986535	0.005933	-0.938958	-0.157397	0.305916
42732	13.088202	0.985826	-1.266704	1.239037	1.127364	0.614437	0.312187	0.052364	0.948576	-0.177000	0.984203	0.003922	-0.933386	-0.169122	0.316524
42733	13.059562	1.088204	-0.751144	1.051724	1.161210	0.438664	0.322164	0.058786	0.944857	-0.188327	0.982101	0.003110	-0.927762	-0.178944	0.327469
42734	12.759279	1.472812	-0.503381	0.678704	1.219705	0.241957	0.332931	0.063419	0.940816	-0.195470	0.980705	0.003064	-0.922469	-0.184921	0.338904
42735	12.196676	1.509196	-0.429847	0.220508	1.287532	0.032538	0.344684	0.066217	0.936380	-0.197748	0.980247	0.003472	-0.917654	-0.186364	0.350970
42736	11.652866	1.632005	-0.309355	-0.261930	1.351348	-0.103136	0.357207	0.067741	0.931566	-0.195059	0.980785	0.003475	-0.913430	-0.182952	0.363557
42737	11.350929	1.534546	-0.254606	-0.732777	1.419653	-0.098974	0.370313	0.069405	0.926310	-0.188169	0.982135	0.001637	-0.909649	-0.174909	0.376758
42738	11.148636	1.094295	-0.356231	-1.078738	1.493743	-0.001082	0.383825	0.071961	0.920598	-0.178444	0.983947	-0.002514	-0.906000	-0.163310	0.390504
42739	11.186147	0.661566	-0.398400	-1.238441	1.565265	0.095846	0.397788	0.075454	0.914370	-0.167773	0.985790	-0.008359	-0.902007	-0.150082	0.404794
42740	10.878775	0.326880	-0.496133	-1.323663	1.660602	0.120937	0.412483	0.079062	0.907528	-0.156427	0.987577	-0.014938	-0.897434	-0.135800	0.419726
42741	10.379159	0.158539	-0.632641	-1.324613	1.702097	0.081908	0.427564	0.082143	0.900245	-0.145049	0.989194	-0.021369	-0.892272	-0.121443	0.434859
42742	9.830141	0.187467	-0.697764	-1.288866	1.659193	0.007670	0.442266	0.084160	0.892927	-0.133691	0.990651	-0.027154	-0.886864	-0.107367	0.449382
42743	9.461685	0.114965	-1.015346	-1.233238	1.577565	-0.066832	0.456270	0.085164	0.885757	-0.122608	0.991932	-0.032215	-0.881354	-0.093903	0.463030
42744	8.968573	0.094229	-1.235696	-1.109983	1.508465	-0.122654	0.469620	0.085315	0.878737	-0.112364	0.993002	-0.036359	-0.875689	-0.081664	0.475920
42745	8.463811	0.300505	-1.303425	-0.963165	1.413729	-0.158423	0.482098	0.084890	0.871995	-0.103310	0.993859	-0.039638	-0.870005	-0.070976	0.487908
42746	7.993053	0.406441	-1.507924	-0.850210	1.323547	-0.142423	0.493673	0.084397	0.865543	-0.095318	0.994535	-0.042609	-0.864408	-0.061467	0.499019
42747	7.573778	0.187469	-1.635342	-0.722394	1.258872	-0.106824	0.504582	0.084114	0.859256	-0.088652	0.995030	-0.045346	-0.858800	-0.053294	0.509531
42748	7.101145	-0.008813	-1.649665	-0.545590	1.200497	-0.065622	0.514871	0.084109	0.853131	-0.083724	0.995351	-0.047603	-0.853169	-0.046918	0.519520
42749	6.647127	-0.152478	-1.513451	-0.302095	1.127303	-0.059426	0.524469	0.084080	0.847268	-0.080935	0.995529	-0.048693	-0.847574	-0.043036	0.528930
42750	6.358894	-0.178834	-1.148601	-0.067035	1.014703	-0.083754	0.533067	0.083722	0.841920	-0.080003	0.995621	-0.048352	-0.842282	-0.041581	0.537431
42751	6.227649	-0.327229	-0.531349	0.019323	0.871808	-0.108377	0.540437	0.083048	0.837276	-0.079658	0.995697	-0.047345	-0.837605	-0.041109	0.544727
42752	6.138831	-0.515544	0.126923	0.064085	0.733728	-0.121308	0.546622	0.082189	0.833336	-0.079611	0.995765	-0.045989	-0.833587	-0.041205	0.550850
42753	6.402497	-0.786824	1.143668	0.006671	0.562595	-0.120775	0.551356	0.081254	0.830304	-0.079069	0.995855	-0.044950	-0.830515	-0.040868	0.555495
42754	7.164432	-1.587591	2.057689	-0.213502	0.476457	-0.090338	0.555335	0.080590	0.827713	-0.076875	0.996007	-0.045398	-0.828066	-0.038419	0.559313
42755	7.860304	-2.324533	2.114138	-0.389014	0.523547	0.041739	0.559587	0.081241	0.824780	-0.073967	0.996108	-0.047933	-0.825464	-0.034184	0.563419
42756	7.881020	-4.086364	2.640004	-0.336326	0.656119	0.213798	0.564794	0.083630	0.820983	-0.072476	0.996034	-0.051602	-0.822043	-0.030357	0.568615
42757	6.764949	-5.272862	2.975973	0.178114	0.629269	0.288210	0.569696	0.086766	0.817262	-0.075671	0.995725	-0.052964	-0.818364	-0.031669	0.573827
42758	5.665083	-4.582001	2.741450	0.941698	0.403125	0.255924	0.572742	0.089507	0.814834	-0.084902	0.995152	-0.049637	-0.815327	-0.040752	0.577565
42759	6.276924	-2.464153	3.385771	1.574403	0.116027	0.196857	0.573456	0.091614	0.814097	-0.098969	0.994197	-0.042166	-0.813236	-0.056390	0.579195
42760	8.475202	1.042888	5.074430	1.685102	-0.020412	0.069805	0.573174	0.092340	0.814214	-0.113137	0.993032	-0.032976	-0.811586	-0.073217	0.579627
42761	9.539479	4.274492	6.995256	1.225167	0.036366	-0.075790	0.573505	0.091718	0.814051	-0.122769	0.992113	-0.025289	-0.809950	-0.085437	0.580242
42762	8.719206	4.329072	8.584158	0.518507	0.189932	-0.153509	0.575189	0.090407	0.813009	-0.126160	0.991787	-0.021032	-0.808233	-0.090472	0.581871
42763	6.915799	3.068302	9.909579	0.077051	0.269130	-0.185916	0.577548	0.088873	0.811505	-0.125807	0.991871	-0.019089	-0.806605	-0.091068	0.584034
42764	5.889539	1.171121	9.394766	-0.131200	0.162940	-0.130510	0.578981	0.087770	0.810603	-0.124072	0.992095	-0.018802	-0.805846	-0.089687	0.585294
42765	5.885487	-0.824433	8.609520	-0.100972	0.007511	-0.004021	0.579000	0.087778	0.810588	-0.123306	0.992180	-0.019366	-0.805949	-0.088738	0.585296
42766	6.480088	-2.874877	7.672143	-0.010827	-0.113905	0.073979	0.577947	0.088456	0.811266	-0.123724	0.992114	-0.020033	-0.806641	-0.088795	0.584334
42767	6.837921	-4.052104	6.979907	0.198992	-0.175259	0.122280	0.576337	0.089585	0.812287	-0.126142	0.991813	-0.019884	-0.807418	-0.091004	0.582918
42768	6.999924	-3.924053	7.384263	0.534391	-0.257542	0.141185	0.574031	0.090788	0.813785	-0.131348	0.991174	-0.017927	-0.808230	-0.096599	0.580889
42769	7.682853	-2.815774	8.535923	0.853318	-0.322368	0.115830	0.571222	0.091713	0.815655	-0.139047	0.990187	-0.013959	-0.808932	-0.105441	0.578370
42770	5.297011	0.278929	7.828723	1.170948	-0.278894	-0.016102	0.568945	0.091286	0.817293	-0.148504	0.988886	-0.007073	-0.808856	-0.117347	0.576179
42771	5.611966	4.626453	6.100996	1.079780	-0.593152	-0.205592	0.564412	0.088647	0.820720	-0.156240	0.987719	0.000762	-0.810573	-0.128659	0.571331
42772	8.761071	7.737716	3.238716	0.437420	-0.812119	-0.403990	0.558402	0.083634	0.825344	-0.157602	0.987481	0.006565	-0.814462	-0.133742	0.564592
42773	11.225190	7.218110	1.960643	-0.681479	-0.771279	-0.575913	0.552940	0.076993	0.829656	-0.148925	0.988820	0.007491	-0.819804	-0.127699	0.558224
42774	10.672501	2.285917	3.312691	-1.670663	-0.728438	-0.747737	0.547947	0.068760	0.833682	-0.131136	0.991354	0.004426	-0.826170	-0.111751	0.552227
42775	10.823120	-2.811617	7.412636	-1.987665	-0.754144	-0.865016	0.542694	0.059430	0.837825	-0.109992	0.993932	0.000743	-0.832697	-0.092558	0.545938
42776	10.803095	-5.306406	11.036617	-1.750704	-0.635711	-0.866128	0.538210	0.050323	0.841307	-0.090764	0.995871	-0.001504	-0.837909	-0.075551	0.540555
42777	10.098425	-7.237692	10.906916	-1.301317	-0.503744	-0.784533	0.534592	0.042217	0.844055	-0.075722	0.997127	-0.001914	-0.841711	-0.062890	0.536253
42778	8.677244	-8.843582	6.221850	-0.502077	-0.549967	-0.528348	0.530293	0.036661	0.847022	-0.068751	0.997634	-0.000137	-0.845023	-0.058161	0.531558
42779	8.218133	-6.677684	2.141311	0.533255	-0.634267	-0.220001	0.525041	0.034205	0.850389	-0.072264	0.997375	0.004500	-0.848003	-0.063815	0.526135
42780	8.053311	-2.046875	1.449104	1.042483	-0.638513	-0.075483	0.519633	0.033057	0.853750	-0.080801	0.996674	0.010588	-0.850560	-0.074486	0.520576
42781	8.782820	1.536493	2.844026	0.967674	-0.663263	-0.109590	0.514036	0.031586	0.857187	-0.088659	0.995926	0.016469	-0.853174	-0.084463	0.514742
42782	8.805473	2.605530	3.573725	0.700122	-0.672890	-0.189048	0.508414	0.029156	0.860619	-0.093753	0.995360	0.021664	-0.855994	-0.091700	0.508788
42783	8.609988	3.123976	3.527486	0.564595	-0.673392	-0.278346	0.502866	0.025888	0.863977	-0.097364	0.994886	0.026858	-0.858864	-0.097626	0.502815
42784	8.655164	2.952021	4.395912	0.419191	-0.622011	-0.359238	0.497823	0.021738	0.867006	-0.099249	0.994546	0.032051	-0.861581	-0.102006	0.497266
42785	8.121790	1.741701	5.127012	0.294656	-0.575128	-0.399013	0.493217	0.017293	0.869734	-0.099971	0.994305	0.036923	-0.864143	-0.105159	0.492137
42786	7.812558	1.599905	4.885362	0.287831	-0.605226	-0.407647	0.488343	0.012639	0.872560	-0.100538	0.994052	0.041869	-0.866841	-0.108172	0.486709
42787	8.499789	1.877361	5.015718	0.088510	-0.579540	-0.409309	0.483678	0.008033	0.875209	-0.099444	0.993987	0.045833	-0.869578	-0.109203	0.481568
42788	8.438257	0.656996	5.068691	-0.231830	-0.493442	-0.420406	0.479745	0.003365	0.877401	-0.095476	0.994255	0.048392	-0.872198	-0.106987	0.477310
42789	8.521569	-0.430526	4.763379	-0.219394	-0.490222	-0.416399	0.475812	-0.001201	0.879546	-0.091701	0.994481	0.050966	-0.874754	-0.104905	0.473076
42790	8.754224	-0.633743	3.799666	0.032025	-0.481011	-0.371978	0.471893	-0.005361	0.881640	-0.090296	0.994429	0.054377	-0.877020	-0.105268	0.468780
42791	8.743950	-0.347843	2.988548	0.289071	-0.480140	-0.284111	0.467896	-0.008594	0.883742	-0.091640	0.994091	0.058186	-0.879020	-0.108211	0.464343
42792	9.390008	0.017369	2.402325	0.440625	-0.470360	-0.189274	0.463888	-0.010951	0.885826	-0.094712	0.993580	0.061881	-0.880816	-0.112604	0.459873
42793	9.825766	0.682165	2.046695	0.552273	-0.437917	-0.130558	0.460112	-0.012652	0.887771	-0.099115	0.992917	0.065519	-0.882312	-0.118138	0.455598
42794	10.002757	1.558725	1.997567	0.562462	-0.461453	-0.108627	0.456101	-0.014244	0.889814	-0.103661	0.992215	0.069018	-0.883870	-0.123718	0.451074
42795	10.204778	2.010739	1.454571	0.510259	-0.485326	-0.103948	0.451871	-0.015799	0.891943	-0.107827	0.991545	0.072190	-0.885543	-0.128796	0.446347
42796	10.200281	2.137387	1.426147	0.507101	-0.522225	-0.096996	0.447302	-0.017403	0.894213	-0.111963	0.990856	0.075290	-0.887347	-0.133796	0.441264
