// General information: 
//  MT Manager version: 2022.2.0 
//  XDA version: 2022.2.0 build 7381 rev 124627 built on 2023-07-19
// Device information: 
//  DeviceId: 00B4CBA7
//  ProductCode: MTW2-3A7G6
//  Firmware Version: 4.6.0
//  Hardware Version: 2.0.0
// Device settings: 
//  Filter Profile: human(46.1)
//  Option Flags: Orientation Smoother Disabled, Position/Velocity Smoother Disabled, Continuous Zero Rotation Update Disabled, AHS Disabled, ICC Disabled
// Coordinate system: ENU
PacketCounter	Acc_X	Acc_Y	Acc_Z	Gyr_X	Gyr_Y	Gyr_Z	Mat[1][1]	Mat[2][1]	Mat[3][1]	Mat[1][2]	Mat[2][2]	Mat[3][2]	Mat[1][3]	Mat[2][3]	Mat[3][3]
55766	7.416946	1.938455	-6.184063	0.004149	-0.004166	0.002242	-0.593278	0.302395	0.746041	0.634880	0.745552	0.202682	-0.494922	0.593894	-0.634304
55767	7.404920	1.948824	-6.165840	0.005605	-0.002113	-0.004132	-0.593351	0.302350	0.746002	0.634809	0.745601	0.202723	-0.494927	0.593854	-0.634338
55768	7.417122	1.969187	-6.170078	0.005122	-0.002947	0.003763	-0.593335	0.302344	0.746017	0.634818	0.745593	0.202722	-0.494934	0.593867	-0.634320
55769	7.428842	1.958253	-6.188845	0.002572	-0.000850	-0.001229	-0.593383	0.302314	0.745991	0.634779	0.745616	0.202760	-0.494926	0.593854	-0.634338
55770	7.392908	1.958500	-6.147823	0.005951	0.002393	0.001658	-0.593202	0.302647	0.746000	0.635107	0.745373	0.202629	-0.494724	0.593989	-0.634370
55771	7.375078	1.934167	-6.177789	0.006630	0.001151	0.002257	-0.593217	0.302630	0.745995	0.635068	0.745410	0.202615	-0.494754	0.593952	-0.634381
55772	7.398254	1.929105	-6.128551	0.008282	0.001127	0.004376	-0.593057	0.302971	0.745984	0.635361	0.745203	0.202457	-0.494571	0.594038	-0.634443
55773	7.375805	1.964003	-6.163439	0.008449	-0.001748	0.001781	-0.593090	0.302968	0.745959	0.635310	0.745252	0.202436	-0.494596	0.593978	-0.634480
55774	7.386659	1.938105	-6.110249	0.009549	0.004808	0.006816	-0.593045	0.302913	0.746017	0.635278	0.745291	0.202395	-0.494691	0.593958	-0.634425
55775	7.404300	1.929981	-6.094815	-0.001675	-0.001222	0.004101	-0.593061	0.302924	0.746000	0.635292	0.745272	0.202420	-0.494655	0.593975	-0.634437
55776	7.428010	1.908513	-6.131877	-0.001381	0.001240	0.005022	-0.592897	0.303187	0.746023	0.635593	0.745034	0.202348	-0.494464	0.594139	-0.634433
55777	7.422422	1.905143	-6.165843	-0.000535	-0.002878	0.003026	-0.592928	0.303201	0.745993	0.635595	0.745026	0.202374	-0.494425	0.594143	-0.634459
55778	7.422940	1.936205	-6.151370	0.001652	-0.000024	0.002119	-0.592871	0.303243	0.746021	0.635690	0.744941	0.202387	-0.494370	0.594228	-0.634423
55779	7.452185	1.917606	-6.154682	0.007989	-0.001336	0.003454	-0.592892	0.303250	0.746002	0.635653	0.744982	0.202355	-0.494394	0.594173	-0.634455
55780	7.435329	1.955588	-6.155709	0.009422	-0.000530	0.003300	-0.592761	0.303538	0.745988	0.635897	0.744808	0.202226	-0.494235	0.594244	-0.634512
55781	7.435856	1.986259	-6.141362	0.004904	-0.002117	0.001489	-0.592798	0.303535	0.745960	0.635863	0.744837	0.202228	-0.494235	0.594209	-0.634545
55782	7.376670	1.990952	-6.149875	-0.010516	-0.006469	0.008974	-0.592801	0.303515	0.745966	0.635918	0.744764	0.202323	-0.494161	0.594311	-0.634507
55783	7.417042	1.931113	-6.186244	-0.011338	-0.001106	0.004749	-0.592812	0.303530	0.745951	0.635983	0.744686	0.202405	-0.494064	0.594401	-0.634499
55784	7.399774	1.938535	-6.201452	-0.002300	0.002068	0.008369	-0.592703	0.303594	0.746013	0.636128	0.744565	0.202395	-0.494009	0.594520	-0.634430
55785	7.398273	1.892399	-6.144134	-0.002594	-0.000394	0.007448	-0.592693	0.303625	0.746007	0.636166	0.744531	0.202401	-0.493972	0.594546	-0.634434
55786	7.423058	1.933390	-6.152113	-0.002889	-0.002856	0.006528	-0.592625	0.303731	0.746018	0.636308	0.744411	0.202396	-0.493870	0.594642	-0.634423
55787	7.392711	1.888587	-6.178197	-0.000701	-0.000002	0.005620	-0.592625	0.303746	0.746012	0.636326	0.744394	0.202404	-0.493847	0.594656	-0.634428
55788	7.410849	1.911859	-6.148224	0.006172	0.001562	0.003929	-0.592618	0.303624	0.746067	0.636263	0.744438	0.202437	-0.493936	0.594663	-0.634353
55789	7.393645	1.918603	-6.163569	0.009039	0.003173	0.003621	-0.592615	0.303606	0.746077	0.636221	0.744485	0.202398	-0.493993	0.594614	-0.634354
55790	7.394398	1.949311	-6.148951	0.003086	0.000781	0.001964	-0.592378	0.304046	0.746086	0.636665	0.744147	0.202244	-0.493706	0.594812	-0.634392
55791	7.425359	1.976866	-6.209322	-0.008766	-0.001955	0.003519	-0.592401	0.304058	0.746063	0.636711	0.744088	0.202319	-0.493620	0.594880	-0.634395
55792	7.405755	1.907276	-6.181965	-0.002299	0.002069	0.008368	-0.592279	0.304145	0.746124	0.636882	0.743944	0.202306	-0.493545	0.595015	-0.634328
55793	7.412126	1.941311	-6.133365	-0.000241	-0.000416	0.003946	-0.592292	0.304150	0.746112	0.636888	0.743935	0.202323	-0.493522	0.595024	-0.634336
55794	7.424652	1.961645	-6.137254	-0.001839	0.001655	0.006694	-0.592028	0.304562	0.746153	0.637350	0.743576	0.202189	-0.493243	0.595262	-0.634330
55795	7.412481	1.940625	-6.133153	-0.005165	0.000459	0.008676	-0.592006	0.304598	0.746156	0.637408	0.743523	0.202201	-0.493194	0.595310	-0.634323
55796	7.425069	1.961053	-6.136939	-0.005384	0.001288	0.006403	-0.591800	0.304950	0.746176	0.637812	0.743198	0.202122	-0.492919	0.595536	-0.634325
55797	7.419636	1.957626	-6.170735	-0.001160	0.000412	0.007293	-0.591787	0.304975	0.746176	0.637842	0.743173	0.202120	-0.492896	0.595554	-0.634325
55798	7.425499	1.960151	-6.136707	0.001248	0.002435	0.008658	-0.591640	0.305112	0.746236	0.638032	0.743028	0.202052	-0.492826	0.595664	-0.634276
55799	7.425759	1.959335	-6.136652	0.000712	-0.000442	0.011683	-0.591603	0.305175	0.746240	0.638078	0.743001	0.202005	-0.492810	0.595666	-0.634287
55800	7.437839	1.948048	-6.155067	-0.004869	0.002922	0.009595	-0.591246	0.305695	0.746310	0.638677	0.742533	0.201829	-0.492462	0.595982	-0.634261
55801	7.456087	1.971245	-6.124998	-0.000262	-0.001661	0.010163	-0.591225	0.305754	0.746303	0.638720	0.742505	0.201800	-0.492433	0.595987	-0.634279
55802	7.462391	1.956804	-6.177535	-0.000940	-0.000417	0.009564	-0.591078	0.305938	0.746344	0.638944	0.742332	0.201728	-0.492319	0.596109	-0.634253
55803	7.408574	1.932930	-6.166453	-0.001399	-0.000003	0.011237	-0.591041	0.305995	0.746349	0.638998	0.742294	0.201697	-0.492292	0.596127	-0.634256
55804	7.431860	1.927916	-6.117042	-0.002296	0.002070	0.008366	-0.590823	0.306372	0.746367	0.639402	0.741978	0.201579	-0.492030	0.596326	-0.634272
55805	7.396695	1.910924	-6.162295	0.000254	-0.000029	0.013354	-0.590773	0.306445	0.746377	0.639461	0.741943	0.201522	-0.492014	0.596332	-0.634279
55806	7.390089	1.892405	-6.124507	0.005177	-0.000905	0.008625	-0.590595	0.306726	0.746403	0.639732	0.741748	0.201378	-0.491875	0.596431	-0.634295
55807	7.403222	1.943394	-6.114032	0.007070	-0.000515	0.006798	-0.590589	0.306753	0.746396	0.639718	0.741774	0.201327	-0.491900	0.596385	-0.634319
55808	7.397724	1.939304	-6.148115	-0.000501	-0.002075	0.014105	-0.590299	0.307269	0.746413	0.640235	0.741381	0.201130	-0.491576	0.596606	-0.634361
55809	7.386091	1.949110	-6.129646	-0.000939	-0.000416	0.009562	-0.590275	0.307316	0.746413	0.640276	0.741351	0.201108	-0.491550	0.596620	-0.634368
55810	7.409759	1.927191	-6.166826	0.000198	-0.002074	0.008487	-0.590143	0.307493	0.746444	0.640484	0.741190	0.201042	-0.491438	0.596729	-0.634352
55811	7.410514	1.957790	-6.152301	0.000496	0.000388	0.009407	-0.590117	0.307534	0.746449	0.640518	0.741169	0.201013	-0.491426	0.596734	-0.634357
55812	7.440560	1.970160	-6.140851	-0.003290	-0.000391	0.013060	-0.590004	0.307673	0.746480	0.640699	0.741023	0.200973	-0.491325	0.596844	-0.634332
55813	7.415934	1.928225	-6.132890	-0.006835	-0.000755	0.012769	-0.589961	0.307746	0.746484	0.640789	0.740947	0.200965	-0.491259	0.596900	-0.634330
55814	7.393100	1.932034	-6.182145	-0.006616	-0.001584	0.015039	-0.589707	0.308163	0.746512	0.641250	0.740582	0.200840	-0.490962	0.597137	-0.634337
55815	7.447267	1.954242	-6.193345	0.002071	-0.002930	0.012874	-0.589674	0.308250	0.746503	0.641296	0.740560	0.200774	-0.490941	0.597121	-0.634369
55816	7.406564	1.982170	-6.171600	-0.006994	0.002122	0.015360	-0.589422	0.308566	0.746572	0.641696	0.740241	0.200672	-0.490722	0.597352	-0.634320
55817	7.412019	1.953198	-6.151947	-0.006017	0.003340	0.016878	-0.589332	0.308645	0.746610	0.641805	0.740158	0.200628	-0.490687	0.597415	-0.634289
55818	7.419431	1.969940	-6.189347	-0.007371	0.005828	0.015680	-0.588991	0.309019	0.746724	0.642307	0.739760	0.200493	-0.490440	0.597714	-0.634197
55819	7.429947	1.912779	-6.150239	-0.006016	0.003340	0.016876	-0.588902	0.309098	0.746762	0.642416	0.739677	0.200448	-0.490405	0.597776	-0.634166
55820	7.413791	1.950569	-6.150646	-0.001035	0.004505	0.017012	-0.588709	0.309263	0.746845	0.642652	0.739496	0.200358	-0.490326	0.597915	-0.634097
55821	7.432510	1.973123	-6.120252	-0.003604	0.005361	0.018239	-0.588601	0.309340	0.746899	0.642758	0.739423	0.200288	-0.490317	0.597965	-0.634056
55822	7.432440	1.940544	-6.134535	-0.000138	0.002431	0.019879	-0.588270	0.309835	0.746954	0.643267	0.739043	0.200057	-0.490046	0.598179	-0.634064
55823	7.420596	1.918418	-6.130326	0.002055	0.005281	0.018973	-0.588158	0.309918	0.747009	0.643349	0.739002	0.199946	-0.490074	0.598187	-0.634035
55824	7.439320	1.940668	-6.100020	-0.000813	0.003676	0.019278	-0.588083	0.309885	0.747080	0.643372	0.738989	0.199918	-0.490133	0.598219	-0.633959
55825	7.493992	1.962591	-6.110694	-0.013801	0.002623	0.021898	-0.587965	0.310005	0.747124	0.643549	0.738844	0.199885	-0.490043	0.598337	-0.633918
55826	7.475780	1.956372	-6.053575	-0.048781	-0.000142	0.011092	-0.587723	0.310369	0.747163	0.644180	0.738250	0.200049	-0.489504	0.598881	-0.633820
55827	7.379585	2.099061	-5.643983	-0.223329	-0.024317	0.004991	-0.587845	0.310525	0.747002	0.645281	0.736900	0.201471	-0.487904	0.600460	-0.633559
55828	7.819984	1.877557	-6.570580	-0.349458	-0.022311	-0.027026	-0.588001	0.310676	0.746817	0.647073	0.734673	0.203844	-0.485336	0.603105	-0.633019
55829	7.639064	2.389449	-5.767884	-0.398173	-0.021812	-0.047063	-0.588447	0.310437	0.746565	0.648703	0.732417	0.206758	-0.482612	0.605965	-0.632370
55830	8.173221	2.695077	-6.623590	-0.616870	-0.047906	-0.063106	-0.588906	0.310583	0.746142	0.651652	0.728562	0.211062	-0.478059	0.610520	-0.631447
55831	7.894226	2.745425	-6.371561	-0.632428	-0.035606	-0.052314	-0.589452	0.310396	0.745789	0.654333	0.724855	0.215485	-0.473703	0.615012	-0.630369
55832	7.831343	2.535592	-5.873061	-0.811524	-0.063208	-0.037814	-0.589866	0.310761	0.745309	0.658206	0.719718	0.220839	-0.467784	0.620833	-0.629082
55833	7.691930	2.059787	-6.260274	-0.878323	-0.066989	-0.018970	-0.590338	0.311018	0.744828	0.662156	0.714303	0.226542	-0.461574	0.626929	-0.627622
55834	7.492379	1.774014	-6.602015	-0.721002	-0.046230	-0.009768	-0.590415	0.311616	0.744517	0.665829	0.709414	0.231091	-0.456159	0.632161	-0.626332
55835	7.223322	2.104426	-6.279862	-0.500504	-0.008553	-0.004868	-0.590522	0.311612	0.744434	0.668055	0.706261	0.234302	-0.452754	0.635683	-0.625237
55836	6.996212	2.364777	-5.994913	-0.467598	0.000599	0.006739	-0.590636	0.311312	0.744468	0.669950	0.703439	0.237361	-0.449795	0.638951	-0.624040
55837	6.930168	2.336818	-6.058194	-0.505517	-0.006730	0.016717	-0.590590	0.311449	0.744448	0.672294	0.700152	0.240431	-0.446345	0.642484	-0.622888
55838	6.981411	2.279378	-6.035515	-0.490909	-0.001412	0.027284	-0.590363	0.311677	0.744533	0.674732	0.696802	0.243319	-0.442955	0.646006	-0.621664
55839	7.136649	2.275436	-6.224831	-0.461666	0.006842	0.027649	-0.590181	0.311801	0.744625	0.676913	0.693730	0.246023	-0.439858	0.649244	-0.620489
55840	7.331585	2.203297	-6.297476	-0.385879	0.021104	0.030727	-0.589810	0.311950	0.744857	0.678910	0.690999	0.248197	-0.437270	0.652080	-0.619344
55841	7.462343	2.142494	-6.325565	-0.312837	0.035725	0.024201	-0.589525	0.311860	0.745120	0.680398	0.688884	0.249995	-0.435338	0.654356	-0.618303
55842	7.702665	2.155433	-6.356080	-0.245498	0.048953	0.023207	-0.589134	0.311670	0.745509	0.681647	0.687135	0.251402	-0.433911	0.656284	-0.617263
55843	7.932366	2.172466	-6.367369	-0.165570	0.066348	0.033914	-0.588650	0.311443	0.745985	0.682545	0.685946	0.252213	-0.433155	0.657633	-0.616356
55844	8.117365	2.249274	-6.283918	-0.081640	0.087361	0.053366	-0.587823	0.311361	0.746672	0.683386	0.685064	0.252330	-0.432952	0.658591	-0.615476
55845	8.235019	2.386125	-6.241371	-0.059148	0.101766	0.071908	-0.586926	0.311160	0.747461	0.684045	0.684455	0.252200	-0.433128	0.659319	-0.614571
55846	8.244074	2.422529	-6.126040	-0.050359	0.124896	0.085245	-0.585811	0.310827	0.748474	0.684754	0.683834	0.251956	-0.433517	0.660119	-0.613437
55847	8.336686	2.364819	-6.160932	-0.082454	0.153251	0.101818	-0.584484	0.310487	0.749651	0.685688	0.682978	0.251742	-0.433832	0.661165	-0.612087
55848	8.239143	2.223503	-6.178924	-0.075654	0.186322	0.114890	-0.582790	0.310154	0.751106	0.686859	0.681946	0.251344	-0.434259	0.662385	-0.610464
55849	8.124931	2.098255	-6.123194	-0.031444	0.204349	0.124072	-0.581085	0.309623	0.752645	0.687698	0.681358	0.250645	-0.435215	0.663239	-0.608853
55850	8.032988	2.110624	-5.965520	-0.001017	0.241850	0.137122	-0.579020	0.309023	0.754480	0.688620	0.680799	0.249631	-0.436508	0.664091	-0.606996
55851	7.888318	2.097512	-5.797593	0.025681	0.276290	0.137609	-0.576899	0.308101	0.756479	0.689283	0.680549	0.248479	-0.438265	0.664776	-0.604977
55852	7.886608	2.051601	-5.649502	0.075221	0.319172	0.140253	-0.574482	0.306968	0.758776	0.689863	0.680497	0.247007	-0.440521	0.665353	-0.602699
55853	7.899525	2.123022	-5.361449	0.115198	0.371166	0.147285	-0.571861	0.305477	0.761353	0.690179	0.680816	0.245238	-0.443427	0.665712	-0.600166
55854	7.940627	2.195290	-5.178459	0.127355	0.424999	0.147301	-0.568713	0.304039	0.764281	0.690887	0.680805	0.243268	-0.446363	0.666382	-0.597240
55855	7.990737	2.258260	-5.044426	0.125857	0.481006	0.144154	-0.565598	0.301791	0.767477	0.691122	0.681211	0.241458	-0.449945	0.666988	-0.593866
55856	8.125259	2.316144	-5.038080	0.124246	0.548766	0.147489	-0.562045	0.299127	0.771121	0.691490	0.681476	0.239651	-0.453814	0.667917	-0.589864
55857	8.312161	2.477520	-4.822771	0.072146	0.613806	0.150895	-0.558240	0.296029	0.775071	0.691988	0.681513	0.238104	-0.457735	0.669259	-0.585296
55858	8.392725	2.414653	-5.000866	0.015702	0.686456	0.155807	-0.553807	0.292830	0.779454	0.693156	0.680806	0.236722	-0.461338	0.671382	-0.580012
55859	8.501026	2.363415	-5.226314	0.011568	0.749043	0.163298	-0.549239	0.288881	0.784146	0.693985	0.680412	0.235422	-0.465533	0.673488	-0.574188
55860	8.553729	2.416869	-5.318309	0.056875	0.812195	0.176625	-0.544071	0.284770	0.789235	0.694907	0.680079	0.233660	-0.470203	0.675573	-0.567900
55861	8.625223	2.456762	-5.424088	0.101803	0.874345	0.197430	-0.538600	0.280175	0.794614	0.695477	0.680213	0.231565	-0.475628	0.677357	-0.561218
55862	8.688386	2.361720	-5.436313	0.178048	0.927841	0.208093	-0.532680	0.275293	0.800291	0.695812	0.680750	0.228966	-0.481765	0.678818	-0.554174
55863	8.768654	2.402620	-5.377909	0.227277	0.981631	0.224746	-0.526390	0.270132	0.806190	0.695883	0.681684	0.225953	-0.488529	0.679953	-0.546812
55864	8.830037	2.430488	-5.226930	0.237021	1.026450	0.241117	-0.519428	0.265120	0.812346	0.696391	0.682261	0.222619	-0.495212	0.681345	-0.539013
55865	8.813025	2.487067	-4.946816	0.187897	1.050585	0.254428	-0.512454	0.259668	0.818513	0.696751	0.682878	0.219583	-0.501926	0.682826	-0.530867
55866	8.795876	2.381684	-5.008037	0.110090	1.055435	0.267882	-0.505194	0.254216	0.824714	0.697603	0.682886	0.216832	-0.508063	0.684866	-0.522332
55867	8.801895	2.241302	-4.929413	0.080772	1.076910	0.274289	-0.497813	0.248678	0.830868	0.698551	0.682752	0.214188	-0.514013	0.687029	-0.513597
55868	8.711735	2.172995	-4.657598	0.034598	1.089663	0.276885	-0.490154	0.242983	0.837083	0.699813	0.682221	0.211745	-0.519625	0.689589	-0.504436
55869	8.719228	1.920670	-4.470442	-0.066961	1.092661	0.273710	-0.482569	0.237274	0.843106	0.701479	0.681102	0.209824	-0.524456	0.692676	-0.495122
55870	8.719952	1.788633	-4.386634	-0.062942	1.138352	0.266733	-0.474384	0.231571	0.849314	0.703598	0.679564	0.207707	-0.529065	0.696109	-0.485307
55871	8.532003	1.818023	-4.028302	-0.067490	1.166092	0.250199	-0.466460	0.225111	0.855418	0.705120	0.678523	0.205943	-0.534061	0.699236	-0.475234
55872	8.538875	1.772005	-3.770544	-0.062673	1.206722	0.229949	-0.458237	0.218235	0.861622	0.706669	0.677423	0.204248	-0.539108	0.702475	-0.464641
55873	8.540920	1.787910	-3.510169	-0.088725	1.259070	0.204742	-0.450007	0.210732	0.867805	0.708066	0.676360	0.202930	-0.544185	0.705783	-0.453579
55874	8.599040	1.766528	-3.311598	-0.104846	1.305975	0.176091	-0.441498	0.202649	0.874078	0.709534	0.675141	0.201859	-0.549219	0.709308	-0.441860
55875	8.736912	1.749350	-3.068366	-0.119011	1.357738	0.147105	-0.432999	0.193964	0.880278	0.710821	0.674003	0.201133	-0.554298	0.712810	-0.429716
55876	8.890977	1.723559	-2.902458	-0.142345	1.403085	0.118095	-0.424256	0.184590	0.886529	0.712133	0.672739	0.200722	-0.559351	0.716484	-0.416866
55877	9.134526	1.618322	-2.962219	-0.157838	1.450810	0.093171	-0.415479	0.174771	0.892655	0.713399	0.671437	0.200586	-0.564304	0.720158	-0.403649
55878	9.365793	1.563808	-3.135639	-0.153881	1.484086	0.067989	-0.406595	0.164081	0.898754	0.714321	0.670402	0.200766	-0.569584	0.723629	-0.389789
55879	9.638201	1.580355	-3.349133	-0.075844	1.522435	0.041411	-0.397623	0.153296	0.904653	0.714910	0.669785	0.200728	-0.575152	0.726560	-0.375914
55880	9.999176	1.969145	-3.320643	0.040159	1.535120	-0.004205	-0.388499	0.142269	0.910400	0.715069	0.669686	0.200492	-0.581158	0.728890	-0.361904
55881	9.952440	2.868247	-2.792676	-0.081410	1.412132	-0.160798	-0.381446	0.130858	0.915082	0.714914	0.669309	0.202295	-0.586001	0.731370	-0.348857
55882	11.509170	3.554921	-3.023190	-0.407747	0.955371	-0.393228	-0.378543	0.121082	0.917630	0.715872	0.666737	0.207337	-0.586713	0.735392	-0.339068
55883	11.885586	3.578806	-3.234580	-0.608273	1.002137	-0.208430	-0.374199	0.112277	0.920526	0.718644	0.662488	0.211329	-0.586110	0.740610	-0.328590
55884	10.191726	2.794636	-1.679977	-1.168014	1.349672	0.048943	-0.365830	0.102403	0.925031	0.725703	0.653671	0.214637	-0.582686	0.749819	-0.313447
55885	10.274311	0.348191	-4.578902	-0.965012	1.610010	0.192736	-0.355092	0.091497	0.930343	0.732005	0.646206	0.215838	-0.581444	0.757658	-0.296439
55886	10.190085	-0.051147	-4.040582	-0.084431	1.769226	0.283201	-0.342588	0.079654	0.936103	0.733469	0.645317	0.213518	-0.587075	0.759751	-0.279501
55887	9.429420	0.563059	-2.354090	0.424406	1.771605	0.301459	-0.329936	0.068133	0.941541	0.731963	0.648310	0.209581	-0.596132	0.758321	-0.263772
55888	9.194022	1.780371	-1.510634	0.327471	1.683421	0.282946	-0.317711	0.056900	0.946479	0.730796	0.650708	0.206193	-0.604149	0.757193	-0.248320
55889	9.178151	2.444028	-1.844256	0.045645	1.667378	0.321959	-0.305276	0.046341	0.951136	0.731515	0.650882	0.203074	-0.609666	0.757763	-0.232598
55890	8.699350	2.387095	-2.035709	-0.096256	1.679855	0.371040	-0.292216	0.035931	0.955677	0.733302	0.649888	0.199786	-0.613905	0.759180	-0.216256
55891	8.264587	1.819213	-1.932031	-0.113106	1.661732	0.401629	-0.279072	0.025890	0.959921	0.735139	0.648898	0.196221	-0.617811	0.760435	-0.200121
55892	8.101100	1.279141	-1.739142	-0.029799	1.634937	0.407183	-0.265921	0.015998	0.963862	0.736472	0.648524	0.192422	-0.622009	0.761026	-0.184238
55893	7.954185	1.235323	-1.431182	0.057188	1.623845	0.399434	-0.252879	0.006208	0.967478	0.737146	0.648907	0.188511	-0.626632	0.760843	-0.168671
55894	7.738888	1.444500	-1.240866	0.090081	1.615607	0.392905	-0.239790	-0.003555	0.970818	0.737674	0.649436	0.184582	-0.631140	0.760408	-0.153106
55895	7.433678	1.648928	-1.148313	0.083696	1.587069	0.385387	-0.226935	-0.013138	0.973821	0.738039	0.650095	0.180760	-0.635451	0.759739	-0.137833
55896	7.119326	1.707094	-1.053700	0.036424	1.564669	0.379643	-0.214153	-0.022611	0.976538	0.738718	0.650343	0.177058	-0.639088	0.759304	-0.122570
55897	6.784808	1.761687	-1.109216	-0.016163	1.530788	0.360184	-0.201723	-0.031914	0.978922	0.739569	0.650308	0.173601	-0.642142	0.759000	-0.107580
55898	6.472874	2.045342	-0.847320	-0.175951	1.479073	0.328083	-0.189777	-0.041077	0.980968	0.741416	0.648995	0.170610	-0.643651	0.759683	-0.092710
55899	6.319455	2.201821	-0.728015	-0.465957	1.425309	0.306488	-0.178371	-0.049962	0.982694	0.744976	0.645579	0.168044	-0.642802	0.762058	-0.077932
55900	6.122416	2.285209	-1.029575	-0.757305	1.348595	0.268977	-0.167714	-0.058601	0.984092	0.750367	0.639842	0.165983	-0.639391	0.766269	-0.063338
55901	6.477788	2.808680	-0.987661	-1.024484	1.240270	0.193937	-0.158397	-0.066931	0.985104	0.757205	0.632073	0.164698	-0.633681	0.772013	-0.049438
55902	7.971374	3.067252	-1.987214	-1.312375	1.142365	0.130545	-0.150214	-0.075036	0.985802	0.765738	0.621888	0.164017	-0.625365	0.779503	-0.035959
55903	9.801034	2.890975	-3.040290	-1.538052	0.989757	0.118221	-0.143205	-0.082088	0.986283	0.775450	0.609912	0.163356	-0.614955	0.788206	-0.023687
55904	11.204841	1.477217	-6.472129	-1.428295	0.695299	0.101831	-0.138181	-0.087041	0.986575	0.784361	0.598595	0.162670	-0.604718	0.796309	-0.014443
55905	11.304887	0.912367	-7.856974	-0.349161	0.258605	-0.023613	-0.136846	-0.089265	0.986562	0.786437	0.595778	0.162993	-0.602321	0.798174	-0.011329
55906	11.544824	0.698607	-6.509847	0.580514	-0.170368	-0.136794	-0.138968	-0.088764	0.986311	0.782782	0.600212	0.164308	-0.606581	0.794900	-0.013927
55907	11.221185	0.422260	-3.637701	1.373709	-0.385805	-0.148949	-0.142528	-0.086637	0.985992	0.774171	0.610934	0.165589	-0.616722	0.786927	-0.020004
55908	11.077270	1.579671	-0.141890	1.995246	-0.333097	-0.087814	-0.145307	-0.084606	0.985763	0.761622	0.626391	0.166029	-0.631520	0.774904	-0.026581
55909	10.081400	3.290674	2.102039	1.812813	-0.167584	0.019423	-0.146269	-0.083217	0.985738	0.750081	0.640340	0.165359	-0.644968	0.763570	-0.031243
55910	8.669353	4.116143	2.252278	0.968577	-0.095342	0.104264	-0.146131	-0.081854	0.985873	0.743986	0.647743	0.164057	-0.652021	0.757449	-0.033757
55911	8.161069	3.826508	1.688490	-0.027866	-0.088947	0.146164	-0.145663	-0.080257	0.986074	0.744381	0.647637	0.162672	-0.651674	0.757710	-0.034595
55912	8.045542	2.621602	1.104926	-0.732935	-0.064126	0.106316	-0.145306	-0.079125	0.986218	0.749328	0.642097	0.161920	-0.646060	0.762529	-0.034010
55913	8.368122	1.341200	0.669445	-0.851042	-0.006924	0.053821	-0.144986	-0.078752	0.986295	0.754878	0.635615	0.161719	-0.639639	0.767979	-0.032707
55914	8.707138	0.555566	0.550251	-0.655105	0.096037	0.040301	-0.144087	-0.079281	0.986384	0.759149	0.630545	0.161574	-0.634769	0.772093	-0.030667
55915	8.959757	0.234156	0.436183	-0.410988	0.204762	0.069154	-0.142304	-0.080452	0.986548	0.761851	0.627410	0.161058	-0.631927	0.774522	-0.027990
55916	9.277196	0.482370	0.028470	-0.185698	0.298712	0.111856	-0.139586	-0.082112	0.986800	0.763220	0.626003	0.160050	-0.630881	0.775486	-0.024712
55917	9.808331	1.373518	-1.276468	0.014310	0.321788	0.138104	-0.136541	-0.083765	0.987087	0.763321	0.626215	0.158729	-0.631425	0.775137	-0.021564
55918	11.095182	2.419644	-2.558112	-0.071531	0.191948	0.132392	-0.134338	-0.084466	0.987329	0.763993	0.625711	0.157480	-0.631085	0.775468	-0.019525
55919	12.296089	2.178510	-2.330183	-0.199219	0.027931	0.076110	-0.133620	-0.084230	0.987447	0.765352	0.624217	0.156812	-0.629589	0.776697	-0.018942
55920	11.293417	0.097665	-1.337941	0.071368	-0.074094	0.044446	-0.133767	-0.083415	0.987496	0.764997	0.624754	0.156401	-0.629989	0.776353	-0.019760
55921	9.663856	-0.873228	-0.373539	0.734836	-0.105414	0.005589	-0.134432	-0.082586	0.987475	0.760356	0.630435	0.156238	-0.635442	0.771837	-0.021955
55922	8.891816	0.224829	0.449615	1.114374	-0.012033	-0.012631	-0.134629	-0.082608	0.987447	0.753246	0.638935	0.156150	-0.643814	0.764812	-0.023795
55923	8.742226	1.890506	1.198628	0.889218	0.073875	0.035907	-0.133921	-0.082964	0.987513	0.747540	0.645728	0.155626	-0.650576	0.759047	-0.024458
55924	8.984389	2.611686	1.145640	0.325611	0.104710	0.072550	-0.132716	-0.083324	0.987645	0.745554	0.648200	0.154871	-0.653097	0.756897	-0.023904
55925	9.295308	2.166019	0.575157	-0.161823	0.085112	0.054964	-0.131790	-0.083637	0.987743	0.746684	0.647008	0.154412	-0.651992	0.757882	-0.022819
55926	9.769784	1.382482	0.114879	-0.343510	0.049147	0.011296	-0.131404	-0.083975	0.987766	0.748978	0.644350	0.154417	-0.649435	0.760106	-0.021774
55927	10.133197	0.935398	-0.194970	-0.213662	0.015913	-0.024298	-0.131522	-0.084277	0.987724	0.750333	0.642692	0.154749	-0.647844	0.761475	-0.021293
55928	9.970233	0.770635	-0.357821	0.072101	0.004223	-0.029944	-0.131738	-0.084539	0.987673	0.749870	0.643155	0.155070	-0.648336	0.761055	-0.021334
55929	9.625443	1.008392	-0.345728	0.375922	-0.002627	-0.043798	-0.132122	-0.084826	0.987597	0.747371	0.645961	0.155466	-0.651137	0.758643	-0.021949
55930	9.585241	1.473049	0.076398	0.493191	-0.002310	-0.046715	-0.132506	-0.085149	0.987518	0.744129	0.649600	0.155860	-0.654763	0.755493	-0.022714
55931	9.642708	1.869422	0.331349	0.408473	-0.008802	-0.033613	-0.132853	-0.085326	0.987456	0.741405	0.652639	0.156143	-0.657775	0.752849	-0.023444
55932	9.655648	1.891967	0.331126	0.201947	-0.019297	-0.013539	-0.133098	-0.085308	0.987425	0.740102	0.654086	0.156270	-0.659192	0.751594	-0.023921
55933	9.547805	1.650370	0.174858	0.062918	-0.023812	-0.002695	-0.133314	-0.085171	0.987407	0.739685	0.654544	0.156327	-0.659616	0.751211	-0.024260
55934	9.652202	1.428411	0.072934	0.010405	-0.035347	-0.016893	-0.133689	-0.085055	0.987367	0.739640	0.654546	0.156532	-0.659591	0.751222	-0.024595
55935	9.689755	1.232161	-0.142970	0.027681	-0.042425	-0.034683	-0.134264	-0.084988	0.987294	0.739412	0.654712	0.156913	-0.659729	0.751085	-0.025063
55936	9.637399	1.051292	-0.309669	0.152368	-0.042986	-0.065534	-0.135049	-0.085135	0.987175	0.738363	0.655739	0.157562	-0.660743	0.750172	-0.025697
55937	9.708407	1.075198	-0.239094	0.284993	-0.034661	-0.107859	-0.136113	-0.085608	0.986988	0.736333	0.657769	0.158598	-0.662787	0.748339	-0.026495
55938	9.700882	1.285662	-0.095603	0.304562	-0.025209	-0.144275	-0.137357	-0.086408	0.986746	0.734162	0.659858	0.159979	-0.664935	0.746406	-0.027199
55939	9.730647	1.378210	-0.125393	0.279162	-0.020299	-0.149274	-0.138625	-0.087267	0.986493	0.732099	0.661796	0.161421	-0.666944	0.744587	-0.027853
55940	9.661844	1.413409	-0.244143	0.254807	-0.010467	-0.118490	-0.139580	-0.088014	0.986291	0.730276	0.663530	0.162561	-0.668741	0.742955	-0.028341
55941	9.618649	1.473285	-0.407994	0.284054	0.000566	-0.079127	-0.140192	-0.088569	0.986155	0.728264	0.665554	0.163305	-0.670804	0.741075	-0.028803
55942	9.655539	1.606008	-0.414824	0.321533	0.011195	-0.039676	-0.140421	-0.088954	0.986088	0.726096	0.667837	0.163643	-0.673103	0.738973	-0.029189
55943	9.695443	1.756003	-0.304094	0.304981	0.016778	-0.004690	-0.140380	-0.089135	0.986077	0.724035	0.670070	0.163645	-0.675328	0.736927	-0.029528
55944	9.654299	1.727506	-0.230775	0.224123	0.008519	0.008124	-0.140282	-0.089181	0.986087	0.722577	0.671668	0.163540	-0.676907	0.735465	-0.029783
55945	9.645140	1.698022	-0.217469	0.119887	0.003939	-0.014256	-0.140396	-0.089331	0.986057	0.721747	0.672523	0.163690	-0.677769	0.734665	-0.029945
55946	9.612258	1.573524	-0.133909	0.023744	-0.003516	-0.047191	-0.140777	-0.089660	0.985973	0.721567	0.672594	0.164188	-0.677881	0.734560	-0.029990
55947	9.601715	1.458803	-0.213635	-0.028325	-0.009852	-0.072083	-0.141402	-0.090098	0.985844	0.721659	0.672309	0.164952	-0.677653	0.734768	-0.030046
55948	9.649355	1.253949	-0.318537	-0.016777	-0.014380	-0.088180	-0.142152	-0.090623	0.985688	0.721694	0.672046	0.165867	-0.677459	0.734944	-0.030130
55949	9.697139	1.179525	-0.447597	0.045445	-0.010397	-0.095409	-0.142949	-0.091213	0.985518	0.721252	0.672280	0.166839	-0.677762	0.734656	-0.030314
55950	9.768682	1.256043	-0.432593	0.123431	0.000605	-0.095276	-0.143647	-0.091895	0.985353	0.720328	0.673037	0.167779	-0.678597	0.733878	-0.030486
55951	9.714991	1.406469	-0.388404	0.192124	0.008832	-0.089881	-0.144272	-0.092590	0.985197	0.718895	0.674349	0.168651	-0.679982	0.732585	-0.030727
55952	9.685577	1.627155	-0.237071	0.214465	0.009178	-0.081638	-0.144816	-0.093247	0.985055	0.717356	0.675790	0.169432	-0.681490	0.731172	-0.030974
55953	9.734850	1.744889	-0.119089	0.194362	0.016514	-0.075371	-0.145282	-0.093903	0.984924	0.715923	0.677126	0.170160	-0.682897	0.729851	-0.031147
55954	9.725301	1.862548	-0.071025	0.177264	0.011649	-0.064506	-0.145679	-0.094459	0.984812	0.714670	0.678294	0.170777	-0.684123	0.728694	-0.031306
55955	9.665942	2.008594	-0.109351	0.166348	0.010029	-0.052604	-0.146024	-0.094914	0.984717	0.713456	0.679442	0.171288	-0.685316	0.727564	-0.031497
55956	9.594177	2.096712	-0.035313	0.159529	0.008181	-0.040630	-0.146272	-0.095288	0.984644	0.712350	0.680504	0.171677	-0.686413	0.726523	-0.031661
55957	9.631979	2.111019	0.040489	0.127058	0.000869	-0.029445	-0.146514	-0.095520	0.984586	0.711436	0.681385	0.171972	-0.687309	0.725666	-0.031876
55958	9.581860	2.198405	0.164751	0.066316	-0.004321	-0.024778	-0.146737	-0.095695	0.984536	0.710991	0.681782	0.172235	-0.687721	0.725270	-0.032004
55959	9.658706	2.130381	0.226347	-0.030096	-0.020897	-0.020089	-0.147061	-0.095706	0.984486	0.711171	0.681531	0.172488	-0.687466	0.725504	-0.032163
55960	9.727908	1.895682	0.056902	-0.059702	-0.025225	-0.009259	-0.147317	-0.095625	0.984456	0.711616	0.681027	0.172640	-0.686950	0.725987	-0.032279
55961	9.809097	1.759777	-0.072224	-0.008356	-0.024821	0.018885	-0.147391	-0.095342	0.984472	0.711703	0.680971	0.172502	-0.686844	0.726077	-0.032514
55962	9.811858	1.864450	-0.136803	0.058835	-0.019346	0.047458	-0.147201	-0.094920	0.984542	0.711417	0.681383	0.172057	-0.687182	0.725746	-0.032773
55963	9.778995	1.978272	-0.163274	0.103713	-0.019077	0.076624	-0.146824	-0.094285	0.984659	0.710818	0.682195	0.171314	-0.687881	0.725066	-0.033144
55964	9.738069	2.152306	-0.080209	0.055942	-0.016914	0.111484	-0.146168	-0.093443	0.984837	0.710639	0.682649	0.170243	-0.688206	0.724747	-0.033377
55965	9.697542	2.182540	-0.028794	-0.034796	-0.018836	0.146733	-0.145291	-0.092331	0.985071	0.711094	0.682520	0.168854	-0.687921	0.725012	-0.033508
55966	9.950444	2.097790	-0.051312	-0.104421	-0.017353	0.185856	-0.144103	-0.090980	0.985372	0.712129	0.681872	0.167101	-0.687100	0.725792	-0.033470
55967	10.067025	2.075232	0.008724	-0.108771	-0.005122	0.222972	-0.142586	-0.089449	0.985732	0.713198	0.681270	0.164985	-0.686307	0.726547	-0.033345
55968	9.984883	2.089598	0.177983	-0.164738	-0.012337	0.237198	-0.140993	-0.087787	0.986111	0.714715	0.680218	0.162744	-0.685057	0.727734	-0.033163
55969	9.895605	1.917249	0.079082	-0.275068	-0.034305	0.234604	-0.139586	-0.085969	0.986471	0.716928	0.678405	0.160567	-0.683030	0.729641	-0.033062
55970	9.822508	1.793382	-0.111275	-0.317019	-0.044055	0.230512	-0.138244	-0.084132	0.986818	0.719457	0.676223	0.158441	-0.680640	0.731877	-0.032954
55971	9.688571	1.462639	-0.383584	-0.325355	-0.043827	0.236219	-0.136877	-0.082241	0.987168	0.721995	0.674022	0.156262	-0.678224	0.734119	-0.032880
55972	9.551205	1.276658	-0.430958	-0.213669	-0.037579	0.242111	-0.135393	-0.080379	0.987526	0.723824	0.672583	0.153983	-0.676570	0.735644	-0.032883
55973	9.505962	1.176834	-0.376692	-0.136845	-0.040641	0.257352	-0.133841	-0.078375	0.987899	0.725098	0.671767	0.151531	-0.675514	0.736605	-0.033080
55974	9.393322	1.208896	-0.305213	-0.048857	-0.034516	0.270355	-0.132128	-0.076350	0.988288	0.725834	0.671556	0.148920	-0.675061	0.737009	-0.033314
55975	9.194284	1.423827	-0.325653	-0.048382	-0.044047	0.273985	-0.130473	-0.074211	0.988671	0.726523	0.671393	0.146273	-0.674642	0.737376	-0.033683
55976	9.154330	1.612196	-0.224273	-0.076109	-0.049203	0.274053	-0.128830	-0.072054	0.989045	0.727432	0.670978	0.143635	-0.673977	0.737968	-0.034028
55977	9.091629	1.609760	-0.340848	-0.142306	-0.057320	0.282165	-0.127200	-0.069764	0.989421	0.728754	0.670115	0.140938	-0.672858	0.738972	-0.034398
55978	9.149716	1.480667	-0.428173	-0.184766	-0.060332	0.282207	-0.125562	-0.067473	0.989789	0.730399	0.668882	0.138253	-0.671380	0.740300	-0.034704
55979	9.208947	1.292416	-0.434714	-0.190776	-0.063495	0.277068	-0.124000	-0.065176	0.990139	0.732027	0.667640	0.135623	-0.669896	0.741626	-0.035077
55980	9.423018	1.134549	-0.402005	-0.169159	-0.064120	0.257161	-0.122563	-0.063026	0.990457	0.733525	0.666486	0.133180	-0.668520	0.742848	-0.035455
55981	9.678178	1.104108	-0.373041	-0.146430	-0.059510	0.238750	-0.121246	-0.061019	0.990745	0.734797	0.665533	0.130913	-0.667362	0.743870	-0.035857
55982	9.889752	1.067510	-0.230210	-0.130377	-0.053536	0.220534	-0.120001	-0.059197	0.991007	0.735976	0.664639	0.128821	-0.666288	0.744816	-0.036190
55983	10.019553	0.967355	-0.184628	-0.127427	-0.046141	0.203546	-0.118847	-0.057526	0.991245	0.737070	0.663796	0.126896	-0.665284	0.745698	-0.036489
55984	10.101392	0.882027	-0.260987	-0.110164	-0.046661	0.183729	-0.117808	-0.055999	0.991456	0.738082	0.663003	0.125148	-0.664347	0.746519	-0.036775
55985	10.057510	0.888483	-0.327750	-0.077719	-0.047015	0.160771	-0.116971	-0.054607	0.991633	0.738790	0.662500	0.123629	-0.663708	0.747069	-0.037150
55986	9.910012	0.825123	-0.328050	-0.028632	-0.039645	0.146820	-0.116169	-0.053383	0.991794	0.739189	0.662314	0.122230	-0.663404	0.747322	-0.037481
55987	9.725742	0.836328	-0.369259	0.016360	-0.040274	0.135634	-0.115472	-0.052208	0.991938	0.739241	0.662496	0.120924	-0.663468	0.747244	-0.037906
55988	9.520388	0.880673	-0.364447	0.046588	-0.038765	0.124499	-0.114821	-0.051136	0.992069	0.739120	0.662850	0.119711	-0.663715	0.747004	-0.038313
55989	9.326844	0.935748	-0.412101	0.049213	-0.038385	0.109568	-0.114304	-0.050148	0.992179	0.738923	0.663261	0.118651	-0.664024	0.746706	-0.038758
55990	9.163092	1.009864	-0.484447	0.043982	-0.048412	0.099117	-0.113906	-0.049170	0.992274	0.738791	0.663578	0.117690	-0.664238	0.746489	-0.039259
55991	9.083454	1.038044	-0.512599	0.049564	-0.053407	0.086638	-0.113659	-0.048221	0.992349	0.738564	0.663979	0.116856	-0.664533	0.746195	-0.039853
55992	9.065942	1.021830	-0.545975	0.057780	-0.049239	0.077965	-0.113416	-0.047374	0.992418	0.738327	0.664376	0.116092	-0.664838	0.745896	-0.040373
55993	9.137655	1.018611	-0.534876	0.068520	-0.056191	0.068916	-0.113319	-0.046522	0.992469	0.737953	0.664907	0.115426	-0.665270	0.745476	-0.041015
55994	9.194959	0.997573	-0.530777	0.097954	-0.057742	0.053163	-0.113325	-0.045780	0.992503	0.737402	0.665610	0.114899	-0.665879	0.744895	-0.041672
55995	9.165468	1.065286	-0.497778	0.120637	-0.061248	0.045422	-0.113437	-0.045046	0.992524	0.736653	0.666517	0.114443	-0.666689	0.744128	-0.042424
55996	9.095729	1.087680	-0.425279	0.130926	-0.063977	0.033696	-0.113632	-0.044384	0.992531	0.735867	0.667444	0.114094	-0.667523	0.743336	-0.043182
55997	9.000008	1.122744	-0.425296	0.123302	-0.079127	0.033125	-0.113955	-0.043600	0.992529	0.735085	0.668363	0.113757	-0.668329	0.742556	-0.044114
55998	9.164508	1.165173	-0.469911	0.110166	-0.088158	0.012709	-0.114467	-0.042900	0.992500	0.734408	0.669130	0.113624	-0.668986	0.741907	-0.045088
55999	9.666571	1.038290	-0.491739	0.130522	-0.090223	0.008979	-0.115043	-0.042196	0.992464	0.733548	0.670090	0.113521	-0.669830	0.741080	-0.046137
56000	10.069939	1.101539	-0.380706	0.168993	-0.080914	0.012530	-0.115522	-0.041557	0.992435	0.732454	0.671312	0.113369	-0.670945	0.740009	-0.047113
56001	11.784988	1.110030	0.040991	0.209848	-0.047877	0.021085	-0.115727	-0.041086	0.992431	0.731072	0.672860	0.113106	-0.672414	0.738628	-0.047831
56002	12.563866	0.944128	0.068773	0.173555	0.032222	0.077266	-0.114968	-0.040849	0.992529	0.730016	0.674139	0.112306	-0.673690	0.737474	-0.047684
56003	10.101919	0.824270	-0.244993	0.045385	-0.008437	0.080430	-0.114476	-0.040270	0.992609	0.729806	0.674495	0.111531	-0.674002	0.737180	-0.047824
56004	8.800749	1.087033	-0.355191	-0.032343	-0.094108	0.027035	-0.114922	-0.039436	0.992591	0.730094	0.674219	0.111317	-0.673614	0.737477	-0.048691
56005	8.873160	0.885136	-0.605240	-0.005247	-0.111207	0.003278	-0.115685	-0.038619	0.992535	0.730136	0.674171	0.111333	-0.673437	0.737565	-0.049794
56006	9.514776	0.642576	-0.705698	0.165059	-0.082089	0.023058	-0.116083	-0.037902	0.992516	0.729079	0.675358	0.111063	-0.674513	0.736515	-0.050764
56007	9.869322	0.920121	-0.458459	0.249263	-0.032269	0.044453	-0.116015	-0.037390	0.992543	0.727451	0.677197	0.110540	-0.676281	0.734851	-0.051366
56008	9.734895	1.183121	-0.180960	0.176204	-0.019646	0.050700	-0.115796	-0.036941	0.992586	0.726365	0.678451	0.109988	-0.677484	0.733716	-0.051729
56009	9.603796	1.178924	-0.269757	0.068254	-0.040847	0.039896	-0.115820	-0.036396	0.992603	0.725953	0.678955	0.109602	-0.677922	0.733277	-0.052215
56010	9.678059	1.005147	-0.419665	0.045963	-0.055367	0.026813	-0.116008	-0.035846	0.992601	0.725724	0.679241	0.109347	-0.678135	0.733040	-0.052783
56011	9.795288	0.999378	-0.502662	0.069057	-0.056502	0.029573	-0.116215	-0.035257	0.992598	0.725294	0.679746	0.109063	-0.678560	0.732600	-0.053425
56012	9.843568	1.132483	-0.456150	0.079249	-0.053983	0.040440	-0.116309	-0.034629	0.992609	0.724836	0.680297	0.108666	-0.679032	0.732118	-0.054024
56013	9.798889	1.240836	-0.511546	0.055165	-0.050780	0.051903	-0.116315	-0.033930	0.992633	0.724525	0.680708	0.108167	-0.679363	0.731769	-0.054593
56014	9.735914	1.212018	-0.488613	0.017134	-0.050764	0.057231	-0.116258	-0.033210	0.992664	0.724517	0.680801	0.107630	-0.679381	0.731715	-0.055087
56015	9.708049	1.147992	-0.541549	-0.011160	-0.045963	0.054046	-0.116216	-0.032531	0.992691	0.724660	0.680726	0.107145	-0.679237	0.731815	-0.055537
56016	9.717838	1.081059	-0.575326	-0.011145	-0.045952	0.054035	-0.116143	-0.031867	0.992721	0.724842	0.680610	0.106651	-0.679055	0.731952	-0.055949
56017	9.708339	1.026258	-0.599849	0.014135	-0.037229	0.051868	-0.116057	-0.031268	0.992750	0.724810	0.680719	0.106174	-0.679104	0.731877	-0.056339
56018	9.730711	1.041057	-0.517147	0.039131	-0.032198	0.053728	-0.115908	-0.030712	0.992785	0.724623	0.680996	0.105667	-0.679328	0.731642	-0.056679
56019	9.721834	1.097266	-0.491190	0.039171	-0.030439	0.056664	-0.115742	-0.030129	0.992822	0.724426	0.681289	0.105128	-0.679566	0.731394	-0.057028
56020	9.755512	1.118935	-0.461079	0.018379	-0.030555	0.063633	-0.115510	-0.029515	0.992868	0.724407	0.681401	0.104533	-0.679626	0.731315	-0.057328
56021	9.752558	1.101458	-0.522754	-0.007682	-0.030523	0.064288	-0.115289	-0.028879	0.992912	0.724537	0.681353	0.103945	-0.679525	0.731385	-0.057628
56022	9.728065	1.047408	-0.514926	-0.011363	-0.027683	0.074898	-0.114947	-0.028203	0.992971	0.724764	0.681218	0.103247	-0.679341	0.731538	-0.057863
56023	9.722703	0.980898	-0.515677	-0.003951	-0.021445	0.070423	-0.114619	-0.027592	0.993026	0.724875	0.681197	0.102596	-0.679278	0.731580	-0.058078
56024	9.714761	1.014290	-0.524977	0.008815	-0.020065	0.081020	-0.114182	-0.026935	0.993095	0.724942	0.681242	0.101828	-0.679280	0.731563	-0.058259
56025	9.734156	1.015213	-0.499358	0.008835	-0.020050	0.081006	-0.113768	-0.026262	0.993160	0.724978	0.681317	0.101064	-0.679311	0.731517	-0.058472
56026	9.734879	1.007332	-0.501224	0.002058	-0.017146	0.080339	-0.113326	-0.025632	0.993227	0.725093	0.681305	0.100315	-0.679262	0.731551	-0.058624
56027	9.735585	0.999650	-0.502892	-0.004591	-0.017383	0.077621	-0.112919	-0.025002	0.993290	0.725216	0.681280	0.099592	-0.679199	0.731596	-0.058798
56028	9.725646	0.963560	-0.488097	-0.008034	-0.014351	0.078309	-0.112462	-0.024403	0.993356	0.725404	0.681187	0.098860	-0.679074	0.731702	-0.058905
56029	9.734757	0.915104	-0.482107	-0.007203	-0.013083	0.079883	-0.112008	-0.023789	0.993422	0.725546	0.681143	0.098116	-0.678997	0.731764	-0.059034
56030	9.739754	0.876640	-0.498140	-0.006451	-0.015320	0.075572	-0.111562	-0.023198	0.993487	0.725733	0.681047	0.097397	-0.678871	0.731872	-0.059143
56031	9.737991	0.800154	-0.475978	-0.007574	-0.013781	0.072195	-0.111169	-0.022631	0.993544	0.725869	0.680997	0.096730	-0.678790	0.731936	-0.059278
56032	9.719749	0.784350	-0.504846	0.007003	-0.011510	0.073095	-0.110709	-0.022079	0.993608	0.725996	0.680963	0.096023	-0.678730	0.731985	-0.059360
56033	9.753758	0.804866	-0.472648	0.011365	-0.009963	0.066114	-0.110334	-0.021581	0.993660	0.725996	0.681049	0.095405	-0.678791	0.731919	-0.059475
