// General information: 
//  MT Manager version: 2022.2.0 
//  XDA version: 2022.2.0 build 7381 rev 124627 built on 2023-07-19
// Device information: 
//  DeviceId: 00B4CAF0
//  ProductCode: MTW2-3A7G6
//  Firmware Version: 4.6.0
//  Hardware Version: 2.0.0
// Device settings: 
//  Filter Profile: human(46.1)
//  Option Flags: Orientation Smoother Disabled, Position/Velocity Smoother Disabled, Continuous Zero Rotation Update Disabled, AHS Disabled, ICC Disabled
// Coordinate system: ENU
PacketCounter	Acc_X	Acc_Y	Acc_Z	Gyr_X	Gyr_Y	Gyr_Z	Mat[1][1]	Mat[2][1]	Mat[3][1]	Mat[1][2]	Mat[2][2]	Mat[3][2]	Mat[1][3]	Mat[2][3]	Mat[3][3]
15508	4.424971	-0.659836	9.192442	0.001651	0.002521	0.006422	-0.854368	0.286245	0.433727	-0.343936	-0.937137	-0.059016	0.389568	-0.199596	0.899110
15509	4.440391	-0.612865	9.226322	0.007737	0.003357	0.006122	-0.854378	0.286210	0.433730	-0.343882	-0.937159	-0.058978	0.389594	-0.199542	0.899111
15510	4.420561	-0.624516	9.252340	0.006091	0.003322	0.004673	-0.854377	0.286203	0.433737	-0.343861	-0.937169	-0.058943	0.389615	-0.199505	0.899109
15511	4.468925	-0.628668	9.218003	0.003545	0.002207	0.010919	-0.854462	0.285931	0.433748	-0.343575	-0.937272	-0.058966	0.389680	-0.199410	0.899102
15512	4.468516	-0.628870	9.218187	0.001407	0.005356	0.008347	-0.854481	0.285894	0.433735	-0.343541	-0.937283	-0.058990	0.389668	-0.199411	0.899107
15513	4.442614	-0.618214	9.250608	0.004515	0.006930	0.011445	-0.854553	0.285730	0.433702	-0.343360	-0.937349	-0.059005	0.389670	-0.199339	0.899122
15514	4.416573	-0.636919	9.200007	-0.000115	0.005147	0.008422	-0.854572	0.285692	0.433691	-0.343331	-0.937357	-0.059042	0.389655	-0.199355	0.899125
15515	4.326111	-0.766962	9.210257	0.001591	0.003851	0.008146	-0.854560	0.285737	0.433685	-0.343390	-0.937334	-0.059068	0.389629	-0.199400	0.899127
15516	4.398290	-0.666861	9.196342	0.000496	-0.000698	0.006096	-0.854547	0.285709	0.433727	-0.343379	-0.937336	-0.059089	0.389666	-0.199428	0.899105
15517	4.421476	-0.660341	9.194087	0.002616	0.004757	0.001975	-0.854591	0.285588	0.433721	-0.343242	-0.937387	-0.059081	0.389692	-0.199361	0.899108
15518	4.415342	-0.637447	9.200561	-0.000243	0.002835	0.001925	-0.854578	0.285606	0.433734	-0.343269	-0.937376	-0.059091	0.389696	-0.199386	0.899101
15519	4.415132	-0.637498	9.200658	0.001586	0.001365	0.003173	-0.854599	0.285512	0.433754	-0.343173	-0.937411	-0.059098	0.389733	-0.199358	0.899091
15520	4.438107	-0.630978	9.198508	-0.001042	0.007699	-0.000522	-0.854597	0.285562	0.433725	-0.343225	-0.937392	-0.059104	0.389693	-0.199376	0.899105
15521	4.453230	-0.584308	9.232515	-0.000487	0.005671	0.003850	-0.854637	0.285468	0.433709	-0.343128	-0.937425	-0.059132	0.389689	-0.199354	0.899111
15522	4.415730	-0.625753	9.254563	0.004753	0.001607	0.004548	-0.854629	0.285459	0.433731	-0.343114	-0.937432	-0.059108	0.389721	-0.199335	0.899101
15523	4.417497	-0.642850	9.224870	0.006582	0.000136	0.005797	-0.854639	0.285381	0.433763	-0.343024	-0.937467	-0.059080	0.389778	-0.199283	0.899088
15524	4.458488	-0.606585	9.226505	0.006830	-0.000212	0.008845	-0.854638	0.285328	0.433800	-0.342965	-0.937490	-0.059056	0.389833	-0.199250	0.899072
15525	4.419283	-0.659641	9.195192	0.008351	-0.000004	0.008770	-0.854656	0.285227	0.433830	-0.342848	-0.937535	-0.059025	0.389896	-0.199184	0.899059
15526	4.436603	-0.630024	9.199299	0.002681	0.005914	0.005223	-0.854666	0.285221	0.433814	-0.342836	-0.937539	-0.059023	0.389883	-0.199172	0.899067
15527	4.398972	-0.671676	9.221395	-0.001577	0.003610	0.006771	-0.854699	0.285123	0.433813	-0.342751	-0.937567	-0.059073	0.389886	-0.199179	0.899064
15528	4.417950	-0.659956	9.195810	0.000976	0.007210	0.005498	-0.854716	0.285117	0.433785	-0.342743	-0.937569	-0.059087	0.389857	-0.199180	0.899077
15529	4.411425	-0.637290	9.202451	-0.000853	0.008681	0.004249	-0.854654	0.285376	0.433737	-0.343028	-0.937463	-0.059116	0.389742	-0.199307	0.899098
15530	4.439684	-0.653805	9.194241	0.000362	0.010568	0.002850	-0.854674	0.285401	0.433680	-0.343045	-0.937456	-0.059125	0.389682	-0.199304	0.899125
15531	4.413347	-0.643139	9.226836	-0.003112	0.012006	0.000152	-0.854739	0.285317	0.433607	-0.342951	-0.937488	-0.059160	0.389623	-0.199273	0.899158
15532	4.412235	-0.643417	9.227349	-0.001344	0.011865	0.003125	-0.854765	0.285342	0.433539	-0.342973	-0.937479	-0.059186	0.389545	-0.199282	0.899189
15533	4.387879	-0.650379	9.230109	-0.005666	0.008405	0.001424	-0.854792	0.285325	0.433497	-0.342972	-0.937475	-0.059249	0.389487	-0.199323	0.899205
15534	4.430068	-0.632109	9.202305	0.000605	0.007733	0.000926	-0.854795	0.285362	0.433467	-0.343004	-0.937463	-0.059247	0.389452	-0.199325	0.899220
15535	4.427500	-0.615041	9.232370	-0.005236	0.006552	0.004271	-0.854896	0.285098	0.433442	-0.342740	-0.937555	-0.059321	0.389464	-0.199272	0.899227
15536	4.432470	-0.638442	9.226426	-0.002682	0.010152	0.002999	-0.854915	0.285120	0.433389	-0.342768	-0.937543	-0.059358	0.389397	-0.199298	0.899250
15537	4.425818	-0.615907	9.233119	-0.002622	0.008821	0.001275	-0.854994	0.284947	0.433348	-0.342584	-0.937608	-0.059394	0.389386	-0.199239	0.899267
15538	4.430771	-0.639180	9.227191	-0.004021	0.008439	0.002873	-0.855006	0.284967	0.433310	-0.342618	-0.937593	-0.059442	0.389329	-0.199283	0.899282
15539	4.406621	-0.646086	9.229845	-0.000671	0.007175	0.004049	-0.855061	0.284850	0.433280	-0.342495	-0.937636	-0.059472	0.389318	-0.199248	0.899295
15540	4.400295	-0.623309	9.236396	0.002862	0.004407	0.005025	-0.855065	0.284842	0.433277	-0.342484	-0.937640	-0.059468	0.389319	-0.199239	0.899297
15541	4.409463	-0.651535	9.253808	0.006151	0.004474	0.007925	-0.855037	0.284943	0.433265	-0.342584	-0.937604	-0.059451	0.389291	-0.199262	0.899304
15542	4.409227	-0.651421	9.253928	0.003657	-0.000456	0.007472	-0.855031	0.284902	0.433305	-0.342549	-0.937617	-0.059450	0.389336	-0.199260	0.899285
15543	4.430677	-0.627631	9.281388	-0.001460	0.000948	0.003322	-0.854984	0.285008	0.433327	-0.342684	-0.937566	-0.059482	0.389320	-0.199350	0.899272
15544	4.371970	-0.693592	9.275728	-0.010776	-0.001280	-0.001007	-0.854945	0.285046	0.433379	-0.342777	-0.937526	-0.059574	0.389323	-0.199485	0.899240
15545	4.419558	-0.612987	9.210624	-0.016130	-0.008131	-0.001512	-0.854861	0.285137	0.433485	-0.342966	-0.937448	-0.059718	0.389342	-0.199721	0.899180
15546	4.469058	-0.589158	9.258802	-0.010043	-0.007300	-0.001808	-0.854796	0.285170	0.433592	-0.343063	-0.937407	-0.059800	0.389399	-0.199867	0.899123
15547	4.422652	-0.632415	9.180142	-0.010470	-0.002960	0.000317	-0.854737	0.285254	0.433654	-0.343214	-0.937345	-0.059900	0.389396	-0.200035	0.899087
15548	4.395434	-0.634395	9.158902	-0.009498	0.001763	0.000844	-0.854716	0.285280	0.433677	-0.343286	-0.937313	-0.059989	0.389378	-0.200149	0.899069
15549	4.369759	-0.722240	9.168061	-0.002492	-0.002445	0.004519	-0.854692	0.285268	0.433732	-0.343307	-0.937303	-0.060036	0.389412	-0.200215	0.899040
15550	4.385483	-0.705016	9.118755	-0.001705	0.001297	0.000274	-0.854668	0.285298	0.433760	-0.343354	-0.937284	-0.060052	0.389424	-0.200258	0.899025
15551	4.405083	-0.663586	9.176000	0.004749	-0.000881	-0.000422	-0.854667	0.285231	0.433806	-0.343274	-0.937316	-0.060013	0.389496	-0.200206	0.899005
15552	4.449726	-0.632626	9.201302	0.005109	0.007200	-0.002541	-0.854656	0.285299	0.433783	-0.343319	-0.937303	-0.059956	0.389481	-0.200168	0.899020
15553	4.427654	-0.626884	9.257194	0.002311	0.006435	0.000654	-0.854664	0.285311	0.433759	-0.343321	-0.937303	-0.059944	0.389461	-0.200150	0.899033
15554	4.419283	-0.615828	9.210566	0.000729	0.007557	0.002452	-0.854671	0.285333	0.433730	-0.343340	-0.937296	-0.059947	0.389428	-0.200152	0.899047
15555	4.441907	-0.609309	9.208627	0.002190	0.009095	0.004103	-0.854685	0.285366	0.433682	-0.343366	-0.937287	-0.059950	0.389376	-0.200150	0.899070
15556	4.425328	-0.626729	9.258317	0.003712	0.009303	0.004029	-0.854704	0.285378	0.433636	-0.343360	-0.937290	-0.059934	0.389339	-0.200119	0.899093
15557	4.444195	-0.614376	9.232883	0.009195	0.004887	0.007779	-0.854675	0.285488	0.433622	-0.343458	-0.937257	-0.059888	0.389317	-0.200116	0.899103
15558	4.425956	-0.643200	9.229222	0.012300	0.006458	0.010880	-0.854707	0.285430	0.433597	-0.343360	-0.937297	-0.059824	0.389333	-0.200012	0.899119
15559	4.401813	-0.649125	9.231925	0.010472	0.007930	0.009629	-0.854707	0.285493	0.433555	-0.343397	-0.937286	-0.059776	0.389300	-0.199972	0.899142
15560	4.447859	-0.635643	9.227709	0.009073	0.007548	0.011227	-0.854744	0.285433	0.433521	-0.343309	-0.937320	-0.059742	0.389295	-0.199896	0.899161
15561	4.396399	-0.642684	9.209264	0.011994	0.008137	0.009555	-0.854796	0.285342	0.433478	-0.343173	-0.937374	-0.059681	0.389302	-0.199773	0.899186
15562	4.405262	-0.670492	9.226847	0.009133	0.006217	0.009502	-0.854823	0.285296	0.433457	-0.343099	-0.937404	-0.059640	0.389309	-0.199700	0.899199
15563	4.377366	-0.671046	9.206016	0.008889	0.006566	0.006454	-0.854796	0.285417	0.433429	-0.343204	-0.937368	-0.059591	0.389274	-0.199693	0.899215
15564	4.400141	-0.664044	9.204051	0.007245	0.006533	0.005004	-0.854808	0.285414	0.433407	-0.343176	-0.937382	-0.059547	0.389272	-0.199637	0.899229
15565	4.394058	-0.640777	9.210514	0.004810	0.000273	0.002828	-0.854785	0.285436	0.433439	-0.343197	-0.937376	-0.059521	0.389306	-0.199632	0.899215
15566	4.426902	-0.662034	9.225531	0.010715	0.002606	0.002734	-0.854774	0.285446	0.433454	-0.343175	-0.937389	-0.059436	0.389349	-0.199555	0.899214
15567	4.442369	-0.614615	9.259433	0.006088	0.003316	0.004677	-0.854861	0.285177	0.433459	-0.342869	-0.937503	-0.059410	0.389426	-0.199407	0.899213
15568	4.439886	-0.626116	9.206499	0.006818	0.008386	0.002154	-0.854871	0.285204	0.433422	-0.342867	-0.937507	-0.059357	0.389407	-0.199349	0.899234
15569	4.417755	-0.620242	9.262369	0.005905	0.004821	0.004877	-0.854906	0.285110	0.433415	-0.342751	-0.937551	-0.059330	0.389433	-0.199275	0.899239
15570	4.391941	-0.638340	9.211693	0.005783	0.004995	0.003353	-0.854906	0.285119	0.433408	-0.342743	-0.937556	-0.059293	0.389439	-0.199237	0.899245
15571	4.414967	-0.631581	9.209595	0.002922	0.003076	0.003300	-0.855039	0.284709	0.433415	-0.342294	-0.937720	-0.059291	0.389542	-0.199052	0.899242
15572	4.418483	-0.636880	9.233240	0.004566	0.003109	0.004751	-0.855037	0.284701	0.433425	-0.342279	-0.937727	-0.059270	0.389560	-0.199030	0.899239
15573	4.451037	-0.658750	9.248367	-0.002252	0.005813	0.000870	-0.855035	0.284736	0.433406	-0.342325	-0.937708	-0.059300	0.389523	-0.199069	0.899246
15574	4.421343	-0.672002	9.174193	-0.000365	0.005498	0.005369	-0.855045	0.284727	0.433393	-0.342324	-0.937707	-0.059326	0.389504	-0.199087	0.899250
15575	4.440096	-0.630865	9.231774	-0.001582	0.012214	0.000070	-0.855074	0.284752	0.433319	-0.342342	-0.937699	-0.059346	0.389423	-0.199089	0.899285
15576	4.433301	-0.608128	9.238532	-0.003165	0.010850	-0.003105	-0.855075	0.284834	0.433263	-0.342424	-0.937668	-0.059361	0.389349	-0.199118	0.899311
15577	4.432194	-0.608437	9.239043	-0.004809	0.013305	0.000415	-0.855110	0.284856	0.433178	-0.342451	-0.937656	-0.059412	0.389248	-0.199145	0.899348
15578	4.398117	-0.586947	9.224611	-0.002922	0.010502	-0.000057	-0.855121	0.284908	0.433124	-0.342505	-0.937634	-0.059437	0.389177	-0.199173	0.899373
15579	4.400635	-0.690624	9.225729	0.000730	0.007558	0.002447	-0.855098	0.285025	0.433092	-0.342629	-0.937588	-0.059444	0.389119	-0.199221	0.899388
15580	4.367228	-0.668756	9.210996	0.001460	0.001538	0.001651	-0.855079	0.285043	0.433117	-0.342652	-0.937580	-0.059438	0.389139	-0.199233	0.899376
15581	4.408067	-0.632502	9.212837	0.007244	0.004044	0.000035	-0.855100	0.284981	0.433116	-0.342558	-0.937618	-0.059380	0.389175	-0.199143	0.899380
15582	4.413582	-0.654744	9.206732	0.005967	0.001001	-0.001815	-0.855068	0.285030	0.433148	-0.342594	-0.937609	-0.059318	0.389216	-0.199115	0.899369
15583	4.423014	-0.682725	9.224046	0.001339	0.001712	0.000126	-0.854994	0.285221	0.433167	-0.342804	-0.937533	-0.059310	0.389192	-0.199201	0.899360
15584	4.434785	-0.630284	9.234366	0.002982	0.001745	0.001578	-0.854976	0.285240	0.433190	-0.342822	-0.937528	-0.059289	0.389216	-0.199198	0.899350
15585	4.421179	-0.596202	9.193784	0.004322	0.003457	0.001704	-0.855007	0.285140	0.433196	-0.342702	-0.937573	-0.059264	0.389254	-0.199128	0.899349
15586	4.438020	-0.635231	9.258164	0.002800	0.003250	0.001777	-0.854995	0.285160	0.433206	-0.342719	-0.937568	-0.059246	0.389265	-0.199123	0.899346
15587	4.433820	-0.629501	9.234883	0.004018	0.005135	0.000379	-0.855025	0.285082	0.433198	-0.342618	-0.937607	-0.059217	0.389287	-0.199053	0.899351
15588	4.451040	-0.599886	9.239090	0.002738	0.004581	0.003500	-0.855025	0.285089	0.433195	-0.342621	-0.937606	-0.059207	0.389287	-0.199045	0.899354
15589	4.434856	-0.646635	9.205595	0.002859	0.004407	0.005024	-0.855012	0.285138	0.433188	-0.342673	-0.937587	-0.059207	0.389269	-0.199065	0.899357
15590	4.407169	-0.647444	9.184624	0.007546	0.004854	0.006330	-0.855022	0.285118	0.433180	-0.342632	-0.937605	-0.059166	0.389282	-0.199010	0.899363
15591	4.410513	-0.652719	9.208347	0.001216	0.004374	0.003572	-0.855085	0.284940	0.433174	-0.342440	-0.937674	-0.059179	0.389314	-0.198939	0.899365
15592	4.369083	-0.688361	9.206827	0.007790	0.002017	0.004408	-0.855077	0.284933	0.433193	-0.342415	-0.937686	-0.059128	0.389352	-0.198891	0.899360
15593	4.374672	-0.710689	9.200694	0.007851	0.000686	0.002686	-0.855077	0.284891	0.433222	-0.342353	-0.937713	-0.059074	0.389408	-0.198827	0.899349
15594	4.419725	-0.679738	9.225843	0.005234	-0.004069	0.000711	-0.855033	0.284907	0.433298	-0.342369	-0.937709	-0.059030	0.389490	-0.198820	0.899315
15595	4.416614	-0.575645	9.224982	0.007913	-0.000646	0.000963	-0.855080	0.284700	0.433340	-0.342128	-0.937801	-0.058971	0.389597	-0.198682	0.899299
15596	4.437760	-0.649182	9.229722	0.006694	-0.002531	0.002361	-0.855048	0.284704	0.433401	-0.342124	-0.937806	-0.058921	0.389671	-0.198657	0.899273
15597	4.424646	-0.614887	9.188906	0.004931	-0.002391	-0.000615	-0.854943	0.284934	0.433457	-0.342372	-0.937718	-0.058876	0.389684	-0.198739	0.899249
15598	4.432266	-0.625401	9.235907	0.004625	0.001778	0.003029	-0.854930	0.284940	0.433479	-0.342371	-0.937720	-0.058847	0.389714	-0.198721	0.899240
15599	4.451982	-0.613062	9.210114	0.005113	-0.003896	-0.000813	-0.854915	0.284876	0.433551	-0.342299	-0.937749	-0.058804	0.389810	-0.198676	0.899208
15600	4.434383	-0.642049	9.206144	0.004625	0.001778	0.003029	-0.854902	0.284881	0.433573	-0.342298	-0.937751	-0.058775	0.389840	-0.198658	0.899200
15601	4.434258	-0.641645	9.206233	0.006209	0.000652	0.001233	-0.854906	0.284823	0.433603	-0.342222	-0.937782	-0.058730	0.389897	-0.198597	0.899188
15602	4.397501	-0.613816	9.167800	0.006391	-0.000853	0.001035	-0.854876	0.284842	0.433650	-0.342231	-0.937782	-0.058677	0.389955	-0.198570	0.899169
15603	4.410904	-0.647033	9.208561	0.006270	-0.000679	-0.000489	-0.854825	0.284933	0.433691	-0.342317	-0.937754	-0.058623	0.389992	-0.198572	0.899153
15604	4.443871	-0.668399	9.223568	0.004687	0.000446	0.001306	-0.854800	0.284952	0.433726	-0.342331	-0.937751	-0.058586	0.390033	-0.198557	0.899138
15605	4.405125	-0.623246	9.214875	0.004566	0.000619	-0.000218	-0.854764	0.285019	0.433754	-0.342395	-0.937730	-0.058550	0.390056	-0.198561	0.899127
15606	4.434305	-0.639270	9.206376	0.004990	-0.001232	0.002632	-0.854738	0.285022	0.433804	-0.342396	-0.937732	-0.058516	0.390113	-0.198548	0.899105
15607	4.442450	-0.581458	9.193064	-0.001704	0.001299	0.000271	-0.854735	0.284994	0.433828	-0.342381	-0.937736	-0.058538	0.390133	-0.198569	0.899092
15608	4.430425	-0.604277	9.265834	0.003589	-0.001612	0.004229	-0.854713	0.284982	0.433880	-0.342374	-0.937739	-0.058524	0.390188	-0.198570	0.899068
15609	4.455824	-0.615019	9.233820	0.004807	0.000273	0.002830	-0.854747	0.284833	0.433911	-0.342208	-0.937802	-0.058500	0.390259	-0.198490	0.899055
15610	4.455794	-0.614802	9.233849	0.003406	-0.000106	0.004427	-0.854731	0.284822	0.433949	-0.342199	-0.937805	-0.058488	0.390301	-0.198489	0.899037
15611	4.451977	-0.609247	9.210370	0.003406	-0.000106	0.004427	-0.854790	0.284592	0.433984	-0.341954	-0.937895	-0.058485	0.390387	-0.198395	0.899020
15612	4.434136	-0.638640	9.206500	0.001641	0.002525	0.006420	-0.854791	0.284567	0.433998	-0.341935	-0.937901	-0.058498	0.390400	-0.198403	0.899013
15613	4.462872	-0.655163	9.198184	0.001035	0.005881	0.003768	-0.854834	0.284468	0.433979	-0.341828	-0.937939	-0.058511	0.390401	-0.198363	0.899021
15614	4.427289	-0.615982	9.213247	-0.000973	0.008858	0.002712	-0.854847	0.284490	0.433938	-0.341852	-0.937929	-0.058531	0.390351	-0.198377	0.899040
15615	4.426380	-0.616161	9.213672	0.000488	0.010396	0.004362	-0.854950	0.284270	0.433879	-0.341605	-0.938018	-0.058553	0.390341	-0.198275	0.899067
15616	4.405886	-0.628111	9.239858	0.004137	0.007452	0.006869	-0.854973	0.284250	0.433848	-0.341573	-0.938030	-0.058545	0.390320	-0.198245	0.899082
15617	4.432367	-0.656330	9.178550	0.006878	0.009543	0.005397	-0.854981	0.284308	0.433793	-0.341608	-0.938020	-0.058512	0.390271	-0.198213	0.899111
15618	4.408182	-0.662503	9.181214	0.004078	0.006293	0.003622	-0.854988	0.284317	0.433774	-0.341604	-0.938022	-0.058490	0.390260	-0.198187	0.899121
15619	4.403707	-0.656725	9.158072	0.006940	0.008210	0.003675	-0.855032	0.284244	0.433734	-0.341497	-0.938064	-0.058450	0.390256	-0.198095	0.899143
15620	4.381490	-0.650730	9.213894	0.005782	0.004994	0.003352	-0.855033	0.284253	0.433727	-0.341489	-0.938069	-0.058412	0.390262	-0.198057	0.899149
15621	4.421994	-0.614434	9.215893	0.005057	0.008522	-0.000825	-0.855000	0.284417	0.433684	-0.341639	-0.938017	-0.058367	0.390202	-0.198067	0.899173
15622	4.421513	-0.614037	9.216150	0.004624	0.001777	0.003029	-0.854987	0.284422	0.433706	-0.341637	-0.938019	-0.058339	0.390232	-0.198049	0.899164
15623	4.426839	-0.636645	9.210149	0.005720	0.006326	0.005074	-0.855000	0.284417	0.433684	-0.341615	-0.938029	-0.058313	0.390223	-0.198010	0.899176
15624	4.426169	-0.636458	9.210484	0.000491	0.007905	-0.000609	-0.854999	0.284468	0.433653	-0.341661	-0.938013	-0.058306	0.390186	-0.198014	0.899192
15625	4.448873	-0.629900	9.208571	0.002253	0.007765	0.002367	-0.854978	0.284587	0.433615	-0.341780	-0.937970	-0.058300	0.390127	-0.198046	0.899210
15626	4.446265	-0.612334	9.238605	0.002556	0.006087	0.003694	-0.854984	0.284595	0.433598	-0.341781	-0.937970	-0.058293	0.390112	-0.198035	0.899219
15627	4.437988	-0.571758	9.274824	0.005719	0.006326	0.005074	-0.854928	0.284803	0.433573	-0.341991	-0.937895	-0.058266	0.390052	-0.198091	0.899233
15628	4.427657	-0.641456	9.235113	0.000360	-0.000518	0.004572	-0.854911	0.284790	0.433615	-0.341994	-0.937893	-0.058282	0.390087	-0.198119	0.899211
15629	4.398304	-0.625166	9.243669	-0.000426	0.004343	0.002116	-0.855005	0.284509	0.433614	-0.341695	-0.938001	-0.058303	0.390143	-0.198013	0.899210
15630	4.431388	-0.647164	9.258615	-0.000372	-0.008077	0.002133	-0.854950	0.284503	0.433726	-0.341721	-0.937991	-0.058315	0.390240	-0.198070	0.899156
15631	4.420661	-0.630983	9.187819	-0.000976	-0.004721	-0.000520	-0.854947	0.284391	0.433805	-0.341623	-0.938025	-0.058328	0.390332	-0.198065	0.899117
15632	4.448519	-0.630028	9.208733	-0.000190	-0.009582	0.001936	-0.854886	0.284384	0.433930	-0.341650	-0.938015	-0.058338	0.390442	-0.198124	0.899056
15633	4.445348	-0.624856	9.184922	-0.002320	-0.003940	0.004322	-0.854822	0.284475	0.433996	-0.341784	-0.937964	-0.058382	0.390465	-0.198239	0.899021
15634	4.492190	-0.612309	9.180368	-0.003590	0.004104	0.000737	-0.854811	0.284506	0.433999	-0.341834	-0.937943	-0.058417	0.390446	-0.198291	0.899017
15635	4.489475	-0.595513	9.210410	-0.009127	0.012346	0.003663	-0.854901	0.284350	0.433923	-0.341690	-0.937989	-0.058521	0.390375	-0.198297	0.899047
15636	4.511321	-0.590060	9.208855	-0.008697	0.021583	0.004776	-0.854971	0.284378	0.433766	-0.341725	-0.937970	-0.058620	0.390190	-0.198347	0.899116
15637	4.483645	-0.580203	9.241871	-0.012708	0.027538	0.002661	-0.855065	0.284420	0.433554	-0.341776	-0.937943	-0.058751	0.389938	-0.198415	0.899211
15638	4.453902	-0.582593	9.221770	-0.010589	0.026879	0.010209	-0.855175	0.284408	0.433346	-0.341773	-0.937936	-0.058890	0.389702	-0.198468	0.899302
15639	4.437037	-0.618851	9.242606	-0.009858	0.034437	0.012650	-0.855310	0.284429	0.433065	-0.341793	-0.937919	-0.059038	0.389388	-0.198514	0.899427
15640	4.394624	-0.673823	9.212577	-0.014425	0.033820	0.012862	-0.855455	0.284406	0.432793	-0.341782	-0.937911	-0.059223	0.389079	-0.198583	0.899546
15641	4.299030	-0.787438	9.253369	-0.012596	0.029856	0.009149	-0.855649	0.284182	0.432557	-0.341549	-0.937986	-0.059384	0.388856	-0.198551	0.899649
15642	4.447368	-0.680601	9.280943	-0.016245	0.019224	0.003404	-0.855705	0.284218	0.432422	-0.341625	-0.937948	-0.059544	0.388665	-0.198679	0.899703
15643	4.461342	-0.635873	9.315364	-0.027256	0.018307	-0.000676	-0.855703	0.284418	0.432294	-0.341919	-0.937826	-0.059790	0.388411	-0.198971	0.899748
15644	4.486665	-0.637475	9.337363	-0.031020	0.021428	-0.004713	-0.855740	0.284535	0.432144	-0.342122	-0.937735	-0.060048	0.388151	-0.199232	0.899803
15645	4.466035	-0.613110	9.220645	-0.035715	0.023473	-0.001059	-0.855699	0.284926	0.431968	-0.342645	-0.937524	-0.060366	0.387781	-0.199666	0.899866
15646	4.413352	-0.623749	9.202325	-0.032018	0.021682	0.004698	-0.855769	0.284955	0.431811	-0.342771	-0.937457	-0.060674	0.387515	-0.199935	0.899921
15647	4.296076	-0.676705	9.184272	-0.033605	0.022807	0.006490	-0.855911	0.284789	0.431638	-0.342692	-0.937464	-0.061012	0.387270	-0.200140	0.899981
15648	4.268589	-0.795532	9.111049	-0.016121	0.016560	-0.000039	-0.855945	0.284852	0.431530	-0.342798	-0.937416	-0.061156	0.387102	-0.200274	0.900023
15649	4.252497	-0.745079	9.100427	-0.003943	0.004628	-0.003837	-0.855901	0.284989	0.431526	-0.342957	-0.937357	-0.061179	0.387058	-0.200358	0.900024
15650	4.363811	-0.689548	9.095924	0.007441	0.000046	-0.005117	-0.855853	0.285067	0.431569	-0.343014	-0.937342	-0.061090	0.387113	-0.200318	0.900009
15651	4.352363	-0.642674	9.108502	0.012126	0.000488	-0.003800	-0.855714	0.285436	0.431601	-0.343372	-0.937219	-0.060966	0.387102	-0.200369	0.900002
15652	4.404588	-0.622127	9.180992	0.010603	0.000282	-0.003731	-0.855672	0.285502	0.431641	-0.343406	-0.937214	-0.060854	0.387166	-0.200299	0.899991
15653	4.467042	-0.561031	9.210604	0.016510	0.002609	-0.003809	-0.855645	0.285560	0.431656	-0.343405	-0.937224	-0.060694	0.387227	-0.200165	0.899994
15654	4.384402	-0.631243	9.207069	0.011696	0.004828	-0.001681	-0.855628	0.285616	0.431654	-0.343417	-0.937227	-0.060581	0.387255	-0.200072	0.900003
15655	4.455731	-0.598768	9.254179	0.012789	0.009374	0.000370	-0.855570	0.285865	0.431602	-0.343630	-0.937156	-0.060471	0.387192	-0.200048	0.900035
15656	4.424066	-0.593293	9.209814	0.011736	0.008471	0.006535	-0.855595	0.285851	0.431562	-0.343571	-0.937183	-0.060393	0.387189	-0.199944	0.900059
15657	4.399109	-0.696825	9.189773	0.015938	0.012097	0.006724	-0.855634	0.285852	0.431485	-0.343506	-0.937214	-0.060284	0.387161	-0.199798	0.900104
15658	4.395764	-0.648720	9.303000	0.020062	0.005966	0.010366	-0.855663	0.285797	0.431465	-0.343383	-0.937268	-0.060147	0.387208	-0.199623	0.900122
15659	4.490448	-0.609789	9.347984	0.013375	0.008503	0.007989	-0.855760	0.285575	0.431418	-0.343095	-0.937378	-0.060070	0.387248	-0.199423	0.900150
15660	4.417685	-0.640602	9.301668	0.004007	0.007619	0.005355	-0.855777	0.285570	0.431387	-0.343077	-0.937386	-0.060057	0.387225	-0.199394	0.900166
15661	4.443963	-0.639812	9.323398	-0.004202	0.009951	0.003047	-0.855737	0.285780	0.431329	-0.343315	-0.937295	-0.060110	0.387104	-0.199520	0.900190
15662	4.404901	-0.625114	9.231916	-0.008886	0.009509	0.001729	-0.855749	0.285813	0.431282	-0.343378	-0.937266	-0.060198	0.387021	-0.199607	0.900207
15663	4.368581	-0.684802	9.224147	-0.012164	0.009447	-0.001182	-0.855742	0.285906	0.431234	-0.343515	-0.937209	-0.060307	0.386914	-0.199742	0.900223
15664	4.399531	-0.621454	9.209096	-0.005660	0.008414	0.001393	-0.855749	0.285940	0.431197	-0.343567	-0.937186	-0.060363	0.386852	-0.199801	0.900236
15665	4.388742	-0.691734	9.169440	-0.005842	0.009919	0.001591	-0.855812	0.285835	0.431142	-0.343467	-0.937218	-0.060430	0.386802	-0.199800	0.900258
15666	4.319519	-0.728944	9.146584	-0.002914	0.010503	-0.000070	-0.855822	0.285887	0.431088	-0.343522	-0.937197	-0.060456	0.386731	-0.199828	0.900282
15667	4.322442	-0.734175	9.170462	0.006832	0.005888	-0.002797	-0.855913	0.285639	0.431072	-0.343220	-0.937311	-0.060392	0.386799	-0.199643	0.900294
15668	4.359213	-0.662541	9.232043	0.010489	0.000453	-0.005250	-0.855866	0.285720	0.431112	-0.343267	-0.937302	-0.060275	0.386860	-0.199574	0.900283
15669	4.355681	-0.655835	9.208560	0.012608	-0.002700	-0.002665	-0.855900	0.285527	0.431173	-0.343021	-0.937399	-0.060159	0.387005	-0.199392	0.900261
15670	4.424286	-0.617696	9.231765	0.012558	-0.003857	-0.005912	-0.855834	0.285604	0.431252	-0.343066	-0.937392	-0.060020	0.387110	-0.199315	0.900233
15671	4.439989	-0.569641	9.265606	0.010240	0.003289	-0.003331	-0.855870	0.285483	0.431260	-0.342892	-0.937462	-0.059922	0.387183	-0.199161	0.900236
15672	4.424208	-0.615406	9.231955	0.010954	-0.000242	0.000847	-0.855842	0.285505	0.431302	-0.342885	-0.937470	-0.059827	0.387252	-0.199089	0.900222
15673	4.435037	-0.631100	9.302615	0.004202	0.003626	0.000189	-0.855830	0.285537	0.431305	-0.342908	-0.937464	-0.059795	0.387259	-0.199072	0.900222
15674	4.441739	-0.612573	9.432666	-0.004683	-0.000442	-0.001319	-0.855793	0.285579	0.431350	-0.342980	-0.937435	-0.059831	0.387276	-0.199148	0.900199
15675	4.452733	-0.602712	9.306615	-0.018616	-0.001942	-0.003751	-0.855800	0.285476	0.431404	-0.342949	-0.937436	-0.059991	0.387288	-0.199290	0.900162
15676	4.461420	-0.701867	9.383888	-0.032666	-0.003268	-0.007708	-0.855731	0.285572	0.431478	-0.343184	-0.937334	-0.060252	0.387233	-0.199636	0.900109
15677	4.530341	-0.570931	9.429569	-0.063552	0.001920	-0.019138	-0.855701	0.285612	0.431511	-0.343449	-0.937204	-0.060749	0.387063	-0.200185	0.900060
15678	4.475111	-0.522064	9.273252	-0.077768	0.008225	-0.009715	-0.855669	0.285749	0.431483	-0.343876	-0.937005	-0.061407	0.386754	-0.200920	0.900029
15679	4.341145	-0.735728	9.144241	-0.082569	0.016564	0.005595	-0.855903	0.285220	0.431370	-0.343604	-0.937054	-0.062186	0.386480	-0.201445	0.900029
15680	4.394818	-0.671989	9.127078	-0.061950	0.015525	0.010408	-0.855968	0.285184	0.431264	-0.343796	-0.936943	-0.062788	0.386163	-0.202012	0.900038
15681	4.325068	-0.714238	9.103968	-0.047834	0.015518	0.012645	-0.856099	0.284966	0.431150	-0.343742	-0.936929	-0.063283	0.385923	-0.202380	0.900059
15682	4.376309	-0.728306	9.093779	-0.030423	0.013089	0.012827	-0.856163	0.284902	0.431064	-0.343792	-0.936889	-0.063612	0.385736	-0.202658	0.900076
15683	4.412035	-0.660858	9.155816	-0.022512	0.012435	0.013813	-0.856248	0.284774	0.430979	-0.343747	-0.936887	-0.063880	0.385588	-0.202845	0.900098
15684	4.383522	-0.664049	9.134949	-0.013626	0.016499	0.015336	-0.856334	0.284694	0.430861	-0.343710	-0.936888	-0.064069	0.385429	-0.202955	0.900141
15685	4.451988	-0.617441	9.212245	-0.009504	0.010361	0.018971	-0.856439	0.284483	0.430792	-0.343537	-0.936939	-0.064243	0.385350	-0.203013	0.900162
15686	4.417672	-0.597138	9.197774	-0.009191	0.019770	0.018584	-0.856549	0.284379	0.430643	-0.343456	-0.936958	-0.064405	0.385178	-0.203073	0.900222
15687	4.369864	-0.697863	9.232895	-0.007371	0.018293	0.019840	-0.856709	0.284112	0.430501	-0.343197	-0.937042	-0.064565	0.385053	-0.203060	0.900278
15688	4.403696	-0.640545	9.242016	-0.002142	0.014217	0.020562	-0.856804	0.283978	0.430400	-0.343072	-0.937080	-0.064673	0.384953	-0.203070	0.900319
15689	4.417234	-0.693055	9.253526	-0.002094	0.015366	0.023810	-0.856934	0.283766	0.430280	-0.342865	-0.937147	-0.064802	0.384847	-0.203059	0.900367
15690	4.372425	-0.712837	9.281796	-0.005073	0.013630	0.022217	-0.857033	0.283615	0.430183	-0.342737	-0.937184	-0.064943	0.384742	-0.203098	0.900403
15691	4.431578	-0.637691	9.341982	-0.009575	0.011689	0.020691	-0.857119	0.283479	0.430101	-0.342645	-0.937205	-0.065123	0.384632	-0.203190	0.900429
15692	4.468083	-0.627926	9.238194	-0.023097	0.021913	0.024348	-0.857257	0.283325	0.429928	-0.342567	-0.937212	-0.065435	0.384394	-0.203374	0.900489
15693	4.303304	-0.791391	9.200360	-0.025599	0.016991	0.023876	-0.857409	0.283065	0.429795	-0.342396	-0.937251	-0.065775	0.384207	-0.203557	0.900527
15694	4.300849	-0.892617	9.177672	-0.024192	0.017373	0.022286	-0.857522	0.282922	0.429665	-0.342340	-0.937249	-0.066089	0.384005	-0.203764	0.900567
15695	4.342028	-0.790257	9.120436	-0.009788	0.009566	0.012669	-0.857573	0.282854	0.429607	-0.342315	-0.937248	-0.066236	0.383913	-0.203863	0.900584
15696	4.352528	-0.710593	9.214498	-0.011539	0.009719	0.009686	-0.857614	0.282813	0.429553	-0.342318	-0.937236	-0.066382	0.383819	-0.203974	0.900598
15697	4.455989	-0.703408	9.277194	-0.013606	0.014028	0.010355	-0.857678	0.282764	0.429457	-0.342314	-0.937225	-0.066554	0.383679	-0.204091	0.900632
15698	4.568924	-0.627439	9.380560	-0.023649	0.020329	0.011753	-0.857766	0.282725	0.429306	-0.342347	-0.937195	-0.066817	0.383453	-0.204285	0.900684
15699	4.531809	-0.620814	9.313302	-0.042778	0.040120	0.020059	-0.857960	0.282650	0.428968	-0.342383	-0.937148	-0.067293	0.382986	-0.204606	0.900810
15700	4.388241	-0.779683	9.273867	-0.050893	0.044761	0.024234	-0.858185	0.282544	0.428589	-0.342412	-0.937096	-0.067856	0.382457	-0.204987	0.900948
15701	4.328241	-0.798049	9.179286	-0.042457	0.049526	0.019679	-0.858414	0.282488	0.428166	-0.342446	-0.937050	-0.068327	0.381911	-0.205277	0.901113
15702	4.399393	-0.777704	9.251691	-0.040970	0.038635	0.021308	-0.858605	0.282397	0.427843	-0.342462	-0.937010	-0.068788	0.381468	-0.205581	0.901232
15703	4.450139	-0.683582	9.319679	-0.049380	0.044960	0.024158	-0.858831	0.282293	0.427458	-0.342486	-0.936961	-0.069341	0.380937	-0.205951	0.901372
15704	4.438887	-0.764834	9.304328	-0.063172	0.054407	0.021505	-0.859082	0.282233	0.426994	-0.342584	-0.936876	-0.070002	0.380283	-0.206419	0.901541
15705	4.597134	-0.785294	9.405818	-0.070562	0.066587	0.028148	-0.859403	0.282135	0.426410	-0.342652	-0.936793	-0.070764	0.379493	-0.206925	0.901758
15706	4.660775	-0.619596	9.314024	-0.089917	0.100291	0.036687	-0.859879	0.282029	0.425520	-0.342720	-0.936695	-0.071731	0.378352	-0.207514	0.902102
15707	4.362608	-0.723316	9.210973	-0.092998	0.115896	0.045072	-0.860443	0.281877	0.424479	-0.342728	-0.936612	-0.072766	0.377061	-0.208092	0.902509
15708	4.155053	-0.881747	9.105911	-0.084709	0.109747	0.040690	-0.860966	0.281754	0.423499	-0.342739	-0.936535	-0.073704	0.375856	-0.208606	0.902893
15709	4.148961	-0.809344	9.103334	-0.061554	0.085116	0.037751	-0.861387	0.281607	0.422740	-0.342687	-0.936497	-0.074424	0.374936	-0.208976	0.903190
15710	4.132400	-0.786939	9.089183	-0.045127	0.074332	0.029225	-0.861736	0.281518	0.422088	-0.342647	-0.936469	-0.074956	0.374171	-0.209219	0.903451
15711	3.980349	-0.932446	9.001239	-0.026287	0.046273	0.024541	-0.861966	0.281415	0.421688	-0.342577	-0.936467	-0.075302	0.373706	-0.209368	0.903609
15712	3.809961	-1.012197	8.854521	0.000585	0.010172	0.005951	-0.861994	0.281410	0.421633	-0.342566	-0.936470	-0.075322	0.373650	-0.209364	0.903633
15713	3.872670	-1.009796	8.997915	0.035100	-0.037338	-0.012984	-0.861782	0.281483	0.422017	-0.342590	-0.936490	-0.074955	0.374116	-0.209174	0.903484
15714	4.303369	-0.857552	9.124281	0.048991	-0.054170	-0.025252	-0.861464	0.281635	0.422566	-0.342667	-0.936506	-0.074406	0.374780	-0.208898	0.903273
15715	4.355118	-0.712908	9.226057	0.054904	-0.051862	-0.025282	-0.861155	0.281793	0.423090	-0.342722	-0.936533	-0.073809	0.375439	-0.208563	0.903076
15716	4.390223	-0.711932	9.269379	0.054433	-0.048673	-0.026400	-0.860852	0.281969	0.423590	-0.342787	-0.936556	-0.073206	0.376074	-0.208221	0.902891
15717	4.352048	-0.626609	9.318681	0.053084	-0.046785	-0.018319	-0.860585	0.282072	0.424063	-0.342788	-0.936599	-0.072654	0.376683	-0.207889	0.902714
15718	4.358656	-0.638205	9.287120	0.048040	-0.044201	-0.019260	-0.860322	0.282190	0.424516	-0.342815	-0.936629	-0.072139	0.377257	-0.207594	0.902542
15719	4.251127	-0.727369	9.151772	0.053693	-0.049020	-0.012436	-0.860067	0.282235	0.425004	-0.342763	-0.936689	-0.071607	0.377887	-0.207263	0.902354
15720	4.125465	-0.816577	9.095062	0.067901	-0.062810	-0.011908	-0.859759	0.282246	0.425620	-0.342651	-0.936780	-0.070944	0.378689	-0.206834	0.902117
15721	4.250916	-0.765505	9.136470	0.090187	-0.082385	-0.018798	-0.859354	0.282282	0.426413	-0.342515	-0.936897	-0.070055	0.379730	-0.206255	0.901811
15722	4.200025	-0.820896	9.126521	0.097892	-0.095119	-0.020878	-0.858891	0.282311	0.427326	-0.342364	-0.937024	-0.069084	0.380912	-0.205636	0.901454
15723	4.505712	-1.113643	9.259889	0.107698	-0.101073	-0.025323	-0.858390	0.282370	0.428291	-0.342214	-0.937157	-0.068010	0.382172	-0.204946	0.901078
15724	4.440048	-0.717585	9.309363	0.129091	-0.076065	-0.029624	-0.857968	0.282522	0.429037	-0.342017	-0.937322	-0.066720	0.383296	-0.203981	0.900820
15725	4.387480	-0.683504	9.270278	0.116238	-0.072999	-0.030047	-0.857557	0.282685	0.429751	-0.341872	-0.937458	-0.065549	0.384343	-0.203132	0.900565
15726	4.437932	-0.739998	9.270697	0.102421	-0.061082	-0.027740	-0.857197	0.282851	0.430359	-0.341758	-0.937571	-0.064507	0.385246	-0.202374	0.900350
15727	4.458546	-0.597102	9.272461	0.091191	-0.055510	-0.021721	-0.856880	0.282972	0.430909	-0.341637	-0.937678	-0.063598	0.386058	-0.201710	0.900151
15728	4.540747	-0.580495	9.311549	0.074201	-0.041339	-0.015832	-0.856636	0.283067	0.431331	-0.341528	-0.937767	-0.062861	0.386694	-0.201161	0.900001
15729	4.568681	-0.555782	9.361669	0.051745	-0.020248	-0.008749	-0.856500	0.283139	0.431556	-0.341446	-0.937830	-0.062363	0.387069	-0.200767	0.899928
15730	4.567210	-0.631873	9.368222	0.036187	-0.008180	-0.009416	-0.856406	0.283240	0.431675	-0.341429	-0.937861	-0.061996	0.387291	-0.200481	0.899896
15731	4.543535	-0.549052	9.339770	0.021580	-0.002482	-0.007825	-0.856341	0.283339	0.431739	-0.341456	-0.937865	-0.061773	0.387410	-0.200319	0.899881
15732	4.463226	-0.635637	9.306123	0.018059	0.000297	-0.008820	-0.856282	0.283452	0.431782	-0.341504	-0.937861	-0.061572	0.387499	-0.200179	0.899874
15733	4.449623	-0.697859	9.242697	0.016651	-0.000080	-0.007229	-0.856229	0.283549	0.431824	-0.341545	-0.937858	-0.061396	0.387580	-0.200056	0.899866
15734	4.454429	-0.632757	9.206142	0.017698	0.003307	-0.008426	-0.856183	0.283665	0.431839	-0.341591	-0.937854	-0.061200	0.387642	-0.199911	0.899872
15735	4.406961	-0.643580	9.210755	0.016975	0.009327	-0.007638	-0.856165	0.283785	0.431797	-0.341635	-0.937850	-0.061019	0.387644	-0.199759	0.899905
15736	4.298668	-0.731542	9.156195	0.015452	0.009124	-0.007571	-0.856144	0.283904	0.431759	-0.341682	-0.937844	-0.060847	0.387648	-0.199618	0.899934
15737	4.228928	-0.834540	9.193360	0.024758	-0.004738	-0.011400	-0.856058	0.284031	0.431845	-0.341727	-0.937845	-0.060580	0.387797	-0.199433	0.899911
15738	4.284015	-0.772863	9.122370	0.032426	-0.018630	-0.016684	-0.855899	0.284181	0.432063	-0.341787	-0.937846	-0.060216	0.388097	-0.199212	0.899831
15739	4.397963	-0.586524	9.222740	0.034852	-0.025953	-0.017735	-0.855709	0.284325	0.432344	-0.341847	-0.937849	-0.059830	0.388462	-0.198993	0.899722
15740	4.422652	-0.645420	9.280014	0.022885	-0.025435	-0.009181	-0.855549	0.284391	0.432618	-0.341879	-0.937853	-0.059585	0.388787	-0.198881	0.899606
15741	4.373542	-0.564471	9.229135	0.017955	-0.023036	-0.008586	-0.855401	0.284455	0.432867	-0.341926	-0.937848	-0.059391	0.389070	-0.198812	0.899499
15742	4.467106	-0.617481	9.226685	0.017272	-0.029433	-0.007779	-0.855230	0.284500	0.433176	-0.341968	-0.937845	-0.059201	0.389410	-0.198763	0.899363
15743	4.457171	-0.668499	9.215557	0.003283	-0.016010	-0.005273	-0.855121	0.284547	0.433360	-0.342044	-0.937820	-0.059154	0.389582	-0.198812	0.899277
15744	4.429415	-0.651668	9.223221	-0.003516	-0.013297	-0.009180	-0.855008	0.284637	0.433525	-0.342178	-0.937772	-0.059145	0.389713	-0.198913	0.899198
15745	4.475301	-0.621430	9.248102	-0.007401	-0.007511	-0.009783	-0.854916	0.284743	0.433635	-0.342335	-0.937713	-0.059174	0.389775	-0.199037	0.899144
15746	4.450634	-0.640058	9.196850	-0.005378	0.000595	-0.010464	-0.854853	0.284873	0.433676	-0.342487	-0.937657	-0.059177	0.389781	-0.199116	0.899124
15747	4.518720	-0.603683	9.220163	-0.012192	0.005801	-0.009406	-0.854815	0.285002	0.433666	-0.342659	-0.937590	-0.059250	0.389714	-0.199248	0.899124
15748	4.451169	-0.629166	9.250492	-0.014737	0.013295	-0.009881	-0.854802	0.285151	0.433592	-0.342843	-0.937517	-0.059340	0.389579	-0.199378	0.899153
15749	4.449763	-0.629912	9.251118	-0.010715	0.018423	-0.009497	-0.854813	0.285307	0.433468	-0.343010	-0.937452	-0.059400	0.389409	-0.199460	0.899209
15750	4.475365	-0.629567	9.273171	-0.011759	0.015036	-0.008298	-0.854813	0.285445	0.433378	-0.343169	-0.937389	-0.059469	0.389269	-0.199557	0.899248
15751	4.431751	-0.707829	9.135730	-0.016623	0.016101	-0.009422	-0.854815	0.285595	0.433276	-0.343358	-0.937313	-0.059583	0.389098	-0.199701	0.899290
15752	4.332479	-0.572142	9.309743	-0.016095	0.014077	-0.005046	-0.854822	0.285700	0.433192	-0.343506	-0.937251	-0.059705	0.388952	-0.199841	0.899322
15753	4.347351	-0.838524	9.246400	-0.022167	0.010768	-0.009741	-0.854802	0.285843	0.433138	-0.343719	-0.937162	-0.059867	0.388808	-0.200052	0.899337
15754	4.346547	-0.840386	9.246609	-0.030059	0.008933	-0.015697	-0.854752	0.286038	0.433107	-0.344013	-0.937042	-0.060069	0.388657	-0.200338	0.899339
15755	4.440824	-0.804619	9.291679	-0.029908	0.017356	-0.020879	-0.854719	0.286298	0.433000	-0.344351	-0.936906	-0.060253	0.388430	-0.200603	0.899378
15756	4.416846	-0.744814	9.234114	-0.046783	0.022716	-0.031613	-0.854668	0.286669	0.432855	-0.344845	-0.936706	-0.060536	0.388103	-0.201006	0.899429
15757	4.390222	-0.822979	9.297182	-0.052476	0.027483	-0.038444	-0.854614	0.287114	0.432667	-0.345421	-0.936473	-0.060847	0.387711	-0.201453	0.899498
15758	4.407806	-0.814066	9.272367	-0.051302	0.028210	-0.043087	-0.854544	0.287604	0.432480	-0.346030	-0.936230	-0.061122	0.387322	-0.201882	0.899570
15759	4.460236	-0.716793	9.338815	-0.049348	0.024075	-0.045276	-0.854452	0.288106	0.432328	-0.346652	-0.935984	-0.061375	0.386969	-0.202309	0.899625
15760	4.292834	-0.678251	9.323853	-0.044386	0.030286	-0.052571	-0.854356	0.288689	0.432128	-0.347315	-0.935727	-0.061547	0.386585	-0.202667	0.899710
15761	4.137256	-0.810761	9.469409	-0.046745	0.005491	-0.067952	-0.854112	0.289366	0.432157	-0.348120	-0.935419	-0.061679	0.386400	-0.203123	0.899687
15762	3.926826	-0.869017	9.766650	-0.038626	-0.027437	-0.081880	-0.853691	0.290105	0.432494	-0.349010	-0.935087	-0.061672	0.386528	-0.203594	0.899525
15763	3.980727	-0.630798	9.609592	0.003161	-0.093053	-0.072426	-0.853049	0.290623	0.433412	-0.349660	-0.934867	-0.061336	0.387357	-0.203869	0.899106
15764	4.034906	-1.028012	9.681858	0.015420	-0.132104	-0.082734	-0.852217	0.291156	0.434689	-0.350348	-0.934642	-0.060838	0.388566	-0.204139	0.898523
15765	3.945929	-0.873897	9.802728	0.067284	-0.198995	-0.089666	-0.851099	0.291618	0.436566	-0.350893	-0.934501	-0.059848	0.390519	-0.204125	0.897679
15766	4.030638	-0.899051	9.801348	0.119038	-0.242371	-0.098375	-0.849773	0.292072	0.438839	-0.351306	-0.934441	-0.058349	0.393027	-0.203750	0.896669
15767	3.980597	-0.890322	9.751349	0.156147	-0.305937	-0.110290	-0.848150	0.292511	0.441678	-0.351670	-0.934419	-0.056470	0.396195	-0.203220	0.895395
15768	4.164626	-0.757798	9.764993	0.213126	-0.371936	-0.131647	-0.846175	0.293016	0.445118	-0.351979	-0.934450	-0.053978	0.400124	-0.202347	0.893844
15769	4.213953	-0.689141	9.706813	0.249865	-0.424114	-0.148486	-0.843917	0.293578	0.449017	-0.352273	-0.934502	-0.051089	0.404609	-0.201291	0.892061
15770	4.074696	-0.600331	9.785302	0.265292	-0.485648	-0.175931	-0.841288	0.294277	0.453471	-0.352718	-0.934501	-0.047930	0.409665	-0.200270	0.889981
15771	4.122354	-0.662320	9.922743	0.261206	-0.567817	-0.209150	-0.838178	0.295127	0.458647	-0.353441	-0.934390	-0.044659	0.415375	-0.199537	0.887496
15772	4.024438	-0.549050	10.225636	0.238720	-0.685620	-0.239021	-0.834430	0.296023	0.464863	-0.354483	-0.934144	-0.041439	0.421982	-0.199364	0.884412
