// General information: 
//  MT Manager version: 2022.2.0 
//  XDA version: 2022.2.0 build 7381 rev 124627 built on 2023-07-19
// Device information: 
//  DeviceId: 00B4CBA7
//  ProductCode: MTW2-3A7G6
//  Firmware Version: 4.6.0
//  Hardware Version: 2.0.0
// Device settings: 
//  Filter Profile: human(46.1)
//  Option Flags: Orientation Smoother Disabled, Position/Velocity Smoother Disabled, Continuous Zero Rotation Update Disabled, AHS Disabled, ICC Disabled
// Coordinate system: ENU
PacketCounter	Acc_X	Acc_Y	Acc_Z	Gyr_X	Gyr_Y	Gyr_Z	Mat[1][1]	Mat[2][1]	Mat[3][1]	Mat[1][2]	Mat[2][2]	Mat[3][2]	Mat[1][3]	Mat[2][3]	Mat[3][3]
03057	9.172992	1.988116	-2.701015	-0.051391	-0.017862	0.030808	0.211272	0.272572	0.938653	0.291671	-0.934157	0.205617	0.932894	0.230337	-0.276863
03058	9.207776	1.970811	-2.720285	-0.045316	-0.008998	0.037712	0.211460	0.272275	0.938696	0.291156	-0.934359	0.205429	0.933013	0.229867	-0.276854
03059	9.177454	1.960564	-2.706983	-0.038281	-0.014517	0.035133	0.211595	0.271988	0.938749	0.290524	-0.934585	0.205297	0.933179	0.229290	-0.276773
03060	9.208540	1.966314	-2.720956	-0.032337	-0.009496	0.035268	0.211780	0.271715	0.938787	0.290135	-0.934750	0.205096	0.933258	0.228940	-0.276795
03061	9.189355	1.974625	-2.671460	-0.028940	-0.010721	0.034151	0.211837	0.271489	0.938839	0.290010	-0.934833	0.204893	0.933284	0.228868	-0.276767
03062	9.205599	1.985126	-2.716255	-0.023896	-0.010154	0.031993	0.212018	0.271248	0.938868	0.289706	-0.934970	0.204699	0.933337	0.228596	-0.276812
03063	9.197529	2.012099	-2.630674	-0.027312	-0.012201	0.034251	0.212330	0.270960	0.938881	0.289093	-0.935199	0.204518	0.933456	0.227999	-0.276904
03064	9.183018	2.014680	-2.661988	-0.031596	-0.012145	0.031930	0.212529	0.270724	0.938904	0.288718	-0.935353	0.204346	0.933527	0.227649	-0.276953
03065	9.179110	1.982686	-2.645700	-0.033229	-0.010658	0.031829	0.212730	0.270424	0.938945	0.287878	-0.935633	0.204247	0.933741	0.226852	-0.276887
03066	9.172471	1.992068	-2.699099	-0.034252	-0.013571	0.029707	0.212936	0.270212	0.938959	0.287483	-0.935786	0.204104	0.933816	0.226473	-0.276943
03067	9.226251	1.999916	-2.704433	-0.040540	-0.010696	0.028957	0.213057	0.269997	0.938993	0.286976	-0.935962	0.204010	0.933944	0.226002	-0.276896
03068	9.215323	1.979660	-2.741032	-0.032606	-0.011777	0.028665	0.213242	0.269790	0.939011	0.286597	-0.936108	0.203872	0.934018	0.225643	-0.276939
03069	9.199763	1.964708	-2.697155	-0.022389	-0.010103	0.032263	0.213480	0.269530	0.939031	0.286152	-0.936284	0.203688	0.934100	0.225223	-0.277005
03070	9.192835	2.009205	-2.686650	-0.013059	-0.009603	0.032423	0.213656	0.269284	0.939062	0.285948	-0.936396	0.203460	0.934123	0.225053	-0.277067
03071	9.185304	2.000059	-2.665126	-0.010034	-0.009505	0.032974	0.213706	0.269082	0.939108	0.286104	-0.936405	0.203201	0.934063	0.225258	-0.277101
03072	9.208089	2.034673	-2.593325	-0.018509	-0.014192	0.029296	0.213915	0.268875	0.939120	0.285856	-0.936520	0.203018	0.934091	0.225024	-0.277195
03073	9.178661	2.042262	-2.655542	-0.024160	-0.010349	0.033481	0.213977	0.268619	0.939179	0.285532	-0.936657	0.202843	0.934176	0.224762	-0.277122
03074	9.183250	2.070015	-2.672896	-0.032659	-0.018308	0.030940	0.214230	0.268405	0.939183	0.285148	-0.936808	0.202684	0.934236	0.224385	-0.277227
03075	9.232725	2.047308	-2.662084	-0.035283	-0.014369	0.035676	0.214475	0.268126	0.939206	0.284606	-0.937011	0.202508	0.934345	0.223871	-0.277276
03076	9.213839	2.020004	-2.676911	-0.035169	-0.015902	0.035497	0.214718	0.267865	0.939226	0.284188	-0.937180	0.202313	0.934416	0.223477	-0.277353
03077	9.207212	2.028965	-2.730585	-0.026207	-0.014085	0.037324	0.214819	0.267611	0.939275	0.284043	-0.937275	0.202078	0.934437	0.223384	-0.277358
03078	9.166131	2.088724	-2.701011	-0.028230	-0.014544	0.040034	0.215062	0.267303	0.939307	0.283681	-0.937440	0.201821	0.934491	0.223059	-0.277436
03079	9.223740	2.071704	-2.712174	-0.034767	-0.011862	0.040785	0.215231	0.266966	0.939364	0.283131	-0.937652	0.201608	0.934619	0.222571	-0.277399
03080	9.205058	2.043682	-2.726760	-0.034272	-0.012644	0.047028	0.215476	0.266589	0.939415	0.282697	-0.937849	0.201302	0.934694	0.222194	-0.277447
03081	9.224161	2.011501	-2.702088	-0.028588	-0.011133	0.049798	0.215485	0.266213	0.939519	0.282543	-0.937966	0.200970	0.934738	0.222148	-0.277334
03082	9.209891	2.048176	-2.669078	-0.028704	-0.009595	0.049977	0.215709	0.265801	0.939585	0.282154	-0.938158	0.200621	0.934804	0.221832	-0.277366
03083	9.207137	2.067678	-2.663873	-0.024307	-0.011203	0.052111	0.215603	0.265517	0.939689	0.282814	-0.938056	0.200167	0.934629	0.222601	-0.277340
03084	9.192066	2.050546	-2.620062	-0.027590	-0.011495	0.053054	0.215853	0.265081	0.939755	0.282430	-0.938253	0.199785	0.934688	0.222291	-0.277391
03085	9.191959	1.992865	-2.609527	-0.039316	-0.011091	0.057282	0.216158	0.264577	0.939827	0.281718	-0.938545	0.199422	0.934832	0.221660	-0.277410
03086	9.185827	2.000461	-2.662570	-0.046888	-0.011300	0.055910	0.216414	0.264113	0.939899	0.281146	-0.938791	0.199067	0.934945	0.221168	-0.277422
03087	9.190092	1.972995	-2.668454	-0.051972	-0.015116	0.059200	0.216524	0.263648	0.940004	0.280693	-0.939002	0.198711	0.935056	0.220826	-0.277321
03088	9.221569	1.976847	-2.682508	-0.046562	-0.015895	0.055363	0.216820	0.263198	0.940062	0.280125	-0.939246	0.198361	0.935157	0.220326	-0.277376
03089	9.203951	2.001458	-2.708088	-0.037847	-0.014318	0.058679	0.217019	0.262708	0.940153	0.279601	-0.939483	0.197979	0.935268	0.219902	-0.277339
03090	9.204700	1.997064	-2.708786	-0.039398	-0.017633	0.059532	0.217342	0.262223	0.940214	0.279091	-0.939721	0.197570	0.935345	0.219465	-0.277425
03091	9.202027	2.016172	-2.703817	-0.044308	-0.016422	0.060383	0.217765	0.261631	0.940280	0.277876	-0.940150	0.197240	0.935608	0.218330	-0.277433
03092	9.225691	2.013122	-2.695652	-0.058918	-0.014328	0.062760	0.218066	0.261108	0.940356	0.277176	-0.940437	0.196854	0.935746	0.217717	-0.277450
03093	9.228792	1.931710	-2.690869	-0.056404	-0.014662	0.066289	0.218083	0.260688	0.940469	0.277413	-0.940471	0.196360	0.935672	0.218075	-0.277419
03094	9.233034	1.903653	-2.696862	-0.057923	-0.014694	0.066013	0.218395	0.260135	0.940549	0.276714	-0.940764	0.195941	0.935806	0.217471	-0.277442
03095	9.217719	1.850854	-2.717300	-0.048481	-0.015787	0.065976	0.218813	0.259572	0.940608	0.275944	-0.941080	0.195509	0.935936	0.216775	-0.277547
03096	9.218481	1.846185	-2.717891	-0.039896	-0.014757	0.061375	0.219112	0.259061	0.940679	0.275424	-0.941320	0.195084	0.936019	0.216340	-0.277607
03097	9.214653	1.811315	-2.702096	-0.029512	-0.011428	0.063656	0.219103	0.258621	0.940802	0.275690	-0.941350	0.194566	0.935943	0.216740	-0.277551
03098	9.184602	1.798792	-2.689213	-0.025151	-0.015116	0.057680	0.219395	0.258146	0.940865	0.275316	-0.941548	0.194134	0.935984	0.216443	-0.277643
03099	9.234264	1.772855	-2.678751	-0.025365	-0.012042	0.058050	0.219483	0.257686	0.940970	0.275139	-0.941688	0.193706	0.936016	0.216382	-0.277584
03100	9.239557	1.798471	-2.695880	-0.022625	-0.014233	0.051985	0.219751	0.257263	0.941024	0.274801	-0.941866	0.193320	0.936052	0.216112	-0.277672
03101	9.197638	1.768754	-2.719600	-0.023887	-0.014054	0.050220	0.220144	0.256776	0.941065	0.273887	-0.942195	0.193014	0.936228	0.215255	-0.277746
03102	9.251759	1.773561	-2.725647	-0.021762	-0.015131	0.047323	0.220407	0.256398	0.941106	0.273567	-0.942358	0.192670	0.936259	0.214990	-0.277845
03103	9.221402	1.762317	-2.712884	-0.019693	-0.011394	0.043493	0.220636	0.256034	0.941152	0.273149	-0.942539	0.192377	0.936327	0.214630	-0.277894
03104	9.229758	1.765670	-2.735690	-0.018677	-0.010551	0.037527	0.220829	0.255739	0.941187	0.272880	-0.942671	0.192117	0.936361	0.214406	-0.277955
03105	9.199329	1.755128	-2.722708	-0.018678	-0.010549	0.037527	0.220950	0.255446	0.941238	0.272635	-0.942792	0.191869	0.936403	0.214221	-0.277954
03106	9.233630	1.736606	-2.742854	-0.014021	-0.010755	0.028937	0.221122	0.255232	0.941255	0.272428	-0.942891	0.191676	0.936423	0.214041	-0.278026
03107	9.232259	1.680734	-2.733255	-0.002552	-0.011431	0.026183	0.221352	0.254970	0.941272	0.271848	-0.943087	0.191533	0.936537	0.213487	-0.278067
03108	9.211102	1.731024	-2.753113	0.002550	-0.007633	0.022899	0.221477	0.254806	0.941287	0.271809	-0.943135	0.191352	0.936519	0.213470	-0.278142
03109	9.218258	1.716860	-2.701060	0.014578	-0.004612	0.016043	0.221539	0.254720	0.941296	0.272003	-0.943111	0.191194	0.936448	0.213679	-0.278220
03110	9.253948	1.752567	-2.731789	0.019478	-0.005841	0.015182	0.221627	0.254625	0.941301	0.272140	-0.943104	0.191038	0.936388	0.213826	-0.278310
03111	9.231783	1.784778	-2.676716	0.017211	-0.005274	0.010163	0.221732	0.254550	0.941297	0.272069	-0.943140	0.190960	0.936383	0.213756	-0.278379
03112	9.247682	1.796768	-2.721657	0.013328	-0.003204	0.005059	0.221767	0.254545	0.941290	0.272170	-0.943119	0.190916	0.936345	0.213852	-0.278432
03113	9.224796	1.794988	-2.730727	0.008631	-0.005044	0.005548	0.221578	0.254619	0.941314	0.272789	-0.942954	0.190850	0.936210	0.214492	-0.278395
03114	9.198717	1.816874	-2.733942	0.009038	-0.003089	0.002751	0.221606	0.254635	0.941303	0.272856	-0.942937	0.190840	0.936184	0.214548	-0.278440
03115	9.208196	1.876682	-2.766953	0.008184	-0.000957	-0.001809	0.221439	0.254734	0.941316	0.273246	-0.942819	0.190862	0.936110	0.214946	-0.278382
03116	9.223114	1.870866	-2.736549	0.013887	0.000495	0.000956	0.221429	0.254760	0.941311	0.273362	-0.942787	0.190855	0.936078	0.215057	-0.278402
03117	9.216772	1.917441	-2.725219	0.012474	-0.001071	0.000499	0.221252	0.254828	0.941334	0.273730	-0.942681	0.190855	0.936013	0.215444	-0.278324
03118	9.216803	1.917042	-2.725395	0.008987	0.001726	0.001818	0.221233	0.254843	0.941335	0.273798	-0.942661	0.190854	0.935997	0.215513	-0.278323
03119	9.238120	1.864133	-2.706481	0.004391	-0.001649	0.002122	0.221267	0.254841	0.941327	0.273652	-0.942696	0.190887	0.936032	0.215359	-0.278325
03120	9.208864	1.909936	-2.703663	0.003233	-0.003006	0.000173	0.221287	0.254881	0.941312	0.273670	-0.942685	0.190918	0.936022	0.215361	-0.278357
03121	9.211091	1.867704	-2.634641	-0.000356	0.001326	0.001677	0.221475	0.254810	0.941287	0.273009	-0.942860	0.190999	0.936170	0.214678	-0.278385
03122	9.200892	1.903195	-2.681786	0.001820	-0.004573	-0.000285	0.221508	0.254858	0.941266	0.273015	-0.942851	0.191038	0.936161	0.214663	-0.278429
03123	9.226875	1.880675	-2.679304	-0.003284	-0.000273	0.000948	0.221427	0.254926	0.941267	0.273234	-0.942783	0.191060	0.936116	0.214880	-0.278412
03124	9.199210	1.849505	-2.671649	-0.001973	-0.005265	0.003645	0.221477	0.254938	0.941251	0.273195	-0.942792	0.191072	0.936116	0.214827	-0.278455
03125	9.215031	1.862372	-2.716242	-0.000153	-0.001744	0.001306	0.221536	0.254997	0.941222	0.273327	-0.942752	0.191079	0.936063	0.214930	-0.278551
03126	9.215008	1.862255	-2.716400	-0.000153	-0.001744	0.001306	0.221547	0.255024	0.941212	0.273310	-0.942751	0.191108	0.936065	0.214903	-0.278565
03127	9.237834	1.863071	-2.708187	0.006262	-0.002943	0.000716	0.221277	0.255172	0.941235	0.274150	-0.942515	0.191068	0.935884	0.215760	-0.278512
03128	9.240949	1.839390	-2.714292	0.006415	-0.001199	-0.000590	0.221277	0.255215	0.941223	0.274199	-0.942495	0.191097	0.935869	0.215797	-0.278533
03129	9.219696	1.891670	-2.733436	0.005703	0.001453	0.002764	0.221232	0.255210	0.941235	0.274151	-0.942505	0.191116	0.935894	0.215759	-0.278479
03130	9.222893	1.867798	-2.739387	0.014242	-0.000831	-0.000722	0.221230	0.255254	0.941224	0.274274	-0.942468	0.191125	0.935859	0.215871	-0.278511
03131	9.211816	1.884378	-2.711639	0.010501	0.001758	0.002088	0.221260	0.255179	0.941237	0.273780	-0.942598	0.191189	0.935996	0.215390	-0.278422
03132	9.208664	1.907584	-2.706004	0.009698	-0.000926	-0.001538	0.221256	0.255231	0.941224	0.273862	-0.942568	0.191218	0.935973	0.215458	-0.278447
03133	9.200746	1.900832	-2.683965	0.004188	0.001422	0.002492	0.221272	0.255186	0.941233	0.273515	-0.942658	0.191273	0.936071	0.215118	-0.278381
03134	9.226844	1.878142	-2.681185	0.003182	0.001808	-0.000763	0.221244	0.255225	0.941229	0.273534	-0.942644	0.191312	0.936072	0.215131	-0.278368
03135	9.219872	1.890045	-2.733967	0.006059	0.000128	0.001087	0.221264	0.255242	0.941219	0.273507	-0.942648	0.191333	0.936075	0.215095	-0.278384
03136	9.204005	1.876752	-2.689841	0.006160	-0.001407	0.000902	0.221271	0.255272	0.941210	0.273550	-0.942632	0.191349	0.936061	0.215128	-0.278407
03137	9.226820	1.877695	-2.681580	0.006923	-0.000781	-0.003573	0.221249	0.255292	0.941209	0.273273	-0.942691	0.191456	0.936147	0.214848	-0.278333
03138	9.208657	1.906701	-2.706648	0.004645	-0.001439	0.000630	0.221255	0.255325	0.941199	0.273303	-0.942678	0.191478	0.936137	0.214867	-0.278353
03139	9.211782	1.882827	-2.712830	0.007369	-0.004863	0.003787	0.221074	0.255320	0.941243	0.273329	-0.942664	0.191508	0.936172	0.214931	-0.278185
03140	9.220384	1.923858	-2.670976	0.002521	-0.000353	0.003527	0.221078	0.255323	0.941241	0.273332	-0.942663	0.191509	0.936170	0.214933	-0.278190
03141	9.190552	1.934470	-2.732393	0.000854	-0.002129	0.004562	0.220989	0.255351	0.941254	0.273536	-0.942606	0.191497	0.936131	0.215148	-0.278153
03142	9.210292	1.958498	-2.718361	0.002368	-0.002097	0.004833	0.221012	0.255346	0.941250	0.273535	-0.942609	0.191486	0.936126	0.215144	-0.278174
03143	9.230061	1.982428	-2.704310	-0.004453	-0.002850	0.008221	0.220983	0.255396	0.941244	0.273994	-0.942492	0.191407	0.935999	0.215597	-0.278251
03144	9.199367	1.974314	-2.690709	-0.009352	-0.001619	0.009083	0.221014	0.255350	0.941249	0.273874	-0.942530	0.191389	0.936027	0.215484	-0.278246
03145	9.228684	1.927676	-2.693798	-0.014303	-0.003666	0.011066	0.220829	0.255340	0.941295	0.274094	-0.942473	0.191357	0.936006	0.215746	-0.278112
03146	9.205892	1.926195	-2.702360	-0.020261	-0.005327	0.009794	0.220896	0.255295	0.941291	0.273871	-0.942537	0.191362	0.936056	0.215521	-0.278120
03147	9.235153	1.879701	-2.705508	-0.019102	-0.003968	0.011742	0.221031	0.255267	0.941267	0.273828	-0.942558	0.191316	0.936036	0.215459	-0.278234
03148	9.207584	1.848069	-2.697771	-0.009404	-0.004898	0.010203	0.221096	0.255217	0.941266	0.273706	-0.942600	0.191287	0.936056	0.215337	-0.278259
03149	9.212450	1.877306	-2.714388	-0.001678	-0.002997	0.010255	0.221194	0.255142	0.941263	0.273494	-0.942668	0.191253	0.936095	0.215126	-0.278292
03150	9.206308	1.923315	-2.702992	-0.000518	-0.001640	0.012204	0.221233	0.255066	0.941274	0.273451	-0.942695	0.191181	0.936099	0.215097	-0.278303
03151	9.237276	1.929834	-2.716806	-0.009760	-0.003570	0.011881	0.221321	0.254937	0.941289	0.272929	-0.942845	0.191186	0.936230	0.214591	-0.278251
03152	9.237362	1.929150	-2.717000	-0.022185	-0.007305	0.012320	0.221413	0.254872	0.941284	0.272682	-0.942920	0.191173	0.936280	0.214343	-0.278274
03153	9.212975	1.873991	-2.714898	-0.024611	-0.001613	0.015775	0.221378	0.254833	0.941303	0.272838	-0.942890	0.191096	0.936243	0.214519	-0.278263
03154	9.216316	1.849615	-2.720596	-0.016582	-0.004320	0.015268	0.221451	0.254734	0.941313	0.272637	-0.942960	0.191039	0.936284	0.214331	-0.278269
03155	9.242527	1.826020	-2.717944	-0.007186	-0.000649	0.014286	0.221370	0.254620	0.941363	0.272477	-0.943016	0.190991	0.936350	0.214220	-0.278134
03156	9.216688	1.847508	-2.720770	-0.001833	-0.004744	0.011559	0.221437	0.254557	0.941364	0.272423	-0.943044	0.190929	0.936350	0.214170	-0.278172
03157	9.205779	1.863386	-2.693058	-0.005571	-0.002153	0.014372	0.221383	0.254459	0.941403	0.272350	-0.943078	0.190865	0.936384	0.214137	-0.278083
03158	9.210787	1.892259	-2.709535	-0.008755	-0.003957	0.015134	0.221451	0.254360	0.941414	0.272222	-0.943130	0.190788	0.936405	0.214024	-0.278100
03159	9.206152	1.861187	-2.693303	-0.011631	-0.002272	0.013286	0.221194	0.254384	0.941468	0.272862	-0.942967	0.190682	0.936280	0.214713	-0.277990
03160	9.248186	1.850682	-2.735029	-0.010270	-0.003987	0.014862	0.221262	0.254288	0.941478	0.272722	-0.943022	0.190612	0.936305	0.214586	-0.278004
03161	9.209618	1.835648	-2.699309	-0.010116	-0.002242	0.013557	0.221240	0.254219	0.941502	0.272726	-0.943034	0.190546	0.936308	0.214615	-0.277969
03162	9.243727	1.818527	-2.718886	-0.002287	-0.001885	0.013422	0.221284	0.254132	0.941515	0.272663	-0.943068	0.190467	0.936316	0.214569	-0.277979
03163	9.209966	1.833348	-2.699685	0.000941	-0.004895	0.013592	0.221161	0.254162	0.941536	0.273378	-0.942892	0.190313	0.936137	0.215305	-0.278013
03164	9.214946	1.862193	-2.716327	0.002766	-0.001377	0.011253	0.221194	0.254094	0.941546	0.273368	-0.942910	0.190241	0.936132	0.215308	-0.278027
03165	9.219957	1.891188	-2.732780	-0.003548	-0.001704	0.011660	0.221072	0.254049	0.941587	0.273534	-0.942875	0.190174	0.936112	0.215514	-0.277934
03166	9.212195	1.883743	-2.710681	-0.009862	-0.002029	0.012066	0.221114	0.253975	0.941597	0.273404	-0.942922	0.190129	0.936141	0.215396	-0.277930
03167	9.223426	1.865979	-2.738506	-0.009806	0.001250	0.010948	0.221189	0.253816	0.941623	0.272706	-0.943118	0.190159	0.936326	0.214725	-0.277824
03168	9.223619	1.865253	-2.738351	-0.009609	-0.001820	0.010575	0.221225	0.253755	0.941630	0.272581	-0.943160	0.190128	0.936354	0.214610	-0.277819
03169	9.223730	1.864646	-2.738391	-0.010771	-0.003174	0.008625	0.221209	0.253738	0.941639	0.272556	-0.943169	0.190121	0.936365	0.214593	-0.277796
03170	9.214204	1.803863	-2.705632	-0.006875	0.002843	0.011678	0.221204	0.253657	0.941662	0.272455	-0.943208	0.190071	0.936396	0.214515	-0.277752
03171	9.209554	1.772826	-2.689277	-0.000421	-0.003182	0.012015	0.221165	0.253571	0.941694	0.272405	-0.943235	0.190009	0.936420	0.214498	-0.277684
03172	9.211480	1.825461	-2.699864	0.000145	0.000516	0.007915	0.221171	0.253531	0.941703	0.272377	-0.943250	0.189976	0.936426	0.214482	-0.277676
03173	9.237545	1.802127	-2.697351	0.003626	-0.002287	0.006592	0.221164	0.253499	0.941714	0.272326	-0.943268	0.189961	0.936443	0.214440	-0.277651
03174	9.234551	1.824919	-2.691719	0.003528	-0.000752	0.006779	0.221179	0.253472	0.941718	0.272332	-0.943272	0.189928	0.936437	0.214452	-0.277660
03175	9.185808	1.845993	-2.702941	0.003782	-0.000543	0.005288	0.221008	0.253533	0.941741	0.272826	-0.943139	0.189883	0.936334	0.214966	-0.277612
03176	9.221550	1.882974	-2.733079	-0.000665	-0.002163	0.004287	0.221029	0.253533	0.941736	0.272799	-0.943146	0.189885	0.936337	0.214935	-0.277626
03177	9.249363	1.913575	-2.740939	-0.003891	0.000850	0.004119	0.220667	0.253613	0.941800	0.273471	-0.942958	0.189850	0.936226	0.215661	-0.277436
03178	9.252533	1.889671	-2.746709	-0.004302	-0.001103	0.006914	0.220685	0.253585	0.941803	0.273405	-0.942980	0.189837	0.936241	0.215599	-0.277433
03179	9.224938	1.858235	-2.738681	-0.002827	0.003739	0.006255	0.220368	0.253673	0.941853	0.274129	-0.942781	0.189784	0.936104	0.216367	-0.277298
03180	9.206172	1.868088	-2.688342	0.001914	0.000754	0.006695	0.220369	0.253643	0.941861	0.274122	-0.942788	0.189756	0.936106	0.216368	-0.277290
03181	9.240213	1.851294	-2.707817	0.000145	0.000517	0.007915	0.220145	0.253685	0.941902	0.274629	-0.942652	0.189700	0.936010	0.216912	-0.277189
03182	9.232431	1.844025	-2.685629	0.000145	0.000517	0.007915	0.220150	0.253644	0.941912	0.274603	-0.942667	0.189666	0.936017	0.216897	-0.277180
03183	9.224615	1.836831	-2.663506	0.000497	-0.000809	0.006236	0.219771	0.253732	0.941977	0.275464	-0.942431	0.189587	0.935853	0.217815	-0.277013
03184	9.194818	1.847622	-2.724800	0.000752	-0.000600	0.004745	0.219778	0.253724	0.941978	0.275451	-0.942436	0.189581	0.935855	0.217803	-0.277015
03185	9.232753	1.842276	-2.685725	-0.001370	0.000489	0.007643	0.219886	0.253704	0.941958	0.275417	-0.942453	0.189545	0.935839	0.217753	-0.277107
03186	9.209972	1.840783	-2.694269	0.000595	-0.002344	0.006049	0.219913	0.253687	0.941956	0.275400	-0.942462	0.189527	0.935838	0.217735	-0.277125
03187	9.237792	1.871119	-2.702336	0.000595	-0.002344	0.006049	0.219773	0.253840	0.941948	0.276344	-0.942204	0.189433	0.935593	0.218669	-0.277218
03188	9.217981	1.846329	-2.716857	0.002873	-0.001688	0.001847	0.219782	0.253861	0.941940	0.276357	-0.942197	0.189448	0.935587	0.218675	-0.277235
03189	9.225909	1.852520	-2.739282	0.000947	-0.003670	0.004371	0.219821	0.253811	0.941944	0.276107	-0.942268	0.189463	0.935652	0.218429	-0.277209
03190	9.214922	1.869154	-2.711513	0.002776	-0.000153	0.002034	0.219816	0.253827	0.941941	0.276119	-0.942262	0.189477	0.935649	0.218438	-0.277211
03191	9.214987	1.868661	-2.711632	0.006812	-0.000488	0.005829	0.219862	0.253739	0.941954	0.275778	-0.942361	0.189479	0.935739	0.218111	-0.277165
03192	9.219951	1.898138	-2.728088	0.005806	-0.000098	0.002576	0.219858	0.253750	0.941952	0.275817	-0.942349	0.189480	0.935728	0.218148	-0.277172
03193	9.231904	1.915498	-2.691786	0.007066	-0.000279	0.004338	0.219926	0.253628	0.941969	0.275219	-0.942516	0.189518	0.935888	0.217568	-0.277087
03194	9.238109	1.867789	-2.703555	-0.004811	-0.001518	0.009897	0.219956	0.253573	0.941977	0.275142	-0.942547	0.189479	0.935904	0.217501	-0.277087
03195	9.184578	1.858896	-2.698164	-0.002825	0.003742	0.006255	0.219724	0.253633	0.942015	0.275688	-0.942397	0.189432	0.935798	0.218080	-0.276991
03196	9.204569	1.882727	-2.683729	0.003782	-0.000544	0.005287	0.219732	0.253619	0.942017	0.275702	-0.942396	0.189412	0.935792	0.218096	-0.276998
03197	9.209576	1.912196	-2.700078	0.002169	0.000964	0.005203	0.219567	0.253555	0.942072	0.275489	-0.942451	0.189450	0.935893	0.217934	-0.276783
03198	9.235629	1.888918	-2.697453	-0.003042	-0.001281	0.008677	0.219590	0.253511	0.942079	0.275432	-0.942475	0.189417	0.935905	0.217885	-0.276783
03199	9.230873	1.858224	-2.681086	-0.009454	-0.000064	0.009270	0.219326	0.253558	0.942128	0.276005	-0.942319	0.189356	0.935798	0.218502	-0.276659
03200	9.211198	1.833101	-2.695315	-0.008351	-0.001990	0.012337	0.219366	0.253481	0.942139	0.275891	-0.942363	0.189304	0.935822	0.218401	-0.276656
03201	9.230255	1.822110	-2.745355	-0.006921	0.000799	0.003576	0.218867	0.253521	0.942244	0.276420	-0.942208	0.189304	0.935783	0.219023	-0.276296
03202	9.242222	1.839566	-2.708953	-0.007648	-0.004642	0.008980	0.218922	0.253482	0.942242	0.276319	-0.942242	0.189281	0.935799	0.218922	-0.276320
03203	9.194569	1.783897	-2.715702	-0.003599	-0.003752	0.003558	0.218768	0.253480	0.942278	0.276414	-0.942213	0.189288	0.935808	0.219048	-0.276192
03204	9.237330	1.808692	-2.693136	0.003782	-0.000546	0.005287	0.218775	0.253466	0.942280	0.276429	-0.942213	0.189268	0.935802	0.219066	-0.276198
03205	9.207500	1.819531	-2.754530	0.004133	-0.001872	0.003609	0.218523	0.253560	0.942314	0.277093	-0.942026	0.189225	0.935664	0.219758	-0.276114
03206	9.253354	1.820686	-2.737682	0.010157	0.003051	0.003763	0.218492	0.253552	0.942323	0.277171	-0.942008	0.189201	0.935648	0.219845	-0.276098
03207	9.206546	1.895436	-2.759327	0.016920	0.000507	0.001490	0.218367	0.253623	0.942333	0.277733	-0.941856	0.189135	0.935511	0.220416	-0.276110
03208	9.254353	1.950007	-2.752866	0.014762	0.006412	0.003458	0.218304	0.253611	0.942351	0.277855	-0.941826	0.189102	0.935489	0.220555	-0.276071
03209	9.235661	1.960004	-2.702306	-0.002412	0.005696	0.003458	0.218243	0.253480	0.942400	0.277230	-0.941997	0.189170	0.935689	0.219976	-0.275857
03210	9.249874	1.919245	-2.735571	-0.008884	0.003635	0.005170	0.218210	0.253458	0.942414	0.277127	-0.942024	0.189186	0.935727	0.219886	-0.275799
03211	9.253105	1.895724	-2.740714	-0.022871	0.004719	0.004407	0.217923	0.253472	0.942476	0.277291	-0.941969	0.189219	0.935745	0.220105	-0.275562
03212	9.205709	1.840414	-2.746305	-0.019187	0.005709	0.009882	0.217883	0.253401	0.942505	0.277081	-0.942031	0.189219	0.935817	0.219923	-0.275465
03213	9.228930	1.840888	-2.736945	-0.007660	0.008268	0.006003	0.217902	0.253213	0.942551	0.276100	-0.942300	0.189316	0.936102	0.218986	-0.275241
03214	9.249069	1.864936	-2.721894	-0.002412	0.005696	0.003460	0.217844	0.253203	0.942567	0.276061	-0.942308	0.189330	0.936127	0.218961	-0.275175
03215	9.257259	1.871332	-2.743337	-0.008569	0.007124	0.002561	0.217617	0.253242	0.942609	0.276253	-0.942244	0.189367	0.936123	0.219189	-0.275008
03216	9.203912	1.863004	-2.736972	-0.011078	0.014355	0.006208	0.217486	0.253187	0.942654	0.276127	-0.942279	0.189379	0.936191	0.219105	-0.274844
03217	9.175553	1.908410	-2.732413	-0.003167	0.011934	0.015106	0.217481	0.253063	0.942688	0.275930	-0.942350	0.189314	0.936250	0.218944	-0.274771
03218	9.228915	1.896574	-2.661343	0.000083	0.017012	0.013229	0.217344	0.252936	0.942754	0.275893	-0.942377	0.189230	0.936293	0.218971	-0.274603
03219	9.252541	1.895911	-2.651318	-0.000938	0.016176	0.019193	0.217195	0.252687	0.942855	0.275491	-0.942514	0.189133	0.936446	0.218670	-0.274322
03220	9.225425	1.863419	-2.642150	0.001280	0.013550	0.016108	0.217098	0.252540	0.942917	0.275459	-0.942547	0.189019	0.936478	0.218700	-0.274190
03221	9.203028	1.973168	-2.589518	-0.012514	0.011571	0.014964	0.217006	0.252436	0.942966	0.275407	-0.942575	0.188952	0.936515	0.218695	-0.274067
03222	9.227544	1.992282	-2.654280	-0.049639	0.010321	0.012907	0.216931	0.252326	0.943012	0.274905	-0.942711	0.189007	0.936680	0.218237	-0.273869
03223	9.314832	1.950075	-2.740974	-0.092530	0.011236	0.016370	0.216781	0.252171	0.943088	0.273967	-0.942953	0.189160	0.936989	0.217369	-0.273501
03224	9.300850	1.844707	-2.828570	-0.094457	0.016125	0.026066	0.216687	0.251925	0.943176	0.273016	-0.943218	0.189213	0.937288	0.216502	-0.273163
03225	9.295046	1.857028	-2.877826	-0.076249	0.024529	0.027298	0.216437	0.251598	0.943320	0.272057	-0.943493	0.189223	0.937625	0.215682	-0.272656
03226	9.327218	1.974996	-2.827411	-0.051136	0.030881	0.034182	0.216226	0.251244	0.943463	0.271494	-0.943684	0.189081	0.937836	0.215261	-0.272261
03227	9.290842	2.104746	-2.662956	-0.055575	0.030072	0.050493	0.215877	0.250887	0.943638	0.271665	-0.943700	0.188755	0.937867	0.215605	-0.271880
03228	9.196560	2.343216	-2.351117	-0.179694	0.022589	0.046138	0.215776	0.250438	0.943781	0.269871	-0.944196	0.188848	0.938409	0.213950	-0.271320
03229	9.281874	2.438744	-2.364732	-0.423035	0.016663	0.042590	0.215886	0.249944	0.943886	0.265133	-0.945368	0.189695	0.939733	0.209303	-0.270360
03230	9.401441	2.412327	-2.451874	-0.632894	0.046435	0.052988	0.215574	0.249382	0.944106	0.259057	-0.946800	0.190942	0.941497	0.203415	-0.268710
03231	9.147729	2.324261	-2.365697	-0.817802	0.049902	0.059410	0.215363	0.248607	0.944359	0.250339	-0.948790	0.192683	0.943901	0.194913	-0.266571
03232	8.951218	1.868561	-2.758578	-0.875992	0.043757	0.058896	0.215081	0.247999	0.944583	0.241925	-0.950602	0.194494	0.946157	0.186686	-0.264454
03233	9.080509	1.475557	-3.130869	-0.657291	0.022502	0.047970	0.214862	0.247558	0.944748	0.235735	-0.951885	0.195816	0.947768	0.180637	-0.262882
03234	9.338323	1.345107	-2.964976	-0.358288	0.023586	0.050301	0.214743	0.247072	0.944903	0.232220	-0.952645	0.196321	0.948662	0.177267	-0.261948
03235	9.392944	1.594097	-2.553770	-0.198262	0.032902	0.057128	0.214242	0.246652	0.945126	0.231285	-0.952887	0.196250	0.949003	0.176549	-0.261195
03236	9.340059	1.849018	-2.480065	-0.188564	0.031944	0.055588	0.214054	0.246102	0.945312	0.229367	-0.953349	0.196257	0.949511	0.174814	-0.260515
03237	9.233643	1.909512	-2.465920	-0.165811	0.025400	0.052403	0.213535	0.245773	0.945515	0.228947	-0.953475	0.196137	0.949730	0.174591	-0.259869
03238	9.244064	1.947439	-2.417035	-0.120881	0.013303	0.049231	0.213508	0.245316	0.945640	0.227685	-0.953800	0.196026	0.950039	0.173455	-0.259498
03239	9.288109	1.969171	-2.389598	-0.106847	0.007252	0.050822	0.213733	0.244861	0.945707	0.226399	-0.954136	0.195877	0.950296	0.172242	-0.259367
03240	9.328034	2.059904	-2.421897	-0.146692	0.005407	0.054274	0.213791	0.244369	0.945821	0.224880	-0.954514	0.195784	0.950643	0.170839	-0.259020
03241	9.252175	2.128535	-2.422440	-0.229631	-0.001882	0.053719	0.213886	0.243905	0.945919	0.222512	-0.955037	0.195942	0.951179	0.168569	-0.258541
03242	9.225622	2.207750	-2.344780	-0.336135	-0.006585	0.052409	0.214052	0.243450	0.945999	0.219193	-0.955719	0.196355	0.951912	0.165326	-0.257936
03243	9.223990	2.235902	-2.328154	-0.501596	0.008945	0.051466	0.213894	0.243087	0.946128	0.215001	-0.956508	0.197148	0.952903	0.161250	-0.256855
03244	9.206990	2.015224	-2.819521	-0.565222	0.005107	0.054903	0.213949	0.242589	0.946243	0.209486	-0.957531	0.198117	0.954118	0.155838	-0.255682
03245	9.194148	1.801248	-2.841478	-0.479288	0.006093	0.056569	0.213858	0.242171	0.946371	0.205338	-0.958284	0.198818	0.955040	0.151807	-0.254663
03246	9.293455	1.636939	-2.749643	-0.371224	0.004356	0.058704	0.213923	0.241637	0.946493	0.201657	-0.958976	0.199246	0.955809	0.148244	-0.253875
03247	9.395189	1.676877	-2.663777	-0.240043	0.013896	0.062311	0.213768	0.241190	0.946642	0.199979	-0.959324	0.199263	0.956196	0.146712	-0.253306
03248	9.399504	1.919124	-2.454319	-0.179445	0.016588	0.066005	0.213729	0.240568	0.946809	0.198113	-0.959738	0.199132	0.956594	0.145015	-0.252783
03249	9.424134	2.071519	-2.436631	-0.187801	0.024032	0.067335	0.213373	0.240028	0.947026	0.196903	-0.960023	0.198958	0.956923	0.144020	-0.252105
03250	9.445384	2.139853	-2.479486	-0.168820	0.023177	0.075392	0.213287	0.239306	0.947228	0.195118	-0.960439	0.198709	0.957307	0.142439	-0.251542
03251	9.492302	2.062558	-2.318646	-0.162823	0.016715	0.086380	0.213202	0.238584	0.947429	0.193903	-0.960768	0.198309	0.957573	0.141429	-0.251100
03252	9.482762	1.965413	-2.353250	-0.140194	0.034313	0.106248	0.213066	0.237550	0.947720	0.192326	-0.961212	0.197693	0.957921	0.140149	-0.250489
03253	9.526622	1.877505	-2.251371	-0.124138	0.038450	0.120965	0.212730	0.236345	0.948097	0.190909	-0.961659	0.196890	0.958280	0.139116	-0.249694
03254	9.642117	1.840989	-2.128416	-0.123123	0.054191	0.130245	0.212446	0.235053	0.948481	0.189445	-0.962130	0.196002	0.958633	0.138045	-0.248930
03255	9.833374	1.703644	-2.068424	-0.121240	0.083842	0.150049	0.211716	0.233626	0.948997	0.188547	-0.962531	0.194894	0.958972	0.137669	-0.247832
03256	9.947405	1.685392	-1.932169	-0.094947	0.121278	0.164763	0.210850	0.231909	0.949611	0.187281	-0.963039	0.193604	0.959410	0.137023	-0.246489
03257	10.115876	1.720991	-1.860146	-0.083284	0.173967	0.171626	0.209340	0.230192	0.950362	0.186904	-0.963397	0.192179	0.959814	0.137396	-0.244702
03258	10.190144	1.782935	-1.668912	-0.029923	0.241152	0.173168	0.207336	0.228227	0.951275	0.186249	-0.963829	0.190645	0.960377	0.137646	-0.242343
03259	10.039656	1.935825	-1.356165	-0.074323	0.317502	0.173702	0.204553	0.226178	0.952366	0.185328	-0.964290	0.189204	0.961151	0.137798	-0.239166
03260	9.769555	1.603009	-1.837763	-0.207459	0.349927	0.180902	0.201509	0.223989	0.953532	0.182958	-0.964975	0.188012	0.962248	0.136571	-0.235432
03261	9.825144	1.430560	-1.926631	-0.145064	0.395876	0.179105	0.197816	0.221821	0.954811	0.181761	-0.965468	0.186640	0.963240	0.136627	-0.231304
03262	9.939244	1.466277	-1.482551	-0.036487	0.443153	0.183561	0.193866	0.219478	0.956162	0.181043	-0.965917	0.185010	0.964178	0.137239	-0.226994
03263	9.984172	1.566142	-1.315836	-0.131413	0.504978	0.209134	0.189266	0.216720	0.957711	0.179166	-0.966588	0.183322	0.965442	0.136893	-0.221771
03264	9.813582	1.740649	-1.571626	-0.207050	0.550260	0.241673	0.184367	0.213668	0.959351	0.176706	-0.967385	0.181498	0.966842	0.136061	-0.216111
03265	9.821621	1.704061	-1.691221	-0.220176	0.578219	0.263045	0.179160	0.210303	0.961080	0.173873	-0.968277	0.179465	0.968334	0.134953	-0.210042
03266	9.832035	1.526626	-1.636482	-0.168406	0.615198	0.275747	0.173662	0.206838	0.962839	0.171747	-0.969073	0.177200	0.969714	0.134591	-0.203815
03267	9.827636	1.483790	-1.529847	-0.126888	0.659625	0.298953	0.167637	0.203115	0.964698	0.170431	-0.969783	0.174570	0.971005	0.135150	-0.197189
03268	9.823559	1.643224	-1.336467	-0.083942	0.695560	0.308393	0.161390	0.199217	0.966574	0.169100	-0.970511	0.171794	0.972295	0.135722	-0.190319
03269	9.924934	1.831579	-1.191774	-0.087106	0.743483	0.310155	0.154672	0.195167	0.968497	0.167446	-0.971290	0.168988	0.973673	0.136033	-0.182912
03270	9.927592	1.912229	-1.132796	-0.119022	0.780904	0.298808	0.147549	0.191235	0.970391	0.165826	-0.972025	0.166343	0.975054	0.136372	-0.175133
03271	9.973446	1.791692	-1.073670	-0.129676	0.814377	0.285056	0.139909	0.187395	0.972270	0.164512	-0.972679	0.163801	0.976402	0.137033	-0.166916
03272	9.704903	1.730067	-0.971666	-0.086579	0.852380	0.259063	0.131993	0.183740	0.974073	0.163305	-0.973274	0.161460	0.977706	0.137759	-0.158471
03273	9.399243	1.792823	-0.781969	-0.084013	0.874244	0.223859	0.123596	0.180314	0.975813	0.162179	-0.973801	0.159401	0.978990	0.138555	-0.149601
03274	9.026147	1.420399	-0.695657	-0.163530	0.877912	0.179821	0.115273	0.177382	0.977368	0.160352	-0.974345	0.157921	0.980306	0.138519	-0.140759
03275	8.909678	1.167204	-0.782677	-0.150473	0.877924	0.143070	0.106641	0.174758	0.978819	0.158746	-0.974798	0.156744	0.981543	0.138668	-0.131695
03276	8.945386	0.905136	-0.793454	-0.089410	0.883911	0.119488	0.098137	0.172400	0.980126	0.157735	-0.975125	0.155727	0.982593	0.139318	-0.122889
03277	8.781288	0.909459	-0.806531	-0.000935	0.871240	0.102851	0.089621	0.170177	0.981330	0.157236	-0.975356	0.154782	0.983486	0.140429	-0.114171
03278	9.110558	0.934518	-1.162150	0.091110	0.832584	0.105069	0.081583	0.168010	0.982404	0.158031	-0.975400	0.153688	0.984058	0.142712	-0.106127
03279	9.134973	1.538272	-1.572166	0.233674	0.849268	0.157139	0.073139	0.165213	0.983542	0.160686	-0.975251	0.151871	0.984292	0.146934	-0.097877
03280	8.725697	2.359862	-1.367547	0.258883	0.886592	0.214204	0.064745	0.161839	0.984691	0.163075	-0.975212	0.149559	0.984487	0.150895	-0.089532
03281	8.793379	2.395474	-1.667191	0.114532	0.851365	0.229131	0.056427	0.158248	0.985786	0.163867	-0.975437	0.147207	0.984867	0.153232	-0.080973
03282	8.627298	2.168090	-1.893013	0.082062	0.769691	0.230725	0.049211	0.154846	0.986712	0.164541	-0.975668	0.144906	0.985142	0.155224	-0.073492
03283	8.568077	2.286758	-1.731586	0.046398	0.662042	0.187928	0.042914	0.151954	0.987456	0.163664	-0.976083	0.143091	0.985582	0.155470	-0.066757
03284	8.601533	2.609929	-1.894990	-0.131867	0.540135	0.143395	0.037809	0.149751	0.988001	0.162293	-0.976501	0.141798	0.986018	0.154985	-0.061224
03285	8.597659	2.735024	-2.081876	-0.365710	0.398251	0.107509	0.033807	0.148078	0.988398	0.158381	-0.977260	0.140993	0.986799	0.151777	-0.056491
03286	8.595700	2.320193	-2.415668	-0.569256	0.235575	0.072633	0.031580	0.147053	0.988624	0.152724	-0.978213	0.140625	0.987764	0.146546	-0.053350
03287	8.382643	1.702884	-2.748146	-0.712507	0.021671	0.030540	0.031302	0.146745	0.988679	0.145332	-0.979320	0.140755	0.988888	0.139281	-0.051982
03288	8.500640	0.897122	-3.313230	-0.652242	-0.194982	-0.006340	0.033208	0.147108	0.988563	0.138868	-0.980193	0.141198	0.989754	0.132590	-0.052979
03289	9.480924	-0.198173	-2.702951	-0.181739	-0.297184	-0.048404	0.035805	0.147952	0.988346	0.137204	-0.980343	0.141783	0.989896	0.130528	-0.055401
03290	10.990863	-1.087181	-0.903929	0.355099	-0.229024	-0.027085	0.038020	0.148556	0.988173	0.140715	-0.979830	0.141887	0.989320	0.133656	-0.058157
03291	11.069070	-0.875658	0.446112	0.546602	-0.116754	0.034258	0.038949	0.148331	0.988170	0.146370	-0.979101	0.141201	0.988463	0.139139	-0.059846
03292	10.039047	0.630855	0.549398	0.367661	-0.080206	0.092788	0.039864	0.147572	0.988248	0.149954	-0.978716	0.140100	0.987889	0.142607	-0.061144
03293	9.325254	2.159222	-0.191949	0.104658	-0.068944	0.102780	0.040409	0.146598	0.988370	0.151317	-0.978667	0.138972	0.987659	0.143942	-0.061730
03294	8.797399	2.687816	-0.839916	-0.116175	-0.066853	0.034496	0.041106	0.146392	0.988372	0.150143	-0.978881	0.138742	0.987809	0.142694	-0.062218
03295	9.155651	2.293746	-0.935238	-0.187193	-0.085693	-0.038017	0.041650	0.146848	0.988282	0.148484	-0.979066	0.139221	0.988037	0.140946	-0.062583
03296	9.947823	1.636598	-0.803950	-0.196865	-0.087826	-0.060587	0.042413	0.147600	0.988137	0.146552	-0.979248	0.139982	0.988293	0.138876	-0.063164
03297	10.118177	1.219339	-0.883186	-0.172433	-0.072358	-0.039288	0.043007	0.148106	0.988036	0.144534	-0.979470	0.140531	0.988565	0.136761	-0.063530
03298	9.973142	1.051558	-0.965099	-0.109397	-0.072540	-0.011514	0.043692	0.148353	0.987969	0.143446	-0.979598	0.140753	0.988693	0.135570	-0.064081
03299	9.801904	1.001259	-0.887029	-0.066845	-0.068232	0.025755	0.044052	0.148156	0.987982	0.142520	-0.979759	0.140568	0.988811	0.134615	-0.064276
03300	9.677403	1.021051	-0.776935	-0.062897	-0.050995	0.028607	0.044582	0.147980	0.987985	0.141873	-0.979883	0.140364	0.988880	0.133911	-0.064679
03301	9.809940	1.166864	-0.785153	-0.048397	-0.050902	0.011791	0.044883	0.147909	0.987982	0.141621	-0.979933	0.140270	0.988903	0.133623	-0.064929
03302	9.832641	1.263495	-0.762781	0.019780	-0.046065	0.004800	0.045329	0.147960	0.987954	0.141802	-0.979909	0.140249	0.988857	0.133737	-0.065400
03303	9.733844	1.359345	-0.633632	0.098994	-0.036507	-0.001362	0.045492	0.148020	0.987938	0.143383	-0.979689	0.140181	0.988621	0.135276	-0.065791
03304	9.588952	1.563462	-0.455971	0.112250	-0.033487	-0.008288	0.045794	0.148182	0.987899	0.144484	-0.979521	0.140228	0.988447	0.136314	-0.066266
03305	9.530374	1.769869	-0.469929	0.078934	-0.036439	-0.010303	0.045992	0.148327	0.987868	0.145597	-0.979350	0.140269	0.988274	0.137379	-0.066638
03306	9.588944	1.851019	-0.463076	0.045984	-0.038106	-0.002276	0.046348	0.148437	0.987835	0.146041	-0.979279	0.140300	0.988192	0.137761	-0.067066
03307	9.670172	1.741804	-0.431583	0.000864	-0.043129	0.014551	0.046521	0.148314	0.987845	0.146422	-0.979247	0.140128	0.988128	0.138123	-0.067272
03308	9.701416	1.646573	-0.456382	-0.024357	-0.041766	0.023761	0.046952	0.148175	0.987846	0.146158	-0.979312	0.139948	0.988146	0.137811	-0.067637
03309	9.689900	1.586719	-0.306660	-0.088194	-0.043700	0.032641	0.047485	0.147958	0.987853	0.144650	-0.979562	0.139763	0.988343	0.136256	-0.067916
03310	9.592474	1.502356	-0.686540	-0.137939	-0.046361	0.037334	0.047980	0.147691	0.987869	0.143257	-0.979801	0.139527	0.988522	0.134825	-0.068168
03311	9.671801	1.398098	-0.745829	-0.072741	-0.061855	0.035132	0.048523	0.147433	0.987881	0.142592	-0.979938	0.139243	0.988591	0.134107	-0.068572
03312	9.764982	1.310594	-0.636331	-0.009468	-0.073266	0.028311	0.049271	0.147289	0.987866	0.142473	-0.979989	0.139009	0.988572	0.133895	-0.069270
03313	9.717606	1.266598	-0.475994	0.032400	-0.082901	0.028646	0.050041	0.147150	0.987848	0.142356	-0.980039	0.138775	0.988550	0.133682	-0.069990
03314	9.585842	1.280719	-0.499770	0.070039	-0.085145	0.032423	0.050912	0.146982	0.987828	0.143021	-0.979989	0.138444	0.988409	0.134231	-0.070915
03315	9.630125	1.372225	-0.470338	0.079499	-0.094933	0.033211	0.051815	0.146807	0.987807	0.144001	-0.979897	0.138078	0.988220	0.135091	-0.071913
03316	9.655977	1.320742	-0.484762	0.082642	-0.090106	0.033414	0.052736	0.146637	0.987784	0.144789	-0.979830	0.137727	0.988056	0.135757	-0.072904
03317	9.657030	1.236783	-0.560134	0.088821	-0.098829	0.028646	0.053729	0.146522	0.987747	0.145647	-0.979747	0.137413	0.987877	0.136479	-0.073982
03318	9.647890	1.228618	-0.702164	0.089330	-0.105413	0.021082	0.054784	0.146495	0.987693	0.146507	-0.979652	0.137176	0.987692	0.137189	-0.075132
03319	9.636214	1.366168	-0.813447	0.086043	-0.096263	0.015459	0.055674	0.146500	0.987643	0.147383	-0.979547	0.136991	0.987511	0.137935	-0.076126
03320	9.722964	1.480140	-0.903095	0.085218	-0.096790	0.018349	0.056639	0.146489	0.987589	0.148203	-0.979452	0.136783	0.987334	0.138617	-0.077185
03321	9.741420	1.629891	-1.112441	0.069143	-0.094630	0.023927	0.057552	0.146432	0.987545	0.148818	-0.979391	0.136550	0.987188	0.139106	-0.078158
03322	9.685746	1.809678	-1.139736	0.071629	-0.080072	0.032210	0.058373	0.146263	0.987522	0.149496	-0.979335	0.136214	0.987038	0.139679	-0.079033
03323	9.644659	1.948551	-1.051572	0.041704	-0.076465	0.047090	0.059245	0.145954	0.987516	0.149621	-0.979377	0.135774	0.986967	0.139709	-0.079861
03324	9.642540	1.966300	-1.050711	-0.023790	-0.073514	0.056780	0.060038	0.145536	0.987530	0.149341	-0.979489	0.135271	0.986961	0.139357	-0.080541
03325	9.718018	1.865077	-1.202558	-0.090684	-0.050555	0.071486	0.060526	0.144933	0.987588	0.148597	-0.979686	0.134667	0.987044	0.138602	-0.080833
03326	9.650879	1.708437	-1.311568	-0.136736	-0.036177	0.080724	0.060985	0.144228	0.987663	0.147187	-0.979987	0.134019	0.987227	0.137198	-0.080993
