// General information: 
//  MT Manager version: 2022.2.0 
//  XDA version: 2022.2.0 build 7381 rev 124627 built on 2023-07-19
// Device information: 
//  DeviceId: 00B4CB9F
//  ProductCode: MTW2-3A7G6
//  Firmware Version: 4.6.0
//  Hardware Version: 2.0.0
// Device settings: 
//  Filter Profile: human(46.1)
//  Option Flags: Orientation Smoother Disabled, Position/Velocity Smoother Disabled, Continuous Zero Rotation Update Disabled, AHS Disabled, ICC Disabled
// Coordinate system: ENU
PacketCounter	Acc_X	Acc_Y	Acc_Z	Gyr_X	Gyr_Y	Gyr_Z	Mat[1][1]	Mat[2][1]	Mat[3][1]	Mat[1][2]	Mat[2][2]	Mat[3][2]	Mat[1][3]	Mat[2][3]	Mat[3][3]
35951	9.512951	0.237692	2.276502	0.022063	0.023640	0.023635	-0.253985	-0.075707	0.964241	0.405239	-0.913540	0.035015	0.878222	0.399641	0.262705
35952	9.485886	0.299799	2.312181	0.018818	0.014081	0.026009	-0.253899	-0.076025	0.964238	0.405558	-0.913408	0.034773	0.878099	0.399883	0.262746
35953	9.481850	0.269509	2.380561	0.007496	0.004742	0.026636	-0.253751	-0.076299	0.964256	0.405747	-0.913334	0.034506	0.878054	0.400000	0.262718
35954	9.467768	0.236337	2.376033	-0.001134	0.004268	0.017513	-0.253662	-0.076461	0.964266	0.405762	-0.913334	0.034319	0.878073	0.399968	0.262703
35955	9.420520	0.303473	2.437752	-0.005389	0.005429	0.018749	-0.253552	-0.076665	0.964279	0.405818	-0.913318	0.034094	0.878079	0.399967	0.262686
35956	9.414275	0.360748	2.445015	-0.016078	0.008060	0.014854	-0.253478	-0.076849	0.964284	0.405774	-0.913346	0.033875	0.878121	0.399868	0.262697
35957	9.534382	0.438232	2.565971	-0.036330	0.016979	0.019423	-0.253467	-0.077106	0.964266	0.405560	-0.913452	0.033563	0.878223	0.399575	0.262801
35958	9.379114	0.329555	2.470329	-0.037335	0.016131	0.018648	-0.253473	-0.077328	0.964247	0.405269	-0.913592	0.033268	0.878356	0.399212	0.262910
35959	9.463411	0.243494	2.397711	-0.034454	0.013656	0.011725	-0.253464	-0.077502	0.964235	0.405052	-0.913697	0.033035	0.878458	0.398939	0.262982
35960	9.388105	0.271057	2.425143	-0.029844	0.022289	0.017402	-0.253494	-0.077761	0.964207	0.404895	-0.913776	0.032755	0.878522	0.398706	0.263121
35961	9.398078	0.294549	2.474096	-0.031486	0.021050	0.020772	-0.253513	-0.078046	0.964178	0.404727	-0.913862	0.032443	0.878594	0.398454	0.263264
35962	9.475366	0.221048	2.459998	-0.034300	0.020981	0.018541	-0.253527	-0.078334	0.964151	0.404577	-0.913939	0.032130	0.878659	0.398220	0.263401
35963	9.435815	0.107039	2.431071	-0.031883	0.027674	0.020227	-0.253608	-0.078641	0.964105	0.404404	-0.914026	0.031822	0.878715	0.397959	0.263607
35964	9.428056	0.060323	2.370326	-0.012526	0.020668	0.026500	-0.253552	-0.079033	0.964088	0.404547	-0.913975	0.031469	0.878665	0.397998	0.263713
35965	9.449303	0.155691	2.414734	0.006434	0.020268	0.032247	-0.253519	-0.079421	0.964065	0.404742	-0.913901	0.031146	0.878585	0.398093	0.263836
35966	9.352319	0.355118	2.503846	0.019796	0.012644	0.029165	-0.253440	-0.079736	0.964059	0.405007	-0.913791	0.030893	0.878486	0.398281	0.263885
35967	9.415064	0.441297	2.492542	0.006674	0.006361	0.025932	-0.253309	-0.080010	0.964071	0.405188	-0.913720	0.030632	0.878440	0.398389	0.263873
35968	9.419798	0.367050	2.684923	-0.018992	0.017667	0.026091	-0.253265	-0.080321	0.964057	0.405131	-0.913757	0.030300	0.878479	0.398243	0.263963
35969	9.416091	0.382479	2.703146	-0.030816	0.023757	0.014201	-0.253335	-0.080557	0.964019	0.404952	-0.913844	0.030053	0.878542	0.397995	0.264130
35970	9.375412	0.222414	2.725318	-0.048425	0.023245	0.016483	-0.253324	-0.080884	0.963994	0.404798	-0.913924	0.029692	0.878616	0.397744	0.264260
35971	9.264486	0.143227	2.679832	-0.049248	0.022636	0.018156	-0.253368	-0.081152	0.963960	0.404467	-0.914081	0.029357	0.878756	0.397328	0.264422
35972	9.296536	0.017205	2.640608	-0.039367	0.012279	0.019369	-0.253274	-0.081429	0.963961	0.404324	-0.914156	0.029012	0.878848	0.397100	0.264456
35973	9.327276	0.035453	2.661169	-0.019999	0.007494	0.023291	-0.253165	-0.081683	0.963969	0.404263	-0.914192	0.028705	0.878908	0.396964	0.264463
35974	9.346234	0.172006	2.695172	-0.011927	0.007243	0.025061	-0.253020	-0.081994	0.963980	0.404365	-0.914157	0.028379	0.878903	0.396980	0.264456
35975	9.442800	0.237551	2.713126	-0.026240	0.009233	0.020593	-0.252937	-0.082231	0.963982	0.404242	-0.914221	0.028081	0.878983	0.396785	0.264481
35976	9.430933	0.162461	2.718962	-0.048234	0.023543	0.018884	-0.252958	-0.082540	0.963950	0.403986	-0.914345	0.027721	0.879095	0.396434	0.264636
35977	9.579037	0.109049	2.843139	-0.063442	0.036828	0.027213	-0.253091	-0.082947	0.963880	0.403553	-0.914550	0.027261	0.879255	0.395876	0.264938
35978	9.531738	0.163806	2.736251	-0.067797	0.044585	0.018837	-0.253288	-0.083323	0.963796	0.403116	-0.914755	0.026857	0.879399	0.395324	0.265285
35979	9.452042	0.286399	2.549242	-0.053180	0.035458	0.009872	-0.253478	-0.083566	0.963725	0.402730	-0.914933	0.026591	0.879521	0.394861	0.265570
35980	9.411972	0.364006	2.529462	-0.054347	0.008636	-0.001776	-0.253486	-0.083555	0.963724	0.402218	-0.915162	0.026450	0.879753	0.394332	0.265588
35981	9.338614	0.463365	2.479218	-0.078784	0.001650	-0.027954	-0.253531	-0.083318	0.963732	0.401510	-0.915472	0.026480	0.880063	0.393662	0.265554
35982	9.331475	0.476764	2.537497	-0.119491	-0.006726	-0.043894	-0.253509	-0.082986	0.963767	0.400586	-0.915876	0.026508	0.880491	0.392791	0.265425
35983	9.344841	0.327476	2.705038	-0.167311	0.000235	-0.052147	-0.253638	-0.082522	0.963773	0.399036	-0.916551	0.026537	0.881157	0.391311	0.265401
35984	9.390095	-0.024455	2.735004	-0.190691	0.011183	-0.057346	-0.253922	-0.082019	0.963741	0.397169	-0.917361	0.026572	0.881919	0.389515	0.265514
35985	9.474421	-0.266136	2.797629	-0.171621	0.025140	-0.040362	-0.254223	-0.081760	0.963684	0.395609	-0.918037	0.026476	0.882533	0.387972	0.265731
35986	9.398870	-0.292697	2.703732	-0.114728	0.028155	-0.027555	-0.254587	-0.081558	0.963605	0.394375	-0.918569	0.026449	0.882980	0.386755	0.266020
35987	9.442093	-0.129618	2.646613	-0.071781	0.024260	-0.016339	-0.254785	-0.081514	0.963556	0.393756	-0.918836	0.026386	0.883199	0.386129	0.266202
35988	9.395867	-0.046551	2.513253	-0.054640	0.024523	-0.011928	-0.254976	-0.081475	0.963509	0.393217	-0.919068	0.026341	0.883384	0.385584	0.266377
35989	9.267369	0.133237	2.585652	-0.048758	0.022334	-0.014134	-0.255147	-0.081444	0.963466	0.392806	-0.919245	0.026318	0.883517	0.385170	0.266535
35990	9.256128	0.376925	2.648823	-0.063051	0.015101	-0.020766	-0.255271	-0.081307	0.963445	0.392220	-0.919495	0.026323	0.883742	0.384602	0.266610
35991	9.283191	0.415734	2.687093	-0.091863	0.016812	-0.030012	-0.255456	-0.081109	0.963412	0.391388	-0.919849	0.026338	0.884057	0.383796	0.266726
35992	9.414795	0.161080	2.808781	-0.120562	0.023536	-0.030048	-0.255635	-0.080985	0.963375	0.390430	-0.920258	0.026242	0.884429	0.382840	0.266870
35993	9.431780	-0.117985	2.715902	-0.092306	0.018970	-0.025869	-0.255823	-0.080832	0.963338	0.389604	-0.920609	0.026216	0.884739	0.382027	0.267006
35994	9.469767	-0.162997	2.557336	-0.038174	0.016973	-0.021822	-0.256033	-0.080631	0.963299	0.389071	-0.920831	0.026334	0.884913	0.381534	0.267135
35995	9.383123	0.032717	2.549786	-0.010096	0.012143	-0.020038	-0.256138	-0.080507	0.963282	0.388987	-0.920863	0.026471	0.884920	0.381484	0.267184
35996	9.297577	0.198071	2.394151	-0.011457	-0.000721	-0.025464	-0.256131	-0.080293	0.963302	0.388898	-0.920896	0.026645	0.884961	0.381450	0.267095
35997	9.402660	0.144002	2.437965	-0.033755	-0.018847	-0.019724	-0.255960	-0.080053	0.963367	0.388605	-0.921017	0.026716	0.885139	0.381207	0.266852
35998	9.355477	0.134438	2.401429	-0.038615	-0.025123	-0.018843	-0.255721	-0.079827	0.963449	0.388322	-0.921135	0.026748	0.885332	0.380969	0.266552
35999	9.457866	0.175684	2.556836	-0.032684	-0.034354	-0.025480	-0.255435	-0.079475	0.963554	0.388024	-0.921257	0.026877	0.885545	0.380748	0.266159
36000	9.519784	0.195608	2.619495	-0.038027	-0.025047	-0.036981	-0.255314	-0.079039	0.963622	0.387587	-0.921435	0.027113	0.885772	0.380409	0.265889
36001	9.558262	0.023152	2.739149	-0.052921	-0.011370	-0.023732	-0.255224	-0.078791	0.963666	0.387114	-0.921632	0.027171	0.886004	0.379983	0.265723
36002	9.502516	-0.284470	2.874920	-0.046869	0.003367	-0.002941	-0.255222	-0.078740	0.963671	0.386616	-0.921843	0.027070	0.886222	0.379480	0.265717
36003	9.443480	-0.368878	2.843755	0.003199	0.010116	0.023262	-0.255141	-0.079007	0.963671	0.386760	-0.921790	0.026825	0.886183	0.379554	0.265743
36004	9.417473	-0.237051	2.805239	0.052310	0.020607	0.043956	-0.255074	-0.079513	0.963647	0.387396	-0.921532	0.026505	0.885924	0.380074	0.265862
36005	9.389176	0.037307	2.830600	0.096833	0.022595	0.058791	-0.254965	-0.080154	0.963622	0.388460	-0.921094	0.026166	0.885489	0.381001	0.265983
36006	9.369017	0.480273	2.966601	0.114894	0.032639	0.052108	-0.254900	-0.080849	0.963581	0.389843	-0.920517	0.025891	0.884900	0.382246	0.266159
36007	9.424994	0.704508	3.064175	0.083236	0.041435	0.044964	-0.255010	-0.081435	0.963503	0.390751	-0.920139	0.025651	0.884468	0.383031	0.266466
36008	9.246382	0.590351	2.864210	0.056919	0.056709	0.030350	-0.255361	-0.081911	0.963370	0.391283	-0.919917	0.025501	0.884131	0.383462	0.266961
36009	9.299917	0.509359	2.748201	0.051824	0.045673	0.033486	-0.255552	-0.082408	0.963277	0.391883	-0.919667	0.025287	0.883810	0.383954	0.267317
36010	9.325625	0.443457	2.717448	0.036120	0.049437	0.046292	-0.255859	-0.082912	0.963152	0.392046	-0.919606	0.024983	0.883649	0.383992	0.267795
36011	9.330536	0.381014	2.714229	0.036296	0.049672	0.048725	-0.256026	-0.083564	0.963051	0.392548	-0.919403	0.024582	0.883378	0.384337	0.268194
36012	9.350890	0.396330	2.665936	0.045098	0.043171	0.055960	-0.256087	-0.084266	0.962974	0.393163	-0.919152	0.024124	0.883087	0.384783	0.268513
36013	9.432427	0.350776	2.585996	0.048495	0.039092	0.058779	-0.256120	-0.084970	0.962903	0.393798	-0.918893	0.023659	0.882794	0.385249	0.268807
36014	9.286684	0.244232	2.561388	0.062513	0.039319	0.070008	-0.256078	-0.085815	0.962839	0.394667	-0.918534	0.023100	0.882418	0.385916	0.269085
36015	9.205673	0.103364	2.767370	0.067876	0.042190	0.095087	-0.255994	-0.086864	0.962768	0.395565	-0.918166	0.022338	0.882040	0.386556	0.269405
36016	9.193480	-0.043362	3.138012	0.065139	0.061847	0.124716	-0.255986	-0.088211	0.962648	0.396394	-0.917833	0.021304	0.881670	0.387042	0.269918
36017	9.168268	-0.107170	3.707505	0.069721	0.094549	0.155089	-0.256123	-0.090013	0.962444	0.397462	-0.917401	0.019971	0.881150	0.387650	0.270744
36018	9.211432	-0.050340	4.490219	0.061280	0.143954	0.167368	-0.256568	-0.092203	0.962118	0.398681	-0.916904	0.018446	0.880469	0.388311	0.272008
36019	9.130756	0.086821	5.348664	0.038793	0.214059	0.167475	-0.257703	-0.094583	0.961584	0.399509	-0.916573	0.016912	0.879762	0.388520	0.273990
36020	8.806171	0.451746	5.991091	0.012268	0.308389	0.153882	-0.259755	-0.097167	0.960774	0.399970	-0.916398	0.015457	0.878949	0.388295	0.276903
36021	8.643068	0.646935	6.493311	-0.080253	0.407790	0.153730	-0.262642	-0.100170	0.959680	0.399723	-0.916533	0.013728	0.878203	0.387211	0.280761
36022	8.833708	0.237808	7.107963	-0.231271	0.512200	0.174884	-0.266408	-0.103731	0.958262	0.398115	-0.917265	0.011387	0.877799	0.384532	0.285663
36023	8.968093	-0.760207	7.692985	-0.351264	0.657769	0.211099	-0.271262	-0.108198	0.956405	0.395656	-0.918361	0.008324	0.877424	0.380666	0.291926
36024	8.869803	-1.606227	7.951719	-0.393551	0.784610	0.256520	-0.277150	-0.113447	0.954106	0.392733	-0.919640	0.004733	0.876897	0.376021	0.299433
36025	8.657585	-2.159289	8.013728	-0.379865	0.885125	0.336508	-0.283510	-0.119866	0.951449	0.390404	-0.920643	0.000347	0.875903	0.371548	0.307808
36026	8.568430	-2.499972	8.128927	-0.336020	0.955427	0.423674	-0.290421	-0.127085	0.948422	0.388185	-0.921570	-0.004619	0.874624	0.366822	0.316976
36027	8.765490	-2.756221	8.436174	-0.287045	0.977025	0.515105	-0.296881	-0.135412	0.945265	0.387247	-0.921917	-0.010444	0.872870	0.362950	0.326138
36028	9.362549	-2.946226	8.584233	-0.276959	0.990612	0.590364	-0.303215	-0.144482	0.941905	0.386678	-0.922059	-0.016959	0.870943	0.359072	0.335450
36029	9.911568	-2.969657	8.260800	-0.205031	1.018580	0.653911	-0.309465	-0.154165	0.938331	0.386956	-0.921790	-0.023828	0.868618	0.355718	0.344917
36030	10.294599	-2.455000	7.555747	-0.038889	1.012442	0.700053	-0.315429	-0.164322	0.934614	0.388997	-0.920731	-0.030595	0.865555	0.353912	0.354346
36031	11.229053	-1.505689	7.475747	0.148793	1.034681	0.709216	-0.321514	-0.174521	0.930683	0.392599	-0.918977	-0.036698	0.861681	0.353586	0.363981
36032	12.750338	-0.289939	6.922180	0.015823	1.398670	0.669730	-0.330824	-0.185702	0.925241	0.395083	-0.917643	-0.042913	0.857009	0.351350	0.376946
36033	10.389116	0.006169	6.188088	-0.174914	1.555983	0.667703	-0.341405	-0.197274	0.918981	0.395890	-0.916949	-0.049763	0.852475	0.346826	0.391149
36034	9.372946	0.423061	5.616855	-0.404841	1.176837	0.619043	-0.349051	-0.206927	0.913972	0.394418	-0.917160	-0.057018	0.850057	0.340585	0.401752
36035	8.869885	0.106127	3.405484	-0.534793	0.804074	0.575593	-0.353542	-0.214936	0.910390	0.391954	-0.917724	-0.064455	0.849341	0.334044	0.408699
36036	9.036888	-0.126753	2.024756	-0.422712	0.501673	0.516397	-0.355688	-0.221404	0.908001	0.390289	-0.917955	-0.070944	0.849212	0.329149	0.412917
36037	10.107537	0.326115	0.879013	-0.262073	0.465732	0.445493	-0.357827	-0.227035	0.905768	0.389712	-0.917788	-0.076090	0.848578	0.325761	0.416887
36038	10.132951	0.721975	0.078049	-0.036877	0.570882	0.344567	-0.361330	-0.232019	0.903110	0.390563	-0.917149	-0.079364	0.846700	0.324045	0.422011
36039	10.415760	1.436953	0.325403	0.124509	0.599099	0.261105	-0.365294	-0.236370	0.900383	0.392623	-0.916107	-0.081208	0.844042	0.323846	0.427453
36040	10.916844	2.122604	0.385446	0.030485	0.662661	0.219146	-0.370039	-0.240515	0.897343	0.393664	-0.915496	-0.083045	0.841487	0.322521	0.433451
36041	10.533846	2.184742	-0.534775	-0.124145	0.730260	0.176869	-0.375402	-0.244496	0.894033	0.393339	-0.915438	-0.085188	0.839260	0.319678	0.439828
36042	9.709220	1.824589	-0.827382	-0.229495	0.779779	0.104831	-0.381723	-0.247701	0.890467	0.391411	-0.916090	-0.087040	0.837308	0.315313	0.446645
36043	9.022610	1.166036	-0.432367	-0.383249	0.813350	0.043391	-0.388280	-0.250659	0.886797	0.388431	-0.917154	-0.089166	0.835679	0.309838	0.453476
36044	8.529368	0.387777	-0.004294	-0.534788	0.840199	0.000296	-0.395241	-0.253258	0.882975	0.384009	-0.918771	-0.091634	0.834459	0.302853	0.460390
36045	8.313888	-0.332574	0.108395	-0.578769	0.833172	-0.015990	-0.402174	-0.255622	0.879155	0.379178	-0.920517	-0.094192	0.833355	0.295475	0.467135
36046	8.335688	-0.695892	0.236463	-0.490232	0.806891	-0.027384	-0.409104	-0.257529	0.875393	0.374675	-0.922154	-0.096185	0.832017	0.288638	0.473746
36047	8.286359	-0.881144	0.263288	-0.352332	0.806625	-0.049152	-0.415915	-0.259401	0.871622	0.371604	-0.923263	-0.097450	0.830015	0.283367	0.480394
36048	8.155102	-0.930144	0.375870	-0.205495	0.792959	-0.088650	-0.422784	-0.260796	0.867894	0.369520	-0.924075	-0.097671	0.827471	0.279411	0.487054
36049	8.037716	-0.801789	0.710979	-0.082043	0.814680	-0.165962	-0.430050	-0.261547	0.864090	0.368195	-0.924711	-0.096648	0.824312	0.276590	0.493972
36050	7.830371	-0.698501	0.976274	-0.112178	0.824070	-0.263091	-0.437865	-0.261237	0.860250	0.365925	-0.925795	-0.094887	0.821203	0.273239	0.500966
36051	7.533086	-0.925018	1.149957	-0.220328	0.766638	-0.305946	-0.445191	-0.260503	0.856705	0.362828	-0.927165	-0.093383	0.818634	0.269263	0.507283
36052	7.158199	-1.254959	2.109650	-0.251089	0.657733	-0.316674	-0.451715	-0.259253	0.853664	0.359267	-0.928696	-0.091934	0.816628	0.265166	0.512646
36053	7.109538	-1.546072	3.383131	-0.303272	0.457712	-0.313013	-0.456495	-0.257569	0.851628	0.355431	-0.930278	-0.090836	0.815647	0.261229	0.516216
36054	7.256088	-1.804779	4.063891	-0.327143	0.308681	-0.314875	-0.460004	-0.255504	0.850361	0.351442	-0.931885	-0.089886	0.815405	0.257505	0.518465
36055	6.862166	-1.834719	3.750856	-0.214936	0.197392	-0.312916	-0.462635	-0.253113	0.849649	0.348307	-0.933207	-0.088352	0.815261	0.255064	0.519895
36056	6.614640	-1.664152	3.142180	-0.015733	0.023908	-0.254805	-0.463771	-0.250664	0.849755	0.346824	-0.933959	-0.086216	0.815248	0.254730	0.520080
36057	6.801722	-1.549816	3.471361	0.009120	-0.099034	-0.190443	-0.463551	-0.248654	0.850466	0.346076	-0.934388	-0.084560	0.815691	0.255128	0.519189
36058	7.249008	-1.711086	4.385086	-0.071723	-0.135791	-0.151513	-0.462980	-0.246778	0.851323	0.344630	-0.935008	-0.083614	0.816627	0.254679	0.517937
36059	7.439870	-2.267066	5.691910	-0.076230	-0.129288	-0.149755	-0.462366	-0.245070	0.852149	0.343375	-0.935546	-0.082744	0.817503	0.254349	0.516716
36060	7.719587	-2.324206	6.759272	0.133680	-0.090710	-0.179486	-0.462233	-0.243116	0.852781	0.343587	-0.935664	-0.080510	0.817489	0.255790	0.516026
36061	7.540943	-2.396932	7.081353	0.439409	-0.020263	-0.191398	-0.462655	-0.241295	0.853069	0.346352	-0.934971	-0.076621	0.816083	0.260013	0.516141
36062	7.073680	-2.456474	7.526301	0.764513	-0.052118	-0.205955	-0.462819	-0.239331	0.853533	0.351776	-0.933389	-0.070975	0.813666	0.267404	0.516181
36063	6.800643	-2.270278	8.379389	1.057675	-0.094912	-0.217391	-0.462748	-0.237066	0.854204	0.359420	-0.931001	-0.063671	0.810359	0.277554	0.516026
36064	6.736537	-1.804696	8.624405	1.343458	-0.087010	-0.165856	-0.462574	-0.235332	0.854777	0.369607	-0.927538	-0.055346	0.805864	0.290330	0.516035
36065	5.896134	-1.587282	8.118091	1.530300	-0.095253	-0.135618	-0.462245	-0.233812	0.855372	0.381332	-0.923278	-0.046301	0.800572	0.304779	0.515940
36066	6.047012	-1.131561	7.721916	1.646516	-0.153015	-0.100203	-0.461294	-0.232463	0.856253	0.394085	-0.918328	-0.037008	0.794924	0.320365	0.515230
36067	6.073185	-1.235034	7.576534	1.574741	-0.174013	-0.048986	-0.460038	-0.231460	0.857200	0.406395	-0.913253	-0.028493	0.789435	0.335253	0.514195
36068	5.676768	-1.450165	7.482898	1.509596	-0.222035	-0.031014	-0.458313	-0.230493	0.858384	0.418249	-0.908100	-0.020530	0.784230	0.349609	0.512598
36069	6.473405	-1.270335	7.676724	1.492922	-0.282592	-0.021611	-0.456121	-0.229303	0.859868	0.429880	-0.902797	-0.012719	0.779203	0.363839	0.510357
36070	7.453329	0.156697	8.091344	1.501609	-0.274403	-0.052751	-0.454310	-0.227605	0.861277	0.441021	-0.897485	-0.004542	0.774018	0.377778	0.508115
36071	5.710393	3.185829	7.394120	1.415194	-0.186535	-0.179555	-0.453598	-0.225292	0.862260	0.451180	-0.892423	0.004173	0.768561	0.390927	0.506448
36072	6.040775	5.307883	6.403985	0.831261	-0.312500	-0.294815	-0.452517	-0.221283	0.863865	0.456012	-0.889907	0.010919	0.766343	0.398874	0.503605
36073	7.563015	4.594174	5.468374	-0.067019	-0.332521	-0.375234	-0.451598	-0.216624	0.865525	0.453860	-0.890966	0.013815	0.768160	0.399066	0.500676
36074	7.923502	2.160763	4.229583	-0.766759	-0.361090	-0.419695	-0.450731	-0.211269	0.867299	0.445813	-0.895022	0.013665	0.773364	0.392812	0.497601
36075	8.988663	-1.183024	4.709076	-1.079770	-0.437642	-0.443463	-0.449212	-0.205599	0.869447	0.435489	-0.900112	0.012151	0.780101	0.384093	0.493877
36076	9.379589	-3.305682	7.455699	-0.959825	-0.388521	-0.528767	-0.448401	-0.199280	0.871335	0.425497	-0.904880	0.012015	0.786059	0.376138	0.490542
36077	9.890720	-3.512273	11.327077	-0.654780	-0.343523	-0.638544	-0.448310	-0.192219	0.872966	0.417531	-0.908549	0.014369	0.790370	0.370933	0.487569
36078	10.226051	-3.882850	13.231710	-0.420861	-0.157235	-0.675601	-0.449903	-0.185369	0.873628	0.411008	-0.911449	0.018268	0.792881	0.367287	0.486251
36079	8.338016	-3.982875	11.178352	-0.245813	-0.098451	-0.556411	-0.451322	-0.179944	0.874030	0.406609	-0.913339	0.021923	0.794341	0.365282	0.485377
36080	6.843791	-3.220414	6.969953	-0.148526	-0.155029	-0.344613	-0.451537	-0.176030	0.874716	0.403572	-0.914626	0.024266	0.795766	0.363967	0.484029
36081	7.045129	-2.955084	3.246116	-0.002962	-0.257022	-0.231626	-0.450350	-0.172988	0.875934	0.402563	-0.915016	0.026266	0.796949	0.364447	0.481716
36082	8.580988	-1.840141	2.950458	0.084816	-0.254031	-0.239248	-0.449297	-0.169792	0.877099	0.402027	-0.915175	0.028777	0.797813	0.365547	0.479447
36083	8.358452	0.945023	3.143553	0.242637	-0.325098	-0.346736	-0.448024	-0.165439	0.878581	0.402467	-0.914841	0.032967	0.798308	0.368370	0.476454
36084	8.790417	3.831758	1.615209	0.475024	-0.487459	-0.471250	-0.446010	-0.159229	0.880751	0.403977	-0.913922	0.039347	0.798673	0.373352	0.471943
36085	9.465218	5.209485	1.804515	0.274178	-0.482797	-0.557937	-0.444330	-0.152332	0.882817	0.403744	-0.913738	0.045541	0.799726	0.376667	0.467505
36086	9.632564	4.295907	1.852122	-0.104120	-0.494451	-0.628326	-0.442941	-0.144649	0.884805	0.400004	-0.915113	0.050642	0.802371	0.376357	0.463202
36087	10.075504	2.096171	1.579719	-0.356734	-0.526834	-0.655539	-0.441234	-0.136678	0.886923	0.394296	-0.917349	0.054791	0.806128	0.373886	0.458657
36088	10.183028	0.395163	1.366136	-0.372813	-0.552175	-0.628461	-0.439192	-0.128784	0.889115	0.388392	-0.919626	0.058649	0.810100	0.371083	0.453912
36089	10.405907	-0.778923	1.821836	-0.387215	-0.555994	-0.591950	-0.436885	-0.121291	0.891302	0.382714	-0.921774	0.062155	0.814040	0.368268	0.449129
36090	10.180168	-1.583787	1.618460	-0.276674	-0.609219	-0.562214	-0.433956	-0.113842	0.893713	0.377947	-0.923480	0.065884	0.817825	0.366367	0.443775
36091	10.096739	-0.941892	2.265741	-0.084103	-0.632208	-0.523715	-0.430673	-0.106700	0.896178	0.375054	-0.924342	0.070185	0.820887	0.366342	0.438108
36092	9.601877	0.308491	2.421300	0.078158	-0.641253	-0.504174	-0.427274	-0.099645	0.898615	0.373485	-0.924595	0.075059	0.823375	0.367689	0.432271
36093	9.557830	1.193814	2.931659	0.102424	-0.623987	-0.484733	-0.423862	-0.092876	0.900952	0.372325	-0.924661	0.079844	0.825660	0.369290	0.426509
36094	9.433573	1.649291	3.314720	0.053971	-0.549806	-0.476959	-0.421086	-0.086341	0.902902	0.370609	-0.924947	0.084392	0.827850	0.370160	0.421481
36095	9.077181	1.614173	3.642766	-0.000965	-0.524417	-0.447687	-0.418319	-0.080269	0.904746	0.368782	-0.925301	0.088417	0.830066	0.370640	0.416673
36096	9.054132	0.915268	3.372048	-0.084186	-0.450299	-0.436298	-0.416128	-0.074687	0.906234	0.366493	-0.925863	0.091983	0.832178	0.370405	0.412650
36097	9.049485	0.257209	3.750113	-0.116348	-0.386143	-0.399218	-0.414294	-0.069573	0.907480	0.363925	-0.926560	0.095107	0.834218	0.369657	0.409187
36098	9.250392	-0.591547	3.781661	-0.067559	-0.367157	-0.361950	-0.412493	-0.064830	0.908651	0.361816	-0.927073	0.098106	0.836026	0.369232	0.405868
36099	9.262613	-1.237251	3.388131	0.046468	-0.368678	-0.316284	-0.410476	-0.060548	0.909859	0.360962	-0.927079	0.101152	0.837386	0.369945	0.402399
36100	8.924372	-0.600224	3.327547	0.186231	-0.346148	-0.275449	-0.408430	-0.056787	0.911022	0.361489	-0.926523	0.104310	0.838159	0.371927	0.398947
36101	8.992445	1.128826	3.434418	0.298487	-0.335430	-0.261017	-0.406488	-0.053130	0.912110	0.362987	-0.925531	0.107856	0.838456	0.374926	0.395503
36102	9.504887	2.138413	3.698084	0.186524	-0.316095	-0.286534	-0.404821	-0.049200	0.913072	0.363232	-0.925039	0.111199	0.839156	0.376672	0.392346
36103	9.476374	1.539857	2.901162	0.105078	-0.329308	-0.303630	-0.403083	-0.045161	0.914048	0.362947	-0.924765	0.114364	0.840115	0.377849	0.389148
36104	9.644350	0.790063	2.739200	0.130221	-0.313853	-0.288924	-0.401425	-0.041307	0.914960	0.362898	-0.924393	0.117484	0.840930	0.379198	0.386065
36105	9.475462	0.618964	2.697317	0.216465	-0.315782	-0.248210	-0.399596	-0.037824	0.915911	0.363784	-0.923647	0.120569	0.841418	0.381372	0.382845
36106	9.841046	1.343179	2.860254	0.290984	-0.329003	-0.213381	-0.397473	-0.034616	0.916961	0.365415	-0.922607	0.123566	0.841717	0.384185	0.379360
36107	9.911813	2.073110	2.723201	0.300549	-0.335133	-0.179437	-0.395234	-0.031680	0.918034	0.367292	-0.921487	0.126328	0.841954	0.387116	0.375838
36108	9.858234	2.081631	2.406913	0.282328	-0.358564	-0.163458	-0.392710	-0.028780	0.919212	0.369006	-0.920455	0.128829	0.842386	0.389788	0.372092
36109	9.733767	2.020476	1.977924	0.342593	-0.383068	-0.145165	-0.389944	-0.025956	0.920473	0.371383	-0.919133	0.131412	0.842626	0.393092	0.368050
36110	9.836521	2.178394	2.013880	0.404081	-0.398085	-0.121496	-0.387004	-0.023173	0.921787	0.374161	-0.917629	0.134020	0.842752	0.396763	0.363797
36111	9.882262	2.264901	2.214322	0.402678	-0.396418	-0.086091	-0.383911	-0.020813	0.923135	0.377281	-0.916021	0.136250	0.842776	0.400589	0.359523
36112	9.792493	1.982029	2.153132	0.397380	-0.380377	-0.042093	-0.380796	-0.018903	0.924466	0.380495	-0.914424	0.138032	0.842744	0.404316	0.355402
36113	9.648738	1.630381	2.337751	0.405973	-0.376460	0.002500	-0.377538	-0.017406	0.925830	0.383984	-0.912753	0.139422	0.842628	0.408141	0.351283
36114	9.459334	1.650722	2.462415	0.437141	-0.386508	0.040210	-0.374013	-0.016216	0.927281	0.387871	-0.910940	0.140515	0.842419	0.412220	0.346994
36115	9.435997	2.014807	2.843653	0.436470	-0.394770	0.063693	-0.370364	-0.015169	0.928763	0.391842	-0.909101	0.141407	0.842194	0.416301	0.342642
36116	9.352269	2.547540	2.999968	0.389449	-0.398815	0.050000	-0.366703	-0.013936	0.930234	0.395299	-0.907473	0.142234	0.842180	0.419878	0.338282
36117	9.178477	2.579606	3.155599	0.284478	-0.409559	0.015133	-0.363116	-0.012356	0.931662	0.397808	-0.906252	0.143027	0.842553	0.422558	0.333990
36118	9.149366	1.993340	3.242882	0.168230	-0.397594	0.007846	-0.359645	-0.010677	0.933028	0.399155	-0.905585	0.143495	0.843404	0.424030	0.329951
36119	9.078675	1.035972	3.203630	0.125817	-0.381677	0.023999	-0.356251	-0.009281	0.934344	0.400360	-0.905027	0.143661	0.844273	0.425253	0.326133
36120	9.184696	0.368348	3.643525	0.155157	-0.348368	0.068171	-0.352927	-0.008401	0.935613	0.401906	-0.904369	0.143485	0.844934	0.426668	0.322553
36121	8.960642	0.464292	3.830907	0.237983	-0.307185	0.088829	-0.349896	-0.007897	0.936755	0.404286	-0.903322	0.143393	0.845059	0.428890	0.319262
36122	8.773186	1.349241	3.572036	0.362870	-0.359035	0.089340	-0.346435	-0.007233	0.938046	0.407821	-0.901689	0.143662	0.844787	0.432324	0.315327
36123	8.940947	2.054023	3.667149	0.310881	-0.375960	0.075828	-0.342871	-0.006293	0.939361	0.410765	-0.900314	0.143900	0.844814	0.435196	0.311277
36124	8.467737	2.378055	3.359888	0.244967	-0.412614	0.031259	-0.339212	-0.004724	0.940698	0.412883	-0.899269	0.144368	0.845259	0.437370	0.306993
36125	8.547518	2.450977	3.618663	0.164086	-0.453388	-0.005838	-0.335324	-0.002691	0.942099	0.414307	-0.898529	0.144899	0.846113	0.438907	0.302413
36126	8.627950	2.149618	3.815285	0.048426	-0.442763	-0.039562	-0.331663	-0.000271	0.943398	0.414376	-0.898413	0.145420	0.847521	0.439152	0.298082
36127	8.529541	1.818104	3.701866	0.037201	-0.473193	-0.059094	-0.327816	0.002332	0.944739	0.414553	-0.898227	0.146064	0.848930	0.439526	0.293486
36128	8.666666	1.476208	4.087272	0.006859	-0.449308	-0.061962	-0.324174	0.004924	0.945985	0.414303	-0.898246	0.146651	0.850449	0.439465	0.289148
36129	8.270354	1.501005	3.787585	0.068219	-0.464100	-0.064969	-0.320416	0.007542	0.947247	0.414730	-0.897921	0.147436	0.851665	0.440093	0.284580
36130	8.505389	1.593154	4.121773	0.041766	-0.458333	-0.048943	-0.316564	0.009912	0.948519	0.415086	-0.897678	0.147913	0.852931	0.440541	0.280059
36131	8.296082	1.067246	4.240052	0.006675	-0.441241	-0.035415	-0.312867	0.012167	0.949719	0.415087	-0.897623	0.148242	0.854293	0.440596	0.275786
36132	8.420812	0.445581	4.714428	0.011241	-0.425536	-0.005730	-0.309148	0.014030	0.950910	0.415303	-0.897520	0.148260	0.855541	0.440750	0.271640
36133	8.369104	0.359588	5.148385	0.072248	-0.395834	0.014153	-0.305623	0.015643	0.952024	0.416020	-0.897182	0.148294	0.856459	0.441383	0.267692
36134	8.275437	0.818364	5.428956	0.122994	-0.371266	0.025552	-0.302280	0.017038	0.953067	0.417192	-0.896629	0.148348	0.857075	0.442455	0.263925
36135	8.540132	1.181642	5.877248	0.110131	-0.338594	0.033268	-0.299160	0.018233	0.954029	0.418292	-0.896126	0.148293	0.857634	0.443426	0.260458
36136	8.456199	0.952296	5.777490	0.076718	-0.306336	0.021806	-0.296362	0.019392	0.954879	0.419020	-0.895794	0.148242	0.858249	0.444047	0.257353
36137	8.529605	1.148014	5.501501	0.109826	-0.308910	0.014251	-0.293571	0.020632	0.955715	0.420060	-0.895287	0.148359	0.858700	0.445012	0.254164
36138	8.395387	1.531425	5.122675	0.118409	-0.337076	0.006493	-0.290629	0.022135	0.956580	0.420983	-0.894812	0.148610	0.859248	0.445895	0.250740
36139	8.520372	1.473086	4.852474	0.097155	-0.386026	-0.003420	-0.287246	0.023883	0.957559	0.421864	-0.894356	0.148856	0.859954	0.446718	0.246825
36140	8.492958	1.629641	4.386049	0.115021	-0.412506	-0.018635	-0.283713	0.025986	0.958557	0.422616	-0.893923	0.149319	0.860757	0.447466	0.242635
36141	8.726872	2.396069	4.094426	0.168635	-0.468341	-0.043883	-0.279787	0.028472	0.959640	0.424000	-0.893134	0.150117	0.861362	0.448888	0.237815
36142	8.474603	3.079165	3.657334	0.137808	-0.521082	-0.088749	-0.275603	0.031570	0.960753	0.424993	-0.892473	0.151240	0.862220	0.449996	0.232551
36143	8.737264	3.273544	3.350955	0.053111	-0.611939	-0.118309	-0.270746	0.035375	0.962001	0.425183	-0.892173	0.152470	0.863664	0.450307	0.226511
36144	9.218893	2.747803	3.351027	-0.111716	-0.627728	-0.129702	-0.265809	0.039372	0.963221	0.423820	-0.892654	0.153444	0.865865	0.449019	0.220589
36145	9.553310	2.110873	3.855217	-0.173328	-0.628406	-0.115062	-0.260768	0.043210	0.964434	0.422068	-0.893363	0.154146	0.868250	0.447253	0.214722
36146	10.952520	1.983303	5.000463	-0.140089	-0.627015	-0.066899	-0.255507	0.046627	0.965682	0.420610	-0.893997	0.154453	0.870519	0.445640	0.208811
36147	12.604727	1.186174	5.607488	-0.117220	-0.510660	-0.035451	-0.251126	0.049210	0.966703	0.419553	-0.894482	0.154524	0.872302	0.444388	0.203981
36148	12.596576	-0.880640	6.281241	-0.255047	-0.264655	0.022290	-0.248745	0.050156	0.967270	0.417433	-0.895600	0.153787	0.874000	0.442024	0.201839
36149	11.098198	-2.413861	7.224983	-0.412741	0.016849	0.137766	-0.248240	0.048840	0.967467	0.414218	-0.897465	0.151590	0.875671	0.438373	0.202556
36150	10.052396	-2.452072	8.008681	-0.460623	0.256410	0.301526	-0.249231	0.045072	0.967395	0.410768	-0.899689	0.147744	0.877014	0.434198	0.205716
36151	9.525930	-1.508170	8.880828	-0.464783	0.499391	0.445402	-0.251709	0.038895	0.967021	0.407860	-0.901865	0.142438	0.877663	0.430263	0.211144
36152	8.956576	-0.612724	9.619871	-0.524184	0.736881	0.541312	-0.255965	0.030826	0.966194	0.404632	-0.904303	0.136047	0.877926	0.425776	0.218997
36153	8.628854	-0.219580	10.027304	-0.628860	0.887643	0.604774	-0.261245	0.021585	0.965031	0.400728	-0.907102	0.128771	0.878162	0.420356	0.228326
36154	8.644377	-0.159626	9.819879	-0.737522	0.977409	0.671192	-0.267157	0.011382	0.963586	0.396009	-0.910299	0.120547	0.878524	0.413794	0.238686
36155	8.649904	-0.099244	9.309443	-0.795991	1.038354	0.722640	-0.273358	0.000523	0.961912	0.391023	-0.913588	0.111619	0.878849	0.406641	0.249532
36156	8.698257	0.107042	8.400023	-0.756979	1.080525	0.775428	-0.279890	-0.010902	0.959970	0.386389	-0.916651	0.102246	0.878843	0.399539	0.260774
36157	8.828784	0.410109	7.316608	-0.647447	1.106802	0.838579	-0.286309	-0.022998	0.957861	0.383130	-0.919056	0.092453	0.878202	0.393456	0.271945
36158	8.841162	0.875315	6.261393	-0.474939	1.108866	0.883589	-0.292682	-0.035467	0.955552	0.381441	-0.920690	0.082661	0.876835	0.388680	0.282998
36159	9.270323	1.344599	5.522878	-0.202408	1.054801	0.888637	-0.298447	-0.047749	0.953231	0.382351	-0.921084	0.073571	0.874493	0.386426	0.293152
36160	9.554948	1.769240	4.941934	0.068401	0.961787	0.850760	-0.303676	-0.059282	0.950929	0.385406	-0.920405	0.065699	0.871346	0.386445	0.302352
36161	10.202924	2.260450	4.058804	0.273776	0.780046	0.748799	-0.307478	-0.069201	0.949036	0.390131	-0.918841	0.059399	0.867903	0.388512	0.309521
36162	10.993031	2.899531	2.669379	0.401263	0.665972	0.609624	-0.310878	-0.077385	0.947294	0.395387	-0.916875	0.054856	0.864306	0.391601	0.315633
36163	11.422374	3.714604	1.555952	0.348365	0.616804	0.468697	-0.314257	-0.084112	0.945604	0.399913	-0.915105	0.051506	0.860995	0.394346	0.321216
36164	11.448564	4.270886	1.208474	-0.024032	0.572858	0.376725	-0.317774	-0.089726	0.943911	0.400686	-0.914962	0.047919	0.859343	0.393439	0.326703
36165	11.785459	4.090371	0.526683	-0.530973	0.504935	0.299380	-0.320843	-0.094452	0.942411	0.397133	-0.916738	0.043325	0.859852	0.388163	0.331639
36166	12.274756	3.840877	-0.784906	-0.816961	0.587244	0.251992	-0.325018	-0.098953	0.940517	0.390755	-0.919699	0.038272	0.861205	0.379951	0.337585
36167	12.768742	3.492599	-1.040892	-1.181988	0.817339	0.210970	-0.331173	-0.103967	0.937825	0.381313	-0.923884	0.032231	0.863090	0.368279	0.345610
36168	12.739680	2.570181	0.126886	-1.680209	1.140089	0.174765	-0.340466	-0.109638	0.933843	0.367268	-0.929786	0.024739	0.865562	0.351393	0.356827
36169	12.243969	1.466460	1.108056	-2.155440	1.403432	0.179188	-0.351917	-0.116105	0.928803	0.349257	-0.936904	0.015214	0.868432	0.329745	0.370262
36170	11.833908	0.151718	1.417146	-2.427032	1.540124	0.241397	-0.364588	-0.123234	0.922979	0.328946	-0.944341	0.003852	0.871132	0.305014	0.384832
36171	11.641424	-1.233087	1.410260	-2.399123	1.582411	0.324609	-0.377277	-0.130959	0.916794	0.309286	-0.950931	-0.008559	0.872928	0.280322	0.399268
36172	11.206249	-2.340808	1.347184	-2.119018	1.579156	0.374668	-0.389996	-0.138717	0.910308	0.292097	-0.956168	-0.020564	0.873260	0.257878	0.413421
36173	10.476143	-2.960095	1.144761	-1.733738	1.532061	0.395581	-0.402165	-0.146336	0.903797	0.278592	-0.959894	-0.031453	0.872152	0.239142	0.426804
36174	9.793402	-3.147745	0.931252	-1.267515	1.420644	0.406581	-0.413442	-0.153608	0.897480	0.269311	-0.962196	-0.040621	0.869792	0.224906	0.439181
36175	9.387789	-2.745960	0.739939	-0.835684	1.284125	0.417946	-0.423405	-0.160479	0.891613	0.263864	-0.963360	-0.048091	0.866663	0.214902	0.450237
36176	9.115268	-2.300721	0.396065	-0.501996	1.194519	0.444240	-0.432538	-0.167331	0.885952	0.261459	-0.963682	-0.054363	0.862873	0.208126	0.460579
36177	8.698003	-1.825142	0.238427	-0.176488	1.158358	0.431220	-0.441307	-0.173900	0.880345	0.261884	-0.963294	-0.059006	0.858292	0.204509	0.470650
36178	8.270334	-1.271457	0.076180	0.099144	1.155963	0.381146	-0.450162	-0.179994	0.874618	0.264512	-0.962393	-0.061915	0.852870	0.203475	0.480843
36179	7.808935	-0.418754	-0.192951	0.292054	1.137530	0.295318	-0.458972	-0.185178	0.868938	0.268397	-0.961241	-0.063082	0.846940	0.204268	0.490884
36180	7.341978	0.245942	-0.655775	0.400788	1.099095	0.217694	-0.467626	-0.189578	0.863357	0.272852	-0.959990	-0.063010	0.840760	0.206104	0.500643
36181	7.066507	0.630481	-0.915753	0.450269	1.045493	0.177676	-0.475825	-0.193474	0.857997	0.277523	-0.958699	-0.062274	0.834609	0.208482	0.509866
36182	6.876145	0.292645	-1.198537	0.457473	1.001197	0.173944	-0.483614	-0.197296	0.852755	0.282234	-0.957376	-0.061441	0.828530	0.210962	0.518685
36183	6.581232	-0.416923	-0.990055	0.435394	0.972807	0.149641	-0.491150	-0.200815	0.847611	0.286618	-0.956136	-0.060445	0.822570	0.213253	0.527164
36184	6.327150	-0.793311	-0.222120	0.342963	0.967986	0.109654	-0.498710	-0.203991	0.842423	0.290047	-0.955156	-0.059582	0.816799	0.214628	0.535512
36185	6.104758	-1.314054	0.742172	0.286171	0.963970	0.049073	-0.506344	-0.206556	0.837228	0.292684	-0.954421	-0.058457	0.811142	0.215443	0.543721
36186	5.975689	-1.408388	1.152933	0.409907	0.888664	0.020213	-0.513397	-0.208736	0.832378	0.296185	-0.953463	-0.056419	0.805418	0.217573	0.551329
36187	6.344137	-2.186880	0.780041	0.613030	0.736252	0.074855	-0.519014	-0.211091	0.828291	0.301553	-0.951939	-0.053647	0.799807	0.221930	0.557724
36188	6.893699	-3.146051	0.859293	0.953987	0.628450	0.201178	-0.523320	-0.214495	0.824699	0.310298	-0.949323	-0.050006	0.793632	0.229734	0.563357
36189	6.539344	-3.093973	0.885058	1.478794	0.529108	0.276560	-0.526555	-0.218386	0.821613	0.323492	-0.945211	-0.043920	0.786189	0.242659	0.568351
36190	6.786365	-2.342483	0.923114	2.120532	0.320514	0.366857	-0.527754	-0.222722	0.819677	0.342100	-0.939016	-0.034885	0.777460	0.262000	0.571763
36191	7.199476	-0.207148	0.235036	2.482181	0.122529	0.415400	-0.527167	-0.226960	0.818892	0.363533	-0.931270	-0.024080	0.768075	0.285000	0.573442
36192	7.806337	2.381876	0.701220	2.540284	-0.110889	0.457681	-0.524506	-0.230943	0.819487	0.385440	-0.922637	-0.013315	0.759164	0.308879	0.572943
36193	7.952091	5.768644	4.827536	2.191349	-0.100161	0.379523	-0.522182	-0.234125	0.820068	0.404032	-0.914737	-0.003883	0.751055	0.329306	0.572253
36194	6.824274	7.266453	8.125954	1.450722	-0.120299	0.151756	-0.520561	-0.235164	0.820801	0.415777	-0.909461	0.003125	0.745752	0.342897	0.571205
36195	5.806472	7.116683	10.276159	0.848291	-0.164271	-0.093533	-0.519660	-0.233757	0.821773	0.421664	-0.906710	0.008728	0.743070	0.351047	0.569748
36196	5.724671	6.192955	10.611869	0.307074	-0.166929	-0.199094	-0.519180	-0.231403	0.822742	0.422987	-0.906055	0.012085	0.742653	0.354284	0.568286
36197	4.619524	4.589170	10.268916	-0.161708	-0.185617	-0.217948	-0.518650	-0.228782	0.823809	0.420712	-0.907102	0.012957	0.744314	0.353306	0.566720
36198	5.013085	2.348508	10.468086	-0.584898	-0.330158	-0.254564	-0.517188	-0.225333	0.825677	0.415085	-0.909707	0.011736	0.748479	0.348796	0.564021
36199	5.563037	-0.892024	11.012623	-0.940671	-0.409635	-0.271612	-0.515156	-0.221456	0.827993	0.406672	-0.913533	0.008686	0.754475	0.341196	0.560672
36200	8.042706	-4.357765	13.006283	-1.103330	-0.442583	-0.208576	-0.512586	-0.218080	0.830480	0.397293	-0.917682	0.004236	0.761193	0.332115	0.557033
36201	5.474237	-6.454149	12.813664	-0.847626	-0.165284	-0.179670	-0.511962	-0.215900	0.831434	0.389961	-0.920831	0.001008	0.765392	0.324742	0.555623
36202	5.176241	-6.172711	10.352379	-0.314541	-0.315010	-0.109018	-0.509930	-0.213903	0.833197	0.387037	-0.922064	0.000155	0.768228	0.322557	0.552976
36203	8.465412	-2.799634	5.705622	0.372987	-0.640717	-0.036019	-0.505072	-0.211503	0.836761	0.389781	-0.920904	0.002502	0.770047	0.327417	0.547563
36204	12.563417	0.877641	5.373734	0.478863	-0.676908	-0.111080	-0.500243	-0.208291	0.840459	0.392975	-0.919529	0.006013	0.771574	0.333288	0.541841
36205	11.973382	-0.709176	10.357472	-0.141902	-0.323427	-0.239629	-0.498613	-0.205023	0.842230	0.390741	-0.920472	0.007255	0.773762	0.332711	0.539070
36206	8.696350	-4.068541	13.797485	-0.466554	-0.111711	-0.310247	-0.498905	-0.201837	0.842826	0.385635	-0.922622	0.007328	0.776131	0.328679	0.538136
36207	6.396636	-2.978421	8.533731	0.293460	-0.425792	-0.343641	-0.496854	-0.197274	0.845115	0.386262	-0.922314	0.011794	0.777134	0.332296	0.534454
36208	8.645199	1.765387	1.327860	0.832872	-0.656647	-0.351720	-0.493083	-0.191860	0.848563	0.391038	-0.920175	0.019172	0.777148	0.341273	0.528747
36209	10.525096	3.601821	-0.145129	0.242266	-0.489839	-0.290676	-0.490339	-0.187520	0.851119	0.391551	-0.919871	0.022910	0.778624	0.344490	0.524472
36210	9.795208	1.143911	0.842311	-0.170348	-0.566990	-0.293922	-0.487017	-0.182905	0.854026	0.388842	-0.920979	0.024497	0.782059	0.344012	0.519653
36211	10.360708	-0.035672	1.027440	0.074367	-0.734530	-0.320016	-0.482432	-0.177436	0.857774	0.387932	-0.921274	0.027611	0.785346	0.346078	0.513285
36212	10.544003	0.280107	0.112363	0.303514	-0.807019	-0.327037	-0.477302	-0.171657	0.861810	0.388813	-0.920763	0.031939	0.788040	0.350328	0.506224
36213	11.138997	1.133815	0.845950	0.228920	-0.828532	-0.362051	-0.472097	-0.165419	0.865888	0.388960	-0.920543	0.036207	0.791097	0.353889	0.498927
36214	10.335146	1.900208	1.669725	0.122682	-0.898748	-0.439252	-0.466616	-0.158221	0.870193	0.387930	-0.920794	0.040595	0.794846	0.356517	0.491036
36215	10.050569	2.751685	2.348205	-0.016095	-0.953469	-0.521541	-0.460961	-0.150022	0.874648	0.385441	-0.921632	0.045056	0.799343	0.357894	0.482661
36216	9.397927	3.038728	2.006610	-0.272056	-0.958974	-0.585479	-0.455445	-0.141239	0.878989	0.380652	-0.923427	0.048854	0.804782	0.356839	0.474333
36217	9.491497	2.214297	2.346870	-0.569776	-0.918882	-0.609046	-0.450245	-0.132358	0.883041	0.373349	-0.926259	0.051527	0.811105	0.352882	0.466459
36218	8.913321	1.066869	2.665933	-0.645145	-0.858347	-0.632733	-0.445517	-0.123532	0.886710	0.365352	-0.929296	0.054102	0.817332	0.348064	0.459150
36219	8.879850	1.176665	3.866739	-0.606510	-0.839369	-0.635889	-0.440858	-0.114725	0.890215	0.357617	-0.932129	0.056975	0.823258	0.343474	0.451964
