// General information: 
//  MT Manager version: 2022.2.0 
//  XDA version: 2022.2.0 build 7381 rev 124627 built on 2023-07-19
// Device information: 
//  DeviceId: 00B4CBA7
//  ProductCode: MTW2-3A7G6
//  Firmware Version: 4.6.0
//  Hardware Version: 2.0.0
// Device settings: 
//  Filter Profile: human(46.1)
//  Option Flags: Orientation Smoother Disabled, Position/Velocity Smoother Disabled, Continuous Zero Rotation Update Disabled, AHS Disabled, ICC Disabled
// Coordinate system: ENU
PacketCounter	Acc_X	Acc_Y	Acc_Z	Gyr_X	Gyr_Y	Gyr_Z	Mat[1][1]	Mat[2][1]	Mat[3][1]	Mat[1][2]	Mat[2][2]	Mat[3][2]	Mat[1][3]	Mat[2][3]	Mat[3][3]
43744	9.575700	0.768950	-1.836245	-0.079625	0.020890	-0.006595	-0.120032	-0.156031	0.980432	-0.476472	0.875451	0.080990	-0.870957	-0.457427	-0.179427
43745	9.547581	0.807765	-1.777272	-0.074285	0.021852	0.001069	-0.119825	-0.155954	0.980469	-0.475828	0.875787	0.081151	-0.871338	-0.456811	-0.179149
43746	9.566716	0.659068	-1.783014	0.000629	0.034574	0.004457	-0.119522	-0.155789	0.980533	-0.475744	0.875831	0.081163	-0.871425	-0.456782	-0.178797
43747	9.613029	0.876345	-1.646227	0.039395	0.036145	-0.001032	-0.119181	-0.155664	0.980594	-0.476093	0.875644	0.081140	-0.871281	-0.457184	-0.178470
43748	9.614376	1.036248	-1.579608	0.017898	0.022266	-0.000435	-0.118907	-0.155645	0.980630	-0.476515	0.875412	0.081164	-0.871088	-0.457634	-0.178260
43749	9.567793	0.996811	-1.617763	-0.023697	0.016707	-0.000159	-0.118739	-0.155602	0.980658	-0.476314	0.875514	0.081246	-0.871221	-0.457453	-0.178073
43750	9.566485	0.926237	-1.633655	-0.054650	0.006132	0.001652	-0.118762	-0.155554	0.980662	-0.475504	0.875944	0.081358	-0.871660	-0.456646	-0.177995
43751	9.569221	0.932683	-1.656312	-0.074322	0.000803	0.005203	-0.118758	-0.155536	0.980666	-0.474854	0.876285	0.081477	-0.872015	-0.455997	-0.177923
43752	9.576183	0.903529	-1.737999	-0.097802	-0.002725	0.003093	-0.118801	-0.155546	0.980659	-0.473868	0.876801	0.081666	-0.872545	-0.455001	-0.177873
43753	9.576859	0.816325	-1.783849	-0.119032	0.005982	-0.001673	-0.118720	-0.155565	0.980666	-0.472835	0.877333	0.081932	-0.873117	-0.453966	-0.177713
43754	9.605654	0.781565	-1.838066	-0.118164	0.020286	0.000880	-0.118510	-0.155512	0.980699	-0.471831	0.877850	0.082186	-0.873688	-0.452985	-0.177409
43755	9.551658	0.750189	-1.799248	-0.095261	0.014716	0.004611	-0.118382	-0.155437	0.980727	-0.470998	0.878283	0.082347	-0.874155	-0.452171	-0.177183
43756	9.647701	0.674860	-1.804448	-0.017504	0.033213	0.011875	-0.118107	-0.155221	0.980794	-0.470787	0.878398	0.082324	-0.874305	-0.452022	-0.176821
43757	9.658455	0.595563	-1.692056	0.101965	0.054521	0.007335	-0.117644	-0.154942	0.980894	-0.471674	0.877942	0.082109	-0.873890	-0.453003	-0.176367
43758	9.612619	0.802533	-1.616473	0.155111	0.045599	0.003716	-0.117224	-0.154721	0.980979	-0.472811	0.877352	0.081878	-0.873332	-0.454220	-0.176000
43759	9.543300	1.058093	-1.533408	0.106034	0.031159	0.009296	-0.116974	-0.154530	0.981039	-0.473730	0.876878	0.081638	-0.872867	-0.455198	-0.175777
43760	9.591748	1.030469	-1.532722	0.029705	0.015557	0.003892	-0.116870	-0.154447	0.981064	-0.473846	0.876820	0.081589	-0.872818	-0.455338	-0.175658
43761	9.541450	0.937387	-1.560063	-0.006492	0.007682	0.003371	-0.116797	-0.154415	0.981078	-0.473790	0.876849	0.081605	-0.872858	-0.455293	-0.175573
43762	9.587382	0.929223	-1.530847	-0.040028	0.000913	0.007565	-0.116713	-0.154422	0.981087	-0.473667	0.876908	0.081676	-0.872936	-0.455176	-0.175491
43763	9.562162	0.883329	-1.544570	-0.075767	-0.002054	0.003209	-0.116724	-0.154435	0.981084	-0.473006	0.877252	0.081815	-0.873293	-0.454509	-0.175445
43764	9.545963	0.902803	-1.617514	-0.093991	-0.008289	0.003374	-0.116802	-0.154488	0.981066	-0.472211	0.877664	0.081985	-0.873713	-0.453695	-0.175464
43765	9.596599	0.883797	-1.641787	-0.103543	-0.006697	0.005932	-0.116867	-0.154498	0.981057	-0.471304	0.878137	0.082146	-0.874194	-0.452776	-0.175441
43766	9.548004	0.887230	-1.646619	-0.129995	-0.011410	0.010121	-0.116937	-0.154520	0.981045	-0.470265	0.878676	0.082342	-0.874744	-0.451722	-0.175415
43767	9.598264	0.731860	-1.730382	-0.109409	-0.011117	0.011944	-0.117069	-0.154497	0.981033	-0.469298	0.879182	0.082455	-0.875245	-0.450744	-0.175430
43768	9.624025	0.802421	-1.709869	-0.064555	0.000185	0.004597	-0.117025	-0.154508	0.981036	-0.468784	0.879444	0.082587	-0.875527	-0.450229	-0.175348
43769	9.599222	0.780282	-1.718335	-0.062675	-0.010642	0.010362	-0.117145	-0.154496	0.981024	-0.468227	0.879736	0.082633	-0.875808	-0.449662	-0.175396
43770	9.617924	0.767713	-1.669545	-0.059976	-0.015254	0.003084	-0.117241	-0.154570	0.981001	-0.467589	0.880061	0.082783	-0.876136	-0.449000	-0.175455
43771	9.644597	0.773450	-1.691743	-0.076577	-0.019520	0.000390	-0.117393	-0.154686	0.980964	-0.466922	0.880399	0.082951	-0.876472	-0.448296	-0.175579
43772	9.595198	0.753664	-1.704069	-0.084733	-0.021249	-0.004003	-0.117519	-0.154873	0.980920	-0.466307	0.880703	0.083184	-0.876782	-0.447634	-0.175718
43773	9.616902	0.772041	-1.673433	-0.090228	-0.021891	-0.003678	-0.117673	-0.155036	0.980876	-0.465524	0.881095	0.083417	-0.877178	-0.446805	-0.175854
43774	9.566358	0.817540	-1.644034	-0.094256	-0.020952	-0.003165	-0.117735	-0.155235	0.980837	-0.464955	0.881371	0.083681	-0.877471	-0.446193	-0.175946
43775	9.621908	0.923728	-1.663049	-0.099761	-0.022828	-0.004618	-0.117893	-0.155410	0.980790	-0.464089	0.881802	0.083940	-0.877908	-0.445278	-0.176082
43776	9.623661	0.908127	-1.693826	-0.098243	-0.020068	-0.002604	-0.118051	-0.155540	0.980750	-0.463042	0.882328	0.084196	-0.878439	-0.444189	-0.176181
43777	9.601729	0.917236	-1.720627	-0.111808	-0.017568	0.000501	-0.118186	-0.155646	0.980717	-0.462063	0.882819	0.084426	-0.878937	-0.443176	-0.176255
43778	9.574616	0.802028	-1.754347	-0.114315	-0.012631	0.004805	-0.118293	-0.155695	0.980697	-0.461000	0.883355	0.084635	-0.879481	-0.442089	-0.176270
43779	9.569704	0.702717	-1.755956	-0.046881	-0.007715	-0.000972	-0.118335	-0.155770	0.980680	-0.460593	0.883555	0.084765	-0.879688	-0.441663	-0.176302
43780	9.616425	0.853645	-1.661603	-0.006557	-0.014641	0.005640	-0.118519	-0.155790	0.980654	-0.460254	0.883731	0.084767	-0.879841	-0.441304	-0.176442
43781	9.616207	0.853535	-1.662920	-0.011819	-0.014387	-0.000182	-0.118624	-0.155887	0.980626	-0.460154	0.883777	0.084828	-0.879879	-0.441177	-0.176569
43782	9.551097	0.875900	-1.741853	-0.022570	-0.013540	-0.003901	-0.118618	-0.156048	0.980601	-0.460115	0.883783	0.084983	-0.879900	-0.441109	-0.176632
43783	9.570845	0.798655	-1.735763	-0.037798	-0.016696	-0.003303	-0.118728	-0.156183	0.980566	-0.459791	0.883938	0.085120	-0.880055	-0.440749	-0.176760
43784	9.591614	0.880475	-1.662947	-0.038078	-0.020016	-0.000749	-0.118941	-0.156284	0.980525	-0.459203	0.884233	0.085234	-0.880333	-0.440122	-0.176937
43785	9.592804	0.952494	-1.645876	-0.062628	-0.023181	-0.007253	-0.119090	-0.156482	0.980475	-0.458664	0.884491	0.085453	-0.880593	-0.439532	-0.177107
43786	9.586095	0.894381	-1.612944	-0.059941	-0.020898	-0.000743	-0.119130	-0.156700	0.980435	-0.458725	0.884444	0.085619	-0.880557	-0.439550	-0.177246
43787	9.510879	0.916268	-1.591808	-0.054402	-0.019071	0.000749	-0.119281	-0.156809	0.980399	-0.458249	0.884678	0.085746	-0.880784	-0.439039	-0.177383
43788	9.562718	0.968127	-1.599691	-0.067320	-0.029351	0.001453	-0.119618	-0.156910	0.980342	-0.457232	0.885190	0.085890	-0.881266	-0.437970	-0.177629
43789	9.558546	0.915487	-1.591322	-0.056885	-0.035959	0.004128	-0.119932	-0.157063	0.980279	-0.456730	0.885440	0.085989	-0.881484	-0.437410	-0.177928
43790	9.607570	0.849164	-1.631629	-0.049631	-0.030429	0.001458	-0.120215	-0.157200	0.980223	-0.456108	0.885748	0.086112	-0.881768	-0.436735	-0.178180
43791	9.587891	0.751466	-1.738647	-0.022543	-0.032243	0.003664	-0.120495	-0.157341	0.980166	-0.455909	0.885847	0.086154	-0.881832	-0.436485	-0.178473
43792	9.599331	0.846978	-1.816540	-0.006179	-0.032000	0.003965	-0.120762	-0.157483	0.980110	-0.455816	0.885892	0.086182	-0.881844	-0.436343	-0.178765
43793	9.557616	0.956160	-1.845581	-0.030341	-0.027014	0.002145	-0.120988	-0.157615	0.980061	-0.455550	0.886022	0.086253	-0.881950	-0.436031	-0.179000
43794	9.560756	1.010084	-1.858837	-0.055238	-0.032770	0.003110	-0.121360	-0.157715	0.979999	-0.454648	0.886474	0.086362	-0.882364	-0.435074	-0.179287
43795	9.627908	0.995094	-1.807066	-0.091666	-0.027815	0.002330	-0.121595	-0.157848	0.979948	-0.453840	0.886871	0.086541	-0.882748	-0.434217	-0.179477
43796	9.629235	0.867946	-1.893804	-0.110586	-0.026787	0.000996	-0.121835	-0.157977	0.979898	-0.452715	0.887422	0.086781	-0.883292	-0.433042	-0.179638
43797	9.623523	0.745796	-1.903411	-0.092015	-0.014226	-0.001283	-0.121934	-0.158083	0.979868	-0.451908	0.887813	0.086996	-0.883692	-0.432202	-0.179693
43798	9.571119	0.696463	-1.897759	-0.060036	-0.004556	-0.003681	-0.121963	-0.158153	0.979853	-0.451200	0.888153	0.087191	-0.884050	-0.431475	-0.179681
43799	9.595350	0.696236	-1.895300	-0.029899	0.000969	0.001121	-0.121939	-0.158172	0.979853	-0.450938	0.888279	0.087272	-0.884187	-0.431211	-0.179641
43800	9.588878	0.724374	-1.811730	0.023576	0.007073	-0.000651	-0.121916	-0.158161	0.979858	-0.450962	0.888267	0.087267	-0.884178	-0.431239	-0.179618
43801	9.558130	0.753428	-1.730576	0.026140	0.003309	-0.003140	-0.121852	-0.158207	0.979859	-0.451200	0.888143	0.087289	-0.884065	-0.431476	-0.179605
43802	9.600157	0.779078	-1.642617	0.042734	0.005703	-0.007214	-0.121710	-0.158306	0.979860	-0.451727	0.887871	0.087335	-0.883815	-0.432000	-0.179574
43803	9.599245	0.843484	-1.599977	0.038380	0.000896	-0.007742	-0.121646	-0.158403	0.979852	-0.452080	0.887687	0.087379	-0.883644	-0.432342	-0.179595
43804	9.623847	0.754611	-1.646763	0.055122	0.004941	-0.013076	-0.121453	-0.158553	0.979852	-0.452647	0.887388	0.087485	-0.883380	-0.432902	-0.179544
43805	9.664639	0.838152	-1.771896	0.093964	0.017605	-0.010760	-0.121228	-0.158604	0.979872	-0.453494	0.886958	0.087460	-0.882976	-0.433763	-0.179450
43806	9.583221	0.991364	-1.866089	0.093696	0.013023	-0.009975	-0.120988	-0.158708	0.979885	-0.454560	0.886414	0.087443	-0.882461	-0.434836	-0.179388
43807	9.520882	1.131222	-1.911375	0.043201	0.010619	-0.010971	-0.120823	-0.158791	0.979891	-0.454958	0.886203	0.087511	-0.882278	-0.435236	-0.179317
43808	9.570970	1.088742	-1.942134	-0.022496	0.006259	-0.009556	-0.120690	-0.158903	0.979890	-0.454879	0.886226	0.087688	-0.882337	-0.435148	-0.179240
43809	9.610736	0.910547	-1.933674	-0.043905	0.011550	-0.011525	-0.120514	-0.158987	0.979898	-0.454509	0.886393	0.087918	-0.882552	-0.434777	-0.179084
43810	9.569595	0.693496	-1.867824	-0.019122	0.016860	-0.009418	-0.120254	-0.159043	0.979921	-0.454353	0.886453	0.088116	-0.882668	-0.434634	-0.178861
43811	9.483800	0.754526	-1.706620	0.037485	0.028967	-0.010216	-0.119931	-0.159040	0.979961	-0.454700	0.886268	0.088187	-0.882533	-0.435012	-0.178606
43812	9.614962	0.949148	-1.688705	0.116732	0.035230	-0.004480	-0.119482	-0.159004	0.980021	-0.455987	0.885616	0.088094	-0.881929	-0.436352	-0.178319
43813	9.599039	1.190419	-1.649285	0.104125	0.033830	0.005760	-0.119189	-0.158838	0.980084	-0.456902	0.885164	0.087890	-0.881495	-0.437327	-0.178075
43814	9.582620	1.295875	-1.671810	0.089845	0.025555	0.011695	-0.119032	-0.158648	0.980134	-0.457568	0.884844	0.087654	-0.881171	-0.438044	-0.177917
43815	9.541901	1.402407	-1.697323	0.048305	0.017465	0.016662	-0.118933	-0.158456	0.980177	-0.457977	0.884653	0.087443	-0.880972	-0.438499	-0.177784
43816	9.512383	1.365626	-1.657962	-0.056535	0.003362	0.027060	-0.119103	-0.158203	0.980197	-0.457160	0.885089	0.087303	-0.881374	-0.437709	-0.177740
43817	9.552839	1.096519	-1.697679	-0.111444	-0.003768	0.025429	-0.119231	-0.158026	0.980210	-0.456151	0.885611	0.087290	-0.881879	-0.436716	-0.177676
43818	9.570400	0.900277	-1.721393	-0.119408	-0.003893	0.019837	-0.119410	-0.157872	0.980213	-0.454800	0.886300	0.087343	-0.882552	-0.435371	-0.177634
43819	9.595724	0.834716	-1.761020	-0.129341	-0.009841	0.022749	-0.119579	-0.157746	0.980213	-0.453634	0.886893	0.087388	-0.883129	-0.434208	-0.177613
43820	9.585225	0.698435	-1.722071	-0.134213	-0.003919	0.018066	-0.119758	-0.157600	0.980214	-0.452090	0.887672	0.087486	-0.883896	-0.432668	-0.177555
43821	9.578838	0.527965	-1.742733	-0.122906	-0.000597	0.013140	-0.119802	-0.157518	0.980222	-0.450991	0.888218	0.087614	-0.884452	-0.431575	-0.177449
43822	9.620076	0.419517	-1.715867	-0.083998	0.008865	0.007057	-0.119645	-0.157499	0.980244	-0.450525	0.888440	0.087759	-0.884710	-0.431124	-0.177254
43823	9.617085	0.390109	-1.697790	-0.022622	0.008960	0.002002	-0.119553	-0.157475	0.980259	-0.450326	0.888535	0.087818	-0.884824	-0.430937	-0.177142
43824	9.632780	0.434342	-1.581073	0.043647	0.019316	-0.009389	-0.119246	-0.157560	0.980283	-0.451057	0.888157	0.087884	-0.884493	-0.431684	-0.176978
43825	9.604657	0.581566	-1.467219	0.070158	0.006515	-0.012413	-0.119111	-0.157674	0.980281	-0.451696	0.887829	0.087919	-0.884185	-0.432317	-0.176971
43826	9.609403	0.682768	-1.465053	0.064715	0.001465	-0.022315	-0.119014	-0.157885	0.980259	-0.452135	0.887591	0.088065	-0.883974	-0.432728	-0.177022
43827	9.610298	0.731362	-1.452765	0.059173	-0.002830	-0.027358	-0.118895	-0.158172	0.980227	-0.452694	0.887286	0.088267	-0.883704	-0.433249	-0.177097
43828	9.569286	0.754368	-1.528994	0.060014	-0.011533	-0.027470	-0.118772	-0.158546	0.980182	-0.453557	0.886824	0.088486	-0.883278	-0.434059	-0.177239
43829	9.550861	0.817273	-1.567149	0.053319	-0.012893	-0.033436	-0.118713	-0.158931	0.980127	-0.454071	0.886533	0.088757	-0.883021	-0.434511	-0.177409
43830	9.501790	0.933447	-1.518729	0.059682	-0.019743	-0.032074	-0.118709	-0.159336	0.980061	-0.454600	0.886236	0.089020	-0.882750	-0.434968	-0.177638
43831	9.524339	0.999002	-1.476678	0.049675	-0.028072	-0.032794	-0.118786	-0.159782	0.979979	-0.455081	0.885962	0.089291	-0.882492	-0.435363	-0.177954
43832	9.579338	0.993782	-1.552379	0.051459	-0.039395	-0.024045	-0.119077	-0.160163	0.979882	-0.455247	0.885858	0.089473	-0.882366	-0.435434	-0.178399
43833	9.535133	1.010158	-1.607933	0.057553	-0.030922	-0.027643	-0.119203	-0.160575	0.979799	-0.455792	0.885557	0.089679	-0.882068	-0.435894	-0.178750
43834	9.545727	0.972076	-1.747467	0.041265	-0.027554	-0.022546	-0.119280	-0.160947	0.979729	-0.456269	0.885291	0.089883	-0.881811	-0.436299	-0.179033
43835	9.575489	0.919341	-1.837832	0.087109	-0.031329	-0.012804	-0.119476	-0.161230	0.979658	-0.457056	0.884884	0.089891	-0.881377	-0.437019	-0.179414
43836	9.631596	0.958774	-1.900611	0.115389	-0.017464	-0.017167	-0.119581	-0.161474	0.979605	-0.457930	0.884432	0.089886	-0.880909	-0.437842	-0.179705
43837	9.568025	0.961935	-2.010571	0.144069	-0.014093	-0.009345	-0.119641	-0.161651	0.979569	-0.459213	0.883780	0.089757	-0.880233	-0.439092	-0.179968
43838	9.622780	1.040884	-2.036902	0.141663	-0.011191	-0.011651	-0.119627	-0.161866	0.979535	-0.460660	0.883036	0.089661	-0.879478	-0.440507	-0.180200
43839	9.598631	1.064370	-2.035410	0.085592	-0.012939	-0.010626	-0.119670	-0.162049	0.979499	-0.461429	0.882636	0.089649	-0.879069	-0.441241	-0.180399
43840	9.619693	0.921239	-2.071503	0.042403	-0.004363	-0.010368	-0.119568	-0.162220	0.979484	-0.461942	0.882358	0.089744	-0.878813	-0.441734	-0.180438
43841	9.590726	0.822137	-2.075737	0.042510	-0.005163	-0.015210	-0.119522	-0.162409	0.979458	-0.462337	0.882140	0.089854	-0.878612	-0.442100	-0.180523
43842	9.606691	0.891935	-1.955086	0.046018	0.007085	-0.016388	-0.119415	-0.162536	0.979450	-0.462569	0.882007	0.089969	-0.878505	-0.442319	-0.180509
43843	9.600533	0.945486	-1.865757	0.036592	0.009079	-0.016852	-0.119236	-0.162677	0.979448	-0.462914	0.881812	0.090106	-0.878347	-0.442656	-0.180449
43844	9.566887	1.082890	-1.707172	0.014539	0.006584	-0.015592	-0.119032	-0.162851	0.979444	-0.463249	0.881617	0.090286	-0.878198	-0.442980	-0.180381
43845	9.563398	1.031036	-1.695060	-0.018097	0.010258	-0.013972	-0.118856	-0.162961	0.979447	-0.463110	0.881669	0.090494	-0.878295	-0.442836	-0.180260
43846	9.558337	1.020525	-1.647002	-0.014175	0.007629	-0.013182	-0.118747	-0.163064	0.979443	-0.462864	0.881778	0.090687	-0.878440	-0.442580	-0.180185
43847	9.553256	1.009612	-1.599281	-0.018765	0.003207	-0.005797	-0.118670	-0.163133	0.979441	-0.462709	0.881846	0.090816	-0.878532	-0.442419	-0.180132
43848	9.576957	0.986176	-1.602965	-0.042479	-0.007445	-0.010578	-0.118705	-0.163277	0.979413	-0.462174	0.882104	0.091039	-0.878808	-0.441853	-0.180173
43849	9.547587	0.864874	-1.612986	-0.042645	-0.011557	-0.012865	-0.118726	-0.163474	0.979378	-0.461818	0.882265	0.091280	-0.878993	-0.441457	-0.180243
43850	9.548606	0.937413	-1.595712	-0.037831	-0.020437	-0.008576	-0.118818	-0.163681	0.979332	-0.461481	0.882419	0.091494	-0.879157	-0.441072	-0.180383
43851	9.542688	0.903451	-1.556275	-0.049768	-0.017907	-0.014998	-0.118885	-0.163924	0.979283	-0.461065	0.882609	0.091769	-0.879367	-0.440603	-0.180508
43852	9.538786	0.852412	-1.546720	-0.054274	-0.025594	-0.016021	-0.119008	-0.164210	0.979220	-0.460524	0.882858	0.092082	-0.879634	-0.439996	-0.180689
43853	9.561173	0.782580	-1.565143	-0.032638	-0.028044	-0.013464	-0.119171	-0.164484	0.979154	-0.460256	0.882974	0.092310	-0.879752	-0.439661	-0.180930
43854	9.585334	0.806910	-1.559229	-0.008016	-0.029301	-0.017202	-0.119171	-0.164884	0.979087	-0.460806	0.882661	0.092558	-0.879463	-0.440139	-0.181167
43855	9.557468	0.779777	-1.547368	0.012007	-0.036217	-0.015346	-0.119397	-0.165212	0.979004	-0.460934	0.882577	0.092725	-0.879366	-0.440185	-0.181529
43856	9.619857	0.791522	-1.693526	0.054525	-0.031958	-0.013251	-0.119550	-0.165529	0.978932	-0.461580	0.882231	0.092808	-0.879006	-0.440760	-0.181875
43857	9.555582	0.770852	-1.809731	0.145465	-0.013414	-0.002984	-0.119632	-0.165647	0.978902	-0.462865	0.881578	0.092611	-0.878319	-0.442020	-0.182137
43858	9.556410	0.951506	-1.739609	0.167715	-0.010580	-0.007230	-0.119641	-0.165792	0.978876	-0.464289	0.880846	0.092442	-0.877566	-0.443422	-0.182361
43859	9.640573	1.065203	-1.805460	0.111017	-0.022643	-0.006422	-0.119788	-0.165981	0.978826	-0.465275	0.880337	0.092340	-0.877024	-0.444362	-0.182681
43860	9.540718	0.950393	-1.847984	0.084107	-0.019995	-0.014760	-0.119857	-0.166240	0.978774	-0.466029	0.879933	0.092384	-0.876613	-0.445064	-0.182939
43861	9.589468	0.859465	-1.893932	0.086760	-0.021375	-0.013605	-0.119960	-0.166487	0.978719	-0.466809	0.879518	0.092396	-0.876184	-0.445792	-0.183224
43862	9.571343	0.966658	-1.921931	0.097965	-0.018527	-0.015478	-0.119967	-0.166768	0.978671	-0.467850	0.878962	0.092428	-0.875628	-0.446783	-0.183468
43863	9.522363	1.104461	-1.869929	0.076930	-0.026859	-0.013733	-0.120116	-0.167041	0.978606	-0.468543	0.878589	0.092459	-0.875237	-0.447414	-0.183798
43864	9.542035	1.139102	-1.811548	0.044376	-0.021499	-0.013411	-0.120160	-0.167315	0.978554	-0.469096	0.878282	0.092569	-0.874935	-0.447912	-0.184021
43865	9.542322	1.186872	-1.802377	0.021890	-0.028921	-0.008303	-0.120352	-0.167550	0.978490	-0.469301	0.878165	0.092648	-0.874798	-0.448056	-0.184320
43866	9.517436	1.188305	-1.807508	-0.008454	-0.029835	-0.003020	-0.120562	-0.167745	0.978431	-0.469179	0.878219	0.092752	-0.874835	-0.447877	-0.184583
43867	9.535459	1.128883	-1.772527	-0.041176	-0.027340	-0.003203	-0.120765	-0.167927	0.978374	-0.468827	0.878392	0.092897	-0.874996	-0.447469	-0.184808
43868	9.576939	1.021020	-1.747293	-0.033394	-0.031803	0.003246	-0.121068	-0.168067	0.978313	-0.468438	0.878592	0.092966	-0.875162	-0.447023	-0.185099
43869	9.580399	0.985595	-1.808978	-0.012590	-0.026820	0.004088	-0.121300	-0.168184	0.978264	-0.468326	0.878649	0.092988	-0.875190	-0.446867	-0.185345
43870	9.559674	0.950690	-1.872431	0.000093	-0.018636	0.007672	-0.121379	-0.168279	0.978238	-0.468595	0.878506	0.092980	-0.875035	-0.447112	-0.185487
43871	9.567298	0.878792	-1.992123	0.001732	-0.011685	0.011891	-0.121515	-0.168259	0.978224	-0.468600	0.878512	0.092899	-0.875013	-0.447107	-0.185599
43872	9.566211	0.830368	-2.005504	0.008395	-0.016481	0.008974	-0.121753	-0.168262	0.978194	-0.468443	0.878604	0.092826	-0.875064	-0.446926	-0.185793
43873	9.615409	0.987066	-1.936700	0.020129	-0.004515	0.005471	-0.121796	-0.168267	0.978188	-0.468616	0.878517	0.092773	-0.874966	-0.447095	-0.185852
43874	9.592967	0.969733	-1.969223	0.000766	-0.009139	0.003034	-0.121797	-0.168342	0.978175	-0.468749	0.878442	0.092812	-0.874894	-0.447215	-0.185902
43875	9.616262	0.921000	-1.979615	-0.005895	-0.004342	0.005952	-0.121841	-0.168341	0.978170	-0.468694	0.878472	0.092802	-0.874917	-0.447155	-0.185935
43876	9.566168	0.964142	-1.948774	-0.016808	-0.003920	0.005307	-0.121872	-0.168348	0.978165	-0.468499	0.878573	0.092836	-0.875017	-0.446955	-0.185944
43877	9.536061	1.018375	-1.862360	-0.024828	-0.001538	0.003220	-0.121878	-0.168359	0.978162	-0.468282	0.878683	0.092889	-0.875133	-0.446734	-0.185932
43878	9.577932	1.022325	-1.781180	-0.047019	-0.004431	0.007572	-0.121897	-0.168367	0.978158	-0.467967	0.878844	0.092955	-0.875299	-0.446415	-0.185919
43879	9.554678	0.958562	-1.824712	-0.048056	0.000157	0.005341	-0.121899	-0.168351	0.978161	-0.467543	0.879061	0.093030	-0.875525	-0.445992	-0.185868
43880	9.550471	0.970143	-1.771066	-0.023419	0.003322	0.011799	-0.121853	-0.168296	0.978176	-0.467482	0.879095	0.093014	-0.875564	-0.445946	-0.185795
43881	9.568194	0.974383	-1.691660	-0.020565	0.002819	0.006798	-0.121838	-0.168255	0.978185	-0.467298	0.879193	0.093024	-0.875665	-0.445770	-0.185744
43882	9.546417	0.980971	-1.716971	-0.026193	0.001774	0.010187	-0.121873	-0.168192	0.978191	-0.467017	0.879343	0.093010	-0.875809	-0.445497	-0.185717
43883	9.542718	0.903289	-1.711413	-0.014241	-0.003245	0.013062	-0.121941	-0.168123	0.978195	-0.466880	0.879422	0.092947	-0.875873	-0.445366	-0.185731
43884	9.519364	0.950736	-1.702039	-0.009040	-0.009633	0.009967	-0.122036	-0.168115	0.978184	-0.466741	0.879499	0.092924	-0.875934	-0.445218	-0.185797
43885	9.570277	0.953857	-1.721957	-0.018620	-0.009276	0.010785	-0.122146	-0.168093	0.978174	-0.466568	0.879594	0.092892	-0.876010	-0.445039	-0.185866
43886	9.591575	0.922833	-1.703162	-0.037984	-0.015146	0.006589	-0.122309	-0.168124	0.978149	-0.466077	0.879848	0.092949	-0.876249	-0.444524	-0.185972
43887	9.570394	0.865272	-1.771706	-0.043272	-0.014925	0.000796	-0.122421	-0.168215	0.978119	-0.465700	0.880036	0.093060	-0.876434	-0.444118	-0.186073
43888	9.569632	0.842312	-1.778964	-0.037899	-0.017199	-0.000021	-0.122556	-0.168333	0.978082	-0.465387	0.880190	0.093172	-0.876582	-0.443768	-0.186212
43889	9.568839	0.819255	-1.786444	-0.032509	-0.018241	0.000939	-0.122698	-0.168438	0.978046	-0.465104	0.880330	0.093261	-0.876712	-0.443450	-0.186356
43890	9.577639	0.932240	-1.833915	-0.023936	-0.011533	0.001443	-0.122742	-0.168528	0.978025	-0.464963	0.880395	0.093352	-0.876781	-0.443287	-0.186420
43891	9.532304	0.875160	-1.904010	-0.009883	0.000297	0.011800	-0.122772	-0.168455	0.978034	-0.464865	0.880453	0.093294	-0.876828	-0.443200	-0.186404
43892	9.483932	0.988045	-1.854271	0.017467	0.002563	0.016272	-0.122924	-0.168277	0.978045	-0.464540	0.880641	0.093133	-0.876979	-0.442893	-0.186424
43893	9.606090	1.004116	-1.837454	0.034947	-0.000602	0.020581	-0.123004	-0.168131	0.978060	-0.464825	0.880515	0.092905	-0.876817	-0.443199	-0.186458
43894	9.527800	1.057584	-1.755381	0.062789	0.005812	0.016375	-0.123007	-0.167985	0.978085	-0.465211	0.880334	0.092690	-0.876612	-0.443614	-0.186435
43895	9.571796	1.041090	-1.704432	0.038962	-0.005289	0.014762	-0.123100	-0.167910	0.978086	-0.465538	0.880180	0.092511	-0.876425	-0.443948	-0.186519
43896	9.570315	0.968145	-1.723640	0.030542	-0.009113	0.014765	-0.123362	-0.167779	0.978076	-0.465178	0.880387	0.092350	-0.876579	-0.443587	-0.186653
43897	9.575014	0.978142	-1.772133	0.024748	-0.014281	0.015886	-0.123539	-0.167735	0.978061	-0.465378	0.880298	0.092187	-0.876448	-0.443780	-0.186811
43898	9.575398	1.000189	-1.767667	0.013933	-0.014666	0.010416	-0.123626	-0.167775	0.978043	-0.465670	0.880151	0.092122	-0.876281	-0.444056	-0.186937
43899	9.508992	0.996483	-1.852242	-0.010723	-0.013320	0.014170	-0.123787	-0.167742	0.978028	-0.465561	0.880216	0.092041	-0.876316	-0.443939	-0.187053
43900	9.552682	0.981483	-1.802095	-0.037024	-0.018928	0.013709	-0.123916	-0.167758	0.978009	-0.465262	0.880373	0.092061	-0.876456	-0.443623	-0.187144
43901	9.573855	0.950196	-1.783974	-0.059210	-0.023067	0.016328	-0.124172	-0.167749	0.977978	-0.464726	0.880657	0.092050	-0.876704	-0.443062	-0.187310
43902	9.562526	0.855004	-1.709767	-0.067511	-0.026478	0.013284	-0.124433	-0.167796	0.977937	-0.464168	0.880947	0.092093	-0.876963	-0.442468	-0.187505
43903	9.589612	0.794810	-1.774816	-0.042554	-0.022049	0.010511	-0.124654	-0.167833	0.977903	-0.463785	0.881147	0.092108	-0.877134	-0.442055	-0.187677
43904	9.619420	0.852628	-1.809166	-0.013401	-0.015693	0.007719	-0.124949	-0.167803	0.977870	-0.463159	0.881479	0.092081	-0.877423	-0.441404	-0.187859
43905	9.525080	0.885186	-1.836177	0.008603	-0.005470	0.024978	-0.125091	-0.167639	0.977880	-0.463207	0.881477	0.091859	-0.877378	-0.441470	-0.187916
43906	9.552053	0.798504	-1.906031	0.063640	0.000286	0.024691	-0.125192	-0.167447	0.977900	-0.463631	0.881286	0.091549	-0.877140	-0.441923	-0.187963
43907	9.620462	0.779460	-1.852903	0.107890	0.005617	0.018976	-0.125209	-0.167287	0.977925	-0.464556	0.880835	0.091199	-0.876647	-0.442882	-0.188003
43908	9.593163	0.924672	-1.742806	0.102061	-0.003291	0.014805	-0.125249	-0.167226	0.977931	-0.465538	0.880346	0.090915	-0.876120	-0.443877	-0.188112
43909	9.571239	0.928959	-1.769884	0.082833	-0.007505	0.009371	-0.125336	-0.167209	0.977922	-0.466255	0.879988	0.090706	-0.875726	-0.444593	-0.188256
43910	9.550882	1.004918	-1.779227	0.048248	-0.014006	0.009426	-0.125472	-0.167229	0.977901	-0.466675	0.879779	0.090572	-0.875483	-0.444998	-0.188430
43911	9.518733	0.963165	-1.718807	0.023080	-0.023758	0.008154	-0.125696	-0.167296	0.977861	-0.466870	0.879684	0.090487	-0.875347	-0.445161	-0.188678
43912	9.543809	1.007915	-1.707510	0.015618	-0.031368	0.015262	-0.125936	-0.167379	0.977816	-0.467254	0.879492	0.090369	-0.875108	-0.445508	-0.188968
43913	9.546842	1.060035	-1.722284	-0.025607	-0.036296	0.009829	-0.126278	-0.167487	0.977754	-0.467021	0.879617	0.090360	-0.875183	-0.445221	-0.189296
43914	9.522605	0.995908	-1.768999	-0.055706	-0.036326	0.009088	-0.126537	-0.167655	0.977691	-0.466865	0.879693	0.090427	-0.875229	-0.445008	-0.189586
43915	9.598320	0.868608	-1.872654	-0.067032	-0.043350	0.008799	-0.126935	-0.167803	0.977614	-0.466271	0.880000	0.090506	-0.875488	-0.444344	-0.189944
43916	9.577386	0.858225	-1.931189	-0.047395	-0.035458	0.008622	-0.127268	-0.167926	0.977550	-0.465874	0.880206	0.090552	-0.875651	-0.443890	-0.190255
43917	9.551909	0.835737	-1.942199	-0.027949	-0.031674	0.006158	-0.127552	-0.168045	0.977492	-0.465625	0.880334	0.090583	-0.875742	-0.443590	-0.190535
43918	9.555411	0.912617	-1.950502	-0.029397	-0.033282	0.006006	-0.127900	-0.168160	0.977427	-0.465244	0.880532	0.090611	-0.875893	-0.443153	-0.190856
43919	9.574514	0.899916	-1.904193	-0.042981	-0.033961	0.000732	-0.128179	-0.168336	0.977360	-0.464870	0.880718	0.090724	-0.876051	-0.442717	-0.191145
43920	9.595935	0.893545	-1.881238	-0.049636	-0.030401	0.001910	-0.128365	-0.168517	0.977305	-0.464578	0.880858	0.090866	-0.876179	-0.442370	-0.191361
43921	9.572773	0.878014	-1.915161	-0.054765	-0.026042	-0.001597	-0.128564	-0.168678	0.977251	-0.464103	0.881092	0.091025	-0.876401	-0.441843	-0.191561
43922	9.572294	0.878724	-1.917226	-0.046775	-0.026435	0.007103	-0.128864	-0.168716	0.977205	-0.463261	0.881526	0.091107	-0.876803	-0.440960	-0.191757
43923	9.575790	0.867721	-1.972231	-0.055866	-0.020654	0.001038	-0.129028	-0.168831	0.977163	-0.462773	0.881769	0.091242	-0.877036	-0.440432	-0.191903
43924	9.551682	0.893500	-1.969733	-0.064241	-0.023267	0.002869	-0.129210	-0.168959	0.977117	-0.462300	0.882003	0.091380	-0.877259	-0.439914	-0.192074
43925	9.556978	0.953752	-2.006234	-0.062896	-0.023352	0.004334	-0.129414	-0.169056	0.977073	-0.461746	0.882281	0.091496	-0.877521	-0.439319	-0.192240
43926	9.552869	1.054580	-1.906608	-0.069838	-0.025602	0.004551	-0.129616	-0.169169	0.977027	-0.461119	0.882593	0.091644	-0.877821	-0.438647	-0.192405
43927	9.504671	1.169621	-1.858124	-0.097655	-0.031307	0.013793	-0.129933	-0.169217	0.976977	-0.460247	0.883039	0.091736	-0.878231	-0.437731	-0.192617
43928	9.542667	1.096294	-1.774199	-0.134805	-0.035830	0.017816	-0.130336	-0.169253	0.976916	-0.459049	0.883650	0.091851	-0.878799	-0.436481	-0.192867
43929	9.538111	1.019503	-1.771582	-0.149127	-0.043851	0.031882	-0.130846	-0.169195	0.976858	-0.457699	0.884348	0.091865	-0.879426	-0.435087	-0.193154
43930	9.578382	0.950672	-1.712202	-0.171147	-0.044967	0.043176	-0.131458	-0.169004	0.976809	-0.455802	0.885331	0.091835	-0.880320	-0.433159	-0.193417
43931	9.551348	0.791429	-1.784492	-0.164393	-0.045449	0.050517	-0.132067	-0.168786	0.976765	-0.454291	0.886121	0.091698	-0.881010	-0.431625	-0.193705
43932	9.486168	0.794203	-1.893781	-0.164550	-0.046962	0.059858	-0.132810	-0.168462	0.976720	-0.452545	0.887039	0.091459	-0.881796	-0.429863	-0.194045
43933	9.541375	0.960500	-1.871950	-0.189120	-0.050041	0.061725	-0.133509	-0.168162	0.976676	-0.450798	0.887949	0.091262	-0.882585	-0.428099	-0.194356
43934	9.638134	1.018421	-1.824248	-0.269243	-0.053704	0.056141	-0.134296	-0.167882	0.976617	-0.448005	0.889360	0.091276	-0.883887	-0.425271	-0.194649
43935	9.661300	0.866051	-1.916607	-0.321218	-0.047133	0.040628	-0.134873	-0.167753	0.976559	-0.445112	0.890784	0.091543	-0.885260	-0.422331	-0.194812
43936	9.541249	0.753799	-2.037599	-0.324689	-0.047713	0.028817	-0.135467	-0.167695	0.976487	-0.441917	0.892332	0.091936	-0.886768	-0.419072	-0.194989
43937	9.611200	0.619309	-2.097013	-0.304779	-0.038373	0.027553	-0.135908	-0.167642	0.976435	-0.439178	0.893646	0.092300	-0.888061	-0.416285	-0.195079
43938	9.567725	0.685488	-2.136159	-0.242158	-0.039625	0.021528	-0.136404	-0.167581	0.976376	-0.436460	0.894943	0.092628	-0.889323	-0.413515	-0.195216
43939	9.571687	0.829476	-2.097128	-0.209857	-0.025543	0.010142	-0.136655	-0.167628	0.976333	-0.434582	0.895820	0.092977	-0.890204	-0.411591	-0.195266
43940	9.592211	0.905194	-1.998422	-0.191721	-0.019861	0.004843	-0.136975	-0.167628	0.976288	-0.432369	0.896854	0.093327	-0.891232	-0.409333	-0.195324
43941	9.622655	0.927160	-2.066610	-0.162855	-0.012503	0.006579	-0.137094	-0.167653	0.976267	-0.430911	0.897525	0.093619	-0.891920	-0.407849	-0.195289
43942	9.547798	1.053576	-1.960259	-0.132752	-0.006351	0.007889	-0.137202	-0.167644	0.976254	-0.429727	0.898071	0.093825	-0.892474	-0.406650	-0.195258
43943	9.523613	1.120435	-1.917058	-0.165107	-0.007297	0.008052	-0.137281	-0.167635	0.976244	-0.428245	0.898749	0.094107	-0.893174	-0.405152	-0.195170
43944	9.544271	1.131355	-1.860872	-0.180382	-0.017833	0.006237	-0.137446	-0.167688	0.976212	-0.426603	0.899494	0.094446	-0.893934	-0.403473	-0.195168
43945	9.539145	1.160270	-1.776643	-0.196608	-0.021347	0.005903	-0.137642	-0.167754	0.976173	-0.424839	0.900290	0.094811	-0.894744	-0.401666	-0.195186
43946	9.507315	1.120694	-1.715462	-0.215474	-0.025959	0.000956	-0.137850	-0.167885	0.976121	-0.422867	0.901169	0.095276	-0.895645	-0.399636	-0.195220
43947	9.529403	1.012978	-1.772731	-0.218335	-0.030471	0.006965	-0.138133	-0.167977	0.976065	-0.420904	0.902046	0.095672	-0.896526	-0.397614	-0.195304
43948	9.604024	0.853337	-1.918614	-0.192799	-0.032572	0.010290	-0.138517	-0.168037	0.976000	-0.419095	0.902857	0.095965	-0.897314	-0.395744	-0.195485
43949	9.633409	0.852352	-1.994982	-0.142322	-0.021545	0.006970	-0.138720	-0.168092	0.975962	-0.417810	0.903425	0.096213	-0.897881	-0.394420	-0.195554
43950	9.588623	0.871571	-2.045830	-0.123217	-0.018516	0.002351	-0.138855	-0.168184	0.975927	-0.416680	0.903918	0.096490	-0.898386	-0.393251	-0.195593
43951	9.615557	0.902663	-2.060441	-0.097182	-0.009504	0.002822	-0.138933	-0.168230	0.975908	-0.415805	0.904299	0.096690	-0.898779	-0.392354	-0.195587
43952	9.596822	0.966796	-2.094264	-0.106698	-0.012313	0.003406	-0.139132	-0.168237	0.975878	-0.414522	0.904866	0.096896	-0.899341	-0.391042	-0.195633
43953	9.568965	0.979788	-2.041706	-0.132620	-0.000222	-0.008568	-0.139079	-0.168349	0.975867	-0.413344	0.905364	0.097277	-0.899891	-0.389839	-0.195503
43954	9.558361	0.947398	-1.924487	-0.156971	-0.006093	-0.009981	-0.139125	-0.168453	0.975842	-0.411582	0.906117	0.097737	-0.900691	-0.388042	-0.195396
43955	9.567500	0.836499	-1.805049	-0.157301	-0.013716	-0.009744	-0.139190	-0.168627	0.975803	-0.410181	0.906704	0.098178	-0.901320	-0.386590	-0.195372
43956	9.670316	0.828605	-1.542526	-0.127095	-0.019729	0.012530	-0.139588	-0.168524	0.975764	-0.408344	0.907517	0.098322	-0.902092	-0.384723	-0.195494
43957	9.626412	1.234865	-1.290222	-0.155306	-0.034584	0.060455	-0.140127	-0.168142	0.975752	-0.406860	0.908210	0.098074	-0.902679	-0.383252	-0.195675
43958	9.593341	1.077929	-1.292147	-0.240560	-0.050563	0.080265	-0.140989	-0.167570	0.975726	-0.404067	0.909485	0.097808	-0.903799	-0.380469	-0.195937
43959	9.581209	0.890338	-1.278174	-0.261865	-0.062522	0.045937	-0.141721	-0.167423	0.975646	-0.401636	0.910550	0.097912	-0.904767	-0.377978	-0.196287
43960	9.616743	0.742222	-1.224393	-0.224087	-0.069880	0.003741	-0.142389	-0.167679	0.975505	-0.399548	0.911422	0.098344	-0.905587	-0.375758	-0.196772
43961	9.538708	0.734009	-1.189626	-0.171844	-0.095787	-0.006140	-0.143213	-0.168128	0.975307	-0.398002	0.912051	0.098781	-0.906137	-0.374027	-0.197533
43962	9.458462	0.717926	-1.133908	-0.153987	-0.112229	-0.002009	-0.144284	-0.168548	0.975076	-0.396253	0.912773	0.099144	-0.906733	-0.372072	-0.198486
43963	9.493499	0.710244	-0.964426	-0.147323	-0.141370	-0.010179	-0.145507	-0.169199	0.974782	-0.394934	0.913297	0.099575	-0.907114	-0.370485	-0.199714
43964	9.601854	0.659489	-0.831802	-0.093923	-0.167774	-0.015831	-0.146963	-0.170011	0.974422	-0.394203	0.913573	0.099940	-0.907197	-0.369432	-0.201280
43965	9.639673	0.760048	-0.993041	-0.021458	-0.184908	-0.017373	-0.148554	-0.170886	0.974028	-0.394036	0.913618	0.100191	-0.907010	-0.368918	-0.203056
43966	9.612069	0.918775	-1.245113	-0.008530	-0.195853	-0.022666	-0.150293	-0.171780	0.973603	-0.393523	0.913807	0.100482	-0.906946	-0.368033	-0.204938
43967	9.636431	1.074716	-1.572521	-0.042606	-0.213615	-0.016800	-0.152146	-0.172752	0.973144	-0.393164	0.913930	0.100772	-0.906793	-0.367273	-0.206971
43968	9.698348	1.205204	-1.751373	-0.083874	-0.216989	-0.013334	-0.153989	-0.173790	0.972669	-0.393017	0.913959	0.101079	-0.906546	-0.366710	-0.209042
43969	9.573183	1.161781	-1.847642	-0.134594	-0.225114	-0.015779	-0.155950	-0.174791	0.972177	-0.391823	0.914419	0.101553	-0.906727	-0.365084	-0.211090
43970	9.559975	1.050338	-1.829909	-0.142630	-0.231970	-0.018854	-0.158073	-0.175788	0.971654	-0.390271	0.915027	0.102052	-0.907029	-0.363077	-0.213246
43971	9.693626	1.099420	-1.619578	-0.134482	-0.234012	-0.019995	-0.160099	-0.176852	0.971129	-0.389085	0.915473	0.102573	-0.907183	-0.361430	-0.215377
43972	9.725383	1.053213	-1.423358	-0.170708	-0.247329	-0.009214	-0.162251	-0.177929	0.970575	-0.387992	0.915884	0.103042	-0.907269	-0.359857	-0.217638
43973	9.947332	0.839678	-1.299148	-0.111669	-0.268927	0.010350	-0.164713	-0.178834	0.969994	-0.386965	0.916299	0.103224	-0.907264	-0.358351	-0.220128
43974	10.115325	1.421891	-1.091011	-0.028590	-0.287392	0.030235	-0.167539	-0.179547	0.969378	-0.386287	0.916609	0.103011	-0.907035	-0.357199	-0.222924
43975	10.194567	1.569162	-1.116357	-0.118534	-0.319547	0.036088	-0.170558	-0.180389	0.968695	-0.385153	0.917091	0.102965	-0.906955	-0.355534	-0.225895
43976	10.109227	1.417115	-1.152049	-0.265353	-0.355204	0.051390	-0.173947	-0.181216	0.967938	-0.382701	0.918100	0.103111	-0.907349	-0.352495	-0.229052
43977	10.218060	1.298777	-1.090558	-0.310838	-0.384919	0.054260	-0.177629	-0.182102	0.967102	-0.379788	0.919283	0.103341	-0.907860	-0.348937	-0.232452
43978	10.406939	1.695296	-1.030540	-0.329682	-0.409375	0.018851	-0.181485	-0.183326	0.966155	-0.376495	0.920568	0.103954	-0.908468	-0.344886	-0.236091
43979	10.544230	1.167437	-1.199094	-0.401633	-0.442129	-0.023367	-0.185398	-0.185090	0.965075	-0.372890	0.921895	0.105174	-0.909165	-0.340368	-0.239936
43980	10.604265	0.542941	-1.595763	-0.092243	-0.455912	-0.030355	-0.189508	-0.186872	0.963932	-0.371738	0.922299	0.105718	-0.908789	-0.338296	-0.244250
43981	10.404158	1.427437	-1.544159	0.261192	-0.459137	-0.013064	-0.193610	-0.188583	0.962783	-0.374137	0.921383	0.105237	-0.906938	-0.339838	-0.248945
43982	10.201621	2.649204	-1.584110	0.259265	-0.481869	0.016272	-0.198006	-0.190114	0.961587	-0.376505	0.920506	0.104464	-0.905007	-0.341358	-0.253844
43983	10.098990	3.084136	-1.692675	-0.024560	-0.512951	0.044837	-0.202797	-0.191483	0.960316	-0.376197	0.920669	0.104134	-0.904074	-0.340150	-0.258744
43984	10.128842	2.494487	-1.921361	-0.301358	-0.534564	0.066005	-0.208035	-0.192610	0.958970	-0.372918	0.921985	0.104282	-0.904242	-0.335923	-0.263633
43985	10.202526	1.855429	-2.013082	-0.371408	-0.545574	0.072870	-0.213222	-0.193792	0.957591	-0.369410	0.923360	0.104610	-0.904474	-0.331439	-0.268469
43986	10.327819	1.642012	-1.930978	-0.304297	-0.557080	0.071290	-0.218441	-0.195084	0.956152	-0.366876	0.924350	0.104779	-0.904260	-0.327901	-0.273488
43987	10.429412	1.806422	-1.820049	-0.195393	-0.568943	0.063203	-0.223799	-0.196391	0.954644	-0.364974	0.925106	0.104752	-0.903719	-0.324977	-0.278715
43988	10.488589	2.041132	-1.686826	-0.186967	-0.604395	0.064056	-0.229520	-0.197737	0.953006	-0.362942	0.925910	0.104705	-0.903102	-0.321854	-0.284282
43989	10.582837	2.049834	-1.588084	-0.187741	-0.630014	0.054367	-0.235387	-0.199286	0.951251	-0.361126	0.926614	0.104764	-0.902320	-0.318861	-0.290080
43990	10.616882	1.902081	-1.550252	-0.219675	-0.657558	0.052506	-0.241472	-0.200989	0.949365	-0.359337	0.927291	0.104918	-0.901425	-0.315807	-0.296138
43991	10.705189	1.529987	-1.626363	-0.209138	-0.670747	0.049432	-0.247676	-0.202672	0.947407	-0.357337	0.928042	0.105113	-0.900537	-0.312510	-0.302276
43992	10.599378	1.346573	-1.891559	-0.116513	-0.678617	0.057185	-0.253886	-0.204423	0.945385	-0.356678	0.928314	0.104944	-0.899068	-0.310554	-0.308599
43993	10.546463	1.210148	-2.088560	-0.067550	-0.673045	0.056151	-0.260116	-0.206019	0.943343	-0.355932	0.928632	0.104662	-0.897581	-0.308542	-0.314881
43994	10.392271	0.733502	-2.329754	-0.000684	-0.644109	0.043037	-0.265971	-0.207733	0.941332	-0.356184	0.928579	0.104279	-0.895763	-0.307553	-0.320967
43995	10.150835	-0.248030	-2.594539	0.208123	-0.595973	0.006947	-0.271311	-0.209538	0.939406	-0.358034	0.927946	0.103577	-0.893421	-0.308238	-0.326784
43996	9.486534	-0.744767	-3.008026	0.540162	-0.561734	0.003955	-0.276253	-0.211409	0.937545	-0.363331	0.926085	0.101768	-0.889761	-0.312525	-0.332646
43997	8.732425	-0.067850	-3.644304	0.791934	-0.560953	0.044214	-0.281377	-0.212805	0.935703	-0.370243	0.923673	0.098732	-0.885295	-0.318657	-0.338690
43998	8.377867	0.692871	-3.933933	0.712364	-0.540992	0.072456	-0.286425	-0.213908	0.933919	-0.376365	0.921522	0.095640	-0.881085	-0.324100	-0.344455
43999	7.578848	0.628051	-4.407946	0.488880	-0.509506	0.102730	-0.291277	-0.214656	0.932245	-0.380375	0.920142	0.093022	-0.877766	-0.327507	-0.349666
44000	7.186694	0.353049	-5.050188	0.283131	-0.462121	0.119659	-0.295681	-0.215218	0.930728	-0.382878	0.919312	0.090943	-0.875201	-0.329465	-0.354225
44001	6.822120	0.282437	-5.514391	0.077216	-0.425947	0.162438	-0.300010	-0.215162	0.929354	-0.383077	0.919400	0.089194	-0.873639	-0.329256	-0.358253
44002	6.663945	0.693405	-5.514170	-0.166617	-0.335637	0.199182	-0.303515	-0.214640	0.928336	-0.381550	0.920150	0.088001	-0.873097	-0.327497	-0.361175
44003	6.365300	0.769177	-5.715298	-0.562419	-0.193132	0.224719	-0.306037	-0.213231	0.927833	-0.375959	0.922450	0.087987	-0.874641	-0.321899	-0.362470
44004	6.321789	0.300711	-5.708467	-0.841639	-0.062707	0.272922	-0.307447	-0.211127	0.927848	-0.368304	0.925479	0.088549	-0.877399	-0.314506	-0.362295
44005	7.110853	0.807404	-5.175997	-0.991539	0.117292	0.321200	-0.307566	-0.207819	0.928555	-0.358606	0.929219	0.089187	-0.881365	-0.305555	-0.360321
