// General information: 
//  MT Manager version: 2022.2.0 
//  XDA version: 2022.2.0 build 7381 rev 124627 built on 2023-07-19
// Device information: 
//  DeviceId: 00B4CAF0
//  ProductCode: MTW2-3A7G6
//  Firmware Version: 4.6.0
//  Hardware Version: 2.0.0
// Device settings: 
//  Filter Profile: human(46.1)
//  Option Flags: Orientation Smoother Disabled, Position/Velocity Smoother Disabled, Continuous Zero Rotation Update Disabled, AHS Disabled, ICC Disabled
// Coordinate system: ENU
PacketCounter	Acc_X	Acc_Y	Acc_Z	Gyr_X	Gyr_Y	Gyr_Z	Mat[1][1]	Mat[2][1]	Mat[3][1]	Mat[1][2]	Mat[2][2]	Mat[3][2]	Mat[1][3]	Mat[2][3]	Mat[3][3]
42530	4.741848	0.964981	8.973188	-0.008120	0.005355	0.004390	0.598270	0.656402	0.459576	-0.765589	0.637551	0.086035	-0.236529	-0.403318	0.883962
42531	4.745979	0.918181	9.003728	-0.019025	0.007246	0.007516	0.598228	0.656464	0.459541	-0.765583	0.637587	0.085825	-0.236656	-0.403160	0.884000
42532	4.728343	0.984815	8.952096	-0.019207	0.012670	0.010899	0.598171	0.656551	0.459492	-0.765598	0.637596	0.085626	-0.236753	-0.403005	0.884045
42533	4.729771	1.036565	8.955519	-0.029119	0.023385	0.012371	0.598130	0.656709	0.459319	-0.765596	0.637640	0.085305	-0.236860	-0.402676	0.884166
42534	4.792996	0.920566	8.936789	-0.042114	0.032992	0.017771	0.598059	0.656928	0.459097	-0.765607	0.637686	0.084870	-0.237006	-0.402246	0.884323
42535	4.767057	0.850750	8.962647	-0.038342	0.042083	0.013450	0.598054	0.657169	0.458760	-0.765590	0.637761	0.084463	-0.237072	-0.401735	0.884537
42536	4.745985	0.890050	8.993734	-0.042402	0.054183	0.008323	0.598081	0.657439	0.458336	-0.765567	0.637840	0.084067	-0.237076	-0.401166	0.884794
42537	4.760561	0.884147	9.011151	-0.045333	0.061321	0.002331	0.598208	0.657685	0.457818	-0.765467	0.638015	0.083648	-0.237081	-0.400484	0.885102
42538	4.747231	0.845574	9.062682	-0.043692	0.063363	-0.003413	0.598356	0.657912	0.457299	-0.765363	0.638186	0.083293	-0.237042	-0.399839	0.885404
42539	4.685402	0.888907	9.065752	-0.039307	0.057296	-0.007658	0.598549	0.658077	0.456808	-0.765218	0.638402	0.082973	-0.237024	-0.399221	0.885687
42540	4.724524	0.875682	9.006435	-0.030596	0.056846	-0.010617	0.598759	0.658196	0.456361	-0.765077	0.638597	0.082774	-0.236949	-0.398713	0.885936
42541	4.731323	0.862584	8.991378	-0.034120	0.062288	-0.014095	0.599013	0.658340	0.455821	-0.764905	0.638834	0.082529	-0.236862	-0.398095	0.886237
42542	4.715054	0.771695	9.040038	-0.021304	0.058109	-0.016089	0.599241	0.658472	0.455330	-0.764785	0.638992	0.082428	-0.236676	-0.397623	0.886499
42543	4.673004	0.803533	9.097192	-0.009596	0.052504	-0.025093	0.599556	0.658505	0.454867	-0.764605	0.639204	0.082450	-0.236459	-0.397227	0.886735
42544	4.627118	0.894655	9.083729	-0.001581	0.047272	-0.023721	0.599797	0.658562	0.454467	-0.764503	0.639312	0.082558	-0.236177	-0.396959	0.886929
42545	4.665666	0.959572	9.076609	-0.000354	0.033806	-0.026175	0.600075	0.658513	0.454169	-0.764338	0.639495	0.082667	-0.236002	-0.396745	0.887072
42546	4.686855	0.926244	9.082188	-0.002026	0.031769	-0.020441	0.600286	0.658485	0.453931	-0.764220	0.639623	0.082763	-0.235847	-0.396585	0.887185
42547	4.664285	0.929089	9.069192	0.003927	0.027856	-0.024664	0.600539	0.658423	0.453687	-0.764075	0.639779	0.082903	-0.235674	-0.396437	0.887297
42548	4.678553	0.886404	9.042119	-0.009641	0.030451	-0.014430	0.600747	0.658372	0.453486	-0.763927	0.639954	0.082912	-0.235623	-0.396239	0.887399
42549	4.706946	0.732887	9.024303	0.003196	0.026273	-0.016403	0.600933	0.658356	0.453262	-0.763829	0.640058	0.083008	-0.235466	-0.396097	0.887504
42550	4.702568	0.834336	8.998188	0.011850	0.031131	-0.021697	0.601131	0.658353	0.453004	-0.763761	0.640111	0.083224	-0.235182	-0.396016	0.887615
42551	4.630385	0.881500	9.057591	0.021332	0.033365	-0.022658	0.601381	0.658325	0.452713	-0.763668	0.640185	0.083509	-0.234844	-0.395943	0.887737
42552	4.632567	0.980938	9.104206	0.029170	0.030362	-0.021823	0.601581	0.658306	0.452475	-0.763634	0.640177	0.083883	-0.234443	-0.395988	0.887823
42553	4.657660	1.029953	9.031293	0.023466	0.026747	-0.014700	0.601755	0.658303	0.452249	-0.763594	0.640190	0.084152	-0.234128	-0.395973	0.887913
42554	4.657047	0.945506	9.019553	0.020479	0.028706	-0.012595	0.601908	0.658292	0.452060	-0.763563	0.640192	0.084416	-0.233835	-0.395987	0.887984
42555	4.646624	0.925971	9.028570	0.021386	0.032363	-0.006131	0.602029	0.658366	0.451791	-0.763569	0.640157	0.084627	-0.233502	-0.395921	0.888101
42556	4.599021	0.822899	8.995925	0.029225	0.029362	-0.005289	0.602118	0.658422	0.451590	-0.763614	0.640062	0.084932	-0.233125	-0.395980	0.888174
42557	4.472274	0.804859	9.122032	0.042911	0.023666	0.007328	0.602116	0.658548	0.451410	-0.763751	0.639853	0.085274	-0.232679	-0.396110	0.888233
42558	4.470970	0.808588	9.122341	0.048141	0.006587	0.011616	0.602004	0.658647	0.451416	-0.763962	0.639550	0.085665	-0.232280	-0.396435	0.888192
42559	4.543197	0.938573	9.162199	0.055383	-0.009702	0.015214	0.601864	0.658690	0.451538	-0.764175	0.639239	0.086081	-0.231940	-0.396864	0.888090
42560	4.574159	0.888870	9.114741	0.059370	-0.016500	0.017999	0.601664	0.658724	0.451756	-0.764435	0.638865	0.086546	-0.231601	-0.397409	0.887934
42561	4.672817	0.869211	9.061960	0.064191	-0.030227	0.010953	0.601510	0.658658	0.452057	-0.764642	0.638547	0.087060	-0.231317	-0.398029	0.887730
42562	4.734696	1.149516	8.969137	0.074268	-0.029483	0.003538	0.601436	0.658494	0.452394	-0.764803	0.638263	0.087728	-0.230978	-0.398755	0.887493
42563	4.838412	1.239286	8.920875	0.054350	-0.008036	0.006361	0.601368	0.658487	0.452495	-0.764960	0.638014	0.088175	-0.230636	-0.399166	0.887397
42564	4.770822	1.072444	8.910571	0.049760	0.008650	0.005828	0.601326	0.658540	0.452473	-0.765118	0.637764	0.088608	-0.230219	-0.399478	0.887365
42565	4.697362	1.066233	8.966425	0.033180	0.026893	0.011586	0.601299	0.658706	0.452268	-0.765257	0.637564	0.088843	-0.229828	-0.399523	0.887446
42566	4.791975	0.931670	8.985044	0.030930	0.042006	0.005159	0.601346	0.658873	0.451963	-0.765359	0.637404	0.089116	-0.229367	-0.399503	0.887574
42567	4.702348	1.048319	8.991813	0.039078	0.048237	0.000553	0.601451	0.659053	0.451559	-0.765445	0.637254	0.089454	-0.228803	-0.399445	0.887746
42568	4.631089	1.138429	9.093856	0.030941	0.050391	0.000959	0.601512	0.659287	0.451137	-0.765563	0.637072	0.089734	-0.228246	-0.399350	0.887932
42569	4.594248	1.140853	9.139684	0.025379	0.046658	0.002343	0.601600	0.659472	0.450749	-0.765628	0.636964	0.089942	-0.227797	-0.399215	0.888108
42570	4.600171	1.076703	9.121252	0.009510	0.036049	0.014770	0.601561	0.659681	0.450494	-0.765738	0.636828	0.089979	-0.227529	-0.399088	0.888234
42571	4.519284	0.933567	9.254125	0.013838	0.016430	0.022893	0.601423	0.659877	0.450392	-0.765900	0.636631	0.089993	-0.227350	-0.399079	0.888284
42572	4.563370	0.910381	9.232812	0.011937	-0.004460	0.022311	0.601245	0.659957	0.450512	-0.766049	0.636448	0.090019	-0.227318	-0.399238	0.888220
42573	4.583388	0.767614	9.232286	0.020244	-0.020421	0.022740	0.601024	0.660004	0.450738	-0.766224	0.636227	0.090090	-0.227311	-0.399512	0.888099
42574	4.639496	0.909112	9.215478	0.032676	-0.043320	0.020230	0.600772	0.659910	0.451212	-0.766407	0.635975	0.090313	-0.227361	-0.400069	0.887835
42575	4.535965	1.213219	9.186875	0.029899	-0.058376	0.019232	0.600492	0.659782	0.451771	-0.766583	0.635738	0.090485	-0.227508	-0.400656	0.887533
42576	4.676683	1.310267	9.052800	0.010783	-0.059478	0.030827	0.600083	0.659738	0.452378	-0.766820	0.635457	0.090456	-0.227789	-0.401174	0.887227
42577	4.812294	1.183972	8.983520	-0.009704	-0.051298	0.036403	0.599687	0.659747	0.452890	-0.767009	0.635265	0.090199	-0.228197	-0.401462	0.886992
42578	4.804761	0.950991	9.013495	-0.011868	-0.041487	0.032338	0.599332	0.659760	0.453342	-0.767178	0.635093	0.089967	-0.228558	-0.401714	0.886785
42579	4.743289	0.831982	9.004719	-0.011051	-0.033644	0.026175	0.599054	0.659774	0.453687	-0.767303	0.634975	0.089744	-0.228869	-0.401877	0.886631
42580	4.669681	0.853957	9.068839	-0.000854	-0.029863	0.016936	0.598844	0.659727	0.454033	-0.767403	0.634863	0.089682	-0.229083	-0.402131	0.886460
42581	4.680438	0.875095	9.059335	0.001841	-0.035891	0.012168	0.598668	0.659644	0.454386	-0.767472	0.634785	0.089636	-0.229309	-0.402391	0.886284
42582	4.664108	1.105212	9.069378	0.004577	-0.043996	0.013703	0.598432	0.659551	0.454832	-0.767587	0.634647	0.089631	-0.229542	-0.402761	0.886055
42583	4.625928	1.040598	9.076726	-0.006866	-0.049079	0.021682	0.598153	0.659474	0.455311	-0.767694	0.634541	0.089465	-0.229913	-0.403053	0.885826
42584	4.739259	1.002654	9.005109	-0.008068	-0.052463	0.026721	0.597807	0.659409	0.455859	-0.767844	0.634384	0.089291	-0.230310	-0.403408	0.885562
42585	4.701393	0.924540	9.052617	-0.006662	-0.053367	0.028538	0.597464	0.659358	0.456381	-0.767992	0.634232	0.089096	-0.230705	-0.403729	0.885312
42586	4.685272	1.011301	9.047944	-0.008687	-0.054144	0.029236	0.597049	0.659371	0.456905	-0.768206	0.634001	0.088892	-0.231065	-0.404070	0.885063
42587	4.722499	1.008670	9.001526	-0.014635	-0.050201	0.033445	0.596676	0.659363	0.457403	-0.768364	0.633850	0.088603	-0.231503	-0.404320	0.884834
42588	4.788268	0.951190	8.909162	-0.012229	-0.042282	0.033589	0.596281	0.659416	0.457842	-0.768568	0.633637	0.088354	-0.231844	-0.404567	0.884632
42589	4.803788	0.924965	8.929904	-0.014380	-0.029264	0.033465	0.595956	0.659493	0.458155	-0.768727	0.633485	0.088067	-0.232154	-0.404680	0.884499
42590	4.772687	1.009342	8.985195	-0.013216	-0.019446	0.036277	0.595618	0.659609	0.458426	-0.768914	0.633295	0.087805	-0.232402	-0.404788	0.884385
42591	4.718450	1.053124	8.984040	-0.018855	-0.014656	0.039232	0.595283	0.659782	0.458614	-0.769096	0.633122	0.087452	-0.232659	-0.404777	0.884322
42592	4.703143	1.080321	9.052203	-0.023676	-0.012469	0.046526	0.594879	0.660004	0.458818	-0.769325	0.632899	0.087049	-0.232933	-0.404764	0.884256
42593	4.669570	1.008455	9.134164	-0.033719	-0.018439	0.056334	0.594402	0.660269	0.459055	-0.769574	0.632674	0.086486	-0.233328	-0.404684	0.884188
42594	4.568880	1.006347	9.192958	-0.034699	-0.032540	0.060367	0.593837	0.660514	0.459433	-0.769869	0.632392	0.085916	-0.233793	-0.404723	0.884047
42595	4.489906	1.002001	9.265224	-0.038213	-0.059687	0.072357	0.593140	0.660713	0.460046	-0.770202	0.632079	0.085240	-0.234467	-0.404888	0.883794
42596	4.538570	0.904428	9.278272	-0.037497	-0.099201	0.077996	0.592285	0.660788	0.461040	-0.770588	0.631699	0.084567	-0.235358	-0.405359	0.883341
42597	4.446991	0.889041	9.373309	-0.027137	-0.144011	0.085540	0.591286	0.660727	0.462408	-0.771022	0.631254	0.083926	-0.236445	-0.406151	0.882686
42598	4.365821	0.754043	9.443703	-0.031164	-0.201628	0.085637	0.590151	0.660395	0.464329	-0.771439	0.630830	0.083278	-0.237916	-0.407348	0.881739
42599	4.348636	0.801047	9.538552	-0.018937	-0.277477	0.079832	0.588872	0.659748	0.466864	-0.771856	0.630391	0.082734	-0.239723	-0.409072	0.880451
42600	4.346974	0.944983	9.674794	-0.017921	-0.364898	0.083631	0.587340	0.658739	0.470207	-0.772301	0.629916	0.082205	-0.242039	-0.411423	0.878720
42601	4.168925	0.915427	10.049368	-0.026267	-0.483204	0.089237	0.585474	0.657288	0.474544	-0.772752	0.629448	0.081547	-0.245101	-0.414449	0.876446
42602	3.821965	1.135641	10.766019	-0.028620	-0.674533	0.086586	0.583105	0.655013	0.480569	-0.773208	0.628971	0.080897	-0.249275	-0.418751	0.873218
42603	3.605995	1.700324	11.171844	-0.050688	-0.951509	0.087133	0.580031	0.651531	0.488950	-0.773579	0.628627	0.080028	-0.255226	-0.424660	0.868633
42604	3.500656	1.409916	11.126013	-0.072546	-1.227286	0.123889	0.575861	0.647043	0.499720	-0.774128	0.628105	0.078802	-0.262889	-0.432226	0.862595
42605	3.510787	0.627337	11.002430	0.046791	-1.497039	0.189296	0.570396	0.641667	0.512749	-0.775330	0.626692	0.078240	-0.271131	-0.442177	0.854966
42606	3.610421	0.649011	11.354626	0.058537	-1.801745	0.222853	0.563710	0.634935	0.528289	-0.776728	0.625038	0.077593	-0.280934	-0.454077	0.845512
42607	3.349610	0.685907	11.524399	0.038513	-2.138934	0.210049	0.555942	0.626368	0.546436	-0.778007	0.623547	0.076783	-0.292634	-0.467818	0.833974
42608	3.169436	1.646166	12.105457	-0.022438	-2.542490	0.217179	0.546596	0.615610	0.567677	-0.779155	0.622281	0.075395	-0.306841	-0.483519	0.819791
42609	3.037931	1.860432	12.207509	-0.104808	-2.984553	0.265817	0.535109	0.602549	0.592109	-0.780253	0.621189	0.072999	-0.323826	-0.501057	0.802545
42610	3.071932	3.217032	12.250782	-0.224688	-3.495117	0.382848	0.520356	0.587122	0.620094	-0.781605	0.619956	0.068897	-0.343980	-0.520520	0.781496
42611	3.565167	2.895095	11.967781	-0.359962	-4.036456	0.549835	0.501690	0.569067	0.651513	-0.783126	0.618701	0.062630	-0.367450	-0.541638	0.756048
42612	4.451728	4.332408	11.736525	-0.480789	-4.430924	0.830482	0.478202	0.549796	0.684870	-0.785498	0.616545	0.053517	-0.392830	-0.563556	0.726697
42613	5.767353	5.259713	11.577790	-0.775220	-4.662919	1.145437	0.450217	0.530069	0.718562	-0.787654	0.614820	0.039967	-0.420601	-0.583973	0.694313
42614	9.053812	5.341754	11.327058	-1.043884	-4.712220	1.407130	0.418554	0.510741	0.750970	-0.789266	0.613637	0.022558	-0.449302	-0.602156	0.659951
42615	12.027409	3.743688	11.158321	-1.270866	-4.464604	1.464120	0.386300	0.492492	0.779887	-0.789261	0.614050	0.003176	-0.477325	-0.616761	0.625913
42616	14.467478	5.337486	11.391892	-1.515764	-3.880075	1.443331	0.355828	0.477236	0.803512	-0.787246	0.616392	-0.017474	-0.503617	-0.626344	0.595032
42617	11.832561	3.825644	10.211699	-1.914457	-3.307943	1.359334	0.328055	0.464847	0.822373	-0.781991	0.622027	-0.039655	-0.529972	-0.630079	0.567566
42618	8.675558	1.832574	9.695182	-2.005732	-2.956738	1.098304	0.303453	0.453051	0.838249	-0.774586	0.629627	-0.059891	-0.554918	-0.631121	0.541989
42619	6.636834	0.947508	10.919399	-1.746739	-2.510935	0.694115	0.283897	0.441575	0.851125	-0.766739	0.637559	-0.075025	-0.575772	-0.631292	0.519574
42620	8.161780	2.224825	11.096406	-1.441824	-1.953327	0.216369	0.270844	0.430653	0.860919	-0.758943	0.645687	-0.084226	-0.592157	-0.630576	0.501721
42621	6.907260	4.972757	12.655838	-1.228974	-1.056231	-0.241168	0.266336	0.422419	0.866388	-0.750934	0.654455	-0.088244	-0.604288	-0.627097	0.491514
42622	0.820519	5.954618	10.236668	-1.406566	-0.588136	-0.568656	0.266996	0.415026	0.869751	-0.740870	0.665569	-0.090163	-0.616300	-0.620299	0.485185
42623	-0.838200	3.899924	8.594352	-1.523272	-0.497032	-0.840098	0.270065	0.406294	0.872920	-0.729121	0.678417	-0.090188	-0.628847	-0.612108	0.479454
42624	-1.199206	3.005403	8.045419	-1.395941	-0.411738	-1.102718	0.275437	0.396288	0.875837	-0.717312	0.691275	-0.087196	-0.639999	-0.604231	0.474665
42625	-1.109152	3.301348	8.311655	-1.264145	-0.241070	-1.323293	0.283284	0.385585	0.878108	-0.705453	0.704047	-0.081569	-0.649681	-0.596357	0.471458
42626	-1.119638	3.344751	8.558310	-1.212011	0.027382	-1.464771	0.293718	0.375418	0.879085	-0.693379	0.716721	-0.074409	-0.657994	-0.587684	0.470821
42627	-0.849466	2.689704	8.610359	-1.122076	0.357972	-1.547028	0.306706	0.366299	0.878497	-0.681304	0.729010	-0.066107	-0.664648	-0.578247	0.473153
42628	-0.564643	2.053772	8.390944	-0.984577	0.724165	-1.581001	0.322227	0.358940	0.875975	-0.669864	0.740297	-0.056935	-0.668918	-0.568438	0.478985
42629	-0.165802	1.665305	8.276393	-0.802479	1.081524	-1.575345	0.339928	0.353270	0.871579	-0.659263	0.750439	-0.047048	-0.670687	-0.558607	0.487993
42630	0.639566	1.650340	8.403247	-0.637347	1.436284	-1.538448	0.359633	0.349745	0.865068	-0.649730	0.759271	-0.036861	-0.669713	-0.548804	0.500299
42631	1.834496	1.520014	8.629544	-0.502246	1.809355	-1.497278	0.381368	0.348134	0.856365	-0.640817	0.767235	-0.026523	-0.666267	-0.538658	0.515690
42632	3.009508	1.180860	8.693536	-0.362347	2.223944	-1.460701	0.405423	0.348905	0.844925	-0.632807	0.774144	-0.016035	-0.659688	-0.528173	0.534645
42633	3.553366	0.991019	8.499146	-0.211798	2.634476	-1.429127	0.431655	0.351548	0.830715	-0.625427	0.780265	-0.005215	-0.650012	-0.517301	0.556673
42634	3.801799	1.078881	8.132857	-0.086208	2.965241	-1.367878	0.459254	0.356207	0.813758	-0.618932	0.785425	0.005497	-0.637188	-0.506186	0.581178
42635	4.514255	1.087083	7.964809	-0.009846	3.226856	-1.285153	0.487475	0.362209	0.794464	-0.612776	0.790099	0.015774	-0.621992	-0.494517	0.607107
42636	5.245989	0.761784	7.951610	0.073695	3.441344	-1.182830	0.515787	0.369866	0.772763	-0.607457	0.793945	0.025448	-0.604119	-0.482546	0.634185
42637	6.095416	0.303423	8.021427	0.194965	3.631190	-1.051495	0.543709	0.378788	0.748932	-0.603034	0.796960	0.034711	-0.583721	-0.470504	0.661737
42638	6.577440	-0.217311	8.023371	0.374893	3.778141	-0.898140	0.570713	0.389411	0.722942	-0.600343	0.798543	0.043796	-0.560246	-0.459008	0.689519
42639	7.001819	0.022509	8.035263	0.581279	3.847266	-0.699833	0.595959	0.401262	0.695573	-0.599432	0.798680	0.052844	-0.534335	-0.448441	0.716510
42640	7.619806	1.021272	8.256083	0.690057	3.847767	-0.464750	0.618751	0.414852	0.667117	-0.600373	0.797391	0.060982	-0.506655	-0.438252	0.742453
42641	8.344923	1.113652	8.460407	0.703662	3.811286	-0.287813	0.639248	0.429048	0.638185	-0.602020	0.795566	0.068168	-0.478471	-0.427776	0.766859
42642	8.926497	0.781435	8.590228	0.797646	3.746789	-0.212212	0.657872	0.443437	0.608743	-0.604509	0.792999	0.075639	-0.449192	-0.417752	0.789753
42643	9.865056	2.039155	8.845338	0.936480	3.653206	-0.233118	0.675140	0.456673	0.579340	-0.607013	0.790185	0.084514	-0.419190	-0.408726	0.810693
42644	11.450103	2.592195	9.006797	0.965712	3.570748	-0.425415	0.692109	0.467969	0.549536	-0.608158	0.788137	0.094785	-0.388753	-0.399807	0.830076
42645	12.594814	3.048735	8.567869	0.907593	3.486802	-0.803308	0.710015	0.475401	0.519493	-0.605910	0.788347	0.106689	-0.358821	-0.390517	0.847788
42646	13.342642	2.902624	7.574008	0.768209	3.314224	-1.309262	0.729286	0.478017	0.489532	-0.599257	0.791538	0.119830	-0.330202	-0.380746	0.863712
42647	14.049018	1.943754	6.267491	0.561937	3.012190	-1.787116	0.749451	0.475119	0.461068	-0.587818	0.797950	0.133211	-0.304618	-0.370860	0.877309
42648	14.807894	0.449302	5.205621	0.334841	2.611011	-2.091787	0.769238	0.468023	0.435004	-0.573003	0.806531	0.145518	-0.282739	-0.361196	0.888592
42649	15.840428	-1.302080	4.365004	0.144679	2.166474	-2.142737	0.787273	0.458354	0.412447	-0.556715	0.815947	0.155883	-0.265085	-0.352338	0.897545
42650	17.186028	-2.736421	3.787868	0.033428	1.762518	-1.884982	0.802162	0.449118	0.393484	-0.541874	0.824350	0.163769	-0.250817	-0.344587	0.904627
42651	18.057775	-3.320776	3.345451	-0.017942	1.471161	-1.356372	0.813038	0.442902	0.377900	-0.530868	0.830467	0.168830	-0.239058	-0.337880	0.910323
42652	17.871421	-3.637643	2.757004	-0.013477	1.276865	-0.707944	0.819758	0.441329	0.365001	-0.525082	0.833626	0.171335	-0.228659	-0.332108	0.915106
42653	16.474340	-2.942498	1.769335	0.057529	1.075379	-0.101811	0.822700	0.444015	0.354987	-0.524368	0.833893	0.172221	-0.219553	-0.327830	0.918871
42654	14.707410	-1.574622	1.049535	0.122899	0.786210	0.339315	0.822619	0.449407	0.348325	-0.527421	0.831977	0.172168	-0.212425	-0.325343	0.921427
42655	13.485484	-0.690279	0.918791	0.221201	0.448630	0.541256	0.820691	0.455348	0.345144	-0.532326	0.828815	0.172323	-0.207594	-0.325153	0.922594
42656	12.234565	0.260968	0.873892	0.365003	0.120019	0.530657	0.818120	0.460081	0.344972	-0.537390	0.825213	0.173884	-0.204674	-0.327642	0.922366
42657	10.124739	10.622447	1.998000	-0.182343	-0.492149	0.562383	0.814064	0.463089	0.350498	-0.541595	0.823221	0.170240	-0.209701	-0.328414	0.920961
42658	7.666557	3.941007	-0.895056	-1.426772	-1.437000	0.608700	0.807656	0.463302	0.364751	-0.543310	0.825099	0.155002	-0.229143	-0.323361	0.918113
42659	8.594374	-4.626326	4.641539	-1.381306	-1.848100	0.255133	0.801826	0.459449	0.382076	-0.542036	0.828375	0.141393	-0.251539	-0.320471	0.913250
42660	5.846680	-0.357639	10.070922	-0.905642	-1.573693	-0.274472	0.799264	0.451981	0.396094	-0.537371	0.832587	0.134281	-0.269090	-0.320175	0.908338
42661	-1.071577	7.656448	16.574618	-0.920661	-1.869638	-0.350913	0.795919	0.443046	0.412581	-0.531996	0.837114	0.127359	-0.288952	-0.320859	0.901974
42662	10.157430	-8.450394	13.475282	-1.931153	-2.046880	0.664436	0.786250	0.441979	0.431815	-0.531308	0.840361	0.107265	-0.315472	-0.313764	0.895561
42663	16.731608	-3.032851	15.624943	-0.354522	-1.372029	0.866127	0.777204	0.444907	0.444986	-0.536930	0.837644	0.100296	-0.328117	-0.316877	0.889903
42664	15.046254	-0.281848	11.520234	-0.530325	-0.451530	0.462686	0.773256	0.447235	0.449506	-0.538669	0.837306	0.093563	-0.334530	-0.314484	0.888364
42665	6.424318	-3.864167	10.463223	-0.388379	-0.054341	0.159449	0.772209	0.448387	0.450158	-0.538589	0.837813	0.089389	-0.337068	-0.311477	0.888464
42666	3.673682	-0.463125	9.613585	-0.011244	-0.000153	0.200264	0.771163	0.449943	0.450400	-0.540007	0.837002	0.088434	-0.337195	-0.311416	0.888437
42667	4.590120	1.708666	8.924655	-0.072693	-0.042389	0.191994	0.769976	0.451404	0.450967	-0.541233	0.836369	0.086917	-0.337940	-0.311002	0.888298
42668	5.414977	-0.211412	8.716536	-0.057084	0.020905	0.165110	0.769185	0.452734	0.450985	-0.542225	0.835850	0.085710	-0.338152	-0.310462	0.888407
42669	5.431620	0.739763	8.657115	0.051564	0.071700	0.113508	0.768805	0.453891	0.450468	-0.543264	0.835182	0.085650	-0.337347	-0.310571	0.888675
42670	4.793330	1.830952	8.831255	0.051995	0.108835	0.087991	0.768725	0.454849	0.449638	-0.544031	0.834671	0.085759	-0.336292	-0.310542	0.889084
42671	4.267146	1.457052	9.318703	0.006638	0.107062	0.104404	0.768511	0.456039	0.448798	-0.544847	0.834181	0.085343	-0.335459	-0.310113	0.889549
42672	4.482714	0.770731	9.342839	0.005215	0.070519	0.103366	0.768217	0.457001	0.448321	-0.545571	0.833746	0.084971	-0.334954	-0.309867	0.889825
42673	4.447819	0.866446	9.206917	0.023259	0.045992	0.086772	0.767892	0.457853	0.448009	-0.546307	0.833283	0.084783	-0.334500	-0.309854	0.890000
42674	4.545041	0.540288	9.359821	0.022672	0.009477	0.075761	0.767543	0.458398	0.448051	-0.546878	0.832918	0.084689	-0.334368	-0.310032	0.889988
42675	4.897625	0.238136	9.320764	0.069616	-0.019234	0.041581	0.767246	0.458670	0.448280	-0.547421	0.832517	0.085116	-0.334161	-0.310703	0.889831
42676	4.791648	0.995563	9.300631	0.087655	-0.030784	0.019022	0.767070	0.458621	0.448632	-0.547778	0.832207	0.085852	-0.333981	-0.311605	0.889584
42677	4.700838	1.130600	9.289651	0.063359	-0.045683	0.018560	0.766811	0.458619	0.449077	-0.548123	0.831931	0.086326	-0.334010	-0.312345	0.889313
42678	4.705214	0.891709	9.315999	0.056605	-0.058180	0.018916	0.766544	0.458482	0.449672	-0.548374	0.831717	0.086786	-0.334210	-0.313114	0.888968
42679	4.749820	0.964849	9.292348	0.059279	-0.072824	0.010006	0.766240	0.458323	0.450351	-0.548640	0.831492	0.087262	-0.334469	-0.313944	0.888577
42680	4.724958	1.329409	9.205928	0.056699	-0.075408	0.007188	0.765980	0.458034	0.451088	-0.548803	0.831331	0.087775	-0.334800	-0.314792	0.888153
42681	4.750958	1.357931	9.086476	0.029965	-0.071639	0.010748	0.765675	0.457883	0.451757	-0.548976	0.831194	0.087986	-0.335210	-0.315373	0.887792
42682	4.835455	1.145773	9.039392	0.015873	-0.063151	0.015549	0.765410	0.457699	0.452393	-0.549065	0.831123	0.088099	-0.335671	-0.315825	0.887457
42683	4.822633	1.080369	9.070463	0.024970	-0.057313	0.006408	0.765177	0.457557	0.452930	-0.549189	0.831022	0.088286	-0.335999	-0.316298	0.887164
42684	4.811111	0.997450	9.015765	0.019134	-0.048528	0.003564	0.765027	0.457318	0.453426	-0.549196	0.830996	0.088482	-0.336330	-0.316711	0.886891
42685	4.739424	1.017163	9.077074	0.025582	-0.042785	0.003835	0.764857	0.457199	0.453832	-0.549302	0.830904	0.088686	-0.336544	-0.317123	0.886663
42686	4.675424	1.025399	9.085826	0.021184	-0.040938	0.010199	0.764695	0.457038	0.454266	-0.549366	0.830842	0.088870	-0.336806	-0.317517	0.886422
42687	4.681347	0.961542	9.131726	0.021835	-0.049640	0.023909	0.764391	0.457065	0.454751	-0.549613	0.830670	0.088949	-0.337092	-0.317929	0.886166
42688	4.661209	1.108683	9.104814	0.020358	-0.053934	0.026200	0.764097	0.456996	0.455314	-0.549798	0.830537	0.089053	-0.337458	-0.318376	0.885866
42689	4.723591	1.113358	9.019353	0.020266	-0.053171	0.032916	0.763732	0.457084	0.455837	-0.550108	0.830329	0.089077	-0.337779	-0.318791	0.885594
42690	4.577458	1.196246	9.010068	0.015868	-0.051317	0.039282	0.763374	0.457131	0.456389	-0.550377	0.830150	0.089081	-0.338149	-0.319188	0.885310
42691	4.471146	1.454169	9.137734	0.003018	-0.057263	0.047265	0.762915	0.457326	0.456961	-0.550738	0.829932	0.088886	-0.338597	-0.319479	0.885034
42692	4.562548	1.487195	9.094343	-0.014140	-0.070573	0.070657	0.762319	0.457570	0.457711	-0.551144	0.829706	0.088482	-0.339278	-0.319716	0.884688
42693	4.616780	1.448892	9.071227	-0.041608	-0.078752	0.089076	0.761555	0.458042	0.458509	-0.551672	0.829438	0.087700	-0.340135	-0.319735	0.884352
42694	4.670147	1.034020	9.050166	-0.048233	-0.081936	0.101000	0.760753	0.458499	0.459384	-0.552189	0.829182	0.086855	-0.341091	-0.319742	0.883981
42695	4.712979	0.933342	9.093990	-0.036863	-0.093009	0.093316	0.759914	0.458960	0.460311	-0.552763	0.828879	0.086094	-0.342028	-0.319867	0.883573
42696	4.584014	0.892143	9.122448	-0.027874	-0.101922	0.084635	0.759130	0.459218	0.461346	-0.553224	0.828633	0.085502	-0.343022	-0.320135	0.883091
42697	4.705135	0.888159	9.042723	-0.023330	-0.111735	0.078069	0.758309	0.459491	0.462423	-0.553726	0.828356	0.084930	-0.344026	-0.320459	0.882583
42698	4.787372	1.054127	9.044354	-0.018969	-0.110814	0.075919	0.757540	0.459648	0.463527	-0.554151	0.828121	0.084455	-0.345036	-0.320842	0.882049
42699	4.866992	0.935095	8.994348	-0.014301	-0.115119	0.077864	0.756705	0.459907	0.464631	-0.554681	0.827816	0.083962	-0.346014	-0.321257	0.881515
42700	4.874626	0.882943	8.998797	-0.003502	-0.111254	0.071702	0.755955	0.460026	0.465734	-0.555125	0.827550	0.083642	-0.346941	-0.321770	0.880963
42701	4.852852	0.995397	8.941451	-0.003928	-0.105250	0.074302	0.755172	0.460287	0.466746	-0.555663	0.827229	0.083255	-0.347785	-0.322226	0.880464
42702	4.822281	0.899370	8.962275	-0.003110	-0.097199	0.085011	0.754393	0.460559	0.467735	-0.556208	0.826900	0.082874	-0.348601	-0.322678	0.879975
42703	4.743296	1.114424	9.022064	-0.004040	-0.101690	0.085230	0.753559	0.460920	0.468724	-0.556827	0.826528	0.082434	-0.349418	-0.323117	0.879490
42704	4.829747	1.007359	8.914517	-0.023152	-0.095519	0.088842	0.752763	0.461228	0.469698	-0.557329	0.826247	0.081858	-0.350332	-0.323396	0.879024
42705	4.820476	1.041817	8.977634	-0.012193	-0.098894	0.089202	0.751913	0.461629	0.470664	-0.557947	0.825882	0.081326	-0.351171	-0.323756	0.878556
42706	4.681719	1.055432	9.016957	-0.025588	-0.101499	0.095589	0.751056	0.461973	0.471695	-0.558490	0.825577	0.080694	-0.352142	-0.324043	0.878061
42707	4.616944	0.972835	9.220976	-0.018719	-0.133408	0.094502	0.750052	0.462304	0.472966	-0.559123	0.825208	0.080078	-0.353275	-0.324509	0.877434
42708	4.576484	0.963222	9.297718	-0.018229	-0.177944	0.091749	0.748942	0.462367	0.474662	-0.559661	0.824897	0.079527	-0.354776	-0.325211	0.876568
42709	4.593030	0.998473	9.245435	-0.017218	-0.230120	0.101373	0.747550	0.462437	0.476782	-0.560348	0.824492	0.078889	-0.356622	-0.326137	0.875474
42710	4.517001	0.932566	9.391865	-0.009582	-0.283549	0.109752	0.745952	0.462301	0.479409	-0.561050	0.824068	0.078324	-0.358857	-0.327398	0.874089
42711	4.503897	0.977122	9.484845	-0.009315	-0.361991	0.116461	0.743989	0.462055	0.482685	-0.561873	0.823568	0.077677	-0.361633	-0.328998	0.872343
42712	4.491419	1.187053	9.526517	-0.007868	-0.444235	0.128497	0.741684	0.461536	0.486714	-0.562718	0.823053	0.077027	-0.365040	-0.331012	0.870159
42713	4.481837	1.211085	9.637204	-0.020689	-0.543024	0.161947	0.738772	0.461048	0.491580	-0.563830	0.822382	0.076050	-0.369203	-0.333351	0.867506
42714	4.450745	1.064978	9.765280	-0.025510	-0.651541	0.187575	0.735322	0.460299	0.497420	-0.565038	0.821654	0.074943	-0.374211	-0.336169	0.864267
42715	4.258020	0.866770	10.174321	-0.005466	-0.806981	0.206587	0.731104	0.459251	0.504556	-0.566521	0.820731	0.073856	-0.380186	-0.339838	0.860214
42716	3.912514	0.459634	10.934432	0.028278	-1.027469	0.205274	0.726023	0.457314	0.513571	-0.568050	0.819741	0.073093	-0.387569	-0.344802	0.854928
42717	3.363717	0.918631	11.991921	0.101208	-1.386026	0.192369	0.719485	0.454043	0.525535	-0.569827	0.818520	0.072951	-0.397038	-0.351951	0.847639
42718	3.059396	1.750509	12.589608	0.092508	-1.842354	0.214329	0.710851	0.449139	0.541262	-0.571669	0.817264	0.072620	-0.409737	-0.361045	0.837712
42719	2.796949	1.303226	12.456451	0.106015	-2.327765	0.326835	0.699249	0.443254	0.560871	-0.574406	0.815425	0.071697	-0.425568	-0.372301	0.824793
42720	2.877590	1.729457	12.932718	0.267526	-2.863708	0.488149	0.684001	0.436282	0.584638	-0.578895	0.812295	0.071113	-0.443873	-0.387085	0.808172
42721	2.620164	2.213422	13.135754	0.273262	-3.457469	0.677039	0.664329	0.428068	0.612719	-0.584692	0.808296	0.069236	-0.465620	-0.404247	0.787263
42722	2.458134	3.867079	13.862312	0.189875	-4.077240	0.883853	0.639636	0.418275	0.644912	-0.591329	0.803793	0.065170	-0.491117	-0.423041	0.761473
42723	2.095184	3.976659	13.855174	0.005415	-4.791866	1.070656	0.609003	0.406089	0.681327	-0.598031	0.799364	0.058107	-0.521031	-0.442842	0.729669
42724	2.188305	4.868577	14.019408	-0.310917	-5.443699	1.318769	0.571788	0.391938	0.720724	-0.604126	0.795521	0.046670	-0.555059	-0.462093	0.691649
42725	2.004177	4.563922	13.904665	-0.658343	-6.157711	1.598756	0.526719	0.375585	0.762564	-0.609118	0.792496	0.030404	-0.592910	-0.480506	0.646199
42726	7.033900	5.574206	12.809772	-0.914893	-6.557471	1.885720	0.475049	0.358425	0.803654	-0.612961	0.790050	0.009971	-0.631353	-0.497345	0.595013
42727	14.229473	4.569957	12.789435	-1.271345	-6.450110	2.054852	0.420503	0.342139	0.840309	-0.613891	0.789264	-0.014155	-0.668068	-0.509906	0.541923
42728	21.117254	5.732754	13.279958	-1.500243	-5.408978	1.927360	0.371740	0.329586	0.867861	-0.611266	0.790494	-0.038374	-0.698686	-0.516229	0.495323
42729	16.784685	3.350837	12.434803	-1.742283	-4.140917	1.588075	0.332611	0.320776	0.886833	-0.604454	0.794330	-0.060614	-0.723882	-0.515889	0.458098
42730	10.851767	0.813971	13.466941	-1.432059	-3.063270	1.073837	0.303731	0.313509	0.899700	-0.597353	0.798320	-0.076520	-0.742238	-0.514197	0.429750
42731	6.350248	0.672847	12.754679	-0.962543	-1.806967	0.484176	0.287325	0.308087	0.906933	-0.591575	0.801763	-0.084944	-0.753315	-0.512112	0.412623
42732	8.025692	4.781902	14.292726	-0.500265	-0.497676	-0.165533	0.284573	0.304201	0.909109	-0.587328	0.804825	-0.085458	-0.757670	-0.509626	0.407698
42733	-3.341331	6.606341	9.705835	-0.663878	0.222010	-0.638094	0.289969	0.300152	0.908750	-0.580443	0.810124	-0.082366	-0.760923	-0.503595	0.409132
42734	-5.742475	4.437587	7.506080	-0.855118	-0.020537	-0.976882	0.295479	0.292098	0.909599	-0.571074	0.817285	-0.076943	-0.765876	-0.496713	0.408301
42735	-3.793615	3.110451	7.640277	-0.770129	-0.174387	-1.250693	0.301205	0.280947	0.911232	-0.561414	0.824679	-0.068688	-0.770772	-0.490889	0.406125
42736	-1.466067	2.489368	8.690728	-0.605703	0.012559	-1.465867	0.309515	0.268887	0.912086	-0.552294	0.831646	-0.057753	-0.774062	-0.485864	0.405911
42737	-0.658005	2.335431	9.266099	-0.450936	0.436906	-1.627253	0.321799	0.257391	0.911150	-0.543653	0.838116	-0.044753	-0.775169	-0.480948	0.409637
42738	-0.605843	2.305373	8.913297	-0.398157	0.863858	-1.706189	0.337750	0.247212	0.908191	-0.534996	0.844291	-0.030857	-0.774406	-0.475456	0.417417
42739	-0.555493	1.925734	8.283722	-0.428922	1.216897	-1.697950	0.356151	0.238548	0.903466	-0.525775	0.850448	-0.017286	-0.772474	-0.468863	0.428311
42740	-0.081963	1.188050	7.880431	-0.454030	1.497034	-1.623206	0.376212	0.231727	0.897088	-0.516402	0.856334	-0.004636	-0.769281	-0.461514	0.441827
42741	0.897425	0.605790	7.732639	-0.444576	1.768315	-1.513613	0.397505	0.226794	0.889131	-0.507124	0.861846	0.006886	-0.764732	-0.453637	0.457601
42742	2.214505	0.216287	7.848280	-0.391501	2.080995	-1.387884	0.420394	0.224250	0.879193	-0.498555	0.866685	0.017329	-0.758097	-0.445612	0.476150
42743	3.557049	-0.018691	7.941036	-0.325047	2.439407	-1.268157	0.445035	0.223981	0.867050	-0.490606	0.870969	0.026823	-0.749166	-0.437317	0.497498
42744	4.561372	-0.245439	7.978561	-0.246850	2.827840	-1.172651	0.471829	0.226115	0.852203	-0.483500	0.874619	0.035631	-0.737296	-0.428852	0.521997
42745	4.901758	-0.303221	7.679207	-0.153211	3.197864	-1.071250	0.500302	0.230286	0.834665	-0.477162	0.877721	0.043849	-0.722505	-0.420208	0.549009
42746	4.827277	-0.239242	7.313168	-0.098698	3.463274	-0.956116	0.529619	0.236429	0.814620	-0.471654	0.880299	0.051152	-0.705015	-0.411309	0.577736
42747	5.145387	-0.209273	7.099074	-0.052983	3.606587	-0.824451	0.558554	0.243813	0.792826	-0.466787	0.882501	0.057465	-0.685659	-0.402178	0.606733
42748	5.959847	-0.214812	7.148615	0.004791	3.713396	-0.668441	0.586779	0.252844	0.769259	-0.463122	0.884075	0.062680	-0.664235	-0.393041	0.635855
42749	6.934921	-0.630916	7.383077	0.111739	3.823102	-0.493338	0.613994	0.263320	0.744093	-0.460877	0.884921	0.067140	-0.640784	-0.384159	0.664694
42750	7.762179	-0.819174	7.550690	0.322167	3.938260	-0.303599	0.640154	0.275798	0.717034	-0.461134	0.884445	0.071502	-0.614457	-0.376422	0.693361
42751	8.023256	-0.378402	7.556620	0.539744	4.002975	-0.096891	0.664617	0.289863	0.688668	-0.463730	0.882711	0.075999	-0.585865	-0.369867	0.721083
42752	8.123565	0.149706	7.600087	0.729760	3.990919	0.119198	0.686863	0.305762	0.659339	-0.468843	0.879605	0.080507	-0.555342	-0.364424	0.747523
42753	8.971025	0.509707	8.111854	0.917270	3.939901	0.294826	0.706717	0.322607	0.629664	-0.475836	0.875361	0.085574	-0.523576	-0.360093	0.772140
42754	10.563058	1.053079	8.668450	1.142746	3.934300	0.390178	0.724793	0.340313	0.599051	-0.484558	0.869899	0.092089	-0.489775	-0.357020	0.795398
42755	12.613760	1.953661	9.104593	1.328819	4.009056	0.325163	0.742113	0.357382	0.567051	-0.493203	0.864042	0.100906	-0.453893	-0.354555	0.817479
42756	14.335123	2.807491	8.727946	1.422076	4.136583	0.108038	0.759567	0.373092	0.532786	-0.500317	0.858561	0.112056	-0.415622	-0.351676	0.838798
42757	14.597272	2.988834	7.418137	1.383214	4.171745	-0.243854	0.777313	0.385577	0.497107	-0.503913	0.854655	0.125049	-0.376639	-0.347700	0.858631
42758	14.187774	2.146082	6.025300	1.279964	3.964923	-0.646626	0.794760	0.393876	0.461755	-0.503491	0.852707	0.139237	-0.338900	-0.343150	0.876011
42759	14.645384	0.537760	5.146860	1.181258	3.535744	-0.971753	0.811007	0.397639	0.429128	-0.499480	0.852529	0.153993	-0.304611	-0.339230	0.890020
42760	16.136428	-0.926601	5.068956	1.097543	3.050318	-1.095386	0.825280	0.398677	0.399962	-0.493739	0.853156	0.168364	-0.274107	-0.336425	0.900935
42761	17.612435	-2.419095	4.858929	0.999197	2.656979	-0.989592	0.837060	0.399128	0.374202	-0.488109	0.853759	0.181234	-0.247143	-0.334355	0.909465
42762	17.826008	-3.566925	4.281954	0.969342	2.340274	-0.620375	0.845585	0.401681	0.351621	-0.485184	0.852994	0.192345	-0.222670	-0.333245	0.916169
42763	17.651559	-4.033718	3.577355	0.946775	2.029031	-0.090745	0.850321	0.407654	0.332824	-0.486412	0.850214	0.201347	-0.200892	-0.333099	0.921242
42764	17.233435	-3.609410	2.968979	0.923761	1.738108	0.483402	0.851289	0.417551	0.317738	-0.492287	0.845137	0.208318	-0.181549	-0.333757	0.925011
42765	16.238907	-2.465433	2.211248	0.891487	1.429279	0.945378	0.849066	0.430274	0.306516	-0.501861	0.838154	0.213618	-0.164993	-0.335205	0.927586
42766	14.862304	-1.212876	1.534031	0.838843	1.040508	1.213237	0.844573	0.443860	0.299473	-0.513435	0.830041	0.217755	-0.151922	-0.337670	0.928923
42767	13.643532	-0.335647	1.205854	0.823610	0.581052	1.263107	0.838869	0.456250	0.296874	-0.525273	0.821564	0.221632	-0.142782	-0.341860	0.928841
42768	11.968689	8.639123	1.282928	-0.012977	-0.172681	1.262577	0.831956	0.465915	0.301283	-0.535741	0.815816	0.217776	-0.144326	-0.342590	0.928333
42769	12.259435	2.812360	0.618747	-0.946469	-1.051365	1.034863	0.824785	0.470747	0.313252	-0.542875	0.814205	0.205808	-0.158168	-0.339804	0.927101
42770	13.443655	-1.377701	3.971845	-1.277065	-1.288129	0.466188	0.820162	0.470041	0.326184	-0.544460	0.816384	0.192564	-0.175778	-0.335527	0.925485
42771	7.366267	-3.113626	8.430287	-0.839135	-1.324525	-0.187846	0.818751	0.464049	0.338092	-0.541372	0.820081	0.185427	-0.191216	-0.334852	0.922665
42772	-0.407554	4.439528	11.459782	-0.461912	-1.153329	-0.619738	0.819874	0.454910	0.347656	-0.535258	0.824544	0.183373	-0.203239	-0.336428	0.919516
42773	-3.638258	6.039668	11.741531	-0.865267	-1.552632	-0.612645	0.819840	0.444603	0.360820	-0.528393	0.830217	0.177597	-0.220598	-0.336256	0.915570
42774	0.645819	5.538591	11.648053	-1.220234	-1.902987	-0.317091	0.817155	0.435415	0.377719	-0.522850	0.835765	0.167704	-0.242664	-0.334530	0.910606
42775	10.136557	-3.154484	11.285733	-2.076684	-2.185259	0.575042	0.808531	0.432993	0.398490	-0.522178	0.840141	0.146608	-0.271307	-0.326619	0.905380
42776	16.520643	-7.304197	12.490740	-0.897252	-1.407141	0.679036	0.801097	0.433951	0.412226	-0.525017	0.840183	0.135827	-0.287403	-0.325237	0.900900
42777	11.543359	-3.207516	11.766803	-0.483058	-0.735977	0.523355	0.796192	0.435940	0.419565	-0.527779	0.839483	0.129299	-0.295851	-0.324384	0.898469
42778	5.408666	0.512919	11.631147	-0.213632	-0.599720	0.287567	0.792922	0.436255	0.425389	-0.529316	0.838982	0.126229	-0.301826	-0.325255	0.896164
42779	3.548456	-0.094884	10.061637	-0.329553	-0.646653	0.272440	0.789501	0.436421	0.431539	-0.530455	0.838873	0.122106	-0.308716	-0.325315	0.893792
42780	4.323046	-0.578972	9.060676	-0.189249	-0.719112	0.304763	0.785675	0.436492	0.438394	-0.532164	0.838216	0.119147	-0.315462	-0.326909	0.890850
42781	6.788161	1.167162	9.072754	-0.098766	-0.629335	0.297595	0.782082	0.436905	0.444367	-0.534172	0.837247	0.116950	-0.320949	-0.328833	0.888178
42782	7.238249	1.624542	9.153614	-0.101797	-0.339195	0.255648	0.779656	0.437791	0.447746	-0.535741	0.836520	0.114959	-0.324220	-0.329504	0.886740
42783	5.590893	2.412094	9.335833	-0.111032	-0.210408	0.234128	0.777711	0.439039	0.449901	-0.537193	0.835867	0.112919	-0.326481	-0.329502	0.885911
42784	5.711104	1.663005	9.130351	-0.137357	-0.013413	0.194617	0.776660	0.440474	0.450314	-0.538149	0.835524	0.110884	-0.327406	-0.328455	0.885958
42785	4.935785	1.302282	9.142672	-0.132502	-0.001012	0.162797	0.775775	0.441814	0.450525	-0.538969	0.835247	0.108972	-0.328155	-0.327357	0.886088
42786	4.682489	0.946212	9.260487	-0.108770	0.013714	0.119677	0.775215	0.442707	0.450612	-0.539430	0.835137	0.107528	-0.328719	-0.326431	0.886220
42787	4.803536	0.723933	9.249099	-0.077620	0.010817	0.091251	0.774754	0.443488	0.450637	-0.539872	0.834993	0.106423	-0.329081	-0.325738	0.886341
42788	4.742926	0.774405	9.283765	-0.048113	0.017124	0.073777	0.774452	0.444012	0.450642	-0.540177	0.834884	0.105722	-0.329292	-0.325303	0.886423
42789	4.662461	1.004165	9.320452	-0.032912	0.006295	0.067370	0.774104	0.444578	0.450681	-0.540580	0.834699	0.105121	-0.329448	-0.325004	0.886474
42790	4.765583	1.391513	9.202614	-0.049719	-0.011443	0.073139	0.773709	0.445006	0.450936	-0.540877	0.834596	0.104407	-0.329888	-0.324681	0.886429
42791	4.916798	1.162753	9.150910	-0.082423	-0.018089	0.087342	0.773173	0.445660	0.451211	-0.541270	0.834482	0.103277	-0.330501	-0.324078	0.886421
42792	4.902179	0.751435	9.147482	-0.072354	-0.013885	0.083250	0.772715	0.446164	0.451497	-0.541568	0.834407	0.102316	-0.331082	-0.323577	0.886387
42793	4.782487	0.815446	9.224842	-0.046914	-0.020325	0.064794	0.772292	0.446622	0.451767	-0.541903	0.834277	0.101602	-0.331521	-0.323281	0.886332
42794	4.808180	0.971128	9.168649	-0.026710	-0.031477	0.055455	0.771925	0.446840	0.452179	-0.542138	0.834177	0.101170	-0.331991	-0.323239	0.886171
42795	4.856480	1.065721	9.174809	-0.020447	-0.032225	0.048429	0.771551	0.447123	0.452538	-0.542433	0.834034	0.100764	-0.332378	-0.323216	0.886034
42796	4.934120	1.109106	9.061209	-0.012360	-0.035661	0.037737	0.771265	0.447180	0.452968	-0.542580	0.833966	0.100538	-0.332802	-0.323313	0.885840
42797	4.882361	1.195725	8.997589	-0.013616	-0.020221	0.033287	0.771013	0.447375	0.453205	-0.542781	0.833869	0.100262	-0.333059	-0.323294	0.885750
42798	4.915926	0.987682	8.979862	-0.012512	-0.009696	0.025597	0.770879	0.447414	0.453394	-0.542832	0.833856	0.100089	-0.333284	-0.323274	0.885673
