// General information: 
//  MT Manager version: 2022.2.0 
//  XDA version: 2022.2.0 build 7381 rev 124627 built on 2023-07-19
// Device information: 
//  DeviceId: 00B4CBA7
//  ProductCode: MTW2-3A7G6
//  Firmware Version: 4.6.0
//  Hardware Version: 2.0.0
// Device settings: 
//  Filter Profile: human(46.1)
//  Option Flags: Orientation Smoother Disabled, Position/Velocity Smoother Disabled, Continuous Zero Rotation Update Disabled, AHS Disabled, ICC Disabled
// Coordinate system: ENU
PacketCounter	Acc_X	Acc_Y	Acc_Z	Gyr_X	Gyr_Y	Gyr_Z	Mat[1][1]	Mat[2][1]	Mat[3][1]	Mat[1][2]	Mat[2][2]	Mat[3][2]	Mat[1][3]	Mat[2][3]	Mat[3][3]
60065	9.556746	1.347821	-1.656124	-0.065986	0.043323	-0.042508	-0.179813	0.109891	0.977543	0.893377	0.434204	0.115520	-0.411759	0.894087	-0.176249
60066	9.499483	1.177917	-1.595025	-0.108985	0.046317	-0.029466	-0.179919	0.109326	0.977587	0.893761	0.433274	0.116037	-0.410877	0.894607	-0.175665
60067	9.596600	1.010052	-1.559461	-0.082020	0.045015	-0.030802	-0.179940	0.108778	0.977645	0.894073	0.432523	0.116434	-0.410188	0.895037	-0.175084
60068	9.613327	1.157719	-1.557326	-0.085211	0.055366	-0.029420	-0.180009	0.108132	0.977703	0.894359	0.431804	0.116907	-0.409535	0.895462	-0.174438
60069	9.500709	1.255935	-1.641860	-0.109350	0.050141	-0.032709	-0.180163	0.107588	0.977735	0.894778	0.430780	0.117475	-0.408550	0.896021	-0.173878
60070	9.529093	1.085032	-1.721258	-0.077814	0.039620	-0.029307	-0.180297	0.107084	0.977766	0.895032	0.430126	0.117934	-0.407934	0.896395	-0.173394
60071	9.564294	1.087416	-1.597650	-0.021940	0.035313	-0.029723	-0.180429	0.106540	0.977801	0.895011	0.430071	0.118292	-0.407921	0.896486	-0.172952
60072	9.547577	1.289223	-1.532201	-0.043087	0.029887	-0.029544	-0.180604	0.106123	0.977814	0.895123	0.429729	0.118693	-0.407599	0.896700	-0.172604
60073	9.533298	1.398025	-1.533288	-0.067684	0.028297	-0.025138	-0.180695	0.105682	0.977845	0.895322	0.429212	0.119058	-0.407120	0.897000	-0.172176
60074	9.531995	1.377878	-1.684529	-0.094605	0.016371	-0.024355	-0.180879	0.105407	0.977840	0.895653	0.428401	0.119496	-0.406312	0.897420	-0.171897
60075	9.568153	1.263484	-1.783405	-0.101335	0.017290	-0.019169	-0.180991	0.105158	0.977847	0.896037	0.427490	0.119876	-0.405414	0.897883	-0.171598
60076	9.605671	1.237499	-1.791761	-0.086686	0.019000	-0.014727	-0.181079	0.104902	0.977858	0.896350	0.426739	0.120206	-0.404681	0.898270	-0.171302
60077	9.542633	1.351872	-1.759077	-0.090880	0.014602	-0.015136	-0.181236	0.104759	0.977844	0.896717	0.425863	0.120576	-0.403797	0.898702	-0.171121
60078	9.511555	1.257585	-1.818759	-0.100266	0.013195	-0.011349	-0.181317	0.104569	0.977849	0.897091	0.424986	0.120895	-0.402930	0.899140	-0.170865
60079	9.514769	1.131959	-1.789694	-0.076507	0.009952	-0.018736	-0.181500	0.104491	0.977824	0.897427	0.424175	0.121249	-0.402099	0.899532	-0.170761
60080	9.529603	1.058985	-1.753746	-0.026932	0.012767	-0.022708	-0.181685	0.104257	0.977814	0.897483	0.423968	0.121554	-0.401889	0.899656	-0.170598
60081	9.531747	1.172760	-1.506859	-0.002677	0.011240	-0.022625	-0.181840	0.104016	0.977811	0.897444	0.423982	0.121792	-0.401906	0.899678	-0.170446
60082	9.543279	1.162739	-1.434555	-0.033317	0.007911	-0.027919	-0.182091	0.103805	0.977787	0.897517	0.423723	0.122159	-0.401630	0.899824	-0.170323
60083	9.546939	1.161466	-1.409990	-0.036101	0.001207	-0.023839	-0.182229	0.103687	0.977774	0.897660	0.423349	0.122404	-0.401248	0.900014	-0.170222
60084	9.585356	1.252889	-1.300143	-0.022939	-0.011459	-0.025959	-0.182541	0.103658	0.977719	0.897694	0.423181	0.122734	-0.401030	0.900096	-0.170301
60085	9.558535	1.308703	-1.312818	-0.039832	-0.023462	-0.034102	-0.182957	0.103643	0.977643	0.897753	0.422930	0.123170	-0.400708	0.900216	-0.170424
60086	9.545674	1.295852	-1.416419	-0.034108	-0.030207	-0.035191	-0.183426	0.103744	0.977544	0.897814	0.422671	0.123609	-0.400356	0.900326	-0.170672
60087	9.550678	1.114227	-1.554083	-0.007438	-0.035911	-0.030907	-0.183953	0.103881	0.977430	0.897734	0.422718	0.124027	-0.400293	0.900288	-0.171018
60088	9.591662	1.302622	-1.581808	0.076048	-0.037919	-0.028343	-0.184392	0.104080	0.977327	0.897367	0.423444	0.124211	-0.400915	0.899924	-0.171477
60089	9.555552	1.634190	-1.396127	0.056684	-0.044784	-0.020026	-0.184867	0.104373	0.977205	0.897068	0.424016	0.124419	-0.401365	0.899620	-0.172016
60090	9.531511	1.530017	-1.416232	-0.014842	-0.054570	-0.017275	-0.185274	0.104768	0.977086	0.897085	0.423912	0.124650	-0.401140	0.899623	-0.172526
60091	9.531324	1.167038	-1.637465	-0.005756	-0.058526	-0.008479	-0.185672	0.105249	0.976959	0.897079	0.423872	0.124827	-0.400967	0.899586	-0.173118
60092	9.639473	1.566300	-1.364808	0.100946	-0.062194	-0.008376	-0.186030	0.105750	0.976837	0.896648	0.424800	0.124770	-0.401766	0.899089	-0.173846
60093	9.552672	1.725385	-1.329494	0.011901	-0.073643	-0.002649	-0.186357	0.106388	0.976705	0.896613	0.424865	0.124797	-0.401691	0.898983	-0.174565
60094	9.521982	1.636545	-1.623800	-0.013657	-0.075644	0.010208	-0.186602	0.107089	0.976582	0.896676	0.424743	0.124758	-0.401436	0.898958	-0.175282
60095	9.579636	1.688697	-1.782410	0.011515	-0.077913	0.019748	-0.186835	0.107895	0.976448	0.896675	0.424783	0.124634	-0.401331	0.898843	-0.176111
60096	9.555480	1.675245	-1.838121	0.008972	-0.074876	0.033522	-0.186868	0.108688	0.976354	0.896691	0.424839	0.124328	-0.401281	0.898720	-0.176848
60097	9.565906	1.600033	-1.834849	-0.006338	-0.076063	0.041244	-0.186899	0.109666	0.976239	0.896863	0.424569	0.124009	-0.400881	0.898729	-0.177707
60098	9.594064	1.450957	-1.897441	-0.026911	-0.068634	0.046674	-0.186789	0.110459	0.976170	0.897047	0.424288	0.123638	-0.400520	0.898765	-0.178339
60099	9.536919	1.365616	-1.883319	0.004311	-0.069040	0.054947	-0.186664	0.111269	0.976102	0.897103	0.424300	0.123189	-0.400454	0.898659	-0.179021
60100	9.519011	1.338774	-1.789905	-0.005317	-0.065829	0.059378	-0.186428	0.112090	0.976053	0.897224	0.424198	0.122657	-0.400291	0.898605	-0.179652
60101	9.548346	1.246884	-1.791603	-0.000638	-0.067289	0.060177	-0.186185	0.112855	0.976012	0.897302	0.424188	0.122122	-0.400230	0.898515	-0.180242
60102	9.562437	1.411323	-1.669656	0.039996	-0.066292	0.064565	-0.185905	0.113702	0.975967	0.897251	0.424486	0.121457	-0.400474	0.898267	-0.180933
60103	9.559432	1.373168	-1.606092	0.001523	-0.068917	0.062259	-0.185591	0.114580	0.975924	0.897400	0.424349	0.120837	-0.400287	0.898220	-0.181580
60104	9.606246	1.150515	-1.835957	-0.003467	-0.072659	0.063179	-0.185348	0.115479	0.975864	0.897520	0.424257	0.120264	-0.400130	0.898148	-0.182280
60105	9.588134	1.282750	-1.839917	0.058934	-0.060202	0.069253	-0.185049	0.116299	0.975824	0.897406	0.424696	0.119563	-0.400523	0.897835	-0.182957
60106	9.628699	1.458336	-1.770864	0.066843	-0.063107	0.074528	-0.184666	0.117160	0.975793	0.897266	0.425221	0.118750	-0.401015	0.897475	-0.183647
60107	9.627195	1.486048	-1.871455	-0.000430	-0.062771	0.082401	-0.184267	0.117958	0.975772	0.897351	0.425235	0.118052	-0.401008	0.897363	-0.184206
60108	9.615282	1.368257	-2.045049	-0.031600	-0.050155	0.092661	-0.183670	0.118779	0.975785	0.897637	0.424854	0.117244	-0.400640	0.897436	-0.184653
60109	9.562000	1.283733	-2.229312	-0.031395	-0.042521	0.099646	-0.183042	0.119620	0.975801	0.897965	0.424389	0.116417	-0.400193	0.897544	-0.185095
60110	9.552078	1.224008	-2.340117	-0.022126	-0.025503	0.105027	-0.182234	0.120272	0.975872	0.898235	0.424076	0.115471	-0.399956	0.897605	-0.185314
60111	9.514922	1.214314	-2.359807	-0.023705	-0.007592	0.109814	-0.181376	0.120768	0.975970	0.898501	0.423765	0.114542	-0.399749	0.897685	-0.185371
60112	9.537880	1.155843	-2.372105	-0.015834	0.008327	0.109092	-0.180396	0.121133	0.976107	0.898751	0.423503	0.113544	-0.399630	0.897760	-0.185267
60113	9.523600	1.153768	-2.240255	-0.007279	0.022605	0.114153	-0.179351	0.121468	0.976258	0.899022	0.423203	0.112506	-0.399490	0.897855	-0.185105
60114	9.505403	1.155950	-2.130687	-0.021036	0.036979	0.110589	-0.178243	0.121582	0.976446	0.899294	0.422892	0.111503	-0.399375	0.897987	-0.184715
60115	9.489261	1.094971	-2.056913	-0.022701	0.045049	0.116499	-0.176968	0.121727	0.976660	0.899668	0.422393	0.110372	-0.399099	0.898202	-0.184264
60116	9.523552	1.086414	-1.956896	-0.019034	0.047715	0.109421	-0.175827	0.121739	0.976865	0.899927	0.422101	0.109375	-0.399020	0.898338	-0.183772
60117	9.521551	1.015187	-1.911613	-0.032831	0.057759	0.111300	-0.174655	0.121762	0.977072	0.900298	0.421561	0.108396	-0.398697	0.898588	-0.183250
60118	9.533412	1.091738	-1.891744	-0.031342	0.057744	0.107583	-0.173489	0.121675	0.977290	0.900600	0.421160	0.107440	-0.398523	0.898788	-0.182647
60119	9.583168	1.102395	-1.789574	-0.033064	0.060328	0.109159	-0.172291	0.121529	0.977521	0.900899	0.420766	0.106475	-0.398367	0.898992	-0.181979
60120	9.568652	1.044504	-1.814534	-0.046524	0.059024	0.107116	-0.171124	0.121427	0.977738	0.901258	0.420229	0.105550	-0.398058	0.899257	-0.181348
60121	9.600546	0.884836	-1.840965	-0.047740	0.061230	0.113427	-0.169945	0.121355	0.977953	0.901634	0.419658	0.104606	-0.397711	0.899533	-0.180737
60122	9.590582	0.887583	-1.905504	-0.014952	0.068215	0.114134	-0.168678	0.121199	0.978191	0.901877	0.419397	0.103555	-0.397700	0.899676	-0.180050
60123	9.567781	0.930132	-1.909739	-0.000466	0.073270	0.109347	-0.167468	0.121074	0.978415	0.902106	0.419156	0.102539	-0.397693	0.899805	-0.179416
60124	9.617114	0.975792	-1.899903	0.003828	0.081040	0.111345	-0.166175	0.120790	0.978670	0.902266	0.419067	0.101480	-0.397871	0.899885	-0.178623
60125	9.571419	0.972087	-1.857578	0.002781	0.080859	0.108916	-0.164997	0.120475	0.978908	0.902384	0.419044	0.100527	-0.398095	0.899938	-0.177856
60126	9.617101	0.929647	-1.938095	0.012801	0.089549	0.105998	-0.163718	0.120092	0.979170	0.902497	0.419044	0.099504	-0.398366	0.899989	-0.176988
60127	9.567605	0.930448	-1.918563	0.033046	0.096640	0.106075	-0.162387	0.119701	0.979440	0.902577	0.419129	0.098420	-0.398730	0.900002	-0.176100
60128	9.582333	0.942478	-1.932032	0.035795	0.105732	0.110690	-0.161000	0.119192	0.979731	0.902603	0.419330	0.097311	-0.399232	0.899975	-0.175096
60129	9.611721	1.036233	-1.906941	0.041422	0.111323	0.106336	-0.159630	0.118687	0.980016	0.902648	0.419485	0.096225	-0.399681	0.899970	-0.174095
60130	9.617599	1.084798	-1.835196	-0.025263	0.120035	0.103907	-0.158247	0.118022	0.980321	0.902905	0.419146	0.095289	-0.399651	0.900215	-0.172891
60131	9.621404	0.926833	-2.051330	-0.087128	0.129384	0.104919	-0.156862	0.117306	0.980629	0.903416	0.418226	0.094481	-0.399041	0.900737	-0.171580
60132	9.587874	0.819485	-1.999851	-0.053102	0.139839	0.109750	-0.155346	0.116484	0.980968	0.903790	0.417631	0.093533	-0.398787	0.901119	-0.170154
60133	9.634321	0.741266	-1.980072	-0.024179	0.148818	0.107407	-0.153874	0.115540	0.981312	0.904006	0.417369	0.092611	-0.398869	0.901362	-0.168671
60134	9.590898	0.668534	-1.844100	0.012710	0.155715	0.103349	-0.152353	0.114547	0.981666	0.904104	0.417377	0.091614	-0.399230	0.901485	-0.167151
60135	9.596853	0.617704	-1.711675	0.055655	0.157583	0.094879	-0.150989	0.113492	0.981999	0.903975	0.417855	0.090700	-0.400039	0.901397	-0.165685
60136	9.606109	0.661998	-1.612648	0.093683	0.154501	0.088363	-0.149606	0.112448	0.982331	0.903723	0.418611	0.089716	-0.401126	0.901177	-0.164249
60137	9.546988	0.792309	-1.437729	0.112797	0.153584	0.089931	-0.148302	0.111433	0.982644	0.903369	0.419580	0.088757	-0.402407	0.900853	-0.162889
60138	9.559174	0.832707	-1.316366	0.100319	0.140331	0.082587	-0.147025	0.110494	0.982942	0.903077	0.420403	0.087821	-0.403528	0.900584	-0.161595
60139	9.549263	0.800470	-1.281505	0.120514	0.132824	0.083336	-0.145796	0.109651	0.983219	0.902710	0.421391	0.086863	-0.404795	0.900226	-0.160420
60140	9.569763	0.775804	-1.275599	0.132111	0.125626	0.078414	-0.144614	0.108830	0.983485	0.902279	0.422505	0.085919	-0.406177	0.899803	-0.159295
60141	9.594678	0.683696	-1.283387	0.144807	0.115243	0.074278	-0.143550	0.108015	0.983731	0.901725	0.423862	0.085043	-0.407780	0.899263	-0.158245
60142	9.615985	0.758124	-1.336674	0.175585	0.109179	0.073719	-0.142474	0.107325	0.983963	0.901104	0.425372	0.084079	-0.409527	0.898632	-0.157316
60143	9.608945	0.883955	-1.302440	0.188696	0.106516	0.076481	-0.141315	0.106789	0.984188	0.900536	0.426787	0.082995	-0.411175	0.898025	-0.156479
60144	9.608728	0.908060	-1.287831	0.180214	0.101322	0.077192	-0.140237	0.106188	0.984407	0.899893	0.428333	0.081993	-0.412948	0.897360	-0.155626
60145	9.557266	0.974494	-1.234171	0.160037	0.097856	0.078468	-0.139224	0.105644	0.984610	0.899328	0.429695	0.081061	-0.414519	0.896773	-0.154833
60146	9.617594	0.983684	-1.306441	0.119765	0.090481	0.075119	-0.138208	0.105135	0.984807	0.898926	0.430701	0.080175	-0.415728	0.896350	-0.154035
60147	9.638784	0.895500	-1.340094	0.088417	0.087142	0.082747	-0.137155	0.104722	0.984998	0.898688	0.431363	0.079275	-0.416590	0.896080	-0.153276
60148	9.631121	0.954205	-1.219607	0.006429	0.083569	0.077481	-0.136145	0.104287	0.985185	0.898759	0.431351	0.078541	-0.416770	0.896136	-0.152455
60149	9.702102	0.967093	-1.491989	-0.129569	0.079490	0.079606	-0.135228	0.103978	0.985343	0.899427	0.430045	0.078057	-0.415626	0.896800	-0.151675
60150	9.673155	0.805728	-1.705240	-0.132916	0.086035	0.092317	-0.134076	0.103582	0.985543	0.900094	0.428768	0.077387	-0.414553	0.897457	-0.150721
60151	9.597423	0.860042	-1.574701	-0.119591	0.091053	0.091276	-0.132958	0.103118	0.985743	0.900683	0.427644	0.076749	-0.413633	0.898046	-0.149735
60152	9.651852	0.747364	-1.640166	-0.135071	0.095038	0.088485	-0.131803	0.102621	0.985950	0.901350	0.426350	0.076118	-0.412549	0.898718	-0.148691
60153	9.673174	0.661846	-1.671287	-0.112942	0.100641	0.086123	-0.130588	0.102042	0.986171	0.901935	0.425232	0.075434	-0.411655	0.899314	-0.147565
60154	9.628293	0.629897	-1.633882	-0.103914	0.108125	0.087905	-0.129386	0.101421	0.986394	0.902468	0.424219	0.074759	-0.410865	0.899862	-0.146417
60155	9.661693	0.733337	-1.731729	-0.082077	0.116202	0.083505	-0.128115	0.100683	0.986635	0.902921	0.423381	0.074040	-0.410268	0.900340	-0.145150
60156	9.609174	0.836633	-1.667899	-0.056966	0.121529	0.084696	-0.126887	0.099926	0.986871	0.903255	0.422794	0.073326	-0.409916	0.900700	-0.143905
60157	9.593576	0.741600	-1.569231	-0.034616	0.124560	0.084510	-0.125609	0.099089	0.987119	0.903477	0.422451	0.072559	-0.409819	0.900953	-0.142589
60158	9.651849	0.550159	-1.497186	-0.011933	0.127244	0.078334	-0.124414	0.098253	0.987354	0.903616	0.422277	0.071841	-0.409878	0.901126	-0.141320
60159	9.713224	0.457626	-1.482466	0.042853	0.130263	0.071562	-0.123323	0.097338	0.987581	0.903483	0.422675	0.071161	-0.410500	0.901039	-0.140068
60160	9.701309	0.490436	-1.410965	0.098571	0.132582	0.074244	-0.122142	0.096436	0.987816	0.903161	0.423502	0.070330	-0.411560	0.900747	-0.138825
60161	9.632272	0.573973	-1.348571	0.130710	0.134236	0.072543	-0.120967	0.095521	0.988050	0.902709	0.424606	0.069469	-0.412896	0.900325	-0.137591
60162	9.664960	0.635681	-1.327745	0.149343	0.130084	0.068048	-0.119849	0.094619	0.988273	0.902165	0.425896	0.068631	-0.414408	0.899811	-0.136405
60163	9.638470	0.709418	-1.198319	0.169143	0.134274	0.068051	-0.118694	0.093607	0.988509	0.901479	0.427485	0.067764	-0.416230	0.899163	-0.135125
60164	9.587307	0.777665	-1.142301	0.161671	0.129359	0.071093	-0.117549	0.092727	0.988728	0.900881	0.428883	0.066882	-0.417847	0.898588	-0.133951
60165	9.611857	0.715394	-1.118365	0.142123	0.121915	0.069322	-0.116373	0.091874	0.988947	0.900359	0.430114	0.065991	-0.419298	0.898087	-0.132774
60166	9.645184	0.577204	-1.058949	0.144221	0.116853	0.069827	-0.115288	0.091104	0.989145	0.899826	0.431356	0.065148	-0.420738	0.897570	-0.131709
60167	9.619579	0.524696	-1.003644	0.165391	0.109340	0.062601	-0.114223	0.090261	0.989346	0.899131	0.432930	0.064310	-0.422513	0.896897	-0.130607
60168	9.661845	0.583946	-1.062092	0.160556	0.106646	0.056351	-0.113300	0.089527	0.989519	0.898507	0.434329	0.063583	-0.424085	0.896294	-0.129650
60169	9.658892	0.615125	-1.071026	0.141473	0.100982	0.051225	-0.112410	0.088794	0.989687	0.897946	0.435586	0.062909	-0.425508	0.895757	-0.128696
60170	9.684154	0.721155	-1.095919	0.100218	0.097973	0.050337	-0.111575	0.088114	0.989842	0.897568	0.436450	0.062321	-0.426525	0.895404	-0.127785
60171	9.726918	0.687408	-1.220237	0.047755	0.099929	0.056107	-0.110600	0.087354	0.990019	0.897371	0.436943	0.061697	-0.427192	0.895238	-0.126715
60172	9.724399	0.625570	-1.294065	0.029313	0.102904	0.050736	-0.109739	0.086632	0.990178	0.897294	0.437172	0.061196	-0.427576	0.895196	-0.125709
60173	9.668743	0.641767	-1.324425	0.011517	0.103079	0.052185	-0.108810	0.085842	0.990349	0.897250	0.437334	0.060674	-0.427905	0.895193	-0.124608
60174	9.644480	0.558323	-1.274937	0.012682	0.103355	0.054542	-0.107912	0.085133	0.990509	0.897247	0.437411	0.060156	-0.428138	0.895223	-0.123587
60175	9.653233	0.635245	-1.127993	0.024308	0.102778	0.053097	-0.106996	0.084399	0.990671	0.897186	0.437610	0.059617	-0.428495	0.895195	-0.122544
60176	9.669895	0.636627	-0.945097	-0.000089	0.092173	0.049930	-0.106186	0.083770	0.990811	0.897232	0.437577	0.059161	-0.428601	0.895270	-0.121626
60177	9.621776	0.501811	-0.803614	0.001753	0.088294	0.049480	-0.105344	0.083079	0.990959	0.897202	0.437704	0.058681	-0.428871	0.895273	-0.120648
60178	9.577457	0.499114	-0.716608	0.001683	0.070762	0.046464	-0.104657	0.082627	0.991070	0.897236	0.437691	0.058257	-0.428968	0.895321	-0.119943
60179	9.601539	0.500897	-0.637424	0.009094	0.052664	0.046866	-0.103977	0.082299	0.991169	0.897231	0.437766	0.057774	-0.429145	0.895314	-0.119359
60180	9.651804	0.581029	-0.599300	0.003183	0.037725	0.039456	-0.103494	0.082112	0.991235	0.897251	0.437772	0.057418	-0.429220	0.895329	-0.118982
60181	9.597550	0.595060	-0.613280	-0.006714	0.016892	0.037427	-0.102985	0.081943	0.991302	0.897212	0.437905	0.057013	-0.429424	0.895279	-0.118618
60182	9.624444	0.575511	-0.716828	-0.015812	0.004759	0.035097	-0.102683	0.082031	0.991326	0.897308	0.437745	0.056722	-0.429295	0.895349	-0.118556
60183	9.663690	0.612169	-0.838310	-0.013131	-0.005797	0.033976	-0.102412	0.082137	0.991345	0.897345	0.437707	0.056436	-0.429283	0.895358	-0.118532
60184	9.648283	0.526826	-0.875962	-0.008542	-0.012106	0.034456	-0.102188	0.082373	0.991349	0.897409	0.437613	0.056143	-0.429202	0.895383	-0.118641
60185	9.639746	0.475714	-1.009144	0.013943	-0.024673	0.023400	-0.102051	0.082641	0.991341	0.897373	0.437719	0.055889	-0.429310	0.895306	-0.118829
60186	9.723119	0.529389	-1.010343	0.031126	-0.020714	0.024785	-0.101950	0.082911	0.991328	0.897257	0.437988	0.055644	-0.429576	0.895149	-0.119046
60187	9.687908	0.634367	-1.140777	0.014057	-0.025914	0.024453	-0.101856	0.083179	0.991316	0.897192	0.438149	0.055421	-0.429734	0.895046	-0.119256
60188	9.707236	0.627384	-1.319759	-0.003681	-0.022257	0.027416	-0.101739	0.083475	0.991303	0.897228	0.438104	0.055192	-0.429687	0.895040	-0.119468
60189	9.709500	0.620906	-1.297632	-0.001181	-0.016215	0.025632	-0.101631	0.083635	0.991300	0.897185	0.438215	0.055011	-0.429802	0.894971	-0.119572
60190	9.715793	0.671644	-1.191521	-0.088240	-0.016145	0.017219	-0.101578	0.083831	0.991289	0.897574	0.437422	0.054984	-0.429002	0.895340	-0.119677
60191	9.786153	0.735335	-1.138194	-0.225409	-0.008562	0.030300	-0.101338	0.083909	0.991307	0.898485	0.435547	0.054983	-0.427148	0.896247	-0.119529
60192	9.724333	0.876311	-0.957401	-0.347446	-0.004158	0.047431	-0.100962	0.084128	0.991327	0.900004	0.432402	0.054966	-0.424027	0.897748	-0.119372
60193	9.694637	0.677578	-1.035060	-0.438514	0.003188	0.054797	-0.100401	0.084325	0.991367	0.901968	0.428296	0.054917	-0.419968	0.899696	-0.119059
60194	9.596627	0.412006	-1.144606	-0.376701	-0.007617	0.046694	-0.100044	0.084569	0.991383	0.903583	0.424875	0.054940	-0.416567	0.901293	-0.118921
60195	9.621269	0.289795	-1.143926	-0.278923	-0.015116	0.035224	-0.099784	0.084789	0.991390	0.904760	0.422363	0.054942	-0.414068	0.902453	-0.118859
60196	9.654071	0.325202	-1.141493	-0.181816	-0.017722	0.030407	-0.099615	0.085054	0.991384	0.905535	0.420706	0.054895	-0.412412	0.903201	-0.118928
60197	9.634098	0.437675	-1.095229	-0.132476	-0.025709	0.021916	-0.099450	0.085245	0.991384	0.906028	0.419655	0.054803	-0.411368	0.903672	-0.118969
60198	9.651738	0.421128	-1.102299	-0.099809	-0.033219	0.017203	-0.099463	0.085594	0.991353	0.906448	0.418749	0.054789	-0.410439	0.904059	-0.119237
60199	9.674802	0.318396	-1.301335	-0.056690	-0.033531	0.010867	-0.099487	0.085821	0.991331	0.906608	0.418406	0.054762	-0.410079	0.904196	-0.119432
60200	9.740279	0.389448	-1.297392	-0.001365	-0.029290	0.012086	-0.099530	0.086113	0.991301	0.906618	0.418394	0.054682	-0.410046	0.904174	-0.119714
60201	9.695689	0.467391	-1.355576	0.015465	-0.022939	0.011486	-0.099428	0.086266	0.991298	0.906518	0.418636	0.054494	-0.410292	0.904048	-0.119826
60202	9.751655	0.570055	-1.243742	-0.010644	-0.014080	0.009158	-0.099435	0.086408	0.991285	0.906563	0.418542	0.054453	-0.410190	0.904077	-0.119952
60203	9.682144	0.691999	-1.164581	-0.064688	-0.005265	0.012992	-0.099340	0.086439	0.991292	0.906804	0.418024	0.054422	-0.409680	0.904314	-0.119910
60204	9.703312	0.919658	-0.973623	-0.182119	-0.008663	0.023027	-0.099199	0.086590	0.991293	0.907564	0.416368	0.054450	-0.408027	0.905064	-0.119889
60205	9.692474	0.765923	-1.000925	-0.258762	-0.013662	0.028877	-0.098963	0.086757	0.991302	0.908614	0.414070	0.054470	-0.405743	0.906101	-0.119806
60206	9.674278	0.639160	-0.898308	-0.287696	-0.020608	0.029295	-0.098812	0.087041	0.991292	0.909799	0.411448	0.054562	-0.403116	0.907268	-0.119846
60207	9.718954	0.714442	-0.737814	-0.353057	-0.019804	0.028418	-0.098613	0.087318	0.991288	0.911286	0.408124	0.054705	-0.399791	0.908741	-0.119818
60208	9.748848	0.954656	-0.440310	-0.521945	-0.009964	0.034949	-0.098366	0.087527	0.991294	0.913388	0.403355	0.055021	-0.395028	0.910848	-0.119623
60209	9.703642	1.067685	-0.482205	-0.736163	-0.013413	0.044194	-0.097988	0.087730	0.991313	0.916259	0.396730	0.055459	-0.388418	0.913734	-0.119259
60210	9.618588	0.758873	-0.859937	-0.805864	-0.018424	0.055539	-0.097582	0.088094	0.991321	0.919406	0.389316	0.055906	-0.381012	0.916882	-0.118984
60211	9.504641	0.478537	-0.959774	-0.716735	-0.052981	0.040051	-0.097428	0.088665	0.991285	0.922123	0.382764	0.056394	-0.374428	0.919581	-0.119052
60212	9.544041	0.164272	-1.115653	-0.590654	-0.069138	0.027349	-0.097465	0.089383	0.991217	0.924338	0.377313	0.056865	-0.368917	0.921762	-0.119395
60213	9.560022	0.001620	-1.238944	-0.455257	-0.081974	0.011950	-0.097643	0.090202	0.991125	0.926093	0.372918	0.057297	-0.364440	0.923469	-0.119949
60214	9.590122	0.071420	-1.436630	-0.317927	-0.091664	-0.002688	-0.098034	0.091017	0.991012	0.927238	0.369994	0.057744	-0.361413	0.924565	-0.120666
60215	9.596556	0.205642	-1.465284	-0.186960	-0.099793	-0.014532	-0.098488	0.091849	0.990890	0.927917	0.368233	0.058096	-0.359543	0.925185	-0.121495
60216	9.684280	0.400528	-1.512742	-0.099680	-0.095557	-0.023397	-0.099081	0.092625	0.990759	0.928245	0.367344	0.058486	-0.358532	0.925462	-0.122375
60217	9.682858	0.526306	-1.440613	-0.073459	-0.088837	-0.022435	-0.099534	0.093385	0.990642	0.928572	0.366474	0.058751	-0.357558	0.925730	-0.123191
60218	9.728613	0.564150	-1.293385	-0.125325	-0.083679	-0.027725	-0.100122	0.094036	0.990521	0.928985	0.365350	0.059217	-0.356319	0.926108	-0.123938
60219	9.815649	0.680965	-1.027898	-0.193900	-0.058830	-0.014696	-0.100479	0.094512	0.990440	0.929680	0.363511	0.059628	-0.354401	0.926783	-0.124391
60220	9.719697	0.808453	-1.040359	-0.322138	-0.047194	-0.010870	-0.100780	0.094888	0.990374	0.930799	0.360545	0.060173	-0.351365	0.927903	-0.124658
60221	9.703418	0.788044	-1.224613	-0.349727	-0.055503	-0.005248	-0.101030	0.095389	0.990300	0.932062	0.357180	0.060683	-0.347927	0.929152	-0.124995
60222	9.628026	0.807029	-1.089206	-0.332705	-0.070394	-0.006535	-0.101367	0.095999	0.990207	0.933201	0.354104	0.061202	-0.344761	0.930266	-0.125481
60223	9.578476	0.604034	-1.193703	-0.340422	-0.081320	-0.012055	-0.101783	0.096724	0.990093	0.934406	0.350809	0.061787	-0.341357	0.931438	-0.126086
60224	9.601969	0.482244	-1.388939	-0.290917	-0.087422	-0.015498	-0.102258	0.097464	0.989972	0.935373	0.348124	0.062345	-0.338556	0.932368	-0.126763
60225	9.592452	0.446109	-1.508017	-0.219209	-0.087225	-0.019018	-0.102706	0.098123	0.989860	0.936048	0.346222	0.062802	-0.336549	0.933007	-0.127407
60226	9.648718	0.485182	-1.436486	-0.155674	-0.085551	-0.024645	-0.103256	0.098815	0.989734	0.936539	0.344804	0.063281	-0.335011	0.933459	-0.128147
60227	9.679593	0.618463	-1.386011	-0.140255	-0.062202	-0.023358	-0.103672	0.099333	0.989639	0.937049	0.343338	0.063701	-0.333453	0.933944	-0.128675
60228	9.677343	0.656273	-1.381749	-0.168116	-0.060902	-0.026866	-0.104159	0.099789	0.989542	0.937574	0.341805	0.064220	-0.331822	0.934458	-0.129161
60229	9.681037	0.468090	-1.465899	-0.143743	-0.060994	-0.025687	-0.104573	0.100262	0.989450	0.938061	0.340386	0.064650	-0.330313	0.934925	-0.129647
60230	9.662265	0.431548	-1.327715	-0.085847	-0.063684	-0.034365	-0.105138	0.100719	0.989344	0.938301	0.339629	0.065138	-0.329449	0.935151	-0.130213
60231	9.645940	0.385452	-1.346222	-0.017598	-0.068707	-0.051744	-0.105826	0.101222	0.989219	0.938391	0.339277	0.065672	-0.328972	0.935225	-0.130890
60232	9.589977	0.293281	-1.271306	0.078627	-0.069468	-0.055268	-0.106606	0.101663	0.989090	0.938067	0.340079	0.066152	-0.329643	0.934886	-0.131621
60233	9.597088	0.551549	-1.031073	0.116703	-0.078386	-0.065051	-0.107447	0.102115	0.988953	0.937592	0.341294	0.066626	-0.330720	0.934393	-0.132413
60234	9.613625	0.541510	-1.046112	0.134130	-0.086950	-0.074837	-0.108469	0.102650	0.988786	0.937061	0.342634	0.067224	-0.331892	0.933844	-0.133354
60235	9.518300	0.581016	-0.933304	0.169069	-0.102383	-0.075012	-0.109462	0.103350	0.988603	0.936468	0.344156	0.067711	-0.333236	0.933207	-0.134456
60236	9.616020	0.517566	-0.874249	0.211708	-0.120916	-0.086502	-0.110708	0.104158	0.988380	0.935659	0.346231	0.068316	-0.335092	0.932349	-0.135787
60237	9.590061	0.409335	-0.864926	0.291046	-0.140103	-0.095894	-0.112130	0.105119	0.988118	0.934591	0.348981	0.068930	-0.337589	0.931215	-0.137374
60238	9.536345	0.407096	-0.724182	0.395583	-0.168959	-0.101167	-0.113680	0.106314	0.987813	0.933128	0.352779	0.069418	-0.341100	0.929647	-0.139309
60239	9.475753	0.511482	-0.583238	0.474564	-0.197376	-0.098200	-0.115323	0.107761	0.987466	0.931380	0.357297	0.069781	-0.345299	0.927753	-0.141571
60240	9.527212	0.740684	-0.149784	0.408820	-0.234197	-0.096811	-0.117068	0.109562	0.987062	0.929842	0.361202	0.070189	-0.348839	0.926029	-0.144161
60241	9.519420	0.626098	-0.459593	0.259983	-0.254817	-0.101352	-0.118863	0.111553	0.986624	0.928877	0.363558	0.070800	-0.350797	0.924868	-0.146832
60242	9.607250	0.665461	-0.592364	0.240802	-0.271557	-0.102809	-0.120804	0.113666	0.986147	0.927900	0.365910	0.071493	-0.352715	0.923683	-0.149674
60243	9.583177	0.728069	-0.909048	0.158474	-0.294490	-0.100702	-0.122798	0.116024	0.985626	0.927285	0.367309	0.072291	-0.353642	0.922834	-0.152692
60244	9.558001	0.695460	-1.275801	0.129479	-0.307248	-0.102465	-0.124867	0.118459	0.985076	0.926693	0.368634	0.073137	-0.354469	0.921996	-0.155806
60245	9.499872	0.702116	-1.451312	0.120224	-0.315620	-0.106241	-0.126891	0.120972	0.984512	0.926212	0.369679	0.073953	-0.355008	0.921251	-0.158955
60246	9.503948	0.584261	-1.615980	0.119131	-0.319680	-0.114290	-0.129117	0.123471	0.983913	0.925635	0.370927	0.074922	-0.355709	0.920418	-0.162182
60247	9.551814	0.377699	-1.631047	0.185396	-0.317608	-0.120471	-0.131462	0.125955	0.983287	0.924867	0.372635	0.075919	-0.356845	0.919390	-0.165479
60248	9.578515	0.430459	-1.403070	0.252956	-0.323268	-0.126864	-0.133823	0.128428	0.982648	0.923787	0.375131	0.076779	-0.358761	0.918032	-0.168842
60249	9.584732	0.579051	-1.277070	0.262999	-0.323085	-0.129905	-0.136213	0.130945	0.981987	0.922769	0.377446	0.077668	-0.360477	0.916727	-0.172245
60250	9.584663	0.936486	-1.204394	0.229709	-0.334192	-0.132267	-0.138672	0.133483	0.981301	0.921750	0.379736	0.078602	-0.362143	0.915414	-0.175697
60251	9.563664	1.125297	-1.246110	0.183503	-0.350099	-0.133666	-0.141214	0.136253	0.980558	0.921037	0.381239	0.079667	-0.362973	0.914380	-0.179330
60252	9.480188	1.214006	-1.402707	0.116337	-0.357119	-0.122154	-0.143667	0.139028	0.979812	0.920433	0.382481	0.080689	-0.363541	0.913444	-0.182916
60253	9.395830	1.010169	-1.600600	0.068897	-0.374358	-0.118679	-0.146210	0.141996	0.979010	0.920060	0.383135	0.081836	-0.363473	0.912713	-0.186663
60254	9.456132	0.727707	-1.588513	0.092902	-0.384976	-0.119144	-0.148737	0.145028	0.978184	0.919539	0.384164	0.082862	-0.363766	0.911803	-0.190499
60255	9.531062	0.891018	-1.580915	0.092714	-0.389645	-0.128615	-0.151453	0.148086	0.977309	0.919048	0.385074	0.084077	-0.363885	0.910927	-0.194418
60256	9.568774	1.125408	-1.652730	-0.011450	-0.385707	-0.119322	-0.153983	0.151116	0.976449	0.918900	0.385158	0.085300	-0.363197	0.910394	-0.198169
60257	9.402547	1.157497	-1.883299	-0.093834	-0.390117	-0.108434	-0.156410	0.154280	0.975568	0.919171	0.384220	0.086606	-0.361471	0.910260	-0.201905
60258	9.503517	0.989416	-2.186025	-0.121333	-0.406190	-0.108890	-0.158907	0.157537	0.974644	0.919429	0.383296	0.087951	-0.359721	0.910092	-0.205752
60259	9.592467	0.650565	-2.145372	-0.076298	-0.411933	-0.109932	-0.161384	0.160945	0.973680	0.919682	0.382392	0.089226	-0.357967	0.909875	-0.209730
60260	9.550426	0.872159	-1.874326	-0.086807	-0.410146	-0.121558	-0.163999	0.164190	0.972700	0.919786	0.381811	0.090629	-0.356507	0.909540	-0.213636
60261	9.478398	1.651255	-1.772688	-0.338148	-0.402761	-0.120142	-0.166539	0.167449	0.971713	0.920903	0.378638	0.092582	-0.352424	0.910271	-0.217262
60262	9.377839	1.897295	-2.164125	-0.625901	-0.381299	-0.094201	-0.168770	0.170547	0.970788	0.922923	0.373105	0.094902	-0.346020	0.911980	-0.220371
60263	9.227783	1.424119	-2.789861	-0.697150	-0.364061	-0.076912	-0.170783	0.173674	0.969882	0.925309	0.366517	0.097303	-0.338580	0.914058	-0.223297
60264	9.432857	0.780027	-2.953070	-0.495093	-0.370032	-0.077809	-0.172778	0.176754	0.968972	0.926831	0.362135	0.099206	-0.333364	0.915214	-0.226390
60265	9.487472	0.553469	-2.520210	-0.242280	-0.364978	-0.076820	-0.174776	0.179896	0.968034	0.927609	0.359745	0.100623	-0.330144	0.915544	-0.229748
60266	9.450874	0.951396	-2.062106	-0.101160	-0.375769	-0.078507	-0.176774	0.183033	0.967083	0.927796	0.358972	0.101652	-0.328550	0.915226	-0.233274
60267	9.402191	1.331380	-1.682219	-0.128151	-0.385290	-0.081435	-0.178894	0.186366	0.966056	0.928179	0.357628	0.102888	-0.326314	0.915079	-0.236958
60268	9.376040	1.574586	-1.522476	-0.232020	-0.399242	-0.068622	-0.180860	0.189754	0.965030	0.928802	0.355643	0.104140	-0.323445	0.915156	-0.240566
60269	9.231385	1.767533	-1.526186	-0.394661	-0.420418	-0.052411	-0.182785	0.193558	0.963911	0.930125	0.351685	0.105759	-0.318522	0.915889	-0.244316
60270	9.223325	1.747153	-2.215709	-0.547400	-0.434815	-0.035730	-0.184523	0.197398	0.962801	0.931779	0.346747	0.107486	-0.312631	0.916952	-0.247915
60271	9.216196	1.335869	-2.833240	-0.503442	-0.442028	-0.025228	-0.186161	0.201484	0.961638	0.933426	0.341783	0.109088	-0.306692	0.917926	-0.251697
60272	9.331528	1.114411	-2.967086	-0.318156	-0.436571	-0.024779	-0.187756	0.205388	0.960502	0.934342	0.338922	0.110169	-0.302908	0.918122	-0.255537
60273	9.431517	1.094101	-3.068963	-0.206247	-0.422671	-0.017901	-0.189232	0.209311	0.959365	0.935047	0.336706	0.110974	-0.299796	0.918051	-0.259431
60274	9.371685	1.041111	-3.031670	-0.132567	-0.404388	-0.018512	-0.190647	0.212941	0.958285	0.935401	0.335538	0.111534	-0.297791	0.917644	-0.263154
60275	9.285660	1.061198	-2.702123	-0.105427	-0.397099	-0.016923	-0.191974	0.216585	0.957203	0.935786	0.334292	0.112040	-0.295719	0.917246	-0.266853
60276	9.318208	1.350811	-2.719727	-0.144359	-0.374824	-0.006501	-0.193173	0.219982	0.956186	0.936192	0.332991	0.112525	-0.293648	0.916910	-0.270270
60277	9.214869	1.663608	-2.768295	-0.222086	-0.367484	0.007433	-0.194240	0.223428	0.955171	0.936924	0.330704	0.113172	-0.290593	0.916905	-0.273571
60278	9.288421	1.663164	-2.824376	-0.316864	-0.380025	0.014987	-0.195230	0.226944	0.954139	0.937861	0.327774	0.113937	-0.286885	0.917094	-0.276833
60279	9.387523	1.479598	-2.863227	-0.349856	-0.374105	0.012025	-0.196255	0.230437	0.953091	0.938922	0.324377	0.114910	-0.282681	0.917430	-0.280023
60280	9.335968	1.273695	-3.077399	-0.394857	-0.367646	0.014925	-0.197180	0.233840	0.952071	0.940052	0.320728	0.115916	-0.278250	0.917852	-0.283063
60281	9.359685	0.824550	-3.655094	-0.363248	-0.355473	0.008376	-0.198135	0.237188	0.951044	0.941138	0.317137	0.116977	-0.273866	0.918241	-0.286063
60282	9.329887	0.474278	-3.976383	-0.213146	-0.320797	-0.007250	-0.199111	0.240093	0.950111	0.941697	0.315207	0.117695	-0.271223	0.918150	-0.288856
60283	9.400111	0.598852	-3.913375	-0.035973	-0.296221	-0.013759	-0.200070	0.242779	0.949226	0.941799	0.314789	0.117993	-0.270159	0.917587	-0.291629
60284	9.454118	1.082617	-3.623443	-0.025788	-0.256708	-0.012276	-0.200913	0.245077	0.948457	0.941837	0.314591	0.118221	-0.269403	0.917044	-0.294028
60285	9.332645	1.528461	-3.338926	-0.139723	-0.227899	-0.000544	-0.201552	0.247148	0.947784	0.942224	0.313252	0.118684	-0.267563	0.916946	-0.296006
60286	9.306105	1.713445	-3.347819	-0.268465	-0.212187	0.001125	-0.202140	0.249080	0.947153	0.942933	0.310797	0.119507	-0.264605	0.917259	-0.297690
60287	9.279284	1.836795	-3.319264	-0.377996	-0.200319	0.005172	-0.202658	0.250900	0.946562	0.943939	0.307286	0.120646	-0.260595	0.917946	-0.299108
60288	9.177629	1.785271	-3.695424	-0.405441	-0.188368	0.014528	-0.203042	0.252657	0.946012	0.945008	0.303536	0.121759	-0.256385	0.918711	-0.300393
60289	9.342516	1.785631	-3.871439	-0.377675	-0.164060	0.033074	-0.203178	0.254240	0.945558	0.946039	0.299952	0.122631	-0.252444	0.919451	-0.301465
60290	9.384791	1.629503	-3.975973	-0.367498	-0.132674	0.059669	-0.202980	0.255621	0.945229	0.947074	0.296429	0.123212	-0.248698	0.920211	-0.302261
60291	9.359578	1.354692	-3.800354	-0.299141	-0.119360	0.064071	-0.202709	0.256871	0.944948	0.947939	0.293500	0.123567	-0.245601	0.920801	-0.302993
60292	9.350288	1.395853	-3.117790	-0.357127	-0.108541	0.064993	-0.202392	0.258043	0.944696	0.948934	0.290052	0.124072	-0.241995	0.921566	-0.303570
60293	9.108795	1.521999	-3.272193	-0.418195	-0.099098	0.065755	-0.202041	0.259123	0.944476	0.950067	0.286018	0.124766	-0.237808	0.922523	-0.303972
60294	9.277728	1.596470	-3.091056	-0.420939	-0.090756	0.071167	-0.201613	0.260146	0.944286	0.951195	0.281958	0.125410	-0.233624	0.923485	-0.304296
60295	9.348272	1.548839	-3.243020	-0.437981	-0.067278	0.082574	-0.201020	0.260977	0.944183	0.952371	0.277689	0.126008	-0.229304	0.924543	-0.304368
60296	9.256573	1.501417	-3.204560	-0.388218	-0.071445	0.088113	-0.200377	0.261864	0.944074	0.953423	0.273877	0.126394	-0.225462	0.925429	-0.304546
60297	9.255344	1.505116	-3.206372	-0.371517	-0.091128	0.095030	-0.199713	0.262946	0.943914	0.954438	0.270189	0.126673	-0.221727	0.926206	-0.304926
60298	9.274283	1.299889	-3.292948	-0.370919	-0.096259	0.101898	-0.198986	0.264095	0.943747	0.955449	0.266494	0.126879	-0.217994	0.926949	-0.305358
60299	9.289618	1.024271	-3.297482	-0.289783	-0.102224	0.108356	-0.198211	0.265306	0.943570	0.956287	0.263512	0.126790	-0.215004	0.927456	-0.305940
60300	9.394499	1.043689	-3.113389	-0.211589	-0.095513	0.112228	-0.197376	0.266470	0.943417	0.956955	0.261261	0.126415	-0.212792	0.927759	-0.306567
60301	9.329630	1.000718	-3.167119	-0.177436	-0.075896	0.120434	-0.196424	0.267468	0.943334	0.957562	0.259292	0.125868	-0.210933	0.928024	-0.307049
60302	9.305920	0.624895	-3.222742	-0.108599	-0.060567	0.116380	-0.195472	0.268316	0.943291	0.958011	0.257982	0.125140	-0.209775	0.928144	-0.307477
60303	9.374091	0.316040	-3.118607	0.025325	-0.042840	0.099374	-0.194648	0.268945	0.943282	0.958148	0.257943	0.124172	-0.209918	0.927973	-0.307897
60304	9.320356	0.276959	-3.005040	0.191861	-0.028694	0.082536	-0.193953	0.269408	0.943293	0.957896	0.259511	0.122838	-0.211701	0.927401	-0.308398
60305	9.246834	0.622398	-2.983747	0.316733	-0.012545	0.059543	-0.193448	0.269658	0.943325	0.957331	0.262284	0.121344	-0.214697	0.926548	-0.308891
60306	9.300711	0.912634	-2.863253	0.340465	-0.002818	0.039134	-0.193114	0.269772	0.943361	0.956663	0.265341	0.119958	-0.217951	0.925644	-0.309322
60307	9.148515	0.927020	-2.696376	0.314903	-0.016494	0.027801	-0.192923	0.269981	0.943340	0.956019	0.268185	0.118763	-0.220926	0.924763	-0.309846
60308	9.054996	1.060602	-2.590817	0.144533	-0.057088	0.022898	-0.192866	0.270554	0.943188	0.955736	0.269469	0.118134	-0.222198	0.924222	-0.310549
60309	9.125752	1.151715	-3.050881	0.038653	-0.065282	0.009996	-0.192952	0.271161	0.942996	0.955664	0.269796	0.117964	-0.222430	0.923949	-0.311196
60310	9.256598	1.281282	-2.862781	0.029571	-0.063869	0.012290	-0.193012	0.271768	0.942809	0.955615	0.270046	0.117792	-0.222590	0.923698	-0.311827
60311	9.217778	1.320226	-2.977920	-0.030443	-0.065636	0.013122	-0.193069	0.272388	0.942618	0.955702	0.269731	0.117805	-0.222165	0.923607	-0.312399
60312	9.204699	1.308048	-3.147994	-0.060120	-0.063680	0.005084	-0.193197	0.272973	0.942423	0.955838	0.269172	0.117981	-0.221468	0.923597	-0.312922
60313	9.177723	1.232769	-3.145706	-0.056252	-0.067975	0.004905	-0.193338	0.273594	0.942214	0.955967	0.268640	0.118154	-0.220790	0.923569	-0.313485
60314	9.180138	1.189785	-3.032378	-0.067673	-0.068737	0.011726	-0.193412	0.274244	0.942010	0.956131	0.267993	0.118292	-0.220011	0.923564	-0.314046
60315	9.283910	1.226843	-3.033963	-0.072902	-0.077940	0.009858	-0.193525	0.274964	0.941776	0.956308	0.267281	0.118474	-0.219143	0.923556	-0.314676
60316	9.240028	1.197750	-3.009711	-0.063168	-0.075611	0.013253	-0.193598	0.275682	0.941552	0.956464	0.266672	0.118585	-0.218393	0.923518	-0.315307
60317	9.180265	1.085201	-3.010802	-0.037858	-0.074960	0.012502	-0.193679	0.276385	0.941329	0.956567	0.266284	0.118630	-0.217873	0.923420	-0.315955
60318	9.216457	1.161266	-3.221240	-0.009003	-0.074168	0.012705	-0.193754	0.277088	0.941107	0.956603	0.266176	0.118575	-0.217644	0.923240	-0.316636
60319	9.208083	1.201832	-3.292072	0.020419	-0.068536	0.023796	-0.193713	0.277762	0.940917	0.956600	0.266297	0.118330	-0.217695	0.923003	-0.317292
60320	9.270701	1.139459	-3.288332	0.056741	-0.066724	0.023602	-0.193667	0.278424	0.940730	0.956515	0.266765	0.117964	-0.218110	0.922668	-0.317980
60321	9.285198	1.152825	-3.294155	0.101873	-0.061865	0.022177	-0.193628	0.279033	0.940558	0.956330	0.267642	0.117474	-0.218953	0.922230	-0.318671
60322	9.251017	1.078180	-3.314749	0.155600	-0.047471	0.017479	-0.193600	0.279501	0.940424	0.956015	0.269037	0.116849	-0.220350	0.921682	-0.319293
60323	9.290631	0.936406	-3.356730	0.232379	-0.034586	0.016426	-0.193558	0.279847	0.940330	0.955524	0.271146	0.115991	-0.222507	0.920959	-0.319883
60324	9.371698	1.047985	-3.345286	0.340186	-0.015079	0.020240	-0.193434	0.280024	0.940303	0.954793	0.274231	0.114748	-0.225728	0.919991	-0.320411
60325	9.300871	1.084737	-3.088029	0.415666	0.000735	0.034223	-0.193143	0.280091	0.940343	0.953908	0.277956	0.113137	-0.229685	0.918852	-0.320866
60326	8.953086	1.240476	-2.803369	0.333420	-0.041751	0.032039	-0.192969	0.280547	0.940243	0.953192	0.280938	0.111801	-0.232785	0.917806	-0.321627
60327	9.033668	1.450418	-2.761974	0.237144	-0.064419	0.027654	-0.192892	0.281192	0.940066	0.952687	0.283030	0.110822	-0.234904	0.916965	-0.322482
60328	9.071296	1.665634	-2.623847	0.089478	-0.072175	0.042601	-0.192691	0.281957	0.939878	0.952552	0.283740	0.110169	-0.235618	0.916511	-0.323253
60329	9.099969	1.742262	-2.857293	-0.122579	-0.068171	0.045666	-0.192452	0.282686	0.939708	0.952924	0.282481	0.110181	-0.234303	0.916675	-0.323743
60330	9.136807	1.459363	-3.247951	-0.236237	-0.082738	0.041399	-0.192285	0.283544	0.939483	0.953547	0.280208	0.110594	-0.231893	0.917107	-0.324253
60331	9.256774	1.127015	-3.387722	-0.246393	-0.079234	0.038158	-0.192140	0.284352	0.939269	0.954186	0.277830	0.111082	-0.229371	0.917581	-0.324707
60332	9.218773	0.637751	-3.448625	-0.191206	-0.079486	0.030579	-0.192064	0.285149	0.939043	0.954674	0.275999	0.111452	-0.227394	0.917886	-0.325234
