// General information: 
//  MT Manager version: 2022.2.0 
//  XDA version: 2022.2.0 build 7381 rev 124627 built on 2023-07-19
// Device information: 
//  DeviceId: 00B4CBA7
//  ProductCode: MTW2-3A7G6
//  Firmware Version: 4.6.0
//  Hardware Version: 2.0.0
// Device settings: 
//  Filter Profile: human(46.1)
//  Option Flags: Orientation Smoother Disabled, Position/Velocity Smoother Disabled, Continuous Zero Rotation Update Disabled, AHS Disabled, ICC Disabled
// Coordinate system: ENU
PacketCounter	Acc_X	Acc_Y	Acc_Z	Gyr_X	Gyr_Y	Gyr_Z	Mat[1][1]	Mat[2][1]	Mat[3][1]	Mat[1][2]	Mat[2][2]	Mat[3][2]	Mat[1][3]	Mat[2][3]	Mat[3][3]
07477	9.726000	0.168486	-1.127327	0.032536	0.035124	0.011444	0.082366	0.056758	0.994985	0.358512	-0.933228	0.023557	0.929884	0.354774	-0.097215
07478	9.723653	0.166380	-1.069478	0.030811	0.034448	0.014694	0.082078	0.056544	0.995021	0.358784	-0.933126	0.023431	0.929805	0.355075	-0.096876
07479	9.735747	0.136105	-0.945386	0.033805	0.038103	0.014745	0.081754	0.056305	0.995061	0.359210	-0.932966	0.023278	0.929669	0.355533	-0.096499
07480	9.748826	0.096139	-0.897521	0.034477	0.040714	0.011315	0.081396	0.056100	0.995102	0.359519	-0.932850	0.023183	0.929581	0.355871	-0.096099
07481	9.723498	0.121418	-0.741605	-0.002233	0.041126	0.006308	0.081016	0.055928	0.995142	0.359661	-0.932796	0.023144	0.929559	0.356039	-0.095686
07482	9.675032	0.335434	-0.618128	-0.106856	0.038596	0.007497	0.080663	0.055767	0.995180	0.358659	-0.933180	0.023222	0.929977	0.355058	-0.095274
07483	9.735560	0.254075	-0.742663	-0.183385	0.040357	0.014438	0.080319	0.055529	0.995221	0.357227	-0.933728	0.023269	0.930558	0.353651	-0.094832
07484	9.727286	0.121886	-0.784261	-0.183749	0.035265	0.011209	0.080010	0.055346	0.995256	0.355505	-0.934382	0.023381	0.931243	0.351948	-0.094435
07485	9.773526	-0.011251	-0.911457	-0.143109	0.029560	0.009486	0.079753	0.055182	0.995286	0.354198	-0.934876	0.023451	0.931764	0.350658	-0.094104
07486	9.793936	-0.038436	-0.951358	-0.065916	0.035092	0.016285	0.079463	0.054952	0.995322	0.353568	-0.935116	0.023401	0.932028	0.350055	-0.093736
07487	9.746521	0.083526	-0.839605	-0.021199	0.029583	0.013833	0.079203	0.054752	0.995354	0.353592	-0.935110	0.023301	0.932041	0.350104	-0.093424
07488	9.748166	0.154153	-0.977999	-0.002230	0.023978	0.011077	0.078999	0.054609	0.995378	0.353560	-0.935123	0.023243	0.932070	0.350090	-0.093181
07489	9.708843	0.096471	-1.000565	0.033692	0.023596	0.012208	0.078804	0.054444	0.995402	0.354015	-0.934954	0.023111	0.931914	0.350566	-0.092952
07490	9.720473	0.146828	-0.942382	0.068669	0.021528	0.008307	0.078612	0.054336	0.995423	0.354646	-0.934718	0.023015	0.931690	0.351213	-0.092750
07491	9.713628	0.234123	-0.818993	0.075168	0.027541	0.014121	0.078385	0.054148	0.995452	0.355519	-0.934390	0.022832	0.931376	0.352113	-0.092493
07492	9.718541	0.243239	-0.849197	0.053902	0.020934	0.012751	0.078215	0.054001	0.995473	0.356009	-0.934207	0.022705	0.931204	0.352621	-0.092294
07493	9.746684	0.165220	-0.813850	0.059579	0.021653	0.008682	0.078007	0.053882	0.995496	0.357012	-0.933827	0.022569	0.930837	0.353644	-0.092081
07494	9.735782	0.131751	-0.769437	0.074213	0.014632	0.008449	0.077880	0.053797	0.995510	0.357694	-0.933568	0.022467	0.930586	0.354339	-0.091949
07495	9.703303	0.196064	-0.769010	0.078922	0.018937	0.005252	0.077697	0.053721	0.995529	0.358664	-0.933199	0.022365	0.930228	0.355322	-0.091774
07496	9.708699	0.246159	-0.602619	0.037458	0.015015	0.003328	0.077548	0.053681	0.995542	0.359007	-0.933067	0.022348	0.930108	0.355674	-0.091630
07497	9.668746	0.380920	-0.579973	-0.083419	0.016846	0.003923	0.077383	0.053615	0.995559	0.358336	-0.933324	0.022411	0.930380	0.355010	-0.091435
07498	9.701810	0.396170	-0.641747	-0.183309	0.010061	0.014299	0.077319	0.053491	0.995570	0.356617	-0.933980	0.022486	0.931046	0.353298	-0.091291
07499	9.784509	0.256870	-0.527534	-0.279955	0.015571	0.018657	0.077231	0.053289	0.995588	0.353956	-0.934989	0.022588	0.932068	0.350650	-0.091072
07500	9.681532	0.111303	-0.773935	-0.314257	0.020574	0.028381	0.077119	0.052997	0.995612	0.351001	-0.936101	0.022641	0.933194	0.347715	-0.090793
07501	9.753222	0.000674	-0.780930	-0.232557	0.015803	0.029334	0.077057	0.052699	0.995633	0.348877	-0.936896	0.022589	0.933995	0.345613	-0.090580
07502	9.711052	0.023888	-0.814606	-0.190975	0.004902	0.025756	0.077080	0.052486	0.995642	0.347070	-0.937568	0.022555	0.934666	0.343819	-0.090484
07503	9.769002	0.023957	-0.953515	-0.141083	-0.006058	0.017872	0.077180	0.052365	0.995641	0.345838	-0.938024	0.022526	0.935115	0.342592	-0.090506
07504	9.724806	0.019064	-1.110005	-0.075424	-0.009419	0.016591	0.077305	0.052287	0.995636	0.345118	-0.938290	0.022479	0.935370	0.341874	-0.090579
07505	9.782624	0.019290	-1.249864	-0.012725	-0.010467	0.009983	0.077410	0.052267	0.995628	0.345301	-0.938225	0.022406	0.935294	0.342057	-0.090675
07506	9.806533	0.093421	-1.312940	0.058337	-0.003151	0.007080	0.077444	0.052256	0.995626	0.345839	-0.938028	0.022333	0.935093	0.342596	-0.090717
07507	9.771016	0.155641	-1.258366	0.109865	0.011918	0.013434	0.077360	0.052131	0.995639	0.347106	-0.937565	0.022120	0.934630	0.343881	-0.090625
07508	9.749388	0.169556	-1.236084	0.131680	0.017867	0.009342	0.077206	0.052027	0.995657	0.348327	-0.937116	0.021958	0.934188	0.345119	-0.090473
07509	9.740166	0.144331	-1.169384	0.142976	0.029807	0.013076	0.076962	0.051839	0.995685	0.349646	-0.936630	0.021739	0.933716	0.346464	-0.090210
07510	9.748047	0.091525	-1.090581	0.135928	0.031907	0.008469	0.076673	0.051695	0.995715	0.350906	-0.936162	0.021582	0.933266	0.347748	-0.089918
07511	9.719540	0.003184	-0.992166	0.155949	0.037086	0.007574	0.076335	0.051522	0.995750	0.352378	-0.935613	0.021397	0.932740	0.349247	-0.089575
07512	9.744277	0.114289	-0.853741	0.177054	0.041914	0.007875	0.075951	0.051347	0.995789	0.354020	-0.934997	0.021210	0.932149	0.350919	-0.089192
07513	9.797357	0.249960	-0.647178	0.131944	0.053564	0.007612	0.075470	0.051110	0.995837	0.354925	-0.934657	0.021071	0.931844	0.351857	-0.088679
07514	9.636553	0.353868	-0.409547	0.059432	0.053391	0.009618	0.074986	0.050877	0.995886	0.355469	-0.934453	0.020973	0.931675	0.352434	-0.088156
07515	9.753256	0.450166	-0.189213	-0.138151	0.029391	0.009385	0.074731	0.050714	0.995913	0.354164	-0.934947	0.021034	0.932193	0.351145	-0.087830
07516	9.743085	0.268232	-0.451508	-0.244599	0.032509	0.017347	0.074468	0.050483	0.995945	0.351868	-0.935811	0.021126	0.933083	0.348868	-0.087451
07517	9.793505	0.102627	-0.349084	-0.283707	0.037486	0.023850	0.074182	0.050162	0.995982	0.349277	-0.936780	0.021165	0.934078	0.346304	-0.087013
07518	9.699845	0.109063	-0.449020	-0.329585	0.038951	0.017026	0.073857	0.049913	0.996019	0.346182	-0.937925	0.021332	0.935256	0.343228	-0.086552
07519	9.723761	0.065187	-0.642573	-0.318493	0.017099	0.018590	0.073729	0.049718	0.996038	0.343496	-0.938909	0.021440	0.936255	0.340555	-0.086303
07520	9.681177	-0.028770	-0.810766	-0.227004	0.004178	0.018198	0.073732	0.049579	0.996045	0.341355	-0.939689	0.021504	0.937038	0.338419	-0.086209
07521	9.678903	0.033361	-0.918763	-0.145875	-0.009385	0.018755	0.073863	0.049474	0.996040	0.340184	-0.940114	0.021469	0.937453	0.337251	-0.086270
07522	9.717005	0.060882	-1.015168	-0.067888	-0.014304	0.011536	0.074016	0.049460	0.996030	0.339537	-0.940348	0.021463	0.937676	0.336600	-0.086394
07523	9.714484	0.140481	-1.025182	-0.012801	-0.016455	0.015145	0.074204	0.049405	0.996018	0.339413	-0.940395	0.021360	0.937706	0.336476	-0.086550
07524	9.733905	0.203163	-1.055883	0.030439	-0.005354	0.011692	0.074274	0.049359	0.996016	0.339687	-0.940298	0.021267	0.937601	0.336754	-0.086607
07525	9.733873	0.201577	-1.056482	0.064318	-0.004973	0.010622	0.074344	0.049300	0.996013	0.339968	-0.940199	0.021161	0.937494	0.337040	-0.086658
07526	9.739437	0.138829	-1.003549	0.084275	0.002278	0.013695	0.074349	0.049209	0.996017	0.340746	-0.939921	0.021002	0.937211	0.337827	-0.086650
07527	9.732900	0.133266	-0.894283	0.093573	0.007003	0.016513	0.074316	0.049055	0.996027	0.341574	-0.939625	0.020791	0.936912	0.338672	-0.086586
07528	9.738518	0.069981	-0.840352	0.099840	0.008054	0.019209	0.074287	0.048893	0.996038	0.342493	-0.939295	0.020564	0.936579	0.339609	-0.086523
07529	9.720625	0.013352	-0.787660	0.112724	0.004672	0.015925	0.074294	0.048751	0.996044	0.343282	-0.939012	0.020355	0.936289	0.340412	-0.086498
07530	9.758788	0.056644	-0.783758	0.125112	0.003518	0.019203	0.074307	0.048604	0.996050	0.344437	-0.938594	0.020105	0.935864	0.341582	-0.086485
07531	9.686586	0.101145	-0.611962	0.115952	-0.003227	0.012538	0.074359	0.048536	0.996050	0.345878	-0.938069	0.019890	0.935328	0.343032	-0.086542
07532	9.710938	0.211911	-0.476309	0.044940	0.008273	0.011757	0.074302	0.048443	0.996058	0.346287	-0.937920	0.019784	0.935181	0.343452	-0.086465
07533	9.768732	0.320660	-0.502523	-0.103734	-0.000907	0.012084	0.074332	0.048366	0.996060	0.345646	-0.938157	0.019761	0.935416	0.342815	-0.086452
07534	9.807584	0.275487	-0.511413	-0.209632	0.007881	0.018507	0.074302	0.048211	0.996070	0.343668	-0.938882	0.019807	0.936147	0.340846	-0.086329
07535	9.741222	0.205872	-0.581617	-0.260367	0.008679	0.019696	0.074267	0.048022	0.996081	0.341284	-0.939750	0.019860	0.937022	0.338471	-0.086181
07536	9.734749	0.184191	-0.570589	-0.285908	0.003297	0.019816	0.074283	0.047870	0.996088	0.338587	-0.940724	0.019959	0.937998	0.335779	-0.086088
07537	9.739718	0.195399	-0.602360	-0.269269	-0.006181	0.020839	0.074397	0.047739	0.996085	0.336399	-0.941507	0.019998	0.938776	0.333595	-0.086105
07538	9.716302	0.184319	-0.703415	-0.256458	-0.019258	0.017771	0.074618	0.047681	0.996072	0.333976	-0.942368	0.020092	0.939624	0.331164	-0.086242
07539	9.720589	-0.011320	-0.888061	-0.200095	-0.034930	0.017990	0.074990	0.047666	0.996044	0.332363	-0.942937	0.020102	0.940166	0.329541	-0.086553
07540	9.673872	-0.105391	-1.007744	-0.103942	-0.039639	0.012967	0.075386	0.047720	0.996012	0.331374	-0.943285	0.020113	0.940483	0.328536	-0.086924
07541	9.721493	-0.036570	-1.071608	-0.015461	-0.039562	0.012751	0.075771	0.047764	0.995981	0.331494	-0.943245	0.020016	0.940410	0.328645	-0.087304
07542	9.700459	0.078387	-1.016902	0.048563	-0.032739	0.006316	0.076081	0.047858	0.995952	0.331945	-0.943088	0.019960	0.940226	0.329082	-0.087637
07543	9.758520	0.097106	-1.059391	0.068805	-0.027358	0.005636	0.076339	0.047935	0.995929	0.332751	-0.942805	0.019872	0.939920	0.329880	-0.087923
07544	9.751710	0.074222	-1.052184	0.095279	-0.022531	0.006607	0.076553	0.047992	0.995910	0.333640	-0.942493	0.019772	0.939587	0.330762	-0.088163
07545	9.784881	0.106574	-1.017907	0.092282	-0.013470	0.008267	0.076687	0.047990	0.995900	0.334412	-0.942222	0.019653	0.939302	0.331533	-0.088305
07546	9.763150	0.138571	-0.898647	0.080011	-0.007535	0.008131	0.076766	0.047984	0.995894	0.335155	-0.941960	0.019551	0.939030	0.332278	-0.088392
07547	9.741111	0.261073	-0.763854	0.011722	0.012559	0.013394	0.076670	0.047860	0.995907	0.335603	-0.941803	0.019423	0.938878	0.332740	-0.088270
07548	9.693034	0.173291	-0.802121	-0.068272	-0.001350	0.016015	0.076716	0.047759	0.995908	0.334948	-0.942037	0.019374	0.939108	0.332091	-0.088267
07549	9.742468	-0.011821	-0.806283	-0.063248	-0.003219	0.015377	0.076772	0.047668	0.995909	0.334740	-0.942113	0.019289	0.939178	0.331889	-0.088284
07550	9.718977	-0.006136	-0.807824	-0.035969	-0.005229	0.013289	0.076846	0.047606	0.995906	0.334390	-0.942238	0.019238	0.939296	0.331543	-0.088326
07551	9.753816	0.019537	-0.849276	-0.001959	-0.009968	0.006291	0.076941	0.047627	0.995897	0.334680	-0.942136	0.019199	0.939186	0.331829	-0.088429
07552	9.747163	-0.002638	-0.840557	0.044779	-0.010907	0.005820	0.077044	0.047654	0.995888	0.335094	-0.941990	0.019152	0.939029	0.332241	-0.088543
07553	9.728479	0.014756	-0.875005	0.075693	-0.014171	0.004631	0.077183	0.047677	0.995876	0.335656	-0.941792	0.019074	0.938817	0.332799	-0.088694
07554	9.769828	0.061288	-0.926750	0.108664	-0.010215	0.004474	0.077274	0.047715	0.995867	0.336671	-0.941431	0.018983	0.938446	0.333813	-0.088813
07555	9.749486	0.068339	-0.983125	0.127451	-0.004306	0.005266	0.077320	0.047715	0.995864	0.337972	-0.940968	0.018844	0.937975	0.335117	-0.088882
07556	9.734262	0.104225	-0.972229	0.137703	-0.003203	0.007163	0.077354	0.047704	0.995862	0.339256	-0.940508	0.018700	0.937508	0.336405	-0.088936
07557	9.757719	0.095562	-0.971251	0.138517	0.002659	0.005869	0.077323	0.047691	0.995865	0.341112	-0.939840	0.018522	0.936837	0.338269	-0.088939
07558	9.757761	0.093770	-0.971001	0.131187	0.005089	0.004018	0.077269	0.047681	0.995869	0.342336	-0.939397	0.018415	0.936395	0.339499	-0.088910
07559	9.744725	0.049308	-0.950280	0.120281	0.015609	0.008271	0.077135	0.047569	0.995885	0.343255	-0.939065	0.018268	0.936070	0.340433	-0.088763
07560	9.723357	0.082178	-0.828180	0.111419	0.026563	0.006545	0.076889	0.047462	0.995909	0.344291	-0.938687	0.018154	0.935709	0.341487	-0.088515
07561	9.775347	0.332991	-0.432105	-0.033574	0.032856	0.000450	0.076570	0.047375	0.995938	0.344098	-0.938757	0.018199	0.935806	0.341307	-0.088182
07562	9.755059	0.305229	-0.681734	-0.199253	0.042846	0.008604	0.076179	0.047193	0.995977	0.342225	-0.939439	0.018339	0.936525	0.339451	-0.087716
07563	9.729278	0.112157	-0.750395	-0.199756	0.041346	0.010198	0.075815	0.046981	0.996014	0.340271	-0.940147	0.018445	0.937266	0.337516	-0.087264
07564	9.761664	0.064328	-0.647698	-0.159215	0.034455	0.010434	0.075508	0.046812	0.996046	0.338769	-0.940687	0.018529	0.937835	0.336030	-0.086888
07565	9.743391	0.083155	-0.677515	-0.171216	0.034860	0.001538	0.075176	0.046720	0.996075	0.337486	-0.941145	0.018673	0.938324	0.334757	-0.086519
07566	9.728766	-0.003192	-0.875683	-0.148236	0.023408	0.003271	0.074947	0.046657	0.996095	0.336091	-0.941642	0.018818	0.938843	0.333368	-0.086254
07567	9.727281	-0.011894	-0.896287	-0.106321	0.012801	-0.000069	0.074815	0.046639	0.996106	0.334993	-0.942030	0.018947	0.939246	0.332271	-0.086102
07568	9.777307	0.068260	-0.932273	-0.092745	0.021671	-0.007021	0.074568	0.046679	0.996123	0.334125	-0.942334	0.019146	0.939574	0.331402	-0.085865
07569	9.710079	0.199299	-0.874254	-0.103312	0.022356	-0.005190	0.074304	0.046681	0.996142	0.333276	-0.942632	0.019313	0.939897	0.330555	-0.085599
07570	9.787254	0.201808	-0.877595	-0.134376	0.030674	0.001854	0.074003	0.046608	0.996168	0.332010	-0.943075	0.019459	0.940369	0.329298	-0.085264
07571	9.789292	0.195505	-0.951030	-0.154051	0.033037	0.005036	0.073704	0.046475	0.996197	0.330426	-0.943629	0.019576	0.940950	0.327727	-0.084906
07572	9.748449	0.041580	-1.011767	-0.135924	0.031112	0.003289	0.073403	0.046388	0.996223	0.329143	-0.944074	0.019708	0.941423	0.326453	-0.084566
07573	9.719071	-0.062316	-1.015268	-0.093898	0.031780	0.000802	0.073081	0.046313	0.996250	0.328533	-0.944285	0.019797	0.941661	0.325854	-0.084225
07574	9.751855	0.095150	-0.761819	-0.052798	0.036060	-0.000726	0.072720	0.046248	0.996280	0.328035	-0.944456	0.019898	0.941863	0.325367	-0.083852
07575	9.743874	0.377696	-0.503673	-0.155792	0.053193	-0.005380	0.072183	0.046160	0.996323	0.326572	-0.944958	0.020120	0.942412	0.323919	-0.083285
07576	9.729586	0.310345	-0.601090	-0.240022	0.043579	0.000665	0.071756	0.046059	0.996358	0.324308	-0.945733	0.020363	0.943226	0.321665	-0.082799
07577	9.808785	0.232645	-0.594923	-0.289385	0.046283	-0.000667	0.071292	0.045957	0.996396	0.322071	-0.946491	0.020611	0.944027	0.319441	-0.082279
07578	9.756323	0.046130	-0.614769	-0.301893	0.037935	0.005468	0.070932	0.045830	0.996428	0.319214	-0.947453	0.020854	0.945024	0.316595	-0.081835
07579	9.752657	-0.085035	-0.795432	-0.263486	0.012444	-0.005597	0.070776	0.045870	0.996437	0.316526	-0.948347	0.021174	0.945940	0.313900	-0.081639
07580	9.818666	-0.001313	-0.621112	-0.241635	0.006468	0.000881	0.070698	0.045887	0.996442	0.314237	-0.949103	0.021412	0.946708	0.311605	-0.081520
07581	9.694918	0.087443	-0.699416	-0.277058	0.015033	-0.002751	0.070532	0.045893	0.996453	0.311583	-0.949971	0.021697	0.947598	0.308947	-0.081303
07582	9.694986	0.165071	-0.781479	-0.279468	-0.005227	-0.006060	0.070545	0.046013	0.996447	0.308936	-0.950828	0.022035	0.948463	0.306284	-0.081291
07583	9.780951	0.095691	-0.890710	-0.249123	-0.009510	-0.002714	0.070607	0.046112	0.996438	0.307020	-0.951442	0.022275	0.949080	0.304353	-0.081336
07584	9.761402	-0.056854	-0.881254	-0.177083	-0.001319	-0.004510	0.070588	0.046205	0.996435	0.305340	-0.951977	0.022513	0.949623	0.302663	-0.081306
07585	9.731352	0.005614	-0.955601	-0.104217	0.003724	-0.004408	0.070507	0.046277	0.996437	0.304843	-0.952133	0.022649	0.949789	0.302160	-0.081239
07586	9.680980	0.092316	-0.985166	-0.040363	0.005407	-0.008956	0.070410	0.046392	0.996439	0.304465	-0.952250	0.022821	0.949918	0.301774	-0.081173
07587	9.591229	-0.041001	-0.978317	0.009026	0.005676	-0.014840	0.070286	0.046553	0.996440	0.304868	-0.952117	0.022977	0.949797	0.302168	-0.081113
07588	9.691894	0.156891	-0.824891	0.062541	0.014372	-0.013231	0.070091	0.046681	0.996448	0.305470	-0.951921	0.023108	0.949618	0.302765	-0.080981
07589	9.700258	0.315130	-0.570048	0.030058	0.021933	-0.019810	0.069797	0.046831	0.996461	0.305799	-0.951811	0.023313	0.949534	0.303090	-0.080754
07590	9.753834	0.249674	-0.492264	-0.041580	0.025699	-0.021699	0.069468	0.047006	0.996476	0.305418	-0.951925	0.023612	0.949681	0.302702	-0.080485
07591	9.714129	0.121597	-0.436163	-0.087518	0.019375	-0.018190	0.069208	0.047152	0.996487	0.304516	-0.952207	0.023908	0.949990	0.301791	-0.080259
07592	9.783944	0.117484	-0.332069	-0.118377	0.002897	-0.019781	0.069102	0.047378	0.996484	0.303403	-0.952554	0.024249	0.950353	0.300661	-0.080198
07593	9.775768	0.089210	-0.346236	-0.121832	-0.013338	-0.019322	0.069155	0.047637	0.996468	0.302444	-0.952851	0.024562	0.950655	0.299677	-0.080302
07594	9.667121	0.065871	-0.357343	-0.104530	-0.030180	-0.016862	0.069373	0.047934	0.996439	0.301461	-0.953154	0.024864	0.950952	0.298662	-0.080573
07595	9.697038	0.083172	-0.368621	-0.075070	-0.042029	-0.022782	0.069694	0.048311	0.996398	0.300883	-0.953329	0.025177	0.951111	0.298045	-0.080977
07596	9.695183	0.153210	-0.477500	-0.064935	-0.047170	-0.025091	0.070050	0.048737	0.996352	0.300282	-0.953509	0.025529	0.951275	0.297398	-0.081428
07597	9.681524	0.188756	-0.546568	-0.039362	-0.055950	-0.028091	0.070471	0.049202	0.996300	0.300060	-0.953570	0.025868	0.951314	0.297126	-0.081963
07598	9.761325	0.273764	-0.694036	-0.017466	-0.056871	-0.024868	0.070920	0.049654	0.996245	0.299910	-0.953608	0.026180	0.951328	0.296927	-0.082521
07599	9.768951	0.370069	-0.867386	-0.026888	-0.060137	-0.026852	0.071390	0.050122	0.996188	0.299842	-0.953621	0.026493	0.951314	0.296808	-0.083108
07600	9.808970	0.324057	-0.962215	-0.038812	-0.060341	-0.015178	0.071901	0.050492	0.996133	0.299483	-0.953727	0.026726	0.951389	0.296403	-0.083695
07601	9.713769	0.241046	-1.111907	-0.030039	-0.052191	-0.013900	0.072322	0.050836	0.996085	0.299831	-0.953613	0.026899	0.951247	0.296712	-0.084209
07602	9.713366	0.229509	-1.216169	-0.016758	-0.040863	-0.013901	0.072651	0.051136	0.996046	0.299681	-0.953655	0.027101	0.951269	0.296527	-0.084608
07603	9.705467	0.110632	-1.251242	0.002039	-0.023238	-0.008993	0.072824	0.051327	0.996023	0.300019	-0.953545	0.027202	0.951149	0.296845	-0.084840
07604	9.661526	0.142147	-1.209184	0.040905	-0.009513	-0.011051	0.072864	0.051507	0.996011	0.300416	-0.953417	0.027327	0.951021	0.297226	-0.084943
07605	9.738333	0.157670	-1.115681	0.064323	0.007835	-0.012403	0.072733	0.051640	0.996014	0.301168	-0.953177	0.027426	0.950793	0.297973	-0.084880
07606	9.852310	0.134164	-0.956426	0.050066	0.006084	-0.016527	0.072608	0.051825	0.996013	0.301655	-0.953018	0.027598	0.950648	0.298449	-0.084830
07607	9.828761	0.155449	-0.856907	0.020105	0.008211	-0.017166	0.072451	0.052009	0.996015	0.302153	-0.952855	0.027777	0.950502	0.298936	-0.084750
07608	9.837760	0.285903	-0.802110	0.010956	-0.001342	-0.016790	0.072395	0.052219	0.996008	0.302268	-0.952812	0.027984	0.950470	0.299036	-0.084763
07609	9.873212	0.239212	-0.760047	0.007674	-0.003224	-0.013172	0.072381	0.052379	0.996001	0.302285	-0.952802	0.028140	0.950466	0.299039	-0.084798
07610	9.805066	0.179485	-0.758380	0.016562	-0.004562	-0.011756	0.072371	0.052551	0.995992	0.302450	-0.952745	0.028292	0.950414	0.299190	-0.084845
07611	9.741814	0.132312	-0.788816	0.047904	-0.013314	-0.007561	0.072435	0.052707	0.995979	0.303381	-0.952448	0.028339	0.950112	0.300108	-0.084981
07612	9.693776	0.061177	-0.732990	0.082375	-0.017362	-0.014301	0.072539	0.052941	0.995960	0.304173	-0.952192	0.028461	0.949851	0.300879	-0.085174
07613	9.693610	0.061965	-0.735117	0.123838	-0.025220	-0.017563	0.072708	0.053205	0.995933	0.305063	-0.951903	0.028581	0.949552	0.301745	-0.085442
07614	9.675664	0.180443	-0.729830	0.145819	-0.022973	-0.012231	0.072871	0.053436	0.995909	0.306456	-0.951454	0.028628	0.949091	0.303116	-0.085709
07615	9.639843	0.242505	-0.675006	0.129411	-0.020917	-0.016625	0.073002	0.053689	0.995886	0.307853	-0.951001	0.028702	0.948629	0.304491	-0.085953
07616	9.614557	0.240985	-0.701017	0.129270	-0.022599	-0.017766	0.073143	0.053972	0.995860	0.309091	-0.950596	0.028817	0.948216	0.305704	-0.086212
07617	9.636212	0.240422	-0.625559	0.116218	-0.023094	-0.019558	0.073272	0.054273	0.995834	0.310536	-0.950121	0.028933	0.947733	0.307122	-0.086471
07618	9.604441	0.217585	-0.642541	0.096590	-0.022855	-0.020283	0.073407	0.054582	0.995807	0.311466	-0.949812	0.029101	0.947418	0.308023	-0.086723
07619	9.622094	0.101164	-0.652126	0.108798	-0.025878	-0.027502	0.073543	0.054958	0.995777	0.312776	-0.949375	0.029297	0.946975	0.309301	-0.087009
07620	9.671349	0.009176	-0.647404	0.126664	-0.030519	-0.028608	0.073723	0.055370	0.995740	0.313996	-0.948965	0.029521	0.946558	0.310482	-0.087347
07621	9.664018	-0.094805	-0.581365	0.173460	-0.037372	-0.033202	0.073960	0.055828	0.995697	0.315574	-0.948435	0.029737	0.946014	0.312017	-0.087764
07622	9.660673	-0.095115	-0.530648	0.230322	-0.042549	-0.056511	0.074165	0.056543	0.995642	0.317794	-0.947680	0.030147	0.945255	0.314173	-0.088254
07623	9.685212	0.086536	-0.554889	0.273778	-0.036904	-0.077990	0.074249	0.057436	0.995584	0.320590	-0.946720	0.030708	0.944304	0.316894	-0.088707
07624	9.622962	0.226455	-0.608195	0.326479	-0.015600	-0.072298	0.074145	0.058215	0.995547	0.323724	-0.945637	0.031187	0.943242	0.319970	-0.088960
07625	9.458309	0.581100	-0.425089	0.297600	-0.012386	-0.070683	0.074005	0.058946	0.995514	0.326547	-0.944650	0.031659	0.942279	0.322740	-0.089157
07626	9.614490	0.882728	-0.403975	0.139576	-0.034067	-0.072394	0.074070	0.059785	0.995459	0.327915	-0.944155	0.032304	0.941799	0.324034	-0.089538
07627	9.842813	0.632539	-0.901157	-0.023842	-0.036099	-0.048638	0.074215	0.060400	0.995411	0.328036	-0.944094	0.032829	0.941745	0.324095	-0.089880
07628	10.035805	0.020284	-1.113611	-0.040734	-0.059795	-0.040034	0.074628	0.061017	0.995343	0.327682	-0.944200	0.033313	0.941836	0.323670	-0.090458
07629	9.925626	-0.300124	-1.241047	0.028636	-0.052540	-0.045935	0.074952	0.061659	0.995279	0.328168	-0.944016	0.033770	0.941641	0.324087	-0.090991
07630	9.835101	0.030623	-1.189728	0.092568	-0.044846	-0.049553	0.075193	0.062318	0.995220	0.329076	-0.943683	0.034228	0.941305	0.324930	-0.091465
07631	9.796063	0.360246	-1.168393	0.073751	-0.042655	-0.042314	0.075441	0.062891	0.995165	0.329799	-0.943416	0.034619	0.941032	0.325592	-0.091914
07632	9.804610	0.387781	-1.236886	0.046686	-0.045616	-0.036754	0.075730	0.063432	0.995109	0.330266	-0.943239	0.034991	0.940845	0.326000	-0.092381
07633	9.756589	0.304203	-1.280917	0.051610	-0.037904	-0.037659	0.075934	0.063949	0.995060	0.330999	-0.942969	0.035343	0.940571	0.326680	-0.092770
07634	9.756034	0.307077	-1.284451	0.075978	-0.030559	-0.038023	0.076076	0.064453	0.995017	0.331742	-0.942694	0.035700	0.940298	0.327373	-0.093098
07635	9.783953	0.232310	-1.256630	0.102491	-0.019491	-0.042231	0.076115	0.064942	0.994982	0.332538	-0.942400	0.036071	0.940013	0.328124	-0.093326
07636	9.760918	0.174692	-1.098362	0.105905	-0.012849	-0.042705	0.076074	0.065432	0.994953	0.333566	-0.942022	0.036446	0.939652	0.329109	-0.093489
07637	9.770718	0.135486	-1.001946	0.058581	0.003390	-0.044907	0.075859	0.065887	0.994939	0.334461	-0.941689	0.036860	0.939352	0.329972	-0.093472
07638	9.719080	0.139886	-0.971280	0.031370	0.008376	-0.040632	0.075625	0.066287	0.994931	0.334786	-0.941556	0.037284	0.939255	0.330269	-0.093397
07639	9.754342	0.204249	-0.812488	-0.016033	0.010196	-0.045790	0.075347	0.066730	0.994922	0.334998	-0.941461	0.037775	0.939201	0.330450	-0.093291
07640	9.721665	0.191266	-0.748871	-0.047174	-0.001328	-0.047547	0.075181	0.067227	0.994901	0.334590	-0.941583	0.038341	0.939360	0.330002	-0.093283
07641	9.701747	0.238505	-0.605876	-0.084645	-0.006433	-0.056175	0.075036	0.067805	0.994873	0.333686	-0.941876	0.039026	0.939693	0.329047	-0.093300
07642	9.710595	0.268549	-0.670453	-0.085359	-0.009167	-0.052831	0.074926	0.068378	0.994842	0.332923	-0.942119	0.039680	0.939972	0.328233	-0.093354
07643	9.707363	0.371291	-0.579369	-0.078116	-0.018437	-0.058152	0.074894	0.069011	0.994801	0.332089	-0.942384	0.040374	0.940270	0.327338	-0.093497
07644	9.727313	0.352087	-0.624818	-0.067775	-0.017151	-0.056211	0.074849	0.069642	0.994760	0.331493	-0.942564	0.041046	0.940484	0.326684	-0.093636
07645	9.729796	0.360732	-0.681224	-0.055965	-0.027617	-0.056642	0.074897	0.070307	0.994710	0.331312	-0.942600	0.041678	0.940544	0.326437	-0.093891
07646	9.639796	0.304483	-0.757645	-0.032038	-0.035983	-0.058336	0.075023	0.071019	0.994650	0.331054	-0.942662	0.042337	0.940625	0.326106	-0.094232
07647	9.685971	0.281835	-0.858733	-0.013818	-0.037630	-0.060122	0.075155	0.071746	0.994587	0.331106	-0.942614	0.042977	0.940596	0.326084	-0.094598
07648	9.683810	0.278490	-0.884840	0.012755	-0.037613	-0.065162	0.075274	0.072528	0.994522	0.331275	-0.942523	0.043662	0.940527	0.326173	-0.094974
07649	9.790900	0.296484	-0.980601	0.015118	-0.028984	-0.065744	0.075269	0.073294	0.994466	0.332087	-0.942207	0.044307	0.940241	0.326915	-0.095259
07650	9.697722	0.337160	-0.964151	0.001616	-0.022904	-0.067040	0.075242	0.074046	0.994412	0.332153	-0.942150	0.045022	0.940220	0.326910	-0.095484
07651	9.708940	0.525626	-0.671520	-0.116651	-0.022391	-0.069750	0.075195	0.074814	0.994358	0.331291	-0.942414	0.045853	0.940527	0.325974	-0.095650
07652	9.742432	0.561380	-0.712772	-0.264381	-0.011763	-0.067440	0.075064	0.075533	0.994314	0.328854	-0.943219	0.046825	0.941393	0.323470	-0.095641
07653	9.699730	0.610221	-0.646048	-0.345301	-0.006822	-0.064559	0.074887	0.076199	0.994276	0.325820	-0.944222	0.047823	0.942461	0.320373	-0.095537
07654	9.762358	0.683659	-0.517271	-0.438664	-0.017253	-0.062621	0.074828	0.076891	0.994228	0.321729	-0.945567	0.048913	0.943870	0.316212	-0.095493
07655	9.697213	0.505060	-0.806009	-0.448077	-0.033974	-0.060227	0.074933	0.077609	0.994164	0.317695	-0.946875	0.049972	0.945227	0.312096	-0.095609
07656	9.685334	0.278464	-0.791883	-0.343231	-0.044604	-0.065834	0.075128	0.078417	0.994086	0.314498	-0.947887	0.051004	0.946280	0.308807	-0.095875
07657	9.696549	0.237520	-0.776596	-0.270234	-0.047138	-0.068012	0.075335	0.079247	0.994004	0.312199	-0.948594	0.051965	0.947025	0.306412	-0.096203
07658	9.643039	0.217694	-0.949698	-0.187709	-0.047644	-0.069258	0.075552	0.080095	0.993920	0.310473	-0.949110	0.052884	0.947575	0.304590	-0.096575
07659	9.678672	0.259189	-1.048925	-0.116233	-0.058921	-0.076322	0.075847	0.081043	0.993821	0.309606	-0.949343	0.053787	0.947835	0.303613	-0.097096
07660	9.746961	0.334411	-1.111412	-0.067800	-0.051212	-0.079442	0.076068	0.081998	0.993725	0.309023	-0.949481	0.054692	0.948007	0.302924	-0.097564
07661	9.755395	0.382556	-1.079064	-0.055410	-0.036407	-0.081326	0.076152	0.082913	0.993643	0.308474	-0.949607	0.055598	0.948180	0.302279	-0.097891
07662	9.752778	0.494057	-0.964339	-0.090381	-0.029741	-0.078907	0.076173	0.083798	0.993567	0.307677	-0.949811	0.056519	0.948437	0.301392	-0.098133
07663	9.750905	0.601197	-0.925672	-0.154381	-0.024960	-0.077938	0.076155	0.084656	0.993496	0.306336	-0.950186	0.057484	0.948872	0.299966	-0.098294
07664	9.730202	0.522511	-1.023529	-0.195785	-0.038597	-0.075417	0.076273	0.085534	0.993412	0.304535	-0.950704	0.058475	0.949442	0.298069	-0.098561
07665	9.711403	0.469483	-0.922595	-0.159608	-0.037265	-0.068369	0.076398	0.086328	0.993333	0.303139	-0.951097	0.059342	0.949879	0.296585	-0.098832
07666	9.704935	0.455643	-0.917139	-0.127438	-0.046377	-0.072797	0.076601	0.087203	0.993241	0.301984	-0.951408	0.060241	0.950230	0.295329	-0.099213
07667	9.774499	0.450041	-0.842661	-0.097310	-0.049959	-0.076306	0.076779	0.088134	0.993145	0.301833	-0.951401	0.061095	0.950264	0.295073	-0.099650
07668	9.698715	0.462740	-0.816602	-0.090950	-0.041048	-0.077504	0.076918	0.089038	0.993054	0.301028	-0.951597	0.062004	0.950508	0.294168	-0.099998
07669	9.614619	0.539153	-0.839800	-0.117373	-0.045823	-0.083253	0.077055	0.090016	0.992955	0.300402	-0.951732	0.062967	0.950695	0.293434	-0.100376
07670	9.721489	0.577240	-0.837220	-0.112830	-0.061542	-0.081721	0.077377	0.091019	0.992838	0.299392	-0.951985	0.063941	0.950987	0.292301	-0.100912
07671	9.751565	0.610759	-0.827765	-0.115233	-0.055918	-0.078075	0.077656	0.091961	0.992730	0.298436	-0.952223	0.064864	0.951265	0.291229	-0.101391
07672	9.630398	0.640157	-0.857599	-0.130318	-0.060877	-0.078906	0.077983	0.092935	0.992614	0.297258	-0.952525	0.065828	0.951607	0.289929	-0.101906
07673	9.688037	0.468782	-1.009170	-0.123407	-0.067859	-0.077780	0.078345	0.093908	0.992493	0.296351	-0.952744	0.066754	0.951861	0.288896	-0.102472
07674	9.707410	0.242205	-1.190418	-0.070473	-0.068844	-0.081527	0.078741	0.094929	0.992365	0.295744	-0.952866	0.067685	0.952016	0.288157	-0.103105
07675	9.716099	0.283387	-1.314063	0.012798	-0.063722	-0.091553	0.079031	0.096046	0.992234	0.296327	-0.952619	0.068609	0.951811	0.288604	-0.103747
07676	9.722572	0.527966	-1.329842	0.064587	-0.046340	-0.088108	0.079193	0.097065	0.992122	0.297012	-0.952344	0.069465	0.951584	0.289171	-0.104248
07677	9.741228	0.725649	-1.249897	0.074050	-0.037046	-0.094047	0.079206	0.098133	0.992016	0.298393	-0.951848	0.070334	0.951151	0.290440	-0.104674
07678	9.754596	0.795485	-1.224981	0.020012	-0.023380	-0.092093	0.079136	0.099123	0.991924	0.298657	-0.951695	0.071276	0.951074	0.290604	-0.104917
07679	9.710227	0.623467	-1.234782	0.003844	-0.022897	-0.087914	0.079073	0.100064	0.991834	0.298831	-0.951573	0.072178	0.951025	0.290683	-0.105146
07680	9.751001	0.605430	-1.073355	-0.003992	-0.022109	-0.088059	0.079003	0.101011	0.991744	0.298863	-0.951492	0.073104	0.951020	0.290620	-0.105359
07681	9.729946	0.636897	-1.030166	-0.018544	-0.022425	-0.088231	0.078859	0.101984	0.991655	0.299557	-0.951204	0.074003	0.950814	0.291221	-0.105562
07682	9.714250	0.690688	-0.995504	-0.026083	-0.020267	-0.090037	0.078765	0.102945	0.991564	0.299380	-0.951184	0.074972	0.950877	0.290949	-0.105740
07683	9.680871	0.665911	-1.034424	-0.022189	-0.018125	-0.086902	0.078617	0.103882	0.991478	0.299637	-0.951031	0.075885	0.950809	0.291117	-0.105894
07684	9.711546	0.596756	-1.009780	-0.001922	-0.026058	-0.087964	0.078583	0.104839	0.991380	0.299688	-0.950940	0.076808	0.950795	0.291069	-0.106147
07685	9.689659	0.730772	-0.979500	0.026922	-0.028751	-0.089965	0.078539	0.105831	0.991278	0.300274	-0.950682	0.077706	0.950614	0.291552	-0.106444
07686	9.686857	0.734011	-0.928297	0.034399	-0.030973	-0.088210	0.078551	0.106805	0.991172	0.300671	-0.950484	0.078592	0.950488	0.291843	-0.106774
07687	9.677048	0.706490	-0.891677	0.045668	-0.037824	-0.090636	0.078595	0.107815	0.991059	0.301403	-0.950180	0.079466	0.950252	0.292463	-0.107175
07688	9.713099	0.659424	-0.877895	0.063724	-0.041924	-0.091916	0.078698	0.108857	0.990937	0.302082	-0.949889	0.080357	0.950028	0.293020	-0.107638
07689	9.632010	0.648534	-0.843160	0.089862	-0.045454	-0.094764	0.078779	0.109946	0.990811	0.303489	-0.949367	0.081217	0.949573	0.294302	-0.108158
07690	9.651288	0.637787	-0.816765	0.115303	-0.053405	-0.095444	0.078978	0.111055	0.990671	0.304660	-0.948917	0.082086	0.949181	0.295334	-0.108777
07691	9.739303	0.824024	-0.661069	0.058685	-0.053703	-0.096390	0.079120	0.112198	0.990531	0.305885	-0.948444	0.082998	0.948775	0.296421	-0.109361
07692	9.653219	0.895566	-0.761762	-0.024792	-0.045588	-0.095082	0.079244	0.113280	0.990398	0.305726	-0.948406	0.084016	0.948816	0.296132	-0.109788
07693	9.718274	0.866771	-0.756592	-0.097010	-0.055321	-0.094492	0.079447	0.114387	0.990254	0.305084	-0.948516	0.085089	0.949006	0.295351	-0.110255
07694	9.674377	0.906123	-0.847334	-0.162335	-0.059101	-0.090530	0.079715	0.115465	0.990108	0.303616	-0.948886	0.086213	0.949454	0.293740	-0.110697
07695	9.642232	0.887370	-0.942939	-0.190620	-0.061670	-0.087966	0.079968	0.116530	0.989963	0.302319	-0.949200	0.087311	0.949846	0.292303	-0.111135
07696	9.628722	0.841371	-1.030307	-0.177268	-0.072471	-0.090348	0.080366	0.117645	0.989798	0.300708	-0.949606	0.088452	0.950324	0.290532	-0.111693
07697	9.741306	0.802926	-1.026643	-0.163259	-0.075273	-0.089828	0.080718	0.118785	0.989634	0.299931	-0.949750	0.089535	0.950540	0.289594	-0.112289
07698	9.700299	0.745747	-1.161250	-0.142032	-0.075755	-0.093750	0.081140	0.119940	0.989460	0.298657	-0.950043	0.090671	0.950905	0.288152	-0.112908
07699	9.662330	0.702739	-1.327902	-0.105481	-0.080689	-0.096940	0.081584	0.121156	0.989275	0.297921	-0.950167	0.091798	0.951098	0.287236	-0.113613
07700	9.677723	0.677251	-1.348956	-0.043739	-0.072319	-0.099584	0.081958	0.122355	0.989097	0.297587	-0.950166	0.092881	0.951170	0.286730	-0.114285
07701	9.698176	0.673590	-1.378114	-0.003072	-0.062229	-0.100051	0.082211	0.123544	0.988928	0.297878	-0.949973	0.093915	0.951057	0.286859	-0.114899
07702	9.686138	0.750078	-1.355832	0.010054	-0.064857	-0.103510	0.082501	0.124759	0.988751	0.298060	-0.949811	0.094975	0.950975	0.286871	-0.115546
07703	9.663735	0.779094	-1.393095	0.016709	-0.052710	-0.105156	0.082633	0.125973	0.988586	0.298636	-0.949523	0.096033	0.950783	0.287292	-0.116082
07704	9.712101	0.904179	-1.209538	0.003939	-0.045521	-0.101125	0.082746	0.127110	0.988431	0.298758	-0.949379	0.097077	0.950735	0.287269	-0.116532
07705	9.685609	0.914040	-1.159234	-0.041465	-0.040464	-0.104923	0.082757	0.128283	0.988279	0.298811	-0.949247	0.098195	0.950717	0.287183	-0.116890
07706	9.722428	0.869601	-1.145297	-0.065289	-0.036220	-0.098442	0.082790	0.129367	0.988135	0.298273	-0.949302	0.099293	0.950883	0.286514	-0.117180
07707	9.652548	0.792227	-1.137000	-0.048648	-0.041245	-0.099386	0.082824	0.130485	0.987985	0.298220	-0.949206	0.100363	0.950897	0.286324	-0.117530
07708	9.630633	0.821496	-0.963860	-0.028131	-0.049219	-0.103427	0.082966	0.131653	0.987818	0.298039	-0.949145	0.101467	0.950941	0.285990	-0.117985
07709	9.605813	0.956163	-0.933825	-0.004026	-0.043337	-0.100263	0.083003	0.132782	0.987664	0.298469	-0.948901	0.102487	0.950803	0.286281	-0.118393
07710	9.618111	1.030591	-0.833055	-0.011895	-0.060908	-0.109029	0.083239	0.134036	0.987474	0.298448	-0.948784	0.103627	0.950789	0.286084	-0.118979
07711	9.621941	0.949678	-0.935889	-0.022211	-0.059793	-0.111610	0.083397	0.135308	0.987288	0.298605	-0.948607	0.104783	0.950726	0.286070	-0.119514
07712	9.612879	0.924510	-0.901692	-0.013077	-0.064661	-0.118300	0.083641	0.136660	0.987081	0.298580	-0.948478	0.106015	0.950712	0.285856	-0.120135
07713	9.636871	0.942761	-1.016363	-0.029715	-0.063708	-0.125370	0.083834	0.138072	0.986868	0.298420	-0.948380	0.107337	0.950746	0.285502	-0.120710
07714	9.638770	0.855385	-1.142585	-0.043437	-0.069611	-0.127744	0.084097	0.139528	0.986641	0.298115	-0.948321	0.108699	0.950818	0.284991	-0.121347
07715	9.620498	0.789732	-1.223105	-0.020658	-0.065069	-0.127013	0.084270	0.140983	0.986419	0.298367	-0.948090	0.110015	0.950724	0.285044	-0.121960
07716	9.650302	0.955987	-1.157887	0.000221	-0.066345	-0.126503	0.084506	0.142417	0.986193	0.298477	-0.947904	0.111311	0.950668	0.284949	-0.122611
07717	9.713367	1.167592	-1.164383	-0.010846	-0.065833	-0.118946	0.084720	0.143789	0.985975	0.298737	-0.947677	0.112535	0.950568	0.285013	-0.123242
07718	9.636157	1.173857	-1.084299	-0.043150	-0.069156	-0.115416	0.085015	0.145126	0.985754	0.298426	-0.947627	0.113775	0.950639	0.284502	-0.123872
07719	9.625312	1.140448	-1.073300	-0.071565	-0.071857	-0.109861	0.085367	0.146398	0.985535	0.297663	-0.947720	0.114997	0.950847	0.283540	-0.124481
07720	9.626440	1.162575	-0.979534	-0.078871	-0.075999	-0.106588	0.085755	0.147668	0.985312	0.297005	-0.947780	0.116194	0.951017	0.282679	-0.125135
07721	9.677086	1.061959	-0.975661	-0.128241	-0.085199	-0.114731	0.086159	0.149072	0.985066	0.296280	-0.947843	0.117525	0.951207	0.281729	-0.125832
07722	9.748475	0.693898	-1.110955	-0.163736	-0.083594	-0.117100	0.086591	0.150462	0.984816	0.294824	-0.948121	0.118933	0.951620	0.280049	-0.126459
07723	9.558529	0.639252	-1.182407	-0.087029	-0.088804	-0.129265	0.086996	0.152001	0.984544	0.294398	-0.948074	0.120357	0.951715	0.279377	-0.127227
07724	9.698996	0.744689	-1.157669	-0.039485	-0.095323	-0.141525	0.087469	0.153654	0.984246	0.294147	-0.947961	0.121849	0.951749	0.278854	-0.128114
07725	9.675504	0.905265	-1.139273	0.000980	-0.087853	-0.144491	0.087889	0.155317	0.983947	0.294161	-0.947765	0.123330	0.951706	0.278600	-0.128987
07726	9.572392	1.301675	-1.095265	0.004056	-0.097041	-0.146743	0.088364	0.157023	0.983634	0.294330	-0.947518	0.124817	0.951610	0.278484	-0.129943
07727	9.581937	1.638669	-1.013241	-0.070495	-0.098436	-0.141370	0.088805	0.158700	0.983325	0.294189	-0.947362	0.126327	0.951613	0.278065	-0.130819
07728	9.569155	1.618427	-1.187978	-0.245181	-0.080012	-0.131630	0.089164	0.160214	0.983047	0.291973	-0.947824	0.127991	0.952261	0.275611	-0.131290
07729	9.580558	1.334027	-1.423602	-0.324163	-0.080396	-0.121636	0.089518	0.161638	0.982782	0.289272	-0.948428	0.129639	0.953052	0.272687	-0.131659
07730	9.594090	1.179931	-1.524216	-0.313820	-0.079165	-0.122801	0.089902	0.163063	0.982511	0.286392	-0.949072	0.131308	0.953885	0.269578	-0.132024
07731	9.609507	1.161340	-1.543517	-0.275435	-0.077600	-0.126235	0.090192	0.164543	0.982238	0.284382	-0.949450	0.132937	0.954459	0.267340	-0.132426
07732	9.625937	0.875656	-1.574695	-0.254433	-0.079381	-0.131658	0.090561	0.166050	0.981950	0.282073	-0.949902	0.134616	0.955109	0.264790	-0.132862
07733	9.531349	0.523425	-1.626984	-0.179779	-0.077927	-0.140046	0.090736	0.167708	0.981652	0.281656	-0.949795	0.136231	0.955215	0.264128	-0.133417
07734	9.632542	0.786422	-1.260721	-0.109762	-0.072011	-0.150902	0.090983	0.169376	0.981343	0.280747	-0.949823	0.137907	0.955460	0.262961	-0.133970
07735	9.655490	1.207697	-1.147874	-0.130445	-0.065345	-0.152481	0.091029	0.171091	0.981041	0.280450	-0.949663	0.139596	0.955542	0.262426	-0.134430
07736	9.609202	1.396672	-1.130170	-0.166443	-0.078648	-0.153027	0.091336	0.172796	0.980714	0.279000	-0.949828	0.141370	0.955937	0.260707	-0.134964
07737	9.628993	1.535445	-1.075748	-0.186745	-0.092693	-0.150667	0.091704	0.174535	0.980371	0.277809	-0.949914	0.143127	0.956249	0.259231	-0.135598
07738	9.651026	1.569663	-1.167942	-0.152716	-0.093209	-0.144108	0.092179	0.176191	0.980030	0.276483	-0.950048	0.144795	0.956588	0.257614	-0.136289
07739	9.632491	1.649761	-1.220843	-0.118196	-0.090818	-0.140812	0.092498	0.177872	0.979697	0.276334	-0.949851	0.146363	0.956600	0.257185	-0.137012
07740	9.620314	1.537533	-1.598148	-0.092110	-0.096317	-0.143572	0.093007	0.179529	0.979346	0.275587	-0.949823	0.147945	0.956766	0.256136	-0.137816
07741	9.667416	1.440475	-1.754036	-0.019210	-0.082524	-0.138515	0.093396	0.181100	0.979020	0.275528	-0.949616	0.149376	0.956745	0.255796	-0.138588
07742	9.612443	1.610237	-1.859806	-0.008000	-0.059428	-0.133471	0.093580	0.182564	0.978730	0.275578	-0.949386	0.150742	0.956713	0.255610	-0.139154
07743	9.657855	1.644720	-2.004709	-0.028843	-0.031898	-0.115941	0.093508	0.183794	0.978507	0.275596	-0.949188	0.151951	0.956715	0.255464	-0.139410
07744	9.707710	1.365579	-1.992483	0.006612	-0.017406	-0.104099	0.093371	0.184873	0.978317	0.275758	-0.948971	0.153008	0.956681	0.255492	-0.139587
07745	9.727973	1.600891	-1.709101	0.049945	0.005347	-0.103350	0.092888	0.185942	0.978160	0.277045	-0.948438	0.153983	0.956357	0.256691	-0.139613
