// General information: 
//  MT Manager version: 2022.2.0 
//  XDA version: 2022.2.0 build 7381 rev 124627 built on 2023-07-19
// Device information: 
//  DeviceId: 00B4CB9F
//  ProductCode: MTW2-3A7G6
//  Firmware Version: 4.6.0
//  Hardware Version: 2.0.0
// Device settings: 
//  Filter Profile: human(46.1)
//  Option Flags: Orientation Smoother Disabled, Position/Velocity Smoother Disabled, Continuous Zero Rotation Update Disabled, AHS Disabled, ICC Disabled
// Coordinate system: ENU
PacketCounter	Acc_X	Acc_Y	Acc_Z	Gyr_X	Gyr_Y	Gyr_Z	Mat[1][1]	Mat[2][1]	Mat[3][1]	Mat[1][2]	Mat[2][2]	Mat[3][2]	Mat[1][3]	Mat[2][3]	Mat[3][3]
31034	9.636450	1.039294	1.857177	-0.072245	-0.010816	-0.010051	0.196602	0.034228	0.979886	-0.672656	0.731824	0.109397	-0.713360	-0.680634	0.166901
31035	9.614792	1.002088	1.834405	-0.094880	0.006115	-0.018570	0.196703	0.034113	0.979869	-0.671964	0.732460	0.109393	-0.713984	-0.679955	0.167000
31036	9.582241	0.912566	1.804750	-0.100318	0.021855	-0.026529	0.196941	0.034092	0.979822	-0.671271	0.733092	0.109416	-0.714570	-0.679275	0.167261
31037	9.565694	0.818062	1.718290	-0.091524	0.021884	-0.020926	0.197171	0.034066	0.979777	-0.670597	0.733705	0.109441	-0.715139	-0.678614	0.167510
31038	9.573630	0.764496	1.696893	-0.058246	0.019009	-0.017896	0.197331	0.034094	0.979744	-0.670244	0.734025	0.109451	-0.715425	-0.678266	0.167697
31039	9.570701	0.661530	1.509594	-0.013840	0.009060	-0.014356	0.197425	0.034030	0.979727	-0.670138	0.734109	0.109541	-0.715498	-0.678179	0.167736
31040	9.627421	0.659021	1.463821	0.021781	-0.003126	-0.010328	0.197368	0.033957	0.979741	-0.670364	0.733892	0.109609	-0.715302	-0.678417	0.167610
31041	9.656607	0.746114	1.453283	0.044762	-0.006233	-0.002129	0.197271	0.033878	0.979763	-0.670702	0.733573	0.109678	-0.715013	-0.678765	0.167435
31042	9.655562	0.884585	1.439893	0.063099	-0.000798	-0.001304	0.197176	0.033890	0.979782	-0.671231	0.733083	0.109725	-0.714543	-0.679295	0.167294
31043	9.627956	0.975877	1.474497	0.051263	-0.019049	-0.012406	0.197056	0.033649	0.979815	-0.671594	0.732723	0.109905	-0.714234	-0.679695	0.166986
31044	9.641401	1.034531	1.522917	0.034425	-0.016369	-0.012542	0.196922	0.033463	0.979848	-0.671854	0.732469	0.110009	-0.714027	-0.679978	0.166721
31045	9.624881	1.109984	1.571936	0.012259	-0.018649	-0.010908	0.196795	0.033235	0.979881	-0.671941	0.732373	0.110109	-0.713979	-0.680092	0.166460
31046	9.608934	1.116385	1.627576	-0.012609	-0.017136	-0.013865	0.196654	0.033035	0.979916	-0.671921	0.732385	0.110154	-0.714037	-0.680089	0.166223
31047	9.628250	1.081670	1.614264	-0.034037	-0.012249	-0.013348	0.196589	0.032833	0.979936	-0.671673	0.732605	0.110201	-0.714288	-0.679861	0.166076
31048	9.611777	1.056072	1.518085	-0.042099	-0.005255	-0.014945	0.196553	0.032705	0.979948	-0.671374	0.732880	0.110201	-0.714580	-0.679572	0.166007
31049	9.569450	0.980068	1.627008	-0.057775	-0.014260	-0.021392	0.196527	0.032431	0.979962	-0.670941	0.733264	0.110288	-0.714994	-0.679171	0.165866
31050	9.585298	1.076354	1.715717	-0.060858	-0.014058	-0.025418	0.196482	0.032159	0.979980	-0.670523	0.733635	0.110362	-0.715398	-0.678783	0.165709
31051	9.631667	1.086692	1.810796	-0.088058	-0.007388	-0.027416	0.196546	0.031887	0.979976	-0.669860	0.734225	0.110458	-0.716001	-0.678157	0.165669
31052	9.601696	1.070213	1.815520	-0.122571	0.007211	-0.029189	0.196673	0.031724	0.979956	-0.668965	0.735040	0.110464	-0.716802	-0.677281	0.165785
31053	9.539661	0.963751	1.789143	-0.142553	0.014197	-0.035260	0.196944	0.031540	0.979907	-0.667895	0.736000	0.110545	-0.717725	-0.676246	0.166016
31054	9.626913	0.840717	1.754453	-0.142218	0.019690	-0.031649	0.197166	0.031436	0.979866	-0.666861	0.736937	0.110541	-0.718625	-0.675230	0.166262
31055	9.636237	0.649735	1.745637	-0.114351	0.034442	-0.027288	0.197528	0.031447	0.979793	-0.666007	0.737702	0.110591	-0.719317	-0.674394	0.166661
31056	9.614194	0.548792	1.575480	-0.064575	0.037593	-0.019191	0.197826	0.031594	0.979728	-0.665632	0.738039	0.110604	-0.719583	-0.674018	0.167033
31057	9.627304	0.507238	1.482187	-0.000940	0.026029	-0.014333	0.198041	0.031644	0.979683	-0.665618	0.738034	0.110715	-0.719536	-0.674021	0.167224
31058	9.618279	0.562208	1.508648	0.064621	0.021755	0.002854	0.198069	0.031822	0.979671	-0.666121	0.737581	0.110717	-0.719063	-0.674509	0.167289
31059	9.578678	0.702720	1.528517	0.117152	0.008939	0.011109	0.197992	0.031945	0.979683	-0.667006	0.736771	0.110776	-0.718263	-0.675388	0.167182
31060	9.595744	0.874359	1.498161	0.143928	0.008922	0.013949	0.197891	0.032171	0.979696	-0.668213	0.735671	0.110816	-0.717168	-0.676575	0.167080
31061	9.582462	1.097702	1.464647	0.145402	0.008975	0.008313	0.197833	0.032273	0.979704	-0.669293	0.734668	0.110950	-0.716177	-0.677659	0.166941
31062	9.595641	1.155630	1.514062	0.127449	-0.005253	0.007644	0.197631	0.032312	0.979744	-0.670301	0.733739	0.111013	-0.715289	-0.678663	0.166669
31063	9.614384	1.190057	1.493744	0.105223	-0.005398	0.003195	0.197504	0.032279	0.979770	-0.671082	0.733007	0.111129	-0.714592	-0.679454	0.166434
31064	9.614535	1.191311	1.491771	0.071191	-0.013795	-0.001890	0.197308	0.032183	0.979813	-0.671628	0.732498	0.111188	-0.714132	-0.680008	0.166143
31065	9.576423	1.229299	1.517288	0.037138	-0.014016	-0.005751	0.197179	0.032026	0.979844	-0.671904	0.732231	0.111278	-0.713909	-0.680303	0.165899
31066	9.585040	1.241714	1.641543	-0.009483	-0.019544	-0.003758	0.197000	0.031923	0.979884	-0.671938	0.732206	0.111235	-0.713926	-0.680334	0.165695
31067	9.599523	1.195783	1.699994	-0.036659	-0.020931	-0.012118	0.196865	0.031672	0.979919	-0.671674	0.732444	0.111266	-0.714212	-0.680090	0.165466
31068	9.658178	1.086250	1.818945	-0.078023	-0.009191	-0.012597	0.196765	0.031523	0.979944	-0.671145	0.732941	0.111184	-0.714736	-0.679561	0.165374
31069	9.643821	0.919094	1.892703	-0.110249	0.004351	-0.017281	0.196845	0.031406	0.979931	-0.670344	0.733680	0.111143	-0.715465	-0.678769	0.165474
31070	9.625760	0.751144	1.769754	-0.116885	0.027603	-0.016936	0.197065	0.031499	0.979884	-0.669543	0.734426	0.111044	-0.716154	-0.677958	0.165820
31071	9.563806	0.643498	1.744562	-0.092431	0.032771	-0.013152	0.197321	0.031605	0.979829	-0.668877	0.735041	0.110992	-0.716706	-0.677286	0.166179
31072	9.554769	0.632380	1.622167	-0.030836	0.036173	-0.010742	0.197588	0.031830	0.979768	-0.668743	0.735164	0.110980	-0.716758	-0.677141	0.166546
31073	9.567222	0.658900	1.522867	0.032367	0.029183	-0.004029	0.197757	0.031979	0.979729	-0.668989	0.734931	0.111046	-0.716482	-0.677388	0.166731
31074	9.593341	0.708018	1.476108	0.077591	0.016273	-0.001866	0.197788	0.032085	0.979720	-0.669508	0.734448	0.111109	-0.715988	-0.677906	0.166746
31075	9.610659	0.845475	1.448548	0.109456	-0.000990	0.008494	0.197657	0.032121	0.979745	-0.670330	0.733687	0.111181	-0.715255	-0.678728	0.166550
31076	9.650344	0.951082	1.449019	0.117129	-0.011454	0.005539	0.197458	0.032127	0.979785	-0.671259	0.732826	0.111251	-0.714438	-0.679657	0.166268
31077	9.619472	1.072146	1.437273	0.108376	-0.022022	0.009916	0.197167	0.032030	0.979847	-0.672075	0.732070	0.111306	-0.713751	-0.680476	0.165867
31078	9.622684	1.076748	1.475886	0.090775	-0.026436	0.005783	0.196859	0.031945	0.979911	-0.672874	0.731331	0.111335	-0.713083	-0.681274	0.165464
31079	9.639424	1.103798	1.568127	0.073951	-0.027932	0.007590	0.196542	0.031790	0.979980	-0.673438	0.730809	0.111355	-0.712638	-0.681842	0.165043
31080	9.612353	1.159517	1.603789	0.054451	-0.029778	0.006751	0.196197	0.031674	0.980053	-0.673923	0.730368	0.111308	-0.712274	-0.682319	0.164642
31081	9.588837	1.150442	1.688293	0.027651	-0.025631	0.001966	0.195935	0.031494	0.980111	-0.674146	0.730163	0.111307	-0.712136	-0.682547	0.164295
31082	9.588473	1.219560	1.679245	-0.000288	-0.023952	-0.005029	0.195675	0.031290	0.980169	-0.674139	0.730175	0.111272	-0.712213	-0.682543	0.163971
31083	9.591955	1.189393	1.722845	-0.035118	-0.014998	-0.005330	0.195538	0.031129	0.980202	-0.673900	0.730400	0.111239	-0.712477	-0.682310	0.163798
31084	9.603560	1.138849	1.740523	-0.077973	-0.009306	-0.007470	0.195410	0.031033	0.980230	-0.673438	0.730845	0.111113	-0.712949	-0.681837	0.163714
31085	9.615807	1.019005	1.765676	-0.107475	0.000454	-0.007577	0.195397	0.030961	0.980235	-0.672679	0.731564	0.110983	-0.713669	-0.681069	0.163773
31086	9.630966	0.837101	1.683053	-0.107489	-0.003592	-0.010735	0.195334	0.030881	0.980250	-0.671994	0.732215	0.110841	-0.714331	-0.680373	0.163779
31087	9.651008	0.732082	1.677935	-0.092242	0.004020	-0.009801	0.195362	0.030817	0.980247	-0.671337	0.732829	0.110758	-0.714940	-0.679714	0.163856
31088	9.551267	0.661232	1.677913	-0.050565	0.006116	-0.009633	0.195372	0.030845	0.980244	-0.671197	0.732964	0.110712	-0.715069	-0.679567	0.163904
31089	9.619467	0.607629	1.650438	-0.003853	0.003273	-0.002657	0.195346	0.030828	0.980250	-0.671187	0.732975	0.110704	-0.715086	-0.679556	0.163875
31090	9.580714	0.679310	1.675096	0.051625	0.002818	-0.001283	0.195266	0.030865	0.980265	-0.671662	0.732536	0.110728	-0.714662	-0.680028	0.163770
31091	9.574235	0.741440	1.584414	0.088760	-0.001177	0.003421	0.195167	0.030862	0.980284	-0.672325	0.731915	0.110812	-0.714065	-0.680696	0.163595
31092	9.608228	0.839161	1.500937	0.107177	-0.010222	0.011043	0.194907	0.030873	0.980336	-0.673085	0.731219	0.110792	-0.713420	-0.681444	0.163300
31093	9.607315	0.942847	1.489261	0.126676	-0.012544	0.013830	0.194657	0.030869	0.980385	-0.674038	0.730335	0.110835	-0.712588	-0.682391	0.162972
31094	9.609755	1.016077	1.522054	0.129742	-0.018872	0.015682	0.194308	0.030863	0.980455	-0.674987	0.729461	0.110808	-0.711784	-0.683326	0.162572
31095	9.634509	1.057741	1.584003	0.114066	-0.025964	0.013393	0.193965	0.030763	0.980526	-0.675847	0.728661	0.110833	-0.711062	-0.684183	0.162126
31096	9.628899	1.150766	1.643037	0.075806	-0.022472	0.010613	0.193599	0.030695	0.980600	-0.676520	0.728045	0.110775	-0.710521	-0.684842	0.161715
31097	9.635108	1.158737	1.724532	0.031076	-0.016265	0.012742	0.193330	0.030657	0.980655	-0.676787	0.727812	0.110672	-0.710340	-0.685091	0.161456
31098	9.605847	1.140622	1.726687	-0.007928	-0.013706	0.008160	0.193070	0.030661	0.980706	-0.676914	0.727719	0.110511	-0.710290	-0.685190	0.161256
31099	9.604391	1.032419	1.693645	-0.019783	-0.011724	0.007788	0.192867	0.030618	0.980747	-0.676810	0.727836	0.110374	-0.710444	-0.685067	0.161098
31100	9.621893	0.922709	1.644964	-0.014385	-0.019181	0.011870	0.192580	0.030627	0.980803	-0.676836	0.727843	0.110168	-0.710497	-0.685059	0.160898
31101	9.630821	0.867371	1.619732	-0.014046	-0.015491	0.006191	0.192361	0.030547	0.980849	-0.676771	0.727921	0.110057	-0.710619	-0.684980	0.160697
31102	9.582581	0.850766	1.637279	0.000092	-0.018525	0.003680	0.192127	0.030520	0.980895	-0.677023	0.727700	0.109966	-0.710442	-0.685216	0.160474
31103	9.552230	0.936444	1.628784	0.016929	-0.027305	0.001627	0.191855	0.030325	0.980955	-0.677168	0.727567	0.109949	-0.710376	-0.685366	0.160123
31104	9.577869	0.909308	1.697617	0.031077	-0.032412	0.000091	0.191519	0.030145	0.981026	-0.677561	0.727205	0.109930	-0.710093	-0.685758	0.159698
31105	9.592477	0.897857	1.751346	0.034151	-0.028579	0.007279	0.191199	0.029982	0.981093	-0.677840	0.726952	0.109885	-0.709913	-0.686034	0.159316
31106	9.579366	0.875048	1.694533	0.046391	-0.031125	0.009032	0.190792	0.029845	0.981177	-0.678270	0.726564	0.109791	-0.709611	-0.686450	0.158865
31107	9.607369	0.819193	1.652207	0.057483	-0.028078	0.014892	0.190424	0.029740	0.981251	-0.678729	0.726148	0.109707	-0.709271	-0.686895	0.158462
31108	9.577931	0.835737	1.649609	0.075051	-0.023705	0.018989	0.190087	0.029823	0.981314	-0.679574	0.725374	0.109593	-0.708552	-0.687708	0.158151
31109	9.531178	0.893623	1.543959	0.107608	-0.037987	0.030204	0.189545	0.029761	0.981421	-0.680416	0.724608	0.109438	-0.707889	-0.688518	0.157596
31110	9.598801	0.975786	1.497311	0.127072	-0.044389	0.029827	0.188943	0.029702	0.981539	-0.681405	0.723704	0.109268	-0.707098	-0.689471	0.156978
31111	9.619961	1.149464	1.500978	0.118625	-0.041001	0.028798	0.188390	0.029608	0.981648	-0.682321	0.722860	0.109143	-0.706362	-0.690360	0.156381
31112	9.600966	1.253127	1.500920	0.094487	-0.034300	0.020597	0.187876	0.029498	0.981750	-0.682936	0.722302	0.108990	-0.705904	-0.690949	0.155849
31113	9.653537	1.238447	1.523212	0.050138	-0.026289	0.012953	0.187535	0.029390	0.981818	-0.683336	0.721935	0.108912	-0.705607	-0.691337	0.155472
31114	9.695373	1.170558	1.539423	0.000469	-0.008915	0.010445	0.187280	0.029401	0.981867	-0.683347	0.721953	0.108722	-0.705665	-0.691317	0.155298
31115	9.652596	1.060397	1.497198	-0.024372	0.006923	0.010855	0.187187	0.029508	0.981881	-0.683217	0.722102	0.108549	-0.705815	-0.691157	0.155328
31116	9.655684	0.892479	1.402257	-0.041936	0.018832	0.014246	0.187115	0.029772	0.981887	-0.683085	0.722268	0.108273	-0.705962	-0.690972	0.155484
31117	9.628909	0.707192	1.312581	-0.030529	0.035802	0.014585	0.187201	0.030105	0.981860	-0.682919	0.722458	0.108054	-0.706100	-0.690759	0.155805
31118	9.623348	0.593951	1.242794	-0.008029	0.033436	0.011146	0.187286	0.030486	0.981832	-0.683111	0.722303	0.107877	-0.705892	-0.690904	0.156103
31119	9.694919	0.651573	1.134726	0.030161	0.023715	0.011735	0.187306	0.030715	0.981821	-0.683368	0.722074	0.107780	-0.705637	-0.691134	0.156239
31120	9.720577	0.766651	1.079653	0.069507	0.014396	0.015515	0.187206	0.030964	0.981832	-0.684009	0.721484	0.107667	-0.705042	-0.691739	0.156246
31121	9.727791	0.849020	1.042392	0.084381	0.006156	0.012646	0.187096	0.031078	0.981850	-0.684650	0.720879	0.107646	-0.704449	-0.692364	0.156151
31122	9.748956	0.954828	1.057208	0.080565	-0.009011	0.008619	0.186806	0.031041	0.981906	-0.685219	0.720347	0.107589	-0.703973	-0.692919	0.155834
31123	9.746663	1.052428	1.158445	0.061901	-0.022141	0.010424	0.186511	0.030942	0.981965	-0.685697	0.719897	0.107554	-0.703586	-0.693391	0.155486
31124	9.690172	1.090900	1.198106	0.025272	-0.028813	0.006940	0.186193	0.030864	0.982028	-0.686105	0.719521	0.107472	-0.703273	-0.693785	0.155146
31125	9.688753	1.119350	1.305397	-0.013600	-0.040611	0.009303	0.185777	0.030630	0.982114	-0.686049	0.719595	0.107331	-0.703437	-0.693718	0.154698
31126	9.632927	1.122438	1.347429	-0.036829	-0.053575	0.012748	0.185213	0.030385	0.982228	-0.685945	0.719731	0.107080	-0.703687	-0.693587	0.154146
31127	9.622040	1.027770	1.452631	-0.047850	-0.060935	0.019118	0.184586	0.030080	0.982356	-0.685666	0.720040	0.106790	-0.704123	-0.693280	0.153535
31128	9.610856	1.001126	1.550014	-0.054707	-0.065838	0.021483	0.183874	0.029779	0.982499	-0.685275	0.720468	0.106412	-0.704690	-0.692848	0.152882
31129	9.548211	0.953977	1.624604	-0.052407	-0.069077	0.024710	0.183150	0.029459	0.982643	-0.684974	0.720807	0.106060	-0.705172	-0.692510	0.152195
31130	9.548517	0.911222	1.736329	-0.049011	-0.071727	0.020887	0.182431	0.029152	0.982786	-0.684705	0.721114	0.105709	-0.705619	-0.692203	0.151514
31131	9.570663	0.906096	1.871038	-0.046397	-0.065081	0.015454	0.181799	0.028794	0.982914	-0.684428	0.721413	0.105458	-0.706051	-0.691906	0.150859
31132	9.553149	0.905090	1.881201	-0.041806	-0.055084	0.019120	0.181205	0.028592	0.983030	-0.684237	0.721641	0.105138	-0.706389	-0.691677	0.150328
31133	9.612731	0.897196	1.986610	-0.033083	-0.042519	0.013656	0.180744	0.028377	0.983121	-0.684050	0.721849	0.104925	-0.706687	-0.691469	0.149881
31134	9.588252	0.887959	1.914993	-0.025052	-0.031103	0.016628	0.180366	0.028342	0.983191	-0.683968	0.721965	0.104662	-0.706863	-0.691349	0.149603
31135	9.592185	0.890430	1.954591	-0.010182	-0.020905	0.015071	0.180048	0.028287	0.983251	-0.683946	0.722014	0.104470	-0.706966	-0.691300	0.149344
31136	9.567176	0.882121	1.884982	0.003111	-0.006414	0.006974	0.179804	0.028251	0.983297	-0.683843	0.722136	0.104299	-0.707128	-0.691174	0.149162
31137	9.550515	0.894377	1.671620	0.024108	0.005551	0.007352	0.179725	0.028323	0.983309	-0.684049	0.721950	0.104233	-0.706948	-0.691365	0.149127
31138	9.565441	0.957042	1.607762	0.034027	0.014387	0.007032	0.179655	0.028483	0.983317	-0.684365	0.721666	0.104131	-0.706660	-0.691655	0.149143
31139	9.585258	0.926839	1.482734	0.048127	0.021547	0.004666	0.179707	0.028647	0.983303	-0.684736	0.721314	0.104127	-0.706288	-0.692015	0.149241
31140	9.645911	0.897911	1.368949	0.038989	0.021858	0.007952	0.179710	0.028880	0.983296	-0.685066	0.721015	0.104028	-0.705967	-0.692317	0.149358
31141	9.635366	0.953317	1.238185	0.041254	0.031045	0.005252	0.179826	0.029113	0.983268	-0.685389	0.720711	0.104009	-0.705624	-0.692624	0.149556
31142	9.669225	0.980060	1.163645	0.031347	0.018069	0.007550	0.179743	0.029278	0.983278	-0.685661	0.720470	0.103886	-0.705381	-0.692868	0.149574
31143	9.699986	1.002063	1.046385	0.014939	0.012074	0.007683	0.179709	0.029398	0.983281	-0.685802	0.720347	0.103804	-0.705252	-0.692990	0.149613
31144	9.693094	1.061045	0.955918	-0.013661	0.000389	0.010034	0.179538	0.029463	0.983310	-0.685602	0.720568	0.103590	-0.705490	-0.692758	0.149570
31145	9.696287	1.098634	0.994108	-0.043439	-0.009635	0.008218	0.179347	0.029437	0.983345	-0.685332	0.720850	0.103415	-0.705800	-0.692466	0.149456
31146	9.743666	1.141860	1.084506	-0.088127	-0.021573	0.004018	0.179020	0.029285	0.983410	-0.684639	0.721548	0.103145	-0.706556	-0.691745	0.149221
31147	9.754000	1.118764	1.212820	-0.139657	-0.026189	0.006513	0.178722	0.029132	0.983468	-0.683685	0.722495	0.102842	-0.707555	-0.690762	0.149043
31148	9.727326	1.028707	1.379147	-0.186264	-0.031554	0.008774	0.178399	0.029023	0.983530	-0.682385	0.723783	0.102417	-0.708890	-0.689417	0.148927
31149	9.672340	0.892001	1.438208	-0.209249	-0.034795	0.008760	0.178025	0.028828	0.983604	-0.680937	0.725205	0.101990	-0.710374	-0.687929	0.148734
31150	9.706745	0.772021	1.487781	-0.203613	-0.038661	0.007175	0.177600	0.028614	0.983687	-0.679447	0.726665	0.101533	-0.711906	-0.686396	0.148498
31151	9.666730	0.732737	1.477889	-0.180737	-0.039692	0.009200	0.177187	0.028391	0.983768	-0.678198	0.727886	0.101144	-0.713199	-0.685111	0.148226
31152	9.619322	0.644937	1.501081	-0.136054	-0.042053	0.010011	0.176795	0.028296	0.983841	-0.677654	0.728436	0.100823	-0.713812	-0.684529	0.147959
31153	9.604864	0.613314	1.558178	-0.088320	-0.048510	0.006532	0.176337	0.027993	0.983932	-0.677058	0.729022	0.100599	-0.714492	-0.683918	0.147507
31154	9.608373	0.574107	1.713751	-0.042395	-0.040171	0.010718	0.175765	0.027685	0.984043	-0.676398	0.729677	0.100286	-0.715257	-0.683231	0.146978
31155	9.604382	0.664526	1.773191	-0.012088	-0.034947	0.020966	0.175306	0.027581	0.984128	-0.676370	0.729738	0.100032	-0.715396	-0.683171	0.146582
31156	9.615357	0.639589	1.900032	0.020869	-0.010682	0.025071	0.175036	0.027748	0.984171	-0.676560	0.729599	0.099757	-0.715282	-0.683312	0.146479
31157	9.610989	0.729896	1.962136	0.041974	-0.000899	0.031557	0.174748	0.027954	0.984216	-0.676937	0.729287	0.099478	-0.714996	-0.683636	0.146365
31158	9.566696	0.722939	1.910120	0.064164	0.023935	0.029285	0.174667	0.028401	0.984218	-0.677633	0.728675	0.099231	-0.714356	-0.684271	0.146521
31159	9.589145	0.765278	1.821115	0.083646	0.031919	0.027071	0.174644	0.028799	0.984210	-0.678300	0.728078	0.099057	-0.713729	-0.684889	0.146689
31160	9.631207	0.778747	1.606111	0.104289	0.042358	0.027064	0.174656	0.029330	0.984193	-0.679290	0.727178	0.098877	-0.712783	-0.685822	0.146930
31161	9.661334	0.801552	1.491106	0.121456	0.045257	0.025571	0.174737	0.029809	0.984164	-0.680222	0.726321	0.098774	-0.711874	-0.686709	0.147191
31162	9.670552	0.793647	1.238258	0.150472	0.037803	0.028308	0.174782	0.030390	0.984138	-0.681722	0.724925	0.098688	-0.710427	-0.688157	0.147422
31163	9.667860	0.829361	1.080724	0.167584	0.032480	0.025635	0.174771	0.030781	0.984128	-0.682979	0.723746	0.098652	-0.709222	-0.689380	0.147512
31164	9.683029	0.891542	1.017665	0.159895	0.022433	0.028194	0.174625	0.031161	0.984142	-0.684240	0.722570	0.098532	-0.708041	-0.690595	0.147500
31165	9.679622	0.954844	0.968941	0.139959	0.008893	0.026876	0.174436	0.031398	0.984168	-0.685300	0.721577	0.098444	-0.707062	-0.691622	0.147386
31166	9.731731	1.007068	0.986334	0.105213	-0.012930	0.036366	0.173972	0.031597	0.984244	-0.686260	0.720702	0.098165	-0.706245	-0.692525	0.147066
31167	9.727794	1.063292	1.049076	0.054001	-0.024013	0.033000	0.173509	0.031650	0.984324	-0.686721	0.720300	0.097889	-0.705910	-0.692940	0.146713
31168	9.749510	1.092059	1.183207	0.003969	-0.032601	0.031830	0.172864	0.031592	0.984439	-0.686676	0.720401	0.097460	-0.706111	-0.692838	0.146225
31169	9.670931	1.085481	1.314754	-0.050674	-0.036770	0.025223	0.172364	0.031500	0.984530	-0.686384	0.720727	0.097107	-0.706518	-0.692503	0.145848
31170	9.693002	0.976510	1.463221	-0.096550	-0.038749	0.018081	0.171928	0.031463	0.984607	-0.686067	0.721075	0.096756	-0.706932	-0.692142	0.145559
31171	9.637720	0.840284	1.520968	-0.118316	-0.043554	0.022232	0.171400	0.031304	0.984704	-0.685291	0.721870	0.096335	-0.707812	-0.691321	0.145181
31172	9.626682	0.743398	1.627950	-0.106866	-0.034820	0.021368	0.170873	0.031200	0.984799	-0.684498	0.722683	0.095872	-0.708706	-0.690475	0.144844
31173	9.660596	0.657737	1.673973	-0.088882	-0.022815	0.022840	0.170488	0.031190	0.984866	-0.683929	0.723272	0.095488	-0.709348	-0.689858	0.144641
31174	9.604908	0.624719	1.722755	-0.046863	-0.015370	0.021196	0.170233	0.031345	0.984905	-0.683877	0.723362	0.095181	-0.709460	-0.689757	0.144576
31175	9.627407	0.659254	1.744691	-0.006747	-0.009379	0.019690	0.169964	0.031405	0.984950	-0.683885	0.723386	0.094947	-0.709517	-0.689730	0.144426
31176	9.619956	0.677345	1.771484	0.018923	0.004333	0.022537	0.169755	0.031595	0.984980	-0.683890	0.723418	0.094660	-0.709562	-0.689687	0.144411
31177	9.586650	0.620125	1.737991	0.050725	0.019783	0.027317	0.169641	0.031911	0.984989	-0.684318	0.723043	0.094433	-0.709176	-0.690066	0.144495
31178	9.587128	0.590034	1.629255	0.078691	0.034375	0.031410	0.169587	0.032423	0.984982	-0.685076	0.722358	0.094173	-0.708456	-0.690758	0.144715
31179	9.587564	0.560060	1.520992	0.111123	0.032407	0.031489	0.169533	0.032856	0.984977	-0.685939	0.721563	0.093993	-0.707634	-0.691569	0.144866
31180	9.683329	0.583913	1.599313	0.121064	0.051555	0.026255	0.169619	0.033392	0.984944	-0.686641	0.720919	0.093807	-0.706932	-0.692214	0.145210
31181	9.650412	0.602082	1.448032	0.143203	0.055609	0.028640	0.169748	0.033965	0.984902	-0.687723	0.719900	0.093703	-0.705849	-0.693246	0.145560
31182	9.676445	0.717151	1.395675	0.150381	0.055832	0.024529	0.169885	0.034520	0.984859	-0.688603	0.719075	0.093578	-0.704957	-0.694075	0.145931
31183	9.688283	0.843546	1.285741	0.140771	0.048513	0.025282	0.169985	0.035020	0.984824	-0.689660	0.718071	0.093504	-0.703899	-0.695088	0.146213
31184	9.748988	0.984883	1.155052	0.133790	0.039665	0.019420	0.170091	0.035504	0.984789	-0.690753	0.717026	0.093455	-0.702801	-0.696142	0.146484
31185	9.731388	1.059717	1.050608	0.112337	0.024203	0.019663	0.170058	0.035795	0.984784	-0.691598	0.716219	0.093396	-0.701978	-0.696957	0.146554
31186	9.746923	1.087357	0.990077	0.072906	0.009299	0.007377	0.170031	0.035983	0.984782	-0.692276	0.715565	0.093381	-0.701315	-0.697619	0.146578
31187	9.735876	1.068494	0.978674	0.025209	-0.000294	0.008406	0.169903	0.036022	0.984802	-0.692490	0.715369	0.093305	-0.701136	-0.697818	0.146488
31188	9.712730	1.025637	1.069418	-0.027485	-0.021466	0.010522	0.169570	0.035954	0.984862	-0.692304	0.715579	0.093074	-0.701400	-0.697606	0.146232
31189	9.719665	0.999080	1.154671	-0.061499	-0.035754	0.008624	0.169192	0.035748	0.984935	-0.691909	0.715987	0.092869	-0.701881	-0.697198	0.145874
31190	9.700107	0.925578	1.289193	-0.096998	-0.039731	0.007438	0.168765	0.035518	0.985016	-0.691102	0.716806	0.092561	-0.702777	-0.696368	0.145519
31191	9.606648	0.829013	1.374780	-0.110371	-0.045875	0.011621	0.168295	0.035264	0.985106	-0.690367	0.717553	0.092256	-0.703612	-0.695611	0.145106
31192	9.576489	0.769944	1.493057	-0.109283	-0.055760	0.014648	0.167759	0.035020	0.985206	-0.689613	0.718324	0.091892	-0.704479	-0.694826	0.144656
31193	9.617004	0.659643	1.624763	-0.095921	-0.051822	0.016592	0.167212	0.034762	0.985308	-0.688986	0.718968	0.091559	-0.705222	-0.694174	0.144170
31194	9.564635	0.528693	1.723798	-0.072980	-0.042677	0.018780	0.166662	0.034591	0.985407	-0.688421	0.719558	0.091174	-0.705904	-0.693571	0.143736
31195	9.602035	0.516799	1.803590	-0.032821	-0.034943	0.026544	0.166165	0.034521	0.985494	-0.688256	0.719759	0.090835	-0.706182	-0.693365	0.143358
31196	9.598451	0.504254	1.873288	0.012274	-0.023698	0.026944	0.165766	0.034563	0.985559	-0.688190	0.719864	0.090505	-0.706340	-0.693254	0.143114
31197	9.595638	0.532504	1.825663	0.060365	-0.016624	0.023095	0.165422	0.034596	0.985616	-0.688676	0.719421	0.090333	-0.705947	-0.693713	0.142833
31198	9.563525	0.681954	1.767726	0.092419	-0.020284	0.027898	0.165002	0.034663	0.985684	-0.689267	0.718883	0.090102	-0.705469	-0.694266	0.142510
31199	9.494404	0.903921	1.733076	0.132078	-0.018053	0.026989	0.164622	0.034713	0.985746	-0.690263	0.717940	0.089993	-0.704582	-0.695239	0.142150
31200	9.548407	1.198256	1.722143	0.154450	-0.024681	0.020340	0.164172	0.034668	0.985822	-0.691254	0.716998	0.089902	-0.703716	-0.696213	0.141675
31201	9.630599	1.299385	1.842781	0.135665	-0.021056	0.009214	0.163893	0.034569	0.985872	-0.692244	0.716033	0.089972	-0.702807	-0.697210	0.141283
31202	9.585966	1.325132	1.898167	0.088013	-0.003689	-0.002559	0.163721	0.034522	0.985903	-0.692941	0.715352	0.090022	-0.702160	-0.697911	0.141040
31203	9.507775	1.265698	1.811746	0.027452	0.017390	-0.013730	0.163871	0.034527	0.985877	-0.693132	0.715149	0.090166	-0.701936	-0.698119	0.141123
31204	9.533155	1.078219	1.676672	-0.031932	0.038874	-0.021732	0.164171	0.034629	0.985824	-0.692767	0.715494	0.090234	-0.702226	-0.697760	0.141454
31205	9.521201	0.761324	1.474903	-0.074630	0.036778	-0.019717	0.164499	0.034726	0.985766	-0.692231	0.716005	0.090292	-0.702678	-0.697231	0.141821
31206	9.558489	0.694316	1.340702	-0.083783	0.030934	-0.013434	0.164729	0.034840	0.985723	-0.691437	0.716782	0.090215	-0.703405	-0.696427	0.142165
31207	9.532935	0.790265	1.263925	-0.088131	0.012186	-0.016812	0.164864	0.034786	0.985703	-0.690810	0.717385	0.090224	-0.703990	-0.695808	0.142302
31208	9.581996	0.943449	1.229524	-0.120875	-0.024581	-0.028770	0.164698	0.034339	0.985746	-0.689616	0.718537	0.090190	-0.705198	-0.694640	0.142022
31209	9.627844	1.092454	1.150745	-0.171459	-0.055075	-0.030601	0.164453	0.033718	0.985809	-0.688376	0.719722	0.090218	-0.706466	-0.693443	0.141571
31210	9.650418	1.061698	1.175612	-0.230198	-0.094940	-0.036347	0.163825	0.032726	0.985946	-0.686421	0.721601	0.090104	-0.708511	-0.691535	0.140681
31211	9.639737	1.071932	1.267362	-0.305668	-0.124097	-0.030698	0.163087	0.031630	0.986104	-0.684222	0.723706	0.089947	-0.710805	-0.689383	0.139669
31212	9.669773	0.937798	1.496240	-0.363266	-0.139213	-0.029656	0.162191	0.030455	0.986289	-0.681517	0.726290	0.089646	-0.713602	-0.686713	0.138554
31213	9.633728	0.759153	1.648257	-0.413195	-0.140542	-0.022826	0.161273	0.029309	0.986474	-0.678546	0.729113	0.089269	-0.716635	-0.683765	0.137474
31214	9.560806	0.450698	1.728809	-0.420764	-0.137025	-0.020454	0.160305	0.028151	0.986666	-0.674951	0.732504	0.088761	-0.720238	-0.680180	0.136425
31215	9.540411	0.195116	1.826469	-0.379700	-0.133015	-0.017805	0.159397	0.027101	0.986842	-0.672202	0.735072	0.088389	-0.723005	-0.677447	0.135386
31216	9.516358	0.046870	1.757997	-0.309705	-0.125680	-0.008698	0.158455	0.026185	0.987019	-0.669822	0.737292	0.087973	-0.725418	-0.675066	0.134367
31217	9.507374	0.059087	1.731616	-0.215171	-0.127316	-0.004791	0.157494	0.025275	0.987196	-0.668271	0.738730	0.087700	-0.727055	-0.673527	0.133237
31218	9.506300	0.113852	1.786071	-0.123317	-0.135270	-0.005835	0.156488	0.024274	0.987382	-0.666777	0.740105	0.087481	-0.728643	-0.672053	0.132003
31219	9.553821	0.357988	1.807158	-0.060130	-0.130021	-0.010902	0.155544	0.023304	0.987554	-0.666341	0.740498	0.087478	-0.729243	-0.671654	0.130709
31220	9.552133	0.596208	1.734751	-0.012575	-0.121637	-0.012718	0.154647	0.022348	0.987717	-0.665726	0.741052	0.087466	-0.729995	-0.671076	0.129479
31221	9.643354	0.717083	1.705984	-0.016371	-0.108043	-0.014989	0.153889	0.021496	0.987854	-0.665603	0.741152	0.087561	-0.730268	-0.670993	0.128363
31222	9.652104	0.836732	1.658294	-0.030194	-0.092856	-0.021736	0.153312	0.020691	0.987961	-0.664895	0.741777	0.087643	-0.731033	-0.670327	0.127480
31223	9.622411	0.829952	1.540369	-0.050116	-0.079586	-0.025249	0.152829	0.019955	0.988051	-0.664509	0.742105	0.087797	-0.731486	-0.669987	0.126675
31224	9.620919	0.780231	1.310029	-0.073258	-0.080541	-0.031116	0.152349	0.019129	0.988142	-0.663328	0.743150	0.087884	-0.732656	-0.668851	0.125908
31225	9.667443	0.574488	1.072098	-0.087493	-0.085717	-0.029603	0.151849	0.018321	0.988234	-0.662660	0.743728	0.088034	-0.733364	-0.668231	0.125075
31226	9.683999	0.386086	0.834901	-0.073617	-0.092752	-0.021599	0.151164	0.017481	0.988354	-0.661559	0.744710	0.088011	-0.734499	-0.667159	0.124138
31227	9.688705	0.351276	0.572341	-0.055472	-0.099507	-0.011575	0.150441	0.016716	0.988478	-0.661152	0.745070	0.088024	-0.735014	-0.666776	0.123141
31228	9.649094	0.406595	0.362418	-0.033416	-0.134612	-0.006568	0.149332	0.015708	0.988662	-0.660393	0.745757	0.087900	-0.735922	-0.666032	0.121739
31229	9.761371	0.528787	0.355712	-0.044388	-0.169473	-0.001593	0.148027	0.014553	0.988876	-0.660081	0.746042	0.087830	-0.736465	-0.665740	0.120040
31230	9.763682	0.726257	0.437269	-0.084651	-0.200971	-0.002019	0.146464	0.013148	0.989129	-0.658860	0.747145	0.087629	-0.737870	-0.664532	0.118092
31231	9.814706	0.835901	0.503001	-0.149151	-0.236308	-0.000138	0.144651	0.011562	0.989415	-0.657775	0.748124	0.087423	-0.739194	-0.663458	0.115822
31232	9.843814	0.735932	0.555157	-0.213421	-0.255499	0.009523	0.142586	0.009929	0.989733	-0.655967	0.749761	0.086980	-0.741199	-0.661634	0.113418
31233	9.748134	0.516526	0.656060	-0.295196	-0.273430	0.014062	0.140395	0.008214	0.990062	-0.653812	0.751699	0.086477	-0.743518	-0.659455	0.110905
31234	9.679211	0.356587	0.890977	-0.322896	-0.273083	0.010697	0.138168	0.006475	0.990388	-0.651092	0.754122	0.085903	-0.746317	-0.656703	0.108412
31235	9.675269	0.303217	0.897341	-0.310888	-0.284397	0.002067	0.135960	0.004612	0.990704	-0.648787	0.756149	0.085516	-0.748726	-0.654383	0.105798
31236	9.729161	0.375631	0.959635	-0.283246	-0.286049	-0.015835	0.133792	0.002609	0.991006	-0.646381	0.758236	0.085269	-0.751194	-0.651975	0.103132
31237	9.716390	0.489699	1.128346	-0.282076	-0.273629	-0.035926	0.131896	0.000541	0.991263	-0.644227	0.760062	0.085304	-0.753376	-0.649850	0.100598
31238	9.650165	0.675704	1.344570	-0.298661	-0.270015	-0.052630	0.130055	-0.001625	0.991505	-0.641584	0.762283	0.085405	-0.755947	-0.647242	0.098097
31239	9.740810	0.666528	1.452759	-0.328450	-0.254302	-0.063109	0.128465	-0.003763	0.991707	-0.639031	0.764394	0.085679	-0.758377	-0.644739	0.095793
31240	9.703676	0.543620	1.357073	-0.363143	-0.229715	-0.071717	0.127044	-0.005801	0.991880	-0.635900	0.766972	0.085934	-0.761243	-0.641654	0.093750
31241	9.714179	0.250926	1.320112	-0.378615	-0.217391	-0.066058	0.125736	-0.007713	0.992034	-0.632945	0.769383	0.086204	-0.763919	-0.638741	0.091857
31242	9.754112	-0.039490	1.349519	-0.356800	-0.198086	-0.058061	0.124502	-0.009397	0.992175	-0.630079	0.771712	0.086374	-0.766485	-0.635903	0.090159
31243	9.703037	0.027202	1.236498	-0.263394	-0.179280	-0.051850	0.123383	-0.010948	0.992299	-0.628009	0.773370	0.086619	-0.768363	-0.633860	0.088545
31244	9.643863	0.285750	1.149034	-0.161765	-0.160969	-0.047433	0.122313	-0.012310	0.992415	-0.626630	0.774464	0.086837	-0.769658	-0.632499	0.087014
31245	9.666240	0.592521	0.864585	-0.082412	-0.166261	-0.063084	0.121358	-0.013861	0.992512	-0.625934	0.774968	0.087359	-0.770376	-0.631849	0.085373
31246	9.628449	0.886621	0.659905	-0.032600	-0.172540	-0.081676	0.120436	-0.015550	0.992599	-0.625590	0.775167	0.088049	-0.770800	-0.631565	0.083630
31247	9.656156	1.046188	0.491175	-0.051840	-0.198824	-0.096752	0.119438	-0.017567	0.992686	-0.625090	0.775470	0.088933	-0.771361	-0.631140	0.081639
31248	9.832875	1.071612	0.374434	-0.124534	-0.207716	-0.097814	0.118333	-0.019606	0.992780	-0.623964	0.776287	0.089703	-0.772442	-0.630074	0.079627
31249	9.898048	0.920957	0.178475	-0.219630	-0.227890	-0.092506	0.117077	-0.021770	0.992884	-0.622172	0.777642	0.090415	-0.774077	-0.628330	0.077500
31250	9.890006	0.849472	0.432452	-0.331278	-0.233843	-0.085368	0.115693	-0.023865	0.992998	-0.619526	0.779693	0.090919	-0.776404	-0.625706	0.075420
31251	9.772567	0.961164	0.571806	-0.422344	-0.220247	-0.078517	0.114395	-0.025864	0.993099	-0.616165	0.782302	0.091350	-0.779265	-0.622363	0.073555
31252	10.030001	1.217349	0.923360	-0.476872	-0.221917	-0.071072	0.112997	-0.027761	0.993207	-0.612410	0.785213	0.091621	-0.782423	-0.618603	0.071726
31253	10.045828	1.566090	1.029385	-0.530731	-0.210024	-0.058303	0.111636	-0.029525	0.993310	-0.608197	0.788461	0.091790	-0.785897	-0.614376	0.070064
31254	9.712451	1.837803	1.098669	-0.616625	-0.194635	-0.068157	0.110416	-0.031218	0.993395	-0.603303	0.792193	0.091952	-0.789831	-0.609471	0.068637
31255	9.627421	1.767063	1.177691	-0.740029	-0.196219	-0.083492	0.109293	-0.033081	0.993459	-0.597364	0.796647	0.092245	-0.794488	-0.603539	0.067307
31256	9.648034	1.334472	1.181074	-0.827524	-0.189119	-0.083043	0.108184	-0.034843	0.993520	-0.590747	0.801545	0.092437	-0.799571	-0.596919	0.066131
31257	9.692645	0.675773	1.228810	-0.808556	-0.176260	-0.068919	0.107105	-0.036451	0.993579	-0.584203	0.806313	0.092557	-0.804510	-0.590365	0.065065
31258	9.648692	0.240300	1.187251	-0.661275	-0.156094	-0.042872	0.106005	-0.037676	0.993652	-0.578894	0.810142	0.092476	-0.808483	-0.585022	0.064069
31259	9.647360	0.031034	1.125234	-0.459061	-0.160642	-0.023873	0.104771	-0.038814	0.993739	-0.575166	0.812803	0.092387	-0.811299	-0.581245	0.062834
31260	9.657833	0.099293	1.053529	-0.260826	-0.156267	0.002061	0.103401	-0.039660	0.993849	-0.573130	0.814270	0.092123	-0.812915	-0.579130	0.061466
31261	9.586781	0.323004	0.943562	-0.069033	-0.169968	0.022702	0.101818	-0.040466	0.993980	-0.572607	0.814672	0.091821	-0.813483	-0.578509	0.059777
31262	9.697520	0.676906	0.674912	0.094848	-0.198566	0.037830	0.099896	-0.041262	0.994142	-0.573503	0.814087	0.091417	-0.813090	-0.579276	0.057660
31263	9.743978	1.163684	0.517732	0.216426	-0.218420	0.035073	0.097849	-0.042251	0.994304	-0.575311	0.812839	0.091156	-0.812061	-0.580954	0.055228
31264	9.666196	1.580243	0.333006	0.271193	-0.234429	0.026476	0.095706	-0.043354	0.994465	-0.577623	0.811220	0.090955	-0.810674	-0.583131	0.052596
31265	9.604286	2.031786	0.127651	0.261090	-0.261865	0.026369	0.093362	-0.044678	0.994629	-0.579778	0.809700	0.090792	-0.809408	-0.585141	0.049692
31266	9.831086	2.292894	0.089850	0.168383	-0.288767	0.022404	0.090803	-0.046149	0.994799	-0.581233	0.808682	0.090569	-0.808655	-0.586434	0.046608
31267	10.037317	2.239769	0.119831	0.030425	-0.284855	0.043970	0.088174	-0.047471	0.994973	-0.581533	0.808517	0.090110	-0.808731	-0.586555	0.043684
31268	9.929798	1.785276	0.002199	-0.118908	-0.279989	0.076453	0.085377	-0.048459	0.995170	-0.580707	0.809209	0.089224	-0.809624	-0.585519	0.040947
31269	9.529412	1.436944	0.118487	-0.235391	-0.290671	0.124376	0.082230	-0.049158	0.995400	-0.578918	0.810639	0.087858	-0.811229	-0.583479	0.038200
31270	9.523811	1.021099	0.270234	-0.314960	-0.316769	0.139022	0.078764	-0.049844	0.995646	-0.576532	0.812506	0.086285	-0.813269	-0.580818	0.035260
31271	9.638796	1.017695	0.451153	-0.324975	-0.316812	0.154430	0.075225	-0.050430	0.995891	-0.574019	0.814460	0.084602	-0.815379	-0.578025	0.032320
31272	9.463616	1.266446	0.670601	-0.359172	-0.339813	0.152498	0.071487	-0.051118	0.996131	-0.571259	0.816573	0.082900	-0.817651	-0.574975	0.029173
31273	9.522089	1.396371	0.867821	-0.428609	-0.355255	0.142303	0.067696	-0.051996	0.996350	-0.567862	0.819096	0.081329	-0.820336	-0.571295	0.025923
31274	9.548960	1.324811	0.890516	-0.498648	-0.365913	0.141877	0.063799	-0.052887	0.996560	-0.563918	0.821974	0.079723	-0.823363	-0.567064	0.022617
31275	9.421016	1.235055	0.901323	-0.531492	-0.376817	0.135750	0.059857	-0.053902	0.996751	-0.559631	0.825042	0.078224	-0.826577	-0.562495	0.019219
31276	9.414009	1.063178	0.850683	-0.520572	-0.399014	0.134090	0.055719	-0.055002	0.996930	-0.555455	0.827999	0.076726	-0.829677	-0.558025	0.015584
31277	9.431846	0.959398	0.824060	-0.487674	-0.410305	0.136392	0.051483	-0.056156	0.997094	-0.551489	0.830780	0.075264	-0.832592	-0.553761	0.011801
31278	9.549837	0.821703	0.784015	-0.437633	-0.425707	0.145373	0.047051	-0.057267	0.997250	-0.547973	0.833243	0.073703	-0.835172	-0.549933	0.007825
31279	9.677204	0.817557	0.790790	-0.377162	-0.442286	0.169073	0.042358	-0.058285	0.997401	-0.544908	0.835403	0.071959	-0.837425	-0.546539	0.003626
31280	9.750196	0.829251	0.780032	-0.335927	-0.455908	0.197402	0.037381	-0.059089	0.997553	-0.542231	0.837315	0.069916	-0.839398	-0.543517	-0.000740
31281	9.820914	0.887724	0.800606	-0.281896	-0.472104	0.222200	0.032141	-0.059790	0.997693	-0.539953	0.838970	0.067672	-0.841081	-0.540883	-0.005319
31282	9.678854	0.893575	0.824107	-0.249930	-0.486048	0.234296	0.026708	-0.060415	0.997816	-0.537981	0.840425	0.065285	-0.842534	-0.538550	-0.010055
31283	9.550871	0.915753	0.859069	-0.207186	-0.520200	0.233685	0.020996	-0.061248	0.997902	-0.536303	0.841675	0.062943	-0.843764	-0.536499	-0.015176
31284	9.464551	0.835144	0.887270	-0.146126	-0.542550	0.224181	0.015139	-0.062236	0.997947	-0.535174	0.842561	0.060664	-0.844606	-0.534994	-0.020551
31285	9.426574	0.745889	1.017572	-0.093820	-0.556747	0.228102	0.009144	-0.063291	0.997953	-0.534422	0.843200	0.058373	-0.845168	-0.533862	-0.026114
31286	9.410949	0.815526	1.111741	-0.036366	-0.562603	0.227762	0.003101	-0.064339	0.997923	-0.534195	0.843502	0.056043	-0.845356	-0.533259	-0.031754
31287	9.424597	0.917289	1.229826	0.011868	-0.571004	0.236170	-0.003059	-0.065394	0.997855	-0.534308	0.843586	0.053646	-0.845285	-0.532997	-0.037521
31288	9.514365	1.054454	1.314615	0.020003	-0.578323	0.238449	-0.009288	-0.066430	0.997748	-0.534531	0.843597	0.051191	-0.845098	-0.532852	-0.043345
31289	9.665143	1.073974	1.532277	-0.003702	-0.575727	0.236745	-0.015490	-0.067502	0.997599	-0.534482	0.843770	0.048794	-0.845038	-0.532443	-0.049149
31290	9.765020	0.754466	1.468564	-0.068439	-0.542303	0.226886	-0.021346	-0.068437	0.997427	-0.533934	0.844246	0.046500	-0.845256	-0.531568	-0.054563
31291	9.910820	0.419501	1.568225	-0.103231	-0.513699	0.211200	-0.026887	-0.069383	0.997228	-0.533022	0.844935	0.044416	-0.845674	-0.530350	-0.059701
31292	10.083640	0.131139	1.724633	-0.090903	-0.473178	0.198296	-0.032000	-0.070176	0.997021	-0.532273	0.845509	0.042428	-0.845968	-0.529330	-0.064409
31293	9.952191	0.198125	1.730077	-0.007134	-0.447945	0.191006	-0.036877	-0.070933	0.996799	-0.532158	0.845676	0.040492	-0.845841	-0.528962	-0.068934
31294	10.096471	0.587074	1.935239	0.158263	-0.449392	0.184167	-0.041705	-0.071713	0.996553	-0.533511	0.844918	0.038475	-0.844764	-0.530067	-0.073497
31295	10.431210	0.997603	2.036130	0.250183	-0.422568	0.173188	-0.046268	-0.072497	0.996295	-0.535557	0.843709	0.036523	-0.843231	-0.531883	-0.077863
31296	10.592892	1.001751	2.139206	0.208731	-0.351938	0.141366	-0.050030	-0.073134	0.996066	-0.537342	0.842643	0.034880	-0.841879	-0.533483	-0.081456
31297	10.497395	0.658272	2.225444	0.160302	-0.267606	0.104388	-0.052914	-0.073686	0.995877	-0.538648	0.841858	0.033670	-0.840868	-0.534645	-0.084237
31298	10.392953	0.429029	2.230209	0.236124	-0.192797	0.106871	-0.055140	-0.073771	0.995750	-0.540676	0.840609	0.032337	-0.839422	-0.536595	-0.086237
31299	10.580704	0.415044	2.194677	0.426238	-0.146500	0.156254	-0.057287	-0.073250	0.995667	-0.544171	0.838424	0.030373	-0.837016	-0.540073	-0.087891
31300	11.233889	0.408774	2.172688	0.615719	-0.112012	0.221273	-0.059452	-0.071953	0.995635	-0.549297	0.835173	0.027556	-0.833510	-0.545261	-0.089176
31301	11.738994	0.284718	2.135962	0.718174	-0.021661	0.259020	-0.061134	-0.069916	0.995678	-0.555123	0.831413	0.024298	-0.829519	-0.551238	-0.089639
31302	11.833956	0.195355	2.116811	0.694579	0.102873	0.271230	-0.061807	-0.067038	0.995834	-0.560826	0.827669	0.020909	-0.825623	-0.557198	-0.088752
