// General information: 
//  MT Manager version: 2022.2.0 
//  XDA version: 2022.2.0 build 7381 rev 124627 built on 2023-07-19
// Device information: 
//  DeviceId: 00B4CBA7
//  ProductCode: MTW2-3A7G6
//  Firmware Version: 4.6.0
//  Hardware Version: 2.0.0
// Device settings: 
//  Filter Profile: human(46.1)
//  Option Flags: Orientation Smoother Disabled, Position/Velocity Smoother Disabled, Continuous Zero Rotation Update Disabled, AHS Disabled, ICC Disabled
// Coordinate system: ENU
PacketCounter	Acc_X	Acc_Y	Acc_Z	Gyr_X	Gyr_Y	Gyr_Z	Mat[1][1]	Mat[2][1]	Mat[3][1]	Mat[1][2]	Mat[2][2]	Mat[3][2]	Mat[1][3]	Mat[2][3]	Mat[3][3]
16940	9.522255	1.137132	-1.572191	-0.016583	0.009545	-0.016159	0.141980	-0.150146	0.978416	-0.979982	-0.160681	0.117549	0.139563	-0.975519	-0.169954
16941	9.553478	1.090023	-1.520298	0.009327	0.008004	-0.017736	0.142266	-0.149954	0.978404	-0.979948	-0.160653	0.117869	0.139508	-0.975553	-0.169802
16942	9.555114	1.157695	-1.551223	0.014890	0.001096	-0.016360	0.142451	-0.149909	0.978384	-0.979905	-0.160793	0.118035	0.139623	-0.975537	-0.169801
16943	9.534442	1.264396	-1.520068	0.021741	-0.003340	-0.016967	0.142681	-0.150029	0.978332	-0.979836	-0.161092	0.118197	0.139868	-0.975469	-0.169989
16944	9.569960	1.248994	-1.535582	-0.004578	-0.010005	-0.017292	0.142890	-0.150091	0.978292	-0.979819	-0.161044	0.118405	0.139777	-0.975468	-0.170074
16945	9.576592	1.164858	-1.622898	-0.025826	-0.012919	-0.015507	0.142958	-0.150102	0.978280	-0.979876	-0.160592	0.118551	0.139309	-0.975541	-0.170039
16946	9.543314	1.190698	-1.650826	-0.005634	-0.015393	-0.012830	0.143130	-0.150223	0.978237	-0.979866	-0.160526	0.118718	0.139199	-0.975533	-0.170175
16947	9.553902	1.290352	-1.576574	-0.015242	-0.014524	-0.011379	0.143277	-0.150370	0.978193	-0.979944	-0.159868	0.118958	0.138494	-0.975618	-0.170260
16948	9.517603	1.308909	-1.563196	-0.044501	-0.023383	-0.013978	0.143472	-0.150568	0.978134	-0.979987	-0.159425	0.119203	0.137991	-0.975660	-0.170427
16949	9.555684	1.259668	-1.614330	-0.065576	-0.027667	-0.009061	0.143540	-0.150850	0.978080	-0.980085	-0.158704	0.119357	0.137220	-0.975734	-0.170626
16950	9.557907	1.227269	-1.650822	-0.069915	-0.029224	-0.008068	0.143684	-0.151114	0.978018	-0.980170	-0.158004	0.119587	0.136459	-0.975807	-0.170820
16951	9.544818	1.106328	-1.704292	-0.069127	-0.028579	-0.005610	0.143915	-0.151450	0.977932	-0.980193	-0.157681	0.119828	0.136053	-0.975807	-0.171143
16952	9.599373	1.086713	-1.749666	-0.054323	-0.033589	-0.011947	0.144103	-0.151751	0.977858	-0.980250	-0.157139	0.120070	0.135439	-0.975848	-0.171398
16953	9.590622	1.039769	-1.876439	-0.031600	-0.029577	-0.012609	0.144296	-0.152068	0.977780	-0.980253	-0.156991	0.120244	0.135218	-0.975822	-0.171719
16954	9.572318	1.153941	-1.888515	-0.002838	-0.025833	-0.010650	0.144460	-0.152296	0.977720	-0.980242	-0.156950	0.120385	0.135119	-0.975793	-0.171960
16955	9.555317	1.209011	-1.910988	0.002825	-0.023335	-0.014266	0.144492	-0.152670	0.977657	-0.980174	-0.157455	0.120276	0.135574	-0.975654	-0.172394
16956	9.553318	1.185425	-1.888843	0.010844	-0.017402	-0.009878	0.144637	-0.152817	0.977613	-0.980146	-0.157546	0.120385	0.135622	-0.975616	-0.172570
16957	9.562332	1.176148	-1.776925	0.006464	-0.017425	-0.008241	0.144831	-0.152928	0.977567	-0.980176	-0.157175	0.120630	0.135201	-0.975658	-0.172660
16958	9.589474	1.220973	-1.682437	0.002598	-0.012349	-0.005981	0.144932	-0.153032	0.977536	-0.980164	-0.157180	0.120716	0.135175	-0.975641	-0.172777
16959	9.601424	1.177664	-1.604374	-0.018469	-0.008952	-0.010426	0.145129	-0.153131	0.977491	-0.980206	-0.156717	0.120982	0.134664	-0.975700	-0.172844
16960	9.587355	1.157080	-1.653146	-0.020694	-0.012219	-0.014663	0.145315	-0.153220	0.977449	-0.980213	-0.156508	0.121192	0.134410	-0.975720	-0.172931
16961	9.558252	1.214934	-1.746354	-0.003626	-0.010706	-0.011725	0.145378	-0.153335	0.977422	-0.980248	-0.156210	0.121293	0.134085	-0.975749	-0.173016
16962	9.551059	1.301847	-1.660380	-0.023655	-0.009604	-0.011238	0.145527	-0.153403	0.977389	-0.980264	-0.155966	0.121475	0.133805	-0.975778	-0.173073
16963	9.604584	1.189732	-1.921857	-0.061426	-0.010476	-0.012370	0.145689	-0.153539	0.977344	-0.980284	-0.155694	0.121668	0.133486	-0.975800	-0.173195
16964	9.557443	1.152146	-1.989998	-0.023711	-0.008052	-0.010591	0.145829	-0.153594	0.977314	-0.980301	-0.155449	0.121844	0.133208	-0.975830	-0.173237
16965	9.569713	1.234357	-1.931337	-0.023404	0.003225	-0.007380	0.145824	-0.153586	0.977316	-0.980274	-0.155647	0.121805	0.133409	-0.975800	-0.173254
16966	9.550347	1.198418	-1.895658	-0.028641	0.004117	-0.007546	0.145917	-0.153527	0.977311	-0.980302	-0.155349	0.121960	0.133101	-0.975857	-0.173171
16967	9.564026	1.138182	-1.833397	-0.022791	0.005237	-0.008045	0.146104	-0.153458	0.977294	-0.980283	-0.155311	0.122164	0.133038	-0.975873	-0.173124
16968	9.536381	1.162809	-1.686554	-0.005905	0.008129	-0.008229	0.146199	-0.153359	0.977296	-0.980280	-0.155236	0.122286	0.132958	-0.975901	-0.173030
16969	9.547387	1.219660	-1.603094	0.003232	0.005416	-0.005270	0.146300	-0.153349	0.977282	-0.980221	-0.155568	0.122330	0.133275	-0.975850	-0.173076
16970	9.577624	1.230134	-1.541441	-0.013603	0.000981	-0.005733	0.146380	-0.153324	0.977274	-0.980232	-0.155414	0.122441	0.133109	-0.975878	-0.173042
16971	9.529288	1.167064	-1.585123	-0.019438	-0.004930	-0.010941	0.146541	-0.153354	0.977245	-0.980261	-0.155057	0.122661	0.132719	-0.975930	-0.173049
16972	9.531823	1.175903	-1.627273	0.008129	-0.009995	-0.013380	0.146710	-0.153424	0.977209	-0.980231	-0.155127	0.122809	0.132750	-0.975908	-0.173150
16973	9.561743	1.228794	-1.573865	-0.010898	-0.014445	-0.013022	0.146810	-0.153679	0.977154	-0.980119	-0.155890	0.122738	0.133466	-0.975746	-0.173510
16974	9.550388	1.215935	-1.664575	-0.021321	-0.014207	-0.014001	0.146991	-0.153790	0.977109	-0.980128	-0.155673	0.122943	0.133203	-0.975764	-0.173616
16975	9.556916	1.215755	-1.766120	-0.017609	-0.014643	-0.014327	0.147090	-0.153969	0.977066	-0.980189	-0.155154	0.123110	0.132641	-0.975818	-0.173740
16976	9.592364	1.200597	-1.782182	-0.022761	-0.012050	-0.010079	0.147229	-0.154064	0.977030	-0.980205	-0.154918	0.123279	0.132366	-0.975840	-0.173823
16977	9.565939	1.057266	-1.883213	-0.006487	-0.011164	-0.009603	0.147328	-0.154127	0.977005	-0.980290	-0.154210	0.123496	0.131630	-0.975943	-0.173809
16978	9.543585	1.138694	-1.827588	0.014488	-0.003767	-0.013257	0.147488	-0.154137	0.976980	-0.980252	-0.154341	0.123632	0.131732	-0.975920	-0.173856
16979	9.594270	1.211403	-1.826108	-0.005015	-0.010073	-0.008462	0.147556	-0.154157	0.976966	-0.980271	-0.154141	0.123733	0.131516	-0.975949	-0.173860
16980	9.563739	1.160975	-1.881260	0.001016	-0.002627	-0.015217	0.147733	-0.154153	0.976940	-0.980248	-0.154143	0.123911	0.131488	-0.975949	-0.173880
16981	9.577275	1.225866	-1.840169	0.022424	0.000460	-0.013284	0.148001	-0.154109	0.976906	-0.980274	-0.153690	0.124266	0.130990	-0.976028	-0.173816
16982	9.556446	1.248265	-1.794692	0.015854	0.000416	-0.010822	0.148131	-0.154082	0.976891	-0.980238	-0.153830	0.124376	0.131111	-0.976010	-0.173824
16983	9.506768	1.201999	-1.821072	0.014995	0.001334	-0.012627	0.148515	-0.154210	0.976812	-0.980141	-0.154205	0.124677	0.131403	-0.975930	-0.174049
16984	9.534196	1.205147	-1.718359	0.020179	0.001992	-0.011815	0.148654	-0.154166	0.976798	-0.980098	-0.154390	0.124789	0.131570	-0.975908	-0.174048
16985	9.534049	1.206087	-1.718518	0.011384	-0.001316	-0.013592	0.148805	-0.154160	0.976776	-0.980090	-0.154304	0.124957	0.131457	-0.975923	-0.174052
16986	9.553142	1.202685	-1.747124	0.011436	-0.002859	-0.014239	0.148974	-0.154159	0.976751	-0.980054	-0.154407	0.125108	0.131531	-0.975906	-0.174087
16987	9.568099	1.208847	-1.716711	0.010472	0.001147	-0.014750	0.149082	-0.154057	0.976750	-0.980126	-0.153757	0.125346	0.130872	-0.976025	-0.173918
16988	9.534853	1.192404	-1.736862	0.017582	-0.006202	-0.012914	0.149242	-0.154091	0.976720	-0.980085	-0.153918	0.125474	0.131000	-0.975995	-0.173993
16989	9.551092	1.222956	-1.731051	0.040119	-0.000778	-0.016726	0.149504	-0.154130	0.976674	-0.979971	-0.154514	0.125625	0.131548	-0.975894	-0.174143
16990	9.549303	1.324264	-1.727847	0.038119	-0.002174	-0.012786	0.149658	-0.154124	0.976651	-0.979903	-0.154875	0.125716	0.131883	-0.975838	-0.174205
16991	9.564187	1.371711	-1.704421	0.014320	0.000874	-0.011313	0.150084	-0.154174	0.976578	-0.979924	-0.154314	0.126237	0.131237	-0.975919	-0.174239
16992	9.566974	1.296808	-1.732323	-0.017408	-0.000314	-0.009810	0.150208	-0.154155	0.976562	-0.979933	-0.154129	0.126396	0.131032	-0.975951	-0.174213
16993	9.554730	1.216664	-1.790483	-0.007059	0.005802	-0.002485	0.150322	-0.154150	0.976545	-0.979913	-0.154162	0.126506	0.131045	-0.975947	-0.174228
16994	9.535290	1.305073	-1.775202	0.001031	0.005404	-0.004453	0.150386	-0.154084	0.976546	-0.979906	-0.154149	0.126581	0.131030	-0.975959	-0.174169
16995	9.564573	1.181400	-1.924479	-0.009389	0.005624	-0.005430	0.150414	-0.154124	0.976535	-0.979837	-0.154639	0.126516	0.131511	-0.975875	-0.174276
16996	9.548337	1.110354	-1.923362	0.022128	0.012990	-0.004346	0.150466	-0.153984	0.976550	-0.979802	-0.154832	0.126553	0.131714	-0.975867	-0.174171
16997	9.560905	1.107815	-1.850318	0.041964	0.013311	-0.007960	0.150650	-0.153911	0.976533	-0.979731	-0.155172	0.126687	0.132032	-0.975824	-0.174168
16998	9.541572	1.195692	-1.834787	0.063158	0.017820	-0.009140	0.150743	-0.153716	0.976549	-0.979634	-0.155773	0.126699	0.132644	-0.975759	-0.174067
16999	9.531625	1.356948	-1.719356	0.060349	0.015801	-0.007650	0.150922	-0.153655	0.976531	-0.979514	-0.156469	0.126763	0.133319	-0.975657	-0.174122
17000	9.497383	1.356079	-1.720936	0.037658	0.014999	-0.001908	0.150948	-0.153499	0.976551	-0.979462	-0.156811	0.126749	0.133678	-0.975627	-0.174017
17001	9.489315	1.291825	-1.588838	0.027509	0.007491	-0.006111	0.150900	-0.153459	0.976565	-0.979348	-0.157678	0.126552	0.134562	-0.975494	-0.174083
17002	9.540443	1.238645	-1.566055	0.014542	0.002750	-0.003130	0.150953	-0.153421	0.976563	-0.979324	-0.157796	0.126590	0.134676	-0.975481	-0.174069
17003	9.522329	1.309506	-1.568982	0.006756	-0.001325	0.000664	0.151130	-0.153460	0.976529	-0.979215	-0.158420	0.126650	0.135266	-0.975373	-0.174213
17004	9.538799	1.297845	-1.555879	-0.013438	-0.003693	-0.007669	0.151237	-0.153478	0.976510	-0.979222	-0.158273	0.126782	0.135096	-0.975394	-0.174226
17005	9.527711	1.283753	-1.645927	-0.011368	-0.011534	-0.002865	0.151300	-0.153613	0.976479	-0.979221	-0.158243	0.126831	0.135038	-0.975378	-0.174364
17006	9.585472	1.270349	-1.731558	-0.009899	-0.010437	-0.001727	0.151358	-0.153707	0.976455	-0.979232	-0.158121	0.126898	0.134893	-0.975383	-0.174447
17007	9.522047	1.242687	-1.813420	0.012205	-0.008381	-0.001744	0.151461	-0.153892	0.976410	-0.979206	-0.158234	0.126955	0.134964	-0.975335	-0.174658
17008	9.583597	1.329091	-1.722954	0.007969	-0.008252	0.003658	0.151463	-0.153972	0.976397	-0.979201	-0.158278	0.126938	0.134997	-0.975316	-0.174743
17009	9.586301	1.336238	-1.765005	-0.021051	-0.004349	0.004947	0.151481	-0.154030	0.976385	-0.979183	-0.158398	0.126927	0.135107	-0.975287	-0.174818
17010	9.537023	1.205343	-1.777817	-0.010478	-0.009192	0.003996	0.151481	-0.154120	0.976371	-0.979204	-0.158261	0.126939	0.134958	-0.975295	-0.174889
17011	9.575689	1.154198	-1.828005	0.014178	-0.002185	0.000011	0.151681	-0.154224	0.976324	-0.979119	-0.158696	0.127047	0.135345	-0.975208	-0.175075
17012	9.553127	1.317678	-1.786299	0.028496	-0.004205	0.003787	0.151677	-0.154266	0.976318	-0.979087	-0.158940	0.126993	0.135586	-0.975162	-0.175147
17013	9.517168	1.375262	-1.778663	0.006179	-0.000081	0.006384	0.151799	-0.154365	0.976283	-0.979067	-0.158980	0.127095	0.135590	-0.975139	-0.175266
17014	9.551837	1.333438	-1.769242	-0.021928	0.001365	0.008838	0.151739	-0.154360	0.976293	-0.979110	-0.158725	0.127081	0.135346	-0.975182	-0.175220
17015	9.536965	1.286218	-1.792473	-0.037384	0.001078	0.010811	0.151885	-0.154406	0.976263	-0.979055	-0.158992	0.127173	0.135582	-0.975131	-0.175320
17016	9.535790	1.261374	-1.767659	-0.036057	0.002013	0.008185	0.151831	-0.154394	0.976273	-0.979116	-0.158602	0.127190	0.135201	-0.975196	-0.175250
17017	9.536008	1.219663	-1.760164	-0.038389	0.001835	0.005241	0.151977	-0.154328	0.976261	-0.979166	-0.158092	0.127438	0.134672	-0.975290	-0.175139
17018	9.516804	1.224128	-1.731409	-0.027782	0.000240	0.009342	0.151914	-0.154335	0.976270	-0.979218	-0.157780	0.127430	0.134369	-0.975339	-0.175097
17019	9.548432	1.300154	-1.700739	-0.023460	0.001821	0.008348	0.151829	-0.154410	0.976271	-0.979271	-0.157480	0.127388	0.134074	-0.975376	-0.175119
17020	9.545899	1.250480	-1.651975	-0.046047	-0.002064	0.012804	0.151735	-0.154445	0.976280	-0.979352	-0.156985	0.127377	0.133589	-0.975450	-0.175076
17021	9.555805	1.172245	-1.780231	-0.034949	-0.006607	0.006769	0.152006	-0.154582	0.976217	-0.979321	-0.156975	0.127632	0.133512	-0.975430	-0.175246
17022	9.521449	1.129692	-1.776032	0.004046	-0.001655	0.006557	0.151973	-0.154603	0.976218	-0.979325	-0.156979	0.127596	0.133519	-0.975426	-0.175263
17023	9.539297	1.183141	-1.794035	0.020365	-0.002292	0.006389	0.152187	-0.154445	0.976210	-0.979345	-0.156604	0.127900	0.133125	-0.975511	-0.175089
17024	9.548763	1.297127	-1.701187	0.026352	-0.001002	0.009653	0.152124	-0.154465	0.976217	-0.979324	-0.156821	0.127795	0.133351	-0.975473	-0.175127
17025	9.581995	1.271796	-1.674805	-0.018700	-0.000903	0.012950	0.152337	-0.154639	0.976156	-0.979417	-0.155957	0.128140	0.132422	-0.975584	-0.175214
17026	9.499637	1.164477	-1.713895	-0.014271	-0.002413	0.010665	0.152267	-0.154673	0.976161	-0.979451	-0.155776	0.128097	0.132250	-0.975607	-0.175215
17027	9.540893	1.229614	-1.570425	0.004061	-0.009355	0.015936	0.152405	-0.154723	0.976132	-0.979379	-0.156184	0.128156	0.132628	-0.975534	-0.175335
17028	9.575221	1.312191	-1.582696	0.000313	-0.012170	0.011207	0.152343	-0.154853	0.976121	-0.979394	-0.156146	0.128082	0.132583	-0.975520	-0.175450
17029	9.557246	1.298715	-1.573060	-0.034781	-0.018922	0.014218	0.152312	-0.155054	0.976094	-0.979452	-0.155780	0.128090	0.132195	-0.975546	-0.175595
17030	9.524242	1.087456	-1.815835	-0.045871	-0.019157	0.014557	0.152226	-0.155258	0.976075	-0.979533	-0.155286	0.128065	0.131688	-0.975593	-0.175719
17031	9.548867	1.055374	-1.921781	0.012972	-0.013929	0.010710	0.151877	-0.155618	0.976072	-0.979570	-0.155398	0.127646	0.131815	-0.975518	-0.176040
17032	9.582952	1.304950	-1.961328	0.031798	-0.008080	0.007220	0.151848	-0.155703	0.976063	-0.979538	-0.155672	0.127556	0.132085	-0.975460	-0.176156
17033	9.493278	1.449832	-1.941530	0.003624	-0.005048	0.010342	0.152074	-0.155747	0.976021	-0.979547	-0.155396	0.127827	0.131761	-0.975497	-0.176193
17034	9.438266	1.345674	-1.878144	-0.055746	-0.007662	0.004196	0.152075	-0.155823	0.976008	-0.979626	-0.154822	0.127921	0.131175	-0.975576	-0.176192
17035	9.591154	1.311841	-1.831016	-0.128326	-0.008795	0.003634	0.152078	-0.155900	0.975996	-0.979766	-0.153780	0.128102	0.130118	-0.975729	-0.176132
17036	9.613080	1.358861	-1.906118	-0.174270	-0.004434	0.010237	0.152015	-0.155953	0.975997	-0.980006	-0.152040	0.128345	0.128375	-0.975993	-0.175947
17037	9.581633	1.326280	-1.940741	-0.191417	0.006945	0.023833	0.151724	-0.156166	0.976008	-0.980233	-0.150627	0.128279	0.126980	-0.976178	-0.175933
17038	9.529865	1.314294	-1.928723	-0.164408	0.017363	0.027879	0.151460	-0.156034	0.976070	-0.980481	-0.148955	0.128332	0.125366	-0.976456	-0.175549
17039	9.618811	1.227124	-1.935542	-0.132024	0.023764	0.030780	0.151012	-0.155850	0.976169	-0.980746	-0.147317	0.128200	0.123827	-0.976734	-0.175096
17040	9.601758	1.213702	-1.920993	-0.089878	0.026173	0.030887	0.150707	-0.155635	0.976250	-0.980902	-0.146367	0.128091	0.122956	-0.976911	-0.174722
17041	9.624824	1.341117	-2.006263	-0.050810	0.031005	0.030665	0.150642	-0.155431	0.976293	-0.980878	-0.146602	0.128009	0.123230	-0.976908	-0.174543
17042	9.608304	1.450994	-2.010468	-0.024874	0.043742	0.046180	0.150166	-0.155067	0.976424	-0.980977	-0.146264	0.127638	0.123023	-0.977016	-0.174081
17043	9.641504	1.439136	-1.962202	-0.015781	0.042546	0.049777	0.149862	-0.154784	0.976516	-0.981008	-0.146297	0.127363	0.123147	-0.977056	-0.173769
17044	9.570954	1.216591	-1.889406	-0.006037	0.046586	0.057795	0.149270	-0.154409	0.976666	-0.981100	-0.146126	0.126845	0.123130	-0.977141	-0.173303
17045	9.542551	0.957144	-1.676984	0.047492	0.046171	0.060054	0.148613	-0.153947	0.976839	-0.981108	-0.146674	0.126147	0.123857	-0.977132	-0.172836
17046	9.544726	0.957217	-1.441941	0.103836	0.043008	0.055125	0.148050	-0.153603	0.976979	-0.981060	-0.147581	0.125466	0.124912	-0.977050	-0.172543
17047	9.534865	1.086704	-1.299222	0.131732	0.036377	0.039418	0.147863	-0.153279	0.977058	-0.980893	-0.149022	0.125065	0.126433	-0.976882	-0.172385
17048	9.531912	1.483259	-1.279022	0.114135	0.036351	0.045983	0.147398	-0.152988	0.977174	-0.980815	-0.150044	0.124456	0.127578	-0.976771	-0.172169
17049	9.501525	1.484722	-1.321665	0.087689	0.022078	0.055028	0.146782	-0.152822	0.977292	-0.980746	-0.151145	0.123666	0.128814	-0.976627	-0.172065
17050	9.499120	1.387301	-1.266648	0.084923	0.013752	0.050143	0.146305	-0.152760	0.977374	-0.980708	-0.151875	0.123066	0.129639	-0.976524	-0.172033
17051	9.502969	1.388649	-1.308320	0.064375	0.003829	0.063766	0.145947	-0.152624	0.977448	-0.980715	-0.152144	0.122678	0.129989	-0.976503	-0.171886
17052	9.431712	1.332134	-1.266086	0.034592	-0.008297	0.064938	0.145353	-0.152799	0.977510	-0.980764	-0.152359	0.122021	0.130288	-0.976442	-0.172006
17053	9.483834	1.397366	-1.265189	-0.007883	-0.021854	0.061519	0.144738	-0.153077	0.977557	-0.980796	-0.152723	0.121302	0.130727	-0.976342	-0.172242
17054	9.473521	1.377440	-1.357188	-0.040360	-0.035815	0.067945	0.144150	-0.153526	0.977574	-0.980946	-0.152201	0.120744	0.130251	-0.976353	-0.172540
17055	9.467678	1.313985	-1.271293	-0.029761	-0.051512	0.075058	0.143455	-0.154077	0.977589	-0.981043	-0.152186	0.119976	0.130290	-0.976268	-0.172988
17056	9.484699	1.336814	-1.269717	-0.056439	-0.067590	0.075937	0.142830	-0.154847	0.977559	-0.981224	-0.151494	0.119368	0.129610	-0.976254	-0.173577
17057	9.545927	1.365985	-1.408760	-0.058164	-0.079756	0.075333	0.142388	-0.155826	0.977468	-0.981415	-0.150579	0.118958	0.128650	-0.976240	-0.174371
17058	9.570817	1.370203	-1.526997	-0.059997	-0.084033	0.081752	0.141726	-0.156764	0.977414	-0.981607	-0.149843	0.118301	0.127913	-0.976203	-0.175118
17059	9.577203	1.219255	-1.632932	-0.063941	-0.091391	0.087692	0.140894	-0.157865	0.977357	-0.981681	-0.150172	0.117262	0.128260	-0.975975	-0.176132
17060	9.545874	1.060132	-1.700463	-0.035691	-0.092900	0.088976	0.140172	-0.158901	0.977293	-0.981851	-0.149660	0.116492	0.127751	-0.975885	-0.176995
17061	9.474136	0.985726	-1.683123	0.001083	-0.089968	0.085133	0.139771	-0.159737	0.977214	-0.981915	-0.149632	0.115985	0.127695	-0.975753	-0.177762
17062	9.560410	1.090653	-1.693599	-0.005719	-0.093327	0.078778	0.139149	-0.160761	0.977135	-0.982032	-0.149427	0.115262	0.127481	-0.975617	-0.178665
17063	9.654638	1.018523	-1.837510	-0.052579	-0.090897	0.078602	0.138625	-0.161740	0.977048	-0.982054	-0.149844	0.114530	0.127881	-0.975391	-0.179609
17064	9.657758	0.844558	-2.192838	-0.076856	-0.081713	0.075239	0.138023	-0.162645	0.976983	-0.982255	-0.148950	0.113971	0.126985	-0.975377	-0.180317
17065	9.647585	0.674339	-2.619217	-0.027950	-0.063938	0.074197	0.137343	-0.163542	0.976929	-0.982313	-0.149214	0.113121	0.127271	-0.975187	-0.181143
17066	9.704863	0.635861	-2.726902	0.055424	-0.035674	0.073292	0.136701	-0.163996	0.976943	-0.982342	-0.149612	0.112341	0.127739	-0.975050	-0.181552
17067	9.744016	1.137829	-2.745714	0.069554	-0.008596	0.064156	0.136261	-0.164170	0.976976	-0.982184	-0.151214	0.111577	0.129415	-0.974773	-0.181850
17068	9.628072	1.310691	-2.791055	0.015961	0.018743	0.068106	0.135599	-0.164087	0.977082	-0.982255	-0.151236	0.110919	0.129570	-0.974784	-0.181683
17069	9.606362	1.334126	-2.683219	0.007245	0.045484	0.081201	0.135183	-0.163182	0.977291	-0.982145	-0.152312	0.110422	0.130834	-0.974768	-0.180858
17070	9.591976	1.296009	-2.411389	-0.017539	0.067077	0.095691	0.134187	-0.162669	0.977513	-0.982296	-0.151962	0.109556	0.130724	-0.974908	-0.180180
17071	9.632938	1.336456	-2.176384	-0.069368	0.083243	0.095538	0.133591	-0.161773	0.977744	-0.982299	-0.152338	0.109008	0.131313	-0.974999	-0.179260
17072	9.598080	1.221066	-2.132083	-0.102479	0.095663	0.096797	0.132547	-0.160982	0.978016	-0.982561	-0.151160	0.108282	0.130405	-0.975313	-0.178210
17073	9.537564	1.111730	-1.957741	-0.103703	0.110554	0.100907	0.131595	-0.160040	0.978300	-0.982813	-0.149951	0.107671	0.129465	-0.975655	-0.177022
17074	9.589845	1.223495	-1.617548	-0.110153	0.112551	0.111617	0.130385	-0.159104	0.978614	-0.983101	-0.148675	0.106811	0.128502	-0.976003	-0.175800
17075	9.546241	1.376407	-1.390453	-0.152998	0.108976	0.116015	0.129234	-0.157994	0.978947	-0.983414	-0.147118	0.106080	0.127260	-0.976419	-0.174386
17076	9.521747	1.213949	-1.266056	-0.183942	0.099797	0.116109	0.127999	-0.157184	0.979239	-0.983795	-0.145115	0.105301	0.125551	-0.976849	-0.173212
17077	9.445650	1.257760	-1.106231	-0.194147	0.089685	0.114352	0.126885	-0.156408	0.979508	-0.983952	-0.144742	0.104348	0.125455	-0.977029	-0.172263
17078	9.426327	1.170099	-1.055746	-0.212853	0.070571	0.115687	0.125691	-0.155880	0.979747	-0.984362	-0.142458	0.103618	0.123421	-0.977449	-0.171348
17079	9.438150	0.938750	-1.004928	-0.168250	0.052408	0.122845	0.124673	-0.155167	0.979990	-0.984433	-0.142668	0.102649	0.123886	-0.977532	-0.170539
17080	9.506712	0.960937	-0.959449	-0.130387	0.026077	0.117797	0.123513	-0.155075	0.980151	-0.984740	-0.141187	0.101754	0.122605	-0.977762	-0.170147
17081	9.546913	1.000565	-1.001538	-0.141529	0.001286	0.116387	0.122929	-0.154829	0.980263	-0.984750	-0.141564	0.101133	0.123112	-0.977746	-0.169870
17082	9.528467	1.050514	-1.192386	-0.123039	-0.019915	0.115611	0.121848	-0.155181	0.980343	-0.985041	-0.140158	0.100246	0.121847	-0.977893	-0.169938
17083	9.574484	1.182184	-1.291479	-0.124947	-0.044244	0.125988	0.120722	-0.155901	0.980368	-0.985420	-0.138094	0.099384	0.119888	-0.978072	-0.170299
17084	9.580919	1.130486	-1.389265	-0.167801	-0.055192	0.126992	0.119570	-0.156610	0.980396	-0.985772	-0.136230	0.098464	0.118139	-0.978220	-0.170671
17085	9.583127	0.711175	-1.579138	-0.180805	-0.062295	0.136204	0.118761	-0.157280	0.980387	-0.985891	-0.135983	0.097613	0.117963	-0.978147	-0.171210
17086	9.580173	0.375003	-1.681786	-0.100586	-0.067342	0.127135	0.117621	-0.158106	0.980392	-0.986158	-0.134776	0.096577	0.116864	-0.978181	-0.171770
17087	9.669429	0.715998	-1.578169	0.007179	-0.062720	0.125915	0.116937	-0.158705	0.980377	-0.985909	-0.137453	0.095346	0.119624	-0.977711	-0.172542
17088	9.603999	1.122967	-1.443257	0.011055	-0.061392	0.133821	0.115725	-0.159485	0.980394	-0.986050	-0.137326	0.094053	0.119633	-0.977602	-0.173152
17089	9.622339	1.138519	-1.442304	0.000211	-0.070237	0.137742	0.114924	-0.160221	0.980368	-0.985951	-0.138827	0.092890	0.121219	-0.977270	-0.173925
17090	9.580449	1.159120	-1.315468	-0.021918	-0.079125	0.138259	0.113691	-0.161181	0.980355	-0.986135	-0.138369	0.091611	0.120885	-0.977177	-0.174678
17091	9.622130	1.236813	-1.373955	-0.028401	-0.103329	0.150255	0.113292	-0.161790	0.980300	-0.985627	-0.142748	0.090349	0.125318	-0.976446	-0.175637
17092	9.671745	1.349284	-1.266970	-0.045821	-0.111824	0.160485	0.111885	-0.163106	0.980244	-0.985864	-0.142019	0.088895	0.124714	-0.976334	-0.176690
17093	9.650435	1.221492	-1.274479	-0.043596	-0.131545	0.171183	0.111248	-0.164108	0.980149	-0.985395	-0.146161	0.087371	0.128921	-0.975554	-0.177971
17094	9.676385	1.302304	-1.077681	-0.039876	-0.153281	0.181694	0.109689	-0.165863	0.980029	-0.985647	-0.145452	0.085701	0.128332	-0.975363	-0.179437
17095	9.412457	0.693859	-1.149455	-0.077612	-0.174051	0.179013	0.108975	-0.167210	0.979880	-0.985109	-0.150043	0.083953	0.132987	-0.974437	-0.181071
17096	9.319020	0.186855	-1.147004	0.043314	-0.201291	0.171466	0.107588	-0.169423	0.979653	-0.985237	-0.150156	0.082233	0.133168	-0.974038	-0.183077
17097	9.547350	0.796012	-0.746349	0.191252	-0.230084	0.171981	0.105837	-0.172235	0.979354	-0.985451	-0.149878	0.080137	0.132981	-0.973587	-0.185592
17098	9.499067	1.706882	-0.336154	0.175047	-0.266292	0.187265	0.104382	-0.175103	0.979001	-0.985414	-0.151236	0.078016	0.134400	-0.972865	-0.188336
17099	9.307539	1.809637	-0.180273	0.100972	-0.322925	0.200144	0.102946	-0.178413	0.978555	-0.985254	-0.153452	0.075673	0.136660	-0.971916	-0.191580
17100	9.335298	1.654065	-0.155162	0.137979	-0.382585	0.220562	0.101331	-0.182464	0.977977	-0.985291	-0.154374	0.073287	0.137602	-0.971018	-0.195423
17101	9.855007	1.862478	0.153227	0.091768	-0.442477	0.250604	0.100374	-0.186593	0.977296	-0.984557	-0.160227	0.070528	0.143429	-0.969283	-0.199794
17102	9.541255	1.520327	-0.162399	0.103690	-0.501494	0.269218	0.098477	-0.191878	0.976466	-0.984677	-0.160701	0.067727	0.143924	-0.968173	-0.204763
17103	9.736618	1.695191	0.092860	0.126256	-0.575573	0.297258	0.096969	-0.197846	0.975425	-0.984179	-0.165076	0.064357	0.148286	-0.966233	-0.210723
17104	10.273376	1.610472	0.100297	0.039109	-0.638365	0.326638	0.094733	-0.204543	0.974263	-0.984435	-0.164776	0.061128	0.148032	-0.964889	-0.216969
17105	10.213935	1.332873	-0.106218	-0.004410	-0.708326	0.340031	0.093358	-0.211386	0.972934	-0.983992	-0.168584	0.057791	0.151805	-0.962754	-0.223741
17106	10.121163	1.173860	-0.094214	0.018897	-0.774453	0.359455	0.091027	-0.219435	0.971371	-0.984296	-0.167971	0.054293	0.151249	-0.961059	-0.231279
17107	10.124470	0.915319	-0.033894	0.066746	-0.843848	0.357558	0.088797	-0.228296	0.969534	-0.984489	-0.167987	0.050610	0.151315	-0.958990	-0.239672
17108	10.252712	1.147935	0.219279	0.134405	-0.892463	0.356732	0.086670	-0.237439	0.967528	-0.984600	-0.168425	0.046866	0.151828	-0.956690	-0.248380
17109	10.392869	1.644488	0.515539	0.096323	-0.957729	0.365082	0.086044	-0.246741	0.965254	-0.983664	-0.174801	0.043003	0.158117	-0.953186	-0.257751
17110	10.564410	1.894773	0.324305	-0.133400	-1.034837	0.367027	0.084090	-0.257225	0.962686	-0.984187	-0.172588	0.039854	0.155897	-0.950815	-0.267670
17111	10.809897	1.324582	-0.152903	-0.272843	-1.103626	0.359370	0.081725	-0.268573	0.959786	-0.985159	-0.167611	0.036984	0.150937	-0.948565	-0.278285
17112	11.613443	0.186438	-0.284398	-0.333029	-1.160950	0.374013	0.079799	-0.280185	0.956624	-0.985958	-0.163413	0.034384	0.146690	-0.945935	-0.289291
17113	11.628685	-0.239492	-0.672947	-0.147234	-1.207920	0.416446	0.076689	-0.292625	0.953147	-0.986813	-0.158949	0.030599	0.142548	-0.942924	-0.300956
17114	11.499107	1.302851	-0.066079	-0.129726	-1.285579	0.442623	0.074170	-0.305418	0.949325	-0.987331	-0.156388	0.026826	0.140270	-0.939288	-0.313148
17115	11.615971	1.204885	-0.059224	-0.319505	-1.369909	0.479440	0.071538	-0.318923	0.945077	-0.987977	-0.152850	0.023205	0.137054	-0.935374	-0.326024
17116	11.817122	1.114389	-0.125740	-0.357294	-1.453994	0.496616	0.068620	-0.333237	0.940343	-0.988808	-0.147880	0.019752	0.132476	-0.931174	-0.339655
17117	12.235039	1.427526	-0.093687	-0.414342	-1.522806	0.534723	0.065331	-0.348072	0.935189	-0.989662	-0.142515	0.016093	0.127677	-0.926572	-0.353784
17118	12.223019	1.972854	-0.299353	-0.374167	-1.583462	0.593630	0.061469	-0.363530	0.929552	-0.990509	-0.136931	0.011949	0.122941	-0.921464	-0.368496
17119	12.051450	3.320446	0.074688	-0.392371	-1.646891	0.681904	0.056040	-0.379578	0.923461	-0.991636	-0.128862	0.007210	0.116262	-0.916142	-0.383624
17120	12.136507	3.388670	-0.506893	-0.627957	-1.723806	0.778639	0.050288	-0.396286	0.916749	-0.992759	-0.120093	0.002544	0.109087	-0.910239	-0.399456
17121	12.096497	3.211847	-0.944396	-0.625080	-1.776415	0.851943	0.043759	-0.413366	0.909513	-0.993840	-0.110797	-0.002540	0.101822	-0.903799	-0.415668
17122	11.799343	3.886931	-0.846303	-0.829109	-1.792394	0.910479	0.036481	-0.430462	0.901871	-0.995013	-0.099479	-0.007232	0.092831	-0.897110	-0.431944
17123	10.948502	4.342860	-1.928919	-1.211980	-1.829646	0.923624	0.026936	-0.447806	0.893725	-0.996711	-0.080394	-0.010242	0.076437	-0.890509	-0.448498
17124	10.320019	4.017087	-3.151627	-1.446619	-1.840653	0.909455	0.019167	-0.464783	0.885217	-0.997919	-0.063405	-0.011684	0.061558	-0.883152	-0.465031
17125	10.139009	2.810030	-4.214560	-1.544709	-1.819039	0.897487	0.007934	-0.481581	0.876366	-0.999173	-0.038770	-0.012259	0.039880	-0.875544	-0.481490
17126	9.486578	1.606537	-5.396107	-1.413875	-1.755878	0.894678	-0.000401	-0.497156	0.867661	-0.999671	-0.022062	-0.013103	0.025657	-0.867381	-0.496983
17127	8.947366	1.184254	-6.357383	-1.188886	-1.672675	0.852582	-0.010540	-0.511841	0.859016	-0.999892	-0.003370	-0.014276	0.010202	-0.859074	-0.511750
17128	8.532452	0.845142	-7.262833	-0.999905	-1.561656	0.804617	-0.018470	-0.525171	0.850796	-0.999829	0.009356	-0.015930	0.000406	-0.850945	-0.525254
17129	8.192241	0.241164	-8.253269	-0.852759	-1.407479	0.747204	-0.029549	-0.537253	0.842904	-0.999469	0.027442	-0.017547	-0.013704	-0.842975	-0.537779
17130	7.538840	0.093973	-8.489986	-0.650722	-1.203821	0.697516	-0.036689	-0.547140	0.836237	-0.999130	0.036689	-0.019831	-0.019831	-0.836237	-0.548010
17131	6.672686	0.060736	-7.971075	-0.456160	-0.977377	0.672221	-0.046553	-0.555514	0.830203	-0.998523	0.049183	-0.023082	-0.028009	-0.830051	-0.556983
17132	5.811564	1.352233	-7.326945	-0.352853	-0.802124	0.682459	-0.053572	-0.561800	0.825537	-0.998078	0.055915	-0.026717	-0.031151	-0.825381	-0.563716
17133	5.249787	3.920718	-6.449963	-0.662857	-0.653550	0.677333	-0.061566	-0.567105	0.821341	-0.997325	0.067433	-0.028197	-0.039395	-0.820880	-0.569740
17134	5.882686	4.938823	-4.998398	-1.357919	-0.470085	0.677693	-0.068505	-0.570454	0.818467	-0.996261	0.082407	-0.025950	-0.052644	-0.817185	-0.573967
17135	5.981364	4.299058	-4.508592	-2.249325	-0.227169	0.640532	-0.075175	-0.572126	0.816714	-0.994278	0.105345	-0.017723	-0.075897	-0.813372	-0.576771
17136	5.968410	2.644010	-4.818064	-2.879609	0.024950	0.551377	-0.080594	-0.571278	0.816790	-0.991252	0.131868	-0.005578	-0.104522	-0.810094	-0.576908
17137	6.066559	1.313737	-5.138810	-3.236623	0.304712	0.475766	-0.085086	-0.568376	0.818357	-0.986830	0.161477	0.009548	-0.137573	-0.806767	-0.574631
17138	6.028032	0.119737	-5.627229	-3.297900	0.591768	0.426549	-0.088340	-0.562870	0.821811	-0.981379	0.190452	0.024950	-0.170559	-0.804304	-0.569213
17139	6.161641	-0.497135	-5.781657	-3.087930	0.893950	0.409784	-0.090771	-0.555051	0.826849	-0.975236	0.217689	0.039071	-0.201682	-0.802826	-0.561066
17140	6.208136	-0.592283	-5.880254	-2.777576	1.188987	0.405481	-0.092116	-0.544585	0.833632	-0.968872	0.242215	0.051171	-0.229785	-0.802969	-0.549945
17141	6.291565	-0.297372	-5.769571	-2.432618	1.466481	0.391580	-0.092368	-0.531919	0.841742	-0.962577	0.264006	0.061205	-0.254782	-0.804588	-0.536399
17142	6.439303	-0.207260	-5.665696	-2.118462	1.731597	0.383391	-0.091415	-0.516924	0.851136	-0.956594	0.283092	0.069191	-0.276716	-0.807867	-0.520365
17143	6.689175	-0.286102	-5.440204	-1.807772	1.984630	0.365733	-0.089166	-0.499724	0.861583	-0.951001	0.299832	0.075484	-0.296051	-0.812636	-0.501973
17144	6.636563	-0.455017	-5.043143	-1.494614	2.223521	0.345262	-0.085649	-0.480541	0.872780	-0.946152	0.313713	0.079877	-0.312186	-0.818941	-0.481534
17145	6.509962	-0.546538	-4.564692	-1.147004	2.426837	0.310406	-0.080862	-0.459526	0.884475	-0.942169	0.324796	0.082610	-0.325236	-0.826646	-0.459215
17146	6.561451	-0.632638	-4.483484	-0.916970	2.609173	0.267346	-0.074721	-0.436980	0.896362	-0.938928	0.333611	0.084368	-0.335904	-0.835315	-0.435221
17147	6.662046	-0.674641	-4.846761	-0.641000	2.799711	0.241010	-0.067480	-0.412546	0.908434	-0.936489	0.340252	0.084954	-0.344144	-0.845005	-0.409305
17148	6.795989	-0.091938	-4.502828	-0.395393	2.961744	0.182555	-0.058883	-0.386755	0.920301	-0.934999	0.344342	0.084886	-0.349728	-0.855482	-0.381892
17149	7.024450	0.342419	-4.231642	-0.362480	3.073285	0.104519	-0.049032	-0.359852	0.931720	-0.933575	0.348081	0.085308	-0.355012	-0.865648	-0.353016
17150	7.513462	0.081446	-4.329935	-0.392859	3.157903	0.032227	-0.038011	-0.332268	0.942419	-0.932153	0.351613	0.086371	-0.360065	-0.875195	-0.323090
17151	7.989521	-0.493878	-4.510735	-0.300333	3.261139	-0.017256	-0.026034	-0.303550	0.952460	-0.930986	0.354413	0.087504	-0.364126	-0.884448	-0.291828
17152	8.330379	-0.679314	-4.556876	-0.165160	3.356600	-0.073370	-0.013062	-0.273986	0.961645	-0.930392	0.355672	0.088699	-0.366333	-0.893549	-0.259560
17153	8.744452	-0.597720	-4.756375	-0.036581	3.435195	-0.109930	0.000584	-0.243451	0.969913	-0.930183	0.355918	0.089896	-0.367095	-0.902249	-0.226247
17154	9.164071	-0.477439	-4.781582	0.108819	3.507453	-0.132562	0.014701	-0.212145	0.977128	-0.930567	0.354635	0.090996	-0.365827	-0.910620	-0.192201
17155	9.468111	-0.324973	-4.576121	0.219846	3.563230	-0.158920	0.029199	-0.180049	0.983224	-0.931262	0.352490	0.092205	-0.363178	-0.918332	-0.157380
17156	9.814873	-0.230895	-4.336554	0.315033	3.603842	-0.176681	0.043889	-0.147462	0.988093	-0.932329	0.349304	0.093542	-0.358939	-0.925333	-0.122153
17157	9.954150	0.089307	-3.609216	0.348899	3.605819	-0.176030	0.058421	-0.114543	0.991699	-0.933428	0.345972	0.094949	-0.353976	-0.931227	-0.086705
17158	10.053649	-0.082035	-3.457458	0.336166	3.550669	-0.175525	0.072564	-0.082014	0.993986	-0.934487	0.342671	0.096494	-0.348524	-0.935869	-0.051776
17159	10.290481	-0.379223	-3.415436	0.566563	3.455969	-0.194794	0.086346	-0.050203	0.995000	-0.936225	0.337382	0.098268	-0.340628	-0.940028	-0.017870
17160	10.587302	-0.213761	-2.984313	0.982485	3.338073	-0.214103	0.099550	-0.019477	0.994842	-0.939304	0.328061	0.100416	-0.328325	-0.944456	0.014364
17161	10.738987	0.746365	-2.039238	1.298711	3.190217	-0.237112	0.112058	0.010007	0.993651	-0.943175	0.315870	0.103184	-0.312832	-0.948750	0.044834
17162	10.629660	2.092702	-1.053019	1.352572	3.005499	-0.233900	0.123457	0.037836	0.991628	-0.947013	0.303083	0.106338	-0.296522	-0.952213	0.073248
17163	10.331136	2.970092	-0.392822	1.102182	2.771266	-0.207967	0.133504	0.063662	0.989001	-0.949901	0.292787	0.109379	-0.282604	-0.954056	0.099560
17164	9.830955	3.135217	0.203600	0.773557	2.471919	-0.162263	0.141931	0.086766	0.986067	-0.951813	0.285544	0.111876	-0.271858	-0.954430	0.123112
17165	10.234800	3.349401	1.178248	0.479524	2.124103	-0.163264	0.149253	0.106589	0.983037	-0.952819	0.281251	0.114169	-0.264311	-0.953696	0.143537
17166	8.797168	3.264727	2.089471	-0.271146	1.714071	-0.138321	0.155132	0.122506	0.980269	-0.951882	0.284009	0.115146	-0.264299	-0.950963	0.160670
17167	6.870194	0.239887	0.482532	-0.779143	1.138438	-0.113178	0.159328	0.132986	0.978228	-0.949578	0.291677	0.115009	-0.270032	-0.947227	0.172752
17168	7.810974	-0.880093	0.639777	-0.770861	0.594177	-0.128915	0.162205	0.138208	0.977030	-0.947255	0.299159	0.114943	-0.276402	-0.944141	0.179443
17169	7.207751	-1.211672	0.277751	-0.790718	0.057728	-0.156572	0.163921	0.138284	0.976733	-0.944742	0.306947	0.115095	-0.283889	-0.941627	0.180958
17170	6.380116	-0.094753	0.350373	-0.764603	-0.512300	-0.174443	0.164123	0.132906	0.977445	-0.942244	0.314395	0.115463	-0.291958	-0.939943	0.176829
17171	6.903103	1.046426	0.400665	-1.026558	-1.123785	-0.137391	0.162123	0.121914	0.979210	-0.938933	0.324285	0.115081	-0.303514	-0.938070	0.167043
17172	11.433077	-0.898584	2.691148	-1.159941	-1.337952	-0.077972	0.158737	0.109103	0.981274	-0.935202	0.335261	0.114008	-0.316544	-0.935787	0.155252
17173	14.530921	-3.629471	6.343240	-0.872732	-0.907914	0.045929	0.155438	0.100775	0.982692	-0.932439	0.343442	0.112269	-0.326184	-0.933752	0.147350
17174	11.787325	0.569719	7.283272	-1.283756	-0.644375	0.066093	0.152710	0.094983	0.983696	-0.928261	0.355356	0.109791	-0.339134	-0.929892	0.142436
17175	9.608303	0.388100	3.623235	-2.271582	-0.846013	0.053141	0.149291	0.087377	0.984925	-0.920350	0.376427	0.106108	-0.361480	-0.922317	0.136615
17176	9.450061	-6.928385	0.493850	-1.949346	-1.049269	0.053209	0.144938	0.077920	0.986368	-0.913182	0.394313	0.103034	-0.380910	-0.915667	0.128306
17177	10.696607	-9.627833	-0.082761	-0.538853	-1.036475	0.024418	0.140745	0.068584	0.987667	-0.911131	0.399267	0.102113	-0.387339	-0.914266	0.118684
17178	11.068309	-5.256603	-0.075767	0.809575	-0.991006	-0.077742	0.137675	0.059178	0.988708	-0.914124	0.391914	0.103832	-0.381344	-0.918097	0.108053
17179	10.887511	0.929109	0.229437	1.429057	-1.003691	-0.181928	0.135539	0.049304	0.989544	-0.919262	0.378814	0.107038	-0.369576	-0.924159	0.096668
17180	10.153765	6.626673	1.249932	1.510670	-1.142075	-0.327788	0.134440	0.037477	0.990213	-0.924300	0.364963	0.111678	-0.357206	-0.930267	0.083706
17181	10.749293	8.020085	1.602566	0.728549	-1.301992	-0.422361	0.133716	0.023897	0.990732	-0.926325	0.358298	0.116381	-0.352196	-0.933301	0.070046
17182	9.918621	3.013273	0.039651	0.153175	-1.292297	-0.366508	0.132588	0.010502	0.991116	-0.926367	0.356944	0.120143	-0.352511	-0.934067	0.057056
17183	9.015375	0.082284	-2.351164	0.389196	-1.245723	-0.240656	0.130444	-0.001949	0.991454	-0.927417	0.353327	0.122713	-0.350546	-0.935498	0.044281
17184	9.384209	-0.192902	-3.292062	0.819218	-1.173056	-0.179848	0.128068	-0.013586	0.991672	-0.930022	0.345650	0.124841	-0.344467	-0.938265	0.031632
17185	9.968073	1.075004	-3.344442	1.084879	-1.068386	-0.124016	0.125591	-0.024005	0.991792	-0.933561	0.335414	0.126336	-0.335694	-0.941765	0.019714
17186	9.907754	3.675026	-2.488702	0.729302	-1.005765	-0.088175	0.123098	-0.033798	0.991819	-0.935871	0.328524	0.127349	-0.330140	-0.943891	0.008810
17187	10.010092	2.663994	-3.267666	0.089418	-1.000655	-0.097216	0.120701	-0.043543	0.991733	-0.936056	0.327621	0.128309	-0.330499	-0.943805	-0.001214
17188	10.135998	0.469691	-3.553546	-0.098447	-0.921978	-0.087225	0.118492	-0.052543	0.991564	-0.935617	0.328518	0.129215	-0.332536	-0.943035	-0.010234
17189	10.069110	-0.247335	-3.409695	0.013797	-0.781820	-0.075688	0.116598	-0.060153	0.991356	-0.935587	0.328311	0.129959	-0.333290	-0.942653	-0.017998
17190	9.701899	0.515394	-3.252236	0.220983	-0.638999	-0.082963	0.115279	-0.066465	0.991107	-0.936217	0.326185	0.130769	-0.331976	-0.942966	-0.024623
17191	9.709411	1.679710	-2.547813	0.291895	-0.556422	-0.091316	0.114296	-0.071993	0.990835	-0.937098	0.323313	0.131589	-0.329824	-0.943549	-0.030511
17192	9.770066	2.299255	-1.652326	0.165351	-0.521615	-0.079397	0.113353	-0.077188	0.990552	-0.937544	0.321704	0.132356	-0.328880	-0.943689	-0.035901
17193	9.820364	2.320600	-0.910804	-0.074994	-0.514632	-0.048370	0.112112	-0.082198	0.990290	-0.937262	0.322318	0.132862	-0.330109	-0.943056	-0.040905
17194	9.679130	1.833299	-0.647869	-0.250218	-0.511491	-0.019664	0.110631	-0.087098	0.990038	-0.936402	0.324669	0.133200	-0.333036	-0.941809	-0.045640
17195	9.511892	1.269608	-0.339410	-0.307624	-0.518368	-0.015924	0.109050	-0.092045	0.989765	-0.935376	0.327484	0.133513	-0.336421	-0.940363	-0.050385
17196	9.652040	1.309713	-0.053133	-0.287499	-0.518660	-0.020115	0.107515	-0.097001	0.989460	-0.934374	0.330175	0.133898	-0.339683	-0.938922	-0.055137
17197	9.516726	1.568340	-0.079402	-0.294185	-0.510350	-0.029436	0.106054	-0.101888	0.989127	-0.933355	0.332860	0.134361	-0.342930	-0.937456	-0.059796
17198	9.600859	1.604179	-0.431492	-0.319154	-0.519736	-0.027560	0.104550	-0.106864	0.988762	-0.932218	0.335829	0.134867	-0.346467	-0.935841	-0.064510
17199	9.793826	1.430127	-0.516453	-0.323882	-0.524896	-0.020468	0.102920	-0.111843	0.988382	-0.931084	0.338791	0.135290	-0.349986	-0.934191	-0.069267
17200	9.841414	1.000048	-0.822268	-0.322372	-0.513127	-0.018418	0.101317	-0.116712	0.987984	-0.929923	0.341787	0.135738	-0.353522	-0.932502	-0.073904
17201	9.776098	1.129349	-0.829759	-0.253883	-0.493934	-0.019682	0.099757	-0.121387	0.987580	-0.929019	0.344080	0.136133	-0.356331	-0.931061	-0.078446
17202	9.691929	1.544846	-0.912202	-0.207233	-0.483416	-0.008891	0.098141	-0.125932	0.987172	-0.928262	0.346004	0.136423	-0.358746	-0.929743	-0.082941
17203	9.611458	2.061073	-0.665091	-0.205461	-0.491371	0.001307	0.096371	-0.130497	0.986754	-0.927541	0.347864	0.136592	-0.361081	-0.928419	-0.087517
