// General information: 
//  MT Manager version: 2022.2.0 
//  XDA version: 2022.2.0 build 7381 rev 124627 built on 2023-07-19
// Device information: 
//  DeviceId: 00B4CAF0
//  ProductCode: MTW2-3A7G6
//  Firmware Version: 4.6.0
//  Hardware Version: 2.0.0
// Device settings: 
//  Filter Profile: human(46.1)
//  Option Flags: Orientation Smoother Disabled, Position/Velocity Smoother Disabled, Continuous Zero Rotation Update Disabled, AHS Disabled, ICC Disabled
// Coordinate system: ENU
PacketCounter	Acc_X	Acc_Y	Acc_Z	Gyr_X	Gyr_Y	Gyr_Z	Mat[1][1]	Mat[2][1]	Mat[3][1]	Mat[1][2]	Mat[2][2]	Mat[3][2]	Mat[1][3]	Mat[2][3]	Mat[3][3]
57976	3.276680	7.932322	7.101288	0.740654	0.021899	0.519412	0.204429	0.814410	0.543088	-0.976685	0.206842	0.057466	-0.065532	-0.542174	0.837707
57977	2.512460	6.071564	6.991833	0.559719	0.006570	-0.300200	0.207165	0.813814	0.542945	-0.976454	0.206140	0.063594	-0.060169	-0.543335	0.837357
57978	3.363757	5.917076	7.703061	0.565782	0.015693	-0.971242	0.216668	0.811848	0.542178	-0.974715	0.210983	0.073599	-0.054640	-0.544416	0.837034
57979	4.311336	6.091116	9.069582	0.218196	0.217542	-1.254482	0.228691	0.810366	0.539451	-0.972120	0.219586	0.082249	-0.051804	-0.543220	0.837991
57980	3.335170	3.707762	8.611619	-0.137425	0.372869	-1.396829	0.242459	0.809208	0.535160	-0.968752	0.231668	0.088599	-0.052284	-0.539919	0.840092
57981	3.664657	0.929081	8.787408	-0.241314	0.537686	-1.423230	0.255918	0.808834	0.529428	-0.965253	0.243747	0.094206	-0.052850	-0.535140	0.843108
57982	3.736484	-0.155986	9.132972	-0.220042	0.694490	-1.382842	0.269627	0.809047	0.522250	-0.961496	0.256130	0.099615	-0.053170	-0.529000	0.846955
57983	4.160124	-1.464537	9.616648	-0.354489	0.860439	-1.216549	0.281165	0.810513	0.513824	-0.958145	0.267162	0.102874	-0.053893	-0.521243	0.851705
57984	4.889509	-2.611817	9.773295	-0.477144	1.023951	-1.026466	0.291562	0.812977	0.504043	-0.954938	0.277983	0.104018	-0.055551	-0.511658	0.857392
57985	6.055215	-2.850762	9.877323	-0.794015	1.077323	-0.783534	0.299126	0.816357	0.494048	-0.952349	0.287764	0.101112	-0.059626	-0.500752	0.863535
57986	7.186818	-4.783128	9.177110	-0.977864	1.101357	-0.728063	0.306756	0.819648	0.483817	-0.949524	0.298582	0.096193	-0.065615	-0.488903	0.869867
57987	8.674244	-4.646255	8.181599	-1.167062	0.949748	-0.868347	0.314817	0.821835	0.474845	-0.946316	0.310418	0.090144	-0.073317	-0.477733	0.875440
57988	9.996997	-7.651294	7.303174	-1.357932	0.616729	-1.222788	0.326859	0.820831	0.468402	-0.941317	0.326908	0.083991	-0.084182	-0.468367	0.879514
57989	10.285146	-12.535000	7.009956	-0.873958	0.187913	-1.532681	0.340711	0.816810	0.465552	-0.935722	0.342705	0.083527	-0.091321	-0.464086	0.881070
57990	7.027157	-3.099158	9.286153	-0.526293	0.002027	-1.621820	0.355853	0.811109	0.464188	-0.929572	0.358366	0.086424	-0.096250	-0.462251	0.881510
57991	4.481591	0.883936	9.558712	-0.704238	-0.197139	-1.790586	0.371486	0.803912	0.464460	-0.922705	0.375183	0.088614	-0.103019	-0.461479	0.881150
57992	4.004562	1.278025	9.728841	-1.023235	-0.300446	-1.995844	0.389502	0.794808	0.465368	-0.913994	0.395873	0.088875	-0.113588	-0.459961	0.880644
57993	4.011165	-2.630986	9.899607	-1.051624	-0.345278	-1.981663	0.406499	0.785413	0.466782	-0.905164	0.415673	0.088849	-0.124245	-0.458631	0.879898
57994	4.421649	-3.635879	9.660400	-0.783877	-0.335077	-1.699389	0.421394	0.776644	0.468243	-0.897113	0.432559	0.089896	-0.132725	-0.457948	0.879015
57995	4.587667	-1.296662	9.349471	-0.549545	-0.274159	-1.363959	0.432551	0.769731	0.469483	-0.890933	0.444807	0.091574	-0.138342	-0.457888	0.878180
57996	4.907456	0.860791	9.069360	-0.470612	-0.212921	-1.135583	0.442346	0.763618	0.470338	-0.885292	0.455686	0.092775	-0.143482	-0.457425	0.877596
57997	5.220183	1.894634	8.775426	-0.484302	-0.155465	-1.013140	0.450101	0.758728	0.470894	-0.880648	0.464479	0.093372	-0.147876	-0.456719	0.877235
57998	5.337804	1.977377	8.545033	-0.473331	-0.108775	-0.916997	0.458000	0.753905	0.471024	-0.875764	0.473591	0.093535	-0.152556	-0.455345	0.877147
57999	5.201966	1.857613	8.530672	-0.444193	-0.063278	-0.787451	0.464008	0.750238	0.470998	-0.871925	0.480656	0.093365	-0.156342	-0.453997	0.877179
58000	4.889771	1.671935	8.767507	-0.375837	-0.013839	-0.626852	0.469448	0.747117	0.470569	-0.868396	0.487069	0.093015	-0.159707	-0.452306	0.877447
58001	4.437091	1.183639	9.058667	-0.288349	0.023846	-0.426047	0.472513	0.745472	0.470110	-0.866351	0.490793	0.092509	-0.161764	-0.450991	0.877747
58002	4.082161	0.589224	9.393481	-0.194338	0.055892	-0.183066	0.474195	0.744798	0.469483	-0.865160	0.493049	0.091658	-0.163211	-0.449642	0.878171
58003	4.035929	0.925910	9.280644	-0.073448	0.065896	0.058092	0.473501	0.745500	0.469069	-0.865492	0.492643	0.090703	-0.163464	-0.448924	0.878491
58004	4.617339	1.240700	9.181302	-0.140414	0.043051	0.127709	0.472472	0.746298	0.468839	-0.865857	0.492336	0.088867	-0.164505	-0.447934	0.878802
58005	4.720374	-0.484136	9.049155	-0.108887	0.030145	0.124985	0.471220	0.747132	0.468771	-0.866394	0.491672	0.087289	-0.165265	-0.447272	0.878996
58006	4.715940	-0.121179	9.050201	-0.058508	0.025433	0.100356	0.470398	0.747714	0.468668	-0.866761	0.491200	0.086300	-0.165682	-0.446818	0.879149
58007	4.813268	0.050611	9.015866	-0.021486	0.032994	0.073482	0.469700	0.748272	0.468477	-0.867141	0.490624	0.085759	-0.165675	-0.446517	0.879303
58008	4.920308	0.513663	9.000768	0.010653	0.040404	0.049362	0.469345	0.748670	0.468198	-0.867382	0.490223	0.085617	-0.165422	-0.446290	0.879466
58009	4.807044	0.946034	9.050219	0.026694	0.049393	0.033221	0.469009	0.749122	0.467811	-0.867663	0.489711	0.085695	-0.164896	-0.446094	0.879664
58010	4.854848	1.113763	8.983868	0.030877	0.051705	0.028851	0.468850	0.749469	0.467414	-0.867841	0.489373	0.085828	-0.164415	-0.445881	0.879862
58011	4.842568	1.329014	8.987271	0.025981	0.052339	0.028270	0.468654	0.749845	0.467008	-0.868031	0.489023	0.085897	-0.163969	-0.445634	0.880071
58012	4.922248	1.324658	8.886093	0.010562	0.059742	0.025622	0.468535	0.750212	0.466538	-0.868160	0.488800	0.085866	-0.163626	-0.445261	0.880323
58013	4.864565	1.207696	8.847106	-0.004361	0.085953	0.032651	0.468351	0.750764	0.465834	-0.868326	0.488541	0.085658	-0.163270	-0.444613	0.880717
58014	4.913496	1.055051	8.772574	-0.006573	0.100883	0.029603	0.468264	0.751332	0.465004	-0.868446	0.488364	0.085458	-0.162884	-0.443847	0.881175
58015	4.837332	1.248568	8.818320	-0.003874	0.121502	0.014551	0.468340	0.751921	0.463974	-0.868496	0.488297	0.085330	-0.162396	-0.442923	0.881729
58016	4.670277	1.034764	8.988753	-0.010915	0.127981	0.012423	0.468446	0.752524	0.462889	-0.868528	0.488268	0.085172	-0.161920	-0.441931	0.882315
58017	4.650532	0.798420	9.096710	-0.010917	0.123937	0.015034	0.468497	0.753137	0.461839	-0.868585	0.488199	0.084984	-0.161465	-0.440961	0.882883
58018	4.561304	0.396390	9.153795	0.004647	0.104650	0.008159	0.468601	0.753614	0.460955	-0.868622	0.488133	0.084983	-0.160963	-0.440219	0.883345
58019	4.550755	0.509461	9.208472	0.039962	0.073340	-0.008844	0.468767	0.753896	0.460324	-0.868657	0.488004	0.085360	-0.160288	-0.439878	0.883638
58020	4.606042	0.820634	9.131586	0.057684	0.053037	-0.020093	0.469032	0.754007	0.459872	-0.868647	0.487918	0.085957	-0.159567	-0.439783	0.883815
58021	4.549813	0.991551	9.180802	0.058396	0.037862	-0.007321	0.469141	0.754131	0.459558	-0.868708	0.487716	0.086485	-0.158913	-0.439795	0.883927
58022	4.539125	0.974403	9.112264	0.050802	0.019363	0.000468	0.469173	0.754195	0.459420	-0.868782	0.487505	0.086927	-0.158409	-0.439920	0.883955
58023	4.523636	0.869587	9.175000	0.053633	0.002455	0.012193	0.469060	0.754256	0.459436	-0.868925	0.487181	0.087323	-0.157964	-0.440174	0.883908
58024	4.554408	0.931020	9.109272	0.058666	-0.018058	0.015481	0.468903	0.754228	0.459642	-0.869081	0.486821	0.087766	-0.157568	-0.440620	0.883757
58025	4.783870	0.915916	8.984448	0.057923	-0.021419	0.023126	0.468650	0.754239	0.459882	-0.869284	0.486390	0.088145	-0.157199	-0.441077	0.883595
58026	4.870635	0.914503	8.880317	0.053577	-0.007894	0.027401	0.468405	0.754313	0.460009	-0.869489	0.485962	0.088488	-0.156799	-0.441421	0.883494
58027	4.913412	1.033530	8.863279	0.050611	0.015924	0.024130	0.468213	0.754487	0.459919	-0.869678	0.485567	0.088799	-0.156324	-0.441558	0.883510
58028	4.939385	1.159677	8.829506	0.037057	0.048406	0.026111	0.468068	0.754804	0.459548	-0.869849	0.485223	0.089002	-0.155804	-0.441396	0.883682
58029	4.935441	1.094233	8.802253	0.021445	0.080012	0.025083	0.467964	0.755264	0.458897	-0.869998	0.484947	0.089049	-0.155285	-0.440911	0.884016
58030	4.785132	1.250940	8.987162	0.012807	0.102057	0.032528	0.467845	0.755848	0.458056	-0.870162	0.484661	0.089008	-0.154725	-0.440225	0.884456
58031	4.674967	1.307268	9.096908	-0.010390	0.115929	0.035967	0.467699	0.756523	0.457090	-0.870316	0.484435	0.088733	-0.154302	-0.439313	0.884983
58032	4.619926	1.018122	9.079968	-0.029303	0.110735	0.044416	0.467489	0.757200	0.456182	-0.870470	0.484243	0.088267	-0.154068	-0.438356	0.885498
58033	4.557609	0.825695	9.143577	-0.019377	0.096827	0.039446	0.467288	0.757801	0.455389	-0.870621	0.484038	0.087894	-0.153819	-0.437543	0.885943
58034	4.662288	0.706636	9.173054	-0.012228	0.087560	0.030557	0.467163	0.758308	0.454673	-0.870737	0.483876	0.087642	-0.153546	-0.436844	0.886336
58035	4.689954	0.659143	9.162220	0.006889	0.076749	0.015206	0.467138	0.758704	0.454037	-0.870818	0.483736	0.087612	-0.153163	-0.436311	0.886665
58036	4.594667	0.701534	9.187443	0.020360	0.063193	0.006878	0.467181	0.758990	0.453516	-0.870873	0.483611	0.087757	-0.152719	-0.435953	0.886917
58037	4.600482	0.851848	9.278100	0.033231	0.043421	-0.004882	0.467278	0.759145	0.453155	-0.870901	0.483506	0.088053	-0.152258	-0.435798	0.887072
58038	4.530780	1.234340	9.266339	0.032729	0.018963	-0.005258	0.467359	0.759179	0.453016	-0.870918	0.483419	0.088363	-0.151913	-0.435837	0.887113
58039	4.570798	1.181648	9.211097	0.006084	0.007707	0.010113	0.467271	0.759251	0.452986	-0.870975	0.483319	0.088348	-0.151858	-0.435822	0.887129
58040	4.594924	0.825990	9.169425	0.003353	-0.004942	0.012945	0.467156	0.759268	0.453075	-0.871032	0.483222	0.088315	-0.151881	-0.435900	0.887087
58041	4.535539	0.852538	9.227159	0.016892	-0.019467	0.000937	0.467105	0.759178	0.453278	-0.871064	0.483143	0.088439	-0.151857	-0.436144	0.886971
58042	4.573357	0.969198	9.149949	0.015623	-0.035025	0.000374	0.467055	0.759003	0.453623	-0.871081	0.483087	0.088571	-0.151914	-0.436510	0.886782
58043	4.592744	0.895655	9.136193	0.012815	-0.045037	0.007263	0.466892	0.758845	0.454056	-0.871148	0.482955	0.088632	-0.152030	-0.436931	0.886554
58044	4.606998	0.991407	9.101807	0.014217	-0.051079	0.010173	0.466731	0.758647	0.454551	-0.871209	0.482831	0.088708	-0.152174	-0.437411	0.886293
58045	4.680677	1.104877	9.029050	0.002130	-0.041869	0.021764	0.466461	0.758562	0.454970	-0.871318	0.482653	0.088606	-0.152380	-0.437755	0.886087
58046	4.637765	1.045873	8.973619	-0.012701	-0.039533	0.033942	0.466110	0.758529	0.455384	-0.871449	0.482467	0.088334	-0.152704	-0.438017	0.885902
58047	4.639751	1.109314	9.002291	-0.022675	-0.026295	0.042239	0.465688	0.758610	0.455682	-0.871614	0.482244	0.087922	-0.153052	-0.438122	0.885790
58048	4.655340	1.043599	8.899416	-0.034720	-0.020433	0.053119	0.465199	0.758753	0.455943	-0.871799	0.482009	0.087367	-0.153478	-0.438134	0.885711
58049	4.689961	0.918772	8.985736	-0.046027	-0.007852	0.057076	0.464668	0.758990	0.456090	-0.872001	0.481768	0.086680	-0.153940	-0.437989	0.885702
58050	4.661978	0.950012	8.959633	-0.045432	0.000048	0.060875	0.464143	0.759259	0.456176	-0.872206	0.481521	0.085996	-0.154365	-0.437793	0.885725
58051	4.660849	1.009285	8.990509	-0.054668	0.011850	0.067487	0.463552	0.759629	0.456162	-0.872440	0.481241	0.085181	-0.154818	-0.437459	0.885811
58052	4.625624	1.024498	8.996603	-0.067422	0.021607	0.077108	0.462919	0.760071	0.456069	-0.872684	0.480966	0.084227	-0.155335	-0.436994	0.885950
58053	4.602579	1.141609	9.071494	-0.074524	0.018481	0.086815	0.462191	0.760550	0.456007	-0.872962	0.480649	0.083152	-0.155938	-0.436509	0.886083
58054	4.586694	0.975772	9.115836	-0.094430	0.020302	0.112086	0.461250	0.761154	0.455953	-0.873324	0.480223	0.081800	-0.156697	-0.435924	0.886237
58055	4.551143	0.987500	9.353597	-0.100136	0.000356	0.125844	0.460145	0.761745	0.456083	-0.873743	0.479710	0.080317	-0.157606	-0.435457	0.886305
58056	4.355390	0.953496	9.270766	-0.105904	-0.020305	0.142929	0.458869	0.762318	0.456410	-0.874224	0.479098	0.078722	-0.158654	-0.435128	0.886280
58057	4.256037	1.034801	9.757306	-0.108040	-0.084724	0.157511	0.457346	0.762696	0.457307	-0.874776	0.478366	0.077032	-0.160008	-0.435271	0.885967
58058	4.132181	1.543790	10.066077	-0.106019	-0.181619	0.174107	0.455535	0.762714	0.459081	-0.875392	0.477515	0.075291	-0.161793	-0.436173	0.885198
58059	4.188193	1.460287	10.073983	-0.190873	-0.304303	0.199999	0.453258	0.762341	0.461946	-0.876001	0.476804	0.072665	-0.164863	-0.437601	0.883926
58060	4.127788	1.019547	10.082546	-0.173110	-0.436521	0.211662	0.450681	0.761410	0.465985	-0.876661	0.475967	0.070150	-0.168381	-0.440126	0.882007
58061	4.075491	0.322282	10.233747	-0.168759	-0.581323	0.201413	0.447914	0.759789	0.471268	-0.877278	0.475185	0.067700	-0.172502	-0.443756	0.879388
58062	3.923826	0.322693	10.564480	-0.114762	-0.783455	0.189842	0.444884	0.757169	0.478303	-0.877916	0.474273	0.065787	-0.177034	-0.449178	0.875727
58063	3.727480	0.325903	10.780276	-0.080655	-1.023228	0.189827	0.441364	0.753430	0.487382	-0.878615	0.473204	0.064145	-0.182302	-0.456532	0.870830
58064	3.576031	0.728906	11.135923	0.063377	-1.294101	0.232769	0.436930	0.748532	0.498791	-0.879746	0.471179	0.063543	-0.187456	-0.466573	0.864390
58065	3.580318	2.049988	11.598810	0.009807	-1.593459	0.327616	0.430982	0.742547	0.512717	-0.881194	0.468679	0.061949	-0.194300	-0.478502	0.856320
58066	3.532773	2.485790	11.748415	-0.007477	-1.930255	0.457488	0.423119	0.735284	0.529460	-0.883124	0.465351	0.059498	-0.202637	-0.492753	0.846246
58067	3.532558	2.905433	11.791674	-0.075804	-2.342610	0.642233	0.412526	0.726539	0.549513	-0.885672	0.460998	0.055375	-0.213093	-0.509531	0.833648
58068	3.831491	3.412190	11.800402	-0.173436	-2.729111	0.890217	0.398642	0.716427	0.572553	-0.888894	0.455491	0.048945	-0.225728	-0.528450	0.818405
58069	4.090961	3.877954	11.852170	-0.246652	-3.125906	1.156903	0.380979	0.704833	0.598385	-0.892864	0.448533	0.040144	-0.240101	-0.549571	0.800202
58070	4.015370	3.427603	11.407824	-0.395916	-3.559278	1.467933	0.358996	0.691357	0.627015	-0.897304	0.440522	0.028022	-0.256841	-0.572683	0.778503
58071	5.863302	4.308443	11.042393	-0.425975	-3.816841	1.719775	0.333348	0.676559	0.656618	-0.902154	0.431195	0.013710	-0.273855	-0.596941	0.754098
58072	7.828647	7.061863	11.714733	-0.889238	-3.788103	1.979544	0.304693	0.661964	0.684811	-0.905938	0.423366	-0.006163	-0.294006	-0.618518	0.728694
58073	7.894706	4.453049	11.623070	-1.136416	-3.649776	2.119882	0.274253	0.647949	0.710597	-0.908653	0.416534	-0.029120	-0.314856	-0.637700	0.702996
58074	10.447998	4.184227	11.373812	-1.230436	-3.339411	2.128666	0.244043	0.635154	0.732818	-0.910166	0.410841	-0.052983	-0.334724	-0.654056	0.678358
58075	10.852042	3.951760	9.956759	-1.536956	-2.996841	2.092419	0.214581	0.623923	0.751449	-0.909691	0.407745	-0.078780	-0.355552	-0.666681	0.655072
58076	10.655590	1.769726	9.862158	-1.606790	-2.634595	1.847094	0.188164	0.613723	0.766771	-0.907530	0.407122	-0.103155	-0.375478	-0.676458	0.633578
58077	8.075957	3.102431	10.844293	-1.478712	-2.186517	1.404960	0.166992	0.604585	0.778839	-0.904357	0.408587	-0.123267	-0.392749	-0.683764	0.614992
58078	7.732991	8.351372	10.762708	-1.566621	-1.812982	0.316220	0.156862	0.593423	0.789458	-0.898575	0.417456	-0.135252	-0.409826	-0.688171	0.598718
58079	9.402196	7.986156	12.422404	-1.466079	-1.102585	-0.855939	0.159917	0.582202	0.797162	-0.891121	0.432546	-0.137141	-0.424653	-0.688437	0.587983
58080	3.270296	9.593219	10.731779	-1.745343	-0.495698	-1.762177	0.173378	0.570951	0.802468	-0.880622	0.454697	-0.133250	-0.440959	-0.683569	0.581626
58081	-0.288693	7.185594	8.784797	-2.032132	-0.424893	-2.424697	0.192662	0.556715	0.808053	-0.867054	0.482160	-0.125458	-0.459456	-0.676454	0.575595
58082	-1.344398	4.921911	7.821428	-2.038503	-0.533826	-2.943570	0.215449	0.538456	0.814645	-0.851481	0.512013	-0.113235	-0.478081	-0.669259	0.568798
58083	-0.768934	3.840811	8.281302	-1.916319	-0.542701	-3.300257	0.240644	0.517474	0.821165	-0.834652	0.542158	-0.097056	-0.495425	-0.662031	0.562377
58084	-0.244526	2.881754	8.699390	-1.807484	-0.349846	-3.465790	0.267494	0.495836	0.826192	-0.816737	0.571627	-0.078627	-0.511260	-0.653750	0.557875
58085	-0.288980	0.926819	8.864294	-1.617105	-0.049511	-3.439792	0.295036	0.475432	0.828806	-0.798724	0.598782	-0.059155	-0.524398	-0.644534	0.556401
58086	-0.330927	-0.657487	8.748931	-1.295363	0.303907	-3.221325	0.322095	0.457678	0.828726	-0.781919	0.622116	-0.039671	-0.533720	-0.635219	0.558247
58087	-0.265241	-1.231592	8.690014	-0.944394	0.671305	-2.832906	0.347646	0.444104	0.825781	-0.767423	0.640780	-0.021533	-0.538707	-0.626237	0.563579
58088	0.260190	-1.114318	8.805499	-0.664124	1.039172	-2.320640	0.370912	0.435496	0.820224	-0.755491	0.655130	-0.006200	-0.540053	-0.617372	0.572009
58089	1.336890	-0.835179	9.015344	-0.470867	1.462904	-1.744217	0.391890	0.433057	0.811717	-0.746375	0.665505	0.005291	-0.537910	-0.607918	0.584027
58090	2.121532	-0.724396	9.060495	-0.310126	1.938247	-1.192811	0.411117	0.436726	0.800158	-0.739914	0.672575	0.013073	-0.532457	-0.597422	0.599647
58091	2.493379	-0.926917	8.669859	-0.092070	2.397875	-0.794819	0.429622	0.445701	0.785351	-0.736177	0.676528	0.018779	-0.522942	-0.586225	0.618766
58092	2.531859	-0.143781	8.134997	0.164041	2.787177	-0.567316	0.448173	0.458008	0.767704	-0.734522	0.678152	0.024220	-0.509527	-0.574750	0.640346
58093	2.727694	0.977960	7.776712	0.336544	3.062685	-0.468971	0.466941	0.472414	0.747523	-0.734165	0.678311	0.029923	-0.492917	-0.562778	0.663562
58094	3.171912	1.812206	7.803600	0.422840	3.248895	-0.486452	0.486217	0.487164	0.725440	-0.733881	0.678305	0.036364	-0.474354	-0.550067	0.687324
58095	3.699524	1.939838	7.871594	0.478500	3.392933	-0.612733	0.506425	0.501618	0.701365	-0.733166	0.678622	0.044035	-0.453874	-0.536518	0.711440
58096	4.319448	1.790883	8.120235	0.573580	3.501095	-0.804785	0.527814	0.514666	0.675671	-0.731532	0.679687	0.053726	-0.431594	-0.522632	0.735243
58097	5.022175	1.969500	8.477780	0.663609	3.581668	-1.011732	0.550186	0.526426	0.648206	-0.728968	0.681423	0.065333	-0.407309	-0.508467	0.758657
58098	5.697041	1.944164	8.989468	0.675483	3.630527	-1.174411	0.573049	0.536575	0.619437	-0.725027	0.684292	0.077977	-0.382035	-0.493793	0.781164
58099	6.485299	0.628401	9.420410	0.690491	3.644915	-1.295813	0.595811	0.545588	0.589358	-0.720104	0.687843	0.091230	-0.355612	-0.478755	0.802704
58100	7.669239	-0.658363	9.606770	0.801772	3.637520	-1.355160	0.617961	0.553369	0.558487	-0.714607	0.691521	0.105523	-0.327812	-0.464308	0.822774
58101	8.956351	-0.795046	10.090796	0.916209	3.594659	-1.290640	0.638356	0.561047	0.526999	-0.709473	0.694424	0.120099	-0.298579	-0.450557	0.841337
58102	10.852556	-0.718742	10.832014	0.921823	3.524119	-1.135912	0.656394	0.568763	0.495637	-0.704725	0.696761	0.133738	-0.269275	-0.437073	0.858171
58103	13.115770	-2.139505	11.253113	0.915683	3.478146	-0.978214	0.672057	0.577078	0.464027	-0.700659	0.698335	0.146304	-0.239618	-0.423450	0.873655
58104	14.278727	-3.866848	10.252146	1.076294	3.429882	-0.801769	0.685354	0.585766	0.432629	-0.697620	0.698517	0.159372	-0.208844	-0.411037	0.887374
58105	14.767117	-3.601920	8.850734	1.239113	3.185723	-0.502918	0.694954	0.595352	0.403230	-0.696645	0.696374	0.172479	-0.178114	-0.400773	0.898697
58106	15.934449	-1.750212	7.357015	1.177308	2.800548	-0.096843	0.700232	0.605761	0.377795	-0.697894	0.692299	0.183484	-0.150400	-0.392142	0.907526
58107	17.160642	-0.148975	5.501209	0.960660	2.424600	0.280494	0.701558	0.617240	0.356134	-0.701276	0.686785	0.191149	-0.126603	-0.383850	0.914675
58108	17.131458	0.257209	3.629934	0.834021	2.020787	0.448043	0.700767	0.627970	0.338497	-0.705381	0.680834	0.197237	-0.106601	-0.376987	0.920064
58109	16.957360	-0.295200	2.133983	0.939868	1.505514	0.329800	0.699859	0.635948	0.325220	-0.708669	0.675174	0.204764	-0.089361	-0.373779	0.923203
58110	17.319897	-0.436212	1.628178	1.138382	1.031483	0.048075	0.700366	0.640112	0.315825	-0.709928	0.670617	0.215117	-0.074098	-0.374873	0.924110
58111	16.367882	-0.586944	1.738016	1.152594	0.663498	-0.164901	0.701959	0.641551	0.309301	-0.709580	0.667311	0.226258	-0.061244	-0.378297	0.923656
58112	14.951088	-1.469018	1.951989	1.028382	0.276876	-0.113810	0.702928	0.641826	0.306513	-0.709354	0.664136	0.236092	-0.052036	-0.383383	0.922123
58113	13.840149	2.181620	2.206133	0.025447	-0.313776	0.371182	0.700119	0.643085	0.310281	-0.711976	0.661652	0.235172	-0.054063	-0.385562	0.921097
58114	15.614606	-3.321332	3.765789	-0.508211	-0.765400	0.821003	0.693809	0.645525	0.319259	-0.717392	0.658338	0.227903	-0.063063	-0.387155	0.919855
58115	14.868479	-4.018084	5.595481	-0.510843	-0.718362	1.047039	0.685792	0.649576	0.328238	-0.724254	0.653556	0.219820	-0.071732	-0.388478	0.918662
58116	10.847728	-1.964136	7.288600	-0.712170	-0.620989	1.084560	0.677430	0.654209	0.336301	-0.731094	0.649262	0.209669	-0.081180	-0.387904	0.918118
58117	6.377583	-3.098795	8.467433	-0.709346	-0.556194	0.993019	0.669684	0.658436	0.343490	-0.737150	0.645519	0.199786	-0.090183	-0.386997	0.917660
58118	0.876834	-0.736876	9.276855	-0.473285	-0.546317	0.854617	0.662854	0.661800	0.350208	-0.742392	0.641722	0.192475	-0.097357	-0.387574	0.916683
58119	-1.698374	1.629754	11.071174	-0.518726	-0.667374	0.765959	0.656483	0.664078	0.357814	-0.746903	0.638677	0.185006	-0.105669	-0.388705	0.915283
58120	-2.544044	2.854570	12.426186	-0.465140	-0.627538	0.677279	0.650728	0.665930	0.364815	-0.750812	0.635996	0.178298	-0.113286	-0.389931	0.913849
58121	0.262324	4.736538	10.296072	-0.679266	-0.743121	0.702162	0.644561	0.667474	0.372853	-0.754553	0.633972	0.169493	-0.123246	-0.390586	0.912279
58122	5.816844	4.696949	9.304719	-1.019070	-1.232434	0.783520	0.637023	0.667590	0.385389	-0.758230	0.632743	0.157235	-0.138884	-0.392376	0.909259
58123	11.028970	0.989384	11.767091	-0.779734	-1.237158	0.408230	0.632123	0.665278	0.397272	-0.759676	0.633107	0.148555	-0.152685	-0.395703	0.905597
58124	10.376862	-1.455957	12.678534	-0.694187	-0.813517	0.099076	0.630089	0.662662	0.404806	-0.759196	0.635211	0.141873	-0.163123	-0.396719	0.903330
58125	5.568425	-4.444484	10.547536	-0.269113	-0.571992	0.109565	0.628312	0.661052	0.410163	-0.759426	0.635573	0.138992	-0.168808	-0.398818	0.901359
58126	3.052837	-0.704043	9.346056	0.079720	-0.655257	0.133007	0.626186	0.659246	0.416276	-0.760387	0.634387	0.139154	-0.172343	-0.403667	0.898527
58127	4.654762	4.136372	9.983028	-0.037883	-0.780747	0.106542	0.624003	0.656734	0.423463	-0.760984	0.633848	0.138351	-0.177552	-0.408580	0.895286
58128	4.511544	1.689716	9.367476	-0.185277	-0.775437	0.008405	0.622539	0.653582	0.430437	-0.760692	0.634565	0.136654	-0.183826	-0.412502	0.892216
58129	5.861890	0.688341	9.571734	-0.081243	-0.763560	0.052584	0.620711	0.650727	0.437347	-0.760861	0.634570	0.135689	-0.189230	-0.416984	0.888997
58130	5.679205	2.646253	9.185948	-0.082095	-0.582498	0.055252	0.619177	0.648617	0.442624	-0.761037	0.634567	0.134712	-0.193498	-0.420264	0.886531
58131	5.658657	2.653648	9.028777	-0.192454	-0.495916	0.086292	0.617548	0.647049	0.447171	-0.761185	0.634832	0.132614	-0.198071	-0.422275	0.884563
58132	5.979439	1.538044	8.800541	-0.220405	-0.337803	0.106193	0.616065	0.646273	0.450328	-0.761390	0.635089	0.130184	-0.201864	-0.423077	0.883322
58133	5.271813	1.675203	8.723910	-0.202024	-0.203115	0.124222	0.614708	0.646170	0.452325	-0.761730	0.635159	0.127832	-0.204697	-0.423129	0.882644
58134	5.252268	1.358261	8.991696	-0.232919	-0.124154	0.144550	0.613352	0.646540	0.453635	-0.762129	0.635221	0.125117	-0.207265	-0.422469	0.882361
58135	5.446204	0.188127	9.209493	-0.166453	-0.022688	0.163868	0.612059	0.647450	0.454084	-0.762771	0.634883	0.122898	-0.208719	-0.421583	0.882442
58136	4.792246	0.695603	9.134655	-0.064095	0.053831	0.151178	0.611019	0.648613	0.453825	-0.763553	0.634185	0.121641	-0.208911	-0.420844	0.882749
58137	4.607889	0.862688	9.261363	-0.048498	0.057624	0.137014	0.610094	0.649690	0.453527	-0.764274	0.633518	0.120584	-0.208975	-0.420187	0.883047
58138	4.797159	1.025040	9.116594	-0.033499	0.048930	0.141686	0.609114	0.650771	0.453296	-0.765058	0.632750	0.119641	-0.208964	-0.419673	0.883294
58139	4.747541	1.315453	9.063651	-0.050177	0.061642	0.147877	0.608112	0.651932	0.452973	-0.765840	0.632015	0.118519	-0.209019	-0.418978	0.883611
58140	4.558545	1.595653	9.134311	-0.069822	0.069942	0.163607	0.607005	0.653236	0.452579	-0.766679	0.631251	0.117156	-0.209160	-0.418097	0.883995
58141	4.680698	1.541905	9.148736	-0.124783	0.072568	0.190439	0.605698	0.654707	0.452204	-0.767558	0.630545	0.115183	-0.209724	-0.416859	0.884446
58142	4.927186	1.062342	9.001519	-0.123262	0.084291	0.180578	0.604489	0.656174	0.451696	-0.768383	0.629887	0.113272	-0.210191	-0.415547	0.884952
58143	4.510815	0.898056	9.287990	-0.119467	0.079023	0.168614	0.603362	0.657529	0.451231	-0.769135	0.629294	0.111445	-0.210678	-0.414300	0.885421
58144	4.422707	0.879081	9.264348	-0.104203	0.049484	0.160379	0.602233	0.658721	0.451002	-0.769873	0.628681	0.109794	-0.211213	-0.413336	0.885744
58145	4.522194	0.740929	9.267386	-0.101074	0.013503	0.151393	0.601096	0.659696	0.451092	-0.770557	0.628119	0.108207	-0.211956	-0.412635	0.885893
58146	4.721518	0.651210	9.164694	-0.065605	0.001312	0.135223	0.600057	0.660528	0.451258	-0.771221	0.627509	0.107011	-0.212484	-0.412232	0.885954
58147	4.778746	0.896031	9.074214	-0.046003	-0.007005	0.119503	0.599120	0.661219	0.451491	-0.771827	0.626925	0.106054	-0.212926	-0.412013	0.885950
58148	4.878226	1.011417	9.033397	-0.038267	-0.000949	0.103975	0.598316	0.661845	0.451641	-0.772359	0.626407	0.105241	-0.213258	-0.411796	0.885971
58149	4.862425	1.126101	9.060802	-0.035613	-0.000814	0.091266	0.597609	0.662383	0.451788	-0.772817	0.625966	0.104503	-0.213583	-0.411602	0.885983
58150	4.715430	1.076371	9.142818	-0.017656	0.002595	0.083441	0.596970	0.662893	0.451884	-0.773268	0.625498	0.103964	-0.213735	-0.411491	0.885998
58151	4.664193	1.228225	9.146636	-0.018549	0.003501	0.074497	0.596401	0.663343	0.451975	-0.773661	0.625097	0.103454	-0.213903	-0.411375	0.886011
58152	4.641845	0.984772	9.111666	-0.021857	0.001701	0.081140	0.595778	0.663835	0.452075	-0.774089	0.624661	0.102888	-0.214093	-0.411245	0.886026
58153	4.617574	0.896397	9.102404	0.002680	-0.005042	0.077069	0.595170	0.664265	0.452244	-0.774541	0.624155	0.102554	-0.214147	-0.411318	0.885979
58154	4.542562	1.253978	9.136872	0.006919	-0.014023	0.071246	0.594589	0.664630	0.452472	-0.774970	0.623665	0.102288	-0.214208	-0.411472	0.885893
58155	4.583982	1.195148	9.148201	-0.000821	-0.022025	0.075679	0.593955	0.664980	0.452789	-0.775406	0.623183	0.101928	-0.214390	-0.411636	0.885772
58156	4.654817	1.328781	9.071097	-0.003181	-0.027414	0.076472	0.593304	0.665322	0.453141	-0.775844	0.622699	0.101549	-0.214608	-0.411816	0.885636
58157	4.525796	1.274757	9.169364	-0.023818	-0.024283	0.086650	0.592580	0.665730	0.453489	-0.776294	0.622238	0.100936	-0.214982	-0.411853	0.885528
58158	4.643837	0.736138	9.100631	-0.020511	-0.031024	0.079278	0.591898	0.666074	0.453875	-0.776710	0.621807	0.100389	-0.215356	-0.411949	0.885392
58159	4.428234	1.029214	9.204618	-0.000682	-0.041423	0.070106	0.591264	0.666308	0.454356	-0.777111	0.621360	0.100055	-0.215651	-0.412244	0.885183
58160	4.636876	0.850604	9.124070	-0.013546	-0.055955	0.073665	0.590572	0.666513	0.454956	-0.777508	0.620937	0.099595	-0.216117	-0.412550	0.884927
58161	4.656448	1.046998	9.015822	0.009806	-0.057931	0.065143	0.589939	0.666649	0.455578	-0.777902	0.620478	0.099376	-0.216427	-0.413020	0.884632
58162	4.527542	1.471646	9.060528	-0.013995	-0.058182	0.081579	0.589179	0.666892	0.456205	-0.778343	0.620004	0.098875	-0.216910	-0.413339	0.884365
58163	4.792564	1.165967	8.915551	-0.035547	-0.052062	0.093942	0.588334	0.667230	0.456801	-0.778807	0.619542	0.098122	-0.217537	-0.413489	0.884141
58164	4.554299	1.218607	8.984670	-0.040146	-0.038781	0.097319	0.587492	0.667650	0.457271	-0.779283	0.619070	0.097318	-0.218109	-0.413516	0.883987
58165	4.655315	0.915147	8.987075	-0.055163	-0.034208	0.114163	0.586528	0.668184	0.457727	-0.779819	0.618553	0.096299	-0.218784	-0.413427	0.883862
58166	4.750046	0.862199	8.990194	-0.044293	-0.029294	0.113852	0.585577	0.668745	0.458127	-0.780381	0.617988	0.095381	-0.219331	-0.413366	0.883755
58167	4.575705	1.226613	9.022348	-0.031507	-0.029150	0.123613	0.584548	0.669358	0.458546	-0.781022	0.617308	0.094527	-0.219792	-0.413390	0.883629
58168	4.538679	1.447959	9.047712	-0.062678	-0.034959	0.136624	0.583404	0.670034	0.459015	-0.781673	0.616664	0.093341	-0.220516	-0.413255	0.883512
58169	4.715003	1.234828	8.950809	-0.069225	-0.039398	0.153217	0.582120	0.670785	0.459549	-0.782400	0.615941	0.092017	-0.221331	-0.413116	0.883373
58170	4.479909	1.553118	9.093276	-0.072370	-0.042322	0.170149	0.580694	0.671635	0.460109	-0.783220	0.615110	0.090591	-0.222174	-0.412972	0.883229
58171	4.309950	1.649430	9.297137	-0.101460	-0.073405	0.197908	0.578982	0.672516	0.460979	-0.784127	0.614218	0.088776	-0.223439	-0.412866	0.882959
58172	4.699368	1.132740	9.130908	-0.125378	-0.109450	0.217977	0.577026	0.673380	0.462168	-0.785097	0.613281	0.086658	-0.225085	-0.412851	0.882548
58173	4.523234	0.843008	9.255674	-0.110054	-0.125204	0.227884	0.574956	0.674228	0.463512	-0.786147	0.612219	0.084625	-0.226714	-0.413044	0.882040
58174	4.555513	0.702633	9.321971	-0.082903	-0.172123	0.209930	0.572913	0.674778	0.465237	-0.787154	0.611158	0.082914	-0.228384	-0.413716	0.881294
58175	4.598979	0.544404	9.474420	-0.083585	-0.227259	0.183135	0.570951	0.674924	0.467432	-0.787996	0.610286	0.081317	-0.230384	-0.414762	0.880281
58176	4.391273	0.361584	9.604377	-0.061805	-0.304367	0.143321	0.569116	0.674511	0.470256	-0.788661	0.609588	0.080096	-0.232637	-0.416457	0.878888
58177	4.239991	0.724848	9.882828	-0.030061	-0.414616	0.107504	0.567297	0.673406	0.474023	-0.789190	0.609005	0.079316	-0.235271	-0.419090	0.876933
58178	4.028702	0.817261	10.075343	-0.018656	-0.556340	0.094901	0.565230	0.671620	0.479000	-0.789675	0.608458	0.078696	-0.238598	-0.422736	0.874280
58179	3.888555	1.046679	10.484821	-0.039027	-0.747913	0.112358	0.562537	0.669100	0.485652	-0.790205	0.607884	0.077803	-0.243162	-0.427531	0.870683
58180	3.621678	0.910820	10.950057	-0.043346	-0.989543	0.128456	0.559086	0.665595	0.494374	-0.790810	0.607225	0.076792	-0.249084	-0.433889	0.865851
58181	3.069903	1.059123	11.889834	-0.034135	-1.318871	0.138230	0.554649	0.660637	0.505889	-0.791488	0.606466	0.075794	-0.256732	-0.442444	0.859262
58182	2.839508	1.261490	12.495329	0.033776	-1.744758	0.137433	0.548998	0.653625	0.520937	-0.792326	0.605424	0.075373	-0.266122	-0.454132	0.850261
58183	2.741877	1.820303	13.023425	-0.039186	-2.245548	0.172259	0.541500	0.644301	0.540050	-0.793160	0.604487	0.074113	-0.278702	-0.468478	0.838364
58184	2.256169	1.219723	13.032356	-0.044620	-2.779781	0.225670	0.531746	0.632373	0.563338	-0.794234	0.603271	0.072494	-0.294003	-0.485971	0.823040
58185	2.200962	1.578771	13.284230	-0.148592	-3.337640	0.282754	0.519349	0.617531	0.590704	-0.795281	0.602229	0.069634	-0.312738	-0.505940	0.803878
58186	2.690105	1.749191	13.632003	-0.216018	-3.941983	0.335405	0.503915	0.599130	0.622184	-0.796288	0.601319	0.065886	-0.334656	-0.528639	0.780094
58187	1.526479	2.306116	13.501619	-0.411221	-4.562435	0.437838	0.484535	0.577111	0.657396	-0.797045	0.600941	0.059912	-0.360480	-0.553003	0.751160
58188	2.100384	3.899809	13.954903	-0.585325	-5.241858	0.653892	0.459641	0.551334	0.696247	-0.797926	0.600578	0.051190	-0.389928	-0.579083	0.715974
58189	2.608823	4.222180	13.371280	-0.822739	-5.854700	0.993955	0.427880	0.522660	0.737391	-0.799028	0.600071	0.038317	-0.422461	-0.605591	0.674378
58190	3.658010	4.891100	12.480153	-0.950559	-6.368713	1.377233	0.388867	0.491460	0.779262	-0.800468	0.598983	0.021686	-0.456107	-0.632207	0.626323
58191	6.290234	6.120959	12.262587	-1.286674	-6.715844	1.767811	0.342862	0.458822	0.819712	-0.800884	0.598819	-0.000194	-0.490948	-0.656428	0.572776
58192	13.199792	4.769572	12.020224	-1.808221	-6.848831	1.941044	0.292448	0.424811	0.856744	-0.797834	0.602302	-0.026308	-0.527195	-0.675846	0.515071
58193	16.560978	4.406213	11.074213	-1.979901	-6.131035	1.830616	0.244554	0.394095	0.885936	-0.792034	0.608263	-0.051943	-0.559353	-0.688988	0.460890
58194	17.643689	0.447828	10.245971	-1.901739	-5.214635	1.424437	0.203439	0.366633	0.907851	-0.784322	0.616040	-0.073029	-0.586047	-0.697190	0.412885
58195	14.252830	0.133248	11.183824	-1.254825	-3.900321	0.862411	0.173499	0.344701	0.922540	-0.778528	0.621707	-0.085881	-0.603152	-0.703322	0.376224
58196	4.738826	1.058423	11.705405	-0.765316	-2.602817	0.361419	0.154846	0.328563	0.931702	-0.774457	0.625900	-0.092011	-0.613384	-0.707316	0.351376
58197	0.605280	5.027684	13.434045	-0.600166	-1.628773	-0.262675	0.146825	0.315441	0.937518	-0.770413	0.630926	-0.091629	-0.620408	-0.708823	0.335656
58198	7.115998	4.555283	13.606564	-0.528578	-0.569878	-0.832643	0.149657	0.306094	0.940165	-0.765878	0.637267	-0.085564	-0.625327	-0.707246	0.329802
58199	0.674141	4.562314	12.848799	-0.389137	0.743298	-1.243357	0.163815	0.303453	0.938659	-0.761563	0.643714	-0.075194	-0.627046	-0.702530	0.336549
58200	-4.493071	3.935061	10.022101	-0.436907	1.157400	-1.417188	0.181822	0.302341	0.935698	-0.756362	0.651074	-0.063400	-0.628377	-0.696199	0.347058
58201	-5.597166	2.253254	8.776327	-0.407416	1.148210	-1.458612	0.200050	0.300863	0.932449	-0.751101	0.658197	-0.051230	-0.629148	-0.690115	0.357650
58202	-4.046267	1.239834	8.535561	-0.236197	1.083297	-1.469515	0.217852	0.298564	0.929193	-0.746535	0.664237	-0.038402	-0.628669	-0.685310	0.367594
58203	-1.048963	1.136377	9.062582	-0.036963	1.266935	-1.496027	0.236958	0.297393	0.924883	-0.743004	0.668831	-0.024701	-0.625937	-0.681338	0.379449
58204	0.756575	2.175456	9.487927	0.042360	1.672279	-1.444338	0.258082	0.299027	0.918682	-0.739683	0.672862	-0.011217	-0.621500	-0.676639	0.394839
58205	1.449841	2.602985	9.473245	-0.121347	2.121060	-1.259612	0.280521	0.304970	0.910111	-0.735655	0.677357	-0.000228	-0.616539	-0.669463	0.414365
58206	2.092791	1.065414	9.055449	-0.270920	2.537409	-1.018629	0.303553	0.314879	0.899281	-0.731007	0.682325	0.007839	-0.611134	-0.659760	0.437300
58207	2.784697	-0.751155	8.516923	-0.194013	2.916552	-0.786855	0.327014	0.328779	0.885983	-0.727474	0.685994	0.013944	-0.603195	-0.649089	0.463508
58208	3.728439	-1.146802	8.346327	0.051389	3.248856	-0.581555	0.350640	0.345672	0.870381	-0.725800	0.687635	0.019300	-0.591832	-0.638490	0.492001
58209	5.023221	-0.725375	8.460461	0.287430	3.592294	-0.431814	0.374763	0.365671	0.851961	-0.726052	0.687206	0.024422	-0.576542	-0.627720	0.523036
58210	6.135279	0.109374	8.553222	0.423865	3.932179	-0.294874	0.399208	0.388070	0.830683	-0.727306	0.685692	0.029192	-0.558264	-0.615815	0.555979
58211	6.601395	0.375838	8.271760	0.474660	4.248033	-0.148557	0.423544	0.413165	0.806167	-0.729441	0.683244	0.033068	-0.537146	-0.602057	0.590764
58212	6.866506	0.097278	8.040081	0.516740	4.471994	0.030738	0.446814	0.439928	0.778987	-0.732281	0.680052	0.035969	-0.513928	-0.586509	0.626008
58213	7.096296	-1.188449	7.673752	0.630672	4.602380	0.212231	0.468283	0.468230	0.749314	-0.736561	0.675284	0.038343	-0.488047	-0.569871	0.661104
58214	7.533707	-2.006390	7.542892	0.950160	4.643272	0.360219	0.487596	0.496718	0.717999	-0.742772	0.668217	0.042141	-0.458846	-0.553857	0.694768
58215	8.194010	-1.087098	7.763244	1.302098	4.630674	0.482814	0.504422	0.525477	0.685151	-0.751078	0.658470	0.047945	-0.425958	-0.538786	0.726821
58216	8.678807	0.194226	8.156967	1.483663	4.595959	0.562889	0.518944	0.553549	0.651368	-0.760013	0.647560	0.055188	-0.391251	-0.523688	0.756752
58217	9.468053	0.102413	8.125742	1.606057	4.543841	0.614880	0.531121	0.581186	0.616549	-0.769377	0.635621	0.063609	-0.354923	-0.508143	0.784742
58218	9.867657	0.399248	8.328208	1.780005	4.464092	0.597908	0.541493	0.607274	0.581381	-0.778559	0.623167	0.074222	-0.317224	-0.492830	0.810239
58219	10.614785	0.735949	8.966616	1.958110	4.343373	0.482597	0.550554	0.631562	0.545912	-0.787151	0.610515	0.087543	-0.277998	-0.477912	0.833257
58220	12.073145	1.731217	9.556904	2.098857	4.255442	0.177034	0.560129	0.652642	0.510209	-0.793541	0.599510	0.104311	-0.237798	-0.463300	0.853701
58221	13.257116	2.954220	9.588495	2.037705	4.190313	-0.340363	0.571867	0.669901	0.473498	-0.796163	0.592338	0.123530	-0.197718	-0.447624	0.872090
58222	14.290722	2.486334	9.010433	1.748155	4.048509	-0.966365	0.586801	0.681942	0.436599	-0.793688	0.591204	0.143312	-0.160389	-0.430619	0.888168
58223	15.562100	0.117079	7.809408	1.460116	3.804813	-1.484054	0.603897	0.689354	0.400124	-0.787031	0.595110	0.162562	-0.126055	-0.413081	0.901928
58224	16.719773	-1.879013	6.453866	1.295922	3.461726	-1.710273	0.621107	0.693121	0.365799	-0.777979	0.601694	0.180867	-0.094736	-0.396922	0.912950
58225	17.911998	-2.706198	5.338194	1.122209	3.044462	-1.615632	0.635990	0.695336	0.334700	-0.768799	0.608456	0.196795	-0.066812	-0.382477	0.921546
58226	18.819203	-2.940516	3.944732	0.953931	2.643133	-1.306240	0.647432	0.697278	0.307628	-0.760933	0.613973	0.209806	-0.042582	-0.369920	0.928087
58227	18.775671	-2.020404	2.325540	0.771295	2.283110	-0.943426	0.655265	0.699871	0.284268	-0.755085	0.617701	0.219755	-0.021792	-0.358645	0.933220
58228	18.295060	-1.572793	0.481832	0.625103	1.872009	-0.669582	0.660561	0.702337	0.265296	-0.750757	0.620192	0.227433	-0.004799	-0.349406	0.936959
58229	17.569174	-1.520683	-1.226039	0.614762	1.367251	-0.525860	0.664445	0.703850	0.251213	-0.747284	0.621735	0.234548	0.008899	-0.343572	0.939084
58230	17.083870	-1.524969	-1.972496	0.669340	0.787611	-0.475872	0.667890	0.703573	0.242711	-0.744015	0.622798	0.242003	0.019106	-0.342212	0.939429
58231	17.118399	-2.095413	-2.062468	0.763317	0.234839	-0.426298	0.671007	0.701719	0.239458	-0.740983	0.623172	0.250201	0.026347	-0.345320	0.938115
58232	14.888488	9.146372	-1.294759	-0.262052	-0.648276	-0.134260	0.672158	0.698617	0.245232	-0.740137	0.625030	0.248061	0.020023	-0.348241	0.937191
58233	11.948608	1.852474	-0.589989	-1.981488	-1.611446	0.099327	0.671584	0.693579	0.260621	-0.740908	0.631264	0.229262	-0.005509	-0.347065	0.937825
58234	10.998686	-12.295781	8.032192	-1.369832	-1.798711	0.059305	0.670851	0.687661	0.277636	-0.741073	0.635644	0.216260	-0.027764	-0.350827	0.936029
58235	1.302128	1.840124	13.210220	-0.666132	-0.995454	0.053884	0.670163	0.684427	0.287125	-0.741166	0.637663	0.209903	-0.039426	-0.353477	0.934612
58236	-7.740387	2.915984	15.473120	-1.308795	-1.365252	0.521213	0.665630	0.682903	0.300965	-0.744002	0.638741	0.196140	-0.058294	-0.354475	0.933247
58237	-2.457014	-2.583261	11.599060	-1.464637	-1.567970	0.825102	0.658421	0.682554	0.317177	-0.748425	0.638340	0.179952	-0.079640	-0.355868	0.931137
58238	5.160237	-3.775306	8.858898	-0.930568	-2.135615	0.744898	0.650909	0.679593	0.338336	-0.752456	0.636628	0.168863	-0.100636	-0.364498	0.925751
58239	15.154122	0.712431	15.260571	-0.653512	-2.375924	0.670063	0.643234	0.675020	0.361384	-0.756053	0.634527	0.160495	-0.120971	-0.376461	0.918500
58240	18.205012	0.195563	16.034672	-0.657205	-1.422624	0.495878	0.637659	0.672752	0.375227	-0.758381	0.633687	0.152639	-0.135088	-0.381897	0.914279
58241	7.813902	-2.841451	11.429430	-0.424849	-0.774897	0.274055	0.634523	0.671467	0.382770	-0.759505	0.633505	0.147728	-0.143292	-0.384453	0.911956
58242	1.404371	-1.344585	8.926227	-0.014571	-0.869027	0.285995	0.631080	0.669891	0.391132	-0.761287	0.631653	0.146483	-0.148932	-0.390206	0.908603
58243	0.624522	3.230434	7.984327	0.020233	-1.094893	0.439765	0.626071	0.668306	0.401750	-0.764061	0.628656	0.144921	-0.155711	-0.397692	0.904210
58244	5.930403	9.452061	9.415212	-0.202126	-1.300895	0.475873	0.620340	0.666051	0.414190	-0.766696	0.626302	0.141151	-0.165395	-0.405119	0.899179
