// General information: 
//  MT Manager version: 2022.2.0 
//  XDA version: 2022.2.0 build 7381 rev 124627 built on 2023-07-19
// Device information: 
//  DeviceId: 00B4CAF0
//  ProductCode: MTW2-3A7G6
//  Firmware Version: 4.6.0
//  Hardware Version: 2.0.0
// Device settings: 
//  Filter Profile: human(46.1)
//  Option Flags: Orientation Smoother Disabled, Position/Velocity Smoother Disabled, Continuous Zero Rotation Update Disabled, AHS Disabled, ICC Disabled
// Coordinate system: ENU
PacketCounter	Acc_X	Acc_Y	Acc_Z	Gyr_X	Gyr_Y	Gyr_Z	Mat[1][1]	Mat[2][1]	Mat[3][1]	Mat[1][2]	Mat[2][2]	Mat[3][2]	Mat[1][3]	Mat[2][3]	Mat[3][3]
43744	4.305424	-0.508279	9.325187	0.002349	0.001822	0.005063	0.910045	0.026064	0.413689	-0.007572	0.998900	-0.046278	-0.414440	0.038983	0.909241
43745	4.402062	-0.519903	9.473801	-0.002428	0.009709	0.011452	0.910068	0.026140	0.413634	-0.007628	0.998896	-0.046344	-0.414389	0.039021	0.909263
43746	4.387904	-0.434909	9.344634	-0.011776	0.024209	0.008400	0.910149	0.026115	0.413457	-0.007542	0.998890	-0.046491	-0.414212	0.039195	0.909336
43747	4.268504	-0.520840	9.319478	-0.016102	0.024424	0.017215	0.910233	0.026243	0.413265	-0.007594	0.998880	-0.046705	-0.414028	0.039374	0.909412
43748	4.197888	-0.599603	9.234764	-0.014060	0.022260	0.015532	0.910305	0.026443	0.413092	-0.007728	0.998869	-0.046910	-0.413865	0.039510	0.909480
43749	4.242134	-0.512307	9.244290	-0.010821	0.016748	0.012697	0.910357	0.026529	0.412972	-0.007761	0.998862	-0.047057	-0.413750	0.039634	0.909527
43750	4.163397	-0.485268	9.225302	-0.009048	0.015983	0.014657	0.910404	0.026428	0.412875	-0.007593	0.998857	-0.047194	-0.413650	0.039831	0.909564
43751	4.136423	-0.571383	9.203987	-0.007227	0.006701	0.009248	0.910415	0.026483	0.412848	-0.007608	0.998852	-0.047295	-0.413627	0.039917	0.909571
43752	4.200943	-0.553293	9.219375	0.004815	-0.002506	0.004006	0.910383	0.026443	0.412922	-0.007571	0.998853	-0.047273	-0.413698	0.039911	0.909539
43753	4.270274	-0.580670	9.272384	0.003900	-0.006065	0.003302	0.910341	0.026444	0.413014	-0.007579	0.998854	-0.047248	-0.413790	0.039882	0.909498
43754	4.357293	-0.522384	9.380655	0.000429	-0.002162	0.000627	0.910317	0.026337	0.413074	-0.007458	0.998855	-0.047249	-0.413845	0.039931	0.909471
43755	4.324546	-0.479591	9.389290	0.002081	0.003217	0.008713	0.910313	0.026387	0.413079	-0.007507	0.998854	-0.047263	-0.413853	0.039923	0.909468
43756	4.489803	-0.480198	9.465766	-0.008009	0.013398	0.009236	0.910359	0.026261	0.412984	-0.007324	0.998851	-0.047371	-0.413754	0.040099	0.909505
43757	4.458637	-0.393983	9.404087	-0.019428	0.038581	0.015252	0.910501	0.026363	0.412665	-0.007344	0.998839	-0.047607	-0.413441	0.040315	0.909638
43758	4.240530	-0.560512	9.340220	-0.025628	0.048204	0.017298	0.910692	0.026291	0.412249	-0.007148	0.998826	-0.047909	-0.413025	0.040684	0.909811
43759	4.202245	-0.608207	9.228249	-0.022656	0.044087	0.018115	0.910856	0.026419	0.411878	-0.007181	0.998813	-0.048187	-0.412662	0.040934	0.909964
43760	4.149499	-0.526650	9.180015	-0.015693	0.038783	0.012519	0.910993	0.026456	0.411573	-0.007147	0.998803	-0.048386	-0.412360	0.041138	0.910091
43761	4.128603	-0.562095	9.142164	-0.013363	0.024204	0.010756	0.911075	0.026519	0.411386	-0.007151	0.998795	-0.048548	-0.412178	0.041290	0.910167
43762	4.098505	-0.618629	9.172997	-0.003280	0.014021	0.010230	0.911099	0.026843	0.411314	-0.007464	0.998788	-0.048650	-0.412121	0.041255	0.910195
43763	4.103580	-0.590347	9.191806	0.002687	0.002790	0.002669	0.911093	0.026834	0.411326	-0.007461	0.998789	-0.048633	-0.412132	0.041241	0.910190
43764	4.249395	-0.594261	9.281111	0.008543	-0.007811	0.003031	0.911028	0.026993	0.411459	-0.007649	0.998790	-0.048588	-0.412273	0.041118	0.910132
43765	4.280033	-0.554891	9.340566	0.007116	-0.006069	-0.001332	0.910987	0.026947	0.411554	-0.007627	0.998793	-0.048514	-0.412364	0.041057	0.910093
43766	4.356800	-0.478913	9.392854	0.003114	0.000628	0.003293	0.910973	0.026933	0.411585	-0.007613	0.998794	-0.048508	-0.412395	0.041056	0.910080
43767	4.261719	-0.536046	9.317851	-0.000120	0.006139	0.006139	0.910982	0.026956	0.411565	-0.007630	0.998793	-0.048531	-0.412376	0.041071	0.910088
43768	4.291524	-0.549808	9.361446	-0.002807	0.003349	0.003470	0.910978	0.026924	0.411575	-0.007572	0.998791	-0.048580	-0.412385	0.041139	0.910080
43769	4.274697	-0.509367	9.303284	-0.005966	0.011232	0.007561	0.911007	0.026960	0.411508	-0.007577	0.998787	-0.048662	-0.412321	0.041213	0.910106
43770	4.202988	-0.557068	9.269799	-0.004353	0.011231	0.005247	0.911038	0.026869	0.411446	-0.007451	0.998784	-0.048727	-0.412255	0.041327	0.910131
43771	4.192701	-0.592121	9.197447	-0.001881	0.001397	0.005965	0.911027	0.026893	0.411469	-0.007459	0.998782	-0.048765	-0.412280	0.041358	0.910118
43772	4.202351	-0.557724	9.270048	0.003539	-0.001534	0.003919	0.911012	0.026761	0.411511	-0.007320	0.998784	-0.048746	-0.412315	0.041396	0.910100
43773	4.229047	-0.576944	9.259233	0.003965	-0.003696	0.004543	0.910980	0.026773	0.411581	-0.007339	0.998785	-0.048726	-0.412385	0.041367	0.910070
43774	4.209103	-0.580830	9.271963	0.004734	-0.004883	0.002764	0.910940	0.026867	0.411663	-0.007445	0.998785	-0.048711	-0.412472	0.041308	0.910033
43775	4.286437	-0.557091	9.307831	0.005159	-0.007045	0.003389	0.910894	0.026869	0.411764	-0.007458	0.998787	-0.048675	-0.412572	0.041266	0.909990
43776	4.278725	-0.555596	9.341123	0.007958	-0.004885	-0.001866	0.910856	0.026776	0.411854	-0.007385	0.998791	-0.048602	-0.412658	0.041228	0.909953
43777	4.367607	-0.474555	9.414018	0.004040	-0.001325	0.005789	0.910834	0.026799	0.411902	-0.007416	0.998791	-0.048586	-0.412707	0.041199	0.909932
43778	4.381343	-0.447073	9.399156	-0.000812	0.009698	0.009165	0.910852	0.026802	0.411861	-0.007397	0.998789	-0.048637	-0.412666	0.041255	0.909948
43779	4.282985	-0.527613	9.360299	-0.010046	0.021069	0.009157	0.910922	0.026850	0.411703	-0.007400	0.998783	-0.048763	-0.412512	0.041373	0.910012
43780	4.230611	-0.571534	9.314341	-0.005319	0.021694	0.010139	0.910983	0.026920	0.411564	-0.007439	0.998778	-0.048864	-0.412377	0.041453	0.910070
43781	4.178281	-0.563104	9.284546	-0.004543	0.014999	0.010145	0.911028	0.026981	0.411462	-0.007474	0.998774	-0.048944	-0.412278	0.041514	0.910112
43782	4.155221	-0.603175	9.191896	0.001721	0.013251	0.007566	0.911080	0.026872	0.411354	-0.007353	0.998774	-0.048960	-0.412165	0.041582	0.910160
43783	4.314000	-0.580183	9.266765	-0.000118	0.006138	0.006143	0.911088	0.026896	0.411334	-0.007370	0.998772	-0.048983	-0.412146	0.041596	0.910168
43784	4.159141	-0.522660	9.227440	0.004872	0.010877	0.001690	0.911122	0.026685	0.411273	-0.007160	0.998776	-0.048941	-0.412075	0.041647	0.910198
43785	4.195080	-0.611497	9.257049	0.003188	0.002998	0.004543	0.911117	0.026694	0.411282	-0.007176	0.998777	-0.048928	-0.412085	0.041627	0.910194
43786	4.259574	-0.540720	9.288899	0.008188	-0.003282	0.003657	0.911069	0.027083	0.411363	-0.007610	0.998775	-0.048902	-0.412183	0.041422	0.910159
43787	4.295741	-0.525165	9.350797	0.003957	0.001811	0.002762	0.911060	0.027075	0.411384	-0.007613	0.998776	-0.048874	-0.412204	0.041395	0.910151
43788	4.271267	-0.535029	9.309727	0.003609	0.006345	0.003384	0.911065	0.026934	0.411382	-0.007466	0.998778	-0.048856	-0.412195	0.041439	0.910153
43789	4.206029	-0.553131	9.294439	0.003533	0.003973	0.002138	0.911065	0.026918	0.411383	-0.007462	0.998779	-0.048829	-0.412196	0.041417	0.910154
43790	4.256336	-0.562158	9.325135	0.005226	0.000834	0.002853	0.911054	0.026779	0.411415	-0.007323	0.998782	-0.048794	-0.412221	0.041442	0.910141
43791	4.296715	-0.553579	9.299552	0.004378	0.005158	0.001604	0.911059	0.026758	0.411406	-0.007317	0.998784	-0.048758	-0.412211	0.041411	0.910147
43792	4.198917	-0.528673	9.292761	0.004033	0.004183	0.004009	0.911054	0.026802	0.411414	-0.007368	0.998784	-0.048751	-0.412220	0.041384	0.910144
43793	4.263632	-0.562074	9.292154	0.007339	0.001041	0.002410	0.911042	0.026791	0.411442	-0.007382	0.998787	-0.048691	-0.412247	0.041323	0.910134
43794	4.281339	-0.528018	9.331374	0.005802	0.003415	0.005971	0.911028	0.026742	0.411477	-0.007336	0.998788	-0.048669	-0.412280	0.041320	0.910120
43795	4.236377	-0.542078	9.303235	0.000572	0.008089	0.001333	0.911044	0.026717	0.411442	-0.007312	0.998788	-0.048666	-0.412244	0.041328	0.910136
43796	4.221706	-0.569700	9.318492	0.001844	0.001604	0.003208	0.911036	0.026636	0.411467	-0.007222	0.998789	-0.048668	-0.412265	0.041366	0.910125
43797	4.260017	-0.583950	9.328538	0.004457	0.002021	0.004635	0.911027	0.026647	0.411485	-0.007243	0.998790	-0.048643	-0.412283	0.041334	0.910118
43798	4.288079	-0.528524	9.298619	0.002765	0.005160	0.003920	0.911008	0.026909	0.411509	-0.007521	0.998787	-0.048662	-0.412319	0.041236	0.910106
43799	4.317571	-0.541884	9.342399	0.001918	0.009483	0.002670	0.911031	0.026897	0.411460	-0.007515	0.998788	-0.048652	-0.412270	0.041232	0.910128
43800	4.378715	-0.494354	9.410435	-0.002426	0.015209	0.009702	0.911078	0.026815	0.411362	-0.007401	0.998785	-0.048713	-0.412168	0.041337	0.910170
43801	4.354855	-0.482814	9.334359	-0.010038	0.026581	0.007376	0.911170	0.026842	0.411155	-0.007388	0.998780	-0.048832	-0.411964	0.041456	0.910257
43802	4.172455	-0.615575	9.241268	-0.009807	0.033694	0.011121	0.911301	0.026692	0.410874	-0.007179	0.998775	-0.048961	-0.411677	0.041669	0.910377
43803	4.087342	-0.668298	9.187608	-0.000388	0.018550	0.006237	0.911361	0.026711	0.410740	-0.007195	0.998773	-0.048987	-0.411545	0.041690	0.910435
43804	4.273109	-0.629291	9.358434	0.001574	0.014015	0.003300	0.911415	0.026590	0.410628	-0.007067	0.998774	-0.048991	-0.411427	0.041750	0.910486
43805	4.325974	-0.489044	9.351057	0.004534	0.020913	0.000544	0.911485	0.026552	0.410476	-0.007051	0.998776	-0.048949	-0.411274	0.041722	0.910557
43806	4.325927	-0.466231	9.316453	0.002650	0.027819	0.004732	0.911568	0.026758	0.410278	-0.007279	0.998774	-0.048968	-0.411086	0.041651	0.910645
43807	4.175609	-0.484296	9.263560	0.000961	0.030958	0.004021	0.911678	0.026751	0.410033	-0.007281	0.998774	-0.048972	-0.410840	0.041661	0.910755
43808	4.161462	-0.541597	9.227692	0.000958	0.019942	0.007584	0.911733	0.026938	0.409899	-0.007474	0.998770	-0.049013	-0.410715	0.041623	0.910813
43809	4.219948	-0.568738	9.315477	-0.000960	0.015968	0.003125	0.911782	0.026927	0.409791	-0.007459	0.998769	-0.049032	-0.410607	0.041649	0.910861
43810	4.285519	-0.528243	9.296129	-0.001656	0.014019	0.007935	0.911815	0.027079	0.409708	-0.007599	0.998765	-0.049098	-0.410531	0.041655	0.910895
43811	4.331621	-0.508607	9.379609	-0.004260	0.024617	0.002947	0.911899	0.027063	0.409521	-0.007570	0.998763	-0.049146	-0.410344	0.041716	0.910976
43812	4.253817	-0.601398	9.417909	-0.009253	0.030897	0.003835	0.912016	0.027077	0.409260	-0.007549	0.998758	-0.049258	-0.410086	0.041834	0.911087
43813	4.299397	-0.490983	9.392759	-0.007334	0.034869	0.008303	0.912142	0.027111	0.408977	-0.007556	0.998753	-0.049355	-0.409805	0.041929	0.911209
43814	4.271227	-0.398213	9.385632	-0.013515	0.044496	0.010355	0.912300	0.027122	0.408624	-0.007508	0.998745	-0.049528	-0.409454	0.042116	0.911358
43815	4.193006	-0.504880	9.282798	-0.016962	0.048402	0.007688	0.912481	0.027144	0.408217	-0.007470	0.998736	-0.049711	-0.409051	0.042310	0.911530
43816	4.138759	-0.549630	9.237422	-0.017248	0.038781	0.014900	0.912615	0.027139	0.407918	-0.007382	0.998725	-0.049930	-0.408753	0.042556	0.911652
43817	4.123370	-0.504660	9.234352	-0.014797	0.028947	0.015609	0.912716	0.027247	0.407685	-0.007425	0.998715	-0.050125	-0.408527	0.042723	0.911746
43818	4.038730	-0.558408	9.180108	-0.017789	0.016684	0.007914	0.912756	0.027236	0.407595	-0.007328	0.998706	-0.050326	-0.408438	0.042949	0.911775
43819	4.056113	-0.630674	9.186948	-0.009360	0.000987	0.011473	0.912743	0.027316	0.407619	-0.007355	0.998699	-0.050455	-0.408467	0.043054	0.911757
43820	4.177607	-0.646397	9.235641	-0.002906	-0.010034	0.005763	0.912678	0.027260	0.407770	-0.007263	0.998697	-0.050510	-0.408616	0.043138	0.911687
43821	4.270633	-0.612676	9.346615	-0.000868	-0.012198	0.004072	0.912611	0.027271	0.407918	-0.007257	0.998696	-0.050531	-0.408764	0.043155	0.911619
43822	4.380044	-0.580812	9.390922	-0.003160	0.002373	0.005879	0.912605	0.027393	0.407925	-0.007359	0.998692	-0.050601	-0.408777	0.043176	0.911612
43823	4.372999	-0.558117	9.389140	-0.009327	0.017509	0.006163	0.912659	0.027412	0.407801	-0.007338	0.998687	-0.050708	-0.408655	0.043286	0.911662
43824	4.274289	-0.638729	9.349736	-0.009029	0.021478	0.012950	0.912732	0.027532	0.407631	-0.007413	0.998679	-0.050854	-0.408492	0.043394	0.911730
43825	4.206440	-0.693254	9.228672	-0.003169	0.027394	0.007992	0.912827	0.027565	0.407416	-0.007435	0.998675	-0.050912	-0.408280	0.043445	0.911823
43826	4.151020	-0.654901	9.250858	-0.004235	0.024610	0.002992	0.912905	0.027562	0.407239	-0.007412	0.998672	-0.050974	-0.408104	0.043516	0.911898
43827	4.110830	-0.640641	9.241480	0.003349	0.013234	0.005306	0.912943	0.027574	0.407155	-0.007435	0.998673	-0.050962	-0.408020	0.043498	0.911936
43828	4.086236	-0.650161	9.200421	0.008040	0.002984	-0.002373	0.912935	0.027627	0.407168	-0.007522	0.998676	-0.050896	-0.408035	0.043402	0.911934
43829	4.118686	-0.639903	9.208435	0.016055	-0.005046	-0.001208	0.912899	0.027582	0.407253	-0.007537	0.998683	-0.050741	-0.408117	0.043252	0.911905
43830	4.201577	-0.534596	9.279762	0.014635	-0.008807	-0.003806	0.912849	0.027453	0.407374	-0.007455	0.998691	-0.050599	-0.408230	0.043152	0.911859
43831	4.214350	-0.528060	9.300174	0.014140	-0.009015	-0.005679	0.912796	0.027366	0.407498	-0.007422	0.998699	-0.050444	-0.408348	0.043021	0.911812
43832	4.156497	-0.568347	9.286172	0.012103	-0.006851	-0.003986	0.912741	0.027256	0.407629	-0.007348	0.998706	-0.050326	-0.408473	0.042940	0.911760
43833	4.146675	-0.588423	9.354882	0.018776	-0.016272	-0.004161	0.912658	0.027187	0.407818	-0.007348	0.998715	-0.050135	-0.408658	0.042760	0.911686
43834	4.332805	-0.514461	9.345668	0.016167	-0.016687	-0.005595	0.912562	0.027212	0.408033	-0.007433	0.998722	-0.049983	-0.408871	0.042580	0.911598
43835	4.337005	-0.454934	9.415744	0.010419	-0.003712	-0.004696	0.912531	0.027132	0.408108	-0.007394	0.998729	-0.049866	-0.408942	0.042487	0.911571
43836	4.375386	-0.468476	9.425962	0.005507	0.004939	-0.002557	0.912535	0.026941	0.408109	-0.007210	0.998733	-0.049807	-0.408934	0.042508	0.911573
43837	4.318039	-0.487253	9.377155	0.001597	0.019514	0.001558	0.912599	0.026913	0.407970	-0.007192	0.998734	-0.049796	-0.408793	0.042509	0.911637
43838	4.207099	-0.519658	9.333480	-0.001706	0.022656	0.003159	0.912670	0.026989	0.407804	-0.007265	0.998731	-0.049839	-0.408632	0.042524	0.911708
43839	4.243462	-0.534536	9.344558	-0.002412	0.020706	0.007968	0.912738	0.027025	0.407651	-0.007289	0.998728	-0.049891	-0.408480	0.042566	0.911774
43840	4.205748	-0.550034	9.283296	-0.003543	0.021055	-0.000057	0.912810	0.027025	0.407490	-0.007276	0.998726	-0.049936	-0.408320	0.042617	0.911843
43841	4.133498	-0.597168	9.249595	-0.002565	0.015965	0.005464	0.912858	0.027038	0.407381	-0.007277	0.998724	-0.049979	-0.408212	0.042659	0.911890
43842	4.200252	-0.573363	9.320287	-0.000109	0.011640	0.004395	0.912887	0.026924	0.407323	-0.007146	0.998724	-0.050000	-0.408149	0.042734	0.911915
43843	4.251599	-0.508521	9.332353	-0.004757	0.013390	0.004649	0.912925	0.026930	0.407237	-0.007130	0.998721	-0.050059	-0.408064	0.042797	0.911950
43844	4.165396	-0.583682	9.313351	-0.007643	0.014371	0.006870	0.912957	0.027145	0.407153	-0.007316	0.998713	-0.050179	-0.407991	0.042832	0.911981
43845	4.152181	-0.537107	9.309382	0.001080	0.008291	0.003235	0.912974	0.027139	0.407114	-0.007311	0.998713	-0.050179	-0.407952	0.042836	0.911998
43846	4.198279	-0.552729	9.286516	-0.001806	0.009272	0.005455	0.913000	0.027006	0.407064	-0.007152	0.998713	-0.050217	-0.407896	0.042937	0.912018
43847	4.144847	-0.566094	9.291516	0.002409	0.004177	0.006351	0.913001	0.027033	0.407062	-0.007181	0.998712	-0.050218	-0.407895	0.042926	0.912019
43848	4.185535	-0.557833	9.266172	0.003875	-0.000565	0.001531	0.912963	0.027135	0.407139	-0.007294	0.998712	-0.050207	-0.407977	0.042868	0.911985
43849	4.180533	-0.602721	9.337516	0.005713	0.001034	0.004752	0.912951	0.027147	0.407166	-0.007321	0.998714	-0.050172	-0.408004	0.042823	0.911975
43850	4.100575	-0.527219	9.279054	0.006315	-0.010396	0.002229	0.912893	0.027065	0.407301	-0.007243	0.998716	-0.050129	-0.408135	0.042812	0.911917
43851	4.190775	-0.654841	9.287182	0.006237	-0.012766	0.000976	0.912825	0.027045	0.407455	-0.007239	0.998719	-0.050073	-0.408288	0.042759	0.911851
43852	4.144205	-0.622033	9.220081	0.010885	-0.014518	0.000724	0.912751	0.026871	0.407632	-0.007082	0.998725	-0.049978	-0.408455	0.042731	0.911778
43853	4.161152	-0.609787	9.294293	0.014883	-0.021218	-0.003909	0.912648	0.026806	0.407866	-0.007068	0.998733	-0.049824	-0.408685	0.042589	0.911681
43854	4.257863	-0.603522	9.353034	0.016568	-0.024358	-0.003193	0.912519	0.027055	0.408139	-0.007387	0.998737	-0.049689	-0.408968	0.042327	0.911567
43855	4.332986	-0.584751	9.334748	0.015041	-0.016479	-0.001397	0.912435	0.027014	0.408329	-0.007397	0.998745	-0.049543	-0.409155	0.042184	0.911489
43856	4.334856	-0.547698	9.440407	0.013724	-0.006860	-0.006287	0.912405	0.026782	0.408412	-0.007207	0.998753	-0.049393	-0.409226	0.042123	0.911460
43857	4.437812	-0.490583	9.482809	0.010731	0.005764	0.000321	0.912412	0.026748	0.408398	-0.007215	0.998758	-0.049293	-0.409210	0.042029	0.911472
43858	4.287916	-0.439170	9.355093	0.002530	0.023066	0.002279	0.912491	0.026658	0.408228	-0.007129	0.998759	-0.049286	-0.409036	0.042063	0.911548
43859	4.103862	-0.540707	9.312704	-0.000575	0.022443	-0.001032	0.912566	0.026604	0.408063	-0.007078	0.998760	-0.049284	-0.408868	0.042087	0.911622
43860	4.149517	-0.608004	9.273905	0.005666	0.009676	-0.000046	0.912605	0.026317	0.407994	-0.006795	0.998765	-0.049226	-0.408785	0.042152	0.911657
43861	4.207386	-0.565573	9.288008	0.008970	0.006532	-0.001642	0.912616	0.026263	0.407974	-0.006778	0.998769	-0.049135	-0.408762	0.042076	0.911671
43862	4.200877	-0.541172	9.286022	0.008539	0.003188	-0.000491	0.912614	0.026196	0.407982	-0.006735	0.998773	-0.049063	-0.408767	0.042028	0.911671
43863	4.200599	-0.540342	9.286196	0.008044	0.002979	-0.002365	0.912610	0.026136	0.407995	-0.006707	0.998777	-0.048978	-0.408776	0.041961	0.911670
43864	4.168020	-0.548669	9.278369	0.008185	0.002215	0.001914	0.912604	0.026130	0.408010	-0.006725	0.998780	-0.048922	-0.408790	0.041902	0.911666
43865	4.162128	-0.524553	9.276080	0.005483	-0.006074	0.000995	0.912562	0.026107	0.408103	-0.006718	0.998782	-0.048873	-0.408882	0.041858	0.911627
43866	4.192573	-0.537296	9.319530	0.008725	-0.006084	-0.003626	0.912521	0.025971	0.408206	-0.006603	0.998787	-0.048785	-0.408978	0.041822	0.911586
43867	4.246328	-0.523165	9.314383	0.010395	-0.014728	-0.001135	0.912444	0.025931	0.408379	-0.006596	0.998793	-0.048683	-0.409148	0.041726	0.911513
43868	4.194684	-0.535483	9.318684	0.006673	-0.009423	-0.000162	0.912398	0.025656	0.408499	-0.006319	0.998798	-0.048615	-0.409255	0.041775	0.911463
43869	4.201803	-0.558299	9.320502	0.007367	-0.012981	-0.003195	0.912329	0.025594	0.408657	-0.006281	0.998802	-0.048532	-0.409410	0.041710	0.911397
43870	4.244978	-0.565696	9.384304	0.011168	-0.015916	-0.002913	0.912262	0.025411	0.408818	-0.006123	0.998808	-0.048420	-0.409561	0.041669	0.911331
43871	4.413635	-0.490847	9.442073	0.004636	-0.007256	0.001527	0.912216	0.025394	0.408922	-0.006117	0.998810	-0.048381	-0.409664	0.041633	0.911286
43872	4.303572	-0.454379	9.323838	0.000508	0.005714	0.000098	0.912213	0.025360	0.408931	-0.006077	0.998810	-0.048385	-0.409672	0.041652	0.911282
43873	4.236265	-0.547257	9.327618	0.000573	0.002581	0.003126	0.912207	0.025355	0.408945	-0.006069	0.998810	-0.048390	-0.409685	0.041660	0.911275
43874	4.205983	-0.534171	9.284116	-0.002590	0.004963	0.009000	0.912212	0.025386	0.408931	-0.006073	0.998807	-0.048459	-0.409673	0.041722	0.911278
43875	4.217318	-0.529481	9.305060	-0.000263	0.006902	0.001880	0.912224	0.025367	0.408905	-0.006050	0.998806	-0.048466	-0.409647	0.041738	0.911289
43876	4.198781	-0.511211	9.282344	-0.001465	0.004747	0.004814	0.912233	0.025170	0.408898	-0.005821	0.998806	-0.048497	-0.409631	0.041860	0.911290
43877	4.228528	-0.577103	9.309951	-0.001543	0.002376	0.003563	0.912226	0.025170	0.408914	-0.005808	0.998805	-0.048522	-0.409646	0.041888	0.911282
43878	4.210342	-0.558864	9.287074	0.000219	0.001608	0.005531	0.912201	0.025332	0.408959	-0.005965	0.998802	-0.048562	-0.409699	0.041859	0.911260
43879	4.178015	-0.568159	9.279092	-0.001698	-0.002365	0.001059	0.912175	0.025308	0.409019	-0.005929	0.998802	-0.048579	-0.409758	0.041888	0.911232
43880	4.216479	-0.530502	9.305382	0.001189	-0.003349	-0.001158	0.912141	0.025285	0.409096	-0.005902	0.998802	-0.048574	-0.409834	0.041892	0.911198
43881	4.252446	-0.515429	9.367385	-0.000213	-0.001736	0.006684	0.912117	0.025317	0.409147	-0.005923	0.998801	-0.048601	-0.409887	0.041906	0.911173
43882	4.190600	-0.563437	9.299473	-0.002193	-0.002575	-0.000816	0.912079	0.025317	0.409232	-0.005906	0.998799	-0.048629	-0.409971	0.041936	0.911134
43883	4.185145	-0.592109	9.280837	0.001748	-0.006273	0.003745	0.912037	0.025322	0.409326	-0.005908	0.998800	-0.048625	-0.410066	0.041930	0.911092
43884	4.238387	-0.526719	9.291951	0.003785	-0.008440	0.002057	0.911981	0.025373	0.409446	-0.005962	0.998800	-0.048614	-0.410188	0.041894	0.911038
43885	4.186371	-0.539599	9.296414	0.001528	-0.007881	-0.001786	0.911933	0.025323	0.409557	-0.005913	0.998801	-0.048590	-0.410297	0.041889	0.910989
43886	4.214011	-0.610863	9.269314	0.006241	-0.012768	0.000994	0.911847	0.025366	0.409747	-0.005968	0.998803	-0.048553	-0.410488	0.041827	0.910906
43887	4.179545	-0.573060	9.222785	0.010238	-0.019473	-0.003631	0.911750	0.025303	0.409965	-0.005937	0.998808	-0.048442	-0.410702	0.041733	0.910814
43888	4.205106	-0.561887	9.263466	0.007563	-0.016754	-0.008097	0.911665	0.025017	0.410173	-0.005660	0.998815	-0.048339	-0.410896	0.041747	0.910726
43889	4.251194	-0.598582	9.275256	0.013557	-0.017114	-0.007000	0.911578	0.024919	0.410371	-0.005613	0.998823	-0.048184	-0.411089	0.041620	0.910645
43890	4.256398	-0.590795	9.328704	0.015100	-0.019492	-0.010559	0.911480	0.024743	0.410599	-0.005487	0.998832	-0.048011	-0.411307	0.041508	0.910551
43891	4.444523	-0.497773	9.515033	0.014133	-0.014533	-0.003871	0.911404	0.024676	0.410772	-0.005471	0.998839	-0.047864	-0.411476	0.041376	0.910481
43892	4.443558	-0.376216	9.457309	0.001278	0.004526	-0.001687	0.911393	0.024556	0.410805	-0.005344	0.998840	-0.047851	-0.411503	0.041416	0.910467
43893	4.283494	-0.451657	9.366266	-0.005528	0.014588	0.006403	0.911436	0.024579	0.410708	-0.005340	0.998837	-0.047925	-0.411408	0.041487	0.910507
43894	4.199850	-0.556381	9.295724	-0.004757	0.013399	0.004624	0.911474	0.024443	0.410632	-0.005165	0.998834	-0.047990	-0.411326	0.041620	0.910537
43895	4.230931	-0.495766	9.320262	-0.003920	0.009077	0.005874	0.911494	0.024462	0.410585	-0.005163	0.998832	-0.048047	-0.411281	0.041674	0.910556
43896	4.194518	-0.563862	9.242352	-0.006884	0.007691	0.006841	0.911498	0.024321	0.410585	-0.004967	0.998828	-0.048139	-0.411275	0.041839	0.910551
43897	4.212113	-0.582946	9.265447	-0.001124	0.000217	0.004186	0.911482	0.024327	0.410620	-0.004961	0.998827	-0.048163	-0.411310	0.041863	0.910534
43898	4.205902	-0.559584	9.263244	0.000574	0.002581	0.003125	0.911469	0.024327	0.410648	-0.004950	0.998826	-0.048182	-0.411338	0.041884	0.910520
43899	4.252607	-0.523039	9.256150	0.000561	-0.002923	0.004905	0.911440	0.024341	0.410711	-0.004958	0.998826	-0.048194	-0.411402	0.041890	0.910491
43900	4.256449	-0.569060	9.294027	0.002533	-0.001957	0.000188	0.911422	0.024204	0.410761	-0.004812	0.998827	-0.048179	-0.411445	0.041935	0.910469
43901	4.194294	-0.564338	9.242425	0.005498	-0.000571	-0.000779	0.911403	0.024162	0.410805	-0.004788	0.998830	-0.048123	-0.411487	0.041892	0.910452
43902	4.212263	-0.530237	9.281494	0.003800	-0.002936	0.000282	0.911374	0.024070	0.410874	-0.004697	0.998832	-0.048095	-0.411552	0.041902	0.910423
43903	4.210442	-0.604130	9.300903	0.010840	-0.005885	-0.004058	0.911334	0.023996	0.410969	-0.004665	0.998838	-0.047976	-0.411642	0.041805	0.910386
43904	4.243602	-0.593914	9.308533	0.011323	-0.011179	-0.000402	0.911253	0.023879	0.411155	-0.004573	0.998843	-0.047875	-0.411823	0.041746	0.910307
43905	4.383925	-0.486046	9.518506	0.007810	-0.004139	-0.006120	0.911219	0.023784	0.411235	-0.004510	0.998848	-0.047776	-0.411897	0.041680	0.910277
43906	4.459018	-0.393809	9.481491	-0.001098	0.011225	0.000624	0.911256	0.023572	0.411165	-0.004276	0.998848	-0.047788	-0.411818	0.041789	0.910307
43907	4.268530	-0.508475	9.330918	-0.010790	0.022275	0.010932	0.911331	0.023636	0.410996	-0.004291	0.998842	-0.047928	-0.411653	0.041915	0.910376
43908	4.216553	-0.604701	9.268562	-0.009247	0.019896	0.007373	0.911384	0.023832	0.410866	-0.004452	0.998834	-0.048063	-0.411532	0.041974	0.910428
43909	4.190728	-0.511343	9.260169	-0.002142	0.013813	0.006065	0.911424	0.023852	0.410776	-0.004459	0.998832	-0.048104	-0.411444	0.042012	0.910466
43910	4.236491	-0.527317	9.237424	-0.003069	0.010260	0.005345	0.911455	0.023734	0.410714	-0.004310	0.998831	-0.048155	-0.411377	0.042121	0.910492
43911	4.182967	-0.593020	9.226466	-0.001803	0.009281	0.005440	0.911476	0.023749	0.410666	-0.004312	0.998829	-0.048191	-0.411330	0.042154	0.910511
43912	4.188270	-0.564524	9.245145	0.004947	0.002227	0.006536	0.911468	0.023804	0.410682	-0.004375	0.998829	-0.048185	-0.411348	0.042122	0.910504
43913	4.173678	-0.539508	9.276362	0.006269	-0.001761	-0.002558	0.911444	0.023744	0.410738	-0.004338	0.998832	-0.048114	-0.411401	0.042072	0.910483
43914	4.179996	-0.562250	9.278560	0.008802	-0.003719	-0.002369	0.911402	0.023859	0.410825	-0.004492	0.998835	-0.048042	-0.411493	0.041941	0.910447
43915	4.213105	-0.552102	9.286225	0.012092	-0.012369	-0.002181	0.911334	0.023807	0.410978	-0.004482	0.998841	-0.047921	-0.411643	0.041829	0.910385
43916	4.278860	-0.532617	9.301702	0.013790	-0.010005	-0.003240	0.911273	0.023730	0.411119	-0.004451	0.998847	-0.047790	-0.411779	0.041720	0.910328
43917	4.267556	-0.484176	9.296854	0.012107	-0.006866	-0.003959	0.911228	0.023658	0.411222	-0.004425	0.998854	-0.047661	-0.411879	0.041610	0.910288
43918	4.247966	-0.539177	9.293245	0.010487	-0.006859	-0.001647	0.911182	0.023536	0.411331	-0.004329	0.998859	-0.047563	-0.411981	0.041558	0.910244
43919	4.258209	-0.555643	9.349375	0.008789	-0.009223	-0.000586	0.911127	0.023498	0.411454	-0.004321	0.998863	-0.047478	-0.412102	0.041481	0.910193
43920	4.311542	-0.541600	9.344338	0.009652	-0.002537	-0.002897	0.911107	0.023383	0.411506	-0.004234	0.998868	-0.047386	-0.412148	0.041431	0.910175
43921	4.241280	-0.535382	9.326028	0.008019	-0.008033	0.001196	0.911057	0.023363	0.411617	-0.004238	0.998871	-0.047315	-0.412258	0.041362	0.910128
43922	4.282445	-0.526593	9.300395	0.008960	0.001024	0.000133	0.911051	0.022993	0.411651	-0.003871	0.998877	-0.047226	-0.412275	0.041432	0.910117
43923	4.250316	-0.534931	9.292416	0.007601	-0.005872	0.000571	0.911010	0.022965	0.411743	-0.003868	0.998880	-0.047157	-0.412365	0.041368	0.910079
43924	4.250692	-0.534221	9.292285	0.008529	-0.002319	0.001290	0.910977	0.022968	0.411818	-0.003895	0.998883	-0.047093	-0.412440	0.041297	0.910048
43925	4.283231	-0.524537	9.300149	0.004650	-0.001754	-0.000245	0.910953	0.022930	0.411873	-0.003872	0.998885	-0.047047	-0.412493	0.041263	0.910026
43926	4.238894	-0.486035	9.287618	0.007758	-0.001129	0.003070	0.910930	0.022824	0.411930	-0.003777	0.998888	-0.046994	-0.412544	0.041253	0.910003
43927	4.256785	-0.504250	9.310652	0.001071	0.002795	0.004999	0.910924	0.022837	0.411941	-0.003787	0.998888	-0.047002	-0.412556	0.041256	0.909997
43928	4.226917	-0.542956	9.250960	0.003879	-0.000564	0.001535	0.910899	0.022845	0.411997	-0.003801	0.998888	-0.046982	-0.412612	0.041230	0.909973
43929	4.176762	-0.533237	9.220003	0.005564	-0.003704	0.002257	0.910867	0.022833	0.412068	-0.003805	0.998891	-0.046938	-0.412683	0.041186	0.909943
43930	4.040442	-0.724270	9.173122	0.010239	-0.019480	-0.003603	0.910778	0.022540	0.412282	-0.003522	0.998897	-0.046830	-0.412882	0.041200	0.909852
43931	4.233341	-0.673945	9.165562	0.024243	-0.027762	-0.013517	0.910647	0.022381	0.412579	-0.003459	0.998910	-0.046551	-0.413172	0.040964	0.909731
43932	4.300250	-0.495970	9.228503	0.032631	-0.029324	-0.016500	0.910495	0.022247	0.412922	-0.003456	0.998926	-0.046199	-0.413506	0.040637	0.909594
43933	4.223618	-0.537995	9.226921	0.032724	-0.021450	-0.017032	0.910390	0.022049	0.413163	-0.003396	0.998944	-0.045828	-0.413737	0.040318	0.909503
43934	4.046876	-0.717448	9.115638	0.042645	-0.030899	-0.021780	0.910235	0.021749	0.413522	-0.003263	0.998965	-0.045358	-0.414080	0.039937	0.909364
43935	4.241718	-0.575094	9.229429	0.058568	-0.040709	-0.025416	0.910050	0.021475	0.413942	-0.003235	0.998994	-0.044717	-0.414486	0.039356	0.909204
43936	4.362626	-0.484718	9.254816	0.062818	-0.034806	-0.028057	0.909889	0.021048	0.414317	-0.003059	0.999025	-0.044034	-0.414840	0.038799	0.909067
43937	4.421012	-0.406488	9.319112	0.052994	-0.011984	-0.025641	0.909824	0.020760	0.414475	-0.003005	0.999051	-0.043443	-0.414984	0.038280	0.909023
43938	4.378007	-0.379316	9.396586	0.039001	0.007307	-0.019333	0.909837	0.020222	0.414474	-0.002614	0.999071	-0.043006	-0.414959	0.038046	0.909045
43939	4.312664	-0.445945	9.365627	0.029919	0.012436	-0.013329	0.909872	0.020048	0.414405	-0.002576	0.999086	-0.042676	-0.414882	0.037762	0.909091
43940	4.297053	-0.470475	9.381581	0.021459	0.017123	-0.013384	0.909913	0.019767	0.414328	-0.002385	0.999097	-0.042429	-0.414792	0.037619	0.909138
43941	4.271663	-0.478783	9.341079	0.012642	0.015344	-0.009238	0.909960	0.019633	0.414231	-0.002313	0.999103	-0.042273	-0.414690	0.037509	0.909190
43942	4.334963	-0.458946	9.357437	0.011023	0.015356	-0.006929	0.909995	0.019623	0.414155	-0.002358	0.999108	-0.042157	-0.414613	0.037386	0.909230
43943	4.315117	-0.387453	9.351018	0.002982	0.017883	-0.006358	0.910052	0.019517	0.414034	-0.002272	0.999111	-0.042101	-0.414487	0.037373	0.909287
43944	4.299003	-0.414633	9.367077	0.000666	0.021465	-0.001034	0.910131	0.019304	0.413871	-0.002049	0.999112	-0.042095	-0.414316	0.037463	0.909362
43945	4.308785	-0.409638	9.388708	-0.004264	0.024627	0.002850	0.910216	0.019287	0.413684	-0.002017	0.999110	-0.042142	-0.414129	0.037524	0.909445
43946	4.283060	-0.472662	9.332498	-0.001801	0.020296	0.001809	0.910296	0.019041	0.413520	-0.001744	0.999109	-0.042167	-0.413955	0.037663	0.909518
43947	4.295587	-0.445589	9.318098	-0.006110	0.017514	0.001434	0.910351	0.019012	0.413399	-0.001691	0.999107	-0.042225	-0.413833	0.037741	0.909570
43948	4.221235	-0.515789	9.320598	-0.008655	0.013970	0.003031	0.910382	0.019017	0.413331	-0.001654	0.999103	-0.042325	-0.413765	0.037848	0.909596
43949	4.226368	-0.539809	9.323403	-0.000765	0.006693	-0.000020	0.910393	0.018978	0.413309	-0.001610	0.999102	-0.042329	-0.413742	0.037870	0.909606
43950	4.278181	-0.474500	9.334643	-0.002530	0.007455	-0.001993	0.910404	0.018935	0.413287	-0.001552	0.999101	-0.042357	-0.413717	0.037921	0.909615
43951	4.286183	-0.475947	9.301403	-0.003806	0.002933	-0.000298	0.910399	0.018895	0.413299	-0.001493	0.999100	-0.042388	-0.413728	0.037973	0.909608
43952	4.263117	-0.502728	9.350133	-0.005428	0.002946	0.002008	0.910384	0.018855	0.413334	-0.001418	0.999097	-0.042453	-0.413762	0.038062	0.909589
43953	4.273413	-0.429975	9.296828	-0.008184	0.003276	-0.003713	0.910381	0.018781	0.413345	-0.001310	0.999095	-0.042509	-0.413769	0.038158	0.909582
43954	4.285508	-0.477510	9.301634	-0.004730	-0.000623	-0.001009	0.910379	0.018245	0.413373	-0.000709	0.999095	-0.042535	-0.413775	0.038430	0.909568
43955	4.247298	-0.463608	9.291245	-0.005654	-0.004179	-0.001721	0.910345	0.018193	0.413450	-0.000629	0.999093	-0.042576	-0.413850	0.038499	0.909531
43956	4.227621	-0.520339	9.287913	-0.006503	-0.005360	-0.001189	0.910314	0.017595	0.413545	0.000046	0.999092	-0.042610	-0.413919	0.038808	0.909486
43957	4.219988	-0.571857	9.305185	-0.005730	-0.006554	-0.002963	0.910270	0.017531	0.413645	0.000138	0.999090	-0.042647	-0.414016	0.038877	0.909439
43958	4.235197	-0.544749	9.289576	-0.006729	-0.012485	-0.004917	0.910203	0.017011	0.413812	0.000731	0.999089	-0.042678	-0.414161	0.039148	0.909361
43959	4.240309	-0.590797	9.327150	-0.004410	-0.016065	-0.010240	0.910120	0.016878	0.414001	0.000883	0.999089	-0.042673	-0.414344	0.039203	0.909276
43960	4.328646	-0.442042	9.325354	-0.012802	-0.014506	-0.007264	0.910041	0.016675	0.414182	0.001157	0.999085	-0.042764	-0.414516	0.039396	0.909189
43961	4.296965	-0.400214	9.332912	-0.019492	-0.005085	-0.007143	0.910003	0.016568	0.414270	0.001343	0.999078	-0.042908	-0.414599	0.039603	0.909142
43962	4.298678	-0.558433	9.284691	-0.021337	-0.012198	-0.008563	0.909930	0.016262	0.414443	0.001762	0.999071	-0.043069	-0.414758	0.039920	0.909056
43963	4.258404	-0.515858	9.325748	-0.021255	-0.004324	-0.009110	0.909895	0.016136	0.414524	0.001974	0.999064	-0.043222	-0.414834	0.040146	0.909011
43964	4.265036	-0.541128	9.327772	-0.024219	-0.005711	-0.008142	0.909851	0.015974	0.414628	0.002244	0.999055	-0.043414	-0.414929	0.040430	0.908955
43965	4.265962	-0.595428	9.311406	-0.029443	-0.006551	-0.011016	0.909806	0.015830	0.414731	0.002507	0.999044	-0.043633	-0.415025	0.040737	0.908897
43966	4.252174	-0.625506	9.326163	-0.036778	-0.002096	-0.015244	0.909782	0.015276	0.414806	0.003241	0.999031	-0.043900	-0.415075	0.041284	0.908850
43967	4.246270	-0.604976	9.323528	-0.041925	-0.000563	-0.016869	0.909762	0.015071	0.414857	0.003610	0.999016	-0.044208	-0.415115	0.041716	0.908812
43968	4.240133	-0.532500	9.336870	-0.045600	-0.003787	-0.023287	0.909718	0.015054	0.414954	0.003787	0.999000	-0.044544	-0.415210	0.042094	0.908751
43969	4.236806	-0.489916	9.298372	-0.050964	-0.003874	-0.030425	0.909684	0.014715	0.415041	0.004316	0.998983	-0.044878	-0.415280	0.042616	0.908695
43970	4.221147	-0.543781	9.348613	-0.059641	-0.011824	-0.032401	0.909602	0.014314	0.415234	0.004956	0.998961	-0.045294	-0.415451	0.043257	0.908586
43971	4.216964	-0.576474	9.329268	-0.057242	-0.018526	-0.034683	0.909506	0.013939	0.415457	0.005551	0.998941	-0.045667	-0.415654	0.043840	0.908466
43972	4.203116	-0.682485	9.362677	-0.060352	-0.024554	-0.048381	0.909370	0.013657	0.415764	0.006044	0.998922	-0.046032	-0.415944	0.044373	0.908307
43973	4.150923	-0.669582	9.417830	-0.060991	-0.034904	-0.063126	0.909203	0.013005	0.416149	0.006913	0.998903	-0.046320	-0.416295	0.044991	0.908116
43974	4.078355	-0.787459	9.488599	-0.070515	-0.049317	-0.087135	0.908983	0.011636	0.416670	0.008567	0.998878	-0.046584	-0.416744	0.045914	0.907863
43975	4.080972	-0.887338	9.540736	-0.074530	-0.069670	-0.122296	0.908664	0.010409	0.417398	0.010031	0.998856	-0.046747	-0.417408	0.046665	0.907520
43976	3.971007	-0.855966	9.684138	-0.075199	-0.093163	-0.158985	0.908229	0.008862	0.418379	0.011805	0.998835	-0.046782	-0.418306	0.047428	0.907067
43977	3.621323	-0.001006	10.082252	-0.004244	-0.167947	-0.110779	0.907494	0.007798	0.419992	0.012870	0.998842	-0.046353	-0.419867	0.047470	0.906343
43978	3.905116	-0.375620	9.899662	-0.020140	-0.260637	-0.085837	0.906364	0.006761	0.422443	0.014070	0.998834	-0.046173	-0.422263	0.047793	0.905212
43979	3.782149	-0.498630	10.067237	0.028873	-0.337625	-0.073239	0.904905	0.006153	0.425570	0.014653	0.998852	-0.045598	-0.425362	0.047497	0.903776
43980	3.854924	-0.459485	10.024743	0.057139	-0.425993	-0.071131	0.903056	0.005266	0.429491	0.015470	0.998877	-0.044775	-0.429245	0.047078	0.901960
43981	3.990546	-0.664494	9.891727	0.074732	-0.495742	-0.086950	0.900885	0.004592	0.434034	0.015973	0.998916	-0.043722	-0.433764	0.046322	0.899835
43982	4.149400	-0.602186	9.823223	0.089696	-0.557375	-0.108615	0.898429	0.003208	0.439108	0.017171	0.998952	-0.042431	-0.438784	0.045661	0.897432
43983	4.182306	-0.546643	9.774749	0.092552	-0.617077	-0.128259	0.895663	0.002168	0.444729	0.017954	0.998997	-0.041030	-0.444372	0.044734	0.894725
43984	4.225653	-0.380457	9.809542	0.076839	-0.690576	-0.147354	0.892509	0.000955	0.451028	0.018988	0.999032	-0.039689	-0.450629	0.043987	0.891627
43985	4.224395	-0.200815	9.899310	0.037662	-0.786178	-0.147647	0.888891	-0.000213	0.458119	0.020173	0.999048	-0.038678	-0.457675	0.043622	0.888049
43986	4.274286	-0.224343	9.893440	0.011855	-0.879062	-0.144385	0.884785	-0.001351	0.465998	0.021494	0.999050	-0.037913	-0.465504	0.043561	0.883973
43987	4.385505	-0.183065	9.891381	0.014637	-0.973288	-0.127062	0.880164	-0.002234	0.474665	0.022588	0.999053	-0.037181	-0.474132	0.043447	0.879381
43988	4.356318	-0.185460	9.875728	0.018469	-1.066520	-0.121404	0.875013	-0.003370	0.484087	0.024003	0.999048	-0.036432	-0.483503	0.043498	0.874261
43989	4.338348	-0.262577	9.877072	0.024304	-1.175521	-0.109349	0.869221	-0.003990	0.494407	0.024880	0.999054	-0.035679	-0.493797	0.043314	0.868498
43990	4.157481	-0.481769	10.008357	0.057001	-1.327900	-0.114131	0.862531	-0.004421	0.505986	0.025433	0.999077	-0.034626	-0.505365	0.042735	0.861847
43991	4.337893	-0.630862	10.028532	0.097687	-1.506605	-0.116819	0.854767	-0.004988	0.518988	0.025978	0.999112	-0.033182	-0.518362	0.041845	0.854137
43992	4.582072	-0.819943	9.923749	0.141398	-1.660557	-0.142949	0.845982	-0.005749	0.533181	0.026475	0.999161	-0.031233	-0.532554	0.040538	0.845424
43993	4.806338	-0.784025	10.213454	0.177679	-1.826824	-0.176124	0.836041	-0.006821	0.548624	0.027037	0.999220	-0.028778	-0.548000	0.038893	0.835574
43994	5.364264	-0.833827	9.948532	0.203420	-1.961493	-0.224129	0.825055	-0.008437	0.564990	0.027915	0.999276	-0.025841	-0.564363	0.037092	0.824693
43995	6.464718	-0.743845	9.556377	0.204630	-1.969307	-0.259500	0.813683	-0.010356	0.581217	0.028911	0.999325	-0.022668	-0.580590	0.035248	0.813433
43996	7.020948	-0.531873	9.116186	0.157834	-1.843575	-0.296837	0.802709	-0.012381	0.596243	0.030018	0.999356	-0.019661	-0.595615	0.033680	0.802563
43997	6.755347	-0.070481	8.997908	0.056549	-1.653224	-0.312415	0.792629	-0.014987	0.609520	0.032210	0.999331	-0.017314	-0.608853	0.033357	0.792582
43998	6.784398	0.509849	9.147042	-0.208386	-1.432825	-0.322873	0.783677	-0.017731	0.620915	0.036061	0.999205	-0.016980	-0.620121	0.035697	0.783694
43999	7.213764	0.867643	8.738918	-0.615120	-1.160313	-0.330577	0.776273	-0.020621	0.630059	0.042522	0.998901	-0.019697	-0.628961	0.042081	0.776297
44000	6.426667	0.568961	7.888543	-1.065593	-0.895073	-0.352945	0.770425	-0.023636	0.637092	0.051885	0.998322	-0.025706	-0.635415	0.052860	0.770359
44001	5.067644	0.107124	8.131853	-1.421399	-0.514997	-0.407111	0.766880	-0.027427	0.641204	0.064109	0.997363	-0.034013	-0.638580	0.067191	0.766616
44002	6.127814	-2.327753	9.041433	-1.551477	-0.046537	-0.564319	0.766154	-0.032911	0.641814	0.078207	0.996040	-0.042282	-0.637881	0.082589	0.765694
44003	8.160050	-2.709208	11.246963	-1.179010	0.830347	-0.750743	0.770754	-0.041153	0.635802	0.091494	0.994718	-0.046529	-0.630529	0.094034	0.770448
44004	5.236384	-3.183601	10.199808	-0.992198	1.595327	-0.818151	0.779882	-0.050580	0.623880	0.103685	0.993399	-0.049074	-0.617279	0.102959	0.779978
44005	3.126037	-2.645871	8.854808	-0.738700	2.083890	-0.857413	0.791601	-0.061337	0.607952	0.114960	0.992132	-0.049588	-0.600127	0.109144	0.792423
44006	1.620331	-1.482957	7.952878	-0.660296	2.312358	-0.881811	0.804158	-0.072510	0.589977	0.125736	0.990823	-0.049607	-0.580965	0.114073	0.805895
44007	0.684542	-0.957928	7.180899	-0.717247	2.369395	-0.909524	0.816461	-0.084315	0.571211	0.137242	0.989267	-0.050144	-0.560853	0.119335	0.819270
44008	0.226793	-1.082968	6.619462	-0.768578	2.301069	-0.976125	0.827758	-0.096602	0.552706	0.149308	0.987474	-0.051019	-0.540855	0.124755	0.831813
44009	0.101040	-1.432593	6.194770	-0.720399	2.146790	-1.053699	0.837498	-0.109762	0.535302	0.161951	0.985464	-0.051311	-0.521889	0.129666	0.843101
44010	0.359550	-1.295537	6.368751	-0.620208	1.938199	-1.107361	0.845623	-0.122988	0.519418	0.174194	0.983403	-0.050741	-0.504557	0.133387	0.853013
44011	1.164112	-0.862473	6.660215	-0.603226	1.737587	-1.088657	0.852263	-0.136065	0.505108	0.186473	0.981170	-0.050328	-0.488749	0.137082	0.861587
44012	1.785778	-0.891793	6.806968	-0.623852	1.552104	-1.002037	0.857866	-0.147686	0.492194	0.197638	0.978962	-0.050727	-0.474347	0.140793	0.869006
