// General information: 
//  MT Manager version: 2022.2.0 
//  XDA version: 2022.2.0 build 7381 rev 124627 built on 2023-07-19
// Device information: 
//  DeviceId: 00B4CAF0
//  ProductCode: MTW2-3A7G6
//  Firmware Version: 4.6.0
//  Hardware Version: 2.0.0
// Device settings: 
//  Filter Profile: human(46.1)
//  Option Flags: Orientation Smoother Disabled, Position/Velocity Smoother Disabled, Continuous Zero Rotation Update Disabled, AHS Disabled, ICC Disabled
// Coordinate system: ENU
PacketCounter	Acc_X	Acc_Y	Acc_Z	Gyr_X	Gyr_Y	Gyr_Z	Mat[1][1]	Mat[2][1]	Mat[3][1]	Mat[1][2]	Mat[2][2]	Mat[3][2]	Mat[1][3]	Mat[2][3]	Mat[3][3]
49709	4.627534	0.807378	9.080637	-0.006655	-0.004758	0.012824	-0.676692	-0.579159	0.454603	0.678447	-0.730342	0.079443	0.286005	0.362182	0.887144
49710	4.604146	0.766357	9.095674	-0.007966	-0.000145	0.005003	-0.676669	-0.579170	0.454622	0.678441	-0.730355	0.079364	0.286070	0.362138	0.887141
49711	4.614038	0.831323	9.126286	-0.001109	-0.010131	0.012525	-0.676562	-0.579191	0.454755	0.678501	-0.730307	0.079297	0.286183	0.362201	0.887079
49712	4.615283	0.830408	9.125740	-0.007444	-0.015074	0.010214	-0.676466	-0.579161	0.454935	0.678507	-0.730315	0.079169	0.286395	0.362232	0.886998
49713	4.628785	0.849255	9.117457	-0.006089	-0.019251	0.011689	-0.676338	-0.579143	0.455149	0.678546	-0.730290	0.079061	0.286603	0.362312	0.886899
49714	4.630930	0.847874	9.116497	-0.010998	-0.025372	0.014313	-0.676149	-0.579169	0.455396	0.678633	-0.730227	0.078902	0.286845	0.362396	0.886786
49715	4.624942	0.832810	9.146179	-0.014246	-0.025814	0.016108	-0.675972	-0.579159	0.455671	0.678679	-0.730206	0.078702	0.287153	0.362455	0.886662
49716	4.627756	0.830576	9.144959	-0.017686	-0.032680	0.017323	-0.675716	-0.579204	0.455994	0.678789	-0.730130	0.078453	0.287495	0.362536	0.886518
49717	4.586882	0.898398	9.180774	-0.021017	-0.044021	0.018969	-0.675467	-0.579149	0.456433	0.678835	-0.730117	0.078180	0.287972	0.362650	0.886317
49718	4.552625	0.828544	9.178167	-0.026582	-0.054447	0.025891	-0.675107	-0.579155	0.456958	0.678955	-0.730044	0.077817	0.288531	0.362788	0.886078
49719	4.539591	1.032593	9.143705	-0.032271	-0.068289	0.035683	-0.674674	-0.579133	0.457624	0.679081	-0.729975	0.077368	0.289248	0.362961	0.885774
49720	4.589983	1.054793	9.203333	-0.046263	-0.076721	0.052484	-0.674122	-0.579175	0.458384	0.679247	-0.729890	0.076709	0.290141	0.363067	0.885438
49721	4.621242	0.891076	9.138972	-0.058280	-0.092888	0.069735	-0.673385	-0.579313	0.459292	0.679526	-0.729718	0.075873	0.291200	0.363193	0.885039
49722	4.580044	0.848319	9.280794	-0.058267	-0.105625	0.079742	-0.672599	-0.579426	0.460300	0.679816	-0.729535	0.075021	0.292336	0.363379	0.884588
49723	4.536578	0.648171	9.236514	-0.055525	-0.133718	0.083263	-0.671648	-0.579513	0.461578	0.680191	-0.729275	0.074147	0.293648	0.363761	0.883996
49724	4.391998	0.133855	9.374311	-0.018308	-0.184995	0.069825	-0.670667	-0.579289	0.463282	0.680554	-0.728984	0.073677	0.295045	0.364701	0.883143
49725	4.440389	0.660194	9.465201	0.003376	-0.245541	0.052040	-0.669593	-0.578737	0.465520	0.680891	-0.728691	0.073466	0.296703	0.366161	0.881983
49726	4.466385	1.330549	9.568219	0.003567	-0.306104	0.057594	-0.668335	-0.577947	0.468300	0.681208	-0.728419	0.073218	0.298803	0.367944	0.880531
49727	4.389141	1.427686	9.644976	-0.015990	-0.374135	0.102018	-0.666524	-0.577275	0.471699	0.681819	-0.727909	0.072598	0.301445	0.370001	0.878766
49728	4.696863	0.912354	9.573626	0.003516	-0.450877	0.186018	-0.663859	-0.576960	0.475823	0.683079	-0.726815	0.071718	0.304457	0.372635	0.876612
49729	4.163394	1.123904	9.744053	0.199220	-0.528127	0.337646	-0.659941	-0.577395	0.480721	0.685900	-0.724140	0.071847	0.306625	0.377142	0.873925
49730	4.547104	2.044054	9.625559	0.299105	-0.624873	0.501712	-0.654577	-0.578619	0.486549	0.690099	-0.720122	0.072032	0.308695	0.382917	0.870679
49731	4.662665	1.644936	9.621497	0.353333	-0.709849	0.662186	-0.647796	-0.580594	0.493225	0.695484	-0.714940	0.071858	0.310906	0.389580	0.866929
49732	4.493870	1.694371	9.823729	0.429829	-0.827421	0.806312	-0.639599	-0.583026	0.500993	0.701972	-0.708601	0.071553	0.313287	0.397448	0.862488
49733	4.681299	1.781083	9.940708	0.494180	-0.984253	0.926463	-0.629970	-0.585565	0.510149	0.709387	-0.701222	0.071119	0.316083	0.406696	0.857141
49734	4.588256	2.206406	10.037123	0.492868	-1.135202	1.046090	-0.618936	-0.588112	0.520618	0.717421	-0.693122	0.069926	0.319728	0.416782	0.850921
49735	4.781726	2.103547	9.883938	0.490737	-1.315653	1.141434	-0.606468	-0.590381	0.532585	0.725974	-0.684345	0.068075	0.324282	0.427928	0.843634
49736	5.268978	2.261138	9.879325	0.476670	-1.461774	1.244119	-0.592611	-0.592425	0.545751	0.734929	-0.674992	0.065313	0.329685	0.439793	0.835398
49737	6.026814	2.754027	9.885371	0.392593	-1.551027	1.351417	-0.577461	-0.594533	0.559526	0.744121	-0.665244	0.061109	0.335889	0.451643	0.826557
49738	6.429835	2.638018	9.630249	0.272995	-1.536185	1.406060	-0.561753	-0.596729	0.573016	0.752998	-0.655689	0.055374	0.342677	0.462586	0.817671
49739	6.669890	1.987737	9.554823	0.165691	-1.483252	1.418038	-0.545887	-0.598991	0.585848	0.761405	-0.646459	0.048509	0.349670	0.472548	0.808968
49740	6.983417	2.304923	9.709431	0.124739	-1.401917	1.408068	-0.530086	-0.601317	0.597853	0.769404	-0.637441	0.041057	0.356407	0.481754	0.800554
49741	7.347230	3.781145	9.786838	-0.169220	-1.192112	1.352223	-0.515350	-0.604071	0.607876	0.775844	-0.630135	0.031561	0.363978	0.487882	0.793405
49742	5.219042	3.876024	8.865173	-0.435917	-1.077343	1.079129	-0.502982	-0.605522	0.616727	0.779704	-0.625780	0.021491	0.372922	0.491674	0.786884
49743	4.548778	3.669936	8.252589	-0.522364	-1.007737	0.557740	-0.494833	-0.604004	0.624755	0.780496	-0.625006	0.013940	0.382056	0.494517	0.780696
49744	4.709803	3.700610	8.227066	-0.511565	-0.997721	-0.101785	-0.491681	-0.598413	0.632576	0.778032	-0.628136	0.010527	0.391044	0.497340	0.774427
49745	6.317930	2.628994	9.446931	-0.342376	-0.716667	-0.768548	-0.494821	-0.589952	0.638051	0.772873	-0.634432	0.012772	0.397265	0.499452	0.769888
49746	5.180399	3.495116	9.448091	-0.290169	-0.364648	-1.244844	-0.502841	-0.580156	0.640758	0.765505	-0.643167	0.018400	0.401439	0.499755	0.767523
49747	3.310765	3.139347	8.798437	-0.412964	-0.158674	-1.515765	-0.513737	-0.569496	0.641676	0.756115	-0.653963	0.024957	0.405419	0.498003	0.766569
49748	2.177915	1.581175	8.189075	-0.531096	-0.119026	-1.632308	-0.525432	-0.558096	0.642222	0.745454	-0.665822	0.031286	0.410145	0.495186	0.765880
49749	2.249358	0.211269	7.958329	-0.513867	-0.130391	-1.653048	-0.537130	-0.546311	0.642678	0.734532	-0.677510	0.037978	0.414673	0.492467	0.765194
49750	2.894867	-0.107984	8.200753	-0.434200	-0.073954	-1.573317	-0.548271	-0.535164	0.642649	0.724162	-0.688178	0.044735	0.418316	0.489909	0.764854
49751	3.462995	-0.038793	8.582913	-0.389674	0.071268	-1.405103	-0.558682	-0.525738	0.641462	0.714729	-0.697556	0.050781	0.420758	0.486842	0.765472
49752	3.898095	-0.063312	8.885551	-0.348318	0.271166	-1.177658	-0.568287	-0.518659	0.638782	0.706488	-0.705533	0.055662	0.421812	0.482924	0.767371
49753	4.150178	-0.169317	8.798186	-0.283855	0.514942	-0.935764	-0.577038	-0.514465	0.634313	0.699911	-0.711752	0.059441	0.420893	0.478263	0.770788
49754	4.294906	-0.122578	8.684888	-0.183227	0.780723	-0.709572	-0.585392	-0.512902	0.627892	0.694785	-0.716499	0.062476	0.417840	0.472823	0.775789
49755	4.039596	0.237336	8.307211	-0.066712	1.011447	-0.531976	-0.593279	-0.513797	0.619703	0.691351	-0.719564	0.065280	0.412376	0.467161	0.782117
49756	3.713416	0.773765	7.794022	0.032903	1.164395	-0.411079	-0.600946	-0.516155	0.610285	0.688929	-0.721626	0.068064	0.405266	0.461346	0.789252
49757	3.490573	1.299681	7.433555	0.098846	1.233820	-0.360035	-0.608376	-0.519174	0.600281	0.687127	-0.723057	0.071031	0.397160	0.455683	0.796628
49758	3.677251	1.738716	7.284614	0.143445	1.268175	-0.380043	-0.616030	-0.522078	0.589866	0.685257	-0.724489	0.074422	0.388497	0.450056	0.804065
49759	3.893154	2.171789	7.214427	0.173619	1.271118	-0.463833	-0.624087	-0.524363	0.579274	0.683025	-0.726160	0.078540	0.379463	0.444675	0.811340
49760	4.116772	2.385218	7.188578	0.200781	1.269953	-0.585047	-0.633005	-0.525550	0.568420	0.679900	-0.728528	0.083569	0.370190	0.439368	0.818483
49761	4.227547	2.468320	7.188609	0.229664	1.258069	-0.741949	-0.642636	-0.525593	0.557468	0.675983	-0.731445	0.089636	0.360645	0.434443	0.825345
49762	4.454690	2.614669	7.248950	0.266270	1.225972	-0.899535	-0.653195	-0.524192	0.546406	0.670976	-0.735123	0.096875	0.350894	0.429903	0.831899
49763	4.842436	2.811426	7.393146	0.276752	1.206217	-1.049299	-0.664383	-0.521578	0.535306	0.664998	-0.739447	0.104863	0.341136	0.425646	0.838124
49764	5.191391	2.715749	7.547550	0.265203	1.196281	-1.189954	-0.676427	-0.517656	0.523907	0.657736	-0.744657	0.113444	0.331406	0.421329	0.844187
49765	5.632321	2.657774	7.737622	0.251923	1.188035	-1.320184	-0.688941	-0.512730	0.512317	0.649522	-0.750423	0.122420	0.321686	0.417101	0.850026
49766	5.984550	2.509651	7.862091	0.206604	1.184494	-1.413778	-0.702001	-0.506838	0.500310	0.640167	-0.756905	0.131458	0.312059	0.412566	0.855809
49767	6.051711	1.852838	7.805855	0.172463	1.173207	-1.463400	-0.714909	-0.500488	0.488280	0.630305	-0.763589	0.140173	0.302690	0.407976	0.861356
49768	6.191254	1.073106	7.710741	0.185927	1.120085	-1.455351	-0.727428	-0.493896	0.476357	0.620361	-0.770046	0.148933	0.293259	0.403851	0.866547
49769	6.613662	0.673123	7.766581	0.225789	1.039628	-1.369661	-0.738869	-0.487452	0.465257	0.610946	-0.775879	0.157343	0.284286	0.400503	0.871079
49770	7.268301	0.470755	7.969856	0.263867	0.969026	-1.227768	-0.749232	-0.481545	0.454715	0.602310	-0.780937	0.165409	0.275451	0.397809	0.875143
49771	8.045593	0.294387	8.138689	0.304982	0.930233	-1.051352	-0.758055	-0.476968	0.444809	0.595188	-0.784785	0.172812	0.266654	0.395745	0.878795
49772	8.412852	0.043666	7.951687	0.356842	0.909422	-0.861207	-0.765807	-0.473513	0.435115	0.589251	-0.787664	0.179914	0.257533	0.394172	0.882216
49773	7.792937	1.374257	6.979979	0.485874	0.831239	-0.652561	-0.771749	-0.471607	0.426603	0.585437	-0.788852	0.187017	0.248328	0.394080	0.884892
49774	9.278930	15.766191	6.851955	-1.992502	0.068682	0.255919	-0.770653	-0.473664	0.426306	0.582092	-0.795491	0.168412	0.259352	0.377936	0.888764
49775	10.117353	-5.816622	3.349517	-2.802153	-0.657846	0.901774	-0.763636	-0.478404	0.433577	0.581416	-0.801540	0.139607	0.280741	0.358697	0.890236
49776	14.942020	-9.920040	5.311239	-2.083983	-0.844034	0.963876	-0.755713	-0.483071	0.442199	0.582599	-0.804290	0.117026	0.299124	0.346063	0.889250
49777	15.239391	-7.836947	8.273647	-1.624157	-0.819523	0.771810	-0.748703	-0.486450	0.450345	0.583393	-0.806115	0.099153	0.314797	0.336964	0.887332
49778	13.284266	-10.982906	10.670985	-0.846076	-0.489788	0.128721	-0.746488	-0.485740	0.454766	0.581559	-0.808378	0.091181	0.323332	0.332539	0.885931
49779	9.049641	-5.202490	12.238397	-0.291073	-0.033799	-0.372026	-0.748540	-0.482578	0.454760	0.577807	-0.811163	0.090294	0.325311	0.330352	0.886025
49780	2.294038	-1.678918	9.971186	-0.054179	0.050721	-0.487897	-0.751644	-0.478614	0.453827	0.573806	-0.813794	0.092116	0.325234	0.329647	0.886316
49781	1.752820	-0.263003	10.028282	-0.146380	-0.273854	-0.364046	-0.752837	-0.474708	0.455949	0.570562	-0.816032	0.092475	0.328170	0.329765	0.885189
49782	4.063203	-2.709603	10.515714	-0.084139	-0.245334	-0.161753	-0.753057	-0.472470	0.457905	0.568951	-0.817148	0.092540	0.330454	0.330213	0.884172
49783	4.626968	-1.694283	9.245742	0.194745	-0.134701	0.052603	-0.752317	-0.472416	0.459176	0.569962	-0.816274	0.094020	0.330397	0.332446	0.883356
49784	5.164183	2.501351	8.507633	0.183977	-0.132270	0.043316	-0.751688	-0.472267	0.460357	0.570826	-0.815502	0.095465	0.330337	0.334543	0.882586
49785	5.686416	2.104360	8.336279	0.075751	-0.038727	0.030125	-0.751393	-0.472346	0.460759	0.571275	-0.815126	0.095995	0.330234	0.335349	0.882319
49786	4.997895	2.045610	8.362763	0.018776	0.066873	0.109087	-0.751017	-0.473404	0.460285	0.572101	-0.814585	0.095659	0.329656	0.335171	0.882603
49787	4.685422	1.678216	8.830083	-0.041511	0.126393	0.153181	-0.750561	-0.475037	0.459346	0.573087	-0.814017	0.094588	0.328983	0.334239	0.883207
49788	4.804404	0.731414	8.935742	-0.036628	0.162306	0.160981	-0.750228	-0.476776	0.458085	0.574066	-0.813449	0.093534	0.328034	0.333143	0.883973
49789	4.764673	1.153108	8.963201	-0.005827	0.182127	0.166381	-0.749873	-0.478698	0.456661	0.575267	-0.812693	0.092722	0.326740	0.332232	0.884795
49790	4.702621	1.698398	9.266716	-0.028551	0.172812	0.165035	-0.749529	-0.480532	0.455297	0.576334	-0.812050	0.091726	0.325647	0.331154	0.885602
49791	4.669303	1.149875	9.390005	-0.063383	0.160831	0.157824	-0.749146	-0.482307	0.454048	0.577282	-0.811520	0.090446	0.324846	0.329871	0.886375
49792	4.423132	0.482445	9.364486	-0.057503	0.118410	0.131885	-0.748795	-0.483701	0.453145	0.578023	-0.811115	0.089340	0.324339	0.328825	0.886949
49793	4.330789	-0.265437	9.541992	-0.002905	0.054433	0.084143	-0.748489	-0.484525	0.452769	0.578616	-0.810737	0.088932	0.323986	0.328544	0.887182
49794	4.656464	-0.485746	9.382743	0.077457	-0.004965	0.037672	-0.748257	-0.484801	0.452858	0.579138	-0.810308	0.089446	0.323591	0.329196	0.887085
49795	4.597494	0.049865	9.381449	0.146288	-0.049502	-0.012396	-0.748173	-0.484500	0.453317	0.579491	-0.809905	0.090799	0.323152	0.330627	0.886712
49796	4.729291	0.776879	9.255900	0.176767	-0.076645	-0.041741	-0.748208	-0.483823	0.453983	0.579666	-0.809581	0.092550	0.322758	0.332405	0.886191
49797	4.875859	1.418317	9.046389	0.168233	-0.074726	-0.047323	-0.748246	-0.483154	0.454633	0.579827	-0.809269	0.094255	0.322381	0.334134	0.885678
49798	5.035051	1.849069	8.812180	0.131186	-0.045301	-0.044728	-0.748383	-0.482584	0.455011	0.579860	-0.809087	0.095612	0.322002	0.335397	0.885338
49799	5.067251	2.054315	8.678187	0.071351	0.010120	-0.028106	-0.748584	-0.482354	0.454926	0.579851	-0.809003	0.096372	0.321551	0.335931	0.885299
49800	4.984420	1.697622	8.657080	0.012037	0.074792	-0.001962	-0.748852	-0.482530	0.454297	0.579824	-0.809009	0.096482	0.320974	0.335663	0.885610
49801	4.876995	1.228374	8.797527	-0.016064	0.126229	0.009116	-0.749209	-0.482990	0.453219	0.579813	-0.809038	0.096298	0.320160	0.334929	0.886183
49802	4.756575	1.039735	8.942810	-0.021543	0.155281	0.012408	-0.749643	-0.483566	0.451884	0.579802	-0.809077	0.096048	0.319163	0.334005	0.886891
49803	4.672029	0.815882	9.118715	-0.019609	0.164044	0.011251	-0.750106	-0.484166	0.450471	0.579796	-0.809108	0.095823	0.318085	0.333058	0.887634
49804	4.510407	0.721759	9.243773	-0.006428	0.150560	0.005334	-0.750575	-0.484653	0.449165	0.579764	-0.809140	0.095742	0.317036	0.332271	0.888304
49805	4.427271	0.683223	9.293594	0.010065	0.125866	-0.001285	-0.750986	-0.485023	0.448077	0.579758	-0.809133	0.095836	0.316071	0.331748	0.888843
49806	4.295281	0.771561	9.314732	0.025801	0.090019	-0.000220	-0.751280	-0.485290	0.447295	0.579811	-0.809069	0.096061	0.315275	0.331515	0.889213
49807	4.384667	0.992170	9.350897	0.032795	0.048560	0.005228	-0.751408	-0.485456	0.446900	0.579925	-0.808954	0.096328	0.314759	0.331550	0.889383
49808	4.518927	0.882670	9.188566	0.028809	0.031202	0.007389	-0.751473	-0.485575	0.446660	0.580035	-0.808850	0.096546	0.314401	0.331630	0.889479
49809	4.484399	0.933043	9.205809	0.043275	0.012397	0.004519	-0.751491	-0.485615	0.446586	0.580177	-0.808705	0.096909	0.314095	0.331926	0.889477
49810	4.580382	1.216425	9.171797	0.036222	0.002560	0.001213	-0.751498	-0.485595	0.446597	0.580268	-0.808602	0.097219	0.313910	0.332206	0.889438
49811	4.681495	1.145387	9.078039	0.032137	-0.000139	0.005934	-0.751468	-0.485605	0.446636	0.580386	-0.808486	0.097477	0.313763	0.332472	0.889390
49812	4.489514	1.378686	9.190502	0.019195	0.000688	0.010262	-0.751429	-0.485635	0.446668	0.580475	-0.808408	0.097599	0.313693	0.332619	0.889360
49813	4.588237	1.177506	9.130942	-0.004442	-0.001691	0.025492	-0.751281	-0.485798	0.446740	0.580625	-0.808319	0.097445	0.313770	0.332597	0.889341
49814	4.633103	0.852348	9.135257	-0.002198	-0.008498	0.028416	-0.751093	-0.485969	0.446871	0.580806	-0.808207	0.097289	0.313885	0.332619	0.889293
49815	4.590151	1.053848	9.187670	0.000111	-0.012587	0.025873	-0.750909	-0.486099	0.447039	0.580973	-0.808101	0.097174	0.314017	0.332687	0.889220
49816	4.624823	1.066403	9.103444	-0.013431	-0.009148	0.028741	-0.750727	-0.486254	0.447177	0.581105	-0.808036	0.096921	0.314207	0.332618	0.889179
49817	4.621293	0.992428	9.046377	-0.012392	-0.007964	0.032382	-0.750519	-0.486451	0.447310	0.581282	-0.807940	0.096665	0.314377	0.332562	0.889140
49818	4.585481	1.027967	9.116464	-0.015969	-0.004156	0.033822	-0.750310	-0.486680	0.447411	0.581462	-0.807846	0.096364	0.314541	0.332456	0.889122
49819	4.638376	0.961319	9.076489	-0.017905	-0.004552	0.036724	-0.750088	-0.486924	0.447519	0.581654	-0.807747	0.096040	0.314718	0.332339	0.889103
49820	4.571539	0.926008	9.143277	-0.013738	-0.010955	0.036733	-0.749852	-0.487145	0.447674	0.581849	-0.807641	0.095744	0.314919	0.332272	0.889056
49821	4.544604	0.979755	9.105818	-0.010544	-0.010259	0.034918	-0.749621	-0.487356	0.447830	0.582050	-0.807526	0.095493	0.315096	0.332243	0.889005
49822	4.527893	0.875181	9.108756	-0.010095	-0.021068	0.043650	-0.749313	-0.487588	0.448095	0.582305	-0.807376	0.095207	0.315359	0.332268	0.888902
49823	4.443229	1.098253	9.083880	-0.007426	-0.015055	0.034917	-0.749067	-0.487782	0.448293	0.582516	-0.807251	0.094984	0.315554	0.332287	0.888826
49824	4.525399	1.155050	9.032947	-0.017099	-0.019821	0.045799	-0.748747	-0.488047	0.448540	0.582770	-0.807110	0.094618	0.315842	0.332241	0.888740
49825	4.544308	1.187609	8.995300	-0.023354	-0.022001	0.055957	-0.748357	-0.488388	0.448820	0.583088	-0.806934	0.094159	0.316182	0.332166	0.888648
49826	4.517482	0.997407	9.072103	-0.029089	-0.017679	0.062840	-0.747944	-0.488792	0.449069	0.583430	-0.806750	0.093616	0.316527	0.332020	0.888579
49827	4.564384	0.971926	9.071629	-0.028731	-0.019371	0.066824	-0.747498	-0.489229	0.449335	0.583811	-0.806539	0.093060	0.316878	0.331889	0.888503
49828	4.614714	0.834267	9.074620	-0.031941	-0.017246	0.072252	-0.747020	-0.489722	0.449594	0.584229	-0.806306	0.092449	0.317236	0.331727	0.888436
49829	4.591792	0.891346	9.060448	-0.023930	-0.022855	0.066432	-0.746564	-0.490144	0.449890	0.584621	-0.806081	0.091937	0.317585	0.331652	0.888339
49830	4.462553	1.128665	9.113250	-0.028843	-0.016443	0.079491	-0.746057	-0.490695	0.450131	0.585089	-0.805812	0.091310	0.317915	0.331489	0.888282
49831	4.530939	1.029509	9.179855	-0.043250	-0.023997	0.089949	-0.745460	-0.491303	0.450457	0.585594	-0.805534	0.090520	0.318386	0.331265	0.888197
49832	4.551898	1.116910	9.329465	-0.039355	-0.053149	0.103673	-0.744688	-0.491925	0.451055	0.586212	-0.805176	0.089698	0.319054	0.331211	0.887977
49833	4.410337	1.134673	9.286960	-0.050793	-0.073736	0.112256	-0.743799	-0.492547	0.451841	0.586858	-0.804812	0.088740	0.319939	0.331171	0.887674
49834	4.358613	1.222554	9.595408	-0.057766	-0.119845	0.118569	-0.742724	-0.493069	0.453039	0.587526	-0.804441	0.087683	0.321209	0.331296	0.887168
49835	4.157053	1.141330	9.938526	-0.059492	-0.198422	0.133400	-0.741306	-0.493447	0.454946	0.588296	-0.804001	0.086550	0.323069	0.331803	0.886303
49836	3.757938	1.245266	10.383375	-0.039891	-0.342430	0.148093	-0.739334	-0.493455	0.458135	0.589226	-0.803430	0.085516	0.325881	0.333171	0.884759
49837	3.510179	1.632078	10.760590	-0.077939	-0.547072	0.157460	-0.736615	-0.492854	0.463134	0.590105	-0.802934	0.084102	0.330416	0.335249	0.882289
49838	3.593199	0.829651	10.634394	-0.016419	-0.775508	0.176470	-0.733000	-0.491610	0.470139	0.591307	-0.802150	0.083131	0.336254	0.338932	0.878669
49839	3.657979	0.112439	10.687237	0.064564	-1.020875	0.217759	-0.728246	-0.489830	0.479296	0.593090	-0.800881	0.082663	0.343368	0.344465	0.873752
49840	3.624043	-0.288048	10.800159	0.253715	-1.299965	0.256068	-0.722221	-0.487300	0.490852	0.595788	-0.798777	0.083622	0.351332	0.352837	0.867221
49841	3.596150	-0.263914	10.908472	0.428175	-1.578306	0.268501	-0.715006	-0.483747	0.504733	0.599213	-0.795959	0.085982	0.360153	0.363920	0.858983
49842	3.205260	1.231538	11.673805	0.473745	-1.905330	0.276108	-0.706384	-0.478843	0.521278	0.602874	-0.792901	0.088601	0.370896	0.376851	0.848775
49843	3.246195	1.530535	11.573779	0.484777	-2.285693	0.312057	-0.695872	-0.472491	0.540845	0.606865	-0.789575	0.091030	0.384027	0.391565	0.836182
49844	3.089513	2.708865	11.561337	0.462986	-2.673302	0.432856	-0.682772	-0.465163	0.563424	0.611612	-0.785736	0.092464	0.399692	0.407728	0.820978
49845	4.165314	3.478080	11.123344	0.389990	-3.046995	0.660219	-0.666260	-0.457610	0.588805	0.617633	-0.781087	0.091831	0.417885	0.424849	0.803042
49846	5.205887	3.360836	10.031751	0.271206	-3.226369	0.873535	-0.647065	-0.450373	0.615200	0.624459	-0.776004	0.088709	0.437445	0.441568	0.783364
49847	6.903707	3.641760	10.172404	0.228613	-3.249759	1.013111	-0.626171	-0.443551	0.641228	0.631905	-0.770468	0.084118	0.456735	0.457867	0.762726
49848	7.550249	3.638718	9.702603	0.098680	-3.152722	1.106789	-0.604452	-0.437299	0.665889	0.639106	-0.765191	0.077628	0.475586	0.472495	0.742002
49849	9.542833	2.855678	10.166839	-0.020115	-2.925883	1.090559	-0.583275	-0.431568	0.688142	0.645459	-0.760570	0.070105	0.493125	0.485058	0.722181
49850	9.137599	1.798512	9.254667	-0.133374	-2.559265	1.065938	-0.563491	-0.427057	0.707178	0.650889	-0.756661	0.061701	0.508744	0.495062	0.704338
49851	8.571762	2.285787	9.346600	-0.174494	-2.392613	0.979924	-0.544745	-0.422462	0.724416	0.655394	-0.753391	0.053482	0.523175	0.503912	0.687285
49852	7.055882	4.421745	10.419244	-0.423245	-2.072243	0.743299	-0.528855	-0.417513	0.738914	0.657116	-0.752435	0.045158	0.537131	0.509435	0.672284
49853	7.185795	2.228954	10.303908	-0.650238	-1.803682	0.298191	-0.517085	-0.410505	0.751071	0.655114	-0.754543	0.038619	0.550862	0.512006	0.659091
49854	6.617179	2.753730	11.099814	-0.493168	-1.335064	-0.208032	-0.510979	-0.402027	0.759786	0.651281	-0.757936	0.036958	0.561011	0.513719	0.649122
49855	3.248449	4.394887	9.905919	-0.664322	-1.144339	-0.543625	-0.508022	-0.391973	0.766989	0.644726	-0.763526	0.036837	0.571177	0.513211	0.640603
49856	3.068146	3.624869	9.317393	-0.953551	-1.130424	-0.793912	-0.506538	-0.380043	0.773942	0.635175	-0.771487	0.036879	0.583071	0.510270	0.632182
49857	3.309507	2.478058	9.234972	-1.078730	-1.036502	-1.029608	-0.506908	-0.366742	0.780092	0.623578	-0.780832	0.038115	0.595142	0.505769	0.624502
49858	2.778568	2.265234	9.254104	-1.102133	-0.883210	-1.201940	-0.508980	-0.352786	0.785163	0.610813	-0.790729	0.040671	0.606503	0.500289	0.617952
49859	2.227060	2.035011	9.024551	-1.099625	-0.710202	-1.269592	-0.512302	-0.339110	0.789019	0.597578	-0.800607	0.043911	0.616804	0.493997	0.612797
49860	1.862501	1.637928	8.774500	-1.060561	-0.509948	-1.249956	-0.516527	-0.326476	0.791589	0.584484	-0.810025	0.047307	0.625762	0.487107	0.609220
49861	1.660451	1.294689	8.636290	-0.966490	-0.274667	-1.156682	-0.521482	-0.315686	0.792716	0.572373	-0.818430	0.050604	0.632808	0.480118	0.607487
49862	1.628019	1.207422	8.494614	-0.811725	0.001728	-1.022702	-0.527314	-0.307220	0.792184	0.561753	-0.825556	0.053767	0.637474	0.473364	0.607909
49863	1.875590	1.452840	8.469156	-0.657153	0.311804	-0.874380	-0.534170	-0.301399	0.789823	0.552890	-0.831323	0.056694	0.639511	0.466970	0.610709
49864	2.101758	1.571749	8.247871	-0.523347	0.661516	-0.732597	-0.542506	-0.298251	0.785324	0.545407	-0.836075	0.059244	0.638920	0.460461	0.616244
49865	2.173381	1.420009	7.980089	-0.354616	0.995179	-0.626499	-0.552238	-0.297512	0.778794	0.539691	-0.839580	0.061958	0.635427	0.454523	0.624212
49866	2.346798	1.610671	7.597848	-0.172062	1.289476	-0.558587	-0.563438	-0.298537	0.770333	0.535320	-0.842131	0.065182	0.629262	0.449101	0.634301
49867	2.603501	2.049205	7.401702	-0.023725	1.542902	-0.525570	-0.575878	-0.300956	0.760125	0.532150	-0.843829	0.069065	0.620630	0.444273	0.646096
49868	3.052429	2.254042	7.280481	0.072299	1.765471	-0.521449	-0.589593	-0.304250	0.748206	0.529361	-0.845212	0.073445	0.610047	0.439374	0.659389
49869	3.512922	2.156342	7.218139	0.175279	1.974039	-0.540686	-0.604360	-0.308263	0.734658	0.527163	-0.846118	0.078635	0.597368	0.434808	0.673865
49870	3.986179	2.200257	7.250017	0.283375	2.144838	-0.579757	-0.620195	-0.312508	0.719511	0.525042	-0.846845	0.084756	0.582828	0.430339	0.689289
49871	4.414637	2.204321	7.282840	0.381736	2.295156	-0.617508	-0.636616	-0.317066	0.702986	0.523326	-0.847171	0.091820	0.566436	0.426345	0.705251
49872	4.864139	2.099697	7.252083	0.463859	2.414654	-0.646533	-0.653570	-0.321750	0.685072	0.521553	-0.847387	0.099588	0.548478	0.422389	0.721636
49873	5.320698	1.787425	7.387351	0.556376	2.510797	-0.655903	-0.670510	-0.326712	0.666090	0.520178	-0.847190	0.108089	0.528991	0.418960	0.737998
49874	5.746347	1.514287	7.532767	0.650209	2.593807	-0.631148	-0.687367	-0.332101	0.645938	0.519071	-0.846678	0.117053	0.508028	0.415746	0.754362
49875	6.146182	1.358415	7.689926	0.745795	2.655646	-0.564896	-0.703491	-0.338286	0.625030	0.518818	-0.845498	0.126336	0.485724	0.413153	0.770310
49876	6.672035	1.361356	7.875012	0.832279	2.712220	-0.473030	-0.718898	-0.345363	0.603250	0.519227	-0.843796	0.135690	0.462158	0.410771	0.785925
49877	7.139647	0.978208	8.015731	0.912714	2.758297	-0.373801	-0.733248	-0.353475	0.580864	0.520588	-0.841380	0.145151	0.437420	0.408822	0.800955
49878	7.498133	0.607810	7.986780	1.041792	2.791704	-0.260632	-0.746536	-0.362595	0.557862	0.522939	-0.838154	0.155025	0.411363	0.407459	0.815327
49879	7.770750	0.447926	7.896562	1.169289	2.794593	-0.129330	-0.758334	-0.372852	0.534707	0.526587	-0.833887	0.165346	0.384235	0.406957	0.828703
49880	8.215503	0.339532	7.965301	1.289046	2.761363	0.005586	-0.768604	-0.384053	0.511616	0.531270	-0.828709	0.176047	0.356369	0.407117	0.840986
49881	9.136329	0.152004	8.196272	1.396886	2.713392	0.113158	-0.777289	-0.396006	0.488877	0.536895	-0.822593	0.187308	0.327972	0.408068	0.852006
49882	9.885592	0.095753	8.045085	1.473533	2.668444	0.191552	-0.784696	-0.408392	0.466335	0.542884	-0.815892	0.198989	0.299213	0.409312	0.861937
49883	10.118180	-0.180502	7.706676	1.500770	2.578568	0.261350	-0.790624	-0.421048	0.444558	0.549191	-0.808674	0.210799	0.270746	0.410810	0.870593
49884	10.131789	-0.618170	7.223581	1.509819	2.421420	0.329048	-0.795099	-0.433576	0.424062	0.555561	-0.801142	0.222540	0.243246	0.412533	0.877865
49885	10.075537	-0.863605	6.820132	1.511586	2.193579	0.394941	-0.797953	-0.445760	0.405670	0.562159	-0.793172	0.234211	0.217364	0.414941	0.883502
49886	9.895710	-0.460106	6.552793	1.463631	1.913758	0.456045	-0.799376	-0.457240	0.389782	0.568702	-0.785105	0.245330	0.193845	0.417781	0.887628
49887	9.922413	0.057441	6.124065	1.352020	1.594259	0.481616	-0.799560	-0.467648	0.376841	0.575007	-0.777230	0.255500	0.173408	0.420974	0.890343
49888	10.196535	1.106228	5.480660	1.168050	1.250461	0.423964	-0.799235	-0.476131	0.366774	0.580230	-0.770373	0.264308	0.156707	0.424057	0.891974
49889	10.576557	2.951804	4.868370	0.820350	0.907905	0.343482	-0.798616	-0.482587	0.359614	0.584182	-0.765262	0.270378	0.144718	0.426009	0.893070
49890	10.237898	3.331136	4.186842	0.362829	0.536420	0.221949	-0.798119	-0.486504	0.355414	0.586400	-0.762697	0.272815	0.138348	0.426154	0.894009
49891	10.105944	11.038641	5.113669	-0.554071	-0.145575	0.189184	-0.796818	-0.487290	0.357252	0.587102	-0.764150	0.267180	0.142800	0.422637	0.894978
49892	11.650064	1.379908	1.012819	-1.772202	-1.051676	0.267071	-0.793663	-0.484907	0.367375	0.586508	-0.770278	0.250360	0.161579	0.414170	0.895743
49893	17.904962	-4.560188	2.858666	-1.754392	-1.291677	-0.180592	-0.792510	-0.478166	0.378530	0.582033	-0.778372	0.235319	0.182115	0.406809	0.895176
49894	15.440696	-1.443835	3.172133	-1.589160	-1.285943	-0.655832	-0.793822	-0.467828	0.388566	0.573794	-0.787872	0.223649	0.201511	0.400495	0.893867
49895	9.853530	2.784361	8.756383	-1.931506	-1.525998	-0.763176	-0.794921	-0.455683	0.400568	0.563586	-0.799074	0.209409	0.224659	0.392218	0.892017
49896	5.886766	3.574660	12.336781	-2.010659	-1.134114	-0.696687	-0.796120	-0.445694	0.409329	0.553361	-0.809952	0.194343	0.244919	0.381227	0.891449
49897	-0.037355	1.846370	12.122671	-2.252892	-0.953173	-0.285717	-0.795267	-0.439760	0.417327	0.545314	-0.819668	0.175434	0.264921	0.367092	0.891662
49898	-1.099200	-5.718267	11.516520	-1.941240	-1.187869	0.418302	-0.789699	-0.438899	0.428653	0.543323	-0.824824	0.156414	0.284913	0.356417	0.889827
49899	7.548736	-5.877522	11.490628	-1.513615	-1.273068	1.070960	-0.780121	-0.443203	0.441567	0.547248	-0.825464	0.138308	0.303200	0.349544	0.886504
49900	10.699807	-1.295729	10.320223	-0.928517	-0.906004	0.807646	-0.772881	-0.446690	0.450691	0.550637	-0.825104	0.126499	0.315361	0.345936	0.883672
49901	11.314430	-3.916064	11.926611	-0.779017	-0.562936	0.446470	-0.768627	-0.448400	0.456236	0.551558	-0.825806	0.117596	0.324032	0.342028	0.882055
49902	6.697237	-5.955549	10.581888	-0.191037	0.142102	0.276554	-0.767555	-0.451136	0.455341	0.553049	-0.825222	0.114656	0.324032	0.339831	0.882903
49903	3.769237	-0.143988	10.142819	0.051334	-0.094723	0.173778	-0.766291	-0.452208	0.456406	0.554518	-0.824283	0.114316	0.324513	0.340685	0.882398
49904	4.711128	0.803220	9.389074	0.036148	-0.083383	0.131426	-0.765296	-0.452965	0.457323	0.555607	-0.823589	0.114027	0.324996	0.341356	0.881960
49905	5.363974	2.004518	8.724672	0.043524	-0.091584	0.134965	-0.764253	-0.453724	0.458314	0.556751	-0.822849	0.113792	0.325493	0.342132	0.881476
49906	5.470424	2.372836	8.556393	-0.015668	-0.020507	0.129077	-0.763472	-0.454675	0.458673	0.557653	-0.822339	0.113056	0.325781	0.342096	0.881384
49907	5.014106	2.272647	8.637324	-0.053583	0.040966	0.134108	-0.762862	-0.455879	0.458493	0.558472	-0.821932	0.111967	0.325806	0.341471	0.881616
49908	5.054809	1.974740	8.841599	-0.109245	0.084623	0.142087	-0.762345	-0.457298	0.457940	0.559175	-0.821673	0.110352	0.325813	0.340195	0.882107
49909	5.042851	0.922617	8.874870	-0.116411	0.124294	0.122239	-0.762071	-0.458686	0.457007	0.559698	-0.821528	0.108764	0.325555	0.338672	0.882788
49910	4.824418	0.785682	9.092375	-0.082537	0.130593	0.095588	-0.761960	-0.459878	0.455994	0.560135	-0.821383	0.107600	0.325063	0.337405	0.883455
49911	4.751996	0.688748	9.180101	-0.062798	0.115222	0.070463	-0.761944	-0.460806	0.455081	0.560439	-0.821291	0.106722	0.324576	0.336362	0.884031
49912	4.754298	0.581927	9.236158	-0.042152	0.101823	0.051630	-0.761985	-0.461536	0.454272	0.560671	-0.821211	0.106114	0.324077	0.335555	0.884521
49913	4.617609	0.648947	9.210723	-0.015554	0.072353	0.036102	-0.762022	-0.462037	0.453700	0.560866	-0.821117	0.105812	0.323652	0.335096	0.884850
49914	4.625134	1.123510	9.085104	-0.004571	0.063022	0.032758	-0.762044	-0.462480	0.453213	0.561075	-0.820999	0.105620	0.323240	0.334774	0.885123
49915	4.518499	1.257333	9.037688	-0.020673	0.054720	0.046295	-0.761966	-0.463004	0.452808	0.561331	-0.820874	0.105226	0.322978	0.334354	0.885377
49916	4.553386	1.280304	9.180862	-0.033610	0.041655	0.068979	-0.761715	-0.463673	0.452547	0.561723	-0.820685	0.104614	0.322891	0.333892	0.885583
49917	4.551102	1.272738	9.183046	-0.056094	0.029162	0.082477	-0.761351	-0.464408	0.452405	0.562140	-0.820510	0.103743	0.323023	0.333299	0.885758
49918	4.592676	1.114145	9.118082	-0.064177	0.026432	0.086458	-0.760951	-0.465169	0.452295	0.562565	-0.820339	0.102782	0.323225	0.332657	0.885926
49919	4.704466	0.805958	9.109517	-0.056824	0.012591	0.091891	-0.760480	-0.465926	0.452308	0.563051	-0.820121	0.101861	0.323488	0.332136	0.886026
49920	4.607080	1.006864	9.117083	-0.021695	0.003266	0.083829	-0.760020	-0.466588	0.452400	0.563592	-0.819820	0.101288	0.323627	0.331950	0.886045
49921	4.520796	1.420179	9.194564	-0.029157	-0.007568	0.081935	-0.759539	-0.467196	0.452580	0.564090	-0.819555	0.100657	0.323888	0.331749	0.886024
49922	4.744285	1.249060	9.060247	-0.050775	0.001290	0.090679	-0.759032	-0.467907	0.452695	0.564589	-0.819317	0.099795	0.324206	0.331335	0.886063
49923	4.777374	1.065924	9.077523	-0.053770	0.002492	0.093568	-0.758517	-0.468643	0.452797	0.565095	-0.819078	0.098894	0.324530	0.330886	0.886112
49924	4.725415	0.933412	9.141967	-0.052701	0.006440	0.082573	-0.758072	-0.469305	0.452857	0.565525	-0.818882	0.098052	0.324820	0.330432	0.886175
49925	4.756095	0.996165	9.146035	-0.044248	0.001970	0.075233	-0.757658	-0.469889	0.452944	0.565922	-0.818695	0.097318	0.325094	0.330064	0.886212
49926	4.752448	0.855275	9.156450	-0.048672	0.006495	0.064979	-0.757312	-0.470407	0.452985	0.566231	-0.818567	0.096591	0.325362	0.329644	0.886270
49927	4.646123	0.785217	9.160139	-0.028822	-0.009175	0.058370	-0.756957	-0.470816	0.453154	0.566550	-0.818408	0.096069	0.325634	0.329454	0.886241
49928	4.666060	0.823618	9.146492	-0.021193	-0.012951	0.048495	-0.756641	-0.471134	0.453351	0.566822	-0.818267	0.095660	0.325893	0.329350	0.886184
49929	4.662033	0.990413	9.152954	-0.014283	-0.027874	0.046248	-0.756294	-0.471382	0.453673	0.567096	-0.818117	0.095322	0.326224	0.329368	0.886056
49930	4.650735	1.138892	9.088653	-0.020885	-0.028413	0.052429	-0.755905	-0.471681	0.454010	0.567398	-0.817957	0.094898	0.326599	0.329338	0.885929
49931	4.829967	0.988629	8.952453	-0.037866	-0.027601	0.056029	-0.755502	-0.472010	0.454338	0.567669	-0.817838	0.094306	0.327061	0.329162	0.885823
49932	4.880454	0.724894	8.987461	-0.025678	-0.013895	0.049171	-0.755178	-0.472331	0.454544	0.567931	-0.817708	0.093854	0.327354	0.329026	0.885766
49933	4.730092	0.983565	9.089248	-0.014404	-0.010469	0.043363	-0.754903	-0.472612	0.454708	0.568182	-0.817571	0.093528	0.327553	0.328961	0.885716
49934	4.795805	0.762036	9.010859	-0.021539	-0.000152	0.040836	-0.754671	-0.472910	0.454783	0.568394	-0.817466	0.093150	0.327719	0.328794	0.885717
49935	4.776354	0.837221	8.967848	-0.000932	0.003503	0.037614	-0.754474	-0.473190	0.454818	0.568645	-0.817312	0.092969	0.327736	0.328773	0.885719
49936	4.635602	1.064499	8.976565	0.002362	0.017960	0.035868	-0.754330	-0.473506	0.454728	0.568898	-0.817152	0.092825	0.327629	0.328715	0.885780
49937	4.580997	0.939712	9.040774	0.000476	0.020290	0.033315	-0.754212	-0.473807	0.454610	0.569122	-0.817014	0.092677	0.327512	0.328626	0.885856
49938	4.498604	0.933553	9.179072	0.012883	0.007486	0.034008	-0.754044	-0.474073	0.454612	0.569395	-0.816828	0.092634	0.327424	0.328704	0.885859
49939	4.494296	1.107203	9.109374	0.014049	-0.003220	0.038697	-0.753819	-0.474341	0.454707	0.569704	-0.816619	0.092582	0.327407	0.328838	0.885816
49940	4.602785	1.231286	9.038806	0.001046	-0.007899	0.044836	-0.753538	-0.474645	0.454855	0.570019	-0.816421	0.092385	0.327502	0.328892	0.885761
49941	4.657789	0.985401	9.044075	-0.010446	-0.004895	0.060498	-0.753183	-0.475084	0.454984	0.570412	-0.816189	0.092016	0.327638	0.328833	0.885733
49942	4.565482	0.949412	9.164674	-0.001804	-0.010295	0.059751	-0.752809	-0.475502	0.455167	0.570831	-0.815928	0.091727	0.327767	0.328876	0.885669
49943	4.514004	1.006409	9.103927	-0.007106	-0.027875	0.069844	-0.752324	-0.475942	0.455508	0.571304	-0.815640	0.091345	0.328056	0.328954	0.885533
49944	4.563537	1.106527	9.146506	-0.012919	-0.034607	0.071234	-0.751804	-0.476373	0.455916	0.571772	-0.815361	0.090904	0.328431	0.329022	0.885368
49945	4.520032	1.173737	9.131926	-0.021856	-0.048343	0.091887	-0.751125	-0.476925	0.456458	0.572361	-0.815016	0.090291	0.328958	0.329078	0.885152
49946	4.549786	1.038940	9.108943	-0.036503	-0.060570	0.106682	-0.750316	-0.477559	0.457126	0.573017	-0.814644	0.089479	0.329663	0.329078	0.884890
49947	4.484073	0.986017	9.126488	-0.032497	-0.075125	0.113829	-0.749421	-0.478200	0.457923	0.573734	-0.814228	0.088670	0.330452	0.329177	0.884559
49948	4.472262	1.107626	9.244340	-0.037234	-0.107047	0.126282	-0.748342	-0.478840	0.459017	0.574532	-0.813764	0.087760	0.331508	0.329394	0.884083
49949	4.369740	1.075258	9.360679	-0.048478	-0.142994	0.147738	-0.747023	-0.479533	0.460440	0.575446	-0.813237	0.086652	0.332894	0.329689	0.883451
49950	4.316325	1.080522	9.485271	-0.053502	-0.200311	0.160938	-0.745429	-0.480144	0.462383	0.576443	-0.812659	0.085436	0.334738	0.330224	0.882555
49951	4.044192	0.748957	9.898784	-0.057224	-0.301803	0.164492	-0.743471	-0.480444	0.465215	0.577446	-0.812079	0.084167	0.337353	0.331212	0.881187
49952	3.690829	0.908145	10.578404	-0.020992	-0.468091	0.145149	-0.741048	-0.480029	0.469489	0.578424	-0.811472	0.083302	0.340990	0.333295	0.879000
49953	3.499249	1.259598	10.984209	-0.027925	-0.715710	0.145462	-0.737751	-0.478774	0.475920	0.579374	-0.810889	0.082369	0.346482	0.336503	0.875623
49954	3.624307	1.415681	11.162534	-0.027315	-1.007016	0.188978	-0.733134	-0.476853	0.484897	0.580634	-0.810103	0.081218	0.354088	0.341092	0.870792
49955	3.428121	1.083982	11.305463	0.034843	-1.300514	0.266827	-0.726921	-0.474496	0.496426	0.582678	-0.808735	0.080211	0.363418	0.347564	0.864365
49956	3.398778	0.019183	11.226088	0.164506	-1.624343	0.340534	-0.718952	-0.471484	0.510697	0.585706	-0.806575	0.079905	0.374242	0.356566	0.856040
49957	3.514493	0.793339	11.728484	0.259589	-1.981322	0.387300	-0.709139	-0.467386	0.527894	0.589431	-0.803838	0.080104	0.386902	0.367962	0.845524
49958	3.223724	0.836736	11.992960	0.260851	-2.391309	0.421598	-0.697229	-0.461762	0.548313	0.593372	-0.800942	0.080012	0.402220	0.381140	0.832437
49959	2.842167	2.463543	12.770223	0.270605	-2.864906	0.502524	-0.682454	-0.454600	0.572359	0.597923	-0.797608	0.079430	0.420410	0.396434	0.816147
49960	2.981127	2.435371	12.993500	0.182356	-3.367362	0.627342	-0.664190	-0.445913	0.600012	0.602872	-0.794094	0.077207	0.442038	0.413010	0.796257
49961	2.539590	3.824780	13.041372	0.060063	-3.904445	0.811196	-0.641525	-0.435825	0.631270	0.608413	-0.790285	0.072689	0.467204	0.430704	0.772149
49962	3.058734	3.924702	12.966253	-0.125056	-4.530839	1.003506	-0.613589	-0.423750	0.666292	0.614036	-0.786580	0.065215	0.496457	0.449142	0.742834
49963	3.074732	4.324564	12.668471	-0.211412	-5.123992	1.320093	-0.579174	-0.410539	0.704283	0.620799	-0.782063	0.054642	0.528362	0.468865	0.707813
49964	5.797311	5.214144	11.913682	-0.517464	-5.413652	1.656780	-0.539353	-0.397547	0.742331	0.627166	-0.777904	0.039080	0.561926	0.486643	0.668893
49965	8.840033	3.052380	10.376162	-0.886474	-5.388795	1.765076	-0.497049	-0.384602	0.777833	0.631157	-0.775399	0.019922	0.595468	0.500837	0.628155
49966	15.556326	2.277266	9.871793	-0.673570	-4.851635	1.620440	-0.457260	-0.372479	0.807572	0.634710	-0.772745	0.002967	0.622942	0.513931	0.589761
49967	16.192872	5.054039	10.272367	-0.813134	-3.916409	1.642049	-0.421975	-0.364821	0.829966	0.636748	-0.770924	-0.015130	0.645360	0.522094	0.557609
49968	11.155299	2.330101	9.281713	-0.994944	-3.064513	1.498015	-0.392392	-0.360287	0.846299	0.636289	-0.770740	-0.033100	0.664202	0.525503	0.531679
49969	8.107179	1.413602	10.545141	-0.607657	-2.174682	1.127906	-0.370631	-0.357469	0.857233	0.636495	-0.769916	-0.045864	0.676392	0.528626	0.512882
49970	6.796762	2.007950	10.447265	-0.222794	-1.303418	0.689203	-0.357418	-0.355825	0.863505	0.637435	-0.768685	-0.052908	0.682590	0.531518	0.501557
49971	6.456243	6.225201	11.399165	-0.043456	-0.303958	0.130370	-0.354504	-0.355165	0.864977	0.637579	-0.768474	-0.054234	0.683974	0.532265	0.498873
49972	-0.418796	6.855049	8.198479	-0.361910	0.170656	-0.342771	-0.357888	-0.353399	0.864306	0.633828	-0.771652	-0.053061	0.685695	0.528832	0.500159
49973	-1.390166	4.337905	7.110111	-0.553535	0.094443	-0.842736	-0.363844	-0.347324	0.864282	0.626959	-0.777539	-0.048529	0.688869	0.524213	0.500661
49974	-0.710684	3.363736	7.136107	-0.483332	0.063185	-1.343491	-0.372692	-0.337123	0.864551	0.618616	-0.784709	-0.039316	0.691675	0.520172	0.501005
49975	0.250652	3.783482	7.940933	-0.440415	0.149628	-1.757168	-0.384507	-0.323994	0.864397	0.608887	-0.792820	-0.026316	0.693837	0.516202	0.502121
49976	0.803004	3.628575	8.315525	-0.506254	0.359423	-2.049512	-0.399427	-0.309464	0.862954	0.597265	-0.801966	-0.011144	0.695509	0.510962	0.505159
49977	0.993147	2.926125	8.233738	-0.582750	0.607740	-2.210119	-0.416705	-0.294673	0.859956	0.584164	-0.811620	0.004956	0.696497	0.504421	0.510344
