// General information: 
//  MT Manager version: 2022.2.0 
//  XDA version: 2022.2.0 build 7381 rev 124627 built on 2023-07-19
// Device information: 
//  DeviceId: 00B4CAF0
//  ProductCode: MTW2-3A7G6
//  Firmware Version: 4.6.0
//  Hardware Version: 2.0.0
// Device settings: 
//  Filter Profile: human(46.1)
//  Option Flags: Orientation Smoother Disabled, Position/Velocity Smoother Disabled, Continuous Zero Rotation Update Disabled, AHS Disabled, ICC Disabled
// Coordinate system: ENU
PacketCounter	Acc_X	Acc_Y	Acc_Z	Gyr_X	Gyr_Y	Gyr_Z	Mat[1][1]	Mat[2][1]	Mat[3][1]	Mat[1][2]	Mat[2][2]	Mat[3][2]	Mat[1][3]	Mat[2][3]	Mat[3][3]
31034	4.183351	1.872342	9.117096	0.013994	0.000726	0.003692	0.819327	0.401407	0.409360	-0.501934	0.847262	0.173810	-0.277067	-0.347879	0.895664
31035	4.190664	1.879304	9.170692	0.010268	0.002507	0.001548	0.819345	0.401377	0.409354	-0.501928	0.847247	0.173899	-0.277025	-0.347949	0.895650
31036	4.145699	1.905845	9.140692	0.004440	0.003023	0.003307	0.819380	0.401295	0.409364	-0.501865	0.847272	0.173960	-0.277033	-0.347985	0.895633
31037	4.162788	1.878051	9.130391	0.002083	0.003085	0.000823	0.819403	0.401261	0.409351	-0.501831	0.847289	0.173978	-0.277028	-0.347983	0.895636
31038	4.182450	1.874063	9.117156	-0.002650	0.005028	0.000580	0.819458	0.401162	0.409338	-0.501726	0.847348	0.173986	-0.277055	-0.347950	0.895640
31039	4.178529	1.902658	9.147923	-0.005740	0.002106	0.001659	0.819474	0.401132	0.409335	-0.501676	0.847389	0.173931	-0.277097	-0.347886	0.895652
31040	4.189387	1.878930	9.171353	-0.007197	0.002235	0.002099	0.819514	0.401036	0.409350	-0.501572	0.847459	0.173893	-0.277170	-0.347826	0.895653
31041	4.198150	1.897392	9.134974	-0.005652	0.003696	0.001559	0.819535	0.401011	0.409333	-0.501522	0.847500	0.173839	-0.277199	-0.347756	0.895671
31042	4.208855	1.873521	9.158500	-0.010023	0.004082	0.002878	0.819575	0.400928	0.409332	-0.501415	0.847576	0.173772	-0.277270	-0.347665	0.895684
31043	4.194668	1.871570	9.138735	-0.008839	0.007100	0.000777	0.819610	0.400907	0.409284	-0.501350	0.847632	0.173692	-0.277287	-0.347554	0.895722
31044	4.210585	1.895953	9.156244	-0.006101	0.003662	0.000097	0.819663	0.400800	0.409282	-0.501232	0.847706	0.173673	-0.277343	-0.347498	0.895727
31045	4.207381	1.871120	9.159668	-0.011195	0.007163	-0.001707	0.819710	0.400758	0.409228	-0.501139	0.847779	0.173582	-0.277371	-0.347367	0.895769
31046	4.169349	1.902007	9.183972	-0.012203	0.007324	0.000195	0.819774	0.400664	0.409194	-0.501005	0.847873	0.173507	-0.277427	-0.347245	0.895799
31047	4.157884	1.924659	9.161058	0.003990	0.002988	0.001847	0.819791	0.400638	0.409184	-0.500983	0.847880	0.173538	-0.277413	-0.347259	0.895797
31048	4.160642	1.950202	9.157689	0.033079	-0.002052	0.009197	0.819783	0.400587	0.409249	-0.501048	0.847781	0.173832	-0.277319	-0.347558	0.895711
31049	4.197903	1.854682	9.195952	0.035170	-0.006886	0.011981	0.819723	0.400613	0.409345	-0.501196	0.847639	0.174101	-0.277230	-0.347877	0.895615
31050	4.196845	1.899799	9.135073	0.039454	-0.008866	0.010763	0.819688	0.400552	0.409474	-0.501292	0.847511	0.174446	-0.277159	-0.348257	0.895488
31051	4.194647	1.878589	9.137305	0.030452	0.001151	0.005049	0.819685	0.400546	0.409486	-0.501370	0.847412	0.174701	-0.277028	-0.348503	0.895433
31052	4.188372	1.885616	9.170443	0.019714	0.000434	0.006764	0.819696	0.400484	0.409525	-0.501378	0.847370	0.174885	-0.276980	-0.348679	0.895380
31053	4.166423	1.933008	9.123658	0.014443	0.000755	0.005158	0.819691	0.400478	0.409541	-0.501412	0.847326	0.174996	-0.276933	-0.348791	0.895351
31054	4.197358	1.906773	9.133385	0.005898	0.002892	0.002867	0.819729	0.400391	0.409550	-0.501350	0.847347	0.175073	-0.276934	-0.348841	0.895331
31055	4.194410	1.882840	9.136538	-0.000830	0.003344	0.001700	0.819749	0.400365	0.409537	-0.501314	0.847371	0.175061	-0.276941	-0.348813	0.895340
31056	4.187816	1.887459	9.170318	-0.005202	0.003733	0.003018	0.819787	0.400283	0.409539	-0.501223	0.847430	0.175038	-0.276991	-0.348765	0.895343
31057	4.207453	1.882845	9.157232	-0.007469	0.005385	0.000432	0.819819	0.400252	0.409505	-0.501158	0.847482	0.174972	-0.277015	-0.348673	0.895371
31058	4.193437	1.881157	9.137332	-0.005291	0.002143	0.003119	0.819854	0.400164	0.409522	-0.501066	0.847541	0.174948	-0.277079	-0.348629	0.895368
31059	4.186732	1.885417	9.171234	-0.008837	0.007105	0.000771	0.819889	0.400142	0.409474	-0.500999	0.847597	0.174869	-0.277096	-0.348519	0.895406
31060	4.191635	1.932720	9.165515	-0.009914	0.003858	-0.001952	0.819953	0.400019	0.409466	-0.500855	0.847692	0.174824	-0.277168	-0.348430	0.895418
31061	4.208423	1.903794	9.155611	-0.010744	0.007200	-0.000251	0.819993	0.399989	0.409415	-0.500775	0.847758	0.174732	-0.277194	-0.348303	0.895460
31062	4.191263	1.877670	9.139046	-0.012562	0.008886	-0.001375	0.820068	0.399886	0.409364	-0.500626	0.847860	0.174661	-0.277239	-0.348172	0.895497
31063	4.175918	1.928874	9.146850	-0.007380	0.006974	0.000333	0.820105	0.399861	0.409316	-0.500560	0.847913	0.174596	-0.277250	-0.348074	0.895532
31064	4.192739	1.900570	9.136798	0.003071	0.004740	0.003648	0.820144	0.399786	0.409310	-0.500496	0.847940	0.174645	-0.277250	-0.348092	0.895525
31065	4.152779	1.909200	9.163387	0.018437	-0.004176	0.008971	0.820107	0.399795	0.409377	-0.500572	0.847868	0.174776	-0.277223	-0.348258	0.895469
31066	4.193260	1.902978	9.136058	0.026350	-0.001612	0.008038	0.820106	0.399736	0.409435	-0.500609	0.847797	0.175016	-0.277158	-0.348499	0.895395
31067	4.210805	1.876839	9.125234	0.019733	-0.001392	0.002043	0.820111	0.399696	0.409465	-0.500633	0.847748	0.175187	-0.277102	-0.348664	0.895348
31068	4.204513	1.883240	9.158501	0.014980	0.002375	0.006523	0.820129	0.399638	0.409486	-0.500626	0.847722	0.175331	-0.277061	-0.348793	0.895310
31069	4.190589	1.882973	9.138264	0.005986	0.004480	0.002768	0.820146	0.399624	0.409464	-0.500617	0.847718	0.175376	-0.277026	-0.348819	0.895311
31070	4.170350	1.887287	9.151678	0.004351	0.001431	0.003408	0.820177	0.399536	0.409488	-0.500554	0.847742	0.175437	-0.277047	-0.348861	0.895288
31071	4.172908	1.911323	9.148682	-0.001838	0.003508	0.003601	0.820188	0.399526	0.409477	-0.500530	0.847762	0.175409	-0.277058	-0.348824	0.895299
31072	4.203636	1.884017	9.158744	-0.002736	0.003440	0.000676	0.820238	0.399422	0.409477	-0.500426	0.847822	0.175418	-0.277098	-0.348798	0.895297
31073	4.206049	1.907653	9.155899	-0.005651	0.003700	0.001554	0.820259	0.399395	0.409461	-0.500375	0.847863	0.175364	-0.277127	-0.348728	0.895315
31074	4.202906	1.882888	9.159311	-0.009823	0.005449	-0.002056	0.820329	0.399274	0.409439	-0.500228	0.847959	0.175321	-0.277186	-0.348634	0.895334
31075	4.225155	1.902218	9.143244	-0.007019	0.005420	0.001892	0.820354	0.399256	0.409407	-0.500176	0.848004	0.175254	-0.277208	-0.348546	0.895361
31076	4.204729	1.905545	9.156944	-0.006100	0.003666	0.000092	0.820407	0.399149	0.409405	-0.500058	0.848077	0.175236	-0.277262	-0.348490	0.895366
31077	4.187831	1.879675	9.140207	-0.010293	0.007236	0.001207	0.820440	0.399131	0.409356	-0.499991	0.848136	0.175141	-0.277285	-0.348367	0.895407
31078	4.189918	1.902979	9.137591	-0.005921	0.006846	-0.000109	0.820504	0.399032	0.409325	-0.499871	0.848210	0.175126	-0.277312	-0.348301	0.895424
31079	4.182889	1.907578	9.171557	-0.002469	0.008209	0.000375	0.820544	0.399011	0.409266	-0.499819	0.848245	0.175105	-0.277289	-0.348240	0.895455
31080	4.199637	1.879649	9.161475	0.005537	0.004446	0.001308	0.820594	0.398915	0.409259	-0.499742	0.848273	0.175186	-0.277279	-0.348280	0.895443
31081	4.194731	1.897978	9.104727	0.003431	0.003183	0.005211	0.820595	0.398917	0.409253	-0.499746	0.848269	0.175198	-0.277267	-0.348290	0.895443
31082	4.178953	1.884172	9.175036	0.005627	0.006035	0.001207	0.820651	0.398826	0.409232	-0.499668	0.848297	0.175281	-0.277244	-0.348324	0.895436
31083	4.193978	1.898640	9.104936	0.003542	0.002952	0.000384	0.820676	0.398786	0.409220	-0.499633	0.848311	0.175314	-0.277233	-0.348335	0.895435
31084	4.187127	1.903742	9.138711	-0.001011	0.008078	-0.000064	0.820742	0.398694	0.409177	-0.499529	0.848367	0.175342	-0.277225	-0.348307	0.895449
31085	4.186483	1.903475	9.139062	-0.003118	0.006816	0.003839	0.820761	0.398696	0.409137	-0.499503	0.848390	0.175302	-0.277216	-0.348246	0.895475
31086	4.183022	1.878929	9.142562	-0.005742	0.010025	-0.000312	0.820834	0.398607	0.409077	-0.499383	0.848464	0.175288	-0.277216	-0.348169	0.895505
31087	4.182249	1.878480	9.143008	-0.004463	0.006715	-0.000549	0.820874	0.398572	0.409030	-0.499317	0.848510	0.175254	-0.277215	-0.348097	0.895534
31088	4.164245	1.905976	9.153743	-0.006841	0.008598	0.001690	0.820931	0.398501	0.408985	-0.499216	0.848575	0.175223	-0.277228	-0.348018	0.895560
31089	4.208133	1.879376	9.184312	-0.006280	0.008401	-0.001674	0.820982	0.398463	0.408921	-0.499136	0.848632	0.175177	-0.277222	-0.347924	0.895598
31090	4.180314	1.876780	9.144242	-0.005292	0.002143	0.003115	0.821019	0.398370	0.408937	-0.499040	0.848694	0.175153	-0.277287	-0.347880	0.895596
31091	4.189078	1.894916	9.107967	-0.013746	0.005872	0.000718	0.821050	0.398343	0.408900	-0.498958	0.848767	0.175030	-0.277339	-0.347733	0.895637
31092	4.173241	1.879659	9.178561	-0.011010	0.002433	0.000042	0.821107	0.398217	0.408910	-0.498812	0.848865	0.174967	-0.277434	-0.347636	0.895645
31093	4.215523	1.894824	9.149223	-0.011100	0.008758	-0.001821	0.821159	0.398178	0.408842	-0.498718	0.848939	0.174878	-0.277450	-0.347500	0.895693
31094	4.192077	1.873755	9.166144	-0.010831	0.005611	-0.000158	0.821219	0.398075	0.408822	-0.498585	0.849030	0.174819	-0.277511	-0.347398	0.895713
31095	4.184104	1.866667	9.112912	-0.014015	0.009017	-0.000944	0.821268	0.398044	0.408754	-0.498489	0.849110	0.174701	-0.277539	-0.347236	0.895768
31096	4.179683	1.894379	9.144063	-0.015562	0.007557	-0.000406	0.821335	0.397947	0.408715	-0.498341	0.849218	0.174600	-0.277607	-0.347085	0.895805
31097	4.175953	1.869013	9.147825	-0.014195	0.013751	-0.002705	0.821405	0.397917	0.408602	-0.498231	0.849306	0.174487	-0.277596	-0.346903	0.895879
31098	4.197707	1.887618	9.132211	-0.020382	0.007912	-0.000556	0.821472	0.397823	0.408559	-0.498072	0.849428	0.174345	-0.277683	-0.346711	0.895926
31099	4.190603	1.890940	9.166443	-0.015562	0.007555	-0.000406	0.821514	0.397792	0.408505	-0.497976	0.849512	0.174210	-0.277731	-0.346542	0.895977
31100	4.187303	1.865618	9.169985	-0.013721	0.004052	-0.004009	0.821591	0.397647	0.408492	-0.497799	0.849630	0.174140	-0.277820	-0.346419	0.895997
31101	4.195849	1.883507	9.133913	-0.015562	0.007554	-0.000406	0.821633	0.397615	0.408438	-0.497704	0.849713	0.174006	-0.277868	-0.346250	0.896047
31102	4.211611	1.907307	9.151656	-0.012736	0.005705	-0.001183	0.821695	0.397515	0.408412	-0.497567	0.849808	0.173935	-0.277930	-0.346133	0.896073
31103	4.174510	1.885144	9.148334	-0.010204	0.008819	0.001108	0.821733	0.397500	0.408349	-0.497499	0.849867	0.173842	-0.277940	-0.346005	0.896119
31104	4.173563	1.884111	9.148979	-0.011931	0.012095	-0.000115	0.821811	0.397416	0.408273	-0.497360	0.849963	0.173773	-0.277957	-0.345867	0.896167
31105	4.169827	1.858999	9.152659	-0.009667	0.010440	0.002472	0.821847	0.397419	0.408199	-0.497304	0.850014	0.173679	-0.277951	-0.345737	0.896219
31106	4.168894	1.858031	9.153280	-0.010562	0.010376	-0.000454	0.821927	0.397317	0.408137	-0.497157	0.850112	0.173623	-0.277978	-0.345613	0.896259
31107	4.161646	1.861948	9.187432	-0.008862	0.008914	0.005497	0.821943	0.397341	0.408081	-0.497128	0.850149	0.173524	-0.277981	-0.345496	0.896303
31108	4.163518	1.884808	9.185068	-0.015382	0.010731	-0.000604	0.822017	0.397263	0.408008	-0.496989	0.850250	0.173427	-0.278013	-0.345335	0.896355
31109	4.186616	1.850519	9.141724	-0.012493	0.004371	0.005204	0.822022	0.397268	0.407993	-0.496947	0.850301	0.173297	-0.278071	-0.345205	0.896387
31110	4.182612	1.878067	9.172737	-0.014398	0.004468	0.004178	0.822064	0.397184	0.407991	-0.496825	0.850395	0.173187	-0.278166	-0.345071	0.896409
31111	4.188641	1.871750	9.139637	-0.012404	0.005960	0.005106	0.822074	0.397193	0.407961	-0.496783	0.850445	0.173058	-0.278211	-0.344935	0.896448
31112	4.165309	1.850275	9.156483	-0.012761	0.007517	0.003545	0.822122	0.397121	0.407934	-0.496669	0.850531	0.172967	-0.278272	-0.344808	0.896478
31113	4.198313	1.845912	9.163964	-0.014129	0.009235	0.003885	0.822148	0.397131	0.407872	-0.496612	0.850592	0.172828	-0.278298	-0.344644	0.896533
31114	4.173077	1.866698	9.121130	-0.012761	0.007516	0.003545	0.822194	0.397068	0.407841	-0.496506	0.850673	0.172736	-0.278351	-0.344518	0.896565
31115	4.196854	1.843132	9.165192	-0.013593	0.010854	0.005251	0.822217	0.397095	0.407767	-0.496461	0.850727	0.172596	-0.278362	-0.344352	0.896625
31116	4.122256	1.852969	9.185530	-0.005919	0.006841	-0.000104	0.822274	0.397014	0.407731	-0.496358	0.850790	0.172583	-0.278376	-0.344291	0.896644
31117	4.235697	1.833319	9.139500	-0.011957	0.005988	0.006569	0.822277	0.397036	0.407704	-0.496329	0.850833	0.172452	-0.278419	-0.344159	0.896682
31118	4.137868	1.875665	9.203606	-0.013120	0.001158	0.003934	0.822304	0.396959	0.407725	-0.496229	0.850912	0.172356	-0.278520	-0.344054	0.896690
31119	4.200695	1.886610	9.160958	-0.013477	0.002717	0.002374	0.822319	0.396934	0.407720	-0.496161	0.850977	0.172228	-0.278597	-0.343921	0.896717
31120	4.174880	1.841192	9.180580	-0.010025	0.004079	0.002866	0.822361	0.396845	0.407721	-0.496050	0.851055	0.172164	-0.278670	-0.343831	0.896729
31121	4.197294	1.860236	9.164689	-0.011393	0.005796	0.003206	0.822380	0.396837	0.407689	-0.495994	0.851110	0.172052	-0.278711	-0.343704	0.896765
31122	4.187721	1.840207	9.201557	-0.004194	0.003564	0.001118	0.822428	0.396735	0.407692	-0.495889	0.851172	0.172048	-0.278759	-0.343667	0.896764
31123	4.176396	1.863002	9.178639	-0.002109	0.006644	0.001950	0.822456	0.396720	0.407651	-0.495849	0.851200	0.172025	-0.278747	-0.343616	0.896788
31124	4.193443	1.834700	9.168444	-0.002469	0.000288	0.002337	0.822485	0.396633	0.407677	-0.495772	0.851244	0.172031	-0.278799	-0.343608	0.896774
31125	4.184956	1.881636	9.142522	-0.002019	0.008233	0.001853	0.822518	0.396622	0.407622	-0.495732	0.851271	0.172009	-0.278774	-0.343552	0.896804
31126	4.172390	1.838279	9.182295	0.002711	0.006289	0.002103	0.822565	0.396549	0.407598	-0.495663	0.851300	0.172064	-0.278757	-0.343565	0.896804
31127	4.171935	1.838348	9.182488	0.001609	0.004859	0.004100	0.822577	0.396545	0.407577	-0.495651	0.851307	0.172065	-0.278742	-0.343552	0.896814
31128	4.160668	1.861572	9.159460	0.002174	0.004669	0.000736	0.822645	0.396417	0.407565	-0.495529	0.851368	0.172115	-0.278758	-0.343550	0.896810
31129	4.191221	1.834491	9.169502	0.000152	0.004987	0.004536	0.822655	0.396417	0.407543	-0.495517	0.851378	0.172101	-0.278749	-0.343525	0.896822
31130	4.150501	1.842146	9.196461	-0.002912	0.008172	-0.001074	0.822726	0.396314	0.407501	-0.495398	0.851444	0.172118	-0.278751	-0.343481	0.896838
31131	4.190149	1.834011	9.170088	-0.001397	0.003527	0.005070	0.822730	0.396314	0.407493	-0.495386	0.851457	0.172088	-0.278762	-0.343448	0.896847
31132	4.185425	1.852062	9.113519	-0.000295	0.004957	0.003073	0.822767	0.396251	0.407480	-0.495323	0.851488	0.172112	-0.278765	-0.343442	0.896849
31133	4.155791	1.836548	9.163568	-0.002735	0.003436	0.000680	0.822792	0.396213	0.407466	-0.495271	0.851524	0.172088	-0.278783	-0.343399	0.896860
31134	4.205505	1.858406	9.187964	0.001163	0.004828	0.002637	0.822837	0.396133	0.407453	-0.495195	0.851560	0.172125	-0.278787	-0.343400	0.896858
31135	4.191419	1.857408	9.167951	-0.000205	0.006545	0.002977	0.822859	0.396126	0.407415	-0.495169	0.851578	0.172114	-0.278767	-0.343365	0.896878
31136	4.183712	1.851498	9.114420	-0.000651	0.006515	0.001513	0.822914	0.396031	0.407397	-0.495071	0.851629	0.172141	-0.278778	-0.343348	0.896881
31137	4.163696	1.865768	9.215463	-0.002584	0.008422	0.005216	0.822930	0.396049	0.407346	-0.495057	0.851646	0.172100	-0.278755	-0.343285	0.896912
31138	4.176019	1.855763	9.148668	-0.000205	0.006545	0.002977	0.822967	0.395994	0.407325	-0.495000	0.851674	0.172126	-0.278747	-0.343280	0.896916
31139	4.138054	1.887342	9.172685	-0.005025	0.006901	0.002823	0.822992	0.395986	0.407283	-0.494959	0.851708	0.172073	-0.278748	-0.343203	0.896946
31140	4.182991	1.807417	9.175547	-0.007049	0.007219	0.006622	0.823015	0.395962	0.407259	-0.494908	0.851748	0.172022	-0.278768	-0.343133	0.896966
31141	4.154169	1.857699	9.163195	-0.008296	0.008717	0.002135	0.823048	0.395954	0.407200	-0.494852	0.851796	0.171942	-0.278770	-0.343021	0.897008
31142	4.164436	1.834036	9.186754	-0.000295	0.004956	0.003074	0.823085	0.395876	0.407202	-0.494779	0.851834	0.171967	-0.278791	-0.343018	0.897003
31143	4.226959	1.846031	9.144149	-0.003566	0.006772	0.002386	0.823111	0.395864	0.407161	-0.494739	0.851865	0.171929	-0.278786	-0.342955	0.897029
31144	4.190501	1.835152	9.227918	-0.003476	0.008361	0.002290	0.823175	0.395772	0.407120	-0.494627	0.851931	0.171924	-0.278796	-0.342896	0.897048
31145	4.169067	1.828131	9.154240	-0.001572	0.008262	0.003318	0.823201	0.395773	0.407067	-0.494599	0.851952	0.171900	-0.278768	-0.342843	0.897077
31146	4.184790	1.853082	9.171854	0.001820	0.006227	-0.000822	0.823287	0.395624	0.407037	-0.494450	0.852028	0.171952	-0.278779	-0.342826	0.897080
31147	4.170549	1.852052	9.151915	-0.003030	0.008390	0.003753	0.823311	0.395630	0.406984	-0.494422	0.852052	0.171913	-0.278758	-0.342760	0.897112
31148	4.144427	1.807784	9.171342	0.002652	0.002890	-0.002528	0.823396	0.395468	0.406970	-0.494270	0.852127	0.171980	-0.278777	-0.342761	0.897105
31149	4.149677	1.856107	9.165553	0.001072	0.003237	0.002735	0.823410	0.395447	0.406961	-0.494245	0.852141	0.171982	-0.278778	-0.342751	0.897109
31150	4.193874	1.829990	9.195835	0.002621	0.004697	0.002202	0.823466	0.395336	0.406957	-0.494144	0.852189	0.172033	-0.278793	-0.342758	0.897102
31151	4.169196	1.852463	9.152448	0.003452	0.001361	0.000495	0.823486	0.395289	0.406961	-0.494107	0.852204	0.172065	-0.278798	-0.342775	0.897093
31152	4.159683	1.833455	9.189023	0.002621	0.004697	0.002202	0.823483	0.395332	0.406927	-0.494157	0.852162	0.172128	-0.278720	-0.342830	0.897097
31153	4.199316	1.825909	9.162601	0.005273	0.007587	-0.000326	0.823524	0.395299	0.406873	-0.494119	0.852174	0.172180	-0.278664	-0.342838	0.897111
31154	4.185101	1.825171	9.142592	-0.000205	0.006544	0.002977	0.823616	0.395094	0.406888	-0.493918	0.852288	0.172195	-0.278752	-0.342792	0.897102
31155	4.158017	1.833979	9.189672	0.001730	0.004637	-0.000725	0.823651	0.395048	0.406860	-0.493866	0.852313	0.172217	-0.278738	-0.342781	0.897110
31156	4.143857	1.832942	9.169693	-0.003031	0.008390	0.003752	0.823696	0.395011	0.406806	-0.493804	0.852350	0.172213	-0.278715	-0.342734	0.897135
31157	4.163399	1.828636	9.156719	-0.001754	0.005084	0.003509	0.823712	0.395002	0.406782	-0.493778	0.852370	0.172187	-0.278715	-0.342692	0.897151
31158	4.156489	1.833103	9.190538	-0.003212	0.005213	0.003945	0.823703	0.395049	0.406754	-0.493816	0.852348	0.172189	-0.278673	-0.342695	0.897163
31159	4.142632	1.831729	9.170489	-0.003839	0.002005	0.002674	0.823715	0.395023	0.406756	-0.493777	0.852379	0.172148	-0.278708	-0.342648	0.897170
31160	4.138754	1.859963	9.201310	-0.008213	0.002392	0.003981	0.823705	0.395037	0.406762	-0.493780	0.852386	0.172104	-0.278730	-0.342614	0.897176
31161	4.178570	1.851427	9.175024	-0.004011	0.006742	0.000922	0.823739	0.395012	0.406718	-0.493726	0.852424	0.172068	-0.278728	-0.342547	0.897203
31162	4.214677	1.871943	9.179323	-0.004407	0.002194	0.006037	0.823676	0.395155	0.406708	-0.493867	0.852345	0.172059	-0.278665	-0.342580	0.897209
31163	4.155022	1.830288	9.191762	-0.002108	0.006642	0.001950	0.823704	0.395139	0.406667	-0.493826	0.852373	0.172036	-0.278654	-0.342529	0.897232
31164	4.191825	1.797962	9.168466	-0.002140	0.008449	0.006681	0.823731	0.395128	0.406622	-0.493796	0.852392	0.172028	-0.278628	-0.342493	0.897254
31165	4.194004	1.821805	9.165851	0.001254	0.006414	0.002543	0.823755	0.395116	0.406585	-0.493770	0.852406	0.172033	-0.278602	-0.342472	0.897270
31166	4.173292	1.825835	9.179402	0.002803	0.007873	0.002012	0.823788	0.395079	0.406554	-0.493737	0.852413	0.172093	-0.278561	-0.342499	0.897273
31167	4.138977	1.828981	9.172687	0.000364	0.006354	-0.000385	0.823827	0.395041	0.406511	-0.493685	0.852441	0.172102	-0.278540	-0.342470	0.897290
31168	4.144861	1.824172	9.139412	0.001345	0.008002	0.002447	0.823909	0.394879	0.406503	-0.493525	0.852527	0.172137	-0.278582	-0.342444	0.897287
31169	4.157883	1.825020	9.159946	-0.000740	0.004924	0.001611	0.823934	0.394854	0.406477	-0.493485	0.852552	0.172127	-0.278578	-0.342412	0.897301
31170	4.153719	1.854035	9.190737	0.003634	0.004537	0.000305	0.823900	0.394970	0.406432	-0.493615	0.852459	0.172214	-0.278448	-0.342508	0.897304
31171	4.157127	1.825275	9.160239	0.000627	0.003207	0.001272	0.823922	0.394936	0.406422	-0.493577	0.852480	0.172218	-0.278451	-0.342495	0.897308
31172	4.173297	1.850321	9.177646	0.002439	0.001519	0.002397	0.823979	0.394770	0.406467	-0.493437	0.852552	0.172264	-0.278530	-0.342508	0.897279
31173	4.150216	1.830184	9.193954	-0.001276	0.003306	0.000243	0.824006	0.394727	0.406454	-0.493385	0.852584	0.172256	-0.278542	-0.342478	0.897287
31174	4.192990	1.846234	9.164580	-0.000923	0.001747	0.001803	0.823982	0.394796	0.406434	-0.493459	0.852534	0.172289	-0.278480	-0.342522	0.897289
31175	4.192726	1.846000	9.164748	-0.001754	0.005083	0.003509	0.823998	0.394788	0.406411	-0.493433	0.852555	0.172263	-0.278480	-0.342481	0.897305
31176	4.169350	1.825498	9.181260	-0.003566	0.006771	0.002384	0.824143	0.394502	0.406395	-0.493123	0.852739	0.172238	-0.278601	-0.342351	0.897317
31177	4.168674	1.825098	9.181647	-0.004364	0.008300	-0.000640	0.824188	0.394469	0.406335	-0.493055	0.852785	0.172205	-0.278587	-0.342275	0.897350
31178	4.157371	1.847699	9.158788	-0.006221	0.003882	0.004911	0.824170	0.394527	0.406316	-0.493099	0.852766	0.172176	-0.278564	-0.342256	0.897364
31179	4.167730	1.823846	9.182324	-0.005024	0.006900	0.002820	0.824194	0.394519	0.406274	-0.493057	0.852800	0.172124	-0.278565	-0.342180	0.897393
31180	4.183502	1.848394	9.200021	-0.002107	0.006641	0.001950	0.824247	0.394423	0.406260	-0.492956	0.852857	0.172134	-0.278588	-0.342149	0.897398
31181	4.166735	1.823046	9.182935	-0.003304	0.003623	0.004041	0.824256	0.394414	0.406251	-0.492929	0.852881	0.172092	-0.278608	-0.342100	0.897410
31182	4.149158	1.850669	9.193475	-0.001846	0.003494	0.003606	0.824323	0.394263	0.406261	-0.492777	0.852969	0.172090	-0.278679	-0.342054	0.897406
31183	4.183495	1.794448	9.172958	0.002051	0.004882	0.005568	0.824329	0.394271	0.406242	-0.492778	0.852968	0.172090	-0.278662	-0.342046	0.897414
31184	4.188706	1.842653	9.167259	0.002621	0.004695	0.002206	0.824279	0.394412	0.406207	-0.492932	0.852865	0.172161	-0.278537	-0.342141	0.897417
31185	4.199012	1.819626	9.190651	0.002712	0.006283	0.002110	0.824305	0.394395	0.406170	-0.492906	0.852876	0.172181	-0.278505	-0.342133	0.897430
31186	4.164804	1.822837	9.183852	0.002712	0.006283	0.002110	0.824237	0.394612	0.406098	-0.493126	0.852734	0.172257	-0.278318	-0.342238	0.897447
31187	4.184458	1.819349	9.170700	0.008455	0.004177	0.000467	0.824265	0.394574	0.406077	-0.493103	0.852731	0.172335	-0.278275	-0.342288	0.897442
31188	4.196155	1.863179	9.131383	0.004615	0.006183	0.003139	0.824262	0.394605	0.406053	-0.493149	0.852689	0.172412	-0.278202	-0.342357	0.897438
31189	4.136575	1.833316	9.231040	0.011646	0.008683	-0.000690	0.824308	0.394573	0.405989	-0.493125	0.852680	0.172523	-0.278106	-0.342416	0.897445
31190	4.152353	1.849362	9.160728	0.026705	-0.005011	0.004954	0.824253	0.394632	0.406046	-0.493291	0.852530	0.172791	-0.277977	-0.342722	0.897369
31191	4.169082	1.877028	9.177353	0.037062	-0.000937	0.006452	0.824237	0.394628	0.406081	-0.493397	0.852406	0.173101	-0.277835	-0.343036	0.897293
31192	4.157431	1.837598	9.215802	0.053149	-0.006883	0.008255	0.824152	0.394778	0.406108	-0.493714	0.852122	0.173592	-0.277523	-0.343567	0.897186
31193	4.170877	1.886486	9.174598	0.080024	-0.016640	0.014969	0.824051	0.394792	0.406299	-0.494009	0.851816	0.174253	-0.277298	-0.344309	0.896971
31194	4.197917	1.818136	9.188366	0.081610	-0.017004	0.009710	0.823850	0.394982	0.406522	-0.494530	0.851357	0.175017	-0.276967	-0.345226	0.896721
31195	4.236867	1.792821	9.162810	0.073170	-0.013276	0.007296	0.823796	0.394942	0.406670	-0.494743	0.851103	0.175648	-0.276747	-0.345896	0.896531
31196	4.219369	1.880167	9.198971	0.067183	-0.000116	0.005316	0.823732	0.395063	0.406683	-0.495068	0.850784	0.176279	-0.276358	-0.346542	0.896401
31197	4.200350	1.836956	9.183510	0.064745	-0.001643	0.002923	0.823732	0.395027	0.406718	-0.495221	0.850576	0.176852	-0.276084	-0.347094	0.896272
31198	4.216524	1.867505	9.199713	0.057024	0.006886	0.001668	0.823652	0.395269	0.406644	-0.495616	0.850228	0.177419	-0.275612	-0.347671	0.896194
31199	4.180897	1.918033	9.131888	0.064637	0.006483	0.005789	0.823660	0.395286	0.406611	-0.495792	0.850008	0.177979	-0.275270	-0.348189	0.896097
31200	4.169931	2.013078	9.221451	0.113494	-0.006369	0.017235	0.823520	0.395486	0.406701	-0.496342	0.849477	0.178979	-0.274700	-0.349255	0.895858
31201	4.219728	1.915668	9.191480	0.141329	-0.002102	0.018241	0.823442	0.395578	0.406768	-0.496830	0.848939	0.180175	-0.274048	-0.350458	0.895587
31202	4.247847	1.875478	9.202502	0.113762	0.008082	0.019685	0.823242	0.396021	0.406742	-0.497586	0.848280	0.181189	-0.273277	-0.351551	0.895395
31203	4.217546	1.977103	9.127598	0.093135	0.019163	0.017383	0.823227	0.396181	0.406617	-0.497934	0.847911	0.181957	-0.272688	-0.352260	0.895295
31204	4.229425	1.985345	9.147098	0.078954	0.025020	0.016580	0.823056	0.396723	0.406434	-0.498637	0.847344	0.182675	-0.271918	-0.353015	0.895232
31205	4.221376	1.943178	9.153353	0.064958	0.034058	0.015562	0.823090	0.396921	0.406173	-0.498893	0.847080	0.183198	-0.271346	-0.353425	0.895244
31206	4.197853	1.833448	9.203180	0.061061	0.032660	0.013607	0.822972	0.397440	0.405905	-0.499489	0.846607	0.183762	-0.270608	-0.353976	0.895250
31207	4.283086	1.787012	9.264931	0.064057	0.046343	0.004034	0.823095	0.397584	0.405513	-0.499647	0.846391	0.184324	-0.269939	-0.354329	0.895312
31208	4.082560	1.965900	9.093015	0.056915	0.054665	-0.000626	0.823137	0.397951	0.405069	-0.500020	0.846043	0.184910	-0.269120	-0.354749	0.895392
31209	4.105086	1.972798	9.134642	0.043705	0.044567	0.000648	0.823272	0.398060	0.404686	-0.500095	0.845912	0.185304	-0.268567	-0.354937	0.895484
31210	4.171955	1.941196	9.119816	0.037208	0.046367	-0.005488	0.823334	0.398331	0.404294	-0.500340	0.845674	0.185727	-0.267921	-0.355200	0.895573
31211	4.150444	1.972828	9.130875	0.035966	0.045203	0.001342	0.823466	0.398450	0.403907	-0.500400	0.845568	0.186048	-0.267400	-0.355320	0.895681
31212	4.096549	1.953940	9.107742	0.035820	0.040186	-0.003159	0.823414	0.398971	0.403498	-0.500890	0.845188	0.186457	-0.266641	-0.355640	0.895780
31213	4.022016	1.992264	9.124430	0.026690	0.034660	-0.000145	0.823526	0.399039	0.403203	-0.500913	0.845120	0.186702	-0.266253	-0.355724	0.895863
31214	4.013623	1.946035	9.131828	0.013477	0.024575	0.001121	0.823467	0.399361	0.403006	-0.501217	0.844900	0.186883	-0.265866	-0.355885	0.895914
31215	4.079141	1.940667	9.146875	0.001723	0.014354	0.001956	0.823513	0.399376	0.402896	-0.501190	0.844913	0.186895	-0.265771	-0.355838	0.895960
31216	4.058066	1.944608	9.160453	-0.004583	0.006973	0.004216	0.823277	0.399981	0.402778	-0.501770	0.844565	0.186916	-0.265410	-0.355986	0.896009
31217	4.125216	1.938048	9.175042	-0.003684	-0.002682	0.004435	0.823266	0.399956	0.402826	-0.501750	0.844586	0.186870	-0.265481	-0.355962	0.895997
31218	4.132147	1.932076	9.141614	-0.005491	-0.000997	0.003291	0.823042	0.400428	0.402815	-0.502232	0.844298	0.186880	-0.265264	-0.356117	0.896000
31219	4.104832	1.982361	9.127691	-0.007071	-0.010338	0.005835	0.823003	0.400388	0.402934	-0.502216	0.844326	0.186798	-0.265415	-0.356095	0.895964
31220	4.119488	1.983007	9.147602	0.001458	-0.012495	0.008191	0.822755	0.400800	0.403031	-0.502691	0.844033	0.186842	-0.265285	-0.356325	0.895911
31221	4.181433	1.982596	9.194787	0.011541	-0.013204	0.010008	0.822687	0.400786	0.403183	-0.502759	0.843978	0.186911	-0.265366	-0.356473	0.895828
31222	4.095470	1.981831	9.105374	0.019535	-0.016988	0.011006	0.822475	0.401061	0.403342	-0.503161	0.843697	0.187096	-0.265261	-0.356828	0.895718
31223	4.125341	1.931643	9.118115	0.010054	-0.020960	0.012446	0.822375	0.401039	0.403568	-0.503245	0.843637	0.187141	-0.265414	-0.356994	0.895607
31224	4.141039	1.933093	9.137375	0.006600	-0.022310	0.011949	0.822213	0.401136	0.403801	-0.503456	0.843498	0.187198	-0.265513	-0.357213	0.895490
31225	4.132500	1.955757	9.112836	0.000066	-0.018664	0.010523	0.822129	0.401107	0.404003	-0.503498	0.843481	0.187162	-0.265697	-0.357286	0.895406
31226	4.134667	1.955020	9.112012	-0.007032	-0.024536	0.009749	0.822006	0.401094	0.404263	-0.503574	0.843448	0.187103	-0.265929	-0.357376	0.895301
31227	4.141219	1.936172	9.168227	-0.014959	-0.027059	0.010654	0.821899	0.401036	0.404540	-0.503577	0.843485	0.186931	-0.266258	-0.357356	0.895212
31228	4.175007	1.907227	9.177721	-0.018215	-0.034972	0.007233	0.821763	0.400960	0.404890	-0.503598	0.843505	0.186783	-0.266635	-0.357394	0.895084
31229	4.239194	1.851077	9.197830	-0.021615	-0.020533	0.002726	0.821713	0.400858	0.405094	-0.503518	0.843597	0.186584	-0.266943	-0.357291	0.895033
31230	4.149777	1.876908	9.139123	-0.020656	-0.024138	-0.003779	0.821681	0.400687	0.405328	-0.503399	0.843697	0.186452	-0.267265	-0.357246	0.894955
31231	4.140514	1.951303	9.141765	-0.024648	-0.027115	-0.005629	0.821654	0.400491	0.405575	-0.503241	0.843834	0.186260	-0.267642	-0.357143	0.894883
31232	4.198677	1.846998	9.168553	-0.028896	-0.026956	-0.009159	0.821632	0.400291	0.405817	-0.503081	0.843969	0.186078	-0.268012	-0.357047	0.894811
31233	4.180732	1.848600	9.181265	-0.037870	-0.024836	-0.012965	0.821648	0.400042	0.406031	-0.502828	0.844182	0.185798	-0.268437	-0.356824	0.894773
31234	4.206080	1.864773	9.164454	-0.056126	-0.033254	-0.018250	0.821667	0.399715	0.406314	-0.502491	0.844469	0.185406	-0.269010	-0.356512	0.894725
31235	4.236367	1.981390	9.168242	-0.061680	-0.027951	-0.016840	0.821694	0.399422	0.406548	-0.502141	0.844781	0.184929	-0.269580	-0.356100	0.894718
31236	4.244943	1.971566	9.134802	-0.049889	-0.022205	-0.011074	0.821698	0.399208	0.406750	-0.501895	0.845007	0.184566	-0.270027	-0.355803	0.894701
31237	4.190017	1.951280	9.144153	-0.033814	-0.018452	-0.006502	0.821698	0.399035	0.406919	-0.501705	0.845179	0.184296	-0.270378	-0.355589	0.894680
31238	4.236209	1.923036	9.174368	-0.019221	-0.022461	0.000496	0.821667	0.398866	0.407147	-0.501581	0.845283	0.184156	-0.270701	-0.355532	0.894605
31239	4.157183	1.926444	9.139472	-0.014121	-0.018071	0.000343	0.821634	0.398753	0.407324	-0.501501	0.845357	0.184034	-0.270950	-0.355482	0.894549
31240	4.168214	1.943517	9.102356	-0.020969	-0.017355	0.003975	0.821576	0.398675	0.407518	-0.501449	0.845424	0.183869	-0.271221	-0.355412	0.894495
31241	4.171376	1.899504	9.162224	-0.025531	-0.020124	0.005487	0.821512	0.398598	0.407723	-0.501380	0.845518	0.183624	-0.271545	-0.355273	0.894452
31242	4.119531	1.903770	9.168172	-0.033713	-0.019518	0.004728	0.821450	0.398522	0.407922	-0.501297	0.845628	0.183341	-0.271885	-0.355095	0.894419
31243	4.114388	1.947317	9.140979	-0.036734	-0.038475	0.004960	0.821338	0.398376	0.408290	-0.501193	0.845764	0.182998	-0.272415	-0.354935	0.894321
31244	4.145187	1.946079	9.180581	-0.033817	-0.038750	0.004093	0.821249	0.398165	0.408675	-0.501046	0.845913	0.182712	-0.272954	-0.354817	0.894204
31245	4.134009	1.983336	9.099183	-0.037012	-0.043247	0.005277	0.821121	0.398005	0.409087	-0.500943	0.846049	0.182366	-0.273525	-0.354673	0.894087
31246	4.128971	1.960659	9.134778	-0.041220	-0.047575	0.008361	0.820976	0.397826	0.409552	-0.500837	0.846191	0.181998	-0.274156	-0.354535	0.893948
31247	4.171279	1.923895	9.110061	-0.047257	-0.058124	0.012297	0.820772	0.397672	0.410110	-0.500762	0.846335	0.181532	-0.274900	-0.354364	0.893788
31248	4.237254	1.798504	9.192012	-0.057529	-0.060603	0.010731	0.820591	0.397434	0.410702	-0.500597	0.846545	0.181006	-0.275739	-0.354128	0.893622
31249	4.282374	1.837706	9.191102	-0.059880	-0.060547	0.008243	0.820400	0.397238	0.411273	-0.500454	0.846750	0.180443	-0.276566	-0.353859	0.893473
31250	4.249802	1.852552	9.125967	-0.065969	-0.056875	0.008324	0.820236	0.397006	0.411824	-0.500257	0.846992	0.179853	-0.277409	-0.353540	0.893339
31251	4.237799	1.874123	9.135107	-0.070601	-0.053338	0.007971	0.820065	0.396833	0.412330	-0.500081	0.847235	0.179196	-0.278230	-0.353151	0.893237
31252	4.247934	1.796204	9.163691	-0.071495	-0.053415	0.005048	0.819929	0.396581	0.412844	-0.499835	0.847513	0.178570	-0.279073	-0.352769	0.893125
31253	4.287311	1.905919	9.133743	-0.062058	-0.055526	0.010276	0.819739	0.396420	0.413374	-0.499701	0.847716	0.177979	-0.279869	-0.352460	0.892998
31254	4.280798	1.976245	9.136796	-0.059667	-0.049509	0.006070	0.819606	0.396192	0.413857	-0.499497	0.847946	0.177454	-0.280622	-0.352163	0.892879
31255	4.255424	1.892030	9.071160	-0.044754	-0.040861	0.010731	0.819455	0.396087	0.414256	-0.499413	0.848087	0.177017	-0.281211	-0.351942	0.892780
31256	4.280233	1.894942	9.144203	-0.033283	-0.035380	0.010179	0.819340	0.395945	0.414619	-0.499318	0.848207	0.176711	-0.281714	-0.351813	0.892673
31257	4.210251	1.903139	9.163172	-0.023023	-0.040832	0.013692	0.819174	0.395866	0.415023	-0.499320	0.848259	0.176455	-0.282195	-0.351776	0.892535
31258	4.259375	1.821323	9.164317	-0.019554	-0.041297	0.009447	0.819046	0.395697	0.415436	-0.499256	0.848334	0.176275	-0.282677	-0.351786	0.892379
31259	4.289118	1.863292	9.143317	-0.015833	-0.043097	0.011592	0.818884	0.395591	0.415857	-0.499261	0.848369	0.176092	-0.283140	-0.351820	0.892219
31260	4.270545	1.841727	9.158128	-0.008193	-0.045328	0.010951	0.818737	0.395420	0.416309	-0.499241	0.848399	0.176006	-0.283600	-0.351942	0.892025
31261	4.278002	1.811506	9.125896	-0.008814	-0.040621	0.007728	0.818600	0.395290	0.416701	-0.499234	0.848425	0.175902	-0.284007	-0.352025	0.891862
31262	4.290718	1.883144	9.114921	0.006268	-0.046448	0.011365	0.818444	0.395126	0.417164	-0.499266	0.848397	0.175944	-0.284400	-0.352276	0.891638
31263	4.303238	1.836490	9.138942	0.015004	-0.047254	0.008716	0.818283	0.394981	0.417616	-0.499334	0.848335	0.176048	-0.284743	-0.352587	0.891406
31264	4.358762	1.925626	9.097580	0.017288	-0.040999	0.009336	0.818155	0.394811	0.418026	-0.499374	0.848281	0.176197	-0.285039	-0.352908	0.891184
31265	4.331526	1.900917	9.058603	0.015320	-0.026641	0.004491	0.818074	0.394703	0.418288	-0.499409	0.848234	0.176321	-0.285211	-0.353140	0.891037
31266	4.338601	1.883857	9.114080	0.012690	-0.021602	0.005075	0.818024	0.394563	0.418518	-0.499398	0.848215	0.176446	-0.285374	-0.353344	0.890904
31267	4.363272	1.851625	9.069166	0.011532	-0.008773	0.003251	0.818000	0.394507	0.418618	-0.499412	0.848186	0.176542	-0.285419	-0.353474	0.890838
31268	4.344253	1.856551	9.082044	0.009530	-0.010260	0.002333	0.817994	0.394387	0.418742	-0.499374	0.848186	0.176651	-0.285503	-0.353608	0.890758
31269	4.288552	1.840539	9.091427	0.009718	-0.007078	0.002131	0.817980	0.394328	0.418825	-0.499374	0.848169	0.176735	-0.285543	-0.353716	0.890702
31270	4.329263	1.833417	9.063825	0.015806	-0.010768	0.002023	0.817975	0.394201	0.418953	-0.499348	0.848150	0.176900	-0.285601	-0.353904	0.890609
31271	4.310158	1.839085	9.076607	0.021361	-0.006338	0.003315	0.817958	0.394154	0.419032	-0.499391	0.848086	0.177084	-0.285577	-0.354107	0.890536
31272	4.356127	1.880588	9.042943	0.016369	-0.001224	0.001417	0.817983	0.394056	0.419074	-0.499362	0.848067	0.177257	-0.285554	-0.354262	0.890481
31273	4.270850	1.850384	9.102704	0.018732	-0.001297	0.003898	0.817977	0.394032	0.419108	-0.499402	0.848011	0.177414	-0.285502	-0.354424	0.890434
31274	4.276843	1.846919	9.068839	0.018201	0.005004	0.000569	0.818024	0.393950	0.419094	-0.499373	0.847987	0.177607	-0.285418	-0.354571	0.890402
31275	4.289972	1.848905	9.089059	0.006838	0.010855	0.003807	0.818053	0.393969	0.419020	-0.499378	0.847974	0.177658	-0.285326	-0.354583	0.890427
31276	4.314759	1.893598	9.069645	0.009751	0.008766	-0.001805	0.818123	0.393879	0.418968	-0.499303	0.847991	0.177786	-0.285255	-0.354643	0.890426
31277	4.260134	1.901603	9.076801	0.006479	0.012414	0.002243	0.818165	0.393889	0.418877	-0.499294	0.847984	0.177841	-0.285152	-0.354646	0.890458
31278	4.289765	1.874594	9.087075	0.000844	0.016135	0.003810	0.818227	0.393874	0.418769	-0.499242	0.848010	0.177865	-0.285064	-0.354601	0.890503
31279	4.282327	1.826376	9.094102	-0.000688	0.022601	0.002384	0.818297	0.393922	0.418588	-0.499214	0.848029	0.177856	-0.284913	-0.354504	0.890590
31280	4.234193	1.892850	9.182839	0.003756	0.015864	0.002926	0.818363	0.393898	0.418481	-0.499162	0.848048	0.177910	-0.284813	-0.354485	0.890630
31281	4.239408	1.834551	9.122484	-0.002614	0.014782	0.003335	0.818406	0.393926	0.418371	-0.499136	0.848069	0.177880	-0.284736	-0.354402	0.890688
31282	4.320486	1.894981	9.093510	-0.001800	0.011435	0.001634	0.818466	0.393876	0.418301	-0.499059	0.848113	0.177890	-0.284700	-0.354353	0.890719
31283	4.276882	1.879137	9.123947	0.002832	0.007880	0.001974	0.818496	0.393868	0.418250	-0.499037	0.848121	0.177913	-0.284652	-0.354344	0.890738
31284	4.296138	1.874890	9.110832	-0.002991	0.008420	0.003741	0.818536	0.393825	0.418210	-0.498974	0.848160	0.177904	-0.284646	-0.354297	0.890758
31285	4.295514	1.874916	9.111121	0.005197	0.005987	-0.000270	0.818572	0.393791	0.418172	-0.498940	0.848168	0.177958	-0.284602	-0.354315	0.890765
31286	4.314863	1.871344	9.097829	0.007652	0.007505	0.002110	0.818618	0.393732	0.418138	-0.498894	0.848176	0.178050	-0.284550	-0.354362	0.890763
31287	4.310701	1.901397	9.128537	0.013307	0.011704	-0.001424	0.818676	0.393709	0.418047	-0.498874	0.848160	0.178181	-0.284419	-0.354426	0.890779
31288	4.284825	1.925096	9.085406	0.020676	0.014436	0.000992	0.818747	0.393664	0.417949	-0.498856	0.848126	0.178394	-0.284246	-0.354556	0.890783
31289	4.263541	1.931346	9.099036	0.027498	0.015547	0.002048	0.818798	0.393684	0.417830	-0.498905	0.848046	0.178637	-0.284012	-0.354725	0.890790
31290	4.262594	2.052774	9.063590	0.024770	0.020817	0.007452	0.818856	0.393717	0.417686	-0.498951	0.847972	0.178860	-0.283766	-0.354865	0.890813
31291	4.225372	2.045544	9.147697	0.035792	0.026258	0.005417	0.818921	0.393804	0.417478	-0.499051	0.847850	0.179163	-0.283404	-0.355063	0.890849
31292	4.195888	2.047081	9.107537	0.048864	0.020756	0.012875	0.818951	0.393882	0.417345	-0.499209	0.847669	0.179578	-0.283038	-0.355407	0.890828
31293	4.152825	1.928390	9.260018	0.069856	0.004398	0.007191	0.818945	0.393906	0.417334	-0.499419	0.847418	0.180177	-0.282684	-0.355980	0.890712
31294	4.169237	1.949462	9.187669	0.097620	-0.024872	0.011258	0.818854	0.393809	0.417604	-0.499702	0.847069	0.181033	-0.282447	-0.356917	0.890412
31295	4.150081	2.337922	9.209802	0.136957	-0.047103	0.014658	0.818665	0.393711	0.418066	-0.500163	0.846547	0.182197	-0.282179	-0.358260	0.889958
31296	4.191993	2.556297	9.108783	0.153388	-0.020971	0.019582	0.818544	0.393698	0.418315	-0.500670	0.845962	0.183515	-0.281629	-0.359653	0.889570
31297	3.978628	2.362399	9.203335	0.197831	-0.019947	0.049160	0.818259	0.393989	0.418599	-0.501583	0.845081	0.185075	-0.280832	-0.361402	0.889113
31298	3.777592	2.256632	9.551861	0.267742	-0.048999	0.096457	0.817674	0.394521	0.419241	-0.503037	0.843773	0.187087	-0.279934	-0.363869	0.888390
31299	2.592219	2.068168	10.672952	0.361507	-0.164746	0.150507	0.816472	0.395134	0.421002	-0.505232	0.841882	0.189671	-0.279489	-0.367564	0.887008
31300	3.298394	2.361666	10.148510	0.252902	-0.403664	0.169389	0.814518	0.394971	0.424922	-0.507245	0.840318	0.191231	-0.281538	-0.371300	0.884801
31301	3.017903	2.708842	10.368523	0.295369	-0.517186	0.253931	0.811781	0.395117	0.429993	-0.510099	0.838237	0.192762	-0.284273	-0.375820	0.882014
31302	3.207200	2.499538	10.933960	0.151076	-0.748986	0.328252	0.807987	0.394947	0.437234	-0.513120	0.836404	0.192707	-0.289596	-0.380059	0.878459
31303	3.147040	2.558488	10.353799	0.044598	-0.930180	0.427270	0.803077	0.394910	0.446221	-0.516647	0.834573	0.191219	-0.296890	-0.384103	0.874255
31304	3.489979	2.537213	10.459881	-0.007371	-1.165025	0.535124	0.796821	0.394791	0.457402	-0.520842	0.832518	0.188778	-0.306268	-0.388656	0.868992
