// General information: 
//  MT Manager version: 2022.2.0 
//  XDA version: 2022.2.0 build 7381 rev 124627 built on 2023-07-19
// Device information: 
//  DeviceId: 00B4CBA7
//  ProductCode: MTW2-3A7G6
//  Firmware Version: 4.6.0
//  Hardware Version: 2.0.0
// Device settings: 
//  Filter Profile: human(46.1)
//  Option Flags: Orientation Smoother Disabled, Position/Velocity Smoother Disabled, Continuous Zero Rotation Update Disabled, AHS Disabled, ICC Disabled
// Coordinate system: ENU
PacketCounter	Acc_X	Acc_Y	Acc_Z	Gyr_X	Gyr_Y	Gyr_Z	Mat[1][1]	Mat[2][1]	Mat[3][1]	Mat[1][2]	Mat[2][2]	Mat[3][2]	Mat[1][3]	Mat[2][3]	Mat[3][3]
35951	9.295044	-1.342971	-3.332013	0.023908	-0.060167	0.007716	0.324132	-0.038139	0.945243	0.251967	-0.959613	-0.125121	0.911839	0.278726	-0.301431
35952	9.273382	-1.228347	-3.223109	0.017287	-0.052739	0.008196	0.324617	-0.038034	0.945081	0.252096	-0.959568	-0.125207	0.911631	0.278895	-0.301904
35953	9.219944	-1.225801	-3.156351	-0.001622	-0.042772	0.010653	0.325022	-0.037961	0.944944	0.252072	-0.959569	-0.125251	0.911493	0.278904	-0.302312
35954	9.237989	-1.293172	-3.125653	0.002678	-0.036246	0.010807	0.325364	-0.037926	0.944828	0.252059	-0.959563	-0.125317	0.911375	0.278926	-0.302647
35955	9.208372	-1.235962	-3.051972	0.011974	-0.035679	0.010628	0.325697	-0.037883	0.944715	0.252132	-0.959533	-0.125401	0.911236	0.279036	-0.302966
35956	9.216056	-1.179567	-3.018098	0.010088	-0.034368	0.009283	0.326018	-0.037839	0.944606	0.252191	-0.959508	-0.125476	0.911105	0.279129	-0.303274
35957	9.284845	-1.161787	-2.971292	0.002505	-0.032270	0.019821	0.326343	-0.037898	0.944491	0.252130	-0.959506	-0.125617	0.911005	0.279129	-0.303573
35958	9.223173	-1.267108	-3.087748	-0.015395	-0.019305	0.020265	0.326554	-0.038001	0.944414	0.251921	-0.959547	-0.125718	0.910987	0.278972	-0.303771
35959	9.138981	-1.324752	-3.046844	0.003413	-0.024501	0.018905	0.326812	-0.038059	0.944323	0.251916	-0.959531	-0.125856	0.910896	0.279021	-0.303999
35960	9.168461	-1.227471	-3.082154	0.007116	-0.019102	0.023955	0.327030	-0.038199	0.944242	0.251900	-0.959508	-0.126060	0.910823	0.279080	-0.304166
35961	9.165119	-1.245658	-3.026075	-0.002275	-0.014881	0.025258	0.327214	-0.038352	0.944172	0.251796	-0.959512	-0.126238	0.910785	0.279046	-0.304309
35962	9.143431	-1.286549	-3.090823	-0.001557	-0.015296	0.020485	0.327389	-0.038469	0.944106	0.251712	-0.959514	-0.126384	0.910745	0.279020	-0.304451
35963	9.172847	-1.333896	-3.093032	-0.000171	-0.013689	0.020077	0.327553	-0.038569	0.944045	0.251667	-0.959508	-0.126521	0.910699	0.279027	-0.304584
35964	9.151282	-1.374768	-3.157233	0.019307	-0.008040	0.017543	0.327654	-0.038678	0.944006	0.251783	-0.959454	-0.126702	0.910630	0.279199	-0.304631
35965	9.213450	-1.310360	-3.115774	0.036131	-0.007150	0.015949	0.327739	-0.038771	0.943972	0.252042	-0.959359	-0.126910	0.910528	0.279514	-0.304648
35966	9.260035	-1.203637	-3.104497	0.037782	-0.005383	0.017038	0.327815	-0.038882	0.943941	0.252328	-0.959253	-0.127142	0.910422	0.279862	-0.304646
35967	9.233682	-1.134926	-2.951374	0.023307	0.000764	0.025330	0.327854	-0.039088	0.943919	0.252433	-0.959191	-0.127399	0.910379	0.280044	-0.304608
35968	9.275434	-1.202179	-2.925489	0.009639	0.001713	0.027732	0.327892	-0.039322	0.943896	0.252427	-0.959159	-0.127647	0.910367	0.280119	-0.304575
35969	9.259009	-1.307396	-2.922812	0.000897	0.004724	0.032159	0.327927	-0.039579	0.943874	0.252380	-0.959138	-0.127902	0.910367	0.280157	-0.304538
35970	9.205959	-1.266850	-2.912857	-0.003502	0.002986	0.033129	0.327967	-0.039868	0.943848	0.252237	-0.959141	-0.128161	0.910392	0.280105	-0.304510
35971	9.181134	-1.376907	-2.932910	-0.012944	0.000732	0.031948	0.328020	-0.040135	0.943818	0.252006	-0.959174	-0.128371	0.910437	0.279956	-0.304514
35972	9.203324	-1.377521	-2.942014	-0.003440	-0.005046	0.030771	0.328128	-0.040379	0.943770	0.251871	-0.959177	-0.128608	0.910436	0.279908	-0.304562
35973	9.230044	-1.349381	-2.932820	0.003824	-0.004884	0.027868	0.328225	-0.040583	0.943727	0.251833	-0.959157	-0.128833	0.910411	0.279948	-0.304600
35974	9.275984	-1.387707	-2.889277	0.002700	-0.006330	0.029773	0.328342	-0.040813	0.943677	0.251758	-0.959144	-0.129079	0.910390	0.279960	-0.304652
35975	9.330838	-1.275901	-2.856522	-0.002552	-0.015033	0.023767	0.328528	-0.040942	0.943606	0.251690	-0.959139	-0.129245	0.910341	0.279957	-0.304800
35976	9.291104	-1.382127	-2.846770	-0.016715	-0.011145	0.024419	0.328675	-0.041108	0.943548	0.251455	-0.959182	-0.129381	0.910353	0.279785	-0.304922
35977	9.306324	-1.423909	-2.951562	-0.008457	-0.016833	0.025018	0.328878	-0.041249	0.943471	0.251314	-0.959198	-0.129541	0.910319	0.279711	-0.305093
35978	9.255780	-1.363846	-3.134789	-0.005298	-0.015005	0.025825	0.329064	-0.041418	0.943399	0.251179	-0.959208	-0.129725	0.910289	0.279649	-0.305237
35979	9.214804	-1.338299	-3.233403	-0.007879	-0.004437	0.023720	0.329141	-0.041602	0.943364	0.250988	-0.959238	-0.129872	0.910314	0.279519	-0.305283
35980	9.142657	-1.230097	-3.258403	-0.024374	0.001351	0.029304	0.329186	-0.041850	0.943337	0.250667	-0.959301	-0.130031	0.910386	0.279268	-0.305298
35981	9.097173	-1.327851	-3.193583	-0.054166	0.012320	0.032142	0.329148	-0.042132	0.943338	0.250112	-0.959434	-0.130119	0.910552	0.278769	-0.305258
35982	9.134088	-1.101842	-2.911444	-0.068622	0.018487	0.040438	0.329064	-0.042534	0.943349	0.249352	-0.959614	-0.130248	0.910791	0.278086	-0.305168
35983	9.198179	-1.168470	-2.760433	-0.141003	0.022584	0.047034	0.328964	-0.042998	0.943363	0.247923	-0.959989	-0.130210	0.911217	0.276716	-0.305142
35984	9.193735	-1.471382	-2.772021	-0.144681	0.020424	0.043222	0.328869	-0.043432	0.943376	0.246460	-0.960377	-0.130133	0.911648	0.275301	-0.305134
35985	9.254726	-1.599177	-2.847006	-0.099691	0.006105	0.028545	0.328867	-0.043677	0.943366	0.245462	-0.960643	-0.130048	0.911918	0.274329	-0.305203
35986	9.263193	-1.590783	-2.959196	-0.057234	0.000004	0.019804	0.328900	-0.043830	0.943347	0.244873	-0.960798	-0.130017	0.912065	0.273763	-0.305273
35987	9.238224	-1.512995	-3.074104	-0.027087	-0.006752	0.011810	0.328987	-0.043863	0.943315	0.244632	-0.960862	-0.129996	0.912098	0.273532	-0.305381
35988	9.171195	-1.555707	-3.121089	-0.008797	-0.009077	0.008688	0.329075	-0.043885	0.943284	0.244521	-0.960889	-0.130008	0.912096	0.273435	-0.305474
35989	9.065754	-1.468786	-3.102238	0.004713	-0.011747	0.004909	0.329172	-0.043871	0.943250	0.244502	-0.960892	-0.130017	0.912066	0.273425	-0.305572
35990	9.136246	-1.128344	-2.911002	0.009008	-0.014087	0.010582	0.329310	-0.043897	0.943201	0.244547	-0.960870	-0.130101	0.912004	0.273501	-0.305689
35991	9.217741	-0.948097	-2.795636	-0.064449	-0.008174	0.020332	0.329422	-0.044023	0.943156	0.243901	-0.961041	-0.130046	0.912137	0.272877	-0.305851
35992	9.256675	-1.299080	-2.842257	-0.100008	-0.000533	0.024561	0.329471	-0.044220	0.943130	0.242906	-0.961309	-0.129929	0.912385	0.271899	-0.305982
35993	9.219843	-1.563796	-3.065558	-0.064640	-0.007500	0.010937	0.329554	-0.044256	0.943099	0.242289	-0.961484	-0.129784	0.912518	0.271274	-0.306138
35994	9.275658	-1.357024	-3.078779	-0.006128	-0.015587	0.004106	0.329691	-0.044216	0.943053	0.242218	-0.961505	-0.129761	0.912488	0.271205	-0.306289
35995	9.121765	-1.608432	-3.261552	-0.017681	-0.002149	0.004989	0.329705	-0.044221	0.943048	0.242021	-0.961563	-0.129704	0.912535	0.271001	-0.306329
35996	9.040427	-1.466794	-3.235979	0.027246	-0.014042	-0.000577	0.329816	-0.044140	0.943013	0.242269	-0.961496	-0.129738	0.912429	0.271252	-0.306422
35997	9.152289	-1.239806	-3.167135	-0.009892	-0.001680	0.005083	0.329822	-0.044148	0.943010	0.242151	-0.961529	-0.129708	0.912458	0.271132	-0.306443
35998	9.153265	-1.279939	-3.105884	-0.046385	0.009446	0.013859	0.329754	-0.044269	0.943029	0.241680	-0.961655	-0.129653	0.912608	0.270665	-0.306410
35999	9.210413	-1.206163	-3.009692	-0.040668	0.006307	0.009979	0.329709	-0.044335	0.943041	0.241283	-0.961765	-0.129574	0.912729	0.270262	-0.306406
36000	9.316527	-1.152175	-2.927191	-0.044281	0.010654	0.008683	0.329617	-0.044411	0.943070	0.240848	-0.961888	-0.129477	0.912877	0.269815	-0.306359
36001	9.252773	-1.495529	-2.830500	-0.055569	0.012990	0.007413	0.329506	-0.044465	0.943106	0.240342	-0.962034	-0.129329	0.913051	0.269283	-0.306310
36002	9.262184	-1.800267	-2.875486	-0.003652	0.001113	-0.002554	0.329474	-0.044406	0.943120	0.240315	-0.962052	-0.129250	0.913069	0.269230	-0.306300
36003	9.237146	-1.725824	-2.855567	0.052741	-0.013808	-0.014621	0.329555	-0.044186	0.943102	0.240832	-0.961926	-0.129224	0.912904	0.269716	-0.306366
36004	9.266765	-1.590490	-2.816315	0.083216	-0.025187	-0.022278	0.329715	-0.043867	0.943061	0.241663	-0.961717	-0.129225	0.912626	0.270511	-0.306492
36005	9.318796	-1.272054	-2.745901	0.101171	-0.039770	-0.022674	0.330022	-0.043479	0.942971	0.242713	-0.961446	-0.129276	0.912237	0.271535	-0.306745
36006	9.352650	-1.015862	-2.736756	0.080864	-0.043444	-0.015502	0.330364	-0.043175	0.942865	0.243500	-0.961239	-0.129334	0.911903	0.272315	-0.307046
36007	9.303923	-0.943857	-2.711368	0.043877	-0.040646	-0.012101	0.330692	-0.042901	0.942763	0.243957	-0.961127	-0.129309	0.911662	0.272755	-0.307371
36008	9.219439	-1.177395	-2.846324	0.023722	-0.042613	-0.003539	0.331056	-0.042713	0.942644	0.244183	-0.961070	-0.129305	0.911470	0.272984	-0.307738
36009	9.199112	-1.111345	-2.884160	0.035738	-0.050966	-0.000295	0.331497	-0.042535	0.942497	0.244501	-0.960981	-0.129366	0.911224	0.273326	-0.308162
36010	9.233420	-1.165789	-2.943384	0.014978	-0.048457	0.006414	0.331938	-0.042427	0.942346	0.244614	-0.960943	-0.129429	0.911033	0.273474	-0.308596
36011	9.247265	-1.210046	-2.917892	0.022635	-0.055303	0.011879	0.332450	-0.042356	0.942169	0.244759	-0.960888	-0.129563	0.910807	0.273678	-0.309081
36012	9.346940	-1.094248	-2.906353	0.020543	-0.056510	0.017058	0.332991	-0.042328	0.941980	0.244888	-0.960831	-0.129744	0.910575	0.273883	-0.309582
36013	9.340169	-1.125364	-2.930290	0.006911	-0.061149	0.026252	0.333595	-0.042371	0.941764	0.244865	-0.960807	-0.129965	0.910360	0.273961	-0.310145
36014	9.280765	-1.297896	-2.851150	0.003904	-0.061278	0.026820	0.334202	-0.042423	0.941546	0.244809	-0.960791	-0.130186	0.910152	0.274008	-0.310713
36015	9.183225	-1.525819	-2.613571	0.040595	-0.084386	0.023715	0.335018	-0.042364	0.941259	0.245142	-0.960665	-0.130489	0.909763	0.274458	-0.311455
36016	9.179142	-1.737116	-2.203114	0.066146	-0.103467	0.020733	0.335994	-0.042241	0.940917	0.245672	-0.960481	-0.130847	0.909260	0.275121	-0.312338
36017	9.329109	-1.656183	-1.676449	0.107678	-0.142323	0.013478	0.337310	-0.041922	0.940460	0.246651	-0.960173	-0.131266	0.908507	0.276242	-0.313536
36018	9.536683	-1.552330	-1.073442	0.071382	-0.179339	0.008127	0.338943	-0.041467	0.939893	0.247270	-0.959979	-0.131523	0.907731	0.276986	-0.315125
36019	9.624582	-1.771847	-0.518633	0.050604	-0.238822	0.003568	0.341103	-0.040790	0.939140	0.247742	-0.959837	-0.131671	0.906792	0.277578	-0.317298
36020	9.630232	-1.639181	-0.042464	0.088259	-0.329916	-0.007503	0.344058	-0.039763	0.938106	0.248566	-0.959601	-0.131838	0.905450	0.278541	-0.320274
36021	9.894705	-1.624189	0.378050	0.012367	-0.416450	-0.014521	0.347759	-0.038434	0.936796	0.248715	-0.959582	-0.131697	0.903994	0.278794	-0.324144
36022	10.201256	-2.363132	0.723907	-0.093429	-0.505039	-0.023247	0.352247	-0.036767	0.935185	0.247951	-0.959857	-0.131130	0.902465	0.278070	-0.328990
36023	10.241483	-2.996321	0.871524	-0.076636	-0.624621	-0.054484	0.357718	-0.034470	0.933193	0.247458	-0.960094	-0.130321	0.900445	0.277545	-0.334913
36024	10.235578	-3.281022	0.707628	-0.050838	-0.755352	-0.091348	0.364268	-0.031461	0.930763	0.247330	-0.960271	-0.129254	0.897851	0.277289	-0.342015
36025	10.318465	-3.815971	0.254392	0.003151	-0.880539	-0.134694	0.371774	-0.027735	0.927909	0.247755	-0.960334	-0.127969	0.894652	0.277470	-0.350156
36026	10.617870	-4.148733	-0.457182	0.085704	-0.994257	-0.188543	0.380165	-0.023123	0.924629	0.249229	-0.960149	-0.126483	0.890707	0.278529	-0.359253
36027	11.113938	-4.049555	-1.232492	0.200455	-1.078932	-0.252482	0.389072	-0.017676	0.921038	0.251943	-0.959655	-0.124845	0.886086	0.280622	-0.368922
36028	11.565367	-4.104906	-1.889990	0.276617	-1.143542	-0.307451	0.398379	-0.011465	0.917149	0.255598	-0.958926	-0.123010	0.880888	0.283426	-0.379085
36029	12.080436	-4.219427	-2.084004	0.394029	-1.190208	-0.348733	0.407879	-0.004724	0.913024	0.260433	-0.957842	-0.121301	0.875105	0.287258	-0.389453
36030	12.752361	-3.705317	-1.854692	0.514586	-1.233503	-0.355571	0.417681	0.002290	0.908591	0.266389	-0.956360	-0.120050	0.868665	0.292181	-0.400063
36031	12.779955	-2.793705	-1.594450	0.472799	-1.244299	-0.332598	0.427505	0.009135	0.903967	0.271874	-0.954956	-0.118925	0.862162	0.296606	-0.410733
36032	12.406700	-1.962153	-1.539361	0.279734	-1.221345	-0.335991	0.437062	0.016017	0.899289	0.275733	-0.954085	-0.117015	0.856124	0.299106	-0.421411
36033	11.624361	-1.483233	-2.078144	0.089348	-1.193214	-0.350525	0.446209	0.022893	0.894636	0.277943	-0.953783	-0.114220	0.850673	0.299623	-0.431950
36034	10.379872	-1.190801	-2.875553	-0.006493	-1.171194	-0.398720	0.455013	0.030240	0.889971	0.279688	-0.953700	-0.110590	0.845422	0.299234	-0.442404
36035	9.310691	-0.991402	-4.444312	0.078221	-1.165536	-0.465158	0.463453	0.038129	0.885301	0.282406	-0.953334	-0.106780	0.839915	0.299502	-0.452593
36036	8.897622	0.203321	-5.971296	0.301542	-1.124698	-0.490393	0.471452	0.046220	0.880680	0.287227	-0.952223	-0.103785	0.833807	0.301884	-0.462203
36037	8.709389	1.539978	-6.844489	0.402699	-0.994907	-0.473872	0.478282	0.053693	0.876564	0.292691	-0.950809	-0.101461	0.827997	0.305089	-0.470470
36038	8.428659	2.219387	-7.499579	0.373758	-0.767138	-0.387600	0.483454	0.059765	0.873327	0.297646	-0.949446	-0.099796	0.823213	0.308189	-0.476802
36039	7.974585	2.452747	-7.771976	0.198171	-0.509606	-0.271009	0.486754	0.063881	0.871200	0.300515	-0.948694	-0.098340	0.820220	0.309676	-0.480978
36040	8.547869	1.392501	-6.537153	-0.073273	-0.175586	-0.115968	0.487828	0.065561	0.870474	0.300485	-0.948848	-0.096933	0.819593	0.308851	-0.482575
36041	8.216480	-0.033549	-5.392096	-0.251520	0.127342	0.041849	0.486840	0.064720	0.871090	0.298077	-0.949699	-0.096031	0.821059	0.306404	-0.481642
36042	7.291948	-0.518735	-5.158652	-0.248402	0.349564	0.163259	0.484432	0.062137	0.872619	0.295247	-0.950564	-0.096218	0.823502	0.304249	-0.478829
36043	6.652088	-0.671702	-5.419960	-0.220739	0.563192	0.249919	0.480460	0.058050	0.875094	0.292177	-0.951401	-0.097305	0.826917	0.302433	-0.474071
36044	6.670992	-0.921281	-5.588658	-0.143080	0.785555	0.323231	0.474870	0.052638	0.878481	0.289452	-0.952015	-0.099422	0.831094	0.301490	-0.467319
36045	6.887006	-0.964091	-5.446193	-0.086373	1.006080	0.405984	0.467590	0.045735	0.882762	0.286768	-0.952495	-0.102551	0.836136	0.301100	-0.458492
36046	6.925729	-0.931099	-5.291039	-0.067823	1.212654	0.489557	0.458795	0.037457	0.887752	0.283936	-0.952907	-0.106534	0.841955	0.300942	-0.447824
36047	6.767003	-0.723024	-5.146053	-0.084109	1.396156	0.559267	0.448512	0.027930	0.893340	0.280652	-0.953358	-0.111098	0.848570	0.300546	-0.435431
36048	6.797639	-0.744278	-4.914939	-0.094869	1.555793	0.604344	0.436922	0.017532	0.899328	0.277171	-0.953785	-0.116064	0.855731	0.299978	-0.421589
36049	6.860333	-0.649090	-4.749615	-0.105896	1.691886	0.645422	0.424116	0.006319	0.905586	0.273449	-0.954194	-0.121407	0.863337	0.299123	-0.406417
36050	6.939431	-0.706680	-4.737185	-0.143100	1.814153	0.670366	0.410184	-0.005457	0.911986	0.269413	-0.954629	-0.126886	0.871301	0.297748	-0.390103
36051	7.154386	-1.003349	-4.771763	-0.164154	1.921508	0.683274	0.395140	-0.017671	0.918451	0.265195	-0.955052	-0.132468	0.879509	0.295912	-0.372693
36052	7.350106	-1.104292	-5.214982	-0.095034	2.009999	0.676275	0.379145	-0.030028	0.924850	0.261737	-0.955177	-0.138312	0.887549	0.294508	-0.354291
36053	7.443288	-0.700185	-5.061286	-0.005430	2.083603	0.656194	0.362237	-0.042396	0.931121	0.259256	-0.954962	-0.144341	0.895305	0.293684	-0.334931
36054	7.477654	-0.774846	-4.304107	-0.028594	2.150174	0.616764	0.344477	-0.054550	0.937208	0.256817	-0.954754	-0.149966	0.902984	0.292351	-0.314882
36055	7.626300	-1.050672	-4.085033	-0.003361	2.176311	0.570529	0.326160	-0.066308	0.942986	0.254919	-0.954413	-0.155283	0.910294	0.291032	-0.294388
36056	7.918161	-1.450763	-3.963785	0.047932	2.193376	0.499135	0.307371	-0.077406	0.948436	0.253772	-0.953923	-0.160096	0.917127	0.289896	-0.273565
36057	8.166285	-1.817054	-3.639897	0.091971	2.186495	0.393265	0.288214	-0.087454	0.953564	0.253447	-0.953340	-0.164037	0.923416	0.288956	-0.252601
36058	8.219701	-2.554543	-3.610921	0.211198	2.136962	0.265067	0.269079	-0.096119	0.958310	0.254659	-0.952495	-0.167040	0.928841	0.288989	-0.231819
36059	8.040808	-2.643769	-2.982014	0.439440	2.038175	0.132118	0.250428	-0.103253	0.962614	0.258475	-0.951074	-0.169258	0.932993	0.291198	-0.211487
36060	8.381313	-2.118618	-2.337515	0.762673	1.863189	0.012410	0.233036	-0.108809	0.966362	0.265564	-0.948830	-0.170875	0.935505	0.296451	-0.192216
36061	8.880905	-1.709894	-2.486322	0.958904	1.709828	-0.094175	0.216747	-0.113019	0.969664	0.274790	-0.946051	-0.171690	0.936756	0.303667	-0.173997
36062	8.865922	-1.291539	-2.288320	1.159889	1.536523	-0.210438	0.201745	-0.115732	0.972576	0.286088	-0.942726	-0.171524	0.936724	0.312847	-0.157081
36063	8.446669	-1.016266	-1.449197	1.304455	1.346580	-0.317288	0.188197	-0.117005	0.975137	0.298971	-0.938932	-0.170361	0.935520	0.323599	-0.141723
36064	8.338308	-0.990159	-1.231218	1.451523	1.122901	-0.417830	0.176407	-0.116758	0.977368	0.313286	-0.934645	-0.168200	0.933130	0.335867	-0.128299
36065	8.305354	-1.124668	-0.663614	1.512449	0.902420	-0.504622	0.166353	-0.115120	0.979323	0.328286	-0.930039	-0.165091	0.929814	0.348962	-0.116922
36066	8.206529	-1.445300	-0.191987	1.513030	0.670994	-0.585224	0.158142	-0.112042	0.981039	0.343264	-0.925335	-0.161014	0.925830	0.362219	-0.107874
36067	7.879540	-1.495700	-0.086564	1.460480	0.429134	-0.646739	0.151868	-0.107632	0.982523	0.357763	-0.920663	-0.156154	0.921380	0.375226	-0.101313
36068	7.541087	-1.297430	0.123894	1.403798	0.154515	-0.704102	0.147859	-0.101720	0.983764	0.371709	-0.916055	-0.150587	0.916499	0.387939	-0.097636
36069	9.061309	-0.607051	0.815345	1.316738	-0.107447	-0.720140	0.146057	-0.094698	0.984733	0.384820	-0.911572	-0.144739	0.911362	0.400086	-0.096700
36070	8.250164	2.095018	0.929292	1.194306	-0.380989	-0.620304	0.147074	-0.087477	0.985250	0.396573	-0.907303	-0.139755	0.906145	0.411278	-0.098749
36071	8.593170	3.103420	0.659089	0.243094	-0.524290	-0.385806	0.150233	-0.081787	0.985262	0.399324	-0.906644	-0.136149	0.904417	0.413893	-0.103548
36072	9.257647	0.719052	-0.143237	-0.578150	-0.578171	-0.147278	0.154859	-0.078036	0.984850	0.394306	-0.909151	-0.134039	0.905837	0.409090	-0.110020
36073	9.666431	-1.600568	-0.739497	-1.125638	-0.492982	0.012579	0.159324	-0.076130	0.984287	0.384089	-0.913690	-0.132842	0.909446	0.399218	-0.116332
36074	9.780277	-3.212365	-0.869146	-1.258550	-0.331896	0.059673	0.162554	-0.075336	0.983819	0.372511	-0.918608	-0.131892	0.913680	0.387923	-0.121260
36075	10.015272	-2.978322	-0.085724	-1.087964	-0.203055	0.028890	0.164485	-0.074793	0.983540	0.362501	-0.922760	-0.130795	0.917354	0.378048	-0.124667
36076	11.199016	-0.697957	1.360937	-0.979483	-0.181609	-0.082004	0.165839	-0.073322	0.983423	0.353626	-0.926489	-0.128711	0.920568	0.369109	-0.127720
36077	11.958536	-3.290639	1.842841	-1.180948	-0.287820	-0.204202	0.167737	-0.070347	0.983319	0.343052	-0.930946	-0.125119	0.924218	0.358316	-0.132022
36078	11.887555	-6.377694	0.921849	-0.802517	-0.664641	-0.250205	0.173016	-0.065621	0.982731	0.336045	-0.933972	-0.121528	0.925818	0.351268	-0.139540
36079	11.221863	-5.664233	0.763389	-0.526095	-0.939712	-0.301431	0.180661	-0.059499	0.981744	0.331680	-0.936013	-0.117764	0.925932	0.346901	-0.149366
36080	9.163215	-7.248796	-1.336917	-0.538259	-1.026405	-0.354944	0.188975	-0.052600	0.980572	0.327344	-0.938075	-0.113406	0.925816	0.342415	-0.160054
36081	8.109468	-5.339196	-2.803226	0.084389	-1.172119	-0.375834	0.198527	-0.045042	0.979060	0.328816	-0.937986	-0.109827	0.923292	0.343734	-0.171405
36082	8.896366	0.242910	-2.526828	0.130681	-1.184864	-0.381589	0.208171	-0.037345	0.977379	0.330788	-0.937701	-0.106283	0.920458	0.345431	-0.182849
36083	9.546279	2.828750	-2.917837	-0.338575	-1.089474	-0.358905	0.216969	-0.030220	0.975711	0.328413	-0.938998	-0.102112	0.919277	0.342591	-0.193809
36084	9.621211	3.357348	-3.494943	-0.545130	-0.997338	-0.325187	0.225055	-0.023735	0.974057	0.324114	-0.940948	-0.097815	0.918858	0.337719	-0.204072
36085	9.783824	3.105027	-4.021595	-0.869698	-0.862568	-0.288045	0.232017	-0.018125	0.972543	0.316748	-0.943924	-0.093157	0.919695	0.329665	-0.213265
36086	9.611434	0.956584	-4.685649	-0.986332	-0.768465	-0.231969	0.238345	-0.013397	0.971088	0.308209	-0.947173	-0.088715	0.920977	0.320443	-0.221625
36087	9.511847	-0.386392	-5.175766	-0.896813	-0.700435	-0.196161	0.244168	-0.009296	0.969688	0.300395	-0.950043	-0.084747	0.922033	0.311982	-0.229178
36088	9.332612	-1.367823	-5.469558	-0.806371	-0.642254	-0.179402	0.249541	-0.005574	0.968348	0.293393	-0.952547	-0.081089	0.922849	0.304342	-0.236065
36089	9.347208	-2.016185	-5.442709	-0.724066	-0.595640	-0.191173	0.254454	-0.001930	0.967083	0.287184	-0.954738	-0.077468	0.923460	0.297443	-0.242382
36090	9.398786	-2.354882	-5.273500	-0.604946	-0.545286	-0.213524	0.258864	0.001753	0.965912	0.282139	-0.956525	-0.073877	0.923789	0.291646	-0.248105
36091	9.322169	-1.884053	-4.535805	-0.440444	-0.520361	-0.236893	0.262982	0.005555	0.964785	0.278682	-0.957796	-0.070449	0.923676	0.287395	-0.253431
36092	9.418645	-0.511610	-3.830773	-0.339895	-0.493468	-0.238400	0.266860	0.009286	0.963691	0.276169	-0.958754	-0.067237	0.923318	0.284084	-0.258418
36093	9.472649	-0.111554	-3.358760	-0.430200	-0.446603	-0.232575	0.270327	0.012804	0.962684	0.272801	-0.959950	-0.063836	0.923311	0.279877	-0.262993
36094	9.537399	-0.312072	-2.973825	-0.415905	-0.426760	-0.230877	0.273623	0.016244	0.961700	0.269583	-0.961077	-0.060468	0.923285	0.275804	-0.267352
36095	9.370318	-0.230573	-2.690142	-0.368221	-0.428591	-0.227601	0.276950	0.019636	0.960684	0.266794	-0.962052	-0.057249	0.923103	0.272160	-0.271679
36096	9.122870	-0.530311	-2.734617	-0.380357	-0.417791	-0.230015	0.280179	0.023016	0.959672	0.263919	-0.963035	-0.053955	0.922955	0.268393	-0.275896
36097	9.150554	-1.554088	-2.933180	-0.341830	-0.423263	-0.256260	0.283391	0.026642	0.958634	0.261466	-0.963890	-0.050507	0.922673	0.264964	-0.280124
36098	9.397637	-2.063725	-3.248829	-0.214410	-0.440987	-0.289909	0.286685	0.030638	0.957535	0.260310	-0.964376	-0.047080	0.921982	0.262754	-0.284448
36099	9.164241	-1.815490	-3.375419	-0.115002	-0.453026	-0.319673	0.290010	0.034934	0.956386	0.260149	-0.964581	-0.043653	0.920987	0.261462	-0.288826
36100	9.018231	-1.639366	-3.433275	-0.032969	-0.465907	-0.341942	0.293390	0.039486	0.955177	0.260838	-0.964543	-0.040245	0.919720	0.260954	-0.293287
36101	9.279463	-0.307001	-3.186696	0.063213	-0.472637	-0.333048	0.296842	0.043956	0.953914	0.262385	-0.964245	-0.037218	0.918171	0.261341	-0.297762
36102	9.729573	0.753428	-3.049046	-0.109772	-0.443022	-0.321470	0.300047	0.048248	0.952704	0.262333	-0.964386	-0.033780	0.917144	0.260062	-0.302018
36103	9.470529	0.257653	-3.698766	-0.295851	-0.394045	-0.318457	0.302808	0.052367	0.951612	0.260583	-0.964991	-0.029816	0.916735	0.257003	-0.305853
36104	9.270995	-0.813288	-4.071614	-0.297123	-0.368831	-0.328623	0.305318	0.056519	0.950572	0.258855	-0.965573	-0.025732	0.916392	0.253917	-0.309437
36105	9.244232	-1.078098	-4.429069	-0.126962	-0.369385	-0.332781	0.307825	0.060694	0.949505	0.258702	-0.965703	-0.022140	0.915597	0.252454	-0.312969
36106	9.721258	-0.261226	-4.316690	0.007755	-0.364339	-0.321861	0.310307	0.064759	0.948428	0.259764	-0.965484	-0.019066	0.914457	0.252284	-0.316419
36107	9.887634	0.618259	-4.269325	-0.047689	-0.330894	-0.296091	0.312550	0.068474	0.947430	0.260217	-0.965416	-0.016070	0.913564	0.251560	-0.319559
36108	9.541131	0.679595	-4.371964	-0.152750	-0.276668	-0.270778	0.314356	0.071819	0.946585	0.259667	-0.965611	-0.012971	0.913101	0.249874	-0.322195
36109	9.459078	0.611661	-4.613599	-0.129021	-0.246279	-0.259266	0.315919	0.074961	0.945820	0.259276	-0.965751	-0.010062	0.912673	0.248407	-0.324535
36110	9.400702	0.601300	-4.635905	-0.047442	-0.219400	-0.242578	0.317275	0.077885	0.945130	0.259608	-0.965684	-0.007570	0.912108	0.247765	-0.326607
36111	9.513183	0.456109	-4.447529	0.010850	-0.188556	-0.221911	0.318405	0.080519	0.944529	0.260373	-0.965493	-0.005467	0.911495	0.247671	-0.328383
36112	9.376556	0.036366	-4.419815	0.071519	-0.159356	-0.206293	0.319302	0.082943	0.944016	0.261679	-0.965148	-0.003710	0.910807	0.248214	-0.329878
36113	9.262872	-0.119218	-4.327654	0.193599	-0.146999	-0.200872	0.320105	0.085281	0.943536	0.264078	-0.964498	-0.002416	0.909833	0.249941	-0.331261
36114	9.162151	-0.015401	-4.194693	0.281717	-0.129535	-0.197416	0.320741	0.087547	0.943112	0.267269	-0.963621	-0.001445	0.908676	0.252528	-0.332471
36115	9.388577	0.500437	-3.776570	0.322454	-0.117648	-0.190732	0.321287	0.089711	0.942723	0.270788	-0.962639	-0.000680	0.907441	0.255497	-0.333576
36116	9.438574	0.810959	-3.563702	0.247049	-0.096855	-0.168846	0.321688	0.091621	0.942402	0.273569	-0.961852	0.000130	0.906464	0.257770	-0.334481
36117	9.316812	0.818215	-3.342106	0.180301	-0.075253	-0.150236	0.321947	0.093294	0.942150	0.275681	-0.961249	0.000981	0.905732	0.259417	-0.335191
36118	9.248839	0.427829	-3.142775	0.091209	-0.058510	-0.136224	0.322083	0.094793	0.941954	0.276942	-0.960884	0.002003	0.905299	0.260222	-0.335736
36119	9.112298	-0.508132	-3.203451	0.079410	-0.058089	-0.148160	0.322188	0.096401	0.941755	0.278129	-0.960538	0.003172	0.904897	0.260907	-0.336286
36120	9.104521	-1.146595	-3.065413	0.158017	-0.079398	-0.162920	0.322434	0.098210	0.941483	0.280081	-0.959967	0.004218	0.904208	0.262331	-0.337033
36121	9.239483	-0.762130	-3.060409	0.301726	-0.114984	-0.168511	0.322988	0.100157	0.941088	0.283322	-0.959013	0.004827	0.902999	0.265072	-0.338126
36122	9.359237	0.304894	-3.102077	0.317455	-0.123046	-0.158250	0.323629	0.102039	0.940666	0.286695	-0.958007	0.005285	0.901704	0.267974	-0.339293
36123	9.171336	0.524049	-3.047889	0.210216	-0.111214	-0.151088	0.324185	0.103818	0.940280	0.289078	-0.957287	0.006029	0.900743	0.269860	-0.340350
36124	8.909563	0.508980	-3.036322	0.187080	-0.116777	-0.144412	0.324799	0.105553	0.939874	0.291228	-0.956630	0.006793	0.899829	0.271511	-0.341453
36125	9.106810	1.284051	-2.499752	0.128239	-0.125251	-0.120868	0.325563	0.107080	0.939437	0.292758	-0.956157	0.007531	0.899056	0.272576	-0.342638
36126	9.207383	0.872528	-2.435222	-0.069578	-0.117213	-0.095090	0.326320	0.108345	0.939030	0.292440	-0.956244	0.008707	0.898885	0.271768	-0.343726
36127	9.139525	0.365060	-2.494639	-0.087645	-0.130330	-0.091690	0.327210	0.109611	0.938573	0.291950	-0.956382	0.009910	0.898720	0.270774	-0.344939
36128	8.926198	-0.082265	-2.544440	-0.038623	-0.163910	-0.097930	0.328379	0.111028	0.937998	0.291921	-0.956379	0.011006	0.898303	0.270208	-0.346466
36129	9.028382	0.429488	-2.362706	0.058504	-0.204483	-0.097342	0.329917	0.112545	0.937277	0.292758	-0.956114	0.011757	0.897467	0.270516	-0.348387
36130	9.041140	0.399630	-1.999639	-0.049586	-0.218017	-0.086785	0.331601	0.114001	0.936507	0.292598	-0.956150	0.012788	0.896899	0.269779	-0.350417
36131	8.952517	-0.288194	-1.849590	-0.072943	-0.260357	-0.098132	0.333633	0.115677	0.935579	0.292276	-0.956232	0.014004	0.896250	0.268775	-0.352840
36132	9.060103	-0.516095	-1.637145	-0.029285	-0.316342	-0.115392	0.336111	0.117667	0.934443	0.292398	-0.956176	0.015230	0.895284	0.268110	-0.355787
36133	9.245330	-0.493767	-1.313611	0.010642	-0.387682	-0.138280	0.339158	0.120063	0.933036	0.292962	-0.955981	0.016524	0.893949	0.267740	-0.359402
36134	9.503471	-0.328302	-1.066547	0.044170	-0.467734	-0.144831	0.342892	0.122736	0.931322	0.293848	-0.955687	0.017758	0.892232	0.267578	-0.363763
36135	9.519596	-0.477218	-1.213025	-0.004628	-0.533973	-0.165749	0.347144	0.125778	0.929339	0.294377	-0.955493	0.019357	0.890412	0.266856	-0.368720
36136	9.612160	-0.944675	-1.772930	0.050369	-0.616615	-0.178472	0.352083	0.129164	0.927014	0.295447	-0.955131	0.020870	0.888115	0.266536	-0.374446
36137	9.681733	-0.291908	-1.912867	0.124557	-0.694760	-0.188146	0.357663	0.132840	0.924354	0.297210	-0.954555	0.022180	0.885293	0.266794	-0.380890
36138	9.529175	0.081136	-2.244757	0.054371	-0.742519	-0.179182	0.363674	0.136566	0.921461	0.298336	-0.954168	0.023669	0.882461	0.266297	-0.387748
36139	9.345618	0.181321	-2.434255	-0.026626	-0.780926	-0.170163	0.370021	0.140285	0.918371	0.298703	-0.954009	0.025378	0.879694	0.264929	-0.394907
36140	9.451532	0.432884	-2.799564	-0.048762	-0.822275	-0.162841	0.376738	0.144047	0.915052	0.298882	-0.953905	0.027110	0.876777	0.263279	-0.402425
36141	9.376405	0.899830	-3.069613	-0.085421	-0.850890	-0.148702	0.383716	0.147717	0.911560	0.298677	-0.953918	0.028855	0.873816	0.261189	-0.410154
36142	9.158231	1.151709	-3.435083	-0.168708	-0.863488	-0.126723	0.390853	0.151206	0.907949	0.297696	-0.954165	0.030751	0.870983	0.258273	-0.417952
36143	9.051941	1.213058	-3.573611	-0.226231	-0.877423	-0.091355	0.398183	0.154354	0.904226	0.296082	-0.954607	0.032572	0.868208	0.254755	-0.425810
36144	9.334452	0.867118	-3.473443	-0.352681	-0.889050	-0.069469	0.405668	0.157298	0.900384	0.293304	-0.955387	0.034759	0.865682	0.249986	-0.433706
36145	10.111989	-0.013732	-3.641967	-0.365503	-0.916434	-0.056298	0.413397	0.160128	0.896360	0.290359	-0.956206	0.036907	0.863015	0.245010	-0.441787
36146	11.825253	0.147171	-3.226336	-0.262106	-0.984388	-0.051133	0.421710	0.163046	0.891951	0.288317	-0.956758	0.038577	0.859671	0.240896	-0.450483
36147	12.790135	-1.027428	-2.645211	-0.358062	-1.019781	-0.049423	0.430287	0.165972	0.887303	0.285443	-0.957532	0.040687	0.856373	0.235767	-0.459389
36148	11.825642	-4.156971	-2.392944	-0.400721	-1.069376	-0.097047	0.439133	0.169430	0.882301	0.282442	-0.958300	0.043449	0.852871	0.230119	-0.468676
36149	11.158019	-5.637218	-1.672850	0.058686	-1.245881	-0.207514	0.449103	0.174288	0.876316	0.283840	-0.957814	0.045032	0.847196	0.228509	-0.479627
36150	11.711813	-4.302547	-0.106872	0.493407	-1.466080	-0.272272	0.460667	0.180296	0.869068	0.289242	-0.956195	0.045053	0.839122	0.230616	-0.492637
36151	12.259935	-2.737511	1.353361	0.472695	-1.642189	-0.268576	0.473552	0.186662	0.860759	0.294417	-0.954615	0.045040	0.830101	0.232093	-0.507016
36152	12.804912	-2.508470	1.841042	0.165644	-1.784825	-0.221094	0.487616	0.192935	0.851473	0.296852	-0.953809	0.046124	0.821042	0.230270	-0.522365
36153	13.248492	-2.963908	1.526842	-0.041892	-1.933784	-0.174760	0.502839	0.199005	0.841160	0.297351	-0.953569	0.047846	0.811625	0.226061	-0.538666
36154	13.681309	-3.345087	1.241005	-0.131376	-2.077821	-0.128733	0.519197	0.204911	0.829726	0.296955	-0.953598	0.049684	0.801406	0.220596	-0.555955
36155	14.075788	-2.900911	0.612738	-0.138791	-2.192425	-0.072613	0.536379	0.210351	0.817343	0.296197	-0.953760	0.051081	0.790295	0.214695	-0.573882
36156	13.968779	-1.820561	-0.279507	-0.253597	-2.246666	0.004197	0.554001	0.215091	0.804251	0.294192	-0.954300	0.052569	0.778803	0.207481	-0.591960
36157	13.278249	-0.296248	-1.812095	-0.528009	-2.231444	0.043257	0.571326	0.219162	0.790920	0.289822	-0.955476	0.055405	0.767847	0.197572	-0.609406
36158	11.783908	1.357393	-4.220705	-0.701360	-2.200690	0.065713	0.588278	0.222791	0.777363	0.284103	-0.956960	0.059266	0.757109	0.185986	-0.626255
36159	10.204451	3.183868	-6.361723	-0.789418	-2.207500	0.056121	0.604969	0.226182	0.763449	0.277789	-0.958518	0.063850	0.746221	0.173450	-0.642704
36160	9.156070	4.487397	-7.094406	-0.962834	-2.172616	0.092071	0.621302	0.228951	0.749377	0.270102	-0.960323	0.069460	0.735547	0.159252	-0.658491
36161	8.654845	4.693817	-7.528421	-1.341314	-2.050411	0.178927	0.636703	0.230283	0.735921	0.259130	-0.962762	0.077071	0.726265	0.141628	-0.672666
36162	8.056055	4.354750	-8.132570	-1.633190	-1.935816	0.300630	0.651425	0.229968	0.723022	0.245413	-0.965595	0.086011	0.717926	0.121410	-0.685450
36163	7.749131	3.783386	-8.575354	-1.855450	-1.778016	0.396740	0.665010	0.228069	0.711159	0.229510	-0.968560	0.096002	0.710695	0.099376	-0.696446
36164	7.507049	2.573956	-8.168240	-1.984375	-1.519278	0.490734	0.676833	0.224685	0.701009	0.212186	-0.971410	0.106485	0.704893	0.076671	-0.705158
36165	7.562365	1.245959	-7.689616	-1.853907	-1.283738	0.562484	0.686941	0.220045	0.692598	0.195292	-0.973894	0.115718	0.699980	0.055768	-0.711981
36166	8.275248	-0.261206	-6.172590	-1.750340	-0.982310	0.618323	0.694944	0.214508	0.686322	0.178813	-0.976038	0.123999	0.696476	0.036551	-0.716649
36167	8.164712	-1.590629	-6.106863	-1.377201	-0.753348	0.676331	0.701287	0.208099	0.681829	0.164483	-0.977872	0.129277	0.693644	0.021489	-0.719998
36168	8.075746	-1.301715	-6.796711	-0.740828	-0.562319	0.731813	0.706335	0.201074	0.678720	0.154219	-0.979489	0.129684	0.690875	0.013072	-0.722856
36169	7.843640	-0.511366	-7.376232	-0.205262	-0.310313	0.776621	0.709593	0.193471	0.677530	0.147265	-0.981051	0.125908	0.689051	0.010433	-0.724638
36170	7.767095	0.071486	-7.455168	0.124336	0.024319	0.827495	0.710612	0.185383	0.678722	0.142262	-0.982597	0.119436	0.689052	0.011683	-0.724618
36171	7.659112	0.165614	-7.331613	0.289723	0.388432	0.881447	0.709112	0.176634	0.682614	0.137963	-0.984159	0.111343	0.691467	0.015221	-0.722247
36172	7.301174	-0.015052	-7.028585	0.366114	0.748678	0.947628	0.705194	0.167207	0.689016	0.133818	-0.985717	0.102249	0.696272	0.020097	-0.717497
36173	6.854033	-0.088827	-6.926422	0.498957	1.087368	1.014878	0.698868	0.156909	0.697827	0.130143	-0.987250	0.091650	0.703311	0.026766	-0.710378
36174	6.372885	0.157286	-7.006383	0.632171	1.402021	1.082416	0.690326	0.145821	0.708651	0.127114	-0.988688	0.079617	0.712244	0.035117	-0.701053
36175	6.109843	0.504694	-7.110896	0.744266	1.692172	1.147544	0.679569	0.133758	0.721315	0.124553	-0.990000	0.066237	0.722961	0.044829	-0.689433
36176	5.845776	0.991013	-7.230138	0.839970	1.977154	1.205021	0.666632	0.120867	0.735523	0.122580	-0.991108	0.051768	0.735239	0.055650	-0.675519
36177	5.565577	1.634128	-7.318738	0.861225	2.267013	1.233370	0.651246	0.107217	0.751255	0.120804	-0.991992	0.036852	0.749190	0.066755	-0.658983
36178	5.263028	2.112578	-7.145629	0.810331	2.551377	1.243652	0.633414	0.093076	0.768195	0.118961	-0.992651	0.022183	0.764615	0.077335	-0.639831
36179	5.037816	2.185921	-6.922426	0.712468	2.810098	1.244646	0.613096	0.078384	0.786111	0.116674	-0.993138	0.008031	0.781346	0.086795	-0.618034
36180	4.927026	1.700376	-6.734821	0.618282	3.031120	1.222121	0.590545	0.063526	0.804501	0.114214	-0.993442	-0.005393	0.798882	0.095070	-0.593927
36181	4.869919	0.912605	-6.530841	0.633612	3.207773	1.179367	0.565904	0.048607	0.823037	0.112479	-0.993479	-0.018665	0.816763	0.103137	-0.567681
36182	4.859681	0.257041	-6.107182	0.700615	3.344399	1.077855	0.539490	0.034350	0.841291	0.112313	-0.993174	-0.031471	0.834468	0.111466	-0.539665
36183	4.651054	-0.751823	-6.180556	0.841827	3.435383	0.955089	0.511546	0.020859	0.859003	0.114358	-0.992465	-0.044002	0.851612	0.120742	-0.510076
36184	4.553964	-1.766538	-6.492601	1.203464	3.479454	0.805305	0.482570	0.008492	0.875816	0.120704	-0.991057	-0.056898	0.867500	0.133172	-0.479279
36185	4.717095	-1.853203	-6.870072	1.777378	3.467814	0.613397	0.452958	-0.002523	0.891528	0.133345	-0.988556	-0.070547	0.881503	0.150836	-0.447438
36186	4.994985	-1.091287	-7.673374	2.249183	3.478029	0.406472	0.422652	-0.012124	0.906211	0.151532	-0.984889	-0.083851	0.893534	0.172759	-0.414428
36187	5.340835	-0.440959	-8.972890	2.501382	3.541902	0.207183	0.391094	-0.020722	0.920117	0.173137	-0.980240	-0.095668	0.903919	0.196722	-0.379778
36188	5.278841	-0.471479	-9.676671	2.731788	3.632875	0.040208	0.358155	-0.028694	0.933221	0.197799	-0.974508	-0.105876	0.912469	0.222510	-0.343349
36189	5.226644	0.113114	-9.060594	3.013107	3.682053	-0.089081	0.324198	-0.036552	0.945283	0.225661	-0.967418	-0.114802	0.918680	0.250533	-0.305387
36190	5.551481	0.930111	-6.900855	3.131307	3.671587	-0.163661	0.289983	-0.044665	0.955989	0.254991	-0.959196	-0.122162	0.922437	0.279193	-0.266761
36191	6.253080	1.798509	-5.857607	2.910225	3.600845	-0.199892	0.256142	-0.053286	0.965169	0.282384	-0.950800	-0.127433	0.924473	0.305189	-0.228493
36192	7.310351	2.040265	-5.181450	2.555507	3.457002	-0.206570	0.223537	-0.062229	0.972707	0.306511	-0.942843	-0.130758	0.925247	0.327374	-0.191687
36193	7.896623	2.038874	-4.304505	2.202179	3.208935	-0.179511	0.193231	-0.071347	0.978556	0.327235	-0.935560	-0.132830	0.924975	0.345885	-0.157432
36194	8.160098	2.254088	-4.405026	1.912427	2.880778	-0.114276	0.166195	-0.080437	0.982807	0.345110	-0.928892	-0.134383	0.923730	0.361511	-0.126618
36195	8.200637	3.378191	-3.484252	1.693539	2.494763	-0.017725	0.143069	-0.089450	0.985662	0.360738	-0.922684	-0.136096	0.921629	0.375037	-0.099740
36196	8.431519	5.045617	-2.082564	1.251575	2.099052	0.126630	0.124184	-0.098553	0.987353	0.372081	-0.917822	-0.138412	0.919855	0.384564	-0.077309
36197	8.013568	4.244873	-0.945188	0.331213	1.728145	0.245799	0.109157	-0.107443	0.988201	0.374822	-0.916307	-0.141029	0.920648	0.385794	-0.059749
36198	7.027954	0.869324	-0.795645	-0.385762	1.251171	0.310833	0.098758	-0.115055	0.988438	0.370929	-0.917452	-0.143853	0.923395	0.380847	-0.047928
36199	8.433849	-2.471115	-0.155217	-0.685565	0.675885	0.276825	0.093485	-0.120121	0.988348	0.364304	-0.919726	-0.146239	0.926576	0.373730	-0.042220
36200	5.902262	-2.829459	-0.181379	-0.596700	-0.008688	0.119671	0.093977	-0.121156	0.988175	0.358643	-0.921807	-0.147126	0.928732	0.368229	-0.043176
36201	6.420674	-1.899572	-1.727641	-0.733246	-0.727128	-0.090100	0.100377	-0.117643	0.987970	0.351895	-0.924606	-0.145851	0.930642	0.362302	-0.051411
36202	10.280788	-2.915573	-0.630938	-0.525735	-1.130745	-0.278955	0.109908	-0.110950	0.987730	0.347281	-0.926832	-0.142753	0.931298	0.358710	-0.063336
36203	13.899914	-4.595139	1.759090	-0.331451	-1.017259	-0.290004	0.118342	-0.104597	0.987449	0.344506	-0.928343	-0.139624	0.931295	0.356705	-0.073828
36204	14.843564	-5.623977	3.379042	-0.141137	-0.807654	-0.252528	0.124972	-0.099338	0.987175	0.343487	-0.929114	-0.136980	0.930805	0.356200	-0.081992
36205	12.555848	-4.066973	2.346450	0.170463	-0.887470	-0.280425	0.132219	-0.093545	0.986797	0.345407	-0.928790	-0.134326	0.929092	0.358607	-0.090492
36206	12.074181	0.749628	0.901393	-0.028376	-1.168198	-0.333232	0.141891	-0.086221	0.986120	0.345589	-0.929201	-0.130970	0.927596	0.359376	-0.102049
36207	11.027416	0.564306	-2.316313	-0.603252	-1.304917	-0.327477	0.152827	-0.078499	0.985130	0.340449	-0.931639	-0.127052	0.927760	0.354804	-0.115655
36208	9.564843	-2.162205	-4.777411	-0.839059	-1.261505	-0.273530	0.163595	-0.071479	0.983935	0.333083	-0.934802	-0.123290	0.928597	0.347902	-0.129120
36209	8.820493	-3.834809	-6.374758	-0.454058	-1.222559	-0.296469	0.173921	-0.064456	0.982648	0.329348	-0.936587	-0.119727	0.928053	0.344456	-0.141664
36210	9.301009	-0.298712	-5.952987	0.130239	-1.213679	-0.310352	0.184124	-0.057323	0.981230	0.331100	-0.936335	-0.116830	0.925457	0.346397	-0.153422
36211	9.610738	1.971631	-6.122115	-0.290290	-1.064666	-0.267914	0.193053	-0.051117	0.979856	0.328900	-0.937494	-0.113708	0.924422	0.344227	-0.164173
36212	9.469765	-0.940874	-7.020010	-0.543602	-0.950970	-0.231409	0.201067	-0.045659	0.978513	0.324322	-0.939473	-0.110480	0.924331	0.339567	-0.174089
36213	10.034322	-1.944849	-6.157188	-0.316289	-0.845836	-0.219446	0.208149	-0.040710	0.977250	0.321831	-0.940648	-0.107733	0.923634	0.336933	-0.182693
36214	9.876608	-0.521870	-5.241514	-0.109618	-0.764850	-0.208451	0.214518	-0.036139	0.976051	0.321251	-0.941105	-0.105450	0.922377	0.336178	-0.190274
36215	9.837320	1.531608	-4.078551	-0.348838	-0.660139	-0.156227	0.220089	-0.032431	0.974941	0.318363	-0.942333	-0.103216	0.922066	0.333101	-0.197072
36216	9.451565	1.359867	-3.583598	-0.754128	-0.539006	-0.092687	0.224750	-0.029745	0.973962	0.311603	-0.944855	-0.100761	0.923250	0.326135	-0.203088
