// General information: 
//  MT Manager version: 2022.2.0 
//  XDA version: 2022.2.0 build 7381 rev 124627 built on 2023-07-19
// Device information: 
//  DeviceId: 00B4CAF0
//  ProductCode: MTW2-3A7G6
//  Firmware Version: 4.6.0
//  Hardware Version: 2.0.0
// Device settings: 
//  Filter Profile: human(46.1)
//  Option Flags: Orientation Smoother Disabled, Position/Velocity Smoother Disabled, Continuous Zero Rotation Update Disabled, AHS Disabled, ICC Disabled
// Coordinate system: ENU
PacketCounter	Acc_X	Acc_Y	Acc_Z	Gyr_X	Gyr_Y	Gyr_Z	Mat[1][1]	Mat[2][1]	Mat[3][1]	Mat[1][2]	Mat[2][2]	Mat[3][2]	Mat[1][3]	Mat[2][3]	Mat[3][3]
55766	5.141879	2.187386	8.521786	0.005380	0.006510	0.007010	0.770941	0.376885	0.513428	-0.536697	0.818475	0.205075	-0.342938	-0.433656	0.833268
55767	5.167907	2.178465	8.542573	0.002924	0.002036	0.009591	0.770913	0.376950	0.513422	-0.536761	0.818433	0.205071	-0.342900	-0.433677	0.833273
55768	5.150215	2.237919	8.504067	0.003870	0.004311	0.010958	0.770856	0.377038	0.513443	-0.536852	0.818383	0.205034	-0.342887	-0.433694	0.833269
55769	5.146680	2.153747	8.530249	0.006150	0.003759	0.012208	0.770810	0.377151	0.513429	-0.536972	0.818300	0.205054	-0.342802	-0.433754	0.833273
55770	5.166593	2.182256	8.488468	0.004395	0.004781	0.014269	0.770737	0.377268	0.513453	-0.537089	0.818235	0.205005	-0.342783	-0.433774	0.833270
55771	5.167458	2.177461	8.543101	0.002537	0.007139	0.011073	0.770759	0.377283	0.513408	-0.537069	0.818256	0.204976	-0.342765	-0.433722	0.833305
55772	5.184796	2.166251	8.487332	0.005644	0.006743	0.008664	0.770723	0.377363	0.513404	-0.537147	0.818207	0.204966	-0.342724	-0.433745	0.833310
55773	5.140532	2.186097	8.522929	0.004555	0.006351	0.010667	0.770728	0.377408	0.513364	-0.537169	0.818195	0.204957	-0.342679	-0.433728	0.833337
55774	5.165091	2.181577	8.489557	0.004995	0.011612	0.008490	0.770708	0.377508	0.513319	-0.537244	0.818149	0.204942	-0.342604	-0.433728	0.833368
55775	5.171884	2.188079	8.512258	0.002013	0.006669	0.007759	0.770713	0.377572	0.513265	-0.537265	0.818145	0.204900	-0.342561	-0.433679	0.833412
55776	5.157814	2.170242	8.522309	0.004292	0.006116	0.009010	0.770672	0.377653	0.513267	-0.537342	0.818101	0.204877	-0.342532	-0.433693	0.833416
55777	5.178392	2.194574	8.535132	0.005138	0.009728	0.005119	0.770697	0.377704	0.513191	-0.537379	0.818062	0.204935	-0.342418	-0.433721	0.833448
55778	5.145208	2.192440	8.546942	0.004311	0.009571	0.008778	0.770670	0.377797	0.513164	-0.537454	0.818018	0.204913	-0.342362	-0.433723	0.833470
55779	5.144634	2.192418	8.547293	0.004715	0.007921	0.007064	0.770699	0.377818	0.513105	-0.537451	0.818015	0.204933	-0.342301	-0.433710	0.833502
55780	5.144225	2.192386	8.547548	0.002417	0.005020	0.006044	0.770671	0.377869	0.513110	-0.537498	0.817990	0.204909	-0.342290	-0.433713	0.833505
55781	5.183836	2.201045	8.558656	0.002679	0.005255	0.007700	0.770704	0.377847	0.513076	-0.537457	0.818016	0.204912	-0.342279	-0.433683	0.833525
55782	5.136257	2.185520	8.525654	0.002156	0.004785	0.004388	0.770684	0.377883	0.513080	-0.537491	0.817999	0.204895	-0.342272	-0.433685	0.833527
55783	5.135983	2.185381	8.525854	0.001066	0.004394	0.006391	0.770713	0.377857	0.513055	-0.537462	0.818010	0.204926	-0.342251	-0.433687	0.833535
55784	5.175690	2.194188	8.536870	0.004578	0.002347	0.002271	0.770696	0.377865	0.513075	-0.537487	0.817990	0.204940	-0.342250	-0.433718	0.833519
55785	5.161781	2.176513	8.546774	0.001327	0.004629	0.008046	0.770704	0.377892	0.513043	-0.537489	0.817994	0.204917	-0.342230	-0.433685	0.833544
55786	5.160500	2.180713	8.492571	0.000543	0.003924	0.003079	0.770688	0.377913	0.513051	-0.537506	0.817989	0.204893	-0.342238	-0.433677	0.833545
55787	5.153754	2.169511	8.524951	0.001086	0.007848	0.006157	0.770703	0.377954	0.512998	-0.537541	0.817954	0.204942	-0.342151	-0.433707	0.833566
55788	5.166968	2.187072	8.515501	0.002841	0.006825	0.004098	0.770691	0.377997	0.512984	-0.537574	0.817935	0.204932	-0.342124	-0.433706	0.833577
55789	5.186112	2.167268	8.568677	0.004213	0.010905	0.003518	0.770723	0.378037	0.512907	-0.537626	0.817869	0.205058	-0.341971	-0.433795	0.833593
55790	5.154202	2.209442	8.540176	0.002580	0.006590	0.002442	0.770720	0.378065	0.512891	-0.537645	0.817857	0.205055	-0.341948	-0.433793	0.833604
55791	5.158608	2.176351	8.548730	0.002861	0.010279	0.003864	0.770764	0.378080	0.512814	-0.537648	0.817837	0.205128	-0.341843	-0.433818	0.833633
55792	5.164357	2.187350	8.517014	0.001490	0.006199	0.004444	0.770749	0.378122	0.512806	-0.537679	0.817822	0.205105	-0.341829	-0.433809	0.833644
55793	5.131166	2.185334	8.528767	0.003430	0.010200	-0.001449	0.770815	0.378113	0.512712	-0.537646	0.817827	0.205173	-0.341731	-0.433808	0.833685
55794	5.170206	2.194349	8.540152	0.002600	0.010044	0.002208	0.770825	0.378154	0.512667	-0.537664	0.817815	0.205171	-0.341681	-0.433794	0.833713
55795	5.130610	2.181212	8.584034	0.000302	0.007143	0.001189	0.770881	0.378122	0.512607	-0.537611	0.817841	0.205207	-0.341638	-0.433773	0.833741
55796	5.142650	2.203330	8.520255	0.002339	0.009809	0.000552	0.770899	0.378149	0.512561	-0.537615	0.817837	0.205211	-0.341591	-0.433758	0.833769
55797	5.153403	2.181357	8.496713	0.002319	0.006354	0.000785	0.770957	0.378115	0.512498	-0.537545	0.817883	0.205212	-0.341569	-0.433701	0.833807
55798	5.141439	2.203492	8.520944	0.000823	0.007613	0.004499	0.770947	0.378164	0.512478	-0.537575	0.817871	0.205184	-0.341548	-0.433681	0.833826
55799	5.155571	2.216688	8.565944	0.001914	0.008003	0.002497	0.770990	0.378166	0.512412	-0.537556	0.817874	0.205222	-0.341480	-0.433674	0.833857
55800	5.133916	2.192246	8.553780	-0.000268	0.007222	0.006501	0.770967	0.378229	0.512399	-0.537597	0.817859	0.205174	-0.341467	-0.433647	0.833877
55801	5.159576	2.183204	8.574841	0.002841	0.006824	0.004096	0.771002	0.378227	0.512347	-0.537584	0.817857	0.205218	-0.341408	-0.433653	0.833898
55802	5.140445	2.198576	8.576668	-0.000549	0.003533	0.005079	0.770975	0.378263	0.512363	-0.537612	0.817848	0.205175	-0.341425	-0.433637	0.833899
55803	5.144230	2.169566	8.530687	-0.000124	0.005338	0.003133	0.770994	0.378276	0.512324	-0.537624	0.817829	0.205221	-0.341364	-0.433662	0.833911
55804	5.151393	2.176050	8.553156	0.002394	0.001565	0.006276	0.770953	0.378313	0.512358	-0.537672	0.817804	0.205197	-0.341380	-0.433678	0.833896
55805	5.171454	2.204309	8.511448	-0.003658	0.003932	0.007482	0.770951	0.378346	0.512336	-0.537681	0.817807	0.205161	-0.341370	-0.433642	0.833919
55806	5.150168	2.179530	8.499144	-0.000549	0.003533	0.005078	0.770924	0.378382	0.512351	-0.537709	0.817799	0.205118	-0.341387	-0.433627	0.833920
55807	5.157331	2.186012	8.521613	0.002820	0.003369	0.004330	0.770919	0.378434	0.512320	-0.537745	0.817777	0.205111	-0.341342	-0.433622	0.833941
55808	5.169364	2.159370	8.552360	-0.000788	0.006752	0.003189	0.770912	0.378469	0.512304	-0.537758	0.817777	0.205077	-0.341336	-0.433592	0.833959
55809	5.119070	2.216669	8.525292	-0.000549	0.003533	0.005078	0.770916	0.378502	0.512274	-0.537761	0.817785	0.205037	-0.341323	-0.433547	0.833988
55810	5.163607	2.192058	8.544731	0.000564	0.007377	0.002842	0.770913	0.378537	0.512252	-0.537777	0.817781	0.205015	-0.341304	-0.433526	0.834006
55811	5.142021	2.167652	8.532506	-0.000123	0.005338	0.003132	0.770956	0.378506	0.512211	-0.537728	0.817808	0.205033	-0.341284	-0.433502	0.834027
55812	5.155243	2.185131	8.523103	-0.000101	0.008792	0.002898	0.770958	0.378546	0.512178	-0.537742	0.817806	0.205006	-0.341258	-0.433470	0.834054
55813	5.140924	2.167357	8.533242	0.001489	0.006197	0.004441	0.770982	0.378564	0.512128	-0.537737	0.817807	0.205013	-0.341212	-0.433452	0.834083
55814	5.147807	2.173845	8.555876	-0.002921	0.005423	-0.001432	0.770996	0.378555	0.512114	-0.537707	0.817834	0.204984	-0.341227	-0.433409	0.834099
55815	5.140021	2.166882	8.533906	-0.003493	0.005502	0.003879	0.771013	0.378567	0.512080	-0.537714	0.817821	0.205016	-0.341177	-0.433423	0.834112
55816	5.146076	2.177532	8.502134	-0.001735	0.004478	0.001822	0.771007	0.378580	0.512080	-0.537714	0.817831	0.204981	-0.341193	-0.433394	0.834121
55817	5.166753	2.201431	8.515047	-0.004418	0.006682	0.002280	0.771057	0.378556	0.512022	-0.537640	0.817888	0.204942	-0.341195	-0.433306	0.834166
55818	5.138644	2.165784	8.535015	-0.001713	0.007932	0.001588	0.771063	0.378582	0.511993	-0.537638	0.817898	0.204908	-0.341184	-0.433264	0.834192
55819	5.140508	2.205269	8.549503	-0.003088	0.003853	0.002168	0.771109	0.378525	0.511967	-0.537573	0.817935	0.204932	-0.341184	-0.433244	0.834202
55820	5.151584	2.182756	8.525923	-0.002141	0.006127	0.003533	0.771099	0.378559	0.511957	-0.537584	0.817940	0.204884	-0.341189	-0.433206	0.834220
55821	5.132368	2.197883	8.527858	-0.001881	0.006361	0.005188	0.771084	0.378645	0.511916	-0.537665	0.817879	0.204916	-0.341095	-0.433247	0.834237
55822	5.169577	2.166403	8.525040	-0.002828	0.004087	0.003823	0.771065	0.378672	0.511924	-0.537676	0.817885	0.204861	-0.341120	-0.433210	0.834246
55823	5.131644	2.196981	8.528527	-0.006290	0.005588	-0.000687	0.771127	0.378610	0.511876	-0.537587	0.817942	0.204868	-0.341120	-0.433157	0.834273
55824	5.176232	2.172048	8.548027	-0.001643	0.003141	0.007078	0.771088	0.378660	0.511898	-0.537627	0.817931	0.204807	-0.341146	-0.433134	0.834275
55825	5.111108	2.167330	8.570809	-0.004722	-0.000460	0.001092	0.771165	0.378503	0.511899	-0.537445	0.818061	0.204768	-0.341259	-0.433027	0.834284
55826	5.112725	2.210961	8.530580	-0.006762	-0.003124	0.001727	0.771133	0.378482	0.511962	-0.537426	0.818092	0.204691	-0.341361	-0.432986	0.834264
55827	5.054240	2.168286	8.615614	-0.012996	-0.013234	-0.001390	0.771153	0.378303	0.512065	-0.537259	0.818222	0.204609	-0.341579	-0.432897	0.834221
55828	5.023183	2.165017	8.626360	-0.020009	-0.024046	-0.009474	0.771109	0.378099	0.512280	-0.537109	0.818353	0.204479	-0.341913	-0.432826	0.834120
55829	4.868299	2.291943	8.879249	-0.029982	-0.051498	-0.012341	0.771028	0.377738	0.512670	-0.536850	0.818578	0.204261	-0.342503	-0.432718	0.833935
55830	4.873389	2.469913	8.956813	-0.052201	-0.113558	-0.005007	0.770653	0.377184	0.513640	-0.536623	0.818831	0.203840	-0.343700	-0.432721	0.833440
55831	4.857900	2.386255	9.010439	-0.028370	-0.178042	0.024905	0.769954	0.376528	0.515167	-0.536626	0.818917	0.203491	-0.345258	-0.433131	0.832583
55832	4.940264	2.459115	8.983900	-0.021772	-0.243562	0.060405	0.768775	0.375945	0.517350	-0.537006	0.818793	0.202987	-0.347290	-0.433871	0.831352
55833	5.176930	2.282695	8.656157	-0.029663	-0.290793	0.085797	0.767381	0.375241	0.519924	-0.537387	0.818720	0.202267	-0.349773	-0.434616	0.829920
55834	5.296438	2.250895	8.483493	-0.026094	-0.300136	0.104369	0.765754	0.374768	0.522656	-0.538086	0.818452	0.201495	-0.352255	-0.435530	0.828390
55835	5.397165	2.096781	8.191565	-0.040682	-0.272530	0.105793	0.764333	0.374218	0.525124	-0.538531	0.818365	0.200656	-0.354654	-0.436164	0.827032
55836	5.469502	1.986154	8.244944	-0.030886	-0.242450	0.098035	0.762930	0.373940	0.527358	-0.539160	0.818143	0.199874	-0.356713	-0.436820	0.825799
55837	5.458343	2.088888	8.265529	-0.032642	-0.210580	0.096376	0.761759	0.373612	0.529280	-0.539564	0.818065	0.199099	-0.358599	-0.437246	0.824756
55838	5.458260	2.096373	8.257302	-0.037173	-0.190320	0.096110	0.760544	0.373543	0.531073	-0.540152	0.817877	0.198272	-0.360289	-0.437655	0.823802
55839	5.455325	2.059642	8.290542	-0.034126	-0.163300	0.090248	0.759506	0.373470	0.532607	-0.540675	0.817685	0.197640	-0.361692	-0.438076	0.822963
55840	5.442839	2.061477	8.263018	-0.031885	-0.133486	0.079263	0.758581	0.373511	0.533895	-0.541151	0.817538	0.196944	-0.362919	-0.438316	0.822295
55841	5.372851	2.018034	8.377614	-0.022738	-0.114168	0.069018	0.757838	0.373482	0.534970	-0.541519	0.817413	0.196449	-0.363921	-0.438573	0.821714
55842	5.310379	2.026359	8.475166	-0.025553	-0.104200	0.055234	0.757147	0.373454	0.535967	-0.541834	0.817329	0.195933	-0.364890	-0.438755	0.821188
55843	5.295046	1.981536	8.544689	-0.033995	-0.102285	0.038062	0.756643	0.373167	0.536877	-0.541845	0.817431	0.195474	-0.365916	-0.438808	0.820703
55844	5.141129	2.019693	8.748043	-0.043272	-0.116271	0.021982	0.756086	0.372814	0.537907	-0.541843	0.817549	0.194990	-0.367071	-0.438890	0.820143
55845	5.009403	2.130372	8.868650	-0.059933	-0.147177	0.013776	0.755504	0.372212	0.539140	-0.541679	0.817778	0.194483	-0.368508	-0.438973	0.819454
55846	5.014646	2.213833	8.947057	-0.084523	-0.185589	0.000910	0.754801	0.371382	0.540695	-0.541362	0.818155	0.193775	-0.370408	-0.438974	0.818597
55847	4.936350	2.199839	8.976016	-0.104323	-0.223073	-0.004558	0.754077	0.370204	0.542511	-0.540793	0.818713	0.193008	-0.372708	-0.438929	0.817576
55848	4.909216	2.175531	8.934840	-0.122660	-0.258372	-0.014029	0.753174	0.368932	0.544627	-0.540218	0.819313	0.192072	-0.375359	-0.438881	0.816388
55849	4.896401	2.285243	8.849636	-0.138650	-0.278527	-0.019727	0.752321	0.367367	0.546859	-0.539377	0.820091	0.191110	-0.378267	-0.438740	0.815121
55850	4.765416	2.319457	8.830586	-0.161352	-0.276154	-0.030169	0.751422	0.365884	0.549084	-0.538526	0.820919	0.189951	-0.381253	-0.438430	0.813895
55851	4.510435	2.260546	8.723893	-0.166209	-0.258475	-0.043959	0.750714	0.364312	0.551094	-0.537492	0.821841	0.188891	-0.384096	-0.438012	0.812783
55852	4.219825	2.296281	8.740662	-0.161046	-0.215572	-0.066552	0.750228	0.362798	0.552753	-0.536361	0.822797	0.187940	-0.386619	-0.437472	0.811876
55853	3.983229	2.326155	8.767231	-0.143441	-0.156314	-0.091135	0.750226	0.361142	0.553839	-0.534889	0.823896	0.187318	-0.388657	-0.436773	0.811280
55854	3.736886	2.458794	8.851060	-0.128719	-0.086436	-0.120611	0.750521	0.359747	0.554347	-0.533471	0.824903	0.186932	-0.390034	-0.436025	0.811022
55855	3.553674	2.535831	8.872866	-0.117449	-0.002202	-0.142878	0.751382	0.358363	0.554077	-0.531724	0.826062	0.186793	-0.390762	-0.434969	0.811238
55856	3.361162	2.552366	9.023217	-0.098500	0.082145	-0.168752	0.752586	0.357301	0.553128	-0.530058	0.827103	0.186918	-0.390708	-0.433862	0.811857
55857	3.360374	2.590095	9.120863	-0.087345	0.166380	-0.191003	0.754456	0.356024	0.551400	-0.527833	0.828436	0.187311	-0.390113	-0.432365	0.812940
55858	3.452684	2.603275	9.189907	-0.074347	0.241222	-0.209898	0.756489	0.355301	0.549077	-0.525945	0.829514	0.187851	-0.388723	-0.430891	0.814387
55859	3.609487	2.562370	9.196414	-0.065677	0.301608	-0.232418	0.759088	0.354244	0.546165	-0.523514	0.830856	0.188712	-0.386934	-0.429174	0.816144
55860	3.889975	2.488501	9.194564	-0.064831	0.340969	-0.250472	0.761700	0.353597	0.542938	-0.521346	0.832030	0.189536	-0.384722	-0.427429	0.818104
55861	4.073496	2.447990	9.248426	-0.071179	0.373630	-0.261388	0.764624	0.352785	0.539345	-0.518831	0.833400	0.190416	-0.382315	-0.425425	0.820274
55862	4.292246	2.400876	9.159187	-0.081758	0.381431	-0.275435	0.767492	0.352081	0.535719	-0.516396	0.834729	0.191215	-0.379857	-0.423399	0.822461
55863	4.315163	2.411008	9.152914	-0.080817	0.376046	-0.282912	0.770593	0.350869	0.532050	-0.513467	0.836318	0.192154	-0.377542	-0.421263	0.824621
55864	4.551395	2.378384	9.110913	-0.096960	0.360209	-0.296324	0.773455	0.349877	0.528539	-0.510801	0.837775	0.192915	-0.375300	-0.419189	0.826699
55865	4.646877	2.382944	9.189279	-0.107777	0.316457	-0.293903	0.776320	0.348376	0.525320	-0.507769	0.839436	0.193696	-0.373494	-0.417111	0.828565
55866	4.635022	2.343402	9.156599	-0.122105	0.288546	-0.287936	0.778843	0.347131	0.522402	-0.505061	0.840956	0.194181	-0.371910	-0.415081	0.830295
55867	4.603147	2.344750	9.172319	-0.132647	0.262821	-0.275947	0.781421	0.345444	0.519662	-0.502020	0.842644	0.194747	-0.370616	-0.413060	0.831880
55868	4.390864	2.348939	9.193681	-0.135990	0.247726	-0.262613	0.783643	0.344224	0.517121	-0.499447	0.844122	0.194966	-0.369401	-0.411058	0.833411
55869	4.088849	2.307769	9.255526	-0.131106	0.244147	-0.241228	0.785912	0.342827	0.514599	-0.496810	0.845570	0.195425	-0.368133	-0.409245	0.834863
55870	3.781943	2.337928	9.324071	-0.108403	0.256903	-0.212413	0.787899	0.342051	0.512070	-0.494725	0.846752	0.195600	-0.366691	-0.407447	0.836376
55871	3.447144	2.415385	9.386919	-0.094416	0.300104	-0.184961	0.790055	0.341404	0.509173	-0.492716	0.847818	0.196050	-0.364754	-0.405767	0.838038
55872	3.028568	2.466456	9.481447	-0.074459	0.380922	-0.162607	0.792230	0.341539	0.505691	-0.491141	0.848687	0.196241	-0.362149	-0.403834	0.840099
55873	2.613695	2.451377	9.589113	-0.044690	0.478701	-0.143463	0.794830	0.341911	0.501340	-0.489546	0.849482	0.196789	-0.358595	-0.401843	0.842575
55874	2.319372	2.447185	9.704915	0.000767	0.582009	-0.135229	0.797556	0.343067	0.496195	-0.488454	0.849954	0.197461	-0.354001	-0.399854	0.845459
55875	2.164503	2.480387	9.843580	0.050201	0.687145	-0.128280	0.800701	0.344554	0.490062	-0.487467	0.850238	0.198673	-0.348216	-0.397966	0.848745
55876	2.440739	2.404775	10.067191	0.099318	0.780222	-0.143627	0.804083	0.346402	0.483173	-0.486639	0.850353	0.200207	-0.341515	-0.396114	0.852327
55877	3.019847	2.265305	10.410995	0.239792	0.903233	-0.251499	0.808446	0.347720	0.474874	-0.485295	0.850327	0.203548	-0.333021	-0.395012	0.856191
55878	3.025366	2.806678	10.158950	0.385262	0.976652	-0.375226	0.813462	0.348358	0.465754	-0.483499	0.850124	0.208609	-0.323278	-0.394887	0.859974
55879	3.980092	5.663336	11.100548	0.256652	0.986670	-0.350223	0.818388	0.349165	0.456426	-0.481332	0.850390	0.212499	-0.313943	-0.393599	0.864013
55880	3.684358	4.781887	10.675479	-0.209476	1.077191	-0.300061	0.823161	0.350791	0.446488	-0.478202	0.852272	0.212028	-0.306151	-0.388045	0.869306
55881	2.875600	2.543434	9.944814	-0.265691	1.047785	-0.339413	0.828044	0.351817	0.436541	-0.474460	0.854546	0.211276	-0.298714	-0.382067	0.874525
55882	2.636262	1.852293	9.806438	-0.162975	0.902510	-0.319955	0.832217	0.352479	0.427987	-0.471305	0.856305	0.211220	-0.292037	-0.377493	0.878757
55883	2.629859	2.370990	9.849977	-0.116544	0.688885	-0.255709	0.835512	0.352761	0.421284	-0.468696	0.857705	0.211345	-0.286783	-0.374035	0.881960
55884	2.586747	2.186453	9.628674	-0.134258	0.475053	-0.200033	0.837797	0.352785	0.416701	-0.466622	0.858923	0.210987	-0.283481	-0.371206	0.884220
55885	2.124061	1.252087	8.456739	-0.301425	0.203269	-0.082548	0.838857	0.352710	0.414625	-0.464932	0.860390	0.208728	-0.283119	-0.367865	0.885731
55886	3.143740	1.116594	8.903511	0.086272	-0.164072	-0.105677	0.838878	0.351167	0.415891	-0.464272	0.860456	0.209920	-0.284139	-0.369184	0.884855
55887	3.965093	0.906980	9.488153	0.189557	-0.232464	-0.147283	0.839001	0.348921	0.417530	-0.463430	0.860333	0.212273	-0.285149	-0.371593	0.883521
55888	4.206272	2.087355	9.733984	0.240592	-0.250243	-0.240220	0.839393	0.345892	0.419260	-0.462083	0.860282	0.215391	-0.286180	-0.374531	0.881946
55889	4.148228	2.273636	9.356114	0.215159	-0.265103	-0.322360	0.840219	0.342005	0.420791	-0.459847	0.860645	0.218702	-0.287355	-0.377257	0.880400
55890	4.134592	2.222267	9.241277	0.163830	-0.274533	-0.405860	0.841283	0.337442	0.422346	-0.456889	0.861416	0.221843	-0.288956	-0.379598	0.878868
55891	4.186846	2.140074	9.017831	0.132023	-0.289057	-0.482041	0.842737	0.332070	0.423702	-0.453066	0.862590	0.225101	-0.290732	-0.381666	0.877386
55892	4.467744	2.349826	8.817425	0.091599	-0.286141	-0.544372	0.844352	0.326246	0.425010	-0.448722	0.864044	0.228204	-0.292777	-0.383396	0.875951
55893	4.621912	2.555579	8.566531	0.013935	-0.261831	-0.573924	0.846241	0.320160	0.425881	-0.443765	0.865906	0.230824	-0.294872	-0.384324	0.874840
55894	4.671409	2.563273	8.369662	-0.079433	-0.220500	-0.570409	0.848099	0.314338	0.426520	-0.438679	0.868033	0.232551	-0.297134	-0.384332	0.874071
55895	4.838179	2.562347	8.358658	-0.183877	-0.173468	-0.551163	0.850079	0.308765	0.426650	-0.433305	0.870514	0.233350	-0.299355	-0.383235	0.873795
55896	5.029709	2.473161	8.135754	-0.280008	-0.100439	-0.503711	0.851941	0.303960	0.426386	-0.428158	0.873140	0.233041	-0.301460	-0.381098	0.874006
55897	5.338288	2.506734	8.192115	-0.372101	-0.003749	-0.428748	0.853844	0.300082	0.425324	-0.423234	0.875902	0.231666	-0.303023	-0.377818	0.874889
55898	5.902664	2.528522	8.356764	-0.489410	0.126969	-0.348376	0.855691	0.297473	0.423443	-0.418751	0.878792	0.228849	-0.304042	-0.373141	0.876541
55899	6.850075	2.343284	8.506384	-0.578490	0.320521	-0.269347	0.857871	0.296177	0.419924	-0.414548	0.881785	0.224956	-0.303656	-0.367062	0.879238
55900	8.595502	3.170279	8.951799	-0.792653	0.452421	-0.015723	0.859303	0.297650	0.415936	-0.411988	0.884720	0.218028	-0.303091	-0.358713	0.882871
55901	8.790958	-1.131497	4.535154	-0.598914	0.298694	0.381322	0.858711	0.301983	0.414030	-0.413323	0.885754	0.211197	-0.302951	-0.352485	0.885423
55902	11.790350	-3.816257	4.137071	-0.614850	0.156307	0.943906	0.855249	0.310858	0.414628	-0.419525	0.885023	0.201826	-0.304216	-0.346558	0.887327
55903	14.053734	-2.546641	0.243459	0.665199	-0.226507	0.756150	0.851416	0.316654	0.418117	-0.427898	0.880364	0.204605	-0.303306	-0.353115	0.885051
55904	19.346147	2.313202	4.952959	0.604487	-0.407840	0.781232	0.846795	0.322031	0.423360	-0.436348	0.875726	0.206649	-0.304200	-0.359722	0.882079
55905	20.126397	4.034299	7.193478	0.286984	0.175379	0.555331	0.844916	0.327459	0.422951	-0.441854	0.872914	0.206849	-0.301465	-0.361653	0.882228
55906	11.320083	3.604097	5.620876	0.128980	0.554170	0.081141	0.846208	0.330139	0.418257	-0.442906	0.872193	0.207637	-0.296252	-0.360953	0.884278
55907	6.223597	4.066591	9.599834	0.225641	0.486232	-0.225009	0.848637	0.329890	0.413507	-0.441633	0.872133	0.210583	-0.291163	-0.361327	0.885814
55908	5.955457	3.184167	11.583196	0.107001	0.690312	-0.297425	0.851931	0.329755	0.406787	-0.439392	0.872740	0.212742	-0.284866	-0.359980	0.888406
55909	5.082536	4.019714	11.504378	-0.002319	0.781287	-0.263966	0.855291	0.330211	0.399296	-0.437105	0.873630	0.213800	-0.278238	-0.357396	0.891545
55910	2.054494	1.985544	8.384407	-0.128403	0.778228	-0.220926	0.858392	0.331018	0.391907	-0.434839	0.874829	0.213516	-0.272174	-0.353697	0.894885
55911	-0.695279	1.231350	5.913615	-0.087590	0.534262	-0.190745	0.860668	0.331188	0.386736	-0.432933	0.875780	0.213490	-0.267990	-0.351175	0.897139
55912	-1.439722	1.418115	5.958054	-0.036666	0.131105	-0.101861	0.861456	0.330726	0.385375	-0.431938	0.876258	0.213544	-0.267064	-0.350417	0.897711
55913	-1.363556	1.620443	6.557539	-0.059708	-0.205428	0.000096	0.860917	0.329958	0.387232	-0.431741	0.876482	0.213026	-0.269112	-0.350582	0.897035
55914	-1.362211	1.623804	6.540522	-0.086669	-0.550234	0.114957	0.858922	0.329005	0.392440	-0.432474	0.876419	0.211791	-0.274262	-0.351632	0.895062
55915	-0.505923	1.464250	6.497951	-0.107347	-0.917145	0.225394	0.855412	0.327690	0.401110	-0.434058	0.876077	0.209960	-0.282602	-0.353707	0.891643
55916	5.885416	2.084148	8.738180	-0.118712	-1.400737	0.317351	0.849980	0.325460	0.414258	-0.436401	0.875475	0.207601	-0.295107	-0.357239	0.886167
55917	17.891883	7.534360	18.662349	0.056328	-0.858091	0.055049	0.847199	0.322806	0.421960	-0.436986	0.875114	0.207892	-0.302154	-0.360516	0.882457
55918	7.889595	0.294689	9.990365	-0.270421	0.509413	-0.070023	0.849031	0.323989	0.417346	-0.435559	0.876322	0.205786	-0.299057	-0.356497	0.885141
55919	2.063906	-1.383168	6.384811	-0.092519	0.155578	-0.023865	0.849609	0.324286	0.415936	-0.435044	0.876742	0.205085	-0.298162	-0.355193	0.885967
55920	5.120228	1.091010	10.857745	0.166162	-0.017358	-0.015853	0.849621	0.324056	0.416090	-0.435384	0.876214	0.206613	-0.297630	-0.356702	0.885539
55921	4.432104	2.846781	9.930377	0.006006	0.192017	-0.030836	0.850335	0.324424	0.414342	-0.435105	0.876307	0.206809	-0.295997	-0.356139	0.886313
55922	2.584028	3.183953	7.777269	0.008488	0.087581	-0.014866	0.850654	0.324576	0.413569	-0.434983	0.876337	0.206935	-0.295259	-0.355926	0.886645
55923	3.623012	3.215689	8.433959	-0.014916	-0.078724	0.015276	0.850365	0.324382	0.414312	-0.435032	0.876355	0.206757	-0.296017	-0.356058	0.886339
55924	4.527430	2.322984	9.329280	-0.052882	-0.042702	0.018896	0.850152	0.324366	0.414763	-0.435016	0.876495	0.206200	-0.296654	-0.355730	0.886258
55925	4.221055	1.561202	9.072685	-0.030296	-0.027463	0.014033	0.850021	0.324344	0.415050	-0.435008	0.876571	0.205891	-0.297041	-0.355562	0.886195
55926	4.348950	1.827485	9.182757	-0.011899	-0.033707	0.009684	0.849873	0.324279	0.415402	-0.435034	0.876594	0.205736	-0.297423	-0.355563	0.886067
55927	4.398513	2.287064	9.259165	-0.008096	-0.016291	0.004279	0.849817	0.324211	0.415569	-0.435010	0.876624	0.205664	-0.297620	-0.355553	0.886005
55928	4.203493	2.354610	9.024031	-0.010565	-0.008986	0.002405	0.849775	0.324170	0.415687	-0.434978	0.876666	0.205550	-0.297786	-0.355486	0.885976
55929	4.278548	2.201875	8.996397	-0.007031	-0.017228	0.007674	0.849701	0.324129	0.415870	-0.434986	0.876680	0.205473	-0.297986	-0.355488	0.885908
55930	4.270707	2.094783	9.102193	-0.008215	-0.012867	0.004048	0.849640	0.324089	0.416026	-0.434975	0.876709	0.205374	-0.298174	-0.355455	0.885858
55931	4.196422	2.070334	9.071827	-0.010277	-0.012197	0.004341	0.849596	0.324036	0.416158	-0.434945	0.876745	0.205282	-0.298346	-0.355412	0.885817
55932	4.200972	2.207041	9.035382	-0.006592	-0.015383	0.005711	0.849520	0.324002	0.416339	-0.434953	0.876763	0.205190	-0.298549	-0.355401	0.885753
55933	4.112186	2.248651	8.990918	-0.010209	-0.019262	0.003086	0.849460	0.323913	0.416531	-0.434912	0.876803	0.205104	-0.298780	-0.355382	0.885683
55934	4.131604	2.226381	9.043423	-0.012236	-0.034141	0.006246	0.849326	0.323817	0.416880	-0.434908	0.876839	0.204960	-0.299167	-0.355382	0.885552
55935	4.233907	2.195694	9.055143	-0.014381	-0.045595	0.009174	0.849160	0.323688	0.417317	-0.434906	0.876874	0.204812	-0.299639	-0.355412	0.885381
55936	4.201018	2.229043	9.000769	-0.007586	-0.045547	0.008033	0.848983	0.323567	0.417770	-0.434931	0.876888	0.204701	-0.300103	-0.355489	0.885193
55937	4.152530	2.235815	9.007714	-0.008394	-0.056309	0.010684	0.848779	0.323413	0.418305	-0.434960	0.876897	0.204600	-0.300640	-0.355606	0.884963
55938	4.190732	2.193913	9.034825	-0.008765	-0.065225	0.011372	0.848528	0.323251	0.418938	-0.435010	0.876904	0.204465	-0.301275	-0.355737	0.884695
55939	4.175021	2.161328	8.993286	-0.009743	-0.076203	0.012302	0.848255	0.323040	0.419652	-0.435048	0.876913	0.204345	-0.301987	-0.355906	0.884384
55940	4.217628	2.210383	9.021353	-0.012901	-0.083086	0.013302	0.847941	0.322831	0.420447	-0.435101	0.876928	0.204166	-0.302791	-0.356058	0.884048
55941	4.291065	2.173494	9.039141	-0.016903	-0.085177	0.014102	0.847633	0.322604	0.421243	-0.435133	0.876957	0.203975	-0.303609	-0.356192	0.883713
55942	4.354358	2.078158	9.048170	-0.014783	-0.082214	0.015270	0.847311	0.322415	0.422034	-0.435197	0.876973	0.203770	-0.304414	-0.356325	0.883383
55943	4.408864	2.053182	9.143931	-0.018328	-0.073967	0.010015	0.847053	0.322192	0.422722	-0.435189	0.877020	0.203584	-0.305143	-0.356411	0.883096
55944	4.418505	2.058852	9.087145	-0.011421	-0.066643	0.011828	0.846793	0.322028	0.423368	-0.435234	0.877035	0.203424	-0.305801	-0.356522	0.882824
55945	4.363985	2.144899	9.049333	-0.007044	-0.055644	0.010312	0.846588	0.321873	0.423895	-0.435263	0.877041	0.203335	-0.306326	-0.356647	0.882591
55946	4.354211	2.209827	9.033400	-0.006258	-0.053373	0.011766	0.846368	0.321755	0.424423	-0.435323	0.877038	0.203221	-0.306848	-0.356761	0.882364
55947	4.346248	2.189352	9.039018	-0.008004	-0.047427	0.009892	0.846189	0.321626	0.424877	-0.435346	0.877048	0.203126	-0.307307	-0.356851	0.882167
55948	4.378042	2.095193	9.080809	-0.005157	-0.045826	0.011044	0.845995	0.321529	0.425337	-0.435403	0.877044	0.203024	-0.307761	-0.356950	0.881969
55949	4.339435	2.076996	9.041078	-0.001686	-0.044380	0.005088	0.845846	0.321368	0.425754	-0.435404	0.877047	0.203005	-0.308167	-0.357086	0.881772
55950	4.336351	2.109680	9.032217	0.001753	-0.049212	0.010086	0.845645	0.321251	0.426241	-0.435474	0.877021	0.202968	-0.308619	-0.357256	0.881545
55951	4.429485	2.152138	9.051654	0.003339	-0.046882	0.006143	0.845484	0.321090	0.426683	-0.435501	0.877003	0.202989	-0.309024	-0.357444	0.881327
55952	4.294476	2.125277	8.983501	0.008012	-0.039096	0.006559	0.845329	0.320978	0.427073	-0.435560	0.876966	0.203022	-0.309363	-0.357637	0.881130
55953	4.235184	2.159036	9.038067	0.004792	-0.049620	0.006070	0.845159	0.320807	0.427538	-0.435591	0.876943	0.203056	-0.309785	-0.357846	0.880897
55954	4.310834	2.130104	9.079341	0.005755	-0.057847	0.006458	0.844946	0.320626	0.428094	-0.435642	0.876914	0.203069	-0.310293	-0.358079	0.880624
55955	4.336905	2.163320	9.038002	0.008300	-0.063744	0.002905	0.844746	0.320376	0.428677	-0.435657	0.876889	0.203148	-0.310818	-0.358364	0.880322
55956	4.368035	2.202641	9.019694	0.008183	-0.060318	0.002682	0.844541	0.320153	0.429246	-0.435684	0.876864	0.203199	-0.311335	-0.358625	0.880033
55957	4.335552	2.191674	9.002370	0.006308	-0.061654	-0.002174	0.844368	0.319866	0.429799	-0.435649	0.876862	0.203281	-0.311852	-0.358886	0.879744
55958	4.232493	2.209586	8.941556	0.003760	-0.064259	0.005446	0.844139	0.319653	0.430409	-0.435686	0.876843	0.203282	-0.312421	-0.359121	0.879446
55959	4.307314	2.219952	8.998137	0.008412	-0.080123	-0.006579	0.843927	0.319260	0.431115	-0.435621	0.876848	0.203402	-0.313084	-0.359459	0.879072
55960	4.273939	2.108754	9.109398	0.001500	-0.087460	-0.008411	0.843684	0.318842	0.431899	-0.435534	0.876882	0.203442	-0.313859	-0.359748	0.878678
55961	4.251623	2.111248	9.060144	-0.000335	-0.098094	-0.021433	0.843479	0.318254	0.432732	-0.435316	0.876965	0.203550	-0.314711	-0.360065	0.878243
55962	4.157183	2.126302	9.152411	-0.011332	-0.115606	-0.037671	0.843273	0.317476	0.433704	-0.434941	0.877138	0.203604	-0.315778	-0.360330	0.877751
55963	4.208087	2.276292	9.126021	-0.027711	-0.134070	-0.077489	0.843196	0.316266	0.434737	-0.434164	0.877497	0.203716	-0.317052	-0.360519	0.877214
55964	4.167320	2.552452	9.113720	-0.071527	-0.136342	-0.153978	0.843425	0.314392	0.435651	-0.432617	0.878253	0.203749	-0.318555	-0.360317	0.876752
55965	3.879490	2.545068	9.152908	-0.136472	-0.150405	-0.236620	0.843976	0.311723	0.436501	-0.430147	0.879499	0.203604	-0.320434	-0.359596	0.876363
55966	4.015256	2.151395	9.220568	-0.168308	-0.204037	-0.282325	0.844524	0.308475	0.437747	-0.427201	0.880992	0.203354	-0.322922	-0.358743	0.875799
55967	4.214263	1.987561	9.188060	-0.172296	-0.223641	-0.305430	0.845111	0.304931	0.439095	-0.424023	0.882560	0.203204	-0.325565	-0.357917	0.875159
55968	4.291361	1.944956	9.177347	-0.161406	-0.256636	-0.305793	0.845557	0.301282	0.440752	-0.420889	0.884077	0.203129	-0.328459	-0.357265	0.874343
55969	4.474117	2.066028	9.126014	-0.159346	-0.262542	-0.302782	0.845973	0.297616	0.442442	-0.417762	0.885566	0.203093	-0.331368	-0.356646	0.873498
55970	4.428287	2.114819	8.990737	-0.167085	-0.270403	-0.301433	0.846321	0.293950	0.444223	-0.414634	0.887065	0.202961	-0.334395	-0.355961	0.872624
55971	4.536677	2.256553	8.950880	-0.177812	-0.275040	-0.306822	0.846675	0.290199	0.446010	-0.411400	0.888608	0.202795	-0.337477	-0.355190	0.871751
55972	4.808250	1.918287	9.017771	-0.172420	-0.255633	-0.325390	0.847136	0.286367	0.447610	-0.408038	0.890170	0.202738	-0.340392	-0.354389	0.870943
55973	4.717922	1.820617	8.826551	-0.170739	-0.233759	-0.327477	0.847678	0.282573	0.448992	-0.404640	0.891720	0.202738	-0.343087	-0.353537	0.870232
55974	4.859298	1.986720	8.747368	-0.169240	-0.214987	-0.320446	0.848222	0.278924	0.450245	-0.401318	0.893229	0.202698	-0.345635	-0.352624	0.869593
55975	4.887600	2.203843	8.709457	-0.178514	-0.179589	-0.321138	0.848892	0.275372	0.451167	-0.397935	0.894761	0.202611	-0.347893	-0.351530	0.869136
55976	4.789303	2.223730	8.674454	-0.195113	-0.154269	-0.334095	0.849670	0.271808	0.451863	-0.394394	0.896371	0.202416	-0.350019	-0.350199	0.868819
55977	4.808696	2.204044	8.647406	-0.210070	-0.119082	-0.346095	0.850620	0.268239	0.452210	-0.390677	0.898052	0.202173	-0.351878	-0.348640	0.868696
55978	4.773852	2.224304	8.728009	-0.222015	-0.090800	-0.352953	0.851664	0.264720	0.452318	-0.386867	0.899776	0.201832	-0.353556	-0.346880	0.868719
55979	4.746285	2.228732	8.708224	-0.227602	-0.064191	-0.359117	0.852827	0.261216	0.452165	-0.382963	0.901520	0.201496	-0.355001	-0.345004	0.868877
55980	4.699397	2.197981	8.727997	-0.225526	-0.043128	-0.350357	0.854001	0.257876	0.451866	-0.379149	0.903217	0.201112	-0.356272	-0.343074	0.869121
55981	4.601771	2.249673	8.895302	-0.212918	-0.033192	-0.328659	0.855129	0.254744	0.451508	-0.375543	0.904799	0.200763	-0.357381	-0.341239	0.869388
55982	4.481835	2.278287	8.970216	-0.196755	-0.036984	-0.301508	0.856116	0.251857	0.451257	-0.372237	0.906244	0.200405	-0.358475	-0.339544	0.869601
55983	4.470826	2.153534	9.028730	-0.168678	-0.051120	-0.261660	0.856910	0.249264	0.451190	-0.369353	0.907482	0.200136	-0.359561	-0.338147	0.869697
55984	4.511676	2.072512	9.037830	-0.147717	-0.069544	-0.225568	0.857482	0.246951	0.451377	-0.366865	0.908551	0.199861	-0.360743	-0.336971	0.869664
55985	4.542085	2.125402	8.991666	-0.122976	-0.083758	-0.184914	0.857862	0.244941	0.451748	-0.364797	0.909431	0.199644	-0.361933	-0.336063	0.869521
55986	4.614996	2.101302	8.952728	-0.104395	-0.092971	-0.152242	0.858071	0.243213	0.452285	-0.363090	0.910164	0.199416	-0.363153	-0.335333	0.869294
55987	4.620912	2.171612	8.830501	-0.092113	-0.092056	-0.131360	0.858219	0.241661	0.452836	-0.361590	0.910802	0.199228	-0.364298	-0.334722	0.869050
55988	4.768822	2.132316	8.776426	-0.083330	-0.086155	-0.113605	0.858306	0.240308	0.453391	-0.360288	0.911366	0.199010	-0.365381	-0.334163	0.868811
55989	4.814699	2.125644	8.662474	-0.078587	-0.064761	-0.097530	0.858426	0.239156	0.453772	-0.359126	0.911873	0.198787	-0.366241	-0.333606	0.868663
55990	4.892364	2.160905	8.634582	-0.075871	-0.043199	-0.091822	0.858589	0.238144	0.453997	-0.358037	0.912356	0.198537	-0.366926	-0.333009	0.868602
55991	4.902900	2.189208	8.574047	-0.074668	-0.001005	-0.086679	0.858900	0.237303	0.453847	-0.356982	0.912820	0.198299	-0.367224	-0.332335	0.868735
55992	4.963550	2.204021	8.557029	-0.070741	0.037557	-0.078279	0.859309	0.236682	0.453398	-0.356027	0.913251	0.198031	-0.367196	-0.331592	0.869030
55993	4.910002	2.200616	8.650250	-0.067354	0.074020	-0.069685	0.859833	0.236245	0.452632	-0.355146	0.913649	0.197779	-0.366823	-0.330807	0.869487
55994	4.885594	2.268370	8.669595	-0.071396	0.113176	-0.063437	0.860464	0.236009	0.451555	-0.354316	0.914045	0.197436	-0.366145	-0.329880	0.870125
55995	4.958016	2.269896	8.656088	-0.080852	0.149094	-0.057889	0.861218	0.235926	0.450158	-0.353488	0.914458	0.197011	-0.365171	-0.328795	0.870944
55996	4.984772	2.294616	8.649660	-0.091329	0.192990	-0.061521	0.862130	0.235966	0.448388	-0.352602	0.914913	0.196483	-0.363873	-0.327497	0.871976
55997	4.969699	2.304599	8.632442	-0.113546	0.243748	-0.077774	0.863292	0.236006	0.446126	-0.351486	0.915476	0.195858	-0.362194	-0.325889	0.873276
55998	4.805306	2.286782	8.735000	-0.121969	0.301836	-0.113120	0.864770	0.235921	0.443299	-0.350046	0.916150	0.195286	-0.360056	-0.324053	0.874842
55999	4.429342	2.339527	8.895937	-0.145740	0.317215	-0.135085	0.866383	0.235664	0.440276	-0.348322	0.916948	0.194625	-0.357844	-0.321977	0.876515
56000	3.457148	1.840124	9.567304	-0.136364	0.323180	-0.123028	0.867955	0.235542	0.437235	-0.346746	0.917686	0.193959	-0.355558	-0.319957	0.878183
56001	3.159891	1.273136	9.940653	0.026249	0.025530	-0.020022	0.868119	0.235396	0.436988	-0.346632	0.917658	0.194295	-0.355269	-0.320146	0.878231
56002	4.329021	1.873114	9.624915	-0.028771	0.075894	-0.009094	0.868411	0.235525	0.436337	-0.346428	0.917782	0.194074	-0.354753	-0.319695	0.878604
56003	4.689986	1.926820	8.740545	-0.016427	0.002683	-0.002668	0.868435	0.235464	0.436323	-0.346311	0.917850	0.193958	-0.354809	-0.319543	0.878637
56004	4.599290	1.793412	8.893433	0.001199	0.062909	-0.015515	0.868703	0.235492	0.435773	-0.346158	0.917893	0.194028	-0.354301	-0.319399	0.878894
56005	4.373756	2.211901	8.852458	0.004187	0.055850	-0.012141	0.868948	0.235515	0.435274	-0.346033	0.917918	0.194134	-0.353824	-0.319311	0.879118
56006	4.436784	2.267820	8.955617	-0.002062	0.066523	-0.011545	0.869214	0.235591	0.434699	-0.345902	0.917962	0.194157	-0.353296	-0.319128	0.879397
56007	4.392100	2.147494	8.968194	-0.001759	0.070518	-0.006398	0.869490	0.235712	0.434082	-0.345806	0.917992	0.194186	-0.352712	-0.318951	0.879696
56008	4.416553	2.092914	9.027776	0.000134	0.069752	-0.008499	0.869757	0.235826	0.433485	-0.345710	0.918022	0.194216	-0.352147	-0.318780	0.879984
56009	4.383343	2.003919	8.979749	-0.000240	0.069368	-0.012025	0.870047	0.235892	0.432866	-0.345570	0.918061	0.194283	-0.351568	-0.318621	0.880273
56010	4.392565	2.030340	8.999288	0.001501	0.075841	-0.010831	0.870343	0.236004	0.432210	-0.345458	0.918092	0.194334	-0.350945	-0.318448	0.880584
56011	4.380306	2.068807	9.020884	0.004364	0.073930	-0.011250	0.870645	0.236092	0.431553	-0.345341	0.918114	0.194438	-0.350309	-0.318320	0.880884
56012	4.326600	2.141332	8.992700	0.001435	0.070496	-0.008818	0.870914	0.236205	0.430948	-0.345247	0.918141	0.194480	-0.349733	-0.318159	0.881171
56013	4.356952	2.102835	9.021881	0.006644	0.064585	-0.009447	0.871177	0.236279	0.430376	-0.345153	0.918151	0.194596	-0.349171	-0.318073	0.881424
56014	4.345717	2.098611	9.001337	0.005783	0.069533	-0.007745	0.871438	0.236399	0.429780	-0.345083	0.918161	0.194672	-0.348588	-0.317955	0.881698
56015	4.313286	2.106006	8.982743	0.003634	0.064767	-0.005381	0.871687	0.236511	0.429214	-0.345015	0.918172	0.194744	-0.348033	-0.317841	0.881958
56016	4.312758	2.068915	8.967084	0.005899	0.064381	-0.003962	0.871916	0.236649	0.428672	-0.344978	0.918173	0.194805	-0.347494	-0.317735	0.882208
56017	4.354432	2.051051	8.989274	0.002754	0.062285	-0.008735	0.872167	0.236722	0.428121	-0.344877	0.918194	0.194883	-0.346965	-0.317620	0.882459
56018	4.310571	2.123583	9.060689	0.007799	0.063613	-0.006065	0.872401	0.236838	0.427580	-0.344828	0.918194	0.194969	-0.346426	-0.317533	0.882702
56019	4.321116	2.107516	9.038009	0.007283	0.061515	-0.005892	0.872638	0.236935	0.427041	-0.344768	0.918194	0.195076	-0.345887	-0.317461	0.882939
56020	4.325894	2.075811	9.045498	0.005285	0.058465	-0.007222	0.872857	0.237024	0.426544	-0.344700	0.918205	0.195145	-0.345401	-0.317363	0.883164
56021	4.266969	2.079539	9.058486	0.007127	0.059794	-0.002216	0.873076	0.237149	0.426027	-0.344671	0.918197	0.195234	-0.344877	-0.317294	0.883394
56022	4.278064	2.063167	9.035649	0.001991	0.054651	-0.008308	0.873285	0.237215	0.425561	-0.344583	0.918221	0.195279	-0.344436	-0.317175	0.883609
56023	4.299989	2.110362	9.047416	0.004001	0.048746	-0.006575	0.873480	0.237265	0.425133	-0.344505	0.918233	0.195359	-0.344019	-0.317103	0.883797
56024	4.269441	2.117683	9.027804	0.005923	0.046459	-0.003202	0.873643	0.237353	0.424749	-0.344474	0.918232	0.195416	-0.343635	-0.317039	0.883969
56025	4.291381	2.111566	9.051221	0.003324	0.044933	-0.002704	0.873811	0.237426	0.424362	-0.344428	0.918237	0.195474	-0.343254	-0.316970	0.884142
56026	4.276513	2.091182	9.059859	0.002467	0.040933	-0.000580	0.873946	0.237520	0.424032	-0.344408	0.918241	0.195490	-0.342931	-0.316888	0.884297
56027	4.262511	2.124048	9.056442	0.003072	0.039409	-0.002407	0.874094	0.237578	0.423694	-0.344364	0.918246	0.195545	-0.342598	-0.316829	0.884447
56028	4.290566	2.079945	9.061360	0.000295	0.037694	-0.003664	0.874228	0.237634	0.423386	-0.344310	0.918264	0.195554	-0.342310	-0.316735	0.884592
56029	4.265834	2.092004	9.064702	0.002732	0.037503	-0.000472	0.874362	0.237704	0.423069	-0.344281	0.918266	0.195598	-0.341996	-0.316678	0.884734
56030	4.268930	2.107631	9.035907	-0.001598	0.029506	-0.001168	0.874460	0.237756	0.422839	-0.344242	0.918284	0.195580	-0.341786	-0.316586	0.884848
56031	4.260065	2.092161	9.067379	0.001785	0.029696	-0.001738	0.874572	0.237790	0.422588	-0.344200	0.918292	0.195620	-0.341543	-0.316538	0.884959
56032	4.231304	2.098852	9.047001	-0.003074	0.028553	-0.002679	0.874671	0.237825	0.422363	-0.344143	0.918318	0.195596	-0.341346	-0.316435	0.885072
56033	4.261231	2.107563	9.039557	-0.002369	0.021890	-0.000677	0.874752	0.237843	0.422183	-0.344094	0.918336	0.195595	-0.341185	-0.316368	0.885158
56034	4.269741	2.074937	9.045527	-0.000022	0.017893	-0.000870	0.874809	0.237861	0.422056	-0.344063	0.918349	0.195590	-0.341072	-0.316318	0.885219
56035	4.257984	2.107438	9.041116	-0.000882	0.013895	0.001261	0.874857	0.237872	0.421951	-0.344037	0.918358	0.195594	-0.340976	-0.316284	0.885268
