// General information: 
//  MT Manager version: 2022.2.0 
//  XDA version: 2022.2.0 build 7381 rev 124627 built on 2023-07-19
// Device information: 
//  DeviceId: 00B4CB9F
//  ProductCode: MTW2-3A7G6
//  Firmware Version: 4.6.0
//  Hardware Version: 2.0.0
// Device settings: 
//  Filter Profile: human(46.1)
//  Option Flags: Orientation Smoother Disabled, Position/Velocity Smoother Disabled, Continuous Zero Rotation Update Disabled, AHS Disabled, ICC Disabled
// Coordinate system: ENU
PacketCounter	Acc_X	Acc_Y	Acc_Z	Gyr_X	Gyr_Y	Gyr_Z	Mat[1][1]	Mat[2][1]	Mat[3][1]	Mat[1][2]	Mat[2][2]	Mat[3][2]	Mat[1][3]	Mat[2][3]	Mat[3][3]
28044	9.975590	-0.230251	-0.174295	-0.245774	0.005168	-0.075867	0.027796	0.093564	0.995225	-0.719712	0.692810	-0.045032	-0.693716	-0.715024	0.086596
28045	10.029803	-0.411566	-0.167644	-0.251584	-0.030250	-0.070931	0.028032	0.092845	0.995286	-0.717988	0.694627	-0.044576	-0.695491	-0.713353	0.086133
28046	9.885838	-0.658745	-0.067275	-0.237691	-0.042625	-0.065634	0.028145	0.092061	0.995356	-0.716414	0.696278	-0.044141	-0.697108	-0.711844	0.085550
28047	9.835104	-0.841551	0.129343	-0.198031	-0.065184	-0.065898	0.028098	0.091127	0.995443	-0.715056	0.697701	-0.043687	-0.698502	-0.710570	0.084765
28048	9.798818	-0.874535	0.357454	-0.112992	-0.059751	-0.070472	0.028119	0.090188	0.995528	-0.714252	0.698559	-0.043110	-0.699323	-0.709846	0.084060
28049	9.792371	-0.771842	0.789191	-0.017781	-0.049544	-0.065422	0.028176	0.089369	0.995600	-0.714152	0.698698	-0.042507	-0.699423	-0.709812	0.083510
28050	9.749628	-0.600141	1.067400	0.074248	-0.024429	-0.063563	0.028367	0.088735	0.995651	-0.714697	0.698181	-0.041862	-0.698859	-0.710401	0.083224
28051	9.707329	-0.296594	1.218251	0.133922	-0.005341	-0.061733	0.028707	0.088256	0.995684	-0.715657	0.697237	-0.041169	-0.697862	-0.711387	0.083177
28052	9.668006	-0.064282	1.444744	0.160921	0.008975	-0.056072	0.029075	0.087911	0.995704	-0.716851	0.696048	-0.040522	-0.696620	-0.712593	0.083257
28053	9.649239	0.063677	1.595007	0.134637	0.026717	-0.049410	0.029552	0.087747	0.995704	-0.717816	0.695086	-0.039950	-0.695605	-0.713552	0.083527
28054	9.634368	0.019194	1.694188	0.096738	0.046929	-0.038684	0.030091	0.087794	0.995684	-0.718508	0.694395	-0.039513	-0.694867	-0.714218	0.083976
28055	9.587137	-0.130723	1.586647	0.031582	0.071041	-0.028465	0.030725	0.088093	0.995638	-0.718762	0.694149	-0.039236	-0.694577	-0.714421	0.084646
28056	9.638829	-0.345844	1.399336	-0.039576	0.068044	-0.017845	0.031239	0.088442	0.995591	-0.718439	0.694487	-0.039151	-0.694888	-0.714049	0.085235
28057	9.656024	-0.401847	0.991505	-0.079087	0.056269	-0.018083	0.031696	0.088707	0.995553	-0.717926	0.695022	-0.039071	-0.695397	-0.713495	0.085715
28058	9.662596	-0.361491	0.618115	-0.121699	0.024014	-0.016627	0.031885	0.088744	0.995544	-0.717104	0.695870	-0.039064	-0.696236	-0.712663	0.085827
28059	9.745132	-0.321854	0.364601	-0.148163	-0.009159	-0.013992	0.031858	0.088571	0.995560	-0.716110	0.696892	-0.039084	-0.697260	-0.711686	0.085628
28060	9.803076	-0.312861	0.375248	-0.156877	-0.028857	-0.017852	0.031727	0.088225	0.995595	-0.714987	0.698045	-0.039073	-0.698417	-0.710598	0.085226
28061	9.809165	-0.367279	0.517199	-0.163441	-0.040945	-0.024558	0.031552	0.087752	0.995643	-0.713880	0.699181	-0.039000	-0.699557	-0.709539	0.084705
28062	9.826170	-0.467602	0.685372	-0.165703	-0.033788	-0.038076	0.031547	0.087227	0.995689	-0.712691	0.700405	-0.038778	-0.700768	-0.708395	0.084262
28063	9.768158	-0.423181	0.732645	-0.174047	-0.029655	-0.046702	0.031608	0.086679	0.995735	-0.711499	0.701632	-0.038492	-0.701976	-0.707247	0.083849
28064	9.697742	-0.375153	0.879770	-0.163422	-0.037618	-0.060164	0.031698	0.085976	0.995793	-0.710303	0.702866	-0.038074	-0.703182	-0.706108	0.083349
28065	9.734629	-0.248662	1.098447	-0.142610	-0.023834	-0.062547	0.031911	0.085357	0.995839	-0.709322	0.703880	-0.037603	-0.704161	-0.705171	0.083007
28066	9.707588	-0.264580	1.093650	-0.131707	-0.008299	-0.069357	0.032271	0.084794	0.995876	-0.708359	0.704879	-0.037063	-0.705114	-0.704241	0.082812
28067	9.757813	-0.238315	1.086799	-0.134592	0.002142	-0.069222	0.032712	0.084311	0.995902	-0.707430	0.705839	-0.036518	-0.706026	-0.703337	0.082734
28068	9.734443	-0.194289	1.029686	-0.142857	0.011816	-0.067109	0.033184	0.083907	0.995921	-0.706388	0.706908	-0.036021	-0.707047	-0.702311	0.082728
28069	9.664032	-0.214958	0.855252	-0.163882	0.013394	-0.063690	0.033664	0.083540	0.995936	-0.705250	0.708066	-0.035555	-0.708159	-0.701187	0.082753
28070	9.724921	-0.255163	0.613168	-0.183618	-0.001730	-0.055053	0.034000	0.083117	0.995960	-0.703905	0.709422	-0.035175	-0.709480	-0.699865	0.082627
28071	9.867217	-0.326445	0.440076	-0.188963	-0.009772	-0.044889	0.034182	0.082721	0.995986	-0.702592	0.710736	-0.034917	-0.710772	-0.698578	0.082413
28072	9.868939	-0.429422	0.176590	-0.200031	-0.030232	-0.031502	0.034110	0.082271	0.996026	-0.701135	0.712178	-0.034814	-0.712212	-0.697162	0.081975
28073	9.915192	-0.474979	0.087879	-0.174229	-0.064882	-0.019191	0.033717	0.081673	0.996089	-0.699930	0.713363	-0.034798	-0.713415	-0.696019	0.081218
28074	9.912862	-0.488210	0.008003	-0.140169	-0.084132	-0.009749	0.033162	0.080992	0.996163	-0.698902	0.714369	-0.034815	-0.714448	-0.695066	0.080295
28075	9.882750	-0.466321	0.120174	-0.102906	-0.089981	-0.005047	0.032490	0.080322	0.996239	-0.698209	0.715044	-0.034880	-0.715157	-0.694450	0.079313
28076	9.770414	-0.545257	0.479811	-0.055083	-0.087981	-0.007016	0.031839	0.079642	0.996315	-0.697848	0.715396	-0.034886	-0.715538	-0.694165	0.078356
28077	9.702749	-0.583494	0.755846	-0.002589	-0.079435	-0.010295	0.031278	0.079008	0.996383	-0.697869	0.715378	-0.034819	-0.715542	-0.694256	0.077513
28078	9.725277	-0.571892	1.061849	0.070698	-0.061711	-0.003551	0.030811	0.078536	0.996435	-0.698331	0.714930	-0.034755	-0.715111	-0.694771	0.076871
28079	9.724247	-0.426013	1.253117	0.129886	-0.031243	-0.001744	0.030535	0.078297	0.996462	-0.699302	0.713985	-0.034672	-0.714174	-0.695770	0.076555
28080	9.612109	-0.274397	1.432868	0.159443	-0.022527	-0.010781	0.030347	0.078044	0.996488	-0.700560	0.712760	-0.034488	-0.712948	-0.697052	0.076305
28081	9.662513	-0.192591	1.621966	0.162450	-0.001979	-0.012229	0.030355	0.077934	0.996496	-0.701756	0.711592	-0.034275	-0.711770	-0.698257	0.076291
28082	9.668282	-0.207839	1.702232	0.136506	0.032444	-0.013059	0.030608	0.078051	0.996479	-0.702764	0.710606	-0.034073	-0.710764	-0.699247	0.076602
28083	9.637045	-0.155501	1.439812	0.081009	0.053752	-0.021036	0.031074	0.078268	0.996448	-0.703376	0.710012	-0.033835	-0.710138	-0.699827	0.077114
28084	9.648427	-0.118211	1.088239	0.001116	0.056538	-0.026152	0.031584	0.078462	0.996417	-0.703464	0.709936	-0.033605	-0.710029	-0.699882	0.077618
28085	9.705269	-0.174850	0.778329	-0.081722	0.035496	-0.022747	0.031932	0.078539	0.996399	-0.702920	0.710481	-0.033475	-0.710552	-0.699320	0.077894
28086	9.742621	-0.275014	0.351275	-0.140807	0.018519	-0.016001	0.032084	0.078540	0.996395	-0.701997	0.711393	-0.033471	-0.711457	-0.698392	0.077959
28087	9.780065	-0.317552	0.117820	-0.155144	-0.008731	-0.011951	0.032042	0.078384	0.996408	-0.700932	0.712441	-0.033506	-0.712508	-0.697340	0.077770
28088	9.838465	-0.450595	0.123652	-0.128163	-0.037197	-0.013015	0.031807	0.078012	0.996445	-0.700082	0.713277	-0.033496	-0.713354	-0.696527	0.077302
28089	9.822503	-0.460477	0.338329	-0.075844	-0.038427	-0.014574	0.031570	0.077631	0.996482	-0.699579	0.713772	-0.033443	-0.713857	-0.696062	0.076843
28090	9.772747	-0.517962	0.597741	-0.027670	-0.028824	-0.016728	0.031421	0.077296	0.996513	-0.699323	0.714028	-0.033335	-0.714115	-0.695837	0.076491
28091	9.723181	-0.480949	0.797745	0.012031	-0.020212	-0.020936	0.031359	0.076997	0.996538	-0.699445	0.713917	-0.033150	-0.713998	-0.695984	0.076243
28092	9.750739	-0.401154	0.995735	0.034322	-0.009362	-0.021033	0.031377	0.076766	0.996555	-0.699666	0.713710	-0.032949	-0.713781	-0.696222	0.076105
28093	9.718331	-0.297955	0.984474	0.042577	-0.002028	-0.021667	0.031450	0.076588	0.996567	-0.700007	0.713386	-0.032734	-0.713444	-0.696574	0.076048
28094	9.762964	-0.246332	1.031008	0.033013	-0.000731	-0.023968	0.031511	0.076399	0.996579	-0.700292	0.713115	-0.032526	-0.713161	-0.696871	0.075972
28095	9.757663	-0.216203	1.084258	0.027464	0.009577	-0.019842	0.031654	0.076315	0.996581	-0.700525	0.712895	-0.032340	-0.712926	-0.697106	0.076026
28096	9.687092	-0.230139	1.041584	0.008449	0.017584	-0.013716	0.031841	0.076320	0.996575	-0.700611	0.712817	-0.032204	-0.712833	-0.697185	0.076167
28097	9.657007	-0.170369	0.907828	-0.008821	0.016823	-0.013943	0.031995	0.076328	0.996569	-0.700587	0.712845	-0.032105	-0.712850	-0.697156	0.076282
28098	9.760001	-0.216854	0.707314	-0.028790	0.011274	-0.015038	0.032111	0.076283	0.996569	-0.700450	0.712984	-0.032006	-0.712979	-0.697019	0.076327
28099	9.765406	-0.300526	0.459127	-0.031543	0.006102	-0.004549	0.032122	0.076283	0.996569	-0.700267	0.713163	-0.032018	-0.713158	-0.696835	0.076327
28100	9.794752	-0.330308	0.205840	-0.036613	-0.017237	0.004511	0.031912	0.076178	0.996583	-0.700021	0.713400	-0.032116	-0.713409	-0.696604	0.076092
28101	9.855219	-0.270962	0.030294	-0.044565	-0.047120	0.012220	0.031426	0.075928	0.996618	-0.699750	0.713657	-0.032305	-0.713696	-0.696368	0.075558
28102	9.971528	-0.303443	-0.015118	-0.040292	-0.069733	0.004729	0.030817	0.075459	0.996673	-0.699502	0.713895	-0.032421	-0.713966	-0.696175	0.074784
28103	9.838503	-0.347821	-0.091600	-0.036289	-0.077886	-0.007633	0.030250	0.074853	0.996736	-0.699284	0.714109	-0.032406	-0.714204	-0.696021	0.073946
28104	9.666398	-0.411562	-0.072344	-0.028740	-0.098514	-0.010621	0.029553	0.074073	0.996815	-0.699110	0.714282	-0.032351	-0.714403	-0.695927	0.072894
28105	9.658398	-0.537479	0.083496	-0.004430	-0.131749	-0.012657	0.028636	0.073056	0.996917	-0.699118	0.714278	-0.032261	-0.714432	-0.696039	0.071529
28106	9.673920	-0.512601	0.363807	0.040818	-0.145895	-0.006419	0.027567	0.071976	0.997025	-0.699405	0.713999	-0.032206	-0.714194	-0.696437	0.070023
28107	9.803069	-0.487894	0.406591	0.067082	-0.134765	-0.003854	0.026568	0.071000	0.997122	-0.699926	0.713491	-0.032155	-0.713721	-0.697058	0.068651
28108	9.854687	-0.411405	0.393951	0.101190	-0.111743	-0.005140	0.025750	0.070167	0.997203	-0.700560	0.712873	-0.032070	-0.713129	-0.697775	0.067512
28109	9.817785	-0.279143	0.616447	0.161163	-0.106769	-0.010116	0.024996	0.069339	0.997280	-0.701749	0.711710	-0.031896	-0.711986	-0.699043	0.066448
28110	9.893084	-0.000926	0.796060	0.184518	-0.101712	-0.020260	0.024327	0.068463	0.997357	-0.703126	0.710363	-0.031612	-0.710649	-0.700498	0.065420
28111	9.898250	0.361518	0.812061	0.171679	-0.081076	-0.009328	0.023753	0.067819	0.997415	-0.704385	0.709121	-0.031442	-0.709420	-0.701817	0.064615
28112	9.781831	0.731044	0.664992	0.111166	-0.098935	-0.014751	0.023091	0.067002	0.997486	-0.705117	0.708402	-0.031261	-0.708715	-0.702622	0.063602
28113	9.774726	0.991111	0.708696	-0.014695	-0.114567	-0.015280	0.022323	0.066079	0.997565	-0.705052	0.708471	-0.031152	-0.708805	-0.702639	0.062404
28114	9.810714	0.952061	0.654826	-0.174977	-0.121587	-0.029091	0.021574	0.064994	0.997652	-0.703905	0.709617	-0.031007	-0.709966	-0.701584	0.061059
28115	9.809247	0.754913	0.445048	-0.330714	-0.125441	-0.054271	0.020999	0.063720	0.997747	-0.701584	0.711925	-0.030700	-0.712277	-0.699359	0.059655
28116	9.818187	0.359341	0.373796	-0.469244	-0.144142	-0.074608	0.020418	0.062154	0.997858	-0.698298	0.715168	-0.030257	-0.715516	-0.696184	0.058005
28117	9.833119	-0.203792	0.239316	-0.584166	-0.158235	-0.091508	0.019856	0.060390	0.997977	-0.694131	0.719235	-0.029712	-0.719575	-0.692137	0.056200
28118	9.811085	-0.833491	0.127921	-0.655373	-0.183588	-0.093239	0.019110	0.058428	0.998109	-0.689378	0.723814	-0.029172	-0.724150	-0.687517	0.054111
28119	9.811350	-1.272195	0.068885	-0.636054	-0.217071	-0.088882	0.018079	0.056287	0.998251	-0.684785	0.728181	-0.028657	-0.728521	-0.683069	0.051710
28120	9.824551	-1.515381	0.108437	-0.539612	-0.224657	-0.080489	0.016912	0.054148	0.998390	-0.680842	0.731888	-0.028161	-0.732235	-0.679270	0.049244
28121	9.749570	-1.512467	0.208460	-0.412331	-0.230466	-0.080633	0.015704	0.051986	0.998524	-0.677848	0.734684	-0.027589	-0.735034	-0.676414	0.046777
28122	9.746110	-1.299166	0.369627	-0.296743	-0.226763	-0.084750	0.014565	0.049814	0.998652	-0.675573	0.736802	-0.026899	-0.737149	-0.674271	0.044384
28123	9.734576	-1.064146	0.456749	-0.205344	-0.213828	-0.091304	0.013539	0.047692	0.998770	-0.674089	0.738189	-0.026111	-0.738526	-0.672906	0.042144
28124	9.684203	-0.989879	0.444202	-0.139016	-0.195606	-0.097777	0.012703	0.045640	0.998877	-0.673001	0.739212	-0.025217	-0.739533	-0.671925	0.040106
28125	9.681073	-1.001441	0.412221	-0.072766	-0.176986	-0.089151	0.011929	0.043785	0.998970	-0.672495	0.739699	-0.024391	-0.740005	-0.671511	0.038269
28126	9.682414	-0.984766	0.335730	0.009153	-0.173352	-0.085282	0.011168	0.041981	0.999056	-0.672485	0.739735	-0.023567	-0.740026	-0.671587	0.036493
28127	9.715414	-0.926844	0.276112	0.098142	-0.170004	-0.080840	0.010390	0.040233	0.999136	-0.673246	0.739068	-0.022760	-0.739345	-0.672428	0.034766
28128	9.711134	-0.689052	0.273013	0.174020	-0.165338	-0.073147	0.009588	0.038568	0.999210	-0.674552	0.737899	-0.022009	-0.738165	-0.673808	0.033091
28129	9.775525	-0.418943	0.424973	0.219637	-0.157096	-0.066890	0.008817	0.037007	0.999276	-0.676209	0.736402	-0.021306	-0.736657	-0.675531	0.031517
28130	9.797601	-0.222551	0.476813	0.202640	-0.141479	-0.062834	0.008132	0.035572	0.999334	-0.677776	0.734978	-0.020646	-0.735223	-0.677157	0.030087
28131	9.800722	-0.053230	0.485917	0.186462	-0.121862	-0.061201	0.007588	0.034289	0.999383	-0.679185	0.733695	-0.020016	-0.733928	-0.678614	0.028856
28132	9.769135	0.030885	0.646572	0.170471	-0.099408	-0.064529	0.007179	0.033122	0.999426	-0.680547	0.732448	-0.019386	-0.732669	-0.680017	0.027799
28133	9.831201	0.078244	0.833206	0.144422	-0.076290	-0.066546	0.007009	0.032108	0.999460	-0.681643	0.731445	-0.018717	-0.731651	-0.681144	0.027013
28134	9.822207	0.041425	1.092559	0.098879	-0.051177	-0.078563	0.007084	0.031171	0.999489	-0.682394	0.730764	-0.017954	-0.730950	-0.681918	0.026448
28135	9.816443	-0.020955	1.301692	0.044746	-0.008763	-0.081027	0.007509	0.030511	0.999506	-0.682758	0.730443	-0.017168	-0.730606	-0.682292	0.026317
28136	9.808384	-0.067696	1.396760	-0.003325	0.040786	-0.098873	0.008404	0.030062	0.999513	-0.682663	0.730553	-0.016233	-0.730685	-0.682193	0.026662
28137	9.771911	-0.127444	1.434358	-0.029601	0.076958	-0.109585	0.009650	0.029778	0.999510	-0.682479	0.730747	-0.015182	-0.730841	-0.681998	0.027375
28138	9.781328	-0.145511	1.581372	-0.024760	0.131164	-0.113770	0.011315	0.029824	0.999491	-0.682381	0.730861	-0.014083	-0.730909	-0.681875	0.028621
28139	9.754573	-0.240256	1.825379	-0.002872	0.198285	-0.121332	0.013527	0.030281	0.999450	-0.682388	0.730876	-0.012908	-0.730865	-0.681838	0.030550
28140	9.720870	-0.292591	2.011111	0.034902	0.269720	-0.125368	0.016277	0.031198	0.999381	-0.682614	0.730686	-0.011692	-0.730598	-0.682001	0.033189
28141	9.707584	-0.404383	2.245172	0.061397	0.321876	-0.129252	0.019446	0.032441	0.999284	-0.683082	0.730267	-0.010415	-0.730082	-0.682391	0.036361
28142	9.646841	-0.556747	2.379066	0.103577	0.375522	-0.124612	0.022965	0.034093	0.999155	-0.683841	0.729573	-0.009176	-0.729269	-0.683052	0.040069
28143	9.575542	-0.548151	2.638887	0.141506	0.429749	-0.107277	0.026767	0.036240	0.998985	-0.684889	0.728602	-0.008080	-0.728155	-0.683977	0.044322
28144	9.559187	-0.508021	2.737144	0.185391	0.488038	-0.088832	0.030846	0.038938	0.998765	-0.686192	0.727385	-0.007165	-0.726766	-0.685124	0.049156
28145	9.567364	-0.384739	2.791414	0.236249	0.553454	-0.075459	0.035318	0.042178	0.998486	-0.687926	0.725754	-0.006324	-0.724921	-0.686661	0.054647
28146	9.668266	-0.227764	2.765787	0.299953	0.600380	-0.078364	0.040143	0.045747	0.998146	-0.690055	0.723736	-0.005418	-0.722643	-0.688558	0.060621
28147	9.681689	-0.167260	2.842675	0.396047	0.653661	-0.096390	0.045459	0.049552	0.997737	-0.692914	0.721008	-0.004238	-0.719586	-0.691153	0.067111
28148	9.730690	-0.133006	3.012625	0.490562	0.707611	-0.120530	0.051302	0.053599	0.997244	-0.696386	0.717662	-0.002747	-0.715831	-0.694326	0.074143
28149	9.764901	-0.023436	3.366117	0.574607	0.765933	-0.138720	0.057673	0.057929	0.996653	-0.700455	0.713696	-0.000950	-0.711363	-0.698056	0.081737
28150	9.963443	-0.221755	3.722255	0.653594	0.851916	-0.149983	0.064698	0.062842	0.995924	-0.705039	0.709167	0.001053	-0.706211	-0.702234	0.090188
28151	9.913091	-0.326214	3.477821	0.673169	0.942960	-0.159573	0.072396	0.068346	0.995031	-0.709709	0.704487	0.003248	-0.700765	-0.706418	0.099508
28152	9.785957	-0.414303	3.378311	0.710528	0.985366	-0.138549	0.080207	0.074375	0.994000	-0.714596	0.699517	0.005321	-0.694924	-0.710735	0.109254
28153	10.066278	-0.261874	3.637963	0.751891	0.966968	-0.140846	0.087843	0.080277	0.992894	-0.719723	0.694220	0.007546	-0.688682	-0.715272	0.118759
28154	10.764294	-0.077372	4.148204	0.828764	0.995008	-0.166066	0.095827	0.086294	0.991650	-0.725264	0.688396	0.010181	-0.681770	-0.720184	0.128553
28155	11.163568	0.005043	4.353270	0.880860	1.101035	-0.205358	0.104724	0.092832	0.990159	-0.731073	0.682168	0.013365	-0.674214	-0.725279	0.139306
28156	11.216802	0.226213	4.268502	0.953673	1.186086	-0.243582	0.114429	0.099843	0.988401	-0.737242	0.675412	0.017126	-0.665868	-0.730650	0.150895
28157	11.228646	0.729517	4.096357	1.047725	1.236010	-0.296478	0.124735	0.106905	0.986414	-0.743858	0.667986	0.021668	-0.656594	-0.736455	0.162844
28158	11.246517	1.402336	4.298293	1.105004	1.279730	-0.372930	0.135815	0.113927	0.984162	-0.750641	0.660152	0.027170	-0.646601	-0.742442	0.175177
28159	11.356180	2.120463	4.679618	1.044796	1.334930	-0.455669	0.147754	0.120868	0.981611	-0.756742	0.652854	0.033518	-0.636797	-0.747779	0.187928
28160	11.670937	2.500670	4.898611	0.861978	1.408811	-0.547156	0.160822	0.127897	0.978662	-0.761362	0.647058	0.040552	-0.628064	-0.751637	0.201437
28161	11.918329	2.501368	4.760078	0.602118	1.485882	-0.627658	0.174827	0.135016	0.975298	-0.764111	0.643302	0.047915	-0.620942	-0.753613	0.215634
28162	11.778106	1.830647	4.449403	0.356010	1.556521	-0.667597	0.189565	0.142505	0.971472	-0.765283	0.641318	0.055256	-0.615148	-0.753926	0.230628
28163	11.582825	1.220018	3.953111	0.217095	1.583440	-0.672344	0.204352	0.150112	0.967319	-0.765333	0.640616	0.062268	-0.610333	-0.753046	0.245797
28164	11.174531	1.086379	3.415267	0.160920	1.545564	-0.650071	0.218767	0.157605	0.962965	-0.764958	0.640377	0.068975	-0.605790	-0.751717	0.260654
28165	10.729616	1.138204	3.134038	0.161471	1.476303	-0.613611	0.232308	0.164750	0.958588	-0.764592	0.640103	0.075282	-0.601192	-0.750417	0.274667
28166	10.586575	1.260390	2.943182	0.185798	1.360138	-0.584482	0.244945	0.171242	0.954295	-0.764354	0.639637	0.081413	-0.596461	-0.749361	0.287565
28167	10.704017	1.340897	2.588032	0.192594	1.289016	-0.550079	0.256747	0.177363	0.950065	-0.764162	0.639103	0.087197	-0.591724	-0.748392	0.299622
28168	10.631426	1.460266	2.074976	0.092636	1.300463	-0.511158	0.268372	0.183875	0.945604	-0.763504	0.639158	0.092405	-0.587399	-0.746771	0.311922
28169	10.407402	1.611961	1.638615	-0.065957	1.283154	-0.465471	0.279381	0.190447	0.941104	-0.761887	0.640470	0.096569	-0.584358	-0.743995	0.324034
28170	9.684078	1.496120	1.247014	-0.161691	1.229468	-0.395907	0.289652	0.197080	0.936622	-0.759913	0.642309	0.099852	-0.581922	-0.740674	0.335810
28171	9.146032	1.558275	1.191214	-0.200691	1.152823	-0.303891	0.298597	0.203629	0.932403	-0.757899	0.644350	0.101992	-0.580025	-0.737122	0.346731
28172	9.033717	1.789405	0.840094	-0.376870	1.099821	-0.226698	0.306774	0.210300	0.928259	-0.755154	0.647423	0.102890	-0.579338	-0.732542	0.357421
28173	8.752810	1.786023	0.433088	-0.612286	1.046660	-0.152528	0.313935	0.216930	0.924330	-0.751175	0.652164	0.102069	-0.580673	-0.726377	0.367689
28174	8.362054	1.700899	-0.057843	-0.822609	0.966671	-0.097148	0.320377	0.223324	0.920589	-0.746186	0.658181	0.100016	-0.583579	-0.718974	0.377508
28175	8.008590	1.503716	-0.375502	-1.026058	0.878662	-0.078589	0.326051	0.229071	0.917179	-0.739967	0.665641	0.096806	-0.588336	-0.710246	0.386538
28176	8.083395	1.191948	-0.076527	-1.151142	0.819313	-0.104955	0.331681	0.234181	0.913864	-0.732934	0.673867	0.093332	-0.593966	-0.700758	0.395148
28177	8.256313	0.706268	-0.077766	-1.196740	0.789655	-0.134012	0.337313	0.238757	0.910612	-0.725389	0.682461	0.089765	-0.600025	-0.690827	0.403395
28178	8.283385	0.218486	-0.105172	-1.227210	0.762426	-0.142318	0.342919	0.243013	0.907387	-0.717556	0.691162	0.086074	-0.606234	-0.680618	0.411388
28179	8.254626	-0.367143	-0.027589	-1.188435	0.727630	-0.127310	0.348202	0.247035	0.904284	-0.709925	0.699454	0.082284	-0.612178	-0.670625	0.418927
28180	8.116905	-1.031470	0.196888	-1.057992	0.683942	-0.098369	0.353050	0.250895	0.901337	-0.703127	0.706696	0.078697	-0.617226	-0.661538	0.425910
28181	7.813637	-1.542250	0.537599	-0.835463	0.649948	-0.057757	0.357419	0.254753	0.898528	-0.697800	0.712289	0.075623	-0.620747	-0.654022	0.432352
28182	7.546669	-1.791901	0.707681	-0.567169	0.609156	-0.021487	0.361298	0.258562	0.895885	-0.694249	0.715989	0.073339	-0.622481	-0.648464	0.438192
28183	7.364840	-1.742836	0.815618	-0.252886	0.553815	0.001828	0.364674	0.262151	0.893471	-0.692732	0.717572	0.072200	-0.622202	-0.645265	0.443280
28184	7.352841	-1.473306	1.068010	0.066124	0.497379	0.014463	0.367600	0.265460	0.891292	-0.693250	0.717056	0.072355	-0.619898	-0.644486	0.447620
28185	7.383999	-0.962109	1.456076	0.335623	0.441923	0.015482	0.370165	0.268415	0.889343	-0.695431	0.714801	0.073719	-0.615916	-0.645765	0.451259
28186	7.352863	-0.565045	1.886873	0.539483	0.392662	0.008451	0.372449	0.271015	0.887599	-0.698829	0.711232	0.076074	-0.610672	-0.648614	0.454291
28187	7.256395	-0.237593	2.185644	0.660400	0.339966	-0.007074	0.374506	0.273170	0.886072	-0.702866	0.706906	0.079139	-0.604752	-0.652428	0.456743
28188	7.163656	0.085428	2.245509	0.723948	0.274677	-0.007149	0.376143	0.274915	0.884838	-0.707252	0.702131	0.082503	-0.598591	-0.656836	0.458535
28189	7.074395	0.612213	2.183686	0.711876	0.204759	-0.000795	0.377310	0.276251	0.883924	-0.711539	0.697392	0.085772	-0.592748	-0.661309	0.459696
28190	7.191830	1.073466	2.066404	0.617388	0.137511	0.024964	0.377877	0.277330	0.883344	-0.715332	0.693174	0.088379	-0.587801	-0.665280	0.460317
28191	7.467900	1.419896	2.179943	0.458127	0.076317	0.046192	0.377935	0.278150	0.883061	-0.718240	0.689941	0.090074	-0.584206	-0.668292	0.460532
28192	7.693994	1.567952	2.327338	0.255037	0.025141	0.058084	0.377599	0.278705	0.883030	-0.719995	0.688023	0.090726	-0.582259	-0.670035	0.460463
28193	7.808026	1.630881	2.490821	0.033794	-0.054276	0.069829	0.376723	0.278813	0.883370	-0.720504	0.687552	0.090259	-0.582198	-0.670474	0.459902
28194	7.918395	1.533108	2.625381	-0.180142	-0.143609	0.088029	0.375189	0.278436	0.884142	-0.719826	0.688471	0.088646	-0.584024	-0.669687	0.458732
28195	7.920353	1.518461	2.974004	-0.364718	-0.259530	0.127247	0.372696	0.277569	0.885468	-0.718214	0.690507	0.085845	-0.587594	-0.667949	0.456703
28196	7.951891	1.299325	3.210447	-0.540680	-0.410705	0.202034	0.368763	0.276202	0.887540	-0.715807	0.693515	0.081588	-0.592987	-0.665394	0.453450
28197	8.132949	0.897312	3.361624	-0.660800	-0.589655	0.303596	0.363019	0.274390	0.890465	-0.713026	0.697017	0.075902	-0.599842	-0.662478	0.448678
28198	8.258647	0.593621	3.782796	-0.715452	-0.736522	0.395548	0.355698	0.272257	0.894067	-0.710162	0.700631	0.069180	-0.607577	-0.659539	0.442559
28199	8.290722	0.578253	4.677923	-0.814540	-0.784857	0.439889	0.347721	0.270178	0.897828	-0.706775	0.704747	0.061653	-0.616084	-0.656000	0.436010
28200	8.196638	0.487526	5.637676	-0.988372	-0.766654	0.455358	0.339691	0.268361	0.901439	-0.702239	0.709946	0.053273	-0.625676	-0.651122	0.429616
28201	8.028440	0.273685	6.694847	-1.188723	-0.740770	0.481896	0.331587	0.266992	0.904857	-0.696404	0.716309	0.043841	-0.636452	-0.644683	0.423453
28202	8.072789	-0.051481	7.664161	-1.295242	-0.698569	0.551798	0.323214	0.266465	0.908036	-0.689933	0.723103	0.033385	-0.647707	-0.637274	0.417560
28203	8.186636	-0.546209	7.843679	-1.256264	-0.698751	0.628859	0.314271	0.266599	0.911130	-0.683783	0.729340	0.022447	-0.658540	-0.630070	0.411506
28204	8.386199	-1.255779	7.313490	-1.099398	-0.708010	0.671822	0.304933	0.267068	0.914161	-0.678617	0.734397	0.011813	-0.668203	-0.623967	0.405178
28205	8.188919	-1.584207	7.042637	-0.840327	-0.700837	0.692567	0.295474	0.267803	0.917048	-0.675099	0.737724	0.002083	-0.675970	-0.619714	0.398772
28206	7.567533	-1.284763	7.042034	-0.544013	-0.712805	0.701271	0.285838	0.268577	0.919871	-0.673506	0.739153	-0.006529	-0.681679	-0.617672	0.392167
28207	7.732557	-0.357431	7.978069	-0.214978	-0.773267	0.693217	0.275821	0.268917	0.922825	-0.674034	0.738572	-0.013763	-0.685274	-0.618219	0.384973
28208	9.203629	0.060674	9.704585	0.087151	-0.705789	0.688560	0.266258	0.269639	0.925420	-0.676574	0.736108	-0.019818	-0.686553	-0.620838	0.378425
28209	9.969876	0.237783	9.461066	0.387452	-0.412444	0.642120	0.259010	0.271779	0.926850	-0.680968	0.731909	-0.024319	-0.684979	-0.624856	0.374644
28210	8.942616	0.986905	7.481984	0.501759	-0.146503	0.488258	0.254600	0.274449	0.927285	-0.685735	0.727351	-0.026996	-0.681870	-0.628998	0.373383
28211	7.915226	2.784985	4.823301	0.239446	-0.219927	0.293182	0.251026	0.275187	0.928040	-0.688157	0.724989	-0.028838	-0.680754	-0.631398	0.371363
28212	9.768909	3.802522	5.382818	-0.036728	-0.552332	0.195590	0.245848	0.273138	0.930029	-0.688472	0.724608	-0.030815	-0.682323	-0.632723	0.366191
28213	12.743146	3.839155	8.157976	-0.068082	-0.566629	0.236700	0.240285	0.271259	0.932031	-0.688632	0.724347	-0.033280	-0.684141	-0.633829	0.360848
28214	12.895239	3.739173	9.615819	0.045314	-0.195875	0.260100	0.237095	0.271915	0.932657	-0.689631	0.723288	-0.035560	-0.684248	-0.634757	0.359009
28215	11.008372	4.547532	8.647930	0.252621	0.172619	0.156215	0.237134	0.274135	0.931997	-0.691776	0.721208	-0.036121	-0.682066	-0.636167	0.360662
28216	9.011336	6.401131	7.264051	0.233574	0.309752	-0.030527	0.239407	0.275896	0.930895	-0.693352	0.719748	-0.035001	-0.679667	-0.637059	0.363606
28217	7.997186	7.376952	5.737720	-0.315200	0.189858	-0.209217	0.242085	0.275589	0.930293	-0.690753	0.722281	-0.034217	-0.681363	-0.634319	0.365218
28218	8.131365	5.884037	4.824020	-1.221885	-0.044627	-0.248875	0.243457	0.273494	0.930553	-0.681808	0.730627	-0.036356	-0.689830	-0.625608	0.364347
28219	9.313950	1.505469	4.047561	-2.200838	-0.161082	-0.099422	0.242942	0.271761	0.931195	-0.666267	0.744447	-0.043436	-0.705030	-0.609872	0.361923
28220	9.335765	-3.160455	2.193068	-2.740441	-0.186985	0.165007	0.240502	0.271867	0.931798	-0.647115	0.760417	-0.054840	-0.723465	-0.589791	0.358811
28221	8.584195	-4.882968	-0.075157	-2.695967	-0.293945	0.424244	0.235581	0.273418	0.932601	-0.628431	0.774850	-0.068424	-0.741334	-0.569956	0.354364
28222	8.861614	-4.543247	-1.129832	-2.355798	-0.439141	0.505359	0.229126	0.274895	0.933774	-0.611993	0.786661	-0.081418	-0.756945	-0.552808	0.348478
28223	9.413917	-4.489163	-0.821925	-1.917549	-0.480107	0.442985	0.222718	0.275781	0.935063	-0.598410	0.795868	-0.092195	-0.769612	-0.539018	0.342284
28224	9.656752	-4.549764	-0.250116	-1.342436	-0.458205	0.340331	0.217110	0.276055	0.936300	-0.588814	0.802066	-0.099943	-0.778564	-0.529607	0.336682
28225	9.990802	-4.184585	0.035902	-0.784207	-0.470139	0.255740	0.211875	0.275635	0.937621	-0.583289	0.805453	-0.104975	-0.784145	-0.524663	0.331431
28226	10.375754	-3.283561	-0.067228	-0.328909	-0.504668	0.219062	0.206586	0.274765	0.939056	-0.581219	0.806532	-0.108125	-0.787087	-0.523460	0.326317
28227	10.140390	-2.147867	-0.430351	-0.045416	-0.552262	0.209469	0.200955	0.273564	0.940628	-0.581343	0.806154	-0.110257	-0.788453	-0.524670	0.321035
28228	9.850611	-0.771649	-0.392610	0.122521	-0.596343	0.207597	0.194989	0.272107	0.942304	-0.582777	0.804900	-0.111837	-0.788892	-0.527346	0.315525
28229	9.931895	0.236796	0.555528	0.154003	-0.606475	0.188923	0.189039	0.270423	0.944000	-0.584408	0.803532	-0.113154	-0.789133	-0.530291	0.309936
28230	9.864574	0.896093	0.961676	0.017559	-0.613726	0.139466	0.183324	0.268283	0.945736	-0.584853	0.803027	-0.114430	-0.790151	-0.532139	0.304120
28231	9.727355	1.307401	1.145737	-0.223533	-0.647707	0.063988	0.177761	0.265353	0.947623	-0.583253	0.804004	-0.115727	-0.792601	-0.532132	0.297689
28232	9.295342	0.900077	1.252155	-0.580793	-0.684152	0.016348	0.172179	0.261845	0.949627	-0.578698	0.807019	-0.117597	-0.797159	-0.529300	0.290481
28233	9.189263	-0.166785	1.155735	-0.930989	-0.755132	0.002209	0.166059	0.257890	0.951797	-0.571303	0.811874	-0.120303	-0.803764	-0.523787	0.282152
28234	9.455901	-1.552869	1.176115	-1.110381	-0.808559	-0.012789	0.159555	0.253563	0.954069	-0.562339	0.817668	-0.123268	-0.811367	-0.516842	0.273052
28235	9.901444	-2.694044	1.056757	-1.052114	-0.826600	-0.048136	0.153024	0.248927	0.956357	-0.553743	0.823152	-0.125653	-0.818506	-0.510348	0.263804
28236	9.915404	-3.405134	1.179465	-0.797631	-0.805552	-0.080559	0.146803	0.244156	0.958560	-0.547097	0.827386	-0.126957	-0.824096	-0.505787	0.255039
28237	9.649037	-3.737530	1.145260	-0.490610	-0.795758	-0.101397	0.140719	0.239304	0.960693	-0.542952	0.830068	-0.127237	-0.827889	-0.503706	0.246737
28238	9.562503	-3.702255	1.320551	-0.181956	-0.808562	-0.096794	0.134486	0.234418	0.962788	-0.541345	0.831191	-0.126760	-0.829976	-0.504153	0.238684
28239	9.508751	-3.185171	1.717385	0.121258	-0.802262	-0.040256	0.127980	0.230032	0.964731	-0.542352	0.830632	-0.126110	-0.830346	-0.507085	0.231063
28240	9.440788	-2.631818	1.914942	0.258255	-0.787347	-0.003712	0.121404	0.225991	0.966535	-0.544534	0.829296	-0.125505	-0.829906	-0.511074	0.223739
28241	9.397709	-1.768070	2.253343	0.374643	-0.762265	0.034095	0.114832	0.222364	0.968178	-0.547735	0.827257	-0.125033	-0.828734	-0.515946	0.216792
28242	9.399627	-0.797372	2.334472	0.404215	-0.710551	0.053552	0.108592	0.219122	0.969636	-0.551188	0.825009	-0.124710	-0.827285	-0.520909	0.210367
28243	9.193709	-0.229805	2.337736	0.313203	-0.693351	0.074937	0.102382	0.216118	0.970985	-0.553909	0.823169	-0.124813	-0.826258	-0.525059	0.203987
28244	9.216073	0.026662	2.110720	0.142887	-0.709525	0.089994	0.095959	0.213121	0.972302	-0.555222	0.822191	-0.125422	-0.826148	-0.527808	0.197226
28245	9.533395	-0.009457	2.149098	-0.012849	-0.700538	0.100081	0.089549	0.210245	0.973539	-0.555261	0.822008	-0.126446	-0.826841	-0.529245	0.190351
28246	9.609811	-0.140510	2.123107	-0.157450	-0.648729	0.099855	0.083568	0.207627	0.974632	-0.554082	0.822604	-0.127732	-0.828257	-0.529352	0.183786
28247	9.483928	-0.329292	2.099061	-0.275142	-0.609884	0.093619	0.077929	0.205176	0.975618	-0.551928	0.823827	-0.129168	-0.830243	-0.528405	0.177442
28248	9.460961	-0.552686	2.086160	-0.419276	-0.587025	0.081143	0.072543	0.202743	0.976541	-0.548535	0.825848	-0.130709	-0.832975	-0.526185	0.171121
28249	9.537073	-1.015646	1.865000	-0.546167	-0.583456	0.057572	0.067295	0.200163	0.977449	-0.544069	0.828558	-0.132215	-0.836338	-0.522902	0.164660
28250	9.682346	-1.506694	1.436966	-0.643119	-0.596002	0.029348	0.062083	0.197296	0.978376	-0.538728	0.831826	-0.133558	-0.840189	-0.518787	0.157931
28251	9.869580	-1.986394	0.806159	-0.685570	-0.608927	0.005268	0.056863	0.194199	0.979313	-0.533009	0.835319	-0.134696	-0.844196	-0.514324	0.151009
28252	9.729238	-2.340602	0.208084	-0.651260	-0.624835	-0.018193	0.051615	0.190841	0.980263	-0.527522	0.838666	-0.135498	-0.847972	-0.510117	0.143961
28253	9.568051	-2.416733	-0.164755	-0.530342	-0.668731	-0.049096	0.046128	0.187033	0.981270	-0.523045	0.841419	-0.135789	-0.851056	-0.506984	0.136640
28254	9.710081	-2.544492	-0.289316	-0.374455	-0.696765	-0.068369	0.040487	0.182927	0.982292	-0.519860	0.843415	-0.135638	-0.853292	-0.505163	0.129243
28255	9.772142	-2.568132	-0.004105	-0.171590	-0.689687	-0.075593	0.034926	0.178812	0.983263	-0.518418	0.844382	-0.135141	-0.854414	-0.505021	0.122190
28256	9.653446	-2.693617	0.579543	0.083582	-0.663650	-0.084894	0.029633	0.174735	0.984169	-0.519143	0.844081	-0.134231	-0.854173	-0.506947	0.115725
28257	9.575862	-2.684483	0.895600	0.313041	-0.625778	-0.066607	0.024575	0.170994	0.984965	-0.521848	0.842567	-0.133253	-0.852684	-0.510727	0.109940
28258	9.532767	-1.955793	1.453429	0.509741	-0.571643	-0.042477	0.019865	0.167703	0.985637	-0.526223	0.839989	-0.132316	-0.850115	-0.516037	0.104935
28259	9.435718	-1.335576	1.756016	0.607479	-0.520938	-0.016758	0.015469	0.164863	0.986195	-0.531425	0.836827	-0.131558	-0.846964	-0.522054	0.100557
28260	9.412203	-0.811049	1.884953	0.621615	-0.469119	0.006800	0.011400	0.162458	0.986650	-0.536728	0.833517	-0.131042	-0.843679	-0.528068	0.096698
28261	9.227885	-0.294307	2.215020	0.499781	-0.432555	0.024785	0.007559	0.160373	0.987027	-0.540990	0.830789	-0.130845	-0.840995	-0.532983	0.093040
28262	9.261518	0.004582	2.263332	0.304218	-0.406854	0.029884	0.003913	0.158447	0.987360	-0.543592	0.829081	-0.130892	-0.839340	-0.536209	0.089375
28263	9.404681	-0.112064	2.231978	0.111006	-0.388864	0.022094	0.000466	0.156545	0.987671	-0.544573	0.828412	-0.131046	-0.838713	-0.537798	0.085637
28264	9.466619	-0.334880	2.045963	-0.093032	-0.374717	0.007839	-0.002782	0.154595	0.987974	-0.543834	0.828868	-0.131230	-0.839188	-0.537659	0.081768
28265	9.516569	-0.470027	1.624688	-0.296922	-0.372340	-0.013383	-0.005901	0.152489	0.988288	-0.541390	0.830445	-0.131367	-0.840751	-0.535824	0.077655
28266	9.545946	-0.495601	0.950467	-0.485513	-0.394955	-0.036850	-0.009088	0.150072	0.988633	-0.537344	0.833065	-0.131397	-0.843314	-0.532430	0.073069
28267	9.860533	-0.647532	0.268385	-0.667888	-0.468676	-0.068518	-0.012747	0.147020	0.989051	-0.531757	0.836669	-0.131222	-0.846801	-0.527607	0.067514
28268	10.083272	-0.965543	-0.323427	-0.763160	-0.528981	-0.093972	-0.016799	0.143454	0.989514	-0.525329	0.840784	-0.130810	-0.850733	-0.522018	0.061236
28269	9.601173	-1.288263	-0.841018	-0.796195	-0.593675	-0.102180	-0.021392	0.139516	0.989989	-0.518608	0.845026	-0.130293	-0.854744	-0.516204	0.054277
28270	9.531517	-1.643014	-1.443602	-0.810532	-0.725431	-0.130389	-0.026995	0.134685	0.990521	-0.511729	0.849341	-0.129435	-0.858723	-0.510372	0.045994
28271	9.752698	-1.859621	-1.766402	-0.758020	-0.811543	-0.149917	-0.033280	0.129294	0.991048	-0.505300	0.853353	-0.128299	-0.862302	-0.505047	0.036933
28272	9.762361	-2.002058	-1.636595	-0.644136	-0.874579	-0.148302	-0.040152	0.123626	0.991516	-0.499823	0.856756	-0.127064	-0.865196	-0.500685	0.027391
28273	9.742054	-2.063637	-1.265559	-0.492853	-0.898713	-0.132999	-0.047338	0.118006	0.991884	-0.495661	0.859343	-0.125893	-0.867225	-0.497598	0.017811
28274	9.798116	-2.053063	-0.785477	-0.321611	-0.890394	-0.111741	-0.054577	0.112620	0.992138	-0.492960	0.861046	-0.124857	-0.868338	-0.495899	0.008524
28275	9.895402	-1.955981	-0.157372	-0.148478	-0.856527	-0.082495	-0.061673	0.107670	0.992272	-0.491768	0.861840	-0.124082	-0.868539	-0.495620	-0.000204
28276	9.960865	-1.892739	0.379010	-0.025021	-0.821952	-0.039937	-0.068680	0.103249	0.992282	-0.491612	0.861981	-0.123717	-0.868102	-0.496314	-0.008443
28277	9.833433	-2.019534	0.581128	0.076935	-0.797022	0.005136	-0.075684	0.099338	0.992171	-0.492324	0.861561	-0.123816	-0.867115	-0.497841	-0.016300
28278	9.755694	-1.950320	0.684187	0.145486	-0.778971	0.048497	-0.082740	0.095871	0.991949	-0.493585	0.860760	-0.124362	-0.865753	-0.499901	-0.023898
28279	9.712754	-1.725394	0.765433	0.185469	-0.771458	0.076636	-0.089855	0.092671	0.991634	-0.495171	0.859725	-0.125213	-0.864136	-0.502280	-0.031362
28280	9.512390	-1.336209	0.434443	0.127452	-0.773587	0.094959	-0.097072	0.089598	0.991236	-0.496226	0.858967	-0.126237	-0.862750	-0.504131	-0.038921
28281	9.299518	-1.079587	0.235752	0.058451	-0.787614	0.097415	-0.104410	0.086465	0.990769	-0.496679	0.858553	-0.127268	-0.861632	-0.505382	-0.046696
28282	9.392596	-1.080055	0.075889	0.013607	-0.797850	0.078710	-0.111738	0.083109	0.990256	-0.496754	0.858386	-0.128094	-0.860668	-0.506227	-0.054629
28283	9.417165	-1.130443	-0.113101	-0.059801	-0.793631	0.072842	-0.118991	0.079722	0.989690	-0.496202	0.858597	-0.128821	-0.860014	-0.506415	-0.062607
28284	9.412097	-1.312337	-0.160342	-0.144674	-0.802739	0.070280	-0.126307	0.076267	0.989055	-0.494915	0.859243	-0.129460	-0.859712	-0.505850	-0.070782
28285	9.469766	-1.515308	-0.147385	-0.221771	-0.809648	0.069462	-0.133674	0.072780	0.988349	-0.492964	0.860279	-0.130023	-0.859720	-0.504601	-0.079119
28286	9.724618	-1.610528	0.276388	-0.235239	-0.803511	0.068872	-0.140986	0.069329	0.987581	-0.490891	0.861384	-0.130549	-0.859738	-0.503201	-0.087410
28287	10.045494	-1.550918	0.916482	-0.210084	-0.742474	0.046189	-0.147658	0.066003	0.986834	-0.489064	0.862377	-0.130856	-0.859659	-0.501947	-0.095058
28288	10.257506	-1.449292	1.652214	-0.193908	-0.653182	0.037678	-0.153521	0.063060	0.986131	-0.487388	0.863291	-0.131082	-0.859584	-0.500752	-0.101799
28289	10.301001	-1.375576	2.478096	-0.231246	-0.537942	0.025369	-0.158332	0.060596	0.985525	-0.485405	0.864399	-0.131133	-0.859833	-0.499141	-0.107449
28290	10.035294	-1.385909	3.012676	-0.414333	-0.412016	-0.009460	-0.161893	0.058475	0.985074	-0.481907	0.866430	-0.130632	-0.861137	-0.495863	-0.112090
28291	10.055132	-1.447385	3.120172	-0.661334	-0.329528	-0.060417	-0.164509	0.056333	0.984766	-0.476347	0.869695	-0.129325	-0.863731	-0.490365	-0.116238
28292	10.010690	-1.668687	2.869208	-0.903923	-0.265409	-0.089550	-0.166440	0.054275	0.984557	-0.468730	0.874103	-0.127425	-0.867520	-0.482700	-0.120046
28293	9.871817	-1.845770	2.372553	-1.042814	-0.242643	-0.097149	-0.168162	0.052271	0.984373	-0.459867	0.879111	-0.125242	-0.871919	-0.473742	-0.123796
28294	9.542076	-1.892760	2.003172	-1.050063	-0.241869	-0.104018	-0.169857	0.050238	0.984187	-0.450933	0.884049	-0.122951	-0.876247	-0.464686	-0.127508
28295	9.315158	-1.788680	1.873699	-0.993612	-0.266782	-0.115011	-0.171748	0.048000	0.983971	-0.442448	0.888651	-0.120578	-0.880194	-0.456065	-0.131387
28296	9.511533	-1.702914	1.684003	-0.927569	-0.300312	-0.125973	-0.173896	0.045544	0.983710	-0.434562	0.892858	-0.118157	-0.883695	-0.448030	-0.135473
28297	9.653804	-1.848753	1.554701	-0.862459	-0.308845	-0.124509	-0.176156	0.043068	0.983420	-0.427190	0.896717	-0.115792	-0.886836	-0.440504	-0.139564
28298	9.788948	-2.247139	1.367469	-0.798855	-0.307932	-0.079042	-0.178605	0.041039	0.983065	-0.420318	0.900194	-0.113944	-0.889625	-0.433550	-0.143529
28299	10.198944	-2.265151	1.226072	-0.736069	-0.282959	-0.061451	-0.180931	0.039279	0.982711	-0.413916	0.903360	-0.112315	-0.892153	-0.427082	-0.147188
28300	10.590977	-1.919497	0.619413	-0.716180	-0.238242	-0.050641	-0.182898	0.037842	0.982403	-0.407703	0.906365	-0.110816	-0.894610	-0.420797	-0.150344
28301	10.238538	-1.391106	0.261595	-0.714131	-0.178038	-0.020966	-0.184470	0.036920	0.982144	-0.401390	0.909329	-0.109574	-0.897138	-0.414436	-0.152925
28302	9.293911	-1.124970	0.170184	-0.730610	-0.120708	-0.020946	-0.185516	0.036267	0.981972	-0.394962	0.912291	-0.108310	-0.899772	-0.407935	-0.154921
28303	8.875787	-0.876689	0.136728	-0.801405	-0.113529	-0.088464	-0.186254	0.035013	0.981878	-0.387950	0.915537	-0.106238	-0.902665	-0.400707	-0.156940
28304	9.085303	-0.958848	0.154118	-0.858179	-0.085010	-0.168187	-0.186419	0.033168	0.981910	-0.380603	0.918951	-0.103300	-0.905753	-0.392975	-0.158687
28305	9.632361	-1.078569	0.234651	-0.808945	-0.070850	-0.227211	-0.186266	0.030815	0.982016	-0.373734	0.922148	-0.099825	-0.908640	-0.385607	-0.160249
28306	10.165737	-1.456557	0.457563	-0.691585	-0.057517	-0.227010	-0.185989	0.028536	0.982137	-0.367966	0.924813	-0.096552	-0.911048	-0.379351	-0.161505
28307	10.525459	-1.963521	0.829673	-0.565548	-0.035062	-0.188879	-0.185679	0.026670	0.982248	-0.363206	0.926972	-0.093828	-0.913020	-0.374180	-0.162432
28308	10.727696	-2.586726	1.429865	-0.440302	0.007642	-0.148378	-0.185111	0.025362	0.982390	-0.359565	0.928601	-0.091726	-0.914575	-0.370213	-0.162775
