// General information: 
//  MT Manager version: 2022.2.0 
//  XDA version: 2022.2.0 build 7381 rev 124627 built on 2023-07-19
// Device information: 
//  DeviceId: 00B4CBA7
//  ProductCode: MTW2-3A7G6
//  Firmware Version: 4.6.0
//  Hardware Version: 2.0.0
// Device settings: 
//  Filter Profile: human(46.1)
//  Option Flags: Orientation Smoother Disabled, Position/Velocity Smoother Disabled, Continuous Zero Rotation Update Disabled, AHS Disabled, ICC Disabled
// Coordinate system: ENU
PacketCounter	Acc_X	Acc_Y	Acc_Z	Gyr_X	Gyr_Y	Gyr_Z	Mat[1][1]	Mat[2][1]	Mat[3][1]	Mat[1][2]	Mat[2][2]	Mat[3][2]	Mat[1][3]	Mat[2][3]	Mat[3][3]
24087	9.621878	0.340113	-2.249813	0.219629	-1.037351	0.046567	0.382353	0.232773	0.894216	0.342895	-0.934392	0.096615	0.858038	0.269681	-0.437084
24088	9.830441	0.372537	-2.470040	0.236055	-1.082296	0.027235	0.391682	0.235448	0.889466	0.344778	-0.933827	0.095366	0.853061	0.269315	-0.446941
24089	9.954536	0.261390	-2.678676	0.288458	-1.123854	0.007816	0.401983	0.237139	0.884406	0.344252	-0.934159	0.094009	0.848470	0.266668	-0.457151
24090	10.150691	0.234519	-2.824366	0.362558	-1.162815	-0.018911	0.411725	0.240433	0.879019	0.347363	-0.933154	0.092538	0.842509	0.267238	-0.467720
24091	10.354607	0.298084	-2.972558	0.430028	-1.195080	-0.041854	0.422360	0.242859	0.873288	0.348440	-0.932911	0.090920	0.836781	0.265888	-0.478646
24092	10.304784	0.279875	-3.027562	0.493387	-1.226143	-0.057763	0.432351	0.246680	0.867307	0.352769	-0.931461	0.089073	0.829836	0.267448	-0.489739
24093	10.061246	0.338201	-3.215910	0.529482	-1.257360	-0.072145	0.442759	0.250031	0.861074	0.356082	-0.930390	0.087063	0.822903	0.268065	-0.500970
24094	9.786529	0.632126	-3.154564	0.426733	-1.295309	-0.079968	0.453061	0.254264	0.854450	0.359907	-0.929051	0.085627	0.815599	0.268728	-0.512428
24095	9.651238	0.949579	-3.202160	0.078145	-1.328911	-0.099956	0.464340	0.257267	0.847468	0.358016	-0.929739	0.086080	0.810069	0.263437	-0.523821
24096	9.485894	1.742007	-3.062003	-0.351365	-1.337804	-0.081013	0.474832	0.261512	0.840325	0.355531	-0.930450	0.088664	0.805067	0.256660	-0.534783
24097	9.165698	3.064018	-3.196486	-1.223687	-1.269425	-0.044845	0.485897	0.263019	0.833502	0.342059	-0.934805	0.095580	0.804301	0.238665	-0.544187
24098	8.248182	3.128375	-5.055424	-1.662415	-1.238463	-0.063841	0.495619	0.266469	0.826654	0.328976	-0.938453	0.105270	0.803827	0.219775	-0.552776
24099	8.026109	2.619038	-6.036874	-1.510481	-1.330199	-0.078876	0.507095	0.267908	0.819195	0.313414	-0.942713	0.114295	0.802886	0.198789	-0.562012
24100	8.011817	2.581271	-5.643204	-1.286231	-1.348067	-0.076741	0.517641	0.271219	0.811473	0.303470	-0.944966	0.122253	0.799971	0.182974	-0.571460
24101	7.477070	2.975828	-5.975145	-1.374973	-1.318387	-0.068319	0.529321	0.271284	0.803881	0.287840	-0.948727	0.130635	0.798102	0.162241	-0.580268
24102	6.565985	2.727229	-7.230168	-1.239166	-1.369996	-0.089411	0.539955	0.274263	0.795756	0.278422	-0.950400	0.138641	0.794311	0.146696	-0.589534
24103	6.784261	2.213430	-7.322118	-0.916139	-1.406059	-0.118230	0.551720	0.275195	0.787320	0.268169	-0.952401	0.144975	0.789741	0.131149	-0.599257
24104	6.744149	1.650836	-7.790647	-0.619805	-1.333875	-0.114645	0.561890	0.277986	0.779104	0.263901	-0.952868	0.149661	0.783987	0.121513	-0.608768
24105	6.072191	1.775020	-7.688297	-0.298105	-1.228149	-0.117775	0.572837	0.276910	0.771478	0.256280	-0.954526	0.152319	0.778574	0.110460	-0.617754
24106	5.679685	1.935449	-8.064059	-0.110286	-1.086946	-0.102479	0.580985	0.279080	0.764572	0.255986	-0.954361	0.153836	0.772611	0.106344	-0.625910
24107	5.848760	1.706127	-8.592226	0.106419	-0.855313	-0.086776	0.588680	0.277750	0.759151	0.252445	-0.955316	0.153764	0.767937	0.101126	-0.632492
24108	5.318954	0.547334	-8.929748	0.505001	-0.528985	-0.072300	0.592527	0.278998	0.755693	0.256709	-0.954596	0.151150	0.763552	0.104433	-0.637246
24109	4.885546	-1.290858	-8.795770	1.152518	-0.200811	-0.123306	0.595190	0.276987	0.754339	0.260866	-0.954477	0.144647	0.760064	0.110689	-0.640352
24110	6.114824	-2.655402	-7.743646	1.998263	0.256298	-0.160823	0.592794	0.278224	0.755769	0.276942	-0.951623	0.133102	0.756239	0.130402	-0.641169
24111	6.394880	-1.851947	-6.254180	2.725628	0.753275	-0.133062	0.587007	0.277426	0.760564	0.296788	-0.947791	0.116657	0.753219	0.157248	-0.638697
24112	5.990067	-0.400769	-5.242499	2.994973	1.183021	-0.065135	0.577888	0.276005	0.768028	0.319663	-0.942433	0.098157	0.750907	0.188787	-0.632850
24113	5.440375	0.675920	-4.747315	2.904800	1.560256	-0.022371	0.566536	0.271813	0.777917	0.339685	-0.937126	0.080060	0.750767	0.218890	-0.623246
24114	5.316852	1.848939	-4.245238	2.537785	1.848697	-0.042475	0.552472	0.267908	0.789304	0.358965	-0.931100	0.064780	0.752276	0.247543	-0.610576
24115	5.861865	2.578177	-3.968894	1.782047	2.112688	-0.054604	0.536625	0.262177	0.802057	0.371376	-0.926881	0.054506	0.757702	0.268616	-0.594754
24116	5.776997	2.247258	-4.918291	1.062258	2.348088	-0.034798	0.518581	0.256013	0.815801	0.379622	-0.923864	0.048611	0.766134	0.284487	-0.576287
24117	5.960468	1.617266	-5.893306	0.635558	2.501689	-0.001964	0.499276	0.248649	0.829998	0.384308	-0.922104	0.045066	0.776550	0.296475	-0.555942
24118	6.596363	1.624911	-6.516980	0.268499	2.646511	0.058309	0.478767	0.240155	0.844457	0.386090	-0.921451	0.043156	0.788490	0.305375	-0.533882
24119	6.956780	1.400360	-6.976755	-0.030779	2.787814	0.105995	0.456935	0.230574	0.859096	0.385334	-0.921800	0.042452	0.801703	0.311641	-0.510051
24120	7.491589	1.053170	-6.902427	-0.260594	2.925133	0.138159	0.433785	0.220130	0.873713	0.382575	-0.922942	0.042591	0.815762	0.315785	-0.484574
24121	7.986460	1.158500	-6.774820	-0.500639	3.078672	0.199139	0.408881	0.209058	0.888319	0.378667	-0.924520	0.043282	0.830317	0.318680	-0.457183
24122	8.115389	1.676991	-6.517763	-0.720264	3.214013	0.285714	0.382992	0.196179	0.902680	0.371460	-0.927408	0.043948	0.845774	0.318478	-0.428063
24123	8.283714	2.217550	-6.413504	-1.006018	3.301325	0.364770	0.355964	0.182709	0.916464	0.362323	-0.930972	0.044872	0.861401	0.316083	-0.397592
24124	8.712003	3.122265	-6.369805	-1.382705	3.354424	0.442048	0.328338	0.168104	0.929481	0.348743	-0.936084	0.046105	0.877822	0.309012	-0.365977
24125	9.248780	3.335761	-6.299057	-1.834376	3.376381	0.524662	0.300116	0.153202	0.941520	0.331376	-0.942292	0.047700	0.894495	0.297681	-0.333565
24126	9.741374	2.614497	-5.883664	-2.239894	3.369896	0.582586	0.271528	0.137941	0.952494	0.309439	-0.949640	0.049315	0.911329	0.281348	-0.300538
24127	10.740680	0.498683	-5.497353	-2.424976	3.366768	0.598664	0.242182	0.123587	0.962327	0.287034	-0.956582	0.050614	0.926801	0.263963	-0.267141
24128	11.383124	-1.106370	-4.828969	-2.212103	3.461831	0.579410	0.211427	0.109194	0.971275	0.265014	-0.962918	0.050567	0.940780	0.246710	-0.232524
24129	10.117123	-1.775216	-4.192842	-1.615095	3.512476	0.585670	0.179550	0.095521	0.979100	0.250140	-0.966996	0.048469	0.951416	0.236210	-0.197518
24130	9.704193	-2.804741	-4.192122	-0.646958	3.229199	0.468342	0.149844	0.083424	0.985184	0.243143	-0.968943	0.045067	0.958347	0.232787	-0.165474
24131	12.338348	-2.355270	-3.801341	0.578497	2.939555	0.345497	0.122424	0.073414	0.989759	0.249575	-0.967492	0.040892	0.960586	0.242013	-0.136766
24132	10.123008	5.447123	-2.201478	0.667102	2.288800	0.206084	0.100923	0.065801	0.992716	0.255708	-0.966006	0.038034	0.961472	0.250007	-0.114318
24133	6.040449	3.255130	-7.886044	-1.061484	0.958369	0.012549	0.091708	0.063579	0.993754	0.246792	-0.968276	0.039174	0.964719	0.241658	-0.104490
24134	5.877298	-5.467448	-13.662482	-0.582335	-0.031400	-0.159237	0.091599	0.065208	0.993659	0.241268	-0.969576	0.041387	0.966126	0.235947	-0.104545
24135	7.793763	-8.265345	-9.404936	1.103586	-0.405607	-0.165448	0.095051	0.068011	0.993146	0.253121	-0.966524	0.041962	0.962754	0.247398	-0.109085
24136	12.269339	-12.319201	-4.462383	3.243691	-0.016113	-0.132717	0.094825	0.069341	0.993076	0.284290	-0.957914	0.039740	0.954037	0.278553	-0.110547
24137	10.815305	-0.889880	7.239186	4.438351	0.514842	-0.152318	0.089490	0.069398	0.993567	0.327300	-0.944216	0.036471	0.940673	0.321931	-0.107212
24138	8.851591	10.681167	7.201554	0.973529	0.286548	-0.140758	0.086307	0.069798	0.993821	0.336521	-0.940954	0.036861	0.937713	0.331260	-0.104699
24139	7.164253	8.877651	-1.127481	-1.032649	-0.090106	-0.139970	0.086683	0.071529	0.993665	0.327535	-0.944018	0.039383	0.940854	0.322046	-0.105259
24140	9.606400	0.987724	-5.393102	-0.633794	-0.233352	-0.053165	0.088683	0.072786	0.993397	0.321566	-0.946016	0.040607	0.942725	0.315842	-0.107301
24141	9.842179	-2.865789	-2.701143	0.364626	-0.045629	-0.060780	0.088867	0.073610	0.993320	0.325299	-0.944726	0.040906	0.941426	0.319491	-0.107900
24142	8.676960	-0.917213	-1.574574	0.567331	0.040179	-0.105123	0.088120	0.074482	0.993321	0.330682	-0.942835	0.041361	0.939619	0.324829	-0.107712
24143	9.505626	2.473276	-2.386775	0.662745	0.083092	-0.100572	0.087033	0.075250	0.993359	0.337129	-0.940534	0.041711	0.937427	0.331259	-0.107227
24144	9.472349	2.016535	-1.960508	0.459686	0.061787	-0.075208	0.086174	0.075761	0.993395	0.341454	-0.938960	0.041989	0.935940	0.335580	-0.106783
24145	9.692384	0.147512	-1.648713	0.138059	0.067178	-0.035703	0.085422	0.075967	0.993445	0.342890	-0.938424	0.042276	0.935484	0.337031	-0.106210
24146	9.455272	0.277839	-1.806568	0.152105	0.076382	-0.022164	0.084607	0.075926	0.993517	0.344286	-0.937909	0.042358	0.935045	0.338470	-0.105494
24147	9.727036	0.877544	-1.195042	0.172211	0.074373	-0.028142	0.083791	0.076031	0.993579	0.346020	-0.937262	0.042541	0.934478	0.340233	-0.104843
24148	9.859897	0.606306	-0.940256	0.005057	0.067605	-0.027125	0.083041	0.076065	0.993639	0.346044	-0.937240	0.042828	0.934536	0.340286	-0.104151
24149	9.819381	0.325482	-1.417267	-0.006449	0.063561	-0.030626	0.082361	0.076230	0.993683	0.346087	-0.937207	0.043212	0.934580	0.340342	-0.103572
24150	9.891467	0.631301	-1.355634	0.118370	0.074587	-0.035293	0.081517	0.076316	0.993746	0.347177	-0.936792	0.043463	0.934250	0.341463	-0.102860
24151	10.028850	0.788527	-1.273803	0.035210	0.068628	-0.035642	0.080757	0.076509	0.993793	0.347641	-0.936601	0.043857	0.934143	0.341942	-0.102235
24152	10.268242	0.576559	-1.469863	-0.029817	0.083941	-0.032514	0.079835	0.076537	0.993865	0.347344	-0.936694	0.044233	0.934333	0.341682	-0.101365
24153	10.154182	0.271104	-1.731367	-0.006190	0.108801	-0.028289	0.078723	0.076527	0.993955	0.347387	-0.936660	0.044602	0.934411	0.341776	-0.100321
24154	10.016688	0.514634	-1.702015	0.113384	0.139558	-0.029936	0.077290	0.076339	0.994082	0.348425	-0.936265	0.044809	0.934145	0.342900	-0.098963
24155	9.869779	1.061107	-1.473546	0.058557	0.156471	-0.013510	0.075792	0.076024	0.994221	0.349056	-0.936022	0.044964	0.934032	0.343631	-0.097479
24156	9.752431	0.695003	-1.836368	-0.030675	0.172179	-0.011552	0.074118	0.075551	0.994384	0.348733	-0.936135	0.045132	0.934287	0.343430	-0.095731
24157	9.825100	0.437652	-1.932552	0.080841	0.200146	-0.020137	0.072183	0.075149	0.994556	0.349587	-0.935806	0.045337	0.934119	0.344411	-0.093821
24158	9.832198	0.569198	-1.622312	0.085353	0.221319	-0.014349	0.070041	0.074530	0.994756	0.350350	-0.935517	0.045424	0.933996	0.345331	-0.091636
24159	9.800858	0.417423	-1.627731	0.050073	0.233213	-0.009724	0.067833	0.073911	0.994955	0.350913	-0.935299	0.045555	0.933948	0.346053	-0.089380
24160	9.810565	0.260115	-1.436408	0.085295	0.244247	-0.010983	0.065488	0.073177	0.995166	0.351672	-0.935011	0.045612	0.933830	0.346986	-0.086967
24161	9.748280	0.409663	-1.157386	0.095125	0.248569	-0.012672	0.063131	0.072545	0.995365	0.352658	-0.934633	0.045751	0.933620	0.348135	-0.084588
24162	9.661675	0.498092	-0.899998	0.076124	0.247997	-0.009396	0.060757	0.071779	0.995568	0.353329	-0.934377	0.045804	0.933524	0.348981	-0.082132
24163	9.634138	0.475905	-0.779975	0.070781	0.242510	-0.007327	0.058473	0.071095	0.995754	0.354080	-0.934088	0.045900	0.933385	0.349892	-0.079793
24164	9.653335	0.433170	-0.540224	0.094225	0.226446	-0.008992	0.056303	0.070397	0.995929	0.354919	-0.933768	0.045938	0.933200	0.350888	-0.077559
24165	9.638075	0.369851	-0.317211	0.133470	0.210631	-0.012108	0.054302	0.069864	0.996077	0.356256	-0.933254	0.046036	0.932809	0.352359	-0.075567
24166	9.708886	0.591063	-0.170458	0.158004	0.193939	-0.018972	0.052400	0.069367	0.996214	0.357695	-0.932698	0.046129	0.932367	0.353924	-0.073686
24167	9.777463	0.837132	-0.095060	0.130498	0.171234	-0.015311	0.050755	0.069002	0.996325	0.359000	-0.932190	0.046272	0.931956	0.355332	-0.072085
24168	9.696038	0.635077	-0.244695	0.050053	0.147335	-0.016587	0.049297	0.068643	0.996423	0.359430	-0.932016	0.046424	0.931869	0.355856	-0.070618
24169	9.745519	0.518029	-0.446157	0.066768	0.136316	-0.012837	0.047986	0.068372	0.996505	0.360139	-0.931735	0.046586	0.931664	0.356645	-0.069333
24170	9.758958	0.752309	-0.395820	0.088518	0.124326	-0.014925	0.046748	0.068078	0.996584	0.360926	-0.931425	0.046696	0.931422	0.357510	-0.068114
24171	9.758581	0.789207	-0.432461	0.046317	0.115017	-0.010687	0.045643	0.067872	0.996649	0.361446	-0.931214	0.046863	0.931275	0.358096	-0.067035
24172	9.756057	0.659236	-0.544967	0.017825	0.103901	-0.005697	0.044629	0.067564	0.996716	0.361571	-0.931163	0.046931	0.931276	0.358289	-0.065986
24173	9.809870	0.623920	-0.599921	0.023237	0.104345	-0.006762	0.043636	0.067361	0.996774	0.361873	-0.931038	0.047076	0.931205	0.358652	-0.065003
24174	9.736237	0.753176	-0.492422	0.012295	0.101799	-0.005611	0.042643	0.067059	0.996837	0.361946	-0.931006	0.047147	0.931223	0.358791	-0.063973
24175	9.703187	0.720597	-0.519780	-0.041135	0.091672	-0.003236	0.041782	0.066851	0.996888	0.361643	-0.931117	0.047283	0.931380	0.358542	-0.063080
24176	9.625611	0.576491	-0.569179	-0.058191	0.078113	-0.004819	0.041012	0.066628	0.996935	0.361058	-0.931338	0.047391	0.931641	0.358008	-0.062252
24177	9.560467	0.451172	-0.518760	-0.067321	0.068541	-0.004821	0.040358	0.066517	0.996969	0.360511	-0.931542	0.047558	0.931881	0.357499	-0.061575
24178	9.526922	0.300129	-0.539383	-0.081733	0.056705	-0.011232	0.039764	0.066431	0.996998	0.359710	-0.931842	0.047743	0.932217	0.356731	-0.060949
24179	9.428967	0.273335	-0.517388	-0.051645	0.042503	-0.011350	0.039330	0.066466	0.997013	0.359303	-0.931988	0.047957	0.932392	0.356344	-0.060536
24180	9.419179	0.290992	-0.439391	-0.023089	0.022859	-0.013742	0.039042	0.066524	0.997021	0.359049	-0.932077	0.048131	0.932502	0.356100	-0.060275
24181	9.562431	0.455977	-0.390749	0.015475	0.007713	-0.017608	0.038907	0.066758	0.997010	0.359272	-0.931978	0.048383	0.932422	0.356315	-0.060245
24182	9.652685	0.740131	-0.240898	0.008418	-0.004437	-0.022530	0.038842	0.066995	0.996997	0.359315	-0.931949	0.048626	0.932408	0.356347	-0.060272
24183	9.684148	0.764152	-0.338321	-0.043791	-0.024404	-0.020614	0.039000	0.067356	0.996967	0.358987	-0.932059	0.048927	0.932527	0.355990	-0.060530
24184	9.670531	0.653030	-0.501176	-0.045002	-0.033071	-0.020849	0.039208	0.067680	0.996936	0.358532	-0.932221	0.049186	0.932694	0.355505	-0.060816
24185	9.624555	0.603710	-0.643034	-0.050957	-0.047068	-0.015029	0.039599	0.068056	0.996895	0.358136	-0.932360	0.049424	0.932829	0.355067	-0.061294
24186	9.610311	0.587942	-0.860367	-0.060943	-0.048483	-0.011726	0.039984	0.068350	0.996860	0.357528	-0.932584	0.049602	0.933046	0.354423	-0.061725
24187	9.629255	0.604997	-1.040764	-0.053268	-0.050479	-0.007275	0.040427	0.068700	0.996818	0.357108	-0.932735	0.049801	0.933188	0.353959	-0.062241
24188	9.724764	0.563827	-1.190743	-0.033680	-0.045696	0.000047	0.040828	0.068874	0.996790	0.356750	-0.932869	0.049845	0.933307	0.353570	-0.062658
24189	9.800415	0.542266	-1.211788	0.001964	-0.033123	0.004062	0.041153	0.069045	0.996764	0.356842	-0.932832	0.049884	0.933258	0.353634	-0.063027
24190	9.954997	0.640441	-1.103868	0.021662	-0.016272	0.001795	0.041286	0.069098	0.996755	0.357000	-0.932772	0.049876	0.933192	0.353782	-0.063179
24191	9.965829	0.551919	-1.084549	-0.006996	-0.004414	-0.000347	0.041329	0.069220	0.996745	0.357022	-0.932758	0.049973	0.933181	0.353794	-0.063263
24192	9.868328	0.320418	-0.983766	0.042155	0.006240	-0.005960	0.041224	0.069266	0.996746	0.357374	-0.932620	0.050029	0.933051	0.354149	-0.063200
24193	9.783970	0.405163	-0.805623	0.044010	0.003857	-0.004366	0.041175	0.069383	0.996740	0.357862	-0.932428	0.050124	0.932866	0.354632	-0.063222
24194	9.720517	0.504700	-0.691545	0.035784	0.009248	-0.004358	0.041048	0.069404	0.996744	0.358154	-0.932314	0.050168	0.932760	0.354929	-0.063127
24195	9.656783	0.485490	-0.567975	0.041124	-0.001115	-0.011812	0.041020	0.069613	0.996730	0.358626	-0.932123	0.050342	0.932580	0.355388	-0.063201
24196	9.647058	0.562320	-0.498621	0.039563	-0.006591	-0.014107	0.041006	0.069781	0.996719	0.358958	-0.931988	0.050482	0.932453	0.355710	-0.063265
24197	9.701863	0.575197	-0.479313	-0.000551	-0.016966	-0.013970	0.041114	0.070061	0.996695	0.359032	-0.931947	0.050699	0.932419	0.355761	-0.063470
24198	9.698804	0.482373	-0.652240	-0.001155	-0.021300	-0.014088	0.041237	0.070281	0.996675	0.358984	-0.931957	0.050865	0.932432	0.355693	-0.063661
24199	9.719880	0.569902	-0.702327	0.024907	-0.025956	-0.018581	0.041414	0.070634	0.996642	0.359300	-0.931821	0.051110	0.932303	0.355977	-0.063970
24200	9.762420	0.635899	-0.769180	0.023793	-0.025319	-0.013318	0.041577	0.070862	0.996619	0.359485	-0.931742	0.051252	0.932224	0.356138	-0.064213
24201	9.740229	0.646807	-0.776741	0.010058	-0.026624	-0.015936	0.041768	0.071191	0.996588	0.359649	-0.931666	0.051480	0.932152	0.356272	-0.064518
24202	9.738825	0.612665	-0.843340	0.000144	-0.023368	-0.009856	0.041925	0.071379	0.996568	0.359612	-0.931674	0.051602	0.932160	0.356214	-0.064729
24203	9.682454	0.507135	-0.924925	-0.015403	-0.017641	-0.011317	0.042049	0.071639	0.996544	0.359543	-0.931689	0.051806	0.932181	0.356122	-0.064934
24204	9.701479	0.416217	-1.071270	-0.005059	-0.016335	-0.010761	0.042137	0.071811	0.996528	0.359457	-0.931715	0.051941	0.932210	0.356021	-0.065073
24205	9.690164	0.386448	-1.082946	0.017958	-0.004138	-0.013768	0.042128	0.072042	0.996511	0.359701	-0.931610	0.052144	0.932116	0.356249	-0.065161
24206	9.711995	0.437781	-1.083329	0.026051	-0.000366	-0.018702	0.042039	0.072232	0.996502	0.359909	-0.931518	0.052338	0.932040	0.356450	-0.065157
24207	9.756145	0.551238	-1.061857	0.012029	0.007729	-0.019703	0.041898	0.072477	0.996490	0.360111	-0.931425	0.052604	0.931968	0.356643	-0.065124
24208	9.844164	0.645357	-1.029837	-0.023029	0.012117	-0.009682	0.041725	0.072538	0.996492	0.359858	-0.931515	0.052741	0.932074	0.356395	-0.064970
24209	9.767081	0.454323	-1.059695	-0.021450	0.024975	-0.019752	0.041420	0.072716	0.996492	0.359732	-0.931548	0.053024	0.932136	0.356274	-0.064743
24210	9.799579	0.513635	-1.089055	-0.001674	0.031112	-0.018064	0.041040	0.072787	0.996503	0.359682	-0.931555	0.053230	0.932172	0.356239	-0.064411
24211	9.778260	0.596185	-1.074331	0.020533	0.036105	-0.016491	0.040646	0.072893	0.996511	0.359950	-0.931439	0.053452	0.932086	0.356521	-0.064097
24212	9.854811	0.457014	-1.078043	0.030513	0.040604	-0.017994	0.040177	0.072930	0.996527	0.360199	-0.931332	0.053637	0.932010	0.356793	-0.063688
24213	9.932705	0.483954	-1.005540	0.073969	0.050993	-0.016103	0.039650	0.072997	0.996544	0.360993	-0.931014	0.053834	0.931725	0.357610	-0.063266
24214	9.803639	0.553285	-0.897478	0.117693	0.051954	-0.015824	0.039084	0.072973	0.996568	0.362053	-0.930595	0.053943	0.931338	0.358702	-0.062791
24215	9.676270	0.693383	-0.661883	0.149918	0.050666	-0.011769	0.038565	0.072998	0.996586	0.363517	-0.930018	0.054055	0.930789	0.360192	-0.062402
24216	9.580470	0.807296	-0.496888	0.134260	0.045861	-0.002743	0.038103	0.072872	0.996613	0.364726	-0.929546	0.054024	0.930335	0.361432	-0.061997
24217	9.506314	0.721343	-0.333241	0.112929	0.034215	-0.006731	0.037767	0.072899	0.996624	0.365874	-0.929091	0.054094	0.929898	0.362596	-0.061761
24218	9.530394	0.616954	-0.161248	0.075655	0.016410	-0.006428	0.037566	0.072913	0.996631	0.366538	-0.928827	0.054137	0.929644	0.363270	-0.061617
24219	9.540865	0.624704	-0.192935	0.030162	-0.000626	-0.008845	0.037540	0.073092	0.996618	0.366885	-0.928681	0.054290	0.929509	0.363607	-0.061679
24220	9.540050	0.529994	-0.252553	0.032095	-0.019908	-0.006831	0.037674	0.073242	0.996602	0.367144	-0.928574	0.054363	0.929401	0.363849	-0.061874
24221	9.527575	0.380260	-0.366824	0.045477	-0.035458	-0.007708	0.037976	0.073543	0.996569	0.367650	-0.928366	0.054500	0.929188	0.364319	-0.062294
24222	9.557459	0.282993	-0.568446	0.116545	-0.049343	-0.018768	0.038340	0.073912	0.996527	0.368698	-0.927942	0.054640	0.928758	0.365323	-0.062829
24223	9.589622	0.543650	-0.581054	0.194688	-0.060274	-0.020070	0.038823	0.074418	0.996471	0.370590	-0.927178	0.054805	0.927985	0.367154	-0.063574
24224	9.753780	0.771050	-0.522760	0.182000	-0.066557	-0.013778	0.039364	0.074805	0.996421	0.372242	-0.926513	0.054852	0.927301	0.368751	-0.064317
24225	9.762506	0.539965	-0.651463	0.142944	-0.068485	-0.023772	0.039913	0.075378	0.996356	0.373670	-0.925925	0.055081	0.926702	0.370110	-0.065123
24226	9.878677	0.510975	-0.868339	0.148291	-0.068100	-0.024874	0.040425	0.075875	0.996298	0.375013	-0.925371	0.055258	0.926138	0.371391	-0.065862
24227	9.843455	0.631951	-0.972431	0.153308	-0.067141	-0.012930	0.040994	0.076346	0.996238	0.376501	-0.924760	0.055375	0.925509	0.372815	-0.066654
24228	9.939250	0.611495	-1.082438	0.140567	-0.062658	-0.010657	0.041508	0.076693	0.996190	0.377766	-0.924242	0.055414	0.924970	0.374026	-0.067336
24229	9.894791	0.701715	-1.084537	0.136207	-0.060770	-0.013096	0.042018	0.077126	0.996136	0.379101	-0.923688	0.055526	0.924401	0.375303	-0.068050
24230	9.806739	0.620040	-1.098615	0.153067	-0.045761	-0.010863	0.042374	0.077413	0.996098	0.380480	-0.923119	0.055556	0.923818	0.376641	-0.068571
24231	9.765609	0.545470	-0.947550	0.175394	-0.045693	-0.008318	0.042766	0.077770	0.996054	0.382194	-0.922407	0.055610	0.923092	0.378308	-0.069171
24232	9.734524	0.465534	-0.849559	0.212592	-0.042310	-0.013279	0.043080	0.078067	0.996017	0.384121	-0.921606	0.055621	0.922277	0.380195	-0.069690
24233	9.747977	0.582468	-0.697647	0.263145	-0.042132	-0.011954	0.043415	0.078414	0.995975	0.386601	-0.920568	0.055625	0.921225	0.382630	-0.070281
24234	9.689049	0.833483	-0.340848	0.247562	-0.055040	-0.013839	0.043842	0.078768	0.995928	0.388846	-0.919623	0.055615	0.920259	0.384824	-0.070947
24235	9.627818	0.808163	-0.133835	0.180451	-0.076544	-0.006708	0.044515	0.079250	0.995860	0.390597	-0.918877	0.055664	0.919485	0.386502	-0.071858
24236	9.586950	0.652140	-0.021212	0.155410	-0.100049	-0.006520	0.045383	0.079712	0.995784	0.391988	-0.918286	0.055643	0.918850	0.387810	-0.072921
24237	9.463041	0.659307	0.278586	0.160963	-0.130864	-0.011217	0.046545	0.080429	0.995673	0.393585	-0.917598	0.055723	0.918109	0.389288	-0.074365
24238	9.501056	0.868097	0.480082	0.142045	-0.168521	-0.018841	0.047991	0.081274	0.995536	0.394858	-0.917044	0.055831	0.917488	0.390415	-0.076102
24239	9.453632	1.020876	0.713312	0.082641	-0.215140	-0.009963	0.049921	0.082277	0.995358	0.395669	-0.916689	0.055930	0.917036	0.391040	-0.078316
24240	9.444660	1.003367	0.701921	-0.005311	-0.262277	-0.010128	0.052260	0.083410	0.995144	0.395585	-0.916717	0.056063	0.916941	0.390735	-0.080904
24241	9.510287	0.663312	0.592754	-0.047996	-0.322399	-0.011313	0.055164	0.084876	0.994863	0.395212	-0.916862	0.056307	0.916932	0.390076	-0.084121
24242	9.622202	0.414922	0.563917	0.015123	-0.371146	-0.019774	0.058462	0.086520	0.994533	0.395323	-0.916802	0.056519	0.916680	0.389858	-0.087802
24243	9.668824	0.353264	0.818920	0.119604	-0.427850	-0.026377	0.062266	0.088517	0.994127	0.396492	-0.916282	0.056752	0.915924	0.390630	-0.092150
24244	9.629200	0.652484	1.054111	0.188156	-0.487426	-0.028436	0.066589	0.090700	0.993650	0.398194	-0.915536	0.056885	0.914881	0.391877	-0.097081
24245	9.623985	0.949757	1.254338	0.169211	-0.554425	-0.030331	0.071538	0.093238	0.993071	0.399861	-0.914796	0.057084	0.913780	0.393007	-0.102725
24246	9.654893	1.197020	1.447958	0.053343	-0.622444	-0.030001	0.077078	0.095974	0.992395	0.400332	-0.914573	0.057354	0.913123	0.392867	-0.108915
24247	9.789166	0.912761	1.093886	-0.161097	-0.695589	-0.028192	0.083300	0.099048	0.991590	0.398950	-0.915143	0.057897	0.913181	0.390772	-0.115747
24248	9.960570	0.370628	0.513067	-0.192477	-0.767936	-0.033793	0.090153	0.102364	0.990653	0.397184	-0.915873	0.058492	0.913300	0.388198	-0.123226
24249	10.024142	0.092150	0.343086	-0.105892	-0.818999	-0.040829	0.097449	0.105977	0.989582	0.396289	-0.916222	0.059096	0.912940	0.386402	-0.131283
24250	10.118433	0.012913	0.301182	-0.007282	-0.876763	-0.052096	0.105218	0.109854	0.988363	0.396238	-0.916208	0.059652	0.912099	0.385350	-0.139929
24251	10.304843	0.027204	0.416586	0.056705	-0.937233	-0.065368	0.113479	0.114154	0.986961	0.396868	-0.915893	0.060303	0.910834	0.384850	-0.149239
24252	10.290559	-0.192437	0.342676	0.108325	-0.995119	-0.094719	0.122133	0.118866	0.985370	0.397928	-0.915380	0.061102	0.909251	0.384644	-0.159098
24253	10.328150	-0.389003	0.332132	0.226003	-1.057035	-0.128450	0.131216	0.124151	0.983549	0.400216	-0.914320	0.062020	0.906978	0.385494	-0.169660
24254	10.569447	-0.073193	0.555320	0.356837	-1.121545	-0.174200	0.140646	0.130092	0.981476	0.403648	-0.912733	0.063138	0.904040	0.387290	-0.180883
24255	11.055833	-0.059433	1.040472	0.327946	-1.190466	-0.212737	0.150507	0.136703	0.979112	0.406931	-0.911167	0.064664	0.900974	0.388699	-0.192766
24256	11.973185	-0.879771	1.131849	0.285628	-1.264768	-0.208217	0.161007	0.143536	0.976460	0.409789	-0.909778	0.066165	0.897858	0.389490	-0.205300
24257	11.985058	-0.816792	1.160571	0.276145	-1.345398	-0.216480	0.172136	0.150815	0.973460	0.412610	-0.908383	0.067772	0.894496	0.389993	-0.218594
24258	12.232860	-0.683877	1.240523	0.195889	-1.458584	-0.235632	0.184158	0.158655	0.970007	0.414744	-0.907268	0.069653	0.891108	0.389477	-0.232882
24259	13.171669	-1.090901	1.230102	0.230526	-1.556666	-0.247347	0.196944	0.166991	0.966088	0.417233	-0.905979	0.071545	0.887203	0.388994	-0.248102
24260	13.992106	-0.862786	1.182449	0.283967	-1.625663	-0.249774	0.210259	0.175590	0.961748	0.420221	-0.904460	0.073261	0.882726	0.388743	-0.263958
24261	13.903496	-0.314825	0.672974	0.214411	-1.676393	-0.270975	0.223857	0.184544	0.956991	0.422656	-0.903157	0.075296	0.878209	0.387622	-0.280177
24262	13.690175	-0.187029	0.222693	0.185918	-1.718683	-0.297163	0.237625	0.193890	0.951809	0.424937	-0.901888	0.077633	0.873478	0.386011	-0.296702
24263	13.618769	0.564582	0.549059	-0.040698	-1.736775	-0.291975	0.251473	0.203176	0.946299	0.425166	-0.901522	0.080577	0.869480	0.382071	-0.313092
24264	12.669984	2.095519	0.235852	-0.598125	-1.669665	-0.248534	0.264899	0.211740	0.940742	0.420581	-0.903276	0.084878	0.867721	0.373174	-0.328331
24265	10.534096	3.774087	-1.011716	-1.172080	-1.577011	-0.210804	0.277682	0.219408	0.935282	0.410862	-0.907162	0.090828	0.868381	0.359051	-0.342049
24266	8.546702	2.980060	-3.815555	-1.476899	-1.562664	-0.218772	0.290354	0.226893	0.929631	0.398615	-0.911861	0.098056	0.869943	0.342094	-0.355206
24267	7.810702	1.674248	-6.535230	-0.971193	-1.518783	-0.241868	0.302585	0.234164	0.923910	0.390768	-0.914615	0.103830	0.869335	0.329617	-0.368252
24268	7.993374	1.395789	-7.838131	-0.783133	-1.362020	-0.256967	0.313397	0.240952	0.918545	0.384724	-0.916553	0.109166	0.868199	0.319174	-0.379945
24269	6.885749	1.286275	-9.189366	-0.344324	-1.152859	-0.260666	0.322382	0.246958	0.913828	0.382473	-0.917043	0.112897	0.865901	0.313119	-0.390092
24270	5.856018	2.135142	-8.729940	-0.107745	-1.002536	-0.271330	0.329986	0.252584	0.909566	0.382397	-0.916709	0.115836	0.863065	0.309591	-0.399088
24271	5.725721	1.924250	-8.086240	0.005632	-0.811597	-0.263491	0.335952	0.257507	0.905995	0.383230	-0.916051	0.118259	0.860390	0.307475	-0.406434
24272	5.309662	1.539264	-6.650315	0.188599	-0.525665	-0.228605	0.339565	0.261234	0.903577	0.385593	-0.914885	0.119597	0.857912	0.307802	-0.411393
24273	4.624601	1.096992	-5.414738	0.289727	-0.151335	-0.195720	0.340088	0.263510	0.902720	0.388664	-0.913501	0.120233	0.856318	0.309965	-0.413087
24274	3.883573	-0.072770	-5.237405	0.459979	0.300239	-0.171663	0.336822	0.264156	0.903755	0.393153	-0.911618	0.119929	0.855559	0.314919	-0.410907
24275	3.805481	-1.434675	-5.899287	0.927782	0.724992	-0.161793	0.329961	0.263330	0.906522	0.401531	-0.908253	0.117681	0.854341	0.325167	-0.405424
24276	4.889681	-1.638529	-4.617755	1.587022	1.181622	-0.079248	0.319533	0.260119	0.911173	0.415297	-0.902755	0.112078	0.851720	0.342595	-0.396487
24277	5.364498	-0.278577	-3.520369	1.944752	1.642131	0.067112	0.305826	0.253723	0.917657	0.431505	-0.896101	0.103956	0.848690	0.364181	-0.383534
24278	5.265869	1.781334	-2.642574	1.801073	2.036956	0.182203	0.289330	0.244478	0.925483	0.446202	-0.889815	0.095561	0.846872	0.385304	-0.366537
24279	5.458773	2.444006	-2.299817	1.229678	2.373837	0.242205	0.270260	0.232999	0.934168	0.455852	-0.885594	0.089003	0.848032	0.401789	-0.345554
24280	6.109283	2.250959	-2.566865	0.662555	2.687107	0.264509	0.248604	0.219717	0.943356	0.460766	-0.883504	0.084350	0.851992	0.413697	-0.320881
24281	7.435221	2.196326	-3.025306	0.181740	2.964022	0.383008	0.225000	0.203975	0.952769	0.461370	-0.883575	0.080207	0.858203	0.421533	-0.292912
24282	8.013466	1.940152	-3.561997	-0.119229	3.216255	0.538344	0.199728	0.185586	0.962116	0.459166	-0.885143	0.075419	0.865607	0.426708	-0.262003
24283	8.535797	2.310649	-3.715557	-0.367443	3.402803	0.672907	0.173185	0.165087	0.970955	0.454692	-0.887904	0.069865	0.873649	0.429386	-0.228835
24284	8.068086	3.570697	-4.096588	-0.930119	3.490693	0.749716	0.145862	0.143485	0.978844	0.445288	-0.893057	0.064556	0.883427	0.426451	-0.194155
24285	7.824325	3.898445	-5.494868	-1.456899	3.416591	0.803295	0.118987	0.121903	0.985384	0.431286	-0.900265	0.059294	0.894335	0.417927	-0.159695
24286	8.925640	3.268707	-5.378810	-1.847652	3.238341	0.827809	0.093311	0.101107	0.990490	0.413740	-0.908805	0.053791	0.905601	0.404786	-0.126634
24287	9.132979	2.121545	-4.502806	-2.204996	3.080178	0.838775	0.068599	0.081312	0.994325	0.393015	-0.918279	0.047979	0.916970	0.387494	-0.094950
24288	8.189724	0.359791	-3.434343	-2.319080	2.885945	0.795296	0.044995	0.063083	0.996993	0.371134	-0.927631	0.041945	0.927489	0.368131	-0.065151
24289	8.448415	-1.409731	-2.937626	-2.126434	2.653752	0.700288	0.022758	0.047093	0.998631	0.351168	-0.935615	0.036119	0.936036	0.349866	-0.037831
24290	12.149884	-0.127074	-0.741996	-1.006500	2.442134	0.419280	0.001279	0.034739	0.999396	0.341636	-0.939280	0.032212	0.939832	0.341388	-0.013069
24291	9.288683	3.857787	0.014310	-1.175516	1.785525	0.118248	-0.015137	0.027694	0.999502	0.330638	-0.943244	0.031142	0.943636	0.330945	0.005121
24292	8.076335	-0.285860	-6.986858	-0.320915	0.728997	-0.273349	-0.022943	0.027889	0.999348	0.327514	-0.944239	0.033870	0.944568	0.328077	0.012530
24293	8.886986	-6.300806	-10.787057	1.001893	-0.482632	-0.623828	-0.020463	0.035457	0.999162	0.336910	-0.940675	0.040282	0.941315	0.337452	0.007304
24294	16.653302	-13.227877	-6.140206	3.695062	-0.816624	-0.649262	-0.015153	0.044435	0.998897	0.371300	-0.927329	0.046884	0.928389	0.371601	-0.002447
24295	19.089207	-5.022683	8.062351	5.811585	-0.167159	-0.184245	-0.014350	0.046828	0.998800	0.424627	-0.904069	0.048487	0.905255	0.424813	-0.006911
24296	13.311585	9.685741	13.280501	3.318389	-0.173059	-0.016537	-0.012895	0.047752	0.998776	0.454386	-0.889490	0.048394	0.890712	0.454453	-0.010228
24297	8.077801	11.973967	7.946352	-1.218557	-0.811641	-0.065350	-0.005925	0.052010	0.998629	0.443500	-0.894921	0.049240	0.896255	0.443184	-0.017764
24298	7.272518	4.699881	1.439622	-3.191439	-1.023556	-0.163989	0.002590	0.057890	0.998320	0.414632	-0.908524	0.051608	0.909985	0.413802	-0.026356
24299	7.902124	-5.067692	-10.334771	-2.603135	-1.195097	-0.252864	0.012511	0.065046	0.997804	0.390859	-0.918806	0.054996	0.920365	0.389313	-0.036919
24300	9.820728	-8.201074	-5.491583	0.713085	-0.773307	-0.295670	0.018426	0.070809	0.997320	0.397417	-0.915823	0.057680	0.917453	0.395289	-0.045015
24301	8.704164	-2.706197	-1.967859	1.043295	-0.528306	-0.328719	0.021951	0.075989	0.996867	0.407048	-0.911400	0.060511	0.913143	0.404444	-0.050938
24302	9.550763	2.514987	-3.479357	1.520906	-0.455561	-0.343529	0.024648	0.080998	0.996409	0.420928	-0.904893	0.063146	0.906759	0.417860	-0.056398
24303	10.043782	6.738988	-2.150619	1.240996	-0.380231	-0.274846	0.026884	0.085168	0.996004	0.432240	-0.899395	0.065240	0.901358	0.428759	-0.060992
24304	9.883140	6.132190	-1.416814	-0.060417	-0.463242	-0.158631	0.030348	0.088594	0.995605	0.431702	-0.899533	0.066886	0.901506	0.427775	-0.065545
24305	9.901428	2.631999	-1.497437	-0.992443	-0.511741	-0.128107	0.034436	0.092061	0.995158	0.422836	-0.903579	0.068958	0.905552	0.418414	-0.070042
24306	9.826254	-1.402263	-2.749368	-0.956188	-0.468031	-0.162224	0.037978	0.095483	0.994706	0.414178	-0.907400	0.071289	0.909403	0.409278	-0.074008
24307	9.966478	-3.048547	-2.752740	-0.291620	-0.379293	-0.210569	0.040573	0.099027	0.994257	0.411683	-0.908345	0.073670	0.910423	0.406330	-0.077622
24308	10.278119	-2.179528	-2.690684	0.281009	-0.311651	-0.236919	0.042404	0.102463	0.993833	0.414299	-0.906976	0.075831	0.909152	0.408529	-0.080910
24309	10.230263	-0.030158	-2.360618	0.541564	-0.262892	-0.246009	0.043765	0.105896	0.993414	0.419384	-0.904457	0.077937	0.906753	0.413211	-0.083995
24310	10.082269	1.402139	-2.046528	0.388922	-0.240723	-0.240986	0.044905	0.109088	0.993017	0.422976	-0.902600	0.080028	0.905028	0.416429	-0.086673
24311	9.928837	1.274960	-2.267635	0.160121	-0.220383	-0.230287	0.045925	0.112166	0.992628	0.424592	-0.901642	0.082240	0.904219	0.417685	-0.089032
24312	9.837566	0.635722	-2.675986	0.163763	-0.179036	-0.224623	0.046561	0.114955	0.992279	0.426137	-0.900717	0.084352	0.903459	0.418920	-0.090925
24313	9.841620	0.707291	-2.408205	0.272991	-0.131170	-0.228693	0.046773	0.117656	0.991952	0.428781	-0.899263	0.086444	0.902197	0.421287	-0.092509
24314	9.871321	1.417988	-2.117906	0.348094	-0.059490	-0.218348	0.046343	0.119885	0.991706	0.431982	-0.897548	0.088316	0.900691	0.424306	-0.093383
24315	9.737348	2.341305	-1.350409	0.283922	-0.035406	-0.185962	0.045856	0.121839	0.991490	0.434712	-0.896061	0.090007	0.899401	0.426885	-0.094054
24316	9.659932	2.242751	-1.105887	0.058294	-0.037847	-0.160827	0.045470	0.123457	0.991308	0.435272	-0.895630	0.091576	0.899150	0.427324	-0.094462
24317	9.591443	1.340095	-1.379726	-0.010562	-0.041595	-0.144349	0.045213	0.125049	0.991120	0.435333	-0.895441	0.093119	0.899134	0.427257	-0.094923
24318	9.558442	0.807535	-1.314042	0.024413	-0.042786	-0.139120	0.044965	0.126494	0.990948	0.435577	-0.895177	0.094504	0.899028	0.427385	-0.095349
24319	9.590662	0.590036	-1.253889	0.062790	-0.041826	-0.143316	0.044721	0.128095	0.990753	0.436308	-0.894664	0.095978	0.898685	0.427981	-0.095900
24320	9.600945	0.882797	-0.975725	0.142958	-0.034289	-0.140572	0.044388	0.129516	0.990583	0.437617	-0.893885	0.097263	0.898065	0.429179	-0.096357
24321	9.622355	1.121186	-0.486003	0.112062	-0.042695	-0.141267	0.044143	0.131083	0.990388	0.438774	-0.893165	0.098658	0.897513	0.430201	-0.096943
24322	9.547699	1.537722	0.238242	0.011489	-0.067047	-0.145707	0.044079	0.132689	0.990177	0.438904	-0.892939	0.100120	0.897452	0.430179	-0.097597
24323	9.493270	1.448155	0.418389	-0.249099	-0.112199	-0.141979	0.044449	0.134569	0.989907	0.436812	-0.893765	0.101885	0.898454	0.427874	-0.098508
24324	9.411232	0.900084	0.226233	-0.327542	-0.154407	-0.150108	0.045157	0.136586	0.989598	0.433896	-0.894972	0.103726	0.899830	0.424699	-0.099679
24325	9.445937	0.685913	0.040904	-0.290233	-0.187572	-0.157936	0.046147	0.138927	0.989227	0.431435	-0.895931	0.105698	0.900963	0.421909	-0.101283
24326	9.514955	0.813600	0.006676	-0.217747	-0.223099	-0.161500	0.047436	0.141330	0.988825	0.429510	-0.896635	0.107549	0.901815	0.419609	-0.103236
24327	9.513609	1.078494	0.026507	-0.136109	-0.264861	-0.170565	0.049084	0.144070	0.988349	0.428436	-0.896917	0.109465	0.902238	0.418072	-0.105749
24328	9.548879	1.611012	0.188116	-0.104917	-0.307511	-0.165014	0.051126	0.146851	0.987836	0.427535	-0.897128	0.111239	0.902552	0.416648	-0.108651
24329	9.498311	1.811368	0.068825	-0.152757	-0.351488	-0.159077	0.053607	0.149851	0.987254	0.426310	-0.897482	0.113077	0.902987	0.414815	-0.111995
24330	9.475444	1.626249	-0.473110	-0.208460	-0.392416	-0.156618	0.056459	0.152898	0.986628	0.424477	-0.898120	0.114891	0.903677	0.412314	-0.115609
24331	9.442673	1.214609	-0.987684	-0.149426	-0.414885	-0.155196	0.059538	0.156107	0.985944	0.423293	-0.898446	0.116692	0.904034	0.410396	-0.119570
24332	9.584775	1.459309	-1.526152	-0.073730	-0.422651	-0.146659	0.062712	0.159174	0.985257	0.422680	-0.898530	0.118259	0.904107	0.409032	-0.123628
24333	9.721070	1.951272	-2.166264	-0.076687	-0.404826	-0.128654	0.065825	0.162068	0.984582	0.422149	-0.898590	0.119690	0.904134	0.407761	-0.127567
24334	9.669855	1.956644	-2.862795	-0.126817	-0.384997	-0.110478	0.068814	0.164645	0.983949	0.421040	-0.898939	0.120974	0.904428	0.405957	-0.131182
24335	9.698676	1.637827	-3.323902	-0.060395	-0.345006	-0.094447	0.071529	0.166968	0.983364	0.420638	-0.898982	0.122044	0.904404	0.404911	-0.134536
24336	9.734301	1.807104	-3.314933	0.048433	-0.297337	-0.072016	0.073888	0.168838	0.982871	0.421092	-0.898678	0.122719	0.904003	0.404812	-0.137498
24337	9.705871	1.984529	-3.045469	0.023286	-0.242904	-0.049236	0.075864	0.170419	0.982447	0.421455	-0.898428	0.123300	0.903671	0.404703	-0.139982
24338	9.714951	1.399655	-2.952844	0.009599	-0.203420	-0.030116	0.077549	0.171530	0.982122	0.421529	-0.898350	0.123615	0.903493	0.404406	-0.141971
24339	9.816288	1.155425	-2.703008	0.074367	-0.161061	-0.022329	0.078889	0.172509	0.981844	0.422309	-0.897953	0.123838	0.903013	0.404872	-0.143691
24340	9.805366	1.485388	-2.319522	0.062015	-0.122838	-0.011174	0.079925	0.173125	0.981652	0.422842	-0.897695	0.123891	0.902672	0.405181	-0.144952
24341	9.634658	1.731929	-2.073227	-0.050357	-0.098832	-0.000858	0.080830	0.173646	0.981485	0.422561	-0.897806	0.124042	0.902723	0.404711	-0.145945
24342	9.566881	1.521815	-2.114420	-0.175566	-0.077492	0.002191	0.081512	0.173958	0.981374	0.420938	-0.898531	0.124310	0.903420	0.402965	-0.146467
24343	9.588229	1.067268	-2.088236	-0.175280	-0.064505	-0.005664	0.082057	0.174406	0.981249	0.419481	-0.899154	0.124736	0.904048	0.401379	-0.146942
24344	9.603904	0.855378	-1.840285	-0.082209	-0.049430	-0.014375	0.082417	0.174753	0.981157	0.418713	-0.899470	0.125032	0.904371	0.400519	-0.147303
24345	9.590648	1.258575	-1.576504	-0.095413	-0.049984	-0.018117	0.082775	0.175243	0.981039	0.417984	-0.899750	0.125455	0.904676	0.399674	-0.147726
24346	9.526412	1.651377	-1.504252	-0.201778	-0.056579	-0.014403	0.083201	0.175617	0.980936	0.416134	-0.900541	0.125928	0.905489	0.397724	-0.148006
24347	9.588923	1.652632	-1.420558	-0.282499	-0.060819	-0.006334	0.083714	0.176064	0.980813	0.413729	-0.901565	0.126526	0.906543	0.395198	-0.148317
24348	9.459421	1.572087	-1.447443	-0.286572	-0.047230	0.004236	0.084134	0.176231	0.980747	0.411090	-0.902713	0.126943	0.907704	0.392495	-0.148396
24349	9.395768	1.773617	-1.279200	-0.298572	-0.047290	0.014784	0.084605	0.176418	0.980673	0.408457	-0.903849	0.127359	0.908848	0.389787	-0.148529
24350	9.475321	1.316215	-1.459499	-0.300049	-0.067481	0.014732	0.085253	0.176566	0.980590	0.405680	-0.905051	0.127695	0.910030	0.386920	-0.148788
24351	9.524018	1.120543	-1.545330	-0.199724	-0.077297	0.020847	0.086040	0.176817	0.980476	0.404031	-0.905761	0.127889	0.910690	0.385139	-0.149371
24352	9.525336	1.076716	-1.668019	-0.121849	-0.094348	0.021698	0.086961	0.177004	0.980361	0.402867	-0.906279	0.127893	0.911118	0.383833	-0.150120
24353	9.499802	1.071191	-1.700744	-0.042426	-0.102813	0.019987	0.087962	0.177307	0.980217	0.402568	-0.906420	0.127833	0.911154	0.383360	-0.151109
24354	9.525327	1.129119	-1.405090	0.015617	-0.112470	0.017843	0.089032	0.177597	0.980068	0.402660	-0.906403	0.127669	0.911009	0.383267	-0.152210
24355	9.586542	1.236328	-1.057155	0.037821	-0.116574	0.016681	0.090143	0.178046	0.979885	0.403108	-0.906216	0.127577	0.910702	0.383499	-0.153461
