// General information: 
//  MT Manager version: 2022.2.0 
//  XDA version: 2022.2.0 build 7381 rev 124627 built on 2023-07-19
// Device information: 
//  DeviceId: 00B4CBA7
//  ProductCode: MTW2-3A7G6
//  Firmware Version: 4.6.0
//  Hardware Version: 2.0.0
// Device settings: 
//  Filter Profile: human(46.1)
//  Option Flags: Orientation Smoother Disabled, Position/Velocity Smoother Disabled, Continuous Zero Rotation Update Disabled, AHS Disabled, ICC Disabled
// Coordinate system: ENU
PacketCounter	Acc_X	Acc_Y	Acc_Z	Gyr_X	Gyr_Y	Gyr_Z	Mat[1][1]	Mat[2][1]	Mat[3][1]	Mat[1][2]	Mat[2][2]	Mat[3][2]	Mat[1][3]	Mat[2][3]	Mat[3][3]
57976	7.529327	1.088580	-5.787197	1.310966	-0.107978	-1.017150	-0.199845	-0.439183	0.875888	-0.973775	-0.010184	-0.227286	0.108740	-0.898340	-0.425630
57977	7.867595	2.994665	-4.527479	0.939101	0.061967	-0.903195	-0.191069	-0.438473	0.878199	-0.974489	-0.022590	-0.223298	0.117748	-0.898460	-0.422971
57978	8.152062	3.615825	-4.232770	0.299511	0.288654	-0.729608	-0.183889	-0.435732	0.881092	-0.975528	-0.029021	-0.217951	0.120538	-0.899608	-0.419732
57979	8.317044	3.685199	-4.179708	-0.211426	0.499611	-0.564902	-0.178921	-0.431061	0.884406	-0.976816	-0.029570	-0.212029	0.117549	-0.901838	-0.415777
57980	8.697110	2.962605	-4.135424	-0.763279	0.739650	-0.422804	-0.175484	-0.424148	0.888428	-0.978475	-0.024394	-0.204917	0.108588	-0.905264	-0.410738
57981	8.107498	1.720410	-4.851907	-1.078411	0.911719	-0.279170	-0.173636	-0.415815	0.892720	-0.980079	-0.015788	-0.197981	0.096418	-0.909312	-0.404790
57982	8.015086	0.931584	-4.767479	-1.186558	1.037440	-0.151006	-0.172830	-0.406298	0.897247	-0.981448	-0.005727	-0.191642	0.083003	-0.913723	-0.397771
57983	7.881857	0.229371	-4.434457	-1.153291	1.117497	-0.028824	-0.173350	-0.396058	0.901714	-0.982389	0.004716	-0.186789	0.069727	-0.918213	-0.389900
57984	7.958133	-0.105348	-3.890867	-1.212379	1.153564	0.104288	-0.174896	-0.385314	0.906060	-0.983016	0.016364	-0.182791	0.055605	-0.922640	-0.381632
57985	8.164508	-1.529824	-3.983690	-1.239404	1.141340	0.247264	-0.177830	-0.374702	0.909931	-0.983190	0.028760	-0.180304	0.041391	-0.926699	-0.373518
57986	8.117698	-1.857338	-4.022416	-1.230484	1.049671	0.411556	-0.182188	-0.364606	0.913165	-0.982897	0.042165	-0.179265	0.026857	-0.930207	-0.366052
57987	8.383400	-2.819510	-4.421805	-1.397886	0.912320	0.571332	-0.187925	-0.355822	0.915464	-0.982117	0.057240	-0.179359	0.011418	-0.932799	-0.360216
57988	8.876741	-3.661703	-4.697431	-1.637255	0.676469	0.725415	-0.194980	-0.349010	0.916611	-0.980788	0.075199	-0.179999	-0.006107	-0.934097	-0.356967
57989	8.230418	-4.689096	-4.604311	-2.082705	0.386432	0.891361	-0.203598	-0.344631	0.916394	-0.978674	0.097737	-0.180679	-0.027299	-0.933636	-0.357180
57990	8.201883	-7.161626	-4.873293	-2.436910	0.141322	0.890143	-0.212189	-0.342176	0.915364	-0.975857	0.123808	-0.179931	-0.051761	-0.931444	-0.360186
57991	7.957094	-9.294272	-4.965305	-2.235636	0.026556	0.743981	-0.219371	-0.340924	0.914137	-0.972860	0.147137	-0.178589	-0.073618	-0.928505	-0.363949
57992	8.038953	-8.035719	-4.482590	-1.575076	-0.104516	0.603258	-0.225261	-0.340920	0.912705	-0.970243	0.163882	-0.178247	-0.088808	-0.925698	-0.367691
57993	8.178820	-5.590457	-3.947912	-1.329432	-0.126892	0.485022	-0.230030	-0.341269	0.911384	-0.967884	0.177821	-0.177705	-0.101418	-0.922992	-0.371214
57994	8.479962	-4.012465	-4.010148	-1.164647	-0.143550	0.426717	-0.234277	-0.341766	0.910116	-0.965641	0.190120	-0.177176	-0.112478	-0.920354	-0.374564
57995	8.578283	-2.632359	-4.474467	-1.034515	-0.133931	0.387888	-0.238124	-0.342244	0.908936	-0.963522	0.200951	-0.176760	-0.122156	-0.917871	-0.377611
57996	8.766755	-1.604897	-4.436301	-0.935750	-0.101067	0.347073	-0.241551	-0.342420	0.907966	-0.961507	0.210757	-0.176313	-0.130987	-0.915604	-0.380147
57997	9.059827	-0.844316	-4.248109	-0.814846	-0.082159	0.323705	-0.244720	-0.342482	0.907093	-0.959632	0.219313	-0.176091	-0.138629	-0.913569	-0.382328
57998	9.289533	-0.133646	-3.887615	-0.754164	-0.065442	0.304076	-0.247666	-0.342423	0.906316	-0.957829	0.227207	-0.175899	-0.145689	-0.911660	-0.384254
57999	9.290720	-0.339493	-3.518587	-0.833108	-0.031005	0.283128	-0.250370	-0.342059	0.905710	-0.955888	0.235758	-0.175203	-0.153598	-0.909623	-0.385996
58000	9.146709	-1.520987	-3.152135	-0.867573	-0.010031	0.237986	-0.252588	-0.341628	0.905257	-0.953956	0.244346	-0.173965	-0.161765	-0.907516	-0.387617
58001	9.335202	-2.835892	-3.020412	-0.766783	-0.020208	0.158939	-0.254086	-0.341426	0.904914	-0.952296	0.251835	-0.172372	-0.169037	-0.905543	-0.389126
58002	9.435223	-3.991639	-3.132632	-0.583985	-0.029911	0.059372	-0.254589	-0.341656	0.904685	-0.951219	0.257049	-0.170610	-0.174258	-0.903990	-0.390432
58003	9.078370	-5.304309	-3.507288	-0.278142	-0.055952	-0.065923	-0.254010	-0.342342	0.904589	-0.950910	0.259331	-0.168873	-0.176776	-0.903078	-0.391409
58004	8.418577	-5.786418	-3.878937	0.233650	-0.126507	-0.200293	-0.252257	-0.344085	0.904418	-0.951880	0.256341	-0.167971	-0.174043	-0.903269	-0.392191
58005	8.197613	-4.531798	-4.111867	0.647349	-0.218332	-0.284590	-0.249868	-0.346787	0.904049	-0.953710	0.249503	-0.167886	-0.167342	-0.904150	-0.393077
58006	8.336130	-3.275280	-4.358143	0.747412	-0.235673	-0.320213	-0.247129	-0.349742	0.903663	-0.955768	0.241476	-0.167920	-0.159484	-0.905190	-0.393948
58007	8.478022	-2.169890	-4.188220	0.669210	-0.214851	-0.337588	-0.244183	-0.352500	0.903393	-0.957652	0.234225	-0.167456	-0.152569	-0.906026	-0.394766
58008	8.625669	-1.646947	-4.094958	0.499096	-0.183195	-0.344909	-0.241105	-0.354964	0.903255	-0.959260	0.228395	-0.166300	-0.147268	-0.906552	-0.395570
58009	8.850334	-1.229396	-3.844114	0.351713	-0.150308	-0.344325	-0.237968	-0.357114	0.903239	-0.960607	0.223974	-0.164529	-0.143547	-0.906811	-0.396344
58010	8.969544	-0.898700	-3.520096	0.258102	-0.136233	-0.337233	-0.234880	-0.359096	0.903262	-0.961787	0.220367	-0.162491	-0.140700	-0.906912	-0.397133
58011	9.074596	-0.321656	-3.305378	0.196265	-0.135553	-0.318700	-0.231951	-0.361030	0.903247	-0.962816	0.217434	-0.160340	-0.138509	-0.906851	-0.398040
58012	8.993332	0.102446	-3.174704	0.065357	-0.130542	-0.284746	-0.229338	-0.362815	0.903199	-0.963579	0.215761	-0.157999	-0.137551	-0.906539	-0.399083
58013	8.832501	0.052131	-3.424615	-0.058820	-0.115308	-0.238869	-0.227144	-0.364383	0.903123	-0.964053	0.215419	-0.155553	-0.137869	-0.905991	-0.400215
58014	8.874439	0.179308	-3.637453	-0.115838	-0.117600	-0.191060	-0.225412	-0.365954	0.902921	-0.964365	0.215586	-0.153374	-0.138530	-0.905318	-0.401509
58015	8.876239	-0.232684	-3.721408	-0.235813	-0.097102	-0.153717	-0.224014	-0.367173	0.902774	-0.964391	0.217150	-0.150985	-0.140600	-0.904450	-0.402743
58016	8.847901	-1.414170	-3.967780	-0.304776	-0.086092	-0.138578	-0.222744	-0.368233	0.902657	-0.964282	0.219359	-0.148465	-0.143336	-0.903485	-0.403942
58017	8.721811	-2.219599	-4.029455	-0.212762	-0.102929	-0.144994	-0.221443	-0.369490	0.902463	-0.964307	0.220739	-0.146243	-0.145173	-0.902636	-0.405183
58018	8.809486	-2.135721	-3.811915	-0.104422	-0.129390	-0.148949	-0.220148	-0.370991	0.902164	-0.964501	0.221071	-0.144451	-0.145852	-0.901939	-0.406489
58019	8.980718	-1.462072	-3.736300	-0.098169	-0.143135	-0.132757	-0.219026	-0.372583	0.901781	-0.964658	0.221455	-0.142800	-0.146499	-0.901188	-0.407919
58020	9.028770	-1.328489	-3.707438	-0.246820	-0.125267	-0.122978	-0.218007	-0.374017	0.901434	-0.964575	0.223166	-0.140683	-0.148551	-0.900171	-0.409419
58021	8.963574	-1.793159	-3.888502	-0.332026	-0.115577	-0.135105	-0.216826	-0.375368	0.901158	-0.964380	0.225639	-0.138050	-0.151516	-0.898992	-0.410922
58022	9.014467	-2.126257	-4.152437	-0.266005	-0.125434	-0.146128	-0.215564	-0.376821	0.900854	-0.964306	0.227425	-0.135617	-0.153773	-0.897933	-0.412395
58023	9.076053	-1.887679	-4.197936	-0.173329	-0.134348	-0.167503	-0.214104	-0.378417	0.900533	-0.964407	0.228340	-0.133339	-0.155170	-0.897029	-0.413836
58024	9.039019	-1.586301	-4.553077	-0.104200	-0.129510	-0.178455	-0.212528	-0.379981	0.900248	-0.964647	0.228522	-0.131275	-0.155844	-0.896321	-0.415115
58025	8.797445	-1.197646	-4.744770	-0.055402	-0.119193	-0.174056	-0.210983	-0.381456	0.899988	-0.964939	0.228348	-0.129425	-0.156140	-0.895739	-0.416259
58026	8.618382	-0.648879	-4.910525	0.018968	-0.106563	-0.165456	-0.209496	-0.382790	0.899769	-0.965338	0.227463	-0.127993	-0.155670	-0.895395	-0.417174
58027	8.712041	0.214492	-4.733643	-0.015355	-0.073154	-0.140040	-0.208207	-0.383771	0.899650	-0.965616	0.227056	-0.126616	-0.155679	-0.895078	-0.417850
58028	8.684875	0.227843	-4.668984	-0.111305	-0.030798	-0.105689	-0.207175	-0.384279	0.899671	-0.965681	0.227582	-0.125168	-0.156650	-0.894727	-0.418240
58029	8.652878	0.134856	-4.397151	-0.157916	-0.008461	-0.069142	-0.206469	-0.384521	0.899730	-0.965584	0.228721	-0.123832	-0.158171	-0.894333	-0.418511
58030	8.944158	-0.104913	-4.002510	-0.178480	0.009612	-0.046664	-0.205913	-0.384556	0.899842	-0.965431	0.230012	-0.122624	-0.159819	-0.893986	-0.418625
58031	9.152428	-0.317882	-3.852388	-0.247645	0.027407	-0.024195	-0.205583	-0.384376	0.899995	-0.965091	0.232124	-0.121316	-0.162279	-0.893518	-0.418679
58032	8.947263	-1.153877	-4.142106	-0.325921	0.045769	-0.017392	-0.205294	-0.384011	0.900216	-0.964605	0.234935	-0.119760	-0.165504	-0.892939	-0.418650
58033	8.858255	-1.628051	-4.493085	-0.258605	0.038625	-0.026441	-0.204923	-0.383738	0.900418	-0.964237	0.237134	-0.118386	-0.168090	-0.892476	-0.418608
58034	8.837752	-1.350976	-4.781298	-0.221704	0.045580	-0.025336	-0.204608	-0.383430	0.900620	-0.963910	0.239033	-0.117221	-0.170332	-0.892101	-0.418501
58035	8.881115	-1.373140	-4.783457	-0.274037	0.065459	-0.033686	-0.204120	-0.382937	0.900941	-0.963517	0.241339	-0.115718	-0.173120	-0.891692	-0.418228
58036	8.979074	-1.418993	-4.602010	-0.248589	0.068988	-0.032320	-0.203651	-0.382423	0.901265	-0.963163	0.243389	-0.114363	-0.175623	-0.891355	-0.417902
58037	9.322520	-0.804583	-4.271149	-0.229838	0.070032	-0.024092	-0.203244	-0.381867	0.901593	-0.962814	0.245337	-0.113133	-0.177992	-0.891060	-0.417530
58038	9.501107	-0.685356	-3.915113	-0.248298	0.070350	-0.019440	-0.202902	-0.381301	0.901909	-0.962414	0.247465	-0.111893	-0.180526	-0.890714	-0.417180
58039	9.317242	-0.623147	-4.027349	-0.246321	0.072023	-0.008494	-0.202638	-0.380690	0.902227	-0.961992	0.249617	-0.110736	-0.183055	-0.890374	-0.416803
58040	9.164496	-0.749804	-4.195693	-0.216829	0.061754	0.002084	-0.202470	-0.380140	0.902496	-0.961615	0.251474	-0.109809	-0.185212	-0.890087	-0.416464
58041	9.236372	-0.734550	-3.725316	-0.172957	0.045988	0.027332	-0.202595	-0.379671	0.902665	-0.961246	0.253109	-0.109283	-0.186981	-0.889823	-0.416236
58042	9.241356	-0.613700	-3.422520	-0.246469	0.044756	0.051515	-0.202999	-0.379124	0.902805	-0.960664	0.255561	-0.108689	-0.189515	-0.889356	-0.416089
58043	8.905611	-1.411216	-3.228922	-0.238238	0.017706	0.047573	-0.203371	-0.378854	0.902834	-0.960121	0.257851	-0.108074	-0.191852	-0.888810	-0.416185
58044	8.907039	-1.042164	-2.592516	-0.095803	-0.043615	0.045842	-0.203877	-0.379117	0.902610	-0.959839	0.258909	-0.108056	-0.192728	-0.888390	-0.416677
58045	8.864168	-0.773084	-2.238904	-0.104452	-0.090372	0.051479	-0.204494	-0.379796	0.902184	-0.959540	0.260023	-0.108032	-0.193559	-0.887774	-0.417603
58046	8.747075	-1.040296	-2.172532	-0.095864	-0.135746	0.041232	-0.205072	-0.380932	0.901574	-0.959309	0.260898	-0.107970	-0.194090	-0.887030	-0.418935
58047	8.842336	-0.796901	-2.107085	-0.046365	-0.203934	0.049999	-0.205896	-0.382620	0.900671	-0.959125	0.261491	-0.108173	-0.194128	-0.886129	-0.420820
58048	8.747389	-0.722080	-2.363302	-0.085809	-0.245063	0.048744	-0.206792	-0.384668	0.899593	-0.958873	0.262396	-0.108217	-0.194422	-0.884974	-0.423109
58049	8.570455	-1.074369	-2.506384	-0.086850	-0.291663	0.048178	-0.207770	-0.387131	0.898310	-0.958613	0.263341	-0.108229	-0.194663	-0.883618	-0.425823
58050	8.524317	-1.099622	-2.307168	-0.051553	-0.348576	0.044690	-0.208850	-0.390109	0.896770	-0.958428	0.263946	-0.108389	-0.194415	-0.882127	-0.429016
58051	8.530512	-0.956860	-2.327662	-0.072761	-0.398372	0.045961	-0.210013	-0.393509	0.895011	-0.958199	0.264758	-0.108434	-0.194291	-0.880372	-0.432662
58052	8.677318	-0.819635	-2.364848	-0.082546	-0.449206	0.045132	-0.211299	-0.397353	0.893008	-0.957949	0.265649	-0.108461	-0.194129	-0.878374	-0.436775
58053	8.727706	-0.948768	-2.726759	-0.132082	-0.488475	0.046927	-0.212646	-0.401523	0.890820	-0.957602	0.266985	-0.108248	-0.194372	-0.876070	-0.441273
58054	8.728499	-1.545908	-3.310677	-0.098341	-0.525340	0.029574	-0.213890	-0.406055	0.888465	-0.957374	0.267880	-0.108050	-0.194128	-0.873704	-0.446044
58055	9.032522	-1.612098	-3.592430	0.046705	-0.588454	0.017725	-0.215146	-0.411153	0.885813	-0.957435	0.267535	-0.108364	-0.192431	-0.871423	-0.451212
58056	9.373312	-1.254382	-3.744418	0.152410	-0.628513	0.009832	-0.216389	-0.416616	0.882954	-0.957730	0.266169	-0.109124	-0.189552	-0.869244	-0.456601
58057	10.135940	-0.742888	-4.303133	0.207722	-0.665516	0.020418	-0.217783	-0.422350	0.879881	-0.958085	0.264440	-0.110207	-0.186130	-0.867002	-0.462237
58058	11.294883	0.272134	-4.825682	0.221719	-0.672926	0.050713	-0.219442	-0.428083	0.876693	-0.958419	0.262610	-0.111668	-0.182425	-0.864744	-0.467910
58059	10.975553	-0.443079	-5.055624	-0.019634	-0.618500	0.076481	-0.221249	-0.433232	0.873704	-0.958224	0.263097	-0.112194	-0.181263	-0.862027	-0.473343
58060	10.168622	-2.732588	-5.247617	-0.098481	-0.598342	0.073391	-0.222957	-0.438177	0.870799	-0.957910	0.264179	-0.112328	-0.180827	-0.859192	-0.478635
58061	10.346862	-3.232145	-4.780059	0.191467	-0.662179	0.052419	-0.224594	-0.443731	0.867560	-0.958145	0.262755	-0.113654	-0.177524	-0.856775	-0.484172
58062	11.060256	-2.715759	-3.596551	0.240681	-0.707928	0.037242	-0.226121	-0.449704	0.864081	-0.958516	0.260753	-0.115127	-0.173539	-0.854268	-0.490010
58063	11.638526	-2.881313	-2.075970	0.171481	-0.764323	0.029342	-0.227665	-0.456156	0.860285	-0.958754	0.259410	-0.116174	-0.170173	-0.851251	-0.496400
58064	12.114457	-3.292514	-0.616331	0.163532	-0.880076	0.008403	-0.229187	-0.463598	0.855891	-0.959026	0.258009	-0.117052	-0.166562	-0.847649	-0.503735
58065	12.993181	-2.921462	0.738262	0.266862	-1.036558	-0.024034	-0.230607	-0.472435	0.850662	-0.959529	0.255625	-0.118152	-0.161632	-0.843481	-0.512264
58066	13.495854	-2.219031	1.591267	0.167722	-1.180544	-0.047217	-0.232025	-0.482485	0.844614	-0.959916	0.253942	-0.118636	-0.157243	-0.838285	-0.522066
58067	13.619137	-2.705046	1.849192	-0.019742	-1.316907	-0.079270	-0.233265	-0.493693	0.837768	-0.960080	0.253704	-0.117814	-0.154380	-0.831806	-0.533165
58068	13.539141	-3.068813	1.740661	-0.030949	-1.477651	-0.130124	-0.234264	-0.506255	0.829956	-0.960350	0.253245	-0.116596	-0.151155	-0.824362	-0.545508
58069	13.360956	-2.672445	1.427304	0.023163	-1.625287	-0.194113	-0.234772	-0.520087	0.821214	-0.960851	0.252041	-0.115071	-0.147132	-0.816079	-0.558898
58070	12.816442	-1.954142	0.718860	0.018093	-1.753521	-0.230606	-0.235138	-0.534882	0.811549	-0.961416	0.250659	-0.113353	-0.142792	-0.806890	-0.573183
58071	12.658202	-0.409182	0.770720	0.111694	-1.869393	-0.229633	-0.235496	-0.550457	0.800961	-0.962124	0.248498	-0.112102	-0.137330	-0.797023	-0.588128
58072	11.834198	-0.779155	-0.996978	-0.022549	-1.873646	-0.264079	-0.235494	-0.565953	0.790089	-0.962730	0.247111	-0.109943	-0.133017	-0.786533	-0.603053
58073	10.863161	1.389998	-2.199534	0.026158	-1.888634	-0.233418	-0.235663	-0.581291	0.778822	-0.963325	0.245546	-0.108223	-0.128327	-0.775763	-0.617839
58074	9.797441	1.578494	-4.388396	-0.438467	-1.781314	-0.255300	-0.235541	-0.595601	0.767971	-0.963357	0.247412	-0.103586	-0.128309	-0.764229	-0.632053
58075	9.238326	0.678098	-5.626213	-0.266365	-1.796209	-0.260355	-0.235271	-0.609881	0.756765	-0.963642	0.247839	-0.099852	-0.126658	-0.752742	-0.646016
58076	8.844015	1.560884	-6.023326	-0.029382	-1.864559	-0.233314	-0.235363	-0.624379	0.744819	-0.964161	0.246561	-0.097984	-0.122464	-0.741187	-0.660034
58077	9.158174	3.393125	-7.249856	0.112871	-1.857896	-0.152315	-0.236068	-0.638428	0.732585	-0.964666	0.244744	-0.097566	-0.117007	-0.729733	-0.673646
58078	9.386406	4.047649	-8.449731	-0.205203	-1.655434	-0.010826	-0.237807	-0.650462	0.721351	-0.964489	0.246010	-0.096129	-0.114931	-0.718595	-0.685866
58079	9.569752	5.816768	-8.507948	-0.331964	-1.433765	0.258333	-0.241892	-0.660061	0.711201	-0.963499	0.250044	-0.095640	-0.114703	-0.708376	-0.696453
58080	9.866487	6.605145	-7.584481	-1.151967	-1.024750	0.534908	-0.248305	-0.665857	0.703548	-0.960803	0.261736	-0.091385	-0.123294	-0.698662	-0.704748
58081	10.061285	5.205982	-6.390109	-2.249275	-0.531699	0.801138	-0.256641	-0.667377	0.699102	-0.955792	0.282655	-0.081044	-0.143518	-0.688995	-0.710415
58082	9.400829	3.221333	-6.332169	-3.159522	-0.095294	0.999850	-0.266298	-0.665007	0.697747	-0.948166	0.310950	-0.065511	-0.173399	-0.679026	-0.713342
58083	8.080413	0.840152	-6.918163	-3.664006	0.266360	1.115730	-0.276263	-0.659578	0.699025	-0.938150	0.343007	-0.047117	-0.208693	-0.668807	-0.713543
58084	6.724502	-1.266873	-7.506560	-3.640390	0.567818	1.153104	-0.285738	-0.651594	0.702694	-0.926640	0.374809	-0.029249	-0.244318	-0.659502	-0.710891
58085	5.995530	-2.360275	-7.790353	-3.170345	0.827072	1.161355	-0.294232	-0.641669	0.708300	-0.915038	0.403092	-0.014940	-0.275923	-0.652517	-0.705754
58086	5.551754	-2.798028	-7.617240	-2.583037	1.079193	1.150677	-0.301594	-0.629789	0.715826	-0.904107	0.427277	-0.005000	-0.302707	-0.648691	-0.698261
58087	5.194069	-3.012980	-7.313877	-1.995836	1.325854	1.136126	-0.307603	-0.616243	0.725000	-0.894398	0.447272	0.000701	-0.324704	-0.648222	-0.688749
58088	4.742850	-3.263213	-7.155120	-1.395983	1.576086	1.112471	-0.312268	-0.600854	0.735842	-0.886268	0.463169	0.002098	-0.342080	-0.651498	-0.677150
58089	4.350634	-3.054490	-7.123252	-0.720663	1.798256	1.077000	-0.315474	-0.584047	0.747908	-0.880392	0.474246	-0.001015	-0.354100	-0.658772	-0.663802
58090	4.142090	-2.413536	-7.239733	-0.082426	2.013486	1.022356	-0.317266	-0.565705	0.761130	-0.876837	0.480717	-0.008207	-0.361245	-0.669991	-0.648547
58091	3.941524	-1.804930	-7.124539	0.364677	2.236442	0.975489	-0.317641	-0.545881	0.775318	-0.875079	0.483647	-0.017989	-0.365160	-0.684178	-0.631315
58092	3.913671	-1.544108	-6.977576	0.683315	2.451818	0.946416	-0.316950	-0.524245	0.790386	-0.874560	0.484008	-0.029672	-0.366998	-0.700644	-0.611891
58093	4.047659	-1.248249	-7.214388	0.987331	2.651320	0.938691	-0.315388	-0.500914	0.805987	-0.875228	0.481791	-0.043054	-0.366751	-0.719001	-0.590365
58094	4.202628	-0.693499	-7.484124	1.206205	2.856458	0.940413	-0.313173	-0.475500	0.822084	-0.876671	0.477617	-0.057710	-0.365200	-0.738771	-0.566433
58095	4.390255	-0.246990	-7.761897	1.234619	3.075667	0.933242	-0.310100	-0.448054	0.838502	-0.878277	0.472664	-0.072242	-0.363961	-0.758839	-0.540089
58096	4.483413	-0.351869	-7.898740	1.112984	3.297296	0.919388	-0.306170	-0.418306	0.855149	-0.879483	0.468114	-0.085899	-0.364376	-0.778389	-0.511215
58097	4.640568	-0.616267	-7.965231	1.048604	3.492021	0.911577	-0.301395	-0.386565	0.871624	-0.880555	0.463506	-0.098918	-0.365765	-0.797326	-0.480090
58098	4.997295	-0.489361	-8.119933	0.963153	3.679025	0.897030	-0.295783	-0.352690	0.887762	-0.881402	0.459072	-0.111284	-0.368298	-0.815391	-0.446647
58099	5.251338	-0.534233	-7.994959	0.832586	3.844342	0.870792	-0.289178	-0.317059	0.903244	-0.881950	0.455118	-0.122604	-0.372210	-0.832070	-0.411240
58100	5.604466	-0.846382	-7.363294	0.703303	3.966905	0.863438	-0.281905	-0.279768	0.917747	-0.882113	0.451803	-0.133231	-0.377367	-0.847115	-0.374153
58101	6.095333	-1.440433	-7.299033	0.689566	4.023149	0.865009	-0.274202	-0.241536	0.930845	-0.882339	0.448162	-0.143624	-0.382479	-0.860704	-0.336004
58102	6.856839	-2.008114	-7.154456	0.802456	4.007698	0.849682	-0.266278	-0.202931	0.942292	-0.883119	0.443109	-0.154129	-0.386261	-0.873197	-0.297202
58103	7.893610	-2.330444	-6.098679	0.906912	3.910723	0.813761	-0.258271	-0.164999	0.951878	-0.884508	0.436633	-0.164306	-0.388511	-0.884379	-0.258713
58104	9.103527	-2.154788	-4.890651	1.104504	3.708322	0.778769	-0.250740	-0.128586	0.959476	-0.886812	0.427960	-0.174397	-0.388193	-0.894604	-0.221338
58105	9.940590	-1.659839	-3.861722	1.233996	3.449522	0.731466	-0.243839	-0.094492	0.965201	-0.889789	0.417681	-0.183897	-0.385770	-0.903667	-0.185925
58106	10.060570	-0.927746	-2.938382	1.331078	3.118583	0.626450	-0.237431	-0.063550	0.969323	-0.893389	0.406095	-0.192207	-0.381422	-0.911618	-0.153195
58107	9.355973	-0.355301	-1.621241	1.076933	2.786879	0.493577	-0.231212	-0.036100	0.972233	-0.896333	0.396497	-0.198440	-0.378324	-0.917326	-0.124032
58108	8.761791	-1.526341	-0.908102	0.523941	2.449574	0.333407	-0.224891	-0.012225	0.974307	-0.897553	0.391779	-0.202259	-0.379240	-0.919978	-0.099080
58109	8.026915	-4.234927	-0.681811	0.193387	2.017944	0.130102	-0.218329	0.006840	0.975851	-0.898009	0.390010	-0.203647	-0.381985	-0.920785	-0.079008
58110	7.251715	-4.924140	-0.535656	0.489690	1.432683	-0.110812	-0.211834	0.019689	0.977107	-0.900110	0.385525	-0.202910	-0.380694	-0.922487	-0.063945
58111	7.457292	-2.986050	0.153779	0.826642	0.834278	-0.355986	-0.205422	0.026022	0.978328	-0.903984	0.377977	-0.199865	-0.374986	-0.925449	-0.054121
58112	7.971002	-1.457291	0.576891	0.929102	0.286329	-0.541757	-0.199421	0.026728	0.979549	-0.908523	0.369518	-0.195044	-0.367174	-0.928839	-0.049407
58113	8.993198	-0.613969	0.950329	1.046344	-0.203509	-0.674992	-0.193958	0.022356	0.980755	-0.913648	0.359953	-0.188892	-0.357249	-0.932702	-0.049390
58114	8.004207	1.279496	-0.362381	1.024391	-0.683207	-0.723855	-0.189708	0.013439	0.981749	-0.918642	0.350512	-0.182311	-0.346565	-0.936462	-0.054150
58115	7.458239	0.148825	-2.989719	0.538673	-1.012110	-0.714161	-0.186559	0.001451	0.982443	-0.921842	0.345524	-0.175561	-0.339712	-0.938409	-0.063123
58116	7.244129	-0.891283	-4.669557	0.460931	-1.255664	-0.671452	-0.184545	-0.012589	0.982743	-0.924638	0.341165	-0.169263	-0.333147	-0.939919	-0.074601
58117	7.979061	-0.500792	-5.372570	0.307235	-1.308482	-0.552550	-0.183705	-0.026784	0.982617	-0.926679	0.338174	-0.164029	-0.327902	-0.940703	-0.086944
58118	8.578439	-0.601065	-5.550003	-0.089556	-1.147937	-0.392258	-0.183787	-0.038875	0.982197	-0.927112	0.338883	-0.160067	-0.326627	-0.940025	-0.098324
58119	9.138291	-1.604859	-5.113544	-0.375903	-0.870515	-0.264658	-0.184136	-0.047967	0.981730	-0.926375	0.342304	-0.157028	-0.328518	-0.938364	-0.107466
58120	10.166874	-2.404972	-4.050445	-0.479135	-0.557697	-0.174462	-0.184327	-0.053786	0.981392	-0.925120	0.346704	-0.154756	-0.331929	-0.936431	-0.113666
58121	11.122227	-3.358435	-2.997113	-0.454258	-0.265326	-0.125390	-0.184003	-0.056720	0.981288	-0.923842	0.350889	-0.152949	-0.335648	-0.934698	-0.116965
58122	11.774306	-2.672832	-1.932085	-0.246196	-0.253647	-0.171563	-0.183236	-0.059675	0.981256	-0.923333	0.353088	-0.150946	-0.337462	-0.933685	-0.119799
58123	13.078782	-0.825997	-0.525910	-0.257179	-0.400235	-0.254780	-0.182188	-0.064327	0.981157	-0.922936	0.355334	-0.148080	-0.339113	-0.932523	-0.124107
58124	12.666947	-1.292890	-1.012092	-0.586373	-0.519060	-0.269057	-0.181447	-0.070111	0.980898	-0.921421	0.360632	-0.144668	-0.343601	-0.930069	-0.130037
58125	10.600485	-3.855166	-2.073577	-0.890647	-0.580179	-0.284279	-0.180795	-0.076548	0.980537	-0.918850	0.368694	-0.140638	-0.350753	-0.926394	-0.136995
58126	8.361038	-8.692479	-3.892250	-0.401803	-0.677435	-0.403828	-0.179437	-0.084296	0.980151	-0.918168	0.372085	-0.136089	-0.353227	-0.924363	-0.144164
58127	8.757375	-5.411359	-2.888968	1.101211	-0.904887	-0.503514	-0.177895	-0.094538	0.979498	-0.922900	0.361439	-0.132731	-0.341481	-0.927591	-0.151547
58128	10.169931	1.092100	-1.410366	1.196965	-0.902391	-0.500973	-0.176264	-0.104681	0.978761	-0.927809	0.349791	-0.129677	-0.328787	-0.930961	-0.158779
58129	10.425462	2.669115	-1.325848	0.574359	-0.798494	-0.404036	-0.175058	-0.113535	0.977990	-0.930395	0.344001	-0.126604	-0.322055	-0.932080	-0.165852
58130	10.047337	2.138210	-1.403392	0.205392	-0.739615	-0.302520	-0.174579	-0.121452	0.977124	-0.931603	0.341682	-0.123976	-0.318808	-0.931935	-0.172795
58131	9.736135	2.377912	-1.291867	-0.017007	-0.698113	-0.230793	-0.174600	-0.128757	0.976185	-0.931958	0.341552	-0.121639	-0.317755	-0.931002	-0.179631
58132	9.363949	1.906080	-0.961330	-0.338809	-0.640759	-0.160518	-0.175107	-0.135249	0.975216	-0.931166	0.344483	-0.119423	-0.319793	-0.928999	-0.186260
58133	9.207886	0.760955	-0.694413	-0.660005	-0.604091	-0.111721	-0.175965	-0.141254	0.974209	-0.929241	0.350449	-0.117030	-0.324880	-0.925869	-0.192925
58134	8.974780	-0.839086	-0.519849	-0.859689	-0.582319	-0.095223	-0.176953	-0.146961	0.973186	-0.926584	0.358274	-0.114376	-0.331858	-0.921977	-0.199570
58135	8.994932	-1.332614	-0.053633	-0.897306	-0.623824	-0.094640	-0.178120	-0.153058	0.972032	-0.923749	0.366385	-0.111580	-0.339060	-0.917788	-0.206647
58136	8.939147	-1.592658	0.329552	-1.074231	-0.657062	-0.100104	-0.179412	-0.159428	0.970770	-0.920236	0.376077	-0.108310	-0.347817	-0.912770	-0.214184
58137	8.959837	-2.022905	0.280835	-1.063553	-0.732129	-0.129501	-0.180750	-0.166601	0.969316	-0.916732	0.385544	-0.104679	-0.356275	-0.907524	-0.222416
58138	8.830979	-1.631056	0.139597	-0.997062	-0.816260	-0.165088	-0.182141	-0.174617	0.967643	-0.913443	0.394289	-0.100787	-0.363932	-0.902244	-0.231319
58139	8.817880	-1.140121	-0.091638	-0.875938	-0.903562	-0.200832	-0.183577	-0.183563	0.965714	-0.910602	0.401807	-0.096725	-0.370276	-0.897137	-0.240915
58140	9.225536	-0.406493	-0.873919	-0.770606	-0.964588	-0.207954	-0.185247	-0.193013	0.963550	-0.908110	0.408319	-0.092796	-0.375525	-0.892200	-0.250917
58141	9.050129	-0.321903	-2.203635	-0.776240	-0.969012	-0.207744	-0.186978	-0.202507	0.961265	-0.905569	0.414810	-0.088757	-0.380768	-0.887087	-0.260944
58142	8.778248	-0.912509	-3.347251	-0.717881	-0.977393	-0.230734	-0.188597	-0.212096	0.958878	-0.903253	0.420685	-0.084605	-0.385441	-0.882066	-0.270916
58143	9.117233	-1.372858	-4.448049	-0.560985	-0.980803	-0.243227	-0.190149	-0.221772	0.956379	-0.901550	0.425088	-0.080675	-0.388653	-0.877563	-0.280769
58144	9.367157	-1.744415	-5.267572	-0.432658	-0.957189	-0.266483	-0.191441	-0.231276	0.953867	-0.900377	0.428267	-0.076867	-0.390733	-0.873555	-0.290223
58145	9.153715	-2.028349	-5.905686	-0.255732	-0.929006	-0.294565	-0.192372	-0.240658	0.951355	-0.899950	0.429796	-0.073255	-0.391259	-0.870264	-0.299261
58146	9.113985	-1.425182	-6.285958	-0.007273	-0.897081	-0.312568	-0.193027	-0.249781	0.948868	-0.900524	0.429097	-0.070237	-0.389612	-0.868036	-0.307761
58147	9.199616	-0.568838	-6.408302	0.085177	-0.825299	-0.306019	-0.193426	-0.258267	0.946512	-0.901453	0.427573	-0.067550	-0.387257	-0.866302	-0.315520
58148	9.377567	0.292657	-6.270121	0.168310	-0.761391	-0.299965	-0.193620	-0.266129	0.944292	-0.902691	0.425317	-0.065223	-0.384265	-0.865032	-0.322582
58149	9.447836	0.580909	-5.949151	0.096674	-0.672359	-0.271975	-0.193690	-0.273113	0.942281	-0.903596	0.423740	-0.062920	-0.382097	-0.863628	-0.328858
58150	9.526313	0.120371	-5.610938	0.082892	-0.606524	-0.252909	-0.193675	-0.279415	0.940435	-0.904409	0.422315	-0.060780	-0.380177	-0.862309	-0.334498
58151	9.517288	-0.219572	-5.270424	0.136703	-0.555882	-0.239782	-0.193562	-0.285235	0.938709	-0.905399	0.420451	-0.058936	-0.377871	-0.861314	-0.339635
58152	9.381890	-0.494445	-5.371507	0.207341	-0.519361	-0.233260	-0.193361	-0.290685	0.937077	-0.906637	0.417986	-0.057419	-0.374994	-0.860691	-0.344368
58153	9.503677	-0.296759	-4.800641	0.344214	-0.505256	-0.222428	-0.193178	-0.295978	0.935457	-0.908358	0.414361	-0.056478	-0.370901	-0.860640	-0.348899
58154	9.716341	0.389004	-4.324416	0.354851	-0.475612	-0.187036	-0.193188	-0.300846	0.933901	-0.910034	0.410742	-0.055935	-0.366764	-0.860687	-0.353130
58155	9.711432	0.570356	-4.014492	0.205707	-0.427201	-0.160327	-0.193239	-0.305196	0.932477	-0.911104	0.408476	-0.055117	-0.364073	-0.860234	-0.356999
58156	9.491814	0.127076	-3.822855	0.072861	-0.390087	-0.138249	-0.193350	-0.309119	0.931161	-0.911642	0.407417	-0.054046	-0.362664	-0.859335	-0.360580
58157	9.222573	-0.735912	-3.865261	-0.012378	-0.354687	-0.136096	-0.193344	-0.312737	0.929953	-0.911868	0.407089	-0.052683	-0.362098	-0.858181	-0.363883
58158	9.065928	-1.319631	-3.787397	0.058532	-0.364692	-0.147520	-0.193272	-0.316470	0.928705	-0.912367	0.406123	-0.051479	-0.360877	-0.857269	-0.367229
58159	9.243696	-1.032794	-3.659274	0.099576	-0.367601	-0.141981	-0.193250	-0.320213	0.927426	-0.913008	0.404807	-0.050478	-0.359265	-0.856502	-0.370586
58160	9.001689	-0.766966	-3.541033	0.075794	-0.356390	-0.139525	-0.193209	-0.323834	0.926176	-0.913554	0.403703	-0.049423	-0.357895	-0.855661	-0.373839
58161	9.118467	-0.399879	-3.036618	0.067007	-0.372825	-0.137812	-0.193231	-0.327595	0.924848	-0.914068	0.402669	-0.048348	-0.356569	-0.854716	-0.377253
58162	9.065506	-0.274724	-2.902265	0.000464	-0.362566	-0.129499	-0.193293	-0.331218	0.923543	-0.914326	0.402229	-0.047110	-0.355872	-0.853526	-0.380590
58163	8.892495	-0.363368	-2.567006	-0.030906	-0.382448	-0.138844	-0.193334	-0.335056	0.922150	-0.914493	0.402018	-0.045659	-0.355422	-0.852126	-0.384130
58164	8.809290	-0.749882	-2.455597	-0.082798	-0.402482	-0.139621	-0.193442	-0.339046	0.920667	-0.914474	0.402245	-0.044010	-0.355412	-0.850439	-0.387860
58165	8.626638	-1.154448	-2.464745	-0.054460	-0.445031	-0.161039	-0.193501	-0.343492	0.919005	-0.914600	0.402146	-0.042265	-0.355056	-0.848700	-0.391973
58166	8.685699	-0.809456	-1.969753	0.049339	-0.519082	-0.180399	-0.193645	-0.348619	0.917042	-0.915131	0.401091	-0.040764	-0.353606	-0.847107	-0.396701
58167	8.930770	-0.301743	-1.632614	0.077496	-0.587233	-0.184599	-0.193976	-0.354345	0.914775	-0.915770	0.399773	-0.039332	-0.351766	-0.845352	-0.402045
58168	8.968371	-0.129846	-1.760736	0.082633	-0.642920	-0.185512	-0.194488	-0.360511	0.912253	-0.916425	0.398404	-0.037934	-0.349769	-0.843390	-0.407867
58169	8.955086	0.502649	-1.560647	0.120158	-0.719687	-0.179308	-0.195303	-0.367303	0.909365	-0.917202	0.396725	-0.036744	-0.347272	-0.841247	-0.414373
58170	9.459122	0.493878	-1.543011	0.022361	-0.772230	-0.160540	-0.196462	-0.374422	0.906207	-0.917600	0.395932	-0.035343	-0.345563	-0.838479	-0.421355
58171	9.413814	-0.047037	-2.221771	-0.060059	-0.808052	-0.154949	-0.197778	-0.381814	0.902830	-0.917706	0.395834	-0.033635	-0.344528	-0.835185	-0.428681
58172	8.933656	-0.564063	-3.026344	-0.030351	-0.863457	-0.164827	-0.199191	-0.389655	0.899162	-0.917932	0.395447	-0.031981	-0.343109	-0.831740	-0.436446
58173	8.807164	-0.924653	-3.525804	0.054024	-0.912707	-0.181490	-0.200596	-0.397965	0.895201	-0.918488	0.394268	-0.030540	-0.340795	-0.828358	-0.444614
58174	9.009678	-0.598603	-3.857282	0.141506	-0.962321	-0.179165	-0.202171	-0.406613	0.890950	-0.919331	0.392374	-0.029539	-0.337575	-0.825051	-0.453139
58175	9.165903	-0.293396	-3.960366	0.117730	-0.992919	-0.163540	-0.203954	-0.415444	0.886459	-0.920067	0.390716	-0.028575	-0.334483	-0.821430	-0.461925
58176	9.569807	-0.168947	-3.489067	0.049509	-1.025534	-0.130713	-0.206128	-0.424345	0.881727	-0.920503	0.389758	-0.027616	-0.331942	-0.817325	-0.470951
58177	9.902698	-0.460466	-2.680644	-0.104223	-1.068531	-0.108686	-0.208618	-0.433493	0.876677	-0.920392	0.390124	-0.026115	-0.330692	-0.812335	-0.480370
58178	10.103987	-1.578743	-2.048153	-0.214790	-1.139238	-0.112562	-0.211308	-0.443140	0.871192	-0.919922	0.391363	-0.024057	-0.330292	-0.806512	-0.490352
58179	10.486786	-2.095514	-1.350725	-0.169846	-1.257342	-0.137398	-0.214140	-0.453796	0.864993	-0.919663	0.392093	-0.021973	-0.329187	-0.800208	-0.501302
58180	11.323022	-2.109792	-0.476377	-0.120141	-1.404370	-0.174247	-0.217109	-0.465648	0.857925	-0.919649	0.392239	-0.019838	-0.327274	-0.793297	-0.513392
58181	12.980086	-1.830742	-0.180971	-0.074298	-1.573856	-0.188314	-0.220457	-0.478828	0.849778	-0.919829	0.391916	-0.017795	-0.324521	-0.785573	-0.526841
58182	14.624188	-1.325355	-0.597948	-0.240446	-1.699971	-0.171665	-0.224351	-0.492745	0.840755	-0.919436	0.392952	-0.015048	-0.322961	-0.776397	-0.541206
58183	14.735363	-3.686999	-0.815692	-0.519545	-1.797840	-0.182559	-0.228436	-0.507342	0.830916	-0.918179	0.396022	-0.010623	-0.323672	-0.765357	-0.556297
58184	14.344140	-5.431707	-0.741429	-0.501359	-1.951156	-0.224744	-0.232666	-0.523007	0.819958	-0.917081	0.398657	-0.005943	-0.323774	-0.753350	-0.572393
58185	14.269964	-5.462653	-0.872781	-0.366304	-2.117689	-0.266335	-0.237013	-0.539907	0.807666	-0.916534	0.399954	-0.001600	-0.322166	-0.740632	-0.589638
58186	14.893532	-4.403154	0.147571	-0.196233	-2.296690	-0.272761	-0.241853	-0.557798	0.793957	-0.916569	0.399874	0.001731	-0.318448	-0.727298	-0.607971
58187	15.655002	-3.654218	1.636490	-0.337257	-2.411875	-0.234388	-0.247302	-0.576116	0.779059	-0.916084	0.400947	0.005702	-0.315646	-0.712273	-0.626925
58188	16.049970	-3.657024	1.206298	-0.555520	-2.470398	-0.198748	-0.253254	-0.594233	0.763380	-0.914845	0.403663	0.010718	-0.314517	-0.695660	-0.645860
58189	15.717005	-3.811589	-0.256081	-0.659709	-2.477064	-0.222913	-0.258954	-0.612169	0.747122	-0.913354	0.406822	0.016768	-0.314210	-0.678045	-0.664475
58190	14.713921	-3.178282	-1.913288	-0.487480	-2.478774	-0.328045	-0.263716	-0.630011	0.730439	-0.912699	0.408018	0.022401	-0.312145	-0.660763	-0.682611
58191	13.012171	-1.238329	-3.586984	-0.244291	-2.454267	-0.458223	-0.267092	-0.647909	0.713356	-0.913170	0.406654	0.027440	-0.307868	-0.644086	-0.700265
58192	11.264074	0.713492	-7.470864	-0.127591	-2.383616	-0.547806	-0.269358	-0.665195	0.696392	-0.914267	0.403837	0.032116	-0.302592	-0.628038	-0.716942
58193	9.891796	3.410594	-10.234832	0.114955	-2.253867	-0.486276	-0.271598	-0.681157	0.679897	-0.915939	0.399817	0.034669	-0.295450	-0.613328	-0.732488
58194	7.377885	4.009889	-10.528805	-0.017834	-2.073789	-0.454192	-0.273498	-0.695447	0.664494	-0.917140	0.396772	0.037770	-0.289920	-0.599104	-0.746338
58195	6.497354	4.038177	-10.667170	-0.241857	-1.909083	-0.378533	-0.275482	-0.708265	0.649977	-0.917494	0.395513	0.042117	-0.286904	-0.584748	-0.758786
58196	6.111149	3.712529	-9.858608	-0.685332	-1.618844	-0.223237	-0.278086	-0.718421	0.637604	-0.916151	0.397861	0.048718	-0.288678	-0.570594	-0.768822
58197	5.988890	2.487757	-9.469571	-0.992179	-1.249218	-0.098937	-0.280772	-0.725883	0.627902	-0.913549	0.402708	0.057047	-0.294270	-0.557603	-0.776199
58198	6.035960	1.736763	-8.320538	-1.002743	-0.828270	0.086203	-0.284013	-0.730036	0.621598	-0.910331	0.408864	0.064253	-0.301056	-0.547611	-0.780697
58199	6.108060	1.597595	-8.210983	-0.876313	-0.422645	0.265223	-0.287660	-0.731262	0.618472	-0.906918	0.415535	0.069495	-0.307816	-0.540912	-0.782728
58200	6.892078	0.881409	-6.831265	-0.980067	0.107669	0.417805	-0.291094	-0.728857	0.619703	-0.902656	0.423862	0.074515	-0.316979	-0.537688	-0.781291
58201	7.215069	-0.834678	-6.661062	-1.024942	0.602288	0.550015	-0.294054	-0.723281	0.624817	-0.897756	0.433331	0.079114	-0.327974	-0.537670	-0.776752
58202	6.610235	-1.657499	-6.627023	-0.842964	1.002677	0.668514	-0.296688	-0.714871	0.633195	-0.892982	0.442677	0.081364	-0.338466	-0.541292	-0.769704
58203	5.487666	-1.943650	-7.159304	-0.498784	1.316326	0.736594	-0.298692	-0.704430	0.643865	-0.889094	0.450587	0.080515	-0.346835	-0.548407	-0.760891
58204	4.990570	-1.284105	-7.826431	-0.005729	1.592930	0.779151	-0.300038	-0.691996	0.656596	-0.886755	0.456044	0.075421	-0.351628	-0.559611	-0.750462
58205	4.707610	0.030976	-8.000532	0.362881	1.912332	0.818545	-0.300494	-0.677427	0.671414	-0.885593	0.459558	0.067323	-0.354160	-0.574369	-0.738019
58206	4.675245	0.944139	-7.626444	0.507303	2.241010	0.854827	-0.300089	-0.660341	0.688401	-0.884844	0.462298	0.057731	-0.356368	-0.591803	-0.723029
58207	4.705454	1.444970	-7.612835	0.450582	2.560055	0.907466	-0.298895	-0.640761	0.707168	-0.883754	0.465460	0.048220	-0.360056	-0.610550	-0.705399
58208	4.366314	1.031411	-7.580983	0.356780	2.845016	0.994538	-0.297346	-0.618381	0.727455	-0.882098	0.469487	0.038537	-0.365361	-0.630228	-0.685072
58209	4.078989	0.424539	-8.028523	0.509577	3.047496	1.072412	-0.295547	-0.593824	0.748349	-0.880806	0.472693	0.027230	-0.369909	-0.651102	-0.662747
58210	3.927171	0.177612	-8.321301	0.841149	3.208483	1.127282	-0.293563	-0.567153	0.769518	-0.880620	0.473641	0.013138	-0.371927	-0.673796	-0.638490
58211	3.695546	0.478912	-8.280531	1.241150	3.363548	1.154835	-0.291199	-0.538639	0.790614	-0.881867	0.471485	-0.003591	-0.370828	-0.698262	-0.612304
58212	3.763719	0.618324	-7.920284	1.530944	3.516173	1.161148	-0.288460	-0.508106	0.811553	-0.884168	0.466647	-0.022107	-0.367476	-0.723926	-0.583860
58213	4.106372	0.064933	-7.430594	1.675373	3.655655	1.126152	-0.285030	-0.475971	0.831991	-0.887073	0.459819	-0.040845	-0.363125	-0.749679	-0.553283
58214	4.273323	-0.665531	-7.189674	1.867537	3.747240	1.056295	-0.280913	-0.442506	0.851632	-0.890823	0.450396	-0.059815	-0.357103	-0.775456	-0.520716
58215	4.597501	-1.375898	-7.431416	2.173754	3.798919	0.945435	-0.275911	-0.408374	0.870117	-0.895871	0.437259	-0.078857	-0.348264	-0.801271	-0.486495
58216	4.783087	-1.639662	-7.253077	2.472619	3.836025	0.787108	-0.269840	-0.373689	0.887436	-0.902204	0.420168	-0.097403	-0.336474	-0.826932	-0.450521
58217	5.105556	-1.273056	-6.424798	2.829049	3.827209	0.603329	-0.262674	-0.339098	0.903335	-0.909912	0.398547	-0.114978	-0.321032	-0.852158	-0.413237
58218	5.977116	0.159407	-7.075858	2.696927	3.881262	0.465884	-0.254741	-0.303689	0.918085	-0.917182	0.376707	-0.129882	-0.306405	-0.875137	-0.374501
58219	6.684522	0.984374	-8.612293	2.320486	3.983975	0.405929	-0.246444	-0.266946	0.931668	-0.923156	0.357311	-0.141814	-0.295039	-0.895024	-0.334490
58220	7.202316	0.600598	-8.969500	1.980899	4.081657	0.419495	-0.238441	-0.228527	0.943886	-0.927911	0.340413	-0.151987	-0.286578	-0.912083	-0.293221
58221	7.197043	0.573322	-7.974522	1.814501	4.070286	0.446361	-0.231024	-0.189628	0.954290	-0.932009	0.324653	-0.161118	-0.279261	-0.926629	-0.251738
58222	7.602320	1.347502	-6.017460	1.616802	3.952481	0.486298	-0.224626	-0.151160	0.962649	-0.935377	0.310373	-0.169526	-0.273155	-0.938520	-0.211109
58223	8.217816	1.984062	-4.662868	1.253513	3.777137	0.513109	-0.219126	-0.113986	0.969016	-0.937653	0.299227	-0.176835	-0.269799	-0.947349	-0.172448
58224	8.966409	2.029218	-3.561646	0.855754	3.507457	0.523758	-0.214554	-0.079053	0.973508	-0.938831	0.291584	-0.183234	-0.269374	-0.953273	-0.136778
58225	9.277755	1.542121	-3.061492	0.508423	3.163453	0.514410	-0.210780	-0.047361	0.976385	-0.939122	0.287052	-0.188812	-0.271332	-0.956743	-0.104983
58226	8.636341	1.469344	-2.975592	0.347999	2.761461	0.497015	-0.207880	-0.019452	0.977961	-0.939037	0.283884	-0.193960	-0.273854	-0.958661	-0.077280
58227	7.810372	1.456007	-3.186292	0.071110	2.374839	0.449693	-0.205496	0.004586	0.978647	-0.938314	0.283237	-0.198354	-0.278099	-0.959039	-0.053901
58228	6.936754	-0.145893	-2.917337	-0.247625	1.971474	0.343240	-0.203118	0.024494	0.978848	-0.936921	0.285572	-0.201564	-0.284468	-0.958044	-0.035056
58229	6.107574	-1.754913	-2.394586	-0.303602	1.493024	0.178014	-0.200443	0.039289	0.978917	-0.935699	0.288426	-0.203169	-0.290327	-0.956696	-0.021050
58230	5.523849	-2.574349	-2.027323	-0.165001	0.944204	-0.042897	-0.197231	0.048221	0.979170	-0.935308	0.290036	-0.202679	-0.293768	-0.955800	-0.012102
58231	5.279963	-2.510961	-1.145036	0.116759	0.354768	-0.312924	-0.193210	0.050696	0.979847	-0.936271	0.289080	-0.199574	-0.293371	-0.955962	-0.008388
58232	7.364815	-1.166802	0.338927	0.380067	-0.226042	-0.542997	-0.188729	0.046999	0.980904	-0.938421	0.285718	-0.194245	-0.289392	-0.957160	-0.009818
58233	6.227295	2.089152	-0.153520	0.473847	-0.798555	-0.651458	-0.184843	0.037492	0.982053	-0.941004	0.281459	-0.187862	-0.283451	-0.958841	-0.016746
58234	8.490760	2.921636	-0.607128	-0.358534	-1.088792	-0.570506	-0.182513	0.025464	0.982874	-0.941038	0.285089	-0.182131	-0.284844	-0.958163	-0.028070
