// General information: 
//  MT Manager version: 2022.2.0 
//  XDA version: 2022.2.0 build 7381 rev 124627 built on 2023-07-19
// Device information: 
//  DeviceId: 00B4CBA7
//  ProductCode: MTW2-3A7G6
//  Firmware Version: 4.6.0
//  Hardware Version: 2.0.0
// Device settings: 
//  Filter Profile: human(46.1)
//  Option Flags: Orientation Smoother Disabled, Position/Velocity Smoother Disabled, Continuous Zero Rotation Update Disabled, AHS Disabled, ICC Disabled
// Coordinate system: ENU
PacketCounter	Acc_X	Acc_Y	Acc_Z	Gyr_X	Gyr_Y	Gyr_Z	Mat[1][1]	Mat[2][1]	Mat[3][1]	Mat[1][2]	Mat[2][2]	Mat[3][2]	Mat[1][3]	Mat[2][3]	Mat[3][3]
36603	9.450730	-0.666909	-0.794467	-0.150723	-0.143825	0.028138	-0.119123	-0.155175	0.980678	-0.895192	0.444016	-0.038481	-0.429466	-0.882480	-0.191804
36604	9.523277	-0.620128	-0.242449	-0.069595	-0.218532	0.023084	-0.120232	-0.157013	0.980251	-0.894869	0.444662	-0.038535	-0.429829	-0.881829	-0.193969
36605	9.905360	0.267489	0.254292	0.079472	-0.296620	0.042326	-0.121839	-0.159502	0.979650	-0.895178	0.443996	-0.039044	-0.428733	-0.881718	-0.196878
36606	9.999511	0.764161	0.306640	0.079184	-0.350961	0.064345	-0.123881	-0.162323	0.978930	-0.895442	0.443397	-0.039793	-0.427595	-0.881505	-0.200279
36607	9.968378	0.493942	-0.564765	0.077517	-0.391633	0.082145	-0.126241	-0.165464	0.978103	-0.895685	0.442823	-0.040692	-0.426394	-0.881209	-0.204106
36608	10.068470	0.326494	-1.762876	0.078481	-0.383668	0.109661	-0.128820	-0.168372	0.977270	-0.895884	0.442310	-0.041887	-0.425204	-0.880916	-0.207820
36609	10.361688	-0.243711	-2.636574	0.053558	-0.348985	0.141295	-0.131519	-0.170870	0.976476	-0.895938	0.442061	-0.043317	-0.424261	-0.880560	-0.211228
36610	10.065512	-1.328074	-2.562606	0.162927	-0.341703	0.149321	-0.134267	-0.173233	0.975686	-0.896434	0.440878	-0.045083	-0.422349	-0.880691	-0.214487
36611	9.975262	-1.254919	-2.122898	0.460604	-0.360202	0.150428	-0.137079	-0.175802	0.974835	-0.898182	0.437051	-0.047482	-0.417705	-0.882088	-0.217812
36612	9.741397	-0.331739	-0.870906	0.486991	-0.380648	0.148552	-0.139958	-0.178528	0.973930	-0.900003	0.433010	-0.049961	-0.412802	-0.883533	-0.221279
36613	9.472948	-0.007145	-0.293894	0.399753	-0.430227	0.164299	-0.143156	-0.181671	0.972883	-0.901425	0.429753	-0.052391	-0.408582	-0.884482	-0.225284
36614	9.295608	-0.268279	-0.159084	0.307577	-0.511252	0.166725	-0.146702	-0.185491	0.971633	-0.902440	0.427333	-0.054675	-0.405069	-0.884861	-0.230085
36615	9.447571	-0.334098	0.092834	0.275720	-0.591112	0.169560	-0.150566	-0.190043	0.970162	-0.903313	0.425191	-0.056901	-0.401691	-0.884927	-0.235687
36616	9.815000	-0.608641	-0.007195	0.305897	-0.666801	0.167281	-0.154707	-0.195246	0.968475	-0.904286	0.422801	-0.059215	-0.397911	-0.884940	-0.241969
36617	9.952438	-0.653763	-0.046622	0.326424	-0.743620	0.158273	-0.159025	-0.201201	0.966555	-0.905348	0.420196	-0.061486	-0.393772	-0.884846	-0.248979
36618	10.172184	-1.057679	-0.246156	0.349039	-0.820691	0.149613	-0.163557	-0.207847	0.964390	-0.906479	0.417408	-0.063775	-0.389289	-0.884630	-0.256679
36619	10.272114	-1.451313	-0.578378	0.391555	-0.884011	0.140987	-0.168204	-0.215102	0.961997	-0.907762	0.414246	-0.066096	-0.384286	-0.884382	-0.264939
36620	10.262041	-1.599077	-1.001317	0.505273	-0.939967	0.132299	-0.172952	-0.222881	0.959381	-0.909468	0.410060	-0.068690	-0.378094	-0.884407	-0.273624
36621	10.480973	-1.358148	-0.995793	0.579725	-0.984607	0.142347	-0.177884	-0.231026	0.956548	-0.911395	0.405254	-0.071610	-0.371101	-0.884532	-0.282644
36622	11.257487	-1.390115	-0.511673	0.648274	-1.023878	0.166558	-0.183126	-0.239425	0.953489	-0.913482	0.399903	-0.075025	-0.363340	-0.884733	-0.291943
36623	11.333674	-0.549652	0.290989	0.541922	-1.041025	0.178468	-0.188452	-0.247934	0.950271	-0.915106	0.395541	-0.078278	-0.356464	-0.884351	-0.301426
36624	11.190450	-1.089327	-0.558110	0.244965	-1.097731	0.175749	-0.193912	-0.256949	0.946771	-0.915645	0.393813	-0.080659	-0.352125	-0.882547	-0.311639
36625	11.377029	-2.079730	-1.129868	0.271651	-1.146539	0.182556	-0.199538	-0.266342	0.942999	-0.916243	0.391891	-0.083191	-0.347395	-0.880616	-0.322231
36626	11.024748	-2.142300	-1.727124	0.281012	-1.140928	0.179774	-0.205084	-0.275686	0.939115	-0.916856	0.389897	-0.085766	-0.342514	-0.878623	-0.332726
36627	10.564071	-1.645873	-2.264744	0.240585	-1.108785	0.177260	-0.210434	-0.284712	0.935231	-0.917304	0.388299	-0.088191	-0.338040	-0.876449	-0.342878
36628	10.273496	-1.038798	-3.111691	0.069379	-1.046363	0.180755	-0.215577	-0.293177	0.931436	-0.917160	0.388204	-0.090083	-0.335178	-0.873696	-0.352578
36629	9.833797	-0.701241	-3.986958	-0.160023	-0.935462	0.161065	-0.220139	-0.300689	0.927968	-0.916271	0.390095	-0.090962	-0.334644	-0.870294	-0.361388
36630	8.958140	-0.386697	-4.814459	-0.354505	-0.843903	0.151765	-0.224321	-0.307433	0.924751	-0.914753	0.393624	-0.091035	-0.336017	-0.866340	-0.369524
36631	7.963677	-0.548785	-5.876663	-0.554760	-0.801225	0.145743	-0.228315	-0.313757	0.921645	-0.912542	0.398899	-0.090263	-0.339323	-0.861647	-0.377391
36632	7.173203	-0.702075	-6.663795	-0.571696	-0.793961	0.147255	-0.232328	-0.319999	0.918490	-0.910261	0.404267	-0.089401	-0.342707	-0.856837	-0.385205
36633	6.852509	-0.941006	-7.429902	-0.738096	-0.750573	0.177192	-0.236489	-0.325674	0.915429	-0.907290	0.411171	-0.088108	-0.347703	-0.851396	-0.392718
36634	7.245929	-2.645685	-9.122068	-0.727972	-0.632621	0.286727	-0.241265	-0.329866	0.912677	-0.904064	0.418279	-0.087811	-0.352788	-0.846304	-0.399136
36635	7.316492	-1.145322	-7.445262	-0.437795	-0.391163	0.422722	-0.246441	-0.331380	0.910744	-0.901465	0.423420	-0.089866	-0.355847	-0.843150	-0.403076
36636	7.922087	0.966393	-6.191853	-0.812349	-0.140267	0.500773	-0.251412	-0.330431	0.909729	-0.897309	0.431899	-0.091106	-0.362807	-0.839213	-0.405083
36637	8.235445	0.685885	-5.948097	-1.329088	0.072523	0.577969	-0.256284	-0.327293	0.909504	-0.890927	0.444950	-0.090930	-0.374923	-0.833606	-0.405628
36638	7.612662	-1.374714	-7.106396	-1.467622	0.216711	0.702486	-0.261653	-0.322330	0.909748	-0.883515	0.459412	-0.091335	-0.388509	-0.827674	-0.404989
36639	6.844340	-3.949807	-7.282645	-1.070819	0.376968	0.791236	-0.267109	-0.315544	0.910541	-0.877191	0.470817	-0.094166	-0.398984	-0.823871	-0.402552
36640	6.697160	-4.633994	-7.347259	-0.154874	0.563825	0.876823	-0.272494	-0.306764	0.911944	-0.874215	0.474811	-0.101501	-0.401865	-0.824894	-0.397561
36641	6.795536	-1.940654	-6.391828	0.429206	0.682377	0.923166	-0.277810	-0.296754	0.913651	-0.873379	0.474087	-0.111581	-0.400038	-0.828962	-0.390885
36642	6.053991	-2.063165	-6.782187	0.271091	0.766706	0.889724	-0.282473	-0.286179	0.915593	-0.871981	0.474419	-0.120733	-0.399823	-0.832483	-0.383553
36643	5.705874	-3.854943	-7.658626	0.372543	0.843651	0.843111	-0.286440	-0.275164	0.917735	-0.871057	0.473711	-0.129839	-0.399014	-0.836590	-0.375373
36644	5.207017	-5.142213	-7.861887	0.799524	0.922554	0.775854	-0.289505	-0.263774	0.920114	-0.872006	0.469079	-0.139895	-0.394705	-0.842846	-0.365813
36645	5.260945	-3.784499	-6.735347	1.322421	0.998939	0.704378	-0.291758	-0.252071	0.922679	-0.875109	0.459725	-0.151122	-0.386085	-0.851536	-0.354718
36646	5.625163	-1.233276	-5.113935	1.200707	1.054203	0.595612	-0.292912	-0.240352	0.925437	-0.877969	0.450910	-0.160779	-0.378646	-0.859599	-0.343099
36647	6.055266	-0.084670	-3.728596	0.556401	1.082423	0.482922	-0.293073	-0.228885	0.928289	-0.878638	0.447291	-0.167111	-0.376966	-0.864605	-0.332196
36648	6.287693	-0.566398	-3.928146	-0.308487	1.100887	0.401368	-0.292376	-0.217571	0.931224	-0.876302	0.450849	-0.169796	-0.382899	-0.865678	-0.322475
36649	6.869299	-2.462395	-5.098742	-0.811889	1.102863	0.347236	-0.291137	-0.206496	0.934130	-0.872124	0.458644	-0.170425	-0.393241	-0.864295	-0.313618
36650	7.519242	-3.451472	-5.304769	-0.933730	1.172993	0.325594	-0.289253	-0.194875	0.937207	-0.867464	0.467352	-0.170550	-0.404770	-0.862326	-0.304230
36651	7.306106	-3.109200	-5.202256	-0.929732	1.259333	0.277725	-0.286491	-0.182778	0.940487	-0.862841	0.475905	-0.170350	-0.416446	-0.860295	-0.294051
36652	7.028647	-2.502634	-6.570129	-0.945231	1.328958	0.175848	-0.282356	-0.170529	0.944031	-0.858359	0.484332	-0.169242	-0.428364	-0.858104	-0.283129
36653	6.857325	-2.251676	-6.974618	-0.926278	1.426282	0.030122	-0.276435	-0.158217	0.947919	-0.854236	0.492355	-0.166936	-0.440301	-0.855893	-0.271259
36654	6.723681	-2.891016	-7.240778	-0.809621	1.330134	-0.135821	-0.269315	-0.147533	0.951684	-0.851009	0.499065	-0.163458	-0.450837	-0.853913	-0.259958
36655	10.060347	-6.227653	-8.599858	-0.233342	0.991766	-0.192815	-0.263202	-0.140111	0.954512	-0.850462	0.500794	-0.161000	-0.455456	-0.854151	-0.250969
36656	12.203702	-3.767219	-4.658144	0.812629	0.962925	-0.089012	-0.258043	-0.132318	0.957030	-0.854386	0.493706	-0.162108	-0.451041	-0.859504	-0.240448
36657	12.820509	5.443490	-0.972287	1.555960	0.636851	-0.219339	-0.253355	-0.127983	0.958870	-0.861878	0.479979	-0.163664	-0.439291	-0.867894	-0.231911
36658	16.231779	8.623239	3.859520	-0.026124	0.698441	-0.484563	-0.246066	-0.124257	0.961255	-0.862982	0.479591	-0.158915	-0.441263	-0.868650	-0.225243
36659	15.792216	2.056066	1.883763	-0.446042	0.802068	-0.607020	-0.237268	-0.120315	0.963965	-0.862480	0.482714	-0.152040	-0.447027	-0.867474	-0.218302
36660	12.686488	0.678055	2.120712	-0.462910	0.776144	-0.543651	-0.229054	-0.116235	0.966449	-0.861673	0.486081	-0.145760	-0.452830	-0.866149	-0.211496
36661	9.705861	0.393566	0.873839	-0.669735	0.581419	-0.346551	-0.223408	-0.112985	0.968155	-0.859405	0.491483	-0.140956	-0.459905	-0.863527	-0.206901
36662	8.006689	-2.651896	-0.301647	-1.167727	0.478625	-0.304355	-0.218536	-0.110390	0.969565	-0.854650	0.501193	-0.135571	-0.470973	-0.858266	-0.203873
36663	7.913661	-5.651941	-1.493717	-0.656215	0.445746	-0.297896	-0.213865	-0.108160	0.970857	-0.852197	0.506479	-0.131301	-0.477517	-0.855442	-0.200491
36664	8.427819	-3.400923	-1.131209	-0.066614	0.417231	-0.329454	-0.209026	-0.106275	0.972118	-0.852582	0.506693	-0.127930	-0.478970	-0.855551	-0.196520
36665	9.019840	-1.369371	-0.882629	-0.117734	0.353194	-0.337566	-0.204445	-0.105046	0.973225	-0.852728	0.507332	-0.124373	-0.480684	-0.855324	-0.193297
36666	9.532274	-1.708808	-1.646894	-0.498433	0.326921	-0.343162	-0.199906	-0.104016	0.974278	-0.851021	0.511229	-0.120036	-0.485593	-0.853127	-0.190718
36667	9.736901	-2.861978	-2.642381	-0.494433	0.329884	-0.338851	-0.195406	-0.103032	0.975295	-0.849301	0.515062	-0.115751	-0.490411	-0.850938	-0.188152
36668	9.449368	-1.807494	-2.340624	-0.148180	0.297035	-0.345131	-0.190980	-0.102300	0.976248	-0.849247	0.515966	-0.112068	-0.492246	-0.850479	-0.185417
36669	9.948275	-0.181280	-1.453629	-0.039360	0.284634	-0.342572	-0.186665	-0.101722	0.977143	-0.849707	0.515948	-0.108610	-0.493107	-0.850559	-0.182743
36670	10.068662	0.261587	-0.311218	-0.146327	0.308885	-0.332955	-0.182274	-0.100830	0.978064	-0.849605	0.516852	-0.105051	-0.494922	-0.850116	-0.179875
36671	9.494534	0.254368	-0.176891	-0.189022	0.278382	-0.331882	-0.178066	-0.100261	0.978897	-0.849279	0.518110	-0.101422	-0.497008	-0.849417	-0.177407
36672	9.364051	-0.275363	0.043355	-0.211320	0.186095	-0.309696	-0.174474	-0.100304	0.979540	-0.848778	0.519592	-0.097978	-0.499133	-0.848507	-0.175791
36673	9.735495	-1.511356	0.334440	-0.159986	0.133602	-0.303424	-0.171217	-0.100832	0.980060	-0.848528	0.520612	-0.094676	-0.500685	-0.847818	-0.174697
36674	9.614746	-1.047348	0.520545	0.067748	0.086582	-0.304968	-0.168159	-0.101700	0.980500	-0.849390	0.519727	-0.091766	-0.500259	-0.848258	-0.173780
36675	9.640845	0.537883	0.622154	0.026446	0.004708	-0.304188	-0.165537	-0.103305	0.980778	-0.850037	0.519186	-0.088785	-0.500034	-0.848395	-0.173757
36676	9.607902	0.075944	-0.763487	-0.129516	-0.033212	-0.288946	-0.163212	-0.105104	0.980977	-0.849869	0.519981	-0.085687	-0.501083	-0.847687	-0.174191
36677	9.561292	0.459799	-1.899120	-0.130964	-0.029230	-0.268763	-0.161054	-0.106817	0.981148	-0.849663	0.520789	-0.082773	-0.502130	-0.846976	-0.174634
36678	9.456673	0.670458	-2.964029	-0.225180	-0.023574	-0.257393	-0.158951	-0.108375	0.981320	-0.848947	0.522416	-0.079815	-0.504007	-0.845776	-0.175043
36679	9.485249	0.056115	-3.704777	-0.313978	0.005962	-0.244946	-0.156820	-0.109679	0.981518	-0.847764	0.524783	-0.076808	-0.506659	-0.844141	-0.175278
36680	9.318698	-0.540511	-4.124229	-0.301716	0.037018	-0.226818	-0.154675	-0.110576	0.981758	-0.846590	0.527075	-0.074015	-0.509276	-0.842594	-0.175138
36681	9.422334	-0.856024	-3.899604	-0.257304	0.062750	-0.216281	-0.152505	-0.111263	0.982020	-0.845619	0.528992	-0.071387	-0.511538	-0.841301	-0.174760
36682	9.450056	-1.230454	-3.331290	-0.207401	0.091164	-0.210753	-0.150221	-0.111629	0.982330	-0.844880	0.530498	-0.068917	-0.513431	-0.840304	-0.174005
36683	9.616306	-0.916383	-2.560185	-0.175934	0.114779	-0.201466	-0.147914	-0.111809	0.982660	-0.844280	0.531751	-0.066580	-0.515086	-0.839488	-0.173052
36684	9.653440	-0.608133	-1.912975	-0.215274	0.127597	-0.188374	-0.145630	-0.111758	0.983007	-0.843450	0.533344	-0.064319	-0.517092	-0.838484	-0.171934
36685	9.574571	-0.415515	-1.271087	-0.264734	0.127494	-0.181442	-0.143423	-0.111745	0.983333	-0.842360	0.535334	-0.062027	-0.519480	-0.837216	-0.170909
36686	9.367934	-0.209326	-0.436547	-0.297100	0.087960	-0.166668	-0.141527	-0.111920	0.983587	-0.841054	0.537630	-0.059842	-0.522109	-0.835720	-0.170220
36687	9.451164	-0.470538	0.023577	-0.285322	0.019100	-0.152858	-0.140125	-0.112661	0.983703	-0.839786	0.539832	-0.057799	-0.524523	-0.834199	-0.170255
36688	9.566764	-0.498399	0.043793	-0.188480	-0.045074	-0.154095	-0.139033	-0.113886	0.983717	-0.839015	0.541226	-0.055923	-0.526045	-0.833129	-0.170801
36689	10.163678	-0.079680	-0.236897	-0.134379	-0.071537	-0.130587	-0.138295	-0.115260	0.983661	-0.838496	0.542190	-0.054355	-0.527066	-0.832313	-0.171627
36690	10.195709	-0.121677	-1.074740	-0.151186	-0.056366	-0.114461	-0.137598	-0.116367	0.983629	-0.837861	0.543312	-0.052931	-0.528258	-0.831427	-0.172258
36691	9.790001	-0.621671	-2.342462	-0.073350	-0.066663	-0.115896	-0.136957	-0.117622	0.983569	-0.837643	0.543775	-0.051609	-0.528770	-0.830947	-0.172999
36692	9.641842	-0.564204	-3.219821	0.115961	-0.064642	-0.121102	-0.136248	-0.118834	0.983522	-0.838425	0.542665	-0.050580	-0.527712	-0.831500	-0.173570
36693	9.587326	-0.124820	-3.557929	0.137257	-0.022880	-0.113603	-0.135395	-0.119711	0.983533	-0.839311	0.541381	-0.049647	-0.526523	-0.832212	-0.173775
36694	9.576186	-0.239013	-3.914519	0.070610	0.020146	-0.100296	-0.134412	-0.120103	0.983620	-0.839822	0.540670	-0.048744	-0.525959	-0.832617	-0.173537
36695	9.466697	-0.651060	-3.976962	0.066595	0.069838	-0.087566	-0.133291	-0.120068	0.983777	-0.840292	0.540010	-0.047944	-0.525493	-0.833051	-0.172871
36696	9.534020	-0.489530	-3.285956	0.100824	0.101287	-0.088926	-0.131977	-0.119720	0.983997	-0.840944	0.539060	-0.047204	-0.524782	-0.833716	-0.171821
36697	9.482841	-0.377425	-2.241197	0.103508	0.114194	-0.089263	-0.130610	-0.119332	0.984226	-0.841616	0.538076	-0.046447	-0.524046	-0.834406	-0.170710
36698	9.286747	-0.427557	-1.322522	0.063075	0.097209	-0.093927	-0.129275	-0.119043	0.984437	-0.842072	0.537434	-0.045591	-0.523643	-0.834861	-0.169720
36699	9.369948	-0.624622	-0.553689	0.063214	0.061251	-0.099564	-0.128102	-0.119142	0.984579	-0.842530	0.536794	-0.044664	-0.523194	-0.835259	-0.169145
36700	9.464447	-0.522884	-0.127160	0.083596	0.009819	-0.100004	-0.127173	-0.119612	0.984642	-0.843099	0.535973	-0.043782	-0.522505	-0.835719	-0.169006
36701	9.514124	-0.295502	-0.067141	0.088719	-0.037444	-0.100789	-0.126501	-0.120539	0.984615	-0.843693	0.535109	-0.042887	-0.521707	-0.836139	-0.169390
36702	9.466150	-0.232735	-0.255895	0.112545	-0.086131	-0.094346	-0.126119	-0.121781	0.984512	-0.844403	0.534051	-0.042110	-0.520651	-0.836636	-0.170186
36703	9.473352	-0.164043	-0.588856	0.155609	-0.134896	-0.091776	-0.126025	-0.123473	0.984313	-0.845336	0.532627	-0.041418	-0.519158	-0.837295	-0.171500
36704	9.583039	-0.099983	-1.328342	0.171093	-0.165488	-0.081391	-0.126159	-0.125308	0.984064	-0.846329	0.531089	-0.040873	-0.517504	-0.837999	-0.173053
36705	10.406752	-0.165261	-1.973941	0.189340	-0.130675	-0.059713	-0.126305	-0.126794	0.983855	-0.847394	0.529413	-0.040559	-0.515722	-0.838836	-0.174312
36706	10.046064	-0.269578	-2.978888	0.129224	-0.077922	-0.056332	-0.126194	-0.127762	0.983744	-0.848135	0.528253	-0.040192	-0.514531	-0.839420	-0.175022
36707	9.776547	-0.642860	-3.861326	0.237874	-0.066239	-0.062483	-0.125985	-0.128713	0.983647	-0.849431	0.526186	-0.039942	-0.512440	-0.840572	-0.175624
36708	9.731219	-0.522054	-3.994456	0.341237	-0.006781	-0.055672	-0.125510	-0.129078	0.983660	-0.851249	0.523239	-0.039955	-0.509532	-0.842354	-0.175549
36709	9.557293	0.080762	-3.661855	0.322601	0.037663	-0.054561	-0.124835	-0.129124	0.983739	-0.852966	0.520437	-0.039929	-0.506819	-0.844081	-0.175107
36710	9.416261	-0.054239	-3.312517	0.170822	0.089427	-0.043046	-0.123980	-0.128608	0.983915	-0.853888	0.518936	-0.039765	-0.505475	-0.845083	-0.174154
36711	9.509818	-0.509836	-2.750721	0.084287	0.110635	-0.037171	-0.123088	-0.127943	0.984114	-0.854360	0.518179	-0.039492	-0.504894	-0.845648	-0.173091
36712	9.404488	-0.465736	-1.817991	0.034311	0.115406	-0.035419	-0.122167	-0.127166	0.984329	-0.854580	0.517840	-0.039164	-0.504745	-0.845973	-0.171937
36713	9.207199	-0.760276	-0.913027	-0.057046	0.088731	-0.038390	-0.121377	-0.126693	0.984488	-0.854338	0.518279	-0.038634	-0.505345	-0.845775	-0.171146
36714	9.260463	-1.067267	-0.364578	0.009995	0.032849	-0.052352	-0.120728	-0.126702	0.984567	-0.854456	0.518125	-0.038098	-0.505302	-0.845868	-0.170813
36715	9.287967	-0.335881	0.388970	0.084541	-0.022781	-0.056328	-0.120348	-0.127260	0.984541	-0.854949	0.517345	-0.037636	-0.504558	-0.846262	-0.171062
36716	9.420896	0.242530	0.609878	0.074645	-0.088837	-0.052125	-0.120315	-0.128297	0.984411	-0.855392	0.516643	-0.037212	-0.503815	-0.846534	-0.171904
36717	9.487963	0.319443	0.312573	0.041909	-0.135469	-0.037647	-0.120656	-0.129709	0.984184	-0.855650	0.516240	-0.036861	-0.503294	-0.846565	-0.173273
36718	9.416238	0.315928	-0.255495	0.061357	-0.188483	-0.027882	-0.121330	-0.131464	0.983868	-0.855996	0.515681	-0.036656	-0.502543	-0.846635	-0.175100
36719	9.847339	0.210339	-0.925812	0.036055	-0.208548	-0.010277	-0.122265	-0.133353	0.983498	-0.856198	0.515352	-0.036562	-0.501972	-0.846539	-0.177186
36720	9.976292	-0.128033	-1.959669	-0.019879	-0.177495	0.002409	-0.123141	-0.134859	0.983183	-0.856099	0.515520	-0.036512	-0.501927	-0.846199	-0.178934
36721	9.911417	-0.353270	-2.976482	0.000495	-0.153758	0.005246	-0.123934	-0.136197	0.982899	-0.856095	0.515528	-0.036510	-0.501739	-0.845980	-0.180489
36722	9.648101	-0.651529	-3.631193	0.020951	-0.128507	0.002562	-0.124565	-0.137287	0.982668	-0.856201	0.515350	-0.036535	-0.501402	-0.845912	-0.181739
36723	9.642039	-0.760389	-3.925961	0.089104	-0.092636	-0.007089	-0.124948	-0.138171	0.982495	-0.856650	0.514599	-0.036574	-0.500538	-0.846225	-0.182663
36724	9.508373	-0.467821	-3.667430	0.097631	-0.047678	-0.002209	-0.125132	-0.138602	0.982411	-0.857145	0.513766	-0.036692	-0.499644	-0.846660	-0.183090
36725	9.484527	-0.401963	-3.324651	0.035394	-0.018720	-0.007022	-0.125147	-0.138868	0.982372	-0.857330	0.513463	-0.036635	-0.499324	-0.846801	-0.183314
36726	9.407105	-0.507542	-2.997083	-0.009809	0.012441	-0.000394	-0.125046	-0.138780	0.982397	-0.857285	0.513542	-0.036574	-0.499426	-0.846767	-0.183191
36727	9.433204	-0.516233	-2.447047	-0.016049	0.021542	-0.008058	-0.124850	-0.138724	0.982430	-0.857229	0.513647	-0.036410	-0.499571	-0.846713	-0.183047
36728	9.347237	-0.645779	-1.846193	-0.015016	0.010867	-0.009815	-0.124676	-0.138698	0.982455	-0.857170	0.513757	-0.036247	-0.499716	-0.846650	-0.182941
36729	9.404539	-0.787996	-1.429536	0.028676	-0.008115	-0.018079	-0.124544	-0.138943	0.982438	-0.857347	0.513474	-0.036067	-0.499445	-0.846782	-0.183072
36730	9.565181	-0.513281	-0.906858	0.096655	-0.032837	-0.020470	-0.124497	-0.139341	0.982387	-0.857858	0.512623	-0.036005	-0.498578	-0.847232	-0.183355
36731	9.660523	-0.284330	-0.744455	0.128818	-0.062628	-0.021344	-0.124610	-0.140056	0.982271	-0.858528	0.511503	-0.035980	-0.497396	-0.847791	-0.183980
36732	9.679134	-0.234795	-0.954061	0.130792	-0.072896	-0.018300	-0.124779	-0.140783	0.982146	-0.859204	0.510364	-0.036003	-0.496184	-0.848356	-0.184644
36733	9.539225	-0.183920	-1.247015	0.188122	-0.101105	-0.012495	-0.125154	-0.141777	0.981955	-0.860156	0.508747	-0.036176	-0.494438	-0.849162	-0.185623
36734	9.507398	0.085111	-1.541489	0.175673	-0.112446	-0.009898	-0.125588	-0.142798	0.981752	-0.861039	0.507237	-0.036368	-0.492787	-0.849894	-0.186658
36735	9.485458	0.057810	-1.654623	0.135923	-0.132226	-0.001457	-0.126209	-0.143997	0.981497	-0.861707	0.506088	-0.036556	-0.491460	-0.850376	-0.187956
36736	9.601446	0.129926	-1.756504	0.054139	-0.132912	0.009012	-0.126904	-0.145097	0.981245	-0.861965	0.505637	-0.036709	-0.490828	-0.850458	-0.189236
36737	9.886051	-0.087502	-2.041857	-0.066372	-0.110402	0.019336	-0.127594	-0.146004	0.981021	-0.861611	0.506239	-0.036720	-0.491270	-0.849944	-0.190392
36738	9.905765	-0.530705	-2.603324	-0.143591	-0.076553	0.021406	-0.128119	-0.146562	0.980870	-0.860881	0.507486	-0.036617	-0.492411	-0.849104	-0.191191
36739	9.687588	-0.785341	-2.955732	-0.132306	-0.053494	0.011449	-0.128463	-0.147024	0.980755	-0.860210	0.508638	-0.036424	-0.493495	-0.848334	-0.191813
36740	9.564157	-1.108096	-3.331922	-0.051612	-0.038691	0.000561	-0.128623	-0.147365	0.980683	-0.859958	0.509073	-0.036292	-0.493891	-0.848014	-0.192206
36741	9.524340	-0.700366	-3.080703	0.058062	-0.014650	-0.010055	-0.128593	-0.147610	0.980650	-0.860254	0.508576	-0.036254	-0.493383	-0.848270	-0.192381
36742	9.427804	-0.495631	-2.824033	0.042018	0.007734	-0.005560	-0.128471	-0.147588	0.980670	-0.860472	0.508207	-0.036242	-0.493034	-0.848495	-0.192285
36743	9.336587	-0.469229	-2.581144	0.024360	0.022479	-0.003235	-0.128319	-0.147487	0.980705	-0.860596	0.508000	-0.036206	-0.492859	-0.848636	-0.192113
36744	9.284981	-0.415799	-2.170122	0.027003	0.019411	-0.002807	-0.128163	-0.147352	0.980745	-0.860736	0.507763	-0.036192	-0.492653	-0.848802	-0.191907
36745	9.250638	-0.384208	-1.728489	0.017242	0.006583	-0.005220	-0.128073	-0.147396	0.980751	-0.860827	0.507615	-0.036123	-0.492519	-0.848883	-0.191894
36746	9.326862	-0.358542	-1.374307	0.017600	-0.020478	-0.007320	-0.128075	-0.147623	0.980716	-0.860927	0.507450	-0.036047	-0.492344	-0.848941	-0.192084
36747	9.535565	-0.309067	-1.061538	0.043628	-0.051649	-0.009955	-0.128231	-0.148182	0.980612	-0.861148	0.507079	-0.035983	-0.491915	-0.849066	-0.192629
36748	9.780501	-0.228882	-0.977866	0.043257	-0.064842	-0.017903	-0.128359	-0.148838	0.980495	-0.861388	0.506681	-0.035853	-0.491462	-0.849189	-0.193245
36749	9.927643	-0.218700	-1.440370	0.033670	-0.064770	-0.015831	-0.128527	-0.149537	0.980367	-0.861570	0.506381	-0.035713	-0.491099	-0.849245	-0.193920
36750	9.670160	-0.266886	-1.982720	0.034017	-0.070000	-0.013908	-0.128715	-0.150217	0.980238	-0.861759	0.506067	-0.035605	-0.490718	-0.849312	-0.194589
36751	9.566303	-0.370748	-2.460876	0.076276	-0.079640	-0.009571	-0.129007	-0.151010	0.980078	-0.862142	0.505414	-0.035609	-0.489968	-0.849560	-0.195394
36752	9.507366	-0.088246	-2.368626	0.072559	-0.067335	-0.002759	-0.129277	-0.151611	0.979950	-0.862505	0.504789	-0.035686	-0.489258	-0.849824	-0.196023
36753	9.435560	0.018734	-2.410596	-0.017776	-0.051759	0.004916	-0.129558	-0.152096	0.979838	-0.862408	0.504957	-0.035649	-0.489354	-0.849638	-0.196590
36754	9.468379	-0.299044	-2.506562	-0.088290	-0.043343	0.010292	-0.129823	-0.152427	0.979751	-0.861966	0.505718	-0.035538	-0.490061	-0.849126	-0.197041
36755	9.557254	-0.653686	-2.527554	-0.108961	-0.029517	0.007283	-0.130017	-0.152709	0.979681	-0.861415	0.506670	-0.035344	-0.490978	-0.848508	-0.197421
36756	9.553434	-0.807268	-2.543894	-0.083198	-0.021530	-0.001367	-0.130075	-0.152913	0.979642	-0.861012	0.507370	-0.035128	-0.491669	-0.848053	-0.197656
36757	9.495220	-0.884647	-2.455280	-0.047433	-0.013084	-0.005178	-0.130082	-0.153122	0.979608	-0.860783	0.507773	-0.034933	-0.492069	-0.847774	-0.197857
36758	9.445664	-0.749929	-2.391232	0.009477	-0.010097	-0.017630	-0.129944	-0.153312	0.979597	-0.860856	0.507661	-0.034741	-0.491977	-0.847806	-0.197947
36759	9.429388	-0.452842	-2.268420	0.024966	-0.010612	-0.016008	-0.129847	-0.153555	0.979572	-0.860996	0.507434	-0.034585	-0.491757	-0.847899	-0.198099
36760	9.366464	-0.352704	-2.163463	0.027070	-0.013654	-0.013464	-0.129762	-0.153754	0.979552	-0.861151	0.507179	-0.034468	-0.491508	-0.848015	-0.198218
36761	9.345452	-0.343621	-2.033111	0.030102	-0.020486	-0.016643	-0.129710	-0.154080	0.979507	-0.861311	0.506917	-0.034318	-0.491241	-0.848112	-0.198463
36762	9.559430	-0.402192	-1.970576	0.049324	-0.024135	-0.018857	-0.129630	-0.154396	0.979468	-0.861582	0.506465	-0.034193	-0.490788	-0.848325	-0.198678
36763	9.703341	-0.225864	-1.911297	0.067267	-0.018778	-0.017278	-0.129561	-0.154716	0.979427	-0.861934	0.505871	-0.034109	-0.490187	-0.848621	-0.198896
36764	9.785641	-0.102356	-2.119789	0.018045	-0.004404	-0.010483	-0.129457	-0.154822	0.979424	-0.862040	0.505698	-0.034004	-0.490028	-0.848705	-0.198928
36765	9.684837	-0.393100	-2.496696	0.000149	0.000896	-0.014577	-0.129315	-0.154959	0.979421	-0.862056	0.505684	-0.033813	-0.490038	-0.848688	-0.198976
36766	9.513603	-0.419078	-2.589160	0.005404	0.007440	-0.012721	-0.129133	-0.154975	0.979442	-0.862103	0.505614	-0.033661	-0.490003	-0.848727	-0.198896
36767	9.504232	-0.418954	-2.621098	-0.001575	0.017142	-0.009183	-0.128959	-0.154949	0.979469	-0.862105	0.505619	-0.033519	-0.490045	-0.848728	-0.198787
36768	9.580803	-0.468650	-2.621353	-0.030536	0.040487	-0.007843	-0.128657	-0.154660	0.979555	-0.861970	0.505862	-0.033343	-0.490363	-0.848636	-0.198395
36769	9.453366	-0.834670	-2.803441	-0.048651	0.059640	-0.019921	-0.128184	-0.154328	0.979669	-0.861752	0.506256	-0.033004	-0.490870	-0.848462	-0.197886
36770	9.483288	-1.104196	-2.852618	0.083399	0.062860	-0.030280	-0.127578	-0.153962	0.979806	-0.862203	0.505497	-0.032834	-0.490234	-0.848981	-0.197237
36771	9.546859	-0.527294	-2.302798	0.203681	0.071133	-0.037553	-0.126901	-0.153617	0.979948	-0.863237	0.503731	-0.032822	-0.488588	-0.850092	-0.196532
36772	9.542776	0.083111	-1.807533	0.153991	0.074202	-0.035261	-0.126199	-0.153178	0.980107	-0.864037	0.502363	-0.032741	-0.487355	-0.850980	-0.195749
36773	9.451148	0.068929	-1.683134	0.055483	0.075298	-0.030832	-0.125560	-0.152762	0.980254	-0.864335	0.501866	-0.032502	-0.486991	-0.851349	-0.195052
36774	9.390887	-0.021346	-1.422744	0.031030	0.053384	-0.018434	-0.125105	-0.152415	0.980366	-0.864513	0.501569	-0.032344	-0.486792	-0.851586	-0.194513
36775	9.355608	0.078919	-1.159848	-0.005332	0.030023	-0.020483	-0.124774	-0.152332	0.980421	-0.864504	0.501601	-0.032086	-0.486892	-0.851582	-0.194279
36776	9.404689	-0.056850	-1.168098	-0.040686	0.003713	-0.015729	-0.124584	-0.152395	0.980436	-0.864329	0.501919	-0.031815	-0.487251	-0.851383	-0.194251
36777	9.619682	-0.276007	-1.367782	-0.051709	-0.014233	-0.009777	-0.124560	-0.152634	0.980402	-0.864082	0.502360	-0.031571	-0.487696	-0.851080	-0.194462
36778	9.664453	-0.411003	-1.773951	-0.029073	-0.020710	-0.010174	-0.124537	-0.152877	0.980367	-0.863957	0.502588	-0.031377	-0.487923	-0.850902	-0.194670
36779	9.741266	-0.530171	-2.244317	0.008999	-0.024224	-0.010928	-0.124551	-0.153204	0.980314	-0.864004	0.502514	-0.031241	-0.487836	-0.850886	-0.194958
36780	9.717832	-0.383764	-2.585145	0.042117	-0.008398	-0.004637	-0.124516	-0.153314	0.980301	-0.864219	0.502145	-0.031239	-0.487464	-0.851085	-0.195022
36781	9.561960	-0.281609	-2.974417	0.023315	0.011331	-0.005607	-0.124403	-0.153314	0.980316	-0.864333	0.501952	-0.031183	-0.487291	-0.851198	-0.194959
36782	9.496160	-0.230277	-2.937109	0.012025	0.024204	0.003836	-0.124283	-0.153104	0.980364	-0.864391	0.501852	-0.031206	-0.487219	-0.851296	-0.194713
36783	9.507446	-0.170187	-2.633051	-0.037007	0.045174	0.000909	-0.124063	-0.152784	0.980441	-0.864198	0.502190	-0.031097	-0.487617	-0.851154	-0.194339
36784	9.508090	-0.261404	-2.427572	-0.086923	0.057261	0.002696	-0.123771	-0.152298	0.980554	-0.863774	0.502930	-0.030916	-0.488441	-0.850804	-0.193799
36785	9.496630	-0.361807	-2.146135	-0.113498	0.057339	0.000428	-0.123486	-0.151881	0.980654	-0.863213	0.503909	-0.030654	-0.489505	-0.850299	-0.193332
36786	9.502371	-0.523289	-2.011998	-0.103152	0.057445	-0.000322	-0.123166	-0.151410	0.980768	-0.862712	0.504781	-0.030413	-0.490468	-0.849866	-0.192795
36787	9.518363	-0.405824	-1.745290	-0.073520	0.050489	-0.001215	-0.122902	-0.151056	0.980855	-0.862340	0.505428	-0.030214	-0.491187	-0.849544	-0.192380
36788	9.475922	-0.426159	-1.656291	-0.061423	0.043609	-0.004327	-0.122615	-0.150723	0.980943	-0.862047	0.505939	-0.030015	-0.491773	-0.849299	-0.191966
36789	9.487333	-0.419592	-1.674414	-0.026891	0.025136	-0.003743	-0.122449	-0.150605	0.980981	-0.861921	0.506162	-0.029879	-0.492035	-0.849187	-0.191789
36790	9.563336	-0.253585	-1.787748	-0.009909	0.025114	0.000618	-0.122295	-0.150404	0.981031	-0.861875	0.506243	-0.029828	-0.492154	-0.849174	-0.191540
36791	9.580109	-0.229383	-2.024157	-0.016799	0.023577	-0.002410	-0.122150	-0.150287	0.981067	-0.861789	0.506396	-0.029726	-0.492341	-0.849104	-0.191372
36792	9.544223	-0.227800	-2.208844	-0.009212	0.028802	-0.000036	-0.121972	-0.150058	0.981125	-0.861747	0.506470	-0.029669	-0.492458	-0.849100	-0.191087
36793	9.519119	-0.182351	-2.235690	-0.027896	0.032368	-0.000031	-0.121805	-0.149855	0.981176	-0.861603	0.506721	-0.029569	-0.492752	-0.848986	-0.190836
36794	9.492938	-0.268508	-2.240738	-0.040584	0.033510	0.000185	-0.121605	-0.149584	0.981242	-0.861406	0.507062	-0.029456	-0.493144	-0.848830	-0.190514
36795	9.472061	-0.386522	-2.138881	-0.059413	0.033343	-0.001291	-0.121424	-0.149376	0.981297	-0.861102	0.507588	-0.029284	-0.493720	-0.848552	-0.190261
36796	9.365412	-0.435667	-1.979351	-0.047768	0.019601	0.001720	-0.121306	-0.149217	0.981335	-0.860868	0.507992	-0.029172	-0.494158	-0.848339	-0.190078
36797	9.469345	-0.337391	-1.758362	-0.032488	0.013944	0.007464	-0.121295	-0.149130	0.981350	-0.860687	0.508300	-0.029138	-0.494475	-0.848169	-0.190008
36798	9.613333	-0.099614	-1.480978	-0.047910	0.001770	0.004744	-0.121291	-0.149106	0.981354	-0.860448	0.508709	-0.029055	-0.494892	-0.847928	-0.190000
36799	9.593309	-0.232643	-1.526384	-0.093760	-0.005229	0.007030	-0.121371	-0.149184	0.981332	-0.859965	0.509534	-0.028900	-0.495710	-0.847419	-0.190135
36800	9.528264	-0.303007	-1.580005	-0.066373	-0.026913	0.006649	-0.121526	-0.149393	0.981281	-0.859632	0.510102	-0.028801	-0.496251	-0.847041	-0.190414
36801	9.550528	-0.357382	-1.445469	-0.050571	-0.047506	0.002227	-0.121772	-0.149854	0.981181	-0.859370	0.510549	-0.028680	-0.496643	-0.846690	-0.190950
36802	9.515670	-0.269884	-1.389141	-0.050958	-0.062143	-0.000229	-0.122043	-0.150396	0.981064	-0.859121	0.510976	-0.028542	-0.497007	-0.846336	-0.191570
36803	9.442611	-0.147417	-1.288643	-0.069916	-0.089362	-0.001744	-0.122462	-0.151233	0.980883	-0.858775	0.511569	-0.028343	-0.497503	-0.845828	-0.192523
36804	9.422336	-0.129272	-1.275193	-0.102864	-0.111441	0.008270	-0.123052	-0.152148	0.980668	-0.858256	0.512447	-0.028187	-0.498252	-0.845132	-0.193640
36805	9.431751	-0.231353	-1.252653	-0.126360	-0.141590	0.004183	-0.123785	-0.153388	0.980382	-0.857611	0.513539	-0.027937	-0.499180	-0.844245	-0.195115
36806	9.649970	-0.263853	-1.473886	-0.146115	-0.156513	0.002338	-0.124551	-0.154712	0.980077	-0.856882	0.514771	-0.027635	-0.500240	-0.843252	-0.196685
36807	9.763354	-0.385893	-1.970383	-0.168385	-0.150550	-0.002879	-0.125272	-0.156055	0.979772	-0.856026	0.516215	-0.027229	-0.501524	-0.842122	-0.198254
36808	9.741591	-0.553642	-2.462596	-0.176827	-0.130835	-0.004483	-0.125855	-0.157194	0.979515	-0.855148	0.517691	-0.026795	-0.502874	-0.841003	-0.199578
36809	9.617103	-0.623721	-2.978728	-0.143580	-0.115498	-0.007145	-0.126365	-0.158267	0.979277	-0.854427	0.518901	-0.026391	-0.503971	-0.840056	-0.200798
36810	9.588883	-0.441148	-3.038311	-0.112903	-0.099033	-0.013743	-0.126711	-0.159186	0.979083	-0.853879	0.519822	-0.025991	-0.504812	-0.839312	-0.201793
36811	9.480974	-0.488568	-2.889233	-0.126722	-0.069627	-0.018020	-0.126903	-0.159927	0.978938	-0.853249	0.520879	-0.025514	-0.505828	-0.838516	-0.202558
36812	9.391585	-0.298104	-2.438321	-0.149344	-0.038487	-0.024345	-0.126854	-0.160392	0.978868	-0.852528	0.522087	-0.024935	-0.507055	-0.837675	-0.202968
36813	9.379770	-0.152134	-2.043222	-0.218750	-0.024301	-0.036129	-0.126662	-0.160853	0.978817	-0.851457	0.523871	-0.024091	-0.508899	-0.836472	-0.203314
36814	9.349286	-0.253867	-1.838472	-0.269090	-0.025447	-0.033201	-0.126474	-0.161256	0.978775	-0.850130	0.526062	-0.023180	-0.511158	-0.835018	-0.203622
36815	9.270546	-0.212897	-1.675077	-0.299387	-0.042613	-0.032373	-0.126408	-0.161854	0.978685	-0.848637	0.528509	-0.022206	-0.513650	-0.833355	-0.204163
36816	9.341796	-0.043651	-1.485748	-0.346620	-0.064983	-0.028463	-0.126466	-0.162562	0.978560	-0.846891	0.531344	-0.021181	-0.516509	-0.831413	-0.204869
36817	9.347185	-0.333513	-1.604859	-0.390107	-0.090561	-0.028505	-0.126686	-0.163531	0.978370	-0.844897	0.534553	-0.020055	-0.519711	-0.829163	-0.205888
36818	9.463156	-0.482763	-1.688432	-0.356907	-0.115067	-0.032832	-0.126974	-0.164676	0.978141	-0.843082	0.537450	-0.018958	-0.522580	-0.827061	-0.207078
36819	9.464712	-0.808535	-1.941598	-0.331208	-0.136008	-0.045529	-0.127294	-0.166111	0.977856	-0.841400	0.540121	-0.017779	-0.525207	-0.825031	-0.208520
36820	9.656217	-1.121757	-2.579112	-0.197435	-0.132599	-0.062391	-0.127432	-0.167559	0.977592	-0.840445	0.541640	-0.016718	-0.526701	-0.823742	-0.209846
36821	9.610321	-0.762365	-2.790952	-0.068319	-0.128259	-0.083751	-0.127398	-0.169132	0.977325	-0.840183	0.542075	-0.015711	-0.527126	-0.823134	-0.211161
36822	9.396100	-0.495390	-3.167229	-0.039104	-0.109613	-0.085790	-0.127220	-0.170516	0.977108	-0.840090	0.542246	-0.014752	-0.527317	-0.822735	-0.212233
36823	9.520090	0.250099	-3.058939	-0.056034	-0.088938	-0.067515	-0.127118	-0.171680	0.976917	-0.839874	0.542602	-0.013931	-0.527686	-0.822259	-0.213164
36824	9.591416	0.305997	-3.015360	-0.190830	-0.060857	-0.053063	-0.126959	-0.172485	0.976796	-0.838937	0.544074	-0.012967	-0.529212	-0.821117	-0.213779
36825	9.451334	-0.084144	-2.732317	-0.268087	-0.048412	-0.050743	-0.126785	-0.173228	0.976687	-0.837576	0.546192	-0.011853	-0.531405	-0.819553	-0.214341
36826	9.021474	-1.293653	-2.397752	-0.313302	-0.053361	-0.061526	-0.126520	-0.174019	0.976581	-0.835989	0.548645	-0.010541	-0.533961	-0.817745	-0.214892
36827	9.228962	-2.109576	-2.508102	-0.027012	-0.076637	-0.096643	-0.126121	-0.175241	0.976414	-0.835954	0.548717	-0.009498	-0.534111	-0.817435	-0.215698
36828	10.063073	-0.472995	-1.848782	0.207577	-0.073725	-0.109079	-0.125567	-0.176458	0.976266	-0.837202	0.546822	-0.008843	-0.532284	-0.818442	-0.216394
36829	10.072040	0.449584	-1.422267	0.103883	-0.050494	-0.098454	-0.125013	-0.177471	0.976153	-0.837864	0.545819	-0.008069	-0.531371	-0.818893	-0.216932
36830	9.669177	0.633452	-1.877916	0.043038	-0.052800	-0.098008	-0.124437	-0.178455	0.976048	-0.838219	0.545287	-0.007168	-0.530947	-0.819034	-0.217439
36831	9.373019	1.022652	-2.019992	0.029768	-0.070816	-0.069331	-0.124234	-0.179472	0.975887	-0.838444	0.544949	-0.006518	-0.530639	-0.819037	-0.218178
36832	9.557312	0.838686	-2.052395	-0.090184	-0.075989	-0.047592	-0.124204	-0.180370	0.975725	-0.838028	0.545596	-0.005818	-0.531302	-0.818408	-0.218920
36833	9.686701	0.599870	-2.212676	-0.147205	-0.060813	-0.037437	-0.124210	-0.181137	0.975583	-0.837283	0.546746	-0.005087	-0.532475	-0.817471	-0.219574
36834	9.582272	0.599411	-2.437367	-0.200950	-0.034221	-0.029725	-0.124108	-0.181596	0.975510	-0.836252	0.548328	-0.004317	-0.534116	-0.816308	-0.219912
36835	9.529111	0.353621	-2.826918	-0.233202	-0.026653	-0.023321	-0.124052	-0.182006	0.975441	-0.835022	0.550205	-0.003532	-0.536050	-0.814953	-0.220233
36836	9.638236	-0.042983	-3.018370	-0.212810	-0.018555	-0.019670	-0.123952	-0.182283	0.975402	-0.833907	0.551897	-0.002833	-0.537805	-0.813746	-0.220416
36837	9.553204	-0.243291	-3.071091	-0.175615	-0.003058	-0.015526	-0.123835	-0.182461	0.975383	-0.832972	0.553311	-0.002249	-0.539280	-0.812745	-0.220504
36838	9.486407	-0.528858	-2.860031	-0.159498	0.002064	-0.020026	-0.123622	-0.182573	0.975390	-0.832139	0.554565	-0.001663	-0.540613	-0.811865	-0.220482
36839	9.501723	-0.776253	-2.709605	-0.111858	0.014237	-0.023814	-0.123346	-0.182656	0.975409	-0.831550	0.555449	-0.001140	-0.541582	-0.811242	-0.220400
36840	9.626717	-0.070329	-2.163926	-0.064398	0.023067	-0.020087	-0.123019	-0.182598	0.975461	-0.831229	0.555929	-0.000764	-0.542148	-0.810926	-0.220170
36841	9.596197	0.464280	-1.916315	-0.175159	0.040338	-0.013875	-0.122683	-0.182416	0.975537	-0.830286	0.557338	-0.000200	-0.543667	-0.809999	-0.219834
36842	9.465155	0.464776	-2.033404	-0.236228	0.036067	-0.002410	-0.122432	-0.182155	0.975618	-0.829006	0.559240	0.000381	-0.545674	-0.808746	-0.219477
36843	9.461850	0.426573	-2.102870	-0.209447	0.012976	0.000351	-0.122360	-0.182118	0.975634	-0.827854	0.560943	0.000883	-0.547435	-0.807574	-0.219405
36844	9.528898	0.282942	-2.345497	-0.178333	-0.000058	0.001986	-0.122342	-0.182125	0.975635	-0.826878	0.562380	0.001293	-0.548913	-0.806572	-0.219398
36845	9.372521	0.054056	-2.414780	-0.110328	-0.013588	0.010500	-0.122500	-0.182245	0.975592	-0.826250	0.563301	0.001480	-0.549822	-0.805902	-0.219584
36846	9.453535	-0.084869	-2.339815	-0.052626	-0.035075	0.010958	-0.122748	-0.182484	0.975517	-0.825951	0.563740	0.001526	-0.550216	-0.805542	-0.219921
36847	9.476251	-0.191764	-2.283207	0.010727	-0.047905	0.014996	-0.123133	-0.182852	0.975399	-0.825979	0.563699	0.001402	-0.550088	-0.805486	-0.220442
36848	9.579369	0.134709	-2.126209	0.036027	-0.058109	0.029119	-0.123659	-0.183174	0.975272	-0.826145	0.563457	0.001077	-0.549721	-0.805583	-0.221004
36849	9.628178	0.282614	-2.141656	0.010406	-0.065326	0.041126	-0.124356	-0.183534	0.975116	-0.826137	0.563469	0.000699	-0.549576	-0.805492	-0.221695
36850	9.555021	0.254071	-2.162729	-0.005701	-0.070641	0.045539	-0.125085	-0.183864	0.974960	-0.826052	0.563593	0.000305	-0.549537	-0.805330	-0.222379
36851	9.331959	-0.075192	-2.131779	-0.005151	-0.088684	0.045754	-0.125949	-0.184383	0.974751	-0.825947	0.563748	-0.000084	-0.549498	-0.805103	-0.223295
36852	9.318735	-0.133642	-1.994298	0.049447	-0.101939	0.044070	-0.126839	-0.184973	0.974524	-0.826167	0.563425	-0.000586	-0.548963	-0.805194	-0.224283
36853	9.324289	0.187295	-1.721680	0.055023	-0.124318	0.044997	-0.127889	-0.185787	0.974232	-0.826399	0.563084	-0.001102	-0.548369	-0.805245	-0.225546
36854	9.350226	0.234663	-1.505566	0.034123	-0.150561	0.054781	-0.129132	-0.186708	0.973892	-0.826520	0.562905	-0.001675	-0.547896	-0.805157	-0.227007
36855	9.479691	0.365162	-1.412993	0.024520	-0.183541	0.059748	-0.130628	-0.187911	0.973461	-0.826558	0.562847	-0.002267	-0.547483	-0.804918	-0.228843
36856	10.185356	0.197815	-1.431736	-0.009670	-0.196606	0.064493	-0.132203	-0.189147	0.973009	-0.826424	0.563041	-0.002834	-0.547307	-0.804493	-0.230751
36857	9.800545	0.129049	-1.764380	-0.044656	-0.173648	0.063227	-0.133668	-0.190250	0.972593	-0.826085	0.563537	-0.003299	-0.547464	-0.803885	-0.232490
36858	9.344629	0.165982	-2.741090	0.027412	-0.194080	0.063523	-0.135220	-0.191470	0.972139	-0.826153	0.563432	-0.003942	-0.546979	-0.803669	-0.234371
36859	9.168274	-0.146690	-2.715817	0.026620	-0.201445	0.071452	-0.136906	-0.192745	0.971651	-0.826185	0.563380	-0.004653	-0.546512	-0.803400	-0.236373
36860	9.058439	-1.339127	-2.949811	0.090913	-0.212984	0.065151	-0.138572	-0.194107	0.971144	-0.826596	0.562770	-0.005463	-0.545470	-0.803500	-0.238433
36861	9.298367	-0.565231	-2.399283	0.241006	-0.227178	0.069943	-0.140381	-0.195604	0.970583	-0.827802	0.560980	-0.006674	-0.543173	-0.804388	-0.240673
