// General information: 
//  MT Manager version: 2022.2.0 
//  XDA version: 2022.2.0 build 7381 rev 124627 built on 2023-07-19
// Device information: 
//  DeviceId: 00B4CBA7
//  ProductCode: MTW2-3A7G6
//  Firmware Version: 4.6.0
//  Hardware Version: 2.0.0
// Device settings: 
//  Filter Profile: human(46.1)
//  Option Flags: Orientation Smoother Disabled, Position/Velocity Smoother Disabled, Continuous Zero Rotation Update Disabled, AHS Disabled, ICC Disabled
// Coordinate system: ENU
PacketCounter	Acc_X	Acc_Y	Acc_Z	Gyr_X	Gyr_Y	Gyr_Z	Mat[1][1]	Mat[2][1]	Mat[3][1]	Mat[1][2]	Mat[2][2]	Mat[3][2]	Mat[1][3]	Mat[2][3]	Mat[3][3]
26720	9.571854	-0.641262	-1.021780	-0.108098	-0.045132	0.008262	-0.160990	-0.092949	0.982569	-0.824175	0.560363	-0.082029	-0.542971	-0.823015	-0.166819
26721	9.650132	-0.791493	-1.442717	-0.106022	-0.057168	0.003588	-0.161299	-0.093417	0.982474	-0.823597	0.561238	-0.081850	-0.543756	-0.822365	-0.167465
26722	9.589522	-1.186754	-2.112859	-0.041686	-0.058051	-0.000161	-0.161578	-0.093913	0.982381	-0.823376	0.561578	-0.081741	-0.544007	-0.822077	-0.168065
26723	9.625462	-1.084899	-2.368819	0.046066	-0.053178	-0.007975	-0.161774	-0.094413	0.982301	-0.823644	0.561190	-0.081707	-0.543544	-0.822285	-0.168548
26724	9.657508	-1.043501	-2.519539	0.084415	-0.042581	-0.006222	-0.161919	-0.094815	0.982238	-0.824118	0.560487	-0.081750	-0.542781	-0.822718	-0.168893
26725	9.678359	-0.950920	-2.433176	0.105401	-0.028412	-0.003694	-0.162014	-0.095086	0.982197	-0.824696	0.559622	-0.081857	-0.541875	-0.823275	-0.169083
26726	9.660236	-0.806045	-2.156983	0.094469	-0.017269	0.000580	-0.162077	-0.095243	0.982171	-0.825212	0.558841	-0.081984	-0.541069	-0.823787	-0.169171
26727	9.650896	-0.762200	-1.834258	0.065083	-0.007844	0.002734	-0.162112	-0.095309	0.982159	-0.825561	0.558311	-0.082086	-0.540526	-0.824139	-0.169192
26728	9.660063	-0.708451	-1.585094	0.011039	0.009760	0.002707	-0.162047	-0.095231	0.982177	-0.825622	0.558220	-0.082092	-0.540453	-0.824210	-0.169083
26729	9.523566	-0.595654	-1.387572	-0.066441	0.026919	-0.001944	-0.161855	-0.095035	0.982228	-0.825261	0.558778	-0.081926	-0.541061	-0.823854	-0.168869
26730	9.402241	-0.595116	-1.287399	-0.152997	0.030936	0.000068	-0.161654	-0.094797	0.982284	-0.824438	0.560035	-0.081630	-0.542375	-0.823028	-0.168686
26731	9.517265	-0.773428	-1.304080	-0.132207	0.010147	0.002569	-0.161591	-0.094717	0.982302	-0.823719	0.561125	-0.081398	-0.543485	-0.822294	-0.168693
26732	9.645894	-0.709539	-1.241440	-0.132677	-0.002165	0.002764	-0.161591	-0.094737	0.982300	-0.822998	0.562215	-0.081163	-0.544575	-0.821547	-0.168817
26733	9.692306	-0.845223	-1.296918	-0.110448	-0.017523	-0.000754	-0.161652	-0.094900	0.982274	-0.822395	0.563131	-0.080935	-0.545468	-0.820901	-0.169077
26734	9.572873	-0.878457	-1.381302	-0.088102	-0.022406	0.000952	-0.161747	-0.095097	0.982240	-0.821918	0.563852	-0.080757	-0.546158	-0.820383	-0.169363
26735	9.615534	-0.843462	-1.408592	-0.127844	0.001726	-0.006836	-0.161653	-0.095140	0.982251	-0.821238	0.564888	-0.080440	-0.547208	-0.819665	-0.169449
26736	9.472809	-1.069452	-1.833379	-0.168063	0.025737	-0.009119	-0.161403	-0.094999	0.982306	-0.820337	0.566253	-0.080027	-0.548631	-0.818739	-0.169326
26737	9.497142	-1.197014	-1.988480	-0.079412	0.004579	-0.007153	-0.161290	-0.095018	0.982322	-0.819913	0.566900	-0.079789	-0.549297	-0.818288	-0.169343
26738	9.662934	-1.067743	-2.036276	-0.035328	-0.008598	-0.008674	-0.161232	-0.095156	0.982318	-0.819739	0.567178	-0.079605	-0.549575	-0.818080	-0.169450
26739	9.708618	-0.803350	-1.871751	0.021251	-0.013581	-0.008239	-0.161210	-0.095332	0.982305	-0.819874	0.566994	-0.079526	-0.549380	-0.818187	-0.169566
26740	9.637539	-0.497746	-1.802831	0.001111	-0.017315	-0.004234	-0.161236	-0.095516	0.982283	-0.819893	0.566978	-0.079448	-0.549344	-0.818176	-0.169730
26741	9.599496	-0.608679	-1.732338	-0.024491	-0.021578	-0.000734	-0.161318	-0.095714	0.982250	-0.819761	0.567181	-0.079364	-0.549517	-0.818013	-0.169959
26742	9.597859	-0.592306	-1.644744	-0.015984	-0.024263	0.001572	-0.161430	-0.095922	0.982212	-0.819676	0.567310	-0.079314	-0.549610	-0.817899	-0.170205
26743	9.617294	-0.636508	-1.671940	-0.034074	-0.019067	0.004532	-0.161543	-0.096067	0.982179	-0.819478	0.567602	-0.079265	-0.549872	-0.817679	-0.170417
26744	9.593367	-0.759831	-1.711974	-0.037602	-0.019387	0.001222	-0.161625	-0.096237	0.982149	-0.819275	0.567908	-0.079175	-0.550150	-0.817447	-0.170632
26745	9.566649	-0.812784	-1.711474	-0.026202	-0.018242	-0.003266	-0.161667	-0.096423	0.982123	-0.819141	0.568118	-0.079061	-0.550338	-0.817279	-0.170830
26746	9.573285	-0.860111	-1.718092	-0.029600	-0.018578	-0.003154	-0.161709	-0.096611	0.982098	-0.818989	0.568353	-0.078942	-0.550552	-0.817093	-0.171031
26747	9.546552	-0.913176	-1.717687	-0.012107	-0.022134	-0.000545	-0.161798	-0.096811	0.982064	-0.818923	0.568457	-0.078882	-0.550624	-0.816997	-0.171256
26748	9.613343	-0.940155	-1.594995	0.003067	-0.024134	-0.001893	-0.161881	-0.097037	0.982028	-0.818949	0.568427	-0.078831	-0.550561	-0.816991	-0.171486
26749	9.733408	-0.922202	-1.605423	0.026986	-0.021823	0.000735	-0.161981	-0.097226	0.981992	-0.819091	0.568218	-0.078852	-0.550319	-0.817114	-0.171677
26750	9.765532	-0.817401	-1.624604	0.038616	-0.001500	0.003266	-0.161982	-0.097237	0.981991	-0.819304	0.567903	-0.078912	-0.550002	-0.817332	-0.171657
26751	9.626611	-0.723590	-1.781620	0.003257	0.010811	-0.001694	-0.161879	-0.097177	0.982014	-0.819329	0.567873	-0.078867	-0.549996	-0.817359	-0.171547
26752	9.534376	-0.765525	-1.992802	-0.039606	0.015370	-0.002608	-0.161739	-0.097084	0.982046	-0.819121	0.568191	-0.078735	-0.550346	-0.817149	-0.171422
26753	9.478622	-0.763721	-2.085048	-0.030260	0.019755	-0.000708	-0.161597	-0.096945	0.982084	-0.818960	0.568437	-0.078643	-0.550628	-0.816995	-0.171252
26754	9.549639	-0.814176	-1.960897	-0.024680	0.016831	-0.003792	-0.161439	-0.096847	0.982119	-0.818836	0.568632	-0.078526	-0.550859	-0.816871	-0.171101
26755	9.578060	-0.790267	-1.644889	-0.024320	0.022088	-0.002197	-0.161270	-0.096695	0.982162	-0.818703	0.568836	-0.078428	-0.551106	-0.816747	-0.170901
26756	9.581351	-0.752099	-1.517075	-0.035111	0.022722	0.003719	-0.161141	-0.096506	0.982202	-0.818509	0.569123	-0.078366	-0.551431	-0.816569	-0.170700
26757	9.906691	-0.717364	-1.390268	-0.046416	0.039026	0.008311	-0.160965	-0.096156	0.982265	-0.818237	0.569520	-0.078334	-0.551887	-0.816334	-0.170351
26758	9.893246	-0.597631	-1.108245	-0.104500	0.073472	0.007244	-0.160584	-0.095533	0.982388	-0.817654	0.570376	-0.078190	-0.552861	-0.815809	-0.169707
26759	9.615734	-0.729306	-1.419923	-0.141186	0.087272	0.006481	-0.160125	-0.094803	0.982534	-0.816865	0.571534	-0.077980	-0.554159	-0.815084	-0.168958
26760	9.395820	-0.798994	-2.006757	-0.123579	0.076809	-0.001512	-0.159653	-0.094204	0.982668	-0.816187	0.572537	-0.077718	-0.555292	-0.814449	-0.168295
26761	9.532294	-1.088645	-2.352901	-0.055689	0.053909	-0.009150	-0.159250	-0.093835	0.982769	-0.815896	0.572981	-0.077501	-0.555835	-0.814179	-0.167807
26762	9.567039	-1.273021	-2.421208	-0.008356	0.062090	-0.010441	-0.158785	-0.093408	0.982885	-0.815872	0.573036	-0.077346	-0.556004	-0.814189	-0.167198
26763	9.532910	-1.162638	-2.328049	0.057428	0.072074	-0.009540	-0.158276	-0.092892	0.983016	-0.816203	0.572569	-0.077312	-0.555663	-0.814577	-0.166442
26764	9.541291	-0.866660	-2.053602	0.063621	0.070937	-0.011184	-0.157756	-0.092396	0.983146	-0.816580	0.572038	-0.077269	-0.555257	-0.815007	-0.165691
26765	9.646070	-0.714566	-1.686152	0.054253	0.080373	-0.004250	-0.157246	-0.091785	0.983285	-0.816895	0.571585	-0.077282	-0.554938	-0.815393	-0.164859
26766	9.606478	-0.518904	-1.461117	-0.011064	0.082628	-0.005343	-0.156709	-0.091160	0.983429	-0.816848	0.571668	-0.077173	-0.555160	-0.815405	-0.164050
26767	9.495111	-0.684099	-1.440488	-0.036779	0.074912	-0.012379	-0.156162	-0.090637	0.983564	-0.816662	0.571963	-0.076955	-0.555587	-0.815257	-0.163339
26768	9.519122	-0.789038	-1.322189	-0.053154	0.071582	-0.017476	-0.155587	-0.090172	0.983698	-0.816399	0.572378	-0.076658	-0.556134	-0.815017	-0.162671
26769	9.525965	-0.825371	-1.406915	-0.075643	0.100821	-0.031119	-0.154741	-0.089550	0.983888	-0.816036	0.572957	-0.076193	-0.556902	-0.814679	-0.161736
26770	9.377383	-0.684326	-1.497907	-0.082916	0.096582	-0.032462	-0.153903	-0.088968	0.984072	-0.815630	0.573600	-0.075702	-0.557729	-0.814290	-0.160844
26771	9.613612	-0.741733	-1.527269	-0.061045	0.074234	-0.021902	-0.153281	-0.088507	0.984211	-0.815324	0.574081	-0.075353	-0.558348	-0.814001	-0.160158
26772	9.720983	-0.715752	-1.594779	-0.073084	0.072928	-0.015420	-0.152714	-0.088020	0.984343	-0.814944	0.574660	-0.075046	-0.559057	-0.813645	-0.159490
26773	9.651530	-0.837327	-1.688732	-0.080481	0.063408	-0.011544	-0.152234	-0.087589	0.984456	-0.814513	0.575308	-0.074768	-0.559816	-0.813234	-0.158924
26774	9.687145	-0.883652	-1.641432	-0.064900	0.054569	-0.016574	-0.151759	-0.087259	0.984558	-0.814180	0.575818	-0.074464	-0.560429	-0.812908	-0.158430
26775	9.602428	-0.993202	-1.625500	-0.073529	0.081686	-0.030742	-0.151021	-0.086789	0.984713	-0.813813	0.576395	-0.074010	-0.561160	-0.812550	-0.157678
26776	9.409670	-0.970469	-1.593712	-0.059402	0.081459	-0.040094	-0.150203	-0.086377	0.984875	-0.813545	0.576840	-0.073483	-0.561768	-0.812277	-0.156915
26777	9.549520	-1.113385	-1.645230	-0.001785	0.054218	-0.038369	-0.149559	-0.086174	0.984990	-0.813590	0.576829	-0.073068	-0.561874	-0.812307	-0.156380
26778	9.644375	-0.871866	-1.412672	0.040376	0.041085	-0.036840	-0.148994	-0.086071	0.985085	-0.813877	0.576467	-0.072730	-0.561609	-0.812575	-0.155942
26779	9.640260	-0.699490	-1.377982	0.043789	0.025689	-0.030166	-0.148575	-0.086053	0.985150	-0.814167	0.576092	-0.072466	-0.561301	-0.812843	-0.155654
26780	9.576841	-0.550267	-1.210969	0.027222	0.001348	-0.026775	-0.148315	-0.086215	0.985175	-0.814364	0.575845	-0.072206	-0.561082	-0.813001	-0.155617
26781	9.624151	-0.456063	-1.072915	-0.024146	-0.005707	-0.020142	-0.148154	-0.086394	0.985183	-0.814258	0.576029	-0.071936	-0.561279	-0.812851	-0.155688
26782	9.600420	-0.476848	-1.124147	-0.064159	-0.020240	-0.019693	-0.148073	-0.086691	0.985170	-0.813932	0.576531	-0.071603	-0.561773	-0.812464	-0.155929
26783	9.569256	-0.449376	-1.172160	-0.078298	-0.040861	-0.017566	-0.148130	-0.087141	0.985121	-0.813517	0.577157	-0.071273	-0.562358	-0.811971	-0.156385
26784	9.646703	-0.598361	-1.275484	-0.077270	-0.054685	-0.018293	-0.148255	-0.087709	0.985052	-0.813115	0.577765	-0.070933	-0.562907	-0.811477	-0.156974
26785	9.683362	-0.705019	-1.368131	-0.037905	-0.059322	-0.020385	-0.148393	-0.088327	0.984976	-0.812936	0.578053	-0.070638	-0.563129	-0.811205	-0.157583
26786	9.657409	-0.534437	-1.355847	-0.022614	-0.054239	-0.023329	-0.148475	-0.088920	0.984910	-0.812849	0.578213	-0.070334	-0.563234	-0.811026	-0.158129
26787	9.525440	-0.478855	-1.347405	-0.012390	-0.061912	-0.021974	-0.148614	-0.089570	0.984830	-0.812822	0.578284	-0.070062	-0.563236	-0.810904	-0.158746
26788	9.639095	-0.510067	-1.346053	-0.006225	-0.087442	-0.018667	-0.148920	-0.090406	0.984708	-0.812820	0.578315	-0.069830	-0.563158	-0.810789	-0.159606
26789	9.708738	-0.615648	-1.183207	0.001176	-0.092003	-0.012277	-0.149307	-0.091242	0.984572	-0.812851	0.578290	-0.069675	-0.563011	-0.810713	-0.160509
26790	9.716324	-0.626369	-1.070938	-0.009038	-0.091393	-0.008500	-0.149718	-0.092051	0.984434	-0.812818	0.578352	-0.069538	-0.562949	-0.810577	-0.161410
26791	9.778470	-0.635703	-1.129617	-0.025340	-0.089741	0.000330	-0.150194	-0.092794	0.984292	-0.812677	0.578560	-0.069464	-0.563026	-0.810344	-0.162308
26792	9.792585	-0.645961	-1.248780	-0.031059	-0.086870	-0.000027	-0.150649	-0.093516	0.984154	-0.812507	0.578809	-0.069374	-0.563149	-0.810083	-0.163179
26793	9.725121	-0.707978	-1.460271	-0.045650	-0.083220	0.002693	-0.151108	-0.094192	0.984019	-0.812247	0.579183	-0.069290	-0.563401	-0.809737	-0.164026
26794	9.551744	-0.748352	-1.558325	-0.040904	-0.084433	-0.001645	-0.151536	-0.094903	0.983885	-0.812025	0.579510	-0.069168	-0.563607	-0.809421	-0.164880
26795	9.484138	-0.673174	-1.652879	-0.052670	-0.085605	-0.007485	-0.151928	-0.095655	0.983752	-0.811737	0.579936	-0.068972	-0.563916	-0.809027	-0.165755
26796	9.543724	-0.711792	-1.660274	-0.071363	-0.085766	-0.013034	-0.152271	-0.096443	0.983622	-0.811360	0.580497	-0.068687	-0.564366	-0.808530	-0.166643
26797	9.489961	-0.862225	-1.705178	-0.077772	-0.091706	-0.013132	-0.152651	-0.097277	0.983481	-0.810940	0.581118	-0.068391	-0.564866	-0.807984	-0.167594
26798	9.547656	-0.885996	-1.624359	-0.022537	-0.117258	-0.019162	-0.153124	-0.098355	0.983300	-0.810848	0.581278	-0.068126	-0.564871	-0.807739	-0.168758
26799	9.679449	-0.901075	-1.525279	0.004692	-0.124864	-0.021909	-0.153621	-0.099507	0.983107	-0.810908	0.581223	-0.067884	-0.564650	-0.807637	-0.169979
26800	9.610401	-0.805591	-1.354741	0.030282	-0.120413	-0.025344	-0.154061	-0.100645	0.982922	-0.811123	0.580950	-0.067648	-0.564220	-0.807693	-0.171138
26801	9.528569	-0.628448	-1.263176	0.024088	-0.121082	-0.027216	-0.154493	-0.101798	0.982736	-0.811301	0.580732	-0.067386	-0.563847	-0.807705	-0.172308
26802	9.508663	-0.551374	-1.300224	0.007831	-0.124565	-0.028859	-0.154927	-0.102990	0.982543	-0.811395	0.580636	-0.067078	-0.563592	-0.807623	-0.173522
26803	9.567761	-0.634372	-1.350692	-0.010362	-0.129996	-0.031207	-0.155375	-0.104237	0.982341	-0.811384	0.580693	-0.066718	-0.563484	-0.807422	-0.174801
26804	9.557957	-0.673730	-1.436285	-0.016512	-0.141136	-0.035000	-0.155852	-0.105598	0.982120	-0.811351	0.580786	-0.066307	-0.563399	-0.807178	-0.176194
26805	9.570181	-0.634799	-1.521759	-0.040897	-0.145527	-0.035656	-0.156353	-0.106995	0.981889	-0.811174	0.581086	-0.065849	-0.563516	-0.806778	-0.177646
26806	9.534647	-0.741427	-1.696722	-0.068133	-0.139737	-0.036323	-0.156812	-0.108351	0.981667	-0.810852	0.581593	-0.065333	-0.563851	-0.806232	-0.179058
26807	9.538039	-0.743619	-1.854333	-0.084264	-0.130898	-0.044803	-0.157157	-0.109682	0.981464	-0.810446	0.582229	-0.064707	-0.564339	-0.805593	-0.180393
26808	9.576631	-0.676655	-2.120780	-0.119558	-0.118983	-0.046137	-0.157421	-0.110928	0.981282	-0.809849	0.583137	-0.063999	-0.565122	-0.804765	-0.181633
26809	9.605880	-0.799048	-2.257416	-0.145126	-0.107824	-0.045835	-0.157631	-0.112078	0.981117	-0.809097	0.584262	-0.063250	-0.566140	-0.803789	-0.182779
26810	9.644510	-0.833241	-2.281413	-0.134682	-0.094445	-0.049660	-0.157730	-0.113145	0.980979	-0.808418	0.585284	-0.062478	-0.567082	-0.802895	-0.183786
26811	9.618732	-0.802591	-2.300823	-0.145431	-0.074560	-0.055635	-0.157674	-0.114085	0.980879	-0.807678	0.586395	-0.061629	-0.568151	-0.801951	-0.184603
26812	9.610506	-0.981087	-2.412146	-0.151978	-0.063031	-0.058821	-0.157524	-0.114954	0.980802	-0.806912	0.587542	-0.060733	-0.569280	-0.800987	-0.185310
26813	9.589095	-0.959836	-2.341154	-0.117586	-0.041632	-0.065259	-0.157207	-0.115684	0.980767	-0.806335	0.588424	-0.059841	-0.570184	-0.800234	-0.185785
26814	9.538524	-0.955364	-2.173927	-0.107687	-0.038756	-0.068961	-0.156838	-0.116419	0.980739	-0.805834	0.589202	-0.058926	-0.570993	-0.799555	-0.186224
26815	9.529565	-0.961317	-2.070494	-0.079048	-0.033629	-0.079528	-0.156361	-0.117173	0.980725	-0.805504	0.589748	-0.057964	-0.571589	-0.799042	-0.186597
26816	9.476367	-0.888214	-1.859392	-0.059705	-0.029622	-0.084951	-0.155812	-0.117930	0.980722	-0.805301	0.590122	-0.056981	-0.572025	-0.798655	-0.186917
26817	9.593163	-0.763648	-1.649163	-0.041174	-0.038084	-0.084907	-0.155317	-0.118752	0.980701	-0.805197	0.590354	-0.056036	-0.572307	-0.798361	-0.187310
26818	9.636619	-0.585228	-1.559208	-0.045018	-0.036665	-0.091521	-0.154756	-0.119604	0.980686	-0.805086	0.590601	-0.055016	-0.572614	-0.798051	-0.187690
26819	9.579536	-0.514588	-1.525717	-0.061100	-0.034964	-0.094827	-0.154166	-0.120457	0.980675	-0.804875	0.590988	-0.053938	-0.573070	-0.797636	-0.188063
26820	9.568378	-0.401260	-1.571060	-0.071595	-0.039769	-0.092595	-0.153614	-0.121340	0.980652	-0.804613	0.591443	-0.052857	-0.573586	-0.797165	-0.188486
26821	9.535811	-0.346705	-1.759727	-0.102625	-0.043231	-0.101721	-0.153015	-0.122304	0.980626	-0.804181	0.592138	-0.051631	-0.574352	-0.796501	-0.188961
26822	9.494916	-0.274883	-1.891089	-0.154645	-0.033696	-0.095366	-0.152408	-0.123157	0.980614	-0.803443	0.593248	-0.050365	-0.575545	-0.795543	-0.189365
26823	9.535657	0.603342	-1.607466	-0.251967	-0.005430	-0.068618	-0.151861	-0.123621	0.980641	-0.802085	0.595181	-0.049181	-0.577579	-0.794026	-0.189540
26824	9.369637	0.075041	-1.689204	-0.494025	-0.001568	-0.051316	-0.151425	-0.123960	0.980665	-0.799305	0.599029	-0.047702	-0.581533	-0.791074	-0.189790
26825	9.339931	-1.527056	-1.956002	-0.526590	-0.012994	-0.061707	-0.150981	-0.124449	0.980672	-0.796322	0.603117	-0.046062	-0.585727	-0.787885	-0.190161
26826	9.528216	-2.964863	-2.415515	-0.278533	-0.019447	-0.087795	-0.150363	-0.125152	0.980677	-0.794825	0.605195	-0.044633	-0.587915	-0.786178	-0.190473
26827	9.905163	-1.816127	-1.907784	0.056067	-0.020036	-0.105635	-0.149613	-0.125966	0.980688	-0.795311	0.604626	-0.043670	-0.587448	-0.786486	-0.190642
26828	9.548864	-0.807346	-1.963996	0.082255	-0.028747	-0.120489	-0.148789	-0.126940	0.980688	-0.795979	0.603822	-0.042607	-0.586753	-0.786947	-0.190884
26829	9.488246	0.416108	-1.787170	0.135239	-0.034704	-0.115066	-0.148048	-0.127924	0.980672	-0.796943	0.602613	-0.041703	-0.585631	-0.787714	-0.191164
26830	9.460323	1.074254	-1.645305	0.012257	-0.047106	-0.092454	-0.147553	-0.128872	0.980622	-0.797157	0.602394	-0.040781	-0.585465	-0.787727	-0.191616
26831	9.494459	0.420919	-1.530893	-0.080647	-0.046749	-0.079241	-0.147166	-0.129736	0.980567	-0.796802	0.602927	-0.039815	-0.586045	-0.787177	-0.192104
26832	9.202629	-0.850771	-1.508768	-0.090832	-0.063901	-0.079275	-0.146875	-0.130736	0.980477	-0.796391	0.603534	-0.038824	-0.586676	-0.786546	-0.192761
26833	9.499961	-0.823290	-1.301686	0.090905	-0.081210	-0.091666	-0.146592	-0.131945	0.980358	-0.797057	0.602703	-0.038066	-0.585842	-0.786982	-0.193519
26834	9.850080	0.393311	-1.288889	0.103779	-0.083345	-0.084866	-0.146369	-0.133132	0.980231	-0.797794	0.601769	-0.037397	-0.584893	-0.787496	-0.194292
26835	9.966567	0.890931	-1.598164	-0.008157	-0.078466	-0.073051	-0.146216	-0.134206	0.980107	-0.797854	0.601737	-0.036631	-0.584851	-0.787338	-0.195061
26836	9.916896	0.936886	-2.089954	-0.131870	-0.069961	-0.056254	-0.146143	-0.135115	0.979993	-0.797169	0.602695	-0.035784	-0.585801	-0.786450	-0.195790
26837	9.735468	0.189330	-2.773501	-0.242761	-0.059936	-0.041309	-0.146136	-0.135852	0.979892	-0.795801	0.604553	-0.034867	-0.587660	-0.784895	-0.196458
26838	9.618161	-0.723994	-3.259550	-0.246543	-0.027068	-0.043650	-0.145914	-0.136348	0.979856	-0.794419	0.606422	-0.033916	-0.589582	-0.783365	-0.196803
26839	9.498934	-0.975892	-3.314726	-0.200016	0.003578	-0.047851	-0.145485	-0.136627	0.979881	-0.793302	0.607933	-0.033018	-0.591191	-0.782145	-0.196832
26840	9.549977	-0.921992	-3.215078	-0.167617	0.034062	-0.045838	-0.144887	-0.136659	0.979965	-0.792381	0.609176	-0.032201	-0.592571	-0.781172	-0.196548
26841	9.549137	-0.768904	-2.854708	-0.141573	0.056817	-0.047491	-0.144146	-0.136522	0.980094	-0.791604	0.610226	-0.031422	-0.593789	-0.780376	-0.196033
26842	9.508039	-0.457056	-2.123432	-0.165659	0.064149	-0.047875	-0.143352	-0.136334	0.980236	-0.790693	0.611448	-0.030591	-0.595193	-0.779451	-0.195451
26843	9.470994	-0.498484	-1.541365	-0.205185	0.051802	-0.049013	-0.142628	-0.136248	0.980354	-0.789534	0.612989	-0.029674	-0.596903	-0.778255	-0.195002
26844	9.539964	-0.447378	-0.959089	-0.183035	0.030265	-0.058590	-0.141951	-0.136393	0.980432	-0.788528	0.614328	-0.028704	-0.598392	-0.777173	-0.194754
26845	9.496918	-0.531864	-0.600136	-0.171456	-0.003218	-0.067917	-0.141407	-0.136854	0.980446	-0.787595	0.615571	-0.027669	-0.599748	-0.776108	-0.194831
26846	9.522272	-0.396340	-0.289173	-0.123036	-0.044274	-0.069947	-0.141088	-0.137648	0.980381	-0.786961	0.616425	-0.026705	-0.600655	-0.775289	-0.195294
26847	9.463188	-0.221002	-0.314425	-0.082512	-0.095238	-0.069662	-0.141085	-0.138832	0.980215	-0.786558	0.616977	-0.025826	-0.601184	-0.774639	-0.196246
26848	9.698777	-0.097372	-0.765873	-0.015424	-0.132232	-0.062694	-0.141353	-0.140264	0.979972	-0.786558	0.617004	-0.025143	-0.601120	-0.774359	-0.197541
26849	9.656199	0.255310	-0.943111	0.009064	-0.176830	-0.055018	-0.141954	-0.141988	0.979637	-0.786685	0.616865	-0.024586	-0.600813	-0.774156	-0.199267
26850	9.589991	-0.077425	-1.560674	0.016876	-0.200630	-0.053170	-0.142707	-0.143889	0.979250	-0.786867	0.616653	-0.024061	-0.600396	-0.773973	-0.201223
26851	9.660863	-0.079665	-2.354005	0.084896	-0.189825	-0.048858	-0.143433	-0.145677	0.978880	-0.787443	0.615931	-0.023719	-0.599467	-0.774214	-0.203057
26852	9.690219	0.085664	-3.151127	0.085112	-0.167144	-0.042974	-0.144062	-0.147256	0.978551	-0.788020	0.615204	-0.023434	-0.598558	-0.774493	-0.204668
26853	9.671628	0.006575	-3.603306	0.080963	-0.136499	-0.027294	-0.144635	-0.148496	0.978279	-0.788535	0.614549	-0.023297	-0.597741	-0.774776	-0.205980
26854	9.603461	0.175087	-3.344662	0.078327	-0.116117	-0.014562	-0.145180	-0.149506	0.978044	-0.789029	0.613915	-0.023278	-0.596956	-0.775085	-0.207092
26855	9.644864	0.339169	-2.789474	-0.000671	-0.090537	0.008151	-0.145756	-0.150175	0.977856	-0.789009	0.613939	-0.023321	-0.596842	-0.774936	-0.207974
26856	9.518396	-0.161585	-2.193990	-0.108779	-0.073631	0.011828	-0.146255	-0.150692	0.977702	-0.788347	0.614794	-0.023172	-0.597594	-0.774157	-0.208715
26857	9.459970	-0.648216	-1.758831	-0.102250	-0.076371	0.013318	-0.146788	-0.151219	0.977541	-0.787710	0.615614	-0.023052	-0.598302	-0.773403	-0.209481
26858	9.516014	-0.325461	-1.383661	-0.068512	-0.091239	0.013058	-0.147404	-0.151864	0.977348	-0.787286	0.616159	-0.022998	-0.598709	-0.772843	-0.210384
26859	9.491429	0.119007	-1.080851	-0.049157	-0.113831	0.026037	-0.148262	-0.152599	0.977104	-0.786947	0.616588	-0.023113	-0.598944	-0.772355	-0.211504
26860	9.541688	0.606197	-0.956623	-0.083789	-0.138286	0.030819	-0.149300	-0.153497	0.976805	-0.786404	0.617277	-0.023198	-0.599398	-0.771627	-0.212870
26861	9.515089	0.539161	-1.205369	-0.124823	-0.155133	0.044837	-0.150553	-0.154434	0.976465	-0.785587	0.618311	-0.023333	-0.600156	-0.770611	-0.214410
26862	9.454159	0.421341	-1.488968	-0.109719	-0.172900	0.051479	-0.151961	-0.155468	0.976083	-0.784856	0.619231	-0.023561	-0.600757	-0.769664	-0.216119
26863	9.500200	0.244257	-1.757845	-0.080191	-0.192138	0.055081	-0.153521	-0.156619	0.975655	-0.784278	0.619949	-0.023888	-0.601115	-0.768852	-0.218008
26864	9.549899	-0.034030	-2.024740	-0.049299	-0.200742	0.063570	-0.155192	-0.157788	0.975202	-0.783889	0.620423	-0.024362	-0.601193	-0.768231	-0.219973
26865	9.628116	-0.435235	-2.424921	-0.029515	-0.198191	0.064651	-0.156861	-0.158926	0.974750	-0.783605	0.620761	-0.024891	-0.601131	-0.767723	-0.221908
26866	9.655546	-0.706131	-2.902733	0.008451	-0.189666	0.067866	-0.158499	-0.159981	0.974312	-0.783554	0.620799	-0.025533	-0.600767	-0.767473	-0.223750
26867	9.590604	-0.425912	-2.902648	0.072428	-0.181444	0.079072	-0.160179	-0.160899	0.973886	-0.783857	0.620379	-0.026429	-0.599926	-0.767621	-0.225494
26868	9.621939	0.017381	-2.745167	0.044982	-0.171713	0.095337	-0.161923	-0.161646	0.973474	-0.783979	0.620182	-0.027421	-0.599298	-0.767623	-0.227149
26869	9.592679	0.062039	-2.530187	0.005132	-0.170681	0.109623	-0.163777	-0.162293	0.973056	-0.783824	0.620331	-0.028464	-0.598997	-0.767366	-0.228805
26870	9.492557	-0.090549	-2.265262	-0.014373	-0.171895	0.115571	-0.165678	-0.162915	0.972630	-0.783553	0.620623	-0.029517	-0.598828	-0.766998	-0.230476
26871	9.358620	-0.347343	-1.732790	0.001841	-0.196689	0.119345	-0.167763	-0.163698	0.972141	-0.783356	0.620818	-0.030645	-0.598506	-0.766673	-0.232384
26872	9.274807	-1.285991	-1.703653	0.079617	-0.229067	0.117055	-0.170017	-0.164748	0.971572	-0.783640	0.620394	-0.031931	-0.597497	-0.766792	-0.234581
26873	9.421852	-1.247152	-1.454653	0.317571	-0.274186	0.114636	-0.172522	-0.166158	0.970890	-0.785328	0.618159	-0.033757	-0.594555	-0.768291	-0.237135
26874	9.482529	-0.039749	-1.091157	0.398845	-0.307282	0.124228	-0.175287	-0.167776	0.970116	-0.787482	0.615292	-0.035876	-0.590886	-0.770238	-0.239974
26875	9.898254	0.363068	-1.269658	0.304459	-0.319101	0.140107	-0.178243	-0.169391	0.969297	-0.789023	0.613191	-0.037934	-0.587938	-0.771559	-0.242951
26876	9.961562	0.112817	-1.494641	0.217259	-0.297367	0.151392	-0.181150	-0.170779	0.968514	-0.790033	0.611765	-0.039894	-0.585690	-0.772384	-0.245743
26877	9.468611	-0.309483	-2.565802	0.126348	-0.281130	0.161281	-0.184039	-0.171981	0.967756	-0.790475	0.611071	-0.041731	-0.584191	-0.772667	-0.248408
26878	9.269432	-0.698219	-3.577015	0.327578	-0.309514	0.150961	-0.187003	-0.173474	0.966921	-0.792110	0.608792	-0.043972	-0.581026	-0.774131	-0.251257
26879	9.436409	-0.234902	-3.530732	0.437743	-0.301970	0.151307	-0.189924	-0.174909	0.966093	-0.794350	0.605678	-0.046504	-0.577007	-0.776248	-0.253972
26880	9.430344	-0.125991	-3.325111	0.419580	-0.285884	0.166163	-0.192856	-0.176147	0.965287	-0.796452	0.602702	-0.049142	-0.573124	-0.778282	-0.256527
26881	9.434426	-0.198151	-2.905073	0.433698	-0.292764	0.182337	-0.195954	-0.177346	0.964443	-0.798565	0.599659	-0.051983	-0.569118	-0.780357	-0.259128
26882	9.663679	-0.088588	-2.302209	0.441053	-0.300534	0.198980	-0.199215	-0.178524	0.963557	-0.800680	0.596561	-0.055012	-0.564999	-0.782461	-0.261784
26883	9.794880	-0.070597	-1.496207	0.385737	-0.310339	0.221339	-0.202708	-0.179651	0.962619	-0.802400	0.593950	-0.058122	-0.561306	-0.784187	-0.264550
26884	9.628647	-0.029768	-1.121129	0.404759	-0.341761	0.232025	-0.206450	-0.180978	0.961574	-0.804196	0.591185	-0.061394	-0.557357	-0.785969	-0.267592
26885	9.414822	0.281779	-0.580173	0.426446	-0.396564	0.245820	-0.210601	-0.182662	0.960355	-0.806046	0.588287	-0.064868	-0.553115	-0.787752	-0.271128
26886	9.177917	0.160152	-0.148189	0.430324	-0.460851	0.261319	-0.215215	-0.184782	0.958926	-0.807868	0.585367	-0.068514	-0.548663	-0.789431	-0.275259
26887	9.329652	0.032882	0.550101	0.500932	-0.538221	0.274912	-0.220347	-0.187443	0.957242	-0.809998	0.581933	-0.072502	-0.543461	-0.791340	-0.280056
26888	9.556932	0.411932	0.871859	0.515371	-0.625850	0.292377	-0.226068	-0.190724	0.955258	-0.812140	0.578396	-0.076718	-0.537886	-0.793147	-0.285652
26889	9.909640	0.912819	1.311354	0.494147	-0.710821	0.328673	-0.232513	-0.194481	0.952951	-0.814025	0.575120	-0.081244	-0.532260	-0.794616	-0.292035
26890	10.084463	1.302710	0.781532	0.375727	-0.785786	0.370624	-0.239661	-0.198619	0.950323	-0.815149	0.572855	-0.085844	-0.527347	-0.795228	-0.299195
26891	10.115414	0.740054	-0.088991	0.163997	-0.840466	0.414947	-0.247429	-0.202929	0.947417	-0.814992	0.572403	-0.090240	-0.523991	-0.794465	-0.307015
26892	9.961525	-0.393677	-1.589132	0.146813	-0.905860	0.444122	-0.255744	-0.207598	0.944192	-0.814651	0.572141	-0.094861	-0.520518	-0.793446	-0.315442
26893	10.083485	-0.914554	-2.180428	0.291470	-0.971808	0.461330	-0.264505	-0.212678	0.940641	-0.814956	0.570812	-0.100102	-0.515640	-0.793058	-0.324306
26894	10.245186	-1.417764	-2.292652	0.389124	-1.015365	0.465223	-0.273469	-0.218098	0.936829	-0.815709	0.568721	-0.105713	-0.509738	-0.793089	-0.333432
26895	10.297332	-1.594696	-2.134967	0.527600	-1.054659	0.461796	-0.282544	-0.223852	0.932769	-0.817091	0.565570	-0.111775	-0.502525	-0.793739	-0.342706
26896	10.605807	-1.596113	-2.039372	0.601087	-1.096617	0.451388	-0.291669	-0.230035	0.928446	-0.818802	0.561812	-0.118028	-0.494462	-0.794639	-0.352217
26897	11.914662	-1.480767	-1.366575	0.750573	-1.140376	0.468367	-0.301061	-0.236491	0.923815	-0.821086	0.556947	-0.125008	-0.484953	-0.796167	-0.361854
26898	12.456045	-0.810464	0.039554	0.638149	-1.161499	0.499944	-0.310717	-0.242985	0.918919	-0.822635	0.553054	-0.131919	-0.476158	-0.796925	-0.371732
26899	12.431896	-0.571653	0.913871	0.449729	-1.228187	0.541554	-0.320941	-0.249783	0.913567	-0.823048	0.550817	-0.138539	-0.468603	-0.796372	-0.382363
26900	12.395350	-1.103886	1.291158	0.265220	-1.322775	0.598046	-0.331983	-0.257030	0.907592	-0.822342	0.550214	-0.144979	-0.462105	-0.794481	-0.394028
26901	12.043737	-1.389444	1.372075	0.185242	-1.387304	0.649430	-0.343654	-0.264457	0.901091	-0.820994	0.550455	-0.151556	-0.455929	-0.791873	-0.406283
26902	11.682667	-0.559581	1.582836	0.064355	-1.464075	0.685580	-0.355875	-0.272264	0.893994	-0.818900	0.551776	-0.157940	-0.450283	-0.788299	-0.419321
26903	11.311527	-0.385396	1.082929	-0.223860	-1.533327	0.722638	-0.368628	-0.280295	0.886312	-0.815264	0.555564	-0.163382	-0.446608	-0.782805	-0.433311
26904	10.922311	-0.705493	0.358357	-0.495233	-1.608221	0.743254	-0.381801	-0.288692	0.878000	-0.810282	0.561527	-0.167721	-0.444601	-0.775464	-0.448314
26905	10.547703	-1.287189	-0.609661	-0.578788	-1.681557	0.753432	-0.395317	-0.297393	0.869070	-0.804775	0.568227	-0.171626	-0.442789	-0.767252	-0.463964
26906	10.402657	-1.366280	-1.512880	-0.601568	-1.751221	0.746015	-0.409002	-0.306507	0.859518	-0.799133	0.575058	-0.175200	-0.440573	-0.758526	-0.480139
26907	10.071258	-1.703183	-2.635208	-0.602882	-1.814142	0.710069	-0.422601	-0.316054	0.849422	-0.793511	0.581853	-0.178288	-0.437891	-0.749371	-0.496684
26908	9.809579	-1.747680	-4.000578	-0.499780	-1.836177	0.641072	-0.435644	-0.326004	0.839009	-0.788598	0.587623	-0.181143	-0.433967	-0.740555	-0.513080
26909	9.816325	-1.373843	-5.876678	-0.393572	-1.856012	0.544508	-0.447911	-0.336434	0.828364	-0.784475	0.592360	-0.183597	-0.428922	-0.732067	-0.529249
26910	9.931539	-0.737895	-6.518675	-0.293190	-1.838763	0.435627	-0.459121	-0.347252	0.817694	-0.781268	0.595971	-0.185576	-0.422881	-0.724040	-0.544920
26911	10.189424	-1.290600	-7.071022	-0.242580	-1.738848	0.345081	-0.469100	-0.357678	0.807472	-0.778614	0.598989	-0.187007	-0.416779	-0.716434	-0.559479
26912	9.408553	-1.034258	-6.282014	-0.067074	-1.487637	0.258346	-0.477229	-0.366764	0.798584	-0.777132	0.600390	-0.188670	-0.410265	-0.710645	-0.571548
26913	8.388009	-0.329189	-6.550095	-0.191958	-1.281929	0.159464	-0.483689	-0.374836	0.790913	-0.775546	0.602398	-0.188797	-0.405676	-0.704708	-0.582076
26914	9.130435	-1.031059	-6.607165	-0.093057	-1.018728	0.051407	-0.488166	-0.381703	0.784854	-0.774939	0.603232	-0.188626	-0.401451	-0.700295	-0.590275
26915	8.557830	-1.164619	-5.818480	0.087636	-0.698735	-0.066479	-0.490436	-0.386947	0.780861	-0.775576	0.602425	-0.188591	-0.397435	-0.698109	-0.595558
26916	7.649141	-0.988899	-5.589653	0.243256	-0.410112	-0.181859	-0.490614	-0.390923	0.778767	-0.777448	0.600005	-0.188595	-0.393538	-0.697978	-0.598293
26917	7.126305	-1.326344	-6.093341	0.272790	-0.114823	-0.292970	-0.488782	-0.393430	0.778656	-0.779908	0.597020	-0.187912	-0.390943	-0.699128	-0.598652
26918	6.944440	-1.960738	-6.472563	0.422470	0.183268	-0.391909	-0.484972	-0.394497	0.780496	-0.783481	0.592501	-0.187350	-0.388536	-0.702364	-0.596427
26919	6.892723	-2.017165	-6.379270	0.621010	0.484510	-0.484333	-0.479289	-0.393887	0.784306	-0.788176	0.586284	-0.187215	-0.386084	-0.707901	-0.591451
26920	6.811068	-1.936725	-6.203602	0.789312	0.779314	-0.553078	-0.471882	-0.391580	0.789932	-0.793862	0.578479	-0.187469	-0.383550	-0.715560	-0.583835
26921	6.762818	-1.768942	-5.923982	0.878139	1.070061	-0.609597	-0.462921	-0.387336	0.797292	-0.800037	0.569840	-0.187679	-0.381634	-0.724744	-0.573674
26922	6.549327	-1.806965	-5.447287	0.884344	1.346478	-0.658497	-0.452466	-0.381250	0.806178	-0.806439	0.560840	-0.187386	-0.380696	-0.734919	-0.561216
26923	6.516079	-1.991723	-5.169099	0.817026	1.599224	-0.706925	-0.440640	-0.373309	0.816380	-0.812676	0.552186	-0.186141	-0.381306	-0.745474	-0.546695
26924	6.230079	-2.264711	-5.247686	0.717617	1.839838	-0.756557	-0.427400	-0.363659	0.827697	-0.818720	0.543996	-0.183753	-0.383440	-0.756188	-0.530239
26925	6.395612	-2.455558	-5.362649	0.669799	2.062366	-0.796642	-0.412895	-0.352223	0.839915	-0.824622	0.536092	-0.180564	-0.386673	-0.767166	-0.511800
26926	6.710112	-2.319139	-5.487948	0.595488	2.266185	-0.815132	-0.397304	-0.339069	0.852750	-0.830255	0.528660	-0.176619	-0.390929	-0.778171	-0.491552
26927	6.985212	-2.660734	-5.732976	0.542695	2.438200	-0.826185	-0.380810	-0.324271	0.865928	-0.835577	0.521724	-0.172089	-0.395972	-0.789084	-0.469631
26928	7.129831	-2.613269	-5.468523	0.561860	2.596566	-0.816191	-0.363587	-0.307882	0.879212	-0.840868	0.514667	-0.167505	-0.400930	-0.800204	-0.446015
26929	7.390358	-2.060346	-5.411422	0.532482	2.739532	-0.797007	-0.345779	-0.289869	0.892420	-0.845832	0.508028	-0.162714	-0.406209	-0.811100	-0.420846
26930	7.701926	-1.405133	-5.193800	0.389595	2.852020	-0.778490	-0.327466	-0.270542	0.905303	-0.850060	0.502657	-0.157269	-0.412509	-0.821062	-0.394580
26931	7.985513	-1.248716	-5.122543	0.159509	2.947180	-0.758104	-0.308702	-0.249999	0.917716	-0.853119	0.499409	-0.150927	-0.420584	-0.829513	-0.367448
26932	8.274929	-1.420118	-5.182665	-0.027745	3.030799	-0.730778	-0.289535	-0.228408	0.929516	-0.855198	0.497884	-0.144042	-0.429890	-0.836625	-0.339489
26933	8.609116	-1.627262	-5.349443	-0.148283	3.084507	-0.690955	-0.270169	-0.205940	0.940530	-0.856479	0.497654	-0.137058	-0.439833	-0.842573	-0.310834
26934	9.033047	-2.046066	-5.427739	-0.167688	3.120771	-0.641283	-0.250761	-0.182769	0.950639	-0.857413	0.497818	-0.130460	-0.449401	-0.847805	-0.281542
26935	9.432306	-2.209488	-4.997382	-0.055649	3.138865	-0.596133	-0.231369	-0.159042	0.959778	-0.858599	0.497281	-0.124575	-0.457466	-0.852888	-0.251609
26936	9.564008	-2.046897	-3.770165	-0.025404	3.137216	-0.554777	-0.212101	-0.134985	0.967880	-0.859721	0.496677	-0.119130	-0.464643	-0.857374	-0.221395
26937	9.389841	-2.861612	-3.284757	-0.131049	3.083637	-0.557703	-0.192818	-0.111270	0.974905	-0.860237	0.497124	-0.113400	-0.472031	-0.860515	-0.191573
26938	9.421962	-3.306127	-3.059940	-0.046836	2.999432	-0.569427	-0.173633	-0.088261	0.980847	-0.861065	0.496957	-0.107710	-0.477932	-0.863275	-0.162287
26939	9.632276	-3.093691	-2.523283	0.118127	2.883661	-0.570763	-0.154833	-0.066162	0.985723	-0.862574	0.495495	-0.102231	-0.481657	-0.866087	-0.133789
26940	9.732140	-2.254032	-1.986076	0.205776	2.755630	-0.538022	-0.136846	-0.044935	0.989573	-0.864357	0.493410	-0.097126	-0.483900	-0.868636	-0.106361
26941	9.822457	-1.416926	-1.866386	0.167878	2.629566	-0.466588	-0.120015	-0.024374	0.992473	-0.865780	0.491779	-0.092617	-0.485820	-0.870379	-0.080124
26942	10.723310	-0.984938	-1.140799	0.082842	2.463245	-0.343110	-0.105014	-0.004625	0.994460	-0.866574	0.491008	-0.089226	-0.487875	-0.871143	-0.055571
26943	10.281403	-0.024963	0.057292	-0.044433	2.305202	-0.163309	-0.092278	0.014645	0.995626	-0.866526	0.491396	-0.087540	-0.490528	-0.870813	-0.032655
26944	8.431918	-0.264762	-0.659960	-0.607732	1.942856	-0.056344	-0.082156	0.031237	0.996130	-0.863576	0.496692	-0.086799	-0.497481	-0.867365	-0.013831
26945	8.025802	-2.845171	-1.496144	-0.761291	1.561095	0.082808	-0.074999	0.045150	0.996161	-0.859701	0.503241	-0.087534	-0.505261	-0.862966	0.001073
26946	8.239221	-3.902509	-1.486694	-0.544710	1.227566	0.147400	-0.069992	0.056453	0.995949	-0.856829	0.507860	-0.089002	-0.510827	-0.859588	0.012825
26947	8.159541	-3.109173	-1.293426	-0.202686	0.946553	0.177473	-0.066623	0.065478	0.995627	-0.855678	0.509487	-0.090765	-0.513202	-0.857983	0.022084
26948	8.255512	-1.999444	-1.207862	-0.196946	0.678312	0.171312	-0.064564	0.072151	0.995302	-0.854555	0.511061	-0.092482	-0.515332	-0.856511	0.028661
26949	8.549741	-2.020109	-1.432224	-0.268978	0.449027	0.157351	-0.063548	0.076791	0.995020	-0.853072	0.513240	-0.094092	-0.517910	-0.854803	0.032893
26950	8.650547	-2.016384	-1.581753	-0.240819	0.262532	0.158785	-0.063503	0.079834	0.994783	-0.851723	0.515177	-0.095715	-0.520130	-0.853358	0.035282
26951	8.518081	-1.746960	-1.997960	-0.226694	0.133801	0.167785	-0.064194	0.081833	0.994577	-0.850441	0.516970	-0.097427	-0.522139	-0.852083	0.036408
26952	8.648170	-1.638267	-2.532120	-0.179043	0.022174	0.168587	-0.065476	0.082879	0.994406	-0.849398	0.518360	-0.099130	-0.523676	-0.851137	0.036457
26953	9.055159	-1.370993	-2.921665	-0.154054	-0.041227	0.162788	-0.067036	0.083363	0.994262	-0.848489	0.519532	-0.100767	-0.524951	-0.850375	0.035906
26954	8.799216	-1.507616	-3.289391	-0.139223	-0.115574	0.143207	-0.068822	0.083110	0.994161	-0.847662	0.520600	-0.102202	-0.526054	-0.849746	0.034620
26955	8.452100	-1.142703	-3.139679	-0.024097	-0.215020	0.121267	-0.070944	0.081903	0.994112	-0.847456	0.520703	-0.103378	-0.526104	-0.849800	0.032469
26956	8.266215	-0.581878	-3.188708	-0.080825	-0.325562	0.107913	-0.073537	0.079683	0.994104	-0.846955	0.521306	-0.104437	-0.526555	-0.849641	0.029153
26957	8.073848	-0.582722	-3.389765	-0.116185	-0.468104	0.100996	-0.076822	0.076221	0.994127	-0.846272	0.522214	-0.105435	-0.527183	-0.849401	0.024387
26958	7.878758	-0.512158	-3.219790	-0.130045	-0.603300	0.079559	-0.080642	0.071497	0.994176	-0.845526	0.523263	-0.106215	-0.527810	-0.849166	0.018256
26959	8.159872	-0.797243	-3.097857	-0.195711	-0.712731	0.034996	-0.084668	0.065617	0.994246	-0.844467	0.524901	-0.106554	-0.528873	-0.848630	0.010969
26960	9.919593	-1.553000	-2.369349	-0.041221	-0.719455	0.005482	-0.088483	0.059523	0.994298	-0.844247	0.525251	-0.106573	-0.528599	-0.848863	0.003777
26961	11.119606	-1.195456	-0.641250	-0.037721	-0.526144	0.003867	-0.091261	0.055062	0.994304	-0.844048	0.525570	-0.106575	-0.528445	-0.848966	-0.001489
26962	11.242826	-0.644481	0.609572	-0.353361	-0.290642	0.028688	-0.093008	0.052732	0.994268	-0.842153	0.528555	-0.106811	-0.531157	-0.847260	-0.004751
26963	10.485288	-0.317326	1.134480	-0.835778	-0.158897	0.051874	-0.094258	0.051650	0.994207	-0.837640	0.535592	-0.107239	-0.538028	-0.842896	-0.007220
26964	9.784772	-1.099232	0.909201	-1.212365	-0.129855	0.045979	-0.095312	0.050791	0.994151	-0.831016	0.545751	-0.107554	-0.548022	-0.836407	-0.009808
26965	9.387225	-2.940979	0.044881	-1.340519	-0.152600	0.044404	-0.096489	0.049749	0.994090	-0.823558	0.556893	-0.107807	-0.558965	-0.829093	-0.012763
26966	9.643389	-4.099533	-0.731978	-1.057176	-0.234270	0.038619	-0.098091	0.048013	0.994019	-0.817570	0.565611	-0.107999	-0.567413	-0.823273	-0.016227
26967	9.968402	-4.334484	-1.041657	-0.728179	-0.330668	0.026768	-0.100162	0.045434	0.993933	-0.813396	0.571579	-0.108096	-0.573023	-0.819288	-0.020295
26968	9.975241	-4.554633	-1.362884	-0.363728	-0.427823	0.003230	-0.102610	0.041933	0.993837	-0.811307	0.574557	-0.108007	-0.575545	-0.817390	-0.024935
26969	9.962266	-4.060785	-1.395509	0.080241	-0.477759	-0.023077	-0.105139	0.037878	0.993736	-0.811798	0.573909	-0.107765	-0.574396	-0.818043	-0.029591
26970	9.992463	-2.392677	-0.970449	0.387284	-0.457973	-0.028897	-0.107492	0.033943	0.993626	-0.814049	0.570749	-0.107562	-0.570762	-0.820423	-0.033720
26971	9.958106	-0.621645	-0.362524	0.461290	-0.407559	-0.038956	-0.109462	0.030356	0.993527	-0.816720	0.566969	-0.107305	-0.566556	-0.823180	-0.037269
26972	10.054091	1.047018	-0.094406	0.334757	-0.353651	-0.055775	-0.110969	0.027108	0.993454	-0.818677	0.564227	-0.106842	-0.563430	-0.825174	-0.040419
26973	10.151581	2.362319	-0.340631	0.085496	-0.357416	-0.091649	-0.112199	0.023626	0.993405	-0.819266	0.563544	-0.105934	-0.562330	-0.825748	-0.043873
26974	10.055705	2.415399	-0.765680	-0.242767	-0.404406	-0.125919	-0.113411	0.019560	0.993356	-0.818045	0.565575	-0.104533	-0.563862	-0.824465	-0.048141
26975	9.955912	0.279219	-1.188143	-0.481607	-0.416807	-0.125387	-0.114712	0.015401	0.993279	-0.815469	0.569561	-0.103008	-0.567320	-0.821805	-0.052776
26976	9.808813	-1.381638	-1.136855	-0.488614	-0.391572	-0.096579	-0.116119	0.011619	0.993167	-0.812804	0.573584	-0.101742	-0.570847	-0.819064	-0.057161
26977	9.607153	-2.988419	-1.262690	-0.499734	-0.379919	-0.092998	-0.117508	0.007960	0.993040	-0.810055	0.577679	-0.100486	-0.574458	-0.816225	-0.061434
26978	9.408068	-4.367941	-1.449133	-0.224411	-0.396507	-0.126414	-0.118731	0.003976	0.992918	-0.808918	0.579518	-0.099049	-0.575808	-0.814950	-0.065590
