// General information: 
//  MT Manager version: 2022.2.0 
//  XDA version: 2022.2.0 build 7381 rev 124627 built on 2023-07-19
// Device information: 
//  DeviceId: 00B4CB9F
//  ProductCode: MTW2-3A7G6
//  Firmware Version: 4.6.0
//  Hardware Version: 2.0.0
// Device settings: 
//  Filter Profile: human(46.1)
//  Option Flags: Orientation Smoother Disabled, Position/Velocity Smoother Disabled, Continuous Zero Rotation Update Disabled, AHS Disabled, ICC Disabled
// Coordinate system: ENU
PacketCounter	Acc_X	Acc_Y	Acc_Z	Gyr_X	Gyr_Y	Gyr_Z	Mat[1][1]	Mat[2][1]	Mat[3][1]	Mat[1][2]	Mat[2][2]	Mat[3][2]	Mat[1][3]	Mat[2][3]	Mat[3][3]
33898	9.742275	0.829620	0.632178	-0.068109	0.007695	-0.011827	-0.119578	-0.019593	0.992631	0.915581	-0.388818	0.102622	0.383943	0.921106	0.064433
33899	9.735428	0.945572	0.800062	-0.059720	0.001791	-0.015623	-0.119679	-0.019530	0.992621	0.915353	-0.389333	0.102702	0.384454	0.920890	0.064472
33900	9.739107	1.021947	0.852598	-0.055378	-0.004247	-0.023554	-0.119818	-0.019367	0.992607	0.915135	-0.389805	0.102861	0.384931	0.920694	0.064429
33901	9.706532	1.012729	0.848468	-0.048988	-0.004489	-0.028468	-0.120011	-0.019198	0.992587	0.914936	-0.390215	0.103075	0.385344	0.920523	0.064396
33902	9.685262	1.001882	0.903138	-0.047001	-0.001079	-0.024260	-0.120170	-0.019061	0.992570	0.914748	-0.390610	0.103246	0.385740	0.920359	0.064376
33903	9.684881	0.937111	0.942249	-0.039128	0.000633	-0.025734	-0.120358	-0.018952	0.992550	0.914591	-0.390926	0.103440	0.386053	0.920227	0.064385
33904	9.676852	0.881932	1.013921	-0.029068	0.008607	-0.019911	-0.120514	-0.018921	0.992531	0.914477	-0.391155	0.103580	0.386274	0.920130	0.064443
33905	9.676642	0.883494	1.014563	-0.009160	0.001165	-0.016391	-0.120620	-0.018853	0.992520	0.914447	-0.391193	0.103701	0.386312	0.920115	0.064426
33906	9.654598	0.993635	1.032345	0.006910	0.003166	-0.021702	-0.120771	-0.018765	0.992503	0.914470	-0.391091	0.103881	0.386210	0.920161	0.064393
33907	9.619185	1.148272	1.033622	0.009852	0.002322	-0.024541	-0.120954	-0.018676	0.992482	0.914505	-0.390953	0.104094	0.386070	0.920221	0.064367
33908	9.712896	1.281633	1.090840	-0.008827	0.006458	-0.026539	-0.121162	-0.018600	0.992458	0.914462	-0.390997	0.104312	0.386108	0.920204	0.064383
33909	9.736089	1.359868	1.130419	-0.027404	0.015380	-0.030886	-0.121454	-0.018608	0.992423	0.914347	-0.391199	0.104564	0.386289	0.920118	0.064527
33910	9.730246	1.237209	0.947172	-0.055112	0.019187	-0.027459	-0.121720	-0.018645	0.992389	0.914123	-0.391669	0.104762	0.386734	0.919917	0.064718
33911	9.853812	1.093179	0.819340	-0.073617	0.005676	-0.031364	-0.121980	-0.018561	0.992359	0.913827	-0.392298	0.104989	0.387352	0.919651	0.064814
33912	9.908276	0.839746	0.670111	-0.084274	0.002946	-0.033641	-0.122239	-0.018424	0.992330	0.913482	-0.393037	0.105229	0.388083	0.919338	0.064875
33913	9.766974	0.761249	0.421138	-0.032753	0.000437	-0.030614	-0.122472	-0.018291	0.992303	0.913338	-0.393304	0.105476	0.388348	0.919227	0.064875
33914	9.712289	0.994574	0.357448	0.003798	-0.007866	-0.025057	-0.122611	-0.018088	0.992290	0.913345	-0.393231	0.105688	0.388288	0.919262	0.064735
33915	9.695028	1.229321	0.560740	-0.025386	-0.001289	-0.015331	-0.122694	-0.018000	0.992281	0.913252	-0.393421	0.105786	0.388480	0.919182	0.064709
33916	9.708655	1.224318	0.751509	-0.058543	0.005232	-0.021785	-0.122854	-0.017930	0.992263	0.913020	-0.393921	0.105925	0.388974	0.918970	0.064765
33917	9.729997	1.142399	0.949253	-0.083188	0.008659	-0.016888	-0.122994	-0.017927	0.992246	0.912697	-0.394648	0.106003	0.389688	0.918657	0.064901
33918	9.687661	1.050017	1.098574	-0.079689	0.018416	-0.027902	-0.123260	-0.017954	0.992212	0.912375	-0.395343	0.106189	0.390357	0.918358	0.065111
33919	9.713801	1.030775	1.095944	-0.071804	0.031601	-0.027414	-0.123584	-0.018119	0.992169	0.912084	-0.395963	0.106377	0.390935	0.918088	0.065461
33920	9.658347	1.025720	0.978037	-0.058820	0.034024	-0.034145	-0.123968	-0.018264	0.992118	0.911835	-0.396467	0.106638	0.391394	0.917867	0.065803
33921	9.697436	0.993819	0.779945	-0.042011	0.031308	-0.038706	-0.124396	-0.018380	0.992062	0.911640	-0.396827	0.106960	0.391711	0.917709	0.066120
33922	9.692196	1.044231	0.694697	-0.027772	0.035124	-0.034208	-0.124786	-0.018535	0.992011	0.911512	-0.397046	0.107241	0.391886	0.917612	0.066440
33923	9.698186	1.092249	0.668470	-0.031510	0.038322	-0.030930	-0.125169	-0.018747	0.991958	0.911372	-0.397300	0.107491	0.392090	0.917497	0.066815
33924	9.814577	1.063081	0.710046	-0.055119	0.035571	-0.027637	-0.125501	-0.018932	0.991913	0.911144	-0.397769	0.107690	0.392513	0.917290	0.067170
33925	9.892261	0.909942	0.815720	-0.067621	0.041365	-0.027877	-0.125867	-0.019184	0.991862	0.910867	-0.398350	0.107884	0.393039	0.917033	0.067614
33926	9.912176	0.711662	0.920347	-0.052048	0.035217	-0.026173	-0.126184	-0.019371	0.991818	0.910652	-0.398790	0.108069	0.393434	0.916838	0.067962
33927	9.720681	0.535787	0.892605	-0.021349	0.035312	-0.022734	-0.126481	-0.019588	0.991776	0.910561	-0.398951	0.108244	0.393549	0.916763	0.068296
33928	9.555115	0.711366	0.841718	0.035507	0.022486	-0.022725	-0.126717	-0.019672	0.991744	0.910695	-0.398587	0.108455	0.393163	0.916919	0.068423
33929	9.492258	1.137804	0.870499	0.050729	0.010639	-0.027254	-0.126958	-0.019645	0.991714	0.910882	-0.398087	0.108724	0.392653	0.917137	0.068434
33930	9.523693	1.507215	1.031229	-0.003301	0.017485	-0.044123	-0.127369	-0.019598	0.991662	0.910836	-0.398084	0.109121	0.392626	0.917140	0.068554
33931	9.630325	1.764078	1.337832	-0.099296	0.026684	-0.063190	-0.128000	-0.019573	0.991581	0.910384	-0.398972	0.109643	0.393467	0.916754	0.068887
33932	9.723785	1.576823	1.551332	-0.204885	0.029442	-0.087243	-0.128850	-0.019462	0.991473	0.909488	-0.400824	0.110328	0.395259	0.915948	0.069347
33933	9.844853	1.082410	1.565111	-0.244283	0.030254	-0.100621	-0.129834	-0.019321	0.991347	0.908415	-0.403031	0.111118	0.397397	0.914982	0.069878
33934	9.996572	0.674119	1.413155	-0.216050	0.044376	-0.103433	-0.130890	-0.019277	0.991209	0.907444	-0.404985	0.111953	0.399267	0.914120	0.070502
33935	9.792785	0.328677	1.136906	-0.143315	0.051679	-0.090327	-0.131868	-0.019369	0.991078	0.906775	-0.406270	0.112711	0.400462	0.913548	0.071137
33936	9.618042	0.239020	0.794717	-0.041488	0.049435	-0.078201	-0.132715	-0.019471	0.990963	0.906529	-0.406622	0.113417	0.400739	0.913389	0.071616
33937	9.529562	0.546101	0.656684	0.046654	0.047248	-0.070966	-0.133499	-0.019598	0.990855	0.906641	-0.406177	0.114119	0.400226	0.913584	0.071993
33938	9.531912	1.263020	0.904750	0.070695	0.046717	-0.071146	-0.134271	-0.019705	0.990749	0.906852	-0.405503	0.114836	0.399489	0.913881	0.072317
33939	9.546114	1.807865	1.111763	-0.015240	0.038962	-0.082828	-0.135129	-0.019710	0.990632	0.906701	-0.405621	0.115610	0.399542	0.913829	0.072682
33940	9.706845	1.575970	0.983370	-0.122818	0.010791	-0.096518	-0.135987	-0.019386	0.990521	0.906102	-0.406719	0.116437	0.400607	0.913347	0.072874
33941	9.866657	0.878998	0.761543	-0.166736	-0.006061	-0.098284	-0.136802	-0.018914	0.990418	0.905321	-0.408222	0.117253	0.402092	0.912687	0.072969
33942	9.793790	0.724572	0.900665	-0.128651	0.010751	-0.097265	-0.137666	-0.018583	0.990304	0.904694	-0.409372	0.118083	0.403208	0.912178	0.073169
33943	9.697187	0.906430	0.867403	-0.090121	0.005458	-0.091881	-0.138470	-0.018244	0.990199	0.904228	-0.410168	0.118891	0.403978	0.911828	0.073292
33944	9.537462	1.287441	0.763219	-0.074739	-0.008469	-0.107345	-0.139346	-0.017695	0.990086	0.903800	-0.410826	0.119860	0.404632	0.911542	0.073240
33945	9.471030	1.550827	0.695550	-0.103508	-0.033116	-0.124550	-0.140287	-0.016866	0.989967	0.903230	-0.411751	0.120981	0.405580	0.911140	0.072997
33946	9.515739	1.718540	0.865781	-0.168761	-0.043819	-0.140760	-0.141320	-0.015855	0.989837	0.902370	-0.413270	0.122212	0.407132	0.910471	0.072710
33947	9.603387	1.498130	0.968473	-0.249790	-0.041322	-0.149802	-0.142453	-0.014842	0.989690	0.901159	-0.415531	0.123478	0.409415	0.909458	0.072569
33948	9.669784	1.060974	1.012099	-0.277261	-0.049887	-0.146110	-0.143504	-0.013749	0.989554	0.899836	-0.418031	0.124684	0.411950	0.908329	0.072361
33949	9.727826	0.922623	0.990529	-0.254002	-0.049838	-0.140311	-0.144511	-0.012696	0.989422	0.898608	-0.420314	0.125853	0.414270	0.907290	0.072149
33950	9.695969	0.935291	0.942948	-0.240073	-0.053486	-0.136516	-0.145454	-0.011606	0.989297	0.897438	-0.422466	0.126992	0.416470	0.906304	0.071865
33951	9.594383	1.018619	0.932315	-0.235539	-0.068084	-0.131336	-0.146297	-0.010420	0.989186	0.896289	-0.424571	0.128085	0.418645	0.905335	0.071453
33952	9.467998	1.363851	0.921391	-0.240972	-0.090198	-0.143970	-0.147148	-0.008962	0.989074	0.895091	-0.426724	0.129299	0.420903	0.904338	0.070813
33953	9.522283	1.704214	0.956775	-0.300372	-0.118016	-0.160934	-0.148038	-0.007193	0.988956	0.893610	-0.429411	0.130642	0.423728	0.903081	0.069997
33954	9.564553	1.584407	0.994486	-0.390445	-0.125690	-0.181118	-0.149059	-0.005249	0.988814	0.891705	-0.432904	0.132123	0.427368	0.901425	0.069209
33955	9.724373	0.951484	0.818528	-0.429368	-0.135292	-0.192909	-0.150145	-0.003178	0.988659	0.889597	-0.436740	0.133697	0.431361	0.899582	0.068402
33956	9.908446	0.254202	0.658029	-0.370136	-0.124744	-0.181778	-0.151160	-0.001231	0.988509	0.887747	-0.440030	0.135203	0.434807	0.897982	0.067608
33957	9.926364	-0.028698	0.794196	-0.242300	-0.093242	-0.156179	-0.152088	0.000306	0.988367	0.886478	-0.442166	0.136547	0.437064	0.896933	0.066977
33958	9.690529	0.001516	0.578417	-0.088380	-0.090437	-0.145474	-0.152921	0.001790	0.988237	0.885896	-0.442917	0.137887	0.437953	0.896561	0.066146
33959	9.255375	1.017829	0.379818	0.039569	-0.101786	-0.140756	-0.153672	0.003338	0.988116	0.885876	-0.442525	0.139266	0.437731	0.896750	0.065046
33960	9.696581	2.369035	0.549493	-0.027376	-0.160052	-0.134338	-0.154100	0.005397	0.988041	0.885576	-0.442724	0.140537	0.438188	0.896642	0.063444
33961	9.521081	2.477789	0.691674	-0.230752	-0.168551	-0.145762	-0.154597	0.007566	0.987949	0.884363	-0.444744	0.141793	0.440457	0.895626	0.062065
33962	9.767776	1.727255	0.895436	-0.368119	-0.151362	-0.165808	-0.155331	0.009689	0.987815	0.882505	-0.447983	0.143166	0.443911	0.893990	0.061036
33963	9.847767	0.677823	1.013193	-0.382978	-0.132696	-0.179217	-0.156269	0.011690	0.987645	0.880546	-0.451342	0.144665	0.447457	0.892274	0.060237
33964	9.756903	-0.374754	1.048416	-0.284170	-0.111839	-0.174537	-0.157241	0.013505	0.987468	0.879024	-0.453814	0.146179	0.450101	0.890994	0.059487
33965	9.536106	-0.611131	1.184007	-0.078050	-0.089241	-0.151460	-0.158118	0.014998	0.987306	0.878461	-0.454449	0.147590	0.450894	0.890646	0.058681
33966	9.417973	-0.099771	1.277585	0.125533	-0.077910	-0.116144	-0.158726	0.016248	0.987189	0.878869	-0.453273	0.148770	0.449883	0.891224	0.057667
33967	9.359743	0.834563	0.822891	0.303679	-0.086104	-0.078086	-0.158975	0.017380	0.987130	0.880131	-0.450519	0.149675	0.447322	0.892598	0.056325
33968	9.410531	2.255641	0.696598	0.331824	-0.109284	-0.061415	-0.158968	0.018660	0.987107	0.881540	-0.447504	0.150426	0.444542	0.894087	0.054689
33969	9.490761	3.095865	0.659685	0.214100	-0.124493	-0.065696	-0.158942	0.020080	0.987084	0.882409	-0.445542	0.151151	0.442823	0.895036	0.053097
33970	9.522871	3.136457	0.444439	0.040544	-0.138337	-0.085585	-0.159024	0.021727	0.987036	0.882479	-0.445122	0.151977	0.442653	0.895206	0.051611
33971	9.594500	2.288321	0.367080	-0.120065	-0.135436	-0.107025	-0.159316	0.023429	0.986950	0.881800	-0.446139	0.152933	0.443900	0.894657	0.050417
33972	9.664050	0.782132	0.617057	-0.175281	-0.095615	-0.113411	-0.159829	0.024819	0.986833	0.880867	-0.447640	0.153925	0.445566	0.893870	0.049684
33973	9.538148	0.350444	0.641369	0.058060	-0.062965	-0.095093	-0.160334	0.025821	0.986725	0.880996	-0.447065	0.154853	0.445128	0.894129	0.048931
33974	9.670291	1.721790	0.420022	0.227294	-0.072712	-0.084512	-0.160695	0.026877	0.986638	0.881897	-0.444970	0.155757	0.443210	0.895142	0.047802
33975	9.782547	3.079063	0.081661	0.187819	-0.086853	-0.073922	-0.160912	0.027997	0.986572	0.882630	-0.443239	0.156537	0.441669	0.895966	0.046611
33976	9.868020	3.166430	-0.126463	-0.072603	-0.099139	-0.066749	-0.161002	0.029210	0.986522	0.882228	-0.443831	0.157122	0.442438	0.895634	0.045688
33977	9.984210	1.683277	-0.102360	-0.274898	-0.092162	-0.065236	-0.161116	0.030338	0.986469	0.880928	-0.446237	0.157602	0.444980	0.894401	0.045170
33978	9.921069	0.278038	-0.230558	-0.208221	-0.084042	-0.065302	-0.161255	0.031409	0.986413	0.879921	-0.448039	0.158113	0.446917	0.893462	0.044611
33979	9.712958	0.417797	-0.078341	0.028169	-0.078734	-0.068801	-0.161458	0.032432	0.986347	0.879963	-0.447726	0.158765	0.446762	0.893582	0.043750
33980	9.518316	1.568651	0.091108	0.155996	-0.109984	-0.062018	-0.161452	0.033720	0.986304	0.880586	-0.446272	0.159404	0.445535	0.894262	0.042358
33981	9.449056	2.832993	0.656048	0.103676	-0.134501	-0.067110	-0.161391	0.035233	0.986261	0.880967	-0.445280	0.160068	0.444803	0.894698	0.040825
33982	9.540902	3.386394	1.084569	-0.072815	-0.171442	-0.069639	-0.161180	0.037105	0.986227	0.880558	-0.445868	0.160685	0.445689	0.894329	0.039191
33983	9.794331	3.064330	1.470329	-0.246002	-0.174580	-0.087548	-0.161117	0.039067	0.986162	0.879347	-0.447990	0.161413	0.448096	0.893185	0.037825
33984	9.581180	2.373167	1.852902	-0.308637	-0.163069	-0.097274	-0.161177	0.040988	0.986074	0.877830	-0.450667	0.162217	0.451040	0.891751	0.036657
33985	9.503282	1.975282	2.146349	-0.249278	-0.145300	-0.095352	-0.161305	0.042724	0.985979	0.876577	-0.452809	0.163028	0.453425	0.890584	0.035590
33986	9.326275	2.074282	2.043671	-0.138617	-0.126762	-0.082272	-0.161389	0.044253	0.985898	0.875842	-0.453968	0.163750	0.454813	0.889918	0.034507
33987	9.413183	2.373925	1.721943	-0.049665	-0.113518	-0.063232	-0.161375	0.045564	0.985841	0.875537	-0.454350	0.164318	0.455404	0.889657	0.033428
33988	9.348237	2.522817	1.453546	0.001378	-0.089870	-0.043374	-0.161284	0.046588	0.985808	0.875501	-0.454280	0.164706	0.455506	0.889640	0.032480
33989	9.193018	2.324948	0.948824	0.038621	-0.103145	-0.019821	-0.160938	0.047608	0.985816	0.875668	-0.453896	0.164876	0.455307	0.889782	0.031360
33990	9.251588	2.319217	0.644831	0.048110	-0.129996	-0.005808	-0.160336	0.048819	0.985855	0.875905	-0.453427	0.164907	0.455064	0.889956	0.029939
33991	9.448617	2.226392	0.420731	0.021967	-0.158419	0.005713	-0.159515	0.050215	0.985918	0.876039	-0.453200	0.164820	0.455095	0.889993	0.028302
33992	9.704397	1.978338	0.238915	-0.007479	-0.166754	0.011451	-0.158594	0.051675	0.985991	0.876050	-0.453235	0.164664	0.455394	0.889892	0.026611
33993	9.737918	1.583413	0.221454	-0.045651	-0.161394	0.010556	-0.157718	0.053076	0.986057	0.875880	-0.453618	0.164513	0.456025	0.889614	0.025055
33994	9.751301	1.176730	0.094296	-0.054504	-0.170888	0.013103	-0.156762	0.054565	0.986128	0.875680	-0.454072	0.164329	0.456739	0.889293	0.023400
33995	9.696711	0.829179	0.173944	-0.024162	-0.168994	0.023305	-0.155736	0.055973	0.986212	0.875630	-0.454267	0.164056	0.457186	0.889106	0.021734
33996	9.340400	0.672592	0.387156	0.015090	-0.177204	0.035594	-0.154553	0.057415	0.986315	0.875781	-0.454115	0.163667	0.457297	0.889091	0.019902
33997	9.862945	0.749931	0.616502	0.066189	-0.202489	0.042726	-0.153203	0.059030	0.986430	0.876178	-0.453511	0.163218	0.456991	0.889294	0.017758
33998	9.604560	1.134353	0.985829	0.139951	-0.196182	0.045788	-0.151844	0.060596	0.986545	0.876914	-0.452255	0.162749	0.456032	0.889828	0.015535
33999	9.460359	1.554036	1.225563	0.185887	-0.200349	0.052630	-0.150419	0.062154	0.986667	0.877864	-0.450601	0.162217	0.454675	0.890559	0.013216
34000	9.385233	2.071762	1.329819	0.194096	-0.219531	0.043434	-0.148979	0.063942	0.986771	0.878837	-0.448861	0.161770	0.453267	0.891311	0.010676
34001	9.404151	2.237802	1.398232	0.156777	-0.225136	0.039223	-0.147565	0.065786	0.986862	0.879628	-0.447456	0.161359	0.452193	0.891883	0.008161
34002	9.154444	1.834588	1.448029	0.122959	-0.234840	0.035046	-0.146135	0.067753	0.986942	0.880262	-0.446345	0.160980	0.451424	0.892292	0.005586
34003	9.069346	1.378792	1.377382	0.161375	-0.279656	0.057431	-0.144318	0.070006	0.987052	0.881095	-0.444914	0.160381	0.450381	0.892833	0.002527
34004	9.353139	1.621625	1.075935	0.230058	-0.300493	0.083952	-0.142165	0.072346	0.987196	0.882276	-0.442882	0.159512	0.448751	0.893656	-0.000866
34005	9.591796	2.158774	0.732751	0.247938	-0.303681	0.096919	-0.139901	0.074638	0.987348	0.883554	-0.440690	0.158508	0.446946	0.894551	-0.004294
34006	9.513076	2.462193	0.383426	0.200862	-0.283724	0.082219	-0.137847	0.076844	0.987468	0.884590	-0.438918	0.157642	0.445531	0.895235	-0.007472
34007	9.448879	2.317991	-0.221675	0.152002	-0.312101	0.073234	-0.135760	0.079330	0.987561	0.885391	-0.437581	0.156865	0.444581	0.895673	-0.010832
34008	9.636229	1.877260	-0.879475	0.124867	-0.331385	0.063079	-0.133668	0.082052	0.987624	0.886056	-0.436476	0.156184	0.443889	0.895967	-0.014360
34009	9.625844	1.581280	-1.246249	0.142507	-0.374671	0.061800	-0.131409	0.085156	0.987664	0.886789	-0.435226	0.155513	0.443100	0.896285	-0.018323
34010	9.823511	1.333200	-1.163147	0.136896	-0.394031	0.088604	-0.128817	0.088332	0.987726	0.887536	-0.434039	0.154567	0.442365	0.896553	-0.022486
34011	9.500818	1.124129	-1.083817	0.139520	-0.424675	0.117062	-0.125854	0.091645	0.987807	0.888322	-0.432864	0.153338	0.441638	0.896789	-0.026933
34012	9.981276	0.778844	-0.386910	0.105841	-0.445283	0.157341	-0.122429	0.094987	0.987921	0.889010	-0.432025	0.151710	0.441217	0.896846	-0.031552
34013	10.053409	0.618209	0.006404	0.230328	-0.419336	0.168151	-0.119037	0.098039	0.988038	0.890248	-0.430091	0.149932	0.439645	0.897446	-0.036082
34014	9.715562	1.595275	0.289854	0.361390	-0.403040	0.172486	-0.115673	0.100948	0.988144	0.892059	-0.426981	0.148045	0.436864	0.898608	-0.040662
34015	9.572278	2.332582	0.599926	0.351368	-0.400737	0.156309	-0.112484	0.103901	0.988206	0.893787	-0.423955	0.146311	0.434157	0.899703	-0.045178
34016	9.476414	2.250056	0.539305	0.336681	-0.403624	0.134490	-0.109472	0.106996	0.988214	0.895418	-0.421030	0.144778	0.431559	0.900714	-0.049715
34017	9.476643	2.076953	0.317695	0.355548	-0.405995	0.126809	-0.106540	0.110144	0.988189	0.897098	-0.417946	0.143303	0.428794	0.901770	-0.054282
34018	9.557534	1.726048	0.312694	0.383710	-0.396623	0.156127	-0.103382	0.113103	0.988190	0.898925	-0.414622	0.141499	0.425730	0.902937	-0.058806
34019	9.666924	1.161105	0.206223	0.461815	-0.375080	0.200252	-0.099942	0.115677	0.988246	0.901109	-0.410641	0.139197	0.421916	0.904430	-0.063197
34020	10.014803	1.057749	0.352085	0.575801	-0.345963	0.257812	-0.096104	0.117788	0.988378	0.903801	-0.405693	0.136228	0.417023	0.906388	-0.067468
34021	9.880157	1.526257	0.759235	0.614213	-0.295973	0.282991	-0.092268	0.119347	0.988556	0.906631	-0.400425	0.132964	0.411711	0.908524	-0.071258
34022	9.373098	2.408286	0.759052	0.685676	-0.268989	0.293322	-0.088445	0.120660	0.988746	0.909721	-0.394503	0.129518	0.405691	0.910938	-0.074875
34023	9.127186	3.398164	0.857056	0.618417	-0.260250	0.273748	-0.084856	0.121976	0.988899	0.912467	-0.389168	0.126300	0.400254	0.913055	-0.078276
34024	9.580075	3.429779	0.790719	0.469077	-0.260985	0.242102	-0.081545	0.123456	0.988994	0.914558	-0.385143	0.123485	0.396149	0.914562	-0.081501
34025	10.079743	2.787627	0.620686	0.401932	-0.248858	0.228452	-0.078428	0.124873	0.989068	0.916342	-0.381722	0.120855	0.392641	0.915803	-0.084489
34026	9.809975	2.420449	0.517097	0.476028	-0.217788	0.243845	-0.075281	0.125976	0.989173	0.918409	-0.377629	0.117988	0.388404	0.917348	-0.087269
34027	9.783675	3.107731	0.842517	0.551995	-0.240160	0.293502	-0.071610	0.127096	0.989302	0.920772	-0.372902	0.114556	0.383473	0.919125	-0.090323
34028	10.218489	3.857832	1.888193	0.478585	-0.232452	0.330438	-0.067618	0.128041	0.989461	0.922847	-0.368885	0.110801	0.379185	0.920613	-0.093219
34029	10.135194	3.689569	2.972355	0.396312	-0.239358	0.376865	-0.063193	0.128875	0.989645	0.924606	-0.365687	0.106661	0.375647	0.921772	-0.096050
34030	10.317212	3.307925	3.480713	0.385479	-0.181811	0.420241	-0.058565	0.129055	0.989907	0.926323	-0.362637	0.102081	0.372151	0.922951	-0.098309
34031	10.840106	2.944593	3.547510	0.406672	-0.073107	0.461596	-0.053975	0.128076	0.990294	0.928105	-0.359443	0.097072	0.368387	0.924336	-0.099467
34032	11.031990	3.238549	3.511821	0.457627	0.050042	0.476416	-0.049673	0.125943	0.990793	0.930046	-0.355777	0.091851	0.364070	0.926046	-0.099461
34033	11.818237	3.829535	3.577080	0.386842	0.123751	0.445829	-0.045934	0.123227	0.991315	0.931677	-0.352714	0.087015	0.360373	0.927582	-0.098606
34034	12.889356	3.649132	3.916038	0.146729	0.194246	0.415585	-0.042701	0.119995	0.991856	0.932406	-0.351821	0.082705	0.358880	0.928344	-0.096861
34035	12.403318	2.674467	4.644306	-0.066498	0.348948	0.388940	-0.040292	0.115393	0.992502	0.932345	-0.352862	0.078876	0.359318	0.928533	-0.093369
34036	12.556321	2.043815	5.054791	-0.139639	0.499477	0.370686	-0.038576	0.109478	0.993240	0.932006	-0.354538	0.075276	0.360383	0.928610	-0.088358
34037	11.662972	1.837970	5.345444	-0.134840	0.671956	0.326011	-0.037929	0.102085	0.994052	0.931660	-0.356101	0.072118	0.361345	0.928855	-0.081602
34038	11.642574	1.998029	6.139702	-0.311997	0.877562	0.264358	-0.038591	0.093023	0.994916	0.930648	-0.359219	0.069684	0.363875	0.928606	-0.072709
34039	10.254825	1.757020	6.899122	-0.414227	1.064379	0.214291	-0.040457	0.082370	0.995780	0.929234	-0.363217	0.067798	0.367269	0.928056	-0.061846
34040	10.125008	1.965092	7.848180	-0.387388	1.249621	0.168146	-0.043445	0.070195	0.996587	0.927895	-0.366901	0.066294	0.370302	0.927608	-0.049194
34041	9.426018	2.412165	8.270205	-0.291244	1.469458	0.104454	-0.047903	0.056179	0.997271	0.926877	-0.369633	0.065344	0.372295	0.927478	-0.034365
34042	10.398595	3.039808	8.296593	-0.307158	1.686970	0.029289	-0.053869	0.040459	0.997728	0.925765	-0.372456	0.065087	0.374243	0.927167	-0.017392
34043	10.133551	3.223673	7.457690	-0.330554	1.974058	-0.082809	-0.062014	0.022466	0.997822	0.924493	-0.375458	0.065910	0.376121	0.926567	0.002514
34044	9.490616	3.578100	6.406802	-0.303856	2.170687	-0.191982	-0.071908	0.003118	0.997406	0.923239	-0.378206	0.067743	0.377436	0.925716	0.024317
34045	9.818667	3.785876	5.592320	-0.374303	2.264411	-0.292122	-0.083143	-0.016726	0.996397	0.921614	-0.381651	0.070496	0.379097	0.924155	0.047146
34046	10.813851	3.576530	5.069076	-0.569866	2.281921	-0.387061	-0.095333	-0.036264	0.994785	0.919120	-0.386969	0.073976	0.382268	0.921379	0.070222
34047	9.325267	2.775884	3.261477	-0.706522	2.147749	-0.428097	-0.107495	-0.054353	0.992719	0.915988	-0.393622	0.077635	0.386536	0.917664	0.092099
34048	10.114428	2.035744	1.246128	-0.832314	1.812165	-0.341501	-0.117613	-0.069554	0.990621	0.912386	-0.401409	0.080140	0.392070	0.913254	0.110671
34049	13.078432	1.372666	-0.737273	-0.810209	1.566610	-0.198262	-0.125581	-0.083035	0.988602	0.908966	-0.408902	0.081120	0.397506	0.908793	0.126826
34050	15.717173	0.621182	-2.838278	-0.668668	1.757542	-0.159234	-0.133986	-0.098284	0.986097	0.906112	-0.415064	0.081749	0.401259	0.904468	0.144669
34051	15.698130	-0.157119	-3.676982	-0.679220	1.920370	-0.151292	-0.143070	-0.114985	0.983010	0.903186	-0.421312	0.082170	0.404706	0.899597	0.164130
34052	15.251584	-1.336552	-3.265661	-0.909080	1.952385	-0.137474	-0.152202	-0.131874	0.979512	0.899304	-0.429586	0.081903	0.409984	0.893345	0.183979
34053	13.302369	-2.538594	-3.287184	-0.995758	2.153939	-0.141523	-0.162336	-0.150432	0.975201	0.894993	-0.438604	0.081326	0.415493	0.886001	0.205837
34054	12.356631	-3.080424	-2.726337	-0.707848	2.205447	-0.079998	-0.172184	-0.169519	0.970369	0.891935	-0.444933	0.080538	0.418097	0.879373	0.227810
34055	11.572707	-3.357079	-2.232291	-0.329951	2.283426	0.038027	-0.181349	-0.189714	0.964946	0.890648	-0.447715	0.079362	0.416964	0.873819	0.250161
34056	11.259375	-3.581455	-1.850270	-0.127277	2.289672	0.155884	-0.189413	-0.210336	0.959105	0.890434	-0.448464	0.077501	0.413823	0.868700	0.272235
34057	11.185928	-4.209617	-1.692396	-0.066881	2.259606	0.240829	-0.196544	-0.230993	0.952897	0.890647	-0.448468	0.074990	0.410022	0.863434	0.293877
34058	11.288676	-4.581109	-1.633256	0.068220	2.200588	0.297232	-0.202804	-0.251245	0.946439	0.891546	-0.447115	0.072349	0.404990	0.858466	0.314673
34059	8.876975	-4.552190	-1.788689	0.323727	2.269178	0.301927	-0.209177	-0.272025	0.939280	0.893490	-0.443508	0.070535	0.397391	0.853992	0.335823
34060	8.896478	-3.914171	-2.190037	0.523599	2.009910	0.275823	-0.214547	-0.290347	0.932560	0.896159	-0.438219	0.069736	0.388418	0.850684	0.354215
34061	7.472491	-3.120767	-2.525518	0.709676	1.954430	0.226581	-0.219963	-0.307935	0.925631	0.899394	-0.431468	0.070189	0.377767	0.847945	0.371862
34062	6.932006	-1.626673	-2.833480	0.827525	1.812645	0.132191	-0.225457	-0.323825	0.918861	0.902793	-0.423990	0.072091	0.366243	0.845795	0.387939
34063	7.041137	0.280892	-2.659833	0.849904	1.668632	0.022181	-0.231232	-0.338017	0.912292	0.905930	-0.416690	0.075230	0.354714	0.843869	0.402572
34064	7.166901	1.594370	-2.121434	0.679977	1.584636	-0.050332	-0.237174	-0.351134	0.905789	0.908217	-0.411081	0.078452	0.344806	0.841259	0.416403
34065	6.245878	2.124718	-1.393666	0.291213	1.544299	-0.131545	-0.243605	-0.363551	0.899159	0.908918	-0.409060	0.080856	0.338414	0.836959	0.430087
34066	5.455166	2.530605	-0.692164	-0.140385	1.362369	-0.280920	-0.250696	-0.373737	0.893013	0.907776	-0.411213	0.082743	0.336294	0.831399	0.442359
34067	5.257350	2.944888	0.194148	-0.548549	1.106175	-0.318459	-0.257275	-0.381576	0.887811	0.905140	-0.416910	0.083111	0.338424	0.824976	0.452640
34068	5.048347	2.569506	1.063792	-0.921561	0.812248	-0.184905	-0.261663	-0.387445	0.883979	0.901540	-0.425138	0.080524	0.344614	0.818012	0.460540
34069	5.100733	1.596705	1.333168	-1.096963	0.451859	-0.019456	-0.263374	-0.391040	0.881885	0.897685	-0.434102	0.075606	0.353263	0.811568	0.465362
34070	5.676252	0.637549	1.547992	-1.127274	0.097398	0.202879	-0.261849	-0.392693	0.881605	0.894208	-0.442373	0.068546	0.363081	0.806287	0.466984
34071	6.737953	-0.605116	1.853311	-1.174118	-0.207032	0.492654	-0.256647	-0.393223	0.882897	0.891183	-0.449828	0.058712	0.374065	0.801892	0.465881
34072	8.097663	-2.234947	1.393816	-1.121351	-0.527052	0.683928	-0.248501	-0.392079	0.885732	0.888681	-0.456065	0.047446	0.385349	0.798923	0.461766
34073	8.393813	-3.600695	1.071382	-0.648867	-0.636292	0.491408	-0.241619	-0.389244	0.888881	0.887387	-0.459278	0.040094	0.392637	0.798469	0.456381
34074	7.943669	-2.496468	2.090380	-0.158558	-0.772410	0.171415	-0.236995	-0.383833	0.892472	0.887200	-0.459831	0.037832	0.395865	0.800767	0.449514
34075	7.912794	-1.044009	3.130454	-0.179835	-0.914071	0.121904	-0.232233	-0.377059	0.896601	0.886797	-0.460760	0.035924	0.399572	0.803447	0.441379
34076	8.578826	-0.433373	4.675942	-0.244866	-1.056076	0.065417	-0.227350	-0.368838	0.901260	0.885992	-0.462435	0.034249	0.404142	0.806295	0.431922
34077	9.630239	-0.412203	6.204429	-0.348826	-1.089855	0.009519	-0.222786	-0.360080	0.905930	0.884620	-0.465168	0.032655	0.409651	0.808679	0.422166
34078	11.020599	-1.425189	7.161423	-0.269219	-1.015256	0.001974	-0.218527	-0.351843	0.910193	0.883543	-0.467289	0.031494	0.414243	0.811078	0.412984
34079	10.968102	-1.038788	9.847735	0.251152	-0.799722	0.020188	-0.214992	-0.345434	0.913485	0.884653	-0.465129	0.032318	0.413724	0.815065	0.405588
34080	9.883403	0.083292	10.731565	0.525199	-0.605549	-0.022341	-0.212635	-0.340357	0.915938	0.886797	-0.460861	0.034617	0.410339	0.819612	0.399823
34081	7.610531	1.999305	10.636106	0.593583	-0.428734	-0.181277	-0.212450	-0.336003	0.917588	0.888860	-0.456549	0.038619	0.405948	0.823811	0.395653
34082	7.069536	4.019014	9.282607	0.426252	-0.412341	-0.376988	-0.214076	-0.330858	0.919078	0.889807	-0.454236	0.043738	0.403008	0.827165	0.391641
34083	6.905764	5.095003	7.229019	0.073800	-0.555042	-0.473973	-0.216011	-0.324108	0.921028	0.889110	-0.455130	0.048366	0.403512	0.829344	0.386481
34084	7.533786	4.698116	4.228783	-0.477436	-0.777813	-0.379665	-0.216161	-0.315894	0.923843	0.886377	-0.460254	0.050018	0.409402	0.829685	0.379490
34085	7.143155	2.867084	-0.150732	-0.807607	-1.038984	-0.324162	-0.214685	-0.305774	0.927584	0.882360	-0.467914	0.049973	0.418749	0.829192	0.370257
34086	8.812835	0.926311	-4.200042	-0.797327	-1.475269	-0.299901	-0.211013	-0.292097	0.932820	0.878371	-0.475375	0.049840	0.428880	0.829878	0.356880
34087	13.095731	-1.020971	-5.573266	-0.876774	-1.544335	-0.268424	-0.206616	-0.277993	0.938099	0.874029	-0.483370	0.049264	0.439754	0.830104	0.342846
34088	13.380953	-3.184913	-2.767190	-0.857393	-0.996943	-0.202354	-0.203889	-0.268716	0.941393	0.869831	-0.490986	0.048240	0.449248	0.828689	0.333844
34089	9.716269	-4.501426	1.924842	-0.761065	-0.559582	-0.237481	-0.203369	-0.262909	0.943144	0.865926	-0.497870	0.047933	0.456960	0.826441	0.328911
34090	6.724228	-4.434280	4.629586	-0.430155	-0.771303	-0.364735	-0.202917	-0.254689	0.945494	0.863238	-0.502320	0.049953	0.462218	0.826322	0.321786
34091	9.427552	-2.165875	5.253991	-0.044689	-1.185695	-0.310216	-0.200049	-0.243315	0.949093	0.862433	-0.503418	0.052724	0.464962	0.829076	0.310551
34092	13.430397	-0.416623	5.709869	-0.301956	-1.184041	-0.211039	-0.196272	-0.232403	0.952610	0.860633	-0.506378	0.053783	0.469882	0.830404	0.299401
34093	13.499494	-0.634861	5.794386	-0.495637	-1.032138	-0.124522	-0.192411	-0.223201	0.955594	0.858073	-0.510735	0.053482	0.476117	0.830260	0.289794
34094	11.490500	-0.873035	5.182414	-0.462162	-0.971292	-0.127226	-0.188787	-0.214463	0.958314	0.855647	-0.514803	0.053353	0.481900	0.830050	0.280693
34095	10.135224	-0.720045	4.592789	-0.318714	-0.873803	-0.149855	-0.185790	-0.206439	0.960659	0.853851	-0.517722	0.053878	0.486232	0.830269	0.272455
34096	10.108520	0.095507	3.476089	-0.011196	-0.659633	-0.252276	-0.184670	-0.199629	0.962312	0.853359	-0.518281	0.056245	0.487521	0.831584	0.266066
34097	9.892620	2.776229	1.431058	0.513105	-0.615992	-0.498566	-0.185886	-0.191923	0.963645	0.854955	-0.514940	0.062363	0.484250	0.835466	0.259806
34098	9.596632	4.451115	0.169569	0.167953	-0.688468	-0.612659	-0.187728	-0.182987	0.965025	0.854653	-0.514637	0.068672	0.484072	0.837654	0.253003
34099	9.088754	0.866914	-1.564231	-0.544828	-0.789892	-0.370088	-0.186989	-0.174464	0.966746	0.851333	-0.519818	0.070857	0.490170	0.836272	0.245728
34100	9.129233	-1.900630	-1.652590	-0.193812	-0.653306	-0.324010	-0.186472	-0.167291	0.968113	0.849806	-0.521948	0.073491	0.493010	0.836412	0.239493
34101	9.479907	-1.859504	-1.171339	0.207744	-0.674121	-0.313803	-0.185768	-0.160010	0.969478	0.850273	-0.520681	0.076989	0.492470	0.838623	0.232778
34102	9.675742	-0.400876	-0.539793	0.526998	-0.732057	-0.253217	-0.184268	-0.152521	0.970970	0.852421	-0.516603	0.080622	0.489309	0.842531	0.225205
34103	10.300993	2.226490	0.472561	0.445284	-0.821656	-0.242138	-0.182272	-0.144336	0.972597	0.854178	-0.513163	0.083924	0.486987	0.846068	0.216824
34104	10.681880	3.469740	0.922444	-0.023370	-0.825961	-0.218996	-0.180050	-0.136196	0.974183	0.853697	-0.513624	0.085975	0.488654	0.847137	0.208749
34105	10.568936	2.257932	1.117422	-0.532021	-0.838315	-0.185534	-0.177459	-0.128142	0.975750	0.850777	-0.518332	0.086659	0.494658	0.845524	0.201003
34106	10.462834	1.037471	1.852620	-0.685269	-0.758191	-0.182902	-0.175172	-0.120766	0.977103	0.847070	-0.524302	0.087059	0.501783	0.842925	0.194140
34107	9.653191	0.084677	1.914385	-0.589719	-0.675236	-0.209093	-0.173479	-0.113978	0.978220	0.843756	-0.529473	0.087941	0.507917	0.840635	0.188022
34108	9.407626	0.174235	1.803268	-0.200752	-0.675496	-0.227652	-0.171895	-0.107072	0.979279	0.842371	-0.531369	0.089765	0.510747	0.840347	0.181534
34109	9.294182	1.079457	1.915067	0.144966	-0.624595	-0.214602	-0.170462	-0.100678	0.980208	0.842772	-0.530335	0.092090	0.510567	0.841789	0.175250
34110	9.739882	1.821048	1.986609	0.286915	-0.548289	-0.194455	-0.169244	-0.095006	0.980984	0.843934	-0.528065	0.094458	0.509049	0.843873	0.169550
34111	9.209539	1.817209	1.662523	0.397363	-0.460250	-0.173207	-0.168319	-0.090203	0.981597	0.845687	-0.524829	0.096785	0.506440	0.846415	0.164622
34112	9.486782	1.351237	1.313773	0.485922	-0.402346	-0.116664	-0.167213	-0.086159	0.982149	0.847974	-0.520770	0.098685	0.502971	0.849338	0.160140
34113	9.798680	0.806606	1.066900	0.600858	-0.347219	-0.045737	-0.165812	-0.082964	0.982661	0.850933	-0.515658	0.100048	0.498416	0.852769	0.156099
34114	9.678330	0.378971	0.448792	0.749546	-0.317772	0.020277	-0.164002	-0.080329	0.983184	0.854710	-0.509192	0.100970	0.492518	0.856896	0.152166
34115	9.593606	0.694989	-0.103308	0.862949	-0.327676	0.054291	-0.161883	-0.077784	0.983740	0.859045	-0.501696	0.101695	0.485628	0.861540	0.148036
34116	9.699927	1.444043	-0.271179	0.866415	-0.361005	0.062723	-0.159540	-0.074953	0.984342	0.863352	-0.494122	0.102305	0.478717	0.866156	0.143544
34117	9.207704	2.283890	0.441410	0.757284	-0.399408	0.039383	-0.157248	-0.071674	0.984955	0.867043	-0.487480	0.102950	0.472767	0.870187	0.138799
34118	8.948619	2.632849	1.176813	0.496487	-0.500555	0.013466	-0.154712	-0.067351	0.985661	0.869431	-0.483101	0.103457	0.469206	0.872970	0.133299
34119	9.038366	3.065419	2.020288	0.238909	-0.534111	-0.029251	-0.152413	-0.062537	0.986336	0.870531	-0.480995	0.104022	0.467918	0.874490	0.127750
34120	9.122449	3.418817	2.970116	-0.053224	-0.535980	-0.065304	-0.150408	-0.057509	0.986950	0.870210	-0.481457	0.104563	0.469161	0.874581	0.122461
34121	9.786973	3.096528	3.451909	-0.261599	-0.514987	-0.080912	-0.148639	-0.052611	0.987491	0.868883	-0.483751	0.105013	0.472175	0.873623	0.117617
34122	9.222876	2.598443	3.772820	-0.390424	-0.491204	-0.110076	-0.147203	-0.047764	0.987952	0.866896	-0.487172	0.105613	0.476258	0.871999	0.113119
34123	9.143153	1.800358	2.903360	-0.368161	-0.498166	-0.144214	-0.146021	-0.042713	0.988359	0.864950	-0.490407	0.106595	0.480145	0.870446	0.108555
34124	9.243142	1.484280	1.599598	-0.181807	-0.480208	-0.150166	-0.144946	-0.037772	0.988718	0.863884	-0.492009	0.107849	0.482384	0.869771	0.103946
34125	9.699194	1.296191	0.119449	-0.047983	-0.451693	-0.141190	-0.143936	-0.033144	0.989032	0.863474	-0.492439	0.109161	0.483420	0.869716	0.099499
34126	9.750645	1.163774	-1.186899	0.119864	-0.383545	-0.107305	-0.142948	-0.029254	0.989298	0.863927	-0.491389	0.110302	0.482903	0.870449	0.095516
34127	9.367366	1.889174	-1.555326	0.185096	-0.341523	-0.046495	-0.141654	-0.026046	0.989573	0.864779	-0.489753	0.110900	0.481758	0.871472	0.091899
34128	9.041033	1.744561	-1.978397	0.092234	-0.432385	0.027186	-0.139274	-0.022384	0.990001	0.865290	-0.488902	0.110676	0.481536	0.872052	0.087460
34129	9.778693	0.909658	-1.744476	-0.002446	-0.546486	0.086552	-0.135843	-0.018034	0.990566	0.865422	-0.488868	0.109781	0.482277	0.872171	0.082017
34130	9.491147	-0.334491	-1.243562	-0.076869	-0.624234	0.118098	-0.131744	-0.013143	0.991197	0.865236	-0.489480	0.108512	0.483745	0.871915	0.075858
34131	10.918425	-1.424557	-0.561364	-0.115393	-0.726775	0.169657	-0.126704	-0.007631	0.991911	0.864922	-0.490432	0.106710	0.485650	0.871446	0.068740
34132	7.728897	-1.724859	0.321811	0.164226	-0.650246	0.185823	-0.121878	-0.002847	0.992541	0.865977	-0.488951	0.104934	0.485005	0.872307	0.062057
34133	12.137662	1.175696	0.798068	0.204976	-0.765161	0.139152	-0.116913	0.003161	0.993137	0.867161	-0.487126	0.103633	0.484110	0.873326	0.054210
34134	8.989527	2.887113	1.902083	0.243217	-0.706321	0.123467	-0.112365	0.008759	0.993628	0.868505	-0.484968	0.102490	0.482776	0.874488	0.046886
34135	9.673208	2.932986	2.183679	-0.212202	-0.708340	0.084530	-0.108151	0.014546	0.994028	0.867596	-0.486797	0.101519	0.485367	0.873394	0.040027
34136	9.709240	2.122744	2.374061	-0.158054	-0.637617	0.047306	-0.104577	0.019907	0.994317	0.866904	-0.488146	0.100950	0.487382	0.872535	0.033791
34137	9.856567	1.267556	2.545972	-0.067445	-0.527108	0.023490	-0.101752	0.024398	0.994511	0.866623	-0.488704	0.100657	0.488478	0.872108	0.028583
34138	9.756001	0.803406	2.468304	0.141474	-0.408270	0.039526	-0.099355	0.027792	0.994664	0.867380	-0.487442	0.100260	0.487628	0.872713	0.024323
34139	9.488588	0.977036	1.973737	0.397890	-0.319338	0.082994	-0.097033	0.030185	0.994823	0.869419	-0.483955	0.099486	0.484453	0.874572	0.020716
34140	9.708826	2.091513	1.278178	0.588891	-0.297993	0.154205	-0.094191	0.032079	0.995037	0.872431	-0.478807	0.098021	0.479575	0.877334	0.017113
34141	9.557064	2.328634	0.626705	0.523420	-0.307091	0.212121	-0.090824	0.033773	0.995294	0.875150	-0.474243	0.095952	0.475252	0.879746	0.013516
34142	9.279242	1.686402	0.436651	0.391521	-0.406937	0.227661	-0.086839	0.036307	0.995561	0.877232	-0.470837	0.093688	0.472148	0.881473	0.009038
34143	9.571242	0.362019	0.284328	0.335864	-0.467290	0.244057	-0.082448	0.039291	0.995821	0.879043	-0.467931	0.091242	0.469560	0.882891	0.004042
34144	9.036162	-0.096006	0.840136	0.447041	-0.498337	0.265676	-0.077717	0.042484	0.996070	0.881371	-0.464050	0.088560	0.465989	0.884790	-0.001379
34145	8.540845	0.131599	1.341027	0.497105	-0.512542	0.284716	-0.072778	0.045716	0.996300	0.883914	-0.459737	0.085664	0.461952	0.886878	-0.006950
34146	9.400649	0.837604	2.170164	0.515704	-0.508017	0.292595	-0.067790	0.048916	0.996500	0.886515	-0.455258	0.082656	0.457708	0.889015	-0.012502
34147	9.692546	1.466733	3.044984	0.529136	-0.381783	0.246377	-0.063817	0.051205	0.996647	0.889108	-0.450637	0.080084	0.453226	0.891238	-0.016769
34148	9.699943	2.588476	3.774730	0.564614	-0.229677	0.175839	-0.061155	0.052495	0.996747	0.891786	-0.445651	0.078185	0.448305	0.893666	-0.019561
34149	9.550244	3.745319	3.583038	0.618317	-0.094917	0.084557	-0.059931	0.052976	0.996796	0.894613	-0.440126	0.077179	0.442805	0.896372	-0.021016
34150	10.385305	4.703116	3.185285	0.614598	-0.022564	0.030413	-0.059498	0.053074	0.996816	0.897358	-0.434587	0.076701	0.437274	0.899065	-0.021769
34151	10.804357	5.334078	4.224023	0.486392	0.094930	0.009756	-0.059781	0.052184	0.996847	0.899500	-0.430178	0.076463	0.432812	0.901234	-0.021222
34152	11.196268	5.261696	4.690066	0.390433	0.175986	0.075084	-0.059803	0.050303	0.996942	0.901250	-0.426656	0.075591	0.429154	0.903014	-0.019821
34153	12.026958	5.402974	5.112412	0.376735	0.312554	0.157869	-0.059676	0.046813	0.997120	0.902974	-0.423291	0.073914	0.425532	0.904784	-0.017010
34154	12.374861	4.377064	5.205291	0.219540	0.491203	0.273911	-0.059225	0.041238	0.997393	0.904090	-0.421385	0.071107	0.423219	0.905944	-0.012326
34155	12.947661	2.007315	5.116061	0.138495	0.678308	0.387777	-0.058547	0.033462	0.997724	0.904923	-0.420237	0.067196	0.421529	0.906797	-0.005677
34156	15.034709	0.412525	5.609370	0.253611	0.920276	0.467454	-0.058120	0.023181	0.998040	0.906282	-0.418028	0.062486	0.418658	0.908138	0.003287
34157	16.127483	0.499433	6.000368	0.544696	1.314850	0.375597	-0.060144	0.009665	0.998143	0.908789	-0.413099	0.058760	0.412899	0.910635	0.016062
34158	12.269660	1.449868	6.645540	0.583059	1.572040	0.282509	-0.063954	-0.005799	0.997936	0.911374	-0.407746	0.056037	0.406580	0.913077	0.031363
34159	10.644790	2.454980	6.514423	0.356906	1.659634	0.230048	-0.068536	-0.021899	0.997408	0.912989	-0.404414	0.053855	0.402187	0.914314	0.047710
34160	9.683005	3.132482	5.988177	0.126093	1.700839	0.202081	-0.073450	-0.038236	0.996566	0.913659	-0.403158	0.051872	0.399790	0.914331	0.064546
34161	9.010330	2.828647	4.897385	-0.201667	1.715533	0.178167	-0.078657	-0.054631	0.995404	0.913007	-0.404877	0.049925	0.400289	0.912738	0.081725
34162	9.638996	1.800293	4.067283	-0.568404	1.745590	0.172302	-0.084046	-0.071206	0.993915	0.910883	-0.409904	0.047658	0.404015	0.909345	0.099311
34163	8.957515	0.230060	3.132277	-0.837694	1.858032	0.157756	-0.090146	-0.088714	0.991969	0.907631	-0.417333	0.045158	0.409975	0.904413	0.118141
34164	8.338138	-0.839904	2.794108	-0.799363	1.794782	0.142761	-0.096200	-0.105473	0.989758	0.904487	-0.424359	0.042691	0.415510	0.899330	0.136222
34165	7.753241	-1.077939	1.940171	-0.645362	1.649187	0.119957	-0.101976	-0.120787	0.987427	0.901932	-0.429970	0.040550	0.419666	0.894727	0.152788
34166	10.391827	-1.054625	0.171826	-0.550508	1.416805	0.129050	-0.106723	-0.133963	0.985223	0.899770	-0.434674	0.038363	0.423111	0.890569	0.166926
