// General information: 
//  MT Manager version: 2022.2.0 
//  XDA version: 2022.2.0 build 7381 rev 124627 built on 2023-07-19
// Device information: 
//  DeviceId: 00B4CB9F
//  ProductCode: MTW2-3A7G6
//  Firmware Version: 4.6.0
//  Hardware Version: 2.0.0
// Device settings: 
//  Filter Profile: human(46.1)
//  Option Flags: Orientation Smoother Disabled, Position/Velocity Smoother Disabled, Continuous Zero Rotation Update Disabled, AHS Disabled, ICC Disabled
// Coordinate system: ENU
PacketCounter	Acc_X	Acc_Y	Acc_Z	Gyr_X	Gyr_Y	Gyr_Z	Mat[1][1]	Mat[2][1]	Mat[3][1]	Mat[1][2]	Mat[2][2]	Mat[3][2]	Mat[1][3]	Mat[2][3]	Mat[3][3]
55848	9.773233	-2.536583	-1.194496	-0.504775	-0.125245	0.122636	0.051521	-0.156379	0.986352	0.438523	-0.883810	-0.163027	0.897242	0.440937	0.023041
55849	9.726141	-2.804543	-1.343719	-0.425458	-0.152890	0.112134	0.053440	-0.156714	0.986197	0.434674	-0.885481	-0.164263	0.899001	0.437452	0.020799
55850	9.918024	-2.962477	-1.310469	-0.308902	-0.177481	0.113570	0.055600	-0.156957	0.986039	0.431867	-0.886626	-0.165484	0.900222	0.435039	0.018488
55851	9.596680	-3.170217	-1.343585	-0.174317	-0.209466	0.111065	0.058023	-0.157046	0.985885	0.430265	-0.887187	-0.166647	0.900836	0.433861	0.016095
55852	9.914859	-2.980803	-1.231100	-0.042972	-0.238743	0.115281	0.060740	-0.157044	0.985722	0.429844	-0.887168	-0.167830	0.900858	0.433900	0.013618
55853	9.705857	-2.643580	-1.147403	0.072061	-0.243338	0.109976	0.063463	-0.156977	0.985561	0.430456	-0.886660	-0.168943	0.900378	0.434962	0.011302
55854	9.376509	-2.224599	-0.842482	0.194989	-0.257394	0.082920	0.066207	-0.156601	0.985440	0.432191	-0.885655	-0.169781	0.899348	0.437139	0.009044
55855	9.815119	-2.046192	-0.303619	0.294170	-0.251141	0.058378	0.068776	-0.156030	0.985355	0.434827	-0.884251	-0.170371	0.897884	0.440176	0.007031
55856	9.737479	-2.217649	-0.000875	0.317713	-0.230878	0.061592	0.071187	-0.155565	0.985257	0.437667	-0.882727	-0.170999	0.896315	0.443388	0.005247
55857	9.685999	-2.376750	0.134240	0.321169	-0.228957	0.079389	0.073645	-0.155261	0.985125	0.440517	-0.881151	-0.171806	0.894718	0.446617	0.003502
55858	9.672572	-2.320186	0.280551	0.321041	-0.205143	0.093897	0.075965	-0.155178	0.984961	0.443350	-0.879542	-0.172763	0.893124	0.449807	0.001984
55859	9.627205	-2.072583	0.124065	0.314713	-0.190533	0.090247	0.078126	-0.155125	0.984801	0.446120	-0.877958	-0.173687	0.891556	0.452909	0.000613
55860	9.819657	-1.652406	0.231202	0.291533	-0.165671	0.068761	0.079980	-0.154985	0.984674	0.448696	-0.876502	-0.174405	0.890098	0.455768	-0.000562
55861	9.727685	-1.387898	0.366286	0.227398	-0.119285	0.020377	0.081193	-0.154632	0.984630	0.450734	-0.875407	-0.174647	0.888958	0.457986	-0.001379
55862	9.459217	-1.352261	0.533188	0.172831	-0.080623	-0.023233	0.081875	-0.154068	0.984662	0.452321	-0.874625	-0.174462	0.888089	0.459667	-0.001922
55863	9.572778	-1.452098	0.899083	0.157651	-0.049334	-0.052116	0.082136	-0.153399	0.984745	0.453794	-0.873955	-0.173991	0.887313	0.461163	-0.002172
55864	9.733173	-1.847844	1.435042	0.156423	-0.004227	-0.062020	0.081963	-0.152846	0.984845	0.455265	-0.873303	-0.173424	0.886575	0.462580	-0.001993
55865	9.890476	-2.478860	1.982594	0.173915	0.038694	-0.038217	0.081505	-0.152705	0.984905	0.456869	-0.872531	-0.173090	0.885792	0.464080	-0.001349
55866	9.907461	-2.667345	2.283472	0.214270	0.078676	0.005589	0.080905	-0.153129	0.984889	0.458794	-0.871501	-0.173187	0.884852	0.465872	-0.000254
55867	9.967409	-2.641257	2.840492	0.257331	0.134908	0.032404	0.079920	-0.154054	0.984825	0.461074	-0.870226	-0.173544	0.883755	0.467947	0.001482
55868	9.845685	-2.889551	3.096145	0.271313	0.203466	0.070613	0.078520	-0.155631	0.984690	0.463447	-0.868818	-0.174273	0.882639	0.470036	0.003907
55869	9.667265	-2.556541	2.195029	0.223291	0.235262	0.091021	0.076925	-0.157543	0.984511	0.465378	-0.867600	-0.175197	0.881763	0.471647	0.006577
55870	9.422248	-1.126258	1.012502	0.089887	0.225488	0.064124	0.075307	-0.159171	0.984375	0.466154	-0.867048	-0.175862	0.881492	0.472114	0.008903
55871	9.024146	-0.238819	0.238929	-0.107475	0.234556	-0.019510	0.073206	-0.160122	0.984379	0.465253	-0.867561	-0.175720	0.882145	0.470849	0.010987
55872	8.806608	0.095549	-0.616094	-0.348084	0.248233	-0.109911	0.070575	-0.160340	0.984535	0.462291	-0.869345	-0.174719	0.883915	0.467473	0.012770
55873	8.864985	-0.101540	-1.403994	-0.571118	0.198854	-0.185562	0.068019	-0.159663	0.984825	0.457396	-0.872272	-0.173006	0.886658	0.462223	0.013698
55874	9.335557	-0.933942	-1.646444	-0.693127	0.146600	-0.228172	0.065751	-0.158351	0.985191	0.451425	-0.875792	-0.170895	0.889884	0.455976	0.013900
55875	9.761748	-2.258661	-1.701503	-0.685257	0.108357	-0.218653	0.063862	-0.156937	0.985542	0.445489	-0.879216	-0.168873	0.893007	0.449833	0.013766
55876	10.047995	-3.318512	-1.690524	-0.574826	0.067084	-0.169662	0.062581	-0.155754	0.985812	0.440490	-0.882028	-0.167319	0.895574	0.444711	0.013410
55877	10.298269	-3.683978	-1.582190	-0.402896	0.015448	-0.123645	0.061959	-0.154745	0.986010	0.436987	-0.883981	-0.166192	0.897331	0.441171	0.012852
55878	10.219192	-3.294176	-1.506462	-0.230264	-0.017419	-0.103044	0.061737	-0.153768	0.986176	0.435017	-0.885129	-0.165245	0.898303	0.439206	0.012247
55879	10.058144	-2.603334	-1.311719	-0.094141	-0.043450	-0.105651	0.061727	-0.152658	0.986349	0.434270	-0.885681	-0.164255	0.898665	0.438481	0.011624
55880	9.952107	-1.896126	-1.210198	-0.035731	-0.066554	-0.119007	0.061879	-0.151323	0.986546	0.434056	-0.885994	-0.163125	0.898758	0.438310	0.010858
55881	9.599858	-1.407421	-1.100931	-0.039306	-0.086069	-0.129330	0.062152	-0.149816	0.986759	0.433816	-0.886337	-0.161893	0.898855	0.438134	0.009905
55882	9.851812	-1.162980	-0.957227	-0.044527	-0.126822	-0.128869	0.062804	-0.148129	0.986972	0.433531	-0.886700	-0.160666	0.898948	0.437973	0.008530
55883	9.675796	-1.012203	-0.797895	-0.059236	-0.133980	-0.126653	0.063520	-0.146434	0.987179	0.433111	-0.887123	-0.159461	0.899100	0.437687	0.007073
55884	9.372638	-0.988749	-0.675335	-0.070522	-0.152736	-0.117036	0.064457	-0.144739	0.987368	0.432586	-0.887578	-0.158351	0.899286	0.437328	0.005401
55885	9.751254	-0.839517	-0.192517	-0.068101	-0.161383	-0.106527	0.065509	-0.143103	0.987537	0.432075	-0.888006	-0.157342	0.899455	0.436998	0.003659
55886	9.548151	-0.956720	-0.101392	-0.076332	-0.147303	-0.102055	0.066464	-0.141564	0.987695	0.431490	-0.888461	-0.156377	0.899666	0.436574	0.002033
55887	9.748682	-0.949838	0.049552	-0.070843	-0.145309	-0.084650	0.067466	-0.140193	0.987823	0.430942	-0.888866	-0.155582	0.899854	0.436191	0.000446
55888	9.579491	-1.077999	0.185134	-0.072443	-0.133855	-0.068438	0.068447	-0.139013	0.987922	0.430370	-0.889254	-0.154946	0.900054	0.435778	-0.001040
55889	9.547913	-1.164005	0.278716	-0.064584	-0.127335	-0.051497	0.069432	-0.138015	0.987993	0.429856	-0.889584	-0.154477	0.900224	0.435421	-0.002439
55890	9.477928	-1.185445	0.345044	-0.063109	-0.116401	-0.055045	0.070314	-0.137030	0.988068	0.429360	-0.889911	-0.153972	0.900392	0.435064	-0.003738
55891	9.601497	-1.095234	0.533485	-0.069077	-0.096712	-0.057447	0.070999	-0.136113	0.988146	0.428811	-0.890268	-0.153441	0.900600	0.434622	-0.004841
55892	9.684838	-1.140343	0.717462	-0.095285	-0.065030	-0.080395	0.071311	-0.135126	0.988259	0.428043	-0.890768	-0.152683	0.900940	0.433906	-0.005681
55893	9.662292	-1.294656	0.771282	-0.124193	-0.032775	-0.094979	0.071260	-0.134153	0.988395	0.427024	-0.891412	-0.151777	0.901428	0.432884	-0.006235
55894	9.705153	-1.363552	0.763135	-0.149621	-0.007003	-0.105880	0.070942	-0.133190	0.988548	0.425784	-0.892177	-0.150762	0.902040	0.431603	-0.006583
55895	9.721630	-1.356832	0.819502	-0.163496	0.021075	-0.120578	0.070299	-0.132221	0.988724	0.424425	-0.893019	-0.149599	0.902730	0.430156	-0.006660
55896	9.739893	-1.327980	0.796506	-0.180276	0.047290	-0.127246	0.069403	-0.131299	0.988910	0.422920	-0.893938	-0.148370	0.903505	0.428527	-0.006513
55897	9.611335	-1.365444	0.696060	-0.201418	0.060606	-0.122495	0.068397	-0.130478	0.989089	0.421215	-0.894938	-0.147186	0.904378	0.426687	-0.006252
55898	9.607617	-1.444529	0.602436	-0.221374	0.062916	-0.113596	0.067421	-0.129741	0.989253	0.419323	-0.896005	-0.146090	0.905330	0.424666	-0.006007
55899	9.637760	-1.487481	0.460208	-0.220245	0.052397	-0.100504	0.066585	-0.129078	0.989396	0.417428	-0.897047	-0.145122	0.906267	0.422664	-0.005849
55900	9.681181	-1.511700	0.367107	-0.201019	0.058850	-0.087530	0.065757	-0.128553	0.989520	0.415697	-0.897985	-0.144286	0.907123	0.420828	-0.005610
55901	9.705416	-1.498220	0.240358	-0.183512	0.052996	-0.078005	0.065011	-0.128092	0.989629	0.414115	-0.898835	-0.143544	0.907900	0.419152	-0.005390
55902	9.747209	-1.500127	0.138931	-0.169284	0.050240	-0.077425	0.064306	-0.127618	0.989737	0.412661	-0.899620	-0.142810	0.908612	0.417610	-0.005187
55903	9.795405	-1.391133	0.053962	-0.148828	0.055578	-0.076500	0.063544	-0.127179	0.989842	0.411390	-0.900317	-0.142086	0.909242	0.416240	-0.004890
55904	9.791288	-1.315224	0.033211	-0.125990	0.069550	-0.073006	0.062682	-0.126823	0.989943	0.410324	-0.900911	-0.141398	0.909783	0.415061	-0.004432
55905	9.813554	-1.323886	-0.008968	-0.118200	0.076564	-0.071582	0.061750	-0.126513	0.990041	0.409325	-0.901471	-0.140725	0.910296	0.413939	-0.003881
55906	9.886534	-1.356685	0.017658	-0.113975	0.085406	-0.061043	0.060793	-0.126328	0.990124	0.408359	-0.901997	-0.140158	0.910795	0.412847	-0.003248
55907	9.616739	-1.376938	-0.062891	-0.118485	0.098826	-0.058554	0.059713	-0.126225	0.990203	0.407348	-0.902538	-0.139614	0.911319	0.411694	-0.002476
55908	9.682143	-1.365030	0.021095	-0.114444	0.081049	-0.052706	0.058830	-0.126095	0.990272	0.406370	-0.903054	-0.139131	0.911813	0.410602	-0.001885
55909	9.672412	-1.222178	-0.021847	-0.115928	0.080302	-0.056691	0.057926	-0.125930	0.990346	0.405379	-0.903580	-0.138608	0.912312	0.409494	-0.001291
55910	9.716729	-1.148123	0.019931	-0.126871	0.083783	-0.070716	0.056946	-0.125647	0.990439	0.404296	-0.904165	-0.137947	0.912854	0.408286	-0.000690
55911	9.709641	-1.193906	-0.047639	-0.143888	0.082110	-0.075582	0.055949	-0.125316	0.990538	0.403057	-0.904826	-0.137238	0.913463	0.406922	-0.000115
55912	9.702237	-1.204670	-0.164893	-0.159791	0.071136	-0.073665	0.055073	-0.124952	0.990633	0.401673	-0.905546	-0.136550	0.914126	0.405431	0.000318
55913	9.730317	-1.281247	-0.183917	-0.162490	0.061719	-0.074080	0.054270	-0.124548	0.990728	0.400260	-0.906275	-0.135857	0.914793	0.403922	0.000668
55914	9.721462	-1.447618	-0.305934	-0.167527	0.034483	-0.076468	0.053720	-0.124008	0.990826	0.398803	-0.907024	-0.135141	0.915462	0.402404	0.000730
55915	9.755772	-1.627909	-0.256739	-0.158646	0.022997	-0.067552	0.053299	-0.123505	0.990912	0.397419	-0.907725	-0.134513	0.916088	0.400977	0.000703
55916	9.803868	-1.779126	-0.199712	-0.131195	0.008147	-0.055537	0.053074	-0.123047	0.990981	0.396281	-0.908297	-0.134005	0.916594	0.399819	0.000555
55917	9.782917	-1.759393	-0.153549	-0.088880	-0.001980	-0.041476	0.052987	-0.122681	0.991031	0.395522	-0.908683	-0.133634	0.916927	0.399055	0.000375
55918	9.777474	-1.589321	-0.046795	-0.056349	0.000639	-0.035725	0.052910	-0.122373	0.991073	0.395059	-0.908930	-0.133321	0.917131	0.398586	0.000253
55919	9.695923	-1.334275	0.024565	-0.038772	-0.004323	-0.041551	0.052844	-0.121997	0.991123	0.394758	-0.909115	-0.132950	0.917264	0.398280	0.000118
55920	9.689678	-1.128680	0.083381	-0.041688	-0.005683	-0.049380	0.052772	-0.121539	0.991183	0.394437	-0.909320	-0.132502	0.917406	0.397951	-0.000047
55921	9.645980	-1.059252	0.129419	-0.060474	-0.008784	-0.055848	0.052691	-0.121015	0.991251	0.393945	-0.909608	-0.131988	0.917623	0.397453	-0.000255
55922	9.639814	-1.141163	0.101275	-0.079186	-0.013041	-0.055737	0.052662	-0.120471	0.991319	0.393282	-0.909969	-0.131477	0.917908	0.396792	-0.000541
55923	9.618829	-1.265553	0.103530	-0.075111	-0.016333	-0.054012	0.052658	-0.119933	0.991385	0.392654	-0.910311	-0.130981	0.918177	0.396169	-0.000843
55924	9.704642	-1.425411	0.127452	-0.058876	-0.019042	-0.054144	0.052691	-0.119379	0.991450	0.392177	-0.910588	-0.130485	0.918379	0.395699	-0.001162
55925	9.748600	-1.496854	0.117975	-0.034632	-0.017384	-0.048618	0.052719	-0.118886	0.991507	0.391918	-0.910763	-0.130043	0.918489	0.395445	-0.001421
55926	9.734828	-1.425985	0.239259	0.000698	-0.006971	-0.045134	0.052676	-0.118462	0.991560	0.391983	-0.910793	-0.129636	0.918463	0.395504	-0.001542
55927	9.736974	-1.300358	0.290477	0.022880	0.001275	-0.048699	0.052532	-0.118042	0.991618	0.392252	-0.910740	-0.129194	0.918357	0.395751	-0.001541
55928	9.733924	-1.140428	0.367094	0.015400	0.004084	-0.053316	0.052356	-0.117587	0.991681	0.392456	-0.910721	-0.128707	0.918279	0.395930	-0.001534
55929	9.726256	-1.090202	0.425269	-0.008004	0.010295	-0.060167	0.052084	-0.117099	0.991754	0.392447	-0.910803	-0.128151	0.918299	0.395886	-0.001483
55930	9.673777	-1.193394	0.347950	-0.023733	0.020123	-0.059048	0.051737	-0.116655	0.991824	0.392295	-0.910945	-0.127606	0.918383	0.395690	-0.001367
55931	9.620229	-1.309113	0.311349	-0.030576	0.019725	-0.055453	0.051397	-0.116246	0.991890	0.392076	-0.911111	-0.127096	0.918496	0.395429	-0.001251
55932	9.705036	-1.397960	0.242269	-0.033028	0.012766	-0.055439	0.051133	-0.115806	0.991955	0.391836	-0.911285	-0.126587	0.918613	0.395157	-0.001220
55933	9.681147	-1.428586	0.142827	-0.036592	0.009911	-0.058650	0.050871	-0.115330	0.992024	0.391563	-0.911477	-0.126045	0.918744	0.394852	-0.001209
55934	9.634226	-1.457053	0.131250	-0.039919	0.004260	-0.057925	0.050675	-0.114833	0.992091	0.391261	-0.911681	-0.125511	0.918884	0.394527	-0.001270
55935	9.652965	-1.419329	0.067197	-0.038034	-0.004071	-0.065092	0.050516	-0.114243	0.992168	0.390978	-0.911886	-0.124905	0.919013	0.394225	-0.001399
55936	9.718300	-1.359073	0.055159	-0.033368	-0.000668	-0.071594	0.050313	-0.113602	0.992252	0.390742	-0.912078	-0.124236	0.919124	0.393965	-0.001500
55937	9.780211	-1.335010	0.164800	-0.027823	0.001426	-0.078817	0.050051	-0.112907	0.992344	0.390559	-0.912257	-0.123494	0.919216	0.393750	-0.001562
55938	9.758313	-1.277746	0.164542	-0.031762	0.007044	-0.080279	0.049743	-0.112218	0.992438	0.390343	-0.912452	-0.122738	0.919325	0.393496	-0.001584
55939	9.752934	-1.201032	0.141356	-0.040705	0.004448	-0.075970	0.049464	-0.111561	0.992526	0.390039	-0.912677	-0.122024	0.919469	0.393160	-0.001631
55940	9.729710	-1.156396	0.181324	-0.044267	0.001572	-0.079213	0.049211	-0.110859	0.992617	0.389707	-0.912919	-0.121278	0.919623	0.392798	-0.001723
55941	9.714068	-1.120818	0.115457	-0.050948	0.003528	-0.075286	0.048944	-0.110204	0.992703	0.389308	-0.913182	-0.120571	0.919806	0.392369	-0.001791
55942	9.985494	-1.071374	0.164611	-0.055475	-0.005623	-0.074579	0.048775	-0.109516	0.992788	0.388870	-0.913461	-0.119871	0.920001	0.391912	-0.001967
55943	9.472836	-1.123579	0.132120	-0.081080	0.015570	-0.075281	0.048398	-0.108909	0.992873	0.388194	-0.913841	-0.119162	0.920306	0.391194	-0.001951
55944	9.676825	-1.117820	0.225395	-0.082618	-0.005493	-0.069217	0.048250	-0.108269	0.992950	0.387502	-0.914219	-0.118515	0.920605	0.390488	-0.002157
55945	9.675506	-1.135880	0.304692	-0.090704	-0.004761	-0.078594	0.048048	-0.107552	0.993038	0.386738	-0.914638	-0.117773	0.920937	0.389704	-0.002353
55946	9.614635	-1.206281	0.322170	-0.095615	0.002631	-0.070031	0.047824	-0.106936	0.993115	0.385926	-0.915065	-0.117116	0.921289	0.388870	-0.002492
55947	9.625610	-1.279330	0.310964	-0.101275	-0.006494	-0.075669	0.047650	-0.106238	0.993198	0.385062	-0.915520	-0.116403	0.921660	0.387990	-0.002716
55948	9.665568	-1.362636	0.414840	-0.095336	-0.004784	-0.078627	0.047462	-0.105515	0.993284	0.384256	-0.915953	-0.115661	0.922006	0.387165	-0.002928
55949	9.670025	-1.365493	0.380620	-0.085059	-0.000352	-0.085713	0.047194	-0.104748	0.993378	0.383546	-0.916353	-0.114848	0.922315	0.386426	-0.003071
55950	9.695638	-1.394072	0.338801	-0.079750	-0.004164	-0.087053	0.046969	-0.103949	0.993473	0.382887	-0.916732	-0.114022	0.922600	0.385743	-0.003257
55951	9.824683	-1.325092	0.404183	-0.072452	-0.000596	-0.092691	0.046678	-0.103117	0.993573	0.382295	-0.917088	-0.113139	0.922861	0.385119	-0.003387
55952	9.622697	-1.315932	0.309697	-0.058528	0.001546	-0.092925	0.046379	-0.102286	0.993673	0.381834	-0.917389	-0.112255	0.923067	0.384624	-0.003491
55953	9.699614	-1.234706	0.348747	-0.055250	0.003149	-0.096760	0.046039	-0.101431	0.993777	0.381402	-0.917680	-0.111333	0.923262	0.384154	-0.003563
55954	9.814954	-1.146371	0.317112	-0.061476	0.004136	-0.097907	0.045697	-0.100564	0.993881	0.380915	-0.917996	-0.110399	0.923480	0.383629	-0.003644
55955	9.911840	-1.103463	0.389185	-0.070061	0.009761	-0.099227	0.045288	-0.099710	0.993985	0.380347	-0.918345	-0.109452	0.923734	0.383016	-0.003665
55956	10.031589	-1.255505	0.489281	-0.067966	0.023535	-0.100145	0.044760	-0.098896	0.994091	0.379799	-0.918684	-0.108495	0.923985	0.382411	-0.003559
55957	9.714557	-1.533808	0.584455	-0.044890	0.037718	-0.091445	0.044122	-0.098221	0.994186	0.379459	-0.918927	-0.107626	0.924156	0.382002	-0.003274
55958	9.945628	-1.840920	0.892886	0.013160	0.054080	-0.082626	0.043378	-0.097684	0.994272	0.379653	-0.918938	-0.106846	0.924112	0.382113	-0.002776
55959	10.148897	-1.893396	1.124633	0.084596	0.117167	-0.079217	0.042053	-0.097425	0.994354	0.380502	-0.918673	-0.106102	0.923823	0.382816	-0.001562
55960	9.626917	-1.907248	1.163473	0.194610	0.129561	-0.071505	0.040653	-0.097281	0.994426	0.382364	-0.917977	-0.105434	0.923117	0.384520	-0.000122
55961	9.416044	-1.599425	1.136825	0.257647	0.152388	-0.071523	0.039031	-0.097234	0.994496	0.384804	-0.917033	-0.104762	0.922173	0.386775	0.001623
55962	9.290139	-1.347488	0.990854	0.278426	0.142097	-0.068890	0.037525	-0.097169	0.994560	0.387433	-0.916000	-0.104111	0.921134	0.389232	0.003273
55963	9.509583	-1.255582	0.950938	0.265896	0.136276	-0.068290	0.036063	-0.097097	0.994621	0.389940	-0.915009	-0.103463	0.920134	0.391574	0.004864
55964	9.679543	-1.419802	0.859820	0.233487	0.130568	-0.061465	0.034692	-0.097062	0.994674	0.392145	-0.914132	-0.102880	0.919249	0.393626	0.006349
55965	9.943496	-1.612407	0.734318	0.220232	0.128525	-0.059638	0.033334	-0.097045	0.994722	0.394224	-0.913302	-0.102312	0.918410	0.395553	0.007814
55966	10.131576	-1.790569	0.907895	0.221035	0.145640	-0.048183	0.031877	-0.097197	0.994755	0.396304	-0.912452	-0.101855	0.917566	0.397472	0.009434
55967	10.171041	-2.052838	1.114386	0.261021	0.179078	-0.041381	0.030127	-0.097555	0.994774	0.398746	-0.911432	-0.101458	0.916566	0.399719	0.011441
55968	10.437617	-2.237043	1.403285	0.349591	0.228791	-0.026121	0.027998	-0.098249	0.994768	0.401992	-0.910034	-0.101194	0.915215	0.402721	0.014017
55969	9.987805	-2.313471	1.486783	0.456762	0.311620	-0.018440	0.025131	-0.099364	0.994734	0.406208	-0.908184	-0.100981	0.913435	0.406607	0.017539
55970	9.984011	-2.048017	1.518448	0.587283	0.376877	-0.020524	0.021680	-0.100733	0.994677	0.411607	-0.905781	-0.100701	0.911104	0.411599	0.021825
55971	9.931492	-1.391394	1.486274	0.692494	0.439644	-0.052096	0.017522	-0.102105	0.994619	0.417952	-0.902942	-0.100056	0.908300	0.417457	0.026854
55972	10.007640	-0.677532	1.488200	0.755643	0.509475	-0.088675	0.012599	-0.103461	0.994554	0.424854	-0.899834	-0.098990	0.905174	0.423787	0.032619
55973	10.138265	-0.258723	1.717799	0.758179	0.569287	-0.136198	0.006929	-0.104688	0.994481	0.431753	-0.896717	-0.097405	0.901965	0.430045	0.038986
55974	10.249319	-0.162256	2.053603	0.739960	0.643264	-0.171209	0.000463	-0.105953	0.994371	0.438458	-0.893671	-0.095427	0.898751	0.436035	0.046042
55975	10.254045	-0.228782	2.259376	0.740703	0.697329	-0.215404	-0.006687	-0.107111	0.994225	0.445133	-0.890627	-0.092956	0.895440	0.441940	0.053634
55976	10.605257	-0.159628	2.630005	0.758303	0.740466	-0.248031	-0.014346	-0.108211	0.994024	0.451920	-0.887497	-0.090092	0.891943	0.447927	0.061635
55977	10.078984	-0.273758	2.894969	0.741234	0.790321	-0.277812	-0.022589	-0.109330	0.993749	0.458503	-0.884436	-0.086882	0.888406	0.453674	0.070107
55978	9.963270	-0.446246	3.162939	0.723651	0.759328	-0.284300	-0.030563	-0.110296	0.993429	0.464881	-0.881422	-0.083558	0.884846	0.459272	0.078214
55979	9.511800	-0.514915	3.434026	0.684186	0.725600	-0.289959	-0.038272	-0.111113	0.993071	0.470858	-0.878560	-0.080154	0.881378	0.464528	0.085943
55980	9.892698	-0.480346	3.671298	0.632451	0.679139	-0.307563	-0.045632	-0.111595	0.992706	0.476331	-0.875926	-0.076572	0.878081	0.469362	0.093126
55981	10.212844	-0.488924	3.881927	0.515596	0.702837	-0.333501	-0.053335	-0.112006	0.992275	0.480722	-0.873846	-0.072799	0.875250	0.473125	0.100450
55982	10.149176	-0.576323	3.895787	0.402589	0.737242	-0.362944	-0.061458	-0.112343	0.991767	0.484070	-0.872319	-0.068816	0.872868	0.475855	0.107993
55983	9.881507	-0.430934	3.702900	0.369802	0.766253	-0.418043	-0.070114	-0.112371	0.991190	0.487055	-0.871002	-0.064293	0.870553	0.478256	0.115800
55984	9.761819	-0.124059	3.411880	0.357141	0.766497	-0.474823	-0.079026	-0.111921	0.990570	0.489844	-0.869798	-0.059197	0.868221	0.480546	0.123560
55985	10.111008	0.387484	2.870686	0.326970	0.750177	-0.505120	-0.087958	-0.111158	0.989903	0.492293	-0.868764	-0.053813	0.865974	0.482589	0.131138
55986	10.174765	1.066049	2.569886	0.271243	0.772105	-0.526794	-0.097164	-0.110324	0.989135	0.494191	-0.868013	-0.048269	0.863907	0.484131	0.138860
55987	10.177464	1.245951	2.264621	0.222166	0.739938	-0.575080	-0.106343	-0.108935	0.988344	0.495559	-0.867544	-0.042300	0.862040	0.485284	0.146241
55988	10.334776	1.437048	1.720853	0.177424	0.722063	-0.597673	-0.115455	-0.107265	0.987504	0.496463	-0.867304	-0.036164	0.860345	0.486084	0.153388
55989	10.117562	1.629855	1.102277	0.091721	0.689189	-0.626540	-0.124439	-0.105196	0.986635	0.496536	-0.867502	-0.029868	0.859050	0.486183	0.160185
55990	10.180293	1.787902	0.678336	-0.018810	0.672399	-0.646638	-0.133350	-0.102857	0.985717	0.495581	-0.868242	-0.023556	0.858264	0.485362	0.166754
55991	10.249555	1.809130	0.142142	-0.134186	0.654774	-0.660016	-0.142182	-0.100309	0.984745	0.493556	-0.869542	-0.017312	0.858013	0.483565	0.173141
55992	10.081021	1.808329	-0.323223	-0.233183	0.657037	-0.647676	-0.150937	-0.097847	0.983689	0.490646	-0.871284	-0.011382	0.858187	0.480925	0.179517
55993	10.559804	2.145144	-0.765927	-0.340853	0.644901	-0.563561	-0.159177	-0.096034	0.982568	0.486881	-0.873444	-0.006493	0.858842	0.477360	0.185789
55994	10.039279	2.181461	-1.036551	-0.501840	0.670750	-0.454212	-0.167072	-0.095254	0.981333	0.481869	-0.876238	-0.003015	0.860168	0.472370	0.192294
55995	9.429214	1.567143	-1.082853	-0.669653	0.654847	-0.358194	-0.174375	-0.095193	0.980067	0.475525	-0.879702	-0.000839	0.862247	0.465900	0.198664
55996	8.916103	0.562910	-1.048491	-0.764451	0.638427	-0.239885	-0.180950	-0.096039	0.978792	0.468540	-0.883442	-0.000064	0.864712	0.458591	0.204857
55997	8.508194	-0.722737	-0.945809	-0.761305	0.615548	-0.144551	-0.186900	-0.097572	0.977521	0.461717	-0.887027	-0.000260	0.867113	0.451290	0.210836
55998	8.274600	-2.042597	-0.734241	-0.621123	0.587757	-0.069316	-0.192250	-0.099601	0.976278	0.456237	-0.889858	-0.000941	0.868843	0.445234	0.216517
55999	8.288651	-3.141472	-0.518244	-0.358763	0.552261	-0.017742	-0.197078	-0.101905	0.975077	0.453121	-0.891448	-0.001582	0.869391	0.441516	0.221860
56000	8.318549	-3.953365	-0.435073	-0.018694	0.516608	0.009843	-0.201453	-0.104283	0.973931	0.453022	-0.891498	-0.001751	0.868440	0.440859	0.226837
56001	8.154384	-4.224586	-0.282123	0.369317	0.479533	0.020481	-0.205464	-0.106601	0.972842	0.456304	-0.889823	-0.001133	0.865778	0.443679	0.231469
56002	7.995919	-4.068535	-0.071812	0.758498	0.438193	0.015622	-0.209106	-0.108708	0.971832	0.462930	-0.886395	0.000456	0.861377	0.449986	0.235675
56003	7.971773	-3.547472	0.186774	1.091218	0.401809	-0.000682	-0.212503	-0.110544	0.970888	0.472336	-0.881413	0.003026	0.855419	0.459229	0.239516
56004	8.054988	-2.805851	0.573055	1.335115	0.367372	-0.006958	-0.215596	-0.112200	0.970015	0.483738	-0.875190	0.006284	0.848243	0.470588	0.242962
56005	8.318355	-2.016100	0.921659	1.485661	0.337661	-0.012301	-0.218449	-0.113717	0.969200	0.496295	-0.868096	0.010006	0.840221	0.483195	0.246072
56006	8.542250	-1.272517	1.362216	1.546396	0.313727	0.016212	-0.220920	-0.115401	0.968440	0.509302	-0.860480	0.013646	0.831749	0.496243	0.248871
56007	8.619691	-0.599992	1.965468	1.542891	0.288746	0.027124	-0.223112	-0.117098	0.967734	0.522171	-0.852667	0.017212	0.823140	0.509163	0.251385
56008	8.791881	0.303064	2.705996	1.492570	0.241862	0.065214	-0.224678	-0.118903	0.967152	0.534582	-0.844872	0.020318	0.814703	0.521587	0.253387
56009	9.125714	1.948232	3.365493	1.377172	0.126929	0.171274	-0.224723	-0.121024	0.966878	0.546175	-0.837379	0.022128	0.806965	0.533057	0.254278
56010	8.154474	3.262344	3.950675	1.063167	-0.008539	0.257845	-0.223164	-0.123132	0.966973	0.555343	-0.831322	0.022307	0.801119	0.541980	0.253902
56011	7.423108	3.987031	4.305317	0.658332	-0.216086	0.206124	-0.220228	-0.123673	0.967577	0.561103	-0.827455	0.021948	0.797912	0.547744	0.251623
56012	8.130088	5.228285	4.736220	0.249528	-0.358620	0.165343	-0.216368	-0.123073	0.968523	0.563496	-0.825854	0.020941	0.797281	0.550290	0.248040
56013	8.834205	5.930665	5.080790	-0.196792	-0.411555	0.159766	-0.212128	-0.122138	0.969579	0.562304	-0.826715	0.018882	0.799259	0.549204	0.244048
56014	8.696718	5.967911	5.402343	-0.619382	-0.382623	0.156318	-0.208116	-0.121342	0.970548	0.557710	-0.829885	0.015835	0.803522	0.544580	0.240386
56015	8.328001	5.050931	5.434931	-0.897482	-0.343968	0.116603	-0.204643	-0.120457	0.971397	0.550749	-0.834577	0.012535	0.809195	0.537561	0.237132
56016	8.111645	3.617662	5.394423	-0.972259	-0.297148	0.068061	-0.201787	-0.119444	0.972119	0.543032	-0.839657	0.009551	0.815106	0.529819	0.234294
56017	8.749508	2.016870	5.803352	-0.886844	-0.220123	0.079677	-0.199507	-0.118962	0.972649	0.535974	-0.844208	0.006684	0.820323	0.522648	0.232186
56018	9.627502	0.353183	6.631296	-0.715334	-0.108000	0.145688	-0.197771	-0.119638	0.972920	0.530422	-0.847726	0.003579	0.824341	0.516766	0.231115
56019	9.975221	-1.491534	7.141077	-0.414183	0.075597	0.288971	-0.196817	-0.122486	0.972759	0.527607	-0.849488	-0.000215	0.826374	0.513192	0.231819
56020	9.167670	-1.947732	6.180071	-0.162466	0.099281	0.489399	-0.194986	-0.127158	0.972528	0.527264	-0.849684	-0.005383	0.827026	0.511730	0.232723
56021	8.154189	-1.217724	4.950075	-0.099952	-0.124642	0.645240	-0.190503	-0.132011	0.972770	0.527715	-0.849338	-0.011915	0.827784	0.511075	0.231465
56022	7.543518	0.093598	3.868901	-0.187392	-0.398079	0.699356	-0.183444	-0.135924	0.973588	0.527511	-0.849332	-0.019182	0.829506	0.510060	0.227506
56023	7.404227	1.304746	2.207103	-0.360148	-0.645712	0.668882	-0.174507	-0.138331	0.974891	0.525749	-0.850226	-0.026531	0.832547	0.507918	0.221098
56024	8.128342	2.125373	0.378359	-0.604392	-0.839880	0.557648	-0.164504	-0.138834	0.976557	0.521690	-0.852485	-0.033315	0.837125	0.503979	0.212666
56025	11.403645	2.511164	0.436237	-0.844728	-0.874853	0.273868	-0.155688	-0.136801	0.978288	0.515065	-0.856318	-0.037776	0.842893	0.498001	0.203780
56026	14.078898	1.661160	2.368374	-0.928870	-0.483713	0.005007	-0.151501	-0.134459	0.979269	0.507259	-0.860878	-0.039726	0.848373	0.490724	0.198629
56027	13.101094	-0.833567	3.633139	-0.780971	-0.055778	-0.105083	-0.151508	-0.133290	0.979428	0.500490	-0.864805	-0.040270	0.852382	0.484093	0.197736
56028	11.346741	-2.651948	2.862781	-0.499608	-0.034555	0.077628	-0.150756	-0.133803	0.979474	0.496383	-0.867084	-0.042049	0.854913	0.479856	0.197136
56029	10.135120	-2.503618	0.276957	-0.224777	-0.373817	0.382695	-0.145612	-0.135342	0.980041	0.495060	-0.867626	-0.046263	0.856571	0.478442	0.193339
56030	10.413905	-1.452699	-1.251283	-0.108986	-0.686968	0.594801	-0.136707	-0.137223	0.981061	0.495006	-0.867312	-0.052335	0.858068	0.478476	0.186494
56031	10.109024	-1.129947	-2.056305	-0.255471	-0.778494	0.620630	-0.126901	-0.138898	0.982142	0.493662	-0.867656	-0.058921	0.860345	0.477369	0.178675
56032	11.010297	-0.447270	-2.233652	-0.540911	-0.811459	0.610286	-0.116833	-0.140347	0.983185	0.489782	-0.869351	-0.065896	0.863981	0.473847	0.170309
56033	11.149353	-0.048917	-2.030363	-0.804937	-0.795851	0.623204	-0.106855	-0.142037	0.984077	0.483538	-0.872241	-0.073391	0.868777	0.467996	0.161884
56034	10.747413	0.087531	-2.060523	-0.910774	-0.827254	0.630217	-0.096551	-0.143710	0.984899	0.476282	-0.875548	-0.081064	0.873976	0.461263	0.152981
56035	10.595727	0.284673	-1.770943	-0.904123	-0.897531	0.591612	-0.085836	-0.144801	0.985731	0.468929	-0.878815	-0.088261	0.879055	0.454662	0.143335
56036	9.890733	-0.043863	-1.189393	-0.846124	-0.912362	0.523806	-0.075286	-0.145301	0.986519	0.461932	-0.881852	-0.094633	0.883714	0.448581	0.133510
56037	9.559130	-0.243337	-0.180947	-0.803308	-0.915988	0.455925	-0.065028	-0.145258	0.987255	0.455168	-0.884750	-0.100195	0.888028	0.442851	0.123650
56038	9.405653	-0.970809	0.641930	-0.802089	-0.873046	0.388554	-0.055431	-0.144871	0.987897	0.448301	-0.887692	-0.105022	0.892162	0.437054	0.114152
56039	9.324860	-1.883598	1.337652	-0.746676	-0.810167	0.333009	-0.046653	-0.144326	0.988430	0.441827	-0.890434	-0.109163	0.895886	0.431622	0.105309
56040	9.249816	-2.621949	1.883407	-0.658722	-0.754184	0.284501	-0.038565	-0.143637	0.988879	0.436074	-0.892828	-0.112679	0.899084	0.426879	0.097068
56041	8.926595	-2.810236	2.468912	-0.516136	-0.699576	0.239194	-0.031177	-0.142815	0.989258	0.431542	-0.894661	-0.115558	0.901554	0.423304	0.089523
56042	9.168301	-2.195733	3.136671	-0.352491	-0.645791	0.207033	-0.024388	-0.141954	0.989573	0.428457	-0.895831	-0.117948	0.903233	0.421113	0.082669
56043	9.275840	-1.538093	3.679672	-0.240066	-0.546740	0.184677	-0.018605	-0.141326	0.989788	0.426359	-0.896559	-0.120000	0.904363	0.419772	0.076936
56044	9.115653	-0.678871	4.260286	-0.219030	-0.459780	0.163024	-0.013681	-0.140874	0.989933	0.424440	-0.897224	-0.121815	0.905353	0.418501	0.072067
56045	9.148226	-0.356656	4.580764	-0.303047	-0.372292	0.134611	-0.009687	-0.140544	0.990027	0.421742	-0.898281	-0.123393	0.906664	0.416340	0.067975
56046	8.931531	-0.465189	4.240994	-0.425552	-0.274263	0.143229	-0.006526	-0.140708	0.990030	0.417928	-0.899821	-0.125132	0.908457	0.412945	0.064678
56047	8.475098	-0.602971	2.891298	-0.569593	-0.264355	0.184430	-0.003306	-0.141301	0.989961	0.412787	-0.901881	-0.127350	0.910822	0.408222	0.061309
56048	8.749852	-0.699358	1.204851	-0.806001	-0.342912	0.224716	0.000812	-0.141957	0.989873	0.405472	-0.904803	-0.130090	0.914107	0.401472	0.056824
56049	9.258743	-1.333358	-0.430674	-1.056506	-0.421802	0.241820	0.005694	-0.142493	0.989779	0.395815	-0.908635	-0.133088	0.918312	0.392528	0.051227
56050	9.524129	-2.291557	-1.644498	-1.193888	-0.495032	0.267155	0.011365	-0.143023	0.989654	0.384838	-0.912858	-0.136344	0.922914	0.382406	0.044666
56051	9.415889	-3.232942	-2.373918	-1.189054	-0.566639	0.264868	0.017660	-0.143328	0.989518	0.373830	-0.916948	-0.139488	0.927329	0.372375	0.037387
56052	9.463620	-4.081889	-3.166779	-1.011148	-0.717664	0.230538	0.025249	-0.142819	0.989427	0.364423	-0.920321	-0.142144	0.930891	0.364159	0.028809
56053	10.434587	-3.485440	-3.222831	-0.766138	-0.749148	0.196450	0.032991	-0.141946	0.989325	0.357256	-0.922790	-0.144313	0.933424	0.358203	0.020267
56054	10.147598	-3.181783	-3.116243	-0.532911	-0.775026	0.138922	0.040794	-0.140485	0.989242	0.352262	-0.924473	-0.145813	0.935012	0.354421	0.011774
56055	10.531002	-2.626145	-2.524696	-0.306913	-0.802732	0.094212	0.048685	-0.138541	0.989159	0.349382	-0.925408	-0.146808	0.935715	0.352741	0.003350
56056	10.126890	-2.462911	-1.944130	-0.148351	-0.787588	0.069100	0.056365	-0.136421	0.989046	0.347993	-0.925816	-0.147531	0.935801	0.352497	-0.004710
56057	10.310307	-2.157785	-1.337564	-0.047922	-0.797383	0.070185	0.064123	-0.134280	0.988867	0.347535	-0.925872	-0.148262	0.935472	0.353172	-0.012702
56058	9.649431	-1.975657	-1.044725	-0.004777	-0.800605	0.069508	0.071921	-0.132109	0.988623	0.347478	-0.925776	-0.148990	0.934926	0.354240	-0.020677
56059	9.665296	-1.475827	-0.505286	-0.020261	-0.799337	0.060922	0.079657	-0.129861	0.988327	0.347274	-0.925749	-0.149628	0.934374	0.355139	-0.028645
56060	9.326935	-1.075618	-0.144163	-0.083020	-0.797284	0.029020	0.087274	-0.127315	0.988015	0.346509	-0.925987	-0.149930	0.933978	0.355441	-0.036699
56061	9.522574	-0.929391	0.165335	-0.189909	-0.786727	-0.005236	0.094657	-0.124496	0.987695	0.344771	-0.926650	-0.149843	0.933902	0.354712	-0.044791
56062	9.318680	-1.055502	0.327536	-0.294420	-0.758308	-0.036345	0.101684	-0.121493	0.987370	0.342091	-0.927717	-0.149383	0.934149	0.352960	-0.052772
56063	9.360423	-1.372326	0.466655	-0.393534	-0.740290	-0.049552	0.108486	-0.118454	0.987015	0.338496	-0.929142	-0.148713	0.934693	0.350234	-0.060702
56064	9.225509	-1.777799	0.422390	-0.451915	-0.723309	-0.056976	0.115126	-0.115421	0.986623	0.334367	-0.930765	-0.147903	0.935385	0.346922	-0.068562
56065	9.212025	-2.176590	0.361874	-0.468435	-0.713244	-0.067692	0.121627	-0.112352	0.986197	0.330094	-0.932441	-0.146939	0.936079	0.343409	-0.076324
56066	9.330761	-2.504774	0.428676	-0.434594	-0.681368	-0.078888	0.127817	-0.109306	0.985756	0.326156	-0.933996	-0.145857	0.936635	0.340153	-0.083730
56067	9.286749	-2.730624	0.555745	-0.361300	-0.646531	-0.093913	0.133621	-0.106263	0.985319	0.322924	-0.935304	-0.144661	0.936945	0.337513	-0.090661
56068	9.390140	-2.827994	0.747038	-0.274676	-0.605295	-0.090606	0.139069	-0.103397	0.984870	0.320506	-0.936305	-0.143555	0.936982	0.335621	-0.097072
56069	9.283327	-2.848706	1.135515	-0.195335	-0.555100	-0.085006	0.144049	-0.100767	0.984427	0.318826	-0.937029	-0.142569	0.936803	0.334398	-0.102851
56070	9.144312	-2.866542	1.458928	-0.099382	-0.528944	-0.076053	0.148829	-0.098306	0.983964	0.318038	-0.937420	-0.141760	0.936323	0.334037	-0.108250
56071	9.187094	-2.615228	1.580984	-0.040902	-0.511870	-0.058124	0.153486	-0.096078	0.983469	0.317773	-0.937596	-0.141190	0.935661	0.334191	-0.113377
56072	9.392568	-2.148424	1.384580	-0.053122	-0.523696	-0.037142	0.158334	-0.093999	0.982901	0.317366	-0.937791	-0.140809	0.934992	0.334234	-0.118653
56073	9.265850	-1.789972	0.874688	-0.138294	-0.570118	-0.018237	0.163656	-0.091952	0.982223	0.316132	-0.938253	-0.140509	0.934493	0.333507	-0.124482
56074	9.468053	-1.623816	0.472174	-0.257816	-0.611620	-0.021596	0.169370	-0.089734	0.981459	0.313790	-0.939112	-0.140013	0.934264	0.331686	-0.130900
56075	9.656426	-1.524326	0.096385	-0.374777	-0.649473	-0.029917	0.175394	-0.087337	0.980617	0.310369	-0.940360	-0.139265	0.934295	0.328779	-0.137827
56076	10.038528	-1.205972	-0.092228	-0.512573	-0.657559	-0.042285	0.181476	-0.084811	0.979731	0.305685	-0.942054	-0.138172	0.934678	0.324564	-0.145035
56077	9.777212	-1.062011	-0.558099	-0.656962	-0.657864	-0.072077	0.187458	-0.082044	0.978840	0.299704	-0.944211	-0.136538	0.935434	0.318957	-0.152411
56078	9.682165	-0.879269	-0.732737	-0.797044	-0.648227	-0.121193	0.193234	-0.078874	0.977977	0.292504	-0.946807	-0.134154	0.936537	0.311985	-0.159884
56079	9.706597	-0.950911	-1.032973	-0.916798	-0.664574	-0.183478	0.198981	-0.075118	0.977120	0.284299	-0.949756	-0.130909	0.937860	0.303843	-0.167627
56080	9.803203	-1.081300	-1.362538	-1.032022	-0.670342	-0.250999	0.204637	-0.070746	0.976278	0.275149	-0.953012	-0.126734	0.939370	0.294556	-0.175556
56081	10.034049	-1.213108	-1.315097	-1.116895	-0.649464	-0.313289	0.209944	-0.065907	0.975490	0.265324	-0.956445	-0.121723	0.941024	0.284376	-0.183313
56082	10.874095	-1.702408	-0.760133	-1.131628	-0.671601	-0.364364	0.215386	-0.060564	0.974649	0.255471	-0.959821	-0.116098	0.942520	0.274000	-0.191260
56083	11.366688	-1.997255	-0.089915	-1.076685	-0.585200	-0.369335	0.220025	-0.055472	0.973916	0.246145	-0.962919	-0.110455	0.943929	0.264028	-0.198212
56084	11.425178	-2.417146	0.720066	-0.960734	-0.467567	-0.365780	0.223622	-0.050757	0.973353	0.237911	-0.965594	-0.105011	0.945194	0.255054	-0.203852
56085	11.282547	-3.103542	1.747932	-0.845942	-0.340827	-0.331923	0.226113	-0.046727	0.972980	0.230683	-0.967867	-0.100091	0.946392	0.247081	-0.208068
56086	11.610332	-3.716738	2.627388	-0.716155	-0.209697	-0.282370	0.227521	-0.043507	0.972801	0.224570	-0.969728	-0.095892	0.947524	0.240280	-0.210863
56087	11.754954	-3.893677	3.145233	-0.614087	-0.004687	-0.220519	0.227119	-0.041393	0.972987	0.219275	-0.971268	-0.092504	0.948860	0.234361	-0.211517
56088	11.240120	-3.575285	3.243987	-0.433209	0.181918	-0.207872	0.225004	-0.039822	0.973544	0.215661	-0.972347	-0.089616	0.950191	0.230119	-0.210194
56089	10.755284	-2.710058	3.057023	-0.230232	0.340613	-0.257050	0.221254	-0.038141	0.974470	0.214072	-0.972964	-0.086688	0.951430	0.227787	-0.207107
56090	11.128926	-1.528380	2.476872	-0.095782	0.481488	-0.323696	0.216042	-0.036113	0.975716	0.213897	-0.973291	-0.083384	0.952667	0.226718	-0.202547
56091	10.498849	0.020563	0.852418	-0.067348	0.697057	-0.412691	0.208552	-0.033713	0.977430	0.214158	-0.973577	-0.079275	0.954276	0.225858	-0.195821
56092	10.309419	1.276154	-0.717166	-0.131136	0.783759	-0.506707	0.200045	-0.030571	0.979310	0.213971	-0.974024	-0.074114	0.956137	0.224370	-0.188308
56093	11.028107	1.982814	-1.439578	-0.283108	0.838209	-0.579458	0.190825	-0.026833	0.981257	0.212420	-0.974812	-0.067966	0.958365	0.221408	-0.180318
56094	10.544872	1.491736	-2.123548	-0.451849	0.871273	-0.603332	0.181257	-0.022885	0.983170	0.209238	-0.975942	-0.061292	0.960919	0.216826	-0.172107
56095	10.325276	0.183148	-2.737266	-0.587190	0.839211	-0.572026	0.172035	-0.019134	0.984905	0.204624	-0.977310	-0.054728	0.963604	0.210950	-0.164217
56096	11.143196	-1.012481	-3.026160	-0.639638	0.815376	-0.488266	0.163246	-0.016081	0.986454	0.199302	-0.978715	-0.048937	0.966245	0.204591	-0.156567
56097	10.374203	-2.023174	-3.102784	-0.589229	0.821784	-0.407095	0.154533	-0.013792	0.987891	0.194275	-0.979957	-0.044071	0.968698	0.198733	-0.148756
56098	10.717456	-2.782643	-2.730764	-0.472812	0.826168	-0.324923	0.145961	-0.012258	0.989214	0.190211	-0.980919	-0.040221	0.970832	0.194031	-0.140845
56099	10.175133	-3.634544	-2.540520	-0.310275	0.855842	-0.239056	0.137232	-0.011602	0.990471	0.187563	-0.981537	-0.037484	0.972619	0.190920	-0.132523
56100	10.954961	-4.247296	-1.912675	-0.067712	0.862471	-0.123822	0.128671	-0.012059	0.991614	0.187103	-0.981672	-0.036217	0.973877	0.190194	-0.124057
56101	10.960108	-4.362974	-1.451771	0.215505	0.982866	0.013228	0.119160	-0.014112	0.992775	0.189217	-0.981251	-0.036659	0.974678	0.192218	-0.114256
56102	10.593088	-4.160782	-0.954561	0.556657	1.063397	0.123814	0.109097	-0.017428	0.993878	0.194537	-0.980138	-0.038541	0.974809	0.197551	-0.103540
56103	10.456933	-3.376563	-0.457821	0.887771	1.139166	0.233784	0.098501	-0.022060	0.994892	0.202979	-0.978291	-0.041788	0.974216	0.206059	-0.091885
56104	10.333136	-2.107189	-0.081732	1.136099	1.203969	0.319562	0.087510	-0.027756	0.995777	0.213779	-0.975799	-0.045987	0.972954	0.216901	-0.079459
56105	10.332610	-0.740683	0.269847	1.282254	1.260404	0.341990	0.076052	-0.033943	0.996526	0.226000	-0.972824	-0.050383	0.971154	0.229046	-0.066314
56106	9.886891	0.282439	0.587012	1.348604	1.300639	0.319520	0.064244	-0.040134	0.997127	0.238894	-0.969520	-0.054414	0.968918	0.241704	-0.052698
56107	9.921218	1.125575	0.746228	1.371030	1.310468	0.279531	0.052291	-0.046132	0.997566	0.252034	-0.965986	-0.057883	0.966304	0.254448	-0.038886
56108	9.537505	1.848203	0.685028	1.268067	1.294336	0.237226	0.040480	-0.051813	0.997836	0.264198	-0.962556	-0.060699	0.963618	0.266084	-0.025276
56109	9.471992	2.346824	0.477258	1.068358	1.247009	0.181690	0.029010	-0.056976	0.997954	0.274453	-0.959550	-0.062762	0.961163	0.275713	-0.012199
56110	9.427832	2.593929	0.004429	0.824446	1.181451	0.119217	0.018066	-0.061443	0.997947	0.282379	-0.957163	-0.064043	0.959133	0.282957	0.000058
56111	9.501838	2.297636	-0.122974	0.554019	1.130091	0.064087	0.007459	-0.065316	0.997837	0.287717	-0.955528	-0.064697	0.957687	0.287577	0.011665
56112	9.993848	1.346844	-0.282043	0.332005	1.118029	0.059388	-0.003003	-0.069135	0.997603	0.290932	-0.954514	-0.065273	0.956739	0.290039	0.022980
56113	10.331843	-0.061504	-0.660427	0.239264	1.099036	0.103433	-0.013171	-0.073353	0.997219	0.293264	-0.953731	-0.066281	0.955941	0.291576	0.034073
