// General information: 
//  MT Manager version: 2022.2.0 
//  XDA version: 2022.2.0 build 7381 rev 124627 built on 2023-07-19
// Device information: 
//  DeviceId: 00B4CB9F
//  ProductCode: MTW2-3A7G6
//  Firmware Version: 4.6.0
//  Hardware Version: 2.0.0
// Device settings: 
//  Filter Profile: human(46.1)
//  Option Flags: Orientation Smoother Disabled, Position/Velocity Smoother Disabled, Continuous Zero Rotation Update Disabled, AHS Disabled, ICC Disabled
// Coordinate system: ENU
PacketCounter	Acc_X	Acc_Y	Acc_Z	Gyr_X	Gyr_Y	Gyr_Z	Mat[1][1]	Mat[2][1]	Mat[3][1]	Mat[1][2]	Mat[2][2]	Mat[3][2]	Mat[1][3]	Mat[2][3]	Mat[3][3]
56924	9.691703	0.670777	-1.265821	-0.023257	-0.007916	-0.011455	-0.021478	-0.106827	0.994046	-0.820468	0.570032	0.043532	-0.571288	-0.814648	-0.099891
56925	9.619841	0.662972	-1.217033	-0.034474	-0.030519	-0.007233	-0.021649	-0.107133	0.994009	-0.820299	0.570271	0.043598	-0.571526	-0.814440	-0.100227
56926	9.631396	0.630433	-1.268210	-0.047164	-0.040183	-0.002699	-0.021935	-0.107542	0.993959	-0.820054	0.570620	0.043642	-0.571866	-0.814142	-0.100707
56927	9.641395	0.522928	-1.193816	-0.041623	-0.039818	0.001429	-0.022230	-0.107875	0.993916	-0.819841	0.570927	0.043629	-0.572160	-0.813883	-0.101132
56928	9.663715	0.468021	-1.115713	-0.041426	-0.028151	0.006026	-0.022518	-0.108137	0.993881	-0.819626	0.571238	0.043582	-0.572456	-0.813630	-0.101495
56929	9.709473	0.382249	-0.996972	-0.041360	-0.007688	0.014393	-0.022736	-0.108133	0.993876	-0.819412	0.571557	0.043440	-0.572754	-0.813407	-0.101601
56930	9.696373	0.352256	-0.843615	-0.044672	0.010264	0.017097	-0.022895	-0.108019	0.993885	-0.819176	0.571906	0.043286	-0.573085	-0.813176	-0.101581
56931	9.702063	0.346376	-0.787610	-0.051062	0.025194	0.016893	-0.022945	-0.107734	0.993915	-0.818905	0.572306	0.043129	-0.573470	-0.812933	-0.101356
56932	9.738002	0.306438	-0.835568	-0.041620	0.033904	0.017055	-0.022968	-0.107427	0.993948	-0.818687	0.572630	0.042972	-0.573781	-0.812745	-0.101101
56933	9.757307	0.341873	-0.952574	-0.022275	0.023073	0.018359	-0.023042	-0.107150	0.993976	-0.818580	0.572797	0.042772	-0.573929	-0.812664	-0.100910
56934	9.789394	0.381097	-1.181633	0.002307	0.014773	0.020091	-0.023199	-0.106980	0.993990	-0.818613	0.572768	0.042539	-0.573876	-0.812707	-0.100863
56935	9.808304	0.329300	-1.352836	0.025574	-0.010001	0.021329	-0.023487	-0.106956	0.993986	-0.818781	0.572549	0.042261	-0.573626	-0.812864	-0.101021
56936	9.833353	0.322458	-1.556299	0.029913	-0.034929	0.021199	-0.023939	-0.107184	0.993951	-0.818971	0.572296	0.041990	-0.573335	-0.813012	-0.101481
56937	10.046669	0.383636	-1.576231	0.032341	-0.040971	0.024336	-0.024429	-0.107394	0.993916	-0.819177	0.572025	0.041674	-0.573021	-0.813175	-0.101949
56938	10.128424	0.368339	-1.501092	0.016572	-0.027991	0.020134	-0.024834	-0.107573	0.993887	-0.819291	0.571880	0.041426	-0.572840	-0.813253	-0.102336
56939	9.961155	0.403006	-1.284521	-0.000522	-0.005841	0.009635	-0.025002	-0.107582	0.993882	-0.819311	0.571861	0.041290	-0.572804	-0.813266	-0.102441
56940	9.753612	0.506988	-1.111086	-0.014898	0.009742	0.005037	-0.025067	-0.107541	0.993885	-0.819248	0.571955	0.041224	-0.572891	-0.813205	-0.102440
56941	9.610656	0.549974	-0.914880	-0.035776	0.023412	0.009823	-0.025070	-0.107311	0.993909	-0.819066	0.572223	0.041123	-0.573151	-0.813047	-0.102240
56942	9.562578	0.509509	-0.822414	-0.041299	0.031748	0.020769	-0.025137	-0.107001	0.993941	-0.818849	0.572549	0.040928	-0.573459	-0.812859	-0.102010
56943	9.519868	0.389572	-0.747737	-0.047744	0.036585	0.026312	-0.025199	-0.106569	0.993986	-0.818594	0.572931	0.040674	-0.573820	-0.812646	-0.101674
56944	9.472854	0.323943	-0.810703	-0.045711	0.041551	0.029501	-0.025280	-0.106129	0.994031	-0.818348	0.573301	0.040397	-0.574167	-0.812442	-0.101344
56945	9.574604	0.345642	-0.847037	-0.057311	0.053978	0.028869	-0.025262	-0.105541	0.994094	-0.818037	0.573764	0.040127	-0.574610	-0.812192	-0.100831
56946	9.724456	0.382052	-0.929753	-0.057218	0.062437	0.024070	-0.025179	-0.104961	0.994158	-0.817727	0.574221	0.039915	-0.575056	-0.811944	-0.100288
56947	9.773469	0.333670	-1.064210	-0.046195	0.070012	0.017203	-0.024972	-0.104310	0.994231	-0.817482	0.574581	0.039749	-0.575412	-0.811774	-0.099621
56948	9.751979	0.314490	-1.211368	-0.026676	0.060450	0.009012	-0.024777	-0.103833	0.994286	-0.817351	0.574774	0.039656	-0.575607	-0.811698	-0.099109
56949	9.706472	0.214366	-1.409129	-0.004230	0.038701	0.012358	-0.024711	-0.103464	0.994326	-0.817349	0.574787	0.039496	-0.575613	-0.811736	-0.098770
56950	9.643069	0.139156	-1.594449	0.033692	0.009490	0.014313	-0.024853	-0.103370	0.994332	-0.817564	0.574496	0.039290	-0.575301	-0.811954	-0.098789
56951	9.614493	0.085262	-1.740052	0.077419	-0.021591	0.024129	-0.025230	-0.103423	0.994317	-0.818029	0.573858	0.038933	-0.574624	-0.812398	-0.099081
56952	9.627415	0.097509	-1.875418	0.106749	-0.047114	0.035044	-0.025869	-0.103671	0.994275	-0.818657	0.572995	0.038446	-0.573700	-0.812976	-0.099694
56953	9.673490	0.142295	-1.792708	0.124527	-0.058481	0.044343	-0.026623	-0.103910	0.994230	-0.819384	0.571994	0.037840	-0.572626	-0.813650	-0.100370
56954	9.714845	0.277584	-1.713228	0.123063	-0.053881	0.049421	-0.027420	-0.104134	0.994185	-0.820099	0.571011	0.037191	-0.571564	-0.814311	-0.101057
56955	9.790596	0.385983	-1.506522	0.101996	-0.036219	0.049457	-0.028088	-0.104163	0.994164	-0.820694	0.570198	0.036555	-0.570678	-0.814877	-0.101502
56956	9.813573	0.485847	-1.304264	0.071147	-0.007848	0.044589	-0.028584	-0.104043	0.994162	-0.821111	0.569632	0.036006	-0.570053	-0.815288	-0.101713
56957	9.801211	0.551917	-1.120585	0.039687	0.021511	0.034217	-0.028798	-0.103689	0.994193	-0.821352	0.569310	0.035585	-0.569694	-0.815558	-0.101560
56958	9.746776	0.551429	-0.947093	0.007479	0.036731	0.026977	-0.028895	-0.103306	0.994230	-0.821411	0.569244	0.035276	-0.569604	-0.815652	-0.101305
56959	9.782335	0.559454	-0.879547	-0.022321	0.045907	0.022883	-0.028877	-0.102818	0.994281	-0.821303	0.569416	0.035030	-0.569761	-0.815594	-0.100888
56960	9.794327	0.511797	-0.901882	-0.045720	0.045192	0.016130	-0.028835	-0.102427	0.994322	-0.821061	0.569773	0.034883	-0.570111	-0.815394	-0.100529
56961	9.736119	0.506093	-0.958597	-0.057517	0.032068	0.010021	-0.028790	-0.102126	0.994355	-0.820756	0.570218	0.034801	-0.570553	-0.815121	-0.100237
56962	9.712924	0.449183	-1.046602	-0.057220	0.014331	0.013819	-0.028905	-0.102000	0.994364	-0.820449	0.570666	0.034688	-0.570988	-0.814823	-0.100180
56963	9.689587	0.392183	-1.136201	-0.058262	0.000715	0.014181	-0.029073	-0.101929	0.994367	-0.820138	0.571121	0.034565	-0.571427	-0.814513	-0.100200
56964	9.701495	0.358005	-1.184395	-0.055402	-0.007928	0.012490	-0.029303	-0.101992	0.994354	-0.819841	0.571552	0.034465	-0.571840	-0.814202	-0.100366
56965	9.705586	0.253556	-1.161258	-0.054785	-0.007251	0.017034	-0.029540	-0.101970	0.994349	-0.819548	0.571982	0.034310	-0.572248	-0.813903	-0.100466
56966	9.727527	0.197138	-1.080514	-0.051972	-0.003703	0.017181	-0.029785	-0.101972	0.994341	-0.819270	0.572390	0.034159	-0.572634	-0.813616	-0.100591
56967	9.695713	0.118253	-0.985141	-0.050414	0.000491	0.027118	-0.030060	-0.101829	0.994348	-0.818998	0.572794	0.033900	-0.573008	-0.813350	-0.100616
56968	9.706389	0.045236	-0.969743	-0.042287	0.011615	0.024826	-0.030280	-0.101661	0.994358	-0.818772	0.573131	0.033663	-0.573319	-0.813134	-0.100591
56969	9.764738	0.035038	-0.886336	-0.022334	0.021963	0.027784	-0.030437	-0.101340	0.994386	-0.818661	0.573306	0.033368	-0.573470	-0.813050	-0.100412
56970	9.801264	0.079692	-0.883098	-0.001029	0.029860	0.033216	-0.030621	-0.100974	0.994418	-0.818669	0.573316	0.033006	-0.573448	-0.813089	-0.100220
56971	9.879513	0.105057	-0.917676	0.028773	0.039532	0.035361	-0.030740	-0.100466	0.994465	-0.818849	0.573084	0.032585	-0.573185	-0.813315	-0.099883
56972	9.888805	0.196359	-1.027568	0.048748	0.036003	0.037430	-0.030925	-0.100026	0.994504	-0.819141	0.572692	0.032129	-0.572758	-0.813646	-0.099646
56973	9.862316	0.252467	-1.159862	0.057601	0.026769	0.034085	-0.031107	-0.099630	0.994538	-0.819486	0.572223	0.031692	-0.572255	-0.814024	-0.099445
56974	9.763946	0.300133	-1.243177	0.068883	0.014839	0.031976	-0.031368	-0.099393	0.994554	-0.819894	0.571661	0.031271	-0.571656	-0.814448	-0.099423
56975	9.706529	0.316987	-1.345879	0.065904	-0.007519	0.022514	-0.031651	-0.099342	0.994550	-0.820288	0.571112	0.030941	-0.571074	-0.814838	-0.099565
56976	9.653957	0.329772	-1.396471	0.053992	-0.027363	0.020222	-0.032057	-0.099516	0.994519	-0.820614	0.570660	0.030651	-0.570583	-0.815134	-0.099958
56977	9.688565	0.275540	-1.429370	0.040976	-0.034756	0.021006	-0.032483	-0.099696	0.994488	-0.820866	0.570313	0.030361	-0.570196	-0.815355	-0.100363
56978	9.747178	0.289959	-1.393064	0.031109	-0.035755	0.022780	-0.032960	-0.099926	0.994449	-0.821060	0.570049	0.030068	-0.569889	-0.815511	-0.100834
56979	9.775152	0.264832	-1.323777	0.013185	-0.027251	0.023893	-0.033367	-0.100028	0.994425	-0.821152	0.569932	0.029776	-0.569733	-0.815581	-0.101155
56980	9.779187	0.232952	-1.229766	0.001602	-0.016478	0.024193	-0.033745	-0.100093	0.994406	-0.821177	0.569910	0.029498	-0.569675	-0.815588	-0.101426
56981	9.759777	0.206912	-1.131705	-0.016239	-0.001249	0.021476	-0.033984	-0.099998	0.994407	-0.821103	0.570030	0.029261	-0.569768	-0.815516	-0.101481
56982	9.711179	0.179159	-1.062858	-0.023825	0.007333	0.015025	-0.034152	-0.099921	0.994409	-0.820986	0.570207	0.029100	-0.569927	-0.815402	-0.101507
56983	9.726353	0.090058	-0.971567	-0.028343	0.015583	0.013394	-0.034229	-0.099734	0.994425	-0.820845	0.570417	0.028955	-0.570125	-0.815277	-0.101391
56984	9.761030	0.086817	-0.885286	-0.037069	0.019379	0.011058	-0.034295	-0.099581	0.994438	-0.820653	0.570698	0.028846	-0.570396	-0.815100	-0.101294
56985	9.783855	0.055860	-0.843908	-0.029915	0.023585	0.005289	-0.034260	-0.099375	0.994460	-0.820506	0.570913	0.028783	-0.570610	-0.814974	-0.101097
56986	9.778863	0.060138	-0.895980	-0.017655	0.018530	0.006657	-0.034295	-0.099253	0.994471	-0.820427	0.571030	0.028698	-0.570721	-0.814907	-0.101014
56987	9.767661	0.043924	-0.960883	0.003032	0.010179	0.007611	-0.034355	-0.099143	0.994480	-0.820467	0.570979	0.028579	-0.570660	-0.814956	-0.100960
56988	9.757375	0.052566	-1.068818	0.025216	-0.002718	0.003457	-0.034486	-0.099211	0.994469	-0.820634	0.570744	0.028481	-0.570413	-0.815113	-0.101099
56989	9.723825	0.078795	-1.196375	0.043660	-0.017287	0.010721	-0.034728	-0.099307	0.994451	-0.820904	0.570365	0.028290	-0.570009	-0.815366	-0.101330
56990	9.732305	0.159263	-1.291041	0.056882	-0.018798	0.017466	-0.035067	-0.099426	0.994427	-0.821246	0.569885	0.028019	-0.569495	-0.815687	-0.101637
56991	9.715597	0.207752	-1.320551	0.065428	-0.027542	0.011378	-0.035373	-0.099603	0.994398	-0.821640	0.569329	0.027799	-0.568909	-0.816054	-0.101976
56992	9.697859	0.231533	-1.308358	0.064706	-0.024406	0.013440	-0.035710	-0.099791	0.994367	-0.822027	0.568781	0.027560	-0.568328	-0.816413	-0.102342
56993	9.696588	0.204655	-1.268811	0.060869	-0.024304	0.012604	-0.036007	-0.099935	0.994342	-0.822393	0.568262	0.027332	-0.567779	-0.816756	-0.102647
56994	9.731874	0.225280	-1.228464	0.050330	-0.017136	0.013577	-0.036304	-0.100063	0.994319	-0.822698	0.567832	0.027106	-0.567318	-0.817040	-0.102937
56995	9.742689	0.227009	-1.142577	0.035636	-0.009394	0.010978	-0.036504	-0.100095	0.994308	-0.822921	0.567518	0.026919	-0.566982	-0.817254	-0.103086
56996	9.722819	0.189517	-1.023160	0.011672	-0.001982	0.014719	-0.036725	-0.100094	0.994300	-0.823006	0.567403	0.026721	-0.566844	-0.817334	-0.103216
56997	9.782003	0.205224	-0.983322	-0.004428	0.004824	0.011574	-0.036848	-0.100006	0.994304	-0.823002	0.567417	0.026570	-0.566842	-0.817335	-0.103213
56998	9.751298	0.164694	-0.949839	-0.021329	0.009709	0.013380	-0.036991	-0.099916	0.994308	-0.822900	0.567572	0.026420	-0.566981	-0.817239	-0.103216
56999	9.769274	0.150465	-0.984893	-0.025063	0.005993	0.005941	-0.037062	-0.099850	0.994312	-0.822780	0.567748	0.026346	-0.567150	-0.817124	-0.103196
57000	9.770297	0.175190	-1.026661	-0.033772	-0.000742	0.000837	-0.037162	-0.099916	0.994302	-0.822613	0.567992	0.026332	-0.567386	-0.816947	-0.103300
57001	9.759292	0.172351	-1.114420	-0.038970	-0.010418	-0.004276	-0.037241	-0.100042	0.994286	-0.822418	0.568272	0.026374	-0.567663	-0.816737	-0.103440
57002	9.701956	0.206020	-1.239432	-0.033623	-0.015050	-0.008559	-0.037344	-0.100278	0.994258	-0.822255	0.568504	0.026454	-0.567893	-0.816546	-0.103685
57003	9.491404	0.258506	-1.414628	-0.022409	-0.020214	-0.025785	-0.037303	-0.100607	0.994227	-0.822162	0.568627	0.026693	-0.568030	-0.816420	-0.103926
57004	9.572851	0.612611	-1.208643	-0.035365	-0.036797	-0.048543	-0.037201	-0.101248	0.994165	-0.822004	0.568833	0.027172	-0.568266	-0.816197	-0.104387
57005	10.037039	0.966499	-1.391931	-0.072099	-0.018260	-0.054546	-0.036912	-0.101724	0.994128	-0.821639	0.569332	0.027749	-0.568812	-0.815790	-0.104596
57006	10.030351	0.674210	-0.835546	-0.203426	-0.040975	-0.130508	-0.036162	-0.102867	0.994038	-0.820551	0.570826	0.029221	-0.570429	-0.814602	-0.105050
57007	9.318720	0.376782	-0.250186	-0.356777	-0.145523	-0.232315	-0.035146	-0.105396	0.993809	-0.818619	0.573453	0.031866	-0.573261	-0.812431	-0.106434
57008	9.777393	0.555813	-0.504482	-0.396046	-0.160329	-0.272732	-0.033924	-0.108330	0.993536	-0.816462	0.576340	0.034963	-0.576402	-0.809998	-0.107999
57009	10.132740	0.235820	0.366270	-0.450274	-0.038859	-0.289357	-0.031846	-0.110333	0.993384	-0.813979	0.579632	0.038284	-0.580021	-0.807375	-0.108267
57010	10.214905	0.159928	1.030492	-0.634327	0.216420	-0.301083	-0.028223	-0.110402	0.993486	-0.810399	0.584377	0.041918	-0.585198	-0.803937	-0.105962
57011	9.749337	-0.251057	1.361478	-0.904455	0.442824	-0.369025	-0.022690	-0.109037	0.993779	-0.805193	0.591188	0.046481	-0.592579	-0.799129	-0.101210
57012	9.740915	-0.905079	1.115510	-1.094235	0.507899	-0.431541	-0.016276	-0.107613	0.994060	-0.798770	0.599401	0.051810	-0.601416	-0.793182	-0.095714
57013	9.970169	-0.997342	0.557761	-1.008047	0.549445	-0.389194	-0.009909	-0.105632	0.994356	-0.792746	0.606922	0.056574	-0.609472	-0.787711	-0.089753
57014	10.316128	-0.937306	-0.160724	-0.793235	0.587526	-0.351518	-0.003610	-0.103204	0.994654	-0.787940	0.612752	0.060718	-0.615742	-0.783508	-0.083531
57015	10.032050	-0.928344	-1.106836	-0.513970	0.550927	-0.312365	0.002193	-0.100827	0.994902	-0.784795	0.616421	0.064200	-0.619751	-0.780935	-0.077777
57016	9.495144	-0.710361	-1.600225	-0.233469	0.461367	-0.281585	0.007179	-0.099002	0.995061	-0.783363	0.617929	0.067132	-0.621523	-0.779976	-0.073118
57017	9.253784	-0.146485	-1.586856	0.067989	0.348957	-0.248861	0.011240	-0.097829	0.995140	-0.783791	0.617121	0.069520	-0.620923	-0.780763	-0.069741
57018	9.266467	0.518859	-1.973285	0.305398	0.257547	-0.180979	0.014168	-0.096968	0.995187	-0.785691	0.614523	0.071063	-0.618456	-0.782916	-0.067481
57019	9.244987	0.656490	-2.486338	0.356018	0.198761	-0.127770	0.016343	-0.096207	0.995227	-0.787898	0.611576	0.072058	-0.615589	-0.785315	-0.065806
57020	9.442204	0.408631	-2.574528	0.306779	0.155031	-0.088876	0.017904	-0.095573	0.995261	-0.789798	0.609045	0.072693	-0.613106	-0.787357	-0.064579
57021	9.515813	0.319383	-2.148303	0.274902	0.123417	-0.028537	0.018828	-0.094787	0.995319	-0.791504	0.606818	0.072762	-0.610874	-0.789169	-0.063599
57022	9.547156	0.490852	-1.609756	0.264960	0.088174	0.020697	0.019105	-0.094012	0.995388	-0.793154	0.604710	0.072337	-0.608722	-0.790878	-0.063013
57023	9.647357	0.653523	-1.400437	0.203060	0.056189	0.038599	0.019084	-0.093348	0.995451	-0.794424	0.603106	0.071786	-0.607063	-0.792180	-0.062648
57024	9.980693	0.710539	-1.432135	0.101175	0.019757	0.014579	0.018989	-0.093153	0.995471	-0.795072	0.602283	0.071526	-0.606218	-0.792829	-0.062626
57025	9.974083	0.530806	-1.698078	0.011264	-0.022021	-0.048295	0.019184	-0.093633	0.995422	-0.795159	0.602115	0.071961	-0.606097	-0.792900	-0.062902
57026	10.012406	0.023505	-2.158458	-0.014667	-0.094390	-0.101843	0.019321	-0.095045	0.995285	-0.795082	0.602101	0.072933	-0.606194	-0.792742	-0.063936
57027	9.804316	-0.349730	-2.284182	0.058161	-0.151593	-0.111053	0.019229	-0.096930	0.995105	-0.795442	0.601500	0.073961	-0.605725	-0.792970	-0.065536
57028	9.465652	-0.279669	-2.272001	0.181699	-0.212028	-0.117053	0.018773	-0.099369	0.994874	-0.796550	0.599909	0.074950	-0.604281	-0.793874	-0.067891
57029	9.484554	0.107089	-2.248806	0.312555	-0.280785	-0.108167	0.017886	-0.102262	0.994597	-0.798444	0.597283	0.075770	-0.601804	-0.795484	-0.070968
57030	9.531781	0.728059	-2.107503	0.379453	-0.322072	-0.082203	0.016499	-0.105373	0.994296	-0.800738	0.594141	0.076253	-0.598787	-0.797429	-0.074574
57031	9.371233	1.295770	-1.955380	0.373445	-0.374952	-0.065145	0.014725	-0.108768	0.993958	-0.802987	0.591057	0.076575	-0.595815	-0.799263	-0.078636
57032	9.494461	1.627309	-1.782325	0.288342	-0.427091	-0.036955	0.012370	-0.112462	0.993579	-0.804727	0.588675	0.076651	-0.593516	-0.800508	-0.083219
57033	9.508110	1.903109	-1.621630	0.161141	-0.439594	-0.008734	0.009778	-0.116049	0.993195	-0.805709	0.587342	0.076560	-0.592230	-0.800976	-0.087758
57034	9.580462	1.758869	-1.610019	0.018549	-0.425564	-0.000675	0.007153	-0.119525	0.992805	-0.805849	0.587159	0.076495	-0.592077	-0.800599	-0.092119
57035	9.906632	1.449456	-1.293151	-0.108728	-0.377331	0.016992	0.004725	-0.122459	0.992462	-0.805234	0.588017	0.076388	-0.592939	-0.799525	-0.095830
57036	9.985955	1.424436	-0.993439	-0.259371	-0.315945	0.028928	0.002506	-0.124879	0.992169	-0.803724	0.590090	0.076301	-0.594997	-0.797621	-0.098889
57037	9.877491	1.324587	-0.910507	-0.399750	-0.298378	-0.002701	0.000691	-0.127286	0.991866	-0.801367	0.593237	0.076688	-0.598173	-0.794901	-0.101592
57038	10.171657	1.508375	-0.410313	-0.445323	-0.264457	0.008549	-0.001070	-0.129400	0.991592	-0.798724	0.596748	0.077012	-0.601696	-0.791926	-0.103994
57039	10.089539	1.738147	-0.013766	-0.506068	-0.205306	0.025197	-0.002567	-0.130886	0.991394	-0.795697	0.600749	0.077252	-0.605690	-0.788651	-0.105688
57040	9.838186	1.836419	0.016771	-0.602771	-0.165794	0.025826	-0.003882	-0.132100	0.991229	-0.792061	0.605491	0.077591	-0.610430	-0.784812	-0.106982
57041	9.656389	1.764571	0.057259	-0.700151	-0.127730	0.006618	-0.004774	-0.133073	0.991095	-0.787795	0.610948	0.078237	-0.615919	-0.780406	-0.107751
57042	9.380044	1.510937	-0.171216	-0.757810	-0.128846	-0.015641	-0.005545	-0.134235	0.990934	-0.783136	0.616790	0.079170	-0.621825	-0.775597	-0.108545
57043	9.304567	1.240086	-0.363176	-0.738609	-0.168620	-0.035977	-0.006374	-0.135775	0.990719	-0.778553	0.622421	0.080291	-0.627546	-0.770816	-0.109675
57044	9.585329	1.135463	-0.543385	-0.656384	-0.205519	-0.029631	-0.007532	-0.137601	0.990459	-0.774450	0.627393	0.081272	-0.632590	-0.766449	-0.111291
57045	9.773329	1.149381	-0.644599	-0.548774	-0.235749	-0.004235	-0.009053	-0.139442	0.990189	-0.770996	0.631553	0.081889	-0.636775	-0.762691	-0.113227
57046	10.027858	1.335770	-0.504664	-0.456023	-0.251529	0.037151	-0.011036	-0.141181	0.989922	-0.768111	0.635043	0.082006	-0.640221	-0.759465	-0.115451
57047	10.258386	1.360555	-0.356512	-0.363772	-0.244432	0.108126	-0.013491	-0.142358	0.989723	-0.765793	0.637925	0.081318	-0.642945	-0.756826	-0.117623
57048	10.192023	1.268525	-0.069629	-0.249419	-0.224404	0.166020	-0.016293	-0.143052	0.989581	-0.764193	0.640015	0.079937	-0.644781	-0.754929	-0.119747
57049	9.996367	1.488225	0.303919	-0.138584	-0.179109	0.195460	-0.018999	-0.143162	0.989517	-0.763294	0.641310	0.078128	-0.645772	-0.753808	-0.121459
57050	9.577603	2.003596	0.663165	-0.073739	-0.146950	0.193183	-0.021505	-0.143084	0.989477	-0.762808	0.642111	0.076274	-0.646267	-0.753141	-0.122954
57051	9.217148	2.459592	1.130269	-0.090729	-0.150608	0.164257	-0.023788	-0.143174	0.989412	-0.762213	0.642999	0.074720	-0.646889	-0.752365	-0.124425
57052	9.094521	2.615248	1.065962	-0.182761	-0.171608	0.126672	-0.025939	-0.143701	0.989281	-0.761027	0.644524	0.073668	-0.648201	-0.750959	-0.126078
57053	9.136274	1.962727	0.000779	-0.278301	-0.192923	0.099541	-0.028005	-0.144516	0.989106	-0.759223	0.646725	0.072995	-0.650228	-0.748908	-0.127831
57054	9.159477	1.127590	-0.936924	-0.270012	-0.251577	0.108583	-0.030533	-0.145745	0.988851	-0.757461	0.648871	0.072247	-0.652166	-0.746810	-0.130208
57055	9.516270	0.741955	-1.406107	-0.156273	-0.309560	0.142584	-0.033690	-0.147139	0.988542	-0.756424	0.650216	0.071002	-0.653213	-0.745365	-0.133205
57056	9.615266	0.850774	-1.560183	-0.033322	-0.323852	0.183626	-0.037260	-0.148408	0.988224	-0.756170	0.650705	0.069210	-0.653314	-0.744686	-0.136467
57057	9.518160	1.175483	-1.635601	0.068702	-0.342748	0.223414	-0.041245	-0.149517	0.987899	-0.756559	0.650497	0.066866	-0.652623	-0.744646	-0.139948
57058	9.355395	1.572085	-1.746243	0.130797	-0.382319	0.261713	-0.045783	-0.150715	0.987517	-0.757326	0.649886	0.064074	-0.651430	-0.744939	-0.143894
57059	9.354794	1.869644	-1.847383	0.141931	-0.437263	0.304897	-0.050996	-0.152003	0.987064	-0.758131	0.649261	0.060814	-0.650106	-0.745222	-0.148348
57060	9.746406	2.059160	-1.649505	0.081171	-0.469744	0.355443	-0.056807	-0.153250	0.986553	-0.758493	0.649168	0.057167	-0.649200	-0.745047	-0.153117
57061	10.044140	2.052648	-1.104881	-0.048349	-0.450925	0.391482	-0.062760	-0.154075	0.986064	-0.757973	0.650101	0.053338	-0.649259	-0.744063	-0.157585
57062	10.246370	1.924596	-0.304158	-0.203489	-0.391760	0.404090	-0.068424	-0.154412	0.985634	-0.756412	0.652207	0.049665	-0.650507	-0.742147	-0.161426
57063	10.507699	1.817700	0.612781	-0.335626	-0.332622	0.406492	-0.073719	-0.154229	0.985281	-0.753964	0.655292	0.046163	-0.652767	-0.739463	-0.164590
57064	10.523834	1.742505	1.392847	-0.413148	-0.270489	0.397107	-0.078528	-0.153670	0.984997	-0.750984	0.658923	0.042928	-0.655634	-0.736346	-0.167147
57065	10.425880	1.606256	1.802369	-0.429169	-0.225303	0.373561	-0.082865	-0.152867	0.984767	-0.747890	0.662621	0.039927	-0.658630	-0.733188	-0.169235
57066	10.511407	1.379281	1.736428	-0.411488	-0.175033	0.338707	-0.086589	-0.151945	0.984589	-0.744913	0.666119	0.037287	-0.661519	-0.730204	-0.170864
57067	10.509975	0.827465	1.388614	-0.372445	-0.133430	0.304819	-0.089797	-0.150891	0.984463	-0.742203	0.669267	0.034881	-0.664132	-0.727539	-0.172090
57068	10.683250	0.175003	0.918813	-0.315496	-0.095494	0.294202	-0.092644	-0.149652	0.984389	-0.739861	0.671973	0.032526	-0.666351	-0.725297	-0.172976
57069	10.737932	-0.432230	0.705083	-0.214734	-0.040474	0.286389	-0.095088	-0.148027	0.984402	-0.738187	0.673927	0.030035	-0.667861	-0.723816	-0.173353
57070	10.635260	-0.689772	0.713826	-0.098560	0.019471	0.260288	-0.096904	-0.146162	0.984503	-0.737304	0.674995	0.027639	-0.668575	-0.723200	-0.173176
57071	10.477417	-0.765617	0.527966	0.012108	0.054620	0.239804	-0.098364	-0.144157	0.984654	-0.737178	0.675228	0.025214	-0.668500	-0.723385	-0.172688
57072	10.424804	-0.764217	0.277615	0.156061	0.076290	0.249541	-0.099719	-0.141944	0.984839	-0.738000	0.674427	0.022479	-0.667392	-0.724569	-0.172008
57073	10.456186	-0.594016	0.226114	0.287196	0.106742	0.287450	-0.101189	-0.139242	0.985075	-0.739652	0.672718	0.019111	-0.665339	-0.726679	-0.171062
57074	10.586161	-0.173552	0.344199	0.375231	0.158914	0.310894	-0.102459	-0.136014	0.985395	-0.741853	0.670386	0.015397	-0.662689	-0.729440	-0.169589
57075	10.784153	0.319466	1.050212	0.405927	0.248666	0.337467	-0.103379	-0.131947	0.985851	-0.744217	0.667842	0.011344	-0.659889	-0.732514	-0.167238
57076	10.858146	0.980704	2.204641	0.382837	0.383171	0.370218	-0.103631	-0.126677	0.986516	-0.746381	0.665481	0.007048	-0.657400	-0.735587	-0.163514
57077	10.979463	1.579089	3.599337	0.293247	0.582328	0.402413	-0.102871	-0.119721	0.987464	-0.747918	0.663786	0.002562	-0.655771	-0.738278	-0.157826
57078	10.962823	1.697873	4.526317	0.227908	0.813220	0.418435	-0.100677	-0.110934	0.988715	-0.749012	0.662553	-0.001931	-0.654862	-0.740754	-0.149795
57079	11.197586	1.401611	5.075473	0.280057	1.076044	0.439090	-0.096985	-0.100051	0.990244	-0.750438	0.660907	-0.006723	-0.653787	-0.743768	-0.139180
57080	11.878101	1.051858	5.355991	0.412433	1.310928	0.480012	-0.092020	-0.087098	0.991941	-0.752704	0.658249	-0.012028	-0.651896	-0.747745	-0.126131
57081	12.667662	0.710541	5.178164	0.521158	1.499549	0.518992	-0.086235	-0.072454	0.993637	-0.755659	0.654722	-0.017841	-0.649263	-0.752389	-0.111211
57082	13.302128	0.302429	4.818512	0.551229	1.673257	0.571222	-0.079689	-0.056071	0.995242	-0.758786	0.650894	-0.024085	-0.646447	-0.757095	-0.094415
57083	13.650211	0.168347	4.608657	0.557430	1.894484	0.622896	-0.072262	-0.037654	0.996675	-0.761936	0.646920	-0.030802	-0.643609	-0.761628	-0.075437
57084	13.977954	0.212254	4.707973	0.567327	2.174776	0.685312	-0.063483	-0.016586	0.997845	-0.765146	0.642735	-0.037995	-0.640720	-0.765909	-0.053493
57085	13.572786	0.529302	4.663570	0.518894	2.499654	0.718291	-0.053062	0.007194	0.998565	-0.768073	0.638750	-0.045416	-0.638160	-0.769381	-0.028368
57086	12.454743	0.725329	4.365991	0.375542	2.729847	0.690867	-0.040917	0.032675	0.998628	-0.770176	0.635678	-0.052356	-0.636517	-0.771262	-0.000845
57087	11.639542	0.899795	4.524737	0.114885	2.819585	0.626943	-0.027856	0.058385	0.997905	-0.770720	0.634470	-0.058635	-0.636564	-0.770739	0.027325
57088	11.744117	1.154988	5.115383	-0.249883	2.866186	0.597889	-0.014106	0.084280	0.996342	-0.769039	0.635921	-0.064681	-0.639046	-0.767138	0.055844
57089	11.409187	1.121566	4.178819	-0.786213	2.882913	0.509866	0.000442	0.109531	0.993983	-0.763985	0.641389	-0.070337	-0.645234	-0.759357	0.083963
57090	10.639727	0.218524	2.310706	-1.244777	2.672649	0.278090	0.015779	0.131536	0.991186	-0.755960	0.650391	-0.074276	-0.654428	-0.748124	0.109698
57091	11.271559	-0.533827	0.064942	-1.420558	2.370869	-0.082798	0.031980	0.148572	0.988384	-0.746603	0.661006	-0.075204	-0.664501	-0.735525	0.132063
57092	13.365224	-0.848793	-2.338534	-1.289511	2.204630	-0.454554	0.050180	0.161690	0.985565	-0.737835	0.671073	-0.072528	-0.673113	-0.723545	0.152976
57093	15.317564	-0.558760	-4.583731	-0.756277	2.261165	-0.700035	0.070537	0.173222	0.982354	-0.732339	0.677645	-0.066907	-0.677277	-0.714697	0.174657
57094	15.980951	0.980187	-5.625311	-0.179550	2.482847	-0.847042	0.093607	0.185194	0.978234	-0.730472	0.680397	-0.058911	-0.676497	-0.709058	0.198969
57095	15.242180	2.415476	-5.907114	0.170215	2.705493	-0.887245	0.118280	0.198278	0.972983	-0.730715	0.680855	-0.049918	-0.672358	-0.705069	0.225416
57096	13.641408	3.085740	-5.305825	0.289183	2.846392	-0.821809	0.143396	0.212720	0.966534	-0.731617	0.680469	-0.041218	-0.666464	-0.701222	0.253206
57097	11.554511	3.409842	-3.620295	0.180999	2.928934	-0.688209	0.167811	0.228493	0.958974	-0.731783	0.680682	-0.034130	-0.660555	-0.696034	0.281433
57098	9.374817	2.930636	-1.585092	-0.074504	2.881825	-0.543926	0.190799	0.244735	0.950632	-0.730358	0.682445	-0.029103	-0.655876	-0.688748	0.308954
57099	8.466508	2.031582	0.121103	-0.347124	2.719716	-0.493027	0.212135	0.259963	0.942029	-0.727130	0.686023	-0.025573	-0.652902	-0.679552	0.334556
57100	8.261655	1.079525	0.945200	-0.619243	2.519582	-0.592904	0.232905	0.272845	0.933440	-0.721811	0.691738	-0.022094	-0.651724	-0.668622	0.358052
57101	8.439185	0.487251	0.769626	-0.890306	2.319559	-0.768600	0.253495	0.282856	0.925058	-0.714175	0.699730	-0.018251	-0.652453	-0.656027	0.379386
57102	8.278013	0.341816	0.431617	-1.083087	2.140305	-0.906130	0.273945	0.290343	0.916872	-0.704748	0.709319	-0.014053	-0.654435	-0.642314	0.398933
57103	7.945453	0.270991	0.198610	-1.243283	1.965600	-0.959187	0.293492	0.295968	0.908991	-0.693910	0.719987	-0.010380	-0.657534	-0.627712	0.416685
57104	7.627042	0.079728	-0.079822	-1.428998	1.790675	-0.934166	0.311758	0.300260	0.901471	-0.681697	0.731592	-0.007924	-0.661888	-0.612060	0.432766
57105	7.337405	-0.276778	-0.196222	-1.553960	1.654852	-0.812680	0.328188	0.304259	0.894270	-0.668812	0.743394	-0.007478	-0.667070	-0.595645	0.447465
57106	7.169591	-0.790224	-0.054802	-1.604420	1.546750	-0.670109	0.343005	0.308291	0.887302	-0.655860	0.754832	-0.008729	-0.672455	-0.578951	0.461107
57107	7.147415	-1.240060	-0.217076	-1.601909	1.469056	-0.551717	0.356452	0.312481	0.880510	-0.643159	0.765648	-0.011352	-0.677708	-0.562262	0.473892
57108	7.229384	-1.598836	-0.426358	-1.515383	1.420534	-0.482493	0.369192	0.316603	0.873762	-0.631149	0.775530	-0.014328	-0.682165	-0.546184	0.486143
57109	7.336195	-1.910911	-0.290012	-1.302039	1.362887	-0.462717	0.381352	0.320344	0.867151	-0.620555	0.783985	-0.016715	-0.685187	-0.531741	0.497765
57110	7.414329	-1.963598	0.004752	-0.989407	1.307089	-0.482922	0.393286	0.323380	0.860669	-0.611946	0.790707	-0.017463	-0.686184	-0.519815	0.508865
57111	7.575701	-1.755836	0.334999	-0.648610	1.250098	-0.513327	0.404929	0.325755	0.854352	-0.605496	0.795679	-0.016403	-0.685133	-0.510664	0.519437
57112	7.495073	-1.298062	0.890165	-0.334991	1.191326	-0.524529	0.416221	0.327583	0.848204	-0.601098	0.799059	-0.013639	-0.682233	-0.504176	0.529495
57113	7.414890	-0.784603	1.500071	-0.053731	1.115346	-0.523183	0.426891	0.329004	0.842330	-0.598573	0.801011	-0.009510	-0.677845	-0.500137	0.538878
57114	7.116198	-0.462177	2.168793	0.158238	1.040701	-0.539234	0.437116	0.329841	0.836740	-0.597358	0.801965	-0.004071	-0.672379	-0.498054	0.547585
57115	6.257815	-0.161134	2.870325	0.268450	0.940092	-0.652388	0.447252	0.329291	0.831585	-0.596317	0.802744	0.002847	-0.666612	-0.497162	0.555390
57116	5.307799	0.156786	3.281625	0.285272	0.787358	-0.826781	0.457373	0.326526	0.827158	-0.594517	0.804003	0.011350	-0.661332	-0.496951	0.561854
57117	4.255102	0.211951	3.517531	0.227632	0.576766	-0.992891	0.467012	0.321405	0.823771	-0.591476	0.806054	0.020827	-0.657310	-0.496967	0.566540
57118	3.160780	0.187466	3.634823	0.089289	0.293325	-1.112757	0.475465	0.313841	0.821850	-0.586863	0.809110	0.030542	-0.655381	-0.496835	0.568885
57119	2.492890	0.144474	3.458869	-0.097959	-0.017412	-1.207323	0.482346	0.303967	0.821551	-0.580487	0.813292	0.039902	-0.656031	-0.496146	0.568737
57120	2.147700	0.072173	3.072939	-0.305411	-0.361561	-1.264740	0.487233	0.291824	0.823069	-0.572391	0.818538	0.048622	-0.659524	-0.494808	0.565856
57121	2.697725	-0.165583	3.693974	-0.355223	-0.753366	-1.259402	0.489347	0.277763	0.826672	-0.563937	0.823848	0.057007	-0.665217	-0.494087	0.559789
57122	4.267032	-0.300185	5.211796	-0.214270	-1.108426	-1.162909	0.488432	0.262645	0.832137	-0.556864	0.828016	0.065513	-0.671816	-0.495386	0.550687
57123	5.757953	-0.350519	5.821568	-0.049240	-1.411557	-1.047860	0.484654	0.246945	0.839124	-0.551482	0.830898	0.073996	-0.678953	-0.498624	0.538884
57124	6.561338	-0.366223	6.272939	0.019284	-1.627078	-1.028697	0.479173	0.230214	0.846991	-0.546701	0.833223	0.082816	-0.686667	-0.502734	0.525116
57125	6.608851	-0.357188	6.727958	0.044126	-1.717738	-1.051046	0.472980	0.212780	0.854994	-0.542051	0.835297	0.091983	-0.694601	-0.506956	0.510416
57126	5.753817	0.046592	6.479740	0.092100	-1.670263	-1.041724	0.466925	0.195547	0.862405	-0.537842	0.836922	0.101430	-0.701931	-0.511198	0.495953
57127	4.582396	0.510609	6.485782	0.251971	-1.648718	-0.973835	0.460473	0.178930	0.869453	-0.535152	0.837420	0.111086	-0.708221	-0.516442	0.481364
57128	4.982994	1.153510	6.446513	0.473150	-1.786388	-0.825340	0.452178	0.162720	0.876959	-0.534793	0.836337	0.120568	-0.713815	-0.523510	0.465194
57129	6.945671	2.262883	5.892812	0.655087	-1.933517	-0.687899	0.441959	0.146776	0.884946	-0.536460	0.833914	0.129606	-0.718946	-0.532019	0.447295
57130	8.707682	3.440428	5.376390	0.625733	-1.938342	-0.569104	0.431031	0.131635	0.892684	-0.538531	0.831321	0.137442	-0.724015	-0.539979	0.429214
57131	9.769010	3.978821	2.890297	0.280863	-1.959491	-0.467610	0.419242	0.117127	0.900287	-0.538635	0.830350	0.142801	-0.730827	-0.544794	0.411206
57132	13.994133	2.577443	1.694268	-0.312962	-2.147246	-0.341726	0.405270	0.102570	0.908425	-0.534962	0.832397	0.144673	-0.741331	-0.544604	0.392217
57133	24.184022	-0.629381	6.115202	-1.043852	-2.236173	-0.025094	0.388610	0.090260	0.916971	-0.527097	0.838044	0.140892	-0.755745	-0.538085	0.373249
57134	31.310548	-2.500476	13.389206	-1.933387	-1.627239	0.311245	0.374546	0.084228	0.923375	-0.513558	0.848002	0.130961	-0.771993	-0.523257	0.360872
57135	22.793801	-2.621031	15.373137	-2.613275	-0.478021	0.262938	0.369441	0.084033	0.925447	-0.494215	0.861143	0.119098	-0.786934	-0.501369	0.359672
57136	10.551205	-4.930470	7.841351	-2.761254	-0.170688	-0.043475	0.368281	0.082825	0.926018	-0.472176	0.874670	0.109554	-0.800886	-0.477590	0.361232
57137	5.712409	-7.379532	-1.625363	-2.383262	-0.514240	-0.399911	0.365923	0.076911	0.927462	-0.451517	0.886103	0.104661	-0.813777	-0.457062	0.358972
57138	4.879404	-7.893696	-5.513421	-1.441750	-0.679404	-0.666857	0.363302	0.067942	0.929191	-0.437336	0.893066	0.105692	-0.822648	-0.444767	0.354166
57139	3.871126	-6.945022	-6.208392	0.077550	-0.719502	-0.614472	0.360004	0.059262	0.931067	-0.435804	0.893088	0.111662	-0.824907	-0.445962	0.347341
57140	3.039814	-4.507741	-2.752707	1.724883	-0.906195	-0.380921	0.354177	0.051799	0.933743	-0.448687	0.885450	0.121072	-0.820511	-0.461839	0.336848
57141	4.908544	-1.360409	-0.101974	2.691236	-1.299904	-0.247645	0.344645	0.043469	0.937726	-0.469850	0.872787	0.132226	-0.812687	-0.486162	0.321226
57142	9.484347	2.240989	-0.628550	3.180460	-1.638981	-0.094169	0.331791	0.034495	0.942722	-0.495278	0.856891	0.142958	-0.802879	-0.514342	0.301393
57143	14.432981	6.362951	-1.546936	3.282408	-1.664743	0.055606	0.318180	0.026174	0.947669	-0.521679	0.839498	0.151967	-0.791589	-0.542732	0.280766
57144	15.308900	9.232642	-0.823791	2.715729	-1.440333	0.115722	0.306156	0.019175	0.951788	-0.543455	0.824396	0.158201	-0.781617	-0.565689	0.262815
57145	12.123300	9.916675	0.621956	1.533290	-1.259018	0.010070	0.296233	0.012058	0.955040	-0.555482	0.815595	0.162001	-0.776972	-0.578497	0.248305
57146	9.199046	8.777154	1.161399	0.324055	-1.264249	-0.100640	0.286884	0.003902	0.957957	-0.557759	0.813696	0.163720	-0.778847	-0.581278	0.235612
57147	8.196759	6.135027	0.897348	-0.489951	-1.287650	-0.080756	0.277207	-0.004213	0.960801	-0.553746	0.816507	0.163345	-0.785189	-0.577320	0.224009
57148	8.912914	3.468128	0.747808	-0.892792	-1.266297	0.010846	0.267084	-0.011411	0.963606	-0.546776	0.821599	0.161280	-0.793538	-0.569951	0.213197
57149	9.552215	1.569641	0.639678	-1.026234	-1.204981	0.125101	0.256734	-0.017191	0.966329	-0.538961	0.827397	0.157911	-0.802252	-0.561355	0.203156
57150	9.551939	0.483532	0.316307	-1.020006	-1.178331	0.162850	0.246291	-0.022429	0.968936	-0.531193	0.833081	0.154306	-0.810663	-0.552696	0.193266
57151	8.580428	0.005568	-0.304277	-0.864048	-1.219432	0.093394	0.235810	-0.028338	0.971386	-0.524427	0.837824	0.151749	-0.818150	-0.545205	0.182706
57152	8.498768	-0.308335	-0.704256	-0.557705	-1.330403	0.031930	0.224643	-0.035314	0.973801	-0.519970	0.840832	0.150442	-0.824116	-0.540143	0.170525
57153	9.668693	0.196292	-0.183018	-0.277915	-1.341088	0.033604	0.213331	-0.042251	0.976066	-0.517793	0.842319	0.149631	-0.828481	-0.537321	0.157815
57154	9.714893	0.745636	0.110476	-0.114390	-1.295173	0.019761	0.202393	-0.049057	0.978075	-0.516934	0.842914	0.149247	-0.831755	-0.535807	0.145241
57155	9.871329	0.903106	0.108090	0.014854	-1.323206	0.008307	0.191271	-0.056068	0.979935	-0.517120	0.842816	0.149158	-0.834268	-0.535273	0.132212
57156	10.495501	0.901273	0.666622	0.143995	-1.301815	0.039442	0.180107	-0.062731	0.981645	-0.518445	0.842042	0.148931	-0.835928	-0.535752	0.119135
57157	10.014053	0.954342	1.110025	0.251081	-1.239783	0.051493	0.169413	-0.068942	0.983131	-0.520680	0.840706	0.148678	-0.836775	-0.537085	0.106530
57158	9.688627	0.970090	1.528622	0.352872	-1.198272	0.076044	0.158898	-0.074775	0.984459	-0.523807	0.838836	0.148260	-0.836886	-0.539225	0.094121
57159	9.572292	1.251311	2.268583	0.427530	-1.109590	0.123993	0.148906	-0.079730	0.985632	-0.527619	0.836598	0.147385	-0.836329	-0.541984	0.082508
57160	9.419797	1.412012	2.329604	0.524928	-1.033809	0.144286	0.139414	-0.084167	0.986651	-0.532262	0.833836	0.146339	-0.835022	-0.545558	0.071449
57161	9.612323	1.474235	1.952708	0.594704	-0.996769	0.157829	0.130198	-0.088307	0.987548	-0.537478	0.830693	0.145142	-0.833166	-0.549683	0.060692
57162	9.602858	1.783913	1.655041	0.622315	-0.957377	0.161368	0.121276	-0.092271	0.988321	-0.542906	0.827379	0.143864	-0.830991	-0.554013	0.050247
57163	9.209791	2.110381	1.112018	0.674479	-0.946108	0.177464	0.112399	-0.096065	0.989009	-0.548752	0.823771	0.142380	-0.828395	-0.558724	0.039876
57164	9.029873	2.336818	0.705393	0.664545	-0.941254	0.206141	0.103397	-0.099670	0.989634	-0.554516	0.820219	0.140543	-0.825725	-0.563299	0.029539
57165	9.052397	2.779120	0.842627	0.563903	-0.945683	0.227648	0.094272	-0.103147	0.990189	-0.559433	0.817241	0.138393	-0.823497	-0.566990	0.019340
57166	9.568327	3.249653	0.879640	0.403849	-0.931344	0.261373	0.085065	-0.106327	0.990686	-0.563033	0.815194	0.135837	-0.822045	-0.569344	0.009479
57167	9.903644	3.330982	0.929250	0.185707	-0.885157	0.265577	0.076235	-0.109202	0.991092	-0.564815	0.814400	0.133179	-0.821689	-0.569936	0.000407
57168	9.963757	2.564328	0.568079	-0.062708	-0.818913	0.239524	0.068078	-0.111937	0.991381	-0.564514	0.814996	0.130787	-0.822611	-0.568552	-0.007707
57169	10.120012	1.430032	0.422561	-0.256875	-0.730240	0.198573	0.060887	-0.114455	0.991561	-0.562567	0.816656	0.128810	-0.824507	-0.565662	-0.014665
57170	10.056471	0.188103	0.251256	-0.317568	-0.653084	0.163000	0.054511	-0.116831	0.991655	-0.560080	0.818610	0.127231	-0.826643	-0.562342	-0.020811
57171	9.872679	-0.866724	-0.004962	-0.215956	-0.600529	0.127137	0.048773	-0.119155	0.991677	-0.558399	0.819950	0.125985	-0.828137	-0.559896	-0.026544
57172	9.849960	-1.471751	0.084570	-0.055496	-0.551552	0.089788	0.043632	-0.121523	0.991629	-0.558022	0.820344	0.125086	-0.828678	-0.558809	-0.032019
57173	9.696385	-1.493423	0.013578	0.192147	-0.521612	0.079795	0.038808	-0.123782	0.991550	-0.559686	0.819346	0.124190	-0.827795	-0.559777	-0.037482
57174	9.474855	-1.016377	-0.044120	0.473469	-0.509414	0.092857	0.034001	-0.125895	0.991461	-0.563675	0.816781	0.123045	-0.825297	-0.563045	-0.043192
57175	9.208522	-0.194019	-0.173713	0.716177	-0.527552	0.112140	0.028964	-0.127962	0.991356	-0.569646	0.812850	0.121564	-0.821380	-0.568243	-0.049349
57176	9.031413	0.696944	-0.615624	0.877684	-0.574479	0.145997	0.023346	-0.130069	0.991230	-0.576913	0.808000	0.119613	-0.816472	-0.574646	-0.056175
57177	9.194187	1.319745	-1.240492	0.929419	-0.640101	0.182815	0.017017	-0.132293	0.991065	-0.584552	0.802846	0.117206	-0.811178	-0.581323	-0.063671
57178	9.177315	1.526208	-1.410989	0.888929	-0.712430	0.227814	0.009838	-0.134643	0.990845	-0.591811	0.797931	0.114304	-0.806017	-0.587517	-0.071833
57179	8.991477	1.439308	-1.629064	0.812930	-0.801035	0.256373	0.001817	-0.137329	0.990524	-0.598396	0.793460	0.111105	-0.801199	-0.592927	-0.080735
57180	9.255462	1.251478	-1.896327	0.783517	-0.889360	0.297973	-0.007159	-0.140279	0.990086	-0.604686	0.789184	0.107442	-0.796432	-0.597922	-0.090474
57181	9.385910	1.190528	-1.454486	0.767769	-0.947240	0.335422	-0.016777	-0.143324	0.989534	-0.610778	0.785028	0.103348	-0.791624	-0.602652	-0.100710
57182	9.301820	1.329088	-0.753308	0.737874	-0.981957	0.361551	-0.026827	-0.146447	0.988855	-0.616561	0.781065	0.098947	-0.786850	-0.607035	-0.111247
57183	9.765295	1.685566	-0.317452	0.704323	-1.004709	0.372292	-0.037072	-0.149665	0.988041	-0.622003	0.777303	0.094405	-0.782137	-0.611065	-0.121909
57184	10.434188	1.908109	0.164223	0.705603	-0.957973	0.363719	-0.046892	-0.152734	0.987154	-0.627388	0.773503	0.089875	-0.777294	-0.615114	-0.132094
57185	10.378884	1.837946	0.490110	0.729234	-0.871876	0.338947	-0.055841	-0.155501	0.986256	-0.632898	0.769501	0.085492	-0.772219	-0.619425	-0.141386
57186	10.537189	1.305336	0.740235	0.804056	-0.785918	0.321823	-0.064006	-0.157935	0.985373	-0.638926	0.764981	0.081108	-0.766601	-0.624389	-0.149872
57187	10.740749	0.665878	1.061357	0.918646	-0.681677	0.314432	-0.071288	-0.159815	0.984569	-0.645759	0.759694	0.076557	-0.760206	-0.630337	-0.157359
