// General information: 
//  MT Manager version: 2022.2.0 
//  XDA version: 2022.2.0 build 7381 rev 124627 built on 2023-07-19
// Device information: 
//  DeviceId: 00B4CBA7
//  ProductCode: MTW2-3A7G6
//  Firmware Version: 4.6.0
//  Hardware Version: 2.0.0
// Device settings: 
//  Filter Profile: human(46.1)
//  Option Flags: Orientation Smoother Disabled, Position/Velocity Smoother Disabled, Continuous Zero Rotation Update Disabled, AHS Disabled, ICC Disabled
// Coordinate system: ENU
PacketCounter	Acc_X	Acc_Y	Acc_Z	Gyr_X	Gyr_Y	Gyr_Z	Mat[1][1]	Mat[2][1]	Mat[3][1]	Mat[1][2]	Mat[2][2]	Mat[3][2]	Mat[1][3]	Mat[2][3]	Mat[3][3]
60320	8.519958	0.015316	-4.407513	0.306116	-0.535494	-0.091197	-0.302240	-0.246676	0.920762	-0.515122	0.855016	0.059973	-0.802060	-0.456178	-0.385488
60321	8.581777	-0.139914	-4.362780	0.341860	-0.503651	-0.071092	-0.305878	-0.249617	0.918765	-0.518089	0.853266	0.059338	-0.798763	-0.457853	-0.390320
60322	8.193446	-0.099890	-5.137743	0.379005	-0.444636	-0.052648	-0.309121	-0.252136	0.916991	-0.521286	0.851383	0.058369	-0.795428	-0.459972	-0.394615
60323	8.149457	0.192224	-5.091591	0.357853	-0.499796	-0.041238	-0.312846	-0.254822	0.914982	-0.524270	0.849618	0.057362	-0.792003	-0.461752	-0.399396
60324	8.395416	0.167467	-5.247121	0.286750	-0.524931	-0.007921	-0.316926	-0.257346	0.912870	-0.526576	0.848260	0.056318	-0.788844	-0.462847	-0.404348
60325	8.511604	0.185002	-5.239557	0.238439	-0.528751	0.013556	-0.321135	-0.259713	0.910726	-0.528426	0.847179	0.055260	-0.785900	-0.463505	-0.409297
60326	8.442586	0.177988	-5.192271	0.213395	-0.496416	0.013730	-0.325075	-0.261929	0.908691	-0.530071	0.846213	0.054292	-0.783168	-0.464022	-0.413923
60327	8.623733	0.478319	-5.265090	0.225765	-0.470841	0.004357	-0.328753	-0.264110	0.906735	-0.531837	0.845164	0.053349	-0.780430	-0.464697	-0.418314
60328	8.912080	0.573107	-5.106797	0.139743	-0.436245	0.006132	-0.332158	-0.266116	0.904905	-0.532922	0.844519	0.052741	-0.778245	-0.464725	-0.422333
60329	8.990656	0.394193	-5.386337	0.080373	-0.389818	0.010262	-0.335217	-0.267872	0.903257	-0.533529	0.844161	0.052343	-0.776516	-0.464367	-0.425895
60330	8.863711	0.383551	-5.440752	0.109732	-0.347690	0.017312	-0.337980	-0.269371	0.901781	-0.534337	0.843686	0.051752	-0.774760	-0.464364	-0.429084
60331	8.695423	0.463428	-5.458095	0.117964	-0.308048	0.009336	-0.340388	-0.270755	0.900460	-0.535235	0.843150	0.051196	-0.773085	-0.464531	-0.431915
60332	8.336526	0.462521	-5.315680	0.126289	-0.262182	-0.006526	-0.342351	-0.272059	0.899322	-0.536249	0.842533	0.050742	-0.771513	-0.464889	-0.434334
60333	8.041209	0.455126	-5.069627	0.193991	-0.196667	-0.030007	-0.343679	-0.273259	0.898451	-0.537863	0.841536	0.050203	-0.769797	-0.465990	-0.436195
60334	7.941409	0.376437	-4.748214	0.269701	-0.094005	-0.067857	-0.344011	-0.274300	0.898007	-0.540187	0.840078	0.049669	-0.768020	-0.468005	-0.437169
60335	7.914424	0.076670	-4.544876	0.377995	0.047298	-0.134113	-0.342895	-0.275234	0.898148	-0.543564	0.837921	0.049257	-0.766134	-0.471310	-0.436926
60336	7.929199	-0.296646	-4.254523	0.568577	0.210168	-0.205862	-0.340137	-0.275991	0.898964	-0.548633	0.834646	0.048661	-0.763747	-0.476649	-0.435311
60337	8.116544	-0.771531	-4.026926	0.816658	0.382607	-0.285348	-0.335618	-0.276558	0.900486	-0.555837	0.829920	0.047721	-0.760530	-0.484508	-0.432258
60338	8.411605	-1.213705	-3.947001	1.107570	0.584758	-0.359096	-0.329144	-0.276693	0.902832	-0.565447	0.823488	0.046232	-0.756263	-0.495286	-0.427501
60339	8.674518	-1.211241	-3.972823	1.482318	0.814415	-0.423992	-0.320557	-0.276104	0.906096	-0.578007	0.814855	0.043815	-0.750434	-0.509685	-0.420797
60340	8.767085	-0.464302	-3.781688	1.790950	1.036928	-0.476862	-0.309994	-0.274618	0.910214	-0.592902	0.804244	0.040720	-0.743217	-0.527044	-0.412132
60341	8.795642	0.622825	-3.383142	1.836486	1.221352	-0.513056	-0.297851	-0.272198	0.914982	-0.608059	0.792984	0.037965	-0.735900	-0.545055	-0.401704
60342	8.822018	1.285057	-3.084913	1.598576	1.385856	-0.564795	-0.284192	-0.269008	0.920255	-0.621435	0.782598	0.036857	-0.730105	-0.561404	-0.389579
60343	8.851630	1.437941	-3.002279	1.222122	1.532766	-0.614374	-0.269147	-0.265109	0.925893	-0.632051	0.774000	0.037887	-0.726685	-0.575014	-0.375882
60344	8.758839	1.016005	-3.232819	0.876765	1.683673	-0.663263	-0.252673	-0.260470	0.931832	-0.640161	0.767154	0.040854	-0.725500	-0.586200	-0.360582
60345	8.476027	0.812029	-3.676729	0.698386	1.849324	-0.696248	-0.234745	-0.254885	0.938045	-0.646937	0.761218	0.044942	-0.725512	-0.596306	-0.343586
60346	8.344446	1.201733	-4.161030	0.580529	2.028622	-0.706480	-0.215397	-0.248077	0.944490	-0.652753	0.755939	0.049688	-0.726304	-0.605816	-0.324760
60347	8.330108	1.702409	-4.432758	0.351693	2.219986	-0.706437	-0.194591	-0.239892	0.951097	-0.656770	0.752059	0.055316	-0.728551	-0.613889	-0.303898
60348	8.307938	2.183939	-4.508445	0.110887	2.391197	-0.686144	-0.172581	-0.230314	0.957691	-0.658850	0.749750	0.061578	-0.732210	-0.620348	-0.281135
60349	8.888189	2.034936	-3.763049	-0.439911	2.432940	-0.615484	-0.150604	-0.219840	0.963841	-0.656618	0.751087	0.068715	-0.739034	-0.622526	-0.257467
60350	9.915321	1.271276	-3.848871	-0.663966	2.451952	-0.499656	-0.129086	-0.208360	0.969496	-0.652392	0.754141	0.075212	-0.746808	-0.622782	-0.233282
60351	9.421319	2.095756	-3.849815	-0.439246	2.411359	-0.376162	-0.108529	-0.196191	0.974541	-0.649553	0.756109	0.079880	-0.752531	-0.624347	-0.209496
60352	9.943638	3.400038	-1.578436	-0.756562	2.263681	-0.344844	-0.089152	-0.184717	0.978740	-0.644180	0.760160	0.084787	-0.759660	-0.622926	-0.186761
60353	11.396172	4.722015	3.886424	-0.955422	1.921427	-0.382174	-0.072002	-0.175727	0.981802	-0.637199	0.765395	0.090263	-0.767329	-0.619104	-0.167084
60354	10.312883	3.351242	-0.228682	-1.440517	0.626882	-0.288370	-0.065310	-0.174126	0.982555	-0.626280	0.773728	0.095490	-0.776858	-0.609118	-0.159584
60355	7.560827	-0.451525	-8.487256	-1.294177	-0.469134	0.047336	-0.069237	-0.176618	0.981841	-0.616149	0.781615	0.097151	-0.784581	-0.598234	-0.162940
60356	4.540343	1.436858	-7.656830	-0.079954	-0.633260	0.447458	-0.076931	-0.176933	0.981212	-0.615201	0.782874	0.092934	-0.784608	-0.596493	-0.169077
60357	7.635725	4.747003	-0.447628	-0.476899	-0.788967	0.445466	-0.085833	-0.178152	0.980252	-0.611097	0.786488	0.089428	-0.786889	-0.591353	-0.176374
60358	12.807355	-0.569374	-0.104113	-1.919011	-0.802716	0.279570	-0.093851	-0.180651	0.979059	-0.595647	0.798169	0.090176	-0.797745	-0.574710	-0.182513
60359	12.065318	-6.348293	-3.084278	0.273631	-0.122576	0.357049	-0.096929	-0.178538	0.979147	-0.597493	0.797226	0.086218	-0.795994	-0.576677	-0.183950
60360	8.719103	-0.650871	-1.426506	2.950996	0.275594	0.220666	-0.096076	-0.175207	0.979833	-0.620518	0.780236	0.078672	-0.778285	-0.600445	-0.183681
60361	8.718879	6.930995	0.614509	1.485506	-0.005433	0.252992	-0.097672	-0.173305	0.980013	-0.631772	0.771663	0.073495	-0.768977	-0.611966	-0.184859
60362	9.650740	4.654436	-1.053770	-1.876709	-0.398645	0.320598	-0.102732	-0.173253	0.979505	-0.616919	0.783550	0.073889	-0.780293	-0.596684	-0.187379
60363	9.458892	-1.977014	-4.007091	-2.675956	-0.496883	0.426672	-0.109206	-0.172814	0.978882	-0.595382	0.799953	0.074803	-0.795986	-0.574640	-0.190250
60364	9.689411	-5.174112	-4.497451	-1.317454	-0.354474	0.228523	-0.113361	-0.173027	0.978372	-0.584600	0.807836	0.075131	-0.803363	-0.563439	-0.192728
60365	10.536101	-2.906507	-2.541188	0.108549	-0.177293	0.031303	-0.114939	-0.173804	0.978050	-0.585443	0.807269	0.074655	-0.802525	-0.564011	-0.194539
60366	10.677211	-1.127994	-2.434848	0.167209	-0.161058	-0.004959	-0.116176	-0.174785	0.977729	-0.586798	0.806307	0.074416	-0.801356	-0.565084	-0.196237
60367	10.168448	-1.020608	-3.229908	0.294262	-0.118035	0.015758	-0.117185	-0.175356	0.977506	-0.589142	0.804660	0.073722	-0.799487	-0.567251	-0.197603
60368	9.352906	-0.078240	-3.477267	0.498134	-0.076630	-0.014774	-0.117683	-0.175941	0.977341	-0.593142	0.801789	0.072917	-0.796450	-0.571121	-0.198716
60369	9.411856	1.135314	-3.099036	0.303805	-0.104383	-0.057237	-0.118145	-0.177027	0.977089	-0.595634	0.799940	0.072910	-0.794520	-0.573373	-0.199952
60370	9.756661	1.262329	-2.982339	-0.155086	-0.156285	-0.055222	-0.119033	-0.178395	0.976732	-0.594475	0.800720	0.073799	-0.795255	-0.571859	-0.201364
60371	9.857644	0.521209	-3.256860	-0.323403	-0.164411	-0.038815	-0.120083	-0.179674	0.976369	-0.591954	0.802486	0.074871	-0.796976	-0.568975	-0.202724
60372	9.760049	0.466340	-3.289005	-0.066192	-0.116818	-0.021205	-0.120864	-0.180540	0.976113	-0.591462	0.802814	0.075251	-0.797223	-0.568238	-0.203814
60373	9.504525	1.154603	-3.042836	0.128200	-0.070484	-0.009367	-0.121342	-0.181046	0.975960	-0.592502	0.802059	0.075120	-0.796378	-0.569143	-0.204593
60374	9.411207	1.725048	-2.724250	0.079983	-0.061777	0.005143	-0.121840	-0.181388	0.975835	-0.593142	0.801602	0.074944	-0.795825	-0.569677	-0.205256
60375	9.456853	1.890603	-2.398312	-0.043789	-0.061933	0.033988	-0.122506	-0.181498	0.975731	-0.592759	0.801904	0.074742	-0.796008	-0.569217	-0.205823
60376	9.538747	1.736300	-2.229457	-0.126761	-0.050144	0.061485	-0.123245	-0.181323	0.975670	-0.591683	0.802726	0.074442	-0.796694	-0.568113	-0.206218
60377	9.560051	1.589736	-2.137494	-0.078081	-0.017079	0.090227	-0.123886	-0.180725	0.975700	-0.590957	0.803324	0.073762	-0.797134	-0.567459	-0.206321
60378	9.443773	1.685293	-1.849610	-0.050621	0.011905	0.127934	-0.124522	-0.179663	0.975815	-0.590404	0.803831	0.072657	-0.797444	-0.567078	-0.206169
60379	9.342921	1.690750	-1.493136	-0.183518	-0.009335	0.144507	-0.125420	-0.178583	0.975898	-0.588766	0.805120	0.071665	-0.798514	-0.565588	-0.206122
60380	9.405435	1.255895	-1.370850	-0.309797	-0.033415	0.150580	-0.126547	-0.177591	0.975934	-0.586109	0.807126	0.070874	-0.800289	-0.563035	-0.206228
60381	9.504829	0.701609	-1.230384	-0.339967	-0.037121	0.155245	-0.127724	-0.176575	0.975965	-0.583196	0.809302	0.070099	-0.802228	-0.560225	-0.206345
60382	9.564829	0.244155	-1.321984	-0.260151	-0.037857	0.153214	-0.128895	-0.175579	0.975991	-0.580919	0.811016	0.069181	-0.803691	-0.558054	-0.206533
60383	9.503610	0.241320	-1.245320	-0.127031	-0.030031	0.150908	-0.129984	-0.174552	0.976031	-0.579710	0.811980	0.068010	-0.804388	-0.556975	-0.206734
60384	9.471910	0.408448	-1.188752	-0.079789	-0.047502	0.144620	-0.131179	-0.173676	0.976027	-0.578889	0.812665	0.066804	-0.804786	-0.556248	-0.207143
60385	9.420327	0.604310	-1.279590	-0.024509	-0.054883	0.139639	-0.132401	-0.172876	0.976004	-0.578515	0.813035	0.065531	-0.804854	-0.555957	-0.207658
60386	9.403199	0.802395	-1.420316	-0.035077	-0.066613	0.147189	-0.133763	-0.172082	0.975959	-0.578046	0.813474	0.064207	-0.804966	-0.555560	-0.208284
60387	9.376106	0.780975	-1.603716	-0.055785	-0.074400	0.147093	-0.135183	-0.171329	0.975895	-0.577407	0.814028	0.062927	-0.805187	-0.554982	-0.208969
60388	9.313041	0.643482	-1.793389	-0.081975	-0.076684	0.149869	-0.136640	-0.170567	0.975826	-0.576552	0.814729	0.061676	-0.805554	-0.554187	-0.209665
60389	9.303858	0.456569	-1.936227	-0.082672	-0.089708	0.150976	-0.138205	-0.169863	0.975728	-0.575687	0.815435	0.060416	-0.805906	-0.553364	-0.210485
60390	9.414576	0.343155	-2.041881	-0.059724	-0.097353	0.144614	-0.139796	-0.169255	0.975607	-0.575014	0.816001	0.059171	-0.806112	-0.552716	-0.211398
60391	9.603283	0.336004	-2.101172	-0.039935	-0.094863	0.136888	-0.141320	-0.168692	0.975485	-0.574508	0.816444	0.057959	-0.806207	-0.552233	-0.212295
60392	9.835590	0.177251	-2.258331	-0.033570	-0.083502	0.125293	-0.142687	-0.168163	0.975378	-0.574068	0.816832	0.056848	-0.806279	-0.551822	-0.213088
60393	9.771892	0.109545	-2.492203	0.035060	-0.060332	0.119676	-0.143833	-0.167549	0.975315	-0.574188	0.816830	0.055646	-0.805990	-0.552011	-0.213691
60394	9.591387	0.268703	-2.660840	0.077922	-0.036789	0.125846	-0.144827	-0.166757	0.975304	-0.574643	0.816601	0.054291	-0.805487	-0.552589	-0.214092
60395	9.526672	0.414596	-2.762120	0.015659	-0.038671	0.111597	-0.145752	-0.166090	0.975280	-0.574616	0.816692	0.053208	-0.805340	-0.552656	-0.214472
60396	9.579307	0.403593	-2.777710	-0.032417	-0.039475	0.105585	-0.146651	-0.165479	0.975249	-0.574210	0.817037	0.052288	-0.805466	-0.552330	-0.214839
60397	9.599059	0.438464	-2.643598	-0.052158	-0.012259	0.088306	-0.147229	-0.164855	0.975267	-0.573669	0.817462	0.051578	-0.805747	-0.551887	-0.214926
60398	9.566264	0.357306	-2.585218	-0.075858	-0.004533	0.081907	-0.147710	-0.164243	0.975298	-0.572946	0.818006	0.050981	-0.806173	-0.551262	-0.214931
60399	9.589949	0.366774	-2.531785	-0.066675	0.010948	0.080579	-0.148056	-0.163554	0.975361	-0.572298	0.818497	0.050378	-0.806570	-0.550738	-0.214785
60400	9.530413	0.489008	-2.360277	-0.078414	0.021818	0.083891	-0.148335	-0.162780	0.975448	-0.571550	0.819057	0.049767	-0.807049	-0.550135	-0.214532
60401	9.502293	0.449931	-2.234241	-0.119944	0.014836	0.083419	-0.148664	-0.162046	0.975520	-0.570466	0.819843	0.049250	-0.807754	-0.549180	-0.214323
60402	9.523515	0.391613	-2.135476	-0.114828	0.025303	0.081425	-0.148899	-0.161273	0.975613	-0.569428	0.820595	0.048741	-0.808444	-0.548283	-0.214019
60403	9.490561	0.384010	-2.083359	-0.085239	0.026112	0.077618	-0.149102	-0.160523	0.975705	-0.568631	0.821179	0.048205	-0.808967	-0.547629	-0.213718
60404	9.438420	0.401706	-2.019518	-0.028242	0.018361	0.077571	-0.149370	-0.159819	0.975780	-0.568298	0.821448	0.047548	-0.809152	-0.547431	-0.213525
60405	9.398159	0.591816	-1.819784	-0.025558	0.009126	0.082976	-0.149740	-0.159118	0.975838	-0.567975	0.821712	0.046832	-0.809310	-0.547239	-0.213419
60406	9.408268	0.544039	-1.621478	-0.060073	-0.017944	0.087547	-0.150358	-0.158531	0.975838	-0.567369	0.822170	0.046146	-0.809620	-0.546722	-0.213565
60407	9.488621	0.378229	-1.647565	-0.039381	-0.023770	0.082826	-0.150993	-0.158010	0.975825	-0.566934	0.822508	0.045461	-0.809807	-0.546364	-0.213774
60408	9.590066	0.376849	-1.797172	0.027098	-0.014113	0.082114	-0.151548	-0.157445	0.975830	-0.567038	0.822481	0.044641	-0.809630	-0.546568	-0.213923
60409	9.500590	0.495146	-1.963700	0.022913	-0.017579	0.083718	-0.152138	-0.156883	0.975829	-0.567106	0.822479	0.043814	-0.809472	-0.546732	-0.214100
60410	9.399983	0.435837	-2.109294	-0.005981	-0.021693	0.087028	-0.152782	-0.156320	0.975818	-0.566937	0.822637	0.043017	-0.809469	-0.546655	-0.214308
60411	9.407227	0.369699	-2.121242	-0.043640	-0.035383	0.084752	-0.153521	-0.155847	0.975778	-0.566462	0.823000	0.042323	-0.809661	-0.546244	-0.214629
60412	9.527501	0.147637	-2.207704	-0.049606	-0.036086	0.075949	-0.154219	-0.155452	0.975731	-0.565954	0.823380	0.041728	-0.809884	-0.545784	-0.214960
60413	9.538471	0.173711	-2.213238	0.002439	-0.019826	0.068430	-0.154739	-0.155028	0.975716	-0.565877	0.823465	0.041094	-0.809839	-0.545777	-0.215149
60414	9.560704	0.282125	-2.279398	0.013256	-0.012865	0.064150	-0.155182	-0.154603	0.975713	-0.565896	0.823483	0.040479	-0.809741	-0.545870	-0.215279
60415	9.541742	0.302054	-2.268411	0.005093	-0.014579	0.062400	-0.155626	-0.154199	0.975706	-0.565849	0.823543	0.039898	-0.809689	-0.545893	-0.215418
60416	9.511929	0.312417	-2.204898	0.007543	-0.014564	0.061381	-0.156067	-0.153807	0.975698	-0.565825	0.823587	0.039322	-0.809620	-0.545938	-0.215562
60417	9.553141	0.200198	-2.206561	-0.011079	-0.021047	0.054301	-0.156517	-0.153505	0.975673	-0.565660	0.823723	0.038856	-0.809649	-0.545817	-0.215758
60418	9.536535	0.121746	-2.270235	0.036165	-0.006416	0.046488	-0.156808	-0.153191	0.975676	-0.565890	0.823587	0.038363	-0.809432	-0.546110	-0.215834
60419	9.426521	0.246379	-2.280721	0.079097	-0.005094	0.048475	-0.157096	-0.152850	0.975683	-0.566463	0.823221	0.037759	-0.808975	-0.546757	-0.215909
60420	9.431671	0.354797	-2.225526	0.023866	-0.009994	0.038563	-0.157371	-0.152621	0.975675	-0.566606	0.823141	0.037370	-0.808821	-0.546942	-0.216014
60421	9.488149	0.222383	-2.204738	-0.019619	-0.013985	0.037843	-0.157671	-0.152417	0.975658	-0.566397	0.823298	0.037083	-0.808909	-0.546763	-0.216138
60422	9.529975	0.135528	-2.155888	-0.012368	-0.006253	0.026124	-0.157845	-0.152269	0.975653	-0.566268	0.823395	0.036894	-0.808966	-0.546657	-0.216194
60423	9.563257	0.062635	-2.196305	0.019281	0.001448	0.014467	-0.157888	-0.152173	0.975661	-0.566410	0.823304	0.036750	-0.808858	-0.546822	-0.216182
60424	9.495940	0.179894	-2.165393	0.032660	0.003748	0.012390	-0.157904	-0.152083	0.975673	-0.566664	0.823136	0.036597	-0.808677	-0.547100	-0.216156
60425	9.445395	0.153468	-2.236752	0.004681	0.004584	0.004891	-0.157867	-0.152049	0.975684	-0.566703	0.823110	0.036579	-0.808657	-0.547148	-0.216108
60426	9.470490	0.045845	-2.307653	0.002438	0.003098	-0.006505	-0.157781	-0.152118	0.975687	-0.566743	0.823078	0.036676	-0.808646	-0.547177	-0.216078
60427	9.505232	0.071083	-2.306362	0.030517	0.018292	-0.018199	-0.157502	-0.152199	0.975719	-0.567027	0.822875	0.036827	-0.808500	-0.547459	-0.215906
60428	9.498888	0.203344	-2.304861	0.034324	0.012910	-0.017661	-0.157274	-0.152306	0.975739	-0.567343	0.822652	0.036963	-0.808323	-0.547766	-0.215792
60429	9.553555	0.298213	-2.275158	0.026384	0.016405	-0.024379	-0.156976	-0.152448	0.975766	-0.567604	0.822462	0.037183	-0.808199	-0.548011	-0.215636
60430	9.596227	0.289388	-2.232813	-0.015061	0.019545	-0.033007	-0.156607	-0.152645	0.975794	-0.567544	0.822485	0.037576	-0.808312	-0.547921	-0.215440
60431	9.655951	0.137424	-2.292187	-0.021578	0.025916	-0.038572	-0.156151	-0.152851	0.975835	-0.567439	0.822537	0.038039	-0.808474	-0.547787	-0.215173
60432	9.552858	-0.004731	-2.280978	0.017287	0.033610	-0.043154	-0.155611	-0.153055	0.975889	-0.567656	0.822367	0.038461	-0.808426	-0.547984	-0.214852
60433	9.573943	0.090567	-2.200468	0.048662	0.024778	-0.043934	-0.155133	-0.153311	0.975925	-0.568126	0.822025	0.038825	-0.808187	-0.548426	-0.214623
60434	9.620192	0.200466	-2.259274	0.077688	0.035584	-0.050026	-0.154538	-0.153559	0.975980	-0.568842	0.821513	0.039184	-0.807798	-0.549123	-0.214306
60435	9.545310	0.358414	-2.265822	0.082644	0.043881	-0.052479	-0.153857	-0.153780	0.976053	-0.569599	0.820970	0.039559	-0.807394	-0.549872	-0.213905
60436	9.516098	0.500704	-2.265702	0.060714	0.040789	-0.048063	-0.153231	-0.153982	0.976120	-0.570173	0.820554	0.039936	-0.807108	-0.550437	-0.213531
60437	9.506273	0.517781	-2.160168	0.024064	0.034032	-0.050517	-0.152641	-0.154240	0.976172	-0.570453	0.820335	0.040417	-0.807022	-0.550691	-0.213203
60438	9.555854	0.429579	-2.174954	0.005222	0.032087	-0.050669	-0.152069	-0.154512	0.976218	-0.570583	0.820219	0.040939	-0.807038	-0.550788	-0.212892
60439	9.537414	0.388083	-2.149959	0.016349	0.039635	-0.056775	-0.151397	-0.154790	0.976278	-0.570810	0.820033	0.041498	-0.807004	-0.550986	-0.212506
60440	9.520771	0.438448	-1.927055	-0.018906	0.024361	-0.052141	-0.150880	-0.155116	0.976307	-0.570746	0.820047	0.042085	-0.807146	-0.550873	-0.212260
60441	9.585585	0.257592	-1.911458	-0.063300	0.014872	-0.060431	-0.150387	-0.155560	0.976312	-0.570335	0.820294	0.042849	-0.807528	-0.550381	-0.212083
60442	9.581825	0.100603	-1.906501	-0.020952	0.016737	-0.062668	-0.149871	-0.156015	0.976319	-0.570270	0.820302	0.043543	-0.807670	-0.550239	-0.211910
60443	9.545207	0.227724	-1.732564	-0.007978	0.001977	-0.062134	-0.149473	-0.156544	0.976295	-0.570307	0.820241	0.044206	-0.807717	-0.550181	-0.211882
60444	9.526063	0.188137	-1.711650	-0.027305	-0.016087	-0.075848	-0.149147	-0.157287	0.976225	-0.570208	0.820265	0.045043	-0.807848	-0.549933	-0.212026
60445	9.590378	0.154387	-1.719067	0.002434	-0.026696	-0.083791	-0.148857	-0.158151	0.976130	-0.570361	0.820111	0.045895	-0.807793	-0.549915	-0.212283
60446	9.559424	0.251960	-1.666955	-0.005498	-0.041280	-0.092056	-0.148642	-0.159166	0.975998	-0.570467	0.819984	0.046843	-0.807758	-0.549812	-0.212683
60447	9.671247	0.204430	-1.862290	-0.012358	-0.050458	-0.102910	-0.148435	-0.160318	0.975841	-0.570529	0.819879	0.047913	-0.807753	-0.549633	-0.213164
60448	9.634057	0.171297	-2.074761	0.027687	-0.040172	-0.114738	-0.148080	-0.161512	0.975698	-0.570932	0.819533	0.049011	-0.807532	-0.549800	-0.213569
60449	9.558913	0.308846	-2.172694	0.026882	-0.041847	-0.119554	-0.147708	-0.162752	0.975548	-0.571335	0.819183	0.050160	-0.807316	-0.549956	-0.213985
60450	9.578935	0.221994	-2.372482	-0.048651	-0.058753	-0.128118	-0.147427	-0.164156	0.975355	-0.571140	0.819233	0.051551	-0.807505	-0.549464	-0.214533
60451	9.646353	0.094727	-2.457033	-0.025099	-0.040609	-0.139255	-0.146931	-0.165550	0.975194	-0.571150	0.819132	0.053002	-0.807588	-0.549195	-0.214910
60452	9.630488	0.199134	-2.334196	-0.027316	-0.045150	-0.145266	-0.146443	-0.167019	0.975017	-0.571152	0.819032	0.054515	-0.807676	-0.548899	-0.215335
60453	9.608590	0.122206	-2.224004	-0.043904	-0.047660	-0.154877	-0.145916	-0.168580	0.974828	-0.571032	0.819005	0.056159	-0.807856	-0.548463	-0.215771
60454	9.553406	0.043943	-2.064284	-0.015325	-0.040686	-0.172313	-0.145238	-0.170246	0.974640	-0.571168	0.818788	0.057908	-0.807882	-0.548272	-0.216158
60455	9.646525	0.026734	-1.897667	0.035053	-0.055226	-0.182901	-0.144611	-0.172076	0.974411	-0.571725	0.818274	0.059654	-0.807600	-0.548468	-0.216712
60456	9.785523	0.231896	-1.738576	0.084847	-0.069278	-0.197816	-0.144016	-0.174104	0.974139	-0.572701	0.817459	0.061434	-0.807015	-0.549043	-0.217437
60457	9.922591	0.533653	-1.540886	0.124416	-0.074209	-0.205022	-0.143411	-0.176217	0.973848	-0.574008	0.816407	0.063199	-0.806194	-0.549933	-0.218232
60458	9.806550	0.608292	-1.166126	0.071314	-0.096871	-0.203289	-0.143000	-0.178441	0.973504	-0.574886	0.815643	0.065059	-0.805641	-0.550350	-0.219220
60459	9.787238	0.508983	-0.955101	0.019101	-0.152946	-0.205861	-0.143020	-0.180992	0.973030	-0.575343	0.815159	0.067060	-0.805311	-0.550235	-0.220717
60460	9.887763	0.392337	-0.717878	0.076723	-0.203779	-0.200727	-0.143481	-0.183779	0.972439	-0.576256	0.814362	0.068879	-0.804576	-0.550491	-0.222749
60461	9.975291	0.620129	-0.548567	0.207292	-0.226897	-0.205130	-0.144093	-0.186728	0.971787	-0.578225	0.812830	0.070448	-0.803052	-0.551761	-0.225094
60462	9.993122	1.058176	-0.156591	0.289162	-0.273798	-0.206243	-0.145070	-0.189945	0.971018	-0.580848	0.810836	0.071832	-0.800980	-0.553594	-0.227957
60463	10.295378	1.617039	0.287479	0.268165	-0.375467	-0.238631	-0.146656	-0.193989	0.969980	-0.583350	0.808882	0.073571	-0.798871	-0.555048	-0.231791
60464	10.396553	1.461398	0.204701	0.148206	-0.467074	-0.264224	-0.148816	-0.198745	0.968687	-0.584930	0.807532	0.075821	-0.797315	-0.555330	-0.236425
60465	10.525274	1.025965	-0.368001	0.259201	-0.500578	-0.266743	-0.151209	-0.203709	0.967284	-0.587402	0.805545	0.077822	-0.795044	-0.556417	-0.241465
60466	10.735880	1.246234	-0.678397	0.398523	-0.471010	-0.247593	-0.153462	-0.208355	0.965939	-0.590951	0.802802	0.079280	-0.791976	-0.558656	-0.246327
60467	10.966891	1.167016	-0.818621	0.533345	-0.351088	-0.224444	-0.154876	-0.212150	0.964887	-0.595520	0.799331	0.080161	-0.788270	-0.562194	-0.250136
60468	10.957566	0.838748	-1.015111	0.650129	-0.231549	-0.196924	-0.155490	-0.215053	0.964145	-0.600941	0.795233	0.080462	-0.784024	-0.566883	-0.252885
60469	10.864009	0.513778	-1.307063	0.949754	-0.089970	-0.183966	-0.155051	-0.217053	0.963767	-0.608653	0.789406	0.079865	-0.778139	-0.574217	-0.254508
60470	9.998935	0.515023	-1.382714	1.001962	-0.138816	-0.206480	-0.154831	-0.219506	0.963247	-0.616746	0.783154	0.079331	-0.771784	-0.581796	-0.256636
60471	9.622117	0.861290	-1.569659	0.850376	-0.380384	-0.181949	-0.156598	-0.223179	0.962117	-0.623577	0.777768	0.078920	-0.765917	-0.587595	-0.260966
60472	9.982912	1.375546	-1.621615	0.804284	-0.497665	-0.157901	-0.159376	-0.227362	0.960680	-0.629966	0.772661	0.078353	-0.760094	-0.592708	-0.266374
60473	9.945655	1.834140	-1.931025	0.662304	-0.505497	-0.140904	-0.162285	-0.231482	0.959208	-0.635219	0.768387	0.077962	-0.755090	-0.596655	-0.271739
60474	9.372799	1.996511	-2.285457	0.445483	-0.553896	-0.075303	-0.165945	-0.235391	0.957629	-0.638698	0.765545	0.077497	-0.751350	-0.598776	-0.277382
60475	9.120840	2.045066	-2.616827	0.257011	-0.625935	0.005437	-0.170644	-0.239127	0.955876	-0.640626	0.764006	0.076763	-0.748651	-0.599260	-0.283564
60476	9.333060	1.840770	-2.681114	0.124555	-0.621783	0.111018	-0.175972	-0.242031	0.954178	-0.641376	0.763515	0.075384	-0.746774	-0.598721	-0.289590
60477	8.997390	1.609453	-2.900243	0.001421	-0.602566	0.239397	-0.181973	-0.243834	0.952592	-0.640967	0.764076	0.073136	-0.745685	-0.597271	-0.295331
60478	9.067176	1.401779	-3.017990	-0.134006	-0.580625	0.345819	-0.188484	-0.244671	0.951110	-0.639330	0.765714	0.070280	-0.745473	-0.594827	-0.300750
60479	9.109500	1.268046	-3.147270	-0.217086	-0.494787	0.397522	-0.194680	-0.244587	0.949883	-0.636960	0.767962	0.067198	-0.745910	-0.591955	-0.305299
60480	9.143489	1.010967	-3.259738	-0.332085	-0.376480	0.404743	-0.200031	-0.243719	0.948994	-0.633689	0.770902	0.064411	-0.747279	-0.588482	-0.308646
60481	9.405125	0.633538	-3.085320	-0.373741	-0.190314	0.376185	-0.203802	-0.241958	0.948642	-0.630143	0.773997	0.062036	-0.749256	-0.585137	-0.310211
60482	9.277806	-0.058641	-2.962250	-0.359976	0.011946	0.327981	-0.205741	-0.239370	0.948880	-0.626777	0.776879	0.060079	-0.751546	-0.582375	-0.309868
60483	9.352741	-0.847535	-2.839210	-0.211562	0.194673	0.237521	-0.205733	-0.236419	0.949621	-0.624707	0.778663	0.058516	-0.753269	-0.581197	-0.307890
60484	9.426073	-1.666505	-2.780504	0.072634	0.397815	0.129487	-0.203514	-0.233122	0.950913	-0.625000	0.778534	0.057101	-0.753629	-0.582700	-0.304144
60485	9.351350	-2.220672	-3.013254	0.423029	0.598213	0.016746	-0.199085	-0.229521	0.952725	-0.628162	0.776086	0.055704	-0.752182	-0.587376	-0.298683
60486	9.438590	-2.326485	-2.827335	0.805141	0.771249	-0.105067	-0.192603	-0.225798	0.954945	-0.634419	0.771075	0.054366	-0.748610	-0.595364	-0.291762
60487	9.700096	-1.867401	-2.389651	1.179436	0.964116	-0.204152	-0.184078	-0.221599	0.957606	-0.643610	0.763519	0.052966	-0.742888	-0.606575	-0.283170
60488	9.593981	-0.903984	-1.973636	1.437353	1.129443	-0.287987	-0.173828	-0.216882	0.960597	-0.654762	0.754061	0.051766	-0.735575	-0.619963	-0.273083
60489	9.325827	0.206256	-1.684096	1.546023	1.256129	-0.364810	-0.162197	-0.211764	0.963768	-0.666694	0.743573	0.051181	-0.727469	-0.634236	-0.261787
60490	9.190285	1.314045	-1.213624	1.386856	1.343333	-0.446368	-0.149439	-0.206478	0.966972	-0.677438	0.733741	0.051983	-0.720240	-0.647295	-0.249525
60491	9.229383	1.810585	-0.974467	1.020694	1.410125	-0.501385	-0.135868	-0.200963	0.970131	-0.685488	0.726049	0.054398	-0.715295	-0.657622	-0.236405
60492	9.406573	1.659402	-0.966086	0.662506	1.460030	-0.543463	-0.121664	-0.195259	0.973176	-0.690924	0.720581	0.058201	-0.712616	-0.665310	-0.222578
60493	9.584896	1.291839	-1.094963	0.472615	1.508959	-0.553160	-0.107057	-0.189172	0.976090	-0.694928	0.716348	0.062613	-0.711065	-0.671609	-0.208151
60494	9.704930	1.146284	-1.227396	0.400017	1.544260	-0.545731	-0.092243	-0.182679	0.978836	-0.698319	0.712626	0.067189	-0.709818	-0.677342	-0.193303
60495	9.739841	1.327288	-1.261880	0.397753	1.569116	-0.516205	-0.077471	-0.175701	0.981391	-0.701584	0.708986	0.071549	-0.708363	-0.682985	-0.178195
60496	9.722116	1.707896	-1.290968	0.352486	1.583478	-0.487755	-0.062801	-0.168317	0.983730	-0.704426	0.705721	0.075779	-0.706994	-0.688206	-0.162887
60497	9.753471	2.076904	-1.217405	0.247742	1.592213	-0.445511	-0.048375	-0.160488	0.985852	-0.706429	0.703269	0.079822	-0.706129	-0.692572	-0.147394
60498	9.712228	2.174779	-1.112208	0.104091	1.603338	-0.380997	-0.034328	-0.152055	0.987776	-0.707325	0.701943	0.083473	-0.706055	-0.695813	-0.131649
60499	9.501066	2.006598	-1.076641	-0.024208	1.587445	-0.315277	-0.020852	-0.143230	0.989470	-0.707244	0.701638	0.086660	-0.706662	-0.697990	-0.115929
60500	9.353109	1.714650	-1.239218	-0.105277	1.552000	-0.237985	-0.008161	-0.134081	0.990937	-0.706540	0.702032	0.089171	-0.707626	-0.699409	-0.100463
60501	9.277038	1.386537	-1.458335	-0.110201	1.524191	-0.171899	0.003877	-0.124644	0.992194	-0.705766	0.702574	0.091019	-0.708434	-0.700610	-0.085245
60502	8.862088	1.459386	-1.400924	-0.087899	1.464189	-0.099515	0.014995	-0.115102	0.993241	-0.705137	0.703062	0.092120	-0.708913	-0.701752	-0.070620
60503	8.366101	1.431125	-1.487734	-0.108953	1.412984	-0.024983	0.025224	-0.105381	0.994112	-0.704360	0.703793	0.092478	-0.709394	-0.702546	-0.056474
60504	7.972252	1.460589	-1.318140	-0.136164	1.365872	0.035065	0.034706	-0.095558	0.994819	-0.703404	0.704780	0.092238	-0.709942	-0.702961	-0.042755
60505	7.734675	1.330903	-1.046596	-0.237810	1.283226	0.089675	0.043227	-0.085932	0.995363	-0.701750	0.706526	0.091472	-0.711110	-0.702450	-0.029762
60506	7.694568	1.045736	-1.241001	-0.321006	1.210242	0.145291	0.050861	-0.076433	0.995777	-0.699533	0.708892	0.090143	-0.712788	-0.701163	-0.017413
60507	7.490845	1.015717	-1.540736	-0.400515	1.120736	0.204417	0.057467	-0.067160	0.996086	-0.696784	0.711838	0.088194	-0.714975	-0.699125	-0.005888
60508	7.370515	1.046599	-1.994328	-0.556500	1.003712	0.281676	0.062738	-0.058172	0.996333	-0.692964	0.715892	0.085433	-0.718237	-0.695783	0.004603
60509	7.282503	1.027451	-1.858846	-0.772113	0.924741	0.334250	0.067127	-0.049384	0.996522	-0.687617	0.721420	0.082070	-0.722964	-0.690734	0.014469
60510	7.142111	0.699695	-0.154663	-1.045824	0.801669	0.348556	0.070600	-0.041373	0.996646	-0.680260	0.728762	0.078441	-0.729563	-0.683517	0.023306
60511	9.124740	-0.522294	0.300193	-1.323943	0.606541	0.268534	0.073268	-0.035313	0.996687	-0.670737	0.737848	0.075450	-0.738067	-0.674043	0.030375
60512	8.105210	-1.204124	-3.468561	-0.902343	0.269159	0.261893	0.073549	-0.031593	0.996791	-0.664242	0.743985	0.072592	-0.743891	-0.667449	0.033734
60513	7.985246	0.530113	-1.940122	-0.524095	-0.118373	0.294127	0.070749	-0.030214	0.997036	-0.660545	0.747560	0.069526	-0.747445	-0.663507	0.032931
60514	9.732029	0.634531	1.105098	-0.579865	-0.470104	0.281256	0.065405	-0.031241	0.997370	-0.656390	0.751478	0.066583	-0.751581	-0.659018	0.028644
60515	13.965895	-0.976386	5.117641	-0.614880	-0.613130	0.112505	0.060079	-0.034446	0.997599	-0.651825	0.755549	0.065344	-0.755986	-0.654186	0.022939
60516	14.972789	-2.949943	0.897474	0.565618	-0.721231	-0.035422	0.054902	-0.039471	0.997711	-0.656071	0.751821	0.065846	-0.752700	-0.658184	0.015381
60517	12.561806	0.539109	0.023396	2.470325	-0.904784	0.065622	0.047759	-0.045047	0.997843	-0.674503	0.735363	0.065481	-0.736726	-0.676175	0.004736
60518	10.011928	6.025745	1.256444	2.481017	-1.096687	0.377542	0.037221	-0.049838	0.998064	-0.692738	0.718544	0.061714	-0.720228	-0.693694	-0.007779
60519	8.575333	6.954030	-0.158516	1.298636	-1.201776	0.584574	0.024572	-0.054077	0.998234	-0.702217	0.709778	0.055736	-0.711539	-0.702346	-0.020533
60520	8.052031	5.593387	-0.957648	0.218450	-1.204690	0.663412	0.011380	-0.057863	0.998260	-0.703889	0.708611	0.049098	-0.710218	-0.703223	-0.032665
60521	8.438427	2.628390	-2.336361	-0.808923	-1.147368	0.674303	-0.001496	-0.061121	0.998129	-0.698156	0.714670	0.042717	-0.715944	-0.696786	-0.043741
60522	8.802557	-0.581425	-3.995951	-1.149262	-1.044518	0.668871	-0.013621	-0.063571	0.997884	-0.689834	0.723040	0.036646	-0.723840	-0.687875	-0.053702
60523	9.526706	-1.814070	-4.171515	-0.903976	-0.929251	0.583677	-0.024350	-0.065717	0.997541	-0.683155	0.729598	0.031389	-0.729867	-0.680711	-0.062661
60524	10.382572	-2.235174	-3.895258	-0.681702	-0.816216	0.487845	-0.033612	-0.067707	0.997139	-0.678026	0.734541	0.027021	-0.734269	-0.675178	-0.070596
60525	10.769494	-2.466929	-4.002761	-0.263444	-0.704142	0.416754	-0.041577	-0.069414	0.996721	-0.675937	0.736597	0.023102	-0.735786	-0.672760	-0.077545
60526	10.410110	-1.355876	-3.057345	0.240368	-0.612924	0.408479	-0.048813	-0.070564	0.996312	-0.677523	0.735259	0.018880	-0.733880	-0.674103	-0.083699
60527	10.023455	0.187876	-2.089009	0.302470	-0.590795	0.410182	-0.055893	-0.071566	0.995869	-0.679529	0.733504	0.014573	-0.731516	-0.675907	-0.089629
60528	9.821875	0.804013	-1.645495	0.104233	-0.585088	0.412921	-0.062946	-0.072522	0.995378	-0.680051	0.733091	0.010407	-0.730458	-0.676253	-0.095464
60529	9.727467	0.911156	-1.692827	0.046297	-0.580365	0.437720	-0.070129	-0.073264	0.994844	-0.680103	0.733092	0.006046	-0.729755	-0.676172	-0.101238
60530	9.563909	1.180910	-1.343586	0.025005	-0.606928	0.473738	-0.077746	-0.073923	0.994229	-0.679940	0.733266	0.001350	-0.729134	-0.675911	-0.107272
60531	9.660400	0.887120	-1.218730	-0.153096	-0.655651	0.476238	-0.085731	-0.074880	0.993500	-0.678440	0.734649	-0.003174	-0.729636	-0.674303	-0.113784
60532	9.739683	0.290993	-1.124307	-0.189727	-0.670318	0.473374	-0.093801	-0.075942	0.992690	-0.676637	0.736278	-0.007610	-0.730318	-0.672404	-0.120449
60533	9.746339	-0.152289	-1.164559	-0.233294	-0.682589	0.477939	-0.101986	-0.077027	0.991799	-0.674470	0.738204	-0.012023	-0.731224	-0.670165	-0.127239
60534	9.683456	-0.421016	-1.323481	-0.237567	-0.678400	0.479737	-0.110149	-0.078050	0.990846	-0.672230	0.740160	-0.016426	-0.732102	-0.667886	-0.133995
60535	9.633924	-0.276377	-1.393984	-0.299820	-0.658486	0.465337	-0.118064	-0.079016	0.989857	-0.669509	0.742519	-0.020583	-0.733361	-0.665149	-0.140566
60536	9.661591	-0.399885	-1.519440	-0.552278	-0.664723	0.442087	-0.125867	-0.080160	0.988803	-0.664920	0.746525	-0.024120	-0.736233	-0.660510	-0.147263
60537	9.718630	-1.146344	-2.051565	-0.692603	-0.664786	0.409910	-0.133457	-0.081489	0.987699	-0.659284	0.751406	-0.027088	-0.739956	-0.654789	-0.154005
60538	9.746114	-1.511274	-2.385678	-0.516063	-0.626049	0.376636	-0.140542	-0.082768	0.986609	-0.654951	0.755078	-0.029953	-0.742487	-0.650390	-0.160330
60539	9.720468	-1.419031	-2.356890	-0.360872	-0.597902	0.340752	-0.147182	-0.084098	0.985528	-0.651787	0.757698	-0.032683	-0.743984	-0.647164	-0.166333
60540	9.813803	-1.304621	-2.439150	-0.292054	-0.589446	0.316918	-0.153602	-0.085530	0.984424	-0.649145	0.759847	-0.035270	-0.744995	-0.644451	-0.172236
60541	9.845536	-1.223190	-2.536613	-0.234831	-0.553756	0.291683	-0.159589	-0.086901	0.983351	-0.646947	0.761603	-0.037689	-0.745648	-0.642190	-0.177764
60542	9.814362	-1.275836	-2.587270	-0.242578	-0.540347	0.270631	-0.165339	-0.088332	0.982273	-0.644707	0.763390	-0.039870	-0.746335	-0.639870	-0.183167
60543	9.930263	-1.199483	-2.828695	-0.187855	-0.509465	0.250302	-0.170724	-0.089703	0.981227	-0.642893	0.764807	-0.041939	-0.746687	-0.637984	-0.188240
60544	9.883065	-0.975414	-2.781892	-0.131173	-0.468206	0.236131	-0.175709	-0.090910	0.980236	-0.641515	0.765850	-0.043965	-0.746716	-0.636561	-0.192886
60545	9.676752	-0.911777	-2.655250	-0.198559	-0.453703	0.208880	-0.180405	-0.092220	0.979260	-0.639669	0.767297	-0.045585	-0.747179	-0.634626	-0.197415
60546	9.677268	-1.136249	-2.666113	-0.220594	-0.456766	0.189174	-0.185001	-0.093692	0.978262	-0.637685	0.768864	-0.046956	-0.747751	-0.632510	-0.201987
60547	9.642855	-1.254963	-2.419661	-0.136508	-0.429379	0.170269	-0.189266	-0.095123	0.977308	-0.636356	0.769882	-0.048303	-0.747816	-0.631058	-0.206245
60548	9.497810	-0.774421	-2.110862	-0.014751	-0.397886	0.158384	-0.193221	-0.096444	0.976404	-0.635954	0.770120	-0.049781	-0.747147	-0.630567	-0.210138
60549	9.429586	-0.302077	-1.772337	-0.042354	-0.397348	0.157249	-0.197159	-0.097765	0.975485	-0.635341	0.770533	-0.051186	-0.746639	-0.629857	-0.214032
60550	9.499355	-0.319528	-1.660899	-0.191363	-0.418305	0.159090	-0.201266	-0.099200	0.974501	-0.633606	0.771887	-0.052285	-0.747018	-0.627973	-0.218208
60551	9.532995	-0.619053	-1.700300	-0.212866	-0.410968	0.155097	-0.205288	-0.100607	0.973517	-0.631711	0.773370	-0.053288	-0.747528	-0.625921	-0.222318
60552	9.358361	-0.673171	-1.654390	-0.150854	-0.410829	0.161608	-0.209352	-0.101955	0.972511	-0.630260	0.774470	-0.054483	-0.747625	-0.624341	-0.226395
60553	9.250183	-0.522238	-1.491652	-0.163664	-0.435196	0.162706	-0.213600	-0.103436	0.971430	-0.628703	0.775651	-0.055651	-0.747734	-0.622628	-0.230710
60554	9.283331	-0.562966	-1.205507	-0.223415	-0.473198	0.152449	-0.218070	-0.105224	0.970244	-0.626716	0.777192	-0.056571	-0.748113	-0.620404	-0.235428
60555	9.311639	-0.847033	-1.187308	-0.209795	-0.507424	0.147849	-0.222762	-0.107245	0.968956	-0.624831	0.778642	-0.057467	-0.748307	-0.618236	-0.240462
60556	9.351423	-0.800577	-1.035179	-0.134796	-0.536436	0.146557	-0.227664	-0.109445	0.967570	-0.623504	0.779627	-0.058520	-0.747938	-0.616607	-0.245732
60557	9.335671	-0.722678	-0.949580	-0.112318	-0.576361	0.144031	-0.232840	-0.111900	0.966056	-0.622345	0.780471	-0.059595	-0.747310	-0.615096	-0.251365
60558	9.253603	-0.915675	-1.021573	-0.132552	-0.615424	0.133866	-0.238242	-0.114665	0.964413	-0.621052	0.781430	-0.060511	-0.746683	-0.613367	-0.257383
60559	9.116262	-1.246115	-1.138928	-0.121018	-0.665946	0.127267	-0.243972	-0.117778	0.962604	-0.619854	0.782312	-0.061384	-0.745827	-0.611650	-0.263867
60560	9.379418	-1.363735	-1.400670	-0.086180	-0.706888	0.112448	-0.249909	-0.121245	0.960648	-0.618947	0.782966	-0.062197	-0.744614	-0.610134	-0.270714
60561	9.239832	-1.333474	-1.374535	-0.044132	-0.732682	0.107850	-0.255997	-0.124895	0.958576	-0.618359	0.783361	-0.063073	-0.743033	-0.608890	-0.277768
60562	9.303188	-1.418528	-1.464495	-0.124174	-0.817274	0.096524	-0.262632	-0.129134	0.956216	-0.617198	0.784232	-0.063610	-0.741681	-0.606881	-0.285665
60563	9.652801	-1.522044	-1.855470	-0.115640	-0.838532	0.066757	-0.269227	-0.133720	0.953748	-0.616177	0.785013	-0.063874	-0.740164	-0.604874	-0.293742
60564	9.703016	-1.145355	-2.603969	0.097419	-0.831845	0.053827	-0.275676	-0.138353	0.951242	-0.616761	0.784492	-0.064642	-0.737298	-0.604509	-0.301596
60565	9.445437	0.328735	-2.409039	0.156810	-0.848841	0.081717	-0.282396	-0.142872	0.948599	-0.617700	0.783651	-0.065859	-0.733961	-0.604548	-0.309552
60566	9.403456	0.871924	-2.244255	-0.219090	-0.957747	0.091222	-0.289954	-0.147957	0.945534	-0.615844	0.785098	-0.066000	-0.732572	-0.601439	-0.318761
60567	9.532723	0.094261	-2.470193	-0.405800	-1.020562	0.084679	-0.297919	-0.153434	0.942179	-0.612638	0.787649	-0.065448	-0.732065	-0.596713	-0.328655
60568	9.518527	-0.551862	-2.589631	-0.399333	-1.060009	0.083552	-0.306158	-0.159103	0.938591	-0.609478	0.790145	-0.064865	-0.731303	-0.591910	-0.338878
60569	9.547252	-0.607105	-2.737747	-0.283690	-1.084064	0.103468	-0.314677	-0.164709	0.934799	-0.607099	0.791978	-0.064821	-0.729663	-0.587914	-0.349212
60570	9.387855	-0.138558	-2.315835	-0.306870	-1.117018	0.128119	-0.323565	-0.170263	0.930761	-0.604469	0.793982	-0.064892	-0.727958	-0.583613	-0.359823
60571	9.612592	-0.584718	-2.036461	-0.550285	-1.214059	0.119454	-0.333090	-0.176388	0.926250	-0.600088	0.797373	-0.063952	-0.727286	-0.577133	-0.371445
60572	10.258751	-1.054884	-1.596103	-0.534757	-1.292533	0.080279	-0.342934	-0.183192	0.921324	-0.595946	0.800578	-0.062639	-0.726116	-0.570540	-0.383718
60573	10.659567	-0.313866	-0.754117	-0.151859	-1.316473	0.063483	-0.352819	-0.190200	0.916157	-0.594642	0.801550	-0.062594	-0.722441	-0.566869	-0.395903
60574	10.385745	0.312788	0.597940	-0.194445	-1.465605	0.079497	-0.363819	-0.197865	0.910211	-0.592972	0.802793	-0.062502	-0.718345	-0.562470	-0.409400
60575	10.687945	-0.032095	1.310678	-0.330905	-1.683629	0.086844	-0.376364	-0.206616	0.903139	-0.590298	0.804810	-0.061873	-0.714072	-0.556408	-0.424866
60576	11.612009	-0.320572	1.252783	-0.133701	-1.828629	0.078483	-0.389796	-0.216140	0.895177	-0.589064	0.805707	-0.061965	-0.707858	-0.551470	-0.441382
60577	12.029309	0.493645	1.364001	0.215392	-1.928566	0.100558	-0.403927	-0.225971	0.886442	-0.590198	0.804733	-0.063795	-0.698934	-0.548945	-0.458422
60578	12.225994	1.437238	0.709039	0.291605	-2.075688	0.141504	-0.419131	-0.236227	0.876656	-0.591657	0.803453	-0.066371	-0.688674	-0.546498	-0.476517
60579	12.196594	1.886907	-0.964893	0.387126	-2.125612	0.179745	-0.434687	-0.246410	0.866216	-0.593553	0.801764	-0.069783	-0.677305	-0.544479	-0.494773
60580	11.592281	2.480045	-2.755440	0.501107	-2.120703	0.189927	-0.450013	-0.256445	0.855409	-0.596094	0.799506	-0.073907	-0.664951	-0.543163	-0.512653
60581	10.481845	2.977261	-3.633158	0.175403	-2.222831	0.219222	-0.465949	-0.266747	0.843645	-0.596267	0.799118	-0.076652	-0.653725	-0.538754	-0.531401
