// General information: 
//  MT Manager version: 2022.2.0 
//  XDA version: 2022.2.0 build 7381 rev 124627 built on 2023-07-19
// Device information: 
//  DeviceId: 00B4CBA7
//  ProductCode: MTW2-3A7G6
//  Firmware Version: 4.6.0
//  Hardware Version: 2.0.0
// Device settings: 
//  Filter Profile: human(46.1)
//  Option Flags: Orientation Smoother Disabled, Position/Velocity Smoother Disabled, Continuous Zero Rotation Update Disabled, AHS Disabled, ICC Disabled
// Coordinate system: ENU
PacketCounter	Acc_X	Acc_Y	Acc_Z	Gyr_X	Gyr_Y	Gyr_Z	Mat[1][1]	Mat[2][1]	Mat[3][1]	Mat[1][2]	Mat[2][2]	Mat[3][2]	Mat[1][3]	Mat[2][3]	Mat[3][3]
42003	9.285705	0.855517	-3.012112	-0.009598	-0.004092	0.011594	-0.179206	-0.251525	0.951115	-0.621264	0.778550	0.088832	-0.762834	-0.574975	-0.295784
42004	9.297112	0.836256	-3.100940	0.000695	0.000979	0.006788	-0.179259	-0.251532	0.951103	-0.621271	0.778548	0.088804	-0.762816	-0.574974	-0.295832
42005	9.274731	0.861747	-3.102549	0.001676	-0.000263	0.007246	-0.179277	-0.251506	0.951107	-0.621279	0.778545	0.088768	-0.762805	-0.574989	-0.295831
42006	9.274477	0.880204	-3.153330	0.003007	0.007550	0.007411	-0.179286	-0.251470	0.951115	-0.621300	0.778533	0.088725	-0.762786	-0.575021	-0.295818
42007	9.220734	0.855457	-3.161230	-0.001090	0.007989	0.005726	-0.179231	-0.251408	0.951142	-0.621290	0.778543	0.088712	-0.762807	-0.575035	-0.295736
42008	9.232660	0.820925	-3.138606	-0.000785	0.003817	0.003866	-0.179247	-0.251420	0.951135	-0.621286	0.778546	0.088713	-0.762806	-0.575026	-0.295756
42009	9.286112	0.886531	-3.171604	0.018056	0.017062	0.002136	-0.179101	-0.251334	0.951186	-0.621429	0.778436	0.088677	-0.762725	-0.575212	-0.295605
42010	9.239221	1.052312	-3.130284	0.014242	0.022342	0.004698	-0.178980	-0.251234	0.951235	-0.621541	0.778352	0.088627	-0.762662	-0.575369	-0.295462
42011	9.228579	1.066974	-3.099438	-0.027815	0.015641	0.005424	-0.178865	-0.251130	0.951284	-0.621328	0.778515	0.088696	-0.762862	-0.575194	-0.295284
42012	9.243582	0.919134	-3.118196	-0.046345	0.022418	0.008485	-0.178769	-0.251001	0.951336	-0.620970	0.778789	0.088788	-0.763176	-0.574879	-0.295087
42013	9.266628	0.897091	-3.054413	-0.037187	0.022253	0.007834	-0.178618	-0.250841	0.951407	-0.620681	0.779011	0.088861	-0.763447	-0.574648	-0.294838
42014	9.290757	0.829015	-3.007801	-0.016167	0.026578	0.005246	-0.178468	-0.250715	0.951468	-0.620564	0.779101	0.088896	-0.763577	-0.574581	-0.294630
42015	9.301050	0.886020	-2.948956	-0.007669	0.021524	0.006760	-0.178317	-0.250568	0.951535	-0.620501	0.779151	0.088892	-0.763663	-0.574578	-0.294413
42016	9.289905	0.923080	-2.909288	-0.009116	0.020459	0.012773	-0.178260	-0.250414	0.951586	-0.620419	0.779224	0.088834	-0.763743	-0.574546	-0.294266
42017	9.279494	0.933647	-2.937977	-0.014280	0.019880	0.010695	-0.178145	-0.250246	0.951652	-0.620299	0.779321	0.088812	-0.763867	-0.574487	-0.294060
42018	9.236634	0.920459	-2.905689	-0.012410	0.015132	0.011684	-0.178122	-0.250134	0.951686	-0.620197	0.779407	0.088775	-0.763956	-0.574420	-0.293962
42019	9.237903	0.893479	-2.972591	-0.025255	0.011887	0.013158	-0.178083	-0.249992	0.951730	-0.619989	0.779574	0.088762	-0.764133	-0.574255	-0.293821
42020	9.238983	0.870353	-2.979596	-0.011850	0.019709	0.005133	-0.177984	-0.249906	0.951771	-0.619906	0.779637	0.088785	-0.764224	-0.574206	-0.293681
42021	9.249835	0.900695	-2.989703	-0.011431	0.013891	0.012137	-0.177924	-0.249761	0.951821	-0.619805	0.779722	0.088741	-0.764320	-0.574154	-0.293534
42022	9.293322	0.935543	-3.010142	-0.009980	0.014960	0.006122	-0.177869	-0.249692	0.951849	-0.619730	0.779781	0.088748	-0.764393	-0.574104	-0.293440
42023	9.251172	0.896479	-3.046306	-0.015448	0.018557	0.005898	-0.177734	-0.249568	0.951907	-0.619610	0.779873	0.088775	-0.764522	-0.574032	-0.293245
42024	9.275042	0.843786	-3.111060	-0.013311	0.020601	0.006668	-0.177637	-0.249463	0.951952	-0.619507	0.779953	0.088788	-0.764628	-0.573969	-0.293093
42025	9.264192	0.877827	-3.130937	-0.017799	0.022956	0.006901	-0.177475	-0.249306	0.952024	-0.619367	0.780062	0.088813	-0.764779	-0.573890	-0.292853
42026	9.276051	0.866395	-3.097881	-0.015178	0.025357	0.005667	-0.177336	-0.249182	0.952082	-0.619254	0.780149	0.088840	-0.764903	-0.573826	-0.292656
42027	9.254014	0.915039	-3.088315	-0.010894	0.027485	0.011678	-0.177169	-0.248962	0.952171	-0.619158	0.780230	0.088799	-0.765019	-0.573812	-0.292379
42028	9.232732	0.921348	-3.036312	-0.022188	0.025625	0.011514	-0.177063	-0.248791	0.952235	-0.618979	0.780372	0.088792	-0.765188	-0.573692	-0.292171
42029	9.266478	0.906302	-2.992788	-0.020239	0.025097	0.007963	-0.176891	-0.248613	0.952313	-0.618818	0.780497	0.088814	-0.765358	-0.573599	-0.291910
42030	9.298988	0.956398	-2.982898	-0.017617	0.027498	0.006730	-0.176740	-0.248471	0.952379	-0.618687	0.780599	0.088840	-0.765500	-0.573523	-0.291688
42031	9.299975	0.936865	-2.929288	-0.037568	0.022262	0.014096	-0.176628	-0.248262	0.952454	-0.618382	0.780838	0.088854	-0.765771	-0.573287	-0.291438
42032	9.291020	0.863951	-2.872954	-0.050513	0.018725	0.011136	-0.176571	-0.248134	0.952498	-0.617990	0.781140	0.088933	-0.766101	-0.572931	-0.291271
42033	9.324924	0.826589	-2.838836	-0.041628	0.011749	0.010741	-0.176518	-0.248012	0.952539	-0.617660	0.781394	0.088990	-0.766379	-0.572637	-0.291118
42034	9.304595	0.784409	-2.865003	-0.020599	0.016045	0.008236	-0.176465	-0.247920	0.952573	-0.617498	0.781520	0.089009	-0.766522	-0.572505	-0.291001
42035	9.258674	0.904902	-2.840940	-0.011224	0.007459	0.010316	-0.176442	-0.247826	0.952602	-0.617402	0.781599	0.088982	-0.766605	-0.572438	-0.290915
42036	9.238217	0.842733	-2.817041	-0.020563	0.003114	0.011058	-0.176504	-0.247787	0.952601	-0.617237	0.781730	0.088975	-0.766723	-0.572276	-0.290922
42037	9.282391	0.851543	-2.906737	-0.002345	0.002437	0.005470	-0.176490	-0.247759	0.952610	-0.617218	0.781746	0.088968	-0.766742	-0.572266	-0.290892
42038	9.237825	0.903308	-2.909643	0.015664	0.006235	0.006131	-0.176497	-0.247739	0.952614	-0.617336	0.781660	0.088903	-0.766646	-0.572392	-0.290899
42039	9.226431	0.936468	-2.931642	0.011211	-0.004339	0.009183	-0.176558	-0.247721	0.952608	-0.617414	0.781608	0.088821	-0.766569	-0.572471	-0.290945
42040	9.249252	0.886353	-2.939244	0.010629	-0.005000	0.006792	-0.176655	-0.247762	0.952579	-0.617497	0.781549	0.088764	-0.766480	-0.572534	-0.291057
42041	9.292820	0.897744	-2.970066	0.020460	-0.002260	0.008509	-0.176696	-0.247738	0.952578	-0.617647	0.781442	0.088661	-0.766349	-0.572690	-0.291092
42042	9.269900	0.945526	-2.963540	0.019786	-0.005187	0.006190	-0.176788	-0.247787	0.952548	-0.617805	0.781326	0.088585	-0.766201	-0.572828	-0.291213
42043	9.270285	0.921493	-2.973008	0.003431	-0.009262	0.012778	-0.176908	-0.247769	0.952530	-0.617817	0.781327	0.088492	-0.766163	-0.572834	-0.291299
42044	9.304369	0.856614	-3.009908	-0.002221	-0.008226	0.008225	-0.177040	-0.247814	0.952494	-0.617793	0.781350	0.088458	-0.766152	-0.572783	-0.291428
42045	9.336448	0.883001	-3.011963	0.008588	-0.006733	0.010401	-0.177127	-0.247800	0.952482	-0.617848	0.781315	0.088372	-0.766087	-0.572836	-0.291495
42046	9.325409	0.893390	-3.043132	0.003611	-0.002769	0.008165	-0.177213	-0.247819	0.952461	-0.617877	0.781298	0.088323	-0.766044	-0.572852	-0.291578
42047	9.292679	0.888012	-3.033365	-0.006032	-0.002936	0.010768	-0.177273	-0.247780	0.952459	-0.617820	0.781348	0.088276	-0.766076	-0.572800	-0.291596
42048	9.260846	0.856489	-3.091959	-0.003500	-0.002805	0.009616	-0.177371	-0.247786	0.952440	-0.617789	0.781378	0.088233	-0.766079	-0.572757	-0.291673
42049	9.304697	0.829324	-3.020379	-0.002338	0.000481	0.009931	-0.177400	-0.247735	0.952448	-0.617762	0.781405	0.088184	-0.766094	-0.572742	-0.291662
42050	9.282979	0.812525	-2.979806	0.008675	-0.002508	0.005861	-0.177472	-0.247768	0.952426	-0.617830	0.781356	0.088141	-0.766022	-0.572795	-0.291747
42051	9.303349	0.896108	-2.994394	0.012554	0.005439	0.004879	-0.177432	-0.247727	0.952444	-0.617926	0.781285	0.088096	-0.765954	-0.572909	-0.291702
42052	9.281741	0.879269	-2.953499	0.004772	0.000517	0.008478	-0.177497	-0.247724	0.952433	-0.617962	0.781263	0.088039	-0.765909	-0.572941	-0.291756
42053	9.282275	0.855713	-2.962256	0.008184	-0.000905	0.003398	-0.177495	-0.247731	0.952431	-0.618027	0.781213	0.088021	-0.765857	-0.573005	-0.291767
42054	9.248134	0.918860	-2.926263	0.018017	0.001832	0.005109	-0.177531	-0.247744	0.952421	-0.618165	0.781112	0.087957	-0.765738	-0.573138	-0.291818
42055	9.237260	0.910196	-2.906111	0.002444	-0.004094	0.003385	-0.177554	-0.247770	0.952410	-0.618186	0.781095	0.087956	-0.765716	-0.573150	-0.291854
42056	9.259435	0.883702	-2.905044	0.003230	-0.007913	-0.000469	-0.177626	-0.247884	0.952367	-0.618226	0.781059	0.087990	-0.765666	-0.573149	-0.291985
42057	9.302794	0.896010	-2.936264	0.003721	-0.009514	0.001993	-0.177682	-0.247952	0.952339	-0.618260	0.781032	0.087999	-0.765626	-0.573157	-0.292074
42058	9.270848	0.845578	-2.944256	0.010041	-0.003703	-0.000071	-0.177726	-0.248038	0.952308	-0.618348	0.780961	0.088008	-0.765545	-0.573217	-0.292171
42059	9.248329	0.871478	-2.946589	0.003235	-0.009870	0.003993	-0.177797	-0.248092	0.952281	-0.618374	0.780941	0.087999	-0.765507	-0.573220	-0.292263
42060	9.292526	0.838366	-2.995458	-0.006303	-0.014824	-0.004032	-0.177902	-0.248271	0.952214	-0.618343	0.780956	0.088094	-0.765508	-0.573123	-0.292450
42061	9.281717	0.827227	-3.035675	0.015591	-0.003087	-0.004378	-0.177869	-0.248352	0.952200	-0.618478	0.780844	0.088128	-0.765406	-0.573239	-0.292488
42062	9.269619	0.884111	-3.049509	0.018614	-0.004558	-0.003070	-0.177902	-0.248464	0.952164	-0.618634	0.780719	0.088141	-0.765273	-0.573361	-0.292600
42063	9.280727	0.869365	-3.079238	-0.005048	-0.009274	-0.003790	-0.177920	-0.248576	0.952132	-0.618611	0.780728	0.088230	-0.765288	-0.573301	-0.292679
42064	9.281972	0.801275	-3.105746	0.005457	-0.001649	-0.004233	-0.177922	-0.248682	0.952104	-0.618672	0.780673	0.088293	-0.765238	-0.573330	-0.292751
42065	9.355881	0.913208	-3.052119	0.014030	-0.002503	-0.007232	-0.177867	-0.248781	0.952088	-0.618800	0.780563	0.088359	-0.765147	-0.573436	-0.292782
42066	9.313136	0.874763	-3.089979	0.007290	0.006523	-0.006069	-0.177792	-0.248858	0.952082	-0.618885	0.780487	0.088435	-0.765096	-0.573506	-0.292779
42067	9.257654	0.919456	-3.072677	0.004578	-0.000095	-0.000305	-0.177762	-0.248890	0.952079	-0.618929	0.780449	0.088463	-0.765067	-0.573544	-0.292779
42068	9.279116	0.919950	-3.002627	-0.018996	-0.000593	-0.005558	-0.177748	-0.249000	0.952053	-0.618806	0.780530	0.088609	-0.765170	-0.573386	-0.292821
42069	9.280660	0.833096	-2.977447	-0.015880	0.000202	-0.004324	-0.177690	-0.249062	0.952047	-0.618701	0.780599	0.088735	-0.765268	-0.573265	-0.292800
42070	9.248448	0.806383	-2.975829	0.009729	0.004389	-0.007148	-0.177625	-0.249158	0.952034	-0.618803	0.780509	0.088815	-0.765201	-0.573346	-0.292818
42071	9.246630	0.878841	-2.889919	0.007007	0.001686	-0.010312	-0.177519	-0.249258	0.952028	-0.618883	0.780432	0.088931	-0.765160	-0.573407	-0.292803
42072	9.246436	0.899085	-2.940890	0.006423	0.001022	-0.012702	-0.177449	-0.249413	0.952001	-0.618964	0.780353	0.089071	-0.765112	-0.573448	-0.292850
42073	9.256845	0.911401	-2.901560	-0.000196	-0.000616	-0.008781	-0.177370	-0.249514	0.951989	-0.618986	0.780321	0.089193	-0.765112	-0.573448	-0.292851
42074	9.235796	0.870355	-2.929440	-0.004571	-0.005004	-0.014722	-0.177333	-0.249720	0.951942	-0.618987	0.780298	0.089385	-0.765120	-0.573388	-0.292946
42075	9.279678	0.861066	-2.968833	0.018603	-0.000633	-0.012005	-0.177234	-0.249846	0.951927	-0.619159	0.780151	0.089483	-0.765004	-0.573534	-0.292963
42076	9.200512	0.997160	-2.987270	0.029505	0.003133	-0.009916	-0.177163	-0.249970	0.951908	-0.619417	0.779940	0.089529	-0.764811	-0.573767	-0.293012
42077	9.264759	1.071560	-3.041101	0.011585	0.001595	-0.010624	-0.177056	-0.250072	0.951901	-0.619533	0.779836	0.089635	-0.764742	-0.573864	-0.293002
42078	9.265250	1.049324	-3.049600	0.004080	0.003465	-0.007236	-0.176999	-0.250171	0.951885	-0.619586	0.779783	0.089730	-0.764712	-0.573892	-0.293023
42079	9.266361	0.985148	-3.015748	-0.019087	-0.002870	-0.005483	-0.176958	-0.250259	0.951870	-0.619458	0.779868	0.089877	-0.764826	-0.573739	-0.293029
42080	9.279217	0.921894	-3.121261	0.001427	0.012040	-0.004377	-0.176852	-0.250288	0.951882	-0.619490	0.779834	0.089953	-0.764824	-0.573773	-0.292966
42081	9.213004	0.978102	-3.133655	-0.002477	0.015062	-0.001758	-0.176697	-0.250244	0.951922	-0.619483	0.779832	0.090015	-0.764866	-0.573794	-0.292816
42082	9.301241	0.980600	-3.201397	-0.024112	0.019117	0.004470	-0.176592	-0.250165	0.951963	-0.619305	0.779965	0.090083	-0.765034	-0.573647	-0.292664
42083	9.269354	0.956965	-3.138150	-0.030548	0.022010	0.008236	-0.176445	-0.250003	0.952032	-0.619065	0.780150	0.090132	-0.765262	-0.573467	-0.292422
42084	9.227033	0.941451	-3.164789	-0.031347	0.029749	0.003152	-0.176250	-0.249873	0.952103	-0.618833	0.780322	0.090234	-0.765494	-0.573289	-0.292162
42085	9.215739	0.983107	-3.064119	-0.028049	0.035080	0.004232	-0.175979	-0.249668	0.952207	-0.618619	0.780483	0.090314	-0.765729	-0.573160	-0.291798
42086	9.227297	0.994931	-3.021231	-0.033114	0.034821	0.006523	-0.175767	-0.249481	0.952295	-0.618364	0.780676	0.090388	-0.765984	-0.572978	-0.291488
42087	9.271621	0.991746	-2.937301	-0.031068	0.034600	0.007364	-0.175519	-0.249254	0.952400	-0.618122	0.780862	0.090446	-0.766237	-0.572824	-0.291125
42088	9.239507	0.990901	-2.863960	-0.037600	0.037191	0.006723	-0.175288	-0.249054	0.952495	-0.617836	0.781078	0.090532	-0.766520	-0.572616	-0.290788
42089	9.284259	0.964733	-2.788678	-0.036713	0.031721	0.011714	-0.175088	-0.248810	0.952595	-0.617542	0.781306	0.090565	-0.766802	-0.572411	-0.290448
42090	9.273620	0.959883	-2.706007	-0.035220	0.017899	0.013002	-0.175045	-0.248669	0.952640	-0.617258	0.781529	0.090584	-0.767041	-0.572169	-0.290295
42091	9.240727	0.939674	-2.583765	-0.071027	0.005845	0.005381	-0.175004	-0.248622	0.952660	-0.616712	0.781937	0.090777	-0.767489	-0.571630	-0.290171
42092	9.234066	0.770310	-2.683611	-0.090290	-0.005449	0.008880	-0.175112	-0.248648	0.952633	-0.616016	0.782460	0.090996	-0.768023	-0.570903	-0.290190
42093	9.334342	0.694524	-2.748175	-0.041389	0.000281	-0.006181	-0.175043	-0.248724	0.952626	-0.615717	0.782670	0.091213	-0.768279	-0.570582	-0.290144
42094	9.342578	0.857434	-2.826418	-0.039039	-0.004118	-0.007190	-0.175045	-0.248865	0.952589	-0.615435	0.782866	0.091434	-0.768504	-0.570252	-0.290197
42095	9.354317	0.880894	-3.017290	-0.056072	-0.009143	-0.007443	-0.175040	-0.249004	0.952553	-0.615026	0.783156	0.091706	-0.768833	-0.569792	-0.290228
42096	9.296215	0.999566	-2.914356	-0.086745	-0.011599	-0.006926	-0.175099	-0.249187	0.952495	-0.614380	0.783621	0.092064	-0.769336	-0.569074	-0.290306
42097	9.288488	0.855121	-3.007101	-0.083906	-0.015623	-0.009965	-0.175129	-0.249382	0.952438	-0.613760	0.784062	0.092441	-0.769824	-0.568379	-0.290373
42098	9.364010	0.937288	-3.140470	0.001279	0.002480	-0.019243	-0.175001	-0.249582	0.952409	-0.613813	0.783994	0.092662	-0.769810	-0.568385	-0.290397
42099	9.252217	1.070247	-3.147465	-0.010043	0.009638	-0.013346	-0.174816	-0.249661	0.952423	-0.613767	0.784007	0.092857	-0.769889	-0.568333	-0.290291
42100	9.307890	1.027748	-3.163994	-0.055212	-0.001667	-0.005322	-0.174808	-0.249776	0.952394	-0.613366	0.784291	0.093108	-0.770210	-0.567890	-0.290305
42101	9.321904	0.843148	-3.084188	-0.085976	-0.002431	-0.013692	-0.174714	-0.249926	0.952372	-0.612736	0.784734	0.093526	-0.770733	-0.567212	-0.290243
42102	9.334868	0.704084	-2.986912	-0.042057	-0.000624	-0.013054	-0.174651	-0.250096	0.952339	-0.612447	0.784925	0.093813	-0.770977	-0.566872	-0.290259
42103	9.353415	0.779434	-2.770644	0.003813	0.000654	-0.015924	-0.174520	-0.250246	0.952323	-0.612512	0.784853	0.093992	-0.770955	-0.566906	-0.290251
42104	9.352621	0.744529	-2.609811	-0.014740	-0.014739	-0.020739	-0.174517	-0.250557	0.952242	-0.612450	0.784868	0.094273	-0.771005	-0.566748	-0.290426
42105	9.449685	0.744042	-2.530772	-0.016751	-0.025473	-0.023275	-0.174542	-0.250913	0.952144	-0.612369	0.784894	0.094582	-0.771063	-0.566555	-0.290648
42106	9.448240	0.750007	-2.473705	-0.002499	-0.032403	-0.036719	-0.174577	-0.251447	0.951997	-0.612426	0.784801	0.094980	-0.771010	-0.566447	-0.291001
42107	9.501496	0.755370	-2.477113	-0.020161	-0.049327	-0.045488	-0.174649	-0.252112	0.951807	-0.612359	0.784790	0.095510	-0.771048	-0.566167	-0.291446
42108	9.509620	0.793782	-2.434035	-0.004918	-0.063433	-0.045116	-0.174873	-0.252886	0.951561	-0.612412	0.784689	0.095993	-0.770955	-0.565961	-0.292091
42109	9.461060	0.899128	-2.366280	-0.002213	-0.082942	-0.049725	-0.175179	-0.253774	0.951268	-0.612490	0.784565	0.096510	-0.770823	-0.565736	-0.292873
42110	9.399206	1.031130	-2.032354	-0.045632	-0.110559	-0.051265	-0.175726	-0.254863	0.950876	-0.612244	0.784675	0.097171	-0.770894	-0.565093	-0.293926
42111	9.498457	0.889723	-2.195601	-0.076289	-0.137189	-0.054175	-0.176423	-0.256091	0.950417	-0.611759	0.784956	0.097949	-0.771120	-0.564146	-0.295151
42112	9.615908	0.878314	-2.356318	0.035638	-0.124383	-0.063170	-0.177002	-0.257346	0.949970	-0.612155	0.784581	0.098483	-0.770673	-0.564097	-0.296408
42113	9.772980	1.422548	-2.125825	0.042653	-0.153726	-0.087606	-0.177621	-0.258929	0.949424	-0.612647	0.784103	0.099226	-0.770139	-0.564037	-0.297905
42114	9.939357	1.549408	-2.298286	-0.030676	-0.196863	-0.103145	-0.178515	-0.260901	0.948716	-0.612599	0.784000	0.100333	-0.769970	-0.563272	-0.299784
42115	10.002531	1.379577	-2.589606	0.023556	-0.213898	-0.111040	-0.179452	-0.263005	0.947959	-0.612988	0.783565	0.101354	-0.769443	-0.562899	-0.301831
42116	9.948507	1.505888	-2.646502	0.087648	-0.201001	-0.094270	-0.180423	-0.264931	0.947238	-0.613843	0.782808	0.102021	-0.768534	-0.563048	-0.303863
42117	9.799098	1.552655	-2.579909	0.074630	-0.219132	-0.079509	-0.181589	-0.266816	0.946486	-0.614569	0.782165	0.102585	-0.767679	-0.563052	-0.306009
42118	9.729488	1.486420	-2.490259	0.010297	-0.261526	-0.065112	-0.183196	-0.268852	0.945599	-0.614777	0.781919	0.103210	-0.767130	-0.562425	-0.308528
42119	10.013126	1.293265	-2.391858	-0.043656	-0.315912	-0.048342	-0.185293	-0.271033	0.944567	-0.614539	0.782022	0.103841	-0.766817	-0.561233	-0.311464
42120	10.498494	1.029540	-2.110394	0.004066	-0.364174	-0.032367	-0.187886	-0.273383	0.943377	-0.614640	0.781899	0.104174	-0.766105	-0.560264	-0.314940
42121	10.874552	1.043096	-1.489735	0.160689	-0.388055	-0.002110	-0.190814	-0.275602	0.942143	-0.615882	0.780981	0.103722	-0.764381	-0.560458	-0.318761
42122	10.925565	1.059040	-0.973904	0.488297	-0.301249	0.022252	-0.193243	-0.277174	0.941186	-0.619575	0.778284	0.101990	-0.760779	-0.563426	-0.322128
42123	10.862390	1.091249	-0.364125	0.756439	-0.283769	0.014117	-0.195453	-0.278699	0.940279	-0.625291	0.774030	0.099445	-0.755519	-0.568511	-0.325555
42124	11.208150	1.511995	0.296055	1.046237	-0.286380	-0.001338	-0.197590	-0.280391	0.939329	-0.633165	0.768031	0.096071	-0.748371	-0.575768	-0.329290
42125	10.922532	1.923107	0.538623	1.084744	-0.394037	-0.012367	-0.200415	-0.282797	0.938008	-0.641275	0.761700	0.092627	-0.740675	-0.582958	-0.334007
42126	10.699094	2.119552	0.426369	0.906793	-0.598686	-0.002699	-0.204793	-0.286362	0.935979	-0.647972	0.756372	0.089634	-0.733616	-0.588132	-0.340454
42127	10.755514	2.091468	-0.182402	0.750704	-0.721459	0.022399	-0.210178	-0.290476	0.933514	-0.653418	0.751995	0.086879	-0.727234	-0.591715	-0.347856
42128	10.494238	1.968284	-0.713320	0.699883	-0.756854	0.070041	-0.216089	-0.294474	0.930908	-0.658342	0.748039	0.083808	-0.721035	-0.594746	-0.355508
42129	10.001738	1.792044	-1.352235	0.549468	-0.773580	0.123598	-0.222432	-0.298187	0.928229	-0.662029	0.745119	0.080722	-0.715711	-0.596559	-0.363146
42130	9.356761	1.426543	-2.542932	0.313569	-0.792741	0.194730	-0.229341	-0.301497	0.925474	-0.663831	0.743824	0.077816	-0.711851	-0.596512	-0.370732
42131	9.123583	1.147493	-3.369111	0.191859	-0.773209	0.276585	-0.236640	-0.304076	0.922789	-0.664560	0.743504	0.074579	-0.708775	-0.595600	-0.378019
42132	8.720545	1.107397	-4.314543	0.057805	-0.755378	0.395835	-0.244575	-0.305655	0.920195	-0.664024	0.744356	0.070759	-0.706580	-0.593725	-0.385013
42133	8.468645	1.122957	-4.537566	-0.162248	-0.768952	0.502816	-0.253308	-0.306485	0.917552	-0.661637	0.746842	0.066806	-0.705742	-0.590164	-0.391963
42134	8.220933	0.846660	-4.951745	-0.375183	-0.730739	0.601446	-0.262396	-0.306310	0.915053	-0.657447	0.750877	0.062827	-0.706337	-0.585113	-0.398409
42135	8.040332	0.372041	-5.202362	-0.544503	-0.663236	0.676498	-0.271485	-0.305100	0.912803	-0.651802	0.756101	0.058866	-0.708132	-0.578986	-0.404135
42136	7.940176	0.156152	-5.282882	-0.690473	-0.581202	0.719947	-0.280241	-0.303018	0.910849	-0.644928	0.762251	0.055157	-0.711008	-0.571974	-0.409039
42137	7.934239	0.109218	-5.241757	-0.769005	-0.449083	0.731007	-0.288100	-0.300002	0.909394	-0.637381	0.768812	0.051700	-0.714663	-0.564736	-0.412710
42138	7.895683	0.337695	-4.925448	-0.806823	-0.278904	0.721518	-0.294638	-0.296037	0.908598	-0.629508	0.775477	0.048528	-0.718963	-0.557671	-0.414843
42139	7.911166	0.356378	-4.588944	-0.922327	-0.071434	0.677161	-0.299358	-0.291186	0.908623	-0.620853	0.782562	0.046239	-0.724518	-0.550279	-0.415050
42140	7.935886	0.141266	-4.370220	-1.020069	0.143354	0.594734	-0.301951	-0.285770	0.909484	-0.611653	0.789839	0.045105	-0.731236	-0.542669	-0.413285
42141	8.062317	-0.323827	-4.105390	-1.036378	0.377492	0.497235	-0.302167	-0.279819	0.911261	-0.602548	0.796820	0.044878	-0.738669	-0.535517	-0.409377
42142	8.240902	-0.876412	-3.952324	-0.929350	0.614562	0.389338	-0.299910	-0.273474	0.913929	-0.594490	0.802835	0.045147	-0.746080	-0.529781	-0.403356
42143	8.275468	-1.348577	-3.762649	-0.696530	0.847450	0.269394	-0.295125	-0.266860	0.917435	-0.588481	0.807229	0.045498	-0.752722	-0.526466	-0.395275
42144	8.475944	-1.851545	-3.582243	-0.386300	1.065238	0.136273	-0.287854	-0.260192	0.921651	-0.585179	0.809610	0.045796	-0.758093	-0.526148	-0.385309
42145	8.575835	-2.275864	-3.620052	-0.024827	1.281147	0.003087	-0.278108	-0.253437	0.926513	-0.584994	0.809738	0.045899	-0.761865	-0.529240	-0.373454
42146	8.770484	-2.492733	-3.511772	0.422558	1.469578	-0.129575	-0.266120	-0.246691	0.931839	-0.588582	0.807151	0.045591	-0.763381	-0.536331	-0.359997
42147	9.019952	-2.160585	-3.111526	0.893706	1.663959	-0.255342	-0.251885	-0.239757	0.937588	-0.596073	0.801676	0.044865	-0.762398	-0.547570	-0.344843
42148	9.106418	-1.468540	-2.835478	1.227172	1.813112	-0.368165	-0.235859	-0.232670	0.943523	-0.606322	0.793988	0.044228	-0.759437	-0.561647	-0.328342
42149	9.186005	-0.708248	-2.652163	1.427660	1.918068	-0.468442	-0.218437	-0.225473	0.949446	-0.618208	0.784775	0.044138	-0.755053	-0.577313	-0.310813
42150	9.257949	0.041271	-2.427495	1.501407	1.995538	-0.553065	-0.199952	-0.218133	0.955216	-0.630675	0.774747	0.044904	-0.749846	-0.593452	-0.292483
42151	9.361303	0.794326	-2.195751	1.419849	2.043273	-0.624396	-0.180677	-0.210685	0.960712	-0.642483	0.764863	0.046906	-0.744696	-0.608766	-0.273555
42152	9.479353	1.158970	-2.004566	1.240519	2.072479	-0.684551	-0.160837	-0.203162	0.965845	-0.652875	0.755796	0.050259	-0.740193	-0.622492	-0.254200
42153	9.689983	1.202926	-1.890446	1.050843	2.081360	-0.723408	-0.140684	-0.195546	0.970551	-0.661732	0.747740	0.054734	-0.736423	-0.634544	-0.234594
42154	9.744693	1.107025	-1.881440	0.955431	2.086544	-0.729801	-0.120477	-0.187659	0.974818	-0.669720	0.740208	0.059725	-0.732776	-0.645659	-0.214857
42155	9.828897	1.202243	-1.911131	0.959708	2.083519	-0.708635	-0.100447	-0.179338	0.978646	-0.677521	0.732651	0.064719	-0.728612	-0.656552	-0.195098
42156	9.751480	1.600616	-1.801884	0.981067	2.077180	-0.672563	-0.080756	-0.170515	0.982040	-0.685262	0.724970	0.069529	-0.723806	-0.667340	-0.175393
42157	9.527214	2.135314	-1.513247	0.906348	2.045549	-0.617590	-0.061713	-0.161244	0.984983	-0.692244	0.717845	0.074141	-0.719020	-0.677274	-0.155920
42158	9.282003	2.407150	-1.613872	0.736851	1.997113	-0.534403	-0.043655	-0.151484	0.987495	-0.697816	0.711977	0.078370	-0.714945	-0.685669	-0.136790
42159	8.971054	2.754494	-2.199001	0.571836	1.954357	-0.428093	-0.026686	-0.141080	0.989639	-0.702048	0.707402	0.081914	-0.711629	-0.692588	-0.117922
42160	8.745861	3.196633	-2.297634	0.288719	1.907958	-0.307862	-0.010930	-0.130025	0.991450	-0.704161	0.704971	0.084692	-0.709956	-0.697215	-0.099264
42161	8.560962	3.475992	-2.261773	-0.102534	1.880140	-0.163055	0.003606	-0.118076	0.992998	-0.703440	0.705478	0.086442	-0.710745	-0.698826	-0.080516
42162	8.516424	3.243104	-1.746993	-0.376257	1.913823	0.015733	0.017151	-0.104631	0.994363	-0.700764	0.708118	0.086598	-0.713187	-0.698299	-0.061177
42163	9.248656	2.494083	0.245221	-0.734748	1.917525	0.190483	0.029574	-0.089944	0.995508	-0.695551	0.713417	0.085120	-0.717868	-0.694943	-0.041462
42164	9.245001	2.243132	0.512826	-0.489241	1.644423	0.322520	0.039197	-0.076267	0.996317	-0.692142	0.717074	0.082122	-0.720696	-0.692812	-0.024680
42165	8.824399	2.065909	1.308339	-0.674488	0.935340	0.363799	0.043481	-0.067214	0.996791	-0.687416	0.721990	0.078670	-0.724961	-0.688631	-0.014812
42166	8.245640	-0.067503	-1.160932	-0.827191	0.114643	0.409125	0.041551	-0.063503	0.997116	-0.681569	0.727925	0.074761	-0.730573	-0.682710	-0.013035
42167	7.051709	-0.618694	-3.965535	-0.223492	-0.682700	0.464616	0.033426	-0.064797	0.997339	-0.680108	0.729743	0.070205	-0.732350	-0.680645	-0.019677
42168	6.803975	1.092348	-5.298282	0.189252	-1.350960	0.490695	0.020228	-0.070460	0.997309	-0.681625	0.728781	0.065314	-0.731422	-0.681112	-0.033286
42169	9.183833	3.545035	-1.785018	0.261127	-1.626201	0.432472	0.005425	-0.078420	0.996906	-0.683589	0.727320	0.060934	-0.729847	-0.681804	-0.049661
42170	11.673126	2.757365	0.126485	-0.060517	-1.253656	0.328283	-0.005943	-0.084621	0.996395	-0.683147	0.727994	0.057752	-0.730257	-0.680341	-0.062135
42171	11.178654	-1.515219	-0.537300	-0.168162	-1.024150	0.380909	-0.015995	-0.088828	0.995918	-0.681878	0.729462	0.054111	-0.731291	-0.678229	-0.072238
42172	9.368973	-2.832941	-2.355850	1.188161	-0.863851	0.612467	-0.026450	-0.090327	0.995561	-0.690389	0.721899	0.047156	-0.722954	-0.686077	-0.081455
42173	9.021395	1.735607	-2.359950	1.737072	-0.832389	0.679432	-0.037117	-0.091246	0.995136	-0.702627	0.710492	0.038940	-0.710590	-0.697764	-0.090483
42174	9.388172	4.535025	-1.389519	0.340058	-0.814894	0.577660	-0.046936	-0.092891	0.994569	-0.704799	0.708643	0.032924	-0.707853	-0.699426	-0.098730
42175	9.312116	2.004631	-2.606590	-1.270505	-0.837268	0.501861	-0.056380	-0.095151	0.993865	-0.695495	0.717934	0.029280	-0.716315	-0.689578	-0.106654
42176	9.783055	-2.302152	-4.586571	-1.776759	-0.943602	0.500656	-0.066616	-0.098025	0.992952	-0.682360	0.730542	0.026341	-0.727975	-0.675796	-0.115554
42177	10.529791	-4.244704	-5.325740	-0.769845	-0.779013	0.411721	-0.075071	-0.100272	0.992124	-0.676450	0.736123	0.023213	-0.732653	-0.669379	-0.123090
42178	10.462074	-2.267123	-4.051449	0.375421	-0.513435	0.330910	-0.081053	-0.101340	0.991545	-0.678941	0.733934	0.019512	-0.729705	-0.671619	-0.128291
42179	10.184973	-0.317984	-3.551202	0.358243	-0.497524	0.317694	-0.086805	-0.102385	0.990950	-0.681288	0.731842	0.015934	-0.726851	-0.673739	-0.133281
42180	10.007433	0.155429	-4.302312	0.266450	-0.456828	0.334975	-0.092397	-0.103075	0.990373	-0.682926	0.730384	0.012303	-0.724621	-0.675215	-0.137878
42181	9.531281	1.009923	-3.943694	0.214589	-0.407114	0.333792	-0.097593	-0.103417	0.989839	-0.684167	0.729273	0.008738	-0.722766	-0.676362	-0.141927
42182	9.611217	1.688838	-3.247788	-0.138083	-0.439724	0.342604	-0.103110	-0.103950	0.989223	-0.682830	0.730556	0.005596	-0.723265	-0.674894	-0.146308
42183	9.917912	1.244182	-2.473922	-0.644292	-0.471970	0.362281	-0.108966	-0.104495	0.988538	-0.677778	0.735260	0.003011	-0.727147	-0.669682	-0.150942
42184	9.920903	-0.451673	-2.315941	-0.895750	-0.507375	0.371825	-0.115171	-0.105197	0.987760	-0.670829	0.741612	0.000764	-0.732614	-0.662530	-0.155981
42185	9.878030	-1.592582	-2.270094	-0.572515	-0.479698	0.376044	-0.121176	-0.105594	0.986999	-0.666187	0.745782	-0.002002	-0.735875	-0.657768	-0.160716
42186	9.611011	-1.251532	-1.747584	-0.125791	-0.433491	0.370138	-0.126829	-0.105747	0.986272	-0.664808	0.746995	-0.005398	-0.736169	-0.656366	-0.165042
42187	9.489374	-0.318059	-0.917680	-0.037531	-0.453172	0.358228	-0.132513	-0.106070	0.985489	-0.664073	0.747615	-0.008827	-0.735831	-0.655607	-0.169507
42188	9.599900	-0.091118	-0.557204	-0.124144	-0.461085	0.355245	-0.138262	-0.106497	0.984653	-0.662685	0.748801	-0.012064	-0.736025	-0.654183	-0.174104
42189	9.472176	-0.103238	-0.316257	-0.092498	-0.474740	0.345704	-0.144014	-0.107036	0.983770	-0.661523	0.749770	-0.015264	-0.735967	-0.652984	-0.178784
42190	9.471221	0.128618	-0.136668	-0.012925	-0.512245	0.338716	-0.150018	-0.107902	0.982777	-0.660936	0.750214	-0.018522	-0.735294	-0.652332	-0.183862
42191	9.475104	0.558505	-0.028884	0.100345	-0.542347	0.352914	-0.156304	-0.108821	0.981696	-0.661140	0.749936	-0.022136	-0.733800	-0.652498	-0.189164
42192	9.378645	1.065444	0.082539	0.058272	-0.589887	0.375104	-0.163101	-0.109917	0.980467	-0.660975	0.749962	-0.025878	-0.732469	-0.652285	-0.194972
42193	9.278737	0.657607	-0.507856	-0.138188	-0.628396	0.374741	-0.170147	-0.111225	0.979122	-0.659346	0.751271	-0.029236	-0.732334	-0.650554	-0.201162
42194	9.282209	-0.219818	-1.415609	-0.244871	-0.624739	0.358010	-0.177067	-0.112648	0.977731	-0.656938	0.753257	-0.032186	-0.732857	-0.648008	-0.207380
42195	9.280714	-0.982695	-2.350804	-0.280789	-0.612812	0.354069	-0.183851	-0.113967	0.976325	-0.654249	0.755468	-0.035015	-0.733592	-0.645197	-0.213457
42196	9.348461	-1.197579	-2.821503	-0.230647	-0.606581	0.353917	-0.190602	-0.115255	0.974878	-0.651901	0.757355	-0.037917	-0.733959	-0.642751	-0.219488
42197	9.360957	-1.174852	-2.965314	-0.217193	-0.599690	0.343332	-0.197208	-0.116527	0.973412	-0.649650	0.759141	-0.040739	-0.734210	-0.640411	-0.225410
42198	9.522920	-1.232716	-3.298276	-0.142036	-0.573430	0.320949	-0.203490	-0.117815	0.971963	-0.647973	0.760421	-0.043486	-0.733978	-0.638654	-0.231079
42199	9.644185	-0.991177	-3.428928	-0.039258	-0.528156	0.298668	-0.209268	-0.118941	0.970598	-0.647078	0.761020	-0.046256	-0.733142	-0.637732	-0.236221
42200	9.688872	-0.834359	-3.510171	-0.061989	-0.513288	0.282186	-0.214847	-0.120122	0.969232	-0.646033	0.761748	-0.048797	-0.732449	-0.636640	-0.241262
42201	9.697397	-0.989511	-3.722375	-0.142921	-0.494963	0.268188	-0.220173	-0.121252	0.967896	-0.644413	0.762974	-0.051007	-0.732295	-0.634955	-0.246123
42202	9.703014	-1.183704	-3.796581	-0.107946	-0.458877	0.250561	-0.225141	-0.122309	0.966619	-0.643073	0.763960	-0.053116	-0.731962	-0.633565	-0.250652
42203	9.638226	-1.074824	-3.747979	-0.027974	-0.424193	0.237888	-0.229743	-0.123205	0.965421	-0.642338	0.764424	-0.055304	-0.731177	-0.632833	-0.254760
42204	9.625551	-0.816000	-3.451826	-0.009532	-0.402493	0.234938	-0.234191	-0.124015	0.964248	-0.641732	0.764771	-0.057501	-0.730298	-0.632255	-0.258687
42205	9.679716	-0.825942	-3.298381	-0.051477	-0.387687	0.214555	-0.238367	-0.124851	0.963117	-0.640860	0.765357	-0.059395	-0.729712	-0.631380	-0.262448
42206	9.592768	-0.923870	-3.135692	-0.037008	-0.360108	0.203384	-0.242296	-0.125626	0.962035	-0.640110	0.765841	-0.061210	-0.729076	-0.630639	-0.265975
42207	9.372366	-0.547623	-2.791853	0.011695	-0.334459	0.198958	-0.245977	-0.126239	0.961020	-0.639720	0.766012	-0.063116	-0.728185	-0.630309	-0.269179
42208	9.320194	-0.429882	-2.410593	-0.152500	-0.363662	0.189181	-0.249834	-0.127138	0.959906	-0.638150	0.767208	-0.064475	-0.728250	-0.628671	-0.272808
42209	9.357146	-0.905242	-2.296935	-0.237197	-0.375398	0.171255	-0.253630	-0.128207	0.958767	-0.636002	0.768909	-0.065427	-0.728817	-0.626372	-0.276558
42210	9.386584	-1.184972	-2.230493	-0.185371	-0.380456	0.165004	-0.257451	-0.129376	0.957591	-0.634238	0.770277	-0.066448	-0.729014	-0.624448	-0.280364
42211	9.230192	-1.022603	-2.109224	-0.116282	-0.379038	0.164273	-0.261225	-0.130502	0.956416	-0.632976	0.771210	-0.067653	-0.728768	-0.623061	-0.284064
42212	9.159093	-0.877315	-1.885358	-0.171736	-0.418089	0.162187	-0.265296	-0.131909	0.955101	-0.631307	0.772487	-0.068669	-0.728745	-0.621179	-0.288213
42213	9.191575	-0.987537	-1.955219	-0.189738	-0.450682	0.143906	-0.269458	-0.133619	0.953697	-0.629551	0.773849	-0.069453	-0.728737	-0.619116	-0.292640
42214	9.120975	-0.955713	-2.022768	-0.113230	-0.454543	0.133560	-0.273607	-0.135452	0.952256	-0.628374	0.774724	-0.070349	-0.728207	-0.617621	-0.297085
42215	8.946788	-0.784698	-1.915533	-0.139780	-0.496287	0.131496	-0.278016	-0.137522	0.950681	-0.627006	0.775759	-0.071143	-0.727716	-0.615861	-0.301901
42216	9.005431	-1.006698	-1.890574	-0.210280	-0.551606	0.123283	-0.282798	-0.140010	0.948906	-0.625141	0.777218	-0.071631	-0.727478	-0.613457	-0.307322
42217	9.078553	-1.270650	-1.986962	-0.161888	-0.579899	0.114799	-0.287703	-0.142697	0.947029	-0.623649	0.778365	-0.072179	-0.726835	-0.611380	-0.312930
42218	9.124457	-1.155694	-2.206835	-0.079010	-0.580831	0.101239	-0.292546	-0.145507	0.945116	-0.622792	0.778989	-0.072846	-0.725635	-0.609922	-0.318511
42219	9.053063	-0.937156	-2.294711	-0.060421	-0.610166	0.098573	-0.297554	-0.148484	0.943087	-0.622076	0.779495	-0.073544	-0.724212	-0.608556	-0.324310
42220	8.812632	-0.911136	-2.266790	-0.127926	-0.658829	0.084433	-0.302841	-0.151878	0.940862	-0.620908	0.780394	-0.073881	-0.723022	-0.606563	-0.330638
42221	9.206691	-1.194014	-2.379821	-0.199292	-0.731360	0.060556	-0.308472	-0.155860	0.938378	-0.619297	0.781686	-0.073746	-0.722023	-0.603883	-0.337652
42222	9.757953	-1.231474	-2.698476	-0.082184	-0.741307	0.067479	-0.314229	-0.159850	0.935793	-0.618506	0.782282	-0.074060	-0.720216	-0.602065	-0.344684
42223	9.715812	-0.699360	-2.987041	0.054469	-0.739967	0.097690	-0.320124	-0.163567	0.933149	-0.618602	0.782105	-0.075125	-0.717532	-0.601296	-0.351554
42224	9.529468	-0.135567	-3.310683	-0.086007	-0.783158	0.115710	-0.326442	-0.167408	0.930274	-0.617622	0.782808	-0.075859	-0.715526	-0.599322	-0.358936
42225	9.573481	-0.152206	-3.632887	-0.261229	-0.817950	0.128065	-0.333051	-0.171321	0.927214	-0.615347	0.784578	-0.076064	-0.714441	-0.595891	-0.366727
42226	9.536448	-0.216092	-3.675046	-0.345825	-0.829643	0.127220	-0.339747	-0.175296	0.924036	-0.612463	0.786845	-0.075919	-0.713766	-0.591731	-0.374690
42227	9.568211	-0.378325	-3.766375	-0.392335	-0.853205	0.124821	-0.346569	-0.179370	0.920715	-0.609250	0.789371	-0.075547	-0.713235	-0.587128	-0.382853
42228	9.567658	-0.279307	-3.288608	-0.372377	-0.866023	0.126128	-0.353499	-0.183484	0.917263	-0.606167	0.791772	-0.075226	-0.712460	-0.582607	-0.391113
42229	9.953667	0.087084	-2.659615	-0.361826	-0.923382	0.102559	-0.360665	-0.188059	0.913540	-0.603241	0.794054	-0.074697	-0.711352	-0.578025	-0.399832
42230	9.967913	-0.241549	-1.945536	-0.481806	-0.996112	0.095343	-0.368307	-0.193074	0.909435	-0.599480	0.797001	-0.073576	-0.710615	-0.572286	-0.409285
42231	10.193270	-0.999634	-1.730388	-0.429512	-1.087005	0.085459	-0.376507	-0.198612	0.904874	-0.596128	0.799606	-0.072535	-0.709136	-0.566731	-0.419455
42232	10.344200	-0.527493	-1.030281	-0.193247	-1.150727	0.099676	-0.385224	-0.204356	0.899912	-0.594396	0.800891	-0.072573	-0.705901	-0.562861	-0.429991
42233	10.439084	0.029491	-0.104395	-0.220462	-1.297739	0.123531	-0.395066	-0.210671	0.894171	-0.592379	0.802374	-0.072684	-0.702147	-0.558403	-0.441787
42234	10.899116	0.540010	0.789426	-0.186549	-1.463951	0.144783	-0.406143	-0.217688	0.887502	-0.590510	0.803713	-0.073095	-0.697385	-0.553766	-0.454969
42235	11.391323	0.859737	2.191612	-0.324107	-1.698354	0.155880	-0.418834	-0.225815	0.879537	-0.587633	0.805834	-0.072938	-0.692290	-0.547394	-0.470207
42236	12.768837	0.328090	2.209089	-0.332477	-1.967702	0.122445	-0.433075	-0.235561	0.870032	-0.584839	0.807915	-0.072372	-0.685864	-0.540171	-0.487653
42237	13.851229	1.404835	1.674328	0.461995	-1.986313	0.090506	-0.447089	-0.245581	0.860117	-0.587602	0.805628	-0.075412	-0.674415	-0.539122	-0.504491
42238	13.502696	3.572670	0.970692	0.833254	-2.039854	0.089004	-0.461177	-0.255907	0.849604	-0.592780	0.801342	-0.080399	-0.660249	-0.540706	-0.521256
42239	12.914286	4.261058	-1.031424	0.575903	-2.156335	0.134717	-0.476042	-0.266508	0.838068	-0.595932	0.798571	-0.084555	-0.646722	-0.539683	-0.538974
42240	12.185625	3.780230	-2.626498	0.171624	-2.259866	0.182049	-0.491542	-0.277224	0.825550	-0.596175	0.798132	-0.086953	-0.634793	-0.534914	-0.557589
42241	11.648901	3.458280	-3.240547	-0.395678	-2.408512	0.234034	-0.508079	-0.288147	0.811682	-0.592534	0.800878	-0.086590	-0.625107	-0.524944	-0.577646
42242	12.103967	2.041843	-4.037928	-0.913160	-2.538118	0.251992	-0.525257	-0.299288	0.796575	-0.585585	0.806332	-0.083178	-0.617410	-0.510153	-0.598790
42243	12.132727	0.459660	-4.880861	-0.750720	-2.294344	0.308888	-0.541106	-0.308376	0.782374	-0.579355	0.811038	-0.081020	-0.609551	-0.497113	-0.617517
42244	10.839973	-0.135710	-5.471228	-0.451064	-1.966239	0.436234	-0.555448	-0.314537	0.769769	-0.574260	0.814604	-0.081516	-0.601417	-0.487325	-0.633097
42245	9.695881	-1.141243	-6.205080	-0.746440	-1.884486	0.566670	-0.569929	-0.319007	0.757242	-0.566630	0.819979	-0.081030	-0.595073	-0.475258	-0.648088
42246	9.422335	-2.768721	-7.058780	-0.755094	-1.761135	0.633845	-0.583843	-0.322086	0.745244	-0.558531	0.825541	-0.080779	-0.589211	-0.463404	-0.661881
42247	8.709678	-3.778224	-7.630275	-0.797514	-1.819040	0.612917	-0.597877	-0.325356	0.732589	-0.550261	0.831157	-0.079944	-0.582887	-0.450912	-0.675960
42248	9.013680	-4.493399	-7.396190	-0.853607	-1.960160	0.595364	-0.612408	-0.329122	0.718774	-0.541743	0.836882	-0.078371	-0.575735	-0.437386	-0.690813
42249	9.398004	-5.409598	-7.736681	-0.440647	-1.891626	0.545555	-0.626125	-0.332758	0.705152	-0.535874	0.840579	-0.079153	-0.566398	-0.427433	-0.704624
42250	9.067274	-5.376425	-7.512418	0.341469	-1.678858	0.476476	-0.638010	-0.335926	0.692890	-0.534807	0.840702	-0.084861	-0.554007	-0.424705	-0.716032
42251	7.332219	-4.134350	-6.640735	0.867435	-1.405614	0.344124	-0.647522	-0.339057	0.682463	-0.537369	0.838154	-0.093450	-0.540324	-0.427246	-0.724921
42252	7.000616	-2.131637	-6.883488	1.042120	-1.174237	0.263741	-0.655144	-0.341910	0.673709	-0.541246	0.834558	-0.102790	-0.527104	-0.431985	-0.731813
42253	7.044036	-0.548866	-6.258637	0.809532	-0.908553	0.240442	-0.661166	-0.343880	0.666788	-0.543917	0.831856	-0.110321	-0.516734	-0.435618	-0.737037
42254	6.215458	0.223365	-7.173931	0.292197	-0.654484	0.248179	-0.665812	-0.344682	0.661732	-0.543806	0.831419	-0.114091	-0.510852	-0.435817	-0.741009
42255	5.166963	-0.440792	-7.834382	-0.447457	-0.487747	0.259776	-0.669684	-0.344662	0.657823	-0.539815	0.834238	-0.112455	-0.510022	-0.430412	-0.744730
42256	6.510499	-1.387166	-6.021412	-0.390111	-0.105926	0.198181	-0.671227	-0.343477	0.656870	-0.536529	0.836575	-0.110811	-0.511460	-0.426809	-0.745817
42257	8.262454	-1.870238	-4.659313	-0.053609	0.476497	0.049867	-0.669024	-0.341055	0.660370	-0.535948	0.836960	-0.110715	-0.514943	-0.427995	-0.742734
42258	8.463399	-2.447775	-5.365144	0.430706	1.025262	-0.079568	-0.663226	-0.337309	0.668097	-0.538741	0.834814	-0.113332	-0.519509	-0.435095	-0.735393
42259	7.189084	-1.523419	-6.127607	1.030610	1.469648	-0.194374	-0.654483	-0.332465	0.679058	-0.545424	0.829595	-0.119518	-0.523608	-0.448597	-0.724290
42260	5.786692	-0.219297	-6.021555	0.964337	1.745581	-0.325764	-0.643430	-0.327218	0.692045	-0.552653	0.824110	-0.124168	-0.529691	-0.462354	-0.711095
42261	5.479037	-0.309812	-6.077475	0.603433	1.985209	-0.472869	-0.630168	-0.321843	0.706615	-0.558915	0.819737	-0.125080	-0.538982	-0.473760	-0.696455
42262	5.652749	-1.187268	-6.047817	0.468983	2.311444	-0.597623	-0.614141	-0.315659	0.723319	-0.565223	0.815566	-0.123992	-0.550776	-0.484985	-0.679291
42263	5.722829	-1.933859	-6.073837	0.599074	2.601719	-0.692014	-0.595686	-0.308529	0.741599	-0.572772	0.810449	-0.122904	-0.563108	-0.497979	-0.659489
42264	5.731302	-1.856772	-6.082824	0.847965	2.872804	-0.784618	-0.574730	-0.300339	0.761237	-0.582223	0.803754	-0.122461	-0.575068	-0.513592	-0.636805
