// General information: 
//  MT Manager version: 2022.2.0 
//  XDA version: 2022.2.0 build 7381 rev 124627 built on 2023-07-19
// Device information: 
//  DeviceId: 00B4CB9F
//  ProductCode: MTW2-3A7G6
//  Firmware Version: 4.6.0
//  Hardware Version: 2.0.0
// Device settings: 
//  Filter Profile: human(46.1)
//  Option Flags: Orientation Smoother Disabled, Position/Velocity Smoother Disabled, Continuous Zero Rotation Update Disabled, AHS Disabled, ICC Disabled
// Coordinate system: ENU
PacketCounter	Acc_X	Acc_Y	Acc_Z	Gyr_X	Gyr_Y	Gyr_Z	Mat[1][1]	Mat[2][1]	Mat[3][1]	Mat[1][2]	Mat[2][2]	Mat[3][2]	Mat[1][3]	Mat[2][3]	Mat[3][3]
36603	10.101945	1.298292	1.927767	-0.330106	-0.302838	-0.007206	0.165345	0.012676	0.986154	-0.911718	0.383256	0.147938	-0.376074	-0.923555	0.074926
36604	10.302350	1.138204	2.503940	-0.332915	-0.231056	-0.015498	0.164556	0.010453	0.986312	-0.910458	0.386289	0.147806	-0.379456	-0.922319	0.073083
36605	10.251744	0.988410	2.573727	-0.145155	-0.127834	-0.022857	0.164213	0.009118	0.986383	-0.909895	0.387580	0.147897	-0.380954	-0.921791	0.071942
36606	10.312968	1.610213	2.343634	0.227006	-0.006119	-0.002917	0.164158	0.009019	0.986393	-0.910776	0.385445	0.148050	-0.378865	-0.922687	0.071489
36607	9.919419	2.241263	1.743371	0.418684	0.112822	0.015670	0.164382	0.010053	0.986346	-0.912406	0.381523	0.148171	-0.374824	-0.924305	0.071888
36608	9.765714	2.374839	0.858308	0.377435	0.157073	0.065032	0.164316	0.011722	0.986338	-0.913945	0.377983	0.147764	-0.371087	-0.925738	0.072822
36609	10.060230	2.016363	-0.411907	0.267577	0.150595	0.108742	0.163830	0.013458	0.986397	-0.915137	0.375436	0.146873	-0.368352	-0.926751	0.073823
36610	10.900724	1.937548	-0.580925	0.308933	0.208197	0.148971	0.163172	0.015914	0.986469	-0.916537	0.372507	0.145595	-0.365149	-0.927893	0.075368
36611	10.887566	2.223844	0.608127	0.296162	0.356614	0.160539	0.162951	0.019761	0.986436	-0.917897	0.369683	0.144223	-0.361818	-0.928948	0.078378
36612	10.467512	2.140041	1.645858	0.117191	0.388203	0.135400	0.163052	0.023836	0.986330	-0.918564	0.368522	0.142943	-0.360077	-0.929314	0.081983
36613	9.972389	2.100331	2.375230	0.084649	0.462492	0.100438	0.163751	0.028443	0.986092	-0.919052	0.367661	0.142014	-0.358508	-0.929525	0.086346
36614	9.311142	2.152703	3.135047	0.015162	0.513855	0.079139	0.164806	0.033479	0.985758	-0.919260	0.367453	0.141209	-0.357492	-0.929439	0.091334
36615	9.248734	1.929626	3.381564	-0.166294	0.493670	0.080150	0.165804	0.038305	0.985414	-0.918816	0.368923	0.140258	-0.358169	-0.928670	0.096365
36616	9.655197	1.564607	3.386391	-0.260592	0.547848	0.071362	0.167058	0.043622	0.984982	-0.918023	0.371269	0.139259	-0.359618	-0.927500	0.102070
36617	9.548434	1.158533	3.552768	-0.219226	0.566283	0.065348	0.168462	0.049068	0.984486	-0.917362	0.373228	0.138374	-0.360648	-0.926441	0.107888
36618	9.796203	0.804110	3.596106	-0.226394	0.597169	0.080704	0.169822	0.054867	0.983946	-0.916704	0.375239	0.137292	-0.361682	-0.925303	0.114021
36619	9.994176	0.330826	3.412672	-0.173776	0.652521	0.132001	0.170942	0.061354	0.983369	-0.916320	0.376724	0.135782	-0.362128	-0.924291	0.120618
36620	10.056501	-0.101652	3.127307	-0.058844	0.735828	0.192251	0.171785	0.068847	0.982726	-0.916460	0.377098	0.133783	-0.361374	-0.923611	0.127875
36621	9.974378	-0.374786	2.853204	0.141620	0.848851	0.205445	0.172926	0.077425	0.981887	-0.917343	0.375598	0.131941	-0.358580	-0.923543	0.135976
36622	10.415154	-0.150598	2.735783	0.430825	0.968803	0.126619	0.175153	0.086818	0.980706	-0.919119	0.371469	0.131268	-0.352905	-0.924377	0.144860
36623	10.916101	0.472180	3.005074	0.593276	1.102241	0.107807	0.177975	0.097380	0.979205	-0.921400	0.365839	0.131087	-0.345466	-0.925570	0.154836
36624	11.082106	0.791798	3.349065	0.459697	1.237114	0.103764	0.181195	0.109179	0.977368	-0.923183	0.361430	0.130775	-0.338972	-0.925985	0.166281
36625	11.912897	0.845310	3.497139	0.282159	1.333399	0.085113	0.184860	0.121800	0.975188	-0.924307	0.358674	0.130417	-0.333890	-0.925482	0.178885
36626	9.235436	0.400844	2.773374	0.174577	1.602400	0.088623	0.189298	0.136904	0.972329	-0.925075	0.356898	0.129847	-0.329246	-0.924057	0.194206
36627	9.488957	0.347778	2.801497	0.202113	1.458323	0.090857	0.193190	0.150668	0.969524	-0.925929	0.354856	0.129357	-0.324552	-0.922700	0.208063
36628	9.683713	0.129386	2.267582	0.188615	1.472467	0.098353	0.196968	0.164559	0.966501	-0.926751	0.352914	0.128779	-0.319900	-0.921071	0.222018
36629	9.842147	0.212400	1.659962	0.292676	1.445979	0.068631	0.200879	0.178084	0.963293	-0.927836	0.350056	0.128770	-0.314275	-0.919645	0.235552
36630	9.950934	0.608025	0.985544	0.339566	1.394433	0.007987	0.205090	0.190895	0.959946	-0.928931	0.346872	0.129485	-0.308260	-0.918281	0.248468
36631	8.889684	0.794488	0.546059	0.382530	1.270429	0.002305	0.208906	0.202535	0.956733	-0.930124	0.343309	0.130419	-0.302040	-0.917125	0.260102
36632	9.050073	1.156646	0.084602	0.282147	1.108018	-0.047366	0.212611	0.212496	0.953752	-0.930891	0.340771	0.131591	-0.297048	-0.915817	0.270262
36633	8.772856	1.353113	-0.605736	0.248846	0.914538	-0.060469	0.215830	0.220629	0.951178	-0.931516	0.338575	0.132834	-0.292738	-0.914707	0.278594
36634	9.030721	1.900946	-1.118582	0.256878	0.762225	-0.138864	0.219285	0.227098	0.948863	-0.931983	0.336486	0.134850	-0.288655	-0.913895	0.285437
36635	9.332223	2.570626	-1.406382	0.263306	0.612175	-0.183034	0.222704	0.232037	0.946869	-0.932354	0.334449	0.137330	-0.284814	-0.913401	0.290824
36636	9.816259	3.296059	-1.890477	0.137916	0.445766	-0.200065	0.225779	0.235407	0.945308	-0.932319	0.333607	0.139600	-0.282498	-0.912847	0.294796
36637	9.963769	3.994904	-2.329900	-0.134835	0.314583	-0.166873	0.228182	0.237668	0.944165	-0.931579	0.335178	0.140768	-0.283007	-0.911685	0.297888
36638	10.029094	4.375239	-2.351036	-0.652462	0.162094	-0.068851	0.229232	0.238879	0.943605	-0.929579	0.341231	0.139440	-0.288678	-0.909119	0.300278
36639	9.966024	3.895372	-1.664599	-1.403665	0.013405	0.132923	0.227997	0.239398	0.943772	-0.925761	0.353585	0.133956	-0.301635	-0.904249	0.302241
36640	9.866199	2.922037	-1.084474	-1.973548	0.071485	0.346914	0.224962	0.241267	0.944025	-0.920439	0.370475	0.124658	-0.319661	-0.896961	0.305414
36641	8.990839	1.754692	-1.052639	-2.389152	0.230299	0.216164	0.223700	0.244070	0.943604	-0.913054	0.391210	0.115268	-0.341014	-0.887347	0.310363
36642	9.059357	0.660661	-0.008136	-2.468904	0.316621	0.067878	0.224141	0.247108	0.942708	-0.904544	0.412771	0.106869	-0.362714	-0.876674	0.316039
36643	8.768685	-0.310961	0.831612	-2.086604	0.514173	-0.027893	0.226257	0.251393	0.941068	-0.896754	0.430973	0.100474	-0.380316	-0.866639	0.322949
36644	7.302157	-0.521094	1.207670	-1.459870	0.429131	-0.087635	0.228641	0.254688	0.939605	-0.890941	0.443743	0.096519	-0.392361	-0.859201	0.328370
36645	6.236402	-1.057429	1.515066	-1.500617	-0.076530	0.102004	0.227379	0.254413	0.939986	-0.885212	0.456273	0.090636	-0.405831	-0.852695	0.328956
36646	7.340037	-2.680246	0.879082	-2.107954	-0.646266	0.510556	0.220133	0.251276	0.942551	-0.877616	0.472823	0.078916	-0.425830	-0.844570	0.324608
36647	8.692492	-5.803509	-0.863091	-2.127592	-0.836102	0.878831	0.208748	0.248396	0.945898	-0.870253	0.488458	0.063783	-0.446189	-0.836485	0.318132
36648	8.227463	-6.987810	-0.846736	-0.672143	-0.766012	0.454661	0.201289	0.244203	0.948603	-0.868190	0.492908	0.057335	-0.453573	-0.835109	0.311232
36649	9.428761	-3.112328	0.602424	-0.070762	-0.975897	-0.131064	0.197909	0.235321	0.951555	-0.867637	0.493762	0.058347	-0.456112	-0.837152	0.301893
36650	9.581401	-1.709785	-0.682967	-0.320308	-0.993525	-0.105695	0.194210	0.226455	0.954463	-0.865990	0.496642	0.058375	-0.460807	-0.837893	0.292561
36651	9.872733	-2.202946	-1.465617	-0.265273	-1.040573	0.115439	0.188304	0.218227	0.957559	-0.865014	0.498558	0.056484	-0.465072	-0.838938	0.282650
36652	9.377323	-3.511231	-1.557397	-0.027459	-1.083122	0.172038	0.181706	0.209964	0.960676	-0.865233	0.498373	0.054730	-0.467284	-0.841154	0.272225
36653	9.013571	-3.954083	-1.705030	0.186584	-1.247799	0.197947	0.174054	0.200347	0.964140	-0.866490	0.496343	0.053287	-0.467868	-0.844692	0.259989
36654	9.702022	-3.007781	-1.301658	0.487388	-1.365323	0.249732	0.165452	0.189991	0.967744	-0.869217	0.491680	0.052079	-0.465926	-0.849797	0.246492
36655	10.339668	-1.580328	1.087129	0.725184	-1.218713	0.306507	0.157013	0.181007	0.970867	-0.873106	0.484876	0.050803	-0.461554	-0.855647	0.234170
36656	11.600492	-0.400846	3.280665	0.911136	-0.984149	0.229425	0.150433	0.173635	0.973253	-0.877662	0.476599	0.050630	-0.455060	-0.861803	0.224089
36657	13.427689	0.637085	5.880593	1.107892	-0.847656	0.082988	0.145760	0.166604	0.975191	-0.882810	0.466821	0.052199	-0.446543	-0.868517	0.215124
36658	14.076055	2.292291	5.028500	1.292646	-0.797917	-0.202659	0.143973	0.158685	0.976776	-0.888248	0.455830	0.056871	-0.436219	-0.875807	0.206579
36659	12.996453	4.671932	4.373148	2.229162	-0.739679	-0.793268	0.147780	0.148537	0.977803	-0.896635	0.437349	0.069076	-0.417381	-0.886940	0.197814
36660	11.694840	8.231294	5.811366	3.146610	-0.296114	-1.189709	0.157260	0.140816	0.977466	-0.907540	0.410896	0.086815	-0.389412	-0.900742	0.192413
36661	8.218446	10.269596	10.039991	0.859195	-0.618458	-0.529634	0.159588	0.132985	0.978185	-0.910045	0.403809	0.093573	-0.382557	-0.905126	0.185465
36662	6.340891	3.098210	5.610089	-2.137254	-1.196357	-0.107141	0.155796	0.121728	0.980260	-0.901497	0.423168	0.090729	-0.403770	-0.897837	0.175665
36663	6.532383	-0.800358	2.831900	-2.944589	-1.449905	0.599090	0.144289	0.111323	0.983254	-0.890113	0.448696	0.079820	-0.432296	-0.886724	0.163832
36664	11.304249	-4.903005	-1.351317	-2.702020	-1.133105	1.175839	0.128780	0.106721	0.985914	-0.879719	0.471180	0.063906	-0.457723	-0.875557	0.154563
36665	9.909047	-6.941518	-0.693019	0.609291	-0.025218	0.265568	0.126236	0.107670	0.986140	-0.882858	0.465503	0.062190	-0.452355	-0.878472	0.153821
36666	9.254841	-0.472978	1.737070	1.663624	-0.322241	-0.967240	0.133311	0.100364	0.985979	-0.889035	0.451784	0.074216	-0.438001	-0.886464	0.149455
36667	9.849842	1.969583	1.664386	1.168396	-0.253443	-1.300112	0.143695	0.092225	0.985315	-0.892322	0.442597	0.088706	-0.427917	-0.891965	0.145894
36668	10.710468	3.492186	2.088850	0.877234	-0.200906	-0.859335	0.150462	0.086629	0.984813	-0.894804	0.435479	0.098403	-0.420341	-0.896021	0.143039
36669	9.623029	3.181891	2.722002	0.033721	-0.335464	-0.233785	0.151049	0.082531	0.985075	-0.894623	0.435326	0.100707	-0.420517	-0.896482	0.139590
36670	9.464472	1.767732	1.804432	-0.825126	-0.605085	-0.200533	0.150210	0.076209	0.985712	-0.890842	0.442826	0.101517	-0.428762	-0.893363	0.134407
36671	10.306251	1.140406	1.773801	-0.685711	-0.476275	-0.179638	0.149660	0.071086	0.986179	-0.887639	0.449025	0.102339	-0.435544	-0.890687	0.130300
36672	9.665343	1.088875	2.329482	0.062780	-0.129315	-0.286627	0.151581	0.068621	0.986060	-0.887507	0.448623	0.105211	-0.435149	-0.891083	0.128905
36673	9.484649	1.945955	2.749997	0.340239	-0.014334	-0.364872	0.154672	0.066791	0.985706	-0.888453	0.445786	0.109205	-0.432120	-0.892644	0.128292
36674	9.733753	2.037700	3.454954	-0.042461	-0.008997	-0.246822	0.156765	0.065584	0.985456	-0.887911	0.446286	0.111547	-0.432479	-0.892484	0.128195
36675	9.673148	1.240899	3.190457	-0.244398	0.037828	-0.200400	0.158623	0.064957	0.985200	-0.886565	0.448548	0.113168	-0.434559	-0.891395	0.128739
36676	9.345495	1.225153	2.418661	0.056421	0.087250	-0.257579	0.161225	0.064554	0.984804	-0.886424	0.448170	0.115742	-0.433888	-0.891615	0.129478
36677	9.285146	2.150284	1.482215	0.268858	0.085617	-0.340329	0.164534	0.063732	0.984310	-0.887063	0.445939	0.119405	-0.431332	-0.892792	0.129906
36678	8.843058	2.687811	0.525610	0.294631	0.019739	-0.368599	0.167830	0.062242	0.983849	-0.887744	0.443496	0.123378	-0.428654	-0.894113	0.129687
36679	9.114083	2.926740	-0.473838	0.137455	-0.143679	-0.366524	0.170395	0.059268	0.983592	-0.887742	0.442439	0.127130	-0.427645	-0.894838	0.128004
36680	9.778702	2.619220	-0.881511	-0.175085	-0.228622	-0.304244	0.172054	0.055848	0.983503	-0.886497	0.444138	0.129864	-0.429558	-0.894216	0.125924
36681	9.775048	1.906040	-0.811967	-0.337207	-0.252105	-0.269629	0.173276	0.052325	0.983482	-0.884605	0.447253	0.132060	-0.432955	-0.892876	0.123786
36682	9.937605	1.396005	-0.379386	-0.370420	-0.269067	-0.227225	0.174055	0.048879	0.983522	-0.882626	0.450630	0.133804	-0.436664	-0.891372	0.121576
36683	9.505650	1.186942	0.288790	-0.320869	-0.212661	-0.208711	0.174887	0.045962	0.983515	-0.880887	0.453535	0.135443	-0.439833	-0.890053	0.119805
36684	9.608508	1.458454	1.040238	-0.179720	-0.252842	-0.221057	0.175659	0.042682	0.983525	-0.879734	0.455190	0.137367	-0.441828	-0.889371	0.117507
36685	9.746664	2.027686	1.444733	-0.216695	-0.228479	-0.227770	0.176572	0.039534	0.983493	-0.878404	0.457158	0.139329	-0.444104	-0.888506	0.115448
36686	9.807380	2.247689	2.178587	-0.282542	-0.199578	-0.238508	0.177716	0.036642	0.983399	-0.876750	0.459716	0.141314	-0.446907	-0.887310	0.113825
36687	9.706525	1.944419	2.859644	-0.414674	-0.145675	-0.230816	0.179012	0.034211	0.983252	-0.874508	0.463424	0.143089	-0.450767	-0.885476	0.112876
36688	9.590891	1.322540	3.005801	-0.413267	-0.092043	-0.224229	0.180493	0.032329	0.983045	-0.872262	0.467113	0.144791	-0.454512	-0.883607	0.112510
36689	9.517140	1.007048	2.454960	-0.215500	-0.033256	-0.213790	0.182134	0.030970	0.982786	-0.870921	0.469040	0.146622	-0.456425	-0.882634	0.112401
36690	9.766947	1.223708	1.509217	0.071589	-0.022146	-0.189125	0.183620	0.029863	0.982544	-0.870930	0.468425	0.148524	-0.455813	-0.882998	0.112021
36691	9.986412	1.680832	0.854711	0.212098	-0.003980	-0.146472	0.184803	0.029080	0.982345	-0.871653	0.466552	0.150168	-0.453948	-0.884016	0.111568
36692	9.675555	1.642601	0.007332	0.231030	-0.008028	-0.099335	0.185573	0.028521	0.982217	-0.872544	0.464496	0.151364	-0.451918	-0.885116	0.111084
36693	9.486176	1.614744	-0.911040	0.269755	-0.058076	-0.077800	0.185921	0.027569	0.982178	-0.873650	0.462069	0.152408	-0.449632	-0.886415	0.109994
36694	9.577967	1.874474	-1.193844	0.306501	-0.074839	-0.045872	0.185927	0.026668	0.982202	-0.874967	0.459322	0.153157	-0.447062	-0.887870	0.108734
36695	8.902002	1.963116	-1.019053	0.255073	-0.129586	-0.023696	0.185478	0.025333	0.982322	-0.876091	0.457013	0.153634	-0.445042	-0.889099	0.106960
36696	10.122302	2.240200	-0.453740	0.080514	-0.196129	-0.023466	0.184752	0.023456	0.982505	-0.876433	0.456262	0.153913	-0.444670	-0.889536	0.104853
36697	9.897943	2.056820	0.027624	0.005845	-0.212454	-0.040567	0.184076	0.021294	0.982681	-0.876419	0.456165	0.154286	-0.444979	-0.889641	0.102631
36698	9.831355	2.069065	1.041413	-0.070405	-0.174321	-0.069923	0.183852	0.019398	0.982762	-0.876004	0.456765	0.154865	-0.445887	-0.889376	0.100970
36699	9.862006	1.668429	1.851936	-0.240232	-0.125443	-0.088923	0.183999	0.017792	0.982765	-0.874798	0.458863	0.155477	-0.448188	-0.888329	0.099995
36700	9.727838	1.141976	2.337240	-0.254608	-0.080523	-0.102939	0.184477	0.016578	0.982697	-0.873492	0.461100	0.156198	-0.450532	-0.887193	0.099543
36701	9.521552	0.897459	2.440864	-0.118747	-0.024444	-0.116717	0.185305	0.015740	0.982555	-0.872774	0.462120	0.157198	-0.451584	-0.886678	0.099370
36702	9.490337	1.095581	2.354375	0.071587	0.024812	-0.122556	0.186426	0.015368	0.982349	-0.872897	0.461464	0.158436	-0.450883	-0.887026	0.099444
36703	9.351650	1.339360	2.166259	0.176495	0.053515	-0.103083	0.187508	0.015284	0.982144	-0.873534	0.459848	0.159616	-0.449198	-0.887866	0.099576
36704	9.302290	1.489056	1.720871	0.265747	0.051889	-0.063293	0.188233	0.015429	0.982003	-0.874634	0.457456	0.160465	-0.446748	-0.889098	0.099603
36705	9.434984	1.696526	0.745022	0.370406	0.034669	-0.030285	0.188585	0.015530	0.981934	-0.876254	0.454118	0.161106	-0.443412	-0.890806	0.099248
36706	10.118599	1.908767	-0.172866	0.417491	-0.017041	0.014077	0.188326	0.015415	0.981986	-0.878152	0.450352	0.161343	-0.439752	-0.892718	0.098350
36707	9.874319	1.767602	-0.376336	0.387013	-0.021945	0.063077	0.187594	0.015417	0.982126	-0.880001	0.446826	0.161073	-0.436356	-0.894488	0.097389
36708	9.600275	1.646805	-1.045946	0.403974	-0.097328	0.051756	0.186655	0.014749	0.982315	-0.881881	0.443161	0.160917	-0.432950	-0.896321	0.095725
36709	8.676853	2.166434	-1.400750	0.514110	-0.082628	0.034056	0.185924	0.014077	0.982463	-0.884190	0.438491	0.161043	-0.428534	-0.898626	0.093972
36710	9.687099	3.101800	-0.609057	0.531057	-0.218315	-0.002376	0.184955	0.012074	0.982673	-0.886476	0.433671	0.161520	-0.424207	-0.900990	0.090913
36711	9.356997	3.224869	0.097445	0.069136	-0.241367	-0.006892	0.183915	0.009777	0.982893	-0.886790	0.432991	0.161626	-0.424004	-0.901345	0.088304
36712	9.773609	2.628129	0.769044	-0.410821	-0.369483	-0.013802	0.182404	0.006363	0.983203	-0.885041	0.436651	0.161367	-0.428289	-0.899609	0.085278
36713	9.923261	1.629308	1.218560	-0.671507	-0.367614	-0.015892	0.180883	0.002894	0.983500	-0.882148	0.442620	0.160940	-0.434852	-0.896704	0.082616
36714	9.903555	0.727170	1.907171	-0.753016	-0.310243	0.007899	0.179394	0.000126	0.983777	-0.878888	0.449320	0.160209	-0.442011	-0.893371	0.080716
36715	9.910536	0.183910	2.226862	-0.551370	-0.212426	0.024154	0.178158	-0.001749	0.984000	-0.876511	0.454187	0.159504	-0.447199	-0.890905	0.079385
36716	9.643228	0.328036	2.271169	-0.077001	-0.036681	-0.061147	0.178470	-0.002379	0.983942	-0.876085	0.454832	0.160007	-0.447909	-0.890574	0.079089
36717	9.480971	1.376912	2.415620	0.329277	0.070631	-0.128030	0.179822	-0.002418	0.983696	-0.877362	0.451837	0.161494	-0.444860	-0.892097	0.079128
36718	9.446560	2.147221	2.371830	0.383274	0.111097	-0.110917	0.181228	-0.001952	0.983439	-0.878887	0.448372	0.162851	-0.441264	-0.893845	0.079542
36719	9.451439	2.349378	1.765145	0.213130	0.093149	-0.056407	0.182069	-0.001449	0.983285	-0.879754	0.446410	0.163557	-0.439185	-0.894827	0.080003
36720	9.697047	1.966729	0.665394	0.116527	0.038431	0.004818	0.182136	-0.001110	0.983273	-0.880301	0.445327	0.163564	-0.438059	-0.895367	0.080133
36721	9.936459	1.732871	-0.201632	0.160576	0.029328	0.031224	0.181921	-0.000782	0.983313	-0.881089	0.443841	0.163361	-0.436563	-0.896105	0.080055
36722	9.847053	1.703838	-0.791533	0.209602	0.009911	0.042824	0.181527	-0.000530	0.983386	-0.882107	0.441922	0.163070	-0.434666	-0.897053	0.079753
36723	9.603206	1.847563	-1.048669	0.206088	-0.027196	0.042209	0.180969	-0.000663	0.983489	-0.883106	0.440024	0.162795	-0.432867	-0.897986	0.079045
36724	9.614182	2.021230	-1.044373	0.102124	-0.082293	0.027686	0.180309	-0.001308	0.983609	-0.883625	0.439067	0.162564	-0.432083	-0.898453	0.078012
36725	9.476804	2.036157	-0.846230	-0.016634	-0.121050	0.013517	0.179598	-0.002421	0.983737	-0.883608	0.439164	0.162398	-0.432415	-0.898404	0.076734
36726	9.026017	1.925445	-0.404765	-0.129407	-0.181061	-0.000343	0.178757	-0.004075	0.983885	-0.883073	0.440286	0.162265	-0.433852	-0.897849	0.075105
36727	9.861621	1.831286	0.067107	-0.292338	-0.218173	-0.026428	0.177969	-0.006236	0.984016	-0.881783	0.442856	0.162286	-0.436790	-0.896571	0.073316
36728	9.843797	1.350753	0.460767	-0.345765	-0.222623	-0.036162	0.177252	-0.008418	0.984129	-0.880230	0.445911	0.162353	-0.440201	-0.895038	0.071629
36729	9.740316	0.887671	1.002557	-0.329121	-0.185072	-0.021012	0.176548	-0.010253	0.984239	-0.878768	0.448802	0.162305	-0.443392	-0.893572	0.070225
36730	9.743116	0.558179	1.324456	-0.258860	-0.147404	-0.002356	0.175854	-0.011606	0.984348	-0.877641	0.451074	0.162109	-0.445895	-0.892411	0.069137
36731	9.868799	0.575393	1.471115	-0.035675	-0.088069	0.010003	0.175300	-0.012430	0.984437	-0.877529	0.451344	0.161962	-0.446332	-0.892264	0.068213
36732	9.642526	1.123465	1.523035	0.222041	-0.021642	-0.005457	0.175192	-0.012674	0.984453	-0.878536	0.449321	0.162128	-0.444390	-0.893280	0.067583
36733	9.624363	1.763666	1.421437	0.297132	-0.011264	0.009751	0.174983	-0.012811	0.984488	-0.879899	0.446617	0.162205	-0.441767	-0.894634	0.066878
36734	9.458835	2.040851	1.093238	0.263823	-0.015767	0.026876	0.174617	-0.012859	0.984553	-0.881136	0.444219	0.162077	-0.439441	-0.895826	0.066237
36735	9.466007	2.245415	0.666549	0.224726	-0.031614	0.014901	0.174275	-0.013156	0.984609	-0.882177	0.442157	0.162052	-0.437484	-0.896841	0.065451
36736	9.656383	2.469169	0.638931	0.157962	-0.015075	0.002771	0.174125	-0.013306	0.984634	-0.882899	0.440700	0.162089	-0.436085	-0.897556	0.064989
36737	9.719768	2.439652	0.436373	-0.001022	-0.038795	-0.002479	0.173909	-0.013745	0.984666	-0.882919	0.440660	0.162089	-0.436131	-0.897569	0.064499
36738	9.875565	1.978995	0.067047	-0.154955	-0.080083	-0.007897	0.173569	-0.014525	0.984715	-0.882255	0.442010	0.162029	-0.437607	-0.896893	0.063904
36739	9.880887	1.338117	-0.298783	-0.250857	-0.117049	-0.007000	0.173049	-0.015687	0.984788	-0.881171	0.444207	0.161917	-0.439990	-0.895787	0.063047
36740	9.898053	0.860822	-0.617627	-0.249737	-0.144656	-0.000496	0.172355	-0.017011	0.984888	-0.880096	0.446403	0.161727	-0.442408	-0.894670	0.061969
36741	9.609399	0.831246	-0.814505	-0.068397	-0.122566	-0.013755	0.171861	-0.018252	0.984952	-0.879799	0.446963	0.161796	-0.443191	-0.894366	0.060758
36742	9.535439	1.415821	-0.530286	0.100925	-0.107451	-0.027670	0.171569	-0.019363	0.984982	-0.880225	0.446016	0.162090	-0.442456	-0.894816	0.059479
36743	9.537653	1.839801	-0.134032	0.014429	-0.120864	-0.005679	0.171011	-0.020555	0.985055	-0.880309	0.445836	0.162130	-0.442505	-0.894879	0.058148
36744	9.595445	1.689432	0.110143	-0.148622	-0.143693	0.013146	0.170198	-0.021808	0.985168	-0.879700	0.447129	0.161875	-0.444027	-0.894204	0.056916
36745	9.746525	1.326863	0.369083	-0.156048	-0.116023	0.016029	0.169468	-0.022860	0.985270	-0.879063	0.448477	0.161606	-0.445565	-0.893502	0.055907
36746	9.758771	1.196433	0.797088	-0.107140	-0.069365	0.005717	0.169049	-0.023480	0.985328	-0.878622	0.449396	0.161451	-0.446594	-0.893024	0.055339
36747	9.761044	1.233393	1.070280	-0.073666	-0.028145	-0.005074	0.168892	-0.023841	0.985346	-0.878315	0.450002	0.161434	-0.447257	-0.892709	0.055062
36748	9.833276	1.466320	1.242309	-0.005190	0.008473	-0.022440	0.169067	-0.023892	0.985315	-0.878281	0.450004	0.161613	-0.447257	-0.892707	0.055097
36749	9.744859	1.561741	1.271810	-0.009414	0.002916	-0.022315	0.169200	-0.024049	0.985288	-0.878231	0.450034	0.161800	-0.447305	-0.892687	0.055025
36750	9.807963	1.562022	0.745392	0.006398	-0.022470	-0.013701	0.169160	-0.024338	0.985288	-0.878264	0.449935	0.161900	-0.447256	-0.892730	0.054736
36751	9.622305	1.751623	0.249319	0.079940	-0.013727	-0.009184	0.169104	-0.024584	0.985292	-0.878636	0.449170	0.162006	-0.446546	-0.893108	0.054356
36752	9.519025	1.950734	-0.154844	0.079307	-0.021105	0.003603	0.168918	-0.024783	0.985318	-0.879023	0.448423	0.161974	-0.445854	-0.893478	0.053962
36753	9.586401	2.148252	-0.138653	0.031218	-0.028803	0.003783	0.168682	-0.025106	0.985351	-0.879198	0.448096	0.161927	-0.445597	-0.893633	0.053513
36754	9.577617	2.104611	-0.006326	-0.087318	-0.044481	-0.001788	0.168440	-0.025538	0.985381	-0.878833	0.448837	0.161859	-0.446409	-0.893249	0.053158
36755	9.732569	1.628919	-0.020559	-0.209495	-0.067159	-0.008173	0.168138	-0.026259	0.985414	-0.877912	0.450655	0.161804	-0.448330	-0.892312	0.052719
36756	9.774884	1.115197	-0.048384	-0.250977	-0.083817	-0.017112	0.167851	-0.027110	0.985440	-0.876782	0.452850	0.161802	-0.450642	-0.891175	0.052242
36757	9.780796	0.832336	-0.085284	-0.199097	-0.077188	-0.024163	0.167640	-0.027993	0.985451	-0.875873	0.454566	0.161912	-0.452485	-0.890273	0.051685
36758	9.702302	0.817392	0.013317	-0.084779	-0.061544	-0.027187	0.167539	-0.028691	0.985448	-0.875471	0.455275	0.162097	-0.453300	-0.889889	0.051158
36759	9.715287	1.105413	0.055427	-0.011931	-0.043790	-0.018889	0.167429	-0.029252	0.985450	-0.875416	0.455325	0.162250	-0.453447	-0.889844	0.050627
36760	9.630163	1.347901	0.068516	0.031791	-0.037414	-0.012898	0.167312	-0.029670	0.985457	-0.875566	0.455000	0.162354	-0.453200	-0.889997	0.050149
36761	9.600301	1.554572	0.294952	0.038757	-0.019430	-0.005436	0.167192	-0.029953	0.985469	-0.875764	0.454604	0.162397	-0.452863	-0.890190	0.049775
36762	9.629020	1.528729	0.418688	0.003975	-0.013499	0.003805	0.167037	-0.030082	0.985492	-0.875815	0.454531	0.162322	-0.452820	-0.890223	0.049578
36763	9.889673	1.558021	0.354491	0.039634	-0.006719	0.003193	0.166899	-0.030212	0.985511	-0.876031	0.454131	0.162280	-0.452454	-0.890423	0.049327
36764	9.789393	1.764871	0.433651	0.058084	0.012103	-0.008021	0.166964	-0.030167	0.985501	-0.876308	0.453573	0.162348	-0.451894	-0.890709	0.049294
36765	9.632911	1.857118	0.187450	0.007338	-0.035483	-0.023520	0.166931	-0.030677	0.985491	-0.876333	0.453448	0.162556	-0.451856	-0.890754	0.048812
36766	9.708465	1.658937	-0.107362	-0.055492	-0.052196	-0.019114	0.166802	-0.031254	0.985495	-0.876078	0.453898	0.162678	-0.452399	-0.890505	0.048330
36767	9.680637	1.519389	-0.310425	-0.046825	-0.059501	-0.021980	0.166648	-0.031969	0.985498	-0.875860	0.454259	0.162844	-0.452878	-0.890296	0.047701
36768	9.586388	1.566927	-0.275240	-0.048806	-0.065991	-0.014693	0.166417	-0.032650	0.985515	-0.875642	0.454650	0.162926	-0.453384	-0.890071	0.047072
36769	9.530498	1.215994	-0.308962	-0.105131	-0.099555	0.001808	0.165869	-0.033615	0.985575	-0.875199	0.455537	0.162830	-0.454439	-0.889582	0.046139
36770	9.988271	0.919580	-0.380922	-0.120637	-0.099650	0.009699	0.165270	-0.034483	0.985645	-0.874693	0.456574	0.162639	-0.455629	-0.889017	0.045296
36771	9.747862	0.930547	-0.354434	0.062390	-0.069871	0.004669	0.164827	-0.035172	0.985695	-0.875017	0.455971	0.162590	-0.455167	-0.889299	0.044380
36772	9.762511	1.794659	0.139016	0.198504	-0.025852	-0.010106	0.164738	-0.035474	0.985699	-0.875930	0.454163	0.162737	-0.453441	-0.890212	0.043745
36773	9.639318	2.325643	0.633310	0.114055	-0.010970	-0.019696	0.164775	-0.035751	0.985683	-0.876445	0.453092	0.162948	-0.452430	-0.890747	0.043325
36774	9.598995	2.314423	0.889271	-0.095746	-0.035287	-0.015852	0.164694	-0.036163	0.985682	-0.876013	0.453900	0.163023	-0.453297	-0.890318	0.043075
36775	9.653824	1.770238	0.849234	-0.216025	-0.030243	-0.017054	0.164627	-0.036599	0.985677	-0.875035	0.455764	0.163070	-0.455205	-0.889348	0.043005
36776	9.638880	1.487548	0.928941	-0.140224	0.018581	-0.027218	0.164889	-0.036584	0.985633	-0.874379	0.456963	0.163238	-0.456370	-0.888733	0.043360
36777	9.657256	1.449153	0.992020	-0.094078	0.041432	-0.025117	0.165215	-0.036419	0.985585	-0.873939	0.457740	0.163414	-0.457093	-0.888340	0.043798
36778	9.884265	1.249552	0.663788	-0.070011	0.042222	-0.011122	0.165445	-0.036121	0.985557	-0.873628	0.458320	0.163453	-0.457605	-0.888053	0.044271
36779	9.849576	1.200967	0.310209	0.013178	0.057099	0.003829	0.165592	-0.035681	0.985549	-0.873726	0.458155	0.163391	-0.457364	-0.888156	0.044691
36780	9.628829	1.448015	-0.056665	0.138598	0.057776	0.006841	0.165736	-0.035162	0.985543	-0.874398	0.456888	0.163346	-0.456027	-0.888829	0.044977
36781	9.439627	1.899439	-0.277301	0.154756	0.020641	0.006234	0.165695	-0.035037	0.985555	-0.875145	0.455463	0.163324	-0.454606	-0.889565	0.044806
36782	9.492366	2.157720	-0.447383	0.049794	-0.038497	-0.000966	0.165468	-0.035410	0.985579	-0.875397	0.454981	0.163316	-0.454203	-0.889797	0.044287
36783	9.599505	2.190284	-0.474991	-0.064133	-0.060956	-0.002766	0.165134	-0.036052	0.985612	-0.875132	0.455503	0.163285	-0.454836	-0.889504	0.043668
36784	9.688205	2.069813	-0.183117	-0.158086	-0.069664	-0.016347	0.164899	-0.036772	0.985625	-0.874412	0.456864	0.163338	-0.456303	-0.888776	0.043182
36785	9.727355	1.769756	0.064087	-0.250104	-0.073626	-0.027120	0.164719	-0.037640	0.985622	-0.873254	0.459025	0.163470	-0.458579	-0.887625	0.042741
36786	9.758820	1.439180	0.282556	-0.280638	-0.068654	-0.035944	0.164656	-0.038440	0.985602	-0.871932	0.461463	0.163665	-0.461110	-0.886326	0.042465
36787	9.769090	1.165544	0.403584	-0.250858	-0.051877	-0.040902	0.164691	-0.039181	0.985567	-0.870738	0.463617	0.163934	-0.463348	-0.885169	0.042237
36788	9.809970	1.111915	0.513476	-0.177132	-0.025034	-0.042724	0.164886	-0.039626	0.985516	-0.869874	0.465129	0.164240	-0.464900	-0.884356	0.042224
36789	9.690514	1.069885	0.594195	-0.095241	0.000210	-0.022934	0.165006	-0.039819	0.985488	-0.869425	0.465912	0.164398	-0.465697	-0.883935	0.042258
36790	9.631483	1.234646	0.502683	0.006266	0.018970	-0.013475	0.165151	-0.039739	0.985467	-0.869460	0.465813	0.164494	-0.465581	-0.883990	0.042378
36791	9.569242	1.499852	0.410158	0.051545	0.015352	-0.011998	0.165244	-0.039747	0.985452	-0.869712	0.465303	0.164603	-0.465076	-0.884259	0.042320
36792	9.553628	1.688358	0.216832	0.048508	0.000223	-0.007482	0.165249	-0.039805	0.985448	-0.869953	0.464833	0.164658	-0.464623	-0.884503	0.042185
36793	9.679620	1.780353	0.000899	0.031280	-0.009252	-0.013159	0.165237	-0.040034	0.985441	-0.870108	0.464504	0.164769	-0.464337	-0.884666	0.041919
36794	9.738378	1.825116	0.000180	-0.004789	-0.006698	-0.015418	0.165279	-0.040190	0.985428	-0.870088	0.464502	0.164879	-0.464359	-0.884660	0.041804
36795	9.748704	1.674147	0.116369	-0.068918	-0.010897	-0.018888	0.165310	-0.040462	0.985411	-0.869770	0.465052	0.165006	-0.464944	-0.884358	0.041685
36796	9.688403	1.509742	0.246967	-0.088912	-0.002394	-0.031595	0.165513	-0.040656	0.985369	-0.869332	0.465787	0.165240	-0.465690	-0.883962	0.041750
36797	9.619707	1.506741	0.544730	-0.088040	0.008198	-0.034587	0.165770	-0.040832	0.985319	-0.868897	0.466501	0.165515	-0.466411	-0.883577	0.041853
36798	9.639319	1.659680	0.675557	-0.072302	0.013141	-0.043050	0.166144	-0.040942	0.985251	-0.868516	0.467085	0.165869	-0.466987	-0.883264	0.042045
36799	9.711870	1.767720	0.860398	-0.095170	0.011634	-0.047190	0.166525	-0.041148	0.985178	-0.868026	0.467855	0.166263	-0.467762	-0.882847	0.042192
36800	9.785682	1.560545	0.855651	-0.143224	0.008193	-0.047873	0.166918	-0.041325	0.985104	-0.867303	0.469061	0.166635	-0.468960	-0.882198	0.042453
36801	9.786599	1.356761	0.826352	-0.088355	0.027879	-0.046744	0.167375	-0.041383	0.985024	-0.866843	0.469770	0.167030	-0.469648	-0.881818	0.042755
36802	9.653631	1.386143	1.006386	-0.055792	0.045092	-0.045968	0.167925	-0.041227	0.984937	-0.866532	0.470206	0.167419	-0.470025	-0.881593	0.043235
36803	9.600831	1.542345	0.991528	-0.040491	0.049391	-0.047840	0.168490	-0.041101	0.984846	-0.866296	0.470489	0.167843	-0.470258	-0.881448	0.043667
36804	9.636429	1.755506	1.060002	-0.037844	0.063474	-0.050380	0.169164	-0.040803	0.984743	-0.866061	0.470764	0.168283	-0.470448	-0.881315	0.044298
36805	9.676310	1.743628	1.135091	-0.109170	0.064539	-0.054975	0.169860	-0.040572	0.984633	-0.865482	0.471665	0.168740	-0.471263	-0.880844	0.045003
36806	9.700948	1.375468	0.923944	-0.134385	0.076504	-0.059425	0.170674	-0.040204	0.984507	-0.864775	0.472787	0.169225	-0.472266	-0.880259	0.045925
36807	9.715440	1.203799	0.554591	-0.077898	0.078623	-0.065776	0.171538	-0.039900	0.984369	-0.864326	0.473398	0.169807	-0.472774	-0.879944	0.046719
36808	9.770079	1.349119	0.157016	-0.002474	0.081526	-0.068306	0.172453	-0.039531	0.984224	-0.864225	0.473355	0.170439	-0.472625	-0.879984	0.047468
36809	9.714570	1.584997	-0.100053	-0.006204	0.055418	-0.065525	0.173201	-0.039432	0.984097	-0.864116	0.473335	0.171051	-0.472552	-0.880000	0.047909
36810	9.641676	1.505847	-0.442439	-0.037717	0.016616	-0.059950	0.173737	-0.039594	0.983996	-0.863862	0.473605	0.171583	-0.472819	-0.879847	0.048079
36811	9.675256	1.590204	-0.531516	-0.025878	-0.003738	-0.056317	0.174121	-0.039972	0.983913	-0.863673	0.473767	0.172089	-0.473024	-0.879743	0.047970
36812	9.646006	1.611699	-0.210974	-0.059891	-0.007512	-0.055719	0.174506	-0.040326	0.983830	-0.863321	0.474233	0.172569	-0.473524	-0.879475	0.047942
36813	9.580158	1.613868	0.119447	-0.090281	0.005904	-0.063559	0.174999	-0.040660	0.983729	-0.862819	0.474946	0.173121	-0.474257	-0.879075	0.048033
36814	9.560636	1.689925	0.466611	-0.139680	0.004181	-0.089551	0.175731	-0.041074	0.983581	-0.862027	0.476099	0.173895	-0.475424	-0.878432	0.048258
36815	9.489199	1.771744	0.680214	-0.189295	0.013296	-0.115750	0.176704	-0.041593	0.983385	-0.860959	0.477657	0.174908	-0.476996	-0.877561	0.048594
36816	9.552658	1.772180	0.801717	-0.254202	0.019580	-0.133153	0.177882	-0.042083	0.983151	-0.859537	0.479793	0.176054	-0.479118	-0.876372	0.049175
36817	9.675790	1.521996	0.817714	-0.317574	0.026091	-0.142649	0.179149	-0.042621	0.982898	-0.857790	0.482466	0.177267	-0.481771	-0.874877	0.049873
36818	9.709557	1.256077	0.832229	-0.302637	0.050014	-0.139219	0.180522	-0.042881	0.982636	-0.856107	0.485015	0.178443	-0.484245	-0.873454	0.050845
36819	9.673632	0.867629	0.824061	-0.286293	0.062705	-0.120931	0.181775	-0.043001	0.982400	-0.854533	0.487413	0.179450	-0.486550	-0.872112	0.051854
36820	9.575834	0.383970	0.536725	-0.241741	0.039157	-0.080286	0.182590	-0.043075	0.982245	-0.853238	0.489448	0.180073	-0.488514	-0.870968	0.052615
36821	9.633888	0.307965	-0.178612	-0.026507	0.030293	-0.076396	0.183305	-0.043259	0.982104	-0.853002	0.489600	0.180774	-0.488658	-0.870874	0.052847
36822	9.376255	1.109263	-0.479761	0.331662	0.061214	-0.096599	0.184367	-0.043220	0.981907	-0.854470	0.486629	0.181859	-0.485685	-0.872539	0.052788
36823	9.328616	2.385053	-0.525805	0.469867	0.058258	-0.124899	0.185630	-0.043392	0.981661	-0.856548	0.482419	0.183296	-0.481526	-0.874865	0.052384
36824	9.459663	3.146918	-0.308925	0.297995	0.006755	-0.132755	0.186740	-0.043996	0.981424	-0.857761	0.479714	0.184715	-0.478930	-0.876321	0.051844
36825	9.669603	3.147504	0.010144	-0.139722	-0.082529	-0.086324	0.186993	-0.045211	0.981320	-0.856963	0.480857	0.185451	-0.480259	-0.875633	0.051173
36826	9.595863	1.705808	0.513640	-0.668995	-0.159184	-0.019651	0.186331	-0.046722	0.981375	-0.853723	0.486657	0.185263	-0.486249	-0.872343	0.050792
36827	9.706494	0.046710	0.812360	-0.977621	-0.204999	0.120030	0.184216	-0.047994	0.981713	-0.849184	0.495171	0.183555	-0.494926	-0.867469	0.050463
36828	9.890856	-0.776142	-0.183588	-0.480191	-0.119036	0.175189	0.182077	-0.048177	0.982103	-0.847148	0.499378	0.181554	-0.499188	-0.865043	0.050112
36829	9.720078	0.630245	-0.342332	0.658429	0.052038	-0.157851	0.183581	-0.048583	0.981803	-0.850162	0.493552	0.183389	-0.493481	-0.868358	0.049303
36830	9.941766	2.964069	0.297580	1.230948	0.234354	-0.451975	0.188518	-0.048771	0.980858	-0.855358	0.482568	0.188391	-0.482519	-0.874499	0.049256
36831	9.501612	4.393022	0.956771	1.094343	0.332900	-0.336223	0.192895	-0.047533	0.980067	-0.859977	0.472761	0.192188	-0.472473	-0.879908	0.050315
36832	9.177447	4.538776	1.431530	0.103648	0.067817	-0.050107	0.193585	-0.047198	0.979947	-0.860399	0.471787	0.192692	-0.471422	-0.880448	0.050722
36833	9.555868	3.128090	0.650126	-0.772011	-0.167752	0.012243	0.192603	-0.048692	0.980068	-0.856791	0.478527	0.192151	-0.478345	-0.876722	0.050447
36834	9.636341	2.041732	-0.016688	-0.799323	-0.167001	0.061724	0.191210	-0.049879	0.980281	-0.853087	0.485512	0.191104	-0.485471	-0.872806	0.050284
36835	9.584226	1.610195	-0.485831	-0.418334	-0.078854	0.031233	0.190477	-0.050494	0.980392	-0.851142	0.489127	0.190558	-0.489158	-0.870750	0.050190
36836	9.657434	1.933914	-0.319124	-0.038535	-0.000478	-0.058256	0.190910	-0.050806	0.980292	-0.850873	0.489396	0.191070	-0.489458	-0.870581	0.050201
36837	9.575447	2.210135	0.054216	-0.131155	-0.045736	-0.039587	0.190936	-0.051480	0.980252	-0.850191	0.490465	0.191361	-0.490630	-0.869939	0.049880
36838	9.693350	1.552994	-0.107047	-0.330132	-0.106525	-0.005949	0.190402	-0.052459	0.980304	-0.848586	0.493294	0.191216	-0.493609	-0.868279	0.049408
36839	9.741555	1.089714	-0.029822	-0.284465	-0.110612	0.033118	0.189488	-0.053333	0.980434	-0.847275	0.495734	0.190719	-0.496206	-0.866835	0.048747
36840	9.705142	1.302191	0.041315	-0.037035	-0.065865	0.019424	0.188935	-0.053831	0.980513	-0.847158	0.496029	0.190471	-0.496616	-0.866636	0.048114
36841	9.578130	2.162972	0.362729	0.177635	-0.011115	-0.015671	0.188923	-0.054091	0.980501	-0.848049	0.494425	0.190678	-0.495098	-0.867536	0.047537
36842	9.333149	2.740233	0.692590	0.110799	-0.010856	-0.023589	0.189008	-0.054325	0.980472	-0.848582	0.493414	0.190922	-0.494150	-0.868097	0.047160
36843	9.490884	2.772627	0.802574	-0.119957	-0.062458	-0.018873	0.188776	-0.055040	0.980477	-0.847990	0.494392	0.191021	-0.495254	-0.867495	0.046656
36844	9.506666	2.214684	0.444272	-0.276727	-0.077133	-0.017688	0.188481	-0.055820	0.980489	-0.846613	0.496744	0.191026	-0.497715	-0.866100	0.046369
36845	9.445441	1.887246	0.376065	-0.147794	-0.103878	-0.019285	0.188042	-0.056897	0.980512	-0.845877	0.497962	0.191118	-0.499131	-0.865330	0.045510
36846	9.441691	1.922500	0.577102	-0.119577	-0.079121	-0.010541	0.187675	-0.057657	0.980538	-0.845290	0.498954	0.191127	-0.500263	-0.864708	0.044904
36847	9.501436	1.688264	0.544242	-0.100757	-0.094200	0.027224	0.186890	-0.058414	0.980643	-0.844871	0.499794	0.190786	-0.501264	-0.864172	0.044054
36848	9.604363	1.908373	0.593289	0.012657	-0.087736	0.049507	0.185970	-0.058948	0.980786	-0.845057	0.499677	0.190266	-0.501292	-0.864204	0.043111
36849	9.531646	2.245753	0.667611	0.031670	-0.093311	0.064208	0.184877	-0.059508	0.980958	-0.845364	0.499405	0.189618	-0.501179	-0.864323	0.042023
36850	9.486423	2.424530	0.548586	0.001165	-0.113661	0.067162	0.183678	-0.060177	0.981143	-0.845524	0.499398	0.188919	-0.501350	-0.864280	0.040847
36851	9.552542	2.252607	0.623866	-0.077439	-0.121737	0.066451	0.182422	-0.060975	0.981328	-0.845289	0.500065	0.188205	-0.502203	-0.863839	0.039681
36852	9.556288	1.815055	0.713843	-0.125373	-0.116995	0.059539	0.181269	-0.061710	0.981495	-0.844797	0.501148	0.187532	-0.503447	-0.863159	0.038710
36853	9.434267	1.853375	0.912108	-0.017973	-0.095980	0.054942	0.180245	-0.062339	0.981644	-0.844838	0.501292	0.186959	-0.503746	-0.863029	0.037689
36854	9.412344	2.192799	1.333383	-0.001748	-0.087831	0.052070	0.179301	-0.062859	0.981784	-0.844953	0.501304	0.186408	-0.503890	-0.862985	0.036772
36855	9.430314	2.308071	1.463889	-0.053968	-0.100759	0.046925	0.178304	-0.063569	0.981920	-0.844793	0.501768	0.185887	-0.504513	-0.862663	0.035765
36856	9.386674	2.171854	1.234497	-0.080339	-0.115401	0.050016	0.177237	-0.064335	0.982063	-0.844506	0.502457	0.185328	-0.505368	-0.862205	0.034722
36857	9.726285	1.936152	1.061459	-0.088450	-0.152037	0.056867	0.175906	-0.065434	0.982230	-0.844189	0.503218	0.184708	-0.506361	-0.861679	0.033281
36858	9.317751	1.611778	1.002162	-0.051733	-0.152746	0.057514	0.174585	-0.066483	0.982395	-0.844058	0.503665	0.184086	-0.507037	-0.861337	0.031817
36859	9.027942	1.628119	0.181438	0.081189	-0.217027	0.066712	0.172844	-0.068089	0.982593	-0.844620	0.502964	0.183427	-0.506698	-0.861621	0.029425
36860	9.225197	1.423682	0.438309	0.030940	-0.246593	0.116180	0.170551	-0.069652	0.982884	-0.845006	0.502741	0.182253	-0.506831	-0.861626	0.026887
36861	9.280577	1.057444	0.562298	0.003913	-0.281790	0.166762	0.167637	-0.071314	0.983266	-0.845343	0.502776	0.180588	-0.507241	-0.861470	0.023999
36862	9.690457	1.680315	0.406909	0.256290	-0.265776	0.152739	0.164937	-0.072862	0.983609	-0.846924	0.500641	0.179103	-0.505485	-0.862583	0.020866
36863	9.848179	2.822448	0.371505	0.420587	-0.241352	0.095909	0.162833	-0.074535	0.983834	-0.849230	0.497041	0.178210	-0.502289	-0.864520	0.017637
36864	10.091351	3.233882	0.745401	0.150334	-0.272847	0.090428	0.160633	-0.076469	0.984047	-0.850160	0.495774	0.177304	-0.501423	-0.865078	0.014627
36865	9.544030	2.190195	0.477175	-0.280823	-0.351110	0.117573	0.157796	-0.078990	0.984307	-0.848968	0.498245	0.176083	-0.504335	-0.863431	0.011561
36866	9.590384	1.289330	-0.227688	-0.276539	-0.413984	0.145960	0.154402	-0.081855	0.984612	-0.847826	0.500712	0.174578	-0.507297	-0.861735	0.007912
36867	9.565528	0.958837	-0.387812	0.048456	-0.329977	0.147148	0.151404	-0.084029	0.984894	-0.848323	0.500383	0.173101	-0.507370	-0.861717	0.004476
36868	9.423243	1.297753	0.124735	0.314577	-0.284706	0.149465	0.148632	-0.085761	0.985167	-0.850169	0.497762	0.171596	-0.505095	-0.863063	0.001071
36869	9.494567	1.438681	0.463507	0.321419	-0.328826	0.191007	0.145275	-0.087724	0.985495	-0.852103	0.495103	0.169684	-0.502807	-0.864394	-0.002824
36870	9.285521	1.462039	0.392399	0.391160	-0.335946	0.194114	0.141873	-0.089696	0.985813	-0.854372	0.491856	0.167709	-0.499921	-0.866044	-0.006853
