// General information: 
//  MT Manager version: 2022.2.0 
//  XDA version: 2022.2.0 build 7381 rev 124627 built on 2023-07-19
// Device information: 
//  DeviceId: 00B4CAF0
//  ProductCode: MTW2-3A7G6
//  Firmware Version: 4.6.0
//  Hardware Version: 2.0.0
// Device settings: 
//  Filter Profile: human(46.1)
//  Option Flags: Orientation Smoother Disabled, Position/Velocity Smoother Disabled, Continuous Zero Rotation Update Disabled, AHS Disabled, ICC Disabled
// Coordinate system: ENU
PacketCounter	Acc_X	Acc_Y	Acc_Z	Gyr_X	Gyr_Y	Gyr_Z	Mat[1][1]	Mat[2][1]	Mat[3][1]	Mat[1][2]	Mat[2][2]	Mat[3][2]	Mat[1][3]	Mat[2][3]	Mat[3][3]
07732	4.575351	-1.333164	9.723467	0.066918	-0.574016	-0.107453	-0.375838	-0.808495	0.452859	0.884769	-0.458384	-0.084069	0.275553	0.369079	0.887610
07733	4.657403	-1.789057	9.615101	0.156604	-0.620925	-0.148731	-0.375457	-0.805481	0.458512	0.884623	-0.459037	-0.082022	0.276541	0.374814	0.884895
07734	4.601223	-1.727996	9.795602	0.203264	-0.667448	-0.214573	-0.375525	-0.801952	0.464601	0.884358	-0.460031	-0.079259	0.277293	0.381110	0.881966
07735	4.444443	-2.353160	9.826374	0.188167	-0.720371	-0.325947	-0.376421	-0.797657	0.471222	0.883636	-0.461950	-0.076096	0.278379	0.387744	0.878726
07736	4.543363	-2.489648	9.775559	0.245657	-0.801811	-0.476486	-0.378412	-0.792290	0.478624	0.882501	-0.464814	-0.071701	0.279279	0.395253	0.875087
07737	4.894022	-2.385107	9.710047	0.283632	-0.861397	-0.597454	-0.381288	-0.786039	0.486583	0.881004	-0.468432	-0.066360	0.280093	0.403379	0.871111
07738	5.184704	-2.350505	9.545617	0.342516	-0.888453	-0.695194	-0.384935	-0.779125	0.494761	0.879279	-0.472514	-0.059994	0.280525	0.411939	0.866956
07739	5.147892	-1.625651	9.374485	0.430583	-0.930950	-0.782068	-0.389210	-0.771511	0.503276	0.877438	-0.476821	-0.052387	0.280389	0.421204	0.862537
07740	5.607611	-0.891376	9.410925	0.308194	-1.026642	-0.860079	-0.393879	-0.762993	0.512543	0.874915	-0.482145	-0.045388	0.281752	0.430554	0.857461
07741	6.106343	-1.934841	8.970737	0.044152	-1.052718	-0.916313	-0.398910	-0.753944	0.521958	0.871386	-0.488941	-0.040290	0.285582	0.438755	0.852019
07742	6.826570	-3.304505	9.147426	-0.034356	-1.053208	-0.973474	-0.404359	-0.744464	0.531288	0.867355	-0.496425	-0.035474	0.290154	0.446471	0.846448
07743	6.728327	-5.625703	8.696665	0.214591	-0.874581	-1.040805	-0.410839	-0.735298	0.539025	0.863714	-0.503197	-0.028111	0.291906	0.454015	0.841820
07744	5.819131	-3.655470	9.079988	0.963383	-0.881490	-1.224908	-0.418870	-0.725032	0.546697	0.861400	-0.507751	-0.013393	0.287296	0.465315	0.837223
07745	5.628241	-1.487313	8.960390	1.059185	-0.873878	-1.330910	-0.427845	-0.714099	0.554086	0.858756	-0.512377	0.002756	0.281933	0.477004	0.832455
07746	5.232835	-0.338590	8.509622	0.987574	-0.900540	-1.387947	-0.437241	-0.702581	0.561427	0.855492	-0.517480	0.018675	0.277406	0.488461	0.827316
07747	4.715876	0.447726	8.329754	0.804507	-0.826853	-1.443478	-0.447295	-0.690960	0.567892	0.851303	-0.523608	0.033443	0.274245	0.498407	0.822423
07748	2.621897	-0.063993	9.102712	0.337881	-0.623569	-1.250372	-0.456218	-0.681218	0.572544	0.846557	-0.530531	0.043328	0.274237	0.504459	0.818728
07749	1.075274	-3.866303	9.819639	-0.236699	-0.455116	-0.612127	-0.460148	-0.675627	0.576014	0.843075	-0.535920	0.044890	0.278369	0.506279	0.816206
07750	5.312924	-7.199004	10.955377	-0.284045	-0.616269	0.388519	-0.455156	-0.674554	0.581214	0.844031	-0.534778	0.040311	0.283628	0.508910	0.812752
07751	5.471882	-6.494892	11.645030	-0.277950	0.282151	1.233031	-0.445537	-0.682510	0.579376	0.848769	-0.527862	0.030873	0.284760	0.505511	0.814476
07752	2.046945	-7.969670	10.814254	-0.292559	0.733477	1.965266	-0.430884	-0.696426	0.573873	0.856526	-0.515820	0.017134	0.284083	0.498919	0.818765
07753	0.033776	-7.161601	10.313554	-0.008826	1.012070	2.460151	-0.412555	-0.713894	0.565822	0.866851	-0.498559	0.003015	0.279943	0.491727	0.824522
07754	-0.714611	-5.096279	9.759444	0.234319	1.105658	2.835028	-0.390886	-0.733099	0.556574	0.878867	-0.476941	-0.010975	0.273499	0.484864	0.830726
07755	-0.882102	-2.116413	9.407962	0.368305	1.202412	3.119614	-0.366527	-0.753357	0.545996	0.891650	-0.452027	-0.025134	0.265739	0.477625	0.837411
07756	-1.130782	-0.905233	9.846844	0.045872	1.242762	3.303715	-0.340165	-0.773729	0.534444	0.903426	-0.426622	-0.042616	0.260979	0.468334	0.844129
07757	-0.428516	-0.783634	10.138124	-0.026043	1.229858	3.294974	-0.313427	-0.793048	0.522339	0.914104	-0.400974	-0.060282	0.257251	0.458578	0.850604
07758	0.292506	0.158309	10.534287	-0.083967	1.274667	3.190573	-0.287390	-0.811201	0.509275	0.923456	-0.375800	-0.077478	0.254235	0.448027	0.857109
07759	1.307176	0.459810	10.960324	-0.110190	1.361709	2.976677	-0.263249	-0.828041	0.495024	0.931352	-0.351935	-0.093408	0.251562	0.436452	0.863844
07760	2.195160	0.764355	11.302955	-0.110050	1.505925	2.655892	-0.242214	-0.843559	0.479313	0.937773	-0.330248	-0.107324	0.248826	0.423491	0.871057
07761	3.290774	1.104190	11.608510	-0.099652	1.677173	2.237411	-0.225349	-0.857709	0.462118	0.942737	-0.311676	-0.118762	0.245894	0.408893	0.878830
07762	3.947780	1.648915	11.650114	-0.127716	1.882140	1.741442	-0.213523	-0.870534	0.443371	0.946231	-0.297178	-0.127797	0.243012	0.392244	0.887181
07763	4.277531	1.945448	11.465751	-0.241501	2.079815	1.187155	-0.207337	-0.881958	0.423276	0.948126	-0.287744	-0.135128	0.240972	0.373302	0.895867
07764	4.428570	1.995288	11.235904	-0.414213	2.196549	0.598923	-0.206966	-0.891628	0.402697	0.948355	-0.283975	-0.141355	0.240392	0.352644	0.904353
07765	4.586232	1.812479	10.895924	-0.622085	2.253482	0.039802	-0.212046	-0.899431	0.382178	0.946921	-0.285786	-0.147195	0.241613	0.330681	0.912290
07766	4.755889	1.512541	10.430774	-0.818947	2.239811	-0.460851	-0.221869	-0.905238	0.362378	0.943915	-0.292598	-0.153007	0.244539	0.308106	0.919386
07767	5.131341	1.154098	9.971601	-0.994470	2.177286	-0.863941	-0.235403	-0.909115	0.343650	0.939467	-0.303427	-0.159163	0.248970	0.285381	0.925512
07768	5.369519	0.728532	9.477438	-1.142928	2.063799	-1.168752	-0.251568	-0.911134	0.326418	0.933726	-0.317235	-0.165883	0.254693	0.263055	0.930556
07769	5.677029	0.309625	9.027878	-1.257230	1.894072	-1.375111	-0.269275	-0.911432	0.311098	0.926881	-0.332977	-0.173257	0.261500	0.241697	0.934452
07770	6.050892	-0.287683	8.662675	-1.324321	1.684940	-1.478473	-0.287413	-0.910278	0.297972	0.919234	-0.349548	-0.181178	0.269078	0.221833	0.937223
07771	6.520369	-0.927166	8.444503	-1.313895	1.448567	-1.487135	-0.305002	-0.908031	0.287149	0.911222	-0.365901	-0.189187	0.276855	0.203954	0.939018
07772	7.116477	-1.441342	8.229288	-1.241691	1.240627	-1.409345	-0.321289	-0.905184	0.278236	0.903304	-0.381145	-0.196900	0.284279	0.188070	0.940115
07773	5.005841	-4.470982	7.983926	-1.202999	1.049053	-1.159286	-0.334762	-0.902578	0.270716	0.896015	-0.393835	-0.205064	0.291704	0.173918	0.940564
07774	7.810960	-1.713519	5.481068	0.194874	0.183741	-1.356627	-0.347443	-0.897459	0.271756	0.891933	-0.405738	-0.199581	0.289378	0.173045	0.941444
07775	8.537360	-0.236772	7.178655	-0.433929	0.278829	-0.990437	-0.357086	-0.893855	0.271133	0.887159	-0.415384	-0.201012	0.292300	0.168759	0.941319
07776	8.920276	-0.390546	7.094380	-0.160074	0.128918	-0.802507	-0.364588	-0.890693	0.271553	0.883773	-0.422844	-0.200372	0.293295	0.166938	0.941334
07777	7.719775	-0.841108	6.737861	-0.246684	0.041699	-0.580834	-0.369855	-0.888276	0.272348	0.880890	-0.428453	-0.201148	0.295363	0.165513	0.940939
07778	6.799254	-0.905908	6.303153	-0.120264	-0.166695	-0.447932	-0.373321	-0.886055	0.274841	0.878847	-0.432657	-0.201084	0.297084	0.166474	0.940227
07779	6.706231	-0.658764	6.435600	-0.044486	-0.386861	-0.335568	-0.375134	-0.883933	0.279174	0.877435	-0.435734	-0.200606	0.298968	0.169703	0.939052
07780	6.632870	-0.642524	7.006942	-0.015097	-0.541432	-0.236813	-0.375604	-0.881951	0.284752	0.876479	-0.437882	-0.200110	0.301175	0.174417	0.937482
07781	6.450417	-0.839603	7.254610	0.063369	-0.613220	-0.169161	-0.375252	-0.880106	0.290860	0.876011	-0.439293	-0.199062	0.302968	0.180098	0.935829
07782	5.711923	-1.134800	7.051761	0.283729	-0.669318	-0.122805	-0.374318	-0.878321	0.297385	0.876388	-0.439883	-0.196077	0.303033	0.187229	0.934407
07783	4.786921	-1.102456	6.786375	0.546483	-0.739993	-0.099964	-0.372977	-0.876446	0.304516	0.877642	-0.439745	-0.190705	0.301052	0.196128	0.933221
07784	4.078725	-0.415400	6.529018	0.888051	-0.853637	-0.106409	-0.371380	-0.874240	0.312700	0.879877	-0.438917	-0.182122	0.296468	0.207501	0.932229
07785	3.460691	0.795623	6.288764	1.119356	-0.964648	-0.125460	-0.369674	-0.871606	0.321938	0.882673	-0.437648	-0.171326	0.290224	0.220831	0.931130
07786	2.407951	1.970552	5.830626	1.254188	-1.086862	-0.159645	-0.367988	-0.868411	0.332336	0.885658	-0.436207	-0.159163	0.283186	0.235766	0.929634
07787	2.194531	2.969954	6.133560	1.133410	-1.389077	-0.173993	-0.365649	-0.864242	0.345525	0.888180	-0.434980	-0.148082	0.278275	0.252742	0.926652
07788	2.571589	2.665175	7.522969	0.855904	-1.479390	-0.189834	-0.363255	-0.859539	0.359499	0.889840	-0.434417	-0.139526	0.276100	0.269213	0.922655
07789	4.456296	1.073681	15.956674	0.420481	-1.467540	-0.374396	-0.362539	-0.853832	0.373545	0.889625	-0.436496	-0.134309	0.277728	0.283622	0.917837
07790	28.414693	-0.534171	18.617546	1.786254	-2.092869	-1.259675	-0.368040	-0.842078	0.394274	0.889890	-0.441918	-0.113155	0.269522	0.309215	0.912000
07791	15.103461	5.146182	9.312773	1.482337	1.947888	-0.134022	-0.374303	-0.847393	0.376593	0.893217	-0.438574	-0.099074	0.249119	0.299296	0.921066
07792	-10.335883	-3.663961	10.259382	-0.947535	1.522061	-0.089123	-0.378930	-0.851408	0.362651	0.890488	-0.442121	-0.107522	0.251881	0.282193	0.925701
07793	7.835295	-7.407095	12.202430	-0.045768	-2.117418	0.216195	-0.371598	-0.846178	0.381965	0.891163	-0.440452	-0.108771	0.260277	0.299974	0.917753
07794	7.191908	1.942974	8.833952	1.497399	0.559836	-0.534893	-0.377803	-0.845489	0.377378	0.892920	-0.440506	-0.092997	0.244865	0.301833	0.921378
07795	1.718145	4.657421	11.860939	0.031849	-0.275726	-0.127991	-0.378286	-0.844067	0.380067	0.892495	-0.441525	-0.092242	0.245667	0.304314	0.920348
07796	6.956211	-2.687586	8.804746	-0.799150	-0.305522	0.246908	-0.375340	-0.844211	0.382658	0.891409	-0.441904	-0.100557	0.253989	0.303361	0.918401
07797	2.381067	0.253594	9.676878	0.761714	0.104064	-0.177744	-0.377202	-0.843722	0.381905	0.892628	-0.441117	-0.092899	0.246846	0.305857	0.919521
07798	5.503487	1.249672	9.980235	-0.014611	-0.260215	-0.000755	-0.376585	-0.842902	0.384318	0.892569	-0.441204	-0.093057	0.248000	0.307986	0.918499
07799	4.192710	0.006686	9.716109	0.111978	-0.053989	0.049239	-0.376028	-0.842931	0.384799	0.893013	-0.440476	-0.092239	0.247246	0.308946	0.918380
07800	4.115508	-0.939076	9.594486	0.011308	-0.123399	0.076428	-0.375060	-0.842867	0.385882	0.893308	-0.439833	-0.092456	0.247651	0.310035	0.917904
07801	4.185386	-1.334022	9.364691	0.064056	-0.106452	0.057939	-0.374295	-0.842770	0.386837	0.893665	-0.439178	-0.092112	0.247519	0.311226	0.917536
07802	4.329888	-1.147138	9.485938	0.001859	-0.129398	0.061501	-0.373444	-0.842618	0.387987	0.893880	-0.438690	-0.092359	0.248030	0.312323	0.917025
07803	4.303737	-1.525812	9.271209	0.003476	-0.090494	0.049367	-0.372794	-0.842530	0.388803	0.894054	-0.438296	-0.092540	0.248378	0.313112	0.916662
07804	4.278018	-1.263902	9.202263	0.014335	-0.066425	0.037365	-0.372315	-0.842467	0.389397	0.894209	-0.437972	-0.092580	0.248541	0.313734	0.916405
07805	4.244487	-1.232853	9.233607	0.023281	-0.053429	0.035761	-0.371878	-0.842434	0.389885	0.894381	-0.437631	-0.092526	0.248573	0.314297	0.916203
07806	4.132789	-1.082800	9.264793	0.047657	-0.037247	0.030045	-0.371537	-0.842431	0.390219	0.894591	-0.437264	-0.092233	0.248329	0.314818	0.916091
07807	4.202802	-0.754379	9.413726	0.063235	-0.039123	0.034932	-0.371144	-0.842438	0.390577	0.894859	-0.436804	-0.091811	0.247951	0.315436	0.915981
07808	4.199628	-0.758318	9.536667	0.057505	-0.035466	0.035544	-0.370757	-0.842463	0.390890	0.895113	-0.436359	-0.091449	0.247611	0.315985	0.915883
07809	4.235408	-0.793755	9.625733	0.050121	-0.047011	0.035580	-0.370339	-0.842448	0.391319	0.895351	-0.435934	-0.091150	0.247378	0.316612	0.915730
07810	4.288353	-0.773765	9.594207	0.050239	-0.040523	0.028169	-0.370006	-0.842424	0.391685	0.895559	-0.435573	-0.090826	0.247122	0.317171	0.915606
07811	4.260179	-0.858330	9.513712	0.032510	-0.032415	0.026826	-0.369702	-0.842416	0.391989	0.895720	-0.435278	-0.090654	0.246993	0.317598	0.915492
07812	4.169629	-0.963377	9.539383	0.020587	-0.036920	0.018300	-0.369467	-0.842360	0.392331	0.895819	-0.435094	-0.090564	0.246988	0.317997	0.915355
07813	4.233376	-1.193148	9.430067	0.015901	-0.045245	0.009042	-0.369290	-0.842234	0.392768	0.895873	-0.435001	-0.090474	0.247055	0.318460	0.915176
07814	4.156889	-1.071837	9.403409	0.016408	-0.034117	0.000264	-0.369223	-0.842108	0.393101	0.895895	-0.434982	-0.090351	0.247077	0.318817	0.915046
07815	4.267047	-1.016184	9.367466	0.015520	-0.040038	-0.003015	-0.369168	-0.841945	0.393501	0.895903	-0.434992	-0.090217	0.247128	0.319234	0.914887
07816	4.228287	-0.981123	9.375891	0.010741	-0.025569	-0.005071	-0.369170	-0.841823	0.393760	0.895891	-0.435036	-0.090125	0.247169	0.319495	0.914784
07817	4.177635	-0.922886	9.438345	0.004296	-0.026305	-0.007682	-0.369190	-0.841684	0.394039	0.895855	-0.435121	-0.090076	0.247270	0.319747	0.914669
07818	4.250327	-0.810917	9.413996	-0.000358	-0.029039	-0.004359	-0.369177	-0.841554	0.394329	0.895818	-0.435194	-0.090088	0.247424	0.319989	0.914543
07819	4.224068	-0.829880	9.415044	-0.006082	-0.025375	-0.003746	-0.369164	-0.841434	0.394597	0.895771	-0.435279	-0.090150	0.247615	0.320188	0.914421
07820	4.149085	-0.865786	9.446242	-0.009832	-0.032747	-0.002242	-0.369122	-0.841301	0.394918	0.895718	-0.435365	-0.090257	0.247867	0.320420	0.914272
07821	4.172653	-0.813934	9.347993	-0.010552	-0.043714	0.003485	-0.368999	-0.841154	0.395347	0.895686	-0.435404	-0.090387	0.248165	0.320754	0.914074
07822	4.160891	-0.886187	9.340829	-0.005898	-0.044263	0.004635	-0.368867	-0.841014	0.395767	0.895669	-0.435420	-0.090485	0.248424	0.321099	0.913882
07823	4.143969	-0.855244	9.320361	0.002980	-0.062162	0.004669	-0.368687	-0.840813	0.396363	0.895675	-0.435405	-0.090497	0.248669	0.321647	0.913623
07824	4.129935	-0.852951	9.345759	0.001303	-0.066812	0.009218	-0.368458	-0.840620	0.396985	0.895692	-0.435359	-0.090548	0.248947	0.322213	0.913348
07825	4.171812	-1.008139	9.296206	0.000467	-0.074417	0.008945	-0.368209	-0.840396	0.397688	0.895707	-0.435316	-0.090599	0.249259	0.322853	0.913037
07826	4.117184	-0.972202	9.330960	0.004226	-0.080889	0.006815	-0.367966	-0.840146	0.398441	0.895723	-0.435281	-0.090613	0.249562	0.323550	0.912707
07827	4.140060	-1.053950	9.366129	-0.007886	-0.090202	0.002753	-0.367732	-0.839844	0.399293	0.895695	-0.435317	-0.090716	0.250007	0.324286	0.912324
07828	4.170385	-0.959780	9.368908	-0.013277	-0.104615	-0.006698	-0.367550	-0.839457	0.400274	0.895617	-0.435453	-0.090837	0.250554	0.325105	0.911882
07829	4.225535	-0.870802	9.366917	-0.019507	-0.116076	-0.011321	-0.367377	-0.839007	0.401374	0.895508	-0.435645	-0.090989	0.251197	0.326007	0.911383
07830	4.294258	-0.834404	9.356915	-0.016416	-0.118077	-0.008575	-0.367176	-0.838566	0.402478	0.895415	-0.435807	-0.091130	0.251821	0.326924	0.910882
07831	4.349126	-0.898165	9.387919	-0.017549	-0.113282	-0.009800	-0.366995	-0.838130	0.403551	0.895316	-0.435980	-0.091270	0.252436	0.327810	0.910394
07832	4.334121	-0.865694	9.340775	-0.022497	-0.114179	-0.012503	-0.366838	-0.837682	0.404621	0.895193	-0.436195	-0.091450	0.253100	0.328667	0.909900
07833	4.333793	-0.914877	9.332407	-0.022605	-0.103544	-0.008926	-0.366671	-0.837280	0.405603	0.895084	-0.436378	-0.091639	0.253724	0.329448	0.909444
07834	4.361756	-0.945399	9.321697	-0.024000	-0.103474	-0.007258	-0.366493	-0.836889	0.406571	0.894977	-0.436555	-0.091854	0.254362	0.330208	0.908990
07835	4.338736	-0.963581	9.295597	-0.025591	-0.101639	-0.010117	-0.366341	-0.836486	0.407536	0.894856	-0.436758	-0.092065	0.255005	0.330959	0.908536
07836	4.305223	-0.958613	9.323481	-0.031860	-0.104146	-0.008147	-0.366167	-0.836087	0.408510	0.894724	-0.436968	-0.092346	0.255715	0.331689	0.908070
07837	4.313824	-1.070145	9.431251	-0.052095	-0.113966	-0.016093	-0.366036	-0.835615	0.409591	0.894513	-0.437310	-0.092773	0.256641	0.332426	0.907540
07838	4.264219	-1.109735	9.406639	-0.062869	-0.133921	-0.026850	-0.365951	-0.835034	0.410851	0.894233	-0.437779	-0.093258	0.257736	0.333269	0.906920
07839	4.412165	-0.958885	9.270463	-0.054961	-0.140614	-0.034002	-0.365908	-0.834393	0.412190	0.893947	-0.438281	-0.093636	0.258785	0.334214	0.906274
07840	4.378472	-0.881979	9.330400	-0.058672	-0.132552	-0.033292	-0.365881	-0.833784	0.413442	0.893653	-0.438791	-0.094056	0.259837	0.335061	0.905659
07841	4.385798	-0.980326	9.264560	-0.051652	-0.139504	-0.032682	-0.365826	-0.833150	0.414768	0.893380	-0.439271	-0.094407	0.260851	0.336009	0.905016
07842	4.342500	-1.032503	9.411523	-0.050694	-0.140938	-0.037448	-0.365812	-0.832493	0.416099	0.893090	-0.439790	-0.094736	0.261863	0.336958	0.904371
07843	4.274276	-1.166397	9.379084	-0.067306	-0.155549	-0.050493	-0.365870	-0.831722	0.417585	0.892710	-0.440472	-0.095153	0.263075	0.337968	0.903642
07844	4.045043	-1.278083	9.526147	-0.065951	-0.180039	-0.057910	-0.365932	-0.830839	0.419286	0.892303	-0.441213	-0.095531	0.264366	0.339173	0.902814
07845	4.252598	-1.166363	9.447416	-0.048139	-0.225625	-0.080171	-0.366065	-0.829694	0.421431	0.891863	-0.442077	-0.095648	0.265663	0.340845	0.901802
07846	4.287801	-1.023026	9.476082	-0.062192	-0.241920	-0.096560	-0.366301	-0.828422	0.423724	0.891323	-0.443126	-0.095825	0.267147	0.342574	0.900709
07847	3.967734	-0.672649	9.791920	-0.049342	-0.254233	-0.093688	-0.366470	-0.827109	0.426134	0.890828	-0.444106	-0.095890	0.268560	0.344471	0.899564
07848	4.778532	-0.539349	9.377396	-0.050822	-0.307849	-0.066718	-0.366255	-0.825730	0.428985	0.890426	-0.444870	-0.096086	0.270184	0.346787	0.898187
07849	4.479984	-0.852900	9.438061	-0.075611	-0.284761	-0.044646	-0.365896	-0.824517	0.431615	0.890038	-0.445536	-0.096591	0.271941	0.348812	0.896871
07850	4.533714	-0.721214	9.535267	-0.062525	-0.302085	-0.034370	-0.365397	-0.823288	0.434376	0.889721	-0.446074	-0.097027	0.273645	0.351020	0.895491
07851	4.543104	-0.822871	9.513291	-0.095063	-0.326137	-0.010584	-0.364611	-0.822068	0.437336	0.889402	-0.446531	-0.097850	0.275723	0.353290	0.893959
07852	4.422771	-0.931326	9.590571	-0.110662	-0.343148	-0.009741	-0.363767	-0.820789	0.440430	0.889039	-0.447040	-0.098819	0.278000	0.355612	0.892332
07853	4.485703	-0.976982	9.613642	-0.138763	-0.389685	-0.010534	-0.362788	-0.819328	0.443945	0.888593	-0.447657	-0.100028	0.280690	0.358198	0.890453
07854	4.472260	-1.031067	9.624946	-0.145227	-0.415042	-0.017170	-0.361788	-0.817739	0.447674	0.888100	-0.448356	-0.101266	0.283527	0.360943	0.888444
07855	4.369331	-0.869519	9.705670	-0.143039	-0.467164	-0.032224	-0.360758	-0.815877	0.451883	0.887556	-0.449173	-0.102408	0.286526	0.364127	0.886179
07856	4.427663	-0.772260	9.845000	-0.165577	-0.526389	-0.040264	-0.359617	-0.813750	0.456603	0.886913	-0.450144	-0.103713	0.289934	0.367670	0.883605
07857	4.159909	-1.091155	10.103748	-0.211258	-0.590596	-0.056682	-0.358411	-0.811288	0.461903	0.886072	-0.451421	-0.105334	0.293968	0.371526	0.880654
07858	4.029019	-1.011769	10.333468	-0.216981	-0.705803	-0.095673	-0.357186	-0.808196	0.468227	0.885066	-0.453044	-0.106818	0.298458	0.376258	0.877128
07859	3.885054	-1.124939	10.492291	-0.284854	-0.833855	-0.124733	-0.355793	-0.804445	0.475688	0.883743	-0.455165	-0.108738	0.303990	0.381697	0.872867
07860	3.571450	-1.088500	10.790447	-0.311271	-0.995226	-0.165059	-0.354212	-0.799840	0.484551	0.882178	-0.457725	-0.110676	0.310314	0.388257	0.867734
07861	3.244936	-1.415759	11.279156	-0.367933	-1.220384	-0.207800	-0.352226	-0.794074	0.495362	0.880268	-0.460860	-0.112854	0.317907	0.396301	0.861325
07862	2.890605	-1.781566	11.806889	-0.266962	-1.532502	-0.267088	-0.349661	-0.786661	0.508823	0.878449	-0.464081	-0.113823	0.325675	0.407176	0.853313
07863	2.627974	-1.558612	11.614908	-0.104372	-1.866234	-0.344728	-0.346555	-0.777300	0.525075	0.876884	-0.467246	-0.112940	0.333127	0.421290	0.843529
07864	2.283734	-1.950583	11.428224	-0.080227	-2.226994	-0.443688	-0.342946	-0.765628	0.544244	0.875061	-0.471052	-0.111259	0.341550	0.438091	0.831517
07865	2.218476	-2.278230	11.572633	0.097427	-2.699214	-0.559179	-0.338519	-0.750850	0.567124	0.873471	-0.474892	-0.107360	0.349934	0.459023	0.816605
07866	2.564440	-2.636024	11.849845	0.265188	-3.245194	-0.694090	-0.333097	-0.732209	0.594068	0.872056	-0.478828	-0.101206	0.358560	0.484349	0.798023
07867	2.671419	-3.555468	12.193429	0.383325	-3.791538	-0.884437	-0.327049	-0.709009	0.624776	0.870506	-0.483328	-0.092809	0.367774	0.513518	0.775269
07868	3.002916	-4.526702	12.267773	0.637975	-4.406751	-1.137020	-0.320555	-0.680086	0.659338	0.869175	-0.487882	-0.080662	0.376537	0.547223	0.747507
07869	4.810266	-4.418985	11.825844	0.824941	-5.058720	-1.444453	-0.313842	-0.644338	0.697375	0.867712	-0.492819	-0.064840	0.385459	0.584771	0.713768
07870	8.841892	-4.580306	12.543771	0.533985	-5.468611	-1.663145	-0.306844	-0.603061	0.736318	0.864617	-0.500015	-0.049214	0.397849	0.621532	0.674844
07871	11.677693	-5.299461	12.897219	0.280246	-5.403322	-1.899936	-0.301365	-0.558966	0.772487	0.859948	-0.509310	-0.033047	0.411907	0.654339	0.634171
07872	17.340574	-8.686010	14.340887	-0.161703	-4.888194	-1.933966	-0.297421	-0.516361	0.803064	0.853453	-0.520831	-0.018806	0.427972	0.679784	0.595595
07873	12.178745	-9.449363	12.300243	0.952253	-4.209170	-2.338638	-0.299253	-0.474932	0.827579	0.850546	-0.525870	0.005771	0.432458	0.705621	0.561319
07874	9.179663	-4.165142	12.387768	1.585309	-4.189044	-2.501347	-0.302436	-0.431609	0.849850	0.849844	-0.525846	0.035375	0.431622	0.732939	0.525835
07875	6.918218	-1.469427	12.428273	1.292005	-4.145077	-2.416057	-0.305036	-0.387996	0.869720	0.848065	-0.526169	0.062709	0.433288	0.756707	0.489546
07876	4.083983	-0.181945	11.640361	0.705727	-4.233185	-2.336864	-0.306331	-0.343185	0.887910	0.843977	-0.529345	0.086577	0.440299	0.775898	0.451796
07877	2.126259	0.339865	10.384187	0.030521	-4.317177	-2.295993	-0.306354	-0.297123	0.904359	0.837050	-0.536503	0.107288	0.453314	0.789862	0.413067
07878	0.042354	-0.782236	8.221354	-0.680839	-4.211906	-2.207966	-0.305256	-0.251677	0.918410	0.827120	-0.548008	0.124739	0.471902	0.797713	0.375450
07879	-2.411560	-3.576019	6.333874	-1.054675	-3.865831	-2.014501	-0.303181	-0.209585	0.929600	0.815874	-0.561130	0.139579	0.492372	0.800754	0.341119
07880	21.201978	-4.773382	8.616002	-0.694870	-4.516548	-1.090488	-0.289382	-0.167116	0.942513	0.809126	-0.568803	0.147574	0.511442	0.805317	0.299819
07881	16.542133	-3.657359	13.771450	-1.124844	0.631573	-0.180588	-0.294103	-0.171129	0.940329	0.802774	-0.578169	0.145860	0.518708	0.797769	0.307419
07882	8.307869	-11.981966	11.747172	-1.251410	1.078891	1.027687	-0.291517	-0.185639	0.938380	0.799219	-0.586298	0.132298	0.525611	0.788538	0.319282
07883	0.884230	-8.975739	7.807247	0.312806	2.361288	1.280640	-0.293559	-0.211696	0.932206	0.804562	-0.581339	0.121346	0.516239	0.785640	0.340980
07884	-2.429967	-7.621161	6.048981	0.513896	2.330225	1.733567	-0.291459	-0.239956	0.925998	0.812230	-0.573430	0.107056	0.505306	0.783325	0.362031
07885	-1.382769	-4.845394	5.511125	1.010603	2.333149	1.896178	-0.287584	-0.268984	0.919208	0.822718	-0.560739	0.093310	0.490337	0.783083	0.382557
07886	-0.978256	-2.248875	5.302142	0.988842	2.386572	2.001109	-0.282553	-0.298716	0.911555	0.833171	-0.547360	0.078886	0.475384	0.781771	0.403540
07887	-0.771444	-0.475908	5.311045	0.681249	2.492342	2.116728	-0.276524	-0.329613	0.902712	0.842252	-0.535450	0.062491	0.462759	0.777592	0.425682
07888	-0.213361	0.654830	5.511716	0.279728	2.569289	2.227741	-0.269462	-0.361289	0.892670	0.849590	-0.525629	0.043721	0.453417	0.770185	0.448585
07889	-0.044997	0.441165	5.864361	-0.300300	2.648528	2.277209	-0.262028	-0.393441	0.881218	0.854256	-0.519382	0.022120	0.448986	0.758582	0.472192
07890	0.923809	-0.201461	6.192641	-0.590234	2.651702	2.206354	-0.255043	-0.424755	0.868640	0.857290	-0.514834	-0.000037	0.447221	0.744667	0.495443
07891	2.366662	-0.889797	6.602912	-0.810459	2.721149	2.098419	-0.249226	-0.455578	0.854596	0.858925	-0.511617	-0.022251	0.447363	0.728489	0.518816
07892	4.015801	-1.732116	7.235657	-0.832608	2.871539	1.942852	-0.245390	-0.486127	0.838728	0.859980	-0.508502	-0.043120	0.447457	0.710708	0.542841
07893	5.413144	-2.097822	7.820701	-0.678302	3.105558	1.762013	-0.244116	-0.516839	0.820540	0.861233	-0.504472	-0.061533	0.445742	0.691655	0.568268
07894	6.366597	-2.090829	8.055361	-0.461367	3.399197	1.557176	-0.245785	-0.547795	0.799694	0.862976	-0.499368	-0.076835	0.441432	0.671232	0.595471
07895	6.590072	-1.762962	8.257659	-0.289771	3.661612	1.313203	-0.250505	-0.578503	0.776261	0.864935	-0.493933	-0.088979	0.434896	0.649126	0.624100
07896	6.755259	-1.334370	8.462198	-0.217553	3.827908	1.045630	-0.257967	-0.608013	0.750848	0.866632	-0.489158	-0.098359	0.427087	0.625336	0.653110
07897	6.891627	-1.112760	8.684961	-0.251050	3.937225	0.785462	-0.267835	-0.635969	0.723746	0.867604	-0.485857	-0.105858	0.418959	0.599573	0.681899
07898	7.111319	-1.450777	8.880177	-0.342240	3.996864	0.550934	-0.279659	-0.662032	0.695344	0.867668	-0.484327	-0.112158	0.411026	0.571962	0.709871
07899	7.540298	-2.135228	9.156934	-0.418413	4.036657	0.379608	-0.292826	-0.686378	0.665686	0.867021	-0.484145	-0.117804	0.403147	0.542668	0.736875
07900	7.935686	-2.839858	9.456298	-0.435411	4.073819	0.275396	-0.306709	-0.709177	0.634821	0.866085	-0.484560	-0.122873	0.394748	0.512123	0.762827
07901	8.260581	-3.360843	9.503261	-0.421114	4.118037	0.243639	-0.320693	-0.730802	0.602564	0.865176	-0.484940	-0.127686	0.385520	0.480376	0.787790
07902	8.151036	-3.575766	9.441801	-0.383830	4.114792	0.284854	-0.333903	-0.751264	0.569307	0.864624	-0.484650	-0.132441	0.375412	0.448014	0.811387
07903	8.062837	-3.609540	9.518953	-0.406603	4.029067	0.414811	-0.345266	-0.770670	0.535593	0.864496	-0.483290	-0.138121	0.365292	0.415329	0.833105
07904	8.140817	-3.704410	9.696502	-0.452834	3.896507	0.607584	-0.354075	-0.789128	0.501905	0.864964	-0.480396	-0.145110	0.355624	0.382750	0.852663
07905	8.384050	-3.688655	9.916854	-0.492835	3.751362	0.858386	-0.359842	-0.806984	0.468285	0.866267	-0.475392	-0.153569	0.346547	0.350399	0.870130
07906	8.442608	-3.659094	10.104971	-0.532143	3.627345	1.127364	-0.362498	-0.824412	0.434672	0.868494	-0.468010	-0.163355	0.338103	0.318294	0.885650
07907	8.459717	-3.440511	10.250279	-0.569400	3.495929	1.358332	-0.362393	-0.841276	0.401156	0.871484	-0.458456	-0.174167	0.330435	0.286484	0.899300
07908	8.427586	-3.083835	10.418305	-0.603045	3.346543	1.531885	-0.359978	-0.857262	0.368127	0.875022	-0.447112	-0.185545	0.323655	0.255327	0.911074
07909	8.625894	-2.465858	10.701935	-0.677334	3.165818	1.651392	-0.355685	-0.872141	0.335943	0.878728	-0.434493	-0.197619	0.318317	0.224912	0.920917
07910	9.213068	-1.822287	11.142123	-0.765854	2.980768	1.717972	-0.350008	-0.885740	0.304891	0.882344	-0.421034	-0.210237	0.314585	0.195434	0.928893
07911	9.642269	-1.250012	11.373503	-0.863683	2.840045	1.739210	-0.343564	-0.898077	0.274631	0.885639	-0.407116	-0.223383	0.312422	0.166477	0.935242
07912	10.033824	-0.780579	11.245148	-0.932702	2.711667	1.724777	-0.336741	-0.909095	0.245258	0.888574	-0.392982	-0.236645	0.311514	0.138242	0.940132
07913	10.169607	-0.437716	10.706244	-0.953899	2.568791	1.642501	-0.330154	-0.918632	0.217055	0.891052	-0.379190	-0.249482	0.311488	0.111040	0.943740
07914	10.230637	-0.193605	9.885195	-0.917087	2.371421	1.489395	-0.324278	-0.926506	0.190866	0.893045	-0.366380	-0.261220	0.311951	0.085744	0.946221
07915	10.443876	0.079877	8.911346	-0.809430	2.131260	1.265732	-0.319644	-0.932650	0.167304	0.894567	-0.355243	-0.271207	0.312375	0.062975	0.947869
07916	10.479578	0.629871	7.890015	-0.674711	1.851454	0.996381	-0.316530	-0.937119	0.147028	0.895606	-0.346314	-0.279206	0.312567	0.043303	0.948908
07917	10.681920	1.068199	7.098630	-0.580781	1.545935	0.693458	-0.315179	-0.940032	0.130395	0.895954	-0.340035	-0.285733	0.312937	0.026771	0.949397
07918	10.517081	0.649133	6.330734	-0.542183	1.213712	0.435287	-0.315103	-0.941738	0.117642	0.895605	-0.336075	-0.291455	0.314011	0.013523	0.949323
07919	11.671960	1.454096	4.864410	-0.188808	0.721607	0.058123	-0.316871	-0.941995	0.110626	0.895170	-0.335572	-0.293365	0.313471	0.006071	0.949578
07920	12.039326	1.576341	5.176880	-0.438963	0.562512	-0.049730	-0.319104	-0.941834	0.105460	0.893609	-0.336078	-0.297513	0.315651	-0.000697	0.948875
07921	11.128847	1.025662	4.692923	-0.366644	0.264139	-0.223674	-0.321960	-0.941064	0.103637	0.891704	-0.338200	-0.300806	0.318127	-0.004434	0.948038
07922	10.518490	0.181534	4.554710	-0.355848	-0.093710	-0.361058	-0.324894	-0.939832	0.105643	0.889376	-0.341605	-0.303835	0.321642	-0.004758	0.946849
07923	9.848262	-0.221832	4.774165	-0.176810	-0.463257	-0.478969	-0.327673	-0.938188	0.111505	0.887216	-0.346124	-0.305035	0.324775	-0.001023	0.945791
07924	9.401211	-0.536425	5.096808	0.020485	-0.779877	-0.540833	-0.329942	-0.936272	0.120552	0.885482	-0.351218	-0.304249	0.327200	0.006362	0.944934
07925	8.650270	-0.819125	5.410369	0.302796	-1.071614	-0.565031	-0.331452	-0.934134	0.132411	0.884579	-0.356495	-0.300719	0.328116	0.017454	0.944476
07926	7.694999	-0.611023	5.784981	0.591029	-1.308221	-0.532108	-0.331890	-0.931892	0.146376	0.884728	-0.361340	-0.294430	0.327269	0.031785	0.944397
07927	6.372054	-0.120275	5.617575	0.881011	-1.477237	-0.435980	-0.330956	-0.929702	0.161624	0.886127	-0.365074	-0.285481	0.324417	0.048738	0.944658
07928	4.144406	-0.070924	5.391216	1.163779	-1.630926	-0.280601	-0.328213	-0.927710	0.177846	0.888928	-0.367027	-0.274041	0.319505	0.068148	0.945131
07929	2.585299	0.290193	5.062245	1.542475	-1.918525	-0.110894	-0.323161	-0.925758	0.196313	0.893412	-0.366855	-0.259293	0.312061	0.091595	0.945636
07930	1.413318	1.304145	4.856963	2.010472	-2.119010	0.061488	-0.316134	-0.923744	0.216231	0.899749	-0.364203	-0.240433	0.300850	0.118544	0.946275
07931	1.466502	4.622309	5.551653	2.585844	-2.388744	0.046095	-0.308738	-0.920690	0.238770	0.907445	-0.360340	-0.216100	0.284999	0.149952	0.946726
07932	3.879361	9.170347	6.836899	2.629611	-2.625068	-0.080353	-0.302216	-0.916012	0.263796	0.914466	-0.356725	-0.191048	0.269104	0.183495	0.945470
07933	5.440500	8.096172	8.461561	1.196136	-2.290669	0.079264	-0.295390	-0.911786	0.285292	0.917878	-0.353689	-0.180013	0.265038	0.208689	0.941384
07934	6.103575	-0.062795	9.991938	0.454095	-1.771213	-0.300882	-0.293468	-0.906851	0.302485	0.918179	-0.355471	-0.174894	0.266127	0.226409	0.936971
07935	-2.413536	2.645379	20.038787	2.497891	-1.437273	-1.915872	-0.307393	-0.896501	0.319053	0.918820	-0.366851	-0.145566	0.247545	0.248406	0.936491
07936	31.806905	-4.263213	27.511394	0.783249	-4.767729	-1.552941	-0.309678	-0.877773	0.365533	0.915978	-0.378543	-0.133001	0.255114	0.293633	0.921247
07937	30.294633	-14.432769	5.899698	1.156995	0.574547	-0.366353	-0.314484	-0.878051	0.360731	0.917697	-0.378401	-0.121014	0.242757	0.292985	0.924786
07938	-11.887488	7.741819	11.802507	4.339940	1.871263	-1.383761	-0.331355	-0.878284	0.344703	0.922751	-0.377873	-0.075781	0.196812	0.292965	0.935648
07939	1.016051	14.913258	15.946373	1.411993	-3.342859	-0.642807	-0.330759	-0.865458	0.376273	0.923372	-0.379133	-0.060354	0.194892	0.327477	0.924541
07940	14.732318	1.236847	7.683161	-2.677780	-1.455361	0.607698	-0.322129	-0.862972	0.389246	0.919725	-0.382719	-0.087365	0.224366	0.329856	0.916981
07941	8.511062	-2.760928	11.940327	0.186268	0.518261	0.290425	-0.320627	-0.865755	0.384275	0.921057	-0.379633	-0.086796	0.221027	0.326110	0.919130
07942	0.873778	4.148451	10.436826	1.753116	-0.007091	-0.418289	-0.324491	-0.864131	0.384686	0.923424	-0.377512	-0.069088	0.204925	0.332810	0.920458
07943	5.928806	0.428046	9.618450	-1.254704	-0.785329	0.515934	-0.318081	-0.863432	0.391547	0.922406	-0.377278	-0.082631	0.219069	0.334882	0.916440
07944	4.969676	-3.305320	9.081763	0.111481	-0.117930	0.178278	-0.316199	-0.863691	0.392500	0.923198	-0.375402	-0.082335	0.218457	0.336321	0.916059
07945	4.042434	-0.091384	10.049642	0.144189	-0.253314	0.104003	-0.314703	-0.863200	0.394775	0.923825	-0.374052	-0.081440	0.217966	0.339073	0.915161
07946	4.639754	-1.781758	9.259049	-0.064601	-0.220042	0.122593	-0.313110	-0.862894	0.396707	0.924051	-0.373250	-0.082542	0.219296	0.340733	0.914227
07947	4.561157	-1.035489	9.543543	-0.022505	-0.187945	0.089315	-0.311889	-0.862560	0.398391	0.924265	-0.372592	-0.083119	0.220133	0.342295	0.913442
07948	4.414094	-1.071584	9.532446	-0.047729	-0.165668	0.082679	-0.310781	-0.862283	0.399855	0.924400	-0.372080	-0.083911	0.221133	0.343548	0.912729
07949	4.421585	-1.001215	9.507423	-0.057575	-0.140746	0.070268	-0.309836	-0.862035	0.401121	0.924475	-0.371707	-0.084734	0.222143	0.344572	0.912098
07950	4.607841	-1.132051	9.365371	-0.061425	-0.149102	0.056444	-0.309003	-0.861713	0.402452	0.924495	-0.371470	-0.085547	0.223216	0.345631	0.911435
07951	4.504347	-1.003075	9.362480	-0.025917	-0.110528	0.045381	-0.308354	-0.861474	0.403461	0.924562	-0.371204	-0.085982	0.223838	0.346512	0.910948
07952	4.385742	-0.946277	9.406837	-0.033402	-0.102997	0.035391	-0.307817	-0.861231	0.404389	0.924579	-0.371053	-0.086455	0.224507	0.347277	0.910492
07953	4.420280	-0.779924	9.411698	-0.024939	-0.105600	0.029986	-0.307319	-0.860949	0.405365	0.924599	-0.370917	-0.086819	0.225104	0.348119	0.910023
07954	4.457575	-0.689697	9.410019	-0.018797	-0.106510	0.031006	-0.306813	-0.860676	0.406327	0.924634	-0.370753	-0.087142	0.225648	0.348968	0.909563
07955	4.445029	-0.838041	9.372292	-0.017686	-0.100576	0.034186	-0.306287	-0.860426	0.407254	0.924683	-0.370556	-0.087457	0.226161	0.349794	0.909118
07956	4.390308	-0.899135	9.398175	-0.000124	-0.084449	0.031630	-0.305824	-0.860230	0.408014	0.924763	-0.370322	-0.087613	0.226464	0.350521	0.908762
07957	4.351885	-0.989588	9.419173	-0.004259	-0.102426	0.031472	-0.305318	-0.859962	0.408958	0.924833	-0.370102	-0.087796	0.226857	0.351412	0.908320
07958	4.307835	-1.125397	9.338113	0.005627	-0.096002	0.027727	-0.304865	-0.859710	0.409826	0.924913	-0.369881	-0.087884	0.227141	0.352260	0.907920
07959	4.311844	-1.073656	9.363640	0.021692	-0.110554	0.022850	-0.304419	-0.859378	0.410851	0.925016	-0.369644	-0.087797	0.227319	0.353317	0.907465
07960	4.357190	-0.955698	9.362592	0.018056	-0.122288	0.018197	-0.303994	-0.858996	0.411964	0.925095	-0.369461	-0.087733	0.227567	0.354436	0.906967
07961	4.064127	-0.696530	9.676255	0.009780	-0.120865	0.009679	-0.303646	-0.858576	0.413093	0.925131	-0.369379	-0.087700	0.227885	0.355536	0.906456
07962	4.158810	-0.844220	9.495970	-0.046569	-0.186942	0.005025	-0.303193	-0.857912	0.414803	0.925022	-0.369540	-0.088168	0.228927	0.356970	0.905630
07963	4.287868	-0.880356	9.441726	-0.049060	-0.187893	-0.004044	-0.302817	-0.857199	0.416549	0.924882	-0.369786	-0.088611	0.229991	0.358426	0.904785
07964	4.342614	-0.817954	9.382361	-0.062444	-0.213738	-0.008193	-0.302420	-0.856383	0.418509	0.924695	-0.370119	-0.089166	0.231258	0.360028	0.903825
07965	4.410642	-0.784478	9.292866	-0.069571	-0.220491	-0.007703	-0.301997	-0.855533	0.420549	0.924495	-0.370472	-0.089778	0.232609	0.361683	0.902817
07966	4.427916	-0.918806	9.322196	-0.080422	-0.222126	-0.005168	-0.301547	-0.854691	0.422578	0.924274	-0.370845	-0.090506	0.234066	0.363286	0.901796
07967	4.473336	-1.032136	9.198736	-0.092463	-0.228059	-0.008827	-0.301110	-0.853801	0.424683	0.924014	-0.371294	-0.091317	0.235649	0.364917	0.900725
07968	4.466125	-1.084536	9.238600	-0.097746	-0.228712	-0.014501	-0.300724	-0.852894	0.426775	0.923722	-0.371813	-0.092160	0.237283	0.366507	0.899650
07969	4.608887	-1.071081	9.032889	-0.087468	-0.226865	-0.023126	-0.300415	-0.851948	0.428878	0.923428	-0.372368	-0.092862	0.238814	0.368141	0.898577
07970	4.637891	-1.131434	9.015585	-0.089486	-0.207990	-0.023879	-0.300158	-0.851074	0.430788	0.923124	-0.372939	-0.093588	0.240308	0.369580	0.897587
07971	4.607851	-1.199426	8.984029	-0.084326	-0.188382	-0.031506	-0.300011	-0.850232	0.432550	0.922810	-0.373556	-0.094223	0.241693	0.370893	0.896673
07972	4.620126	-1.202877	8.950763	-0.075400	-0.175534	-0.038164	-0.299959	-0.849420	0.434179	0.922495	-0.374199	-0.094758	0.242958	0.372104	0.895829
07973	4.658503	-1.115811	9.045695	-0.072783	-0.161702	-0.047274	-0.300017	-0.848612	0.435714	0.922159	-0.374908	-0.095218	0.244156	0.373230	0.895035
07974	4.673113	-0.968399	9.076209	-0.068095	-0.148344	-0.050410	-0.300140	-0.847851	0.437109	0.921823	-0.375629	-0.095632	0.245272	0.374234	0.894310
07975	4.778710	-0.899648	9.157440	-0.050026	-0.143278	-0.047413	-0.300241	-0.847108	0.438478	0.921541	-0.376255	-0.095886	0.246205	0.375286	0.893613
07976	4.720643	-0.854962	9.118466	-0.053999	-0.136931	-0.034395	-0.300241	-0.846447	0.439754	0.921287	-0.376787	-0.096241	0.247157	0.376244	0.892947
07977	4.771902	-0.845593	9.155336	-0.048515	-0.122316	-0.031386	-0.300244	-0.845840	0.440918	0.921056	-0.377272	-0.096550	0.248012	0.377122	0.892339
07978	4.718907	-0.880374	9.133896	-0.052217	-0.120459	-0.024732	-0.300193	-0.845274	0.442037	0.920833	-0.377717	-0.096931	0.248898	0.377944	0.891744
07979	4.778022	-0.822153	9.149069	-0.042944	-0.112608	-0.020787	-0.300120	-0.844741	0.443103	0.920647	-0.378092	-0.097236	0.249673	0.378759	0.891182
07980	4.707605	-0.826840	9.134420	-0.042240	-0.103716	-0.011268	-0.299985	-0.844288	0.444058	0.920490	-0.378386	-0.097586	0.250416	0.379477	0.890668
07981	4.587657	-0.977647	9.316456	-0.056756	-0.100266	-0.006522	-0.299810	-0.843854	0.445000	0.920311	-0.378694	-0.098076	0.251280	0.380134	0.890144
07982	4.523350	-1.040619	9.395351	-0.073535	-0.127184	-0.011801	-0.299618	-0.843307	0.446163	0.920072	-0.379111	-0.098701	0.252381	0.380930	0.889492
07983	4.423128	-1.068769	9.484152	-0.096157	-0.159348	-0.021266	-0.299427	-0.842590	0.447643	0.919748	-0.379695	-0.099475	0.253784	0.381934	0.888662
07984	4.419155	-0.973302	9.589371	-0.108759	-0.211696	-0.026245	-0.299150	-0.841663	0.449570	0.919374	-0.380370	-0.100346	0.255461	0.383304	0.887591
07985	4.346473	-0.857273	9.684997	-0.123160	-0.252869	-0.033750	-0.298828	-0.840534	0.451889	0.918941	-0.381165	-0.101300	0.257390	0.384988	0.886304
07986	4.185282	-0.719890	9.901153	-0.144612	-0.324188	-0.038363	-0.298363	-0.839118	0.454819	0.918434	-0.382084	-0.102430	0.259730	0.387160	0.884674
07987	4.030907	-0.740351	10.175651	-0.188820	-0.420068	-0.048979	-0.297732	-0.837270	0.458623	0.917777	-0.383265	-0.103887	0.262756	0.389983	0.882538
07988	3.997081	-0.740594	10.325445	-0.208344	-0.539724	-0.058461	-0.296860	-0.834913	0.463460	0.917034	-0.384609	-0.105477	0.266315	0.393696	0.879818
07989	3.724258	-0.832948	10.694803	-0.285377	-0.683150	-0.093013	-0.295894	-0.831820	0.469598	0.915974	-0.386552	-0.107560	0.270995	0.398313	0.876304
07990	3.459664	-1.172566	10.761749	-0.349413	-0.867522	-0.125621	-0.294688	-0.827833	0.477338	0.914627	-0.389035	-0.110042	0.276798	0.404158	0.871802
07991	3.288133	-1.136190	10.976080	-0.377345	-1.078445	-0.174256	-0.293276	-0.822725	0.486942	0.913040	-0.392051	-0.112492	0.283456	0.411607	0.866160
07992	3.299341	-1.342597	10.943445	-0.432558	-1.309097	-0.230683	-0.291638	-0.816350	0.498518	0.911103	-0.395780	-0.115108	0.291272	0.420632	0.859203
07993	3.200319	-1.413349	11.109132	-0.349479	-1.566330	-0.270912	-0.289498	-0.808566	0.512262	0.909266	-0.399510	-0.116736	0.299043	0.431988	0.850858
07994	2.898138	-1.128848	11.307858	-0.245001	-1.842635	-0.316895	-0.286815	-0.799187	0.528240	0.907591	-0.403172	-0.117180	0.306621	0.445817	0.840970
07995	2.950799	-1.236030	11.031800	-0.159940	-2.204949	-0.361904	-0.283268	-0.787675	0.547108	0.906044	-0.406810	-0.116577	0.314394	0.462681	0.828904
07996	2.663124	-1.325721	11.473542	-0.064970	-2.573920	-0.444354	-0.279116	-0.773673	0.568792	0.904567	-0.410626	-0.114649	0.322262	0.482510	0.814452
