// General information: 
//  MT Manager version: 2022.2.0 
//  XDA version: 2022.2.0 build 7381 rev 124627 built on 2023-07-19
// Device information: 
//  DeviceId: 00B4CB9F
//  ProductCode: MTW2-3A7G6
//  Firmware Version: 4.6.0
//  Hardware Version: 2.0.0
// Device settings: 
//  Filter Profile: human(46.1)
//  Option Flags: Orientation Smoother Disabled, Position/Velocity Smoother Disabled, Continuous Zero Rotation Update Disabled, AHS Disabled, ICC Disabled
// Coordinate system: ENU
PacketCounter	Acc_X	Acc_Y	Acc_Z	Gyr_X	Gyr_Y	Gyr_Z	Mat[1][1]	Mat[2][1]	Mat[3][1]	Mat[1][2]	Mat[2][2]	Mat[3][2]	Mat[1][3]	Mat[2][3]	Mat[3][3]
03757	9.849444	1.135082	-0.174448	0.079119	-0.044945	-0.042065	0.025616	-0.059134	0.997921	-0.946316	0.320334	0.043273	-0.322227	-0.945457	-0.047753
03758	9.731457	1.065379	-0.237198	0.006297	-0.045639	-0.055002	0.025933	-0.059787	0.997874	-0.946338	0.320198	0.043778	-0.322135	-0.945462	-0.048275
03759	9.691519	0.767661	-0.308246	-0.041568	-0.056699	-0.053131	0.026162	-0.060632	0.997817	-0.946211	0.320505	0.044284	-0.322491	-0.945304	-0.048986
03760	9.769775	0.599757	-0.343095	-0.055451	-0.047241	-0.043374	0.026363	-0.061264	0.997773	-0.946037	0.320960	0.044703	-0.322984	-0.945109	-0.049496
03761	9.581539	0.729354	-0.053561	-0.040628	-0.018008	-0.042454	0.026606	-0.061702	0.997740	-0.945909	0.321284	0.045092	-0.323340	-0.944971	-0.049816
03762	9.656823	0.785223	0.220962	-0.064003	-0.000876	-0.043105	0.026954	-0.061894	0.997719	-0.945707	0.321819	0.045513	-0.323901	-0.944776	-0.049860
03763	9.897052	0.725733	0.228728	-0.082438	0.014661	-0.047418	0.027367	-0.062040	0.997698	-0.945446	0.322516	0.045989	-0.324627	-0.944529	-0.049829
03764	9.954751	0.680675	0.157091	-0.099854	0.014677	-0.058289	0.027909	-0.062135	0.997677	-0.945122	0.323380	0.046579	-0.325523	-0.944227	-0.049700
03765	9.942786	0.490314	-0.047601	-0.107111	0.022701	-0.066130	0.028500	-0.062266	0.997653	-0.944770	0.324314	0.047231	-0.326494	-0.943898	-0.049584
03766	9.887274	0.321681	-0.252994	-0.068892	0.022094	-0.057069	0.029055	-0.062288	0.997635	-0.944545	0.324886	0.047793	-0.327095	-0.943700	-0.049395
03767	9.784895	0.279868	-0.403781	-0.016420	0.037422	-0.048448	0.029547	-0.062223	0.997625	-0.944497	0.324960	0.048242	-0.327190	-0.943679	-0.049168
03768	9.765415	0.353398	-0.470477	0.008475	0.035529	-0.036054	0.029947	-0.062050	0.997624	-0.944530	0.324815	0.048556	-0.327056	-0.943740	-0.048881
03769	9.794277	0.418018	-0.388017	0.012716	0.052669	-0.027993	0.030304	-0.061756	0.997631	-0.944576	0.324648	0.048789	-0.326892	-0.943817	-0.048495
03770	9.779879	0.449201	-0.307902	0.022851	0.065090	-0.029968	0.030743	-0.061285	0.997647	-0.944658	0.324371	0.049036	-0.326612	-0.943943	-0.047921
03771	9.738993	0.413871	-0.599569	0.034380	0.061298	-0.035954	0.031200	-0.060951	0.997653	-0.944783	0.323961	0.049339	-0.326208	-0.944105	-0.047478
03772	10.120251	0.403833	-1.043831	0.063863	0.036958	-0.041520	0.031656	-0.060782	0.997649	-0.944995	0.323289	0.049682	-0.325549	-0.944346	-0.047204
03773	10.220665	0.500465	-1.103953	0.042455	0.039289	-0.052556	0.032196	-0.060707	0.997636	-0.945139	0.322796	0.050144	-0.325077	-0.944520	-0.046983
03774	9.834402	0.375658	-1.223781	0.002956	0.017207	-0.057000	0.032734	-0.060774	0.997615	-0.945147	0.322690	0.050671	-0.325000	-0.944551	-0.046877
03775	9.654884	0.054784	-1.520775	-0.009842	-0.049081	-0.035484	0.032815	-0.061482	0.997569	-0.945123	0.322713	0.050979	-0.325062	-0.944498	-0.047518
03776	9.673491	-0.011924	-1.456393	-0.030722	-0.076330	-0.009939	0.032604	-0.062280	0.997526	-0.945037	0.322953	0.051052	-0.325334	-0.944363	-0.048327
03777	9.511957	0.293994	-0.890100	-0.067396	-0.065096	-0.002330	0.032336	-0.063036	0.997487	-0.944841	0.323524	0.051074	-0.325930	-0.944118	-0.049097
03778	9.652062	0.552737	-0.189166	-0.162555	-0.053324	-0.007243	0.032173	-0.063608	0.997456	-0.944324	0.325010	0.051185	-0.327439	-0.943569	-0.049610
03779	9.774067	0.366127	0.070547	-0.241149	-0.042642	-0.026906	0.032195	-0.064241	0.997415	-0.943548	0.327202	0.051531	-0.329666	-0.942768	-0.050080
03780	9.950401	0.118009	0.108180	-0.242006	-0.040294	-0.042392	0.032405	-0.064805	0.997372	-0.942751	0.329412	0.052034	-0.331919	-0.941960	-0.050421
03781	10.071004	0.148265	0.088076	-0.193301	-0.010617	-0.068075	0.032919	-0.065244	0.997326	-0.942099	0.331158	0.052760	-0.333715	-0.941317	-0.050565
03782	9.969780	0.054989	-0.070186	-0.125663	-0.003445	-0.085649	0.033657	-0.065606	0.997278	-0.941668	0.332242	0.053637	-0.334857	-0.940910	-0.050597
03783	9.826663	-0.124769	-0.234852	-0.032526	0.019237	-0.091565	0.034495	-0.065851	0.997233	-0.941546	0.332444	0.054521	-0.335114	-0.940821	-0.050534
03784	9.741104	-0.176819	0.005285	0.047687	0.039794	-0.091650	0.035434	-0.065826	0.997202	-0.941691	0.331892	0.055370	-0.334608	-0.941018	-0.050227
03785	9.762334	-0.118172	0.259981	0.105833	0.072891	-0.088608	0.036421	-0.065547	0.997185	-0.942030	0.330797	0.056150	-0.333546	-0.941423	-0.049700
03786	9.771541	-0.032764	0.273286	0.144076	0.087116	-0.088101	0.037484	-0.065063	0.997177	-0.942494	0.329340	0.056917	-0.332113	-0.941967	-0.048977
03787	9.835925	0.167944	0.223525	0.147142	0.091186	-0.100791	0.038642	-0.064648	0.997160	-0.942964	0.327840	0.057797	-0.330645	-0.942519	-0.048292
03788	9.759076	0.525876	0.079493	0.120408	0.102382	-0.119734	0.040053	-0.064120	0.997138	-0.943331	0.326585	0.058892	-0.329426	-0.942990	-0.047405
03789	9.587658	0.734018	-0.324440	0.076581	0.075722	-0.134906	0.041471	-0.063959	0.997090	-0.943548	0.325732	0.060138	-0.328630	-0.943296	-0.046839
03790	9.590021	0.677943	-0.813543	0.019765	0.028434	-0.138130	0.042811	-0.064186	0.997019	-0.943572	0.325414	0.061466	-0.328389	-0.943391	-0.046632
03791	9.684558	0.359379	-1.269232	-0.014889	-0.012279	-0.128778	0.043898	-0.064836	0.996930	-0.943493	0.325407	0.062708	-0.328473	-0.943349	-0.046888
03792	9.823921	0.027909	-1.506522	-0.024197	-0.039353	-0.106610	0.044718	-0.065600	0.996843	-0.943383	0.325522	0.063742	-0.328676	-0.943256	-0.047329
03793	9.773438	-0.013957	-1.590773	-0.001270	-0.070785	-0.084421	0.045172	-0.066646	0.996754	-0.943351	0.325464	0.064513	-0.328707	-0.943203	-0.048169
03794	9.776954	0.121427	-1.541922	0.012930	-0.096167	-0.067633	0.045437	-0.067818	0.996662	-0.943380	0.325254	0.065140	-0.328586	-0.943192	-0.049200
03795	9.753458	0.267621	-1.152465	-0.004339	-0.105175	-0.068544	0.045635	-0.069149	0.996562	-0.943354	0.325206	0.065764	-0.328635	-0.943112	-0.050391
03796	9.790462	0.310487	-0.816105	-0.028669	-0.104062	-0.086229	0.046050	-0.070456	0.996451	-0.943238	0.325373	0.066597	-0.328911	-0.942957	-0.051474
03797	9.697912	0.186128	-0.642245	-0.049840	-0.101343	-0.112736	0.046683	-0.071910	0.996318	-0.943050	0.325689	0.067694	-0.329358	-0.942738	-0.052610
03798	9.814769	-0.243393	-0.526605	-0.034786	-0.075894	-0.127135	0.047575	-0.073085	0.996190	-0.942894	0.325882	0.068938	-0.329679	-0.942581	-0.053407
03799	9.751861	-0.423775	-0.449789	0.070868	-0.059990	-0.138104	0.048578	-0.074218	0.996058	-0.943079	0.325072	0.070216	-0.329002	-0.942772	-0.054202
03800	9.734196	-0.157516	-0.488651	0.204384	-0.045774	-0.144291	0.049732	-0.075163	0.995930	-0.943696	0.322994	0.071500	-0.327054	-0.943411	-0.054867
03801	9.738896	0.393953	-0.533931	0.274727	-0.033655	-0.140353	0.050842	-0.076047	0.995807	-0.944542	0.320247	0.072681	-0.324432	-0.944277	-0.055547
03802	9.734383	0.811056	-0.540149	0.262193	-0.030113	-0.141063	0.052021	-0.076827	0.995686	-0.945334	0.317620	0.073898	-0.321927	-0.945101	-0.056104
03803	9.497338	0.832025	-0.675725	0.194898	-0.031115	-0.145051	0.053184	-0.077700	0.995557	-0.945907	0.315610	0.075164	-0.320048	-0.945702	-0.056711
03804	9.188343	0.570427	-0.925922	0.117534	-0.033188	-0.136420	0.054313	-0.078489	0.995434	-0.946227	0.314350	0.076414	-0.318912	-0.946057	-0.057196
03805	9.262117	0.274913	-0.844965	0.053281	-0.041054	-0.138873	0.055402	-0.079425	0.995300	-0.946342	0.313683	0.077709	-0.318381	-0.946200	-0.057785
03806	9.394922	-0.186124	-0.672843	0.090783	-0.051352	-0.137800	0.056487	-0.080389	0.995162	-0.946572	0.312672	0.078987	-0.317508	-0.946453	-0.058432
03807	9.576751	0.346986	-0.891095	0.218160	-0.075676	-0.127505	0.057351	-0.081612	0.995013	-0.947207	0.310466	0.080060	-0.315451	-0.947075	-0.059498
03808	9.962789	1.594311	-0.755926	0.211160	-0.108451	-0.128380	0.058170	-0.083083	0.994843	-0.947814	0.308317	0.081169	-0.313471	-0.947648	-0.060813
03809	9.689802	2.869747	-0.670909	0.075983	-0.093822	-0.145564	0.059157	-0.084526	0.994664	-0.947987	0.307431	0.082506	-0.312765	-0.947809	-0.061942
03810	9.688737	3.248209	-0.979973	-0.216237	-0.115853	-0.147382	0.060134	-0.086124	0.994468	-0.947238	0.309312	0.084066	-0.314841	-0.947053	-0.062980
03811	9.693609	2.130399	-1.254575	-0.515313	-0.090492	-0.140246	0.061072	-0.087521	0.994289	-0.945531	0.314044	0.085721	-0.319753	-0.945366	-0.063574
03812	9.550542	0.554193	-1.220948	-0.650590	-0.069674	-0.127454	0.061995	-0.088629	0.994134	-0.943370	0.320033	0.087361	-0.325898	-0.943252	-0.063769
03813	9.547054	0.020773	-0.964992	-0.517040	-0.073016	-0.121560	0.062815	-0.089818	0.993975	-0.941618	0.324748	0.088851	-0.330772	-0.941526	-0.064175
03814	9.729870	0.704090	-0.629001	-0.407017	-0.083252	-0.123816	0.063646	-0.091051	0.993810	-0.940204	0.328424	0.090303	-0.334613	-0.940132	-0.064703
03815	9.837766	1.153604	-0.330878	-0.410582	-0.077533	-0.129591	0.064506	-0.092314	0.993638	-0.938759	0.332123	0.091799	-0.338484	-0.938708	-0.065236
03816	9.883409	0.903899	0.016512	-0.443162	-0.053257	-0.134697	0.065530	-0.093308	0.993478	-0.937181	0.336113	0.093385	-0.342634	-0.937188	-0.065421
03817	9.760005	0.252312	0.573250	-0.408345	-0.021912	-0.131786	0.066588	-0.094069	0.993336	-0.935706	0.339777	0.094901	-0.346440	-0.935790	-0.065396
03818	9.797340	-0.208023	0.583135	-0.249054	-0.021309	-0.115494	0.067536	-0.094707	0.993212	-0.934782	0.341956	0.096170	-0.348743	-0.934931	-0.065436
03819	10.196193	0.185496	0.056710	0.017253	-0.080898	-0.066695	0.067771	-0.095811	0.993090	-0.934823	0.341678	0.096759	-0.348587	-0.934921	-0.066410
03820	10.470389	1.573878	0.241862	0.140224	-0.110931	-0.025307	0.067564	-0.096979	0.992990	-0.935313	0.340301	0.096875	-0.347310	-0.935302	-0.067714
03821	9.752818	2.501928	0.457716	0.131604	-0.121663	-0.020931	0.067238	-0.098291	0.992884	-0.935772	0.339020	0.096932	-0.346134	-0.935631	-0.069183
03822	9.590190	2.215449	-0.619811	0.154497	-0.254725	-0.014280	0.066434	-0.100767	0.992690	-0.936316	0.337518	0.096923	-0.344818	-0.935910	-0.071927
03823	10.022958	2.387172	-1.411192	0.180733	-0.280781	0.021716	0.065171	-0.103423	0.992500	-0.936971	0.335811	0.096518	-0.343274	-0.936234	-0.075019
03824	9.912240	2.618629	-1.155291	0.127683	-0.240820	0.006673	0.064226	-0.105700	0.992322	-0.937432	0.334581	0.096312	-0.342192	-0.936420	-0.077598
03825	9.555759	2.023933	-0.864070	0.058776	-0.235714	-0.007273	0.063398	-0.108034	0.992124	-0.937648	0.333985	0.096285	-0.341756	-0.936367	-0.080124
03826	9.564901	1.420831	-0.737655	0.049887	-0.246234	0.002243	0.062479	-0.110377	0.991924	-0.937838	0.333479	0.096180	-0.341402	-0.936274	-0.082680
03827	9.605075	1.268984	-0.772448	0.043756	-0.239909	0.024065	0.061351	-0.112650	0.991739	-0.938024	0.333049	0.095859	-0.341096	-0.936156	-0.085235
03828	9.770217	1.216364	-0.747842	0.010524	-0.208705	0.058947	0.060029	-0.114452	0.991613	-0.938115	0.332977	0.095223	-0.341083	-0.935963	-0.087381
03829	9.678341	1.040826	-0.485139	-0.028563	-0.162073	0.080078	0.058641	-0.115809	0.991539	-0.938086	0.333289	0.094407	-0.341403	-0.935685	-0.089094
03830	9.603189	0.773728	-0.176183	-0.023394	-0.135162	0.094013	0.057240	-0.116805	0.991504	-0.938079	0.333577	0.093453	-0.341659	-0.935459	-0.090478
03831	9.738282	0.883681	-0.057904	0.086504	-0.136691	0.081226	0.055929	-0.117912	0.991448	-0.938438	0.332827	0.092522	-0.340890	-0.935587	-0.092038
03832	9.704866	1.285566	0.006170	0.182185	-0.143956	0.062553	0.054795	-0.119096	0.991370	-0.939111	0.331156	0.091690	-0.339218	-0.936030	-0.093699
03833	9.429325	1.916371	0.231312	0.220786	-0.135445	0.050656	0.053775	-0.120300	0.991280	-0.939905	0.329107	0.090928	-0.337176	-0.936598	-0.095373
03834	9.480501	2.181255	0.650164	0.185813	-0.115131	0.036188	0.052991	-0.121305	0.991200	-0.940567	0.327370	0.090348	-0.335448	-0.937077	-0.096748
03835	9.618923	1.867810	0.809712	0.195951	-0.110923	0.036384	0.052202	-0.122320	0.991117	-0.941259	0.325539	0.089753	-0.333625	-0.937583	-0.098141
03836	9.738509	1.704784	0.833795	0.240385	-0.094520	0.051842	0.051343	-0.123083	0.991067	-0.942103	0.323307	0.088958	-0.331368	-0.938255	-0.099358
03837	9.652969	1.695822	0.648905	0.296359	-0.094061	0.078446	0.050222	-0.123807	0.991035	-0.943139	0.320580	0.087844	-0.328581	-0.939096	-0.100667
03838	9.486374	1.760292	0.222532	0.355180	-0.117194	0.088642	0.048946	-0.124671	0.990990	-0.944362	0.317312	0.086562	-0.325245	-0.940091	-0.102204
03839	9.444791	1.928711	-0.274566	0.370019	-0.132938	0.126566	0.047253	-0.125613	0.990953	-0.945637	0.313950	0.084888	-0.321773	-0.941093	-0.103949
03840	9.287475	2.003400	-0.680456	0.339568	-0.159975	0.154458	0.045222	-0.126683	0.990912	-0.946813	0.310908	0.082958	-0.318591	-0.941960	-0.105885
03841	9.357136	1.869847	-1.198702	0.260573	-0.207838	0.209633	0.042518	-0.128078	0.990852	-0.947747	0.308682	0.080568	-0.316177	-0.942503	-0.108261
03842	9.494981	1.686549	-1.428705	0.142823	-0.253171	0.253062	0.039264	-0.129731	0.990772	-0.948318	0.307622	0.077861	-0.314884	-0.942623	-0.110948
03843	9.659702	1.131344	-1.483829	0.066140	-0.308010	0.290255	0.035486	-0.131836	0.990636	-0.948654	0.307325	0.074882	-0.314320	-0.942428	-0.114161
03844	9.877038	0.912199	-1.284395	0.138917	-0.343411	0.321191	0.031305	-0.134133	0.990469	-0.949213	0.306403	0.071496	-0.313073	-0.942404	-0.117729
03845	9.941122	0.755207	-0.984807	0.194250	-0.353803	0.345980	0.026857	-0.136499	0.990276	-0.949935	0.305003	0.067805	-0.311292	-0.942519	-0.121474
03846	9.792805	0.828074	-0.623446	0.268746	-0.374052	0.349704	0.022318	-0.139009	0.990040	-0.950870	0.302911	0.063966	-0.308786	-0.942826	-0.125419
03847	9.739097	1.367235	-0.027081	0.319225	-0.358921	0.340054	0.017924	-0.141459	0.989782	-0.951935	0.300335	0.060162	-0.305777	-0.943286	-0.129276
03848	9.629310	1.728304	0.466740	0.325904	-0.309301	0.319912	0.013880	-0.143467	0.989558	-0.952992	0.297676	0.056525	-0.302677	-0.943825	-0.132591
03849	9.649231	1.825368	0.583605	0.352696	-0.262927	0.322623	0.009964	-0.145083	0.989369	-0.954108	0.294765	0.052833	-0.299296	-0.944492	-0.135488
03850	9.820105	1.852530	0.574301	0.382122	-0.208343	0.338191	0.006060	-0.146107	0.989250	-0.955287	0.291606	0.048921	-0.295619	-0.945314	-0.137807
03851	9.807615	1.938150	0.651028	0.446690	-0.138510	0.354830	0.002217	-0.146475	0.989212	-0.956627	0.287856	0.044767	-0.291308	-0.946406	-0.139484
03852	9.712926	2.443419	0.962703	0.526769	-0.091048	0.381749	-0.001756	-0.146294	0.989240	-0.958163	0.283386	0.040208	-0.286219	-0.947782	-0.140671
03853	9.686783	3.111830	1.541393	0.547427	-0.038459	0.388804	-0.005630	-0.145644	0.989321	-0.959713	0.278720	0.035570	-0.280924	-0.949264	-0.141345
03854	9.657455	3.301494	2.435305	0.399221	0.052741	0.389155	-0.009274	-0.144112	0.989518	-0.960811	0.275452	0.031111	-0.277048	-0.950451	-0.141019
03855	9.206976	3.268228	3.259442	0.300019	0.190006	0.373146	-0.012361	-0.141355	0.989882	-0.961611	0.273086	0.026988	-0.274138	-0.951548	-0.139304
03856	9.837175	3.505895	3.346649	0.345809	0.280831	0.320795	-0.014736	-0.137857	0.990342	-0.962522	0.270200	0.023290	-0.270802	-0.952884	-0.136673
03857	10.511062	3.483273	2.296264	0.354368	0.414053	0.273031	-0.016264	-0.133236	0.990951	-0.963445	0.267151	0.020107	-0.267412	-0.954400	-0.132710
03858	11.326253	2.807783	1.312020	0.295217	0.520274	0.244556	-0.017291	-0.127665	0.991667	-0.964201	0.264609	0.017253	-0.264607	-0.955868	-0.127670
03859	11.603512	1.768910	0.198647	0.227898	0.653196	0.238444	-0.017871	-0.120843	0.992511	-0.964771	0.262687	0.014612	-0.262485	-0.957284	-0.121280
03860	11.296780	0.424695	-0.835515	0.276103	0.690876	0.274103	-0.018766	-0.113556	0.993354	-0.965453	0.260321	0.011520	-0.259899	-0.958821	-0.114518
03861	11.321356	-0.207693	-1.219442	0.414331	0.630306	0.331551	-0.020343	-0.106706	0.994082	-0.966468	0.256670	0.007773	-0.255981	-0.960591	-0.108350
03862	12.307524	0.090453	-1.009934	0.489749	0.605801	0.341644	-0.022163	-0.100061	0.994734	-0.967649	0.252272	0.003816	-0.251325	-0.962469	-0.102415
03863	13.783379	0.857168	-0.208060	0.448695	0.704779	0.269414	-0.023014	-0.092652	0.995433	-0.968716	0.248170	0.000703	-0.247102	-0.964275	-0.095465
03864	13.030918	1.507647	1.465337	0.207810	0.952541	0.154676	-0.022220	-0.083128	0.996291	-0.969204	0.246258	-0.001069	-0.245255	-0.965633	-0.086040
03865	11.460834	1.997175	3.822077	-0.125900	1.083675	0.034344	-0.019882	-0.072625	0.997161	-0.968896	0.247463	-0.001296	-0.246666	-0.966172	-0.075287
03866	10.627554	2.390084	5.926099	-0.471705	1.183891	-0.089950	-0.016116	-0.061464	0.997979	-0.967749	0.251915	-0.000113	-0.251399	-0.965795	-0.063541
03867	10.415505	2.518389	6.872745	-0.715934	1.351999	-0.248976	-0.010248	-0.049086	0.998742	-0.965967	0.258650	0.002800	-0.258462	-0.964723	-0.050066
03868	10.892397	2.056277	6.787044	-0.851911	1.528119	-0.401658	-0.002413	-0.035460	0.999368	-0.963768	0.266648	0.007134	-0.266732	-0.963142	-0.034819
03869	11.707834	1.025578	5.802958	-0.947324	1.718487	-0.518483	0.007262	-0.020351	0.999767	-0.961196	0.275580	0.012591	-0.275772	-0.961063	-0.017560
03870	12.099690	0.104747	4.855467	-0.874937	1.846194	-0.581737	0.017958	-0.004304	0.999829	-0.958688	0.283862	0.018441	-0.283893	-0.958855	0.000972
03871	11.965917	-0.484988	5.598089	-0.597423	1.771574	-0.556598	0.028395	0.011068	0.999535	-0.956857	0.289568	0.023976	-0.289168	-0.957093	0.018813
03872	11.783066	-1.372029	6.105790	-0.553344	1.598177	-0.453072	0.037331	0.024978	0.998991	-0.955110	0.294894	0.028318	-0.293889	-0.955203	0.034865
03873	12.524859	-2.705672	0.349842	-0.523505	1.728748	-0.412338	0.046405	0.040253	0.998111	-0.953399	0.299986	0.032228	-0.298122	-0.953094	0.052298
03874	11.932880	-2.291775	-3.135754	-0.110541	1.838180	-0.414306	0.055779	0.056469	0.996845	-0.952874	0.301191	0.036257	-0.298193	-0.951890	0.070608
03875	10.800819	-1.766528	-4.089119	0.168394	1.801161	-0.479593	0.065704	0.072164	0.995226	-0.953096	0.299855	0.041180	-0.295452	-0.951251	0.088481
03876	10.718517	-1.966095	-4.138727	0.311405	1.639856	-0.566382	0.075860	0.086022	0.993401	-0.953625	0.297292	0.047079	-0.291281	-0.950903	0.104586
03877	11.930794	-2.140889	-4.758819	0.296049	1.772615	-0.551715	0.086249	0.101220	0.991118	-0.954047	0.294950	0.052901	-0.286975	-0.950136	0.122008
03878	11.259746	-2.470089	-3.775261	-0.088534	1.950742	-0.407245	0.095668	0.118482	0.988337	-0.953440	0.296187	0.056783	-0.286005	-0.947753	0.141301
03879	9.638395	-2.766089	-2.380151	-0.409541	1.814622	-0.251215	0.103261	0.134875	0.985467	-0.952030	0.300332	0.058653	-0.288057	-0.944251	0.159418
03880	8.970278	-2.771945	-2.220678	-0.352380	1.629944	-0.215312	0.109963	0.149542	0.982622	-0.950800	0.303909	0.060151	-0.289633	-0.940891	0.175603
03881	8.874885	-2.254348	-2.561403	-0.018680	1.506054	-0.280357	0.116958	0.162816	0.979700	-0.950444	0.304474	0.062865	-0.288058	-0.938502	0.190358
03882	9.136595	-1.995999	-2.608973	0.236825	1.364005	-0.335594	0.123996	0.174542	0.976811	-0.950736	0.302767	0.066586	-0.284125	-0.936946	0.203485
03883	9.608024	-2.109046	-2.450138	0.422469	1.279981	-0.300218	0.130419	0.185594	0.973933	-0.951558	0.299303	0.070387	-0.278437	-0.935934	0.215639
03884	9.542102	-1.884709	-2.215177	0.657883	1.232159	-0.234229	0.135978	0.196384	0.971053	-0.953071	0.293541	0.074095	-0.270493	-0.935557	0.227083
03885	9.135288	-0.790357	-1.944908	0.865002	1.202449	-0.183175	0.140877	0.207065	0.968131	-0.955131	0.285767	0.077865	-0.260536	-0.935661	0.238032
03886	8.517531	0.585703	-1.641530	0.857035	1.162267	-0.190329	0.145615	0.217357	0.965170	-0.957066	0.278098	0.081765	-0.250640	-0.935637	0.248520
03887	7.989147	1.720484	-1.422247	0.610247	1.111462	-0.215819	0.150380	0.227108	0.962189	-0.958270	0.272817	0.085374	-0.243113	-0.934876	0.258658
03888	7.661333	2.416242	-1.124993	0.236826	1.050798	-0.269924	0.155449	0.236142	0.959204	-0.958446	0.271177	0.088567	-0.239199	-0.933113	0.268483
03889	7.731882	2.764973	-0.620620	-0.177788	1.009364	-0.343026	0.161106	0.244553	0.956158	-0.957495	0.273603	0.091353	-0.239267	-0.930234	0.278237
03890	8.159785	2.828258	-0.009499	-0.559669	1.014248	-0.418170	0.167500	0.252764	0.952919	-0.955476	0.279783	0.093736	-0.242918	-0.926192	0.288373
03891	8.683043	2.692141	0.902787	-0.938293	1.056690	-0.438375	0.174245	0.261209	0.949425	-0.952432	0.289520	0.095144	-0.250025	-0.920841	0.299231
03892	8.617140	2.149730	1.677042	-1.303581	1.108206	-0.408351	0.180903	0.270123	0.945679	-0.948399	0.302510	0.095014	-0.260412	-0.914068	0.310909
03893	8.084436	1.030445	2.312968	-1.597062	1.087560	-0.309216	0.186693	0.278994	0.941971	-0.943585	0.317839	0.092875	-0.273484	-0.906168	0.322592
03894	7.608153	-0.268095	3.076186	-1.724205	0.947350	-0.187801	0.191065	0.286884	0.938718	-0.938411	0.333870	0.088968	-0.287886	-0.897902	0.333006
03895	7.224126	-1.313018	3.466473	-1.619572	0.724843	-0.062933	0.193750	0.293085	0.936249	-0.933536	0.348478	0.084100	-0.301614	-0.890317	0.341123
03896	7.072875	-2.059709	3.078476	-1.314877	0.478919	0.060627	0.194601	0.297508	0.934676	-0.929636	0.359912	0.078992	-0.312900	-0.884281	0.346614
03897	6.887625	-2.350955	2.585285	-0.943217	0.272903	0.165299	0.193884	0.300458	0.933881	-0.926989	0.367684	0.074159	-0.321091	-0.880076	0.349809
03898	6.922386	-2.582111	2.110345	-0.603730	0.081560	0.253968	0.191740	0.302074	0.933802	-0.925547	0.372171	0.069652	-0.326494	-0.877633	0.350944
03899	7.466356	-2.569035	1.746626	-0.254747	-0.063937	0.329337	0.188426	0.302685	0.934279	-0.925362	0.373354	0.065670	-0.328940	-0.876920	0.350443
03900	8.086048	-2.251946	1.706111	-0.008986	-0.119998	0.375538	0.184499	0.302992	0.934963	-0.926055	0.372242	0.062109	-0.329214	-0.877286	0.349266
03901	8.523010	-1.998946	2.165679	0.059831	-0.201647	0.377132	0.180276	0.302567	0.935924	-0.926964	0.370519	0.058768	-0.328996	-0.878162	0.347265
03902	9.146989	-1.345937	3.299451	0.065554	-0.324233	0.288549	0.176478	0.300745	0.937234	-0.927717	0.369018	0.056273	-0.328933	-0.879419	0.344130
03903	9.774705	-0.676196	5.018940	-0.096734	-0.323775	0.094070	0.174467	0.298189	0.938427	-0.927587	0.369531	0.055031	-0.330368	-0.880074	0.341067
03904	9.829655	-0.814511	5.213592	-0.036654	-0.195922	-0.180046	0.175432	0.295758	0.939016	-0.927174	0.370335	0.056577	-0.331017	-0.880556	0.339188
03905	8.940360	0.313344	5.888376	0.524441	-0.071210	-0.424757	0.179065	0.293515	0.939034	-0.928169	0.366907	0.062309	-0.326249	-0.882739	0.338132
03906	8.026029	2.873247	7.993296	0.881965	-0.121381	-0.481971	0.183097	0.290648	0.939148	-0.930161	0.360459	0.069790	-0.318240	-0.886337	0.336348
03907	7.787386	4.518104	8.212873	0.505701	-0.238937	-0.392734	0.185930	0.287076	0.939690	-0.931058	0.357050	0.075144	-0.313944	-0.888877	0.333670
03908	8.155294	4.609075	8.767401	-0.185175	-0.288410	-0.338139	0.188113	0.283259	0.940414	-0.929865	0.359606	0.077686	-0.316173	-0.889071	0.331039
03909	8.806696	3.325987	8.316797	-0.907818	-0.313204	-0.322403	0.190049	0.279271	0.941217	-0.926366	0.368521	0.077706	-0.325157	-0.886679	0.328745
03910	8.831483	1.267390	6.645889	-0.983776	-0.398929	-0.402325	0.192395	0.274197	0.942231	-0.922373	0.378291	0.078255	-0.334981	-0.884145	0.325693
03911	9.067812	0.398447	5.893953	-0.552460	-0.394929	-0.430144	0.194979	0.269043	0.943186	-0.919695	0.384291	0.080504	-0.340799	-0.883140	0.322367
03912	7.456114	-0.191540	4.206870	-0.030985	-0.186310	-0.281526	0.196875	0.266275	0.943577	-0.919062	0.385265	0.083039	-0.341417	-0.883554	0.320572
03913	5.514993	-0.295091	1.125154	0.121716	-0.654411	-0.075449	0.195290	0.260177	0.945605	-0.919352	0.384338	0.084120	-0.341546	-0.885772	0.314252
03914	6.774708	-0.094694	-0.450277	-0.003386	-1.259648	0.026643	0.190671	0.249062	0.949533	-0.919416	0.384247	0.083835	-0.343975	-0.889001	0.302256
03915	8.934966	0.066763	-2.390927	-0.173987	-1.531688	0.042083	0.184933	0.235562	0.954102	-0.918915	0.385645	0.082900	-0.348417	-0.892070	0.287780
03916	10.750620	-0.284696	-3.852961	-0.163808	-1.539283	0.062216	0.178908	0.222008	0.958491	-0.918478	0.386914	0.081822	-0.352689	-0.894991	0.273132
03917	12.506751	-0.141179	-1.994974	-0.388913	-1.309284	0.034551	0.173879	0.210380	0.962032	-0.917180	0.390272	0.080426	-0.358534	-0.896341	0.260817
03918	13.173367	0.065887	1.920464	-1.019917	-0.849578	-0.014401	0.170861	0.202678	0.964224	-0.913468	0.399382	0.077918	-0.369301	-0.894101	0.253378
03919	12.328602	-0.775146	4.341754	-1.398342	-0.690641	-0.050825	0.168662	0.196270	0.965935	-0.908146	0.411905	0.074875	-0.383177	-0.889839	0.247714
03920	11.937144	-3.458433	3.576363	-1.290991	-0.988061	-0.034510	0.165063	0.187312	0.968333	-0.903080	0.423386	0.072041	-0.396484	-0.886374	0.239043
03921	12.628322	-5.709572	1.512280	-0.803351	-1.149870	0.042310	0.159999	0.177273	0.971069	-0.899954	0.430374	0.069715	-0.405564	-0.885072	0.228397
03922	12.008353	-5.169792	1.279203	0.009561	-0.936735	0.033363	0.155833	0.169080	0.973205	-0.900072	0.430182	0.069385	-0.406924	-0.886767	0.219221
03923	10.152937	-2.777750	2.423445	0.916512	-0.798494	-0.107346	0.153491	0.161490	0.974865	-0.903632	0.422157	0.072344	-0.399863	-0.892023	0.210725
03924	8.406801	0.358863	1.968707	1.654469	-0.878111	-0.292193	0.152630	0.152369	0.976467	-0.909712	0.407739	0.078571	-0.386172	-0.900296	0.200845
03925	7.858662	2.626840	-0.109583	1.686947	-1.127813	-0.375417	0.151686	0.140634	0.978373	-0.915568	0.392978	0.085460	-0.372461	-0.908730	0.188369
03926	8.315262	3.703878	-1.699795	1.161615	-1.283622	-0.309039	0.149738	0.127689	0.980446	-0.919401	0.382751	0.090567	-0.363702	-0.914985	0.174710
03927	8.821676	3.981520	-2.395836	0.601519	-1.287419	-0.169868	0.146555	0.115198	0.982472	-0.921354	0.377391	0.093187	-0.360041	-0.918861	0.161447
03928	9.274803	3.161846	-1.896102	0.194671	-1.284772	-0.077368	0.142584	0.103046	0.984404	-0.921966	0.375636	0.094220	-0.360068	-0.921021	0.148564
03929	10.350957	0.931386	0.019705	-0.176644	-1.174168	-0.051777	0.138730	0.091980	0.986049	-0.921280	0.377262	0.094426	-0.363313	-0.921528	0.137077
03930	10.279577	-0.897149	1.141178	-0.426583	-0.987664	-0.035826	0.135388	0.082704	0.987335	-0.919693	0.381175	0.094183	-0.368558	-0.920796	0.127669
03931	9.852686	-1.078560	0.104482	-0.428041	-1.015996	-0.005778	0.131582	0.073278	0.988593	-0.918123	0.385068	0.093660	-0.373812	-0.919975	0.117946
03932	10.192977	0.244740	-0.751012	-0.220250	-1.059264	-0.005335	0.127595	0.063471	0.989793	-0.917313	0.387051	0.093431	-0.377170	-0.919871	0.107608
03933	10.791330	1.597272	-0.415642	-0.119399	-0.995778	-0.001731	0.123750	0.054248	0.990829	-0.916886	0.388099	0.093267	-0.379481	-0.920020	0.097766
03934	10.429191	2.488238	-0.356604	-0.157666	-0.902317	-0.004515	0.120297	0.045888	0.991677	-0.916303	0.389506	0.093131	-0.381990	-0.919880	0.088903
03935	10.149884	2.592225	-1.131819	-0.339848	-0.904762	-0.014608	0.116865	0.037452	0.992441	-0.915008	0.392586	0.092931	-0.386138	-0.918953	0.080148
03936	10.363325	2.314540	-1.944806	-0.397265	-0.931663	0.020871	0.112995	0.028937	0.993174	-0.913512	0.396181	0.092389	-0.390804	-0.917716	0.071201
03937	10.425354	2.071760	-2.561282	-0.295367	-1.009151	0.140001	0.107664	0.020170	0.993983	-0.912534	0.398806	0.090749	-0.394576	-0.916813	0.061342
03938	9.464003	2.251020	-1.975721	-0.259782	-1.010159	0.181160	0.101948	0.011596	0.994722	-0.911718	0.401113	0.088765	-0.397967	-0.915955	0.051465
03939	9.566483	1.958727	-1.743066	-0.404570	-1.037609	0.162400	0.096225	0.002679	0.995356	-0.910286	0.404754	0.086911	-0.402641	-0.914422	0.041386
03940	10.085575	0.846800	-1.913734	-0.406983	-0.988101	0.158494	0.090722	-0.005744	0.995860	-0.908809	0.408430	0.085147	-0.407229	-0.912771	0.031833
03941	9.843292	-0.193867	-1.306784	-0.334873	-0.917750	0.166103	0.085367	-0.013514	0.996258	-0.907613	0.411451	0.083352	-0.411038	-0.911332	0.022859
03942	9.675168	-0.981239	-0.770145	-0.195108	-0.873242	0.183414	0.080042	-0.020752	0.996575	-0.906983	0.413216	0.081451	-0.413491	-0.910396	0.014253
03943	9.799032	-0.857641	-0.516970	0.066278	-0.835807	0.195544	0.074715	-0.027636	0.996822	-0.907436	0.412610	0.079455	-0.413495	-0.910488	0.005751
03944	10.095266	-0.110870	0.036376	0.268744	-0.738605	0.212749	0.069676	-0.033529	0.997006	-0.908721	0.410185	0.077301	-0.411548	-0.911386	-0.001889
03945	9.985882	0.671139	0.808306	0.333874	-0.615400	0.208023	0.065160	-0.038372	0.997137	-0.910257	0.407165	0.075151	-0.408883	-0.912548	-0.008397
03946	10.035161	1.253284	1.617090	0.323904	-0.514190	0.166831	0.061484	-0.042431	0.997206	-0.911705	0.404233	0.073413	-0.406218	-0.913672	-0.013830
03947	10.026792	1.169860	2.421164	0.248797	-0.419781	0.096643	0.058805	-0.045956	0.997211	-0.912797	0.401953	0.072351	-0.404157	-0.914506	-0.018312
03948	9.480848	0.897138	2.712319	0.291225	-0.411155	0.034359	0.056774	-0.049621	0.997153	-0.914012	0.399262	0.071909	-0.401694	-0.915493	-0.022687
03949	9.098282	1.269991	2.246986	0.429164	-0.464825	-0.001313	0.054835	-0.053957	0.997037	-0.915753	0.395282	0.071756	-0.397982	-0.916974	-0.027736
03950	9.337363	1.721655	1.731700	0.537722	-0.500507	-0.042009	0.053180	-0.058757	0.996855	-0.917879	0.390281	0.071971	-0.393282	-0.918819	-0.033177
03951	9.163377	1.922294	1.045236	0.580567	-0.548147	-0.035161	0.051274	-0.064002	0.996632	-0.920153	0.384873	0.072056	-0.388188	-0.920748	-0.039158
03952	9.488259	1.750794	0.161297	0.539569	-0.631306	0.005923	0.048725	-0.069840	0.996368	-0.922258	0.379862	0.071727	-0.383492	-0.922403	-0.045901
03953	9.425310	1.438487	-0.544428	0.527339	-0.689967	0.075889	0.045311	-0.075989	0.996079	-0.924327	0.375004	0.070655	-0.378902	-0.923904	-0.053247
03954	9.510639	1.388521	-0.846355	0.563107	-0.838939	0.146761	0.040735	-0.083242	0.995696	-0.926530	0.369872	0.068828	-0.374010	-0.925346	-0.062059
03955	9.689428	1.269643	-1.650206	0.485024	-0.814627	0.180059	0.035955	-0.090190	0.995275	-0.928424	0.365493	0.066661	-0.369778	-0.926435	-0.070593
03956	9.713778	1.570475	-2.113562	0.440604	-0.777662	0.230510	0.030894	-0.096603	0.994843	-0.930141	0.361583	0.063996	-0.365901	-0.927322	-0.078684
03957	9.600709	1.515243	-1.581685	0.271814	-0.704497	0.262160	0.025806	-0.102264	0.994423	-0.931227	0.359278	0.061113	-0.363524	-0.927611	-0.085959
03958	9.227122	1.096367	-0.741819	0.058525	-0.737150	0.282954	0.020434	-0.108127	0.993927	-0.931524	0.358993	0.058205	-0.363106	-0.927056	-0.093387
03959	9.884766	1.095565	-0.192979	0.006826	-0.807617	0.289436	0.014728	-0.114643	0.993298	-0.931619	0.359208	0.055272	-0.363137	-0.926189	-0.101514
03960	9.895335	1.147437	0.228291	0.072518	-0.761351	0.273967	0.009354	-0.120752	0.992639	-0.931933	0.358819	0.052431	-0.362509	-0.925564	-0.109177
03961	9.598211	1.192195	0.925143	0.174784	-0.701332	0.238733	0.004517	-0.126458	0.991962	-0.932601	0.357454	0.049816	-0.360880	-0.925330	-0.116320
03962	9.560971	1.012696	1.358185	0.288388	-0.632829	0.195253	0.000362	-0.131662	0.991295	-0.933660	0.354997	0.047491	-0.358160	-0.925550	-0.122799
03963	9.762865	1.189419	1.163838	0.428948	-0.580339	0.184270	-0.003498	-0.136450	0.990641	-0.935203	0.351231	0.045077	-0.354094	-0.926293	-0.128837
03964	9.555302	1.911548	1.446377	0.571875	-0.540309	0.184578	-0.007182	-0.140859	0.990004	-0.937219	0.346147	0.042451	-0.348666	-0.927546	-0.134501
03965	9.295527	2.487310	1.589437	0.669262	-0.525039	0.169243	-0.010649	-0.145212	0.989343	-0.939533	0.340135	0.039811	-0.342291	-0.929097	-0.140054
03966	9.463864	2.165105	0.954436	0.693599	-0.511655	0.193196	-0.014258	-0.149363	0.988680	-0.941876	0.333931	0.036865	-0.335657	-0.930688	-0.145443
03967	9.779997	1.642449	0.352436	0.685482	-0.495069	0.239860	-0.018222	-0.153237	0.988021	-0.944131	0.327869	0.033438	-0.329066	-0.932212	-0.150651
03968	9.551006	1.513666	0.420670	0.749241	-0.452681	0.276172	-0.022363	-0.156610	0.987407	-0.946528	0.321267	0.029518	-0.321844	-0.933949	-0.155420
03969	9.380223	1.318331	-0.098448	0.843083	-0.407197	0.340881	-0.026940	-0.159388	0.986848	-0.949138	0.313884	0.024786	-0.313707	-0.935987	-0.159737
03970	9.502366	1.626619	0.157668	0.889103	-0.380277	0.413087	-0.032098	-0.161717	0.986315	-0.951780	0.306177	0.019226	-0.305096	-0.938138	-0.163746
03971	9.848566	2.334013	1.271782	0.843986	-0.318617	0.433159	-0.037232	-0.163450	0.985849	-0.954183	0.298917	0.013523	-0.296897	-0.940177	-0.167090
03972	9.924458	2.625851	2.359383	0.751881	-0.217698	0.410493	-0.041846	-0.164331	0.985517	-0.956238	0.292474	0.008166	-0.289581	-0.942048	-0.169379
03973	10.247370	2.666697	3.067171	0.684256	-0.078633	0.353888	-0.045497	-0.164094	0.985395	-0.958054	0.286566	0.003486	-0.282953	-0.943903	-0.170248
03974	10.677454	2.682821	3.318593	0.643769	0.089931	0.267511	-0.047864	-0.162532	0.985542	-0.959743	0.280881	-0.000290	-0.276772	-0.945880	-0.169433
03975	11.782854	2.670528	3.328331	0.658369	0.265421	0.178324	-0.048878	-0.159559	0.985978	-0.961469	0.274896	-0.003177	-0.270535	-0.948142	-0.166847
03976	12.780362	2.287446	2.787355	0.601613	0.535539	0.097188	-0.048433	-0.154258	0.986843	-0.963043	0.269297	-0.005170	-0.264957	-0.950623	-0.161600
03977	13.355394	1.401673	2.095022	0.607789	0.780422	0.061150	-0.046993	-0.146691	0.988065	-0.964618	0.263567	-0.006748	-0.259431	-0.953422	-0.153887
03978	16.183710	1.071830	2.282572	0.801156	0.911549	0.015710	-0.044867	-0.137993	0.989416	-0.966670	0.255896	-0.008146	-0.252064	-0.956805	-0.144875
03979	17.357130	1.798319	3.172012	0.960521	1.391024	-0.017840	-0.041259	-0.124715	0.991334	-0.969066	0.246625	-0.009306	-0.243327	-0.961053	-0.131033
03980	13.801013	2.637699	4.362175	0.761457	1.827105	0.019018	-0.037111	-0.107123	0.993553	-0.970896	0.239272	-0.010467	-0.236608	-0.965025	-0.112885
03981	12.371308	3.250055	5.707254	0.283221	1.975778	-0.027732	-0.032187	-0.088101	0.995591	-0.971582	0.236470	-0.010486	-0.234503	-0.967636	-0.093209
03982	11.262508	3.014295	5.746148	-0.227802	2.171953	-0.142429	-0.025732	-0.067460	0.997390	-0.971096	0.238521	-0.008921	-0.237297	-0.968791	-0.071647
03983	9.767337	2.418495	5.312957	-0.492737	2.185458	-0.271017	-0.017847	-0.046928	0.998739	-0.969983	0.243102	-0.005911	-0.242518	-0.968865	-0.049858
03984	9.354994	1.670359	5.517536	-0.421365	1.902672	-0.416706	-0.009204	-0.029568	0.999520	-0.969019	0.246979	-0.001617	-0.246813	-0.968570	-0.030925
03985	10.851669	1.011838	4.841469	-0.193238	1.746715	-0.497849	-0.000033	-0.013863	0.999904	-0.968574	0.248703	0.003416	-0.248727	-0.968481	-0.013436
03986	12.599045	-0.625575	-0.107441	-0.240837	2.023937	-0.538458	0.010184	0.004339	0.999939	-0.967957	0.250963	0.008769	-0.250910	-0.967987	0.006755
03987	12.655380	-1.939732	-3.542886	-0.595320	2.163751	-0.586310	0.021363	0.023806	0.999488	-0.966365	0.256764	0.014539	-0.256287	-0.966181	0.028491
03988	12.418107	-3.109424	-4.706534	-0.627641	2.180488	-0.616079	0.032906	0.043199	0.998524	-0.964585	0.262980	0.020410	-0.261710	-0.963834	0.050322
03989	11.894159	-3.608805	-4.590206	-0.261348	2.105950	-0.664981	0.044856	0.061738	0.997084	-0.963652	0.265805	0.026894	-0.263369	-0.962048	0.071417
03990	11.940950	-3.117904	-4.055033	0.399691	2.017416	-0.672485	0.056549	0.079318	0.995244	-0.964368	0.262385	0.033884	-0.258450	-0.961698	0.091330
03991	11.755731	-2.515359	-3.812009	0.524154	1.986158	-0.634007	0.067731	0.096772	0.992999	-0.965324	0.257860	0.040714	-0.252115	-0.961324	0.110882
03992	11.971115	-2.475218	-2.739765	0.314392	1.888727	-0.535530	0.077569	0.113495	0.990506	-0.965736	0.255352	0.046370	-0.247665	-0.960164	0.129414
03993	11.567408	-3.005631	-1.695218	-0.024549	1.866168	-0.388253	0.085911	0.130395	0.987733	-0.965370	0.256015	0.050168	-0.246333	-0.957838	0.147874
03994	10.372922	-3.051822	-1.721998	-0.167689	1.839817	-0.326985	0.093545	0.147101	0.984688	-0.964679	0.258021	0.053099	-0.246260	-0.954875	0.166042
03995	8.971657	-3.226859	-2.423090	-0.023294	1.715079	-0.391503	0.101508	0.162433	0.981484	-0.964253	0.258802	0.056895	-0.244769	-0.952175	0.182897
03996	8.827795	-2.916418	-2.666597	0.254286	1.539311	-0.489148	0.109909	0.175765	0.978277	-0.964369	0.257158	0.062143	-0.240649	-0.950251	0.197766
03997	9.056804	-2.731537	-2.415643	0.449499	1.433503	-0.495237	0.118061	0.188098	0.975029	-0.964887	0.253743	0.067882	-0.234638	-0.948806	0.211450
03998	9.088077	-2.332962	-1.815097	0.576781	1.396896	-0.418642	0.125277	0.200242	0.971704	-0.965726	0.249033	0.073187	-0.227332	-0.947568	0.224577
03999	8.713053	-0.929974	-1.366622	0.628065	1.407981	-0.369701	0.131949	0.212634	0.968182	-0.966669	0.243796	0.078200	-0.219410	-0.946230	0.237715
04000	8.147782	0.454533	-1.269175	0.446167	1.417383	-0.383062	0.138668	0.225056	0.964428	-0.967131	0.240363	0.082967	-0.213140	-0.944233	0.250989
04001	8.115370	1.290458	-1.477290	0.146377	1.339906	-0.426536	0.145576	0.236631	0.960632	-0.966850	0.239914	0.087421	-0.209782	-0.941513	0.263713
04002	8.255491	1.577630	-1.611563	-0.182795	1.292341	-0.477942	0.152854	0.247574	0.956735	-0.965770	0.242734	0.091485	-0.209583	-0.937970	0.276203
04003	8.190139	1.434888	-1.452571	-0.535873	1.247596	-0.513264	0.160391	0.257945	0.952753	-0.963850	0.248991	0.094848	-0.212761	-0.933524	0.288556
04004	8.417451	1.270189	-1.004291	-0.900241	1.272380	-0.521173	0.168106	0.268417	0.948521	-0.961066	0.258687	0.097125	-0.219300	-0.927919	0.301453
04005	8.588784	0.644112	-0.254144	-1.288782	1.298204	-0.464720	0.175426	0.279137	0.944091	-0.957394	0.271818	0.097530	-0.229397	-0.920976	0.314928
04006	8.360001	-0.164660	0.543672	-1.605286	1.328994	-0.357149	0.181921	0.290278	0.939491	-0.952988	0.287498	0.095705	-0.242321	-0.912734	0.328933
04007	7.637601	-0.931929	1.730377	-1.808986	1.273844	-0.223730	0.187174	0.301133	0.935032	-0.948076	0.304533	0.091708	-0.257132	-0.903647	0.342497
04008	6.870328	-1.748577	2.661261	-1.740423	1.120438	-0.091529	0.190948	0.310879	0.931071	-0.943324	0.320409	0.086478	-0.271440	-0.894814	0.354441
04009	6.536194	-2.560329	2.505033	-1.322220	0.848880	0.022171	0.193028	0.318469	0.928072	-0.939727	0.332069	0.081502	-0.282228	-0.887867	0.363372
04010	6.656619	-2.797916	2.328258	-0.659304	0.519863	0.099142	0.193524	0.323365	0.926274	-0.938063	0.337537	0.078152	-0.287380	-0.884027	0.368658
04011	6.856876	-2.677827	2.720557	-0.137768	0.306001	0.172651	0.192716	0.326605	0.925305	-0.938023	0.338135	0.076013	-0.288052	-0.882606	0.371527
04012	6.509545	-3.168344	2.757309	0.110019	0.078645	0.198928	0.191021	0.327929	0.925188	-0.938742	0.336458	0.074563	-0.286835	-0.882756	0.372112
04013	6.764276	-3.628391	1.880763	0.577703	-0.367979	0.090757	0.189045	0.324935	0.926649	-0.940581	0.330995	0.075822	-0.282079	-0.885923	0.368201
04014	7.330075	-2.202645	1.293600	1.274716	-0.655076	-0.167468	0.188757	0.318524	0.928931	-0.943812	0.320145	0.082005	-0.271272	-0.892216	0.361056
04015	7.423828	1.496697	1.623941	1.534848	-0.872553	-0.252941	0.188754	0.309868	0.931855	-0.947424	0.307129	0.089779	-0.258380	-0.899808	0.351548
04016	8.028330	4.946417	3.482209	0.900442	-1.015471	-0.114246	0.187195	0.300311	0.935292	-0.949525	0.299293	0.093945	-0.251714	-0.905669	0.341179
04017	9.470398	5.826307	7.136457	-0.065342	-0.914898	0.068330	0.184155	0.292170	0.938469	-0.949509	0.299625	0.093041	-0.254005	-0.908219	0.332596
04018	10.999365	4.638020	10.128050	-0.730077	-0.683585	0.108591	0.181308	0.286247	0.940845	-0.947843	0.305886	0.089593	-0.262146	-0.908018	0.326777
04019	10.101794	2.590346	10.014905	-1.201188	-0.441951	-0.033472	0.180374	0.282095	0.942278	-0.944582	0.316818	0.085967	-0.274280	-0.905565	0.323608
04020	6.817817	0.333904	7.631228	-1.240181	-0.446451	-0.215815	0.181102	0.277318	0.943555	-0.940734	0.328581	0.083988	-0.286743	-0.902845	0.320390
04021	5.008461	-0.418819	5.518786	-0.972250	-0.795794	-0.288526	0.181427	0.269149	0.945856	-0.937394	0.338089	0.083598	-0.297283	-0.901806	0.313637
