// General information: 
//  MT Manager version: 2022.2.0 
//  XDA version: 2022.2.0 build 7381 rev 124627 built on 2023-07-19
// Device information: 
//  DeviceId: 00B4CB9F
//  ProductCode: MTW2-3A7G6
//  Firmware Version: 4.6.0
//  Hardware Version: 2.0.0
// Device settings: 
//  Filter Profile: human(46.1)
//  Option Flags: Orientation Smoother Disabled, Position/Velocity Smoother Disabled, Continuous Zero Rotation Update Disabled, AHS Disabled, ICC Disabled
// Coordinate system: ENU
PacketCounter	Acc_X	Acc_Y	Acc_Z	Gyr_X	Gyr_Y	Gyr_Z	Mat[1][1]	Mat[2][1]	Mat[3][1]	Mat[1][2]	Mat[2][2]	Mat[3][2]	Mat[1][3]	Mat[2][3]	Mat[3][3]
16482	9.711979	1.474666	0.459098	-0.012059	-0.009515	-0.006992	-0.093216	0.122760	0.988049	0.322333	-0.935205	0.146605	0.942026	0.332147	0.047606
16483	9.720161	1.530329	0.505804	-0.022819	-0.009210	-0.002847	-0.093077	0.122799	0.988057	0.322156	-0.935269	0.146586	0.942100	0.331953	0.047492
16484	9.716352	1.463176	0.534724	-0.040039	0.002570	-0.002474	-0.093048	0.122798	0.988060	0.321812	-0.935392	0.146558	0.942220	0.331607	0.047518
16485	9.731191	1.384716	0.498789	-0.045896	0.001783	-0.004633	-0.093019	0.122817	0.988060	0.321417	-0.935530	0.146546	0.942358	0.331210	0.047546
16486	9.759337	1.381395	0.599242	-0.044838	0.002619	-0.001381	-0.092988	0.122804	0.988065	0.321043	-0.935664	0.146505	0.942488	0.330835	0.047580
16487	9.790558	1.413224	0.658826	-0.047086	0.015686	-0.004189	-0.093088	0.122772	0.988059	0.320637	-0.935806	0.146488	0.942617	0.330444	0.047747
16488	9.662795	1.408001	0.589371	-0.036455	0.020847	-0.010947	-0.093259	0.122789	0.988041	0.320331	-0.935902	0.146545	0.942704	0.330167	0.047948
16489	9.679362	1.301279	0.487203	-0.008103	0.015378	-0.002867	-0.093352	0.122746	0.988038	0.320293	-0.935917	0.146533	0.942708	0.330140	0.048055
16490	9.643757	1.406320	0.460225	0.018844	0.010409	0.005596	-0.093371	0.122644	0.988049	0.320510	-0.935855	0.146454	0.942632	0.330354	0.048073
16491	9.648241	1.505209	0.444975	0.031139	0.007241	0.005785	-0.093360	0.122547	0.988062	0.320850	-0.935751	0.146376	0.942517	0.330685	0.048042
16492	9.633968	1.615483	0.495278	0.018952	0.012471	0.002475	-0.093413	0.122462	0.988067	0.321099	-0.935673	0.146325	0.942427	0.330936	0.048082
16493	9.603961	1.647707	0.463650	-0.011128	0.002974	-0.002166	-0.093387	0.122454	0.988071	0.321033	-0.935699	0.146306	0.942453	0.330866	0.048070
16494	9.556462	1.630253	0.416856	-0.030190	-0.005373	0.002685	-0.093268	0.122431	0.988085	0.320781	-0.935797	0.146232	0.942550	0.330598	0.048007
16495	9.644050	1.641274	0.476272	-0.044584	-0.008312	0.003839	-0.093116	0.122404	0.988102	0.320405	-0.935940	0.146137	0.942693	0.330201	0.047932
16496	9.626072	1.683806	0.554866	-0.067883	-0.007637	0.004110	-0.092972	0.122373	0.988120	0.319819	-0.936158	0.146030	0.942906	0.329596	0.047900
16497	9.541666	1.595721	0.546190	-0.090146	-0.007880	-0.004402	-0.092851	0.122422	0.988125	0.319006	-0.936441	0.145994	0.943194	0.328773	0.047896
16498	9.520815	1.386355	0.466973	-0.097997	-0.012714	-0.008332	-0.092700	0.122524	0.988127	0.318120	-0.936742	0.145997	0.943508	0.327876	0.047858
16499	9.578895	1.337742	0.399595	-0.089533	-0.040060	-0.005486	-0.092278	0.122688	0.988146	0.317311	-0.937020	0.145972	0.943821	0.327019	0.047536
16500	9.712823	1.413979	0.385407	-0.075229	-0.049819	0.000103	-0.091748	0.122833	0.988177	0.316642	-0.937257	0.145902	0.944098	0.326284	0.047097
16501	9.799212	1.472993	0.323307	-0.063757	-0.054129	-0.001376	-0.091180	0.123004	0.988209	0.316079	-0.937455	0.145850	0.944341	0.325651	0.046598
16502	9.805810	1.556628	0.434839	-0.069538	-0.042218	-0.010246	-0.090753	0.123221	0.988221	0.315450	-0.937661	0.145886	0.944593	0.324974	0.046225
16503	9.627889	1.511891	0.553253	-0.107643	-0.031194	-0.018641	-0.090456	0.123478	0.988216	0.314458	-0.937979	0.145985	0.944952	0.323957	0.046017
16504	9.466494	1.360951	0.567512	-0.148549	-0.035996	-0.026844	-0.090137	0.123833	0.988201	0.313052	-0.938423	0.146150	0.945449	0.322532	0.045821
16505	9.481190	1.264182	0.712777	-0.171752	-0.050111	-0.030198	-0.089697	0.124258	0.988187	0.311442	-0.938930	0.146334	0.946022	0.320889	0.045520
16506	9.440217	1.331229	0.778617	-0.179353	-0.056676	-0.022547	-0.089174	0.124630	0.988188	0.309797	-0.939458	0.146440	0.946612	0.319196	0.045166
16507	9.591587	1.457756	0.780038	-0.174439	-0.059150	-0.018882	-0.088612	0.124976	0.988195	0.308170	-0.939982	0.146512	0.947196	0.317514	0.044780
16508	9.652034	1.628440	0.858838	-0.211489	-0.045693	-0.011778	-0.088156	0.125214	0.988205	0.306193	-0.940629	0.146501	0.947879	0.315496	0.044582
16509	9.527576	1.637099	0.930899	-0.256661	-0.039852	-0.012252	-0.087754	0.125435	0.988213	0.303789	-0.941413	0.146472	0.948689	0.313062	0.044507
16510	9.668085	1.489899	0.738102	-0.239705	-0.054409	-0.016430	-0.087229	0.125741	0.988221	0.301550	-0.942129	0.146494	0.949452	0.310776	0.044264
16511	9.654471	1.472443	0.426467	-0.186162	-0.066371	-0.020336	-0.086599	0.126118	0.988228	0.299805	-0.942673	0.146577	0.950062	0.308969	0.043824
16512	9.660021	1.781553	0.358609	-0.145244	-0.111043	-0.009185	-0.085512	0.126530	0.988270	0.298456	-0.943102	0.146571	0.950585	0.307488	0.042883
16513	9.784172	2.208698	0.049871	-0.142096	-0.144403	0.002236	-0.084071	0.126932	0.988342	0.297147	-0.943533	0.146453	0.951123	0.305996	0.041606
16514	9.727875	2.222048	-0.468277	-0.178210	-0.190550	-0.002635	-0.082208	0.127518	0.988423	0.295502	-0.944062	0.146373	0.951798	0.304115	0.039928
16515	9.887500	1.814469	-0.635224	-0.215865	-0.218475	-0.001032	-0.080070	0.128170	0.988515	0.293487	-0.944708	0.146262	0.952604	0.301828	0.038027
16516	9.868994	1.029320	-0.494585	-0.264297	-0.226905	0.023008	-0.077783	0.128615	0.988639	0.291041	-0.945520	0.145903	0.953543	0.299083	0.036113
16517	10.308774	0.479120	-0.064776	-0.271932	-0.127153	0.054988	-0.076350	0.128452	0.988772	0.288530	-0.946393	0.145226	0.954422	0.296378	0.035195
16518	9.940492	0.649723	0.271257	-0.195289	-0.099140	0.074718	-0.075132	0.128016	0.988922	0.286788	-0.947051	0.144384	0.955043	0.294459	0.034440
16519	9.544011	1.239534	0.473241	-0.103905	-0.119246	0.071732	-0.073727	0.127666	0.989073	0.285890	-0.947441	0.143603	0.955422	0.293353	0.033353
16520	9.499706	1.777376	0.558851	-0.043406	-0.121903	0.066878	-0.072313	0.127368	0.989216	0.285589	-0.947639	0.142892	0.955620	0.292843	0.032152
16521	9.462925	2.069727	0.641866	-0.020959	-0.129415	0.080686	-0.070786	0.126961	0.989379	0.285488	-0.947797	0.142051	0.955765	0.292510	0.030844
16522	9.482266	2.214652	0.921199	-0.049206	-0.110151	0.093910	-0.069409	0.126371	0.989552	0.285149	-0.948045	0.141071	0.955967	0.291961	0.029768
16523	9.291948	2.336523	1.097494	-0.092342	-0.090162	0.107521	-0.068180	0.125593	0.989736	0.284381	-0.948443	0.139944	0.956284	0.291003	0.028949
16524	9.143139	2.346482	1.013419	-0.126883	-0.093343	0.117281	-0.066898	0.124732	0.989933	0.283301	-0.948947	0.138712	0.956695	0.289728	0.028146
16525	9.099975	1.996207	0.498681	-0.124480	-0.130479	0.131539	-0.065217	0.123839	0.990157	0.282237	-0.949463	0.137339	0.957125	0.288416	0.026969
16526	9.221928	1.500019	-0.176063	-0.082624	-0.194323	0.162602	-0.062843	0.122833	0.990436	0.281623	-0.949885	0.135673	0.957465	0.287455	0.025102
16527	9.573863	1.163841	-0.695091	-0.025741	-0.261501	0.197951	-0.059721	0.121682	0.990771	0.281538	-0.950194	0.133669	0.957690	0.286922	0.022489
16528	9.904018	1.013510	-0.927359	-0.000579	-0.290831	0.223185	-0.056254	0.120372	0.991134	0.281737	-0.950449	0.131422	0.957841	0.286632	0.019554
16529	10.107386	0.867425	-0.746544	0.008767	-0.284602	0.223755	-0.052837	0.119039	0.991483	0.281983	-0.950685	0.129168	0.957963	0.286406	0.016664
16530	10.105399	0.858061	-0.256626	-0.004467	-0.254376	0.204653	-0.049765	0.117803	0.991789	0.282090	-0.950931	0.127104	0.958096	0.286099	0.014093
16531	9.836222	1.133945	0.438896	-0.019029	-0.231295	0.191580	-0.046948	0.116620	0.992066	0.282040	-0.951203	0.125164	0.958253	0.285679	0.011766
16532	9.657670	1.773897	1.164660	-0.053799	-0.225977	0.180950	-0.044213	0.115525	0.992320	0.281654	-0.951557	0.123329	0.958497	0.284944	0.009533
16533	9.551362	2.454595	1.545185	-0.102479	-0.245084	0.154836	-0.041368	0.114726	0.992535	0.280778	-0.952020	0.121746	0.958881	0.283718	0.007170
16534	9.588012	2.751102	1.919614	-0.146786	-0.257397	0.128688	-0.038482	0.114209	0.992711	0.279475	-0.952571	0.120425	0.959381	0.282072	0.004738
16535	9.750920	2.800409	2.444871	-0.169099	-0.240175	0.108233	-0.035815	0.113832	0.992854	0.277932	-0.953163	0.119307	0.959933	0.280219	0.002500
16536	9.723278	2.723612	3.356490	-0.192743	-0.176621	0.102078	-0.033783	0.113332	0.992983	0.276166	-0.953807	0.118256	0.960516	0.278223	0.000924
16537	9.508835	2.510982	4.339927	-0.259556	-0.082415	0.112040	-0.032622	0.112469	0.993120	0.273749	-0.954646	0.117104	0.961248	0.275685	0.000355
16538	9.314419	2.265265	5.341860	-0.324565	0.022587	0.125146	-0.032447	0.111193	0.993269	0.270718	-0.955665	0.115827	0.962112	0.272654	0.000907
16539	9.339877	2.261655	6.107487	-0.358111	0.132249	0.146419	-0.033266	0.109412	0.993440	0.267358	-0.956791	0.114328	0.963023	0.269407	0.002576
16540	10.371825	2.356656	6.623875	-0.383616	0.295138	0.167609	-0.035613	0.106998	0.993621	0.263765	-0.957991	0.112615	0.963929	0.266093	0.005895
16541	9.247228	2.133875	5.977526	-0.397493	0.516403	0.168497	-0.040092	0.103994	0.993770	0.260035	-0.959213	0.110868	0.964767	0.262860	0.011414
16542	8.972128	1.872394	5.147716	-0.318275	0.622314	0.188649	-0.045565	0.100534	0.993890	0.257092	-0.960230	0.108916	0.965312	0.260484	0.017906
16543	8.478545	1.903001	4.482737	-0.147966	0.650440	0.213833	-0.051236	0.096765	0.993988	0.255808	-0.960819	0.106722	0.965369	0.259738	0.024475
16544	7.996894	2.077104	3.182844	0.091512	0.535840	0.195587	-0.055861	0.093472	0.994054	0.256823	-0.960762	0.104774	0.964843	0.261149	0.029664
16545	8.871057	0.855097	-0.192240	0.329071	0.320080	0.212246	-0.058339	0.090569	0.994180	0.260158	-0.960086	0.102729	0.963802	0.264637	0.032448
16546	10.563965	-0.979199	-2.338712	0.520869	0.053436	0.364419	-0.057853	0.086910	0.994535	0.265427	-0.959009	0.099245	0.962394	0.269719	0.032413
16547	12.797321	-1.261902	-2.375634	0.576276	0.050819	0.503826	-0.056929	0.081920	0.995012	0.271299	-0.957856	0.094383	0.960810	0.275318	0.032305
16548	14.094089	-0.311389	-1.465489	0.533290	0.238368	0.521310	-0.057742	0.076250	0.995415	0.276734	-0.956784	0.089344	0.959210	0.280624	0.034146
16549	14.386124	1.378042	-0.048216	0.383443	0.438475	0.456699	-0.060612	0.070621	0.995660	0.280720	-0.956027	0.084899	0.957874	0.284648	0.038122
16550	13.031401	3.370286	1.590316	0.099246	0.746380	0.304405	-0.066854	0.065559	0.995607	0.281917	-0.955939	0.081877	0.957107	0.286152	0.045426
16551	11.766657	4.566861	3.316849	-0.244708	0.882254	0.102873	-0.074949	0.062037	0.995256	0.279688	-0.956694	0.080695	0.957161	0.284409	0.054352
16552	11.220358	4.636732	5.102811	-0.656054	1.054279	-0.073312	-0.085203	0.059751	0.994570	0.273387	-0.958487	0.081004	0.958123	0.278804	0.065331
16553	10.485217	3.787442	6.432613	-1.148912	1.341114	-0.148933	-0.098404	0.057488	0.993485	0.262273	-0.961536	0.081617	0.959963	0.268595	0.079541
16554	10.014517	2.634357	7.216098	-1.565063	1.491413	-0.146698	-0.113073	0.054984	0.992064	0.247106	-0.965540	0.081679	0.962368	0.254381	0.095589
16555	10.578240	1.851641	7.849987	-1.800143	1.663969	-0.124055	-0.129343	0.052065	0.990232	0.229653	-0.969897	0.080992	0.964640	0.237886	0.113492
16556	8.107488	0.915769	7.789564	-1.768711	1.780913	-0.147084	-0.146826	0.049384	0.987929	0.212406	-0.973881	0.080249	0.966088	0.221625	0.132502
16557	10.011932	0.674931	7.907182	-1.492565	1.670408	-0.258692	-0.163441	0.048293	0.985370	0.197625	-0.976953	0.080660	0.966556	0.207917	0.150130
16558	10.072834	-0.171428	6.511881	-1.190312	1.461827	-0.395418	-0.178296	0.049180	0.982747	0.185477	-0.979167	0.082651	0.966338	0.197013	0.165460
16559	10.365808	-1.782924	2.692545	-0.980644	1.110857	-0.429228	-0.189746	0.051221	0.980496	0.175257	-0.980833	0.085154	0.966065	0.187997	0.177133
16560	12.926863	-3.063536	-0.464640	-0.698016	1.115444	-0.453939	-0.201267	0.053590	0.978069	0.167661	-0.981882	0.088301	0.965081	0.181756	0.188636
16561	13.985908	-2.735072	-2.280897	-0.503375	1.417952	-0.335454	-0.215434	0.054309	0.975007	0.162156	-0.982601	0.090562	0.962961	0.177613	0.202879
16562	11.785607	-1.899780	-2.289810	-0.390444	1.655783	-0.170485	-0.231596	0.053043	0.971365	0.158055	-0.983194	0.091372	0.959886	0.174691	0.219320
16563	9.545112	-1.155763	-3.055319	-0.320423	1.573663	-0.108938	-0.246790	0.051354	0.967707	0.154771	-0.983688	0.091673	0.956630	0.172397	0.234817
16564	8.984861	-1.466360	-4.666260	-0.247458	1.398670	-0.135840	-0.260323	0.050264	0.964212	0.152101	-0.984040	0.092363	0.953466	0.170701	0.248523
16565	8.518086	-2.308331	-6.011864	-0.034928	1.226915	-0.174283	-0.272211	0.049854	0.960945	0.151352	-0.984007	0.093925	0.950260	0.171008	0.260312
16566	8.346431	-1.998467	-5.375493	0.244675	1.110261	-0.189846	-0.282994	0.049778	0.957829	0.153186	-0.983487	0.096371	0.946810	0.173999	0.270695
16567	7.882082	-0.232844	-4.446319	0.393296	1.043633	-0.197669	-0.293107	0.049854	0.954779	0.156382	-0.982690	0.099319	0.943203	0.178421	0.280237
16568	7.221048	1.057907	-4.342735	0.367387	0.900631	-0.218130	-0.301889	0.050343	0.952013	0.159236	-0.981914	0.102418	0.939950	0.182513	0.288413
16569	6.969087	1.360788	-3.992563	0.264283	0.732039	-0.201315	-0.309028	0.050944	0.949688	0.161150	-0.981320	0.105079	0.937301	0.185515	0.295046
16570	6.976094	1.288772	-3.364879	0.179828	0.581624	-0.162985	-0.314691	0.051430	0.947800	0.162370	-0.980896	0.107137	0.935203	0.187610	0.300329
16571	6.836002	1.342403	-2.804888	0.124801	0.422019	-0.135124	-0.318800	0.051933	0.946398	0.163158	-0.980586	0.108769	0.933673	0.189088	0.304137
16572	6.747305	1.455041	-2.541047	0.096030	0.249360	-0.143208	-0.321312	0.052837	0.945498	0.163642	-0.980324	0.110394	0.932727	0.190194	0.306343
16573	6.631850	1.436200	-2.339909	0.063804	0.061312	-0.176912	-0.322119	0.054427	0.945133	0.163717	-0.980102	0.112238	0.932436	0.190889	0.306799
16574	6.418330	1.175926	-2.061567	0.009168	-0.083152	-0.256536	-0.321711	0.057074	0.945116	0.163024	-0.979936	0.114669	0.932698	0.190967	0.305952
16575	6.746679	0.578529	-1.699650	0.035408	-0.290934	-0.356581	-0.319522	0.061096	0.945607	0.162261	-0.979652	0.118123	0.933583	0.191178	0.303107
16576	7.847905	-0.324523	0.200202	-0.004102	-0.345196	-0.257840	-0.316661	0.064255	0.946360	0.161450	-0.979493	0.120528	0.934698	0.190956	0.299793
16577	8.102399	-1.407154	2.382282	-0.079301	-0.259305	0.006603	-0.314170	0.064657	0.947162	0.160779	-0.979643	0.120204	0.935653	0.190048	0.297379
16578	7.290784	-2.067799	3.018105	0.016312	-0.182523	0.251980	-0.312001	0.062508	0.948023	0.161769	-0.979767	0.117841	0.936208	0.190127	0.295577
16579	5.785345	-1.221935	3.025998	0.211069	-0.364368	0.313706	-0.308021	0.060104	0.949479	0.164767	-0.979551	0.115460	0.937003	0.192007	0.291819
16580	5.439351	0.617298	6.523825	0.419112	-0.702084	0.121921	-0.301180	0.060243	0.951663	0.169118	-0.978807	0.115483	0.938451	0.195724	0.284609
16581	8.406959	4.096043	16.116035	0.468190	-0.905999	-0.376042	-0.293255	0.065686	0.953775	0.172447	-0.977639	0.120351	0.940353	0.199769	0.275371
16582	10.800789	6.512328	18.611858	0.380137	-0.859211	-0.713372	-0.286354	0.074358	0.955234	0.174004	-0.976369	0.128165	0.942191	0.202915	0.266649
16583	12.484708	3.742958	17.759477	0.091612	-0.505728	-0.483047	-0.282370	0.080073	0.955958	0.173542	-0.975805	0.132997	0.943478	0.203453	0.261641
16584	11.082783	-0.991528	14.874508	-0.007468	-0.224015	-0.161419	-0.280494	0.082078	0.956340	0.173058	-0.975685	0.134496	0.944126	0.203228	0.259470
16585	7.333330	-3.199915	9.432749	0.233905	-0.310381	-0.030455	-0.277560	0.082982	0.957118	0.175230	-0.975177	0.135364	0.944592	0.205288	0.256129
16586	7.638914	-5.003995	4.078287	0.658134	-1.198675	0.108329	-0.265995	0.084391	0.960273	0.181787	-0.973896	0.135943	0.946678	0.210725	0.243711
16587	15.864012	-4.811451	3.677011	1.103534	-1.335989	0.487862	-0.252366	0.082498	0.964109	0.193554	-0.971919	0.133832	0.948076	0.220381	0.229312
16588	15.801983	0.712686	2.136579	1.313393	-0.413650	0.618819	-0.247169	0.077397	0.965876	0.207581	-0.969433	0.130802	0.946476	0.232827	0.223548
16589	8.556975	5.364767	-2.470934	1.388991	-0.094909	0.125291	-0.245947	0.076387	0.966269	0.221064	-0.966196	0.132649	0.943738	0.246232	0.220746
16590	6.154272	5.836305	-4.430184	1.321940	-0.462408	-0.374286	-0.242396	0.081134	0.966779	0.232653	-0.962559	0.139112	0.941869	0.258645	0.214445
16591	8.731143	5.197017	-3.655326	1.077813	-0.832255	-0.525827	-0.235749	0.088357	0.967789	0.241591	-0.959266	0.146429	0.941306	0.268330	0.204800
16592	11.276310	4.839845	-3.173321	0.896799	-0.753082	-0.478429	-0.229792	0.094965	0.968595	0.248957	-0.956380	0.152831	0.940859	0.276257	0.196126
16593	10.630951	4.622454	-2.194058	0.614015	-0.722511	-0.181239	-0.223391	0.098690	0.969720	0.254369	-0.954485	0.155737	0.940953	0.281457	0.188120
16594	10.091425	3.672727	-0.353798	0.028101	-0.611724	0.066906	-0.217415	0.099750	0.970969	0.254820	-0.954467	0.155113	0.942230	0.281147	0.182097
16595	10.574207	2.056742	0.100568	-0.479284	-0.670172	0.114004	-0.210745	0.100506	0.972361	0.250588	-0.955909	0.153117	0.944877	0.275930	0.176267
16596	11.367432	1.106402	-0.164421	-0.776532	-0.724520	0.117562	-0.203549	0.101329	0.973807	0.243519	-0.958133	0.150600	0.948296	0.267796	0.170352
16597	11.991786	0.974255	-0.507373	-0.942534	-0.622589	0.121251	-0.197286	0.101780	0.975048	0.234853	-0.960728	0.147804	0.951799	0.258153	0.165635
16598	9.920850	-0.159461	-0.859346	-0.975340	-0.546568	0.037527	-0.191940	0.102781	0.976010	0.225666	-0.963230	0.145814	0.955109	0.248240	0.161688
16599	8.720912	-1.838116	-0.044469	-0.788107	-0.663622	-0.132449	-0.185827	0.105653	0.976886	0.217922	-0.965011	0.145823	0.958112	0.239983	0.156301
16600	8.927051	-2.470011	0.588939	-0.362454	-0.819177	-0.256448	-0.178474	0.110052	0.977771	0.214019	-0.965591	0.147747	0.960387	0.235630	0.148780
16601	10.690631	-1.233102	1.153657	0.119069	-0.785440	-0.261060	-0.171428	0.114399	0.978532	0.214751	-0.965013	0.150441	0.961506	0.235931	0.140863
16602	8.569915	0.733229	0.637584	0.376037	-0.745550	-0.109327	-0.164444	0.117196	0.979399	0.218225	-0.963990	0.151993	0.961944	0.238724	0.132947
16603	9.698168	2.731768	0.899907	0.390634	-0.747601	0.080351	-0.157016	0.118193	0.980498	0.222157	-0.963141	0.151677	0.962285	0.241640	0.124971
16604	9.545375	3.245038	0.714150	0.213313	-0.684735	0.155070	-0.150028	0.118333	0.981575	0.224489	-0.962803	0.150381	0.962858	0.242914	0.117883
16605	9.219955	2.061423	0.854941	0.056796	-0.770503	0.023017	-0.142495	0.119957	0.982500	0.225114	-0.962688	0.150187	0.963856	0.242575	0.110174
16606	10.293575	0.739687	1.115764	0.074153	-0.825659	-0.163982	-0.134851	0.123512	0.983138	0.225641	-0.962304	0.151844	0.964832	0.242313	0.101898
16607	10.644335	0.723772	1.114278	0.223648	-0.720466	-0.194480	-0.128280	0.127109	0.983559	0.227587	-0.961512	0.153942	0.965271	0.243593	0.094414
16608	10.796550	1.878285	1.104943	0.342444	-0.591608	-0.049155	-0.122631	0.129004	0.984032	0.230871	-0.960607	0.154704	0.965226	0.246156	0.088017
16609	10.357166	2.595911	0.776679	0.352012	-0.487888	0.070079	-0.117700	0.129515	0.984567	0.234395	-0.959821	0.154280	0.964990	0.248937	0.082613
16610	9.371017	2.050717	0.319403	0.342674	-0.528159	0.030063	-0.112481	0.130523	0.985044	0.237775	-0.958999	0.154223	0.964785	0.251566	0.076834
16611	9.398839	1.446281	-0.027566	0.403192	-0.545034	-0.087655	-0.107375	0.132719	0.985320	0.241611	-0.957857	0.155349	0.964414	0.254745	0.070783
16612	9.042692	1.607802	-0.551275	0.514132	-0.626825	-0.073192	-0.101458	0.135005	0.985637	0.246530	-0.956435	0.156382	0.963810	0.258855	0.063755
16613	11.049646	2.722561	0.131743	0.567174	-0.562323	0.029786	-0.095907	0.136166	0.986033	0.252065	-0.954989	0.156396	0.962946	0.263544	0.057267
16614	9.871355	2.935256	0.136643	0.496293	-0.420863	0.036390	-0.091710	0.136913	0.986329	0.256915	-0.953715	0.156274	0.962073	0.267734	0.052290
16615	9.250865	2.531647	0.322533	0.391793	-0.431603	-0.000449	-0.087501	0.138057	0.986552	0.260724	-0.952654	0.156438	0.961440	0.270906	0.047363
16616	8.990562	2.318315	0.402383	0.295824	-0.426593	0.022452	-0.083288	0.138981	0.986786	0.263625	-0.951876	0.156315	0.961023	0.273161	0.042641
16617	8.662910	2.216442	0.169066	0.222943	-0.438488	0.075949	-0.078813	0.139438	0.987089	0.265870	-0.951365	0.155619	0.960782	0.274702	0.037908
16618	8.207636	1.779056	-0.205744	0.194056	-0.493002	0.091691	-0.073779	0.139901	0.987413	0.267841	-0.950954	0.154748	0.960634	0.275887	0.032689
16619	8.885969	1.505756	-0.280400	0.194378	-0.589522	0.098911	-0.067790	0.140568	0.987747	0.269819	-0.950550	0.153792	0.960522	0.276939	0.026510
16620	10.388678	1.631545	0.131262	0.165900	-0.474138	0.121427	-0.062854	0.140708	0.988054	0.271529	-0.950256	0.152598	0.960376	0.277877	0.021521
16621	9.820280	1.533260	-0.036751	0.144588	-0.463434	0.135752	-0.057973	0.140686	0.988356	0.273040	-0.950039	0.151247	0.960254	0.278629	0.016664
16622	9.655777	1.855218	0.679274	0.103703	-0.441546	0.116044	-0.053362	0.140793	0.988600	0.274137	-0.949908	0.150080	0.960209	0.279020	0.012092
16623	9.622887	2.262640	1.135485	0.043754	-0.397280	0.087629	-0.049246	0.141047	0.988777	0.274642	-0.949904	0.149181	0.960285	0.278907	0.008042
16624	9.478035	2.377174	1.298643	-0.003415	-0.366715	0.050397	-0.045532	0.141569	0.988881	0.274669	-0.949979	0.148647	0.960460	0.278383	0.004370
16625	9.324855	2.193348	1.497085	-0.028771	-0.360993	0.042827	-0.041887	0.142144	0.988959	0.274451	-0.950114	0.148185	0.960688	0.277628	0.000785
16626	9.251484	1.941026	1.635026	-0.028741	-0.336001	0.045150	-0.038482	0.142626	0.989028	0.274229	-0.950254	0.147704	0.960894	0.276904	-0.002545
16627	9.151887	1.661549	1.628510	0.012936	-0.335248	0.066826	-0.035017	0.142897	0.989118	0.274417	-0.950308	0.147005	0.960973	0.276578	-0.005937
16628	9.120559	1.532258	1.494967	0.102395	-0.344160	0.096449	-0.031393	0.142912	0.989237	0.275467	-0.950158	0.146008	0.960798	0.277086	-0.009540
16629	8.950053	1.411048	0.899515	0.228887	-0.387586	0.110990	-0.027302	0.142913	0.989359	0.277738	-0.949675	0.144845	0.960269	0.278737	-0.013764
16630	8.971246	1.421254	0.111585	0.391512	-0.466320	0.127783	-0.022418	0.142986	0.989471	0.281561	-0.948755	0.143482	0.959282	0.281813	-0.018990
16631	9.400465	1.356772	-0.626734	0.552744	-0.556182	0.162510	-0.016564	0.143004	0.989583	0.286929	-0.947412	0.141713	0.957808	0.286288	-0.025339
16632	9.780620	1.528271	-0.955431	0.660848	-0.586413	0.210468	-0.010291	0.142686	0.989714	0.293314	-0.945798	0.139405	0.955961	0.291732	-0.032119
16633	9.649385	1.883824	-0.764766	0.650350	-0.618106	0.251673	-0.003581	0.142107	0.989845	0.299581	-0.944235	0.136642	0.954064	0.297028	-0.039191
16634	9.921606	2.271862	-0.099500	0.524848	-0.654559	0.279666	0.003556	0.141406	0.989945	0.304617	-0.943057	0.133614	0.952468	0.301079	-0.046428
16635	10.340410	2.421926	0.711344	0.360702	-0.602583	0.292416	0.010249	0.140451	0.990035	0.308068	-0.942371	0.130500	0.951309	0.303660	-0.052927
16636	10.427436	2.508253	1.294543	0.219276	-0.594273	0.284553	0.016831	0.139559	0.990071	0.310146	-0.942097	0.127524	0.950540	0.304920	-0.059140
16637	9.880844	2.345630	1.532045	0.125441	-0.456494	0.269270	0.022067	0.138395	0.990131	0.311323	-0.942082	0.124741	0.950048	0.305498	-0.063875
16638	9.850331	2.461351	2.057988	0.090843	-0.445791	0.253585	0.027143	0.137350	0.990151	0.312154	-0.942148	0.122135	0.949644	0.305764	-0.068447
16639	10.028781	2.720116	2.475419	0.060252	-0.389462	0.245816	0.031670	0.136205	0.990174	0.312690	-0.942293	0.119618	0.949327	0.305829	-0.072432
16640	9.794585	2.600388	2.680558	0.009841	-0.301954	0.249247	0.035364	0.134761	0.990247	0.312729	-0.942596	0.117108	0.949184	0.305537	-0.075478
16641	9.774059	2.260883	2.786933	-0.014583	-0.226544	0.264241	0.038402	0.132941	0.990380	0.312529	-0.942987	0.114461	0.949132	0.305127	-0.077760
16642	9.359130	1.972212	2.867094	0.029493	-0.169283	0.291445	0.040966	0.130691	0.990576	0.312721	-0.943276	0.111517	0.948961	0.305206	-0.079512
16643	8.731790	1.445184	2.265736	0.120944	-0.207668	0.329221	0.044029	0.128200	0.990771	0.313765	-0.943325	0.108117	0.948479	0.306109	-0.081758
16644	9.007526	0.747834	1.203532	0.294679	-0.301300	0.374215	0.048108	0.125578	0.990917	0.316413	-0.942889	0.104130	0.947401	0.308529	-0.085095
16645	9.187050	0.233330	-0.085108	0.491661	-0.356105	0.424486	0.052893	0.122664	0.991038	0.320888	-0.941881	0.099453	0.945639	0.312751	-0.089180
16646	9.535411	0.041679	-1.305299	0.715587	-0.460639	0.480703	0.058845	0.119577	0.991080	0.327403	-0.940198	0.093998	0.943051	0.318951	-0.094476
16647	10.908043	0.436131	-1.426010	0.866313	-0.480540	0.534923	0.065203	0.116085	0.991097	0.335262	-0.938024	0.087812	0.939866	0.326552	-0.100081
16648	10.240443	1.513177	-1.480941	0.923390	-0.420369	0.546592	0.071047	0.112336	0.991127	0.343579	-0.935588	0.081412	0.936433	0.334746	-0.105067
16649	11.069003	2.575689	-0.850657	0.888399	-0.470882	0.577215	0.077516	0.108519	0.991068	0.351488	-0.933208	0.074692	0.932978	0.342559	-0.110482
16650	10.720720	3.081670	-0.480669	0.789414	-0.410114	0.622751	0.083591	0.104116	0.991046	0.358365	-0.931131	0.067595	0.929832	0.349505	-0.115146
16651	12.090025	3.275111	1.217084	0.794490	-0.364303	0.647623	0.089378	0.099362	0.991029	0.365213	-0.928975	0.060203	0.926624	0.356556	-0.119318
16652	12.565631	3.500390	2.509721	0.783604	-0.185330	0.693192	0.093691	0.093582	0.991193	0.371851	-0.926815	0.052356	0.923552	0.363671	-0.121633
16653	12.254502	4.717069	4.098797	0.593183	0.024135	0.661090	0.096005	0.087356	0.991540	0.376729	-0.925228	0.045037	0.921335	0.369218	-0.121736
16654	11.604357	6.028359	5.840642	0.114975	0.222023	0.453959	0.095711	0.082321	0.991999	0.377375	-0.925180	0.040366	0.921101	0.370493	-0.119616
16655	10.738618	6.488600	6.707980	-0.437621	0.408836	0.177119	0.092668	0.079157	0.992546	0.373206	-0.926925	0.039080	0.923109	0.366803	-0.115439
16656	10.537060	5.517431	7.695880	-0.847567	0.648374	-0.033977	0.086580	0.077106	0.993257	0.365417	-0.929970	0.040340	0.926809	0.359460	-0.108693
16657	11.648949	3.683073	8.225513	-1.090544	0.951421	-0.153182	0.077250	0.075141	0.994176	0.355443	-0.933711	0.042952	0.931500	0.350055	-0.098837
16658	10.609486	1.416100	6.692505	-1.177486	1.356952	-0.228860	0.063802	0.072586	0.995319	0.344624	-0.937599	0.046286	0.936570	0.340058	-0.084836
16659	10.038591	-0.303283	5.512731	-1.097433	1.683778	-0.264901	0.047155	0.069407	0.996473	0.334502	-0.941083	0.049720	0.941215	0.330978	-0.067593
16660	10.055636	-0.947595	4.594771	-0.878505	1.884880	-0.258273	0.028550	0.065653	0.997434	0.326333	-0.943780	0.052780	0.944824	0.323988	-0.048370
16661	10.466514	-0.725178	3.999971	-0.611385	2.085959	-0.246893	0.008079	0.061253	0.998090	0.320631	-0.945581	0.055435	0.947170	0.319570	-0.027279
16662	9.234598	-0.291292	3.006424	-0.367252	2.137125	-0.303334	-0.013122	0.057299	0.998271	0.317161	-0.946566	0.058501	0.948281	0.317381	-0.005752
16663	8.764584	-0.099890	1.969713	-0.212445	1.849897	-0.431469	-0.031970	0.055502	0.997947	0.315088	-0.946985	0.062762	0.948524	0.316447	0.012787
16664	10.534950	-0.161776	0.312577	-0.154778	1.537885	-0.498779	-0.048104	0.055346	0.997308	0.313440	-0.947193	0.067684	0.948389	0.315852	0.028216
16665	11.152387	-0.415221	-1.167606	0.012686	1.299551	-0.456003	-0.061792	0.055535	0.996543	0.313349	-0.946890	0.072197	0.947625	0.316727	0.041108
16666	14.632112	-0.511739	-1.993266	0.100164	1.249377	-0.354699	-0.074716	0.054907	0.995692	0.314077	-0.946370	0.075756	0.946453	0.318384	0.053464
16667	13.505544	-0.938240	-2.809064	-0.028408	1.654815	-0.249923	-0.091091	0.051979	0.994485	0.313641	-0.946317	0.078190	0.945162	0.319034	0.069898
16668	11.145479	-1.241555	-2.153425	-0.148315	1.600334	-0.109651	-0.106528	0.047898	0.993155	0.312155	-0.946729	0.079142	0.944040	0.318449	0.085902
16669	11.813985	-0.123361	-0.920469	-0.214350	1.600471	-0.039561	-0.121691	0.043167	0.991629	0.310129	-0.947381	0.079299	0.942874	0.317183	0.101900
16670	11.674670	1.047484	-1.009544	-0.264914	1.363087	-0.093227	-0.134800	0.039722	0.990076	0.307538	-0.948174	0.079913	0.941939	0.315259	0.115598
16671	13.085855	1.385296	-0.728493	-0.374687	1.291426	-0.192653	-0.147489	0.037478	0.988353	0.303781	-0.949264	0.081328	0.941257	0.312238	0.128621
16672	14.718128	1.182689	-1.023705	-0.519661	1.489870	-0.318347	-0.162440	0.035865	0.986066	0.298425	-0.950752	0.083742	0.940508	0.307870	0.143737
16673	12.924418	0.457542	-2.113117	-0.664659	1.386755	-0.359981	-0.176482	0.035042	0.983680	0.291608	-0.952641	0.086253	0.940116	0.302072	0.157905
16674	14.483482	0.128799	-2.463298	-0.701163	1.706766	-0.433743	-0.193740	0.034057	0.980462	0.284246	-0.954581	0.089325	0.938972	0.295998	0.175260
16675	13.960565	0.036012	-2.879244	-0.673118	1.882066	-0.481461	-0.212686	0.033119	0.976559	0.276998	-0.956382	0.092763	0.937036	0.290234	0.194235
16676	12.588514	0.130054	-3.084534	-0.638492	2.099224	-0.551078	-0.233803	0.032341	0.971746	0.269825	-0.958031	0.096804	0.934094	0.284834	0.215264
16677	10.701485	0.306244	-2.787700	-0.660952	2.161500	-0.602107	-0.255499	0.031996	0.966280	0.262236	-0.959692	0.101117	0.930566	0.279228	0.236810
16678	9.317229	0.095415	-2.362418	-0.795131	2.172695	-0.613960	-0.277228	0.031885	0.960275	0.253249	-0.961681	0.105043	0.926828	0.272310	0.258530
16679	7.799158	-0.359175	-2.107499	-0.977745	2.123649	-0.630121	-0.298376	0.032239	0.953904	0.242439	-0.964090	0.108416	0.923144	0.263612	0.279846
16680	6.596199	-0.947636	-2.262751	-1.135643	1.987616	-0.637637	-0.318163	0.033239	0.947453	0.230044	-0.966810	0.111169	0.919702	0.253326	0.299957
16681	6.075349	-1.461345	-2.564160	-1.193973	1.788166	-0.579579	-0.335821	0.034394	0.941298	0.217235	-0.969565	0.112929	0.916533	0.242407	0.318129
16682	5.735988	-1.801354	-2.653832	-1.171968	1.604162	-0.476693	-0.351470	0.035199	0.935537	0.204912	-0.972170	0.113561	0.913499	0.231616	0.334476
16683	5.325762	-2.061532	-2.945566	-1.040775	1.436846	-0.387286	-0.365291	0.035684	0.930209	0.194082	-0.974386	0.113595	0.910436	0.222032	0.349009
16684	5.694662	-2.545759	-2.973071	-0.823369	1.249280	-0.313937	-0.377204	0.035996	0.925431	0.185474	-0.976065	0.113565	0.907368	0.214480	0.361499
16685	5.381832	-2.760043	-2.927274	-0.592201	1.105451	-0.250308	-0.387619	0.036073	0.921113	0.179203	-0.977222	0.113682	0.904233	0.209132	0.372326
16686	4.770519	-2.924413	-2.802815	-0.285330	0.886895	-0.206306	-0.395951	0.036221	0.917557	0.175863	-0.977735	0.114486	0.901274	0.206695	0.380766
16687	4.350157	-2.735146	-2.474277	0.087811	0.573951	-0.120976	-0.401277	0.036187	0.915242	0.176222	-0.977502	0.115911	0.898845	0.207798	0.385872
16688	4.422358	-2.365777	-2.033622	0.439579	0.225681	0.025160	-0.403215	0.035440	0.914419	0.180317	-0.976582	0.117361	0.897164	0.212206	0.387382
16689	4.758992	-2.157001	-1.575256	0.677269	-0.172223	0.128473	-0.401381	0.034532	0.915260	0.186959	-0.975160	0.118781	0.896627	0.218792	0.384955
16690	3.930260	-1.787947	-1.254925	0.863241	-0.479942	0.240592	-0.396571	0.033230	0.917403	0.195708	-0.973311	0.119854	0.896900	0.227073	0.379483
16691	3.513481	-1.212163	-2.136385	1.217454	-0.843952	0.140615	-0.388660	0.033803	0.920761	0.207235	-0.970515	0.123105	0.897773	0.238660	0.370195
16692	4.682004	1.185196	3.882682	1.753523	-1.383290	-0.286323	-0.376796	0.039964	0.925434	0.221945	-0.966072	0.132084	0.899314	0.255164	0.355142
16693	9.535046	6.071159	13.757445	2.439078	-1.656872	-0.825328	-0.363744	0.052303	0.930029	0.240881	-0.959180	0.148153	0.899815	0.277916	0.336298
16694	15.093698	9.260302	16.346660	2.072551	-1.454055	-0.905092	-0.352863	0.065110	0.933407	0.256334	-0.952684	0.163359	0.899878	0.296907	0.319477
16695	17.483713	5.579885	17.478180	0.668737	-0.480839	-0.360875	-0.349413	0.069966	0.934353	0.261133	-0.950425	0.168824	0.899844	0.302980	0.313820
16696	14.108757	2.186105	15.638256	-0.095204	0.255163	0.074060	-0.351474	0.068468	0.933690	0.260577	-0.950757	0.167810	0.899203	0.302279	0.316325
16697	12.716757	2.321361	14.200151	-0.053027	0.630881	0.099501	-0.356825	0.065595	0.931866	0.260502	-0.950975	0.166690	0.897115	0.302232	0.322244
16698	10.164898	3.411016	11.416831	-0.106677	0.970583	0.063534	-0.365316	0.062036	0.928814	0.259815	-0.951331	0.165729	0.893891	0.301863	0.331418
16699	4.142316	3.120838	6.907673	-0.517335	0.908692	0.059136	-0.373221	0.058729	0.925882	0.255463	-0.952907	0.163420	0.891877	0.297521	0.340642
16700	-0.381556	1.993722	0.592488	-0.653918	0.124883	-0.021994	-0.374360	0.058548	0.925433	0.249582	-0.954814	0.161369	0.893064	0.291381	0.342831
16701	0.427177	-0.341996	-5.040671	-0.322053	-1.174958	0.035424	-0.363692	0.061590	0.929481	0.246878	-0.955758	0.159931	0.898209	0.287634	0.332397
16702	10.913449	-0.947635	-2.887820	0.100611	-1.848789	0.307341	-0.346233	0.063947	0.935967	0.248912	-0.955656	0.157369	0.904525	0.287460	0.314962
16703	18.460872	0.836898	1.178819	-0.120810	-1.104705	0.558313	-0.334769	0.061753	0.940275	0.249767	-0.956344	0.151734	0.908596	0.285645	0.304731
16704	16.623839	0.086419	1.257693	-0.521563	-0.297164	0.408703	-0.331015	0.058658	0.941800	0.246421	-0.958060	0.146281	0.910882	0.280501	0.302678
16705	14.106774	-1.915160	2.408372	-0.405807	-0.212560	0.035899	-0.328933	0.058884	0.942516	0.242888	-0.959202	0.144693	0.912583	0.276520	0.301211
16706	12.839050	-1.928939	3.804306	-0.339541	-0.299392	-0.230565	-0.326715	0.061893	0.943094	0.239071	-0.959990	0.145823	0.914386	0.273109	0.298847
16707	9.743760	-1.886380	0.372172	-0.116500	-0.652382	-0.331749	-0.321475	0.066832	0.944557	0.236978	-0.960085	0.148585	0.916785	0.271606	0.292806
16708	9.071322	-1.237197	-2.019329	0.524097	-0.993327	-0.379182	-0.313225	0.073161	0.946857	0.240626	-0.958379	0.153651	0.918689	0.275966	0.282584
16709	8.463109	0.082682	-2.717863	0.950638	-0.906454	-0.357929	-0.305713	0.079103	0.948832	0.248302	-0.955435	0.159657	0.919177	0.284406	0.272447
16710	7.839701	1.993963	-2.510088	1.052249	-0.909891	-0.260416	-0.297964	0.084189	0.950857	0.257232	-0.952174	0.164913	0.919266	0.293728	0.262057
16711	8.712345	4.206952	-1.848837	0.901251	-0.986484	-0.147637	-0.289220	0.088508	0.953162	0.265133	-0.949356	0.168604	0.919813	0.301479	0.251107
16712	10.479895	5.146248	-1.932324	0.613236	-1.095441	-0.080528	-0.279306	0.092575	0.955729	0.270592	-0.947413	0.170848	0.921286	0.306332	0.239568
16713	14.194387	4.509003	-1.624557	0.345315	-1.093977	-0.026650	-0.269230	0.096171	0.958262	0.273751	-0.946317	0.171884	0.923350	0.308602	0.228450
16714	13.289419	2.961081	-1.376088	0.144089	-0.719050	0.015639	-0.262493	0.098221	0.959922	0.275167	-0.945880	0.172029	0.924868	0.309295	0.221260
16715	8.784891	1.086295	-0.459247	0.029533	-0.751423	-0.044084	-0.255599	0.100940	0.961499	0.275373	-0.945737	0.172489	0.926736	0.308858	0.213934
16716	9.370374	0.014654	0.697164	0.064833	-1.011897	-0.163734	-0.246610	0.105589	0.963346	0.275606	-0.945360	0.174171	0.929099	0.308456	0.204034
16717	9.813786	-0.215459	0.741514	0.222412	-0.977599	-0.265751	-0.238194	0.111101	0.964842	0.277076	-0.944377	0.177147	0.930856	0.309530	0.194161
16718	8.289855	0.163871	-0.400398	0.365567	-0.948003	-0.130482	-0.229675	0.115254	0.966419	0.280220	-0.943086	0.179067	0.932055	0.311937	0.184307
16719	11.009374	1.017165	0.722970	0.392096	-0.794258	0.087564	-0.221963	0.116898	0.968022	0.284119	-0.941951	0.178897	0.932743	0.314742	0.175865
16720	9.415734	1.625657	1.036017	0.365519	-0.676276	0.202989	-0.215019	0.117101	0.969564	0.288016	-0.941027	0.177527	0.933174	0.317422	0.168612
16721	8.517472	1.191103	1.209986	0.366373	-0.789216	0.072187	-0.207383	0.118917	0.971005	0.291634	-0.939936	0.177398	0.933778	0.319967	0.160247
16722	9.265381	1.055510	1.106472	0.443372	-0.843194	-0.099394	-0.199745	0.122539	0.972155	0.295616	-0.938383	0.179021	0.934191	0.323143	0.151213
16723	10.064496	2.054004	0.883525	0.529569	-0.761552	-0.089598	-0.192838	0.125836	0.973128	0.300431	-0.936542	0.180640	0.934106	0.327193	0.142796
16724	9.950095	3.150725	0.791204	0.542281	-0.644094	-0.005448	-0.186785	0.127985	0.974028	0.305528	-0.934742	0.181413	0.933683	0.331478	0.135492
16725	9.039092	3.062601	0.564723	0.503116	-0.673547	0.013209	-0.180396	0.130089	0.974953	0.310293	-0.933073	0.181915	0.933368	0.335338	0.127957
16726	8.822217	2.232681	0.205638	0.476547	-0.726976	-0.025244	-0.173635	0.132754	0.975821	0.314738	-0.931426	0.182717	0.933162	0.338855	0.119945
16727	9.541329	1.602653	-0.005649	0.515474	-0.771257	-0.004346	-0.166392	0.135404	0.976719	0.319584	-0.929655	0.183323	0.932834	0.342647	0.111414
16728	10.193519	1.612190	0.154309	0.586556	-0.740785	0.062963	-0.159225	0.137354	0.977641	0.325198	-0.927710	0.183302	0.932145	0.347113	0.103047
16729	9.838764	1.865066	0.400014	0.649006	-0.704885	0.090927	-0.152298	0.138958	0.978517	0.331429	-0.925558	0.183022	0.931107	0.352183	0.094906
16730	8.903512	2.160865	0.525772	0.681394	-0.705108	0.073060	-0.145436	0.140765	0.979303	0.337919	-0.923234	0.182890	0.929870	0.357524	0.086704
16731	10.596799	2.744090	1.138327	0.652102	-0.705831	0.063783	-0.138598	0.142702	0.980014	0.344112	-0.920968	0.182770	0.928643	0.362566	0.078539
16732	10.425187	2.969054	1.320820	0.588829	-0.578800	0.050565	-0.132994	0.144330	0.980552	0.349686	-0.918884	0.182681	0.927379	0.367181	0.071736
16733	9.591483	2.969112	1.463794	0.504766	-0.519360	0.055763	-0.127922	0.145719	0.981021	0.354479	-0.917092	0.182446	0.926272	0.371090	0.065662
16734	9.375072	3.022938	1.889527	0.422914	-0.498515	0.058960	-0.123039	0.147019	0.981451	0.358508	-0.915594	0.182098	0.925383	0.374263	0.059947
16735	9.174955	2.821090	2.174618	0.347519	-0.444398	0.057937	-0.118658	0.148142	0.981822	0.361834	-0.914365	0.181693	0.924660	0.376816	0.054894
16736	8.957905	2.620622	2.260388	0.278064	-0.398536	0.067890	-0.114671	0.149010	0.982164	0.364522	-0.913407	0.181138	0.924107	0.378792	0.050424
16737	8.578634	2.420119	2.081121	0.264958	-0.359396	0.072040	-0.111026	0.149702	0.982478	0.367092	-0.912499	0.180523	0.923535	0.380702	0.046356
16738	8.353184	2.123565	1.772214	0.307683	-0.367741	0.092664	-0.107234	0.150245	0.982816	0.370071	-0.911455	0.179714	0.922794	0.382983	0.042137
16739	8.123558	1.720468	1.078826	0.385300	-0.418728	0.124853	-0.102845	0.150703	0.983215	0.373797	-0.910152	0.178603	0.921791	0.385891	0.037273
16740	8.596000	1.540961	0.236233	0.514055	-0.495182	0.152274	-0.097656	0.151222	0.983664	0.378721	-0.908380	0.177247	0.920344	0.389843	0.031438
16741	8.811858	1.411000	-0.703847	0.662638	-0.532920	0.181586	-0.092001	0.151652	0.984143	0.385025	-0.906044	0.175611	0.918309	0.395076	0.024967
16742	9.805587	1.555048	-1.010381	0.779406	-0.640811	0.209637	-0.085254	0.152292	0.984652	0.392395	-0.903251	0.173676	0.915837	0.401179	0.017247
16743	9.902929	1.765156	-1.146050	0.789898	-0.554706	0.217321	-0.079258	0.152561	0.985111	0.399837	-0.900378	0.171608	0.913153	0.407485	0.010363
16744	10.035212	2.070643	-0.781541	0.721706	-0.587467	0.209252	-0.073000	0.153076	0.985514	0.406614	-0.897728	0.169559	0.910679	0.413102	0.003292
16745	9.934528	2.369159	-0.318718	0.582984	-0.593791	0.192009	-0.066750	0.153807	0.985844	0.412090	-0.895591	0.167628	0.908695	0.417445	-0.003602
16746	10.251354	2.702959	0.413695	0.429530	-0.579224	0.177919	-0.060697	0.154628	0.986106	0.416139	-0.894056	0.165808	0.907273	0.420421	-0.010081
16747	10.100543	2.974342	0.837405	0.265820	-0.547405	0.170722	-0.054957	0.155396	0.986322	0.418686	-0.893190	0.164052	0.906466	0.421976	-0.015975
16748	9.838942	2.989103	1.234299	0.107733	-0.517939	0.170516	-0.049491	0.156047	0.986509	0.419786	-0.892991	0.162314	0.906273	0.422156	-0.021311
16749	9.855641	2.744067	1.408655	-0.026783	-0.526523	0.177512	-0.043910	0.156669	0.986675	0.419664	-0.893371	0.160530	0.906617	0.421121	-0.026520
16750	9.959963	2.281300	1.517714	-0.090065	-0.493296	0.196744	-0.038556	0.156972	0.986850	0.418962	-0.894049	0.158579	0.907185	0.419567	-0.031294
16751	9.490590	1.736309	1.384914	-0.095711	-0.490243	0.203900	-0.033191	0.157189	0.987011	0.418204	-0.894759	0.156560	0.907747	0.417968	-0.036039
