// General information: 
//  MT Manager version: 2022.2.0 
//  XDA version: 2022.2.0 build 7381 rev 124627 built on 2023-07-19
// Device information: 
//  DeviceId: 00B4CAF0
//  ProductCode: MTW2-3A7G6
//  Firmware Version: 4.6.0
//  Hardware Version: 2.0.0
// Device settings: 
//  Filter Profile: human(46.1)
//  Option Flags: Orientation Smoother Disabled, Position/Velocity Smoother Disabled, Continuous Zero Rotation Update Disabled, AHS Disabled, ICC Disabled
// Coordinate system: ENU
PacketCounter	Acc_X	Acc_Y	Acc_Z	Gyr_X	Gyr_Y	Gyr_Z	Mat[1][1]	Mat[2][1]	Mat[3][1]	Mat[1][2]	Mat[2][2]	Mat[3][2]	Mat[1][3]	Mat[2][3]	Mat[3][3]
33898	5.968633	-0.343592	8.326728	0.004298	0.030715	0.007065	0.077844	-0.806220	0.586472	0.996543	0.080058	-0.022218	-0.029039	0.586174	0.809665
33899	5.963421	-0.270845	8.338899	0.011370	0.023927	0.004006	0.077858	-0.806346	0.586297	0.996540	0.080097	-0.022179	-0.029077	0.585995	0.809793
33900	5.994919	-0.230698	8.355639	-0.004275	0.024236	0.010339	0.077947	-0.806468	0.586117	0.996536	0.080113	-0.022296	-0.028975	0.585825	0.809920
33901	5.986975	-0.321227	8.295640	0.005925	0.022246	0.006645	0.077995	-0.806582	0.585954	0.996533	0.080150	-0.022316	-0.028965	0.585663	0.810037
33902	6.049041	-0.286118	8.296986	-0.002519	0.025190	0.011194	0.078092	-0.806709	0.585766	0.996528	0.080184	-0.022425	-0.028879	0.585483	0.810170
33903	6.031463	-0.343283	8.285696	0.000318	0.028602	0.012822	0.078212	-0.806856	0.585547	0.996520	0.080250	-0.022526	-0.028815	0.585271	0.810325
33904	5.962028	-0.307009	8.298014	0.000613	0.029984	0.010552	0.078304	-0.807012	0.585320	0.996515	0.080297	-0.022605	-0.028757	0.585050	0.810487
33905	6.061669	-0.307401	8.270335	0.001302	0.031902	0.009801	0.078390	-0.807180	0.585077	0.996510	0.080337	-0.022681	-0.028696	0.584813	0.810660
33906	6.003909	-0.259573	8.265350	0.004950	0.043227	0.012789	0.078509	-0.807411	0.584743	0.996501	0.080428	-0.022738	-0.028671	0.584482	0.810900
33907	6.063734	-0.290798	8.326133	-0.003026	0.042941	0.010683	0.078620	-0.807641	0.584410	0.996495	0.080466	-0.022855	-0.028566	0.584158	0.811137
33908	6.027044	-0.266003	8.255369	-0.001048	0.049039	0.017434	0.078787	-0.807902	0.584026	0.996485	0.080559	-0.022988	-0.028477	0.583784	0.811409
33909	5.802751	-0.323688	8.304268	-0.001987	0.055992	0.017925	0.078979	-0.808203	0.583584	0.996472	0.080669	-0.023139	-0.028376	0.583353	0.811723
33910	5.575190	-0.323598	8.520197	-0.006320	0.021881	0.011717	0.079081	-0.808310	0.583422	0.996468	0.080685	-0.023281	-0.028255	0.583203	0.811835
33911	5.809968	-0.328159	8.446582	0.014921	-0.012498	-0.003035	0.079034	-0.808229	0.583541	0.996468	0.080711	-0.023172	-0.028370	0.583311	0.811753
33912	6.077496	-0.270770	8.298546	0.003355	-0.010924	0.001295	0.079022	-0.808153	0.583648	0.996469	0.080700	-0.023175	-0.028371	0.583418	0.811676
33913	6.000368	-0.365627	8.250809	0.001066	-0.000965	0.001610	0.079008	-0.808135	0.583674	0.996471	0.080662	-0.023204	-0.028328	0.583447	0.811657
33914	6.055086	-0.296330	8.299330	0.005250	-0.000556	0.003423	0.079020	-0.808118	0.583696	0.996470	0.080678	-0.023204	-0.028340	0.583469	0.811641
33915	6.010638	-0.350889	8.267616	0.002569	0.008867	0.002219	0.079036	-0.808155	0.583642	0.996470	0.080678	-0.023227	-0.028316	0.583417	0.811679
33916	5.980330	-0.297803	8.348560	0.005499	0.011430	0.007635	0.079094	-0.808205	0.583566	0.996465	0.080730	-0.023249	-0.028321	0.583342	0.811733
33917	5.968760	-0.312018	8.332709	0.009199	0.012148	0.004143	0.079108	-0.808263	0.583484	0.996463	0.080760	-0.023227	-0.028349	0.583258	0.811792
33918	5.916050	-0.335652	8.315572	0.005987	0.011621	0.000153	0.079091	-0.808319	0.583408	0.996464	0.080754	-0.023202	-0.028358	0.583180	0.811848
33919	5.936273	-0.306468	8.349382	0.003353	0.009939	0.005254	0.079138	-0.808360	0.583345	0.996461	0.080785	-0.023236	-0.028342	0.583119	0.811892
33920	5.887035	-0.285473	8.362526	0.004575	0.000944	0.003332	0.079150	-0.808352	0.583355	0.996460	0.080797	-0.023241	-0.028346	0.583129	0.811885
33921	6.022879	-0.245271	8.348667	0.001549	-0.001274	0.006915	0.079179	-0.808329	0.583382	0.996459	0.080793	-0.023297	-0.028302	0.583160	0.811864
33922	6.009119	-0.305247	8.301570	-0.001428	0.006766	0.007976	0.079239	-0.808351	0.583344	0.996456	0.080808	-0.023377	-0.028241	0.583128	0.811889
33923	5.997577	-0.319874	8.285693	0.008636	0.016220	0.006996	0.079289	-0.808428	0.583230	0.996451	0.080864	-0.023378	-0.028263	0.583014	0.811971
33924	6.090241	-0.355786	8.329605	-0.009669	0.011945	0.006451	0.079335	-0.808481	0.583150	0.996451	0.080818	-0.023517	-0.028116	0.582947	0.812024
33925	6.025263	-0.274025	8.371296	0.014542	0.010740	0.011353	0.079429	-0.808523	0.583080	0.996442	0.080946	-0.023495	-0.028202	0.582871	0.812075
33926	5.920466	-0.322618	8.336464	-0.009525	0.021357	0.007711	0.079490	-0.808630	0.582923	0.996441	0.080911	-0.023640	-0.028049	0.582728	0.812183
33927	5.995980	-0.346141	8.344144	0.001680	0.025576	0.012970	0.079609	-0.808757	0.582731	0.996433	0.080984	-0.023732	-0.027998	0.582541	0.812319
33928	6.044320	-0.370546	8.298702	0.007438	0.028626	0.008072	0.079676	-0.808905	0.582515	0.996427	0.081050	-0.023741	-0.028009	0.582325	0.812473
33929	6.369326	-0.359773	8.370126	0.002293	0.049193	0.012376	0.079782	-0.809172	0.582130	0.996421	0.081106	-0.023823	-0.027937	0.581947	0.812746
33930	6.450834	-0.349726	8.274903	0.027793	0.105460	0.013573	0.079925	-0.809763	0.581288	0.996405	0.081336	-0.023698	-0.028089	0.581093	0.813352
33931	6.059654	-0.333046	8.294532	0.004762	0.143115	0.022726	0.080163	-0.810564	0.580138	0.996389	0.081491	-0.023821	-0.027968	0.579953	0.814170
33932	5.767576	-0.195351	8.360764	0.038032	0.138249	0.019426	0.080374	-0.811338	0.579026	0.996366	0.081828	-0.023647	-0.028195	0.578822	0.814966
33933	5.670311	-0.208433	8.433789	-0.015374	0.120755	0.025403	0.080652	-0.812003	0.578054	0.996352	0.081913	-0.023950	-0.027902	0.577876	0.815647
33934	5.672047	-0.430561	8.374135	0.007394	0.085100	0.017696	0.080831	-0.812469	0.577374	0.996338	0.082058	-0.024015	-0.027866	0.577201	0.816127
33935	5.681717	-0.326873	8.456387	-0.005958	0.064893	0.017188	0.080997	-0.812818	0.576859	0.996329	0.082113	-0.024193	-0.027703	0.576702	0.816485
33936	5.985274	-0.397729	8.398321	0.004439	0.047193	0.015525	0.081143	-0.813066	0.576489	0.996318	0.082224	-0.024269	-0.027668	0.576336	0.816744
33937	6.661681	-0.492671	8.557986	0.009591	0.083635	0.008115	0.081214	-0.813530	0.575823	0.996313	0.082284	-0.024267	-0.027639	0.575671	0.817214
33938	7.016832	-0.646346	8.258560	0.051426	0.209237	0.014557	0.081396	-0.814710	0.574127	0.996290	0.082657	-0.023953	-0.027941	0.573947	0.818416
33939	6.508288	-1.188652	8.730207	-0.008894	0.301088	-0.021865	0.081235	-0.816442	0.571685	0.996314	0.082375	-0.023931	-0.027554	0.571522	0.820124
33940	4.866138	-0.514176	8.139273	0.209873	0.255535	-0.036915	0.080919	-0.817919	0.569615	0.996287	0.083229	-0.022021	-0.029397	0.569282	0.821617
33941	5.155335	-0.324301	8.450899	0.128394	0.172592	0.028572	0.081236	-0.818864	0.568210	0.996229	0.084148	-0.021160	-0.030487	0.567786	0.822611
33942	5.506458	-0.314482	8.450151	0.146357	0.103255	0.009768	0.081344	-0.819430	0.567377	0.996178	0.085017	-0.020034	-0.031820	0.566839	0.823214
33943	5.409825	0.631219	8.233044	0.204245	0.057326	-0.010861	0.081232	-0.819754	0.566925	0.996123	0.086039	-0.018322	-0.033758	0.566216	0.823565
33944	5.374884	0.604732	8.428056	0.006961	0.051263	-0.001221	0.081216	-0.820034	0.566522	0.996125	0.086027	-0.018281	-0.033745	0.565812	0.823844
33945	5.856589	-0.129051	8.523369	-0.028843	0.024867	0.003414	0.081229	-0.820160	0.566339	0.996136	0.085835	-0.018570	-0.033382	0.565659	0.823963
33946	6.429439	-0.670228	8.502203	0.011441	0.061485	-0.010973	0.081119	-0.820506	0.565853	0.996144	0.085769	-0.018437	-0.033405	0.565167	0.824300
33947	6.247921	-0.718168	8.482484	0.078277	0.101355	-0.027717	0.080831	-0.821091	0.565045	0.996147	0.085907	-0.017665	-0.034037	0.564295	0.824871
33948	5.793922	-0.405036	8.425168	0.117947	0.135177	-0.037602	0.080481	-0.821875	0.563955	0.996139	0.086222	-0.016503	-0.035062	0.563105	0.825641
33949	5.216280	-0.050874	8.334876	0.113512	0.099081	-0.023177	0.080267	-0.822442	0.563157	0.996121	0.086628	-0.015465	-0.036066	0.562214	0.826205
33950	5.246240	0.345728	8.405407	0.090806	0.048232	-0.015745	0.080106	-0.822716	0.562780	0.996103	0.086967	-0.014650	-0.036891	0.561760	0.826477
33951	5.241767	0.255210	8.312350	-0.003431	0.018059	0.005776	0.080156	-0.822802	0.562648	0.996103	0.086958	-0.014742	-0.036797	0.561636	0.826565
33952	5.441594	-0.061468	8.396192	-0.025549	-0.020258	0.018858	0.080315	-0.822661	0.562831	0.996100	0.086928	-0.015083	-0.036518	0.561847	0.826434
33953	6.069270	-0.225958	8.513850	-0.010496	-0.022565	0.013487	0.080423	-0.822512	0.563033	0.996097	0.086938	-0.015276	-0.036384	0.562064	0.826293
33954	6.096906	-0.460888	8.487949	-0.004257	0.010182	0.004505	0.080450	-0.822554	0.562967	0.996098	0.086910	-0.015360	-0.036293	0.562006	0.826336
33955	5.737847	-0.417886	8.490781	0.023005	0.015339	0.001417	0.080449	-0.822629	0.562858	0.996092	0.087007	-0.015209	-0.036461	0.561882	0.826413
33956	5.700096	-0.314889	8.460755	0.024048	0.014384	0.003047	0.080463	-0.822696	0.562758	0.996084	0.087126	-0.015051	-0.036649	0.561765	0.826485
33957	5.668615	-0.357708	8.411478	0.008125	0.009635	0.003345	0.080481	-0.822737	0.562696	0.996081	0.087156	-0.015033	-0.036674	0.561700	0.826527
33958	5.433722	-0.216685	8.395419	0.018220	-0.010206	0.007998	0.080536	-0.822662	0.562798	0.996071	0.087283	-0.014951	-0.036823	0.561791	0.826460
33959	5.596260	0.032720	8.363344	0.005553	-0.029220	0.010636	0.080610	-0.822479	0.563055	0.996064	0.087357	-0.014996	-0.036853	0.562048	0.826283
33960	5.935561	-0.011379	8.479983	-0.019087	-0.026365	0.019662	0.080775	-0.822302	0.563289	0.996059	0.087371	-0.015288	-0.036644	0.562303	0.826119
33961	6.311065	-0.394815	8.549197	-0.035353	0.010724	0.022084	0.080981	-0.822333	0.563214	0.996057	0.087312	-0.015735	-0.036236	0.562268	0.826161
33962	5.846546	-0.498015	8.420228	0.000623	0.038810	0.024131	0.081214	-0.822519	0.562909	0.996040	0.087473	-0.015889	-0.036170	0.561970	0.826366
33963	5.486922	-0.174674	8.533572	0.013047	0.020055	0.022171	0.081424	-0.822602	0.562757	0.996021	0.087686	-0.015937	-0.036236	0.561815	0.826469
33964	5.529740	-0.219469	8.438080	-0.022139	0.013832	0.026859	0.081675	-0.822646	0.562657	0.996010	0.087742	-0.016295	-0.035964	0.561743	0.826530
33965	5.693452	-0.881424	8.485830	-0.067825	0.006141	0.021655	0.081874	-0.822651	0.562621	0.996020	0.087496	-0.017008	-0.035236	0.561774	0.826540
33966	5.722604	-1.052768	8.401140	0.011962	-0.004491	-0.001790	0.081833	-0.822617	0.562677	0.996020	0.087508	-0.016923	-0.035318	0.561822	0.826504
33967	5.607795	-0.244746	8.446017	0.108125	-0.037317	-0.011690	0.081684	-0.822407	0.563005	0.995994	0.087976	-0.015994	-0.036377	0.562056	0.826299
33968	5.886862	0.119933	8.497924	0.052107	-0.028166	-0.011674	0.081536	-0.822248	0.563258	0.995988	0.088132	-0.015522	-0.036878	0.562264	0.826135
33969	5.680477	0.237247	8.380753	0.028180	-0.023396	-0.003415	0.081475	-0.822109	0.563470	0.995984	0.088220	-0.015301	-0.037130	0.562453	0.825995
33970	5.293737	0.473830	8.410120	0.016298	-0.046357	0.010731	0.081543	-0.821828	0.563870	0.995972	0.088358	-0.015250	-0.037290	0.562842	0.825723
33971	5.438758	0.349633	8.500084	-0.048109	-0.088287	0.036109	0.081852	-0.821289	0.564610	0.995963	0.088343	-0.015882	-0.036836	0.563631	0.825205
33972	5.873898	-0.509014	8.513736	-0.147843	-0.085750	0.046185	0.082260	-0.820754	0.565329	0.995982	0.087847	-0.017386	-0.035393	0.564487	0.824683
33973	6.157912	-1.283364	8.504746	-0.109051	-0.066671	0.036717	0.082583	-0.820335	0.565889	0.995993	0.087489	-0.018523	-0.034314	0.565152	0.824273
33974	5.778367	-0.358327	8.460918	0.094626	-0.095163	0.002582	0.082554	-0.819784	0.566692	0.995961	0.088004	-0.017781	-0.035294	0.565871	0.823738
33975	5.750773	0.522969	8.604618	0.072509	-0.099237	0.001567	0.082514	-0.819210	0.567527	0.995938	0.088383	-0.017224	-0.036050	0.566642	0.823175
33976	5.968040	-0.506757	8.550289	-0.112946	-0.037446	-0.019422	0.082286	-0.819004	0.567857	0.995997	0.087542	-0.018066	-0.034915	0.567070	0.822929
33977	5.945371	-0.791281	8.382823	0.049173	-0.079550	-0.032023	0.081920	-0.818570	0.568535	0.996009	0.087515	-0.017510	-0.035422	0.567700	0.822473
33978	6.095876	-0.237790	8.454407	0.074701	-0.046126	-0.041648	0.081467	-0.818334	0.568940	0.996020	0.087557	-0.016683	-0.036163	0.568034	0.822210
33979	6.024651	-0.467802	8.420253	0.026293	-0.012207	-0.041698	0.081030	-0.818291	0.569064	0.996047	0.087324	-0.016260	-0.036388	0.568132	0.822132
33980	6.168854	-0.215798	8.473846	0.079448	-0.006564	-0.042744	0.080580	-0.818280	0.569144	0.996056	0.087385	-0.015387	-0.037144	0.568139	0.822094
33981	5.981453	-0.137843	8.384551	0.048244	0.043099	-0.037442	0.080206	-0.818547	0.568812	0.996071	0.087311	-0.014808	-0.037543	0.567765	0.822334
33982	5.875335	-0.200554	8.439370	0.040189	0.045810	-0.027702	0.079926	-0.818821	0.568458	0.996081	0.087271	-0.014343	-0.037866	0.567377	0.822587
33983	5.737243	-0.051807	8.434014	0.049758	0.037632	-0.025850	0.079668	-0.819046	0.568170	0.996086	0.087304	-0.013818	-0.038286	0.567047	0.822796
33984	5.724656	-0.151345	8.533643	0.012015	0.035754	-0.013902	0.079522	-0.819250	0.567896	0.996096	0.087217	-0.013663	-0.038336	0.566765	0.822987
33985	5.637305	-0.095512	8.540458	0.031779	0.014522	-0.009177	0.079420	-0.819330	0.567795	0.996094	0.087282	-0.013381	-0.038595	0.566640	0.823061
33986	5.605454	0.029962	8.594673	0.013635	-0.006131	-0.003885	0.079357	-0.819288	0.567865	0.996095	0.087286	-0.013270	-0.038695	0.566700	0.823015
33987	5.802826	-0.054350	8.547763	-0.007926	-0.026100	0.002602	0.079353	-0.819127	0.568097	0.996099	0.087218	-0.013380	-0.038588	0.566943	0.822853
33988	5.778916	0.010897	8.467345	-0.010894	-0.029905	0.013778	0.079458	-0.818934	0.568360	0.996096	0.087228	-0.013572	-0.038462	0.567219	0.822668
33989	5.784408	0.004108	8.431073	-0.032856	-0.040632	0.028895	0.079708	-0.818668	0.568708	0.996089	0.087232	-0.014036	-0.038118	0.567602	0.822420
33990	5.847807	-0.125421	8.394101	-0.039321	-0.046348	0.038340	0.080051	-0.818361	0.569102	0.996077	0.087281	-0.014601	-0.037723	0.568038	0.822137
33991	5.896459	-0.331855	8.433595	-0.045587	-0.044853	0.033239	0.080344	-0.818067	0.569484	0.996071	0.087248	-0.015195	-0.037255	0.568467	0.821862
33992	5.907610	-0.367476	8.417514	-0.024835	-0.036994	0.030147	0.080609	-0.817819	0.569802	0.996059	0.087312	-0.015595	-0.036997	0.568813	0.821634
33993	5.835348	-0.303424	8.437733	-0.029513	-0.026518	0.029361	0.080869	-0.817633	0.570032	0.996050	0.087337	-0.016034	-0.036674	0.569077	0.821466
33994	5.714704	-0.404746	8.455002	-0.022486	-0.032510	0.022645	0.081061	-0.817417	0.570314	0.996043	0.087352	-0.016371	-0.036436	0.569385	0.821263
33995	5.859020	-0.443913	8.397173	-0.014088	-0.038095	0.015275	0.081181	-0.817177	0.570642	0.996039	0.087355	-0.016605	-0.036280	0.569729	0.821031
33996	5.972197	-0.476560	8.354193	0.000418	-0.025317	0.006228	0.081213	-0.817016	0.570867	0.996037	0.087367	-0.016660	-0.036263	0.569958	0.820873
33997	5.884093	-0.534445	8.387635	-0.005921	-0.013200	0.007513	0.081265	-0.816924	0.570992	0.996036	0.087353	-0.016782	-0.036168	0.570092	0.820784
33998	5.913121	-0.466360	8.381763	0.021784	-0.010504	-0.006087	0.081179	-0.816858	0.571098	0.996036	0.087386	-0.016592	-0.036353	0.570181	0.820714
33999	5.738377	-0.281581	8.436651	0.008105	-0.003543	-0.005966	0.081099	-0.816833	0.571145	0.996042	0.087339	-0.016522	-0.036388	0.570224	0.820683
34000	5.733831	-0.065627	8.429877	0.027673	-0.029973	-0.007142	0.080995	-0.816657	0.571411	0.996041	0.087397	-0.016277	-0.036647	0.570467	0.820503
34001	5.867584	-0.066529	8.420093	-0.003563	-0.030342	0.000077	0.080966	-0.816474	0.571678	0.996045	0.087334	-0.016337	-0.036588	0.570740	0.820316
34002	5.785820	-0.200790	8.409198	-0.013933	-0.034277	0.001625	0.080948	-0.816266	0.571977	0.996052	0.087227	-0.016484	-0.036436	0.571054	0.820104
34003	5.668219	-0.303441	8.392136	-0.017093	-0.039040	0.002290	0.080938	-0.816030	0.572314	0.996060	0.087105	-0.016668	-0.036250	0.571408	0.819865
34004	5.607129	-0.474048	8.472158	-0.017136	-0.069655	-0.011631	0.080776	-0.815631	0.572906	0.996079	0.086870	-0.016765	-0.036094	0.572014	0.819450
34005	5.915964	-0.073231	8.393008	0.039161	-0.101737	-0.017183	0.080555	-0.815053	0.573759	0.996081	0.086918	-0.016377	-0.036522	0.572830	0.818860
34006	5.844349	-0.114164	8.439189	-0.018941	-0.077443	-0.010749	0.080398	-0.814607	0.574414	0.996100	0.086680	-0.016493	-0.036355	0.573499	0.818399
34007	5.780230	-0.187031	8.472097	0.013122	-0.094246	-0.015853	0.080190	-0.814070	0.575204	0.996111	0.086587	-0.016325	-0.036515	0.574276	0.817847
34008	5.700881	0.058446	8.521531	0.002679	-0.108424	-0.011693	0.080012	-0.813446	0.576111	0.996122	0.086465	-0.016259	-0.036588	0.575178	0.817210
34009	5.950693	-0.394156	8.404503	-0.019674	-0.121089	-0.017553	0.079772	-0.812753	0.577121	0.996147	0.086164	-0.016349	-0.036439	0.576201	0.816495
34010	6.116350	-0.100630	8.219671	0.035131	-0.110694	-0.009882	0.079612	-0.812112	0.578044	0.996145	0.086244	-0.016028	-0.036837	0.577092	0.815848
34011	5.802979	-0.683244	8.430217	-0.057402	-0.075026	-0.022895	0.079336	-0.811689	0.578677	0.996188	0.085682	-0.016393	-0.036276	0.577771	0.815392
34012	5.987011	-0.680911	8.348838	0.059034	-0.099808	-0.042306	0.078857	-0.811137	0.579516	0.996203	0.085639	-0.015690	-0.036902	0.578552	0.814810
34013	6.111486	-0.313042	8.382001	0.037439	-0.071856	-0.053238	0.078285	-0.810756	0.580126	0.996234	0.085385	-0.015107	-0.037286	0.579123	0.814387
34014	5.951819	-0.276339	8.347612	0.039356	-0.061512	-0.051215	0.077730	-0.810432	0.580653	0.996262	0.085156	-0.014512	-0.037685	0.579610	0.814022
34015	5.980034	-0.008864	8.421443	0.028502	-0.065615	-0.042148	0.077270	-0.810077	0.581210	0.996287	0.084940	-0.014065	-0.037974	0.580138	0.813632
34016	5.797554	0.000076	8.388426	0.025124	-0.075995	-0.034543	0.076876	-0.809654	0.581851	0.996307	0.084765	-0.013683	-0.038242	0.580754	0.813180
34017	5.791057	0.162659	8.539339	-0.001687	-0.095105	-0.022396	0.076599	-0.809110	0.582644	0.996328	0.084532	-0.013597	-0.038251	0.581546	0.812613
34018	5.955329	-0.219483	8.305024	-0.007032	-0.115050	-0.020633	0.076327	-0.808446	0.583600	0.996350	0.084282	-0.013556	-0.038228	0.582505	0.811928
34019	5.843172	-0.267771	8.383941	-0.012913	-0.106207	-0.025913	0.076024	-0.807838	0.584481	0.996376	0.083971	-0.013540	-0.038141	0.583392	0.811294
34020	5.815775	-0.654140	8.312662	-0.018189	-0.118532	-0.051479	0.075445	-0.807178	0.585468	0.996425	0.083407	-0.013409	-0.038009	0.584386	0.810585
34021	6.003290	0.007310	8.365219	0.069892	-0.150895	-0.046978	0.074907	-0.806324	0.586712	0.996436	0.083402	-0.012598	-0.038775	0.585565	0.809698
34022	5.987852	-0.108754	8.264243	-0.028695	-0.124777	-0.043791	0.074401	-0.805618	0.587746	0.996483	0.082839	-0.012595	-0.038541	0.586616	0.808948
34023	5.963506	-0.143839	8.276001	0.010272	-0.136530	-0.040638	0.073930	-0.804839	0.588871	0.996512	0.082535	-0.012303	-0.038700	0.587727	0.808134
34024	5.842252	0.035086	8.450621	0.005892	-0.149421	-0.033811	0.073513	-0.803976	0.590100	0.996538	0.082255	-0.012078	-0.038828	0.588945	0.807240
34025	5.940807	-0.082414	8.492778	-0.033373	-0.169888	-0.026960	0.073160	-0.802987	0.591490	0.996574	0.081798	-0.012217	-0.038572	0.590357	0.806220
34026	5.970111	-0.010577	8.370469	-0.015322	-0.194405	-0.017477	0.072889	-0.801840	0.593076	0.996596	0.081526	-0.012259	-0.038521	0.591951	0.805053
34027	5.854488	-0.073193	8.463483	-0.059982	-0.206323	-0.010504	0.072700	-0.800614	0.594753	0.996628	0.081057	-0.012710	-0.038033	0.593672	0.803808
34028	5.946425	-0.075772	8.401002	-0.042106	-0.242946	-0.005283	0.072534	-0.799162	0.596723	0.996651	0.080723	-0.013039	-0.037749	0.595671	0.802341
34029	5.875497	0.111701	8.639363	-0.085563	-0.280288	0.000273	0.072421	-0.797479	0.598984	0.996686	0.080180	-0.013755	-0.037057	0.597995	0.800643
34030	5.751118	0.005394	8.626352	-0.125790	-0.330467	0.000334	0.072282	-0.795486	0.601645	0.996734	0.079386	-0.014785	-0.036001	0.600749	0.798627
34031	5.781073	0.118276	8.713768	-0.148106	-0.403251	0.011057	0.072240	-0.793038	0.604874	0.996781	0.078548	-0.016062	-0.034774	0.604087	0.796159
34032	5.500978	0.402745	8.926775	-0.198897	-0.485377	0.004951	0.072103	-0.790080	0.608748	0.996848	0.077340	-0.017694	-0.033101	0.608105	0.793166
34033	2.158357	0.402271	11.631962	-0.421075	-0.632241	0.090882	0.072796	-0.786140	0.613747	0.996916	0.075444	-0.021608	-0.029317	0.613427	0.789207
34034	4.816966	-0.734569	9.167284	-0.102395	-1.134802	0.098641	0.073427	-0.779041	0.622659	0.996876	0.075541	-0.023043	-0.029085	0.622406	0.782154
34035	4.859226	-0.871207	9.828690	-0.092175	-1.350396	0.087251	0.073891	-0.770489	0.633156	0.996841	0.075600	-0.024335	-0.029117	0.632954	0.773641
34036	4.344038	-0.524766	10.216109	-0.052000	-1.644200	0.047389	0.073857	-0.759929	0.645796	0.996824	0.075587	-0.025057	-0.029772	0.645596	0.763099
34037	4.341759	-0.672659	10.137420	-0.137792	-1.952217	0.008860	0.073347	-0.747165	0.660579	0.996861	0.074710	-0.026184	-0.029788	0.660427	0.750300
34038	5.001033	-0.333827	9.707824	-0.059658	-2.312622	-0.016482	0.072461	-0.731691	0.677774	0.996894	0.074145	-0.026535	-0.030838	0.677592	0.734792
34039	5.332623	-0.607601	9.754580	-0.194333	-2.605000	-0.032232	0.071320	-0.713806	0.696702	0.996980	0.072531	-0.027748	-0.030726	0.696577	0.716823
34040	5.014698	-0.058732	10.380308	-0.115559	-2.989230	-0.018385	0.070183	-0.692665	0.717836	0.997032	0.071539	-0.028449	-0.031647	0.717702	0.695630
34041	4.781350	1.195596	10.931083	-0.092277	-3.520122	0.042651	0.069451	-0.666937	0.741870	0.997035	0.071109	-0.029412	-0.033138	0.741713	0.669898
34042	6.504885	1.674112	11.608454	-0.165746	-4.095731	0.161961	0.069664	-0.635874	0.768642	0.996981	0.070867	-0.031733	-0.034293	0.768532	0.638891
34043	7.414460	1.772085	11.874818	-0.399650	-4.497593	0.402133	0.072133	-0.600379	0.796456	0.996834	0.070177	-0.037380	-0.033451	0.796630	0.603541
34044	10.682174	1.437530	13.746130	-0.365875	-4.778873	0.623333	0.076729	-0.561176	0.824132	0.996495	0.070785	-0.044578	-0.033320	0.824664	0.564640
34045	12.383833	2.671368	14.271966	-0.204651	-4.740773	0.856182	0.083623	-0.520836	0.849551	0.995881	0.073655	-0.052870	-0.035037	0.850473	0.524850
34046	11.837467	2.982072	12.936033	-0.629412	-4.526992	1.082221	0.092843	-0.480989	0.871797	0.995143	0.073603	-0.065370	-0.032724	0.873632	0.485486
34047	10.889833	4.144532	11.004007	-0.282506	-4.616531	1.045352	0.101676	-0.439368	0.892534	0.994224	0.075868	-0.075913	-0.034361	0.895097	0.444545
34048	9.818193	9.917291	14.010570	0.483488	-4.526666	0.781566	0.107652	-0.397781	0.911143	0.993221	0.083466	-0.080910	-0.043865	0.913676	0.404070
34049	21.346635	12.740822	21.215497	-1.372463	-4.008603	0.988227	0.115871	-0.360041	0.925713	0.992659	0.074511	-0.095270	-0.034674	0.929956	0.366032
34050	13.034205	0.350600	23.231068	-4.591476	-0.063066	0.079108	0.116628	-0.359392	0.925870	0.993116	0.031980	-0.112685	0.010889	0.932639	0.360648
34051	-1.496749	-2.486009	12.295024	-2.813513	-0.147163	-1.162852	0.105089	-0.358217	0.927705	0.993709	0.001506	-0.111984	0.038717	0.933637	0.356122
34052	-8.709773	1.395264	10.831315	1.104914	-1.045442	-1.082630	0.094644	-0.348467	0.932530	0.995152	0.007970	-0.098022	0.026726	0.937287	0.347532
34053	-3.430987	3.248417	15.133316	0.679344	-0.856217	-0.696891	0.087881	-0.340508	0.936126	0.995946	0.011901	-0.089167	0.019222	0.940166	0.340173
34054	-1.398690	-0.484684	16.532997	-2.178010	0.524116	-0.379715	0.083920	-0.345414	0.934691	0.995612	-0.009907	-0.093051	0.041402	0.938398	0.343067
34055	-0.591838	-5.934562	14.237754	-1.956791	1.493212	0.023994	0.083363	-0.359405	0.929451	0.994578	-0.028176	-0.100100	0.062164	0.932756	0.355108
34056	-1.393297	-7.038861	12.331458	0.650378	1.748243	0.335666	0.085639	-0.375719	0.922768	0.994682	-0.020943	-0.100840	0.057213	0.926497	0.371927
34057	-0.358500	-3.463665	12.906994	1.487740	2.298585	0.613994	0.090558	-0.397017	0.913333	0.994897	-0.004895	-0.100774	0.044480	0.917798	0.394548
34058	0.457578	-4.136137	10.956087	0.883537	3.114716	0.958228	0.098775	-0.425377	0.899610	0.994358	0.007051	-0.105844	0.038681	0.904989	0.423673
34059	1.040313	-5.052497	8.669327	1.410474	3.485973	1.267852	0.110190	-0.456478	0.882885	0.993506	0.025254	-0.110940	0.028345	0.889376	0.456296
34060	1.940120	-3.702135	8.137663	1.945605	3.715585	1.418189	0.123478	-0.488643	0.863702	0.992257	0.049038	-0.114113	0.013406	0.871105	0.490915
34061	2.825339	-3.138972	7.307715	1.927254	3.965699	1.406969	0.137154	-0.521946	0.841880	0.990550	0.072691	-0.116307	-0.000491	0.849876	0.526983
34062	3.807360	-3.084300	7.117382	1.869041	4.116579	1.238229	0.149668	-0.555394	0.818008	0.988650	0.094981	-0.116401	-0.013047	0.826145	0.563306
34063	5.211503	-3.303454	7.208138	1.746637	4.188133	0.946465	0.159771	-0.588498	0.792555	0.986868	0.114559	-0.113878	-0.023777	0.800341	0.599073
34064	6.675473	-2.906510	6.979269	1.725808	4.204478	0.602978	0.166909	-0.620818	0.765981	0.985390	0.131737	-0.107948	-0.033892	0.772807	0.633735
34065	7.668152	-1.957480	7.142679	1.614194	4.164525	0.216770	0.170621	-0.652137	0.738651	0.984410	0.145318	-0.099091	-0.042718	0.744043	0.666764
34066	8.187272	-1.201848	6.966167	1.062105	4.152407	-0.206538	0.170410	-0.682723	0.710528	0.984296	0.151643	-0.090361	-0.046055	0.714768	0.697843
34067	8.661202	-0.797885	6.635378	0.342542	4.109879	-0.653454	0.165774	-0.712515	0.681793	0.985249	0.149439	-0.083384	-0.042474	0.685559	0.726777
34068	9.608948	-0.466790	6.891848	-0.005474	3.935027	-1.107026	0.156379	-0.740531	0.653574	0.987039	0.141315	-0.076050	-0.036042	0.656996	0.753032
34069	12.006710	-0.011022	8.054890	-0.162710	3.788207	-1.544298	0.142323	-0.766995	0.625670	0.989403	0.128585	-0.067434	-0.028730	0.628638	0.777167
34070	14.211844	-0.739660	8.975449	-0.767394	3.969084	-1.696891	0.126373	-0.793372	0.595475	0.991858	0.110591	-0.063149	-0.015754	0.598607	0.800888
34071	14.469228	-3.303186	8.514038	-1.191293	4.220353	-1.625093	0.110523	-0.819601	0.562173	0.993873	0.090505	-0.063447	0.001122	0.565741	0.824582
34072	14.716530	-5.267052	7.420152	-0.919758	4.162825	-1.372616	0.096522	-0.843570	0.528274	0.995223	0.073999	-0.063674	0.014621	0.531896	0.846683
34073	14.666660	-5.849857	5.831572	-0.271004	3.900126	-1.100704	0.084848	-0.864442	0.495521	0.996175	0.063161	-0.060389	0.020905	0.498750	0.866494
34074	15.140845	-4.493803	5.224228	0.443925	3.535689	-0.833626	0.075808	-0.882023	0.465068	0.996934	0.057988	-0.052527	0.019362	0.467624	0.883715
34075	16.566039	-2.409750	4.665853	0.711681	3.109994	-0.486739	0.070406	-0.896422	0.437574	0.997412	0.056849	-0.044024	0.014589	0.439541	0.898104
34076	18.271378	-0.960020	3.096887	0.765407	2.979989	0.025919	0.070292	-0.909090	0.410626	0.997485	0.060306	-0.037240	0.009091	0.412211	0.911043
34077	18.545886	-0.238118	2.308942	0.562484	2.802469	0.148342	0.071547	-0.920194	0.384868	0.997422	0.063871	-0.032710	0.005518	0.386216	0.922392
34078	17.958144	0.484929	0.089554	0.939060	2.262054	0.192375	0.073407	-0.928553	0.363869	0.997300	0.069140	-0.024759	-0.002168	0.364704	0.931121
34079	13.796201	0.344315	-8.021583	0.723953	0.365030	-0.149290	0.071919	-0.929985	0.360493	0.997369	0.070342	-0.017510	-0.009074	0.360804	0.932598
34080	15.660488	5.189399	-14.864313	3.069232	-0.829071	-1.330726	0.058419	-0.927892	0.368244	0.997483	0.069105	0.015887	-0.040189	0.366389	0.929593
34081	20.820184	12.010681	-5.706600	1.135495	-1.317697	-1.821116	0.039620	-0.924132	0.380014	0.997855	0.056429	0.033191	-0.052117	0.377884	0.924385
34082	20.666529	5.091325	-5.880150	-2.669843	-2.163806	-1.199198	0.026776	-0.916266	0.399675	0.999300	0.034985	0.013257	-0.026130	0.399040	0.916561
34083	17.856455	-2.423433	-6.502221	-2.574512	-2.276769	-1.405874	0.012393	-0.907259	0.420390	0.999923	0.011578	-0.004489	-0.000794	0.420413	0.907332
34084	10.691437	-3.286840	4.088225	-0.496362	-0.603385	-2.206678	-0.009684	-0.904707	0.425923	0.999944	-0.010552	0.000321	0.004204	0.425903	0.904759
34085	10.199496	0.082976	25.437734	-0.726786	-0.802796	-1.889000	-0.028526	-0.900861	0.433170	0.999525	-0.030765	0.001841	0.011668	0.433017	0.901310
34086	2.682725	-3.378667	10.961721	-1.771586	-0.889389	-0.782166	-0.036178	-0.896668	0.441224	0.998904	-0.045569	-0.010702	0.029702	0.440353	0.897333
34087	-2.631722	-5.458542	7.759778	-2.654473	-0.830321	-0.582987	-0.041659	-0.892661	0.448798	0.997529	-0.062593	-0.031904	0.056571	0.446360	0.893063
34088	0.055882	-8.059067	4.516420	-0.132158	-2.033116	0.048943	-0.040018	-0.883423	0.466865	0.997470	-0.062798	-0.033330	0.058763	0.464350	0.883700
34089	6.161866	-3.587239	7.307891	0.838794	-2.407438	-0.471864	-0.043416	-0.871676	0.488155	0.997731	-0.062993	-0.023746	0.051449	0.486017	0.872434
34090	12.452995	-2.419444	10.926470	0.822452	-2.189692	-0.418260	-0.046561	-0.860545	0.507242	0.997934	-0.062577	-0.014559	0.044271	0.505516	0.861681
34091	13.129274	-2.941861	11.064724	-0.163224	-1.698924	-0.004700	-0.045852	-0.851820	0.521824	0.997854	-0.063495	-0.015968	0.046735	0.519972	0.852904
34092	9.019706	-5.402577	11.295115	-0.896620	-1.014596	0.277814	-0.042578	-0.846670	0.530411	0.997513	-0.065874	-0.025078	0.056173	0.528024	0.847369
34093	6.084185	-5.904739	8.387512	-0.220241	-1.201158	0.080667	-0.041097	-0.840309	0.540547	0.997416	-0.066409	-0.027404	0.058925	0.538024	0.840867
34094	4.550789	-1.248378	8.238542	1.606244	-1.800077	-0.272692	-0.042914	-0.830294	0.555672	0.998123	-0.059956	-0.012503	0.043698	0.554092	0.831308
34095	19.956392	9.294657	11.022705	4.007641	-2.813160	-1.160092	-0.053827	-0.813715	0.578766	0.998537	-0.046820	0.027040	0.005095	0.579375	0.815045
34096	11.348419	11.973847	10.992885	-0.487947	0.082514	0.527825	-0.048582	-0.814423	0.578235	0.998769	-0.045390	0.019985	0.009969	0.578494	0.815625
34097	8.195460	0.652439	8.520041	-4.912802	0.742057	0.661057	-0.042255	-0.819044	0.572172	0.997379	-0.068241	-0.024028	0.058725	0.569657	0.819782
34098	6.985665	-7.171079	9.471951	-3.205132	0.770360	1.427159	-0.028626	-0.824406	0.565274	0.995491	-0.074676	-0.058495	0.090436	0.561051	0.822826
34099	2.508440	-6.498965	5.065884	0.796696	-0.613123	0.034540	-0.027767	-0.820959	0.570312	0.996185	-0.069942	-0.052179	0.082726	0.566687	0.819769
34100	7.271285	-1.121872	7.878578	2.487976	-0.873074	-0.577347	-0.032927	-0.815582	0.577704	0.997760	-0.060498	-0.028541	0.058228	0.575470	0.815747
34101	7.481149	2.696697	10.026532	1.444048	-0.389486	-0.486570	-0.037599	-0.813034	0.581001	0.998324	-0.056164	-0.013989	0.044005	0.579501	0.813783
34102	6.636709	2.004181	8.780026	-0.509209	0.068005	0.065126	-0.037000	-0.813451	0.580455	0.998108	-0.058625	-0.018534	0.049106	0.578671	0.814081
34103	6.317187	-1.310462	8.665458	-1.247176	0.305673	0.197801	-0.035211	-0.815321	0.577937	0.997486	-0.064254	-0.029873	0.061491	0.575433	0.815534
34104	5.161014	-2.346927	7.478728	-0.464325	0.140329	-0.005802	-0.035378	-0.816110	0.576813	0.997185	-0.067011	-0.033651	0.066116	0.573998	0.816183
34105	5.874346	-1.270967	8.186234	0.572343	-0.176938	-0.053580	-0.035815	-0.815042	0.578293	0.997524	-0.064200	-0.028705	0.060522	0.575834	0.815324
34106	6.178538	-0.083944	8.734076	0.359500	-0.081051	-0.088432	-0.036669	-0.814505	0.578997	0.997700	-0.062891	-0.025285	0.057009	0.576738	0.814938
34107	6.243554	0.118984	8.423572	0.043452	0.018201	-0.070119	-0.037394	-0.814550	0.578886	0.997695	-0.063254	-0.024557	0.056620	0.576634	0.815038
34108	6.088995	-0.312494	8.314492	0.014421	0.036703	-0.054379	-0.037977	-0.814713	0.578619	0.997680	-0.063656	-0.024148	0.056506	0.576359	0.815240
34109	5.943264	0.175779	8.370430	0.113819	0.013209	-0.045851	-0.038457	-0.814745	0.578543	0.997722	-0.063416	-0.022987	0.055417	0.576341	0.815328
34110	5.712396	0.313334	8.647362	0.019167	0.010365	-0.027995	-0.038761	-0.814773	0.578483	0.997719	-0.063575	-0.022692	0.055266	0.576284	0.815379
34111	5.643261	0.074163	8.505993	-0.003143	-0.023534	-0.015317	-0.038916	-0.814612	0.578699	0.997708	-0.063761	-0.022660	0.055358	0.576490	0.815227
34112	6.012221	-0.010879	8.426726	-0.000276	-0.062946	-0.001628	-0.038917	-0.814234	0.579231	0.997704	-0.063817	-0.022676	0.055429	0.577018	0.814848
34113	6.021534	-0.309257	8.357717	-0.038038	-0.042006	0.003977	-0.038869	-0.813979	0.579592	0.997681	-0.064047	-0.023041	0.055876	0.577353	0.814581
34114	6.078384	-0.410340	8.307964	-0.003918	-0.041866	0.002115	-0.038844	-0.813724	0.579951	0.997676	-0.064094	-0.023108	0.055975	0.577706	0.814323
34115	6.143310	-0.241680	8.273931	0.003611	-0.026844	0.003099	-0.038813	-0.813556	0.580190	0.997676	-0.064091	-0.023128	0.056001	0.577944	0.814153
34116	6.260276	-0.129688	8.193204	0.004293	-0.011020	0.006475	-0.038762	-0.813482	0.580296	0.997678	-0.064055	-0.023153	0.056006	0.578051	0.814076
34117	6.168821	-0.257844	8.205953	-0.016465	0.028449	0.023405	-0.038559	-0.813646	0.580080	0.997674	-0.064002	-0.023455	0.056210	0.577826	0.814222
34118	6.069301	-0.189235	8.165680	0.014073	0.032405	0.021990	-0.038378	-0.813834	0.579829	0.997687	-0.063784	-0.023491	0.056101	0.577587	0.814399
34119	5.963769	-0.782910	8.323437	-0.067341	0.081020	0.011849	-0.038320	-0.814293	0.579187	0.997650	-0.064119	-0.024140	0.056793	0.576901	0.814837
34120	5.408493	-0.500465	8.336765	0.066451	0.038778	-0.015709	-0.038518	-0.814493	0.578894	0.997679	-0.063905	-0.023530	0.056159	0.576643	0.815064
34121	5.488319	-0.039440	8.737187	0.048554	-0.005265	-0.024356	-0.038773	-0.814432	0.578963	0.997693	-0.063866	-0.023025	0.055729	0.576734	0.815029
34122	5.462269	-0.517221	8.566276	-0.014052	-0.027384	-0.039688	-0.039173	-0.814234	0.579214	0.997666	-0.064312	-0.022933	0.055923	0.576963	0.814853
34123	5.802433	0.165473	8.492487	0.119097	-0.111867	-0.042404	-0.039550	-0.813546	0.580154	0.997712	-0.064012	-0.021749	0.054831	0.577967	0.814216
34124	5.881612	0.016518	8.476130	-0.029241	-0.084456	-0.038901	-0.039911	-0.813018	0.580869	0.997677	-0.064539	-0.021784	0.055199	0.578650	0.813706
34125	5.864100	0.060624	8.415805	0.043658	-0.123429	-0.024208	-0.040099	-0.812272	0.581898	0.997688	-0.064526	-0.021320	0.054865	0.579698	0.812982
34126	6.237594	0.217250	8.206276	0.011785	-0.126325	-0.015190	-0.040201	-0.811515	0.582946	0.997685	-0.064622	-0.021158	0.054842	0.580747	0.812235
34127	6.288637	0.019774	8.170164	-0.011672	-0.086259	0.009989	-0.040069	-0.811005	0.583665	0.997680	-0.064652	-0.021343	0.055044	0.581455	0.811714
34128	6.140537	-0.108236	8.242878	-0.012091	-0.075271	0.018582	-0.039862	-0.810565	0.584290	0.997677	-0.064613	-0.021572	0.055238	0.582073	0.811258
34129	6.276284	-0.265793	8.231961	-0.015502	-0.051100	0.027067	-0.039579	-0.810270	0.584719	0.997676	-0.064527	-0.021887	0.055465	0.582494	0.810941
34130	6.182277	-0.622743	8.192616	-0.043085	-0.023062	0.025456	-0.039331	-0.810138	0.584919	0.997659	-0.064614	-0.022408	0.055947	0.582668	0.810782
34131	6.379883	-0.909152	8.086553	-0.007107	0.002625	0.018636	-0.039162	-0.810150	0.584914	0.997659	-0.064547	-0.022606	0.056068	0.582659	0.810780
34132	6.239947	-1.320390	8.049671	-0.035531	0.073325	-0.011011	-0.039332	-0.810555	0.584340	0.997631	-0.064885	-0.022852	0.056438	0.582057	0.811187
34133	6.037478	-0.735943	8.156251	0.133652	0.063771	-0.038102	-0.039763	-0.810886	0.583852	0.997687	-0.064459	-0.021577	0.055131	0.581643	0.811574
34134	5.939889	-0.057813	8.475815	0.093996	0.078940	-0.045048	-0.040275	-0.811302	0.583239	0.997717	-0.064319	-0.020574	0.054205	0.581079	0.812040
34135	5.924473	-0.064622	8.462811	0.028915	0.078429	-0.033138	-0.040663	-0.811720	0.582629	0.997716	-0.064463	-0.020178	0.053937	0.580478	0.812488
34136	5.886180	-0.032922	8.360274	0.046244	0.051596	-0.027874	-0.040988	-0.811988	0.582234	0.997726	-0.064463	-0.019663	0.053498	0.580104	0.812784
34137	5.441254	0.143197	8.676302	0.008736	0.030455	-0.014190	-0.041161	-0.812140	0.582010	0.997722	-0.064570	-0.019541	0.053450	0.579879	0.812947
34138	5.415693	0.058960	8.623386	0.001598	-0.043958	-0.010434	-0.041261	-0.811864	0.582387	0.997715	-0.064687	-0.019490	0.053496	0.580253	0.812678
34139	5.903515	0.297621	8.424101	0.010718	-0.090998	0.004579	-0.041181	-0.811323	0.583146	0.997719	-0.064631	-0.019461	0.053479	0.581015	0.812134
34140	5.832439	-0.072469	8.418412	-0.075156	-0.092173	0.019027	-0.040961	-0.810785	0.583909	0.997684	-0.064955	-0.020205	0.054310	0.581729	0.811568
34141	6.025180	0.006308	8.353605	-0.022435	-0.130586	0.024571	-0.040660	-0.810025	0.584983	0.997678	-0.064929	-0.020562	0.054639	0.582789	0.810785
34142	6.075344	-0.281990	8.352473	-0.095155	-0.107466	0.028356	-0.040337	-0.809403	0.585867	0.997634	-0.065296	-0.021522	0.055675	0.583612	0.810121
34143	6.168490	-0.319937	8.126199	-0.034499	-0.118080	0.033451	-0.039953	-0.808720	0.586836	0.997624	-0.065270	-0.022029	0.056118	0.584562	0.809406
34144	6.311104	-0.482163	8.043656	-0.074672	-0.076220	0.031584	-0.039614	-0.808280	0.587464	0.997592	-0.065493	-0.022841	0.056937	0.585144	0.808928
34145	6.258512	-0.700236	8.003596	-0.037874	-0.047115	0.021766	-0.039385	-0.808003	0.587860	0.997575	-0.065582	-0.023307	0.057385	0.585517	0.808627
34146	6.153137	-0.504082	8.130994	-0.000255	-0.021973	0.008896	-0.039303	-0.807866	0.588054	0.997575	-0.065553	-0.023384	0.057440	0.585709	0.808483
34147	6.070933	-0.193049	8.190508	0.021931	-0.021687	0.009553	-0.039210	-0.807730	0.588248	0.997588	-0.065391	-0.023294	0.057281	0.585916	0.808345
34148	5.867253	0.033421	8.278172	0.000423	-0.019269	0.019046	-0.039028	-0.807615	0.588418	0.997592	-0.065276	-0.023425	0.057328	0.586087	0.808218
34149	4.908874	0.419523	8.818906	0.022172	-0.061335	0.020523	-0.038803	-0.807253	0.588929	0.997609	-0.065023	-0.023399	0.057183	0.586613	0.807846
34150	5.056587	0.507053	9.044280	0.009856	-0.202180	0.019333	-0.038514	-0.806063	0.590575	0.997619	-0.064851	-0.023455	0.057206	0.588265	0.806642
34151	5.137776	0.633242	9.067680	-0.001161	-0.312149	0.037902	-0.037972	-0.804232	0.593101	0.997630	-0.064596	-0.023720	0.057388	0.590794	0.804779
34152	4.863813	0.661192	9.585483	-0.081440	-0.428169	0.054860	-0.037196	-0.801717	0.596546	0.997600	-0.064680	-0.024723	0.058405	0.594194	0.802198
34153	5.046006	0.678162	9.705460	-0.115903	-0.594403	0.067090	-0.036190	-0.798199	0.601305	0.997552	-0.064878	-0.026083	0.059830	0.598890	0.798593
34154	5.367081	0.756158	9.526586	-0.191678	-0.747533	0.093544	-0.034821	-0.793747	0.607251	0.997465	-0.065329	-0.028196	0.062051	0.604730	0.794010
34155	3.343636	1.318450	11.329354	-0.343248	-0.901156	0.169406	-0.032571	-0.788363	0.614348	0.997299	-0.066120	-0.031975	0.065829	0.611647	0.788387
34156	1.147074	-0.456423	12.663883	-0.714237	-1.431301	0.430018	-0.027305	-0.779802	0.625430	0.996927	-0.067198	-0.040260	0.073422	0.622409	0.779241
34157	2.999009	-1.924579	11.552605	-0.164828	-2.040724	0.343288	-0.022377	-0.767155	0.641071	0.996885	-0.065625	-0.043735	0.075622	0.638096	0.766235
34158	3.633494	-2.076266	11.813368	0.000155	-2.752503	0.232409	-0.017989	-0.749438	0.661830	0.996929	-0.063905	-0.045267	0.076219	0.658983	0.748286
34159	3.772942	-2.110927	10.930929	-0.112125	-3.230908	0.122394	-0.014294	-0.727827	0.685612	0.996858	-0.063798	-0.046944	0.077908	0.682787	0.726452
34160	5.058419	-1.561941	11.529844	-0.031205	-3.844582	0.034117	-0.010961	-0.701050	0.713027	0.996834	-0.063816	-0.047421	0.078747	0.710250	0.699531
34161	5.468719	-0.487901	10.859354	-0.200975	-4.229255	0.024721	-0.007345	-0.670402	0.741961	0.996672	-0.065149	-0.048999	0.081187	0.739132	0.668650
34162	7.886269	-0.002295	10.297046	-0.108928	-4.534315	0.044640	-0.003206	-0.636223	0.771499	0.996581	-0.065725	-0.050059	0.082555	0.768701	0.634258
34163	10.457035	0.863989	9.978909	0.026202	-4.772774	0.128379	0.001997	-0.598898	0.800823	0.996600	-0.064773	-0.050926	0.082371	0.798202	0.596732
34164	12.510113	1.955060	10.111201	0.131587	-4.273530	0.295066	0.008408	-0.564415	0.825448	0.996688	-0.062037	-0.052571	0.080880	0.823157	0.562025
34165	9.691044	2.074550	8.542797	-0.283404	-3.843478	0.615525	0.017683	-0.532741	0.846093	0.996372	-0.061070	-0.059277	0.083250	0.844072	0.529728
