// General information: 
//  MT Manager version: 2022.2.0 
//  XDA version: 2022.2.0 build 7381 rev 124627 built on 2023-07-19
// Device information: 
//  DeviceId: 00B4CBA7
//  ProductCode: MTW2-3A7G6
//  Firmware Version: 4.6.0
//  Hardware Version: 2.0.0
// Device settings: 
//  Filter Profile: human(46.1)
//  Option Flags: Orientation Smoother Disabled, Position/Velocity Smoother Disabled, Continuous Zero Rotation Update Disabled, AHS Disabled, ICC Disabled
// Coordinate system: ENU
PacketCounter	Acc_X	Acc_Y	Acc_Z	Gyr_X	Gyr_Y	Gyr_Z	Mat[1][1]	Mat[2][1]	Mat[3][1]	Mat[1][2]	Mat[2][2]	Mat[3][2]	Mat[1][3]	Mat[2][3]	Mat[3][3]
55255	9.658976	-0.256816	-1.369350	0.025793	-0.035700	0.005513	-0.102150	0.125622	0.986805	0.605215	0.795127	-0.038572	-0.789481	0.593289	-0.157250
55256	9.654185	-0.348614	-1.467471	0.002096	-0.033989	0.007021	-0.102394	0.125845	0.986752	0.605199	0.795137	-0.038606	-0.789461	0.593228	-0.157578
55257	9.674181	-0.394575	-1.617090	0.012395	-0.037057	0.006965	-0.102663	0.126086	0.986693	0.605108	0.795205	-0.038656	-0.789497	0.593087	-0.157934
55258	9.786628	-0.408191	-1.820528	-0.003342	-0.028696	0.004511	-0.102881	0.126257	0.986648	0.605123	0.795193	-0.038659	-0.789456	0.593067	-0.158211
55259	9.666759	-0.458952	-1.913797	-0.000106	-0.020574	0.006691	-0.103022	0.126398	0.986615	0.605130	0.795186	-0.038686	-0.789433	0.593045	-0.158409
55260	9.613322	-0.465805	-1.888695	0.017946	-0.020388	0.008879	-0.103148	0.126553	0.986582	0.604988	0.795290	-0.038764	-0.789525	0.592873	-0.158596
55261	9.614097	-0.466117	-1.865760	0.019354	-0.011421	0.006162	-0.103219	0.126636	0.986564	0.604841	0.795400	-0.038817	-0.789629	0.592708	-0.158695
55262	9.674754	-0.279823	-1.728307	0.014090	-0.002449	0.007213	-0.103213	0.126673	0.986560	0.604735	0.795477	-0.038871	-0.789710	0.592596	-0.158708
55263	9.637503	-0.217069	-1.655253	-0.022711	0.002516	0.005154	-0.103181	0.126665	0.986565	0.604919	0.795339	-0.038848	-0.789574	0.592783	-0.158686
55264	9.618308	-0.317876	-1.626668	-0.043687	0.001587	0.007935	-0.103140	0.126686	0.986566	0.605264	0.795078	-0.038820	-0.789315	0.593129	-0.158682
55265	9.621589	-0.403802	-1.550896	-0.025745	-0.000685	0.007741	-0.103117	0.126717	0.986565	0.605474	0.794918	-0.038817	-0.789157	0.593336	-0.158694
55266	9.624923	-0.401924	-1.477661	-0.015021	0.004547	0.006217	-0.103062	0.126704	0.986572	0.605594	0.794826	-0.038815	-0.789072	0.593462	-0.158647
55267	9.570847	-0.409028	-1.474607	-0.005524	0.004352	0.006084	-0.103009	0.126692	0.986579	0.605643	0.794789	-0.038828	-0.789041	0.593515	-0.158601
55268	9.603412	-0.446367	-1.352718	0.011166	-0.004727	0.001191	-0.103058	0.126697	0.986573	0.605560	0.794852	-0.038819	-0.789098	0.593429	-0.158638
55269	9.631551	-0.310874	-1.334320	0.000469	-0.008582	0.008801	-0.103091	0.126783	0.986559	0.605564	0.794847	-0.038868	-0.789091	0.593418	-0.158717
55270	9.647208	-0.242560	-1.289111	-0.014770	-0.008946	0.010260	-0.103120	0.126885	0.986543	0.605674	0.794761	-0.038910	-0.789002	0.593511	-0.158807
55271	9.678637	-0.309951	-1.485358	-0.045472	-0.014581	0.008420	-0.103203	0.127005	0.986519	0.606041	0.794483	-0.038882	-0.788710	0.593858	-0.158963
55272	9.667043	-0.492965	-1.725528	-0.057864	-0.015413	0.003737	-0.103319	0.127089	0.986496	0.606491	0.794144	-0.038788	-0.788349	0.594293	-0.159129
55273	9.653265	-0.530935	-1.871890	-0.015750	-0.009747	0.006626	-0.103375	0.127165	0.986480	0.606621	0.794044	-0.038790	-0.788242	0.594409	-0.159225
55274	9.815629	-0.481869	-2.027649	-0.003431	0.008124	0.005957	-0.103295	0.127131	0.986493	0.606632	0.794035	-0.038809	-0.788244	0.594429	-0.159141
55275	9.696379	-0.385996	-1.975135	0.005267	0.010803	0.005753	-0.103193	0.127078	0.986510	0.606595	0.794062	-0.038835	-0.788285	0.594404	-0.159027
55276	9.626594	-0.491765	-1.869645	0.008483	0.017547	0.001850	-0.103064	0.126956	0.986539	0.606528	0.794114	-0.038829	-0.788354	0.594362	-0.158847
55277	9.818808	-0.629443	-2.115708	0.057307	0.044350	0.013876	-0.102649	0.126769	0.986607	0.606089	0.794439	-0.039019	-0.788745	0.593966	-0.158381
55278	9.697229	-0.420671	-1.378794	0.103274	0.033322	0.019648	-0.102287	0.126697	0.986654	0.605292	0.795030	-0.039339	-0.789404	0.593190	-0.158010
55279	9.513710	-1.014945	-1.664645	0.085014	0.067397	0.011655	-0.101703	0.126356	0.986758	0.604632	0.795523	-0.039550	-0.789985	0.592603	-0.157306
55280	8.897738	-0.895164	-0.436610	0.282897	0.035231	-0.013304	-0.101523	0.126007	0.986821	0.602378	0.797217	-0.039824	-0.791729	0.590396	-0.156840
55281	8.732286	-0.444870	0.244087	0.127457	0.027368	0.007407	-0.101280	0.125870	0.986863	0.601375	0.797962	-0.040059	-0.792522	0.589417	-0.156513
55282	9.398809	-0.210433	-0.184001	0.022900	-0.017400	-0.007114	-0.101480	0.125884	0.986841	0.601183	0.798110	-0.039987	-0.792641	0.589215	-0.156671
55283	10.250550	-0.055532	-0.402131	-0.073177	-0.062870	-0.015593	-0.102091	0.126096	0.986751	0.601746	0.797701	-0.039680	-0.792136	0.589723	-0.157315
55284	10.356942	-0.103620	-1.049549	-0.112307	-0.102783	-0.004070	-0.102946	0.126635	0.986593	0.602633	0.797044	-0.039424	-0.791350	0.590495	-0.158367
55285	10.057616	-0.716445	-2.346783	-0.035318	-0.113847	0.024657	-0.103717	0.127470	0.986405	0.602937	0.796807	-0.039572	-0.791018	0.590635	-0.159499
55286	10.215712	-0.734007	-3.121354	0.151313	-0.080180	0.034543	-0.104161	0.128181	0.986266	0.601754	0.797674	-0.040118	-0.791861	0.589310	-0.160220
55287	10.173538	-0.659292	-4.128297	0.263798	-0.007994	0.043134	-0.103984	0.128538	0.986238	0.599706	0.799173	-0.040928	-0.793435	0.587197	-0.160186
55288	9.624543	-0.573061	-4.274879	0.375509	0.018964	0.042273	-0.103598	0.128730	0.986253	0.596756	0.801328	-0.041908	-0.795707	0.584211	-0.159837
55289	9.800184	-0.623764	-4.176437	0.368981	0.090093	0.048936	-0.102607	0.128564	0.986379	0.593865	0.803418	-0.042940	-0.797995	0.581370	-0.158786
55290	9.471857	-0.534764	-3.759426	0.326612	0.178986	0.046666	-0.100919	0.127864	0.986644	0.591277	0.805274	-0.043881	-0.800130	0.578951	-0.156871
55291	9.188280	-0.023601	-3.018307	0.218060	0.222242	0.034167	-0.098955	0.126820	0.986977	0.589563	0.806494	-0.044519	-0.801638	0.577480	-0.154576
55292	9.376943	0.162401	-2.401867	-0.000906	0.256624	0.029885	-0.096740	0.125544	0.987360	0.589592	0.806459	-0.044775	-0.801887	0.577809	-0.152036
55293	9.422574	0.325683	-1.555389	-0.230860	0.258689	0.018032	-0.094579	0.124157	0.987745	0.591459	0.805103	-0.044566	-0.800769	0.579995	-0.149579
55294	9.600223	0.225276	-0.823926	-0.421023	0.222736	0.022038	-0.092686	0.123006	0.988068	0.594846	0.802628	-0.044120	-0.798478	0.583659	-0.147562
55295	9.829372	-0.197294	-0.207230	-0.435943	0.172295	0.034129	-0.091128	0.122236	0.988309	0.598352	0.800037	-0.043779	-0.796034	0.587367	-0.146046
55296	9.820361	-0.077786	0.535592	-0.287724	0.124772	0.052213	-0.089842	0.121885	0.988470	0.600703	0.798270	-0.043835	-0.794408	0.589839	-0.144935
55297	9.644615	0.188355	1.151915	-0.128768	0.074226	0.084665	-0.088762	0.122088	0.988542	0.601800	0.797409	-0.044447	-0.793699	0.590960	-0.144252
55298	9.374363	0.357828	1.573759	0.011956	0.011221	0.112497	-0.088015	0.122886	0.988510	0.601799	0.797348	-0.045539	-0.793783	0.590876	-0.144132
55299	9.323290	0.343275	1.646546	0.102127	-0.056432	0.140786	-0.087635	0.124308	0.988366	0.601111	0.797780	-0.047039	-0.794346	0.589995	-0.144636
55300	9.350806	0.140990	1.448637	0.189480	-0.119047	0.165414	-0.087607	0.126295	0.988117	0.599743	0.798696	-0.048911	-0.795382	0.588332	-0.145716
55301	9.581588	0.439760	0.852857	0.203551	-0.160202	0.196213	-0.087725	0.128770	0.987787	0.598295	0.799644	-0.051109	-0.796459	0.586504	-0.147191
55302	9.553055	0.325098	-0.186687	0.146132	-0.193492	0.216295	-0.087993	0.131601	0.987390	0.597327	0.800217	-0.053422	-0.797156	0.585093	-0.149022
55303	9.723935	-0.130252	-1.417248	0.052835	-0.211183	0.225162	-0.088350	0.134603	0.986953	0.597103	0.800229	-0.055686	-0.797284	0.584393	-0.151072
55304	9.860755	-0.892667	-2.487941	0.067411	-0.211693	0.227794	-0.088698	0.137627	0.986505	0.596744	0.800333	-0.058000	-0.797515	0.583546	-0.153116
55305	9.949760	-0.688252	-2.765353	0.177569	-0.189225	0.239920	-0.088796	0.140616	0.986074	0.595539	0.801037	-0.060601	-0.798404	0.581865	-0.154871
55306	9.751245	-0.113416	-2.555376	0.177814	-0.151596	0.263611	-0.088456	0.143575	0.985678	0.594380	0.801679	-0.063433	-0.799305	0.580256	-0.156251
55307	9.775656	0.408489	-1.814593	0.093702	-0.162124	0.257724	-0.088239	0.146547	0.985260	0.593857	0.801852	-0.066082	-0.799717	0.579273	-0.157782
55308	9.921086	0.209427	-0.583824	-0.023321	-0.208105	0.232518	-0.088540	0.149581	0.984777	0.594248	0.801377	-0.068295	-0.799394	0.579155	-0.159842
55309	9.964862	0.239908	1.100641	-0.012097	-0.272133	0.238775	-0.089314	0.153035	0.984176	0.594556	0.800950	-0.070588	-0.799078	0.578844	-0.162524
55310	9.551692	0.813058	2.949515	0.029112	-0.333755	0.294141	-0.090249	0.157282	0.983421	0.594597	0.800658	-0.073486	-0.798942	0.578108	-0.165778
55311	8.993445	0.978928	5.258052	0.231488	-0.512275	0.326157	-0.092425	0.162816	0.982318	0.593044	0.801476	-0.077043	-0.799848	0.575437	-0.170633
55312	8.962786	0.570724	7.161542	0.252266	-0.661364	0.355723	-0.095627	0.169424	0.980893	0.591362	0.802335	-0.080931	-0.800716	0.572324	-0.176915
55313	8.895114	0.118321	7.761769	0.280808	-0.838819	0.350349	-0.100297	0.176987	0.979089	0.589455	0.803334	-0.084834	-0.801551	0.568621	-0.184898
55314	9.233684	-0.191195	7.181828	0.196775	-1.035615	0.303961	-0.106820	0.185257	0.976867	0.588196	0.803902	-0.088136	-0.801633	0.565174	-0.194840
55315	10.257671	-0.724150	5.986410	0.077618	-1.235690	0.248387	-0.115278	0.194185	0.974168	0.587848	0.803873	-0.090676	-0.800716	0.562210	-0.206820
55316	11.061601	-1.320083	3.491976	-0.140772	-1.423344	0.191935	-0.125535	0.203665	0.970959	0.589200	0.802710	-0.092196	-0.798176	0.560515	-0.220767
55317	12.257982	-1.523868	2.256089	-0.119646	-1.607003	0.137762	-0.137545	0.213724	0.967163	0.590332	0.801760	-0.093219	-0.795355	0.558125	-0.236446
55318	13.056065	-2.013253	1.520719	-0.249899	-1.754617	0.125720	-0.150726	0.224450	0.962758	0.592494	0.800099	-0.093771	-0.791349	0.556295	-0.253581
55319	13.274008	-2.340389	0.570043	-0.059136	-1.909643	0.119604	-0.165115	0.235959	0.957633	0.593146	0.799503	-0.094726	-0.787981	0.552376	-0.271968
55320	14.064759	-1.810146	0.244031	0.193265	-1.992992	0.149103	-0.179916	0.248037	0.951897	0.591879	0.800212	-0.096643	-0.785691	0.546020	-0.290779
55321	14.456316	-0.747687	1.200114	0.580617	-2.051562	0.191755	-0.194918	0.260641	0.945554	0.587673	0.802874	-0.100168	-0.785269	0.536152	-0.309667
55322	15.004773	0.597832	1.833641	0.594270	-2.073073	0.258286	-0.209678	0.273663	0.938692	0.583512	0.805359	-0.104451	-0.784569	0.525837	-0.328552
55323	14.855608	0.903866	1.161900	0.362111	-2.111082	0.336719	-0.224272	0.287351	0.931199	0.581401	0.806312	-0.108787	-0.782097	0.517002	-0.347899
55324	14.294215	0.822857	0.595096	0.132768	-2.159779	0.396282	-0.238821	0.301581	0.923046	0.581269	0.805842	-0.112895	-0.777876	0.509576	-0.367751
55325	13.438954	0.287918	-1.242469	-0.229203	-2.211457	0.406012	-0.253601	0.316028	0.914228	0.584037	0.803436	-0.115722	-0.771095	0.504596	-0.388325
55326	12.772230	0.970696	-2.464465	-0.212701	-2.260704	0.365427	-0.268821	0.330254	0.904803	0.586608	0.801205	-0.118157	-0.763954	0.499002	-0.409110
55327	12.836932	0.414638	-4.996597	-0.268481	-2.115220	0.283932	-0.283251	0.342995	0.895614	0.589425	0.798928	-0.119552	-0.756536	0.494034	-0.428467
55328	11.944421	0.496808	-6.483875	0.043549	-1.938553	0.180056	-0.296811	0.353889	0.886942	0.589601	0.798533	-0.121307	-0.751181	0.486936	-0.445667
55329	11.280774	1.312557	-7.018851	0.372488	-1.758240	0.061543	-0.309648	0.362828	0.878905	0.586986	0.800121	-0.123503	-0.748041	0.477663	-0.460731
55330	10.575142	1.969618	-6.992866	0.419844	-1.579079	-0.024269	-0.321591	0.370051	0.871574	0.583755	0.802217	-0.125211	-0.745526	0.468519	-0.474005
55331	9.199304	0.876949	-7.984379	0.304024	-1.427075	-0.095466	-0.332784	0.375882	0.864851	0.581171	0.803998	-0.125806	-0.742627	0.460760	-0.486009
55332	8.043232	-0.295601	-8.342593	0.345324	-1.247316	-0.144281	-0.342880	0.380367	0.858926	0.578102	0.806144	-0.126217	-0.740426	0.453270	-0.496302
55333	6.799818	-2.029422	-9.154442	0.378580	-1.083812	-0.190104	-0.352010	0.383672	0.853747	0.574631	0.808585	-0.126449	-0.738843	0.446078	-0.505100
55334	6.673178	-2.768891	-9.102755	0.603139	-0.833128	-0.249801	-0.359608	0.385278	0.849849	0.569263	0.812233	-0.127345	-0.739338	0.437994	-0.511410
55335	6.978581	-1.028363	-9.231823	0.849483	-0.261407	-0.178042	-0.362571	0.384929	0.848748	0.562312	0.816619	-0.130147	-0.743201	0.430074	-0.512532
55336	6.184739	2.269695	-6.789054	1.044086	0.196717	-0.090285	-0.361618	0.383299	0.849891	0.554171	0.821436	-0.134673	-0.749751	0.422285	-0.509460
55337	5.090497	5.000150	-3.310384	0.281423	0.800905	-0.059245	-0.355940	0.379393	0.854030	0.551831	0.822865	-0.135558	-0.754181	0.423030	-0.502251
55338	3.396938	7.414179	-2.367945	-1.104939	1.170245	-0.264655	-0.348609	0.372138	0.860224	0.559201	0.819131	-0.127742	-0.752174	0.436506	-0.493657
55339	4.360996	7.546378	-3.484334	-2.778544	1.463393	-0.537696	-0.340755	0.361134	0.868025	0.578089	0.808597	-0.109473	-0.741417	0.464492	-0.484301
55340	5.255643	5.409980	-4.959697	-3.915681	1.765034	-0.640095	-0.331622	0.347424	0.877111	0.604615	0.791959	-0.085099	-0.724201	0.502094	-0.472688
55341	5.574359	3.451589	-3.415890	-4.369879	1.935899	-0.593597	-0.321496	0.332634	0.886564	0.633866	0.771153	-0.059472	-0.703459	0.542842	-0.458768
55342	6.161458	0.549821	-5.112831	-4.762826	2.176325	-0.523336	-0.309866	0.316320	0.896619	0.665133	0.745981	-0.033310	-0.679398	0.586049	-0.441549
55343	6.631869	-1.736682	-6.511351	-4.389538	2.386877	-0.457856	-0.297048	0.298466	0.907018	0.693067	0.720801	-0.010210	-0.656826	0.625591	-0.420969
55344	6.742987	-3.108992	-6.080198	-3.628173	2.632928	-0.412230	-0.282913	0.278573	0.917800	0.715364	0.698701	0.008441	-0.638916	0.658949	-0.396953
55345	6.676477	-4.479993	-6.058930	-2.670081	2.892469	-0.357482	-0.267205	0.256633	0.928838	0.731282	0.681719	0.022017	-0.627557	0.685126	-0.369830
55346	6.665520	-4.616257	-6.064310	-1.418839	3.115441	-0.342695	-0.250232	0.232646	0.939819	0.739269	0.672728	0.030305	-0.625192	0.702362	-0.340326
55347	7.255024	-3.674246	-5.474457	-0.232922	3.271531	-0.352469	-0.232308	0.207123	0.950333	0.739875	0.671863	0.034431	-0.631362	0.711126	-0.309324
55348	7.944632	-2.755104	-5.120350	0.707736	3.397872	-0.356416	-0.213285	0.180473	0.960176	0.734554	0.677605	0.035806	-0.644158	0.712939	-0.277090
55349	8.073593	-1.742592	-4.578708	1.500552	3.463245	-0.356742	-0.193289	0.153388	0.969078	0.724021	0.688870	0.035374	-0.662142	0.708470	-0.244207
55350	8.350906	-0.533944	-3.868780	2.049783	3.505753	-0.366367	-0.172349	0.126114	0.976930	0.709550	0.703818	0.034321	-0.683253	0.699096	-0.210786
55351	8.163496	0.509103	-3.443280	2.270104	3.538650	-0.392733	-0.150562	0.098759	0.983655	0.693154	0.719996	0.033809	-0.704889	0.686915	-0.176859
55352	7.862034	1.550481	-2.784884	2.293183	3.542336	-0.426317	-0.128161	0.071514	0.989172	0.676148	0.735963	0.034397	-0.725534	0.673234	-0.142676
55353	7.608308	2.414045	-2.236794	2.071777	3.534307	-0.475676	-0.105398	0.044384	0.993439	0.660370	0.750050	0.036551	-0.743507	0.659890	-0.108364
55354	7.455884	3.142069	-2.058399	1.557897	3.535707	-0.535214	-0.082387	0.017148	0.996453	0.648171	0.760417	0.040505	-0.757025	0.649209	-0.073763
55355	7.305616	3.213786	-2.189208	1.020418	3.466569	-0.578813	-0.059734	-0.009681	0.998167	0.639988	0.767023	0.045738	-0.766060	0.641547	-0.039621
55356	7.738579	3.074026	-1.955398	0.448604	3.385118	-0.589533	-0.037503	-0.035908	0.998651	0.636249	0.769758	0.051571	-0.770572	0.637324	-0.006021
55357	7.905691	2.393112	-1.823322	-0.144970	3.301771	-0.550134	-0.015582	-0.061211	0.998003	0.637221	0.768563	0.057087	-0.770523	0.636839	0.027029
55358	7.974977	1.261996	-1.684274	-0.502672	3.134127	-0.527265	0.005133	-0.085288	0.996343	0.641056	0.764971	0.062180	-0.767477	0.638392	0.058600
55359	8.326987	-0.271353	-1.278423	-0.591032	2.892718	-0.538781	0.023787	-0.107924	0.993874	0.645661	0.760666	0.067147	-0.763254	0.640109	0.087777
55360	9.333610	-1.942001	-1.376460	-0.332032	2.658352	-0.519031	0.040661	-0.128922	0.990821	0.648355	0.757925	0.072011	-0.760251	0.639476	0.114405
55361	9.975843	-3.028610	-1.360707	0.406669	2.454195	-0.448923	0.056413	-0.147977	0.987381	0.645483	0.759883	0.077004	-0.761689	0.632993	0.138384
55362	9.971918	-1.683213	-0.664739	1.448674	2.261244	-0.351731	0.071455	-0.164860	0.983725	0.634616	0.768393	0.082676	-0.769517	0.618380	0.159528
55363	9.812687	0.913390	0.579911	1.974742	2.021616	-0.248842	0.085542	-0.179132	0.980099	0.619513	0.779983	0.088486	-0.780311	0.599615	0.177696
55364	8.631794	2.795512	0.882864	1.887305	1.669715	-0.164103	0.097633	-0.190329	0.976854	0.604842	0.790822	0.093631	-0.790338	0.581701	0.192329
55365	7.209357	3.528394	1.568264	1.292113	1.219035	-0.158286	0.106340	-0.198634	0.974288	0.594756	0.797939	0.097766	-0.796842	0.569067	0.202992
55366	5.863827	2.865219	0.795402	0.312814	0.745033	-0.226446	0.110918	-0.204713	0.972517	0.592509	0.799250	0.100664	-0.797891	0.565060	0.209946
55367	5.251703	0.842098	-0.049788	-0.411960	0.266082	-0.322303	0.111104	-0.208826	0.971621	0.596155	0.796240	0.102962	-0.795145	0.567798	0.212958
55368	6.122815	-1.148859	-0.243975	-0.794329	-0.118905	-0.375986	0.107889	-0.211176	0.971475	0.602866	0.790907	0.104973	-0.790514	0.574344	0.212641
55369	6.679305	-2.010194	-1.517326	-0.820216	-0.431483	-0.309839	0.102590	-0.211158	0.972053	0.609664	0.785501	0.106290	-0.785993	0.581722	0.209320
55370	9.001554	-1.348280	-1.149658	-0.297340	-0.720636	-0.171232	0.095865	-0.208340	0.973347	0.612171	0.783399	0.107390	-0.784893	0.585560	0.202640
55371	11.134069	-0.385429	3.158929	-0.163869	-0.664020	0.096513	0.091227	-0.203721	0.974769	0.613373	0.782626	0.106160	-0.784507	0.588212	0.196353
55372	11.018734	0.894393	3.215744	-0.679884	-0.358424	0.387928	0.090791	-0.198615	0.975863	0.618342	0.779380	0.101097	-0.780647	0.594238	0.193573
55373	11.791608	3.032116	7.361366	-1.110122	-0.083776	0.425448	0.092769	-0.194844	0.976437	0.626586	0.773561	0.094830	-0.773811	0.603025	0.193849
55374	12.162993	4.624599	7.367434	-2.373296	0.048520	0.269651	0.094835	-0.193117	0.976582	0.644520	0.759551	0.087611	-0.758683	0.621118	0.196500
55375	10.877413	4.812925	6.318822	-3.265073	-0.271480	0.147446	0.093751	-0.190325	0.977234	0.668816	0.739134	0.079790	-0.737493	0.646109	0.196587
55376	10.945742	0.249923	5.421365	-4.281209	-0.608559	0.071074	0.089816	-0.185824	0.978470	0.699714	0.710908	0.070783	-0.708755	0.678291	0.193874
55377	13.339890	-9.514877	4.708064	-4.513598	-0.793683	0.080667	0.084868	-0.179779	0.980039	0.730932	0.679684	0.061385	-0.677153	0.711132	0.189090
55378	15.937021	-15.149664	5.309718	-3.312059	-0.876768	0.150907	0.080134	-0.172475	0.981749	0.752843	0.655998	0.053796	-0.653304	0.734792	0.182414
55379	14.696096	-13.487905	4.054025	-1.519618	-1.039189	0.181179	0.074748	-0.163629	0.983686	0.762555	0.645038	0.049353	-0.642591	0.746426	0.172991
55380	11.859497	-7.236500	2.379747	-0.231334	-1.268447	0.122110	0.067518	-0.153390	0.985856	0.763956	0.643495	0.047801	-0.641726	0.749923	0.160630
55381	10.227555	-2.218155	0.701062	0.124314	-1.417613	0.099205	0.059139	-0.142140	0.988078	0.763099	0.644567	0.047051	-0.643570	0.751219	0.146586
55382	9.190656	1.706726	-0.057161	0.027549	-1.473577	0.147284	0.050757	-0.130143	0.990195	0.762843	0.644969	0.045667	-0.644588	0.753046	0.132015
55383	7.878183	4.559925	-1.190185	-0.330266	-1.433257	0.184687	0.042916	-0.118162	0.992066	0.764887	0.642697	0.043461	-0.642734	0.756953	0.117963
55384	7.832380	4.670156	-3.503514	-0.831624	-1.335464	0.106090	0.035169	-0.107366	0.993597	0.770168	0.636489	0.041517	-0.636871	0.763777	0.105075
55385	8.617318	2.683068	-4.745973	-0.969679	-1.188364	-0.054718	0.027194	-0.098621	0.994753	0.776329	0.628984	0.041135	-0.629740	0.771138	0.093667
55386	9.789604	0.690672	-4.478162	-0.694662	-1.024052	-0.216644	0.019065	-0.092089	0.995568	0.780737	0.623398	0.042713	-0.624568	0.776463	0.083782
55387	11.106256	-0.329914	-3.996668	-0.119049	-0.863682	-0.267794	0.011556	-0.087073	0.996135	0.781524	0.622226	0.045323	-0.623768	0.777980	0.075239
55388	11.879750	0.100292	-3.644420	0.437158	-0.771580	-0.210400	0.005066	-0.082424	0.996584	0.778809	0.625440	0.047769	-0.627241	0.775907	0.067361
55389	11.757514	1.067096	-2.823296	0.619548	-0.743744	-0.103632	-0.000448	-0.077345	0.997004	0.774912	0.630148	0.049234	-0.632069	0.772613	0.059653
55390	10.544038	1.553813	-1.889830	0.301448	-0.783747	-0.001539	-0.005446	-0.071337	0.997437	0.773005	0.632470	0.049455	-0.634377	0.771293	0.051699
55391	9.496843	0.740839	-1.377676	-0.240516	-0.840852	0.033852	-0.010536	-0.064658	0.997852	0.774533	0.630630	0.049041	-0.632446	0.773386	0.043435
55392	9.173132	-0.552029	-1.259287	-0.619910	-0.852287	0.001150	-0.015920	-0.058072	0.998185	0.778439	0.625818	0.048824	-0.627518	0.777804	0.035242
55393	9.444893	-1.071133	-1.573007	-0.681499	-0.798567	-0.051082	-0.021335	-0.052189	0.998409	0.782689	0.620468	0.049158	-0.622047	0.782493	0.027610
55394	9.995765	-0.737196	-2.109809	-0.538537	-0.719820	-0.083119	-0.026473	-0.047087	0.998540	0.786008	0.616199	0.049896	-0.617649	0.786182	0.020698
55395	10.296422	0.428332	-2.118681	-0.323866	-0.637343	-0.075626	-0.031022	-0.042563	0.998612	0.787984	0.613611	0.050632	-0.614914	0.788461	0.014503
55396	10.287800	1.301343	-2.247843	-0.236790	-0.570986	-0.051325	-0.034957	-0.038399	0.998651	0.789421	0.611717	0.051154	-0.612856	0.790144	0.008929
55397	9.969906	1.528028	-2.028750	-0.197077	-0.520093	-0.027303	-0.038383	-0.034481	0.998668	0.790618	0.610144	0.051453	-0.611105	0.791540	0.003843
55398	9.986733	1.263609	-2.012518	-0.151304	-0.458019	-0.033540	-0.041470	-0.031086	0.998656	0.791529	0.608930	0.051823	-0.609723	0.792614	-0.000647
55399	10.079141	0.368453	-1.813773	-0.110050	-0.424932	-0.050356	-0.044484	-0.028051	0.998616	0.792178	0.608039	0.052368	-0.608666	0.793412	-0.004827
55400	10.065328	-0.429230	-1.045476	0.006793	-0.408239	-0.052431	-0.047411	-0.025158	0.998559	0.792114	0.608075	0.052929	-0.608530	0.793481	-0.008901
55401	9.843030	-0.704471	-0.114836	0.083632	-0.399125	-0.042015	-0.050200	-0.022276	0.998491	0.791584	0.608724	0.053378	-0.608995	0.793069	-0.012925
55402	9.341278	-0.607999	0.631430	0.126606	-0.424636	-0.037405	-0.053110	-0.019165	0.998405	0.790794	0.609716	0.053770	-0.609774	0.792388	-0.017227
55403	9.211487	-0.194716	0.882103	0.107597	-0.457704	-0.046121	-0.056294	-0.015849	0.998288	0.790112	0.610557	0.054248	-0.610372	0.791814	-0.021848
55404	9.416118	0.252929	0.836403	0.120775	-0.497800	-0.057476	-0.059814	-0.012287	0.998134	0.789342	0.611501	0.054829	-0.611033	0.791148	-0.026877
55405	9.717881	0.914194	0.390533	0.135136	-0.515007	-0.054642	-0.063420	-0.008578	0.997950	0.788482	0.612560	0.055374	-0.611780	0.790377	-0.032086
55406	10.042201	1.308086	-0.375468	0.136202	-0.521989	-0.034299	-0.066911	-0.004692	0.997748	0.787626	0.613631	0.055706	-0.612510	0.789579	-0.037363
55407	9.905583	1.269704	-0.774215	0.158920	-0.504021	-0.017213	-0.070163	-0.000849	0.997535	0.786639	0.614881	0.055853	-0.613413	0.788619	-0.042474
55408	9.625399	1.089487	-0.532558	0.229644	-0.481572	-0.002188	-0.073164	0.002904	0.997316	0.785227	0.616688	0.055809	-0.614870	0.787202	-0.047399
55409	9.522100	1.168622	-0.265667	0.229549	-0.462689	-0.007524	-0.076097	0.006468	0.997079	0.783808	0.618491	0.055808	-0.616324	0.785765	-0.052135
55410	9.512767	1.066738	0.340551	0.212082	-0.475855	-0.007993	-0.079122	0.010126	0.996814	0.782492	0.620154	0.055810	-0.617613	0.784415	-0.056991
55411	9.366975	1.081918	1.066092	0.122344	-0.514560	0.006577	-0.082276	0.014173	0.996509	0.781741	0.621110	0.055710	-0.618152	0.783595	-0.062182
55412	9.351481	1.203577	1.418116	-0.017997	-0.572534	0.017281	-0.085704	0.018737	0.996144	0.781865	0.620964	0.055588	-0.617528	0.783615	-0.067869
55413	9.430716	0.693081	1.197950	-0.162077	-0.620980	0.025101	-0.089363	0.023733	0.995716	0.782886	0.619686	0.055492	-0.615714	0.784491	-0.073958
55414	9.279788	-0.091954	1.127095	-0.173774	-0.671258	0.016929	-0.093382	0.029077	0.995206	0.783968	0.618316	0.055496	-0.613738	0.785391	-0.080535
55415	9.063124	-0.701816	0.889645	-0.016070	-0.734718	-0.006458	-0.097966	0.034779	0.994582	0.784059	0.618190	0.055612	-0.612907	0.785259	-0.087830
55416	8.739987	-0.587395	0.994412	0.143672	-0.779747	-0.011055	-0.102857	0.040798	0.993859	0.783165	0.619321	0.055628	-0.613248	0.784077	-0.095653
55417	9.098034	-0.190643	0.942934	0.325886	-0.821698	-0.014209	-0.108041	0.047115	0.993029	0.781147	0.621877	0.055483	-0.614929	0.781696	-0.103991
55418	9.442950	0.946532	0.622272	0.434894	-0.861821	-0.002166	-0.113391	0.053793	0.992093	0.778462	0.625271	0.055071	-0.617365	0.778551	-0.112776
55419	9.858388	1.599949	0.300460	0.355885	-0.896306	0.038732	-0.118657	0.060973	0.991061	0.776305	0.628014	0.054308	-0.619089	0.775810	-0.121852
55420	9.671140	1.324410	-0.724028	0.298842	-0.909820	0.089354	-0.123626	0.068551	0.989958	0.774558	0.630272	0.053083	-0.620304	0.773342	-0.131014
55421	9.730984	1.542299	-1.692436	0.281625	-0.902073	0.106935	-0.128425	0.076162	0.988790	0.772942	0.632369	0.051682	-0.621344	0.770914	-0.140081
55422	10.085896	1.383242	-2.227228	0.223736	-0.865604	0.139838	-0.132749	0.083679	0.987611	0.771730	0.633981	0.050015	-0.621941	0.768808	-0.148738
55423	9.804047	1.122780	-3.029083	0.191192	-0.842489	0.168327	-0.136718	0.091187	0.986404	0.770764	0.635302	0.048100	-0.622279	0.766861	-0.157141
55424	9.930310	0.394696	-3.444361	0.150865	-0.819312	0.174287	-0.140497	0.098539	0.985165	0.770063	0.636295	0.046177	-0.622305	0.765127	-0.165279
55425	9.919424	-0.293425	-3.439374	0.356070	-0.796773	0.184485	-0.144069	0.105770	0.983899	0.768103	0.638826	0.043797	-0.623908	0.762046	-0.173277
55426	9.690188	0.012577	-2.883358	0.510285	-0.786269	0.193903	-0.147523	0.112956	0.982587	0.765191	0.642495	0.041024	-0.626673	0.757919	-0.181216
55427	9.583980	0.311268	-2.087544	0.588346	-0.780506	0.197265	-0.150947	0.120095	0.981220	0.761785	0.646712	0.038037	-0.629998	0.753220	-0.189106
55428	9.171298	0.629739	-1.041517	0.608606	-0.820254	0.192640	-0.154688	0.127472	0.979705	0.758231	0.651045	0.035010	-0.633370	0.748259	-0.197362
55429	8.990765	0.581075	-0.063604	0.502601	-0.876730	0.185346	-0.158875	0.135193	0.977999	0.755329	0.654554	0.032220	-0.635797	0.743829	-0.206107
55430	8.920342	-0.133411	0.828878	0.551007	-0.951452	0.172615	-0.163659	0.143348	0.976047	0.752092	0.658402	0.029411	-0.638415	0.738890	-0.215564
55431	9.217386	0.411621	1.282475	0.659112	-0.985673	0.165710	-0.168750	0.151667	0.973920	0.748144	0.663012	0.026380	-0.641719	0.733084	-0.225352
55432	9.637448	1.269122	1.059402	0.664685	-1.032896	0.179829	-0.174075	0.160371	0.971586	0.744171	0.667588	0.023137	-0.644909	0.727054	-0.235554
55433	9.960405	1.041527	-0.099849	0.474902	-1.095163	0.208087	-0.179626	0.169668	0.968993	0.741468	0.670690	0.020013	-0.646498	0.722072	-0.246277
55434	9.880837	0.526466	-1.332626	0.474802	-1.146620	0.218380	-0.185452	0.179350	0.966148	0.738787	0.673730	0.016742	-0.647920	0.716883	-0.257446
55435	9.648698	0.359695	-2.411875	0.473912	-1.164769	0.231813	-0.191321	0.189204	0.963119	0.736146	0.676693	0.013298	-0.649220	0.711540	-0.268747
55436	9.942921	0.143364	-3.183155	0.452124	-1.177661	0.234624	-0.197270	0.199107	0.959917	0.733657	0.679449	0.009840	-0.650255	0.706191	-0.280111
55437	10.304687	-0.064867	-3.471171	0.503913	-1.164391	0.235425	-0.203150	0.208869	0.956611	0.730843	0.682518	0.006182	-0.651613	0.700388	-0.291304
55438	10.219040	-0.191109	-3.392566	0.589686	-1.156144	0.250038	-0.208892	0.218604	0.953193	0.727502	0.686102	0.002083	-0.653532	0.693885	-0.302356
55439	10.306482	-0.540717	-2.295332	0.657516	-1.166938	0.272766	-0.214577	0.228506	0.949601	0.723769	0.690037	-0.002499	-0.655831	0.686756	-0.313452
55440	10.280096	-1.654617	-1.975091	0.770323	-1.211168	0.332542	-0.220159	0.239040	0.945722	0.719421	0.694527	-0.008071	-0.658759	0.678595	-0.324877
55441	10.003785	-0.426665	-0.916003	0.839891	-1.240619	0.353426	-0.225841	0.249836	0.941582	0.714656	0.699333	-0.014146	-0.662014	0.669713	-0.336485
55442	10.166965	-0.070434	-0.126942	0.681403	-1.323283	0.342291	-0.232193	0.261008	0.936996	0.710915	0.703003	-0.019658	-0.663842	0.661560	-0.348787
55443	10.440998	-0.621507	0.543275	0.650044	-1.432106	0.337429	-0.239340	0.272769	0.931834	0.707384	0.706384	-0.025084	-0.665075	0.653161	-0.362018
55444	10.523510	-0.530448	1.197424	0.643183	-1.542183	0.350389	-0.247148	0.285216	0.926051	0.703947	0.709590	-0.030676	-0.665866	0.644309	-0.376150
55445	10.548575	-0.588290	0.720733	0.629465	-1.663852	0.366621	-0.255677	0.298435	0.919547	0.700669	0.712556	-0.036437	-0.666102	0.634981	-0.391288
55446	10.826245	-0.427028	-0.031154	0.651659	-1.772429	0.382275	-0.264827	0.312289	0.912328	0.697312	0.715506	-0.042504	-0.666049	0.624921	-0.407249
55447	11.599451	-0.458869	-0.860656	0.626647	-1.876537	0.396721	-0.274583	0.326731	0.904351	0.694203	0.718132	-0.048676	-0.665347	0.614438	-0.424004
55448	12.625402	-0.455929	-1.044712	0.722536	-1.965096	0.419189	-0.284765	0.341665	0.895642	0.690557	0.721142	-0.055538	-0.664861	0.602676	-0.441295
55449	13.246168	-0.158354	-0.404003	0.777932	-2.025588	0.456849	-0.295104	0.357014	0.886258	0.686702	0.724197	-0.063074	-0.664344	0.589982	-0.458876
55450	13.572592	-0.674629	-0.160948	0.823277	-2.137840	0.476276	-0.306052	0.372893	0.875947	0.682654	0.727276	-0.071088	-0.663563	0.576212	-0.477141
55451	14.487787	-1.016044	1.105803	0.963104	-2.246606	0.492088	-0.317630	0.389220	0.864649	0.677790	0.730888	-0.080021	-0.663108	0.560633	-0.495962
55452	14.672229	-1.429170	2.020924	1.102912	-2.382447	0.496220	-0.330088	0.405959	0.852196	0.672068	0.735021	-0.089823	-0.662847	0.543085	-0.515454
55453	15.033637	-0.823024	3.691049	1.346569	-2.557052	0.494376	-0.343761	0.423200	0.838290	0.664794	0.740161	-0.101046	-0.663232	0.522555	-0.535779
55454	15.452835	-0.274576	5.510660	1.464486	-2.744096	0.482415	-0.358784	0.440762	0.822802	0.656756	0.745586	-0.113020	-0.663284	0.499830	-0.556977
55455	15.800918	-1.177814	6.989481	1.488725	-2.952714	0.467530	-0.375323	0.458628	0.805477	0.648593	0.750759	-0.125251	-0.662163	0.475417	-0.579240
55456	16.120520	-0.210417	6.221240	1.594738	-3.071555	0.441285	-0.392804	0.476097	0.786789	0.639716	0.756095	-0.138146	-0.660658	0.449057	-0.601564
55457	14.587781	2.026429	4.634719	1.709188	-3.158058	0.408478	-0.411068	0.492902	0.766858	0.630067	0.761567	-0.151759	-0.658816	0.420789	-0.623617
55458	13.704190	4.555507	2.649353	1.383711	-3.335565	0.377927	-0.430593	0.509310	0.745113	0.622550	0.765338	-0.163370	-0.653469	0.393524	-0.646620
55459	13.940597	7.989125	0.601766	1.200231	-3.517364	0.418430	-0.450866	0.525847	0.721252	0.616584	0.767750	-0.174312	-0.645403	0.366121	-0.670381
55460	15.089902	7.677721	-1.527493	0.161601	-3.550711	0.419110	-0.470932	0.541640	0.696312	0.617451	0.766124	-0.178348	-0.630061	0.345949	-0.695228
55461	14.295641	5.682914	-3.810315	-0.320100	-3.376867	0.387894	-0.489520	0.555986	0.671751	0.621286	0.762933	-0.178709	-0.611861	0.329868	-0.718897
55462	13.149504	4.032428	-6.662202	-0.517462	-3.099116	0.384641	-0.505806	0.568858	0.648507	0.626281	0.759138	-0.177431	-0.593239	0.316402	-0.740241
55463	11.679602	3.472703	-7.384566	-0.527080	-2.703865	0.430182	-0.518930	0.580484	0.627495	0.631549	0.755049	-0.176199	-0.576070	0.304859	-0.758422
55464	9.862283	3.126684	-8.985331	-0.832886	-2.347847	0.452549	-0.529389	0.590888	0.608768	0.638607	0.749934	-0.172570	-0.558505	0.297407	-0.774352
55465	8.567117	1.925258	-9.494754	-0.984669	-2.089682	0.433281	-0.538116	0.600257	0.591712	0.646315	0.744471	-0.167450	-0.541026	0.292325	-0.788567
55466	7.597860	1.076222	-11.536134	-1.440247	-1.763572	0.405876	-0.544865	0.608349	0.577091	0.656128	0.737853	-0.158330	-0.522128	0.292377	-0.801185
55467	6.436184	1.872875	-13.096950	-1.553257	-1.370516	0.323665	-0.549782	0.614724	0.565556	0.665853	0.731331	-0.147630	-0.504361	0.295413	-0.811389
55468	6.641395	1.772374	-13.119712	-1.570183	-0.979576	0.253253	-0.552967	0.619417	0.557270	0.675004	0.725133	-0.136208	-0.488464	0.300840	-0.819084
55469	7.299246	1.567900	-9.826384	-1.333063	-0.465918	0.342468	-0.552914	0.623278	0.553002	0.683312	0.718972	-0.127137	-0.476835	0.307577	-0.823423
55470	7.464873	1.148495	-7.691800	-1.563411	0.085157	0.390993	-0.549844	0.625736	0.553287	0.692803	0.711675	-0.116371	-0.466578	0.319332	-0.824822
55471	7.479762	0.731821	-6.168801	-1.917937	0.598004	0.326218	-0.544831	0.626053	0.557868	0.703421	0.703366	-0.102351	-0.456462	0.336652	-0.823594
55472	6.448302	0.081440	-7.760764	-2.391586	1.101449	0.161407	-0.538743	0.623269	0.566826	0.715043	0.694068	-0.083565	-0.445499	0.360285	-0.819588
55473	5.065342	-1.130088	-9.475889	-2.433372	1.478343	-0.095673	-0.532942	0.617061	0.578972	0.725236	0.685601	-0.063128	-0.435897	0.386248	-0.812900
55474	4.293835	-2.425329	-9.588598	-2.185509	1.793571	-0.340821	-0.527689	0.607501	0.593706	0.732849	0.679005	-0.043422	-0.429508	0.412184	-0.803509
55475	4.323018	-3.481719	-9.675244	-1.873505	2.175595	-0.499800	-0.522072	0.594842	0.611231	0.738232	0.674067	-0.025446	-0.427147	0.437946	-0.791043
55476	4.017989	-4.179483	-9.822497	-1.417207	2.601539	-0.617224	-0.515507	0.578898	0.631767	0.741070	0.671346	-0.010469	-0.430195	0.462787	-0.775087
55477	3.532247	-4.147600	-9.985466	-0.867403	2.974330	-0.753863	-0.508192	0.559702	0.654579	0.740963	0.671545	0.001049	-0.438993	0.485552	-0.755993
55478	3.445653	-3.491493	-10.249352	-0.350788	3.334716	-0.866007	-0.499738	0.537260	0.679421	0.738131	0.674591	0.009480	-0.453238	0.506240	-0.733687
55479	3.049693	-2.463122	-10.245396	0.091092	3.657202	-0.891066	-0.489399	0.512340	0.705689	0.733285	0.679756	0.015025	-0.471998	0.524824	-0.708363
55480	2.922768	-1.396480	-10.258361	0.346920	3.935293	-0.852154	-0.476637	0.485450	0.732909	0.727463	0.685890	0.018789	-0.493574	0.542119	-0.680067
55481	2.802986	-0.723512	-9.261848	0.490663	4.182318	-0.730102	-0.460822	0.457371	0.760562	0.721545	0.692049	0.021012	-0.516736	0.558462	-0.648925
55482	4.079978	-1.031384	-8.277556	0.423850	4.343296	-0.710829	-0.443004	0.427743	0.787898	0.716065	0.697625	0.023881	-0.539442	0.574766	-0.615343
55483	4.822728	-0.925007	-8.914833	0.578068	4.475013	-0.660923	-0.423072	0.397033	0.814479	0.710001	0.703730	0.025756	-0.562947	0.589177	-0.579622
55484	5.210505	0.026329	-7.548044	0.753147	4.604436	-0.551164	-0.400492	0.365645	0.840184	0.703373	0.710340	0.026140	-0.587259	0.601432	-0.541670
55485	5.043992	0.458702	-8.226808	0.595944	4.682067	-0.523901	-0.376161	0.333429	0.864481	0.697758	0.715804	0.027531	-0.609620	0.613555	-0.501911
55486	4.645087	0.164558	-8.272050	0.638556	4.764625	-0.544852	-0.350385	0.299948	0.887278	0.691792	0.721503	0.029280	-0.631391	0.624071	-0.460305
55487	4.063329	0.434101	-8.028442	0.531025	4.861364	-0.509966	-0.322736	0.265639	0.908448	0.686658	0.726295	0.031567	-0.651416	0.633981	-0.416804
55488	4.125364	0.391861	-8.365772	0.248716	4.938575	-0.446563	-0.293207	0.230741	0.927787	0.683620	0.729011	0.034738	-0.668351	0.644439	-0.371490
55489	4.689438	-0.121434	-9.244676	0.018337	4.960307	-0.462981	-0.262887	0.195098	0.944895	0.682200	0.730122	0.039048	-0.682271	0.654873	-0.325036
55490	5.311473	-1.241015	-8.700006	-0.020313	5.012210	-0.456223	-0.231493	0.158637	0.959815	0.681195	0.730808	0.043507	-0.694539	0.663893	-0.277239
55491	5.242275	-2.113708	-7.946318	0.036170	5.083176	-0.430799	-0.198851	0.121525	0.972466	0.680008	0.731657	0.047617	-0.705724	0.670754	-0.228129
55492	4.447657	-1.623451	-7.859114	0.197394	5.090305	-0.418627	-0.165498	0.084143	0.982614	0.677828	0.733424	0.051360	-0.716351	0.674543	-0.178415
55493	4.143134	-0.952659	-7.096446	0.240167	5.085229	-0.427652	-0.131745	0.046620	0.990187	0.675457	0.735326	0.055250	-0.725535	0.676108	-0.128365
55494	4.238615	-0.487299	-8.410841	0.077840	5.049160	-0.422159	-0.097801	0.009283	0.995163	0.674395	0.735976	0.059412	-0.731865	0.676944	-0.078240
55495	5.346182	0.627404	-8.192997	0.173610	4.985926	-0.433059	-0.064112	-0.027656	0.997559	0.672769	0.737108	0.063673	-0.737070	0.675209	-0.028652
55496	6.920002	0.347660	-7.077876	-0.060632	4.946861	-0.452490	-0.030650	-0.064413	0.997453	0.672996	0.736492	0.068241	-0.739011	0.673373	0.020776
55497	8.360667	-0.526614	-6.482673	-0.154143	4.737438	-0.478938	0.001111	-0.099812	0.995006	0.674066	0.735057	0.072983	-0.738670	0.670618	0.068096
55498	9.960933	-1.068370	-5.874757	-0.039739	4.444041	-0.502126	0.030523	-0.133256	0.990612	0.674436	0.734204	0.077983	-0.737702	0.665723	0.112283
55499	11.374343	-0.664244	-5.224170	0.517091	4.180735	-0.378107	0.058838	-0.163697	0.984754	0.670790	0.737051	0.082443	-0.739310	0.655712	0.153173
55500	10.541399	0.235896	-3.182017	0.954004	3.927950	-0.122824	0.087116	-0.190142	0.977884	0.663808	0.743018	0.085338	-0.742812	0.641693	0.190947
55501	8.749677	2.074866	-0.628367	0.814304	3.416924	0.059676	0.112907	-0.211438	0.970848	0.657698	0.748301	0.086481	-0.744772	0.628760	0.223551
55502	8.320508	3.312981	3.069525	0.302894	2.625173	0.035529	0.132662	-0.227623	0.964670	0.655402	0.750264	0.086901	-0.743538	0.620719	0.248716
55503	7.992951	3.073951	5.248330	-1.106601	1.757492	0.029712	0.145819	-0.238380	0.960162	0.663543	0.743430	0.083800	-0.733790	0.624890	0.266582
55504	4.705153	0.730214	3.922570	-1.887116	0.625452	0.012143	0.150432	-0.242289	0.958471	0.677247	0.731542	0.078630	-0.720213	0.637293	0.274137
55505	3.157690	-0.899448	3.431668	-2.628987	-0.460823	-0.108701	0.146384	-0.240123	0.959642	0.696124	0.714248	0.072533	-0.702839	0.657412	0.271710
55506	3.838750	-3.546752	0.480694	-2.806377	-1.443966	-0.199120	0.134941	-0.231917	0.963330	0.715883	0.694995	0.067037	-0.685057	0.680585	0.259809
55507	7.664388	-5.351066	-2.242873	-2.508773	-2.021661	-0.237087	0.119507	-0.219594	0.968244	0.733184	0.677099	0.063069	-0.669447	0.702364	0.241921
55508	14.059727	-5.924914	-0.808042	-1.816769	-1.727459	-0.146156	0.106944	-0.208351	0.972190	0.745410	0.663875	0.060278	-0.657971	0.718234	0.226304
55509	16.553042	-5.116074	3.499614	-1.357111	-0.955785	-0.016844	0.100547	-0.201575	0.974299	0.754301	0.654008	0.057466	-0.648783	0.729137	0.217807
55510	14.205441	-2.923956	5.036330	-1.264912	-0.683169	0.123311	0.097065	-0.195803	0.975828	0.762333	0.644963	0.053586	-0.639865	0.738704	0.211871
55511	9.748582	-3.035814	1.028595	-1.566413	-1.025226	0.184817	0.091953	-0.187016	0.978044	0.772101	0.633641	0.048570	-0.628812	0.750682	0.202661
55512	9.626549	-5.832764	0.923039	-1.527768	-1.150733	-0.014516	0.084652	-0.178443	0.980302	0.781641	0.622050	0.045734	-0.617957	0.762373	0.192136
55513	13.960076	-7.885117	2.738779	-1.113854	-1.104672	-0.210491	0.076190	-0.171301	0.982268	0.788655	0.613131	0.045754	-0.610097	0.771185	0.181812
55514	16.624256	-6.487884	1.396797	-0.239558	-1.320447	-0.245321	0.066191	-0.162634	0.984464	0.790294	0.610862	0.047778	-0.609142	0.774853	0.168962
55515	14.756777	-0.611544	1.333760	0.522745	-1.610303	-0.058286	0.055855	-0.150547	0.987024	0.787136	0.614811	0.049232	-0.614245	0.774172	0.152841
55516	11.250572	4.229803	0.437963	0.834233	-1.747113	0.115685	0.045956	-0.136365	0.989592	0.781926	0.621417	0.049319	-0.621675	0.771521	0.135185
55517	8.506778	7.597519	-0.676922	0.576632	-1.810223	0.108594	0.035475	-0.121762	0.991925	0.778286	0.625995	0.049008	-0.626908	0.770262	0.116973
55518	7.829351	6.941022	-2.878625	-0.283269	-1.837530	0.005962	0.024004	-0.107573	0.993907	0.780060	0.623809	0.048677	-0.625245	0.774139	0.098887
55519	8.666144	3.795080	-4.753453	-0.942677	-1.798787	-0.122330	0.011836	-0.094366	0.995467	0.785945	0.616345	0.049082	-0.618183	0.781802	0.081461
55520	10.132527	1.228636	-7.023439	-1.088973	-1.673788	-0.249951	-0.000431	-0.082778	0.996568	0.792646	0.607561	0.050809	-0.609681	0.789948	0.065352
55521	11.500388	-0.619568	-8.247885	-0.726491	-1.536186	-0.319971	-0.012323	-0.072563	0.997288	0.797036	0.601547	0.053617	-0.603806	0.795535	0.050423
