// General information: 
//  MT Manager version: 2022.2.0 
//  XDA version: 2022.2.0 build 7381 rev 124627 built on 2023-07-19
// Device information: 
//  DeviceId: 00B4CBA7
//  ProductCode: MTW2-3A7G6
//  Firmware Version: 4.6.0
//  Hardware Version: 2.0.0
// Device settings: 
//  Filter Profile: human(46.1)
//  Option Flags: Orientation Smoother Disabled, Position/Velocity Smoother Disabled, Continuous Zero Rotation Update Disabled, AHS Disabled, ICC Disabled
// Coordinate system: ENU
PacketCounter	Acc_X	Acc_Y	Acc_Z	Gyr_X	Gyr_Y	Gyr_Z	Mat[1][1]	Mat[2][1]	Mat[3][1]	Mat[1][2]	Mat[2][2]	Mat[3][2]	Mat[1][3]	Mat[2][3]	Mat[3][3]
27004	8.671989	-0.046921	1.623304	0.406705	-0.015258	-0.155850	-0.022357	0.039355	0.998975	-0.935117	-0.354270	-0.006971	0.353633	-0.934315	0.044722
27005	8.638049	0.247035	1.552560	0.489312	-0.164773	-0.206089	-0.019764	0.038473	0.999064	-0.933421	-0.358753	-0.004650	0.358238	-0.932640	0.043002
27006	9.357604	-0.053552	1.885918	0.528427	-0.244927	-0.221506	-0.016782	0.037010	0.999174	-0.931557	-0.363588	-0.002179	0.363207	-0.930824	0.040578
27007	9.691634	-0.633897	1.914511	0.790565	-0.265632	-0.214389	-0.013735	0.035257	0.999284	-0.928691	-0.370854	0.000320	0.370600	-0.928022	0.037837
27008	9.977636	-0.590297	1.802359	1.096399	-0.293253	-0.168502	-0.011039	0.033194	0.999388	-0.924595	-0.380945	0.002440	0.380793	-0.924002	0.034896
27009	9.959024	0.346137	1.893832	1.177222	-0.342439	-0.112914	-0.008602	0.030409	0.999501	-0.920060	-0.391757	0.004000	0.391683	-0.919566	0.031348
27010	9.958433	1.335029	1.879717	0.970415	-0.372478	-0.083690	-0.006326	0.027342	0.999606	-0.916224	-0.400634	0.005160	0.400617	-0.915830	0.027586
27011	10.038218	2.093995	1.559614	0.577499	-0.371358	-0.078249	-0.004040	0.024205	0.999699	-0.913900	-0.405893	0.006134	0.405919	-0.913600	0.023761
27012	9.690372	2.455244	0.861406	0.050813	-0.376150	-0.069834	-0.001842	0.021073	0.999776	-0.913697	-0.406338	0.006881	0.406392	-0.913480	0.020002
27013	9.305997	2.282516	0.005659	-0.486099	-0.417612	-0.046110	0.000347	0.017393	0.999849	-0.915663	-0.401881	0.007308	0.401947	-0.915527	0.015787
27014	9.123477	1.785560	-0.839806	-0.874528	-0.468917	-0.014071	0.002374	0.013167	0.999910	-0.919144	-0.393853	0.007369	0.393915	-0.919079	0.011167
27015	8.898636	1.479582	-1.394762	-1.132027	-0.545408	-0.012044	0.004693	0.008143	0.999956	-0.923544	-0.383420	0.007457	0.383463	-0.923538	0.005721
27016	8.998026	1.189477	-1.698618	-1.231019	-0.599984	-0.028493	0.007256	0.002715	0.999970	-0.928194	-0.372017	0.007745	0.372027	-0.928222	-0.000179
27017	9.219336	1.038696	-1.776608	-1.261199	-0.626401	-0.057849	0.010183	-0.002952	0.999944	-0.932806	-0.360279	0.008436	0.360234	-0.932840	-0.006423
27018	9.392548	0.703071	-1.945123	-1.180093	-0.621273	-0.088873	0.013251	-0.008427	0.999877	-0.936982	-0.349248	0.009474	0.349125	-0.936992	-0.012524
27019	9.274118	0.573323	-2.114669	-1.045859	-0.616256	-0.105232	0.016461	-0.013906	0.999768	-0.940566	-0.339441	0.010764	0.339212	-0.940525	-0.018667
27020	9.124617	0.663066	-2.115461	-0.961305	-0.639857	-0.102207	0.019598	-0.019574	0.999616	-0.943765	-0.330399	0.012034	0.330037	-0.943638	-0.024949
27021	9.209391	0.566056	-1.968411	-0.903351	-0.656900	-0.086206	0.022658	-0.025564	0.999416	-0.946688	-0.321881	0.013229	0.321355	-0.946435	-0.031495
27022	9.427319	0.398285	-1.826008	-0.860748	-0.652120	-0.084417	0.025561	-0.031459	0.999178	-0.949398	-0.313745	0.014409	0.313034	-0.948986	-0.037887
27023	9.656836	0.195868	-1.859021	-0.824564	-0.615411	-0.096780	0.028492	-0.037076	0.998906	-0.951918	-0.305944	0.015796	0.305024	-0.951327	-0.044010
27024	9.567441	0.033105	-1.974958	-0.776698	-0.571876	-0.126336	0.031453	-0.042124	0.998617	-0.954220	-0.298595	0.017459	0.297447	-0.953450	-0.049587
27025	9.472373	0.047140	-2.144371	-0.736913	-0.493635	-0.164075	0.034581	-0.046426	0.998323	-0.956329	-0.291635	0.019564	0.290238	-0.955402	-0.054484
27026	9.467002	0.295309	-2.243931	-0.710457	-0.373267	-0.217664	0.037770	-0.049352	0.998067	-0.958288	-0.284944	0.022174	0.283299	-0.957273	-0.058056
27027	8.850551	0.733392	-2.222907	-0.644738	-0.264913	-0.258606	0.041104	-0.051243	0.997840	-0.959989	-0.278898	0.025222	0.277003	-0.958953	-0.060656
27028	8.181879	0.863885	-1.883709	-0.561591	-0.224135	-0.280323	0.044446	-0.052604	0.997626	-0.961409	-0.273653	0.028403	0.271509	-0.960389	-0.062736
27029	8.363137	0.618577	-2.102577	-0.507765	-0.189518	-0.287677	0.047839	-0.053731	0.997409	-0.962639	-0.268929	0.031684	0.266530	-0.961660	-0.064588
27030	8.416680	0.357174	-2.500688	-0.592878	-0.192634	-0.252748	0.050816	-0.054897	0.997198	-0.964076	-0.263359	0.034630	0.260720	-0.963135	-0.066307
27031	10.151423	-0.744815	-0.423439	-0.818092	-0.128511	-0.124961	0.052469	-0.055904	0.997057	-0.966108	-0.255544	0.036513	0.252751	-0.965180	-0.067417
27032	11.693142	-3.651386	1.455169	-1.122423	0.057115	-0.184815	0.054151	-0.054875	0.997024	-0.968784	-0.244796	0.039144	0.241920	-0.968020	-0.066418
27033	11.771962	-6.470115	1.339766	-0.310537	0.243762	-0.155502	0.055177	-0.052225	0.997110	-0.969442	-0.241875	0.040977	0.239036	-0.968901	-0.063975
27034	11.749448	-9.018009	1.477385	0.487166	0.474421	-0.110842	0.055140	-0.047346	0.997355	-0.968203	-0.246647	0.041819	0.244015	-0.967948	-0.059440
27035	10.018105	-9.012678	-0.551717	2.143758	0.525613	0.039739	0.053486	-0.042461	0.997665	-0.962766	-0.267327	0.040237	0.264994	-0.962670	-0.055179
27036	9.353659	-4.920088	-2.203435	3.206428	0.335595	0.165491	0.050993	-0.039698	0.997910	-0.953858	-0.297984	0.036888	0.295897	-0.953745	-0.053061
27037	9.173198	0.663025	-2.212587	3.023233	0.118260	0.213957	0.048632	-0.039340	0.998042	-0.944583	-0.326595	0.033154	0.324651	-0.944345	-0.053043
27038	10.844188	6.034752	-1.578124	1.855591	0.030567	0.186264	0.046810	-0.039659	0.998116	-0.938484	-0.343986	0.030346	0.342135	-0.938137	-0.053321
27039	11.273073	7.473267	-0.963442	0.108340	0.251674	0.102537	0.045036	-0.037747	0.998272	-0.938159	-0.344964	0.029280	0.343263	-0.937857	-0.050948
27040	9.987329	5.182925	-0.258649	-1.198223	0.468751	0.080751	0.042727	-0.033597	0.998522	-0.942241	-0.333670	0.029092	0.332200	-0.942091	-0.045913
27041	9.356122	3.131324	0.696257	-1.563300	0.547928	0.082230	0.040244	-0.028775	0.998775	-0.947353	-0.318877	0.028986	0.317652	-0.947359	-0.040093
27042	9.122582	2.781458	1.126403	-1.224735	0.476106	0.050496	0.038314	-0.024396	0.998968	-0.951193	-0.307234	0.028979	0.306210	-0.951321	-0.034977
27043	9.472872	1.270195	0.834590	-0.667569	0.383736	0.048123	0.036776	-0.020965	0.999104	-0.953232	-0.300866	0.028775	0.299993	-0.953436	-0.031049
27044	9.579045	-0.715076	0.236286	0.088812	0.263501	0.095252	0.035111	-0.018723	0.999208	-0.952999	-0.301691	0.027834	0.300931	-0.953222	-0.028436
27045	9.678590	-1.130717	0.297376	0.802972	0.147733	0.161751	0.033203	-0.017884	0.999289	-0.950606	-0.309306	0.026050	0.308620	-0.950794	-0.027271
27046	9.985438	-1.233104	0.964636	1.162044	0.091493	0.240505	0.030668	-0.017756	0.999372	-0.947032	-0.320289	0.023371	0.319673	-0.947154	-0.026638
27047	10.256559	-0.812567	1.385165	1.324443	0.037673	0.279201	0.027981	-0.018381	0.999439	-0.942796	-0.332754	0.020276	0.332195	-0.942835	-0.026640
27048	10.736723	1.171753	1.623568	1.152680	-0.004373	0.273300	0.025458	-0.019328	0.999489	-0.938977	-0.343546	0.017273	0.343036	-0.938937	-0.026895
27049	10.679312	2.870146	1.617446	0.607665	-0.001711	0.243812	0.023248	-0.020250	0.999525	-0.936934	-0.349196	0.014718	0.348732	-0.936831	-0.027091
27050	10.097603	2.875966	1.197581	0.023169	0.009962	0.235821	0.021038	-0.020962	0.999559	-0.936906	-0.349362	0.012392	0.348948	-0.936753	-0.026989
27051	9.346126	1.839530	0.711281	-0.293429	-0.005817	0.248647	0.018805	-0.021931	0.999583	-0.937975	-0.346557	0.010043	0.346192	-0.937773	-0.027087
27052	8.803826	0.485217	0.518668	-0.315804	-0.043161	0.270467	0.016449	-0.023251	0.999594	-0.939112	-0.343530	0.007463	0.343218	-0.938854	-0.027486
27053	8.755656	-0.854845	0.271218	-0.038783	-0.101480	0.296138	0.014097	-0.025264	0.999581	-0.939290	-0.343093	0.004576	0.342834	-0.938962	-0.028567
27054	8.782556	-1.389613	0.287020	0.393916	-0.158140	0.319314	0.011679	-0.027831	0.999544	-0.937974	-0.346702	0.001306	0.346508	-0.937562	-0.030154
27055	8.854110	-0.859279	0.528681	0.643428	-0.227246	0.333078	0.009428	-0.031166	0.999470	-0.935761	-0.352627	-0.002169	0.352508	-0.935245	-0.032488
27056	9.117596	-0.369420	0.858066	0.643008	-0.271016	0.330029	0.007340	-0.034852	0.999366	-0.933504	-0.358523	-0.005647	0.358492	-0.932870	-0.035166
27057	9.419349	-0.342351	1.006955	0.493072	-0.292562	0.319946	0.005482	-0.038771	0.999233	-0.931747	-0.362998	-0.008972	0.363067	-0.930983	-0.038115
27058	9.729145	-0.429808	0.996332	0.296789	-0.315606	0.297054	0.003900	-0.042771	0.999077	-0.930680	-0.365637	-0.012020	0.365813	-0.929774	-0.041232
27059	10.088100	-0.603911	0.811209	0.092739	-0.329700	0.266855	0.002691	-0.046845	0.998899	-0.930351	-0.366377	-0.014675	0.366661	-0.929286	-0.044568
27060	10.365901	-0.745708	0.279362	-0.060362	-0.324666	0.232331	0.001752	-0.050694	0.998713	-0.930578	-0.365702	-0.016930	0.366089	-0.929350	-0.047815
27061	10.308125	-0.718672	-0.633015	-0.109738	-0.312348	0.196860	0.001124	-0.054345	0.998522	-0.930984	-0.364577	-0.018794	0.365059	-0.929586	-0.051004
27062	10.292052	-0.411682	-1.413260	-0.188114	-0.297826	0.163218	0.000722	-0.057689	0.998334	-0.931671	-0.362735	-0.020287	0.363301	-0.930105	-0.054009
27063	10.334768	-0.575250	-2.171865	-0.334262	-0.262010	0.111862	0.000689	-0.060562	0.998164	-0.932883	-0.359557	-0.021171	0.360179	-0.931156	-0.056745
27064	10.339971	-1.011959	-2.894109	-0.297720	-0.198234	0.079914	0.000688	-0.062677	0.998034	-0.933953	-0.356733	-0.021759	0.357395	-0.932101	-0.058782
27065	10.164141	-1.112354	-3.474706	-0.236683	-0.137858	0.051618	0.000759	-0.064185	0.997938	-0.934798	-0.354491	-0.022089	0.355178	-0.932854	-0.060269
27066	10.060114	-0.951148	-3.552637	-0.238333	-0.074634	0.025522	0.000818	-0.064953	0.997888	-0.935644	-0.352250	-0.022161	0.352945	-0.933649	-0.061061
27067	9.998548	-0.789572	-3.224565	-0.196961	-0.008255	0.003757	0.000875	-0.065094	0.997879	-0.936339	-0.350405	-0.022036	0.351097	-0.934333	-0.061257
27068	9.960319	-0.509310	-2.730500	-0.165399	0.052784	-0.005776	0.000778	-0.064563	0.997913	-0.936919	-0.348863	-0.021840	0.349545	-0.934947	-0.060761
27069	9.973830	-0.241028	-2.184393	-0.123883	0.097070	-0.006509	0.000565	-0.063692	0.997969	-0.937353	-0.347706	-0.021660	0.348380	-0.935438	-0.059899
27070	10.174667	-0.068676	-1.887463	-0.077756	0.134467	-0.008094	0.000207	-0.062388	0.998052	-0.937625	-0.346983	-0.021496	0.347648	-0.935794	-0.058568
27071	10.332617	-0.174826	-1.755137	-0.055879	0.165204	-0.005883	-0.000245	-0.060887	0.998145	-0.937821	-0.346461	-0.021364	0.347119	-0.936086	-0.057016
27072	10.336348	-0.407987	-1.711228	-0.042262	0.181610	-0.018184	-0.000671	-0.059105	0.998252	-0.937969	-0.346076	-0.021121	0.346719	-0.936343	-0.055207
27073	10.206390	-0.511274	-1.800954	-0.023333	0.208673	-0.028457	-0.001059	-0.057121	0.998367	-0.938052	-0.345871	-0.020784	0.346493	-0.936542	-0.053216
27074	10.129776	-0.231384	-1.914640	-0.036820	0.238091	-0.035812	-0.001514	-0.054749	0.998499	-0.938181	-0.345545	-0.020370	0.346141	-0.936804	-0.050841
27075	10.133741	0.127724	-2.042188	-0.146383	0.295672	-0.051190	-0.001986	-0.051875	0.998652	-0.938689	-0.344198	-0.019746	0.344758	-0.937463	-0.048011
27076	10.104784	0.091015	-2.005790	-0.341364	0.369350	-0.073876	-0.002526	-0.048139	0.998837	-0.939864	-0.341032	-0.018813	0.341541	-0.938818	-0.044382
27077	9.863086	-0.464431	-1.694781	-0.526026	0.436815	-0.107976	-0.002919	-0.043746	0.999038	-0.941652	-0.336134	-0.017470	0.336575	-0.940798	-0.040212
27078	9.639641	-1.561114	-1.271447	-0.560963	0.490636	-0.137245	-0.003230	-0.038649	0.999248	-0.943531	-0.330906	-0.015849	0.331270	-0.942872	-0.035398
27079	9.481394	-2.472747	-0.856951	-0.397892	0.532358	-0.173489	-0.003276	-0.033137	0.999445	-0.944849	-0.327210	-0.013946	0.327491	-0.944370	-0.030238
27080	9.263915	-2.673277	-0.323313	-0.246055	0.553177	-0.199668	-0.003159	-0.027242	0.999624	-0.945659	-0.324944	-0.011844	0.325144	-0.945341	-0.024735
27081	9.198406	-2.309370	0.276866	-0.076129	0.534071	-0.229253	-0.002665	-0.021534	0.999765	-0.945915	-0.324276	-0.009506	0.324405	-0.945717	-0.019505
27082	9.237905	-1.533522	0.728344	0.120594	0.487952	-0.250062	-0.001852	-0.016090	0.999869	-0.945530	-0.325461	-0.006989	0.325531	-0.945418	-0.014611
27083	9.326575	-0.598175	1.127400	0.193650	0.434057	-0.270938	-0.000656	-0.011188	0.999937	-0.944902	-0.327325	-0.004282	0.327352	-0.944846	-0.010357
27084	9.371142	0.219372	1.530485	0.121836	0.370072	-0.280859	0.000818	-0.006754	0.999977	-0.944503	-0.328498	-0.001446	0.328501	-0.944480	-0.006648
27085	9.339091	0.719388	1.784136	0.053538	0.325034	-0.275747	0.002403	-0.002856	0.999993	-0.944324	-0.329015	0.001330	0.329008	-0.944321	-0.003487
27086	9.364531	1.027360	1.934196	-0.026556	0.264802	-0.262914	0.004049	0.000527	0.999992	-0.944404	-0.328764	0.003997	0.328763	-0.944412	-0.000833
27087	9.443140	1.124189	1.910787	-0.128012	0.198846	-0.265066	0.005951	0.003207	0.999977	-0.944811	-0.327547	0.006673	0.327561	-0.944830	0.001081
27088	9.490399	1.071297	1.933974	-0.236142	0.115170	-0.255637	0.008025	0.005147	0.999955	-0.945565	-0.325301	0.009263	0.325334	-0.945597	0.002257
27089	9.465853	0.947292	1.764699	-0.343767	0.039583	-0.254247	0.010354	0.006286	0.999927	-0.946655	-0.322031	0.011827	0.322082	-0.946708	0.002616
27090	9.508819	0.692792	1.498072	-0.432077	-0.029674	-0.245970	0.012813	0.006809	0.999895	-0.948010	-0.317918	0.014313	0.317982	-0.948094	0.002381
27091	9.535716	0.548222	1.239551	-0.523319	-0.082239	-0.242061	0.015421	0.006741	0.999858	-0.949627	-0.312933	0.016756	0.313002	-0.949751	0.001575
27092	9.550091	0.305757	0.968252	-0.588762	-0.123952	-0.241171	0.018132	0.006327	0.999816	-0.951413	-0.307317	0.019199	0.307382	-0.951586	0.000447
27093	9.801951	0.171475	0.624924	-0.620166	-0.142060	-0.241297	0.020914	0.005662	0.999765	-0.953254	-0.301393	0.021648	0.301445	-0.953483	-0.000906
27094	10.018194	0.007181	0.257012	-0.644874	-0.137422	-0.246787	0.023714	0.005103	0.999706	-0.955123	-0.295222	0.024163	0.295258	-0.955415	-0.002127
27095	10.159552	-0.245423	-0.082840	-0.666015	-0.121047	-0.261143	0.026615	0.004663	0.999635	-0.957002	-0.288837	0.026827	0.288857	-0.957367	-0.003224
27096	10.176111	-0.542290	-0.358207	-0.624779	-0.095069	-0.270633	0.029513	0.004542	0.999554	-0.958712	-0.282835	0.029593	0.282843	-0.959158	-0.003993
27097	9.967611	-0.836464	-0.703435	-0.495679	-0.068584	-0.276287	0.032405	0.004613	0.999464	-0.960016	-0.278063	0.032409	0.278063	-0.960552	-0.004582
27098	9.793575	-0.744112	-1.043542	-0.309846	-0.050798	-0.273860	0.035210	0.004898	0.999368	-0.960780	-0.275069	0.035198	0.275067	-0.961412	-0.004980
27099	9.653501	-0.335139	-1.243361	-0.185132	-0.038166	-0.278163	0.038033	0.005244	0.999263	-0.961185	-0.273273	0.038017	0.273271	-0.961922	-0.005353
27100	9.622999	0.082567	-1.202281	-0.156834	-0.029186	-0.286174	0.040898	0.005758	0.999147	-0.961499	-0.271745	0.040923	0.271749	-0.962352	-0.005578
27101	9.743617	0.329530	-1.179050	-0.139348	-0.011099	-0.290224	0.043763	0.006384	0.999022	-0.961753	-0.270386	0.043858	0.270401	-0.962731	-0.005693
27102	9.727844	0.424129	-1.099430	-0.126315	0.001268	-0.293984	0.046622	0.007204	0.998887	-0.961960	-0.269146	0.046840	0.269184	-0.963072	-0.005618
27103	9.748589	0.539911	-0.976201	-0.128239	0.017700	-0.295565	0.049463	0.008111	0.998743	-0.962161	-0.267888	0.049827	0.267956	-0.963416	-0.005447
27104	9.796091	0.559457	-0.925528	-0.115947	0.031350	-0.296572	0.052268	0.009221	0.998591	-0.962319	-0.266742	0.052833	0.266853	-0.963724	-0.005069
27105	9.840569	0.552843	-0.800901	-0.067938	0.047919	-0.295717	0.055033	0.010410	0.998430	-0.962339	-0.266059	0.055817	0.266222	-0.963901	-0.004624
27106	9.748853	0.580585	-0.602832	-0.027593	0.056731	-0.294189	0.057747	0.011755	0.998262	-0.962246	-0.265756	0.058793	0.265986	-0.963969	-0.004036
27107	9.681012	0.660300	-0.368010	0.017927	0.057510	-0.285942	0.060392	0.013007	0.998090	-0.962027	-0.265895	0.061676	0.266189	-0.963914	-0.003545
27108	9.597646	0.685577	-0.079259	0.074214	0.058391	-0.270403	0.062873	0.014305	0.997919	-0.961661	-0.266570	0.064409	0.266936	-0.963710	-0.003003
27109	9.524046	0.791085	0.115256	0.154667	0.053137	-0.257583	0.065254	0.015444	0.997749	-0.961080	-0.268023	0.067004	0.268454	-0.963289	-0.002646
27110	9.590118	1.088890	0.129563	0.198138	0.062007	-0.236157	0.067390	0.016692	0.997587	-0.960388	-0.269889	0.069393	0.270396	-0.962747	-0.002157
27111	9.636450	1.365224	0.282472	0.194197	0.054832	-0.217762	0.069380	0.017750	0.997432	-0.959709	-0.271722	0.071592	0.272295	-0.962212	-0.001818
27112	9.499252	1.672318	0.601260	0.145543	0.031278	-0.189513	0.071148	0.018582	0.997293	-0.959177	-0.273084	0.073517	0.273711	-0.961811	-0.001606
27113	9.390623	1.841504	0.936623	0.067228	0.001504	-0.174462	0.072867	0.019017	0.997160	-0.958864	-0.273699	0.075289	0.274354	-0.961627	-0.001709
27114	9.249818	1.810565	1.191752	-0.015539	-0.022285	-0.159765	0.074495	0.019256	0.997035	-0.958787	-0.273515	0.076920	0.274186	-0.961675	-0.001913
27115	9.323494	1.653622	1.329198	-0.067428	-0.039638	-0.138702	0.075987	0.019204	0.996924	-0.958864	-0.272841	0.078341	0.273507	-0.961867	-0.002319
27116	9.739082	1.463896	1.461431	-0.029385	0.002682	-0.118951	0.077155	0.019569	0.996827	-0.958851	-0.272532	0.079565	0.273224	-0.961948	-0.002263
27117	9.619573	1.137712	1.447539	-0.020634	0.040139	-0.088574	0.077949	0.020154	0.996754	-0.958835	-0.272317	0.080490	0.273055	-0.961997	-0.001903
27118	9.212360	1.150547	1.566302	0.048275	-0.015287	-0.072006	0.078716	0.020218	0.996692	-0.958645	-0.272762	0.081244	0.273503	-0.961869	-0.002089
27119	9.583373	1.423989	1.552808	0.116804	-0.094606	-0.050680	0.079515	0.019411	0.996645	-0.958281	-0.273876	0.081788	0.274545	-0.961569	-0.003176
27120	9.733579	1.611389	1.470136	0.123257	-0.129036	-0.027139	0.080165	0.018260	0.996614	-0.957918	-0.275052	0.082092	0.275620	-0.961256	-0.004558
27121	9.455701	1.809972	1.600807	0.055975	-0.217060	-0.009044	0.080905	0.016170	0.996591	-0.957753	-0.275588	0.082223	0.275978	-0.961140	-0.006809
27122	9.193685	2.097702	1.576755	-0.084947	-0.348142	0.003769	0.081862	0.012829	0.996561	-0.957988	-0.274769	0.082231	0.274879	-0.961425	-0.010204
27123	9.206660	2.026728	1.673876	-0.238069	-0.477493	-0.000587	0.083232	0.008217	0.996496	-0.958634	-0.272478	0.082316	0.272200	-0.962127	-0.014802
27124	9.282623	1.619191	1.662009	-0.317182	-0.572771	0.009924	0.084720	0.002692	0.996401	-0.959498	-0.269423	0.082310	0.268675	-0.963018	-0.020243
27125	9.593605	0.911436	1.537287	-0.327016	-0.629356	0.017953	0.086286	-0.003432	0.996264	-0.960382	-0.266271	0.082261	0.264994	-0.963892	-0.026272
27126	9.421162	0.701936	1.174199	-0.216965	-0.643746	0.044983	0.087586	-0.009743	0.996109	-0.960990	-0.264173	0.081915	0.262347	-0.964426	-0.032501
27127	9.523125	0.471506	0.652926	-0.136325	-0.714110	0.067292	0.088864	-0.016815	0.995902	-0.961402	-0.262848	0.081347	0.260403	-0.964691	-0.039524
27128	9.994972	0.344406	0.012588	-0.110905	-0.741498	0.075897	0.090093	-0.024153	0.995640	-0.961755	-0.261761	0.080677	0.258671	-0.964831	-0.046812
27129	10.179106	-0.024265	-0.580314	-0.017500	-0.719508	0.082872	0.091209	-0.031315	0.995339	-0.961871	-0.261568	0.079913	0.257847	-0.964677	-0.053979
27130	10.163330	0.049589	-1.203779	0.122285	-0.663269	0.086209	0.092127	-0.037923	0.995025	-0.961632	-0.262716	0.079023	0.258412	-0.964128	-0.060671
27131	9.734854	0.563373	-1.256492	0.161058	-0.598986	0.082221	0.092940	-0.043918	0.994703	-0.961287	-0.264234	0.078151	0.259402	-0.963458	-0.066776
27132	9.227395	0.893062	-1.300393	0.172986	-0.581666	0.080703	0.093711	-0.049719	0.994357	-0.960910	-0.265861	0.077266	0.260520	-0.962728	-0.072690
27133	9.137881	1.157061	-1.442934	0.167976	-0.578435	0.081475	0.094491	-0.055510	0.993977	-0.960544	-0.267436	0.076377	0.261585	-0.961975	-0.078591
27134	9.269946	1.215276	-1.569319	0.071718	-0.583787	0.077266	0.095311	-0.061317	0.993557	-0.960427	-0.268079	0.075589	0.261717	-0.961444	-0.084441
27135	9.479883	1.074338	-1.614872	-0.039924	-0.560183	0.070941	0.096148	-0.066902	0.993116	-0.960595	-0.267651	0.074969	0.260793	-0.961190	-0.089999
27136	9.568965	0.716825	-1.640571	-0.076989	-0.516043	0.061194	0.096938	-0.072010	0.992682	-0.960851	-0.266868	0.074471	0.259553	-0.961039	-0.095060
27137	9.450163	0.300955	-2.000973	-0.009953	-0.463647	0.061365	0.097606	-0.076641	0.992270	-0.960933	-0.266729	0.073922	0.259001	-0.960720	-0.099681
27138	9.293492	0.091424	-2.378225	0.123479	-0.434680	0.073651	0.098061	-0.080997	0.991879	-0.960681	-0.267856	0.073103	0.259760	-0.960048	-0.104079
27139	9.180170	0.258206	-2.725154	0.247384	-0.416964	0.094796	0.098293	-0.085270	0.991498	-0.960125	-0.270154	0.071949	0.261721	-0.959034	-0.108424
27140	9.193852	0.741552	-2.768826	0.302939	-0.407759	0.110058	0.098344	-0.089462	0.991123	-0.959434	-0.272961	0.070561	0.264226	-0.957856	-0.112676
27141	9.174583	1.014208	-2.590390	0.247764	-0.396800	0.110776	0.098389	-0.093587	0.990738	-0.958881	-0.275235	0.069227	0.266207	-0.956811	-0.116819
27142	9.030459	0.969196	-2.431183	0.188706	-0.372632	0.108225	0.098381	-0.097434	0.990368	-0.958481	-0.276936	0.067968	0.267646	-0.955936	-0.120634
27143	9.147276	0.871658	-2.217526	0.164208	-0.354002	0.113106	0.098305	-0.101157	0.990002	-0.958148	-0.278397	0.066696	0.268866	-0.955124	-0.124292
27144	9.473465	0.805561	-1.722319	0.119431	-0.345935	0.129146	0.098034	-0.104805	0.989649	-0.957950	-0.279405	0.065305	0.269668	-0.954436	-0.127789
27145	10.049666	1.139926	-1.520020	0.179962	-0.321830	0.137262	0.097649	-0.108289	0.989312	-0.957593	-0.280979	0.063763	0.271071	-0.953585	-0.131134
27146	10.327871	1.437450	-1.364029	0.163170	-0.297050	0.112611	0.097413	-0.111422	0.988987	-0.957257	-0.282412	0.062470	0.272341	-0.952800	-0.134170
27147	10.190545	1.349359	-1.262166	0.091149	-0.287911	0.109454	0.097212	-0.114502	0.988655	-0.957111	-0.283160	0.061316	0.272927	-0.952213	-0.137118
27148	10.243568	1.222848	-1.451951	0.148396	-0.308051	0.141741	0.096733	-0.117821	0.988312	-0.956839	-0.284409	0.059747	0.274046	-0.951436	-0.140247
27149	10.457794	1.142638	-1.618157	0.219397	-0.333923	0.185256	0.095942	-0.121551	0.987937	-0.956410	-0.286278	0.057658	0.275816	-0.950405	-0.143719
27150	10.352808	1.360439	-1.637911	0.277929	-0.332279	0.218905	0.094804	-0.125321	0.987576	-0.955847	-0.288649	0.055129	0.278154	-0.949198	-0.147152
27151	9.943865	1.606828	-1.617186	0.310378	-0.321118	0.239512	0.093478	-0.129087	0.987218	-0.955200	-0.291292	0.052358	0.280810	-0.947885	-0.150533
27152	9.630320	1.564949	-1.642726	0.320156	-0.322755	0.253303	0.092005	-0.132869	0.986854	-0.954529	-0.293995	0.049408	0.283565	-0.946527	-0.153876
27153	9.500598	1.604764	-1.869755	0.305802	-0.301359	0.273864	0.090319	-0.136552	0.986507	-0.953904	-0.296522	0.046290	0.286200	-0.945213	-0.157039
27154	9.290391	1.516391	-2.102022	0.184788	-0.292397	0.292434	0.088404	-0.140168	0.986173	-0.953632	-0.297865	0.043150	0.287699	-0.944261	-0.160001
27155	9.316263	1.292409	-2.244607	0.053414	-0.274834	0.311172	0.086300	-0.143713	0.985849	-0.953746	-0.297932	0.040059	0.287959	-0.943707	-0.162777
27156	9.417122	0.935915	-2.223234	-0.074026	-0.254185	0.320429	0.084009	-0.147048	0.985555	-0.954230	-0.296770	0.037059	0.287033	-0.943560	-0.165249
27157	9.490078	0.449372	-2.255775	-0.125289	-0.232030	0.328340	0.081615	-0.150235	0.985276	-0.954857	-0.295103	0.034098	0.285635	-0.943580	-0.167537
27158	9.672923	-0.055814	-2.331154	-0.125421	-0.218845	0.326872	0.079151	-0.153245	0.985013	-0.955475	-0.293426	0.031127	0.284259	-0.943619	-0.169647
27159	9.877190	-0.422514	-2.403768	-0.059801	-0.187822	0.326615	0.076638	-0.156002	0.984779	-0.955896	-0.292361	0.028077	0.283531	-0.943498	-0.171527
27160	9.945143	-0.508951	-2.481013	0.035851	-0.178404	0.324220	0.074079	-0.158616	0.984557	-0.956037	-0.292192	0.024860	0.283737	-0.943114	-0.173288
27161	9.885703	-0.400498	-2.534973	0.107818	-0.169996	0.318178	0.071594	-0.161180	0.984325	-0.955959	-0.292704	0.021602	0.284634	-0.942521	-0.175037
27162	9.728524	-0.167846	-2.624863	0.179675	-0.151325	0.312136	0.069077	-0.163505	0.984121	-0.955664	-0.293893	0.018251	0.286242	-0.941750	-0.176557
27163	9.585773	0.240843	-2.681661	0.213153	-0.130687	0.306646	0.066594	-0.165671	0.983930	-0.955258	-0.295398	0.014915	0.288180	-0.940900	-0.177931
27164	9.651017	0.516375	-2.641605	0.207902	-0.108048	0.305246	0.064026	-0.167575	0.983778	-0.954854	-0.296848	0.011579	0.290092	-0.940106	-0.179016
27165	9.801487	0.708021	-2.620492	0.190392	-0.075109	0.304577	0.061410	-0.169222	0.983663	-0.954490	-0.298128	0.008301	0.291853	-0.939406	-0.179829
27166	9.908886	0.664601	-2.569436	0.141947	-0.049716	0.317043	0.058564	-0.170620	0.983595	-0.954263	-0.298926	0.004964	0.293175	-0.938900	-0.180322
27167	9.843094	0.453890	-2.345652	0.118020	-0.033121	0.323931	0.055646	-0.171936	0.983535	-0.954101	-0.299482	0.001627	0.294271	-0.938482	-0.180709
27168	9.800872	0.174804	-2.144805	0.116186	-0.024455	0.331467	0.052590	-0.173143	0.983492	-0.953936	-0.300004	-0.001805	0.295364	-0.938093	-0.180945
27169	9.774291	-0.005031	-1.937504	0.136259	-0.018956	0.332040	0.049556	-0.174355	0.983435	-0.953702	-0.300708	-0.005255	0.296643	-0.937643	-0.181185
27170	9.609636	0.062477	-1.733612	0.141523	-0.019457	0.336074	0.046444	-0.175533	0.983377	-0.953442	-0.301450	-0.008779	0.297980	-0.937185	-0.181361
27171	9.332922	0.083047	-1.598752	0.115786	-0.037595	0.332534	0.043462	-0.176925	0.983264	-0.953245	-0.301952	-0.012197	0.299056	-0.936762	-0.181776
27172	9.018876	-0.008954	-1.294153	0.060356	-0.052300	0.324925	0.040556	-0.178380	0.983126	-0.953200	-0.301943	-0.015464	0.299607	-0.936489	-0.182277
27173	8.998366	-0.514239	-0.991516	0.088923	-0.075283	0.321317	0.037795	-0.180090	0.982924	-0.953060	-0.302203	-0.018722	0.300414	-0.936078	-0.183058
27174	9.247132	-1.068598	-0.880706	0.222434	-0.089581	0.328472	0.034970	-0.181907	0.982694	-0.952508	-0.303693	-0.022321	0.302498	-0.935243	-0.183888
27175	9.793177	-1.297667	-1.065561	0.394379	-0.128325	0.340242	0.032194	-0.184177	0.982366	-0.951423	-0.306758	-0.026332	0.306199	-0.933798	-0.185106
27176	10.127813	-1.205867	-1.307550	0.488628	-0.163181	0.323127	0.029660	-0.186680	0.981973	-0.950015	-0.310722	-0.030376	0.310791	-0.931989	-0.186565
27177	10.159931	-1.055569	-1.591120	0.518167	-0.189777	0.298644	0.027487	-0.189411	0.981513	-0.948479	-0.314986	-0.034223	0.315645	-0.930004	-0.188311
27178	9.940711	-0.925253	-1.953016	0.530160	-0.199945	0.264500	0.025651	-0.192091	0.981042	-0.946863	-0.319411	-0.037784	0.320614	-0.927943	-0.190077
27179	9.791149	-0.771812	-2.316935	0.483759	-0.182607	0.231274	0.024117	-0.194556	0.980595	-0.945360	-0.323451	-0.040924	0.325136	-0.926028	-0.191727
27180	9.639120	-0.584794	-2.387824	0.408070	-0.151003	0.207895	0.022681	-0.196612	0.980219	-0.944074	-0.326824	-0.043710	0.328953	-0.924408	-0.193029
27181	9.563168	-0.459366	-2.339476	0.354455	-0.128450	0.183808	0.021436	-0.198432	0.979880	-0.942944	-0.329737	-0.046146	0.332260	-0.922983	-0.194179
27182	9.597128	-0.515678	-2.289281	0.254344	-0.089396	0.162117	0.020239	-0.199776	0.979633	-0.942130	-0.331765	-0.048192	0.334635	-0.921966	-0.194930
27183	9.556378	-0.667029	-2.343592	0.222612	-0.070191	0.151743	0.019110	-0.200958	0.979413	-0.941415	-0.333514	-0.050063	0.336709	-0.921078	-0.195559
27184	9.479231	-0.694918	-2.365621	0.235713	-0.051713	0.149792	0.017909	-0.201918	0.979239	-0.940647	-0.335387	-0.051954	0.338915	-0.920187	-0.195940
27185	9.252516	-0.708729	-2.163393	0.252997	-0.036147	0.144364	0.016738	-0.202768	0.979084	-0.939813	-0.337424	-0.053814	0.341278	-0.919255	-0.196212
27186	9.151646	-0.704425	-1.889991	0.190026	-0.028488	0.131198	0.015636	-0.203456	0.978959	-0.939185	-0.338908	-0.055434	0.343056	-0.918557	-0.196382
27187	9.087425	-0.899467	-1.577735	0.199182	-0.019532	0.132214	0.014525	-0.204117	0.978839	-0.938522	-0.340469	-0.057071	0.344914	-0.917833	-0.196513
27188	9.227093	-0.775494	-1.460386	0.184577	-0.016059	0.136437	0.013334	-0.204712	0.978731	-0.937903	-0.341889	-0.058732	0.346640	-0.917172	-0.196558
27189	9.225615	-0.757911	-1.204009	0.093347	-0.032933	0.131212	0.012278	-0.205493	0.978581	-0.937599	-0.342477	-0.060153	0.347503	-0.916778	-0.196875
27190	9.088199	-1.053379	-0.945358	0.070584	-0.058774	0.112148	0.011465	-0.206399	0.978401	-0.937367	-0.342898	-0.061352	0.348155	-0.916417	-0.197403
27191	8.972189	-1.170154	-0.757578	0.075221	-0.096277	0.102638	0.010897	-0.207661	0.978140	-0.937119	-0.343376	-0.062460	0.348841	-0.915953	-0.198345
27192	9.005565	-1.192575	-0.606604	0.087650	-0.153810	0.102476	0.010507	-0.209404	0.977773	-0.936824	-0.343970	-0.063599	0.349642	-0.915333	-0.199789
27193	9.214589	-0.873511	-0.576628	0.136556	-0.210216	0.103753	0.010326	-0.211709	0.977278	-0.936359	-0.345003	-0.064844	0.350892	-0.914414	-0.201798
27194	9.421675	-0.294044	-0.621542	0.104630	-0.262380	0.103524	0.010312	-0.214447	0.976681	-0.936003	-0.345744	-0.066031	0.351842	-0.913495	-0.204288
27195	9.521303	-0.133453	-0.680560	0.010449	-0.306858	0.102936	0.010481	-0.217624	0.975976	-0.935979	-0.345619	-0.067015	0.351900	-0.912791	-0.207314
27196	9.487809	-0.247973	-0.919662	-0.050283	-0.339121	0.095960	0.010809	-0.221032	0.975207	-0.936167	-0.344955	-0.067808	0.351390	-0.912223	-0.210652
27197	9.308576	-0.585184	-1.241953	-0.060316	-0.375559	0.102523	0.011220	-0.224825	0.974335	-0.936392	-0.344180	-0.068635	0.350777	-0.911589	-0.214386
27198	9.284306	-0.776904	-1.630223	-0.075374	-0.409516	0.098779	0.011764	-0.228879	0.973384	-0.936668	-0.343274	-0.069397	0.350021	-0.910921	-0.218421
27199	9.510206	-1.070130	-2.090659	-0.072461	-0.423085	0.092003	0.012392	-0.233061	0.972383	-0.936994	-0.342242	-0.070088	0.349125	-0.910249	-0.222618
27200	9.652506	-1.440984	-2.555301	-0.083317	-0.414535	0.081631	0.013106	-0.237094	0.971398	-0.937296	-0.341298	-0.070657	0.348289	-0.909561	-0.226701
27201	9.950494	-1.548150	-2.950370	-0.065570	-0.407757	0.059444	0.013975	-0.241020	0.970420	-0.937593	-0.340400	-0.071042	0.347453	-0.908866	-0.230736
27202	10.056211	-1.282808	-3.114855	-0.048995	-0.393596	0.035040	0.015047	-0.244697	0.969483	-0.937769	-0.339876	-0.071230	0.346934	-0.908079	-0.234583
27203	9.993968	-1.034806	-3.218575	-0.091812	-0.389179	0.006635	0.016337	-0.248271	0.968553	-0.938149	-0.338866	-0.071038	0.345846	-0.907486	-0.238452
27204	9.868546	-0.803113	-3.227631	-0.123709	-0.378272	-0.016008	0.017827	-0.251631	0.967659	-0.938574	-0.337790	-0.070548	0.344618	-0.906962	-0.242196
27205	9.696609	-0.725477	-3.115422	-0.179208	-0.362301	-0.035042	0.019405	-0.254820	0.966794	-0.939243	-0.336094	-0.069733	0.342703	-0.906702	-0.245860
27206	9.657484	-1.088963	-2.941227	-0.200697	-0.363571	-0.050845	0.021159	-0.257928	0.965932	-0.939919	-0.334412	-0.068707	0.340741	-0.906445	-0.249507
27207	9.549265	-1.342089	-2.644893	-0.172346	-0.360015	-0.072881	0.023070	-0.260971	0.965071	-0.940548	-0.332879	-0.067532	0.338876	-0.906138	-0.253136
27208	9.395562	-1.765655	-2.298077	-0.138105	-0.371472	-0.095653	0.025260	-0.264001	0.964192	-0.940992	-0.331886	-0.066220	0.337484	-0.905624	-0.256806
27209	9.521685	-1.900523	-1.928545	-0.082821	-0.384698	-0.115268	0.027640	-0.267126	0.963265	-0.941300	-0.331282	-0.064859	0.336439	-0.904928	-0.260602
27210	9.629688	-1.726442	-1.650800	-0.089017	-0.403276	-0.142433	0.030369	-0.270285	0.962301	-0.941557	-0.330867	-0.063217	0.335481	-0.904142	-0.264537
27211	9.751715	-1.547976	-1.500142	-0.108740	-0.434124	-0.168800	0.033405	-0.273675	0.961242	-0.941926	-0.330184	-0.061273	0.334156	-0.903372	-0.268811
27212	10.065947	-1.233327	-1.352757	-0.135753	-0.461301	-0.202463	0.036885	-0.277155	0.960117	-0.942307	-0.329524	-0.058922	0.332712	-0.902551	-0.273320
27213	10.173842	-0.966547	-1.363931	-0.124593	-0.486531	-0.245067	0.040797	-0.280759	0.958911	-0.942682	-0.328925	-0.056199	0.331188	-0.901656	-0.278086
27214	10.302376	-0.883615	-1.452590	-0.121643	-0.525833	-0.268506	0.045101	-0.284598	0.957586	-0.942969	-0.328595	-0.053247	0.329812	-0.900572	-0.283186
27215	10.393990	-0.593484	-1.332968	-0.117581	-0.551124	-0.288790	0.049621	-0.288628	0.956155	-0.943275	-0.328207	-0.050120	0.328283	-0.899430	-0.288541
27216	10.296722	-0.450798	-1.439709	-0.111031	-0.579537	-0.312724	0.054504	-0.292793	0.954621	-0.943475	-0.328126	-0.046772	0.326931	-0.898112	-0.294127
27217	10.158311	-0.608748	-1.772457	-0.109883	-0.586701	-0.344196	0.059646	-0.296944	0.953030	-0.943693	-0.327997	-0.043135	0.325400	-0.896795	-0.299788
27218	9.939446	-0.804293	-2.196988	-0.067160	-0.603306	-0.361774	0.065054	-0.301145	0.951357	-0.943685	-0.328486	-0.039450	0.324388	-0.895214	-0.305555
27219	9.818376	-0.538456	-2.339947	-0.094185	-0.617533	-0.386514	0.070677	-0.305412	0.949594	-0.943783	-0.328659	-0.035460	0.322922	-0.893704	-0.311471
27220	9.791291	-0.534280	-2.235690	-0.133217	-0.632274	-0.404138	0.076562	-0.309712	0.947743	-0.943912	-0.328721	-0.031170	0.321197	-0.892200	-0.317509
27221	10.078585	-0.456351	-2.142626	-0.159867	-0.656244	-0.423973	0.082639	-0.314181	0.945759	-0.944142	-0.328463	-0.026617	0.319009	-0.890731	-0.323776
27222	10.056459	-0.196606	-1.841484	-0.214924	-0.701596	-0.460942	0.089255	-0.318895	0.943578	-0.944426	-0.328018	-0.021523	0.316374	-0.889219	-0.330450
27223	9.961120	0.033941	-1.284041	-0.314662	-0.764085	-0.475521	0.096121	-0.324138	0.941114	-0.945029	-0.326595	-0.015965	0.312538	-0.887846	-0.337713
27224	10.133157	-0.029471	-0.573610	-0.445645	-0.831440	-0.492942	0.103393	-0.329894	0.938339	-0.945917	-0.324263	-0.009774	0.307493	-0.886580	-0.345579
27225	10.366653	0.365585	0.273855	-0.560753	-0.927874	-0.504816	0.110962	-0.336491	0.935126	-0.947135	-0.320822	-0.003056	0.301037	-0.885351	-0.354301
27226	10.632888	0.929400	1.134194	-0.747106	-1.032358	-0.497075	0.118773	-0.344026	0.931418	-0.948779	-0.315912	0.004302	0.292766	-0.884220	-0.363927
27227	10.948661	1.334400	1.897355	-1.008382	-1.147644	-0.468313	0.126481	-0.352702	0.927148	-0.951151	-0.308476	0.012406	0.281628	-0.883427	-0.374489
27228	11.845182	1.214721	2.152281	-1.324906	-1.264000	-0.427062	0.134053	-0.362554	0.922271	-0.954228	-0.298312	0.021429	0.267356	-0.882930	-0.385949
27229	13.243337	1.232859	1.826642	-1.568084	-1.368313	-0.385190	0.141235	-0.373486	0.916821	-0.957803	-0.285731	0.031150	0.250330	-0.882534	-0.398082
27230	14.181515	1.750156	1.488430	-1.785900	-1.451434	-0.370435	0.148319	-0.385245	0.910817	-0.961561	-0.271391	0.041793	0.231087	-0.882005	-0.410689
27231	14.266292	2.048810	0.936181	-1.935647	-1.525538	-0.403774	0.155524	-0.397592	0.904286	-0.965259	-0.255747	0.053565	0.209971	-0.881200	-0.423554
27232	13.572125	1.643341	0.351930	-1.954014	-1.612277	-0.429677	0.162927	-0.410707	0.897092	-0.968463	-0.240292	0.065878	0.188508	-0.879533	-0.436905
27233	12.443989	1.134680	0.151336	-1.759144	-1.688081	-0.456632	0.170314	-0.424412	0.889308	-0.970878	-0.226589	0.077799	0.168489	-0.876660	-0.450643
27234	12.011897	0.883191	0.412282	-1.520313	-1.791556	-0.458424	0.177663	-0.439053	0.880720	-0.972500	-0.215287	0.088853	0.150596	-0.872287	-0.465228
27235	12.059930	0.202934	0.569377	-1.331056	-1.842326	-0.443898	0.184623	-0.454044	0.871641	-0.973588	-0.205699	0.099067	0.134315	-0.866909	-0.480029
27236	11.653924	-1.134761	-0.018118	-1.135651	-1.886462	-0.423560	0.191180	-0.469472	0.862001	-0.974228	-0.197860	0.108310	0.119707	-0.860493	-0.495199
27237	10.842010	-2.666623	-1.296124	-0.916829	-1.969288	-0.377924	0.197019	-0.485533	0.851728	-0.974563	-0.191642	0.116187	0.106815	-0.852954	-0.510940
27238	10.336019	-4.244975	-3.651183	-0.559017	-2.051408	-0.296820	0.202042	-0.502363	0.840720	-0.974534	-0.188381	0.121635	0.097271	-0.843886	-0.527631
27239	9.834027	-4.620934	-5.906602	-0.049103	-2.094398	-0.208028	0.206053	-0.519423	0.829302	-0.974155	-0.189035	0.123644	0.092543	-0.833346	-0.544950
27240	9.938935	-3.524089	-7.348948	0.318085	-2.047364	-0.134792	0.209285	-0.536100	0.817800	-0.973575	-0.192396	0.123026	0.091387	-0.821937	-0.562199
27241	9.662470	-2.135979	-7.405198	0.443151	-1.931857	-0.071599	0.211733	-0.551626	0.806770	-0.973019	-0.196408	0.121071	0.091670	-0.810637	-0.578329
27242	8.904721	-0.707719	-7.171025	0.366178	-1.849031	-0.068686	0.214129	-0.566366	0.795851	-0.972530	-0.199758	0.119508	0.091293	-0.799579	-0.593582
27243	8.188174	-0.259378	-7.257524	0.167962	-1.749058	-0.104012	0.216697	-0.579954	0.785300	-0.972155	-0.201696	0.119304	0.089201	-0.789286	-0.607512
27244	7.380613	-0.269435	-7.033654	-0.079743	-1.609210	-0.136565	0.219462	-0.592294	0.775258	-0.971919	-0.201890	0.120890	0.084915	-0.780018	-0.619969
27245	6.893785	-0.218696	-6.479986	-0.203763	-1.432936	-0.112401	0.221712	-0.603095	0.766238	-0.971840	-0.200990	0.123007	0.079821	-0.771933	-0.630673
27246	6.697147	-0.179530	-5.876072	-0.213277	-1.191707	-0.050344	0.223161	-0.612141	0.758606	-0.971885	-0.199677	0.124777	0.075095	-0.765123	-0.639490
27247	6.292215	0.196273	-6.748769	0.037888	-1.023544	0.023383	0.223669	-0.619899	0.752129	-0.971910	-0.199831	0.124329	0.073228	-0.758810	-0.647182
27248	5.371653	0.310866	-8.057489	0.094873	-0.926142	0.041841	0.223972	-0.626971	0.746153	-0.971927	-0.200309	0.123428	0.072075	-0.752850	-0.654234
27249	5.209208	0.249154	-6.145365	-0.335131	-0.756954	0.077046	0.223727	-0.632727	0.741352	-0.972334	-0.197318	0.125026	0.067175	-0.748814	-0.659368
27250	6.525108	-0.008139	-4.098408	-0.374148	-0.367213	0.154149	0.222502	-0.635764	0.739119	-0.972913	-0.193564	0.126386	0.062715	-0.747220	-0.661611
27251	7.197598	-0.554924	-3.851340	-0.070823	0.096656	0.240548	0.220077	-0.635425	0.740136	-0.973492	-0.191517	0.125042	0.062294	-0.748035	-0.660729
27252	7.320916	-1.492234	-4.289003	0.102751	0.491084	0.322618	0.216661	-0.632349	0.743769	-0.974123	-0.190263	0.122002	0.064365	-0.750956	-0.657208
27253	6.815438	-2.158319	-4.521300	0.519579	0.831138	0.411185	0.212061	-0.626792	0.749774	-0.974654	-0.191600	0.115492	0.071267	-0.755262	-0.651537
27254	6.496838	-2.146151	-4.856816	1.053070	1.123699	0.499685	0.206355	-0.619236	0.757605	-0.974875	-0.196487	0.104934	0.083881	-0.760224	-0.644224
27255	6.610244	-1.384727	-5.141714	1.386893	1.370465	0.556002	0.199635	-0.609806	0.766996	-0.974729	-0.203667	0.091777	0.100246	-0.765935	-0.635055
27256	6.799743	0.124232	-5.198383	1.374859	1.596899	0.560069	0.192480	-0.598669	0.777526	-0.974328	-0.210881	0.078828	0.116774	-0.772738	-0.623891
27257	7.392013	0.757671	-5.287533	0.968497	1.797568	0.519610	0.185160	-0.585722	0.789079	-0.974116	-0.215345	0.068732	0.129667	-0.781381	-0.610435
27258	8.016819	0.421700	-5.339163	0.514840	1.985980	0.507126	0.177594	-0.571183	0.801380	-0.974340	-0.216481	0.061628	0.138283	-0.791761	-0.594972
27259	8.235373	-0.476872	-5.562219	0.104696	2.163993	0.525618	0.169381	-0.554963	0.814449	-0.975104	-0.214372	0.056721	0.143117	-0.803779	-0.577457
27260	8.175821	-1.544874	-5.622890	-0.100445	2.305798	0.570940	0.160514	-0.537481	0.827858	-0.976185	-0.210457	0.052635	0.145938	-0.816592	-0.558462
27261	8.123376	-2.111506	-5.642775	-0.089950	2.433142	0.606973	0.150947	-0.518628	0.841570	-0.977262	-0.206527	0.048011	0.148907	-0.829682	-0.538010
27262	8.101023	-2.019447	-5.539222	0.006727	2.549485	0.627892	0.140999	-0.498584	0.855297	-0.978164	-0.203406	0.042682	0.152692	-0.842639	-0.516377
27263	8.129824	-1.469244	-5.492216	0.130499	2.636826	0.624476	0.130738	-0.477372	0.868921	-0.978809	-0.201481	0.036581	0.157608	-0.855290	-0.493597
27264	8.129237	-0.883301	-5.446680	0.169491	2.712580	0.624453	0.120315	-0.455245	0.882200	-0.979317	-0.200044	0.030331	0.162671	-0.867603	-0.469898
27265	8.289027	-0.251689	-5.296766	0.113746	2.774551	0.624132	0.109562	-0.432159	0.895117	-0.979846	-0.198283	0.024202	0.167027	-0.879729	-0.445173
27266	8.525891	0.051825	-5.020290	0.022929	2.858562	0.629080	0.098611	-0.408066	0.907611	-0.980459	-0.195856	0.018468	0.170225	-0.891696	-0.419406
