// General information: 
//  MT Manager version: 2022.2.0 
//  XDA version: 2022.2.0 build 7381 rev 124627 built on 2023-07-19
// Device information: 
//  DeviceId: 00B4CAF0
//  ProductCode: MTW2-3A7G6
//  Firmware Version: 4.6.0
//  Hardware Version: 2.0.0
// Device settings: 
//  Filter Profile: human(46.1)
//  Option Flags: Orientation Smoother Disabled, Position/Velocity Smoother Disabled, Continuous Zero Rotation Update Disabled, AHS Disabled, ICC Disabled
// Coordinate system: ENU
PacketCounter	Acc_X	Acc_Y	Acc_Z	Gyr_X	Gyr_Y	Gyr_Z	Mat[1][1]	Mat[2][1]	Mat[3][1]	Mat[1][2]	Mat[2][2]	Mat[3][2]	Mat[1][3]	Mat[2][3]	Mat[3][3]
19065	3.965985	-0.535437	9.495377	0.002271	0.001065	0.005516	0.267991	0.878545	0.395397	-0.949581	0.310187	-0.045611	-0.162718	-0.363238	0.917377
19066	3.991976	-0.619158	9.489218	0.002582	0.005384	0.004019	0.267989	0.878557	0.395372	-0.949580	0.310186	-0.045626	-0.162724	-0.363211	0.917387
19067	3.982678	-0.533055	9.541268	0.003418	0.008416	0.000310	0.268041	0.878603	0.395236	-0.949570	0.310218	-0.045631	-0.162701	-0.363073	0.917446
19068	3.977191	-0.610629	9.520926	0.008260	0.012164	-0.000233	0.268090	0.878626	0.395151	-0.949567	0.310234	-0.045577	-0.162634	-0.363003	0.917485
19069	3.925917	-0.551841	9.485756	0.004393	0.017094	-0.000802	0.268167	0.878699	0.394935	-0.949555	0.310272	-0.045569	-0.162579	-0.362793	0.917578
19070	3.858664	-0.531221	9.511008	0.005838	0.010289	0.000037	0.268210	0.878717	0.394868	-0.949549	0.310294	-0.045539	-0.162541	-0.362732	0.917609
19071	3.837568	-0.578871	9.495285	0.003148	-0.000178	0.005187	0.268203	0.878746	0.394808	-0.949551	0.310285	-0.045566	-0.162544	-0.362670	0.917633
19072	3.854333	-0.521845	9.564739	0.005140	-0.010406	0.005505	0.268161	0.878705	0.394928	-0.949559	0.310262	-0.045563	-0.162568	-0.362789	0.917582
19073	3.927600	-0.518289	9.536082	0.005396	-0.020286	0.008171	0.268092	0.878670	0.395052	-0.949572	0.310218	-0.045582	-0.162604	-0.362910	0.917527
19074	3.920608	-0.519160	9.512600	0.003457	-0.019172	0.002847	0.268061	0.878589	0.395253	-0.949570	0.310224	-0.045584	-0.162667	-0.363101	0.917440
19075	3.932446	-0.572561	9.510507	0.006414	-0.015883	0.010437	0.267977	0.878577	0.395337	-0.949591	0.310157	-0.045603	-0.162682	-0.363188	0.917404
19076	4.001669	-0.560174	9.535390	0.005041	-0.020330	0.006282	0.267911	0.878502	0.395547	-0.949601	0.310127	-0.045604	-0.162733	-0.363394	0.917313
19077	4.022673	-0.543897	9.500207	0.015689	-0.022630	0.011621	0.267804	0.878470	0.395692	-0.949640	0.310015	-0.045542	-0.162678	-0.363569	0.917253
19078	4.015483	-0.543843	9.476841	0.019816	-0.014130	0.015691	0.267660	0.878447	0.395841	-0.949699	0.309848	-0.045445	-0.162572	-0.363766	0.917194
19079	4.007483	-0.611967	9.509539	0.016263	-0.004880	0.013627	0.267564	0.878484	0.395823	-0.949745	0.309718	-0.045386	-0.162464	-0.363787	0.917205
19080	3.998777	-0.611821	9.486830	0.019520	0.000023	0.009642	0.267500	0.878493	0.395845	-0.949787	0.309606	-0.045268	-0.162323	-0.363859	0.917201
19081	3.960661	-0.573617	9.500014	0.014634	0.000551	0.006808	0.267477	0.878529	0.395781	-0.949811	0.309541	-0.045197	-0.162217	-0.363828	0.917232
19082	3.953232	-0.541178	9.527715	0.012674	0.003801	-0.000202	0.267512	0.878522	0.395773	-0.949816	0.309540	-0.045102	-0.162131	-0.363846	0.917240
19083	3.996912	-0.553771	9.511381	0.007661	0.001388	0.004441	0.267513	0.878553	0.395703	-0.949823	0.309521	-0.045086	-0.162089	-0.363787	0.917271
19084	3.990483	-0.576352	9.515089	0.012463	0.009406	0.000510	0.267551	0.878569	0.395643	-0.949829	0.309515	-0.044996	-0.161990	-0.363754	0.917302
19085	3.964707	-0.546148	9.497592	0.010898	0.008426	-0.001236	0.267617	0.878608	0.395511	-0.949826	0.309534	-0.044928	-0.161899	-0.363644	0.917362
19086	3.972793	-0.544216	9.520686	0.005156	0.008062	-0.002049	0.267677	0.878611	0.395465	-0.949814	0.309577	-0.044895	-0.161872	-0.363601	0.917383
19087	4.002621	-0.549108	9.535634	0.009476	0.013095	-0.000387	0.267743	0.878669	0.395291	-0.949811	0.309595	-0.044844	-0.161783	-0.363445	0.917461
19088	3.968978	-0.487810	9.545898	0.008557	0.018611	-0.003442	0.267833	0.878706	0.395148	-0.949800	0.309637	-0.044774	-0.161696	-0.363320	0.917526
19089	4.037118	-0.584361	9.524208	0.003815	0.024788	-0.003684	0.267948	0.878796	0.394869	-0.949779	0.309703	-0.044762	-0.161628	-0.363044	0.917647
19090	4.090186	-0.549972	9.502087	0.013501	0.032276	-0.004787	0.268073	0.878878	0.394601	-0.949773	0.309740	-0.044641	-0.161458	-0.362814	0.917768
19091	4.046763	-0.612130	9.522314	0.012178	0.046865	-0.004739	0.268233	0.879045	0.394120	-0.949762	0.309785	-0.044548	-0.161252	-0.362371	0.917979
19092	4.020109	-0.603590	9.532610	0.018031	0.052300	-0.013107	0.268469	0.879174	0.393672	-0.949741	0.309879	-0.044353	-0.160985	-0.361979	0.918180
19093	4.020412	-0.578269	9.531644	0.011669	0.066610	-0.010125	0.268713	0.879394	0.393013	-0.949715	0.309974	-0.044244	-0.160731	-0.361362	0.918468
19094	3.864681	-0.538756	9.537840	0.008034	0.063797	-0.009730	0.268935	0.879574	0.392458	-0.949687	0.310074	-0.044154	-0.160528	-0.360837	0.918710
19095	3.709285	-0.518964	9.413631	0.000221	0.061601	-0.008406	0.269153	0.879781	0.391844	-0.949647	0.310194	-0.044157	-0.160396	-0.360228	0.918971
19096	3.606678	-0.418912	9.579232	0.003262	0.028203	-0.003207	0.269256	0.879853	0.391612	-0.949629	0.310254	-0.044137	-0.160334	-0.360002	0.919071
19097	3.925823	-0.589518	9.490941	-0.014036	0.015053	-0.003172	0.269351	0.879908	0.391424	-0.949580	0.310381	-0.044291	-0.160463	-0.359758	0.919144
19098	3.890339	-0.543339	9.580827	-0.005194	0.019515	-0.000553	0.269415	0.879956	0.391271	-0.949555	0.310448	-0.044360	-0.160504	-0.359582	0.919206
19099	3.974020	-0.548614	9.522676	-0.009839	0.012302	-0.002403	0.269498	0.880003	0.391108	-0.949515	0.310553	-0.044479	-0.160601	-0.359376	0.919270
19100	4.037591	-0.426913	9.596987	0.010733	0.007623	0.004556	0.269494	0.880025	0.391062	-0.949529	0.310518	-0.044421	-0.160523	-0.359354	0.919292
19101	4.051056	-0.488800	9.542619	0.009440	0.017937	0.007976	0.269487	0.880124	0.390843	-0.949548	0.310463	-0.044403	-0.160422	-0.359158	0.919386
19102	4.038371	-0.589810	9.526470	0.009869	0.030034	0.007352	0.269493	0.880235	0.390590	-0.949568	0.310406	-0.044363	-0.160292	-0.358936	0.919495
19103	3.945478	-0.594551	9.510216	0.009252	0.041993	0.001071	0.269590	0.880398	0.390153	-0.949568	0.310412	-0.044320	-0.160128	-0.358529	0.919683
19104	3.825443	-0.670776	9.481692	0.002432	0.045760	-0.008807	0.269774	0.880515	0.389763	-0.949533	0.310524	-0.044286	-0.160026	-0.358146	0.919850
19105	3.712587	-0.934289	9.407210	-0.013409	0.046398	-0.017222	0.270051	0.880637	0.389294	-0.949448	0.310772	-0.044381	-0.160065	-0.357630	0.920044
19106	3.252695	-0.665050	9.412804	0.017847	0.009145	-0.012303	0.270210	0.880612	0.389242	-0.949428	0.310859	-0.044192	-0.159915	-0.357617	0.920075
19107	3.215474	-0.640935	9.504516	-0.015847	-0.064993	-0.014093	0.270281	0.880345	0.389797	-0.949346	0.311090	-0.044322	-0.160280	-0.358073	0.919834
19108	3.330124	-0.442345	9.477194	0.006492	-0.118766	-0.009333	0.270206	0.879870	0.390919	-0.949316	0.311192	-0.044248	-0.160584	-0.359150	0.919361
19109	3.458788	-0.689262	9.545151	-0.016304	-0.186653	-0.010770	0.270048	0.879175	0.392589	-0.949243	0.311394	-0.044395	-0.161281	-0.360673	0.918642
19110	4.728789	-0.625023	9.862628	0.004821	-0.199639	-0.012866	0.269875	0.878393	0.394454	-0.949201	0.311533	-0.044323	-0.161818	-0.362455	0.917846
19111	4.065427	-0.634273	9.490548	-0.001555	-0.166898	-0.017559	0.269808	0.877743	0.395943	-0.949134	0.311740	-0.044307	-0.162321	-0.363849	0.917205
19112	3.940943	-0.562416	9.561421	-0.009470	-0.137261	-0.022239	0.269824	0.877153	0.397238	-0.949043	0.312013	-0.044328	-0.162826	-0.365035	0.916644
19113	3.959725	-0.537380	9.552697	0.024923	-0.130795	-0.020861	0.269847	0.876620	0.398396	-0.949010	0.312153	-0.044056	-0.162981	-0.366194	0.916155
19114	4.108387	-0.497069	9.518276	0.006261	-0.127251	-0.022474	0.269880	0.876063	0.399598	-0.948944	0.312370	-0.043932	-0.163309	-0.367340	0.915637
19115	4.292410	-0.439035	9.494873	0.019464	-0.103552	-0.022429	0.269963	0.875622	0.400507	-0.948898	0.312544	-0.043703	-0.163443	-0.368242	0.915251
19116	4.180674	-0.436627	9.459965	0.017596	-0.080679	-0.013450	0.269985	0.875262	0.401278	-0.948875	0.312640	-0.043510	-0.163538	-0.369015	0.914922
19117	4.166028	-0.427569	9.465232	0.021368	-0.072216	-0.011289	0.270012	0.874971	0.401895	-0.948862	0.312707	-0.043309	-0.163570	-0.369649	0.914661
19118	4.164300	-0.481427	9.416017	0.014827	-0.054424	-0.005818	0.270005	0.874731	0.402422	-0.948855	0.312747	-0.043172	-0.163620	-0.370183	0.914436
19119	4.120711	-0.389176	9.428626	0.021772	-0.046121	0.001528	0.269955	0.874574	0.402796	-0.948877	0.312702	-0.043018	-0.163578	-0.370591	0.914278
19120	4.203523	-0.328644	9.445028	0.008978	-0.027402	0.008450	0.269857	0.874478	0.403069	-0.948899	0.312639	-0.042992	-0.163611	-0.370870	0.914159
19121	4.076064	-0.398208	9.446848	-0.003482	-0.006498	0.015575	0.269744	0.874510	0.403075	-0.948915	0.312571	-0.043125	-0.163703	-0.370851	0.914150
19122	3.923334	-0.352831	9.505406	-0.013854	-0.009236	0.021340	0.269554	0.874522	0.403177	-0.948934	0.312480	-0.043360	-0.163904	-0.370901	0.914094
19123	3.991196	-0.585838	9.437312	-0.029305	-0.014975	0.019995	0.269377	0.874539	0.403259	-0.948923	0.312461	-0.043747	-0.164261	-0.370878	0.914039
19124	3.882316	-0.499320	9.502543	0.005885	-0.026655	0.015039	0.269218	0.874466	0.403523	-0.948957	0.312352	-0.043776	-0.164321	-0.371141	0.913922
19125	4.001503	-0.578671	9.511353	-0.016042	-0.042200	0.021678	0.268982	0.874386	0.403853	-0.948972	0.312270	-0.044048	-0.164626	-0.371397	0.913763
19126	4.033366	-0.563008	9.497571	0.010227	-0.047093	0.017467	0.268765	0.874245	0.404302	-0.949020	0.312123	-0.044047	-0.164700	-0.371852	0.913564
19127	4.031000	-0.686779	9.504738	0.005379	-0.057843	0.011307	0.268601	0.874075	0.404781	-0.949042	0.312052	-0.044082	-0.164844	-0.372313	0.913351
19128	4.069155	-0.590512	9.510844	0.030070	-0.063726	0.005333	0.268472	0.873833	0.405386	-0.949090	0.311937	-0.043851	-0.164774	-0.372976	0.913093
19129	4.044652	-0.440580	9.592184	0.024953	-0.073941	0.009052	0.268304	0.873594	0.406013	-0.949137	0.311815	-0.043699	-0.164776	-0.373637	0.912822
19130	4.050047	-0.328858	9.637035	0.030116	-0.084359	0.014459	0.268055	0.873303	0.406803	-0.949210	0.311620	-0.043505	-0.164760	-0.374480	0.912480
19131	3.927356	-0.428547	9.586477	0.027001	-0.097821	0.025151	0.267695	0.873023	0.407640	-0.949304	0.311349	-0.043399	-0.164806	-0.375356	0.912111
19132	3.857623	-0.543305	9.673892	0.063688	-0.164616	0.032418	0.267143	0.872484	0.409153	-0.949480	0.310871	-0.042972	-0.164686	-0.377003	0.911453
19133	3.863401	-0.571701	9.594548	0.073103	-0.200388	0.031679	0.266552	0.871834	0.410920	-0.949667	0.310368	-0.042474	-0.164567	-0.378916	0.910681
19134	3.532814	-0.462034	9.857710	0.054291	-0.250588	0.021493	0.265963	0.870927	0.413218	-0.949798	0.310018	-0.042090	-0.164762	-0.381279	0.909659
19135	2.470623	-0.375473	10.402739	0.100349	-0.399432	0.037366	0.264988	0.869523	0.416787	-0.950045	0.309358	-0.041370	-0.164909	-0.385004	0.908062
19136	3.468002	-0.024386	10.211930	-0.023532	-0.665594	0.067103	0.263274	0.867128	0.422820	-0.950168	0.308911	-0.041887	-0.166935	-0.390723	0.905245
19137	3.196836	-0.228330	10.293266	0.028364	-0.860158	0.086850	0.261044	0.864014	0.430506	-0.950426	0.308097	-0.042037	-0.168958	-0.398191	0.901608
19138	2.983393	-0.076426	10.579051	-0.030421	-1.087278	0.097909	0.258286	0.859914	0.440268	-0.950613	0.307420	-0.042757	-0.172115	-0.407481	0.896848
19139	2.700433	-0.119775	10.947714	-0.093871	-1.419820	0.102352	0.254878	0.854374	0.452861	-0.950694	0.306981	-0.044087	-0.176686	-0.419295	0.890491
19140	2.284301	0.075077	11.039135	-0.305478	-1.844378	0.103780	0.250589	0.846801	0.469184	-0.950390	0.307446	-0.047292	-0.184295	-0.434056	0.881833
19141	2.340395	0.254838	11.805673	-0.585661	-2.381040	0.131149	0.244861	0.836673	0.489921	-0.949584	0.308988	-0.053082	-0.195792	-0.452223	0.870150
19142	2.915132	0.654403	11.719235	-0.923044	-2.887058	0.203273	0.237077	0.823919	0.514735	-0.948177	0.311618	-0.062083	-0.211552	-0.473342	0.855098
19143	4.141963	0.928517	11.937564	-1.176928	-3.303864	0.333874	0.226658	0.808967	0.542401	-0.946333	0.314648	-0.073831	-0.230392	-0.496557	0.836869
19144	5.856210	2.056926	13.732336	-1.325286	-3.557316	0.554028	0.212886	0.792594	0.571380	-0.944345	0.317000	-0.087884	-0.250784	-0.520870	0.815967
19145	7.449005	2.141486	15.635625	-1.788571	-3.496804	0.764980	0.196531	0.776471	0.598722	-0.941193	0.320554	-0.106773	-0.274829	-0.542529	0.793808
19146	8.594616	0.405133	13.631596	-1.945507	-3.258225	0.837580	0.179333	0.761164	0.623273	-0.937165	0.324900	-0.127131	-0.299269	-0.561311	0.771601
19147	8.401760	-0.703145	12.709640	-1.571734	-2.823521	0.761122	0.163540	0.747611	0.643686	-0.933597	0.328147	-0.143930	-0.318828	-0.577405	0.751633
19148	6.080194	-0.794411	12.501002	-1.297829	-2.656134	0.773313	0.147669	0.734587	0.662251	-0.930539	0.330058	-0.158617	-0.335099	-0.592827	0.732301
19149	2.318795	1.059254	12.826870	-0.944295	-2.159867	0.840785	0.132545	0.724465	0.676448	-0.928484	0.329617	-0.171085	-0.346914	-0.605395	0.716343
19150	-2.441971	3.305636	11.457768	-0.932159	-1.538205	0.837052	0.119386	0.717821	0.685916	-0.926237	0.329309	-0.183413	-0.357536	-0.613424	0.704187
19151	-5.073468	6.084595	12.766750	-0.685386	-0.698913	0.596226	0.111413	0.715546	0.689623	-0.924442	0.329280	-0.192308	-0.364684	-0.616091	0.698167
19152	3.340794	2.230960	17.281819	-0.915239	0.092425	0.042500	0.111382	0.716227	0.688921	-0.921095	0.334645	-0.198990	-0.373066	-0.612398	0.696987
19153	-5.852154	2.739088	14.068919	0.041937	1.798665	-0.388628	0.121733	0.725894	0.676948	-0.920795	0.337216	-0.196015	-0.370564	-0.599469	0.709450
19154	-11.220197	4.429376	9.388372	0.480515	2.432712	-0.505081	0.135331	0.738548	0.660478	-0.921890	0.338120	-0.189192	-0.363049	-0.583285	0.726619
19155	-11.459608	3.869825	8.311495	0.599452	2.474010	-0.479222	0.148719	0.751244	0.643052	-0.923359	0.338261	-0.181627	-0.353966	-0.566756	0.743973
19156	-8.505245	2.728252	9.721356	0.877159	2.753581	-0.474231	0.162702	0.764977	0.623168	-0.925652	0.337010	-0.172023	-0.341608	-0.548848	0.762935
19157	-6.055874	2.686207	11.047657	1.240104	3.298127	-0.574306	0.179117	0.780897	0.598428	-0.928802	0.334793	-0.158874	-0.324414	-0.527364	0.785266
19158	-5.667855	3.205725	11.112391	1.444364	3.746985	-0.722906	0.197640	0.797757	0.569668	-0.931960	0.333107	-0.143146	-0.303956	-0.502616	0.809313
19159	-3.844736	2.645799	11.952201	1.534050	3.899774	-0.868950	0.217278	0.814054	0.538615	-0.934648	0.332622	-0.125683	-0.281468	-0.476107	0.833125
19160	-0.466286	2.008991	13.652469	1.593092	3.952363	-1.009391	0.237402	0.828951	0.506439	-0.936629	0.333592	-0.106969	-0.257616	-0.448950	0.855615
19161	3.042729	2.001872	15.023283	1.614288	3.968175	-1.115490	0.257694	0.842577	0.472925	-0.937821	0.335918	-0.087469	-0.232563	-0.420979	0.876750
19162	5.005614	3.132562	14.656415	1.442132	3.837190	-1.229065	0.277716	0.854022	0.439909	-0.937696	0.340518	-0.069097	-0.208807	-0.393311	0.895380
19163	7.896146	3.456721	13.675910	1.087808	3.345607	-1.321384	0.296853	0.862297	0.410271	-0.936055	0.347747	-0.053601	-0.188891	-0.368124	0.910387
19164	14.891015	1.330006	14.299636	0.735695	2.880378	-1.346926	0.314685	0.867813	0.384543	-0.933251	0.356816	-0.041529	-0.173250	-0.345807	0.922172
19165	21.443134	-3.152234	16.018337	0.520759	2.868800	-1.394850	0.332536	0.872416	0.358204	-0.929591	0.367247	-0.031461	-0.158996	-0.322521	0.933113
19166	22.594328	0.310940	8.874178	-4.031896	1.071908	-0.514462	0.339208	0.873788	0.348472	-0.920753	0.384292	-0.067331	-0.192748	-0.298017	0.934898
19167	30.803153	-26.197668	-18.104150	-1.339768	0.692800	0.431471	0.336684	0.877518	0.341476	-0.919556	0.384454	-0.081310	-0.202632	-0.286631	0.936367
19168	37.035779	-30.145885	-17.080609	-0.363779	-0.388238	0.258322	0.333538	0.877372	0.344920	-0.919657	0.383274	-0.085624	-0.207324	-0.288650	0.934718
19169	45.812231	-11.861783	-10.436757	0.155747	-0.963946	0.133495	0.330352	0.875078	0.353703	-0.920406	0.381686	-0.084667	-0.209094	-0.297581	0.931518
19170	14.906134	-22.611717	1.933864	1.888785	-0.243771	-0.402678	0.333599	0.872787	0.356305	-0.922843	0.379538	-0.065662	-0.192540	-0.306909	0.932060
19171	5.407922	5.877266	22.484069	2.168073	0.033729	-0.143923	0.335022	0.872349	0.356046	-0.926294	0.374105	-0.045000	-0.172454	-0.314727	0.933384
19172	-6.007096	8.290847	6.388433	-0.502915	-0.816028	0.013904	0.333481	0.869790	0.363670	-0.925436	0.375622	-0.049760	-0.179883	-0.319959	0.930198
19173	11.424279	1.724600	13.985744	-0.303011	-0.995084	-0.075877	0.332398	0.866286	0.372908	-0.924607	0.377309	-0.052345	-0.186047	-0.327394	0.926390
19174	6.416810	-4.596484	6.092964	-0.466675	-0.310964	-0.120070	0.332946	0.864790	0.375879	-0.923308	0.379920	-0.056239	-0.191439	-0.328328	0.924961
19175	3.189447	3.115817	10.830820	0.870679	-0.257478	0.009299	0.332409	0.863971	0.378230	-0.924952	0.377005	-0.048276	-0.184303	-0.333797	0.924452
19176	3.500909	0.247764	10.026090	-0.491461	-0.331511	-0.019964	0.331998	0.862766	0.381329	-0.923948	0.378862	-0.052763	-0.189993	-0.334811	0.922932
19177	4.851905	-1.419592	9.046521	0.204099	-0.322595	0.007475	0.331351	0.861708	0.384274	-0.924338	0.378158	-0.050955	-0.189225	-0.338315	0.921812
19178	4.295395	0.739371	10.101826	-0.033378	-0.241638	0.019848	0.330735	0.860941	0.386517	-0.924322	0.378142	-0.051362	-0.190378	-0.340279	0.920851
19179	4.103981	-2.028553	9.631461	-0.119507	-0.203251	0.015490	0.330236	0.860305	0.388355	-0.924123	0.378463	-0.052568	-0.192202	-0.341528	0.920009
19180	3.649640	-1.777147	9.765270	0.053658	-0.217492	-0.006787	0.329906	0.859512	0.390385	-0.924185	0.378379	-0.052071	-0.192469	-0.343610	0.919178
19181	4.063763	-1.278916	9.928116	-0.017439	-0.268472	-0.029514	0.329693	0.858474	0.392842	-0.924032	0.378741	-0.052164	-0.193567	-0.345800	0.918125
19182	4.181593	-1.108532	9.561691	0.037236	-0.250357	-0.042382	0.329625	0.857423	0.395188	-0.923945	0.379017	-0.051678	-0.194093	-0.348098	0.917145
19183	4.559426	-0.301585	9.722635	0.015412	-0.231297	-0.033708	0.329519	0.856486	0.397301	-0.923842	0.379301	-0.051453	-0.194765	-0.350089	0.916245
19184	4.957198	-0.479946	9.416696	-0.028062	-0.128198	-0.021358	0.329492	0.855934	0.398513	-0.923698	0.379624	-0.051647	-0.195492	-0.351089	0.915707
19185	4.210115	-0.525579	9.550856	-0.028338	-0.101401	-0.013781	0.329452	0.855523	0.399426	-0.923575	0.379890	-0.051900	-0.196140	-0.351801	0.915295
19186	4.192290	-0.466704	9.371252	-0.003321	-0.082541	-0.002375	0.329338	0.855201	0.400210	-0.923542	0.379964	-0.051944	-0.196487	-0.352503	0.914950
19187	4.043419	-0.480273	9.455764	-0.046498	-0.070256	0.002070	0.329212	0.854959	0.400830	-0.923435	0.380158	-0.052426	-0.197201	-0.352881	0.914651
19188	4.032418	-0.547983	9.514777	-0.015764	-0.071196	0.001636	0.329082	0.854692	0.401506	-0.923390	0.380242	-0.052599	-0.197625	-0.353438	0.914345
19189	4.164446	-0.628682	9.465570	-0.036821	-0.077995	-0.001003	0.328969	0.854410	0.402198	-0.923291	0.380429	-0.052979	-0.198274	-0.353918	0.914018
19190	4.140233	-0.674161	9.476298	-0.023445	-0.067188	-0.000305	0.328863	0.854148	0.402839	-0.923225	0.380557	-0.053215	-0.198756	-0.354411	0.913722
19191	4.092627	-0.650943	9.388626	-0.025298	-0.061749	-0.007221	0.328839	0.853900	0.403386	-0.923129	0.380756	-0.053465	-0.199245	-0.354796	0.913466
19192	4.129851	-0.517994	9.525902	-0.019823	-0.063389	-0.006586	0.328799	0.853627	0.403995	-0.923049	0.380925	-0.053641	-0.199682	-0.355270	0.913187
19193	4.158082	-0.632887	9.439968	-0.019926	-0.061239	-0.008293	0.328784	0.853375	0.404538	-0.922959	0.381115	-0.053838	-0.200119	-0.355671	0.912935
19194	4.159721	-0.626930	9.491310	-0.003769	-0.062711	-0.003825	0.328719	0.853115	0.405140	-0.922920	0.381203	-0.053879	-0.200405	-0.356201	0.912666
19195	4.129863	-0.724263	9.454143	-0.002421	-0.057389	-0.005392	0.328686	0.852887	0.405646	-0.922875	0.381306	-0.053926	-0.200668	-0.356636	0.912438
19196	4.148860	-0.651973	9.443610	0.012191	-0.065505	-0.005540	0.328631	0.852610	0.406273	-0.922862	0.381352	-0.053815	-0.200816	-0.357249	0.912166
19197	4.226461	-0.688584	9.440272	0.015468	-0.064760	-0.006134	0.328589	0.852353	0.406847	-0.922851	0.381397	-0.053697	-0.200939	-0.357815	0.911917
19198	4.227621	-0.585730	9.435739	0.029968	-0.059463	-0.002416	0.328517	0.852108	0.407417	-0.922884	0.381352	-0.053435	-0.200902	-0.358445	0.911677
19199	4.205171	-0.585629	9.365830	0.027553	-0.041510	-0.001451	0.328478	0.851951	0.407777	-0.922912	0.381314	-0.053226	-0.200837	-0.358859	0.911529
19200	4.173209	-0.571420	9.404566	0.040125	-0.031633	0.001294	0.328428	0.851819	0.408092	-0.922978	0.381201	-0.052887	-0.200615	-0.359290	0.911408
19201	4.172423	-0.560870	9.457341	0.040062	-0.038137	0.004409	0.328342	0.851696	0.408418	-0.923050	0.381068	-0.052588	-0.200424	-0.359724	0.911279
19202	4.161689	-0.534845	9.408209	0.050912	-0.027991	0.009546	0.328223	0.851609	0.408695	-0.923165	0.380846	-0.052185	-0.200090	-0.360164	0.911178
19203	4.168773	-0.584302	9.381376	0.050205	-0.031091	0.013263	0.328070	0.851545	0.408952	-0.923286	0.380600	-0.051828	-0.199782	-0.360577	0.911083
19204	4.056206	-0.577734	9.426825	0.067717	-0.032872	0.013334	0.327907	0.851454	0.409271	-0.923446	0.380285	-0.051288	-0.199309	-0.361123	0.910970
19205	3.966332	-0.527581	9.435189	0.091389	-0.048353	0.018224	0.327673	0.851345	0.409684	-0.923666	0.379847	-0.050577	-0.198676	-0.361839	0.910824
19206	3.916061	-0.488758	9.612554	0.082539	-0.080393	0.023657	0.327321	0.851121	0.410431	-0.923888	0.379389	-0.049944	-0.198222	-0.362845	0.910523
19207	4.044119	-0.491165	9.508653	0.072833	-0.104726	0.026316	0.326902	0.850837	0.411353	-0.924096	0.378949	-0.049436	-0.197944	-0.363969	0.910135
19208	4.098888	-0.573749	9.464017	0.064207	-0.120290	0.029945	0.326412	0.850490	0.412459	-0.924302	0.378503	-0.048997	-0.197788	-0.365244	0.909658
19209	4.211929	-0.596292	9.392694	0.050329	-0.123372	0.028392	0.325938	0.850143	0.413548	-0.924472	0.378126	-0.048702	-0.197777	-0.366440	0.909179
19210	4.329162	-0.517699	9.341119	0.060009	-0.114218	0.033525	0.325427	0.849828	0.414596	-0.924681	0.377663	-0.048317	-0.197639	-0.367646	0.908722
19211	4.295179	-0.472706	9.405676	0.047955	-0.094140	0.034816	0.324951	0.849609	0.415417	-0.924867	0.377240	-0.048072	-0.197554	-0.368584	0.908360
19212	4.381436	-0.522164	9.293180	0.059926	-0.075225	0.040821	0.324450	0.849463	0.416107	-0.925100	0.376714	-0.047719	-0.197289	-0.369458	0.908063
19213	4.267796	-0.540754	9.340868	0.043850	-0.055957	0.038905	0.324011	0.849399	0.416579	-0.925290	0.376270	-0.047528	-0.197117	-0.370056	0.907856
19214	4.320901	-0.571245	9.346925	0.049491	-0.033325	0.038788	0.323612	0.849399	0.416889	-0.925495	0.375800	-0.047262	-0.196811	-0.370534	0.907728
19215	4.324474	-0.615695	9.374072	0.030777	-0.038137	0.036148	0.323234	0.849390	0.417201	-0.925650	0.375428	-0.047179	-0.196702	-0.370932	0.907589
19216	4.234426	-0.615434	9.411531	0.067470	-0.027777	0.031603	0.322912	0.849383	0.417464	-0.925866	0.374952	-0.046720	-0.196212	-0.371430	0.907491
19217	4.163969	-0.533951	9.516515	0.053610	-0.045118	0.032196	0.322557	0.849332	0.417842	-0.926053	0.374528	-0.046413	-0.195914	-0.371973	0.907333
19218	3.967582	-0.498208	9.464296	0.070909	-0.066441	0.041478	0.322069	0.849217	0.418452	-0.926307	0.373954	-0.045965	-0.195516	-0.372811	0.907075
19219	4.062419	-0.522506	9.558819	0.061237	-0.112858	0.045137	0.321461	0.848961	0.419438	-0.926550	0.373391	-0.045644	-0.195364	-0.373957	0.906636
19220	3.802731	-0.549413	9.695380	0.053741	-0.180794	0.043287	0.320733	0.848422	0.421083	-0.926776	0.372866	-0.045360	-0.195491	-0.375701	0.905887
19221	3.911244	-0.521252	9.622726	0.038989	-0.252477	0.040389	0.319896	0.847618	0.423332	-0.926960	0.372425	-0.045222	-0.195991	-0.377946	0.904845
19222	3.955094	-0.579496	9.554653	0.040986	-0.329151	0.040903	0.318896	0.846499	0.426316	-0.927153	0.371966	-0.045046	-0.196707	-0.380895	0.903452
19223	4.096779	-0.472487	9.542385	0.032470	-0.391215	0.047551	0.317715	0.845176	0.429807	-0.927346	0.371489	-0.045001	-0.197703	-0.384283	0.901798
19224	4.112594	-0.497913	9.483672	0.022665	-0.445681	0.049305	0.316400	0.843615	0.433826	-0.927529	0.371028	-0.045031	-0.198950	-0.388139	0.899871
19225	4.097421	-0.255830	9.504835	0.026600	-0.496731	0.062189	0.314863	0.841905	0.438244	-0.927757	0.370450	-0.045106	-0.200323	-0.392381	0.897724
19226	4.183659	-0.362052	9.499028	0.002801	-0.570403	0.075789	0.313037	0.839910	0.443349	-0.927982	0.369845	-0.045436	-0.202132	-0.397197	0.895197
19227	4.259517	-0.277701	9.407004	0.002946	-0.622460	0.086619	0.311001	0.837740	0.448854	-0.928236	0.369156	-0.045838	-0.204098	-0.402387	0.892429
19228	4.201921	-0.427167	9.440841	-0.017722	-0.673478	0.098118	0.308733	0.835350	0.454834	-0.928486	0.368451	-0.046459	-0.206394	-0.407964	0.889363
19229	4.301936	-0.484273	9.451471	-0.027719	-0.748518	0.098911	0.306292	0.832636	0.461413	-0.928710	0.367790	-0.047199	-0.209003	-0.414062	0.885929
19230	4.251209	-0.304439	9.521656	-0.058997	-0.830011	0.107197	0.303574	0.829542	0.468724	-0.928895	0.367189	-0.048238	-0.212126	-0.420752	0.882026
19231	4.413966	-0.493060	9.398849	-0.076341	-0.905703	0.110244	0.300645	0.826103	0.476619	-0.929043	0.366650	-0.049471	-0.215621	-0.427926	0.877717
19232	4.403633	-0.486046	9.541398	-0.088989	-1.005701	0.111210	0.297449	0.822143	0.485392	-0.929163	0.366162	-0.050803	-0.219499	-0.435897	0.872820
19233	4.250430	-0.550402	9.516497	-0.119679	-1.117756	0.107436	0.294004	0.817616	0.495041	-0.929194	0.365858	-0.052410	-0.223966	-0.444580	0.867288
19234	4.236292	-0.429759	9.746659	-0.179279	-1.285453	0.101707	0.290170	0.812186	0.506118	-0.929066	0.365880	-0.054485	-0.229430	-0.454407	0.860741
19235	3.931957	-0.215571	9.916488	-0.254591	-1.495398	0.109886	0.285700	0.805712	0.518848	-0.928768	0.366212	-0.057266	-0.236149	-0.465528	0.852946
19236	3.938654	-0.170517	10.047601	-0.385118	-1.781287	0.148818	0.280059	0.797825	0.533893	-0.928244	0.366882	-0.061332	-0.244808	-0.478406	0.843325
19237	3.444101	0.148700	10.452254	-0.504702	-2.155301	0.212867	0.272725	0.788137	0.551779	-0.927547	0.367696	-0.066748	-0.255493	-0.493598	0.831315
19238	2.996441	0.357774	10.740476	-0.674848	-2.606246	0.292789	0.263202	0.776091	0.573068	-0.926544	0.368844	-0.073967	-0.268778	-0.511504	0.816163
19239	3.194019	0.385126	11.341828	-0.771596	-3.148953	0.395408	0.250870	0.761119	0.598132	-0.925405	0.369882	-0.082536	-0.284059	-0.532809	0.797136
19240	4.495894	0.283516	11.440252	-0.945187	-3.538721	0.513008	0.235788	0.743727	0.625520	-0.923867	0.371214	-0.093115	-0.301454	-0.555941	0.774632
19241	5.556751	0.584072	11.920963	-1.108946	-3.905648	0.686361	0.217342	0.724102	0.654552	-0.921951	0.372525	-0.105977	-0.320576	-0.580432	0.748552
19242	6.348826	0.987767	12.695343	-1.387081	-4.229981	0.864713	0.195384	0.702220	0.684626	-0.919119	0.374630	-0.121952	-0.342118	-0.605425	0.718620
19243	7.395713	0.671767	13.564110	-1.744084	-4.645502	1.116570	0.168719	0.677724	0.715699	-0.914951	0.377751	-0.142017	-0.366604	-0.630868	0.683818
19244	8.858268	0.979679	14.907327	-1.995083	-4.839666	1.304627	0.138468	0.651516	0.745891	-0.909363	0.381960	-0.164817	-0.392282	-0.655464	0.645354
19245	12.027824	-0.624697	15.670874	-2.156798	-4.998890	1.293341	0.106541	0.623169	0.774796	-0.902192	0.388147	-0.188127	-0.417970	-0.678972	0.603572
19246	12.298559	-2.324749	15.262872	-1.978164	-4.906016	1.146439	0.075200	0.593765	0.801117	-0.894724	0.394870	-0.208680	-0.440244	-0.701085	0.560950
19247	11.864822	-2.427774	15.131352	-1.476408	-4.668494	0.951046	0.045842	0.564359	0.824256	-0.888668	0.399902	-0.224384	-0.456255	-0.722203	0.519860
19248	9.204424	-0.854116	14.056272	-1.191716	-4.485845	0.911253	0.017043	0.535139	0.844592	-0.883425	0.403665	-0.237938	-0.468262	-0.742079	0.479635
19249	6.410334	1.480958	12.967683	-1.152900	-4.197343	1.044787	-0.011969	0.507917	0.861323	-0.877986	0.406895	-0.252145	-0.478537	-0.759248	0.441073
19250	3.381936	3.732967	12.551959	-1.525499	-3.733044	1.314992	-0.041547	0.484691	0.873698	-0.870220	0.412092	-0.269993	-0.490908	-0.771527	0.404667
19251	-4.124235	6.773351	9.956294	-2.144737	-3.013735	1.632125	-0.070628	0.468224	0.880783	-0.858596	0.420936	-0.292618	-0.507764	-0.776904	0.372285
19252	10.087000	0.954878	15.118509	-2.526928	-4.950510	0.936094	-0.104158	0.433447	0.895139	-0.844709	0.436542	-0.309674	-0.524994	-0.788387	0.320667
19253	11.495530	2.501880	17.643301	-1.528120	-1.351305	0.195858	-0.112876	0.423750	0.898718	-0.836400	0.447745	-0.316163	-0.536371	-0.787375	0.303885
19254	2.015600	1.564394	13.610377	-0.822206	0.376780	-0.329016	-0.108083	0.425185	0.898630	-0.832306	0.455638	-0.315690	-0.543677	-0.782056	0.304637
19255	-3.665041	1.799718	13.021964	-0.498725	1.190739	-0.555712	-0.096838	0.432004	0.896658	-0.830173	0.461895	-0.312196	-0.549031	-0.774613	0.313909
19256	-4.768739	2.302066	11.399754	-0.265191	1.235381	-0.599189	-0.085050	0.438714	0.894593	-0.829239	0.466594	-0.307658	-0.552385	-0.767997	0.324115
19257	-3.207407	1.983171	11.217866	-0.287923	1.531269	-0.559409	-0.071794	0.447909	0.891192	-0.828108	0.471260	-0.303565	-0.555952	-0.759797	0.337084
19258	-1.798674	0.335983	11.617800	-0.144343	2.107455	-0.528191	-0.055664	0.461279	0.885507	-0.827621	0.474795	-0.299356	-0.558521	-0.749527	0.355335
19259	-1.502807	-0.512113	11.272768	0.167928	2.703533	-0.520856	-0.036106	0.479043	0.877048	-0.828826	0.475977	-0.294099	-0.558341	-0.737539	0.379858
19260	-1.706204	-0.529599	10.526831	0.512951	3.166668	-0.487125	-0.014420	0.499842	0.865996	-0.831783	0.474656	-0.287816	-0.554913	-0.724472	0.408916
19261	-1.305144	-0.314408	10.320572	0.776596	3.472932	-0.438229	0.008551	0.522837	0.852390	-0.836110	0.471305	-0.280700	-0.548496	-0.710291	0.441179
19262	-0.236922	-0.356692	10.637150	0.962841	3.711403	-0.385208	0.031991	0.547076	0.836472	-0.841249	0.466645	-0.273025	-0.539700	-0.694947	0.475156
19263	1.275228	-0.620993	11.019025	1.156807	3.974420	-0.354505	0.056366	0.572877	0.817701	-0.847298	0.460667	-0.264335	-0.528119	-0.677937	0.511363
19264	2.532718	-0.873853	11.210854	1.357513	4.295719	-0.344432	0.081690	0.599988	0.795827	-0.854110	0.453657	-0.254347	-0.513638	-0.658946	0.549514
19265	3.013297	-1.082799	10.833415	1.581554	4.584030	-0.352931	0.108015	0.628289	0.770445	-0.861784	0.445548	-0.242519	-0.495642	-0.637762	0.589575
19266	3.190347	-1.210414	10.356790	1.795591	4.759407	-0.370825	0.134330	0.656442	0.742320	-0.870022	0.436726	-0.228762	-0.474359	-0.615105	0.629785
19267	3.623412	-1.173280	10.205001	1.968378	4.803508	-0.399796	0.160187	0.683852	0.711820	-0.878556	0.427514	-0.213007	-0.449978	-0.591252	0.669284
19268	4.638223	-1.016414	10.860033	2.101029	4.797770	-0.441937	0.185058	0.709736	0.679726	-0.886945	0.418472	-0.195475	-0.423182	-0.566705	0.706938
19269	6.208389	-1.136199	12.198406	2.157299	4.815796	-0.473967	0.209119	0.734591	0.645481	-0.894848	0.409939	-0.176625	-0.394355	-0.540672	0.743074
19270	8.365884	-1.504210	13.979687	2.207245	4.972172	-0.481699	0.232315	0.758797	0.608488	-0.902129	0.401957	-0.156823	-0.363582	-0.512502	0.777913
19271	9.739266	-2.001613	14.888607	2.249193	5.268985	-0.458397	0.254887	0.783274	0.567022	-0.908829	0.394320	-0.136170	-0.330247	-0.480618	0.812369
19272	9.962986	-2.798650	15.303394	2.338465	5.560379	-0.383316	0.275772	0.807507	0.521423	-0.915094	0.386582	-0.114707	-0.294199	-0.445518	0.845554
19273	9.407470	-3.867836	14.886408	2.470764	5.724710	-0.274441	0.294138	0.831001	0.472144	-0.921103	0.378296	-0.091990	-0.255054	-0.407835	0.876709
19274	9.460172	-4.929941	14.904757	2.669579	5.649008	-0.085472	0.308189	0.852643	0.421924	-0.927081	0.368670	-0.067850	-0.213403	-0.370247	0.904089
19275	11.530717	-6.545606	15.733194	2.897454	5.449900	0.148448	0.317337	0.872449	0.371657	-0.933086	0.357213	-0.041834	-0.169259	-0.333513	0.927427
19276	15.348882	-7.993818	17.049800	3.180216	5.333221	0.382621	0.321564	0.890607	0.321584	-0.938932	0.343842	-0.013374	-0.122485	-0.297645	0.946787
19277	16.502267	-9.277348	16.696411	3.301936	5.411800	0.525424	0.322009	0.907525	0.269646	-0.943852	0.329948	0.016662	-0.073848	-0.259871	0.962815
19278	16.717122	1.307530	21.583852	0.480639	2.700128	1.158370	0.312899	0.917967	0.243783	-0.947840	0.318221	0.018303	-0.060775	-0.236794	0.969657
19279	25.782623	-21.389812	-9.922095	0.627306	3.469662	1.138420	0.303969	0.929250	0.209994	-0.951665	0.306358	0.021873	-0.044008	-0.206493	0.977458
19280	31.081720	-6.094856	7.889237	-0.066541	3.188473	1.309598	0.292772	0.939275	0.179018	-0.955535	0.294288	0.018641	-0.035173	-0.176515	0.983669
19281	27.812985	-9.092435	-7.090522	0.554961	2.890929	1.182336	0.282323	0.947427	0.150583	-0.959079	0.282270	0.022180	-0.021491	-0.150683	0.988348
19282	23.592310	-7.583039	-14.328510	-0.416302	1.778431	0.823266	0.274823	0.952228	0.133169	-0.961274	0.275077	0.016858	-0.020579	-0.132645	0.990950
19283	17.341416	-8.547537	-12.458183	0.463391	0.353543	0.074508	0.274213	0.952899	0.129575	-0.961550	0.273800	0.021349	-0.015134	-0.130447	0.991340
19284	20.199600	-6.652698	-16.481220	-0.857430	-1.653537	-0.824269	0.281804	0.948325	0.145831	-0.959063	0.282848	0.013959	-0.028010	-0.143795	0.989211
19285	20.429488	-8.876584	-9.738417	-1.572682	-2.854077	-0.956833	0.289874	0.941137	0.173881	-0.955692	0.294368	-0.000057	-0.051238	-0.166160	0.984767
19286	0.765520	-10.194032	7.053457	-0.616892	-3.083749	-0.574679	0.293581	0.933869	0.204203	-0.953641	0.300903	-0.005060	-0.066170	-0.193251	0.978916
19287	3.027783	-4.195331	19.750284	-1.331175	-2.788730	0.241248	0.289183	0.928895	0.231360	-0.953310	0.301421	-0.018618	-0.087031	-0.215173	0.972690
19288	1.131624	-6.858065	12.019619	-1.665105	-2.853030	0.878546	0.278006	0.925062	0.258790	-0.954139	0.297078	-0.036937	-0.111049	-0.236653	0.965227
19289	6.404422	-6.034546	8.789078	-0.623101	-3.146394	0.545390	0.269114	0.918798	0.288770	-0.954876	0.293658	-0.044469	-0.125657	-0.263772	0.956365
19290	11.418111	-1.945526	13.259907	0.120837	-3.214791	0.034452	0.264653	0.909923	0.319373	-0.955110	0.293047	-0.043451	-0.133128	-0.293537	0.946632
19291	24.534214	-2.299284	25.899026	0.176146	-2.598763	0.224122	0.259019	0.902632	0.343749	-0.955918	0.290530	-0.042591	-0.138313	-0.317564	0.938095
19292	14.693225	-0.952577	14.148234	-0.738554	-0.353554	0.115966	0.257436	0.901827	0.347037	-0.955152	0.291875	-0.049939	-0.146327	-0.318617	0.936521
19293	1.003237	2.719747	8.650264	0.118430	-0.798030	0.049970	0.255816	0.899389	0.354482	-0.955435	0.291095	-0.049063	-0.147315	-0.326133	0.933775
19294	6.667385	-3.088778	12.891936	-0.710205	-0.609814	-0.019560	0.255107	0.897314	0.360206	-0.954295	0.293642	-0.055640	-0.155698	-0.329548	0.931212
19295	3.387458	-3.078622	7.401661	0.171470	-0.473428	-0.023742	0.254626	0.895662	0.364631	-0.954482	0.293338	-0.054014	-0.155338	-0.334280	0.929584
19296	4.394934	3.096297	11.240476	0.204508	-0.501339	0.012147	0.253761	0.893990	0.369307	-0.954815	0.292583	-0.052183	-0.154704	-0.339378	0.927841
19297	4.961031	0.245082	9.618176	-0.313197	-0.432672	0.047479	0.252658	0.892643	0.373300	-0.954426	0.293278	-0.055315	-0.158857	-0.342311	0.926060
19298	4.533749	-1.695078	9.955887	-0.103507	-0.314058	0.040485	0.251797	0.891663	0.376211	-0.954348	0.293315	-0.056448	-0.160681	-0.344822	0.924813
19299	3.785914	-1.034858	9.659160	0.014186	-0.285642	0.010702	0.251263	0.890694	0.378854	-0.954379	0.293222	-0.056410	-0.161333	-0.347397	0.923735
19300	3.993204	-1.028334	10.049779	-0.064685	-0.323196	-0.001548	0.250782	0.889543	0.381866	-0.954255	0.293505	-0.057025	-0.162805	-0.350097	0.922457
19301	3.924094	-1.326725	9.589868	-0.026022	-0.309461	-0.008005	0.250380	0.888420	0.384732	-0.954173	0.293720	-0.057287	-0.163898	-0.352758	0.921249
19302	4.137647	-0.593976	9.844120	0.052237	-0.328555	0.004550	0.249825	0.887250	0.387781	-0.954256	0.293538	-0.056846	-0.164265	-0.355841	0.919997
19303	4.105499	-1.127024	9.562584	-0.009104	-0.309627	-0.000473	0.249347	0.886131	0.390638	-0.954220	0.293626	-0.056982	-0.165195	-0.358546	0.918779
19304	4.187344	-1.084452	9.580277	0.039088	-0.298441	-0.007358	0.248951	0.885016	0.393409	-0.954252	0.293594	-0.056617	-0.165609	-0.361316	0.917619
19305	4.175543	-0.711477	9.569114	0.018726	-0.266740	-0.011216	0.248643	0.884004	0.395871	-0.954236	0.293678	-0.056455	-0.166165	-0.363717	0.916569
19306	4.428924	-0.922228	9.764834	-0.008396	-0.264567	-0.003669	0.248265	0.883008	0.398323	-0.954198	0.293785	-0.056539	-0.166946	-0.366043	0.915501
19307	4.963467	-1.152186	9.373011	-0.027167	-0.130101	-0.016198	0.248229	0.882471	0.399533	-0.954093	0.294080	-0.056777	-0.167599	-0.367098	0.914959
19308	4.426242	-0.617352	9.672540	0.019576	-0.157261	-0.017810	0.248162	0.881821	0.401008	-0.954067	0.294209	-0.056549	-0.167847	-0.368555	0.914327
19309	4.248659	-0.630000	9.401773	-0.022917	-0.117411	-0.015613	0.248140	0.881329	0.402102	-0.953970	0.294484	-0.056750	-0.168428	-0.369511	0.913835
19310	4.154723	-0.858036	9.396067	-0.013376	-0.113568	-0.021057	0.248177	0.880827	0.403178	-0.953880	0.294763	-0.056810	-0.168882	-0.370484	0.913357
19311	4.130366	-0.655239	9.476616	0.004722	-0.113987	-0.019176	0.248194	0.880335	0.404241	-0.953821	0.294968	-0.056744	-0.169191	-0.371490	0.912891
19312	4.297140	-0.605115	9.405908	0.003491	-0.117066	-0.017420	0.248189	0.879828	0.405346	-0.953769	0.295152	-0.056663	-0.169493	-0.372543	0.912406
19313	4.271154	-0.511759	9.438786	-0.005580	-0.098918	-0.015184	0.248192	0.879401	0.406268	-0.953702	0.295359	-0.056707	-0.169863	-0.373385	0.911993
19314	4.223704	-0.529612	9.379558	0.014478	-0.081443	-0.005663	0.248135	0.879060	0.407041	-0.953698	0.295399	-0.056574	-0.169971	-0.374156	0.911656
19315	4.303469	-0.485750	9.450292	0.002124	-0.087193	-0.001850	0.248031	0.878715	0.407848	-0.953677	0.295460	-0.056600	-0.170238	-0.374917	0.911294
19316	4.373491	-0.672054	9.349335	0.003101	-0.062434	0.006872	0.247886	0.878481	0.408440	-0.953684	0.295432	-0.056622	-0.170407	-0.375487	0.911027
19317	4.311799	-0.584853	9.450563	0.031620	-0.054057	0.015366	0.247674	0.878310	0.408936	-0.953757	0.295231	-0.056450	-0.170311	-0.376044	0.910816
19318	4.261529	-0.801344	9.427628	0.024262	-0.051019	0.009577	0.247523	0.878127	0.409422	-0.953807	0.295100	-0.056290	-0.170250	-0.376576	0.910607
19319	4.095306	-0.615871	9.462920	0.068558	-0.063124	0.012046	0.247327	0.877911	0.410002	-0.953934	0.294789	-0.055768	-0.169823	-0.377322	0.910378
19320	4.210349	-0.593085	9.440790	0.044341	-0.073764	0.015872	0.247077	0.877659	0.410691	-0.954033	0.294526	-0.055451	-0.169626	-0.378112	0.910087
19321	4.157505	-0.721137	9.468672	0.057308	-0.085669	0.017327	0.246793	0.877373	0.411473	-0.954154	0.294210	-0.055054	-0.169362	-0.379022	0.909758
19322	4.203174	-0.686299	9.395419	0.066116	-0.096904	0.019747	0.246468	0.877043	0.412370	-0.954300	0.293830	-0.054555	-0.169014	-0.380079	0.909381
19323	4.272092	-0.616867	9.416707	0.060360	-0.099344	0.020633	0.246130	0.876712	0.413275	-0.954433	0.293472	-0.054145	-0.168754	-0.381116	0.908995
19324	4.201625	-0.558094	9.444158	0.085069	-0.100754	0.022752	0.245770	0.876374	0.414204	-0.954618	0.292992	-0.053487	-0.168234	-0.382261	0.908611
19325	4.240010	-0.655653	9.326627	0.063190	-0.106059	0.028730	0.245344	0.876039	0.415165	-0.954775	0.292552	-0.053085	-0.167962	-0.383365	0.908196
19326	4.201933	-0.548350	9.391303	0.090244	-0.104297	0.034562	0.244866	0.875720	0.416120	-0.954996	0.291947	-0.052431	-0.167399	-0.384554	0.907797
19327	4.327295	-0.501524	9.362654	0.069349	-0.120762	0.042788	0.244282	0.875366	0.417205	-0.955198	0.291359	-0.052032	-0.167103	-0.385803	0.907322
19328	4.169495	-0.578386	9.354158	0.080353	-0.114645	0.042994	0.243707	0.875028	0.418249	-0.955422	0.290716	-0.051504	-0.166659	-0.387053	0.906871
19329	4.233968	-0.532288	9.377830	0.068774	-0.122434	0.052222	0.243031	0.874692	0.419345	-0.955645	0.290046	-0.051151	-0.166370	-0.388313	0.906385
19330	4.175048	-0.596220	9.459692	0.071077	-0.142626	0.056767	0.242279	0.874281	0.420634	-0.955886	0.289317	-0.050766	-0.166081	-0.389779	0.905809
