// General information: 
//  MT Manager version: 2022.2.0 
//  XDA version: 2022.2.0 build 7381 rev 124627 built on 2023-07-19
// Device information: 
//  DeviceId: 00B4CBA7
//  ProductCode: MTW2-3A7G6
//  Firmware Version: 4.6.0
//  Hardware Version: 2.0.0
// Device settings: 
//  Filter Profile: human(46.1)
//  Option Flags: Orientation Smoother Disabled, Position/Velocity Smoother Disabled, Continuous Zero Rotation Update Disabled, AHS Disabled, ICC Disabled
// Coordinate system: ENU
PacketCounter	Acc_X	Acc_Y	Acc_Z	Gyr_X	Gyr_Y	Gyr_Z	Mat[1][1]	Mat[2][1]	Mat[3][1]	Mat[1][2]	Mat[2][2]	Mat[3][2]	Mat[1][3]	Mat[2][3]	Mat[3][3]
46845	9.473385	-0.175177	-1.439258	0.012822	0.021609	0.000241	-0.140745	0.101214	0.984859	0.568562	0.822634	-0.003290	-0.810511	0.559490	-0.173328
46846	9.479229	-0.126965	-1.245347	0.033479	0.011838	-0.005202	-0.140697	0.101071	0.984880	0.568263	0.822841	-0.003262	-0.810729	0.559212	-0.173206
46847	9.499806	-0.030106	-1.105203	0.030223	0.003852	-0.004860	-0.140710	0.100974	0.984888	0.568008	0.823016	-0.003228	-0.810905	0.558971	-0.173161
46848	9.585423	0.058976	-1.090063	0.017216	-0.009394	-0.001954	-0.140813	0.100976	0.984873	0.567858	0.823120	-0.003202	-0.810992	0.558818	-0.173246
46849	9.700801	0.138331	-1.223141	-0.008928	-0.017617	-0.006235	-0.141009	0.100988	0.984844	0.567920	0.823078	-0.003086	-0.810915	0.558877	-0.173414
46850	9.694435	0.018186	-1.461316	-0.023010	-0.026889	-0.002327	-0.141257	0.101086	0.984799	0.568100	0.822954	-0.002986	-0.810746	0.559042	-0.173675
46851	9.807178	0.092356	-1.668606	-0.007058	-0.023943	-0.000143	-0.141469	0.101183	0.984758	0.568155	0.822916	-0.002934	-0.810671	0.559080	-0.173905
46852	9.813711	0.230363	-1.925527	-0.025090	-0.016546	0.001906	-0.141609	0.101257	0.984730	0.568346	0.822785	-0.002874	-0.810512	0.559260	-0.174062
46853	9.601004	0.108934	-2.131576	-0.058577	-0.009675	0.008670	-0.141655	0.101347	0.984714	0.568830	0.822450	-0.002819	-0.810164	0.559736	-0.174154
46854	9.620800	-0.116138	-2.142020	-0.028543	-0.016164	0.005394	-0.141772	0.101446	0.984687	0.569042	0.822304	-0.002788	-0.809995	0.559933	-0.174307
46855	9.673779	-0.094669	-2.096686	-0.037335	0.008429	0.006718	-0.141683	0.101419	0.984703	0.569352	0.822089	-0.002750	-0.809793	0.560253	-0.174219
46856	9.555831	-0.108891	-2.017642	-0.001265	0.007975	0.011323	-0.141571	0.101434	0.984718	0.569371	0.822076	-0.002823	-0.809799	0.560270	-0.174135
46857	9.562588	-0.060216	-1.800009	-0.002338	0.011947	0.012326	-0.141421	0.101433	0.984739	0.569405	0.822052	-0.002902	-0.809801	0.560305	-0.174012
46858	9.482577	-0.138530	-1.644155	0.013850	0.007716	0.012470	-0.141304	0.101457	0.984754	0.569303	0.822122	-0.003012	-0.809893	0.560198	-0.173929
46859	9.504902	-0.146879	-1.496869	0.039348	0.004365	0.012561	-0.141214	0.101501	0.984762	0.569000	0.822332	-0.003165	-0.810122	0.559882	-0.173879
46860	9.557439	0.014040	-1.411758	0.053942	0.001699	0.006824	-0.141179	0.101515	0.984766	0.568566	0.822631	-0.003290	-0.810432	0.559440	-0.173856
46861	9.693091	0.115768	-1.447956	0.046198	-0.000735	0.012772	-0.141130	0.101589	0.984765	0.568207	0.822878	-0.003457	-0.810693	0.559063	-0.173856
46862	9.741432	0.124918	-1.548436	0.018299	-0.002174	0.014047	-0.141086	0.101685	0.984761	0.568073	0.822971	-0.003592	-0.810795	0.558909	-0.173874
46863	9.698956	0.105515	-1.791313	-0.000844	-0.010700	0.014440	-0.141108	0.101829	0.984743	0.568097	0.822953	-0.003694	-0.810774	0.558909	-0.173973
46864	9.678659	-0.027287	-1.928828	-0.006425	-0.002374	0.019924	-0.141030	0.101973	0.984740	0.568182	0.822894	-0.003841	-0.810728	0.558969	-0.173992
46865	9.592581	-0.047311	-1.925046	-0.001844	-0.004330	0.017669	-0.140982	0.102108	0.984732	0.568219	0.822868	-0.003973	-0.810710	0.558984	-0.174029
46866	9.560118	-0.080198	-1.872961	-0.010667	0.000363	0.016321	-0.140903	0.102204	0.984734	0.568312	0.822803	-0.004079	-0.810659	0.559062	-0.174020
46867	9.563297	-0.074572	-1.775505	-0.014509	0.001922	0.016263	-0.140813	0.102293	0.984738	0.568451	0.822707	-0.004175	-0.810577	0.559187	-0.173996
46868	9.585851	-0.046203	-1.606888	-0.021939	-0.000929	0.015232	-0.140750	0.102387	0.984737	0.568640	0.822576	-0.004251	-0.810456	0.559362	-0.173999
46869	9.606187	-0.093216	-1.530946	-0.026289	-0.001783	0.008284	-0.140734	0.102431	0.984734	0.568862	0.822422	-0.004248	-0.810302	0.559580	-0.174012
46870	9.589870	-0.109698	-1.505403	-0.014011	-0.010016	0.014435	-0.140749	0.102571	0.984718	0.568997	0.822328	-0.004327	-0.810205	0.559693	-0.174104
46871	9.658263	-0.075690	-1.510933	-0.005803	-0.006367	0.014267	-0.140737	0.102689	0.984707	0.569062	0.822283	-0.004419	-0.810162	0.559737	-0.174162
46872	9.621862	-0.010327	-1.539823	0.007638	-0.011827	0.014469	-0.140768	0.102843	0.984687	0.569027	0.822306	-0.004537	-0.810180	0.559675	-0.174275
46873	9.669061	0.067927	-1.646060	-0.008962	-0.010755	0.017957	-0.140770	0.103016	0.984668	0.569123	0.822239	-0.004660	-0.810113	0.559741	-0.174376
46874	9.615048	-0.027117	-1.736807	-0.019096	-0.013618	0.018100	-0.140793	0.103204	0.984645	0.569286	0.822126	-0.004768	-0.809994	0.559873	-0.174502
46875	9.563330	-0.116825	-1.754972	-0.016151	-0.019568	0.016013	-0.140878	0.103410	0.984612	0.569437	0.822021	-0.004859	-0.809873	0.559990	-0.174690
46876	9.597946	-0.152152	-1.755520	-0.007978	-0.017121	0.014726	-0.140949	0.103593	0.984582	0.569526	0.821959	-0.004951	-0.809799	0.560047	-0.174853
46877	9.648775	-0.101319	-1.762183	-0.000830	-0.009504	0.015557	-0.140954	0.103739	0.984566	0.569552	0.821940	-0.005064	-0.809779	0.560047	-0.174941
46878	9.629847	-0.052983	-1.790492	-0.012850	-0.010386	0.016791	-0.140960	0.103901	0.984548	0.569671	0.821856	-0.005171	-0.809694	0.560140	-0.175039
46879	9.613834	-0.104414	-1.763220	-0.011826	-0.015555	0.014674	-0.141020	0.104074	0.984521	0.569785	0.821777	-0.005256	-0.809604	0.560225	-0.175187
46880	9.649339	-0.138096	-1.739026	0.005668	-0.012247	0.013323	-0.141060	0.104220	0.984500	0.569767	0.821789	-0.005358	-0.809610	0.560180	-0.175302
46881	9.564733	-0.083581	-1.667570	0.007305	-0.008258	0.013152	-0.141069	0.104339	0.984486	0.569724	0.821818	-0.005462	-0.809638	0.560115	-0.175378
46882	9.600306	-0.046522	-1.623431	0.003312	-0.011483	0.008634	-0.141130	0.104443	0.984466	0.569713	0.821825	-0.005515	-0.809635	0.560085	-0.175487
46883	9.637527	-0.076339	-1.550478	0.002453	-0.014674	0.007605	-0.141223	0.104552	0.984441	0.569702	0.821833	-0.005556	-0.809627	0.560053	-0.175626
46884	9.638948	-0.073575	-1.503385	-0.000365	-0.018281	0.005433	-0.141357	0.104665	0.984410	0.569704	0.821831	-0.005572	-0.809602	0.560034	-0.175800
46885	9.653612	0.044577	-1.538487	-0.008035	-0.018307	0.013621	-0.141445	0.104845	0.984378	0.569786	0.821774	-0.005654	-0.809529	0.560085	-0.175975
46886	9.698478	0.013563	-1.735702	-0.035648	-0.020110	0.007956	-0.141579	0.104989	0.984344	0.570076	0.821573	-0.005633	-0.809301	0.560353	-0.176169
46887	9.575778	-0.149370	-1.820116	-0.023751	-0.022823	0.003368	-0.141762	0.105109	0.984305	0.570271	0.821438	-0.005586	-0.809132	0.560528	-0.176390
46888	9.593217	-0.201208	-1.819409	0.001082	-0.023431	0.007973	-0.141924	0.105271	0.984264	0.570250	0.821452	-0.005632	-0.809119	0.560477	-0.176614
46889	9.574113	-0.152119	-1.848567	0.002405	-0.015870	0.006487	-0.142032	0.105378	0.984237	0.570237	0.821461	-0.005661	-0.809108	0.560444	-0.176765
46890	9.556393	-0.065084	-1.831144	0.006985	-0.017834	0.004220	-0.142168	0.105476	0.984207	0.570174	0.821504	-0.005678	-0.809129	0.560362	-0.176932
46891	9.644775	-0.042496	-1.763986	-0.008016	-0.013952	0.006447	-0.142262	0.105573	0.984183	0.570246	0.821454	-0.005689	-0.809062	0.560417	-0.177064
46892	9.659370	-0.064952	-1.837674	-0.017655	-0.011237	0.005205	-0.142339	0.105645	0.984164	0.570397	0.821350	-0.005671	-0.808942	0.560557	-0.177169
46893	9.642562	-0.116950	-1.834333	-0.010570	-0.006024	0.003793	-0.142383	0.105675	0.984154	0.570485	0.821288	-0.005651	-0.808872	0.560641	-0.177224
46894	9.659426	-0.170420	-1.856318	0.008034	-0.005505	0.002531	-0.142432	0.105695	0.984145	0.570425	0.821330	-0.005654	-0.808906	0.560575	-0.177275
46895	9.626688	-0.097437	-1.787132	0.024016	-0.002608	0.004679	-0.142444	0.105713	0.984142	0.570235	0.821462	-0.005704	-0.809038	0.560379	-0.177293
46896	9.630660	-0.055365	-1.668004	0.024795	-0.001810	0.003477	-0.142455	0.105717	0.984140	0.570028	0.821605	-0.005745	-0.809181	0.560169	-0.177303
46897	9.648119	-0.002467	-1.648315	0.021148	-0.007407	0.001396	-0.142524	0.105735	0.984128	0.569857	0.821724	-0.005758	-0.809290	0.559991	-0.177369
46898	9.647524	-0.038948	-1.670889	-0.003207	-0.005579	0.002581	-0.142571	0.105752	0.984119	0.569871	0.821714	-0.005742	-0.809271	0.560003	-0.177418
46899	9.576069	-0.149778	-1.759075	-0.002467	-0.005980	0.000263	-0.142635	0.105753	0.984109	0.569889	0.821702	-0.005701	-0.809247	0.560020	-0.177471
46900	9.541058	-0.115710	-1.760783	0.013390	-0.006672	-0.000937	-0.142712	0.105748	0.984099	0.569758	0.821793	-0.005682	-0.809326	0.559888	-0.177530
46901	9.609570	-0.080780	-1.766235	0.012293	-0.003896	-0.001050	-0.142767	0.105726	0.984093	0.569655	0.821865	-0.005654	-0.809389	0.559786	-0.177562
46902	9.576001	-0.008854	-1.721347	-0.000822	-0.001993	0.000088	-0.142799	0.105703	0.984091	0.569657	0.821863	-0.005616	-0.809382	0.559793	-0.177575
46903	9.595658	0.013964	-1.650560	-0.014142	-0.006075	-0.004351	-0.142890	0.105666	0.984082	0.569763	0.821790	-0.005510	-0.809291	0.559906	-0.177630
46904	9.578018	-0.038724	-1.671239	-0.029261	-0.005783	-0.005467	-0.142984	0.105619	0.984073	0.569979	0.821642	-0.005368	-0.809122	0.560134	-0.177682
46905	9.578811	-0.035754	-1.647510	-0.041726	-0.006670	-0.008873	-0.143106	0.105548	0.984063	0.570302	0.821419	-0.005168	-0.808874	0.560473	-0.177745
46906	9.647224	-0.069751	-1.672693	-0.049057	-0.005913	-0.006537	-0.143208	0.105494	0.984054	0.570693	0.821149	-0.004978	-0.808580	0.560880	-0.177800
46907	9.663590	-0.157381	-1.716896	-0.060397	-0.008374	-0.008710	-0.143343	0.105435	0.984041	0.571166	0.820821	-0.004747	-0.808222	0.561370	-0.177879
46908	9.629758	-0.224768	-1.712009	-0.028752	-0.012148	-0.013357	-0.143533	0.105358	0.984021	0.571371	0.820680	-0.004527	-0.808043	0.561591	-0.177993
46909	9.651606	-0.161530	-1.571361	-0.017109	-0.013254	-0.009866	-0.143714	0.105317	0.983999	0.571492	0.820596	-0.004361	-0.807925	0.561721	-0.178119
46910	9.561767	-0.114404	-1.646156	-0.012214	-0.018788	-0.010825	-0.143944	0.105302	0.983967	0.571598	0.820523	-0.004192	-0.807809	0.561830	-0.178299
46911	9.546339	-0.056536	-1.577593	-0.009091	-0.015596	-0.015636	-0.144176	0.105226	0.983941	0.571646	0.820490	-0.003983	-0.807734	0.561892	-0.178447
46912	9.624754	-0.120265	-1.798126	-0.020429	-0.018060	-0.017808	-0.144441	0.105150	0.983911	0.571789	0.820392	-0.003734	-0.807585	0.562050	-0.178622
46913	9.636850	-0.179592	-1.943145	-0.009182	-0.017982	-0.017867	-0.144706	0.105069	0.983880	0.571835	0.820361	-0.003503	-0.807505	0.562110	-0.178794
46914	9.618536	-0.267718	-1.987201	0.032296	-0.019683	-0.016845	-0.144978	0.105007	0.983847	0.571541	0.820566	-0.003358	-0.807664	0.561822	-0.178980
46915	9.686821	-0.161191	-1.973955	0.050670	-0.013191	-0.017205	-0.145200	0.104905	0.983825	0.571105	0.820871	-0.003241	-0.807933	0.561396	-0.179102
46916	9.614908	0.045538	-1.986125	0.050021	-0.006041	-0.019826	-0.145380	0.104743	0.983816	0.570664	0.821177	-0.003100	-0.808212	0.560978	-0.179156
46917	9.667720	0.102319	-1.943413	0.007861	-0.002765	-0.017412	-0.145519	0.104581	0.983813	0.570573	0.821242	-0.002904	-0.808252	0.560914	-0.179177
46918	9.629517	0.026616	-2.059008	-0.012567	0.004229	-0.021097	-0.145621	0.104350	0.983822	0.570654	0.821187	-0.002635	-0.808176	0.561038	-0.179130
46919	9.665108	-0.039685	-2.055012	-0.013583	0.009395	-0.018976	-0.145670	0.104107	0.983840	0.570733	0.821132	-0.002385	-0.808111	0.561163	-0.179032
46920	9.597331	-0.107381	-2.046531	-0.005317	0.014230	-0.018053	-0.145676	0.103848	0.983867	0.570748	0.821123	-0.002162	-0.808100	0.561225	-0.178889
46921	9.568631	-0.025650	-1.877961	0.020736	0.017611	-0.018324	-0.145656	0.103564	0.983900	0.570551	0.821260	-0.001980	-0.808243	0.561076	-0.178710
46922	9.641234	0.017921	-1.783319	-0.000716	0.029765	-0.019891	-0.145546	0.103199	0.983954	0.570517	0.821284	-0.001747	-0.808286	0.561108	-0.178411
46923	9.623832	0.000870	-1.803099	-0.008167	0.026924	-0.020900	-0.145465	0.102842	0.984004	0.570550	0.821261	-0.001489	-0.808278	0.561207	-0.178141
46924	9.698663	0.013426	-1.657354	0.009605	0.021117	-0.014910	-0.145395	0.102564	0.984043	0.570443	0.821336	-0.001321	-0.808366	0.561148	-0.177925
46925	9.800188	-0.058576	-1.750623	-0.040749	0.046930	-0.026244	-0.145183	0.102050	0.984128	0.570732	0.821136	-0.000952	-0.808200	0.561535	-0.177458
46926	9.692751	0.145954	-1.804214	0.020868	0.060570	-0.021240	-0.144831	0.101501	0.984236	0.570521	0.821282	-0.000744	-0.808412	0.561420	-0.176856
46927	9.546610	0.249305	-1.531665	0.030725	0.043190	-0.006568	-0.144537	0.101170	0.984314	0.570261	0.821463	-0.000695	-0.808648	0.561215	-0.176425
46928	9.371819	0.206618	-1.616578	-0.021744	0.038775	-0.008516	-0.144289	0.100848	0.984383	0.570406	0.821362	-0.000538	-0.808590	0.561421	-0.176038
46929	9.450491	-0.163179	-1.493258	-0.026930	0.018438	-0.015813	-0.144248	0.100580	0.984417	0.570599	0.821229	-0.000296	-0.808461	0.561664	-0.175851
46930	9.439150	-0.416202	-1.425559	-0.007242	0.001884	-0.025688	-0.144396	0.100324	0.984421	0.570611	0.821220	0.000006	-0.808426	0.561722	-0.175827
46931	9.479114	-0.367223	-1.258785	0.036769	-0.004507	-0.030238	-0.144622	0.100066	0.984414	0.570268	0.821459	0.000277	-0.808628	0.561420	-0.175866
46932	9.482543	-0.144622	-1.078790	0.044290	-0.012397	-0.034594	-0.144936	0.099817	0.984393	0.569860	0.821741	0.000578	-0.808859	0.561051	-0.175982
46933	9.396925	0.125803	-0.949306	0.026756	-0.030062	-0.041950	-0.145435	0.099606	0.984341	0.569580	0.821935	0.000983	-0.808966	0.560804	-0.176272
46934	9.464063	0.163650	-0.982069	-0.029826	-0.045696	-0.044586	-0.146075	0.099461	0.984261	0.569739	0.821824	0.001509	-0.808739	0.560993	-0.176715
46935	9.517965	-0.092194	-1.020492	-0.056456	-0.070202	-0.052769	-0.146961	0.099386	0.984137	0.570116	0.821562	0.002167	-0.808313	0.561390	-0.177399
46936	9.587033	-0.333460	-1.111589	-0.043205	-0.084760	-0.049869	-0.147945	0.099419	0.983986	0.570400	0.821362	0.002774	-0.807933	0.561676	-0.178225
46937	9.616668	-0.264276	-1.199185	0.014018	-0.093716	-0.045089	-0.148977	0.099540	0.983818	0.570217	0.821488	0.003231	-0.807873	0.561471	-0.179142
46938	9.743913	0.045192	-1.332137	0.035240	-0.098644	-0.041476	-0.150026	0.099715	0.983641	0.569840	0.821748	0.003609	-0.807945	0.561059	-0.180105
46939	9.912777	0.142759	-1.795158	-0.022303	-0.088083	-0.038082	-0.150972	0.099862	0.983481	0.569960	0.821663	0.004063	-0.807684	0.561158	-0.180965
46940	9.706551	0.029381	-2.203961	-0.038988	-0.088235	-0.035625	-0.151902	0.100025	0.983321	0.570196	0.821496	0.004519	-0.807342	0.561373	-0.181821
46941	9.640858	-0.183132	-2.586737	-0.017241	-0.082031	-0.039503	-0.152807	0.100127	0.983171	0.570272	0.821441	0.004977	-0.807118	0.561436	-0.182621
46942	9.532969	-0.256714	-2.682028	0.043901	-0.063889	-0.046501	-0.153603	0.100067	0.983053	0.569842	0.821737	0.005392	-0.807271	0.561013	-0.183243
46943	9.433810	-0.175000	-2.517116	0.095547	-0.050198	-0.056746	-0.154349	0.099847	0.982958	0.568980	0.822331	0.005813	-0.807736	0.560181	-0.183737
46944	9.533151	0.013872	-2.122160	0.095064	-0.043433	-0.066315	-0.155092	0.099512	0.982875	0.568126	0.822917	0.006330	-0.808195	0.559379	-0.184163
46945	9.609097	0.104441	-1.914864	0.049392	-0.036813	-0.068575	-0.155796	0.099119	0.982804	0.567617	0.823263	0.006951	-0.808417	0.558939	-0.184523
46946	9.484343	0.023550	-1.637817	0.000671	-0.045349	-0.072480	-0.156590	0.098740	0.982716	0.567490	0.823344	0.007699	-0.808353	0.558887	-0.184961
46947	9.533229	-0.230105	-1.430406	-0.017184	-0.057082	-0.078792	-0.157516	0.098376	0.982604	0.567502	0.823328	0.008543	-0.808165	0.558976	-0.185515
46948	9.587123	-0.377787	-1.452023	0.009652	-0.062273	-0.084570	-0.158514	0.097991	0.982482	0.567278	0.823473	0.009393	-0.808127	0.558830	-0.186120
46949	9.550067	-0.122852	-1.376128	0.031541	-0.068699	-0.084440	-0.159565	0.097645	0.982346	0.566886	0.823733	0.010202	-0.808195	0.558506	-0.186792
46950	9.557629	-0.003037	-1.513681	0.029901	-0.071475	-0.083114	-0.160629	0.097321	0.982205	0.566482	0.824001	0.010997	-0.808268	0.558168	-0.187488
46951	9.598071	0.116261	-1.677774	0.007070	-0.078929	-0.089531	-0.161791	0.096988	0.982047	0.566277	0.824129	0.011901	-0.808179	0.558036	-0.188259
46952	9.702975	0.088383	-2.006003	-0.020851	-0.073767	-0.092970	-0.162930	0.096601	0.981897	0.566285	0.824109	0.012889	-0.807945	0.558133	-0.188976
46953	9.788610	0.040245	-2.380119	-0.011872	-0.061306	-0.098238	-0.163999	0.096098	0.981769	0.566217	0.824139	0.013914	-0.807777	0.558176	-0.189570
46954	9.684308	0.076587	-2.700893	0.019675	-0.046104	-0.101529	-0.164962	0.095482	0.981667	0.565874	0.824357	0.014909	-0.807820	0.557960	-0.190018
46955	9.710780	0.077118	-2.851659	-0.011693	-0.017642	-0.107131	-0.165727	0.094663	0.981618	0.565788	0.824395	0.016022	-0.807724	0.558043	-0.190184
46956	9.639253	-0.026280	-2.962766	-0.014123	0.013672	-0.103855	-0.166220	0.093694	0.981627	0.565703	0.824431	0.017102	-0.807682	0.558153	-0.190040
46957	9.512404	0.212240	-2.603666	0.009614	0.022834	-0.104482	-0.166644	0.092670	0.981653	0.565448	0.824584	0.018148	-0.807773	0.558098	-0.189812
46958	9.671948	0.469171	-2.380039	-0.080562	0.052580	-0.106075	-0.166835	0.091467	0.981733	0.565923	0.824230	0.019380	-0.807402	0.558818	-0.189274
46959	9.697504	0.475929	-2.227631	-0.188521	0.060577	-0.100680	-0.166934	0.090264	0.981828	0.567273	0.823268	0.020763	-0.806433	0.560430	-0.188635
46960	9.676720	0.109142	-2.218864	-0.232963	0.049963	-0.106635	-0.167154	0.089071	0.981899	0.568958	0.822065	0.022284	-0.805200	0.562384	-0.188089
46961	9.859772	-0.364224	-2.385043	-0.216723	0.067858	-0.108584	-0.167244	0.087762	0.982002	0.570517	0.820941	0.023796	-0.804077	0.564228	-0.187367
46962	9.738166	-0.305223	-2.400070	-0.063560	0.081443	-0.093180	-0.167137	0.086501	0.982132	0.570848	0.820679	0.024864	-0.803865	0.564803	-0.186545
46963	9.811754	0.250749	-2.282736	0.010793	0.095201	-0.093257	-0.166921	0.085163	0.982285	0.570602	0.820822	0.025798	-0.804084	0.564800	-0.185607
46964	9.789695	0.486379	-2.236444	-0.037057	0.123278	-0.091598	-0.166471	0.083684	0.982489	0.570740	0.820693	0.026802	-0.804079	0.565208	-0.184383
46965	9.475726	0.657801	-2.196385	-0.069918	0.131767	-0.084648	-0.165912	0.082209	0.982708	0.571158	0.820369	0.027801	-0.803898	0.565894	-0.183063
46966	9.537279	0.517087	-2.151683	-0.126744	0.131545	-0.094547	-0.165412	0.080654	0.982921	0.571999	0.819742	0.028995	-0.803403	0.567026	-0.181729
46967	9.479915	0.217623	-1.798503	-0.118368	0.139765	-0.097162	-0.164863	0.079030	0.983145	0.572786	0.819148	0.030203	-0.802955	0.568111	-0.180315
46968	9.439881	0.297605	-1.469803	-0.099721	0.131134	-0.102684	-0.164417	0.077408	0.983349	0.573380	0.818686	0.031424	-0.802622	0.568999	-0.178990
46969	9.501264	0.380260	-1.170037	-0.116034	0.125736	-0.106934	-0.164039	0.075782	0.983539	0.574132	0.818108	0.032721	-0.802162	0.570049	-0.177711
46970	9.345982	0.485546	-0.596475	-0.092317	0.093320	-0.108159	-0.163929	0.074331	0.983668	0.574692	0.817664	0.033986	-0.801784	0.570877	-0.176756
46971	9.537215	0.637868	-0.382454	-0.143607	0.072757	-0.105908	-0.163972	0.073015	0.983759	0.575666	0.816922	0.035319	-0.801076	0.572108	-0.175985
46972	9.437448	0.612839	-0.297934	-0.147999	0.030842	-0.095105	-0.164290	0.072027	0.983779	0.576682	0.816151	0.036551	-0.800279	0.573333	-0.175622
46973	9.423757	0.608928	-0.197096	-0.134348	-0.009915	-0.083338	-0.164868	0.071370	0.983730	0.577616	0.815440	0.037645	-0.799486	0.574425	-0.175664
46974	9.624370	0.617430	-0.376309	-0.122925	-0.033626	-0.072164	-0.165571	0.070940	0.983643	0.578457	0.814799	0.038605	-0.798733	0.575387	-0.175942
46975	9.500753	0.595624	-0.473054	-0.068686	-0.072417	-0.052712	-0.166472	0.070893	0.983495	0.578914	0.814442	0.039283	-0.798214	0.575898	-0.176622
46976	9.488565	0.842354	-0.469297	-0.019172	-0.114071	-0.035491	-0.167602	0.071222	0.983279	0.578976	0.814378	0.039700	-0.797933	0.575948	-0.177728
46977	9.640681	1.047964	-0.741103	-0.026416	-0.128278	-0.024532	-0.168786	0.071727	0.983040	0.579142	0.814244	0.040026	-0.797563	0.576075	-0.178973
46978	9.583572	1.313488	-0.961006	-0.037344	-0.144268	-0.005374	-0.169984	0.072478	0.982778	0.579404	0.814050	0.040180	-0.797118	0.576255	-0.180369
46979	9.667318	1.185196	-1.582861	-0.115312	-0.157727	0.009715	-0.171202	0.073432	0.982496	0.580335	0.813378	0.040332	-0.796179	0.577082	-0.181867
46980	9.578299	0.869283	-1.969183	-0.128722	-0.160169	0.025045	-0.172346	0.074522	0.982213	0.581373	0.812636	0.040356	-0.795175	0.577987	-0.183380
46981	9.769999	0.864652	-2.284559	-0.111446	-0.151240	0.041993	-0.173322	0.075703	0.981951	0.582327	0.811961	0.040187	-0.794264	0.578782	-0.184814
46982	9.914294	0.916323	-2.428512	-0.133375	-0.131989	0.054444	-0.174068	0.076874	0.981728	0.583469	0.811153	0.039937	-0.793262	0.579759	-0.186049
46983	9.574406	0.868210	-2.300483	-0.162826	-0.124825	0.068569	-0.174675	0.078119	0.981522	0.584875	0.810156	0.039606	-0.792092	0.580986	-0.187204
46984	9.558617	0.742728	-2.353881	-0.231466	-0.128467	0.067448	-0.175313	0.079377	0.981308	0.586812	0.808763	0.039415	-0.790517	0.582753	-0.188366
46985	9.770949	0.687276	-2.273398	-0.292208	-0.110824	0.066854	-0.175813	0.080529	0.981124	0.589233	0.807004	0.039350	-0.788603	0.585029	-0.189332
46986	9.720939	0.633821	-2.253371	-0.310397	-0.110402	0.078920	-0.176234	0.081778	0.980945	0.591804	0.805128	0.039201	-0.786581	0.587436	-0.190288
46987	9.936271	0.549711	-2.489571	-0.324456	-0.100212	0.083746	-0.176543	0.083007	0.980787	0.594496	0.803150	0.039037	-0.784479	0.589966	-0.191138
46988	9.936702	0.336955	-2.637687	-0.262625	-0.090419	0.090647	-0.176730	0.084234	0.980648	0.596710	0.801523	0.038690	-0.782754	0.592001	-0.191916
46989	9.632488	0.430073	-2.388161	-0.190496	-0.079911	0.101846	-0.176765	0.085489	0.980533	0.598376	0.800309	0.038096	-0.781473	0.593462	-0.192621
46990	9.506436	0.389902	-2.166443	-0.181102	-0.056808	0.106989	-0.176585	0.086647	0.980464	0.599968	0.799148	0.037433	-0.780293	0.594857	-0.193103
46991	9.306816	0.157176	-1.861826	-0.150611	-0.061785	0.104230	-0.176460	0.087813	0.980383	0.601322	0.798162	0.036741	-0.779278	0.596009	-0.193648
46992	9.347994	0.460912	-1.168287	-0.087800	-0.070214	0.096170	-0.176447	0.088966	0.980281	0.602168	0.797557	0.036006	-0.778627	0.596647	-0.194299
46993	9.587813	0.708239	-1.022175	-0.131537	-0.075123	0.098459	-0.176457	0.090165	0.980170	0.603361	0.796685	0.035335	-0.777700	0.597632	-0.194983
46994	9.465775	0.992315	-0.833882	-0.153399	-0.108078	0.109020	-0.176657	0.091645	0.979997	0.604739	0.795672	0.034604	-0.776584	0.598755	-0.195982
46995	9.678179	1.039992	-1.027723	-0.221623	-0.134425	0.122907	-0.176974	0.093394	0.979774	0.606672	0.794230	0.033874	-0.775003	0.600396	-0.197218
46996	9.933195	0.532111	-1.436486	-0.248095	-0.147895	0.148366	-0.177236	0.095426	0.979531	0.608848	0.792602	0.032950	-0.773235	0.602225	-0.198577
46997	9.625442	0.243911	-1.820246	-0.107522	-0.166826	0.164956	-0.177539	0.097704	0.979252	0.609967	0.791797	0.031587	-0.772282	0.602919	-0.200171
46998	9.643461	0.212703	-1.788940	-0.032086	-0.181184	0.178397	-0.177867	0.100174	0.978942	0.610530	0.791427	0.029943	-0.771762	0.602999	-0.201928
46999	9.583132	0.125998	-1.655212	0.075778	-0.184304	0.177884	-0.178223	0.102659	0.978620	0.610257	0.791705	0.028087	-0.771895	0.602216	-0.203749
47000	9.358466	0.139273	-1.341935	0.119862	-0.202907	0.178300	-0.178720	0.105256	0.978254	0.609643	0.792245	0.026135	-0.772266	0.601057	-0.205759
47001	9.339096	0.020059	-1.139306	0.186310	-0.229449	0.170116	-0.179476	0.107948	0.977822	0.608504	0.793184	0.024124	-0.772988	0.599339	-0.208044
47002	9.418986	0.181511	-0.900985	0.194458	-0.238590	0.166824	-0.180325	0.110665	0.977362	0.607296	0.794168	0.022125	-0.773741	0.597538	-0.210415
47003	9.288197	0.141471	-1.037669	0.182137	-0.263999	0.163416	-0.181396	0.113505	0.976838	0.606178	0.795073	0.020181	-0.774367	0.595798	-0.213027
47004	9.309792	0.353088	-0.899393	0.137757	-0.298633	0.162498	-0.182742	0.116539	0.976230	0.605402	0.795708	0.018337	-0.774657	0.594363	-0.215962
47005	9.420436	0.250688	-1.058561	0.060700	-0.335279	0.161680	-0.184379	0.119783	0.975529	0.605225	0.795880	0.016666	-0.774408	0.593487	-0.219239
47006	9.792323	0.206569	-1.170499	0.034157	-0.362836	0.169492	-0.186179	0.123248	0.974755	0.605270	0.795879	0.014976	-0.773942	0.592778	-0.222774
47007	9.951584	-0.031331	-1.167825	0.068344	-0.402036	0.176683	-0.188240	0.127001	0.973877	0.605067	0.796066	0.013140	-0.773601	0.591735	-0.226696
47008	9.854161	0.192648	-1.035734	0.162671	-0.440644	0.199072	-0.190462	0.131154	0.972894	0.604181	0.796773	0.010868	-0.773751	0.589874	-0.230995
47009	9.827765	0.462935	-1.086125	0.194178	-0.463105	0.225856	-0.192701	0.135647	0.971837	0.603106	0.797618	0.008257	-0.774034	0.587712	-0.235511
47010	9.677380	0.538308	-1.195743	0.209935	-0.489325	0.227861	-0.195132	0.140298	0.970691	0.601918	0.798539	0.005584	-0.774350	0.585365	-0.240268
47011	9.712802	0.596855	-1.350526	0.223000	-0.517612	0.240656	-0.197713	0.145210	0.969445	0.600659	0.799501	0.002746	-0.774674	0.582848	-0.245293
47012	9.830285	0.635076	-1.541783	0.220494	-0.542465	0.269355	-0.200315	0.150482	0.968106	0.599482	0.800388	-0.000370	-0.774916	0.580288	-0.250541
47013	10.032937	0.561626	-1.890358	0.188144	-0.557600	0.292278	-0.202904	0.156017	0.966690	0.598609	0.801033	-0.003636	-0.774918	0.577931	-0.255926
47014	10.106841	0.280094	-2.122590	0.206008	-0.588853	0.311126	-0.205622	0.161868	0.965152	0.597643	0.801730	-0.007134	-0.774946	0.575350	-0.261592
47015	10.069753	-0.020039	-1.826528	0.243613	-0.620414	0.323222	-0.208519	0.167987	0.963483	0.596419	0.802599	-0.010858	-0.775115	0.572376	-0.267548
47016	9.991104	-0.187675	-1.211376	0.314557	-0.662779	0.352819	-0.211572	0.174563	0.961647	0.594719	0.803793	-0.015064	-0.775595	0.568722	-0.273875
47017	9.775697	0.298523	-0.310931	0.355603	-0.731931	0.372851	-0.215055	0.181675	0.959555	0.592750	0.805148	-0.019594	-0.776144	0.564562	-0.280839
47018	9.883062	0.579359	0.546262	0.321828	-0.799653	0.382640	-0.219011	0.189215	0.957200	0.591077	0.806254	-0.024136	-0.776313	0.560493	-0.288420
47019	9.597698	0.529763	0.829615	0.274536	-0.889882	0.392808	-0.223617	0.197320	0.954495	0.589810	0.807033	-0.028656	-0.775964	0.556563	-0.296848
47020	9.476630	-0.027219	0.662266	0.319582	-0.982366	0.412734	-0.228819	0.206054	0.951411	0.588258	0.807979	-0.033511	-0.775625	0.552007	-0.306094
47021	9.651163	-0.126346	0.141507	0.358030	-1.056511	0.420831	-0.234558	0.215227	0.947977	0.586450	0.809066	-0.038583	-0.775279	0.546891	-0.315993
47022	9.968348	-0.549617	-0.451126	0.433160	-1.144423	0.427517	-0.240939	0.224868	0.944131	0.584106	0.810485	-0.043975	-0.775092	0.540877	-0.326625
47023	10.191844	-0.697997	-0.706257	0.558650	-1.207061	0.453592	-0.247673	0.234999	0.939911	0.580877	0.812450	-0.050066	-0.775397	0.533573	-0.337728
47024	10.233418	-0.575106	-0.775884	0.598607	-1.260718	0.487005	-0.254640	0.245592	0.935330	0.577450	0.814459	-0.056646	-0.775700	0.525682	-0.349211
47025	10.252357	-0.395252	-1.205034	0.558054	-1.326957	0.502419	-0.262056	0.256577	0.930320	0.574413	0.816116	-0.063278	-0.775485	0.517805	-0.361250
47026	10.668169	-0.290185	-1.863837	0.534374	-1.383411	0.525740	-0.269778	0.267937	0.924894	0.571658	0.817494	-0.070079	-0.774873	0.509817	-0.373710
47027	11.166801	0.206643	-1.839202	0.567531	-1.416294	0.563075	-0.277555	0.279670	0.919102	0.568795	0.818830	-0.077391	-0.774232	0.501300	-0.386345
47028	11.955224	0.443950	-1.591290	0.533338	-1.457264	0.612905	-0.285361	0.291891	0.912890	0.566382	0.819741	-0.085061	-0.773163	0.492772	-0.399244
47029	12.636304	-0.026179	-1.279803	0.460206	-1.515031	0.653374	-0.293384	0.304616	0.906165	0.564710	0.820051	-0.092835	-0.771381	0.484484	-0.412610
47030	12.367466	-0.764561	-0.366242	0.468044	-1.609136	0.666212	-0.302032	0.317761	0.898779	0.563075	0.820238	-0.100773	-0.769235	0.475644	-0.426662
47031	11.820528	-1.398231	0.434444	0.496471	-1.708886	0.665007	-0.311436	0.331228	0.890671	0.561293	0.820429	-0.108842	-0.766784	0.466031	-0.441427
47032	11.624972	-1.570898	0.780040	0.667975	-1.794134	0.670636	-0.321430	0.344945	0.881870	0.558285	0.821251	-0.117747	-0.764853	0.454488	-0.456553
47033	12.138454	-1.654195	1.592609	0.761509	-1.875629	0.675954	-0.332014	0.358870	0.872341	0.554667	0.822296	-0.127176	-0.762963	0.441634	-0.472067
47034	12.549478	-1.944921	2.137529	0.820127	-1.976756	0.673620	-0.343359	0.372958	0.861978	0.550676	0.823413	-0.136917	-0.760829	0.427659	-0.488105
47035	12.474784	-1.686290	1.904910	0.833663	-2.076263	0.634981	-0.355661	0.386883	0.850780	0.546553	0.824518	-0.146459	-0.758146	0.412906	-0.504701
47036	12.243735	-1.382783	1.938162	0.750610	-2.191523	0.574695	-0.369109	0.400462	0.838683	0.542940	0.825319	-0.155130	-0.754305	0.398094	-0.522059
47037	12.362900	-1.529704	1.263161	0.679492	-2.298575	0.503258	-0.383683	0.413562	0.825684	0.539713	0.825939	-0.162893	-0.749331	0.383133	-0.540104
47038	12.323526	-0.949461	0.158205	0.646559	-2.363506	0.463275	-0.398836	0.426214	0.811955	0.536677	0.826443	-0.170202	-0.743578	0.367876	-0.558355
47039	11.677774	-0.209911	-1.934627	0.679916	-2.412593	0.416322	-0.414490	0.438305	0.797550	0.533322	0.827106	-0.177378	-0.737404	0.351830	-0.576585
47040	11.302227	1.563781	-3.352383	0.839104	-2.470519	0.362367	-0.430713	0.449724	0.782454	0.528666	0.828398	-0.185118	-0.731436	0.333924	-0.594556
47041	12.179440	3.135457	-4.135882	0.877827	-2.488267	0.324222	-0.447146	0.460456	0.766838	0.523682	0.829789	-0.192895	-0.725133	0.315327	-0.612169
47042	12.406265	3.362344	-5.150763	0.760270	-2.379739	0.320231	-0.462654	0.470358	0.751475	0.519624	0.830655	-0.200005	-0.718291	0.297951	-0.628716
47043	11.303795	3.517075	-6.321169	0.777216	-2.224762	0.374179	-0.476642	0.479873	0.736569	0.515808	0.831144	-0.207703	-0.711867	0.280928	-0.643681
47044	10.254283	4.022195	-7.368771	0.707490	-2.015331	0.449324	-0.488620	0.489056	0.722547	0.512933	0.830928	-0.215543	-0.705797	0.265300	-0.656861
47045	9.316449	3.956179	-8.593434	0.637351	-1.829219	0.485396	-0.499010	0.497776	0.709372	0.510834	0.830196	-0.223212	-0.700027	0.250986	-0.668556
47046	8.640010	4.105284	-8.711869	0.388631	-1.618309	0.467973	-0.507904	0.505571	0.697446	0.510452	0.828831	-0.229081	-0.693882	0.239662	-0.679036
47047	7.585173	3.169156	-9.381794	-0.051823	-1.389157	0.425442	-0.515331	0.512342	0.686979	0.512969	0.826562	-0.231643	-0.686510	0.233026	-0.688769
47048	6.858536	1.820717	-9.449362	-0.352377	-1.192915	0.363794	-0.521606	0.518047	0.677904	0.517231	0.823902	-0.231639	-0.678527	0.229809	-0.697703
47049	5.889451	0.843376	-10.680078	-0.747003	-0.864512	0.317171	-0.525801	0.522616	0.671123	0.523912	0.820548	-0.228510	-0.670112	0.231459	-0.705250
47050	5.249447	1.420202	-11.320708	-0.896404	-0.531870	0.273309	-0.527913	0.526039	0.666777	0.531296	0.817051	-0.223947	-0.662595	0.236032	-0.710814
47051	5.721010	2.257532	-10.210441	-0.880515	-0.304713	0.268818	-0.528501	0.528926	0.664022	0.538505	0.813549	-0.219431	-0.656277	0.241609	-0.714791
47052	6.547757	2.321891	-7.871464	-1.006819	0.044847	0.325008	-0.526456	0.531395	0.663675	0.546773	0.809382	-0.214337	-0.651064	0.250041	-0.716656
47053	6.741816	2.179967	-6.681686	-1.484193	0.507831	0.347757	-0.521260	0.532860	0.666595	0.558199	0.803731	-0.205987	-0.645525	0.264720	-0.716394
47054	6.079744	1.695416	-7.112600	-1.933399	0.948290	0.230145	-0.513879	0.532036	0.672953	0.571787	0.797219	-0.193654	-0.639522	0.285271	-0.713885
47055	5.502629	1.305360	-6.866789	-2.202242	1.313412	0.061122	-0.505184	0.528582	0.682196	0.586099	0.790362	-0.178370	-0.633465	0.309725	-0.709079
47056	5.068891	1.075246	-7.452666	-2.682502	1.700379	-0.091262	-0.495032	0.522282	0.694381	0.602512	0.782159	-0.158767	-0.626037	0.339778	-0.701875
47057	4.684815	0.518856	-8.617448	-2.983574	1.994668	-0.220370	-0.483995	0.513424	0.708622	0.619971	0.772680	-0.136391	-0.617564	0.373312	-0.692280
47058	4.509765	-0.578584	-9.466398	-2.980023	2.191356	-0.295866	-0.472426	0.502538	0.724064	0.636816	0.762576	-0.113769	-0.609327	0.407348	-0.680285
47059	4.662547	-1.642961	-9.056738	-2.779877	2.405762	-0.329625	-0.459992	0.489812	0.740602	0.652110	0.752446	-0.092615	-0.602627	0.440352	-0.665530
47060	4.786762	-2.288549	-8.710010	-2.580685	2.667243	-0.353967	-0.446333	0.474931	0.758438	0.665975	0.742397	-0.072966	-0.597715	0.472534	-0.647648
47061	4.795921	-2.461369	-8.362228	-2.172072	2.855309	-0.346864	-0.431647	0.458427	0.776870	0.677400	0.733448	-0.056425	-0.595660	0.501895	-0.627128
47062	5.191279	-2.684780	-7.898999	-1.792602	3.027374	-0.318572	-0.415794	0.440444	0.795691	0.686715	0.725664	-0.042833	-0.596270	0.528603	-0.604186
47063	5.719834	-2.569702	-7.953912	-1.537672	3.223988	-0.289429	-0.398551	0.420876	0.814875	0.694712	0.718604	-0.031373	-0.598776	0.553599	-0.578787
47064	5.603781	-2.890479	-8.446764	-1.252134	3.364737	-0.299936	-0.380440	0.399659	0.833989	0.701052	0.712778	-0.021775	-0.603152	0.576386	-0.551351
47065	5.741536	-2.996443	-8.314320	-0.819528	3.438019	-0.359727	-0.362133	0.376921	0.852520	0.704676	0.709385	-0.014306	-0.610157	0.595570	-0.522499
47066	5.943884	-2.850450	-7.868058	-0.442165	3.525376	-0.438487	-0.343567	0.352476	0.870472	0.705832	0.708331	-0.008236	-0.619486	0.611578	-0.492149
47067	6.167668	-2.630667	-7.403737	-0.028621	3.608788	-0.539512	-0.324823	0.326321	0.887696	0.704197	0.709996	-0.003320	-0.631345	0.624035	-0.460417
47068	6.494693	-2.523654	-6.762225	0.356084	3.682856	-0.634536	-0.305782	0.298596	0.904067	0.699909	0.714231	0.000832	-0.645465	0.633020	-0.427389
47069	6.765087	-2.179239	-6.369644	0.685408	3.744992	-0.695637	-0.286179	0.269757	0.919420	0.693362	0.720576	0.004400	-0.661325	0.638750	-0.393253
47070	6.974865	-1.506524	-5.847017	0.935018	3.760321	-0.726105	-0.266013	0.240366	0.933521	0.685083	0.728425	0.007662	-0.678159	0.641577	-0.358441
47071	7.274266	-0.611462	-5.562740	1.014122	3.763738	-0.741190	-0.245242	0.210733	0.946281	0.676218	0.736616	0.011210	-0.694684	0.642642	-0.323151
47072	7.658586	0.261486	-5.155560	1.023314	3.724234	-0.755199	-0.224166	0.181154	0.957566	0.667246	0.744680	0.015323	-0.710304	0.642367	-0.287806
47073	8.298784	1.282252	-4.654991	0.871751	3.732038	-0.765086	-0.202494	0.151426	0.967505	0.659355	0.751555	0.020373	-0.724049	0.642055	-0.252029
47074	8.186127	1.694143	-4.750916	0.491946	3.702359	-0.771976	-0.180580	0.121754	0.975995	0.654281	0.755777	0.026774	-0.734375	0.643410	-0.216139
47075	7.944307	1.847423	-4.694219	0.182677	3.632741	-0.756799	-0.158728	0.092571	0.982973	0.651645	0.757768	0.033864	-0.741731	0.645924	-0.180603
47076	7.763350	1.042250	-4.186878	-0.220920	3.585848	-0.735680	-0.136872	0.063700	0.988538	0.652195	0.756913	0.041528	-0.745592	0.650404	-0.145145
47077	7.353842	-0.749494	-4.433127	-0.571772	3.517983	-0.730841	-0.115427	0.035157	0.992694	0.655536	0.753537	0.049537	-0.746290	0.656464	-0.110025
47078	7.411106	-2.189592	-4.700767	-0.556473	3.425863	-0.746506	-0.094783	0.006915	0.995474	0.658901	0.750027	0.057527	-0.746234	0.661371	-0.075647
47079	7.719474	-3.241779	-4.557751	-0.323213	3.341038	-0.783955	-0.075031	-0.021125	0.996957	0.660648	0.747827	0.065566	-0.746937	0.663557	-0.042154
47080	8.026777	-3.580582	-4.359542	0.231987	3.241691	-0.828588	-0.056239	-0.048843	0.997222	0.658365	0.749070	0.073818	-0.750595	0.660688	-0.009971
47081	8.798445	-2.919597	-4.454098	0.901356	3.176558	-0.855006	-0.037896	-0.076154	0.996376	0.651164	0.754447	0.082430	-0.757990	0.651928	0.020998
47082	9.041447	-1.239092	-4.279256	1.474582	3.106299	-0.806840	-0.019412	-0.102361	0.994558	0.639678	0.763233	0.091038	-0.768398	0.637964	0.050662
47083	9.197700	0.372640	-3.186996	1.821431	2.937189	-0.760136	-0.001496	-0.126722	0.991937	0.625496	0.773818	0.099800	-0.780226	0.620602	0.078106
47084	9.588104	1.579706	-2.871715	1.771453	2.728846	-0.697912	0.015609	-0.148901	0.988729	0.611629	0.783688	0.108366	-0.790991	0.603044	0.103304
47085	9.556358	2.156280	-2.273895	1.639439	2.416723	-0.660809	0.030821	-0.168515	0.985217	0.598741	0.792381	0.116801	-0.800350	0.586290	0.125319
47086	9.377723	1.004493	-1.574697	1.482671	2.053507	-0.659337	0.043412	-0.185691	0.981649	0.587062	0.799782	0.125327	-0.808377	0.570848	0.143733
47087	8.842331	0.677777	-0.909409	1.710987	1.708564	-0.613190	0.053726	-0.200264	0.978268	0.573455	0.808211	0.133957	-0.817474	0.553795	0.158265
47088	8.379021	1.320807	0.242064	1.708213	1.415431	-0.505235	0.062480	-0.212134	0.975241	0.559712	0.816475	0.141741	-0.826328	0.536999	0.169747
47089	8.011683	2.114071	0.596227	1.394851	1.072318	-0.353547	0.069403	-0.220752	0.972858	0.548376	0.823094	0.147648	-0.833347	0.523244	0.178180
47090	7.595804	2.317044	1.810088	0.777743	0.644162	-0.239096	0.073462	-0.226115	0.971327	0.542055	0.826587	0.151425	-0.837126	0.515389	0.183289
47091	7.954711	1.372410	2.425871	-0.063568	0.163741	-0.166378	0.073914	-0.228368	0.970765	0.542716	0.825871	0.152960	-0.836658	0.515544	0.184982
47092	8.066779	0.835300	3.126933	-0.803737	-0.286312	-0.028417	0.071352	-0.227162	0.971240	0.549449	0.821621	0.151803	-0.832475	0.522815	0.183438
47093	6.765259	0.569696	3.120326	-1.552551	-0.649200	0.157723	0.066834	-0.222466	0.972647	0.562207	0.813738	0.147489	-0.824291	0.536972	0.179457
47094	8.448485	0.686126	2.425496	-2.520359	-0.779908	0.316306	0.062252	-0.215685	0.974477	0.582608	0.800607	0.139983	-0.810365	0.559024	0.175499
47095	11.188548	0.498451	2.459486	-3.283150	-0.685974	0.397235	0.059106	-0.208644	0.976204	0.608666	0.782634	0.130420	-0.791222	0.586474	0.173253
47096	12.427648	1.291341	3.007904	-3.819813	-0.469951	0.419546	0.058039	-0.202624	0.977535	0.638202	0.760500	0.119745	-0.767678	0.616915	0.173453
47097	11.568061	2.019347	2.644193	-4.183287	-0.462783	0.345420	0.056786	-0.197143	0.978729	0.669561	0.734695	0.109140	-0.740583	0.649121	0.173720
47098	10.197787	0.249123	0.849014	-4.427254	-0.615412	0.226845	0.053854	-0.191455	0.980023	0.701567	0.705650	0.099302	-0.710565	0.682204	0.172321
47099	9.846460	-3.315641	-1.151187	-4.038564	-0.728204	0.096494	0.049449	-0.185743	0.981353	0.729647	0.677675	0.091499	-0.682034	0.711516	0.169038
47100	9.963113	-7.256493	-1.993982	-2.858422	-0.738825	-0.020961	0.044308	-0.180591	0.982560	0.748860	0.656996	0.086984	-0.661246	0.731945	0.164347
47101	11.085965	-10.019477	-0.872467	-1.022601	-0.610533	-0.051105	0.039884	-0.176462	0.983499	0.755609	0.649370	0.085869	-0.653808	0.739716	0.159235
47102	11.928679	-8.191726	2.030609	0.651583	-0.359992	0.046409	0.037848	-0.173538	0.984100	0.751318	0.654250	0.086476	-0.658855	0.736098	0.155144
47103	12.198766	-3.370195	4.806767	1.213703	-0.256275	0.136973	0.037147	-0.170788	0.984607	0.743218	0.663365	0.087027	-0.668017	0.728545	0.151575
47104	12.435820	2.188393	6.023702	0.738318	-0.404693	0.136169	0.035422	-0.166975	0.985325	0.738219	0.668951	0.086823	-0.673631	0.724310	0.146960
47105	11.900740	5.375752	5.750249	-0.649978	-0.785411	0.102909	0.030886	-0.160608	0.986535	0.742552	0.664384	0.084914	-0.669076	0.729931	0.139781
47106	11.183327	3.275831	3.124871	-2.111123	-1.206684	0.107367	0.023692	-0.151036	0.988244	0.756487	0.648967	0.081047	-0.653579	0.745674	0.129632
47107	10.255621	-0.066750	0.189969	-2.709315	-1.409805	0.122213	0.015531	-0.139635	0.990081	0.773898	0.628670	0.076524	-0.633120	0.765034	0.117827
47108	9.296626	-1.775764	-2.436937	-2.352054	-1.417261	0.093876	0.007400	-0.128128	0.991730	0.788567	0.610600	0.073004	-0.614904	0.781505	0.105556
47109	8.831031	-2.665416	-3.922548	-1.425393	-1.286517	0.009228	-0.000393	-0.117980	0.993016	0.797254	0.599391	0.071529	-0.603644	0.791714	0.093825
47110	8.690962	-2.955000	-4.208485	-0.225202	-1.064759	-0.082063	-0.007486	-0.110060	0.993897	0.798609	0.597506	0.072181	-0.601803	0.794276	0.083422
