// General information: 
//  MT Manager version: 2022.2.0 
//  XDA version: 2022.2.0 build 7381 rev 124627 built on 2023-07-19
// Device information: 
//  DeviceId: 00B4CBA7
//  ProductCode: MTW2-3A7G6
//  Firmware Version: 4.6.0
//  Hardware Version: 2.0.0
// Device settings: 
//  Filter Profile: human(46.1)
//  Option Flags: Orientation Smoother Disabled, Position/Velocity Smoother Disabled, Continuous Zero Rotation Update Disabled, AHS Disabled, ICC Disabled
// Coordinate system: ENU
PacketCounter	Acc_X	Acc_Y	Acc_Z	Gyr_X	Gyr_Y	Gyr_Z	Mat[1][1]	Mat[2][1]	Mat[3][1]	Mat[1][2]	Mat[2][2]	Mat[3][2]	Mat[1][3]	Mat[2][3]	Mat[3][3]
48966	9.642148	-0.502616	-1.707008	0.046362	-0.010345	0.018277	0.087238	-0.129575	0.987725	-0.585384	-0.808928	-0.054417	0.806049	-0.573451	-0.146420
48967	9.611502	-0.464230	-1.572364	0.036770	-0.004767	0.017630	0.087253	-0.129761	0.987699	-0.585099	-0.809121	-0.054612	0.806255	-0.573136	-0.146521
48968	9.635759	-0.414189	-1.556447	0.034972	-0.004184	0.014403	0.087220	-0.129867	0.987688	-0.584829	-0.809306	-0.054767	0.806454	-0.572851	-0.146538
48969	9.712497	-0.465781	-1.475828	0.029333	-0.003005	0.016495	0.087229	-0.130032	0.987665	-0.584600	-0.809460	-0.054940	0.806619	-0.572597	-0.146625
48970	9.689573	-0.574055	-1.541472	0.035389	-0.001765	0.016780	0.087163	-0.130143	0.987657	-0.584328	-0.809643	-0.055119	0.806823	-0.572312	-0.146617
48971	9.665601	-0.593945	-1.559052	0.039538	-0.001300	0.017328	0.087146	-0.130307	0.987636	-0.584033	-0.809843	-0.055316	0.807039	-0.571991	-0.146678
48972	9.725246	-0.564289	-1.603206	0.036191	0.008224	0.009997	0.087039	-0.130306	0.987646	-0.583749	-0.810040	-0.055429	0.807256	-0.571713	-0.146571
48973	9.688648	-0.516149	-1.669371	0.002536	0.015863	0.010810	0.086927	-0.130319	0.987654	-0.583736	-0.810044	-0.055507	0.807277	-0.571704	-0.146487
48974	9.625899	-0.623316	-1.746919	-0.002439	0.012716	0.010280	0.086782	-0.130295	0.987670	-0.583764	-0.810020	-0.055566	0.807272	-0.571744	-0.146357
48975	9.569133	-0.640775	-1.753573	-0.017529	0.011377	0.010211	0.086710	-0.130326	0.987672	-0.583911	-0.809911	-0.055607	0.807173	-0.571892	-0.146326
48976	9.517596	-0.760598	-1.732300	-0.001258	0.012161	0.006551	0.086591	-0.130274	0.987690	-0.583927	-0.809898	-0.055631	0.807175	-0.571921	-0.146200
48977	9.510535	-0.737164	-1.576914	0.017469	0.010189	0.008277	0.086540	-0.130297	0.987691	-0.583786	-0.809994	-0.055705	0.807282	-0.571780	-0.146162
48978	9.483011	-0.682204	-1.493028	0.015319	0.014009	0.008759	0.086393	-0.130253	0.987710	-0.583670	-0.810073	-0.055775	0.807382	-0.571678	-0.146010
48979	9.558721	-0.546439	-1.494264	0.016397	0.012100	0.008516	0.086322	-0.130270	0.987714	-0.583550	-0.810155	-0.055852	0.807477	-0.571559	-0.145953
48980	9.723197	-0.464060	-1.494641	0.009593	0.011686	0.009550	0.086189	-0.130246	0.987728	-0.583480	-0.810200	-0.055922	0.807541	-0.571500	-0.145826
48981	9.728386	-0.469878	-1.596741	-0.008079	0.013904	0.012365	0.086081	-0.130283	0.987733	-0.583557	-0.810139	-0.056001	0.807497	-0.571578	-0.145765
48982	9.726566	-0.476776	-1.722349	-0.004119	0.009507	0.015105	0.085934	-0.130316	0.987741	-0.583603	-0.810098	-0.056105	0.807479	-0.571628	-0.145668
48983	9.737547	-0.551106	-1.797905	0.009663	0.017346	0.015635	0.085780	-0.130359	0.987749	-0.583538	-0.810136	-0.056242	0.807542	-0.571565	-0.145563
48984	9.702203	-0.592167	-1.911192	0.017290	0.022597	0.019362	0.085502	-0.130352	0.987774	-0.583415	-0.810212	-0.056419	0.807661	-0.571458	-0.145324
48985	9.619547	-0.609070	-1.883289	0.033982	0.025793	0.018086	0.085266	-0.130368	0.987792	-0.583160	-0.810382	-0.056616	0.807871	-0.571213	-0.145123
48986	9.608518	-0.572965	-1.801835	0.020327	0.034426	0.018171	0.084899	-0.130284	0.987835	-0.583010	-0.810478	-0.056786	0.808017	-0.571097	-0.144765
48987	9.564126	-0.693088	-1.754704	0.003086	0.036919	0.018568	0.084570	-0.130241	0.987869	-0.583006	-0.810470	-0.056942	0.808054	-0.571118	-0.144472
48988	9.538970	-0.755945	-1.588062	0.015979	0.036407	0.013041	0.084217	-0.130104	0.987917	-0.582888	-0.810547	-0.057056	0.808176	-0.571040	-0.144098
48989	9.505741	-0.731061	-1.397141	0.015881	0.035059	0.016523	0.083914	-0.130054	0.987950	-0.582778	-0.810615	-0.057210	0.808287	-0.570955	-0.143814
48990	9.455166	-0.659858	-1.330489	0.029834	0.034792	0.015543	0.083560	-0.129946	0.987994	-0.582550	-0.810768	-0.057367	0.808488	-0.570762	-0.143448
48991	9.543901	-0.591775	-1.279689	0.025392	0.033263	0.009117	0.083314	-0.129848	0.988027	-0.582354	-0.810902	-0.057463	0.808654	-0.570595	-0.143177
48992	9.634271	-0.577493	-1.278358	0.010611	0.030851	0.010111	0.083024	-0.129719	0.988069	-0.582277	-0.810952	-0.057539	0.808740	-0.570552	-0.142860
48993	9.646876	-0.582569	-1.355608	0.010005	0.023571	0.009927	0.082853	-0.129680	0.988088	-0.582201	-0.811001	-0.057620	0.808812	-0.570492	-0.142693
48994	9.665670	-0.621158	-1.408469	0.023024	0.017107	0.007691	0.082687	-0.129610	0.988111	-0.582021	-0.811125	-0.057690	0.808959	-0.570331	-0.142505
48995	9.634100	-0.552361	-1.400339	0.026225	0.013534	0.011761	0.082585	-0.129643	0.988116	-0.581819	-0.811261	-0.057812	0.809115	-0.570130	-0.142427
48996	9.604113	-0.537862	-1.442143	0.033091	0.002327	0.007942	0.082537	-0.129660	0.988117	-0.581557	-0.811442	-0.057899	0.809308	-0.569868	-0.142379
48997	9.591421	-0.412161	-1.316187	0.032034	-0.003052	0.014944	0.082550	-0.129812	0.988096	-0.581308	-0.811610	-0.058061	0.809485	-0.569595	-0.142459
48998	9.630090	-0.202503	-1.209567	0.023839	-0.007749	0.021889	0.082503	-0.129999	0.988076	-0.581133	-0.811720	-0.058272	0.809616	-0.569395	-0.142516
48999	9.816460	-0.330489	-1.234698	-0.075649	-0.005250	0.025456	0.082471	-0.130250	0.988045	-0.581769	-0.811256	-0.058384	0.809162	-0.569999	-0.142681
49000	10.210990	-0.666410	-1.567913	-0.069738	-0.005903	0.011607	0.082469	-0.130342	0.988033	-0.582342	-0.810846	-0.058361	0.808750	-0.570561	-0.142774
49001	10.277173	-0.729002	-1.764064	-0.070278	0.001947	0.015497	0.082435	-0.130471	0.988019	-0.582931	-0.810421	-0.058382	0.808329	-0.571135	-0.142863
49002	9.432024	-1.397667	-2.353056	0.017442	0.015837	0.043714	0.082070	-0.130700	0.988019	-0.582826	-0.810467	-0.058800	0.808442	-0.571018	-0.142690
49003	8.676906	-1.070273	-1.835078	0.269467	-0.001129	0.039762	0.081923	-0.131043	0.987986	-0.580675	-0.811955	-0.059546	0.810003	-0.568820	-0.142612
49004	9.050065	-0.741185	-1.522265	0.186206	0.047599	0.015462	0.081465	-0.130864	0.988048	-0.579178	-0.812996	-0.059925	0.811121	-0.567373	-0.142024
49005	9.050885	-0.682665	-1.646397	0.222362	0.054197	0.001860	0.081088	-0.130588	0.988115	-0.577375	-0.814254	-0.060229	0.812442	-0.565629	-0.141424
49006	9.712177	-0.437948	-1.261478	0.192842	0.032125	-0.005026	0.080873	-0.130330	0.988167	-0.575803	-0.815353	-0.060413	0.813579	-0.564104	-0.140985
49007	9.721350	-0.554144	-1.459408	0.053197	0.016513	-0.002923	0.080831	-0.130229	0.988184	-0.575362	-0.815663	-0.060430	0.813895	-0.563679	-0.140860
49008	9.646700	-0.807864	-1.373331	0.096139	-0.012148	-0.004615	0.080974	-0.130225	0.988172	-0.574576	-0.816214	-0.060481	0.814436	-0.562882	-0.140916
49009	9.686340	-0.870708	-1.229831	0.085277	-0.018934	-0.000838	0.081205	-0.130339	0.988138	-0.573884	-0.816694	-0.060564	0.814901	-0.562159	-0.141119
49010	9.584067	-0.786110	-0.976021	0.169027	-0.028063	0.002352	0.081437	-0.130481	0.988101	-0.572508	-0.817643	-0.060787	0.815845	-0.560745	-0.141288
49011	9.664046	-0.320080	-0.643786	0.172490	-0.030249	0.002862	0.081738	-0.130689	0.988048	-0.571105	-0.818605	-0.061031	0.816797	-0.559291	-0.141548
49012	9.573654	-0.398140	-0.514284	0.122911	-0.047862	0.012304	0.082076	-0.131022	0.987976	-0.570111	-0.819279	-0.061288	0.817458	-0.558225	-0.141940
49013	9.477847	-0.532188	-0.459215	0.124294	-0.090580	0.007236	0.082841	-0.131600	0.987835	-0.569111	-0.819957	-0.061509	0.818077	-0.557092	-0.142821
49014	9.545836	-0.741953	-0.451795	0.146953	-0.127627	0.015435	0.083814	-0.132402	0.987646	-0.567921	-0.820757	-0.061834	0.818805	-0.555722	-0.143985
49015	9.718475	-0.868288	-0.711551	0.198711	-0.130670	0.016504	0.084856	-0.133273	0.987440	-0.566307	-0.821840	-0.062256	0.819815	-0.553911	-0.145211
49016	9.918799	-0.925321	-1.188275	0.218988	-0.130044	0.027272	0.085786	-0.134181	0.987237	-0.564533	-0.823017	-0.062806	0.820940	-0.551940	-0.146353
49017	9.756242	-0.990760	-1.606970	0.266945	-0.139410	0.030951	0.086817	-0.135212	0.987006	-0.562372	-0.824444	-0.063476	0.822314	-0.549554	-0.147616
49018	9.881521	-0.923959	-2.223765	0.274460	-0.134074	0.027358	0.087784	-0.136138	0.986793	-0.560137	-0.825915	-0.064114	0.823736	-0.547111	-0.148758
49019	9.957432	-1.111465	-2.961112	0.284055	-0.107052	0.033356	0.088542	-0.137009	0.986605	-0.557825	-0.827422	-0.064842	0.825222	-0.544611	-0.149688
49020	10.083643	-0.645800	-3.449201	0.336453	-0.057288	0.038744	0.088816	-0.137605	0.986497	-0.555079	-0.829200	-0.065689	0.827042	-0.541750	-0.150028
49021	10.245346	-0.582381	-3.938723	0.242004	0.041578	0.037531	0.088331	-0.137705	0.986527	-0.553105	-0.830461	-0.066397	0.828415	-0.539788	-0.149521
49022	9.488811	-0.248241	-3.930112	0.229613	0.091645	0.044046	0.087344	-0.137542	0.986637	-0.551240	-0.831641	-0.067135	0.829762	-0.538010	-0.148457
49023	9.443139	0.126601	-3.909138	0.083864	0.117217	0.007391	0.086404	-0.136990	0.986797	-0.550547	-0.832086	-0.067306	0.830321	-0.537463	-0.147315
49024	9.374975	-0.177943	-3.005282	-0.056734	0.169735	0.014944	0.084929	-0.136165	0.987039	-0.551031	-0.831764	-0.067332	0.830152	-0.538170	-0.145672
49025	9.199924	-0.350755	-2.231401	-0.102197	0.171718	0.018782	0.083478	-0.135415	0.987266	-0.551901	-0.831186	-0.067341	0.829721	-0.539251	-0.144122
49026	9.627784	-0.597116	-1.531043	-0.145260	0.189028	0.006053	0.081893	-0.134409	0.987536	-0.553110	-0.830397	-0.067154	0.829073	-0.540717	-0.142347
49027	9.571968	-0.880043	-0.990359	-0.131567	0.178002	0.003533	0.080479	-0.133494	0.987777	-0.554206	-0.829681	-0.066974	0.828480	-0.542042	-0.140755
49028	9.445850	-1.015215	-0.341526	-0.102575	0.140049	0.007440	0.079294	-0.132761	0.987971	-0.555062	-0.829117	-0.066865	0.828021	-0.543083	-0.139435
49029	9.522632	-1.302185	-0.204945	-0.095649	0.108681	0.011501	0.078409	-0.132283	0.988106	-0.555863	-0.828584	-0.066817	0.827568	-0.544012	-0.138499
49030	9.636942	-1.145486	-0.139211	-0.037750	0.088122	0.007788	0.077653	-0.131832	0.988226	-0.556181	-0.828372	-0.066804	0.827425	-0.544445	-0.137648
49031	9.798315	-0.540827	-0.299305	-0.032154	0.061829	0.025087	0.077074	-0.131720	0.988286	-0.556467	-0.828165	-0.066981	0.827287	-0.544786	-0.137128
49032	10.045965	-0.235927	-0.922771	-0.047273	0.060380	0.034437	0.076399	-0.131640	0.988349	-0.556885	-0.827865	-0.067218	0.827069	-0.545261	-0.136557
49033	9.895401	0.267873	-1.342745	-0.044507	0.042286	0.054691	0.075816	-0.131876	0.988363	-0.557294	-0.827553	-0.067670	0.826846	-0.545679	-0.136235
49034	9.865781	0.242250	-2.066964	-0.127204	0.042432	0.065195	0.075118	-0.132148	0.988380	-0.558395	-0.826775	-0.068103	0.826167	-0.546791	-0.135896
49035	9.595697	-0.344984	-2.529903	-0.056408	0.047697	0.074202	0.074382	-0.132512	0.988386	-0.558918	-0.826370	-0.068729	0.825880	-0.547315	-0.135530
49036	9.564913	-0.431512	-2.433455	0.054116	0.066010	0.089092	0.073355	-0.132852	0.988418	-0.558537	-0.826551	-0.069644	0.826230	-0.546959	-0.134835
49037	9.743586	-0.327071	-2.203351	0.135095	0.112659	0.097452	0.071956	-0.133054	0.988493	-0.557495	-0.827160	-0.070756	0.827056	-0.545989	-0.133696
49038	9.550368	-0.131369	-1.589894	0.144711	0.119395	0.120599	0.070313	-0.133366	0.988570	-0.556383	-0.827791	-0.072102	0.827945	-0.544954	-0.132407
49039	9.649251	-0.019325	-1.259173	0.079098	0.109816	0.139766	0.068704	-0.133936	0.988606	-0.555826	-0.828038	-0.073554	0.828454	-0.544439	-0.131335
49040	9.652239	-0.363978	-1.048562	0.022548	0.091341	0.139820	0.067187	-0.134561	0.988625	-0.555735	-0.827976	-0.074927	0.828640	-0.544379	-0.130409
49041	9.572411	-0.662620	-0.946814	0.025872	0.074791	0.154128	0.065789	-0.135438	0.988599	-0.555620	-0.827914	-0.076449	0.828829	-0.544256	-0.129720
49042	9.785936	-0.832911	-1.040362	0.059712	0.069025	0.160481	0.064342	-0.136356	0.988568	-0.555230	-0.828024	-0.078074	0.829204	-0.543859	-0.128986
49043	9.743944	-1.075037	-1.259816	0.121531	0.064572	0.171938	0.062928	-0.137437	0.988509	-0.554337	-0.828449	-0.079894	0.829910	-0.542940	-0.128319
49044	9.772592	-0.960008	-1.498533	0.193120	0.068505	0.182032	0.061368	-0.138539	0.988454	-0.552847	-0.829248	-0.081902	0.831020	-0.541438	-0.127480
49045	9.803679	-0.813168	-1.738602	0.228905	0.094898	0.187399	0.059619	-0.139590	0.988413	-0.551061	-0.830225	-0.084010	0.832332	-0.539668	-0.126420
49046	9.491664	-0.366905	-1.675430	0.251929	0.083480	0.205685	0.057809	-0.140813	0.988347	-0.549084	-0.831297	-0.086322	0.833765	-0.537696	-0.125374
49047	9.654121	-0.041636	-1.561182	0.174975	0.077271	0.217083	0.056050	-0.142212	0.988248	-0.547753	-0.831930	-0.088651	0.834761	-0.536347	-0.124526
49048	9.835173	0.016911	-1.508653	0.090559	0.077730	0.225086	0.054184	-0.143633	0.988147	-0.547122	-0.832098	-0.090949	0.835298	-0.535708	-0.123671
49049	9.697099	-0.076076	-1.203476	0.003415	0.059746	0.236741	0.052468	-0.145288	0.987997	-0.547225	-0.831774	-0.093254	0.835339	-0.535764	-0.123147
49050	9.619161	-0.480454	-1.045862	-0.029327	0.043738	0.247167	0.050766	-0.147074	0.987822	-0.547599	-0.831259	-0.095621	0.835200	-0.536076	-0.122737
49051	9.548296	-0.747100	-0.699476	0.009067	0.032339	0.257396	0.049165	-0.149043	0.987608	-0.547657	-0.830928	-0.098135	0.835257	-0.536046	-0.122477
49052	9.447383	-0.694652	-0.293753	0.047905	0.021091	0.265226	0.047552	-0.151098	0.987374	-0.547386	-0.830791	-0.100774	0.835528	-0.535683	-0.122215
49053	9.434738	-0.608190	0.158860	0.029412	-0.014955	0.268524	0.046284	-0.153410	0.987078	-0.547271	-0.830541	-0.103420	0.835674	-0.535413	-0.122397
49054	9.449324	-0.785047	0.594430	-0.009271	-0.053701	0.265517	0.045295	-0.155866	0.986739	-0.547472	-0.830085	-0.105990	0.835597	-0.535411	-0.122931
49055	9.421941	-1.063129	0.841682	-0.004889	-0.098651	0.268710	0.044720	-0.158621	0.986326	-0.547636	-0.829640	-0.108593	0.835521	-0.535291	-0.123968
49056	9.432349	-1.163336	1.163200	0.042571	-0.138384	0.282853	0.044344	-0.161673	0.985848	-0.547407	-0.829419	-0.111397	0.835691	-0.534721	-0.125281
49057	9.458727	-0.757149	1.160570	0.057603	-0.174021	0.311160	0.044160	-0.165176	0.985275	-0.547070	-0.829220	-0.114494	0.835921	-0.533958	-0.126981
49058	9.667227	-0.323197	1.074505	-0.005344	-0.219599	0.344142	0.044128	-0.169165	0.984599	-0.547268	-0.828620	-0.117839	0.835793	-0.533640	-0.129144
49059	9.773147	-0.389982	0.792445	-0.039112	-0.293732	0.362854	0.044654	-0.173724	0.983781	-0.547761	-0.827793	-0.121315	0.835442	-0.533460	-0.132124
49060	9.833248	-0.592358	0.524842	-0.026926	-0.365069	0.374374	0.045668	-0.178733	0.982837	-0.548156	-0.826994	-0.124922	0.835128	-0.533043	-0.135741
49061	9.861200	-1.047588	0.684511	0.090161	-0.439159	0.370393	0.047361	-0.184114	0.981763	-0.547580	-0.826806	-0.128639	0.835412	-0.531502	-0.139975
49062	9.920074	-1.156967	1.547301	0.233765	-0.502726	0.356156	0.049632	-0.189690	0.980589	-0.545800	-0.827385	-0.132428	0.836444	-0.528633	-0.144597
49063	10.189744	-0.847571	2.542936	0.230096	-0.575947	0.342966	0.052629	-0.195540	0.979283	-0.544054	-0.827941	-0.136082	0.837398	-0.525621	-0.149958
49064	10.034097	-1.484732	3.833413	0.368319	-0.763414	0.310863	0.057357	-0.202075	0.977689	-0.541139	-0.829257	-0.139650	0.838975	-0.521055	-0.156915
49065	10.237066	-2.328211	5.742038	0.542433	-0.984305	0.288130	0.064106	-0.209531	0.975698	-0.536759	-0.831478	-0.143293	0.841297	-0.514529	-0.165770
49066	9.839818	-3.221169	6.546316	0.695618	-1.145360	0.281103	0.072273	-0.217683	0.973340	-0.531089	-0.834435	-0.147183	0.844228	-0.506293	-0.175916
49067	9.887406	-2.946520	6.333273	0.854215	-1.280527	0.235824	0.081868	-0.226031	0.970674	-0.524044	-0.838202	-0.150985	0.847748	-0.496314	-0.187072
49068	10.809765	-2.076176	5.389535	0.887578	-1.378049	0.150562	0.092806	-0.234027	0.967790	-0.516635	-0.842221	-0.154120	0.851161	-0.485691	-0.199070
49069	11.532103	-1.367610	4.452573	0.727153	-1.544314	0.098836	0.105442	-0.242232	0.964472	-0.510531	-0.845491	-0.156535	0.853370	-0.475887	-0.212817
49070	12.498314	-0.774234	3.205883	0.574210	-1.777297	0.056075	0.120347	-0.251047	0.960464	-0.505690	-0.848067	-0.158305	0.854280	-0.466646	-0.229014
49071	14.115258	-0.563405	2.097638	0.351301	-1.959699	0.030872	0.136892	-0.260310	0.955772	-0.502721	-0.849626	-0.159397	0.853541	-0.458666	-0.247170
49072	15.288418	-0.479685	1.236887	0.458692	-2.097097	0.030869	0.154644	-0.270056	0.950345	-0.498850	-0.851635	-0.160831	0.852780	-0.449208	-0.266418
49073	15.680964	-0.122229	1.044286	0.527978	-2.161407	0.054150	0.172752	-0.280036	0.944318	-0.494427	-0.853846	-0.162757	0.851880	-0.438779	-0.285961
49074	15.633181	-0.704414	0.208275	0.640681	-2.209637	0.084077	0.191167	-0.290285	0.937651	-0.489120	-0.856389	-0.165406	0.851009	-0.427004	-0.305698
49075	14.792707	-0.691986	0.478688	0.975355	-2.246083	0.129403	0.209602	-0.300727	0.930393	-0.481063	-0.860117	-0.169637	0.851261	-0.412021	-0.324951
49076	13.582233	0.311756	-0.956344	0.756741	-2.180266	0.160733	0.227395	-0.310916	0.922834	-0.474971	-0.862704	-0.173620	0.850114	-0.398839	-0.343850
49077	11.961962	2.049688	-3.458057	0.562304	-2.114999	0.147439	0.244591	-0.320400	0.915161	-0.470526	-0.864472	-0.176899	0.847809	-0.387339	-0.362199
49078	11.180646	1.678058	-6.142796	0.207425	-1.962820	0.007930	0.261169	-0.327956	0.907874	-0.468785	-0.865252	-0.177704	0.843819	-0.379187	-0.379718
49079	10.307045	1.069258	-7.583677	0.155537	-1.801813	-0.166433	0.277060	-0.333171	0.901241	-0.467010	-0.866412	-0.176727	0.839726	-0.371924	-0.395642
49080	10.434407	0.616737	-7.202608	0.325159	-1.652839	-0.319240	0.292411	-0.336444	0.895154	-0.463368	-0.868688	-0.175133	0.836532	-0.363575	-0.409911
49081	9.655153	-0.144368	-6.729373	0.328141	-1.474821	-0.406961	0.306504	-0.338148	0.889782	-0.459544	-0.871187	-0.172782	0.833592	-0.355935	-0.422416
49082	8.735085	-0.978081	-7.198751	0.351914	-1.319989	-0.480346	0.319700	-0.338569	0.884965	-0.455101	-0.874063	-0.169989	0.831068	-0.348403	-0.433521
49083	7.555978	-2.169239	-8.093375	0.417311	-1.165005	-0.517773	0.331622	-0.337995	0.880787	-0.450088	-0.877200	-0.167157	0.829125	-0.340998	-0.443026
49084	6.789213	-3.127547	-8.984653	0.597871	-0.965043	-0.563498	0.342150	-0.336255	0.877420	-0.443224	-0.881125	-0.164839	0.828545	-0.332494	-0.450513
49085	6.699773	-3.036347	-9.822318	0.846739	-0.536734	-0.530595	0.348908	-0.333224	0.875914	-0.434352	-0.885701	-0.163929	0.830423	-0.323259	-0.453764
49086	5.843033	0.008584	-8.672620	1.249614	-0.091622	-0.425601	0.351506	-0.329697	0.876210	-0.422442	-0.891091	-0.165827	0.835456	-0.311859	-0.452502
49087	5.313907	2.520300	-6.030509	1.111294	0.358589	-0.360460	0.349994	-0.325278	0.878464	-0.411848	-0.895711	-0.167578	0.841359	-0.303142	-0.447459
49088	3.543020	5.172940	-3.804753	0.290230	0.805570	-0.396492	0.344837	-0.319244	0.882707	-0.408012	-0.897880	-0.165338	0.845348	-0.303141	-0.439877
49089	2.994400	6.653196	-3.659951	-1.097572	1.084672	-0.619817	0.338226	-0.310216	0.888464	-0.415160	-0.896454	-0.154960	0.844539	-0.316443	-0.431993
49090	3.792716	6.009988	-4.022990	-2.436964	1.330059	-0.822459	0.330531	-0.298448	0.895365	-0.432910	-0.890941	-0.137161	0.838653	-0.342277	-0.423684
49091	5.130057	3.937839	-4.577355	-3.376539	1.544951	-0.876671	0.321576	-0.285000	0.902975	-0.458196	-0.881379	-0.115007	0.828641	-0.376757	-0.414016
49092	5.524771	2.370836	-4.042475	-3.672516	1.693320	-0.824779	0.311550	-0.271051	0.910751	-0.485792	-0.869167	-0.092495	0.816666	-0.413619	-0.402463
49093	6.473754	0.759641	-4.515186	-3.892124	1.853226	-0.785721	0.300505	-0.256124	0.918748	-0.514903	-0.854404	-0.069772	0.802852	-0.452100	-0.388632
49094	7.222108	-0.277415	-5.519005	-3.611370	2.085002	-0.731693	0.287779	-0.240090	0.927114	-0.541507	-0.839252	-0.049252	0.789907	-0.487865	-0.371530
49095	7.700245	-1.154999	-5.694348	-3.143109	2.296495	-0.636678	0.273323	-0.223095	0.935694	-0.564374	-0.824906	-0.031822	0.778959	-0.519383	-0.351375
49096	7.861882	-1.782897	-5.635982	-2.604298	2.505783	-0.521169	0.256914	-0.205443	0.944345	-0.583165	-0.812154	-0.018031	0.770658	-0.546077	-0.328461
49097	7.889943	-2.282677	-5.653335	-1.971519	2.676528	-0.429562	0.238935	-0.186951	0.952869	-0.597240	-0.802026	-0.007596	0.765646	-0.567277	-0.303287
49098	7.965564	-2.471669	-5.260576	-1.253386	2.814040	-0.366152	0.219625	-0.167816	0.961043	-0.605985	-0.795476	-0.000421	0.764557	-0.582285	-0.276400
49099	8.022548	-2.793332	-4.044141	-0.515119	2.920526	-0.328083	0.199295	-0.147964	0.968704	-0.609240	-0.792975	0.004219	0.767534	-0.591014	-0.248181
49100	8.432331	-2.439058	-4.004511	0.050026	3.076616	-0.294210	0.177395	-0.127351	0.975865	-0.608296	-0.793680	0.007001	0.773633	-0.594857	-0.218262
49101	8.455439	-1.136870	-3.951993	0.510101	3.232399	-0.242735	0.153771	-0.106093	0.982394	-0.603923	-0.796998	0.008459	0.782069	-0.594591	-0.186627
49102	8.493152	0.200705	-3.802827	0.777342	3.303461	-0.223722	0.129142	-0.084676	0.988004	-0.597487	-0.801824	0.009377	0.791411	-0.591531	-0.154142
49103	8.583330	1.167354	-3.140705	0.817723	3.322421	-0.242595	0.104196	-0.063042	0.992557	-0.590695	-0.806823	0.010765	0.800139	-0.587420	-0.121306
49104	8.773043	1.061448	-2.578669	0.557556	3.313909	-0.281403	0.079247	-0.041309	0.995999	-0.585957	-0.810238	0.013017	0.806458	-0.584644	-0.088414
49105	8.765443	0.130253	-2.105170	0.247718	3.251939	-0.314700	0.054858	-0.019672	0.998300	-0.583886	-0.811676	0.016090	0.809980	-0.583776	-0.056013
49106	8.691051	-0.656445	-1.210512	0.126506	3.174306	-0.323479	0.031016	0.001510	0.999518	-0.582722	-0.812442	0.019310	0.812079	-0.583040	-0.024318
49107	8.734627	-0.628787	-0.541852	0.022671	3.113316	-0.323391	0.007670	0.022374	0.999720	-0.582619	-0.812430	0.022652	0.812709	-0.582630	0.006804
49108	8.949358	-0.534025	-0.177049	0.017747	3.036496	-0.332593	-0.015054	0.042787	0.998971	-0.582490	-0.812421	0.026019	0.812698	-0.581499	0.037153
49109	9.469702	-0.184981	0.025777	0.036972	2.888455	-0.362549	-0.036349	0.062592	0.997377	-0.582286	-0.812439	0.029765	0.812171	-0.579677	0.065978
49110	10.010801	0.416975	0.326708	-0.038766	2.719294	-0.362034	-0.056289	0.081310	0.995098	-0.582773	-0.811949	0.033379	0.810683	-0.578038	0.093089
49111	10.230116	0.564131	0.502249	-0.190770	2.520571	-0.338564	-0.074651	0.098704	0.992313	-0.584544	-0.810534	0.036648	0.807921	-0.577314	0.118204
49112	10.130999	0.409084	0.244380	-0.320060	2.257574	-0.272653	-0.091233	0.113982	0.989285	-0.587356	-0.808390	0.038973	0.804170	-0.577507	0.140700
49113	9.758493	-0.179443	0.800367	-0.236802	1.953209	-0.205603	-0.105635	0.127003	0.986261	-0.589464	-0.806766	0.040753	0.800858	-0.577061	0.160086
49114	8.679269	-0.822781	0.850560	-0.432995	1.662427	-0.165389	-0.117916	0.137974	0.983392	-0.593114	-0.804038	0.041691	0.796437	-0.578348	0.176643
49115	6.904382	-1.598574	0.022574	-0.477323	1.307583	-0.203933	-0.127024	0.147265	0.980907	-0.597161	-0.800972	0.042921	0.791999	-0.580308	0.189684
49116	6.231319	-2.047630	-0.615347	-0.465151	0.915252	-0.324994	-0.132289	0.155220	0.978982	-0.601265	-0.797768	0.045239	0.788023	-0.582644	0.198864
49117	6.241732	-2.699150	-1.757937	-0.427388	0.582285	-0.466063	-0.133993	0.162401	0.977585	-0.605253	-0.794522	0.049030	0.784675	-0.585116	0.204754
49118	6.275658	-3.243443	-2.064484	-0.035632	0.273095	-0.560850	-0.132719	0.168485	0.976728	-0.606289	-0.793377	0.054474	0.784092	-0.584949	0.207447
49119	6.526248	-2.431825	-1.491084	0.500231	-0.005668	-0.557715	-0.129238	0.172938	0.976417	-0.603094	-0.795331	0.061040	0.787131	-0.580983	0.207085
49120	7.370738	-0.713022	-0.258741	0.969736	-0.237520	-0.468300	-0.124535	0.175337	0.976600	-0.596034	-0.800105	0.067644	0.793243	-0.573663	0.204148
49121	9.549198	1.094500	2.114057	1.001489	-0.393886	-0.257602	-0.119807	0.175206	0.977215	-0.588376	-0.805352	0.072258	0.799662	-0.566313	0.199574
49122	9.653820	2.248067	2.208392	0.465018	-0.474777	0.036899	-0.116201	0.172262	0.978173	-0.584614	-0.808034	0.072851	0.802947	-0.563388	0.194601
49123	11.439451	3.313795	4.306767	-0.256636	-0.501626	0.234922	-0.113485	0.167580	0.979305	-0.586407	-0.806974	0.070136	0.802027	-0.566312	0.189850
49124	13.545784	3.173398	6.998188	-1.874553	-0.311726	0.323306	-0.112903	0.163233	0.980106	-0.600982	-0.796739	0.063464	0.791248	-0.581861	0.188054
49125	12.535871	0.500660	6.216724	-2.952025	-0.316082	0.332968	-0.112406	0.158792	0.980893	-0.623710	-0.779736	0.054753	0.773531	-0.605638	0.186687
49126	11.509139	0.082307	6.374504	-3.753505	-0.485789	0.285335	-0.110505	0.153618	0.981932	-0.651998	-0.756882	0.045036	0.750125	-0.635241	0.183798
49127	10.735749	-2.697042	4.420292	-4.268218	-0.715013	0.259200	-0.106916	0.147097	0.983327	-0.683153	-0.729444	0.034840	0.722407	-0.668037	0.178479
49128	10.422953	-5.615979	3.593610	-4.148949	-0.947072	0.183163	-0.101461	0.139344	0.985032	-0.712365	-0.701334	0.025836	0.694436	-0.699081	0.170422
49129	10.941500	-8.437126	2.147320	-3.567893	-1.081954	0.029470	-0.094252	0.131493	0.986826	-0.736679	-0.675955	0.019709	0.669642	-0.725117	0.160579
49130	11.695024	-10.307664	1.474066	-2.491656	-1.097876	-0.034665	-0.086714	0.123694	0.988524	-0.753184	-0.657610	0.016217	0.652069	-0.743135	0.150188
49131	11.625594	-10.309442	-0.680356	-1.240890	-1.086077	0.001081	-0.079665	0.115600	0.990096	-0.761228	-0.648324	0.014447	0.643573	-0.752538	0.139647
49132	10.939180	-7.142786	-0.964460	0.133648	-1.058017	0.035456	-0.073090	0.107436	0.991522	-0.760345	-0.649362	0.014313	0.645394	-0.752852	0.129151
49133	9.913376	-1.311026	0.028160	0.970383	-1.020958	0.054916	-0.066871	0.099430	0.992795	-0.754009	-0.656693	0.014981	0.653451	-0.747575	0.118885
49134	9.359149	3.719066	0.675004	0.993694	-1.043234	0.040483	-0.060290	0.091422	0.993985	-0.747455	-0.664126	0.015747	0.661571	-0.742010	0.108375
49135	9.476075	6.057965	0.569441	0.448959	-1.069619	0.009146	-0.053253	0.083448	0.995088	-0.744475	-0.667455	0.016132	0.665523	-0.739959	0.097669
49136	9.523510	6.062960	-0.158420	-0.352840	-1.113491	-0.017053	-0.045702	0.075335	0.996110	-0.746832	-0.664820	0.016015	0.663440	-0.743196	0.086646
49137	9.545324	4.229295	-1.318748	-1.068831	-1.124168	-0.055813	-0.037843	0.067327	0.997013	-0.753910	-0.656789	0.015737	0.655887	-0.751063	0.075613
49138	9.507811	1.725234	-1.875127	-1.254756	-1.073182	-0.114243	-0.029961	0.059994	0.997749	-0.762125	-0.647231	0.016032	0.646736	-0.759929	0.065115
49139	9.828212	0.757000	-2.483950	-0.933440	-0.975558	-0.159657	-0.022427	0.053599	0.998311	-0.768175	-0.640011	0.017105	0.639847	-0.766494	0.055527
49140	10.437359	0.929276	-2.977420	-0.536588	-0.869770	-0.145328	-0.015735	0.047872	0.998730	-0.771628	-0.635810	0.018319	0.635879	-0.770360	0.046944
49141	10.509825	1.344048	-3.189584	-0.465909	-0.822176	-0.090511	-0.009776	0.042114	0.999065	-0.774597	-0.632168	0.019069	0.632380	-0.773686	0.038802
49142	10.305755	0.804190	-3.546903	-0.718936	-0.802703	-0.046921	-0.004332	0.036209	0.999335	-0.779129	-0.626566	0.019325	0.626849	-0.778527	0.030926
49143	10.139560	-0.311624	-3.438885	-0.974213	-0.782968	-0.040262	0.000917	0.030348	0.999539	-0.785201	-0.618934	0.019512	0.619240	-0.784857	0.023262
49144	10.197181	-1.170393	-3.542525	-0.997233	-0.746308	-0.052617	0.005950	0.024819	0.999674	-0.791337	-0.611057	0.019881	0.611351	-0.791198	0.016004
49145	10.383712	-1.343854	-3.454561	-0.832901	-0.689957	-0.061200	0.010691	0.019711	0.999749	-0.796397	-0.604429	0.020433	0.604680	-0.796415	0.009236
49146	10.466099	-1.569725	-3.282362	-0.632596	-0.613510	-0.055457	0.014855	0.015175	0.999775	-0.800200	-0.599365	0.020987	0.599549	-0.800332	0.003239
49147	10.366752	-1.118994	-2.766647	-0.386051	-0.546702	-0.030796	0.018433	0.010962	0.999770	-0.802504	-0.596266	0.021334	0.596362	-0.802712	-0.002194
49148	10.060373	-0.327861	-2.186519	-0.238659	-0.485136	-0.014539	0.021466	0.007179	0.999744	-0.803923	-0.594344	0.021529	0.594346	-0.804179	-0.006987
49149	9.916870	0.155727	-1.905429	-0.175116	-0.452260	-0.025275	0.024418	0.003667	0.999695	-0.804956	-0.592932	0.021837	0.592832	-0.805244	-0.011526
49150	9.678920	0.197891	-1.337453	-0.155633	-0.434024	-0.045896	0.027385	0.000470	0.999625	-0.805867	-0.591674	0.022356	0.591463	-0.806177	-0.015824
49151	9.680511	0.264576	-0.824548	-0.128285	-0.418777	-0.034812	0.030207	-0.002727	0.999540	-0.806614	-0.590640	0.022765	0.590306	-0.806931	-0.020042
49152	9.872903	0.162439	-0.902451	-0.102636	-0.409860	-0.040336	0.032978	-0.005770	0.999439	-0.807208	-0.589810	0.023230	0.589346	-0.807521	-0.024108
49153	9.937421	-0.061170	-0.632436	-0.049893	-0.412453	-0.040198	0.035800	-0.008891	0.999319	-0.807486	-0.589411	0.023684	0.588799	-0.807785	-0.028280
49154	9.859603	-0.084072	-0.717662	0.025438	-0.402397	-0.026603	0.038412	-0.011957	0.999190	-0.807327	-0.589616	0.023980	0.588852	-0.807595	-0.032301
49155	9.765777	0.039161	-0.501332	0.132586	-0.412184	-0.016424	0.041040	-0.015214	0.999042	-0.806538	-0.590689	0.024137	0.589756	-0.806756	-0.036513
49156	9.639348	0.284472	-0.219137	0.197336	-0.416240	0.009046	0.043453	-0.018596	0.998882	-0.805377	-0.592276	0.024009	0.591168	-0.805520	-0.040713
49157	9.676569	0.405432	-0.183270	0.223317	-0.431055	0.030200	0.045824	-0.022279	0.998701	-0.804171	-0.593928	0.023649	0.592629	-0.804210	-0.045132
49158	9.623499	1.024915	0.363944	0.278680	-0.430921	0.055109	0.047967	-0.026041	0.998509	-0.802543	-0.596151	0.023006	0.594663	-0.802450	-0.049494
49159	9.711911	1.745579	0.160950	0.177309	-0.426741	0.085822	0.049880	-0.030008	0.998304	-0.801632	-0.597410	0.022096	0.595734	-0.801375	-0.053854
49160	9.767820	1.945397	0.212685	0.030941	-0.437423	0.093449	0.051764	-0.034043	0.998079	-0.801495	-0.597626	0.021185	0.595757	-0.801052	-0.058221
49161	9.554458	1.961508	0.250042	-0.166536	-0.445053	0.104238	0.053638	-0.038260	0.997827	-0.802643	-0.596114	0.020289	0.594043	-0.801987	-0.062684
49162	9.466538	1.453525	-0.006306	-0.338916	-0.468290	0.098067	0.055652	-0.042575	0.997542	-0.804705	-0.593352	0.019569	0.591061	-0.803816	-0.067282
49163	9.635871	0.688139	0.044782	-0.398595	-0.499272	0.088574	0.057943	-0.047142	0.997206	-0.807205	-0.589964	0.019013	0.587420	-0.806052	-0.072238
49164	9.606172	0.262399	0.200069	-0.398357	-0.530532	0.089067	0.060358	-0.051920	0.996826	-0.809591	-0.586704	0.018462	0.583883	-0.808135	-0.077446
49165	9.563028	-0.060752	0.485875	-0.339776	-0.572236	0.091625	0.063007	-0.057108	0.996378	-0.811726	-0.583765	0.017871	0.580630	-0.809912	-0.083138
49166	9.253858	-0.295119	0.622700	-0.326212	-0.612355	0.100234	0.065767	-0.062629	0.995868	-0.813679	-0.581060	0.017193	0.577582	-0.811448	-0.089174
49167	9.115942	-0.600866	0.459022	-0.352317	-0.667746	0.077867	0.069032	-0.068524	0.995258	-0.815860	-0.578006	0.016793	0.574114	-0.813151	-0.095807
49168	9.118104	-1.704454	-0.219983	-0.361056	-0.723290	0.058941	0.072719	-0.074724	0.994549	-0.817968	-0.575024	0.016604	0.570649	-0.814717	-0.102937
49169	9.515682	-2.146081	-0.922935	-0.143888	-0.753629	0.058509	0.076580	-0.081222	0.993750	-0.818929	-0.573665	0.016221	0.568762	-0.815053	-0.110447
49170	9.827971	-1.791257	-1.525458	0.119400	-0.727957	0.076494	0.080124	-0.087562	0.992931	-0.818309	-0.574573	0.015364	0.569167	-0.813756	-0.117690
49171	9.613356	-0.797506	-2.000507	0.270085	-0.719591	0.094151	0.083495	-0.093978	0.992067	-0.816945	-0.576542	0.014141	0.570640	-0.811645	-0.124913
49172	9.822827	-0.085817	-2.154060	0.342081	-0.740904	0.110778	0.086855	-0.100594	0.991129	-0.815082	-0.579207	0.012641	0.572798	-0.808950	-0.132300
49173	10.043227	0.031637	-1.778442	0.447482	-0.721009	0.131518	0.089962	-0.107209	0.990158	-0.812728	-0.582544	0.010767	0.575657	-0.805698	-0.139538
49174	9.544471	1.025587	-0.880897	0.632470	-0.715611	0.162444	0.092808	-0.113881	0.989150	-0.809220	-0.587448	0.008293	0.580129	-0.801209	-0.146674
49175	9.544532	1.645671	0.652403	0.559201	-0.766668	0.185295	0.095807	-0.121129	0.988002	-0.806240	-0.591561	0.005657	0.583778	-0.797109	-0.154335
49176	9.557062	1.761161	2.429626	0.439589	-0.881398	0.223966	0.099189	-0.129439	0.986614	-0.803885	-0.594778	0.002786	0.586456	-0.793401	-0.163050
49177	9.884043	0.947829	4.081880	0.461539	-1.026782	0.258654	0.103177	-0.139126	0.984885	-0.801536	-0.597947	-0.000497	0.588978	-0.789369	-0.173209
49178	10.073795	0.969339	5.949173	0.744033	-1.158585	0.365160	0.107136	-0.150402	0.982803	-0.797518	-0.603271	-0.005382	0.593706	-0.783226	-0.184580
49179	9.693803	1.394572	6.965589	0.915543	-1.320235	0.464867	0.111332	-0.163514	0.980239	-0.792668	-0.609543	-0.011650	0.599402	-0.775707	-0.197474
49180	9.234935	0.473001	6.240553	0.888993	-1.518695	0.454989	0.116907	-0.177993	0.977063	-0.787832	-0.615630	-0.017885	0.604692	-0.767671	-0.212200
49181	9.842860	-0.972701	4.024239	0.823654	-1.687385	0.393339	0.124054	-0.193293	0.973267	-0.783414	-0.621057	-0.023488	0.608994	-0.759557	-0.228472
49182	10.684012	-2.373215	0.887180	0.872383	-1.841513	0.335575	0.132715	-0.209261	0.968812	-0.778509	-0.626973	-0.028779	0.613441	-0.750410	-0.246121
49183	10.716184	-2.812002	0.650767	1.327327	-2.047971	0.285426	0.143122	-0.226280	0.963490	-0.770819	-0.636098	-0.034889	0.620769	-0.737683	-0.265460
49184	11.863084	-2.550232	2.395604	1.452228	-2.165019	0.214837	0.155027	-0.243444	0.957445	-0.762063	-0.646209	-0.040916	0.628671	-0.723290	-0.285700
49185	11.944695	-4.377900	1.809617	1.605183	-2.362373	0.187688	0.168515	-0.261538	0.950369	-0.752318	-0.657091	-0.047432	0.636884	-0.706986	-0.307489
49186	11.288375	-4.624471	2.575428	1.940583	-2.543050	0.161664	0.183658	-0.280310	0.942176	-0.740141	-0.670190	-0.055115	0.646886	-0.687221	-0.330555
49187	11.456689	-3.375789	3.540112	2.006661	-2.671425	0.074526	0.200454	-0.298868	0.933004	-0.727318	-0.683434	-0.062661	0.656374	-0.666030	-0.354369
49188	13.001084	-2.034049	4.044803	1.916774	-2.842055	0.044883	0.218922	-0.317765	0.922550	-0.714748	-0.695862	-0.070074	0.664235	-0.644051	-0.379462
49189	15.608071	0.025541	4.427887	1.765934	-3.039023	0.053011	0.238725	-0.337345	0.910609	-0.703203	-0.706756	-0.077474	0.669714	-0.621847	-0.405942
49190	18.231624	1.189678	6.026726	1.403290	-3.203116	0.166565	0.259067	-0.358080	0.897030	-0.694198	-0.714767	-0.084835	0.671545	-0.600738	-0.433752
49191	18.853837	-0.476643	7.126792	0.968414	-3.394298	0.306490	0.279651	-0.380249	0.881593	-0.688518	-0.719376	-0.091876	0.669133	-0.581299	-0.462982
49192	18.625835	-2.659108	5.779551	0.738471	-3.531631	0.354355	0.300783	-0.402965	0.864378	-0.684615	-0.722224	-0.098465	0.663952	-0.562149	-0.493108
49193	17.753242	-1.753784	3.988951	0.797685	-3.588163	0.283536	0.322495	-0.424708	0.845943	-0.680205	-0.725475	-0.104915	0.658269	-0.541581	-0.522850
49194	16.871468	-0.424786	0.685056	0.733954	-3.576296	0.174987	0.344750	-0.444946	0.826541	-0.675972	-0.728627	-0.110289	0.651313	-0.520697	-0.551966
49195	15.120974	1.888440	-1.189108	1.253400	-3.620377	0.184973	0.366919	-0.464562	0.805949	-0.668470	-0.734180	-0.118864	0.646931	-0.495139	-0.579930
49196	14.380513	3.914072	-4.942582	0.761496	-3.422613	0.117056	0.388170	-0.481967	0.785514	-0.664002	-0.737330	-0.124279	0.639081	-0.473341	-0.606237
49197	12.221739	4.175291	-8.018706	0.981876	-3.263244	-0.048395	0.409152	-0.496541	0.765534	-0.657538	-0.742133	-0.129930	0.632643	-0.450207	-0.630140
49198	12.351603	3.522389	-8.679368	0.833607	-3.052341	-0.201967	0.429696	-0.508420	0.746238	-0.651434	-0.746829	-0.133716	0.625296	-0.428667	-0.652111
49199	12.235703	2.428251	-12.024447	0.505805	-2.553948	-0.239259	0.447042	-0.517220	0.729820	-0.647214	-0.750218	-0.135232	0.617469	-0.411895	-0.670131
49200	10.308148	1.273775	-12.922441	0.632601	-2.110718	-0.309446	0.462034	-0.523388	0.715954	-0.641903	-0.754402	-0.137250	0.611952	-0.396159	-0.684524
49201	8.334858	0.707533	-11.880517	0.762300	-1.739667	-0.347543	0.474806	-0.527379	0.704578	-0.635595	-0.759229	-0.139966	0.608752	-0.381369	-0.695686
49202	5.832191	-0.090073	-9.405327	0.488025	-1.304802	-0.451964	0.485611	-0.528813	0.696088	-0.630445	-0.763470	-0.140187	0.605576	-0.370769	-0.704137
49203	2.966205	-1.284957	-15.447485	-0.193152	-0.803709	-0.565046	0.493959	-0.527324	0.691328	-0.628815	-0.765778	-0.134819	0.600497	-0.368122	-0.709852
49204	2.983153	0.726392	-14.321626	0.781938	-0.210146	-0.695104	0.499588	-0.522712	0.690785	-0.620634	-0.772297	-0.135538	0.604339	-0.361012	-0.710243
49205	5.054118	2.053328	-8.397396	1.166447	0.751610	-0.551898	0.498361	-0.515607	0.696983	-0.610743	-0.779379	-0.139864	0.615329	-0.355975	-0.703315
49206	3.665267	4.680578	-3.981466	1.028562	1.585712	-0.390070	0.490878	-0.506878	0.708600	-0.602395	-0.785054	-0.144262	0.629412	-0.356042	-0.690706
49207	2.948209	7.706165	-2.550637	-0.209066	2.106904	-0.535920	0.480711	-0.494896	0.723875	-0.601095	-0.787016	-0.138890	0.638438	-0.368352	-0.675807
49208	3.700754	7.359516	-4.425759	-1.976381	2.440222	-0.831311	0.470187	-0.479011	0.741264	-0.609741	-0.783531	-0.119562	0.638075	-0.395763	-0.660479
49209	4.067337	4.557308	-6.924430	-3.089411	2.677700	-1.053314	0.459663	-0.459552	0.759949	-0.624441	-0.775708	-0.091382	0.631493	-0.432539	-0.643527
49210	3.901174	1.176959	-7.871111	-3.701106	2.925353	-1.126316	0.448491	-0.437582	0.779345	-0.642499	-0.763994	-0.059223	0.621330	-0.474167	-0.623791
49211	3.729954	-2.302469	-8.935176	-3.742598	3.230111	-1.071275	0.435548	-0.413308	0.799672	-0.660822	-0.750031	-0.027729	0.611239	-0.516363	-0.599797
49212	3.310004	-4.141967	-8.855827	-3.265292	3.571463	-1.017598	0.420657	-0.386576	0.820736	-0.676306	-0.736621	-0.000325	0.604697	-0.554932	-0.571308
49213	3.175096	-4.913548	-8.490339	-2.468911	3.961542	-0.967795	0.403296	-0.356703	0.842683	-0.687235	-0.726115	0.021541	0.604201	-0.587809	-0.537979
49214	3.093104	-4.205644	-7.804799	-1.518532	4.286309	-0.907788	0.383545	-0.324358	0.864688	-0.692876	-0.720096	0.037216	0.610587	-0.613395	-0.500929
49215	3.498582	-2.929293	-7.811990	-0.751109	4.588974	-0.818190	0.360915	-0.289729	0.886452	-0.694454	-0.717928	0.048096	0.622474	-0.632959	-0.460315
49216	4.353247	-1.763379	-8.182860	-0.188375	4.855195	-0.723371	0.335351	-0.253410	0.907372	-0.693112	-0.718694	0.055448	0.638072	-0.647504	-0.416656
49217	4.739278	-1.159483	-8.863736	0.303331	5.035446	-0.646700	0.307219	-0.215762	0.926856	-0.689065	-0.722188	0.060282	0.656358	-0.657184	-0.370544
49218	4.615040	-0.392822	-9.003179	0.788896	5.133489	-0.627152	0.277316	-0.177323	0.944273	-0.681963	-0.728629	0.063452	0.676773	-0.661556	-0.322989
49219	4.324103	-0.289222	-9.079616	1.244554	5.189408	-0.676542	0.246201	-0.137925	0.959355	-0.671626	-0.737920	0.066271	0.698787	-0.660644	-0.274311
49220	3.981062	-0.699339	-8.931499	1.694327	5.308034	-0.714035	0.213246	-0.097671	0.972104	-0.657937	-0.749906	0.068982	0.722250	-0.654294	-0.224176
49221	3.422692	-0.653966	-9.427925	2.140825	5.432369	-0.757500	0.178271	-0.056600	0.982352	-0.640723	-0.764367	0.072234	0.746789	-0.642293	-0.172529
49222	3.327510	0.245011	-9.506137	2.354186	5.580647	-0.787174	0.140908	-0.015083	0.989908	-0.621596	-0.779583	0.076602	0.770560	-0.626117	-0.119225
49223	2.959936	1.792780	-9.558375	2.170354	5.676107	-0.794938	0.101490	0.026317	0.994488	-0.603684	-0.792934	0.082591	0.790738	-0.608738	-0.064588
49224	3.110427	2.522133	-7.568557	1.739966	5.620557	-0.835644	0.061616	0.066782	0.995863	-0.589109	-0.802993	0.090298	0.805701	-0.592236	-0.010135
49225	4.247663	2.641296	-6.634271	0.895702	5.395444	-0.914329	0.023339	0.105869	0.994106	-0.581468	-0.807445	0.099642	0.813235	-0.580366	0.042715
49226	7.128302	1.967358	-6.973526	0.392214	5.035278	-1.013035	-0.011790	0.143083	0.989640	-0.578217	-0.808435	0.109995	0.815798	-0.570930	0.092265
49227	11.168097	0.527048	-5.820984	0.380814	4.627853	-0.978120	-0.043855	0.177251	0.983188	-0.575379	-0.809008	0.120185	0.816710	-0.560435	0.137466
49228	13.804618	-0.304190	-3.410867	0.852477	4.244680	-0.682591	-0.074655	0.206294	0.975638	-0.568815	-0.812404	0.128253	0.819070	-0.545383	0.177993
