// General information: 
//  MT Manager version: 2022.2.0 
//  XDA version: 2022.2.0 build 7381 rev 124627 built on 2023-07-19
// Device information: 
//  DeviceId: 00B4CBA7
//  ProductCode: MTW2-3A7G6
//  Firmware Version: 4.6.0
//  Hardware Version: 2.0.0
// Device settings: 
//  Filter Profile: human(46.1)
//  Option Flags: Orientation Smoother Disabled, Position/Velocity Smoother Disabled, Continuous Zero Rotation Update Disabled, AHS Disabled, ICC Disabled
// Coordinate system: ENU
PacketCounter	Acc_X	Acc_Y	Acc_Z	Gyr_X	Gyr_Y	Gyr_Z	Mat[1][1]	Mat[2][1]	Mat[3][1]	Mat[1][2]	Mat[2][2]	Mat[3][2]	Mat[1][3]	Mat[2][3]	Mat[3][3]
51748	9.625529	-0.097167	-2.490102	-0.166924	0.002642	0.009080	0.203727	0.101464	0.973756	0.464917	-0.885340	-0.005018	0.861596	0.453738	-0.227540
51749	9.583307	0.026313	-2.303900	-0.182573	0.012375	0.009151	0.203640	0.101359	0.973785	0.463329	-0.886174	-0.004653	0.862471	0.452131	-0.227423
51750	9.487495	-0.187211	-2.207441	-0.225925	0.006443	0.010055	0.203628	0.101281	0.973796	0.461367	-0.887199	-0.004201	0.863525	0.450132	-0.227386
51751	9.395810	-0.386084	-2.142959	-0.229549	0.010964	0.014517	0.203577	0.101135	0.973821	0.459359	-0.888243	-0.003782	0.864607	0.448104	-0.227283
51752	9.345593	-0.378333	-2.090001	-0.193111	0.004818	0.005888	0.203560	0.101102	0.973828	0.457688	-0.889107	-0.003365	0.865497	0.446394	-0.227259
51753	9.391491	-0.187411	-2.128628	-0.159194	0.004535	0.000439	0.203500	0.101110	0.973840	0.456314	-0.889814	-0.002969	0.866236	0.444981	-0.227215
51754	9.446021	-0.104236	-2.217809	-0.140668	0.001432	-0.004655	0.203463	0.101184	0.973840	0.455114	-0.890430	-0.002568	0.866876	0.443731	-0.227219
51755	9.659686	-0.022012	-2.324186	-0.143388	0.003747	-0.000139	0.203407	0.101201	0.973850	0.453876	-0.891062	-0.002203	0.867538	0.442455	-0.227181
51756	9.806781	-0.079443	-2.449202	-0.137039	0.012744	-0.006952	0.203261	0.101246	0.973876	0.452713	-0.891654	-0.001789	0.868179	0.441250	-0.227074
51757	9.786044	-0.055020	-2.402043	-0.132737	0.014134	-0.003204	0.203102	0.101245	0.973909	0.451572	-0.892234	-0.001418	0.868811	0.440078	-0.226933
51758	9.739798	-0.017971	-2.177463	-0.139565	0.017632	-0.009057	0.202904	0.101288	0.973946	0.450382	-0.892835	-0.000977	0.869474	0.438846	-0.226778
51759	9.559935	-0.157651	-2.000222	-0.157839	0.012460	-0.008340	0.202736	0.101340	0.973976	0.449031	-0.893516	-0.000499	0.870212	0.437447	-0.226653
51760	9.409920	-0.494108	-1.917223	-0.135981	0.007043	-0.019485	0.202584	0.101523	0.973988	0.447898	-0.894085	0.000034	0.870831	0.436240	-0.226600
51761	9.472530	-0.433924	-1.862224	-0.081003	-0.011703	-0.029432	0.202532	0.101870	0.973963	0.447257	-0.894405	0.000543	0.871173	0.435502	-0.226708
51762	9.374693	-0.056227	-1.711314	-0.067722	-0.023394	-0.034352	0.202579	0.102318	0.973906	0.446746	-0.894660	0.001066	0.871424	0.434872	-0.226949
51763	9.364408	0.303723	-1.577730	-0.113680	-0.045255	-0.038344	0.202780	0.102890	0.973804	0.445838	-0.895112	0.001736	0.871842	0.433806	-0.227383
51764	9.467614	0.434439	-1.524968	-0.193806	-0.064054	-0.029337	0.203204	0.103469	0.973654	0.444219	-0.895915	0.002498	0.872569	0.432008	-0.228016
51765	9.570789	0.468740	-1.366554	-0.283782	-0.086398	-0.030014	0.203803	0.104142	0.973457	0.441808	-0.897103	0.003477	0.873653	0.429372	-0.228843
51766	9.595632	0.178842	-1.131822	-0.362347	-0.113925	-0.024809	0.204684	0.104890	0.973192	0.438697	-0.898623	0.004585	0.875014	0.425998	-0.229949
51767	9.542168	-0.338860	-0.931215	-0.390098	-0.151531	-0.028492	0.205865	0.105822	0.972842	0.435345	-0.900245	0.005801	0.876410	0.422327	-0.231398
51768	9.463489	-0.794928	-0.865625	-0.335700	-0.192303	-0.041838	0.207363	0.107046	0.972390	0.432498	-0.901607	0.007023	0.877466	0.419101	-0.233257
51769	9.574353	-0.848005	-1.081367	-0.246692	-0.233561	-0.062727	0.209120	0.108620	0.971839	0.430469	-0.902568	0.008250	0.878046	0.416621	-0.235503
51770	9.557925	-0.580992	-1.131067	-0.188668	-0.272528	-0.074727	0.211185	0.110463	0.971184	0.428974	-0.903267	0.009458	0.878283	0.414616	-0.238143
51771	9.573599	-0.314468	-1.219408	-0.185766	-0.319626	-0.085217	0.213606	0.112588	0.970410	0.427529	-0.903937	0.010769	0.878403	0.412579	-0.241221
51772	9.635908	-0.164125	-1.230025	-0.200402	-0.366174	-0.086656	0.216444	0.114914	0.969509	0.425967	-0.904658	0.012130	0.878467	0.410353	-0.244757
51773	9.630854	-0.118864	-1.269356	-0.201434	-0.414999	-0.084732	0.219708	0.117412	0.968475	0.424387	-0.905380	0.013486	0.878421	0.408045	-0.248747
51774	9.511591	-0.057426	-1.317384	-0.186514	-0.467158	-0.091072	0.223415	0.120171	0.967287	0.422965	-0.906024	0.014868	0.878172	0.405807	-0.253247
51775	9.533688	0.006135	-1.372221	-0.163711	-0.503518	-0.106174	0.227365	0.123205	0.965984	0.421773	-0.906554	0.016351	0.877732	0.403708	-0.258083
51776	9.548615	0.050925	-1.500624	-0.167669	-0.535730	-0.111625	0.231583	0.126405	0.964568	0.420568	-0.907084	0.017898	0.877207	0.401521	-0.263228
51777	9.551537	-0.149693	-1.765626	-0.179126	-0.563292	-0.115674	0.236016	0.129743	0.963049	0.419274	-0.907650	0.019528	0.876645	0.399172	-0.268618
51778	9.667366	-0.313549	-2.063692	-0.164739	-0.586541	-0.123298	0.240627	0.133230	0.961430	0.418131	-0.908140	0.021195	0.875937	0.396904	-0.274231
51779	10.016496	-0.311603	-2.198154	-0.135829	-0.599737	-0.131098	0.245309	0.136828	0.959740	0.417267	-0.908496	0.022869	0.875050	0.394858	-0.279956
51780	10.346513	-0.204603	-2.322126	-0.105561	-0.608354	-0.137824	0.250041	0.140507	0.957986	0.416695	-0.908716	0.024521	0.873982	0.393057	-0.285765
51781	10.420015	0.000773	-2.473439	-0.076163	-0.615053	-0.130706	0.254847	0.144141	0.956178	0.416367	-0.908824	0.026030	0.872749	0.391487	-0.291627
51782	10.535110	0.451076	-2.529233	-0.076159	-0.626661	-0.129760	0.259758	0.147799	0.954296	0.416047	-0.908926	0.027525	0.871453	0.389882	-0.297593
51783	10.653390	0.837263	-2.425495	-0.118467	-0.644083	-0.129032	0.264810	0.151510	0.952324	0.415361	-0.909189	0.029149	0.870259	0.387839	-0.303694
51784	10.690819	0.948842	-2.261750	-0.133783	-0.638355	-0.158884	0.269687	0.155454	0.950317	0.414632	-0.909458	0.031103	0.869108	0.385644	-0.309725
51785	10.296020	0.651318	-2.224101	-0.066467	-0.661647	-0.189730	0.274625	0.159758	0.948187	0.414579	-0.909410	0.033150	0.867586	0.383994	-0.315979
51786	10.267286	0.671480	-2.333643	-0.004847	-0.685696	-0.210619	0.279677	0.164332	0.945926	0.415131	-0.909081	0.035192	0.865706	0.382841	-0.322468
51787	10.133392	0.225617	-2.309872	0.035751	-0.696847	-0.226667	0.284739	0.169091	0.943574	0.416088	-0.908561	0.037255	0.863594	0.382002	-0.329059
51788	10.305892	-0.664776	-2.484869	0.168121	-0.707496	-0.242832	0.289809	0.174029	0.941130	0.418245	-0.907496	0.039017	0.860861	0.382315	-0.335787
51789	10.364917	-0.747640	-2.591207	0.406034	-0.706102	-0.267302	0.294729	0.179193	0.938629	0.422522	-0.905461	0.040190	0.857094	0.384747	-0.342579
51790	10.253331	-0.475959	-2.639935	0.567742	-0.702132	-0.279045	0.299525	0.184459	0.936087	0.428214	-0.902753	0.040873	0.852595	0.388603	-0.349385
51791	9.860089	-0.553174	-2.829914	0.676159	-0.697351	-0.280729	0.304220	0.189749	0.933512	0.434818	-0.899578	0.041149	0.847575	0.393390	-0.356176
51792	9.605005	-0.588675	-3.243409	0.770224	-0.699538	-0.289632	0.308840	0.195146	0.930879	0.442223	-0.895962	0.041109	0.842055	0.398960	-0.363007
51793	9.467609	-0.542126	-3.686596	0.829625	-0.687749	-0.302890	0.313238	0.200651	0.928236	0.450136	-0.892022	0.040922	0.836217	0.405014	-0.369735
51794	9.215111	-0.282352	-4.089529	0.853562	-0.672478	-0.303195	0.317444	0.206119	0.925605	0.458215	-0.887915	0.040578	0.830222	0.411245	-0.376310
51795	9.030669	-0.098685	-4.527742	0.842295	-0.638293	-0.294065	0.321342	0.211401	0.923065	0.466132	-0.883804	0.040137	0.824294	0.417372	-0.382544
51796	8.762950	-0.276941	-4.974168	0.866138	-0.577519	-0.273297	0.324781	0.216263	0.920732	0.474140	-0.879570	0.039346	0.818357	0.423777	-0.388206
51797	8.163397	-0.183094	-5.524922	0.856377	-0.515388	-0.263369	0.327701	0.220807	0.918617	0.481993	-0.875331	0.038459	0.812585	0.430164	-0.393274
51798	7.748626	0.620222	-6.299854	0.815303	-0.461374	-0.266059	0.330127	0.225153	0.916691	0.489482	-0.871198	0.037703	0.807108	0.436258	-0.397814
51799	7.534722	1.257706	-6.728227	0.580335	-0.394358	-0.245095	0.332071	0.229044	0.915023	0.494976	-0.868090	0.037664	0.802949	0.440407	-0.401639
51800	7.085410	0.942652	-6.844202	0.408749	-0.320587	-0.223319	0.333514	0.232423	0.913645	0.499007	-0.865760	0.038086	0.799850	0.443214	-0.404724
51801	6.606795	0.628896	-6.796300	0.331355	-0.255271	-0.226133	0.334397	0.235544	0.912523	0.502419	-0.863751	0.038842	0.797342	0.445480	-0.407178
51802	6.110192	0.448880	-6.471993	0.308843	-0.188083	-0.224093	0.334752	0.238347	0.911665	0.505641	-0.861832	0.039654	0.795153	0.447701	-0.409018
51803	6.049034	0.706826	-6.269835	0.291781	-0.109895	-0.216366	0.334503	0.240734	0.911128	0.508693	-0.859997	0.040467	0.793309	0.449948	-0.410131
51804	6.040825	0.984064	-5.946347	0.221526	0.007628	-0.171506	0.333558	0.242204	0.911085	0.511035	-0.858575	0.041149	0.792201	0.451870	-0.410159
51805	6.148067	1.158315	-5.858729	0.099102	0.133301	-0.106740	0.331932	0.242548	0.911588	0.512185	-0.857859	0.041753	0.792141	0.453043	-0.408980
51806	6.369145	1.025043	-5.527281	-0.067307	0.262873	-0.048452	0.329592	0.241806	0.912633	0.511825	-0.858038	0.042499	0.793350	0.453101	-0.406565
51807	6.429495	-0.074224	-5.174834	-0.190255	0.351317	-0.025374	0.326647	0.240465	0.914045	0.510407	-0.858830	0.043538	0.795479	0.452314	-0.403269
51808	6.513235	-1.361056	-5.993171	-0.041503	0.426151	-0.046246	0.323012	0.238968	0.915728	0.510240	-0.858898	0.044157	0.797069	0.452978	-0.399366
51809	6.723265	-0.993770	-6.363298	0.250553	0.469601	-0.085433	0.318807	0.237597	0.917556	0.512521	-0.857547	0.043981	0.797298	0.456246	-0.395166
51810	7.065560	0.452961	-5.861948	0.405113	0.470593	-0.131014	0.314381	0.236597	0.919340	0.516178	-0.855370	0.043620	0.796696	0.460830	-0.391039
51811	7.095482	1.691428	-6.150794	0.424296	0.450366	-0.166308	0.309909	0.235962	0.921020	0.520086	-0.853004	0.043536	0.795907	0.465517	-0.387074
51812	7.230935	3.023804	-6.325269	0.410225	0.414890	-0.160925	0.305769	0.235431	0.922539	0.523858	-0.850696	0.043468	0.795034	0.469988	-0.383448
51813	7.672378	4.862366	-5.946548	0.246979	0.366209	-0.109992	0.302255	0.234669	0.923890	0.526165	-0.849265	0.043577	0.794854	0.472947	-0.380170
51814	7.759960	5.372662	-5.943536	-0.080031	0.319302	-0.016132	0.299631	0.233339	0.925080	0.525589	-0.849597	0.044062	0.796227	0.473010	-0.377206
51815	8.108514	4.951477	-6.212965	-0.394845	0.293684	0.098045	0.297777	0.231150	0.926228	0.522156	-0.851679	0.044676	0.799176	0.470332	-0.374307
51816	8.419326	3.673869	-5.571519	-0.671617	0.392277	0.193692	0.295640	0.227712	0.927763	0.516209	-0.855257	0.045421	0.803819	0.465492	-0.370395
51817	8.413112	2.064320	-5.372995	-0.677188	0.507960	0.290458	0.293010	0.222900	0.929764	0.509903	-0.859041	0.045252	0.808792	0.460830	-0.365365
51818	9.175453	1.262507	-4.953526	-0.644705	0.601151	0.356276	0.289941	0.217129	0.932089	0.503645	-0.862773	0.044315	0.813803	0.456593	-0.359509
51819	10.319972	-1.234072	-4.332464	-0.431671	0.659049	0.389390	0.286492	0.210793	0.934606	0.499010	-0.865566	0.042257	0.817870	0.454271	-0.353165
51820	10.938049	-0.462036	-2.055801	-0.089686	0.635643	0.354984	0.283058	0.204883	0.936964	0.497275	-0.866703	0.039292	0.820119	0.454807	-0.347210
51821	11.167288	1.136441	-0.489062	-0.286787	0.606599	0.351279	0.279790	0.199111	0.939187	0.493938	-0.868708	0.037022	0.823251	0.453542	-0.341405
51822	12.188753	-1.397798	-0.423592	-0.736119	0.657434	0.362588	0.276139	0.193042	0.941532	0.486860	-0.872732	0.036146	0.828682	0.448413	-0.334980
51823	12.148790	-5.026711	-1.544470	-0.569750	0.656524	0.349822	0.272353	0.187083	0.943835	0.481175	-0.875935	0.034776	0.833243	0.444678	-0.328583
51824	11.255711	-4.553988	-2.294834	-0.231227	0.578435	0.315216	0.269038	0.181797	0.945816	0.478402	-0.877536	0.032591	0.835913	0.443712	-0.323063
51825	10.207628	-2.611781	-2.543488	-0.081637	0.531416	0.260569	0.265813	0.177182	0.947602	0.477029	-0.878361	0.030423	0.837727	0.443947	-0.318000
51826	9.681504	-0.959437	-2.506651	-0.013167	0.495946	0.214593	0.262678	0.173135	0.949223	0.476362	-0.878788	0.028464	0.839094	0.444697	-0.313314
51827	9.531905	0.632899	-2.209330	0.052655	0.462009	0.178174	0.259625	0.169543	0.950710	0.476347	-0.878854	0.026645	0.840053	0.445950	-0.308934
51828	9.521639	1.513008	-2.017183	0.046236	0.421488	0.163358	0.256861	0.166266	0.952039	0.476323	-0.878915	0.024983	0.840915	0.447061	-0.304955
51829	9.486108	1.132243	-2.341151	0.072762	0.393642	0.156586	0.254272	0.163159	0.953271	0.476543	-0.878842	0.023309	0.841578	0.448347	-0.301218
51830	9.301976	0.834201	-3.016191	0.210051	0.393768	0.131126	0.251583	0.160279	0.954472	0.477988	-0.878104	0.021465	0.841566	0.450826	-0.297527
51831	9.268773	1.012617	-3.445377	0.301553	0.386846	0.105717	0.248811	0.157632	0.955639	0.480268	-0.876903	0.019602	0.841092	0.454085	-0.293889
51832	9.025566	1.068757	-3.791204	0.318492	0.397110	0.084120	0.245875	0.155127	0.956808	0.482747	-0.875577	0.017904	0.840536	0.457494	-0.290170
51833	9.012933	0.850488	-3.830940	0.275258	0.410016	0.087090	0.242828	0.152515	0.958005	0.484854	-0.874443	0.016315	0.840209	0.460531	-0.286286
51834	9.214353	0.606604	-3.524528	0.195162	0.432611	0.096085	0.239658	0.149721	0.959243	0.486271	-0.873681	0.014876	0.840300	0.462887	-0.282189
51835	9.507964	0.290597	-3.126456	0.098504	0.448735	0.110036	0.236397	0.146710	0.960517	0.486844	-0.873383	0.013582	0.840892	0.464411	-0.277891
51836	9.652499	-0.188980	-2.771057	0.022819	0.452193	0.120047	0.233176	0.143604	0.961773	0.486762	-0.873446	0.012403	0.841838	0.465263	-0.273568
51837	9.570932	-0.677048	-2.606405	0.014571	0.453529	0.124379	0.229938	0.140437	0.963019	0.486603	-0.873551	0.011205	0.842820	0.466032	-0.269199
51838	9.659685	-0.765647	-2.325161	0.069855	0.446102	0.100205	0.226663	0.137523	0.964215	0.486972	-0.873359	0.010090	0.843494	0.467259	-0.264928
51839	9.823893	-0.428057	-1.979623	0.101594	0.431689	0.094077	0.223456	0.134713	0.965360	0.487623	-0.873008	0.008953	0.843973	0.468732	-0.260768
51840	9.797648	-0.073553	-1.607645	0.090911	0.410195	0.091459	0.220438	0.132031	0.966424	0.488195	-0.872699	0.007871	0.844437	0.470068	-0.256833
51841	9.821337	-0.079980	-1.224288	0.064320	0.375324	0.089771	0.217682	0.129513	0.967389	0.488547	-0.872510	0.006878	0.844947	0.471118	-0.253203
51842	9.821322	-0.363098	-0.836764	0.072027	0.337949	0.087411	0.215251	0.127198	0.968239	0.488974	-0.872279	0.005887	0.845323	0.472176	-0.249956
51843	9.708333	-0.596864	-1.087258	0.115923	0.306664	0.079199	0.213023	0.125089	0.969007	0.489789	-0.871827	0.004870	0.845416	0.473572	-0.246986
51844	9.497792	-0.584435	-1.754603	0.214076	0.274139	0.070070	0.211045	0.123216	0.969679	0.491457	-0.870894	0.003701	0.844944	0.475774	-0.244354
51845	9.303329	0.052889	-2.111406	0.275541	0.247170	0.057372	0.209217	0.121569	0.970283	0.493668	-0.869647	0.002513	0.844109	0.478472	-0.241959
51846	9.365643	0.732263	-2.142836	0.248358	0.221403	0.052605	0.207605	0.120089	0.970814	0.495663	-0.868514	0.001439	0.843338	0.480897	-0.239831
51847	9.440101	1.005029	-1.955627	0.127031	0.217434	0.062316	0.206056	0.118531	0.971335	0.496610	-0.867973	0.000569	0.843160	0.482258	-0.237715
51848	9.414654	0.392696	-1.898073	0.005713	0.209401	0.076659	0.204666	0.116896	0.971827	0.496508	-0.868032	-0.000153	0.843559	0.482551	-0.235696
51849	9.517780	-0.375218	-2.138453	-0.027239	0.200965	0.076335	0.203325	0.115294	0.972300	0.496128	-0.868249	-0.000793	0.844107	0.482546	-0.233737
51850	9.543102	-0.602667	-2.646790	0.027295	0.211036	0.068405	0.201877	0.113721	0.972786	0.496224	-0.868193	-0.001485	0.844398	0.483019	-0.231699
51851	9.371487	-0.565868	-3.102061	0.071999	0.229907	0.062659	0.200222	0.112097	0.973317	0.496711	-0.867913	-0.002222	0.844505	0.483902	-0.229455
51852	9.347708	-0.397302	-3.196522	0.120040	0.245194	0.045694	0.198374	0.110551	0.973872	0.497641	-0.867378	-0.002905	0.844394	0.485215	-0.227080
51853	9.356362	-0.136288	-2.829785	0.147077	0.263020	0.030853	0.196283	0.109036	0.974466	0.498827	-0.866694	-0.003499	0.844183	0.486777	-0.224508
51854	9.434969	0.019392	-2.347684	0.163754	0.259202	0.025315	0.194218	0.107592	0.975040	0.500167	-0.865920	-0.004077	0.843868	0.488474	-0.221991
51855	9.553578	0.332176	-1.605748	0.144306	0.238370	0.027454	0.192320	0.106219	0.975567	0.501336	-0.865240	-0.004624	0.843609	0.489976	-0.219655
51856	9.825384	0.166087	-0.688635	0.091448	0.219068	0.034929	0.190642	0.104882	0.976041	0.502047	-0.864825	-0.005130	0.843566	0.490997	-0.217528
51857	10.039727	-0.275928	-0.029879	0.082303	0.185632	0.034749	0.189227	0.103700	0.976442	0.502680	-0.864454	-0.005609	0.843508	0.491900	-0.215706
51858	9.949280	-0.458062	-0.045070	0.071389	0.140672	0.032592	0.188197	0.102764	0.976740	0.503225	-0.864134	-0.006045	0.843413	0.492658	-0.214341
51859	9.615320	-0.506775	-0.630260	0.052174	0.087418	0.038359	0.187629	0.102032	0.976926	0.503598	-0.863914	-0.006492	0.843318	0.493196	-0.213478
51860	9.409104	-0.252433	-1.168899	0.019529	0.045377	0.035973	0.187419	0.101534	0.977019	0.503699	-0.863852	-0.006850	0.843304	0.493408	-0.213044
51861	9.477786	0.098766	-1.384847	-0.026244	0.013369	0.036038	0.187463	0.101187	0.977046	0.503415	-0.864015	-0.007108	0.843464	0.493192	-0.212910
51862	9.560186	0.058716	-1.539488	-0.066445	-0.008024	0.032513	0.187685	0.100981	0.977025	0.502799	-0.864373	-0.007249	0.843782	0.492607	-0.213003
51863	9.537032	0.006303	-1.660299	-0.064951	-0.025939	0.029555	0.188028	0.100884	0.976969	0.502200	-0.864720	-0.007360	0.844062	0.492017	-0.213255
51864	9.462556	-0.107247	-1.722111	-0.056211	-0.047576	0.018716	0.188513	0.100991	0.976864	0.501694	-0.865013	-0.007388	0.844254	0.491480	-0.213733
51865	9.570614	-0.275550	-2.216836	-0.042915	-0.048776	0.015461	0.188978	0.101128	0.976760	0.501308	-0.865237	-0.007408	0.844380	0.491057	-0.214207
51866	9.517236	-0.344609	-2.881217	-0.015652	-0.024242	0.019062	0.189268	0.101117	0.976705	0.501144	-0.865331	-0.007526	0.844413	0.490894	-0.214454
51867	9.368287	-0.416767	-3.293790	0.001461	-0.005375	0.012432	0.189351	0.101067	0.976694	0.501137	-0.865334	-0.007612	0.844398	0.490899	-0.214500
51868	9.379468	-0.404374	-3.455264	0.055822	0.031933	-0.002862	0.189058	0.100971	0.976761	0.501621	-0.865053	-0.007669	0.844176	0.491414	-0.214195
51869	9.327937	-0.215914	-3.320991	0.121993	0.060607	-0.012205	0.188461	0.100809	0.976893	0.502679	-0.864438	-0.007772	0.843680	0.492528	-0.213588
51870	9.379696	0.221820	-2.875443	0.178200	0.082865	-0.024652	0.187630	0.100649	0.977069	0.504233	-0.863532	-0.007877	0.842938	0.494148	-0.212775
51871	9.485810	0.857449	-2.263690	0.116387	0.091209	-0.013170	0.186771	0.100342	0.977266	0.505243	-0.862941	-0.007956	0.842524	0.495242	-0.211869
51872	9.680382	0.301437	-1.854605	-0.011859	0.098197	-0.000417	0.185934	0.099896	0.977471	0.505150	-0.862996	-0.007892	0.842765	0.495236	-0.210922
51873	9.767661	-0.449441	-1.731230	-0.037927	0.096553	0.009421	0.185143	0.099368	0.977675	0.504817	-0.863191	-0.007866	0.843138	0.495003	-0.209976
51874	9.691362	-0.501495	-1.585651	-0.001568	0.086550	0.006408	0.184437	0.098920	0.977854	0.504798	-0.863201	-0.007890	0.843304	0.495074	-0.209141
51875	9.534922	-0.097261	-1.545726	-0.003443	0.070216	0.000404	0.183822	0.098600	0.978002	0.504773	-0.863216	-0.007848	0.843453	0.495112	-0.208449
51876	9.476652	0.075287	-1.552064	-0.038665	0.055098	0.003103	0.183364	0.098336	0.978114	0.504444	-0.863409	-0.007763	0.843750	0.494828	-0.207924
51877	9.460292	0.043677	-1.525938	-0.082139	0.035745	0.008866	0.183083	0.098114	0.978189	0.503739	-0.863822	-0.007640	0.844232	0.494151	-0.207575
51878	9.568678	0.083829	-1.490196	-0.106545	0.018912	0.005442	0.182941	0.098009	0.978226	0.502836	-0.864350	-0.007437	0.844801	0.493248	-0.207408
51879	9.664153	0.168684	-1.646823	-0.135477	0.009554	0.014991	0.182911	0.097863	0.978247	0.501668	-0.865030	-0.007264	0.845501	0.492084	-0.207319
51880	9.690625	0.115988	-2.062172	-0.171158	0.008687	0.018993	0.182923	0.097692	0.978261	0.500193	-0.865885	-0.007060	0.846372	0.490611	-0.207255
51881	9.528554	-0.121499	-2.434350	-0.176586	0.012244	0.022391	0.182907	0.097469	0.978287	0.498661	-0.866770	-0.006875	0.847279	0.489091	-0.207142
51882	9.506662	-0.168927	-2.552795	-0.168435	0.016955	0.015851	0.182832	0.097285	0.978319	0.497209	-0.867605	-0.006645	0.848148	0.487644	-0.206997
51883	9.509656	-0.213122	-2.646250	-0.134712	0.034272	0.014602	0.182590	0.097022	0.978390	0.496044	-0.868273	-0.006471	0.848883	0.486506	-0.206665
51884	9.461807	-0.213269	-2.518003	-0.088463	0.051235	0.004549	0.182168	0.096770	0.978494	0.495290	-0.868705	-0.006297	0.849413	0.485786	-0.206179
51885	9.468049	-0.126199	-2.380176	-0.057044	0.056675	0.006320	0.181694	0.096471	0.978612	0.494799	-0.868986	-0.006203	0.849801	0.485343	-0.205623
51886	9.501234	0.023073	-2.153064	-0.050474	0.064763	0.006508	0.181167	0.096136	0.978742	0.494364	-0.869233	-0.006128	0.850166	0.484965	-0.205002
51887	9.573649	-0.058301	-1.962280	-0.057756	0.062447	0.004894	0.180636	0.095822	0.978871	0.493869	-0.869516	-0.006019	0.850567	0.484521	-0.204389
51888	9.555050	-0.146777	-1.827075	-0.047741	0.057985	0.010518	0.180185	0.095486	0.978987	0.493447	-0.869755	-0.005988	0.850907	0.484157	-0.203835
51889	9.629504	-0.206730	-1.741227	-0.042507	0.050889	0.008469	0.179770	0.095197	0.979091	0.493074	-0.869967	-0.005946	0.851211	0.483834	-0.203333
51890	9.721927	-0.275398	-2.017886	-0.008323	0.053944	0.005892	0.179331	0.094922	0.979199	0.493002	-0.870008	-0.005952	0.851346	0.483814	-0.202816
51891	9.627445	-0.193551	-2.048746	0.023725	0.059277	0.006193	0.178833	0.094612	0.979320	0.493197	-0.869897	-0.006022	0.851337	0.484074	-0.202229
51892	9.552405	-0.054067	-2.032628	0.028699	0.048979	0.001903	0.178416	0.094394	0.979417	0.493442	-0.869758	-0.006063	0.851283	0.484367	-0.201757
51893	9.444848	-0.021588	-1.897996	0.017249	0.044747	0.000018	0.178012	0.094208	0.979508	0.493593	-0.869672	-0.006059	0.851280	0.484557	-0.201312
51894	9.427610	0.017877	-1.708435	0.015474	0.038506	-0.001438	0.177667	0.094070	0.979584	0.493732	-0.869593	-0.006041	0.851271	0.484726	-0.200944
51895	9.420259	0.256055	-1.602957	-0.012694	0.027433	0.004604	0.177432	0.093928	0.979640	0.493620	-0.869657	-0.006022	0.851385	0.484639	-0.200670
51896	9.515263	0.313951	-1.408490	-0.087387	0.005954	0.010553	0.177425	0.093844	0.979650	0.492862	-0.870087	-0.005914	0.851826	0.483882	-0.200627
51897	9.708236	-0.271046	-1.213290	-0.117043	0.001571	0.009613	0.177435	0.093784	0.979654	0.491852	-0.870660	-0.005735	0.852407	0.482862	-0.200613
51898	9.919319	-0.655319	-1.233729	-0.086221	-0.004241	0.002868	0.177474	0.093814	0.979644	0.491117	-0.871076	-0.005554	0.852823	0.482105	-0.200667
51899	9.872138	-0.631854	-1.632448	-0.041838	-0.007334	0.004068	0.177533	0.093845	0.979630	0.490757	-0.871279	-0.005471	0.853018	0.481732	-0.200736
51900	9.505819	-0.330754	-2.037739	-0.029584	-0.020569	0.000813	0.177701	0.093972	0.979587	0.490510	-0.871419	-0.005385	0.853125	0.481454	-0.200947
51901	9.435254	-0.041433	-2.248295	-0.032947	-0.018924	-0.002232	0.177828	0.094114	0.979551	0.490237	-0.871573	-0.005258	0.853255	0.481147	-0.201128
51902	9.582298	0.076741	-2.288938	-0.042439	-0.013285	-0.003938	0.177912	0.094247	0.979523	0.489887	-0.871771	-0.005099	0.853439	0.480762	-0.201269
51903	9.544696	0.127682	-2.159529	-0.020058	-0.005969	-0.004048	0.177919	0.094342	0.979512	0.489727	-0.871862	-0.004980	0.853529	0.480580	-0.201323
51904	9.728468	-0.282423	-2.100805	0.049664	0.004749	-0.008077	0.177828	0.094425	0.979521	0.490172	-0.871611	-0.004966	0.853293	0.481017	-0.201282
51905	10.155574	-0.793257	-2.442055	0.192346	0.071948	-0.023721	0.177074	0.094316	0.979668	0.491859	-0.870660	-0.005082	0.852478	0.482758	-0.200562
51906	10.297196	-0.850753	-2.736244	0.296733	0.113307	-0.023275	0.175984	0.094004	0.979894	0.494432	-0.869199	-0.005413	0.851215	0.485444	-0.199444
51907	10.037333	-0.122994	-2.694460	0.290695	0.121934	-0.014119	0.174853	0.093564	0.980139	0.496934	-0.867769	-0.005814	0.849990	0.488081	-0.198227
51908	9.787860	0.529276	-2.705736	0.209578	0.143389	-0.004478	0.173603	0.092936	0.980421	0.498728	-0.866737	-0.006150	0.849195	0.490031	-0.196818
51909	9.380867	0.627972	-2.563688	0.140103	0.162127	0.004488	0.172225	0.092133	0.980740	0.499914	-0.866051	-0.006430	0.848778	0.491393	-0.195214
51910	9.242647	0.383486	-2.523565	0.128584	0.164044	0.012142	0.170884	0.091256	0.981056	0.500989	-0.865427	-0.006764	0.848415	0.492654	-0.193605
51911	9.263485	0.373716	-2.280568	0.161159	0.164618	0.007117	0.169499	0.090413	0.981374	0.502348	-0.864637	-0.007106	0.847890	0.494196	-0.191974
51912	9.226122	0.563305	-1.982472	0.169916	0.159618	0.006999	0.168172	0.089598	0.981677	0.503781	-0.863799	-0.007464	0.847303	0.495805	-0.190405
51913	9.304230	0.553693	-1.749911	0.113858	0.150336	0.013235	0.166941	0.088768	0.981963	0.504727	-0.863244	-0.007771	0.846984	0.496920	-0.188915
51914	9.343530	0.222420	-1.583968	0.051351	0.137365	0.026791	0.165903	0.087890	0.982218	0.505121	-0.863010	-0.008095	0.846952	0.497482	-0.187571
51915	9.370032	-0.093408	-1.433298	0.019243	0.122280	0.034037	0.165015	0.087019	0.982445	0.505232	-0.862942	-0.008426	0.847060	0.497753	-0.186363
51916	9.393185	-0.249391	-1.520753	0.005473	0.106147	0.035096	0.164283	0.086224	0.982638	0.505225	-0.862943	-0.008745	0.847206	0.497890	-0.185329
51917	9.455096	-0.662879	-1.710108	0.030187	0.104361	0.029959	0.163526	0.085477	0.982829	0.505436	-0.862817	-0.009057	0.847227	0.498238	-0.184296
51918	9.472805	-0.797833	-1.771551	0.140058	0.089308	0.009930	0.162809	0.084981	0.982991	0.506612	-0.862123	-0.009376	0.846663	0.499521	-0.183414
51919	9.425077	-0.295781	-1.636785	0.222316	0.068749	-0.008696	0.162159	0.084743	0.983119	0.508510	-0.861002	-0.009659	0.845649	0.501492	-0.182712
51920	9.470421	-0.004421	-1.518982	0.223811	0.066649	-0.009921	0.161535	0.084529	0.983240	0.510423	-0.859866	-0.009934	0.844615	0.503473	-0.182044
51921	9.578392	-0.001671	-1.472644	0.187061	0.058654	-0.002279	0.161004	0.084283	0.983348	0.512009	-0.858919	-0.010213	0.843756	0.505128	-0.181443
51922	9.609487	0.182976	-1.498883	0.131938	0.046745	0.007312	0.160636	0.084019	0.983431	0.513114	-0.858257	-0.010488	0.843155	0.506297	-0.180978
51923	9.634820	0.354853	-1.494701	0.030788	0.041538	0.018148	0.160354	0.083683	0.983506	0.513348	-0.858114	-0.010684	0.843066	0.506594	-0.180561
51924	9.675618	0.189664	-1.531566	-0.063504	0.031476	0.033317	0.160248	0.083273	0.983558	0.512763	-0.858462	-0.010861	0.843442	0.506072	-0.180266
51925	9.693173	0.082784	-1.531054	-0.124188	0.018917	0.034924	0.160243	0.082908	0.983590	0.511662	-0.859117	-0.010942	0.844111	0.505019	-0.180088
51926	9.693101	0.013313	-1.519633	-0.160172	0.015168	0.032588	0.160269	0.082587	0.983612	0.510263	-0.859949	-0.010938	0.844953	0.503654	-0.179964
51927	9.702447	-0.076166	-1.780684	-0.189557	0.013934	0.033513	0.160297	0.082259	0.983635	0.508610	-0.860928	-0.010888	0.845944	0.502032	-0.179842
51928	9.693135	-0.257555	-2.083686	-0.203976	0.023960	0.042392	0.160298	0.081809	0.983673	0.506819	-0.861984	-0.010902	0.847018	0.500291	-0.179636
51929	9.509651	-0.216520	-2.174111	-0.194384	0.033021	0.040635	0.160199	0.081324	0.983729	0.505110	-0.862986	-0.010914	0.848057	0.498639	-0.179327
51930	9.510805	-0.224094	-2.098298	-0.174887	0.038015	0.041119	0.160073	0.080816	0.983791	0.503565	-0.863888	-0.010969	0.848999	0.497158	-0.178981
51931	9.465080	-0.254008	-1.926001	-0.127833	0.038715	0.032151	0.159881	0.080376	0.983859	0.502431	-0.864547	-0.011018	0.849707	0.496083	-0.178608
51932	9.509007	-0.209409	-1.705108	-0.069309	0.037962	0.028163	0.159689	0.079980	0.983922	0.501802	-0.864911	-0.011135	0.850114	0.495512	-0.178251
51933	9.569645	-0.152194	-1.646563	-0.026776	0.034295	0.025549	0.159501	0.079620	0.983982	0.501537	-0.865063	-0.011300	0.850306	0.495305	-0.177911
51934	9.611729	-0.195791	-1.558070	-0.007695	0.032325	0.025027	0.159341	0.079279	0.984035	0.501436	-0.865118	-0.011497	0.850395	0.495263	-0.177602
51935	9.580892	-0.343374	-1.603776	-0.001121	0.024595	0.023583	0.159225	0.078984	0.984078	0.501392	-0.865141	-0.011688	0.850443	0.495270	-0.177354
51936	9.544642	-0.435688	-1.627665	0.012673	0.019612	0.020348	0.159149	0.078746	0.984109	0.501473	-0.865092	-0.011875	0.850410	0.495394	-0.177168
51937	9.498986	-0.322757	-1.547781	0.022094	0.014367	0.018679	0.159096	0.078544	0.984134	0.501634	-0.864996	-0.012059	0.850324	0.495594	-0.177018
51938	9.512389	-0.169142	-1.554745	0.027547	0.000259	0.014251	0.159154	0.078455	0.984131	0.501851	-0.864868	-0.012213	0.850186	0.495831	-0.177020
51939	9.486674	0.173561	-1.452296	0.007406	-0.010213	0.018279	0.159309	0.078378	0.984113	0.501888	-0.864844	-0.012367	0.850135	0.495884	-0.177114
51940	9.557053	0.078505	-1.365918	-0.036050	-0.019819	0.015443	0.159543	0.078378	0.984075	0.501562	-0.865032	-0.012419	0.850283	0.495556	-0.177321
51941	9.578590	-0.040478	-1.471408	-0.057753	-0.032939	0.016703	0.159883	0.078427	0.984016	0.501048	-0.865330	-0.012442	0.850523	0.495028	-0.177647
51942	9.561379	0.106072	-1.548871	-0.080543	-0.042246	0.019682	0.160328	0.078501	0.983937	0.500336	-0.865742	-0.012457	0.850858	0.494296	-0.178080
51943	9.618421	0.051531	-1.698449	-0.132280	-0.045852	0.024524	0.160817	0.078545	0.983854	0.499174	-0.866413	-0.012423	0.851448	0.493112	-0.178542
51944	9.703630	-0.038448	-1.991134	-0.168415	-0.032685	0.032934	0.161247	0.078456	0.983791	0.497689	-0.867267	-0.012410	0.852236	0.491623	-0.178890
51945	9.599046	-0.260427	-2.108691	-0.170826	-0.022964	0.034771	0.161591	0.078298	0.983747	0.496180	-0.868131	-0.012407	0.853050	0.490120	-0.179132
51946	9.474385	-0.270293	-2.062445	-0.133374	-0.020773	0.028712	0.161899	0.078185	0.983705	0.495000	-0.868804	-0.012414	0.853677	0.488944	-0.179360
51947	9.489592	-0.071577	-1.861662	-0.078635	-0.026517	0.017006	0.162185	0.078198	0.983657	0.494304	-0.869201	-0.012402	0.854025	0.488237	-0.179625
51948	9.452085	0.548406	-1.488570	-0.077979	-0.037555	0.017857	0.162583	0.078261	0.983586	0.493614	-0.869593	-0.012401	0.854349	0.487528	-0.180012
51949	9.482285	0.884550	-1.149041	-0.190215	-0.050749	0.033851	0.163159	0.078245	0.983492	0.491936	-0.870544	-0.012352	0.855206	0.485831	-0.180529
51950	9.542146	0.320631	-0.909468	-0.348185	-0.065180	0.047231	0.163936	0.078185	0.983368	0.488883	-0.872265	-0.012150	0.856807	0.482743	-0.181219
51951	9.713375	-0.856612	-1.153805	-0.385402	-0.075068	0.045789	0.164779	0.078178	0.983227	0.485506	-0.874153	-0.011861	0.858564	0.479317	-0.181998
51952	9.714211	-1.296980	-1.532090	-0.261983	-0.071806	0.031857	0.165537	0.078278	0.983092	0.483207	-0.875429	-0.011659	0.859714	0.476967	-0.182740
51953	9.483672	-1.404610	-1.767389	-0.113591	-0.082962	0.009263	0.166272	0.078623	0.982941	0.482218	-0.875976	-0.011504	0.860128	0.475905	-0.183563
51954	9.557089	-0.955417	-1.964823	0.014470	-0.091865	-0.025833	0.166924	0.079321	0.982774	0.482391	-0.875884	-0.011241	0.859904	0.475958	-0.184470
51955	9.627250	-0.435544	-1.997022	0.066572	-0.096581	-0.038910	0.167543	0.080153	0.982601	0.483032	-0.875534	-0.010943	0.859424	0.476461	-0.185406
51956	9.759965	-0.152745	-1.970939	0.054905	-0.088107	-0.041278	0.168088	0.080968	0.982441	0.483578	-0.875237	-0.010604	0.859010	0.476869	-0.186271
51957	9.784139	-0.207906	-2.191869	-0.006494	-0.073597	-0.034668	0.168529	0.081653	0.982309	0.483584	-0.875238	-0.010213	0.858920	0.476750	-0.186989
51958	9.719132	-0.423887	-2.308183	-0.024288	-0.061110	-0.035720	0.168869	0.082291	0.982197	0.483441	-0.875322	-0.009781	0.858934	0.476487	-0.187598
51959	9.677119	-0.351286	-2.328823	-0.007961	-0.050184	-0.046815	0.169050	0.082971	0.982109	0.483456	-0.875320	-0.009268	0.858890	0.476373	-0.188086
51960	9.663641	-0.201004	-2.117359	0.007073	-0.044374	-0.055520	0.169151	0.083702	0.982029	0.483616	-0.875237	-0.008701	0.858780	0.476397	-0.188527
51961	9.661622	-0.134862	-1.883733	0.012280	-0.040552	-0.059889	0.169186	0.084451	0.981959	0.483827	-0.875126	-0.008098	0.858655	0.476468	-0.188919
51962	9.602385	-0.007839	-1.575844	0.027631	-0.048198	-0.061126	0.169292	0.085249	0.981872	0.484173	-0.874940	-0.007515	0.858438	0.476669	-0.189396
51963	9.589173	0.375540	-1.146719	0.011384	-0.070410	-0.060186	0.169581	0.086142	0.981744	0.484377	-0.874832	-0.006907	0.858266	0.476705	-0.190081
51964	9.630731	0.734386	-0.625241	-0.090007	-0.095442	-0.054315	0.170125	0.087106	0.981565	0.483705	-0.875210	-0.006168	0.858538	0.475837	-0.191029
51965	9.754267	0.242210	-0.415455	-0.227174	-0.131624	-0.045776	0.171011	0.088163	0.981317	0.481835	-0.876246	-0.005245	0.859413	0.473730	-0.192328
51966	9.591099	-0.643837	-0.496360	-0.261448	-0.171593	-0.044001	0.172261	0.089393	0.980987	0.479667	-0.877440	-0.004272	0.860375	0.471283	-0.194028
51967	9.458992	-0.952997	-0.720671	-0.218288	-0.212842	-0.061895	0.173773	0.090969	0.980575	0.477899	-0.878409	-0.003201	0.861055	0.469172	-0.196118
51968	9.619086	-0.946692	-0.929099	-0.149308	-0.244001	-0.085229	0.175453	0.092893	0.980095	0.476772	-0.879025	-0.002036	0.861339	0.467639	-0.198516
51969	9.625904	-0.509773	-1.371922	-0.097398	-0.258417	-0.103397	0.177163	0.095041	0.979582	0.476119	-0.879380	-0.000790	0.861350	0.466538	-0.201044
51970	9.502907	-0.279643	-1.471111	-0.116410	-0.284017	-0.107389	0.179083	0.097339	0.979007	0.475313	-0.879817	0.000531	0.861398	0.465239	-0.203827
51971	9.523279	-0.196573	-1.309505	-0.131154	-0.308837	-0.116485	0.181167	0.099831	0.978372	0.474397	-0.880309	0.001979	0.861467	0.463778	-0.206842
51972	9.539664	-0.264923	-1.105944	-0.123872	-0.333628	-0.123200	0.183442	0.102491	0.977673	0.473562	-0.880754	0.003476	0.861446	0.462351	-0.210103
51973	9.491148	-0.404983	-0.929885	-0.065503	-0.375678	-0.136856	0.186006	0.105463	0.976872	0.473255	-0.880912	0.004991	0.861064	0.461381	-0.213766
51974	9.648250	-0.220794	-0.826662	-0.013286	-0.413618	-0.149126	0.188843	0.108713	0.975971	0.473428	-0.880808	0.006508	0.860351	0.460823	-0.217803
51975	9.735756	-0.097092	-0.824219	-0.005165	-0.450749	-0.156841	0.191953	0.112202	0.974969	0.473687	-0.880656	0.008088	0.859520	0.460278	-0.222194
51976	9.873571	-0.011703	-0.876680	-0.055538	-0.507132	-0.152295	0.195571	0.115904	0.973816	0.473515	-0.880732	0.009729	0.858799	0.459214	-0.227127
51977	10.202421	0.124398	-0.792810	-0.127124	-0.580010	-0.145844	0.199837	0.119878	0.972468	0.472717	-0.881139	0.011479	0.858256	0.457409	-0.232753
51978	10.511295	0.702457	-0.439333	-0.235016	-0.658632	-0.133366	0.204840	0.124085	0.970898	0.470977	-0.882044	0.013362	0.858033	0.454534	-0.239119
51979	10.489787	1.177962	0.203690	-0.429682	-0.745554	-0.105299	0.210721	0.128417	0.969075	0.467513	-0.883851	0.015465	0.858503	0.449796	-0.246283
51980	10.464442	1.176524	1.060392	-0.674493	-0.859905	-0.074534	0.217740	0.132941	0.966911	0.461889	-0.886757	0.017908	0.859795	0.442706	-0.254486
51981	10.008302	0.515559	1.743932	-0.850782	-0.970331	-0.066881	0.225762	0.137820	0.964384	0.454721	-0.890391	0.020796	0.861546	0.433830	-0.263686
51982	10.136527	-0.688212	1.834106	-0.838923	-1.075049	-0.078785	0.234650	0.143165	0.961480	0.447680	-0.893876	0.023842	0.862857	0.424841	-0.273840
51983	10.831509	-0.957541	1.689229	-0.687095	-1.188879	-0.087797	0.244497	0.148988	0.958136	0.441968	-0.896635	0.026643	0.863068	0.416951	-0.285072
51984	11.500523	-0.253379	1.523800	-0.588936	-1.291037	-0.091893	0.255199	0.155170	0.954356	0.437123	-0.898925	0.029269	0.862437	0.409701	-0.297233
51985	12.762405	0.834915	1.371107	-0.562969	-1.373578	-0.121862	0.266486	0.161877	0.950148	0.432596	-0.901014	0.032177	0.861305	0.402455	-0.310135
51986	12.780578	1.250181	0.940164	-0.521518	-1.451261	-0.152471	0.278279	0.169058	0.945505	0.428540	-0.902833	0.035301	0.859601	0.395363	-0.323688
51987	12.891448	1.234438	0.740129	-0.548582	-1.542257	-0.176953	0.290745	0.176729	0.940337	0.424342	-0.904669	0.038823	0.857556	0.387737	-0.338022
51988	12.741637	0.071245	0.373836	-0.487437	-1.604545	-0.205556	0.303568	0.184766	0.934723	0.420791	-0.906163	0.042461	0.854857	0.380433	-0.352831
51989	12.913828	-1.113139	-0.162467	-0.202774	-1.649979	-0.240830	0.316605	0.193218	0.928670	0.419818	-0.906468	0.045473	0.850596	0.375475	-0.368109
51990	12.837715	-1.506047	-0.725048	0.136338	-1.670223	-0.263310	0.329610	0.201873	0.922282	0.421833	-0.905432	0.047428	0.844638	0.373417	-0.383596
51991	12.270889	-1.479716	-1.596983	0.425363	-1.675446	-0.246954	0.342631	0.210399	0.915607	0.426251	-0.903327	0.048069	0.837206	0.373808	-0.399190
51992	11.783361	-1.595833	-3.304285	0.652655	-1.648369	-0.196015	0.355474	0.218362	0.908821	0.432380	-0.900454	0.047231	0.828665	0.376167	-0.414504
51993	11.098852	-1.562695	-4.932800	0.793748	-1.566650	-0.104765	0.367907	0.225258	0.902166	0.439312	-0.897213	0.044869	0.819542	0.379824	-0.429050
51994	9.832668	-1.186764	-6.315735	0.836109	-1.470666	0.002189	0.379858	0.230867	0.895772	0.446128	-0.894019	0.041232	0.810356	0.383967	-0.442597
51995	8.994688	-1.082232	-7.077413	0.657241	-1.374758	0.141129	0.391553	0.234937	0.889658	0.450895	-0.891807	0.037058	0.802109	0.386632	-0.455122
51996	8.484221	-1.536141	-7.743824	0.471804	-1.263531	0.268732	0.402817	0.237446	0.883944	0.453608	-0.890608	0.032525	0.794971	0.387862	-0.466459
51997	8.495894	-1.019481	-7.604754	0.345693	-1.088880	0.293394	0.412752	0.239093	0.878903	0.455163	-0.889957	0.028346	0.788963	0.388344	-0.476157
51998	7.623024	0.522413	-6.760314	0.126472	-0.821273	0.264588	0.420381	0.239936	0.875049	0.455070	-0.890092	0.025441	0.784979	0.387513	-0.483365
51999	7.401712	1.633060	-6.400235	-0.217400	-0.576722	0.230213	0.425926	0.240143	0.872306	0.452405	-0.891476	0.024522	0.783529	0.384191	-0.488345
52000	7.559660	1.657167	-5.644428	-0.578525	-0.263212	0.244527	0.429054	0.238977	0.871093	0.446837	-0.894259	0.025245	0.785016	0.378405	-0.490469
52001	6.919850	0.249182	-5.373386	-0.786976	0.033173	0.317522	0.430178	0.236040	0.871339	0.439294	-0.897956	0.026372	0.788649	0.371430	-0.489972
52002	6.583666	-0.521428	-4.911879	-0.707595	0.317121	0.395154	0.429356	0.231332	0.873006	0.432014	-0.901480	0.026406	0.793106	0.365813	-0.486995
52003	6.393762	-0.501179	-4.747970	-0.547699	0.559756	0.446732	0.426798	0.225294	0.875834	0.425759	-0.904486	0.025189	0.797855	0.362144	-0.481954
52004	6.465771	0.066093	-4.641439	-0.434986	0.796004	0.456952	0.422327	0.218297	0.879765	0.420352	-0.907062	0.023282	0.803084	0.359978	-0.474838
52005	6.364509	0.611321	-4.421071	-0.431024	1.009103	0.461144	0.416097	0.210517	0.884616	0.414958	-0.909592	0.021277	0.809119	0.358225	-0.465835
52006	6.164003	0.235258	-4.341686	-0.454755	1.206107	0.495674	0.408308	0.201708	0.890280	0.409234	-0.912232	0.018995	0.815973	0.356577	-0.455017
52007	6.005846	-0.526566	-4.455853	-0.340572	1.383638	0.532594	0.399115	0.191946	0.896585	0.404306	-0.914487	0.015802	0.822948	0.356188	-0.442591
52008	5.901290	-0.931002	-4.488843	-0.109638	1.546469	0.552736	0.388533	0.181381	0.903406	0.401237	-0.915904	0.011328	0.829488	0.358078	-0.428636
52009	6.002818	-0.883384	-4.745603	0.132672	1.698389	0.525053	0.376478	0.170487	0.910603	0.400345	-0.916345	0.006044	0.835457	0.362280	-0.413238
52010	6.243852	-0.487856	-5.211414	0.319589	1.831686	0.463686	0.362954	0.159565	0.918043	0.401323	-0.915936	0.000533	0.840954	0.368238	-0.396480
52011	6.433146	0.016604	-5.105185	0.422578	1.953506	0.399232	0.348061	0.148683	0.925606	0.403480	-0.914976	-0.004748	0.846202	0.375116	-0.378458
52012	6.396791	0.175272	-5.079541	0.545206	2.050945	0.352416	0.332057	0.137703	0.933154	0.406920	-0.913409	-0.010011	0.850972	0.383043	-0.359338
52013	6.839475	0.499887	-5.264026	0.698802	2.097003	0.348661	0.315577	0.126427	0.940440	0.411762	-0.911157	-0.015682	0.854906	0.392186	-0.339598
52014	6.793075	1.268128	-4.771293	0.785572	2.138515	0.352086	0.298693	0.114750	0.947425	0.417421	-0.908457	-0.021569	0.858220	0.401917	-0.319249
52015	6.649809	1.591493	-4.765582	0.772184	2.175875	0.312200	0.281276	0.103104	0.954072	0.423163	-0.905655	-0.026884	0.861288	0.411290	-0.298369
