// General information: 
//  MT Manager version: 2022.2.0 
//  XDA version: 2022.2.0 build 7381 rev 124627 built on 2023-07-19
// Device information: 
//  DeviceId: 00B4CB9F
//  ProductCode: MTW2-3A7G6
//  Firmware Version: 4.6.0
//  Hardware Version: 2.0.0
// Device settings: 
//  Filter Profile: human(46.1)
//  Option Flags: Orientation Smoother Disabled, Position/Velocity Smoother Disabled, Continuous Zero Rotation Update Disabled, AHS Disabled, ICC Disabled
// Coordinate system: ENU
PacketCounter	Acc_X	Acc_Y	Acc_Z	Gyr_X	Gyr_Y	Gyr_Z	Mat[1][1]	Mat[2][1]	Mat[3][1]	Mat[1][2]	Mat[2][2]	Mat[3][2]	Mat[1][3]	Mat[2][3]	Mat[3][3]
54711	9.604421	-0.548842	3.385684	0.411469	-0.887340	0.379789	0.257567	0.037843	0.965519	-0.511381	0.853161	0.102980	-0.819846	-0.520273	0.239099
54712	10.085401	0.085264	3.952741	0.533362	-0.831668	0.332030	0.248977	0.036329	0.967828	-0.516641	0.850225	0.100993	-0.819203	-0.525164	0.230455
54713	10.033558	1.173869	4.223435	0.613485	-0.746686	0.267075	0.241350	0.034611	0.969821	-0.522317	0.846896	0.099760	-0.817885	-0.530630	0.222477
54714	9.394821	2.639088	4.350980	0.548200	-0.711746	0.231892	0.234248	0.032782	0.971624	-0.527395	0.843870	0.098677	-0.816690	-0.535545	0.214964
54715	9.584009	4.009140	5.086092	0.424716	-0.737596	0.225595	0.226911	0.030677	0.973432	-0.531361	0.841534	0.097343	-0.816191	-0.539332	0.207254
54716	10.211957	4.557989	5.808279	0.386234	-0.715322	0.257720	0.219632	0.028976	0.975152	-0.535134	0.839342	0.095587	-0.815717	-0.542831	0.199852
54717	11.062883	3.294990	6.210289	0.378489	-0.727650	0.414797	0.211362	0.028447	0.976994	-0.539100	0.837174	0.092253	-0.815290	-0.546196	0.192282
54718	11.810108	1.962349	4.923742	0.469260	-0.851522	0.561629	0.201312	0.028475	0.979113	-0.544128	0.834416	0.087609	-0.814493	-0.550400	0.183472
54719	12.007610	2.259563	3.034495	0.663007	-0.963314	0.581775	0.190192	0.027947	0.981349	-0.550651	0.830592	0.083066	-0.812779	-0.556179	0.173361
54720	11.894982	3.944441	1.946905	0.853814	-0.887667	0.493757	0.180183	0.027068	0.983261	-0.558536	0.825650	0.079623	-0.809674	-0.563533	0.163887
54721	11.785613	4.644623	2.465952	0.844596	-0.702067	0.447236	0.171903	0.026722	0.984751	-0.566128	0.820755	0.076555	-0.806194	-0.570656	0.156218
54722	10.230909	3.150844	2.112291	0.610115	-0.650894	0.514070	0.163669	0.027201	0.986140	-0.571946	0.817091	0.072387	-0.803798	-0.575866	0.149290
54723	8.893486	1.554337	0.107026	0.328274	-0.859327	0.647121	0.152964	0.027468	0.987850	-0.575583	0.815038	0.066464	-0.803309	-0.578757	0.140481
54724	8.630358	0.474577	-1.522316	0.175675	-1.044197	0.709332	0.140412	0.027193	0.989720	-0.578078	0.813798	0.059653	-0.803810	-0.580511	0.129986
54725	9.076300	-0.481581	-1.993097	0.179347	-1.126686	0.686064	0.127287	0.026164	0.991521	-0.580418	0.812588	0.053069	-0.804309	-0.582251	0.118619
54726	9.726844	-0.727328	-1.901190	0.232253	-1.154604	0.643115	0.114189	0.024650	0.993153	-0.583104	0.811042	0.046913	-0.804333	-0.584468	0.106986
54727	10.524211	-0.046867	-1.473996	0.244765	-1.146787	0.560042	0.101593	0.022415	0.994574	-0.585646	0.809500	0.041578	-0.804175	-0.586692	0.095367
54728	11.333623	0.410312	-0.783155	0.346592	-1.066603	0.439207	0.090371	0.019691	0.995713	-0.588893	0.807342	0.037482	-0.803143	-0.589756	0.084557
54729	11.020050	0.693399	-0.471749	0.590657	-1.000390	0.353218	0.080154	0.016552	0.996645	-0.593907	0.803797	0.034414	-0.800531	-0.594673	0.074258
54730	10.385781	1.431218	-0.507412	0.785561	-1.018873	0.305546	0.070122	0.012908	0.997455	-0.600449	0.799028	0.031872	-0.796582	-0.601156	0.063780
54731	10.100702	2.395071	-0.163602	0.749250	-0.999812	0.279690	0.060380	0.009033	0.998135	-0.606558	0.794492	0.029502	-0.792743	-0.607207	0.053450
54732	9.678128	2.936619	-0.403235	0.465316	-0.974882	0.300816	0.050762	0.005478	0.998696	-0.610446	0.791608	0.026686	-0.790430	-0.611004	0.043528
54733	9.304617	2.917671	-0.595055	0.064621	-1.003943	0.362513	0.040505	0.002142	0.999177	-0.611083	0.791230	0.023076	-0.790530	-0.611514	0.033357
54734	9.381447	2.113583	-0.300721	-0.294683	-1.032101	0.420408	0.029699	-0.000830	0.999559	-0.608935	0.792999	0.018751	-0.792664	-0.609223	0.023046
54735	9.866597	1.305221	0.062518	-0.543032	-1.021038	0.434986	0.018843	-0.003641	0.999816	-0.604667	0.796350	0.014296	-0.796256	-0.604825	0.012804
54736	9.974527	0.425284	0.309397	-0.722880	-1.003767	0.400072	0.008349	-0.006489	0.999944	-0.598986	0.800695	0.010198	-0.800716	-0.599037	0.002798
54737	9.341301	-0.727759	0.466620	-0.853641	-1.025274	0.418132	-0.002480	-0.009306	0.999954	-0.592082	0.805855	0.006031	-0.805874	-0.592040	-0.007508
54738	9.089461	-2.372831	0.719111	-0.861623	-1.064302	0.436965	-0.013726	-0.012037	0.999833	-0.585118	0.810946	0.001730	-0.810832	-0.584997	-0.018174
54739	9.653261	-4.165292	0.716177	-0.703079	-1.043366	0.418499	-0.024749	-0.014770	0.999585	-0.579280	0.815125	-0.002299	-0.814753	-0.579096	-0.028729
54740	10.297170	-4.911349	0.272338	-0.358391	-0.934068	0.351516	-0.034469	-0.017295	0.999256	-0.576288	0.817226	-0.005735	-0.816519	-0.576057	-0.038136
54741	10.576443	-3.876687	-0.122658	0.035484	-0.792572	0.260001	-0.042549	-0.019778	0.998899	-0.576422	0.817109	-0.008375	-0.816044	-0.576143	-0.046168
54742	10.531151	-1.882450	-0.086074	0.308745	-0.650549	0.177707	-0.048948	-0.022083	0.998557	-0.578892	0.815339	-0.010345	-0.813934	-0.578563	-0.052693
54743	9.855606	-0.341666	-0.390287	0.312447	-0.585968	0.156922	-0.054737	-0.024231	0.998207	-0.581287	0.813609	-0.012125	-0.811856	-0.580908	-0.058620
54744	9.146778	-0.134817	-1.572381	0.111752	-0.677903	0.200778	-0.061476	-0.026539	0.997756	-0.582111	0.812985	-0.014242	-0.810782	-0.581680	-0.065427
54745	9.256674	-1.183314	-2.716500	-0.065643	-0.852073	0.215469	-0.069754	-0.029772	0.997120	-0.581387	0.813462	-0.016383	-0.810632	-0.580855	-0.074051
54746	9.623165	-3.024405	-3.233301	-0.001362	-0.942480	0.177156	-0.078491	-0.033803	0.996342	-0.581278	0.813502	-0.018193	-0.809910	-0.580580	-0.083501
54747	9.793269	-3.491245	-3.515765	0.323141	-0.954861	0.091190	-0.086869	-0.038645	0.995470	-0.583763	0.811692	-0.019431	-0.807264	-0.582806	-0.093071
54748	10.065554	-2.275442	-3.357042	0.649095	-0.943843	0.001930	-0.094548	-0.044154	0.994541	-0.589019	0.807869	-0.020130	-0.802570	-0.587706	-0.102390
54749	10.041381	-0.356924	-2.806871	0.807320	-0.916096	-0.054120	-0.101695	-0.050020	0.993557	-0.595460	0.803123	-0.020515	-0.796922	-0.593710	-0.111458
54750	9.731140	1.168575	-2.475281	0.732832	-0.927071	-0.059751	-0.108770	-0.056029	0.992487	-0.601375	0.798696	-0.020818	-0.791528	-0.599121	-0.120569
54751	9.561056	2.092891	-1.969215	0.520428	-0.957935	-0.041072	-0.116226	-0.062132	0.991278	-0.605451	0.795603	-0.021121	-0.787351	-0.602625	-0.130087
54752	9.704526	1.877368	-1.576188	0.243609	-0.973190	-0.030702	-0.123759	-0.068248	0.989963	-0.607433	0.794088	-0.021193	-0.784671	-0.603958	-0.139732
54753	9.624660	1.015089	-1.181831	0.042215	-0.962575	-0.034834	-0.131236	-0.074357	0.988559	-0.607721	0.793874	-0.020964	-0.783232	-0.603519	-0.149373
54754	9.756477	0.161583	-0.792621	-0.116357	-0.949361	-0.022861	-0.138600	-0.080263	0.987091	-0.606870	0.794534	-0.020607	-0.782623	-0.601892	-0.158831
54755	9.846483	-0.510063	-0.800149	-0.193117	-0.910174	0.007924	-0.145908	-0.085689	0.985580	-0.605264	0.795763	-0.020420	-0.782538	-0.599516	-0.167973
54756	10.158140	-0.959886	-0.703743	-0.214151	-0.858881	0.048660	-0.152993	-0.090441	0.984080	-0.603545	0.797063	-0.020578	-0.782513	-0.597085	-0.176531
54757	9.991160	-1.024615	-0.368527	-0.172893	-0.760455	0.083633	-0.159585	-0.094325	0.982668	-0.601984	0.798229	-0.021141	-0.782399	-0.594923	-0.184167
54758	10.001090	-0.562287	-0.173471	-0.105556	-0.670440	0.101659	-0.165509	-0.097498	0.981377	-0.601021	0.798930	-0.021990	-0.781908	-0.593468	-0.190829
54759	9.530499	-0.168079	-0.322010	-0.084453	-0.623691	0.097914	-0.171105	-0.100425	0.980121	-0.600119	0.799584	-0.022839	-0.781396	-0.592098	-0.197080
54760	8.661692	-0.048227	-0.655407	-0.080511	-0.685905	0.091238	-0.177079	-0.103753	0.978713	-0.599360	0.800131	-0.023621	-0.780648	-0.590784	-0.203871
54761	8.637083	0.057897	-1.435960	-0.066240	-0.838110	0.041496	-0.183994	-0.108374	0.976935	-0.598692	0.800621	-0.023941	-0.779560	-0.589288	-0.212192
54762	8.733499	-0.252167	-1.642077	-0.119099	-0.979590	-0.012102	-0.191622	-0.114235	0.974798	-0.597815	0.801287	-0.023615	-0.778395	-0.587274	-0.221835
54763	9.088192	-0.960444	-2.076930	-0.194531	-1.091956	-0.027342	-0.200078	-0.120859	0.972297	-0.596282	0.802447	-0.022956	-0.777443	-0.584356	-0.232618
54764	9.910775	-1.523250	-2.587837	-0.188934	-1.121536	-0.035637	-0.208648	-0.127683	0.969620	-0.594913	0.803483	-0.022211	-0.776237	-0.581474	-0.243605
54765	10.463305	-1.972135	-2.418659	-0.053966	-1.087689	-0.022056	-0.217073	-0.134166	0.966891	-0.594451	0.803833	-0.021918	-0.774278	-0.579527	-0.254246
54766	10.276048	-1.674424	-2.247552	0.153741	-0.991225	0.020001	-0.224920	-0.139750	0.964303	-0.595621	0.802949	-0.022560	-0.771134	-0.579433	-0.263837
54767	9.775200	-0.465690	-2.327985	0.248323	-0.916675	0.070935	-0.232529	-0.144480	0.961798	-0.597280	0.801674	-0.023975	-0.767585	-0.580038	-0.272707
54768	9.626520	0.230819	-2.444378	0.147262	-0.842584	0.104041	-0.239674	-0.148534	0.959424	-0.598188	0.800952	-0.025434	-0.764675	-0.580011	-0.280819
54769	9.823822	-0.064650	-2.618373	-0.097037	-0.805712	0.116328	-0.246658	-0.152244	0.957069	-0.597066	0.801760	-0.026339	-0.763329	-0.577930	-0.288661
54770	10.282597	-0.703623	-2.548177	-0.262913	-0.751846	0.114501	-0.253147	-0.155658	0.954823	-0.594798	0.803431	-0.026717	-0.762976	-0.574690	-0.295971
54771	10.711809	-1.053641	-1.913933	-0.299642	-0.669843	0.107129	-0.259032	-0.158607	0.952757	-0.592136	0.805388	-0.026913	-0.763071	-0.571133	-0.302539
54772	10.680306	-0.807942	-1.374040	-0.303872	-0.575646	0.101514	-0.264093	-0.161066	0.950953	-0.589575	0.807262	-0.027005	-0.763319	-0.567790	-0.308153
54773	10.191408	-0.166967	-1.001399	-0.359479	-0.507510	0.104275	-0.268714	-0.163066	0.949317	-0.586455	0.809533	-0.026947	-0.764109	-0.563973	-0.313164
54774	9.810668	0.303320	-1.022068	-0.537170	-0.504787	0.083463	-0.273131	-0.165221	0.947682	-0.582143	0.812668	-0.026097	-0.765839	-0.558814	-0.318148
54775	10.039720	0.182875	-1.587225	-0.763389	-0.501592	0.058060	-0.277443	-0.167505	0.946027	-0.576038	0.817063	-0.024265	-0.768899	-0.551680	-0.323178
54776	10.162996	-0.532075	-2.405193	-0.920787	-0.477751	0.015669	-0.281284	-0.169990	0.944449	-0.568919	0.822113	-0.021469	-0.772794	-0.543354	-0.327957
54777	10.217452	-1.052747	-2.894301	-0.926899	-0.440035	-0.031656	-0.284639	-0.172585	0.942971	-0.561731	0.827120	-0.018178	-0.776813	-0.534871	-0.332377
54778	10.751636	-1.213333	-2.875363	-0.876334	-0.390366	-0.067344	-0.287370	-0.175212	0.941658	-0.555123	0.831639	-0.014668	-0.780549	-0.526951	-0.336252
54779	10.893415	-1.343545	-2.721224	-0.822240	-0.328689	-0.081394	-0.289610	-0.177581	0.940527	-0.548851	0.835846	-0.011188	-0.784149	-0.519449	-0.339535
54780	10.383265	-1.404001	-2.619865	-0.740647	-0.283363	-0.105619	-0.291327	-0.179923	0.939551	-0.543361	0.839464	-0.007724	-0.787329	-0.512766	-0.342322
54781	10.014858	-1.312970	-2.325240	-0.653927	-0.272051	-0.146616	-0.292805	-0.182500	0.938594	-0.538550	0.842583	-0.004175	-0.790081	-0.506703	-0.344998
54782	9.857005	-1.287147	-2.101651	-0.639289	-0.261829	-0.183088	-0.293963	-0.185358	0.937672	-0.534052	0.845452	-0.000298	-0.792701	-0.500853	-0.347523
54783	9.841757	-1.133001	-1.931369	-0.627941	-0.245348	-0.226444	-0.294828	-0.188452	0.936783	-0.529657	0.848203	0.003936	-0.795323	-0.495013	-0.349889
54784	10.283425	-0.773096	-1.785149	-0.614839	-0.226062	-0.263530	-0.295306	-0.191796	0.935953	-0.525561	0.850713	0.008507	-0.797860	-0.489388	-0.352022
54785	10.793336	-0.560906	-1.458003	-0.632569	-0.185650	-0.289953	-0.295394	-0.195101	0.935242	-0.521258	0.853294	0.013368	-0.800645	-0.483554	-0.353757
54786	11.143567	-0.487646	-1.073222	-0.688265	-0.094990	-0.319425	-0.294566	-0.198280	0.934835	-0.516703	0.855960	0.018738	-0.803896	-0.477512	-0.354588
54787	11.579039	-0.287589	-0.863668	-0.736225	0.021513	-0.343227	-0.292740	-0.201059	0.934815	-0.511696	0.858818	0.024474	-0.807756	-0.471176	-0.354292
54788	12.027806	-0.208178	-0.821728	-0.760905	0.155672	-0.357636	-0.289726	-0.203398	0.935248	-0.506599	0.861644	0.030454	-0.812044	-0.464973	-0.352682
54789	12.540122	-0.031699	-0.614410	-0.761107	0.307337	-0.360179	-0.285515	-0.205022	0.936188	-0.501363	0.864470	0.036412	-0.816772	-0.458974	-0.349610
54790	13.643324	0.386216	-0.201637	-0.760404	0.486931	-0.368927	-0.279753	-0.205985	0.937715	-0.496201	0.867169	0.042455	-0.821902	-0.453418	-0.344803
54791	13.505799	0.421706	0.551421	-0.728949	0.791118	-0.378828	-0.271453	-0.205627	0.940229	-0.491144	0.869732	0.048411	-0.827702	-0.448647	-0.337084
54792	12.913856	0.458950	1.534399	-0.611832	1.079770	-0.406393	-0.260564	-0.204327	0.943587	-0.487170	0.871623	0.054216	-0.833530	-0.445560	-0.326656
54793	11.713835	0.458404	2.686000	-0.480605	1.414734	-0.456844	-0.246598	-0.201928	0.947847	-0.484211	0.872892	0.059985	-0.839481	-0.444166	-0.313030
54794	10.245988	0.393126	3.214021	-0.417728	1.655669	-0.489050	-0.230355	-0.198837	0.952576	-0.481886	0.873756	0.065853	-0.845412	-0.443864	-0.297091
54795	9.773214	0.375851	3.053663	-0.366155	1.841453	-0.524470	-0.212286	-0.195144	0.957525	-0.479834	0.874414	0.071826	-0.851290	-0.444205	-0.279263
54796	9.513817	0.421968	2.582601	-0.240484	2.026518	-0.563610	-0.192347	-0.191041	0.962552	-0.478951	0.874385	0.077833	-0.856510	-0.446044	-0.259685
54797	9.562068	0.527083	1.948597	-0.102661	2.185753	-0.562523	-0.170938	-0.186081	0.967551	-0.479008	0.873837	0.083431	-0.861006	-0.449203	-0.238506
54798	10.196245	0.835611	1.346384	0.008332	2.324693	-0.512118	-0.148492	-0.180050	0.972385	-0.479930	0.872849	0.088330	-0.864649	-0.453560	-0.216023
54799	11.199086	1.162658	0.728373	0.093089	2.472842	-0.414410	-0.125122	-0.172290	0.977067	-0.481213	0.871752	0.092096	-0.867628	-0.458655	-0.191984
54800	11.875189	1.408650	-0.076355	0.145710	2.605197	-0.284117	-0.101189	-0.162732	0.981468	-0.482835	0.870590	0.094568	-0.869845	-0.464318	-0.166667
54801	12.205206	1.769735	-1.139085	0.116916	2.658987	-0.136877	-0.077413	-0.151412	0.985435	-0.483880	0.869892	0.095647	-0.871704	-0.469427	-0.140606
54802	12.297729	2.066710	-2.261364	-0.042771	2.638186	0.019703	-0.054554	-0.138801	0.988817	-0.483530	0.870107	0.095460	-0.873626	-0.472915	-0.114582
54803	12.049459	1.994629	-3.259282	-0.319606	2.539459	0.176793	-0.033215	-0.125161	0.991580	-0.480571	0.871908	0.093958	-0.876327	-0.473404	-0.089109
54804	12.084663	1.868619	-3.943678	-0.625746	2.386128	0.297682	-0.013754	-0.111286	0.993693	-0.475045	0.875198	0.091440	-0.879854	-0.470791	-0.064903
54805	12.442003	1.872127	-4.812303	-0.913168	2.265429	0.323686	0.004674	-0.097775	0.995198	-0.466913	0.879850	0.088636	-0.884291	-0.465085	-0.041540
54806	12.568912	1.027939	-5.476736	-1.091694	2.197827	0.272639	0.022832	-0.085220	0.996100	-0.457311	0.885118	0.086208	-0.889014	-0.457496	-0.018763
54807	12.401694	0.320679	-5.424597	-1.067486	2.177143	0.218552	0.041206	-0.073347	0.996455	-0.447818	0.890166	0.084042	-0.893175	-0.449693	0.003834
54808	11.477216	-0.096160	-5.040614	-0.924850	2.141350	0.201839	0.059400	-0.061977	0.996308	-0.439687	0.894413	0.081853	-0.896185	-0.442926	0.025877
54809	10.897090	-0.401947	-4.564029	-0.680837	2.084153	0.189670	0.077216	-0.051050	0.995707	-0.433670	0.897545	0.079647	-0.897757	-0.437958	0.047166
54810	10.301876	-0.072955	-4.012297	-0.364008	2.041417	0.107125	0.095009	-0.041158	0.994625	-0.430539	0.899166	0.078334	-0.897558	-0.435667	0.067709
54811	9.233339	0.663770	-3.410882	-0.045151	1.992377	-0.006751	0.112841	-0.032494	0.993082	-0.430110	0.899374	0.078300	-0.895696	-0.435970	0.087510
54812	8.238799	1.640566	-2.731892	0.148385	1.930811	-0.081381	0.130388	-0.024777	0.991153	-0.431384	0.898684	0.079215	-0.892697	-0.437896	0.106489
54813	7.529139	2.169747	-2.253899	0.112230	1.865592	-0.092984	0.147346	-0.017400	0.988932	-0.432272	0.898169	0.080209	-0.889624	-0.439306	0.124820
54814	7.397784	1.781605	-2.130802	0.017111	1.805509	-0.079291	0.163656	-0.010164	0.986465	-0.432347	0.898064	0.080980	-0.886732	-0.439748	0.142580
54815	7.586964	1.044288	-2.155223	0.004284	1.749812	-0.030703	0.179204	-0.002723	0.983808	-0.432339	0.898044	0.081237	-0.883725	-0.439897	0.159756
54816	7.806016	0.659170	-2.258996	0.063462	1.685020	0.013440	0.193940	0.004827	0.981002	-0.432971	0.897745	0.081179	-0.880297	-0.440489	0.176198
54817	8.129559	0.489995	-2.422721	0.163032	1.586266	0.045285	0.207593	0.012245	0.978139	-0.434507	0.897020	0.080987	-0.876418	-0.441820	0.191536
54818	8.455650	0.579291	-2.420758	0.258246	1.478912	0.061141	0.220189	0.019355	0.975265	-0.436943	0.895846	0.080871	-0.872122	-0.443943	0.205712
54819	8.385329	1.075884	-2.207282	0.265317	1.370611	0.074363	0.231694	0.026127	0.972438	-0.439444	0.894641	0.080665	-0.867875	-0.446022	0.218765
54820	8.077398	1.050976	-1.926774	0.168644	1.247055	0.098852	0.241991	0.032592	0.969731	-0.441187	0.893837	0.080054	-0.864172	-0.447205	0.230680
54821	7.561435	0.890209	-1.648855	0.058561	1.105698	0.137788	0.250821	0.038768	0.967257	-0.442048	0.893522	0.078815	-0.861210	-0.447342	0.241251
54822	6.960940	0.515882	-1.513020	-0.041578	0.934893	0.213627	0.257850	0.044868	0.965143	-0.442282	0.893597	0.076620	-0.859011	-0.446622	0.250258
54823	6.268636	0.265324	-1.478586	-0.104409	0.741719	0.298842	0.262785	0.050842	0.963514	-0.442201	0.893905	0.073435	-0.857556	-0.445364	0.257388
54824	5.550636	-0.051684	-1.659226	-0.124336	0.488812	0.379638	0.265229	0.056422	0.962533	-0.442187	0.894232	0.069428	-0.856811	-0.444033	0.262125
54825	4.951981	-0.356938	-1.904460	-0.110462	0.202559	0.448629	0.264863	0.061326	0.962334	-0.442471	0.894440	0.064782	-0.856777	-0.442963	0.264039
54826	4.625687	-0.198807	-1.945722	-0.060682	-0.051336	0.500412	0.262140	0.065586	0.962799	-0.443319	0.894369	0.059777	-0.857176	-0.442496	0.263525
54827	4.641287	0.608531	-1.948711	-0.020243	-0.258973	0.522116	0.257475	0.069101	0.963811	-0.444548	0.894086	0.054656	-0.857953	-0.442533	0.260924
54828	5.254251	1.052640	-2.078931	-0.006881	-0.453083	0.469481	0.251428	0.071303	0.965246	-0.445732	0.893764	0.050082	-0.859131	-0.442833	0.256500
54829	6.695467	1.163630	-2.758747	0.143992	-0.573628	0.333604	0.244876	0.071721	0.966898	-0.447822	0.892877	0.047184	-0.859937	-0.444552	0.250762
54830	8.435156	1.377283	-2.288429	0.262341	-0.635956	0.230351	0.238303	0.070952	0.968596	-0.450683	0.891520	0.045576	-0.860288	-0.447391	0.244429
54831	9.493723	0.471210	-0.845314	0.217673	-0.683338	0.235370	0.231217	0.069958	0.970384	-0.453136	0.890365	0.043782	-0.860933	-0.449839	0.237568
54832	10.076520	-2.070024	0.452943	0.468842	-0.786712	0.298797	0.223017	0.069068	0.972365	-0.457899	0.888014	0.041945	-0.860577	-0.454599	0.229668
54833	10.605200	-3.783557	2.790215	1.133921	-0.931881	0.336044	0.213307	0.067730	0.974635	-0.468387	0.882563	0.041179	-0.857388	-0.465290	0.219981
54834	10.790876	-2.939004	5.781634	1.890834	-0.982113	0.343087	0.203216	0.066097	0.976900	-0.485295	0.873348	0.041861	-0.850407	-0.482592	0.209554
54835	10.562683	-0.435205	7.628909	2.213773	-0.927425	0.292253	0.193774	0.064051	0.978953	-0.504623	0.862245	0.043470	-0.841313	-0.502425	0.199403
54836	8.587961	2.307477	8.298364	1.956056	-0.893699	0.248101	0.184951	0.061616	0.980814	-0.521513	0.852065	0.044813	-0.832957	-0.519796	0.189724
54837	7.397986	3.971706	8.261140	1.423875	-0.950699	0.266170	0.175520	0.058864	0.982714	-0.533829	0.844407	0.044766	-0.827176	-0.532459	0.179634
54838	8.844835	4.080862	8.830715	0.967023	-0.993337	0.279360	0.165748	0.055887	0.984583	-0.542332	0.839029	0.043673	-0.823653	-0.541209	0.169377
54839	9.918658	2.844598	9.591781	0.681513	-0.838246	0.345781	0.156856	0.054212	0.986133	-0.548516	0.835118	0.041338	-0.821296	-0.547393	0.160729
54840	9.580973	2.286936	8.758297	0.535093	-0.649985	0.390748	0.149301	0.053898	0.987322	-0.553547	0.831937	0.038290	-0.819326	-0.552246	0.154044
54841	7.969675	2.855682	4.680799	0.582282	-0.727616	0.310696	0.141528	0.052441	0.988544	-0.558795	0.828522	0.036050	-0.817140	-0.557496	0.146562
54842	8.022787	4.821402	-1.526327	0.776413	-1.158858	0.090299	0.131497	0.046687	0.990217	-0.565294	0.824094	0.036214	-0.814341	-0.564526	0.134758
54843	12.491512	7.173574	-4.219011	0.906057	-1.475434	-0.127355	0.120146	0.037243	0.992057	-0.572504	0.818993	0.038589	-0.811051	-0.572593	0.119721
54844	20.342276	7.007973	0.280970	0.898049	-1.124092	-0.188126	0.112065	0.029228	0.993271	-0.579593	0.813851	0.041444	-0.807164	-0.580338	0.108144
54845	21.335355	3.148115	5.657374	1.000086	-0.319649	0.060635	0.109057	0.027818	0.993646	-0.587695	0.807998	0.041881	-0.801699	-0.588528	0.104466
54846	13.677207	0.464192	4.103823	0.870953	-0.123109	0.545885	0.104774	0.031485	0.993998	-0.595279	0.802652	0.037323	-0.796659	-0.595617	0.102839
54847	6.001679	2.759933	-2.452304	0.435147	-0.567267	0.856420	0.095070	0.034925	0.994858	-0.599601	0.799766	0.029222	-0.794632	-0.599296	0.096975
54848	5.000761	5.975724	-7.814342	-0.475743	-1.111936	0.798804	0.081365	0.034678	0.996081	-0.596555	0.802302	0.020798	-0.798437	-0.595910	0.085967
54849	8.111416	5.178568	-8.506553	-1.624649	-1.218795	0.700706	0.067354	0.033098	0.997180	-0.583994	0.811661	0.012505	-0.808959	-0.583190	0.073998
54850	9.862859	1.164746	-7.090117	-2.121065	-1.079872	0.615960	0.054933	0.031929	0.997979	-0.567115	0.823625	0.004866	-0.821805	-0.566236	0.063351
54851	9.886068	-3.163920	-6.111159	-1.787501	-1.107098	0.543160	0.042641	0.030171	0.998635	-0.552574	0.833462	-0.001587	-0.832372	-0.551752	0.052211
54852	9.649735	-5.185683	-5.762870	-1.015793	-1.238508	0.446886	0.029773	0.027128	0.999189	-0.544289	0.838872	-0.006557	-0.838369	-0.543652	0.039741
54853	9.732120	-4.469275	-4.918600	-0.323171	-1.372694	0.293779	0.016539	0.022086	0.999619	-0.541604	0.840579	-0.009611	-0.840471	-0.541239	0.025864
54854	9.446474	-3.705257	-3.877880	0.119465	-1.383220	0.147813	0.004045	0.015836	0.999866	-0.542662	0.839878	-0.011106	-0.839942	-0.542544	0.011991
54855	9.534533	-3.254994	-2.612212	0.493451	-1.278614	0.057608	-0.007126	0.009298	0.999931	-0.546755	0.837211	-0.011681	-0.837262	-0.546801	-0.000882
54856	10.170199	-2.371924	-1.425834	0.732885	-1.128590	0.037677	-0.016829	0.003409	0.999853	-0.552909	0.833153	-0.012147	-0.833072	-0.553031	-0.012136
54857	10.334675	-1.586958	-0.854200	0.737255	-1.032445	0.083383	-0.026015	-0.001690	0.999660	-0.558973	0.829082	-0.013145	-0.828778	-0.559125	-0.022513
54858	10.408099	-1.078894	-0.208933	0.625559	-0.955637	0.128547	-0.034710	-0.005992	0.999379	-0.564142	0.825548	-0.014643	-0.824948	-0.564300	-0.032035
54859	10.077575	-0.483393	0.269501	0.455584	-0.906750	0.148686	-0.043165	-0.009944	0.999018	-0.567783	0.823016	-0.016340	-0.822046	-0.567931	-0.041172
54860	10.121266	0.316660	0.722214	0.281111	-0.875336	0.150788	-0.051280	-0.013684	0.998591	-0.570055	0.821409	-0.018017	-0.820005	-0.570175	-0.049923
54861	9.518826	0.835786	0.545922	0.066258	-0.881801	0.176774	-0.059660	-0.017301	0.998069	-0.570436	0.821102	-0.019865	-0.819172	-0.570520	-0.058856
54862	9.332588	0.973899	0.373464	-0.094475	-0.948704	0.191546	-0.068593	-0.021134	0.997421	-0.569574	0.821652	-0.021760	-0.819073	-0.569597	-0.068397
54863	9.847744	0.656018	0.493747	-0.172556	-0.943108	0.161636	-0.077379	-0.025208	0.996683	-0.567984	0.822710	-0.023288	-0.819394	-0.567902	-0.077978
54864	10.265719	0.030274	0.204299	-0.244407	-0.906068	0.140712	-0.085674	-0.029184	0.995896	-0.565899	0.824109	-0.024533	-0.820011	-0.565679	-0.087120
54865	10.498781	-0.907569	-0.384099	-0.302155	-0.880807	0.116641	-0.093696	-0.033226	0.995046	-0.563253	0.825892	-0.025460	-0.820955	-0.562848	-0.096098
54866	10.107422	-2.116988	-0.546069	-0.278845	-0.860244	0.107465	-0.101436	-0.037166	0.994148	-0.560891	0.827472	-0.026294	-0.821652	-0.560275	-0.104781
54867	9.639462	-2.746560	-1.079872	-0.182255	-0.845801	0.106478	-0.109120	-0.041042	0.993181	-0.559212	0.828578	-0.027200	-0.821812	-0.558367	-0.113366
54868	9.508928	-2.682113	-1.726991	-0.055214	-0.844735	0.084513	-0.116602	-0.045052	0.992156	-0.558695	0.828899	-0.028021	-0.821136	-0.557580	-0.121822
54869	9.447430	-2.638569	-2.037102	0.134000	-0.820078	0.038946	-0.123689	-0.049322	0.991094	-0.559675	0.828217	-0.028632	-0.819429	-0.558233	-0.130046
54870	9.576840	-2.242432	-1.959910	0.371568	-0.780461	-0.051171	-0.129855	-0.054110	0.990055	-0.562811	0.826088	-0.028669	-0.816322	-0.560937	-0.137726
54871	9.842718	-1.502112	-1.469696	0.574446	-0.713824	-0.163270	-0.134893	-0.059488	0.989073	-0.567635	0.822806	-0.027928	-0.812154	-0.565200	-0.144758
54872	10.030258	-0.815395	-1.048686	0.667164	-0.633801	-0.205731	-0.138921	-0.064774	0.988183	-0.573351	0.818868	-0.026928	-0.807447	-0.570316	-0.150896
54873	9.918798	-0.216857	-0.621995	0.650263	-0.599995	-0.163943	-0.142958	-0.069557	0.987282	-0.578745	0.815082	-0.026377	-0.802881	-0.575155	-0.156778
54874	9.265032	-0.050598	-0.944346	0.581799	-0.628700	-0.066026	-0.147678	-0.073723	0.986284	-0.583529	0.811653	-0.026703	-0.798552	-0.579469	-0.162883
54875	9.064302	0.057076	-1.269510	0.484132	-0.716401	0.019565	-0.153648	-0.077731	0.985064	-0.587277	0.808909	-0.027771	-0.794668	-0.582773	-0.169937
54876	9.444884	-0.078970	-1.278833	0.383375	-0.790244	0.035687	-0.160193	-0.082058	0.983669	-0.590290	0.806676	-0.028837	-0.791135	-0.585270	-0.177662
54877	9.551109	-0.407381	-1.122925	0.306723	-0.859393	-0.007413	-0.167082	-0.087158	0.982083	-0.592647	0.804926	-0.029392	-0.787942	-0.586940	-0.186142
54878	9.889104	-0.531346	-1.289037	0.240042	-0.918501	-0.082730	-0.173884	-0.093220	0.980344	-0.594704	0.803418	-0.029087	-0.784915	-0.588073	-0.195139
54879	10.175953	-0.520890	-0.971666	0.182101	-0.951750	-0.120771	-0.180769	-0.099787	0.978450	-0.596266	0.802286	-0.028339	-0.782170	-0.588540	-0.204528
54880	10.298789	-0.472221	-0.343210	0.122128	-0.964818	-0.098702	-0.187783	-0.106257	0.976446	-0.597429	0.801444	-0.027680	-0.779625	-0.588555	-0.213979
54881	10.268409	-0.181473	-0.359315	0.083248	-0.898716	-0.062946	-0.194548	-0.112046	0.974473	-0.598126	0.800936	-0.027320	-0.777430	-0.588172	-0.222838
54882	9.943334	0.040810	-1.115574	0.021694	-0.793876	-0.006132	-0.200745	-0.116762	0.972660	-0.598333	0.800780	-0.027360	-0.775693	-0.587467	-0.230615
54883	9.206831	0.191761	-2.336579	-0.016621	-0.739943	0.035689	-0.206834	-0.120810	0.970889	-0.598055	0.800975	-0.027740	-0.774306	-0.586383	-0.237919
54884	8.930476	0.235575	-3.008834	-0.083948	-0.737569	0.052641	-0.212924	-0.124708	0.969078	-0.597321	0.801510	-0.028099	-0.773221	-0.584834	-0.245151
54885	8.813689	-0.218941	-3.449132	-0.173812	-0.762610	0.046194	-0.219237	-0.128774	0.967136	-0.595790	0.802645	-0.028186	-0.772638	-0.582390	-0.252692
54886	9.022091	-0.698726	-3.817068	-0.212028	-0.804479	0.036567	-0.225737	-0.133154	0.965046	-0.594097	0.803904	-0.028047	-0.772070	-0.579662	-0.260577
54887	9.922361	-1.128647	-3.708116	-0.186942	-0.847380	0.002753	-0.232436	-0.138022	0.962769	-0.592568	0.805046	-0.027650	-0.771256	-0.576933	-0.268909
54888	10.451479	-1.378615	-3.005039	-0.161912	-0.815215	0.004794	-0.238817	-0.142676	0.960526	-0.591334	0.805964	-0.027306	-0.770254	-0.574513	-0.276847
54889	10.021822	-1.374829	-2.531724	-0.160995	-0.764376	0.031266	-0.245033	-0.146790	0.958338	-0.589935	0.806991	-0.027230	-0.769373	-0.572029	-0.284337
54890	9.820539	-1.060685	-2.116822	-0.134349	-0.727870	0.036383	-0.250912	-0.150652	0.956215	-0.588836	0.807793	-0.027244	-0.768319	-0.569890	-0.291394
54891	9.701543	-0.499068	-1.716768	-0.154748	-0.690504	0.031722	-0.256552	-0.154294	0.954135	-0.587469	0.808790	-0.027171	-0.767503	-0.567496	-0.298140
54892	9.720757	-0.043773	-1.284520	-0.240273	-0.656120	0.021478	-0.261781	-0.157833	0.952134	-0.585594	0.810165	-0.026705	-0.767171	-0.564555	-0.304511
54893	9.862352	0.271358	-0.936599	-0.433061	-0.630693	0.006991	-0.266809	-0.161292	0.950157	-0.582157	0.812676	-0.025518	-0.768053	-0.559949	-0.310727
54894	10.362525	0.182670	-0.799562	-0.675901	-0.596348	-0.005383	-0.271433	-0.164654	0.948268	-0.576996	0.816412	-0.023401	-0.770324	-0.553499	-0.316606
54895	10.877921	0.023110	-0.969887	-0.868444	-0.533208	-0.042785	-0.275444	-0.167903	0.946541	-0.570321	0.821171	-0.020299	-0.773864	-0.545424	-0.321945
54896	10.906466	0.231154	-1.112130	-0.970855	-0.443060	-0.087468	-0.278454	-0.171018	0.945101	-0.563053	0.826258	-0.016379	-0.778097	-0.536703	-0.326367
54897	10.850130	0.292690	-1.270287	-1.067517	-0.356694	-0.111759	-0.280747	-0.173803	0.943914	-0.554942	0.831804	-0.011896	-0.783084	-0.527157	-0.329977
54898	11.106690	-0.097827	-1.445988	-1.127241	-0.296543	-0.132436	-0.282416	-0.176452	0.942924	-0.546481	0.837442	-0.006964	-0.788416	-0.517257	-0.332934
54899	11.077823	-0.583861	-1.460256	-1.090964	-0.227387	-0.165236	-0.283447	-0.178959	0.942142	-0.538224	0.842800	-0.001838	-0.793708	-0.507604	-0.335210
54900	11.108354	-0.815247	-1.275824	-0.993480	-0.165636	-0.203434	-0.283746	-0.181506	0.941565	-0.530916	0.847418	0.003362	-0.798509	-0.498937	-0.336816
54901	11.324670	-0.914960	-1.086639	-0.922729	-0.108314	-0.227543	-0.283536	-0.183926	0.941158	-0.524086	0.851623	0.008541	-0.803082	-0.490826	-0.337859
54902	11.615133	-1.130958	-1.097465	-0.860812	-0.062117	-0.257220	-0.282764	-0.186417	0.940900	-0.517907	0.855325	0.013818	-0.807352	-0.483392	-0.338402
54903	11.922297	-1.148911	-0.970858	-0.769458	0.026326	-0.290297	-0.281173	-0.188723	0.940917	-0.512416	0.858526	0.019073	-0.811401	-0.476778	-0.338099
54904	12.362032	-0.761387	-0.818358	-0.688864	0.155704	-0.324395	-0.278319	-0.190766	0.941354	-0.507745	0.861162	0.024396	-0.815312	-0.471178	-0.336539
54905	12.819712	-0.308401	-0.614153	-0.649269	0.322562	-0.362959	-0.273961	-0.192321	0.942315	-0.503355	0.863562	0.029906	-0.819499	-0.466126	-0.333387
54906	12.931895	-0.041799	-0.413698	-0.600246	0.513326	-0.393359	-0.267838	-0.193330	0.943868	-0.499514	0.865576	0.035548	-0.823862	-0.461954	-0.328405
54907	13.182144	0.343754	0.031787	-0.533240	0.733339	-0.435563	-0.259716	-0.193659	0.946068	-0.496174	0.867240	0.041312	-0.828468	-0.458685	-0.321324
54908	12.320947	0.866100	0.815009	-0.449887	0.988139	-0.483993	-0.249178	-0.193326	0.948965	-0.493694	0.868350	0.047269	-0.833172	-0.456720	-0.311818
54909	11.908061	1.312187	1.683880	-0.392065	1.269717	-0.535499	-0.236026	-0.192108	0.952568	-0.491624	0.869164	0.053474	-0.838211	-0.455684	-0.299591
54910	10.712978	1.585221	2.332310	-0.399071	1.554821	-0.567901	-0.220233	-0.189955	0.956773	-0.489591	0.869885	0.060009	-0.843681	-0.455212	-0.284577
54911	9.880822	1.539213	2.614430	-0.456809	1.797086	-0.578437	-0.202274	-0.186738	0.961361	-0.486856	0.870929	0.066735	-0.849739	-0.454546	-0.267081
54912	9.395943	1.308480	2.619144	-0.485770	2.003296	-0.567019	-0.182506	-0.182568	0.966106	-0.483835	0.872076	0.073399	-0.855918	-0.454040	-0.247492
54913	9.488432	1.126307	2.322382	-0.476864	2.168924	-0.515672	-0.161460	-0.177142	0.970851	-0.480522	0.873377	0.079442	-0.861991	-0.453689	-0.226136
54914	9.814616	1.028908	1.591861	-0.428505	2.310751	-0.424076	-0.139515	-0.170351	0.975457	-0.477488	0.874572	0.084440	-0.867491	-0.453988	-0.203356
54915	10.415341	1.196757	0.256545	-0.394480	2.423849	-0.325583	-0.116938	-0.162107	0.979820	-0.474364	0.875889	0.088298	-0.872527	-0.454466	-0.179322
54916	10.583418	1.396783	-1.769249	-0.418383	2.475752	-0.222888	-0.094294	-0.152795	0.983749	-0.470974	0.877426	0.091138	-0.877093	-0.454727	-0.154699
54917	10.425174	1.522857	-3.240043	-0.466469	2.407482	-0.106532	-0.072679	-0.142718	0.987091	-0.466873	0.879444	0.092778	-0.881333	-0.454103	-0.130548
54918	10.761444	1.790963	-3.837217	-0.509706	2.290394	0.032139	-0.052668	-0.132038	0.989844	-0.462388	0.881785	0.093021	-0.885112	-0.452793	-0.107494
54919	11.449312	1.967189	-4.283864	-0.580526	2.224270	0.153653	-0.033700	-0.120572	0.992132	-0.457078	0.884657	0.091985	-0.888788	-0.450382	-0.084923
54920	11.735195	1.852583	-4.659210	-0.690163	2.168367	0.224986	-0.015478	-0.108840	0.993939	-0.450915	0.887996	0.090217	-0.892433	-0.446785	-0.062822
54921	12.442286	1.708982	-5.022198	-0.840211	2.083454	0.229217	0.002076	-0.097498	0.995234	-0.443317	0.892004	0.088310	-0.896363	-0.441387	-0.041370
54922	12.653762	0.725921	-5.396113	-0.905621	2.071535	0.192590	0.019769	-0.086684	0.996040	-0.435244	0.896135	0.086628	-0.900096	-0.435233	-0.020013
54923	12.505258	0.170938	-5.400964	-0.780826	2.084951	0.170177	0.037764	-0.076097	0.996385	-0.428170	0.899698	0.084940	-0.902909	-0.429829	0.001394
54924	11.553402	-0.208371	-4.866099	-0.632694	2.098378	0.177610	0.055904	-0.065507	0.996285	-0.422577	0.902514	0.083054	-0.904601	-0.425650	0.022773
54925	10.887735	-0.392556	-4.226432	-0.490512	2.066585	0.193694	0.073717	-0.054963	0.995763	-0.418199	0.904746	0.080899	-0.905359	-0.422391	0.043710
54926	10.679518	-0.221257	-3.987467	-0.282824	2.025379	0.178601	0.091236	-0.044793	0.994821	-0.415830	0.906011	0.078930	-0.904854	-0.420878	0.064034
54927	10.106382	0.329984	-3.527127	-0.033166	1.979918	0.134046	0.108491	-0.035217	0.993473	-0.415616	0.906231	0.077511	-0.903046	-0.421313	0.083681
54928	9.304858	1.024755	-2.827936	0.112543	1.891986	0.090555	0.125106	-0.026396	0.991792	-0.416782	0.905766	0.076680	-0.900356	-0.422954	0.102315
54929	8.251818	1.357015	-2.388020	0.086172	1.769762	0.095013	0.140528	-0.018025	0.989913	-0.417634	0.905450	0.075775	-0.897682	-0.424070	0.119713
54930	7.031487	1.468242	-2.152840	0.021188	1.652696	0.137619	0.154699	-0.009754	0.987913	-0.418074	0.905361	0.074406	-0.895144	-0.424531	0.135981
54931	6.448401	1.356027	-2.180618	-0.028910	1.520550	0.174039	0.167468	-0.001719	0.985876	-0.418052	0.905518	0.072592	-0.892853	-0.424304	0.150927
54932	6.452814	0.741014	-2.425945	0.040452	1.385586	0.201302	0.178911	0.005999	0.983847	-0.418809	0.905323	0.070640	-0.890275	-0.424682	0.164485
54933	6.647125	0.684766	-2.629877	0.173709	1.249194	0.205145	0.189050	0.013168	0.981879	-0.420707	0.904578	0.068871	-0.887280	-0.426104	0.176550
54934	6.927122	0.993580	-2.519531	0.286955	1.129082	0.181565	0.198214	0.019647	0.979962	-0.423648	0.903302	0.067580	-0.883874	-0.428554	0.187371
54935	7.280084	1.470310	-2.259097	0.275916	1.023608	0.153028	0.206485	0.025417	0.978119	-0.426368	0.902097	0.066567	-0.880667	-0.430784	0.197107
54936	7.796761	1.931724	-1.777273	0.185186	0.943147	0.137009	0.214125	0.030735	0.976323	-0.428333	0.901239	0.065570	-0.877885	-0.432231	0.206143
54937	8.222543	2.288823	-1.477512	0.038212	0.874242	0.131133	0.221114	0.035676	0.974595	-0.428920	0.901049	0.064328	-0.875863	-0.432247	0.214537
54938	8.348441	2.353298	-1.520584	-0.055016	0.805504	0.088351	0.227717	0.039964	0.972907	-0.428685	0.901232	0.063317	-0.874285	-0.431489	0.222357
54939	7.341968	2.148153	-1.755037	-0.062826	0.625962	0.038349	0.232902	0.042981	0.971550	-0.428211	0.901496	0.062770	-0.873151	-0.430648	0.228365
54940	5.698832	2.257283	-1.532790	-0.097622	0.387501	0.056191	0.235976	0.045167	0.970709	-0.427540	0.901870	0.061970	-0.872654	-0.429640	0.232131
54941	4.736775	2.666577	-1.518441	-0.288658	0.131206	0.093482	0.236600	0.046536	0.970492	-0.425218	0.903076	0.060362	-0.873619	-0.426952	0.233455
54942	4.782356	2.518698	-1.812038	-0.646633	-0.149470	0.083809	0.234870	0.046673	0.970906	-0.419805	0.905758	0.058013	-0.876698	-0.421217	0.232329
54943	5.021064	1.766062	-2.493595	-0.753343	-0.353367	0.043989	0.231457	0.045547	0.971778	-0.413237	0.908911	0.055823	-0.880717	-0.414496	0.229195
54944	5.452581	0.964308	-2.699086	-0.652436	-0.563055	0.043098	0.226242	0.043636	0.973093	-0.407626	0.911557	0.053896	-0.884678	-0.408851	0.224020
54945	7.000872	-0.112993	-1.741155	-0.487010	-0.796942	0.132625	0.218506	0.041551	0.974951	-0.403549	0.913507	0.051511	-0.888484	-0.404695	0.216374
54946	9.398708	-1.326709	0.377796	-0.348619	-0.905858	0.311056	0.209123	0.040755	0.977040	-0.401159	0.914765	0.047705	-0.891818	-0.401925	0.207648
54947	10.787974	-3.076519	1.518463	-0.163626	-0.859132	0.535215	0.199164	0.042155	0.979059	-0.400751	0.915219	0.042116	-0.894278	-0.400746	0.199173
54948	11.541316	-4.269251	2.677905	0.064426	-0.804631	0.718058	0.189011	0.045512	0.980920	-0.402769	0.914626	0.035173	-0.895574	-0.401732	0.191205
54949	11.258534	-4.472006	4.889659	0.215645	-0.765583	0.779109	0.178857	0.049513	0.982629	-0.406091	0.913407	0.027891	-0.896159	-0.404025	0.183475
54950	9.459013	-3.921169	7.526506	0.427372	-0.715040	0.721278	0.169435	0.053203	0.984104	-0.411223	0.911280	0.021535	-0.895649	-0.408335	0.176281
54951	8.236426	-2.783140	9.208114	0.759600	-0.805716	0.582587	0.159668	0.055167	0.985628	-0.418951	0.907849	0.017055	-0.893861	-0.415653	0.168066
54952	8.453442	-2.624603	9.745181	1.268601	-0.849515	0.429670	0.150197	0.055487	0.987098	-0.430977	0.902241	0.014861	-0.889775	-0.427648	0.159427
54953	9.320901	-2.393273	10.189043	1.817845	-0.730908	0.331912	0.142136	0.055282	0.988302	-0.447562	0.894138	0.014353	-0.882885	-0.444367	0.151832
54954	9.563824	-1.543483	9.214998	2.295452	-0.589412	0.248933	0.135752	0.054825	0.989225	-0.468109	0.883539	0.015271	-0.873181	-0.465138	0.145606
54955	11.258752	0.366468	6.256548	2.583773	-0.719948	0.040699	0.129203	0.051766	0.990266	-0.490570	0.871206	0.018464	-0.861770	-0.488180	0.137957
54956	14.196956	2.468635	0.926193	2.817712	-0.830765	-0.173137	0.122898	0.046118	0.991347	-0.514494	0.857161	0.023907	-0.848641	-0.512980	0.129071
54957	14.296352	6.833546	-5.150645	2.967487	-0.964783	-0.199762	0.115730	0.039360	0.992501	-0.539211	0.841654	0.029497	-0.834181	-0.538580	0.118628
54958	16.435749	12.367452	-5.035075	2.608694	-0.898032	-0.205867	0.109360	0.032708	0.993464	-0.560609	0.827363	0.034472	-0.820827	-0.560715	0.108817
54959	14.183189	13.612069	-0.793043	1.669097	-0.354817	0.015606	0.106270	0.030798	0.993860	-0.574218	0.817908	0.036054	-0.811776	-0.574524	0.104604
54960	7.668972	12.428292	-0.971667	0.256538	-0.216219	0.491742	0.101616	0.033572	0.994257	-0.576851	0.816246	0.031394	-0.810504	-0.576728	0.102310
54961	5.234279	10.623881	-4.025145	-1.298231	-0.759721	0.883140	0.090287	0.036414	0.995250	-0.567066	0.823397	0.021317	-0.818709	-0.566297	0.094991
54962	7.110911	6.512439	-6.241711	-2.467718	-1.317353	0.981865	0.073861	0.037238	0.996573	-0.547524	0.836738	0.009314	-0.833524	-0.546336	0.082190
54963	9.353684	0.498407	-6.540643	-3.155826	-1.632611	0.971282	0.054825	0.036662	0.997823	-0.521464	0.853269	-0.002699	-0.851510	-0.520180	0.065898
54964	10.582238	-5.179722	-4.859639	-2.978002	-1.614275	0.827675	0.036667	0.035596	0.998693	-0.496286	0.868066	-0.012719	-0.867384	-0.495171	0.049496
54965	10.669922	-9.254672	-3.202075	-1.940393	-1.465108	0.593181	0.020888	0.033569	0.999218	-0.479421	0.877369	-0.019454	-0.877336	-0.478640	0.034420
54966	10.638871	-9.494466	-2.296047	-0.524031	-1.298118	0.358861	0.007699	0.030545	0.999504	-0.474908	0.879729	-0.023226	-0.880002	-0.474493	0.021279
54967	9.048844	-6.034095	-2.404156	0.515682	-1.128007	0.175967	-0.003178	0.026664	0.999639	-0.479356	0.877267	-0.024924	-0.877615	-0.479262	0.009993
54968	9.992876	-1.551891	-1.950298	0.806951	-1.019688	0.079435	-0.012560	0.022443	0.999669	-0.486455	0.873327	-0.025719	-0.873615	-0.486617	-0.000052
54969	10.332301	0.882822	-1.075420	0.513025	-0.931481	0.131416	-0.021463	0.018998	0.999589	-0.490810	0.870846	-0.027090	-0.871002	-0.491189	-0.009366
54970	10.200634	0.329636	-0.697104	-0.004397	-0.966373	0.249027	-0.031171	0.016427	0.999379	-0.490744	0.870800	-0.029620	-0.870746	-0.491362	-0.019082
54971	10.138485	-1.352574	-1.003730	-0.336173	-0.999993	0.307763	-0.041525	0.014174	0.999037	-0.487598	0.872458	-0.032646	-0.872080	-0.488484	-0.029318
54972	9.854599	-2.255912	-1.184965	-0.378798	-0.994436	0.258246	-0.051529	0.011596	0.998604	-0.484209	0.874246	-0.035138	-0.873434	-0.485344	-0.039434
54973	9.724222	-2.066756	-0.728313	-0.267996	-0.979083	0.130556	-0.060854	0.007970	0.998115	-0.481681	0.875592	-0.036360	-0.874231	-0.482985	-0.049444
