// General information: 
//  MT Manager version: 2022.2.0 
//  XDA version: 2022.2.0 build 7381 rev 124627 built on 2023-07-19
// Device information: 
//  DeviceId: 00B4CB9F
//  ProductCode: MTW2-3A7G6
//  Firmware Version: 4.6.0
//  Hardware Version: 2.0.0
// Device settings: 
//  Filter Profile: human(46.1)
//  Option Flags: Orientation Smoother Disabled, Position/Velocity Smoother Disabled, Continuous Zero Rotation Update Disabled, AHS Disabled, ICC Disabled
// Coordinate system: ENU
PacketCounter	Acc_X	Acc_Y	Acc_Z	Gyr_X	Gyr_Y	Gyr_Z	Mat[1][1]	Mat[2][1]	Mat[3][1]	Mat[1][2]	Mat[2][2]	Mat[3][2]	Mat[1][3]	Mat[2][3]	Mat[3][3]
00842	9.776595	0.237075	-0.004478	-0.066442	0.054024	-0.027402	-0.037787	0.044694	0.998286	0.891301	-0.450198	0.053893	0.451835	0.891810	-0.022824
00843	9.775744	0.257214	-0.122662	0.000361	0.046751	-0.017988	-0.038096	0.044396	0.998287	0.891319	-0.450145	0.054033	0.451773	0.891851	-0.022423
00844	9.778117	0.422385	-0.109411	0.037673	0.036691	-0.016721	-0.038346	0.044176	0.998288	0.891506	-0.449760	0.054147	0.451382	0.892056	-0.022137
00845	9.771428	0.461944	-0.202481	0.053075	0.027505	-0.010484	-0.038501	0.044016	0.998289	0.891765	-0.449241	0.054201	0.450858	0.892326	-0.021956
00846	9.738626	0.419032	-0.196648	0.059217	0.023803	-0.003376	-0.038573	0.043850	0.998293	0.892055	-0.448668	0.054176	0.450277	0.892622	-0.021810
00847	9.772268	0.516630	-0.195986	0.071267	0.008255	0.008542	-0.038472	0.043776	0.998300	0.892402	-0.447994	0.054036	0.449598	0.892964	-0.021831
00848	9.789547	0.655882	-0.166379	0.069397	-0.001192	0.010318	-0.038310	0.043773	0.998307	0.892741	-0.447339	0.053873	0.448939	0.893293	-0.021940
00849	9.762800	0.719156	-0.133427	0.029808	-0.002618	0.007038	-0.038173	0.043803	0.998311	0.892900	-0.447034	0.053757	0.448633	0.893444	-0.022047
00850	9.762150	0.736130	-0.258051	-0.006832	-0.023917	0.004017	-0.037965	0.044031	0.998309	0.892894	-0.447056	0.053674	0.448664	0.893421	-0.022343
00851	9.797820	0.669017	-0.245799	-0.027481	-0.023738	0.001166	-0.037786	0.044277	0.998304	0.892794	-0.447261	0.053629	0.448877	0.893307	-0.022630
00852	9.757462	0.592974	-0.045282	-0.033343	-0.015002	0.002832	-0.037630	0.044431	0.998304	0.892668	-0.447521	0.053565	0.449142	0.893169	-0.022822
00853	9.789472	0.509218	0.067322	-0.045776	-0.011476	0.009213	-0.037433	0.044531	0.998306	0.892489	-0.447893	0.053444	0.449514	0.892978	-0.022977
00854	9.821415	0.369170	0.002768	-0.040024	-0.010337	0.008552	-0.037246	0.044616	0.998310	0.892335	-0.448212	0.053324	0.449834	0.892813	-0.023118
00855	9.898304	0.415533	0.114888	-0.009210	-0.004477	0.011373	-0.037063	0.044644	0.998315	0.892321	-0.448258	0.053173	0.449877	0.892789	-0.023223
00856	9.852165	0.431294	0.224554	0.009410	0.016244	0.004878	-0.037029	0.044508	0.998323	0.892387	-0.448139	0.053079	0.449749	0.892855	-0.023124
00857	9.799121	0.357681	0.182526	0.036474	0.027410	0.001570	-0.037076	0.044295	0.998330	0.892575	-0.447772	0.053016	0.449373	0.893050	-0.022935
00858	9.759709	0.424616	-0.027779	0.049788	0.024864	-0.002370	-0.037144	0.044114	0.998336	0.892821	-0.447285	0.052983	0.448878	0.893303	-0.022772
00859	9.809868	0.552689	-0.176878	0.045710	0.025069	-0.005753	-0.037246	0.043955	0.998339	0.893047	-0.446833	0.052991	0.448420	0.893537	-0.022611
00860	9.750413	0.646011	-0.258259	0.042127	0.017401	-0.006404	-0.037317	0.043859	0.998341	0.893257	-0.446412	0.053000	0.447995	0.893752	-0.022519
00861	9.772784	0.583082	-0.314492	0.031888	0.011271	0.005128	-0.037259	0.043774	0.998346	0.893424	-0.446087	0.052903	0.447666	0.893918	-0.022488
00862	9.803275	0.462224	-0.326135	0.021074	0.005555	0.009038	-0.037139	0.043715	0.998353	0.893546	-0.445861	0.052763	0.447434	0.894034	-0.022503
00863	9.838106	0.395627	-0.137093	0.018433	-0.000537	0.019736	-0.036898	0.043671	0.998364	0.893658	-0.445663	0.052523	0.447228	0.894135	-0.022583
00864	9.818662	0.346088	-0.061895	0.036031	-0.005688	0.023090	-0.036602	0.043650	0.998376	0.893851	-0.445310	0.052240	0.446867	0.894312	-0.022717
00865	9.861353	0.439036	-0.015693	0.059046	-0.007972	0.024496	-0.036286	0.043651	0.998388	0.894147	-0.444751	0.051942	0.446301	0.894590	-0.022892
00866	9.828186	0.538710	-0.079281	0.059779	-0.000842	0.025490	-0.035991	0.043576	0.998402	0.894445	-0.444187	0.051630	0.445727	0.894874	-0.022989
00867	9.861824	0.506013	-0.137313	0.051950	-0.002185	0.020000	-0.035740	0.043545	0.998412	0.894707	-0.443689	0.051379	0.445222	0.895122	-0.023103
00868	9.726389	0.531892	-0.210660	0.060209	-0.002474	0.015288	-0.035529	0.043530	0.998420	0.895002	-0.443117	0.051169	0.444644	0.895406	-0.023216
00869	9.765584	0.624619	-0.362755	0.064954	-0.002983	0.014803	-0.035321	0.043531	0.998428	0.895319	-0.442500	0.050966	0.444023	0.895711	-0.023344
00870	9.740478	0.667915	-0.380962	0.050957	0.003024	0.016137	-0.035126	0.043463	0.998437	0.895573	-0.442010	0.050749	0.443525	0.895956	-0.023398
00871	9.728450	0.636044	-0.205850	0.021878	0.009621	0.016515	-0.034959	0.043343	0.998448	0.895699	-0.441780	0.050539	0.443285	0.896076	-0.023378
00872	9.727331	0.508420	-0.086965	0.002410	0.009025	0.017357	-0.034780	0.043217	0.998460	0.895738	-0.441725	0.050321	0.443219	0.896109	-0.023348
00873	9.818678	0.403171	-0.008894	-0.000318	0.009143	0.015090	-0.034623	0.043107	0.998470	0.895765	-0.441693	0.050131	0.443178	0.896130	-0.023321
00874	9.860559	0.442735	0.036440	0.003929	0.016479	0.011841	-0.034528	0.042939	0.998481	0.895808	-0.441624	0.049969	0.443099	0.896172	-0.023217
00875	9.830072	0.433413	-0.006244	-0.001484	0.020448	0.009740	-0.034469	0.042752	0.998491	0.895827	-0.441600	0.049833	0.443064	0.896193	-0.023077
00876	9.760197	0.418713	-0.141685	-0.002106	0.010283	0.003736	-0.034418	0.042673	0.998496	0.895842	-0.441578	0.049752	0.443037	0.896207	-0.023030
00877	9.737512	0.498420	-0.207319	0.016485	0.003075	0.004525	-0.034329	0.042665	0.998499	0.895940	-0.441391	0.049663	0.442847	0.896300	-0.023073
00878	9.652616	0.766393	-0.078085	0.015506	0.005148	0.007124	-0.034224	0.042618	0.998505	0.896034	-0.441212	0.049544	0.442664	0.896390	-0.023087
00879	9.736182	0.904981	0.187990	-0.011613	0.014427	-0.001771	-0.034242	0.042536	0.998508	0.896005	-0.441273	0.049525	0.442722	0.896364	-0.023002
00880	9.839715	0.686381	0.159325	-0.057711	0.015259	-0.007074	-0.034310	0.042461	0.998509	0.895769	-0.441748	0.049565	0.443193	0.896134	-0.022879
00881	9.939278	0.452121	0.230570	-0.068779	0.025580	-0.003638	-0.034394	0.042287	0.998513	0.895486	-0.442321	0.049578	0.443760	0.895859	-0.022654
00882	9.843732	0.411815	0.199577	-0.049552	0.035374	-0.000880	-0.034497	0.042005	0.998522	0.895287	-0.442725	0.049555	0.444152	0.895673	-0.022334
00883	9.816315	0.364807	0.056778	-0.022580	0.039052	0.002510	-0.034586	0.041683	0.998532	0.895210	-0.442887	0.049496	0.444300	0.895608	-0.021997
00884	9.851188	0.331903	-0.171187	0.010590	0.039086	0.001509	-0.034684	0.041356	0.998542	0.895281	-0.442750	0.049434	0.444149	0.895691	-0.021669
00885	9.842901	0.422627	-0.460089	0.013251	0.021569	0.009435	-0.034633	0.041160	0.998552	0.895366	-0.442593	0.049298	0.443982	0.895777	-0.021525
00886	9.837466	0.385070	-0.608638	0.003763	0.008963	0.018511	-0.034445	0.041030	0.998564	0.895412	-0.442527	0.049070	0.443905	0.895816	-0.021496
00887	9.676177	0.255497	-0.635271	0.004992	-0.001712	0.032777	-0.034082	0.040939	0.998580	0.895468	-0.442454	0.048702	0.443820	0.895856	-0.021580
00888	9.618715	0.179704	-0.704453	0.003056	-0.024842	0.042648	-0.033527	0.041004	0.998596	0.895517	-0.442406	0.048232	0.443763	0.895877	-0.021887
00889	9.780512	0.430706	-0.624637	0.006649	-0.048157	0.045544	-0.032844	0.041273	0.998608	0.895584	-0.442323	0.047737	0.443678	0.895905	-0.022436
00890	9.893379	0.518396	-0.321584	-0.026831	-0.039596	0.041213	-0.032236	0.041477	0.998619	0.895500	-0.442541	0.047288	0.443892	0.895788	-0.022877
00891	9.941354	0.372359	-0.117825	-0.046503	-0.034641	0.031674	-0.031736	0.041686	0.998627	0.895327	-0.442929	0.046943	0.444278	0.895587	-0.023266
00892	9.916134	0.269107	-0.071703	-0.039698	-0.025013	0.026816	-0.031322	0.041823	0.998634	0.895182	-0.443254	0.046640	0.444599	0.895420	-0.023556
00893	9.869470	0.301249	-0.087530	-0.033862	-0.006493	0.020509	-0.031047	0.041829	0.998642	0.895060	-0.443524	0.046404	0.444863	0.895286	-0.023669
00894	9.391891	0.301264	-0.148323	-0.034808	0.009241	0.015020	-0.030890	0.041710	0.998652	0.894932	-0.443802	0.046218	0.445131	0.895154	-0.023619
00895	10.053730	0.288085	-0.172403	-0.015350	-0.027991	0.008909	-0.030624	0.041960	0.998650	0.894890	-0.443901	0.046093	0.445236	0.895093	-0.023956
00896	9.740745	0.376881	-0.310672	0.011526	-0.014507	0.013266	-0.030378	0.042062	0.998653	0.894965	-0.443766	0.045915	0.445100	0.895155	-0.024163
00897	9.843316	0.635853	0.105766	0.004789	-0.020377	0.020580	-0.030041	0.042192	0.998658	0.895016	-0.443691	0.045669	0.445022	0.895186	-0.024434
00898	9.505746	0.662846	0.317650	-0.016151	-0.007883	0.014802	-0.029811	0.042229	0.998663	0.894970	-0.443802	0.045482	0.445130	0.895129	-0.024564
00899	9.725904	0.273726	0.330458	-0.044629	0.015156	0.008251	-0.029742	0.042096	0.998671	0.894796	-0.444164	0.045371	0.445483	0.894956	-0.024456
00900	9.889901	0.289084	0.377131	-0.015236	0.013572	0.005098	-0.029695	0.041982	0.998677	0.894750	-0.444266	0.045281	0.445579	0.894911	-0.024371
00901	10.006921	0.632825	0.451935	-0.009930	0.036211	-0.006395	-0.029852	0.041725	0.998683	0.894727	-0.444310	0.045308	0.445616	0.894901	-0.024069
00902	9.851525	0.721617	0.092017	-0.033731	0.048168	-0.011833	-0.030109	0.041377	0.998690	0.894595	-0.444566	0.045390	0.445862	0.894790	-0.023630
00903	9.939814	0.633413	-0.322189	-0.044161	0.044511	-0.004178	-0.030283	0.041036	0.998699	0.894420	-0.444918	0.045402	0.446202	0.894631	-0.023230
00904	9.892923	0.466896	-0.442680	-0.066164	0.044825	-0.008182	-0.030494	0.040702	0.998706	0.894143	-0.445468	0.045456	0.446741	0.894372	-0.022810
00905	9.747024	0.114386	-0.730783	-0.063124	0.029321	0.003468	-0.030531	0.040463	0.998714	0.893885	-0.445992	0.045396	0.447255	0.894122	-0.022553
00906	9.625724	0.008496	-0.961903	-0.012692	-0.000907	0.018048	-0.030303	0.040421	0.998723	0.893856	-0.446072	0.045175	0.447328	0.894084	-0.022613
00907	9.656821	0.141610	-0.861362	0.014555	-0.022677	0.041306	-0.029770	0.040478	0.998737	0.893957	-0.445916	0.044720	0.447163	0.894159	-0.022911
00908	9.704339	-0.023735	-0.533763	-0.012136	-0.024911	0.044280	-0.029199	0.040535	0.998751	0.893938	-0.446002	0.044236	0.447238	0.894114	-0.023213
00909	9.784139	-0.274142	-0.267077	-0.018905	-0.027669	0.045105	-0.028610	0.040620	0.998765	0.893889	-0.446147	0.043751	0.447374	0.894037	-0.023546
00910	9.615839	-0.254980	-0.038455	0.015006	-0.023754	0.051550	-0.027979	0.040633	0.998782	0.893993	-0.445995	0.043188	0.447207	0.894113	-0.023848
00911	9.599965	0.076159	0.030772	0.046001	-0.041416	0.038425	-0.027388	0.040871	0.998789	0.894232	-0.445558	0.042753	0.446765	0.894320	-0.024346
00912	10.002941	0.589512	0.008107	0.062469	-0.028482	0.032428	-0.026907	0.041011	0.998796	0.894542	-0.444972	0.042369	0.446174	0.894605	-0.024714
00913	10.026281	0.962478	-0.075880	0.032829	-0.004620	0.022176	-0.026625	0.040993	0.998805	0.894717	-0.444646	0.042100	0.445840	0.894768	-0.024838
00914	9.961242	0.929257	-0.064996	0.003138	0.022317	0.005417	-0.026613	0.040799	0.998813	0.894755	-0.444579	0.042000	0.445764	0.894810	-0.024673
00915	9.902609	0.638325	-0.117642	-0.016448	0.037886	-0.005709	-0.026771	0.040524	0.998820	0.894702	-0.444682	0.042022	0.445860	0.894771	-0.024352
00916	9.954084	0.382107	-0.236766	0.011041	0.054059	-0.011727	-0.027054	0.040124	0.998828	0.894768	-0.444542	0.042093	0.445710	0.894859	-0.023875
00917	9.945394	0.385917	-0.279686	0.023017	0.048420	-0.010294	-0.027300	0.039775	0.998836	0.894891	-0.444290	0.042151	0.445450	0.894999	-0.023465
00918	9.887886	0.241428	-0.397353	0.024514	0.042220	-0.007707	-0.027494	0.039462	0.998843	0.895019	-0.444030	0.042179	0.445181	0.895142	-0.023111
00919	9.750249	0.178866	-0.597406	0.051617	0.002479	0.000761	-0.027436	0.039475	0.998844	0.895271	-0.443527	0.042120	0.444676	0.895391	-0.023173
00920	9.744223	0.215259	-0.694745	0.077304	-0.023595	0.023104	-0.027060	0.039614	0.998849	0.895644	-0.442800	0.041825	0.443947	0.895745	-0.023498
00921	9.623362	0.347460	-0.518573	0.081212	-0.024467	0.040674	-0.026525	0.039692	0.998860	0.896038	-0.442047	0.041360	0.443184	0.896113	-0.023841
00922	9.628931	0.526349	-0.264142	0.063636	-0.035954	0.051907	-0.025837	0.039818	0.998873	0.896354	-0.441459	0.040783	0.442585	0.896398	-0.024285
00923	9.749482	0.794241	0.122568	0.031609	-0.037240	0.047724	-0.025182	0.039980	0.998883	0.896529	-0.441153	0.040259	0.442270	0.896541	-0.024734
00924	9.893658	0.906523	0.349040	-0.034397	-0.005343	0.033363	-0.024796	0.039911	0.998896	0.896408	-0.441431	0.039889	0.442535	0.896407	-0.024831
00925	9.940594	0.778363	0.434555	-0.066934	0.027829	0.012801	-0.024742	0.039645	0.998907	0.896137	-0.441994	0.039738	0.443086	0.896142	-0.024591
00926	9.953677	0.626290	0.403781	-0.079505	0.060490	-0.009873	-0.025036	0.039177	0.998919	0.895805	-0.442661	0.039813	0.443742	0.895833	-0.024012
00927	9.818447	0.509102	0.231147	-0.060583	0.098568	-0.021970	-0.025609	0.038430	0.998933	0.895552	-0.443154	0.040007	0.444218	0.895622	-0.023068
00928	9.748671	0.407180	0.174242	-0.060340	0.119772	-0.025117	-0.026303	0.037500	0.998950	0.895300	-0.443644	0.040228	0.444687	0.895418	-0.021905
00929	9.674471	0.048877	-0.193799	-0.041501	0.123781	-0.028474	-0.027046	0.036557	0.998965	0.895130	-0.443963	0.040482	0.444984	0.895299	-0.020716
00930	9.726283	-0.208773	-0.678107	0.033265	0.118332	-0.004210	-0.027548	0.035548	0.998988	0.895297	-0.443627	0.040475	0.444617	0.895506	-0.019605
00931	9.727059	-0.210183	-0.666443	0.118096	0.118259	0.022750	-0.027808	0.034427	0.999020	0.895850	-0.442535	0.040186	0.443485	0.896090	-0.018535
00932	9.584007	-0.200045	-0.654093	0.168938	0.103771	0.044830	-0.027802	0.033329	0.999058	0.896631	-0.440999	0.039664	0.441905	0.896889	-0.017623
00933	9.659701	0.132552	-0.690381	0.230353	0.063288	0.067933	-0.027410	0.032501	0.999096	0.897687	-0.438912	0.038906	0.439779	0.897942	-0.017146
00934	9.744127	0.737595	-0.520729	0.243807	0.027410	0.070347	-0.026834	0.031978	0.999128	0.898798	-0.436702	0.038116	0.437540	0.899038	-0.017023
00935	9.805654	1.517175	-0.319090	0.182099	0.002930	0.069853	-0.026157	0.031686	0.999156	0.899634	-0.435044	0.037348	0.435860	0.899851	-0.017127
00936	9.925387	1.853711	-0.251417	0.043602	-0.020825	0.066767	-0.025404	0.031615	0.999177	0.899863	-0.434631	0.036631	0.435432	0.900053	-0.017408
00937	9.905655	1.561721	-0.212415	-0.095625	0.002274	0.067393	-0.024746	0.031341	0.999202	0.899485	-0.435471	0.035935	0.436250	0.899657	-0.017414
00938	9.831567	0.979891	-0.001733	-0.182732	0.015727	0.060541	-0.024207	0.030968	0.999227	0.898725	-0.437088	0.035319	0.437844	0.898886	-0.017251
00939	9.837875	0.587402	0.080473	-0.205645	0.028209	0.060085	-0.023729	0.030491	0.999253	0.897859	-0.438911	0.034714	0.439642	0.898013	-0.016961
00940	9.874635	0.293232	0.137605	-0.181243	0.041979	0.062450	-0.023293	0.029872	0.999282	0.897097	-0.440518	0.034080	0.441220	0.897247	-0.016537
00941	9.842653	0.170728	0.291041	-0.131246	0.059271	0.067181	-0.022890	0.029083	0.999315	0.896555	-0.441673	0.033390	0.442341	0.896705	-0.015964
00942	9.835898	-0.054234	0.285836	-0.071603	0.059925	0.068756	-0.022478	0.028274	0.999347	0.896275	-0.442294	0.032673	0.442929	0.896425	-0.015399
00943	9.778004	-0.206139	0.168810	-0.007758	0.051061	0.070120	-0.022014	0.027545	0.999378	0.896278	-0.442340	0.031934	0.442945	0.896424	-0.014950
00944	9.686323	-0.089424	-0.052382	0.069840	0.032257	0.079320	-0.021385	0.026938	0.999408	0.896623	-0.441702	0.031091	0.442278	0.896758	-0.014707
00945	9.690106	0.249329	-0.205335	0.125272	0.003265	0.085986	-0.020566	0.026568	0.999435	0.897217	-0.440558	0.030174	0.441111	0.897331	-0.014777
00946	9.823161	0.689020	-0.079600	0.126453	-0.004207	0.093850	-0.019643	0.026225	0.999463	0.897813	-0.439408	0.029175	0.439938	0.897905	-0.014914
00947	9.874053	1.049335	0.154350	0.050377	-0.000758	0.095161	-0.018724	0.025853	0.999490	0.898075	-0.438938	0.028178	0.439443	0.898145	-0.015000
00948	9.895550	1.033743	0.274550	-0.061411	0.000632	0.087282	-0.017883	0.025495	0.999515	0.897841	-0.439474	0.027274	0.439956	0.897893	-0.015032
00949	9.858972	0.836703	0.346187	-0.162556	0.003361	0.087339	-0.017052	0.025120	0.999539	0.897162	-0.440913	0.026387	0.441372	0.897198	-0.015018
00950	9.848054	0.648206	0.439208	-0.220718	0.009242	0.085592	-0.016266	0.024691	0.999563	0.896220	-0.442875	0.025524	0.443311	0.896243	-0.014925
00951	9.826450	0.408125	0.481670	-0.229305	0.023265	0.077308	-0.015615	0.024178	0.999586	0.895236	-0.444905	0.024746	0.445319	0.895251	-0.014698
00952	9.872331	0.253509	0.517639	-0.214886	0.025470	0.078507	-0.014966	0.023632	0.999609	0.894309	-0.446808	0.023953	0.447199	0.894318	-0.014448
00953	9.825048	0.262094	0.629422	-0.191284	0.031916	0.079907	-0.014333	0.023028	0.999632	0.893486	-0.448494	0.023143	0.448862	0.893489	-0.014147
00954	9.755613	0.297232	0.672476	-0.164008	0.029868	0.082357	-0.013672	0.022421	0.999655	0.892781	-0.449938	0.022302	0.450283	0.892778	-0.013866
00955	9.797851	0.327246	0.721192	-0.132741	0.033690	0.086800	-0.012987	0.021768	0.999679	0.892217	-0.451099	0.021413	0.451421	0.892208	-0.013563
00956	9.923979	0.324789	0.878231	-0.114251	0.042311	0.087327	-0.012341	0.021026	0.999703	0.891731	-0.452100	0.020517	0.452397	0.891719	-0.013170
00957	9.896520	0.323156	1.112896	-0.084488	0.074572	0.099095	-0.011733	0.019951	0.999732	0.891383	-0.452831	0.019498	0.453099	0.891373	-0.012471
00958	9.898182	0.290232	1.468013	-0.054407	0.117442	0.097781	-0.011335	0.018490	0.999765	0.891168	-0.453297	0.018487	0.453532	0.891168	-0.011339
00959	10.006939	0.400094	1.920106	-0.009433	0.187241	0.097079	-0.011257	0.016419	0.999802	0.891158	-0.453356	0.017479	0.453553	0.891178	-0.009529
00960	10.092630	0.721989	2.349829	0.006437	0.284053	0.082400	-0.011753	0.013542	0.999839	0.891217	-0.453273	0.016616	0.453425	0.891269	-0.006741
00961	10.042042	0.949068	2.680353	-0.014482	0.388293	0.063959	-0.012882	0.009829	0.999869	0.891182	-0.453367	0.015938	0.453464	0.891270	-0.002920
00962	9.983658	1.216980	2.925448	-0.032808	0.493235	0.040444	-0.014704	0.005275	0.999878	0.891058	-0.453625	0.015497	0.453651	0.891177	0.001970
00963	9.940480	1.386626	3.195146	-0.055753	0.596723	0.004986	-0.017305	-0.000027	0.999850	0.890828	-0.454079	0.015406	0.454010	0.890962	0.007882
00964	10.055769	1.222104	3.327517	-0.055889	0.697862	-0.033363	-0.020719	-0.006068	0.999767	0.890586	-0.454543	0.015698	0.454342	0.890704	0.014822
00965	10.365698	1.046589	3.245976	-0.023541	0.805555	-0.074036	-0.024976	-0.012868	0.999605	0.890485	-0.454716	0.016396	0.454326	0.890543	0.022815
00966	10.292913	0.857870	3.056162	-0.014159	0.945642	-0.116874	-0.030262	-0.020735	0.999327	0.890409	-0.454825	0.017527	0.454155	0.890340	0.032227
00967	10.013676	0.683311	2.705227	-0.011919	1.046955	-0.162914	-0.036404	-0.029276	0.998908	0.890323	-0.454928	0.019113	0.453871	0.890047	0.042626
00968	10.052265	0.486149	2.394672	0.015117	1.081804	-0.185693	-0.042917	-0.038039	0.998354	0.890338	-0.454819	0.020944	0.453274	0.889771	0.053387
00969	10.296679	0.454556	2.154188	0.106850	1.089697	-0.176927	-0.049361	-0.046893	0.997680	0.890763	-0.453899	0.022737	0.451779	0.889819	0.064176
00970	10.820605	0.723101	2.064384	0.207320	1.077835	-0.172161	-0.055704	-0.055687	0.996893	0.891627	-0.452104	0.024568	0.449331	0.890225	0.074836
00971	11.190759	1.174023	2.179345	0.257747	1.077586	-0.203316	-0.062282	-0.064327	0.995983	0.892685	-0.449885	0.026766	0.446356	0.890767	0.085444
00972	11.774359	1.638165	2.433238	0.184818	1.053776	-0.250699	-0.069167	-0.072570	0.994962	0.893363	-0.448372	0.029402	0.443980	0.890896	0.095844
00973	12.060996	1.929441	2.875457	-0.043801	1.069359	-0.312075	-0.076638	-0.080653	0.993792	0.892966	-0.448956	0.032427	0.443553	0.889907	0.106427
00974	11.490915	1.958021	3.619095	-0.337983	1.098139	-0.381207	-0.084876	-0.088673	0.992438	0.891176	-0.452243	0.035808	0.445648	0.887476	0.117408
00975	10.979231	1.760904	4.415391	-0.583664	1.131671	-0.411519	-0.093542	-0.096785	0.990900	0.888220	-0.457748	0.039139	0.449794	0.883798	0.128785
00976	10.407272	1.201565	4.837531	-0.718375	1.185439	-0.409250	-0.102490	-0.105334	0.989141	0.884591	-0.464454	0.042197	0.454966	0.879311	0.140779
00977	10.129257	0.505179	4.595249	-0.781470	1.228669	-0.387411	-0.111471	-0.114257	0.987178	0.880626	-0.471685	0.044846	0.460513	0.874333	0.153197
00978	10.586994	-0.055331	3.232022	-0.723659	1.333961	-0.364431	-0.120808	-0.124146	0.984882	0.876876	-0.478388	0.047258	0.465289	0.869329	0.166654
00979	10.732390	-0.281304	1.956243	-0.561555	1.389277	-0.349188	-0.130288	-0.134477	0.982314	0.873843	-0.483662	0.049689	0.468426	0.864862	0.180528
00980	10.864805	-0.367429	0.894002	-0.425674	1.397206	-0.359404	-0.139941	-0.144780	0.979518	0.871384	-0.487796	0.052393	0.470219	0.860868	0.194422
00981	10.433364	-0.471421	0.443913	-0.411432	1.380183	-0.356408	-0.149481	-0.154853	0.976563	0.868959	-0.491816	0.055023	0.471769	0.856818	0.208078
00982	9.587840	-0.503924	0.746045	-0.350918	1.281146	-0.352629	-0.158549	-0.164058	0.973626	0.866784	-0.495337	0.057685	0.472809	0.853069	0.220738
00983	9.403625	-0.551037	-0.019823	-0.278705	1.213687	-0.360163	-0.167346	-0.172568	0.970678	0.864908	-0.498268	0.060529	0.473213	0.849676	0.232639
00984	9.099669	-0.642505	-0.417283	-0.274814	1.183543	-0.360184	-0.176016	-0.180795	0.967642	0.863014	-0.501193	0.063341	0.473523	0.846238	0.244247
00985	9.154557	-0.939690	-0.398285	-0.319404	1.150812	-0.319527	-0.184161	-0.188873	0.964579	0.860955	-0.504432	0.065605	0.474174	0.842541	0.255508
00986	8.842548	-1.464055	-0.474709	-0.289767	1.114151	-0.257640	-0.191615	-0.196927	0.961511	0.859124	-0.507323	0.067306	0.474542	0.838954	0.266395
00987	8.692939	-1.498612	-0.431642	-0.112329	1.057283	-0.194601	-0.198234	-0.204761	0.958528	0.858242	-0.508606	0.068845	0.473417	0.836297	0.276558
00988	8.687991	-1.155333	-0.325990	0.105352	1.001814	-0.159435	-0.204280	-0.212310	0.955612	0.858447	-0.508015	0.070643	0.470467	0.834773	0.286034
00989	8.629710	-0.450303	-0.258031	0.233078	0.956166	-0.127475	-0.209792	-0.219609	0.952764	0.859305	-0.506297	0.072514	0.466457	0.833928	0.294928
00990	8.498371	0.148216	0.001572	0.265623	0.884853	-0.116001	-0.214846	-0.226386	0.950048	0.860321	-0.504296	0.074386	0.462266	0.833327	0.303110
00991	8.258437	0.853556	0.322716	0.195289	0.829267	-0.098199	-0.219448	-0.232766	0.947451	0.861037	-0.502846	0.075896	0.458756	0.832446	0.310769
00992	7.973212	1.393588	0.705865	0.070091	0.754343	-0.091885	-0.223637	-0.238563	0.945026	0.861183	-0.502434	0.076961	0.456454	0.831052	0.317809
00993	7.887804	1.939388	0.916949	-0.146095	0.687898	-0.074711	-0.227357	-0.243863	0.942783	0.860379	-0.503778	0.077177	0.456132	0.828697	0.324352
00994	7.640825	2.137769	1.156796	-0.428697	0.618388	-0.048131	-0.230544	-0.248716	0.940739	0.858338	-0.507395	0.076204	0.458373	0.825040	0.330459
00995	7.556124	2.027705	1.409641	-0.696322	0.524088	-0.011471	-0.232996	-0.252937	0.939008	0.855134	-0.513102	0.073972	0.463097	0.820213	0.335845
00996	7.597234	1.614033	1.690054	-0.904530	0.432501	0.021039	-0.234780	-0.256562	0.937579	0.850994	-0.520396	0.070695	0.469774	0.814472	0.340511
00997	7.688516	1.101703	2.057511	-1.092993	0.365358	0.064369	-0.235903	-0.259833	0.936396	0.845997	-0.529046	0.066328	0.478162	0.807835	0.344621
00998	7.708613	0.591128	2.424909	-1.222674	0.283174	0.109324	-0.236294	-0.262676	0.935503	0.840380	-0.538548	0.061051	0.487776	0.800605	0.348003
00999	7.724426	0.014080	2.688296	-1.263515	0.185097	0.153982	-0.235854	-0.264959	0.934970	0.834550	-0.548163	0.055180	0.497895	0.793294	0.350407
01000	8.258600	-0.544494	3.064025	-1.217817	0.083060	0.188713	-0.234647	-0.266641	0.934796	0.828901	-0.557234	0.049120	0.507802	0.786380	0.351772
01001	8.468813	-0.850499	3.458568	-1.133993	-0.008042	0.226793	-0.232668	-0.267824	0.934953	0.823653	-0.565462	0.042990	0.517166	0.780079	0.352159
01002	8.652726	-0.948990	3.472736	-1.046311	-0.102668	0.247996	-0.230038	-0.268423	0.935431	0.818803	-0.572884	0.036968	0.525970	0.774438	0.351570
01003	8.697416	-0.963593	3.517277	-0.990344	-0.228858	0.277069	-0.226498	-0.268227	0.936351	0.814218	-0.579737	0.030883	0.534554	0.769389	0.349704
01004	8.961152	-1.161486	3.705365	-0.954949	-0.355308	0.307251	-0.222029	-0.267280	0.937691	0.809795	-0.586195	0.024657	0.543079	0.764812	0.346594
01005	9.291655	-1.139481	4.128124	-0.927087	-0.370128	0.324106	-0.217321	-0.266342	0.939060	0.805468	-0.592353	0.018398	0.551355	0.760381	0.343261
01006	9.441353	-1.379931	4.453377	-0.888575	-0.317910	0.319515	-0.212929	-0.265823	0.940212	0.801256	-0.598195	0.012334	0.559152	0.755977	0.340365
01007	9.385408	-1.678840	4.623708	-0.686271	-0.276890	0.303802	-0.208877	-0.265534	0.941202	0.798074	-0.602518	0.007129	0.565198	0.752638	0.337768
01008	9.453407	-1.926729	4.961134	-0.424213	-0.243807	0.291108	-0.205112	-0.265451	0.942054	0.796304	-0.604889	0.002933	0.569059	0.750763	0.335450
01009	9.587037	-2.077036	5.494570	-0.222824	-0.193694	0.271761	-0.201778	-0.265619	0.942726	0.795622	-0.605793	-0.000394	0.571201	0.749974	0.333568
01010	9.566328	-1.889215	5.941753	-0.017332	-0.098901	0.207434	-0.199500	-0.266128	0.943067	0.795973	-0.605327	-0.002437	0.571512	0.750170	0.332594
01011	9.343288	-1.399472	6.258578	0.235791	-0.015258	0.115628	-0.198425	-0.266689	0.943136	0.797584	-0.603202	-0.002764	0.569638	0.751681	0.332397
01012	9.151653	-0.710508	6.481664	0.452372	0.065005	0.011501	-0.198640	-0.267245	0.942933	0.800208	-0.599720	-0.001398	0.565870	0.754265	0.332980
01013	8.909452	-0.078112	6.524328	0.568104	0.137729	-0.103728	-0.200182	-0.267641	0.942494	0.803237	-0.595657	0.001455	0.561014	0.757338	0.334219
01014	8.780585	0.472076	6.332874	0.658088	0.186038	-0.194889	-0.202729	-0.267896	0.941877	0.806551	-0.591139	0.005465	0.555317	0.760780	0.335913
01015	8.696300	0.855967	5.977740	0.696591	0.232839	-0.257219	-0.206028	-0.268132	0.941094	0.809907	-0.586470	0.010214	0.549185	0.764302	0.337991
01016	8.452460	0.806163	5.539090	0.765526	0.258262	-0.264586	-0.209528	-0.268566	0.940197	0.813567	-0.581270	0.015269	0.542408	0.768113	0.340289
01017	8.205676	0.335045	5.054654	0.820020	0.205711	-0.227694	-0.212429	-0.268807	0.939477	0.817540	-0.575519	0.020187	0.535260	0.772348	0.342017
01018	8.251827	-0.282548	4.418335	0.879160	0.094837	-0.171873	-0.214287	-0.268559	0.939126	0.821877	-0.569125	0.024783	0.527825	0.777157	0.342678
01019	8.447027	-0.677894	3.862294	0.965696	0.010748	-0.111272	-0.215196	-0.267986	0.939082	0.826731	-0.561844	0.029116	0.519815	0.782633	0.342459
01020	8.541909	-0.568541	3.441804	1.099748	-0.051362	-0.055822	-0.215340	-0.267271	0.939252	0.832308	-0.553308	0.033373	0.510776	0.788934	0.341601
01021	8.761560	-0.048943	3.116885	1.144807	-0.104586	-0.038007	-0.215064	-0.266206	0.939618	0.838053	-0.544291	0.037613	0.501413	0.795539	0.340152
01022	8.797126	0.742366	2.917322	1.054820	-0.122530	-0.050742	-0.214827	-0.264952	0.940026	0.843217	-0.535958	0.041640	0.492782	0.801592	0.338550
01023	8.812092	1.478447	2.865301	0.851888	-0.150762	-0.082188	-0.214721	-0.263272	0.940523	0.847241	-0.529276	0.045270	0.485878	0.806570	0.336702
01024	8.921689	1.922378	2.900685	0.568010	-0.175411	-0.115592	-0.214800	-0.261242	0.941070	0.849769	-0.524944	0.048236	0.481408	0.810054	0.334753
01025	8.991925	1.982266	2.869771	0.224803	-0.189508	-0.143789	-0.215050	-0.258921	0.941655	0.850572	-0.523446	0.050320	0.479876	0.811767	0.332797
01026	8.960391	1.504503	2.893615	-0.080928	-0.212855	-0.164159	-0.215370	-0.256328	0.942291	0.849859	-0.524481	0.051572	0.480994	0.811921	0.330800
01027	8.948150	1.276700	2.985939	-0.290822	-0.255999	-0.183603	-0.215631	-0.253254	0.943062	0.848091	-0.527260	0.052324	0.483988	0.811085	0.328476
01028	8.603966	1.062446	3.019214	-0.424565	-0.292940	-0.241290	-0.216199	-0.249598	0.943906	0.845536	-0.531263	0.053185	0.488188	0.809605	0.325903
01029	8.398301	1.016021	2.949263	-0.424999	-0.362325	-0.325211	-0.217104	-0.244902	0.944928	0.842779	-0.535457	0.054858	0.492533	0.808275	0.322649
01030	8.444829	0.984552	2.766668	-0.319025	-0.438950	-0.401104	-0.218258	-0.239196	0.946123	0.840359	-0.538961	0.057601	0.496146	0.807655	0.318643
01031	8.709554	1.047706	2.321659	-0.219352	-0.591500	-0.431779	-0.218875	-0.232055	0.947757	0.838356	-0.541703	0.060976	0.499253	0.807904	0.313110
01032	9.544083	1.319948	1.980571	-0.119609	-0.792564	-0.454664	-0.218664	-0.223174	0.949936	0.836792	-0.543662	0.064894	0.501961	0.809089	0.305630
01033	9.674194	1.915977	1.563748	-0.114506	-0.929271	-0.526053	-0.218320	-0.212754	0.952403	0.835099	-0.545688	0.069531	0.504922	0.810531	0.296805
01034	9.730250	1.580804	1.061129	-0.364354	-1.044945	-0.506241	-0.217184	-0.201504	0.955106	0.832177	-0.549648	0.073269	0.510208	0.810730	0.287061
01035	9.850968	0.280360	1.862177	-0.666709	-1.001658	-0.387935	-0.215191	-0.191218	0.957668	0.827944	-0.555763	0.075073	0.517881	0.809051	0.277913
01036	9.860493	-0.443402	3.553295	-0.889272	-0.891756	-0.281088	-0.212798	-0.182437	0.959913	0.822727	-0.563426	0.075304	0.527102	0.805771	0.269992
01037	9.989636	-0.148415	4.990606	-0.894914	-0.769982	-0.243338	-0.210636	-0.174838	0.961803	0.817489	-0.571010	0.075232	0.536046	0.802109	0.263203
01038	9.485095	0.282569	4.954570	-0.716404	-0.758529	-0.279934	-0.208770	-0.167152	0.963574	0.813066	-0.577185	0.076036	0.543451	0.799323	0.256404
01039	9.135091	0.171488	3.765086	-0.560990	-0.944044	-0.283297	-0.205842	-0.157944	0.965755	0.809446	-0.582080	0.077330	0.549933	0.797644	0.247664
01040	9.688197	-0.543294	2.977566	-0.553354	-1.033285	-0.237444	-0.201989	-0.148320	0.968092	0.805932	-0.586814	0.078250	0.556483	0.796022	0.238066
01041	10.059348	-1.485193	2.407780	-0.608126	-0.939018	-0.205708	-0.198320	-0.139616	0.970142	0.802150	-0.591900	0.078797	0.563226	0.793827	0.229379
01042	9.736374	-1.915185	2.287970	-0.525839	-0.837996	-0.173194	-0.194906	-0.131942	0.971907	0.798865	-0.596266	0.079258	0.569058	0.791870	0.221620
01043	9.275618	-1.644715	2.314362	-0.296233	-0.829627	-0.147717	-0.191281	-0.124466	0.973612	0.796923	-0.598757	0.080023	0.572997	0.791200	0.213721
01044	8.936310	-1.441653	2.216186	-0.017880	-0.840408	-0.162446	-0.187694	-0.116841	0.975253	0.796545	-0.599057	0.081530	0.574706	0.792136	0.205509
01045	8.752986	-1.363971	1.975471	0.261153	-0.826572	-0.192773	-0.184416	-0.109104	0.976774	0.797721	-0.597160	0.083909	0.574136	0.794667	0.197160
01046	8.631428	-1.096981	1.735462	0.465488	-0.855342	-0.174935	-0.180852	-0.101251	0.978285	0.800101	-0.593599	0.086475	0.571953	0.798366	0.188365
01047	9.060355	-0.386262	1.779291	0.555071	-0.899096	-0.151035	-0.176867	-0.093134	0.979818	0.803032	-0.589261	0.088945	0.569085	0.802557	0.179010
01048	9.493442	0.403657	1.873289	0.639986	-0.896887	-0.183781	-0.173196	-0.084839	0.981227	0.806373	-0.584237	0.091819	0.565479	0.807137	0.169599
01049	9.597616	1.059505	1.819965	0.642778	-0.925651	-0.204689	-0.169567	-0.076127	0.982574	0.809679	-0.579156	0.094858	0.561843	0.811654	0.159844
01050	10.351142	2.112946	2.525806	0.572741	-0.970558	-0.223418	-0.165879	-0.066943	0.983871	0.812544	-0.574620	0.097896	0.558799	0.815678	0.149711
01051	11.197028	4.413895	3.130435	0.599212	-0.948320	-0.339128	-0.163290	-0.057218	0.984917	0.815358	-0.569889	0.102071	0.555453	0.819727	0.139711
01052	9.995102	5.402572	1.765793	0.156800	-1.034601	-0.404745	-0.160783	-0.046426	0.985897	0.815603	-0.568777	0.106227	0.555824	0.821181	0.129315
01053	9.929214	2.996672	-0.670413	-0.561866	-1.127702	-0.303250	-0.156881	-0.035419	0.986982	0.812014	-0.573466	0.108490	0.562158	0.818463	0.118727
01054	10.227570	0.122074	-0.885135	-0.898247	-0.974548	-0.196710	-0.152895	-0.026329	0.987892	0.806651	-0.580822	0.109364	0.570910	0.813604	0.110043
01055	10.007584	-1.898793	0.067632	-0.715929	-0.818975	-0.138175	-0.149235	-0.018847	0.988622	0.802363	-0.586624	0.109935	0.577878	0.809640	0.102668
01056	9.797732	-2.878326	0.123629	-0.272258	-0.763225	-0.126818	-0.145768	-0.011927	0.989247	0.800629	-0.588812	0.110876	0.581158	0.808182	0.095379
01057	9.406445	-1.960081	-0.065278	0.221174	-0.762785	-0.094735	-0.142030	-0.005172	0.989849	0.801811	-0.586992	0.111982	0.580454	0.809576	0.087518
01058	9.657308	0.451798	-0.400472	0.356848	-0.795326	-0.086269	-0.138049	0.001780	0.990424	0.803789	-0.584067	0.113085	0.578675	0.811703	0.079199
01059	10.343703	2.221985	-0.862674	0.195578	-0.754457	-0.069592	-0.134178	0.008343	0.990922	0.804859	-0.582436	0.113888	0.578099	0.812834	0.071436
01060	10.436614	2.253041	-1.017471	0.006362	-0.633904	-0.058599	-0.130918	0.013838	0.991297	0.804849	-0.582344	0.114424	0.578859	0.812824	0.065102
01061	10.008281	1.578874	-0.826467	-0.086876	-0.536748	-0.064320	-0.128258	0.018603	0.991566	0.804295	-0.583001	0.114972	0.580223	0.812258	0.059813
01062	10.001515	1.012362	-0.424194	-0.100009	-0.497642	-0.086466	-0.125997	0.023151	0.991760	0.803636	-0.583762	0.115724	0.581631	0.811595	0.054947
01063	9.965034	0.747097	-0.403351	-0.021851	-0.480032	-0.130129	-0.124182	0.027834	0.991869	0.803378	-0.583868	0.116968	0.582376	0.811371	0.050144
01064	9.949020	0.594069	-0.511732	0.151679	-0.477433	-0.150741	-0.122548	0.032593	0.991927	0.804107	-0.582558	0.118486	0.581717	0.812135	0.045183
01065	9.934528	0.862501	-0.251151	0.325704	-0.464508	-0.153427	-0.121019	0.037290	0.991950	0.805844	-0.579818	0.120111	0.579630	0.813892	0.040119
01066	9.893751	1.364731	-0.040023	0.447777	-0.466930	-0.143108	-0.119408	0.041928	0.991960	0.808291	-0.576079	0.121648	0.576547	0.816318	0.034898
01067	9.843860	2.014312	-0.155050	0.502145	-0.477751	-0.108333	-0.117472	0.046485	0.991988	0.811081	-0.571887	0.122848	0.573016	0.819014	0.029477
01068	9.827428	2.653006	-0.183378	0.464485	-0.499313	-0.073475	-0.115149	0.051006	0.992038	0.813681	-0.568009	0.123651	0.569793	0.821440	0.023903
01069	9.864274	2.632359	-0.379120	0.388278	-0.468877	-0.023194	-0.112606	0.055023	0.992115	0.815893	-0.564765	0.123927	0.567131	0.823415	0.018703
01070	9.518705	2.086978	-0.182450	0.297691	-0.442672	0.011045	-0.109944	0.058618	0.992208	0.817621	-0.562285	0.123818	0.565162	0.824863	0.013893
01071	9.383473	1.668813	0.013354	0.284096	-0.446299	0.018461	-0.107208	0.062229	0.992287	0.819276	-0.559914	0.123629	0.563288	0.826211	0.009045
01072	9.495838	1.778199	0.118768	0.324120	-0.463169	0.006855	-0.104483	0.066030	0.992332	0.821135	-0.557205	0.123534	0.561089	0.827746	0.003999
01073	9.666462	1.820564	0.476842	0.265074	-0.449521	-0.006108	-0.101949	0.069818	0.992337	0.822644	-0.554967	0.123561	0.559341	0.828937	-0.000857
01074	9.624263	1.010806	0.920853	0.180568	-0.376850	-0.019446	-0.099939	0.073061	0.992308	0.823663	-0.553423	0.123701	0.558204	0.829690	-0.004869
01075	9.602611	0.304274	0.859673	0.248332	-0.346371	-0.014665	-0.098063	0.076049	0.992270	0.825063	-0.551313	0.123792	0.556466	0.830825	-0.008682
01076	9.474809	0.595719	0.674092	0.402869	-0.349657	-0.003362	-0.096086	0.078985	0.992234	0.827325	-0.547927	0.123733	0.553445	0.832789	-0.012698
01077	9.594454	1.781327	0.418903	0.481677	-0.364585	0.013392	-0.093898	0.081984	0.992201	0.830025	-0.543884	0.123490	0.549766	0.835146	-0.016979
01078	9.614413	2.569925	0.203281	0.479240	-0.366578	0.022200	-0.091641	0.084939	0.992163	0.832699	-0.539862	0.123130	0.546089	0.837457	-0.021255
01079	9.589542	2.580463	0.265809	0.407124	-0.342964	0.036533	-0.089403	0.087649	0.992131	0.834979	-0.536443	0.122633	0.542970	0.839373	-0.025226
01080	9.596886	2.094918	0.194876	0.345852	-0.331232	0.033801	-0.087264	0.090262	0.992088	0.836910	-0.533535	0.122157	0.540339	0.840948	-0.028982
01081	9.471289	1.853076	0.017784	0.351801	-0.325720	0.036230	-0.085140	0.092843	0.992034	0.838867	-0.530570	0.121649	0.537637	0.842541	-0.032710
01082	9.417778	1.929703	-0.324852	0.370110	-0.348240	0.052597	-0.082770	0.095513	0.991981	0.840923	-0.527465	0.120952	0.534788	0.844190	-0.036661
01083	9.448309	2.133202	-0.971548	0.384482	-0.387910	0.083161	-0.079935	0.098386	0.991933	0.843070	-0.524260	0.119938	0.531831	0.845856	-0.041040
01084	9.464093	2.178789	-1.518014	0.334159	-0.443082	0.116874	-0.076538	0.101538	0.991883	0.844961	-0.521516	0.118588	0.529324	0.847178	-0.045880
01085	9.351178	1.997563	-1.621165	0.265835	-0.528536	0.154475	-0.072373	0.105247	0.991809	0.846509	-0.519385	0.116886	0.527433	0.848034	-0.051503
01086	9.546324	1.820292	-1.321308	0.212794	-0.695627	0.204868	-0.066913	0.110100	0.991666	0.847798	-0.517768	0.114691	0.526080	0.848407	-0.058697
01087	10.061522	1.482785	-1.280607	0.120558	-0.757678	0.245370	-0.060783	0.115291	0.991470	0.848617	-0.516985	0.112142	0.525505	0.848195	-0.066414
01088	9.483209	1.083170	-0.743274	0.023954	-0.778579	0.267275	-0.054362	0.120525	0.991221	0.848922	-0.517065	0.109429	0.525715	0.847418	-0.074208
01089	9.440462	0.627200	-0.695530	-0.003147	-0.864781	0.283741	-0.047340	0.126414	0.990847	0.849077	-0.517406	0.106578	0.526143	0.846351	-0.082842
01090	9.966032	-0.126389	-0.023496	-0.014826	-0.823177	0.280357	-0.040566	0.131941	0.990427	0.849148	-0.517861	0.103767	0.526595	0.845228	-0.091030
01091	9.804979	-0.588607	0.620166	0.146077	-0.679039	0.257191	-0.034743	0.136382	0.990047	0.850040	-0.516936	0.101039	0.525571	0.845090	-0.097970
01092	9.503303	0.018374	1.669732	0.467741	-0.733387	0.254758	-0.028673	0.141286	0.989553	0.852595	-0.513302	0.097993	0.521785	0.846498	-0.105742
01093	9.581100	1.307004	2.142525	0.715492	-0.775539	0.235128	-0.022575	0.146694	0.988924	0.856393	-0.507540	0.094837	0.515830	0.849049	-0.114170
01094	9.525558	2.353239	1.606350	0.846346	-0.697093	0.239745	-0.016887	0.151428	0.988324	0.860799	-0.500666	0.091418	0.508664	0.852293	-0.121894
01095	9.401396	2.372604	1.877187	0.833570	-0.587684	0.252032	-0.011679	0.155227	0.987810	0.865071	-0.493899	0.087840	0.501514	0.855551	-0.128514
01096	9.123450	1.643159	1.734363	0.833928	-0.476374	0.252031	-0.007065	0.158086	0.987400	0.869269	-0.487115	0.084209	0.494290	0.858911	-0.133977
01097	8.987847	1.762902	0.889616	0.952090	-0.460346	0.296032	-0.002165	0.160653	0.987008	0.873973	-0.479355	0.079941	0.485970	0.862791	-0.139369
01098	9.098108	2.976883	1.124337	1.041964	-0.509855	0.315214	0.003106	0.163576	0.986526	0.879008	-0.470824	0.075300	0.476797	0.866930	-0.145247
01099	9.299844	3.373867	1.440247	0.889607	-0.480358	0.304045	0.008119	0.166365	0.986031	0.883220	-0.463563	0.070940	0.468889	0.870306	-0.150700
01100	8.970405	2.382635	1.501608	0.683933	-0.445223	0.284206	0.012758	0.168946	0.985543	0.886395	-0.458048	0.067046	0.462753	0.872725	-0.155597
01101	9.216486	1.428905	0.966471	0.600275	-0.409456	0.265933	0.017065	0.171349	0.985063	0.889139	-0.453220	0.063433	0.457320	0.874775	-0.160087
01102	9.979442	1.185551	-0.162419	0.662064	-0.370947	0.277558	0.021269	0.173358	0.984629	0.892112	-0.447869	0.059583	0.451314	0.877132	-0.164180
01103	10.405078	1.795866	0.160066	0.750811	-0.357784	0.296384	0.025583	0.175220	0.984197	0.895426	-0.441754	0.055372	0.444475	0.879859	-0.168198
01104	10.157268	2.455354	0.959666	0.749284	-0.277710	0.289629	0.029451	0.176407	0.983877	0.898668	-0.435630	0.051207	0.437639	0.882670	-0.171361
01105	10.810585	2.762659	1.154538	0.772609	-0.258614	0.265731	0.033027	0.177583	0.983551	0.901959	-0.429234	0.047212	0.430557	0.885564	-0.174349
01106	11.900523	3.383537	1.884666	0.765823	-0.180913	0.214098	0.035776	0.178285	0.983328	0.905172	-0.422791	0.043723	0.423538	0.888517	-0.176504
01107	12.525757	4.021507	2.773841	0.673636	-0.032320	0.142551	0.037265	0.178013	0.983322	0.907971	-0.417014	0.041084	0.417373	0.891297	-0.177171
01108	13.344641	4.052165	3.128528	0.526202	0.156511	0.074655	0.037331	0.176314	0.983626	0.910142	-0.412420	0.039384	0.412611	0.893769	-0.175867
01109	14.757433	3.431219	3.123083	0.309915	0.432256	-0.014580	0.035481	0.172546	0.984362	0.911440	-0.409585	0.038943	0.409900	0.895806	-0.171798
01110	16.145997	2.361559	3.584857	0.105704	0.714885	-0.106816	0.031611	0.166578	0.985522	0.911924	-0.408427	0.039784	0.409141	0.897463	-0.164817
