// General information: 
//  MT Manager version: 2022.2.0 
//  XDA version: 2022.2.0 build 7381 rev 124627 built on 2023-07-19
// Device information: 
//  DeviceId: 00B4CBA7
//  ProductCode: MTW2-3A7G6
//  Firmware Version: 4.6.0
//  Hardware Version: 2.0.0
// Device settings: 
//  Filter Profile: human(46.1)
//  Option Flags: Orientation Smoother Disabled, Position/Velocity Smoother Disabled, Continuous Zero Rotation Update Disabled, AHS Disabled, ICC Disabled
// Coordinate system: ENU
PacketCounter	Acc_X	Acc_Y	Acc_Z	Gyr_X	Gyr_Y	Gyr_Z	Mat[1][1]	Mat[2][1]	Mat[3][1]	Mat[1][2]	Mat[2][2]	Mat[3][2]	Mat[1][3]	Mat[2][3]	Mat[3][3]
03757	9.633276	-0.434600	-1.395571	0.160056	0.106823	-0.076742	-0.175473	-0.083325	0.980952	-0.844865	0.524252	-0.106599	-0.505383	-0.847477	-0.162390
03758	9.585209	-0.773746	-1.393501	0.073834	0.117548	-0.078161	-0.174181	-0.082754	0.981230	-0.845382	0.523557	-0.105910	-0.504965	-0.847962	-0.161153
03759	9.488940	-0.723211	-1.352395	0.045685	0.132985	-0.064238	-0.172965	-0.082029	0.981506	-0.845708	0.523151	-0.105312	-0.504837	-0.848283	-0.159860
03760	9.357192	-0.374815	-1.020141	-0.122736	0.140453	-0.053913	-0.171761	-0.081137	0.981792	-0.845188	0.524144	-0.104547	-0.506117	-0.847756	-0.158604
03761	9.166171	-0.873293	-1.267308	-0.134954	0.097620	-0.038686	-0.170940	-0.080582	0.981981	-0.844560	0.525281	-0.103913	-0.507443	-0.847105	-0.157848
03762	9.355516	-0.852973	-0.947013	-0.103153	0.065215	-0.029533	-0.170321	-0.080202	0.982119	-0.844094	0.526127	-0.103420	-0.508425	-0.846616	-0.157308
03763	9.596505	-0.713372	-0.865560	-0.127166	0.042595	-0.020933	-0.169926	-0.080016	0.982203	-0.843467	0.527220	-0.102973	-0.509597	-0.845953	-0.157079
03764	9.688099	-0.929696	-1.107331	-0.130303	0.009284	-0.017957	-0.169689	-0.080049	0.982241	-0.842840	0.528303	-0.102551	-0.510712	-0.845274	-0.157116
03765	9.652077	-0.953547	-1.170515	-0.123919	-0.000185	-0.024332	-0.169482	-0.080243	0.982261	-0.842233	0.529362	-0.102076	-0.511781	-0.844593	-0.157301
03766	9.547410	-1.106816	-1.501280	-0.110031	-0.018832	-0.021567	-0.169359	-0.080533	0.982259	-0.841713	0.530270	-0.101650	-0.512676	-0.843995	-0.157592
03767	9.445629	-1.084528	-1.530410	-0.082949	-0.035616	-0.022487	-0.169348	-0.081019	0.982221	-0.841316	0.530975	-0.101256	-0.513331	-0.843506	-0.158082
03768	9.432677	-1.082185	-1.556240	-0.077347	-0.049719	-0.020679	-0.169391	-0.081565	0.982168	-0.840961	0.531606	-0.100890	-0.513897	-0.843055	-0.158643
03769	9.496200	-1.027153	-1.546523	-0.055047	-0.071217	-0.010732	-0.169662	-0.082284	0.982061	-0.840682	0.532093	-0.100654	-0.514265	-0.842678	-0.159451
03770	9.517247	-1.049235	-1.566763	-0.030378	-0.086350	-0.003121	-0.170041	-0.083046	0.981931	-0.840538	0.532342	-0.100534	-0.514375	-0.842446	-0.160323
03771	9.996562	-1.024783	-1.722233	0.006439	-0.075897	-0.000812	-0.170418	-0.083749	0.981806	-0.840555	0.532324	-0.100493	-0.514222	-0.842388	-0.161113
03772	10.196999	-0.794388	-1.801817	-0.011893	-0.032064	-0.005784	-0.170497	-0.084066	0.981766	-0.840511	0.532415	-0.100376	-0.514268	-0.842299	-0.161434
03773	9.924328	-0.912655	-2.547138	-0.044671	-0.001438	-0.023988	-0.170294	-0.084271	0.981783	-0.840313	0.532794	-0.100023	-0.514659	-0.842039	-0.161546
03774	9.834900	-1.429382	-2.783645	-0.033106	0.024039	-0.037038	-0.169821	-0.084283	0.981864	-0.840213	0.533037	-0.099565	-0.514978	-0.841883	-0.161337
03775	9.740984	-1.501647	-2.660154	-0.068884	0.099136	-0.039116	-0.168981	-0.083718	0.982057	-0.839906	0.533621	-0.099031	-0.515756	-0.841570	-0.160487
03776	9.606120	-1.079728	-2.039432	-0.300420	0.218095	-0.045986	-0.167429	-0.082148	0.982456	-0.838437	0.536105	-0.098059	-0.518644	-0.840145	-0.158635
03777	9.067558	-1.097481	-1.837071	-0.430738	0.265132	-0.037410	-0.165733	-0.080193	0.982905	-0.836247	0.539711	-0.096970	-0.522708	-0.838022	-0.156509
03778	9.117877	-1.328275	-1.526900	-0.443588	0.212242	-0.031863	-0.164315	-0.078607	0.983271	-0.833979	0.543394	-0.095925	-0.526763	-0.835790	-0.154845
03779	9.401646	-1.427416	-1.195850	-0.329939	0.150313	-0.027779	-0.163287	-0.077577	0.983524	-0.832280	0.546138	-0.095099	-0.529762	-0.834096	-0.153743
03780	9.505502	-1.025301	-0.975194	-0.238092	0.102119	-0.038380	-0.162388	-0.076954	0.983722	-0.831086	0.548089	-0.094316	-0.531909	-0.832873	-0.152958
03781	9.606724	-0.793925	-0.921289	-0.198584	0.049380	-0.044196	-0.161760	-0.076850	0.983833	-0.830086	0.549735	-0.093540	-0.533659	-0.831797	-0.152717
03782	9.687094	-0.855835	-0.935447	-0.200401	0.038151	-0.057913	-0.161038	-0.076869	0.983950	-0.829115	0.551352	-0.092623	-0.535383	-0.830724	-0.152522
03783	9.588185	-0.879097	-0.815582	-0.276482	0.086357	-0.070561	-0.159987	-0.076605	0.984142	-0.827732	0.553619	-0.091466	-0.537833	-0.829239	-0.151980
03784	9.061015	-1.044017	-1.005748	-0.353279	0.112291	-0.076651	-0.158709	-0.076119	0.984387	-0.825955	0.556483	-0.090135	-0.540933	-0.827365	-0.151190
03785	9.087804	-1.400083	-0.954751	-0.305261	0.040902	-0.077076	-0.157848	-0.076273	0.984513	-0.824412	0.558970	-0.088874	-0.543534	-0.825673	-0.151112
03786	9.237687	-1.551605	-1.014521	-0.210024	-0.036748	-0.079297	-0.157357	-0.077038	0.984532	-0.823400	0.560638	-0.087734	-0.545207	-0.824470	-0.151654
03787	9.390055	-1.114021	-1.145362	-0.139574	-0.094533	-0.089063	-0.157137	-0.078379	0.984462	-0.822771	0.561736	-0.086605	-0.546219	-0.823595	-0.152757
03788	9.404653	-0.753822	-1.425538	-0.101756	-0.148639	-0.096364	-0.157119	-0.080163	0.984321	-0.822373	0.562493	-0.085460	-0.546823	-0.822907	-0.154302
03789	9.560345	-0.574999	-1.875484	-0.124123	-0.170030	-0.099874	-0.157226	-0.082181	0.984137	-0.821838	0.563458	-0.084245	-0.547597	-0.822047	-0.156130
03790	9.700037	-0.759715	-2.400129	-0.175121	-0.175067	-0.101823	-0.157311	-0.084212	0.983952	-0.821045	0.564808	-0.082927	-0.548760	-0.820915	-0.157993
03791	9.769798	-1.196886	-2.740678	-0.137759	-0.162727	-0.102495	-0.157363	-0.086181	0.983773	-0.820429	0.565887	-0.081662	-0.549667	-0.819966	-0.159755
03792	9.840064	-1.196693	-2.970795	-0.105124	-0.141017	-0.101832	-0.157266	-0.087932	0.983634	-0.820018	0.566656	-0.080450	-0.550308	-0.819249	-0.161222
03793	9.842429	-1.257136	-2.986407	-0.052177	-0.110550	-0.106716	-0.157001	-0.089504	0.983534	-0.819886	0.567012	-0.079278	-0.550580	-0.818833	-0.162405
03794	9.701326	-1.118035	-2.686531	0.012724	-0.085890	-0.114959	-0.156493	-0.090878	0.983489	-0.820143	0.566799	-0.078127	-0.550341	-0.818828	-0.163233
03795	9.678067	-0.975122	-2.283201	0.044675	-0.068832	-0.117347	-0.155913	-0.092167	0.983461	-0.820553	0.566359	-0.077009	-0.549894	-0.818989	-0.163931
03796	9.566327	-1.055925	-1.964588	0.063940	-0.053800	-0.125761	-0.155139	-0.093338	0.983473	-0.821107	0.565714	-0.075836	-0.549286	-0.819302	-0.164405
03797	9.561802	-1.155562	-1.565148	0.106514	-0.039421	-0.135898	-0.154243	-0.094493	0.983504	-0.821888	0.564738	-0.074637	-0.548369	-0.819843	-0.164770
03798	9.496850	-1.275575	-1.411851	0.141966	-0.036396	-0.150476	-0.153167	-0.095659	0.983559	-0.822904	0.563426	-0.073351	-0.547146	-0.820610	-0.165017
03799	9.515120	-1.264222	-1.338076	0.217625	-0.044464	-0.158841	-0.152105	-0.096985	0.983594	-0.824332	0.561496	-0.072111	-0.545290	-0.821777	-0.165354
03800	9.538531	-0.932761	-1.302259	0.247473	-0.044918	-0.165568	-0.150945	-0.098301	0.983642	-0.825936	0.559294	-0.070851	-0.543181	-0.823120	-0.165613
03801	9.560413	-0.597669	-1.410630	0.213704	-0.051197	-0.162540	-0.149884	-0.099691	0.983665	-0.827327	0.557395	-0.069573	-0.541354	-0.824241	-0.166021
03802	9.578933	-0.555911	-1.569085	0.164783	-0.056520	-0.156856	-0.148853	-0.101048	0.983683	-0.828459	0.555874	-0.068263	-0.539906	-0.825102	-0.166458
03803	9.417596	-0.578041	-1.703124	0.089283	-0.047119	-0.153264	-0.147841	-0.102347	0.983701	-0.829154	0.555006	-0.066870	-0.539116	-0.825526	-0.166914
03804	9.141368	-0.997369	-2.040288	0.023365	-0.040509	-0.155496	-0.146732	-0.103563	0.983740	-0.829516	0.554648	-0.065338	-0.538863	-0.825615	-0.167291
03805	9.160775	-1.351880	-1.929296	0.061696	-0.048386	-0.161437	-0.145658	-0.104915	0.983756	-0.830068	0.553998	-0.063820	-0.538304	-0.825881	-0.167781
03806	9.666406	-2.275191	-2.004632	0.215594	-0.040003	-0.171201	-0.144413	-0.106210	0.983801	-0.831481	0.552031	-0.062457	-0.536455	-0.827032	-0.168032
03807	9.820890	-0.739589	-1.464698	0.418898	-0.005615	-0.175934	-0.142985	-0.107281	0.983893	-0.833958	0.548401	-0.061400	-0.532981	-0.829305	-0.167881
03808	9.785071	1.010366	-1.484951	0.202393	0.022377	-0.174200	-0.141374	-0.108067	0.984040	-0.835289	0.546529	-0.059984	-0.531324	-0.830438	-0.167532
03809	9.637273	1.088720	-1.855404	-0.008804	0.012733	-0.148320	-0.140073	-0.108829	0.984142	-0.835437	0.546466	-0.058478	-0.531436	-0.830380	-0.167465
03810	9.557600	0.630971	-1.869876	-0.209960	0.017680	-0.123788	-0.138907	-0.109378	0.984247	-0.834498	0.548068	-0.056867	-0.533214	-0.829251	-0.167406
03811	9.491410	-0.235052	-2.215325	-0.422398	0.056457	-0.128101	-0.137542	-0.109665	0.984406	-0.832383	0.551478	-0.054865	-0.536862	-0.826949	-0.167135
03812	9.402925	-1.032962	-2.123343	-0.404980	0.083974	-0.134736	-0.135931	-0.109735	0.984622	-0.830392	0.554670	-0.052822	-0.540344	-0.824803	-0.166520
03813	9.389854	-0.652901	-1.747996	-0.444070	0.160979	-0.141577	-0.133889	-0.109254	0.984955	-0.828152	0.558210	-0.050656	-0.544277	-0.822475	-0.165218
03814	9.289979	-0.130509	-1.575211	-0.501620	0.170310	-0.141525	-0.131750	-0.108667	0.985309	-0.825605	0.562170	-0.048395	-0.548652	-0.819852	-0.163782
03815	9.492757	-0.265702	-1.449310	-0.482632	0.136035	-0.131042	-0.129925	-0.108350	0.985586	-0.823093	0.566018	-0.046280	-0.552845	-0.817242	-0.162722
03816	9.410654	-0.510412	-1.155807	-0.462060	0.098785	-0.138498	-0.128201	-0.108349	0.985812	-0.820714	0.569633	-0.044124	-0.556770	-0.814726	-0.161951
03817	9.353727	-1.168986	-0.960818	-0.330793	0.040930	-0.151228	-0.126739	-0.108936	0.985936	-0.819037	0.572197	-0.042062	-0.559568	-0.812849	-0.161742
03818	9.946165	-1.046125	-0.859490	-0.182265	0.011273	-0.159020	-0.125336	-0.109775	0.986023	-0.818222	0.573499	-0.040158	-0.561074	-0.811818	-0.161700
03819	10.661262	-0.311156	-0.414728	-0.154992	0.036423	-0.140983	-0.123980	-0.110349	0.986130	-0.817518	0.574617	-0.038481	-0.562400	-0.810949	-0.161454
03820	10.068093	0.255819	-0.948225	-0.289128	0.040978	-0.126312	-0.122680	-0.110764	0.986246	-0.816049	0.576814	-0.036728	-0.564812	-0.809331	-0.161152
03821	9.827640	-0.112995	-2.160204	-0.231554	-0.008017	-0.123576	-0.121716	-0.111601	0.986271	-0.814881	0.578565	-0.035098	-0.566705	-0.807965	-0.161362
03822	9.971152	0.491474	-2.310995	-0.152794	-0.011371	-0.108781	-0.120857	-0.112342	0.986292	-0.814151	0.579672	-0.033737	-0.567936	-0.807069	-0.161521
03823	9.943797	1.020064	-2.329428	-0.202304	-0.000418	-0.090331	-0.120125	-0.112923	0.986315	-0.813084	0.581239	-0.032481	-0.569617	-0.805859	-0.161638
03824	10.030260	0.761115	-2.150250	-0.152653	-0.015136	-0.062925	-0.119663	-0.113430	0.986313	-0.812295	0.582392	-0.031573	-0.570840	-0.804955	-0.161830
03825	9.664300	0.189328	-2.184323	-0.103408	-0.020200	-0.046388	-0.119399	-0.113925	0.986288	-0.811745	0.583193	-0.030904	-0.571676	-0.804305	-0.162111
03826	9.602303	-0.292467	-1.975801	0.018652	-0.039679	-0.027833	-0.119362	-0.114426	0.986235	-0.811890	0.583006	-0.030619	-0.571478	-0.804369	-0.162490
03827	9.472695	-0.662862	-1.758083	0.088598	-0.057630	-0.013988	-0.119576	-0.115030	0.986139	-0.812387	0.582316	-0.030582	-0.570726	-0.804783	-0.163080
03828	9.418861	-0.664347	-1.420123	0.121048	-0.081148	0.000572	-0.120006	-0.115699	0.986008	-0.813082	0.581337	-0.030745	-0.569646	-0.805395	-0.163837
03829	9.324075	-0.446190	-1.147879	0.094620	-0.106791	0.013886	-0.120725	-0.116540	0.985821	-0.813588	0.580615	-0.030995	-0.568771	-0.805794	-0.164910
03830	9.223745	-0.662795	-1.040591	0.074384	-0.147790	0.017410	-0.121669	-0.117649	0.985574	-0.813995	0.580031	-0.031249	-0.567987	-0.806054	-0.166338
03831	9.549624	-0.320086	-0.857554	0.149440	-0.173355	0.024878	-0.122853	-0.118962	0.985269	-0.814795	0.578881	-0.031702	-0.566582	-0.806688	-0.168046
03832	9.403355	0.411592	-0.655333	0.108418	-0.175988	0.025130	-0.124016	-0.120255	0.984966	-0.815384	0.578031	-0.032092	-0.565482	-0.807105	-0.169739
03833	8.958164	0.652574	-0.638328	0.086348	-0.229862	0.030727	-0.125561	-0.121988	0.984557	-0.815813	0.577402	-0.032500	-0.564520	-0.807296	-0.172019
03834	9.127095	0.679747	-0.423723	0.111248	-0.295283	0.048488	-0.127584	-0.124112	0.984032	-0.816385	0.576557	-0.033129	-0.563239	-0.807575	-0.174883
03835	9.281361	0.296314	-0.428302	0.104088	-0.357996	0.065763	-0.130128	-0.126676	0.983372	-0.816862	0.575835	-0.033916	-0.561963	-0.807693	-0.178409
03836	9.473134	0.109037	-0.379865	0.153357	-0.415752	0.081398	-0.133088	-0.129585	0.982596	-0.817621	0.574694	-0.034952	-0.560163	-0.808043	-0.182437
03837	9.632573	0.325235	-0.669932	0.163646	-0.447444	0.105145	-0.136440	-0.132645	0.981728	-0.818370	0.573548	-0.036242	-0.558261	-0.808361	-0.186808
03838	9.601658	0.594412	-1.020235	0.123160	-0.471103	0.130879	-0.140100	-0.135723	0.980791	-0.818882	0.572722	-0.037718	-0.556601	-0.808436	-0.191379
03839	9.626761	0.607732	-1.607003	0.046297	-0.480963	0.154690	-0.144026	-0.138772	0.979795	-0.818900	0.572590	-0.039277	-0.555571	-0.808011	-0.196109
03840	9.859080	0.273568	-2.206983	-0.029830	-0.460393	0.170763	-0.147944	-0.141531	0.978816	-0.818492	0.573064	-0.040849	-0.555143	-0.807197	-0.200623
03841	9.790105	-0.048171	-2.672225	-0.095849	-0.421668	0.192166	-0.151840	-0.143878	0.977877	-0.817651	0.574145	-0.042485	-0.555331	-0.806013	-0.204820
03842	9.846205	-0.655728	-3.039582	-0.169410	-0.394458	0.212709	-0.155733	-0.145850	0.976972	-0.816389	0.575811	-0.044174	-0.556108	-0.804469	-0.208743
03843	9.569685	-1.323041	-3.335327	-0.114859	-0.375834	0.217198	-0.159581	-0.147668	0.976078	-0.815385	0.577088	-0.046003	-0.556490	-0.803221	-0.212498
03844	9.719274	-1.515291	-3.069604	0.093763	-0.390205	0.212948	-0.163449	-0.149593	0.975144	-0.815569	0.576645	-0.048241	-0.555096	-0.803183	-0.216255
03845	9.584533	-1.716074	-2.787437	0.313030	-0.407578	0.211385	-0.167420	-0.151699	0.974145	-0.816927	0.574488	-0.050938	-0.551907	-0.804333	-0.220108
03846	9.587207	-0.698153	-1.607728	0.550205	-0.437401	0.208507	-0.171491	-0.154048	0.973067	-0.819603	0.570367	-0.054149	-0.546664	-0.806815	-0.224071
03847	9.378543	-0.019409	-0.782491	0.584231	-0.466974	0.210392	-0.175750	-0.156669	0.971888	-0.822388	0.566017	-0.057473	-0.541101	-0.809370	-0.228321
03848	9.197682	0.441715	-0.449025	0.567143	-0.510516	0.236131	-0.180406	-0.159495	0.970575	-0.825028	0.561786	-0.061034	-0.535521	-0.811762	-0.232937
03849	9.182500	0.437398	-0.432541	0.512225	-0.575026	0.265875	-0.185655	-0.162718	0.969049	-0.827243	0.558097	-0.064774	-0.530284	-0.813665	-0.238221
03850	9.188491	0.237751	-0.460971	0.506303	-0.643764	0.293158	-0.191442	-0.166349	0.967305	-0.829370	0.554448	-0.068793	-0.524877	-0.815423	-0.244109
03851	9.244530	0.454857	-0.454367	0.528776	-0.709902	0.319486	-0.197781	-0.170418	0.965319	-0.831491	0.550703	-0.073140	-0.519139	-0.817120	-0.250619
03852	9.168066	0.728719	-0.178998	0.531400	-0.775500	0.349131	-0.204652	-0.174863	0.963089	-0.833540	0.546951	-0.077817	-0.513155	-0.818699	-0.257690
03853	9.227648	1.394862	0.829302	0.545815	-0.861806	0.392801	-0.212302	-0.179816	0.960518	-0.835485	0.543214	-0.082973	-0.506846	-0.820113	-0.265559
03854	8.405252	1.153017	1.720055	0.349998	-0.984548	0.444514	-0.220945	-0.185498	0.957483	-0.836296	0.541147	-0.088141	-0.501789	-0.820214	-0.274695
03855	8.687243	1.108016	2.074692	0.391496	-1.162818	0.502412	-0.230917	-0.192347	0.953771	-0.837094	0.538925	-0.093984	-0.495934	-0.820099	-0.285459
03856	10.612829	2.560317	2.517168	0.235067	-1.271753	0.568672	-0.241915	-0.199724	0.949520	-0.836920	0.538105	-0.100041	-0.490961	-0.818873	-0.297328
03857	11.444248	1.999572	1.343265	-0.190722	-1.297052	0.612631	-0.253349	-0.207028	0.944962	-0.834447	0.540954	-0.105204	-0.489400	-0.815174	-0.309804
03858	11.400014	0.322603	-1.057714	-0.427187	-1.332286	0.625080	-0.265037	-0.214476	0.940083	-0.830747	0.545733	-0.109705	-0.489505	-0.810046	-0.322815
03859	11.614914	-2.060624	-3.559259	-0.181357	-1.377156	0.631829	-0.276955	-0.222149	0.934851	-0.828124	0.548629	-0.114966	-0.487346	-0.806013	-0.335912
03860	11.316248	-2.519410	-4.842419	0.201087	-1.361763	0.613038	-0.288591	-0.229767	0.929474	-0.827377	0.548385	-0.121330	-0.481832	-0.804040	-0.348363
03861	11.368158	-1.944728	-4.819503	0.552621	-1.353218	0.592073	-0.299907	-0.237412	0.923954	-0.828257	0.545366	-0.128711	-0.473336	-0.803873	-0.360197
03862	12.709606	-1.461497	-3.654515	0.781367	-1.342942	0.607044	-0.311189	-0.244937	0.918242	-0.830072	0.540535	-0.137124	-0.462755	-0.804878	-0.371523
03863	13.725750	-0.608634	-0.586730	0.723550	-1.289250	0.664396	-0.322561	-0.251742	0.912458	-0.831264	0.536397	-0.145870	-0.452718	-0.805546	-0.382285
03864	13.215583	0.201549	1.850076	0.451723	-1.293984	0.765406	-0.334691	-0.258078	0.906299	-0.830790	0.534700	-0.154545	-0.444713	-0.804669	-0.393368
03865	13.216153	0.940410	4.128176	-0.013773	-1.395858	0.878656	-0.348098	-0.264562	0.899353	-0.827715	0.537148	-0.162358	-0.440131	-0.800924	-0.405962
03866	12.804800	0.833311	5.497834	-0.451999	-1.592266	1.017519	-0.363447	-0.271781	0.891090	-0.822125	0.543470	-0.169561	-0.438197	-0.794214	-0.420961
03867	13.410476	-0.332058	4.354518	-0.721420	-1.792876	1.111475	-0.380326	-0.279814	0.881508	-0.814818	0.552277	-0.176245	-0.437520	-0.785299	-0.438043
03868	13.830901	-1.089945	2.730701	-0.715904	-1.930004	1.140538	-0.397968	-0.288549	0.870839	-0.807270	0.561094	-0.183002	-0.435818	-0.775831	-0.456234
03869	13.685591	-1.029928	1.321290	-0.878911	-2.024944	1.096995	-0.415516	-0.297877	0.859428	-0.798966	0.571126	-0.188332	-0.434742	-0.764908	-0.475306
03870	12.829703	-1.739474	-1.047567	-0.970072	-2.106272	0.994057	-0.432525	-0.308153	0.847327	-0.790557	0.581487	-0.192073	-0.433522	-0.752937	-0.495121
03871	11.645850	-2.256450	-3.579723	-0.893143	-2.202751	0.833563	-0.448521	-0.319647	0.834658	-0.783012	0.590812	-0.194506	-0.430953	-0.740788	-0.515279
03872	10.853219	-1.331573	-6.193772	-0.762902	-2.204437	0.606399	-0.462672	-0.332263	0.821910	-0.776996	0.598382	-0.195489	-0.426863	-0.729068	-0.535022
03873	9.914412	-0.974695	-7.969929	-0.736900	-2.136097	0.389156	-0.474698	-0.345263	0.809602	-0.771995	0.605109	-0.194593	-0.422712	-0.717382	-0.553785
03874	8.393131	-1.282549	-7.912504	-0.756236	-2.037908	0.252392	-0.485181	-0.358249	0.797657	-0.767622	0.611363	-0.192333	-0.418755	-0.705616	-0.571621
03875	7.846531	-2.527579	-8.262314	-0.618973	-1.880496	0.171045	-0.494276	-0.370255	0.786513	-0.764148	0.616411	-0.190042	-0.414451	-0.694945	-0.587607
03876	7.163441	-2.760090	-7.938470	-0.518297	-1.629778	0.093734	-0.501677	-0.380948	0.776659	-0.761565	0.620324	-0.187661	-0.410291	-0.685621	-0.601319
03877	7.625581	-3.123364	-6.672954	-0.365409	-1.246308	-0.025918	-0.506537	-0.389493	0.769230	-0.760136	0.622815	-0.185191	-0.406957	-0.678525	-0.611547
03878	7.083741	-3.306693	-5.225360	-0.240465	-0.748653	-0.203694	-0.507994	-0.395848	0.765014	-0.760214	0.623624	-0.182119	-0.404990	-0.674090	-0.617727
03879	6.118296	-3.058095	-5.056960	-0.054272	-0.252281	-0.392664	-0.505989	-0.399886	0.764242	-0.761928	0.622513	-0.178730	-0.404278	-0.672733	-0.619669
03880	5.581510	-3.417708	-6.089718	0.130859	0.190148	-0.575917	-0.500789	-0.402203	0.766449	-0.765377	0.619304	-0.175101	-0.404239	-0.674311	-0.617978
03881	5.446864	-4.077773	-6.933010	0.576644	0.599447	-0.752362	-0.492565	-0.402656	0.771523	-0.771368	0.612474	-0.172817	-0.402952	-0.680252	-0.612280
03882	5.430083	-4.039748	-7.288469	1.131443	0.989322	-0.925181	-0.481385	-0.401507	0.779141	-0.780431	0.600979	-0.172485	-0.398993	-0.691098	-0.602651
03883	5.469344	-3.531972	-7.425224	1.582439	1.372431	-1.064160	-0.467555	-0.398131	0.789230	-0.791694	0.585756	-0.173526	-0.393210	-0.705961	-0.589071
03884	5.794915	-3.299294	-6.793152	1.998738	1.726085	-1.151800	-0.451606	-0.392445	0.801274	-0.804786	0.566891	-0.175936	-0.385190	-0.724308	-0.571846
03885	6.122973	-2.618329	-6.201659	2.234491	2.097157	-1.183393	-0.433990	-0.383520	0.815209	-0.818480	0.545981	-0.178872	-0.376487	-0.744861	-0.550853
03886	6.261745	-1.314761	-5.188313	2.264439	2.402601	-1.193229	-0.415161	-0.371771	0.830318	-0.831995	0.524349	-0.181224	-0.368002	-0.766057	-0.527001
03887	6.584423	-0.178357	-4.539781	1.976462	2.652620	-1.183834	-0.395518	-0.357190	0.846157	-0.843971	0.504779	-0.181413	-0.362323	-0.785884	-0.501107
03888	7.324590	-0.051430	-5.028912	1.440709	2.850101	-1.144331	-0.375456	-0.340250	0.862127	-0.853611	0.489326	-0.178628	-0.361083	-0.802988	-0.474162
03889	7.795826	-1.174941	-5.029232	1.132819	2.998554	-1.054383	-0.355514	-0.320961	0.877835	-0.861536	0.476725	-0.174609	-0.362444	-0.818362	-0.446002
03890	7.981431	-1.308053	-4.119529	0.893050	3.152244	-0.935301	-0.335910	-0.299367	0.893053	-0.868036	0.466439	-0.170142	-0.365620	-0.832355	-0.416543
03891	8.128139	-0.936588	-4.005478	0.443907	3.281293	-0.790376	-0.316857	-0.275467	0.907590	-0.872236	0.460504	-0.164744	-0.372567	-0.843833	-0.386186
03892	7.951525	-1.437608	-4.287102	-0.079748	3.346846	-0.661199	-0.298390	-0.250137	0.921083	-0.873982	0.459431	-0.158364	-0.383561	-0.852264	-0.355705
03893	7.778952	-2.590965	-4.577962	-0.526664	3.381424	-0.585778	-0.279983	-0.223873	0.933536	-0.873605	0.462593	-0.151073	-0.398026	-0.857840	-0.325095
03894	7.875862	-3.679529	-4.941824	-0.780438	3.416998	-0.539842	-0.261356	-0.197024	0.944921	-0.871908	0.468156	-0.143547	-0.414089	-0.861401	-0.294142
03895	8.127333	-4.023508	-4.515962	-0.841667	3.464958	-0.484330	-0.242432	-0.169384	0.955267	-0.869575	0.474548	-0.136540	-0.430193	-0.863778	-0.262338
03896	8.511497	-4.178179	-4.460153	-0.825141	3.498715	-0.425500	-0.223378	-0.141181	0.964453	-0.866963	0.481015	-0.130385	-0.445508	-0.865270	-0.229847
03897	8.723154	-4.161619	-4.897776	-0.624107	3.538914	-0.367082	-0.204127	-0.112285	0.972484	-0.864934	0.485956	-0.125442	-0.458498	-0.866741	-0.196316
03898	8.963862	-3.338771	-4.478371	-0.353410	3.566404	-0.313255	-0.184848	-0.082881	0.979266	-0.863914	0.488712	-0.121711	-0.468491	-0.868500	-0.161939
03899	8.931817	-2.190827	-3.975012	-0.260415	3.573368	-0.295936	-0.165332	-0.053258	0.984799	-0.863211	0.490769	-0.118378	-0.477004	-0.869661	-0.127113
03900	9.172391	-1.800014	-3.939080	-0.362096	3.548200	-0.278298	-0.145812	-0.023791	0.989026	-0.861908	0.493808	-0.115192	-0.485648	-0.869246	-0.092508
03901	9.689854	-2.573636	-4.347913	-0.415758	3.468268	-0.266139	-0.126471	0.005010	0.991958	-0.860257	0.497364	-0.112191	-0.493926	-0.867528	-0.058592
03902	9.917993	-4.008319	-4.055707	0.020838	3.253476	-0.231468	-0.108310	0.032062	0.993600	-0.860638	0.497226	-0.109861	-0.497566	-0.867028	-0.026260
03903	8.990935	-2.920836	-2.309410	0.771499	3.019261	-0.200058	-0.091566	0.057285	0.994150	-0.864683	0.490591	-0.107911	-0.493903	-0.869505	0.004612
03904	8.162664	0.671012	-0.740606	0.717719	2.721644	-0.216044	-0.076265	0.079906	0.993881	-0.868399	0.484494	-0.105589	-0.489967	-0.871137	0.032440
03905	7.406633	1.935410	-0.483802	0.100398	2.278430	-0.217240	-0.063158	0.098681	0.993113	-0.869050	0.483811	-0.103342	-0.490676	-0.869592	0.055202
03906	6.879776	0.448719	-0.817273	-0.424485	1.760392	-0.251191	-0.052259	0.112720	0.992252	-0.867105	0.487763	-0.101078	-0.495377	-0.865668	0.072250
03907	7.503648	-1.214097	-0.965058	-0.403434	1.238859	-0.293468	-0.043504	0.121977	0.991579	-0.865244	0.491593	-0.098434	-0.499460	-0.862240	0.084153
03908	8.660031	-1.212940	-0.497212	-0.053683	0.785209	-0.234561	-0.037511	0.127573	0.991120	-0.865072	0.492353	-0.096114	-0.500242	-0.860996	0.091891
03909	7.405671	0.470622	0.653544	-0.094601	0.296311	-0.158275	-0.034611	0.129331	0.990997	-0.864660	0.493373	-0.094586	-0.501165	-0.860149	0.094751
03910	7.920547	-0.204653	-0.306672	-0.697725	-0.146316	-0.038755	-0.034975	0.127867	0.991175	-0.861157	0.499418	-0.094814	-0.507134	-0.856873	0.092646
03911	6.782934	-2.563207	-2.094206	-0.880684	-0.576094	0.049730	-0.038296	0.123176	0.991646	-0.856643	0.506890	-0.096045	-0.514486	-0.853165	0.086106
03912	6.790697	-2.443715	-3.382324	-0.620647	-0.896531	0.096287	-0.043715	0.116011	0.992285	-0.853398	0.512068	-0.097463	-0.519424	-0.851075	0.076618
03913	7.769009	-0.106634	-3.927555	-0.671768	-1.027106	0.138607	-0.050217	0.107974	0.992885	-0.849826	0.517629	-0.099273	-0.524665	-0.848765	0.065765
03914	9.904949	-0.341923	-3.528096	-1.084967	-0.920112	0.204899	-0.056781	0.101239	0.993240	-0.843980	0.526602	-0.101924	-0.533361	-0.844062	0.055543
03915	10.230194	-1.095792	-3.026089	-1.688757	-0.545234	0.279810	-0.062040	0.098121	0.993239	-0.834687	0.540519	-0.105534	-0.547220	-0.835590	0.048367
03916	9.599713	-1.406805	-3.035110	-1.982627	-0.459722	0.242564	-0.066566	0.095616	0.993190	-0.823524	0.556752	-0.108794	-0.563363	-0.825158	0.041682
03917	9.108202	-2.084064	-3.365717	-2.267867	-0.566715	0.209844	-0.071494	0.092122	0.993178	-0.810391	0.575147	-0.111684	-0.581511	-0.812847	0.033535
03918	9.088705	-5.422247	-4.841765	-1.882959	-0.914006	0.131420	-0.077896	0.085485	0.993290	-0.799210	0.590244	-0.113474	-0.595983	-0.802686	0.022343
03919	11.750879	-7.932653	-3.303434	-0.985682	-0.977406	0.062968	-0.084240	0.077992	0.993389	-0.793240	0.598099	-0.114225	-0.603053	-0.797618	0.011482
03920	13.102137	-8.053924	-0.849122	-0.192192	-0.786700	0.012458	-0.089050	0.071774	0.993438	-0.792074	0.599625	-0.114322	-0.603895	-0.797056	0.003454
03921	12.504482	-6.540260	0.519566	0.396091	-0.662204	-0.074586	-0.092445	0.065999	0.993528	-0.794518	0.596529	-0.113555	-0.600163	-0.799873	-0.002709
03922	11.099985	-1.993065	0.953646	0.713570	-0.722981	-0.201426	-0.095120	0.058984	0.993717	-0.798971	0.590933	-0.111554	-0.593800	-0.804562	-0.009083
03923	10.115205	2.006766	0.043371	0.543942	-0.907895	-0.278630	-0.098261	0.049988	0.993904	-0.802450	0.586710	-0.108841	-0.588574	-0.808253	-0.017538
03924	10.195550	2.797813	-0.707560	0.184951	-0.970801	-0.227740	-0.102097	0.040780	0.993938	-0.803769	0.585318	-0.106577	-0.586116	-0.809778	-0.026982
03925	9.641264	1.776597	-2.085323	-0.233714	-0.857261	-0.112973	-0.106216	0.033140	0.993791	-0.802509	0.587265	-0.105356	-0.587110	-0.808716	-0.035781
03926	8.945397	0.814062	-3.169725	-0.540057	-0.729273	-0.056561	-0.110020	0.026900	0.993565	-0.799394	0.591642	-0.104538	-0.590647	-0.805752	-0.043589
03927	9.160766	-0.772200	-3.581686	-0.567275	-0.664384	-0.096308	-0.113185	0.020938	0.993353	-0.796131	0.596245	-0.103281	-0.594445	-0.802529	-0.050816
03928	9.270911	-1.608981	-2.586106	-0.375935	-0.610075	-0.165697	-0.115464	0.015038	0.993198	-0.794087	0.599288	-0.101391	-0.596736	-0.800392	-0.057255
03929	9.211564	-2.545161	-1.780898	-0.371303	-0.579793	-0.205036	-0.117305	0.009120	0.993054	-0.792094	0.602301	-0.099098	-0.599021	-0.798217	-0.063429
03930	9.390965	-3.377128	-2.102096	-0.193702	-0.561022	-0.212437	-0.118950	0.003344	0.992895	-0.791189	0.603859	-0.096819	-0.599892	-0.797084	-0.069184
03931	9.762315	-2.440600	-1.670982	-0.003865	-0.549525	-0.215439	-0.120547	-0.002389	0.992705	-0.791413	0.603910	-0.094650	-0.599278	-0.797049	-0.074690
03932	10.110124	-0.657760	-0.754845	-0.012246	-0.544460	-0.196224	-0.122218	-0.007934	0.992472	-0.791583	0.603997	-0.092652	-0.598715	-0.796947	-0.080100
03933	10.293353	0.375882	-1.153326	-0.353512	-0.541934	-0.180675	-0.124049	-0.013392	0.992186	-0.789674	0.606810	-0.090540	-0.600855	-0.794734	-0.085849
03934	10.374514	0.475224	-1.846699	-0.532206	-0.530428	-0.151491	-0.126015	-0.018541	0.991855	-0.786662	0.611005	-0.088523	-0.604387	-0.791410	-0.091582
03935	10.220888	0.335110	-2.655562	-0.598625	-0.502089	-0.149182	-0.127896	-0.023475	0.991510	-0.783209	0.615720	-0.086449	-0.608463	-0.787616	-0.097134
03936	10.235373	0.215736	-3.493214	-0.554941	-0.442954	-0.154378	-0.129356	-0.027931	0.991205	-0.780026	0.620039	-0.084325	-0.612231	-0.784073	-0.101993
03937	10.095611	-0.091777	-3.630775	-0.443084	-0.396555	-0.165330	-0.130510	-0.032123	0.990926	-0.777508	0.623479	-0.082191	-0.615182	-0.781180	-0.106346
03938	10.254354	-0.566085	-3.433998	-0.321241	-0.340668	-0.159544	-0.131334	-0.035798	0.990692	-0.775743	0.625929	-0.080221	-0.617231	-0.779058	-0.109976
03939	10.101466	-0.619917	-3.011687	-0.198764	-0.285378	-0.132013	-0.132085	-0.038912	0.990474	-0.774672	0.627452	-0.078656	-0.618414	-0.777682	-0.113021
03940	9.916102	-0.806835	-2.573938	-0.191646	-0.253412	-0.104073	-0.132812	-0.041556	0.990270	-0.773630	0.628897	-0.077365	-0.619563	-0.776377	-0.115674
03941	9.698356	-1.570859	-2.322910	-0.163214	-0.238907	-0.088419	-0.133622	-0.044035	0.990054	-0.772718	0.630151	-0.076262	-0.620525	-0.775223	-0.118229
03942	9.509548	-2.235096	-2.104271	-0.006632	-0.230588	-0.096924	-0.134268	-0.046455	0.989856	-0.772813	0.630156	-0.075254	-0.620268	-0.775077	-0.120511
03943	9.459749	-1.930234	-1.466911	0.250074	-0.249788	-0.100276	-0.135054	-0.049101	0.989621	-0.774501	0.628167	-0.074530	-0.617988	-0.776528	-0.122865
03944	9.340022	-1.448973	-0.666786	0.388400	-0.278639	-0.106264	-0.135911	-0.051955	0.989358	-0.777044	0.625090	-0.073919	-0.614597	-0.778821	-0.125328
03945	9.306393	-0.904530	0.087087	0.540105	-0.334387	-0.101160	-0.137188	-0.055267	0.989002	-0.780490	0.620824	-0.073571	-0.609931	-0.781999	-0.128305
03946	9.315940	-0.302984	1.118853	0.557213	-0.400741	-0.093987	-0.138850	-0.059010	0.988554	-0.784011	0.616401	-0.073326	-0.605019	-0.785218	-0.131852
03947	9.332320	0.182769	1.601088	0.515817	-0.466628	-0.081135	-0.141039	-0.063246	0.987982	-0.787231	0.612300	-0.073184	-0.600313	-0.788092	-0.136147
03948	9.444153	0.554391	1.456956	0.375353	-0.513000	-0.063814	-0.143569	-0.067704	0.987322	-0.789574	0.609293	-0.073033	-0.596624	-0.790049	-0.140933
03949	9.423731	0.521045	0.996803	0.279896	-0.563650	-0.050021	-0.146534	-0.072527	0.986543	-0.791313	0.607048	-0.072908	-0.593592	-0.791348	-0.146345
03950	9.569580	0.773437	0.391676	0.159832	-0.590370	-0.023894	-0.149806	-0.077366	0.985684	-0.792302	0.605761	-0.072870	-0.591452	-0.791876	-0.152044
03951	9.476113	0.635740	-0.492840	-0.029340	-0.610274	-0.000805	-0.153407	-0.082259	0.984733	-0.792128	0.606000	-0.072780	-0.590762	-0.791200	-0.158125
03952	9.493650	-0.239450	-1.592777	-0.145830	-0.620814	0.017702	-0.157179	-0.087080	0.983723	-0.791246	0.607164	-0.072679	-0.590953	-0.789790	-0.164335
03953	9.456694	-0.866286	-2.432408	-0.120795	-0.622262	0.028135	-0.161075	-0.091880	0.982656	-0.790492	0.608140	-0.072714	-0.590912	-0.788494	-0.170587
03954	9.639910	-0.989602	-3.274984	-0.005469	-0.608826	0.034521	-0.164906	-0.096489	0.981578	-0.790411	0.608211	-0.073003	-0.589963	-0.787889	-0.176564
03955	9.627909	-0.731076	-3.554796	0.092118	-0.583406	0.041174	-0.168667	-0.100899	0.980495	-0.790891	0.607523	-0.073533	-0.588254	-0.787867	-0.182269
03956	9.534378	-0.663035	-3.387462	0.144924	-0.561296	0.045865	-0.172289	-0.105064	0.979427	-0.791671	0.606424	-0.074210	-0.586151	-0.788170	-0.187656
03957	9.273327	-1.061848	-3.013305	0.110146	-0.528145	0.045692	-0.175745	-0.109008	0.978382	-0.792226	0.605622	-0.074830	-0.584373	-0.788251	-0.192794
03958	9.344834	-1.395428	-2.609096	0.194935	-0.536793	0.057364	-0.179293	-0.112914	0.977294	-0.793269	0.604143	-0.075731	-0.581875	-0.788835	-0.197890
03959	9.720709	-0.801693	-1.634381	0.262773	-0.549912	0.086378	-0.183174	-0.116794	0.976118	-0.794632	0.602180	-0.077065	-0.578798	-0.789771	-0.203112
03960	9.346929	-0.527332	-0.854707	0.259997	-0.589522	0.109872	-0.187414	-0.120812	0.974823	-0.795937	0.600251	-0.078632	-0.575639	-0.790635	-0.208655
03961	9.049063	-0.595398	-0.338800	0.309628	-0.657234	0.118556	-0.192134	-0.125355	0.973330	-0.797474	0.597971	-0.080408	-0.571944	-0.791654	-0.214858
03962	9.183041	-0.353724	-0.070737	0.409807	-0.723595	0.131030	-0.197265	-0.130327	0.971649	-0.799562	0.594886	-0.082536	-0.567263	-0.793175	-0.221555
03963	9.261069	-0.025330	-0.064024	0.466652	-0.787322	0.153401	-0.202939	-0.135720	0.969740	-0.801880	0.591402	-0.085041	-0.561965	-0.794873	-0.228850
03964	9.256506	0.559117	0.057078	0.525062	-0.859485	0.179790	-0.209151	-0.141520	0.967589	-0.804454	0.587466	-0.087965	-0.555977	-0.796778	-0.236715
03965	9.527095	1.166804	-0.084017	0.442249	-0.909414	0.222349	-0.215968	-0.147514	0.965193	-0.806415	0.584284	-0.091142	-0.550502	-0.798030	-0.245144
03966	10.186083	0.719977	-0.480040	0.249197	-0.939763	0.257898	-0.223166	-0.153528	0.962614	-0.807225	0.582677	-0.094210	-0.546429	-0.798071	-0.253966
03967	9.543760	-0.581349	-1.529876	0.169475	-0.948673	0.273951	-0.230534	-0.159543	0.959896	-0.807515	0.581777	-0.097241	-0.542931	-0.797547	-0.262953
03968	9.348978	-1.159162	-2.110592	0.442167	-1.011639	0.296508	-0.238357	-0.165915	0.956900	-0.809217	0.578723	-0.101226	-0.536986	-0.798468	-0.272204
03969	9.012630	-0.698599	-1.522013	0.534517	-1.054384	0.333784	-0.246674	-0.172455	0.953631	-0.811250	0.575038	-0.105855	-0.530119	-0.799744	-0.281751
03970	8.991469	0.005391	-0.578067	0.568040	-1.128021	0.371062	-0.255589	-0.179376	0.949999	-0.813319	0.571136	-0.110976	-0.522672	-0.801017	-0.291866
03971	9.170246	0.690183	0.525050	0.460983	-1.216062	0.416857	-0.265283	-0.186776	0.945907	-0.814612	0.568235	-0.116258	-0.515784	-0.801388	-0.302893
03972	9.368894	0.796572	1.485655	0.364300	-1.336462	0.454629	-0.275800	-0.194923	0.941244	-0.815260	0.566176	-0.121635	-0.509200	-0.800906	-0.315064
03973	9.855657	0.667373	2.270042	0.349566	-1.471080	0.486061	-0.287182	-0.203974	0.935907	-0.815646	0.564378	-0.127278	-0.502243	-0.799920	-0.328449
03974	10.696008	0.811984	2.778239	0.343302	-1.605119	0.514666	-0.299345	-0.213921	0.929855	-0.815860	0.562700	-0.133193	-0.494737	-0.798503	-0.342971
03975	11.978601	0.914254	2.468915	0.317909	-1.743714	0.527919	-0.312179	-0.224870	0.923026	-0.815793	0.561355	-0.139152	-0.486854	-0.796438	-0.358690
03976	12.897444	0.345055	1.891399	0.102963	-1.837762	0.514446	-0.325222	-0.236603	0.915560	-0.814664	0.561713	-0.144222	-0.480159	-0.792778	-0.375434
03977	14.265818	-0.957036	0.246256	0.136036	-1.958783	0.486950	-0.338475	-0.249358	0.907334	-0.813688	0.561847	-0.149131	-0.472596	-0.788764	-0.393071
03978	17.377679	-1.214075	1.179446	0.289925	-2.044568	0.525057	-0.352276	-0.262520	0.898323	-0.813246	0.560898	-0.155000	-0.463177	-0.785161	-0.411084
03979	16.874581	-2.582707	2.433022	0.425670	-2.113116	0.639379	-0.367093	-0.275484	0.888454	-0.812892	0.559301	-0.162449	-0.452161	-0.781851	-0.429254
03980	15.680110	-1.494933	4.200667	0.195816	-2.214706	0.764367	-0.383168	-0.288485	0.877473	-0.810916	0.559918	-0.170021	-0.442265	-0.776703	-0.448479
03981	15.051184	-0.915263	3.983339	0.028308	-2.376340	0.956087	-0.401233	-0.301471	0.864943	-0.807300	0.562521	-0.178430	-0.432758	-0.769860	-0.469080
03982	14.800000	0.065588	2.665685	-0.311561	-2.503615	1.118548	-0.420932	-0.314322	0.850892	-0.801382	0.568336	-0.186495	-0.424973	-0.760392	-0.491123
03983	14.184422	0.393415	1.213005	-0.425861	-2.578859	1.220802	-0.441465	-0.326755	0.835667	-0.794321	0.575486	-0.194601	-0.417328	-0.749698	-0.513606
03984	12.899925	1.107868	-0.978412	-0.906417	-2.568664	1.246106	-0.461933	-0.338617	0.819729	-0.784948	0.586351	-0.200121	-0.412885	-0.735888	-0.536652
03985	11.685963	-0.214728	-5.006411	-1.121359	-2.616087	1.143868	-0.481536	-0.350818	0.803150	-0.774937	0.598482	-0.203202	-0.409384	-0.720240	-0.560053
03986	11.059841	-1.642187	-7.688549	-1.083631	-2.553930	0.965372	-0.499342	-0.363203	0.786601	-0.765809	0.609634	-0.204652	-0.405208	-0.704578	-0.582560
03987	9.852452	-1.702495	-9.345217	-0.906159	-2.362735	0.749442	-0.514506	-0.374993	0.771144	-0.758339	0.618763	-0.205070	-0.400256	-0.690299	-0.602730
03988	8.451664	-1.089572	-9.299616	-0.943350	-2.179553	0.540611	-0.527233	-0.386538	0.756712	-0.751789	0.627251	-0.203395	-0.396029	-0.676124	-0.621303
03989	7.443445	-2.001798	-10.005350	-0.912444	-2.014348	0.339063	-0.537666	-0.397784	0.743427	-0.746348	0.634749	-0.200144	-0.392275	-0.662466	-0.638168
03990	6.437931	-3.806250	-9.906157	-0.600760	-1.765278	0.215580	-0.546118	-0.408031	0.731619	-0.742861	0.639548	-0.197827	-0.387185	-0.651528	-0.652379
03991	6.522619	-5.499049	-9.352168	-0.101843	-1.442577	0.075683	-0.552178	-0.416804	0.722062	-0.742012	0.640583	-0.197664	-0.380154	-0.644925	-0.662990
03992	7.586252	-5.190288	-5.789293	0.677470	-0.864201	-0.067592	-0.554885	-0.422834	0.716459	-0.744952	0.635910	-0.201656	-0.370336	-0.645624	-0.667848
03993	6.716833	-3.229481	-3.849638	0.906264	-0.212484	-0.285495	-0.553522	-0.425890	0.715703	-0.749783	0.628922	-0.205630	-0.362546	-0.650442	-0.667447
03994	5.646502	-1.911767	-4.203094	0.805047	0.313973	-0.531128	-0.548359	-0.427180	0.718902	-0.755633	0.621376	-0.207148	-0.358219	-0.656817	-0.663529
03995	5.013807	-2.914277	-5.970330	0.690314	0.715234	-0.763081	-0.539989	-0.427058	0.725282	-0.762203	0.613633	-0.206160	-0.357014	-0.664136	-0.656860
03996	4.606532	-4.767065	-6.857218	0.993886	1.080967	-0.967702	-0.528687	-0.425728	0.734333	-0.770935	0.602834	-0.205547	-0.355174	-0.674793	-0.646920
03997	4.533202	-5.051472	-7.115889	1.533917	1.461632	-1.128914	-0.514746	-0.422357	0.746091	-0.782184	0.587665	-0.206974	-0.351034	-0.690119	-0.632859
03998	4.681810	-4.013652	-6.801985	1.950340	1.833475	-1.236982	-0.498573	-0.416702	0.760121	-0.795261	0.568811	-0.209796	-0.344943	-0.709093	-0.614981
03999	5.117995	-3.070239	-6.234081	2.163219	2.186433	-1.269187	-0.480902	-0.407953	0.776085	-0.808826	0.548083	-0.213087	-0.338430	-0.730191	-0.593537
04000	5.695747	-1.932292	-5.469492	2.168452	2.498377	-1.277033	-0.462068	-0.396320	0.793362	-0.822142	0.526859	-0.215641	-0.332527	-0.751898	-0.569276
04001	6.174453	-0.251306	-4.681684	1.855635	2.765869	-1.272269	-0.442335	-0.381743	0.811549	-0.834021	0.507815	-0.215714	-0.329769	-0.772267	-0.543006
04002	6.626057	-0.211735	-5.207595	1.138786	2.982349	-1.248235	-0.421944	-0.364729	0.830022	-0.843209	0.494248	-0.211464	-0.333110	-0.789108	-0.516087
04003	6.686463	-2.262946	-5.859732	0.738939	3.120717	-1.175323	-0.401447	-0.345543	0.848198	-0.850512	0.484247	-0.205267	-0.339809	-0.803806	-0.488288
04004	6.706068	-3.222914	-5.041120	0.663324	3.285609	-1.061258	-0.381064	-0.324004	0.865917	-0.856959	0.475300	-0.199276	-0.347004	-0.817992	-0.458778
04005	6.399559	-3.223356	-4.805813	0.295703	3.435267	-0.928790	-0.360929	-0.300023	0.883015	-0.861438	0.470001	-0.192417	-0.357288	-0.830112	-0.428088
04006	6.073944	-3.958175	-5.606036	-0.096560	3.486630	-0.838789	-0.340967	-0.274860	0.898996	-0.864045	0.468383	-0.184507	-0.370361	-0.839684	-0.397195
04007	6.346483	-4.455786	-6.087294	-0.265786	3.530156	-0.816838	-0.320519	-0.248852	0.913970	-0.865742	0.468509	-0.176042	-0.384394	-0.847686	-0.365607
04008	6.452136	-4.084400	-6.338022	-0.414015	3.601420	-0.811462	-0.299340	-0.222025	0.927955	-0.866648	0.470111	-0.167083	-0.399146	-0.854225	-0.333141
04009	6.880873	-3.465392	-6.450799	-0.599558	3.676939	-0.773482	-0.277607	-0.194143	0.940873	-0.866447	0.473636	-0.157916	-0.414974	-0.859056	-0.299700
04010	7.345359	-3.865666	-6.587767	-0.767173	3.723153	-0.672988	-0.255981	-0.165319	0.952441	-0.865007	0.479022	-0.149336	-0.431552	-0.862095	-0.265622
04011	7.510674	-4.940974	-7.135916	-0.611570	3.750333	-0.549506	-0.234718	-0.135558	0.962565	-0.863682	0.483469	-0.142518	-0.446050	-0.864802	-0.230558
04012	7.752267	-4.982696	-7.569678	-0.054255	3.754045	-0.422827	-0.214111	-0.105069	0.971142	-0.864396	0.483425	-0.138274	-0.454946	-0.869058	-0.194327
04013	7.800919	-2.442410	-5.910448	0.407569	3.676084	-0.302260	-0.194652	-0.074469	0.978041	-0.866890	0.479584	-0.136015	-0.458924	-0.874330	-0.157909
04014	7.697338	-0.379235	-5.248946	0.115462	3.537204	-0.232878	-0.176260	-0.044622	0.983332	-0.867863	0.478431	-0.133852	-0.464484	-0.876991	-0.123054
04015	7.485462	-0.878923	-4.699577	-0.372805	3.257160	-0.199667	-0.159220	-0.017033	0.987096	-0.866471	0.481610	-0.131453	-0.473156	-0.876220	-0.091440
