// General information: 
//  MT Manager version: 2022.2.0 
//  XDA version: 2022.2.0 build 7381 rev 124627 built on 2023-07-19
// Device information: 
//  DeviceId: 00B4CB9F
//  ProductCode: MTW2-3A7G6
//  Firmware Version: 4.6.0
//  Hardware Version: 2.0.0
// Device settings: 
//  Filter Profile: human(46.1)
//  Option Flags: Orientation Smoother Disabled, Position/Velocity Smoother Disabled, Continuous Zero Rotation Update Disabled, AHS Disabled, ICC Disabled
// Coordinate system: ENU
PacketCounter	Acc_X	Acc_Y	Acc_Z	Gyr_X	Gyr_Y	Gyr_Z	Mat[1][1]	Mat[2][1]	Mat[3][1]	Mat[1][2]	Mat[2][2]	Mat[3][2]	Mat[1][3]	Mat[2][3]	Mat[3][3]
42003	9.841098	-0.562020	-0.201948	-0.020068	0.040903	0.012060	-0.027617	0.038357	0.998882	-0.465108	0.884016	-0.046806	-0.884823	-0.465881	-0.006573
42004	9.782759	-0.566183	-0.241998	-0.004821	0.044067	0.012386	-0.027385	0.038649	0.998878	-0.465004	0.884063	-0.046955	-0.884885	-0.465768	-0.006238
42005	9.816618	-0.483112	-0.287974	0.001390	0.044460	0.006706	-0.027089	0.038926	0.998875	-0.465051	0.884032	-0.047062	-0.884869	-0.465803	-0.005845
42006	9.794122	-0.460715	-0.295730	0.007726	0.045648	0.007021	-0.026823	0.039181	0.998872	-0.465055	0.884025	-0.047164	-0.884875	-0.465795	-0.005491
42007	9.742131	-0.374097	-0.323075	0.007728	0.039474	0.005897	-0.026568	0.039427	0.998869	-0.465159	0.883965	-0.047264	-0.884829	-0.465888	-0.005145
42008	9.724015	-0.361690	-0.309885	0.009347	0.033016	0.007967	-0.026419	0.039635	0.998865	-0.465167	0.883954	-0.047379	-0.884829	-0.465891	-0.004917
42009	9.771085	-0.308326	-0.291488	0.005693	0.030351	0.005754	-0.026244	0.039838	0.998861	-0.465253	0.883904	-0.047477	-0.884789	-0.465969	-0.004662
42010	9.802481	-0.272642	-0.278704	-0.004835	0.022475	0.001404	-0.026158	0.039935	0.998860	-0.465145	0.883958	-0.047522	-0.884848	-0.465857	-0.004547
42011	9.820008	-0.233132	-0.235209	-0.013656	0.015136	-0.007834	-0.026054	0.039947	0.998862	-0.465063	0.884003	-0.047484	-0.884894	-0.465771	-0.004454
42012	9.838279	-0.245594	-0.243186	-0.030399	0.019244	-0.004247	-0.025973	0.039981	0.998863	-0.464727	0.884180	-0.047474	-0.885073	-0.465432	-0.004385
42013	9.808749	-0.338978	-0.169188	-0.033302	0.022226	-0.006729	-0.025811	0.040035	0.998865	-0.464472	0.884316	-0.047446	-0.885212	-0.465169	-0.004230
42014	9.845182	-0.443630	-0.140846	-0.029648	0.018715	-0.005640	-0.025729	0.040047	0.998866	-0.464162	0.884480	-0.047417	-0.885376	-0.464856	-0.004169
42015	9.858245	-0.473164	-0.073386	-0.019660	0.022565	-0.003100	-0.025582	0.040135	0.998867	-0.464026	0.884551	-0.047425	-0.885452	-0.464714	-0.004005
42016	9.833954	-0.470914	-0.119900	-0.008923	0.025876	-0.001959	-0.025450	0.040220	0.998867	-0.463877	0.884628	-0.047439	-0.885534	-0.464559	-0.003857
42017	9.803704	-0.354278	-0.085322	-0.006346	0.026674	-0.002246	-0.025270	0.040334	0.998867	-0.463859	0.884637	-0.047457	-0.885549	-0.464532	-0.003646
42018	9.792405	-0.382166	-0.065736	-0.010854	0.033019	-0.000318	-0.025085	0.040460	0.998866	-0.463712	0.884713	-0.047482	-0.885631	-0.464378	-0.003431
42019	9.754230	-0.377026	-0.079790	-0.019014	0.036698	-0.000610	-0.024823	0.040636	0.998866	-0.463581	0.884779	-0.047515	-0.885707	-0.464235	-0.003125
42020	9.696119	-0.379719	-0.120990	-0.021376	0.031340	-0.003543	-0.024639	0.040725	0.998867	-0.463345	0.884903	-0.047508	-0.885835	-0.463991	-0.002934
42021	9.776036	-0.472953	-0.149293	-0.017186	0.031854	-0.000630	-0.024421	0.040877	0.998866	-0.463231	0.884962	-0.047541	-0.885901	-0.463866	-0.002676
42022	9.787448	-0.444627	-0.162727	-0.008493	0.035326	-0.004972	-0.024198	0.040976	0.998867	-0.463102	0.885030	-0.047525	-0.885975	-0.463727	-0.002440
42023	9.832766	-0.411263	-0.180395	-0.000439	0.033937	-0.003059	-0.023950	0.041117	0.998867	-0.463136	0.885012	-0.047535	-0.885964	-0.463750	-0.002153
42024	9.812919	-0.419044	-0.204143	0.001924	0.033116	-0.001258	-0.023756	0.041238	0.998867	-0.463093	0.885033	-0.047552	-0.885991	-0.463698	-0.001928
42025	9.793280	-0.347747	-0.273639	-0.001295	0.030578	-0.001184	-0.023546	0.041380	0.998866	-0.463119	0.885018	-0.047581	-0.885983	-0.463714	-0.001675
42026	10.057400	-0.346601	-0.267167	-0.000114	0.027053	0.006185	-0.023446	0.041539	0.998862	-0.463058	0.885045	-0.047675	-0.886018	-0.463649	-0.001516
42027	9.524882	-0.418885	-0.247821	-0.005266	0.034773	0.001432	-0.023211	0.041724	0.998860	-0.463049	0.885047	-0.047730	-0.886029	-0.463628	-0.001223
42028	9.812115	-0.367504	-0.141110	-0.008055	0.019973	0.001515	-0.023147	0.041809	0.998857	-0.462913	0.885115	-0.047776	-0.886101	-0.463490	-0.001134
42029	9.799741	-0.343267	-0.070969	-0.008804	0.023631	-0.003551	-0.022988	0.041898	0.998857	-0.462874	0.885136	-0.047780	-0.886126	-0.463443	-0.000954
42030	9.798735	-0.290606	-0.017523	-0.030808	0.019178	-0.006563	-0.022891	0.041905	0.998859	-0.462546	0.885309	-0.047741	-0.886299	-0.463112	-0.000882
42031	9.825511	-0.323043	0.018252	-0.047229	0.016447	-0.007841	-0.022775	0.041922	0.998861	-0.462167	0.885509	-0.047703	-0.886500	-0.462727	-0.000792
42032	9.785534	-0.417721	0.011047	-0.052814	0.017815	-0.001956	-0.022715	0.041966	0.998861	-0.461641	0.885783	-0.047713	-0.886776	-0.462199	-0.000748
42033	9.819160	-0.492011	0.053545	-0.048736	0.014421	0.001433	-0.022660	0.042056	0.998858	-0.461246	0.885986	-0.047767	-0.886983	-0.461801	-0.000679
42034	9.808828	-0.572325	0.019709	-0.045621	0.013063	0.001838	-0.022658	0.042113	0.998856	-0.460776	0.886228	-0.047816	-0.887227	-0.461332	-0.000675
42035	9.788951	-0.580669	-0.006263	-0.030169	0.014709	0.006607	-0.022624	0.042250	0.998851	-0.460544	0.886342	-0.047922	-0.887349	-0.461099	-0.000595
42036	9.762189	-0.548112	-0.038894	-0.014928	0.017852	0.006994	-0.022598	0.042372	0.998846	-0.460351	0.886437	-0.048019	-0.887449	-0.460905	-0.000526
42037	9.759494	-0.517905	-0.022044	-0.000550	0.023815	0.010400	-0.022501	0.042585	0.998839	-0.460381	0.886414	-0.048163	-0.887436	-0.460931	-0.000340
42038	9.711829	-0.441118	-0.029612	0.016099	0.018902	0.000837	-0.022437	0.042660	0.998838	-0.460460	0.886371	-0.048200	-0.887397	-0.461007	-0.000245
42039	9.761360	-0.418288	-0.026591	0.022432	0.020077	0.001175	-0.022331	0.042773	0.998835	-0.460697	0.886245	-0.048252	-0.887277	-0.461237	-0.000085
42040	9.806687	-0.385400	-0.045326	0.022432	0.020080	0.001177	-0.022262	0.042854	0.998833	-0.460842	0.886167	-0.048292	-0.887203	-0.461379	0.000021
42041	9.795637	-0.334106	-0.072280	0.024050	0.016720	-0.003237	-0.022165	0.042914	0.998833	-0.461093	0.886036	-0.048300	-0.887075	-0.461626	0.000148
42042	9.795645	-0.334193	-0.070819	0.020065	0.011593	0.004688	-0.022182	0.042984	0.998830	-0.461222	0.885965	-0.048369	-0.887007	-0.461755	0.000173
42043	9.809737	-0.337557	-0.101004	0.005686	0.011823	0.002428	-0.022154	0.043070	0.998826	-0.461309	0.885916	-0.048434	-0.886963	-0.461841	0.000242
42044	9.823450	-0.420177	-0.085898	0.002891	0.009404	0.004790	-0.022195	0.043139	0.998823	-0.461263	0.885936	-0.048513	-0.886986	-0.461796	0.000236
42045	9.815062	-0.400496	-0.128813	-0.004086	0.006481	0.004232	-0.022223	0.043217	0.998818	-0.461263	0.885932	-0.048596	-0.886985	-0.461798	0.000247
42046	9.845926	-0.437923	-0.205915	-0.006552	0.003400	0.002895	-0.022307	0.043234	0.998816	-0.461159	0.885983	-0.048649	-0.887037	-0.461698	0.000174
42047	9.829154	-0.403973	-0.159550	-0.005689	0.000574	-0.000122	-0.022368	0.043246	0.998814	-0.461146	0.885988	-0.048688	-0.887042	-0.461688	0.000125
42048	9.812010	-0.442974	-0.201680	-0.005798	-0.003337	0.000342	-0.022501	0.043214	0.998812	-0.461033	0.886044	-0.048721	-0.887098	-0.461582	-0.000014
42049	9.824571	-0.472958	-0.136704	-0.002247	-0.007655	-0.004572	-0.022614	0.043149	0.998813	-0.461052	0.886035	-0.048716	-0.887085	-0.461606	-0.000143
42050	9.808948	-0.490818	-0.142520	0.007403	-0.003152	0.001704	-0.022753	0.043129	0.998810	-0.461056	0.886030	-0.048762	-0.887079	-0.461617	-0.000275
42051	9.837132	-0.503065	-0.071924	0.009554	-0.002481	-0.000876	-0.022837	0.043121	0.998809	-0.461179	0.885965	-0.048794	-0.887013	-0.461744	-0.000346
42052	9.784928	-0.494978	-0.058776	0.011695	-0.011132	0.001853	-0.023050	0.043062	0.998806	-0.461240	0.885930	-0.048840	-0.886976	-0.461815	-0.000559
42053	9.773875	-0.443807	-0.088394	0.010843	-0.005182	-0.001592	-0.023155	0.043034	0.998805	-0.461374	0.885859	-0.048864	-0.886904	-0.461954	-0.000657
42054	9.757126	-0.409495	-0.042540	0.009129	-0.002604	-0.003175	-0.023270	0.042977	0.998805	-0.461391	0.885850	-0.048866	-0.886892	-0.461976	-0.000785
42055	9.740384	-0.375053	0.003448	0.007950	-0.002189	-0.004075	-0.023337	0.042942	0.998805	-0.461499	0.885794	-0.048866	-0.886834	-0.462088	-0.000854
42056	9.757157	-0.408712	-0.042930	-0.001495	-0.001997	-0.004817	-0.023434	0.042865	0.998806	-0.461444	0.885824	-0.048843	-0.886860	-0.462038	-0.000978
42057	9.764040	-0.449350	-0.036035	-0.004607	-0.000629	-0.005219	-0.023482	0.042827	0.998807	-0.461442	0.885825	-0.048831	-0.886860	-0.462038	-0.001039
42058	9.742714	-0.477937	-0.099600	0.000327	0.005535	-0.002546	-0.023526	0.042811	0.998806	-0.461388	0.885853	-0.048837	-0.886887	-0.461986	-0.001088
42059	9.799109	-0.496080	-0.091472	0.006760	-0.004898	0.001487	-0.023642	0.042812	0.998803	-0.461485	0.885800	-0.048892	-0.886833	-0.462088	-0.001185
42060	9.827304	-0.501826	-0.154478	0.008922	-0.001103	-0.007555	-0.023721	0.042721	0.998805	-0.461507	0.885791	-0.048848	-0.886820	-0.462114	-0.001295
42061	9.800650	-0.468041	-0.188679	0.017613	-0.000754	-0.005415	-0.023769	0.042681	0.998806	-0.461702	0.885690	-0.048834	-0.886717	-0.462311	-0.001346
42062	9.850200	-0.444496	-0.187794	0.019657	-0.003993	-0.007528	-0.023870	0.042581	0.998808	-0.461804	0.885639	-0.048793	-0.886661	-0.462418	-0.001477
42063	9.813650	-0.417581	-0.168979	0.015365	-0.002211	-0.008831	-0.023916	0.042503	0.998810	-0.461980	0.885550	-0.048745	-0.886568	-0.462596	-0.001543
42064	9.793857	-0.424965	-0.196201	0.014283	-0.001007	-0.003734	-0.024009	0.042446	0.998810	-0.462049	0.885514	-0.048738	-0.886529	-0.462670	-0.001648
42065	9.831985	-0.429549	-0.178709	0.012035	-0.002467	-0.007150	-0.024064	0.042382	0.998812	-0.462195	0.885440	-0.048707	-0.886452	-0.462818	-0.001719
42066	9.825126	-0.387648	-0.186262	0.010859	-0.008250	-0.009199	-0.024195	0.042236	0.998815	-0.462258	0.885411	-0.048639	-0.886416	-0.462887	-0.001899
42067	9.777145	-0.388987	-0.151344	0.000757	-0.006736	-0.002547	-0.024310	0.042193	0.998814	-0.462302	0.885387	-0.048653	-0.886389	-0.462937	-0.002017
42068	9.786709	-0.460899	-0.160051	-0.001816	-0.013730	-0.003414	-0.024517	0.042081	0.998813	-0.462228	0.885426	-0.048650	-0.886422	-0.462872	-0.002257
42069	9.768404	-0.447639	-0.151978	-0.000854	-0.015766	-0.000430	-0.024721	0.042014	0.998811	-0.462257	0.885408	-0.048686	-0.886401	-0.462911	-0.002467
42070	9.775271	-0.488792	-0.146337	-0.000964	-0.013478	0.001185	-0.024943	0.041941	0.998809	-0.462196	0.885438	-0.048723	-0.886427	-0.462861	-0.002701
42071	9.793547	-0.501771	-0.156996	0.007736	-0.010003	-0.003139	-0.025084	0.041877	0.998808	-0.462303	0.885382	-0.048732	-0.886367	-0.462974	-0.002849
42072	9.776809	-0.467365	-0.111467	0.012243	-0.003961	-0.002771	-0.025207	0.041818	0.998807	-0.462343	0.885361	-0.048737	-0.886343	-0.463020	-0.002983
42073	9.792440	-0.448983	-0.106205	0.018900	0.002752	-0.004984	-0.025226	0.041798	0.998808	-0.462549	0.885254	-0.048728	-0.886235	-0.463227	-0.002998
42074	9.772639	-0.456448	-0.132717	0.026093	0.007306	-0.006511	-0.025234	0.041758	0.998809	-0.462716	0.885168	-0.048697	-0.886148	-0.463393	-0.003014
42075	9.799684	-0.409760	-0.143043	0.034467	0.011451	-0.007137	-0.025165	0.041758	0.998811	-0.463060	0.884990	-0.048667	-0.885970	-0.463734	-0.002935
42076	9.788612	-0.358022	-0.170595	0.035754	0.014953	-0.006702	-0.025104	0.041746	0.998813	-0.463334	0.884848	-0.048629	-0.885828	-0.464005	-0.002871
42077	9.780590	-0.264223	-0.124814	0.041871	0.014522	-0.004275	-0.025022	0.041787	0.998813	-0.463743	0.884634	-0.048627	-0.885616	-0.464410	-0.002757
42078	9.803409	-0.207639	-0.156635	0.033934	0.013627	-0.007812	-0.024967	0.041764	0.998816	-0.463980	0.884512	-0.048582	-0.885494	-0.464644	-0.002706
42079	9.849977	-0.231845	-0.094026	0.023202	0.010307	-0.008987	-0.024900	0.041743	0.998818	-0.464225	0.884387	-0.048533	-0.885367	-0.464885	-0.002643
42080	9.755173	-0.281255	-0.206581	0.003554	0.011196	-0.009086	-0.024861	0.041693	0.998821	-0.464210	0.884398	-0.048471	-0.885376	-0.464867	-0.002632
42081	9.792086	-0.227315	-0.270831	-0.002769	-0.002389	-0.011710	-0.024894	0.041589	0.998825	-0.464225	0.884394	-0.048394	-0.885367	-0.464884	-0.002709
42082	9.985619	-0.203513	-0.243606	-0.004601	-0.006843	-0.006361	-0.025027	0.041479	0.998826	-0.464139	0.884442	-0.048358	-0.885409	-0.464804	-0.002883
42083	9.548789	-0.344744	-0.388325	-0.029930	-0.002278	-0.013051	-0.025053	0.041363	0.998830	-0.463914	0.884564	-0.048267	-0.885526	-0.464581	-0.002972
42084	9.796030	-0.307580	-0.338664	-0.035511	-0.013316	-0.009463	-0.025227	0.041196	0.998833	-0.463551	0.884758	-0.048198	-0.885711	-0.464226	-0.003223
42085	9.749548	-0.286812	-0.267861	-0.028191	-0.014119	-0.020207	-0.025324	0.040962	0.998840	-0.463344	0.884876	-0.048036	-0.885817	-0.464023	-0.003430
42086	9.756812	-0.252343	-0.174045	-0.033446	-0.010305	-0.024493	-0.025405	0.040678	0.998849	-0.462991	0.885072	-0.047821	-0.885999	-0.463673	-0.003651
42087	9.787860	-0.292891	-0.118736	-0.039569	-0.003664	-0.025766	-0.025384	0.040444	0.998859	-0.462684	0.885244	-0.047602	-0.886160	-0.463364	-0.003759
42088	9.803378	-0.351121	-0.067730	-0.040645	0.009987	-0.032445	-0.025244	0.040182	0.998873	-0.462274	0.885475	-0.047303	-0.886378	-0.462947	-0.003778
42089	9.960217	-0.378166	0.026305	-0.041426	0.029125	-0.027600	-0.024925	0.040083	0.998885	-0.461951	0.885656	-0.047066	-0.886555	-0.462609	-0.003559
42090	9.777727	-0.602485	-0.011317	-0.043079	0.051089	-0.019736	-0.024480	0.040125	0.998895	-0.461511	0.885894	-0.046896	-0.886797	-0.462148	-0.003168
42091	9.588448	-0.718919	0.165469	-0.018348	0.029306	-0.023185	-0.024179	0.040065	0.998904	-0.461391	0.885967	-0.046704	-0.886867	-0.462015	-0.002936
42092	9.690087	-0.780968	0.201900	-0.004428	0.047583	-0.019758	-0.023762	0.040089	0.998914	-0.461301	0.886023	-0.046532	-0.886926	-0.461905	-0.002561
42093	9.739608	-0.828728	0.119978	0.024239	0.055742	-0.026510	-0.023212	0.040122	0.998925	-0.461559	0.885900	-0.046308	-0.886806	-0.462138	-0.002044
42094	9.799142	-0.796246	0.073785	0.039568	0.059721	-0.020093	-0.022693	0.040205	0.998934	-0.461851	0.885756	-0.046141	-0.886667	-0.462406	-0.001532
42095	9.679385	-0.716849	0.056216	0.055493	0.055407	-0.028201	-0.022138	0.040222	0.998946	-0.462387	0.885489	-0.045901	-0.886402	-0.462915	-0.001005
42096	9.713636	-0.629489	0.012349	0.079033	0.055802	-0.035509	-0.021577	0.040149	0.998961	-0.463035	0.885167	-0.045576	-0.886077	-0.463537	-0.000509
42097	9.758133	-0.455234	-0.130866	0.095744	0.044775	-0.046132	-0.021033	0.039959	0.998980	-0.463930	0.884720	-0.045156	-0.885622	-0.464407	-0.000070
42098	9.850304	-0.283298	-0.176995	0.099501	0.038282	-0.066667	-0.020476	0.039530	0.999009	-0.464757	0.884318	-0.044518	-0.885201	-0.465208	0.000264
42099	10.010034	-0.178635	-0.186671	0.089487	0.027448	-0.076365	-0.019944	0.038993	0.999040	-0.465602	0.883910	-0.043795	-0.884769	-0.466029	0.000526
42100	9.627351	-0.155343	-0.130106	0.054656	0.050761	-0.080435	-0.019220	0.038500	0.999074	-0.466048	0.883713	-0.043021	-0.884551	-0.466443	0.000958
42101	9.715566	-0.360498	-0.103883	0.029669	0.013395	-0.083177	-0.018780	0.037838	0.999107	-0.466364	0.883585	-0.042230	-0.884394	-0.466740	0.001052
42102	9.807582	-0.501365	0.029690	0.023621	0.001417	-0.087877	-0.018458	0.037052	0.999143	-0.466525	0.883540	-0.041383	-0.884316	-0.466889	0.000978
42103	9.850405	-0.586107	0.115915	0.029632	0.006460	-0.090263	-0.018046	0.036295	0.999178	-0.466841	0.883413	-0.040521	-0.884157	-0.467188	0.001002
42104	9.920204	-0.703519	0.237086	0.036801	0.007970	-0.085290	-0.017675	0.035560	0.999211	-0.467129	0.883297	-0.039697	-0.884012	-0.467462	0.000999
42105	9.941684	-0.744703	0.348245	0.034141	0.016467	-0.076276	-0.017239	0.034973	0.999240	-0.467482	0.883143	-0.038975	-0.883835	-0.467798	0.001125
42106	9.977437	-0.789503	0.428706	0.028741	0.019434	-0.072507	-0.016823	0.034408	0.999266	-0.467686	0.883065	-0.038281	-0.883735	-0.467987	0.001236
42107	10.075604	-0.835712	0.443961	0.036286	0.043620	-0.062315	-0.016213	0.034072	0.999288	-0.468054	0.882895	-0.037697	-0.883551	-0.468332	0.001633
42108	9.994132	-0.916221	0.535621	0.040790	0.073082	-0.053012	-0.015419	0.033931	0.999305	-0.468373	0.882748	-0.037200	-0.883397	-0.468621	0.002281
42109	9.878195	-0.923725	0.587725	0.060539	0.092660	-0.051476	-0.014426	0.033921	0.999320	-0.468952	0.882460	-0.036724	-0.883106	-0.469163	0.003177
42110	9.899323	-0.866709	0.699858	0.095119	0.134961	-0.056382	-0.013067	0.034041	0.999335	-0.469758	0.882053	-0.036189	-0.882699	-0.469918	0.004466
42111	9.834066	-0.644346	0.607395	0.129711	0.177371	-0.061223	-0.011280	0.034346	0.999346	-0.470947	0.881442	-0.035610	-0.882089	-0.471041	0.006233
42112	9.901234	-0.447365	0.562475	0.146032	0.195303	-0.069845	-0.009322	0.034641	0.999356	-0.472181	0.880809	-0.034936	-0.881452	-0.472203	0.008146
42113	10.025643	-0.502560	0.668004	0.151692	0.220007	-0.079030	-0.007076	0.034995	0.999362	-0.473562	0.880097	-0.034172	-0.880732	-0.473502	0.010344
42114	10.378868	-0.498100	0.705550	0.172545	0.230158	-0.101353	-0.004672	0.035185	0.999370	-0.475035	0.879341	-0.033180	-0.879954	-0.474891	0.012606
42115	10.604764	-0.331127	0.785789	0.223086	0.273540	-0.124612	-0.001740	0.035401	0.999372	-0.477039	0.878302	-0.031943	-0.878881	-0.476795	0.015360
42116	10.456420	-0.164181	0.826621	0.267295	0.294725	-0.155363	0.001495	0.035435	0.999371	-0.479338	0.877104	-0.030382	-0.877629	-0.478991	0.018297
42117	10.443250	-0.028197	0.937033	0.282917	0.310608	-0.186062	0.005047	0.035305	0.999364	-0.481851	0.875789	-0.028506	-0.876239	-0.481401	0.021432
42118	10.538205	0.087169	1.045879	0.272828	0.318878	-0.208353	0.008757	0.035009	0.999349	-0.484165	0.874578	-0.026396	-0.874933	-0.483619	0.024609
42119	10.384040	0.015453	1.171623	0.248626	0.330330	-0.223351	0.012662	0.034667	0.999319	-0.486353	0.873429	-0.024137	-0.873671	-0.485716	0.027920
42120	10.621817	-0.238243	1.396836	0.253024	0.334099	-0.232267	0.016616	0.034253	0.999275	-0.488487	0.872299	-0.021778	-0.872413	-0.487771	0.031226
42121	10.802702	-0.605177	1.747707	0.293849	0.355785	-0.246771	0.020859	0.033851	0.999209	-0.491041	0.870924	-0.019254	-0.870887	-0.490251	0.034788
42122	10.788092	-1.141440	2.146009	0.380332	0.408292	-0.279682	0.025699	0.033413	0.999111	-0.494242	0.869170	-0.016355	-0.868944	-0.493383	0.038851
42123	10.876226	-1.557393	2.772370	0.519645	0.494359	-0.292971	0.031375	0.033329	0.998952	-0.498706	0.866670	-0.013252	-0.866203	-0.497767	0.043813
42124	10.883638	-1.705750	3.504486	0.700483	0.633258	-0.293074	0.038229	0.033958	0.998692	-0.504609	0.863289	-0.010038	-0.862501	-0.503566	0.050138
42125	10.583535	-1.557884	4.066515	0.901557	0.815294	-0.308431	0.046742	0.035446	0.998278	-0.512271	0.858799	-0.006507	-0.857551	-0.511084	0.058300
42126	10.381697	-1.026039	4.475683	1.102076	1.003054	-0.343179	0.056995	0.037679	0.997663	-0.521474	0.853263	-0.002434	-0.851361	-0.520117	0.068281
42127	9.668504	-0.518557	4.440402	1.230018	1.146547	-0.387137	0.068687	0.040415	0.996819	-0.531698	0.846931	0.002299	-0.844144	-0.530165	0.079662
42128	9.014231	-0.046406	4.106565	1.282338	1.148577	-0.448755	0.080660	0.042780	0.995823	-0.542109	0.840272	0.007813	-0.836428	-0.540475	0.090968
42129	8.668849	0.595620	3.383799	1.251860	1.064396	-0.512711	0.092260	0.044299	0.994749	-0.552128	0.833641	0.014084	-0.828639	-0.550528	0.101371
42130	8.529347	1.204645	2.504923	1.152195	0.934009	-0.588067	0.103162	0.044603	0.993664	-0.561024	0.827530	0.021100	-0.821346	-0.559646	0.110393
42131	8.846679	1.858815	1.556502	1.034742	0.829264	-0.633705	0.113459	0.044054	0.992566	-0.568841	0.821952	0.028542	-0.814584	-0.567851	0.118317
42132	9.239352	2.384156	0.890300	0.874886	0.781990	-0.643806	0.123408	0.043242	0.991413	-0.575154	0.817255	0.035947	-0.808683	-0.574652	0.125726
42133	9.317195	2.756806	0.358928	0.649627	0.741068	-0.666058	0.133162	0.042089	0.990200	-0.579578	0.813763	0.043352	-0.803964	-0.579671	0.132756
42134	9.714075	2.989897	0.022690	0.405873	0.718298	-0.654198	0.142658	0.040935	0.988925	-0.581898	0.811702	0.050343	-0.800652	-0.582636	0.139616
42135	10.197653	3.094506	-0.241149	0.139500	0.720321	-0.591350	0.151794	0.040338	0.987589	-0.582184	0.811102	0.056353	-0.798762	-0.583512	0.146605
42136	10.739595	3.347486	-0.400256	-0.151826	0.723987	-0.456525	0.160170	0.040829	0.986245	-0.580227	0.812196	0.060607	-0.798550	-0.581953	0.153780
42137	10.447987	3.244129	-0.563420	-0.517679	0.728580	-0.286060	0.167581	0.042726	0.984932	-0.575661	0.815290	0.062578	-0.800332	-0.577474	0.161223
42138	9.830446	2.527724	-0.671037	-0.862684	0.694621	-0.125958	0.173816	0.045651	0.983719	-0.568491	0.820321	0.062380	-0.804118	-0.570078	0.168537
42139	9.644738	1.878636	-0.764876	-1.115340	0.642827	0.026924	0.178784	0.049510	0.982642	-0.559583	0.826588	0.060164	-0.809261	-0.560626	0.175485
42140	9.384283	0.940170	-0.754293	-1.286487	0.610961	0.136948	0.182928	0.054001	0.981642	-0.549344	0.833684	0.056508	-0.815327	-0.549596	0.182169
42141	9.209611	-0.135731	-0.817152	-1.334043	0.573215	0.208380	0.186419	0.058868	0.980705	-0.538853	0.840796	0.051959	-0.821514	-0.538142	0.188461
42142	9.055973	-0.986960	-0.735230	-1.252866	0.536583	0.267840	0.189349	0.063948	0.979825	-0.528993	0.847328	0.046926	-0.827233	-0.527206	0.194269
42143	8.839740	-1.780932	-0.577241	-1.075244	0.506723	0.308899	0.191866	0.069228	0.978977	-0.520705	0.852715	0.041752	-0.831898	-0.517769	0.199654
42144	8.747837	-2.474342	-0.374622	-0.822799	0.476793	0.316927	0.194131	0.074351	0.978154	-0.514418	0.856742	0.036973	-0.835277	-0.510357	0.204568
42145	8.522008	-3.050164	-0.030896	-0.517270	0.450826	0.306500	0.196264	0.079278	0.977341	-0.510735	0.859110	0.032876	-0.837037	-0.505614	0.209102
42146	8.705926	-3.475758	0.239291	-0.143249	0.418521	0.301657	0.198152	0.083951	0.976569	-0.510098	0.859606	0.029606	-0.836980	-0.504013	0.213156
42147	8.979271	-3.440463	0.510612	0.271204	0.415084	0.322269	0.199908	0.088822	0.975780	-0.513051	0.857933	0.027014	-0.834755	-0.506025	0.217078
42148	8.794672	-3.595315	0.801369	0.678006	0.410748	0.335428	0.201515	0.093757	0.974988	-0.519338	0.854197	0.025198	-0.830469	-0.511426	0.220825
42149	8.590352	-3.570187	1.087480	1.081447	0.372602	0.297057	0.202974	0.098214	0.974246	-0.528929	0.848307	0.024679	-0.824036	-0.520317	0.224133
42150	8.835150	-2.962844	1.351900	1.485974	0.336846	0.260794	0.204252	0.102168	0.973572	-0.541618	0.840239	0.025454	-0.815433	-0.532503	0.226957
42151	9.105987	-1.887256	1.652782	1.808650	0.333341	0.249730	0.205516	0.106058	0.972890	-0.556825	0.830187	0.027123	-0.804804	-0.547304	0.229672
42152	9.140135	-0.791689	2.018778	2.012553	0.331580	0.231749	0.206764	0.109793	0.972211	-0.573358	0.818775	0.029473	-0.792786	-0.563519	0.232244
42153	9.159954	0.365902	2.429997	2.096702	0.316109	0.228029	0.207857	0.113455	0.971557	-0.590361	0.806500	0.032123	-0.779916	-0.580246	0.234616
42154	9.131966	1.265418	2.821149	2.078028	0.293147	0.234142	0.208624	0.117036	0.970968	-0.606958	0.793976	0.034710	-0.766863	-0.596578	0.236678
42155	9.107070	2.274009	3.145673	1.977134	0.250072	0.259241	0.208866	0.120588	0.970481	-0.622577	0.781690	0.036861	-0.754170	-0.611898	0.238344
42156	8.917648	3.241830	3.463834	1.768756	0.200817	0.302108	0.208381	0.124151	0.970136	-0.636422	0.770399	0.038111	-0.742660	-0.625357	0.239549
42157	8.771242	4.099928	3.606177	1.481011	0.125862	0.354824	0.206966	0.127658	0.969984	-0.648126	0.760575	0.038192	-0.732870	-0.636576	0.240151
42158	8.531183	4.796186	3.648223	1.142130	0.064256	0.401841	0.204732	0.131081	0.970001	-0.657263	0.752753	0.037001	-0.725321	-0.645121	0.240268
42159	7.977651	5.375213	3.354600	0.795177	-0.002092	0.433356	0.201789	0.134312	0.970176	-0.663929	0.746991	0.034678	-0.720055	-0.651126	0.239909
42160	7.542363	6.017230	3.058590	0.399000	-0.100471	0.462181	0.197921	0.137065	0.970588	-0.667702	0.743778	0.031121	-0.717636	-0.654223	0.238728
42161	7.195320	6.293914	2.626197	-0.153786	-0.217866	0.449621	0.193289	0.138980	0.971249	-0.667516	0.744129	0.026362	-0.719071	-0.653419	0.236603
42162	7.086153	5.970096	2.430848	-0.736511	-0.363656	0.406093	0.187905	0.139599	0.972216	-0.662944	0.748384	0.020671	-0.724705	-0.648409	0.233172
42163	8.273444	5.178980	3.641747	-1.176483	-0.397710	0.307388	0.182915	0.139344	0.973204	-0.654977	0.755501	0.014930	-0.733176	-0.640157	0.229459
42164	9.723189	3.081239	5.512752	-1.440481	-0.255407	0.208494	0.179629	0.139257	0.973828	-0.644685	0.764388	0.009609	-0.743045	-0.629538	0.227083
42165	11.111646	0.201815	7.317626	-1.504752	-0.009145	0.198641	0.178224	0.140724	0.973875	-0.633826	0.773464	0.004229	-0.752662	-0.618021	0.227045
42166	12.057662	-2.370365	8.200276	-1.230950	0.152101	0.230505	0.177886	0.143404	0.973546	-0.624893	0.780710	-0.000819	-0.760175	-0.608216	0.228489
42167	11.986819	-3.738454	7.754214	-0.652281	0.170370	0.297050	0.177268	0.146758	0.973159	-0.620490	0.784197	-0.005235	-0.763917	-0.602907	0.230075
42168	10.614764	-2.809003	6.397083	0.018822	0.016604	0.362954	0.175107	0.149673	0.973106	-0.621244	0.783568	-0.008730	-0.763802	-0.603008	0.230192
42169	8.572290	0.473603	3.282391	0.407242	-0.256516	0.440451	0.170340	0.151565	0.973659	-0.625151	0.780410	-0.012114	-0.761689	-0.606621	0.227686
42170	7.426048	3.837283	0.209577	0.285408	-0.636144	0.443475	0.162685	0.151127	0.975035	-0.628038	0.778022	-0.015802	-0.760987	-0.609789	0.221486
42171	8.680916	4.911497	-0.732423	-0.225093	-0.816309	0.316413	0.154411	0.148613	0.976766	-0.626863	0.778888	-0.019409	-0.763675	-0.609301	0.213428
42172	10.254431	2.651523	-0.596461	-0.710365	-0.587263	0.225309	0.148475	0.146775	0.977963	-0.621724	0.782896	-0.023108	-0.769035	-0.604592	0.207494
42173	10.477635	-0.378278	-0.736287	-0.824345	-0.328058	0.293966	0.144058	0.147108	0.978574	-0.615830	0.787391	-0.027710	-0.774597	-0.598643	0.204023
42174	9.949031	-1.625035	-0.477007	-0.695824	-0.252086	0.448519	0.139315	0.149106	0.978958	-0.611029	0.790899	-0.033507	-0.779253	-0.593503	0.201293
42175	10.242081	-1.548013	0.024466	-0.486146	-0.353015	0.582685	0.132940	0.151631	0.979456	-0.608064	0.792869	-0.040213	-0.782678	-0.590227	0.197606
42176	10.041832	-1.400650	-0.253640	-0.458868	-0.520304	0.654445	0.124850	0.153724	0.980195	-0.605280	0.794593	-0.047520	-0.786160	-0.587360	0.192251
42177	10.119616	-0.926871	-0.683261	-0.663477	-0.676909	0.677845	0.115357	0.155159	0.981131	-0.600901	0.797398	-0.055451	-0.790955	-0.583166	0.185221
42178	10.289527	-0.504392	-0.604437	-0.898288	-0.752030	0.657103	0.105414	0.156012	0.982114	-0.594466	0.801607	-0.063531	-0.797181	-0.577136	0.177245
42179	10.284707	-0.492917	-0.489807	-0.979651	-0.764790	0.616200	0.095585	0.156579	0.983029	-0.587282	0.806234	-0.071314	-0.803718	-0.570499	0.169020
42180	9.993100	-0.585866	-0.864836	-0.991077	-0.808106	0.581767	0.085621	0.156662	0.983934	-0.579778	0.810967	-0.078670	-0.810263	-0.563728	0.160266
42181	10.138154	-0.429684	-1.097789	-0.947804	-0.859492	0.569601	0.075282	0.156478	0.984808	-0.572566	0.815358	-0.085785	-0.816395	-0.557410	0.150976
42182	10.198421	-0.535219	-0.980793	-0.867873	-0.899284	0.541291	0.064783	0.155878	0.985650	-0.565799	0.819351	-0.092390	-0.821995	-0.551694	0.141275
42183	10.204572	-0.801092	-0.507658	-0.785933	-0.908060	0.514400	0.054334	0.155118	0.986401	-0.559663	0.822838	-0.098568	-0.826937	-0.546696	0.131522
42184	10.257850	-1.134609	0.044062	-0.733713	-0.884477	0.506735	0.044125	0.154443	0.987016	-0.553787	0.826074	-0.104502	-0.831488	-0.541986	0.121979
42185	9.814245	-1.737896	0.291342	-0.704900	-0.885755	0.494303	0.033951	0.153757	0.987525	-0.548142	0.829088	-0.110243	-0.835696	-0.537561	0.112429
42186	9.545452	-2.369085	0.546325	-0.644837	-0.889785	0.504227	0.023691	0.153142	0.987920	-0.542846	0.831793	-0.115923	-0.839498	-0.533542	0.102838
42187	9.420539	-2.788861	0.894960	-0.511426	-0.870721	0.514276	0.013520	0.152796	0.988165	-0.538678	0.833699	-0.121542	-0.842403	-0.530659	0.093580
42188	9.182161	-2.670983	1.320177	-0.381372	-0.822137	0.488602	0.003902	0.152487	0.988298	-0.535463	0.834998	-0.126720	-0.844550	-0.528702	0.084910
42189	9.331503	-2.162187	1.795360	-0.284548	-0.765798	0.437161	-0.004974	0.152100	0.988353	-0.533091	0.835806	-0.131307	-0.846043	-0.527535	0.076926
42190	9.020301	-1.274768	2.218357	-0.260714	-0.688100	0.359516	-0.012772	0.151453	0.988382	-0.530816	0.836655	-0.135063	-0.847391	-0.526374	0.069708
42191	9.115264	-0.481378	2.510526	-0.316612	-0.599734	0.278770	-0.019402	0.150641	0.988398	-0.528122	0.837869	-0.138066	-0.848947	-0.524674	0.063300
42192	9.021043	-0.267903	2.585399	-0.420425	-0.515627	0.207334	-0.024932	0.149659	0.988423	-0.524461	0.839782	-0.140382	-0.851070	-0.521889	0.057553
42193	8.842080	-0.523112	2.156882	-0.523324	-0.438066	0.178702	-0.029666	0.148890	0.988409	-0.519987	0.842208	-0.142474	-0.853659	-0.518186	0.052436
42194	8.714862	-0.934585	1.479210	-0.627725	-0.423209	0.179224	-0.034264	0.148197	0.988364	-0.514523	0.845202	-0.144568	-0.856792	-0.513490	0.047291
42195	8.911768	-1.494787	0.306657	-0.740049	-0.453316	0.215089	-0.039322	0.147710	0.988249	-0.508126	0.848635	-0.147061	-0.860385	-0.507937	0.041685
42196	9.274624	-1.714368	-0.447726	-0.829481	-0.507351	0.247060	-0.044993	0.147233	0.988078	-0.500825	0.852481	-0.149834	-0.864379	-0.501595	0.035382
42197	9.221117	-2.360631	-1.114668	-0.870841	-0.557750	0.246759	-0.051118	0.146570	0.987879	-0.493197	0.856431	-0.152588	-0.868415	-0.495018	0.028508
42198	10.239099	-2.513729	-1.173591	-0.770875	-0.569654	0.246452	-0.057338	0.145863	0.987642	-0.486321	0.859882	-0.155228	-0.871897	-0.489211	0.021632
42199	10.168685	-2.653883	-1.349948	-0.662284	-0.541305	0.223026	-0.063210	0.145157	0.987387	-0.480438	0.862754	-0.157591	-0.874748	-0.484339	0.015204
42200	10.005792	-2.739811	-1.381549	-0.533512	-0.548309	0.206064	-0.069055	0.144276	0.987125	-0.475593	0.865047	-0.159704	-0.876951	-0.480498	0.008881
42201	10.229351	-2.568199	-1.451132	-0.451755	-0.569559	0.208060	-0.075106	0.143359	0.986817	-0.471513	0.866885	-0.161822	-0.878655	-0.477451	0.002487
42202	9.793469	-2.659604	-1.582336	-0.396421	-0.592345	0.196588	-0.081299	0.142230	0.986489	-0.467836	0.868508	-0.163775	-0.880068	-0.474830	-0.004068
42203	10.096425	-2.421941	-1.553001	-0.310403	-0.641528	0.175084	-0.087830	0.140720	0.986146	-0.464990	0.869706	-0.165519	-0.880949	-0.473085	-0.010953
42204	9.953118	-2.087336	-1.334787	-0.261151	-0.614904	0.147157	-0.093994	0.139089	0.985809	-0.462505	0.870755	-0.166955	-0.881620	-0.471634	-0.017516
42205	9.404116	-2.179223	-1.143498	-0.226920	-0.644303	0.110588	-0.100252	0.137027	0.985481	-0.460431	0.871646	-0.168038	-0.882016	-0.470592	-0.024293
42206	9.748028	-1.967819	-0.889062	-0.216019	-0.664765	0.078254	-0.106544	0.134575	0.985159	-0.458402	0.872573	-0.168771	-0.882335	-0.469581	-0.031278
42207	9.606302	-1.871883	-0.670433	-0.220693	-0.667948	0.039816	-0.112686	0.131799	0.984851	-0.456445	0.873530	-0.169127	-0.882587	-0.468588	-0.038276
42208	9.489812	-1.764146	-0.311127	-0.258301	-0.653336	0.026100	-0.118639	0.128966	0.984527	-0.454084	0.874725	-0.169302	-0.883024	-0.467144	-0.045215
42209	9.383352	-1.994388	-0.086423	-0.310165	-0.654768	0.017979	-0.124570	0.126081	0.984168	-0.451356	0.876123	-0.169369	-0.883606	-0.465308	-0.052231
42210	9.519213	-2.291535	0.089090	-0.343273	-0.651524	0.010036	-0.130445	0.123142	0.983779	-0.448259	0.877724	-0.169304	-0.884335	-0.463072	-0.059295
42211	9.408209	-2.405779	0.068441	-0.343270	-0.628751	0.013148	-0.136132	0.120363	0.983352	-0.445237	0.879269	-0.169261	-0.885004	-0.460867	-0.066106
42212	9.167086	-2.430943	0.119679	-0.336017	-0.625541	0.008650	-0.141775	0.117564	0.982893	-0.442203	0.880822	-0.169139	-0.885639	-0.458618	-0.072891
42213	9.182982	-2.637540	0.198067	-0.314182	-0.616811	-0.001268	-0.147299	0.114741	0.982414	-0.439454	0.882237	-0.168930	-0.886106	-0.456609	-0.079529
42214	9.185544	-2.519813	0.249526	-0.259111	-0.596236	-0.027663	-0.152525	0.111782	0.981958	-0.437154	0.883467	-0.168472	-0.886359	-0.454963	-0.085885
42215	9.110056	-2.351927	0.178924	-0.226177	-0.577163	-0.046606	-0.157503	0.108759	0.981511	-0.435254	0.884522	-0.167857	-0.886424	-0.453644	-0.091978
42216	9.091373	-2.163749	0.220853	-0.219025	-0.564770	-0.053314	-0.162345	0.105735	0.981053	-0.433354	0.885586	-0.167157	-0.886481	-0.452280	-0.097950
42217	9.086474	-2.184545	0.293532	-0.225608	-0.564456	-0.054737	-0.167177	0.102712	0.980562	-0.431476	0.886638	-0.166436	-0.886499	-0.450913	-0.103908
42218	9.108103	-2.382562	0.211521	-0.225958	-0.576595	-0.041681	-0.172166	0.099758	0.980004	-0.429497	0.887715	-0.165817	-0.886505	-0.449457	-0.109988
42219	8.864456	-2.346900	0.087143	-0.236779	-0.619294	-0.039552	-0.177551	0.096639	0.979355	-0.427498	0.888793	-0.165206	-0.886409	-0.448005	-0.116493
42220	9.315466	-2.085053	0.246173	-0.248798	-0.673855	-0.041719	-0.183407	0.093271	0.978602	-0.425321	0.889961	-0.164536	-0.886264	-0.446397	-0.123555
42221	9.710088	-1.952315	0.429633	-0.296452	-0.669910	-0.031669	-0.189275	0.090017	0.977789	-0.422783	0.891287	-0.163894	-0.886244	-0.444414	-0.130641
42222	9.630045	-1.996280	0.155692	-0.369233	-0.691420	-0.014523	-0.195407	0.086841	0.976870	-0.419497	0.892948	-0.163294	-0.886475	-0.441703	-0.138059
42223	9.977472	-1.739191	0.008828	-0.456136	-0.753919	0.017910	-0.202231	0.083696	0.975755	-0.415448	0.894918	-0.162866	-0.886852	-0.438312	-0.146209
42224	9.944557	-1.420017	-0.494380	-0.540939	-0.790301	0.002064	-0.209306	0.080291	0.974548	-0.410598	0.897290	-0.162110	-0.887468	-0.434078	-0.154841
42225	9.844102	-1.034106	-0.948109	-0.658998	-0.821439	-0.047956	-0.216468	0.076328	0.973301	-0.404879	0.900149	-0.160639	-0.888378	-0.428842	-0.163950
42226	9.693455	-0.869051	-1.141794	-0.809296	-0.856164	-0.115360	-0.223674	0.071664	0.972026	-0.397899	0.903689	-0.158186	-0.889745	-0.422151	-0.173617
42227	9.616769	-0.940206	-1.298282	-0.924659	-0.897743	-0.184308	-0.231007	0.066253	0.970694	-0.390113	0.907663	-0.154790	-0.891318	-0.414438	-0.183830
42228	10.132582	-1.084558	-1.111269	-0.979476	-0.906298	-0.241623	-0.238217	0.060356	0.969335	-0.381904	0.911844	-0.150630	-0.892974	-0.406076	-0.194166
42229	10.525805	-1.494796	-0.579245	-0.976713	-0.863863	-0.287435	-0.244915	0.054272	0.968024	-0.373898	0.915915	-0.145949	-0.894549	-0.397687	-0.204029
42230	10.957212	-2.015680	0.290983	-0.926696	-0.783494	-0.308970	-0.250835	0.048385	0.966820	-0.366317	0.919735	-0.141067	-0.896044	-0.389547	-0.212978
42231	11.015016	-2.855824	0.828875	-0.883995	-0.711823	-0.295127	-0.256211	0.042936	0.965667	-0.359166	0.923261	-0.136344	-0.897416	-0.381768	-0.221128
42232	11.654129	-3.214472	1.435645	-0.805308	-0.654301	-0.252019	-0.261236	0.038161	0.964520	-0.352545	0.926419	-0.132139	-0.898592	-0.374556	-0.228561
42233	11.711751	-3.113601	2.091851	-0.706082	-0.507150	-0.210950	-0.265121	0.034338	0.963603	-0.346780	0.929100	-0.128520	-0.899697	-0.368231	-0.234416
42234	12.061064	-3.071557	3.182193	-0.610356	-0.327410	-0.183379	-0.267482	0.031482	0.963048	-0.341721	0.931403	-0.125359	-0.900933	-0.362625	-0.238376
42235	12.427321	-3.480615	4.180266	-0.493107	-0.074240	-0.171074	-0.267633	0.029638	0.963065	-0.337761	0.933216	-0.122582	-0.902380	-0.358093	-0.239748
42236	13.057387	-4.300813	4.670017	-0.283833	0.247203	-0.129146	-0.264997	0.029367	0.963802	-0.335491	0.934278	-0.120711	-0.904004	-0.355335	-0.237729
42237	13.180644	-4.150319	4.576425	0.080651	0.635970	-0.115601	-0.258918	0.030568	0.965416	-0.336551	0.934009	-0.119834	-0.905370	-0.355939	-0.231544
42238	13.653217	-2.381230	4.688518	0.466030	1.031224	-0.172237	-0.249017	0.032715	0.967947	-0.341161	0.932406	-0.119282	-0.906422	-0.359929	-0.221023
42239	12.718601	-0.294237	4.062458	0.695135	1.410104	-0.276240	-0.235338	0.035279	0.971273	-0.348164	0.929960	-0.118138	-0.907413	-0.365964	-0.206572
42240	11.429906	1.716350	2.524461	0.649953	1.670692	-0.423628	-0.218685	0.037575	0.975072	-0.354967	0.927734	-0.115361	-0.908942	-0.371346	-0.189543
42241	11.425397	2.884742	1.017266	0.383457	1.790862	-0.536050	-0.200533	0.039299	0.978898	-0.359612	0.926493	-0.110864	-0.911299	-0.374255	-0.171660
42242	10.465662	3.412916	-0.010790	0.004013	1.934156	-0.574562	-0.180799	0.041271	0.982654	-0.360680	0.926728	-0.105283	-0.914998	-0.373459	-0.152666
42243	9.924057	3.059178	-0.680266	-0.321390	1.901034	-0.608448	-0.161237	0.042709	0.985991	-0.358806	0.928160	-0.098879	-0.919381	-0.369722	-0.134329
42244	9.836672	2.134716	-1.047806	-0.608719	1.845937	-0.606100	-0.142051	0.043900	0.988885	-0.354035	0.930679	-0.092172	-0.924381	-0.363193	-0.116662
42245	10.051165	0.896427	-1.413854	-0.850554	1.722113	-0.560799	-0.124185	0.044870	0.991244	-0.346931	0.933963	-0.085741	-0.929633	-0.354541	-0.100418
42246	9.635274	-0.851201	-1.813388	-1.043945	1.604965	-0.492808	-0.107525	0.045918	0.993141	-0.337679	0.937862	-0.079922	-0.935100	-0.343957	-0.085338
42247	10.402249	-2.844965	-2.012887	-1.110796	1.441679	-0.368479	-0.092845	0.047353	0.994554	-0.327669	0.941777	-0.075429	-0.940220	-0.332887	-0.071923
42248	11.125996	-4.551483	-2.126949	-0.918601	1.314680	-0.202902	-0.079795	0.049804	0.995566	-0.319108	0.944914	-0.072847	-0.944353	-0.323506	-0.059507
42249	11.516545	-5.269462	-2.243944	-0.557705	1.261275	-0.060297	-0.067740	0.053298	0.996278	-0.313916	0.946717	-0.071990	-0.947031	-0.317625	-0.047400
42250	11.490565	-5.339946	-2.373247	-0.168774	1.211322	0.021389	-0.056327	0.057390	0.996762	-0.312220	0.947263	-0.072184	-0.948338	-0.315275	-0.035438
42251	11.510708	-4.890201	-2.341231	0.266557	1.220732	0.029809	-0.044909	0.061554	0.997093	-0.314771	0.946387	-0.072601	-0.948104	-0.317117	-0.023126
42252	11.329302	-3.878382	-2.103796	0.710757	1.275019	0.008930	-0.032867	0.065773	0.997293	-0.321443	0.944122	-0.072860	-0.946358	-0.322968	-0.009888
42253	10.613845	-2.475225	-1.926779	1.019776	1.333308	-0.061255	-0.020133	0.069581	0.997373	-0.331135	0.940808	-0.072319	-0.943369	-0.331721	0.004099
42254	10.252928	-1.122461	-2.287801	1.194707	1.347006	-0.134885	-0.007008	0.072905	0.997314	-0.342347	0.936895	-0.070894	-0.939547	-0.341925	0.018393
42255	9.981663	0.199679	-2.282829	1.222066	1.313565	-0.196192	0.005925	0.075650	0.997117	-0.353845	0.932780	-0.068667	-0.935285	-0.352418	0.032295
42256	10.305342	0.613777	-1.685666	1.101888	1.310916	-0.256454	0.019060	0.077992	0.996772	-0.364042	0.929060	-0.065733	-0.931188	-0.361614	0.046100
42257	11.168793	-0.005019	-1.515803	0.998870	1.317904	-0.271962	0.032244	0.080308	0.996248	-0.373294	0.925603	-0.062531	-0.927152	-0.369878	0.059823
42258	11.569401	-0.734229	-1.662419	0.987173	1.350476	-0.224389	0.045563	0.083324	0.995480	-0.382291	0.922112	-0.059685	-0.922918	-0.377844	0.073868
42259	11.323239	-1.054944	-1.764003	1.020345	1.386073	-0.144675	0.058818	0.087303	0.994444	-0.391651	0.918318	-0.057455	-0.918232	-0.386095	0.088206
42260	10.483962	-0.888732	-1.848904	1.034612	1.403492	-0.085627	0.071986	0.092030	0.993151	-0.401019	0.914377	-0.055663	-0.913237	-0.394265	0.102728
42261	9.497277	-0.312659	-1.865275	1.046002	1.421355	-0.047192	0.085054	0.097277	0.991616	-0.410549	0.910234	-0.054079	-0.907863	-0.402507	0.117356
42262	8.636263	0.125985	-1.857502	1.063126	1.427239	-0.023840	0.098040	0.102891	0.989849	-0.420110	0.905950	-0.052560	-0.902162	-0.410692	0.132045
42263	8.179045	0.419313	-1.779667	1.059353	1.410552	0.005758	0.110633	0.108808	0.987887	-0.429684	0.901528	-0.051176	-0.896176	-0.418818	0.146492
42264	7.760335	0.179002	-1.576135	0.971793	1.379112	0.024123	0.122814	0.114870	0.985759	-0.438355	0.897412	-0.049961	-0.890371	-0.425977	0.160569
42265	7.996832	-0.092018	-1.513742	0.930890	1.319854	0.106855	0.133989	0.121507	0.983505	-0.446797	0.893265	-0.049488	-0.884545	-0.432797	0.173977
