// General information: 
//  MT Manager version: 2022.2.0 
//  XDA version: 2022.2.0 build 7381 rev 124627 built on 2023-07-19
// Device information: 
//  DeviceId: 00B4CAF0
//  ProductCode: MTW2-3A7G6
//  Firmware Version: 4.6.0
//  Hardware Version: 2.0.0
// Device settings: 
//  Filter Profile: human(46.1)
//  Option Flags: Orientation Smoother Disabled, Position/Velocity Smoother Disabled, Continuous Zero Rotation Update Disabled, AHS Disabled, ICC Disabled
// Coordinate system: ENU
PacketCounter	Acc_X	Acc_Y	Acc_Z	Gyr_X	Gyr_Y	Gyr_Z	Mat[1][1]	Mat[2][1]	Mat[3][1]	Mat[1][2]	Mat[2][2]	Mat[3][2]	Mat[1][3]	Mat[2][3]	Mat[3][3]
16482	3.992405	-0.499096	9.517771	0.003570	0.006337	0.003433	-0.339647	-0.856622	0.388379	0.921398	-0.385950	-0.045480	0.188854	0.342405	0.920377
16483	3.991848	-0.498742	9.518023	0.007129	0.004956	0.004372	-0.339641	-0.856634	0.388358	0.921408	-0.385930	-0.045454	0.188817	0.342398	0.920387
16484	3.949169	-0.465629	9.491565	0.004952	0.000512	0.005518	-0.339614	-0.856637	0.388375	0.921418	-0.385905	-0.045456	0.188816	0.342418	0.920379
16485	3.934154	-0.515215	9.521128	0.003624	0.003153	0.000263	-0.339643	-0.856627	0.388373	0.921407	-0.385932	-0.045447	0.188817	0.342414	0.920381
16486	3.940776	-0.466478	9.525158	0.008021	-0.003904	0.001321	-0.339653	-0.856597	0.388430	0.921406	-0.385939	-0.045404	0.188803	0.342481	0.920359
16487	3.979651	-0.493594	9.497294	0.004332	-0.011592	0.001734	-0.339640	-0.856541	0.388563	0.921402	-0.385952	-0.045393	0.188848	0.342605	0.920303
16488	4.001243	-0.495114	9.484148	0.002286	-0.006967	0.001528	-0.339630	-0.856505	0.388652	0.921396	-0.385964	-0.045405	0.188895	0.342681	0.920265
16489	3.993793	-0.496315	9.517334	0.009403	-0.009730	0.003404	-0.339606	-0.856463	0.388766	0.921406	-0.385945	-0.045354	0.188887	0.342809	0.920219
16490	4.009295	-0.445863	9.487590	0.004157	-0.004716	-0.000265	-0.339629	-0.856424	0.388832	0.921392	-0.385979	-0.045341	0.188912	0.342868	0.920192
16491	4.015491	-0.496945	9.504185	0.008326	-0.001712	0.001963	-0.339634	-0.856403	0.388874	0.921396	-0.385976	-0.045295	0.188886	0.342924	0.920177
16492	3.994798	-0.494883	9.516987	-0.000359	0.000992	0.002524	-0.339628	-0.856401	0.388883	0.921390	-0.385987	-0.045334	0.188928	0.342917	0.920171
16493	4.015433	-0.496380	9.504239	0.009175	0.000331	0.004574	-0.339612	-0.856397	0.388905	0.921404	-0.385958	-0.045290	0.188887	0.342958	0.920164
16494	3.932852	-0.488407	9.555351	0.014115	-0.006876	0.007597	-0.339581	-0.856373	0.388985	0.921426	-0.385914	-0.045213	0.188834	0.343067	0.920134
16495	4.044959	-0.347671	9.482179	0.030155	-0.019728	0.019240	-0.339392	-0.856358	0.389184	0.921530	-0.385688	-0.045034	0.188668	0.343361	0.920058
16496	4.020084	-0.539241	9.465681	0.013690	-0.015458	0.019805	-0.339201	-0.856363	0.389340	0.921606	-0.385508	-0.045011	0.188639	0.343551	0.919994
16497	4.002127	-0.465649	9.517544	0.026913	-0.008437	0.021427	-0.339013	-0.856394	0.389435	0.921711	-0.385274	-0.044869	0.188465	0.343735	0.919960
16498	4.007322	-0.486768	9.482014	0.018416	0.000153	0.017466	-0.338887	-0.856438	0.389447	0.921782	-0.385112	-0.044793	0.188343	0.343805	0.919959
16499	4.033384	-0.539479	9.486214	0.009921	0.008745	0.013508	-0.338805	-0.856498	0.389387	0.921828	-0.385004	-0.044777	0.188267	0.343777	0.919985
16500	4.026427	-0.487304	9.469956	0.011011	0.013484	0.008425	-0.338786	-0.856554	0.389280	0.921855	-0.384945	-0.044734	0.188168	0.343705	0.920033
16501	4.056303	-0.445519	9.516051	0.005359	0.022680	0.010447	-0.338758	-0.856650	0.389093	0.921882	-0.384879	-0.044748	0.188087	0.343540	0.920111
16502	4.075903	-0.493890	9.466985	0.004592	0.032890	0.009641	-0.338759	-0.856778	0.388811	0.921903	-0.384825	-0.044769	0.187981	0.343280	0.920229
16503	4.093837	-0.524493	9.508038	0.008167	0.044261	0.004043	-0.338830	-0.856923	0.388429	0.921914	-0.384804	-0.044732	0.187801	0.342941	0.920392
16504	4.090631	-0.570305	9.472737	0.011925	0.056475	0.002926	-0.338962	-0.857096	0.387931	0.921915	-0.384809	-0.044658	0.187556	0.342502	0.920606
16505	4.053200	-0.493222	9.506779	0.013026	0.068928	0.000304	-0.339114	-0.857311	0.387323	0.921922	-0.384804	-0.044562	0.187247	0.341970	0.920866
16506	3.972940	-0.500293	9.437464	0.017421	0.066896	-0.007665	-0.339319	-0.857497	0.386733	0.921917	-0.384834	-0.044399	0.186900	0.341470	0.921122
16507	3.959727	-0.428875	9.513145	0.022910	0.072287	-0.009228	-0.339565	-0.857686	0.386098	0.921910	-0.384877	-0.044175	0.186488	0.340947	0.921400
16508	3.864190	-0.614888	9.538465	-0.002553	0.069363	-0.011273	-0.339836	-0.857854	0.385485	0.921843	-0.385038	-0.044180	0.186326	0.340342	0.921656
16509	3.937655	-0.399332	9.499837	0.010631	0.063623	-0.003111	-0.340009	-0.858036	0.384926	0.921833	-0.385070	-0.044093	0.186057	0.339846	0.921893
16510	3.821174	-0.427464	9.420077	-0.022429	0.070831	0.001773	-0.340152	-0.858262	0.384296	0.921778	-0.385175	-0.044333	0.186070	0.339155	0.922145
16511	3.544177	-0.475954	9.547577	-0.005161	0.040411	0.005472	-0.340202	-0.858398	0.383947	0.921768	-0.385188	-0.044424	0.186025	0.338797	0.922286
16512	3.927256	-0.654380	9.548193	-0.031524	0.015482	-0.003426	-0.340302	-0.858411	0.383830	0.921673	-0.385380	-0.044727	0.186315	0.338545	0.922320
16513	3.979569	-0.416002	9.555903	0.009919	0.018803	-0.004544	-0.340404	-0.858435	0.383686	0.921658	-0.385427	-0.044641	0.186205	0.338431	0.922384
16514	3.973867	-0.410906	9.502428	-0.011374	0.018882	-0.004379	-0.340509	-0.858460	0.383537	0.921601	-0.385550	-0.044756	0.186293	0.338228	0.922440
16515	3.983198	-0.514770	9.536931	-0.005039	0.026321	-0.003314	-0.340614	-0.858514	0.383322	0.921562	-0.385637	-0.044812	0.186295	0.337991	0.922527
16516	3.949629	-0.556266	9.492335	0.003382	0.020919	0.003853	-0.340642	-0.858579	0.383151	0.921563	-0.385633	-0.044822	0.186239	0.337829	0.922598
16517	3.851621	-0.644853	9.535696	0.011700	0.011488	0.003381	-0.340658	-0.858609	0.383070	0.921578	-0.385606	-0.044750	0.186137	0.337785	0.922635
16518	3.901929	-0.457041	9.593551	0.025884	0.006457	-0.001146	-0.340696	-0.858611	0.383032	0.921607	-0.385560	-0.044534	0.185919	0.337833	0.922661
16519	3.977334	-0.481948	9.487090	0.004054	0.006684	-0.002955	-0.340762	-0.858600	0.382999	0.921586	-0.385613	-0.044508	0.185904	0.337800	0.922676
16520	3.985246	-0.390875	9.583003	0.019847	0.008926	0.000881	-0.340795	-0.858613	0.382939	0.921608	-0.385580	-0.044355	0.185737	0.337804	0.922708
16521	3.918346	-0.496622	9.490460	0.006400	0.011968	0.000368	-0.340839	-0.858633	0.382856	0.921602	-0.385597	-0.044320	0.185683	0.337735	0.922744
16522	3.779474	-0.451853	9.493780	0.024539	0.011778	0.005070	-0.340840	-0.858672	0.382767	0.921646	-0.385512	-0.044139	0.185462	0.337731	0.922790
16523	3.669689	-0.389171	9.540204	0.019283	-0.011388	0.003028	-0.340816	-0.858623	0.382898	0.921674	-0.385463	-0.043996	0.185369	0.337912	0.922743
16524	3.656972	-0.437084	9.568898	0.023112	-0.038756	0.006274	-0.340722	-0.858491	0.383277	0.921715	-0.385384	-0.043832	0.185338	0.338337	0.922593
16525	3.699905	-0.462574	9.539971	0.026193	-0.058616	-0.002821	-0.340665	-0.858260	0.383845	0.921735	-0.385361	-0.043603	0.185342	0.338950	0.922367
16526	3.880529	-0.484958	9.544695	0.015862	-0.075929	-0.004094	-0.340584	-0.857967	0.384570	0.921733	-0.385381	-0.043467	0.185499	0.339667	0.922072
16527	4.070093	-0.505936	9.515504	0.023094	-0.069639	-0.003614	-0.340514	-0.857694	0.385241	0.921745	-0.385375	-0.043263	0.185569	0.340362	0.921801
16528	4.091741	-0.482953	9.535768	0.020270	-0.054815	-0.004696	-0.340471	-0.857475	0.385767	0.921753	-0.385376	-0.043084	0.185609	0.340913	0.921590
16529	4.055760	-0.495246	9.469709	0.014846	-0.040239	0.001071	-0.340412	-0.857320	0.386164	0.921766	-0.385359	-0.042975	0.185655	0.341324	0.921428
16530	4.007802	-0.562850	9.487938	0.006054	-0.033848	-0.003565	-0.340418	-0.857166	0.386498	0.921742	-0.385421	-0.042930	0.185763	0.341637	0.921290
16531	3.998385	-0.558174	9.465997	0.018420	-0.028882	-0.004565	-0.340432	-0.857028	0.386793	0.921742	-0.385439	-0.042766	0.185737	0.341965	0.921174
16532	4.013467	-0.442250	9.562159	0.014197	-0.028696	-0.003628	-0.340441	-0.856893	0.387083	0.921735	-0.385468	-0.042647	0.185752	0.342269	0.921058
16533	4.029394	-0.344085	9.568720	0.019261	-0.026837	-0.001972	-0.340435	-0.856772	0.387358	0.921746	-0.385461	-0.042485	0.185711	0.342582	0.920950
16534	3.986415	-0.451415	9.462508	0.020395	-0.027617	0.010289	-0.340312	-0.856698	0.387629	0.921801	-0.385341	-0.042363	0.185662	0.342900	0.920841
16535	4.055033	-0.312672	9.501391	0.047259	-0.038733	0.020228	-0.340079	-0.856621	0.388004	0.921939	-0.385048	-0.042029	0.185403	0.343423	0.920699
16536	4.030128	-0.326635	9.456741	0.048764	-0.032788	0.032417	-0.339755	-0.856609	0.388313	0.922117	-0.384655	-0.041731	0.185113	0.343892	0.920582
16537	3.947595	-0.486950	9.480782	0.038569	-0.033318	0.032247	-0.339422	-0.856596	0.388633	0.922279	-0.384288	-0.041524	0.184916	0.344334	0.920457
16538	3.917039	-0.478495	9.471878	0.057745	-0.025600	0.034905	-0.339079	-0.856622	0.388876	0.922485	-0.383832	-0.041154	0.184516	0.344778	0.920370
16539	3.761702	-0.429193	9.487040	0.051251	-0.042107	0.035233	-0.338702	-0.856589	0.389276	0.922681	-0.383396	-0.040842	0.184231	0.345344	0.920215
16540	3.461741	-0.437462	9.551882	0.056349	-0.072124	0.043663	-0.338209	-0.856479	0.389945	0.922906	-0.382888	-0.040518	0.184008	0.346179	0.919946
16541	3.471673	-0.297125	9.714010	0.066614	-0.141276	0.042716	-0.337581	-0.856130	0.391254	0.923154	-0.382333	-0.040095	0.183916	0.347652	0.919409
16542	3.624256	-0.337274	9.704918	0.039785	-0.170236	0.045410	-0.336881	-0.855689	0.392820	0.923360	-0.381854	-0.039932	0.184170	0.349262	0.918748
16543	3.854392	0.063996	10.209849	-0.056084	-0.194281	-0.046000	-0.336972	-0.854811	0.394649	0.923083	-0.382486	-0.040289	0.185387	0.350718	0.917948
16544	3.817753	-0.115639	9.343747	-0.061481	-0.297251	-0.031476	-0.336770	-0.853610	0.397411	0.922828	-0.383051	-0.040751	0.187015	0.353018	0.916735
16545	3.376420	-0.290544	10.404608	-0.214032	-0.281523	-0.013111	-0.336386	-0.852541	0.400023	0.922362	-0.383962	-0.042682	0.189982	0.354608	0.915511
16546	3.033709	0.568731	10.743832	0.048156	-0.624602	0.076844	-0.334525	-0.850578	0.405721	0.922687	-0.383193	-0.042575	0.191683	0.360111	0.913005
16547	3.451460	-0.916725	9.621524	-0.199952	-0.731223	0.079283	-0.332402	-0.848206	0.412377	0.922545	-0.383287	-0.044743	0.196011	0.365564	0.909914
16548	3.296077	-0.536808	10.688431	-0.089919	-0.969231	0.080819	-0.329795	-0.844904	0.421156	0.922602	-0.383012	-0.045917	0.200103	0.373416	0.905825
16549	3.289421	-1.084900	10.020691	-0.238116	-1.180968	0.037608	-0.327074	-0.840561	0.431832	0.922222	-0.383637	-0.048249	0.206223	0.382464	0.900662
16550	3.281716	-0.619079	10.570641	-0.317301	-1.392591	-0.003355	-0.324189	-0.835140	0.444345	0.921535	-0.384918	-0.051105	0.213716	0.392912	0.894397
16551	3.369205	-0.137645	10.602379	-0.494430	-1.626025	-0.024596	-0.320885	-0.828538	0.458866	0.920355	-0.387137	-0.055417	0.223559	0.404537	0.886775
16552	3.453275	0.492001	11.020785	-0.732249	-1.863925	-0.008162	-0.316697	-0.820833	0.475328	0.918628	-0.390250	-0.061859	0.236273	0.417059	0.877631
16553	4.066573	0.736515	11.188403	-1.009352	-2.092167	0.055873	-0.311099	-0.812164	0.493566	0.916319	-0.394114	-0.070952	0.252146	0.430191	0.866809
16554	4.769785	1.055342	11.628534	-1.257071	-2.261437	0.160617	-0.303741	-0.802901	0.512924	0.913507	-0.398350	-0.082598	0.270641	0.443471	0.854451
16555	5.328553	1.341631	13.370719	-1.463593	-2.404245	0.312977	-0.294155	-0.793306	0.533047	0.910310	-0.402484	-0.096655	0.291220	0.456807	0.840547
16556	5.309094	1.772501	14.641063	-1.774982	-2.581591	0.459951	-0.282175	-0.783184	0.554075	0.906237	-0.407125	-0.113949	0.314821	0.469970	0.824631
16557	5.597457	0.761857	13.875618	-2.190421	-2.786735	0.553862	-0.268035	-0.772155	0.576137	0.900541	-0.413296	-0.134954	0.342321	0.482663	0.806135
16558	6.593038	-0.187879	13.448280	-2.097616	-2.872759	0.535081	-0.253038	-0.760306	0.598253	0.894458	-0.419498	-0.154809	0.368668	0.495940	0.786211
16559	6.359122	0.151057	12.489517	-2.025322	-2.879998	0.529559	-0.237357	-0.748042	0.619754	0.888012	-0.425727	-0.173757	0.393824	0.509106	0.765319
16560	6.814922	0.478598	11.218010	-1.890186	-2.826610	0.560640	-0.220953	-0.735852	0.640079	0.881613	-0.431349	-0.191561	0.417058	0.521976	0.744045
16561	5.066498	0.973467	9.634001	-1.965801	-2.728360	0.640850	-0.203648	-0.724208	0.658825	0.874524	-0.437089	-0.210145	0.440154	0.533363	0.722350
16562	1.586662	0.573482	9.754668	-1.964421	-2.527697	0.655152	-0.186555	-0.713469	0.675396	0.866921	-0.442986	-0.228500	0.462218	0.542887	0.701162
16563	-2.531658	4.546510	10.003564	-1.640434	-1.765036	0.364250	-0.175114	-0.705435	0.686801	0.859830	-0.449395	-0.242357	0.479612	0.548092	0.685250
16564	-2.388231	9.059995	13.112466	-1.534477	-0.818732	-0.522741	-0.175618	-0.698555	0.693671	0.851426	-0.461496	-0.249189	0.494199	0.546848	0.675815
16565	0.301353	3.230741	16.209012	-1.041971	0.477993	-1.489254	-0.190635	-0.694126	0.694152	0.843482	-0.477566	-0.245903	0.502192	0.538627	0.676524
16566	-6.360299	4.209055	13.414915	-0.082167	1.684946	-1.898031	-0.215062	-0.693892	0.687213	0.839209	-0.491201	-0.233346	0.499477	0.526531	0.687959
16567	-9.767746	3.511503	10.845121	0.402172	2.231722	-1.785587	-0.241097	-0.696598	0.675739	0.837101	-0.501569	-0.218382	0.491054	0.513011	0.704050
16568	-8.330453	1.661002	11.276923	0.705833	2.551384	-1.420300	-0.265376	-0.702329	0.660538	0.836918	-0.507950	-0.203849	0.478689	0.498719	0.722589
16569	-5.283137	-0.331767	13.186772	1.099638	3.059111	-0.994338	-0.288101	-0.712251	0.640075	0.839306	-0.509630	-0.189321	0.461046	0.482676	0.744621
16570	-2.730456	-1.422056	14.089611	1.499082	3.705202	-0.529139	-0.309220	-0.727095	0.612957	0.844454	-0.506358	-0.174642	0.437357	0.463611	0.770574
16571	-1.303289	-1.753775	13.834777	1.817628	4.274016	-0.049050	-0.327730	-0.746159	0.579517	0.851958	-0.498536	-0.160092	0.408364	0.441257	0.799081
16572	-0.612671	-1.498903	12.829808	2.047475	4.621452	0.329798	-0.343033	-0.767610	0.541390	0.861083	-0.487268	-0.145276	0.375318	0.416347	0.828125
16573	0.076162	-0.627564	11.886041	2.160544	4.660486	0.475140	-0.355619	-0.788674	0.501526	0.870451	-0.474894	-0.129579	0.340368	0.390473	0.855383
16574	0.777680	0.244165	11.494579	2.090548	4.438786	0.390223	-0.366569	-0.807278	0.462524	0.878614	-0.463890	-0.113325	0.306045	0.364839	0.879334
16575	2.829380	0.685777	12.841917	1.987752	4.013203	0.211030	-0.376364	-0.822395	0.426635	0.885137	-0.455192	-0.096603	0.273647	0.341273	0.899250
16576	7.711522	0.481676	13.847441	1.886644	3.773621	-0.048343	-0.386545	-0.834633	0.392391	0.889819	-0.449375	-0.079278	0.242498	0.318512	0.916376
16577	9.748350	2.061289	12.868783	1.730653	3.694552	-0.396347	-0.398509	-0.844172	0.358559	0.892180	-0.447430	-0.061821	0.212617	0.295263	0.931458
16578	12.014892	1.486163	11.323999	1.439344	3.379761	-0.876015	-0.413071	-0.849848	0.327310	0.891490	-0.450767	-0.045322	0.186057	0.273072	0.943830
16579	13.283804	1.341911	11.892185	1.317848	3.105297	-1.390853	-0.430865	-0.851660	0.298380	0.887889	-0.459175	-0.028490	0.161272	0.252653	0.954022
16580	19.296959	8.762771	6.780621	-3.258112	0.530252	-1.364903	-0.443840	-0.846549	0.293873	0.876230	-0.478682	-0.055543	0.187692	0.232848	0.954229
16581	25.615763	-22.049179	-14.297209	-2.024506	0.349514	-1.026154	-0.453495	-0.842338	0.291220	0.867639	-0.491970	-0.071885	0.203823	0.220075	0.953951
16582	35.171663	-22.952513	-10.061097	-1.342418	-0.484881	-1.065179	-0.461686	-0.835969	0.296651	0.859928	-0.503858	-0.081556	0.217648	0.217445	0.951497
16583	36.102013	-9.221008	-11.525731	-0.687745	-0.904543	-0.838384	-0.466881	-0.829701	0.305972	0.854479	-0.512387	-0.085589	0.227789	0.221487	0.948185
16584	14.989461	-19.514846	-14.170461	-0.671398	-1.514851	-0.684136	-0.469181	-0.822730	0.320912	0.849685	-0.519585	-0.089814	0.240634	0.230535	0.942841
16585	13.747818	-27.473161	27.688337	1.873211	-2.363079	-0.589260	-0.468585	-0.813851	0.343619	0.851360	-0.519853	-0.070278	0.235828	0.259612	0.936476
16586	8.211884	2.432276	22.809611	1.601332	0.029192	0.251080	-0.466532	-0.815203	0.343209	0.856173	-0.513627	-0.056170	0.222072	0.267641	0.937578
16587	-2.926379	8.801101	1.001719	0.105558	-1.371521	0.167277	-0.462038	-0.812285	0.355969	0.857163	-0.512015	-0.055793	0.227581	0.279345	0.932831
16588	15.799004	6.048803	17.794353	0.263428	-0.958285	-0.031828	-0.460142	-0.809379	0.364931	0.857593	-0.511564	-0.053255	0.229789	0.288457	0.929510
16589	1.133359	-1.548482	4.977854	-0.614056	-0.321815	-0.077991	-0.460082	-0.808027	0.367991	0.855778	-0.514003	-0.058696	0.236576	0.287913	0.927975
16590	5.583462	1.911532	12.143037	0.668841	-0.634984	0.071032	-0.458003	-0.806512	0.373860	0.857652	-0.511514	-0.052787	0.233808	0.296466	0.925982
16591	5.454413	1.224013	8.794976	-0.293447	-0.328932	0.070083	-0.456648	-0.805869	0.376893	0.857256	-0.511859	-0.055788	0.237874	0.297618	0.924575
16592	4.279351	-0.701532	10.648186	0.023930	-0.236875	0.083044	-0.455394	-0.805562	0.379059	0.857667	-0.511157	-0.055907	0.238795	0.299647	0.923682
16593	3.738918	-1.898996	9.388539	-0.038171	-0.268362	0.055697	-0.454295	-0.805015	0.381533	0.857805	-0.510861	-0.056494	0.240389	0.301616	0.922627
16594	4.345124	-0.721012	10.213438	0.054609	-0.261747	0.042565	-0.453322	-0.804416	0.383946	0.858105	-0.510392	-0.056179	0.241155	0.303998	0.921645
16595	4.053489	-1.706435	9.553184	0.007997	-0.250460	0.016913	-0.452594	-0.803713	0.386271	0.858176	-0.510271	-0.056194	0.242266	0.306055	0.920672
16596	5.413498	-1.936227	9.987383	0.016012	-0.171689	-0.014972	-0.452328	-0.803085	0.387883	0.858122	-0.510381	-0.056015	0.242953	0.307514	0.920005
16597	3.847544	-0.588507	9.741814	0.125576	-0.183276	-0.037408	-0.452226	-0.802303	0.389616	0.858233	-0.510333	-0.054737	0.242750	0.309628	0.919349
16598	4.376889	-0.405962	9.329340	0.020698	-0.144558	-0.032899	-0.452179	-0.801663	0.390987	0.858110	-0.510572	-0.054445	0.243273	0.310891	0.918785
16599	4.285652	-0.405398	9.531992	0.040072	-0.092328	-0.021563	-0.452162	-0.801240	0.391874	0.858085	-0.510659	-0.054015	0.243392	0.311838	0.918432
16600	4.196605	-0.658173	9.434165	0.017965	-0.059945	-0.022707	-0.452233	-0.800912	0.392460	0.858001	-0.510824	-0.053787	0.243557	0.312407	0.918195
16601	4.154976	-0.494041	9.514490	0.017307	-0.056718	-0.020907	-0.452296	-0.800602	0.393019	0.857924	-0.510977	-0.053568	0.243710	0.312952	0.917969
16602	4.117891	-0.749256	9.413038	-0.006673	-0.044617	-0.021646	-0.452395	-0.800328	0.393464	0.857784	-0.511210	-0.053570	0.244017	0.313273	0.917778
16603	4.075575	-0.489722	9.507927	0.012311	-0.029197	-0.029305	-0.452597	-0.800061	0.393775	0.857657	-0.511445	-0.053365	0.244089	0.313571	0.917657
16604	4.059694	-0.599046	9.415008	-0.020587	-0.038816	-0.026816	-0.452755	-0.799777	0.394169	0.857460	-0.511764	-0.053474	0.244489	0.313774	0.917481
16605	4.009024	-0.393663	9.536191	0.000763	-0.041889	-0.027015	-0.452906	-0.799482	0.394595	0.857315	-0.512017	-0.053383	0.244718	0.314115	0.917303
16606	4.015258	-0.453576	9.437073	-0.016130	-0.042402	-0.023169	-0.453023	-0.799205	0.395020	0.857145	-0.512292	-0.053465	0.245096	0.314369	0.917115
16607	4.008940	-0.495356	9.551911	-0.016591	-0.059393	-0.021654	-0.453085	-0.798882	0.395604	0.856982	-0.512556	-0.053554	0.245553	0.314761	0.916859
16608	4.151627	-0.513313	9.490061	-0.001229	-0.056011	-0.018884	-0.453132	-0.798584	0.396151	0.856868	-0.512751	-0.053517	0.245864	0.315199	0.916624
16609	4.103447	-0.464644	9.499544	-0.005507	-0.059780	-0.014348	-0.453129	-0.798296	0.396734	0.856765	-0.512922	-0.053532	0.246228	0.315650	0.916371
16610	4.149111	-0.581601	9.454370	0.008838	-0.058393	-0.015249	-0.453138	-0.798009	0.397301	0.856692	-0.513055	-0.053417	0.246464	0.316159	0.916132
16611	4.189974	-0.436640	9.480369	0.012558	-0.055639	-0.006032	-0.453075	-0.797776	0.397841	0.856671	-0.513102	-0.053300	0.246654	0.316670	0.915905
16612	4.135411	-0.427034	9.429623	0.023893	-0.046537	-0.005288	-0.453027	-0.797576	0.398294	0.856680	-0.513109	-0.053086	0.246708	0.317161	0.915720
16613	4.131946	-0.404703	9.464709	0.034008	-0.039114	0.002895	-0.452928	-0.797441	0.398677	0.856753	-0.513017	-0.052808	0.246639	0.317650	0.915570
16614	4.080798	-0.450322	9.461507	0.027465	-0.041504	0.003509	-0.452818	-0.797303	0.399079	0.856811	-0.512941	-0.052596	0.246639	0.318119	0.915407
16615	4.151850	-0.498875	9.468223	0.037058	-0.051897	0.008991	-0.452635	-0.797158	0.399577	0.856918	-0.512790	-0.052315	0.246602	0.318725	0.915206
16616	4.096617	-0.488006	9.417928	0.040443	-0.039523	0.009622	-0.452477	-0.797056	0.399957	0.857036	-0.512624	-0.052009	0.246482	0.319245	0.915057
16617	4.121255	-0.483200	9.403523	0.036601	-0.045072	0.007740	-0.452321	-0.796926	0.400393	0.857137	-0.512485	-0.051727	0.246418	0.319794	0.914883
16618	4.131255	-0.415031	9.465949	0.042063	-0.037668	0.015346	-0.452119	-0.796859	0.400753	0.857285	-0.512268	-0.051429	0.246275	0.320307	0.914741
16619	4.113813	-0.438275	9.474006	0.022469	-0.038943	0.013690	-0.451928	-0.796779	0.401129	0.857377	-0.512126	-0.051301	0.246304	0.320735	0.914584
16620	4.101532	-0.650757	9.421802	0.033247	-0.038686	0.012048	-0.451752	-0.796692	0.401501	0.857488	-0.511963	-0.051070	0.246240	0.321211	0.914434
16621	4.073946	-0.500689	9.432812	0.052094	-0.049870	0.014448	-0.451527	-0.796579	0.401976	0.857657	-0.511719	-0.050674	0.246065	0.321877	0.914247
16622	4.036999	-0.548340	9.449949	0.038135	-0.058925	0.012480	-0.451297	-0.796429	0.402532	0.857782	-0.511537	-0.050401	0.246051	0.322539	0.914017
16623	4.160379	-0.443443	9.416894	0.052447	-0.063435	0.015070	-0.451034	-0.796275	0.403131	0.857954	-0.511286	-0.050004	0.245933	0.323315	0.913775
16624	4.180316	-0.393578	9.441423	0.058772	-0.070544	0.021068	-0.450702	-0.796130	0.403789	0.858169	-0.510968	-0.049577	0.245793	0.324175	0.913508
16625	4.075798	-0.509943	9.433412	0.056494	-0.056258	0.025494	-0.450366	-0.796051	0.404317	0.858398	-0.510621	-0.049186	0.245608	0.324913	0.913295
16626	4.150268	-0.435921	9.455838	0.061820	-0.074366	0.027576	-0.449969	-0.795925	0.405007	0.858649	-0.510240	-0.048758	0.245459	0.325819	0.913013
16627	4.055499	-0.499307	9.420669	0.062703	-0.084959	0.034075	-0.449490	-0.795796	0.405792	0.858931	-0.509804	-0.048346	0.245348	0.326817	0.912686
16628	4.066243	-0.325243	9.440244	0.068292	-0.089664	0.037632	-0.448969	-0.795669	0.406616	0.859243	-0.509320	-0.047900	0.245211	0.327876	0.912343
16629	4.148059	-0.380242	9.498291	0.049819	-0.117817	0.050470	-0.448269	-0.795513	0.407693	0.859567	-0.508795	-0.047673	0.245357	0.329069	0.911874
16630	3.967815	-0.491281	9.453880	0.068858	-0.116489	0.050167	-0.447574	-0.795360	0.408755	0.859936	-0.508208	-0.047275	0.245333	0.330344	0.911419
16631	4.234812	-0.546324	9.480853	0.033138	-0.127686	0.043208	-0.446911	-0.795131	0.409925	0.860186	-0.507795	-0.047172	0.245665	0.331530	0.910899
16632	4.106408	-0.493743	9.486028	0.048859	-0.150889	0.038384	-0.446232	-0.794799	0.411304	0.860452	-0.507367	-0.046909	0.245965	0.332975	0.910290
16633	4.072082	-0.570896	9.529604	0.032802	-0.178880	0.032682	-0.445532	-0.794342	0.412943	0.860654	-0.507037	-0.046767	0.246526	0.334565	0.909555
16634	4.045451	-0.466684	9.507158	0.055535	-0.212510	0.032249	-0.444752	-0.793768	0.414883	0.860910	-0.506635	-0.046420	0.247041	0.336532	0.908690
16635	3.992987	-0.464959	9.517192	0.029988	-0.259065	0.032147	-0.443856	-0.793030	0.417248	0.861103	-0.506318	-0.046302	0.247979	0.338742	0.907613
16636	4.114740	-0.461173	9.473149	0.028166	-0.304337	0.032309	-0.442844	-0.792134	0.420016	0.861291	-0.506006	-0.046206	0.249132	0.341294	0.906340
16637	4.031309	-0.415444	9.512566	0.021065	-0.352316	0.037463	-0.441663	-0.791089	0.423216	0.861485	-0.505677	-0.046195	0.250555	0.344192	0.904851
16638	4.121200	-0.416162	9.490628	0.004217	-0.402550	0.040256	-0.440326	-0.789876	0.426859	0.861648	-0.505385	-0.046351	0.252340	0.347393	0.903130
16639	3.971115	-0.208166	9.602531	0.009297	-0.465728	0.051803	-0.438721	-0.788485	0.431063	0.861875	-0.504983	-0.046510	0.254352	0.351117	0.901122
16640	4.018282	-0.259680	9.576036	-0.026448	-0.545155	0.062607	-0.436810	-0.786851	0.435962	0.862057	-0.504624	-0.047043	0.257013	0.355275	0.898735
16641	3.955586	-0.438055	9.578808	-0.034713	-0.634588	0.070778	-0.434580	-0.784911	0.441649	0.862251	-0.504232	-0.047685	0.260122	0.360089	0.895920
16642	3.958570	-0.331944	9.642122	-0.051607	-0.749756	0.069127	-0.432042	-0.782514	0.448343	0.862390	-0.503918	-0.048477	0.263861	0.365702	0.892546
16643	4.045540	-0.301571	9.669459	-0.108931	-0.862179	0.083610	-0.429047	-0.779729	0.456006	0.862436	-0.503707	-0.049844	0.268558	0.371890	0.888580
16644	4.434455	-0.482528	9.325927	-0.125843	-0.940584	0.079966	-0.425828	-0.776578	0.464324	0.862411	-0.503597	-0.051349	0.273709	0.378573	0.884175
16645	4.271846	-0.301018	9.531321	-0.131455	-1.024370	0.083429	-0.422298	-0.773055	0.473339	0.862377	-0.503493	-0.052918	0.279232	0.385849	0.879289
16646	4.685439	-0.432032	9.322022	-0.177895	-1.100649	0.084454	-0.418483	-0.769167	0.482963	0.862205	-0.503576	-0.054902	0.285437	0.393438	0.873918
16647	4.694404	-0.434659	9.345054	-0.174028	-1.162619	0.089820	-0.414374	-0.764971	0.493065	0.862052	-0.503619	-0.056874	0.291824	0.401481	0.868131
16648	4.672271	-0.348886	9.443237	-0.199292	-1.233936	0.090401	-0.409972	-0.760396	0.503708	0.861811	-0.503779	-0.059067	0.298672	0.409885	0.861853
16649	4.424978	0.045935	9.660782	-0.261855	-1.350538	0.118811	-0.404883	-0.755370	0.515253	0.861477	-0.504005	-0.061936	0.306475	0.418802	0.854797
16650	4.579939	-0.088658	9.758615	-0.372816	-1.554543	0.159811	-0.398688	-0.749564	0.528395	0.860934	-0.504422	-0.065959	0.315975	0.428616	0.846433
16651	4.381263	-0.381084	9.620091	-0.441150	-1.716905	0.205274	-0.391425	-0.743121	0.542731	0.860302	-0.504846	-0.070786	0.326599	0.439205	0.836918
16652	4.170335	-0.208613	9.965263	-0.544889	-1.991723	0.252756	-0.382643	-0.735506	0.559120	0.859442	-0.505444	-0.076724	0.339035	0.451174	0.825529
16653	3.465911	0.438579	10.416530	-0.598931	-2.347041	0.337891	-0.371637	-0.726429	0.578089	0.858617	-0.505761	-0.083561	0.353076	0.465303	0.811684
16654	3.392615	1.094969	11.434006	-0.754231	-2.884340	0.461896	-0.357262	-0.715075	0.600859	0.857549	-0.506045	-0.092353	0.370100	0.482272	0.794002
16655	5.391579	0.799991	11.747531	-0.956888	-3.237275	0.652292	-0.339392	-0.702439	0.625613	0.856160	-0.506166	-0.103862	0.389621	0.500375	0.773189
16656	5.238744	0.844016	12.368545	-1.199789	-3.560754	0.872133	-0.317684	-0.688679	0.651765	0.854194	-0.506253	-0.118574	0.411618	0.519065	0.749094
16657	6.481252	1.112217	13.151974	-1.425292	-3.941897	1.096345	-0.291644	-0.673348	0.679372	0.851468	-0.506368	-0.136356	0.435828	0.538696	0.721014
16658	7.502133	0.049045	13.729070	-1.728770	-4.401031	1.280717	-0.261005	-0.655655	0.708515	0.847217	-0.507385	-0.157429	0.462708	0.559176	0.687912
16659	8.644385	-0.206707	14.649076	-1.749345	-4.692382	1.359748	-0.227199	-0.635784	0.737672	0.842184	-0.508618	-0.178979	0.488985	0.580592	0.651005
16660	11.236984	-1.208787	15.954572	-1.874046	-4.758253	1.293508	-0.192478	-0.614249	0.765278	0.835472	-0.511637	-0.200532	0.514721	0.600770	0.611667
16661	11.254732	-2.005754	15.773052	-1.658287	-4.784940	1.135924	-0.157871	-0.590808	0.791216	0.828715	-0.514969	-0.219179	0.536944	0.621090	0.570910
16662	10.236560	-2.003323	15.092798	-1.386000	-4.633550	1.010994	-0.124239	-0.566769	0.814455	0.822556	-0.517894	-0.234921	0.554948	0.640749	0.530541
16663	8.060698	-0.749784	14.276803	-1.212567	-4.541710	0.984688	-0.090631	-0.542311	0.835275	0.816768	-0.520362	-0.249227	0.569804	0.659638	0.490103
16664	5.707182	0.979191	13.306330	-1.179344	-4.305438	1.085606	-0.057003	-0.519188	0.852757	0.810760	-0.522506	-0.263924	0.582597	0.676337	0.450721
16665	2.497036	2.561854	13.020949	-1.427736	-3.866713	1.303513	-0.023711	-0.499592	0.865936	0.802849	-0.525653	-0.281286	0.595711	0.688547	0.413561
16666	-7.792303	5.703610	9.430020	-1.935378	-3.417007	1.622941	0.009831	-0.484507	0.874732	0.791272	-0.531080	-0.303054	0.611385	0.695131	0.378156
16667	13.240884	-1.593705	17.508524	-1.981066	-5.216158	1.026191	0.050145	-0.453338	0.889927	0.778687	-0.540222	-0.319071	0.625405	0.708975	0.325920
16668	11.230051	1.013556	16.600895	-0.829357	-0.925984	0.424961	0.059235	-0.449063	0.891534	0.773244	-0.544199	-0.325487	0.631336	0.708653	0.315000
16669	-1.214268	1.490213	16.216009	0.049870	0.811377	0.111496	0.054966	-0.455368	0.888605	0.773472	-0.543385	-0.326303	0.631442	0.705247	0.322347
16670	-7.738549	2.301512	11.191537	0.215725	1.014830	-0.075158	0.047952	-0.462089	0.885536	0.774878	-0.542221	-0.324901	0.630290	0.701762	0.332062
16671	-4.529863	3.162429	11.488360	0.311567	0.841717	-0.105832	0.041826	-0.467376	0.883069	0.776863	-0.540573	-0.322901	0.628279	0.699529	0.340477
16672	-0.948982	2.043745	12.848617	0.399635	1.463021	-0.133283	0.031583	-0.476852	0.878416	0.779427	-0.538420	-0.320308	0.625697	0.694777	0.354666
16673	-0.401536	0.832781	12.929185	0.576186	2.399764	-0.222366	0.014868	-0.492192	0.870359	0.783049	-0.535562	-0.316239	0.621782	0.686236	0.377448
16674	-1.747693	0.484494	11.545317	0.850400	3.131934	-0.292721	-0.006839	-0.511951	0.858987	0.788334	-0.531243	-0.310341	0.615210	0.675046	0.407222
16675	-2.381084	0.232497	10.646068	1.054153	3.539652	-0.292374	-0.030783	-0.534038	0.844900	0.794693	-0.525767	-0.303368	0.606231	0.662098	0.440581
16676	-1.479457	-0.356571	10.871551	1.223447	3.797436	-0.236383	-0.055512	-0.557684	0.828195	0.801953	-0.519039	-0.295754	0.594803	0.647755	0.476049
16677	0.122195	-1.332592	11.423883	1.381483	4.071724	-0.130332	-0.080513	-0.583029	0.808452	0.809961	-0.510988	-0.287844	0.580930	0.631640	0.513372
16678	1.526733	-2.333015	11.649144	1.627433	4.409321	0.023003	-0.105595	-0.610616	0.784855	0.819311	-0.500709	-0.279320	0.563541	0.613546	0.553157
16679	2.166873	-2.751159	11.304384	1.923453	4.726926	0.205522	-0.130050	-0.640133	0.757177	0.830164	-0.487857	-0.269858	0.542139	0.593486	0.594861
16680	2.393232	-2.786864	10.762640	2.226579	4.902525	0.361449	-0.153013	-0.670464	0.725992	0.842478	-0.472499	-0.258795	0.516544	0.572033	0.637150
16681	2.908694	-2.442437	10.482824	2.483213	4.913063	0.416146	-0.174164	-0.699933	0.692648	0.855603	-0.455758	-0.245414	0.487453	0.549890	0.678241
16682	4.210051	-1.795913	10.986765	2.682902	4.829235	0.328812	-0.194125	-0.727445	0.658133	0.868872	-0.438945	-0.228887	0.455387	0.527401	0.717266
16683	6.377505	-1.214563	12.444910	2.785230	4.811571	0.128414	-0.214113	-0.752785	0.622471	0.881321	-0.423675	-0.209220	0.421223	0.503800	0.754160
16684	8.382537	-0.651655	13.796421	2.785528	4.976044	-0.171024	-0.235723	-0.776512	0.584350	0.892182	-0.411302	-0.186657	0.385286	0.477347	0.789743
16685	8.962090	-0.724127	14.422077	2.708932	5.185698	-0.491200	-0.259172	-0.798473	0.543388	0.900882	-0.402685	-0.162039	0.348199	0.447533	0.823694
16686	8.816833	-1.478473	14.868798	2.630526	5.313535	-0.773988	-0.283679	-0.818322	0.499876	0.907447	-0.397584	-0.135890	0.309944	0.415062	0.855370
16687	9.092096	-2.926407	15.715860	2.599258	5.354670	-0.961041	-0.307992	-0.835808	0.454494	0.912128	-0.395228	-0.108707	0.270487	0.381076	0.884092
16688	10.380351	-4.545153	16.866799	2.707666	5.409651	-1.014925	-0.330780	-0.851498	0.406861	0.915648	-0.393936	-0.080021	0.228416	0.346072	0.909978
16689	12.834807	-5.956298	17.772659	2.835173	5.578608	-1.005873	-0.351522	-0.865802	0.356117	0.918036	-0.393324	-0.050070	0.183420	0.309328	0.933099
16690	14.786803	-7.114374	17.040372	2.935969	5.804362	-0.917801	-0.369222	-0.879034	0.301619	0.919413	-0.392818	-0.019340	0.135482	0.270171	0.953232
16691	7.862566	-5.828726	17.624538	2.594402	5.750259	-0.710959	-0.382276	-0.890591	0.246398	0.919650	-0.392667	0.007526	0.090050	0.229477	0.969139
16692	22.296206	-7.433652	5.424317	-2.719943	2.287330	-0.055104	-0.385031	-0.895277	0.224120	0.916770	-0.398975	-0.018778	0.106230	0.198236	0.974381
16693	26.609799	-19.753992	0.862524	1.949256	2.633707	1.211209	-0.376346	-0.905014	0.198279	0.923164	-0.384400	-0.002316	0.078314	0.182172	0.980143
16694	37.809177	-19.678049	-0.092121	0.105362	2.907378	0.830334	-0.370780	-0.913095	0.169644	0.926339	-0.376681	-0.002818	0.066475	0.156103	0.985501
16695	29.198753	0.492471	-5.638580	0.581152	2.659616	0.656495	-0.366285	-0.919387	0.143401	0.929086	-0.369859	0.001861	0.051327	0.133913	0.989663
16696	21.007871	-5.814405	-19.719287	-0.222081	0.983851	0.013919	-0.366668	-0.920703	0.133644	0.929018	-0.370034	-0.000376	0.049799	0.124020	0.991029
16697	21.260779	-9.515401	-17.575886	-0.452603	-1.036027	-0.992050	-0.375336	-0.915642	0.143950	0.925079	-0.379757	-0.003515	0.057885	0.131846	0.989579
16698	25.284641	-8.906038	-11.389321	-0.952928	-2.418678	-1.384468	-0.386506	-0.906868	0.167943	0.919158	-0.393742	-0.010792	0.075913	0.150195	0.985738
16699	9.676528	-10.823505	-1.330452	-0.804212	-2.893354	-0.913448	-0.392444	-0.898531	0.196543	0.914898	-0.403325	-0.017065	0.094604	0.173119	0.980347
16700	4.720314	-4.204071	20.976701	-0.867181	-2.823761	-0.008431	-0.389606	-0.893286	0.224159	0.913947	-0.405029	-0.025551	0.113616	0.194914	0.974218
16701	-1.020183	-5.128248	12.923835	-1.641594	-2.503545	0.743170	-0.379684	-0.891188	0.248241	0.914720	-0.401765	-0.043277	0.138303	0.210640	0.967731
16702	2.920981	-4.443419	6.575795	-0.781697	-2.989947	0.507582	-0.370653	-0.886556	0.276829	0.915454	-0.399026	-0.052173	0.156716	0.234086	0.959502
16703	7.937425	-0.889607	12.380880	-0.229080	-3.153656	0.005710	-0.365467	-0.878751	0.306968	0.915082	-0.399582	-0.054404	0.170466	0.261018	0.950164
16704	13.806528	-2.859172	17.915392	-0.195517	-2.811271	-0.044801	-0.360941	-0.870882	0.333595	0.914556	-0.400545	-0.056138	0.182509	0.284829	0.941043
16705	24.666992	-5.566401	21.766128	-0.038832	-1.589484	0.183381	-0.356339	-0.866958	0.348434	0.915122	-0.399105	-0.057152	0.188610	0.298494	0.935589
16706	4.105679	0.810437	8.583706	-0.157336	-0.338627	0.039314	-0.355362	-0.866080	0.351602	0.914943	-0.399278	-0.058790	0.191304	0.300804	0.934302
16707	4.487368	0.197805	12.755550	0.053196	-0.913014	-0.054831	-0.354130	-0.863055	0.360177	0.914832	-0.399631	-0.058123	0.194101	0.308918	0.931072
16708	5.504261	-3.631418	9.815532	-0.316991	-0.515220	-0.068463	-0.353769	-0.861160	0.365034	0.913946	-0.401248	-0.060850	0.198871	0.312095	0.929003
16709	3.251916	1.677617	9.772155	0.404169	-0.517621	-0.047007	-0.353200	-0.859319	0.369894	0.914561	-0.400419	-0.056950	0.197051	0.318176	0.927327
16710	4.339094	1.095158	10.622159	-0.248736	-0.572528	-0.029912	-0.352358	-0.857344	0.375239	0.913939	-0.401515	-0.059169	0.201393	0.322097	0.925038
16711	4.864060	-1.497047	9.506229	-0.061354	-0.482028	-0.025974	-0.351644	-0.855656	0.379736	0.913704	-0.401977	-0.059661	0.203695	0.325987	0.923169
16712	4.639434	-0.685623	10.127533	-0.013123	-0.407837	-0.035854	-0.351163	-0.854153	0.383545	0.913530	-0.402370	-0.059672	0.205296	0.329425	0.921592
16713	4.145000	-0.899546	9.728158	-0.016930	-0.348881	-0.044312	-0.350874	-0.852798	0.386811	0.913320	-0.402845	-0.059680	0.206720	0.332342	0.920226
16714	3.968243	-1.079161	9.808481	-0.032129	-0.376902	-0.053175	-0.350603	-0.851303	0.390334	0.913046	-0.403449	-0.059795	0.208384	0.335429	0.918729
16715	4.035289	-0.776750	9.713138	0.022113	-0.376347	-0.056107	-0.350354	-0.849785	0.393850	0.912876	-0.403893	-0.059395	0.209546	0.338727	0.917254
16716	7.004125	-1.995021	10.385695	-0.087492	-0.359055	-0.064901	-0.350215	-0.848279	0.397204	0.912444	-0.404785	-0.059966	0.211650	0.341426	0.915769
16717	3.477223	-0.844500	9.214686	0.125157	-0.124341	-0.071702	-0.350631	-0.847541	0.398412	0.912437	-0.405006	-0.058557	0.210989	0.342994	0.915335
16718	4.173503	-0.747954	9.414801	-0.029237	-0.153393	-0.075087	-0.351018	-0.846687	0.399886	0.912091	-0.405786	-0.058551	0.211843	0.344180	0.914693
16719	4.337040	-0.828311	9.563090	0.029920	-0.142082	-0.070946	-0.351388	-0.845885	0.401253	0.911885	-0.406325	-0.058016	0.212114	0.345511	0.914128
16720	4.336244	-0.705838	9.383610	0.016341	-0.135974	-0.068303	-0.351748	-0.845114	0.402561	0.911658	-0.406890	-0.057618	0.212492	0.346731	0.913578
16721	4.317960	-0.456222	9.439945	0.013899	-0.122688	-0.063428	-0.352089	-0.844407	0.403745	0.911445	-0.407419	-0.057258	0.212842	0.347832	0.913078
16722	4.174163	-0.486202	9.467602	-0.009708	-0.113188	-0.053167	-0.352358	-0.843773	0.404835	0.911215	-0.407946	-0.057158	0.213379	0.348752	0.912602
16723	4.181634	-0.525202	9.370723	-0.007099	-0.110264	-0.048514	-0.352589	-0.843167	0.405895	0.911009	-0.408421	-0.057047	0.213877	0.349660	0.912137
16724	4.323174	-0.397981	9.422435	-0.012971	-0.103869	-0.038727	-0.352745	-0.842622	0.406891	0.910823	-0.408837	-0.057035	0.214411	0.350487	0.911695
16725	4.254666	-0.584748	9.405497	-0.025019	-0.102224	-0.037798	-0.352894	-0.842085	0.407871	0.910616	-0.409285	-0.057130	0.215044	0.351253	0.911251
16726	4.260255	-0.509050	9.387644	-0.009487	-0.091193	-0.028853	-0.352986	-0.841623	0.408744	0.910472	-0.409605	-0.057125	0.215502	0.351986	0.910859
16727	4.289066	-0.510219	9.370731	-0.008695	-0.082818	-0.019776	-0.353012	-0.841227	0.409536	0.910364	-0.409844	-0.057145	0.215918	0.352654	0.910502
16728	4.323574	-0.562936	9.370173	0.000670	-0.068810	-0.017067	-0.353043	-0.840891	0.410199	0.910284	-0.410029	-0.057095	0.216204	0.353240	0.910207
16729	4.308435	-0.630615	9.339837	0.012160	-0.076785	-0.007237	-0.352968	-0.840566	0.410928	0.910264	-0.410089	-0.056976	0.216409	0.353943	0.909885
16730	4.239638	-0.458672	9.472587	0.024859	-0.072678	-0.010763	-0.352934	-0.840241	0.411622	0.910259	-0.410135	-0.056731	0.216489	0.354660	0.909587
16731	4.232344	-0.522655	9.408703	0.027008	-0.079229	0.001558	-0.352772	-0.839943	0.412368	0.910302	-0.410068	-0.056514	0.216567	0.355443	0.909263
16732	4.259761	-0.520987	9.392513	0.039085	-0.068618	0.002518	-0.352626	-0.839686	0.413017	0.910374	-0.409952	-0.056194	0.216503	0.356184	0.908988
16733	4.161069	-0.705156	9.424425	0.034385	-0.092045	0.001973	-0.352433	-0.839342	0.413879	0.910436	-0.409855	-0.055912	0.216559	0.357105	0.908613
16734	4.153718	-0.621244	9.386474	0.061914	-0.109004	-0.001281	-0.352234	-0.838924	0.414896	0.910544	-0.409688	-0.055369	0.216428	0.358278	0.908183
16735	4.300412	-0.511616	9.400995	0.045822	-0.118668	0.003178	-0.351973	-0.838487	0.415998	0.910634	-0.409539	-0.054988	0.216474	0.359468	0.907702
16736	4.170440	-0.543866	9.451045	0.048643	-0.130365	0.007082	-0.351651	-0.838024	0.417203	0.910743	-0.409348	-0.054602	0.216539	0.360764	0.907172
16737	4.243585	-0.443741	9.393967	0.049985	-0.140777	0.009581	-0.351283	-0.837530	0.418501	0.910865	-0.409129	-0.054209	0.216623	0.362155	0.906597
16738	4.184339	-0.524021	9.332261	0.053616	-0.129882	0.012408	-0.350914	-0.837086	0.419697	0.911003	-0.408875	-0.053801	0.216640	0.363466	0.906068
16739	4.299405	-0.418592	9.425048	0.037219	-0.166856	0.020482	-0.350390	-0.836539	0.421224	0.911135	-0.408610	-0.053571	0.216931	0.365021	0.905373
16740	4.462138	-0.494116	9.250412	0.042269	-0.158623	0.028497	-0.349811	-0.836052	0.422670	0.911306	-0.408261	-0.053334	0.217150	0.366525	0.904713
16741	4.290512	-0.502740	9.362679	0.042854	-0.154254	0.029745	-0.349230	-0.835583	0.424076	0.911483	-0.407897	-0.053093	0.217343	0.367996	0.904069
16742	4.322078	-0.479457	9.378144	0.044594	-0.175308	0.039167	-0.348516	-0.835072	0.425665	0.911695	-0.407450	-0.052881	0.217597	0.369646	0.903334
16743	4.356738	-0.595161	9.279517	0.042806	-0.168514	0.039616	-0.347813	-0.834586	0.427192	0.911906	-0.407003	-0.052685	0.217838	0.371235	0.902625
16744	4.425458	-0.560111	9.390661	0.049721	-0.188143	0.039702	-0.347065	-0.834024	0.428894	0.912131	-0.406531	-0.052431	0.218087	0.373011	0.901832
16745	4.206324	-0.638643	9.258872	0.066436	-0.190177	0.039292	-0.346317	-0.833448	0.430614	0.912392	-0.405997	-0.052021	0.218185	0.374873	0.901036
16746	4.389013	-0.644510	9.406561	0.049180	-0.223786	0.029246	-0.345586	-0.832702	0.432640	0.912580	-0.405613	-0.051729	0.218559	0.376941	0.900082
16747	4.061733	-0.501804	9.475209	0.074344	-0.262781	0.033241	-0.344732	-0.831819	0.435013	0.912837	-0.405098	-0.051225	0.218833	0.379437	0.898966
