// General information: 
//  MT Manager version: 2022.2.0 
//  XDA version: 2022.2.0 build 7381 rev 124627 built on 2023-07-19
// Device information: 
//  DeviceId: 00B4CAF0
//  ProductCode: MTW2-3A7G6
//  Firmware Version: 4.6.0
//  Hardware Version: 2.0.0
// Device settings: 
//  Filter Profile: human(46.1)
//  Option Flags: Orientation Smoother Disabled, Position/Velocity Smoother Disabled, Continuous Zero Rotation Update Disabled, AHS Disabled, ICC Disabled
// Coordinate system: ENU
PacketCounter	Acc_X	Acc_Y	Acc_Z	Gyr_X	Gyr_Y	Gyr_Z	Mat[1][1]	Mat[2][1]	Mat[3][1]	Mat[1][2]	Mat[2][2]	Mat[3][2]	Mat[1][3]	Mat[2][3]	Mat[3][3]
35464	4.398916	-0.996898	9.343986	0.011758	0.015110	-0.000521	-0.037615	0.891697	0.451068	-0.993387	0.015633	-0.113743	-0.108476	-0.452363	0.885212
35465	4.386616	-0.955028	9.320175	0.012142	0.010526	0.000649	-0.037558	0.891809	0.450850	-0.993404	0.015596	-0.113605	-0.108345	-0.452142	0.885341
35466	4.356197	-0.979628	9.291427	0.010518	0.009995	0.000041	-0.037518	0.891842	0.450788	-0.993412	0.015594	-0.113530	-0.108280	-0.452077	0.885382
35467	4.375809	-0.986473	9.318718	0.005489	0.004153	0.001541	-0.037476	0.891926	0.450625	-0.993421	0.015579	-0.113454	-0.108213	-0.451913	0.885474
35468	4.422026	-0.961205	9.290865	-0.001004	0.002026	-0.000890	-0.037436	0.891923	0.450635	-0.993418	0.015637	-0.113476	-0.108259	-0.451917	0.885467
35469	4.360673	-0.999200	9.304266	-0.000544	0.000336	0.002151	-0.037404	0.891989	0.450506	-0.993420	0.015644	-0.113456	-0.108249	-0.451786	0.885535
35470	4.420538	-0.957978	9.248667	-0.001008	-0.005960	0.002085	-0.037402	0.891950	0.450583	-0.993415	0.015676	-0.113492	-0.108293	-0.451861	0.885491
35471	4.411715	-0.991202	9.246092	0.002857	-0.002339	0.003018	-0.037382	0.892004	0.450478	-0.993421	0.015660	-0.113445	-0.108248	-0.451755	0.885550
35472	4.430591	-0.995196	9.230790	0.001234	-0.002871	0.002410	-0.037380	0.891980	0.450527	-0.993418	0.015678	-0.113463	-0.108270	-0.451803	0.885523
35473	4.425114	-0.974656	9.218522	0.005100	0.000750	0.003343	-0.037360	0.892047	0.450395	-0.993426	0.015649	-0.113398	-0.108205	-0.451671	0.885599
35474	4.469323	-1.006343	9.242640	0.004945	0.004488	0.003691	-0.037362	0.892056	0.450378	-0.993428	0.015640	-0.113389	-0.108193	-0.451654	0.885609
35475	4.415232	-1.007141	9.216536	0.007342	0.003839	0.003668	-0.037342	0.892137	0.450219	-0.993438	0.015598	-0.113305	-0.108106	-0.451495	0.885700
35476	4.444159	-0.980886	9.246160	0.009584	0.006928	0.003993	-0.037344	0.892157	0.450179	-0.993444	0.015564	-0.113256	-0.108049	-0.451457	0.885727
35477	4.428600	-0.992942	9.231988	0.009973	0.010331	0.002189	-0.037303	0.892267	0.449965	-0.993458	0.015524	-0.113142	-0.107938	-0.451242	0.885850
35478	4.427513	-0.992179	9.232592	0.010277	0.012380	0.005577	-0.037315	0.892311	0.449876	-0.993464	0.015473	-0.113094	-0.107876	-0.451155	0.885902
35479	4.450464	-1.015801	9.230351	0.013522	0.013444	0.006790	-0.037316	0.892435	0.449629	-0.993480	0.015376	-0.112969	-0.107731	-0.450913	0.886043
35480	4.445155	-0.997692	9.260986	0.018933	0.014703	0.006461	-0.037334	0.892491	0.449518	-0.993495	0.015278	-0.112848	-0.107583	-0.450807	0.886114
35481	4.372872	-0.996899	9.292791	0.017383	0.017066	0.007718	-0.037340	0.892631	0.449240	-0.993514	0.015155	-0.112693	-0.107401	-0.450534	0.886275
35482	4.418062	-1.041143	9.245760	0.015758	0.016534	0.007109	-0.037364	0.892694	0.449112	-0.993526	0.015066	-0.112603	-0.107286	-0.450411	0.886352
35483	4.378795	-0.961178	9.296971	0.017695	0.017573	0.004043	-0.037333	0.892835	0.448833	-0.993547	0.014975	-0.112428	-0.107101	-0.450134	0.886515
35484	4.366351	-0.919213	9.273186	0.014516	0.011421	0.007675	-0.037367	0.892876	0.448750	-0.993557	0.014886	-0.112352	-0.106997	-0.450057	0.886567
35485	4.353641	-0.938129	9.343368	0.008875	0.011007	0.006482	-0.037367	0.892987	0.448528	-0.993568	0.014813	-0.112266	-0.106896	-0.449838	0.886690
35486	4.360770	-0.971606	9.284123	0.006244	0.004517	0.007965	-0.037412	0.892997	0.448505	-0.993569	0.014759	-0.112265	-0.106871	-0.449821	0.886702
35487	4.404758	-1.003758	9.308377	-0.001335	0.003066	0.009836	-0.037454	0.893073	0.448350	-0.993567	0.014701	-0.112284	-0.106869	-0.449672	0.886778
35488	4.395224	-1.037283	9.306135	0.003456	0.001766	0.009793	-0.037520	0.893070	0.448350	-0.993565	0.014644	-0.112315	-0.106871	-0.449679	0.886774
35489	4.408356	-1.021152	9.278673	0.000685	-0.002531	0.004563	-0.037516	0.893120	0.448251	-0.993567	0.014624	-0.112293	-0.106847	-0.449580	0.886827
35490	4.402772	-1.000970	9.266396	-0.000472	0.003234	0.004015	-0.037522	0.893123	0.448244	-0.993563	0.014636	-0.112333	-0.106888	-0.449574	0.886825
35491	4.435754	-0.992420	9.266059	0.002225	0.004635	0.007379	-0.037538	0.893205	0.448079	-0.993566	0.014585	-0.112310	-0.106851	-0.449412	0.886911
35492	4.452298	-0.993255	9.209036	0.001223	0.006661	0.006486	-0.037566	0.893224	0.448039	-0.993562	0.014567	-0.112347	-0.106877	-0.449375	0.886927
35493	4.434218	-0.992610	9.266773	0.004083	0.012307	0.006522	-0.037566	0.893340	0.447808	-0.993568	0.014514	-0.112303	-0.106825	-0.449147	0.887049
35494	4.431308	-0.988771	9.225356	0.011962	0.015809	0.008036	-0.037599	0.893400	0.447685	-0.993575	0.014435	-0.112251	-0.106747	-0.449030	0.887118
35495	4.392347	-0.980066	9.256495	0.008700	0.016293	0.013876	-0.037667	0.893535	0.447411	-0.993583	0.014296	-0.112199	-0.106650	-0.448766	0.887262
35496	4.399727	-0.946368	9.259780	0.014501	0.020950	0.011740	-0.037732	0.893618	0.447239	-0.993591	0.014171	-0.112141	-0.106549	-0.448604	0.887357
35497	4.384586	-0.961808	9.288242	0.013879	0.018393	0.012024	-0.037779	0.893761	0.446949	-0.993605	0.014026	-0.112035	-0.106401	-0.448323	0.887516
35498	4.386767	-0.978067	9.259352	0.012256	0.017862	0.011415	-0.037844	0.893831	0.446804	-0.993611	0.013915	-0.111995	-0.106322	-0.448188	0.887594
35499	4.362297	-0.956273	9.305229	0.013874	0.018394	0.012020	-0.037892	0.893974	0.446515	-0.993625	0.013770	-0.111889	-0.106174	-0.447908	0.887753
35500	4.384757	-0.980036	9.303282	0.013253	0.015838	0.012305	-0.037968	0.894034	0.446387	-0.993632	0.013646	-0.111844	-0.106083	-0.447791	0.887823
35501	4.355474	-1.008863	9.316733	0.002360	0.010433	0.011096	-0.038015	0.894141	0.446170	-0.993634	0.013560	-0.111835	-0.106047	-0.447581	0.887933
35502	4.354391	-1.008817	9.317244	0.008544	0.010504	0.010142	-0.038074	0.894177	0.446092	-0.993637	0.013477	-0.111823	-0.106001	-0.447511	0.887974
35503	4.366723	-0.992282	9.290243	0.006851	0.007076	0.007673	-0.038091	0.894267	0.445909	-0.993645	0.013402	-0.111759	-0.105918	-0.447332	0.888074
35504	4.390353	-1.016533	9.287712	0.005385	0.002805	0.006726	-0.038125	0.894269	0.445903	-0.993645	0.013364	-0.111759	-0.105902	-0.447331	0.888077
35505	4.356549	-1.024917	9.288397	0.006779	0.004179	0.005811	-0.038126	0.894346	0.445749	-0.993654	0.013306	-0.111688	-0.105818	-0.447178	0.888163
35506	4.392209	-1.029369	9.216188	0.007256	0.000942	0.001802	-0.038114	0.894338	0.445765	-0.993659	0.013303	-0.111649	-0.105782	-0.447194	0.888160
35507	4.384212	-0.994689	9.275867	0.008579	-0.000582	-0.000973	-0.038053	0.894393	0.445661	-0.993672	0.013298	-0.111532	-0.105679	-0.447085	0.888227
35508	4.384132	-0.993888	9.275991	0.008650	0.002316	0.000887	-0.038029	0.894391	0.445666	-0.993678	0.013297	-0.111477	-0.105630	-0.447088	0.888231
35509	4.365288	-0.989018	9.291266	0.005958	0.000913	-0.002475	-0.037952	0.894452	0.445551	-0.993689	0.013317	-0.111376	-0.105554	-0.446966	0.888301
35510	4.338671	-0.950482	9.365992	0.002846	-0.002337	0.003024	-0.037955	0.894430	0.445595	-0.993688	0.013323	-0.111382	-0.105560	-0.447010	0.888279
35511	4.403052	-0.996920	9.260876	-0.001466	-0.004271	-0.000945	-0.037898	0.894467	0.445525	-0.993691	0.013362	-0.111354	-0.105555	-0.446935	0.888317
35512	4.390239	-0.942519	9.307839	0.002929	-0.008975	0.000825	-0.037886	0.894415	0.445631	-0.993691	0.013388	-0.111349	-0.105558	-0.447038	0.888265
35513	4.432247	-0.967682	9.247499	0.002226	-0.004894	0.003312	-0.037872	0.894449	0.445562	-0.993696	0.013373	-0.111307	-0.105517	-0.446969	0.888305
35514	4.428629	-0.950680	9.277117	0.001452	-0.003711	0.003938	-0.037885	0.894421	0.445618	-0.993693	0.013377	-0.111330	-0.105536	-0.447025	0.888274
35515	4.419561	-0.983961	9.274694	0.001750	-0.001656	0.007320	-0.037908	0.894471	0.445517	-0.993696	0.013328	-0.111309	-0.105501	-0.446928	0.888327
35516	4.419495	-0.984199	9.274700	-0.000025	0.001553	0.007051	-0.037946	0.894467	0.445522	-0.993691	0.013311	-0.111359	-0.105537	-0.446937	0.888318
35517	4.389812	-1.009974	9.245493	0.003764	0.002275	0.006117	-0.037953	0.894533	0.445388	-0.993697	0.013264	-0.111315	-0.105483	-0.446806	0.888391
35518	4.370729	-1.005787	9.260812	0.004061	0.004330	0.009498	-0.038013	0.894541	0.445366	-0.993695	0.013206	-0.111340	-0.105480	-0.446790	0.888399
35519	4.332951	-0.997253	9.291280	0.007778	0.002154	0.006703	-0.038025	0.894607	0.445234	-0.993704	0.013137	-0.111263	-0.105385	-0.446661	0.888475
35520	4.314475	-0.992932	9.306327	-0.000016	-0.007982	0.002993	-0.038034	0.894560	0.445328	-0.993700	0.013155	-0.111294	-0.105418	-0.446755	0.888424
35521	4.355707	-1.008267	9.359868	-0.003877	-0.011601	0.002068	-0.038015	0.894563	0.445323	-0.993699	0.013179	-0.111301	-0.105434	-0.446748	0.888425
35522	4.420794	-0.984667	9.274032	-0.003950	-0.014498	0.000208	-0.038002	0.894486	0.445478	-0.993693	0.013241	-0.111355	-0.105504	-0.446900	0.888341
35523	4.384784	-0.976724	9.303617	-0.003726	-0.015340	0.001728	-0.037984	0.894472	0.445508	-0.993692	0.013267	-0.111358	-0.105517	-0.446928	0.888325
35524	4.418001	-0.965274	9.260328	-0.007120	-0.012662	0.000854	-0.037976	0.894403	0.445646	-0.993681	0.013336	-0.111443	-0.105618	-0.447062	0.888245
35525	4.400564	-0.961949	9.274790	-0.010136	-0.014566	0.001161	-0.037951	0.894392	0.445670	-0.993674	0.013396	-0.111501	-0.105696	-0.447083	0.888226
35526	4.420422	-0.967045	9.258987	-0.006596	-0.011449	0.005755	-0.037991	0.894330	0.445792	-0.993662	0.013420	-0.111603	-0.105793	-0.447207	0.888152
35527	4.441619	-0.975311	9.285405	-0.004428	-0.011259	0.004213	-0.037993	0.894334	0.445785	-0.993660	0.013427	-0.111624	-0.105814	-0.447199	0.888153
35528	4.425990	-0.985499	9.228259	-0.007127	-0.003127	0.004913	-0.038015	0.894308	0.445833	-0.993648	0.013460	-0.111727	-0.105919	-0.447249	0.888116
35529	4.407613	-0.981946	9.243202	-0.000492	-0.004744	0.006998	-0.038038	0.894341	0.445766	-0.993648	0.013425	-0.111725	-0.105905	-0.447184	0.888150
35530	4.431881	-1.006795	9.240273	-0.001095	0.000681	0.004296	-0.038050	0.894333	0.445781	-0.993643	0.013437	-0.111772	-0.105951	-0.447200	0.888136
35531	4.396535	-0.941624	9.218592	0.004389	0.004829	0.005828	-0.038051	0.894408	0.445631	-0.993649	0.013390	-0.111721	-0.105891	-0.447052	0.888218
35532	4.431046	-1.006620	9.240693	0.007856	0.005048	0.008561	-0.038101	0.894420	0.445603	-0.993652	0.013324	-0.111708	-0.105851	-0.447030	0.888234
35533	4.424727	-0.985835	9.228828	0.009947	0.011875	0.009219	-0.038129	0.894526	0.445387	-0.993663	0.013223	-0.111623	-0.105738	-0.446820	0.888353
35534	4.410298	-1.001674	9.256915	0.005931	0.011998	0.008633	-0.038172	0.894569	0.445297	-0.993663	0.013164	-0.111626	-0.105720	-0.446736	0.888398
35535	4.403671	-0.980459	9.245238	0.021988	0.011507	0.010973	-0.038218	0.894674	0.445083	-0.993686	0.012993	-0.111442	-0.105487	-0.446532	0.888528
35536	4.392980	-1.012320	9.243731	0.013904	0.016837	0.004949	-0.038219	0.894737	0.444954	-0.993696	0.012932	-0.111359	-0.105391	-0.446405	0.888603
35537	4.402196	-0.981409	9.289028	0.015973	0.015683	0.008596	-0.038237	0.894860	0.444706	-0.993714	0.012810	-0.111217	-0.105220	-0.446163	0.888745
35538	4.378144	-1.029752	9.315018	0.012731	0.014623	0.007383	-0.038265	0.894914	0.444595	-0.993722	0.012732	-0.111155	-0.105135	-0.446057	0.888808
35539	4.376734	-1.028951	9.315769	0.011110	0.014092	0.006775	-0.038266	0.895029	0.444364	-0.993734	0.012647	-0.111049	-0.105012	-0.445829	0.888937
35540	4.351611	-1.003698	9.319096	0.009792	0.006081	0.005495	-0.038284	0.895045	0.444330	-0.993740	0.012600	-0.111004	-0.104952	-0.445798	0.888959
35541	4.356524	-1.023621	9.331734	0.003312	0.003960	0.003070	-0.038260	0.895113	0.444194	-0.993746	0.012583	-0.110951	-0.104903	-0.445661	0.889034
35542	4.389847	-1.014714	9.331334	0.005011	-0.002149	0.001481	-0.038247	0.895092	0.444238	-0.993748	0.012593	-0.110931	-0.104888	-0.445703	0.889015
35543	4.383083	-0.990733	9.276824	0.002393	-0.000654	-0.000020	-0.038196	0.895140	0.444147	-0.993755	0.012608	-0.110872	-0.104846	-0.445608	0.889068
35544	4.392576	-0.957204	9.279066	0.005784	-0.003333	0.000855	-0.038178	0.895113	0.444202	-0.993758	0.012620	-0.110843	-0.104823	-0.445661	0.889044
35545	4.439619	-1.002563	9.231306	0.005235	-0.002991	0.003003	-0.038160	0.895150	0.444129	-0.993766	0.012596	-0.110772	-0.104752	-0.445587	0.889089
35546	4.424830	-0.944423	9.236401	0.006479	0.002122	0.002423	-0.038152	0.895148	0.444134	-0.993769	0.012591	-0.110744	-0.104724	-0.445591	0.889090
35547	4.411226	-0.959993	9.264105	0.008945	0.004367	0.004261	-0.038139	0.895217	0.443994	-0.993781	0.012538	-0.110646	-0.104619	-0.445453	0.889172
35548	4.395927	-0.972142	9.249801	0.009566	0.006924	0.003970	-0.038141	0.895237	0.443955	-0.993787	0.012506	-0.110596	-0.104562	-0.445415	0.889198
35549	4.405999	-1.012104	9.274969	0.010412	0.008639	0.005201	-0.038133	0.895325	0.443778	-0.993799	0.012438	-0.110489	-0.104444	-0.445239	0.889299
35550	4.358663	-1.036078	9.303320	0.009493	0.004025	0.002113	-0.038120	0.895332	0.443766	-0.993806	0.012423	-0.110432	-0.104386	-0.445227	0.889312
35551	4.359542	-1.038771	9.345790	0.005329	0.007889	0.001862	-0.038079	0.895416	0.443600	-0.993815	0.012408	-0.110356	-0.104319	-0.445058	0.889405
35552	4.391059	-1.026202	9.303468	0.009196	0.001967	-0.001266	-0.038035	0.895412	0.443610	-0.993822	0.012424	-0.110287	-0.104264	-0.445064	0.889408
35553	4.381593	-0.988090	9.320978	0.004337	0.000375	-0.003083	-0.037953	0.895462	0.443517	-0.993832	0.012458	-0.110197	-0.104203	-0.444963	0.889466
35554	4.380224	-0.984410	9.278847	0.001323	-0.001527	-0.002772	-0.037897	0.895443	0.443560	-0.993831	0.012523	-0.110192	-0.104225	-0.445000	0.889445
35555	4.365715	-0.997120	9.264114	-0.001916	-0.002589	-0.003984	-0.037809	0.895479	0.443494	-0.993835	0.012593	-0.110154	-0.104225	-0.444925	0.889482
35556	4.419781	-0.996064	9.290411	-0.003384	-0.006860	-0.004924	-0.037738	0.895436	0.443587	-0.993830	0.012697	-0.110180	-0.104292	-0.445009	0.889433
35557	4.400286	-0.988726	9.263069	-0.003933	-0.006517	-0.002777	-0.037666	0.895455	0.443556	-0.993831	0.012766	-0.110166	-0.104311	-0.444970	0.889450
35558	4.430267	-0.963445	9.292064	-0.007324	-0.003838	-0.003654	-0.037604	0.895425	0.443621	-0.993822	0.012876	-0.110233	-0.104418	-0.445026	0.889409
35559	4.384189	-0.988644	9.319698	-0.006399	-0.008763	-0.004615	-0.037517	0.895433	0.443613	-0.993821	0.012972	-0.110233	-0.104461	-0.445007	0.889414
35560	4.435682	-0.981269	9.261523	-0.004780	-0.008232	-0.004010	-0.037456	0.895384	0.443717	-0.993815	0.013075	-0.110276	-0.104541	-0.445103	0.889356
35561	4.421483	-0.994404	9.246594	-0.005930	-0.002466	-0.004570	-0.037362	0.895420	0.443653	-0.993814	0.013168	-0.110272	-0.104581	-0.445029	0.889389
35562	4.425644	-0.941029	9.236357	-0.000073	-0.002899	-0.001857	-0.037317	0.895394	0.443707	-0.993812	0.013231	-0.110282	-0.104617	-0.445077	0.889360
35563	4.407004	-0.936810	9.251462	-0.000998	0.002026	-0.000896	-0.037256	0.895450	0.443600	-0.993815	0.013269	-0.110250	-0.104610	-0.444964	0.889418
35564	4.416072	-0.974240	9.234204	0.000919	0.004614	0.003089	-0.037252	0.895459	0.443583	-0.993812	0.013283	-0.110274	-0.104638	-0.444946	0.889423
35565	4.421064	-0.994463	9.246788	0.001792	0.004770	-0.002727	-0.037169	0.895526	0.443454	-0.993819	0.013326	-0.110209	-0.104604	-0.444810	0.889496
35566	4.394232	-1.026302	9.301959	0.005183	0.002091	-0.001852	-0.037119	0.895523	0.443464	-0.993823	0.013365	-0.110173	-0.104589	-0.444814	0.889495
35567	4.384690	-1.059402	9.299803	-0.003940	0.003022	0.001272	-0.037078	0.895583	0.443347	-0.993822	0.013397	-0.110177	-0.104612	-0.444693	0.889553
35568	4.339445	-1.088022	9.369852	-0.009942	-0.002343	-0.005156	-0.036999	0.895560	0.443401	-0.993811	0.013533	-0.110261	-0.104746	-0.444736	0.889516
35569	4.355802	-1.015774	9.289751	-0.012554	-0.010387	-0.010709	-0.036853	0.895558	0.443417	-0.993805	0.013711	-0.110289	-0.104850	-0.444734	0.889504
35570	4.324963	-1.028970	9.331710	-0.027510	-0.010582	-0.017348	-0.036662	0.895496	0.443557	-0.993780	0.014034	-0.110475	-0.105155	-0.444848	0.889411
35571	4.328255	-0.963903	9.392440	-0.037851	-0.025859	-0.024754	-0.036394	0.895423	0.443727	-0.993753	0.014450	-0.110666	-0.105505	-0.444982	0.889303
35572	4.328459	-0.960002	9.306427	-0.045433	-0.036833	-0.026949	-0.036135	0.895243	0.444111	-0.993712	0.014939	-0.110968	-0.105978	-0.445328	0.889074
35573	4.177074	-0.829029	9.546683	-0.051515	-0.056600	-0.020364	-0.035943	0.895033	0.444549	-0.993668	0.015377	-0.111300	-0.106453	-0.445735	0.888813
35574	4.193025	-1.214110	9.540626	-0.081535	-0.080926	-0.024702	-0.035754	0.894656	0.445323	-0.993587	0.016008	-0.111932	-0.107270	-0.446469	0.888346
35575	4.119668	-1.160522	9.769919	-0.089645	-0.117243	-0.035150	-0.035481	0.894172	0.446316	-0.993506	0.016749	-0.112536	-0.108102	-0.447410	0.887771
35576	4.204715	-1.096736	9.751869	-0.093956	-0.168981	-0.052890	-0.035109	0.893393	0.447901	-0.993420	0.017688	-0.113151	-0.109011	-0.448927	0.886894
35577	4.009275	-1.585495	9.725273	-0.190311	-0.210248	-0.089242	-0.034404	0.892477	0.449778	-0.993246	0.019367	-0.114402	-0.110812	-0.450676	0.885783
35578	4.086308	-1.226434	10.068283	-0.181696	-0.251722	-0.149239	-0.033173	0.891297	0.452204	-0.993090	0.021564	-0.115355	-0.112567	-0.452906	0.884423
35579	4.070696	-1.735615	10.082731	-0.326339	-0.342048	-0.245735	-0.031074	0.889733	0.455422	-0.992800	0.025261	-0.117090	-0.115683	-0.455782	0.882542
35580	4.043852	-1.878185	10.237962	-0.386545	-0.408912	-0.413567	-0.027420	0.887734	0.459540	-0.992463	0.030751	-0.118622	-0.119436	-0.459329	0.880200
35581	4.140497	-2.112995	10.230973	-0.525433	-0.504717	-0.632481	-0.021711	0.885234	0.464639	-0.991980	0.038807	-0.120287	-0.124514	-0.463524	0.877292
35582	4.102286	-2.942416	10.276760	-0.663218	-0.617995	-0.918190	-0.013366	0.881932	0.471187	-0.991290	0.050058	-0.121814	-0.131018	-0.468711	0.873581
35583	3.935828	-3.238876	10.459695	-0.628074	-0.785147	-1.235709	-0.002126	0.877574	0.479437	-0.990545	0.063919	-0.121391	-0.137175	-0.475161	0.869140
35584	4.540727	-3.176267	10.103029	-0.736128	-0.968141	-1.531386	0.011700	0.871811	0.489702	-0.989429	0.080887	-0.120364	-0.144545	-0.483117	0.863542
35585	5.527966	-4.234032	9.640390	-0.969669	-1.034688	-1.797510	0.027969	0.865189	0.500665	-0.987622	0.101249	-0.119795	-0.154338	-0.491118	0.857312
35586	5.917696	-5.315404	8.807938	-0.957269	-0.988980	-2.026960	0.046418	0.858000	0.511547	-0.985337	0.123498	-0.117729	-0.164186	-0.498582	0.851152
35587	5.635329	-3.617832	8.979323	-0.743699	-1.124464	-2.231538	0.066528	0.849391	0.523555	-0.982821	0.146318	-0.112493	-0.172156	-0.507076	0.844533
35588	5.620829	-2.752247	8.852492	-0.932265	-1.143255	-2.351085	0.087598	0.839798	0.535786	-0.979348	0.170989	-0.107893	-0.182222	-0.515270	0.837432
35589	5.460461	-2.601588	8.809272	-1.170141	-1.125483	-2.407273	0.109034	0.829582	0.547636	-0.974767	0.197187	-0.104631	-0.194786	-0.522409	0.830149
35590	5.807609	-4.223700	9.004362	-1.469088	-0.956319	-2.419601	0.130640	0.819436	0.558084	-0.968880	0.224895	-0.103411	-0.210249	-0.527207	0.823315
35591	4.704454	-5.061040	8.979707	-1.189132	-0.799878	-2.496080	0.153049	0.809315	0.567085	-0.962752	0.251547	-0.099162	-0.222902	-0.530786	0.817668
35592	3.182728	-4.258846	9.150040	-0.791686	-0.638787	-2.553444	0.176130	0.799152	0.574747	-0.956736	0.276345	-0.091050	-0.231591	-0.533845	0.813250
35593	-0.218267	-3.069295	10.031988	-0.696916	-0.266628	-2.399578	0.198414	0.790885	0.578906	-0.950587	0.299179	-0.082926	-0.238782	-0.533847	0.811167
35594	-2.248477	-4.105719	10.548804	-0.951766	-0.228902	-1.904089	0.215922	0.783753	0.582331	-0.944308	0.319292	-0.079592	-0.248314	-0.532715	0.809046
35595	-3.219410	-6.084214	10.225563	-1.059554	-0.145826	-1.132871	0.226245	0.779356	0.584310	-0.939099	0.333812	-0.081621	-0.258661	-0.530259	0.807416
35596	0.267323	-5.729887	11.302303	-1.097801	-0.177808	-0.126098	0.226981	0.777965	0.585875	-0.935898	0.340647	-0.089747	-0.269396	-0.527949	0.805416
35597	-0.129755	-5.608439	11.977183	-1.441805	0.690444	0.811271	0.221318	0.784438	0.579375	-0.933725	0.341875	-0.106202	-0.281383	-0.517472	0.808113
35598	-1.957311	-6.008704	11.540062	-1.319866	1.086768	1.512999	0.210329	0.795101	0.568838	-0.933193	0.336714	-0.125597	-0.291398	-0.504418	0.812803
35599	-3.184379	-4.780168	10.810298	-1.086135	1.405646	2.014156	0.195688	0.808870	0.554469	-0.934054	0.325976	-0.145886	-0.298746	-0.489356	0.819317
35600	-3.672157	-2.113925	10.459932	-0.744147	1.499984	2.342383	0.178318	0.823533	0.538513	-0.936179	0.310488	-0.164824	-0.302939	-0.474754	0.826339
35601	-3.061725	-0.111376	10.849816	-0.777656	1.459994	2.536965	0.159019	0.838135	0.521769	-0.938061	0.293047	-0.184840	-0.307824	-0.460058	0.832821
35602	-0.879099	0.968362	11.546781	-0.828736	1.401307	2.611506	0.138879	0.851877	0.504994	-0.939359	0.274777	-0.205187	-0.313554	-0.445874	0.838379
35603	1.638030	1.257138	12.165027	-0.888226	1.499648	2.599803	0.119226	0.865477	0.486554	-0.939883	0.256329	-0.225645	-0.320009	-0.430401	0.844008
35604	3.615642	0.149038	12.426232	-0.853444	1.717471	2.440324	0.101861	0.878745	0.466297	-0.939807	0.238690	-0.244518	-0.326169	-0.413322	0.850164
35605	7.108154	-4.908810	14.277773	-0.819692	1.782037	2.119957	0.087841	0.890966	0.445492	-0.939107	0.223216	-0.261252	-0.332208	-0.395416	0.856320
35606	8.640423	-9.513979	9.179965	2.113417	2.084410	0.771323	0.087290	0.900709	0.425563	-0.946560	0.208141	-0.246378	-0.310492	-0.381315	0.870743
35607	2.524303	5.653809	12.168226	4.369508	2.227514	-0.376553	0.097337	0.908422	0.406565	-0.958813	0.195118	-0.206414	-0.266839	-0.369728	0.889999
35608	-1.363479	5.449855	0.474248	2.915830	0.623920	-0.796808	0.106604	0.909172	0.402544	-0.965351	0.191622	-0.177139	-0.238186	-0.369713	0.898098
35609	9.477028	7.969170	7.249703	1.228257	-1.692762	-1.979555	0.121811	0.898945	0.420785	-0.965947	0.204866	-0.158040	-0.228274	-0.387205	0.893288
35610	22.867037	1.895612	6.731801	-1.666003	-0.712873	-1.090809	0.130656	0.893834	0.428941	-0.960612	0.221163	-0.168259	-0.245262	-0.390062	0.887524
35611	17.526388	0.146938	6.412005	0.217437	1.478217	-1.590508	0.149558	0.895965	0.418185	-0.958906	0.234565	-0.159619	-0.241104	-0.377128	0.894228
35612	14.873361	0.046187	2.798008	0.634135	-0.475516	-0.639520	0.154584	0.892630	0.423457	-0.959432	0.237918	-0.151279	-0.235784	-0.382893	0.893196
35613	18.171338	-4.595247	-1.227096	-1.330852	-0.184980	0.955115	0.145019	0.894243	0.423437	-0.957631	0.234480	-0.167221	-0.248824	-0.381246	0.890358
35614	16.299471	-6.312175	1.627493	0.429055	-0.312419	1.138859	0.133351	0.895632	0.424336	-0.960262	0.222687	-0.168248	-0.245183	-0.385038	0.889737
35615	14.399716	-0.473332	4.936894	2.646516	-1.126023	0.865136	0.122416	0.893097	0.432888	-0.967528	0.204575	-0.148456	-0.221144	-0.400657	0.889140
35616	9.686848	7.572680	10.175712	3.232817	0.053963	0.171274	0.120890	0.893636	0.432204	-0.974366	0.190040	-0.120395	-0.189725	-0.406570	0.893703
35617	4.453941	12.002825	11.879006	1.845171	0.371416	0.157249	0.120061	0.895466	0.428632	-0.977879	0.181162	-0.104564	-0.171286	-0.406596	0.897408
35618	-0.395673	9.437005	9.909325	0.027429	0.217145	0.080870	0.119669	0.896477	0.426625	-0.978012	0.180370	-0.104683	-0.170796	-0.404717	0.898350
35619	2.195681	6.853439	10.883747	-0.362029	-0.580801	-0.338192	0.122019	0.893525	0.432117	-0.976976	0.184896	-0.106451	-0.175013	-0.409178	0.895513
35620	9.486221	1.025607	10.749967	-1.485225	-0.871677	0.782164	0.112818	0.891362	0.439028	-0.975169	0.184075	-0.123136	-0.190573	-0.414234	0.889996
35621	6.416452	-6.457339	5.448189	-1.887453	0.842087	1.144956	0.103399	0.896924	0.429925	-0.972647	0.181572	-0.144875	-0.208004	-0.403185	0.891165
35622	-4.068680	-8.817597	6.910482	-0.332041	1.023072	-0.119496	0.106726	0.900765	0.420990	-0.971816	0.184012	-0.147351	-0.210196	-0.393399	0.895017
35623	3.576094	-2.710205	9.929428	1.310793	-1.613610	-0.436383	0.107715	0.893511	0.435931	-0.974030	0.182683	-0.133762	-0.199155	-0.410202	0.889984
35624	11.882307	0.504139	10.398386	1.299731	-0.829034	-0.477526	0.110796	0.889183	0.443934	-0.976010	0.181589	-0.120125	-0.187427	-0.419975	0.887971
35625	3.778866	1.610424	7.633513	0.961078	0.588682	-0.343613	0.115273	0.891049	0.439026	-0.977372	0.180654	-0.110033	-0.177357	-0.416408	0.891711
35626	6.055809	1.339130	12.644638	-1.210906	0.118779	0.249769	0.113079	0.891980	0.437704	-0.975428	0.183495	-0.121939	-0.189084	-0.413161	0.890812
35627	3.990638	-2.940037	9.307400	-0.170532	0.127031	0.198323	0.111435	0.892892	0.436264	-0.975327	0.182452	-0.124293	-0.190578	-0.411650	0.891193
35628	4.795088	-1.305314	9.974418	0.141333	-0.192925	0.038394	0.110721	0.892149	0.437963	-0.975627	0.181571	-0.123221	-0.189452	-0.413645	0.890509
35629	4.634693	-1.260910	9.511228	-0.041551	0.016430	0.024819	0.110558	0.892287	0.437722	-0.975575	0.181546	-0.123671	-0.189816	-0.413358	0.890565
35630	4.591378	-0.974166	9.486150	-0.037410	-0.080056	0.017618	0.110261	0.891972	0.438440	-0.975513	0.181587	-0.124100	-0.190308	-0.414020	0.890152
35631	4.725223	-1.005156	9.332376	-0.000736	-0.013433	0.020493	0.110083	0.891978	0.438471	-0.975533	0.181432	-0.124167	-0.190307	-0.414074	0.890127
35632	4.563968	-0.617291	9.356356	0.036714	-0.018801	0.027110	0.109810	0.891933	0.438632	-0.975622	0.181083	-0.123978	-0.190008	-0.414325	0.890074
35633	4.369890	-0.763581	9.223804	0.027192	-0.022417	0.046827	0.109359	0.891949	0.438712	-0.975724	0.180577	-0.123911	-0.189744	-0.414511	0.890044
35634	4.299857	-0.951461	9.252066	0.042037	-0.029631	0.052675	0.108816	0.891904	0.438937	-0.975851	0.179977	-0.123787	-0.189405	-0.414867	0.889950
35635	4.252821	-1.098844	9.228778	0.036661	-0.039895	0.061630	0.108188	0.891874	0.439155	-0.975987	0.179300	-0.123700	-0.189065	-0.415227	0.889855
35636	4.250944	-0.995454	9.257830	0.055504	-0.060808	0.060218	0.107512	0.891712	0.439649	-0.976146	0.178577	-0.123489	-0.188628	-0.415885	0.889640
35637	4.349860	-1.034816	9.217263	0.052462	-0.072733	0.061788	0.106820	0.891543	0.440159	-0.976310	0.177832	-0.123263	-0.188168	-0.416565	0.889419
35638	4.301391	-1.181162	9.307465	0.039236	-0.058587	0.056921	0.106181	0.891384	0.440637	-0.976434	0.177205	-0.123183	-0.187886	-0.417173	0.889194
35639	4.396073	-1.351421	9.303462	0.014549	-0.076221	0.055095	0.105549	0.891187	0.441186	-0.976520	0.176678	-0.123265	-0.187800	-0.417816	0.888910
35640	4.371584	-1.542485	9.185878	0.003702	-0.063755	0.042883	0.105038	0.890980	0.441727	-0.976561	0.176325	-0.123439	-0.187869	-0.418407	0.888617
35641	4.342258	-1.414214	9.176433	0.009901	-0.055073	0.022011	0.104767	0.890812	0.442129	-0.976602	0.176112	-0.123418	-0.187807	-0.418854	0.888420
35642	4.416193	-1.225465	9.258605	-0.000728	-0.056850	0.014607	0.104545	0.890583	0.442643	-0.976606	0.176030	-0.123508	-0.187912	-0.419376	0.888151
35643	4.470717	-1.207455	9.200242	-0.018506	-0.051717	0.008943	0.104409	0.890405	0.443032	-0.976580	0.176053	-0.123682	-0.188124	-0.419743	0.887933
35644	4.442033	-1.046029	9.310598	-0.019159	-0.046390	0.004051	0.104309	0.890201	0.443466	-0.976538	0.176142	-0.123888	-0.188398	-0.420138	0.887688
35645	4.449902	-1.061934	9.391497	-0.033883	-0.056903	0.004770	0.104203	0.889994	0.443906	-0.976478	0.176266	-0.124180	-0.188765	-0.420525	0.887427
35646	4.512851	-1.026118	9.421118	-0.054577	-0.062976	-0.003091	0.104141	0.889707	0.444496	-0.976361	0.176568	-0.124669	-0.189402	-0.421005	0.887063
35647	4.510539	-1.010807	9.407073	-0.057032	-0.058956	-0.004901	0.104125	0.889473	0.444967	-0.976247	0.176877	-0.125123	-0.189997	-0.421369	0.886763
35648	4.478195	-1.057856	9.355720	-0.094588	-0.063319	-0.009920	0.104128	0.889172	0.445568	-0.976046	0.177408	-0.125935	-0.191025	-0.421781	0.886346
35649	4.483190	-1.154893	9.351886	-0.108421	-0.065098	-0.011360	0.104162	0.888900	0.446101	-0.975826	0.177991	-0.126815	-0.192128	-0.422108	0.885952
35650	4.510766	-1.212968	9.295957	-0.126825	-0.072365	-0.015442	0.104200	0.888551	0.446789	-0.975555	0.178709	-0.127887	-0.193479	-0.422541	0.885452
35651	4.487078	-1.190151	9.212147	-0.137701	-0.074824	-0.019115	0.104290	0.888223	0.447419	-0.975267	0.179485	-0.128990	-0.194877	-0.422901	0.884973
35652	4.487812	-1.188565	9.238226	-0.139943	-0.075212	-0.017677	0.104342	0.887856	0.448134	-0.974965	0.180279	-0.130167	-0.196358	-0.423333	0.884439
35653	4.417028	-1.193069	9.251911	-0.140509	-0.084102	-0.017926	0.104398	0.887490	0.448845	-0.974669	0.181057	-0.131299	-0.197793	-0.423768	0.883911
35654	4.459827	-1.151262	9.211106	-0.140927	-0.085954	-0.021645	0.104465	0.887070	0.449660	-0.974356	0.181891	-0.132464	-0.199295	-0.424291	0.883323
35655	4.436375	-1.176477	9.204683	-0.143090	-0.091916	-0.024359	0.104567	0.886658	0.450448	-0.974043	0.182739	-0.133588	-0.200762	-0.424787	0.882752
35656	4.448453	-1.106802	9.241160	-0.123948	-0.101121	-0.023838	0.104622	0.886167	0.451400	-0.973758	0.183522	-0.134592	-0.202113	-0.425473	0.882113
35657	4.436346	-1.198348	9.207865	-0.134482	-0.107259	-0.028065	0.104725	0.885682	0.452328	-0.973456	0.184367	-0.135621	-0.203511	-0.426118	0.881480
35658	4.444196	-1.250135	9.237378	-0.128664	-0.112115	-0.030858	0.104823	0.885130	0.453385	-0.973150	0.185234	-0.136632	-0.204920	-0.426889	0.880780
35659	4.363656	-1.353213	9.233019	-0.100315	-0.128534	-0.029927	0.104898	0.884547	0.454502	-0.972912	0.185951	-0.137350	-0.206007	-0.427783	0.880092
35660	4.229375	-1.239015	9.355175	-0.091264	-0.132949	-0.027496	0.104917	0.883910	0.455737	-0.972683	0.186629	-0.138045	-0.207073	-0.428804	0.879345
35661	4.571249	-0.943435	9.282565	-0.071547	-0.229957	-0.014459	0.104629	0.882917	0.457722	-0.972520	0.187088	-0.138577	-0.207987	-0.430645	0.878229
35662	4.430403	-1.510102	9.153582	-0.112286	-0.150764	-0.013895	0.104476	0.882224	0.459092	-0.972260	0.187740	-0.139516	-0.209275	-0.431781	0.877365
35663	4.502916	-1.162770	9.290436	-0.096143	-0.218901	-0.019227	0.104251	0.881264	0.460983	-0.972038	0.188349	-0.140241	-0.210415	-0.433473	0.876257
35664	4.475095	-1.277898	9.220066	-0.103278	-0.213245	-0.027219	0.104092	0.880269	0.462916	-0.971780	0.189082	-0.141036	-0.211679	-0.435172	0.875110
35665	4.677750	-1.225531	9.122516	-0.102193	-0.235770	-0.022466	0.103858	0.879221	0.464955	-0.971540	0.189748	-0.141795	-0.212894	-0.436996	0.873906
35666	4.755298	-1.098090	9.102812	-0.082756	-0.228484	-0.011865	0.103512	0.878181	0.466994	-0.971340	0.190260	-0.142479	-0.213973	-0.438862	0.872706
35667	4.838090	-1.118022	9.012935	-0.081575	-0.224583	0.004236	0.103038	0.877224	0.468893	-0.971169	0.190604	-0.143180	-0.214974	-0.440622	0.871573
35668	4.828279	-1.280828	9.003866	-0.066183	-0.202814	0.020901	0.102424	0.876351	0.470657	-0.971037	0.190758	-0.143871	-0.215863	-0.442289	0.870508
35669	4.803194	-1.409291	9.016916	-0.052125	-0.202693	0.027417	0.101768	0.875528	0.472328	-0.970952	0.190772	-0.144422	-0.216552	-0.443910	0.869511
35670	4.772987	-1.436467	9.063647	-0.052652	-0.193441	0.032080	0.101063	0.874711	0.473990	-0.970859	0.190771	-0.145048	-0.217298	-0.445518	0.868502
35671	4.850605	-1.543078	8.973097	-0.046529	-0.193663	0.034909	0.100351	0.873936	0.475568	-0.970793	0.190696	-0.145586	-0.217922	-0.447069	0.867548
35672	4.664925	-1.423904	9.217487	-0.053957	-0.176027	0.034022	0.099663	0.873195	0.477072	-0.970698	0.190686	-0.146232	-0.218660	-0.448519	0.866613
35673	4.644156	-1.385230	9.276744	-0.080697	-0.203305	0.026359	0.099010	0.872355	0.478743	-0.970548	0.190842	-0.147025	-0.219622	-0.450086	0.865557
35674	4.495180	-1.303222	9.483176	-0.104387	-0.219420	0.021120	0.098348	0.871388	0.480636	-0.970327	0.191173	-0.148046	-0.220890	-0.451815	0.864333
35675	4.498543	-1.129164	9.636697	-0.126968	-0.279837	0.014706	0.097634	0.870172	0.482979	-0.970061	0.191643	-0.149181	-0.222373	-0.453954	0.862830
35676	4.316347	-0.943009	9.864486	-0.137806	-0.332602	0.011402	0.096807	0.868661	0.485856	-0.969753	0.192217	-0.150440	-0.224071	-0.456597	0.860994
35677	4.310937	-0.762849	9.873397	-0.177370	-0.439666	0.014059	0.095730	0.866697	0.489562	-0.969368	0.192930	-0.152001	-0.226190	-0.460015	0.858618
35678	4.193594	-0.830876	9.957781	-0.207068	-0.535309	0.013382	0.094409	0.864231	0.494157	-0.968898	0.193816	-0.153857	-0.228744	-0.464263	0.855650
35679	4.059555	-1.109527	9.928441	-0.259327	-0.667781	0.012897	0.092797	0.861165	0.499784	-0.968314	0.194937	-0.156100	-0.231854	-0.469462	0.851968
35680	3.960247	-1.117967	10.033040	-0.269894	-0.801058	-0.007290	0.091022	0.857346	0.506629	-0.967666	0.196321	-0.158371	-0.235240	-0.475832	0.847494
35681	4.099767	-1.242536	9.795520	-0.333164	-0.954258	-0.023416	0.089038	0.852752	0.514671	-0.966856	0.198139	-0.161029	-0.239294	-0.483275	0.842130
35682	3.839774	-1.249079	9.901471	-0.357177	-1.075007	-0.044965	0.086901	0.847403	0.523791	-0.965942	0.200308	-0.163806	-0.243729	-0.491717	0.835949
35683	4.117308	-1.172776	9.881280	-0.409449	-1.268654	-0.077530	0.084580	0.840978	0.534417	-0.964870	0.203015	-0.166765	-0.248740	-0.501538	0.828606
35684	3.960538	-1.087358	10.152897	-0.438171	-1.464205	-0.104632	0.081932	0.833317	0.546689	-0.963669	0.206159	-0.169823	-0.254222	-0.512914	0.819933
35685	3.667194	-1.445548	10.515751	-0.504597	-1.682226	-0.135845	0.078969	0.824335	0.560568	-0.962265	0.209923	-0.173142	-0.260403	-0.525742	0.809806
35686	3.314898	-2.138868	10.734267	-0.480105	-1.960429	-0.194703	0.075700	0.813447	0.576692	-0.960837	0.214124	-0.175905	-0.266573	-0.540791	0.797799
35687	3.398494	-2.239723	10.742686	-0.347197	-2.322303	-0.293976	0.072335	0.800088	0.595506	-0.959689	0.218420	-0.176886	-0.271595	-0.558706	0.783635
35688	3.239164	-2.427726	10.682296	-0.257094	-2.674137	-0.405283	0.068924	0.783954	0.616981	-0.958687	0.223140	-0.176431	-0.275987	-0.579332	0.766946
35689	2.983478	-2.340966	10.682107	-0.129511	-3.144926	-0.513661	0.065180	0.764252	0.641616	-0.957987	0.227897	-0.174138	-0.279308	-0.603309	0.746997
35690	2.916945	-2.384024	10.938956	-0.064897	-3.674706	-0.598093	0.060613	0.740173	0.669680	-0.957416	0.232844	-0.170699	-0.282277	-0.630816	0.722766
35691	3.045625	-2.838586	10.859262	0.006258	-4.235093	-0.692349	0.055305	0.711244	0.700767	-0.957036	0.237842	-0.165869	-0.284645	-0.661486	0.693840
35692	3.807043	-2.700901	10.587825	0.154736	-4.855336	-0.792001	0.049060	0.676365	0.734931	-0.957052	0.242336	-0.159137	-0.285734	-0.695560	0.659206
35693	4.516216	-2.320183	10.296176	0.241537	-5.360226	-0.861459	0.042062	0.636100	0.770460	-0.957353	0.246280	-0.151066	-0.285842	-0.731248	0.619331
35694	6.051063	-1.718022	10.499974	0.273607	-5.969171	-0.860212	0.033268	0.589164	0.807329	-0.957799	0.249547	-0.142643	-0.285506	-0.768513	0.572602
35695	9.131788	-1.822396	10.288653	0.133060	-6.311884	-0.831010	0.023273	0.537529	0.842924	-0.957947	0.253196	-0.135014	-0.285999	-0.804335	0.520817
35696	14.025144	-2.152842	11.343341	-0.059426	-6.411585	-0.654764	0.011172	0.483195	0.875442	-0.957653	0.257074	-0.129669	-0.287708	-0.836921	0.465605
35697	18.079690	-4.224593	10.579502	-0.121408	-5.770258	-0.533947	-0.000270	0.432880	0.901452	-0.957276	0.260565	-0.125411	-0.289175	-0.862972	0.414315
35698	14.376620	-4.482699	9.550191	0.116929	-4.524665	-0.725149	-0.006360	0.391469	0.920169	-0.957627	0.262580	-0.118329	-0.287940	-0.881932	0.373211
35699	11.289891	-2.413460	8.634007	0.677110	-4.468054	-0.763376	-0.011662	0.349794	0.936754	-0.959624	0.259389	-0.108805	-0.281043	-0.900201	0.332646
35700	11.597123	-2.516750	8.889829	0.688880	-4.235027	-0.672706	-0.016926	0.309567	0.950727	-0.961622	0.255395	-0.100280	-0.273854	-0.915938	0.293364
35701	9.704491	-3.518461	9.133654	0.923722	-3.813385	-0.639663	-0.020931	0.272921	0.961809	-0.964230	0.248750	-0.091568	-0.264241	-0.929321	0.257952
35702	7.241956	-3.048617	9.728330	1.263782	-3.746702	-0.576543	-0.024994	0.236424	0.971329	-0.967611	0.238435	-0.082934	-0.251206	-0.941941	0.222807
35703	5.095748	-2.799428	10.099421	1.228491	-3.738568	-0.414553	-0.030029	0.200211	0.979292	-0.970732	0.227716	-0.076322	-0.238281	-0.952922	0.187513
35704	2.435540	-4.160052	9.566783	0.909651	-3.627208	-0.240898	-0.036125	0.164915	0.985646	-0.972926	0.219488	-0.072383	-0.228274	-0.961576	0.152521
35705	-1.655220	-7.133536	5.970901	1.272659	-3.618119	-0.330918	-0.040815	0.129478	0.990742	-0.975871	0.207701	-0.067347	-0.214498	-0.969585	0.117877
35706	-4.372740	-4.773969	3.536917	2.518888	-3.407705	-0.745319	-0.040361	0.094792	0.994679	-0.981244	0.184040	-0.057355	-0.188497	-0.978337	0.085586
35707	28.078303	5.212445	29.029100	2.534374	-2.698788	-1.054452	-0.034644	0.066713	0.997171	-0.986087	0.160033	-0.044966	-0.162580	-0.984855	0.060241
35708	19.040938	0.430455	19.655043	0.993958	2.996928	0.625741	-0.036049	0.097156	0.994616	-0.987434	0.149774	-0.050419	-0.153866	-0.983935	0.090536
35709	2.808082	-4.719058	16.305039	-1.965655	6.364451	0.304732	-0.028468	0.160222	0.986670	-0.984099	0.168635	-0.055778	-0.175324	-0.972569	0.152873
35710	-10.508191	-12.405093	9.411111	0.541549	4.676071	0.088388	-0.021208	0.205645	0.978397	-0.985010	0.163267	-0.055668	-0.171188	-0.964911	0.199100
35711	-2.330220	-4.381546	9.247412	1.628701	4.289406	-0.497263	-0.009204	0.246445	0.969113	-0.987746	0.148756	-0.047210	-0.155796	-0.957672	0.242056
35712	-5.276286	-3.581020	9.557809	0.553835	4.768655	-0.639122	0.004445	0.290867	0.956753	-0.988604	0.145245	-0.039564	-0.150471	-0.945674	0.288198
35713	-2.960477	-2.210002	8.802076	0.491276	4.340898	-0.815312	0.019002	0.330824	0.943501	-0.989230	0.143198	-0.030288	-0.145128	-0.932764	0.329982
35714	-2.589974	-0.695882	8.284519	-0.198761	4.398673	-0.874847	0.034087	0.370212	0.928322	-0.988703	0.148149	-0.022777	-0.145963	-0.917058	0.371079
35715	-2.954137	-0.677319	8.350752	-1.102857	4.316998	-0.803229	0.048595	0.408528	0.911451	-0.986704	0.161331	-0.019704	-0.155095	-0.898375	0.410936
35716	-1.213740	-2.328600	8.987564	-1.908851	3.973596	-0.706157	0.062074	0.442592	0.894572	-0.983185	0.181342	-0.021496	-0.171737	-0.878195	0.446407
35717	2.173124	-3.929454	10.006544	-2.287162	3.752745	-0.601699	0.074868	0.474359	0.877142	-0.978608	0.203981	-0.026785	-0.191626	-0.856374	0.479483
35718	5.855026	-5.435303	10.895792	-2.402676	3.724578	-0.373252	0.086058	0.504992	0.858823	-0.973447	0.226154	-0.035436	-0.212121	-0.832969	0.511046
35719	8.100615	-7.272252	10.805235	-2.247396	3.964833	-0.051166	0.095391	0.537757	0.837686	-0.968416	0.244885	-0.046928	-0.230372	-0.806752	0.544132
35720	8.605152	-8.191627	10.364709	-1.734426	4.176015	0.228163	0.103097	0.571423	0.814154	-0.964524	0.257423	-0.058536	-0.243031	-0.779237	0.577691
35721	7.722447	-7.266329	9.876515	-1.207502	4.248604	0.458256	0.109208	0.605488	0.788326	-0.962018	0.263993	-0.069494	-0.250191	-0.750794	0.611320
35722	7.274577	-5.694326	9.771903	-0.851890	4.080775	0.657435	0.113199	0.637283	0.762271	-0.960589	0.266234	-0.079930	-0.253880	-0.723181	0.642304
35723	7.725620	-4.193446	9.992098	-0.732777	3.841977	0.823866	0.115133	0.667083	0.736033	-0.959642	0.266080	-0.091044	-0.256578	-0.695846	0.670795
35724	8.351312	-3.555965	10.181943	-0.757927	3.678516	0.988891	0.115166	0.694783	0.709939	-0.958811	0.264565	-0.103379	-0.259651	-0.668791	0.696635
35725	8.911902	-3.958494	10.267794	-0.823392	3.630655	1.186098	0.113329	0.721998	0.682551	-0.957994	0.261562	-0.117615	-0.263447	-0.640550	0.721312
35726	9.497778	-4.434678	10.731647	-0.706445	3.648352	1.378324	0.109813	0.748390	0.654106	-0.957647	0.255899	-0.132013	-0.266182	-0.611906	0.744794
35727	9.761638	-3.949535	10.935784	-0.538254	3.735122	1.587282	0.104607	0.774970	0.623281	-0.957893	0.247016	-0.146368	-0.267391	-0.581725	0.768178
35728	9.300126	-3.035536	10.836574	-0.402317	3.846460	1.745376	0.098190	0.800938	0.590642	-0.958574	0.235585	-0.160108	-0.267383	-0.550453	0.790890
