// General information: 
//  MT Manager version: 2022.2.0 
//  XDA version: 2022.2.0 build 7381 rev 124627 built on 2023-07-19
// Device information: 
//  DeviceId: 00B4CBA7
//  ProductCode: MTW2-3A7G6
//  Firmware Version: 4.6.0
//  Hardware Version: 2.0.0
// Device settings: 
//  Filter Profile: human(46.1)
//  Option Flags: Orientation Smoother Disabled, Position/Velocity Smoother Disabled, Continuous Zero Rotation Update Disabled, AHS Disabled, ICC Disabled
// Coordinate system: ENU
PacketCounter	Acc_X	Acc_Y	Acc_Z	Gyr_X	Gyr_Y	Gyr_Z	Mat[1][1]	Mat[2][1]	Mat[3][1]	Mat[1][2]	Mat[2][2]	Mat[3][2]	Mat[1][3]	Mat[2][3]	Mat[3][3]
25017	9.442114	0.949773	-2.455139	-0.014456	0.099166	-0.005045	-0.145313	0.174547	0.973867	0.962245	0.253902	0.098072	-0.230149	0.951350	-0.204852
25018	9.421937	0.934893	-2.358002	-0.026415	0.110158	-0.004263	-0.145136	0.173473	0.974086	0.962295	0.253662	0.098205	-0.230052	0.951611	-0.203748
25019	9.450604	0.895451	-2.258385	-0.018967	0.121257	-0.002955	-0.144921	0.172297	0.974326	0.962329	0.253490	0.098310	-0.230044	0.951870	-0.202542
25020	9.444425	0.877270	-2.258774	-0.013487	0.135338	-0.002688	-0.144671	0.170987	0.974594	0.962352	0.253370	0.098401	-0.230107	0.952138	-0.201205
25021	9.492136	0.868199	-2.262831	-0.008667	0.144577	-0.005045	-0.144423	0.169583	0.974876	0.962359	0.253300	0.098506	-0.230231	0.952408	-0.199782
25022	9.530960	0.867921	-2.225476	-0.006214	0.156182	-0.002786	-0.144125	0.168074	0.975182	0.962365	0.253249	0.098583	-0.230394	0.952689	-0.198248
25023	9.578685	0.914120	-2.121233	-0.021642	0.165413	-0.002070	-0.143800	0.166477	0.975503	0.962407	0.253049	0.098685	-0.230422	0.953022	-0.196608
25024	9.578547	1.005533	-2.096364	-0.004470	0.167805	-0.003850	-0.143486	0.164854	0.975825	0.962407	0.253016	0.098769	-0.230617	0.953313	-0.194961
25025	9.545069	1.013854	-1.971815	-0.018237	0.173371	-0.003435	-0.143155	0.163177	0.976156	0.962439	0.252852	0.098876	-0.230688	0.953645	-0.193245
25026	9.547047	0.993875	-1.876872	-0.010247	0.173201	-0.006972	-0.142858	0.161494	0.976479	0.962448	0.252768	0.099001	-0.230835	0.953954	-0.191539
25027	9.561643	0.978043	-1.749902	-0.010423	0.179455	-0.008360	-0.142560	0.159746	0.976810	0.962456	0.252686	0.099142	-0.230988	0.954270	-0.189771
25028	9.580511	0.919585	-1.656851	0.000775	0.175515	-0.005468	-0.142242	0.158042	0.977133	0.962441	0.252705	0.099231	-0.231243	0.954549	-0.188052
25029	9.639193	0.893526	-1.546716	0.015073	0.177519	-0.004558	-0.141912	0.156321	0.977458	0.962395	0.252859	0.099286	-0.231639	0.954791	-0.186327
25030	9.674251	0.975929	-1.347923	0.028274	0.163586	-0.007517	-0.141640	0.154726	0.977752	0.962314	0.253143	0.099345	-0.232140	0.954976	-0.184750
25031	9.769787	0.962205	-1.143904	0.018721	0.149887	-0.010586	-0.141430	0.153253	0.978014	0.962251	0.253341	0.099452	-0.232530	0.955161	-0.183298
25032	9.843854	0.994115	-0.807629	0.041226	0.137124	-0.011007	-0.141252	0.151901	0.978251	0.962135	0.253755	0.099522	-0.233118	0.955267	-0.181992
25033	9.812847	0.924807	-0.624827	0.033792	0.110699	-0.011595	-0.141141	0.150799	0.978437	0.962035	0.254098	0.099613	-0.233597	0.955350	-0.180937
25034	9.667849	0.603580	-0.461722	0.019341	0.073806	-0.019235	-0.141189	0.150030	0.978548	0.961958	0.254314	0.099804	-0.233885	0.955414	-0.180229
25035	9.678665	0.276994	-0.306985	0.064380	0.032960	-0.026179	-0.141399	0.149633	0.978579	0.961766	0.254972	0.099982	-0.234549	0.955301	-0.179964
25036	9.834987	0.266017	-0.160766	0.106097	-0.019376	-0.031736	-0.141785	0.149723	0.978509	0.961467	0.256035	0.100139	-0.235540	0.955002	-0.180255
25037	9.981019	0.493351	0.102972	0.084921	-0.070898	-0.037353	-0.142347	0.150287	0.978341	0.961208	0.256906	0.100389	-0.236254	0.954680	-0.181027
25038	10.053735	0.806441	0.472066	0.015355	-0.134209	-0.039886	-0.143082	0.151451	0.978054	0.961110	0.257115	0.100789	-0.236208	0.954439	-0.182350
25039	10.155901	1.120547	0.767535	-0.087946	-0.201819	-0.044709	-0.144022	0.153246	0.977637	0.961249	0.256347	0.101426	-0.235071	0.954360	-0.184227
25040	10.193248	1.268847	0.973469	-0.147331	-0.278874	-0.056462	-0.145253	0.155748	0.977059	0.961507	0.255031	0.102288	-0.233249	0.954307	-0.186797
25041	10.269909	1.333406	1.037011	-0.206304	-0.353967	-0.067534	-0.146759	0.158937	0.976320	0.961883	0.253171	0.103375	-0.230746	0.954277	-0.190033
25042	10.384955	1.314459	0.957065	-0.246961	-0.433028	-0.068574	-0.148447	0.162882	0.975414	0.962343	0.250928	0.104556	-0.227728	0.954204	-0.193997
25043	10.666350	1.226945	0.714561	-0.221958	-0.502690	-0.067039	-0.150264	0.167491	0.974355	0.962740	0.248924	0.105683	-0.224839	0.953931	-0.198655
25044	10.577602	1.454836	0.445171	-0.238252	-0.571902	-0.078820	-0.152335	0.172736	0.973117	0.963147	0.246789	0.106968	-0.221678	0.953550	-0.203965
25045	10.743231	1.346050	0.253960	-0.309607	-0.636519	-0.088531	-0.154621	0.178567	0.971703	0.963686	0.243997	0.108507	-0.217717	0.953194	-0.209810
25046	10.844480	1.210974	0.047197	-0.306390	-0.680659	-0.095035	-0.157041	0.184809	0.970146	0.964194	0.241254	0.110120	-0.213701	0.952703	-0.216079
25047	10.776111	0.982860	-0.327913	-0.288390	-0.713012	-0.091937	-0.159472	0.191357	0.968479	0.964654	0.238684	0.111681	-0.209790	0.952057	-0.222657
25048	10.588493	0.744263	-0.654552	-0.260900	-0.751221	-0.079633	-0.161837	0.198303	0.966687	0.965063	0.236361	0.113079	-0.206063	0.951215	-0.229627
25049	10.573490	0.515227	-0.892852	-0.255985	-0.764941	-0.053043	-0.163945	0.205430	0.964842	0.965494	0.234040	0.114225	-0.202347	0.950276	-0.236711
25050	10.399515	0.317562	-1.255669	-0.201857	-0.772901	-0.012220	-0.165650	0.212728	0.962968	0.965873	0.232154	0.114865	-0.199121	0.949132	-0.243925
25051	10.161598	0.544252	-1.636591	-0.193678	-0.793342	0.025561	-0.167005	0.220290	0.961032	0.966293	0.230264	0.115137	-0.195928	0.947866	-0.251320
25052	9.902261	0.437470	-2.318079	-0.202992	-0.796781	0.069971	-0.167912	0.227984	0.959077	0.966799	0.228190	0.115020	-0.192629	0.946548	-0.258730
25053	9.592615	0.364483	-2.921843	-0.271220	-0.801043	0.128905	-0.168226	0.235829	0.957123	0.967527	0.225329	0.114535	-0.188657	0.945310	-0.266077
25054	9.515035	0.071360	-3.387696	-0.334445	-0.796839	0.205370	-0.167758	0.243803	0.955205	0.968490	0.221683	0.113510	-0.184078	0.944149	-0.273310
25055	9.439428	-0.409476	-3.255311	-0.473327	-0.777772	0.280006	-0.166487	0.251736	0.953368	0.969810	0.216527	0.112185	-0.178189	0.943263	-0.280185
25056	9.176227	-1.174795	-2.943189	-0.667435	-0.766107	0.335921	-0.164598	0.259663	0.951569	0.971523	0.209381	0.110914	-0.170440	0.942727	-0.286732
25057	9.215685	-1.751923	-3.207622	-0.676149	-0.761503	0.381618	-0.162188	0.267604	0.949781	0.973268	0.202008	0.109283	-0.162619	0.942115	-0.293213
25058	9.260922	-1.495060	-3.409305	-0.623545	-0.752847	0.397051	-0.159553	0.275470	0.947976	0.974892	0.195065	0.107400	-0.155331	0.941311	-0.299676
25059	9.299771	-0.828178	-3.568223	-0.585609	-0.700646	0.390537	-0.156840	0.282792	0.946272	0.976395	0.188471	0.105508	-0.148508	0.940483	-0.305676
25060	9.090168	-0.060664	-2.978640	-0.756249	-0.589851	0.399498	-0.153823	0.289063	0.944871	0.978102	0.180226	0.104097	-0.140199	0.940192	-0.310456
25061	9.427184	-0.595276	-3.774690	-0.464931	-0.352634	0.449764	-0.149938	0.293158	0.944233	0.979420	0.174552	0.101332	-0.135112	0.939995	-0.313297
25062	8.708707	-0.931756	-2.861401	-0.469792	-0.055970	0.503388	-0.145115	0.294537	0.944558	0.980781	0.168664	0.098087	-0.130422	0.940638	-0.313352
25063	8.229480	-1.895575	-2.534398	-0.125934	0.197232	0.546072	-0.139532	0.293577	0.945697	0.981718	0.165880	0.093352	-0.129466	0.941433	-0.311356
25064	8.123786	-2.505660	-2.312863	0.315708	0.412135	0.641180	-0.132731	0.290752	0.947547	0.982171	0.166988	0.086342	-0.133125	0.942114	-0.307733
25065	8.907391	-2.873517	-2.349928	0.750584	0.699847	0.715331	-0.124775	0.285351	0.950266	0.982058	0.172008	0.077298	-0.141396	0.942862	-0.301694
25066	9.382652	-3.101083	-2.242021	1.422559	1.031260	0.777293	-0.115646	0.276995	0.953887	0.980869	0.183246	0.065705	-0.156596	0.943236	-0.292888
25067	9.104010	-2.414302	-1.713326	2.045227	1.334004	0.799965	-0.105605	0.265930	0.958190	0.978328	0.200369	0.052215	-0.178106	0.942939	-0.281327
25068	8.400495	-1.202596	-0.474505	2.309724	1.520337	0.731863	-0.095602	0.253127	0.962698	0.974669	0.220246	0.038881	-0.202189	0.942029	-0.267771
25069	9.073932	0.496184	-1.228200	2.348624	1.752944	0.624264	-0.085799	0.238041	0.967458	0.970197	0.240831	0.026786	-0.226617	0.940923	-0.251610
25070	9.699905	1.207874	-0.824725	1.953891	1.987662	0.475235	-0.076525	0.220513	0.972378	0.965952	0.258130	0.017482	-0.247144	0.940608	-0.232758
25071	10.026894	1.672975	-0.367111	1.388066	2.178257	0.346472	-0.067664	0.200906	0.977271	0.962666	0.270466	0.011050	-0.262099	0.941533	-0.211707
25072	10.248159	1.323705	-0.056693	0.769092	2.329553	0.243704	-0.059146	0.179597	0.981961	0.960769	0.277257	0.007160	-0.270970	0.943861	-0.188950
25073	10.378930	0.632014	-0.139701	0.261400	2.415090	0.203443	-0.050627	0.157303	0.986252	0.960167	0.279388	0.004727	-0.274804	0.947205	-0.165182
25074	10.722074	0.162382	-0.123861	-0.097708	2.443580	0.207648	-0.041950	0.134673	0.990002	0.960530	0.278160	0.002862	-0.274994	0.951047	-0.141027
25075	10.800437	0.224527	-0.047843	-0.332699	2.420583	0.227080	-0.033165	0.112208	0.993131	0.961527	0.274710	0.001072	-0.272702	0.954958	-0.117001
25076	10.630675	0.721458	0.238676	-0.481815	2.371304	0.263140	-0.024248	0.090219	0.995627	0.962906	0.269834	-0.001000	-0.268744	0.958671	-0.093415
25077	10.277663	1.377525	0.640145	-0.590248	2.284315	0.304653	-0.015259	0.069069	0.997495	0.964538	0.263921	-0.003520	-0.263503	0.962068	-0.070647
25078	10.099815	2.161193	0.942885	-0.700679	2.161365	0.361323	-0.006181	0.049167	0.998771	0.966400	0.256955	-0.006669	-0.256967	0.965172	-0.049103
25079	10.738359	2.879790	2.546565	-1.151798	2.017599	0.422504	0.002954	0.030693	0.999525	0.969304	0.245645	-0.010408	-0.245848	0.968874	-0.029025
25080	10.458171	1.930207	2.470318	-1.338694	1.852613	0.502759	0.012233	0.013897	0.999829	0.972470	0.232536	-0.015130	-0.232706	0.972489	-0.010670
25081	9.812274	2.761304	1.855953	-1.355775	1.514117	0.446471	0.019975	0.000132	0.999800	0.975463	0.219295	-0.019518	-0.219253	0.975659	0.004252
25082	8.555506	2.617598	1.337383	-1.476752	1.099595	0.396787	0.026146	-0.009785	0.999610	0.978503	0.204879	-0.023588	-0.204568	0.978738	0.014932
25083	8.456858	2.694944	1.554650	-1.453723	0.726077	0.359434	0.031071	-0.016216	0.999386	0.981271	0.190674	-0.027414	-0.190112	0.981519	0.021837
25084	9.016665	2.058261	1.325649	-1.462715	0.458901	0.352850	0.035341	-0.020090	0.999173	0.983830	0.176358	-0.031252	-0.175584	0.984121	0.025998
25085	9.106882	0.838491	0.535133	-1.319504	0.256671	0.313969	0.038836	-0.022110	0.999001	0.985946	0.163421	-0.034712	-0.162491	0.986309	0.028146
25086	8.668775	-0.523065	-0.162274	-0.968309	0.037793	0.261861	0.041443	-0.022079	0.998897	0.987370	0.153917	-0.037562	-0.152918	0.987837	0.028178
25087	8.117191	-1.114196	-0.713567	-0.412350	-0.169300	0.223378	0.043362	-0.020090	0.998857	0.987899	0.149887	-0.039872	-0.148914	0.988499	0.026346
25088	7.860332	-0.927012	-0.915656	0.059409	-0.339830	0.186161	0.044657	-0.016462	0.998867	0.987730	0.150504	-0.041679	-0.149648	0.988472	0.022981
25089	7.824596	-0.541785	-1.548984	0.390269	-0.482425	0.150213	0.045377	-0.011489	0.998904	0.987073	0.154379	-0.043064	-0.153715	0.987945	0.018346
25090	7.785075	-0.095431	-2.297616	0.547377	-0.569933	0.118495	0.045617	-0.005685	0.998943	0.986164	0.159791	-0.044124	-0.159372	0.987134	0.012896
25091	7.709559	0.080510	-2.734738	0.590767	-0.614126	0.088481	0.045461	0.000495	0.998966	0.985166	0.165620	-0.044915	-0.165471	0.986189	0.007041
25092	7.509625	0.167885	-3.626126	0.733125	-0.608203	0.074422	0.045128	0.006604	0.998959	0.983894	0.172840	-0.045590	-0.172961	0.984928	0.001302
25093	7.235422	0.542909	-4.188071	0.827144	-0.589622	0.052548	0.044568	0.012478	0.998928	0.982407	0.180974	-0.046092	-0.181355	0.983409	-0.004193
25094	7.393051	0.828722	-4.419339	0.841490	-0.546608	0.052049	0.044029	0.017934	0.998869	0.980825	0.189232	-0.046631	-0.189854	0.981769	-0.009258
25095	7.910619	0.916641	-4.496735	0.813411	-0.469794	0.019736	0.043279	0.022559	0.998808	0.979240	0.197205	-0.046885	-0.198028	0.980103	-0.013556
25096	7.571608	0.719530	-5.151502	0.762315	-0.399908	-0.019426	0.042245	0.026424	0.998758	0.977712	0.204673	-0.046770	-0.205655	0.978474	-0.017189
25097	7.037047	0.284185	-5.814963	0.791174	-0.390106	-0.037219	0.041031	0.030140	0.998703	0.976072	0.212417	-0.046512	-0.213543	0.976714	-0.020703
25098	7.081485	-0.395154	-2.959121	0.174788	-0.507670	-0.022638	0.039686	0.035036	0.998598	0.975708	0.214129	-0.046289	-0.215450	0.976177	-0.025687
25099	10.520397	-1.814094	-0.773711	0.312527	-0.735902	0.070495	0.038742	0.042350	0.998351	0.975004	0.217149	-0.047048	-0.218784	0.975219	-0.032879
25100	17.661195	0.163301	0.185818	0.639837	-0.941636	0.067822	0.037276	0.051661	0.997969	0.973559	0.223350	-0.047926	-0.225372	0.973368	-0.041969
25101	20.577621	1.842374	1.785857	0.219733	-0.831990	-0.108912	0.034298	0.059492	0.997639	0.973102	0.225548	-0.046904	-0.227806	0.972414	-0.050156
25102	13.650976	0.310408	1.202936	0.153833	-0.690192	-0.221601	0.030528	0.065686	0.997373	0.972824	0.227181	-0.044738	-0.229523	0.971635	-0.056966
25103	9.307733	-0.052703	-2.613622	0.725771	-0.762155	-0.128820	0.027465	0.072766	0.996971	0.971171	0.234314	-0.043856	-0.236796	0.969434	-0.064232
25104	8.023916	2.450831	-4.231546	1.048302	-0.872174	-0.014328	0.025180	0.081159	0.996383	0.968640	0.244471	-0.044392	-0.247190	0.966254	-0.072458
25105	8.457687	4.260138	-4.223777	0.945186	-0.851519	0.067590	0.023655	0.089522	0.995704	0.966244	0.253533	-0.045750	-0.256540	0.963175	-0.080503
25106	9.242948	5.132663	-4.450922	0.445217	-0.740035	0.126511	0.022926	0.096953	0.995025	0.965064	0.257700	-0.047346	-0.261008	0.961349	-0.087657
25107	9.940352	3.592792	-4.125937	-0.257030	-0.597036	0.173115	0.023010	0.103117	0.994403	0.965694	0.255058	-0.048794	-0.258662	0.961412	-0.093711
25108	10.497807	1.380971	-3.475224	-0.646339	-0.464082	0.194873	0.023672	0.108058	0.993863	0.967302	0.248635	-0.050072	-0.252520	0.962551	-0.098639
25109	10.352564	0.124068	-2.693261	-0.836195	-0.384324	0.194826	0.024565	0.112219	0.993380	0.969335	0.240367	-0.051124	-0.244513	0.964173	-0.102873
25110	10.309880	-1.185327	-1.989106	-0.909416	-0.335356	0.191390	0.025581	0.115893	0.992932	0.971472	0.231374	-0.052034	-0.235769	0.965937	-0.106668
25111	10.129211	-2.454145	-1.916308	-0.802827	-0.311691	0.180352	0.026574	0.119300	0.992503	0.973289	0.223404	-0.052913	-0.228042	0.967398	-0.110177
25112	10.028589	-3.243217	-2.000089	-0.528424	-0.301153	0.153931	0.027358	0.122541	0.992086	0.974441	0.218105	-0.053811	-0.222973	0.968201	-0.113442
25113	9.570233	-3.202081	-1.964911	-0.081054	-0.271966	0.120986	0.027894	0.125422	0.991711	0.974589	0.217173	-0.054878	-0.222256	0.968042	-0.116177
25114	9.064729	-2.475760	-1.949527	0.346289	-0.269038	0.104467	0.028273	0.128240	0.991340	0.973786	0.220393	-0.056282	-0.225702	0.966944	-0.118647
25115	8.953680	-1.451633	-1.658272	0.614381	-0.283975	0.102337	0.028582	0.131197	0.990944	0.972353	0.226198	-0.057994	-0.231758	0.965206	-0.121104
25116	9.374965	-0.861397	-1.073753	0.639555	-0.295935	0.098910	0.028813	0.134264	0.990527	0.970824	0.232236	-0.059719	-0.238054	0.963348	-0.123655
25117	10.073375	-0.726284	-0.708383	0.670757	-0.290235	0.104636	0.029091	0.137287	0.990104	0.969177	0.238552	-0.061553	-0.244642	0.961377	-0.126116
25118	10.342528	-0.695700	-0.794784	0.701586	-0.297021	0.092095	0.029210	0.140349	0.989671	0.967412	0.245164	-0.063321	-0.251518	0.959269	-0.128614
25119	10.162739	-0.712137	-0.942107	0.738083	-0.309873	0.068907	0.029049	0.143473	0.989228	0.965510	0.252141	-0.064922	-0.258739	0.956996	-0.131200
25120	9.954068	-0.518288	-0.841484	0.685393	-0.335542	0.052916	0.028645	0.146801	0.988751	0.963701	0.258618	-0.066317	-0.265444	0.954760	-0.134064
25121	9.689121	-0.437944	-0.858816	0.563477	-0.323474	0.040299	0.028130	0.149975	0.988290	0.962180	0.263936	-0.067439	-0.270959	0.952809	-0.136878
25122	9.594117	-0.733678	-1.064647	0.411057	-0.309618	0.034396	0.027580	0.152999	0.987841	0.961050	0.267800	-0.068310	-0.274995	0.951249	-0.139654
25123	9.743160	-1.008568	-1.470082	0.344104	-0.291544	0.024407	0.026972	0.155819	0.987417	0.960093	0.271037	-0.068997	-0.278377	0.949874	-0.142290
25124	9.934187	-0.981430	-1.866836	0.358111	-0.276918	0.015210	0.026308	0.158474	0.987013	0.959088	0.274415	-0.069623	-0.281884	0.948463	-0.144771
25125	10.036840	-0.829126	-1.930900	0.375727	-0.282860	-0.005542	0.025416	0.161121	0.986607	0.958025	0.277988	-0.070078	-0.285556	0.946975	-0.147293
25126	9.941726	-0.695108	-1.734081	0.382011	-0.281754	-0.025325	0.024329	0.163701	0.986210	0.956935	0.281647	-0.070358	-0.289281	0.945451	-0.149799
25127	9.663617	-0.767813	-1.497469	0.390781	-0.272360	-0.025273	0.023259	0.166185	0.985820	0.955805	0.285384	-0.070660	-0.293080	0.943895	-0.152203
25128	9.333364	-0.722095	-1.234092	0.456462	-0.285662	-0.015560	0.022232	0.168819	0.985396	0.954462	0.289718	-0.071169	-0.297502	0.942106	-0.154690
25129	9.228406	-0.495574	-0.857436	0.447781	-0.312158	-0.006217	0.021202	0.171721	0.984918	0.953124	0.293947	-0.071768	-0.301838	0.940270	-0.157439
25130	9.264055	-0.385426	-0.336769	0.387843	-0.349194	0.002642	0.020132	0.174993	0.984364	0.951947	0.297590	-0.072372	-0.305601	0.938519	-0.160593
25131	9.421478	-0.524682	-0.057908	0.296398	-0.387944	0.008399	0.018986	0.178637	0.983732	0.951037	0.300359	-0.072897	-0.308495	0.936949	-0.164188
25132	9.347380	-0.698165	0.146501	0.197236	-0.428216	0.006523	0.017688	0.182650	0.983019	0.950427	0.302197	-0.073252	-0.310445	0.935583	-0.168250
25133	9.375858	-0.979694	0.208592	0.112359	-0.487430	0.005929	0.016194	0.187206	0.982187	0.950078	0.303242	-0.073462	-0.311593	0.934344	-0.172950
25134	9.504563	-0.830648	0.106122	0.087773	-0.535814	0.004904	0.014534	0.192208	0.981247	0.949805	0.304056	-0.073627	-0.312506	0.933063	-0.178141
25135	9.521076	-0.391638	-0.035837	0.007251	-0.584562	0.008757	0.012755	0.197666	0.980187	0.949782	0.304112	-0.073687	-0.312652	0.931904	-0.183860
25136	9.523273	-0.161061	-0.204032	-0.104004	-0.629877	0.003389	0.010786	0.203527	0.979010	0.950108	0.303141	-0.073488	-0.311735	0.930958	-0.190102
25137	9.328780	-0.083579	-0.345456	-0.215193	-0.675824	0.004119	0.008691	0.209808	0.977704	0.950777	0.301136	-0.073073	-0.309753	0.930214	-0.196863
25138	9.233952	-0.590466	-0.451064	-0.296098	-0.725690	0.004171	0.006458	0.216552	0.976250	0.951691	0.298379	-0.072482	-0.306989	0.929556	-0.204164
25139	9.464422	-1.062105	-1.134615	-0.240234	-0.761971	-0.000906	0.004084	0.223608	0.974671	0.952427	0.296156	-0.071935	-0.304739	0.928596	-0.211761
25140	9.639374	-1.062892	-1.945283	-0.192941	-0.773120	-0.001167	0.001690	0.230763	0.973008	0.953014	0.294373	-0.071470	-0.302920	0.927412	-0.219423
25141	9.881363	-0.910995	-2.931167	-0.140581	-0.762958	0.008710	-0.000568	0.237839	0.971305	0.953440	0.293057	-0.071202	-0.301582	0.926040	-0.226931
25142	9.879734	-0.787765	-3.552705	-0.147044	-0.727829	0.000903	-0.002784	0.244561	0.969630	0.953883	0.291700	-0.070834	-0.300165	0.924717	-0.234095
25143	9.746403	-0.694253	-4.028127	-0.176225	-0.694916	-0.015005	-0.005041	0.250919	0.967995	0.954411	0.290117	-0.070232	-0.298454	0.923511	-0.240942
25144	9.467365	-1.160588	-4.003905	-0.200208	-0.650667	-0.045775	-0.007449	0.256776	0.966442	0.955004	0.288392	-0.069263	-0.296499	0.922440	-0.247371
25145	9.490329	-1.764314	-3.814533	-0.119659	-0.620926	-0.083131	-0.010115	0.262241	0.964949	0.955351	0.287512	-0.068122	-0.295299	0.921177	-0.253440
25146	9.510786	-2.311502	-3.821171	0.025369	-0.597692	-0.119465	-0.013056	0.267383	0.963502	0.955263	0.288069	-0.066998	-0.295469	0.919523	-0.259182
25147	9.763658	-2.610866	-3.622298	0.194408	-0.579190	-0.141422	-0.016158	0.272274	0.962084	0.954667	0.290244	-0.066107	-0.297239	0.917401	-0.264621
25148	9.908389	-2.329814	-3.146134	0.297430	-0.569165	-0.176074	-0.019572	0.276959	0.960682	0.953747	0.293460	-0.065172	-0.299972	0.914972	-0.269893
25149	10.197839	-1.961533	-2.697834	0.323737	-0.566014	-0.211479	-0.023328	0.281488	0.959281	0.952726	0.297017	-0.063987	-0.302934	0.912439	-0.275110
25150	10.253088	-1.316307	-2.086466	0.304771	-0.569272	-0.245073	-0.027428	0.285927	0.957859	0.951736	0.300497	-0.062447	-0.305689	0.909916	-0.280369
25151	10.332559	-0.672479	-1.371175	0.259365	-0.582412	-0.273624	-0.031851	0.290374	0.956383	0.950859	0.303650	-0.060526	-0.307981	0.907458	-0.285776
25152	10.226413	0.143744	-0.662195	0.226281	-0.610003	-0.283571	-0.036466	0.295021	0.954795	0.950063	0.306539	-0.058432	-0.309921	0.904984	-0.291467
25153	10.127468	0.583142	0.199464	0.122844	-0.675305	-0.294460	-0.041391	0.300199	0.952978	0.949566	0.308535	-0.055949	-0.310823	0.902600	-0.297829
25154	9.872727	0.595950	0.857384	0.049524	-0.762836	-0.304484	-0.046688	0.306117	0.950848	0.949278	0.309913	-0.053162	-0.310954	0.900137	-0.305059
25155	9.754506	0.456443	1.078032	0.003390	-0.881964	-0.311119	-0.052415	0.313056	0.948287	0.949112	0.310916	-0.050181	-0.310547	0.897400	-0.313422
25156	9.609621	0.423661	1.250699	-0.085898	-0.997542	-0.308282	-0.058467	0.321019	0.945266	0.949206	0.311133	-0.046953	-0.309176	0.894507	-0.322904
25157	9.968260	0.495742	1.156402	-0.267353	-1.091234	-0.287075	-0.064582	0.329851	0.941821	0.949850	0.309690	-0.043329	-0.305965	0.891791	-0.333309
25158	10.257675	0.564937	0.760721	-0.461949	-1.181479	-0.254957	-0.070624	0.339571	0.937925	0.951077	0.306439	-0.039331	-0.300772	0.889262	-0.344600
25159	10.280262	0.770986	0.059864	-0.699547	-1.267880	-0.245346	-0.076758	0.350062	0.933576	0.952972	0.301083	-0.034544	-0.293177	0.887020	-0.356710
25160	10.176388	1.031851	-0.454835	-0.927801	-1.327364	-0.238389	-0.082893	0.361099	0.928836	0.955454	0.293721	-0.028920	-0.283261	0.885063	-0.369361
25161	10.265348	0.867921	-0.786935	-1.148425	-1.387786	-0.250937	-0.089175	0.372619	0.923690	0.958418	0.284500	-0.022240	-0.271077	0.883298	-0.382495
25162	10.578658	0.493448	-0.772127	-1.258225	-1.437325	-0.277182	-0.095671	0.384512	0.918149	0.961486	0.274458	-0.014754	-0.257667	0.881376	-0.395960
25163	10.995682	0.374802	-0.268808	-1.316262	-1.514332	-0.318920	-0.102570	0.396956	0.912088	0.964465	0.264132	-0.006494	-0.243489	0.879011	-0.409942
25164	11.409700	0.498622	0.580591	-1.340402	-1.611469	-0.361346	-0.109902	0.410147	0.905373	0.967243	0.253840	0.002419	-0.228828	0.875982	-0.424610
25165	11.975603	0.824723	1.506333	-1.401329	-1.730391	-0.394605	-0.117583	0.424266	0.897871	0.969888	0.243251	0.012072	-0.213286	0.872254	-0.440093
25166	12.695989	1.634566	2.787305	-1.543694	-1.882336	-0.433007	-0.125677	0.439602	0.889357	0.972517	0.231704	0.022899	-0.196001	0.867792	-0.456640
25167	13.432550	2.318395	3.883858	-1.830466	-2.029001	-0.458843	-0.133950	0.456100	0.879790	0.975317	0.217935	0.035513	-0.175539	0.862831	-0.474035
25168	14.415592	3.276992	3.768802	-2.098338	-2.150300	-0.459192	-0.141994	0.473619	0.869208	0.978116	0.202036	0.049699	-0.152073	0.857244	-0.491942
25169	14.222764	3.710052	2.338954	-2.351667	-2.232800	-0.446400	-0.149504	0.491799	0.857778	0.980728	0.184120	0.065370	-0.125785	0.851019	-0.509847
25170	13.380692	2.513012	0.870568	-2.464414	-2.333353	-0.390944	-0.155991	0.510878	0.845382	0.982883	0.165213	0.081522	-0.098020	0.843628	-0.527905
25171	12.983967	1.139426	-0.408510	-2.163796	-2.426205	-0.311760	-0.161168	0.530715	0.832086	0.984232	0.148699	0.095795	-0.072890	0.834404	-0.546312
25172	13.116565	0.238282	-0.976437	-1.925119	-2.513819	-0.262274	-0.165330	0.551175	0.817846	0.984979	0.134176	0.108691	-0.049827	0.823531	-0.565079
25173	13.466053	-1.914903	-1.831235	-1.680878	-2.511466	-0.256616	-0.168886	0.571348	0.803143	0.985207	0.121892	0.120458	-0.029073	0.811605	-0.583482
25174	12.476548	-5.146118	-2.849653	-1.432158	-2.539677	-0.271595	-0.172103	0.591470	0.787746	0.985022	0.111960	0.131139	-0.010631	0.798516	-0.601879
25175	12.015639	-7.855800	-4.298023	-0.945033	-2.601152	-0.286613	-0.175058	0.611707	0.771472	0.984553	0.106226	0.139181	0.003188	0.783920	-0.620854
25176	12.718608	-7.740513	-6.544569	-0.178962	-2.600601	-0.270249	-0.177590	0.631592	0.754688	0.984058	0.106538	0.142403	0.009538	0.767946	-0.640443
25177	12.393930	-5.779018	-7.658412	0.210421	-2.481110	-0.288343	-0.180192	0.650103	0.738172	0.983559	0.110005	0.143212	0.011900	0.751841	-0.659237
25178	11.502468	-4.207531	-9.098184	0.628106	-2.257157	-0.314558	-0.183078	0.666533	0.722645	0.983049	0.116772	0.141344	0.009826	0.736273	-0.676613
25179	10.210037	-3.637213	-9.751539	0.923591	-1.961389	-0.355258	-0.186459	0.680372	0.708750	0.982453	0.125919	0.137588	0.004366	0.721968	-0.691913
25180	8.829644	-2.741366	-9.832614	1.184089	-1.589969	-0.425950	-0.190679	0.691184	0.697070	0.981643	0.137339	0.132342	-0.004263	0.709509	-0.704683
25181	7.583481	-1.760408	-8.898922	1.237626	-1.213048	-0.472804	-0.195456	0.699020	0.687872	0.980611	0.149365	0.126851	-0.014073	0.699329	-0.714662
25182	7.048584	-0.845276	-6.944412	0.990730	-0.906033	-0.505464	-0.200610	0.704530	0.680730	0.979424	0.159826	0.123221	-0.021986	0.691443	-0.722097
25183	6.226828	0.211712	-9.378718	1.260504	-0.775953	-0.532427	-0.206060	0.708951	0.674483	0.977991	0.172279	0.117702	-0.032755	0.683892	-0.728848
25184	3.179429	-0.127636	-10.432812	0.508202	-0.814580	-0.594611	-0.212188	0.713437	0.667820	0.976565	0.179991	0.118001	-0.036016	0.677208	-0.734910
25185	4.378628	-1.466339	-6.611310	-0.306616	-0.587654	-0.524772	-0.217536	0.716428	0.662880	0.975535	0.181694	0.123768	-0.031770	0.673587	-0.738425
25186	5.563838	-1.462601	-4.547972	-0.056875	-0.179221	-0.419838	-0.221722	0.716855	0.661028	0.974623	0.184345	0.126995	-0.030820	0.672410	-0.739537
25187	6.319921	-2.300822	-4.937266	0.389507	0.323403	-0.292704	-0.224492	0.714102	0.663070	0.973835	0.189082	0.126072	-0.035347	0.674023	-0.737864
25188	5.780471	-3.204625	-4.714950	0.606566	0.656372	-0.187664	-0.226100	0.709295	0.667667	0.973167	0.194542	0.122883	-0.042729	0.677535	-0.734248
25189	5.644083	-2.855976	-5.063632	1.212070	0.921906	-0.037409	-0.226029	0.702925	0.674394	0.972474	0.203064	0.114278	-0.056616	0.681661	-0.729475
25190	5.694022	-1.914665	-5.458205	1.516775	1.210804	0.091993	-0.224380	0.694819	0.683286	0.971681	0.212825	0.102667	-0.074086	0.686973	-0.722897
25191	6.311344	-0.790142	-5.256937	1.588643	1.512628	0.156422	-0.221620	0.684683	0.694330	0.970698	0.222736	0.090191	-0.092900	0.693972	-0.713983
25192	6.697407	0.262742	-5.202880	1.436847	1.855067	0.131365	-0.218491	0.672009	0.707577	0.969515	0.231907	0.079124	-0.110920	0.703294	-0.702192
25193	6.871728	0.171978	-5.723000	1.060685	2.145641	0.067897	-0.215313	0.656918	0.722564	0.968400	0.238998	0.071283	-0.125864	0.715079	-0.687619
25194	7.137375	-0.848060	-6.465964	0.731142	2.326020	0.075494	-0.211550	0.640299	0.738420	0.967589	0.243808	0.065794	-0.137905	0.728406	-0.671124
25195	7.117150	-1.185124	-6.847059	0.452269	2.467653	0.133723	-0.206755	0.622437	0.754867	0.967218	0.246310	0.061818	-0.147453	0.742902	-0.652958
25196	6.969533	-1.420607	-6.565772	0.206670	2.580778	0.195030	-0.201005	0.603534	0.771585	0.967296	0.246686	0.059031	-0.154712	0.758217	-0.633381
25197	7.079267	-1.962556	-6.524943	0.126262	2.705999	0.237144	-0.194452	0.583350	0.788600	0.967560	0.246263	0.056412	-0.161295	0.773988	-0.612313
25198	7.187689	-2.365526	-6.563950	0.163380	2.787552	0.223771	-0.187730	0.562095	0.805486	0.967712	0.246278	0.053678	-0.168201	0.789555	-0.590179
25199	7.393254	-2.525048	-6.491019	0.311532	2.870097	0.223421	-0.180637	0.539731	0.822229	0.967581	0.247546	0.050074	-0.176513	0.804619	-0.566949
25200	7.509899	-2.368689	-6.695948	0.541822	2.939835	0.235808	-0.173048	0.516440	0.838656	0.967008	0.250716	0.045143	-0.186951	0.818798	-0.542788
25201	7.353858	-1.988611	-6.787957	0.757313	2.989029	0.259989	-0.164776	0.492389	0.854636	0.965980	0.255669	0.038942	-0.199329	0.831978	-0.517765
25202	7.241811	-1.600027	-6.990715	0.924164	3.030020	0.268749	-0.155968	0.467675	0.870031	0.964499	0.262140	0.031993	-0.213108	0.844134	-0.491958
25203	7.174059	-1.349758	-7.046088	1.073522	3.090866	0.282473	-0.146438	0.442122	0.884920	0.962554	0.269990	0.024394	-0.228134	0.855356	-0.465104
25204	7.313754	-0.707407	-6.970066	1.242172	3.155230	0.323767	-0.135903	0.415846	0.899223	0.960071	0.279303	0.015936	-0.244529	0.865484	-0.437200
25205	7.525468	0.052437	-6.795152	1.314769	3.217944	0.355469	-0.124366	0.388817	0.912882	0.957205	0.289323	0.007175	-0.261328	0.874708	-0.408159
25206	7.563343	0.797792	-6.287345	1.288680	3.309846	0.388288	-0.111771	0.360847	0.925903	0.954187	0.299208	-0.001423	-0.277551	0.883326	-0.377758
25207	7.375865	1.526635	-6.091229	1.183153	3.401866	0.428166	-0.098006	0.331917	0.938204	0.951262	0.308233	-0.009676	-0.292397	0.891529	-0.345949
25208	7.225563	1.904209	-5.938848	0.966238	3.481491	0.485430	-0.083033	0.302233	0.949611	0.948813	0.315357	-0.017406	-0.304727	0.899558	-0.312947
25209	7.313059	1.982118	-5.675799	0.723207	3.541910	0.577526	-0.066606	0.272025	0.959982	0.947006	0.320240	-0.025039	-0.314236	0.907441	-0.278939
25210	7.546470	2.162557	-5.344123	0.458873	3.576803	0.685547	-0.048796	0.241613	0.969145	0.945943	0.322668	-0.032816	-0.320641	0.915155	-0.244297
25211	7.804939	2.116965	-5.242927	0.173359	3.600389	0.791711	-0.029718	0.211039	0.977026	0.945695	0.322473	-0.040890	-0.323694	0.922753	-0.209162
25212	8.001072	1.644354	-5.136153	-0.138957	3.587355	0.871410	-0.009905	0.180580	0.983510	0.946317	0.319484	-0.049129	-0.323087	0.930226	-0.174050
25213	8.183961	1.143952	-4.750806	-0.355383	3.542231	0.946216	0.010428	0.150464	0.988560	0.947458	0.314601	-0.057878	-0.319711	0.937223	-0.139278
25214	8.378213	0.819723	-4.572437	-0.497564	3.466162	0.994911	0.030817	0.120950	0.992180	0.948832	0.308574	-0.067087	-0.314275	0.943479	-0.105252
25215	8.557633	0.636460	-4.213685	-0.639733	3.363801	1.037875	0.051106	0.092247	0.994424	0.950395	0.301414	-0.076804	-0.306818	0.949021	-0.072267
25216	8.695739	0.969472	-3.360545	-0.772418	3.225606	1.072302	0.071020	0.064726	0.995373	0.952078	0.293222	-0.086999	-0.297496	0.953851	-0.040800
25217	8.771049	0.925080	-3.035772	-0.958419	3.049519	1.099474	0.090380	0.038706	0.995155	0.953989	0.283489	-0.097667	-0.285896	0.958194	-0.011303
25218	8.936399	0.578065	-2.896024	-1.149834	2.835168	1.106588	0.108825	0.014540	0.993955	0.956100	0.272151	-0.108662	-0.272085	0.962145	0.015715
25219	9.025523	0.427901	-2.340657	-1.294297	2.580788	1.089393	0.126059	-0.007474	0.991995	0.958246	0.259633	-0.119814	-0.256659	0.965678	0.039891
25220	8.885738	0.523106	-1.725510	-1.429696	2.271899	1.051057	0.141749	-0.026808	0.989540	0.960394	0.245979	-0.130910	-0.239896	0.968904	0.060614
25221	8.542400	0.268425	-1.047531	-1.574788	1.900898	0.985181	0.155592	-0.042937	0.986888	0.962570	0.231035	-0.141707	-0.221922	0.971997	0.077278
25222	8.391989	-0.221307	-0.358129	-1.534370	1.460551	0.909423	0.167436	-0.055133	0.984340	0.964382	0.216541	-0.151912	-0.204775	0.974716	0.089425
25223	8.283891	-0.280005	-0.054449	-1.270132	1.005703	0.838077	0.177492	-0.063210	0.982090	0.965454	0.204639	-0.161314	-0.190777	0.976794	0.097348
25224	7.951449	-0.329349	0.440730	-1.034599	0.529841	0.708843	0.185284	-0.066986	0.980399	0.966092	0.194980	-0.169258	-0.179820	0.978517	0.100842
25225	7.537356	-0.339153	0.001731	-0.655278	0.074656	0.563844	0.190843	-0.066663	0.979354	0.966194	0.188936	-0.175417	-0.173342	0.979724	0.100467
25226	7.083516	0.060515	-0.879360	-0.279577	-0.347076	0.414124	0.194209	-0.062496	0.978967	0.965887	0.186458	-0.179711	-0.171305	0.980473	0.096576
25227	6.675940	0.609078	-1.683864	0.122607	-0.711225	0.273340	0.195600	-0.055038	0.979138	0.965148	0.187817	-0.182248	-0.173869	0.980661	0.089857
25228	6.485156	1.216320	-2.882971	0.479752	-0.982639	0.136860	0.195144	-0.045156	0.979735	0.964039	0.192585	-0.183141	-0.180412	0.980241	0.081113
25229	6.206425	1.734355	-4.251315	0.797693	-1.151704	0.022343	0.193202	-0.033855	0.980575	0.962522	0.200405	-0.182726	-0.190326	0.979128	0.071305
25230	6.691608	1.660201	-4.118394	0.874477	-1.196735	-0.082039	0.190036	-0.022327	0.981523	0.960976	0.208934	-0.181305	-0.201026	0.977675	0.061160
25231	6.802359	-0.442710	-4.875658	1.159075	-1.104044	-0.173773	0.186051	-0.011944	0.982467	0.958902	0.220221	-0.178912	-0.214223	0.975377	0.052425
25232	7.757351	0.025604	-7.089521	1.682166	-1.052339	-0.308077	0.180718	-0.002416	0.983532	0.955719	0.236572	-0.175026	-0.232253	0.971611	0.045062
25233	9.113740	0.020404	-6.522758	2.051695	-0.828038	-0.358756	0.175262	0.004700	0.984511	0.951383	0.256457	-0.170589	-0.253286	0.966544	0.040476
25234	9.915819	-1.564583	-5.007774	2.133905	-0.547609	-0.324971	0.170699	0.009096	0.985281	0.946321	0.277041	-0.166506	-0.274478	0.960815	0.038683
25235	10.647158	-2.820663	-2.386112	2.139024	-0.483795	-0.169816	0.167693	0.013219	0.985751	0.940519	0.297544	-0.163988	-0.295472	0.954616	0.037464
25236	14.195094	-5.186180	9.554504	0.413394	-0.727351	0.112158	0.166545	0.020477	0.985821	0.939106	0.301467	-0.164915	-0.300569	0.953257	0.030978
25237	25.618499	1.737569	4.371453	1.690257	-1.573501	0.426651	0.165641	0.036728	0.985502	0.933167	0.317408	-0.168674	-0.319001	0.947578	0.018303
25238	32.969295	8.617843	-2.487425	-0.153664	-1.829998	-0.290000	0.157048	0.053131	0.986161	0.934134	0.316081	-0.165792	-0.320515	0.947243	0.000009
25239	13.055958	8.970481	0.351163	-1.900696	-1.338982	-1.047875	0.143006	0.062601	0.987740	0.941654	0.298635	-0.155261	-0.304693	0.952312	-0.016242
25240	5.132520	0.867767	-6.988146	-1.118919	-1.348969	-1.010279	0.129383	0.072482	0.988942	0.946396	0.288647	-0.144972	-0.295963	0.954688	-0.031250
25241	3.950420	-4.007069	-10.049466	0.184087	-1.571737	-0.684144	0.118194	0.085466	0.989306	0.946700	0.290946	-0.138239	-0.299649	0.952915	-0.046522
25242	4.691059	-2.579070	-9.662163	2.207896	-1.426760	-0.214506	0.111701	0.098342	0.988864	0.940087	0.312096	-0.137229	-0.322116	0.944947	-0.057589
25243	7.455358	2.578448	-7.938634	2.705040	-1.391167	0.198292	0.108856	0.112040	0.987723	0.930797	0.337313	-0.140845	-0.348953	0.934701	-0.067568
25244	10.598228	5.996751	-4.126208	1.655127	-1.134566	0.412068	0.108592	0.124009	0.986321	0.924441	0.352241	-0.146066	-0.365537	0.927657	-0.076388
25245	12.536443	4.890370	-2.497554	0.039276	-0.896945	0.170320	0.106848	0.132903	0.985353	0.924119	0.352390	-0.147737	-0.366863	0.926368	-0.085166
25246	12.466883	1.651404	-1.997452	-1.384853	-0.759460	-0.108453	0.103069	0.139560	0.984835	0.929235	0.339684	-0.145386	-0.354823	0.930128	-0.094673
25247	11.968306	-1.927106	-1.959714	-1.865231	-0.663629	-0.149793	0.099335	0.145233	0.984398	0.935854	0.322503	-0.142017	-0.338097	0.935360	-0.103881
25248	10.626271	-4.286345	-2.454014	-1.752198	-0.619092	-0.156758	0.095786	0.150529	0.983954	0.941797	0.306308	-0.138542	-0.322247	0.939956	-0.112428
25249	9.660860	-6.456324	-2.998850	-1.123889	-0.604835	-0.154812	0.092368	0.155737	0.983470	0.945513	0.295971	-0.135672	-0.312208	0.942416	-0.119913
25250	8.895489	-6.814906	-3.639942	0.003295	-0.584388	-0.156139	0.089032	0.160763	0.982969	0.945649	0.296252	-0.134103	-0.312765	0.941483	-0.125650
25251	8.633165	-4.505789	-3.632498	0.915051	-0.609713	-0.174018	0.085418	0.165952	0.982427	0.942901	0.305138	-0.133526	-0.321935	0.937737	-0.130412
25252	9.357930	-1.271139	-2.683321	1.241086	-0.606815	-0.160992	0.081879	0.171111	0.981844	0.938968	0.317020	-0.133552	-0.334117	0.932855	-0.134710
25253	9.834045	0.597240	-1.735509	1.053523	-0.577011	-0.148743	0.078493	0.175985	0.981258	0.935517	0.327087	-0.133496	-0.344450	0.928463	-0.138963
25254	10.043251	0.718300	-1.375943	0.639006	-0.539739	-0.155011	0.075135	0.180459	0.980709	0.933419	0.333290	-0.132840	-0.350833	0.925393	-0.143403
25255	9.974706	0.190332	-1.302011	0.401707	-0.514568	-0.154128	0.071846	0.184682	0.980169	0.932119	0.337288	-0.131875	-0.354955	0.923108	-0.147912
25256	9.882010	-0.148573	-1.335633	0.253957	-0.505807	-0.132293	0.068778	0.188881	0.979589	0.931311	0.339882	-0.130923	-0.357673	0.921306	-0.152530
25257	10.066995	-0.712612	-1.478360	0.089650	-0.500525	-0.127271	0.065764	0.193038	0.978985	0.931079	0.340955	-0.129776	-0.358841	0.920047	-0.157311
25258	10.131880	-1.311695	-1.584526	-0.020491	-0.487925	-0.126817	0.062798	0.197075	0.978375	0.931238	0.341018	-0.128465	-0.358961	0.919167	-0.162109
25259	9.864914	-1.643462	-1.465016	-0.060993	-0.482568	-0.140016	0.059727	0.201014	0.977766	0.931546	0.340742	-0.126955	-0.358685	0.918416	-0.166903
25260	9.558348	-1.684537	-1.224734	-0.073895	-0.501166	-0.152882	0.056472	0.205077	0.977115	0.931903	0.340378	-0.125298	-0.358285	0.917652	-0.171890
25261	9.330496	-1.617250	-0.920952	-0.095077	-0.522021	-0.162030	0.053058	0.209297	0.976412	0.932335	0.339847	-0.123510	-0.357681	0.916896	-0.177103
25262	9.139395	-1.542473	-0.613809	-0.099303	-0.544087	-0.175363	0.049445	0.213670	0.975654	0.932783	0.339313	-0.121582	-0.357031	0.916085	-0.182531
25263	9.052123	-1.714189	-0.404489	-0.075756	-0.580472	-0.168590	0.045765	0.218395	0.974787	0.933137	0.338989	-0.119759	-0.356597	0.915090	-0.188279
25264	9.186478	-1.801778	-0.501336	-0.029573	-0.605341	-0.171472	0.041973	0.223332	0.973838	0.933320	0.339103	-0.117994	-0.356583	0.913856	-0.194207
25265	9.419770	-1.584604	-0.508084	0.030377	-0.631975	-0.164767	0.038145	0.228525	0.972790	0.933280	0.339759	-0.116411	-0.357117	0.912327	-0.200317
25266	9.446683	-0.756826	-0.648255	-0.016552	-0.656492	-0.156381	0.034308	0.233960	0.971641	0.933399	0.339975	-0.114820	-0.357197	0.910867	-0.206715
25267	9.737757	0.050437	-0.740223	-0.252776	-0.683829	-0.156162	0.030380	0.239638	0.970387	0.934352	0.338050	-0.112733	-0.355055	0.910107	-0.213636
25268	10.059521	0.261349	-0.803740	-0.541548	-0.692204	-0.151630	0.026487	0.245412	0.969057	0.936307	0.333495	-0.110049	-0.350183	0.910249	-0.220948
25269	10.278106	-1.702560	-1.561232	-0.658178	-0.740486	-0.175010	0.022240	0.251555	0.967587	0.938636	0.327945	-0.106835	-0.344190	0.910589	-0.228825
25270	8.756907	-3.920961	-2.236428	-0.254730	-0.757055	-0.218968	0.017553	0.257712	0.966062	0.939556	0.326191	-0.104088	-0.341946	0.909497	-0.236409
25271	8.588743	-3.066959	-2.539037	0.381563	-0.809530	-0.224782	0.012625	0.264303	0.964357	0.938279	0.330250	-0.102796	-0.345648	0.906134	-0.243821
25272	9.018909	-1.230998	-2.751135	0.575037	-0.818032	-0.215733	0.007720	0.270963	0.962559	0.936299	0.336033	-0.102103	-0.351118	0.902031	-0.251109
25273	9.615661	-0.190496	-2.896366	0.396768	-0.794681	-0.209154	0.002924	0.277391	0.960753	0.934911	0.340186	-0.101065	-0.354869	0.898514	-0.258341
25274	9.862602	-0.393518	-3.113589	0.087391	-0.746577	-0.224881	-0.001864	0.283306	0.959028	0.934603	0.341609	-0.099098	-0.355687	0.896126	-0.265416
25275	9.839233	-0.998194	-3.225255	-0.112739	-0.702582	-0.246201	-0.006694	0.288736	0.957385	0.934994	0.341312	-0.096398	-0.354601	0.894504	-0.272252
25276	9.846513	-1.353461	-3.276674	-0.186015	-0.675892	-0.268219	-0.011627	0.293846	0.955782	0.935628	0.340439	-0.093283	-0.352796	0.893172	-0.278889
25277	9.630004	-1.580429	-3.124375	-0.164264	-0.667937	-0.287370	-0.016702	0.298811	0.954166	0.936166	0.339833	-0.090037	-0.351161	0.891754	-0.285412
25278	9.418653	-1.518016	-2.642167	-0.068509	-0.672606	-0.313466	-0.022029	0.303720	0.952507	0.936346	0.340176	-0.086814	-0.350387	0.889963	-0.291881
25279	9.354194	-1.219327	-1.859824	0.006052	-0.697050	-0.326485	-0.027562	0.308784	0.950733	0.936244	0.341238	-0.083688	-0.350268	0.887811	-0.298503
25280	9.310166	-1.352821	-1.000915	0.080628	-0.743006	-0.351122	-0.033487	0.314152	0.948782	0.935854	0.343056	-0.080559	-0.350793	0.885224	-0.305489
25281	9.380722	-1.211756	-0.259993	0.171295	-0.811435	-0.373872	-0.039869	0.320015	0.946573	0.935115	0.345764	-0.077509	-0.352095	0.882064	-0.313036
25282	9.310319	-1.149728	0.541581	0.154672	-0.900608	-0.398445	-0.046803	0.326543	0.944023	0.934396	0.348424	-0.074196	-0.353148	0.878619	-0.321428
