// General information: 
//  MT Manager version: 2022.2.0 
//  XDA version: 2022.2.0 build 7381 rev 124627 built on 2023-07-19
// Device information: 
//  DeviceId: 00B4CB9F
//  ProductCode: MTW2-3A7G6
//  Firmware Version: 4.6.0
//  Hardware Version: 2.0.0
// Device settings: 
//  Filter Profile: human(46.1)
//  Option Flags: Orientation Smoother Disabled, Position/Velocity Smoother Disabled, Continuous Zero Rotation Update Disabled, AHS Disabled, ICC Disabled
// Coordinate system: ENU
PacketCounter	Acc_X	Acc_Y	Acc_Z	Gyr_X	Gyr_Y	Gyr_Z	Mat[1][1]	Mat[2][1]	Mat[3][1]	Mat[1][2]	Mat[2][2]	Mat[3][2]	Mat[1][3]	Mat[2][3]	Mat[3][3]
19065	9.630705	1.086116	0.535099	-0.033966	-0.012836	-0.001043	0.086162	-0.079092	0.993137	-0.393127	0.913256	0.106838	-0.915438	-0.399634	0.047595
19066	9.634295	1.061768	0.411498	-0.014412	-0.025299	-0.002285	0.085878	-0.079200	0.993153	-0.393032	0.913299	0.106818	-0.915506	-0.399514	0.047304
19067	9.725247	0.995426	0.258321	0.004368	-0.034176	0.014801	0.085400	-0.079214	0.993193	-0.393130	0.913278	0.106644	-0.915509	-0.399561	0.046852
19068	9.765562	1.006535	0.297353	0.022190	-0.037598	0.007553	0.084964	-0.079282	0.993225	-0.393379	0.913182	0.106543	-0.915442	-0.399766	0.046400
19069	9.793786	1.090053	0.341283	0.012705	-0.030353	0.008416	0.084545	-0.079338	0.993256	-0.393544	0.913124	0.106436	-0.915410	-0.399888	0.045977
19070	9.728484	1.169689	0.335018	-0.000106	-0.031081	0.003572	0.084184	-0.079416	0.993280	-0.393585	0.913114	0.106364	-0.915426	-0.399894	0.045613
19071	9.738236	1.190311	0.289034	-0.014201	-0.031593	0.003840	0.083773	-0.079520	0.993307	-0.393502	0.913159	0.106291	-0.915499	-0.399772	0.045207
19072	9.754214	1.166274	0.305584	-0.028308	-0.039657	0.006382	0.083323	-0.079606	0.993338	-0.393287	0.913264	0.106179	-0.915632	-0.399514	0.044788
19073	9.857579	1.190533	0.309498	-0.046603	-0.042508	0.007075	0.082799	-0.079724	0.993372	-0.392913	0.913439	0.106059	-0.915841	-0.399090	0.044307
19074	9.904199	1.157542	0.412173	-0.065447	-0.024719	0.000476	0.082509	-0.079804	0.993390	-0.392353	0.913688	0.105989	-0.916107	-0.398505	0.044076
19075	9.898344	1.094741	0.463123	-0.079794	0.001307	0.001697	0.082408	-0.079796	0.993399	-0.391663	0.913993	0.105908	-0.916411	-0.397805	0.044067
19076	9.410061	0.980914	0.326372	-0.086833	-0.022939	-0.004139	0.082151	-0.079911	0.993411	-0.390903	0.914322	0.105875	-0.916759	-0.397025	0.043875
19077	9.520593	0.923158	0.348445	-0.080739	-0.033027	0.000842	0.081739	-0.080047	0.993434	-0.390207	0.914628	0.105803	-0.917092	-0.396293	0.043526
19078	9.666227	0.973844	0.319620	-0.067656	-0.043721	0.000155	0.081275	-0.080204	0.993459	-0.389626	0.914883	0.105736	-0.917380	-0.395671	0.043107
19079	9.756476	1.109107	0.374936	-0.071982	-0.043986	-0.011631	0.080811	-0.080497	0.993474	-0.389001	0.915143	0.105792	-0.917686	-0.395011	0.042641
19080	9.799296	1.029087	0.452183	-0.086551	-0.035631	-0.022459	0.080509	-0.080828	0.993471	-0.388228	0.915454	0.105942	-0.918040	-0.394222	0.042323
19081	9.809242	0.945268	0.520470	-0.092391	-0.029365	-0.035240	0.080271	-0.081279	0.993454	-0.387394	0.915774	0.106225	-0.918413	-0.393385	0.042023
19082	9.788399	0.961412	0.520849	-0.088020	-0.019063	-0.039605	0.080187	-0.081702	0.993426	-0.386593	0.916075	0.106545	-0.918758	-0.392595	0.041872
19083	9.752525	0.963889	0.455598	-0.088099	-0.023676	-0.044048	0.080035	-0.082209	0.993396	-0.385790	0.916371	0.106917	-0.919109	-0.391799	0.041627
19084	9.775738	0.931402	0.329384	-0.067887	-0.033265	-0.039362	0.079819	-0.082686	0.993374	-0.385174	0.916592	0.107244	-0.919386	-0.391182	0.041313
19085	9.827990	0.874835	0.363664	-0.056644	-0.034439	-0.038807	0.079548	-0.083187	0.993354	-0.384666	0.916765	0.107577	-0.919622	-0.390667	0.040928
19086	9.779948	0.859468	0.285758	-0.032148	-0.021946	-0.034560	0.079417	-0.083574	0.993332	-0.384383	0.916850	0.107871	-0.919752	-0.390386	0.040689
19087	9.782487	0.948726	0.355385	-0.006208	-0.020588	-0.033760	0.079254	-0.083974	0.993311	-0.384343	0.916831	0.108174	-0.919782	-0.390346	0.040387
19088	9.758611	1.058804	0.318238	-0.006696	-0.019266	-0.042594	0.079178	-0.084425	0.993279	-0.384287	0.916809	0.108559	-0.919812	-0.390300	0.040148
19089	9.708428	1.119580	0.333681	-0.028342	-0.026285	-0.048809	0.079020	-0.084985	0.993244	-0.384032	0.916863	0.109002	-0.919932	-0.390051	0.039813
19090	9.703292	1.113811	0.352664	-0.049819	-0.032909	-0.056713	0.078872	-0.085618	0.993201	-0.383568	0.916997	0.109509	-0.920138	-0.389598	0.039485
19091	9.737734	1.068096	0.443253	-0.070058	-0.034663	-0.058092	0.078673	-0.086295	0.993158	-0.382919	0.917206	0.110029	-0.920426	-0.388956	0.039115
19092	9.718787	1.030267	0.526627	-0.077300	-0.027750	-0.058524	0.078579	-0.086925	0.993111	-0.382201	0.917444	0.110543	-0.920732	-0.388254	0.038869
19093	9.772010	1.046728	0.709911	-0.101188	-0.010929	-0.064553	0.078622	-0.087569	0.993051	-0.381261	0.917765	0.111115	-0.921118	-0.387348	0.038770
19094	9.657114	1.079881	0.839173	-0.111301	-0.001929	-0.065271	0.078790	-0.088161	0.992985	-0.380224	0.918127	0.111684	-0.921532	-0.386356	0.038819
19095	9.575949	1.080568	0.931903	-0.109714	-0.001283	-0.073801	0.078957	-0.088851	0.992911	-0.379195	0.918472	0.112344	-0.921942	-0.385377	0.038828
19096	9.609681	1.106464	0.865998	-0.093305	-0.016173	-0.071016	0.079015	-0.089551	0.992843	-0.378318	0.918756	0.112976	-0.922297	-0.384537	0.038716
19097	9.694572	1.180928	0.723025	-0.082961	-0.023918	-0.066514	0.078946	-0.090261	0.992784	-0.377542	0.919001	0.113575	-0.922621	-0.383784	0.038474
19098	9.684582	1.146642	0.587341	-0.078507	-0.027905	-0.060874	0.078856	-0.090912	0.992732	-0.376809	0.919235	0.114113	-0.922928	-0.383069	0.038231
19099	9.631252	1.105011	0.354006	-0.070581	-0.036959	-0.066143	0.078665	-0.091668	0.992678	-0.376148	0.919431	0.114712	-0.923214	-0.382417	0.037847
19100	9.642704	1.163635	0.155987	-0.063766	-0.061397	-0.069147	0.078296	-0.092524	0.992627	-0.375544	0.919600	0.115339	-0.923491	-0.381806	0.037255
19101	9.749695	1.453813	0.067299	-0.084518	-0.084125	-0.065617	0.077667	-0.093454	0.992590	-0.374756	0.919847	0.115929	-0.923865	-0.380982	0.036419
19102	9.788614	1.614185	0.092474	-0.152011	-0.088983	-0.073098	0.077056	-0.094450	0.992543	-0.373334	0.920345	0.116563	-0.924491	-0.379532	0.035657
19103	9.720934	1.701061	0.086088	-0.230646	-0.092269	-0.082905	0.076413	-0.095570	0.992486	-0.371178	0.921126	0.117276	-0.925412	-0.377350	0.034913
19104	9.624320	1.689438	0.107104	-0.325668	-0.107129	-0.088024	0.075684	-0.096768	0.992425	-0.368135	0.922254	0.118001	-0.926687	-0.374277	0.034177
19105	9.649806	1.200729	0.211178	-0.443228	-0.117686	-0.076184	0.074774	-0.097918	0.992381	-0.364013	0.923815	0.118580	-0.928388	-0.370106	0.033434
19106	9.830310	0.116509	0.280086	-0.488724	-0.114449	-0.043516	0.073806	-0.098725	0.992374	-0.359478	0.925559	0.118813	-0.930230	-0.365506	0.032822
19107	10.128663	-0.894027	0.208458	-0.360329	-0.090058	-0.011339	0.072910	-0.099164	0.992396	-0.356159	0.926845	0.118780	-0.931576	-0.362111	0.032259
19108	10.104814	-1.088836	0.258824	-0.114114	-0.042312	0.017273	0.072393	-0.099140	0.992437	-0.355148	0.927264	0.118536	-0.932003	-0.361043	0.031918
19109	10.045472	-0.794392	0.177494	0.131427	-0.053224	0.039602	0.071656	-0.098966	0.992508	-0.356444	0.926816	0.118150	-0.931565	-0.362240	0.031136
19110	10.086857	-0.171585	-0.239638	0.391196	-0.036418	0.043429	0.071100	-0.098680	0.992576	-0.360156	0.925424	0.117802	-0.930179	-0.365858	0.030257
19111	9.965021	0.789253	-0.651653	0.602164	-0.047771	0.074604	0.070282	-0.098163	0.992685	-0.365845	0.923267	0.117200	-0.928018	-0.371407	0.028977
19112	9.693580	1.607921	-1.177598	0.698206	-0.065096	0.102725	0.069238	-0.097444	0.992830	-0.372427	0.920740	0.116341	-0.925475	-0.377812	0.027459
19113	9.601062	2.253461	-1.292218	0.703634	-0.098942	0.110464	0.067803	-0.096804	0.992991	-0.379046	0.918155	0.115390	-0.922890	-0.384213	0.025560
19114	9.655818	2.709429	-1.123023	0.629345	-0.125923	0.089356	0.066239	-0.096457	0.993131	-0.384946	0.915794	0.114620	-0.920559	-0.389894	0.023530
19115	9.716528	3.001244	-0.487592	0.492118	-0.137264	0.088300	0.064527	-0.096192	0.993269	-0.389577	0.913934	0.113818	-0.918731	-0.394299	0.021500
19116	9.425830	3.227657	-0.039824	0.312232	-0.149190	0.080298	0.062781	-0.096035	0.993396	-0.392533	0.912764	0.113047	-0.917593	-0.397038	0.019608
19117	9.289915	3.196073	0.396475	0.118998	-0.163558	0.074922	0.060880	-0.096011	0.993517	-0.393715	0.912348	0.112293	-0.917214	-0.397998	0.017742
19118	9.250475	2.707226	0.880970	-0.049074	-0.160045	0.066020	0.059089	-0.096031	0.993623	-0.393343	0.912595	0.111591	-0.917491	-0.397428	0.016151
19119	9.183067	2.236575	1.263292	-0.143633	-0.146025	0.071352	0.057367	-0.095973	0.993729	-0.392107	0.913218	0.110833	-0.918129	-0.396007	0.014757
19120	9.194552	2.113030	1.696198	-0.174938	-0.129855	0.076369	0.055813	-0.095774	0.993837	-0.390582	0.913971	0.110012	-0.918875	-0.394315	0.013603
19121	9.210836	2.102357	2.049993	-0.179244	-0.109539	0.070088	0.054436	-0.095579	0.993932	-0.389016	0.914728	0.109269	-0.919621	-0.392604	0.012612
19122	9.255376	1.976722	2.022756	-0.166906	-0.087322	0.073127	0.053286	-0.095238	0.994027	-0.387559	0.915440	0.108484	-0.920304	-0.391025	0.011870
19123	9.360086	1.585934	1.709510	-0.140995	-0.088774	0.089030	0.052033	-0.094784	0.994137	-0.386348	0.916060	0.107561	-0.920884	-0.389680	0.011046
19124	9.566439	1.158721	1.229421	-0.070797	-0.100221	0.123301	0.050572	-0.094030	0.994284	-0.385798	0.916440	0.106290	-0.921196	-0.388968	0.010070
19125	9.792134	0.820902	0.684742	0.012172	-0.119839	0.151613	0.048796	-0.093120	0.994458	-0.386025	0.916520	0.104763	-0.921197	-0.388998	0.008776
19126	10.129726	0.610629	0.389272	0.095420	-0.138709	0.176459	0.046774	-0.092028	0.994657	-0.387027	0.916300	0.102979	-0.920881	-0.389776	0.007242
19127	10.190113	0.855407	0.212164	0.167983	-0.128477	0.186475	0.044782	-0.090834	0.994859	-0.388700	0.915799	0.101113	-0.920275	-0.391230	0.005704
19128	10.136423	1.428955	0.230755	0.205866	-0.118369	0.183664	0.042915	-0.089603	0.995053	-0.390712	0.915146	0.099258	-0.919512	-0.393039	0.004265
19129	10.112124	2.114072	0.363193	0.166088	-0.103730	0.183107	0.041159	-0.088348	0.995239	-0.392358	0.914639	0.097420	-0.918891	-0.394499	0.002982
19130	10.186573	2.582625	0.518371	0.082384	-0.085763	0.163371	0.039667	-0.087179	0.995403	-0.393218	0.914445	0.095758	-0.918589	-0.395209	0.001993
19131	10.222656	2.416202	0.607428	-0.008762	-0.062101	0.139676	0.038465	-0.086162	0.995538	-0.393232	0.914586	0.094349	-0.918634	-0.395106	0.001298
19132	10.157815	1.714102	1.028380	-0.090659	-0.010570	0.146134	0.037732	-0.084853	0.995679	-0.392492	0.915056	0.092855	-0.918981	-0.394300	0.001223
19133	10.200088	1.036767	1.930495	-0.150941	0.045770	0.198772	0.037294	-0.082869	0.995862	-0.391217	0.915802	0.090858	-0.919542	-0.392987	0.001734
19134	11.144633	0.858098	3.674218	-0.172551	0.147498	0.241044	0.037647	-0.080068	0.996078	-0.389758	0.916663	0.088415	-0.920148	-0.391558	0.003303
19135	10.674405	1.040352	5.187294	-0.190085	0.409992	0.251216	0.040372	-0.076175	0.996277	-0.388146	0.917587	0.085887	-0.920713	-0.390168	0.007478
19136	10.814549	1.725980	6.742178	-0.285157	0.588506	0.257209	0.044735	-0.071508	0.996436	-0.385666	0.918874	0.083257	-0.921553	-0.388016	0.013528
19137	10.643298	2.426912	8.227857	-0.461252	0.794229	0.235060	0.051101	-0.066286	0.996491	-0.381562	0.920804	0.080818	-0.922930	-0.384353	0.021762
19138	10.563710	2.899173	9.753030	-0.644848	1.013042	0.182953	0.059706	-0.060717	0.996368	-0.375744	0.923369	0.078784	-0.924798	-0.379083	0.032316
19139	11.266599	3.139131	11.319781	-0.775498	1.273361	0.129863	0.070979	-0.054731	0.995975	-0.368682	0.926346	0.077180	-0.926842	-0.372677	0.045573
19140	9.601321	2.745758	11.595897	-0.824967	1.602042	0.100002	0.085415	-0.047871	0.995195	-0.361147	0.929431	0.075704	-0.928589	-0.365877	0.062099
19141	9.347802	2.018362	11.163813	-0.708241	1.774710	0.080500	0.101613	-0.040675	0.993992	-0.354675	0.932025	0.074397	-0.929452	-0.360104	0.080280
19142	9.652102	0.683811	9.181649	-0.507343	1.806280	0.030923	0.118230	-0.033901	0.992407	-0.350035	0.933841	0.073602	-0.929246	-0.356079	0.098541
19143	8.101160	-0.926600	5.352206	-0.285673	1.852244	0.092276	0.135127	-0.026450	0.990475	-0.347534	0.934870	0.072378	-0.927880	-0.354004	0.117134
19144	8.967292	-2.136974	3.114364	0.270529	1.396180	0.193671	0.147325	-0.019660	0.988893	-0.350356	0.933940	0.070763	-0.924957	-0.356889	0.130705
19145	10.139096	-2.274893	-0.796463	0.900772	1.129378	0.144624	0.157255	-0.014211	0.987456	-0.358922	0.930697	0.070554	-0.920025	-0.365514	0.141256
19146	13.767268	-0.696605	-4.093606	1.081160	1.096418	0.050911	0.167065	-0.009659	0.985899	-0.368963	0.926682	0.071601	-0.914306	-0.375722	0.151252
19147	16.410245	1.346892	-4.530818	0.915695	1.315868	-0.116510	0.179504	-0.005714	0.983741	-0.377144	0.923179	0.074180	-0.908593	-0.384328	0.163559
19148	17.803392	2.688123	-4.366252	0.612237	1.587915	-0.281382	0.194897	-0.002145	0.980821	-0.382207	0.920782	0.077961	-0.903290	-0.390071	0.178638
19149	16.836743	3.165086	-3.980150	0.215233	1.951692	-0.355674	0.213835	0.002226	0.976867	-0.383458	0.919925	0.081842	-0.898463	-0.392088	0.197565
19150	13.877460	2.495091	-3.238609	-0.206017	2.125192	-0.445117	0.234527	0.006456	0.972088	-0.380657	0.920735	0.085723	-0.894482	-0.390136	0.218395
19151	10.953537	1.294587	-2.718186	-0.491330	2.090211	-0.462430	0.254917	0.010301	0.966908	-0.375178	0.922662	0.089083	-0.891212	-0.385472	0.239067
19152	8.414995	0.189548	-3.087211	-0.633262	1.889390	-0.419966	0.273232	0.013662	0.961851	-0.368479	0.925119	0.091533	-0.888576	-0.379432	0.257807
19153	6.627683	-0.707390	-3.375664	-0.662831	1.608079	-0.409637	0.288967	0.015916	0.957207	-0.361487	0.927657	0.093703	-0.886468	-0.373095	0.273815
19154	5.576947	-0.925336	-3.504906	-0.665031	1.343614	-0.457103	0.302444	0.016656	0.953022	-0.354291	0.930176	0.096178	-0.884876	-0.366736	0.287227
19155	5.294337	-1.073541	-3.859501	-0.665667	1.077398	-0.487692	0.313636	0.016028	0.949408	-0.346947	0.932659	0.098869	-0.883889	-0.360403	0.298076
19156	4.687277	-1.354205	-4.177051	-0.625025	0.836744	-0.462122	0.322559	0.014720	0.946435	-0.340001	0.934950	0.101336	-0.883377	-0.354475	0.306581
19157	4.027260	-1.251079	-4.110179	-0.558543	0.545064	-0.405587	0.328681	0.012839	0.944354	-0.333792	0.936954	0.103438	-0.883488	-0.349216	0.312245
19158	3.825085	-1.010636	-4.282800	-0.478247	0.252131	-0.361422	0.332048	0.010342	0.943206	-0.328419	0.938641	0.105325	-0.884243	-0.344740	0.315071
19159	4.433791	-0.735016	-4.404710	-0.389747	-0.034484	-0.322158	0.332722	0.007195	0.942998	-0.323948	0.939990	0.107128	-0.885638	-0.341126	0.315086
19160	5.322283	-0.139591	-4.004736	-0.316894	-0.271870	-0.273059	0.331133	0.003721	0.943577	-0.320279	0.941068	0.108685	-0.887565	-0.338198	0.312810
19161	6.732495	0.687599	-3.113425	-0.391712	-0.472874	-0.280948	0.327737	-0.000520	0.944769	-0.315922	0.942374	0.110111	-0.890383	-0.334561	0.308687
19162	9.697938	0.423387	-0.956872	-0.571375	-0.584542	-0.286690	0.323361	-0.005146	0.946262	-0.309938	0.944249	0.111049	-0.894078	-0.329191	0.303738
19163	12.667424	0.292919	2.840444	-0.722568	-0.386262	-0.099028	0.320108	-0.007348	0.947352	-0.303198	0.946581	0.109792	-0.897553	-0.322381	0.300781
19164	13.078454	0.265475	5.847714	-0.905769	0.051010	0.137947	0.320096	-0.005858	0.947367	-0.295546	0.949460	0.105730	-0.900106	-0.313835	0.302187
19165	9.583505	-1.149552	4.356959	-0.822882	0.099149	0.127913	0.320520	-0.004338	0.947232	-0.288592	0.952002	0.102012	-0.902209	-0.306060	0.303884
19166	8.547416	-1.785479	7.797999	-0.380832	-0.238089	-0.144331	0.318726	-0.006417	0.947825	-0.284739	0.953141	0.102202	-0.904067	-0.302457	0.301964
19167	8.935426	0.612870	15.419024	0.039995	-0.266694	-0.510760	0.317676	-0.012086	0.948122	-0.283527	0.952960	0.107145	-0.904818	-0.302855	0.299306
19168	7.766772	1.812378	18.502111	0.279538	-0.242335	-0.727298	0.317489	-0.019730	0.948057	-0.283794	0.951982	0.114849	-0.904799	-0.305516	0.296644
19169	6.784241	-0.618758	16.892251	0.379639	-0.274001	-0.525461	0.316448	-0.025555	0.948266	-0.285611	0.950685	0.120932	-0.904592	-0.309103	0.293544
19170	4.801016	-2.877661	12.483488	0.603452	-0.592421	-0.288665	0.311862	-0.030124	0.949650	-0.290211	0.948711	0.125399	-0.904721	-0.314706	0.287125
19171	3.437165	-2.831309	3.096698	0.792530	-1.254825	-0.227889	0.301138	-0.036246	0.952892	-0.296732	0.946103	0.129763	-0.906237	-0.321830	0.274152
19172	9.319548	-3.014462	-2.867588	0.948479	-1.996857	0.144299	0.282518	-0.041373	0.958369	-0.305810	0.943056	0.130862	-0.909210	-0.330050	0.253778
19173	17.242482	0.445143	-0.651587	0.965565	-1.392400	0.535643	0.268148	-0.040947	0.962507	-0.316112	0.940039	0.128058	-0.910038	-0.338599	0.239126
19174	14.669431	5.471742	0.798093	0.459990	-0.369936	0.301424	0.263763	-0.039358	0.963784	-0.321145	0.938581	0.126218	-0.909558	-0.342806	0.234923
19175	8.209182	5.318520	-2.342922	0.093314	-0.370912	-0.364712	0.261512	-0.044022	0.964196	-0.321081	0.938099	0.129915	-0.910230	-0.343559	0.231189
19176	8.962387	2.726377	-3.247981	0.041883	-0.886303	-0.615188	0.255347	-0.052819	0.965406	-0.319918	0.937645	0.135917	-0.912387	-0.343557	0.222527
19177	11.100210	1.807092	-2.853565	0.294220	-0.892417	-0.537477	0.248866	-0.060911	0.966621	-0.321295	0.936314	0.141722	-0.913693	-0.345840	0.213446
19178	10.060744	2.850292	-1.476213	0.507371	-0.918977	-0.325032	0.241457	-0.067131	0.968087	-0.325181	0.934330	0.145896	-0.914306	-0.350031	0.203771
19179	9.412894	2.609069	-0.439592	0.240342	-0.946990	-0.189371	0.233344	-0.072207	0.969710	-0.326977	0.933343	0.148181	-0.915771	-0.351649	0.194179
19180	10.368910	0.709732	0.226768	-0.166854	-0.985580	-0.109544	0.224602	-0.076667	0.971430	-0.325240	0.933835	0.148898	-0.918571	-0.349391	0.184805
19181	11.424780	-0.446215	0.649571	-0.337244	-0.909480	-0.030873	0.216262	-0.080104	0.973044	-0.322116	0.934971	0.148561	-0.921668	-0.345561	0.176396
19182	11.365048	-0.259643	0.913594	-0.276178	-0.797110	-0.013230	0.208888	-0.082952	0.974415	-0.319583	0.935900	0.148183	-0.924247	-0.342360	0.168988
19183	11.102155	0.718823	1.074140	-0.081713	-0.745220	-0.068161	0.202136	-0.086120	0.975564	-0.318734	0.936111	0.148678	-0.926040	-0.340998	0.161772
19184	10.715410	1.683722	1.101509	0.142392	-0.695834	-0.107064	0.195971	-0.089479	0.976519	-0.319884	0.935521	0.149918	-0.926968	-0.341752	0.154712
19185	10.144505	2.615097	1.354961	0.290797	-0.574430	-0.087269	0.190848	-0.092248	0.977275	-0.322458	0.934434	0.151175	-0.927145	-0.343982	0.148589
19186	7.472932	2.252243	1.530921	0.334679	-0.587482	-0.122251	0.185737	-0.095400	0.977957	-0.325374	0.933154	0.152826	-0.927164	-0.346588	0.142280
19187	9.170919	1.667140	2.060175	0.410089	-0.707685	-0.176563	0.179677	-0.099496	0.978681	-0.328900	0.931543	0.155087	-0.927114	-0.349754	0.134653
19188	9.935107	1.407688	1.713097	0.514914	-0.704797	-0.182406	0.173688	-0.103656	0.979330	-0.333394	0.929536	0.157514	-0.926650	-0.353861	0.126891
19189	9.403127	1.822795	0.814195	0.629862	-0.599459	-0.093932	0.168377	-0.106651	0.979936	-0.339112	0.927182	0.159177	-0.925555	-0.359110	0.119949
19190	9.702160	2.616406	0.264983	0.652572	-0.662893	0.032759	0.162072	-0.108730	0.980770	-0.345245	0.924846	0.159581	-0.924413	-0.364470	0.112353
19191	10.186083	3.465979	-0.089086	0.566431	-0.601322	0.136210	0.155966	-0.109666	0.981656	-0.350740	0.922906	0.158828	-0.923394	-0.369078	0.105478
19192	9.193565	3.250713	-0.658866	0.422760	-0.654686	0.094012	0.149530	-0.111210	0.982483	-0.354828	0.921432	0.158302	-0.922896	-0.372284	0.098321
19193	10.076591	2.364347	-0.688965	0.325797	-0.767718	-0.012324	0.142410	-0.114184	0.983199	-0.357862	0.920190	0.158701	-0.922851	-0.374450	0.090183
19194	10.764524	1.775563	-0.556600	0.284745	-0.720153	-0.027072	0.135800	-0.117121	0.983789	-0.360494	0.919079	0.159179	-0.922823	-0.376266	0.082590
19195	10.959470	2.192784	-0.269314	0.272981	-0.621087	0.104459	0.129610	-0.118501	0.984459	-0.363196	0.918160	0.158337	-0.922654	-0.378073	0.075964
19196	10.392835	2.680169	-0.052364	0.224716	-0.531094	0.208702	0.123888	-0.118582	0.985185	-0.365575	0.917546	0.156412	-0.922500	-0.379536	0.070323
19197	9.418556	2.226224	0.081761	0.153814	-0.542192	0.187703	0.118115	-0.118920	0.985853	-0.367265	0.917172	0.154637	-0.922586	-0.380334	0.064657
19198	8.569113	1.367958	-0.251717	0.155011	-0.605932	0.087165	0.112142	-0.120412	0.986370	-0.368836	0.916675	0.153838	-0.922705	-0.381061	0.058386
19199	9.504736	1.447509	-0.058973	0.230434	-0.609553	0.069075	0.106179	-0.122108	0.986821	-0.371081	0.915866	0.153255	-0.922510	-0.382463	0.051934
19200	9.299707	1.955403	0.335278	0.281486	-0.603327	0.097676	0.100189	-0.123512	0.987273	-0.373819	0.914897	0.152392	-0.922075	-0.384329	0.045491
19201	9.831829	2.443318	1.177493	0.234232	-0.559786	0.120896	0.094490	-0.124564	0.987702	-0.376139	0.914132	0.151270	-0.921733	-0.385807	0.039523
19202	9.289178	2.408515	1.388257	0.155352	-0.516561	0.078904	0.089370	-0.125823	0.988019	-0.377683	0.913620	0.150511	-0.921612	-0.386610	0.034129
19203	9.291979	2.295740	1.616696	0.100531	-0.469671	0.041843	0.084801	-0.127261	0.988238	-0.378689	0.913271	0.150103	-0.921631	-0.386963	0.029254
19204	9.082397	2.255083	1.847133	0.067623	-0.427895	0.049045	0.080609	-0.128455	0.988434	-0.379392	0.913062	0.149600	-0.921718	-0.387063	0.024867
19205	9.263137	2.276452	2.214802	0.023793	-0.424348	0.081042	0.076312	-0.129361	0.988657	-0.379716	0.913061	0.148779	-0.921950	-0.386763	0.020558
19206	9.410343	2.106355	2.452453	-0.011457	-0.374433	0.095066	0.072437	-0.129925	0.988874	-0.379721	0.913218	0.147800	-0.922261	-0.386202	0.016815
19207	9.434046	1.730500	2.623883	-0.040597	-0.299302	0.099272	0.069227	-0.130177	0.989071	-0.379457	0.913491	0.146788	-0.922616	-0.385471	0.013842
19208	8.953931	1.467933	2.297793	-0.023820	-0.275742	0.101852	0.066234	-0.130293	0.989261	-0.379345	0.913705	0.145740	-0.922882	-0.384924	0.011092
19209	8.695765	1.169299	1.435890	0.090937	-0.318915	0.118078	0.062777	-0.130444	0.989466	-0.380299	0.913496	0.144557	-0.922731	-0.385368	0.007738
19210	8.952204	0.885164	0.583287	0.263702	-0.372544	0.151569	0.058700	-0.130485	0.989711	-0.382862	0.912665	0.143035	-0.921939	-0.387319	0.003616
19211	9.128236	0.759327	-0.036605	0.416092	-0.383823	0.159370	0.054486	-0.130525	0.989947	-0.386824	0.911242	0.141438	-0.920542	-0.390642	-0.000840
19212	8.880448	0.856069	-0.529655	0.521290	-0.402200	0.160534	0.050100	-0.130629	0.990165	-0.391740	0.909394	0.139794	-0.918711	-0.394891	-0.005612
19213	9.155241	1.234900	-0.881573	0.594136	-0.427782	0.171017	0.045434	-0.130775	0.990370	-0.397312	0.907244	0.138026	-0.916558	-0.399757	-0.010739
19214	8.865816	1.581050	-1.508781	0.645127	-0.473203	0.165602	0.040377	-0.131165	0.990538	-0.403326	0.904854	0.136260	-0.914165	-0.405012	-0.016367
19215	8.861046	1.891784	-1.977047	0.652849	-0.544042	0.168032	0.034659	-0.131866	0.990661	-0.409387	0.902401	0.134441	-0.911702	-0.410224	-0.022708
19216	11.008943	2.432888	-1.463265	0.588074	-0.633416	0.199533	0.028007	-0.132668	0.990765	-0.414842	0.900228	0.132271	-0.909462	-0.414715	-0.029824
19217	10.253645	2.704613	-1.235838	0.432813	-0.585522	0.205814	0.021758	-0.133259	0.990842	-0.418863	0.898686	0.130063	-0.907789	-0.417857	-0.036264
19218	10.427193	2.863556	-0.439380	0.232994	-0.577293	0.206636	0.015589	-0.133807	0.990885	-0.421052	0.897976	0.127885	-0.906902	-0.419208	-0.042341
19219	10.480253	2.533444	0.121121	0.046789	-0.538772	0.220002	0.009706	-0.134098	0.990921	-0.421541	0.898060	0.125661	-0.906757	-0.418933	-0.047811
19220	10.117070	2.198741	0.391547	-0.065074	-0.518250	0.233253	0.003960	-0.134158	0.990952	-0.421003	0.898634	0.123342	-0.907051	-0.417682	-0.052922
19221	10.468713	2.150094	0.965951	-0.119452	-0.510381	0.263412	-0.001845	-0.133927	0.990989	-0.419958	0.899471	0.120777	-0.907542	-0.415951	-0.057904
19222	9.907581	2.127962	1.286982	-0.171649	-0.459899	0.271770	-0.007223	-0.133377	0.991039	-0.418423	0.900535	0.118147	-0.908224	-0.413820	-0.062312
19223	9.118668	1.912077	1.311961	-0.196943	-0.461669	0.257365	-0.012555	-0.132973	0.991040	-0.416643	0.901677	0.115704	-0.908984	-0.411457	-0.066723
19224	10.841683	1.928666	2.266540	-0.150873	-0.403722	0.261223	-0.017375	-0.132260	0.991063	-0.415267	0.902632	0.113179	-0.909534	-0.409589	-0.070607
19225	10.015868	1.716930	1.921523	-0.063067	-0.308117	0.267121	-0.021343	-0.131118	0.991137	-0.414675	0.903228	0.110559	-0.909719	-0.408641	-0.073649
19226	9.400918	1.655532	1.946165	0.063865	-0.259525	0.274201	-0.024904	-0.129689	0.991242	-0.415228	0.903313	0.107752	-0.909376	-0.408908	-0.076347
19227	9.271614	1.528732	1.993542	0.192846	-0.250905	0.300316	-0.028485	-0.128011	0.991364	-0.416933	0.902897	0.104608	-0.908491	-0.410353	-0.079091
19228	9.233230	1.371120	1.847925	0.329704	-0.237293	0.358308	-0.032201	-0.125742	0.991540	-0.419852	0.901983	0.100750	-0.907021	-0.413056	-0.081837
19229	9.074700	1.298559	1.702257	0.479336	-0.249486	0.419840	-0.036277	-0.122999	0.991744	-0.424083	0.900503	0.096171	-0.904897	-0.417093	-0.084829
19230	8.915716	1.164365	1.286482	0.630430	-0.281340	0.468196	-0.040880	-0.119956	0.991937	-0.429632	0.898413	0.090940	-0.902078	-0.422451	-0.088265
19231	9.119010	0.954567	0.525653	0.777397	-0.358200	0.520600	-0.046399	-0.116816	0.992069	-0.436435	0.895706	0.085057	-0.898539	-0.429027	-0.092543
19232	9.203441	0.949887	-0.050759	0.863171	-0.407974	0.579747	-0.052672	-0.113386	0.992154	-0.443920	0.892626	0.078445	-0.894517	-0.436305	-0.097350
19233	10.778901	1.439451	0.225466	0.887827	-0.434446	0.638384	-0.059444	-0.109614	0.992195	-0.451516	0.889417	0.071208	-0.890281	-0.443759	-0.102363
19234	10.525424	2.029922	0.331405	0.861780	-0.345570	0.679603	-0.065670	-0.105116	0.992289	-0.458778	0.886278	0.063524	-0.886121	-0.451069	-0.106427
19235	11.439411	2.672355	1.279101	0.734887	-0.255588	0.732855	-0.071348	-0.099797	0.992446	-0.464804	0.883676	0.055444	-0.882534	-0.457337	-0.109435
19236	11.088532	3.003073	2.090419	0.645513	-0.188131	0.753149	-0.076589	-0.094006	0.992621	-0.469966	0.881421	0.047213	-0.879356	-0.462882	-0.111687
19237	12.820535	3.090910	3.950011	0.662539	-0.119636	0.717200	-0.081054	-0.088259	0.992794	-0.475245	0.878974	0.039340	-0.876112	-0.468632	-0.113189
19238	13.725377	3.180289	5.177883	0.601775	0.224149	0.696457	-0.082483	-0.081079	0.993289	-0.479971	0.876711	0.031706	-0.873398	-0.474134	-0.111230
19239	11.413270	3.334535	5.341069	0.318884	0.547980	0.626351	-0.080724	-0.072992	0.994060	-0.482272	0.875661	0.025134	-0.872295	-0.477378	-0.105889
19240	10.438066	3.600705	6.170400	-0.061815	0.669916	0.508193	-0.077390	-0.065333	0.994858	-0.481362	0.876291	0.020102	-0.873099	-0.477331	-0.099265
19241	10.417160	3.756497	6.649586	-0.345336	0.852548	0.403766	-0.071867	-0.057738	0.995742	-0.478070	0.878168	0.016417	-0.875376	-0.474855	-0.090714
19242	11.104220	3.553091	6.815960	-0.508834	1.111686	0.302867	-0.063622	-0.049808	0.996730	-0.473435	0.880721	0.013792	-0.878528	-0.471010	-0.079614
19243	10.354486	2.809345	5.490435	-0.598234	1.366770	0.194396	-0.052479	-0.041691	0.997751	-0.468085	0.883598	0.012301	-0.882124	-0.466387	-0.065885
19244	10.026911	1.976946	4.130178	-0.557696	1.558064	0.091757	-0.039199	-0.033636	0.998665	-0.463147	0.886204	0.011669	-0.885414	-0.462072	-0.050317
19245	10.602008	1.771705	3.314741	-0.437804	1.706453	-0.007999	-0.023992	-0.025853	0.999378	-0.459299	0.888201	0.011950	-0.887958	-0.458726	-0.033183
19246	10.324963	2.254097	2.271040	-0.305610	1.851830	-0.125259	-0.007022	-0.018482	0.999805	-0.456636	0.889555	0.013237	-0.889626	-0.456454	-0.014686
19247	10.579979	2.996836	1.671279	-0.228273	1.871064	-0.293192	0.011016	-0.012569	0.999860	-0.454630	0.890533	0.016203	-0.890612	-0.454745	0.004096
19248	10.006630	3.057680	0.622242	-0.278962	1.723784	-0.500519	0.028583	-0.009199	0.999549	-0.452081	0.891726	0.021134	-0.891519	-0.452481	0.021329
19249	10.686073	2.628733	-0.231065	-0.477907	1.443743	-0.674872	0.044553	-0.008727	0.998969	-0.447601	0.893802	0.027771	-0.893123	-0.448377	0.035915
19250	12.567586	1.474519	-1.103394	-0.677329	1.157670	-0.719910	0.058043	-0.010005	0.998264	-0.441212	0.896734	0.034641	-0.895524	-0.442456	0.047634
19251	12.878241	0.459157	-1.776612	-0.724683	1.195998	-0.641766	0.071627	-0.010527	0.997376	-0.434328	0.899835	0.040688	-0.897902	-0.436103	0.059880
19252	12.649509	-0.424471	-2.534175	-0.793405	1.163087	-0.509840	0.084217	-0.010079	0.996396	-0.426835	0.903198	0.045214	-0.900399	-0.429105	0.071763
19253	11.906946	-1.615934	-2.164424	-0.964229	1.245598	-0.365719	0.097038	-0.008109	0.995248	-0.417840	0.907245	0.048132	-0.903324	-0.420525	0.084649
19254	11.448582	-1.726577	-1.279165	-0.965188	1.274781	-0.253297	0.109555	-0.005094	0.993968	-0.408886	0.911229	0.049737	-0.905986	-0.411868	0.097747
19255	12.914182	-0.736592	-0.815382	-0.932458	1.249517	-0.233687	0.121869	-0.002141	0.992544	-0.400190	0.915006	0.051111	-0.908293	-0.403435	0.110654
19256	14.566116	-0.732901	-0.671630	-0.952148	1.174429	-0.267142	0.133545	0.000111	0.991043	-0.391230	0.918788	0.052616	-0.910552	-0.394752	0.122743
19257	11.917986	-0.662916	-1.030238	-0.956866	1.567415	-0.300863	0.149019	0.003454	0.988828	-0.382119	0.922513	0.054364	-0.912019	-0.385952	0.138792
19258	14.499612	-0.891432	-0.813553	-0.963119	1.397874	-0.333415	0.162975	0.005720	0.986614	-0.372850	0.926187	0.056220	-0.913467	-0.377021	0.153079
19259	14.162522	-1.061036	-1.593743	-1.004677	1.729076	-0.426728	0.180365	0.008195	0.983566	-0.362972	0.929942	0.058813	-0.914177	-0.367615	0.170704
19260	13.572090	-1.360610	-2.019939	-1.008429	1.968127	-0.486168	0.200036	0.010823	0.979729	-0.352872	0.933633	0.061734	-0.914039	-0.358068	0.190580
19261	12.540350	-1.551132	-2.292465	-0.972908	2.161502	-0.564419	0.221753	0.013182	0.975014	-0.342832	0.937124	0.065303	-0.912848	-0.348747	0.212329
19262	10.891092	-1.392583	-2.219533	-0.905341	2.234739	-0.624851	0.244182	0.015030	0.969613	-0.333166	0.940316	0.069327	-0.910701	-0.339971	0.234615
19263	9.594707	-1.453140	-2.018118	-0.891530	2.245748	-0.668508	0.266794	0.016272	0.963616	-0.323391	0.943398	0.073606	-0.907876	-0.331263	0.256955
19264	8.464138	-1.728378	-1.923096	-0.896108	2.209804	-0.665467	0.288881	0.017226	0.957210	-0.313467	0.946425	0.077571	-0.904592	-0.322463	0.278804
19265	7.448731	-1.809512	-1.944304	-0.904190	2.135675	-0.602064	0.310005	0.018316	0.950558	-0.303543	0.949394	0.080701	-0.900976	-0.313553	0.299877
19266	6.272507	-1.763557	-2.076872	-0.913659	2.028882	-0.522255	0.329749	0.019640	0.943864	-0.293705	0.952304	0.082793	-0.897219	-0.304519	0.319790
19267	5.668457	-1.847870	-2.282869	-0.864637	1.870415	-0.439156	0.347741	0.021076	0.937354	-0.284520	0.954976	0.084080	-0.893378	-0.295934	0.338081
19268	5.477594	-1.747668	-2.501653	-0.768351	1.685732	-0.332513	0.363645	0.022842	0.931257	-0.276536	0.957281	0.084504	-0.889545	-0.288256	0.354427
19269	5.306026	-1.745093	-2.656351	-0.643276	1.487104	-0.228303	0.377436	0.024905	0.925701	-0.270026	0.959156	0.084293	-0.885792	-0.281779	0.368745
19270	5.104075	-1.650285	-2.801373	-0.432388	1.252050	-0.170972	0.388906	0.026786	0.920888	-0.265599	0.960397	0.084232	-0.882162	-0.277345	0.380619
19271	5.247454	-1.560905	-2.616920	-0.271899	1.030621	-0.111355	0.398232	0.028574	0.916840	-0.262814	0.961166	0.084199	-0.878829	-0.274489	0.390276
19272	4.701002	-1.600498	-2.651697	-0.123831	0.715840	-0.106200	0.404737	0.029535	0.913956	-0.261351	0.961524	0.084665	-0.876290	-0.273130	0.396883
19273	4.638386	-1.788132	-2.695531	0.064150	0.363452	-0.102942	0.408135	0.029555	0.912443	-0.261544	0.961366	0.085849	-0.874655	-0.273682	0.400097
19274	5.097301	-1.887175	-2.627044	0.259733	0.017081	-0.052896	0.408368	0.029116	0.912353	-0.263649	0.960656	0.087352	-0.873914	-0.276212	0.399977
19275	5.307067	-1.988424	-2.518631	0.455470	-0.270441	0.008582	0.405918	0.028462	0.913466	-0.267715	0.959372	0.089072	-0.873819	-0.280704	0.397047
19276	5.317555	-2.201771	-2.211312	0.743289	-0.491532	-0.028059	0.401644	0.026818	0.915403	-0.274146	0.957254	0.092241	-0.873800	-0.288002	0.391827
19277	5.813992	-1.513627	-0.182878	1.263460	-0.710633	-0.192627	0.395901	0.022906	0.918007	-0.284466	0.953573	0.098886	-0.873122	-0.300291	0.384036
19278	7.069488	0.934564	4.993494	2.010441	-0.917521	-0.535933	0.389410	0.014988	0.920943	-0.299942	0.947430	0.111408	-0.870859	-0.319613	0.373434
19279	8.914752	5.314090	9.265608	2.798980	-1.104772	-0.918410	0.382587	0.002669	0.923915	-0.320764	0.938179	0.130116	-0.866451	-0.346140	0.359792
19280	12.398349	8.058104	11.874727	2.725133	-1.168198	-0.956804	0.375599	-0.010437	0.926723	-0.340737	0.928348	0.148555	-0.861872	-0.371566	0.345130
19281	13.841973	4.007183	13.905583	1.638142	-0.623976	-0.474625	0.371817	-0.017184	0.928147	-0.353103	0.922056	0.158525	-0.858528	-0.386674	0.336768
19282	11.541134	1.405265	13.891690	0.597422	-0.156203	0.053234	0.370230	-0.017287	0.928779	-0.358473	0.919724	0.160013	-0.856987	-0.392184	0.334312
19283	10.086874	2.380340	12.870639	0.167005	0.101036	0.120487	0.370617	-0.015767	0.928652	-0.360395	0.919073	0.159436	-0.856013	-0.393771	0.334942
19284	8.834343	4.132689	11.053736	-0.132892	0.315222	0.015330	0.373202	-0.014372	0.927639	-0.359363	0.919583	0.158824	-0.855324	-0.392633	0.338025
19285	7.271718	3.968478	8.169424	-0.611421	0.335437	-0.001187	0.376048	-0.013056	0.926508	-0.354169	0.921953	0.156741	-0.856243	-0.387082	0.342075
19286	4.037160	2.076776	4.737385	-1.016122	0.043586	0.037741	0.376233	-0.012526	0.926441	-0.345641	0.925829	0.152884	-0.859640	-0.377736	0.343998
19287	1.478442	0.100293	-1.164735	-0.971658	-0.628840	0.061074	0.370582	-0.014286	0.928690	-0.337530	0.929450	0.148985	-0.865299	-0.368672	0.339615
19288	5.950848	-2.184228	-2.978347	-0.427859	-1.621111	0.182289	0.355824	-0.018517	0.934370	-0.334522	0.931034	0.145842	-0.872631	-0.364462	0.325090
19289	17.425434	-1.714501	2.632262	-0.028401	-1.549004	0.462297	0.340688	-0.019833	0.939967	-0.335926	0.931214	0.141403	-0.878115	-0.363934	0.310591
19290	21.339786	-0.204725	7.600304	-0.339247	-0.481145	0.705955	0.334028	-0.014981	0.942444	-0.335371	0.932552	0.133688	-0.880881	-0.360725	0.306475
19291	17.072955	-0.798891	6.135888	-0.340493	0.102984	0.477006	0.333307	-0.010131	0.942764	-0.334006	0.933823	0.128121	-0.881672	-0.357592	0.307866
19292	13.793792	-1.035136	4.664648	-0.056384	-0.114320	-0.036993	0.332364	-0.010868	0.943088	-0.333433	0.934007	0.128273	-0.882245	-0.357090	0.306807
19293	10.801854	-0.538365	1.582881	0.207846	-0.373690	-0.352516	0.330209	-0.015463	0.943781	-0.334144	0.933205	0.132200	-0.882785	-0.359012	0.302986
19294	7.717041	-0.313595	-1.875867	0.525213	-0.783100	-0.392022	0.324551	-0.021931	0.945614	-0.337546	0.931220	0.137449	-0.883589	-0.363798	0.294825
19295	6.936744	0.006085	-3.722271	0.959738	-0.890698	-0.314182	0.317714	-0.028096	0.947770	-0.345061	0.927597	0.143170	-0.883171	-0.372525	0.285015
19296	7.572816	0.456146	-4.471164	1.230769	-0.869185	-0.204223	0.310700	-0.033256	0.949926	-0.355326	0.922867	0.148528	-0.881595	-0.383681	0.274918
19297	7.715190	2.571548	-3.443596	1.254387	-0.796915	-0.167709	0.304233	-0.037873	0.951844	-0.365902	0.917911	0.153474	-0.879521	-0.394974	0.265401
19298	7.706801	5.128059	-3.334357	1.096306	-0.979585	-0.092786	0.295907	-0.042625	0.954265	-0.375306	0.913476	0.157181	-0.878399	-0.404653	0.254307
19299	12.223684	5.519210	-2.441169	0.707742	-1.178041	-0.032127	0.285613	-0.047701	0.957157	-0.381479	0.910563	0.159212	-0.879147	-0.410608	0.241872
19300	15.090331	3.954557	-1.789864	0.248172	-0.955362	0.115388	0.276704	-0.050569	0.959624	-0.384033	0.909584	0.158667	-0.880882	-0.412431	0.232265
19301	10.748714	1.521759	-1.065663	0.001019	-0.682553	0.106754	0.270203	-0.052404	0.961376	-0.384381	0.909620	0.157616	-0.882747	-0.412123	0.225639
19302	8.714628	-0.015467	0.323236	-0.095424	-0.882618	0.037650	0.262195	-0.055680	0.963407	-0.383682	0.910019	0.157015	-0.885461	-0.410811	0.217239
19303	10.299033	-0.974860	1.302060	-0.024027	-1.099468	-0.108212	0.252781	-0.061168	0.965588	-0.383238	0.910039	0.157977	-0.888386	-0.409984	0.206598
19304	7.987129	-0.464323	0.556242	0.156642	-0.927172	-0.115678	0.244919	-0.066013	0.967294	-0.384388	0.909309	0.159383	-0.890090	-0.410852	0.197333
19305	9.233751	1.082514	1.135441	0.274400	-0.939088	0.072265	0.236195	-0.069212	0.969238	-0.387054	0.908214	0.159176	-0.891292	-0.412744	0.187726
19306	9.975457	2.564050	1.946606	0.243928	-0.702126	0.243562	0.228927	-0.069892	0.970931	-0.389840	0.907361	0.157232	-0.891974	-0.414502	0.180473
19307	8.790300	2.482585	2.770986	0.171523	-0.760459	0.223709	0.221183	-0.071008	0.972644	-0.391921	0.906792	0.155325	-0.893015	-0.415555	0.172738
19308	8.759080	1.372291	2.788028	0.124037	-0.829926	0.004290	0.213689	-0.074407	0.974064	-0.393083	0.906266	0.155462	-0.894328	-0.416108	0.164410
19309	9.633544	0.674812	2.397281	0.184109	-0.834538	-0.126713	0.206640	-0.079022	0.975221	-0.394511	0.905387	0.156956	-0.895355	-0.417168	0.155915
19310	10.031473	1.308934	2.023640	0.262498	-0.700920	-0.044868	0.200479	-0.082345	0.976231	-0.396813	0.904240	0.157763	-0.895738	-0.419009	0.148606
19311	9.533623	1.999128	1.861003	0.289680	-0.606626	0.092013	0.194600	-0.084050	0.977275	-0.399636	0.903086	0.157247	-0.895780	-0.421154	0.142151
19312	8.896450	1.813116	1.529512	0.316633	-0.617127	0.089360	0.188652	-0.085838	0.978285	-0.402686	0.901811	0.156781	-0.895687	-0.423519	0.135563
19313	8.893014	1.251908	0.780242	0.408922	-0.673694	-0.008946	0.182578	-0.088771	0.979176	-0.406376	0.900051	0.157371	-0.895278	-0.426646	0.128255
19314	9.716303	1.257048	0.193440	0.531655	-0.681612	-0.051743	0.176628	-0.092147	0.979955	-0.411083	0.897712	0.158507	-0.894323	-0.430840	0.120681
19315	9.944009	1.751067	-0.583825	0.647954	-0.656690	0.017939	0.170606	-0.094822	0.980766	-0.416949	0.894906	0.159050	-0.892775	-0.436064	0.113141
19316	9.763519	2.169482	-1.036522	0.723556	-0.671235	0.080886	0.164218	-0.097035	0.981640	-0.423579	0.891793	0.159014	-0.890850	-0.441915	0.105347
19317	9.866786	2.146469	-1.204048	0.712515	-0.705844	0.093818	0.157453	-0.099332	0.982518	-0.430115	0.888702	0.158775	-0.888937	-0.447596	0.097205
19318	9.498229	1.824924	-1.553643	0.640633	-0.753540	0.074860	0.150374	-0.102049	0.983348	-0.435961	0.885880	0.158601	-0.887314	-0.452551	0.088724
19319	10.701071	1.986195	-1.052595	0.565770	-0.740119	0.113852	0.143225	-0.104404	0.984168	-0.441189	0.883410	0.157921	-0.885911	-0.456823	0.080465
19320	10.927087	2.232788	-0.526504	0.463410	-0.712544	0.143391	0.136218	-0.106395	0.984949	-0.445533	0.881422	0.156830	-0.884842	-0.460190	0.072663
19321	10.715143	2.332585	0.048504	0.351480	-0.604967	0.131984	0.130187	-0.108024	0.985587	-0.448862	0.879926	0.155734	-0.884067	-0.462667	0.066067
19322	10.184172	2.058923	0.476858	0.267573	-0.526994	0.083979	0.125089	-0.109719	0.986060	-0.451374	0.878763	0.155040	-0.883524	-0.464476	0.060399
19323	9.731162	1.725656	0.907143	0.216114	-0.505366	0.054280	0.120289	-0.111595	0.986447	-0.453394	0.877802	0.154591	-0.883156	-0.465844	0.054994
19324	9.197720	1.702167	1.105765	0.199556	-0.487972	0.057571	0.115656	-0.113356	0.986800	-0.455263	0.876921	0.154092	-0.882813	-0.467075	0.049814
19325	8.849520	1.753557	1.382211	0.216188	-0.485628	0.073463	0.110945	-0.114985	0.987152	-0.457298	0.875978	0.153431	-0.882366	-0.468445	0.044603
19326	8.860519	1.850710	1.432341	0.245640	-0.487764	0.084200	0.106194	-0.116528	0.987494	-0.459595	0.874909	0.152667	-0.881757	-0.470059	0.039354
19327	8.625373	1.766768	1.272542	0.288673	-0.501510	0.105094	0.101203	-0.117973	0.987846	-0.462290	0.873657	0.151696	-0.880935	-0.472024	0.033879
19328	8.997977	1.807306	1.263879	0.357218	-0.490793	0.134591	0.096194	-0.119112	0.988210	-0.465607	0.872111	0.150442	-0.879748	-0.474589	0.028433
19329	8.480209	1.788303	0.753453	0.446571	-0.519095	0.155266	0.090821	-0.120233	0.988583	-0.469718	0.870154	0.148983	-0.878132	-0.477886	0.022553
19330	8.774794	1.653318	0.490102	0.518893	-0.582541	0.190272	0.084750	-0.121367	0.988983	-0.474475	0.867880	0.147165	-0.876180	-0.481720	0.015967
