// General information: 
//  MT Manager version: 2022.2.0 
//  XDA version: 2022.2.0 build 7381 rev 124627 built on 2023-07-19
// Device information: 
//  DeviceId: 00B4CBA7
//  ProductCode: MTW2-3A7G6
//  Firmware Version: 4.6.0
//  Hardware Version: 2.0.0
// Device settings: 
//  Filter Profile: human(46.1)
//  Option Flags: Orientation Smoother Disabled, Position/Velocity Smoother Disabled, Continuous Zero Rotation Update Disabled, AHS Disabled, ICC Disabled
// Coordinate system: ENU
PacketCounter	Acc_X	Acc_Y	Acc_Z	Gyr_X	Gyr_Y	Gyr_Z	Mat[1][1]	Mat[2][1]	Mat[3][1]	Mat[1][2]	Mat[2][2]	Mat[3][2]	Mat[1][3]	Mat[2][3]	Mat[3][3]
33675	9.508479	0.863465	-1.915277	0.055406	0.022054	0.035702	-0.122194	0.169200	0.977977	0.948952	0.308613	0.065174	-0.290789	0.936018	-0.198274
33676	9.476038	0.823951	-1.815773	0.032053	0.019976	0.036964	-0.121822	0.169108	0.978040	0.948900	0.308855	0.064790	-0.291116	0.935954	-0.198092
33677	9.409835	0.777200	-1.718505	0.016675	0.012586	0.036776	-0.121471	0.169088	0.978087	0.948892	0.308952	0.064435	-0.291287	0.935926	-0.197975
33678	9.378645	0.751995	-1.699469	0.004831	0.008850	0.040731	-0.121096	0.169112	0.978129	0.948925	0.308928	0.064068	-0.291336	0.935930	-0.197884
33679	9.315697	0.705330	-1.662661	0.002901	0.004321	0.041987	-0.120719	0.169185	0.978163	0.948964	0.308887	0.063690	-0.291366	0.935930	-0.197839
33680	9.349594	0.622516	-1.630990	-0.004567	-0.008892	0.046077	-0.120345	0.169392	0.978174	0.949030	0.308767	0.063289	-0.291308	0.935932	-0.197916
33681	9.364716	0.622104	-1.601499	-0.004416	-0.020354	0.045002	-0.120012	0.169704	0.978160	0.949093	0.308653	0.062896	-0.291238	0.935913	-0.198107
33682	9.429961	0.646698	-1.619880	0.000869	-0.027127	0.047002	-0.119681	0.170084	0.978135	0.949144	0.308580	0.062476	-0.291207	0.935868	-0.198366
33683	9.454175	0.690992	-1.621434	-0.010069	-0.036769	0.050260	-0.119346	0.170567	0.978092	0.949230	0.308404	0.062043	-0.291065	0.935839	-0.198714
33684	9.536309	0.705135	-1.590259	-0.039374	-0.040925	0.056371	-0.118967	0.171104	0.978044	0.949407	0.307947	0.061610	-0.290644	0.935891	-0.199083
33685	9.582392	0.753320	-1.681162	-0.055452	-0.044697	0.052658	-0.118631	0.171668	0.977986	0.949627	0.307341	0.061243	-0.290061	0.935987	-0.199481
33686	9.564723	0.673377	-1.706140	-0.094463	-0.048430	0.050787	-0.118326	0.172258	0.977919	0.949958	0.306369	0.060976	-0.289101	0.936197	-0.199889
33687	9.588253	0.546919	-1.649259	-0.141023	-0.051465	0.041911	-0.118111	0.172851	0.977841	0.950410	0.304980	0.060887	-0.287697	0.936541	-0.200301
33688	9.537940	0.475108	-1.756640	-0.094949	-0.056354	0.046172	-0.117871	0.173501	0.977755	0.950734	0.304014	0.060667	-0.286726	0.936735	-0.200787
33689	9.530381	0.455483	-1.892142	-0.064530	-0.062395	0.041544	-0.117689	0.174195	0.977653	0.950964	0.303341	0.060428	-0.286036	0.936825	-0.201353
33690	9.622936	0.485974	-2.122093	-0.053746	-0.061034	0.046418	-0.117459	0.174888	0.977557	0.951169	0.302759	0.060124	-0.285450	0.936884	-0.201910
33691	9.696967	0.512466	-2.322582	-0.034223	-0.048356	0.040591	-0.117246	0.175447	0.977482	0.951310	0.302371	0.059834	-0.285065	0.936904	-0.202357
33692	9.769833	0.525272	-2.442405	-0.050986	-0.039865	0.035965	-0.117054	0.175911	0.977422	0.951495	0.301831	0.059627	-0.284528	0.936992	-0.202709
33693	9.806936	0.458989	-2.553342	-0.074854	-0.021908	0.033961	-0.116828	0.176202	0.977397	0.951744	0.301074	0.059485	-0.283787	0.937181	-0.202873
33694	9.761276	0.332755	-2.517931	-0.065682	-0.008526	0.023834	-0.116662	0.176335	0.977392	0.951953	0.300423	0.059425	-0.283152	0.937364	-0.202910
33695	9.679794	0.371949	-2.482087	-0.024874	0.003063	0.017184	-0.116525	0.176341	0.977408	0.952040	0.300163	0.059346	-0.282916	0.937447	-0.202860
33696	9.623335	0.459380	-2.443302	-0.011628	0.018763	0.018976	-0.116328	0.176204	0.977456	0.952092	0.300021	0.059225	-0.282822	0.937518	-0.202663
33697	9.665082	0.568169	-2.338155	-0.004439	0.027084	0.015823	-0.116135	0.175981	0.977519	0.952120	0.299955	0.059117	-0.282808	0.937581	-0.202390
33698	9.651371	0.535217	-2.266089	-0.013230	0.038878	0.012316	-0.115945	0.175635	0.977604	0.952169	0.299810	0.059065	-0.282721	0.937692	-0.201996
33699	9.626408	0.471594	-2.183962	-0.029912	0.045966	0.008438	-0.115770	0.175213	0.977700	0.952260	0.299518	0.059081	-0.282487	0.937864	-0.201524
33700	9.571631	0.372790	-2.063312	0.006280	0.051560	0.006507	-0.115599	0.174731	0.977807	0.952246	0.299569	0.059045	-0.282604	0.937938	-0.201016
33701	9.501533	0.384837	-2.102206	0.044418	0.051099	0.007207	-0.115421	0.174257	0.977912	0.952125	0.299977	0.058923	-0.283083	0.937896	-0.200538
33702	9.528445	0.490080	-2.024982	0.053780	0.059680	0.005040	-0.115240	0.173693	0.978034	0.951976	0.300472	0.058807	-0.283658	0.937842	-0.199978
33703	9.571470	0.526858	-1.966831	0.051437	0.063656	0.001851	-0.115076	0.173085	0.978161	0.951829	0.300955	0.058725	-0.284218	0.937799	-0.199380
33704	9.556070	0.508197	-1.912065	0.051430	0.065602	-0.004610	-0.114970	0.172438	0.978288	0.951674	0.301447	0.058708	-0.284778	0.937761	-0.198762
33705	9.559732	0.580658	-1.915364	0.030245	0.065823	-0.008820	-0.114901	0.171778	0.978412	0.951574	0.301749	0.058772	-0.285139	0.937785	-0.198131
33706	9.601756	0.561036	-1.926940	0.006858	0.065239	-0.008290	-0.114831	0.171123	0.978535	0.951540	0.301835	0.058879	-0.285281	0.937877	-0.197491
33707	9.679152	0.563228	-2.016014	0.013863	0.067224	-0.009773	-0.114767	0.170447	0.978661	0.951486	0.301985	0.058986	-0.285487	0.937951	-0.196836
33708	9.711221	0.657781	-1.977063	-0.001989	0.069809	-0.015162	-0.114749	0.169728	0.978788	0.951471	0.301996	0.059178	-0.285545	0.938078	-0.196145
33709	9.742536	0.694606	-2.008232	-0.023651	0.067432	-0.014242	-0.114727	0.169036	0.978910	0.951519	0.301801	0.059402	-0.285395	0.938266	-0.195465
33710	9.665066	0.650555	-1.996305	-0.021753	0.073366	-0.016217	-0.114709	0.168280	0.979042	0.951558	0.301629	0.059644	-0.285270	0.938457	-0.194728
33711	9.513630	0.677775	-1.898363	-0.028249	0.073957	-0.019896	-0.114722	0.167510	0.979173	0.951612	0.301400	0.059932	-0.285084	0.938668	-0.193982
33712	9.394516	0.567623	-1.839803	-0.026799	0.067263	-0.018568	-0.114744	0.166805	0.979291	0.951664	0.301184	0.060206	-0.284904	0.938863	-0.193301
33713	9.290498	0.489061	-1.850477	-0.016469	0.068510	-0.020684	-0.114780	0.166083	0.979409	0.951683	0.301067	0.060478	-0.284823	0.939029	-0.192615
33714	9.273999	0.387051	-1.766231	-0.019448	0.064109	-0.022802	-0.114851	0.165393	0.979517	0.951709	0.300924	0.060779	-0.284708	0.939196	-0.191968
33715	9.296590	0.279118	-1.719858	-0.011624	0.061610	-0.025726	-0.114956	0.164721	0.979618	0.951709	0.300861	0.061092	-0.284666	0.939335	-0.191352
33716	9.332274	0.188517	-1.662912	0.003940	0.056086	-0.025849	-0.115079	0.164098	0.979708	0.951664	0.300945	0.061377	-0.284767	0.939417	-0.190799
33717	9.419222	0.209883	-1.681862	0.017661	0.057137	-0.034323	-0.115278	0.163441	0.979795	0.951571	0.301170	0.061718	-0.284998	0.939459	-0.190244
33718	9.560968	0.374123	-1.666626	0.022827	0.045117	-0.042135	-0.115586	0.162873	0.979853	0.951454	0.301455	0.062128	-0.285262	0.939467	-0.189810
33719	9.616321	0.461948	-1.697959	0.015099	0.048132	-0.044939	-0.115911	0.162269	0.979915	0.951356	0.301673	0.062578	-0.285459	0.939501	-0.189343
33720	9.664729	0.606118	-1.809234	0.020379	0.045253	-0.055871	-0.116350	0.161657	0.979964	0.951228	0.301961	0.063126	-0.285706	0.939514	-0.188906
33721	9.774029	0.692888	-1.847104	0.015619	0.044049	-0.059150	-0.116822	0.161048	0.980008	0.951111	0.302206	0.063715	-0.285903	0.939540	-0.188479
33722	9.828593	0.696573	-1.849030	-0.018679	0.046277	-0.065889	-0.117353	0.160396	0.980052	0.951082	0.302143	0.064435	-0.285781	0.939672	-0.188007
33723	9.853410	0.752419	-1.842208	-0.030139	0.047951	-0.068627	-0.117903	0.159722	0.980096	0.951084	0.301972	0.065202	-0.285548	0.939841	-0.187512
33724	9.771131	0.713048	-1.773264	-0.043192	0.048570	-0.070307	-0.118470	0.159035	0.980139	0.951121	0.301682	0.066012	-0.285192	0.940051	-0.187002
33725	9.685003	0.760120	-1.674202	-0.075358	0.040478	-0.072217	-0.119077	0.158420	0.980165	0.951246	0.301091	0.066899	-0.284521	0.940344	-0.186550
33726	9.584024	0.659281	-1.647750	-0.090470	0.039382	-0.074151	-0.119707	0.157809	0.980187	0.951409	0.300366	0.067834	-0.283710	0.940679	-0.186097
33727	9.512305	0.479502	-1.530590	-0.105189	0.035098	-0.085318	-0.120454	0.157207	0.980192	0.951601	0.299513	0.068904	-0.282748	0.941051	-0.185676
33728	9.436620	0.543089	-1.631621	-0.051239	0.032282	-0.078858	-0.121150	0.156649	0.980196	0.951647	0.299157	0.069812	-0.282297	0.941258	-0.185317
33729	9.435533	0.507235	-1.719245	-0.025698	0.024653	-0.080862	-0.121885	0.156159	0.980183	0.951617	0.299045	0.070690	-0.282080	0.941375	-0.185052
33730	9.452991	0.549109	-1.575333	-0.046682	0.021917	-0.083735	-0.122656	0.155683	0.980162	0.951642	0.298741	0.071637	-0.281662	0.941550	-0.184797
33731	9.508711	0.628634	-1.588569	-0.050921	0.012735	-0.088331	-0.123496	0.155283	0.980120	0.951672	0.298402	0.072635	-0.281191	0.941724	-0.184630
33732	9.512614	0.551837	-1.618228	-0.028698	0.005861	-0.089695	-0.124370	0.154942	0.980064	0.951636	0.298281	0.073606	-0.280930	0.941818	-0.184546
33733	9.500912	0.615990	-1.637557	-0.033592	0.005507	-0.087998	-0.125226	0.154612	0.980007	0.951616	0.298103	0.074568	-0.280614	0.941929	-0.184461
33734	9.525862	0.746667	-1.643876	-0.028497	-0.005594	-0.090841	-0.126143	0.154375	0.979927	0.951576	0.297985	0.075550	-0.280340	0.942005	-0.184488
33735	9.535181	0.845306	-1.582269	-0.046848	-0.007451	-0.091416	-0.127069	0.154157	0.979841	0.951588	0.297687	0.076570	-0.279882	0.942135	-0.184520
33736	9.480581	0.885712	-1.676211	-0.066345	-0.016919	-0.092986	-0.128037	0.154021	0.979737	0.951650	0.297211	0.077643	-0.279230	0.942307	-0.184628
33737	9.521350	0.790033	-1.665739	-0.095720	-0.015133	-0.095724	-0.129025	0.153863	0.979632	0.951790	0.296459	0.078796	-0.278296	0.942570	-0.184696
33738	9.606786	0.734714	-1.661392	-0.118901	-0.015434	-0.101045	-0.130066	0.153691	0.979521	0.951985	0.295496	0.080045	-0.277143	0.942900	-0.184746
33739	9.746053	0.519039	-1.626191	-0.116190	-0.012572	-0.105177	-0.131137	0.153483	0.979411	0.952165	0.294565	0.081328	-0.276017	0.943226	-0.184770
33740	9.827776	0.333555	-1.625200	-0.074287	-0.017908	-0.113340	-0.132302	0.153300	0.979283	0.952214	0.294048	0.082614	-0.275291	0.943417	-0.184878
33741	10.047109	0.412034	-1.450652	-0.013490	-0.025451	-0.111725	-0.133471	0.153196	0.979141	0.952098	0.294094	0.083771	-0.275126	0.943419	-0.185111
33742	10.283312	0.682247	-1.173378	0.050246	-0.053459	-0.110922	-0.134710	0.153354	0.978946	0.951806	0.294742	0.084803	-0.275532	0.943191	-0.185668
33743	10.421655	0.638059	-0.722654	0.079099	-0.083273	-0.100295	-0.135929	0.153827	0.978703	0.951448	0.295644	0.085676	-0.276169	0.942832	-0.186545
33744	10.468091	0.426588	-0.656215	0.173857	-0.146511	-0.091993	-0.137246	0.154917	0.978348	0.950837	0.297426	0.086291	-0.277618	0.942093	-0.188122
33745	10.659497	0.480984	-0.543197	0.108075	-0.229043	-0.067411	-0.138558	0.156857	0.977853	0.950440	0.298551	0.086783	-0.278327	0.941415	-0.190450
33746	10.614339	0.390440	-0.095219	0.026638	-0.274540	-0.077451	-0.140093	0.159189	0.977258	0.950252	0.298930	0.087528	-0.278198	0.940904	-0.193148
33747	9.933926	0.059232	0.396571	0.060921	-0.313966	-0.117291	-0.142116	0.161775	0.976541	0.949913	0.299694	0.088593	-0.278331	0.940219	-0.196263
33748	9.360752	0.060981	0.779274	0.105320	-0.368612	-0.143122	-0.144537	0.164789	0.975681	0.949409	0.300924	0.089820	-0.278804	0.939303	-0.199947
33749	9.646756	0.363243	1.090274	0.067498	-0.425973	-0.149119	-0.147175	0.168322	0.974683	0.948999	0.301809	0.091176	-0.278821	0.938392	-0.204156
33750	10.309261	0.832402	1.282664	0.056628	-0.496791	-0.134539	-0.149870	0.172553	0.973532	0.948637	0.302571	0.092409	-0.278617	0.937377	-0.209037
33751	10.577203	0.869402	1.209562	-0.016232	-0.559477	-0.142582	-0.152814	0.177347	0.972212	0.948461	0.302672	0.093868	-0.277614	0.936450	-0.214459
33752	10.574568	0.663938	0.963586	-0.019306	-0.637703	-0.126264	-0.155811	0.182910	0.970704	0.948315	0.302723	0.095175	-0.276446	0.935362	-0.220624
33753	10.895278	0.801878	0.635508	0.027285	-0.684066	-0.112322	-0.158800	0.188947	0.969062	0.948058	0.303191	0.096242	-0.275626	0.934010	-0.227280
33754	10.876147	1.290005	0.176524	0.072100	-0.699774	-0.085547	-0.161571	0.195194	0.967365	0.947716	0.304033	0.096942	-0.275188	0.932450	-0.234111
33755	10.674406	1.570742	-0.459995	0.014546	-0.733341	-0.051774	-0.164110	0.201852	0.965569	0.947587	0.304276	0.097445	-0.274130	0.930952	-0.241207
33756	10.616200	1.592777	-0.907977	-0.082315	-0.756303	0.002266	-0.166188	0.208870	0.963719	0.947811	0.303506	0.097665	-0.272095	0.929654	-0.248408
33757	10.502290	1.595427	-1.267411	-0.130972	-0.789822	0.071718	-0.167682	0.216409	0.961795	0.948280	0.302142	0.097342	-0.269533	0.928374	-0.255880
33758	10.304248	1.486088	-1.629260	-0.215092	-0.835622	0.123883	-0.168777	0.224506	0.959745	0.949060	0.299875	0.096750	-0.266083	0.927185	-0.263682
33759	10.032743	1.286774	-2.100660	-0.328686	-0.859543	0.189317	-0.169281	0.233020	0.957625	0.950241	0.296402	0.095852	-0.261506	0.926201	-0.271600
33760	9.727046	0.844338	-2.465296	-0.448255	-0.895625	0.269552	-0.169067	0.242077	0.955414	0.951852	0.291614	0.094549	-0.255724	0.925397	-0.279723
33761	9.470597	0.375225	-2.922596	-0.519953	-0.912614	0.339415	-0.168172	0.251483	0.953139	0.953731	0.285973	0.092824	-0.249228	0.924649	-0.287940
33762	9.182875	0.012411	-3.236747	-0.594226	-0.915667	0.412244	-0.166518	0.261084	0.950845	0.955876	0.279426	0.090674	-0.242017	0.923989	-0.296093
33763	8.939352	-0.192576	-3.536149	-0.633139	-0.904991	0.472453	-0.164188	0.270731	0.948550	0.958160	0.272328	0.088125	-0.234459	0.923332	-0.304117
33764	8.712985	-0.176922	-3.763843	-0.664441	-0.884291	0.515652	-0.161313	0.280251	0.946276	0.960526	0.264781	0.085324	-0.226643	0.922687	-0.311901
33765	8.853422	-0.039309	-3.883478	-0.651223	-0.835986	0.531222	-0.158103	0.289334	0.944081	0.962821	0.257269	0.082395	-0.219043	0.922008	-0.319251
33766	8.811848	0.624345	-3.659649	-0.706727	-0.710537	0.534806	-0.154510	0.297215	0.942226	0.965172	0.249191	0.079668	-0.211116	0.921719	-0.325366
33767	9.084521	0.245984	-3.175610	-0.831161	-0.503632	0.534777	-0.150418	0.303152	0.940996	0.967700	0.239931	0.077391	-0.202313	0.922243	-0.329451
33768	8.937208	-1.140308	-3.009758	-0.751701	-0.239424	0.539089	-0.145705	0.306610	0.940617	0.969986	0.231359	0.074839	-0.194674	0.923289	-0.331117
33769	8.429047	-2.611248	-3.075234	-0.396947	-0.033687	0.548232	-0.140484	0.308161	0.940904	0.971530	0.226016	0.071033	-0.190770	0.924096	-0.331140
33770	8.656236	-3.538960	-2.708736	0.079482	0.150527	0.575973	-0.134631	0.308048	0.941797	0.972166	0.224987	0.065383	-0.191751	0.924385	-0.329764
33771	9.188635	-3.918844	-2.030502	0.707351	0.377275	0.588900	-0.128207	0.305887	0.943396	0.971553	0.229725	0.057547	-0.199118	0.923937	-0.326637
33772	9.581244	-3.309888	-1.825214	1.325230	0.640709	0.589415	-0.121198	0.301333	0.945785	0.969554	0.240182	0.047721	-0.212780	0.922774	-0.321268
33773	9.521691	-2.039656	-1.688954	1.761355	0.901089	0.573492	-0.113684	0.294430	0.948887	0.966317	0.254721	0.036735	-0.230885	0.921102	-0.313471
33774	9.469716	-0.711671	-1.586092	1.897984	1.125773	0.517727	-0.106013	0.285408	0.952525	0.962314	0.270696	0.025993	-0.250426	0.919384	-0.303349
33775	9.739265	0.414800	-1.382302	1.729869	1.337058	0.437093	-0.098382	0.274322	0.956592	0.958270	0.285376	0.016717	-0.268402	0.918318	-0.290950
33776	10.138386	1.060314	-1.076224	1.336738	1.537633	0.341452	-0.090909	0.261168	0.961003	0.954907	0.296747	0.009686	-0.282645	0.918549	-0.276368
33777	10.566793	1.100466	-0.768966	0.882358	1.728283	0.246252	-0.083624	0.246001	0.965655	0.952582	0.304242	0.004986	-0.292566	0.920283	-0.259778
33778	10.703512	0.748543	-0.700021	0.510230	1.898507	0.180879	-0.076316	0.229029	0.970423	0.951214	0.308524	0.001991	-0.298943	0.923233	-0.241401
33779	10.518395	0.350826	-0.700570	0.263030	2.026575	0.143683	-0.068886	0.210710	0.975118	0.950525	0.310647	0.000022	-0.302913	0.926877	-0.221684
33780	10.337008	0.132611	-0.518662	0.153720	2.103641	0.131897	-0.061259	0.191555	0.979568	0.950141	0.311816	-0.001557	-0.305743	0.930633	-0.201106
33781	10.300265	0.296412	-0.295790	0.136985	2.142306	0.141899	-0.053369	0.172007	0.983649	0.949801	0.312839	-0.003173	-0.308270	0.934101	-0.180068
33782	10.349860	0.659751	-0.058791	0.121780	2.156757	0.144551	-0.045351	0.152251	0.987301	0.949494	0.313750	-0.004768	-0.310491	0.937220	-0.158790
33783	10.431463	1.174223	0.280223	0.099133	2.142289	0.161487	-0.037181	0.132633	0.990468	0.949251	0.314452	-0.006474	-0.312313	0.939962	-0.137594
33784	10.518817	1.703623	0.632103	0.011936	2.123159	0.178587	-0.028875	0.113181	0.993155	0.949272	0.314349	-0.008225	-0.313128	0.942536	-0.116516
33785	10.424076	2.172962	0.910714	-0.121003	2.077004	0.199034	-0.020522	0.094185	0.995343	0.949700	0.313001	-0.010037	-0.312489	0.945071	-0.095871
33786	10.271193	2.385226	1.099488	-0.319456	2.003817	0.211102	-0.012310	0.075847	0.997043	0.950728	0.309801	-0.011829	-0.309782	0.947771	-0.075924
33787	10.100389	2.193809	1.304720	-0.566855	1.911048	0.223006	-0.004353	0.058374	0.998285	0.952489	0.304269	-0.013639	-0.304543	0.950796	-0.056924
33788	10.047473	1.557941	1.476289	-0.753011	1.809445	0.236849	0.003322	0.041822	0.999120	0.954756	0.296979	-0.015606	-0.297371	0.953968	-0.038943
33789	9.990931	0.785274	1.476414	-0.829450	1.711131	0.240379	0.010605	0.026160	0.999602	0.957174	0.288970	-0.017717	-0.289319	0.956981	-0.021975
33790	9.820111	0.126565	1.422594	-0.799372	1.563772	0.231874	0.017260	0.011805	0.999781	0.959424	0.281266	-0.019884	-0.281439	0.959557	-0.006472
33791	9.684538	-0.251546	1.422017	-0.661586	1.402499	0.229829	0.023332	-0.001043	0.999727	0.961219	0.274895	-0.022147	-0.274797	0.961474	0.007416
33792	9.577294	-0.213285	1.246195	-0.492831	1.244955	0.225217	0.028858	-0.012438	0.999506	0.962503	0.270168	-0.024428	-0.269730	0.962733	0.019768
33793	9.329054	0.026968	1.169613	-0.363536	1.079561	0.218945	0.033822	-0.022263	0.999180	0.963410	0.266700	-0.026669	-0.265888	0.963522	0.030469
33794	9.130338	0.245926	0.940995	-0.297817	0.911107	0.213789	0.038261	-0.030508	0.998802	0.964122	0.263884	-0.028872	-0.262687	0.964072	0.039509
33795	9.045917	0.239752	0.732686	-0.312663	0.739807	0.209430	0.042176	-0.037108	0.998421	0.964856	0.260935	-0.031060	-0.259371	0.964643	0.046809
33796	9.169090	0.313141	0.303191	-0.297548	0.590829	0.220686	0.045799	-0.042266	0.998056	0.965528	0.258149	-0.033374	-0.256237	0.965180	0.052632
33797	8.971303	0.295451	0.057995	-0.328386	0.453122	0.237667	0.049212	-0.046046	0.997726	0.966254	0.255079	-0.035888	-0.252846	0.965823	0.057045
33798	8.643489	0.349460	-0.211230	-0.367903	0.309199	0.255370	0.052426	-0.048417	0.997450	0.967050	0.251642	-0.038613	-0.249131	0.966609	0.060014
33799	8.342969	0.351838	-0.498176	-0.429578	0.167558	0.274487	0.055460	-0.049367	0.997240	0.967966	0.247616	-0.041574	-0.244881	0.967600	0.061518
33800	8.149399	0.282818	-0.764996	-0.475315	0.031403	0.297850	0.058390	-0.048970	0.997092	0.968952	0.243158	-0.044800	-0.240257	0.968750	0.061647
33801	7.830718	0.146391	-1.034067	-0.498583	-0.080623	0.327861	0.061340	-0.047413	0.996990	0.969944	0.238478	-0.048335	-0.235468	0.969990	0.060616
33802	7.676338	0.102057	-1.452979	-0.550011	-0.191425	0.354390	0.064302	-0.044748	0.996927	0.971005	0.233299	-0.052158	-0.230248	0.971375	0.058452
33803	7.449579	-0.172098	-1.830111	-0.552216	-0.285562	0.373223	0.067242	-0.041125	0.996889	0.972020	0.228087	-0.056155	-0.225068	0.972772	0.055311
33804	7.263832	-0.276752	-2.453049	-0.464989	-0.360238	0.391547	0.070214	-0.036762	0.996854	0.972790	0.223711	-0.060269	-0.220791	0.973962	0.051469
33805	7.025229	-0.161644	-2.820679	-0.446231	-0.424136	0.395413	0.073098	-0.031766	0.996819	0.973487	0.219493	-0.064393	-0.216749	0.975097	0.046968
33806	6.882249	-0.015152	-3.333833	-0.397719	-0.462500	0.389888	0.075868	-0.026431	0.996768	0.974055	0.215724	-0.068419	-0.213218	0.976097	0.042112
33807	6.746951	0.040253	-3.921809	-0.344230	-0.475464	0.373567	0.078465	-0.021002	0.996696	0.974499	0.212446	-0.072241	-0.210227	0.976947	0.037136
33808	7.102329	0.040781	-3.524511	-0.473617	-0.450700	0.348052	0.080886	-0.015889	0.996597	0.975210	0.207879	-0.075836	-0.205967	0.978025	0.032310
33809	7.036682	-0.874728	-3.518782	-0.587492	-0.381935	0.316011	0.083157	-0.011516	0.996470	0.976149	0.202169	-0.079125	-0.200544	0.979283	0.028053
33810	7.096500	-0.528949	-4.638749	-0.371173	-0.409461	0.211061	0.084370	-0.007104	0.996409	0.976714	0.198550	-0.081286	-0.197260	0.980065	0.023691
33811	6.854709	-0.914945	-5.254789	-0.295716	-0.417023	0.088890	0.084384	-0.002854	0.996429	0.977223	0.195652	-0.082198	-0.194719	0.980669	0.019299
33812	7.269391	-0.815592	-4.642887	-0.202068	-0.440034	-0.027882	0.083224	0.001388	0.996530	0.977641	0.193668	-0.081917	-0.193109	0.981066	0.014761
33813	9.316747	-1.723327	-2.954042	-0.223610	-0.343556	-0.093153	0.081617	0.004567	0.996653	0.978152	0.191473	-0.080979	-0.191202	0.981487	0.011160
33814	11.099517	-3.598702	0.255367	-0.063455	-0.158840	-0.112581	0.080178	0.005893	0.996763	0.978367	0.190854	-0.079826	-0.190707	0.981601	0.009537
33815	13.244290	-2.038296	4.142614	0.751957	-0.137349	-0.122104	0.078681	0.006990	0.996875	0.977006	0.198234	-0.078502	-0.198164	0.980130	0.008768
33816	16.938472	-2.130420	7.725134	0.370507	-0.470762	-0.164676	0.076097	0.011253	0.997037	0.976395	0.201878	-0.076800	-0.202144	0.979346	0.004374
33817	19.526373	-4.321549	1.828201	1.250736	-1.071936	-0.082877	0.073016	0.021551	0.997098	0.973851	0.214121	-0.075941	-0.215136	0.976569	-0.005353
33818	16.225754	1.707620	-1.538140	1.553995	-1.373274	-0.079906	0.069142	0.034737	0.997002	0.970442	0.229290	-0.075289	-0.231218	0.972738	-0.017857
33819	11.831951	4.316104	0.195925	1.533999	-1.190279	-0.085147	0.065436	0.046076	0.996792	0.966836	0.244213	-0.074758	-0.246874	0.968626	-0.028567
33820	7.226043	3.900080	-2.473133	1.637255	-1.093440	-0.010636	0.062510	0.056592	0.996439	0.962668	0.260040	-0.075160	-0.263367	0.963938	-0.038224
33821	6.300176	3.463002	-5.174843	1.394974	-1.063539	0.074778	0.060318	0.067005	0.995928	0.958854	0.273409	-0.076467	-0.277419	0.959561	-0.047756
33822	6.520068	4.451237	-5.665308	0.974608	-0.909712	0.130844	0.058967	0.076059	0.995358	0.956027	0.282651	-0.078235	-0.287290	0.956203	-0.056048
33823	8.614579	4.239912	-4.710366	0.137002	-0.814277	0.204007	0.058535	0.084403	0.994711	0.955515	0.283797	-0.080309	-0.289074	0.955163	-0.064036
33824	11.011153	3.731809	-3.333178	-0.766633	-0.718202	0.259646	0.058930	0.091974	0.994016	0.957556	0.276239	-0.082328	-0.282158	0.956678	-0.071791
33825	12.556132	2.212765	-2.490221	-1.771891	-0.603213	0.257703	0.059717	0.098431	0.993350	0.962259	0.259005	-0.083513	-0.265503	0.960847	-0.079250
33826	11.926563	-1.848565	-2.033051	-2.233496	-0.527956	0.199926	0.060261	0.103993	0.992751	0.967836	0.237286	-0.083605	-0.244260	0.965858	-0.086349
33827	10.683398	-4.854108	-1.603729	-1.757886	-0.524888	0.112025	0.060074	0.109315	0.992190	0.971918	0.220157	-0.083102	-0.227522	0.969320	-0.093019
33828	9.455265	-5.567787	-1.272588	-0.982298	-0.532568	0.049081	0.059325	0.114568	0.991642	0.974082	0.210574	-0.082603	-0.218277	0.970841	-0.099106
33829	8.695066	-5.405812	-1.417490	-0.173238	-0.561187	0.026986	0.058331	0.120059	0.991052	0.974446	0.208861	-0.082655	-0.216916	0.970548	-0.104808
33830	8.777098	-4.625667	-1.508326	0.493090	-0.591343	0.038208	0.057368	0.125856	0.990388	0.973345	0.213597	-0.083524	-0.222056	0.968781	-0.110247
33831	9.414909	-2.988866	-1.614735	0.998329	-0.609784	0.034893	0.056286	0.131817	0.989675	0.971061	0.223211	-0.084957	-0.232105	0.965816	-0.115439
33832	9.999177	-0.900520	-2.019349	1.127932	-0.584195	0.022584	0.055080	0.137483	0.988971	0.968370	0.234058	-0.086471	-0.243364	0.962453	-0.120242
33833	10.340622	0.081000	-2.468882	0.905683	-0.539877	0.004196	0.053747	0.142667	0.988310	0.966125	0.242757	-0.087584	-0.252415	0.959539	-0.124787
33834	10.493967	0.022827	-2.962887	0.620406	-0.463873	-0.018568	0.052346	0.147049	0.987743	0.964553	0.248733	-0.088147	-0.258646	0.957344	-0.128816
33835	10.366010	-0.936473	-3.472011	0.433467	-0.378539	-0.043945	0.050900	0.150545	0.987292	0.963448	0.252947	-0.088241	-0.263017	0.955696	-0.132167
33836	10.301371	-1.641752	-3.470079	0.468978	-0.314184	-0.061624	0.049437	0.153370	0.986931	0.962237	0.257521	-0.088219	-0.267686	0.954023	-0.134847
33837	10.264551	-1.585026	-3.292250	0.591800	-0.247909	-0.067622	0.048080	0.155541	0.986659	0.960672	0.263269	-0.088317	-0.273493	0.952101	-0.136766
33838	10.257633	-1.329018	-2.993233	0.701205	-0.203041	-0.085788	0.046659	0.157226	0.986460	0.958773	0.270074	-0.088395	-0.280315	0.949916	-0.138143
33839	10.210726	-0.943813	-2.548328	0.780672	-0.184791	-0.097042	0.045169	0.158698	0.986293	0.956603	0.277636	-0.088482	-0.287873	0.947488	-0.139270
33840	9.717702	-0.190499	-1.743108	0.793503	-0.194328	-0.101163	0.043600	0.160234	0.986116	0.954336	0.285309	-0.088555	-0.295537	0.944946	-0.140478
33841	9.660368	0.021754	-0.939141	0.759553	-0.214247	-0.091699	0.042050	0.161975	0.985898	0.952105	0.292627	-0.088685	-0.302866	0.942408	-0.141912
33842	9.491312	0.119729	-0.289344	0.711645	-0.220941	-0.066219	0.040708	0.163840	0.985647	0.949956	0.299436	-0.089008	-0.309721	0.939944	-0.143452
33843	9.232751	0.117927	0.311297	0.613669	-0.256471	-0.039987	0.039492	0.166111	0.985316	0.948055	0.305266	-0.089462	-0.315644	0.937667	-0.145427
33844	9.218731	0.025232	0.658223	0.488614	-0.301761	-0.015908	0.038346	0.168869	0.984892	0.946511	0.309872	-0.089982	-0.320386	0.935661	-0.147954
33845	9.239661	-0.203571	0.770215	0.354146	-0.355022	0.002935	0.037195	0.172180	0.984363	0.945371	0.313181	-0.090502	-0.323867	0.933955	-0.151125
33846	9.318898	-0.474088	0.855767	0.181420	-0.409867	0.013766	0.035959	0.176028	0.983728	0.944780	0.314854	-0.090875	-0.325727	0.932674	-0.154986
33847	9.359988	-0.551734	0.652546	0.029673	-0.459607	0.018790	0.034604	0.180355	0.982993	0.944679	0.315101	-0.091068	-0.326166	0.931764	-0.159474
33848	9.301461	-0.534963	0.500013	-0.143593	-0.515377	0.018306	0.033063	0.185192	0.982146	0.945143	0.313733	-0.090975	-0.324980	0.931276	-0.164660
33849	9.247963	-0.589738	0.325807	-0.271878	-0.571076	0.019388	0.031363	0.190554	0.981176	0.946019	0.311169	-0.090671	-0.322590	0.931055	-0.170508
33850	9.243913	-0.691407	-0.027754	-0.329241	-0.623743	0.020368	0.029517	0.196402	0.980079	0.947073	0.308069	-0.090258	-0.319659	0.930870	-0.176913
33851	9.255582	-0.778115	-0.435663	-0.327177	-0.668916	0.027921	0.027619	0.202696	0.978852	0.948108	0.304973	-0.089904	-0.316747	0.930541	-0.183755
33852	9.281448	-0.849501	-0.897411	-0.281104	-0.713878	0.028895	0.025605	0.209403	0.977494	0.948989	0.302303	-0.089619	-0.314266	0.929926	-0.190980
33853	9.266008	-0.842473	-1.137972	-0.256454	-0.746489	0.034454	0.023560	0.216429	0.976014	0.949786	0.299851	-0.089418	-0.312012	0.929111	-0.198496
33854	9.207626	-1.007517	-1.407754	-0.274980	-0.772133	0.033485	0.021443	0.223677	0.974427	0.950635	0.297230	-0.089148	-0.309569	0.928237	-0.206262
33855	9.221677	-1.425875	-1.879013	-0.307524	-0.782174	0.025722	0.019242	0.230994	0.972765	0.951580	0.294323	-0.088714	-0.306800	0.927370	-0.214146
33856	9.320952	-1.624093	-2.415502	-0.314335	-0.779122	0.010701	0.016930	0.238225	0.971062	0.952539	0.291391	-0.088092	-0.303944	0.926466	-0.221986
33857	9.639083	-1.590042	-2.893243	-0.310953	-0.771259	-0.008895	0.014477	0.245325	0.969333	0.953483	0.288539	-0.087265	-0.301099	0.925506	-0.229736
33858	9.836991	-1.683673	-3.284485	-0.310110	-0.750419	-0.036362	0.011846	0.252141	0.967618	0.954419	0.285768	-0.086149	-0.298236	0.924533	-0.237263
33859	9.945011	-1.855863	-3.228327	-0.279288	-0.730006	-0.071536	0.008960	0.258667	0.965925	0.955257	0.283376	-0.084747	-0.295642	0.923466	-0.244554
33860	10.126920	-1.794229	-3.044912	-0.183235	-0.715498	-0.116243	0.005705	0.264920	0.964254	0.955807	0.281997	-0.083131	-0.293940	0.922115	-0.251603
33861	9.870393	-1.575971	-2.732677	-0.082515	-0.720488	-0.158330	0.002042	0.271095	0.962550	0.956056	0.281668	-0.081358	-0.293176	0.920418	-0.258608
33862	9.816497	-1.442043	-2.247508	0.010241	-0.732119	-0.184787	-0.001907	0.277285	0.960786	0.956027	0.282277	-0.079569	-0.293271	0.918386	-0.265630
33863	9.744903	-1.166449	-1.634173	0.065866	-0.762003	-0.212816	-0.006213	0.283657	0.958906	0.955826	0.283486	-0.077666	-0.293866	0.916065	-0.272888
33864	9.750699	-0.956655	-1.223429	0.075249	-0.798935	-0.224009	-0.010739	0.290308	0.956873	0.955587	0.284825	-0.075690	-0.294515	0.913562	-0.280473
33865	9.699028	-0.776837	-0.714847	0.034438	-0.840272	-0.238299	-0.015526	0.297278	0.954665	0.955454	0.285848	-0.073472	-0.294730	0.910998	-0.288474
33866	9.609544	-0.798966	-0.435873	-0.013209	-0.900950	-0.248323	-0.020587	0.304741	0.952213	0.955449	0.286484	-0.071028	-0.294439	0.908328	-0.297063
33867	9.755094	-0.972627	-0.321214	-0.036392	-0.963587	-0.267181	-0.026010	0.312698	0.949496	0.955493	0.286988	-0.068340	-0.293864	0.905460	-0.306246
33868	9.788604	-0.899436	-0.361658	-0.044203	-1.031334	-0.293251	-0.031873	0.321156	0.946490	0.955538	0.287528	-0.065384	-0.293140	0.902323	-0.316041
33869	9.958049	-0.784160	-0.400216	-0.067924	-1.106645	-0.302544	-0.038037	0.330236	0.943132	0.955631	0.287911	-0.062270	-0.292101	0.898917	-0.326535
33870	10.265226	-0.301016	-0.484877	-0.112383	-1.163616	-0.307076	-0.044396	0.339768	0.939461	0.955831	0.287942	-0.058968	-0.290546	0.895348	-0.337544
33871	10.597821	0.385828	-0.447186	-0.195948	-1.239176	-0.310100	-0.050981	0.349932	0.935387	0.956249	0.287271	-0.055351	-0.288078	0.891641	-0.349267
33872	10.826182	0.824538	-0.459242	-0.307678	-1.304195	-0.309599	-0.057709	0.360625	0.930924	0.956960	0.285645	-0.051331	-0.284424	0.887895	-0.361588
33873	11.032138	0.866917	-0.547080	-0.402455	-1.372092	-0.314392	-0.064625	0.371872	0.926032	0.957902	0.283241	-0.046894	-0.279729	0.884017	-0.374521
33874	10.936449	1.273076	-0.265114	-0.471546	-1.451271	-0.324015	-0.071784	0.383732	0.920650	0.958985	0.280319	-0.042066	-0.274218	0.879870	-0.388116
33875	10.793524	1.280027	0.414999	-0.594352	-1.539401	-0.335270	-0.079206	0.396295	0.914700	0.960339	0.276422	-0.036603	-0.267349	0.875523	-0.402472
33876	10.710558	0.838069	1.220771	-0.705924	-1.648858	-0.340933	-0.086858	0.409732	0.908061	0.961912	0.271645	-0.030562	-0.259193	0.870821	-0.417720
33877	11.157696	0.764092	1.975772	-0.803242	-1.777039	-0.325076	-0.094546	0.424272	0.900586	0.963659	0.266040	-0.024165	-0.249844	0.865573	-0.434006
33878	11.747044	1.357196	2.338689	-1.006020	-1.914642	-0.298909	-0.102137	0.439978	0.892181	0.965817	0.258666	-0.016994	-0.238254	0.859948	-0.451358
33879	12.390302	2.081387	2.685801	-1.318405	-2.059118	-0.277019	-0.109605	0.456909	0.882735	0.968564	0.248624	-0.008427	-0.223319	0.854061	-0.469795
33880	13.061073	2.955829	2.334144	-1.730044	-2.192718	-0.274268	-0.116987	0.474877	0.872242	0.971946	0.235193	0.002313	-0.204047	0.848043	-0.489069
33881	13.611419	3.173284	1.756897	-2.143910	-2.297809	-0.291622	-0.124280	0.493618	0.860753	0.975712	0.218505	0.015572	-0.180392	0.841782	-0.508785
33882	14.024903	2.982973	1.481589	-2.464331	-2.392204	-0.315145	-0.131388	0.512984	0.848283	0.979416	0.199446	0.031087	-0.153240	0.834906	-0.528630
33883	14.186352	2.428761	1.896457	-2.708550	-2.467955	-0.340000	-0.138174	0.532841	0.834858	0.982699	0.178731	0.048570	-0.123335	0.827125	-0.548318
33884	14.845746	0.528027	2.343712	-2.816160	-2.542324	-0.339383	-0.144289	0.553153	0.820489	0.985247	0.157422	0.067132	-0.092029	0.818071	-0.567707
33885	15.157912	-2.216442	1.147676	-2.490008	-2.575999	-0.320775	-0.149495	0.573604	0.805376	0.986709	0.139011	0.084148	-0.063688	0.807251	-0.586762
33886	13.935095	-5.563303	-1.281523	-1.928062	-2.560143	-0.356496	-0.154387	0.593608	0.789806	0.987169	0.125663	0.098520	-0.040768	0.794882	-0.605392
33887	11.516636	-8.248004	-3.561785	-1.065074	-2.632566	-0.400757	-0.159261	0.613843	0.773197	0.986891	0.119714	0.108236	-0.026123	0.780298	-0.624862
33888	11.164248	-8.785570	-7.128128	0.039831	-2.722332	-0.407129	-0.163969	0.634327	0.755476	0.986217	0.122583	0.111124	-0.022119	0.763284	-0.645684
33889	11.580019	-6.112786	-8.494239	0.574137	-2.661495	-0.346603	-0.168029	0.653960	0.737633	0.985505	0.129169	0.109976	-0.023359	0.745420	-0.666185
33890	11.495101	-3.966066	-7.737392	0.509866	-2.552844	-0.304621	-0.171668	0.672330	0.720071	0.984861	0.134968	0.108776	-0.024053	0.727843	-0.685322
33891	11.496180	-4.083380	-7.672602	0.503530	-2.393474	-0.331950	-0.175559	0.689082	0.703097	0.984155	0.140873	0.107672	-0.024853	0.710860	-0.702895
33892	10.993451	-4.259984	-8.221140	0.855724	-2.082061	-0.448579	-0.180570	0.703033	0.687851	0.983118	0.150037	0.104733	-0.029572	0.695150	-0.718256
33893	9.617353	-3.539416	-7.986853	1.014413	-1.735445	-0.572897	-0.186808	0.714076	0.674684	0.981724	0.161102	0.101313	-0.036348	0.681279	-0.731121
33894	8.379248	-2.307289	-7.471218	1.266684	-1.336289	-0.612392	-0.193397	0.722042	0.664269	0.980030	0.174082	0.096106	-0.046245	0.669590	-0.741290
33895	7.892772	-1.256843	-6.317054	1.376996	-0.942920	-0.574764	-0.199553	0.727262	0.656710	0.978177	0.187429	0.089671	-0.057872	0.660272	-0.748793
33896	6.587295	0.102157	-9.763359	1.802875	-0.655959	-0.504712	-0.204948	0.730546	0.651382	0.975958	0.202966	0.079438	-0.074175	0.652002	-0.754580
33897	3.676927	-0.148478	-9.238286	1.004323	-0.523973	-0.500092	-0.210272	0.732895	0.647032	0.974124	0.213170	0.075113	-0.082878	0.646083	-0.758754
33898	5.233275	-0.791279	-5.682632	0.433234	-0.150791	-0.413397	-0.214454	0.732940	0.645607	0.972870	0.219022	0.074513	-0.086789	0.644071	-0.760026
33899	6.777066	-0.468599	-4.046726	0.442861	0.445803	-0.315313	-0.217158	0.729353	0.648758	0.971786	0.224211	0.073221	-0.092055	0.646354	-0.757464
33900	7.073157	-1.122305	-4.026933	0.350115	1.038725	-0.201744	-0.218162	0.722112	0.656475	0.971007	0.227978	0.071915	-0.097731	0.653131	-0.750912
33901	6.671778	-2.306464	-4.257825	0.411113	1.547779	-0.107406	-0.217671	0.711665	0.667946	0.970348	0.231480	0.069588	-0.105093	0.663287	-0.740949
33902	5.910762	-2.771730	-4.692744	0.937192	1.980957	-0.000273	-0.215487	0.698370	0.682528	0.969291	0.237781	0.062724	-0.118488	0.675085	-0.728163
33903	5.342534	-2.010058	-4.962749	1.274397	2.326222	0.100399	-0.211593	0.682744	0.699349	0.967878	0.245799	0.052876	-0.135798	0.688072	-0.712822
33904	5.509404	-1.207916	-4.958714	1.410989	2.641574	0.180435	-0.206034	0.664790	0.718056	0.966195	0.254421	0.041685	-0.154976	0.702371	-0.694736
33905	6.020637	0.226636	-5.266064	1.403245	3.013896	0.159830	-0.199559	0.643777	0.738734	0.964199	0.263367	0.030952	-0.174632	0.718463	-0.673286
33906	6.448075	1.306885	-5.644311	1.094899	3.356054	0.126795	-0.192213	0.619652	0.760977	0.962433	0.270560	0.022786	-0.191771	0.736769	-0.648379
33907	7.093227	2.139156	-6.113650	0.399071	3.597940	0.148976	-0.183724	0.593157	0.783843	0.961920	0.272659	0.019134	-0.202372	0.757510	-0.620664
33908	7.570539	2.004927	-6.159615	-0.479955	3.820677	0.218566	-0.173868	0.564311	0.807046	0.963281	0.267726	0.020325	-0.204598	0.780946	-0.590139
33909	7.337092	1.086148	-6.362520	-1.161997	4.008983	0.314868	-0.162752	0.533307	0.830118	0.966157	0.256795	0.024446	-0.200133	0.806002	-0.557052
33910	7.415996	0.351349	-6.394320	-1.570665	4.148971	0.451744	-0.150277	0.500416	0.852644	0.969933	0.241620	0.029142	-0.191433	0.831387	-0.521680
33911	7.492760	0.118414	-5.944659	-1.772152	4.282008	0.596574	-0.136552	0.465653	0.874369	0.974079	0.223797	0.032938	-0.180344	0.856202	-0.484143
33912	7.576583	0.253359	-5.174161	-1.859649	4.396695	0.744508	-0.121648	0.429030	0.895061	0.978274	0.204339	0.035012	-0.167875	0.879874	-0.444566
33913	7.807540	0.263025	-5.014154	-1.781397	4.491750	0.929259	-0.105310	0.390804	0.914430	0.982206	0.184670	0.034192	-0.155505	0.901759	-0.403298
33914	7.824801	-0.036391	-5.249739	-1.504421	4.543691	1.089445	-0.087780	0.351251	0.932157	0.985516	0.166926	0.029904	-0.145098	0.921281	-0.360816
33915	8.156921	-0.297925	-5.609246	-1.104989	4.549939	1.208649	-0.069452	0.310863	0.947914	0.988027	0.152659	0.022327	-0.137766	0.938115	-0.317743
33916	8.895084	0.227607	-5.462774	-0.613589	4.548547	1.322928	-0.050197	0.269776	0.961614	0.989651	0.143029	0.011534	-0.134427	0.952241	-0.274164
33917	9.479901	1.145383	-5.256021	-0.264455	4.563099	1.413368	-0.030120	0.228017	0.973191	0.990572	0.136983	-0.001437	-0.133638	0.963973	-0.229993
33918	9.851400	1.472864	-4.484607	-0.223165	4.580873	1.412654	-0.010046	0.185483	0.982596	0.991152	0.131909	-0.014766	-0.132352	0.973754	-0.185167
33919	9.914290	1.601295	-3.645691	-0.190941	4.558355	1.359521	0.009387	0.142667	0.989726	0.991408	0.127814	-0.027827	-0.130471	0.981483	-0.140241
33920	9.740660	1.639123	-3.164720	-0.168293	4.480615	1.287515	0.027924	0.100140	0.994581	0.991385	0.124601	-0.040380	-0.127970	0.987141	-0.095798
33921	9.879443	1.249308	-3.031479	-0.238114	4.337484	1.237833	0.045626	0.058746	0.997230	0.991232	0.121262	-0.052495	-0.124010	0.990881	-0.052698
33922	10.356933	0.517390	-2.872918	-0.371536	4.151394	1.189976	0.062427	0.018940	0.997870	0.991039	0.117118	-0.064223	-0.118085	0.992937	-0.011459
33923	13.048180	-1.028280	-0.273060	-1.031177	3.942859	1.151607	0.078207	-0.018959	0.996757	0.991383	0.106868	-0.075752	-0.105086	0.994092	0.027153
33924	11.653784	-2.885825	-1.280781	-0.366980	3.545734	1.063495	0.092336	-0.053114	0.994310	0.990852	0.103607	-0.086480	-0.098424	0.993199	0.062195
33925	10.600619	-1.453609	-1.219352	-0.418133	2.865348	0.768520	0.102634	-0.080781	0.991434	0.990503	0.099966	-0.094392	-0.091484	0.991706	0.090273
33926	7.763661	-0.711328	-0.230678	0.071983	2.070254	0.563885	0.110076	-0.100763	0.988802	0.989841	0.101191	-0.099880	-0.089994	0.989751	0.110878
33927	6.373991	1.514214	1.095382	0.220822	1.209478	0.419693	0.115285	-0.112304	0.986964	0.989173	0.103815	-0.103730	-0.090812	0.988236	0.123056
33928	7.111564	1.805446	1.830024	0.390507	0.405013	0.338656	0.118988	-0.115983	0.986098	0.988417	0.108059	-0.106558	-0.094197	0.987356	0.127497
33929	7.299227	1.605306	0.600419	0.726137	-0.271696	0.305481	0.121702	-0.112969	0.986117	0.987343	0.115568	-0.108614	-0.101694	0.986855	0.125605
33930	6.868911	1.825258	-1.843645	1.224481	-0.867654	0.287412	0.123577	-0.104098	0.986860	0.985668	0.127961	-0.109930	-0.114836	0.986301	0.118419
33931	6.516478	1.911679	-2.811719	1.491956	-1.346003	0.237600	0.124223	-0.090515	0.988117	0.983543	0.142895	-0.110559	-0.131190	0.985590	0.106777
33932	6.371877	2.344704	-4.191130	1.723665	-1.634872	0.194597	0.123812	-0.074156	0.989531	0.980880	0.160034	-0.110737	-0.150147	0.984322	0.092552
33933	6.301573	2.033014	-5.919163	1.579521	-1.759851	0.144200	0.122391	-0.056615	0.990866	0.978197	0.175659	-0.110789	-0.167782	0.982822	0.076880
33934	6.253284	0.264770	-7.780882	1.450432	-1.737439	0.117098	0.120454	-0.039378	0.991938	0.975507	0.189959	-0.110918	-0.184059	0.981002	0.061295
33935	6.319023	-0.739308	-10.016373	1.693303	-1.515648	0.086641	0.118333	-0.024372	0.992675	0.972137	0.206569	-0.110813	-0.202355	0.978128	0.048137
33936	5.800674	-0.878514	-11.678655	2.003307	-1.159133	0.013874	0.115977	-0.013062	0.993166	0.967861	0.226128	-0.110048	-0.223145	0.974010	0.038868
33937	5.443577	-0.562388	-12.604417	2.381888	-0.715368	-0.045286	0.113823	-0.006236	0.993482	0.962320	0.249254	-0.108688	-0.246952	0.968418	0.034372
33938	4.828386	0.400362	-12.182216	2.295134	-0.291818	-0.111569	0.111973	-0.003740	0.993704	0.956525	0.271408	-0.106763	-0.269300	0.962457	0.033968
33939	3.412616	0.369899	-11.075230	1.694415	-0.172867	-0.140384	0.110119	-0.002488	0.993915	0.951984	0.287669	-0.104753	-0.285658	0.957727	0.034047
33940	2.860216	-2.994799	-2.024611	-0.749581	-0.910469	0.080587	0.108287	0.006444	0.994099	0.954018	0.280480	-0.105740	-0.279506	0.959838	0.024225
33941	14.890200	-1.616399	2.369068	0.176217	-2.063154	0.759464	0.109686	0.028359	0.993562	0.952699	0.282036	-0.113225	-0.283431	0.958985	0.003918
