// General information: 
//  MT Manager version: 2022.2.0 
//  XDA version: 2022.2.0 build 7381 rev 124627 built on 2023-07-19
// Device information: 
//  DeviceId: 00B4CB9F
//  ProductCode: MTW2-3A7G6
//  Firmware Version: 4.6.0
//  Hardware Version: 2.0.0
// Device settings: 
//  Filter Profile: human(46.1)
//  Option Flags: Orientation Smoother Disabled, Position/Velocity Smoother Disabled, Continuous Zero Rotation Update Disabled, AHS Disabled, ICC Disabled
// Coordinate system: ENU
PacketCounter	Acc_X	Acc_Y	Acc_Z	Gyr_X	Gyr_Y	Gyr_Z	Mat[1][1]	Mat[2][1]	Mat[3][1]	Mat[1][2]	Mat[2][2]	Mat[3][2]	Mat[1][3]	Mat[2][3]	Mat[3][3]
35464	9.867046	0.253823	0.576335	0.101734	0.003938	-0.005145	0.061867	-0.007219	0.998058	-0.278737	0.960062	0.024222	-0.958373	-0.279695	0.057384
35465	9.897125	0.439257	0.672288	0.087119	0.014582	0.001688	0.061882	-0.007145	0.998058	-0.279542	0.959828	0.024204	-0.958137	-0.280497	0.057399
35466	9.898990	0.524005	0.609072	0.057103	0.019674	0.004098	0.061999	-0.007026	0.998051	-0.280138	0.959656	0.024157	-0.957955	-0.281090	0.057530
35467	9.941635	0.614515	0.647313	0.022842	0.020018	-0.002169	0.062079	-0.006976	0.998047	-0.280332	0.959599	0.024144	-0.957894	-0.281284	0.057615
35468	9.870462	0.698718	0.590588	-0.014734	0.020961	-0.007531	0.062241	-0.006964	0.998037	-0.280233	0.959628	0.024173	-0.957912	-0.281187	0.057777
35469	9.803794	0.728550	0.582538	-0.056945	0.018551	-0.013915	0.062338	-0.007031	0.998030	-0.279650	0.959796	0.024229	-0.958076	-0.280609	0.057865
35470	9.771934	0.614434	0.580215	-0.092272	0.010307	-0.018270	0.062428	-0.007153	0.998024	-0.278801	0.960041	0.024320	-0.958318	-0.279768	0.057939
35471	9.736296	0.451946	0.523010	-0.116490	0.015080	-0.021784	0.062515	-0.007306	0.998017	-0.277638	0.960375	0.024421	-0.958649	-0.278615	0.058009
35472	9.638797	0.263491	0.503561	-0.116103	0.009327	-0.015470	0.062588	-0.007404	0.998012	-0.276562	0.960684	0.024470	-0.958956	-0.277544	0.058079
35473	9.662561	0.145199	0.477791	-0.100646	0.005102	-0.015094	0.062561	-0.007521	0.998013	-0.275555	0.960973	0.024515	-0.959247	-0.276542	0.058047
35474	9.722464	0.070736	0.399518	-0.080481	0.008026	-0.009247	0.062604	-0.007562	0.998010	-0.274824	0.961182	0.024523	-0.959454	-0.275812	0.058095
35475	9.832314	0.012836	0.335628	-0.047700	0.007305	-0.006362	0.062575	-0.007591	0.998011	-0.274335	0.961322	0.024512	-0.959596	-0.275323	0.058072
35476	9.841540	0.024686	0.249857	-0.012387	0.013130	-0.003033	0.062650	-0.007558	0.998007	-0.274261	0.961343	0.024497	-0.959612	-0.275249	0.058155
35477	9.826700	0.017588	0.269569	0.033052	0.019879	0.004414	0.062710	-0.007448	0.998004	-0.274554	0.961261	0.024426	-0.959525	-0.275538	0.058236
35478	9.751867	0.068874	0.263561	0.072533	0.021770	0.009919	0.062832	-0.007268	0.997998	-0.275303	0.961050	0.024331	-0.959302	-0.276281	0.058384
35479	9.768576	0.176239	0.289066	0.112374	0.034464	0.012919	0.063007	-0.007033	0.997988	-0.276357	0.960750	0.024218	-0.958988	-0.277327	0.058590
35480	9.787015	0.230875	0.329286	0.138202	0.043066	0.012479	0.063326	-0.006768	0.997970	-0.277736	0.960354	0.024137	-0.958568	-0.278701	0.058935
35481	9.762058	0.298467	0.339542	0.154355	0.048793	0.018660	0.063624	-0.006439	0.997953	-0.279198	0.959934	0.023994	-0.958123	-0.280153	0.059277
35482	9.810138	0.366508	0.344158	0.155859	0.049152	0.022110	0.063973	-0.006064	0.997933	-0.280752	0.959485	0.023828	-0.957646	-0.281696	0.059679
35483	9.780853	0.488172	0.305717	0.149911	0.049148	0.022259	0.064260	-0.005697	0.997917	-0.282169	0.959073	0.023645	-0.957210	-0.283100	0.060022
35484	9.746731	0.527605	0.297508	0.138972	0.051518	0.015083	0.064650	-0.005381	0.997893	-0.283555	0.958667	0.023541	-0.956774	-0.284480	0.060452
35485	9.758859	0.535615	0.249376	0.124721	0.052047	0.007780	0.065007	-0.005143	0.997872	-0.284709	0.958326	0.023487	-0.956407	-0.285630	0.060834
35486	9.841713	0.460644	0.260701	0.102607	0.048754	0.002744	0.065406	-0.004952	0.997846	-0.285739	0.958020	0.023484	-0.956073	-0.286660	0.061245
35487	9.955968	0.346915	0.250325	0.093318	0.046939	0.002719	0.065726	-0.004780	0.997826	-0.286599	0.957763	0.023466	-0.955793	-0.287519	0.061580
35488	10.061958	0.256097	0.242198	0.081200	0.050553	0.001411	0.066145	-0.004597	0.997799	-0.287423	0.957516	0.023464	-0.955517	-0.288343	0.062014
35489	10.148292	0.229620	0.309418	0.075538	0.065829	0.019273	0.066602	-0.004210	0.997771	-0.288118	0.957312	0.023272	-0.955276	-0.289025	0.062546
35490	9.775895	0.211535	0.134255	0.067103	0.055812	0.020317	0.067017	-0.003830	0.997745	-0.288819	0.957106	0.023073	-0.955035	-0.289714	0.063036
35491	9.709493	0.238835	0.127666	0.052587	0.037153	0.014917	0.067208	-0.003572	0.997733	-0.289305	0.956963	0.022914	-0.954875	-0.290189	0.063282
35492	9.709531	0.323129	0.031107	0.029917	0.031527	0.012955	0.067411	-0.003332	0.997720	-0.289646	0.956863	0.022765	-0.954757	-0.290520	0.063538
35493	9.653953	0.326702	0.056041	0.019435	0.038742	0.003470	0.067647	-0.003179	0.997704	-0.289810	0.956815	0.022699	-0.954691	-0.290680	0.063805
35494	9.636492	0.321386	0.043448	0.017366	0.039477	0.001863	0.067959	-0.003022	0.997684	-0.290023	0.956751	0.022653	-0.954604	-0.290891	0.064143
35495	9.682105	0.306563	0.112965	0.044074	0.049582	0.006674	0.068291	-0.002805	0.997662	-0.290413	0.956635	0.022568	-0.954462	-0.291275	0.064515
35496	9.920255	0.329565	0.258105	0.060539	0.059844	0.004856	0.068787	-0.002559	0.997628	-0.291040	0.956446	0.022521	-0.954235	-0.291899	0.065047
35497	9.973279	0.394638	0.333841	0.068616	0.087312	0.021005	0.069431	-0.002102	0.997585	-0.291701	0.956249	0.022317	-0.953986	-0.292546	0.065781
35498	9.573966	0.361258	0.229953	0.073328	0.083286	0.019088	0.070110	-0.001651	0.997538	-0.292460	0.956021	0.022137	-0.953704	-0.293292	0.066544
35499	9.831476	0.387547	0.428416	0.077065	0.072491	0.004157	0.070664	-0.001393	0.997499	-0.293172	0.955804	0.022104	-0.953445	-0.294001	0.067133
35500	9.991149	0.413739	0.512409	0.066906	0.078901	0.002972	0.071348	-0.001109	0.997451	-0.293859	0.955594	0.022082	-0.953182	-0.294685	0.067853
35501	10.051096	0.405617	0.568348	0.040281	0.093560	0.014056	0.072075	-0.000693	0.997399	-0.294221	0.955486	0.021925	-0.953016	-0.295036	0.068663
35502	9.865777	0.258159	0.601290	0.004781	0.102545	0.016360	0.072944	-0.000210	0.997336	-0.294326	0.955458	0.021728	-0.952917	-0.295126	0.069633
35503	9.753441	0.111205	0.629224	-0.013850	0.094096	0.014105	0.073680	0.000206	0.997282	-0.294176	0.955508	0.021537	-0.952907	-0.294964	0.070462
35504	9.755676	0.004533	0.667632	-0.026904	0.082157	0.017453	0.074351	0.000639	0.997232	-0.293980	0.955574	0.021306	-0.952915	-0.294750	0.071236
35505	9.770271	0.009142	0.657187	-0.034671	0.072391	0.020117	0.074856	0.001049	0.997194	-0.293637	0.955686	0.021037	-0.952982	-0.294387	0.071846
35506	9.823422	0.003388	0.608642	-0.040947	0.069308	0.031620	0.075363	0.001580	0.997155	-0.293317	0.955792	0.020654	-0.953040	-0.294039	0.072495
35507	9.751694	-0.018936	0.514761	-0.047379	0.061040	0.035220	0.075721	0.002104	0.997127	-0.292852	0.955944	0.020222	-0.953155	-0.293542	0.073001
35508	9.739765	0.054751	0.472295	-0.056024	0.045888	0.028268	0.076016	0.002533	0.997103	-0.292386	0.956094	0.019862	-0.953274	-0.293049	0.073419
35509	9.730915	0.178435	0.483331	-0.062917	0.047885	0.021721	0.076288	0.002885	0.997082	-0.291780	0.956286	0.019558	-0.953438	-0.292420	0.073795
35510	9.669039	0.339979	0.430096	-0.059564	0.042379	0.018839	0.076577	0.003213	0.997058	-0.291273	0.956445	0.019288	-0.953570	-0.291893	0.074178
35511	9.672535	0.422441	0.368988	-0.064009	0.043274	0.003845	0.076857	0.003382	0.997036	-0.290637	0.956642	0.019159	-0.953742	-0.291248	0.074507
35512	9.703592	0.486684	0.357026	-0.077593	0.035368	-0.008474	0.077159	0.003428	0.997013	-0.289937	0.956854	0.019148	-0.953930	-0.290548	0.074823
35513	9.788833	0.445685	0.284062	-0.095755	0.027941	-0.017418	0.077348	0.003349	0.996999	-0.288976	0.957144	0.019204	-0.954207	-0.289594	0.075001
35514	9.859336	0.311494	0.362747	-0.104680	0.028237	-0.026586	0.077634	0.003200	0.996977	-0.288003	0.957434	0.019353	-0.954477	-0.288635	0.075251
35515	9.887144	0.190352	0.409630	-0.097129	0.025049	-0.021747	0.077807	0.003067	0.996964	-0.287036	0.957722	0.019455	-0.954755	-0.287678	0.075398
35516	10.195047	0.112625	0.511564	-0.063372	0.033359	-0.004275	0.078078	0.003147	0.996942	-0.286474	0.957891	0.019413	-0.954901	-0.287114	0.075692
35517	9.897409	0.077719	0.583616	-0.037571	0.052499	0.021536	0.078394	0.003504	0.996916	-0.286117	0.958004	0.019132	-0.954983	-0.286734	0.076104
35518	9.451873	-0.061121	0.624647	0.001974	0.049371	0.025580	0.078732	0.003915	0.996888	-0.286203	0.957984	0.018841	-0.954929	-0.286796	0.076545
35519	9.623462	0.001742	0.934292	0.036781	0.043996	0.026099	0.078955	0.004294	0.996869	-0.286554	0.957884	0.018570	-0.954805	-0.287123	0.076860
35520	9.762638	0.124940	0.971870	0.048245	0.046373	0.031355	0.079248	0.004752	0.996844	-0.287087	0.957731	0.018258	-0.954621	-0.287627	0.077262
35521	9.770811	0.253479	1.000452	0.039534	0.055631	0.034573	0.079553	0.005244	0.996817	-0.287481	0.957619	0.017905	-0.954477	-0.287991	0.077689
35522	9.874762	0.315201	0.986317	0.017390	0.062172	0.033342	0.079991	0.005767	0.996779	-0.287721	0.957553	0.017550	-0.954368	-0.288198	0.078255
35523	10.024597	0.397003	0.919044	-0.010660	0.057951	0.030408	0.080333	0.006225	0.996749	-0.287635	0.957586	0.017201	-0.954365	-0.288081	0.078716
35524	9.728202	0.483342	0.738499	-0.043478	0.066118	0.030083	0.080818	0.006728	0.996706	-0.287291	0.957695	0.016830	-0.954428	-0.287705	0.079332
35525	9.733115	0.511940	0.694325	-0.077672	0.059256	0.020210	0.081201	0.007094	0.996673	-0.286549	0.957923	0.016527	-0.954618	-0.286937	0.079817
35526	9.709312	0.459786	0.560068	-0.103859	0.047794	0.007502	0.081575	0.007328	0.996640	-0.285610	0.958207	0.016332	-0.954868	-0.285983	0.080259
35527	9.822066	0.397148	0.538541	-0.112037	0.048313	0.000017	0.081911	0.007464	0.996612	-0.284537	0.958528	0.016208	-0.955159	-0.284901	0.080638
35528	9.811287	0.266831	0.485091	-0.126478	0.047049	0.007454	0.082280	0.007694	0.996580	-0.283382	0.958874	0.015994	-0.955471	-0.283729	0.081076
35529	9.760686	0.198199	0.454064	-0.136391	0.043962	0.008071	0.082559	0.007898	0.996555	-0.282058	0.959268	0.015764	-0.955839	-0.282388	0.081424
35530	9.723694	0.138368	0.370208	-0.134218	0.037229	0.010114	0.082827	0.008125	0.996531	-0.280830	0.959632	0.015517	-0.956177	-0.281141	0.081765
35531	9.733517	0.111987	0.406575	-0.127543	0.035994	0.008425	0.083026	0.008310	0.996513	-0.279589	0.959998	0.015289	-0.956523	-0.279883	0.082028
35532	9.801857	0.129447	0.477443	-0.123425	0.041762	0.014848	0.083324	0.008594	0.996485	-0.278467	0.960328	0.015002	-0.956824	-0.278739	0.082412
35533	9.653825	0.025542	0.448452	-0.112183	0.047374	0.012895	0.083617	0.008851	0.996459	-0.277384	0.960646	0.014743	-0.957114	-0.277634	0.082782
35534	9.686730	-0.055819	0.619836	-0.098267	0.053533	0.011830	0.084037	0.009138	0.996421	-0.276501	0.960904	0.014507	-0.957332	-0.276730	0.083279
35535	9.648359	-0.101394	0.676258	-0.083583	0.058796	0.014877	0.084437	0.009443	0.996384	-0.275703	0.961137	0.014255	-0.957527	-0.275910	0.083759
35536	9.641624	-0.186083	0.711521	-0.061567	0.060634	0.016805	0.084912	0.009797	0.996340	-0.275175	0.961292	0.013999	-0.957637	-0.275357	0.084321
35537	9.698901	-0.194710	0.731344	-0.039555	0.060049	0.017679	0.085314	0.010134	0.996303	-0.274793	0.961405	0.013752	-0.957711	-0.274950	0.084806
35538	9.845479	-0.145615	0.750937	-0.018190	0.063029	0.021376	0.085800	0.010538	0.996257	-0.274684	0.961440	0.013486	-0.957699	-0.274813	0.085386
35539	10.032686	-0.107873	0.768465	-0.001612	0.067316	0.020145	0.086260	0.010918	0.996213	-0.274681	0.961444	0.013247	-0.957658	-0.274783	0.085933
35540	10.163708	-0.065352	0.807360	0.007432	0.080746	0.013827	0.086935	0.011298	0.996150	-0.274812	0.961409	0.013079	-0.957560	-0.274891	0.086685
35541	10.018930	-0.019017	0.878040	0.000610	0.097348	0.013611	0.087708	0.011698	0.996078	-0.274823	0.961408	0.012909	-0.957486	-0.274877	0.087538
35542	9.822196	-0.037019	0.878097	-0.000135	0.098237	0.009526	0.088563	0.012085	0.995997	-0.274877	0.961394	0.012777	-0.957392	-0.274909	0.088466
35543	9.712640	-0.044835	0.822918	-0.000363	0.102609	-0.000118	0.089420	0.012370	0.995917	-0.274859	0.961400	0.012737	-0.957317	-0.274876	0.089368
35544	9.654184	-0.038208	0.817936	-0.011561	0.092108	-0.000242	0.090243	0.012646	0.995840	-0.274796	0.961419	0.012693	-0.957258	-0.274798	0.090236
35545	9.693995	0.053918	0.831046	-0.023583	0.088461	-0.004804	0.090972	0.012846	0.995771	-0.274563	0.961485	0.012680	-0.957256	-0.274556	0.090995
35546	9.706642	0.116638	0.774013	-0.033744	0.089778	-0.013946	0.091810	0.012984	0.995692	-0.274275	0.961567	0.012752	-0.957259	-0.274265	0.091843
35547	9.630029	0.121813	0.716577	-0.054258	0.084779	-0.011144	0.092530	0.013113	0.995624	-0.273733	0.961721	0.012773	-0.957345	-0.273717	0.092578
35548	9.546914	0.044217	0.687587	-0.066848	0.073898	-0.014699	0.093218	0.013199	0.995558	-0.273127	0.961893	0.012821	-0.957451	-0.273109	0.093271
35549	9.519637	-0.087853	0.617185	-0.072866	0.070191	-0.019238	0.093815	0.013208	0.995502	-0.272413	0.962094	0.012908	-0.957596	-0.272398	0.093857
35550	9.756470	-0.133373	0.645939	-0.065563	0.063015	-0.024845	0.094427	0.013166	0.995445	-0.271809	0.962263	0.013057	-0.957707	-0.271804	0.094442
35551	9.965103	-0.145964	0.799731	-0.053995	0.076531	-0.041928	0.095151	0.012974	0.995378	-0.271244	0.962418	0.013384	-0.957796	-0.271264	0.095094
35552	10.193975	-0.115672	0.853642	-0.045543	0.093500	-0.045276	0.096110	0.012818	0.995288	-0.270812	0.962534	0.013755	-0.957822	-0.270858	0.095980
35553	10.119146	-0.058962	0.853219	-0.059062	0.115849	-0.047421	0.097222	0.012679	0.995182	-0.270200	0.962700	0.014132	-0.957883	-0.270272	0.097021
35554	9.857807	-0.044886	0.875087	-0.076459	0.129122	-0.048744	0.098531	0.012583	0.995054	-0.269468	0.962900	0.014506	-0.957955	-0.269565	0.098266
35555	9.675598	-0.047986	0.823438	-0.088488	0.120384	-0.061322	0.099719	0.012326	0.994939	-0.268544	0.963151	0.014983	-0.958092	-0.268679	0.099355
35556	9.665360	-0.017057	0.801643	-0.097680	0.101632	-0.068980	0.100819	0.011960	0.994833	-0.267587	0.963408	0.015536	-0.958245	-0.267771	0.100330
35557	9.709586	0.015712	0.690375	-0.104310	0.092879	-0.077339	0.101785	0.011469	0.994740	-0.266508	0.963697	0.016159	-0.958443	-0.266751	0.101147
35558	9.707809	-0.025570	0.643080	-0.102023	0.075604	-0.071385	0.102641	0.011008	0.994658	-0.265505	0.963964	0.016729	-0.958630	-0.265804	0.101865
35559	9.724094	-0.014998	0.667096	-0.092500	0.065717	-0.064669	0.103309	0.010561	0.994593	-0.264575	0.964211	0.017244	-0.958816	-0.264926	0.102406
35560	9.698613	-0.041130	0.636402	-0.085734	0.051363	-0.069327	0.103925	0.010054	0.994534	-0.263729	0.964432	0.017809	-0.958982	-0.264139	0.102881
35561	9.706709	0.043044	0.681257	-0.072361	0.040699	-0.073577	0.104377	0.009461	0.994493	-0.262947	0.964634	0.018420	-0.959148	-0.263422	0.103174
35562	9.698038	0.072732	0.687145	-0.065048	0.038414	-0.077050	0.104889	0.008845	0.994445	-0.262291	0.964800	0.019083	-0.959272	-0.262835	0.103517
35563	9.568842	0.130193	0.767706	-0.060410	0.037999	-0.080360	0.105341	0.008178	0.994403	-0.261618	0.964969	0.019778	-0.959406	-0.262237	0.103790
35564	9.512854	0.138618	0.824812	-0.059094	0.034436	-0.087361	0.105841	0.007451	0.994355	-0.261007	0.965118	0.020550	-0.959517	-0.261709	0.104093
35565	9.595947	0.119553	0.892951	-0.054474	0.032719	-0.094145	0.106274	0.006637	0.994315	-0.260376	0.965270	0.021386	-0.959641	-0.261169	0.104311
35566	9.694757	0.108541	0.943982	-0.048549	0.034899	-0.098845	0.106807	0.005800	0.994263	-0.259854	0.965391	0.022283	-0.959723	-0.260743	0.104617
35567	9.857664	0.074794	0.939701	-0.036649	0.037074	-0.103495	0.107308	0.004908	0.994214	-0.259374	0.965498	0.023229	-0.959797	-0.260366	0.104878
35568	9.995148	0.110311	0.941834	-0.034018	0.037409	-0.108404	0.107889	0.003985	0.994155	-0.258979	0.965579	0.024235	-0.959838	-0.260080	0.105207
35569	10.235769	-0.032023	1.030841	-0.006777	0.036821	-0.109029	0.108402	0.003038	0.994103	-0.258781	0.965605	0.025267	-0.959834	-0.259994	0.105460
35570	10.218429	-0.223635	1.174321	0.061834	0.030738	-0.093171	0.108879	0.002245	0.994052	-0.259322	0.965435	0.026223	-0.959634	-0.260635	0.105698
35571	10.185471	-0.082527	1.621713	0.153725	0.023393	-0.076361	0.109179	0.001573	0.994021	-0.260738	0.965029	0.027111	-0.959216	-0.262139	0.105771
35572	10.210931	0.195167	2.287074	0.235523	0.060771	-0.084981	0.109925	0.000939	0.993939	-0.262952	0.964398	0.028170	-0.958526	-0.264455	0.106259
35573	10.085938	-0.112005	3.055550	0.268475	0.150709	-0.046086	0.111367	0.000906	0.993779	-0.265476	0.963685	0.028872	-0.957664	-0.267040	0.107563
35574	9.515000	-0.564764	3.572225	0.276779	0.204893	-0.003498	0.113278	0.001448	0.993562	-0.268170	0.962930	0.029171	-0.956689	-0.269748	0.109467
35575	10.077907	-0.509728	4.104303	0.337074	0.206072	0.032960	0.115048	0.002337	0.993357	-0.271437	0.962014	0.029174	-0.955555	-0.272990	0.111312
35576	10.816587	-0.053669	4.771583	0.348533	0.319182	0.048275	0.117904	0.003703	0.993018	-0.274870	0.961042	0.029052	-0.954225	-0.276376	0.114329
35577	11.070661	0.434800	5.449185	0.275761	0.524416	0.052956	0.122645	0.005690	0.992434	-0.277555	0.960278	0.028794	-0.952849	-0.278987	0.119353
35578	10.673677	0.744646	6.007769	0.130431	0.770613	0.027163	0.129848	0.008131	0.991501	-0.278880	0.959898	0.028651	-0.951507	-0.280230	0.126908
35579	10.130247	0.859769	6.347124	-0.036498	0.949582	-0.009302	0.138806	0.010723	0.990262	-0.278522	0.960003	0.028645	-0.950347	-0.279785	0.136240
35580	9.876488	0.909286	6.536758	-0.171876	1.053852	-0.034239	0.148851	0.013359	0.988769	-0.276889	0.960473	0.028707	-0.949303	-0.278053	0.146666
35581	10.153624	1.062555	6.526507	-0.300593	1.132649	-0.035180	0.159613	0.016176	0.987047	-0.273993	0.961308	0.028553	-0.948394	-0.275002	0.157869
35582	10.394766	1.359472	6.421962	-0.418626	1.220957	-0.038033	0.171232	0.019168	0.985044	-0.270012	0.962444	0.028209	-0.947509	-0.270804	0.169976
35583	11.010433	1.477443	6.393428	-0.508788	1.289659	-0.031001	0.183453	0.022347	0.982774	-0.265186	0.963803	0.027586	-0.946584	-0.265678	0.182739
35584	11.349178	1.664314	6.052066	-0.495781	1.384550	-0.029579	0.196570	0.025731	0.980152	-0.260491	0.965101	0.026905	-0.945254	-0.260609	0.196412
35585	10.682769	2.037808	5.371483	-0.410749	1.378418	-0.031745	0.209612	0.029006	0.977354	-0.256587	0.966162	0.026356	-0.943518	-0.256301	0.209961
35586	9.832229	2.605945	4.124559	-0.330468	1.203561	-0.046995	0.221019	0.031642	0.974756	-0.253423	0.967004	0.026071	-0.941768	-0.252787	0.221745
35587	9.424976	3.190228	2.725557	-0.356907	0.976893	-0.056655	0.230306	0.033563	0.972539	-0.249965	0.967911	0.025791	-0.940466	-0.249041	0.231305
35588	9.117585	3.572876	1.274352	-0.518930	0.727630	-0.024853	0.237152	0.035142	0.970837	-0.245081	0.969186	0.024785	-0.940050	-0.243811	0.238457
35589	9.341426	3.797886	-0.273698	-0.718399	0.508654	0.039630	0.241803	0.036756	0.969629	-0.238448	0.970891	0.022659	-0.940571	-0.236685	0.243529
35590	10.109589	4.048357	-1.616512	-0.980691	0.465342	0.091809	0.245911	0.038755	0.968517	-0.229495	0.973118	0.019330	-0.941732	-0.227024	0.248194
35591	9.945647	3.368207	-2.377165	-1.284156	0.546497	0.097194	0.250803	0.040903	0.967174	-0.217663	0.975906	0.015171	-0.943250	-0.214323	0.253664
35592	9.324031	2.416069	-2.310056	-1.550681	0.620798	0.023806	0.256558	0.042448	0.965596	-0.203137	0.979089	0.010932	-0.944941	-0.198953	0.259816
35593	8.636885	1.446714	-1.683816	-1.719584	0.658818	-0.068085	0.262871	0.043018	0.963871	-0.186712	0.982389	0.007076	-0.946592	-0.181826	0.266274
35594	8.158381	0.504865	-1.395941	-1.784375	0.641824	-0.123348	0.269116	0.042946	0.962150	-0.169534	0.985518	0.003430	-0.948069	-0.164040	0.272500
35595	7.825301	-0.341346	-1.908698	-1.769081	0.582952	-0.109855	0.274762	0.042748	0.960561	-0.152494	0.988304	-0.000363	-0.949343	-0.146380	0.278068
35596	7.629890	-0.692136	-2.485893	-1.742738	0.451586	-0.053959	0.279076	0.042869	0.959311	-0.135843	0.990719	-0.004754	-0.950612	-0.128989	0.282310
35597	7.758238	-1.420343	-2.820142	-1.703943	0.315010	-0.002489	0.282004	0.043208	0.958440	-0.119663	0.992769	-0.009546	-0.951921	-0.111998	0.285136
35598	7.823818	-2.268213	-2.617187	-1.617292	0.184143	0.058848	0.283640	0.044019	0.957920	-0.104479	0.994418	-0.014760	-0.953222	-0.095896	0.286656
35599	7.849952	-3.415555	-2.147166	-1.422222	0.094736	0.116328	0.284344	0.045251	0.957654	-0.091296	0.995624	-0.019938	-0.954366	-0.081761	0.287231
35600	7.550399	-4.501036	-1.830316	-1.153951	-0.012587	0.182153	0.284015	0.047093	0.957663	-0.080850	0.996412	-0.025020	-0.955405	-0.070321	0.286804
35601	7.737477	-5.763196	-1.493679	-0.829579	-0.080867	0.260155	0.282943	0.049636	0.957852	-0.073726	0.996831	-0.029878	-0.956299	-0.062165	0.285705
35602	8.224144	-6.367425	-1.004370	-0.431546	-0.131500	0.386331	0.281354	0.053446	0.958114	-0.070744	0.996886	-0.034835	-0.956993	-0.057980	0.284259
35603	8.811869	-6.760066	-0.519502	-0.023370	-0.143321	0.572036	0.279465	0.059088	0.958336	-0.072185	0.996573	-0.040395	-0.957439	-0.057888	0.282773
35604	9.049012	-7.160859	0.176884	0.397842	-0.134017	0.771113	0.277551	0.066727	0.958391	-0.078197	0.995844	-0.046689	-0.957523	-0.061985	0.281615
35605	9.459164	-7.147038	1.096205	0.844999	-0.107028	0.927581	0.275632	0.075932	0.958260	-0.088928	0.994614	-0.053234	-0.957141	-0.070543	0.280900
35606	10.080244	-6.361116	2.527495	1.285794	-0.049678	1.042143	0.274098	0.086287	0.957823	-0.104148	0.992773	-0.059631	-0.956046	-0.083410	0.281104
35607	10.585198	-5.125534	4.273208	1.740471	0.055275	1.100910	0.273244	0.097317	0.957009	-0.123881	0.990145	-0.065316	-0.953934	-0.100708	0.282607
35608	10.781904	-3.335187	6.314718	2.174228	0.186099	1.094227	0.273477	0.108375	0.955754	-0.147632	0.986588	-0.069628	-0.950481	-0.122058	0.285809
35609	9.986726	-0.910916	8.314301	2.522918	0.276721	1.048784	0.274286	0.119144	0.954239	-0.174535	0.981983	-0.072440	-0.945677	-0.146678	0.290139
35610	8.517237	1.659343	10.477950	2.657063	0.314271	0.914109	0.275472	0.128630	0.952664	-0.202153	0.976599	-0.073407	-0.939814	-0.172362	0.295028
35611	8.128878	4.505727	12.602195	2.436686	0.430690	0.652612	0.277998	0.135849	0.950927	-0.226885	0.971225	-0.072420	-0.933403	-0.195618	0.300820
35612	7.172580	7.516145	12.346867	1.857813	0.561485	0.256823	0.282560	0.139514	0.949050	-0.244945	0.967062	-0.069235	-0.927449	-0.212902	0.307426
35613	7.034158	9.870378	10.895367	1.034721	0.454651	-0.118664	0.286989	0.139409	0.947735	-0.254264	0.964952	-0.064946	-0.923573	-0.222336	0.312378
35614	7.908441	10.160953	10.044868	0.200287	0.316180	-0.316305	0.290656	0.137091	0.946956	-0.255253	0.964926	-0.061345	-0.922152	-0.223883	0.315454
35615	9.085130	8.809356	8.988301	-0.375123	0.289104	-0.362328	0.294192	0.134259	0.946269	-0.250818	0.966228	-0.059112	-0.922248	-0.219951	0.317931
35616	9.364981	5.737901	7.758049	-0.613894	0.377114	-0.297266	0.298350	0.132230	0.945252	-0.244329	0.967939	-0.058286	-0.922654	-0.213563	0.321093
35617	8.406083	2.626852	5.530165	-0.690939	0.470440	-0.097465	0.302902	0.132278	0.943797	-0.237728	0.969503	-0.059584	-0.922895	-0.206319	0.325110
35618	6.359959	0.022798	2.339550	-0.781473	0.276046	0.177345	0.304979	0.134586	0.942801	-0.231106	0.970833	-0.063829	-0.923893	-0.198420	0.327187
35619	5.559040	-0.924365	-0.389129	-0.844261	-0.179528	0.359117	0.302482	0.137726	0.943152	-0.224446	0.971973	-0.069951	-0.926352	-0.190528	0.324916
35620	7.556693	-0.409206	-2.284566	-0.888076	-0.553230	0.350291	0.296517	0.140130	0.944691	-0.217308	0.973129	-0.076141	-0.929976	-0.182711	0.319001
35621	9.215096	1.056746	-3.873166	-0.879105	-0.667514	0.216324	0.289804	0.141043	0.946636	-0.209823	0.974383	-0.080942	-0.933803	-0.175169	0.311975
35622	9.701647	1.442002	-3.268796	-0.875229	-0.719759	0.158371	0.282687	0.141385	0.948735	-0.202141	0.975646	-0.085165	-0.937671	-0.167703	0.304382
35623	10.393347	0.983566	-1.715489	-0.923227	-0.747203	0.119676	0.275384	0.141321	0.950890	-0.193867	0.976978	-0.089053	-0.941583	-0.159822	0.296441
35624	11.287891	-0.347508	-0.793399	-1.094701	-0.747616	0.074967	0.268132	0.140927	0.953019	-0.183795	0.978556	-0.092992	-0.945687	-0.150226	0.288284
35625	11.777449	-2.769411	0.330758	-1.199906	-0.725490	0.040382	0.261129	0.140257	0.955060	-0.172586	0.980230	-0.096765	-0.949750	-0.139562	0.280173
35626	11.778220	-4.874601	1.212571	-1.070853	-0.738066	0.076447	0.253923	0.140044	0.957032	-0.162647	0.981555	-0.100479	-0.953451	-0.130144	0.272017
35627	11.731468	-5.910562	0.875847	-0.717158	-0.892121	0.188569	0.245037	0.140754	0.959242	-0.156328	0.982195	-0.104189	-0.956827	-0.124426	0.262678
35628	12.255719	-5.670901	0.299054	-0.352696	-1.051190	0.285580	0.234465	0.142295	0.961654	-0.153687	0.982214	-0.107867	-0.959899	-0.122502	0.252164
35629	12.146248	-4.587698	-0.097730	0.028646	-1.048428	0.334802	0.223797	0.144297	0.963895	-0.154799	0.981688	-0.111019	-0.962264	-0.124364	0.242036
35630	10.672139	-2.904932	-0.320718	0.358900	-1.007491	0.380801	0.213441	0.146788	0.965865	-0.159141	0.980667	-0.113870	-0.963907	-0.129405	0.232675
35631	9.590903	-0.378136	-0.031457	0.549538	-1.019722	0.403905	0.202866	0.149405	0.967742	-0.165350	0.979326	-0.116531	-0.965145	-0.136376	0.223376
35632	9.056557	1.730685	0.424036	0.541523	-1.046094	0.364933	0.192093	0.151546	0.969605	-0.171353	0.978007	-0.118912	-0.966301	-0.143303	0.213836
35633	9.123101	2.944562	0.914439	0.359295	-1.113261	0.307496	0.180705	0.152933	0.971574	-0.175461	0.977003	-0.121153	-0.967760	-0.148580	0.203384
35634	9.355025	3.292728	1.495561	0.025947	-1.153626	0.263834	0.169009	0.153817	0.973538	-0.176225	0.976547	-0.123699	-0.969732	-0.150656	0.192152
35635	9.404592	2.439206	1.803380	-0.352769	-1.139242	0.254973	0.157414	0.154592	0.975357	-0.173270	0.976673	-0.126836	-0.972213	-0.149034	0.180528
35636	9.170390	0.661970	1.864689	-0.609508	-1.079672	0.265027	0.146395	0.155627	0.976908	-0.167790	0.977144	-0.130521	-0.974892	-0.144807	0.169161
35637	9.009185	-1.077483	2.073021	-0.695681	-1.010589	0.264420	0.136011	0.156760	0.978227	-0.161412	0.977715	-0.134235	-0.977470	-0.139640	0.158282
35638	8.943754	-2.885913	2.470254	-0.684048	-0.957429	0.226808	0.126226	0.157698	0.979387	-0.155065	0.978284	-0.137536	-0.979807	-0.134508	0.147938
35639	9.045066	-4.683887	2.348059	-0.610705	-0.919792	0.202165	0.116814	0.158448	0.980433	-0.149368	0.978765	-0.140382	-0.981857	-0.130047	0.138000
35640	8.909251	-5.607787	1.969547	-0.424190	-0.894127	0.179015	0.107708	0.159083	0.981372	-0.145451	0.979015	-0.142738	-0.983485	-0.127367	0.128586
35641	8.735685	-5.880091	1.670096	-0.166012	-0.909256	0.161864	0.098444	0.159511	0.982275	-0.144035	0.978960	-0.144538	-0.984664	-0.127253	0.119348
35642	8.946822	-5.561667	1.206959	0.159216	-0.937524	0.136719	0.088955	0.159675	0.983153	-0.145780	0.978524	-0.145733	-0.985310	-0.130360	0.110323
35643	9.461385	-4.428365	0.847092	0.455246	-0.937999	0.112324	0.079461	0.159536	0.983989	-0.150423	0.977726	-0.146374	-0.985423	-0.136384	0.101689
35644	9.385474	-3.112984	0.604832	0.663816	-0.940563	0.090810	0.069999	0.159136	0.984772	-0.157080	0.976636	-0.146656	-0.985102	-0.144422	0.093360
35645	10.099369	-1.759604	0.704810	0.770178	-0.967804	0.083634	0.060248	0.158531	0.985514	-0.164771	0.975343	-0.146822	-0.984490	-0.153539	0.084884
35646	10.336986	-0.626064	0.628489	0.719574	-0.985981	0.078572	0.050355	0.157773	0.986191	-0.171944	0.974069	-0.147054	-0.983819	-0.162165	0.076178
35647	10.289742	-0.091202	0.439112	0.568669	-1.033670	0.080901	0.039964	0.156867	0.986811	-0.177612	0.972987	-0.147477	-0.983289	-0.169375	0.066746
35648	10.115908	-0.088215	0.232574	0.351021	-1.103965	0.075392	0.028918	0.155733	0.987376	-0.181135	0.972252	-0.148043	-0.983033	-0.174568	0.056324
35649	9.835980	-0.465965	-0.076572	0.090903	-1.155999	0.066445	0.017349	0.154361	0.987862	-0.182079	0.971978	-0.148682	-0.983131	-0.177290	0.044969
35650	9.636873	-1.000952	-0.259588	-0.111710	-1.178483	0.028679	0.005652	0.152577	0.988275	-0.181030	0.972118	-0.149047	-0.983461	-0.178065	0.033115
35651	9.618498	-1.547122	-0.316284	-0.227467	-1.164058	-0.012306	-0.005861	0.150401	0.988608	-0.178825	0.972531	-0.149015	-0.983863	-0.177661	0.021195
35652	9.751041	-1.711525	-0.102828	-0.241966	-1.121738	-0.046760	-0.016873	0.147987	0.988845	-0.176494	0.973015	-0.148630	-0.984157	-0.177033	0.009701
35653	9.683436	-1.711991	0.127268	-0.204804	-1.061944	-0.088170	-0.027256	0.145266	0.989017	-0.174530	0.973497	-0.147796	-0.984275	-0.176641	-0.001180
35654	9.605024	-1.488594	0.499692	-0.127783	-0.979480	-0.106457	-0.036768	0.142529	0.989108	-0.173350	0.973862	-0.146776	-0.984174	-0.176858	-0.011099
35655	9.635612	-1.244827	0.874904	-0.081423	-0.904983	-0.113175	-0.045562	0.139839	0.989125	-0.172627	0.974156	-0.145674	-0.983933	-0.177387	-0.020244
35656	9.856818	-1.206796	1.070185	-0.033749	-0.843417	-0.095680	-0.053750	0.137438	0.989051	-0.172386	0.974334	-0.144761	-0.983562	-0.178279	-0.028679
35657	9.720991	-0.833681	1.167810	-0.022832	-0.809754	-0.057564	-0.061694	0.135445	0.988862	-0.172226	0.974444	-0.144215	-0.983124	-0.179205	-0.036791
35658	9.460562	-0.706224	1.115395	-0.071837	-0.812197	-0.039041	-0.069667	0.133638	0.988578	-0.171588	0.974611	-0.143842	-0.982702	-0.179649	-0.044968
35659	9.623170	-0.871593	1.000160	-0.157385	-0.797653	-0.025790	-0.077536	0.131970	0.988217	-0.170092	0.974918	-0.143540	-0.982373	-0.179217	-0.053144
35660	9.477781	-1.107352	0.722019	-0.271366	-0.766756	-0.008556	-0.085110	0.130549	0.987782	-0.167475	0.975400	-0.143343	-0.982196	-0.177629	-0.061153
35661	9.561150	-1.181394	0.583545	-0.384974	-0.737375	-0.022346	-0.092387	0.129047	0.987325	-0.163745	0.976098	-0.142901	-0.982167	-0.174872	-0.069048
35662	9.627314	-1.217125	0.384819	-0.460585	-0.689954	-0.025202	-0.099179	0.127638	0.986850	-0.159286	0.976914	-0.142361	-0.982238	-0.171311	-0.076559
35663	9.774679	-0.952913	0.074925	-0.509722	-0.657150	-0.059142	-0.105609	0.125963	0.986397	-0.154371	0.977843	-0.141398	-0.982352	-0.167204	-0.083824
35664	10.189847	-0.560996	-0.021633	-0.544764	-0.615361	-0.086420	-0.111579	0.124134	0.985972	-0.149154	0.978837	-0.140115	-0.982498	-0.162695	-0.090703
35665	9.733544	-0.182314	-0.238235	-0.604143	-0.583522	-0.079998	-0.117260	0.122431	0.985526	-0.143340	0.979894	-0.138787	-0.982702	-0.157539	-0.097353
35666	8.979649	-0.522143	-0.336110	-0.678765	-0.620144	-0.079744	-0.123299	0.120723	0.984999	-0.136805	0.981028	-0.137361	-0.982895	-0.151689	-0.104444
35667	8.695812	-1.271483	-0.612230	-0.738093	-0.689260	-0.082971	-0.130025	0.118899	0.984356	-0.129684	0.982216	-0.135770	-0.982993	-0.145309	-0.112293
35668	8.676295	-2.113100	-1.038081	-0.756652	-0.761328	-0.086855	-0.137454	0.116997	0.983574	-0.122403	0.983382	-0.134079	-0.982916	-0.138822	-0.120849
35669	9.437482	-2.718059	-1.199173	-0.738530	-0.824899	-0.098432	-0.145504	0.114925	0.982660	-0.115313	0.984491	-0.132214	-0.982615	-0.132552	-0.129995
35670	9.606710	-3.101629	-1.408560	-0.717621	-0.843933	-0.094028	-0.153744	0.112939	0.981635	-0.108443	0.985517	-0.130370	-0.982142	-0.126495	-0.139270
35671	9.647901	-3.197766	-1.280058	-0.678419	-0.859814	-0.103338	-0.162138	0.110879	0.980519	-0.101977	0.986464	-0.128414	-0.981485	-0.120811	-0.148636
35672	9.634317	-3.069150	-0.998454	-0.606259	-0.811744	-0.108693	-0.170048	0.108880	0.979402	-0.096248	0.987290	-0.126468	-0.980724	-0.115771	-0.157407
35673	9.452315	-2.758316	-0.647959	-0.540649	-0.788407	-0.142742	-0.177703	0.106602	0.978293	-0.091229	0.988050	-0.124237	-0.979846	-0.111326	-0.165854
35674	10.212857	-2.002270	-0.151459	-0.520748	-0.737409	-0.185249	-0.184814	0.104001	0.977255	-0.086502	0.988804	-0.121589	-0.978959	-0.107006	-0.173748
35675	10.156716	-1.310290	0.147780	-0.565386	-0.692875	-0.252521	-0.191439	0.100810	0.976314	-0.081479	0.989646	-0.118163	-0.978117	-0.102170	-0.181243
35676	11.277602	-0.705997	0.671246	-0.633269	-0.656081	-0.320088	-0.197654	0.097024	0.975459	-0.075947	0.990583	-0.113917	-0.977325	-0.096600	-0.188424
35677	11.089718	-0.344249	0.907478	-0.737124	-0.573335	-0.342392	-0.203056	0.093127	0.974728	-0.069466	0.991588	-0.109209	-0.976700	-0.089886	-0.194879
35678	10.932984	-0.150566	1.189626	-0.809829	-0.538385	-0.375163	-0.208118	0.088978	0.974048	-0.062367	0.992620	-0.104000	-0.976113	-0.082392	-0.201033
35679	11.546492	0.048921	1.662161	-0.895395	-0.449142	-0.387762	-0.212315	0.084806	0.973514	-0.054478	0.993651	-0.098442	-0.975682	-0.073936	-0.206347
35680	11.435205	-0.093002	1.864657	-0.987638	-0.326967	-0.373607	-0.215369	0.080903	0.973176	-0.045678	0.994637	-0.092796	-0.975464	-0.064438	-0.210518
35681	11.436825	-0.326638	2.069813	-1.071999	-0.215620	-0.365679	-0.217351	0.077166	0.973039	-0.036046	0.995556	-0.087004	-0.975428	-0.053985	-0.213603
35682	11.013216	-0.447032	2.255278	-1.143825	-0.100717	-0.333719	-0.218281	0.073832	0.973089	-0.025651	0.996355	-0.081351	-0.975549	-0.042718	-0.215591
35683	10.355830	-0.534818	2.368903	-1.228843	-0.037256	-0.305986	-0.218598	0.070799	0.973243	-0.014365	0.997023	-0.075755	-0.975709	-0.030541	-0.216931
35684	10.589867	-0.795520	2.317113	-1.357937	0.007725	-0.317477	-0.218547	0.067674	0.973477	-0.001844	0.997562	-0.069762	-0.975825	-0.017042	-0.217889
35685	11.191153	-1.297714	2.178002	-1.521861	0.086894	-0.367917	-0.217720	0.064043	0.973908	0.012170	0.997945	-0.062903	-0.975935	-0.001843	-0.218052
35686	12.012497	-1.848168	2.188844	-1.643795	0.185775	-0.422810	-0.216039	0.059852	0.974549	0.027260	0.998100	-0.055255	-0.976004	0.014629	-0.217260
35687	12.860992	-2.542178	2.795146	-1.629394	0.360805	-0.496647	-0.212678	0.054848	0.975582	0.042064	0.998012	-0.046939	-0.976217	0.031054	-0.214562
35688	13.057259	-2.765627	3.688763	-1.488993	0.577909	-0.553822	-0.207352	0.049141	0.977031	0.055405	0.997724	-0.038424	-0.976696	0.046165	-0.209603
35689	13.096195	-2.570837	5.221874	-1.273927	0.858139	-0.557203	-0.199278	0.043172	0.978992	0.066681	0.997311	-0.030406	-0.977672	0.059221	-0.201621
35690	11.743777	-1.943730	6.410844	-1.067502	1.124853	-0.532831	-0.188699	0.037175	0.981331	0.076055	0.996835	-0.023137	-0.979085	0.070269	-0.190929
35691	10.379143	-0.778397	6.621869	-0.967123	1.340770	-0.478299	-0.175894	0.031444	0.983907	0.084619	0.996273	-0.016712	-0.980766	0.080318	-0.177899
35692	10.048973	0.652604	5.746869	-0.865315	1.453693	-0.448108	-0.162066	0.025793	0.986443	0.092318	0.995670	-0.010867	-0.982452	0.089305	-0.163746
35693	9.185819	2.561821	3.292224	-0.801787	1.507746	-0.430596	-0.147581	0.020143	0.988845	0.099494	0.995023	-0.005420	-0.984033	0.097584	-0.148851
35694	9.729912	3.683651	0.505465	-0.832956	1.551180	-0.525105	-0.132894	0.013386	0.991040	0.106920	0.994267	0.000908	-0.985346	0.106083	-0.133564
35695	11.382971	3.431280	-1.930747	-1.156236	1.702326	-0.644937	-0.116756	0.005109	0.993148	0.117478	0.993037	0.008702	-0.986188	0.117689	-0.116543
35696	12.651990	0.705297	-3.074329	-1.671913	1.907566	-0.725860	-0.098897	-0.004448	0.995088	0.133143	0.990939	0.017662	-0.986150	0.134235	-0.097409
35697	12.052495	-2.786000	-3.893318	-1.898405	2.039320	-0.714802	-0.079732	-0.014416	0.996712	0.151185	0.988153	0.026386	-0.985285	0.152792	-0.076608
35698	9.650134	-6.580746	-3.945426	-1.714065	1.956176	-0.580699	-0.061439	-0.023248	0.997840	0.167611	0.985291	0.033276	-0.983937	0.169293	-0.056639
35699	9.096302	-10.686149	-3.543613	-1.032382	1.631006	-0.338869	-0.045911	-0.029375	0.998514	0.177543	0.983414	0.037094	-0.983042	0.178982	-0.039934
35700	10.255314	-13.321222	-3.446185	-0.116471	1.333533	-0.017487	-0.032873	-0.031890	0.998951	0.178637	0.983209	0.037266	-0.983366	0.179675	-0.026624
35701	11.463153	-14.157669	-3.810751	0.938160	1.157539	0.302272	-0.020883	-0.030855	0.999306	0.169426	0.984958	0.033952	-0.985322	0.170017	-0.015342
35702	12.090151	-12.861324	-5.201775	1.939131	1.126891	0.609325	-0.008830	-0.026600	0.999607	0.150332	0.988249	0.027626	-0.988596	0.150517	-0.004727
35703	11.793967	-10.109407	-5.699158	2.705903	1.178985	0.807696	0.004016	-0.020093	0.999790	0.123470	0.992158	0.019444	-0.992340	0.123366	0.006465
35704	11.060945	-7.182895	-4.644954	3.392967	1.207083	0.908033	0.016938	-0.012304	0.999781	0.089595	0.995920	0.010739	-0.995834	0.089394	0.017971
35705	11.030791	-4.065190	-3.259106	3.952114	1.216203	0.900996	0.029741	-0.004016	0.999550	0.049879	0.998752	0.002529	-0.998312	0.049782	0.029904
35706	11.447091	-0.865640	-2.334680	4.201554	1.228651	0.840989	0.042205	0.004079	0.999101	0.007562	0.999962	-0.004402	-0.999080	0.007741	0.042173
35707	11.617951	1.619413	-2.250524	4.067780	1.247805	0.775346	0.054599	0.012139	0.998435	-0.033537	0.999384	-0.010316	-0.997945	-0.032921	0.054972
35708	11.482511	4.063666	-2.846744	3.607698	1.190345	0.718788	0.066039	0.019960	0.997617	-0.069979	0.997431	-0.015324	-0.995360	-0.068801	0.067266
35709	11.078736	5.924760	-2.069653	3.051695	1.097861	0.536699	0.076511	0.026366	0.996720	-0.100784	0.994735	-0.018577	-0.991962	-0.099032	0.078765
35710	11.587721	6.980154	-0.511202	2.518020	1.075711	0.330398	0.086733	0.030881	0.995753	-0.126035	0.991829	-0.019782	-0.988227	-0.123784	0.089916
35711	11.311822	7.205351	0.726247	1.976893	1.071220	0.138777	0.097124	0.033801	0.994698	-0.145751	0.989132	-0.019381	-0.984542	-0.143096	0.100995
35712	11.037059	6.891778	1.019433	1.397524	1.092423	0.037725	0.107748	0.035844	0.993532	-0.159576	0.987016	-0.018303	-0.981288	-0.156571	0.112069
35713	10.190907	5.786666	0.941503	0.846402	1.113128	0.010011	0.118654	0.037822	0.992215	-0.167959	0.985639	-0.017486	-0.978627	-0.164577	0.123303
35714	9.515383	4.349345	0.853050	0.416158	1.136331	0.034197	0.129648	0.040082	0.990750	-0.172120	0.984924	-0.017323	-0.976507	-0.168282	0.134593
35715	9.122044	2.926344	0.631125	0.152797	1.167392	0.067855	0.140934	0.042798	0.989093	-0.173774	0.984624	-0.017844	-0.974649	-0.169364	0.146204
35716	8.925864	1.768519	0.311151	0.060967	1.211168	0.103552	0.152491	0.045901	0.987238	-0.174571	0.984465	-0.018808	-0.972765	-0.169475	0.158135
35717	9.076999	0.971466	0.108509	0.077892	1.247287	0.152809	0.164356	0.049590	0.985154	-0.175639	0.984247	-0.020242	-0.970638	-0.169704	0.170476
35718	9.443745	0.495166	-0.014274	0.115858	1.308337	0.210125	0.176612	0.053913	0.982803	-0.177172	0.983931	-0.022137	-0.968204	-0.170215	0.183326
35719	9.781768	0.067985	0.115685	0.084978	1.367903	0.280716	0.189347	0.059069	0.980132	-0.178575	0.983614	-0.024781	-0.965535	-0.170335	0.196793
35720	10.248153	-0.217365	0.265053	-0.017274	1.441933	0.365845	0.202539	0.065148	0.977105	-0.179178	0.983406	-0.028427	-0.962743	-0.169318	0.210851
35721	10.567154	-0.391033	0.496809	-0.193705	1.535932	0.443028	0.216515	0.072147	0.973610	-0.178313	0.983413	-0.033219	-0.959857	-0.166414	0.225788
35722	10.373388	-0.694865	0.702282	-0.350300	1.643698	0.507746	0.231312	0.079870	0.969596	-0.176146	0.983591	-0.039000	-0.956801	-0.161769	0.241585
35723	9.839152	-0.766482	0.996619	-0.459379	1.734725	0.545400	0.246926	0.088054	0.965026	-0.173132	0.983848	-0.045471	-0.953443	-0.155849	0.258182
35724	9.192687	-0.809740	1.374679	-0.538233	1.782509	0.587048	0.262828	0.096580	0.959997	-0.169560	0.984116	-0.052584	-0.949827	-0.148957	0.275029
35725	8.356285	-0.809447	1.726726	-0.539371	1.772136	0.641715	0.278542	0.105537	0.954608	-0.166256	0.984237	-0.060302	-0.945925	-0.141912	0.291697
35726	7.512753	-0.811355	1.901999	-0.495845	1.683451	0.692774	0.293236	0.114722	0.949132	-0.163611	0.984150	-0.068407	-0.941936	-0.135229	0.307358
35727	6.743731	-0.814280	1.911376	-0.446468	1.529982	0.714501	0.306447	0.123840	0.943798	-0.161629	0.983873	-0.076619	-0.938065	-0.129066	0.321521
35728	6.057891	-0.695449	1.637512	-0.418317	1.306611	0.699665	0.317503	0.132406	0.938968	-0.159951	0.983493	-0.084599	-0.934670	-0.123328	0.333440
35729	5.808588	-0.629838	1.295432	-0.418445	1.086330	0.646900	0.326601	0.140143	0.934715	-0.158203	0.983100	-0.092120	-0.931828	-0.117788	0.343253
35730	5.758277	-0.771659	1.065601	-0.381109	0.901024	0.587974	0.334007	0.146995	0.931038	-0.156654	0.982684	-0.098950	-0.929461	-0.112801	0.351251
