// General information: 
//  MT Manager version: 2022.2.0 
//  XDA version: 2022.2.0 build 7381 rev 124627 built on 2023-07-19
// Device information: 
//  DeviceId: 00B4CB9F
//  ProductCode: MTW2-3A7G6
//  Firmware Version: 4.6.0
//  Hardware Version: 2.0.0
// Device settings: 
//  Filter Profile: human(46.1)
//  Option Flags: Orientation Smoother Disabled, Position/Velocity Smoother Disabled, Continuous Zero Rotation Update Disabled, AHS Disabled, ICC Disabled
// Coordinate system: ENU
PacketCounter	Acc_X	Acc_Y	Acc_Z	Gyr_X	Gyr_Y	Gyr_Z	Mat[1][1]	Mat[2][1]	Mat[3][1]	Mat[1][2]	Mat[2][2]	Mat[3][2]	Mat[1][3]	Mat[2][3]	Mat[3][3]
55255	9.744107	0.750571	-0.398313	-0.015497	0.032164	-0.013593	-0.005341	0.095328	0.995432	0.714787	-0.695783	0.070467	0.699322	0.711898	-0.064423
55256	9.747851	0.726690	-0.443458	-0.014727	0.027815	-0.016218	-0.005594	0.095246	0.995438	0.714718	-0.695841	0.070597	0.699391	0.711852	-0.064181
55257	9.769259	0.625648	-0.545460	-0.010130	0.030801	-0.020055	-0.005895	0.095174	0.995443	0.714678	-0.695865	0.070764	0.699429	0.711838	-0.063917
55258	9.715951	0.524391	-0.628272	0.002938	0.032916	-0.016984	-0.006188	0.095063	0.995452	0.714726	-0.695802	0.070891	0.699377	0.711914	-0.063638
55259	9.708400	0.515138	-0.781801	0.024097	0.014699	-0.015325	-0.006342	0.095073	0.995450	0.714926	-0.695587	0.070989	0.699171	0.712123	-0.063559
55260	9.686243	0.551044	-0.962478	0.041911	-0.000278	-0.003192	-0.006305	0.095102	0.995448	0.715249	-0.695259	0.070953	0.698841	0.712440	-0.063638
55261	9.732537	0.648622	-0.999351	0.047281	-0.014552	0.010566	-0.006069	0.095140	0.995445	0.715612	-0.694903	0.070779	0.698472	0.712782	-0.063866
55262	9.749042	0.802059	-0.871295	0.035603	-0.018193	0.009565	-0.005815	0.095209	0.995440	0.715890	-0.694633	0.070620	0.698189	0.713036	-0.064119
55263	9.816913	0.857629	-0.762313	0.011672	-0.024664	0.019408	-0.005446	0.095258	0.995438	0.716004	-0.694539	0.070381	0.698075	0.713121	-0.064423
55264	9.771189	0.763833	-0.694306	-0.038324	-0.017682	0.013918	-0.005163	0.095291	0.995436	0.715770	-0.694797	0.070224	0.698318	0.712865	-0.064619
55265	9.739430	0.710050	-0.633049	-0.053908	-0.018611	0.007683	-0.004920	0.095378	0.995429	0.715425	-0.695159	0.070143	0.698672	0.712500	-0.064816
55266	9.721618	0.696381	-0.578851	-0.049265	-0.013911	-0.004414	-0.004799	0.095512	0.995417	0.715116	-0.695474	0.070180	0.698989	0.712175	-0.064965
55267	9.806461	0.670796	-0.559491	-0.042515	-0.016788	-0.008811	-0.004686	0.095701	0.995399	0.714850	-0.695739	0.070256	0.699262	0.711891	-0.065152
55268	9.855323	0.702885	-0.461553	-0.039449	-0.005117	-0.007392	-0.004642	0.095794	0.995390	0.714600	-0.695990	0.070313	0.699518	0.711633	-0.065223
55269	9.838343	0.787021	-0.370345	-0.029285	0.007779	-0.003890	-0.004666	0.095774	0.995392	0.714427	-0.696166	0.070332	0.699694	0.711464	-0.065175
55270	9.776846	0.820374	-0.391353	-0.034624	0.009696	-0.000172	-0.004679	0.095709	0.995398	0.714224	-0.696376	0.070315	0.699901	0.711267	-0.065099
55271	9.720387	0.749029	-0.393411	-0.043468	0.020134	-0.003458	-0.004786	0.095597	0.995409	0.713952	-0.696653	0.070338	0.700178	0.711010	-0.064918
55272	9.633294	0.575729	-0.517170	-0.050437	0.010578	-0.007358	-0.004854	0.095577	0.995410	0.713632	-0.696974	0.070402	0.700503	0.710699	-0.064823
55273	9.615959	0.508072	-0.679474	-0.027204	-0.002850	-0.015489	-0.004887	0.095713	0.995397	0.713473	-0.697123	0.070535	0.700665	0.710534	-0.064882
55274	9.661371	0.511166	-0.751931	0.002091	-0.024259	-0.021717	-0.004812	0.096040	0.995366	0.713518	-0.697060	0.070707	0.700620	0.710552	-0.065172
55275	9.681108	0.490255	-0.926525	0.019984	-0.035767	-0.026137	-0.004690	0.096484	0.995323	0.713689	-0.696863	0.070915	0.700447	0.710684	-0.065592
55276	9.731174	0.480169	-0.982973	0.043797	-0.063504	-0.023164	-0.004350	0.097102	0.995265	0.714021	-0.696507	0.071074	0.700110	0.710950	-0.066303
55277	9.673956	0.501863	-0.991753	0.046887	-0.066089	-0.029079	-0.004036	0.097782	0.995200	0.714381	-0.696116	0.071294	0.699746	0.711239	-0.067044
55278	9.752971	0.582127	-0.997055	0.053729	-0.080197	-0.021524	-0.003570	0.098507	0.995130	0.714786	-0.695686	0.071430	0.699334	0.711560	-0.067928
55279	9.432662	0.507749	-0.792237	0.074026	-0.086939	-0.009937	-0.002975	0.099203	0.995063	0.715335	-0.695120	0.071439	0.698775	0.712016	-0.068895
55280	9.269353	0.396869	-0.322420	0.042743	-0.113106	-0.015902	-0.002238	0.100124	0.994972	0.715659	-0.694777	0.071526	0.698446	0.712221	-0.070100
55281	9.978998	0.600129	0.071535	-0.015106	-0.072632	0.018754	-0.001539	0.100519	0.994934	0.715586	-0.694875	0.071311	0.698523	0.712071	-0.070861
55282	10.541638	0.944537	0.397822	-0.081486	0.032162	0.045545	-0.001378	0.099978	0.994989	0.715048	-0.695474	0.070872	0.699074	0.711562	-0.070531
55283	10.575616	1.010038	0.446158	-0.112951	0.122265	0.054182	-0.001787	0.098739	0.995112	0.714291	-0.696302	0.070373	0.699847	0.710925	-0.069284
55284	10.191007	0.792662	0.297407	-0.062672	0.159472	0.032990	-0.002612	0.097379	0.995244	0.713889	-0.696747	0.070046	0.700254	0.710676	-0.067698
55285	9.852099	0.616954	-0.138774	0.029311	0.171529	-0.015344	-0.003864	0.096274	0.995347	0.714126	-0.696495	0.070140	0.700007	0.711074	-0.066061
55286	9.607417	0.313441	-0.871203	0.115874	0.148184	-0.066335	-0.005318	0.095683	0.995398	0.714972	-0.695571	0.070682	0.699133	0.712057	-0.064712
55287	9.493054	-0.099068	-2.046784	0.211621	0.081112	-0.113878	-0.006641	0.095904	0.995368	0.716475	-0.693924	0.071640	0.697581	0.713633	-0.064104
55288	9.430048	-0.278649	-2.992391	0.331220	-0.033667	-0.104915	-0.007102	0.096873	0.995271	0.718814	-0.691419	0.072427	0.695166	0.715930	-0.064723
55289	9.308329	-0.124083	-3.341611	0.465919	-0.119111	-0.052802	-0.006598	0.098100	0.995155	0.722074	-0.687995	0.072608	0.691785	0.719054	-0.066296
55290	8.892030	0.346520	-2.930219	0.553305	-0.198868	0.037688	-0.004893	0.099279	0.995048	0.725925	-0.684014	0.071816	0.687756	0.722682	-0.068723
55291	8.869775	1.244830	-2.112512	0.553629	-0.279019	0.131545	-0.001964	0.100412	0.994944	0.729758	-0.680105	0.070079	0.683703	0.726206	-0.071941
55292	8.955618	2.125160	-1.378853	0.442759	-0.338769	0.213571	0.001971	0.101433	0.994840	0.732811	-0.677068	0.067581	0.680430	0.728897	-0.075665
55293	9.415100	2.723819	-0.872063	0.227035	-0.386377	0.266590	0.006610	0.102458	0.994715	0.734373	-0.675654	0.064714	0.678714	0.730064	-0.079708
55294	10.045313	2.999215	-0.377185	-0.034307	-0.378307	0.308988	0.011509	0.103138	0.994601	0.734139	-0.676197	0.061625	0.678902	0.729466	-0.083499
55295	10.369431	2.802191	0.055142	-0.289686	-0.318289	0.292332	0.015874	0.103485	0.994504	0.732160	-0.678579	0.058924	0.680948	0.727201	-0.086539
55296	10.416109	2.249844	0.579755	-0.451096	-0.241250	0.223808	0.019214	0.103718	0.994421	0.729077	-0.682049	0.057051	0.684162	0.723914	-0.088724
55297	10.512834	1.784001	1.091887	-0.515725	-0.157307	0.143187	0.021393	0.103884	0.994359	0.725541	-0.685893	0.056048	0.687846	0.720249	-0.090045
55298	10.667616	1.556397	1.299360	-0.539915	-0.046676	0.052259	0.022152	0.103865	0.994345	0.721837	-0.689796	0.055972	0.691708	0.716515	-0.090254
55299	10.584533	1.426011	1.158913	-0.537408	0.063457	-0.017736	0.021643	0.103542	0.994390	0.718144	-0.693589	0.056591	0.695557	0.712891	-0.089369
55300	10.426609	1.393854	1.050211	-0.531103	0.165808	-0.035366	0.020289	0.102614	0.994514	0.714480	-0.697300	0.057372	0.699362	0.709396	-0.087463
55301	9.937369	1.288946	1.292935	-0.467943	0.267532	-0.015507	0.018361	0.100837	0.994734	0.711233	-0.700568	0.057889	0.702716	0.706425	-0.084581
55302	9.296105	1.066420	1.195177	-0.392327	0.301745	0.010257	0.016366	0.098639	0.994989	0.708503	-0.703314	0.058070	0.705518	0.704003	-0.081397
55303	8.965686	0.412888	0.677414	-0.261260	0.256205	0.049134	0.014962	0.096499	0.995221	0.706682	-0.705171	0.057751	0.707373	0.702440	-0.078745
55304	9.046327	-0.199860	-0.327494	-0.105664	0.164466	0.098971	0.014552	0.094650	0.995404	0.705949	-0.705981	0.056809	0.708113	0.701878	-0.077092
55305	9.194496	-0.535551	-1.162005	0.099668	0.062222	0.163007	0.015321	0.093070	0.995542	0.706662	-0.705405	0.055071	0.707386	0.702667	-0.076577
55306	9.470382	-0.047981	-1.758919	0.307635	-0.014888	0.220418	0.017042	0.091628	0.995647	0.708824	-0.703422	0.052602	0.705180	0.704842	-0.076936
55307	9.780319	1.047235	-1.821160	0.422190	-0.050781	0.266273	0.019349	0.090125	0.995743	0.711778	-0.700653	0.049585	0.702138	0.707788	-0.077706
55308	10.042936	2.481672	-1.126670	0.334998	-0.033714	0.297840	0.021762	0.088284	0.995858	0.714098	-0.698511	0.046319	0.699707	0.710132	-0.078245
55309	10.271416	3.840133	0.038257	0.046089	0.010548	0.298145	0.023876	0.086134	0.995997	0.714384	-0.698415	0.043274	0.699347	0.710491	-0.078208
55310	10.899859	4.619162	1.482518	-0.328064	0.091664	0.317922	0.025553	0.083265	0.996200	0.712040	-0.700980	0.040326	0.701673	0.708304	-0.077200
55311	11.697972	4.439857	3.151460	-0.709864	0.288143	0.336848	0.025972	0.078868	0.996547	0.706986	-0.706235	0.037467	0.706751	0.703571	-0.074101
55312	11.784914	3.364766	4.973581	-0.960390	0.639560	0.264084	0.023338	0.072518	0.997094	0.700136	-0.713128	0.035477	0.713628	0.697273	-0.067415
55313	11.690706	2.238093	6.659102	-1.033015	1.051040	0.162911	0.016992	0.064062	0.997801	0.692725	-0.720378	0.034454	0.721002	0.690616	-0.056618
55314	10.803357	1.522315	7.339359	-0.970430	1.448744	0.120544	0.007375	0.053230	0.998555	0.685716	-0.727089	0.033695	0.727832	0.684477	-0.041863
55315	9.945664	0.835133	7.159198	-0.893019	1.686923	0.150737	-0.003868	0.040636	0.999167	0.679220	-0.733218	0.032449	0.733925	0.678779	-0.024765
55316	9.847019	0.103844	6.651066	-0.804276	1.792060	0.216368	-0.015566	0.026926	0.999516	0.673352	-0.738697	0.030386	0.739158	0.673500	-0.006632
55317	10.520000	-0.342332	6.382178	-0.756771	1.851789	0.297753	-0.027242	0.012299	0.999553	0.667839	-0.743803	0.027354	0.743807	0.668286	0.012049
55318	11.602259	-0.563301	5.983798	-0.753994	1.910799	0.419113	-0.038677	-0.003538	0.999245	0.662376	-0.748818	0.022987	0.748172	0.662766	0.031306
55319	12.310071	-0.817485	5.449141	-0.787663	1.989145	0.521162	-0.050106	-0.020574	0.998532	0.656734	-0.753921	0.017421	0.752456	0.656642	0.051288
55320	12.948314	-1.043004	4.993400	-0.770414	2.092439	0.614237	-0.061850	-0.038884	0.997328	0.651291	-0.758751	0.010808	0.756303	0.650219	0.072253
55321	12.928303	-0.961380	4.630035	-0.663759	2.214246	0.644940	-0.074383	-0.058118	0.995535	0.646738	-0.762703	0.003796	0.759077	0.644132	0.094320
55322	13.228383	-0.656029	4.733094	-0.547150	2.330366	0.599111	-0.088217	-0.077633	0.993071	0.643098	-0.765779	-0.002737	0.760686	0.638401	0.117480
55323	13.222181	-0.295215	4.344298	-0.505927	2.443744	0.510227	-0.103486	-0.097074	0.989882	0.639775	-0.768516	-0.008481	0.761564	0.632424	0.141636
55324	12.707772	-0.103304	3.072908	-0.533976	2.478693	0.380395	-0.119915	-0.115592	0.986032	0.636160	-0.771446	-0.013070	0.762181	0.625707	0.166043
55325	12.623381	0.019977	1.742252	-0.644144	2.438825	0.267994	-0.136759	-0.132827	0.981659	0.631631	-0.775085	-0.016880	0.763112	0.617737	0.189897
55326	13.343386	0.250276	1.043668	-0.676711	2.426427	0.219402	-0.153865	-0.149426	0.976728	0.626821	-0.778896	-0.020417	0.763820	0.609092	0.213508
55327	13.569523	0.258762	1.047935	-0.676825	2.529458	0.201965	-0.171868	-0.166294	0.970983	0.622020	-0.782635	-0.023936	0.763906	0.599857	0.237948
55328	13.211699	0.397399	1.348971	-0.641574	2.638524	0.171540	-0.190912	-0.183352	0.964331	0.617473	-0.786121	-0.027225	0.763073	0.590251	0.263295
55329	12.422407	0.743261	0.733835	-0.596969	2.672336	0.122757	-0.210469	-0.199964	0.956931	0.613211	-0.789347	-0.030075	0.761364	0.580471	0.288753
55330	12.139579	0.759466	-0.088757	-0.539026	2.634811	0.046049	-0.230175	-0.215508	0.948987	0.609257	-0.792321	-0.032156	0.758832	0.570775	0.313672
55331	11.766701	0.791380	-0.761326	-0.495338	2.605700	-0.053585	-0.250175	-0.229832	0.940526	0.605420	-0.795210	-0.033283	0.755565	0.561087	0.338087
55332	10.824229	0.536081	-0.935859	-0.437666	2.557638	-0.148213	-0.270303	-0.242892	0.931633	0.601779	-0.797962	-0.033442	0.751530	0.551598	0.361859
55333	9.755328	0.787190	-0.620965	-0.321098	2.463920	-0.176060	-0.289760	-0.254974	0.922511	0.598925	-0.800124	-0.033025	0.746544	0.542946	0.384554
55334	8.614580	0.693741	-0.335493	-0.254960	2.312101	-0.132313	-0.307708	-0.266385	0.913430	0.596678	-0.801809	-0.032830	0.741142	0.534921	0.405669
55335	7.699219	0.090105	0.160350	-0.271687	2.108415	-0.074578	-0.323670	-0.276987	0.904719	0.594480	-0.803421	-0.033294	0.736091	0.527061	0.424707
55336	7.407210	-0.565737	0.836014	-0.273500	1.885543	-0.041052	-0.337707	-0.286534	0.896578	0.592382	-0.804934	-0.034118	0.731462	0.519595	0.441570
55337	7.466519	-0.841080	1.286604	-0.236177	1.681222	-0.034154	-0.350115	-0.294944	0.889060	0.590588	-0.806219	-0.034886	0.727066	0.512855	0.456459
55338	7.440793	-0.440446	1.377747	-0.212335	1.517810	-0.076389	-0.361526	-0.302074	0.882072	0.588822	-0.807496	-0.035200	0.722902	0.506658	0.469798
55339	6.810822	0.095633	1.321963	-0.204923	1.364313	-0.172344	-0.372321	-0.307560	0.875662	0.586759	-0.809019	-0.034671	0.719091	0.500894	0.481678
55340	6.306340	0.741191	1.435116	-0.223153	1.188254	-0.269143	-0.382378	-0.311310	0.869985	0.584188	-0.810930	-0.033414	0.715899	0.495457	0.491946
55341	6.075006	1.517591	1.560279	-0.345681	1.065354	-0.327499	-0.391847	-0.313902	0.864825	0.580495	-0.813623	-0.032298	0.713779	0.489371	0.501034
55342	5.689736	2.017883	1.586020	-0.569969	0.965867	-0.388605	-0.400940	-0.315432	0.860087	0.574934	-0.817580	-0.031831	0.713231	0.481732	0.509153
55343	5.382645	2.111065	1.881207	-0.809381	0.872555	-0.446718	-0.409666	-0.315938	0.855779	0.567394	-0.822818	-0.032156	0.714310	0.472391	0.516342
55344	5.275210	1.957190	2.071681	-1.025510	0.761617	-0.478692	-0.417766	-0.315551	0.851997	0.558122	-0.829087	-0.033398	0.716918	0.461566	0.522480
55345	5.413188	1.370583	2.108847	-1.184804	0.651026	-0.477023	-0.425030	-0.314555	0.848767	0.547643	-0.835956	-0.035568	0.720720	0.449703	0.527570
55346	5.796440	0.631062	2.177898	-1.211767	0.557598	-0.454240	-0.431481	-0.313227	0.845998	0.536986	-0.842728	-0.038139	0.724893	0.437833	0.531820
55347	6.340456	-0.038043	2.423150	-1.097355	0.494072	-0.430930	-0.437312	-0.311729	0.843554	0.527188	-0.848790	-0.040361	0.728582	0.427061	0.535525
55348	6.782620	-0.488292	2.833747	-0.881206	0.471028	-0.448440	-0.443052	-0.309913	0.841225	0.518831	-0.853878	-0.041320	0.731108	0.418147	0.539105
55349	6.927869	-0.735134	3.390447	-0.617574	0.473417	-0.510176	-0.449093	-0.307522	0.838896	0.512086	-0.857984	-0.040380	0.732177	0.411453	0.542792
55350	6.731960	-0.892543	4.013390	-0.346180	0.474363	-0.601960	-0.455588	-0.304301	0.836564	0.506879	-0.861213	-0.037224	0.731788	0.407078	0.546602
55351	6.397480	-1.013461	4.603898	-0.088612	0.434181	-0.686626	-0.462178	-0.300155	0.834445	0.503130	-0.863619	-0.031978	0.730241	0.405055	0.550162
55352	5.852042	-1.116683	4.974508	0.147066	0.352211	-0.747538	-0.468455	-0.295133	0.832735	0.500773	-0.865219	-0.024936	0.727858	0.405330	0.553111
55353	5.378400	-1.208951	4.958558	0.338584	0.221793	-0.767230	-0.473852	-0.289405	0.831690	0.499668	-0.866056	-0.016680	0.725118	0.407665	0.554989
55354	4.911741	-1.270894	4.723244	0.473152	0.059440	-0.765640	-0.478065	-0.283030	0.831474	0.499498	-0.866281	-0.007686	0.722465	0.411645	0.555511
55355	4.624218	-1.445829	4.332998	0.577988	-0.123418	-0.761804	-0.480930	-0.275932	0.832206	0.500064	-0.865986	0.001854	0.720168	0.417048	0.554463
55356	4.738632	-1.692327	4.020624	0.690327	-0.275076	-0.759677	-0.482714	-0.268213	0.833696	0.501417	-0.865122	0.011999	0.718031	0.423822	0.552093
55357	4.780596	-1.663328	4.301609	0.770397	-0.360938	-0.767011	-0.483928	-0.260051	0.835576	0.503284	-0.863825	0.022637	0.715904	0.431487	0.548908
55358	4.695010	-1.089067	5.271737	0.806265	-0.420892	-0.791177	-0.484866	-0.251402	0.837676	0.505264	-0.862308	0.033664	0.713872	0.439570	0.545129
55359	4.861834	-0.420697	6.455364	0.863713	-0.495748	-0.818464	-0.485425	-0.242162	0.840071	0.507501	-0.860464	0.045213	0.711902	0.448285	0.540588
55360	5.306706	0.336025	7.478645	0.870317	-0.598336	-0.878074	-0.485594	-0.231918	0.842860	0.509475	-0.858577	0.057279	0.710376	0.457231	0.535076
55361	5.871997	1.050796	8.089046	0.809506	-0.684456	-0.979166	-0.485677	-0.220370	0.845905	0.510517	-0.857026	0.069847	0.709571	0.465772	0.528740
55362	6.732904	2.032616	8.444559	0.721670	-0.719459	-1.097475	-0.486134	-0.207604	0.848867	0.510353	-0.855957	0.082934	0.709376	0.473538	0.522061
55363	7.545894	2.833218	8.837588	0.586917	-0.701793	-1.205371	-0.487244	-0.193951	0.851455	0.508701	-0.855550	0.096220	0.709800	0.480018	0.515525
55364	8.210895	3.140422	9.054307	0.386992	-0.695820	-1.283117	-0.488767	-0.179626	0.853722	0.505236	-0.856052	0.109137	0.711227	0.484674	0.509164
55365	8.950882	2.826080	8.912357	0.182444	-0.741099	-1.301974	-0.489980	-0.164878	0.855999	0.500214	-0.857380	0.121183	0.713936	0.487560	0.502573
55366	9.341319	2.266434	8.851762	0.020920	-0.837347	-1.231224	-0.490072	-0.150233	0.858638	0.494378	-0.859191	0.131838	0.717928	0.489102	0.495337
55367	8.952689	2.097501	8.528715	-0.236198	-0.992329	-1.114965	-0.488339	-0.135796	0.862024	0.487271	-0.861913	0.140262	0.723942	0.488534	0.487075
55368	6.972709	1.895530	7.872795	-0.559371	-1.112151	-1.000014	-0.485035	-0.121755	0.865977	0.478378	-0.865899	0.146197	0.732049	0.485175	0.478236
55369	4.336008	1.831031	7.050647	-0.698232	-1.210077	-0.853755	-0.480115	-0.108509	0.870468	0.469165	-0.870227	0.150293	0.741197	0.480552	0.468718
55370	2.970949	1.957421	5.936541	-0.676329	-1.344349	-0.644802	-0.473052	-0.096469	0.875737	0.461093	-0.874100	0.152782	0.750743	0.476071	0.457976
55371	3.257969	2.278913	4.512683	-0.521643	-1.551948	-0.409904	-0.463152	-0.085526	0.882143	0.455284	-0.876923	0.154019	0.760399	0.472960	0.445087
55372	4.971616	2.819412	3.365395	-0.475713	-1.816726	-0.290021	-0.450523	-0.074425	0.889657	0.450363	-0.879376	0.154499	0.770845	0.470274	0.429698
55373	7.379313	3.377748	2.231222	-0.578712	-2.119921	-0.324099	-0.435452	-0.061649	0.898098	0.444483	-0.882284	0.154949	0.782826	0.466662	0.411594
55374	11.692044	2.917315	1.941850	-0.672481	-2.305192	-0.351105	-0.418774	-0.047856	0.906829	0.437722	-0.885578	0.155406	0.795631	0.462019	0.391805
55375	17.031401	2.520795	5.168990	-0.982389	-2.074084	-0.327559	-0.403505	-0.035456	0.914290	0.428547	-0.890193	0.154610	0.808413	0.454202	0.374392
55376	18.436454	2.745510	9.453254	-1.633948	-1.442446	-0.276984	-0.392886	-0.026545	0.919204	0.414178	-0.897565	0.151107	0.821034	0.440082	0.363635
55377	14.725885	1.956481	10.954598	-2.342745	-0.963961	-0.220722	-0.385746	-0.020424	0.922379	0.393980	-0.907663	0.144667	0.834254	0.419203	0.358174
55378	13.305180	-0.870392	8.844927	-2.862439	-1.000127	-0.042958	-0.377460	-0.015987	0.925888	0.369770	-0.919282	0.134872	0.848996	0.393274	0.352904
55379	15.870839	-5.290083	5.402802	-3.064562	-1.012630	0.234448	-0.367898	-0.014332	0.929756	0.344450	-0.930851	0.121948	0.863716	0.365119	0.347394
55380	16.355782	-10.123071	4.786874	-2.810121	-0.616878	0.329097	-0.361406	-0.015265	0.932284	0.321262	-0.940680	0.109137	0.875315	0.338950	0.344872
55381	12.905893	-12.964469	4.242596	-1.994420	-0.288087	0.022851	-0.358751	-0.014550	0.933320	0.303867	-0.947235	0.102034	0.882589	0.320210	0.344242
55382	8.891438	-13.062623	-0.206305	-0.679694	-0.334993	-0.345073	-0.356791	-0.010249	0.934128	0.296672	-0.949420	0.102898	0.885825	0.313843	0.341785
55383	6.495497	-10.313189	-3.884101	0.909171	-0.479764	-0.481317	-0.353935	-0.004179	0.935261	0.303064	-0.946547	0.110461	0.884806	0.322540	0.336282
55384	4.890210	-4.970223	-3.826801	2.232692	-0.589358	-0.490356	-0.350227	0.002370	0.936662	0.321089	-0.939101	0.122435	0.879911	0.343632	0.328137
55385	4.146638	0.785726	-2.911600	3.071232	-0.774688	-0.401570	-0.344727	0.008876	0.938661	0.346656	-0.928068	0.136087	0.872349	0.372306	0.316853
55386	6.331488	5.297363	-1.818391	3.400821	-1.025141	-0.214427	-0.336561	0.014794	0.941545	0.375496	-0.914834	0.148598	0.863556	0.403559	0.302343
55387	10.881801	8.510875	-0.645584	3.200493	-1.140525	-0.004662	-0.326725	0.019591	0.944916	0.403034	-0.901435	0.158047	0.854877	0.432471	0.286625
55388	13.738189	10.451945	-0.184228	2.642664	-1.131938	0.100422	-0.316630	0.023692	0.948253	0.425901	-0.889701	0.164441	0.847558	0.455929	0.271615
55389	13.398804	10.774069	-0.529229	1.783635	-1.063198	0.053287	-0.307356	0.028140	0.951178	0.441195	-0.881423	0.168641	0.843136	0.471488	0.258495
55390	10.945858	9.245539	-0.032997	0.749594	-0.968961	-0.038349	-0.299314	0.033055	0.953582	0.447444	-0.877835	0.170875	0.842736	0.477820	0.247959
55391	8.966360	6.384316	0.367194	-0.147009	-0.917846	-0.021129	-0.291603	0.037609	0.955800	0.446190	-0.878509	0.170695	0.846098	0.476243	0.239395
55392	8.865677	2.994524	0.391217	-0.729032	-0.915750	0.065470	-0.283494	0.041345	0.958082	0.440235	-0.881964	0.168324	0.851953	0.469500	0.231830
55393	9.393242	0.160802	0.120174	-0.942725	-0.906461	0.116041	-0.275179	0.044525	0.960361	0.432545	-0.886379	0.165035	0.858593	0.460814	0.224654
55394	9.341555	-1.557254	-0.207164	-0.757974	-0.918651	0.098423	-0.266798	0.047832	0.962565	0.426328	-0.889873	0.162387	0.864328	0.453693	0.217024
55395	9.131305	-1.982690	-0.522711	-0.359752	-0.967457	0.032550	-0.258223	0.051903	0.964690	0.423346	-0.891496	0.161284	0.868389	0.450045	0.208232
55396	8.801059	-1.518651	-0.759489	0.075474	-1.018713	-0.053616	-0.249545	0.056946	0.966687	0.423913	-0.891111	0.161924	0.870646	0.450199	0.198232
55397	8.564775	-0.472062	-0.589199	0.463869	-1.091070	-0.108188	-0.240447	0.062829	0.968627	0.427737	-0.888931	0.163838	0.871336	0.453712	0.186867
55398	9.055680	0.807355	0.060183	0.773106	-1.167751	-0.132230	-0.230796	0.069315	0.970530	0.434206	-0.885296	0.166484	0.870746	0.459834	0.174226
55399	10.020604	1.738093	0.353141	1.008614	-1.228419	-0.091126	-0.220454	0.075807	0.972447	0.442822	-0.880532	0.169030	0.869085	0.467885	0.160547
55400	10.269469	2.025530	0.529259	1.064735	-1.241046	-0.043811	-0.209827	0.082031	0.974291	0.452016	-0.875454	0.171057	0.866980	0.476288	0.146614
55401	9.860138	1.926090	0.512535	0.983459	-1.227318	-0.011848	-0.199196	0.088018	0.975999	0.460556	-0.870704	0.172519	0.864991	0.483867	0.132904
55402	9.731218	1.414554	0.724077	0.863042	-1.161342	0.030127	-0.188970	0.093394	0.977532	0.468117	-0.866510	0.173281	0.863225	0.490344	0.120025
55403	9.600473	0.980097	1.125427	0.759571	-1.044332	0.065932	-0.179596	0.097966	0.978850	0.474835	-0.862809	0.173473	0.861555	0.495948	0.108439
55404	9.679141	1.197891	1.215902	0.733547	-0.952184	0.098272	-0.170880	0.101850	0.980014	0.481365	-0.859232	0.173231	0.859702	0.501346	0.097798
55405	9.656118	1.555016	1.121375	0.786532	-0.890501	0.117959	-0.162605	0.105322	0.981054	0.488359	-0.855368	0.172772	0.857359	0.507201	0.087652
55406	9.234904	1.845260	1.027383	0.887699	-0.881953	0.106914	-0.154479	0.108895	0.981977	0.496170	-0.850933	0.172418	0.854372	0.513862	0.077421
55407	8.658813	2.079716	0.876093	0.974481	-0.947921	0.087512	-0.145901	0.113052	0.982818	0.504655	-0.845968	0.172227	0.850903	0.521112	0.066376
55408	8.944741	2.751672	0.680541	1.018025	-1.021721	0.117632	-0.136576	0.117406	0.983648	0.513507	-0.840742	0.171648	0.847147	0.528553	0.054537
55409	9.253739	3.354957	0.717770	1.032526	-1.049984	0.203317	-0.126591	0.121285	0.984512	0.522544	-0.835469	0.170114	0.843162	0.535986	0.042386
55410	9.647313	3.692927	0.982886	0.942029	-1.060602	0.262971	-0.116231	0.124799	0.985350	0.530830	-0.830694	0.167828	0.839470	0.542561	0.030305
55411	9.879353	3.587208	0.910216	0.728479	-1.010625	0.287773	-0.106166	0.127917	0.986086	0.537298	-0.827068	0.165137	0.836684	0.547354	0.019077
55412	10.122698	3.170168	1.249234	0.486134	-0.908044	0.290815	-0.096957	0.130485	0.986698	0.541697	-0.824757	0.162299	0.834964	0.550227	0.009283
55413	9.851544	2.264144	1.561503	0.251961	-0.815217	0.243475	-0.088773	0.132964	0.987137	0.544067	-0.823669	0.159873	0.834332	0.551261	0.000778
55414	9.531075	1.119580	1.553367	0.094551	-0.750938	0.162876	-0.081570	0.135749	0.987380	0.545034	-0.823349	0.158224	0.834436	0.551062	-0.006827
55415	9.480583	0.207137	1.697371	0.078406	-0.702182	0.130220	-0.074942	0.138541	0.987517	0.545831	-0.823075	0.156894	0.834537	0.550776	-0.013937
55416	9.500411	-0.394655	1.743642	0.204729	-0.646046	0.131967	-0.068782	0.141003	0.987617	0.547673	-0.822113	0.155516	0.833861	0.551587	-0.020677
55417	9.881936	-0.556674	1.612731	0.473852	-0.605701	0.161840	-0.062790	0.143021	0.987726	0.551765	-0.819702	0.153767	0.831632	0.554648	-0.027445
55418	9.818247	-0.370277	1.601011	0.783924	-0.543956	0.171225	-0.057277	0.144638	0.987825	0.558410	-0.815559	0.151793	0.827586	0.560306	-0.034054
55419	9.085541	-0.117718	1.180515	1.068547	-0.538881	0.150991	-0.051925	0.146449	0.987855	0.567344	-0.809729	0.149863	0.821842	0.568235	-0.041042
55420	8.752472	0.665728	0.748060	1.353804	-0.609850	0.168933	-0.045918	0.148568	0.987835	0.578540	-0.802199	0.147542	0.814361	0.578277	-0.049117
55421	9.034088	1.721838	-0.286053	1.526770	-0.654950	0.202756	-0.039369	0.150773	0.987784	0.591032	-0.793566	0.144684	0.805687	0.589508	-0.057870
55422	9.009357	2.414970	-1.385372	1.592231	-0.708902	0.243290	-0.032188	0.153060	0.987693	0.603910	-0.784438	0.141243	0.796402	0.601024	-0.067185
55423	9.114505	2.792620	-1.453129	1.547987	-0.763275	0.303860	-0.024231	0.155319	0.987567	0.616290	-0.775496	0.137087	0.787147	0.611949	-0.076930
55424	9.303360	2.645219	-1.516987	1.448876	-0.803875	0.341015	-0.015769	0.157637	0.987371	0.627733	-0.767070	0.132491	0.778269	0.621895	-0.086858
55425	9.484754	2.075409	-1.937168	1.315556	-0.844508	0.357458	-0.006910	0.160199	0.987060	0.637994	-0.759377	0.127713	0.770010	0.630621	-0.096959
55426	9.628910	1.987128	-1.859778	1.187147	-0.870975	0.377511	0.002238	0.162863	0.986646	0.647132	-0.752434	0.122734	0.762375	0.638216	-0.107077
55427	9.614019	2.302242	-1.492626	1.051774	-0.876192	0.396135	0.011525	0.165517	0.986140	0.655121	-0.746314	0.117607	0.755436	0.644686	-0.117035
55428	9.914693	2.160434	-0.932556	0.818294	-0.840326	0.386024	0.020440	0.168075	0.985562	0.661251	-0.741641	0.112764	0.749886	0.649399	-0.126299
55429	9.710294	1.755466	-0.001980	0.648042	-0.779011	0.349057	0.028639	0.170569	0.984929	0.666043	-0.737989	0.108437	0.745363	0.652900	-0.134741
55430	9.586383	1.412816	0.984976	0.629746	-0.741932	0.318378	0.036328	0.173075	0.984238	0.670651	-0.734392	0.104386	0.740883	0.656288	-0.142752
55431	9.466036	1.190823	2.162280	0.732649	-0.707329	0.280567	0.043498	0.175682	0.983486	0.675980	-0.730033	0.100510	0.735635	0.660445	-0.150512
55432	9.207796	1.377382	2.215733	0.882813	-0.664774	0.228859	0.049968	0.178418	0.982685	0.682369	-0.724563	0.096855	0.729298	0.665714	-0.157952
55433	9.155126	1.577665	1.581918	1.032449	-0.636301	0.196064	0.055989	0.181265	0.981839	0.689788	-0.717985	0.093218	0.721843	0.672042	-0.165233
55434	8.579788	1.414137	0.911535	1.199921	-0.683098	0.237262	0.062581	0.184180	0.980898	0.698285	-0.710288	0.088818	0.713079	0.679388	-0.173061
55435	8.709635	1.106808	-0.194748	1.341616	-0.768725	0.315001	0.070297	0.187216	0.979800	0.707606	-0.701680	0.083306	0.703102	0.687456	-0.181801
55436	9.151565	0.982679	-1.401945	1.479280	-0.836665	0.438387	0.079301	0.189943	0.978587	0.717623	-0.692249	0.076211	0.691902	0.696213	-0.191203
55437	9.584773	0.844189	-2.378474	1.551093	-0.867783	0.556247	0.089331	0.192208	0.977280	0.727822	-0.682418	0.067687	0.679923	0.705239	-0.200854
55438	10.268911	0.774101	-2.678233	1.521062	-0.894563	0.651223	0.100175	0.194138	0.975846	0.737481	-0.672859	0.058155	0.667897	0.713842	-0.210577
55439	10.812999	0.918128	-2.498291	1.473228	-0.868454	0.717485	0.111305	0.195587	0.974349	0.746501	-0.663654	0.047943	0.656008	0.722017	-0.219874
55440	10.938219	1.181489	-2.137161	1.395504	-0.813855	0.733367	0.122145	0.196657	0.972834	0.754744	-0.654939	0.037632	0.644548	0.729645	-0.228423
55441	10.882937	1.691059	-1.276209	1.262509	-0.749113	0.744768	0.132639	0.197310	0.971327	0.761891	-0.647125	0.027414	0.633979	0.736409	-0.236163
55442	11.444403	2.278592	-0.475445	1.055501	-0.662731	0.716114	0.142329	0.197596	0.969896	0.767573	-0.640711	0.017893	0.624959	0.741920	-0.242861
55443	11.836820	2.175461	0.360297	0.874902	-0.542485	0.702240	0.151161	0.197163	0.968647	0.772000	-0.635560	0.008891	0.617386	0.746452	-0.248282
55444	11.771476	2.124407	1.245046	0.757200	-0.402672	0.707830	0.159151	0.195692	0.967665	0.775574	-0.631257	0.000102	0.610865	0.750479	-0.252239
55445	11.327370	2.111669	1.804735	0.650854	-0.294510	0.679265	0.166276	0.193644	0.966879	0.778448	-0.627656	-0.008166	0.605286	0.754023	-0.255106
55446	11.652915	2.042662	2.117560	0.659151	-0.195754	0.654770	0.172599	0.191025	0.966291	0.781331	-0.623906	-0.016222	0.599776	0.757793	-0.256939
55447	12.078385	1.973177	2.070910	0.794036	-0.051141	0.671459	0.178218	0.187253	0.966010	0.784911	-0.619112	-0.024798	0.593424	0.762651	-0.257314
55448	12.598866	2.083135	1.869266	0.930645	0.079132	0.706476	0.183346	0.182291	0.965999	0.789143	-0.613265	-0.034051	0.586206	0.768555	-0.256293
55449	13.464100	2.361536	2.007728	1.003031	0.218635	0.755918	0.188110	0.176006	0.966249	0.793601	-0.606848	-0.043959	0.578629	0.775085	-0.253833
55450	14.092780	2.489882	2.148013	0.970520	0.361098	0.809718	0.192506	0.168303	0.966755	0.797661	-0.600660	-0.054265	0.571558	0.781589	-0.249880
55451	14.703641	2.615577	2.444800	0.839671	0.548219	0.839327	0.196152	0.158997	0.967597	0.800824	-0.595416	-0.064504	0.565867	0.787528	-0.244121
55452	14.914080	2.840210	2.894071	0.639945	0.832729	0.821763	0.198070	0.147537	0.969021	0.802834	-0.591589	-0.074029	0.562340	0.792625	-0.235624
55453	14.464064	2.993054	3.804177	0.420848	1.198243	0.762450	0.197518	0.133528	0.971163	0.803708	-0.589285	-0.082438	0.561284	0.796815	-0.223712
55454	13.551177	3.167573	5.183347	0.264108	1.595159	0.639858	0.193722	0.117017	0.974053	0.803960	-0.587946	-0.089261	0.562245	0.800392	-0.207975
55455	12.192002	3.247290	5.834403	0.203335	1.963901	0.473358	0.186521	0.098500	0.977501	0.804225	-0.586792	-0.094328	0.564299	0.803724	-0.188665
55456	11.225809	2.879080	6.025620	0.156910	2.268331	0.322686	0.176301	0.078336	0.981214	0.804548	-0.585781	-0.097792	0.567116	0.806675	-0.166299
55457	10.634446	2.516683	5.659666	0.042835	2.516367	0.206520	0.163698	0.056818	0.984873	0.804460	-0.585540	-0.099931	0.571005	0.808650	-0.141559
55458	10.392556	2.650564	5.113077	-0.172026	2.709839	0.058203	0.148629	0.034549	0.988289	0.803405	-0.586923	-0.100306	0.576584	0.808905	-0.114990
55459	10.189066	3.193183	4.452174	-0.493627	2.838731	-0.174057	0.130808	0.012657	0.991327	0.800804	-0.590834	-0.098124	0.584468	0.806694	-0.087421
55460	10.578825	4.000814	3.513980	-0.864894	2.816020	-0.492252	0.110281	-0.007076	0.993875	0.796322	-0.597740	-0.092616	0.594734	0.801659	-0.060284
55461	11.763153	4.416365	1.345093	-1.363156	2.677312	-0.896535	0.087126	-0.023002	0.995932	0.789032	-0.608708	-0.083085	0.608143	0.793061	-0.034885
55462	13.153902	4.532583	-1.372134	-1.800940	2.572325	-1.199829	0.061874	-0.035874	0.997439	0.778855	-0.623203	-0.070729	0.624144	0.781237	-0.010620
55463	13.979234	4.431195	-3.365378	-2.018590	2.568849	-1.308270	0.035569	-0.047495	0.998238	0.766750	-0.639344	-0.057740	0.640960	0.767453	0.013676
55464	13.771598	3.432458	-4.099748	-2.196441	2.538784	-1.318627	0.009061	-0.058250	0.998261	0.752804	-0.656694	-0.045152	0.658183	0.751904	0.037901
55465	13.916409	2.361805	-4.546966	-2.274817	2.470207	-1.232903	-0.016538	-0.068403	0.997521	0.737623	-0.674356	-0.034013	0.675010	0.735232	0.061608
55466	13.999936	1.150955	-4.004298	-2.244438	2.452207	-1.074751	-0.041124	-0.078895	0.996034	0.722016	-0.691426	-0.024957	0.690653	0.718127	0.085398
55467	14.370114	-0.075587	-3.063443	-2.077823	2.471641	-0.871026	-0.064530	-0.090343	0.993818	0.707098	-0.706878	-0.018347	0.704165	0.701542	0.109496
55468	14.692792	-0.935044	-1.939679	-1.885904	2.569944	-0.723810	-0.087833	-0.103014	0.990794	0.693192	-0.720627	-0.013473	0.715381	0.685628	0.134703
55469	14.538572	-1.524417	-0.805153	-1.752296	2.680145	-0.721425	-0.112028	-0.115932	0.986919	0.679889	-0.733260	-0.008959	0.724707	0.669992	0.160967
55470	13.840998	-1.690269	-0.193061	-1.631823	2.684770	-0.787863	-0.136886	-0.127904	0.982295	0.667054	-0.744998	-0.004049	0.732325	0.654690	0.187299
55471	13.094702	-1.754683	-0.500479	-1.424698	2.678676	-0.818797	-0.161934	-0.139106	0.976948	0.655397	-0.755284	0.001091	0.737721	0.640466	0.213476
55472	12.144560	-1.979430	-0.807696	-1.167848	2.700071	-0.802470	-0.187101	-0.150146	0.970798	0.645401	-0.763819	0.006254	0.740575	0.627724	0.239816
55473	11.329927	-2.292869	-0.839077	-1.014826	2.724951	-0.771075	-0.212182	-0.161169	0.963848	0.636381	-0.771295	0.011122	0.741619	0.615734	0.266220
55474	10.521335	-2.600124	-0.740569	-0.949869	2.735000	-0.731881	-0.237077	-0.172192	0.956109	0.627731	-0.778276	0.015488	0.741450	0.603851	0.292602
55475	9.743337	-2.803399	-0.617135	-0.922092	2.698030	-0.681200	-0.261261	-0.182999	0.947763	0.619243	-0.784966	0.019135	0.740460	0.591895	0.318402
55476	9.123898	-3.038489	-0.799634	-0.889659	2.606747	-0.605087	-0.284248	-0.193521	0.939017	0.611052	-0.791287	0.021895	0.738795	0.580012	0.343174
55477	8.737382	-3.368658	-1.233539	-0.801287	2.478318	-0.513617	-0.305593	-0.203680	0.930122	0.603671	-0.796877	0.023835	0.736338	0.568772	0.366476
55478	8.472931	-3.462153	-1.621564	-0.646205	2.351039	-0.440753	-0.325491	-0.213429	0.921142	0.597575	-0.801408	0.025470	0.732775	0.558742	0.388391
55479	8.233256	-3.434606	-1.874086	-0.480458	2.240750	-0.419520	-0.344301	-0.222486	0.912117	0.592706	-0.804953	0.027385	0.728119	0.550045	0.409015
55480	7.957636	-3.218810	-1.759625	-0.302316	2.123487	-0.434906	-0.362250	-0.230601	0.903105	0.589019	-0.807560	0.030061	0.722379	0.542835	0.428367
55481	7.737654	-2.361667	-1.567055	-0.139265	2.009665	-0.493635	-0.379547	-0.237465	0.894178	0.586233	-0.809434	0.033875	0.715734	0.537054	0.446428
55482	7.448182	-1.017607	-1.375782	-0.035578	1.897356	-0.567466	-0.396354	-0.243030	0.885347	0.583821	-0.810957	0.038757	0.708559	0.532246	0.463312
55483	7.120701	0.209031	-1.114378	-0.029439	1.788476	-0.632814	-0.412596	-0.247376	0.876681	0.581101	-0.812631	0.044183	0.701489	0.527670	0.479039
55484	6.763949	0.959763	-0.822965	-0.095773	1.675401	-0.703408	-0.428342	-0.250468	0.868210	0.577518	-0.814854	0.049850	0.694979	0.522760	0.493686
55485	6.495886	1.478411	-0.466323	-0.180105	1.540301	-0.789954	-0.443494	-0.252037	0.860111	0.572875	-0.817743	0.055767	0.689294	0.517468	0.507050
55486	6.348297	1.919493	-0.159302	-0.267227	1.389825	-0.885582	-0.458061	-0.251947	0.852469	0.567092	-0.821320	0.061977	0.684534	0.511817	0.519091
55487	6.175662	2.159080	0.249426	-0.380096	1.250637	-0.964659	-0.471984	-0.250372	0.845308	0.560059	-0.825644	0.068166	0.680856	0.505595	0.529913
55488	5.898910	2.163140	0.407132	-0.544229	1.100000	-0.992116	-0.484919	-0.247750	0.838733	0.551751	-0.830755	0.073605	0.678546	0.498465	0.539545
55489	5.699640	1.618215	0.361638	-0.736347	0.938748	-0.952738	-0.496446	-0.244454	0.832937	0.542130	-0.836707	0.077560	0.677964	0.490064	0.547906
55490	5.449176	0.850389	0.446110	-0.884273	0.761015	-0.873756	-0.506236	-0.240905	0.828064	0.531923	-0.843011	0.079937	0.678810	0.480933	0.554906
55491	5.186451	0.150082	0.963039	-0.899347	0.564547	-0.766262	-0.514061	-0.237121	0.824327	0.521950	-0.849098	0.081249	0.680668	0.472024	0.560253
55492	4.796214	-0.345975	1.358114	-0.855954	0.379165	-0.658847	-0.520025	-0.233297	0.821673	0.512753	-0.854625	0.081861	0.683124	0.463885	0.564050
55493	3.968396	-0.711107	1.983046	-0.752289	0.162645	-0.572596	-0.524001	-0.229149	0.820313	0.504663	-0.859384	0.082307	0.686103	0.457111	0.565961
55494	3.049274	-0.896111	2.090252	-0.559606	-0.174020	-0.536688	-0.525439	-0.223815	0.820866	0.498143	-0.863061	0.083544	0.689759	0.452806	0.564978
55495	2.638123	-1.149470	1.338536	-0.286620	-0.604380	-0.595894	-0.524160	-0.215941	0.823787	0.493083	-0.865639	0.086828	0.694353	0.451707	0.560210
55496	3.258126	-1.344069	1.096401	0.031929	-1.034679	-0.662056	-0.520151	-0.205593	0.828960	0.489985	-0.866812	0.092471	0.699541	0.454277	0.551610
55497	4.674946	-1.039518	1.737199	0.177740	-1.384507	-0.709169	-0.513838	-0.193134	0.835865	0.487618	-0.867387	0.099340	0.705832	0.458627	0.539872
55498	6.337821	-0.441750	3.256704	0.141211	-1.603038	-0.713816	-0.505876	-0.179653	0.843691	0.485159	-0.867968	0.106078	0.713240	0.462986	0.526244
55499	7.730425	0.600327	5.944648	0.123899	-1.650316	-0.752978	-0.497634	-0.165451	0.851462	0.482320	-0.868664	0.113097	0.720922	0.466957	0.512077
55500	8.241640	1.828475	8.750688	0.033161	-1.613854	-0.940912	-0.490421	-0.149729	0.858527	0.477958	-0.869966	0.121303	0.728727	0.469830	0.498214
55501	8.350195	3.040518	9.809960	-0.205494	-1.659391	-1.217719	-0.483978	-0.131327	0.865170	0.470570	-0.872617	0.130780	0.737787	0.470417	0.484126
55502	9.282066	3.627601	10.196707	-0.561430	-1.704829	-1.376348	-0.477680	-0.111308	0.871454	0.459825	-0.876897	0.140046	0.748587	0.467613	0.470058
55503	10.700660	3.991506	11.344082	-0.864416	-1.655129	-1.253206	-0.470826	-0.092604	0.877353	0.447411	-0.882167	0.146988	0.760360	0.461743	0.456779
55504	12.090944	3.999224	12.284205	-1.141802	-1.488134	-0.848898	-0.463127	-0.078382	0.882819	0.434880	-0.888026	0.149294	0.772265	0.453062	0.445356
55505	12.592134	2.661533	12.230362	-1.442472	-1.169975	-0.330438	-0.455389	-0.070217	0.887519	0.422191	-0.894698	0.145842	0.783822	0.441118	0.437080
55506	11.284995	-0.272832	11.899655	-1.744563	-0.744919	0.113626	-0.449005	-0.068098	0.890930	0.409107	-0.902109	0.137227	0.794371	0.426102	0.432911
55507	7.666371	-3.428519	9.361730	-1.911791	-0.503327	0.236088	-0.443981	-0.068148	0.893441	0.394932	-0.909911	0.126851	0.804307	0.409168	0.430897
55508	4.010881	-5.782675	1.671935	-1.652519	-0.874152	-0.077980	-0.437187	-0.063949	0.897094	0.381258	-0.916587	0.120462	0.814561	0.394689	0.425101
55509	5.707563	-8.064573	-6.317420	-1.020510	-1.613849	-0.458592	-0.425627	-0.053449	0.903319	0.370964	-0.920821	0.120307	0.825365	0.386305	0.411754
55510	12.395115	-9.247233	-5.801086	-0.124632	-1.935864	-0.532586	-0.411507	-0.041098	0.910479	0.367748	-0.921538	0.124613	0.833920	0.386106	0.394334
55511	16.957696	-7.529732	3.257677	0.788072	-1.379700	-0.299450	-0.401041	-0.032977	0.915467	0.373167	-0.918556	0.130386	0.836608	0.393912	0.380684
55512	13.746606	-4.145199	10.750040	1.167927	-0.556126	-0.126602	-0.396840	-0.029631	0.917409	0.382468	-0.913916	0.135924	0.834408	0.404819	0.374012
55513	10.708150	-1.750170	10.188120	1.165946	-0.839257	-0.055280	-0.390004	-0.025698	0.920454	0.392024	-0.909128	0.140722	0.833195	0.415723	0.364638
55514	15.258401	0.826171	5.548037	0.909218	-1.387184	0.099804	-0.378008	-0.020816	0.925568	0.400037	-0.905271	0.143019	0.834913	0.424324	0.350527
55515	17.728256	3.487101	1.671094	0.806215	-1.083833	0.157556	-0.368265	-0.017612	0.929554	0.407411	-0.901769	0.144320	0.835701	0.431859	0.339266
55516	13.731337	3.857466	-1.656252	0.877258	-0.503473	0.116513	-0.363550	-0.016504	0.931428	0.415207	-0.897910	0.146152	0.833927	0.439869	0.333288
55517	9.033922	3.536785	-1.423194	0.699650	-0.277029	-0.123068	-0.361704	-0.014185	0.932185	0.420640	-0.894808	0.149599	0.832005	0.446225	0.329623
55518	6.162010	4.095666	0.108419	0.486749	-0.340814	-0.355335	-0.360334	-0.009515	0.932775	0.423451	-0.892652	0.154475	0.831173	0.450647	0.325682
55519	6.315909	5.219495	-0.605355	0.512119	-0.609818	-0.324015	-0.356589	-0.003876	0.934253	0.426597	-0.890333	0.159132	0.831179	0.455294	0.319136
55520	8.891533	5.394878	-1.449786	0.556638	-0.838865	-0.096492	-0.349992	0.000791	0.936752	0.430930	-0.887769	0.161755	0.831748	0.460288	0.310371
55521	10.993811	4.161605	-2.600543	0.533854	-0.966949	0.079004	-0.341548	0.004554	0.939853	0.435697	-0.885280	0.162625	0.832774	0.465036	0.300381
55522	11.871740	2.758205	-3.657004	0.539024	-1.022360	0.186045	-0.332175	0.007661	0.943187	0.440862	-0.882755	0.162434	0.833847	0.469771	0.289851
