// General information: 
//  MT Manager version: 2022.2.0 
//  XDA version: 2022.2.0 build 7381 rev 124627 built on 2023-07-19
// Device information: 
//  DeviceId: 00B4CB9F
//  ProductCode: MTW2-3A7G6
//  Firmware Version: 4.6.0
//  Hardware Version: 2.0.0
// Device settings: 
//  Filter Profile: human(46.1)
//  Option Flags: Orientation Smoother Disabled, Position/Velocity Smoother Disabled, Continuous Zero Rotation Update Disabled, AHS Disabled, ICC Disabled
// Coordinate system: ENU
PacketCounter	Acc_X	Acc_Y	Acc_Z	Gyr_X	Gyr_Y	Gyr_Z	Mat[1][1]	Mat[2][1]	Mat[3][1]	Mat[1][2]	Mat[2][2]	Mat[3][2]	Mat[1][3]	Mat[2][3]	Mat[3][3]
40126	9.679530	0.346514	-0.942484	-0.000707	0.005723	-0.022943	-0.064334	-0.090571	0.993810	-0.490285	0.870263	0.047573	-0.869185	-0.484189	-0.100393
40127	9.751045	0.324916	-0.971758	0.007852	0.000920	-0.020710	-0.064288	-0.090725	0.993799	-0.490392	0.870195	0.047718	-0.869128	-0.484283	-0.100434
40128	9.764678	0.346764	-0.974820	0.013107	-0.001785	-0.019611	-0.064266	-0.090890	0.993785	-0.490549	0.870099	0.047855	-0.869041	-0.484425	-0.100504
40129	9.780660	0.370546	-0.953584	0.019123	0.003110	-0.020099	-0.064203	-0.091028	0.993777	-0.490724	0.869993	0.047986	-0.868947	-0.484589	-0.100526
40130	9.774904	0.446053	-0.884991	0.021879	0.005700	-0.019209	-0.064118	-0.091153	0.993771	-0.490956	0.869855	0.048110	-0.868821	-0.484813	-0.100526
40131	9.777504	0.497658	-0.937961	0.021828	0.010102	-0.021719	-0.063983	-0.091279	0.993768	-0.491249	0.869682	0.048252	-0.868666	-0.485100	-0.100486
40132	9.800848	0.575247	-0.920825	0.020282	0.015354	-0.017432	-0.063823	-0.091341	0.993772	-0.491467	0.869553	0.048360	-0.868555	-0.485320	-0.100389
40133	9.751122	0.548658	-0.936637	0.006611	0.019613	-0.017193	-0.063611	-0.091401	0.993780	-0.491777	0.869370	0.048481	-0.868394	-0.485635	-0.100250
40134	9.743910	0.496445	-0.929749	-0.005966	0.014503	-0.016463	-0.063463	-0.091459	0.993785	-0.491766	0.869370	0.048605	-0.868411	-0.485625	-0.100149
40135	9.759983	0.520230	-0.906867	-0.015132	0.018421	-0.017496	-0.063262	-0.091521	0.993792	-0.491805	0.869339	0.048752	-0.868404	-0.485668	-0.100006
40136	9.719006	0.462242	-0.896194	-0.022003	0.014726	-0.020443	-0.063092	-0.091612	0.993794	-0.491658	0.869413	0.048933	-0.868500	-0.485519	-0.099895
40137	9.727202	0.393065	-0.939027	-0.031236	0.006998	-0.027607	-0.062940	-0.091818	0.993785	-0.491572	0.869446	0.049196	-0.868559	-0.485421	-0.099858
40138	9.728906	0.357915	-0.985078	-0.016863	-0.005179	-0.024023	-0.062926	-0.092037	0.993765	-0.491472	0.869491	0.049407	-0.868617	-0.485298	-0.099947
40139	9.721533	0.306693	-0.980442	0.007725	-0.006307	-0.029341	-0.062898	-0.092302	0.993743	-0.491558	0.869429	0.049642	-0.868570	-0.485360	-0.100057
40140	9.753336	0.353456	-0.938539	0.020946	-0.004711	-0.028758	-0.062857	-0.092560	0.993721	-0.491789	0.869286	0.049862	-0.868443	-0.485567	-0.100161
40141	9.795138	0.495986	-0.807040	0.021641	-0.002670	-0.028895	-0.062816	-0.092784	0.993703	-0.491857	0.869235	0.050070	-0.868407	-0.485615	-0.100239
40142	9.874361	0.568890	-0.770937	0.008415	0.011779	-0.025855	-0.062646	-0.092937	0.993699	-0.491977	0.869155	0.050274	-0.868351	-0.485728	-0.100172
40143	9.845432	0.616813	-0.795195	-0.001651	0.017413	-0.021296	-0.062465	-0.093003	0.993704	-0.491894	0.869194	0.050429	-0.868412	-0.485647	-0.100042
40144	9.798264	0.640744	-0.864519	-0.010531	0.018720	-0.026720	-0.062230	-0.093130	0.993707	-0.491850	0.869205	0.050660	-0.868453	-0.485602	-0.099897
40145	9.768664	0.601359	-0.881170	-0.019195	0.012382	-0.026061	-0.062051	-0.093277	0.993705	-0.491689	0.869282	0.050895	-0.868557	-0.485435	-0.099804
40146	9.716567	0.574225	-0.922024	-0.024020	0.003154	-0.035557	-0.061908	-0.093556	0.993687	-0.491533	0.869351	0.051227	-0.868656	-0.485259	-0.099806
40147	9.722543	0.503994	-0.989734	-0.035493	0.004704	-0.030719	-0.061769	-0.093791	0.993674	-0.491343	0.869441	0.051522	-0.868773	-0.485052	-0.099788
40148	9.719745	0.465326	-1.084045	-0.033486	-0.000302	-0.028242	-0.061691	-0.094023	0.993657	-0.491100	0.869562	0.051791	-0.868916	-0.484790	-0.099819
40149	9.741675	0.416607	-1.131152	-0.024810	-0.003925	-0.024943	-0.061660	-0.094246	0.993638	-0.490992	0.869610	0.052013	-0.868979	-0.484661	-0.099894
40150	9.743472	0.381416	-1.177716	-0.020803	-0.003973	-0.023946	-0.061636	-0.094459	0.993619	-0.490857	0.869674	0.052227	-0.869057	-0.484505	-0.099969
40151	9.808828	0.434378	-1.139548	-0.018990	-0.011300	-0.023600	-0.061700	-0.094675	0.993594	-0.490528	0.869847	0.052423	-0.869238	-0.484151	-0.100110
40152	9.763671	0.460458	-1.187614	-0.022346	-0.014774	-0.023288	-0.061773	-0.094935	0.993565	-0.490379	0.869919	0.052632	-0.869317	-0.483972	-0.100292
40153	9.727725	0.494009	-1.138872	-0.026886	-0.013937	-0.012995	-0.061883	-0.095103	0.993542	-0.490199	0.870013	0.052747	-0.869411	-0.483770	-0.100458
40154	9.750426	0.571548	-1.123735	-0.043839	-0.012024	-0.011375	-0.061990	-0.095246	0.993522	-0.489856	0.870199	0.052859	-0.869597	-0.483406	-0.100601
40155	9.795590	0.637449	-1.084954	-0.051881	-0.011922	-0.013357	-0.062085	-0.095405	0.993501	-0.489469	0.870409	0.052997	-0.869808	-0.482997	-0.100737
40156	9.811278	0.661559	-1.064258	-0.076290	-0.009025	-0.014913	-0.062150	-0.095564	0.993481	-0.488845	0.870748	0.053177	-0.870154	-0.482353	-0.100833
40157	9.786286	0.625824	-1.034127	-0.103246	-0.000835	-0.016656	-0.062116	-0.095718	0.993469	-0.488181	0.871107	0.053405	-0.870529	-0.481675	-0.100837
40158	9.804413	0.603958	-0.909726	-0.120324	0.011561	-0.009915	-0.062026	-0.095734	0.993473	-0.487170	0.871662	0.053580	-0.871102	-0.480666	-0.100704
40159	9.856405	0.587658	-0.787755	-0.144014	0.023734	-0.002909	-0.061882	-0.095606	0.993494	-0.485772	0.872434	0.053699	-0.871892	-0.479289	-0.100431
40160	9.842964	0.520680	-0.703735	-0.172956	0.033720	-0.003492	-0.061630	-0.095461	0.993524	-0.484297	0.873244	0.053862	-0.872731	-0.477841	-0.100049
40161	9.756887	0.358829	-0.802028	-0.171698	0.037840	-0.003702	-0.061327	-0.095311	0.993557	-0.482972	0.873968	0.054028	-0.873486	-0.476547	-0.099630
40162	9.680167	0.252992	-0.881156	-0.141615	0.036406	-0.005799	-0.061039	-0.095173	0.993588	-0.481769	0.874622	0.054181	-0.874170	-0.475372	-0.099238
40163	9.774570	0.171320	-0.806225	-0.099712	0.041315	-0.012046	-0.060666	-0.095083	0.993619	-0.481142	0.874956	0.054352	-0.874541	-0.474775	-0.098829
40164	9.790578	0.146311	-0.702673	-0.053490	0.054036	-0.016580	-0.060173	-0.094957	0.993661	-0.480715	0.875180	0.054524	-0.874810	-0.474387	-0.098309
40165	9.714951	0.256580	-0.722069	-0.021390	0.059907	-0.041744	-0.059515	-0.095012	0.993695	-0.480536	0.875254	0.054906	-0.874953	-0.474239	-0.097747
40166	9.717493	0.234301	-0.911931	0.006078	0.043807	-0.060006	-0.058902	-0.095314	0.993703	-0.480656	0.875154	0.055452	-0.874929	-0.474363	-0.097362
40167	9.694948	0.086591	-1.067533	0.051452	0.030606	-0.068855	-0.058360	-0.095758	0.993692	-0.481254	0.874788	0.056035	-0.874636	-0.474949	-0.097136
40168	9.654716	0.041914	-1.205888	0.098425	0.008241	-0.070507	-0.058007	-0.096320	0.993659	-0.482187	0.874238	0.056596	-0.874146	-0.475846	-0.097156
40169	9.715470	0.093832	-1.214704	0.126945	-0.004677	-0.064048	-0.057794	-0.096885	0.993616	-0.483365	0.873557	0.057063	-0.873509	-0.476981	-0.097317
40170	9.845844	0.248005	-1.213458	0.139851	-0.000911	-0.068038	-0.057532	-0.097468	0.993574	-0.484656	0.872809	0.057558	-0.872811	-0.478231	-0.097453
40171	9.845641	0.468116	-1.155908	0.130329	0.006277	-0.072563	-0.057190	-0.098044	0.993537	-0.485777	0.872149	0.058103	-0.872210	-0.479315	-0.097506
40172	9.865336	0.627224	-1.021301	0.090278	0.015792	-0.080703	-0.056719	-0.098657	0.993504	-0.486641	0.871623	0.058772	-0.871759	-0.480147	-0.097448
40173	9.866796	0.803105	-0.860249	0.027767	0.033559	-0.082889	-0.056082	-0.099200	0.993486	-0.486957	0.871396	0.059521	-0.871624	-0.480447	-0.097175
40174	9.789946	0.781726	-0.798534	-0.029730	0.033999	-0.084360	-0.055433	-0.099757	0.993467	-0.486776	0.871440	0.060343	-0.871766	-0.480250	-0.096866
40175	9.760502	0.699588	-0.735968	-0.070453	0.036305	-0.081975	-0.054765	-0.100293	0.993450	-0.486398	0.871593	0.061178	-0.872019	-0.479862	-0.096515
40176	9.731852	0.538902	-0.815050	-0.091148	0.031210	-0.083261	-0.054147	-0.100854	0.993427	-0.485680	0.871932	0.062048	-0.872458	-0.479128	-0.096195
40177	9.748372	0.403710	-0.925618	-0.080483	0.020987	-0.087586	-0.053586	-0.101512	0.993390	-0.485200	0.872134	0.062949	-0.872760	-0.478620	-0.095988
40178	9.735682	0.314137	-1.062817	-0.063312	0.010329	-0.084210	-0.053146	-0.102183	0.993345	-0.484723	0.872337	0.063801	-0.873051	-0.478107	-0.095892
40179	9.723053	0.224336	-1.201392	-0.039812	-0.003530	-0.084279	-0.052842	-0.102905	0.993287	-0.484376	0.872470	0.064620	-0.873262	-0.477710	-0.095948
40180	9.723921	0.105918	-1.266432	-0.016120	-0.009499	-0.083628	-0.052579	-0.103665	0.993222	-0.484311	0.872447	0.065421	-0.873315	-0.477588	-0.096078
40181	9.746154	0.102333	-1.244355	0.017428	-0.018427	-0.083159	-0.052403	-0.104453	0.993148	-0.484482	0.872294	0.066178	-0.873230	-0.477695	-0.096317
40182	9.774044	0.191686	-1.156612	0.040326	-0.021997	-0.084859	-0.052243	-0.105283	0.993069	-0.484910	0.871999	0.066938	-0.873002	-0.478052	-0.096608
40183	9.787637	0.348935	-1.073007	0.048242	-0.023648	-0.092922	-0.052063	-0.106183	0.992983	-0.485388	0.871669	0.067761	-0.872747	-0.478454	-0.096922
40184	9.834021	0.552947	-0.922262	0.034119	-0.022960	-0.095853	-0.051857	-0.107114	0.992894	-0.485767	0.871390	0.068635	-0.872549	-0.478755	-0.097220
40185	9.831045	0.728496	-0.789130	0.002373	-0.015820	-0.097395	-0.051597	-0.108007	0.992810	-0.485799	0.871300	0.069541	-0.872546	-0.478718	-0.097426
40186	9.860380	0.822085	-0.676216	-0.033734	-0.006555	-0.104536	-0.051205	-0.108935	0.992729	-0.485590	0.871334	0.070567	-0.872686	-0.478446	-0.097515
40187	9.834573	0.833227	-0.575138	-0.070878	0.008794	-0.108559	-0.050678	-0.109806	0.992660	-0.484960	0.871596	0.071656	-0.873067	-0.477769	-0.097422
40188	9.781821	0.852909	-0.544504	-0.095949	0.018051	-0.117174	-0.050011	-0.110727	0.992592	-0.484213	0.871911	0.072867	-0.873520	-0.476981	-0.097221
40189	9.733362	0.748321	-0.553494	-0.112555	0.020283	-0.125706	-0.049283	-0.111708	0.992518	-0.483329	0.872291	0.074177	-0.874051	-0.476057	-0.096981
40190	9.686850	0.566660	-0.704711	-0.106903	0.016982	-0.135832	-0.048538	-0.112798	0.992432	-0.482492	0.872633	0.075584	-0.874555	-0.475171	-0.096780
40191	9.669622	0.299551	-0.927043	-0.082315	0.009931	-0.131768	-0.047885	-0.113875	0.992340	-0.481851	0.872871	0.076914	-0.874944	-0.474477	-0.096668
40192	9.706967	0.244008	-1.047666	-0.027523	0.000625	-0.130879	-0.047307	-0.114999	0.992238	-0.481704	0.872838	0.078195	-0.875056	-0.474266	-0.096687
40193	9.710061	0.309267	-1.076460	0.007341	-0.005138	-0.131749	-0.046792	-0.116141	0.992130	-0.481718	0.872718	0.079443	-0.875076	-0.474210	-0.096783
40194	9.814789	0.436648	-1.020173	0.036612	0.007778	-0.129954	-0.046156	-0.117223	0.992032	-0.482130	0.872379	0.080652	-0.874883	-0.474566	-0.096782
40195	9.863084	0.568031	-0.982713	0.048621	0.020093	-0.128675	-0.045411	-0.118236	0.991947	-0.482721	0.871942	0.081834	-0.874596	-0.475118	-0.096671
40196	9.769365	0.703788	-0.932038	0.060635	0.033152	-0.135309	-0.044526	-0.119243	0.991866	-0.483344	0.871480	0.083072	-0.874297	-0.475714	-0.096439
40197	9.722826	0.819250	-0.809481	0.049918	0.040322	-0.144275	-0.043516	-0.120303	0.991783	-0.484050	0.870959	0.084409	-0.873957	-0.476400	-0.096134
40198	9.675448	1.025773	-0.668161	0.036281	0.050021	-0.164518	-0.042341	-0.121483	0.991690	-0.484470	0.870574	0.085961	-0.873783	-0.476804	-0.095716
40199	9.700758	1.133703	-0.721847	-0.000940	0.047957	-0.173290	-0.041159	-0.122732	0.991586	-0.484492	0.870396	0.087622	-0.873827	-0.476809	-0.095287
40200	9.762695	1.072519	-0.790418	-0.034509	0.046539	-0.169848	-0.039988	-0.123974	0.991479	-0.484291	0.870338	0.089294	-0.873993	-0.476594	-0.094842
40201	9.763374	0.920136	-0.969934	-0.060911	0.039609	-0.167496	-0.038879	-0.125230	0.991366	-0.483934	0.870364	0.090967	-0.874240	-0.476219	-0.094442
40202	9.662471	0.783644	-1.068945	-0.060946	0.034064	-0.166054	-0.037836	-0.126499	0.991245	-0.483497	0.870432	0.092626	-0.874528	-0.475759	-0.094096
40203	9.625006	0.699890	-1.129359	-0.060452	0.015549	-0.174116	-0.036942	-0.127906	0.991098	-0.482925	0.870564	0.094350	-0.874882	-0.475140	-0.093929
40204	9.591079	0.759862	-1.177389	-0.063270	0.005464	-0.166755	-0.036148	-0.129316	0.990944	-0.482464	0.870637	0.096017	-0.875170	-0.474624	-0.093862
40205	9.625772	0.836844	-1.209177	-0.067718	-0.013338	-0.163426	-0.035544	-0.130778	0.990774	-0.481934	0.870750	0.097646	-0.875487	-0.474017	-0.093976
40206	9.610251	0.973056	-1.243035	-0.075231	-0.039380	-0.165274	-0.035152	-0.132388	0.990574	-0.481365	0.870876	0.099309	-0.875815	-0.473337	-0.094340
40207	9.654652	1.160697	-1.263059	-0.088525	-0.061445	-0.164880	-0.034978	-0.134083	0.990353	-0.480610	0.871103	0.100963	-0.876237	-0.472442	-0.094911
40208	9.714554	1.230477	-1.228481	-0.110432	-0.077367	-0.156637	-0.034963	-0.135797	0.990120	-0.479729	0.871400	0.102574	-0.876720	-0.471403	-0.095613
40209	9.813785	1.130901	-1.210492	-0.134610	-0.073687	-0.150344	-0.034983	-0.137415	0.989896	-0.478412	0.871939	0.104133	-0.877438	-0.469935	-0.096244
40210	9.819663	0.920924	-1.152014	-0.153527	-0.065095	-0.151162	-0.034891	-0.139023	0.989674	-0.477149	0.872439	0.105733	-0.878129	-0.468533	-0.096775
40211	9.792888	0.753852	-1.142258	-0.161791	-0.056080	-0.151219	-0.034738	-0.140577	0.989460	-0.475778	0.872993	0.107326	-0.878879	-0.467035	-0.097210
40212	9.837955	0.594080	-0.942088	-0.163809	-0.041301	-0.133799	-0.034524	-0.141922	0.989276	-0.474416	0.873556	0.108765	-0.879624	-0.465573	-0.097489
40213	9.919373	0.441888	-0.719599	-0.157871	-0.014149	-0.116076	-0.034144	-0.142991	0.989135	-0.473189	0.874063	0.110022	-0.880299	-0.464291	-0.097506
40214	9.809033	0.318937	-0.726208	-0.117240	0.002817	-0.112573	-0.033645	-0.143947	0.989013	-0.472227	0.874434	0.111205	-0.880834	-0.463298	-0.097396
40215	9.583724	0.575805	-0.746041	-0.035819	-0.006610	-0.123959	-0.033173	-0.145044	0.988869	-0.472031	0.874385	0.112417	-0.880958	-0.463047	-0.097471
40216	9.462081	1.056617	-0.765799	0.052215	-0.027412	-0.150786	-0.032761	-0.146473	0.988672	-0.472573	0.873912	0.113812	-0.880683	-0.463491	-0.097849
40217	9.406938	1.568864	-0.919093	0.103515	-0.045374	-0.164098	-0.032429	-0.148103	0.988440	-0.473715	0.873101	0.115280	-0.880081	-0.464500	-0.098472
40218	9.246616	1.961232	-1.157481	0.115965	-0.072116	-0.159965	-0.032363	-0.149819	0.988184	-0.474819	0.872312	0.116701	-0.879488	-0.465431	-0.099368
40219	9.531582	2.110941	-0.980591	0.069583	-0.098624	-0.132481	-0.032678	-0.151404	0.987932	-0.475450	0.871809	0.117882	-0.879136	-0.465860	-0.100474
40220	9.700831	2.169929	-0.935237	-0.035928	-0.098946	-0.102918	-0.033117	-0.152747	0.987710	-0.475200	0.871808	0.118890	-0.879254	-0.465423	-0.101457
40221	9.734633	2.098274	-0.965626	-0.152980	-0.101331	-0.062716	-0.033815	-0.153722	0.987535	-0.473655	0.872551	0.119604	-0.880061	-0.463707	-0.102317
40222	9.700405	2.006285	-1.011010	-0.239275	-0.093186	-0.050865	-0.034454	-0.154581	0.987379	-0.471598	0.873568	0.120307	-0.881140	-0.461501	-0.102998
40223	9.701071	1.806526	-0.830086	-0.309733	-0.083145	-0.050762	-0.035014	-0.155385	0.987233	-0.468910	0.874908	0.121075	-0.882552	-0.458684	-0.103495
40224	9.795621	1.562462	-0.555546	-0.353441	-0.055789	-0.052286	-0.035321	-0.156082	0.987112	-0.465838	0.876431	0.121913	-0.884165	-0.455529	-0.103665
40225	9.886454	1.352953	-0.231826	-0.371642	-0.024256	-0.057110	-0.035344	-0.156666	0.987019	-0.462496	0.878074	0.122813	-0.885917	-0.452152	-0.103492
40226	9.970946	1.137712	0.020619	-0.348162	0.008703	-0.053514	-0.035078	-0.157081	0.986963	-0.459460	0.879549	0.123655	-0.887505	-0.449132	-0.103025
40227	9.899369	0.821287	0.072605	-0.289530	0.041890	-0.061395	-0.034507	-0.157401	0.986932	-0.456814	0.880806	0.124503	-0.888893	-0.446548	-0.102297
40228	9.567392	0.521194	-0.097774	-0.173615	0.051389	-0.085328	-0.033720	-0.157907	0.986878	-0.455332	0.881435	0.125477	-0.889683	-0.445126	-0.101622
40229	9.288386	0.574771	-0.413467	-0.007853	0.024169	-0.108958	-0.033064	-0.158738	0.986767	-0.455396	0.881255	0.126505	-0.889675	-0.445187	-0.101427
40230	9.285378	1.136530	-0.560834	0.147527	-0.036696	-0.120961	-0.032897	-0.159950	0.986577	-0.456781	0.880394	0.127504	-0.888971	-0.446455	-0.102025
40231	9.497374	1.919355	-0.647205	0.216583	-0.070637	-0.118030	-0.033043	-0.161281	0.986355	-0.458834	0.879197	0.128389	-0.887907	-0.448331	-0.103053
40232	9.613836	2.457516	-0.891300	0.199869	-0.086967	-0.104401	-0.033393	-0.162573	0.986131	-0.460675	0.878120	0.129167	-0.886940	-0.449973	-0.104216
40233	9.679395	2.407908	-1.079387	0.130286	-0.089880	-0.076837	-0.033884	-0.163635	0.985939	-0.461965	0.877358	0.129738	-0.886251	-0.451073	-0.105322
40234	9.674584	2.031855	-1.242474	0.061991	-0.080399	-0.037506	-0.034481	-0.164311	0.985806	-0.462559	0.877006	0.129997	-0.885918	-0.451511	-0.106244
40235	9.651764	1.666462	-1.377410	0.015175	-0.073734	-0.011243	-0.035157	-0.164713	0.985715	-0.462663	0.876946	0.130036	-0.885837	-0.451482	-0.107038
40236	9.612257	1.547950	-1.374370	-0.015336	-0.064361	0.023197	-0.035893	-0.164784	0.985676	-0.462551	0.877043	0.129779	-0.885866	-0.451268	-0.107701
40237	9.615631	1.744732	-1.341691	-0.024029	-0.067421	0.029271	-0.036705	-0.164800	0.985644	-0.462274	0.877236	0.129459	-0.885977	-0.450886	-0.108382
40238	9.474242	1.846061	-1.389248	-0.036308	-0.090041	0.025066	-0.037677	-0.164969	0.985579	-0.461976	0.877431	0.129206	-0.886092	-0.450445	-0.109271
40239	9.533863	1.753533	-1.399822	-0.053491	-0.119044	0.024678	-0.038919	-0.165260	0.985482	-0.461507	0.877713	0.128962	-0.886283	-0.449787	-0.110428
40240	9.699479	1.638075	-1.323626	-0.075482	-0.132867	0.037355	-0.040327	-0.165513	0.985383	-0.460855	0.878104	0.128632	-0.886559	-0.448931	-0.111689
40241	9.772192	1.587603	-1.118282	-0.097782	-0.113940	0.056663	-0.041679	-0.165493	0.985330	-0.459953	0.878652	0.128119	-0.886964	-0.447866	-0.112741
40242	9.762951	1.728049	-0.862712	-0.135991	-0.104170	0.077053	-0.043016	-0.165265	0.985311	-0.458746	0.879377	0.127469	-0.887526	-0.446524	-0.113642
40243	9.815383	1.775077	-0.606469	-0.183442	-0.079526	0.100722	-0.044241	-0.164713	0.985349	-0.457135	0.880336	0.126634	-0.888296	-0.444835	-0.114243
40244	9.802822	1.728522	-0.507525	-0.226104	-0.043717	0.097005	-0.045131	-0.164036	0.985422	-0.455114	0.881489	0.125891	-0.889289	-0.442798	-0.114437
40245	9.671036	1.504499	-0.606893	-0.241829	-0.023110	0.087043	-0.045825	-0.163329	0.985507	-0.452765	0.882788	0.125252	-0.890451	-0.440464	-0.114404
40246	9.653656	1.241085	-0.740831	-0.190594	-0.009120	0.078644	-0.046320	-0.162657	0.985595	-0.451063	0.883745	0.124650	-0.891289	-0.438792	-0.114304
40247	9.584805	0.963082	-1.042150	-0.082038	-0.011466	0.073617	-0.046821	-0.162030	0.985674	-0.450346	0.884208	0.123959	-0.891626	-0.438090	-0.114369
40248	9.457980	0.633534	-1.338050	0.042306	-0.029051	0.074998	-0.047476	-0.161477	0.985734	-0.450720	0.884133	0.123126	-0.891402	-0.438444	-0.114756
40249	9.397851	0.499314	-1.528377	0.175412	-0.058708	0.088672	-0.048463	-0.160927	0.985776	-0.452306	0.883480	0.121991	-0.890545	-0.439961	-0.115604
40250	9.437476	0.657905	-1.572192	0.283390	-0.090588	0.103699	-0.049798	-0.160394	0.985796	-0.454809	0.882386	0.120593	-0.889196	-0.442344	-0.116889
40251	9.588034	1.273358	-1.479848	0.341743	-0.116801	0.124372	-0.051485	-0.159780	0.985809	-0.457682	0.881129	0.118911	-0.887624	-0.445065	-0.118494
40252	9.573127	2.060629	-1.211827	0.339882	-0.129494	0.131844	-0.053297	-0.159181	0.985810	-0.460659	0.879811	0.117160	-0.885976	-0.447877	-0.120220
40253	9.529740	2.608460	-0.983227	0.269642	-0.140455	0.139189	-0.055214	-0.158586	0.985800	-0.463179	0.878717	0.115418	-0.884543	-0.450229	-0.121971
40254	9.578770	2.824568	-0.724323	0.165287	-0.143909	0.156843	-0.057272	-0.157841	0.985802	-0.464583	0.878210	0.113623	-0.883675	-0.451480	-0.123627
40255	9.582394	2.686290	-0.562150	0.034745	-0.138364	0.190006	-0.059434	-0.156780	0.985844	-0.464831	0.878331	0.111659	-0.883403	-0.451614	-0.125078
40256	9.643100	2.452713	-0.422123	-0.071383	-0.126064	0.219526	-0.061625	-0.155403	0.985927	-0.464098	0.878985	0.109538	-0.883637	-0.450817	-0.126290
40257	9.744781	2.100958	-0.326520	-0.144181	-0.097074	0.247913	-0.063734	-0.153609	0.986074	-0.462478	0.880125	0.107213	-0.884337	-0.449204	-0.127135
40258	9.650330	1.836200	-0.456157	-0.145753	-0.073097	0.248268	-0.065586	-0.151734	0.986243	-0.461059	0.881147	0.104904	-0.884943	-0.447836	-0.127749
40259	9.635528	1.451867	-0.465281	-0.128001	-0.053155	0.253400	-0.067286	-0.149716	0.986437	-0.459784	0.882093	0.102517	-0.885478	-0.446650	-0.128189
40260	9.656804	1.166638	-0.408964	-0.078064	-0.032380	0.251192	-0.068785	-0.147627	0.986648	-0.458953	0.882804	0.100093	-0.885794	-0.445940	-0.128477
40261	9.661444	1.127181	-0.286871	-0.032459	-0.010350	0.251389	-0.070099	-0.145426	0.986883	-0.458517	0.883310	0.097595	-0.885917	-0.445661	-0.128600
40262	9.558800	1.182962	-0.401710	0.020866	-0.007935	0.237324	-0.071316	-0.143348	0.987099	-0.458565	0.883549	0.095180	-0.885795	-0.445861	-0.128745
40263	9.497423	1.157423	-0.765571	0.090011	-0.030269	0.223365	-0.072657	-0.141496	0.987269	-0.459263	0.883438	0.092816	-0.885324	-0.446673	-0.129172
40264	9.510027	0.966951	-1.404870	0.174858	-0.058720	0.226814	-0.074278	-0.139739	0.987399	-0.460675	0.882963	0.090304	-0.884456	-0.448162	-0.129959
40265	9.311469	0.832326	-1.902039	0.265009	-0.096257	0.240537	-0.076302	-0.138023	0.987485	-0.462827	0.882116	0.087533	-0.883159	-0.450356	-0.131188
40266	9.342103	1.055600	-2.054954	0.311350	-0.141223	0.263775	-0.078831	-0.136319	0.987524	-0.465400	0.881060	0.084471	-0.881583	-0.452934	-0.132898
40267	9.395286	1.551952	-1.984234	0.285094	-0.177807	0.285045	-0.081792	-0.134590	0.987520	-0.467675	0.880161	0.081223	-0.880108	-0.455195	-0.134934
40268	9.744572	1.799495	-1.744810	0.215596	-0.201837	0.305933	-0.085059	-0.132802	0.987486	-0.469345	0.879575	0.077862	-0.878908	-0.456849	-0.137146
40269	10.064118	1.861241	-1.517550	0.110282	-0.200887	0.322081	-0.088390	-0.130876	0.987451	-0.470129	0.879449	0.074478	-0.878160	-0.457646	-0.139263
40270	10.233150	1.625975	-1.177731	0.022984	-0.168003	0.334671	-0.091497	-0.128684	0.987456	-0.470060	0.879767	0.071095	-0.877879	-0.457658	-0.140986
40271	10.159682	1.299340	-0.919907	-0.021496	-0.130726	0.345801	-0.094331	-0.126221	0.987507	-0.469605	0.880281	0.067657	-0.877823	-0.457356	-0.142311
40272	9.973194	1.072334	-0.673970	-0.034981	-0.112146	0.344775	-0.096992	-0.123681	0.987571	-0.468997	0.880859	0.064256	-0.877858	-0.456936	-0.143442
40273	9.926694	0.825635	-0.344455	-0.020941	-0.083026	0.333737	-0.099321	-0.121132	0.987655	-0.468716	0.881244	0.060945	-0.877747	-0.456877	-0.144303
40274	10.055644	0.741370	0.079394	-0.015509	-0.038223	0.337130	-0.101295	-0.118318	0.987796	-0.468271	0.881706	0.057591	-0.877759	-0.456722	-0.144717
40275	10.213799	0.873971	0.517285	0.025654	0.021290	0.329798	-0.102704	-0.115304	0.988007	-0.468280	0.881913	0.054245	-0.877591	-0.457093	-0.144570
40276	10.318188	1.174823	1.059390	0.051527	0.107793	0.317583	-0.103304	-0.111994	0.988325	-0.468434	0.882026	0.050986	-0.877438	-0.457698	-0.143578
40277	10.239312	1.593851	1.357769	0.054656	0.207003	0.283508	-0.102857	-0.108546	0.988756	-0.468772	0.882011	0.048063	-0.877310	-0.458557	-0.141604
40278	10.315022	2.080157	1.592085	0.033584	0.295349	0.244582	-0.101470	-0.105017	0.989280	-0.468846	0.882105	0.045551	-0.877432	-0.459198	-0.138744
40279	10.508737	2.399759	1.831186	-0.006854	0.403666	0.188884	-0.098847	-0.101508	0.989912	-0.468825	0.882212	0.043650	-0.877743	-0.459781	-0.134793
40280	11.165654	2.751765	2.446031	-0.059423	0.547583	0.134601	-0.094727	-0.097786	0.990689	-0.468203	0.882606	0.042350	-0.878529	-0.459832	-0.129391
40281	12.378554	3.079509	3.344906	-0.135807	0.748229	0.068024	-0.088519	-0.093726	0.991655	-0.466973	0.883283	0.041800	-0.879830	-0.459376	-0.121955
40282	13.309666	3.267314	4.136034	-0.284580	1.048024	-0.007580	-0.079310	-0.088970	0.992872	-0.464502	0.884568	0.042161	-0.882013	-0.457847	-0.111482
40283	13.319350	3.040950	4.364137	-0.519920	1.391810	-0.080808	-0.066683	-0.083313	0.994290	-0.459955	0.886878	0.043465	-0.885435	-0.454430	-0.097460
40284	12.753104	2.554864	4.179292	-0.734604	1.679502	-0.118121	-0.051295	-0.076756	0.995730	-0.453535	0.890089	0.045249	-0.889761	-0.449278	-0.080468
40285	11.878550	1.948114	3.538445	-0.873539	1.871867	-0.135022	-0.034035	-0.069578	0.996996	-0.445701	0.893938	0.047171	-0.894535	-0.442756	-0.061436
40286	11.356340	1.145588	2.671931	-0.919572	1.986115	-0.137342	-0.015674	-0.062065	0.997949	-0.437521	0.897874	0.048969	-0.899072	-0.435856	-0.041228
40287	11.072728	0.219382	1.683026	-0.880868	2.062330	-0.108730	0.003346	-0.054104	0.998530	-0.429679	0.901580	0.050291	-0.902975	-0.429216	-0.020231
40288	10.599985	-0.560906	0.550478	-0.777236	2.071250	-0.060954	0.022283	-0.045807	0.998702	-0.422676	0.904848	0.050933	-0.906007	-0.423263	0.000801
40289	10.239327	-0.928060	-0.370708	-0.626109	1.955969	-0.020596	0.040091	-0.037743	0.998483	-0.416829	0.907551	0.051042	-0.908100	-0.418243	0.020653
40290	9.951604	-0.908190	-0.854926	-0.443496	1.779525	-0.057562	0.056442	-0.030833	0.997930	-0.412808	0.909364	0.051445	-0.909068	-0.414857	0.038598
40291	9.645241	-0.640076	-0.876632	-0.255600	1.578742	-0.152927	0.071416	-0.025680	0.997116	-0.410261	0.910436	0.052832	-0.909168	-0.412851	0.054484
40292	9.521874	-0.573363	-0.915619	-0.075386	1.369193	-0.297622	0.085022	-0.022720	0.996120	-0.409381	0.910661	0.055713	-0.908393	-0.412529	0.068125
40293	9.573209	-0.547144	-1.010435	0.039352	1.207942	-0.473126	0.097919	-0.022038	0.994950	-0.409117	0.910479	0.060431	-0.907213	-0.412968	0.080137
40294	9.840149	-0.623099	-1.416340	0.066511	1.116028	-0.614600	0.110493	-0.023000	0.993611	-0.409118	0.910051	0.066561	-0.905767	-0.413859	0.091144
40295	10.286058	-0.531435	-2.192098	0.046594	1.150595	-0.668642	0.123609	-0.024297	0.992033	-0.408770	0.909696	0.073214	-0.904228	-0.414563	0.102515
40296	10.601809	-0.372933	-2.548998	0.018399	1.263406	-0.634348	0.137557	-0.024807	0.990183	-0.408148	0.909449	0.079485	-0.902493	-0.415075	0.114976
40297	10.702624	-0.223058	-2.251604	-0.012108	1.368399	-0.534806	0.152036	-0.023966	0.988084	-0.407294	0.909358	0.084727	-0.900553	-0.415323	0.128494
40298	10.734041	-0.394226	-1.637441	-0.069690	1.410160	-0.398175	0.166284	-0.021713	0.985839	-0.406074	0.909542	0.088527	-0.898584	-0.415044	0.142425
40299	10.428391	-0.590859	-1.444349	-0.134647	1.396855	-0.283253	0.179929	-0.018475	0.983506	-0.404428	0.910023	0.091084	-0.896696	-0.414146	0.156268
40300	9.934996	-0.725998	-1.643754	-0.169123	1.304753	-0.206344	0.192394	-0.014939	0.981204	-0.402571	0.910673	0.092801	-0.894942	-0.412859	0.169194
40301	9.607543	-0.594000	-1.634457	-0.146209	1.154814	-0.174755	0.203377	-0.011746	0.979030	-0.400967	0.911234	0.094227	-0.893232	-0.411722	0.180615
40302	9.606799	-0.116508	-1.449651	-0.148588	1.012595	-0.163949	0.213014	-0.009058	0.977007	-0.399342	0.911812	0.095521	-0.891712	-0.410508	0.190612
40303	9.611065	0.291697	-1.250587	-0.190296	0.894510	-0.145416	0.221519	-0.006696	0.975133	-0.397378	0.912563	0.096538	-0.890517	-0.408882	0.199489
40304	9.288113	0.548972	-1.084368	-0.273087	0.780562	-0.115777	0.228870	-0.004551	0.973446	-0.394730	0.913654	0.097078	-0.889835	-0.406466	0.207312
40305	8.811635	0.660372	-0.919782	-0.407816	0.663595	-0.075522	0.235024	-0.002533	0.971986	-0.390973	0.915285	0.096922	-0.889890	-0.402799	0.214123
40306	8.329344	0.590420	-0.727345	-0.539016	0.542330	-0.041517	0.239958	-0.000722	0.970783	-0.386119	0.917427	0.096123	-0.890692	-0.397904	0.219865
40307	7.940961	0.451268	-0.505271	-0.639502	0.426737	-0.003425	0.243725	0.000955	0.969844	-0.380458	0.919936	0.094705	-0.892104	-0.392067	0.224575
40308	7.551952	0.254022	-0.324855	-0.707527	0.302100	0.030435	0.246253	0.002431	0.969202	-0.374258	0.922672	0.092777	-0.894030	-0.385578	0.228121
40309	7.275427	0.008834	-0.133728	-0.727242	0.181876	0.062607	0.247598	0.003728	0.968856	-0.367950	0.925434	0.090472	-0.896275	-0.378891	0.230508
40310	7.174956	-0.003345	0.202655	-0.732826	0.062018	0.076688	0.247820	0.004693	0.968795	-0.361607	0.928168	0.088004	-0.898791	-0.372132	0.231716
40311	7.280432	0.011234	0.482564	-0.735216	-0.033334	0.081010	0.247178	0.005347	0.968955	-0.355236	0.930860	0.085483	-0.901505	-0.365337	0.231988
40312	7.400229	-0.010261	0.732065	-0.733907	-0.110111	0.078802	0.245852	0.005706	0.969291	-0.348848	0.933498	0.082987	-0.904357	-0.358537	0.231493
40313	7.574121	-0.166344	1.028076	-0.715439	-0.170602	0.080502	0.243976	0.005877	0.969763	-0.342610	0.936021	0.080523	-0.907245	-0.351896	0.230380
40314	7.653350	-0.248359	1.477832	-0.651840	-0.221316	0.080654	0.241637	0.005884	0.970349	-0.336928	0.938276	0.078213	-0.909995	-0.345837	0.228705
40315	7.986784	-0.196405	2.171300	-0.534470	-0.284502	0.056701	0.238803	0.005465	0.971053	-0.332238	0.940095	0.076414	-0.912464	-0.340869	0.226313
40316	8.614315	0.111049	3.003102	-0.394032	-0.333310	-0.017455	0.235761	0.004194	0.971802	-0.328642	0.941419	0.075666	-0.914555	-0.337214	0.223328
40317	9.427480	0.393889	3.868251	-0.238482	-0.350798	-0.125335	0.232908	0.001861	0.972497	-0.326209	0.942211	0.076323	-0.916156	-0.335014	0.220056
40318	10.068140	0.565876	4.601362	-0.083075	-0.305126	-0.215857	0.230760	-0.001170	0.973010	-0.324992	0.942477	0.078209	-0.917131	-0.334268	0.217106
40319	10.458023	0.312377	5.134369	0.039314	-0.194527	-0.265886	0.229789	-0.004299	0.973231	-0.324784	0.942326	0.080847	-0.917449	-0.334668	0.215140
40320	10.633480	-0.196732	5.753170	0.230866	-0.071618	-0.265567	0.229942	-0.007017	0.973179	-0.326335	0.941524	0.083895	-0.916860	-0.336874	0.214206
40321	10.735513	0.032825	5.841300	0.479991	0.007042	-0.279344	0.230875	-0.009593	0.972936	-0.330133	0.939860	0.087606	-0.915265	-0.341424	0.213823
40322	9.761767	0.308697	4.169102	0.802205	0.075070	-0.354363	0.232688	-0.012636	0.972469	-0.336687	0.937039	0.092736	-0.912414	-0.348996	0.213783
40323	9.239815	0.164421	3.983610	1.334873	-0.006717	-0.539945	0.234426	-0.017678	0.971973	-0.347618	0.932203	0.100795	-0.907858	-0.361505	0.212387
40324	8.766173	0.888000	4.471396	1.766941	-0.010557	-0.794926	0.237095	-0.025079	0.971163	-0.361775	0.925486	0.112221	-0.901612	-0.377950	0.210356
40325	8.631933	1.891483	4.723269	1.891870	-0.028527	-1.016424	0.240543	-0.034530	0.970024	-0.376383	0.917855	0.126008	-0.894692	-0.395411	0.207787
40326	8.156788	2.756312	4.211977	1.799713	-0.063361	-1.086745	0.244087	-0.044699	0.968723	-0.389836	0.910146	0.140222	-0.887947	-0.411869	0.204729
40327	7.310994	3.380711	3.893622	1.527110	-0.106609	-0.989568	0.247010	-0.054093	0.967502	-0.400966	0.903248	0.152870	-0.882163	-0.425696	0.201422
40328	6.342140	4.112629	4.142910	1.155363	-0.208458	-0.820473	0.248443	-0.062361	0.966637	-0.409145	0.897778	0.163077	-0.877995	-0.436010	0.197532
40329	5.979877	4.940844	4.394204	0.687582	-0.362940	-0.647463	0.247880	-0.069732	0.966278	-0.413616	0.894317	0.170644	-0.876058	-0.441967	0.192841
40330	6.072718	5.091727	3.970002	0.087990	-0.555671	-0.486893	0.244966	-0.076524	0.966507	-0.413231	0.893558	0.175484	-0.877059	-0.442378	0.187269
40331	6.321503	4.614493	2.816554	-0.521459	-0.730671	-0.319677	0.239816	-0.082574	0.967300	-0.407922	0.895580	0.177585	-0.880958	-0.437171	0.181090
40332	6.270119	3.509446	1.130263	-1.083758	-0.920635	-0.120800	0.232106	-0.087617	0.968736	-0.398098	0.900145	0.176796	-0.887494	-0.426687	0.174049
40333	6.769823	2.048367	0.187706	-1.435188	-1.139921	0.080948	0.221587	-0.091647	0.970825	-0.385538	0.906224	0.173546	-0.895690	-0.412745	0.165474
40334	7.918217	1.844744	0.171415	-1.625090	-1.291698	0.208856	0.209113	-0.094956	0.973270	-0.371402	0.912986	0.168872	-0.904617	-0.396788	0.155650
40335	8.993152	2.254550	0.661646	-1.804768	-1.332674	0.213895	0.196179	-0.098140	0.975645	-0.355479	0.920177	0.164039	-0.913865	-0.379002	0.145633
40336	11.406141	2.291966	2.662171	-1.946727	-1.285100	0.103263	0.183963	-0.101911	0.977636	-0.337837	0.927462	0.160252	-0.923051	-0.359762	0.136189
40337	15.372466	1.912893	6.020914	-2.097766	-1.068879	-0.034731	0.174125	-0.105943	0.979008	-0.318372	0.934743	0.157778	-0.931837	-0.339162	0.129033
40338	18.946254	-0.044038	7.742624	-2.401111	-0.673314	-0.000076	0.167768	-0.108125	0.979879	-0.295937	0.942600	0.154679	-0.940359	-0.315933	0.126140
40339	18.792339	-3.292422	5.218819	-2.419603	-0.281112	0.270522	0.164310	-0.106389	0.980655	-0.273596	0.950245	0.148931	-0.947706	-0.292774	0.127027
40340	15.305184	-4.646136	2.939953	-1.805065	-0.098699	0.436169	0.162161	-0.102485	0.981428	-0.257199	0.955823	0.142308	-0.952655	-0.275500	0.128638
40341	10.955692	-3.042267	1.622604	-0.896732	-0.000722	0.233817	0.161528	-0.100212	0.981767	-0.249072	0.958485	0.138815	-0.954920	-0.266953	0.129862
40342	7.767547	-1.375766	-1.004117	-0.162462	-0.086516	-0.084180	0.160858	-0.101221	0.981773	-0.247428	0.958827	0.139395	-0.955460	-0.265341	0.129190
40343	6.120169	-1.035951	-3.567461	0.280156	-0.228887	-0.331707	0.159461	-0.104972	0.981607	-0.249617	0.957732	0.142968	-0.955125	-0.267824	0.126518
40344	5.213564	-1.439334	-4.580339	0.635685	-0.417683	-0.521634	0.156737	-0.111064	0.981376	-0.254904	0.955443	0.148840	-0.954179	-0.273485	0.121442
40345	5.929786	-1.131583	-3.595275	0.994745	-0.698825	-0.631221	0.151670	-0.118988	0.981243	-0.263455	0.951949	0.156158	-0.952674	-0.282198	0.113034
40346	8.145222	0.181700	-2.235676	1.259245	-0.889391	-0.584432	0.144725	-0.127071	0.981279	-0.274615	0.947602	0.163212	-0.950601	-0.293094	0.102246
40347	9.985901	2.027580	-1.312838	1.273433	-0.970266	-0.460847	0.136760	-0.134288	0.981460	-0.286094	0.943195	0.168918	-0.948392	-0.303891	0.090573
40348	11.023951	3.390342	-0.600598	0.963099	-0.976398	-0.316091	0.128372	-0.140243	0.981760	-0.294844	0.939791	0.172801	-0.946883	-0.311648	0.079293
40349	11.155099	3.972183	-0.375273	0.451656	-0.930273	-0.180940	0.120056	-0.144821	0.982147	-0.298932	0.938116	0.174869	-0.946692	-0.314589	0.069335
40350	10.341452	3.859972	-0.788860	-0.096675	-0.865802	-0.086034	0.112056	-0.148317	0.982571	-0.297957	0.938287	0.175613	-0.947980	-0.312442	0.060949
40351	9.576538	3.084043	-1.178047	-0.497246	-0.863552	-0.047405	0.103954	-0.151402	0.982991	-0.293223	0.939751	0.175751	-0.950376	-0.306506	0.053296
40352	9.448730	2.365850	-1.150715	-0.677647	-0.859392	-0.035465	0.095823	-0.154311	0.983365	-0.286778	0.941743	0.175724	-0.953193	-0.298846	0.045988
40353	9.581071	1.818379	-0.945727	-0.694514	-0.821457	-0.013429	0.087974	-0.156828	0.983700	-0.280174	0.943767	0.175518	-0.955910	-0.291048	0.039088
40354	9.749291	1.423945	-0.622731	-0.624049	-0.762005	-0.006866	0.080646	-0.159057	0.983970	-0.274235	0.945546	0.175322	-0.958275	-0.283978	0.032635
40355	10.078558	1.186450	-0.423177	-0.521647	-0.700040	-0.001965	0.073889	-0.161009	0.984183	-0.269267	0.947006	0.175142	-0.960227	-0.277949	0.026619
40356	10.160904	0.906030	-0.381870	-0.417576	-0.630437	-0.000353	0.067778	-0.162722	0.984341	-0.265293	0.948152	0.175006	-0.961783	-0.273000	0.021095
40357	10.135186	0.613693	-0.265955	-0.301269	-0.568022	-0.014519	0.062302	-0.164365	0.984430	-0.262420	0.948944	0.175048	-0.962940	-0.269240	0.015989
40358	9.816213	0.408196	-0.254711	-0.140064	-0.526991	-0.034138	0.057262	-0.166075	0.984449	-0.261089	0.949259	0.175325	-0.963615	-0.267069	0.010996
40359	9.585644	0.561837	-0.327568	0.046680	-0.517439	-0.056424	0.052374	-0.167956	0.984402	-0.261542	0.949040	0.175838	-0.963770	-0.266672	0.005778
40360	9.409084	1.001613	-0.450908	0.227850	-0.523779	-0.072548	0.047464	-0.170017	0.984297	-0.263740	0.948305	0.176518	-0.963425	-0.267977	0.000170
40361	9.295022	1.359378	-0.616821	0.370954	-0.541744	-0.094391	0.042449	-0.172335	0.984123	-0.267303	0.947144	0.177389	-0.962677	-0.270589	-0.005861
40362	9.377426	1.656660	-0.703207	0.473888	-0.557173	-0.083771	0.037260	-0.174618	0.983931	-0.271867	0.945705	0.178129	-0.961613	-0.274135	-0.012236
40363	9.515082	1.943968	-0.748075	0.519290	-0.542900	-0.063530	0.032167	-0.176682	0.983742	-0.276867	0.944160	0.178626	-0.960370	-0.278112	-0.018547
40364	9.422480	2.211469	-0.815631	0.514947	-0.541252	-0.042560	0.027037	-0.178572	0.983555	-0.281834	0.942639	0.178891	-0.959082	-0.282036	-0.024841
40365	9.462395	2.403804	-0.852128	0.506262	-0.553027	-0.004553	0.021699	-0.180151	0.983400	-0.286717	0.941193	0.178746	-0.957770	-0.285836	-0.031229
40366	9.554345	2.491176	-0.957478	0.461317	-0.561781	0.036250	0.016163	-0.181399	0.983277	-0.291176	0.939928	0.178188	-0.956533	-0.289187	-0.037627
40367	9.579229	2.390853	-1.085527	0.392180	-0.571075	0.073673	0.010437	-0.182333	0.983181	-0.294966	0.938922	0.177256	-0.955451	-0.291856	-0.043983
40368	9.658560	2.240195	-1.023949	0.327494	-0.565876	0.095218	0.004696	-0.183070	0.983089	-0.298138	0.938134	0.176123	-0.954511	-0.293923	-0.050175
40369	9.597134	2.190630	-0.962062	0.276904	-0.546195	0.098111	-0.000861	-0.183727	0.982977	-0.300813	0.937496	0.174963	-0.953683	-0.295542	-0.056074
40370	9.589422	2.145300	-0.925094	0.247332	-0.537374	0.086043	-0.006298	-0.184487	0.982815	-0.303204	0.936919	0.173929	-0.952905	-0.296898	-0.061838
40371	9.565257	2.049580	-0.817048	0.234102	-0.513401	0.070622	-0.011455	-0.185321	0.982611	-0.305458	0.936351	0.173035	-0.952137	-0.298165	-0.067334
40372	9.529116	1.936881	-0.732215	0.252318	-0.494256	0.065455	-0.016414	-0.186160	0.982382	-0.307886	0.935715	0.172172	-0.951282	-0.299636	-0.072675
40373	9.488600	1.869944	-0.837480	0.286469	-0.490047	0.058569	-0.021306	-0.187053	0.982119	-0.310630	0.934962	0.171333	-0.950292	-0.301425	-0.078025
40374	9.563655	1.958153	-0.884690	0.310549	-0.477646	0.070411	-0.026117	-0.187814	0.981857	-0.313598	0.934151	0.170347	-0.949197	-0.303459	-0.083296
40375	9.690152	2.033799	-0.740636	0.301340	-0.460088	0.074393	-0.030768	-0.188489	0.981593	-0.316466	0.933372	0.169310	-0.948105	-0.305432	-0.088369
40376	9.805548	2.056057	-0.500987	0.259681	-0.422392	0.080102	-0.035081	-0.189010	0.981348	-0.318935	0.932724	0.168244	-0.947127	-0.307084	-0.093002
40377	9.719044	2.024424	-0.316610	0.215456	-0.381699	0.083816	-0.039014	-0.189372	0.981130	-0.320975	0.932218	0.167168	-0.946284	-0.308396	-0.097153
40378	9.672287	2.110377	-0.094753	0.217248	-0.356394	0.079393	-0.042696	-0.189709	0.980912	-0.323031	0.931693	0.166130	-0.945425	-0.309772	-0.101061
40379	9.673499	2.307266	0.234725	0.204867	-0.330492	0.063619	-0.046076	-0.190112	0.980681	-0.324970	0.931176	0.165247	-0.944601	-0.311078	-0.104685
40380	9.515110	2.572404	0.393541	0.185727	-0.309707	0.050292	-0.049219	-0.190584	0.980436	-0.326734	0.930689	0.164511	-0.943834	-0.312245	-0.108078
40381	9.225341	2.407879	-0.043814	0.162647	-0.335873	0.036623	-0.052558	-0.191263	0.980131	-0.328282	0.930247	0.163925	-0.943117	-0.313143	-0.111680
40382	9.200980	1.689799	-0.643155	0.163132	-0.380624	0.067531	-0.056424	-0.191804	0.979810	-0.329816	0.929861	0.163033	-0.942357	-0.313958	-0.115726
40383	9.334072	1.180234	-1.119578	0.204506	-0.417958	0.106974	-0.060763	-0.192094	0.979494	-0.331712	0.929420	0.161696	-0.941422	-0.315085	-0.120195
40384	9.316551	1.100583	-1.513284	0.251269	-0.446047	0.129640	-0.065447	-0.192274	0.979157	-0.334027	0.928872	0.160073	-0.940288	-0.316589	-0.125017
40385	9.286003	1.323263	-1.781051	0.298728	-0.480959	0.149851	-0.070518	-0.192380	0.978784	-0.336764	0.928208	0.158176	-0.938945	-0.318464	-0.130242
40386	9.275550	1.609945	-1.827761	0.335765	-0.511922	0.161013	-0.075921	-0.192497	0.978356	-0.339829	0.927441	0.156108	-0.937418	-0.320621	-0.135829
40387	9.376347	1.888960	-1.723011	0.346470	-0.548606	0.173104	-0.081701	-0.192628	0.977865	-0.342968	0.926657	0.153886	-0.935787	-0.322804	-0.141774
40388	9.438647	2.133698	-1.447554	0.321694	-0.572760	0.176275	-0.087719	-0.192825	0.977304	-0.345858	0.925950	0.151650	-0.934177	-0.324706	-0.147913
