// General information: 
//  MT Manager version: 2022.2.0 
//  XDA version: 2022.2.0 build 7381 rev 124627 built on 2023-07-19
// Device information: 
//  DeviceId: 00B4CAF0
//  ProductCode: MTW2-3A7G6
//  Firmware Version: 4.6.0
//  Hardware Version: 2.0.0
// Device settings: 
//  Filter Profile: human(46.1)
//  Option Flags: Orientation Smoother Disabled, Position/Velocity Smoother Disabled, Continuous Zero Rotation Update Disabled, AHS Disabled, ICC Disabled
// Coordinate system: ENU
PacketCounter	Acc_X	Acc_Y	Acc_Z	Gyr_X	Gyr_Y	Gyr_Z	Mat[1][1]	Mat[2][1]	Mat[3][1]	Mat[1][2]	Mat[2][2]	Mat[3][2]	Mat[1][3]	Mat[2][3]	Mat[3][3]
55848	5.610978	-1.770073	8.369916	0.025815	-0.025892	0.002365	-0.644546	-0.537097	0.544138	0.543813	-0.822317	-0.167516	0.537426	0.187938	0.822102
55849	5.644058	-1.707279	8.481289	0.024927	-0.021911	0.006443	-0.644398	-0.537078	0.544333	0.543946	-0.822261	-0.167361	0.537470	0.188241	0.822004
55850	5.582699	-1.767181	8.382946	0.022409	-0.008953	0.005488	-0.644323	-0.537076	0.544424	0.544063	-0.822212	-0.167220	0.537442	0.188457	0.821973
55851	5.598040	-1.761735	8.413835	0.029123	-0.020015	0.007127	-0.644181	-0.537066	0.544602	0.544223	-0.822144	-0.167035	0.537451	0.188784	0.821893
55852	5.657350	-1.727497	8.459597	0.030414	-0.005016	0.008972	-0.644108	-0.537100	0.544655	0.544404	-0.822062	-0.166847	0.537354	0.189045	0.821896
55853	5.633139	-1.703758	8.449278	0.021892	-0.001042	0.012770	-0.644037	-0.537172	0.544668	0.544562	-0.821977	-0.166752	0.537279	0.189211	0.821907
55854	5.630114	-1.653378	8.445359	0.036681	-0.001244	0.009954	-0.643979	-0.537221	0.544688	0.544784	-0.821877	-0.166518	0.537124	0.189503	0.821941
55855	5.594160	-1.621516	8.534839	0.015553	0.001101	0.017033	-0.643896	-0.537332	0.544676	0.544935	-0.821781	-0.166499	0.537070	0.189605	0.821952
55856	5.579977	-1.829884	8.413130	0.001114	-0.001053	0.012320	-0.643826	-0.537401	0.544691	0.544980	-0.821736	-0.166570	0.537107	0.189604	0.821929
55857	5.606741	-1.798403	8.473570	0.011151	0.002548	0.010692	-0.643786	-0.537462	0.544678	0.545067	-0.821683	-0.166552	0.537068	0.189662	0.821941
55858	5.570933	-1.828287	8.436265	0.004402	-0.001450	0.006340	-0.643747	-0.537481	0.544705	0.545092	-0.821664	-0.166563	0.537089	0.189690	0.821920
55859	5.575001	-1.756450	8.407105	0.017436	0.002252	0.006347	-0.643728	-0.537507	0.544702	0.545184	-0.821622	-0.166470	0.537018	0.189801	0.821941
55860	5.607395	-1.676808	8.440608	0.011777	0.003761	0.000875	-0.643747	-0.537491	0.544696	0.545213	-0.821618	-0.166391	0.536966	0.189862	0.821961
55861	5.587047	-1.624205	8.482222	0.015310	0.002229	0.005965	-0.643730	-0.537513	0.544694	0.545292	-0.821582	-0.166313	0.536906	0.189956	0.821978
55862	5.581181	-1.731429	8.383205	0.001778	0.002378	0.007911	-0.643703	-0.537552	0.544687	0.545313	-0.821560	-0.166355	0.536918	0.189941	0.821974
55863	5.525157	-1.709205	8.387334	0.022021	0.004006	0.004908	-0.643702	-0.537569	0.544672	0.545420	-0.821516	-0.166216	0.536810	0.190081	0.822012
55864	5.550586	-1.754437	8.400600	0.013239	0.000349	0.005667	-0.643676	-0.537586	0.544686	0.545488	-0.821484	-0.166152	0.536772	0.190172	0.822016
55865	5.479462	-1.958034	8.361880	0.005564	-0.001872	-0.000020	-0.643670	-0.537551	0.544727	0.545475	-0.821499	-0.166121	0.536791	0.190208	0.821995
55866	5.561062	-1.880062	8.335129	0.030314	-0.002928	-0.015280	-0.643741	-0.537389	0.544803	0.545500	-0.821547	-0.165802	0.536681	0.190456	0.822010
55867	5.522718	-1.694888	8.465391	0.040503	-0.000831	-0.011332	-0.643803	-0.537263	0.544854	0.545602	-0.821555	-0.165423	0.536504	0.190774	0.822052
55868	5.500670	-1.983642	8.529248	-0.020803	-0.006284	-0.011182	-0.643833	-0.537129	0.544951	0.545379	-0.821679	-0.165546	0.536694	0.190620	0.821963
55869	5.467484	-2.097706	8.367317	0.023028	-0.005299	-0.023086	-0.643935	-0.536898	0.545058	0.545312	-0.821784	-0.165247	0.536641	0.190819	0.821952
55870	5.580874	-1.563807	8.425384	0.084646	-0.017283	-0.033460	-0.644028	-0.536560	0.545281	0.545510	-0.821825	-0.164382	0.536327	0.191590	0.821977
55871	5.600493	-1.463466	8.635028	0.024711	-0.003298	-0.020669	-0.644127	-0.536352	0.545368	0.545468	-0.821914	-0.164081	0.536251	0.191791	0.821980
55872	5.560934	-1.659911	8.371764	0.004491	-0.021844	-0.020259	-0.644124	-0.536113	0.545607	0.545321	-0.822038	-0.163947	0.536404	0.191929	0.821848
55873	5.709501	-1.567617	8.445963	0.037958	-0.015790	-0.012287	-0.644110	-0.535951	0.545783	0.545403	-0.822056	-0.163584	0.536337	0.192306	0.821804
55874	5.608551	-1.728442	8.340240	0.006431	-0.012182	-0.014813	-0.644129	-0.535775	0.545933	0.545303	-0.822146	-0.163464	0.536417	0.192407	0.821728
55875	5.551364	-1.800624	8.375482	0.016950	-0.008363	-0.013078	-0.644160	-0.535620	0.546049	0.545267	-0.822209	-0.163268	0.536416	0.192572	0.821690
55876	5.598042	-1.896025	8.347402	0.024707	-0.003312	-0.020675	-0.644258	-0.535413	0.546136	0.545227	-0.822296	-0.162966	0.536339	0.192776	0.821692
55877	5.612529	-1.785354	8.424170	0.049476	0.001910	-0.025222	-0.644410	-0.535178	0.546187	0.545287	-0.822360	-0.162437	0.536095	0.193153	0.821763
55878	5.619584	-1.654640	8.444891	0.048608	0.001816	-0.026473	-0.644567	-0.534934	0.546241	0.545337	-0.822432	-0.161906	0.535855	0.193526	0.821832
55879	5.655586	-1.619350	8.482877	0.034320	-0.001828	-0.025596	-0.644701	-0.534688	0.546323	0.545314	-0.822527	-0.161500	0.535718	0.193799	0.821857
55880	5.652916	-1.567023	8.478743	0.024538	0.002230	-0.020936	-0.644831	-0.534490	0.546365	0.545270	-0.822615	-0.161197	0.535606	0.193972	0.821889
55881	5.648822	-1.593919	8.427517	0.018254	0.002539	-0.016589	-0.644939	-0.534327	0.546396	0.545219	-0.822693	-0.160972	0.535528	0.194089	0.821912
55882	5.650273	-1.616165	8.430263	0.009785	0.004684	-0.012712	-0.645036	-0.534201	0.546404	0.545149	-0.822766	-0.160835	0.535481	0.194127	0.821933
55883	5.651240	-1.536480	8.477683	0.009069	0.003124	-0.008383	-0.645103	-0.534107	0.546418	0.545102	-0.822818	-0.160730	0.535450	0.194165	0.821945
55884	5.656806	-1.591392	8.405884	0.001411	0.007210	-0.003344	-0.645163	-0.534063	0.546390	0.545048	-0.822857	-0.160714	0.535432	0.194122	0.821967
55885	5.591765	-1.568168	8.432912	0.001390	0.011302	0.001970	-0.645217	-0.534069	0.546319	0.545026	-0.822869	-0.160729	0.535389	0.194053	0.822011
55886	5.608217	-1.612941	8.469302	-0.001007	0.007717	0.003886	-0.645241	-0.534086	0.546276	0.545006	-0.822874	-0.160772	0.535382	0.193987	0.822031
55887	5.613335	-1.668852	8.397629	0.001931	0.009680	0.005430	-0.645267	-0.534118	0.546213	0.545009	-0.822866	-0.160801	0.535347	0.193931	0.822067
55888	5.612422	-1.669072	8.398196	0.000674	0.009742	0.006299	-0.645288	-0.534158	0.546149	0.545013	-0.822855	-0.160843	0.535317	0.193868	0.822102
55889	5.575862	-1.699741	8.361526	0.002354	0.011767	0.008713	-0.645308	-0.534221	0.546064	0.545040	-0.822829	-0.160887	0.535266	0.193805	0.822150
55890	5.593185	-1.665816	8.445185	0.011155	0.011326	0.002630	-0.645357	-0.534234	0.545992	0.545076	-0.822817	-0.160823	0.535169	0.193819	0.822209
55891	5.620262	-1.616238	8.427084	0.005952	0.017141	0.005840	-0.645421	-0.534284	0.545868	0.545104	-0.822799	-0.160821	0.535064	0.193757	0.822292
55892	5.586522	-1.695107	8.395274	0.003669	0.009847	0.007932	-0.645434	-0.534338	0.545800	0.545135	-0.822773	-0.160848	0.535017	0.193718	0.822332
55893	5.568290	-1.691700	8.441599	0.006456	0.013282	0.003897	-0.645488	-0.534364	0.545710	0.545152	-0.822765	-0.160831	0.534934	0.193680	0.822395
55894	5.598575	-1.690642	8.428053	0.009898	0.011385	0.003500	-0.645533	-0.534385	0.545637	0.545188	-0.822751	-0.160782	0.534843	0.193684	0.822453
55895	5.577285	-1.638172	8.469825	0.009840	0.013239	0.003411	-0.645590	-0.534407	0.545548	0.545220	-0.822739	-0.160736	0.534742	0.193675	0.822521
55896	5.529413	-1.720474	8.406827	0.005588	0.013194	0.002645	-0.645649	-0.534424	0.545461	0.545227	-0.822738	-0.160718	0.534663	0.193633	0.822582
55897	5.588183	-1.711322	8.455766	0.014928	0.011129	0.000027	-0.645713	-0.534414	0.545396	0.545265	-0.822734	-0.160610	0.534548	0.193677	0.822647
55898	5.583075	-1.739888	8.405013	0.014002	0.012897	-0.001314	-0.645792	-0.534398	0.545318	0.545291	-0.822737	-0.160502	0.534425	0.193706	0.822720
55899	5.603402	-1.711994	8.412033	0.016575	0.010914	-0.002961	-0.645871	-0.534363	0.545258	0.545319	-0.822746	-0.160364	0.534302	0.193765	0.822786
55900	5.602279	-1.710509	8.413083	0.016014	0.016624	-0.001110	-0.645969	-0.534356	0.545149	0.545357	-0.822745	-0.160240	0.534144	0.193791	0.822882
55901	5.603513	-1.654765	8.463606	0.018919	0.016345	-0.004966	-0.646088	-0.534315	0.545048	0.545384	-0.822760	-0.160073	0.533973	0.193839	0.822982
55902	5.572395	-1.677935	8.481437	0.013466	0.014510	-0.004776	-0.646195	-0.534274	0.544963	0.545385	-0.822783	-0.159950	0.533843	0.193856	0.823063
55903	5.578579	-1.654274	8.457107	0.006002	0.008948	-0.004789	-0.646273	-0.534220	0.544922	0.545344	-0.822822	-0.159890	0.533790	0.193838	0.823101
55904	5.573926	-1.683446	8.405986	0.003933	0.007073	-0.005083	-0.646342	-0.534162	0.544898	0.545292	-0.822865	-0.159843	0.533760	0.193815	0.823126
55905	5.585992	-1.654646	8.435375	0.004744	0.009012	-0.003922	-0.646415	-0.534115	0.544856	0.545249	-0.822902	-0.159798	0.533714	0.193786	0.823162
55906	5.586715	-1.678198	8.438403	0.007681	0.010972	-0.002376	-0.646490	-0.534087	0.544795	0.545235	-0.822924	-0.159736	0.533638	0.193774	0.823215
55907	5.585853	-1.677341	8.439144	0.008071	0.010821	-0.004495	-0.646577	-0.534039	0.544739	0.545207	-0.822957	-0.159660	0.533562	0.193763	0.823267
55908	5.576402	-1.674878	8.462626	0.003818	0.010778	-0.005264	-0.646666	-0.533986	0.544685	0.545153	-0.823002	-0.159614	0.533508	0.193720	0.823312
55909	5.555732	-1.623021	8.503693	-0.013770	0.001252	-0.009141	-0.646727	-0.533882	0.544715	0.544978	-0.823102	-0.159693	0.533613	0.193580	0.823276
55910	5.543376	-1.652426	8.474396	-0.027612	-0.004375	-0.010310	-0.646763	-0.533758	0.544793	0.544724	-0.823234	-0.159878	0.533829	0.193359	0.823189
55911	5.609861	-1.701227	8.449791	-0.019917	-0.006230	-0.009934	-0.646788	-0.533633	0.544886	0.544511	-0.823351	-0.160003	0.534015	0.193209	0.823103
55912	5.616830	-1.576925	8.468793	-0.011977	-0.000432	-0.006546	-0.646825	-0.533548	0.544926	0.544365	-0.823433	-0.160080	0.534120	0.193095	0.823061
55913	5.638708	-1.654206	8.430027	-0.019916	0.000098	0.000779	-0.646825	-0.533523	0.544950	0.544221	-0.823492	-0.160263	0.534266	0.192911	0.823010
55914	5.580192	-1.687979	8.384193	-0.007479	0.007261	-0.002763	-0.646883	-0.533483	0.544920	0.544123	-0.823545	-0.160324	0.534296	0.192793	0.823018
55915	5.616324	-1.682282	8.424352	-0.005917	0.012992	-0.000527	-0.646959	-0.533473	0.544840	0.544046	-0.823584	-0.160385	0.534283	0.192656	0.823059
55916	5.574346	-1.759696	8.415081	0.004439	0.009546	0.003694	-0.646993	-0.533491	0.544781	0.544053	-0.823580	-0.160382	0.534233	0.192624	0.823098
55917	5.575548	-1.705136	8.465351	0.008256	0.020326	-0.001564	-0.647115	-0.533486	0.544642	0.544045	-0.823597	-0.160321	0.534095	0.192564	0.823202
55918	5.566868	-1.685756	8.410199	0.007924	0.018621	0.000645	-0.647214	-0.533496	0.544514	0.544051	-0.823602	-0.160273	0.533968	0.192513	0.823296
55919	5.574786	-1.608133	8.435672	0.015503	0.020475	0.000844	-0.647323	-0.533511	0.544370	0.544097	-0.823593	-0.160166	0.533789	0.192511	0.823413
55920	5.553273	-1.658019	8.433245	0.008343	0.020705	0.003926	-0.647416	-0.533553	0.544219	0.544127	-0.823580	-0.160132	0.533647	0.192452	0.823519
55921	5.581272	-1.632307	8.418031	0.018915	0.022666	0.005765	-0.647509	-0.533613	0.544049	0.544223	-0.823537	-0.160023	0.533435	0.192467	0.823652
55922	5.563609	-1.652476	8.467314	0.007618	0.019148	0.008254	-0.647570	-0.533687	0.543904	0.544277	-0.823502	-0.160019	0.533306	0.192411	0.823749
55923	5.571984	-1.677982	8.448181	0.015730	0.019383	0.011918	-0.647613	-0.533791	0.543751	0.544396	-0.823434	-0.159970	0.533133	0.192417	0.823860
55924	5.570284	-1.677403	8.449416	0.010194	0.017164	0.006611	-0.647672	-0.533848	0.543625	0.544453	-0.823403	-0.159936	0.533003	0.192392	0.823949
55925	5.548733	-1.727585	8.446960	0.012147	0.022741	0.006726	-0.647760	-0.533916	0.543452	0.544519	-0.823368	-0.159888	0.532828	0.192351	0.824072
55926	5.570540	-1.646215	8.503741	0.013522	0.018970	0.006041	-0.647832	-0.533971	0.543312	0.544590	-0.823334	-0.159823	0.532668	0.192344	0.824177
55927	5.557912	-1.698088	8.478355	0.007259	0.015201	0.005061	-0.647890	-0.534011	0.543205	0.544619	-0.823318	-0.159806	0.532568	0.192303	0.824252
55928	5.560803	-1.626388	8.449411	0.013220	0.013175	0.002941	-0.647947	-0.534030	0.543117	0.544668	-0.823301	-0.159727	0.532448	0.192324	0.824324
55929	5.573645	-1.621875	8.481612	0.004267	0.015092	0.003420	-0.648013	-0.534056	0.543013	0.544671	-0.823299	-0.159726	0.532365	0.192259	0.824393
55930	5.531512	-1.698876	8.472506	0.006564	0.009557	0.004080	-0.648046	-0.534077	0.542954	0.544692	-0.823289	-0.159708	0.532304	0.192244	0.824436
55931	5.560755	-1.673516	8.456461	0.011323	0.005744	0.002918	-0.648064	-0.534081	0.542928	0.544729	-0.823276	-0.159646	0.532243	0.192287	0.824465
55932	5.561530	-1.697211	8.459440	0.003042	0.011065	-0.001024	-0.648133	-0.534063	0.542864	0.544698	-0.823300	-0.159630	0.532192	0.192236	0.824510
55933	5.555397	-1.702094	8.406059	0.013312	0.007229	-0.002276	-0.648188	-0.534027	0.542834	0.544712	-0.823311	-0.159523	0.532111	0.192287	0.824551
55934	5.602648	-1.642483	8.472975	0.006485	0.009169	-0.001411	-0.648248	-0.534002	0.542786	0.544697	-0.823330	-0.159476	0.532053	0.192274	0.824591
55935	5.550691	-1.693152	8.484071	0.005619	0.009083	-0.002665	-0.648315	-0.533966	0.542741	0.544667	-0.823359	-0.159431	0.532001	0.192252	0.824629
55936	5.555578	-1.645740	8.457174	0.005562	0.010933	-0.002756	-0.648391	-0.533934	0.542681	0.544639	-0.823386	-0.159384	0.531937	0.192222	0.824678
55937	5.557835	-1.693691	8.462573	0.005282	0.007381	-0.000455	-0.648437	-0.533913	0.542647	0.544622	-0.823404	-0.159354	0.531899	0.192207	0.824706
55938	5.578424	-1.666637	8.469256	0.005619	0.009081	-0.002665	-0.648504	-0.533878	0.542602	0.544594	-0.823431	-0.159307	0.531846	0.192187	0.824745
55939	5.563709	-1.669828	8.438559	0.009927	0.007271	-0.001797	-0.648557	-0.533846	0.542571	0.544593	-0.823447	-0.159231	0.531783	0.192210	0.824780
55940	5.575651	-1.640661	8.468025	0.011659	0.007442	0.000710	-0.648596	-0.533835	0.542534	0.544619	-0.823444	-0.159153	0.531708	0.192249	0.824819
55941	5.553518	-1.666457	8.462609	0.005977	0.013019	0.000524	-0.648667	-0.533833	0.542452	0.544612	-0.823455	-0.159122	0.531629	0.192209	0.824880
55942	5.552569	-1.665824	8.463356	0.009476	0.009271	0.000230	-0.648718	-0.533822	0.542401	0.544623	-0.823459	-0.159059	0.531554	0.192220	0.824925
55943	5.580162	-1.615923	8.445074	0.011545	0.011142	0.000527	-0.648779	-0.533816	0.542334	0.544646	-0.823459	-0.158982	0.531457	0.192236	0.824984
55944	5.557861	-1.641641	8.439785	0.008968	0.013123	0.002165	-0.648840	-0.533829	0.542248	0.544667	-0.823455	-0.158934	0.531360	0.192222	0.825050
55945	5.558403	-1.665020	8.443004	0.012862	0.009224	-0.000245	-0.648895	-0.533813	0.542198	0.544692	-0.823456	-0.158842	0.531268	0.192259	0.825100
55946	5.558655	-1.688244	8.446450	0.011260	0.020393	0.000067	-0.649007	-0.533822	0.542056	0.544712	-0.823458	-0.158764	0.531112	0.192225	0.825209
55947	5.470214	-1.666298	8.464847	0.011997	0.009136	-0.001499	-0.649067	-0.533796	0.542008	0.544723	-0.823468	-0.158672	0.531025	0.192256	0.825258
55948	5.457093	-1.693450	8.436581	0.012111	0.005434	-0.001314	-0.649107	-0.533765	0.541991	0.544739	-0.823476	-0.158579	0.530961	0.192309	0.825287
55949	5.470891	-1.687729	8.468366	0.024038	0.001375	-0.005538	-0.649149	-0.533691	0.542015	0.544788	-0.823484	-0.158367	0.530859	0.192480	0.825312
55950	5.460441	-1.738064	8.442014	0.017591	-0.011879	-0.009430	-0.649141	-0.533560	0.542153	0.544780	-0.823524	-0.158185	0.530877	0.192670	0.825256
55951	5.657291	-1.569649	8.504125	0.027692	-0.010171	-0.010949	-0.649151	-0.533418	0.542280	0.544814	-0.823554	-0.157912	0.530831	0.192933	0.825225
55952	5.493073	-1.630150	8.471797	0.011456	-0.004301	-0.007596	-0.649173	-0.533317	0.542354	0.544785	-0.823597	-0.157791	0.530833	0.193032	0.825200
55953	5.451574	-1.681663	8.459256	0.013456	-0.015626	-0.010021	-0.649149	-0.533173	0.542524	0.544749	-0.823649	-0.157641	0.530899	0.193207	0.825116
55954	5.486437	-1.703458	8.446686	0.019255	-0.024909	-0.009641	-0.649073	-0.533014	0.542771	0.544748	-0.823687	-0.157444	0.530993	0.193481	0.824992
55955	5.586638	-1.566729	8.498522	0.020333	-0.034477	-0.013411	-0.648967	-0.532806	0.543102	0.544727	-0.823745	-0.157219	0.531144	0.193812	0.824817
55956	5.446458	-1.704140	8.426812	0.003703	-0.028452	-0.007935	-0.648863	-0.532654	0.543375	0.544654	-0.823804	-0.157160	0.531346	0.193976	0.824648
55957	5.562110	-1.667054	8.465054	0.016094	-0.047332	-0.011415	-0.648678	-0.532437	0.543809	0.544624	-0.823858	-0.156980	0.531603	0.194341	0.824396
55958	5.578633	-1.637063	8.491572	0.008283	-0.041779	-0.011993	-0.648525	-0.532226	0.544198	0.544549	-0.823930	-0.156861	0.531866	0.194614	0.824162
55959	5.438947	-1.672149	8.463350	0.003398	-0.049323	-0.013644	-0.648341	-0.531986	0.544651	0.544437	-0.824021	-0.156774	0.532206	0.194885	0.823879
55960	5.420261	-1.792792	8.486915	0.003392	-0.064395	-0.016265	-0.648090	-0.531696	0.545233	0.544309	-0.824125	-0.156672	0.532642	0.195237	0.823514
55961	5.543613	-1.746257	8.367180	0.016028	-0.075647	-0.016758	-0.647783	-0.531378	0.545907	0.544243	-0.824208	-0.156464	0.533083	0.195752	0.823106
55962	5.813254	-1.507113	8.576304	0.049859	-0.063320	-0.024357	-0.647581	-0.531022	0.546492	0.544310	-0.824264	-0.155935	0.533258	0.196481	0.822819
55963	5.612845	-1.525289	8.497629	-0.010433	-0.039919	-0.012170	-0.647439	-0.530812	0.546865	0.544134	-0.824374	-0.155969	0.533612	0.196587	0.822564
55964	5.587327	-1.653417	8.467844	-0.013610	-0.043185	-0.006007	-0.647245	-0.530647	0.547255	0.543981	-0.824457	-0.156063	0.534002	0.196686	0.822287
55965	5.608802	-1.699012	8.501009	-0.023076	-0.052481	-0.006202	-0.647002	-0.530461	0.547722	0.543776	-0.824560	-0.156234	0.534505	0.196754	0.821944
55966	5.607764	-1.706477	8.443667	-0.024813	-0.052670	-0.008704	-0.646772	-0.530254	0.548194	0.543546	-0.824679	-0.156404	0.535018	0.196811	0.821597
55967	5.588303	-1.727061	8.511059	-0.025621	-0.054626	-0.009861	-0.646537	-0.530034	0.548684	0.543303	-0.824807	-0.156576	0.535548	0.196869	0.821237
55968	5.551794	-1.703602	8.542145	-0.034007	-0.058438	-0.011201	-0.646288	-0.529796	0.549206	0.543007	-0.824957	-0.156807	0.536148	0.196880	0.820843
55969	5.486700	-1.808965	8.545305	-0.055362	-0.067804	-0.012426	-0.645996	-0.529528	0.549808	0.542587	-0.825157	-0.157209	0.536924	0.196763	0.820364
55970	5.411676	-1.785699	8.612666	-0.047566	-0.071033	-0.030653	-0.645785	-0.529104	0.550464	0.542093	-0.825437	-0.157444	0.537678	0.196728	0.819878
55971	5.343765	-1.714293	8.651773	-0.046725	-0.098803	-0.053445	-0.645546	-0.528437	0.551384	0.541454	-0.825837	-0.157548	0.538607	0.196845	0.819240
55972	5.302260	-1.537698	8.741313	-0.063722	-0.159472	-0.067019	-0.645053	-0.527538	0.552820	0.540637	-0.826340	-0.157713	0.540018	0.197142	0.818240
55973	4.616296	-0.938227	9.285779	0.023569	-0.274856	-0.086072	-0.644035	-0.526251	0.555228	0.540167	-0.826772	-0.157059	0.541700	0.198765	0.816734
55974	5.502247	-1.101909	9.044305	-0.159388	-0.439585	-0.035528	-0.641841	-0.525050	0.558894	0.539031	-0.827301	-0.158174	0.545422	0.199738	0.814014
55975	5.182214	-1.606007	8.789110	-0.204874	-0.527517	-0.023341	-0.639081	-0.523769	0.563241	0.537717	-0.827858	-0.159722	0.549942	0.200789	0.810708
55976	5.264334	-1.655089	8.899579	-0.187815	-0.608933	-0.044576	-0.635961	-0.522141	0.568263	0.536354	-0.828494	-0.161001	0.554868	0.202399	0.806942
55977	5.365229	-1.816052	8.858952	-0.247873	-0.710307	-0.071573	-0.632385	-0.520073	0.574120	0.534475	-0.829396	-0.162601	0.560737	0.204026	0.802463
55978	5.229108	-1.895972	8.826157	-0.250062	-0.796510	-0.114768	-0.628509	-0.517456	0.580703	0.532299	-0.830528	-0.163951	0.567128	0.206063	0.797436
55979	5.105725	-1.853085	9.065931	-0.270210	-0.939152	-0.167668	-0.624041	-0.514083	0.588466	0.529664	-0.831979	-0.165131	0.574482	0.208641	0.791480
55980	5.107155	-1.949521	9.008313	-0.298662	-1.101375	-0.232296	-0.618897	-0.509801	0.597553	0.526450	-0.833820	-0.166118	0.582938	0.211772	0.784433
55981	5.288140	-1.966223	9.140850	-0.293066	-1.284176	-0.292419	-0.612887	-0.504582	0.608085	0.522883	-0.835955	-0.166654	0.592422	0.215817	0.776183
55982	5.560775	-2.255576	9.115779	-0.317097	-1.452656	-0.348986	-0.606025	-0.498460	0.619897	0.518818	-0.838421	-0.166967	0.602961	0.220428	0.766714
55983	5.782307	-2.389105	9.176630	-0.240134	-1.585583	-0.431223	-0.598608	-0.491264	0.632715	0.514716	-0.841116	-0.166105	0.613788	0.226236	0.756361
55984	6.175947	-2.882679	9.380505	-0.254238	-1.697523	-0.511407	-0.590715	-0.483030	0.646327	0.510056	-0.844215	-0.164752	0.625219	0.232342	0.745063
55985	6.857126	-3.482496	9.254973	-0.231322	-1.777962	-0.617500	-0.582629	-0.473584	0.660501	0.504930	-0.847739	-0.162435	0.636859	0.238867	0.733044
55986	7.451105	-3.386238	9.062402	-0.135414	-1.766228	-0.728836	-0.574948	-0.463077	0.674533	0.499797	-0.851505	-0.158562	0.647795	0.245965	0.721015
55987	7.458620	-3.434959	8.970939	-0.192006	-1.648991	-0.814289	-0.568225	-0.451987	0.687625	0.493844	-0.855734	-0.154396	0.658209	0.251848	0.709460
55988	6.806137	-3.121755	8.361336	-0.157180	-1.582947	-0.902438	-0.562159	-0.440179	0.700157	0.487655	-0.860185	-0.149246	0.667959	0.257535	0.698216
55989	6.216490	-2.751343	8.389826	-0.224715	-1.473378	-0.971066	-0.556948	-0.427941	0.711811	0.480665	-0.865008	-0.143952	0.677325	0.261969	0.687461
55990	5.860571	-2.562522	8.956490	-0.303292	-1.313543	-0.974389	-0.552642	-0.415994	0.722174	0.473145	-0.869944	-0.139041	0.686091	0.264853	0.677593
55991	4.607334	-2.460707	9.715565	-0.442711	-1.016466	-0.853782	-0.549633	-0.405818	0.730216	0.465339	-0.874649	-0.135826	0.693803	0.265143	0.669579
55992	2.850053	-3.477848	9.910043	-0.656929	-0.739890	-0.624507	-0.547356	-0.398357	0.736012	0.457285	-0.878917	-0.135630	0.700923	0.262329	0.663243
55993	1.745914	-4.814061	10.331300	-0.646633	-0.538593	-0.278358	-0.544826	-0.394468	0.739973	0.451167	-0.881729	-0.137852	0.706833	0.258746	0.658360
55994	0.868275	-5.824352	10.616089	-0.572589	-0.307436	0.196238	-0.541767	-0.395376	0.741732	0.448124	-0.882449	-0.143071	0.711107	0.254877	0.655259
55995	0.467001	-6.638506	10.774681	-0.411322	-0.091300	0.769967	-0.537658	-0.401897	0.741217	0.449304	-0.880444	-0.151475	0.713477	0.251590	0.653952
55996	1.732412	-6.682326	11.066199	-0.126092	0.106267	1.236183	-0.532832	-0.412985	0.738602	0.454968	-0.875749	-0.161453	0.713508	0.250013	0.654523
55997	3.384047	-5.352999	12.494820	0.171585	0.642975	1.590732	-0.530090	-0.428429	0.731747	0.464598	-0.868652	-0.172024	0.709333	0.248780	0.659511
55998	1.944124	-4.463473	11.832581	0.227932	1.130183	1.769966	-0.529755	-0.446494	0.721112	0.475533	-0.860373	-0.183377	0.702302	0.245767	0.668109
55999	1.487463	-3.110216	11.223846	0.522006	1.438126	1.769095	-0.531253	-0.465119	0.708120	0.488513	-0.851056	-0.192507	0.692189	0.243656	0.679343
56000	2.208024	-1.756565	11.087989	0.716067	1.685623	1.665347	-0.534578	-0.483272	0.693307	0.502246	-0.841450	-0.199276	0.679687	0.241682	0.692542
56001	3.225000	-0.806583	11.275427	0.709135	1.959948	1.539284	-0.539930	-0.500821	0.676501	0.515242	-0.832200	-0.204861	0.665583	0.237951	0.707375
56002	4.071616	-0.577041	11.288957	0.487841	2.239599	1.443585	-0.547171	-0.517990	0.657488	0.526248	-0.823733	-0.211012	0.650897	0.230542	0.723314
56003	4.725979	-1.303376	10.768970	0.379249	2.471911	1.329117	-0.556010	-0.534432	0.636581	0.535975	-0.815909	-0.216846	0.635282	0.220623	0.740096
56004	5.393605	-1.553203	10.515962	0.413361	2.653893	1.200195	-0.566173	-0.549859	0.614088	0.545250	-0.808543	-0.221270	0.618184	0.209554	0.757586
56005	5.890662	-1.956531	10.022252	0.425791	2.779074	1.075132	-0.577194	-0.564141	0.590417	0.553947	-0.801714	-0.224493	0.599991	0.197483	0.775249
56006	6.371606	-2.223846	9.581111	0.437721	2.836904	0.975607	-0.588522	-0.577324	0.565984	0.562169	-0.795339	-0.226719	0.581040	0.184750	0.792629
56007	6.774576	-2.654603	9.103680	0.412631	2.845890	0.915369	-0.599608	-0.589615	0.541132	0.569923	-0.789289	-0.228495	0.561834	0.171396	0.809300
56008	7.076790	-3.078439	8.582883	0.388761	2.781348	0.903503	-0.609808	-0.601269	0.516343	0.577486	-0.783299	-0.230115	0.542811	0.157855	0.824886
56009	7.087958	-3.516225	7.976179	0.352813	2.647413	0.923735	-0.618573	-0.612451	0.492210	0.585001	-0.777185	-0.231855	0.524538	0.144525	0.839031
56010	7.292615	-3.951240	7.325191	0.329314	2.437724	0.971541	-0.625453	-0.623311	0.469353	0.592696	-0.770757	-0.233763	0.507464	0.131976	0.851506
56011	7.819894	-4.181597	6.891749	0.316196	2.188149	1.052433	-0.630113	-0.634122	0.448160	0.600843	-0.763765	-0.235902	0.491879	0.120629	0.862266
56012	8.579430	-4.223163	6.568286	0.244598	1.939676	1.156275	-0.632546	-0.645117	0.428613	0.609283	-0.756117	-0.238874	0.478184	0.110048	0.871338
56013	9.064972	-4.127310	5.996192	0.120720	1.679129	1.285185	-0.632602	-0.656517	0.410852	0.617944	-0.747651	-0.243234	0.466861	0.100013	0.878657
56014	8.919838	-3.969643	4.858664	0.041005	1.431109	1.345136	-0.630869	-0.667851	0.394944	0.626585	-0.738735	-0.248317	0.457597	0.090810	0.884510
56015	8.526027	-3.427238	3.431004	0.143133	1.266194	1.195900	-0.629074	-0.677713	0.380751	0.634730	-0.730589	-0.251709	0.448759	0.083330	0.889759
56016	5.437782	-2.023177	2.247373	0.339799	1.188388	0.994575	-0.628020	-0.685872	0.367655	0.642444	-0.723565	-0.252425	0.439154	0.077670	0.895048
56017	4.976550	-1.734581	-0.831602	0.102965	-1.120260	0.726025	-0.618392	-0.690165	0.375851	0.647387	-0.718511	-0.254229	0.445513	0.086108	0.891125
56018	11.466189	-1.184674	-0.213949	1.034098	-2.073018	-0.363862	-0.611474	-0.685509	0.395193	0.649743	-0.720043	-0.243665	0.451591	0.107779	0.885692
56019	17.554876	3.508462	-0.480309	1.458997	-1.646515	-0.858741	-0.609628	-0.677327	0.411802	0.651055	-0.724190	-0.227323	0.452195	0.129523	0.882464
56020	13.147660	4.154757	0.219782	0.817889	0.162973	-0.385581	-0.612890	-0.674718	0.411244	0.652328	-0.725748	-0.218533	0.445908	0.134329	0.884942
56021	9.457807	2.964748	2.207274	0.910043	-1.088296	-0.539030	-0.611561	-0.669235	0.422040	0.653052	-0.728112	-0.208268	0.446673	0.148245	0.882330
56022	9.552001	4.840806	1.216582	0.538752	-1.859712	-1.012357	-0.609786	-0.658897	0.440472	0.649258	-0.734022	-0.199189	0.454561	0.164517	0.875390
56023	8.797885	5.031758	8.643934	1.062438	0.873762	-1.739152	-0.624953	-0.647466	0.436143	0.643247	-0.743651	-0.182255	0.442342	0.166646	0.881228
56024	-0.180681	4.371769	20.522683	-0.180192	-0.867140	-1.046195	-0.627790	-0.638158	0.445684	0.635854	-0.750707	-0.179246	0.448965	0.170861	0.877062
56025	7.505204	-0.443671	9.095498	-2.128773	-2.433571	0.374013	-0.614160	-0.636788	0.466165	0.628275	-0.751982	-0.199483	0.477575	0.170366	0.861915
56026	14.759946	-9.695451	14.670733	-3.432543	-1.768418	1.702417	-0.594796	-0.646633	0.477580	0.621583	-0.746683	-0.236851	0.509757	0.155978	0.846061
56027	8.879438	-16.213106	3.885440	-1.180499	-2.560688	1.501168	-0.572112	-0.653661	0.495394	0.624153	-0.738838	-0.254070	0.532092	0.163845	0.830682
56028	2.490028	-8.013858	0.252995	2.467637	-0.159050	-1.362106	-0.579821	-0.643261	0.500022	0.629219	-0.743418	-0.226745	0.517582	0.183151	0.835802
56029	7.776992	-0.338309	14.364619	4.610276	0.059003	-2.312933	-0.594793	-0.626089	0.504216	0.638779	-0.748899	-0.176385	0.488040	0.217170	0.845372
56030	8.736798	5.253809	13.259683	2.930076	-1.451663	-1.816663	-0.599426	-0.609034	0.519391	0.642044	-0.753332	-0.142372	0.477983	0.248130	0.842593
56031	8.032311	3.369831	9.066340	-1.329316	-0.434321	-0.920779	-0.603191	-0.600964	0.524407	0.630041	-0.762181	-0.148756	0.489091	0.240670	0.838373
56032	6.628140	-2.391344	10.477788	-2.191920	-0.299706	0.229922	-0.600271	-0.601992	0.526574	0.620495	-0.765938	-0.168301	0.504639	0.225710	0.833303
56033	6.267610	-3.392472	6.228240	-0.108964	-0.863202	0.707586	-0.591494	-0.605400	0.532565	0.624119	-0.761943	-0.172970	0.510501	0.230073	0.828526
56034	6.630099	-2.572025	8.352644	0.747985	-0.254566	0.245624	-0.588666	-0.606643	0.534282	0.629336	-0.758735	-0.168099	0.507354	0.237289	0.828424
56035	5.933194	-1.036660	9.430761	0.557668	0.000515	-0.351174	-0.590887	-0.603948	0.534883	0.630046	-0.759555	-0.161615	0.503880	0.241504	0.829326
56036	6.565140	-0.106631	9.448547	0.294339	-0.271303	-0.131278	-0.590355	-0.602260	0.537368	0.630715	-0.759658	-0.158487	0.503666	0.245362	0.828322
56037	6.221952	-0.951211	8.846888	-0.208723	-0.106468	0.030577	-0.589633	-0.602201	0.538226	0.629803	-0.760014	-0.160395	0.505650	0.244402	0.827397
56038	5.368480	-1.691689	8.333955	-0.134004	-0.118958	0.036966	-0.588804	-0.602161	0.539177	0.629304	-0.760147	-0.161717	0.507233	0.244087	0.826521
56039	5.559013	-1.755744	8.478720	-0.036393	-0.141288	0.031609	-0.587896	-0.602025	0.540319	0.629266	-0.760075	-0.162204	0.508334	0.244645	0.825679
56040	5.501763	-2.069344	8.392868	-0.076934	-0.127303	0.031131	-0.587059	-0.601920	0.541345	0.629020	-0.760104	-0.163021	0.509604	0.244813	0.824845
56041	5.543995	-1.993450	8.435006	-0.019197	-0.128807	0.014857	-0.586316	-0.601687	0.542409	0.628969	-0.760091	-0.163276	0.510521	0.245427	0.824096
56042	5.768326	-1.784535	8.390747	0.007558	-0.100892	0.012795	-0.585726	-0.601506	0.543245	0.629045	-0.760024	-0.163297	0.511104	0.246078	0.823540
56043	5.358097	-1.748642	8.543873	-0.034336	-0.118550	0.013639	-0.585042	-0.601287	0.544225	0.628910	-0.760056	-0.163670	0.512053	0.246515	0.822819
56044	5.556370	-1.721878	8.441164	0.001844	-0.129079	0.007496	-0.584340	-0.600995	0.545300	0.628925	-0.760035	-0.163710	0.512836	0.247291	0.822099
56045	5.589565	-1.685873	8.514602	-0.008538	-0.120688	0.010539	-0.583661	-0.600745	0.546301	0.628903	-0.760022	-0.163853	0.513634	0.247936	0.821406
56046	5.097983	-2.011633	8.411798	-0.071313	-0.118116	0.011767	-0.582987	-0.600511	0.547277	0.628567	-0.760156	-0.164517	0.514810	0.248090	0.820623
56047	4.915071	-2.443165	8.327356	-0.047220	-0.190745	-0.007937	-0.582061	-0.599946	0.548880	0.628238	-0.760351	-0.164876	0.516258	0.248860	0.819479
56048	5.577391	-2.115126	8.145886	0.077011	-0.230579	-0.048625	-0.581181	-0.598970	0.550875	0.628315	-0.760478	-0.163992	0.517154	0.250814	0.818318
56049	5.515418	-1.798692	8.500657	0.075722	-0.197174	-0.053734	-0.580506	-0.598034	0.552601	0.628355	-0.760639	-0.163091	0.517864	0.252554	0.817333
56050	6.041097	-1.935907	8.451401	-0.003075	-0.235219	-0.054929	-0.579638	-0.596990	0.554637	0.627982	-0.761004	-0.162826	0.519287	0.253922	0.816006
56051	6.523650	-1.479821	8.550067	0.089527	-0.129962	-0.017511	-0.579080	-0.596495	0.555751	0.628306	-0.760910	-0.162014	0.519517	0.255363	0.815409
56052	5.662439	-1.726948	8.394509	-0.073547	-0.085321	0.000385	-0.578641	-0.596249	0.556472	0.627887	-0.761124	-0.162629	0.520512	0.255298	0.814795
56053	5.946374	-1.807603	8.260292	-0.002247	-0.093167	0.013773	-0.578076	-0.596085	0.557234	0.627916	-0.761077	-0.162739	0.521104	0.255821	0.814252
56054	5.856193	-1.600598	8.450312	0.031447	-0.046841	0.008926	-0.577783	-0.596003	0.557627	0.628092	-0.760972	-0.162546	0.521217	0.256325	0.814021
56055	5.791027	-1.578684	8.420787	-0.018683	-0.046313	0.020465	-0.577420	-0.596009	0.557996	0.628074	-0.760928	-0.162827	0.521641	0.256443	0.813712
56056	5.776836	-1.658411	8.399008	-0.019620	-0.038308	0.026242	-0.577062	-0.596079	0.558291	0.628084	-0.760850	-0.163147	0.522025	0.256508	0.813446
56057	5.714636	-1.776261	8.445966	-0.033990	-0.035375	0.026962	-0.576715	-0.596163	0.558561	0.628023	-0.760806	-0.163589	0.522482	0.256445	0.813172
56058	5.654827	-1.822125	8.324877	-0.028785	-0.043651	0.021896	-0.576356	-0.596187	0.558906	0.627960	-0.760778	-0.163959	0.522954	0.256472	0.812860
56059	5.691217	-1.743925	8.371506	-0.020317	-0.045062	0.010223	-0.576063	-0.596118	0.559281	0.627873	-0.760799	-0.164196	0.523380	0.256570	0.812554
56060	5.551117	-1.661393	8.409937	-0.023094	-0.062560	0.000223	-0.575741	-0.595928	0.559815	0.627715	-0.760886	-0.164399	0.523925	0.256753	0.812146
56061	5.711281	-1.692277	8.408906	-0.044133	-0.089823	-0.005357	-0.575310	-0.595626	0.560578	0.627413	-0.761061	-0.164741	0.524758	0.256937	0.811549
56062	5.724902	-1.759931	8.311366	-0.049664	-0.091342	-0.005028	-0.574869	-0.595322	0.561353	0.627084	-0.761247	-0.165130	0.525634	0.257088	0.810934
56063	5.763919	-1.742467	8.286285	-0.038957	-0.090122	-0.003409	-0.574423	-0.595033	0.562115	0.626820	-0.761397	-0.165441	0.526436	0.257312	0.810343
56064	5.770504	-1.769509	8.284423	-0.035823	-0.082743	-0.002402	-0.574009	-0.594771	0.562815	0.626579	-0.761533	-0.165731	0.527174	0.257517	0.809797
56065	5.777928	-1.747980	8.275360	-0.027591	-0.081218	0.000982	-0.573581	-0.594538	0.563497	0.626399	-0.761627	-0.165974	0.527853	0.257774	0.809274
56066	5.798670	-1.781789	8.228407	-0.023196	-0.072093	0.000954	-0.573201	-0.594329	0.564105	0.626244	-0.761711	-0.166181	0.528451	0.258012	0.808808
56067	5.811866	-1.787191	8.201110	-0.014578	-0.066966	0.001914	-0.572842	-0.594140	0.564668	0.626138	-0.761766	-0.166324	0.528965	0.258283	0.808385
56068	5.785084	-1.832979	8.220238	-0.004903	-0.058577	-0.003795	-0.572562	-0.593929	0.565174	0.626051	-0.761831	-0.166356	0.529370	0.258579	0.808025
56069	5.749344	-1.885969	8.186743	0.001086	-0.047864	-0.006986	-0.572359	-0.593720	0.565598	0.625977	-0.761899	-0.166321	0.529677	0.258856	0.807735
56070	5.700865	-1.846968	8.264551	0.001652	-0.047682	-0.003624	-0.572136	-0.593538	0.566015	0.625926	-0.761945	-0.166301	0.529978	0.259137	0.807447
56071	5.650603	-1.868001	8.273494	0.003153	-0.053650	-0.006201	-0.571897	-0.593321	0.566484	0.625868	-0.762003	-0.166255	0.530305	0.259464	0.807128
56072	5.631355	-1.915942	8.270215	0.004327	-0.067510	-0.013680	-0.571631	-0.593011	0.567077	0.625774	-0.762102	-0.166156	0.530703	0.259882	0.806731
56073	5.702188	-1.836318	8.299977	0.010729	-0.085900	-0.026553	-0.571348	-0.592554	0.567840	0.625639	-0.762261	-0.165933	0.531166	0.260457	0.806241
56074	5.648976	-1.827773	8.326001	0.003615	-0.097053	-0.030067	-0.571027	-0.592040	0.568698	0.625447	-0.762459	-0.165746	0.531737	0.261045	0.805674
56075	5.656633	-1.898265	8.331336	-0.007725	-0.112275	-0.041581	-0.570696	-0.591399	0.569696	0.625129	-0.762755	-0.165586	0.532466	0.261635	0.805002
56076	5.714149	-1.895094	8.339022	-0.013799	-0.128277	-0.058780	-0.570386	-0.590583	0.570851	0.624681	-0.763168	-0.165375	0.533323	0.262272	0.804226
56077	5.620218	-1.875574	8.423992	-0.017941	-0.141030	-0.081409	-0.570148	-0.589560	0.572145	0.624081	-0.763725	-0.165068	0.534278	0.262952	0.803370
56078	5.660564	-1.775372	8.406894	-0.030306	-0.175791	-0.100278	-0.569840	-0.588300	0.573747	0.623308	-0.764424	-0.164750	0.535509	0.263740	0.802292
56079	5.626886	-1.709736	8.472946	-0.036226	-0.201021	-0.111241	-0.569462	-0.586887	0.575567	0.622440	-0.765203	-0.164415	0.536919	0.264628	0.801056
56080	5.579589	-1.722259	8.517541	-0.071225	-0.258309	-0.117547	-0.568810	-0.585271	0.577853	0.621348	-0.766110	-0.164320	0.538871	0.265581	0.799428
56081	5.493601	-1.652847	8.610163	-0.065883	-0.304155	-0.137241	-0.568026	-0.583377	0.580532	0.620173	-0.767117	-0.164065	0.541047	0.266837	0.797537
56082	5.339559	-1.336201	8.842897	-0.037744	-0.445640	-0.138470	-0.566473	-0.581089	0.584332	0.619143	-0.768054	-0.163571	0.543848	0.269126	0.794859
56083	5.467937	-1.611173	8.650755	-0.172899	-0.539146	-0.138032	-0.564389	-0.578541	0.588859	0.617378	-0.769351	-0.164146	0.548004	0.270907	0.791392
56084	5.332820	-1.597831	8.737051	-0.170213	-0.641131	-0.151743	-0.561803	-0.575596	0.594194	0.615547	-0.770719	-0.164604	0.552702	0.273279	0.787298
56085	5.230247	-1.596028	8.928023	-0.241969	-0.787700	-0.169453	-0.558473	-0.572094	0.600680	0.613213	-0.772385	-0.165503	0.558640	0.275916	0.782171
56086	5.086560	-1.878315	9.084285	-0.362576	-0.954792	-0.194469	-0.554298	-0.567911	0.608465	0.610051	-0.774528	-0.167163	0.566207	0.278537	0.775775
56087	4.868170	-2.037722	9.289270	-0.433995	-1.133153	-0.250112	-0.549358	-0.562765	0.617658	0.606154	-0.777187	-0.168991	0.575138	0.281559	0.768076
56088	4.852336	-2.036252	9.458642	-0.534160	-1.348648	-0.315568	-0.543441	-0.556456	0.628513	0.601288	-0.780496	-0.171113	0.585769	0.284928	0.758743
56089	5.010146	-1.858767	9.501585	-0.607085	-1.594225	-0.394234	-0.536368	-0.548764	0.641224	0.595525	-0.784446	-0.173192	0.598047	0.288970	0.747554
56090	5.202913	-1.847513	9.401676	-0.663621	-1.825744	-0.463500	-0.528075	-0.539766	0.655583	0.589002	-0.788931	-0.175113	0.611730	0.293667	0.734538
56091	5.496880	-1.835275	9.002965	-0.575879	-2.043657	-0.572315	-0.518784	-0.529137	0.671473	0.582401	-0.793729	-0.175511	0.625837	0.300014	0.719944
56092	5.729471	-1.602948	8.628748	-0.465639	-2.233114	-0.675743	-0.508569	-0.516935	0.688575	0.575940	-0.798708	-0.174237	0.640040	0.307966	0.703922
56093	6.043655	-1.496330	8.244828	-0.399540	-2.391541	-0.770000	-0.497502	-0.503258	0.706557	0.569438	-0.803914	-0.171649	0.654395	0.316945	0.686523
56094	6.304685	-1.730727	8.240238	-0.381113	-2.565445	-0.847598	-0.485326	-0.488133	0.725386	0.562707	-0.809371	-0.168164	0.669193	0.326565	0.667485
56095	6.519781	-2.512764	8.354264	-0.351958	-2.791133	-0.913332	-0.471542	-0.471418	0.745261	0.555912	-0.814950	-0.163763	0.684551	0.337078	0.646350
56096	6.668090	-2.898325	7.884886	-0.206839	-3.073094	-1.023689	-0.455930	-0.452461	0.766424	0.549688	-0.820419	-0.157338	0.699979	0.349559	0.622767
56097	7.308295	-3.042803	7.744718	-0.128561	-3.327194	-1.175127	-0.438802	-0.430892	0.788533	0.543478	-0.826096	-0.148984	0.715601	0.363176	0.596673
56098	9.237135	-3.579083	8.705673	-0.211262	-3.504621	-1.252039	-0.420202	-0.407520	0.810776	0.536526	-0.832156	-0.140200	0.731827	0.376090	0.568318
56099	10.671435	-3.959614	9.137187	-0.325417	-3.540679	-1.251863	-0.400667	-0.383509	0.832098	0.528936	-0.838378	-0.131713	0.748126	0.387354	0.538762
56100	11.404853	-4.210546	8.687077	-0.499280	-3.647357	-1.222723	-0.379488	-0.358882	0.852756	0.520342	-0.844904	-0.124019	0.765005	0.396662	0.507372
56101	11.302570	-4.142760	7.605180	-0.527134	-3.550189	-1.241961	-0.358450	-0.334088	0.871722	0.511641	-0.851347	-0.115893	0.780856	0.404467	0.476099
56102	11.067318	-3.810245	7.353439	-0.361669	-3.172638	-1.381773	-0.340488	-0.309301	0.887919	0.503917	-0.857297	-0.105398	0.793811	0.411551	0.447761
56103	10.550459	-3.052805	7.600289	-0.479732	-2.871819	-1.540499	-0.325207	-0.284122	0.901951	0.494909	-0.863880	-0.093685	0.805795	0.415917	0.421554
56104	9.950161	-2.785618	7.977433	-0.717020	-2.736249	-1.548766	-0.310573	-0.259253	0.914512	0.484115	-0.871103	-0.082539	0.818033	0.417095	0.396049
56105	8.983701	-3.010928	7.756303	-1.064423	-2.641345	-1.568014	-0.296270	-0.234509	0.925867	0.470536	-0.879424	-0.072177	0.831156	0.414270	0.370892
56106	7.307347	-3.217000	6.776167	-1.174996	-2.464787	-1.683997	-0.283428	-0.209441	0.935843	0.455764	-0.888028	-0.060708	0.843770	0.409317	0.347148
56107	5.768462	-3.318440	6.118372	-1.127530	-2.205669	-1.776771	-0.272654	-0.184585	0.944239	0.441202	-0.896135	-0.047782	0.854985	0.403573	0.325775
56108	4.818630	-4.453330	7.470490	-1.085713	-1.355949	-1.527844	-0.267642	-0.165385	0.949218	0.427694	-0.903175	-0.036770	0.863392	0.396134	0.312462
56109	8.381872	-8.489989	11.275207	-0.927709	-0.906521	-0.540523	-0.262064	-0.156893	0.952212	0.418180	-0.907710	-0.034470	0.869740	0.389162	0.303488
56110	14.359850	-10.555185	14.902895	-0.362240	-1.071270	0.525128	-0.250534	-0.157471	0.955215	0.416312	-0.908317	-0.040549	0.874023	0.387509	0.293122
56111	3.757043	-9.114712	7.115953	-0.137079	0.818430	1.280276	-0.252330	-0.172212	0.952193	0.418291	-0.906757	-0.053148	0.872561	0.384883	0.300837
56112	-4.689269	-7.594918	6.848984	1.643227	1.144633	1.251471	-0.256922	-0.187959	0.947978	0.435675	-0.898102	-0.059993	0.862658	0.397597	0.312632
56113	-2.703174	-1.415145	8.879738	1.980720	-0.005001	0.504318	-0.254629	-0.192407	0.947704	0.453923	-0.889115	-0.058552	0.853884	0.415276	0.313732
