// General information: 
//  MT Manager version: 2022.2.0 
//  XDA version: 2022.2.0 build 7381 rev 124627 built on 2023-07-19
// Device information: 
//  DeviceId: 00B4CB9F
//  ProductCode: MTW2-3A7G6
//  Firmware Version: 4.6.0
//  Hardware Version: 2.0.0
// Device settings: 
//  Filter Profile: human(46.1)
//  Option Flags: Orientation Smoother Disabled, Position/Velocity Smoother Disabled, Continuous Zero Rotation Update Disabled, AHS Disabled, ICC Disabled
// Coordinate system: ENU
PacketCounter	Acc_X	Acc_Y	Acc_Z	Gyr_X	Gyr_Y	Gyr_Z	Mat[1][1]	Mat[2][1]	Mat[3][1]	Mat[1][2]	Mat[2][2]	Mat[3][2]	Mat[1][3]	Mat[2][3]	Mat[3][3]
51748	9.602433	0.464903	-2.808911	-0.176471	-0.014543	-0.032108	0.206536	0.152986	0.966405	0.532224	-0.846361	0.020238	0.821024	0.510164	-0.256227
51749	9.656361	0.214567	-2.693205	-0.194993	-0.003477	-0.016925	0.206544	0.153141	0.966378	0.530687	-0.847312	0.020848	0.822017	0.508538	-0.256277
51750	9.569442	-0.044971	-2.506644	-0.187833	0.001320	0.003067	0.206626	0.153094	0.966368	0.529161	-0.848255	0.021239	0.822979	0.506976	-0.256283
51751	9.454493	-0.073672	-2.503206	-0.169695	0.015205	0.017172	0.206661	0.152865	0.966397	0.527758	-0.849124	0.021456	0.823871	0.505590	-0.256157
51752	9.353027	-0.114944	-2.515742	-0.163465	0.024043	0.016985	0.206627	0.152586	0.966448	0.526411	-0.849954	0.021647	0.824740	0.504277	-0.255947
51753	9.347854	0.015721	-2.570011	-0.153436	0.041008	0.010050	0.206412	0.152288	0.966542	0.525154	-0.850726	0.021890	0.825595	0.503065	-0.255575
51754	9.391626	0.234699	-2.608667	-0.154951	0.065494	-0.003565	0.205928	0.151974	0.966694	0.523908	-0.851484	0.022258	0.826507	0.501876	-0.254964
51755	9.565543	0.285434	-2.674141	-0.167888	0.075350	-0.015522	0.205293	0.151722	0.966869	0.522581	-0.852285	0.022783	0.827505	0.500590	-0.254255
51756	9.697046	0.120271	-2.730018	-0.177148	0.081607	-0.009616	0.204643	0.151382	0.967060	0.521167	-0.853137	0.023263	0.828557	0.499239	-0.253484
51757	9.725497	-0.115831	-2.713777	-0.157867	0.077591	-0.004378	0.204047	0.151026	0.967242	0.519897	-0.853901	0.023653	0.829501	0.498040	-0.252753
51758	9.879459	-0.387194	-2.576654	-0.101932	0.087552	-0.008728	0.203351	0.150650	0.967447	0.519098	-0.854379	0.023932	0.830172	0.497333	-0.251941
51759	9.685969	-0.371953	-2.273710	-0.052672	0.091764	0.002545	0.202672	0.150165	0.967664	0.518686	-0.854628	0.023988	0.830596	0.497052	-0.251098
51760	9.744945	-0.377454	-2.039696	-0.008080	0.107539	-0.005038	0.201829	0.149658	0.967919	0.518659	-0.854645	0.023994	0.830818	0.497177	-0.250114
51761	9.623202	-0.334480	-1.908393	0.028773	0.123851	-0.014295	0.200796	0.149157	0.968211	0.518956	-0.854464	0.024008	0.830882	0.497638	-0.248979
51762	9.783797	-0.080712	-1.801040	0.056354	0.134171	-0.027921	0.199612	0.148713	0.968524	0.519521	-0.854118	0.024073	0.830815	0.498364	-0.247752
51763	9.466716	0.217967	-1.641391	0.053036	0.149061	-0.048092	0.198194	0.148373	0.968868	0.520087	-0.853766	0.024356	0.830800	0.499069	-0.246378
51764	9.678663	0.622339	-1.519395	0.012539	0.162920	-0.061893	0.196593	0.148070	0.969240	0.520339	-0.853598	0.024862	0.831023	0.499446	-0.244858
51765	9.820988	0.831469	-1.456665	-0.068786	0.194464	-0.070416	0.194680	0.147694	0.969684	0.519935	-0.853820	0.025661	0.831726	0.499177	-0.243013
51766	9.894086	0.847088	-1.383894	-0.157935	0.211373	-0.069027	0.192636	0.147213	0.970165	0.518792	-0.854485	0.026649	0.832914	0.498181	-0.240977
51767	10.023517	0.667377	-1.093649	-0.252920	0.247710	-0.078759	0.190233	0.146648	0.970724	0.516865	-0.855610	0.027968	0.834663	0.496413	-0.238562
51768	10.095696	0.249929	-0.861719	-0.313604	0.298741	-0.079312	0.187399	0.145829	0.971399	0.514422	-0.857032	0.029419	0.836810	0.494196	-0.235625
51769	10.103610	-0.086693	-0.733163	-0.336223	0.349078	-0.085267	0.184107	0.144832	0.972177	0.511794	-0.858549	0.030983	0.839149	0.491850	-0.232189
51770	10.180319	-0.260194	-0.725246	-0.329647	0.394206	-0.093626	0.180387	0.143683	0.973044	0.509223	-0.860017	0.032591	0.841518	0.489618	-0.228303
51771	10.117194	-0.226371	-0.823850	-0.305603	0.433163	-0.102273	0.176288	0.142439	0.973978	0.506862	-0.861348	0.034227	0.843809	0.487638	-0.224042
51772	9.889223	-0.121181	-0.890017	-0.275868	0.462528	-0.109456	0.171896	0.141111	0.974956	0.504757	-0.862517	0.035842	0.845974	0.485954	-0.219490
51773	9.849423	0.022878	-1.001517	-0.243704	0.492220	-0.116188	0.167212	0.139717	0.975971	0.502921	-0.863520	0.037454	0.848004	0.484574	-0.214658
51774	9.822625	0.157864	-1.057264	-0.212697	0.526689	-0.127765	0.162167	0.138249	0.977031	0.501362	-0.864354	0.039089	0.849905	0.483507	-0.209482
51775	9.843212	0.192368	-1.002735	-0.204682	0.566939	-0.141597	0.156704	0.136726	0.978136	0.499879	-0.865132	0.040846	0.851801	0.482549	-0.203917
51776	9.805659	0.181063	-0.963359	-0.208123	0.612670	-0.149993	0.150797	0.135047	0.979297	0.498371	-0.865913	0.042669	0.853749	0.481618	-0.197881
51777	9.809955	0.138203	-0.934995	-0.208229	0.659331	-0.156902	0.144451	0.133225	0.980502	0.496856	-0.866688	0.044562	0.855727	0.480731	-0.191388
51778	9.830933	0.055149	-0.970882	-0.199014	0.696015	-0.160124	0.137761	0.131246	0.981731	0.495409	-0.867417	0.046446	0.857667	0.479960	-0.184517
51779	9.974052	-0.052844	-1.134001	-0.175442	0.725540	-0.164808	0.130787	0.129187	0.982957	0.494158	-0.868028	0.048332	0.859478	0.479415	-0.177366
51780	10.192785	-0.123530	-1.287698	-0.126601	0.743221	-0.163527	0.123653	0.127020	0.984163	0.493306	-0.868412	0.050100	0.861022	0.479299	-0.170041
51781	10.543891	-0.079622	-1.390731	-0.056455	0.766136	-0.178833	0.116240	0.124890	0.985338	0.493069	-0.868440	0.051906	0.862190	0.479806	-0.162527
51782	10.761621	0.001327	-1.376952	0.035016	0.783243	-0.193991	0.108595	0.122785	0.986474	0.493632	-0.868011	0.053699	0.862864	0.481124	-0.154872
51783	11.118757	0.246511	-1.256548	0.118291	0.815073	-0.208274	0.100602	0.120654	0.987584	0.494906	-0.867170	0.055528	0.863103	0.483175	-0.146952
51784	11.495728	0.563159	-1.037665	0.185834	0.859951	-0.234963	0.092086	0.118499	0.988675	0.496775	-0.865971	0.057522	0.862980	0.485852	-0.138611
51785	11.515432	0.797639	-0.604798	0.222147	0.923786	-0.265287	0.082866	0.116284	0.989753	0.498960	-0.864560	0.059801	0.862654	0.488891	-0.129663
51786	11.164354	0.789852	-0.174748	0.250786	0.998907	-0.284699	0.072894	0.113814	0.990824	0.501395	-0.862977	0.062242	0.862143	0.492257	-0.119972
51787	10.485566	0.673975	0.073660	0.269086	1.061118	-0.294963	0.062338	0.111108	0.991851	0.503950	-0.861298	0.064810	0.861480	0.495803	-0.109684
51788	10.213648	0.554227	0.041542	0.300005	1.088658	-0.318097	0.051423	0.108403	0.992776	0.506749	-0.859440	0.067596	0.860559	0.499612	-0.099128
51789	10.314743	0.354820	-0.092374	0.347984	1.092870	-0.341696	0.040360	0.105846	0.993563	0.509936	-0.857309	0.070617	0.859265	0.503803	-0.088575
51790	10.481592	0.214567	-0.317381	0.433261	1.107624	-0.362057	0.029068	0.103316	0.994224	0.513819	-0.854719	0.073796	0.857406	0.508706	-0.077931
51791	11.042157	0.217621	-0.522209	0.526971	1.106780	-0.383157	0.017686	0.100917	0.994738	0.518459	-0.851613	0.077179	0.854920	0.514365	-0.067383
51792	10.923660	-0.001984	-0.523590	0.618892	1.123810	-0.393112	0.006122	0.098421	0.995126	0.523827	-0.847998	0.080647	0.851803	0.520780	-0.056747
51793	10.056105	-0.192739	-0.360210	0.672842	1.133970	-0.350565	-0.005292	0.095438	0.995421	0.529587	-0.844111	0.083747	0.848239	0.527606	-0.046075
51794	9.440057	-0.162007	-0.379058	0.681195	1.127402	-0.283914	-0.016273	0.091819	0.995643	0.535369	-0.840204	0.086235	0.844461	0.534440	-0.035484
51795	9.254941	0.103790	-0.716343	0.654916	1.084466	-0.242246	-0.026643	0.088015	0.995763	0.540875	-0.836444	0.088404	0.840681	0.540939	-0.025320
51796	9.405236	0.474693	-1.169979	0.614096	1.028823	-0.226924	-0.036430	0.084295	0.995775	0.545995	-0.832888	0.090481	0.836996	0.546984	-0.015682
51797	9.474228	0.773721	-1.559599	0.576093	0.978082	-0.225004	-0.045762	0.080785	0.995680	0.550754	-0.829513	0.092616	0.833412	0.552614	-0.006533
51798	9.270491	0.938456	-1.771759	0.542735	0.908336	-0.202706	-0.054365	0.077396	0.995517	0.555212	-0.826316	0.094561	0.829930	0.557863	0.001952
51799	9.002259	1.090075	-1.799108	0.510874	0.821381	-0.174133	-0.062067	0.074228	0.995308	0.559382	-0.823299	0.096282	0.826583	0.562733	0.009578
51800	8.561837	1.262026	-2.069996	0.442988	0.699018	-0.129792	-0.068492	0.071325	0.995099	0.562996	-0.820680	0.097574	0.823617	0.566919	0.016055
51801	8.356841	1.423379	-2.147258	0.335662	0.576077	-0.078521	-0.073602	0.068692	0.994919	0.565741	-0.818693	0.098377	0.821291	0.570108	0.021395
51802	8.003433	1.365287	-2.317475	0.200720	0.457454	-0.013523	-0.077361	0.066171	0.994805	0.567422	-0.817514	0.098504	0.819785	0.572094	0.025697
51803	7.675997	1.100067	-2.422151	0.103275	0.321260	0.042955	-0.079678	0.063979	0.994765	0.568342	-0.816927	0.098064	0.818925	0.573181	0.028729
51804	7.461657	0.623185	-2.416510	0.092090	0.158521	0.050384	-0.080616	0.062642	0.994775	0.569180	-0.816407	0.097536	0.818251	0.574069	0.030161
51805	6.930758	0.217405	-2.268889	0.168998	-0.015260	0.045552	-0.080160	0.062357	0.994830	0.570640	-0.815440	0.097093	0.817279	0.575472	0.029783
51806	6.847588	0.094428	-2.092732	0.277518	-0.193333	0.029283	-0.078338	0.063218	0.994920	0.572973	-0.813834	0.096827	0.815821	0.577648	0.027532
51807	7.614356	0.050827	-1.934436	0.399926	-0.311367	0.009492	-0.075675	0.064944	0.995015	0.576280	-0.811500	0.096795	0.813741	0.580732	0.023985
51808	8.375194	0.092295	-1.721658	0.562658	-0.309292	0.000959	-0.073079	0.066726	0.995091	0.580895	-0.808196	0.096854	0.810691	0.585122	0.020302
51809	8.454174	0.164763	-2.004448	0.689051	-0.358135	0.066124	-0.069725	0.068298	0.995225	0.586556	-0.804166	0.096280	0.806902	0.590468	0.016010
51810	8.972902	0.264870	-2.100078	0.784519	-0.415690	0.142868	-0.065456	0.069608	0.995425	0.593010	-0.799582	0.094908	0.802530	0.596509	0.011060
51811	9.213820	0.448871	-2.167658	0.885580	-0.452447	0.204817	-0.060543	0.070691	0.995659	0.600263	-0.794389	0.092902	0.797508	0.603282	0.005661
51812	8.906998	1.194210	-2.123277	0.973952	-0.547822	0.217587	-0.054791	0.072285	0.995878	0.608173	-0.788605	0.090701	0.791911	0.610636	-0.000753
51813	8.873808	2.416135	-1.694419	0.992225	-0.688751	0.171714	-0.048234	0.075170	0.996004	0.616129	-0.782612	0.088902	0.786167	0.617955	-0.008566
51814	8.797404	3.777996	-1.346507	0.920800	-0.759737	0.075504	-0.041729	0.079296	0.995977	0.623421	-0.776921	0.087975	0.780772	0.624584	-0.017015
51815	8.788115	5.147528	-1.221430	0.764956	-0.801542	-0.023265	-0.035563	0.084508	0.995788	0.629405	-0.772079	0.088001	0.776264	0.629883	-0.025732
51816	8.616740	6.229099	-1.549715	0.445728	-0.853533	-0.071742	-0.029318	0.090449	0.995469	0.632877	-0.769175	0.088527	0.773697	0.632605	-0.034693
51817	8.500848	6.593741	-2.097539	-0.026853	-0.977699	-0.057401	-0.022043	0.097075	0.995033	0.632691	-0.769266	0.089066	0.774091	0.631511	-0.044461
51818	8.513409	6.223749	-2.278874	-0.580242	-1.121920	-0.028481	-0.013437	0.104356	0.994449	0.628222	-0.772859	0.089591	0.777918	0.625938	-0.055174
51819	9.168168	4.748141	-2.252899	-1.057810	-1.212587	-0.030841	-0.004084	0.112131	0.993685	0.619991	-0.779373	0.090496	0.784598	0.616445	-0.066337
51820	10.315373	2.415432	-2.208893	-1.293014	-1.217956	-0.032731	0.005397	0.119837	0.992779	0.609832	-0.787207	0.091707	0.792512	0.604934	-0.077329
51821	11.571099	0.214996	-1.816716	-1.236450	-1.147290	-0.001616	0.014594	0.126728	0.991830	0.600024	-0.794593	0.092698	0.799849	0.593769	-0.087636
51822	12.891936	-1.221885	-0.756078	-0.975041	-0.973528	0.065896	0.022879	0.131950	0.990992	0.592222	-0.800402	0.092901	0.805450	0.584762	-0.096456
51823	14.167907	-1.980650	0.747279	-0.682557	-0.692901	0.201780	0.029734	0.134361	0.990486	0.586694	-0.804619	0.091535	0.809262	0.578391	-0.102753
51824	14.341207	-2.381007	2.319915	-0.426300	-0.359752	0.417740	0.035172	0.133072	0.990482	0.583142	-0.807612	0.087796	0.811609	0.574504	-0.106005
51825	12.685380	-2.517731	2.705802	-0.329133	-0.168037	0.644916	0.040360	0.128817	0.990847	0.580260	-0.810322	0.081712	0.813431	0.571651	-0.107452
51826	10.271270	-2.279725	1.663179	-0.323845	-0.221266	0.774898	0.046725	0.123788	0.991208	0.577323	-0.813126	0.074333	0.815178	0.568774	-0.109459
51827	8.802944	-1.354143	0.304626	-0.278313	-0.399776	0.744743	0.054348	0.119990	0.991286	0.574711	-0.815591	0.067214	0.816550	0.566050	-0.113285
51828	8.650568	0.185463	-0.525381	-0.184368	-0.506571	0.579389	0.061888	0.118117	0.991069	0.572906	-0.817301	0.061631	0.817281	0.563975	-0.118251
51829	9.052848	1.519321	-0.890214	-0.138476	-0.484458	0.380960	0.068100	0.117727	0.990708	0.571561	-0.818509	0.057976	0.817729	0.562302	-0.123029
51830	9.127676	2.297162	-1.492552	-0.157482	-0.421636	0.213335	0.072844	0.118342	0.990297	0.570158	-0.819623	0.056006	0.818299	0.560547	-0.127179
51831	9.309374	2.399600	-2.157696	-0.220468	-0.402698	0.140783	0.077014	0.119438	0.989850	0.568282	-0.821003	0.054850	0.819222	0.558290	-0.131104
51832	9.391426	1.811861	-2.412962	-0.297174	-0.431761	0.161836	0.081548	0.120508	0.989357	0.565753	-0.822831	0.053592	0.820532	0.555362	-0.135278
51833	9.391780	0.727008	-2.245592	-0.328113	-0.482207	0.205109	0.086737	0.121486	0.988796	0.562920	-0.824876	0.051967	0.821947	0.552106	-0.139934
51834	9.388762	-0.482437	-2.237412	-0.268145	-0.526448	0.223714	0.092400	0.122535	0.988154	0.560551	-0.826604	0.050086	0.822949	0.549283	-0.145065
51835	9.774868	-1.257134	-2.365401	-0.124755	-0.548247	0.213020	0.098176	0.123777	0.987442	0.559355	-0.827530	0.048118	0.823094	0.547607	-0.150479
51836	10.215224	-1.347599	-2.053410	0.017025	-0.527662	0.192968	0.103675	0.125064	0.986717	0.559336	-0.827656	0.046134	0.822432	0.547123	-0.155760
51837	10.384217	-0.893885	-1.650221	0.077186	-0.468686	0.180927	0.108611	0.126129	0.986050	0.559812	-0.827441	0.044179	0.821471	0.547204	-0.160477
51838	10.329908	-0.325483	-1.168286	0.049545	-0.408326	0.173839	0.113017	0.126919	0.985454	0.560062	-0.827369	0.042328	0.820706	0.547131	-0.164589
51839	10.206922	-0.005652	-0.878238	0.014779	-0.364178	0.162443	0.116985	0.127564	0.984907	0.560029	-0.827475	0.040655	0.820172	0.546820	-0.168242
51840	10.109816	0.176518	-0.571898	0.007784	-0.341347	0.140030	0.120647	0.128265	0.984374	0.559960	-0.827591	0.039206	0.819688	0.546480	-0.171670
51841	10.039669	0.186732	-0.456607	0.022406	-0.324644	0.117704	0.124037	0.129062	0.983848	0.560032	-0.827601	0.037960	0.819133	0.546279	-0.174932
51842	10.163497	0.143104	-0.301698	0.047367	-0.291665	0.101983	0.127074	0.129804	0.983363	0.560324	-0.827455	0.036817	0.818467	0.546324	-0.177880
51843	10.486691	0.101134	-0.143858	0.117287	-0.207931	0.100208	0.129408	0.130109	0.983018	0.561187	-0.826924	0.035572	0.817510	0.547054	-0.180026
51844	10.333221	0.209041	-0.129729	0.211560	-0.120927	0.112986	0.131106	0.129829	0.982830	0.562803	-0.825891	0.034021	0.816127	0.548679	-0.181348
51845	9.693544	0.464527	-0.696232	0.269835	-0.105513	0.129208	0.132766	0.129340	0.982672	0.564864	-0.824555	0.032211	0.814433	0.550800	-0.182533
51846	9.298843	0.772669	-1.303451	0.242686	-0.162885	0.139914	0.134958	0.129076	0.982408	0.566688	-0.823374	0.030333	0.812805	0.552625	-0.184267
51847	9.325262	1.191308	-1.633830	0.142602	-0.197209	0.139312	0.137421	0.129018	0.982074	0.567688	-0.822745	0.028650	0.811693	0.553575	-0.186304
51848	9.442191	1.396815	-1.594685	-0.022419	-0.215028	0.129893	0.139977	0.129130	0.981698	0.567358	-0.823017	0.027360	0.811487	0.553145	-0.188467
51849	9.722884	1.014479	-1.441851	-0.183497	-0.199611	0.137451	0.142447	0.129098	0.981347	0.565706	-0.824187	0.026309	0.812211	0.551406	-0.190435
51850	9.698876	0.396688	-1.548859	-0.288092	-0.174646	0.164817	0.144870	0.128691	0.981046	0.563158	-0.825965	0.025187	0.813551	0.548835	-0.192131
51851	9.266215	-0.315554	-2.007046	-0.335286	-0.218088	0.188263	0.147774	0.128325	0.980661	0.560183	-0.828023	0.023938	0.815081	0.545812	-0.194246
51852	8.996752	-1.001638	-2.448543	-0.303402	-0.313951	0.180656	0.151418	0.128528	0.980078	0.557472	-0.829885	0.022705	0.816271	0.542928	-0.197310
51853	9.308982	-1.551915	-2.685324	-0.182543	-0.384758	0.115127	0.155271	0.129654	0.979327	0.555836	-0.831004	0.021890	0.816662	0.540946	-0.201097
51854	9.434242	-1.787225	-2.612623	0.000816	-0.390087	0.039796	0.158751	0.131422	0.978533	0.555815	-0.831030	0.021440	0.816007	0.540480	-0.204973
51855	9.844806	-1.302146	-2.331420	0.214904	-0.341567	-0.037499	0.161397	0.133579	0.977808	0.557658	-0.829798	0.021312	0.814229	0.541842	-0.208418
51856	10.373966	-0.301655	-1.801587	0.380823	-0.244387	-0.094075	0.162933	0.135674	0.977264	0.560938	-0.827582	0.021373	0.811666	0.544702	-0.210945
51857	10.933900	0.532119	-1.151117	0.438295	-0.129302	-0.098675	0.163496	0.137194	0.976958	0.564681	-0.825033	0.021358	0.808953	0.548178	-0.212360
51858	11.113288	0.931735	-0.353999	0.435136	-0.001947	-0.051552	0.163295	0.137618	0.976932	0.568309	-0.822550	0.020877	0.806449	0.551790	-0.212527
51859	10.829283	1.189980	0.255126	0.380794	0.110565	0.021237	0.162596	0.136829	0.977159	0.571371	-0.820452	0.019812	0.804424	0.555100	-0.211582
51860	10.010805	1.359820	0.144073	0.223149	0.148476	0.090044	0.161990	0.135254	0.977479	0.573050	-0.819314	0.018401	0.803351	0.557164	-0.210227
51861	9.429510	1.247464	-0.451822	0.012795	0.106351	0.128236	0.161941	0.133608	0.977714	0.572975	-0.819395	0.017070	0.803414	0.557441	-0.209248
51862	9.265907	1.056405	-0.989752	-0.153546	0.056471	0.126028	0.162277	0.132248	0.977843	0.571566	-0.820398	0.016101	0.804350	0.556289	-0.208720
51863	9.420782	0.688580	-1.325985	-0.261102	0.028667	0.095882	0.162664	0.131300	0.977906	0.569338	-0.821954	0.015658	0.805850	0.554212	-0.208456
51864	9.594240	0.285188	-1.539485	-0.321393	0.013850	0.070419	0.163020	0.130632	0.977937	0.566659	-0.823805	0.015582	0.807665	0.551616	-0.208320
51865	9.681165	-0.107226	-1.725529	-0.330000	0.022733	0.060137	0.163247	0.130008	0.977982	0.563922	-0.825680	0.015631	0.809532	0.548954	-0.208104
51866	9.350845	-0.495870	-2.333216	-0.298765	-0.001461	0.076559	0.163758	0.129371	0.977981	0.561406	-0.827397	0.015447	0.811176	0.546515	-0.208123
51867	9.021974	-0.875929	-2.721584	-0.237267	-0.055990	0.081896	0.164742	0.128995	0.977865	0.559376	-0.828777	0.015090	0.812379	0.544508	-0.208691
51868	8.839154	-1.276250	-3.003810	-0.137928	-0.124403	0.057982	0.166146	0.129178	0.977603	0.558190	-0.829582	0.014753	0.812908	0.543238	-0.209938
51869	9.045182	-1.455306	-3.221218	-0.009730	-0.188370	0.011432	0.167812	0.130103	0.977196	0.558123	-0.829630	0.014611	0.812612	0.542943	-0.211835
51870	9.389408	-1.201285	-3.156916	0.138829	-0.222560	-0.050430	0.169409	0.131717	0.976704	0.559364	-0.828791	0.014748	0.811426	0.543835	-0.214082
51871	9.703688	-0.398771	-2.634500	0.260207	-0.191560	-0.095983	0.170494	0.133553	0.976266	0.561667	-0.827226	0.015075	0.809606	0.545766	-0.216049
51872	10.017809	0.595411	-2.145247	0.292299	-0.138560	-0.106837	0.171086	0.135180	0.975938	0.564244	-0.825464	0.015423	0.807687	0.548029	-0.217500
51873	10.133312	0.961557	-1.803277	0.221153	-0.103746	-0.081002	0.171536	0.136415	0.975688	0.566198	-0.824120	0.015680	0.806223	0.549742	-0.218604
51874	10.033427	0.932893	-1.536778	0.128813	-0.060731	-0.036659	0.171889	0.137038	0.975538	0.567333	-0.823339	0.015694	0.805350	0.550757	-0.219269
51875	9.820308	0.731829	-1.463744	0.051902	-0.042326	0.004050	0.172323	0.137235	0.975434	0.567773	-0.823039	0.015490	0.804946	0.551156	-0.219748
51876	9.681642	0.743670	-1.525491	-0.024735	-0.031311	0.021859	0.172771	0.137215	0.975358	0.567564	-0.823188	0.015272	0.804998	0.550939	-0.220101
51877	9.635934	0.866896	-1.625814	-0.119887	-0.009146	0.031974	0.173096	0.137000	0.975330	0.566573	-0.823872	0.015173	0.805626	0.549969	-0.220229
51878	9.656139	0.908782	-1.714019	-0.232509	0.003072	0.022025	0.173264	0.136788	0.975330	0.564698	-0.825154	0.015410	0.806905	0.548097	-0.220214
51879	9.733897	0.754147	-1.746384	-0.334480	0.030611	0.014754	0.173171	0.136496	0.975387	0.562000	-0.826983	0.015951	0.808806	0.545406	-0.219920
51880	9.763932	0.380783	-1.952855	-0.387446	0.035667	0.017227	0.173047	0.136146	0.975458	0.558860	-0.829096	0.016576	0.811006	0.542276	-0.219559
51881	9.585553	-0.017407	-2.288903	-0.381537	0.027869	0.021719	0.173012	0.135812	0.975511	0.555754	-0.831170	0.017151	0.813145	0.539177	-0.219280
51882	9.451530	-0.321047	-2.546896	-0.331622	0.023027	0.023265	0.173022	0.135482	0.975555	0.553048	-0.832964	0.017592	0.814985	0.536485	-0.219049
51883	9.301208	-0.391146	-2.771345	-0.255251	0.018926	0.022091	0.173060	0.135192	0.975589	0.550958	-0.834341	0.017884	0.816392	0.534413	-0.218877
51884	9.285391	-0.219489	-2.834616	-0.199614	-0.000327	0.015906	0.173221	0.135048	0.975580	0.549333	-0.835407	0.018107	0.817452	0.532782	-0.218896
51885	9.369647	-0.121329	-2.681731	-0.176178	0.007648	0.011671	0.173293	0.134906	0.975587	0.547902	-0.836342	0.018327	0.818396	0.531350	-0.218847
51886	9.533580	-0.086726	-2.486484	-0.139613	0.014236	0.010821	0.173305	0.134726	0.975610	0.546771	-0.837079	0.018468	0.819150	0.530234	-0.218734
51887	9.682412	-0.039628	-2.239378	-0.109774	0.031793	0.010163	0.173171	0.134468	0.975669	0.545884	-0.837655	0.018558	0.819770	0.529389	-0.218461
51888	9.817565	-0.014621	-2.023885	-0.072175	0.056935	0.005019	0.172802	0.134111	0.975784	0.545318	-0.838023	0.018607	0.820224	0.528897	-0.217945
51889	9.796023	-0.053917	-1.859883	-0.028992	0.081915	0.005085	0.172228	0.133631	0.975951	0.545102	-0.838164	0.018569	0.820489	0.528794	-0.217198
51890	9.732139	0.029340	-1.859150	0.006769	0.083690	0.006396	0.171648	0.133121	0.976123	0.545180	-0.838116	0.018432	0.820558	0.528999	-0.216436
51891	9.696363	0.088806	-1.891470	0.015299	0.065253	0.002142	0.171194	0.132754	0.976253	0.545332	-0.838020	0.018327	0.820552	0.529245	-0.215859
51892	9.559402	0.136389	-1.893774	0.009130	0.058836	0.002485	0.170795	0.132406	0.976370	0.545428	-0.837960	0.018225	0.820572	0.529426	-0.215337
51893	9.438340	0.267078	-1.832536	-0.018677	0.036097	-0.000749	0.170565	0.132217	0.976435	0.545306	-0.838039	0.018222	0.820700	0.529348	-0.215039
51894	9.446059	0.419671	-1.785690	-0.050063	0.034793	0.001206	0.170357	0.132008	0.976500	0.544925	-0.838286	0.018258	0.820997	0.529009	-0.214742
51895	9.546927	0.531611	-1.662651	-0.087440	0.045656	-0.008977	0.170003	0.131838	0.976585	0.544252	-0.838718	0.018483	0.821516	0.528367	-0.214338
51896	9.692548	0.670900	-1.554946	-0.133744	0.057268	-0.009552	0.169551	0.131601	0.976695	0.543200	-0.839393	0.018803	0.822305	0.527353	-0.213806
51897	9.806112	0.491174	-1.463791	-0.171103	0.070507	0.000169	0.169042	0.131224	0.976834	0.541823	-0.840275	0.019116	0.823318	0.526040	-0.213142
51898	10.097946	0.198277	-1.392302	-0.187040	0.091214	0.016191	0.168447	0.130594	0.977021	0.540286	-0.841260	0.019297	0.824449	0.524620	-0.212266
51899	10.249022	-0.173279	-1.424964	-0.176804	0.120065	0.039260	0.167739	0.129629	0.977272	0.538792	-0.842219	0.019237	0.825570	0.523320	-0.211116
51900	9.845710	-0.415891	-1.523065	-0.139425	0.123690	0.059900	0.167108	0.128462	0.977534	0.537571	-0.843007	0.018886	0.826494	0.522338	-0.209931
51901	9.348574	-0.460919	-1.776484	-0.095520	0.088519	0.069440	0.166820	0.127410	0.977721	0.536697	-0.843576	0.018357	0.827120	0.521677	-0.209106
51902	9.323519	-0.163655	-2.010730	-0.063181	0.051748	0.037853	0.166664	0.126805	0.977826	0.536145	-0.843933	0.018059	0.827509	0.521247	-0.208639
51903	9.276499	0.123658	-2.109614	-0.028703	0.023993	0.006593	0.166571	0.126619	0.977866	0.535928	-0.844072	0.018004	0.827669	0.521066	-0.208457
51904	9.287107	0.272373	-2.132209	-0.022659	0.000100	-0.004890	0.166614	0.126644	0.977855	0.535777	-0.844167	0.018040	0.827758	0.520906	-0.208502
51905	9.517574	0.179969	-2.343823	-0.039187	-0.044520	-0.011765	0.166990	0.126970	0.977749	0.535503	-0.844338	0.018187	0.827859	0.520551	-0.208988
51906	10.109291	-0.266952	-2.613336	-0.042516	-0.092271	-0.011791	0.167759	0.127534	0.977544	0.535209	-0.844521	0.018331	0.827894	0.520115	-0.209934
51907	10.264143	-0.674543	-2.597347	0.029741	-0.104955	-0.007717	0.168657	0.128140	0.977310	0.535499	-0.844338	0.018293	0.827524	0.520264	-0.211023
51908	9.879957	-0.620025	-2.540902	0.127811	-0.107799	0.019647	0.169722	0.128518	0.977076	0.536551	-0.843681	0.017771	0.826624	0.521235	-0.212148
51909	9.168756	-0.026125	-2.646579	0.188143	-0.142609	0.037650	0.171173	0.128940	0.976767	0.538072	-0.842729	0.016952	0.825336	0.522669	-0.213631
51910	8.985383	0.519094	-2.626592	0.206708	-0.161576	0.018508	0.172677	0.129614	0.976413	0.539773	-0.841654	0.016267	0.823910	0.524232	-0.215296
51911	9.035402	1.037217	-2.494473	0.188435	-0.164268	-0.006597	0.174064	0.130527	0.976045	0.541366	-0.840637	0.015874	0.822572	0.525635	-0.216987
51912	9.189243	1.225750	-2.290091	0.133011	-0.159870	-0.021588	0.175332	0.131535	0.975683	0.542531	-0.839888	0.015734	0.821534	0.526580	-0.218621
51913	9.484718	1.023750	-1.971810	0.079382	-0.144665	-0.020010	0.176482	0.132461	0.975350	0.543249	-0.839425	0.015704	0.820814	0.527086	-0.220102
51914	9.578408	0.571690	-1.904235	0.044969	-0.113838	-0.001803	0.177478	0.133062	0.975088	0.543643	-0.839172	0.015565	0.820338	0.527337	-0.221273
51915	9.781424	0.282140	-1.821811	0.035126	-0.090615	0.017089	0.178384	0.133392	0.974877	0.543931	-0.838991	0.015269	0.819950	0.527542	-0.222219
51916	9.622400	-0.122877	-1.673467	0.034179	-0.057555	0.039898	0.179143	0.133348	0.974744	0.544175	-0.838842	0.014745	0.819622	0.527790	-0.222838
51917	9.389914	-0.476436	-1.735918	0.059272	-0.054494	0.051503	0.179941	0.133200	0.974617	0.544599	-0.838579	0.014060	0.819166	0.528245	-0.223435
51918	9.401278	-0.689900	-2.057552	0.105364	-0.067788	0.024877	0.180700	0.133336	0.974458	0.545459	-0.838028	0.013521	0.818426	0.529084	-0.224161
51919	9.561924	-0.605833	-2.097833	0.166271	-0.073326	-0.008922	0.181321	0.133795	0.974280	0.546865	-0.837117	0.013183	0.817350	0.530410	-0.224955
51920	9.636884	-0.225706	-1.985109	0.222426	-0.051491	-0.032659	0.181634	0.134327	0.974149	0.548764	-0.835877	0.012942	0.816007	0.532227	-0.225537
51921	9.849014	0.194821	-2.077518	0.226576	-0.024570	-0.045651	0.181653	0.134835	0.974075	0.550724	-0.834589	0.012824	0.814681	0.534117	-0.225863
51922	9.930532	0.632819	-2.035587	0.191193	0.007640	-0.045365	0.181410	0.135157	0.974075	0.552390	-0.833488	0.012774	0.813607	0.535752	-0.225862
51923	9.947468	0.935567	-1.984372	0.110660	0.045036	-0.023596	0.180983	0.135109	0.974162	0.553362	-0.832844	0.012703	0.813041	0.536765	-0.225495
51924	9.728362	1.017618	-2.009436	0.008345	0.062162	-0.002073	0.180534	0.134779	0.974290	0.553475	-0.832770	0.012644	0.813064	0.536963	-0.224940
51925	9.745155	0.784453	-2.038342	-0.085800	0.071128	0.011667	0.180091	0.134296	0.974439	0.552786	-0.833227	0.012671	0.813631	0.536374	-0.224294
51926	9.817388	0.538969	-2.045687	-0.138629	0.090187	0.031647	0.179600	0.133535	0.974634	0.551621	-0.834000	0.012617	0.814529	0.535363	-0.223447
51927	9.849161	0.359247	-1.988281	-0.188239	0.100938	0.049458	0.179120	0.132578	0.974853	0.550028	-0.835053	0.012503	0.815712	0.533957	-0.222497
51928	9.513862	0.126269	-2.027056	-0.221088	0.099680	0.065604	0.178735	0.131486	0.975072	0.548140	-0.836296	0.012296	0.817065	0.532279	-0.221548
51929	9.244347	-0.038753	-2.209281	-0.235394	0.064267	0.065675	0.178639	0.130590	0.975210	0.546128	-0.837614	0.012125	0.818433	0.530424	-0.220949
51930	9.208012	-0.231171	-2.281711	-0.221645	0.032299	0.055412	0.178744	0.129941	0.975277	0.544242	-0.838842	0.012017	0.819665	0.528639	-0.220657
51931	9.355307	-0.316364	-2.200509	-0.175107	0.017921	0.035961	0.178863	0.129540	0.975309	0.542772	-0.839794	0.012001	0.820613	0.527224	-0.220519
51932	9.575393	-0.333862	-2.069125	-0.109343	0.017942	0.023153	0.178910	0.129237	0.975341	0.541863	-0.840382	0.011958	0.821204	0.526362	-0.220381
51933	9.739465	-0.337544	-1.922039	-0.026833	0.037772	0.010067	0.178725	0.128949	0.975413	0.541655	-0.840517	0.011868	0.821381	0.526216	-0.220067
51934	9.749616	-0.156202	-1.858070	0.038823	0.048441	0.010855	0.178454	0.128588	0.975510	0.541988	-0.840306	0.011618	0.821221	0.526642	-0.219649
51935	9.735202	-0.112509	-1.752400	0.079096	0.051329	0.019150	0.178206	0.128152	0.975612	0.542634	-0.839895	0.011206	0.820848	0.527403	-0.219214
51936	9.601513	-0.194789	-1.696696	0.090081	0.042064	0.032205	0.178105	0.127645	0.975697	0.543348	-0.839440	0.010636	0.820397	0.528249	-0.218864
51937	9.492270	-0.207143	-1.783556	0.096262	0.026879	0.037784	0.178160	0.127181	0.975748	0.544100	-0.838961	0.010006	0.819887	0.529122	-0.218669
51938	9.575029	-0.026784	-1.771208	0.090578	0.019394	0.025559	0.178208	0.126849	0.975782	0.544831	-0.838492	0.009499	0.819391	0.529944	-0.218538
51939	9.646585	0.261268	-1.661663	0.067874	0.031768	0.011228	0.178080	0.126582	0.975840	0.545397	-0.838127	0.009190	0.819042	0.530584	-0.218291
51940	9.678901	0.550237	-1.621693	0.016185	0.047334	-0.003971	0.177738	0.126350	0.975933	0.545572	-0.838014	0.009134	0.819000	0.530818	-0.217880
51941	9.695151	0.569593	-1.616987	-0.058352	0.057444	0.002281	0.177350	0.126021	0.976046	0.545120	-0.838308	0.009188	0.819384	0.530433	-0.217371
51942	9.767814	0.542267	-1.675511	-0.112130	0.059482	0.003342	0.176948	0.125662	0.976165	0.544217	-0.838892	0.009342	0.820071	0.529593	-0.216828
51943	9.738212	0.473163	-1.717752	-0.146145	0.069438	0.011385	0.176511	0.125195	0.976304	0.543028	-0.839661	0.009496	0.820953	0.528485	-0.216194
51944	9.482698	0.333250	-1.870080	-0.174419	0.048959	0.030602	0.176341	0.124664	0.976403	0.541569	-0.840603	0.009517	0.821953	0.527111	-0.215747
51945	9.265000	0.065554	-2.121466	-0.205010	0.007753	0.045626	0.176595	0.124235	0.976412	0.539833	-0.841719	0.009462	0.823040	0.525428	-0.215709
51946	9.284974	-0.265655	-2.121774	-0.204054	-0.022917	0.042656	0.177080	0.123981	0.976356	0.538105	-0.842825	0.009429	0.824067	0.523712	-0.215962
51947	9.383967	-0.375726	-1.994489	-0.161472	-0.039122	0.020788	0.177585	0.124005	0.976261	0.536767	-0.843677	0.009524	0.824830	0.522334	-0.216386
51948	9.641243	0.017412	-1.798585	-0.106651	-0.032589	-0.011436	0.177860	0.124255	0.976179	0.535931	-0.844205	0.009810	0.825314	0.521420	-0.216743
51949	9.811390	0.674437	-1.460308	-0.114765	-0.006062	-0.033065	0.177803	0.124561	0.976151	0.535073	-0.844743	0.010331	0.825883	0.520475	-0.216847
51950	9.935715	1.022014	-1.191938	-0.210312	0.019385	-0.022703	0.177589	0.124635	0.976180	0.533391	-0.845798	0.010952	0.827016	0.518741	-0.216684
51951	9.936536	0.679474	-1.084714	-0.346168	0.050111	0.018585	0.177343	0.124213	0.976279	0.530523	-0.847593	0.011469	0.828912	0.515904	-0.216213
51952	9.444059	-0.273222	-1.304576	-0.414671	0.034342	0.051481	0.177395	0.123583	0.976349	0.527020	-0.849771	0.011806	0.831132	0.512462	-0.215876
51953	9.248573	-1.310849	-1.692222	-0.364989	-0.007873	0.049108	0.177789	0.123200	0.976326	0.523927	-0.851678	0.012064	0.833002	0.509379	-0.215966
51954	9.536223	-1.764426	-1.896250	-0.204677	-0.032638	0.008964	0.178171	0.123271	0.976247	0.522241	-0.852709	0.012360	0.833978	0.507634	-0.216305
51955	9.708461	-1.396863	-2.044238	-0.050342	-0.045794	-0.036100	0.178435	0.123805	0.976132	0.521916	-0.852901	0.012770	0.834125	0.507180	-0.216803
51956	9.841136	-0.774909	-2.182795	0.029603	-0.046825	-0.065716	0.178549	0.124583	0.976012	0.522305	-0.852655	0.013288	0.833857	0.507403	-0.217311
51957	9.756791	-0.196576	-2.294210	0.048790	-0.047014	-0.069421	0.178649	0.125408	0.975888	0.522866	-0.852303	0.013809	0.833484	0.507792	-0.217834
51958	9.529052	0.024640	-2.280346	0.024962	-0.057485	-0.056779	0.178896	0.126163	0.975745	0.523203	-0.852089	0.014249	0.833220	0.507964	-0.218444
51959	9.428203	-0.141878	-2.216827	0.005279	-0.088454	-0.048541	0.179449	0.127019	0.975533	0.523365	-0.851983	0.014660	0.832999	0.507929	-0.219365
51960	9.486320	-0.437909	-2.111029	0.025001	-0.112889	-0.055790	0.180162	0.128048	0.975267	0.523707	-0.851765	0.015088	0.832630	0.508036	-0.220516
51961	9.630864	-0.488744	-1.993994	0.072690	-0.127071	-0.076096	0.180891	0.129336	0.974962	0.524480	-0.851279	0.015618	0.831985	0.508523	-0.221823
51962	9.709935	-0.170467	-1.753728	0.116935	-0.129255	-0.094662	0.181534	0.130779	0.974650	0.525660	-0.850540	0.016219	0.831100	0.509390	-0.223147
51963	9.829012	0.368759	-1.450549	0.135703	-0.115695	-0.108610	0.181994	0.132286	0.974361	0.527015	-0.849688	0.016922	0.830141	0.510423	-0.224355
51964	10.004285	0.927537	-1.110684	0.090068	-0.082109	-0.110910	0.182155	0.133628	0.974147	0.528002	-0.849058	0.017738	0.829478	0.511121	-0.225216
51965	10.225409	1.261810	-0.861761	-0.026307	-0.041404	-0.098375	0.182049	0.134669	0.974024	0.527993	-0.849043	0.018704	0.829507	0.510873	-0.225672
51966	10.129912	1.004186	-0.648521	-0.177126	0.015627	-0.071492	0.181605	0.135176	0.974036	0.526687	-0.849830	0.019740	0.830434	0.509428	-0.225529
51967	10.002551	0.267855	-0.710472	-0.282736	0.044853	-0.039968	0.181093	0.135282	0.974117	0.524440	-0.851195	0.020715	0.831966	0.507115	-0.225093
51968	9.857561	-0.393036	-0.914503	-0.317158	0.072353	-0.019027	0.180453	0.135058	0.974267	0.521873	-0.852751	0.021552	0.833718	0.504554	-0.224364
51969	9.716453	-0.617679	-1.270496	-0.313820	0.074929	-0.021014	0.179788	0.134854	0.974418	0.519322	-0.854285	0.022409	0.835452	0.502008	-0.223623
51970	9.815390	-0.562330	-1.538982	-0.281653	0.077370	-0.041610	0.178987	0.134798	0.974573	0.517069	-0.855625	0.023383	0.837021	0.499736	-0.222845
51971	9.779621	-0.491553	-1.569294	-0.255006	0.091793	-0.063311	0.177961	0.134875	0.974750	0.515076	-0.856794	0.024516	0.838467	0.497708	-0.221947
51972	9.957095	-0.309105	-1.452614	-0.228175	0.123389	-0.093688	0.176504	0.135041	0.974992	0.513364	-0.857781	0.025872	0.839824	0.495959	-0.220727
51973	10.024098	-0.256755	-1.229153	-0.200736	0.174430	-0.115345	0.174517	0.135160	0.975334	0.511910	-0.858602	0.027387	0.841125	0.494504	-0.219031
51974	10.073372	-0.252074	-0.982451	-0.158953	0.234082	-0.137561	0.171904	0.135161	0.975797	0.510851	-0.859180	0.029013	0.842307	0.493499	-0.216743
51975	10.080765	-0.086151	-0.871275	-0.123369	0.295108	-0.146015	0.168741	0.134953	0.976378	0.510091	-0.859574	0.030653	0.843406	0.492869	-0.213884
51976	10.158423	0.116154	-0.716595	-0.087262	0.343916	-0.147732	0.165143	0.134502	0.977055	0.509653	-0.859777	0.032216	0.844383	0.492639	-0.210536
51977	10.310779	0.352791	-0.622060	-0.071318	0.386632	-0.127783	0.161296	0.133689	0.977809	0.509291	-0.859940	0.033563	0.845344	0.492576	-0.206792
51978	10.810797	0.748416	-0.538036	-0.088014	0.437996	-0.091565	0.157183	0.132292	0.978669	0.508726	-0.860234	0.034576	0.846458	0.492440	-0.202514
51979	11.187882	1.138890	-0.293110	-0.126590	0.518560	-0.071964	0.152494	0.130351	0.979670	0.507798	-0.860745	0.035484	0.847872	0.492063	-0.197451
51980	11.298171	1.591022	0.382885	-0.176909	0.630642	-0.043071	0.146979	0.127594	0.980876	0.506407	-0.861535	0.036188	0.849676	0.491403	-0.191242
51981	11.485626	2.014758	1.432074	-0.221798	0.818088	-0.037397	0.139900	0.123892	0.982384	0.504607	-0.862560	0.036920	0.851939	0.490553	-0.183189
51982	11.488102	2.032171	2.551131	-0.288974	1.061359	-0.044478	0.130674	0.119048	0.984252	0.502229	-0.863908	0.037814	0.854804	0.489378	-0.172679
51983	11.573124	1.330407	3.344888	-0.370203	1.306096	-0.048477	0.119314	0.113078	0.986396	0.499153	-0.865642	0.038858	0.858260	0.487726	-0.159727
51984	11.659562	0.513747	3.731249	-0.457736	1.512079	-0.035448	0.106179	0.105998	0.988681	0.495277	-0.867821	0.039850	0.862222	0.485440	-0.144643
51985	12.137755	0.139721	3.668620	-0.519137	1.668597	-0.056452	0.091549	0.098403	0.990927	0.490882	-0.870258	0.041069	0.866403	0.482668	-0.127976
51986	12.918535	0.195270	3.356810	-0.462702	1.824066	-0.133511	0.075102	0.090749	0.993038	0.487011	-0.872342	0.042888	0.870161	0.480400	-0.109710
51987	13.922962	0.552359	2.821397	-0.305779	1.989708	-0.278403	0.056478	0.083621	0.994896	0.484566	-0.873549	0.045914	0.872929	0.479500	-0.089857
51988	14.078405	0.437213	2.497924	-0.129522	2.162859	-0.454532	0.035417	0.077178	0.996388	0.483676	-0.873790	0.050489	0.874530	0.480141	-0.068277
51989	12.251180	-0.227971	2.570708	-0.005109	2.297961	-0.502709	0.012953	0.070508	0.997427	0.483792	-0.873424	0.055460	0.875087	0.481829	-0.045425
51990	11.101725	-0.286097	2.529969	0.065713	2.340546	-0.469552	-0.009759	0.063281	0.997948	0.484386	-0.872789	0.060081	0.874800	0.483979	-0.022135
51991	11.533122	-0.091861	2.184033	0.087554	2.279319	-0.511780	-0.032098	0.056681	0.997876	0.485086	-0.872037	0.065137	0.873877	0.486147	0.000496
51992	11.194647	-0.285800	1.922634	0.153439	2.162329	-0.557791	-0.053633	0.050998	0.997258	0.486190	-0.870989	0.070689	0.872206	0.488648	0.021919
51993	10.724874	-0.468463	1.262329	0.266619	1.988019	-0.541301	-0.073514	0.045953	0.996235	0.488211	-0.869399	0.076129	0.869624	0.491969	0.041478
51994	10.287224	-0.189432	-0.000629	0.386982	1.843790	-0.471956	-0.091765	0.040920	0.994940	0.491214	-0.867267	0.080974	0.866191	0.496159	0.059484
51995	10.083088	0.411081	-1.476274	0.398080	1.774423	-0.389101	-0.108949	0.035442	0.993415	0.494309	-0.865113	0.085076	0.862432	0.500323	0.076734
51996	10.182081	0.379094	-2.303981	0.376744	1.703418	-0.289228	-0.124996	0.029370	0.991722	0.497101	-0.863197	0.088217	0.858642	0.504013	0.093296
51997	10.252233	0.813660	-2.226736	0.374256	1.617133	-0.155544	-0.139554	0.022523	0.989958	0.500146	-0.861241	0.090100	0.854622	0.507698	0.108925
51998	10.384775	0.979962	-2.472093	0.266777	1.523410	-0.007531	-0.152542	0.014823	0.988186	0.502302	-0.859950	0.090438	0.851131	0.510163	0.123732
51999	9.856086	0.879341	-2.723214	0.073481	1.440083	0.140947	-0.164001	0.006252	0.986440	0.503195	-0.859567	0.089107	0.848468	0.510985	0.137823
52000	9.099601	0.165056	-3.163168	-0.079626	1.321866	0.227913	-0.174015	-0.002462	0.984740	0.502798	-0.860045	0.086700	0.846707	0.510212	0.150899
52001	8.234203	-0.124717	-3.094957	-0.008223	1.220998	0.208058	-0.183224	-0.010487	0.983015	0.503147	-0.860050	0.084606	0.844555	0.510103	0.162858
52002	7.582521	0.500220	-2.376005	0.126212	1.149274	0.142982	-0.192149	-0.017584	0.981208	0.504374	-0.859451	0.083369	0.841835	0.510915	0.174011
52003	7.282441	1.290435	-1.694966	0.158896	1.092305	0.094728	-0.200779	-0.023991	0.979343	0.505942	-0.858594	0.082692	0.838874	0.512094	0.184526
52004	7.281868	1.409144	-1.223917	0.071702	1.042767	0.077627	-0.209075	-0.029994	0.977439	0.506598	-0.858272	0.082025	0.836448	0.512319	0.194638
52005	7.428604	1.152314	-1.104689	-0.048347	0.973338	0.114304	-0.216559	-0.035964	0.975607	0.506485	-0.858456	0.080781	0.834611	0.511624	0.204122
52006	7.377894	0.814284	-1.010533	-0.119992	0.878028	0.154517	-0.223054	-0.041767	0.973911	0.505721	-0.859074	0.078983	0.833363	0.510144	0.212742
52007	7.222675	0.414019	-0.823624	-0.099666	0.751919	0.177074	-0.228351	-0.047127	0.972438	0.505338	-0.859478	0.077013	0.832159	0.508996	0.220077
52008	6.961048	-0.038115	-0.488203	-0.005225	0.632909	0.182469	-0.232645	-0.051902	0.971176	0.505613	-0.859478	0.075187	0.830802	0.508531	0.226195
52009	6.556556	-0.477993	-0.297252	0.096971	0.499055	0.189512	-0.235758	-0.056076	0.970193	0.506910	-0.858857	0.073539	0.829133	0.509137	0.230908
52010	6.512495	-0.810687	-0.135872	0.171014	0.364938	0.200711	-0.237715	-0.059644	0.969502	0.508700	-0.857932	0.071949	0.827476	0.510289	0.234284
52011	6.762266	-0.906594	-0.252396	0.242268	0.241609	0.219133	-0.238525	-0.062764	0.969106	0.511272	-0.856533	0.070365	0.825655	0.512261	0.236394
52012	7.152551	-0.668354	-0.298093	0.365600	0.148253	0.219056	-0.238575	-0.065385	0.968920	0.514709	-0.854578	0.069067	0.823502	0.515190	0.237535
52013	7.496915	0.107835	0.013428	0.489335	0.083577	0.199694	-0.238160	-0.067527	0.968876	0.519256	-0.851888	0.068266	0.820763	0.519353	0.237950
52014	7.421224	0.777125	0.201318	0.620343	0.057827	0.103621	-0.238043	-0.068694	0.968822	0.524485	-0.848644	0.068695	0.817466	0.524486	0.238043
52015	6.829176	1.749127	0.676642	0.625720	-0.003151	-0.006607	-0.237983	-0.068626	0.968842	0.529622	-0.845322	0.070218	0.814165	0.529831	0.237518
52016	6.949248	2.609168	1.770469	0.292722	-0.155938	-0.037076	-0.236860	-0.067467	0.969198	0.531817	-0.843858	0.071228	0.813061	0.532308	0.235756
