// General information: 
//  MT Manager version: 2022.2.0 
//  XDA version: 2022.2.0 build 7381 rev 124627 built on 2023-07-19
// Device information: 
//  DeviceId: 00B4CAF0
//  ProductCode: MTW2-3A7G6
//  Firmware Version: 4.6.0
//  Hardware Version: 2.0.0
// Device settings: 
//  Filter Profile: human(46.1)
//  Option Flags: Orientation Smoother Disabled, Position/Velocity Smoother Disabled, Continuous Zero Rotation Update Disabled, AHS Disabled, ICC Disabled
// Coordinate system: ENU
PacketCounter	Acc_X	Acc_Y	Acc_Z	Gyr_X	Gyr_Y	Gyr_Z	Mat[1][1]	Mat[2][1]	Mat[3][1]	Mat[1][2]	Mat[2][2]	Mat[3][2]	Mat[1][3]	Mat[2][3]	Mat[3][3]
40126	3.854445	-0.456091	9.601884	0.001621	0.008059	0.003072	0.891335	0.263465	0.368928	-0.265661	0.962975	-0.045855	-0.367350	-0.057137	0.928326
40127	3.864888	-0.476764	9.596898	0.004944	0.011412	0.000643	0.891376	0.263445	0.368844	-0.265639	0.962982	-0.045843	-0.367268	-0.057116	0.928360
40128	3.857162	-0.473884	9.574005	0.004388	0.013517	0.000677	0.891415	0.263447	0.368746	-0.265641	0.962982	-0.045828	-0.367170	-0.057102	0.928400
40129	3.844285	-0.452456	9.580001	0.006643	0.017544	0.000191	0.891480	0.263427	0.368606	-0.265620	0.962989	-0.045799	-0.367029	-0.057080	0.928457
40130	3.810590	-0.443302	9.590526	0.005098	0.018397	-0.001357	0.891548	0.263397	0.368461	-0.265586	0.963000	-0.045779	-0.366886	-0.057044	0.928515
40131	3.829651	-0.430530	9.586715	0.004864	0.013338	0.004171	0.891587	0.263412	0.368358	-0.265595	0.962997	-0.045781	-0.366787	-0.057016	0.928556
40132	3.821687	-0.427542	9.563918	0.007951	0.016779	-0.000001	0.891639	0.263411	0.368232	-0.265609	0.962996	-0.045723	-0.366650	-0.057037	0.928609
40133	3.821835	-0.410866	9.616701	0.006685	0.014005	0.002069	0.891685	0.263406	0.368123	-0.265605	0.962998	-0.045701	-0.366540	-0.057025	0.928653
40134	3.811296	-0.443845	9.616319	0.001260	0.013612	0.002980	0.891717	0.263434	0.368025	-0.265623	0.962992	-0.045714	-0.366448	-0.056992	0.928691
40135	3.764935	-0.430152	9.579846	0.005378	0.014768	0.002266	0.891766	0.263431	0.367910	-0.265617	0.962995	-0.045704	-0.366335	-0.056965	0.928738
40136	3.802174	-0.441036	9.593970	-0.000243	0.010928	0.003304	0.891794	0.263442	0.367834	-0.265609	0.962995	-0.045739	-0.366272	-0.056910	0.928766
40137	3.791982	-0.474295	9.593435	0.002134	0.009490	0.001168	0.891826	0.263426	0.367768	-0.265581	0.963002	-0.045756	-0.366214	-0.056866	0.928791
40138	3.870616	-0.460267	9.598656	0.007478	0.011809	0.003785	0.891872	0.263396	0.367677	-0.265552	0.963011	-0.045732	-0.366122	-0.056851	0.928828
40139	3.845068	-0.433797	9.557690	0.009774	0.012298	0.005175	0.891904	0.263420	0.367583	-0.265588	0.963003	-0.045692	-0.366020	-0.056873	0.928868
40140	3.797848	-0.439175	9.595768	0.012862	0.010591	0.008277	0.891906	0.263514	0.367511	-0.265709	0.962973	-0.045629	-0.365926	-0.056955	0.928899
40141	3.766977	-0.484007	9.599723	0.009259	0.010866	0.007083	0.891927	0.263556	0.367429	-0.265760	0.962960	-0.045600	-0.365838	-0.056976	0.928933
40142	3.780145	-0.468664	9.572296	0.007518	0.008272	0.005660	0.891951	0.263558	0.367371	-0.265762	0.962960	-0.045593	-0.365780	-0.056966	0.928956
40143	3.785907	-0.470549	9.596018	0.007837	0.006255	0.003881	0.891963	0.263567	0.367334	-0.265779	0.962957	-0.045566	-0.365736	-0.056986	0.928972
40144	3.787988	-0.434310	9.573805	0.006530	0.007019	0.004076	0.891971	0.263596	0.367295	-0.265818	0.962947	-0.045541	-0.365690	-0.057012	0.928989
40145	3.808017	-0.421734	9.569626	0.001422	0.004611	0.003203	0.891979	0.263597	0.367273	-0.265806	0.962949	-0.045571	-0.365678	-0.056975	0.928996
40146	3.766192	-0.446352	9.578704	0.001383	0.008147	0.001329	0.892011	0.263562	0.367220	-0.265757	0.962962	-0.045591	-0.365635	-0.056923	0.929016
40147	3.803970	-0.457297	9.592652	0.002175	0.005953	0.003042	0.892025	0.263562	0.367186	-0.265745	0.962964	-0.045614	-0.365609	-0.056889	0.929028
40148	3.824144	-0.445057	9.588405	-0.001389	0.002692	0.003720	0.892016	0.263591	0.367188	-0.265758	0.962958	-0.045661	-0.365623	-0.056852	0.929025
40149	3.775933	-0.467400	9.574020	0.001620	0.008058	0.003076	0.892038	0.263592	0.367135	-0.265745	0.962960	-0.045689	-0.365580	-0.056808	0.929045
40150	3.829498	-0.447476	9.612266	0.002257	0.004025	-0.000483	0.892043	0.263586	0.367126	-0.265736	0.962962	-0.045693	-0.365573	-0.056798	0.929048
40151	3.797188	-0.438702	9.622135	0.001741	0.002594	0.001424	0.892049	0.263569	0.367124	-0.265709	0.962969	-0.045714	-0.365578	-0.056769	0.929048
40152	3.827333	-0.463314	9.560367	0.000434	0.003358	0.001619	0.892053	0.263563	0.367118	-0.265689	0.962973	-0.045749	-0.365582	-0.056729	0.929049
40153	3.812823	-0.477696	9.588359	0.007683	0.004415	-0.001388	0.892073	0.263520	0.367100	-0.265659	0.962983	-0.045704	-0.365555	-0.056752	0.929058
40154	3.807477	-0.458580	9.617295	0.004316	0.004602	-0.000838	0.892085	0.263501	0.367085	-0.265646	0.962988	-0.045683	-0.365536	-0.056761	0.929065
40155	3.798406	-0.401509	9.600302	0.004316	0.004602	-0.000838	0.892104	0.263463	0.367066	-0.265608	0.962999	-0.045672	-0.365517	-0.056752	0.929073
40156	3.779668	-0.467534	9.598625	0.006650	0.001554	0.002427	0.892097	0.263470	0.367079	-0.265630	0.962994	-0.045635	-0.365518	-0.056796	0.929070
40157	3.782363	-0.431226	9.576167	0.006733	-0.000374	-0.001098	0.892099	0.263426	0.367105	-0.265599	0.963005	-0.045600	-0.365536	-0.056823	0.929061
40158	3.768428	-0.445309	9.603944	0.006535	-0.003821	-0.000970	0.892078	0.263408	0.367170	-0.265600	0.963006	-0.045560	-0.365588	-0.056877	0.929038
40159	3.798891	-0.399062	9.600212	0.007129	-0.009463	0.000872	0.892041	0.263379	0.367280	-0.265587	0.963011	-0.045529	-0.365686	-0.056931	0.928995
40160	3.828823	-0.442951	9.612744	0.002889	-0.005153	0.003233	0.892004	0.263401	0.367355	-0.265613	0.963004	-0.045538	-0.365759	-0.056954	0.928965
40161	3.834209	-0.461477	9.583826	-0.000478	-0.004966	0.003782	0.891976	0.263402	0.367422	-0.265598	0.963005	-0.045588	-0.365837	-0.056923	0.928936
40162	3.872982	-0.472368	9.597392	0.006689	-0.001982	0.004302	0.891945	0.263440	0.367468	-0.265655	0.962991	-0.045557	-0.365870	-0.056986	0.928920
40163	3.841862	-0.373399	9.590721	0.007480	-0.004176	0.006016	0.891914	0.263463	0.367527	-0.265690	0.962982	-0.045541	-0.365921	-0.057029	0.928897
40164	3.794482	-0.395312	9.576035	0.005339	-0.002824	0.009897	0.891867	0.263551	0.367578	-0.265786	0.962955	-0.045546	-0.365965	-0.057077	0.928877
40165	3.835095	-0.460788	9.583504	-0.002739	0.001851	0.009314	0.891850	0.263609	0.367580	-0.265813	0.962944	-0.045637	-0.365989	-0.057006	0.928872
40166	3.773131	-0.498037	9.596806	0.003005	0.000223	0.006631	0.891807	0.263715	0.367608	-0.265921	0.962913	-0.045658	-0.366015	-0.057036	0.928859
40167	3.807725	-0.470947	9.564612	0.002214	0.002417	0.004917	0.891803	0.263731	0.367606	-0.265926	0.962910	-0.045687	-0.366021	-0.057012	0.928859
40168	3.788971	-0.537329	9.562952	0.004273	0.002994	0.004562	0.891811	0.263715	0.367598	-0.265906	0.962915	-0.045694	-0.366016	-0.056996	0.928862
40169	3.797401	-0.433390	9.622291	0.006651	0.001553	0.002427	0.891810	0.263707	0.367605	-0.265906	0.962916	-0.045673	-0.366017	-0.057017	0.928860
40170	3.813482	-0.472304	9.588364	0.004635	0.002583	-0.002618	0.891850	0.263580	0.367600	-0.265776	0.962953	-0.045653	-0.366014	-0.056983	0.928863
40171	3.775069	-0.460572	9.574692	0.008830	-0.003335	0.000423	0.891837	0.263549	0.367653	-0.265766	0.962958	-0.045604	-0.366054	-0.057038	0.928844
40172	3.832278	-0.404318	9.590070	0.007287	-0.002482	-0.001130	0.891831	0.263500	0.367701	-0.265734	0.962969	-0.045561	-0.366090	-0.057078	0.928827
40173	3.845258	-0.408483	9.636916	0.006415	0.001641	0.000681	0.891836	0.263475	0.367709	-0.265717	0.962975	-0.045535	-0.366092	-0.057097	0.928826
40174	3.808844	-0.451087	9.617109	0.005662	0.000300	0.000843	0.891844	0.263420	0.367728	-0.265668	0.962990	-0.045513	-0.366107	-0.057103	0.928819
40175	3.864240	-0.411238	9.580426	0.004673	-0.000953	-0.000742	0.891843	0.263380	0.367760	-0.265633	0.963000	-0.045498	-0.366136	-0.057112	0.928807
40176	3.754745	-0.469923	9.579147	0.005898	0.000212	0.002590	0.891822	0.263413	0.367787	-0.265680	0.962988	-0.045474	-0.366153	-0.057159	0.928797
40177	3.791149	-0.426503	9.598989	0.000554	-0.002106	-0.000032	0.891814	0.263379	0.367830	-0.265636	0.962999	-0.045501	-0.366203	-0.057131	0.928779
40178	3.814081	-0.467992	9.588338	0.005271	-0.001454	-0.006175	0.891813	0.263319	0.367876	-0.265595	0.963013	-0.045447	-0.366236	-0.057176	0.928764
40179	3.832121	-0.490774	9.606408	0.003921	-0.002294	-0.000580	0.891806	0.263280	0.367920	-0.265558	0.963023	-0.045440	-0.366279	-0.057180	0.928746
40180	3.814270	-0.466929	9.588314	0.004399	0.002670	-0.004365	0.891820	0.263226	0.367925	-0.265512	0.963038	-0.045410	-0.366278	-0.057191	0.928746
40181	3.852527	-0.477308	9.602119	0.005706	0.001905	-0.004558	0.891840	0.263150	0.367932	-0.265446	0.963058	-0.045372	-0.366279	-0.057202	0.928745
40182	3.813808	-0.465537	9.588565	0.004679	0.004187	-0.008020	0.891876	0.263043	0.367921	-0.265345	0.963087	-0.045331	-0.366264	-0.057197	0.928751
40183	3.829051	-0.433781	9.613072	0.007491	0.006104	-0.008536	0.891921	0.262931	0.367891	-0.265250	0.963117	-0.045261	-0.366223	-0.057214	0.928767
40184	3.799789	-0.459053	9.542240	0.001038	0.007997	-0.011094	0.891972	0.262817	0.367849	-0.265133	0.963150	-0.045238	-0.366183	-0.057178	0.928784
40185	3.780246	-0.454787	9.599010	0.000324	0.003121	-0.009056	0.892008	0.262698	0.367847	-0.265007	0.963185	-0.045233	-0.366187	-0.057134	0.928785
40186	3.818307	-0.465522	9.612884	-0.001537	0.005991	-0.008831	0.892042	0.262616	0.367824	-0.264913	0.963210	-0.045243	-0.366173	-0.057083	0.928794
40187	3.782368	-0.418556	9.576728	-0.000109	-0.000239	-0.010671	0.892069	0.262481	0.367854	-0.264771	0.963250	-0.045236	-0.366209	-0.057043	0.928783
40188	3.782352	-0.418488	9.576737	-0.005854	0.001390	-0.007991	0.892084	0.262401	0.367874	-0.264669	0.963276	-0.045283	-0.366246	-0.056968	0.928773
40189	3.802909	-0.406628	9.572311	-0.009972	0.000235	-0.007281	0.892105	0.262299	0.367898	-0.264521	0.963312	-0.045380	-0.366303	-0.056833	0.928758
40190	3.787398	-0.438373	9.547919	-0.013300	-0.003112	-0.004857	0.892110	0.262206	0.367951	-0.264369	0.963347	-0.045519	-0.366400	-0.056667	0.928730
40191	3.811777	-0.465196	9.589390	-0.013894	0.002528	-0.006700	0.892137	0.262110	0.367954	-0.264212	0.963383	-0.045655	-0.366447	-0.056488	0.928723
40192	3.825728	-0.451635	9.561568	-0.015953	0.001950	-0.006345	0.892152	0.262041	0.367967	-0.264081	0.963412	-0.045803	-0.366506	-0.056310	0.928710
40193	3.852772	-0.442877	9.580524	-0.014327	-0.000832	-0.008316	0.892171	0.261928	0.368001	-0.263908	0.963453	-0.045937	-0.366584	-0.056135	0.928690
40194	3.776903	-0.496091	9.621508	-0.022603	0.000393	-0.008770	0.892198	0.261802	0.368025	-0.263691	0.963503	-0.046146	-0.366675	-0.055873	0.928670
40195	3.834091	-0.442041	9.636792	-0.013496	-0.006561	-0.004726	0.892186	0.261721	0.368111	-0.263553	0.963534	-0.046286	-0.366802	-0.055721	0.928629
40196	4.008401	-0.400465	9.618320	0.000954	-0.011194	0.001937	0.892120	0.261757	0.368247	-0.263596	0.963521	-0.046300	-0.366933	-0.055763	0.928575
40197	3.931974	-0.448814	9.532645	0.000187	0.014288	0.004919	0.892159	0.261780	0.368135	-0.263594	0.963520	-0.046348	-0.366838	-0.055688	0.928617
40198	3.715554	-0.445127	9.618368	0.007043	0.008451	0.002171	0.892179	0.261787	0.368081	-0.263608	0.963517	-0.046323	-0.366779	-0.055700	0.928639
40199	3.763248	-0.492796	9.574877	0.000948	0.004789	-0.000289	0.892198	0.261754	0.368060	-0.263562	0.963528	-0.046345	-0.366767	-0.055658	0.928646
40200	3.783379	-0.480504	9.570649	-0.002654	0.005063	-0.001487	0.892205	0.261754	0.368043	-0.263541	0.963532	-0.046395	-0.366765	-0.055601	0.928651
40201	3.750939	-0.472008	9.580535	-0.001818	0.004476	-0.005172	0.892235	0.261674	0.368026	-0.263442	0.963557	-0.046424	-0.366763	-0.055532	0.928656
40202	3.771324	-0.459719	9.576208	-0.004546	0.000628	-0.008181	0.892260	0.261557	0.368050	-0.263304	0.963594	-0.046457	-0.366802	-0.055457	0.928645
40203	3.775456	-0.408552	9.605859	-0.013894	0.002527	-0.006697	0.892287	0.261461	0.368052	-0.263147	0.963630	-0.046593	-0.366848	-0.055277	0.928637
40204	3.816030	-0.474536	9.613347	-0.010915	0.000589	-0.014261	0.892321	0.261306	0.368080	-0.262950	0.963680	-0.046673	-0.366907	-0.055139	0.928622
40205	3.806901	-0.508696	9.612368	-0.018400	-0.000382	-0.013002	0.892354	0.261148	0.368112	-0.262720	0.963735	-0.046828	-0.366992	-0.054924	0.928601
40206	3.862229	-0.470331	9.575686	-0.015589	0.001537	-0.013516	0.892399	0.260972	0.368127	-0.262478	0.963794	-0.046963	-0.367054	-0.054716	0.928589
40207	3.850591	-0.450436	9.581048	-0.017924	0.004583	-0.016778	0.892460	0.260781	0.368115	-0.262217	0.963859	-0.047099	-0.367093	-0.054492	0.928587
40208	3.865767	-0.420547	9.605534	-0.014878	0.006415	-0.015546	0.892506	0.260655	0.368093	-0.262036	0.963903	-0.047210	-0.367111	-0.054318	0.928590
40209	3.790490	-0.453858	9.572063	-0.019316	0.007272	-0.013055	0.892567	0.260501	0.368054	-0.261803	0.963958	-0.047373	-0.367130	-0.054074	0.928597
40210	3.807800	-0.478600	9.590310	-0.020067	0.005930	-0.012893	0.892608	0.260388	0.368034	-0.261612	0.964001	-0.047542	-0.367165	-0.053846	0.928596
40211	3.843362	-0.436707	9.610483	-0.019036	0.008792	-0.016702	0.892684	0.260199	0.367984	-0.261347	0.964066	-0.047689	-0.367169	-0.053600	0.928609
40212	3.699477	-0.595331	9.582819	-0.031625	0.005402	-0.016317	0.892752	0.259994	0.367964	-0.261019	0.964142	-0.047955	-0.367238	-0.053233	0.928603
40213	3.731473	-0.605714	9.572992	-0.020604	-0.002803	-0.017909	0.892788	0.259787	0.368022	-0.260737	0.964210	-0.048112	-0.367349	-0.053003	0.928572
40214	3.788788	-0.641303	9.604303	-0.023113	-0.014040	-0.026098	0.892799	0.259509	0.368192	-0.260392	0.964296	-0.048251	-0.367568	-0.052796	0.928497
40215	3.820863	-0.416645	9.567999	-0.013807	-0.017540	-0.022192	0.892792	0.259253	0.368388	-0.260097	0.964372	-0.048329	-0.367793	-0.052669	0.928415
40216	3.790688	-0.319217	9.561007	-0.022493	-0.012387	-0.017332	0.892783	0.259070	0.368539	-0.259839	0.964433	-0.048503	-0.367997	-0.052458	0.928346
40217	3.392098	-0.242323	9.399131	-0.025685	-0.026358	-0.009305	0.892710	0.258933	0.368811	-0.259615	0.964481	-0.048739	-0.368332	-0.052239	0.928226
40218	3.729468	-0.111056	9.701234	-0.008776	-0.075219	-0.005448	0.892444	0.258815	0.369538	-0.259497	0.964509	-0.048826	-0.369060	-0.052319	0.927932
40219	3.919133	-0.783017	9.474929	-0.034680	-0.070915	-0.004816	0.892194	0.258699	0.370222	-0.259279	0.964550	-0.049161	-0.369815	-0.052129	0.927642
40220	3.739329	-0.415420	9.639524	0.012556	-0.068068	-0.009162	0.891951	0.258587	0.370886	-0.259245	0.964566	-0.049045	-0.370426	-0.052404	0.927382
40221	4.115290	-0.461213	9.605340	-0.006999	-0.071022	-0.009375	0.891712	0.258427	0.371572	-0.259089	0.964604	-0.049107	-0.371111	-0.052481	0.927104
40222	4.082251	-0.450150	9.589451	0.002730	-0.042724	-0.006414	0.891595	0.258234	0.371987	-0.258910	0.964653	-0.049097	-0.371517	-0.052537	0.926939
40223	3.976322	-0.509243	9.586872	0.003415	-0.027006	-0.003393	0.891503	0.258154	0.372262	-0.258846	0.964671	-0.049084	-0.371781	-0.052600	0.926829
40224	3.892255	-0.519858	9.558026	0.011199	-0.017201	-0.001399	0.891421	0.258160	0.372453	-0.258897	0.964661	-0.049002	-0.371941	-0.052746	0.926756
40225	3.859057	-0.546416	9.589815	0.002313	-0.010345	-0.003664	0.891392	0.258087	0.372574	-0.258826	0.964680	-0.048998	-0.372060	-0.052755	0.926708
40226	3.769568	-0.609126	9.531704	0.003063	-0.009002	-0.003826	0.891374	0.257993	0.372681	-0.258735	0.964705	-0.048990	-0.372167	-0.052757	0.926665
40227	3.748108	-0.567289	9.541992	-0.005709	-0.020062	-0.007396	0.891319	0.257879	0.372894	-0.258601	0.964738	-0.049047	-0.372393	-0.052714	0.926577
40228	3.840823	-0.504827	9.598789	-0.012582	-0.026692	-0.004278	0.891232	0.257784	0.373167	-0.258464	0.964768	-0.049176	-0.372697	-0.052623	0.926460
40229	3.836997	-0.413607	9.558305	-0.016187	-0.026423	-0.005460	0.891147	0.257685	0.373437	-0.258308	0.964802	-0.049337	-0.373006	-0.052496	0.926342
40230	3.862312	-0.456887	9.546381	-0.020111	-0.024140	-0.004862	0.891038	0.257686	0.373698	-0.258246	0.964809	-0.049533	-0.373311	-0.052370	0.926227
40231	3.842010	-0.416587	9.556162	-0.014320	-0.029291	-0.005689	0.890943	0.257583	0.373995	-0.258095	0.964841	-0.049676	-0.373642	-0.052268	0.926099
40232	3.919334	-0.385547	9.588414	-0.015756	-0.023067	-0.003836	0.890859	0.257521	0.374237	-0.257978	0.964864	-0.049836	-0.373922	-0.052148	0.925993
40233	3.848910	-0.473712	9.547758	-0.022055	-0.019352	-0.001095	0.890789	0.257468	0.374440	-0.257840	0.964890	-0.050068	-0.374184	-0.051946	0.925898
40234	3.894170	-0.504484	9.531529	-0.009662	-0.019396	-0.001398	0.890720	0.257409	0.374644	-0.257740	0.964910	-0.050187	-0.374416	-0.051859	0.925809
40235	3.738889	-0.517466	9.573874	-0.011858	-0.026970	0.000965	0.890616	0.257372	0.374916	-0.257658	0.964924	-0.050331	-0.374720	-0.051774	0.925691
40236	3.944031	-0.449358	9.624766	0.002530	-0.035345	-0.001228	0.890474	0.257346	0.375272	-0.257650	0.964926	-0.050334	-0.375063	-0.051868	0.925547
40237	4.146963	-0.486803	9.639386	-0.006804	-0.021012	-0.000047	0.890395	0.257302	0.375489	-0.257578	0.964941	-0.050428	-0.375300	-0.051817	0.925454
40238	3.936927	-0.339023	9.612586	0.001971	-0.009949	0.003507	0.890345	0.257306	0.375604	-0.257578	0.964939	-0.050457	-0.375418	-0.051823	0.925406
40239	3.961433	-0.521123	9.484006	-0.004886	-0.004128	0.006286	0.890313	0.257332	0.375662	-0.257569	0.964936	-0.050557	-0.375500	-0.051747	0.925377
40240	3.906246	-0.491200	9.579409	0.003584	-0.001888	0.006573	0.890258	0.257452	0.375711	-0.257694	0.964902	-0.050575	-0.375545	-0.051794	0.925356
40241	3.881300	-0.555014	9.554143	0.006338	0.003580	0.004173	0.890261	0.257462	0.375698	-0.257709	0.964899	-0.050563	-0.375529	-0.051806	0.925362
40242	3.878796	-0.500102	9.560716	0.013119	-0.000319	0.004917	0.890224	0.257543	0.375730	-0.257828	0.964871	-0.050491	-0.375534	-0.051925	0.925353
40243	3.883447	-0.517675	9.531977	0.007888	0.002727	0.005717	0.890219	0.257567	0.375725	-0.257862	0.964863	-0.050471	-0.375522	-0.051955	0.925356
40244	3.839961	-0.487448	9.547517	0.013943	-0.000898	0.001232	0.890223	0.257513	0.375752	-0.257838	0.964873	-0.050389	-0.375529	-0.052025	0.925349
40245	3.862503	-0.458627	9.595171	-0.001014	-0.002870	0.003815	0.890203	0.257516	0.375799	-0.257821	0.964875	-0.050444	-0.375590	-0.051984	0.925327
40246	3.881542	-0.461927	9.538335	0.009057	-0.005025	0.007519	0.890167	0.257544	0.375865	-0.257864	0.964864	-0.050424	-0.375645	-0.052036	0.925301
40247	3.920868	-0.542938	9.492974	-0.003146	-0.001529	0.007702	0.890141	0.257585	0.375898	-0.257875	0.964857	-0.050514	-0.375700	-0.051971	0.925283
40248	3.872607	-0.495501	9.537282	0.005250	0.002633	0.011512	0.890087	0.257765	0.375902	-0.258059	0.964806	-0.050542	-0.375701	-0.052018	0.925280
40249	3.686225	-0.533385	9.509626	-0.001787	-0.005831	0.009376	0.890040	0.257820	0.375975	-0.258089	0.964794	-0.050625	-0.375790	-0.051976	0.925246
40250	3.905660	-0.594261	9.542722	0.008026	-0.020352	0.011690	0.889921	0.257925	0.376185	-0.258217	0.964760	-0.050623	-0.375985	-0.052087	0.925161
40251	3.925578	-0.526920	9.544001	0.014969	-0.015646	0.005038	0.889849	0.257933	0.376350	-0.258271	0.964750	-0.050534	-0.376118	-0.052233	0.925098
40252	3.963548	-0.392147	9.547287	0.024240	-0.015607	0.007034	0.889782	0.257929	0.376512	-0.258344	0.964739	-0.050367	-0.376227	-0.052453	0.925042
40253	3.898761	-0.389972	9.514719	0.007729	-0.005881	0.013118	0.889726	0.258020	0.376582	-0.258443	0.964712	-0.050377	-0.376292	-0.052504	0.925012
40254	3.896738	-0.425156	9.536974	0.015450	-0.004989	0.013569	0.889673	0.258109	0.376645	-0.258569	0.964682	-0.050316	-0.376330	-0.052624	0.924990
40255	3.810724	-0.525750	9.525146	0.010829	-0.007587	0.016209	0.889602	0.258229	0.376730	-0.258707	0.964645	-0.050308	-0.376402	-0.052709	0.924956
40256	3.850305	-0.465573	9.596601	0.023517	-0.022112	0.014480	0.889467	0.258367	0.376955	-0.258922	0.964594	-0.050183	-0.376574	-0.052966	0.924871
40257	3.923409	-0.463855	9.524602	0.019574	-0.021440	0.020479	0.889333	0.258521	0.377166	-0.259132	0.964541	-0.050110	-0.376747	-0.053171	0.924789
40258	3.927297	-0.356889	9.560052	0.018724	-0.015704	0.016895	0.889224	0.258659	0.377327	-0.259321	0.964494	-0.050040	-0.376873	-0.053352	0.924727
40259	3.973970	-0.439980	9.537775	0.009241	-0.009961	0.025468	0.889120	0.258867	0.377430	-0.259535	0.964434	-0.050082	-0.376971	-0.053428	0.924683
40260	3.926246	-0.481833	9.597917	0.015606	-0.004772	0.024241	0.889015	0.259136	0.377494	-0.259845	0.964353	-0.050046	-0.377006	-0.053599	0.924659
40261	3.876834	-0.519398	9.531417	0.017420	-0.004102	0.022133	0.888941	0.259314	0.377544	-0.260061	0.964297	-0.049999	-0.377030	-0.053738	0.924641
40262	3.943136	-0.359399	9.605826	0.024128	-0.006084	0.026407	0.888838	0.259566	0.377614	-0.260377	0.964216	-0.049905	-0.377056	-0.053964	0.924617
40263	3.927634	-0.459981	9.523048	0.006947	0.000394	0.029131	0.888763	0.259815	0.377619	-0.260616	0.964148	-0.049982	-0.377067	-0.053991	0.924611
40264	3.881529	-0.466002	9.561111	0.020599	0.003103	0.026741	0.888714	0.260013	0.377598	-0.260852	0.964087	-0.049928	-0.377019	-0.054126	0.924623
40265	3.967758	-0.524627	9.530360	0.010554	0.000119	0.030317	0.888635	0.260273	0.377605	-0.261115	0.964013	-0.049976	-0.377023	-0.054188	0.924617
40266	3.926701	-0.458622	9.523499	0.030867	0.004378	0.030324	0.888569	0.260542	0.377574	-0.261463	0.963926	-0.049832	-0.376937	-0.054442	0.924637
40267	3.889671	-0.430207	9.562534	0.022636	0.002065	0.031790	0.888494	0.260817	0.377562	-0.261784	0.963842	-0.049774	-0.376893	-0.054616	0.924645
40268	3.848606	-0.523553	9.513346	0.034391	-0.004821	0.030011	0.888387	0.261100	0.377619	-0.262166	0.963747	-0.049599	-0.376880	-0.054936	0.924632
40269	3.831006	-0.446786	9.628178	0.049092	-0.020407	0.033353	0.888222	0.261377	0.377814	-0.262601	0.963644	-0.049302	-0.376965	-0.055423	0.924568
40270	3.812844	-0.456056	9.631950	0.039778	-0.032887	0.031747	0.888012	0.261639	0.378128	-0.262993	0.963548	-0.049085	-0.377187	-0.055857	0.924451
40271	3.837158	-0.510920	9.567685	0.050380	-0.048024	0.030428	0.887750	0.261872	0.378580	-0.263407	0.963451	-0.048765	-0.377513	-0.056429	0.924283
40272	3.899114	-0.451805	9.580832	0.051043	-0.055607	0.028782	0.887446	0.262137	0.379109	-0.263867	0.963343	-0.048428	-0.377907	-0.057057	0.924084
40273	3.886768	-0.424540	9.560758	0.055050	-0.064988	0.031988	0.887116	0.262375	0.379717	-0.264313	0.963238	-0.048072	-0.378371	-0.057719	0.923853
40274	3.867860	-0.413856	9.591818	0.064617	-0.068606	0.037649	0.886754	0.262669	0.380358	-0.264853	0.963111	-0.047641	-0.378841	-0.058494	0.923611
40275	3.761196	-0.379737	9.676043	0.049163	-0.086346	0.039090	0.886323	0.262962	0.381160	-0.265339	0.962991	-0.047366	-0.379509	-0.059155	0.923295
40276	3.709884	-0.557463	9.697263	0.041055	-0.106916	0.030461	0.885843	0.263138	0.382154	-0.265695	0.962904	-0.047135	-0.380381	-0.059782	0.922896
40277	3.655743	-0.503668	9.793953	0.002711	-0.135330	0.007621	0.885306	0.263098	0.383422	-0.265726	0.962894	-0.047170	-0.381605	-0.060125	0.922368
40278	3.556091	-0.472151	9.748396	-0.041082	-0.196134	-0.009553	0.884590	0.262828	0.385257	-0.265413	0.962962	-0.047532	-0.383481	-0.060205	0.921585
40279	3.211225	-0.295946	10.250608	-0.107054	-0.240707	-0.034031	0.883753	0.262323	0.387513	-0.264653	0.963127	-0.048418	-0.385925	-0.059767	0.920592
40280	1.858388	-0.134138	10.671319	-0.002830	-0.475418	0.006319	0.881896	0.262051	0.391903	-0.264636	0.963128	-0.048502	-0.390163	-0.060938	0.918727
40281	3.068380	0.141181	10.698985	-0.206964	-0.734798	0.031270	0.878920	0.261873	0.398650	-0.264049	0.963183	-0.050554	-0.397212	-0.060830	0.915709
40282	2.885961	-0.321546	10.505987	-0.192140	-0.961961	0.044533	0.874952	0.261645	0.407433	-0.263576	0.963207	-0.052528	-0.406186	-0.061430	0.911723
40283	3.105611	-0.090207	10.570039	-0.242457	-1.221547	0.058619	0.869765	0.261421	0.418530	-0.263041	0.963215	-0.055004	-0.417514	-0.062250	0.906536
40284	3.417679	0.435845	10.765657	-0.327238	-1.505827	0.097762	0.863122	0.261375	0.432092	-0.262429	0.963181	-0.058421	-0.431453	-0.062969	0.899935
40285	3.079506	-0.078694	10.892767	-0.514294	-1.828031	0.111725	0.854785	0.261269	0.448422	-0.261077	0.963224	-0.063547	-0.448533	-0.062753	0.891560
40286	3.508641	1.080047	11.667013	-0.823425	-2.136481	0.172628	0.844528	0.261603	0.467264	-0.258737	0.963285	-0.071667	-0.468857	-0.060374	0.881208
40287	4.260877	0.701783	10.881418	-1.183059	-2.371694	0.303767	0.832352	0.263126	0.487806	-0.255552	0.963183	-0.083496	-0.491817	-0.055161	0.868949
40288	5.065034	1.110511	11.682627	-1.248076	-2.569039	0.491631	0.818148	0.266483	0.509530	-0.253278	0.962546	-0.096724	-0.516222	-0.049918	0.854999
40289	6.162846	1.214651	12.495977	-1.461372	-2.620874	0.654551	0.802636	0.271533	0.531079	-0.250805	0.961474	-0.112538	-0.541177	-0.042870	0.839815
40290	6.850695	1.235509	11.971821	-1.731349	-2.593723	0.818691	0.786229	0.278384	0.551676	-0.247684	0.959891	-0.131385	-0.566124	-0.033343	0.823645
40291	6.812082	-0.703212	9.939463	-1.869985	-2.421406	0.849604	0.770144	0.285828	0.570247	-0.243437	0.958024	-0.151423	-0.589591	-0.022202	0.807397
40292	6.650219	-0.927459	10.153115	-1.422954	-2.264493	0.833894	0.754529	0.293360	0.587048	-0.241219	0.955882	-0.167637	-0.610327	-0.015120	0.792005
40293	6.759974	-0.807611	9.845644	-1.442532	-2.211850	0.830192	0.738810	0.301001	0.602958	-0.238416	0.953591	-0.183907	-0.630331	-0.007883	0.776286
40294	6.313154	-0.875097	9.089836	-1.344328	-2.089399	0.853673	0.723413	0.309009	0.617403	-0.236022	0.951058	-0.199455	-0.648820	-0.001433	0.760941
40295	5.330992	-0.486420	9.008037	-1.379161	-1.992567	0.883705	0.708229	0.317411	0.630605	-0.233225	0.948272	-0.215374	-0.666347	0.005461	0.745622
40296	3.101110	-0.479480	9.637396	-1.338815	-1.792432	0.896823	0.694056	0.326038	0.641862	-0.230450	0.945276	-0.230969	-0.682041	0.012388	0.731209
40297	0.665667	1.028784	10.608917	-1.221782	-1.445873	0.828074	0.682196	0.334051	0.650398	-0.227683	0.942360	-0.245192	-0.694816	0.019184	0.718932
40298	-1.163541	2.871669	11.068654	-1.168716	-1.047754	0.596962	0.673510	0.339886	0.656400	-0.223518	0.940088	-0.257436	-0.704573	0.026669	0.709130
40299	-1.089653	3.748453	12.017698	-1.111221	-0.604191	0.129428	0.668939	0.341259	0.660350	-0.216466	0.939314	-0.266142	-0.711099	0.035089	0.702215
40300	1.587284	1.271583	13.678116	-0.679725	0.098857	-0.447087	0.670587	0.336997	0.660868	-0.208608	0.940576	-0.267953	-0.711896	0.041823	0.701038
40301	-1.246487	1.804325	13.151647	-0.123926	1.008219	-0.847301	0.679461	0.328541	0.656044	-0.201956	0.943350	-0.263258	-0.705370	0.046382	0.707320
40302	-3.152789	2.032454	11.496318	0.183459	1.528144	-0.986138	0.692119	0.318469	0.647726	-0.196455	0.946635	-0.255515	-0.694534	0.049597	0.717748
40303	-3.054125	1.169069	10.728030	0.257562	1.795165	-0.943980	0.706292	0.308569	0.637132	-0.191572	0.949734	-0.247599	-0.681507	0.052821	0.729903
40304	-1.858054	-0.023439	11.014248	0.412115	2.067984	-0.828836	0.721800	0.299551	0.623918	-0.188412	0.952482	-0.239328	-0.665962	0.055193	0.743941
40305	-0.885085	-0.608342	11.261880	0.641081	2.397593	-0.708243	0.738866	0.291431	0.607573	-0.187395	0.954939	-0.230161	-0.647272	0.056202	0.760185
40306	-0.418084	-0.430470	11.203567	0.819193	2.687883	-0.565934	0.757040	0.284496	0.588177	-0.188361	0.957033	-0.220470	-0.625628	0.056115	0.778101
40307	0.332265	-0.957367	10.789189	0.909915	2.905142	-0.433184	0.775682	0.278694	0.566258	-0.190572	0.958768	-0.210822	-0.601665	0.055618	0.796810
40308	1.054569	-0.768304	10.989372	1.039196	3.025153	-0.308529	0.794094	0.274062	0.542499	-0.194257	0.960194	-0.200729	-0.575917	0.054013	0.815722
40309	1.437621	-0.714386	10.564672	1.154094	3.057000	-0.224751	0.811727	0.270263	0.517743	-0.198892	0.961420	-0.190037	-0.549128	0.051283	0.834163
40310	1.581321	-0.474536	10.070668	1.196191	2.956795	-0.163349	0.827906	0.267218	0.493120	-0.203952	0.962453	-0.179128	-0.522471	0.047728	0.851320
40311	1.847933	-0.278357	9.683090	1.217544	2.720702	-0.129824	0.842042	0.264700	0.470000	-0.209026	0.963359	-0.168069	-0.497267	0.043279	0.866518
40312	2.536943	-0.409327	10.135241	1.213951	2.369207	-0.120245	0.853816	0.262572	0.449504	-0.213897	0.964170	-0.156918	-0.474601	0.037832	0.879387
40313	4.141943	-0.795244	11.002276	1.224978	2.023970	-0.122795	0.863481	0.260657	0.431807	-0.218485	0.964922	-0.145566	-0.454603	0.031350	0.890142
40314	5.989441	-1.155567	12.221350	1.371423	1.756136	-0.142601	0.871626	0.258800	0.416281	-0.223350	0.965665	-0.132690	-0.436328	0.022679	0.899502
40315	8.888639	-1.418210	13.719575	1.538227	1.631650	-0.141432	0.878919	0.257120	0.401736	-0.228640	0.966304	-0.118237	-0.418600	0.012068	0.908090
40316	10.628388	-1.530966	14.025924	1.829156	1.705482	-0.175420	0.886306	0.255327	0.386355	-0.234566	0.966854	-0.100857	-0.399301	-0.001236	0.916819
40317	11.908337	-0.933205	14.231756	2.064106	1.838406	-0.232503	0.894003	0.253209	0.369654	-0.240472	0.967271	-0.080993	-0.378064	-0.016484	0.925633
40318	13.340617	-0.228215	13.995981	2.145647	2.070416	-0.274829	0.902257	0.251048	0.350580	-0.245855	0.967445	-0.060047	-0.354242	-0.032014	0.934606
40319	13.672692	0.323807	13.476990	2.042196	2.391862	-0.278799	0.911103	0.249249	0.328277	-0.250243	0.967358	-0.039953	-0.327520	-0.045748	0.943736
40320	12.777703	-0.401789	12.112156	1.814763	2.658975	-0.230087	0.920011	0.248383	0.303128	-0.253814	0.967002	-0.022021	-0.298595	-0.056679	0.952695
40321	11.307625	-2.443977	9.609333	1.650013	2.761134	-0.124449	0.928166	0.248837	0.276746	-0.257303	0.966313	-0.005906	-0.268893	-0.065726	0.960925
40322	9.702518	-5.345833	6.574012	1.653879	2.665470	0.041639	0.934838	0.251113	0.251037	-0.261894	0.965046	0.009928	-0.239769	-0.075026	0.967927
40323	8.642995	-1.978466	5.844132	1.500918	1.787254	0.362344	0.937981	0.256003	0.233783	-0.268690	0.962938	0.023571	-0.219084	-0.084924	0.972003
40324	9.160223	-7.488372	1.185204	1.269169	1.576701	0.757630	0.939219	0.264686	0.218652	-0.278459	0.959839	0.034203	-0.200817	-0.093010	0.975203
40325	12.719902	-4.504198	4.254543	1.209007	1.356454	0.993197	0.939015	0.275482	0.205816	-0.290078	0.955997	0.043862	-0.184676	-0.100889	0.977607
40326	11.992668	-3.687402	1.823531	1.135867	1.137939	1.054962	0.937915	0.286729	0.195199	-0.301986	0.951847	0.052844	-0.170647	-0.108511	0.979339
40327	11.251459	-1.031491	-0.994594	0.531228	0.717105	0.827062	0.936581	0.295345	0.188645	-0.310584	0.948870	0.056423	-0.162335	-0.111435	0.980423
40328	10.635487	1.192755	-2.319487	-0.369462	0.112260	0.289399	0.935862	0.298204	0.187716	-0.312683	0.948420	0.052236	-0.162457	-0.107582	0.980833
40329	10.771596	2.449172	-3.130132	-1.499150	-0.591081	-0.615959	0.936778	0.291719	0.193253	-0.304365	0.951770	0.038669	-0.172652	-0.095044	0.980387
40330	6.379030	-1.344359	-0.951501	-2.552442	-1.126569	-1.663231	0.939622	0.274873	0.203850	-0.284113	0.958641	0.016948	-0.190761	-0.073841	0.978855
40331	1.448546	-5.221690	3.294581	-1.525527	-1.733506	-2.543717	0.943025	0.249163	0.220502	-0.257060	0.966367	0.007400	-0.211243	-0.063660	0.975358
40332	3.330534	3.171376	5.770327	-1.186703	-2.238752	-2.971401	0.945206	0.218966	0.242158	-0.226341	0.974044	0.002711	-0.235279	-0.057372	0.970233
40333	-0.423530	3.416145	8.848752	-2.027126	-2.540697	-2.812935	0.944790	0.190162	0.266851	-0.194655	0.980823	-0.009771	-0.263591	-0.042713	0.963688
40334	0.886420	-0.477114	13.284722	-2.274999	-2.440149	-2.537135	0.942576	0.164377	0.290740	-0.164392	0.986089	-0.024555	-0.290732	-0.024651	0.956487
40335	5.849839	-3.070672	16.604997	-2.611550	-2.131806	-1.844606	0.938919	0.145838	0.311709	-0.139084	0.989306	-0.043919	-0.314781	-0.002118	0.949162
40336	4.475602	-21.223418	15.102613	-2.875704	-1.720839	-0.753717	0.934310	0.138557	0.328430	-0.122671	0.990066	-0.068714	-0.334688	0.023911	0.942025
40337	18.494695	-36.042453	18.372884	-0.283409	-1.415939	0.126438	0.929316	0.140122	0.341669	-0.122835	0.989824	-0.071833	-0.348257	0.024787	0.937071
40338	1.400961	-3.481115	11.953468	1.769906	-0.138478	0.113225	0.928687	0.141233	0.342921	-0.129997	0.989951	-0.055662	-0.347336	0.007113	0.937714
40339	2.185464	7.221966	8.256164	0.498756	-0.901745	-0.005722	0.925523	0.141181	0.351390	-0.131649	0.989983	-0.051004	-0.355071	0.000946	0.934839
40340	10.617511	5.712916	16.000658	-0.159701	-0.602451	-0.039973	0.923414	0.140764	0.357060	-0.130665	0.990042	-0.052384	-0.360878	0.001717	0.932612
40341	2.821720	-5.454870	6.655614	-1.007898	-0.243469	-0.086905	0.922639	0.139887	0.359401	-0.126161	0.990102	-0.061497	-0.364446	0.011397	0.931155
40342	4.844674	1.337322	10.443771	1.046251	-0.440299	0.027079	0.920988	0.140153	0.363509	-0.130195	0.990130	-0.051886	-0.367193	0.000460	0.930145
40343	4.713924	2.355911	10.665668	-0.405969	-0.247687	0.008493	0.920059	0.140211	0.365830	-0.128730	0.990113	-0.055723	-0.370026	0.004175	0.929012
40344	4.416705	-1.332418	8.736952	-0.035113	-0.185622	0.032975	0.919322	0.140517	0.367561	-0.128863	0.990069	-0.056196	-0.371807	0.004298	0.928300
40345	4.007609	0.408530	9.985568	-0.053212	-0.142115	0.042662	0.918734	0.140914	0.368879	-0.129009	0.990011	-0.056879	-0.373209	0.004668	0.927735
40346	3.742637	-0.746697	9.531283	-0.083168	-0.132414	0.040793	0.918180	0.141297	0.370110	-0.129033	0.989953	-0.057827	-0.374562	0.005340	0.927186
40347	3.772798	-1.188337	9.644641	-0.067872	-0.147012	0.031483	0.917583	0.141585	0.371477	-0.129020	0.989909	-0.058604	-0.376026	0.005846	0.926591
40348	3.921062	-0.965491	9.808366	-0.024569	-0.142883	0.010368	0.917025	0.141669	0.372821	-0.128982	0.989896	-0.058897	-0.377398	0.005923	0.926032
40349	3.814561	-1.043818	9.673755	-0.022130	-0.158003	-0.001952	0.916425	0.141627	0.374308	-0.128833	0.989902	-0.059126	-0.378902	0.005961	0.925418
40350	3.930475	-0.936581	9.652385	-0.015469	-0.166642	-0.018485	0.915810	0.141426	0.375886	-0.128563	0.989931	-0.059226	-0.380478	0.005915	0.924771
40351	3.988370	-0.519309	9.610273	-0.000019	-0.160624	-0.026301	0.915227	0.141143	0.377410	-0.128275	0.989973	-0.059158	-0.381975	0.005731	0.924155
40352	3.897678	-0.493636	9.484398	-0.030585	-0.160920	-0.022664	0.914634	0.140900	0.378936	-0.127909	0.990007	-0.059382	-0.383516	0.005843	0.923516
40353	4.093063	-0.411342	9.615391	-0.016174	-0.150828	-0.018295	0.914073	0.140696	0.380362	-0.127632	0.990036	-0.059493	-0.384943	0.005834	0.922922
40354	4.376661	-0.631590	9.630001	-0.043875	-0.124937	-0.013629	0.913602	0.140540	0.381549	-0.127297	0.990056	-0.059872	-0.386170	0.006129	0.922407
40355	4.175213	-0.579651	9.566656	-0.023719	-0.088383	-0.012287	0.913271	0.140392	0.382395	-0.127045	0.990076	-0.060074	-0.387034	0.006283	0.922044
40356	4.171199	-0.771572	9.542080	-0.042123	-0.079171	-0.005658	0.912965	0.140313	0.383154	-0.126789	0.990085	-0.060467	-0.387840	0.006625	0.921703
40357	4.052095	-0.723880	9.582996	-0.021066	-0.056888	-0.007839	0.912749	0.140208	0.383707	-0.126588	0.990099	-0.060662	-0.388413	0.006797	0.921460
40358	4.071039	-0.744615	9.574090	-0.021333	-0.049872	-0.009573	0.912561	0.140088	0.384198	-0.126376	0.990114	-0.060848	-0.388924	0.006974	0.921243
40359	4.118581	-0.681783	9.567524	-0.011497	-0.042720	-0.013101	0.912406	0.139929	0.384623	-0.126164	0.990136	-0.060934	-0.389355	0.007071	0.921060
40360	4.010193	-0.518937	9.492320	-0.013360	-0.034921	-0.016288	0.912284	0.139742	0.384981	-0.125921	0.990162	-0.061021	-0.389720	0.007191	0.920905
40361	4.065303	-0.495887	9.529815	-0.015075	-0.034003	-0.009085	0.912158	0.139623	0.385322	-0.125732	0.990178	-0.061155	-0.390076	0.007336	0.920753
40362	3.980240	-0.600869	9.464324	-0.016694	-0.026310	-0.010591	0.912062	0.139492	0.385597	-0.125528	0.990195	-0.061295	-0.390367	0.007501	0.920629
40363	3.719939	-0.545361	9.472492	-0.013889	-0.039742	-0.005786	0.911909	0.139406	0.385990	-0.125373	0.990206	-0.061431	-0.390773	0.007626	0.920455
40364	3.919930	-0.495015	9.546906	-0.017652	-0.067234	-0.008303	0.911649	0.139301	0.386640	-0.125186	0.990220	-0.061587	-0.391438	0.007744	0.920172
40365	4.169087	-0.689545	9.522715	-0.027765	-0.063920	-0.006515	0.911402	0.139209	0.387255	-0.124971	0.990231	-0.061848	-0.392082	0.007973	0.919896
40366	4.009051	-0.646709	9.499021	-0.012578	-0.049080	-0.011090	0.911217	0.139075	0.387740	-0.124778	0.990249	-0.061947	-0.392574	0.008065	0.919685
40367	4.034804	-0.669677	9.513371	-0.017345	-0.053657	-0.015362	0.911020	0.138896	0.388266	-0.124522	0.990273	-0.062077	-0.393111	0.008206	0.919454
40368	4.014130	-0.681865	9.491717	-0.000683	-0.055032	-0.014883	0.910815	0.138725	0.388807	-0.124342	0.990297	-0.062051	-0.393643	0.008172	0.919227
40369	4.033024	-0.541884	9.477932	0.005132	-0.056226	-0.017636	0.910611	0.138523	0.389358	-0.124154	0.990326	-0.061966	-0.394175	0.008087	0.919000
40370	4.107165	-0.465053	9.490415	-0.001863	-0.052758	-0.018127	0.910418	0.138319	0.389880	-0.123939	0.990355	-0.061938	-0.394687	0.008068	0.918780
40371	4.044397	-0.590315	9.441067	0.004979	-0.042262	-0.009105	0.910257	0.138201	0.390297	-0.123828	0.990372	-0.061887	-0.395093	0.008004	0.918606
40372	4.005951	-0.482316	9.492150	0.007275	-0.048568	-0.007724	0.910068	0.138100	0.390775	-0.123745	0.990387	-0.061816	-0.395555	0.007901	0.918408
40373	4.091390	-0.545691	9.482789	0.002546	-0.044487	-0.006905	0.909895	0.138003	0.391210	-0.123644	0.990401	-0.061796	-0.395983	0.007857	0.918224
40374	4.002672	-0.511176	9.462432	0.020572	-0.049987	-0.006655	0.909698	0.137913	0.391700	-0.123623	0.990415	-0.061607	-0.396442	0.007621	0.918028
40375	4.070193	-0.575751	9.509737	0.009645	-0.053135	-0.001180	0.909484	0.137873	0.392211	-0.123603	0.990422	-0.061544	-0.396940	0.007495	0.917814
40376	4.084942	-0.677475	9.465488	0.017014	-0.044729	-0.002603	0.909303	0.137823	0.392650	-0.123604	0.990430	-0.061403	-0.397355	0.007301	0.917636
40377	4.001483	-0.607826	9.448139	0.030428	-0.053203	-0.010120	0.909098	0.137695	0.393167	-0.123586	0.990450	-0.061114	-0.397828	0.006969	0.917434
40378	4.053480	-0.456844	9.476642	0.026342	-0.061428	-0.000641	0.908848	0.137664	0.393757	-0.123643	0.990457	-0.060896	-0.398383	0.006660	0.917195
40379	3.989011	-0.480755	9.492676	0.017850	-0.062355	0.002654	0.908591	0.137663	0.394350	-0.123690	0.990458	-0.060773	-0.398954	0.006440	0.916948
40380	3.947062	-0.418703	9.487154	0.026481	-0.073529	0.004677	0.908284	0.137686	0.395048	-0.123796	0.990457	-0.060574	-0.399618	0.006113	0.916661
40381	4.024773	-0.549929	9.470849	-0.001610	-0.075097	0.006394	0.907971	0.137722	0.395755	-0.123800	0.990452	-0.060644	-0.400329	0.006068	0.916352
40382	4.043940	-0.626486	9.531339	0.016874	-0.089486	0.004929	0.907599	0.137748	0.396598	-0.123870	0.990450	-0.060534	-0.401149	0.005814	0.915994
40383	4.067116	-0.535628	9.483214	0.024950	-0.090073	0.003474	0.907228	0.137755	0.397444	-0.123954	0.990451	-0.060349	-0.401962	0.005486	0.915640
40384	4.242428	-0.628731	9.466546	0.000774	-0.085026	-0.000757	0.906879	0.137724	0.398249	-0.123908	0.990456	-0.060364	-0.402761	0.005397	0.915289
40385	4.229489	-0.604994	9.446724	0.035695	-0.085091	0.001456	0.906529	0.137711	0.399050	-0.124017	0.990460	-0.060073	-0.403515	0.004969	0.914959
40386	4.186295	-0.504667	9.420555	0.034547	-0.070684	0.003218	0.906232	0.137718	0.399720	-0.124144	0.990461	-0.059795	-0.404142	0.004565	0.914685
40387	4.284751	-0.547825	9.382787	0.032216	-0.057458	0.001751	0.905993	0.137706	0.400268	-0.124242	0.990464	-0.059537	-0.404649	0.004210	0.914462
40388	4.150641	-0.582730	9.471518	0.050215	-0.056046	0.001863	0.905756	0.137699	0.400805	-0.124420	0.990467	-0.059110	-0.405124	0.003671	0.914254
40389	4.136571	-0.497817	9.382670	0.058778	-0.049919	0.003654	0.905544	0.137705	0.401282	-0.124644	0.990469	-0.058617	-0.405529	0.003063	0.914077
40390	4.148793	-0.432006	9.489384	0.061343	-0.056338	0.006746	0.905300	0.137745	0.401819	-0.124912	0.990465	-0.058109	-0.405992	0.002414	0.913873
40391	4.101757	-0.450838	9.449325	0.058097	-0.058094	0.012578	0.905043	0.137839	0.402366	-0.125213	0.990453	-0.057658	-0.406472	0.001801	0.913662
40392	4.142162	-0.486599	9.456637	0.066300	-0.063854	0.016348	0.904755	0.137974	0.402966	-0.125589	0.990435	-0.057143	-0.406996	0.001092	0.913430
