// General information: 
//  MT Manager version: 2022.2.0 
//  XDA version: 2022.2.0 build 7381 rev 124627 built on 2023-07-19
// Device information: 
//  DeviceId: 00B4CBA7
//  ProductCode: MTW2-3A7G6
//  Firmware Version: 4.6.0
//  Hardware Version: 2.0.0
// Device settings: 
//  Filter Profile: human(46.1)
//  Option Flags: Orientation Smoother Disabled, Position/Velocity Smoother Disabled, Continuous Zero Rotation Update Disabled, AHS Disabled, ICC Disabled
// Coordinate system: ENU
PacketCounter	Acc_X	Acc_Y	Acc_Z	Gyr_X	Gyr_Y	Gyr_Z	Mat[1][1]	Mat[2][1]	Mat[3][1]	Mat[1][2]	Mat[2][2]	Mat[3][2]	Mat[1][3]	Mat[2][3]	Mat[3][3]
40126	9.346183	-1.121973	-2.582144	-0.001954	0.000598	0.001150	-0.262594	0.103183	0.959374	-0.016373	0.993646	-0.111350	-0.964768	-0.044948	-0.259236
40127	9.391145	-1.199016	-2.602671	0.005800	0.000377	0.003029	-0.262600	0.103156	0.959375	-0.016503	0.993643	-0.111358	-0.964764	-0.045076	-0.259229
40128	9.399807	-1.206477	-2.529719	0.024514	0.006817	0.006973	-0.262531	0.103187	0.959390	-0.016737	0.993629	-0.111449	-0.964778	-0.045316	-0.259132
40129	9.358184	-1.097561	-2.422960	0.020145	0.014109	0.009479	-0.262398	0.103230	0.959422	-0.016973	0.993614	-0.111551	-0.964811	-0.045555	-0.258970
40130	9.383692	-1.128096	-2.460178	0.008698	0.011414	0.011970	-0.262285	0.103313	0.959444	-0.017041	0.993602	-0.111649	-0.964840	-0.045634	-0.258846
40131	9.409182	-1.159087	-2.497258	0.011183	0.017812	0.021202	-0.262104	0.103516	0.959472	-0.017029	0.993579	-0.111847	-0.964889	-0.045654	-0.258658
40132	9.321451	-1.139424	-2.508067	0.013417	0.010925	0.015642	-0.261997	0.103634	0.959488	-0.017133	0.993561	-0.111993	-0.964917	-0.045781	-0.258534
40133	9.418234	-1.130650	-2.451286	0.017047	0.016010	0.017746	-0.261861	0.103730	0.959515	-0.017424	0.993537	-0.112163	-0.964948	-0.046090	-0.258361
40134	9.441562	-1.068925	-2.405464	0.011427	0.015823	0.018915	-0.261707	0.103884	0.959540	-0.017500	0.993516	-0.112335	-0.964989	-0.046191	-0.258192
40135	9.330728	-1.112709	-2.460515	-0.006243	0.014557	0.016453	-0.261589	0.103963	0.959564	-0.017584	0.993504	-0.112434	-0.965019	-0.046284	-0.258061
40136	9.342085	-1.115952	-2.543432	0.005312	0.004337	0.007579	-0.261544	0.103999	0.959572	-0.017631	0.993497	-0.112481	-0.965031	-0.046337	-0.258010
40137	9.387215	-1.154721	-2.592890	0.004230	0.003478	0.008227	-0.261521	0.104013	0.959577	-0.017763	0.993490	-0.112530	-0.965034	-0.046474	-0.257970
40138	9.627783	-1.305317	-2.583204	-0.002816	0.039013	0.033531	-0.261146	0.104323	0.959646	-0.017663	0.993460	-0.112806	-0.965138	-0.046409	-0.257595
40139	9.430928	-1.203509	-2.478402	0.023130	0.087997	0.056386	-0.260301	0.104891	0.959813	-0.017736	0.993394	-0.113370	-0.965365	-0.046533	-0.256721
40140	9.277267	-1.066180	-2.324503	0.003922	0.076700	0.037689	-0.259562	0.105259	0.959973	-0.017691	0.993357	-0.113703	-0.965564	-0.046496	-0.255976
40141	9.337508	-1.134443	-2.322916	-0.019720	0.055598	0.034639	-0.259032	0.105581	0.960081	-0.017455	0.993334	-0.113947	-0.965711	-0.046274	-0.255462
40142	9.289683	-1.170848	-2.324940	-0.022272	0.029699	0.017075	-0.258744	0.105722	0.960143	-0.017211	0.993330	-0.114014	-0.965793	-0.046026	-0.255198
40143	9.364270	-1.127379	-2.385464	-0.011313	0.008235	0.006565	-0.258634	0.105843	0.960159	-0.016817	0.993335	-0.114030	-0.965829	-0.045639	-0.255130
40144	9.365025	-1.049050	-2.444488	-0.010021	-0.010257	-0.009034	-0.258727	0.105707	0.960149	-0.016759	0.993353	-0.113879	-0.965805	-0.045555	-0.255236
40145	9.384676	-1.036477	-2.472593	-0.029718	-0.030406	-0.018715	-0.259015	0.105460	0.960099	-0.016556	0.993391	-0.113583	-0.965732	-0.045315	-0.255557
40146	9.400552	-1.114748	-2.542966	-0.032650	-0.037133	-0.025525	-0.259365	0.105148	0.960038	-0.016322	0.993436	-0.113215	-0.965642	-0.045034	-0.255946
40147	9.351666	-1.106973	-2.582154	-0.030032	-0.041517	-0.027032	-0.259760	0.104814	0.959968	-0.016141	0.993482	-0.112841	-0.965538	-0.044807	-0.256375
40148	9.418782	-1.116745	-2.563036	-0.036039	-0.050643	-0.027715	-0.260240	0.104474	0.959875	-0.015881	0.993531	-0.112443	-0.965413	-0.044506	-0.256898
40149	9.375149	-1.129347	-2.630324	-0.031534	-0.047033	-0.026121	-0.260699	0.104125	0.959788	-0.015756	0.993575	-0.112071	-0.965291	-0.044339	-0.257384
40150	9.414237	-1.084683	-2.701726	-0.020468	-0.046856	-0.032662	-0.261142	0.103738	0.959710	-0.015659	0.993622	-0.111665	-0.965173	-0.044189	-0.257852
40151	9.427707	-1.049349	-2.705330	-0.031643	-0.049407	-0.036825	-0.261609	0.103325	0.959627	-0.015430	0.993679	-0.111198	-0.965051	-0.043897	-0.258361
40152	9.383835	-1.099940	-2.743204	-0.030110	-0.048221	-0.039914	-0.262064	0.102865	0.959553	-0.015260	0.993737	-0.110698	-0.964930	-0.043652	-0.258853
40153	9.377180	-1.133400	-2.676903	-0.024247	-0.050025	-0.043379	-0.262514	0.102427	0.959477	-0.014974	0.993798	-0.110188	-0.964812	-0.043293	-0.259352
40154	9.393852	-1.044692	-2.610632	-0.020779	-0.058008	-0.041066	-0.263063	0.101952	0.959377	-0.014897	0.993853	-0.109701	-0.964664	-0.043150	-0.259927
40155	9.492787	-0.996071	-2.475941	-0.056641	-0.052341	-0.039338	-0.263564	0.101473	0.959290	-0.014543	0.993921	-0.109132	-0.964532	-0.042714	-0.260486
40156	9.434774	-1.096536	-2.500434	-0.064422	-0.039270	-0.045659	-0.263932	0.100961	0.959243	-0.014058	0.993998	-0.108487	-0.964439	-0.042118	-0.260928
40157	9.355010	-1.115594	-2.415161	-0.058253	-0.038545	-0.034246	-0.264307	0.100525	0.959185	-0.013726	0.994060	-0.107962	-0.964341	-0.041701	-0.261358
40158	9.386276	-1.034929	-2.317549	-0.066256	-0.044955	-0.027329	-0.264733	0.100193	0.959103	-0.013175	0.994119	-0.107487	-0.964232	-0.041091	-0.261856
40159	9.455814	-1.155879	-2.367826	-0.119236	-0.040124	-0.015478	-0.265103	0.100025	0.959018	-0.011951	0.994187	-0.106997	-0.964146	-0.039827	-0.262367
40160	9.488282	-1.274440	-2.535184	-0.102272	-0.000495	-0.002097	-0.265103	0.099963	0.959024	-0.010987	0.994234	-0.106670	-0.964157	-0.038815	-0.262476
40161	9.287249	-1.180168	-2.535275	-0.085921	0.010504	-0.003237	-0.264993	0.099921	0.959059	-0.010103	0.994274	-0.106382	-0.964198	-0.037880	-0.262466
40162	9.560262	-1.329676	-2.368581	-0.071731	0.024259	0.024958	-0.264757	0.100137	0.959102	-0.009361	0.994280	-0.106394	-0.964270	-0.037147	-0.262305
40163	9.448995	-1.116885	-2.197711	-0.058338	0.078304	0.044766	-0.264013	0.100531	0.959266	-0.008814	0.994260	-0.106625	-0.964479	-0.036606	-0.261611
40164	9.260162	-0.969123	-2.318777	-0.081397	0.059560	0.023905	-0.263436	0.100749	0.959401	-0.007982	0.994270	-0.106602	-0.964644	-0.035741	-0.261123
40165	9.197617	-1.041388	-2.578398	-0.076404	0.037591	0.005951	-0.263089	0.100733	0.959498	-0.007402	0.994294	-0.106415	-0.964743	-0.035099	-0.260842
40166	9.267677	-1.229454	-2.835586	-0.064841	0.005818	-0.017962	-0.263028	0.100514	0.959538	-0.006840	0.994339	-0.106035	-0.964764	-0.034453	-0.260851
40167	9.324380	-1.244884	-2.984319	0.009543	0.001072	-0.033646	-0.263003	0.100195	0.959578	-0.006881	0.994373	-0.105714	-0.964770	-0.034406	-0.260834
40168	9.274150	-1.145394	-2.935416	0.043760	-0.008022	-0.042946	-0.263074	0.099723	0.959608	-0.007432	0.994405	-0.105377	-0.964747	-0.034853	-0.260860
40169	9.385144	-1.140023	-2.850624	0.054708	-0.025124	-0.051474	-0.263304	0.099185	0.959601	-0.008044	0.994440	-0.104994	-0.964679	-0.035365	-0.261042
40170	9.397083	-1.111097	-2.694333	0.052127	-0.016480	-0.058657	-0.263454	0.098554	0.959624	-0.008717	0.994484	-0.104528	-0.964633	-0.035904	-0.261141
40171	9.357582	-1.129102	-2.643780	0.046591	-0.025307	-0.061844	-0.263685	0.097895	0.959628	-0.009328	0.994532	-0.104019	-0.964564	-0.036379	-0.261330
40172	9.417794	-1.024959	-2.511357	0.021533	-0.026130	-0.057878	-0.263928	0.097268	0.959625	-0.009704	0.994584	-0.103480	-0.964494	-0.036623	-0.261555
40173	9.560145	-1.085841	-2.478023	-0.033660	0.015680	-0.042864	-0.263753	0.096863	0.959714	-0.009335	0.994642	-0.102954	-0.964545	-0.036113	-0.261436
40174	9.291670	-0.996274	-2.484297	-0.054301	0.037828	-0.043806	-0.263380	0.096399	0.959864	-0.008942	0.994708	-0.102353	-0.964651	-0.035541	-0.261124
40175	9.377877	-1.024935	-2.569405	-0.076527	0.034940	-0.041512	-0.263035	0.095962	0.960002	-0.008320	0.994778	-0.101718	-0.964750	-0.034743	-0.260863
40176	9.322292	-1.085262	-2.616681	-0.083290	0.027202	-0.052637	-0.262765	0.095406	0.960131	-0.007671	0.994861	-0.100956	-0.964829	-0.033893	-0.260683
40177	9.394196	-1.084621	-2.747841	-0.068341	0.024147	-0.057138	-0.262541	0.094808	0.960252	-0.007204	0.994941	-0.100202	-0.964894	-0.033225	-0.260530
40178	9.358323	-1.054006	-2.879340	-0.052544	0.026097	-0.064318	-0.262281	0.094135	0.960389	-0.006881	0.995023	-0.099409	-0.964967	-0.032682	-0.260328
40179	9.362672	-1.157912	-2.947147	-0.037341	0.021094	-0.071098	-0.262075	0.093407	0.960516	-0.006700	0.995105	-0.098599	-0.965024	-0.032276	-0.260166
40180	9.398267	-1.167081	-2.926328	-0.004600	0.023940	-0.066619	-0.261836	0.092710	0.960649	-0.006845	0.995172	-0.097908	-0.965088	-0.032212	-0.259937
40181	9.394170	-1.140714	-2.896155	0.023009	0.031208	-0.072116	-0.261510	0.092022	0.960804	-0.007086	0.995235	-0.097249	-0.965175	-0.032239	-0.259612
40182	9.384486	-1.094257	-2.837871	0.031231	0.033519	-0.076997	-0.261177	0.091225	0.960971	-0.007604	0.995299	-0.096550	-0.965261	-0.032524	-0.259256
40183	9.377748	-1.054458	-2.665175	0.036674	0.033559	-0.082397	-0.260839	0.090406	0.961140	-0.008101	0.995365	-0.095824	-0.965348	-0.032781	-0.258898
40184	9.396568	-1.042037	-2.531661	0.018468	0.029428	-0.093325	-0.260543	0.089445	0.961310	-0.008538	0.995447	-0.094935	-0.965424	-0.032943	-0.258593
40185	9.361494	-1.043439	-2.377197	-0.004616	0.030038	-0.094935	-0.260240	0.088509	0.961479	-0.008650	0.995536	-0.093985	-0.965505	-0.032775	-0.258312
40186	9.374721	-1.048221	-2.187666	-0.029449	0.035670	-0.099899	-0.259883	0.087484	0.961669	-0.008640	0.995637	-0.092909	-0.965602	-0.032455	-0.257993
40187	9.392691	-0.954359	-2.112615	-0.052673	0.027493	-0.099205	-0.259598	0.086522	0.961833	-0.008242	0.995744	-0.091797	-0.965682	-0.031758	-0.257780
40188	9.332018	-0.970957	-2.147650	-0.062866	0.019049	-0.106186	-0.259402	0.085429	0.961984	-0.007926	0.995858	-0.090574	-0.965737	-0.031120	-0.257650
40189	9.412667	-0.932967	-2.235772	-0.065114	0.012778	-0.111372	-0.259273	0.084291	0.962119	-0.007596	0.995975	-0.089304	-0.965774	-0.030463	-0.257590
40190	9.414836	-0.965936	-2.462176	-0.067945	0.016882	-0.114152	-0.259098	0.083117	0.962268	-0.007251	0.996095	-0.087991	-0.965824	-0.029776	-0.257483
40191	9.337936	-1.025232	-2.599747	-0.049684	0.010099	-0.118386	-0.258966	0.081973	0.962402	-0.006856	0.996211	-0.086698	-0.965862	-0.029050	-0.257423
40192	9.413423	-1.025436	-2.617401	-0.025074	0.010746	-0.119906	-0.258850	0.080740	0.962537	-0.006940	0.996319	-0.085440	-0.965893	-0.028796	-0.257337
40193	9.451193	-0.977903	-2.526123	-0.006435	0.017406	-0.115796	-0.258677	0.079563	0.962681	-0.007176	0.996416	-0.084280	-0.965937	-0.028710	-0.257179
40194	9.419008	-0.971054	-2.528168	-0.023092	0.040674	-0.104125	-0.258273	0.078496	0.962878	-0.007237	0.996508	-0.083179	-0.966045	-0.028451	-0.256803
40195	9.626631	-1.036325	-2.424053	-0.029530	0.055052	-0.087512	-0.257723	0.077649	0.963094	-0.007044	0.996588	-0.082234	-0.966193	-0.027978	-0.256297
40196	9.962235	-1.043000	-2.395264	-0.043651	0.181108	-0.004662	-0.255968	0.077611	0.963565	-0.006649	0.996607	-0.082038	-0.966662	-0.027406	-0.254584
40197	9.200604	-0.481211	-2.129708	-0.059826	0.237052	-0.009050	-0.253683	0.077533	0.964175	-0.006164	0.996633	-0.081765	-0.967268	-0.026686	-0.252351
40198	9.101208	-0.500950	-2.226368	-0.191365	0.162843	-0.027004	-0.252103	0.077264	0.964611	-0.004396	0.996706	-0.080984	-0.967691	-0.024657	-0.250932
40199	9.242253	-0.892796	-2.479086	-0.195109	0.117923	-0.063574	-0.250944	0.076702	0.964958	-0.002431	0.996803	-0.079865	-0.967998	-0.022388	-0.249955
40200	9.298492	-0.937005	-2.548661	-0.144071	0.092449	-0.086618	-0.250044	0.075817	0.965262	-0.001268	0.996903	-0.078630	-0.968234	-0.020885	-0.249173
40201	9.251948	-0.801768	-2.663373	-0.101830	0.066277	-0.110949	-0.249394	0.074752	0.965513	-0.000379	0.997009	-0.077289	-0.968402	-0.019642	-0.248619
40202	9.396729	-0.701539	-2.623689	-0.071288	0.039379	-0.115411	-0.249009	0.073567	0.965703	0.000009	0.997111	-0.075958	-0.968501	-0.018906	-0.248290
40203	9.485698	-0.628508	-2.664544	-0.094539	0.037376	-0.117205	-0.248646	0.072392	0.965885	0.000681	0.997216	-0.074565	-0.968594	-0.017883	-0.248004
40204	9.378649	-0.769398	-2.749814	-0.086656	0.035113	-0.121840	-0.248304	0.071141	0.966066	0.001203	0.997321	-0.073133	-0.968681	-0.016997	-0.247724
40205	9.500260	-0.703055	-2.885519	-0.069145	0.040983	-0.116926	-0.247909	0.069994	0.966252	0.001704	0.997417	-0.071815	-0.968782	-0.016157	-0.247388
40206	9.433772	-0.567723	-2.876788	-0.069528	0.049297	-0.116892	-0.247430	0.068794	0.966460	0.002073	0.997511	-0.070474	-0.968904	-0.015434	-0.246957
40207	9.497525	-0.475836	-2.762748	-0.082260	0.053925	-0.109680	-0.246899	0.067769	0.966669	0.002883	0.997599	-0.069201	-0.969037	-0.014299	-0.246501
40208	9.581912	-0.482477	-2.702228	-0.122366	0.074847	-0.099938	-0.246173	0.066740	0.966925	0.003808	0.997685	-0.067894	-0.969218	-0.013032	-0.245857
40209	9.485135	-0.601816	-2.626243	-0.145863	0.081237	-0.097484	-0.245381	0.065821	0.967190	0.005220	0.997768	-0.066578	-0.969413	-0.011289	-0.245176
40210	9.483892	-0.829754	-2.623301	-0.131585	0.073294	-0.114459	-0.244673	0.064645	0.967448	0.006201	0.997859	-0.065109	-0.969586	-0.009932	-0.244550
40211	9.441838	-0.850500	-2.410622	-0.093147	0.074923	-0.117132	-0.243950	0.063518	0.967706	0.007021	0.997942	-0.063733	-0.969762	-0.008754	-0.243894
40212	9.400101	-0.992930	-2.328223	-0.124146	0.070589	-0.116814	-0.243271	0.062316	0.967955	0.007926	0.998028	-0.062260	-0.969926	-0.007474	-0.243285
40213	9.360110	-1.295665	-2.349541	-0.124621	0.054692	-0.129549	-0.242752	0.061022	0.968167	0.008895	0.998118	-0.060680	-0.970048	-0.006119	-0.242838
40214	9.496702	-1.234223	-2.453105	-0.036154	0.039776	-0.130085	-0.242374	0.059684	0.968345	0.008916	0.998201	-0.059293	-0.970142	-0.005738	-0.242470
40215	9.541120	-0.422147	-2.157166	0.047175	0.053525	-0.112723	-0.241870	0.058516	0.968543	0.008132	0.998267	-0.058281	-0.970275	-0.006220	-0.241927
40216	9.477708	-0.169032	-2.058100	-0.000529	0.050339	-0.109385	-0.241387	0.057385	0.968731	0.007859	0.998333	-0.057181	-0.970397	-0.006190	-0.241436
40217	9.402625	-0.129934	-2.263858	0.051895	0.061822	-0.111314	-0.240800	0.056273	0.968942	0.007154	0.998394	-0.056205	-0.970549	-0.006602	-0.240815
40218	9.767435	0.371235	-2.077421	0.044108	0.090336	-0.094278	-0.239926	0.055296	0.969215	0.006485	0.998446	-0.055358	-0.970770	-0.006996	-0.239911
40219	9.516595	0.122948	-2.254813	-0.195201	0.100353	-0.040377	-0.238961	0.054871	0.969478	0.008279	0.998481	-0.054472	-0.970994	-0.004990	-0.239052
40220	9.293723	-0.463163	-2.536454	-0.270790	0.073524	-0.025390	-0.238246	0.054578	0.969670	0.010834	0.998507	-0.053539	-0.971144	-0.002250	-0.238482
40221	9.611077	-0.300984	-2.320388	-0.213396	0.067426	-0.025576	-0.237591	0.054327	0.969845	0.012961	0.998523	-0.052758	-0.971279	0.000035	-0.237944
40222	9.790535	-0.311387	-2.082657	-0.272949	0.154608	0.011121	-0.236085	0.054394	0.970209	0.015625	0.998516	-0.052178	-0.971607	0.002841	-0.236584
40223	9.349322	-0.409023	-1.855951	-0.308934	0.187029	0.015337	-0.234257	0.054525	0.970644	0.018742	0.998494	-0.051567	-0.971994	0.006112	-0.234926
40224	9.268741	-0.608177	-1.703946	-0.328813	0.158858	0.011085	-0.232707	0.054582	0.971014	0.021951	0.998464	-0.050864	-0.972299	0.009478	-0.233548
40225	9.322847	-0.829457	-1.507114	-0.296794	0.102758	-0.008924	-0.231713	0.054464	0.971258	0.024858	0.998437	-0.050058	-0.972466	0.012544	-0.232705
40226	9.267711	-1.033327	-1.419024	-0.247956	0.056649	-0.038294	-0.231170	0.054033	0.971412	0.027167	0.998426	-0.049070	-0.972534	0.015047	-0.232274
40227	9.247114	-1.215295	-1.658294	-0.168199	0.002084	-0.075973	-0.231168	0.053255	0.971455	0.028676	0.998440	-0.047910	-0.972491	0.016782	-0.232334
40228	9.395907	-0.861039	-1.765219	-0.001468	-0.030505	-0.107780	-0.231493	0.052142	0.971438	0.028428	0.998499	-0.046820	-0.972421	0.016777	-0.232627
40229	9.523078	-0.250082	-1.752408	0.079522	-0.055250	-0.113614	-0.232060	0.050988	0.971364	0.027408	0.998571	-0.045868	-0.972315	0.015979	-0.233126
40230	9.524570	-0.068677	-1.808538	0.068518	-0.077695	-0.105168	-0.232841	0.049908	0.971233	0.026483	0.998637	-0.044967	-0.972154	0.015251	-0.233845
40231	9.567358	0.069059	-1.975714	0.061403	-0.090226	-0.090248	-0.233745	0.048995	0.971063	0.025688	0.998692	-0.044206	-0.971959	0.014612	-0.234698
40232	9.600575	0.273382	-2.042961	0.023781	-0.100466	-0.075667	-0.234738	0.048212	0.970862	0.025266	0.998734	-0.043487	-0.971730	0.014321	-0.235659
40233	9.531465	0.012897	-2.274537	-0.064918	-0.115204	-0.069436	-0.235875	0.047499	0.970622	0.025721	0.998760	-0.042625	-0.971443	0.014911	-0.236804
40234	9.423855	-0.334278	-2.417326	-0.061062	-0.133838	-0.071539	-0.237191	0.046763	0.970337	0.026131	0.998786	-0.041746	-0.971112	0.015454	-0.238125
40235	9.543801	-0.367893	-2.498256	-0.038439	-0.140724	-0.069033	-0.238572	0.046065	0.970032	0.026354	0.998814	-0.040950	-0.970767	0.015795	-0.239503
40236	9.579564	-0.093101	-2.551503	-0.010013	-0.133768	-0.054599	-0.239882	0.045499	0.969735	0.026307	0.998839	-0.040357	-0.970445	0.015830	-0.240801
40237	9.931463	0.053280	-2.585694	-0.074479	-0.070596	0.001005	-0.240563	0.045490	0.969567	0.027050	0.998827	-0.040151	-0.970257	0.016568	-0.241511
40238	9.556545	0.090582	-2.603852	-0.089685	-0.015648	0.026706	-0.240705	0.045717	0.969521	0.027970	0.998802	-0.040154	-0.970195	0.017453	-0.241695
40239	9.495762	-0.158934	-2.668213	-0.100333	-0.016053	0.030492	-0.240849	0.045993	0.969472	0.029031	0.998771	-0.040171	-0.970128	0.018470	-0.241888
40240	9.548526	-0.326634	-2.526097	-0.067896	-0.016585	0.040602	-0.240995	0.046360	0.969418	0.029774	0.998741	-0.040361	-0.970069	0.019136	-0.242072
40241	9.411695	-0.263402	-2.289594	-0.066243	-0.026089	0.048443	-0.241232	0.046809	0.969338	0.030516	0.998708	-0.040632	-0.969987	0.019779	-0.242349
40242	9.376251	-0.178169	-1.938174	-0.102586	-0.057384	0.044957	-0.241773	0.047227	0.969183	0.031606	0.998668	-0.040780	-0.969818	0.020773	-0.242943
40243	9.389550	-0.386398	-1.638560	-0.152438	-0.091578	0.040255	-0.242645	0.047611	0.968946	0.033175	0.998618	-0.040761	-0.969548	0.022254	-0.243889
40244	9.338289	-0.527571	-1.549210	-0.127388	-0.122697	0.021685	-0.243825	0.047813	0.968640	0.034448	0.998581	-0.040620	-0.969207	0.023464	-0.245126
40245	9.435471	-0.294396	-1.835158	-0.103346	-0.134940	0.014575	-0.245123	0.047952	0.968305	0.035479	0.998551	-0.040469	-0.968843	0.024434	-0.246469
40246	9.395754	-0.300056	-2.169061	-0.075944	-0.157419	0.005548	-0.246644	0.048005	0.967916	0.036214	0.998531	-0.040295	-0.968429	0.025113	-0.248020
40247	9.417758	-0.414905	-2.586176	-0.028990	-0.171817	0.000775	-0.248304	0.048017	0.967491	0.036488	0.998526	-0.040193	-0.967995	0.025321	-0.249690
40248	9.488058	-0.548475	-2.855028	0.076101	-0.179945	-0.004082	-0.250045	0.047979	0.967045	0.035727	0.998549	-0.040304	-0.967575	0.024471	-0.251396
40249	9.480805	-0.538409	-2.985169	0.153837	-0.178836	-0.004544	-0.251773	0.047938	0.966598	0.034221	0.998589	-0.040611	-0.967181	0.022853	-0.253058
40250	9.607297	-0.346994	-2.887479	0.227172	-0.179446	0.003859	-0.253505	0.047974	0.966144	0.032020	0.998638	-0.041186	-0.966804	0.020495	-0.254696
40251	9.498086	-0.065541	-2.592665	0.229646	-0.188599	0.032788	-0.255315	0.048296	0.965651	0.029866	0.998669	-0.042051	-0.966397	0.018104	-0.256417
40252	9.498220	0.211013	-2.312997	0.232252	-0.193221	0.041873	-0.257167	0.048705	0.965139	0.027715	0.998690	-0.043013	-0.965969	0.015687	-0.258180
40253	9.490533	0.257570	-2.116433	0.170628	-0.193800	0.048456	-0.259022	0.049175	0.964619	0.026174	0.998694	-0.043884	-0.965517	0.013881	-0.259971
40254	9.440392	0.069382	-2.006230	0.111911	-0.198378	0.057936	-0.260919	0.049738	0.964078	0.025230	0.998682	-0.044695	-0.965031	0.012661	-0.261830
40255	9.385434	-0.071458	-1.781406	0.046919	-0.214939	0.084334	-0.262968	0.050565	0.963479	0.024981	0.998648	-0.045592	-0.964481	0.012079	-0.263876
40256	9.441790	-0.017033	-1.536360	-0.022764	-0.239942	0.109076	-0.265251	0.051641	0.962795	0.025474	0.998591	-0.046543	-0.963843	0.012180	-0.266193
40257	9.435968	-0.178846	-1.523154	-0.098605	-0.257035	0.119813	-0.267692	0.052831	0.962055	0.026736	0.998518	-0.047394	-0.963134	0.013034	-0.268708
40258	9.369977	-0.216749	-1.585836	-0.081873	-0.278165	0.124909	-0.270333	0.054074	0.961247	0.027845	0.998443	-0.048335	-0.962364	0.013699	-0.271418
40259	9.344062	-0.481675	-1.597305	-0.085574	-0.301439	0.122014	-0.273193	0.055294	0.960369	0.028991	0.998366	-0.049235	-0.961522	0.014391	-0.274350
40260	9.253201	-0.733558	-1.675512	-0.036777	-0.334678	0.118979	-0.276372	0.056489	0.959389	0.029656	0.998297	-0.050237	-0.960593	0.014568	-0.277577
40261	9.280713	-0.547960	-1.766693	0.029367	-0.355470	0.129932	-0.279742	0.057789	0.958334	0.029701	0.998230	-0.051525	-0.959616	0.014050	-0.280964
40262	9.462720	-0.037662	-2.042407	0.033862	-0.372029	0.139614	-0.283267	0.059192	0.957213	0.029754	0.998155	-0.052919	-0.958580	0.013491	-0.284505
40263	9.428492	-0.188085	-2.766700	-0.034299	-0.367076	0.139685	-0.286736	0.060591	0.956092	0.030458	0.998070	-0.054117	-0.957525	0.013603	-0.288028
40264	9.357471	-0.486151	-3.358118	0.027837	-0.375890	0.135026	-0.290290	0.061948	0.954932	0.030565	0.997994	-0.055450	-0.956451	0.013091	-0.291601
40265	9.519252	-0.287080	-3.480035	0.124737	-0.368718	0.156125	-0.293761	0.063508	0.953767	0.029809	0.997914	-0.057266	-0.955414	0.011608	-0.295041
40266	9.477350	0.039310	-3.475675	0.146503	-0.348905	0.180303	-0.297038	0.065303	0.952630	0.028926	0.997816	-0.059381	-0.954428	0.009917	-0.298278
40267	9.550654	0.173285	-3.324752	0.099948	-0.339214	0.212201	-0.300208	0.067404	0.951489	0.028576	0.997688	-0.061661	-0.953446	0.008679	-0.301440
40268	9.588226	-0.320582	-3.100107	0.014061	-0.346701	0.205715	-0.303450	0.069444	0.950313	0.029046	0.997551	-0.063621	-0.952404	0.008297	-0.304725
40269	9.520356	-0.853603	-3.013713	0.079640	-0.348939	0.216043	-0.306704	0.071583	0.949109	0.028929	0.997408	-0.065878	-0.951365	0.007252	-0.307980
40270	9.680924	-0.654424	-2.727195	0.158662	-0.355299	0.224494	-0.310016	0.073803	0.947862	0.028096	0.997258	-0.068460	-0.950316	0.005408	-0.311240
40271	9.579743	-0.586796	-2.440136	0.090726	-0.363236	0.236129	-0.313395	0.076132	0.946566	0.027950	0.997089	-0.070941	-0.949212	0.004224	-0.314610
40272	9.517903	-0.833867	-2.189811	0.075584	-0.403347	0.238817	-0.317152	0.078486	0.945122	0.027969	0.996910	-0.073401	-0.947962	0.003155	-0.318367
40273	9.431054	-1.074360	-1.844550	0.084477	-0.429208	0.224857	-0.321148	0.080693	0.943585	0.027864	0.996737	-0.075755	-0.946619	0.001963	-0.322349
40274	9.308368	-1.188149	-1.401313	0.126739	-0.470735	0.200600	-0.325543	0.082656	0.941907	0.027296	0.996578	-0.078020	-0.945133	0.000312	-0.326685
40275	9.207981	-1.073709	-1.067078	0.125327	-0.527073	0.171526	-0.330469	0.084312	0.940043	0.026636	0.996438	-0.080006	-0.943441	-0.001401	-0.331538
40276	9.182275	-0.989509	-0.707616	0.058199	-0.615670	0.164055	-0.336225	0.085893	0.937857	0.026616	0.996301	-0.081703	-0.941405	-0.002508	-0.337268
40277	9.280375	-1.158659	-0.484574	0.008094	-0.718067	0.133729	-0.342931	0.087161	0.935308	0.026973	0.996189	-0.082945	-0.938973	-0.003216	-0.343976
40278	9.470315	-0.962454	0.036041	0.025781	-0.828758	0.119233	-0.350667	0.088277	0.932330	0.027127	0.996087	-0.084110	-0.936107	-0.004203	-0.351689
40279	9.899129	-0.793021	0.521121	-0.033685	-0.952784	0.116383	-0.359528	0.089339	0.928848	0.027810	0.995990	-0.085033	-0.932720	-0.004741	-0.360571
40280	10.334858	-1.054559	1.395850	-0.146951	-1.106795	0.091551	-0.369800	0.090159	0.924726	0.029492	0.995918	-0.085306	-0.928643	-0.004274	-0.370950
40281	11.917664	-1.472093	2.264199	-0.251636	-1.309145	0.069380	-0.381892	0.090758	0.919740	0.032054	0.995869	-0.084961	-0.923651	-0.002965	-0.383223
40282	12.201167	-2.347006	2.182618	-0.415125	-1.423261	0.059836	-0.394975	0.091290	0.914145	0.036089	0.995824	-0.083854	-0.917983	-0.000130	-0.396620
40283	11.596475	-3.235766	1.517892	-0.415192	-1.585886	0.041395	-0.409444	0.091677	0.907717	0.040027	0.995786	-0.082517	-0.911457	0.002547	-0.411388
40284	11.425439	-3.317324	0.960252	-0.307456	-1.804079	0.004569	-0.425815	0.091739	0.900147	0.042816	0.995775	-0.081232	-0.903797	0.003951	-0.427944
40285	12.275160	-2.772735	-0.342194	-0.259580	-1.915458	-0.004336	-0.443025	0.091744	0.891803	0.045111	0.995771	-0.080029	-0.895374	0.004775	-0.445290
40286	12.674368	-2.583367	-2.012591	-0.282678	-1.799389	0.024944	-0.459049	0.092047	0.883630	0.047721	0.995737	-0.078934	-0.887128	0.005933	-0.461485
40287	12.012282	-1.829824	-3.249977	-0.237751	-1.607367	0.015984	-0.473220	0.092260	0.876100	0.049851	0.995712	-0.077930	-0.879533	0.006796	-0.475790
40288	11.778762	-1.011254	-4.361529	-0.415529	-1.260015	0.030100	-0.484246	0.092623	0.870015	0.053613	0.995653	-0.076158	-0.873288	0.009765	-0.487107
40289	9.619784	-0.059778	-5.901099	-0.259696	-1.047578	-0.053029	-0.493375	0.092154	0.864921	0.055565	0.995680	-0.074390	-0.868040	0.011357	-0.496364
40290	8.479512	0.831823	-6.371372	-0.058474	-1.290382	-0.174723	-0.504631	0.090515	0.858577	0.055174	0.995837	-0.072557	-0.861571	0.010757	-0.507524
40291	9.556672	1.044093	-6.137475	-0.096229	-1.400326	-0.203892	-0.516738	0.088580	0.851549	0.054907	0.996014	-0.070289	-0.854381	0.010435	-0.519542
40292	8.983813	0.869461	-6.246553	0.014634	-1.342132	-0.193238	-0.528262	0.086745	0.844639	0.053748	0.996189	-0.068694	-0.847378	0.009109	-0.530911
40293	8.434373	0.893184	-5.960761	0.055380	-1.368972	-0.182654	-0.539891	0.084982	0.837434	0.052251	0.996355	-0.067424	-0.840112	0.007355	-0.542364
40294	8.357762	0.581233	-6.034883	0.007094	-1.312975	-0.134057	-0.550943	0.083694	0.830335	0.051434	0.996472	-0.066312	-0.832956	0.006174	-0.553305
40295	7.512879	-0.216851	-6.726511	-0.065831	-1.245439	-0.139567	-0.561328	0.082320	0.823489	0.051148	0.996589	-0.064759	-0.826011	0.005769	-0.563624
40296	7.252784	-1.376047	-7.550314	-0.115437	-1.138663	-0.155187	-0.570775	0.080798	0.817122	0.051192	0.996713	-0.062797	-0.819509	0.005987	-0.573035
40297	7.281586	-1.990864	-8.044993	0.000554	-0.925636	-0.164446	-0.578403	0.079154	0.811902	0.050188	0.996849	-0.061430	-0.814206	0.005216	-0.580553
40298	7.435099	-1.808111	-7.934044	0.162448	-0.594385	-0.140139	-0.583300	0.077740	0.808528	0.048027	0.996969	-0.061210	-0.810836	0.003127	-0.585265
40299	7.313200	-1.009480	-7.734249	0.245900	-0.145968	-0.055725	-0.584493	0.077133	0.807724	0.045657	0.997021	-0.062171	-0.810113	0.000540	-0.586274
40300	6.851978	0.061285	-7.520898	0.133656	0.301720	0.032046	-0.582031	0.077411	0.809474	0.044732	0.996999	-0.063180	-0.811936	-0.000563	-0.583747
40301	6.776652	0.485640	-7.455086	-0.157816	0.669133	0.119050	-0.576516	0.078541	0.813302	0.046657	0.996910	-0.063199	-0.815753	0.001510	-0.578399
40302	7.468617	0.200570	-6.925999	-0.480925	1.036145	0.227071	-0.567921	0.080718	0.819116	0.051866	0.996711	-0.062259	-0.821447	0.007126	-0.570240
40303	7.752156	-0.353956	-6.501734	-0.613246	1.466811	0.361028	-0.555600	0.084105	0.827185	0.058907	0.996352	-0.061739	-0.829360	0.014425	-0.558528
40304	7.502728	-0.434778	-6.543155	-0.614474	1.884351	0.467803	-0.539584	0.088378	0.837281	0.066570	0.995840	-0.062214	-0.839296	0.022168	-0.543222
40305	7.155143	-0.462526	-6.772682	-0.572602	2.220260	0.543879	-0.520426	0.093163	0.848809	0.074245	0.995203	-0.063710	-0.850673	0.029864	-0.524847
40306	7.173968	-0.843020	-6.714818	-0.452974	2.505255	0.618106	-0.498478	0.098437	0.861296	0.081251	0.994464	-0.066632	-0.863087	0.036767	-0.503716
40307	7.134159	-1.115849	-6.408729	-0.229973	2.799443	0.685892	-0.473540	0.104105	0.874598	0.086543	0.993685	-0.071422	-0.876510	0.041869	-0.479559
40308	7.090816	-1.190156	-6.154753	-0.012500	3.063427	0.743930	-0.445814	0.110118	0.888326	0.090051	0.992887	-0.077887	-0.890584	0.045271	-0.452559
40309	7.130388	-1.113655	-5.767017	0.198437	3.244914	0.772905	-0.415971	0.116246	0.901918	0.091562	0.992110	-0.085641	-0.904757	0.046957	-0.423332
40310	7.428001	-1.139677	-5.367719	0.359275	3.365690	0.753765	-0.384595	0.122092	0.914975	0.091284	0.991386	-0.093919	-0.918561	0.047401	-0.392427
40311	7.835337	-1.244760	-4.834614	0.534187	3.462776	0.716631	-0.351899	0.127526	0.927310	0.088947	0.990749	-0.102496	-0.931802	0.046413	-0.359987
40312	8.300854	-1.175364	-4.350319	0.667454	3.578263	0.702707	-0.317717	0.132819	0.938837	0.085020	0.990143	-0.111305	-0.944366	0.044457	-0.325878
40313	8.585936	-1.254861	-3.882052	0.725935	3.691579	0.688170	-0.282058	0.137987	0.949422	0.080157	0.989532	-0.120004	-0.956043	0.042255	-0.290166
40314	9.373207	-1.084296	-3.318773	0.833994	3.815125	0.676152	-0.244853	0.143078	0.958945	0.073905	0.988928	-0.128681	-0.966739	0.039363	-0.252717
40315	9.880715	-0.600972	-2.910633	0.948729	3.856860	0.650298	-0.206917	0.148020	0.967096	0.066132	0.988344	-0.137123	-0.976121	0.035583	-0.214294
40316	10.537600	-0.533932	-1.929710	0.922419	3.731233	0.568022	-0.169995	0.152330	0.973600	0.058150	0.987809	-0.144400	-0.983728	0.032068	-0.176780
40317	11.128032	-0.966977	-1.121111	0.862039	3.655371	0.525663	-0.133626	0.156360	0.978619	0.050418	0.987269	-0.150857	-0.989748	0.029182	-0.139808
40318	10.891930	-1.514297	-0.752198	0.902927	3.517238	0.440571	-0.098526	0.159700	0.982237	0.041963	0.986828	-0.156237	-0.994249	0.025824	-0.103930
40319	11.017670	-1.667637	-0.759502	1.119943	3.289312	0.286104	-0.065652	0.161727	0.984649	0.031023	0.986632	-0.159984	-0.997360	0.020044	-0.069792
40320	10.619236	-1.386927	-0.691201	1.344683	3.037889	0.033746	-0.035311	0.161537	0.986235	0.017609	0.986798	-0.160999	-0.999221	0.011682	-0.037689
40321	9.748662	-1.293155	0.423335	1.462651	2.787501	-0.152698	-0.007449	0.159802	0.987121	0.002936	0.987148	-0.159784	-0.999968	0.001708	-0.007822
40322	7.881618	-1.159815	3.169786	1.691303	2.416547	-0.260016	0.016734	0.157307	0.987408	-0.013968	0.987487	-0.157083	-0.999762	-0.011164	0.018722
40323	8.855179	-0.097044	1.385261	1.961603	2.113687	-0.238182	0.037927	0.155321	0.987136	-0.033524	0.987488	-0.154088	-0.998718	-0.027249	0.042660
40324	9.136525	-0.182181	1.126327	1.979413	1.868170	-0.340473	0.056723	0.152582	0.986662	-0.053118	0.987314	-0.149629	-0.996976	-0.043922	0.064108
40325	6.328992	-0.096422	0.635233	1.931752	1.526628	-0.505542	0.072260	0.148349	0.986292	-0.072050	0.987069	-0.143188	-0.994780	-0.060716	0.082014
40326	4.960642	-0.476457	0.300465	1.853203	0.993142	-0.593847	0.082617	0.143134	0.986249	-0.090006	0.986659	-0.135654	-0.992509	-0.077561	0.094398
40327	5.458964	0.947841	0.711133	1.711200	0.642679	-0.527356	0.089525	0.138442	0.986316	-0.106536	0.985942	-0.128720	-0.990270	-0.093555	0.103016
40328	5.113017	1.989084	0.533595	0.842037	0.228264	-0.405016	0.092241	0.134631	0.986593	-0.114502	0.985679	-0.123801	-0.989131	-0.101548	0.106335
40329	4.567527	1.407465	0.015570	-0.223045	-0.218870	-0.303931	0.090438	0.131373	0.987199	-0.112039	0.986311	-0.120990	-0.989580	-0.099663	0.103919
40330	4.598468	0.935089	-0.588555	-1.096348	-0.637035	-0.186859	0.084336	0.128885	0.988067	-0.101018	0.987597	-0.120201	-0.991304	-0.089675	0.096310
40331	5.806779	0.728495	-1.344654	-2.041687	-0.995107	-0.063335	0.074533	0.127417	0.989045	-0.080724	0.989320	-0.121369	-0.993946	-0.070794	0.084022
40332	8.722782	-0.558236	-1.232167	-2.902039	-1.012150	0.069131	0.064419	0.127482	0.989747	-0.051888	0.990893	-0.124253	-0.996573	-0.043352	0.070447
40333	9.872883	-1.460259	-0.812941	-3.185042	-0.794575	0.158579	0.056450	0.128787	0.990064	-0.020238	0.991589	-0.127831	-0.998200	-0.012821	0.058582
40334	9.497624	-1.904441	-0.375433	-3.170323	-0.630952	0.063244	0.050151	0.129388	0.990325	0.011383	0.991434	-0.130109	-0.998677	0.017798	0.048249
40335	11.241060	-3.671498	1.216868	-2.813121	-0.381173	-0.037945	0.046346	0.129087	0.990550	0.039466	0.990604	-0.130941	-0.998145	0.045162	0.040816
40336	11.928354	-4.359282	2.987536	-2.192472	-0.166006	-0.111295	0.044636	0.128036	0.990765	0.061388	0.989527	-0.130642	-0.997115	0.066653	0.036308
40337	11.649743	-7.122682	2.597924	-2.435046	-0.388003	-0.186707	0.040642	0.126451	0.991140	0.085708	0.987862	-0.129547	-0.995491	0.090214	0.029311
40338	10.367402	-10.975705	0.215274	-2.475382	-0.896983	-0.338942	0.031389	0.123978	0.991788	0.110445	0.985771	-0.126721	-0.993386	0.113516	0.017250
40339	10.666136	-8.991845	0.310254	-1.553534	-1.162903	-0.428799	0.019349	0.121116	0.992450	0.125960	0.984431	-0.122593	-0.991847	0.127382	0.003792
40340	10.989875	-0.326960	1.876480	-0.851296	-1.208429	-0.292522	0.006986	0.119777	0.992776	0.134435	0.983675	-0.119625	-0.990898	0.134300	-0.009230
40341	13.842880	5.144158	1.067590	-1.776874	-1.435478	-0.141004	-0.007411	0.120396	0.992698	0.152007	0.981324	-0.117881	-0.988352	0.150024	-0.025574
40342	12.033898	-1.396679	-2.628262	-2.590565	-1.351219	-0.173296	-0.021026	0.120845	0.992449	0.177526	0.977345	-0.115244	-0.983891	0.173762	-0.042002
40343	8.085925	-4.346778	-5.146435	-0.959381	-1.093400	-0.434987	-0.032557	0.118500	0.992420	0.186822	0.976167	-0.110431	-0.981854	0.181811	-0.053920
40344	8.514741	-0.736723	-4.846142	0.369537	-0.969359	-0.515755	-0.043034	0.115160	0.992414	0.182993	0.977439	-0.105487	-0.982172	0.177065	-0.063137
40345	9.540513	1.007888	-4.248507	0.480607	-0.871400	-0.472173	-0.052442	0.112023	0.992321	0.178035	0.978818	-0.101090	-0.982626	0.171367	-0.071275
40346	9.756295	0.790925	-3.551819	0.233577	-0.774456	-0.399823	-0.060762	0.109381	0.992141	0.175507	0.979662	-0.097257	-0.982601	0.168218	-0.078723
40347	9.292070	0.363137	-3.294708	-0.190949	-0.703219	-0.344195	-0.068272	0.107157	0.991895	0.177151	0.979718	-0.093649	-0.981813	0.169321	-0.085871
40348	9.492947	-0.988859	-3.371610	-0.571030	-0.691037	-0.307363	-0.075608	0.105292	0.991563	0.182525	0.979069	-0.090048	-0.980290	0.174176	-0.093244
40349	9.813453	-1.990721	-3.334854	-0.582212	-0.644396	-0.313713	-0.082500	0.103322	0.991221	0.187971	0.978372	-0.086338	-0.978704	0.179198	-0.100137
40350	9.895093	-1.561324	-3.016348	-0.390301	-0.585754	-0.325015	-0.088850	0.101161	0.990895	0.191503	0.978004	-0.082673	-0.977462	0.182414	-0.106268
40351	9.844811	-0.809170	-2.474253	-0.320414	-0.553064	-0.325206	-0.094880	0.098960	0.990558	0.194329	0.977745	-0.079066	-0.976337	0.184992	-0.111999
40352	9.674156	-0.332915	-2.134498	-0.282446	-0.525845	-0.308482	-0.100619	0.096881	0.990197	0.196775	0.977526	-0.075646	-0.975272	0.187235	-0.117421
40353	9.554479	-0.117421	-1.627960	-0.325323	-0.500251	-0.296389	-0.106083	0.094891	0.989819	0.199635	0.977200	-0.072285	-0.974111	0.189934	-0.122608
40354	9.651644	-0.345527	-1.455514	-0.386139	-0.462219	-0.292974	-0.111177	0.092872	0.989452	0.203067	0.976740	-0.068862	-0.972833	0.193269	-0.127451
40355	9.598274	-0.820516	-1.575747	-0.353619	-0.464479	-0.314230	-0.116337	0.090672	0.989062	0.206142	0.976344	-0.065258	-0.971582	0.196296	-0.132276
40356	9.541920	-1.111217	-1.646680	-0.241525	-0.471658	-0.328517	-0.121603	0.088353	0.988639	0.208088	0.976166	-0.061644	-0.970522	0.198228	-0.137090
40357	9.568879	-1.096351	-1.674979	-0.138558	-0.485580	-0.354053	-0.127053	0.085825	0.988176	0.208987	0.976202	-0.057915	-0.969630	0.199157	-0.141966
40358	9.667225	-0.886477	-1.671641	-0.022258	-0.495166	-0.364275	-0.132619	0.083213	0.987668	0.208720	0.976470	-0.054244	-0.968942	0.198953	-0.146866
40359	9.802027	-0.383388	-1.476977	0.049510	-0.517918	-0.352895	-0.138372	0.080758	0.987082	0.207758	0.976860	-0.050798	-0.968344	0.198045	-0.151949
40360	9.861489	-0.028418	-1.633818	0.068875	-0.507987	-0.326459	-0.143971	0.078530	0.986461	0.206620	0.977261	-0.047642	-0.967771	0.196964	-0.156923
40361	9.622438	-0.113685	-1.798428	0.060616	-0.501488	-0.317855	-0.149480	0.076372	0.985811	0.205562	0.977629	-0.044569	-0.967161	0.195983	-0.161835
40362	9.398506	-0.443851	-1.963557	0.129452	-0.502620	-0.321421	-0.155003	0.074168	0.985126	0.203811	0.978127	-0.041573	-0.966662	0.194335	-0.166729
40363	9.606507	-0.159910	-1.946252	0.268389	-0.513745	-0.324455	-0.160626	0.071948	0.984389	0.200699	0.978884	-0.038797	-0.966395	0.191334	-0.171675
40364	9.777186	0.268349	-1.968860	0.260751	-0.486915	-0.293901	-0.165921	0.069953	0.983655	0.197689	0.979592	-0.036318	-0.966121	0.188432	-0.176364
40365	9.622074	0.215875	-2.199637	0.178829	-0.476500	-0.271564	-0.171060	0.068148	0.982901	0.195498	0.980117	-0.033932	-0.965670	0.186350	-0.180981
40366	9.525082	-0.203849	-2.343332	0.154721	-0.496559	-0.259192	-0.176362	0.066486	0.982077	0.193542	0.980582	-0.031628	-0.965110	0.184496	-0.185805
40367	9.675298	-0.179190	-2.250424	0.201556	-0.510807	-0.248436	-0.181771	0.064949	0.981194	0.191146	0.981117	-0.029533	-0.964584	0.182183	-0.190753
40368	9.643217	-0.059556	-2.018317	0.185374	-0.502869	-0.235770	-0.187072	0.063504	0.980291	0.188912	0.981608	-0.027539	-0.964010	0.180037	-0.195628
40369	9.581976	0.168657	-1.844662	0.174902	-0.513031	-0.230946	-0.192452	0.062118	0.979338	0.186781	0.982068	-0.025587	-0.963366	0.177998	-0.200604
40370	9.595756	0.093464	-1.804921	0.152687	-0.503308	-0.228011	-0.197727	0.060728	0.978374	0.184854	0.982482	-0.023625	-0.962670	0.176185	-0.205489
40371	9.502022	0.023587	-1.755707	0.168807	-0.492167	-0.227660	-0.202884	0.059316	0.977405	0.182766	0.982917	-0.021713	-0.961995	0.174231	-0.210259
40372	9.483226	0.018550	-1.911425	0.169542	-0.490690	-0.218550	-0.208004	0.057976	0.976408	0.180674	0.983342	-0.019899	-0.961297	0.172272	-0.215014
40373	9.621486	0.122659	-1.941710	0.201080	-0.488521	-0.202404	-0.213064	0.056784	0.975387	0.178306	0.983804	-0.018324	-0.960630	0.170014	-0.219738
40374	9.560779	0.088890	-1.803517	0.172336	-0.490087	-0.179312	-0.218091	0.055806	0.974332	0.176252	0.984200	-0.016919	-0.959881	0.168038	-0.224481
40375	9.491254	-0.146396	-1.691046	0.152718	-0.495619	-0.171527	-0.223149	0.054908	0.973237	0.174398	0.984552	-0.015559	-0.959057	0.166259	-0.229278
40376	9.311051	-0.459734	-1.685375	0.133107	-0.504787	-0.174765	-0.228295	0.053980	0.972094	0.172715	0.984871	-0.014128	-0.958150	0.164670	-0.234164
40377	9.334304	-0.396384	-1.456516	0.226003	-0.535562	-0.186976	-0.233746	0.052975	0.970854	0.170107	0.985342	-0.012810	-0.957302	0.162155	-0.239331
40378	9.561673	0.102521	-1.231666	0.259096	-0.546849	-0.179718	-0.239285	0.052041	0.969554	0.167189	0.985856	-0.011654	-0.956447	0.159310	-0.244601
40379	9.354407	0.326049	-1.175721	0.183017	-0.561861	-0.166225	-0.244932	0.051253	0.968185	0.165025	0.986234	-0.010460	-0.955393	0.157213	-0.250019
40380	9.564176	0.120432	-1.642671	0.099542	-0.574888	-0.150672	-0.250672	0.050625	0.966747	0.163687	0.986469	-0.009215	-0.954133	0.155934	-0.255567
40381	9.401018	0.045692	-2.097102	0.067178	-0.560599	-0.154448	-0.256269	0.049934	0.965315	0.162641	0.986654	-0.007860	-0.952824	0.154986	-0.260970
40382	9.353122	-0.200724	-2.521787	0.034416	-0.590544	-0.159012	-0.262152	0.049237	0.963770	0.161887	0.986789	-0.006378	-0.951351	0.154349	-0.266660
40383	9.596502	-0.029529	-2.889731	0.060557	-0.591228	-0.143473	-0.268004	0.048691	0.962187	0.160916	0.986955	-0.005124	-0.949884	0.153458	-0.272343
40384	9.365446	-0.023616	-3.275844	0.034424	-0.557443	-0.126531	-0.273501	0.048254	0.960661	0.160231	0.987072	-0.003963	-0.948432	0.152844	-0.277697
40385	9.212597	0.126189	-3.362700	0.077871	-0.574614	-0.123597	-0.279144	0.047870	0.959055	0.159137	0.987252	-0.002959	-0.946971	0.151795	-0.283203
40386	9.495743	0.317667	-3.347973	0.100323	-0.569630	-0.110103	-0.284711	0.047603	0.957431	0.157862	0.987459	-0.002152	-0.945526	0.150529	-0.288655
40387	9.333196	0.176253	-3.241779	0.094434	-0.550071	-0.100146	-0.290066	0.047399	0.955832	0.156667	0.987650	-0.001433	-0.944096	0.149331	-0.293910
40388	9.257667	0.202525	-2.850230	0.168145	-0.570682	-0.101022	-0.295610	0.047206	0.954142	0.154769	0.987950	-0.000929	-0.942688	0.147397	-0.299354
