// General information: 
//  MT Manager version: 2022.2.0 
//  XDA version: 2022.2.0 build 7381 rev 124627 built on 2023-07-19
// Device information: 
//  DeviceId: 00B4CAF0
//  ProductCode: MTW2-3A7G6
//  Firmware Version: 4.6.0
//  Hardware Version: 2.0.0
// Device settings: 
//  Filter Profile: human(46.1)
//  Option Flags: Orientation Smoother Disabled, Position/Velocity Smoother Disabled, Continuous Zero Rotation Update Disabled, AHS Disabled, ICC Disabled
// Coordinate system: ENU
PacketCounter	Acc_X	Acc_Y	Acc_Z	Gyr_X	Gyr_Y	Gyr_Z	Mat[1][1]	Mat[2][1]	Mat[3][1]	Mat[1][2]	Mat[2][2]	Mat[3][2]	Mat[1][3]	Mat[2][3]	Mat[3][3]
25017	4.435569	-0.915174	9.222019	-0.001410	-0.001229	0.006960	-0.353817	-0.832596	0.426142	0.899478	-0.427802	-0.089020	0.256422	0.351808	0.900266
25018	4.417245	-0.930204	9.228693	0.002639	0.002961	0.003087	-0.353819	-0.832597	0.426139	0.899475	-0.427807	-0.089029	0.256430	0.351801	0.900266
25019	4.417660	-0.940771	9.207151	0.008018	0.007735	0.004390	-0.353826	-0.832618	0.426091	0.899488	-0.427786	-0.088996	0.256375	0.351775	0.900292
25020	4.414716	-0.918372	9.251373	0.010508	0.014017	0.006707	-0.353824	-0.832673	0.425986	0.899518	-0.427733	-0.088949	0.256273	0.351710	0.900347
25021	4.393084	-0.963191	9.274126	0.013920	0.016827	0.003067	-0.353870	-0.832720	0.425856	0.899539	-0.427707	-0.088857	0.256135	0.351630	0.900417
25022	4.407970	-0.925302	9.311944	0.016892	0.012764	0.006075	-0.353871	-0.832768	0.425762	0.899583	-0.427637	-0.088750	0.255980	0.351603	0.900472
25023	4.390051	-0.960499	9.275842	0.017940	0.021398	0.000820	-0.353936	-0.832826	0.425594	0.899613	-0.427603	-0.088613	0.255784	0.351507	0.900565
25024	4.386127	-0.937199	9.320584	0.017200	0.021169	0.005926	-0.353960	-0.832902	0.425425	0.899657	-0.427533	-0.088502	0.255597	0.351410	0.900656
25025	4.387186	-0.863021	9.312762	0.020124	0.019278	0.003293	-0.353982	-0.832970	0.425273	0.899709	-0.427454	-0.088356	0.255383	0.351345	0.900742
25026	4.351034	-0.860369	9.311599	0.016711	0.016471	0.006933	-0.353985	-0.833035	0.425145	0.899755	-0.427378	-0.088255	0.255217	0.351285	0.900812
25027	4.348464	-0.900988	9.305979	0.014644	0.015654	0.006860	-0.353985	-0.833096	0.425023	0.899796	-0.427309	-0.088173	0.255073	0.351223	0.900878
25028	4.326011	-0.934708	9.350481	0.014187	0.010572	0.006243	-0.353978	-0.833137	0.424949	0.899833	-0.427247	-0.088090	0.254950	0.351201	0.900921
25029	4.323327	-0.912165	9.394514	0.007459	0.003806	0.008649	-0.353949	-0.833157	0.424934	0.899853	-0.427207	-0.088080	0.254919	0.351203	0.900929
25030	4.290784	-0.879654	9.377115	0.008531	-0.002991	0.003467	-0.353933	-0.833138	0.424985	0.899866	-0.427188	-0.088037	0.254895	0.351270	0.900909
25031	4.324721	-0.922273	9.372589	0.001083	-0.008582	0.002086	-0.353918	-0.833093	0.425086	0.899854	-0.427211	-0.088057	0.254961	0.351350	0.900860
25032	4.289767	-0.899306	9.413435	-0.002473	-0.021711	-0.002239	-0.353906	-0.832984	0.425310	0.899819	-0.427278	-0.088089	0.255102	0.351527	0.900751
25033	4.294274	-0.921412	9.368612	-0.005455	-0.032693	-0.003547	-0.353881	-0.832829	0.425634	0.899769	-0.427372	-0.088143	0.255312	0.351780	0.900592
25034	4.274896	-0.935076	9.454301	-0.015393	-0.044566	-0.007236	-0.353854	-0.832618	0.426068	0.899683	-0.427526	-0.088270	0.255650	0.352092	0.900375
25035	4.277956	-0.967661	9.467219	-0.030069	-0.059833	-0.012455	-0.353817	-0.832340	0.426643	0.899551	-0.427756	-0.088509	0.256168	0.352471	0.900079
25036	4.244636	-1.061581	9.507824	-0.037960	-0.084142	-0.021620	-0.353818	-0.831927	0.427446	0.899356	-0.428109	-0.088777	0.256850	0.353015	0.899671
25037	4.213489	-1.092932	9.597167	-0.057335	-0.118223	-0.028258	-0.353780	-0.831370	0.428559	0.899093	-0.428576	-0.089193	0.257823	0.353760	0.899100
25038	4.132079	-1.117168	9.733149	-0.063496	-0.162968	-0.041089	-0.353750	-0.830594	0.430087	0.898762	-0.429182	-0.089606	0.259012	0.354848	0.898330
25039	4.168638	-1.095213	9.739650	-0.052815	-0.222456	-0.048458	-0.353635	-0.829570	0.432153	0.898430	-0.429817	-0.089892	0.260318	0.356470	0.897309
25040	4.122202	-1.063277	9.790575	-0.052852	-0.276427	-0.060038	-0.353475	-0.828300	0.434712	0.898059	-0.430543	-0.090124	0.261812	0.358540	0.896049
25041	4.198575	-1.059466	9.911991	-0.056481	-0.340923	-0.079832	-0.353305	-0.826712	0.437862	0.897614	-0.431434	-0.090302	0.263562	0.361126	0.894496
25042	4.039338	-1.259497	9.905454	-0.085092	-0.395701	-0.097801	-0.353157	-0.824831	0.441512	0.897022	-0.432590	-0.090651	0.265766	0.364032	0.892664
25043	4.113549	-1.135016	10.070344	-0.066449	-0.452947	-0.133479	-0.353144	-0.822584	0.445696	0.896364	-0.433947	-0.090672	0.267994	0.367485	0.890580
25044	3.980629	-1.409295	10.179675	-0.065050	-0.554606	-0.157363	-0.353082	-0.819826	0.450797	0.895612	-0.435520	-0.090564	0.270577	0.371763	0.888020
25045	3.898595	-1.427202	10.408803	0.028972	-0.665354	-0.187327	-0.352953	-0.816505	0.456885	0.895019	-0.436961	-0.089477	0.272700	0.377339	0.885014
25046	4.149955	-1.502753	10.290622	0.074987	-0.792209	-0.230430	-0.352868	-0.812456	0.464112	0.894390	-0.438593	-0.087771	0.274867	0.384125	0.881417
25047	4.417496	-2.096730	10.153764	0.119663	-0.869816	-0.299929	-0.353140	-0.807755	0.472043	0.893656	-0.440565	-0.085336	0.276896	0.391708	0.877436
25048	4.938123	-2.579712	9.990557	0.215467	-0.913184	-0.392333	-0.354132	-0.802382	0.480389	0.892845	-0.442911	-0.081598	0.278242	0.400017	0.873251
25049	4.629882	-2.378740	9.853931	0.368340	-0.947221	-0.523676	-0.356179	-0.796206	0.489073	0.891995	-0.445633	-0.075871	0.278356	0.409227	0.868937
25050	4.981132	-2.389664	9.822862	0.358226	-1.006565	-0.663805	-0.359312	-0.789043	0.498304	0.890596	-0.449452	-0.069505	0.278806	0.418813	0.864212
25051	5.107830	-2.446098	9.408321	0.416790	-1.052917	-0.806685	-0.363574	-0.780911	0.507929	0.888821	-0.454058	-0.061873	0.278947	0.428962	0.859174
25052	5.538556	-2.060112	9.332693	0.369576	-1.127700	-0.937190	-0.368763	-0.771707	0.518153	0.886400	-0.459770	-0.053915	0.279838	0.439409	0.853587
25053	5.864405	-2.591284	8.899998	0.228619	-1.117432	-1.051542	-0.374949	-0.761845	0.528210	0.883109	-0.466860	-0.046486	0.282015	0.449037	0.847841
25054	6.479409	-3.462829	9.314385	0.089753	-1.128697	-1.149168	-0.381892	-0.751286	0.538264	0.878992	-0.475188	-0.039613	0.285538	0.458002	0.841845
25055	6.763917	-5.701190	8.695849	0.088127	-0.993074	-1.264637	-0.390149	-0.740605	0.547072	0.874339	-0.484258	-0.032028	0.288644	0.465831	0.836473
25056	6.163852	-4.698984	8.363946	0.741957	-0.990849	-1.486992	-0.400295	-0.728651	0.555726	0.870571	-0.491726	-0.017654	0.286129	0.476732	0.831178
25057	5.813229	-2.253385	8.548101	0.936683	-0.982601	-1.637489	-0.411748	-0.715768	0.564039	0.866558	-0.499076	-0.000744	0.282030	0.488466	0.825748
25058	5.164762	-1.508960	8.675881	0.664534	-0.893505	-1.685174	-0.423817	-0.702847	0.571301	0.861361	-0.507792	0.014282	0.280065	0.498150	0.820616
25059	3.359081	-1.440638	9.080420	0.353950	-0.739950	-1.710338	-0.436442	-0.690334	0.577025	0.854970	-0.517975	0.026981	0.280258	0.505115	0.816281
25060	0.766008	-2.747333	10.161132	-0.058017	-0.444615	-1.446027	-0.447526	-0.680488	0.580222	0.848391	-0.528221	0.034865	0.282760	0.507857	0.813712
25061	-0.243237	-7.397172	9.434970	-0.545893	-0.318024	-0.750493	-0.452985	-0.674851	0.582564	0.843425	-0.536121	0.034772	0.288859	0.507100	0.812041
25062	4.244954	-9.559928	11.214168	-0.336379	-0.436980	0.166852	-0.450325	-0.673497	0.586182	0.843173	-0.536744	0.031059	0.293712	0.508240	0.809584
25063	2.068926	-8.820390	11.444031	-0.537521	0.583854	1.152143	-0.442329	-0.682572	0.581756	0.846704	-0.531690	0.019949	0.295698	0.501399	0.813118
25064	-0.994289	-9.342857	10.546491	-0.406937	0.900619	1.879778	-0.429028	-0.696913	0.574672	0.853667	-0.520788	0.005748	0.295276	0.493044	0.818364
25065	-2.951994	-7.343415	10.443542	-0.401816	1.084955	2.420805	-0.411470	-0.714610	0.565708	0.862629	-0.505709	-0.011381	0.294216	0.483313	0.824527
25066	-3.164453	-5.353512	10.500420	-0.471935	1.082111	2.832607	-0.390096	-0.733824	0.556172	0.872571	-0.487491	-0.031189	0.294016	0.473132	0.830482
25067	-2.613676	-3.930309	10.768278	-0.652158	1.122592	3.179308	-0.365521	-0.754224	0.545473	0.882635	-0.466928	-0.054166	0.295550	0.461655	0.836376
25068	-1.751890	-1.373023	10.968134	-0.582865	1.235666	3.429981	-0.338745	-0.775441	0.532863	0.892967	-0.443389	-0.077569	0.296415	0.449553	0.842639
25069	-1.406696	-0.132133	11.771660	-0.989814	1.341505	3.586535	-0.310587	-0.796833	0.518259	0.901631	-0.419611	-0.104821	0.300992	0.434722	0.848776
25070	-0.047216	-0.259049	12.292967	-1.055793	1.360267	3.524137	-0.282835	-0.816988	0.502529	0.908861	-0.395722	-0.131818	0.306555	0.419446	0.854452
25071	1.646783	0.556851	12.845397	-1.023929	1.497738	3.312009	-0.257287	-0.835859	0.484916	0.914618	-0.372601	-0.156981	0.311894	0.403123	0.860357
25072	2.698506	0.550896	13.004855	-0.936090	1.708522	2.966198	-0.235479	-0.853310	0.465201	0.918967	-0.351279	-0.179175	0.316307	0.385312	0.866882
25073	3.711289	0.557162	13.107198	-0.729879	1.908426	2.464748	-0.218867	-0.868903	0.443965	0.922228	-0.332836	-0.196764	0.318736	0.366372	0.874173
25074	4.257033	0.999074	12.935013	-0.479992	2.115210	1.813608	-0.208883	-0.882329	0.421738	0.924559	-0.318706	-0.208849	0.318684	0.346297	0.882337
25075	4.633679	1.734311	12.565444	-0.334250	2.260220	1.073838	-0.206154	-0.893285	0.399428	0.925705	-0.310332	-0.216251	0.317129	0.325171	0.890894
25076	4.966176	2.447160	12.016821	-0.334043	2.364642	0.290204	-0.210968	-0.901592	0.377657	0.925236	-0.308817	-0.220389	0.315328	0.302927	0.899335
25077	5.252383	2.893401	11.411971	-0.550364	2.401879	-0.428880	-0.222524	-0.907240	0.356930	0.922552	-0.314333	-0.223814	0.315248	0.279482	0.906922
25078	4.898135	1.891941	11.624410	-0.961918	2.446948	-0.977807	-0.239295	-0.910622	0.336905	0.917227	-0.325827	-0.229199	0.318486	0.254173	0.913216
25079	1.449949	-5.264873	7.026625	-0.809869	1.806187	-1.354168	-0.257474	-0.910521	0.323511	0.911252	-0.340172	-0.232170	0.321445	0.235022	0.917299
25080	8.659318	2.033787	6.641965	1.746431	0.010859	-2.417887	-0.279551	-0.902088	0.328767	0.910215	-0.357967	-0.208252	0.305549	0.241032	0.921164
25081	13.398253	2.826950	7.256228	0.061341	0.306543	-2.112632	-0.299673	-0.895050	0.330276	0.904263	-0.376837	-0.200755	0.304146	0.238496	0.922288
25082	13.097473	1.932831	8.248404	-0.332393	1.131841	-1.737683	-0.318792	-0.890976	0.323317	0.897858	-0.393166	-0.198171	0.303682	0.227117	0.925308
25083	10.615126	-0.432239	6.801735	-0.461266	1.044472	-1.370767	-0.334255	-0.887796	0.316373	0.891958	-0.406413	-0.198090	0.304442	0.215979	0.927722
25084	8.222886	-0.704747	5.730700	-0.084616	0.674825	-1.193268	-0.346943	-0.884300	0.312482	0.887615	-0.417202	-0.195148	0.302938	0.209659	0.929662
25085	8.351308	0.523860	6.104583	-0.028581	0.200160	-0.926626	-0.355778	-0.880798	0.312437	0.884250	-0.425473	-0.192549	0.302530	0.207768	0.930219
25086	8.301305	0.497993	6.695841	-0.305535	0.046940	-0.561967	-0.360902	-0.878469	0.313116	0.881285	-0.431084	-0.193657	0.305101	0.206053	0.929761
25087	8.229841	-0.494970	6.860587	-0.363366	-0.103537	-0.261089	-0.362902	-0.877111	0.314609	0.879202	-0.434157	-0.196244	0.308717	0.205387	0.928714
25088	7.810562	-1.116012	6.624192	-0.226674	-0.166370	-0.050383	-0.362849	-0.876530	0.316283	0.878293	-0.435101	-0.198213	0.311355	0.205868	0.927727
25089	6.928024	-1.572548	6.201832	0.013019	-0.225958	0.085889	-0.361410	-0.876420	0.318232	0.878621	-0.434356	-0.198394	0.312102	0.207903	0.927021
25090	5.747442	-1.163731	6.074036	0.393951	-0.353563	0.114816	-0.359321	-0.876154	0.321313	0.880237	-0.432557	-0.195134	0.309953	0.212716	0.926650
25091	5.435535	-0.364229	5.917048	0.624102	-0.581177	0.143478	-0.356285	-0.875497	0.326445	0.882650	-0.429984	-0.189846	0.306576	0.220497	0.925955
25092	5.161340	-0.293161	5.880536	0.678237	-0.711664	0.186547	-0.352487	-0.874674	0.332712	0.885357	-0.426862	-0.184208	0.303144	0.229638	0.924862
25093	5.191550	-0.398365	5.525200	0.828239	-0.867980	0.201500	-0.348108	-0.873471	0.340395	0.888532	-0.423190	-0.177260	0.298883	0.240746	0.923423
25094	5.242520	0.014938	4.581526	1.045725	-1.013092	0.174813	-0.343574	-0.871681	0.349469	0.892210	-0.419115	-0.168238	0.293117	0.253997	0.921720
25095	4.162245	0.989127	3.719949	1.224508	-1.219846	0.064200	-0.339487	-0.868736	0.360619	0.895955	-0.415388	-0.157221	0.286380	0.269724	0.919367
25096	5.391152	1.624660	4.285007	1.011995	-1.728047	0.062736	-0.334025	-0.864148	0.376398	0.899027	-0.412056	-0.148194	0.283158	0.288892	0.914529
25097	8.815122	-1.143770	6.971149	0.677893	-1.807138	0.124654	-0.327808	-0.859253	0.392716	0.901336	-0.409000	-0.142519	0.283081	0.307250	0.908550
25098	15.733987	-2.711788	19.598411	1.568267	-1.058942	-1.283794	-0.336461	-0.850606	0.404059	0.901408	-0.415075	-0.123192	0.272503	0.322773	0.906399
25099	22.662180	14.742904	20.028371	4.713840	-1.086566	-1.652612	-0.348685	-0.840074	0.415564	0.907655	-0.413195	-0.073703	0.233625	0.351490	0.906573
25100	-0.781431	6.479758	2.684431	-0.005572	2.794250	-0.814418	-0.362480	-0.846151	0.390687	0.904727	-0.420120	-0.070491	0.223781	0.327913	0.917821
25101	-3.436058	-6.710946	15.830005	-3.779661	-0.123780	0.506626	-0.357639	-0.847881	0.391398	0.897418	-0.427980	-0.107115	0.258331	0.312939	0.913966
25102	9.760273	-10.253782	6.688328	0.751021	-1.924460	0.787471	-0.345604	-0.844983	0.408119	0.902107	-0.418930	-0.103445	0.258383	0.332416	0.907049
25103	5.886110	4.519663	12.076961	2.669548	0.638405	-0.817598	-0.354584	-0.843684	0.403072	0.905770	-0.416924	-0.075869	0.232060	0.338189	0.912018
25104	4.103998	5.599746	10.836790	-0.032577	-0.205491	-0.130973	-0.355315	-0.842418	0.405071	0.905209	-0.418178	-0.075657	0.233127	0.339792	0.911150
25105	5.657885	0.075955	9.568689	-1.288328	-0.085531	0.494969	-0.350656	-0.844178	0.405468	0.903855	-0.418392	-0.089414	0.245125	0.335131	0.909726
25106	3.415468	-2.897910	9.121891	0.027814	0.018517	0.121996	-0.349622	-0.844727	0.405217	0.904330	-0.417308	-0.089675	0.244851	0.335097	0.909812
25107	4.651542	0.381787	9.503095	0.318388	-0.201894	0.027724	-0.348902	-0.844141	0.407055	0.905182	-0.416042	-0.086913	0.242719	0.338135	0.909259
25108	4.124544	-0.694780	9.555291	-0.034572	-0.097395	0.093464	-0.347842	-0.844177	0.407886	0.905404	-0.415410	-0.087628	0.243413	0.338821	0.908818
25109	4.461298	-1.174438	9.318818	0.052132	-0.153551	0.080303	-0.346764	-0.843967	0.409237	0.905789	-0.414595	-0.087503	0.243517	0.340340	0.908222
25110	4.394681	-1.250679	9.376542	0.046613	-0.112366	0.068416	-0.345893	-0.843845	0.410224	0.906120	-0.413898	-0.087380	0.243526	0.341488	0.907789
25111	4.472723	-1.369929	9.300770	0.039862	-0.096025	0.058599	-0.345151	-0.843736	0.411072	0.906399	-0.413308	-0.087279	0.243540	0.342470	0.907415
25112	4.282028	-1.211237	9.262630	0.082012	-0.066725	0.036845	-0.344678	-0.843637	0.411671	0.906705	-0.412756	-0.086707	0.243069	0.343379	0.907198
25113	4.447479	-1.060874	9.304524	0.081955	-0.063792	0.034460	-0.344234	-0.843537	0.412247	0.907003	-0.412224	-0.086126	0.242588	0.344262	0.906992
25114	4.381306	-0.975483	9.368871	0.087320	-0.034827	0.028480	-0.343914	-0.843513	0.412565	0.907292	-0.411722	-0.085471	0.241958	0.344922	0.906909
25115	4.373840	-0.890540	9.327637	0.100607	-0.032350	0.027990	-0.343605	-0.843493	0.412861	0.907611	-0.411179	-0.084695	0.241200	0.345616	0.906847
25116	4.281730	-0.761772	9.507652	0.095214	-0.020457	0.031418	-0.343294	-0.843529	0.413047	0.907929	-0.410625	-0.083981	0.240448	0.346187	0.906829
25117	4.254298	-0.892359	9.576970	0.061812	-0.029563	0.030793	-0.342966	-0.843531	0.413316	0.908163	-0.410192	-0.083568	0.240031	0.346697	0.906745
25118	4.269384	-0.841499	9.442281	0.050007	-0.028754	0.018663	-0.342751	-0.843485	0.413587	0.908327	-0.409901	-0.083212	0.239718	0.347152	0.906654
25119	4.254630	-0.863583	9.426354	0.041768	-0.032756	0.015047	-0.342559	-0.843410	0.413899	0.908458	-0.409669	-0.082916	0.239494	0.347606	0.906539
25120	4.243750	-0.802226	9.421757	0.042684	-0.038414	0.014781	-0.342356	-0.843315	0.414261	0.908591	-0.409436	-0.082610	0.239280	0.348112	0.906401
25121	4.276814	-0.926902	9.405568	0.026088	-0.045222	0.012432	-0.342158	-0.843186	0.414687	0.908676	-0.409281	-0.082446	0.239241	0.348607	0.906221
25122	4.294567	-0.983413	9.407519	0.014523	-0.034417	0.006610	-0.342039	-0.843070	0.415020	0.908713	-0.409215	-0.082361	0.239269	0.348964	0.906077
25123	4.250265	-0.934155	9.378538	0.005438	-0.033561	0.000011	-0.341982	-0.842931	0.415351	0.908706	-0.409236	-0.082332	0.239377	0.349276	0.905928
25124	4.237426	-0.853159	9.416837	-0.001424	-0.035621	-0.007328	-0.341986	-0.842754	0.415706	0.908658	-0.409343	-0.082335	0.239554	0.349577	0.905765
25125	4.352693	-0.767433	9.374965	-0.014478	-0.046829	0.000482	-0.341893	-0.842569	0.416156	0.908605	-0.409430	-0.082488	0.239889	0.349920	0.905544
25126	4.254082	-0.827835	9.316393	-0.011704	-0.045055	-0.001288	-0.341819	-0.842384	0.416592	0.908552	-0.409522	-0.082608	0.240191	0.350258	0.905333
25127	4.276215	-0.803026	9.329152	-0.005855	-0.053170	0.004866	-0.341671	-0.842195	0.417096	0.908535	-0.409542	-0.082702	0.240469	0.350689	0.905092
25128	4.299003	-0.842537	9.292730	-0.005084	-0.055111	0.005434	-0.341512	-0.842001	0.417616	0.908521	-0.409554	-0.082790	0.240746	0.351139	0.904844
25129	4.251299	-0.855637	9.294525	0.001349	-0.058938	0.008926	-0.341312	-0.841808	0.418169	0.908535	-0.409515	-0.082836	0.240978	0.351648	0.904585
25130	4.256035	-0.844639	9.313513	0.001544	-0.065167	0.012160	-0.341067	-0.841606	0.418774	0.908560	-0.409447	-0.082892	0.241229	0.352210	0.904299
25131	4.225507	-0.874386	9.323895	-0.009967	-0.078141	0.015448	-0.340762	-0.841371	0.419495	0.908569	-0.409393	-0.083067	0.241629	0.352834	0.903949
25132	4.263657	-0.961869	9.311265	-0.019670	-0.081166	0.013175	-0.340469	-0.841116	0.420244	0.908546	-0.409392	-0.083320	0.242126	0.353443	0.903578
25133	4.267038	-0.972598	9.366498	-0.028489	-0.089447	0.012271	-0.340164	-0.840827	0.421068	0.908499	-0.409430	-0.083649	0.242732	0.354085	0.903164
25134	4.202828	-1.045471	9.367411	-0.050313	-0.105495	0.004613	-0.339888	-0.840450	0.422043	0.908372	-0.409610	-0.084142	0.243590	0.354773	0.902663
25135	4.216848	-0.967255	9.373711	-0.065270	-0.117365	-0.001389	-0.339637	-0.840005	0.423130	0.908188	-0.409894	-0.084745	0.244625	0.355499	0.902097
25136	4.264086	-0.922510	9.397391	-0.076545	-0.134835	-0.002115	-0.339349	-0.839493	0.424374	0.907973	-0.410224	-0.085446	0.245820	0.356324	0.901447
25137	4.402723	-0.901652	9.352759	-0.088467	-0.151946	-0.009889	-0.339087	-0.838888	0.425778	0.907701	-0.410664	-0.086221	0.247182	0.357243	0.900710
25138	4.381450	-0.896330	9.365005	-0.087334	-0.142951	-0.013529	-0.338879	-0.838298	0.427103	0.907419	-0.411130	-0.086969	0.248501	0.358089	0.900011
25139	4.197244	-1.001975	9.401396	-0.103777	-0.153035	-0.014880	-0.338655	-0.837666	0.428519	0.907089	-0.411667	-0.087859	0.250004	0.358951	0.899251
25140	4.258001	-1.154833	9.386263	-0.113196	-0.180061	-0.023388	-0.338438	-0.836899	0.430185	0.906706	-0.412310	-0.088795	0.251682	0.360000	0.898363
25141	4.185687	-1.118064	9.488474	-0.086974	-0.201306	-0.033976	-0.338261	-0.836010	0.432049	0.906351	-0.412949	-0.089449	0.253195	0.361331	0.897403
25142	4.662345	-0.911445	9.244614	-0.092635	-0.215979	-0.041435	-0.338111	-0.835034	0.434050	0.905955	-0.413671	-0.090119	0.254806	0.362759	0.896370
25143	4.462906	-0.731984	9.298075	-0.080665	-0.197105	-0.040861	-0.338000	-0.834126	0.435879	0.905590	-0.414346	-0.090684	0.256246	0.364077	0.895425
25144	4.467559	-0.528882	9.428823	-0.061087	-0.194536	-0.021781	-0.337720	-0.833303	0.437666	0.905340	-0.414791	-0.091154	0.257499	0.365452	0.894505
25145	4.818780	-0.711199	9.160405	-0.080332	-0.204617	0.000780	-0.337207	-0.832534	0.439521	0.905114	-0.415119	-0.091895	0.258959	0.366829	0.893519
25146	4.466497	-1.038761	9.306431	-0.067512	-0.172865	0.013845	-0.336655	-0.831933	0.441079	0.904965	-0.415292	-0.092577	0.260195	0.367994	0.892681
25147	4.621438	-1.064196	9.281896	-0.075878	-0.190669	0.017147	-0.336025	-0.831278	0.442790	0.904804	-0.415470	-0.093349	0.261565	0.369271	0.891753
25148	4.566046	-1.055805	9.372057	-0.091564	-0.183567	0.017190	-0.335411	-0.830648	0.444437	0.904601	-0.415706	-0.094260	0.263052	0.370422	0.890837
25149	4.435837	-1.127125	9.527547	-0.117371	-0.204044	0.012276	-0.334784	-0.829919	0.446268	0.904312	-0.416081	-0.095378	0.264840	0.371634	0.889802
25150	4.443974	-1.029328	9.542319	-0.148427	-0.233319	0.003747	-0.334152	-0.829042	0.448365	0.903909	-0.416643	-0.096733	0.267004	0.372958	0.888601
25151	4.313275	-0.881462	9.719180	-0.186092	-0.255016	-0.007212	-0.333555	-0.828036	0.450663	0.903365	-0.417439	-0.098372	0.269580	0.374301	0.887257
25152	4.277156	-0.761438	9.744213	-0.226102	-0.302656	-0.008769	-0.332836	-0.826841	0.453381	0.902702	-0.418400	-0.100354	0.272672	0.375866	0.885649
25153	4.282477	-0.571527	9.840821	-0.240430	-0.359193	-0.013898	-0.331998	-0.825406	0.456599	0.901975	-0.419461	-0.102437	0.276078	0.377832	0.883756
25154	4.239682	-0.514004	9.782250	-0.257753	-0.422048	-0.000566	-0.330851	-0.823780	0.460351	0.901236	-0.420484	-0.104727	0.279842	0.380236	0.881538
25155	4.293389	-0.692433	9.727657	-0.279999	-0.468843	-0.001643	-0.329566	-0.821961	0.464506	0.900420	-0.421606	-0.107202	0.283954	0.382921	0.879057
25156	4.191487	-0.959703	9.821989	-0.269680	-0.571746	-0.011917	-0.328059	-0.819687	0.469563	0.899588	-0.422782	-0.109530	0.288303	0.386481	0.876079
25157	4.002016	-1.436484	9.987300	-0.317626	-0.645574	-0.046371	-0.326620	-0.816960	0.475285	0.898491	-0.424436	-0.112105	0.293313	0.390424	0.872661
25158	3.965922	-1.532019	9.962141	-0.300075	-0.759332	-0.090683	-0.325208	-0.813567	0.482026	0.897286	-0.426395	-0.114300	0.298524	0.395344	0.868670
25159	3.971145	-1.403452	9.960975	-0.323379	-0.891020	-0.128890	-0.323699	-0.809443	0.489919	0.895872	-0.428769	-0.116491	0.304355	0.401196	0.863950
25160	4.097094	-1.186922	9.991341	-0.342211	-0.994608	-0.170838	-0.322190	-0.804661	0.498712	0.894246	-0.431573	-0.118610	0.310672	0.407757	0.858614
25161	3.828513	-1.045394	10.395167	-0.338743	-1.150542	-0.198100	-0.320367	-0.799043	0.508817	0.892524	-0.434596	-0.120526	0.317435	0.415519	0.852396
25162	3.561946	-1.169504	10.844158	-0.299544	-1.369750	-0.218967	-0.317944	-0.792306	0.520734	0.890842	-0.437639	-0.121955	0.324519	0.425116	0.844964
25163	3.306291	-1.359230	10.815355	-0.217903	-1.632152	-0.246041	-0.314798	-0.784166	0.534777	0.889327	-0.440558	-0.122502	0.331662	0.437028	0.836066
25164	3.128437	-1.485497	10.917993	-0.227498	-1.921415	-0.310772	-0.311129	-0.774234	0.551145	0.887568	-0.444031	-0.122718	0.339738	0.450998	0.825336
25165	2.970255	-1.779234	11.020737	-0.152708	-2.290391	-0.389660	-0.306725	-0.761948	0.570399	0.885817	-0.447765	-0.121795	0.348206	0.467912	0.812288
25166	2.851080	-2.178144	11.043195	-0.082904	-2.680789	-0.498139	-0.301698	-0.746869	0.592592	0.883987	-0.451962	-0.119576	0.357136	0.487767	0.796578
25167	2.615345	-2.649531	11.189825	0.061965	-3.190434	-0.608203	-0.295549	-0.728140	0.618436	0.882372	-0.456178	-0.115415	0.366155	0.511580	0.777314
25168	2.693397	-3.170677	11.389575	0.157392	-3.713320	-0.757807	-0.288475	-0.705130	0.647745	0.880720	-0.460825	-0.109419	0.375652	0.538918	0.753958
25169	3.038797	-4.222398	10.895347	0.266635	-4.267204	-0.942685	-0.280546	-0.677081	0.680335	0.879031	-0.465902	-0.101193	0.385485	0.569646	0.725882
25170	3.867995	-3.590492	10.584674	0.669952	-4.842249	-1.181893	-0.272099	-0.643080	0.715828	0.878349	-0.469813	-0.088191	0.393019	0.604751	0.692685
25171	4.923828	-2.280931	10.923972	0.770119	-5.427355	-1.349335	-0.262420	-0.602843	0.753469	0.877778	-0.473459	-0.073094	0.400801	0.642197	0.653407
25172	7.373821	-1.342399	12.331055	0.635910	-5.996877	-1.400367	-0.250389	-0.556492	0.792226	0.876744	-0.477416	-0.058256	0.410640	0.679992	0.607441
25173	12.618541	-3.061866	12.760029	0.150960	-6.210885	-1.347915	-0.236267	-0.506693	0.829120	0.874072	-0.483571	-0.046444	0.424471	0.713737	0.557138
25174	18.326449	-5.565695	14.055309	0.019633	-5.694076	-1.393170	-0.223897	-0.458436	0.860062	0.870927	-0.490195	-0.034561	0.437443	0.741313	0.509017
25175	16.737127	-7.487016	13.585620	0.353736	-4.697573	-1.581630	-0.216951	-0.415269	0.883450	0.868979	-0.494483	-0.019036	0.444756	0.763570	0.468138
25176	12.606048	-7.239056	12.374806	1.003137	-4.378426	-1.831840	-0.213400	-0.372252	0.903266	0.869479	-0.493966	0.001845	0.445495	0.785765	0.429078
25177	9.684325	-5.581311	12.906546	1.350415	-4.242968	-1.924236	-0.211320	-0.328958	0.920397	0.871369	-0.489994	0.024935	0.442786	0.807275	0.390189
25178	6.521378	-4.633448	13.078654	1.348627	-4.088661	-1.910389	-0.209960	-0.286203	0.934882	0.873273	-0.484893	0.047680	0.439671	0.826418	0.351741
25179	2.463346	-2.633904	12.641020	1.201233	-4.170804	-1.903910	-0.208313	-0.242172	0.947607	0.874541	-0.479931	0.069599	0.437931	0.843219	0.311765
25180	0.421639	-0.648671	11.782757	0.579157	-4.389018	-1.795847	-0.204714	-0.196234	0.958950	0.873357	-0.478986	0.088425	0.441972	0.855608	0.269438
25181	-3.953301	-3.303354	7.581277	-0.141665	-4.075752	-1.553920	-0.200065	-0.153734	0.967647	0.869558	-0.482959	0.103055	0.451490	0.862042	0.230304
25182	8.854547	-5.019574	8.379066	0.195457	-4.773724	-0.830276	-0.185562	-0.108356	0.976640	0.868824	-0.482390	0.111556	0.459034	0.869229	0.183656
25183	32.930742	-5.461586	11.829976	0.919234	-1.585374	-0.461916	-0.182362	-0.092305	0.978889	0.872150	-0.474870	0.117699	0.453981	0.875202	0.167102
25184	12.297754	-3.885670	19.312960	-1.570324	3.702382	1.097185	-0.189773	-0.129738	0.973219	0.866985	-0.487341	0.104091	0.460785	0.863520	0.204965
25185	2.089966	-16.869555	6.327892	0.062895	3.526799	1.640789	-0.191659	-0.168074	0.966963	0.870382	-0.484391	0.088321	0.453544	0.858555	0.239127
25186	-2.681636	-7.161971	6.204902	1.950202	3.586719	1.108477	-0.197806	-0.204147	0.958748	0.881130	-0.465594	0.082652	0.429514	0.861131	0.271977
25187	-1.937932	-5.430945	5.105410	1.276237	3.440539	1.308539	-0.200705	-0.239747	0.949863	0.889084	-0.451748	0.073840	0.411396	0.859328	0.303823
25188	-1.473416	-3.288455	4.739825	1.608110	3.322698	1.185275	-0.203453	-0.273498	0.940109	0.897906	-0.434937	0.067787	0.390349	0.857921	0.334065
25189	-1.111550	-0.081682	4.649845	1.462910	3.221998	0.991299	-0.206789	-0.305329	0.929523	0.905487	-0.419579	0.063619	0.370583	0.854826	0.363236
25190	-1.326775	2.227515	4.908580	0.637637	3.139571	0.918683	-0.209913	-0.335834	0.918233	0.909705	-0.411247	0.057554	0.358292	0.847402	0.391836
25191	-1.250640	2.126735	4.961033	-0.655759	2.968481	1.078451	-0.210752	-0.365243	0.906742	0.909606	-0.413022	0.045049	0.358050	0.834272	0.419273
25192	0.034623	-0.892183	5.258064	-1.915656	2.761210	1.127481	-0.210589	-0.392714	0.895225	0.904991	-0.424597	0.026626	0.369654	0.815778	0.444818
25193	2.803411	-4.678906	6.058612	-2.075432	2.546801	1.013718	-0.211046	-0.417618	0.883773	0.899298	-0.437261	0.008130	0.383044	0.796491	0.467845
25194	6.047009	-5.857508	6.875600	-1.294671	2.589220	0.829442	-0.213617	-0.441644	0.871389	0.896039	-0.443943	-0.005344	0.389207	0.779657	0.490564
25195	7.133102	-6.038878	7.210294	-0.993379	2.877468	0.962977	-0.216251	-0.468124	0.856794	0.894209	-0.447260	-0.018674	0.391951	0.762115	0.515321
25196	7.274232	-6.820865	6.766556	-0.497848	3.071403	1.100833	-0.218429	-0.496153	0.840310	0.894634	-0.445747	-0.030638	0.389767	0.745078	0.541240
25197	7.454764	-5.524286	6.953623	-0.042152	3.225357	1.178923	-0.220346	-0.525145	0.821992	0.897038	-0.440076	-0.040688	0.383106	0.728392	0.568044
25198	7.471786	-4.092059	7.133653	0.104926	3.269378	1.272497	-0.221322	-0.554200	0.802420	0.900225	-0.432496	-0.050410	0.374981	0.711202	0.594626
25199	7.432408	-3.156410	7.289188	0.030814	3.254104	1.374928	-0.221019	-0.582944	0.781874	0.903361	-0.424501	-0.061137	0.367546	0.692802	0.620432
25200	7.638878	-3.415763	7.376328	-0.137206	3.247232	1.466472	-0.219610	-0.611257	0.760353	0.906071	-0.416725	-0.073313	0.361671	0.672834	0.645360
25201	8.260945	-4.172782	7.555995	-0.172282	3.269850	1.552060	-0.217276	-0.639322	0.737603	0.908824	-0.408200	-0.086097	0.356133	0.651645	0.669723
25202	8.531060	-4.892754	7.635001	-0.072033	3.357466	1.611047	-0.214475	-0.667297	0.713243	0.912028	-0.398179	-0.098278	0.349579	0.629419	0.693993
25203	8.281727	-4.657486	7.833283	0.110017	3.442589	1.652028	-0.211283	-0.695057	0.687208	0.915905	-0.386284	-0.109100	0.341288	0.606367	0.718222
25204	8.008775	-3.877381	8.018310	0.212934	3.480262	1.697437	-0.207438	-0.722165	0.659884	0.920157	-0.373033	-0.118984	0.332085	0.582515	0.741887
25205	7.787046	-2.886256	8.223148	0.186637	3.508129	1.728595	-0.203006	-0.748498	0.631300	0.924297	-0.359295	-0.128772	0.323208	0.557367	0.764773
25206	7.803975	-2.208115	8.332325	0.076450	3.511185	1.699506	-0.198500	-0.773575	0.601814	0.927935	-0.345988	-0.138667	0.315490	0.530919	0.786506
25207	7.862049	-1.775639	8.425950	-0.140257	3.540772	1.619310	-0.194540	-0.797385	0.571254	0.930660	-0.334029	-0.149320	0.309881	0.502594	0.807077
25208	7.600784	-1.868448	8.463851	-0.350848	3.563482	1.501866	-0.191550	-0.819680	0.539846	0.932461	-0.323639	-0.160542	0.306309	0.472634	0.826312
25209	7.525378	-1.710689	8.615081	-0.508288	3.535508	1.349436	-0.189772	-0.840156	0.508060	0.933463	-0.314799	-0.171897	0.304357	0.441634	0.843994
25210	7.810197	-1.791095	8.971780	-0.673787	3.485168	1.193492	-0.189255	-0.858690	0.476271	0.933658	-0.307572	-0.183529	0.304082	0.409940	0.859932
25211	8.473875	-1.879634	9.366792	-0.805260	3.444840	1.026116	-0.190189	-0.875386	0.444441	0.933132	-0.301879	-0.195277	0.305110	0.377583	0.874265
25212	8.925220	-1.692435	9.641839	-0.909428	3.448734	0.865210	-0.192698	-0.890411	0.412353	0.931988	-0.297564	-0.207013	0.307028	0.344417	0.887193
25213	9.229946	-1.370946	9.639150	-1.005009	3.453111	0.701772	-0.196832	-0.903798	0.380009	0.930235	-0.294591	-0.218812	0.309709	0.310429	0.898729
25214	9.457470	-0.963358	9.585610	-1.112876	3.402145	0.538126	-0.202453	-0.915342	0.348083	0.927825	-0.293001	-0.230851	0.313296	0.276223	0.908596
25215	9.798995	-0.527616	9.343862	-1.217366	3.291273	0.361676	-0.209509	-0.924935	0.317176	0.924707	-0.292859	-0.243210	0.317841	0.242340	0.916650
25216	10.360569	-0.188527	8.978307	-1.305803	3.111545	0.154992	-0.218076	-0.932407	0.288201	0.920833	-0.294409	-0.255714	0.323279	0.209620	0.922795
25217	10.852321	0.319099	8.505926	-1.339844	2.906932	-0.095191	-0.228454	-0.937763	0.261553	0.916227	-0.297926	-0.267894	0.329145	0.178440	0.927266
25218	11.356929	1.062146	8.140462	-1.354818	2.612211	-0.354083	-0.240390	-0.940972	0.238295	0.910875	-0.303513	-0.279618	0.335438	0.149839	0.930070
25219	12.209126	1.735575	7.537685	-1.326031	2.253463	-0.613043	-0.253609	-0.942174	0.219066	0.904846	-0.311130	-0.290606	0.341959	0.124521	0.931428
25220	13.171786	2.094436	6.623842	-1.300817	1.921997	-0.837725	-0.267819	-0.941695	0.203673	0.898148	-0.320532	-0.300980	0.348715	0.102321	0.931627
25221	13.773378	2.460549	5.898389	-1.237025	1.628393	-1.028680	-0.282774	-0.939844	0.191657	0.890936	-0.331381	-0.310515	0.355347	0.082949	0.931047
25222	14.103503	2.683604	5.236058	-1.097045	1.289573	-1.128045	-0.297425	-0.936996	0.183240	0.883710	-0.342823	-0.318637	0.361380	0.067160	0.929997
25223	14.001366	2.583904	4.590614	-0.861745	0.894558	-1.160768	-0.310919	-0.933492	0.178670	0.877017	-0.354235	-0.324591	0.366294	0.055775	0.928826
25224	13.521085	2.614726	3.984347	-0.485806	0.441302	-1.166346	-0.322757	-0.929515	0.178408	0.871511	-0.365389	-0.327047	0.369184	0.049928	0.928014
25225	12.920242	2.802646	3.718089	-0.091117	-0.043353	-1.106140	-0.332235	-0.925384	0.182439	0.867523	-0.375721	-0.325940	0.370166	0.049982	0.927620
25226	12.136462	2.980416	3.829028	0.234138	-0.474172	-0.926750	-0.338528	-0.921600	0.189875	0.865257	-0.384188	-0.322071	0.369768	0.055260	0.927479
25227	11.236377	3.101974	4.099883	0.527776	-0.829391	-0.670712	-0.341291	-0.918493	0.199730	0.864896	-0.390072	-0.315911	0.368071	0.064928	0.927528
25228	9.882011	2.900977	4.320494	0.750964	-1.071212	-0.350935	-0.340419	-0.916340	0.210796	0.866429	-0.392788	-0.308252	0.365262	0.077705	0.927656
25229	7.918397	2.558470	4.967410	0.963786	-1.208520	-0.024471	-0.336264	-0.915202	0.222110	0.869818	-0.392224	-0.299295	0.361032	0.092553	0.927949
25230	3.627261	-3.566508	4.744605	0.385568	-0.673129	0.961787	-0.325468	-0.918266	0.225517	0.874366	-0.383069	-0.297897	0.359937	0.100228	0.927577
25231	2.028652	-0.710177	0.416854	4.172913	-3.151850	-0.041448	-0.314928	-0.914228	0.254966	0.888673	-0.378366	-0.259035	0.333287	0.145004	0.931608
25232	2.951898	7.551213	4.084126	5.095546	-3.073281	-0.888433	-0.313211	-0.905667	0.285773	0.901932	-0.377893	-0.209081	0.297349	0.192261	0.935211
25233	4.076890	9.300912	10.351473	1.561971	-2.212530	0.266879	-0.304321	-0.902111	0.305915	0.907321	-0.372314	-0.195322	0.290098	0.218123	0.931808
25234	2.768630	0.175627	6.602508	-0.119451	-2.308574	1.134047	-0.287246	-0.900989	0.325129	0.910304	-0.362399	-0.200033	0.298054	0.238508	0.924272
25235	1.111826	-14.975263	7.953172	1.608906	-2.306453	-0.567383	-0.285660	-0.893105	0.347508	0.913388	-0.363477	-0.183319	0.290035	0.265043	0.919583
25236	15.345492	3.157824	31.503067	8.951687	-4.351598	-4.675533	-0.317507	-0.862640	0.393753	0.922149	-0.377652	-0.083781	0.220974	0.336498	0.915390
25237	56.584724	30.535805	22.745219	3.017257	-4.925418	-0.906619	-0.315325	-0.841318	0.439038	0.925745	-0.374461	-0.052683	0.208726	0.389825	0.896922
25238	-0.590481	6.246803	8.790531	-2.570244	6.464950	-0.180607	-0.330609	-0.863723	0.380368	0.919739	-0.385231	-0.075345	0.211606	0.324929	0.921761
25239	-10.902987	-0.986737	19.194227	-0.110980	-2.108711	-0.012293	-0.326200	-0.856614	0.399758	0.919441	-0.385748	-0.076334	0.219595	0.342653	0.913437
25240	14.366762	2.329732	5.632491	0.948882	-3.711756	0.803542	-0.310607	-0.846277	0.432826	0.924080	-0.375527	-0.071101	0.222709	0.377881	0.898669
25241	9.951007	1.624314	7.614024	-0.866242	1.739292	-0.060067	-0.315082	-0.852443	0.417210	0.921934	-0.379273	-0.078677	0.225304	0.359850	0.905398
25242	-0.688260	-0.732993	12.897642	-0.980711	1.380719	0.127171	-0.317078	-0.857767	0.404596	0.920084	-0.381680	-0.088123	0.230015	0.344320	0.910240
25243	5.212290	-1.471485	8.802589	0.446954	-1.519374	0.234600	-0.311441	-0.853292	0.418207	0.921833	-0.378141	-0.085050	0.230713	0.359029	0.904361
25244	6.799665	0.200030	8.627969	0.256272	0.049048	0.098636	-0.310667	-0.853819	0.417707	0.922709	-0.376419	-0.083164	0.228239	0.359586	0.904768
25245	3.047608	-1.150695	10.477419	-0.129441	0.132600	0.136274	-0.309737	-0.854784	0.416422	0.922818	-0.375760	-0.084920	0.229063	0.357979	0.905197
25246	4.931528	-1.444181	9.146638	0.146323	-0.296146	0.079772	-0.308347	-0.853997	0.419060	0.923381	-0.374593	-0.083949	0.228669	0.361066	0.904069
25247	4.287198	-1.192362	9.436189	0.052642	-0.047822	0.062670	-0.307683	-0.854036	0.419469	0.923676	-0.373908	-0.083753	0.228371	0.361684	0.903898
25248	4.500201	-1.194909	9.217518	0.063925	-0.123619	0.046623	-0.306994	-0.853741	0.420573	0.923947	-0.373319	-0.083391	0.228202	0.362987	0.903418
25249	4.338782	-1.087054	9.292600	0.053129	-0.067338	0.041497	-0.306481	-0.853628	0.421176	0.924178	-0.372813	-0.083103	0.227959	0.363772	0.903164
25250	4.498167	-0.963913	9.254282	0.057884	-0.095622	0.035335	-0.305960	-0.853390	0.422036	0.924400	-0.372342	-0.082749	0.227758	0.364812	0.902795
25251	4.521084	-1.011570	9.196822	0.069180	-0.054354	0.033364	-0.305552	-0.853292	0.422528	0.924641	-0.371845	-0.082282	0.227326	0.365546	0.902607
25252	4.385696	-0.899080	9.356926	0.078342	-0.052058	0.025268	-0.305224	-0.853174	0.423004	0.924878	-0.371384	-0.081701	0.226802	0.366289	0.902437
25253	4.439088	-0.728572	9.376497	0.076384	-0.060268	0.023632	-0.304893	-0.853018	0.423557	0.925105	-0.370943	-0.081129	0.226321	0.367099	0.902229
25254	4.360386	-0.700054	9.360567	0.068518	-0.053650	0.027924	-0.304538	-0.852903	0.424045	0.925327	-0.370494	-0.080649	0.225892	0.367819	0.902043
25255	4.261783	-0.638351	9.437014	0.062427	-0.068717	0.032752	-0.304104	-0.852748	0.424667	0.925549	-0.370026	-0.080242	0.225564	0.368648	0.901787
25256	4.295772	-0.710464	9.448181	0.030991	-0.085882	0.036567	-0.303595	-0.852545	0.425438	0.925712	-0.369641	-0.080138	0.225580	0.369504	0.901432
25257	4.365831	-0.812088	9.418083	0.011434	-0.096528	0.040276	-0.303029	-0.852313	0.426305	0.925842	-0.369297	-0.080223	0.225808	0.370381	0.901015
25258	4.353168	-0.916191	9.331021	-0.001121	-0.103959	0.042335	-0.302426	-0.852062	0.427233	0.925950	-0.368981	-0.080433	0.226175	0.371271	0.900557
25259	4.377672	-0.911273	9.378335	-0.006620	-0.111480	0.043593	-0.301794	-0.851786	0.428230	0.926049	-0.368676	-0.080696	0.226614	0.372208	0.900059
25260	4.426737	-0.958502	9.230841	-0.009462	-0.109006	0.047870	-0.301128	-0.851534	0.429198	0.926154	-0.368344	-0.081006	0.227072	0.373110	0.899570
25261	4.420850	-0.932875	9.237964	-0.006658	-0.106885	0.047715	-0.300467	-0.851288	0.430149	0.926264	-0.368004	-0.081288	0.227496	0.374008	0.899091
25262	4.441389	-0.958733	9.301863	-0.013738	-0.104326	0.044436	-0.299842	-0.851039	0.431077	0.926348	-0.367719	-0.081622	0.227978	0.374854	0.898616
25263	4.412296	-0.977154	9.333186	-0.019411	-0.101086	0.046409	-0.299205	-0.850807	0.431976	0.926425	-0.367438	-0.082013	0.228502	0.375654	0.898149
25264	4.269369	-1.111314	9.344666	-0.013595	-0.110912	0.046219	-0.298547	-0.850538	0.432960	0.926514	-0.367137	-0.082354	0.229001	0.376556	0.897643
25265	4.379764	-1.005495	9.306825	-0.006747	-0.142164	0.039472	-0.297880	-0.850124	0.434231	0.926598	-0.366868	-0.082603	0.229529	0.377752	0.897006
25266	4.377248	-0.956337	9.355269	-0.021554	-0.139991	0.040613	-0.297206	-0.849722	0.435479	0.926651	-0.366646	-0.082992	0.230187	0.378871	0.896365
25267	4.066718	-0.652429	9.793308	-0.024495	-0.137278	0.018612	-0.296741	-0.849246	0.436722	0.926632	-0.366622	-0.083310	0.230862	0.379959	0.895731
25268	4.141897	-0.738030	9.549003	-0.111473	-0.251659	0.009743	-0.296091	-0.848302	0.438992	0.926385	-0.367006	-0.084369	0.232683	0.381695	0.894521
25269	4.622095	-0.946390	9.392310	-0.131956	-0.244183	0.007245	-0.295477	-0.847372	0.441197	0.926080	-0.367490	-0.085597	0.234668	0.383291	0.893319
25270	4.514810	-0.897423	9.319014	-0.136151	-0.244456	-0.001738	-0.294941	-0.846404	0.443407	0.925736	-0.368069	-0.086823	0.236692	0.384869	0.892106
25271	4.631963	-0.879196	9.204543	-0.153609	-0.248911	-0.004199	-0.294412	-0.845406	0.445657	0.925340	-0.368739	-0.088191	0.238888	0.386420	0.890849
25272	4.726223	-0.881206	9.156730	-0.147370	-0.235441	-0.001526	-0.293885	-0.844467	0.447781	0.924964	-0.369364	-0.089514	0.240986	0.387874	0.889652
25273	4.687000	-0.964833	9.183815	-0.147488	-0.225914	-0.005571	-0.293413	-0.843545	0.449822	0.924572	-0.370025	-0.090817	0.243054	0.389246	0.888489
25274	4.635590	-0.990139	9.207477	-0.154666	-0.216697	-0.010342	-0.293003	-0.842640	0.451782	0.924146	-0.370757	-0.092162	0.245160	0.390509	0.887355
25275	4.633231	-1.059516	9.198219	-0.166476	-0.224786	-0.016377	-0.292625	-0.841677	0.453818	0.923670	-0.371588	-0.093580	0.247397	0.391794	0.886167
25276	4.722260	-1.092411	9.166570	-0.170679	-0.223775	-0.020402	-0.292280	-0.840701	0.455845	0.923167	-0.372471	-0.095016	0.249669	0.393050	0.884973
25277	4.629827	-1.003654	9.212408	-0.168610	-0.220916	-0.025953	-0.291989	-0.839711	0.457852	0.922650	-0.373394	-0.096405	0.251912	0.394288	0.883786
25278	4.678862	-0.886439	9.267751	-0.169183	-0.222226	-0.025492	-0.291685	-0.838716	0.459865	0.922129	-0.374318	-0.097800	0.254162	0.395528	0.882587
25279	4.685709	-0.872832	9.268349	-0.173598	-0.242782	-0.025715	-0.291326	-0.837634	0.462060	0.921592	-0.375263	-0.099228	0.256511	0.396923	0.881280
25280	4.515006	-0.704236	9.412824	-0.171197	-0.248180	-0.022127	-0.290913	-0.836541	0.464293	0.921067	-0.376170	-0.100651	0.258852	0.398365	0.879944
25281	4.462636	-0.804668	9.446408	-0.187471	-0.300068	-0.017240	-0.290314	-0.835255	0.466977	0.920511	-0.377105	-0.102234	0.261491	0.400177	0.878340
25282	4.436102	-0.858806	9.534807	-0.193430	-0.342379	-0.017145	-0.289595	-0.833794	0.470025	0.919934	-0.378065	-0.103868	0.264305	0.402312	0.876521
