// General information: 
//  MT Manager version: 2022.2.0 
//  XDA version: 2022.2.0 build 7381 rev 124627 built on 2023-07-19
// Device information: 
//  DeviceId: 00B4CAF0
//  ProductCode: MTW2-3A7G6
//  Firmware Version: 4.6.0
//  Hardware Version: 2.0.0
// Device settings: 
//  Filter Profile: human(46.1)
//  Option Flags: Orientation Smoother Disabled, Position/Velocity Smoother Disabled, Continuous Zero Rotation Update Disabled, AHS Disabled, ICC Disabled
// Coordinate system: ENU
PacketCounter	Acc_X	Acc_Y	Acc_Z	Gyr_X	Gyr_Y	Gyr_Z	Mat[1][1]	Mat[2][1]	Mat[3][1]	Mat[1][2]	Mat[2][2]	Mat[3][2]	Mat[1][3]	Mat[2][3]	Mat[3][3]
00842	5.864809	-0.304475	8.259843	0.004248	0.005036	0.006126	-0.355027	-0.725843	0.589159	0.884685	-0.464538	-0.039200	0.302140	0.507303	0.807066
00843	5.942732	-0.366104	8.276425	-0.004800	-0.000172	0.004589	-0.354999	-0.725842	0.589177	0.884665	-0.464569	-0.039288	0.302230	0.507277	0.807048
00844	5.931528	-0.382463	8.238373	-0.007725	-0.013583	0.012663	-0.354860	-0.725820	0.589288	0.884664	-0.464556	-0.039458	0.302396	0.507320	0.806959
00845	5.976324	-0.364596	8.247608	-0.010699	-0.015968	0.014446	-0.354698	-0.725784	0.589429	0.884661	-0.464545	-0.039652	0.302595	0.507381	0.806846
00846	5.957758	-0.401935	8.282898	-0.018372	-0.022363	0.014186	-0.354511	-0.725728	0.589610	0.884638	-0.464566	-0.039916	0.302881	0.507441	0.806701
00847	5.980746	-0.381588	8.265620	-0.012414	-0.028136	0.015196	-0.354305	-0.725635	0.589849	0.884633	-0.464558	-0.040128	0.303138	0.507582	0.806516
00848	6.005888	-0.433282	8.260958	-0.017083	-0.032633	0.014877	-0.354090	-0.725525	0.590113	0.884610	-0.464579	-0.040386	0.303455	0.507719	0.806310
00849	5.887179	-0.347173	8.260863	-0.014898	-0.042580	0.019200	-0.353805	-0.725377	0.590466	0.884611	-0.464555	-0.040642	0.303785	0.507954	0.806038
00850	6.079032	-0.329279	8.349021	-0.027476	-0.047685	0.018387	-0.353512	-0.725207	0.590850	0.884569	-0.464603	-0.041004	0.304247	0.508152	0.805739
00851	6.562144	-0.777953	8.424409	-0.016337	-0.019819	0.007072	-0.353403	-0.725118	0.591025	0.884523	-0.464674	-0.041200	0.304509	0.508214	0.805601
00852	6.300491	-0.619821	8.188882	0.019069	0.020301	0.005549	-0.353432	-0.725234	0.590865	0.884577	-0.464579	-0.041111	0.304319	0.508136	0.805722
00853	5.970525	-0.425324	8.294585	0.021292	0.028097	-0.007637	-0.353598	-0.725320	0.590660	0.884593	-0.464566	-0.040917	0.304079	0.508026	0.805882
00854	5.935069	-0.401788	8.281995	0.021335	0.017064	-0.001339	-0.353673	-0.725389	0.590530	0.884632	-0.464504	-0.040770	0.303878	0.507983	0.805985
00855	5.921801	-0.369005	8.274159	0.012849	0.019430	-0.004639	-0.353787	-0.725445	0.590394	0.884633	-0.464512	-0.040661	0.303742	0.507896	0.806091
00856	5.965242	-0.407751	8.277225	0.011196	0.006289	-0.000448	-0.353830	-0.725460	0.590350	0.884639	-0.464505	-0.040600	0.303674	0.507881	0.806126
00857	5.907970	-0.323298	8.245315	0.004100	-0.003075	0.002096	-0.353816	-0.725432	0.590392	0.884637	-0.464509	-0.040602	0.303696	0.507917	0.806095
00858	5.900285	-0.343442	8.318999	-0.002132	-0.011628	0.006553	-0.353729	-0.725395	0.590489	0.884636	-0.464503	-0.040690	0.303801	0.507975	0.806019
00859	6.008702	-0.363535	8.244617	-0.012945	-0.015593	0.011277	-0.353596	-0.725347	0.590629	0.884615	-0.464527	-0.040883	0.304018	0.508023	0.805907
00860	6.044552	-0.399519	8.278346	-0.011055	-0.018780	0.011910	-0.353443	-0.725296	0.590782	0.884604	-0.464531	-0.041075	0.304228	0.508090	0.805785
00861	6.066021	-0.412377	8.212065	-0.012433	-0.017593	0.010640	-0.353309	-0.725235	0.590938	0.884582	-0.464557	-0.041260	0.304448	0.508155	0.805661
00862	6.114295	-0.538914	8.246960	-0.013459	-0.013595	0.011924	-0.353170	-0.725212	0.591049	0.884564	-0.464572	-0.041471	0.304660	0.508174	0.805569
00863	6.028887	-0.545117	8.275413	0.000075	-0.011520	0.008018	-0.353078	-0.725169	0.591157	0.884571	-0.464553	-0.041540	0.304747	0.508253	0.805486
00864	5.896687	-0.425570	8.267909	0.002056	-0.018543	0.002012	-0.353010	-0.725075	0.591312	0.884566	-0.464559	-0.041568	0.304839	0.508381	0.805371
00865	5.758218	-0.384966	8.325912	0.002379	-0.038708	0.000201	-0.352904	-0.724857	0.591642	0.884552	-0.464585	-0.041572	0.305002	0.508667	0.805128
00866	5.936711	-0.400450	8.306038	-0.003577	-0.056396	-0.003437	-0.352775	-0.724543	0.592104	0.884508	-0.464666	-0.041612	0.305280	0.509041	0.804786
00867	6.060676	-0.450753	8.237581	-0.005021	-0.064783	-0.003559	-0.352622	-0.724175	0.592645	0.884458	-0.464757	-0.041654	0.305601	0.509482	0.804386
00868	6.131366	-0.421971	8.248760	-0.002970	-0.059866	0.001107	-0.352443	-0.723863	0.593133	0.884430	-0.464804	-0.041716	0.305887	0.509882	0.804023
00869	6.188676	-0.349128	8.230663	-0.002116	-0.048510	-0.001556	-0.352322	-0.723586	0.593542	0.884396	-0.464866	-0.041746	0.306124	0.510218	0.803720
00870	6.314567	-0.450741	8.246212	-0.004063	-0.031427	0.001590	-0.352224	-0.723422	0.593800	0.884368	-0.464913	-0.041819	0.306318	0.510408	0.803525
00871	6.161601	-0.446701	8.197200	0.001353	-0.011250	0.004135	-0.352167	-0.723362	0.593907	0.884365	-0.464915	-0.041856	0.306393	0.510491	0.803444
00872	6.097673	-0.442123	8.231329	0.003628	-0.001566	0.004451	-0.352135	-0.723363	0.593925	0.884370	-0.464903	-0.041884	0.306415	0.510501	0.803430
00873	6.033273	-0.483818	8.237045	0.005481	-0.004267	0.003360	-0.352106	-0.723335	0.593976	0.884377	-0.464891	-0.041882	0.306429	0.510552	0.803392
00874	6.034746	-0.450061	8.286215	0.001962	-0.004164	0.004073	-0.352075	-0.723319	0.594015	0.884372	-0.464896	-0.041922	0.306478	0.510571	0.803361
00875	6.023346	-0.418635	8.277018	0.005918	-0.005292	-0.000723	-0.352079	-0.723266	0.594076	0.884366	-0.464910	-0.041892	0.306491	0.510631	0.803318
00876	6.199111	-0.446945	8.279958	-0.002936	-0.002872	0.003516	-0.352047	-0.723259	0.594104	0.884351	-0.464933	-0.041968	0.306572	0.510622	0.803292
00877	6.638417	-0.537077	8.319618	0.002302	0.019744	-0.002551	-0.352144	-0.723326	0.593965	0.884327	-0.464979	-0.041957	0.306530	0.510484	0.803396
00878	6.408531	-0.438304	8.164338	0.005821	0.079986	0.007484	-0.352329	-0.723759	0.593327	0.884353	-0.464926	-0.041986	0.306241	0.509918	0.803866
00879	5.964500	-0.293597	8.249786	0.010143	0.094582	0.012479	-0.352522	-0.724278	0.592579	0.884407	-0.464824	-0.042001	0.305865	0.509275	0.804417
00880	5.794625	-0.355624	8.252344	0.010518	0.073432	0.014141	-0.352633	-0.724706	0.591990	0.884468	-0.464705	-0.042031	0.305561	0.508774	0.804849
00881	5.814461	-0.490107	8.286935	0.007277	0.053853	0.011335	-0.352711	-0.725010	0.591570	0.884508	-0.464625	-0.042062	0.305354	0.508413	0.805156
00882	5.918978	-0.475312	8.265311	0.009735	0.034770	0.007553	-0.352766	-0.725209	0.591294	0.884541	-0.464563	-0.042059	0.305195	0.508187	0.805358
00883	5.848854	-0.372544	8.246708	0.010373	0.017902	0.006578	-0.352776	-0.725309	0.591166	0.884574	-0.464502	-0.042037	0.305087	0.508100	0.805454
00884	5.639646	-0.229752	8.286389	-0.002265	-0.007305	0.011475	-0.352659	-0.725315	0.591227	0.884589	-0.464462	-0.042154	0.305178	0.508127	0.805403
00885	5.862895	-0.325739	8.332772	-0.027197	-0.033819	0.014669	-0.352440	-0.725190	0.591511	0.884536	-0.464533	-0.042483	0.305585	0.508241	0.805177
00886	6.171264	-0.624197	8.164128	-0.014785	-0.036837	0.011462	-0.352241	-0.725042	0.591811	0.884508	-0.464567	-0.042700	0.305895	0.508421	0.804945
00887	6.205172	-0.469167	8.199726	-0.003395	-0.025309	0.004952	-0.352134	-0.724915	0.592031	0.884493	-0.464588	-0.042779	0.306062	0.508583	0.804779
00888	6.163887	-0.502058	8.209248	-0.004250	-0.013203	0.010264	-0.352022	-0.724880	0.592140	0.884490	-0.464582	-0.042905	0.306198	0.508639	0.804692
00889	6.044598	-0.486077	8.224076	0.000645	-0.003951	0.006246	-0.351969	-0.724867	0.592188	0.884492	-0.464573	-0.042959	0.306254	0.508665	0.804654
00890	6.014368	-0.456492	8.300666	0.006563	-0.009245	0.005527	-0.351908	-0.724831	0.592267	0.884507	-0.464543	-0.042970	0.306279	0.508743	0.804595
00891	5.980803	-0.422001	8.265273	0.004064	-0.013140	0.004954	-0.351838	-0.724766	0.592389	0.884516	-0.464526	-0.042989	0.306337	0.508852	0.804504
00892	5.883984	-0.442220	8.256000	-0.000459	-0.022441	0.001447	-0.351763	-0.724649	0.592577	0.884501	-0.464549	-0.043032	0.306464	0.508998	0.804364
00893	5.898282	-0.427054	8.291892	0.001360	-0.035202	0.003220	-0.351640	-0.724463	0.592877	0.884495	-0.464558	-0.043062	0.306623	0.509254	0.804141
00894	5.998982	-0.440174	8.248140	0.007578	-0.050120	-0.003882	-0.351532	-0.724178	0.593289	0.884484	-0.464584	-0.043009	0.306779	0.509635	0.803840
00895	6.268957	-0.527008	8.323257	0.004923	-0.038658	-0.005839	-0.351479	-0.723932	0.593620	0.884457	-0.464641	-0.042957	0.306918	0.509933	0.803598
00896	7.038710	-0.485385	8.457513	-0.005917	0.015843	-0.003867	-0.351584	-0.723978	0.593502	0.884397	-0.464749	-0.043012	0.306969	0.509769	0.803682
00897	6.398877	-0.510847	8.071084	0.019606	0.086803	-0.000760	-0.351871	-0.724395	0.592823	0.884433	-0.464694	-0.042873	0.306538	0.509227	0.804191
00898	5.955385	-0.482253	8.141303	0.024656	0.114699	-0.005311	-0.352287	-0.724938	0.591911	0.884464	-0.464652	-0.042673	0.305968	0.508491	0.804873
00899	5.721148	-0.410154	8.285594	0.031992	0.083766	-0.003915	-0.352592	-0.725324	0.591256	0.884527	-0.464558	-0.042415	0.305437	0.508027	0.805368
00900	5.802502	-0.461677	8.252717	0.029480	0.056404	-0.007112	-0.352849	-0.725560	0.590813	0.884564	-0.464510	-0.042166	0.305032	0.507734	0.805706
00901	5.574609	-0.267636	8.152561	0.023009	0.019637	-0.000951	-0.352931	-0.725634	0.590674	0.884609	-0.464439	-0.041997	0.304807	0.507693	0.805817
00902	5.311070	0.027326	8.258072	-0.005985	-0.025357	0.011015	-0.352764	-0.725546	0.590881	0.884611	-0.464422	-0.042141	0.304994	0.507834	0.805657
00903	5.876394	-0.593692	8.425808	-0.036620	-0.065273	0.007945	-0.352509	-0.725229	0.591422	0.884505	-0.464590	-0.042506	0.305595	0.508132	0.805241
00904	6.094349	-0.443767	8.276447	-0.007485	-0.090727	0.008484	-0.352171	-0.724794	0.592157	0.884489	-0.464607	-0.042646	0.306030	0.508737	0.804694
00905	6.295456	-0.379611	8.246588	-0.024411	-0.063005	0.006254	-0.351936	-0.724481	0.592679	0.884415	-0.464726	-0.042902	0.306515	0.509075	0.804295
00906	6.540316	-0.579681	8.168519	-0.003622	-0.030069	0.009304	-0.351773	-0.724359	0.592925	0.884416	-0.464713	-0.043017	0.306699	0.509260	0.804108
00907	6.158359	-0.514195	8.167049	0.003876	-0.007841	0.006431	-0.351705	-0.724328	0.593003	0.884429	-0.464686	-0.043046	0.306740	0.509330	0.804049
00908	6.073746	-0.591143	8.209296	0.002534	0.003407	0.002293	-0.351700	-0.724347	0.592983	0.884428	-0.464684	-0.043070	0.306748	0.509304	0.804062
00909	6.073993	-0.649988	8.201830	0.009862	0.006979	-0.000017	-0.351735	-0.724361	0.592945	0.884437	-0.464674	-0.043013	0.306683	0.509294	0.804093
00910	6.062433	-0.676343	8.185562	0.022067	0.006880	-0.013567	-0.351885	-0.724322	0.592904	0.884437	-0.464694	-0.042785	0.306509	0.509331	0.804136
00911	6.061261	-0.613870	8.193970	0.028100	0.007802	-0.023783	-0.352133	-0.724229	0.592870	0.884418	-0.464762	-0.042441	0.306280	0.509400	0.804179
00912	5.994659	-0.334099	8.309366	0.034813	0.004290	-0.026024	-0.352385	-0.724119	0.592854	0.884413	-0.464807	-0.042037	0.306003	0.509515	0.804212
00913	6.014207	-0.189262	8.309198	0.023712	-0.003450	-0.020388	-0.352569	-0.723985	0.592909	0.884392	-0.464874	-0.041748	0.305853	0.509645	0.804187
00914	6.015374	-0.246044	8.301196	0.014670	-0.006265	-0.010102	-0.352650	-0.723894	0.592972	0.884381	-0.464909	-0.041600	0.305792	0.509742	0.804148
00915	5.938618	-0.289065	8.248207	0.007414	-0.010811	-0.004348	-0.352670	-0.723797	0.593078	0.884366	-0.464942	-0.041537	0.305812	0.509850	0.804073
00916	5.823355	-0.310363	8.324637	0.000540	-0.036498	0.003069	-0.352555	-0.723607	0.593379	0.884350	-0.464969	-0.041581	0.305991	0.510095	0.803849
00917	5.916858	-0.403329	8.347231	-0.005936	-0.052187	0.000094	-0.352408	-0.723319	0.593816	0.884310	-0.465038	-0.041651	0.306275	0.510440	0.803522
00918	6.038731	-0.382442	8.265895	-0.006375	-0.061705	0.008784	-0.352154	-0.723032	0.594316	0.884300	-0.465045	-0.041785	0.306596	0.510840	0.803145
00919	6.186396	-0.449832	8.243628	-0.014751	-0.063665	0.000590	-0.351967	-0.722688	0.594846	0.884235	-0.465156	-0.041929	0.306998	0.511226	0.802746
00920	6.552988	-0.585282	8.227146	-0.003348	-0.039213	0.001251	-0.351831	-0.722489	0.595168	0.884218	-0.465182	-0.041993	0.307201	0.511484	0.802503
00921	6.475046	-0.510697	8.189487	0.010944	0.012555	-0.002467	-0.351906	-0.722520	0.595086	0.884221	-0.465184	-0.041913	0.307108	0.511439	0.802568
00922	6.309617	-0.571427	8.189597	0.013929	0.048954	-0.006264	-0.352131	-0.722724	0.594705	0.884216	-0.465205	-0.041794	0.306865	0.511130	0.802857
00923	6.127130	-0.409520	8.184724	0.028235	0.066213	-0.006239	-0.352403	-0.723011	0.594194	0.884258	-0.465146	-0.041552	0.306430	0.510778	0.803248
00924	6.058321	-0.368555	8.272704	0.019779	0.068093	-0.007800	-0.352679	-0.723316	0.593659	0.884279	-0.465122	-0.041377	0.306053	0.510367	0.803652
00925	5.976049	-0.423765	8.245305	0.020199	0.069931	-0.001791	-0.352923	-0.723643	0.593116	0.884312	-0.465072	-0.041227	0.305675	0.509950	0.804061
00926	5.860310	-0.305437	8.268085	0.016835	0.054678	0.000339	-0.353097	-0.723911	0.592685	0.884345	-0.465019	-0.041123	0.305379	0.509617	0.804384
00927	5.876675	-0.269128	8.234123	0.012321	0.034830	0.001442	-0.353204	-0.724074	0.592422	0.884366	-0.464985	-0.041055	0.305194	0.509417	0.804581
00928	5.834181	-0.385795	8.280455	-0.000182	0.018228	0.008669	-0.353191	-0.724196	0.592281	0.884377	-0.464956	-0.041137	0.305176	0.509270	0.804681
00929	5.985834	-0.458399	8.230557	-0.002198	0.002279	0.010334	-0.353121	-0.724234	0.592276	0.884385	-0.464932	-0.041239	0.305235	0.509238	0.804679
00930	6.270361	-0.591265	8.195121	0.004004	0.011306	0.004140	-0.353140	-0.724293	0.592193	0.884385	-0.464930	-0.041260	0.305213	0.509156	0.804739
00931	6.180529	-0.570248	8.184112	0.013444	0.029370	0.005343	-0.353196	-0.724446	0.591972	0.884423	-0.464863	-0.041206	0.305037	0.509000	0.804904
00932	6.134043	-0.635066	8.147701	0.018014	0.035314	0.000495	-0.353314	-0.724614	0.591697	0.884458	-0.464808	-0.041094	0.304802	0.508811	0.805113
00933	6.077364	-0.600015	8.201179	0.029621	0.041042	-0.005754	-0.353503	-0.724774	0.591387	0.884506	-0.464738	-0.040844	0.304443	0.508646	0.805353
00934	6.006538	-0.354848	8.268552	0.032718	0.039087	-0.012443	-0.353734	-0.724907	0.591086	0.884546	-0.464688	-0.040537	0.304056	0.508503	0.805590
00935	5.936554	-0.215610	8.299475	0.029870	0.034770	-0.003761	-0.353887	-0.725044	0.590825	0.884602	-0.464603	-0.040297	0.303716	0.508385	0.805793
00936	5.977793	-0.147250	8.339820	0.022736	0.025901	-0.002928	-0.354002	-0.725150	0.590627	0.884641	-0.464544	-0.040126	0.303469	0.508288	0.805947
00937	6.086513	-0.262769	8.322792	0.009813	0.020393	0.005486	-0.354029	-0.725258	0.590478	0.884668	-0.464494	-0.040102	0.303358	0.508180	0.806057
00938	6.040930	-0.328454	8.285659	0.008851	0.023427	0.010206	-0.354010	-0.725416	0.590295	0.884717	-0.464398	-0.040121	0.303236	0.508041	0.806190
00939	5.952539	-0.379832	8.287692	0.007187	0.020830	0.009825	-0.354000	-0.725546	0.590141	0.884752	-0.464330	-0.040143	0.303146	0.507918	0.806302
00940	5.949349	-0.354490	8.247135	0.006068	0.015750	0.010528	-0.353969	-0.725661	0.590019	0.884786	-0.464262	-0.040186	0.303085	0.507816	0.806389
00941	5.851402	-0.341089	8.288294	0.002361	-0.002305	0.010082	-0.353887	-0.725675	0.590051	0.884807	-0.464216	-0.040249	0.303119	0.507838	0.806362
00942	5.897890	-0.453393	8.303703	-0.000001	-0.010532	0.004596	-0.353825	-0.725630	0.590143	0.884803	-0.464219	-0.040305	0.303202	0.507900	0.806292
00943	6.029989	-0.488556	8.276271	0.005597	-0.019127	0.003075	-0.353754	-0.725525	0.590315	0.884809	-0.464208	-0.040301	0.303268	0.508059	0.806167
00944	6.262798	-0.494538	8.348254	0.005598	-0.008596	-0.001521	-0.353767	-0.725455	0.590394	0.884791	-0.464244	-0.040276	0.303305	0.508127	0.806110
00945	6.523547	-0.563690	8.295957	0.017591	0.033452	-0.005480	-0.353930	-0.725578	0.590144	0.884803	-0.464234	-0.040124	0.303078	0.507961	0.806300
00946	6.309630	-0.405207	8.316780	0.035044	0.071234	-0.006035	-0.354210	-0.725899	0.589582	0.884868	-0.464135	-0.039835	0.302562	0.507592	0.806726
00947	6.072226	-0.454642	8.241306	0.039190	0.088245	-0.009647	-0.354576	-0.726280	0.588892	0.884931	-0.464046	-0.039485	0.301950	0.507128	0.807247
00948	5.822378	-0.226836	8.277295	0.043268	0.074635	-0.002909	-0.354842	-0.726630	0.588299	0.885028	-0.463889	-0.039148	0.301351	0.506770	0.807695
00949	5.816188	-0.211604	8.260322	0.020711	0.056381	0.005724	-0.354975	-0.726921	0.587860	0.885089	-0.463782	-0.039037	0.301015	0.506451	0.808020
00950	5.812389	-0.257255	8.234710	0.011830	0.035842	0.005581	-0.355042	-0.727116	0.587577	0.885126	-0.463715	-0.039003	0.300828	0.506232	0.808227
00951	5.788780	-0.220491	8.259174	-0.000141	0.006263	0.018434	-0.354912	-0.727212	0.587538	0.885169	-0.463621	-0.039135	0.300855	0.506181	0.808250
00952	5.979348	-0.345146	8.377803	-0.012963	-0.003081	0.020179	-0.354737	-0.727276	0.587564	0.885180	-0.463578	-0.039388	0.301028	0.506128	0.808218
00953	5.978090	-0.415365	8.279171	-0.011619	-0.003785	0.019739	-0.354565	-0.727326	0.587605	0.885194	-0.463532	-0.039620	0.301191	0.506097	0.808177
00954	6.031489	-0.391066	8.235715	-0.005384	-0.005785	0.019889	-0.354380	-0.727378	0.587654	0.885229	-0.463448	-0.039810	0.301304	0.506101	0.808133
00955	5.812353	-0.277724	8.255867	-0.011368	-0.010049	0.021722	-0.354171	-0.727406	0.587744	0.885250	-0.463387	-0.040052	0.301487	0.506116	0.808055
00956	5.714491	-0.228463	8.232383	-0.019175	-0.035548	0.023744	-0.353874	-0.727319	0.588031	0.885251	-0.463358	-0.040375	0.301835	0.506268	0.807830
00957	5.664116	-0.232361	8.230849	-0.021904	-0.067646	0.024898	-0.353463	-0.727070	0.588586	0.885251	-0.463327	-0.040721	0.302315	0.506653	0.807408
00958	5.883551	-0.501911	8.285331	-0.032703	-0.086916	0.010600	-0.353120	-0.726664	0.589292	0.885168	-0.463455	-0.041076	0.302959	0.507118	0.806875
00959	6.292462	-1.054259	8.301778	0.006605	-0.081068	0.002915	-0.352862	-0.726245	0.589963	0.885176	-0.463440	-0.041062	0.303234	0.507732	0.806385
00960	5.950846	-0.382939	8.288765	0.020598	-0.091086	0.001307	-0.352588	-0.725774	0.590706	0.885222	-0.463364	-0.040933	0.303420	0.508474	0.805848
00961	5.871733	-0.234321	8.376716	-0.003081	-0.093350	0.001498	-0.352305	-0.725284	0.591476	0.885196	-0.463409	-0.040989	0.303824	0.509132	0.805280
00962	5.861197	-0.328947	8.399560	0.000204	-0.122171	0.004316	-0.351910	-0.724668	0.592467	0.885190	-0.463416	-0.041041	0.304300	0.510003	0.804549
00963	5.915559	-0.204795	8.437655	-0.017585	-0.140280	0.008479	-0.351421	-0.723969	0.593609	0.885144	-0.463484	-0.041255	0.304996	0.510932	0.803695
00964	5.921234	-0.239209	8.523635	-0.019725	-0.165818	0.011411	-0.350834	-0.723157	0.594946	0.885099	-0.463549	-0.041510	0.305804	0.512023	0.802693
00965	5.873057	-0.203986	8.596903	-0.039977	-0.185922	0.028629	-0.350024	-0.722315	0.596443	0.885055	-0.463586	-0.042023	0.306857	0.513176	0.801555
00966	5.915886	-0.297944	8.644534	-0.059311	-0.222506	0.035746	-0.349036	-0.721324	0.598219	0.884977	-0.463670	-0.042739	0.308205	0.514492	0.800192
00967	6.007591	-0.188169	8.813301	-0.070113	-0.251923	0.045071	-0.347872	-0.720213	0.600231	0.884895	-0.463746	-0.043592	0.309750	0.515977	0.798638
00968	5.877075	0.279853	8.667687	-0.082165	-0.282118	0.060108	-0.346483	-0.719018	0.602464	0.884824	-0.463782	-0.044636	0.311506	0.517609	0.796897
00969	5.248611	0.745391	9.467728	-0.198386	-0.369197	0.075219	-0.344675	-0.717431	0.605385	0.884441	-0.464310	-0.046691	0.314584	0.519334	0.794562
00970	4.685501	-0.454584	9.331226	-0.241610	-0.487997	0.116344	-0.342116	-0.715419	0.609206	0.884055	-0.464772	-0.049339	0.318440	0.521692	0.791475
00971	4.086492	-1.704158	9.817660	-0.047168	-0.800835	0.239311	-0.337450	-0.712308	0.615423	0.884695	-0.463351	-0.051198	0.321625	0.527185	0.786533
00972	5.546119	-1.150533	9.396918	0.135198	-1.104681	0.352076	-0.330788	-0.708048	0.623896	0.886282	-0.460179	-0.052345	0.324167	0.535633	0.779752
00973	5.959615	0.545441	9.490808	0.333610	-1.344554	0.426600	-0.322647	-0.702703	0.634119	0.888737	-0.455405	-0.052461	0.325646	0.546639	0.771454
00974	6.479614	1.508063	9.844998	0.282778	-1.495414	0.551038	-0.312875	-0.696924	0.645296	0.891389	-0.450030	-0.053841	0.327926	0.558364	0.762033
00975	8.050601	4.890555	11.159012	0.165732	-1.580153	0.589299	-0.302419	-0.690623	0.656949	0.893726	-0.445048	-0.056443	0.331354	0.570064	0.751819
00976	7.899380	3.870669	11.143116	-0.674533	-1.477770	0.765405	-0.290621	-0.685536	0.667517	0.893706	-0.443687	-0.066566	0.341802	0.577219	0.741613
00977	8.848995	1.366073	12.394663	-0.698938	-1.372349	0.590624	-0.280597	-0.680170	0.677225	0.892946	-0.443752	-0.075705	0.352012	0.583483	0.731871
00978	8.851725	-0.724456	12.318773	-0.158933	-1.085148	0.221528	-0.274792	-0.674775	0.684959	0.892980	-0.443219	-0.078384	0.356478	0.590116	0.724353
00979	6.998917	1.985261	12.568398	0.078835	-0.804584	0.058663	-0.271406	-0.670240	0.690736	0.893399	-0.442399	-0.078235	0.358017	0.595870	0.718862
00980	4.522479	2.145009	11.522414	-0.053555	-0.613216	0.098042	-0.268346	-0.666999	0.695055	0.893454	-0.442098	-0.079308	0.360181	0.599718	0.714568
00981	2.864716	-0.153757	10.542763	-0.209666	-0.520184	0.223002	-0.264485	-0.664836	0.698599	0.893267	-0.441915	-0.082372	0.363486	0.602250	0.710756
00982	2.011432	-2.324519	10.049050	-0.014331	-0.489685	0.359726	-0.259506	-0.663459	0.701768	0.894141	-0.439644	-0.085000	0.364923	0.605422	0.707316
00983	1.696355	-2.569662	10.055011	0.332103	-0.421707	0.481901	-0.253669	-0.662980	0.704350	0.896564	-0.434473	-0.086059	0.363077	0.609664	0.704616
00984	1.343413	-2.037944	10.205034	0.502780	-0.290108	0.625489	-0.247023	-0.663900	0.705845	0.899930	-0.427278	-0.086940	0.359312	0.613735	0.703011
00985	1.085513	-2.129368	10.255920	0.572741	-0.130495	0.738244	-0.239913	-0.666197	0.706133	0.903750	-0.418887	-0.088142	0.354510	0.617021	0.702572
00986	1.174900	-2.427794	10.206243	0.656682	0.048415	0.794307	-0.232908	-0.669791	0.705077	0.907922	-0.409550	-0.089140	0.348470	0.619394	0.703505
00987	1.320406	-2.271263	10.140924	0.741649	0.249993	0.799854	-0.226504	-0.674554	0.702618	0.912296	-0.399618	-0.089559	0.341191	0.620711	0.705909
00988	1.327600	-1.764478	9.759968	0.766957	0.440005	0.776294	-0.220909	-0.680358	0.698793	0.916606	-0.389626	-0.089580	0.333215	0.620729	0.709693
00989	1.121313	-1.249149	9.324629	0.699839	0.599199	0.724737	-0.216240	-0.686842	0.693894	0.920476	-0.380376	-0.089660	0.325522	0.619324	0.714474
00990	1.083993	-1.022025	8.840895	0.575479	0.688945	0.639402	-0.212584	-0.693520	0.688359	0.923689	-0.372432	-0.089963	0.318758	0.616705	0.719770
00991	1.215335	-0.884966	8.520675	0.447583	0.729187	0.538039	-0.209926	-0.699969	0.682623	0.926221	-0.365974	-0.090434	0.313124	0.613275	0.725153
00992	1.709345	-0.811274	8.393163	0.323690	0.742553	0.400621	-0.208541	-0.705981	0.676832	0.928055	-0.361203	-0.090813	0.308586	0.609199	0.730515
00993	2.671652	-0.722722	8.699984	0.205369	0.755271	0.235078	-0.208690	-0.711389	0.671099	0.929157	-0.358334	-0.090909	0.305150	0.604584	0.735773
00994	4.225881	-0.718054	9.158954	0.087746	0.825556	0.057025	-0.210690	-0.716581	0.664922	0.929533	-0.357421	-0.090654	0.302619	0.598967	0.741391
00995	5.847523	-0.775941	9.750060	-0.016039	0.982249	-0.132194	-0.214896	-0.721935	0.657746	0.929185	-0.358511	-0.089918	0.300724	0.591844	0.747854
00996	7.312831	-0.927578	9.970067	-0.103134	1.230039	-0.314467	-0.221526	-0.728046	0.648749	0.928180	-0.361417	-0.088652	0.299012	0.582517	0.755821
00997	8.149621	-0.932524	9.983626	-0.161747	1.525546	-0.492878	-0.230659	-0.735030	0.637595	0.926565	-0.365999	-0.086732	0.297109	0.570768	0.765474
00998	8.355237	-0.748065	9.744141	-0.209914	1.804808	-0.633350	-0.241882	-0.742887	0.624189	0.924438	-0.371883	-0.084369	0.294802	0.556617	0.776704
00999	8.191574	-0.586043	9.383525	-0.275059	2.030306	-0.718919	-0.254494	-0.751305	0.608912	0.921827	-0.378805	-0.082111	0.292349	0.540415	0.788977
01000	7.683604	-0.626984	8.860868	-0.336501	2.164214	-0.756080	-0.267771	-0.759936	0.592281	0.918863	-0.386327	-0.080264	0.289809	0.522733	0.801724
01001	7.068461	-0.827861	8.545583	-0.368430	2.213927	-0.750607	-0.281059	-0.768357	0.575007	0.915721	-0.393996	-0.078882	0.287160	0.504376	0.814337
01002	6.653095	-1.150057	8.400102	-0.341343	2.170459	-0.710988	-0.293775	-0.776297	0.557726	0.912692	-0.401197	-0.077676	0.284058	0.486213	0.826382
01003	6.551800	-1.451311	8.405406	-0.265276	2.067072	-0.652806	-0.305573	-0.783511	0.541051	0.909968	-0.407595	-0.076321	0.280328	0.469017	0.837520
01004	6.686442	-1.713704	8.437522	-0.150455	1.913847	-0.578122	-0.316165	-0.789980	0.525329	0.907742	-0.412856	-0.074529	0.275762	0.453300	0.847629
01005	6.647743	-1.688353	8.391926	-0.003368	1.738088	-0.511989	-0.325569	-0.795596	0.510913	0.906070	-0.416969	-0.071931	0.270263	0.439505	0.856617
01006	6.716252	-1.610861	8.345132	0.118812	1.533980	-0.406518	-0.333364	-0.800560	0.497968	0.905037	-0.419717	-0.068884	0.264152	0.427716	0.864455
01007	6.907717	-1.676454	8.155561	0.249998	1.309890	-0.299560	-0.339506	-0.804823	0.486822	0.904662	-0.421102	-0.065267	0.257530	0.418251	0.871059
01008	7.241919	-1.762089	7.960417	0.370826	1.095085	-0.192137	-0.344040	-0.808565	0.477345	0.904936	-0.421134	-0.061129	0.250453	0.410936	0.876587
01009	7.622334	-2.046517	7.760160	0.504054	0.898266	-0.092763	-0.347111	-0.811825	0.469525	0.905840	-0.419864	-0.056288	0.242833	0.405776	0.881123
01010	8.048399	-2.167433	7.458272	0.654740	0.727300	-0.013436	-0.348982	-0.814718	0.463083	0.907344	-0.417348	-0.050475	0.234390	0.402561	0.884876
01011	8.725864	-1.900244	7.215593	0.757155	0.600970	0.074132	-0.349706	-0.817422	0.457741	0.909326	-0.413738	-0.044133	0.225461	0.400802	0.887989
01012	9.386565	-1.374590	6.893975	0.775213	0.556955	0.192018	-0.349202	-0.820447	0.452685	0.911698	-0.409087	-0.038145	0.216483	0.399392	0.890854
01013	9.547458	-1.031208	6.599465	0.678442	0.550407	0.311277	-0.347547	-0.823888	0.447683	0.914206	-0.403861	-0.033522	0.208420	0.397624	0.893564
01014	9.148045	-0.926301	6.176906	0.547276	0.562098	0.423362	-0.344837	-0.827818	0.442498	0.916781	-0.398221	-0.030542	0.201495	0.395142	0.896249
01015	8.284760	-0.827329	5.786802	0.433755	0.542762	0.492217	-0.341413	-0.831884	0.437501	0.919315	-0.392465	-0.028845	0.195699	0.392353	0.898755
01016	7.465242	-0.685610	5.526082	0.350624	0.455028	0.522484	-0.337497	-0.835700	0.433244	0.921754	-0.386764	-0.027998	0.190961	0.389895	0.900842
01017	6.699088	-0.259287	5.349964	0.346777	0.316440	0.495655	-0.333537	-0.838818	0.430275	0.924055	-0.381301	-0.027042	0.186748	0.388578	0.902293
01018	6.263393	0.296769	5.223988	0.329088	0.166706	0.423162	-0.329946	-0.841069	0.428648	0.926055	-0.376497	-0.025922	0.183187	0.388399	0.903099
01019	6.103942	0.624459	5.289296	0.316879	0.003157	0.310356	-0.327093	-0.842226	0.428562	0.927635	-0.372689	-0.024421	0.180288	0.389561	0.903182
01020	6.197530	0.722086	5.460352	0.343388	-0.146264	0.167505	-0.325291	-0.842274	0.429837	0.928783	-0.369966	-0.022072	0.177616	0.392045	0.902637
01021	6.460387	1.026895	5.724699	0.376439	-0.275666	0.017487	-0.324660	-0.841236	0.432340	0.929489	-0.368373	-0.018782	0.175062	0.395757	0.901515
01022	6.664847	1.366915	5.977900	0.367065	-0.372982	-0.119766	-0.325141	-0.839306	0.435716	0.929725	-0.367949	-0.014987	0.172900	0.400224	0.899959
01023	6.954010	1.581844	6.224470	0.316745	-0.439770	-0.235540	-0.326591	-0.836651	0.439720	0.929488	-0.368684	-0.011139	0.171437	0.405077	0.898066
01024	7.227362	1.595557	6.440177	0.238744	-0.483717	-0.338597	-0.328925	-0.833422	0.444091	0.928774	-0.370570	-0.007530	0.170843	0.409983	0.895950
01025	7.694204	1.584242	6.696596	0.166721	-0.497861	-0.436699	-0.332146	-0.829726	0.448591	0.927600	-0.373552	-0.004119	0.170990	0.414745	0.893728
01026	8.061829	1.238980	6.846824	0.098997	-0.485880	-0.519793	-0.336148	-0.825740	0.452944	0.926020	-0.377474	-0.000919	0.171734	0.419126	0.891538
01027	8.732714	0.815922	7.111380	0.087750	-0.421709	-0.579137	-0.340797	-0.821748	0.456714	0.924195	-0.381914	0.002467	0.172398	0.422934	0.889610
01028	9.261608	0.753054	7.203913	0.070695	-0.283978	-0.584544	-0.345722	-0.818286	0.459222	0.922296	-0.386441	0.005746	0.172760	0.425525	0.888303
01029	8.820353	0.714344	7.075018	0.020088	-0.117457	-0.559584	-0.350692	-0.815592	0.460244	0.920367	-0.390965	0.008468	0.173033	0.426563	0.887752
01030	6.454646	3.287063	7.005258	0.109497	-0.087705	-0.586959	-0.355955	-0.812896	0.460974	0.918467	-0.395311	0.012118	0.172377	0.427703	0.887331
01031	2.806707	8.321595	7.466582	-1.598194	-0.459272	-0.458105	-0.359340	-0.809084	0.465035	0.913927	-0.405878	0.000045	0.188711	0.425024	0.885292
01032	1.479934	-6.902916	7.237622	-1.712905	-0.731046	0.195277	-0.356130	-0.806764	0.471491	0.911221	-0.411605	-0.016023	0.206995	0.423927	0.881725
01033	2.617690	-2.173701	11.963468	-0.625921	-0.865345	-0.745937	-0.361099	-0.799955	0.479249	0.907205	-0.420303	-0.018011	0.215838	0.428274	0.877494
01034	4.996853	-1.520729	10.539467	-0.829875	-0.833535	-0.826240	-0.366749	-0.792843	0.486719	0.902347	-0.430484	-0.021308	0.226419	0.431374	0.873299
01035	7.164660	-2.134166	9.031221	-0.625095	-0.787017	-0.839278	-0.372503	-0.785763	0.493780	0.897784	-0.439853	-0.022668	0.235002	0.434863	0.869292
01036	8.875278	-2.249619	8.861790	-0.596944	-0.602420	-0.774124	-0.378014	-0.779684	0.499198	0.893435	-0.448549	-0.024029	0.242650	0.436918	0.866155
01037	8.418773	-3.504025	8.485346	-0.516140	-0.425116	-0.696823	-0.383196	-0.774652	0.503066	0.889495	-0.456259	-0.025029	0.248917	0.437883	0.863886
01038	6.264872	-3.626298	8.016079	-0.284578	-0.381630	-0.618117	-0.387742	-0.770122	0.506525	0.886379	-0.462318	-0.024391	0.252959	0.439516	0.861880
01039	4.512504	-3.227029	8.473483	-0.152842	-0.458032	-0.483280	-0.390869	-0.765838	0.510601	0.884088	-0.466740	-0.023276	0.256144	0.442319	0.859503
01040	4.314883	-2.628764	9.234058	-0.045665	-0.540443	-0.345788	-0.392547	-0.761801	0.515331	0.882596	-0.469621	-0.021923	0.258711	0.446223	0.856711
01041	4.173418	-1.710317	9.365979	-0.002033	-0.595835	-0.216035	-0.392918	-0.758092	0.520491	0.881722	-0.471309	-0.020848	0.261117	0.450737	0.853613
01042	3.982117	-1.465027	8.792474	-0.035762	-0.659145	-0.072043	-0.391836	-0.754750	0.526134	0.881325	-0.472053	-0.020807	0.264067	0.455542	0.850147
01043	3.723434	-1.449447	8.141169	-0.010071	-0.777737	0.008025	-0.389714	-0.751202	0.532747	0.881308	-0.472077	-0.020961	0.267243	0.461345	0.846015
01044	4.332867	-0.697931	8.193516	0.010616	-0.912981	0.059320	-0.386748	-0.747223	0.540447	0.881547	-0.471620	-0.021221	0.270743	0.468222	0.841110
01045	5.170653	-0.486861	8.454412	0.003491	-0.980123	0.075780	-0.383422	-0.742935	0.548667	0.881827	-0.471077	-0.021630	0.274534	0.475536	0.835761
01046	4.890086	-0.213728	8.141071	-0.026952	-1.019563	0.074671	-0.379956	-0.738385	0.557154	0.882017	-0.470690	-0.022299	0.278712	0.482947	0.830110
01047	3.896676	-0.608982	7.929141	-0.080733	-1.115208	0.114427	-0.375825	-0.733473	0.566369	0.882201	-0.470280	-0.023633	0.283686	0.490769	0.823813
01048	4.530297	-0.142824	8.714019	0.037873	-1.340783	0.143354	-0.370736	-0.727485	0.577339	0.882823	-0.469083	-0.024173	0.288405	0.500726	0.816147
01049	19.133956	6.914360	9.987595	0.662204	-1.667551	-0.007307	-0.366003	-0.718953	0.590888	0.884686	-0.465809	-0.018780	0.288743	0.515877	0.806535
01050	14.551222	-1.293953	15.253903	-2.410718	0.594052	0.689710	-0.361703	-0.725191	0.585891	0.879982	-0.473116	-0.042342	0.307900	0.500259	0.809283
01051	3.396092	-6.022048	1.264261	0.265349	-0.374423	0.591327	-0.355353	-0.726070	0.588682	0.882896	-0.467531	-0.043693	0.306951	0.504218	0.807183
01052	8.774237	-0.383745	11.893028	0.067032	-0.005938	-0.088573	-0.356128	-0.725608	0.588784	0.882764	-0.467876	-0.042659	0.306431	0.504565	0.807164
01053	3.957948	0.886050	8.031364	-0.009724	-0.058195	0.058587	-0.355447	-0.725566	0.589246	0.882921	-0.467539	-0.043105	0.306771	0.504936	0.806803
01054	6.669380	-1.409422	8.252176	-0.151056	-0.048959	0.028309	-0.355058	-0.725433	0.589644	0.882535	-0.468136	-0.044519	0.308329	0.504575	0.806435
01055	5.269505	-1.390473	8.372274	-0.031122	-0.106354	0.003128	-0.354716	-0.724889	0.590518	0.882428	-0.468309	-0.044810	0.309028	0.505195	0.805779
01056	6.261922	-0.589947	8.015842	0.021409	-0.127584	-0.023711	-0.354542	-0.724115	0.591572	0.882387	-0.468412	-0.044527	0.309342	0.506209	0.805022
01057	6.092956	-0.748376	8.146160	-0.010245	-0.118960	-0.032035	-0.354470	-0.723341	0.592562	0.882220	-0.468735	-0.044442	0.309901	0.507016	0.804298
01058	6.281532	-0.292427	8.150883	0.034842	-0.114050	-0.035566	-0.354442	-0.722577	0.593510	0.882179	-0.468855	-0.043980	0.310049	0.507994	0.803624
01059	5.967582	-0.403669	8.230347	0.014735	-0.106882	-0.037174	-0.354452	-0.721837	0.594403	0.882071	-0.469088	-0.043663	0.310345	0.508829	0.802981
01060	5.893442	-0.290109	8.379861	0.024677	-0.127720	-0.044640	-0.354461	-0.720959	0.595463	0.881967	-0.469324	-0.043228	0.310631	0.509856	0.802219
01061	6.247574	-0.287788	8.183808	0.008631	-0.133694	-0.041229	-0.354422	-0.720061	0.596570	0.881826	-0.469617	-0.042936	0.311076	0.510854	0.801411
01062	6.346044	-0.351808	8.159438	0.011711	-0.119845	-0.030625	-0.354331	-0.719286	0.597559	0.881731	-0.469817	-0.042687	0.311448	0.511761	0.800688
01063	6.150610	-0.256954	8.275720	0.011098	-0.103464	-0.027944	-0.354269	-0.718603	0.598417	0.881645	-0.470000	-0.042453	0.311763	0.512551	0.800059
01064	6.333533	-0.469185	8.158541	0.006551	-0.099366	-0.025930	-0.354199	-0.717953	0.599238	0.881551	-0.470193	-0.042274	0.312108	0.513285	0.799454
01065	6.255723	-0.531208	8.175158	0.013929	-0.083339	-0.019350	-0.354123	-0.717412	0.599930	0.881504	-0.470300	-0.042069	0.312328	0.513943	0.798945
01066	6.410392	-0.303974	8.156751	0.016520	-0.070354	-0.018239	-0.354075	-0.716946	0.600516	0.881468	-0.470385	-0.041855	0.312482	0.514515	0.798517
01067	6.331732	-0.438131	8.188824	0.014809	-0.045614	-0.009452	-0.354030	-0.716645	0.600902	0.881459	-0.470416	-0.041702	0.312560	0.514906	0.798234
01068	6.213229	-0.195222	8.253648	0.017589	-0.037928	-0.009808	-0.354009	-0.716385	0.601224	0.881456	-0.470436	-0.041531	0.312589	0.515251	0.798000
01069	6.290285	-0.310777	8.148169	-0.002944	-0.026357	0.001018	-0.353931	-0.716232	0.601452	0.881429	-0.470483	-0.041582	0.312756	0.515420	0.797826
01070	6.238444	-0.523768	8.077214	0.003720	-0.015953	0.002472	-0.353871	-0.716142	0.601594	0.881426	-0.470486	-0.041595	0.312830	0.515542	0.797718
01071	6.165176	-0.406444	8.179937	0.016633	-0.010916	-0.004306	-0.353889	-0.716044	0.601701	0.881441	-0.470471	-0.041459	0.312769	0.515692	0.797645
01072	6.162000	-0.260718	8.152961	0.018582	-0.004529	-0.004853	-0.353929	-0.715979	0.601755	0.881459	-0.470450	-0.041309	0.312672	0.515802	0.797612
01073	6.132878	-0.488031	8.129649	0.004443	-0.003145	-0.005426	-0.353981	-0.715915	0.601800	0.881432	-0.470505	-0.041263	0.312691	0.515840	0.797580
01074	6.207323	-0.755399	7.962114	0.021942	0.007357	-0.015375	-0.354151	-0.715862	0.601764	0.881424	-0.470542	-0.041023	0.312522	0.515880	0.797620
01075	6.105096	-0.888289	8.085178	0.052162	0.014764	-0.036072	-0.354528	-0.715746	0.601679	0.881436	-0.470571	-0.040411	0.312057	0.516014	0.797715
01076	6.110614	-0.402725	8.204776	0.083969	0.018570	-0.046859	-0.355011	-0.715602	0.601565	0.881509	-0.470512	-0.039488	0.311301	0.516267	0.797847
01077	6.227285	-0.291115	8.204845	0.070653	0.021241	-0.047236	-0.355507	-0.715468	0.601432	0.881539	-0.470525	-0.038662	0.310650	0.516441	0.797988
01078	6.233226	-0.216109	8.160360	0.076735	0.024072	-0.043938	-0.355981	-0.715367	0.601272	0.881598	-0.470483	-0.037813	0.309939	0.516620	0.798149
01079	6.125449	-0.201103	8.257627	0.067240	0.033330	-0.035908	-0.356414	-0.715348	0.601038	0.881657	-0.470432	-0.037082	0.309274	0.516692	0.798360
01080	6.099052	-0.131796	8.241301	0.057843	0.028189	-0.029841	-0.356776	-0.715334	0.600839	0.881706	-0.470387	-0.036469	0.308714	0.516753	0.798537
01081	6.038981	-0.337070	8.318609	0.042724	0.023034	-0.024530	-0.357077	-0.715316	0.600682	0.881729	-0.470381	-0.036002	0.308303	0.516783	0.798677
01082	6.043437	-0.147126	8.287920	0.048634	0.007690	-0.022273	-0.357309	-0.715232	0.600645	0.881777	-0.470329	-0.035508	0.307897	0.516947	0.798727
01083	6.043177	-0.189421	8.259982	0.029327	-0.003493	-0.019597	-0.357485	-0.715100	0.600697	0.881775	-0.470357	-0.035178	0.307698	0.517104	0.798702
01084	6.097478	-0.219380	8.208095	0.022622	-0.020079	-0.011505	-0.357536	-0.714923	0.600877	0.881781	-0.470362	-0.034955	0.307620	0.517344	0.798577
01085	6.227429	-0.273382	8.109295	0.020387	-0.016801	-0.004643	-0.357539	-0.714792	0.601031	0.881805	-0.470329	-0.034786	0.307548	0.517555	0.798468
01086	6.153533	-0.294933	8.126748	0.020300	-0.015848	-0.008086	-0.357574	-0.714653	0.601176	0.881816	-0.470322	-0.034603	0.307475	0.517754	0.798367
01087	6.265356	-0.502405	8.051168	0.025149	-0.006606	-0.012174	-0.357675	-0.714539	0.601251	0.881828	-0.470318	-0.034351	0.307324	0.517913	0.798322
01088	6.257603	-0.565027	8.097885	0.036635	0.013051	-0.014827	-0.357857	-0.714518	0.601167	0.881865	-0.470274	-0.033996	0.307005	0.517983	0.798400
01089	6.298928	-0.481294	8.115767	0.054311	0.021152	-0.016129	-0.358078	-0.714530	0.601022	0.881952	-0.470148	-0.033488	0.306497	0.518081	0.798531
01090	6.298472	-0.688827	8.047702	0.041683	0.039998	-0.016177	-0.358355	-0.714642	0.600723	0.881999	-0.470088	-0.033085	0.306036	0.517982	0.798772
01091	6.235770	-0.928795	8.078576	0.060688	0.057438	-0.020848	-0.358729	-0.714819	0.600289	0.882088	-0.469962	-0.032497	0.305342	0.517851	0.799123
01092	6.163561	-0.597361	8.222741	0.088222	0.065713	-0.038802	-0.359283	-0.714958	0.599792	0.882196	-0.469823	-0.031587	0.304379	0.517786	0.799532
01093	5.881619	-0.169632	8.377104	0.071050	0.055593	-0.038101	-0.359802	-0.715045	0.599377	0.882253	-0.469767	-0.030812	0.303600	0.517716	0.799873
01094	6.101441	-0.112558	8.255103	0.062520	0.035361	-0.047260	-0.360338	-0.714987	0.599125	0.882250	-0.469821	-0.030056	0.302971	0.517747	0.800091
01095	6.133390	-0.326403	8.181296	0.046248	0.045675	-0.048860	-0.360921	-0.714972	0.598792	0.882192	-0.469971	-0.029416	0.302446	0.517632	0.800365
01096	5.884844	-0.237720	8.387123	0.050607	0.026796	-0.043457	-0.361397	-0.714887	0.598606	0.882166	-0.470059	-0.028778	0.301953	0.517669	0.800527
01097	5.997189	0.014921	8.357430	0.036465	-0.011057	-0.035743	-0.361693	-0.714640	0.598722	0.882125	-0.470166	-0.028295	0.301719	0.517913	0.800457
01098	6.035768	0.065835	8.212076	0.006963	-0.025246	-0.018972	-0.361796	-0.714401	0.598945	0.882055	-0.470305	-0.028153	0.301799	0.518117	0.800295
01099	5.866657	0.103792	8.297178	0.008404	-0.056527	-0.008817	-0.361717	-0.714044	0.599418	0.882026	-0.470364	-0.028055	0.301977	0.518554	0.799945
01100	5.920770	-0.114144	8.275386	-0.023624	-0.077119	-0.004304	-0.361534	-0.713605	0.600051	0.881917	-0.470557	-0.028245	0.302514	0.518984	0.799463
01101	5.231555	-0.257148	8.507635	-0.002643	-0.119424	-0.011815	-0.361291	-0.712907	0.601026	0.881845	-0.470695	-0.028217	0.303016	0.519817	0.798731
01102	5.364729	-0.306257	8.689772	-0.017669	-0.223133	-0.041149	-0.360989	-0.711533	0.602834	0.881620	-0.471120	-0.028137	0.304027	0.521313	0.797371
01103	6.121737	-0.093323	8.360374	-0.020367	-0.284522	-0.034002	-0.360435	-0.709865	0.605127	0.881414	-0.471507	-0.028116	0.305280	0.523233	0.795632
01104	5.970981	0.166171	8.479895	-0.061072	-0.305152	-0.016269	-0.359657	-0.708170	0.607571	0.881146	-0.471982	-0.028529	0.306966	0.525098	0.793753
01105	5.423258	0.178934	8.964577	-0.103677	-0.375373	0.004155	-0.358477	-0.706192	0.610563	0.880820	-0.472538	-0.029398	0.309275	0.527257	0.791422
01106	5.169625	0.456189	9.333586	-0.155977	-0.492828	0.000004	-0.356957	-0.703569	0.614469	0.880313	-0.473402	-0.030655	0.312459	0.529983	0.788345
01107	5.606323	0.574765	9.387303	-0.257891	-0.632588	0.012040	-0.354874	-0.700241	0.619457	0.879522	-0.474729	-0.032779	0.317027	0.533194	0.784346
01108	5.315049	0.836294	9.383815	-0.339755	-0.742852	0.026715	-0.352275	-0.696376	0.625270	0.878507	-0.476398	-0.035626	0.322687	0.536754	0.779595
