// General information: 
//  MT Manager version: 2022.2.0 
//  XDA version: 2022.2.0 build 7381 rev 124627 built on 2023-07-19
// Device information: 
//  DeviceId: 00B4CAF0
//  ProductCode: MTW2-3A7G6
//  Firmware Version: 4.6.0
//  Hardware Version: 2.0.0
// Device settings: 
//  Filter Profile: human(46.1)
//  Option Flags: Orientation Smoother Disabled, Position/Velocity Smoother Disabled, Continuous Zero Rotation Update Disabled, AHS Disabled, ICC Disabled
// Coordinate system: ENU
PacketCounter	Acc_X	Acc_Y	Acc_Z	Gyr_X	Gyr_Y	Gyr_Z	Mat[1][1]	Mat[2][1]	Mat[3][1]	Mat[1][2]	Mat[2][2]	Mat[3][2]	Mat[1][3]	Mat[2][3]	Mat[3][3]
60320	7.003888	-2.010376	7.618411	0.137535	-1.194858	-0.539296	0.673019	0.339302	0.657206	-0.335793	0.931884	-0.137240	-0.659005	-0.128320	0.741111
60321	7.366995	-1.848170	7.378240	0.161979	-1.117883	-0.573495	0.667526	0.332455	0.666245	-0.332973	0.933615	-0.132259	-0.665987	-0.133556	0.733911
60322	7.700131	-1.728155	7.307281	0.159350	-1.032289	-0.574234	0.662519	0.325653	0.674551	-0.330170	0.935304	-0.127255	-0.672351	-0.138408	0.727177
60323	7.994322	-1.890202	7.329090	0.099096	-0.887739	-0.561216	0.658364	0.319120	0.681704	-0.327084	0.936990	-0.122740	-0.677918	-0.142167	0.721259
60324	7.757418	-1.985036	6.881058	0.104658	-0.737481	-0.579768	0.655231	0.312589	0.687722	-0.323937	0.938688	-0.118027	-0.682450	-0.145443	0.716316
60325	7.461547	-1.508555	6.866321	0.228007	-0.621181	-0.600498	0.652913	0.305997	0.692871	-0.321520	0.940225	-0.112260	-0.685806	-0.149476	0.712269
60326	7.489174	-1.169025	7.137369	0.179830	-0.544048	-0.594884	0.651074	0.299544	0.697407	-0.318826	0.941771	-0.106856	-0.688806	-0.152780	0.708664
60327	7.391191	-1.183142	7.003721	0.117194	-0.476015	-0.571732	0.649596	0.293388	0.701391	-0.315867	0.943301	-0.102035	-0.691558	-0.155265	0.705436
60328	7.374910	-1.267033	7.123312	0.113556	-0.436166	-0.566505	0.648350	0.287323	0.705044	-0.312925	0.944785	-0.097261	-0.694060	-0.157567	0.702462
60329	7.365768	-1.331725	7.171513	0.133886	-0.411706	-0.557366	0.647218	0.281365	0.708479	-0.310196	0.946173	-0.092389	-0.696339	-0.159972	0.699658
60330	7.168672	-1.276421	7.229296	0.181649	-0.356674	-0.539532	0.646393	0.275648	0.711473	-0.307921	0.947398	-0.087298	-0.698112	-0.162648	0.697270
60331	6.961378	-1.424552	7.280229	0.218520	-0.318078	-0.497903	0.645692	0.270372	0.714130	-0.306182	0.948415	-0.082233	-0.699524	-0.165556	0.695167
60332	6.567841	-1.613679	7.345454	0.310059	-0.240588	-0.412815	0.645266	0.266018	0.716147	-0.305634	0.949019	-0.077136	-0.700157	-0.169106	0.693674
60333	5.758186	-2.059952	7.630256	0.372402	-0.118529	-0.227079	0.645124	0.263626	0.717159	-0.306727	0.948999	-0.072932	-0.699810	-0.172922	0.693083
60334	4.804323	-3.087695	7.834805	0.363461	0.007253	0.165240	0.644660	0.265171	0.717006	-0.310280	0.947945	-0.071606	-0.698670	-0.176311	0.693380
60335	4.230502	-4.374293	8.056882	0.449941	0.005054	0.722991	0.642417	0.271989	0.716465	-0.318024	0.945216	-0.073673	-0.697252	-0.180525	0.693722
60336	3.676830	-5.367911	8.188798	0.606278	0.050074	1.276785	0.638624	0.284085	0.715161	-0.330368	0.940573	-0.078614	-0.694994	-0.186061	0.694525
60337	3.068958	-5.443078	8.255858	0.908377	0.099202	1.633013	0.633774	0.299546	0.713164	-0.347005	0.934097	-0.083967	-0.691316	-0.194256	0.695951
60338	3.290238	-4.078510	9.002199	1.162649	0.219788	1.837879	0.628731	0.317045	0.710057	-0.366555	0.926134	-0.088952	-0.685810	-0.204348	0.698503
60339	3.279159	-3.058214	9.555743	1.160741	0.414617	1.974016	0.624119	0.336072	0.705359	-0.386794	0.917280	-0.094798	-0.678871	-0.213664	0.702483
60340	3.156264	-2.323119	9.804344	1.116518	0.614209	2.006446	0.620306	0.355687	0.699076	-0.406755	0.907934	-0.101029	-0.670649	-0.221684	0.707874
60341	3.181244	-1.744255	9.943715	0.998700	0.805385	1.978864	0.617432	0.375336	0.691303	-0.425608	0.898477	-0.107690	-0.661540	-0.227733	0.714495
60342	3.385948	-1.408778	10.007961	0.843799	0.995823	1.923039	0.615628	0.394778	0.682021	-0.442948	0.889161	-0.114849	-0.651766	-0.231396	0.722258
60343	4.088360	-1.157293	10.281066	0.720856	1.188319	1.820412	0.615101	0.413608	0.671252	-0.458765	0.880151	-0.121937	-0.641237	-0.232944	0.731131
60344	3.787820	-0.955234	10.110607	0.547020	1.440590	1.662812	0.616526	0.431489	0.658569	-0.472426	0.871881	-0.128982	-0.629848	-0.231604	0.741384
60345	3.173756	-0.967898	9.722031	0.400095	1.643192	1.446956	0.619859	0.447794	0.644404	-0.483822	0.864624	-0.135430	-0.617812	-0.227829	0.752597
60346	3.108582	-0.726792	9.777511	0.289929	1.795403	1.214679	0.624919	0.462267	0.629115	-0.493101	0.858472	-0.140984	-0.605250	-0.222114	0.764420
60347	3.436529	-0.521698	10.071666	0.086668	1.970800	1.022152	0.631647	0.475277	0.612481	-0.499998	0.853516	-0.146673	-0.592473	-0.213594	0.776759
60348	8.237103	-2.104722	12.187826	-0.249755	1.966381	0.882568	0.638772	0.486849	0.595775	-0.504085	0.849817	-0.153979	-0.581264	-0.201964	0.788253
60349	16.465395	-4.644893	14.166349	0.075461	2.094590	0.504838	0.648251	0.495230	0.578375	-0.507723	0.847213	-0.156357	-0.567439	-0.192296	0.800646
60350	2.570006	0.608510	2.971721	1.216487	3.397398	-0.303090	0.668608	0.499052	0.551280	-0.512405	0.846449	-0.144798	-0.538892	-0.185665	0.821659
60351	6.443129	3.700839	9.838959	1.538662	3.122793	-1.295127	0.691620	0.493793	0.527096	-0.511621	0.850064	-0.125041	-0.509809	-0.183192	0.840556
60352	6.339955	5.434633	6.864418	-0.076077	1.634757	-1.629348	0.708120	0.482768	0.515268	-0.499783	0.858183	-0.117214	-0.498781	-0.174520	0.848976
60353	10.498300	3.391650	-4.349035	-1.240333	-3.812886	-1.509032	0.695889	0.462918	0.549040	-0.482753	0.867552	-0.119596	-0.531684	-0.181825	0.827195
60354	39.457613	7.623474	-10.466941	-0.890353	-5.499539	0.594037	0.662640	0.457554	0.592919	-0.481820	0.866539	-0.130229	-0.573374	-0.199385	0.794662
60355	32.028846	3.171955	-2.872878	-0.211470	1.730120	0.889090	0.668167	0.468574	0.577920	-0.486490	0.862856	-0.137138	-0.562921	-0.189521	0.804489
60356	3.253478	-0.632432	4.060656	-0.461194	4.745399	0.526540	0.691609	0.481447	0.538411	-0.487501	0.861189	-0.143863	-0.532936	-0.162979	0.830311
60357	-5.353617	-4.563130	19.601888	0.064505	2.915881	0.869275	0.702586	0.493437	0.512731	-0.493854	0.856873	-0.147908	-0.512328	-0.149296	0.845713
60358	1.153733	-1.313779	5.505747	0.463357	-1.791563	0.715727	0.689758	0.496734	0.526772	-0.501192	0.852630	-0.147747	-0.522533	-0.162104	0.837067
60359	10.290118	-2.123845	9.383342	-0.295991	-0.520472	0.397219	0.685035	0.499243	0.530550	-0.502325	0.851154	-0.152337	-0.527633	-0.162152	0.833853
60360	4.913800	-2.641220	6.872957	-0.647810	0.688379	-0.021146	0.688772	0.500117	0.524859	-0.498723	0.852304	-0.157653	-0.526184	-0.153172	0.836462
60361	3.917472	-3.004556	9.210686	0.291051	-0.000161	0.005413	0.688747	0.500131	0.524877	-0.500246	0.851849	-0.155263	-0.524768	-0.155631	0.836897
60362	6.389728	-1.399357	8.500372	0.382662	-0.368992	-0.081762	0.687222	0.498820	0.528114	-0.501648	0.851675	-0.151650	-0.525428	-0.160710	0.835523
60363	6.184729	-0.953642	8.642748	-0.020506	0.002282	-0.062076	0.687549	0.498263	0.528214	-0.501070	0.852040	-0.151511	-0.525552	-0.160501	0.835485
60364	5.612245	-1.879805	8.392893	-0.066410	-0.020849	0.002697	0.687429	0.498221	0.528410	-0.500696	0.852156	-0.152097	-0.526066	-0.160016	0.835254
60365	5.193485	-1.918766	8.546324	0.016981	-0.042911	-0.007175	0.687242	0.498060	0.528804	-0.500692	0.852187	-0.151934	-0.526313	-0.160352	0.835034
60366	4.814101	-2.268562	8.293837	-0.025347	-0.059247	-0.026023	0.687064	0.497712	0.529364	-0.500336	0.852380	-0.152026	-0.526884	-0.160408	0.834663
60367	5.407547	-1.981089	8.400647	0.130421	-0.153881	-0.050565	0.686509	0.497001	0.530750	-0.500633	0.852444	-0.150687	-0.527326	-0.162263	0.834025
60368	5.881291	-1.317905	8.519506	0.117749	-0.112522	-0.049872	0.686169	0.496361	0.531788	-0.500867	0.852523	-0.149458	-0.527546	-0.163802	0.833585
60369	5.428361	-1.431804	8.548862	0.059640	-0.089307	-0.036891	0.685885	0.495868	0.532612	-0.500885	0.852630	-0.148781	-0.527897	-0.164731	0.833180
60370	5.569674	-1.607627	8.425786	0.074380	-0.120265	-0.023719	0.685372	0.495435	0.533675	-0.501071	0.852648	-0.148053	-0.528387	-0.165937	0.832629
60371	5.840528	-1.467434	8.458521	0.118023	-0.112188	-0.027928	0.684923	0.494979	0.534675	-0.501459	0.852612	-0.146938	-0.528601	-0.167477	0.832185
60372	6.005619	-1.215665	8.642560	0.103667	-0.089184	-0.015494	0.684532	0.494665	0.535465	-0.501857	0.852538	-0.146010	-0.528730	-0.168778	0.831840
60373	6.053480	-1.143469	8.530780	0.058954	-0.036617	0.005652	0.684313	0.494619	0.535786	-0.502164	0.852433	-0.145566	-0.528722	-0.169439	0.831711
60374	5.801089	-1.481637	8.566492	0.009626	-0.033836	0.019165	0.684041	0.494693	0.536065	-0.502302	0.852345	-0.145606	-0.528943	-0.169666	0.831524
60375	5.725456	-1.320421	8.477895	0.037897	-0.007769	0.018855	0.683909	0.494809	0.536127	-0.502587	0.852210	-0.145409	-0.528843	-0.170005	0.831519
60376	5.590778	-1.402450	8.480151	-0.001651	-0.010986	0.028378	0.683711	0.495001	0.536203	-0.502729	0.852096	-0.145592	-0.528964	-0.170022	0.831438
60377	5.602051	-1.515242	8.477311	0.006012	-0.020264	0.028701	0.683463	0.495179	0.536355	-0.502913	0.851966	-0.145712	-0.529110	-0.170151	0.831319
60378	5.601633	-1.382655	8.483935	0.009606	-0.017646	0.027411	0.683234	0.495351	0.536487	-0.503107	0.851837	-0.145797	-0.529220	-0.170297	0.831219
60379	5.594364	-1.406321	8.477145	-0.004523	-0.026997	0.035842	0.682914	0.495578	0.536684	-0.503285	0.851690	-0.146043	-0.529465	-0.170370	0.831048
60380	5.606525	-1.520406	8.473427	-0.012907	-0.029907	0.034041	0.682587	0.495786	0.536909	-0.503405	0.851567	-0.146350	-0.529772	-0.170386	0.830849
60381	5.631433	-1.531802	8.469805	-0.008654	-0.032221	0.033700	0.682250	0.495986	0.537152	-0.503545	0.851437	-0.146620	-0.530073	-0.170449	0.830644
60382	5.617455	-1.712653	8.449068	-0.020747	-0.030022	0.034143	0.681922	0.496194	0.537377	-0.503624	0.851326	-0.146992	-0.530420	-0.170399	0.830433
60383	5.660742	-1.661867	8.385708	0.005206	-0.024183	0.023543	0.681678	0.496321	0.537568	-0.503769	0.851223	-0.147092	-0.530596	-0.170541	0.830292
60384	5.633270	-1.613158	8.446621	0.000308	-0.016752	0.021398	0.681485	0.496443	0.537702	-0.503872	0.851140	-0.147222	-0.530747	-0.170604	0.830182
60385	5.611974	-1.599336	8.423807	0.009707	-0.016170	0.015079	0.681326	0.496512	0.537839	-0.503983	0.851071	-0.147239	-0.530845	-0.170744	0.830090
60386	5.584654	-1.543663	8.461428	0.011511	-0.014770	0.013661	0.681182	0.496571	0.537967	-0.504093	0.851007	-0.147234	-0.530926	-0.170892	0.830008
60387	5.640805	-1.532791	8.438879	0.011323	-0.024168	0.014078	0.680985	0.496618	0.538172	-0.504205	0.850941	-0.147232	-0.531071	-0.171086	0.829876
60388	5.628227	-1.502012	8.445251	0.009987	-0.014680	0.015259	0.680833	0.496691	0.538297	-0.504318	0.850871	-0.147248	-0.531159	-0.171221	0.829791
60389	5.652668	-1.499171	8.395443	0.005747	-0.012177	0.014064	0.680701	0.496758	0.538403	-0.504401	0.850814	-0.147293	-0.531250	-0.171308	0.829715
60390	5.589815	-1.532429	8.411025	0.003263	-0.009018	0.017615	0.680567	0.496860	0.538478	-0.504494	0.850744	-0.147378	-0.531333	-0.171358	0.829651
60391	5.521241	-1.524454	8.486765	0.007899	-0.017570	0.016502	0.680394	0.496939	0.538624	-0.504604	0.850672	-0.147418	-0.531450	-0.171490	0.829549
60392	5.541791	-1.614286	8.489066	0.000829	-0.030144	0.015072	0.680160	0.496984	0.538878	-0.504667	0.850619	-0.147509	-0.531689	-0.171624	0.829368
60393	5.649934	-1.668305	8.425635	0.009895	-0.031803	0.014734	0.679920	0.497023	0.539145	-0.504776	0.850551	-0.147523	-0.531893	-0.171844	0.829192
60394	5.633373	-1.578521	8.420702	0.018883	-0.025368	0.012257	0.679726	0.497051	0.539363	-0.504916	0.850481	-0.147449	-0.532008	-0.172108	0.829063
60395	5.670991	-1.483867	8.417866	0.010752	-0.027149	0.013729	0.679515	0.497090	0.539593	-0.505023	0.850418	-0.147451	-0.532176	-0.172312	0.828913
60396	5.686936	-1.508804	8.385727	0.006424	-0.016735	0.011937	0.679369	0.497130	0.539740	-0.505094	0.850371	-0.147479	-0.532296	-0.172427	0.828813
60397	5.673359	-1.495794	8.463177	0.002543	-0.020834	0.013062	0.679195	0.497174	0.539919	-0.505153	0.850324	-0.147545	-0.532462	-0.172530	0.828685
60398	5.680241	-1.543705	8.425506	-0.004740	-0.018146	0.015067	0.679025	0.497239	0.540073	-0.505185	0.850281	-0.147682	-0.532647	-0.172557	0.828560
60399	5.649964	-1.558277	8.420683	-0.003219	-0.018237	0.013469	0.678863	0.497290	0.540229	-0.505216	0.850243	-0.147798	-0.532825	-0.172598	0.828437
60400	5.651504	-1.553433	8.395982	-0.001142	-0.015536	0.013766	0.678713	0.497348	0.540364	-0.505259	0.850199	-0.147899	-0.532974	-0.172643	0.828331
60401	5.683849	-1.546752	8.422513	-0.002653	-0.015259	0.013824	0.678565	0.497408	0.540495	-0.505295	0.850158	-0.148012	-0.533129	-0.172674	0.828226
60402	5.684989	-1.547724	8.421566	-0.002926	-0.016562	0.012106	0.678418	0.497450	0.540640	-0.505317	0.850127	-0.148119	-0.533294	-0.172708	0.828112
60403	5.654751	-1.556119	8.393298	0.000945	-0.012650	0.012521	0.678291	0.497503	0.540752	-0.505364	0.850086	-0.148195	-0.533413	-0.172757	0.828025
60404	5.695324	-1.533097	8.449274	-0.003314	-0.010514	0.014413	0.678164	0.497575	0.540844	-0.505399	0.850043	-0.148318	-0.533540	-0.172758	0.827943
60405	5.673061	-1.525373	8.450588	-0.002433	-0.005490	0.010319	0.678086	0.497622	0.540899	-0.505413	0.850019	-0.148410	-0.533626	-0.172743	0.827891
60406	5.656220	-1.558789	8.391812	-0.002170	-0.004372	0.013579	0.677997	0.497698	0.540941	-0.505449	0.849979	-0.148518	-0.533706	-0.172723	0.827844
60407	5.624123	-1.584755	8.435257	-0.003671	-0.003909	0.012096	0.677918	0.497762	0.540981	-0.505468	0.849948	-0.148630	-0.533788	-0.172689	0.827798
60408	5.606541	-1.635342	8.447508	0.002758	-0.011069	0.009556	0.677813	0.497792	0.541084	-0.505503	0.849919	-0.148676	-0.533888	-0.172745	0.827722
60409	5.643762	-1.529775	8.397866	0.007289	-0.011903	0.009382	0.677705	0.497820	0.541194	-0.505562	0.849883	-0.148683	-0.533969	-0.172844	0.827649
60410	5.658527	-1.560603	8.389920	0.002483	-0.012372	0.007839	0.677602	0.497833	0.541311	-0.505584	0.849863	-0.148722	-0.534079	-0.172904	0.827565
60411	5.654503	-1.502170	8.378568	0.005120	-0.006880	0.010028	0.677518	0.497875	0.541378	-0.505636	0.849827	-0.148750	-0.534137	-0.172959	0.827516
60412	5.650489	-1.588819	8.407287	0.003335	-0.007905	0.008369	0.677436	0.497900	0.541458	-0.505666	0.849803	-0.148785	-0.534213	-0.173004	0.827458
60413	5.614724	-1.543792	8.392336	0.004826	-0.008554	0.011394	0.677336	0.497950	0.541537	-0.505725	0.849761	-0.148823	-0.534283	-0.173066	0.827399
60414	5.660533	-1.567039	8.411955	0.007572	-0.010415	0.009559	0.677234	0.497981	0.541635	-0.505786	0.849724	-0.148829	-0.534355	-0.173159	0.827334
60415	5.661576	-1.561086	8.387773	0.009083	-0.010693	0.009500	0.677132	0.498012	0.541735	-0.505855	0.849684	-0.148822	-0.534418	-0.173267	0.827270
60416	5.670893	-1.544651	8.416521	0.007572	-0.010415	0.009559	0.677030	0.498043	0.541833	-0.505916	0.849647	-0.148828	-0.534489	-0.173361	0.827204
60417	5.653564	-1.594742	8.428707	0.001245	-0.010789	0.009618	0.676927	0.498074	0.541933	-0.505944	0.849620	-0.148886	-0.534593	-0.173403	0.827128
60418	5.663572	-1.567026	8.409911	0.010289	-0.012832	0.012349	0.676799	0.498125	0.542048	-0.506038	0.849564	-0.148885	-0.534667	-0.173532	0.827054
60419	5.673368	-1.539047	8.391304	0.006925	-0.005484	0.008605	0.676729	0.498157	0.542105	-0.506090	0.849532	-0.148891	-0.534707	-0.173595	0.827015
60420	5.718843	-1.562281	8.411131	0.003904	-0.004926	0.008723	0.676661	0.498190	0.542160	-0.506125	0.849505	-0.148923	-0.534759	-0.173631	0.826973
60421	5.673427	-1.544831	8.414780	0.008074	0.000657	0.007767	0.676628	0.498225	0.542168	-0.506178	0.849476	-0.148914	-0.534751	-0.173674	0.826970
60422	5.655427	-1.588892	8.403952	0.005044	0.001029	0.009427	0.676588	0.498275	0.542172	-0.506224	0.849444	-0.148941	-0.534758	-0.173689	0.826962
60423	5.663528	-1.578279	8.457033	0.008084	0.000842	0.006225	0.676564	0.498298	0.542181	-0.506266	0.849422	-0.148924	-0.534748	-0.173731	0.826959
60424	5.695899	-1.547204	8.389705	0.009594	0.000562	0.006166	0.676539	0.498319	0.542194	-0.506314	0.849398	-0.148895	-0.534735	-0.173787	0.826956
60425	5.677756	-1.590898	8.379047	0.010440	0.004844	0.008236	0.676526	0.498366	0.542166	-0.506382	0.849362	-0.148870	-0.534687	-0.173829	0.826978
60426	5.717399	-1.561139	8.412325	0.002898	0.006425	0.006987	0.676527	0.498404	0.542130	-0.506400	0.849345	-0.148901	-0.534668	-0.173799	0.826997
60427	5.684957	-1.574019	8.409308	0.014640	0.010980	0.002653	0.676576	0.498414	0.542060	-0.506453	0.849330	-0.148810	-0.534557	-0.173846	0.827059
60428	5.684042	-1.567520	8.386550	0.007934	0.016659	0.005015	0.676642	0.498453	0.541942	-0.506484	0.849315	-0.148789	-0.534443	-0.173808	0.827140
60429	5.623101	-1.524649	8.422205	0.007373	0.013866	0.003122	0.676703	0.498472	0.541847	-0.506502	0.849309	-0.148761	-0.534349	-0.173779	0.827207
60430	5.658541	-1.563898	8.413879	0.003772	0.011262	0.004430	0.676743	0.498497	0.541775	-0.506507	0.849304	-0.148771	-0.534294	-0.173733	0.827253
60431	5.634851	-1.554826	8.416405	0.011313	0.009680	0.005681	0.676769	0.498530	0.541711	-0.506562	0.849279	-0.148725	-0.534208	-0.173758	0.827303
60432	5.634019	-1.554490	8.417024	0.003202	0.008285	0.004079	0.676795	0.498547	0.541664	-0.506562	0.849277	-0.148737	-0.534175	-0.173722	0.827332
60433	5.633215	-1.554291	8.417599	0.005018	0.009863	0.001112	0.676845	0.498542	0.541605	-0.506553	0.849286	-0.148718	-0.534120	-0.173693	0.827373
60434	5.600888	-1.567173	8.414477	0.008957	0.005678	0.003672	0.676859	0.498551	0.541580	-0.506581	0.849276	-0.148681	-0.534076	-0.173718	0.827397
60435	5.663760	-1.539948	8.422184	0.009886	0.002236	0.004805	0.676850	0.498564	0.541579	-0.506623	0.849258	-0.148642	-0.534048	-0.173769	0.827404
60436	5.672007	-1.523094	8.451706	0.008672	0.004189	0.003496	0.676857	0.498568	0.541567	-0.506648	0.849249	-0.148606	-0.534015	-0.173799	0.827419
60437	5.672294	-1.511192	8.404575	0.005366	0.003259	0.003437	0.676860	0.498572	0.541560	-0.506657	0.849246	-0.148597	-0.534003	-0.173806	0.827425
60438	5.649300	-1.502256	8.406594	0.005070	0.001586	0.004804	0.676846	0.498583	0.541567	-0.506672	0.849236	-0.148598	-0.534006	-0.173818	0.827420
60439	5.654199	-1.554935	8.393890	0.004224	-0.002696	0.002736	0.676821	0.498570	0.541610	-0.506669	0.849239	-0.148594	-0.534040	-0.173845	0.827393
60440	5.654238	-1.554830	8.393882	0.003274	0.000377	0.004686	0.676802	0.498578	0.541627	-0.506674	0.849233	-0.148610	-0.534061	-0.173849	0.827379
60441	5.667762	-1.591313	8.410324	0.004214	-0.002881	0.004278	0.676768	0.498577	0.541669	-0.506682	0.849228	-0.148614	-0.534096	-0.173877	0.827350
60442	5.653767	-1.565949	8.441280	0.009029	-0.002231	0.004280	0.676736	0.498577	0.541709	-0.506714	0.849214	-0.148580	-0.534105	-0.173942	0.827330
60443	5.668157	-1.584669	8.386722	0.006908	0.003531	-0.001248	0.676765	0.498541	0.541707	-0.506699	0.849231	-0.148532	-0.534084	-0.173961	0.827340
60444	5.667649	-1.589618	8.410721	0.011142	0.001019	-0.000054	0.676773	0.498510	0.541725	-0.506714	0.849236	-0.148457	-0.534060	-0.174028	0.827342
60445	5.667632	-1.588641	8.410917	0.010867	-0.000286	-0.001771	0.676783	0.498463	0.541755	-0.506716	0.849249	-0.148374	-0.534044	-0.174099	0.827337
60446	5.590569	-1.583240	8.411070	0.015693	0.000547	-0.003311	0.676805	0.498403	0.541783	-0.506733	0.849262	-0.148243	-0.534001	-0.174207	0.827342
60447	5.622058	-1.574246	8.438601	0.011827	-0.003176	-0.005262	0.676818	0.498322	0.541842	-0.506717	0.849291	-0.148133	-0.534000	-0.174301	0.827323
60448	5.645644	-1.575663	8.413015	0.017307	-0.007089	-0.007383	0.676820	0.498214	0.541939	-0.506714	0.849321	-0.147967	-0.534000	-0.174461	0.827289
60449	5.655597	-1.545975	8.394602	0.018806	-0.007553	-0.005898	0.676812	0.498119	0.542035	-0.506731	0.849341	-0.147796	-0.533993	-0.174636	0.827257
60450	5.678917	-1.558890	8.416205	0.008614	-0.011647	-0.007792	0.676792	0.498000	0.542171	-0.506680	0.849388	-0.147700	-0.534068	-0.174745	0.827185
60451	5.657274	-1.548726	8.417537	0.014940	-0.011277	-0.007848	0.676774	0.497882	0.542301	-0.506663	0.849424	-0.147550	-0.534106	-0.174906	0.827127
60452	5.658563	-1.541451	8.393435	0.010705	-0.008766	-0.009043	0.676775	0.497757	0.542414	-0.506614	0.849474	-0.147430	-0.534151	-0.175018	0.827074
60453	5.641556	-1.584645	8.382204	0.003124	-0.007918	-0.004128	0.676757	0.497677	0.542510	-0.506559	0.849512	-0.147398	-0.534226	-0.175061	0.827017
60454	5.636763	-1.542176	8.442023	0.012500	-0.007556	-0.008927	0.676764	0.497555	0.542613	-0.506521	0.849559	-0.147263	-0.534254	-0.175182	0.826973
60455	5.642360	-1.599916	8.452597	-0.002537	-0.012853	-0.006192	0.676730	0.497448	0.542754	-0.506422	0.849617	-0.147267	-0.534391	-0.175203	0.826880
60456	5.620164	-1.601945	8.501237	0.007123	-0.011002	-0.010817	0.676728	0.497304	0.542888	-0.506342	0.849682	-0.147167	-0.534469	-0.175295	0.826810
60457	5.626515	-1.654087	8.487776	-0.003658	-0.018444	-0.009970	0.676683	0.497156	0.543080	-0.506211	0.849761	-0.147159	-0.534650	-0.175333	0.826685
60458	5.591009	-1.630929	8.566896	0.003370	-0.021903	-0.018318	0.676661	0.496929	0.543316	-0.506060	0.849870	-0.147049	-0.534821	-0.175448	0.826550
60459	5.554046	-1.648557	8.485037	-0.019046	-0.031887	-0.030092	0.676645	0.496586	0.543649	-0.505711	0.850076	-0.147059	-0.535170	-0.175422	0.826329
60460	5.511338	-1.653490	8.581205	-0.014015	-0.045768	-0.039656	0.676603	0.496135	0.544112	-0.505323	0.850322	-0.146977	-0.535591	-0.175508	0.826038
60461	5.375293	-1.564420	8.672466	-0.015990	-0.079941	-0.051531	0.676438	0.495525	0.544873	-0.504845	0.850628	-0.146844	-0.536250	-0.175746	0.825560
60462	4.710436	-1.045370	9.211157	0.019475	-0.147404	-0.066468	0.675984	0.494667	0.546214	-0.504455	0.850947	-0.146338	-0.537188	-0.176618	0.824764
60463	5.425279	-0.970783	8.970387	-0.082600	-0.367716	-0.037724	0.674196	0.493663	0.549323	-0.503712	0.851303	-0.146828	-0.540124	-0.177710	0.822609
60464	5.169645	-1.388578	8.897642	-0.128491	-0.429374	-0.025256	0.671999	0.492650	0.552914	-0.502800	0.851680	-0.147761	-0.543700	-0.178710	0.820032
60465	5.412770	-1.552623	8.833339	-0.159906	-0.519625	-0.032014	0.669326	0.491414	0.557239	-0.501669	0.852147	-0.148907	-0.548025	-0.179882	0.816891
60466	5.336760	-1.758386	8.804375	-0.179613	-0.586892	-0.053365	0.666364	0.489867	0.562129	-0.500279	0.852757	-0.150089	-0.552883	-0.181207	0.813317
60467	5.325077	-1.751160	8.798608	-0.201272	-0.660671	-0.095657	0.663174	0.487817	0.567658	-0.498481	0.853614	-0.151196	-0.558317	-0.182697	0.809261
60468	5.266707	-1.737292	8.740756	-0.238270	-0.763707	-0.143953	0.659603	0.485152	0.574065	-0.496145	0.854775	-0.152313	-0.564591	-0.184354	0.804519
60469	5.456568	-1.810421	8.749866	-0.257799	-0.870792	-0.199350	0.655644	0.481801	0.581376	-0.493325	0.856240	-0.153242	-0.571630	-0.186335	0.799074
60470	5.788066	-1.901763	8.613883	-0.256313	-0.958021	-0.245138	0.651339	0.477871	0.589404	-0.490203	0.857921	-0.153862	-0.579188	-0.188711	0.793050
60471	5.969268	-2.074114	8.529890	-0.230643	-0.990662	-0.288421	0.646974	0.473478	0.597698	-0.486941	0.859754	-0.153985	-0.586782	-0.191420	0.786794
60472	5.965458	-2.167775	8.572129	-0.210115	-1.035568	-0.351786	0.642565	0.468419	0.606378	-0.483385	0.861840	-0.153527	-0.594516	-0.194463	0.780215
60473	6.279589	-2.226364	8.522646	-0.200406	-1.058969	-0.421322	0.638257	0.462674	0.615273	-0.479443	0.864217	-0.152523	-0.602298	-0.197640	0.773418
60474	6.509958	-2.561959	8.551413	-0.272034	-1.035556	-0.495702	0.634344	0.456290	0.624025	-0.474592	0.867060	-0.151559	-0.610222	-0.200017	0.766566
60475	6.777120	-3.169320	8.422380	-0.315010	-1.006474	-0.570898	0.630856	0.449276	0.632591	-0.469001	0.870300	-0.150387	-0.618109	-0.201814	0.759745
60476	6.778828	-3.041063	7.929794	-0.224341	-0.932414	-0.698730	0.628317	0.441257	0.640711	-0.463158	0.873890	-0.147648	-0.625062	-0.203981	0.753452
60477	6.402889	-3.172552	8.410765	-0.326133	-0.743774	-0.753966	0.627110	0.433101	0.647423	-0.456331	0.877875	-0.145250	-0.631264	-0.204351	0.748162
60478	5.149577	-3.644175	8.290320	-0.277929	-0.575556	-0.742506	0.626826	0.425358	0.652809	-0.449865	0.881654	-0.142509	-0.636169	-0.204347	0.743997
60479	4.532805	-3.636465	8.957990	-0.151199	-0.462461	-0.669950	0.626871	0.418461	0.657208	-0.444654	0.884811	-0.139253	-0.639777	-0.204937	0.740733
60480	3.604014	-4.205851	9.319685	-0.228698	-0.322481	-0.448014	0.626785	0.413797	0.660236	-0.440327	0.887167	-0.138006	-0.642847	-0.204220	0.738270
60481	3.119318	-5.258678	9.568929	-0.243568	-0.272027	-0.069377	0.625336	0.412594	0.662360	-0.438278	0.887972	-0.139352	-0.645653	-0.203156	0.736111
60482	2.933412	-6.080973	9.764840	-0.119348	-0.204525	0.387654	0.622313	0.415584	0.663338	-0.439870	0.886633	-0.142813	-0.647488	-0.202908	0.734566
60483	2.335330	-6.501586	9.522927	0.016270	-0.145084	0.875893	0.617494	0.423005	0.663150	-0.445359	0.882949	-0.148512	-0.648349	-0.203634	0.733605
60484	4.726154	-6.375086	10.419479	0.309097	-0.124626	1.241875	0.611101	0.433643	0.662201	-0.454934	0.877022	-0.154492	-0.647759	-0.206847	0.733228
60485	5.477352	-5.283285	11.618504	0.495259	0.350310	1.521264	0.606346	0.447623	0.657251	-0.467346	0.869310	-0.160898	-0.643376	-0.209604	0.736297
60486	4.188126	-4.636696	10.962962	0.632894	0.698698	1.620894	0.603136	0.463082	0.649447	-0.481138	0.860624	-0.166830	-0.636186	-0.211853	0.741880
60487	3.254625	-3.184266	10.364970	0.915451	0.930778	1.562725	0.601374	0.478414	0.639898	-0.496283	0.851336	-0.170088	-0.626141	-0.215284	0.749400
60488	2.912844	-1.723345	10.130743	1.071878	1.069732	1.412364	0.600904	0.492664	0.629442	-0.511363	0.842181	-0.170995	-0.614347	-0.219122	0.758000
60489	3.350368	-0.649733	10.256913	1.009402	1.160787	1.255652	0.601460	0.505712	0.618467	-0.525008	0.833712	-0.171144	-0.602173	-0.221764	0.766947
60490	3.939120	-0.268333	10.357079	0.696268	1.288478	1.181228	0.602891	0.518335	0.606507	-0.536217	0.826155	-0.173030	-0.590756	-0.220901	0.776022
60491	4.065274	-1.025502	10.036724	0.397382	1.415487	1.115590	0.605149	0.530580	0.593532	-0.545239	0.819460	-0.176634	-0.580094	-0.216727	0.785188
60492	4.223331	-1.517134	9.720933	0.396849	1.490104	0.962322	0.608440	0.541598	0.580062	-0.553303	0.813483	-0.179169	-0.568908	-0.211936	0.794623
60493	4.385390	-1.619207	9.508841	0.322486	1.552404	0.804232	0.612712	0.551334	0.566229	-0.559988	0.808440	-0.181215	-0.557672	-0.206048	0.804081
60494	4.507846	-1.684641	9.215180	0.249147	1.568317	0.668473	0.617628	0.559871	0.552341	-0.565421	0.804253	-0.182963	-0.546658	-0.199302	0.813292
60495	4.750639	-1.822223	8.963462	0.126146	1.545043	0.568034	0.622776	0.567419	0.538689	-0.569585	0.800831	-0.185046	-0.536397	-0.191587	0.821932
60496	5.025137	-1.994106	8.764020	-0.015794	1.508136	0.520259	0.627844	0.574369	0.525274	-0.572701	0.797923	-0.187970	-0.527092	-0.182809	0.829912
60497	5.211204	-2.264501	8.546489	-0.150536	1.452434	0.514659	0.632491	0.581024	0.512216	-0.575115	0.795243	-0.191912	-0.518842	-0.173201	0.837141
60498	5.495224	-2.484351	8.349088	-0.247364	1.370770	0.520454	0.636575	0.587430	0.499698	-0.577090	0.792651	-0.196651	-0.511604	-0.163188	0.843582
60499	6.132379	-2.642731	8.272714	-0.313733	1.318164	0.539995	0.640161	0.593757	0.487490	-0.578901	0.789983	-0.201991	-0.505042	-0.152902	0.849443
60500	6.238105	-2.716768	7.958254	-0.356719	1.298229	0.569629	0.643394	0.600134	0.475272	-0.580713	0.787141	-0.207801	-0.498814	-0.142299	0.854948
60501	6.116566	-2.561496	7.574554	-0.368486	1.251806	0.597736	0.646131	0.606517	0.463305	-0.582699	0.784064	-0.213786	-0.492926	-0.131834	0.860025
60502	6.037794	-2.249339	7.101503	-0.374171	1.191986	0.619188	0.648380	0.612840	0.451698	-0.584820	0.780795	-0.219875	-0.487431	-0.121600	0.864653
60503	5.751992	-1.842443	6.542772	-0.393622	1.119609	0.617521	0.650199	0.618929	0.440645	-0.586880	0.777475	-0.226062	-0.482507	-0.111621	0.868751
60504	5.669817	-1.455181	6.199273	-0.438552	1.011783	0.585590	0.651639	0.624521	0.430511	-0.588532	0.774333	-0.232461	-0.478536	-0.101889	0.872136
60505	5.990736	-1.176511	5.985056	-0.502359	0.895633	0.534872	0.652769	0.629498	0.421456	-0.589583	0.771491	-0.239149	-0.475694	-0.092374	0.874747
60506	6.045750	-1.003848	5.675312	-0.616382	0.821409	0.494996	0.653769	0.633997	0.413078	-0.589839	0.768933	-0.246643	-0.474000	-0.082401	0.876661
60507	5.827454	-1.087650	5.297470	-0.734315	0.764865	0.431263	0.654857	0.637872	0.405316	-0.589142	0.766780	-0.254873	-0.473364	-0.071883	0.877929
60508	5.737433	-0.908963	4.924147	-0.726574	0.649728	0.327565	0.656024	0.640786	0.398781	-0.587799	0.765201	-0.262602	-0.473419	-0.062130	0.878643
60509	5.735414	-0.429612	4.769447	-0.687894	0.516904	0.164229	0.657516	0.642315	0.393832	-0.585578	0.764569	-0.269321	-0.474100	-0.053536	0.878842
60510	1.959162	-3.021561	3.669092	-1.478193	0.064234	0.366896	0.655700	0.645118	0.392275	-0.580868	0.762939	-0.283756	-0.482338	-0.041801	0.874987
60511	1.760239	-4.602901	-4.484075	-0.422290	-3.569482	-0.025651	0.638180	0.643052	0.423333	-0.578570	0.763345	-0.287336	-0.507921	-0.061556	0.859202
60512	10.822969	-2.241558	-4.870461	2.972022	-3.784165	-2.307652	0.632201	0.622046	0.461931	-0.579056	0.775450	-0.251737	-0.514797	-0.108336	0.850440
60513	15.052792	2.459453	-2.101400	4.389338	-2.329234	-4.146310	0.644266	0.586365	0.491018	-0.574918	0.794713	-0.194681	-0.504372	-0.156869	0.849118
60514	19.734313	3.888688	15.254357	3.374849	0.121852	-3.903430	0.667151	0.555186	0.496668	-0.565953	0.811289	-0.146658	-0.484363	-0.183248	0.855461
60515	27.928473	9.420843	28.669744	2.183227	-0.151269	-2.796668	0.682144	0.532018	0.501634	-0.557495	0.822314	-0.114014	-0.473158	-0.201885	0.857534
60516	2.343936	5.651122	4.963213	0.781973	-0.351175	-0.759139	0.684717	0.525009	0.505498	-0.555955	0.824742	-0.103511	-0.471249	-0.210158	0.856596
60517	5.335462	0.086016	11.854261	-2.045422	-0.366942	0.558387	0.679881	0.528843	0.508023	-0.549943	0.825970	-0.123838	-0.485103	-0.195189	0.852395
60518	9.491761	-2.841293	9.440330	-1.444392	-1.110219	1.332315	0.667073	0.537653	0.515696	-0.551755	0.821667	-0.142934	-0.500579	-0.189190	0.844765
60519	4.825317	-0.932883	5.378714	0.855532	-0.401569	0.980350	0.659611	0.544865	0.517721	-0.562490	0.814728	-0.140794	-0.498516	-0.198344	0.843885
60520	4.975998	-1.339186	10.684411	0.362164	0.227000	0.254521	0.659306	0.547356	0.515477	-0.565925	0.812643	-0.139069	-0.495019	-0.200033	0.845543
60521	4.183561	-1.920032	8.488501	-0.185852	-0.517554	-0.131966	0.657484	0.545213	0.520055	-0.564091	0.813762	-0.139972	-0.499516	-0.201329	0.842586
60522	6.408748	-1.603679	7.945951	0.217845	-0.485425	-0.105947	0.655656	0.543330	0.524316	-0.564443	0.813922	-0.137604	-0.501517	-0.205725	0.840332
60523	6.112500	-1.218858	8.900312	0.235048	-0.275391	-0.094565	0.654814	0.541958	0.526782	-0.564961	0.813974	-0.135151	-0.502033	-0.209113	0.839187
60524	5.743107	-1.515160	8.639054	0.080693	-0.271301	-0.067065	0.653832	0.540810	0.529177	-0.564886	0.814193	-0.134138	-0.503396	-0.211220	0.837842
60525	5.833326	-1.702665	8.515411	0.111407	-0.274261	-0.056382	0.652775	0.539737	0.531573	-0.565037	0.814287	-0.132924	-0.504597	-0.213589	0.836517
60526	6.141613	-1.245670	8.642135	0.161928	-0.236012	-0.062302	0.651938	0.538689	0.533658	-0.565406	0.814302	-0.131257	-0.505265	-0.216162	0.835453
60527	5.777053	-1.254671	8.666137	0.077738	-0.176298	-0.037340	0.651264	0.537971	0.535203	-0.565514	0.814361	-0.130425	-0.506013	-0.217724	0.834594
60528	5.816028	-1.483427	8.564056	0.084572	-0.195578	-0.031299	0.650453	0.537256	0.536904	-0.565696	0.814371	-0.129570	-0.506851	-0.219446	0.833634
60529	5.912131	-0.998116	8.592944	0.135462	-0.170109	-0.035539	0.649798	0.536560	0.538392	-0.566110	0.814289	-0.128266	-0.507230	-0.221442	0.832875
60530	6.623845	-0.846777	8.896757	0.094959	-0.176619	-0.023219	0.649036	0.535945	0.539921	-0.566399	0.814229	-0.127369	-0.507882	-0.223144	0.832023
60531	5.780296	-0.845052	8.524571	0.032388	-0.047308	0.029882	0.648632	0.536051	0.540301	-0.566716	0.814023	-0.127277	-0.508045	-0.223642	0.831790
60532	5.799627	-1.243677	8.573429	-0.010105	-0.106929	0.045238	0.647835	0.536147	0.541162	-0.566916	0.813830	-0.127623	-0.508839	-0.224115	0.831177
60533	5.792992	-1.380707	8.444599	0.002629	-0.077144	0.049397	0.647167	0.536344	0.541765	-0.567208	0.813585	-0.127885	-0.509362	-0.224530	0.830745
60534	5.683733	-1.521353	8.438067	-0.010970	-0.082015	0.049102	0.646474	0.536527	0.542412	-0.567427	0.813373	-0.128260	-0.509998	-0.224863	0.830264
60535	5.639674	-1.625469	8.365290	-0.005559	-0.064094	0.045976	0.645891	0.536725	0.542910	-0.567654	0.813165	-0.128572	-0.510483	-0.225142	0.829890
60536	5.619810	-1.571891	8.420494	0.022865	-0.076965	0.033539	0.645310	0.536791	0.543535	-0.567945	0.812960	-0.128582	-0.510894	-0.225723	0.829480
60537	5.700744	-1.522220	8.401881	0.014238	-0.073142	0.029286	0.644776	0.536832	0.544128	-0.568166	0.812797	-0.128639	-0.511324	-0.226212	0.829082
60538	5.671472	-1.485043	8.429081	0.015544	-0.067063	0.028258	0.644275	0.536877	0.544677	-0.568385	0.812637	-0.128682	-0.511711	-0.226680	0.828715
60539	5.709395	-1.469473	8.404014	0.009228	-0.067264	0.028320	0.643775	0.536923	0.545223	-0.568573	0.812491	-0.128776	-0.512131	-0.227096	0.828341
60540	5.736253	-1.484287	8.423101	0.018324	-0.061582	0.030296	0.643290	0.536995	0.545723	-0.568819	0.812314	-0.128807	-0.512467	-0.227558	0.828007
60541	5.795110	-1.487355	8.444940	0.004891	-0.058137	0.024505	0.642858	0.537030	0.546197	-0.568961	0.812197	-0.128916	-0.512852	-0.227890	0.827677
60542	5.680156	-1.509758	8.411860	0.000005	-0.044646	0.025781	0.642485	0.537105	0.546563	-0.569084	0.812086	-0.129075	-0.513183	-0.228112	0.827411
60543	5.606643	-1.506967	8.433768	0.005351	-0.048767	0.023778	0.642105	0.537155	0.546960	-0.569222	0.811973	-0.129176	-0.513504	-0.228397	0.827132
60544	5.686105	-1.457878	8.415751	0.007264	-0.061204	0.017938	0.641691	0.537127	0.547473	-0.569332	0.811887	-0.129232	-0.513900	-0.228767	0.826785
60545	5.731417	-1.371455	8.428429	-0.005874	-0.056681	0.016955	0.641309	0.537104	0.547944	-0.569369	0.811836	-0.129389	-0.514336	-0.229004	0.826448
60546	5.760131	-1.437595	8.413802	-0.022193	-0.060084	0.024716	0.640862	0.537133	0.548438	-0.569371	0.811781	-0.129726	-0.514891	-0.229128	0.826067
60547	5.776405	-1.472021	8.404905	-0.010227	-0.047828	0.016243	0.640529	0.537124	0.548836	-0.569381	0.811744	-0.129916	-0.515295	-0.229282	0.825773
60548	5.735840	-1.449844	8.381157	-0.015594	-0.044118	0.022927	0.640173	0.537175	0.549200	-0.569404	0.811684	-0.130188	-0.515710	-0.229374	0.825488
60549	5.714724	-1.392771	8.413767	-0.011287	-0.038686	0.021786	0.639855	0.537232	0.549516	-0.569444	0.811619	-0.130416	-0.516061	-0.229471	0.825242
60550	5.695720	-1.390187	8.436543	-0.031051	-0.050534	0.027289	0.639441	0.537304	0.549927	-0.569415	0.811571	-0.130840	-0.516605	-0.229472	0.824901
60551	5.734681	-1.423477	8.353747	-0.030880	-0.057074	0.029841	0.638982	0.537383	0.550383	-0.569405	0.811508	-0.131275	-0.517185	-0.229508	0.824528
60552	5.728494	-1.453518	8.370212	-0.023900	-0.053636	0.026912	0.638554	0.537445	0.550819	-0.569410	0.811446	-0.131638	-0.517708	-0.229584	0.824178
60553	5.742895	-1.430785	8.346853	-0.020253	-0.051314	0.027069	0.638139	0.537515	0.551231	-0.569436	0.811373	-0.131970	-0.518189	-0.229676	0.823850
60554	5.712426	-1.395957	8.375039	-0.013594	-0.049225	0.022451	0.637759	0.537551	0.551636	-0.569466	0.811311	-0.132223	-0.518625	-0.229812	0.823538
60555	5.718105	-1.452617	8.362194	-0.025390	-0.053034	0.023869	0.637353	0.537591	0.552066	-0.569445	0.811268	-0.132580	-0.519147	-0.229871	0.823193
60556	5.689905	-1.472143	8.380312	-0.023724	-0.059900	0.026365	0.636894	0.537634	0.552554	-0.569446	0.811208	-0.132938	-0.519708	-0.229982	0.822807
60557	5.662434	-1.482130	8.350269	-0.011716	-0.061383	0.013489	0.636504	0.537570	0.553065	-0.569430	0.811189	-0.133125	-0.520204	-0.230197	0.822434
60558	5.678099	-1.466556	8.374183	-0.015013	-0.076369	0.013768	0.636031	0.537472	0.553704	-0.569396	0.811177	-0.133342	-0.520820	-0.230468	0.821968
60559	5.696326	-1.505541	8.387652	-0.031955	-0.082032	0.013559	0.635531	0.537362	0.554385	-0.569274	0.811204	-0.133695	-0.521562	-0.230630	0.821452
60560	5.619446	-1.634793	8.384048	-0.045921	-0.089041	0.021028	0.634949	0.537293	0.555118	-0.569125	0.811225	-0.134206	-0.522433	-0.230717	0.820873
60561	5.736785	-1.613171	8.258886	-0.013474	-0.104440	0.008077	0.634363	0.537086	0.555988	-0.569064	0.811239	-0.134377	-0.523212	-0.231149	0.820256
60562	5.710697	-1.603417	8.428537	-0.025939	-0.095803	-0.005019	0.633892	0.536790	0.556810	-0.568853	0.811354	-0.134580	-0.524011	-0.231434	0.819665
60563	5.656619	-1.687793	8.431699	-0.050170	-0.120393	-0.003620	0.633286	0.536450	0.557826	-0.568525	0.811516	-0.134986	-0.525098	-0.231653	0.818907
60564	5.786834	-1.648685	8.332141	-0.043843	-0.133095	-0.017426	0.632688	0.535966	0.558968	-0.568141	0.811739	-0.135265	-0.526234	-0.231992	0.818082
60565	5.685801	-1.545168	8.343413	-0.014627	-0.126151	-0.044052	0.632279	0.535284	0.560084	-0.567743	0.812035	-0.135153	-0.527153	-0.232529	0.817337
60566	5.766559	-1.286661	8.407055	0.009626	-0.141893	-0.067933	0.631918	0.534368	0.561364	-0.567321	0.812404	-0.134711	-0.528040	-0.233347	0.816531
60567	5.689306	-1.166735	8.593624	-0.033226	-0.165023	-0.072181	0.631460	0.533364	0.562833	-0.566647	0.812893	-0.134592	-0.529310	-0.233938	0.815539
60568	5.678981	-1.337441	8.526282	-0.112378	-0.218939	-0.064193	0.630665	0.532296	0.564733	-0.565602	0.813526	-0.135163	-0.531372	-0.234172	0.814130
60569	5.772910	-1.584098	8.441284	-0.124802	-0.253621	-0.066949	0.629698	0.531125	0.566910	-0.564474	0.814201	-0.135814	-0.533713	-0.234484	0.812507
60570	5.533048	-1.570574	8.406413	-0.077091	-0.261652	-0.093909	0.628830	0.529711	0.569191	-0.563427	0.814908	-0.135923	-0.535839	-0.235225	0.810892
60571	5.445882	-1.310215	8.761617	-0.045543	-0.352049	-0.107564	0.627550	0.527972	0.572213	-0.562464	0.815611	-0.135693	-0.538345	-0.236695	0.808802
60572	5.032903	-1.036676	9.170283	-0.038069	-0.495706	-0.115889	0.625526	0.525813	0.576401	-0.561489	0.816340	-0.135351	-0.541708	-0.238977	0.805880
60573	5.271858	-1.421532	8.939129	-0.215075	-0.669141	-0.095771	0.622424	0.523394	0.581934	-0.559678	0.817385	-0.136540	-0.547127	-0.240710	0.801692
60574	5.025837	-1.481817	8.922782	-0.184104	-0.829959	-0.128021	0.618575	0.520303	0.588770	-0.557826	0.818526	-0.137277	-0.553349	-0.243515	0.796558
60575	4.930918	-1.242103	9.327171	-0.234297	-1.017624	-0.154601	0.613770	0.516509	0.597080	-0.555526	0.819929	-0.138233	-0.560961	-0.246850	0.790182
60576	4.687414	-1.420065	9.553824	-0.398026	-1.272218	-0.176605	0.607549	0.511864	0.607354	-0.552150	0.821853	-0.140313	-0.570977	-0.250104	0.781942
60577	4.616673	-1.591217	9.741643	-0.512668	-1.552840	-0.223658	0.599821	0.506079	0.619757	-0.547798	0.824310	-0.142935	-0.583208	-0.253767	0.771668
60578	4.508352	-1.667796	9.994688	-0.592326	-1.872639	-0.291838	0.590357	0.498840	0.634537	-0.542519	0.827321	-0.145651	-0.597622	-0.258262	0.759045
60579	4.649005	-1.569166	10.053769	-0.590030	-2.204875	-0.391747	0.579118	0.489798	0.651705	-0.536611	0.830825	-0.147576	-0.613735	-0.264248	0.743977
60580	4.985139	-1.405691	9.610214	-0.522360	-2.514958	-0.520388	0.566243	0.478686	0.670991	-0.530333	0.834774	-0.147985	-0.630964	-0.272053	0.726548
60581	5.440720	-1.266150	8.914104	-0.425595	-2.759878	-0.668762	0.552110	0.465415	0.691783	-0.523826	0.839135	-0.146486	-0.648676	-0.281497	0.707092
60582	5.832963	-1.588062	8.726203	-0.370850	-2.970082	-0.788735	0.536679	0.450227	0.713633	-0.517046	0.843837	-0.143534	-0.666813	-0.291950	0.685657
60583	6.109850	-2.347281	8.740333	-0.342551	-3.282485	-0.908839	0.519141	0.432725	0.737049	-0.509886	0.848896	-0.139252	-0.685936	-0.303519	0.661338
60584	6.597205	-2.904021	8.100036	-0.237569	-3.665213	-0.985351	0.498625	0.412928	0.762144	-0.503171	0.853828	-0.133408	-0.705828	-0.316968	0.633513
60585	7.001163	-3.001019	7.463791	-0.101499	-3.999666	-1.100674	0.475493	0.390484	0.788307	-0.497038	0.858605	-0.125502	-0.725851	-0.332143	0.602346
