// General information: 
//  MT Manager version: 2022.2.0 
//  XDA version: 2022.2.0 build 7381 rev 124627 built on 2023-07-19
// Device information: 
//  DeviceId: 00B4CBA7
//  ProductCode: MTW2-3A7G6
//  Firmware Version: 4.6.0
//  Hardware Version: 2.0.0
// Device settings: 
//  Filter Profile: human(46.1)
//  Option Flags: Orientation Smoother Disabled, Position/Velocity Smoother Disabled, Continuous Zero Rotation Update Disabled, AHS Disabled, ICC Disabled
// Coordinate system: ENU
PacketCounter	Acc_X	Acc_Y	Acc_Z	Gyr_X	Gyr_Y	Gyr_Z	Mat[1][1]	Mat[2][1]	Mat[3][1]	Mat[1][2]	Mat[2][2]	Mat[3][2]	Mat[1][3]	Mat[2][3]	Mat[3][3]
07732	9.903375	0.763331	-0.894342	-0.123709	-0.248978	-0.179677	-0.167729	0.141661	0.975602	0.945324	0.303883	0.118398	-0.279697	0.942118	-0.184885
07733	10.177878	0.622711	-0.544129	-0.127972	-0.260703	-0.185466	-0.170240	0.143539	0.974892	0.945362	0.302945	0.120479	-0.278045	0.942136	-0.187270
07734	10.426502	0.449676	0.030268	-0.108009	-0.279978	-0.171677	-0.172676	0.145641	0.974152	0.945363	0.302172	0.122397	-0.276535	0.942062	-0.189861
07735	10.798118	0.517865	0.374230	-0.116411	-0.264919	-0.146745	-0.174825	0.147679	0.973461	0.945424	0.301293	0.124082	-0.274973	0.942026	-0.192293
07736	10.605015	0.549924	0.747149	-0.188134	-0.270653	-0.142862	-0.176953	0.149782	0.972755	0.945684	0.299729	0.125877	-0.272709	0.942193	-0.194684
07737	10.338783	0.618770	0.731792	-0.162606	-0.351026	-0.124860	-0.179119	0.152701	0.971905	0.945898	0.298389	0.127444	-0.270545	0.942150	-0.197887
07738	10.061000	0.838149	0.249505	-0.096006	-0.433016	-0.101823	-0.181285	0.156458	0.970905	0.945969	0.297638	0.128665	-0.268847	0.941771	-0.201961
07739	9.929622	1.331379	-0.242315	-0.023328	-0.517748	-0.067412	-0.183343	0.161117	0.969756	0.945903	0.297528	0.129401	-0.267681	0.941020	-0.206950
07740	9.740625	1.763827	-0.836170	-0.045442	-0.556308	-0.020414	-0.185055	0.166269	0.968560	0.945982	0.297130	0.129734	-0.266218	0.940249	-0.212273
07741	9.479755	2.073884	-1.123001	-0.140259	-0.613645	0.034853	-0.186383	0.172126	0.967282	0.946413	0.295756	0.129732	-0.263749	0.939628	-0.218026
07742	9.176442	2.041286	-1.522237	-0.241762	-0.692953	0.110266	-0.187189	0.178941	0.965889	0.947248	0.293287	0.129242	-0.260156	0.939129	-0.224401
07743	9.261220	1.680730	-1.666034	-0.391662	-0.774649	0.218312	-0.187146	0.186836	0.964401	0.948660	0.289214	0.128061	-0.254992	0.938854	-0.231369
07744	9.379648	1.359118	-1.882954	-0.519898	-0.811937	0.320914	-0.186177	0.195359	0.962898	0.950564	0.283716	0.126230	-0.248529	0.938797	-0.238522
07745	9.279286	1.264457	-2.069283	-0.602052	-0.830070	0.397868	-0.184455	0.204254	0.961383	0.952770	0.277273	0.123894	-0.241260	0.938829	-0.245751
07746	9.173423	1.429927	-2.461852	-0.676764	-0.832175	0.427335	-0.182388	0.213217	0.959830	0.955155	0.270023	0.121516	-0.233267	0.938949	-0.252904
07747	9.092850	1.438631	-2.912079	-0.793591	-0.810544	0.434213	-0.180121	0.221970	0.958272	0.957752	0.261630	0.119420	-0.224206	0.939297	-0.259717
07748	9.157486	1.381572	-3.457086	-0.922779	-0.750601	0.443058	-0.177550	0.230142	0.956823	0.960562	0.251955	0.117642	-0.214002	0.939975	-0.265800
07749	9.524859	0.849996	-3.655706	-1.028345	-0.588801	0.462958	-0.174357	0.236809	0.955783	0.963515	0.241207	0.116005	-0.203071	0.941138	-0.270225
07750	9.539330	-0.437434	-3.358998	-1.004672	-0.322156	0.470464	-0.170490	0.240936	0.955449	0.966311	0.230618	0.114273	-0.192811	0.942744	-0.272137
07751	8.745236	-2.310783	-3.461623	-0.653963	-0.085201	0.460793	-0.166226	0.242773	0.955735	0.968321	0.223340	0.111683	-0.186340	0.944024	-0.272207
07752	8.694585	-3.742155	-3.680466	-0.122410	0.099213	0.464934	-0.161572	0.242853	0.956513	0.969307	0.221054	0.107609	-0.185308	0.944541	-0.271115
07753	9.106062	-4.282011	-3.422031	0.554272	0.336410	0.475620	-0.156362	0.240725	0.957916	0.969014	0.225144	0.101595	-0.191213	0.944120	-0.268470
07754	9.052293	-4.177822	-2.474131	1.298647	0.589473	0.471006	-0.150668	0.236234	0.959944	0.967163	0.236273	0.093656	-0.204684	0.942533	-0.264076
07755	8.518417	-3.434243	-1.256228	1.939124	0.765174	0.419088	-0.145012	0.230047	0.962315	0.963616	0.253550	0.084596	-0.224534	0.939569	-0.258445
07756	8.762671	-1.707627	-2.202316	2.457203	0.986472	0.355596	-0.139287	0.221723	0.965110	0.958293	0.275785	0.074945	-0.249546	0.935298	-0.250889
07757	8.783608	-0.512479	-2.275131	2.506801	1.234837	0.268384	-0.133515	0.210957	0.968334	0.952078	0.298600	0.066222	-0.275174	0.930771	-0.240715
07758	8.855974	0.658006	-2.160807	2.345077	1.473636	0.198812	-0.127424	0.197868	0.971911	0.945598	0.319975	0.058832	-0.299346	0.926534	-0.227876
07759	9.105495	1.409295	-1.923697	2.020469	1.673408	0.145477	-0.120898	0.182854	0.975678	0.939513	0.338388	0.052998	-0.320467	0.923070	-0.212704
07760	9.352566	1.719695	-1.720211	1.577211	1.845833	0.116959	-0.113759	0.166220	0.979505	0.934460	0.352727	0.048671	-0.337408	0.920845	-0.195451
07761	9.599589	1.935615	-1.555590	1.079331	1.965443	0.129321	-0.105831	0.148574	0.983222	0.930891	0.362462	0.045427	-0.349631	0.920080	-0.176666
07762	9.730280	1.874541	-1.360586	0.600920	2.032040	0.150563	-0.097278	0.130398	0.986678	0.928918	0.367782	0.042978	-0.357278	0.920724	-0.156907
07763	9.911954	1.819247	-1.145199	0.200712	2.067285	0.173417	-0.088272	0.111968	0.989783	0.928356	0.369424	0.041004	-0.361058	0.922491	-0.136556
07764	9.905470	1.920156	-0.804580	-0.099757	2.069521	0.201299	-0.078952	0.093571	0.992477	0.928884	0.368293	0.039171	-0.361857	0.924989	-0.115994
07765	10.040481	2.096030	-0.433586	-0.370731	2.040306	0.249721	-0.069297	0.075565	0.994730	0.930406	0.364647	0.037116	-0.359921	0.928075	-0.095575
07766	9.986559	2.402161	-0.022872	-0.565214	1.987205	0.321069	-0.059224	0.058227	0.996545	0.932635	0.359173	0.034440	-0.355926	0.931453	-0.075577
07767	9.979677	2.788694	0.379922	-0.783081	1.887384	0.395309	-0.048903	0.042000	0.997920	0.935611	0.351665	0.031049	-0.349629	0.935183	-0.056493
07768	9.958922	2.933349	0.843872	-1.070999	1.762540	0.465777	-0.038487	0.027070	0.998892	0.939511	0.341458	0.026946	-0.340351	0.939507	-0.038574
07769	9.969344	2.743037	1.178859	-1.364864	1.629207	0.525809	-0.028121	0.013468	0.999514	0.944247	0.328493	0.022139	-0.328035	0.944410	-0.021955
07770	9.823226	2.183023	1.508173	-1.623890	1.487524	0.556559	-0.018116	0.001142	0.999835	0.949583	0.313064	0.016847	-0.312993	0.949731	-0.006756
07771	9.726729	1.538906	1.653890	-1.735416	1.331974	0.554599	-0.008805	-0.009867	0.999913	0.954948	0.296557	0.011336	-0.296643	0.954964	0.006812
07772	9.383969	1.283485	1.749530	-1.762468	1.140291	0.548340	-0.000302	-0.019228	0.999815	0.960056	0.279752	0.005671	-0.279809	0.959880	0.018375
07773	9.282452	1.222759	2.090535	-1.790081	0.926117	0.533970	0.007317	-0.026705	0.999617	0.964892	0.262646	-0.000046	-0.262544	0.964523	0.027689
07774	9.343909	0.189553	2.457982	-1.955823	0.747733	0.518780	0.014192	-0.032644	0.999366	0.969789	0.243877	-0.005806	-0.243533	0.969257	0.035119
07775	8.248768	0.073253	1.771666	-1.579299	0.477946	0.463467	0.019790	-0.036202	0.999149	0.973436	0.228697	-0.010994	-0.228104	0.972824	0.039767
07776	7.997342	0.042018	1.099598	-1.499829	0.195091	0.398413	0.024069	-0.037244	0.999016	0.976663	0.214216	-0.015545	-0.213426	0.976076	0.041531
07777	8.063461	-0.087143	0.776658	-1.282985	-0.049296	0.343528	0.027294	-0.036059	0.998977	0.979234	0.201798	-0.019471	-0.200889	0.978763	0.040818
07778	8.229834	-0.593109	0.552246	-1.056613	-0.243463	0.301757	0.029740	-0.033103	0.999009	0.981219	0.191536	-0.022863	-0.190590	0.980927	0.038177
07779	8.372891	-0.886527	-0.038828	-0.649628	-0.393010	0.270049	0.031621	-0.028747	0.999086	0.982356	0.185239	-0.025762	-0.184330	0.982273	0.034097
07780	8.333743	-0.884218	-0.747619	-0.230568	-0.517531	0.250358	0.033097	-0.023223	0.999182	0.982701	0.183027	-0.028297	-0.182221	0.982834	0.028879
07781	8.391308	-0.497041	-1.583304	0.189476	-0.628634	0.229525	0.034167	-0.016633	0.999278	0.982278	0.184932	-0.030507	-0.184291	0.982611	0.022657
07782	8.373789	-0.189658	-2.018971	0.357296	-0.701588	0.190403	0.034695	-0.009407	0.999354	0.981550	0.188456	-0.032303	-0.188030	0.982037	0.015772
07783	8.208495	0.004453	-2.528447	0.534896	-0.729246	0.156996	0.034811	-0.001960	0.999392	0.980477	0.193712	-0.033772	-0.193528	0.981056	0.008665
07784	8.014092	0.479347	-3.131134	0.676543	-0.696631	0.113381	0.034514	0.005073	0.999391	0.979108	0.200334	-0.034830	-0.200388	0.979715	0.001948
07785	8.107421	1.179284	-3.945379	0.784762	-0.629638	0.079220	0.033970	0.011386	0.999358	0.977479	0.208007	-0.035596	-0.208278	0.978061	-0.004064
07786	8.567920	1.606673	-4.677157	0.754400	-0.491926	-0.001139	0.032879	0.016172	0.999328	0.975884	0.215371	-0.035593	-0.215802	0.976398	-0.008701
07787	8.446150	1.758161	-4.683167	0.609037	-0.325241	-0.097067	0.031188	0.019122	0.999331	0.974584	0.221328	-0.034651	-0.221842	0.975012	-0.011733
07788	7.974560	1.730468	-4.843394	0.525743	-0.181661	-0.174581	0.029042	0.020483	0.999368	0.973459	0.226478	-0.032931	-0.227009	0.973801	-0.013362
07789	8.284427	1.502630	-3.824287	0.325912	-0.072253	-0.214149	0.026761	0.020686	0.999428	0.972776	0.229692	-0.030801	-0.230198	0.973043	-0.013976
07790	9.104359	-0.534805	-0.595003	-0.291804	-0.066467	-0.208852	0.024537	0.020841	0.999482	0.973500	0.226888	-0.028631	-0.227367	0.973698	-0.014721
07791	10.731146	-3.291111	1.762549	-0.006713	-0.389127	-0.083748	0.022805	0.024427	0.999441	0.973536	0.226840	-0.027758	-0.227391	0.973626	-0.018608
07792	15.472044	-2.398157	0.859198	0.415979	-0.690443	0.024850	0.021424	0.031187	0.999284	0.972579	0.230874	-0.028057	-0.231583	0.972484	-0.025385
07793	20.105340	-1.214596	1.770646	0.733901	-0.704041	-0.011598	0.019623	0.037987	0.999086	0.970857	0.238006	-0.028118	-0.238857	0.970521	-0.032209
07794	17.159896	-0.045294	0.905024	1.250628	-0.627751	-0.202433	0.016086	0.043558	0.998921	0.967832	0.250199	-0.026495	-0.251084	0.967214	-0.038132
07795	11.541059	2.571970	-1.442512	1.518631	-0.714870	-0.254388	0.011749	0.049789	0.998691	0.963943	0.264974	-0.024550	-0.265849	0.962969	-0.044880
07796	7.676579	4.783563	-2.369785	1.341495	-0.755035	-0.179316	0.007930	0.056539	0.998369	0.960310	0.277954	-0.023369	-0.278822	0.958929	-0.052091
07797	5.714131	5.233530	-3.400776	1.060729	-0.745077	-0.084468	0.004973	0.063418	0.997975	0.957305	0.288158	-0.023082	-0.289038	0.955481	-0.059277
07798	6.921188	5.238023	-4.205389	0.620937	-0.689635	0.006256	0.002980	0.069999	0.997543	0.955495	0.294072	-0.023490	-0.294994	0.953216	-0.066008
07799	9.071088	4.378205	-4.002047	0.080843	-0.542182	0.108484	0.002383	0.075471	0.997145	0.955254	0.294764	-0.024593	-0.295778	0.952585	-0.071391
07800	10.472891	2.618934	-3.337413	-0.500279	-0.396795	0.134319	0.002461	0.079628	0.996822	0.956722	0.289883	-0.025518	-0.290994	0.953744	-0.075469
07801	11.265004	0.550996	-2.678145	-0.922787	-0.298571	0.126464	0.002785	0.082826	0.996560	0.959364	0.280969	-0.026033	-0.282158	0.956136	-0.078678
07802	11.034018	-1.275701	-2.197545	-1.083258	-0.252689	0.122807	0.003222	0.085568	0.996327	0.962364	0.270485	-0.026342	-0.271746	0.958914	-0.081476
07803	10.343126	-2.363039	-1.678527	-0.984834	-0.231928	0.108231	0.003614	0.088069	0.996108	0.964990	0.260936	-0.026571	-0.262260	0.961330	-0.084043
07804	9.301724	-2.923178	-1.218315	-0.672837	-0.230184	0.067851	0.003630	0.090444	0.995895	0.966734	0.254395	-0.026627	-0.255759	0.962862	-0.086512
07805	8.590508	-3.007495	-0.812857	-0.198121	-0.234357	0.051878	0.003502	0.092819	0.995677	0.967238	0.252440	-0.026935	-0.253849	0.963150	-0.088894
07806	8.552590	-2.258611	-0.550521	0.341156	-0.246844	0.061586	0.003425	0.095338	0.995439	0.966366	0.255661	-0.027810	-0.257146	0.962054	-0.091256
07807	9.026954	-0.906019	-0.191018	0.723621	-0.273422	0.079251	0.003445	0.098157	0.995165	0.964479	0.262539	-0.029234	-0.264139	0.959916	-0.093766
07808	9.531500	0.306220	0.228593	0.864081	-0.308349	0.103987	0.003578	0.101376	0.994842	0.962159	0.270713	-0.031047	-0.272464	0.957307	-0.096571
07809	9.876490	0.762246	0.318324	0.856953	-0.342297	0.125797	0.003809	0.104980	0.994467	0.959785	0.278777	-0.033105	-0.280709	0.954601	-0.099696
07810	9.944054	0.785006	0.176429	0.764911	-0.371965	0.137051	0.004024	0.108897	0.994045	0.957608	0.285917	-0.035198	-0.288047	0.952047	-0.103130
07811	9.817788	0.565503	-0.129006	0.607922	-0.405058	0.136707	0.004122	0.113129	0.993572	0.955834	0.291548	-0.037161	-0.293877	0.949843	-0.106931
07812	9.850723	-0.081693	-0.403690	0.399292	-0.416556	0.127512	0.004067	0.117440	0.993072	0.954651	0.295185	-0.038817	-0.297698	0.948195	-0.110914
07813	9.853810	-0.802811	-1.018175	0.255639	-0.417636	0.103877	0.003778	0.121691	0.992561	0.953884	0.297484	-0.040103	-0.300151	0.946940	-0.114955
07814	9.905841	-1.383632	-1.627478	0.192220	-0.404544	0.077371	0.003257	0.125733	0.992059	0.953306	0.299203	-0.041051	-0.301988	0.945869	-0.118887
07815	9.851109	-1.368632	-1.936293	0.218170	-0.394457	0.052412	0.002530	0.129604	0.991563	0.952644	0.301200	-0.041799	-0.304076	0.944712	-0.122705
07816	9.876547	-1.344084	-1.934412	0.284115	-0.377961	0.029463	0.001616	0.133245	0.991082	0.951779	0.303839	-0.042401	-0.306779	0.943360	-0.126329
07817	9.837260	-1.097971	-2.008440	0.421277	-0.354819	0.014872	0.000630	0.136620	0.990623	0.950479	0.307791	-0.043053	-0.310787	0.941594	-0.129660
07818	9.757811	-0.700378	-1.905409	0.539939	-0.337816	0.011028	-0.000364	0.139814	0.990178	0.948791	0.312851	-0.043827	-0.315906	0.939455	-0.132768
07819	9.705462	-0.179058	-1.679202	0.552016	-0.327983	0.012437	-0.001322	0.142916	0.989734	0.947033	0.318016	-0.044656	-0.321133	0.937252	-0.135767
07820	9.752359	0.001811	-1.557259	0.520161	-0.321954	0.014720	-0.002264	0.145961	0.989288	0.945353	0.322861	-0.045472	-0.326039	0.935124	-0.138715
07821	9.656222	0.232023	-1.309209	0.458164	-0.314720	0.022327	-0.003117	0.148958	0.988839	0.943851	0.327110	-0.046301	-0.330356	0.933172	-0.141614
07822	9.518249	0.356354	-1.014712	0.334410	-0.329117	0.024226	-0.004020	0.152089	0.988359	0.942745	0.330189	-0.046975	-0.333489	0.931582	-0.144709
07823	9.438565	0.217769	-0.752188	0.198163	-0.339156	0.022122	-0.004977	0.155304	0.987854	0.942084	0.332002	-0.047449	-0.335339	0.930406	-0.147962
07824	9.421098	-0.244660	-0.465822	0.097549	-0.360061	0.030493	-0.005939	0.158737	0.987303	0.941762	0.332858	-0.047852	-0.336228	0.929520	-0.151469
07825	9.402694	-0.518590	-0.315054	0.052032	-0.393471	0.018517	-0.007119	0.162438	0.986693	0.941589	0.333315	-0.048080	-0.336690	0.928717	-0.155323
07826	9.436987	-0.731431	-0.280788	0.008390	-0.432733	0.011512	-0.008507	0.166476	0.986009	0.941565	0.333371	-0.048162	-0.336724	0.927981	-0.159584
07827	9.527876	-0.584989	-0.497869	-0.000594	-0.462626	0.006557	-0.010034	0.170774	0.985259	0.941568	0.333358	-0.048191	-0.336674	0.927205	-0.164140
07828	9.644400	-0.258665	-0.842448	-0.035411	-0.487750	0.002751	-0.011688	0.175285	0.984448	0.941691	0.333022	-0.048115	-0.336277	0.926483	-0.168957
07829	9.635841	0.046623	-1.233860	-0.116130	-0.498024	-0.000702	-0.013398	0.179880	0.983597	0.942081	0.331951	-0.047875	-0.335118	0.925987	-0.173909
07830	9.524474	-0.054870	-1.632962	-0.203865	-0.505961	-0.000649	-0.015134	0.184544	0.982708	0.942765	0.330062	-0.047464	-0.333114	0.925744	-0.178976
07831	9.542096	-0.405272	-2.003675	-0.226771	-0.507840	-0.005222	-0.016900	0.189212	0.981791	0.943518	0.327976	-0.046967	-0.330891	0.925543	-0.184067
07832	9.539143	-0.705208	-2.211231	-0.161048	-0.504848	-0.012427	-0.018723	0.193824	0.980858	0.944050	0.326507	-0.046500	-0.329270	0.925108	-0.189093
07833	9.471561	-0.712227	-2.331269	-0.090382	-0.505307	-0.014996	-0.020557	0.198433	0.979899	0.944345	0.325705	-0.046146	-0.328315	0.924414	-0.194084
07834	9.497911	-0.653475	-2.334206	-0.050311	-0.498018	-0.018866	-0.022408	0.202955	0.978932	0.944508	0.325276	-0.045818	-0.327722	0.923583	-0.198981
07835	9.465876	-0.665292	-2.252342	-0.050496	-0.488007	-0.022991	-0.024254	0.207370	0.977962	0.944668	0.324862	-0.045457	-0.327129	0.922747	-0.203775
07836	9.567886	-0.922043	-2.205103	-0.056450	-0.475506	-0.036542	-0.026192	0.211619	0.977001	0.944846	0.324416	-0.044939	-0.326465	0.921939	-0.208445
07837	9.827908	-1.077311	-2.312485	-0.030896	-0.476270	-0.049778	-0.028247	0.215831	0.976022	0.944934	0.324243	-0.044354	-0.326041	0.921023	-0.213105
07838	10.051769	-0.540531	-2.193655	0.001975	-0.467123	-0.060981	-0.030385	0.219916	0.975046	0.944912	0.324393	-0.043719	-0.325912	0.920004	-0.217657
07839	9.670767	-0.243679	-1.940867	-0.070265	-0.474803	-0.063852	-0.032565	0.224060	0.974031	0.945120	0.323893	-0.042908	-0.325096	0.919179	-0.222311
07840	9.422055	-0.383040	-1.683196	-0.128601	-0.495605	-0.085104	-0.035016	0.228321	0.972956	0.945511	0.322903	-0.041747	-0.323703	0.918479	-0.227186
07841	9.315784	-0.757068	-1.334911	-0.161830	-0.523470	-0.096035	-0.037645	0.232802	0.971795	0.945998	0.321644	-0.040407	-0.321979	0.917795	-0.232339
07842	9.421906	-1.087641	-1.055334	-0.140222	-0.560030	-0.113960	-0.040560	0.237556	0.970527	0.946406	0.320626	-0.038927	-0.320423	0.916933	-0.237829
07843	9.694343	-1.182448	-0.926457	-0.125530	-0.599527	-0.134497	-0.043781	0.242604	0.969137	0.946750	0.319804	-0.037287	-0.318980	0.915898	-0.243687
07844	9.818366	-1.150660	-0.893499	-0.144093	-0.636738	-0.157408	-0.047335	0.247912	0.967626	0.947138	0.318871	-0.035363	-0.317315	0.914801	-0.249901
07845	9.965261	-0.933044	-1.189189	-0.127664	-0.668598	-0.181080	-0.051198	0.253432	0.965997	0.947452	0.318164	-0.033256	-0.315773	0.913534	-0.256404
07846	9.819599	-0.414028	-1.506891	-0.177878	-0.696457	-0.190576	-0.055234	0.259166	0.964252	0.947912	0.317029	-0.030912	-0.313707	0.912319	-0.263178
07847	9.710054	-0.358812	-1.857812	-0.266832	-0.726299	-0.216629	-0.059587	0.265089	0.962381	0.948620	0.315170	-0.028079	-0.310757	0.911260	-0.270249
07848	9.751909	-0.138517	-2.175438	-0.262932	-0.746981	-0.257257	-0.064375	0.271064	0.960406	0.949275	0.313466	-0.024843	-0.307788	0.910090	-0.277494
07849	9.480953	-0.290709	-2.367076	-0.284659	-0.769728	-0.284435	-0.069464	0.277161	0.958309	0.949954	0.311663	-0.021280	-0.304568	0.908872	-0.284940
07850	9.708762	-0.980996	-2.520846	-0.172285	-0.790770	-0.300373	-0.074754	0.283387	0.956088	0.950261	0.310942	-0.017865	-0.302350	0.907197	-0.292536
07851	9.836527	-0.942063	-2.493507	-0.062188	-0.795998	-0.326792	-0.080293	0.289569	0.953783	0.950194	0.311322	-0.014527	-0.301140	0.905113	-0.300143
07852	9.900394	-0.935969	-2.444306	0.001864	-0.809087	-0.357625	-0.086161	0.295748	0.951372	0.949890	0.312386	-0.011084	-0.300474	0.902744	-0.307844
07853	9.864099	-0.647772	-2.270521	0.039739	-0.825371	-0.379546	-0.092275	0.301985	0.948836	0.949430	0.313887	-0.007568	-0.300113	0.900155	-0.315678
07854	9.924544	-0.303886	-2.064899	-0.000961	-0.847781	-0.402933	-0.098676	0.308320	0.946151	0.949048	0.315110	-0.003706	-0.299284	0.897577	-0.323704
07855	9.888319	-0.101124	-1.885660	-0.054661	-0.878096	-0.420886	-0.105323	0.314847	0.943281	0.948779	0.315939	0.000483	-0.297867	0.895016	-0.331996
07856	10.165912	0.153226	-1.570446	-0.125793	-0.924343	-0.438859	-0.112265	0.321702	0.940162	0.948674	0.316214	0.005080	-0.295658	0.892478	-0.340690
07857	10.551294	0.530059	-1.197045	-0.240024	-0.971967	-0.457198	-0.119491	0.328906	0.936773	0.948847	0.315571	0.010233	-0.292252	0.890076	-0.349789
07858	11.006911	1.059226	-0.859113	-0.382014	-1.028312	-0.466102	-0.126930	0.336560	0.933068	0.949378	0.313728	0.015986	-0.287349	0.887864	-0.359344
07859	10.960120	1.767290	-0.229046	-0.612708	-1.093102	-0.469658	-0.134524	0.344777	0.928995	0.950499	0.309902	0.022624	-0.280097	0.886053	-0.369399
07860	11.217535	2.220046	0.560108	-0.897124	-1.181106	-0.457064	-0.142155	0.353811	0.924451	0.952333	0.303557	0.030264	-0.269916	0.884687	-0.380097
07861	11.491504	2.375921	1.101200	-1.165918	-1.265673	-0.461723	-0.149924	0.363605	0.919410	0.954725	0.294914	0.039051	-0.256948	0.883638	-0.391358
07862	12.014283	2.148325	1.244412	-1.427587	-1.345621	-0.473465	-0.157836	0.374097	0.913859	0.957551	0.284051	0.049103	-0.241214	0.882817	-0.403051
07863	12.544890	1.891912	1.221682	-1.591600	-1.427284	-0.487929	-0.165865	0.385321	0.907753	0.960456	0.271871	0.060092	-0.223637	0.881824	-0.415178
07864	12.538526	1.556231	1.420319	-1.682255	-1.526200	-0.502532	-0.174002	0.397410	0.900993	0.963203	0.259014	0.071770	-0.204847	0.880328	-0.427856
07865	12.948063	0.983245	1.875894	-1.660644	-1.657937	-0.510953	-0.182201	0.410681	0.893389	0.965532	0.246491	0.083605	-0.185877	0.877829	-0.441437
07866	13.656535	0.762092	2.553445	-1.584816	-1.791397	-0.507494	-0.190300	0.425128	0.884902	0.967382	0.234725	0.095270	-0.167206	0.874169	-0.455929
07867	14.440313	1.201596	3.409142	-1.538024	-1.944767	-0.487523	-0.198123	0.440953	0.875390	0.968857	0.223440	0.106725	-0.148537	0.869273	-0.471489
07868	15.342832	1.544130	4.007916	-1.560799	-2.078471	-0.419239	-0.205103	0.458020	0.864957	0.970176	0.211797	0.117900	-0.129195	0.863342	-0.487800
07869	15.417133	1.252857	3.554031	-1.642263	-2.148323	-0.332076	-0.210916	0.475803	0.853888	0.971433	0.199237	0.128932	-0.108780	0.856689	-0.504233
07870	14.812499	0.388682	1.740847	-1.643268	-2.236325	-0.195581	-0.215045	0.494470	0.842173	0.972629	0.186162	0.139053	-0.088023	0.849025	-0.520969
07871	11.955714	-2.376844	-1.042097	-1.517755	-2.229896	-0.192790	-0.218698	0.512951	0.830092	0.973391	0.174326	0.148728	-0.068416	0.840530	-0.537427
07872	10.881831	-3.993413	-3.829995	-0.988100	-2.354919	-0.106425	-0.221194	0.532409	0.817077	0.973756	0.166620	0.155040	-0.053597	0.829927	-0.555291
07873	11.077161	-4.307972	-5.602989	-0.591003	-2.443689	0.022337	-0.222183	0.552568	0.803308	0.974082	0.161646	0.158226	-0.042421	0.817643	-0.574161
07874	12.002417	-3.110817	-6.653076	-0.253449	-2.360886	0.183555	-0.221326	0.571984	0.789841	0.974582	0.158551	0.158274	-0.034700	0.804796	-0.592537
07875	11.734147	-1.272695	-6.876605	-0.216137	-2.201092	0.269650	-0.219418	0.589976	0.777036	0.975237	0.155277	0.157489	-0.027741	0.792349	-0.609436
07876	11.098839	0.295576	-7.288309	-0.353654	-2.031827	0.256823	-0.217414	0.606321	0.764922	0.975878	0.150954	0.157720	-0.019839	0.780761	-0.624515
07877	9.715712	0.402927	-7.576153	-0.613467	-1.826922	0.170604	-0.216054	0.620735	0.753663	0.976331	0.145168	0.160323	-0.009890	0.770463	-0.637407
07878	8.603124	0.373281	-7.708640	-0.760397	-1.536680	0.066460	-0.215493	0.632575	0.743917	0.976505	0.138922	0.164738	0.000863	0.761938	-0.647649
07879	7.136542	0.447320	-7.625953	-0.838447	-1.197340	0.044177	-0.215020	0.641711	0.736188	0.976540	0.132299	0.169900	0.011630	0.755450	-0.655104
07880	6.050861	0.373855	-7.528147	-0.709169	-0.888751	0.099772	-0.213921	0.648505	0.730534	0.976636	0.126313	0.173858	0.020472	0.750658	-0.660374
07881	4.103215	0.574533	-9.524188	-0.302682	-0.765388	0.113623	-0.212671	0.654367	0.725655	0.976802	0.123328	0.175064	0.025062	0.746053	-0.665415
07882	3.350381	-0.086411	-10.131720	-0.515691	-0.694982	0.105353	-0.211463	0.659639	0.721221	0.976876	0.118798	0.177767	0.031583	0.742134	-0.669507
07883	4.493661	-1.466008	-7.246606	-0.836400	-0.365925	0.140279	-0.209995	0.662507	0.719018	0.976862	0.111690	0.182388	0.040526	0.740682	-0.670632
07884	5.268100	-1.655212	-5.882520	-0.473750	0.043636	0.211491	-0.207966	0.662389	0.719716	0.977097	0.106780	0.184063	0.045071	0.741511	-0.669425
07885	5.598223	-2.923324	-5.609268	-0.107584	0.442865	0.244557	-0.205810	0.659350	0.723118	0.977547	0.104385	0.183044	0.045207	0.744555	-0.666029
07886	5.056221	-3.747207	-5.468065	0.501236	0.765695	0.266909	-0.203539	0.653888	0.728699	0.978300	0.106379	0.177800	0.038743	0.749075	-0.661351
07887	4.199144	-3.054723	-5.566234	1.187706	1.053636	0.302951	-0.200944	0.646292	0.736158	0.979284	0.113360	0.167787	0.024989	0.754624	-0.655682
07888	4.172151	-2.386930	-5.608309	1.574363	1.251146	0.343026	-0.197801	0.637191	0.744891	0.980217	0.123092	0.154995	0.007071	0.760812	-0.648933
07889	4.980418	-1.351413	-6.049124	1.920925	1.568454	0.394801	-0.193903	0.625702	0.755579	0.980909	0.135306	0.139681	-0.014836	0.768238	-0.639992
07890	5.364243	-0.406311	-5.747604	2.025946	1.903056	0.420583	-0.189287	0.611566	0.768217	0.981172	0.148365	0.123648	-0.038358	0.777158	-0.628135
07891	5.634851	0.352370	-5.893376	1.987544	2.185099	0.412737	-0.184176	0.595103	0.782261	0.980940	0.161442	0.108136	-0.061937	0.787267	-0.613494
07892	6.020576	0.583073	-6.276929	1.766707	2.395850	0.385115	-0.178672	0.576723	0.797162	0.980350	0.173199	0.094426	-0.083610	0.798369	-0.596336
07893	6.342073	0.364051	-6.545839	1.471743	2.574456	0.363889	-0.172743	0.556652	0.812587	0.979613	0.182993	0.082892	-0.102556	0.810341	-0.576915
07894	6.522480	0.252659	-6.337040	1.196233	2.753740	0.364171	-0.166143	0.534811	0.828477	0.978903	0.190783	0.073153	-0.118936	0.823152	-0.555225
07895	6.775067	0.411461	-6.224680	0.919152	2.945462	0.389083	-0.158662	0.511105	0.844747	0.978373	0.196393	0.064934	-0.132714	0.836780	-0.531212
07896	6.983388	0.444875	-6.175532	0.623947	3.107844	0.398201	-0.150489	0.485634	0.861111	0.978124	0.199680	0.058326	-0.143621	0.851051	-0.505060
07897	7.365533	0.493492	-6.078314	0.260108	3.241060	0.415722	-0.141682	0.458629	0.877260	0.978343	0.199964	0.053467	-0.150899	0.865837	-0.477028
07898	7.960803	0.301844	-6.093427	-0.032591	3.347252	0.460041	-0.132074	0.430279	0.892982	0.979021	0.197639	0.049568	-0.155160	0.880795	-0.447355
07899	8.280057	0.005969	-6.080176	-0.241390	3.430416	0.509965	-0.121754	0.400794	0.908042	0.980041	0.193387	0.046050	-0.157147	0.895525	-0.416341
07900	8.408766	-0.225788	-5.951394	-0.299958	3.498707	0.555128	-0.110809	0.370243	0.922302	0.981158	0.188542	0.042193	-0.158271	0.909600	-0.384159
07901	8.494721	-0.348519	-5.831127	-0.235744	3.542929	0.590315	-0.099413	0.338873	0.935565	0.982150	0.184299	0.037608	-0.159679	0.922605	-0.351146
07902	8.496249	-0.307489	-5.471069	-0.066911	3.590392	0.606100	-0.087694	0.306613	0.947786	0.982824	0.181723	0.032147	-0.162378	0.934326	-0.317283
07903	8.507081	-0.074873	-5.177217	0.208663	3.626354	0.612591	-0.075725	0.273647	0.958845	0.982978	0.181913	0.025714	-0.167390	0.944471	-0.282764
07904	8.527060	0.495408	-4.663549	0.513078	3.652508	0.637096	-0.063228	0.240132	0.968679	0.982542	0.185145	0.018236	-0.174967	0.952921	-0.247646
07905	8.664162	1.397189	-4.214746	0.703130	3.663855	0.662710	-0.050176	0.206322	0.977197	0.981654	0.190396	0.010206	-0.183949	0.959782	-0.212090
07906	8.782123	2.051124	-3.620555	0.741574	3.650361	0.682632	-0.036620	0.172473	0.984333	0.980554	0.196240	0.002094	-0.192805	0.965268	-0.176305
07907	9.328527	2.420147	-3.008702	0.640893	3.601251	0.689529	-0.022818	0.138989	0.990031	0.979499	0.201370	-0.005695	-0.200154	0.969604	-0.140734
07908	9.648068	2.207061	-2.722988	0.496295	3.562775	0.704983	-0.008707	0.105785	0.994351	0.978604	0.205325	-0.013275	-0.205569	0.972960	-0.105309
07909	9.875406	1.625419	-2.335768	0.376722	3.511060	0.734060	0.005726	0.073086	0.997309	0.977834	0.208339	-0.020882	-0.209305	0.975322	-0.070273
07910	10.039971	0.881576	-2.011289	0.404142	3.404280	0.760651	0.020325	0.041430	0.998935	0.976883	0.211842	-0.028662	-0.212804	0.976425	-0.036166
07911	10.561244	0.512203	-1.484404	0.503168	3.263206	0.746521	0.034591	0.011155	0.999339	0.975599	0.216557	-0.036187	-0.216818	0.976206	-0.003392
07912	10.925798	0.479069	-0.748182	0.612393	3.109124	0.728022	0.048480	-0.017607	0.998669	0.973957	0.222548	-0.043357	-0.221488	0.974763	0.027938
07913	10.999695	0.450922	-0.031660	0.678099	2.908790	0.691935	0.061696	-0.044376	0.997108	0.972060	0.229360	-0.049939	-0.226481	0.972329	0.057287
07914	10.840088	0.455784	0.486296	0.680300	2.677310	0.647564	0.074090	-0.068890	0.994869	0.970067	0.236323	-0.055878	-0.231261	0.969229	0.084337
07915	10.467436	0.409777	0.906323	0.649508	2.396910	0.602313	0.085491	-0.090650	0.992207	0.968073	0.243082	-0.061203	-0.235640	0.965761	0.108537
07916	9.847833	0.538129	1.399953	0.545499	2.076254	0.556680	0.095779	-0.109327	0.989381	0.966278	0.248887	-0.066040	-0.239024	0.962342	0.129479
07917	9.098445	0.901259	1.970171	0.401647	1.722262	0.516109	0.104865	-0.124593	0.986651	0.964800	0.253344	-0.070551	-0.241172	0.959319	0.146774
07918	8.642904	1.275500	2.524592	0.248858	1.317482	0.487773	0.112727	-0.136004	0.984274	0.963674	0.256352	-0.074946	-0.242128	0.956967	0.159961
07919	7.819537	1.406946	2.859711	0.069435	0.913599	0.479925	0.119529	-0.143520	0.982403	0.962953	0.257679	-0.079518	-0.241732	0.955512	0.169003
07920	7.036819	1.955500	2.708891	-0.017223	0.422333	0.463409	0.124983	-0.146391	0.981300	0.962434	0.258173	-0.084066	-0.241039	0.954943	0.173159
07921	7.122948	2.160619	2.375152	-0.195294	-0.023676	0.467974	0.129398	-0.144972	0.980938	0.962313	0.256982	-0.088962	-0.239186	0.955481	0.172762
07922	7.356727	1.982140	1.809625	-0.388864	-0.429237	0.467684	0.132852	-0.139706	0.981240	0.962630	0.253915	-0.094181	-0.235994	0.957084	0.168218
07923	7.594157	1.601723	0.728391	-0.485405	-0.768771	0.460676	0.135456	-0.131192	0.982059	0.963154	0.249880	-0.099467	-0.232348	0.959348	0.160206
07924	7.541246	1.109869	-0.193143	-0.573377	-1.057925	0.445391	0.137282	-0.119959	0.983241	0.963874	0.244917	-0.104697	-0.228253	0.962094	0.149249
07925	7.561505	1.056923	-1.660718	-0.500164	-1.278796	0.433497	0.138530	-0.106599	0.984604	0.964416	0.240583	-0.109643	-0.225191	0.964757	0.136134
07926	7.367316	1.086931	-2.743224	-0.412311	-1.446824	0.404596	0.139159	-0.091689	0.986016	0.964786	0.236988	-0.114126	-0.223210	0.967176	0.121440
07927	7.428876	1.279749	-3.737505	-0.267770	-1.531769	0.364880	0.139232	-0.076012	0.987338	0.964880	0.234696	-0.117997	-0.222756	0.969092	0.106019
07928	7.506715	1.798195	-4.727482	-0.101353	-1.499918	0.307521	0.138818	-0.060776	0.988451	0.964687	0.233912	-0.121099	-0.223851	0.970356	0.091101
07929	7.495147	2.098418	-5.828520	-0.021671	-1.375563	0.217540	0.137794	-0.046926	0.989349	0.964440	0.233815	-0.123234	-0.225541	0.971148	0.077475
07930	7.632855	1.576826	-7.143843	0.011150	-1.144400	0.077279	0.135915	-0.035656	0.990079	0.964316	0.233945	-0.123954	-0.227204	0.971596	0.066180
07931	7.736391	0.933330	-7.799333	0.178803	-0.814519	-0.119857	0.132865	-0.028037	0.990737	0.964074	0.235640	-0.122621	-0.230019	0.971436	0.058338
07932	7.191089	0.623082	-8.177408	0.419855	-0.534716	-0.329953	0.128407	-0.023651	0.991439	0.963536	0.239623	-0.119077	-0.234755	0.970578	0.053558
07933	7.198287	-0.279006	-7.485524	0.502491	-0.363649	-0.488923	0.122802	-0.021320	0.992202	0.962962	0.244383	-0.113932	-0.240049	0.969444	0.050541
07934	8.750326	-2.019672	-4.568069	0.402286	-0.267276	-0.518911	0.117122	-0.020026	0.992916	0.962617	0.248167	-0.108543	-0.244235	0.968510	0.048344
07935	11.848404	-5.177202	3.489964	0.110175	-0.202952	-0.378586	0.112949	-0.019015	0.993419	0.962787	0.249157	-0.104697	-0.245526	0.968277	0.046450
07936	16.291651	-6.075443	11.206791	0.674493	-0.512403	-0.168611	0.110015	-0.014501	0.993824	0.961301	0.255647	-0.102684	-0.252580	0.966661	0.042065
07937	21.651330	-4.481878	3.119686	2.298581	-1.290657	0.201929	0.108506	-0.001538	0.994095	0.955010	0.277812	-0.103811	-0.276012	0.960634	0.031613
07938	25.386306	4.030613	-1.396856	2.561201	-1.860489	0.030815	0.103387	0.016333	0.994507	0.947576	0.302313	-0.103473	-0.302343	0.953069	0.015778
07939	18.306111	6.182188	0.376037	1.908471	-1.512000	-0.668535	0.092319	0.028599	0.995319	0.942278	0.320592	-0.096611	-0.321854	0.946786	0.002648
07940	7.478176	6.595232	-3.279802	2.188200	-1.238333	-0.593205	0.082594	0.038289	0.995847	0.935523	0.341418	-0.090718	-0.343474	0.939131	-0.007621
07941	0.611677	5.802263	-5.668044	1.897570	-1.526675	-0.271504	0.074644	0.051604	0.995874	0.929043	0.359291	-0.088252	-0.362363	0.931798	-0.021123
07942	4.221513	6.938297	-6.178759	1.723414	-1.622100	0.043307	0.068989	0.066795	0.995379	0.922627	0.375255	-0.089128	-0.379474	0.924512	-0.035738
07943	10.053797	8.270795	-4.446739	0.392695	-1.431967	0.171693	0.065075	0.080646	0.994616	0.921016	0.378754	-0.090970	-0.384051	0.921977	-0.049629
07944	11.142033	6.444039	-2.397082	-1.369063	-1.136236	0.201460	0.062595	0.091872	0.993801	0.926072	0.365922	-0.092157	-0.372120	0.926100	-0.062175
07945	10.196323	1.067169	-1.947010	-2.508964	-0.994161	0.124814	0.060139	0.101545	0.993012	0.935050	0.342465	-0.091649	-0.349378	0.934027	-0.074354
07946	10.098638	-4.336363	-2.606202	-2.612391	-0.947940	0.058517	0.057443	0.110606	0.992203	0.943838	0.317893	-0.090080	-0.325378	0.941653	-0.086133
07947	10.680820	-6.521822	-2.555310	-1.843118	-1.018527	0.045405	0.054614	0.120346	0.991229	0.949657	0.300444	-0.088800	-0.308495	0.946177	-0.097879
07948	10.978064	-6.141404	-2.663754	-0.913568	-1.041002	0.004673	0.051443	0.130198	0.990153	0.952442	0.291781	-0.087851	-0.300346	0.947582	-0.108996
07949	9.834305	-5.331542	-2.991515	-0.036516	-0.972849	-0.067970	0.047842	0.139198	0.989108	0.952588	0.291529	-0.087102	-0.300478	0.946380	-0.118651
07950	8.807787	-4.014237	-3.329617	0.635468	-0.941970	-0.122553	0.043771	0.147719	0.988060	0.950720	0.297705	-0.086624	-0.306946	0.943160	-0.127409
07951	9.250189	-1.980652	-3.445254	0.898311	-0.906020	-0.134685	0.039639	0.155824	0.986989	0.947981	0.306366	-0.086441	-0.315849	0.939073	-0.135574
07952	10.020104	-0.622410	-3.333985	0.891651	-0.832061	-0.119403	0.035802	0.163234	0.985938	0.945176	0.314909	-0.086459	-0.324594	0.934980	-0.143011
07953	10.404960	0.118245	-3.278404	0.779428	-0.758929	-0.101952	0.032316	0.169976	0.984918	0.942653	0.322355	-0.086561	-0.332207	0.931233	-0.149811
07954	10.261058	0.045967	-3.273676	0.607303	-0.677992	-0.107703	0.028986	0.175913	0.983979	0.940655	0.328186	-0.086382	-0.338124	0.928089	-0.155961
07955	9.803622	-0.264953	-3.259277	0.484814	-0.618230	-0.130165	0.025627	0.181197	0.983113	0.939042	0.332915	-0.085837	-0.342846	0.925384	-0.161620
07956	9.679753	-0.826992	-3.141213	0.439302	-0.561802	-0.130613	0.022420	0.185936	0.982306	0.937563	0.337213	-0.085228	-0.347093	0.922884	-0.166766
07957	9.898647	-1.222856	-2.922347	0.444533	-0.502138	-0.134116	0.019379	0.190093	0.981575	0.936040	0.341566	-0.084628	-0.351360	0.920433	-0.171315
07958	9.878218	-1.445415	-2.599996	0.481484	-0.467327	-0.134029	0.016429	0.193913	0.980881	0.934365	0.346249	-0.084101	-0.355937	0.917883	-0.175497
07959	9.904686	-1.403611	-2.355887	0.484077	-0.453657	-0.144702	0.013422	0.197550	0.980201	0.932654	0.350973	-0.083507	-0.360521	0.915310	-0.179535
07960	9.714681	-1.068957	-1.926876	0.482473	-0.448773	-0.156759	0.010290	0.201084	0.979520	0.930927	0.355696	-0.082800	-0.365061	0.912713	-0.183534
07961	9.703288	-0.637182	-1.504039	0.438046	-0.449627	-0.159642	0.007124	0.204595	0.978821	0.929334	0.360017	-0.082015	-0.369172	0.910236	-0.187572
07962	9.872108	-0.184063	-1.104366	0.392258	-0.442770	-0.161297	0.003940	0.208021	0.978116	0.927891	0.363916	-0.081134	-0.372830	0.907905	-0.191587
07963	9.805892	0.322312	-0.805976	0.283521	-0.452832	-0.153958	0.000788	0.211549	0.977367	0.926835	0.366815	-0.080144	-0.375467	0.905922	-0.195782
07964	9.516894	0.490845	-0.492981	0.162442	-0.471037	-0.140977	-0.002334	0.215279	0.976550	0.926227	0.368586	-0.079041	-0.376959	0.904323	-0.200257
07965	9.289887	0.332292	-0.364038	0.017415	-0.508537	-0.128044	-0.005467	0.219385	0.975623	0.926157	0.369027	-0.077792	-0.377098	0.903155	-0.205203
07966	9.118502	-0.055491	-0.176969	-0.095980	-0.551194	-0.117708	-0.008677	0.223911	0.974571	0.926515	0.368421	-0.076397	-0.376159	0.902291	-0.210653
07967	9.045939	-0.513622	-0.207914	-0.146942	-0.596804	-0.110082	-0.011968	0.228872	0.973383	0.927056	0.367351	-0.074977	-0.374733	0.901483	-0.216573
07968	9.113832	-0.718339	-0.456744	-0.160147	-0.649886	-0.105295	-0.015418	0.234324	0.972036	0.927644	0.366152	-0.073553	-0.373148	0.900570	-0.223014
07969	8.894783	-0.880166	-0.777912	-0.182478	-0.688013	-0.105944	-0.018992	0.240112	0.970559	0.928305	0.364766	-0.072076	-0.371334	0.899606	-0.229825
07970	8.742561	-1.038440	-1.013760	-0.211738	-0.729072	-0.118148	-0.022832	0.246220	0.968945	0.929068	0.363150	-0.070388	-0.369203	0.898609	-0.237046
07971	8.762262	-1.275309	-1.684253	-0.180178	-0.752208	-0.120509	-0.026752	0.252521	0.967222	0.929702	0.361838	-0.068754	-0.367340	0.897388	-0.244449
07972	8.809733	-1.425534	-2.424754	-0.152261	-0.758850	-0.124774	-0.030736	0.258857	0.965427	0.930227	0.360793	-0.067123	-0.365694	0.896003	-0.251885
07973	9.223298	-1.413895	-3.203492	-0.074218	-0.750842	-0.137373	-0.034787	0.265066	0.963603	0.930453	0.360495	-0.065574	-0.364755	0.894306	-0.259172
07974	9.389264	-1.285654	-3.930861	0.013693	-0.719977	-0.149380	-0.038844	0.270941	0.961812	0.930351	0.361019	-0.064125	-0.364607	0.892332	-0.266094
07975	9.571208	-1.005019	-4.420928	0.053190	-0.694877	-0.169727	-0.042988	0.276504	0.960051	0.930087	0.361965	-0.062604	-0.364815	0.890240	-0.272733
07976	9.502035	-0.801132	-4.410888	0.064113	-0.651683	-0.192801	-0.047201	0.281583	0.958375	0.929769	0.363075	-0.060884	-0.365106	0.888193	-0.278945
07977	9.378996	-0.833171	-4.402676	0.111018	-0.606982	-0.208255	-0.051385	0.286194	0.956793	0.929259	0.364659	-0.059169	-0.365837	0.886068	-0.284686
07978	9.385899	-0.695090	-4.273287	0.161285	-0.572828	-0.218306	-0.055554	0.290449	0.955276	0.928553	0.366718	-0.057499	-0.367018	0.883831	-0.290070
07979	9.408807	-0.798763	-3.933135	0.170020	-0.535023	-0.228540	-0.059673	0.294314	0.953844	0.927796	0.368895	-0.055782	-0.368286	0.881644	-0.295077
07980	9.300644	-1.241827	-3.469533	0.229108	-0.520751	-0.251145	-0.063967	0.297954	0.952435	0.926796	0.371659	-0.054023	-0.370078	0.879257	-0.299917
07981	9.559311	-1.374092	-2.900724	0.315129	-0.520745	-0.268008	-0.068413	0.301508	0.951006	0.925447	0.375237	-0.052392	-0.372649	0.876521	-0.304701
07982	9.928402	-1.209049	-2.233658	0.381161	-0.515595	-0.287239	-0.073040	0.304921	0.949573	0.923818	0.379448	-0.050787	-0.375799	0.873523	-0.309406
07983	9.948164	-0.657334	-1.401455	0.408072	-0.537378	-0.295944	-0.077830	0.308459	0.948048	0.922053	0.383921	-0.049218	-0.379158	0.870320	-0.314297
07984	9.814749	0.034620	-0.521829	0.345908	-0.596490	-0.303311	-0.082935	0.312455	0.946305	0.920494	0.387872	-0.047396	-0.381855	0.867137	-0.319781
07985	9.722732	0.597337	0.278954	0.208040	-0.675886	-0.313153	-0.088431	0.317069	0.944271	0.919428	0.390668	-0.045075	-0.383188	0.864202	-0.326070
07986	10.055703	0.630072	0.862998	0.020437	-0.778912	-0.322050	-0.094415	0.322513	0.941845	0.919055	0.391878	-0.042059	-0.382653	0.861636	-0.333406
07987	10.494833	0.499460	0.998021	-0.112743	-0.898409	-0.341724	-0.101014	0.328886	0.938952	0.919149	0.392030	-0.038432	-0.380737	0.859155	-0.341896
07988	10.651911	0.627946	1.411284	-0.282120	-1.022839	-0.358630	-0.108227	0.336238	0.935538	0.919844	0.390805	-0.034046	-0.377061	0.856864	-0.351582
07989	11.015732	0.572858	1.788146	-0.446322	-1.161541	-0.383357	-0.116134	0.344667	0.931514	0.921082	0.388300	-0.028841	-0.371647	0.854651	-0.362561
07990	11.257365	0.699267	2.083349	-0.631562	-1.292046	-0.394914	-0.124567	0.354148	0.926856	0.922930	0.384292	-0.022796	-0.364256	0.852584	-0.374724
07991	11.253106	1.229500	2.155544	-0.819141	-1.428671	-0.402791	-0.133457	0.364760	0.921487	0.925352	0.378774	-0.015917	-0.354841	0.850576	-0.388082
07992	11.079900	1.851930	1.398927	-0.990519	-1.540005	-0.397294	-0.142553	0.376327	0.915454	0.928263	0.371832	-0.008306	-0.343521	0.848598	-0.402336
07993	10.625135	2.142130	1.032854	-1.248563	-1.653368	-0.386478	-0.151742	0.388908	0.908694	0.931891	0.362737	0.000370	-0.329473	0.846860	-0.417462
07994	10.852117	2.071682	1.166418	-1.417570	-1.770505	-0.395895	-0.161167	0.402441	0.901147	0.935829	0.352312	0.010031	-0.313448	0.844936	-0.433397
07995	11.004154	2.339589	1.718070	-1.518194	-1.875438	-0.412900	-0.170786	0.416818	0.892802	0.939766	0.341206	0.020473	-0.296095	0.842521	-0.449984
07996	11.547596	2.268674	2.471557	-1.607598	-2.022722	-0.428148	-0.180653	0.432362	0.883418	0.943622	0.329503	0.031699	-0.277384	0.839339	-0.467512
07997	12.498190	2.062509	3.262028	-1.692112	-2.175607	-0.438947	-0.190652	0.449145	0.872881	0.947326	0.317282	0.043653	-0.257343	0.835225	-0.485977
