// General information: 
//  MT Manager version: 2022.2.0 
//  XDA version: 2022.2.0 build 7381 rev 124627 built on 2023-07-19
// Device information: 
//  DeviceId: 00B4CB9F
//  ProductCode: MTW2-3A7G6
//  Firmware Version: 4.6.0
//  Hardware Version: 2.0.0
// Device settings: 
//  Filter Profile: human(46.1)
//  Option Flags: Orientation Smoother Disabled, Position/Velocity Smoother Disabled, Continuous Zero Rotation Update Disabled, AHS Disabled, ICC Disabled
// Coordinate system: ENU
PacketCounter	Acc_X	Acc_Y	Acc_Z	Gyr_X	Gyr_Y	Gyr_Z	Mat[1][1]	Mat[2][1]	Mat[3][1]	Mat[1][2]	Mat[2][2]	Mat[3][2]	Mat[1][3]	Mat[2][3]	Mat[3][3]
21932	9.679892	1.093556	1.631848	-0.073090	-0.083251	-0.039573	-0.128188	-0.082290	0.988330	0.969128	-0.222028	0.107211	0.210615	0.971562	0.108211
21933	9.649325	0.904946	1.257336	-0.049555	-0.089670	-0.042890	-0.128362	-0.081275	0.988391	0.968984	-0.222497	0.107545	0.211173	0.971540	0.107315
21934	9.646766	0.850243	0.789684	-0.004613	-0.111488	-0.044683	-0.128535	-0.080004	0.988473	0.968929	-0.222521	0.107983	0.211316	0.971640	0.106119
21935	9.681018	1.016106	0.437550	0.006159	-0.118930	-0.036684	-0.128586	-0.078719	0.988569	0.968910	-0.222442	0.108316	0.211373	0.971763	0.104874
21936	9.705815	1.151073	0.214143	-0.007014	-0.137940	-0.020919	-0.128471	-0.077241	0.988701	0.968882	-0.222470	0.108516	0.211574	0.971875	0.103419
21937	9.725391	1.255502	0.239376	-0.043648	-0.144532	-0.005968	-0.128170	-0.075776	0.988853	0.968797	-0.222851	0.108493	0.212145	0.971903	0.101974
21938	9.687671	1.092430	0.387592	-0.103560	-0.151364	-0.001445	-0.127836	-0.074210	0.989015	0.968588	-0.223800	0.108403	0.213297	0.971806	0.100488
21939	9.857642	0.519454	0.550224	-0.141287	-0.155611	0.002548	-0.127425	-0.072655	0.989184	0.968304	-0.225123	0.108200	0.214827	0.971618	0.099039
21940	9.987906	0.096041	0.762308	-0.076812	-0.140465	0.009195	-0.127006	-0.071218	0.989342	0.968163	-0.225806	0.108033	0.215706	0.971565	0.097630
21941	9.939726	0.200384	0.830023	0.057185	-0.131410	0.022438	-0.126453	-0.069944	0.989504	0.968330	-0.225187	0.107829	0.215282	0.971802	0.096205
21942	9.803433	0.590296	0.720987	0.150038	-0.124937	0.037126	-0.125794	-0.068721	0.989673	0.968713	-0.223645	0.107601	0.213941	0.972245	0.094704
21943	9.738342	0.976563	0.628533	0.182488	-0.121265	0.045827	-0.125039	-0.067596	0.989847	0.969175	-0.221791	0.107282	0.212287	0.972748	0.093244
21944	9.697757	1.337467	0.604494	0.174734	-0.110734	0.050270	-0.124285	-0.066537	0.990013	0.969621	-0.219998	0.106939	0.210686	0.973228	0.091858
21945	9.752518	1.541771	0.577324	0.130109	-0.117462	0.053674	-0.123465	-0.065463	0.990187	0.969976	-0.218649	0.106489	0.209532	0.973605	0.090493
21946	9.917739	1.521131	0.647663	0.059424	-0.110920	0.046275	-0.122753	-0.064390	0.990346	0.970171	-0.217982	0.106080	0.209047	0.973826	0.089228
21947	9.896456	1.328046	0.629688	0.018098	-0.097592	0.036957	-0.122138	-0.063472	0.990481	0.970268	-0.217734	0.105693	0.208953	0.973942	0.088179
21948	9.787978	1.207637	0.496118	-0.011181	-0.103271	0.016556	-0.121731	-0.062408	0.990599	0.970279	-0.217775	0.105514	0.209143	0.974002	0.087063
21949	9.777680	1.133077	0.377261	-0.028367	-0.112939	0.004863	-0.121395	-0.061270	0.990711	0.970240	-0.218001	0.105404	0.209518	0.974023	0.085911
21950	9.611489	0.891242	0.107116	-0.047320	-0.119196	0.004009	-0.121076	-0.060023	0.990827	0.970159	-0.218401	0.105320	0.210076	0.974011	0.084675
21951	9.652157	0.668369	-0.154549	-0.044617	-0.144812	0.006988	-0.120650	-0.058580	0.990965	0.970088	-0.218784	0.105176	0.210646	0.974013	0.083224
21952	9.751697	0.612012	-0.102679	-0.043384	-0.141045	0.013853	-0.120186	-0.057139	0.991106	0.970028	-0.219140	0.104997	0.211191	0.974019	0.081764
21953	9.648296	0.693628	0.168062	-0.031414	-0.136627	0.026173	-0.119591	-0.055817	0.991253	0.970007	-0.219384	0.104674	0.211622	0.974041	0.080380
21954	9.663215	0.807194	0.443550	-0.031584	-0.122049	0.031596	-0.118992	-0.054599	0.991393	0.969992	-0.219615	0.104328	0.212028	0.974058	0.079093
21955	9.803895	0.840264	0.854486	-0.054391	-0.102057	0.027059	-0.118460	-0.053616	0.991510	0.969924	-0.220083	0.103980	0.212640	0.974007	0.078075
21956	9.833258	0.570192	1.226466	-0.029671	-0.062434	0.024453	-0.118055	-0.052963	0.991594	0.969904	-0.220300	0.103706	0.212955	0.973993	0.077377
21957	9.716438	0.521140	1.178739	0.044292	-0.030704	0.017950	-0.117763	-0.052656	0.991645	0.970034	-0.219812	0.103524	0.212524	0.974120	0.076963
21958	9.818973	0.807382	0.998137	0.115526	-0.021297	0.024660	-0.117442	-0.052406	0.991696	0.970322	-0.218614	0.103358	0.211383	0.974403	0.076525
21959	9.775410	1.141654	0.845205	0.154097	-0.006991	0.026671	-0.117116	-0.052348	0.991738	0.970692	-0.217052	0.103174	0.209857	0.974756	0.076234
21960	9.692343	1.340315	0.545568	0.150236	-0.010714	0.032311	-0.116743	-0.052217	0.991788	0.971059	-0.215512	0.102957	0.208366	0.975104	0.075866
21961	9.790739	1.495822	0.545442	0.110364	-0.009843	0.034905	-0.116331	-0.052148	0.991841	0.971343	-0.214370	0.102656	0.207268	0.975359	0.075591
21962	9.686842	1.391059	0.580663	0.048965	-0.003920	0.034371	-0.115954	-0.052087	0.991888	0.971498	-0.213816	0.102343	0.206751	0.975484	0.075395
21963	9.667338	1.214386	0.672720	0.001181	-0.013653	0.025777	-0.115623	-0.051960	0.991933	0.971545	-0.213744	0.102050	0.206717	0.975507	0.075196
21964	9.615963	1.104236	0.695197	-0.028156	-0.026869	0.020085	-0.115338	-0.051645	0.991983	0.971524	-0.213950	0.101821	0.206976	0.975478	0.074851
21965	9.607631	1.072681	0.763034	-0.048780	-0.042622	0.014519	-0.115056	-0.051212	0.992038	0.971454	-0.214371	0.101602	0.207461	0.975409	0.074415
21966	9.626919	1.088615	0.827781	-0.062090	-0.050104	0.007612	-0.114844	-0.050643	0.992092	0.971347	-0.214915	0.101472	0.208076	0.975319	0.073874
21967	9.671255	1.037705	0.841402	-0.073591	-0.056717	-0.004144	-0.114713	-0.050033	0.992138	0.971203	-0.215588	0.101421	0.208818	0.975202	0.073323
21968	9.693652	1.012642	0.845138	-0.069606	-0.067107	-0.008987	-0.114626	-0.049264	0.992186	0.971061	-0.216214	0.101450	0.209526	0.975102	0.072622
21969	9.700059	1.113707	0.907698	-0.054229	-0.068974	-0.006286	-0.114489	-0.048529	0.992238	0.970955	-0.216698	0.101435	0.210094	0.975032	0.071929
21970	9.767957	1.252589	0.926536	-0.069355	-0.064967	-0.004803	-0.114365	-0.047791	0.992289	0.970817	-0.217319	0.101424	0.210796	0.974930	0.071250
21971	9.813326	1.088204	0.950387	-0.098954	-0.055538	-0.007520	-0.114268	-0.047185	0.992329	0.970614	-0.218241	0.101390	0.211782	0.974754	0.070737
21972	10.025581	0.793038	0.796078	-0.109079	-0.048010	-0.004715	-0.114178	-0.046614	0.992366	0.970391	-0.219249	0.101351	0.212851	0.974555	0.070267
21973	10.287392	0.534641	0.688563	-0.089711	-0.036225	-0.012013	-0.114165	-0.046187	0.992388	0.970200	-0.220082	0.101369	0.213724	0.974387	0.069936
21974	10.243528	0.414947	0.519633	-0.077915	-0.022197	-0.012521	-0.114203	-0.045850	0.992399	0.970033	-0.220789	0.101429	0.214461	0.974243	0.069691
21975	9.962636	0.472946	0.363718	-0.073162	-0.045335	-0.022392	-0.114270	-0.045311	0.992416	0.969865	-0.221466	0.101562	0.215184	0.974115	0.069252
21976	9.805480	0.508460	0.168494	-0.086102	-0.064865	-0.024420	-0.114330	-0.044533	0.992444	0.969666	-0.222258	0.101733	0.216048	0.973970	0.068593
21977	9.709235	0.751466	0.347885	-0.108013	-0.059548	-0.029630	-0.114435	-0.043839	0.992463	0.969413	-0.223276	0.101915	0.217126	0.973769	0.068049
21978	9.565371	1.056854	0.761829	-0.168117	-0.044598	-0.045374	-0.114739	-0.043210	0.992456	0.969009	-0.224876	0.102237	0.218761	0.973429	0.067673
21979	9.664868	0.807037	0.592949	-0.237688	-0.057177	-0.068428	-0.115222	-0.042451	0.992432	0.968423	-0.227172	0.102718	0.221092	0.972929	0.067286
21980	9.966456	0.149903	0.368491	-0.285858	-0.060347	-0.083052	-0.115853	-0.041583	0.992396	0.967706	-0.229929	0.103336	0.223884	0.972319	0.066878
21981	10.046882	-0.160811	0.546278	-0.255234	-0.050254	-0.090457	-0.116561	-0.040838	0.992344	0.967041	-0.232401	0.104025	0.226374	0.971762	0.066581
21982	9.957019	-0.339147	0.575148	-0.185768	-0.054605	-0.095010	-0.117312	-0.039994	0.992289	0.966523	-0.234188	0.104827	0.228189	0.971368	0.066128
21983	9.824355	-0.193128	0.479153	-0.090295	-0.058542	-0.096030	-0.118052	-0.039153	0.992235	0.966219	-0.235056	0.105682	0.229093	0.971193	0.065579
21984	9.566248	0.317197	0.455246	-0.024182	-0.057112	-0.097231	-0.118814	-0.038280	0.992178	0.966065	-0.235272	0.106610	0.229351	0.971175	0.064934
21985	9.422375	0.747399	0.382751	-0.032716	-0.074981	-0.104425	-0.119597	-0.037258	0.992123	0.965881	-0.235583	0.107586	0.229719	0.971140	0.064162
21986	9.547273	0.790327	0.497389	-0.086147	-0.083715	-0.124392	-0.120556	-0.036062	0.992051	0.965550	-0.236408	0.108742	0.230608	0.970984	0.063320
21987	9.630763	0.751515	0.834072	-0.128888	-0.073711	-0.139641	-0.121680	-0.034968	0.991953	0.965098	-0.237663	0.110008	0.231904	0.970718	0.062666
21988	9.599862	0.925743	1.042067	-0.139562	-0.070330	-0.150915	-0.122922	-0.033837	0.991839	0.964606	-0.239012	0.111393	0.233293	0.970427	0.062019
21989	9.612338	1.143036	0.968451	-0.178615	-0.075993	-0.156993	-0.124205	-0.032676	0.991718	0.964010	-0.240752	0.112802	0.235072	0.970037	0.061402
21990	9.566640	0.953021	0.822919	-0.229819	-0.089635	-0.174996	-0.125629	-0.031296	0.991584	0.963265	-0.242980	0.114372	0.237355	0.969526	0.060672
21991	9.549926	0.938196	0.767108	-0.246324	-0.092853	-0.179784	-0.127084	-0.029911	0.991441	0.962467	-0.245376	0.115968	0.239807	0.968966	0.059971
21992	9.361692	1.121072	0.767325	-0.263153	-0.101823	-0.182587	-0.128545	-0.028389	0.991297	0.961616	-0.247923	0.117596	0.242427	0.968364	0.059168
21993	9.383946	1.019209	0.545204	-0.285304	-0.130025	-0.186434	-0.129965	-0.026619	0.991161	0.960696	-0.250690	0.119238	0.245300	0.967701	0.058153
21994	9.565012	0.844269	0.387072	-0.278340	-0.133240	-0.187354	-0.131385	-0.024773	0.991022	0.959782	-0.253374	0.120909	0.248104	0.967051	0.057066
21995	9.670990	0.804236	0.497295	-0.267619	-0.122627	-0.198088	-0.132924	-0.023037	0.990858	0.958870	-0.255963	0.122682	0.250797	0.966412	0.056113
21996	9.643911	-0.008518	0.675003	-0.318306	-0.105836	-0.201862	-0.134539	-0.021411	0.990677	0.957815	-0.259028	0.124478	0.253947	0.965633	0.055357
21997	8.955692	-1.298107	0.415949	-0.269987	-0.092090	-0.173645	-0.135912	-0.020024	0.990519	0.956908	-0.261624	0.126011	0.256621	0.964962	0.054719
21998	9.296201	-1.866900	0.638051	-0.129551	-0.077977	-0.106526	-0.136673	-0.018910	0.990436	0.956449	-0.262839	0.126964	0.257925	0.964654	0.054010
21999	9.567059	-1.066077	0.118869	0.196859	-0.044990	-0.040472	-0.136889	-0.018324	0.990417	0.956918	-0.260902	0.127432	0.256067	0.965191	0.053250
22000	10.190738	1.663254	-0.166420	0.391245	-0.070808	0.013123	-0.136518	-0.017595	0.990481	0.957950	-0.257066	0.127468	0.252376	0.966234	0.051950
22001	10.416828	3.505610	-0.023492	0.234058	-0.069149	-0.001059	-0.136300	-0.016878	0.990524	0.958554	-0.254759	0.127560	0.250192	0.966857	0.050902
22002	10.118131	4.065383	-0.235878	0.031432	-0.079447	-0.073245	-0.136741	-0.015841	0.990480	0.958553	-0.254411	0.128264	0.249957	0.966966	0.049973
22003	9.921599	4.317374	-0.299026	-0.081203	-0.055211	-0.176118	-0.138236	-0.014812	0.990289	0.958124	-0.255178	0.129929	0.250775	0.966781	0.049467
22004	9.501649	3.383436	-0.921355	-0.248579	-0.057412	-0.228797	-0.140227	-0.013585	0.990026	0.957199	-0.257556	0.132044	0.253194	0.966168	0.049120
22005	9.520622	1.677802	-1.295053	-0.406645	-0.068790	-0.209116	-0.141997	-0.012332	0.989790	0.955883	-0.261465	0.133876	0.257145	0.965134	0.048915
22006	9.659125	0.154473	-0.910805	-0.425967	-0.027411	-0.144378	-0.143253	-0.011596	0.989618	0.954593	-0.265533	0.135072	0.261210	0.964032	0.049108
22007	9.682776	-0.373314	-0.175170	-0.344204	-0.014168	-0.052716	-0.143664	-0.011274	0.989562	0.953631	-0.268811	0.135385	0.264479	0.963127	0.049369
22008	9.809153	-0.163777	0.391012	-0.299220	-0.016635	-0.005069	-0.143610	-0.011008	0.989573	0.952849	-0.271633	0.135259	0.267312	0.962338	0.049498
22009	9.610903	0.189123	1.021537	-0.275610	-0.052512	-0.020866	-0.143612	-0.010400	0.989579	0.952097	-0.274242	0.135290	0.269977	0.961604	0.049287
22010	9.570989	1.176895	1.226425	-0.187444	-0.100213	-0.071969	-0.143964	-0.009150	0.989541	0.951507	-0.275992	0.135879	0.271862	0.961116	0.048439
22011	9.718280	2.600954	1.565348	-0.140549	-0.144491	-0.130282	-0.144754	-0.007356	0.989440	0.950954	-0.277309	0.137062	0.273373	0.960753	0.047137
22012	9.773349	3.347452	1.927976	-0.250393	-0.190958	-0.187304	-0.145949	-0.004915	0.989280	0.950016	-0.279668	0.138767	0.275988	0.960084	0.045486
22013	9.729508	2.862742	2.105552	-0.362922	-0.211696	-0.198262	-0.147188	-0.002281	0.989106	0.948735	-0.283113	0.140527	0.279709	0.959084	0.043835
22014	9.630442	1.602684	2.412261	-0.339589	-0.191326	-0.162968	-0.148141	0.000100	0.988966	0.947559	-0.286315	0.141968	0.283170	0.958136	0.042320
22015	9.668993	0.739130	2.554420	-0.136620	-0.141186	-0.103432	-0.148664	0.001794	0.988886	0.947037	-0.287579	0.142895	0.284639	0.957755	0.041054
22016	9.632649	0.854108	2.352106	0.100430	-0.110847	-0.042215	-0.148695	0.003053	0.988878	0.947281	-0.286561	0.143325	0.283812	0.958057	0.039719
22017	9.657487	1.725820	1.847720	0.203579	-0.104414	0.002232	-0.148323	0.004091	0.988931	0.947879	-0.284567	0.143343	0.282003	0.958648	0.038330
22018	9.359547	2.244993	1.272349	0.172325	-0.094155	0.009943	-0.147912	0.005037	0.988988	0.948398	-0.282864	0.143282	0.280471	0.959147	0.037062
22019	9.360253	2.212573	0.374516	0.096183	-0.122175	0.004778	-0.147469	0.006241	0.989047	0.948693	-0.281898	0.143231	0.279704	0.959424	0.035651
22020	9.666336	2.177417	-0.062958	0.044096	-0.123106	-0.000865	-0.147086	0.007494	0.989095	0.948834	-0.281423	0.143230	0.279428	0.959554	0.034283
22021	9.744228	2.113350	-0.338537	0.022565	-0.131850	-0.020446	-0.146855	0.008861	0.989118	0.948886	-0.281161	0.143401	0.279372	0.959620	0.032882
22022	9.651959	1.892415	-0.697252	0.010424	-0.165023	-0.027967	-0.146613	0.010595	0.989137	0.948893	-0.281006	0.143657	0.279476	0.959648	0.031146
22023	9.642245	1.541914	-1.024129	-0.017089	-0.194182	-0.023581	-0.146237	0.012569	0.989170	0.948830	-0.281124	0.143846	0.279887	0.959589	0.029185
22024	9.713278	1.025320	-0.869362	-0.024404	-0.219691	0.001547	-0.145561	0.014749	0.989239	0.948782	-0.281308	0.143802	0.280401	0.959504	0.026954
22025	9.803428	0.668348	-0.722415	-0.000277	-0.278761	0.037023	-0.144372	0.017364	0.989371	0.948854	-0.281273	0.143396	0.280773	0.959471	0.024132
22026	9.553186	0.522954	-0.349378	0.010313	-0.320898	0.079615	-0.142665	0.020296	0.989563	0.949016	-0.281136	0.142586	0.281096	0.959453	0.020847
22027	9.165890	0.608807	0.340946	0.022386	-0.387110	0.125405	-0.140330	0.023703	0.989821	0.949275	-0.280906	0.141309	0.281396	0.959443	0.016919
22028	9.417922	1.196571	0.808198	0.075753	-0.436831	0.165730	-0.137475	0.027509	0.990123	0.949738	-0.280171	0.139652	0.281246	0.959556	0.012390
22029	9.670050	1.957561	1.218676	0.071657	-0.463285	0.175840	-0.134446	0.031507	0.990420	0.950197	-0.279493	0.137877	0.281159	0.959631	0.007638
22030	9.646283	2.062452	1.406394	0.000296	-0.440544	0.129786	-0.131922	0.035448	0.990626	0.950389	-0.279482	0.136565	0.281703	0.959496	0.003180
22031	9.914188	1.443969	1.319924	-0.015973	-0.358120	0.081751	-0.130079	0.038700	0.990748	0.950470	-0.279623	0.135713	0.282288	0.959330	-0.000411
22032	9.856898	1.037949	1.275347	0.087743	-0.266497	0.052652	-0.128778	0.041183	0.990818	0.950803	-0.278755	0.135163	0.281762	0.959479	-0.003260
22033	9.606331	0.568617	0.887272	0.206149	-0.234855	0.045093	-0.127633	0.043357	0.990873	0.951458	-0.276753	0.134666	0.280066	0.959962	-0.005930
22034	9.636956	0.050437	0.158671	0.349226	-0.217141	0.058792	-0.126419	0.045350	0.990940	0.952523	-0.273380	0.134029	0.276981	0.960837	-0.008636
22035	9.594696	0.013748	-0.350177	0.526970	-0.186688	0.099540	-0.124902	0.046920	0.991059	0.954113	-0.268317	0.132949	0.272156	0.962187	-0.011254
22036	9.457863	0.742067	-0.671317	0.673219	-0.187967	0.149435	-0.122919	0.048401	0.991236	0.956126	-0.261857	0.131352	0.265919	0.963892	-0.014090
22037	9.281572	1.948288	-0.618708	0.672528	-0.233770	0.182882	-0.120499	0.050229	0.991442	0.958134	-0.255417	0.129391	0.259730	0.965525	-0.017349
22038	9.475188	2.761047	-0.549133	0.538252	-0.279752	0.183003	-0.117974	0.052540	0.991626	0.959754	-0.250263	0.127442	0.254863	0.966751	-0.020901
22039	9.654936	2.587969	-0.318406	0.368664	-0.322753	0.167004	-0.115498	0.055293	0.991768	0.960899	-0.246745	0.125660	0.251662	0.967502	-0.024633
22040	9.562775	2.027587	-0.144231	0.280578	-0.364336	0.146460	-0.113129	0.058535	0.991855	0.961785	-0.244067	0.124103	0.249343	0.967990	-0.028687
22041	9.769363	1.349348	-0.241818	0.254275	-0.410231	0.158292	-0.110533	0.062169	0.991926	0.962609	-0.241658	0.122412	0.247318	0.968368	-0.033133
22042	10.111313	0.195926	-0.137935	0.257359	-0.417162	0.192289	-0.107608	0.065819	0.992012	0.963468	-0.239241	0.120385	0.245254	0.968727	-0.037670
22043	9.765972	-0.014235	-0.215068	0.480918	-0.409099	0.237399	-0.104270	0.069268	0.992134	0.964905	-0.234699	0.117794	0.241012	0.969597	-0.042365
22044	9.397010	1.254141	-0.221586	0.640101	-0.408788	0.282924	-0.100516	0.072651	0.992279	0.966733	-0.228645	0.114669	0.235211	0.970795	-0.047252
22045	9.357668	2.354303	0.004336	0.580406	-0.427384	0.286298	-0.096698	0.076203	0.992392	0.968380	-0.223179	0.111496	0.229978	0.971794	-0.052213
22046	9.534073	2.579792	0.142913	0.502595	-0.422816	0.271363	-0.093060	0.079787	0.992458	0.969795	-0.218460	0.108498	0.225470	0.972579	-0.057047
22047	9.488241	2.794461	0.495132	0.421403	-0.407579	0.251540	-0.089654	0.083256	0.992487	0.970982	-0.214524	0.105707	0.221713	0.973164	-0.061607
22048	9.501713	2.401667	1.171675	0.317551	-0.364880	0.246908	-0.086411	0.086350	0.992510	0.971911	-0.211598	0.103027	0.218909	0.973535	-0.065641
22049	9.734579	1.847522	1.826869	0.327722	-0.305853	0.262886	-0.083136	0.088825	0.992572	0.972860	-0.208596	0.100152	0.215942	0.973960	-0.069072
22050	10.032847	1.906958	2.405506	0.413991	-0.246403	0.271987	-0.079926	0.090728	0.992663	0.973980	-0.204764	0.097137	0.212074	0.974598	-0.072001
22051	9.991885	2.149850	2.755009	0.505122	-0.211224	0.272307	-0.076777	0.092285	0.992768	0.975265	-0.200047	0.094019	0.207277	0.975431	-0.074644
22052	9.371511	2.029204	2.690933	0.549905	-0.200540	0.258529	-0.073813	0.093787	0.992852	0.976595	-0.194880	0.091013	0.202023	0.976333	-0.077207
22053	9.349990	1.786556	2.510252	0.604385	-0.224274	0.280923	-0.070568	0.095488	0.992926	0.978014	-0.189201	0.087704	0.196237	0.977285	-0.080037
22054	9.393371	2.048032	2.227261	0.673606	-0.218477	0.319476	-0.066995	0.097076	0.993020	0.979543	-0.182883	0.083964	0.189758	0.978330	-0.082838
22055	9.481814	2.755099	2.350883	0.658306	-0.206506	0.364948	-0.062980	0.098492	0.993143	0.981019	-0.176755	0.079741	0.183397	0.979315	-0.085490
22056	10.089943	3.442042	2.358653	0.575207	-0.212574	0.379059	-0.058857	0.099954	0.993250	0.982297	-0.171460	0.075462	0.177846	0.980107	-0.088093
22057	11.522737	3.967685	2.671411	0.436373	-0.216980	0.370764	-0.054780	0.101504	0.993326	0.983285	-0.167515	0.071344	0.173638	0.980630	-0.090631
22058	12.521115	3.670529	2.889678	0.230165	-0.134145	0.342778	-0.051169	0.102280	0.993439	0.983869	-0.165573	0.067723	0.171413	0.980879	-0.092158
22059	12.046340	3.010077	2.587394	0.116957	0.009758	0.320601	-0.047980	0.101706	0.993657	0.984238	-0.164712	0.064384	0.170215	0.981084	-0.092200
22060	11.499906	2.542857	2.360704	-0.009302	0.137902	0.323197	-0.045033	0.099842	0.993984	0.984378	-0.165098	0.061182	0.170213	0.981211	-0.090848
22061	12.129860	2.157223	2.542209	-0.129898	0.210553	0.322003	-0.042172	0.097293	0.994362	0.984306	-0.166648	0.058052	0.171357	0.981205	-0.088738
22062	12.861728	1.185880	3.021509	-0.316637	0.315371	0.337639	-0.039400	0.093644	0.994826	0.983901	-0.170048	0.054975	0.174316	0.980976	-0.085436
22063	12.285910	0.619217	3.321697	-0.345618	0.495918	0.356826	-0.036712	0.088216	0.995425	0.983439	-0.173721	0.051665	0.177484	0.980836	-0.080378
22064	11.342467	0.768493	3.723029	-0.301135	0.602648	0.361428	-0.034243	0.081673	0.996071	0.983033	-0.176954	0.048304	0.180204	0.980824	-0.074228
22065	11.057530	1.423032	4.340460	-0.303707	0.679585	0.335115	-0.032132	0.074459	0.996706	0.982603	-0.180153	0.045136	0.182920	0.980816	-0.067375
22066	10.626569	2.007670	4.959503	-0.400420	0.831842	0.270356	-0.031024	0.065796	0.997351	0.981953	-0.184244	0.042700	0.186565	0.980676	-0.058893
22067	10.214464	1.951703	5.152243	-0.504110	0.993152	0.218921	-0.030699	0.055699	0.997976	0.981078	-0.189277	0.040743	0.191164	0.980343	-0.048835
22068	9.822386	1.643425	4.992196	-0.532635	1.172027	0.164581	-0.031371	0.043869	0.998545	0.980102	-0.194556	0.039339	0.195999	0.979910	-0.036892
22069	9.868901	1.556310	4.885484	-0.515570	1.330389	0.107072	-0.032908	0.030673	0.998988	0.979125	-0.199604	0.038383	0.200579	0.979397	-0.023465
22070	9.857523	1.601096	4.498727	-0.455370	1.482423	0.037706	-0.035565	0.016041	0.999239	0.978219	-0.204049	0.038092	0.204505	0.978829	-0.008435
22071	9.673753	1.771244	3.907025	-0.408175	1.624269	-0.049266	-0.039343	0.000298	0.999226	0.977370	-0.207994	0.038544	0.207845	0.978130	0.007892
22072	10.117667	2.184648	3.374010	-0.368638	1.684509	-0.126960	-0.044138	-0.015957	0.998898	0.976549	-0.211588	0.039770	0.210720	0.977229	0.024922
22073	10.446910	2.811333	3.176883	-0.379310	1.725456	-0.232174	-0.050011	-0.032264	0.998227	0.975647	-0.215302	0.041921	0.213568	0.976014	0.042246
22074	10.568170	3.032533	2.854635	-0.594547	1.670765	-0.330315	-0.056877	-0.047892	0.997232	0.974190	-0.221212	0.044939	0.218448	0.974049	0.059238
22075	10.051761	2.554447	1.720771	-0.900340	1.548882	-0.403495	-0.064194	-0.061999	0.996010	0.971956	-0.230144	0.048318	0.226230	0.971180	0.075034
22076	10.703167	1.791242	0.045048	-1.027437	1.445488	-0.445415	-0.071895	-0.075026	0.994586	0.969286	-0.240391	0.051932	0.235193	0.967772	0.090004
22077	12.367993	1.480649	-1.160892	-0.962870	1.384715	-0.505739	-0.080050	-0.087116	0.992977	0.966612	-0.250055	0.055986	0.243422	0.964305	0.104224
22078	12.726103	1.478407	-1.559461	-0.859635	1.433057	-0.538151	-0.088827	-0.099596	0.991055	0.964038	-0.258812	0.060396	0.250481	0.960779	0.119004
22079	14.012615	1.551435	-1.667504	-1.024339	1.517298	-0.539056	-0.097825	-0.112673	0.988805	0.960941	-0.269155	0.064398	0.258886	0.956483	0.134602
22080	13.206096	0.753611	-1.541364	-1.191254	1.509313	-0.476938	-0.106422	-0.125805	0.986330	0.957316	-0.281066	0.067442	0.268739	0.951407	0.150347
22081	12.707992	-0.510994	-1.747735	-1.285112	1.583185	-0.408036	-0.114602	-0.139606	0.983553	0.953361	-0.293748	0.069389	0.279229	0.945633	0.166759
22082	11.340635	-1.568631	-1.574789	-1.210975	1.670309	-0.340329	-0.122618	-0.154367	0.980375	0.949524	-0.305637	0.070634	0.288736	0.939551	0.184052
22083	10.689185	-2.372474	-1.424694	-1.026107	1.697512	-0.295308	-0.130326	-0.169307	0.976909	0.946168	-0.315676	0.071515	0.296279	0.933640	0.201333
22084	10.224393	-2.729572	-1.172559	-0.761626	1.726112	-0.254845	-0.137912	-0.184591	0.973091	0.943560	-0.323189	0.072419	0.301124	0.928157	0.218744
22085	11.151506	-2.662006	-0.963909	-0.532781	1.701996	-0.224520	-0.145118	-0.199574	0.969077	0.941650	-0.328501	0.073359	0.303703	0.923178	0.235600
22086	9.851572	-2.472999	-1.227457	-0.296722	1.735102	-0.201411	-0.152293	-0.214911	0.964687	0.940460	-0.331619	0.074591	0.303878	0.918609	0.252618
22087	9.791985	-2.011397	-1.295639	-0.140346	1.696750	-0.199760	-0.159259	-0.229758	0.960129	0.939744	-0.333298	0.076120	0.302520	0.914398	0.268994
22088	9.961368	-1.563644	-1.434145	-0.034257	1.687838	-0.212129	-0.166334	-0.244465	0.955285	0.939307	-0.334079	0.078058	0.300058	0.910290	0.285197
22089	9.084542	-1.111067	-1.545597	0.009325	1.693084	-0.217198	-0.173372	-0.259076	0.950169	0.938987	-0.334489	0.080129	0.297061	0.906089	0.301260
22090	8.947866	-0.808132	-1.511481	-0.004183	1.641832	-0.208938	-0.180174	-0.273225	0.944926	0.938619	-0.335044	0.082094	0.294162	0.901717	0.316820
22091	9.111680	-0.319640	-1.525400	-0.009973	1.629682	-0.202146	-0.186785	-0.287166	0.939493	0.938240	-0.335647	0.083942	0.291233	0.897149	0.332125
22092	9.103732	-0.011980	-1.286060	-0.114934	1.637545	-0.201054	-0.193402	-0.301136	0.933763	0.937540	-0.337225	0.085430	0.289162	0.891962	0.347547
22093	8.642785	-0.084582	-0.746428	-0.281524	1.601318	-0.205853	-0.199901	-0.314637	0.927924	0.936343	-0.340308	0.086325	0.288619	0.886112	0.362636
22094	8.346586	-0.322001	-0.119827	-0.477888	1.561349	-0.214272	-0.206394	-0.327674	0.921971	0.934543	-0.345169	0.086533	0.289881	0.879482	0.377467
22095	8.101994	-0.407195	0.478630	-0.644281	1.514672	-0.211587	-0.212726	-0.340167	0.915988	0.932245	-0.351465	0.085979	0.292690	0.872215	0.391884
22096	7.765921	-0.658089	1.040255	-0.761398	1.464054	-0.209125	-0.218953	-0.352120	0.909984	0.929569	-0.358752	0.084845	0.296583	0.864470	0.405870
22097	7.290798	-0.741247	1.425234	-0.817264	1.371244	-0.208256	-0.224927	-0.363130	0.904182	0.926687	-0.366476	0.083345	0.301096	0.856640	0.418938
22098	7.108548	-0.736441	1.725694	-0.839195	1.189746	-0.196385	-0.230317	-0.372531	0.898985	0.923713	-0.374307	0.081543	0.306119	0.849185	0.430321
22099	7.067436	-0.784775	1.779608	-0.800297	0.944516	-0.162093	-0.234671	-0.379874	0.894776	0.920889	-0.381632	0.079499	0.311275	0.842646	0.439380
22100	7.183250	-1.087700	1.766519	-0.707152	0.703993	-0.102383	-0.237776	-0.385373	0.891600	0.918451	-0.387913	0.077271	0.316085	0.837264	0.446183
22101	6.950049	-1.395975	1.734667	-0.596655	0.522982	0.012917	-0.239265	-0.389758	0.889292	0.916608	-0.392791	0.074462	0.320284	0.832949	0.451237
22102	6.898949	-2.517314	1.705769	-0.535230	0.333682	0.156285	-0.238858	-0.393128	0.887918	0.915280	-0.396577	0.070633	0.324360	0.829564	0.454548
22103	6.932910	-3.589342	1.345290	-0.342487	0.174929	0.371992	-0.235966	-0.396023	0.887404	0.915073	-0.397892	0.065755	0.327051	0.827555	0.456279
22104	7.092534	-4.509040	1.283232	-0.010576	0.005846	0.599058	-0.230437	-0.398426	0.887781	0.916460	-0.395548	0.060364	0.327109	0.827526	0.456290
22105	7.568609	-4.736620	1.358337	0.594901	-0.120630	0.736388	-0.223226	-0.400277	0.888790	0.920085	-0.387621	0.056517	0.321891	0.830378	0.454816
22106	7.324223	-4.040219	1.770509	1.197724	-0.236271	0.679821	-0.216130	-0.400878	0.890272	0.925395	-0.374864	0.055860	0.311338	0.835927	0.451990
22107	8.452046	-2.976861	2.156059	1.654565	-0.430718	0.452476	-0.210562	-0.398887	0.892498	0.931415	-0.359103	0.059249	0.296866	0.843762	0.447144
22108	9.351317	-0.495332	2.939631	2.213622	-0.429347	0.168829	-0.207667	-0.395809	0.894544	0.938145	-0.339594	0.067528	0.277053	0.853236	0.441849
22109	9.428126	3.067468	4.281552	2.606775	-0.349301	-0.048739	-0.207145	-0.392614	0.896072	0.944976	-0.317357	0.079400	0.253201	0.863214	0.436750
22110	9.390347	6.680376	7.291952	2.334241	-0.253073	-0.165023	-0.208013	-0.389882	0.897064	0.950315	-0.297700	0.090975	0.231586	0.871417	0.432436
22111	9.438049	9.350693	8.944226	1.361207	-0.222602	-0.166914	-0.209047	-0.387410	0.897894	0.953053	-0.286397	0.098319	0.219064	0.876294	0.429092
22112	8.730438	9.695296	9.901261	-0.097281	-0.247694	-0.178742	-0.210144	-0.384695	0.898804	0.952484	-0.287885	0.099477	0.220484	0.877002	0.426914
22113	7.848676	6.613356	9.620773	-1.403936	-0.264094	-0.155153	-0.210965	-0.381887	0.899809	0.948984	-0.300715	0.094869	0.234356	0.873918	0.425845
22114	7.166799	2.087751	8.251381	-2.188583	-0.296137	-0.012449	-0.210316	-0.379247	0.901076	0.943613	-0.319777	0.085656	0.255659	0.868282	0.425117
22115	7.083343	-1.542196	6.094750	-2.140793	-0.363847	0.193088	-0.207476	-0.376696	0.902803	0.938341	-0.337520	0.074812	0.276533	0.862659	0.423496
22116	6.967009	-3.364761	4.035834	-1.333077	-0.406893	0.237987	-0.204053	-0.373996	0.904704	0.935074	-0.348059	0.067019	0.289825	0.859641	0.420737
22117	6.560928	-3.078844	1.972422	-0.519985	-0.607318	0.161541	-0.200709	-0.369303	0.907376	0.933900	-0.351874	0.063363	0.295882	0.860116	0.415517
22118	6.577962	-2.650609	-1.667519	0.035910	-1.000214	0.085029	-0.196896	-0.360972	0.911554	0.934196	-0.351206	0.062711	0.297507	0.863918	0.406370
22119	9.408146	-2.648438	-4.370791	0.583644	-1.340457	0.035604	-0.192538	-0.349433	0.916965	0.936015	-0.345963	0.064700	0.294627	0.870750	0.393686
22120	12.178391	-2.721795	-4.057331	1.084621	-1.235317	-0.011425	-0.188990	-0.338568	0.921767	0.939167	-0.336463	0.068974	0.286788	0.878729	0.381560
22121	12.079264	-1.441024	-1.372151	1.313047	-1.070337	-0.094999	-0.186814	-0.328767	0.925750	0.942707	-0.325135	0.074769	0.276412	0.886679	0.370671
22122	11.675215	0.505733	1.374763	1.406178	-0.984832	-0.126308	-0.185264	-0.319557	0.929279	0.946301	-0.312966	0.081036	0.264937	0.894391	0.360379
22123	11.963366	3.298037	4.620349	1.277997	-0.908873	-0.114591	-0.183935	-0.311005	0.932440	0.949428	-0.301799	0.086625	0.254468	0.901218	0.350788
22124	12.474489	5.446978	6.906034	0.579579	-0.847081	-0.148098	-0.183128	-0.302867	0.935273	0.950641	-0.296961	0.089973	0.250490	0.905586	0.342300
22125	12.783097	5.301946	7.186373	-0.410226	-0.842227	-0.206683	-0.182904	-0.294575	0.937961	0.949244	-0.301242	0.090497	0.255895	0.906906	0.334722
22126	11.938141	1.704358	6.450192	-1.405265	-0.812507	-0.228048	-0.182861	-0.286473	0.940476	0.945148	-0.314581	0.087947	0.270662	0.904971	0.328284
22127	10.561146	-4.141468	4.334483	-1.987074	-0.791510	-0.105340	-0.181576	-0.278945	0.942984	0.939398	-0.332767	0.082449	0.290796	0.900808	0.322463
22128	9.017525	-8.800204	0.971352	-0.892757	-0.739464	0.021017	-0.179123	-0.272326	0.945385	0.936819	-0.340695	0.079360	0.300476	0.899870	0.316146
22129	8.691304	-6.426019	0.090106	0.962351	-0.780104	-0.020443	-0.176944	-0.265177	0.947825	0.939658	-0.332011	0.082532	0.292803	0.905235	0.307923
22130	9.991086	-1.790088	-0.873491	1.872895	-0.834037	-0.062735	-0.175069	-0.257357	0.950325	0.944904	-0.315089	0.088741	0.276599	0.913502	0.298340
22131	9.058566	2.227518	-1.166699	2.153355	-0.814501	-0.173671	-0.174484	-0.249309	0.952576	0.950372	-0.295711	0.096687	0.257582	0.922171	0.288533
22132	9.098801	4.128069	-0.407315	1.505296	-0.871876	-0.198041	-0.174085	-0.240625	0.954879	0.953831	-0.282210	0.102779	0.244745	0.928686	0.278644
22133	9.296002	3.985359	0.091849	1.010947	-0.822864	-0.201038	-0.173971	-0.232362	0.956944	0.955932	-0.273219	0.107445	0.236490	0.933466	0.269655
22134	9.299181	3.692889	0.977779	0.626153	-0.786235	-0.189899	-0.173858	-0.224442	0.958853	0.957091	-0.267739	0.110868	0.231839	0.936985	0.261360
22135	9.386583	2.962796	2.343635	0.197217	-0.809340	-0.151907	-0.173385	-0.216399	0.960786	0.957302	-0.266172	0.112806	0.231323	0.939321	0.253310
22136	9.706593	1.251680	3.502445	-0.272490	-0.763552	-0.145630	-0.172914	-0.208777	0.962555	0.956437	-0.268984	0.113473	0.235222	0.940245	0.246193
22137	9.919031	-0.995806	3.517661	-0.481154	-0.751707	-0.143103	-0.172438	-0.201275	0.964237	0.955062	-0.273750	0.113654	0.241084	0.940505	0.239435
22138	10.102707	-2.435305	2.442474	-0.207656	-0.728198	-0.146526	-0.171985	-0.193967	0.965815	0.954329	-0.275937	0.114522	0.244291	0.941401	0.232565
22139	10.162665	-0.576598	2.441675	0.279984	-0.644716	-0.156965	-0.171859	-0.187416	0.967130	0.954759	-0.273546	0.116652	0.242693	0.943423	0.225948
22140	9.918155	1.874566	2.222899	0.417730	-0.593108	-0.186467	-0.172118	-0.181254	0.968257	0.955470	-0.269888	0.119323	0.239693	0.945678	0.219636
22141	9.508715	3.132546	2.069330	0.292476	-0.599657	-0.239784	-0.172924	-0.174889	0.969284	0.955773	-0.267496	0.122249	0.237899	0.947555	0.213411
22142	9.508789	3.208578	1.393735	0.179427	-0.643666	-0.278115	-0.173965	-0.167989	0.970317	0.955740	-0.266215	0.125263	0.237270	0.949162	0.206866
22143	9.787375	3.178018	1.299122	0.129356	-0.595363	-0.271980	-0.175099	-0.161566	0.971204	0.955590	-0.265384	0.128136	0.237039	0.950509	0.200860
22144	9.302041	2.836188	1.147488	0.106072	-0.546855	-0.224142	-0.175862	-0.155714	0.972021	0.955471	-0.264674	0.130468	0.236953	0.951683	0.195327
22145	9.205824	2.132858	0.553599	0.137306	-0.574981	-0.162132	-0.175996	-0.149766	0.972931	0.955530	-0.263564	0.132277	0.236619	0.952945	0.189492
22146	9.849132	1.915622	0.545341	0.189199	-0.607546	-0.105473	-0.175489	-0.143634	0.973947	0.955814	-0.261858	0.133604	0.235846	0.954358	0.183241
22147	9.562165	1.872838	0.744290	0.152088	-0.599598	-0.067718	-0.174670	-0.137686	0.974953	0.956072	-0.260451	0.134505	0.235408	0.955619	0.177131
22148	9.970490	1.496834	0.818571	0.137614	-0.608014	-0.029946	-0.173446	-0.131731	0.975994	0.956366	-0.259119	0.134985	0.235116	0.956820	0.170926
22149	9.759711	1.464512	0.967003	0.185216	-0.557757	-0.010561	-0.172185	-0.126318	0.976932	0.956801	-0.257310	0.135367	0.234275	0.958037	0.165166
22150	9.360564	1.685763	1.454096	0.142853	-0.507031	-0.009289	-0.171008	-0.121368	0.977766	0.957142	-0.255895	0.135638	0.233743	0.959056	0.159926
22151	9.330646	1.937841	1.502028	0.104085	-0.501681	-0.022914	-0.170002	-0.116450	0.978539	0.957364	-0.254874	0.135992	0.233568	0.959937	0.154814
22152	9.335760	2.267888	1.115079	0.072562	-0.506403	-0.039520	-0.169119	-0.111420	0.979277	0.957489	-0.254165	0.136438	0.233697	0.960721	0.149667
22153	9.409649	2.770683	1.244406	-0.022875	-0.522810	-0.047739	-0.168298	-0.106228	0.979996	0.957372	-0.254388	0.136838	0.234763	0.961250	0.144513
22154	9.279612	2.941105	0.999856	-0.129869	-0.551195	-0.076609	-0.167657	-0.100666	0.980692	0.956959	-0.255660	0.137357	0.236896	0.961512	0.139196
22155	9.331029	3.061270	0.877790	-0.242061	-0.578555	-0.108678	-0.167263	-0.094778	0.981346	0.956218	-0.258045	0.138058	0.240146	0.961473	0.133790
22156	9.430325	3.013539	0.960771	-0.376579	-0.589682	-0.137546	-0.167077	-0.088683	0.981947	0.955097	-0.261735	0.138871	0.244694	0.961057	0.128431
22157	9.589140	2.430957	1.031628	-0.498175	-0.599203	-0.145989	-0.166933	-0.082495	0.982511	0.953638	-0.266598	0.139643	0.250415	0.960271	0.123175
22158	9.298631	1.141586	1.184148	-0.579514	-0.613411	-0.131096	-0.166558	-0.076185	0.983084	0.951971	-0.272208	0.140192	0.256923	0.959218	0.117864
22159	9.264852	-0.593075	0.847155	-0.520710	-0.657069	-0.074223	-0.165502	-0.069636	0.983748	0.950513	-0.277207	0.140288	0.262933	0.958283	0.112068
22160	9.884821	-1.329604	0.788120	-0.264299	-0.669487	-0.000794	-0.163666	-0.063150	0.984493	0.949835	-0.279685	0.139964	0.266509	0.958013	0.105757
22161	9.507589	-1.183605	0.939170	0.001495	-0.665368	0.079957	-0.161075	-0.056953	0.985298	0.949988	-0.279576	0.139142	0.267541	0.958433	0.099138
22162	9.398430	0.546724	1.039905	0.244175	-0.737493	0.144562	-0.157655	-0.050216	0.986217	0.950893	-0.277102	0.137898	0.266358	0.959527	0.091436
22163	9.765972	2.348629	0.817808	0.256152	-0.723875	0.172719	-0.154033	-0.043698	0.987099	0.951862	-0.274516	0.136382	0.265015	0.960589	0.083879
22164	9.804702	3.153777	0.881760	0.081066	-0.616214	0.140319	-0.150987	-0.038094	0.987802	0.952314	-0.273625	0.135010	0.265145	0.961082	0.077591
22165	9.856443	2.525380	1.368899	-0.094672	-0.538834	0.077027	-0.148765	-0.033081	0.988319	0.952196	-0.274462	0.134141	0.266819	0.961029	0.072330
22166	9.459792	1.529692	1.539460	-0.119467	-0.476484	0.013316	-0.147290	-0.028472	0.988684	0.951918	-0.275553	0.133877	0.268623	0.960864	0.067689
22167	9.213893	0.793319	1.190249	0.012538	-0.456376	-0.021729	-0.146214	-0.023981	0.988962	0.951938	-0.275393	0.134062	0.269138	0.961033	0.063095
22168	9.294285	1.322281	0.631034	0.220589	-0.458118	-0.008461	-0.144993	-0.019488	0.989241	0.952540	-0.273222	0.134231	0.267666	0.961754	0.058178
22169	9.530109	2.379149	0.132042	0.282926	-0.499571	0.039559	-0.143228	-0.014743	0.989580	0.953370	-0.270447	0.133958	0.265654	0.962622	0.052792
22170	9.622331	2.637012	-0.146164	0.116124	-0.543566	0.079685	-0.140955	-0.009658	0.989969	0.953812	-0.269268	0.133180	0.265280	0.963017	0.047167
22171	9.330724	1.921202	-0.623112	-0.051906	-0.576832	0.109483	-0.138321	-0.004353	0.990378	0.953845	-0.269715	0.132033	0.266545	0.962930	0.041460
22172	9.855507	1.011327	-0.560343	-0.058120	-0.621820	0.150313	-0.135157	0.001297	0.990823	0.953917	-0.270220	0.130476	0.267910	0.962798	0.035285
22173	9.941951	0.935873	-0.343687	0.063659	-0.647586	0.165163	-0.131790	0.007132	0.991252	0.954326	-0.269570	0.128820	0.268131	0.962954	0.028720
22174	9.517483	1.691395	-0.080744	0.183159	-0.737214	0.175094	-0.128075	0.013833	0.991668	0.955064	-0.267773	0.127083	0.267299	0.963383	0.021083
22175	9.308530	2.135851	-0.119205	0.211705	-0.746160	0.163464	-0.124467	0.020633	0.992009	0.955853	-0.265717	0.125457	0.266182	0.963830	0.013351
22176	9.026098	2.015137	0.747433	0.166067	-0.799037	0.186308	-0.120493	0.027914	0.992322	0.956543	-0.264110	0.123578	0.265532	0.964089	0.005123
22177	10.074558	1.354912	0.942553	0.100756	-0.655527	0.179244	-0.116983	0.033807	0.992558	0.957040	-0.263151	0.121760	0.265309	0.964162	-0.001570
22178	9.815752	0.608876	2.185283	0.198674	-0.646628	0.212188	-0.113173	0.039556	0.992788	0.957830	-0.261263	0.119598	0.264109	0.964457	-0.008320
22179	9.800330	0.534487	2.912545	0.372048	-0.533149	0.247948	-0.109341	0.044103	0.993025	0.959100	-0.257734	0.117053	0.261099	0.965209	-0.014118
22180	10.035835	1.645243	3.419919	0.523333	-0.403219	0.256967	-0.105766	0.047405	0.993260	0.960749	-0.252749	0.114366	0.256467	0.966370	-0.018812
22181	9.866660	2.912960	3.335128	0.527999	-0.283621	0.231512	-0.102764	0.049614	0.993468	0.962348	-0.247713	0.111916	0.251648	0.967562	-0.022290
22182	9.685473	2.948482	2.723502	0.378222	-0.194349	0.177281	-0.100511	0.051116	0.993622	0.963490	-0.244096	0.110020	0.248163	0.968403	-0.024715
22183	9.900323	2.325838	2.017101	0.326171	-0.104506	0.130066	-0.098945	0.051860	0.993741	0.964439	-0.240961	0.108602	0.245085	0.969148	-0.026174
22184	9.693501	2.151470	1.808747	0.377963	-0.017741	0.111778	-0.097769	0.051816	0.993859	0.965484	-0.237311	0.107350	0.241416	0.970051	-0.026826
22185	9.252561	1.890508	1.730344	0.456584	0.023387	0.120007	-0.096611	0.051354	0.993997	0.966708	-0.232898	0.105991	0.236943	0.971144	-0.027144
22186	9.291289	1.631458	1.432350	0.537839	0.030026	0.165053	-0.095034	0.050729	0.994181	0.968141	-0.227714	0.104165	0.231673	0.972406	-0.027472
22187	9.233038	1.421519	1.139842	0.596740	0.003232	0.206060	-0.092992	0.050282	0.994396	0.969714	-0.221968	0.101907	0.225849	0.973757	-0.028118
22188	8.992187	1.517176	0.318028	0.691540	-0.065622	0.268438	-0.090192	0.050379	0.994649	0.971512	-0.215323	0.099000	0.219158	0.975243	-0.029524
22189	9.936753	2.375597	-0.030083	0.696604	-0.188152	0.333433	-0.086491	0.051557	0.994918	0.973323	-0.208652	0.095426	0.212511	0.976630	-0.032136
22190	10.100796	2.966074	-0.371308	0.689908	-0.259146	0.396400	-0.082042	0.053321	0.995201	0.975113	-0.202076	0.091213	0.205970	0.977917	-0.035415
22191	11.290844	4.064952	-0.028263	0.733718	-0.303146	0.444714	-0.077035	0.055453	0.995485	0.976965	-0.195095	0.086470	0.199009	0.979215	-0.039147
22192	13.393370	4.987858	0.795884	0.571342	-0.208555	0.445202	-0.072236	0.056686	0.995775	0.978429	-0.189706	0.081777	0.193540	0.980203	-0.041760
22193	13.841883	3.785693	1.206603	0.109981	0.080804	0.399548	-0.068429	0.055188	0.996128	0.978934	-0.188809	0.077709	0.192366	0.980462	-0.041105
22194	13.150944	2.006678	2.864307	-0.197790	0.351302	0.329191	-0.065857	0.051163	0.996517	0.978783	-0.190883	0.074485	0.194029	0.980279	-0.037507
22195	13.143145	1.308095	5.078947	-0.307232	0.522403	0.270425	-0.064179	0.045572	0.996897	0.978370	-0.193982	0.071854	0.196655	0.979946	-0.032137
22196	13.217146	1.057904	6.028946	-0.379424	0.703317	0.211441	-0.063480	0.038301	0.997248	0.977762	-0.197750	0.069834	0.199881	0.979504	-0.024896
22197	11.602883	0.877282	5.743359	-0.390894	0.907720	0.176682	-0.063529	0.029108	0.997555	0.977098	-0.201594	0.068109	0.203084	0.979037	-0.015635
22198	10.394807	0.971504	5.788716	-0.357046	1.127213	0.183691	-0.064017	0.017720	0.997791	0.976494	-0.205097	0.066293	0.205818	0.978581	-0.004174
22199	9.588964	1.291590	6.173540	-0.337296	1.355936	0.181250	-0.065002	0.004129	0.997877	0.975925	-0.208372	0.064434	0.208195	0.978041	0.009515
