// General information: 
//  MT Manager version: 2022.2.0 
//  XDA version: 2022.2.0 build 7381 rev 124627 built on 2023-07-19
// Device information: 
//  DeviceId: 00B4CAF0
//  ProductCode: MTW2-3A7G6
//  Firmware Version: 4.6.0
//  Hardware Version: 2.0.0
// Device settings: 
//  Filter Profile: human(46.1)
//  Option Flags: Orientation Smoother Disabled, Position/Velocity Smoother Disabled, Continuous Zero Rotation Update Disabled, AHS Disabled, ICC Disabled
// Coordinate system: ENU
PacketCounter	Acc_X	Acc_Y	Acc_Z	Gyr_X	Gyr_Y	Gyr_Z	Mat[1][1]	Mat[2][1]	Mat[3][1]	Mat[1][2]	Mat[2][2]	Mat[3][2]	Mat[1][3]	Mat[2][3]	Mat[3][3]
55255	4.808450	0.649987	9.084009	0.003178	0.001828	0.003168	0.678141	-0.567954	0.466426	0.614008	0.786609	0.065120	-0.403880	0.242229	0.882160
55256	4.808770	0.615458	9.081060	-0.002541	0.006308	0.004362	0.678171	-0.567943	0.466395	0.614017	0.786608	0.065052	-0.403816	0.242258	0.882181
55257	4.760728	0.615288	9.070279	0.001908	0.004982	0.005349	0.678194	-0.567932	0.466375	0.614010	0.786615	0.065025	-0.403788	0.242259	0.882194
55258	4.780828	0.596415	9.091041	0.001867	-0.001837	0.003185	0.678171	-0.567926	0.466417	0.614026	0.786604	0.065002	-0.403802	0.242310	0.882174
55259	4.867820	0.602656	9.040621	0.000803	0.000657	0.003318	0.678164	-0.567920	0.466434	0.614038	0.786598	0.064976	-0.403797	0.242344	0.882167
55260	4.812575	0.599596	9.062990	0.004091	-0.002501	0.003679	0.678155	-0.567891	0.466482	0.614022	0.786610	0.064968	-0.403834	0.242372	0.882142
55261	4.832865	0.580978	9.083635	0.003385	0.001168	0.001120	0.678137	-0.567904	0.466493	0.614038	0.786597	0.064975	-0.403841	0.242383	0.882135
55262	4.800739	0.612498	9.114655	0.005307	-0.003163	0.002902	0.678104	-0.567898	0.466547	0.614045	0.786591	0.064983	-0.403886	0.242416	0.882106
55263	4.840123	0.619207	9.053177	0.005555	0.002997	0.003018	0.678104	-0.567901	0.466543	0.614039	0.786595	0.065000	-0.403894	0.242399	0.882107
55264	4.855856	0.616298	9.092303	0.004546	0.002999	0.001747	0.678124	-0.567881	0.466539	0.614013	0.786614	0.065004	-0.403901	0.242381	0.882109
55265	4.839552	0.619987	9.053429	0.006921	0.004169	0.001597	0.678120	-0.567898	0.466524	0.614012	0.786613	0.065039	-0.403910	0.242347	0.882114
55266	4.863075	0.620279	9.059072	0.003179	0.001827	0.003168	0.678087	-0.567933	0.466529	0.614058	0.786578	0.065031	-0.403894	0.242379	0.882112
55267	4.803923	0.598553	9.096786	0.003330	0.003660	0.002524	0.678088	-0.567942	0.466519	0.614064	0.786572	0.065031	-0.403884	0.242376	0.882118
55268	4.786881	0.636381	9.061099	0.003482	0.005493	0.001880	0.678079	-0.567973	0.466494	0.614093	0.786550	0.065028	-0.403855	0.242376	0.882131
55269	4.822615	0.614355	9.121061	0.000900	0.004983	0.004078	0.678094	-0.567972	0.466473	0.614099	0.786548	0.064999	-0.403821	0.242385	0.882144
55270	4.806354	0.617641	9.082191	0.005197	0.001822	0.005710	0.678127	-0.567924	0.466483	0.614051	0.786586	0.064991	-0.403839	0.242372	0.882139
55271	4.802053	0.633322	9.100529	0.002821	0.000653	0.005860	0.678135	-0.567899	0.466501	0.614037	0.786599	0.064970	-0.403846	0.242390	0.882131
55272	4.838357	0.586620	9.051222	0.003537	0.003000	0.000477	0.678138	-0.567899	0.466497	0.614034	0.786601	0.064972	-0.403845	0.242385	0.882133
55273	4.786377	0.602571	9.058546	0.005197	0.001822	0.005710	0.678151	-0.567877	0.466505	0.614011	0.786618	0.064973	-0.403859	0.242378	0.882129
55274	4.798165	0.615309	9.115822	0.007682	-0.001995	0.002754	0.678142	-0.567850	0.466550	0.613982	0.786639	0.065001	-0.403917	0.242373	0.882103
55275	4.866275	0.572100	9.038426	0.006619	0.000500	0.002886	0.678132	-0.567848	0.466568	0.613973	0.786644	0.065028	-0.403949	0.242363	0.882092
55276	4.798139	0.616572	9.115750	0.011578	0.002177	0.000539	0.678116	-0.567863	0.466574	0.613958	0.786650	0.065101	-0.403998	0.242310	0.882083
55277	4.874447	0.567781	9.110800	0.021181	-0.004150	0.005077	0.678100	-0.567832	0.466634	0.613875	0.786702	0.065246	-0.404151	0.242212	0.882041
55278	4.886689	0.749273	9.059182	0.054356	0.007873	0.002221	0.678122	-0.567842	0.466590	0.613669	0.786826	0.065689	-0.404426	0.241787	0.882031
55279	4.797543	0.428754	9.221100	0.122270	0.005042	0.013330	0.678194	-0.567768	0.466575	0.613121	0.787169	0.066687	-0.405136	0.240841	0.881964
55280	5.229609	0.767220	8.978031	0.202491	0.021120	0.005149	0.678282	-0.567792	0.466418	0.612300	0.787659	0.068423	-0.406228	0.239178	0.881914
55281	4.765515	0.306328	9.022188	0.223394	0.017453	-0.016533	0.678222	-0.567983	0.466273	0.611541	0.788070	0.070452	-0.407471	0.237363	0.881831
55282	4.635690	0.833637	9.143564	0.200795	0.015968	-0.020891	0.678134	-0.568197	0.466139	0.610896	0.788403	0.072294	-0.408583	0.235738	0.881753
55283	4.669644	0.682144	9.100444	0.165308	0.000260	-0.019224	0.677987	-0.568369	0.466143	0.610388	0.788655	0.073823	-0.409585	0.234477	0.881624
55284	4.644660	0.800471	9.101593	0.146168	-0.020263	-0.020841	0.677726	-0.568532	0.466325	0.609999	0.788827	0.075186	-0.410596	0.233502	0.881412
55285	4.621359	0.699575	8.994914	0.112667	-0.035867	-0.016649	0.677447	-0.568599	0.466649	0.609686	0.788968	0.076239	-0.411521	0.232862	0.881150
55286	4.625181	0.762961	9.209348	0.111961	-0.063738	-0.020356	0.677039	-0.568622	0.467213	0.609392	0.789093	0.077295	-0.412626	0.232384	0.880760
55287	5.071967	0.702730	9.141637	0.146601	-0.066116	-0.020125	0.676613	-0.568647	0.467799	0.608959	0.789291	0.078662	-0.413961	0.231647	0.880327
55288	5.040218	0.556131	8.974075	0.158285	-0.051312	-0.025408	0.676237	-0.568724	0.468249	0.608488	0.789506	0.080148	-0.415267	0.230725	0.879954
55289	5.038305	0.718506	9.104736	0.178409	-0.051553	-0.028798	0.675817	-0.568852	0.468699	0.607978	0.789725	0.081834	-0.416695	0.229654	0.879559
55290	5.111811	0.752718	8.905465	0.201958	-0.028540	-0.033486	0.675470	-0.569062	0.468944	0.607392	0.789976	0.083742	-0.418109	0.228268	0.879249
55291	4.980303	0.698224	8.937945	0.201487	-0.010452	-0.042588	0.675137	-0.569394	0.469020	0.606874	0.790165	0.085695	-0.419397	0.226780	0.879020
55292	4.928648	0.570711	9.055910	0.197770	0.002376	-0.045480	0.674841	-0.569779	0.468978	0.606391	0.790324	0.087622	-0.420570	0.225254	0.878853
55293	4.827472	0.769766	8.938565	0.203161	0.027084	-0.052953	0.674604	-0.570279	0.468713	0.605931	0.790451	0.089637	-0.421613	0.223538	0.878791
55294	4.841253	0.814649	9.085497	0.172032	0.012720	-0.048805	0.674302	-0.570748	0.468576	0.605615	0.790497	0.091356	-0.422549	0.222175	0.878687
55295	4.742498	0.933712	9.069101	0.141265	0.006406	-0.045322	0.674024	-0.571140	0.468498	0.605361	0.790524	0.092792	-0.423356	0.221066	0.878578
55296	4.573225	1.176350	8.920321	0.095126	0.002651	-0.038778	0.673762	-0.571485	0.468454	0.605273	0.790474	0.093786	-0.423898	0.220353	0.878496
55297	4.639635	1.106811	9.071253	0.035302	-0.021772	-0.021358	0.673510	-0.571626	0.468645	0.605305	0.790403	0.094179	-0.424253	0.220243	0.878352
55298	4.688544	1.115429	8.974723	-0.009402	-0.025858	-0.007557	0.673323	-0.571649	0.468885	0.605437	0.790310	0.094107	-0.424361	0.220516	0.878231
55299	4.700789	1.167512	8.926798	-0.055874	-0.016945	0.005772	0.673256	-0.571586	0.469059	0.605673	0.790193	0.093571	-0.424131	0.221099	0.878196
55300	4.812780	1.037633	8.997197	-0.089954	-0.018999	0.018875	0.673239	-0.571436	0.469264	0.605993	0.790053	0.092670	-0.423699	0.221982	0.878182
55301	4.832415	0.957011	9.032078	-0.102183	-0.019031	0.024446	0.673276	-0.571221	0.469474	0.606299	0.789939	0.091640	-0.423202	0.222942	0.878178
55302	5.021684	0.739236	9.096477	-0.104048	-0.017271	0.021250	0.673315	-0.571020	0.469662	0.606620	0.789812	0.090602	-0.422680	0.223903	0.878185
55303	4.870345	0.795367	9.102081	-0.081355	0.005091	0.013119	0.673386	-0.570948	0.469648	0.606913	0.789678	0.089807	-0.422146	0.224561	0.878274
55304	4.981667	0.724219	9.053406	-0.075785	0.013966	0.008104	0.673450	-0.570950	0.469554	0.607236	0.789512	0.089081	-0.421579	0.225139	0.878398
55305	4.901328	0.714381	9.071849	-0.071613	0.014848	0.002453	0.673497	-0.570983	0.469446	0.607559	0.789338	0.088422	-0.421039	0.225664	0.878523
55306	4.902705	0.760680	9.059678	-0.071398	0.014136	0.000426	0.673506	-0.571056	0.469344	0.607926	0.789128	0.087770	-0.420494	0.226213	0.878642
55307	4.908933	0.756582	9.027446	-0.071302	0.018455	0.001139	0.673560	-0.571109	0.469203	0.608255	0.788946	0.087120	-0.419931	0.226715	0.878782
55308	4.872146	0.728092	9.072779	-0.092108	0.022228	0.001978	0.673631	-0.571167	0.469030	0.608674	0.788715	0.086277	-0.419210	0.227367	0.878958
55309	4.768910	0.645361	9.081594	-0.138260	0.020850	0.009945	0.673749	-0.571156	0.468875	0.609224	0.788430	0.084997	-0.418221	0.228383	0.879166
55310	4.787637	0.957932	9.095202	-0.199384	0.016113	0.016282	0.673859	-0.571115	0.468767	0.610022	0.788010	0.083146	-0.416879	0.229929	0.879400
55311	4.728843	1.008964	9.019700	-0.272854	0.018681	0.032386	0.674104	-0.570923	0.468649	0.610976	0.787538	0.080576	-0.415081	0.232016	0.879702
55312	4.607616	1.264984	9.107141	-0.336601	-0.001522	0.047620	0.674373	-0.570547	0.468719	0.612070	0.787010	0.077366	-0.413027	0.234715	0.879953
55313	4.407206	1.328258	9.338725	-0.384771	-0.043800	0.071588	0.674601	-0.569899	0.469178	0.613209	0.786482	0.073626	-0.410960	0.238036	0.880029
55314	4.236749	1.239520	9.471505	-0.383878	-0.149545	0.089632	0.674537	-0.568819	0.470579	0.614180	0.786073	0.069800	-0.409613	0.241938	0.879593
55315	4.099701	1.350689	9.727683	-0.297974	-0.299162	0.106473	0.673935	-0.567271	0.473302	0.614720	0.785923	0.066660	-0.409793	0.246023	0.878375
55316	2.043140	1.578235	11.474558	-0.208652	-0.425688	0.121892	0.672927	-0.565251	0.477137	0.614768	0.786089	0.064224	-0.411375	0.250111	0.876479
55317	4.012266	-0.264597	10.793029	0.096351	-0.989513	0.096948	0.669386	-0.562009	0.485869	0.613755	0.786851	0.064582	-0.418602	0.254974	0.871642
55318	3.498405	1.074981	11.244358	0.077936	-0.962402	0.101571	0.665917	-0.558749	0.494322	0.612786	0.787593	0.064738	-0.425497	0.259804	0.866865
55319	3.875660	1.098027	11.726826	0.233304	-1.351039	0.085033	0.660588	-0.554548	0.506063	0.611255	0.788651	0.066311	-0.435880	0.265530	0.859944
55320	4.543251	1.910260	12.687415	0.081508	-1.614638	0.235480	0.654892	-0.548328	0.520050	0.609355	0.790164	0.065778	-0.446993	0.273817	0.851599
55321	4.318074	3.697267	12.608311	-0.297809	-1.855022	0.499566	0.649513	-0.539199	0.536094	0.607481	0.792019	0.060603	-0.457273	0.286305	0.841980
55322	4.444105	2.494142	12.248143	-0.372905	-2.227300	0.653068	0.643126	-0.527498	0.555100	0.605028	0.794377	0.053905	-0.469393	0.301183	0.830035
55323	5.418348	4.575816	12.796510	-0.433045	-2.500300	0.911235	0.636686	-0.512524	0.576151	0.601297	0.797747	0.045173	-0.482775	0.317677	0.816094
55324	5.755190	4.345966	12.248434	-0.731459	-2.620379	1.264624	0.631423	-0.493851	0.597843	0.596894	0.801689	0.031819	-0.494998	0.336757	0.800981
55325	4.988166	4.529176	10.699049	-0.737084	-2.958559	1.637661	0.626256	-0.470431	0.621689	0.590335	0.807000	0.015983	-0.509222	0.356995	0.783101
55326	4.955207	3.912585	10.296049	-1.055390	-3.588364	2.039303	0.619629	-0.440673	0.649512	0.583129	0.812363	-0.005138	-0.525376	0.381933	0.760334
55327	9.427043	5.772403	12.666332	-0.225716	-4.220132	2.239473	0.609822	-0.405860	0.680731	0.570614	0.820931	-0.021727	-0.550015	0.401684	0.732211
55328	14.840263	13.493935	16.168919	-0.881796	-3.514975	2.635103	0.605063	-0.369666	0.705157	0.559568	0.827487	-0.046344	-0.566377	0.422625	0.707535
55329	7.075415	7.058205	10.569145	-2.039452	-3.092890	2.970792	0.603929	-0.331568	0.724798	0.553276	0.828974	-0.081786	-0.573721	0.450406	0.684090
55330	6.333689	2.547140	8.854147	-1.896497	-3.177226	3.025516	0.602160	-0.291772	0.743150	0.546034	0.829591	-0.116731	-0.582451	0.476076	0.658864
55331	6.920693	0.943831	8.145350	-1.462217	-3.118710	3.036519	0.600228	-0.251403	0.759291	0.536415	0.830698	-0.148996	-0.593284	0.496727	0.633464
55332	5.884027	-1.209234	6.997797	-1.147957	-2.810559	3.068583	0.599655	-0.211720	0.771744	0.524918	0.831984	-0.179622	-0.604049	0.512814	0.610039
55333	-1.989049	2.572153	8.225974	-0.621652	-2.344739	2.141347	0.596477	-0.181766	0.781778	0.515942	0.832952	-0.199986	-0.614833	0.522639	0.590617
55334	14.838406	14.298459	9.075617	0.386778	-2.132335	-0.890786	0.578572	-0.178058	0.795958	0.518812	0.833348	-0.190696	-0.629355	0.523284	0.574531
55335	7.555099	23.312437	13.870054	-0.275260	-0.041041	-2.514218	0.565033	-0.198731	0.800777	0.534962	0.827142	-0.172199	-0.628134	0.525683	0.573676
55336	-1.652941	18.049536	8.490094	-0.985842	0.319208	-3.785197	0.546225	-0.231510	0.805010	0.562198	0.813752	-0.147446	-0.620944	0.533114	0.574646
55337	-0.454844	13.984173	8.647379	-1.631463	0.429967	-4.569440	0.522353	-0.270568	0.808666	0.596694	0.793453	-0.119953	-0.609183	0.545184	0.575909
55338	1.726699	8.500052	9.588419	-1.833084	0.748462	-5.033590	0.495853	-0.314052	0.809630	0.633400	0.768598	-0.089786	-0.594083	0.557341	0.580032
55339	2.184883	4.736574	9.974263	-1.674706	1.263971	-5.236469	0.469124	-0.360710	0.806109	0.668519	0.741488	-0.057259	-0.577066	0.565760	0.588991
55340	1.728472	1.637959	10.321791	-1.396146	1.778791	-5.243865	0.443293	-0.408995	0.797631	0.700423	0.713341	-0.023494	-0.559374	0.569094	0.602689
55341	1.083314	-2.540565	9.673539	-1.132675	2.243844	-5.111209	0.419077	-0.457495	0.784266	0.728740	0.684718	0.010018	-0.541584	0.567327	0.620344
55342	1.522735	-3.892627	9.741997	-0.556643	2.531211	-4.732992	0.397538	-0.503588	0.767048	0.751081	0.658792	0.043252	-0.527106	0.558921	0.640130
55343	3.144436	-4.120681	10.117012	-0.118675	2.760681	-3.988712	0.381606	-0.544691	0.746786	0.767274	0.637188	0.072676	-0.515429	0.545256	0.661082
55344	4.452476	-4.657216	10.115977	0.298116	2.998963	-3.083355	0.373075	-0.580203	0.724003	0.777422	0.621396	0.097374	-0.506389	0.526528	0.682890
55345	5.093583	-3.901965	10.110134	0.645700	3.241679	-2.178212	0.372351	-0.610335	0.699175	0.782325	0.611715	0.117355	-0.499322	0.503286	0.705253
55346	5.488903	-2.993035	10.032515	0.840438	3.441412	-1.354913	0.378783	-0.635491	0.672811	0.783279	0.607346	0.132682	-0.492948	0.476741	0.727819
55347	5.930852	-2.197708	9.983114	0.982193	3.612745	-0.707688	0.390907	-0.656494	0.645141	0.781222	0.607275	0.144599	-0.486707	0.447474	0.750256
55348	6.187461	-1.683354	9.859925	1.130525	3.704094	-0.289690	0.406535	-0.674281	0.616502	0.776943	0.610183	0.155036	-0.480717	0.415959	0.771939
55349	6.556059	-0.991309	9.691603	1.294026	3.739857	-0.083884	0.423725	-0.689738	0.587127	0.771137	0.614741	0.165654	-0.475189	0.382564	0.792364
55350	6.768273	0.400899	9.250107	1.428024	3.731387	-0.016595	0.441200	-0.703499	0.557164	0.764496	0.619795	0.177200	-0.469988	0.347769	0.811276
55351	6.641491	1.761303	8.888525	1.452644	3.658879	-0.014493	0.458153	-0.715687	0.527151	0.757804	0.624456	0.189177	-0.464573	0.312806	0.828447
55352	6.484859	2.695586	8.655188	1.403787	3.532546	-0.049156	0.474057	-0.726472	0.497502	0.751590	0.628209	0.201164	-0.458675	0.278554	0.843816
55353	6.260736	3.133810	8.513642	1.330107	3.349335	-0.116458	0.488410	-0.736000	0.468786	0.746123	0.630810	0.213024	-0.452501	0.245729	0.857240
55354	6.764194	2.915020	9.025289	1.297382	3.142505	-0.210322	0.500940	-0.744588	0.441190	0.741368	0.632195	0.225172	-0.446579	0.214287	0.868705
55355	8.319903	2.136052	9.555220	1.339450	3.042023	-0.346345	0.511846	-0.752837	0.413823	0.737210	0.632232	0.238337	-0.441061	0.183083	0.878604
55356	9.644703	1.364016	9.745169	1.432924	3.084629	-0.508981	0.521591	-0.761231	0.385319	0.733597	0.630728	0.253017	-0.435636	0.150697	0.887418
55357	10.455997	0.801370	9.458652	1.512761	3.159754	-0.655149	0.530438	-0.769601	0.355458	0.730528	0.627709	0.268907	-0.430075	0.117033	0.895175
55358	11.075104	-0.081682	8.774220	1.530085	3.177807	-0.723665	0.538702	-0.777335	0.324886	0.727898	0.623601	0.285106	-0.424222	0.082897	0.901756
55359	11.701036	-1.316086	7.659396	1.499509	3.128690	-0.717684	0.546630	-0.783879	0.294498	0.725511	0.618961	0.300868	-0.418127	0.049198	0.907055
55360	12.078525	-2.435113	6.267986	1.520637	2.931350	-0.603977	0.554405	-0.788600	0.265980	0.722554	0.614677	0.316366	-0.412978	0.016791	0.910586
55361	12.206150	-2.860604	5.352000	1.536440	2.631406	-0.372687	0.562506	-0.790950	0.240801	0.718352	0.611734	0.331289	-0.409339	-0.013372	0.912284
55362	12.530113	-2.611810	4.738442	1.528289	2.236307	-0.090123	0.570962	-0.790927	0.220086	0.712657	0.610578	0.345419	-0.407581	-0.040375	0.912276
55363	13.379912	-0.917963	4.396394	1.399574	1.830532	0.242522	0.580104	-0.788516	0.204260	0.705595	0.611744	0.357639	-0.406959	-0.063342	0.911248
55364	14.464718	0.657796	3.497590	1.077216	1.551880	0.548993	0.590227	-0.784045	0.192109	0.698044	0.615248	0.366340	-0.405422	-0.082123	0.910433
55365	14.505076	1.476643	2.237977	0.717208	1.356841	0.755808	0.600922	-0.778181	0.182556	0.690680	0.620487	0.371425	-0.402310	-0.097110	0.910339
55366	13.435219	0.211584	0.954411	0.480003	1.126925	0.798522	0.610891	-0.772069	0.175276	0.683955	0.626157	0.374343	-0.398769	-0.108802	0.910574
55367	11.741167	-1.282899	-0.253141	0.514711	0.744490	0.637283	0.618164	-0.767245	0.170908	0.678024	0.630458	0.377897	-0.397689	-0.117722	0.909937
55368	11.045616	-2.097809	-0.659934	0.675606	0.239336	0.335355	0.621352	-0.764863	0.170017	0.673284	0.632188	0.383441	-0.400763	-0.123782	0.907781
55369	4.752942	2.682488	3.102055	0.842720	-0.136219	-0.084994	0.620198	-0.765595	0.170933	0.670442	0.630457	0.391193	-0.407261	-0.128016	0.904295
55370	1.339276	23.469966	10.278738	-3.469859	-1.649299	-0.419919	0.610707	-0.770094	0.184366	0.686961	0.631052	0.360357	-0.393854	-0.093420	0.914413
55371	-1.659248	-3.022539	8.346762	-3.937513	-0.521108	-0.173917	0.607477	-0.771628	0.188582	0.703088	0.632799	0.324396	-0.369647	-0.064474	0.926933
55372	5.127710	-9.407679	15.391607	-2.941218	-1.296836	-0.778453	0.597200	-0.777210	0.198235	0.718490	0.628220	0.298517	-0.356545	-0.035844	0.933590
55373	-0.351825	0.513863	11.907097	-1.814736	-0.925678	-1.036943	0.586386	-0.783952	0.203890	0.731060	0.620582	0.283599	-0.348858	-0.017243	0.937017
55374	1.038652	0.592591	7.237408	-2.100357	-1.252140	-0.197017	0.580587	-0.785267	0.215118	0.739484	0.619132	0.264272	-0.340710	0.005643	0.940152
55375	1.057015	-6.824834	8.261758	-2.137689	-1.537425	0.380146	0.578190	-0.782646	0.230569	0.744522	0.621695	0.243276	-0.333742	0.031004	0.942154
55376	0.776230	-8.177100	12.226298	-1.201531	-1.710297	0.084727	0.573074	-0.781430	0.246889	0.748081	0.621832	0.231734	-0.334607	0.051893	0.940928
55377	3.295320	-3.334129	13.097505	-0.426241	-2.060662	-0.215502	0.564443	-0.781523	0.265756	0.750782	0.619859	0.228257	-0.343120	0.070687	0.936628
55378	5.563671	-5.702804	14.406661	-0.536052	-2.268326	0.050882	0.556911	-0.779383	0.287076	0.752391	0.619793	0.223080	-0.351792	0.091757	0.931570
55379	10.966960	-7.518629	16.026333	-0.253819	-2.079006	0.365650	0.552213	-0.775037	0.307212	0.751300	0.622350	0.219611	-0.361400	0.109536	0.925955
55380	10.694397	-3.274683	14.712720	-0.029859	-1.498382	0.499312	0.550452	-0.770205	0.322160	0.748688	0.626146	0.217732	-0.369418	0.121347	0.921306
55381	6.368290	2.312634	11.338425	0.047791	-1.188073	0.417359	0.549108	-0.766108	0.334006	0.746247	0.629383	0.216778	-0.376293	0.130217	0.917304
55382	4.128965	5.431457	9.232620	-0.039778	-1.171685	0.297156	0.546848	-0.762668	0.345392	0.744802	0.631574	0.215371	-0.382397	0.139474	0.913411
55383	4.381832	5.357721	8.771456	-0.295172	-1.226688	0.310542	0.544407	-0.758940	0.357254	0.744275	0.633478	0.211566	-0.386879	0.150717	0.909730
55384	4.645175	3.403635	9.258866	-0.401068	-1.162495	0.357091	0.542516	-0.754869	0.368576	0.743925	0.635525	0.206598	-0.390194	0.162110	0.906349
55385	5.824623	2.435244	10.013480	-0.456592	-1.103295	0.419704	0.541284	-0.750363	0.379430	0.743471	0.637888	0.200875	-0.392763	0.173364	0.903151
55386	8.272722	2.535842	11.108330	-0.542499	-0.902109	0.520368	0.541573	-0.745438	0.388613	0.742818	0.640783	0.193955	-0.393598	0.183629	0.900756
55387	8.681512	3.050398	10.721571	-0.761186	-0.518040	0.583893	0.543844	-0.740730	0.394401	0.742667	0.643659	0.184793	-0.390742	0.192410	0.900166
55388	6.034841	2.129353	9.899477	-0.708840	-0.305988	0.484695	0.546222	-0.737018	0.398053	0.742814	0.645823	0.176463	-0.387128	0.199291	0.900230
55389	5.480743	-0.141643	10.195184	-0.679987	-0.252186	0.430746	0.548417	-0.733737	0.401084	0.743109	0.647583	0.168599	-0.383442	0.205587	0.900392
55390	5.551909	-0.675871	10.439027	-0.515253	-0.182483	0.337357	0.550196	-0.731182	0.403308	0.743256	0.648954	0.162573	-0.380599	0.210314	0.900507
55391	5.077587	-0.330005	10.108125	-0.394694	-0.106116	0.238626	0.551533	-0.729423	0.404665	0.743471	0.649828	0.158034	-0.378236	0.213696	0.900706
55392	4.620831	0.248491	9.821520	-0.350348	-0.059122	0.191565	0.552704	-0.728061	0.405520	0.743766	0.650442	0.154071	-0.375940	0.216456	0.901008
55393	4.239681	0.760575	9.602699	-0.296951	-0.067762	0.155135	0.553570	-0.726919	0.406385	0.744053	0.650892	0.150745	-0.374092	0.218924	0.901181
55394	4.119119	1.475338	9.248395	-0.290137	-0.075283	0.139201	0.554294	-0.725857	0.407295	0.744397	0.651236	0.147533	-0.372332	0.221412	0.901302
55395	4.456178	1.786239	9.222111	-0.290707	-0.107323	0.132774	0.554851	-0.724769	0.408474	0.744772	0.651519	0.144350	-0.370749	0.224127	0.901284
55396	4.380444	2.178460	9.050066	-0.269618	-0.076604	0.123495	0.555457	-0.723801	0.409365	0.745116	0.651777	0.141385	-0.369149	0.226491	0.901349
55397	4.484495	1.842369	9.298210	-0.282957	-0.101846	0.121734	0.555955	-0.722791	0.410472	0.745513	0.651981	0.138314	-0.367592	0.229115	0.901322
55398	5.088879	1.394169	9.491410	-0.214899	-0.054228	0.103213	0.556495	-0.722003	0.411126	0.745759	0.652203	0.135923	-0.366275	0.230961	0.901388
55399	4.777697	1.352995	9.338738	-0.167244	0.023222	0.087301	0.557198	-0.721503	0.411053	0.745916	0.652414	0.134036	-0.364884	0.231927	0.901704
55400	4.156168	1.025489	9.279309	-0.155066	0.035604	0.080547	0.557897	-0.721069	0.410864	0.746063	0.652605	0.132276	-0.363512	0.232734	0.902050
55401	4.112990	0.848508	9.353507	-0.160107	0.011648	0.076235	0.558475	-0.720614	0.410878	0.746250	0.652749	0.130497	-0.362238	0.233738	0.902302
55402	3.950798	0.692354	9.291423	-0.212079	-0.007247	0.081850	0.559029	-0.720072	0.411074	0.746590	0.652812	0.128216	-0.360679	0.235227	0.902540
55403	3.882748	0.596163	9.316162	-0.243617	-0.041145	0.093649	0.559547	-0.719379	0.411583	0.746975	0.652879	0.125611	-0.359076	0.237157	0.902674
55404	3.861213	1.096050	9.162319	-0.251026	-0.093397	0.104105	0.559960	-0.718486	0.412581	0.747323	0.652999	0.122885	-0.357706	0.239520	0.902594
55405	3.922068	1.659760	9.058229	-0.266084	-0.129917	0.114876	0.560321	-0.717438	0.413912	0.747661	0.653151	0.119989	-0.356431	0.242233	0.902375
55406	3.811701	2.279162	8.903517	-0.291432	-0.171994	0.113049	0.560525	-0.716289	0.415622	0.748095	0.653221	0.116860	-0.355198	0.245422	0.901999
55407	3.939371	2.169191	8.844530	-0.366861	-0.223803	0.110654	0.560526	-0.715028	0.417787	0.748807	0.653073	0.113070	-0.353693	0.249463	0.901482
55408	4.845800	1.360403	9.392197	-0.372242	-0.248903	0.116812	0.560492	-0.713648	0.420185	0.749497	0.652940	0.109196	-0.352283	0.253724	0.900845
55409	4.695880	1.216181	9.235385	-0.346257	-0.162365	0.106592	0.560688	-0.712552	0.421781	0.750147	0.652783	0.105608	-0.350583	0.257185	0.900526
55410	4.685802	1.062485	9.401664	-0.325830	-0.172323	0.105074	0.560843	-0.711429	0.423467	0.750728	0.652658	0.102200	-0.349087	0.260591	0.900128
55411	4.803032	0.789306	9.359645	-0.279214	-0.108744	0.093228	0.561131	-0.710550	0.424560	0.751209	0.652556	0.099272	-0.347586	0.263229	0.899941
55412	4.020187	1.125361	9.125937	-0.267161	-0.108871	0.090601	0.561404	-0.709679	0.425653	0.751658	0.652462	0.096452	-0.346173	0.265797	0.899731
55413	4.189613	1.181965	9.250208	-0.279800	-0.159763	0.089912	0.561495	-0.708680	0.427196	0.752151	0.652319	0.093532	-0.344952	0.268798	0.899308
55414	4.762199	0.890430	9.148196	-0.272081	-0.148352	0.082908	0.561577	-0.707747	0.428632	0.752653	0.652140	0.090701	-0.343721	0.271675	0.898915
55415	4.011451	0.863310	9.033905	-0.289676	-0.138423	0.076960	0.561649	-0.706881	0.429965	0.753245	0.651860	0.087747	-0.342304	0.274586	0.898572
55416	4.358486	0.478191	9.343600	-0.307713	-0.200125	0.069489	0.561458	-0.705884	0.431848	0.753937	0.651470	0.084654	-0.341092	0.278057	0.897965
55417	4.616462	0.767802	9.205493	-0.260923	-0.182956	0.059965	0.561254	-0.704995	0.433561	0.754520	0.651130	0.082032	-0.340137	0.281089	0.897383
55418	4.126110	1.408269	9.074185	-0.237467	-0.179826	0.063756	0.561094	-0.704080	0.435252	0.754999	0.650877	0.079595	-0.339337	0.283954	0.896784
55419	3.933272	1.486067	9.041207	-0.277636	-0.253783	0.083919	0.560835	-0.702823	0.437612	0.755500	0.650640	0.076721	-0.338649	0.287589	0.895885
55420	5.700715	0.902583	9.533860	-0.268609	-0.266744	0.089273	0.560577	-0.701478	0.440094	0.755939	0.650458	0.073895	-0.338098	0.291261	0.894906
55421	3.031603	1.534900	8.889745	-0.217651	-0.198606	0.106834	0.560680	-0.700215	0.441969	0.756106	0.650536	0.071457	-0.337552	0.294111	0.894180
55422	5.081822	0.675450	9.232189	-0.191419	-0.297732	0.109153	0.560470	-0.698632	0.444732	0.756170	0.650702	0.069234	-0.337757	0.297490	0.892984
55423	4.627712	0.548949	9.269952	-0.192357	-0.277334	0.111889	0.560346	-0.697088	0.447304	0.756224	0.650873	0.066999	-0.337842	0.300720	0.891869
55424	5.216769	0.056394	9.622088	-0.139938	-0.254501	0.084140	0.560092	-0.695779	0.449654	0.756256	0.651005	0.065345	-0.338193	0.303454	0.890809
55425	5.097563	-0.159563	9.480818	-0.105577	-0.203655	0.055487	0.559789	-0.694811	0.451524	0.756333	0.651035	0.064136	-0.338521	0.305600	0.889951
55426	4.995413	0.328283	9.248649	-0.084848	-0.174022	0.031288	0.559406	-0.694081	0.453118	0.756475	0.650960	0.063211	-0.338836	0.307412	0.889206
55427	4.781720	-0.206696	9.453430	-0.032667	-0.151093	-0.004589	0.558826	-0.693658	0.454479	0.756643	0.650794	0.062923	-0.339419	0.308716	0.888532
55428	5.020523	0.734030	9.107330	-0.038833	-0.171797	-0.011745	0.558123	-0.693210	0.456024	0.756870	0.650560	0.062602	-0.340068	0.310211	0.887763
55429	4.665340	0.499886	9.188044	-0.073168	-0.120645	-0.006999	0.557627	-0.692894	0.457111	0.757189	0.650250	0.061966	-0.340172	0.311566	0.887248
55430	4.742289	0.837327	9.127855	-0.071483	-0.159526	-0.008715	0.556988	-0.692459	0.458547	0.757511	0.649934	0.061343	-0.340503	0.313187	0.886550
55431	4.480177	0.792922	9.235908	-0.067135	-0.138951	0.003905	0.556511	-0.692010	0.459802	0.757748	0.649716	0.060711	-0.340754	0.314628	0.885944
55432	4.344491	1.094105	9.248754	-0.044753	-0.193091	0.020995	0.555981	-0.691271	0.461551	0.757814	0.649688	0.060190	-0.341471	0.316305	0.885070
55433	4.656949	0.802448	9.252953	-0.041060	-0.240382	0.040224	0.555430	-0.690260	0.463722	0.757762	0.649801	0.059622	-0.342482	0.318275	0.883972
55434	4.463577	0.939422	9.320110	0.006273	-0.243342	0.061234	0.555029	-0.689092	0.465934	0.757430	0.650212	0.059364	-0.343863	0.319964	0.882826
55435	4.694072	0.706898	9.224360	0.041537	-0.297308	0.076491	0.554550	-0.687654	0.468623	0.756894	0.650837	0.059355	-0.345813	0.321782	0.881402
55436	4.206509	0.760450	9.552894	0.042090	-0.306927	0.093065	0.554159	-0.686064	0.471407	0.756262	0.651580	0.059260	-0.347816	0.323668	0.879923
55437	4.407452	0.823537	9.547510	0.011960	-0.424103	0.088954	0.553318	-0.684118	0.475208	0.755759	0.652194	0.058927	-0.350240	0.326537	0.877898
55438	4.040804	0.864373	9.980868	0.166401	-0.419056	0.107523	0.552624	-0.682050	0.478972	0.754609	0.653440	0.059845	-0.353797	0.328364	0.875788
55439	5.132786	-0.709409	9.331888	0.135143	-0.642327	0.047908	0.550665	-0.679629	0.484636	0.753894	0.654178	0.060778	-0.358345	0.331896	0.872602
55440	4.523192	0.825157	9.784021	0.213861	-0.591160	0.016116	0.548624	-0.677560	0.489821	0.753065	0.654968	0.062535	-0.363188	0.334558	0.869578
55441	4.936270	0.227270	9.696367	0.289015	-0.687839	-0.004682	0.546036	-0.675293	0.495807	0.752064	0.655872	0.065049	-0.369113	0.337359	0.865993
55442	4.630246	0.330988	9.864259	0.303624	-0.764459	-0.036613	0.542884	-0.672948	0.502412	0.751163	0.656622	0.067829	-0.375540	0.340570	0.861964
55443	4.552739	0.679465	9.900982	0.344367	-0.898246	-0.065169	0.538954	-0.670312	0.510107	0.750242	0.657329	0.071103	-0.382969	0.344383	0.857167
55444	4.531748	0.537259	9.943980	0.325854	-1.013410	-0.074180	0.534447	-0.667293	0.518736	0.749410	0.657930	0.074242	-0.390833	0.349067	0.851705
55445	4.504179	0.753819	9.946359	0.331478	-1.157066	-0.078533	0.529252	-0.663751	0.528514	0.748550	0.658539	0.077451	-0.399455	0.354628	0.845384
55446	4.265984	1.106691	10.332293	0.239233	-1.356973	-0.078558	0.523153	-0.659412	0.539896	0.748029	0.658844	0.079859	-0.408367	0.362079	0.837935
55447	4.176381	1.658207	11.139748	0.106101	-1.644164	-0.013861	0.516224	-0.653478	0.553606	0.747695	0.659107	0.080805	-0.417690	0.372215	0.828849
55448	3.720283	1.376169	11.320972	-0.093504	-2.000757	0.098141	0.508474	-0.645253	0.570177	0.747619	0.659357	0.079461	-0.427222	0.385872	0.817670
55449	3.875558	1.701483	11.227011	-0.093454	-2.447266	0.202653	0.499356	-0.634284	0.590193	0.747035	0.660249	0.077516	-0.438841	0.402187	0.803532
55450	3.588462	1.402348	11.273562	-0.068847	-2.860521	0.357183	0.489243	-0.620159	0.613225	0.745609	0.662172	0.074798	-0.452447	0.420631	0.786359
55451	3.165409	2.601127	11.138658	0.239999	-3.374656	0.559424	0.477793	-0.601934	0.639835	0.741829	0.666588	0.073146	-0.470535	0.439700	0.765023
55452	2.186910	5.324101	11.243371	-0.362135	-4.032510	0.998726	0.465852	-0.576999	0.670861	0.738883	0.670801	0.063860	-0.486861	0.465939	0.738828
55453	3.771307	4.196398	11.202745	-0.811839	-4.728273	1.336853	0.452285	-0.545222	0.705813	0.736796	0.674353	0.048782	-0.502564	0.497976	0.706717
55454	4.519713	4.062987	10.900240	-0.914498	-5.242486	1.633105	0.437481	-0.507183	0.742547	0.734235	0.678203	0.030650	-0.519143	0.531795	0.669093
55455	6.714780	6.421329	11.202850	-0.847942	-5.850368	2.006419	0.421205	-0.461407	0.780827	0.730135	0.683231	0.009876	-0.538042	0.565949	0.624670
55456	8.165626	6.945377	12.058653	-1.024757	-6.371799	2.487492	0.404389	-0.407172	0.818951	0.725509	0.688023	-0.016173	-0.556872	0.600696	0.573636
55457	14.414431	3.988973	12.356427	-0.601604	-6.841880	2.734674	0.385207	-0.346121	0.855462	0.718162	0.694586	-0.042351	-0.579534	0.630674	0.516130
55458	24.631388	6.147122	16.906205	0.198865	-6.525068	2.998377	0.367852	-0.283343	0.885665	0.705723	0.705267	-0.067485	-0.605508	0.649858	0.459395
55459	17.556744	6.637846	16.021311	-0.191434	-5.657251	3.529076	0.357713	-0.221095	0.907281	0.694128	0.712878	-0.099953	-0.624682	0.665524	0.408474
55460	14.072362	8.129163	17.356640	-0.564771	-5.361060	3.885676	0.350558	-0.157260	0.923243	0.683970	0.716401	-0.137677	-0.639761	0.679735	0.358701
55461	10.654054	8.983002	17.665884	-1.073159	-4.871981	4.182360	0.347559	-0.093873	0.932947	0.676322	0.714253	-0.180089	-0.649455	0.693564	0.311733
55462	5.195578	9.326844	16.233214	-1.341307	-4.599178	4.242463	0.346065	-0.031535	0.937680	0.670400	0.707498	-0.223628	-0.656355	0.706011	0.265981
55463	-2.354949	9.537350	13.109994	-1.735786	-4.735869	4.535599	0.345141	0.034016	0.937934	0.666194	0.695050	-0.270354	-0.661108	0.718156	0.217229
55464	-1.352013	16.182273	12.333441	-2.527179	-5.621194	3.781707	0.333151	0.100650	0.937486	0.670141	0.674156	-0.310524	-0.663266	0.731699	0.157146
55465	25.743968	7.893875	13.513257	-3.400818	-5.560140	0.996693	0.303149	0.148369	0.941322	0.689476	0.647733	-0.324137	-0.657817	0.747281	0.094063
55466	25.127407	9.725325	18.884867	-2.833049	-1.782027	-0.988492	0.284602	0.155475	0.945954	0.710848	0.627830	-0.317056	-0.643193	0.762664	0.068162
55467	13.438756	7.600102	17.996698	-2.192460	0.888621	-2.665474	0.270963	0.132068	0.953487	0.732188	0.614752	-0.293224	-0.624883	0.777585	0.069876
55468	7.723452	9.582437	15.555724	-2.103960	2.487384	-3.528687	0.259964	0.090999	0.961321	0.754507	0.602145	-0.261036	-0.602609	0.793184	0.087877
55469	-0.474427	7.531340	10.624057	-2.377583	3.035894	-3.677667	0.249643	0.044823	0.967300	0.777933	0.585559	-0.227904	-0.576627	0.809389	0.111312
55470	-4.150913	4.126151	7.247267	-2.407580	2.907616	-3.560633	0.237897	0.000489	0.971290	0.800219	0.566677	-0.196282	-0.550504	0.823940	0.134420
55471	-3.570549	-0.146377	6.285738	-2.040959	2.664597	-3.310904	0.225417	-0.040085	0.973437	0.818924	0.549059	-0.167027	-0.527779	0.834822	0.156594
55472	-1.335437	-2.847340	6.974540	-1.245325	2.654222	-3.016684	0.214275	-0.078765	0.973593	0.832060	0.536806	-0.139697	-0.511627	0.840021	0.180561
55473	-0.007896	-3.559497	7.734116	-0.340428	2.869342	-2.643893	0.206691	-0.116975	0.971389	0.839379	0.531325	-0.114620	-0.502715	0.839054	0.208006
55474	0.516181	-2.756852	7.780280	0.425062	3.158044	-2.169996	0.204251	-0.154980	0.966573	0.841736	0.531891	-0.092588	-0.499762	0.832510	0.239091
55475	1.338069	-1.506744	7.925843	0.956887	3.447725	-1.623111	0.207806	-0.192167	0.959108	0.840319	0.536950	-0.074486	-0.500680	0.821436	0.273063
55476	2.394383	-0.560693	8.061559	1.234230	3.770979	-1.075998	0.217684	-0.228766	0.948831	0.836444	0.544695	-0.060573	-0.502966	0.806830	0.309921
55477	3.553416	-0.412398	8.344701	1.440529	4.084639	-0.652619	0.232808	-0.264945	0.935738	0.830674	0.554540	-0.049656	-0.505748	0.788853	0.349184
55478	4.949660	-0.566107	8.264041	1.584323	4.458926	-0.420949	0.251906	-0.302081	0.919397	0.823694	0.565633	-0.039837	-0.508008	0.767337	0.391309
55479	5.230080	-0.660945	7.950808	1.711255	4.840984	-0.382875	0.273356	-0.340811	0.899514	0.816021	0.577281	-0.029261	-0.509300	0.742021	0.435912
55480	4.844151	-0.781502	7.218444	1.782825	5.073050	-0.449908	0.295520	-0.380438	0.876319	0.808253	0.588589	-0.017041	-0.509309	0.713323	0.481430
55481	6.099894	-2.850888	6.438302	1.861100	5.064565	-0.667680	0.315895	-0.419748	0.850895	0.800848	0.598865	-0.001894	-0.508777	0.682035	0.525332
55482	4.748748	-1.356466	7.112611	2.217073	5.077007	-1.178596	0.332341	-0.460671	0.823001	0.793409	0.608356	0.020134	-0.509953	0.646285	0.567683
55483	6.253234	-1.119666	7.394725	1.500299	4.821966	-1.080810	0.348232	-0.497668	0.794394	0.789499	0.612593	0.037688	-0.505396	0.614049	0.606233
55484	7.941367	-3.625918	8.117822	1.715761	4.693210	-1.000086	0.363984	-0.531908	0.764584	0.784454	0.617632	0.056233	-0.502143	0.579313	0.642066
55485	8.608365	-4.151973	9.261535	1.683715	4.653706	-0.805581	0.380923	-0.563041	0.733405	0.779065	0.622636	0.073365	-0.497952	0.543424	0.675821
55486	9.585462	-3.847866	10.131713	1.760223	4.667260	-0.588128	0.399474	-0.591277	0.700580	0.772674	0.628421	0.089794	-0.493352	0.505449	0.707901
55487	9.911313	-3.183040	10.236201	1.745205	4.731383	-0.350568	0.419945	-0.616483	0.666029	0.765582	0.634743	0.104809	-0.487370	0.465886	0.738526
55488	10.420063	-1.797283	10.668767	1.711402	4.769835	-0.139316	0.441932	-0.638694	0.629894	0.757947	0.641439	0.118627	-0.479805	0.425001	0.767569
55489	11.383615	-0.854361	10.945211	1.603920	4.834400	-0.041166	0.464548	-0.658513	0.592077	0.750547	0.647620	0.131403	-0.469972	0.383339	0.795096
55490	12.318887	-0.065643	10.683820	1.541621	4.899824	-0.088450	0.486606	-0.676893	0.552296	0.743856	0.652557	0.144390	-0.458140	0.340567	0.821049
55491	13.863122	0.046733	10.636614	1.573206	4.938988	-0.270330	0.506881	-0.694409	0.510752	0.738125	0.655680	0.158920	-0.445245	0.296445	0.844912
55492	15.644346	0.319029	10.568484	1.638930	5.095205	-0.577965	0.524928	-0.712180	0.466100	0.733969	0.656039	0.175791	-0.430975	0.249826	0.867092
55493	15.091144	1.245077	9.727338	1.633681	5.291124	-0.896450	0.540702	-0.729996	0.418028	0.731870	0.653224	0.194072	-0.414738	0.201008	0.887462
55494	13.112220	0.406898	9.063889	1.555607	5.309229	-1.171004	0.553655	-0.747028	0.367988	0.732008	0.647265	0.212631	-0.397027	0.151646	0.905192
55495	12.018599	-1.357111	8.592949	1.628656	5.124098	-1.313581	0.563917	-0.762013	0.318331	0.733051	0.639393	0.231977	-0.380307	0.102537	0.919158
55496	12.924574	-2.092880	8.705463	1.898000	4.858384	-1.357737	0.572074	-0.774462	0.270076	0.733719	0.630386	0.253515	-0.366590	0.053130	0.928864
55497	15.055085	-3.008144	8.981624	2.097276	4.546570	-1.361221	0.578475	-0.784309	0.224113	0.734007	0.620354	0.276397	-0.355810	0.004612	0.934547
55498	17.384751	-4.590749	8.435747	2.255759	4.239435	-1.318676	0.583678	-0.791649	0.180588	0.733778	0.609483	0.300168	-0.347693	-0.042690	0.936636
55499	18.408502	-5.468155	7.277117	2.507061	3.802048	-1.297437	0.587278	-0.797017	0.140955	0.732738	0.597513	0.325689	-0.343802	-0.087987	0.934911
55500	20.969208	-1.808118	6.992110	2.512818	3.216864	-1.257585	0.589088	-0.801000	0.106653	0.731545	0.584699	0.350669	-0.343246	-0.128554	0.930407
55501	22.637137	1.450520	5.694435	1.788204	2.786974	-1.173542	0.589985	-0.803776	0.076566	0.732388	0.572670	0.368317	-0.339892	-0.161225	0.926542
55502	22.124277	4.949623	3.634215	-0.009750	1.762425	-0.857222	0.589548	-0.805717	0.057037	0.737516	0.565750	0.368778	-0.329400	-0.175346	0.927766
55503	23.111605	-2.540119	-4.920240	-0.515466	1.023619	-0.763311	0.587184	-0.808216	0.044742	0.743711	0.560489	0.364344	-0.319546	-0.180662	0.930189
55504	25.438205	-5.173198	-7.034100	-1.554986	-0.343939	-0.616703	0.581454	-0.812293	0.045735	0.752242	0.558180	0.350094	-0.309908	-0.169160	0.935597
55505	25.395243	-5.373625	-7.998180	-1.600465	-1.500758	-0.877126	0.570154	-0.819571	0.056818	0.762256	0.553541	0.335498	-0.306416	-0.147976	0.940326
55506	18.090344	-2.947202	-6.622583	-2.277651	-2.120178	-1.048162	0.555624	-0.828185	0.073421	0.775101	0.547907	0.314669	-0.300832	-0.117929	0.946358
55507	2.534600	-4.483016	16.973684	-2.255274	-2.127640	-1.079451	0.540818	-0.836274	0.090340	0.787766	0.541220	0.294117	-0.294856	-0.087897	0.951490
55508	1.855064	-2.004341	16.492838	-1.728336	-1.440706	-1.645443	0.523502	-0.846209	0.099374	0.801594	0.528686	0.279174	-0.288777	-0.066490	0.955085
55509	-11.161739	-5.121100	8.689083	-1.249218	-2.282613	-1.272953	0.506588	-0.854114	0.117716	0.811797	0.518506	0.268585	-0.290439	-0.040500	0.956036
55510	-0.524621	-12.273108	5.294837	-0.964824	-3.464980	-0.480322	0.492413	-0.857416	0.149554	0.817072	0.514590	0.259982	-0.299871	-0.005822	0.953962
55511	7.606588	-12.998036	14.629479	-0.534913	-3.542068	0.255331	0.483615	-0.855735	0.183940	0.817492	0.516692	0.254434	-0.312768	0.027321	0.949436
55512	6.727801	-12.048981	16.952623	-0.028637	-2.913425	0.796334	0.480764	-0.850447	0.213553	0.813773	0.523447	0.252542	-0.326557	0.052371	0.943726
55513	7.185674	-2.054057	14.579654	0.398061	-3.108054	1.349556	0.481228	-0.841315	0.246189	0.805973	0.535091	0.253152	-0.344714	0.076598	0.935577
55514	11.789534	7.036069	12.957115	0.073636	-2.873741	1.530505	0.483362	-0.830497	0.276833	0.798363	0.547924	0.249792	-0.359134	0.100273	0.927883
55515	7.840760	13.571725	11.276678	-0.025627	-2.670103	0.998034	0.481513	-0.822027	0.304000	0.793671	0.556111	0.246631	-0.371795	0.122520	0.920194
55516	9.290612	12.904984	10.404861	-0.639008	-2.742162	0.671454	0.476502	-0.814571	0.330787	0.792887	0.560712	0.238605	-0.379837	0.148580	0.913043
55517	11.167549	4.516737	11.570278	-0.827417	-2.364023	0.601396	0.472202	-0.807407	0.353721	0.793226	0.564229	0.228994	-0.384471	0.172449	0.906886
55518	9.991622	1.996791	12.086947	-0.862198	-1.892150	0.773060	0.471005	-0.799583	0.372588	0.792933	0.568838	0.218358	-0.386537	0.192590	0.901941
55519	12.171075	3.803217	12.040781	-1.154320	-1.555728	0.994871	0.472858	-0.790765	0.388711	0.792719	0.574383	0.204157	-0.384709	0.211601	0.898456
55520	8.261342	1.729241	10.326923	-1.113141	-0.852001	0.747486	0.475495	-0.784606	0.397867	0.793460	0.577813	0.191193	-0.379903	0.224780	0.897300
55521	6.757029	-1.683020	10.775456	-1.030767	-0.792177	0.600530	0.477236	-0.779313	0.406100	0.794522	0.580095	0.179515	-0.375475	0.236984	0.896023
55522	6.696722	-2.975986	11.252318	-0.607897	-0.573286	0.417401	0.478373	-0.775511	0.411998	0.794832	0.581845	0.172334	-0.373366	0.245029	0.894740
55523	5.842611	-0.771572	10.378506	-0.409907	-0.376804	0.273492	0.479107	-0.772998	0.415850	0.795080	0.582912	0.167516	-0.371893	0.250375	0.893872
55524	5.851776	-0.013122	10.374869	-0.329430	-0.270477	0.163314	0.479370	-0.771366	0.418568	0.795548	0.583312	0.163857	-0.370550	0.254443	0.893281
