// General information: 
//  MT Manager version: 2022.2.0 
//  XDA version: 2022.2.0 build 7381 rev 124627 built on 2023-07-19
// Device information: 
//  DeviceId: 00B4CAF0
//  ProductCode: MTW2-3A7G6
//  Firmware Version: 4.6.0
//  Hardware Version: 2.0.0
// Device settings: 
//  Filter Profile: human(46.1)
//  Option Flags: Orientation Smoother Disabled, Position/Velocity Smoother Disabled, Continuous Zero Rotation Update Disabled, AHS Disabled, ICC Disabled
// Coordinate system: ENU
PacketCounter	Acc_X	Acc_Y	Acc_Z	Gyr_X	Gyr_Y	Gyr_Z	Mat[1][1]	Mat[2][1]	Mat[3][1]	Mat[1][2]	Mat[2][2]	Mat[3][2]	Mat[1][3]	Mat[2][3]	Mat[3][3]
07832	5.568079	-0.965200	8.563414	0.004676	0.003463	0.005372	0.828352	0.123544	0.546415	-0.082686	0.991660	-0.098864	-0.554072	0.036714	0.831659
07833	5.588697	-0.991359	8.571769	0.003324	0.002245	0.004155	0.828353	0.123678	0.546384	-0.082834	0.991645	-0.098884	-0.554049	0.036651	0.831677
07834	5.549427	-0.975515	8.576326	0.005880	0.002596	0.004963	0.828351	0.123708	0.546379	-0.082870	0.991642	-0.098886	-0.554046	0.036634	0.831680
07835	5.572781	-0.986484	8.553782	0.002012	0.001513	0.006792	0.828412	0.123404	0.546356	-0.082475	0.991670	-0.098934	-0.554014	0.036898	0.831689
07836	5.561848	-0.943414	8.574095	0.004856	-0.002981	0.002216	0.828382	0.123409	0.546400	-0.082481	0.991670	-0.098929	-0.554057	0.036883	0.831661
07837	5.551972	-0.960162	8.545568	0.000039	0.000486	0.003853	0.828363	0.123633	0.546379	-0.082720	0.991646	-0.098975	-0.554051	0.036790	0.831670
07838	5.591063	-0.976112	8.541117	-0.000216	-0.003197	0.004454	0.828330	0.123660	0.546422	-0.082717	0.991641	-0.099024	-0.554100	0.036826	0.831635
07839	5.554954	-0.997344	8.566096	0.001243	-0.000381	0.003444	0.828335	0.123650	0.546417	-0.082683	0.991641	-0.099058	-0.554098	0.036874	0.831635
07840	5.609327	-0.965785	8.528457	0.002448	-0.001248	0.003035	0.828314	0.123662	0.546446	-0.082683	0.991639	-0.099078	-0.554129	0.036886	0.831613
07841	5.585820	-0.954779	8.551105	0.003069	-0.001438	0.004757	0.828359	0.123353	0.546449	-0.082294	0.991668	-0.099106	-0.554121	0.037126	0.831608
07842	5.578667	-1.008337	8.543315	0.005043	-0.000411	0.007696	0.828339	0.123411	0.546466	-0.082347	0.991661	-0.099130	-0.554143	0.037113	0.831594
07843	5.564986	-0.980357	8.594550	0.004490	0.000891	-0.000107	0.828406	0.123010	0.546453	-0.081874	0.991701	-0.099120	-0.554111	0.037371	0.831603
07844	5.557614	-0.981765	8.535290	0.003839	0.000456	0.008105	0.828391	0.123072	0.546463	-0.081924	0.991694	-0.099156	-0.554127	0.037371	0.831593
07845	5.590924	-0.975918	8.541230	0.002812	0.004033	0.000206	0.828489	0.122579	0.546426	-0.081332	0.991742	-0.099162	-0.554068	0.037712	0.831617
07846	5.554559	-0.996845	8.566410	0.003069	-0.001439	0.004757	0.828465	0.122609	0.546454	-0.081350	0.991738	-0.099186	-0.554100	0.037718	0.831595
07847	5.600711	-0.958925	8.569842	0.004529	0.001377	0.003747	0.828465	0.122693	0.546436	-0.081447	0.991729	-0.099193	-0.554087	0.037673	0.831606
07848	5.588062	-0.990812	8.572247	0.004274	-0.002306	0.004349	0.828437	0.122719	0.546472	-0.081468	0.991726	-0.099205	-0.554125	0.037665	0.831581
07849	5.551936	-0.959632	8.545651	0.004856	-0.002983	0.002217	0.828458	0.122483	0.546494	-0.081185	0.991750	-0.099203	-0.554136	0.037818	0.831567
07850	5.570314	-1.001083	8.584577	0.001135	-0.001979	0.005673	0.828431	0.122522	0.546526	-0.081200	0.991744	-0.099248	-0.554174	0.037843	0.831540
07851	5.567673	-0.964368	8.563771	0.004274	-0.002306	0.004349	0.828458	0.122308	0.546533	-0.080933	0.991764	-0.099263	-0.554173	0.038002	0.831534
07852	5.622205	-0.984661	8.577677	0.005004	-0.000899	0.003844	0.828438	0.122328	0.546558	-0.080954	0.991762	-0.099266	-0.554199	0.037990	0.831517
07853	5.586024	-0.953435	8.551122	0.004856	-0.002983	0.002218	0.828429	0.122307	0.546576	-0.080931	0.991765	-0.099263	-0.554216	0.037997	0.831505
07854	5.591561	-0.974961	8.540922	0.001283	0.000106	0.007299	0.828413	0.122361	0.546590	-0.080959	0.991757	-0.099315	-0.554236	0.038023	0.831490
07855	5.560667	-1.017563	8.555935	0.004530	0.001376	0.003747	0.828437	0.122283	0.546570	-0.080861	0.991764	-0.099324	-0.554214	0.038088	0.831502
07856	5.601279	-0.958154	8.569558	0.002596	0.000836	0.004662	0.828427	0.122311	0.546579	-0.080875	0.991760	-0.099352	-0.554228	0.038101	0.831493
07857	5.585659	-0.953292	8.551376	0.004639	0.002974	0.001519	0.828451	0.122295	0.546546	-0.080862	0.991762	-0.099347	-0.554193	0.038109	0.831515
07858	5.572591	-0.985113	8.554064	0.003583	0.005926	0.003554	0.828470	0.122310	0.546515	-0.080872	0.991760	-0.099360	-0.554164	0.038119	0.831534
07859	5.587629	-0.989757	8.572650	0.003326	0.002244	0.004157	0.828488	0.122313	0.546486	-0.080864	0.991758	-0.099380	-0.554138	0.038144	0.831551
07860	5.590053	-0.974561	8.541955	0.002744	0.002921	0.006288	0.828488	0.122356	0.546477	-0.080893	0.991753	-0.099415	-0.554134	0.038158	0.831552
07861	5.578815	-0.931536	8.562451	0.005300	0.003270	0.007097	0.828427	0.122951	0.546435	-0.081597	0.991693	-0.099431	-0.554121	0.037784	0.831578
07862	5.586481	-0.989731	8.573402	0.002488	0.008391	0.001735	0.828461	0.122947	0.546385	-0.081587	0.991693	-0.099443	-0.554073	0.037807	0.831609
07863	5.593902	-0.995940	8.532882	0.003110	0.008201	0.003458	0.828456	0.123343	0.546304	-0.082054	0.991653	-0.099459	-0.554011	0.037571	0.831661
07864	5.569666	-0.984733	8.556013	0.006139	0.006274	0.004364	0.828475	0.123365	0.546269	-0.082086	0.991650	-0.099455	-0.553977	0.037555	0.831685
07865	5.550862	-0.994943	8.569027	0.005045	0.008740	0.002545	0.828543	0.123269	0.546189	-0.081976	0.991660	-0.099453	-0.553893	0.037626	0.831737
07866	5.591857	-0.995237	8.534305	0.004314	0.007332	0.003050	0.828569	0.123278	0.546146	-0.081986	0.991658	-0.099457	-0.553851	0.037630	0.831765
07867	5.562144	-0.962363	8.567589	0.006249	0.007871	0.002137	0.828705	0.122681	0.546075	-0.081284	0.991717	-0.099445	-0.553752	0.038023	0.831813
07868	5.551433	-0.978710	8.539662	0.006980	0.009278	0.001632	0.828744	0.122676	0.546017	-0.081298	0.991719	-0.099419	-0.553692	0.038003	0.831854
07869	5.576029	-0.966333	8.587001	0.003110	0.008200	0.003460	0.828758	0.122903	0.545944	-0.081563	0.991696	-0.099436	-0.553631	0.037880	0.831900
07870	5.573499	-0.989260	8.518044	0.004424	0.008929	0.000823	0.828796	0.122889	0.545890	-0.081555	0.991697	-0.099427	-0.553576	0.037884	0.831937
07871	5.579838	-0.987259	8.578011	0.006507	0.011552	0.001536	0.828853	0.122990	0.545781	-0.081696	0.991688	-0.099406	-0.553470	0.037805	0.832011
07872	5.563445	-0.982175	8.560353	0.004572	0.011013	0.002450	0.828900	0.122992	0.545708	-0.081703	0.991687	-0.099405	-0.553398	0.037811	0.832058
07873	5.547289	-0.976994	8.542551	0.008657	0.006134	0.001323	0.829039	0.122278	0.545659	-0.080876	0.991759	-0.099368	-0.553312	0.038249	0.832095
07874	5.556677	-0.959659	8.571439	0.004897	0.006653	0.000921	0.829063	0.122266	0.545624	-0.080871	0.991760	-0.099356	-0.553276	0.038247	0.832120
07875	5.555905	-0.959089	8.572003	0.010267	0.011031	0.001940	0.829143	0.122160	0.545527	-0.080783	0.991772	-0.099306	-0.553170	0.038269	0.832189
07876	5.536895	-0.969021	8.585158	0.004424	0.008927	0.000825	0.829180	0.122146	0.545473	-0.080775	0.991774	-0.099297	-0.553115	0.038274	0.832225
07877	5.572678	-0.947558	8.560478	0.007778	0.002642	0.000204	0.829221	0.122008	0.545442	-0.080637	0.991789	-0.099259	-0.553074	0.038324	0.832250
07878	5.559727	-0.979031	8.563129	0.007815	0.003130	0.004059	0.829224	0.122028	0.545433	-0.080675	0.991788	-0.099239	-0.553064	0.038289	0.832258
07879	5.541276	-0.989047	8.575912	0.007195	0.003319	0.002336	0.829303	0.121593	0.545410	-0.080169	0.991831	-0.099219	-0.553019	0.038557	0.832276
07880	5.592768	-0.972403	8.569372	0.005732	0.000507	0.003346	0.829291	0.121607	0.545424	-0.080190	0.991830	-0.099213	-0.553033	0.038539	0.832268
07881	5.553675	-0.956237	8.573767	0.008288	0.000855	0.004157	0.829309	0.121551	0.545410	-0.080138	0.991836	-0.099191	-0.553014	0.038551	0.832280
07882	5.548161	-0.934497	8.583933	0.001241	-0.000380	0.003448	0.829293	0.121567	0.545431	-0.080135	0.991833	-0.099223	-0.553039	0.038577	0.832262
07883	5.564572	-0.998890	8.553611	0.008140	-0.001230	0.002532	0.829354	0.121086	0.545445	-0.079576	0.991881	-0.099195	-0.553028	0.038864	0.832256
07884	5.587145	-0.949562	8.579734	0.006464	0.001912	0.002841	0.829351	0.121095	0.545448	-0.079597	0.991881	-0.099181	-0.553029	0.038840	0.832256
07885	5.559178	-0.976531	8.563771	0.005946	-0.005450	0.004048	0.829339	0.120977	0.545492	-0.079456	0.991892	-0.099177	-0.553067	0.038909	0.832228
07886	5.590113	-0.933852	8.548763	0.002704	0.002433	0.002437	0.829339	0.120982	0.545491	-0.079452	0.991891	-0.099191	-0.553068	0.038923	0.832227
07887	5.577247	-0.965840	8.551311	0.002593	0.000837	0.004667	0.829327	0.121165	0.545469	-0.079655	0.991872	-0.099217	-0.553057	0.038834	0.832238
07888	5.540933	-0.986800	8.576392	0.003066	-0.001438	0.004765	0.829303	0.121194	0.545498	-0.079672	0.991869	-0.099242	-0.553090	0.038840	0.832216
07889	5.577343	-0.965802	8.551253	0.004270	-0.002307	0.004358	0.829221	0.121693	0.545512	-0.080262	0.991820	-0.099250	-0.553128	0.038516	0.832205
07890	5.569180	-0.959217	8.592242	0.005733	0.000505	0.003347	0.829210	0.121707	0.545526	-0.080283	0.991819	-0.099244	-0.553142	0.038498	0.832197
07891	5.559215	-0.976097	8.563796	0.000547	-0.001297	0.007809	0.829199	0.121779	0.545526	-0.080328	0.991809	-0.099306	-0.553151	0.038523	0.832190
07892	5.582867	-0.987399	8.541098	0.003686	-0.001628	0.006489	0.829174	0.121825	0.545554	-0.080363	0.991804	-0.099334	-0.553184	0.038523	0.832168
07893	5.563830	-0.937839	8.602259	0.005001	-0.000901	0.003853	0.829156	0.121942	0.545556	-0.080501	0.991792	-0.099335	-0.553191	0.038446	0.832167
07894	5.574683	-0.980894	8.582092	0.003835	0.000457	0.008116	0.829140	0.122004	0.545565	-0.080551	0.991785	-0.099371	-0.553207	0.038447	0.832156
07895	5.553922	-0.954677	8.573781	0.003538	-0.003714	0.004864	0.829123	0.122009	0.545590	-0.080542	0.991783	-0.099392	-0.553234	0.038466	0.832137
07896	5.580511	-1.002417	8.571748	0.005362	-0.004773	0.006182	0.829080	0.122053	0.545645	-0.080584	0.991779	-0.099405	-0.553292	0.038445	0.832100
07897	5.578288	-0.965653	8.550653	0.003278	-0.007395	0.005469	0.829126	0.121495	0.545700	-0.079894	0.991832	-0.099434	-0.553323	0.038845	0.832060
07898	5.560604	-0.975998	8.562906	0.003500	-0.004203	0.001009	0.829091	0.121488	0.545756	-0.079882	0.991833	-0.099434	-0.553378	0.038844	0.832024
07899	5.555728	-0.954359	8.572646	0.004992	-0.010050	0.009017	0.829048	0.121465	0.545826	-0.079829	0.991834	-0.099465	-0.553450	0.038889	0.831974
07900	5.564451	-1.012483	8.582981	0.004704	-0.005073	0.000602	0.829008	0.121454	0.545889	-0.079821	0.991836	-0.099453	-0.553511	0.038874	0.831934
07901	5.577847	-0.979901	8.580150	0.011853	-0.011395	0.004247	0.828878	0.121976	0.545971	-0.080478	0.991788	-0.099398	-0.553611	0.038451	0.831887
07902	5.566029	-1.011168	8.582112	0.010028	-0.010336	0.002930	0.828807	0.121991	0.546075	-0.080518	0.991789	-0.099354	-0.553712	0.038377	0.831824
07903	5.569629	-0.995296	8.550738	0.009407	-0.010147	0.001206	0.828697	0.122407	0.546148	-0.081046	0.991751	-0.099304	-0.553798	0.038029	0.831782
07904	5.576050	-1.016017	8.540101	0.010462	-0.013102	-0.000825	0.828614	0.122385	0.546279	-0.081058	0.991757	-0.099236	-0.553921	0.037947	0.831704
07905	5.522088	-0.986506	8.625621	0.009470	-0.018190	0.000290	0.828524	0.122301	0.546434	-0.080985	0.991768	-0.099181	-0.554066	0.037921	0.831609
07906	5.539330	-0.938416	8.591185	0.010375	-0.023232	-0.003364	0.828387	0.122258	0.546652	-0.080976	0.991777	-0.099100	-0.554273	0.037828	0.831475
07907	5.549796	-0.995744	8.600521	0.012343	-0.031356	0.004751	0.828227	0.122197	0.546908	-0.080925	0.991787	-0.099047	-0.554519	0.037775	0.831313
07908	5.516297	-0.963737	8.572273	0.014088	-0.033399	-0.001639	0.828031	0.122175	0.547209	-0.080951	0.991795	-0.098944	-0.554807	0.037632	0.831127
07909	5.530223	-1.057799	8.601977	0.001153	-0.037222	-0.007307	0.827798	0.122348	0.547523	-0.081160	0.991781	-0.098916	-0.555125	0.037446	0.830924
07910	5.551210	-0.986722	8.635678	0.001175	-0.045763	-0.012069	0.827542	0.122227	0.547936	-0.081027	0.991797	-0.098863	-0.555525	0.037416	0.830657
07911	5.357831	-0.965319	8.837633	0.005130	-0.061280	-0.019567	0.827207	0.122126	0.548465	-0.080963	0.991815	-0.098735	-0.556034	0.037269	0.830324
07912	5.083334	-0.616258	8.998298	-0.015750	-0.133790	-0.004557	0.826455	0.122112	0.549601	-0.080799	0.991815	-0.098865	-0.557175	0.037300	0.829557
07913	5.242945	-0.886175	8.928792	-0.049244	-0.196859	0.002969	0.825355	0.122191	0.551233	-0.080504	0.991795	-0.099311	-0.558845	0.037590	0.828420
07914	5.208707	-0.811169	8.950994	-0.068892	-0.270281	0.004034	0.823827	0.122314	0.553487	-0.080113	0.991764	-0.099926	-0.561152	0.037981	0.826841
07915	5.219205	-0.940892	8.949898	-0.090682	-0.348073	0.006862	0.821913	0.122207	0.556349	-0.079271	0.991750	-0.100737	-0.564070	0.038695	0.824820
07916	5.220279	-0.956153	8.923243	-0.119645	-0.428766	-0.002225	0.819477	0.122334	0.559904	-0.078536	0.991707	-0.101733	-0.567706	0.039395	0.822288
07917	5.339550	-0.998599	8.887497	-0.133383	-0.500505	-0.013034	0.816714	0.121905	0.564019	-0.077047	0.991716	-0.102780	-0.571876	0.040486	0.819340
07918	5.441454	-1.090397	8.821230	-0.152257	-0.563984	-0.030256	0.813486	0.121817	0.568683	-0.075886	0.991691	-0.103876	-0.576612	0.041347	0.815971
07919	5.594076	-1.203092	8.703712	-0.140903	-0.619429	-0.054018	0.809981	0.121322	0.573770	-0.074349	0.991717	-0.104738	-0.581724	0.042177	0.812292
07920	5.610105	-1.210300	8.702842	-0.115341	-0.662369	-0.073950	0.806152	0.120850	0.579236	-0.073037	0.991758	-0.105269	-0.587184	0.042557	0.808334
07921	5.680611	-1.213400	8.721790	-0.096625	-0.711626	-0.099574	0.802032	0.120231	0.585055	-0.071731	0.991830	-0.105491	-0.592958	0.042641	0.804104
07922	5.751010	-1.235644	8.668167	-0.070310	-0.760530	-0.126559	0.797576	0.119281	0.591307	-0.070259	0.991952	-0.105332	-0.599112	0.042466	0.799538
07923	5.848032	-1.391388	8.620509	-0.031975	-0.798396	-0.156652	0.792921	0.117894	0.597811	-0.068592	0.992138	-0.104681	-0.605452	0.041999	0.794773
07924	6.042538	-1.592609	8.603953	0.006929	-0.839298	-0.202328	0.787936	0.116216	0.604691	-0.066994	0.992378	-0.103430	-0.612102	0.040986	0.789716
07925	6.038723	-1.852691	8.625027	0.068829	-0.879832	-0.258853	0.782700	0.114003	0.611869	-0.065372	0.992702	-0.101336	-0.618956	0.039316	0.784441
07926	6.072762	-2.016866	8.709022	0.128484	-0.907040	-0.326249	0.777251	0.111091	0.619305	-0.063586	0.993119	-0.098343	-0.625969	0.037058	0.778967
07927	6.285063	-2.206375	8.715483	0.181115	-0.945787	-0.392112	0.771547	0.107537	0.627018	-0.061677	0.993611	-0.094515	-0.633176	0.034250	0.773250
07928	6.745264	-3.036298	8.794596	0.255266	-0.973683	-0.482021	0.765624	0.103043	0.634981	-0.059557	0.994202	-0.089526	-0.640525	0.030726	0.767322
07929	6.335435	-2.931006	8.603994	0.472769	-0.950972	-0.577458	0.759845	0.097565	0.642742	-0.058178	0.994913	-0.082246	-0.647496	0.025101	0.761655
07930	6.204832	-1.994119	8.694050	0.573659	-0.972507	-0.634715	0.753865	0.091441	0.650635	-0.057067	0.995638	-0.073807	-0.654546	0.018511	0.755795
07931	6.092777	-1.473266	8.574447	0.574483	-1.001451	-0.666004	0.747656	0.084959	0.658629	-0.055825	0.996313	-0.065147	-0.661735	0.011940	0.749642
07932	5.984260	-2.097727	8.697394	0.560835	-1.015121	-0.686598	0.741266	0.078186	0.666642	-0.054403	0.996923	-0.056429	-0.669003	0.005561	0.743239
07933	5.249158	-2.802885	8.870066	0.616833	-0.976125	-0.618782	0.735045	0.072035	0.674181	-0.053959	0.997401	-0.047740	-0.675868	-0.001287	0.737021
07934	4.818201	-3.583772	9.124863	0.686738	-0.936422	-0.426202	0.728904	0.067717	0.681259	-0.055461	0.997666	-0.039828	-0.682366	-0.008752	0.730958
07935	4.265988	-5.255468	9.061691	0.776309	-0.889683	-0.036201	0.722837	0.067240	0.687739	-0.060490	0.997591	-0.033957	-0.688366	-0.017057	0.725163
07936	4.049050	-6.926879	8.835463	0.908482	-0.863795	0.550276	0.716491	0.072519	0.693817	-0.070687	0.997010	-0.031212	-0.694006	-0.026681	0.719475
07937	4.708136	-7.135845	9.076980	1.066267	-0.793910	1.193780	0.710037	0.084156	0.699118	-0.086591	0.995733	-0.031918	-0.698820	-0.037875	0.714294
07938	5.776316	-5.803728	10.018002	1.127882	-0.569262	1.729901	0.704364	0.101094	0.702603	-0.106681	0.993641	-0.036022	-0.701777	-0.049582	0.710669
07939	5.026557	-4.425779	10.227179	1.135938	-0.255808	2.051329	0.700168	0.121304	0.703598	-0.129016	0.990735	-0.042422	-0.702225	-0.061073	0.709331
07940	4.130909	-3.208998	10.033228	1.117767	-0.007774	2.150105	0.697081	0.142543	0.702681	-0.151836	0.987159	-0.049625	-0.700731	-0.072100	0.709773
07941	3.815729	-2.026051	9.872118	1.071107	0.175989	2.103198	0.694908	0.163398	0.700288	-0.173916	0.983120	-0.056811	-0.697750	-0.082312	0.711596
07942	4.140607	-1.169594	9.957128	0.980207	0.370363	1.961246	0.693861	0.182938	0.696484	-0.194311	0.978880	-0.063534	-0.693398	-0.091251	0.714754
07943	4.577947	-0.621777	10.069320	0.855827	0.594037	1.788241	0.694352	0.200970	0.691004	-0.212586	0.974643	-0.069847	-0.687519	-0.098400	0.719468
07944	4.752874	-0.367739	10.106392	0.719694	0.830505	1.591580	0.696509	0.217268	0.683864	-0.228535	0.970596	-0.075604	-0.680181	-0.103628	0.725682
07945	4.796404	-0.299005	9.896740	0.590188	1.051299	1.386468	0.700381	0.231809	0.675078	-0.242166	0.966868	-0.080761	-0.671432	-0.106918	0.733312
07946	4.836143	-0.410537	9.674067	0.475836	1.226590	1.189628	0.705597	0.244592	0.665062	-0.253660	0.963530	-0.085240	-0.661656	-0.108554	0.741908
07947	4.918032	-0.567081	9.429759	0.376638	1.367471	1.033841	0.711931	0.256028	0.653914	-0.263423	0.960539	-0.089287	-0.650970	-0.108690	0.751282
07948	4.911963	-0.888552	9.197399	0.289067	1.468989	0.909622	0.718968	0.266321	0.641996	-0.271756	0.957861	-0.093013	-0.639714	-0.107593	0.761045
07949	4.898425	-1.122544	9.002820	0.211568	1.531133	0.824253	0.726436	0.275842	0.629445	-0.279021	0.955406	-0.096673	-0.628043	-0.105402	0.771008
07950	5.275245	-1.439603	9.001586	0.136874	1.562342	0.781415	0.733942	0.284900	0.616572	-0.285539	0.953083	-0.100499	-0.616276	-0.102295	0.780858
07951	5.666478	-1.822456	8.945538	0.075294	1.614260	0.793089	0.741536	0.294074	0.603030	-0.291818	0.950717	-0.104784	-0.604125	-0.098274	0.790807
07952	5.647478	-2.197802	8.737676	0.047294	1.650375	0.837950	0.748923	0.303594	0.589020	-0.298307	0.948177	-0.109423	-0.591716	-0.093759	0.800676
07953	5.594984	-2.278936	8.555018	0.041161	1.637236	0.908743	0.755798	0.313699	0.574771	-0.305354	0.945340	-0.114422	-0.579248	-0.089029	0.810275
07954	5.663693	-2.360588	8.441201	0.043057	1.594867	0.992222	0.761864	0.324425	0.560635	-0.313091	0.942146	-0.119726	-0.567042	-0.084315	0.819362
07955	5.919060	-2.308914	8.454266	0.047106	1.533871	1.071249	0.767103	0.335758	0.546643	-0.321513	0.938577	-0.125313	-0.555141	-0.079625	0.827936
07956	6.228094	-2.253250	8.505515	0.048181	1.492975	1.154563	0.771534	0.347706	0.532763	-0.330622	0.934604	-0.131167	-0.543530	-0.074944	0.836038
07957	6.346638	-2.201720	8.462421	0.059996	1.464216	1.215847	0.775360	0.360106	0.518788	-0.340316	0.930263	-0.137100	-0.531980	-0.070250	0.843838
07958	6.200779	-2.069307	8.399676	0.080065	1.419740	1.256207	0.778488	0.372709	0.505019	-0.350460	0.925615	-0.142877	-0.520705	-0.065761	0.851200
07959	6.156645	-1.871643	8.444456	0.096272	1.341715	1.285149	0.780861	0.385424	0.491635	-0.360943	0.920688	-0.148503	-0.509879	-0.061492	0.858045
07960	6.551810	-1.639459	8.574535	0.096674	1.267774	1.301938	0.782487	0.398112	0.478770	-0.371572	0.915540	-0.154014	-0.499648	-0.057384	0.864325
07961	6.736814	-1.531151	8.605149	0.095447	1.219742	1.301814	0.783643	0.410666	0.466108	-0.382205	0.910229	-0.159381	-0.489718	-0.053251	0.870253
07962	6.678789	-1.442494	8.401020	0.110468	1.170634	1.271513	0.784390	0.422788	0.453854	-0.392674	0.904884	-0.164292	-0.480146	-0.049348	0.875800
07963	6.571399	-1.294540	8.192177	0.137279	1.098146	1.208275	0.784833	0.434206	0.442156	-0.402775	0.899648	-0.168542	-0.470967	-0.045812	0.880961
07964	6.528689	-1.039100	8.133479	0.149784	1.014939	1.136804	0.784934	0.444835	0.431278	-0.412362	0.894595	-0.172212	-0.462425	-0.042668	0.885631
07965	6.477281	-0.827320	8.065681	0.139706	0.934728	1.043113	0.784897	0.454520	0.421128	-0.421158	0.889854	-0.175458	-0.454492	-0.039645	0.889868
07966	6.484837	-0.770550	7.996978	0.108970	0.857924	0.946428	0.784740	0.463230	0.411827	-0.429043	0.885480	-0.178457	-0.447331	-0.036650	0.893617
07967	6.482619	-0.689621	7.942653	0.071504	0.790386	0.839096	0.784643	0.470913	0.403207	-0.435916	0.881542	-0.181275	-0.440809	-0.033528	0.896975
07968	6.426328	-0.677223	7.804433	0.021035	0.729259	0.717949	0.784685	0.477444	0.395368	-0.441608	0.878142	-0.183982	-0.435031	-0.030230	0.899908
07969	6.269772	-0.634862	7.612428	-0.036090	0.673694	0.594610	0.784980	0.482841	0.388164	-0.446091	0.875303	-0.186674	-0.429895	-0.026621	0.902486
07970	6.192792	-0.654313	7.440432	-0.099483	0.623348	0.470700	0.785537	0.487092	0.381671	-0.449329	0.873055	-0.189415	-0.425482	-0.022704	0.904682
07971	5.992300	-0.768023	7.207274	-0.167778	0.564190	0.362303	0.786313	0.490361	0.375844	-0.451440	0.871325	-0.192342	-0.421799	-0.018430	0.906502
07972	5.769614	-0.959241	7.067142	-0.224189	0.506332	0.274206	0.787201	0.492813	0.370743	-0.452622	0.870023	-0.195429	-0.418865	-0.013964	0.907941
07973	5.570299	-1.192731	6.894233	-0.264179	0.429304	0.213383	0.788043	0.494711	0.366400	-0.453175	0.869006	-0.198650	-0.416678	-0.009498	0.909004
07974	5.523622	-1.390177	6.799347	-0.292303	0.353351	0.179189	0.788700	0.496276	0.362853	-0.453339	0.868149	-0.201992	-0.415254	-0.005184	0.909691
07975	5.607779	-1.537890	6.743525	-0.311137	0.292384	0.174920	0.789133	0.497795	0.359818	-0.453404	0.867294	-0.205489	-0.414359	-0.000985	0.910113
07976	5.454329	-1.787450	6.674387	-0.311452	0.234011	0.192979	0.789227	0.499448	0.357313	-0.453604	0.866339	-0.209046	-0.413962	0.002906	0.910290
07977	5.382874	-2.018516	6.598165	-0.285041	0.167222	0.230945	0.788883	0.501431	0.355289	-0.454222	0.865175	-0.212497	-0.413940	0.006256	0.910283
07978	5.353689	-2.181666	6.611972	-0.228237	0.103834	0.284572	0.788018	0.503867	0.353760	-0.455488	0.863737	-0.215614	-0.414197	0.008775	0.910145
07979	5.396494	-2.212544	6.671441	-0.162059	0.033127	0.346043	0.786587	0.506839	0.352697	-0.457514	0.861978	-0.218346	-0.414683	0.010384	0.909907
07980	5.531895	-2.139298	6.699713	-0.103086	-0.030349	0.410536	0.784577	0.510360	0.352097	-0.460278	0.859889	-0.220761	-0.415432	0.011141	0.909556
07981	5.574935	-2.039936	6.753530	-0.060747	-0.092533	0.486824	0.781953	0.514539	0.351851	-0.463810	0.857394	-0.223061	-0.416448	0.011231	0.909090
07982	5.634473	-1.938084	6.714055	-0.033727	-0.160676	0.541015	0.778762	0.519171	0.352124	-0.467859	0.854603	-0.225302	-0.417897	0.010713	0.908431
07983	5.844062	-1.738002	6.702052	-0.011701	-0.221809	0.593223	0.775054	0.524241	0.352792	-0.472389	0.851515	-0.227533	-0.419690	0.009696	0.907616
07984	5.940070	-1.450865	6.549624	-0.003130	-0.272043	0.629982	0.770918	0.529603	0.353845	-0.477213	0.848205	-0.229818	-0.421845	0.008312	0.906630
07985	2.206372	-9.240076	1.000989	0.768403	-1.155245	0.556141	0.763348	0.534322	0.363042	-0.484711	0.845270	-0.224887	-0.427030	-0.004303	0.904227
07986	4.215155	4.577435	7.189688	1.154104	-1.647766	0.335976	0.754613	0.536918	0.377197	-0.492197	0.843325	-0.215745	-0.433937	-0.022851	0.900653
07987	6.959254	-0.700300	10.511603	0.912565	-1.583041	0.508727	0.745171	0.540696	0.390344	-0.499972	0.840313	-0.209531	-0.441303	-0.039025	0.896509
07988	4.087626	-0.929036	10.909813	0.957316	-1.420144	0.307633	0.737314	0.542594	0.402441	-0.506471	0.838210	-0.202214	-0.447051	-0.054729	0.892833
07989	2.658305	0.766034	10.195922	0.994282	-1.450014	-0.150892	0.731566	0.540405	0.415661	-0.509805	0.838414	-0.192769	-0.452670	-0.070883	0.888856
07990	5.455356	2.881066	11.004027	0.868820	-1.429614	-0.557907	0.727895	0.534582	0.429409	-0.509660	0.840746	-0.182736	-0.458711	-0.085840	0.884429
07991	7.735082	4.606686	11.582422	0.515160	-1.320293	-0.599966	0.724848	0.528312	0.442133	-0.507661	0.843472	-0.175601	-0.465699	-0.097169	0.879592
07992	6.917497	1.006963	10.988462	0.163630	-1.232905	-0.454557	0.721357	0.523208	0.453759	-0.505109	0.845711	-0.172158	-0.473823	-0.105011	0.874337
07993	9.621475	-4.087410	11.356642	0.451172	-1.225453	-0.687339	0.718972	0.516031	0.465609	-0.502300	0.848790	-0.165079	-0.480390	-0.115188	0.869458
07994	8.854796	-3.558054	9.977145	0.595396	-0.755449	-0.629045	0.718487	0.509760	0.473204	-0.500612	0.851319	-0.156984	-0.482871	-0.124100	0.866853
07995	3.210398	-3.306098	8.118622	0.672619	-0.783673	-0.566447	0.717526	0.503914	0.480861	-0.499784	0.853329	-0.148477	-0.485152	-0.133790	0.864134
07996	4.967609	-1.123939	9.349765	0.699386	-1.020797	-0.594199	0.715519	0.497395	0.490540	-0.498899	0.855345	-0.139587	-0.489011	-0.144852	0.860166
07997	7.770735	0.878130	10.057507	0.576652	-0.896412	-0.501991	0.713623	0.491748	0.498925	-0.498123	0.856974	-0.132172	-0.492561	-0.154205	0.856507
07998	6.961528	0.364020	9.297397	0.382288	-0.700288	-0.361744	0.711962	0.487522	0.505403	-0.497399	0.858159	-0.127112	-0.495686	-0.160888	0.853469
07999	6.444763	-1.404477	8.847744	0.262622	-0.609954	-0.273217	0.710285	0.484172	0.510953	-0.496747	0.859063	-0.123500	-0.498736	-0.166095	0.850691
08000	6.140223	-2.246573	8.814929	0.242359	-0.517590	-0.210602	0.708741	0.481470	0.515629	-0.496430	0.859689	-0.120385	-0.501242	-0.170652	0.848313
08001	6.039702	-1.739001	8.920222	0.256748	-0.448879	-0.176736	0.707362	0.479166	0.519653	-0.496452	0.860101	-0.117309	-0.503165	-0.175003	0.846286
08002	6.394594	-1.005590	9.049202	0.206751	-0.358712	-0.136758	0.706231	0.477334	0.522866	-0.496492	0.860407	-0.114873	-0.504710	-0.178473	0.844639
08003	5.960848	-1.051225	8.968933	0.162426	-0.286404	-0.109234	0.705324	0.475870	0.525419	-0.496526	0.860643	-0.112943	-0.505945	-0.181222	0.843314
08004	6.030024	-1.067524	8.973796	0.134541	-0.252445	-0.089885	0.704490	0.474615	0.527669	-0.496539	0.860842	-0.111361	-0.507093	-0.183556	0.842119
08005	6.174599	-0.644110	8.966470	0.097839	-0.184398	-0.056186	0.703830	0.473782	0.529295	-0.496623	0.860935	-0.110254	-0.507926	-0.185260	0.841243
08006	5.768396	-0.682553	8.874613	0.048467	-0.147584	-0.033187	0.703243	0.473200	0.530595	-0.496601	0.861019	-0.109695	-0.508760	-0.186351	0.840498
08007	5.771864	-0.909465	8.771583	0.018293	-0.131866	-0.011864	0.702627	0.472843	0.531728	-0.496595	0.861049	-0.109491	-0.509616	-0.187122	0.839808
08008	5.552624	-0.961918	8.697945	0.001379	-0.110982	0.000355	0.702058	0.472617	0.532681	-0.496570	0.861062	-0.109506	-0.510425	-0.187633	0.839202
08009	5.392854	-0.974339	8.624916	-0.001782	-0.117649	0.009038	0.701408	0.472464	0.533670	-0.496608	0.861030	-0.109582	-0.511279	-0.188163	0.838563
08010	5.311480	-1.129131	8.575922	-0.004176	-0.125232	0.006173	0.700735	0.472260	0.534735	-0.496595	0.861025	-0.109674	-0.512215	-0.188694	0.837873
08011	5.240309	-1.454926	8.498267	0.007565	-0.140391	-0.004971	0.700036	0.471943	0.535928	-0.496584	0.861042	-0.109597	-0.513180	-0.189412	0.837120
08012	5.281811	-1.624696	8.448048	0.027339	-0.152420	-0.016395	0.699333	0.471491	0.537243	-0.496575	0.861084	-0.109304	-0.514147	-0.190341	0.836315
08013	5.371196	-1.542822	8.501905	0.051475	-0.158329	-0.032683	0.698677	0.470898	0.538614	-0.496595	0.861148	-0.108711	-0.515018	-0.191519	0.835510
08014	5.292792	-1.529840	8.533348	0.068414	-0.161631	-0.039852	0.698040	0.470223	0.540029	-0.496634	0.861221	-0.107949	-0.515844	-0.192844	0.834695
08015	5.399589	-1.366672	8.567093	0.084847	-0.171711	-0.047705	0.697388	0.469469	0.541524	-0.496721	0.861289	-0.106997	-0.516641	-0.194369	0.833848
08016	5.251771	-1.261602	8.584254	0.096335	-0.181473	-0.056674	0.696729	0.468605	0.543119	-0.496789	0.861385	-0.105910	-0.517464	-0.196025	0.832950
08017	5.960870	-1.169926	8.803428	0.097755	-0.232457	-0.052970	0.695786	0.467681	0.545121	-0.496909	0.861449	-0.104822	-0.518617	-0.197942	0.831778
08018	5.521376	-0.936966	8.512278	0.103290	-0.130241	-0.038458	0.695299	0.467069	0.546265	-0.497142	0.861441	-0.103777	-0.519046	-0.199415	0.831159
08019	6.005544	-1.091376	8.603353	0.065397	-0.159413	-0.021407	0.694575	0.466555	0.547624	-0.497315	0.861419	-0.103131	-0.519849	-0.200709	0.830345
08020	5.818064	-1.169161	8.532533	0.056639	-0.142216	-0.018814	0.693927	0.466085	0.548845	-0.497443	0.861410	-0.102581	-0.520592	-0.201835	0.829606
08021	5.838211	-1.073211	8.577366	0.070363	-0.117232	-0.021906	0.693423	0.465648	0.549851	-0.497639	0.861379	-0.101891	-0.521076	-0.202974	0.829025
08022	5.881246	-1.072245	8.576022	0.061300	-0.093716	-0.014210	0.693003	0.465313	0.550664	-0.497825	0.861338	-0.101328	-0.521457	-0.203914	0.828554
08023	5.916913	-0.977331	8.608396	0.054274	-0.074829	-0.006730	0.692644	0.465091	0.551303	-0.498043	0.861267	-0.100855	-0.521726	-0.204715	0.828187
08024	6.014338	-0.818396	8.644382	0.041402	-0.050633	0.006538	0.692345	0.465022	0.551737	-0.498269	0.861170	-0.100572	-0.521907	-0.205283	0.827932
08025	5.744625	-0.995966	8.607603	0.016235	-0.029508	0.021101	0.692083	0.465132	0.551972	-0.498481	0.861047	-0.100568	-0.522052	-0.205546	0.827776
08026	5.710928	-1.032226	8.559559	0.012733	-0.025089	0.023770	0.691831	0.465264	0.552177	-0.498677	0.860928	-0.100617	-0.522198	-0.205748	0.827633
08027	5.589942	-1.080211	8.638019	-0.006261	-0.035700	0.023174	0.691526	0.465378	0.552462	-0.498786	0.860843	-0.100811	-0.522498	-0.205847	0.827420
08028	5.608540	-1.166575	8.535564	-0.024852	-0.046431	0.013628	0.691214	0.465378	0.552853	-0.498715	0.860848	-0.101115	-0.522979	-0.205824	0.827121
08029	5.612724	-1.169715	8.532384	-0.033453	-0.054782	0.009591	0.690877	0.465337	0.553309	-0.498587	0.860882	-0.101458	-0.523546	-0.205778	0.826774
08030	5.643751	-1.125573	8.522914	-0.029804	-0.056182	0.010383	0.690528	0.465289	0.553784	-0.498468	0.860912	-0.101785	-0.524119	-0.205758	0.826416
08031	5.660776	-1.176224	8.495613	-0.028940	-0.057291	0.009693	0.690177	0.465243	0.554260	-0.498363	0.860936	-0.102092	-0.524680	-0.205761	0.826059
08032	5.631778	-1.173117	8.488091	-0.025766	-0.057701	0.002209	0.689861	0.465122	0.554756	-0.498208	0.860997	-0.102341	-0.525243	-0.205783	0.825695
08033	5.660673	-1.169722	8.436070	-0.020730	-0.053421	0.002995	0.689563	0.465026	0.555206	-0.498100	0.861035	-0.102543	-0.525737	-0.205839	0.825367
08034	5.645495	-1.170962	8.448003	-0.008949	-0.045480	-0.000454	0.689324	0.464907	0.555603	-0.498015	0.861073	-0.102637	-0.526132	-0.205948	0.825088
08035	5.649504	-1.171297	8.445276	0.002024	-0.049671	0.001952	0.689050	0.464809	0.556023	-0.498019	0.861070	-0.102646	-0.526486	-0.206182	0.824804
08036	5.686983	-1.176477	8.446785	0.011145	-0.036828	-0.003174	0.688870	0.464684	0.556351	-0.498020	0.861079	-0.102559	-0.526720	-0.206424	0.824594
08037	5.680239	-1.164107	8.392423	0.007825	-0.031672	-0.006808	0.688735	0.464548	0.556632	-0.497994	0.861105	-0.102472	-0.526922	-0.206624	0.824415
08038	5.670428	-1.115113	8.414807	0.020096	-0.024720	-0.001983	0.688612	0.464459	0.556859	-0.498051	0.861090	-0.102318	-0.527028	-0.206887	0.824281
08039	5.701558	-1.124768	8.451200	0.017961	-0.024687	-0.001513	0.688487	0.464382	0.557077	-0.498115	0.861070	-0.102176	-0.527131	-0.207141	0.824151
08040	5.624151	-1.164503	8.467202	0.022224	-0.024757	-0.002467	0.688367	0.464288	0.557304	-0.498180	0.861053	-0.102003	-0.527227	-0.207423	0.824019
08041	5.648181	-1.120634	8.493515	0.021050	-0.031290	-0.005096	0.688225	0.464167	0.557580	-0.498235	0.861044	-0.101816	-0.527360	-0.207734	0.823856
08042	5.658072	-1.071290	8.500735	0.017047	-0.033656	-0.003077	0.688060	0.464049	0.557881	-0.498268	0.861040	-0.101681	-0.527543	-0.208012	0.823668
08043	5.568616	-1.123853	8.459030	0.014267	-0.045023	-0.003084	0.687836	0.463916	0.558268	-0.498301	0.861035	-0.101562	-0.527804	-0.208328	0.823421
08044	5.601100	-1.115648	8.531895	0.011571	-0.061854	-0.005522	0.687535	0.463718	0.558804	-0.498289	0.861054	-0.101459	-0.528209	-0.208689	0.823070
08045	5.518664	-1.162799	8.455039	0.008679	-0.070060	-0.012941	0.687227	0.463447	0.559406	-0.498224	0.861107	-0.101330	-0.528669	-0.209073	0.822677
08046	5.659542	-1.065470	8.502626	0.010817	-0.093416	-0.010516	0.686783	0.463140	0.560206	-0.498174	0.861151	-0.101205	-0.529294	-0.209574	0.822148
08047	5.672224	-1.140905	8.502544	0.005910	-0.108643	-0.016218	0.686287	0.462759	0.561128	-0.498072	0.861224	-0.101081	-0.530033	-0.210111	0.821534
08048	5.668427	-1.151854	8.439362	0.007698	-0.116335	-0.020069	0.685767	0.462320	0.562124	-0.497940	0.861319	-0.100928	-0.530829	-0.210691	0.820872
08049	5.700178	-1.190731	8.499275	0.001635	-0.128032	-0.026194	0.685216	0.461811	0.563213	-0.497747	0.861447	-0.100783	-0.531721	-0.211280	0.820142
08050	5.609887	-1.254314	8.520164	-0.001445	-0.140876	-0.033503	0.684630	0.461203	0.564423	-0.497474	0.861623	-0.100628	-0.532730	-0.211892	0.819330
08051	5.558146	-1.198772	8.547127	-0.001936	-0.160934	-0.049033	0.684015	0.460426	0.565802	-0.497106	0.861864	-0.100383	-0.533863	-0.212600	0.818408
08052	5.569031	-1.101071	8.569789	-0.003790	-0.196060	-0.053373	0.683229	0.459526	0.567480	-0.496685	0.862135	-0.100134	-0.535259	-0.213444	0.817276
08053	5.559988	-1.110137	8.640656	-0.038789	-0.223280	-0.084439	0.682450	0.458307	0.569400	-0.495877	0.862617	-0.099986	-0.536998	-0.214117	0.815958
08054	5.587632	-1.222075	8.555772	-0.048479	-0.261748	-0.097587	0.681523	0.456882	0.571652	-0.494915	0.863186	-0.099847	-0.539060	-0.214871	0.814399
08055	5.551119	-1.125452	8.617930	-0.049787	-0.306583	-0.109017	0.680405	0.455267	0.574266	-0.493881	0.863802	-0.099644	-0.541416	-0.215821	0.812582
08056	5.407809	-0.885952	8.811224	-0.041967	-0.371314	-0.111817	0.678938	0.453475	0.577411	-0.492857	0.864418	-0.099362	-0.544183	-0.217120	0.810385
08057	5.298331	-0.696506	8.836507	-0.061584	-0.509938	-0.095794	0.676625	0.451522	0.581642	-0.491848	0.864998	-0.099321	-0.547964	-0.218876	0.807359
08058	5.480676	-0.743525	8.812936	-0.075875	-0.608067	-0.085529	0.673696	0.449423	0.586645	-0.490817	0.865568	-0.099454	-0.552478	-0.220934	0.803714
08059	5.437466	-1.021440	8.842738	-0.133480	-0.705787	-0.076804	0.670154	0.447179	0.592389	-0.489537	0.866220	-0.100086	-0.557896	-0.222923	0.799411
08060	5.278948	-1.281662	8.981079	-0.182811	-0.839294	-0.085477	0.665858	0.444536	0.599183	-0.487904	0.867028	-0.101055	-0.564431	-0.225056	0.794209
08061	5.199144	-1.273251	9.078291	-0.236988	-0.978929	-0.115317	0.660857	0.441308	0.607054	-0.485769	0.868087	-0.102248	-0.572098	-0.227316	0.788055
08062	5.068576	-1.094332	9.352775	-0.329498	-1.158491	-0.136892	0.654835	0.437451	0.616302	-0.482931	0.869459	-0.104016	-0.581351	-0.229518	0.780611
08063	4.813018	-0.988486	9.670974	-0.446713	-1.392672	-0.164276	0.647452	0.432797	0.627290	-0.479215	0.871215	-0.106475	-0.592586	-0.231670	0.771473
08064	4.736056	-0.885843	9.818002	-0.545896	-1.671045	-0.189778	0.638338	0.427228	0.640313	-0.474686	0.873321	-0.109472	-0.605968	-0.234068	0.760273
08065	4.751699	-0.867375	9.908779	-0.610375	-1.970183	-0.226540	0.627320	0.420594	0.655416	-0.469483	0.875730	-0.112616	-0.621333	-0.237061	0.746825
08066	4.826730	-1.105983	9.727539	-0.611804	-2.250014	-0.297554	0.614533	0.412582	0.672403	-0.463744	0.878450	-0.115179	-0.638193	-0.241041	0.731169
08067	5.293700	-1.067643	9.156795	-0.562531	-2.492327	-0.402163	0.600263	0.402960	0.690875	-0.457638	0.881472	-0.116512	-0.655936	-0.246233	0.713525
08068	5.614861	-0.921428	8.600819	-0.512024	-2.702034	-0.505791	0.584582	0.391733	0.710499	-0.451197	0.884776	-0.116586	-0.674304	-0.252421	0.693973
08069	6.094259	-1.545309	8.304140	-0.425357	-2.909374	-0.587424	0.567329	0.379063	0.731060	-0.444882	0.888140	-0.115266	-0.692977	-0.259842	0.672507
08070	6.824728	-2.395704	8.014943	-0.299657	-3.126838	-0.710579	0.548497	0.364451	0.752547	-0.438773	0.891593	-0.111988	-0.711779	-0.268772	0.648947
08071	7.367132	-2.887165	7.578965	-0.120602	-3.278177	-0.861738	0.528630	0.347757	0.774348	-0.433237	0.895004	-0.106182	-0.729970	-0.279345	0.623787
08072	7.611237	-2.678955	7.524520	-0.013862	-3.412380	-1.018284	0.507790	0.328873	0.796236	-0.427816	0.898507	-0.098280	-0.747745	-0.290737	0.596950
08073	9.986876	-3.252538	8.446519	0.004255	-3.513687	-1.130884	0.486025	0.308266	0.817772	-0.422199	0.902111	-0.089134	-0.765198	-0.301941	0.568598
08074	10.909778	-3.152024	8.955032	-0.008551	-3.476659	-1.170087	0.464028	0.286987	0.838043	-0.416532	0.905638	-0.079499	-0.781779	-0.312182	0.539781
08075	11.369288	-3.164054	8.709232	-0.048750	-3.393011	-1.196363	0.442197	0.265376	0.856760	-0.410691	0.909112	-0.069623	-0.797368	-0.321077	0.510994
08076	10.591427	-2.594785	8.224870	-0.076643	-3.354007	-1.239837	0.420246	0.243156	0.874224	-0.404686	0.912533	-0.059275	-0.812172	-0.328876	0.481890
08077	11.314958	-2.106623	8.175909	-0.274944	-3.355632	-1.251915	0.397776	0.220572	0.890574	-0.397271	0.916364	-0.049518	-0.827013	-0.334102	0.452134
08078	10.965797	-1.814613	8.209110	-0.446487	-3.272514	-1.248339	0.375367	0.198101	0.905459	-0.388678	0.920494	-0.040260	-0.841445	-0.336820	0.422521
08079	10.139457	-1.495959	8.109146	-0.660205	-3.175453	-1.249631	0.353231	0.175867	0.918857	-0.378480	0.925071	-0.031559	-0.855559	-0.336621	0.393326
08080	8.923899	-1.590168	7.714468	-0.899325	-3.105080	-1.279072	0.331197	0.153572	0.930980	-0.366302	0.930208	-0.023132	-0.869558	-0.333359	0.364336
08081	7.518814	-1.912095	7.296190	-1.022432	-3.036899	-1.379795	0.309565	0.130649	0.941860	-0.352876	0.935568	-0.013795	-0.882977	-0.328089	0.335722
08082	6.708005	-2.167078	6.432709	-1.014384	-2.925192	-1.502457	0.288740	0.107017	0.951408	-0.339318	0.940667	-0.002830	-0.895261	-0.322013	0.307921
08083	5.830825	-2.219360	5.738187	-0.901278	-2.707154	-1.602914	0.269720	0.083264	0.959332	-0.326676	0.945085	0.009819	-0.905833	-0.316039	0.282109
08084	4.512350	-3.134526	9.720001	-0.889491	-2.275188	-1.327180	0.253253	0.063556	0.965310	-0.315066	0.948855	0.020186	-0.914656	-0.309249	0.260325
08085	19.316677	-8.209719	14.743268	-0.767516	-1.189401	-0.536220	0.244038	0.054827	0.968215	-0.306639	0.951538	0.023406	-0.920010	-0.302604	0.249023
08086	9.328697	-8.930345	14.160917	-0.017783	0.545286	0.045295	0.248897	0.056881	0.966858	-0.306544	0.951580	0.022931	-0.918739	-0.302092	0.254282
08087	-0.519235	-7.856215	10.230906	0.573270	1.043378	0.268167	0.257669	0.062623	0.964202	-0.312410	0.949697	0.021806	-0.914334	-0.306845	0.264271
08088	-3.519281	-3.404873	9.142736	0.872859	0.883012	0.339717	0.264629	0.068562	0.961910	-0.321213	0.946777	0.020885	-0.909282	-0.314505	0.272568
08089	-1.493192	-0.077854	10.477720	0.608075	0.721422	0.489918	0.269634	0.075506	0.959998	-0.327963	0.944522	0.017826	-0.905394	-0.319651	0.279438
08090	1.436747	0.661118	12.006755	0.048891	0.894097	0.725934	0.275314	0.085191	0.957572	-0.330341	0.943798	0.011012	-0.902816	-0.319357	0.287982
08091	2.951145	-0.713299	12.528537	-0.401020	1.393502	0.912151	0.284931	0.098246	0.953500	-0.329212	0.944255	0.001084	-0.900241	-0.314213	0.301391
08092	2.914275	-2.400234	11.912213	-0.507274	1.951325	0.969843	0.299260	0.113445	0.947404	-0.327445	0.944820	-0.009704	-0.896227	-0.307319	0.319894
08093	2.291827	-2.538927	11.080066	-0.361603	2.374896	0.943729	0.317458	0.129619	0.939372	-0.327061	0.944795	-0.019839	-0.890085	-0.300934	0.342326
08094	2.329761	-1.484522	10.507526	-0.237516	2.652229	0.928602	0.337906	0.146269	0.929744	-0.327956	0.944237	-0.029356	-0.882193	-0.294996	0.367033
08095	3.319183	-0.501683	10.263631	-0.257683	2.893772	0.935856	0.360312	0.163577	0.918378	-0.328899	0.943558	-0.039023	-0.872927	-0.287993	0.393776
08096	4.553156	-0.206862	10.142577	-0.366594	3.164702	0.963369	0.384589	0.181613	0.905046	-0.329263	0.942950	-0.049302	-0.862367	-0.279037	0.422446
08097	5.420665	-0.592760	9.902269	-0.442138	3.443053	0.988717	0.410905	0.200396	0.889381	-0.329354	0.942289	-0.060151	-0.850107	-0.268205	0.453192
08098	6.168779	-1.048111	9.465469	-0.426618	3.683532	0.995729	0.438665	0.219414	0.871453	-0.329944	0.941332	-0.070923	-0.835888	-0.256420	0.485324
