// General information: 
//  MT Manager version: 2022.2.0 
//  XDA version: 2022.2.0 build 7381 rev 124627 built on 2023-07-19
// Device information: 
//  DeviceId: 00B4CAF0
//  ProductCode: MTW2-3A7G6
//  Firmware Version: 4.6.0
//  Hardware Version: 2.0.0
// Device settings: 
//  Filter Profile: human(46.1)
//  Option Flags: Orientation Smoother Disabled, Position/Velocity Smoother Disabled, Continuous Zero Rotation Update Disabled, AHS Disabled, ICC Disabled
// Coordinate system: ENU
PacketCounter	Acc_X	Acc_Y	Acc_Z	Gyr_X	Gyr_Y	Gyr_Z	Mat[1][1]	Mat[2][1]	Mat[3][1]	Mat[1][2]	Mat[2][2]	Mat[3][2]	Mat[1][3]	Mat[2][3]	Mat[3][3]
33928	3.954896	-0.386070	9.528066	0.006870	-0.001329	0.003597	-0.916558	-0.104220	0.386083	0.098905	-0.994527	-0.033666	0.387478	0.007329	0.921850
33929	3.955056	-0.385700	9.528015	0.002930	-0.002215	0.001283	-0.916546	-0.104168	0.386125	0.098837	-0.994533	-0.033693	0.387524	0.007282	0.921831
33930	3.975061	-0.397614	9.520292	0.005517	-0.004529	0.001030	-0.916519	-0.104150	0.386193	0.098828	-0.994535	-0.033668	0.387589	0.007310	0.921803
33931	3.965632	-0.364019	9.520246	0.006085	0.000677	0.005132	-0.916511	-0.104137	0.386217	0.098809	-0.994536	-0.033682	0.387614	0.007291	0.921793
33932	3.985486	-0.393841	9.542203	0.003256	0.000688	-0.000756	-0.916506	-0.104101	0.386238	0.098775	-0.994540	-0.033671	0.387634	0.007291	0.921785
33933	3.955614	-0.384290	9.527840	0.002595	-0.003716	0.001534	-0.916509	-0.104090	0.386234	0.098752	-0.994541	-0.033697	0.387633	0.007258	0.921785
33934	3.945012	-0.441046	9.513439	0.005067	-0.001022	0.002314	-0.916495	-0.104085	0.386269	0.098753	-0.994542	-0.033681	0.387666	0.007277	0.921771
33935	3.976170	-0.341848	9.512506	0.004733	-0.002523	0.002566	-0.916474	-0.104127	0.386308	0.098791	-0.994537	-0.033700	0.387707	0.007279	0.921754
33936	3.966429	-0.380177	9.549602	0.006862	0.000072	0.001810	-0.916464	-0.104117	0.386333	0.098795	-0.994538	-0.033665	0.387728	0.007315	0.921745
33937	3.966271	-0.361898	9.520061	0.003614	-0.002017	0.004353	-0.916450	-0.104150	0.386357	0.098818	-0.994535	-0.033698	0.387755	0.007296	0.921733
33938	3.965431	-0.397831	9.498197	0.002464	0.004096	-0.001008	-0.916459	-0.104113	0.386346	0.098779	-0.994539	-0.033694	0.387744	0.007284	0.921738
33939	3.975541	-0.394488	9.520221	0.005401	0.000479	0.002062	-0.916460	-0.104106	0.386345	0.098769	-0.994540	-0.033700	0.387744	0.007274	0.921738
33940	3.985488	-0.373220	9.512691	0.004275	0.002386	0.002062	-0.916459	-0.104098	0.386349	0.098765	-0.994540	-0.033691	0.387747	0.007281	0.921737
33941	3.955863	-0.399430	9.557471	0.003264	-0.000714	0.001031	-0.916462	-0.104065	0.386352	0.098719	-0.994544	-0.033711	0.387752	0.007245	0.921735
33942	3.945630	-0.402017	9.535531	0.006528	-0.001429	0.002063	-0.916447	-0.104057	0.386391	0.098724	-0.994545	-0.033681	0.387787	0.007279	0.921720
33943	3.986010	-0.407821	9.571772	0.005401	0.000479	0.002062	-0.916456	-0.104019	0.386379	0.098680	-0.994549	-0.033685	0.387777	0.007257	0.921725
33944	3.995785	-0.368697	9.534682	0.004283	0.000985	0.003849	-0.916448	-0.104029	0.386395	0.098693	-0.994548	-0.033683	0.387792	0.007266	0.921718
33945	3.964563	-0.377358	9.469040	0.004267	0.003788	0.000275	-0.916473	-0.103953	0.386357	0.098607	-0.994556	-0.033690	0.387755	0.007222	0.921734
33946	3.974787	-0.374140	9.491010	0.001811	-0.001709	0.003070	-0.916455	-0.103956	0.386398	0.098603	-0.994556	-0.033707	0.387798	0.007209	0.921716
33947	3.965059	-0.412635	9.528109	0.006870	-0.001330	0.003598	-0.916445	-0.103976	0.386415	0.098626	-0.994554	-0.033706	0.387815	0.007221	0.921709
33948	3.985246	-0.370528	9.512897	0.002137	0.001193	0.001031	-0.916441	-0.103958	0.386430	0.098604	-0.994556	-0.033712	0.387831	0.007208	0.921702
33949	3.955362	-0.378906	9.528160	0.003941	0.000885	0.002314	-0.916433	-0.103945	0.386454	0.098579	-0.994557	-0.033736	0.387857	0.007179	0.921692
33950	3.975050	-0.390839	9.520577	0.004725	-0.001122	0.000780	-0.916420	-0.103924	0.386490	0.098565	-0.994559	-0.033718	0.387892	0.007195	0.921677
33951	3.945395	-0.398943	9.535757	0.006186	-0.001529	0.000528	-0.916407	-0.103919	0.386523	0.098562	-0.994560	-0.033713	0.387923	0.007202	0.921663
33952	3.974278	-0.408031	9.469109	0.006178	-0.000127	-0.001259	-0.916399	-0.103879	0.386551	0.098535	-0.994564	-0.033673	0.387947	0.007231	0.921653
33953	3.985486	-0.368307	9.512883	0.006536	-0.002830	0.003851	-0.916371	-0.103873	0.386620	0.098526	-0.994564	-0.033680	0.388017	0.007229	0.921624
33954	3.985738	-0.385774	9.542428	0.003933	0.002287	0.000527	-0.916371	-0.103850	0.386625	0.098507	-0.994567	-0.033668	0.388021	0.007233	0.921622
33955	3.945145	-0.379196	9.506305	0.005302	0.002684	0.006666	-0.916358	-0.103913	0.386640	0.098563	-0.994560	-0.033698	0.388038	0.007229	0.921615
33956	3.964757	-0.408969	9.528392	0.005728	0.003380	0.000023	-0.916363	-0.103886	0.386635	0.098546	-0.994563	-0.033668	0.388030	0.007249	0.921618
33957	3.984996	-0.384595	9.542785	0.005402	0.000478	0.002063	-0.916375	-0.103849	0.386618	0.098504	-0.994567	-0.033671	0.388014	0.007228	0.921625
33958	3.965031	-0.353998	9.520874	0.005402	0.000478	0.002063	-0.916366	-0.103841	0.386639	0.098504	-0.994567	-0.033651	0.388033	0.007249	0.921617
33959	3.974612	-0.386831	9.520923	0.003606	-0.000615	0.002567	-0.916337	-0.103848	0.386706	0.098499	-0.994567	-0.033683	0.388103	0.007226	0.921588
33960	3.974582	-0.386583	9.520946	0.004283	0.000985	0.003849	-0.916329	-0.103858	0.386722	0.098511	-0.994566	-0.033680	0.388119	0.007235	0.921581
33961	3.974571	-0.386261	9.520963	0.005067	-0.001023	0.002316	-0.916318	-0.103849	0.386751	0.098496	-0.994567	-0.033692	0.388149	0.007221	0.921568
33962	3.934592	-0.397346	9.514229	0.005501	-0.001729	-0.002540	-0.916306	-0.103795	0.386794	0.098455	-0.994572	-0.033653	0.388188	0.007245	0.921552
33963	3.995154	-0.361487	9.535222	0.002480	0.001293	0.002566	-0.916307	-0.103817	0.386786	0.098463	-0.994570	-0.033689	0.388183	0.007215	0.921554
33964	4.003771	-0.430700	9.513487	0.003157	0.002893	0.003848	-0.916307	-0.103827	0.386784	0.098471	-0.994569	-0.033697	0.388182	0.007210	0.921554
33965	3.974261	-0.384936	9.521146	0.006079	0.002078	0.003345	-0.916312	-0.103821	0.386772	0.098462	-0.994570	-0.033702	0.388171	0.007201	0.921559
33966	3.973987	-0.384455	9.521280	0.006071	0.003479	0.001558	-0.916316	-0.103808	0.386766	0.098460	-0.994571	-0.033674	0.388162	0.007225	0.921563
33967	3.954049	-0.371648	9.528991	0.005394	0.001878	0.000276	-0.916327	-0.103712	0.386767	0.098357	-0.994581	-0.033672	0.388164	0.007186	0.921562
33968	3.983582	-0.362549	9.513902	0.005729	0.003379	0.000023	-0.916332	-0.103684	0.386762	0.098339	-0.994584	-0.033642	0.388156	0.007207	0.921566
33969	3.953709	-0.370793	9.529165	0.004298	-0.001816	0.007425	-0.916307	-0.103743	0.386806	0.098386	-0.994578	-0.033681	0.388203	0.007194	0.921546
33970	3.963289	-0.403841	9.529222	0.002480	0.001293	0.002566	-0.916301	-0.103740	0.386820	0.098379	-0.994579	-0.033691	0.388218	0.007184	0.921540
33971	3.983728	-0.379601	9.543515	0.006186	-0.001530	0.000530	-0.916311	-0.103676	0.386815	0.098315	-0.994585	-0.033679	0.388212	0.007169	0.921542
33972	3.964054	-0.366947	9.551106	0.002480	0.001293	0.002566	-0.916305	-0.103673	0.386829	0.098308	-0.994586	-0.033689	0.388227	0.007159	0.921536
33973	3.993676	-0.358074	9.535970	0.005737	0.001978	0.001811	-0.916296	-0.103671	0.386851	0.098303	-0.994586	-0.033694	0.388250	0.007155	0.921527
33974	3.972780	-0.363801	9.492252	0.003157	0.002893	0.003848	-0.916296	-0.103681	0.386849	0.098311	-0.994585	-0.033703	0.388249	0.007150	0.921527
33975	3.963435	-0.366186	9.551392	0.002480	0.001293	0.002566	-0.916285	-0.103737	0.386860	0.098356	-0.994579	-0.033741	0.388263	0.007134	0.921521
33976	3.972832	-0.399069	9.551537	0.006079	0.002078	0.003346	-0.916282	-0.103743	0.386866	0.098371	-0.994578	-0.033720	0.388267	0.007159	0.921519
33977	3.982659	-0.378038	9.544023	-0.000107	0.003608	0.002815	-0.916296	-0.103752	0.386829	0.098355	-0.994578	-0.033778	0.388237	0.007096	0.921532
33978	3.971976	-0.381148	9.522252	0.002380	0.003501	0.007169	-0.916295	-0.103795	0.386821	0.098391	-0.994573	-0.033806	0.388231	0.007083	0.921535
33979	4.001545	-0.390247	9.536784	0.004604	0.005286	0.000021	-0.916320	-0.103728	0.386779	0.098316	-0.994581	-0.033810	0.388190	0.007046	0.921552
33980	3.971005	-0.380624	9.522678	0.003827	0.005893	0.003342	-0.916332	-0.103733	0.386750	0.098321	-0.994580	-0.033810	0.388161	0.007044	0.921565
33981	3.950792	-0.368238	9.530474	0.000228	0.005109	0.002562	-0.916345	-0.103702	0.386728	0.098263	-0.994584	-0.033866	0.388145	0.006968	0.921572
33982	3.959859	-0.401494	9.530747	0.000228	0.005109	0.002562	-0.916354	-0.103699	0.386706	0.098248	-0.994585	-0.033896	0.388127	0.006932	0.921580
33983	3.949982	-0.368290	9.530808	0.002480	0.001293	0.002566	-0.916382	-0.103621	0.386660	0.098150	-0.994593	-0.033924	0.388085	0.006864	0.921598
33984	3.998674	-0.426008	9.515841	0.001354	0.003201	0.002564	-0.916384	-0.103618	0.386656	0.098139	-0.994594	-0.033944	0.388083	0.006841	0.921599
33985	3.958945	-0.383252	9.501501	0.007204	0.000169	0.003349	-0.916377	-0.103624	0.386673	0.098148	-0.994593	-0.033939	0.388099	0.006851	0.921592
33986	3.929167	-0.391392	9.516717	0.003264	-0.000716	0.001034	-0.916365	-0.103606	0.386705	0.098130	-0.994595	-0.033935	0.388131	0.006850	0.921579
33987	3.939531	-0.370152	9.508989	0.005515	-0.004532	0.001039	-0.916330	-0.103600	0.386790	0.098123	-0.994595	-0.033940	0.388216	0.006853	0.921543
33988	3.999560	-0.370531	9.508048	0.003606	-0.000616	0.002569	-0.916317	-0.103597	0.386821	0.098120	-0.994596	-0.033939	0.388247	0.006856	0.921530
33989	3.989772	-0.408997	9.545209	0.002928	-0.002216	0.001287	-0.916319	-0.103591	0.386819	0.098105	-0.994596	-0.033960	0.388246	0.006830	0.921530
33990	3.980230	-0.357695	9.515488	0.004731	-0.002524	0.002572	-0.916299	-0.103588	0.386867	0.098107	-0.994597	-0.033949	0.388293	0.006847	0.921510
33991	4.019579	-0.381991	9.500371	0.004276	0.002385	0.002062	-0.916295	-0.103562	0.386883	0.098070	-0.994600	-0.033968	0.388311	0.006817	0.921503
33992	3.999721	-0.369446	9.508022	0.002480	0.001293	0.002566	-0.916290	-0.103559	0.386896	0.098063	-0.994600	-0.033977	0.388326	0.006807	0.921497
33993	3.969802	-0.377536	9.523303	0.008659	0.001160	0.001310	-0.916300	-0.103563	0.386871	0.098080	-0.994599	-0.033947	0.388297	0.006839	0.921509
33994	3.969634	-0.376973	9.523395	0.003934	0.002284	0.000527	-0.916301	-0.103540	0.386876	0.098060	-0.994602	-0.033935	0.388301	0.006842	0.921507
33995	3.978996	-0.409936	9.523571	0.003164	0.001493	0.005637	-0.916307	-0.103533	0.386863	0.098036	-0.994603	-0.033973	0.388293	0.006797	0.921511
33996	3.960130	-0.361179	9.552953	0.004389	-0.002624	0.001037	-0.916288	-0.103514	0.386913	0.098022	-0.994605	-0.033959	0.388341	0.006810	0.921491
33997	3.990372	-0.370091	9.567221	0.004389	-0.002624	0.001037	-0.916283	-0.103432	0.386947	0.097929	-0.994614	-0.033968	0.388376	0.006769	0.921476
33998	3.979281	-0.391293	9.493836	0.001809	-0.001707	0.003073	-0.916265	-0.103434	0.386988	0.097924	-0.994613	-0.033986	0.388419	0.006755	0.921458
33999	3.979388	-0.391134	9.493798	0.003264	-0.000716	0.001034	-0.916268	-0.103385	0.386994	0.097863	-0.994619	-0.034005	0.388427	0.006715	0.921455
34000	3.990518	-0.351710	9.537529	0.002145	-0.000207	0.002820	-0.916257	-0.103384	0.387021	0.097857	-0.994619	-0.034018	0.388456	0.006703	0.921443
34001	3.990668	-0.369360	9.567126	0.004283	0.000985	0.003851	-0.916255	-0.103400	0.387021	0.097865	-0.994617	-0.034040	0.388458	0.006686	0.921442
34002	3.959862	-0.396046	9.530974	0.003948	-0.000515	0.004105	-0.916241	-0.103412	0.387051	0.097878	-0.994616	-0.034042	0.388487	0.006692	0.921430
34003	3.970035	-0.374949	9.523308	0.003264	-0.000716	0.001034	-0.916235	-0.103392	0.387071	0.097847	-0.994618	-0.034063	0.388510	0.006664	0.921421
34004	3.999932	-0.366276	9.508056	0.002151	-0.001607	0.004609	-0.916216	-0.103409	0.387110	0.097857	-0.994617	-0.034084	0.388551	0.006653	0.921403
34005	4.000222	-0.383965	9.537595	0.003606	-0.000616	0.002569	-0.916222	-0.103365	0.387110	0.097800	-0.994622	-0.034104	0.388553	0.006613	0.921403
34006	3.989715	-0.386770	9.515766	0.003152	0.004293	0.002059	-0.916228	-0.103357	0.387095	0.097791	-0.994622	-0.034106	0.388539	0.006606	0.921409
34007	3.979157	-0.389481	9.493962	0.005402	0.000476	0.002065	-0.916217	-0.103359	0.387123	0.097791	-0.994622	-0.034112	0.388567	0.006603	0.921397
34008	3.969812	-0.373734	9.523449	0.005751	-0.000823	0.005390	-0.916200	-0.103384	0.387154	0.097822	-0.994619	-0.034103	0.388597	0.006627	0.921384
34009	4.029593	-0.374185	9.522608	0.003599	0.000783	0.000781	-0.916197	-0.103386	0.387163	0.097817	-0.994619	-0.034120	0.388607	0.006611	0.921380
34010	3.969623	-0.373135	9.523551	0.005303	0.002686	0.006668	-0.916193	-0.103424	0.387162	0.097859	-0.994615	-0.034119	0.388606	0.006627	0.921380
34011	3.959365	-0.393499	9.531285	0.008324	-0.000342	0.001565	-0.916182	-0.103454	0.387179	0.097901	-0.994612	-0.034095	0.388620	0.006668	0.921374
34012	3.999438	-0.381465	9.538023	0.004626	0.001085	0.005386	-0.916173	-0.103479	0.387193	0.097929	-0.994609	-0.034097	0.388634	0.006679	0.921368
34013	3.969150	-0.354108	9.494137	0.003941	0.000884	0.002316	-0.916166	-0.103501	0.387205	0.097943	-0.994607	-0.034116	0.388648	0.006668	0.921362
34014	3.948855	-0.395555	9.509489	0.003948	-0.000515	0.004105	-0.916152	-0.103513	0.387234	0.097956	-0.994606	-0.034119	0.388677	0.006674	0.921350
34015	3.969494	-0.371482	9.523669	0.002934	-0.003616	0.003078	-0.916123	-0.103553	0.387293	0.097986	-0.994602	-0.034151	0.388739	0.006662	0.921324
34016	3.979099	-0.386684	9.494101	0.003270	-0.002116	0.002824	-0.916104	-0.103552	0.387338	0.097984	-0.994602	-0.034155	0.388783	0.006663	0.921305
34017	3.989522	-0.383497	9.515979	0.002145	-0.000207	0.002820	-0.916110	-0.103524	0.387331	0.097939	-0.994605	-0.034189	0.388780	0.006614	0.921307
34018	3.969921	-0.371115	9.523506	0.002493	-0.001506	0.006145	-0.916091	-0.103557	0.387368	0.097965	-0.994602	-0.034213	0.388820	0.006606	0.921290
34019	3.979526	-0.404197	9.523595	0.003948	-0.000516	0.004105	-0.916092	-0.103543	0.387368	0.097941	-0.994603	-0.034236	0.388822	0.006576	0.921289
34020	4.019613	-0.392725	9.530301	-0.002237	0.001020	0.003571	-0.916085	-0.103551	0.387383	0.097924	-0.994603	-0.034293	0.388843	0.006518	0.921281
34021	3.970701	-0.334695	9.545315	0.009008	-0.000142	0.004636	-0.916074	-0.103580	0.387401	0.097965	-0.994599	-0.034275	0.388859	0.006554	0.921274
34022	3.998938	-0.398442	9.486500	-0.001112	-0.000889	0.003575	-0.916059	-0.103588	0.387434	0.097953	-0.994599	-0.034322	0.388897	0.006510	0.921258
34023	3.949781	-0.412432	9.538805	0.003612	-0.002016	0.004360	-0.916057	-0.103534	0.387455	0.097884	-0.994605	-0.034349	0.388921	0.006460	0.921249
34024	3.960174	-0.391426	9.531035	0.002934	-0.003616	0.003079	-0.916032	-0.103536	0.387513	0.097883	-0.994605	-0.034357	0.388979	0.006459	0.921224
34025	3.999746	-0.398052	9.486176	0.005861	-0.005834	0.004368	-0.916010	-0.103561	0.387557	0.097908	-0.994602	-0.034363	0.389023	0.006468	0.921205
34026	3.990870	-0.382348	9.515460	0.001907	-0.003919	-0.001527	-0.915989	-0.103517	0.387619	0.097861	-0.994607	-0.034362	0.389086	0.006457	0.921179
34027	3.980877	-0.402879	9.523086	0.006087	0.000676	0.005136	-0.915989	-0.103505	0.387622	0.097844	-0.994608	-0.034371	0.389090	0.006443	0.921177
34028	3.981851	-0.366230	9.544820	0.005855	-0.004435	0.002578	-0.915961	-0.103502	0.387688	0.097850	-0.994608	-0.034350	0.389153	0.006472	0.921150
34029	3.971715	-0.368772	9.522849	0.007206	0.000165	0.003350	-0.915958	-0.103500	0.387697	0.097851	-0.994608	-0.034342	0.389161	0.006481	0.921147
34030	4.000816	-0.396013	9.485810	0.006534	-0.002834	0.003860	-0.915935	-0.103510	0.387747	0.097872	-0.994607	-0.034320	0.389209	0.006515	0.921127
34031	3.981238	-0.383286	9.493342	0.003942	0.000883	0.002316	-0.915940	-0.103488	0.387743	0.097842	-0.994609	-0.034336	0.389206	0.006487	0.921128
34032	4.021527	-0.389295	9.529634	0.003949	-0.000516	0.004106	-0.915926	-0.103501	0.387772	0.097854	-0.994608	-0.034339	0.389235	0.006493	0.921116
34033	3.972085	-0.385010	9.552425	0.006521	-0.000037	0.000280	-0.915920	-0.103449	0.387799	0.097803	-0.994614	-0.034326	0.389261	0.006488	0.921104
34034	4.001562	-0.358321	9.507673	0.005306	0.002686	0.006667	-0.915917	-0.103487	0.387798	0.097844	-0.994610	-0.034326	0.389260	0.006504	0.921105
34035	3.991127	-0.379008	9.515486	0.001015	0.003101	0.001026	-0.915934	-0.103443	0.387768	0.097781	-0.994615	-0.034364	0.389234	0.006441	0.921116
34036	4.020867	-0.388049	9.529963	0.005739	0.001973	0.001811	-0.915933	-0.103433	0.387774	0.097779	-0.994615	-0.034341	0.389238	0.006462	0.921114
34037	4.030721	-0.366810	9.522417	0.004957	0.003983	0.003342	-0.915941	-0.103482	0.387742	0.097828	-0.994610	-0.034352	0.389207	0.006467	0.921128
34038	3.940481	-0.374198	9.538791	0.003045	0.009301	0.003078	-0.915966	-0.103485	0.387681	0.097828	-0.994610	-0.034360	0.389147	0.006454	0.921153
34039	4.009022	-0.408098	9.538397	0.002372	0.006302	0.003587	-0.915992	-0.103464	0.387625	0.097789	-0.994613	-0.034395	0.389095	0.006400	0.921175
34040	3.998770	-0.374721	9.538571	0.004848	0.008993	0.004363	-0.916016	-0.103480	0.387566	0.097808	-0.994611	-0.034390	0.389036	0.006405	0.921200
34041	4.036449	-0.435226	9.502097	0.007085	0.007971	0.000793	-0.916046	-0.103445	0.387502	0.097777	-0.994615	-0.034372	0.388971	0.006402	0.921228
34042	4.046730	-0.323635	9.508921	0.003598	0.020106	0.000009	-0.916117	-0.103418	0.387343	0.097751	-0.994618	-0.034363	0.388812	0.006383	0.921295
34043	4.044192	-0.377195	9.517582	0.007204	0.019489	0.002581	-0.916176	-0.103422	0.387202	0.097758	-0.994617	-0.034353	0.388670	0.006378	0.921355
34044	4.051969	-0.338229	9.481256	0.002708	0.027125	0.002561	-0.916271	-0.103421	0.386976	0.097752	-0.994617	-0.034362	0.388447	0.006343	0.921449
34045	3.758510	-0.457189	9.472598	0.005971	0.026406	0.003599	-0.916383	-0.103428	0.386711	0.097757	-0.994617	-0.034361	0.388183	0.006316	0.921561
34046	3.950714	-0.275077	9.601525	0.003154	0.004291	0.002059	-0.916390	-0.103420	0.386696	0.097748	-0.994618	-0.034363	0.388169	0.006309	0.921567
34047	3.907855	-0.395095	9.529684	0.004619	0.002483	0.003600	-0.916413	-0.103374	0.386654	0.097692	-0.994623	-0.034375	0.388129	0.006272	0.921584
34048	3.967594	-0.396074	9.528913	-0.004715	-0.001668	0.002792	-0.916396	-0.103373	0.386694	0.097659	-0.994623	-0.034452	0.388177	0.006192	0.921564
34049	3.976513	-0.466055	9.507212	-0.002908	-0.003374	0.005869	-0.916373	-0.103459	0.386725	0.097714	-0.994615	-0.034544	0.388216	0.006133	0.921548
34050	3.998069	-0.388505	9.513410	-0.001006	-0.005896	0.002554	-0.916340	-0.103455	0.386804	0.097693	-0.994615	-0.034587	0.388299	0.006095	0.921513
34051	4.008443	-0.367712	9.505638	0.002481	0.001292	0.002568	-0.916349	-0.103416	0.386795	0.097637	-0.994620	-0.034617	0.388293	0.006044	0.921516
34052	3.987803	-0.391611	9.491471	-0.000441	0.002112	0.003066	-0.916347	-0.103418	0.386799	0.097623	-0.994620	-0.034656	0.388302	0.006003	0.921512
34053	3.926684	-0.498686	9.507960	0.004387	-0.002628	0.001043	-0.916334	-0.103390	0.386837	0.097590	-0.994623	-0.034664	0.388341	0.005988	0.921496
34054	3.969520	-0.360225	9.550184	0.004832	-0.006138	-0.000232	-0.916303	-0.103359	0.386920	0.097566	-0.994626	-0.034642	0.388421	0.006008	0.921463
34055	3.949766	-0.383740	9.535665	0.002356	-0.008828	-0.001009	-0.916264	-0.103424	0.386994	0.097630	-0.994619	-0.034657	0.388496	0.006027	0.921431
34056	4.000907	-0.351139	9.534353	0.002356	-0.008828	-0.001009	-0.916223	-0.103385	0.387101	0.097590	-0.994623	-0.034655	0.388602	0.006026	0.921386
34057	4.011101	-0.384072	9.534239	0.000886	-0.005622	-0.004341	-0.916192	-0.103288	0.387200	0.097476	-0.994634	-0.034678	0.388704	0.005971	0.921343
34058	3.981452	-0.356750	9.490048	0.001906	-0.003920	-0.001524	-0.916171	-0.103245	0.387262	0.097429	-0.994638	-0.034678	0.388766	0.005960	0.921317
34059	3.991293	-0.407572	9.519747	-0.000342	-0.000101	-0.001536	-0.916174	-0.103158	0.387278	0.097318	-0.994648	-0.034719	0.388786	0.005880	0.921309
34060	3.982004	-0.374486	9.519486	-0.002813	-0.004190	-0.000522	-0.916150	-0.103124	0.387342	0.097262	-0.994651	-0.034766	0.388855	0.005822	0.921280
34061	3.991470	-0.390079	9.489993	-0.001466	0.001808	-0.001541	-0.916152	-0.103111	0.387341	0.097226	-0.994653	-0.034818	0.388860	0.005761	0.921279
34062	3.891781	-0.418548	9.513669	-0.001699	-0.003303	-0.004097	-0.916136	-0.103042	0.387399	0.097141	-0.994661	-0.034841	0.388920	0.005713	0.921254
34063	3.972430	-0.377552	9.497261	0.001668	-0.007633	-0.005871	-0.916122	-0.102928	0.387462	0.097017	-0.994673	-0.034844	0.388985	0.005669	0.921227
34064	3.894210	-0.381682	9.534782	0.000757	-0.014345	-0.009707	-0.916068	-0.102802	0.387623	0.096890	-0.994686	-0.034823	0.389143	0.005656	0.921160
34065	4.005946	-0.349888	9.532283	-0.001708	-0.019832	-0.006902	-0.916004	-0.102656	0.387811	0.096718	-0.994701	-0.034855	0.389335	0.005581	0.921079
34066	3.997624	-0.370610	9.539212	-0.000687	-0.018130	-0.004086	-0.915930	-0.102586	0.388005	0.096638	-0.994709	-0.034869	0.389529	0.005558	0.920997
34067	4.007943	-0.422275	9.487261	-0.002826	-0.019322	-0.005116	-0.915845	-0.102539	0.388219	0.096566	-0.994714	-0.034921	0.389748	0.005507	0.920905
34068	4.018941	-0.455527	9.486787	-0.005093	-0.011310	-0.010497	-0.915803	-0.102405	0.388352	0.096410	-0.994728	-0.034950	0.389884	0.005433	0.920848
34069	4.041540	-0.395319	9.522199	-0.003186	-0.015230	-0.012022	-0.915739	-0.102238	0.388549	0.096216	-0.994746	-0.034981	0.390084	0.005351	0.920764
34070	4.053015	-0.374336	9.513941	-0.003974	-0.011821	-0.012282	-0.915697	-0.102087	0.388687	0.096047	-0.994761	-0.034993	0.390223	0.005289	0.920705
34071	4.022288	-0.437606	9.455690	-0.007006	-0.005993	-0.010761	-0.915691	-0.101945	0.388738	0.095866	-0.994777	-0.035057	0.390282	0.005165	0.920681
34072	4.014273	-0.386040	9.506684	-0.005216	-0.003504	-0.013056	-0.915682	-0.101786	0.388800	0.095686	-0.994793	-0.035078	0.390346	0.005082	0.920654
34073	4.012940	-0.458593	9.463045	-0.005655	-0.001392	-0.009991	-0.915694	-0.101658	0.388806	0.095523	-0.994807	-0.035132	0.390358	0.004970	0.920650
34074	3.995223	-0.391323	9.543670	-0.002314	-0.000128	-0.018927	-0.915704	-0.101441	0.388839	0.095300	-0.994829	-0.035103	0.390389	0.004912	0.920637
34075	4.015139	-0.403661	9.536012	-0.012421	-0.003674	-0.016405	-0.915695	-0.101214	0.388921	0.095012	-0.994854	-0.035201	0.390482	0.004719	0.920598
34076	3.957047	-0.295158	9.521005	-0.008716	-0.006502	-0.018435	-0.915679	-0.101002	0.389012	0.094769	-0.994876	-0.035233	0.390578	0.004604	0.920559
34077	3.887201	-0.370119	9.537129	-0.021850	-0.005621	-0.012601	-0.915675	-0.100822	0.389069	0.094492	-0.994895	-0.035428	0.390655	0.004324	0.920527
34078	3.948044	-0.354070	9.506070	-0.009587	-0.020208	-0.013322	-0.915601	-0.100660	0.389285	0.094292	-0.994912	-0.035487	0.390877	0.004214	0.920433
34079	3.898954	-0.495413	9.521759	-0.018908	-0.025768	-0.012329	-0.915504	-0.100533	0.389546	0.094082	-0.994926	-0.035657	0.391154	0.004006	0.920317
34080	3.991852	-0.434374	9.496573	-0.007205	-0.031833	-0.010756	-0.915382	-0.100396	0.389868	0.093915	-0.994940	-0.035705	0.391480	0.003931	0.920178
34081	3.965192	-0.425468	9.480829	-0.011376	-0.037833	-0.015623	-0.915248	-0.100196	0.390233	0.093662	-0.994961	-0.035792	0.391853	0.003792	0.920020
34082	3.999991	-0.327053	9.477976	-0.007414	-0.039746	-0.009730	-0.915094	-0.100069	0.390627	0.093503	-0.994974	-0.035846	0.392251	0.003723	0.919851
34083	4.043569	-0.387787	9.520364	-0.011805	-0.037125	-0.010762	-0.914949	-0.099948	0.390997	0.093325	-0.994986	-0.035956	0.392631	0.003592	0.919689
34084	3.977989	-0.354361	9.519681	-0.006285	-0.041658	-0.009723	-0.914787	-0.099821	0.391409	0.093171	-0.994999	-0.035999	0.393045	0.003536	0.919512
34085	4.071526	-0.346957	9.501616	-0.011000	-0.041937	-0.008709	-0.914634	-0.099770	0.391778	0.093072	-0.995005	-0.036104	0.393423	0.003441	0.919351
34086	4.035144	-0.359375	9.493430	-0.012230	-0.036419	-0.005898	-0.914489	-0.099682	0.392140	0.092929	-0.995014	-0.036217	0.393795	0.003321	0.919192
34087	4.057209	-0.408903	9.462571	-0.014149	-0.031102	-0.006156	-0.914366	-0.099639	0.392438	0.092821	-0.995019	-0.036364	0.394106	0.003176	0.919060
34088	4.001897	-0.390484	9.513630	-0.004234	-0.038258	-0.004093	-0.914211	-0.099569	0.392816	0.092726	-0.995026	-0.036410	0.394487	0.003137	0.918896
34089	4.085254	-0.350199	9.495603	-0.016621	-0.033800	-0.006920	-0.914080	-0.099444	0.393151	0.092519	-0.995039	-0.036580	0.394838	0.002937	0.918746
34090	4.058600	-0.360406	9.509591	-0.020747	-0.030267	-0.000022	-0.913953	-0.099415	0.393454	0.092396	-0.995042	-0.036794	0.395162	0.002725	0.918608
34091	4.060490	-0.398890	9.486504	-0.028753	-0.027032	-0.003607	-0.913854	-0.099370	0.393695	0.092224	-0.995048	-0.037083	0.395431	0.002419	0.918493
34092	4.062412	-0.455390	9.493094	-0.025946	-0.022836	-0.003091	-0.913759	-0.099311	0.393931	0.092052	-0.995054	-0.037333	0.395691	0.002149	0.918381
34093	4.073752	-0.472932	9.462526	-0.024498	-0.021844	-0.005133	-0.913683	-0.099239	0.394127	0.091869	-0.995062	-0.037577	0.395909	0.001874	0.918288
34094	4.024434	-0.597821	9.448523	-0.027330	-0.023240	-0.009223	-0.913591	-0.099119	0.394368	0.091635	-0.995074	-0.037816	0.396174	0.001590	0.918174
34095	4.049297	-0.502524	9.505227	-0.002834	-0.031664	-0.013305	-0.913490	-0.098937	0.394649	0.091432	-0.995092	-0.037830	0.396455	0.001527	0.918053
34096	3.972515	-0.525755	9.490834	-0.011638	-0.040155	-0.021742	-0.913342	-0.098692	0.395051	0.091147	-0.995117	-0.037874	0.396860	0.001416	0.917878
34097	4.117983	-0.340858	9.477677	-0.002498	-0.045302	-0.018163	-0.913189	-0.098444	0.395467	0.090880	-0.995142	-0.037868	0.397274	0.001360	0.917699
34098	4.113768	-0.289602	9.527338	-0.016769	-0.039734	-0.015855	-0.913038	-0.098257	0.395863	0.090627	-0.995160	-0.037982	0.397679	0.001197	0.917524
34099	4.075473	-0.374341	9.475608	-0.011823	-0.034342	-0.014319	-0.912902	-0.098104	0.396215	0.090420	-0.995176	-0.038077	0.398039	0.001065	0.917368
34100	4.058722	-0.416816	9.489569	-0.014743	-0.033531	-0.013804	-0.912773	-0.097938	0.396553	0.090194	-0.995192	-0.038181	0.398386	0.000916	0.917218
34101	4.023180	-0.392981	9.503449	-0.010543	-0.044070	-0.011765	-0.912603	-0.097830	0.396969	0.090037	-0.995203	-0.038271	0.398809	0.000816	0.917034
34102	4.067079	-0.363831	9.478459	-0.007273	-0.044785	-0.010744	-0.912426	-0.097694	0.397409	0.089869	-0.995216	-0.038319	0.399251	0.000752	0.916841
34103	4.072604	-0.274076	9.490858	-0.009477	-0.045178	-0.005372	-0.912258	-0.097596	0.397819	0.089716	-0.995226	-0.038425	0.399670	0.000637	0.916659
34104	4.135029	-0.293861	9.436206	-0.011799	-0.040557	0.001025	-0.912087	-0.097578	0.398215	0.089637	-0.995228	-0.038560	0.400078	0.000524	0.916481
34105	4.127739	-0.424571	9.457611	-0.024663	-0.031193	-0.002269	-0.911964	-0.097594	0.398494	0.089544	-0.995226	-0.038813	0.400379	0.000287	0.916349
34106	4.089314	-0.528276	9.435620	-0.014172	-0.031730	0.002057	-0.911827	-0.097586	0.398808	0.089465	-0.995227	-0.038974	0.400708	0.000142	0.916206
34107	4.063938	-0.501590	9.471565	-0.004551	-0.038383	-0.005632	-0.911711	-0.097492	0.399097	0.089340	-0.995236	-0.039028	0.401000	0.000073	0.916078
34108	4.127278	-0.484071	9.438738	0.004366	-0.048642	-0.004632	-0.911512	-0.097418	0.399569	0.089274	-0.995244	-0.038993	0.401467	0.000128	0.915874
34109	4.134509	-0.374774	9.502564	0.007930	-0.045047	-0.007448	-0.911333	-0.097360	0.399992	0.089239	-0.995249	-0.038929	0.401882	0.000218	0.915692
34110	4.127081	-0.413132	9.457113	0.002752	-0.040420	-0.006919	-0.911169	-0.097263	0.400389	0.089146	-0.995259	-0.038899	0.402274	0.000249	0.915519
34111	4.091647	-0.442071	9.478646	0.004682	-0.045742	-0.006668	-0.911010	-0.097183	0.400771	0.089074	-0.995266	-0.038865	0.402650	0.000292	0.915354
34112	4.074853	-0.501017	9.440709	0.011749	-0.052890	-0.010521	-0.910798	-0.097050	0.401283	0.088984	-0.995279	-0.038739	0.403149	0.000425	0.915134
34113	4.121391	-0.397557	9.459033	0.013585	-0.054602	-0.007457	-0.910593	-0.096981	0.401765	0.088962	-0.995286	-0.038620	0.403617	0.000574	0.914928
34114	4.126054	-0.377800	9.427258	0.019097	-0.057733	-0.008239	-0.910359	-0.096871	0.402321	0.088923	-0.995297	-0.038436	0.404152	0.000785	0.914691
34115	4.212838	-0.262268	9.451566	0.016766	-0.051708	-0.003627	-0.910159	-0.096849	0.402780	0.088958	-0.995299	-0.038303	0.404596	0.000969	0.914495
34116	4.145787	-0.407468	9.422865	0.017096	-0.052207	0.006086	-0.909934	-0.096881	0.403279	0.089042	-0.995295	-0.038194	0.405082	0.001155	0.914279
34117	4.054425	-0.380294	9.519211	0.023739	-0.057248	0.005297	-0.909713	-0.096927	0.403766	0.089165	-0.995290	-0.038033	0.405551	0.001402	0.914071
34118	4.087839	-0.387905	9.449791	0.024213	-0.062169	0.005815	-0.909448	-0.096956	0.404356	0.089275	-0.995287	-0.037859	0.406121	0.001668	0.913818
34119	4.165694	-0.293048	9.481254	0.029024	-0.067500	0.011936	-0.909176	-0.097035	0.404947	0.089442	-0.995279	-0.037680	0.406692	0.001962	0.913563
34120	4.238121	-0.379404	9.403466	0.021916	-0.057549	0.012223	-0.908923	-0.097128	0.405493	0.089601	-0.995270	-0.037552	0.407222	0.002200	0.913327
34121	4.272656	-0.423657	9.393073	0.017172	-0.057025	0.019664	-0.908671	-0.097293	0.406018	0.089801	-0.995253	-0.037515	0.407741	0.002373	0.913095
34122	4.217193	-0.421934	9.393150	0.023599	-0.036285	0.017299	-0.908500	-0.097437	0.406367	0.090014	-0.995238	-0.037393	0.408076	0.002608	0.912944
34123	4.190525	-0.429088	9.407733	0.020459	-0.024845	0.011678	-0.908406	-0.097539	0.406552	0.090174	-0.995228	-0.037287	0.408249	0.002789	0.912866
34124	4.232801	-0.470051	9.420420	0.020130	-0.026349	0.011940	-0.908280	-0.097629	0.406813	0.090324	-0.995218	-0.037175	0.408497	0.002980	0.912755
34125	4.215578	-0.456190	9.427398	0.023709	-0.024159	0.010893	-0.908188	-0.097720	0.406996	0.090486	-0.995209	-0.037037	0.408666	0.003191	0.912679
34126	4.258348	-0.334607	9.416968	0.025027	-0.018146	0.009851	-0.908097	-0.097790	0.407183	0.090637	-0.995201	-0.036872	0.408834	0.003422	0.912602
34127	4.228192	-0.360311	9.380897	0.013596	-0.009763	0.014505	-0.908040	-0.097910	0.407279	0.090781	-0.995189	-0.036845	0.408928	0.003516	0.912560
34128	4.209017	-0.401237	9.396360	0.015687	-0.005763	0.011927	-0.907998	-0.098001	0.407352	0.090913	-0.995180	-0.036774	0.408992	0.003643	0.912531
34129	4.189790	-0.387746	9.404215	0.022483	-0.002070	0.016477	-0.907998	-0.098121	0.407323	0.091090	-0.995167	-0.036672	0.408953	0.003805	0.912548
34130	4.182101	-0.334877	9.455701	0.018408	0.002059	0.015215	-0.907985	-0.098245	0.407323	0.091263	-0.995154	-0.036589	0.408944	0.003951	0.912551
34131	4.122037	-0.387211	9.465606	0.017089	-0.003955	0.016262	-0.907979	-0.098296	0.407323	0.091339	-0.995149	-0.036544	0.408940	0.004024	0.912553
34132	4.160915	-0.393036	9.419908	0.018687	-0.010786	0.016783	-0.907912	-0.098435	0.407440	0.091527	-0.995135	-0.036465	0.409047	0.004185	0.912504
34133	4.163089	-0.409647	9.448947	0.021772	-0.019427	0.018834	-0.907835	-0.098598	0.407571	0.091746	-0.995118	-0.036376	0.409167	0.004370	0.912449
34134	4.164118	-0.390581	9.418595	0.020371	-0.021238	0.014504	-0.907727	-0.098713	0.407783	0.091921	-0.995105	-0.036273	0.409368	0.004558	0.912358
34135	4.147954	-0.340704	9.447365	0.021555	-0.025953	0.018092	-0.907627	-0.098838	0.407977	0.092096	-0.995092	-0.036187	0.409551	0.004729	0.912275
34136	4.228763	-0.334505	9.406720	0.026979	-0.025475	0.020102	-0.907496	-0.099009	0.408226	0.092349	-0.995074	-0.036046	0.409784	0.004988	0.912169
34137	4.259949	-0.432860	9.405555	0.016547	-0.029134	0.021208	-0.907379	-0.099165	0.408447	0.092533	-0.995058	-0.036018	0.410000	0.005113	0.912071
34138	4.220459	-0.479390	9.377206	0.028937	-0.015061	0.016731	-0.907295	-0.099302	0.408602	0.092763	-0.995043	-0.035846	0.410136	0.005380	0.912008
34139	4.155420	-0.370288	9.422085	0.043639	-0.024764	0.021271	-0.907192	-0.099470	0.408789	0.093072	-0.995024	-0.035571	0.410293	0.005777	0.911936
34140	4.218491	-0.332034	9.440791	0.033400	-0.020495	0.021328	-0.907081	-0.099653	0.408992	0.093361	-0.995004	-0.035377	0.410474	0.006095	0.911852
34141	4.239431	-0.342275	9.432272	0.031038	-0.011647	0.022333	-0.907030	-0.099823	0.409063	0.093618	-0.994985	-0.035222	0.410527	0.006348	0.911826
34142	4.189506	-0.354742	9.404409	0.037621	-0.014485	0.026137	-0.906938	-0.100054	0.409209	0.093969	-0.994959	-0.035009	0.410650	0.006702	0.911769
34143	4.122273	-0.389965	9.443576	0.039602	-0.022617	0.029998	-0.906837	-0.100303	0.409372	0.094334	-0.994932	-0.034806	0.410788	0.007054	0.911704
34144	4.146803	-0.381162	9.485742	0.038898	-0.040800	0.026003	-0.906638	-0.100531	0.409758	0.094689	-0.994906	-0.034581	0.411147	0.007447	0.911539
34145	3.936102	-0.278238	9.549593	0.046982	-0.063427	0.030411	-0.906358	-0.100800	0.410311	0.095112	-0.994875	-0.034312	0.411667	0.007926	0.911300
34146	4.130975	-0.222811	9.472388	0.020419	-0.093468	0.033592	-0.905933	-0.101099	0.411174	0.095459	-0.994843	-0.034287	0.412520	0.008188	0.910912
34147	3.949883	-0.259152	9.652274	0.023138	-0.154508	0.044160	-0.905260	-0.101478	0.412561	0.095886	-0.994801	-0.034296	0.413896	0.008512	0.910284
34148	3.908257	-0.347090	9.494579	0.022528	-0.176924	0.045613	-0.904475	-0.101889	0.414178	0.096351	-0.994756	-0.034303	0.415501	0.008881	0.909549
34149	4.084658	-0.284931	9.618678	0.007682	-0.247676	0.046765	-0.903418	-0.102289	0.416381	0.096743	-0.994713	-0.034461	0.417704	0.009150	0.908537
34150	4.132322	-0.351396	9.467685	0.013497	-0.280927	0.053153	-0.902182	-0.102764	0.418936	0.097239	-0.994660	-0.034583	0.420253	0.009537	0.907357
34151	4.200222	-0.395607	9.468673	-0.002054	-0.315984	0.053194	-0.900812	-0.103215	0.421763	0.097640	-0.994611	-0.034860	0.423088	0.009779	0.906036
34152	4.327879	-0.406614	9.405727	-0.006691	-0.334365	0.053534	-0.899333	-0.103686	0.424794	0.098053	-0.994560	-0.035170	0.426130	0.010023	0.904606
34153	4.454254	-0.454316	9.320042	-0.010267	-0.336103	0.046589	-0.897885	-0.104040	0.427760	0.098326	-0.994521	-0.035498	0.429109	0.010187	0.903195
34154	4.468266	-0.299941	9.319069	0.005080	-0.318533	0.050677	-0.896456	-0.104482	0.430639	0.098761	-0.994471	-0.035692	0.431987	0.010534	0.901818
34155	4.386411	-0.208967	9.406245	-0.012792	-0.326745	0.052756	-0.895028	-0.104901	0.433499	0.099081	-0.994425	-0.036069	0.434866	0.010669	0.900432
34156	4.384161	-0.293125	9.365355	-0.000753	-0.336397	0.066053	-0.893486	-0.105493	0.436524	0.099627	-0.994359	-0.036385	0.437901	0.010980	0.898956
34157	4.316671	-0.307951	9.489662	-0.013629	-0.373070	0.072483	-0.891823	-0.106070	0.439775	0.100079	-0.994296	-0.036863	0.441176	0.011137	0.897351
34158	4.260079	-0.445878	9.458928	-0.011587	-0.416105	0.073067	-0.889898	-0.106721	0.443500	0.100637	-0.994223	-0.037312	0.444920	0.011429	0.895497
34159	4.218374	-0.384439	9.504532	-0.014294	-0.476111	0.072230	-0.887742	-0.107271	0.447669	0.101067	-0.994161	-0.037803	0.449110	0.011685	0.893400
34160	4.214371	-0.404084	9.457657	-0.035204	-0.549461	0.071155	-0.885181	-0.107885	0.452566	0.101496	-0.994092	-0.038458	0.454042	0.011891	0.890901
34161	4.194407	-0.343308	9.578799	-0.030188	-0.633444	0.067044	-0.882267	-0.108391	0.458100	0.101838	-0.994034	-0.039065	0.459601	0.012187	0.888042
34162	4.083376	-0.221575	9.661222	-0.055610	-0.741339	0.070621	-0.878755	-0.108973	0.464665	0.102160	-0.993967	-0.039904	0.466211	0.012404	0.884587
34163	3.945148	-0.080938	9.818579	-0.110577	-0.894849	0.081730	-0.874474	-0.109640	0.472519	0.102300	-0.993896	-0.041293	0.474162	0.012229	0.880353
34164	3.949399	-0.195707	9.790705	-0.182748	-1.060573	0.094752	-0.869290	-0.110427	0.481810	0.102208	-0.993817	-0.043370	0.483621	0.011544	0.875202
34165	3.814021	-0.207368	9.982077	-0.271441	-1.308394	0.106480	-0.862775	-0.111299	0.493186	0.101734	-0.993734	-0.046287	0.495247	0.010238	0.868692
34166	3.671549	-0.100565	10.232878	-0.403920	-1.563443	0.112916	-0.854800	-0.112251	0.506672	0.100632	-0.993648	-0.050364	0.509107	0.007937	0.860666
34167	3.726316	-0.054921	10.410576	-0.570393	-1.872387	0.133751	-0.844974	-0.113427	0.522640	0.098756	-0.993537	-0.055963	0.525610	0.004327	0.850715
34168	3.685375	-0.109772	10.384600	-0.742000	-2.225420	0.172197	-0.832883	-0.115068	0.541355	0.096184	-0.993357	-0.063163	0.545027	-0.000538	0.838418
34169	3.527424	0.033257	10.498872	-0.898525	-2.630472	0.244067	-0.818012	-0.117544	0.563063	0.093134	-0.993047	-0.072003	0.567611	-0.006459	0.823272
34170	3.610891	0.111073	10.229941	-1.057954	-3.124732	0.364370	-0.799519	-0.121442	0.588235	0.089891	-0.992510	-0.082727	0.593876	-0.013264	0.804447
34171	4.242033	0.770314	10.804582	-1.056255	-3.625018	0.508025	-0.776997	-0.127042	0.616552	0.087410	-0.991710	-0.094187	0.623406	-0.019290	0.781660
34172	5.716628	0.411751	11.907747	-1.237412	-3.897968	0.604885	-0.751560	-0.133903	0.645932	0.084081	-0.990640	-0.107531	0.654284	-0.026505	0.755784
34173	7.018939	0.479145	11.463555	-1.329405	-3.857825	0.771964	-0.725101	-0.142692	0.673697	0.080837	-0.989170	-0.122506	0.683882	-0.034370	0.728783
34174	8.071501	0.179045	11.723351	-1.583995	-4.046596	0.927730	-0.696071	-0.153422	0.701389	0.076311	-0.987178	-0.140203	0.713906	-0.044067	0.698854
34175	8.076632	-0.574119	11.257699	-1.820239	-4.043197	0.994035	-0.665883	-0.165212	0.727533	0.069780	-0.984690	-0.159741	0.742785	-0.055602	0.667217
34176	9.977954	-1.392468	11.510783	-1.735489	-4.041351	0.949992	-0.634659	-0.176982	0.752253	0.062780	-0.982013	-0.178071	0.770238	-0.065788	0.634354
34177	10.207433	-2.536479	11.160996	-1.601536	-3.985970	0.829918	-0.602943	-0.187885	0.775345	0.055336	-0.979381	-0.194296	0.795863	-0.074244	0.600907
34178	10.766972	-3.178672	11.114706	-1.248216	-3.816108	0.626378	-0.571783	-0.196915	0.796423	0.048889	-0.977221	-0.206518	0.818947	-0.079147	0.568385
34179	9.823598	-2.800773	10.305747	-0.833987	-3.592318	0.474742	-0.541763	-0.204383	0.815304	0.044580	-0.975608	-0.214945	0.839348	-0.080103	0.537660
34180	8.327516	-1.737563	9.226813	-0.653214	-3.321783	0.423237	-0.513383	-0.211137	0.831781	0.041224	-0.974210	-0.221846	0.857169	-0.079603	0.508846
34181	7.326182	-1.108375	8.428803	-0.552363	-3.091401	0.459320	-0.486448	-0.218020	0.846071	0.038707	-0.972793	-0.228420	0.872852	-0.078366	0.481652
34182	6.319269	-0.383955	8.073532	-0.549984	-2.773648	0.555128	-0.461822	-0.225554	0.857814	0.036454	-0.971136	-0.235724	0.886223	-0.077592	0.456715
34183	3.696610	0.578132	7.867956	-0.684488	-2.299380	0.718265	-0.441062	-0.234288	0.866356	0.033565	-0.968955	-0.244946	0.896849	-0.078957	0.435234
34184	-2.493310	2.697115	5.902123	-1.088316	-2.533847	0.933788	-0.417887	-0.245355	0.874741	0.027707	-0.965836	-0.257669	0.908076	-0.083440	0.410408
34185	7.649492	1.080754	13.122830	-1.000656	-3.285044	0.603802	-0.387678	-0.253907	0.886136	0.020965	-0.963496	-0.266901	0.921557	-0.084893	0.378849
34186	14.172232	0.856220	15.814607	-0.573284	-0.708877	-0.014123	-0.381116	-0.254361	0.888848	0.015574	-0.963038	-0.268914	0.924396	-0.088645	0.370991
34187	4.712402	1.549217	13.731278	-0.268006	1.168809	-0.394803	-0.391940	-0.249439	0.885530	0.011578	-0.963803	-0.266363	0.919918	-0.094146	0.380641
34188	-1.791365	1.321152	10.609378	-0.072250	2.097171	-0.591222	-0.411182	-0.241676	0.878932	0.008496	-0.965188	-0.261419	0.911513	-0.100024	0.398922
34189	-5.663241	0.945600	7.484773	0.016619	2.049035	-0.587568	-0.429811	-0.233851	0.872110	0.006188	-0.966619	-0.256143	0.902898	-0.104696	0.416911
34190	-5.173325	0.328220	7.557320	0.169803	1.817204	-0.442592	-0.446152	-0.227619	0.865528	0.005729	-0.967823	-0.251567	0.894939	-0.107278	0.433100
34191	-2.900081	-0.560698	9.282083	0.375194	1.839803	-0.304896	-0.462563	-0.222639	0.858176	0.007697	-0.968928	-0.247223	0.886553	-0.107751	0.449904
34192	-0.562260	-0.924008	10.678529	0.640276	2.175303	-0.200923	-0.481737	-0.218337	0.848681	0.012345	-0.970059	-0.242556	0.876229	-0.106371	0.470008
34193	0.381253	-0.794374	11.078797	0.895747	2.679847	-0.108637	-0.505067	-0.214426	0.836019	0.019608	-0.971247	-0.237265	0.862857	-0.103442	0.494749
