// General information: 
//  MT Manager version: 2022.2.0 
//  XDA version: 2022.2.0 build 7381 rev 124627 built on 2023-07-19
// Device information: 
//  DeviceId: 00B4CB9F
//  ProductCode: MTW2-3A7G6
//  Firmware Version: 4.6.0
//  Hardware Version: 2.0.0
// Device settings: 
//  Filter Profile: human(46.1)
//  Option Flags: Orientation Smoother Disabled, Position/Velocity Smoother Disabled, Continuous Zero Rotation Update Disabled, AHS Disabled, ICC Disabled
// Coordinate system: ENU
PacketCounter	Acc_X	Acc_Y	Acc_Z	Gyr_X	Gyr_Y	Gyr_Z	Mat[1][1]	Mat[2][1]	Mat[3][1]	Mat[1][2]	Mat[2][2]	Mat[3][2]	Mat[1][3]	Mat[2][3]	Mat[3][3]
26720	9.661756	0.754093	1.591499	-0.034236	0.088289	-0.023185	0.146178	0.035266	0.988630	-0.902630	0.413726	0.118703	-0.404835	-0.909718	0.092310
26721	9.581377	0.785058	1.270583	0.021470	0.088259	-0.014810	0.146609	0.035986	0.988540	-0.902721	0.413491	0.118829	-0.404476	-0.909797	0.093107
26722	9.667728	0.708280	0.905357	0.078454	0.087303	-0.013270	0.147020	0.036690	0.988453	-0.903043	0.412738	0.118997	-0.403607	-0.910110	0.093814
26723	9.715145	0.769414	0.564520	0.129585	0.075484	0.001245	0.147255	0.037361	0.988393	-0.903594	0.411511	0.119066	-0.402286	-0.910639	0.094356
26724	9.759714	1.022519	0.427419	0.162833	0.060641	0.016605	0.147287	0.037945	0.988366	-0.904297	0.409978	0.119019	-0.400692	-0.911306	0.094698
26725	9.783803	1.231591	0.397433	0.155288	0.038426	0.021891	0.147184	0.038363	0.988365	-0.904975	0.408511	0.118910	-0.399196	-0.911947	0.094844
26726	9.734507	1.494736	0.568188	0.108807	0.028468	0.029004	0.146974	0.038705	0.988383	-0.905476	0.407464	0.118689	-0.398136	-0.912401	0.094933
26727	9.478234	1.566512	0.808835	0.032410	0.009214	0.016422	0.146804	0.038833	0.988403	-0.905654	0.407117	0.118518	-0.397793	-0.912550	0.094936
26728	9.672776	1.452571	0.986908	-0.042319	-0.008715	0.000990	0.146699	0.038722	0.988423	-0.905511	0.407459	0.118431	-0.398156	-0.912402	0.094837
26729	9.646834	1.309881	1.122048	-0.075761	-0.010504	-0.014753	0.146732	0.038543	0.988425	-0.905213	0.408112	0.118465	-0.398822	-0.912118	0.094773
26730	9.567753	1.325556	1.352121	-0.088111	0.003388	-0.034816	0.147000	0.038396	0.988391	-0.904834	0.408886	0.118689	-0.399582	-0.911778	0.094848
26731	9.601282	1.268274	1.358927	-0.097271	0.009128	-0.044398	0.147379	0.038274	0.988339	-0.904405	0.409745	0.118996	-0.400413	-0.911397	0.095003
26732	9.771617	1.179540	1.477477	-0.099058	0.012053	-0.051673	0.147834	0.038136	0.988277	-0.903957	0.410624	0.119375	-0.401258	-0.911007	0.095177
26733	9.783608	1.017977	1.320528	-0.085525	0.028175	-0.050042	0.148340	0.038164	0.988200	-0.903565	0.411377	0.119748	-0.401952	-0.910666	0.095508
26734	9.755111	0.822676	1.285135	-0.049643	0.044088	-0.033122	0.148755	0.038394	0.988128	-0.903341	0.411798	0.119991	-0.402302	-0.910466	0.095940
26735	9.649417	0.717203	1.195357	-0.009017	0.057436	-0.018661	0.149097	0.038818	0.988060	-0.903302	0.411844	0.120127	-0.402264	-0.910427	0.096469
26736	9.653351	0.819078	1.176264	0.041702	0.066034	-0.007408	0.149368	0.039353	0.987998	-0.903483	0.411424	0.120203	-0.401756	-0.910594	0.097008
26737	9.614694	0.891681	1.104729	0.061862	0.058194	0.000575	0.149538	0.039863	0.987952	-0.903758	0.410814	0.120218	-0.401073	-0.910847	0.097458
26738	9.660171	0.966005	0.961888	0.076806	0.042417	0.006931	0.149584	0.040242	0.987930	-0.904101	0.410068	0.120188	-0.400282	-0.911167	0.097722
26739	9.727956	1.257230	0.885027	0.079914	0.030142	0.015307	0.149507	0.040557	0.987928	-0.904469	0.409290	0.120075	-0.399479	-0.911503	0.097875
26740	9.647827	1.534160	0.936039	0.048873	0.025756	0.008456	0.149472	0.040791	0.987924	-0.904701	0.408797	0.120002	-0.398966	-0.911713	0.098007
26741	9.506621	1.553339	0.939353	-0.005605	0.012379	-0.005082	0.149510	0.040861	0.987916	-0.904696	0.408807	0.120007	-0.398964	-0.911706	0.098087
26742	9.631621	1.473107	1.020196	-0.046132	0.003151	-0.017444	0.149619	0.040782	0.987902	-0.904510	0.409192	0.120097	-0.399343	-0.911537	0.098111
26743	9.663202	1.335137	1.038358	-0.070712	0.005807	-0.033598	0.149888	0.040675	0.987866	-0.904203	0.409804	0.120320	-0.399937	-0.911266	0.098203
26744	9.646615	1.188496	1.032676	-0.080183	0.005092	-0.041129	0.150219	0.040516	0.987822	-0.903845	0.410508	0.120611	-0.400622	-0.910957	0.098286
26745	9.663993	1.042208	1.033384	-0.070235	0.006269	-0.040040	0.150547	0.040386	0.987778	-0.903529	0.411119	0.120898	-0.401212	-0.910687	0.098383
26746	9.748024	1.075340	1.052127	-0.051169	0.010082	-0.037368	0.150864	0.040289	0.987733	-0.903292	0.411557	0.121180	-0.401626	-0.910493	0.098482
26747	9.744973	1.057831	1.067155	-0.043650	0.015509	-0.030820	0.151146	0.040281	0.987690	-0.903095	0.411923	0.121401	-0.401962	-0.910328	0.098638
26748	9.731725	0.958379	1.135956	-0.036352	0.026933	-0.024017	0.151410	0.040391	0.987645	-0.902938	0.412220	0.121565	-0.402217	-0.910189	0.098885
26749	9.734228	1.007846	1.213112	-0.010366	0.035803	-0.016507	0.151644	0.040627	0.987600	-0.902897	0.412275	0.121678	-0.402219	-0.910153	0.099201
26750	9.652397	1.084580	1.001640	0.006650	0.031937	-0.012932	0.151828	0.040829	0.987563	-0.902929	0.412176	0.121775	-0.402078	-0.910189	0.099445
26751	9.659658	1.146416	0.964749	-0.004027	0.027892	-0.003490	0.151912	0.041045	0.987541	-0.902935	0.412168	0.121766	-0.402035	-0.910183	0.099675
26752	9.648208	1.098053	0.934944	-0.005577	0.024851	-0.010987	0.152050	0.041191	0.987514	-0.902920	0.412179	0.121832	-0.402015	-0.910171	0.099864
26753	9.627244	1.141157	0.862324	0.012448	0.017784	-0.014147	0.152190	0.041272	0.987489	-0.902975	0.412027	0.121944	-0.401839	-0.910237	0.099974
26754	9.597671	1.243128	0.832053	0.002960	0.008753	-0.017742	0.152324	0.041243	0.987470	-0.902984	0.411964	0.122086	-0.401767	-0.910266	0.099994
26755	9.662466	1.311730	0.948296	-0.016877	0.006283	-0.015933	0.152435	0.041212	0.987454	-0.902918	0.412079	0.122186	-0.401874	-0.910215	0.100026
26756	9.686560	1.286630	1.183511	-0.049193	0.011085	-0.019953	0.152598	0.041195	0.987429	-0.902715	0.412492	0.122297	-0.402269	-0.910029	0.100133
26757	9.671662	1.251159	1.080820	-0.055434	0.014714	-0.022878	0.152805	0.041212	0.987397	-0.902483	0.412961	0.122428	-0.402711	-0.909816	0.100295
26758	9.791621	1.276622	1.007131	-0.065173	0.020031	-0.034267	0.153134	0.041217	0.987346	-0.902192	0.413524	0.122664	-0.403236	-0.909560	0.100510
26759	9.744833	1.232089	1.244817	-0.087209	0.040777	-0.043195	0.153629	0.041386	0.987262	-0.901801	0.414290	0.122963	-0.403923	-0.909204	0.100968
26760	9.615685	1.037090	1.189300	-0.077415	0.046291	-0.056294	0.154262	0.041537	0.987156	-0.901426	0.414973	0.123404	-0.404518	-0.908885	0.101458
26761	9.577346	0.885916	0.763625	-0.042788	0.024920	-0.059964	0.154845	0.041493	0.987067	-0.901186	0.415343	0.123913	-0.404830	-0.908718	0.101707
26762	9.732885	0.680999	0.516152	-0.005505	0.013240	-0.040071	0.155198	0.041412	0.987015	-0.901126	0.415366	0.124266	-0.404827	-0.908711	0.101781
26763	9.737660	0.724462	0.491021	0.034518	0.013736	-0.013054	0.155313	0.041460	0.986995	-0.901272	0.415012	0.124390	-0.404458	-0.908871	0.101823
26764	9.666770	1.104986	0.749480	0.056508	0.007150	0.004432	0.155240	0.041508	0.987004	-0.901533	0.414454	0.124367	-0.403905	-0.909123	0.101760
26765	9.660469	1.497175	0.947926	0.028971	-0.007365	0.009828	0.155062	0.041458	0.987034	-0.901692	0.414140	0.124260	-0.403619	-0.909269	0.101600
26766	9.641779	1.500823	1.130302	-0.037283	-0.013353	-0.004018	0.154983	0.041285	0.987054	-0.901560	0.414437	0.124225	-0.403943	-0.909141	0.101452
26767	9.622298	1.278417	1.233841	-0.073683	-0.003178	-0.020310	0.155095	0.041149	0.987042	-0.901256	0.415071	0.124311	-0.404577	-0.908858	0.101461
26768	9.653616	1.000521	1.260057	-0.071264	0.005127	-0.035759	0.155377	0.041011	0.987004	-0.900937	0.415689	0.124555	-0.405179	-0.908582	0.101537
26769	9.608123	0.754795	1.229115	-0.024803	0.011167	-0.040647	0.155729	0.040920	0.986952	-0.900799	0.415887	0.124892	-0.405350	-0.908495	0.101627
26770	9.563507	1.135632	1.264306	0.015325	0.022509	-0.033973	0.156065	0.040948	0.986898	-0.900834	0.415719	0.125206	-0.405145	-0.908571	0.101767
26771	9.532565	1.498870	1.230088	-0.002835	0.021285	-0.035100	0.156408	0.040973	0.986842	-0.900793	0.415714	0.125510	-0.405102	-0.908572	0.101930
26772	9.686342	1.525777	1.162856	-0.056390	0.007761	-0.026827	0.156620	0.040897	0.986812	-0.900548	0.416194	0.125680	-0.405566	-0.908356	0.102014
26773	9.782373	1.261090	1.130601	-0.096508	0.000534	-0.035521	0.156884	0.040731	0.986777	-0.900127	0.417041	0.125893	-0.406398	-0.907975	0.102090
26774	9.784450	0.884352	1.132414	-0.080560	0.004129	-0.031192	0.157120	0.040603	0.986745	-0.899775	0.417741	0.126082	-0.407084	-0.907658	0.102169
26775	9.695828	0.755724	1.139319	-0.028451	0.002068	-0.032895	0.157365	0.040463	0.986711	-0.899634	0.417968	0.126337	-0.407302	-0.907560	0.102175
26776	9.579934	0.828495	1.363972	0.022143	0.006858	-0.023369	0.157541	0.040392	0.986686	-0.899713	0.417733	0.126554	-0.407060	-0.907671	0.102151
26777	9.592046	0.986421	1.472920	0.068495	-0.002002	-0.005853	0.157526	0.040327	0.986691	-0.900009	0.417069	0.126641	-0.406411	-0.907980	0.101994
26778	9.592001	1.187241	1.464420	0.090682	-0.014488	0.007313	0.157340	0.040191	0.986726	-0.900414	0.416199	0.126625	-0.405585	-0.908385	0.101673
26779	9.613834	1.484750	1.519118	0.084173	-0.038197	0.020330	0.156943	0.039906	0.986801	-0.900812	0.415382	0.126469	-0.404853	-0.908771	0.101140
26780	9.550310	1.670648	1.565556	0.046719	-0.045703	0.020586	0.156511	0.039541	0.986884	-0.901059	0.414906	0.126276	-0.404471	-0.909005	0.100566
26781	9.595224	1.778390	1.601295	-0.011913	-0.064719	0.010769	0.156094	0.038975	0.986973	-0.901054	0.414966	0.126119	-0.404644	-0.909002	0.099893
26782	9.618627	1.588537	1.579370	-0.057577	-0.055553	0.003245	0.155779	0.038448	0.987043	-0.900851	0.415444	0.125993	-0.405217	-0.908806	0.099354
26783	9.738218	1.332236	1.517626	-0.066197	-0.045243	-0.010692	0.155632	0.037971	0.987085	-0.900592	0.416005	0.125992	-0.405848	-0.908569	0.098940
26784	9.699607	1.264732	1.447112	-0.053450	-0.029335	-0.018864	0.155622	0.037591	0.987101	-0.900371	0.416454	0.126089	-0.406342	-0.908379	0.098655
26785	9.585488	1.109306	1.316039	-0.029929	-0.026077	-0.020438	0.155641	0.037247	0.987111	-0.900244	0.416688	0.126221	-0.406616	-0.908286	0.098385
26786	9.602699	1.054489	1.228658	0.012885	-0.024871	-0.019491	0.155654	0.036904	0.987122	-0.900291	0.416535	0.126390	-0.406507	-0.908370	0.098060
26787	9.716154	1.273104	1.357278	0.043308	-0.016541	-0.016210	0.155674	0.036664	0.987128	-0.900468	0.416102	0.126553	-0.406106	-0.908578	0.097791
26788	9.718502	1.522220	1.423123	0.055681	0.002927	-0.011745	0.155730	0.036607	0.987121	-0.900701	0.415557	0.126686	-0.405568	-0.908830	0.097687
26789	9.666148	1.612712	1.416138	0.035187	0.009951	-0.001174	0.155723	0.036670	0.987120	-0.900868	0.415194	0.126693	-0.405201	-0.908993	0.097690
26790	9.658070	1.411954	1.465908	0.005764	0.020857	-0.002446	0.155768	0.036814	0.987107	-0.900912	0.415099	0.126685	-0.405084	-0.909031	0.097826
26791	9.614807	1.243862	1.424637	-0.015071	0.019873	-0.012478	0.155905	0.036921	0.987082	-0.900858	0.415197	0.126756	-0.405153	-0.908982	0.097992
26792	9.698342	1.248612	1.357233	-0.010546	0.023317	-0.014700	0.156070	0.037037	0.987051	-0.900817	0.415255	0.126854	-0.405180	-0.908951	0.098172
26793	9.706640	1.164937	1.229016	-0.015426	0.025961	-0.020402	0.156301	0.037167	0.987010	-0.900748	0.415360	0.127000	-0.405244	-0.908898	0.098399
26794	9.596126	1.137508	1.165780	-0.019469	0.023020	-0.024601	0.156555	0.037238	0.986967	-0.900656	0.415503	0.127187	-0.405351	-0.908829	0.098588
26795	9.614281	1.163463	1.071937	-0.023269	0.018250	-0.031026	0.156850	0.037254	0.986919	-0.900539	0.415681	0.127431	-0.405496	-0.908747	0.098749
26796	9.681402	1.167259	1.087460	-0.025643	0.020787	-0.040070	0.157234	0.037241	0.986859	-0.900398	0.415885	0.127764	-0.405662	-0.908654	0.098923
26797	9.772743	1.089974	1.162547	-0.025592	0.024890	-0.037952	0.157619	0.037289	0.986796	-0.900260	0.416089	0.128074	-0.405819	-0.908559	0.099153
26798	9.835631	0.880282	1.299867	-0.000499	0.043650	-0.033779	0.158039	0.037509	0.986720	-0.900230	0.416062	0.128370	-0.405722	-0.908562	0.099521
26799	9.784435	0.826353	1.206068	0.037291	0.053429	-0.030067	0.158469	0.037849	0.986638	-0.900359	0.415691	0.128664	-0.405267	-0.908718	0.099951
26800	9.677381	0.927843	1.208481	0.061443	0.065384	-0.029707	0.158939	0.038284	0.986546	-0.900586	0.415100	0.128982	-0.404577	-0.908970	0.100454
26801	9.550009	1.092584	1.397064	0.066352	0.079307	-0.027814	0.159452	0.038869	0.986440	-0.900836	0.414463	0.129283	-0.403818	-0.909236	0.101101
26802	9.513589	1.155699	1.399361	0.062359	0.084600	-0.031906	0.160019	0.039470	0.986324	-0.901062	0.413865	0.129625	-0.403089	-0.909482	0.101792
26803	9.640593	1.212874	1.377349	0.057280	0.093135	-0.033331	0.160637	0.040159	0.986196	-0.901265	0.413315	0.129972	-0.402390	-0.909702	0.102587
26804	9.616432	1.206093	1.410304	0.047327	0.108445	-0.042469	0.161394	0.040934	0.986041	-0.901412	0.412858	0.130403	-0.401757	-0.909875	0.103532
26805	9.563542	1.213153	1.323366	0.021123	0.101243	-0.052063	0.162212	0.041620	0.985878	-0.901439	0.412642	0.130899	-0.401366	-0.909942	0.104453
26806	9.520477	1.162421	1.192604	-0.004233	0.092621	-0.062110	0.163083	0.042171	0.985711	-0.901346	0.412663	0.131470	-0.401222	-0.909907	0.105309
26807	9.566393	1.184685	1.053270	-0.027399	0.085794	-0.081476	0.164102	0.042594	0.985523	-0.901129	0.412903	0.132204	-0.401294	-0.909779	0.106141
26808	9.499270	1.212224	1.034225	-0.062744	0.071799	-0.098967	0.165221	0.042803	0.985327	-0.900739	0.413472	0.133076	-0.401709	-0.909510	0.106868
26809	9.622405	1.212818	0.778122	-0.090970	0.044485	-0.110006	0.166332	0.042731	0.985143	-0.900218	0.414302	0.134023	-0.402420	-0.909136	0.107379
26810	9.728342	1.205717	0.775658	-0.118255	0.028042	-0.115191	0.167421	0.042473	0.984970	-0.899574	0.415382	0.134994	-0.403406	-0.908655	0.107751
26811	9.671246	1.064225	0.805127	-0.148359	0.017673	-0.120965	0.168522	0.042110	0.984798	-0.898798	0.416738	0.135985	-0.404676	-0.908051	0.108078
26812	9.658713	0.978387	0.700448	-0.144659	0.001761	-0.117051	0.169519	0.041602	0.984648	-0.898039	0.418057	0.136945	-0.405942	-0.907468	0.108229
26813	9.723500	0.936654	0.813210	-0.145854	-0.019752	-0.123159	0.170486	0.040887	0.984511	-0.897264	0.419385	0.137960	-0.407248	-0.906887	0.108186
26814	9.753606	0.733819	0.938971	-0.121750	-0.020139	-0.120942	0.171427	0.040161	0.984378	-0.896587	0.420494	0.138983	-0.408344	-0.906406	0.108092
26815	9.629345	0.803887	1.102231	-0.074082	-0.021223	-0.113998	0.172303	0.039469	0.984253	-0.896116	0.421166	0.139985	-0.409008	-0.906125	0.107937
26816	9.604642	0.935554	1.288216	-0.041480	-0.031538	-0.114093	0.173135	0.038668	0.984139	-0.895775	0.421543	0.141027	-0.409403	-0.905984	0.107622
26817	9.557863	1.135608	1.486843	-0.028960	-0.030402	-0.108011	0.173918	0.037917	0.984030	-0.895497	0.421802	0.142018	-0.409681	-0.905895	0.107313
26818	9.471640	1.173429	1.467525	-0.030382	-0.041795	-0.111703	0.174686	0.037032	0.983928	-0.895203	0.422076	0.143048	-0.409995	-0.905804	0.106882
26819	9.545024	1.247051	1.438553	-0.017875	-0.048849	-0.109906	0.175409	0.036105	0.983833	-0.894966	0.422232	0.144069	-0.410204	-0.905769	0.106376
26820	9.529456	1.434942	1.482979	-0.019121	-0.049618	-0.121777	0.176233	0.035106	0.983722	-0.894700	0.422405	0.145211	-0.410432	-0.905727	0.105852
26821	9.495527	1.499587	1.373584	-0.031920	-0.053155	-0.127899	0.177100	0.034065	0.983603	-0.894370	0.422695	0.146394	-0.410777	-0.905631	0.105326
26822	9.374720	1.840676	1.043420	-0.056898	-0.080382	-0.144941	0.178004	0.032689	0.983487	-0.893905	0.423216	0.147724	-0.411398	-0.905439	0.104556
26823	9.138856	2.630902	0.857039	-0.143302	-0.099178	-0.151638	0.178892	0.031129	0.983376	-0.893070	0.424521	0.149026	-0.412824	-0.904883	0.103744
26824	9.371586	2.749235	1.150754	-0.369714	-0.138868	-0.171396	0.179784	0.029108	0.983275	-0.891256	0.427872	0.150293	-0.416341	-0.903370	0.102868
26825	9.549902	1.167335	1.206849	-0.549304	-0.139054	-0.185677	0.180795	0.027036	0.983149	-0.888649	0.432836	0.151515	-0.421446	-0.901067	0.102280
26826	9.888778	-1.019796	1.455928	-0.470129	-0.118399	-0.161775	0.181668	0.025232	0.983036	-0.886391	0.437068	0.152589	-0.425803	-0.899075	0.101767
26827	9.801689	-1.095097	1.290285	-0.047183	-0.083771	-0.111868	0.182243	0.023971	0.982961	-0.886014	0.437476	0.153601	-0.426341	-0.898910	0.100966
26828	9.730118	0.293724	1.231076	0.200626	-0.095542	-0.072590	0.182418	0.022761	0.982958	-0.886763	0.435647	0.154479	-0.424706	-0.899830	0.099653
26829	9.569656	2.101478	0.904292	0.323220	-0.071568	-0.044584	0.182450	0.021903	0.982971	-0.888080	0.432699	0.155196	-0.421931	-0.901272	0.098397
26830	9.363240	3.383222	1.161197	0.240347	-0.061459	-0.044345	0.182524	0.021123	0.982974	-0.889038	0.430498	0.155830	-0.419877	-0.902344	0.097355
26831	9.374909	3.226398	1.027822	0.007384	-0.080514	-0.055803	0.182623	0.020136	0.982977	-0.888995	0.430400	0.156346	-0.419925	-0.902414	0.096502
26832	9.504600	1.685411	1.471177	-0.149138	-0.058719	-0.063290	0.182877	0.019299	0.982946	-0.888279	0.431715	0.156787	-0.421327	-0.901803	0.096094
26833	9.443255	0.745164	1.700329	-0.034455	-0.015068	-0.058015	0.183269	0.018893	0.982881	-0.888056	0.431993	0.157284	-0.421627	-0.901679	0.095948
26834	9.469943	1.664546	1.645868	0.131997	-0.008183	-0.048679	0.183605	0.018574	0.982825	-0.888550	0.430770	0.157852	-0.420439	-0.902271	0.095596
26835	9.659159	2.947053	1.123432	0.125035	-0.032251	-0.058333	0.183928	0.018013	0.982775	-0.888995	0.429609	0.158503	-0.419354	-0.902835	0.095030
26836	9.849725	3.356245	0.676527	-0.033056	-0.040758	-0.078144	0.184390	0.017274	0.982701	-0.888740	0.429879	0.159203	-0.419693	-0.902721	0.094618
26837	9.846309	2.639062	0.199103	-0.185014	-0.055186	-0.090825	0.184907	0.016366	0.982620	-0.887822	0.431521	0.159881	-0.421404	-0.901955	0.094321
26838	9.624469	1.302964	-0.102712	-0.242500	-0.083751	-0.091686	0.185305	0.015180	0.982564	-0.886655	0.433679	0.160517	-0.423681	-0.900940	0.093822
26839	9.692607	0.631186	-0.228150	-0.166448	-0.118978	-0.062627	0.185296	0.013817	0.982586	-0.885861	0.435143	0.160936	-0.425341	-0.900256	0.092870
26840	9.673256	1.215654	0.097992	-0.096047	-0.135490	-0.036377	0.184979	0.012405	0.982664	-0.885412	0.435970	0.161168	-0.426413	-0.899876	0.091629
26841	9.662703	1.649590	0.227035	-0.136978	-0.178630	-0.027301	0.184398	0.010659	0.982794	-0.884804	0.437165	0.161271	-0.427924	-0.899318	0.090044
26842	9.830484	1.989376	0.741275	-0.237192	-0.188394	-0.041539	0.183895	0.008750	0.982907	-0.883737	0.439259	0.161430	-0.430338	-0.898318	0.088510
26843	9.721414	1.810012	1.457089	-0.350748	-0.177016	-0.069488	0.183685	0.006834	0.982961	-0.882123	0.442370	0.161766	-0.433727	-0.896807	0.087285
26844	9.550226	1.314333	2.023595	-0.363834	-0.163592	-0.102868	0.183817	0.004878	0.982948	-0.880377	0.445595	0.162424	-0.437204	-0.895221	0.086203
26845	9.287093	1.039768	2.473853	-0.314712	-0.166538	-0.114045	0.184028	0.002860	0.982917	-0.878816	0.448371	0.163234	-0.440244	-0.893843	0.085026
26846	9.460759	1.197227	2.547637	-0.216618	-0.160265	-0.109829	0.184223	0.000901	0.982884	-0.877686	0.450267	0.164093	-0.442412	-0.892893	0.083741
26847	9.483969	1.340191	2.581302	-0.102829	-0.104326	-0.079875	0.184402	-0.000408	0.982851	-0.877113	0.451144	0.164750	-0.443474	-0.892451	0.082834
26848	9.807744	1.504951	2.299729	0.021218	-0.055113	-0.040509	0.184450	-0.001116	0.982841	-0.877160	0.450913	0.165129	-0.443360	-0.892567	0.082192
26849	9.555614	1.562100	1.925269	0.112946	-0.022841	-0.012620	0.184400	-0.001392	0.982850	-0.877667	0.449862	0.165303	-0.442377	-0.893097	0.081733
26850	9.526327	1.470483	1.420740	0.184724	0.002210	0.006153	0.184293	-0.001377	0.982870	-0.878522	0.448171	0.165356	-0.440721	-0.893947	0.081385
26851	9.441955	1.580244	0.679524	0.256144	-0.004674	0.023684	0.184005	-0.001330	0.982924	-0.879721	0.445837	0.165288	-0.438444	-0.895113	0.080866
26852	9.460714	2.084419	0.042231	0.295089	-0.031019	0.033885	0.183509	-0.001491	0.983017	-0.881101	0.443153	0.165155	-0.435873	-0.896445	0.080009
26853	9.612129	2.680787	-0.283794	0.238832	-0.076574	0.046270	0.182708	-0.001990	0.983165	-0.882254	0.440968	0.164848	-0.433872	-0.897521	0.078813
26854	9.595483	2.977540	-0.178440	0.101715	-0.131004	0.039413	0.181730	-0.003026	0.983344	-0.882795	0.440015	0.164502	-0.433183	-0.897986	0.077292
26855	9.442259	2.906034	0.104329	-0.058216	-0.182359	0.029966	0.180617	-0.004550	0.983543	-0.882626	0.440495	0.164123	-0.433992	-0.897744	0.075545
26856	9.416752	2.451005	0.566757	-0.211487	-0.215271	0.005013	0.179574	-0.006493	0.983723	-0.881742	0.442352	0.163878	-0.436216	-0.896818	0.073709
26857	9.459604	1.735930	1.220427	-0.293655	-0.213014	-0.011571	0.178685	-0.008473	0.983870	-0.880463	0.444944	0.163737	-0.439154	-0.895519	0.072044
26858	9.478715	1.405465	1.611204	-0.249269	-0.209396	-0.013937	0.177823	-0.010443	0.984007	-0.879368	0.447132	0.163659	-0.441690	-0.894407	0.070327
26859	9.430405	1.925941	1.658526	-0.180586	-0.201372	-0.007553	0.176940	-0.012296	0.984145	-0.878585	0.448703	0.163567	-0.443600	-0.893597	0.068590
26860	9.321572	2.449356	1.756577	-0.168930	-0.179664	-0.004481	0.176118	-0.013954	0.984270	-0.877854	0.450170	0.163459	-0.445370	-0.892834	0.067033
26861	9.283072	2.457472	1.566237	-0.180578	-0.187714	0.009432	0.175138	-0.015605	0.984420	-0.877091	0.451747	0.163204	-0.447256	-0.892009	0.065431
26862	9.363124	2.171829	1.369331	-0.171954	-0.168893	0.022494	0.174121	-0.017042	0.984577	-0.876388	0.453244	0.162833	-0.449029	-0.891224	0.063984
26863	9.411126	1.784832	1.286746	-0.126894	-0.162945	0.032842	0.173040	-0.018362	0.984744	-0.875904	0.454339	0.162386	-0.450389	-0.890640	0.062535
26864	9.488788	1.600116	1.068169	-0.058692	-0.155975	0.056566	0.171778	-0.019527	0.984942	-0.875764	0.454832	0.161754	-0.451142	-0.890363	0.061029
26865	9.530806	1.391738	0.854999	-0.011998	-0.165982	0.073748	0.170325	-0.020687	0.985171	-0.875866	0.454912	0.160980	-0.451496	-0.890296	0.059364
26866	9.606293	1.346281	0.487451	0.036687	-0.193956	0.099434	0.168515	-0.021994	0.985454	-0.876227	0.454567	0.159983	-0.451473	-0.890441	0.057329
26867	9.752093	1.857208	0.306274	0.075576	-0.212915	0.124276	0.166407	-0.023344	0.985781	-0.876805	0.453882	0.158759	-0.451134	-0.890756	0.055061
26868	9.670419	2.508547	0.444862	0.032465	-0.228775	0.126841	0.164200	-0.024839	0.986114	-0.877189	0.453583	0.157488	-0.451197	-0.890868	0.052689
26869	9.523962	2.748688	0.550958	-0.067973	-0.264808	0.122612	0.161870	-0.026658	0.986452	-0.877109	0.454182	0.156201	-0.452193	-0.890510	0.050136
26870	9.378996	2.457731	0.910279	-0.174666	-0.292530	0.107276	0.159540	-0.028807	0.986771	-0.876517	0.455727	0.155019	-0.454164	-0.889653	0.047457
26871	9.019662	1.825495	1.152212	-0.221316	-0.287851	0.106380	0.157237	-0.030899	0.987077	-0.875708	0.457683	0.153824	-0.456521	-0.888579	0.044906
26872	9.885630	0.961427	1.922345	-0.188063	-0.306726	0.116604	0.154749	-0.033121	0.987398	-0.875057	0.459351	0.152551	-0.458615	-0.887637	0.042102
26873	9.545947	0.340804	1.892474	0.000566	-0.255221	0.146180	0.152241	-0.034731	0.987733	-0.875312	0.459357	0.151065	-0.458968	-0.887573	0.039533
26874	9.485545	0.753832	1.871588	0.186810	-0.234727	0.196047	0.149384	-0.035949	0.988125	-0.876491	0.457728	0.149160	-0.457655	-0.888365	0.036869
26875	9.441235	1.565234	1.517377	0.305261	-0.215018	0.232881	0.146302	-0.036816	0.988555	-0.878258	0.455056	0.146926	-0.455257	-0.889701	0.034242
26876	9.456129	1.984015	0.931262	0.330441	-0.234599	0.246856	0.143004	-0.037818	0.988999	-0.880142	0.452166	0.144554	-0.452659	-0.891131	0.031377
26877	9.772490	1.686220	0.989243	0.276218	-0.237077	0.264546	0.139544	-0.038757	0.989457	-0.881792	0.449762	0.141977	-0.450523	-0.892307	0.028586
26878	9.080763	1.095362	0.516100	0.345457	-0.267404	0.262162	0.135965	-0.040003	0.989906	-0.883731	0.446741	0.139435	-0.447809	-0.893769	0.025389
26879	9.143288	1.555428	-0.226730	0.471114	-0.335779	0.285159	0.131883	-0.041758	0.990385	-0.886241	0.442601	0.136676	-0.444053	-0.895746	0.021364
26880	9.489925	2.380621	-0.053479	0.446083	-0.385862	0.310753	0.127356	-0.043882	0.990886	-0.888643	0.438695	0.133643	-0.440561	-0.897564	0.016875
26881	9.284927	2.625722	0.518707	0.332537	-0.430180	0.322188	0.122541	-0.046356	0.991380	-0.890533	0.435813	0.130454	-0.438104	-0.898843	0.012123
26882	9.428256	2.636200	1.010775	0.248946	-0.482077	0.327496	0.117451	-0.049302	0.991854	-0.892040	0.433691	0.127189	-0.436429	-0.899712	0.006958
26883	9.483312	2.210256	1.435574	0.189215	-0.502505	0.332458	0.112235	-0.052407	0.992299	-0.893272	0.432117	0.123857	-0.435280	-0.900293	0.001685
26884	10.070445	1.997372	1.925781	0.196306	-0.480742	0.326419	0.107165	-0.055363	0.992699	-0.894507	0.430486	0.120573	-0.434018	-0.900898	-0.003390
26885	9.319393	1.780186	2.105939	0.260704	-0.435010	0.338534	0.102192	-0.057853	0.993081	-0.896016	0.428287	0.117154	-0.432101	-0.901789	-0.008070
26886	9.120477	1.729582	2.324658	0.327533	-0.409029	0.353962	0.097193	-0.060068	0.993451	-0.897804	0.425501	0.113563	-0.429536	-0.902962	-0.012573
26887	9.461329	1.951456	2.747870	0.381699	-0.357458	0.374046	0.092244	-0.061734	0.993821	-0.899817	0.422238	0.109748	-0.426404	-0.904380	-0.016601
26888	9.647551	2.203557	3.202388	0.428137	-0.291966	0.380429	0.087515	-0.062813	0.994181	-0.902000	0.418560	0.105845	-0.422773	-0.906014	-0.020027
26889	10.130717	2.983613	3.731386	0.490271	-0.211725	0.374527	0.083184	-0.063193	0.994529	-0.904406	0.414308	0.101972	-0.418485	-0.907940	-0.022688
26890	9.876409	3.859091	3.568870	0.433479	-0.121616	0.357849	0.079375	-0.062858	0.994861	-0.906525	0.410555	0.098267	-0.414622	-0.909667	-0.024394
26891	10.021112	3.638756	2.501926	0.322788	-0.072417	0.350807	0.075839	-0.062103	0.995184	-0.908154	0.407795	0.094655	-0.411710	-0.910959	-0.025472
26892	10.415457	3.100819	1.895604	0.234365	0.004783	0.367020	0.072462	-0.060602	0.995528	-0.909410	0.405845	0.090899	-0.409539	-0.911931	-0.025704
26893	10.664649	2.145088	1.422340	0.199235	0.079460	0.387980	0.069207	-0.058324	0.995896	-0.910521	0.404217	0.086947	-0.407629	-0.912802	-0.025130
26894	10.913317	1.306433	1.148337	0.234657	0.149358	0.440974	0.065735	-0.055217	0.996308	-0.911794	0.402284	0.082454	-0.405352	-0.913848	-0.023903
26895	10.923753	0.603866	1.464399	0.287015	0.221376	0.485982	0.062147	-0.051260	0.996750	-0.913286	0.399878	0.077508	-0.402551	-0.915134	-0.021963
26896	10.951544	-0.043326	1.922301	0.381816	0.293691	0.514359	0.058560	-0.046558	0.997198	-0.915147	0.396592	0.072258	-0.398845	-0.916814	-0.019383
26897	11.416788	0.488412	2.611956	0.533348	0.336483	0.528206	0.055007	-0.041402	0.997627	-0.917581	0.391886	0.066857	-0.393724	-0.919082	-0.016434
26898	12.469481	1.751984	3.714977	0.550376	0.406188	0.508212	0.051864	-0.035722	0.998015	-0.920025	0.386977	0.061662	-0.388411	-0.921397	-0.012795
26899	12.871426	2.394599	4.383960	0.357821	0.523676	0.441193	0.049781	-0.029207	0.998333	-0.921653	0.383778	0.057185	-0.384808	-0.922964	-0.007814
26900	12.038573	2.458788	4.672198	0.149825	0.705523	0.359912	0.049110	-0.021352	0.998565	-0.922426	0.382444	0.053543	-0.383038	-0.923732	-0.000913
26901	11.266080	2.426523	4.883188	-0.012606	0.871035	0.285792	0.049765	-0.012224	0.998686	-0.922539	0.382565	0.050653	-0.382681	-0.923848	0.007761
26902	10.536242	2.266703	5.009833	-0.179407	1.010558	0.198712	0.051744	-0.002167	0.998658	-0.921972	0.384194	0.048605	-0.383784	-0.923250	0.017882
26903	10.210790	1.756231	4.854005	-0.361859	1.166171	0.112865	0.055154	0.009017	0.998437	-0.920659	0.387484	0.047358	-0.386451	-0.921832	0.029673
26904	9.369129	1.165058	4.333004	-0.500651	1.286441	0.041617	0.059706	0.020987	0.997995	-0.918759	0.392045	0.046721	-0.390278	-0.919707	0.042690
26905	9.651971	0.700905	3.769921	-0.587343	1.352842	-0.003425	0.065007	0.033391	0.997326	-0.916472	0.397395	0.046432	-0.394782	-0.917040	0.056435
26906	9.710426	0.339085	2.896033	-0.621847	1.496746	-0.051491	0.071361	0.046851	0.996350	-0.913989	0.403065	0.046509	-0.399414	-0.913971	0.071585
26907	9.381401	0.145535	2.416287	-0.609809	1.560410	-0.090247	0.078412	0.060719	0.995070	-0.911494	0.408631	0.046892	-0.403770	-0.910678	0.087386
26908	9.549136	-0.142761	2.050974	-0.616956	1.567025	-0.102261	0.085642	0.074505	0.993536	-0.908928	0.414264	0.047283	-0.408063	-0.907102	0.103198
26909	9.964254	-0.831129	1.955938	-0.716683	1.563089	-0.110285	0.093022	0.088192	0.991750	-0.905909	0.420795	0.047551	-0.413130	-0.902859	0.119037
26910	10.455790	-1.334957	1.233520	-0.676710	1.509094	-0.129212	0.100398	0.101203	0.989787	-0.902996	0.426967	0.047938	-0.417755	-0.898586	0.134253
26911	16.099238	-0.317500	0.529491	-0.459794	1.441745	-0.194677	0.108154	0.113299	0.987657	-0.900889	0.431253	0.049181	-0.420358	-0.895089	0.148712
26912	5.457991	-1.294305	-1.893524	-0.028718	1.880118	-0.210109	0.117870	0.129166	0.984593	-0.900556	0.431719	0.051174	-0.418457	-0.892712	0.167208
26913	12.119606	1.124346	-0.465939	-0.076402	1.378333	-0.198149	0.125371	0.140596	0.982097	-0.900020	0.432618	0.052960	-0.417427	-0.890547	0.180777
26914	10.758531	0.216437	0.018791	0.086403	1.285788	-0.170250	0.132193	0.151267	0.979614	-0.900185	0.432051	0.054759	-0.414960	-0.889073	0.193283
26915	10.761808	0.547400	0.151840	-0.093227	1.397895	-0.210715	0.139838	0.162761	0.976706	-0.899538	0.433160	0.056606	-0.413856	-0.886500	0.206982
26916	12.259434	0.496197	-0.469158	-0.051372	1.417148	-0.242831	0.147813	0.174220	0.973550	-0.899001	0.433976	0.058833	-0.412247	-0.883919	0.220771
26917	8.364396	0.310746	-0.847917	0.099537	1.366739	-0.217644	0.155339	0.185337	0.970320	-0.899106	0.433438	0.061149	-0.409240	-0.881919	0.233967
26918	9.606662	-0.097080	-0.814431	0.038507	1.262253	-0.199402	0.162221	0.195558	0.967182	-0.898972	0.433430	0.063143	-0.406858	-0.879713	0.246113
26919	10.128358	-0.251352	-0.707834	0.043735	1.260612	-0.218825	0.169255	0.205677	0.963872	-0.898813	0.433434	0.065342	-0.404336	-0.877400	0.258226
26920	10.253602	-0.296483	-0.796156	0.061528	1.259759	-0.245028	0.176472	0.215621	0.960398	-0.898663	0.433362	0.067834	-0.401574	-0.875046	0.270247
26921	10.003744	-0.152212	-0.840998	0.098157	1.246382	-0.285855	0.183980	0.225266	0.956769	-0.898567	0.433083	0.070821	-0.398407	-0.872751	0.282095
26922	10.591543	0.035240	-0.559547	0.125389	1.216971	-0.314653	0.191574	0.234479	0.953058	-0.898500	0.432664	0.074160	-0.394965	-0.870529	0.293567
26923	9.160280	-0.130919	-0.686074	0.091580	1.354132	-0.354532	0.200036	0.244704	0.948739	-0.898193	0.432666	0.077783	-0.391453	-0.867710	0.306340
26924	7.786294	-0.150623	-0.184377	0.047260	1.187482	-0.325846	0.207533	0.253550	0.944798	-0.897739	0.433018	0.080990	-0.388580	-0.864990	0.317487
26925	8.241574	-0.393253	-0.025598	0.031933	1.153698	-0.304948	0.214688	0.262180	0.940835	-0.897246	0.433477	0.083946	-0.385821	-0.862183	0.328303
26926	8.288527	-0.179047	0.227164	0.036122	1.123518	-0.298404	0.221624	0.270526	0.936856	-0.896761	0.433910	0.086844	-0.383018	-0.859382	0.338762
26927	8.164950	0.269554	0.397119	0.044167	1.083071	-0.284550	0.228259	0.278571	0.932897	-0.896317	0.434260	0.089635	-0.380150	-0.856631	0.348812
26928	8.323642	0.717432	0.719675	-0.009728	1.026650	-0.275451	0.234558	0.286122	0.929041	-0.895670	0.435070	0.092142	-0.377834	-0.853726	0.358320
26929	8.365197	0.702610	1.081047	-0.109215	0.978361	-0.282237	0.240725	0.293215	0.925244	-0.894615	0.436766	0.094342	-0.376453	-0.850447	0.367455
26930	8.096952	0.747508	1.539823	-0.214512	0.926866	-0.308296	0.246909	0.299699	0.921529	-0.893083	0.439449	0.096369	-0.376083	-0.846797	0.376160
26931	8.031627	0.807153	1.926535	-0.323562	0.839525	-0.340871	0.253060	0.305274	0.918024	-0.891041	0.443161	0.098255	-0.376838	-0.842862	0.384158
26932	8.086009	0.800928	2.255500	-0.393285	0.737600	-0.367744	0.259058	0.309809	0.914826	-0.888642	0.447548	0.100080	-0.378423	-0.838880	0.391250
26933	8.237822	0.764066	2.467390	-0.425842	0.616368	-0.381675	0.264733	0.313237	0.912030	-0.886055	0.452249	0.101869	-0.380555	-0.835077	0.397271
26934	8.450754	0.819721	2.778933	-0.430037	0.503132	-0.373579	0.269900	0.315702	0.909662	-0.883444	0.456956	0.103533	-0.382990	-0.831579	0.402238
26935	8.611236	0.764679	3.173313	-0.399061	0.403893	-0.357233	0.274553	0.317402	0.907677	-0.880967	0.461347	0.105147	-0.385380	-0.828502	0.406284
26936	8.615322	0.496743	3.725554	-0.391671	0.326541	-0.342500	0.278769	0.318487	0.906010	-0.878535	0.465624	0.106636	-0.387898	-0.825688	0.409603
26937	8.641624	-0.039945	4.087668	-0.407242	0.254523	-0.321123	0.282526	0.319070	0.904640	-0.876078	0.469953	0.107851	-0.390726	-0.823006	0.412304
26938	8.515212	-0.554817	4.401847	-0.358488	0.200035	-0.261541	0.285539	0.319452	0.903558	-0.873960	0.473683	0.108715	-0.393271	-0.820716	0.414443
26939	8.068776	-0.796834	4.686765	-0.233322	0.160612	-0.160778	0.287524	0.319994	0.902737	-0.872610	0.476058	0.109180	-0.394818	-0.819129	0.416108
26940	7.769758	-0.930430	4.820774	-0.051511	0.124934	-0.068238	0.288553	0.320665	0.902170	-0.872240	0.476647	0.109562	-0.394885	-0.818524	0.417235
26941	7.773951	-0.756350	4.954750	0.150855	0.090095	-0.016142	0.288996	0.321315	0.901797	-0.872819	0.475412	0.110318	-0.393278	-0.818987	0.417842
26942	8.103379	-0.073577	5.636361	0.302302	0.081245	0.017928	0.289098	0.322038	0.901506	-0.874086	0.472826	0.111401	-0.390380	-0.820200	0.418182
26943	8.440595	0.893276	6.782336	0.334064	0.114308	0.029419	0.289232	0.323105	0.901081	-0.875500	0.469936	0.112514	-0.387097	-0.821440	0.418800
26944	8.569718	1.511040	7.006728	0.299619	0.128372	0.005171	0.289623	0.324157	0.900578	-0.876700	0.467405	0.113705	-0.384077	-0.822469	0.419560
26945	8.327950	2.120920	7.276221	0.267685	0.175599	-0.068418	0.290843	0.325273	0.899782	-0.877557	0.465372	0.115426	-0.381189	-0.823180	0.420796
26946	8.128465	2.374814	6.955389	0.200750	0.169586	-0.101123	0.292316	0.326172	0.898979	-0.878054	0.463997	0.117163	-0.378909	-0.823601	0.422030
26947	7.891728	2.334753	6.429072	0.085860	0.125897	-0.045597	0.293142	0.326989	0.898413	-0.878276	0.463386	0.117916	-0.377755	-0.823621	0.423024
26948	8.027970	1.943879	5.554838	-0.137584	0.060940	0.042950	0.292936	0.327661	0.898235	-0.877911	0.464327	0.116930	-0.378761	-0.822824	0.423676
26949	8.489468	1.079891	4.915809	-0.374344	0.004850	0.120696	0.291845	0.328256	0.898373	-0.876871	0.466955	0.114240	-0.382000	-0.821098	0.424116
26950	8.659016	0.177406	4.322338	-0.484121	-0.023135	0.159177	0.290303	0.328784	0.898680	-0.875504	0.470351	0.110737	-0.386286	-0.818945	0.424396
26951	8.697212	-0.102517	3.881845	-0.416848	-0.058912	0.149351	0.288717	0.329000	0.899112	-0.874349	0.473217	0.107607	-0.390072	-0.817205	0.424286
26952	8.734832	-0.041515	3.310026	-0.309355	-0.141132	0.137170	0.286906	0.328470	0.899885	-0.873563	0.475241	0.105044	-0.393159	-0.816243	0.423289
26953	8.779571	-0.020298	2.991416	-0.213863	-0.247540	0.151099	0.284558	0.327162	0.901106	-0.873182	0.476439	0.102760	-0.395702	-0.816070	0.421247
26954	9.094173	-0.189525	2.778781	-0.139642	-0.383372	0.185937	0.281353	0.324892	0.902932	-0.873184	0.476921	0.100479	-0.397983	-0.816695	0.417873
26955	9.326964	-0.301162	2.560382	-0.053024	-0.491066	0.159044	0.277953	0.321629	0.905150	-0.873448	0.476788	0.098800	-0.399788	-0.818064	0.413451
26956	9.210478	-0.104414	2.400171	0.091207	-0.509967	0.090744	0.275060	0.317857	0.907364	-0.874094	0.475699	0.098333	-0.400377	-0.820169	0.408683
26957	9.050797	0.337599	2.361142	0.140644	-0.478679	0.025549	0.272866	0.314039	0.909353	-0.874759	0.474411	0.098651	-0.400427	-0.822383	0.404159
26958	8.829067	0.880828	2.367674	0.101434	-0.446554	-0.069671	0.271627	0.310005	0.911107	-0.875005	0.473742	0.099673	-0.400731	-0.824297	0.399937
26959	8.280383	1.522492	2.433187	-0.048040	-0.482852	-0.153678	0.270978	0.305284	0.912892	-0.874426	0.474559	0.100861	-0.402430	-0.825588	0.395544
26960	8.004101	1.770406	2.132212	-0.264012	-0.618898	-0.193699	0.270107	0.299223	0.915154	-0.872864	0.477274	0.101574	-0.406386	-0.826242	0.390096
26961	8.660910	1.237022	1.845019	-0.392967	-0.788275	-0.197428	0.268549	0.291753	0.918020	-0.870756	0.481053	0.101841	-0.411904	-0.826721	0.383232
26962	9.877278	0.635434	2.171915	-0.421510	-0.918441	-0.186418	0.266298	0.283229	0.921340	-0.868539	0.485025	0.101936	-0.418002	-0.827364	0.375157
26963	10.680430	0.253461	3.107149	-0.430028	-0.941619	-0.180983	0.263848	0.274545	0.924667	-0.866280	0.489038	0.101987	-0.424197	-0.827929	0.366864
26964	10.531529	0.309932	4.092530	-0.515642	-0.869577	-0.187913	0.261694	0.266395	0.927658	-0.863612	0.493766	0.101833	-0.430918	-0.827786	0.359278
26965	9.481442	0.302102	4.484845	-0.630565	-0.780134	-0.202986	0.259997	0.258924	0.930247	-0.860374	0.499465	0.101448	-0.438358	-0.826737	0.352631
26966	8.655583	-0.155766	4.542768	-0.755989	-0.754820	-0.201138	0.258322	0.251652	0.932706	-0.856538	0.506173	0.100656	-0.446780	-0.824900	0.346305
26967	8.746687	-1.186903	4.381988	-0.761750	-0.787650	-0.154249	0.256031	0.244369	0.935271	-0.852739	0.512782	0.099457	-0.455286	-0.823006	0.339671
26968	9.453249	-2.349052	3.980678	-0.575591	-0.815332	-0.078397	0.252895	0.237233	0.937958	-0.849930	0.517657	0.098233	-0.462236	-0.822041	0.332544
26969	9.854776	-3.005982	3.419155	-0.107589	-0.788127	-0.002592	0.249205	0.230730	0.940564	-0.849459	0.518498	0.097873	-0.465099	-0.823361	0.325208
26970	9.525165	-2.568014	2.856332	0.487800	-0.770213	0.065883	0.245008	0.224685	0.943126	-0.851916	0.514274	0.098795	-0.462828	-0.827671	0.317414
26971	9.430135	-1.172595	2.539921	0.905750	-0.793418	0.121553	0.240261	0.218708	0.945749	-0.856411	0.506429	0.100452	-0.456985	-0.834085	0.308979
26972	9.231903	0.958080	2.613462	1.105597	-0.789477	0.138058	0.235435	0.212759	0.948316	-0.861780	0.496821	0.102487	-0.449339	-0.841369	0.300320
26973	9.096740	3.330202	3.103357	1.010819	-0.799983	0.075784	0.231153	0.206367	0.950779	-0.866497	0.488074	0.104725	-0.442438	-0.848055	0.291636
26974	9.144123	5.128992	3.289846	0.666613	-0.825118	-0.055384	0.227937	0.199052	0.953112	-0.869336	0.482468	0.107141	-0.438520	-0.852996	0.283015
26975	8.994366	5.599364	2.840910	0.181376	-0.900447	-0.182845	0.225518	0.190469	0.955439	-0.869749	0.481225	0.109358	-0.438952	-0.855654	0.274185
26976	9.091198	3.893577	2.402556	-0.327402	-1.003193	-0.241994	0.223129	0.180686	0.957897	-0.867790	0.484429	0.110763	-0.444020	-0.855968	0.264888
26977	9.243978	0.864163	2.564666	-0.731206	-1.081032	-0.211553	0.220057	0.170400	0.960489	-0.864074	0.491005	0.110859	-0.452715	-0.854329	0.255287
26978	9.611353	-2.542237	2.127733	-0.786002	-1.084422	-0.125720	0.216120	0.160496	0.963085	-0.860236	0.497874	0.110070	-0.461830	-0.852269	0.245665
26979	9.476678	-4.119741	1.940251	-0.185468	-0.986540	-0.034881	0.211787	0.151902	0.965439	-0.859333	0.499463	0.109925	-0.465503	-0.852914	0.236314
26980	9.762921	-3.186364	2.170074	0.317601	-0.921209	0.036605	0.207125	0.144185	0.967631	-0.860917	0.496649	0.110277	-0.464673	-0.855891	0.227000
26981	9.044678	-1.913441	1.670022	0.550311	-0.884053	0.072495	0.202344	0.136951	0.969691	-0.863647	0.491779	0.110761	-0.461704	-0.859883	0.217786
26982	10.616295	0.072694	1.948650	0.693006	-0.912903	0.068401	0.197493	0.129385	0.971728	-0.866998	0.485667	0.111542	-0.457505	-0.864515	0.208093
26983	9.375027	1.928448	1.473565	0.739499	-0.798477	0.015176	0.193667	0.122528	0.973386	-0.870425	0.479190	0.112862	-0.452608	-0.869117	0.199455
26984	8.792871	3.702706	1.533486	0.555402	-0.819376	-0.058038	0.190415	0.115085	0.974935	-0.872847	0.474377	0.114479	-0.449312	-0.872767	0.190780
26985	9.224521	4.217767	1.362560	0.174508	-0.845602	-0.117080	0.187577	0.107132	0.976390	-0.873440	0.472935	0.115907	-0.449352	-0.874560	0.182286
26986	9.952313	3.835559	1.327624	-0.129816	-0.807638	-0.164589	0.185312	0.099258	0.977654	-0.872577	0.474196	0.117251	-0.451961	-0.874806	0.174484
26987	10.439075	2.588379	1.642276	-0.377662	-0.745423	-0.196164	0.183576	0.091796	0.978710	-0.870530	0.477639	0.118485	-0.456594	-0.873747	0.167594
26988	10.174385	0.740795	1.718444	-0.488568	-0.693745	-0.191613	0.181992	0.084791	0.979637	-0.867964	0.482029	0.119525	-0.462079	-0.872043	0.161320
