// General information: 
//  MT Manager version: 2022.2.0 
//  XDA version: 2022.2.0 build 7381 rev 124627 built on 2023-07-19
// Device information: 
//  DeviceId: 00B4CB9F
//  ProductCode: MTW2-3A7G6
//  Firmware Version: 4.6.0
//  Hardware Version: 2.0.0
// Device settings: 
//  Filter Profile: human(46.1)
//  Option Flags: Orientation Smoother Disabled, Position/Velocity Smoother Disabled, Continuous Zero Rotation Update Disabled, AHS Disabled, ICC Disabled
// Coordinate system: ENU
PacketCounter	Acc_X	Acc_Y	Acc_Z	Gyr_X	Gyr_Y	Gyr_Z	Mat[1][1]	Mat[2][1]	Mat[3][1]	Mat[1][2]	Mat[2][2]	Mat[3][2]	Mat[1][3]	Mat[2][3]	Mat[3][3]
39246	9.133678	0.580708	3.123822	0.837723	0.596958	-0.293250	-0.138180	-0.084183	0.986823	0.516038	-0.856565	-0.000813	0.845347	0.509126	0.161801
39247	8.968618	0.817937	2.829697	0.800372	0.526590	-0.333747	-0.144284	-0.084034	0.985962	0.522356	-0.852719	0.003763	0.840432	0.515566	0.166929
39248	8.713081	1.076737	2.419764	0.746380	0.414762	-0.361981	-0.149594	-0.083128	0.985247	0.528139	-0.849115	0.008547	0.835877	0.521626	0.170926
39249	8.679522	1.577899	1.919657	0.659486	0.277707	-0.367929	-0.153795	-0.081471	0.984738	0.533123	-0.845934	0.013276	0.831942	0.527028	0.173534
39250	8.826272	2.108542	1.447548	0.505518	0.191601	-0.350103	-0.157188	-0.079549	0.984360	0.536835	-0.843504	0.017559	0.828915	0.531199	0.175294
39251	8.964194	2.260064	1.003136	0.289365	0.144616	-0.327252	-0.160078	-0.077564	0.984052	0.538755	-0.842195	0.021258	0.827114	0.533566	0.176605
39252	9.346498	2.097375	0.720149	0.084449	0.137789	-0.299027	-0.162766	-0.075802	0.983749	0.539024	-0.841940	0.024309	0.826414	0.534220	0.177898
39253	9.480222	1.712163	0.542806	-0.091905	0.168327	-0.249721	-0.165435	-0.074601	0.983395	0.537897	-0.842592	0.026570	0.826618	0.533361	0.179521
39254	9.515861	1.185607	0.380908	-0.222446	0.194740	-0.209104	-0.168105	-0.073892	0.982996	0.535760	-0.843900	0.028185	0.827467	0.531388	0.181452
39255	9.632091	0.772823	0.409841	-0.293838	0.222692	-0.171759	-0.170800	-0.073626	0.982551	0.533079	-0.845558	0.029306	0.828646	0.528783	0.183669
39256	9.742660	0.382559	0.417329	-0.324839	0.240420	-0.145669	-0.173507	-0.073676	0.982073	0.530183	-0.847349	0.030101	0.829941	0.525901	0.186083
39257	9.873911	0.064308	0.531632	-0.311730	0.266146	-0.115807	-0.176263	-0.074095	0.981550	0.527435	-0.849043	0.030623	0.831110	0.523102	0.188735
39258	9.845632	-0.316206	0.655537	-0.265775	0.279351	-0.106775	-0.179088	-0.074661	0.980996	0.525083	-0.850481	0.031130	0.831995	0.520680	0.191514
39259	9.860266	-0.696429	0.820393	-0.165509	0.287793	-0.099457	-0.181937	-0.075316	0.980422	0.523570	-0.851391	0.031756	0.832330	0.519097	0.194332
39260	9.758514	-0.920423	1.042605	-0.014779	0.293739	-0.095482	-0.184820	-0.076043	0.979826	0.523320	-0.851511	0.032627	0.831852	0.518793	0.197171
39261	9.786700	-0.951610	1.312593	0.163230	0.307531	-0.089577	-0.187779	-0.076882	0.979198	0.524554	-0.850706	0.033799	0.830411	0.519989	0.200073
39262	9.795899	-0.840241	1.726368	0.341040	0.335306	-0.088384	-0.190962	-0.077895	0.978502	0.527263	-0.848968	0.035316	0.827965	0.522672	0.203192
39263	9.906677	-0.827236	2.099870	0.513810	0.377968	-0.087275	-0.194480	-0.079143	0.977708	0.531384	-0.846314	0.037193	0.824505	0.526772	0.206647
39264	9.966368	-0.782274	2.469708	0.678317	0.426234	-0.078533	-0.198343	-0.080753	0.976800	0.536857	-0.842756	0.039339	0.820027	0.532205	0.210507
39265	9.879749	-0.626867	2.713560	0.828708	0.467742	-0.048100	-0.202359	-0.082857	0.975800	0.543578	-0.838330	0.041541	0.814601	0.538829	0.214683
39266	9.765421	-0.240163	2.926067	0.955557	0.489394	-0.023341	-0.206396	-0.085333	0.974740	0.551333	-0.833134	0.043806	0.808352	0.546448	0.219003
39267	9.558426	0.361368	3.176442	1.037331	0.506139	-0.009059	-0.210454	-0.088047	0.973631	0.559708	-0.827403	0.046160	0.801521	0.554663	0.223411
39268	9.346892	1.054696	3.353002	1.049903	0.510587	0.010257	-0.214409	-0.090999	0.972496	0.568157	-0.821496	0.048394	0.794497	0.562907	0.227838
39269	9.136947	1.572288	3.582327	1.000298	0.504943	-0.000813	-0.218341	-0.093855	0.971349	0.576112	-0.815798	0.050674	0.787669	0.570670	0.232194
39270	8.915830	1.934584	3.495197	0.903462	0.472714	-0.014875	-0.222075	-0.096461	0.970246	0.583216	-0.810593	0.052901	0.781372	0.577611	0.236270
39271	8.811831	2.195281	3.398073	0.771761	0.437433	-0.024570	-0.225559	-0.098802	0.969207	0.589213	-0.806107	0.054949	0.775855	0.583463	0.240040
39272	8.829201	2.290392	3.259215	0.616275	0.403158	-0.028517	-0.228786	-0.100946	0.968229	0.593963	-0.802493	0.056683	0.771275	0.588060	0.243557
39273	8.779168	2.327133	3.136328	0.454230	0.378855	-0.034482	-0.231840	-0.102903	0.967296	0.597422	-0.799820	0.058103	0.767683	0.591354	0.246907
39274	8.772987	2.266674	3.014909	0.301371	0.365187	-0.035643	-0.234793	-0.104792	0.966380	0.599695	-0.798038	0.059166	0.765008	0.593426	0.250217
39275	8.685097	2.245864	2.789918	0.150542	0.344170	-0.018924	-0.237470	-0.106683	0.965519	0.600844	-0.797134	0.059700	0.763279	0.594303	0.253396
39276	8.349570	2.024055	2.559276	0.013383	0.295947	0.000326	-0.239668	-0.108455	0.964778	0.600994	-0.797021	0.059701	0.762473	0.594134	0.256201
39277	8.338454	1.868269	2.391388	-0.110505	0.241307	0.022391	-0.241307	-0.110064	0.964187	0.600248	-0.797622	0.059174	0.762544	0.593031	0.258537
39278	8.298330	1.797579	2.143873	-0.214085	0.191265	0.045529	-0.242435	-0.111569	0.963731	0.598772	-0.798806	0.058150	0.763346	0.591152	0.260463
39279	8.084573	1.688380	1.946716	-0.295900	0.133490	0.072183	-0.242957	-0.112933	0.963441	0.596729	-0.800440	0.056655	0.764778	0.588678	0.261863
39280	7.942646	1.582697	1.855848	-0.363394	0.063592	0.115764	-0.242697	-0.114244	0.963352	0.594274	-0.802410	0.054558	0.766770	0.585736	0.262635
39281	7.839294	1.405349	1.734767	-0.435520	-0.008957	0.162620	-0.241598	-0.115498	0.963478	0.591366	-0.804736	0.051821	0.769361	0.582288	0.262724
39282	7.743473	1.239067	1.693890	-0.511111	-0.086205	0.225764	-0.239544	-0.116827	0.963831	0.588015	-0.807408	0.048275	0.772565	0.578311	0.262106
39283	7.698549	1.032945	1.552634	-0.570684	-0.157853	0.286521	-0.236576	-0.118235	0.964392	0.584321	-0.810329	0.043994	0.776273	0.573923	0.260792
39284	7.736272	0.820797	1.384183	-0.625085	-0.245828	0.368602	-0.232458	-0.119832	0.965196	0.580367	-0.813431	0.038786	0.780473	0.569184	0.258635
39285	7.881182	0.716569	1.221799	-0.656665	-0.337796	0.433108	-0.227243	-0.121448	0.966235	0.576266	-0.816600	0.032888	0.785034	0.564282	0.255553
39286	7.945602	0.647497	1.133383	-0.665993	-0.429263	0.490567	-0.220988	-0.123060	0.967482	0.572168	-0.819711	0.026428	0.789803	0.559402	0.251557
39287	8.629094	0.399410	1.900192	-0.652451	-0.517982	0.509741	-0.213911	-0.124362	0.968905	0.568151	-0.822685	0.019840	0.794636	0.554728	0.246638
39288	10.013191	-0.109961	3.179424	-0.587714	-0.486353	0.475633	-0.207284	-0.125604	0.970184	0.564516	-0.825308	0.013763	0.798972	0.550537	0.241978
39289	10.565973	-1.023636	4.531584	-0.408209	-0.378593	0.435665	-0.201732	-0.127127	0.971155	0.562182	-0.826970	0.008526	0.802032	0.547686	0.238295
39290	10.127153	-1.385488	5.318858	-0.171006	-0.285405	0.408668	-0.197086	-0.128957	0.971868	0.561671	-0.827351	0.004121	0.803544	0.546682	0.235490
39291	10.348355	-0.791500	6.029368	0.065256	-0.313017	0.358282	-0.192489	-0.130209	0.972622	0.562936	-0.826500	0.000762	0.803773	0.547671	0.232391
39292	10.770319	-0.192046	5.759713	0.150754	-0.394453	0.331412	-0.187392	-0.130795	0.973538	0.564824	-0.825209	-0.002146	0.803653	0.549476	0.228513
39293	11.888619	0.621597	5.503323	0.074420	-0.435663	0.295792	-0.182150	-0.130840	0.974527	0.566011	-0.824383	-0.004888	0.804023	0.550703	0.224219
39294	12.491594	1.365212	5.615012	0.079149	-0.299444	0.161725	-0.178769	-0.130535	0.975193	0.566986	-0.823703	-0.006319	0.804095	0.551792	0.221264
39295	11.296855	2.057451	5.435244	0.094128	-0.133812	0.075516	-0.177198	-0.130419	0.975496	0.567920	-0.823055	-0.006877	0.803783	0.552785	0.219911
39296	9.596070	2.140514	4.700821	-0.057277	-0.147570	0.132115	-0.175205	-0.130704	0.975817	0.567739	-0.823167	-0.008322	0.804348	0.552551	0.218429
39297	8.723534	1.967156	3.005532	-0.323566	-0.251655	0.263516	-0.171618	-0.131489	0.976349	0.565631	-0.824576	-0.011626	0.806603	0.550259	0.215886
39298	8.620448	2.154542	0.910610	-0.578017	-0.387074	0.406942	-0.166139	-0.132741	0.977127	0.561691	-0.827175	-0.016867	0.810494	0.546041	0.211986
39299	8.923338	1.839774	0.030074	-0.732571	-0.416769	0.523338	-0.159758	-0.134817	0.977907	0.556631	-0.830426	-0.023550	0.815254	0.540571	0.207710
39300	9.338529	0.502347	-0.088903	-0.796416	-0.387883	0.606547	-0.153171	-0.137791	0.978546	0.551113	-0.833849	-0.031151	0.820252	0.534518	0.203660
39301	9.993506	-0.791947	0.066067	-0.824989	-0.367398	0.666683	-0.146426	-0.141413	0.979062	0.545366	-0.837273	-0.039370	0.825309	0.528182	0.199720
39302	10.350832	-1.470455	0.381253	-0.792985	-0.364396	0.683326	-0.139646	-0.145244	0.979491	0.539825	-0.840427	-0.047660	0.830113	0.522098	0.195769
39303	10.605808	-1.524710	0.646625	-0.690278	-0.400014	0.674537	-0.132624	-0.148848	0.979926	0.535040	-0.842993	-0.055635	0.834352	0.516921	0.191441
39304	10.138886	-1.105645	0.468574	-0.613208	-0.452217	0.645406	-0.125346	-0.151982	0.980403	0.530790	-0.845147	-0.063152	0.838183	0.512472	0.186606
39305	9.916673	-0.759864	0.414623	-0.599044	-0.494209	0.594590	-0.117984	-0.154496	0.980923	0.526523	-0.847265	-0.070115	0.841934	0.508206	0.181309
39306	9.745946	-0.895154	0.413359	-0.621721	-0.501625	0.541030	-0.110857	-0.156562	0.981427	0.521941	-0.849538	-0.076566	0.845747	0.503759	0.175894
39307	9.579912	-1.391485	0.395867	-0.641293	-0.495493	0.492739	-0.104030	-0.158275	0.981900	0.517076	-0.851950	-0.082545	0.849594	0.499129	0.170468
39308	9.434465	-1.932316	0.503247	-0.618947	-0.491964	0.455262	-0.097440	-0.159728	0.982340	0.512310	-0.854271	-0.088087	0.853255	0.494679	0.165070
39309	9.288699	-2.257636	0.425575	-0.556281	-0.502990	0.440821	-0.090823	-0.161027	0.982762	0.508010	-0.856277	-0.093354	0.856549	0.490774	0.159573
39310	9.515965	-2.383427	0.289341	-0.453549	-0.551862	0.435613	-0.083825	-0.162075	0.983212	0.504545	-0.857762	-0.098380	0.859307	0.487828	0.153676
39311	9.335742	-2.131436	0.250471	-0.364238	-0.585759	0.442532	-0.076490	-0.163028	0.983652	0.501806	-0.858788	-0.103313	0.861591	0.485700	0.147497
39312	9.407711	-1.798368	0.293074	-0.317542	-0.631320	0.443140	-0.068766	-0.163790	0.984096	0.499434	-0.859573	-0.108165	0.863618	0.484053	0.140912
39313	9.419700	-1.515107	0.458769	-0.293974	-0.662909	0.443782	-0.060756	-0.164409	0.984519	0.497220	-0.860238	-0.112971	0.865494	0.482659	0.134012
39314	9.534573	-1.463571	0.668490	-0.263983	-0.694850	0.428424	-0.052550	-0.164761	0.984933	0.495221	-0.860775	-0.117570	0.867176	0.481581	0.126827
39315	9.697764	-1.333030	0.885872	-0.195401	-0.704074	0.412226	-0.044334	-0.164929	0.985309	0.493765	-0.861008	-0.121905	0.868465	0.481106	0.119608
39316	9.588638	-1.141218	1.193238	-0.114024	-0.688893	0.391620	-0.036356	-0.165001	0.985623	0.492977	-0.860880	-0.125934	0.869283	0.481311	0.112640
39317	9.530253	-1.065650	1.537360	-0.029074	-0.671154	0.366120	-0.028648	-0.164926	0.985890	0.492882	-0.860389	-0.129609	0.869624	0.482215	0.105938
39318	9.605674	-1.051312	2.064496	0.037013	-0.626590	0.352300	-0.021402	-0.164945	0.986071	0.493336	-0.859598	-0.133082	0.869575	0.483616	0.099771
39319	9.571024	-1.174862	2.549713	0.078325	-0.558619	0.351160	-0.014744	-0.165263	0.986139	0.494119	-0.858611	-0.136503	0.869269	0.485258	0.094319
39320	9.488105	-1.337110	2.937351	0.119994	-0.486106	0.335840	-0.008799	-0.165796	0.986121	0.495245	-0.857441	-0.139742	0.868709	0.487142	0.089654
39321	9.550758	-1.339426	3.365921	0.166571	-0.394299	0.305237	-0.003793	-0.166493	0.986035	0.496749	-0.856092	-0.142641	0.867886	0.489271	0.085953
39322	9.518105	-1.431717	3.725370	0.166664	-0.273487	0.269775	-0.000020	-0.167475	0.985876	0.498243	-0.854793	-0.145198	0.867037	0.491203	0.083460
39323	9.305425	-1.621155	3.729947	0.120190	-0.180156	0.241933	0.002816	-0.168663	0.985670	0.499320	-0.853767	-0.147519	0.866413	0.492580	0.081812
39324	8.920129	-1.665232	2.999615	0.049199	-0.148093	0.244595	0.005379	-0.170036	0.985423	0.499779	-0.853078	-0.149928	0.866136	0.493300	0.080391
39325	8.818057	-1.562449	1.812879	-0.056943	-0.171786	0.251798	0.008193	-0.171343	0.985177	0.499306	-0.852901	-0.152489	0.866387	0.493155	0.078565
39326	8.941993	-1.540106	0.636822	-0.214152	-0.227819	0.272250	0.011582	-0.172559	0.984931	0.497467	-0.853455	-0.155375	0.867406	0.491770	0.075957
39327	9.264817	-1.899484	-0.412640	-0.357264	-0.298204	0.287859	0.015667	-0.173562	0.984698	0.494363	-0.854681	-0.158511	0.869114	0.489282	0.072412
39328	9.610400	-2.335579	-1.174805	-0.435208	-0.370625	0.299001	0.020422	-0.174328	0.984476	0.490565	-0.856252	-0.161799	0.871165	0.486254	0.068033
39329	9.896079	-2.878764	-1.549961	-0.415006	-0.438108	0.300326	0.025779	-0.174785	0.984269	0.486914	-0.857711	-0.165063	0.873069	0.483510	0.062994
39330	10.059712	-2.877147	-1.736106	-0.336794	-0.505432	0.296031	0.031691	-0.174903	0.984076	0.483929	-0.858787	-0.168219	0.874533	0.481554	0.057425
39331	9.142537	-3.074442	-1.897778	-0.267618	-0.552836	0.263003	0.037866	-0.174511	0.983927	0.481533	-0.859586	-0.170990	0.875610	0.480268	0.051484
39332	10.629888	-2.841252	-1.399223	-0.093123	-0.638915	0.225960	0.044608	-0.173401	0.983841	0.480667	-0.859609	-0.173299	0.875768	0.480630	0.045003
39333	10.363620	-2.629691	-1.123491	0.026703	-0.610843	0.200664	0.050988	-0.172193	0.983743	0.480841	-0.859105	-0.175299	0.875324	0.481962	0.038993
39334	10.013429	-2.607523	-0.604155	0.099634	-0.621881	0.191809	0.057413	-0.170853	0.983622	0.481651	-0.858263	-0.177191	0.874480	0.483936	0.033016
39335	10.065985	-2.482638	-0.218912	0.135773	-0.634294	0.198532	0.063981	-0.169486	0.983454	0.482753	-0.857238	-0.179141	0.873416	0.486227	0.026973
39336	9.540561	-2.393027	-0.108766	0.121013	-0.637803	0.203411	0.070592	-0.168136	0.983233	0.483714	-0.856273	-0.181155	0.872374	0.488392	0.020884
39337	9.477174	-2.296439	0.109898	0.085275	-0.661370	0.204325	0.077416	-0.166656	0.982971	0.484342	-0.855485	-0.183187	0.871447	0.490276	0.014491
39338	9.604235	-2.128369	0.257606	0.023460	-0.659132	0.201356	0.084194	-0.165158	0.982667	0.484425	-0.855004	-0.185206	0.870772	0.491622	0.008020
39339	9.390580	-2.028415	0.363050	-0.056349	-0.651331	0.182344	0.090815	-0.163519	0.982351	0.483810	-0.854953	-0.187039	0.870449	0.492257	0.001470
39340	9.325464	-1.924068	0.527434	-0.120009	-0.627895	0.151810	0.097075	-0.161742	0.982047	0.482663	-0.855264	-0.188572	0.870410	0.492303	-0.004958
39341	9.382565	-2.016726	0.740853	-0.166183	-0.591403	0.120741	0.102872	-0.159871	0.981763	0.481130	-0.855860	-0.189783	0.870593	0.491879	-0.011125
39342	9.285380	-2.249787	0.758144	-0.192629	-0.548269	0.099768	0.108186	-0.158047	0.981487	0.479388	-0.856616	-0.190780	0.870909	0.491153	-0.016908
39343	9.236381	-2.434148	0.646448	-0.198761	-0.514679	0.083642	0.113137	-0.156245	0.981217	0.477598	-0.857432	-0.191602	0.871264	0.490304	-0.022385
39344	9.119759	-2.618128	0.396020	-0.188395	-0.488474	0.063112	0.117755	-0.154410	0.980965	0.475923	-0.858224	-0.192219	0.871568	0.489499	-0.027573
39345	9.076350	-2.662516	0.174407	-0.158698	-0.476419	0.044289	0.122185	-0.152466	0.980727	0.474520	-0.858905	-0.192646	0.871723	0.488913	-0.032597
39346	9.187622	-2.679554	0.040385	-0.117214	-0.465776	0.012117	0.126363	-0.150310	0.980530	0.473524	-0.859427	-0.192770	0.871669	0.488663	-0.037425
39347	9.256472	-2.669263	-0.170155	-0.085265	-0.458906	-0.008252	0.130391	-0.148004	0.980354	0.472824	-0.859829	-0.192696	0.871456	0.488661	-0.042134
39348	9.305348	-2.525951	-0.397914	-0.069487	-0.466009	-0.018765	0.134423	-0.145582	0.980172	0.472284	-0.860163	-0.192528	0.871136	0.488799	-0.046870
39349	9.358123	-2.245292	-0.742445	-0.080839	-0.501630	-0.035713	0.138691	-0.142830	0.979982	0.471661	-0.860583	-0.192179	0.870805	0.488873	-0.051988
39350	9.528534	-1.973618	-0.921972	-0.115529	-0.549577	-0.041062	0.143343	-0.139807	0.979748	0.470753	-0.861173	-0.191761	0.870543	0.488707	-0.057628
39351	9.077838	-1.996962	-0.873359	-0.156738	-0.587625	-0.045852	0.148309	-0.136549	0.979469	0.469488	-0.861975	-0.191258	0.870394	0.488214	-0.063731
39352	9.754892	-2.046256	-0.570603	-0.152490	-0.657510	-0.053540	0.153841	-0.132896	0.979118	0.468281	-0.862760	-0.190679	0.870084	0.487837	-0.070495
39353	10.296248	-1.931997	-0.071364	-0.144492	-0.640993	-0.057794	0.159213	-0.129278	0.978743	0.467147	-0.863513	-0.190049	0.869727	0.487475	-0.077091
39354	10.067017	-2.151723	0.510050	-0.165071	-0.594981	-0.044142	0.164242	-0.126015	0.978338	0.465821	-0.864342	-0.189533	0.869503	0.486860	-0.083260
39355	10.019928	-2.359393	0.892887	-0.179004	-0.558402	-0.020946	0.169066	-0.123125	0.977884	0.464332	-0.865213	-0.189217	0.869375	0.486052	-0.089107
39356	9.729527	-2.130472	1.045002	-0.229319	-0.543950	-0.014823	0.173786	-0.120374	0.977399	0.462402	-0.866313	-0.188910	0.869473	0.484781	-0.094892
39357	9.736811	-1.911428	1.206603	-0.294766	-0.519388	-0.037401	0.178197	-0.117545	0.976949	0.459935	-0.867757	-0.188300	0.869888	0.482888	-0.100569
39358	9.917515	-1.723953	1.251414	-0.385579	-0.484240	-0.061540	0.182188	-0.114697	0.976551	0.456729	-0.869654	-0.187350	0.870750	0.480152	-0.106055
39359	9.945286	-1.542391	1.281868	-0.489547	-0.412595	-0.094804	0.185419	-0.111906	0.976267	0.452668	-0.872077	-0.185937	0.872188	0.476401	-0.111044
39360	9.829063	-1.800429	1.399586	-0.552990	-0.344238	-0.112792	0.187975	-0.109308	0.976072	0.448089	-0.874794	-0.184260	0.874003	0.472004	-0.115459
39361	9.576516	-2.267379	1.159030	-0.564884	-0.291763	-0.109906	0.190104	-0.106983	0.975918	0.443386	-0.877541	-0.182568	0.875939	0.467415	-0.119389
39362	9.368737	-2.413365	0.637853	-0.578776	-0.295992	-0.110880	0.192267	-0.104652	0.975746	0.438561	-0.880320	-0.180834	0.877894	0.462693	-0.123360
39363	8.796258	-2.222893	-0.144324	-0.622171	-0.329540	-0.132999	0.194650	-0.101973	0.975558	0.433381	-0.883296	-0.178800	0.879939	0.457592	-0.127740
39364	8.991908	-1.808097	-0.687690	-0.696598	-0.435130	-0.179851	0.197765	-0.098424	0.975296	0.427636	-0.886614	-0.176188	0.882052	0.451916	-0.133252
39365	8.916719	-1.456286	-1.101448	-0.827855	-0.485918	-0.226025	0.201165	-0.094246	0.975013	0.420806	-0.890521	-0.172900	0.884565	0.445072	-0.139482
39366	9.102614	-1.518292	-1.128952	-0.968773	-0.562320	-0.259529	0.205121	-0.089472	0.974638	0.412789	-0.895004	-0.169037	0.887429	0.436993	-0.146651
39367	9.318908	-2.089713	-1.016000	-1.077091	-0.616567	-0.268563	0.209571	-0.084407	0.974143	0.403801	-0.899873	-0.164843	0.890519	0.427907	-0.154504
39368	9.627294	-2.611868	-0.795969	-1.105544	-0.673653	-0.264188	0.214581	-0.079196	0.973490	0.394539	-0.904741	-0.160570	0.893473	0.418535	-0.162894
39369	10.206449	-2.875240	-0.295965	-1.085142	-0.713908	-0.255135	0.220039	-0.073940	0.972685	0.385415	-0.909407	-0.156318	0.896124	0.409283	-0.171608
39370	10.190769	-3.150426	0.294527	-1.047179	-0.692792	-0.256159	0.225335	-0.068826	0.971847	0.376628	-0.913802	-0.152041	0.898541	0.400285	-0.179990
39371	10.938828	-3.620512	0.912281	-0.982909	-0.684368	-0.259084	0.230591	-0.063758	0.970960	0.368407	-0.917847	-0.147762	0.900613	0.391781	-0.188158
39372	11.612233	-3.584626	1.363479	-0.881333	-0.609425	-0.280262	0.235116	-0.058844	0.970184	0.361154	-0.921413	-0.143409	0.902379	0.384104	-0.195387
39373	12.316977	-2.990378	1.961139	-0.777879	-0.482469	-0.317263	0.238402	-0.054095	0.969659	0.354910	-0.924534	-0.138836	0.903993	0.377240	-0.201212
39374	12.899374	-2.229134	2.469960	-0.717319	-0.278171	-0.346419	0.239752	-0.049876	0.969552	0.349287	-0.927373	-0.134079	0.905824	0.370798	-0.204918
39375	12.883382	-1.948691	2.633255	-0.651150	0.039451	-0.387333	0.238115	-0.046441	0.970126	0.344337	-0.929937	-0.129034	0.908148	0.364775	-0.205440
39376	12.291214	-2.166674	2.524159	-0.429703	0.390622	-0.432227	0.233131	-0.043866	0.971456	0.341489	-0.931667	-0.124021	0.910514	0.360655	-0.202220
39377	12.233223	-1.840704	2.309299	-0.091710	0.701577	-0.485620	0.225141	-0.041884	0.973426	0.341797	-0.932188	-0.119163	0.912407	0.359543	-0.195558
39378	12.051243	-0.980842	1.700927	0.190291	0.962487	-0.536762	0.214558	-0.040382	0.975876	0.344757	-0.931700	-0.114353	0.913842	0.360976	-0.185982
39379	10.888954	0.201959	0.940276	0.263482	1.213787	-0.578798	0.201515	-0.039402	0.978693	0.348403	-0.930960	-0.109217	0.915427	0.362989	-0.173874
39380	10.761543	1.386370	0.481682	0.222559	1.277452	-0.615164	0.187704	-0.038357	0.981476	0.351683	-0.930367	-0.103618	0.917107	0.364618	-0.161144
39381	9.734877	1.896935	-0.356147	0.056419	1.352402	-0.617859	0.173173	-0.037557	0.984175	0.353349	-0.930378	-0.097678	0.919323	0.364673	-0.147845
39382	8.705179	1.770039	-1.450946	-0.205293	1.301081	-0.613937	0.159073	-0.036604	0.986588	0.352523	-0.931330	-0.091393	0.922184	0.362333	-0.135245
39383	8.776834	1.282497	-2.288174	-0.524670	1.148779	-0.587741	0.146463	-0.035274	0.988587	0.348607	-0.933411	-0.084952	0.925755	0.357071	-0.124413
39384	8.677411	0.590435	-2.606021	-0.768251	1.043519	-0.581992	0.134817	-0.033553	0.990302	0.342342	-0.936305	-0.078329	0.929853	0.349582	-0.114743
39385	9.357559	-0.383067	-2.556133	-0.866796	0.945454	-0.600259	0.124038	-0.031206	0.991787	0.335077	-0.939476	-0.071467	0.933990	0.341189	-0.106074
39386	9.790163	-1.499839	-2.453065	-0.865468	0.910790	-0.606811	0.113549	-0.028599	0.993121	0.327742	-0.942555	-0.064616	0.937919	0.332824	-0.097653
39387	10.070956	-2.510688	-2.272160	-0.812862	0.909877	-0.580965	0.103180	-0.026127	0.994320	0.320770	-0.945372	-0.058127	0.941520	0.324945	-0.089162
39388	10.075898	-3.450540	-2.120039	-0.700432	0.909717	-0.536381	0.092943	-0.024010	0.995382	0.314736	-0.947740	-0.052249	0.944618	0.318139	-0.080529
39389	10.117092	-3.973402	-1.912982	-0.503459	0.933994	-0.490408	0.082641	-0.022326	0.996329	0.310443	-0.949428	-0.047025	0.946993	0.313190	-0.071531
39390	10.460284	-4.123793	-1.624718	-0.217727	0.952549	-0.430296	0.072330	-0.021249	0.997154	0.308761	-0.950183	-0.042645	0.948385	0.310967	-0.062166
39391	9.931638	-3.973400	-1.483623	0.087083	1.005991	-0.355801	0.061752	-0.021021	0.997870	0.309865	-0.949973	-0.039187	0.948773	0.311625	-0.052149
39392	9.439346	-3.543194	-1.231929	0.395169	0.997476	-0.295198	0.051420	-0.021383	0.998448	0.313829	-0.948778	-0.036482	0.948086	0.315218	-0.042075
39393	9.384870	-2.917873	-1.119042	0.649525	0.942419	-0.239792	0.041797	-0.022129	0.998881	0.320134	-0.946749	-0.034370	0.946450	0.321212	-0.032487
39394	9.187285	-2.276277	-0.994518	0.818983	0.906023	-0.193215	0.032657	-0.023286	0.999195	0.327998	-0.944111	-0.032723	0.944114	0.328803	-0.023194
39395	9.196645	-1.570884	-0.844435	0.932576	0.837484	-0.171433	0.024258	-0.024479	0.999406	0.336879	-0.941030	-0.031226	0.941236	0.337436	-0.014581
39396	9.339822	-0.826082	-0.806619	1.009320	0.781615	-0.174722	0.016368	-0.025551	0.999540	0.346449	-0.937600	-0.029641	0.937926	0.346775	-0.006495
39397	9.352315	-0.246827	-0.834453	1.019316	0.711848	-0.167028	0.009183	-0.026507	0.999606	0.356054	-0.934045	-0.028039	0.934420	0.356171	0.000861
39398	9.590579	0.322218	-0.843197	0.968487	0.652742	-0.164383	0.002554	-0.027366	0.999622	0.365148	-0.930575	-0.026409	0.930946	0.365078	0.007616
39399	9.832066	0.521552	-0.953248	0.869022	0.607575	-0.146094	-0.003566	-0.028267	0.999594	0.373265	-0.927391	-0.024894	0.927718	0.373024	0.013858
39400	10.023069	0.427871	-0.855245	0.769838	0.570504	-0.120060	-0.009250	-0.029340	0.999527	0.380439	-0.924504	-0.023617	0.924760	0.380041	0.019713
39401	10.125411	-0.068555	-0.653708	0.735175	0.563007	-0.095757	-0.014749	-0.030630	0.999422	0.387257	-0.921697	-0.022533	0.921854	0.386700	0.025456
39402	10.612898	-0.828681	-0.291706	0.818037	0.594147	-0.069459	-0.020435	-0.032345	0.999268	0.394823	-0.918502	-0.021656	0.918530	0.394092	0.031540
39403	10.681093	-1.498724	-0.168170	0.979766	0.670215	-0.044068	-0.026687	-0.034626	0.999044	0.403834	-0.914593	-0.020912	0.914443	0.402890	0.038391
39404	10.728317	-1.810742	-0.036185	1.194690	0.748902	-0.042995	-0.033638	-0.037325	0.998737	0.414767	-0.909707	-0.020028	0.909306	0.413569	0.046082
39405	10.391555	-1.737476	0.189683	1.414375	0.878118	-0.054743	-0.041759	-0.040528	0.998305	0.427604	-0.903771	-0.018804	0.903001	0.426094	0.055070
39406	9.980084	-1.454136	0.377351	1.604571	0.962625	-0.091514	-0.050759	-0.043906	0.997745	0.442044	-0.896833	-0.016977	0.895556	0.440185	0.064931
39407	9.862455	-0.978129	0.535566	1.753701	1.021986	-0.122841	-0.060354	-0.047397	0.997051	0.457649	-0.889014	-0.014558	0.887082	0.455420	0.075346
39408	9.698181	-0.551937	0.651538	1.830219	1.073342	-0.147678	-0.070458	-0.051094	0.996205	0.473755	-0.880579	-0.011656	0.877833	0.471136	0.086250
39409	9.663429	-0.267057	0.738692	1.850220	1.104399	-0.169322	-0.080848	-0.054908	0.995213	0.489821	-0.871784	-0.008307	0.868066	0.486804	0.097377
39410	9.631851	0.052991	0.828475	1.832406	1.115600	-0.188663	-0.091359	-0.058817	0.994080	0.505525	-0.862800	-0.004590	0.857962	0.502112	0.108558
39411	9.298283	0.366559	0.953243	1.778796	1.098427	-0.220699	-0.101792	-0.062525	0.992839	0.520524	-0.853847	-0.000404	0.847758	0.516755	0.119460
39412	9.456303	0.748683	0.926851	1.694771	1.066776	-0.247544	-0.112032	-0.066034	0.991508	0.534593	-0.845100	0.004121	0.837651	0.530515	0.129980
39413	9.314914	1.002360	0.900539	1.580259	1.041422	-0.267162	-0.122083	-0.069382	0.990092	0.547482	-0.836771	0.008869	0.827865	0.543140	0.140141
39414	9.357006	1.234415	0.912192	1.439388	0.989430	-0.269863	-0.131665	-0.072589	0.988633	0.559040	-0.829030	0.013582	0.818620	0.554473	0.149734
39415	9.255983	1.511413	0.803237	1.281767	0.926557	-0.273153	-0.140684	-0.075519	0.987170	0.569148	-0.822033	0.018225	0.810110	0.564409	0.158629
39416	9.112826	1.385605	0.712048	1.124685	0.865640	-0.262601	-0.149114	-0.078314	0.985714	0.577885	-0.815805	0.022605	0.802380	0.573000	0.166904
39417	8.900095	1.110694	0.721248	1.024774	0.803875	-0.227813	-0.156793	-0.081099	0.984296	0.585763	-0.810047	0.026567	0.795171	0.580730	0.174515
39418	8.766719	0.885901	0.686606	0.980256	0.741944	-0.185240	-0.163703	-0.083960	0.982930	0.593276	-0.804436	0.030094	0.788178	0.588076	0.181500
39419	8.543706	0.580799	0.551545	0.996024	0.686223	-0.159156	-0.169971	-0.086745	0.981624	0.600867	-0.798648	0.033466	0.781069	0.595514	0.187869
39420	8.481380	0.705761	0.549069	1.043254	0.640426	-0.156328	-0.175839	-0.089358	0.980355	0.608755	-0.792497	0.036953	0.773626	0.603294	0.193749
39421	8.376428	0.986316	0.578054	1.075835	0.614540	-0.177621	-0.181591	-0.091686	0.979091	0.616760	-0.786094	0.040777	0.765919	0.611269	0.199296
39422	8.165608	1.337657	0.833858	1.055836	0.588568	-0.196421	-0.187239	-0.093785	0.977827	0.624493	-0.779745	0.044794	0.758255	0.619033	0.204567
39423	7.992806	1.620601	0.977411	0.964328	0.552028	-0.204948	-0.192626	-0.095626	0.976602	0.631422	-0.773905	0.048764	0.751133	0.626041	0.209454
39424	7.888113	1.766195	1.065552	0.842611	0.502757	-0.202888	-0.197618	-0.097238	0.975445	0.637376	-0.768763	0.052492	0.744781	0.632098	0.213898
39425	7.954895	1.916686	1.134638	0.704952	0.440702	-0.186071	-0.202012	-0.098604	0.974407	0.642276	-0.764440	0.055799	0.739373	0.637110	0.217757
39426	8.100935	2.037600	1.226258	0.559282	0.374263	-0.173800	-0.205835	-0.099683	0.973496	0.646091	-0.761001	0.058684	0.734982	0.641047	0.221045
39427	8.195351	2.130283	1.396793	0.415874	0.292860	-0.152382	-0.208903	-0.100402	0.972769	0.648865	-0.758449	0.061063	0.731665	0.643952	0.223590
39428	8.413969	2.117417	1.493253	0.270512	0.220810	-0.126330	-0.211282	-0.100881	0.972205	0.650622	-0.756795	0.062866	0.729418	0.645821	0.225532
39429	8.642404	1.908429	1.699305	0.137837	0.159803	-0.090483	-0.212970	-0.101223	0.971801	0.651475	-0.755963	0.064029	0.728165	0.646741	0.226942
39430	9.041298	1.696213	2.048676	0.046811	0.109064	-0.042478	-0.213986	-0.101618	0.971537	0.651771	-0.755667	0.064516	0.727602	0.647025	0.227934
39431	9.399274	1.508946	2.569098	0.017364	0.090661	0.001743	-0.214568	-0.102213	0.971346	0.651942	-0.755520	0.064511	0.727278	0.647103	0.228747
39432	9.528303	1.411407	3.038441	0.013489	0.089344	0.039475	-0.214906	-0.103099	0.971178	0.652170	-0.755356	0.064127	0.726973	0.647154	0.229569
39433	9.564893	1.186711	3.562805	0.028396	0.098813	0.069348	-0.215105	-0.104257	0.971010	0.652566	-0.755067	0.063490	0.726559	0.647305	0.230454
39434	9.619512	0.571211	4.102263	0.057341	0.129831	0.112466	-0.215260	-0.105957	0.970792	0.653270	-0.754541	0.062500	0.725880	0.647642	0.231641
39435	10.031365	-0.546371	4.994693	0.124676	0.212546	0.207450	-0.215379	-0.108892	0.970440	0.654661	-0.753478	0.060748	0.724590	0.648393	0.233571
39436	9.852380	-1.406436	5.016494	0.318398	0.310470	0.330886	-0.215400	-0.113409	0.969918	0.657722	-0.751005	0.058255	0.721807	0.650485	0.236358
39437	9.471453	-1.161846	4.914986	0.647018	0.366756	0.438327	-0.215076	-0.119078	0.969310	0.663359	-0.746239	0.055516	0.716726	0.654941	0.239490
39438	9.148436	0.100143	4.966710	0.955134	0.391610	0.452355	-0.214797	-0.125028	0.968623	0.671189	-0.739360	0.053405	0.709484	0.661600	0.242730
39439	8.653462	1.920963	4.835360	1.078419	0.393309	0.364044	-0.215047	-0.130315	0.967870	0.679618	-0.731686	0.052487	0.701337	0.669069	0.245911
39440	7.963649	3.280691	4.509818	0.987911	0.316420	0.264356	-0.215396	-0.134378	0.967237	0.687124	-0.724652	0.052341	0.693877	0.675886	0.248422
39441	7.420773	3.792541	4.097580	0.706991	0.166877	0.208648	-0.215044	-0.137008	0.966946	0.692499	-0.719538	0.052056	0.688623	0.680804	0.249611
39442	7.203833	3.447595	3.089524	0.372184	-0.103762	0.249375	-0.212550	-0.138101	0.967342	0.695635	-0.716615	0.050542	0.686232	0.683660	0.248384
39443	7.255244	3.042135	2.023101	0.007867	-0.404045	0.385389	-0.207027	-0.138088	0.968541	0.696536	-0.715994	0.046804	0.687006	0.684313	0.244414
39444	7.507361	2.567089	0.893484	-0.407333	-0.710448	0.564541	-0.198154	-0.137290	0.970508	0.694916	-0.717960	0.040321	0.691250	0.682411	0.237671
39445	7.664666	2.053361	-0.392755	-0.816787	-0.957310	0.720221	-0.186445	-0.135957	0.973013	0.690662	-0.722496	0.031390	0.698730	0.677876	0.228606
39446	8.094678	1.838558	-1.481457	-1.104731	-1.099651	0.831049	-0.172945	-0.134576	0.975694	0.684427	-0.728785	0.020797	0.708273	0.671388	0.218148
39447	8.074029	1.831442	-2.862693	-1.349669	-1.175866	0.890212	-0.158428	-0.133245	0.978339	0.676305	-0.736564	0.009201	0.719383	0.663113	0.206807
39448	9.635719	2.346556	-2.597614	-1.592825	-1.245298	0.858469	-0.143578	-0.131421	0.980874	0.666085	-0.745872	-0.002434	0.731926	0.652996	0.194628
39449	14.033332	1.945422	0.329411	-1.600871	-0.992441	0.594439	-0.132261	-0.129449	0.982726	0.655130	-0.755431	-0.011338	0.743850	0.642313	0.184720
39450	15.493412	-0.107701	2.156330	-1.209245	-0.554310	0.196953	-0.126781	-0.127415	0.983713	0.646380	-0.762858	-0.015503	0.752409	0.633887	0.179074
39451	13.516894	-1.550447	2.756891	-0.695906	-0.511890	0.016404	-0.122743	-0.124303	0.984623	0.641185	-0.767200	-0.016924	0.757507	0.629248	0.173870
39452	13.760721	-2.180283	5.170917	-0.325537	-0.468089	0.074309	-0.118664	-0.121941	0.985418	0.638847	-0.769118	-0.018245	0.760128	0.627366	0.169168
39453	14.097110	-4.972394	5.381687	0.024135	-0.310520	0.222660	-0.114813	-0.121700	0.985904	0.639328	-0.768663	-0.020431	0.760314	0.627970	0.166059
39454	12.745886	-4.859833	1.606587	0.614308	-0.500360	0.402742	-0.108380	-0.121641	0.986639	0.644481	-0.764261	-0.023430	0.756900	0.633331	0.161226
39455	10.900972	-0.313088	-0.034281	0.900713	-0.651431	0.509037	-0.100100	-0.121360	0.987548	0.651843	-0.757871	-0.027063	0.751719	0.641018	0.154970
39456	10.429626	3.554927	-0.172352	0.683994	-0.671985	0.543131	-0.091452	-0.121144	0.988413	0.657534	-0.752769	-0.031424	0.747854	0.647042	0.148498
39457	9.102410	5.702319	-0.416926	0.055467	-0.561661	0.560256	-0.083498	-0.121715	0.989047	0.658475	-0.751696	-0.036916	0.747956	0.648181	0.142911
39458	8.573932	5.917904	-0.331834	-0.778223	-0.547400	0.558082	-0.075676	-0.122395	0.989592	0.653118	-0.756002	-0.043558	0.753465	0.643024	0.137150
39459	9.219630	4.506547	0.202493	-1.436440	-0.569977	0.572259	-0.067579	-0.123104	0.990090	0.642671	-0.764431	-0.051181	0.763156	0.632844	0.130775
39460	9.258527	2.093652	0.159470	-1.849585	-0.632540	0.623094	-0.058701	-0.123946	0.990551	0.628877	-0.775207	-0.059733	0.775286	0.619428	0.123452
39461	8.962352	-0.287368	-0.256777	-2.063442	-0.711037	0.648543	-0.049045	-0.124659	0.990987	0.613129	-0.786994	-0.068653	0.788459	0.604235	0.115030
39462	8.935263	-2.177391	-0.583153	-2.090617	-0.776823	0.629942	-0.039008	-0.125027	0.991386	0.596826	-0.798644	-0.077237	0.801422	0.588673	0.105773
39463	8.875243	-3.689978	-0.743022	-1.953388	-0.764214	0.563587	-0.029450	-0.125116	0.991705	0.581286	-0.809265	-0.084836	0.813166	0.573966	0.096561
39464	8.825416	-4.792108	-0.681860	-1.635842	-0.718169	0.480101	-0.020765	-0.124954	0.991945	0.568067	-0.817920	-0.091141	0.822720	0.561599	0.087966
39465	8.845191	-5.067147	-0.489127	-1.182810	-0.642904	0.399994	-0.013133	-0.124658	0.992113	0.558401	-0.823982	-0.096141	0.829468	0.552734	0.080430
39466	8.753052	-4.800854	-0.519331	-0.691859	-0.593570	0.317445	-0.006380	-0.124026	0.992259	0.552721	-0.827361	-0.099861	0.833342	0.547805	0.073830
39467	8.791224	-4.033101	-0.557369	-0.266252	-0.566825	0.249586	-0.000208	-0.122994	0.992407	0.550546	-0.828481	-0.102562	0.834805	0.546344	0.067886
39468	8.970718	-2.797392	-0.514409	0.057432	-0.552859	0.219233	0.005669	-0.121800	0.992538	0.551061	-0.827865	-0.104740	0.834445	0.547543	0.062426
39469	9.033135	-1.595896	-0.555921	0.253376	-0.575057	0.198167	0.011626	-0.120284	0.992671	0.553193	-0.826206	-0.106592	0.832972	0.550378	0.056935
39470	9.245623	-0.268205	-0.464849	0.309089	-0.585615	0.188926	0.017602	-0.118625	0.992783	0.555779	-0.824240	-0.108340	0.831144	0.553675	0.051421
39471	9.289318	0.720898	-0.190037	0.211983	-0.594924	0.182002	0.023624	-0.116824	0.992872	0.557538	-0.822821	-0.110081	0.829815	0.556164	0.045696
39472	9.472272	0.756169	-0.015823	0.007297	-0.600071	0.197163	0.029758	-0.115119	0.992906	0.557587	-0.822518	-0.112076	0.829585	0.556966	0.039713
39473	9.773675	0.303105	0.052185	-0.218128	-0.630747	0.214915	0.036258	-0.113380	0.992890	0.555740	-0.823457	-0.114327	0.830565	0.555934	0.033153
39474	10.073946	0.105392	0.321560	-0.413477	-0.642519	0.224986	0.042903	-0.111684	0.992817	0.552253	-0.825465	-0.116723	0.832572	0.553294	0.026263
39475	10.301338	-0.364538	0.359628	-0.606403	-0.608779	0.206757	0.049185	-0.110041	0.992709	0.547135	-0.828549	-0.118953	0.835598	0.548997	0.019455
39476	10.325979	-1.469351	0.337478	-0.698099	-0.565421	0.204683	0.055089	-0.108664	0.992551	0.541223	-0.832108	-0.121137	0.839073	0.543864	0.012972
39477	10.235333	-2.245664	0.306452	-0.744891	-0.555518	0.242506	0.061132	-0.107684	0.992304	0.534852	-0.835848	-0.123656	0.842731	0.538296	0.006497
39478	10.067810	-2.794040	0.127734	-0.774186	-0.561175	0.278798	0.067409	-0.107028	0.991968	0.528174	-0.839662	-0.126487	0.846456	0.532459	-0.000071
39479	9.622418	-3.325398	-0.206457	-0.755286	-0.573667	0.292120	0.073876	-0.106453	0.991570	0.521596	-0.843323	-0.129398	0.849988	0.526758	-0.006776
39480	9.046795	-3.634289	-0.382291	-0.639478	-0.602061	0.277100	0.080495	-0.105652	0.991140	0.515978	-0.846351	-0.132123	0.852812	0.522041	-0.013613
39481	9.811034	-3.364288	-0.427293	-0.513228	-0.609559	0.235041	0.086975	-0.104478	0.990717	0.511433	-0.848747	-0.134405	0.854910	0.518375	-0.020386
39482	9.259157	-3.203620	-0.750729	-0.425939	-0.600847	0.185704	0.093119	-0.102966	0.990317	0.507661	-0.850725	-0.136188	0.856510	0.515427	-0.026946
39483	9.218475	-2.862688	-0.703997	-0.333787	-0.611480	0.142547	0.099148	-0.101041	0.989929	0.504697	-0.852270	-0.137539	0.857584	0.513251	-0.033506
39484	9.352252	-2.426512	-0.524731	-0.261581	-0.620528	0.092750	0.104996	-0.098669	0.989566	0.502399	-0.853486	-0.138406	0.858237	0.511689	-0.040041
39485	9.147836	-2.317052	-0.561897	-0.236282	-0.623984	0.059767	0.110719	-0.095997	0.989205	0.500339	-0.854609	-0.138937	0.858721	0.510321	-0.046591
39486	9.073004	-2.092642	-0.548398	-0.227222	-0.666571	0.031650	0.116659	-0.092888	0.988819	0.498392	-0.855706	-0.139183	0.859067	0.509056	-0.053532
39487	9.221387	-1.701434	-0.511236	-0.246970	-0.690306	0.000517	0.122661	-0.089389	0.988415	0.496302	-0.856935	-0.139089	0.859441	0.507613	-0.060748
39488	9.351835	-1.516284	-0.461455	-0.272321	-0.725928	-0.027034	0.128824	-0.085496	0.987975	0.494035	-0.858308	-0.138694	0.859845	0.505961	-0.068333
39489	9.496528	-1.234154	-0.310397	-0.300742	-0.743369	-0.043729	0.135069	-0.081373	0.987489	0.491539	-0.859838	-0.138087	0.860317	0.504041	-0.076140
39490	9.418910	-1.279582	-0.204684	-0.337414	-0.757938	-0.064154	0.141334	-0.077028	0.986961	0.488763	-0.861556	-0.137232	0.860892	0.501786	-0.084119
39491	9.286235	-1.072159	-0.110046	-0.384346	-0.780384	-0.062945	0.147816	-0.072586	0.986348	0.485576	-0.863501	-0.136315	0.861607	0.499096	-0.092393
39492	9.177973	-1.166182	0.002188	-0.411438	-0.797699	-0.072820	0.154395	-0.068006	0.985666	0.482178	-0.865570	-0.135249	0.862361	0.496149	-0.100849
39493	9.585532	-1.310420	0.119340	-0.418207	-0.820996	-0.083016	0.161146	-0.063233	0.984903	0.478733	-0.867669	-0.134035	0.863045	0.493105	-0.109550
39494	9.679759	-1.519173	0.183159	-0.410304	-0.800710	-0.078352	0.167741	-0.058636	0.984086	0.475358	-0.869705	-0.132847	0.863654	0.490077	-0.118012
39495	9.460527	-1.955627	0.281341	-0.388728	-0.783992	-0.049619	0.174345	-0.054380	0.983182	0.472116	-0.871608	-0.131928	0.864124	0.487177	-0.126287
39496	9.494485	-2.211892	0.480351	-0.331032	-0.786408	-0.025603	0.181075	-0.050356	0.982179	0.469339	-0.873202	-0.131296	0.864252	0.484750	-0.134481
39497	9.581798	-2.273314	0.667022	-0.265955	-0.772356	-0.015660	0.187742	-0.046490	0.981117	0.467101	-0.874473	-0.130819	0.864043	0.482841	-0.142460
39498	9.478453	-2.306133	0.803797	-0.220684	-0.745604	-0.001826	0.194229	-0.042901	0.980018	0.465236	-0.875510	-0.130531	0.863615	0.481293	-0.150090
39499	9.452512	-2.659932	0.718897	-0.170246	-0.728759	0.020853	0.200683	-0.039589	0.978856	0.463755	-0.876297	-0.130519	0.862935	0.480143	-0.157498
39500	9.762161	-2.653924	0.275709	-0.106207	-0.729040	0.030379	0.207164	-0.036380	0.977629	0.462816	-0.876766	-0.130699	0.861907	0.479539	-0.164798
39501	10.068292	-2.091670	-0.042806	-0.094628	-0.701879	0.027809	0.213405	-0.033268	0.976397	0.461972	-0.877188	-0.130858	0.860837	0.478994	-0.171827
39502	9.632977	-1.473331	-0.618559	-0.160730	-0.694768	0.011787	0.219490	-0.030071	0.975151	0.460601	-0.877925	-0.130746	0.860041	0.477853	-0.178845
39503	9.457522	-0.716732	-1.372743	-0.289803	-0.731695	-0.031577	0.225702	-0.026314	0.973841	0.458209	-0.879293	-0.129956	0.859711	0.475554	-0.186401
39504	9.170887	-0.004530	-2.016450	-0.486352	-0.799934	-0.097023	0.232190	-0.021695	0.972428	0.454286	-0.881592	-0.128140	0.860065	0.471514	-0.194841
39505	9.042375	0.094489	-2.479794	-0.725776	-0.876767	-0.148594	0.239131	-0.016285	0.970851	0.448419	-0.884998	-0.125295	0.861242	0.465309	-0.204328
39506	9.534985	-0.274013	-2.474499	-0.887233	-0.960085	-0.199726	0.246570	-0.010106	0.969072	0.441292	-0.889093	-0.121554	0.862824	0.457616	-0.214764
39507	9.431911	-1.007187	-2.429198	-0.951246	-0.997205	-0.236921	0.254211	-0.003483	0.967143	0.433698	-0.893402	-0.117214	0.864455	0.449245	-0.225602
39508	10.101105	-1.776929	-1.765817	-0.924562	-1.093490	-0.253330	0.262632	0.003628	0.964889	0.426391	-0.897493	-0.112684	0.865572	0.441014	-0.237257
39509	10.236420	-2.487088	-1.266481	-0.823765	-1.085216	-0.255333	0.271012	0.010658	0.962517	0.419967	-0.901058	-0.108271	0.866129	0.433568	-0.248674
39510	10.201425	-2.605489	-0.563208	-0.722837	-1.078813	-0.226441	0.279462	0.017318	0.960001	0.414365	-0.904113	-0.104314	0.866142	0.426943	-0.259841
39511	10.439053	-2.986518	-0.211048	-0.647607	-1.091305	-0.211907	0.288103	0.023850	0.957302	0.409386	-0.906797	-0.100614	0.865679	0.420893	-0.271015
