// General information: 
//  MT Manager version: 2022.2.0 
//  XDA version: 2022.2.0 build 7381 rev 124627 built on 2023-07-19
// Device information: 
//  DeviceId: 00B4CAF0
//  ProductCode: MTW2-3A7G6
//  Firmware Version: 4.6.0
//  Hardware Version: 2.0.0
// Device settings: 
//  Filter Profile: human(46.1)
//  Option Flags: Orientation Smoother Disabled, Position/Velocity Smoother Disabled, Continuous Zero Rotation Update Disabled, AHS Disabled, ICC Disabled
// Coordinate system: ENU
PacketCounter	Acc_X	Acc_Y	Acc_Z	Gyr_X	Gyr_Y	Gyr_Z	Mat[1][1]	Mat[2][1]	Mat[3][1]	Mat[1][2]	Mat[2][2]	Mat[3][2]	Mat[1][3]	Mat[2][3]	Mat[3][3]
65131	4.841309	-0.005658	9.153583	0.047822	-0.148961	-0.036376	0.038005	0.862266	0.505027	-0.999187	0.039586	0.007605	-0.013435	-0.504906	0.863070
65132	4.910956	-0.037074	9.099941	0.040623	-0.168330	-0.047341	0.038477	0.861385	0.506494	-0.999173	0.039825	0.008175	-0.013129	-0.506390	0.862205
65133	4.875815	0.166719	9.153906	0.057771	-0.195205	-0.061029	0.039078	0.860425	0.508077	-0.999156	0.040076	0.008980	-0.012635	-0.508000	0.861265
65134	4.728105	0.354997	9.238915	0.031694	-0.204172	-0.083230	0.039905	0.859340	0.509845	-0.999126	0.040666	0.009658	-0.012434	-0.509785	0.860212
65135	4.116227	0.632147	9.670204	-0.034573	-0.293501	-0.093622	0.040819	0.857857	0.512265	-0.999083	0.041666	0.009837	-0.012905	-0.512197	0.858771
65136	5.023341	0.422776	9.138878	-0.028407	-0.368470	-0.065930	0.041451	0.855924	0.515438	-0.999051	0.042413	0.009913	-0.013377	-0.515360	0.856870
65137	4.809906	0.432632	9.240193	-0.054452	-0.421327	-0.048718	0.041897	0.853781	0.518944	-0.999022	0.043130	0.009698	-0.014102	-0.518843	0.854753
65138	4.754202	0.162087	9.294663	-0.036916	-0.465859	-0.033081	0.042182	0.851328	0.522936	-0.999002	0.043641	0.009537	-0.014703	-0.522816	0.852319
65139	4.781688	0.168283	9.419735	-0.010149	-0.541765	-0.025831	0.042376	0.848529	0.527449	-0.998989	0.043932	0.009585	-0.015038	-0.527322	0.849533
65140	4.789741	0.278701	9.428907	0.012714	-0.619699	-0.014046	0.042444	0.845226	0.532720	-0.998983	0.044020	0.009750	-0.015210	-0.532592	0.846235
65141	4.794267	0.239321	9.364575	-0.006239	-0.691714	-0.010538	0.042460	0.841577	0.538465	-0.998977	0.044161	0.009753	-0.015571	-0.538328	0.842591
65142	4.912062	0.175869	9.321486	0.001668	-0.778034	-0.017110	0.042530	0.837343	0.545021	-0.998968	0.044333	0.009843	-0.015921	-0.544877	0.838365
65143	5.006628	0.038266	9.309520	-0.012881	-0.848148	-0.029119	0.042701	0.832741	0.552014	-0.998953	0.044664	0.009895	-0.016415	-0.551858	0.833776
65144	5.142734	0.033934	9.266334	-0.013381	-0.912982	-0.049730	0.043067	0.827632	0.559616	-0.998928	0.045189	0.010044	-0.016976	-0.559448	0.828691
65145	5.368503	-0.151236	9.046383	-0.015056	-0.978482	-0.083480	0.043749	0.822145	0.567594	-0.998888	0.045981	0.010391	-0.017556	-0.567418	0.823243
65146	5.618862	0.048838	8.896077	0.031795	-1.004918	-0.122482	0.044817	0.816331	0.575843	-0.998838	0.046841	0.011336	-0.017719	-0.575682	0.817482
65147	5.637838	-0.000462	8.796854	-0.032056	-1.032640	-0.173746	0.046383	0.810327	0.584139	-0.998752	0.048459	0.012083	-0.018516	-0.583971	0.811563
65148	5.786765	0.007934	8.827108	-0.050493	-1.078188	-0.231150	0.048508	0.803855	0.592844	-0.998631	0.050659	0.013020	-0.019567	-0.592664	0.805212
65149	5.828616	0.113337	8.883919	-0.105434	-1.103368	-0.294431	0.051241	0.797183	0.601560	-0.998462	0.053666	0.013933	-0.021176	-0.601348	0.798706
65150	6.176240	-0.738457	8.841906	-0.201739	-1.156531	-0.352525	0.054522	0.789964	0.610724	-0.998228	0.057724	0.014451	-0.023838	-0.610430	0.791712
65151	6.920837	-2.738850	8.731166	-0.205572	-1.146848	-0.405129	0.058295	0.782740	0.619612	-0.997946	0.062194	0.015321	-0.026544	-0.619233	0.784759
65152	6.959236	-3.277172	8.101951	0.553566	-1.013673	-0.453687	0.062599	0.776124	0.627465	-0.997803	0.062319	0.022463	-0.021669	-0.627493	0.778320
65153	6.586298	-1.250192	8.245896	0.996717	-0.889406	-0.492419	0.067377	0.770280	0.634136	-0.997652	0.059861	0.033287	-0.012319	-0.634890	0.772504
65154	6.377080	0.019669	7.928489	1.086638	-0.819616	-0.522716	0.072553	0.764727	0.640256	-0.997362	0.056975	0.044969	-0.002090	-0.641830	0.766844
65155	6.067848	1.314759	7.814607	1.116667	-0.779081	-0.554203	0.078120	0.759466	0.645840	-0.996908	0.054026	0.057053	0.008438	-0.648300	0.761338
65156	5.502157	2.344174	8.260832	0.873678	-0.676509	-0.562619	0.083834	0.754746	0.650639	-0.996342	0.052636	0.067318	0.016561	-0.653902	0.756398
65157	4.830822	2.443662	9.155323	0.309526	-0.537604	-0.544549	0.089371	0.751001	0.654226	-0.995814	0.054738	0.073199	0.019162	-0.658029	0.752749
65158	5.265080	2.367347	10.141287	-0.060143	-0.368827	-0.560586	0.095043	0.748233	0.656593	-0.995307	0.059376	0.076409	0.018186	-0.660774	0.750365
65159	5.441957	2.291928	10.362025	-0.491190	-0.129118	-0.461618	0.099676	0.747168	0.657119	-0.994933	0.066105	0.075753	0.013161	-0.661340	0.749971
65160	4.416207	0.426558	9.042593	-0.831511	0.030658	-0.450087	0.104172	0.747037	0.656570	-0.994547	0.075003	0.072458	0.004884	-0.660538	0.750777
65161	4.092169	-0.202733	8.662880	-0.680684	0.208619	-0.446211	0.108624	0.748143	0.654586	-0.994081	0.082857	0.070262	-0.001671	-0.658344	0.752715
65162	4.241684	0.028401	8.565634	-0.612101	0.324069	-0.438051	0.113014	0.749876	0.651854	-0.993566	0.090198	0.068496	-0.007432	-0.655401	0.755245
65163	4.351050	0.028176	8.242812	-0.568907	0.451002	-0.416828	0.117217	0.752518	0.648057	-0.993027	0.097076	0.066890	-0.012575	-0.651378	0.758649
65164	4.197494	0.137868	8.100867	-0.538688	0.557377	-0.386249	0.121156	0.755731	0.643577	-0.992483	0.103524	0.065274	-0.017296	-0.646648	0.762593
65165	4.169299	0.080111	7.988655	-0.510054	0.629042	-0.330408	0.124573	0.759517	0.638448	-0.991975	0.109340	0.063478	-0.021595	-0.641232	0.767043
65166	4.402469	-0.016737	8.036530	-0.477989	0.683346	-0.274709	0.127479	0.763555	0.633034	-0.991513	0.114522	0.061534	-0.025512	-0.635506	0.771674
65167	4.714275	-0.058000	8.178632	-0.441331	0.750761	-0.189173	0.129574	0.768169	0.626998	-0.991148	0.118790	0.059292	-0.028935	-0.629130	0.776761
65168	5.059075	-0.164947	8.283830	-0.415854	0.820715	-0.086568	0.130703	0.773184	0.620567	-0.990904	0.122098	0.056577	-0.032025	-0.622317	0.782110
65169	5.368219	-0.315413	8.283820	-0.370230	0.884209	0.025590	0.130757	0.778773	0.613527	-0.990812	0.124217	0.053492	-0.034552	-0.614885	0.787860
65170	5.589132	-0.421478	8.150201	-0.304306	0.938451	0.140027	0.129723	0.784665	0.606195	-0.990883	0.125020	0.050217	-0.036383	-0.607182	0.793729
65171	5.708819	-0.322769	7.959609	-0.226753	0.978381	0.247971	0.127639	0.790961	0.598406	-0.991116	0.124461	0.046893	-0.037388	-0.599075	0.799820
65172	5.734701	-0.160894	7.820016	-0.194518	0.984934	0.333930	0.124721	0.797219	0.590666	-0.991460	0.123005	0.043331	-0.038111	-0.591026	0.805752
65173	5.918249	-0.162237	7.777017	-0.168623	0.962107	0.396847	0.121166	0.803433	0.582936	-0.991881	0.120845	0.039612	-0.038619	-0.583003	0.811552
65174	6.140157	-0.025583	7.744171	-0.139606	0.939131	0.420079	0.117383	0.809359	0.575464	-0.992324	0.118303	0.036026	-0.038921	-0.575276	0.817033
65175	6.408496	0.563864	7.939637	-0.139692	0.923615	0.426451	0.113522	0.815214	0.567926	-0.992759	0.115663	0.032416	-0.039262	-0.567493	0.822441
65176	6.806086	1.318214	8.025000	-0.208608	0.893095	0.419586	0.109732	0.820714	0.560702	-0.993141	0.113444	0.028310	-0.040374	-0.559963	0.827533
65177	7.313171	2.018610	7.855582	-0.317534	0.851848	0.394948	0.106173	0.825972	0.553623	-0.993433	0.111982	0.023449	-0.042628	-0.552477	0.832437
65178	7.538796	2.423966	7.275396	-0.432919	0.782680	0.349581	0.103068	0.830645	0.547180	-0.993603	0.111501	0.017894	-0.046147	-0.545524	0.836823
65179	7.398553	2.494724	6.651056	-0.527132	0.709288	0.286046	0.100581	0.834878	0.541167	-0.993637	0.111997	0.011895	-0.050678	-0.538920	0.840831
65180	6.794647	1.468361	6.521563	-0.609405	0.585848	0.180049	0.099126	0.838208	0.536266	-0.993487	0.113795	0.005774	-0.056185	-0.533346	0.844029
65181	6.918612	0.515321	6.636764	-0.318281	0.460643	-0.002300	0.099427	0.840714	0.532272	-0.993300	0.115523	0.003080	-0.058900	-0.529012	0.846568
65182	7.739783	1.603930	7.372628	0.062194	0.432912	-0.194642	0.101634	0.842757	0.528613	-0.993136	0.116870	0.004622	-0.057884	-0.525455	0.848850
65183	7.838667	2.461795	7.688714	0.013475	0.448781	-0.360399	0.105485	0.844736	0.524685	-0.992769	0.119858	0.006620	-0.057295	-0.521590	0.851271
65184	15.557054	3.711721	12.469574	-0.187231	0.246392	-0.255058	0.108180	0.845694	0.522588	-0.992383	0.123025	0.006343	-0.058927	-0.519294	0.852562
65185	4.812831	0.237794	3.456667	-0.409925	1.202291	-0.838469	0.117237	0.850850	0.512162	-0.991189	0.132260	0.007166	-0.061642	-0.508490	0.858859
65186	10.097985	0.868324	8.560445	-0.535522	0.427581	-0.392734	0.121422	0.852469	0.508481	-0.990373	0.138353	0.004546	-0.066474	-0.504137	0.861061
65187	8.518468	-0.650010	6.359429	-0.232044	0.579657	-0.403129	0.125820	0.854850	0.503390	-0.989716	0.142975	0.004577	-0.068060	-0.498789	0.864047
65188	5.929251	0.250518	8.791118	0.069436	0.740226	-0.236283	0.128676	0.858165	0.496986	-0.989457	0.144690	0.006341	-0.066468	-0.492562	0.867735
65189	1.539773	2.432103	10.701823	0.429172	0.280440	-0.035215	0.129221	0.859529	0.494481	-0.989684	0.142901	0.010233	-0.061866	-0.490703	0.869128
65190	3.652327	2.520508	10.150725	-0.167892	0.326507	0.010786	0.129338	0.861128	0.491661	-0.989588	0.143665	0.008700	-0.063143	-0.487667	0.870743
65191	4.381021	-0.770707	9.737764	-0.817236	-0.124033	0.061451	0.128664	0.860651	0.492671	-0.989116	0.147135	0.001281	-0.071387	-0.487473	0.870215
65192	4.692975	-2.392235	8.355590	-0.144913	0.078340	0.026666	0.128476	0.861059	0.492008	-0.989040	0.147647	-0.000131	-0.072757	-0.486599	0.870591
65193	5.080644	0.448428	9.099535	0.420893	0.023290	-0.024642	0.128753	0.861175	0.491732	-0.989303	0.145826	0.003647	-0.068567	-0.486942	0.870739
65194	5.132143	0.948472	9.191219	-0.007339	0.019798	-0.009473	0.128880	0.861244	0.491578	-0.989281	0.145980	0.003610	-0.068651	-0.486774	0.870826
65195	5.192917	0.157295	8.849261	-0.017071	0.048261	0.000629	0.128923	0.861518	0.491086	-0.989268	0.146072	0.003452	-0.068760	-0.486261	0.871104
65196	5.065056	0.421058	9.038017	0.023827	0.060474	0.005268	0.128933	0.861806	0.490578	-0.989286	0.145947	0.003614	-0.068484	-0.485788	0.871390
65197	4.828131	0.013101	8.985556	-0.017524	0.067028	0.008757	0.128908	0.862182	0.489924	-0.989283	0.145972	0.003413	-0.068572	-0.485113	0.871759
65198	4.935716	-0.017167	8.946714	0.032944	0.057222	0.003902	0.128929	0.862451	0.489444	-0.989305	0.145814	0.003662	-0.068210	-0.484681	0.872027
65199	5.001801	0.428331	9.075562	0.049139	0.062930	0.005406	0.128934	0.862801	0.488825	-0.989343	0.145545	0.004058	-0.067644	-0.484139	0.872373
65200	4.723374	0.494926	9.190189	-0.002985	0.058247	0.010243	0.128892	0.863085	0.488336	-0.989349	0.145506	0.003963	-0.067636	-0.483646	0.872647
65201	4.729801	0.316998	9.061534	-0.047913	0.018480	0.025889	0.128665	0.863249	0.488106	-0.989348	0.145530	0.003414	-0.068087	-0.483346	0.872778
65202	4.734577	0.719822	9.064278	-0.048728	0.014667	0.027904	0.128419	0.863346	0.487997	-0.989345	0.145560	0.002832	-0.068588	-0.483162	0.872840
65203	4.777670	1.425924	9.425532	-0.107569	-0.016193	0.065167	0.127779	0.863400	0.488071	-0.989352	0.145531	0.001572	-0.069672	-0.483075	0.872803
65204	4.928704	0.490523	9.213360	-0.320993	-0.034970	0.092863	0.126856	0.863353	0.488395	-0.989237	0.146315	-0.001702	-0.072930	-0.482922	0.872621
65205	5.160843	-0.535553	8.912570	-0.292235	-0.002664	0.095120	0.125929	0.863516	0.488346	-0.989138	0.146917	-0.004718	-0.075821	-0.482447	0.872638
65206	4.951995	-0.465436	9.024790	-0.180325	0.047611	0.081407	0.125181	0.863852	0.487945	-0.989096	0.147119	-0.006709	-0.077582	-0.481784	0.872849
65207	4.935306	-0.515360	9.155234	-0.161193	0.024769	0.067932	0.124544	0.864107	0.487655	-0.989053	0.147322	-0.008450	-0.079144	-0.481264	0.872995
65208	4.915231	-0.665665	9.080085	-0.095610	0.024475	0.049420	0.124095	0.864284	0.487456	-0.989032	0.147390	-0.009545	-0.080096	-0.480925	0.873095
65209	4.786181	-0.224483	9.133764	-0.017937	0.011940	0.029553	0.123828	0.864421	0.487282	-0.989053	0.147234	-0.009850	-0.080259	-0.480727	0.873189
65210	4.834730	-0.157510	9.100136	-0.013523	-0.011025	0.021343	0.123628	0.864386	0.487395	-0.989063	0.147150	-0.010092	-0.080444	-0.480816	0.873123
65211	4.755911	-0.003870	9.054626	0.019620	-0.016919	0.011700	0.123514	0.864357	0.487474	-0.989091	0.146968	-0.009982	-0.080272	-0.480923	0.873080
65212	4.667798	0.020179	9.090610	0.039490	-0.044391	0.001465	0.123484	0.864132	0.487881	-0.989119	0.146801	-0.009665	-0.079973	-0.481379	0.872857
65213	5.065890	0.048619	8.995059	0.085334	-0.059718	-0.008546	0.123537	0.863867	0.488336	-0.989174	0.146478	-0.008882	-0.079204	-0.481952	0.872611
65214	5.145087	0.262903	8.943433	0.076160	-0.034104	-0.014175	0.123670	0.863668	0.488654	-0.989211	0.146268	-0.008168	-0.078529	-0.482372	0.872440
65215	5.126266	0.234921	9.038092	0.025569	-0.010396	-0.006043	0.123738	0.863644	0.488679	-0.989222	0.146211	-0.007920	-0.078290	-0.482432	0.872428
65216	4.861714	0.130742	9.142675	0.032105	0.010510	-0.003869	0.123804	0.863676	0.488607	-0.989237	0.146125	-0.007640	-0.077996	-0.482402	0.872471
65217	4.859994	-0.289524	9.065390	0.004021	-0.010592	-0.005483	0.123866	0.863651	0.488635	-0.989231	0.146166	-0.007582	-0.077970	-0.482433	0.872456
65218	4.961484	-0.057503	9.096855	0.072033	-0.009118	-0.011903	0.123997	0.863576	0.488734	-0.989267	0.145957	-0.006915	-0.077306	-0.482631	0.872405
65219	4.924239	0.069566	9.061409	0.050893	-0.007406	-0.012341	0.124129	0.863557	0.488735	-0.989289	0.145832	-0.006414	-0.076812	-0.482704	0.872409
65220	4.844004	0.055761	9.099082	0.056373	-0.005018	-0.013316	0.124277	0.863499	0.488799	-0.989310	0.145710	-0.005877	-0.076298	-0.482843	0.872377
65221	4.869094	0.125216	9.088400	0.054387	-0.014063	-0.009796	0.124379	0.863451	0.488858	-0.989337	0.145546	-0.005358	-0.075778	-0.482979	0.872347
65222	4.880160	0.088821	9.088369	0.039272	-0.008150	-0.007291	0.124465	0.863388	0.488948	-0.989352	0.145455	-0.004999	-0.075436	-0.483120	0.872298
65223	4.903303	0.141512	9.096851	0.036244	-0.015068	0.000312	0.124466	0.863349	0.489016	-0.989378	0.145291	-0.004688	-0.075097	-0.483238	0.872262
65224	4.941058	0.064616	9.039964	0.009142	-0.010711	0.000964	0.124469	0.863285	0.489128	-0.989381	0.145274	-0.004633	-0.075057	-0.483358	0.872199
65225	4.800681	-0.055313	9.116787	0.008998	-0.011711	0.003929	0.124437	0.863268	0.489167	-0.989390	0.145210	-0.004576	-0.074983	-0.483408	0.872178
65226	4.861056	-0.142305	9.055172	0.017605	-0.024240	0.000967	0.124429	0.863138	0.489398	-0.989399	0.145153	-0.004447	-0.074876	-0.483656	0.872049
65227	4.945618	0.068867	9.037439	0.037138	-0.018196	-0.000805	0.124440	0.863082	0.489493	-0.989424	0.144994	-0.004122	-0.074531	-0.483804	0.871997
65228	4.868892	0.008657	9.041666	0.018012	-0.022332	-0.000029	0.124443	0.862960	0.489707	-0.989432	0.144943	-0.003985	-0.074418	-0.484036	0.871878
65229	4.883301	-0.014917	9.021735	0.039907	-0.027081	-0.005630	0.124495	0.862854	0.489881	-0.989453	0.144812	-0.003612	-0.074058	-0.484265	0.871782
65230	4.861167	0.099551	9.071466	0.035972	-0.023421	0.000722	0.124491	0.862728	0.490104	-0.989475	0.144667	-0.003322	-0.073768	-0.484532	0.871657
65231	4.912120	0.114436	9.022290	0.044222	-0.029920	-0.005084	0.124535	0.862609	0.490304	-0.989499	0.144511	-0.002915	-0.073368	-0.484792	0.871547
65232	4.817979	0.152389	9.005620	0.037275	-0.024642	-0.001390	0.124550	0.862473	0.490537	-0.989519	0.144378	-0.002603	-0.073067	-0.485072	0.871416
65233	4.804684	0.094446	9.047967	0.036753	-0.041348	-0.000553	0.124542	0.862305	0.490836	-0.989543	0.144218	-0.002282	-0.072756	-0.485419	0.871249
65234	4.768814	0.203743	9.029419	0.038682	-0.055131	0.004536	0.124477	0.862030	0.491335	-0.989572	0.144027	-0.001987	-0.072479	-0.485964	0.870968
65235	4.574298	0.230596	9.054550	0.027564	-0.053459	0.007108	0.124384	0.861812	0.491740	-0.989599	0.143845	-0.001785	-0.072272	-0.486403	0.870740
65236	4.177152	0.004928	9.235459	0.008802	-0.121492	0.015549	0.124162	0.861230	0.492816	-0.989619	0.143704	-0.001804	-0.072373	-0.487476	0.870132
65237	5.208700	0.208033	8.933677	0.059976	-0.193417	0.017220	0.123868	0.860343	0.494436	-0.989682	0.143277	-0.001369	-0.072019	-0.489164	0.869213
65238	4.989726	0.507238	9.155095	0.049443	-0.124114	0.015079	0.123650	0.859743	0.495533	-0.989731	0.142941	-0.001034	-0.071721	-0.490316	0.868588
65239	5.292703	0.007921	8.830854	-0.015061	-0.138001	0.012392	0.123444	0.859116	0.496670	-0.989733	0.142922	-0.001227	-0.072039	-0.491419	0.867939
65240	4.970530	0.075865	9.025324	0.050747	-0.117411	0.009080	0.123290	0.858537	0.497708	-0.989776	0.142630	-0.000851	-0.071719	-0.492514	0.867344
65241	5.070205	0.158472	9.026924	0.020712	-0.125812	0.010516	0.123112	0.857965	0.498738	-0.989802	0.142451	-0.000725	-0.071668	-0.493563	0.866752
65242	5.083330	0.175377	9.001134	0.039519	-0.122603	0.007693	0.122968	0.857356	0.499820	-0.989834	0.142226	-0.000441	-0.071465	-0.494684	0.866129
65243	5.037535	0.047680	8.983481	0.020847	-0.116889	0.003711	0.122865	0.856815	0.500772	-0.989852	0.142105	-0.000279	-0.071401	-0.495656	0.865579
65244	5.094172	0.105336	8.961808	0.050958	-0.114946	0.001684	0.122786	0.856233	0.501786	-0.989885	0.141873	0.000134	-0.071075	-0.496727	0.864992
65245	5.116308	0.083150	8.937160	0.044413	-0.114123	-0.001088	0.122732	0.855696	0.502714	-0.989913	0.141676	0.000523	-0.070775	-0.497707	0.864453
65246	5.125660	-0.028919	8.905140	0.053133	-0.103938	-0.007811	0.122756	0.855153	0.503631	-0.989936	0.141514	0.001003	-0.070413	-0.498685	0.863918
65247	5.001935	0.032622	8.929265	0.078509	-0.093624	-0.011803	0.122824	0.854701	0.504382	-0.989974	0.141237	0.001740	-0.069751	-0.499538	0.863479
65248	4.993499	-0.036213	8.988347	0.058930	-0.106033	-0.015304	0.122922	0.854135	0.505315	-0.989991	0.141109	0.002307	-0.069335	-0.500541	0.862932
65249	4.468694	-0.142013	9.218059	0.059673	-0.108606	-0.022802	0.123089	0.853590	0.506194	-0.990002	0.141019	0.002936	-0.068877	-0.501495	0.862415
65250	4.629290	-0.127685	9.137763	0.096916	-0.166375	-0.033979	0.123332	0.852693	0.507646	-0.990022	0.140858	0.003925	-0.068160	-0.503065	0.861557
65251	5.028690	0.413446	9.129310	0.121619	-0.201460	-0.035260	0.123561	0.851660	0.509321	-0.990059	0.140561	0.005150	-0.067204	-0.504894	0.860561
65252	5.045359	0.350379	9.125264	0.055681	-0.207703	-0.034697	0.123786	0.850547	0.511124	-0.990048	0.140611	0.005787	-0.066947	-0.506753	0.859488
65253	5.109612	0.177802	9.046056	0.044997	-0.216966	-0.038994	0.124043	0.849423	0.512927	-0.990028	0.140728	0.006373	-0.066770	-0.508602	0.858409
65254	5.182580	0.227311	9.070678	0.058542	-0.222656	-0.036471	0.124276	0.848223	0.514853	-0.990016	0.140776	0.007044	-0.066504	-0.510588	0.857250
65255	5.225627	0.062990	8.995732	0.028463	-0.225678	-0.026230	0.124403	0.847064	0.516727	-0.990001	0.140867	0.007423	-0.066502	-0.512483	0.856118
65256	4.468271	-0.084064	9.512490	0.090648	-0.245506	-0.005871	0.124319	0.845781	0.518845	-0.990048	0.140487	0.008210	-0.065947	-0.514702	0.854829
65257	3.887023	0.690632	10.048112	0.182015	-0.335308	-0.033497	0.124449	0.844036	0.521647	-0.990123	0.139846	0.009939	-0.064561	-0.517732	0.853103
65258	4.462494	0.997225	9.890901	-0.115302	-0.646356	-0.014572	0.124189	0.840638	0.527167	-0.990025	0.140605	0.009015	-0.066544	-0.523028	0.849714
65259	4.501557	0.718385	9.785819	-0.097666	-0.608530	0.007603	0.123721	0.837486	0.532269	-0.989966	0.141068	0.008149	-0.068262	-0.527936	0.846536
65260	4.610050	0.870860	9.728291	-0.199012	-0.855340	0.061500	0.122536	0.833013	0.539512	-0.989898	0.141649	0.006121	-0.071322	-0.534812	0.841955
65261	4.207335	0.290785	10.137143	-0.270191	-0.995976	0.097259	0.120861	0.827824	0.547814	-0.989817	0.142309	0.003329	-0.075203	-0.542638	0.836593
65262	4.057005	-0.443829	10.013101	-0.258585	-1.236151	0.083701	0.119098	0.821159	0.558133	-0.989712	0.143072	0.000695	-0.079283	-0.552474	0.829751
65263	4.374588	-0.101869	9.866833	-0.126104	-1.476210	0.069080	0.117240	0.813057	0.570257	-0.989690	0.143223	-0.000732	-0.082269	-0.564292	0.821466
65264	4.576556	-0.337524	9.448832	-0.176813	-1.693460	0.034864	0.115490	0.803421	0.584103	-0.989576	0.143989	-0.002393	-0.086027	-0.577738	0.811676
65265	4.613857	-0.299739	9.649035	-0.084176	-1.920442	0.005017	0.113778	0.792234	0.599517	-0.989507	0.144453	-0.003096	-0.089055	-0.592874	0.800356
65266	4.786892	-0.526399	9.355391	-0.070036	-2.209329	-0.047039	0.112260	0.778859	0.617070	-0.989385	0.145282	-0.003380	-0.092282	-0.610140	0.786901
65267	5.007837	-0.476323	9.123283	0.053957	-2.464196	-0.100789	0.110977	0.763494	0.636209	-0.989321	0.145737	-0.002323	-0.094493	-0.629157	0.771513
65268	4.780632	-0.292029	9.679160	0.124413	-2.787656	-0.142658	0.109747	0.745433	0.657484	-0.989276	0.146056	-0.000464	-0.096375	-0.650383	0.753468
65269	4.457259	-0.513833	10.525197	0.165202	-3.222487	-0.221469	0.108824	0.723821	0.681352	-0.989193	0.146602	0.002252	-0.098257	-0.674233	0.731953
65270	4.588143	-1.221655	11.164064	0.316431	-3.719023	-0.313875	0.108277	0.697765	0.708097	-0.989159	0.146696	0.006698	-0.099201	-0.701145	0.706084
65271	5.098739	-2.079123	12.069901	0.413927	-3.975890	-0.593693	0.110224	0.668528	0.735474	-0.988919	0.147807	0.013855	-0.099446	-0.728851	0.677412
65272	7.802366	-2.960347	12.805078	0.451522	-4.065789	-0.825897	0.114364	0.637087	0.762260	-0.988435	0.149887	0.023024	-0.099585	-0.756078	0.646861
65273	8.248737	-3.048405	11.935341	0.777700	-4.058632	-1.020336	0.120490	0.604414	0.787506	-0.987997	0.150257	0.035842	-0.096665	-0.782372	0.615264
65274	9.144053	-3.924636	11.039637	0.734512	-4.068803	-1.204270	0.128514	0.570229	0.811371	-0.987194	0.151532	0.049867	-0.094513	-0.807389	0.582400
65275	9.068584	-6.424626	10.062647	1.028673	-4.064224	-1.442573	0.139027	0.534835	0.833440	-0.986208	0.151101	0.067545	-0.089808	-0.831336	0.548466
65276	9.522756	-6.428912	9.906584	2.028576	-4.013181	-1.673332	0.152224	0.498510	0.853414	-0.985444	0.142681	0.092429	-0.075689	-0.855062	0.512973
65277	8.103239	-6.232614	10.108285	2.805625	-3.879314	-1.825429	0.167699	0.462542	0.870593	-0.984343	0.127187	0.122036	-0.054282	-0.877427	0.476630
65278	6.701862	-5.839894	8.831447	3.762744	-3.816288	-2.001675	0.185912	0.426318	0.885262	-0.982272	0.102701	0.156827	-0.024060	-0.898724	0.437854
65279	2.201209	-3.324830	9.290542	4.810818	-3.553633	-2.148231	0.206840	0.392330	0.896267	-0.978242	0.067861	0.196053	0.016096	-0.917318	0.397830
65280	-1.194856	3.224981	13.507401	5.169033	-2.834538	-2.134886	0.228765	0.365085	0.902430	-0.971613	0.028215	0.234888	0.060292	-0.930546	0.361176
65281	15.372083	13.135591	23.177231	4.371199	-1.883322	-1.660403	0.246336	0.347458	0.904760	-0.964207	-0.006631	0.265068	0.098100	-0.937672	0.333388
65282	6.997428	13.011414	23.494608	0.423246	0.425412	-1.328415	0.258715	0.351507	0.899727	-0.960424	-0.005914	0.278479	0.103208	-0.936166	0.336066
65283	2.556754	4.091025	17.516408	-3.002089	1.141895	-0.742410	0.264835	0.362292	0.893648	-0.961188	0.024857	0.274773	0.077335	-0.931733	0.354814
65284	-2.022795	-5.520267	10.817976	-3.777581	1.981607	-0.716688	0.270524	0.380334	0.884400	-0.961600	0.062591	0.267221	0.046277	-0.922729	0.382662
65285	-2.594058	-8.029847	8.394610	-0.770107	2.327810	-0.730866	0.276492	0.401419	0.873164	-0.959951	0.072604	0.270596	0.045227	-0.913012	0.405417
65286	-1.735835	-2.740715	8.718462	-0.594098	2.340509	-0.808937	0.283204	0.422027	0.861213	-0.957954	0.081370	0.275142	0.046040	-0.902924	0.427327
65287	0.533670	-1.817276	8.065200	-0.813004	2.389640	-0.764142	0.289430	0.443031	0.848501	-0.956137	0.092070	0.278073	0.045074	-0.891766	0.450246
65288	2.775350	0.550289	8.844624	-0.802731	2.557174	-0.625389	0.294278	0.465049	0.834943	-0.954668	0.102059	0.279630	0.044828	-0.879382	0.474002
65289	4.479765	1.159747	9.256597	-1.529236	2.770676	-0.470125	0.297609	0.488917	0.819993	-0.953915	0.117739	0.276014	0.038402	-0.864348	0.501426
65290	5.512483	-0.211431	8.541442	-1.986835	3.003286	-0.345551	0.299924	0.514154	0.803549	-0.953541	0.136514	0.268559	0.028385	-0.846764	0.531211
65291	6.176669	-0.296631	8.091409	-1.975400	3.229218	-0.223025	0.301277	0.541077	0.785155	-0.953343	0.154324	0.259464	0.019221	-0.826692	0.562326
65292	6.629159	-0.705676	7.602744	-2.102758	3.350207	-0.073182	0.301519	0.568267	0.765610	-0.953415	0.171925	0.247873	0.009231	-0.804683	0.593633
65293	6.771759	-0.801792	7.354639	-1.988731	3.403442	0.106247	0.300332	0.595662	0.744975	-0.953835	0.187176	0.234872	0.000463	-0.781122	0.624378
65294	7.282352	0.113925	7.435493	-1.901260	3.380432	0.330423	0.297320	0.622279	0.724133	-0.954747	0.199826	0.220288	-0.007620	-0.756861	0.653532
65295	8.101621	0.413375	7.069268	-1.955202	3.357381	0.566318	0.292302	0.648630	0.702737	-0.956185	0.210870	0.203089	-0.016456	-0.731309	0.681847
65296	8.389376	-0.457530	6.964554	-2.027088	3.306595	0.820454	0.285176	0.674128	0.681341	-0.958113	0.220042	0.183306	-0.026352	-0.705076	0.708642
65297	9.349660	-1.330588	7.248060	-1.812898	3.225664	1.138007	0.275230	0.699167	0.659859	-0.960749	0.224854	0.162484	-0.034768	-0.678679	0.733611
65298	10.901370	-1.142929	7.876720	-1.431949	3.200701	1.492972	0.262076	0.723807	0.638295	-0.964218	0.223803	0.142110	-0.039992	-0.652699	0.756561
65299	13.072233	-0.016574	8.266136	-1.060463	3.259343	1.879144	0.245238	0.748959	0.615563	-0.968551	0.216818	0.122063	-0.042045	-0.626139	0.778577
65300	14.330229	1.360238	7.790919	-0.763036	3.391757	2.256194	0.224764	0.774468	0.591338	-0.973528	0.204342	0.102409	-0.041523	-0.598702	0.799895
65301	13.964725	2.095527	6.461745	-0.617242	3.467638	2.547797	0.201299	0.799878	0.565398	-0.978703	0.187954	0.082547	-0.040241	-0.569973	0.820677
65302	13.182859	2.510990	5.303001	-0.425617	3.421214	2.743918	0.175730	0.823762	0.539013	-0.983704	0.168077	0.063841	-0.038006	-0.541448	0.839875
65303	12.504951	3.202018	4.714933	-0.092174	3.261655	2.736846	0.149908	0.845392	0.512680	-0.988126	0.145772	0.048555	-0.033687	-0.513871	0.857206
65304	12.184997	4.536027	4.796418	0.282462	3.017387	2.474861	0.126340	0.863831	0.487682	-0.991626	0.123240	0.038598	-0.026760	-0.488475	0.872168
65305	12.327344	6.183042	5.048333	0.448565	2.698628	1.921430	0.107883	0.878988	0.464480	-0.993978	0.104401	0.033297	-0.019224	-0.465275	0.884957
65306	13.333856	8.319436	4.987406	0.305519	2.398937	1.219526	0.096170	0.891086	0.443527	-0.995270	0.092253	0.030460	-0.013774	-0.444359	0.895743
65307	15.500144	10.208955	4.419005	-0.212884	1.906140	0.642775	0.090041	0.900048	0.426387	-0.995837	0.087460	0.025676	-0.014183	-0.426924	0.904176
65308	16.605555	8.316925	0.887276	-1.509501	1.417070	0.439507	0.085984	0.906377	0.413627	-0.995903	0.089863	0.010111	-0.028005	-0.412802	0.910390
65309	16.018343	3.194167	-2.092241	-2.066838	1.514523	0.223252	0.084339	0.912778	0.399655	-0.995312	0.096225	-0.009730	-0.047338	-0.396961	0.916614
65310	14.069810	-0.216392	-3.353694	-1.585138	1.005566	-0.357754	0.088469	0.916343	0.390498	-0.994130	0.105738	-0.022899	-0.062274	-0.386180	0.920319
65311	13.706690	-0.321240	-3.688411	-0.758298	0.304330	-0.754421	0.096175	0.916720	0.387781	-0.992930	0.115590	-0.026997	-0.069572	-0.382443	0.921356
65312	11.783074	-3.298938	-3.496653	-1.064490	-0.195249	-0.475656	0.100768	0.915392	0.389747	-0.991659	0.124054	-0.034973	-0.080364	-0.382972	0.920258
65313	12.815121	-10.517466	-7.354336	-0.328879	-0.891678	0.467081	0.095413	0.912545	0.397690	-0.991840	0.121088	-0.039889	-0.084556	-0.390639	0.916652
65314	7.707394	-4.922124	-0.565760	3.580613	-1.232534	-0.287612	0.097459	0.907292	0.409050	-0.993971	0.109475	-0.006000	-0.050225	-0.406000	0.912492
65315	11.802561	11.861471	6.256101	6.180747	-2.056982	-1.050163	0.107495	0.897639	0.427422	-0.994164	0.093138	0.054429	0.009049	-0.430779	0.902412
65316	5.820272	24.551105	7.825660	2.287907	-0.201031	-0.824646	0.115751	0.895999	0.428704	-0.992778	0.090667	0.078557	0.031518	-0.434701	0.900023
65317	-7.571015	5.836284	22.395174	-4.097468	-1.106519	3.416082	0.081897	0.894051	0.440415	-0.996587	0.078064	0.026849	-0.010376	-0.441110	0.897393
65318	9.087000	5.201372	7.588685	-0.536561	-3.262732	-0.244565	0.083885	0.878984	0.469414	-0.996304	0.082711	0.023164	-0.018465	-0.469623	0.882674
65319	44.152492	39.866378	32.622128	7.141466	-1.134409	-0.852972	0.092583	0.873002	0.478848	-0.994366	0.056129	0.089927	0.051629	-0.484476	0.873280
65320	-14.753228	3.710533	-4.595206	-2.973698	0.780524	1.125939	0.081107	0.877396	0.472861	-0.996448	0.060590	0.058489	0.022667	-0.475925	0.879194
65321	20.672834	-17.317552	16.111144	-9.582441	-1.342217	2.712848	0.053735	0.872933	0.484872	-0.995829	0.082703	-0.038532	-0.073736	-0.480780	0.873736
65322	1.725488	-6.120634	1.173176	6.953663	1.261222	0.923376	0.045031	0.879518	0.473730	-0.998978	0.041432	0.018038	-0.003763	-0.474058	0.880485
65323	1.379022	11.936395	16.872152	0.830443	-0.074689	-1.854915	0.063571	0.878290	0.473883	-0.997967	0.053810	0.034146	0.004491	-0.475090	0.879926
65324	7.464735	1.721786	7.999650	-4.035678	-0.681805	-0.014889	0.063633	0.875018	0.479890	-0.997315	0.073221	-0.001266	-0.036246	-0.478521	0.877327
65325	4.808136	-6.197563	6.753171	-0.594738	0.050510	0.987442	0.053820	0.875966	0.479361	-0.997662	0.067425	-0.011196	-0.042128	-0.477638	0.877546
65326	5.459274	-1.018133	8.462760	0.894615	-0.041935	-0.118355	0.055007	0.875675	0.479757	-0.997932	0.064220	-0.002799	-0.033261	-0.478611	0.877397
65327	5.856988	1.894899	9.264553	0.453046	0.165238	0.007281	0.055003	0.876481	0.478284	-0.998075	0.062001	0.001159	-0.028638	-0.477428	0.878204
65328	5.004767	0.363240	9.071290	-0.466955	0.055733	0.016828	0.054873	0.876746	0.477814	-0.997938	0.064116	-0.003043	-0.033304	-0.476661	0.878456
65329	4.723232	-0.446910	8.701542	-0.088609	0.134019	0.001669	0.054919	0.877395	0.476615	-0.997908	0.064533	-0.003811	-0.034101	-0.475409	0.879104
65330	4.108872	0.800724	9.525416	0.057291	0.109359	0.009092	0.054886	0.877908	0.475672	-0.997930	0.064216	-0.003371	-0.033505	-0.474503	0.879616
65331	4.457869	-0.240181	9.173373	-0.166059	-0.020697	0.025780	0.054639	0.877837	0.475832	-0.997887	0.064787	-0.004936	-0.035161	-0.474557	0.879522
65332	4.897530	-0.399435	8.961418	0.044393	-0.001558	0.009126	0.054569	0.877824	0.475864	-0.997905	0.064532	-0.004609	-0.034755	-0.474616	0.879507
65333	4.678316	-0.129653	9.288455	-0.002202	-0.020862	0.004736	0.054531	0.877739	0.476026	-0.997906	0.064510	-0.004634	-0.034776	-0.474777	0.879419
65334	4.874279	-0.602506	8.932634	0.040812	-0.033131	-0.012861	0.054669	0.877561	0.476337	-0.997911	0.064465	-0.004234	-0.034423	-0.475111	0.879252
65335	4.657262	0.038534	9.151646	0.088687	-0.033581	-0.019966	0.054874	0.877400	0.476612	-0.997930	0.064228	-0.003343	-0.033545	-0.475442	0.879107
65336	4.812761	0.243289	9.130540	0.074994	-0.047738	-0.016230	0.055041	0.877150	0.477051	-0.997943	0.064049	-0.002627	-0.032859	-0.475925	0.878872
65337	4.928035	0.209312	9.088400	0.062124	-0.052625	-0.011105	0.055152	0.876903	0.477492	-0.997957	0.063861	-0.002011	-0.032257	-0.476406	0.878634
65338	4.962457	0.366814	9.134995	0.062884	-0.037364	-0.007753	0.055239	0.876708	0.477840	-0.997970	0.063665	-0.001442	-0.031686	-0.476790	0.878446
65339	5.006903	0.030971	9.086344	0.015447	-0.041504	-0.002120	0.055264	0.876520	0.478183	-0.997973	0.063619	-0.001279	-0.031543	-0.477144	0.878259
65340	4.861290	0.200507	9.173887	0.050260	-0.028871	-0.003219	0.055308	0.876368	0.478456	-0.997985	0.063443	-0.000843	-0.031094	-0.477446	0.878111
65341	4.792510	-0.184986	9.103971	0.015639	-0.028144	-0.007673	0.055393	0.876239	0.478683	-0.997985	0.063446	-0.000652	-0.030942	-0.477682	0.877988
65342	4.355172	-0.322465	9.202234	0.042945	-0.062489	-0.005871	0.055453	0.875925	0.479250	-0.997993	0.063327	-0.000267	-0.030584	-0.478273	0.877678
65343	4.777658	-0.320080	8.905427	0.102372	-0.093636	-0.024800	0.055690	0.875471	0.480051	-0.998009	0.063065	0.000766	-0.029604	-0.479137	0.877240
65344	5.007733	0.234005	8.917462	0.170682	-0.085076	-0.040771	0.056093	0.875026	0.480815	-0.998033	0.062639	0.002439	-0.027984	-0.480006	0.876819
65345	4.947722	0.200455	8.987827	0.140821	-0.072564	-0.044671	0.056537	0.874660	0.481429	-0.998046	0.062364	0.003904	-0.026609	-0.480709	0.876476
65346	5.036612	0.554049	9.106527	0.165524	-0.060482	-0.040942	0.056951	0.874332	0.481976	-0.998063	0.061961	0.005531	-0.025027	-0.481357	0.876167
65347	4.886513	0.539850	9.089458	0.092402	-0.055970	-0.025545	0.057209	0.874056	0.482444	-0.998071	0.061750	0.006480	-0.024127	-0.481884	0.875903
65348	4.799998	0.336548	9.166930	0.058586	-0.071711	-0.010441	0.057318	0.873692	0.483090	-0.998077	0.061594	0.007024	-0.023619	-0.482564	0.875542
65349	4.836923	0.052529	9.062509	0.033709	-0.097112	-0.003483	0.057347	0.873231	0.483920	-0.998082	0.061472	0.007352	-0.023327	-0.483413	0.875082
65350	5.044846	-0.013505	8.981917	0.072297	-0.088412	-0.010984	0.057458	0.872785	0.484711	-0.998090	0.061254	0.008018	-0.022692	-0.484246	0.874638
65351	5.069552	0.152263	8.938051	0.085365	-0.076166	-0.018744	0.057645	0.872415	0.485355	-0.998097	0.061014	0.008872	-0.021874	-0.484943	0.874272
65352	4.873379	0.218798	9.030699	0.086209	-0.066475	-0.023894	0.057891	0.872066	0.485953	-0.998100	0.060840	0.009721	-0.021088	-0.485592	0.873931
65353	5.041312	0.169694	9.012153	0.106516	-0.076824	-0.029064	0.058183	0.871685	0.486601	-0.998104	0.060586	0.010810	-0.020059	-0.486308	0.873557
65354	5.042010	0.426840	9.053060	0.108727	-0.062363	-0.024449	0.058436	0.871355	0.487162	-0.998109	0.060306	0.011859	-0.019046	-0.486934	0.873231
65355	4.988436	0.336534	9.004049	0.074279	-0.061617	-0.018837	0.058630	0.871053	0.487678	-0.998111	0.060119	0.012615	-0.018330	-0.487496	0.872933
65356	4.837725	0.279390	9.082502	0.065024	-0.059354	-0.013041	0.058771	0.870744	0.488213	-0.998114	0.059951	0.013227	-0.017752	-0.488069	0.872624
65357	4.854501	0.143990	9.075129	0.062976	-0.079327	-0.016046	0.058934	0.870356	0.488883	-0.998114	0.059794	0.013871	-0.017159	-0.488779	0.872239
65358	4.865209	0.200621	8.957080	0.078722	-0.076046	-0.013534	0.059078	0.869964	0.489563	-0.998118	0.059563	0.014604	-0.016455	-0.489504	0.871846
65359	4.397609	0.170386	9.182801	0.058738	-0.095239	-0.014388	0.059224	0.869499	0.490371	-0.998118	0.059411	0.015203	-0.015914	-0.490349	0.871381
65360	4.877643	0.027738	8.970313	0.063225	-0.159042	-0.014784	0.059368	0.868697	0.491773	-0.998117	0.059265	0.015807	-0.015414	-0.491785	0.870580
65361	4.902452	0.562838	9.075832	0.098713	-0.137461	-0.008425	0.059449	0.868026	0.492948	-0.998126	0.058863	0.016723	-0.014500	-0.493018	0.869898
65362	4.843166	0.401528	9.124476	0.013218	-0.180284	0.005773	0.059387	0.867127	0.494535	-0.998130	0.058783	0.016790	-0.014511	-0.494607	0.868996
65363	5.178917	0.377046	8.965384	0.056107	-0.198866	0.007572	0.059301	0.866156	0.496243	-0.998141	0.058450	0.017256	-0.014059	-0.496344	0.868012
65364	5.111617	0.434783	9.096175	0.045826	-0.181118	0.001811	0.059279	0.865245	0.497833	-0.998147	0.058243	0.017626	-0.013745	-0.497955	0.867094
65365	5.229349	0.360632	8.962711	0.036693	-0.147494	0.007599	0.059201	0.864524	0.499093	-0.998155	0.058005	0.017923	-0.013455	-0.499233	0.866363
65366	5.097156	-0.047712	8.988996	0.017825	-0.174104	-0.002015	0.059219	0.863640	0.500618	-0.998155	0.057970	0.018068	-0.013417	-0.500765	0.865479
65367	5.008572	0.070368	9.011857	0.072643	-0.146576	-0.020787	0.059426	0.862903	0.501863	-0.998151	0.057796	0.018817	-0.012768	-0.502053	0.864742
65368	5.151547	0.171341	8.994344	0.058174	-0.156770	-0.028604	0.059713	0.862086	0.503231	-0.998140	0.057786	0.019445	-0.012317	-0.503456	0.863933
65369	5.000423	0.064831	9.008387	0.056878	-0.147843	-0.045555	0.060168	0.861325	0.504479	-0.998118	0.057903	0.020181	-0.011828	-0.504744	0.863188
65370	5.059938	0.142168	9.051708	0.057067	-0.158161	-0.060278	0.060773	0.860478	0.505850	-0.998087	0.058170	0.020959	-0.011390	-0.506156	0.862367
65371	4.857314	0.082845	9.236399	0.028564	-0.164314	-0.079674	0.061568	0.859609	0.507230	-0.998040	0.058722	0.021625	-0.011197	-0.507567	0.861540
65372	4.613772	-0.079054	9.319207	0.039634	-0.227292	-0.082906	0.062391	0.858392	0.509186	-0.997991	0.059269	0.022369	-0.010978	-0.509559	0.860366
65373	4.608848	0.109762	9.274633	0.073839	-0.257281	-0.106098	0.063441	0.857026	0.511353	-0.997931	0.059814	0.023560	-0.010395	-0.511790	0.859048
65374	4.285084	0.832711	9.591204	0.103938	-0.333571	-0.125322	0.064680	0.855226	0.514204	-0.997860	0.060390	0.025076	-0.009607	-0.514725	0.857301
65375	4.253112	1.314836	9.928476	-0.039381	-0.551967	-0.089531	0.065536	0.852329	0.518883	-0.997796	0.061370	0.025217	-0.010351	-0.519392	0.854473
65376	4.725602	0.945611	9.597324	-0.146932	-0.579257	-0.062960	0.066121	0.849255	0.523827	-0.997737	0.062709	0.024273	-0.012235	-0.524246	0.851479
65377	4.679382	0.897834	9.766790	-0.170742	-0.780932	-0.024571	0.066280	0.845133	0.530430	-0.997696	0.063829	0.022970	-0.014444	-0.530731	0.847417
65378	4.506399	0.564501	10.027799	-0.229134	-0.895426	0.017634	0.065983	0.840346	0.538019	-0.997670	0.064942	0.020922	-0.017358	-0.538146	0.842673
65379	4.441342	0.573626	10.049880	-0.182927	-1.077214	0.047021	0.065333	0.834547	0.547049	-0.997665	0.065550	0.019149	-0.019878	-0.547023	0.836882
65380	4.236266	0.336405	10.129802	-0.298996	-1.309418	0.060891	0.064461	0.827341	0.557988	-0.997638	0.066733	0.016304	-0.023747	-0.557721	0.829689
65381	4.357630	0.274513	9.842030	-0.251146	-1.556324	0.061470	0.063471	0.818622	0.570814	-0.997612	0.067654	0.013904	-0.027235	-0.570334	0.820962
65382	4.425134	0.635953	9.905022	-0.276768	-1.843296	0.073578	0.062220	0.808009	0.585876	-0.997575	0.068692	0.011206	-0.031191	-0.585152	0.810323
65383	4.140551	0.099050	9.911434	-0.333184	-2.215453	0.097418	0.060527	0.794939	0.603662	-0.997522	0.069899	0.007970	-0.035860	-0.602649	0.797201
65384	3.961840	-0.800809	9.816623	-0.249517	-2.657007	0.077398	0.058768	0.778690	0.624650	-0.997471	0.070858	0.005511	-0.039970	-0.623395	0.780885
65385	3.732703	-1.233035	10.581788	-0.065041	-3.208599	-0.020000	0.057668	0.758304	0.649345	-0.997432	0.071435	0.005160	-0.042473	-0.647975	0.760476
65386	3.443296	-2.024615	10.303143	0.232652	-3.927541	-0.166252	0.057679	0.732138	0.678710	-0.997432	0.071172	0.007991	-0.042454	-0.677428	0.734363
65387	4.361567	-1.685984	10.116558	0.693565	-4.304014	-0.396588	0.059929	0.702059	0.709592	-0.997477	0.069221	0.015756	-0.038057	-0.708746	0.704436
65388	5.132623	-0.851228	10.928327	0.616379	-4.470587	-0.718272	0.065487	0.669157	0.740230	-0.997248	0.069721	0.025198	-0.034748	-0.739843	0.671882
65389	7.822694	-2.173517	11.451848	0.331894	-4.597365	-0.908279	0.072978	0.633840	0.770013	-0.996733	0.073149	0.034252	-0.034615	-0.769997	0.637108
65390	9.862418	-1.705393	11.124250	0.697777	-4.364899	-0.994835	0.081480	0.598876	0.796686	-0.996191	0.073853	0.046368	-0.031069	-0.797429	0.602612
65391	10.446107	-1.148453	10.281108	0.607553	-4.315594	-1.074730	0.090922	0.563159	0.821331	-0.995443	0.075196	0.058637	-0.028739	-0.822920	0.567430
65392	11.170328	-0.940976	10.850459	0.411939	-4.234008	-1.103661	0.100709	0.526951	0.843908	-0.994501	0.077815	0.070092	-0.028734	-0.846326	0.531890
65393	10.799506	-4.737680	9.099575	0.331227	-4.097551	-1.231602	0.111782	0.490916	0.864006	-0.993286	0.081271	0.082331	-0.029800	-0.867408	0.496705
65394	10.225324	-5.495143	8.984293	1.142509	-3.882311	-1.439914	0.125071	0.455693	0.881307	-0.991879	0.078106	0.100377	-0.023094	-0.886704	0.461761
65395	7.822552	-6.082701	7.407875	1.952007	-3.577699	-1.652478	0.140906	0.422520	0.895334	-0.989986	0.067922	0.123749	-0.008526	-0.903805	0.427860
65396	3.263514	-5.719265	5.522398	2.855193	-3.673325	-1.979454	0.160601	0.387821	0.907636	-0.986918	0.049937	0.153292	0.014126	-0.920381	0.390767
65397	2.761124	-3.434093	4.613608	3.744787	-3.778361	-2.314605	0.184514	0.351970	0.917645	-0.981825	0.023790	0.188293	0.044443	-0.935709	0.349962
65398	5.492171	2.729257	9.044701	4.121905	-3.563547	-2.469612	0.210876	0.318165	0.924285	-0.974421	-0.006727	0.224630	0.077687	-0.948012	0.308608
