// General information: 
//  MT Manager version: 2022.2.0 
//  XDA version: 2022.2.0 build 7381 rev 124627 built on 2023-07-19
// Device information: 
//  DeviceId: 00B4CBA7
//  ProductCode: MTW2-3A7G6
//  Firmware Version: 4.6.0
//  Hardware Version: 2.0.0
// Device settings: 
//  Filter Profile: human(46.1)
//  Option Flags: Orientation Smoother Disabled, Position/Velocity Smoother Disabled, Continuous Zero Rotation Update Disabled, AHS Disabled, ICC Disabled
// Coordinate system: ENU
PacketCounter	Acc_X	Acc_Y	Acc_Z	Gyr_X	Gyr_Y	Gyr_Z	Mat[1][1]	Mat[2][1]	Mat[3][1]	Mat[1][2]	Mat[2][2]	Mat[3][2]	Mat[1][3]	Mat[2][3]	Mat[3][3]
33898	9.625430	-1.118092	-1.785665	0.005061	0.044865	0.010347	0.177757	0.091155	0.979843	0.852449	-0.511736	-0.107039	0.491664	0.854293	-0.168670
33899	9.622851	-1.027718	-1.626460	0.006097	0.054373	0.008061	0.177525	0.090668	0.979931	0.852471	-0.511688	-0.107090	0.491709	0.854374	-0.168129
33900	9.622505	-0.997864	-1.569890	0.004038	0.050900	0.002711	0.177263	0.090235	0.980018	0.852492	-0.511654	-0.107086	0.491768	0.854440	-0.167622
33901	9.577670	-0.976800	-1.543667	-0.004149	0.053825	-0.000564	0.176958	0.089797	0.980113	0.852472	-0.511699	-0.107031	0.491912	0.854459	-0.167099
33902	9.534038	-1.005797	-1.464523	-0.015553	0.050866	-0.002727	0.176650	0.089392	0.980206	0.852406	-0.511827	-0.106941	0.492137	0.854425	-0.166612
33903	9.467623	-1.080112	-1.417621	-0.020849	0.042030	-0.002055	0.176390	0.089062	0.980283	0.852312	-0.512005	-0.106846	0.492394	0.854353	-0.166221
33904	9.544114	-1.084335	-1.386562	-0.016820	0.033201	0.000342	0.176194	0.088792	0.980343	0.852234	-0.512147	-0.106783	0.492598	0.854296	-0.165909
33905	9.509845	-1.070993	-1.415439	-0.010029	0.029980	-0.001827	0.175995	0.088564	0.980399	0.852192	-0.512233	-0.106708	0.492743	0.854268	-0.165624
33906	9.481534	-0.923977	-1.396379	0.001119	0.019514	-0.001647	0.175849	0.088421	0.980438	0.852206	-0.512220	-0.106655	0.492770	0.854290	-0.165427
33907	9.500387	-0.960485	-1.430784	-0.011301	0.006520	-0.006455	0.175726	0.088417	0.980461	0.852165	-0.512315	-0.106532	0.492885	0.854234	-0.165373
33908	9.504243	-0.897584	-1.259086	-0.001445	-0.005041	-0.003313	0.175687	0.088492	0.980461	0.852169	-0.512322	-0.106459	0.492891	0.854222	-0.165419
33909	9.609136	-0.834751	-1.236881	-0.041155	-0.019891	0.002056	0.175768	0.088669	0.980430	0.851974	-0.512664	-0.106374	0.493200	0.853998	-0.165654
33910	9.904378	-0.885213	-1.282463	-0.079363	-0.008887	0.003604	0.175807	0.088742	0.980417	0.851582	-0.513343	-0.106239	0.493862	0.853583	-0.165821
33911	9.828179	-1.053257	-1.533135	-0.130537	0.007016	0.011555	0.175833	0.088640	0.980421	0.850923	-0.514465	-0.106095	0.494988	0.852918	-0.165886
33912	9.563633	-1.228724	-1.956547	-0.121585	0.011004	0.002797	0.175767	0.088548	0.980441	0.850321	-0.515502	-0.105883	0.496044	0.852301	-0.165902
33913	9.517592	-1.246616	-2.177655	-0.045045	0.003729	-0.001817	0.175697	0.088543	0.980454	0.850105	-0.515887	-0.105750	0.496440	0.852069	-0.165911
33914	9.552626	-1.086092	-1.923359	-0.019505	0.009991	-0.004796	0.175572	0.088499	0.980481	0.850022	-0.516047	-0.105632	0.496625	0.851976	-0.165829
33915	9.556709	-1.023642	-1.750429	-0.032120	0.015950	-0.003356	0.175430	0.088399	0.980515	0.849872	-0.516320	-0.105506	0.496933	0.851821	-0.165706
33916	9.557390	-0.982676	-1.507282	-0.029156	0.014178	0.001221	0.175334	0.088288	0.980542	0.849731	-0.516567	-0.105432	0.497208	0.851683	-0.165593
33917	9.510382	-0.951602	-1.329224	-0.047523	0.011035	-0.000151	0.175244	0.088214	0.980565	0.849497	-0.516976	-0.105312	0.497638	0.851443	-0.165535
33918	9.538604	-0.985963	-1.261904	-0.052996	-0.001222	-0.000882	0.175208	0.088245	0.980569	0.849241	-0.517424	-0.105177	0.498089	0.851167	-0.165598
33919	9.605520	-0.931026	-1.200533	-0.050540	-0.008006	0.002364	0.175234	0.088320	0.980557	0.848988	-0.517859	-0.105077	0.498510	0.850895	-0.165729
33920	9.664379	-0.886708	-1.398717	-0.066319	-0.008937	-0.004925	0.175201	0.088437	0.980553	0.848672	-0.518417	-0.104881	0.499060	0.850543	-0.165882
33921	9.562038	-0.986752	-1.631919	-0.065505	-0.007584	-0.006422	0.175149	0.088553	0.980551	0.848362	-0.518966	-0.104669	0.499604	0.850196	-0.166022
33922	9.535074	-0.979810	-1.752354	-0.060615	-0.010330	-0.007681	0.175100	0.088697	0.980547	0.848079	-0.519473	-0.104455	0.500103	0.849871	-0.166182
33923	9.542619	-1.007209	-1.736836	-0.057928	-0.008946	-0.005185	0.175066	0.088819	0.980542	0.847800	-0.519964	-0.104268	0.500586	0.849558	-0.166329
33924	9.633799	-1.068533	-1.676404	-0.061523	-0.005080	-0.006873	0.174998	0.088914	0.980546	0.847510	-0.520479	-0.104060	0.501101	0.849233	-0.166438
33925	9.639426	-1.147281	-1.642334	-0.064028	-0.003030	-0.007983	0.174911	0.089000	0.980553	0.847205	-0.521021	-0.103834	0.501647	0.848891	-0.166533
33926	9.675980	-1.299610	-1.749378	-0.059620	-0.011280	-0.015505	0.174801	0.089192	0.980556	0.846939	-0.521511	-0.103545	0.502135	0.848570	-0.166701
33927	9.616152	-1.269135	-1.711100	-0.012462	-0.013094	-0.023104	0.174636	0.089442	0.980562	0.846923	-0.521594	-0.103258	0.502220	0.848493	-0.166839
33928	9.489595	-1.100160	-1.615670	-0.011450	-0.008820	-0.028136	0.174407	0.089680	0.980581	0.846920	-0.521664	-0.102925	0.502303	0.848425	-0.166933
33929	9.487509	-0.844398	-1.392739	-0.064490	0.017416	-0.036689	0.173972	0.089741	0.980653	0.846663	-0.522180	-0.102416	0.502887	0.848100	-0.166825
33930	9.351014	-0.392482	-1.087767	-0.184355	0.041736	-0.031103	0.173463	0.089566	0.980759	0.845795	-0.523713	-0.101765	0.504522	0.847173	-0.166600
33931	9.380906	-0.474382	-0.966321	-0.326347	0.026533	-0.017985	0.173143	0.089455	0.980826	0.844176	-0.526464	-0.101005	0.507334	0.845478	-0.166670
33932	9.563268	-0.868842	-0.999680	-0.348524	-0.006789	-0.016060	0.173007	0.089614	0.980835	0.842437	-0.529391	-0.100228	0.510263	0.843632	-0.167082
33933	9.699692	-1.028892	-0.999827	-0.321791	-0.035336	-0.018497	0.172999	0.090029	0.980799	0.840825	-0.532090	-0.099468	0.512919	0.841888	-0.167750
33934	9.715696	-1.169407	-1.165654	-0.308912	-0.059989	-0.026366	0.173051	0.090691	0.980729	0.839288	-0.534662	-0.098651	0.515412	0.840185	-0.168640
33935	9.689683	-1.351967	-1.572812	-0.273660	-0.069101	-0.032618	0.173099	0.091463	0.980648	0.837943	-0.536918	-0.097832	0.517579	0.838662	-0.169581
33936	9.592482	-1.308552	-1.763820	-0.212360	-0.062722	-0.047510	0.172991	0.092261	0.980593	0.836930	-0.538652	-0.096967	0.519251	0.837462	-0.170398
33937	9.574898	-0.888565	-1.641940	-0.298309	0.016073	-0.063772	0.172340	0.092491	0.980686	0.835488	-0.541096	-0.095792	0.521785	0.835859	-0.170528
33938	9.090291	-0.486314	-1.764143	-0.395402	0.047973	-0.056569	0.171583	0.092414	0.980826	0.833521	-0.544342	-0.094525	0.525169	0.833757	-0.170429
33939	9.242384	-0.834310	-1.906866	-0.446458	-0.015029	-0.046165	0.171242	0.092810	0.980848	0.831253	-0.548014	-0.093271	0.528862	0.831304	-0.170992
33940	9.689572	-1.547716	-2.058987	-0.319611	-0.071535	-0.043907	0.171222	0.093663	0.980770	0.829639	-0.550625	-0.092254	0.531396	0.829481	-0.171986
33941	9.857103	-1.284797	-1.681032	-0.228317	-0.073404	-0.045794	0.171203	0.094544	0.980689	0.828508	-0.552471	-0.091374	0.533164	0.828153	-0.172915
33942	9.678532	-1.040833	-1.650544	-0.220094	-0.076748	-0.047497	0.171185	0.095460	0.980604	0.827420	-0.554245	-0.090489	0.534857	0.826861	-0.173863
33943	9.683929	-0.903882	-1.761395	-0.174781	-0.084651	-0.053844	0.171160	0.096477	0.980508	0.826590	-0.555623	-0.089622	0.536147	0.825818	-0.174847
33944	9.680554	-0.549483	-1.760512	-0.177768	-0.087471	-0.056296	0.171130	0.097529	0.980409	0.825738	-0.557033	-0.088720	0.537468	0.824744	-0.175859
33945	9.677211	-0.485252	-1.662307	-0.239783	-0.053503	-0.057709	0.170909	0.098312	0.980370	0.824554	-0.558946	-0.087694	0.539353	0.823355	-0.176592
33946	9.321859	-0.404626	-1.734650	-0.316382	-0.038160	-0.061116	0.170578	0.098986	0.980360	0.822953	-0.561486	-0.086497	0.541896	0.821545	-0.177237
33947	9.401259	-0.851255	-1.818170	-0.362018	-0.056663	-0.059234	0.170365	0.099804	0.980314	0.821092	-0.564396	-0.085234	0.544778	0.819449	-0.178101
33948	9.473899	-0.949957	-1.769392	-0.327146	-0.066559	-0.056002	0.170235	0.100683	0.980246	0.819407	-0.567015	-0.084063	0.547350	0.817531	-0.179026
33949	9.646294	-1.038490	-1.714384	-0.308838	-0.078499	-0.058510	0.170154	0.101677	0.980158	0.817819	-0.569474	-0.082897	0.549746	0.815697	-0.180052
33950	9.712595	-0.976761	-1.659682	-0.293015	-0.073256	-0.058165	0.170048	0.102624	0.980078	0.816309	-0.571800	-0.081760	0.552017	0.813949	-0.181006
33951	9.639462	-0.883023	-1.623170	-0.303384	-0.071120	-0.060193	0.169918	0.103566	0.980001	0.814750	-0.574185	-0.080586	0.554356	0.812149	-0.181945
33952	9.643157	-0.556321	-1.598453	-0.326670	-0.064898	-0.065335	0.169713	0.104487	0.979939	0.813051	-0.576764	-0.079312	0.556907	0.810201	-0.182838
33953	9.489137	-0.427639	-1.565915	-0.421848	-0.048368	-0.061528	0.169451	0.105255	0.979902	0.810808	-0.580106	-0.077899	0.560248	0.807712	-0.183641
33954	9.372769	-0.783975	-1.861890	-0.469407	-0.055394	-0.070845	0.169155	0.106132	0.979858	0.808295	-0.583813	-0.076303	0.563956	0.804921	-0.184541
33955	9.506625	-1.165001	-2.033618	-0.426161	-0.070743	-0.076118	0.168911	0.107168	0.979788	0.806021	-0.587150	-0.074732	0.567273	0.802353	-0.185555
33956	9.533301	-1.451573	-2.034620	-0.352656	-0.078178	-0.092884	0.168573	0.108360	0.979715	0.804178	-0.589873	-0.073128	0.569983	0.800193	-0.186577
33957	9.546053	-1.494288	-2.052222	-0.251748	-0.080896	-0.100563	0.168197	0.109621	0.979639	0.802921	-0.591765	-0.071637	0.571863	0.798623	-0.187550
33958	9.616227	-1.213085	-2.207170	-0.186805	-0.076941	-0.119463	0.167645	0.110962	0.979583	0.802058	-0.593121	-0.070078	0.573235	0.797431	-0.188432
33959	9.649101	-0.501104	-2.130502	-0.179237	-0.053117	-0.108198	0.167048	0.112048	0.979561	0.801217	-0.594423	-0.068641	0.574583	0.796308	-0.189071
33960	9.458607	-0.044521	-1.958145	-0.277732	-0.035766	-0.098461	0.166432	0.112937	0.979564	0.799788	-0.596519	-0.067112	0.576749	0.794614	-0.189606
33961	9.363432	-0.205087	-1.861103	-0.396838	-0.030825	-0.093398	0.165832	0.113761	0.979570	0.797656	-0.599555	-0.065407	0.579866	0.792207	-0.190168
33962	9.372079	-0.642383	-1.836190	-0.413778	-0.046965	-0.096598	0.165302	0.114733	0.979547	0.795416	-0.602714	-0.063634	0.583086	0.789666	-0.190890
33963	9.592481	-1.142369	-1.740590	-0.376856	-0.059789	-0.111158	0.164734	0.115896	0.979505	0.793403	-0.605552	-0.061786	0.585981	0.787321	-0.191708
33964	9.478439	-1.767574	-1.675964	-0.338582	-0.058338	-0.130886	0.164006	0.117169	0.979476	0.791636	-0.608059	-0.059815	0.588570	0.785198	-0.192480
33965	9.348812	-2.217142	-1.821673	-0.180091	-0.068365	-0.153638	0.163160	0.118661	0.979438	0.790832	-0.609286	-0.057924	0.589885	0.784021	-0.193252
33966	9.374898	-1.762763	-1.825842	-0.004216	-0.084467	-0.158876	0.162368	0.120311	0.979368	0.791071	-0.609126	-0.056322	0.589782	0.783894	-0.194078
33967	9.543496	-0.886726	-1.978416	0.120739	-0.091774	-0.163763	0.161580	0.122048	0.979284	0.792053	-0.607977	-0.054915	0.588680	0.784518	-0.194905
33968	9.624890	0.238641	-1.732516	0.109780	-0.092048	-0.146083	0.160930	0.123677	0.979186	0.792940	-0.606933	-0.053661	0.587663	0.785071	-0.195742
33969	9.711959	0.791441	-1.683479	-0.006542	-0.095942	-0.129461	0.160434	0.125237	0.979069	0.793114	-0.606819	-0.052342	0.587563	0.784911	-0.196681
33970	9.865417	0.561952	-1.768046	-0.101244	-0.084608	-0.114326	0.159991	0.126614	0.978965	0.792708	-0.607466	-0.050985	0.588233	0.784190	-0.197557
33971	9.570628	-0.152057	-1.722381	-0.179604	-0.057479	-0.113942	0.159393	0.127778	0.978911	0.791837	-0.608725	-0.049475	0.589566	0.783024	-0.198206
33972	9.270596	-1.293647	-1.980898	-0.138483	-0.071596	-0.142113	0.158657	0.129224	0.978841	0.791251	-0.609622	-0.047771	0.590550	0.782088	-0.198970
33973	9.420495	-1.044317	-2.087893	0.060338	-0.074940	-0.145592	0.157913	0.130718	0.978763	0.791843	-0.608958	-0.046427	0.589956	0.782358	-0.199671
33974	9.752178	-0.036211	-2.055447	0.092971	-0.084018	-0.130973	0.157338	0.132192	0.978657	0.792603	-0.608054	-0.045293	0.589089	0.782813	-0.200446
33975	9.995889	0.483975	-2.096030	-0.004428	-0.068978	-0.110148	0.156837	0.133422	0.978571	0.792755	-0.607939	-0.044167	0.589018	0.782693	-0.201119
33976	9.745360	-0.126179	-2.411271	-0.185026	-0.052470	-0.089372	0.156405	0.134396	0.978507	0.791808	-0.609262	-0.042882	0.590404	0.781497	-0.201708
33977	9.539460	-1.439733	-3.116651	-0.141597	-0.051319	-0.096139	0.155914	0.135404	0.978446	0.791127	-0.610235	-0.041616	0.591447	0.780563	-0.202266
33978	9.549159	-1.429433	-3.175377	0.073501	-0.043271	-0.117879	0.155203	0.136481	0.978409	0.791750	-0.609497	-0.040573	0.590800	0.780953	-0.202654
33979	9.638348	-0.505428	-2.801225	0.185006	-0.024478	-0.132065	0.154268	0.137497	0.978415	0.793051	-0.607866	-0.039618	0.589298	0.782045	-0.202816
33980	9.520393	-0.047672	-2.498964	0.122096	0.004268	-0.127945	0.153194	0.138260	0.978476	0.793971	-0.606730	-0.038575	0.588337	0.782792	-0.202722
33981	9.478924	0.294921	-2.024574	0.088056	0.011359	-0.115018	0.152181	0.138890	0.978545	0.794670	-0.605877	-0.037589	0.587657	0.783341	-0.202574
33982	9.628326	0.536865	-1.514623	0.022626	-0.008096	-0.096839	0.151425	0.139560	0.978567	0.794955	-0.605561	-0.036650	0.587467	0.783466	-0.202641
33983	9.610223	0.505063	-1.063549	-0.098866	-0.028294	-0.077733	0.150940	0.140274	0.978540	0.794496	-0.606222	-0.035649	0.588212	0.782827	-0.202950
33984	9.627878	0.306074	-0.704931	-0.132599	-0.062409	-0.069674	0.150721	0.141204	0.978440	0.793825	-0.607158	-0.034660	0.589173	0.781934	-0.203603
33985	9.593183	0.313912	-0.463469	-0.120504	-0.103588	-0.060798	0.150815	0.142404	0.978251	0.793211	-0.608009	-0.033780	0.589975	0.781054	-0.204654
33986	9.670626	0.705036	-0.412041	-0.110054	-0.137750	-0.047855	0.151215	0.143791	0.977987	0.792639	-0.608795	-0.033047	0.590642	0.780187	-0.206033
33987	9.601557	0.801288	-0.704989	-0.148561	-0.160713	-0.028697	0.151903	0.145239	0.977666	0.791809	-0.609908	-0.032420	0.591578	0.779049	-0.207649
33988	9.528021	0.643719	-1.129640	-0.164345	-0.188230	-0.016538	0.152853	0.146825	0.977281	0.790866	-0.611159	-0.031877	0.592594	0.777771	-0.209537
33989	9.498632	0.470201	-1.581338	-0.145805	-0.194416	-0.001986	0.153955	0.148369	0.976875	0.790009	-0.612285	-0.031510	0.593451	0.776591	-0.211478
33990	9.434051	0.152260	-2.027354	-0.153023	-0.207304	0.007580	0.155213	0.149951	0.976434	0.789093	-0.613479	-0.031221	0.594340	0.775344	-0.213546
33991	9.491676	-0.245807	-2.342803	-0.106916	-0.215694	0.016470	0.156590	0.151543	0.975968	0.788437	-0.614328	-0.031112	0.594850	0.774361	-0.215679
33992	9.497510	-0.352616	-2.394378	-0.080174	-0.225348	0.023928	0.158086	0.153160	0.975475	0.787927	-0.614981	-0.031133	0.595130	0.773525	-0.217898
33993	9.490732	-0.555796	-2.525377	-0.079311	-0.228666	0.024375	0.159604	0.154799	0.974969	0.787422	-0.615627	-0.031157	0.595394	0.772684	-0.220148
33994	9.609546	-0.915821	-2.568870	-0.069193	-0.224097	0.021023	0.161070	0.156420	0.974469	0.786981	-0.616189	-0.031171	0.595581	0.771909	-0.222349
33995	9.530791	-1.148296	-2.622251	-0.018188	-0.212913	0.011027	0.162390	0.158016	0.973992	0.786860	-0.616342	-0.031197	0.595383	0.771461	-0.224425
33996	9.362903	-1.193347	-2.623250	0.032010	-0.214459	0.006029	0.163680	0.159654	0.973509	0.787046	-0.616100	-0.031290	0.594783	0.771318	-0.226498
33997	9.350029	-1.124994	-2.423543	0.113777	-0.222393	-0.009890	0.164889	0.161451	0.973008	0.787744	-0.615202	-0.031413	0.593525	0.771661	-0.228622
33998	9.395193	-0.800838	-2.030505	0.177531	-0.244151	-0.008318	0.166237	0.163407	0.972452	0.788815	-0.613813	-0.031702	0.591723	0.772355	-0.230937
33999	9.501160	-0.163211	-1.546791	0.225698	-0.264727	-0.013373	0.167660	0.165556	0.971844	0.790176	-0.612042	-0.032056	0.589502	0.773302	-0.233434
34000	9.487702	0.275506	-1.402939	0.168519	-0.279649	-0.011249	0.169184	0.167808	0.971194	0.791192	-0.610714	-0.032305	0.587701	0.773866	-0.236092
34001	9.376618	0.183908	-1.423045	0.135038	-0.307216	-0.009242	0.170879	0.170263	0.970469	0.792006	-0.609648	-0.032496	0.586112	0.774170	-0.239026
34002	9.370517	-0.182942	-1.436698	0.126569	-0.334684	-0.009083	0.172733	0.172930	0.969669	0.792768	-0.608647	-0.032675	0.584536	0.774367	-0.242226
34003	9.348306	-0.516256	-1.498738	0.158622	-0.363260	-0.009209	0.174744	0.175819	0.968789	0.793715	-0.607397	-0.032933	0.582650	0.774697	-0.245690
34004	9.638560	-0.082047	-1.523579	0.162810	-0.373266	-0.002480	0.176862	0.178746	0.967868	0.794672	-0.606126	-0.033274	0.580702	0.775023	-0.249246
34005	9.423121	0.239266	-1.879487	0.100931	-0.380370	0.009781	0.179111	0.181655	0.966913	0.795246	-0.605356	-0.033582	0.579226	0.774949	-0.252886
34006	9.528062	0.437998	-2.269737	0.041234	-0.397497	0.024869	0.181575	0.184603	0.965894	0.795446	-0.605076	-0.033890	0.578183	0.774470	-0.256709
34007	9.651047	0.220514	-3.056452	-0.022916	-0.381681	0.032424	0.184003	0.187381	0.964900	0.795260	-0.605308	-0.034104	0.577671	0.773622	-0.260396
34008	9.866074	-0.012180	-3.632407	-0.030040	-0.354071	0.035679	0.186298	0.189923	0.963962	0.795027	-0.605602	-0.034332	0.577257	0.772772	-0.263816
34009	9.659996	-0.664680	-4.025246	-0.013750	-0.308307	0.037027	0.188335	0.192100	0.963134	0.794884	-0.605773	-0.034612	0.576792	0.772099	-0.266786
34010	9.408777	-0.967861	-4.194537	0.106357	-0.287131	0.033076	0.190219	0.194137	0.962355	0.795441	-0.605009	-0.035178	0.575405	0.772188	-0.269509
34011	9.515805	-1.450125	-3.668165	0.144207	-0.255163	0.034839	0.191927	0.195917	0.961655	0.796209	-0.603957	-0.035864	0.573772	0.772562	-0.271907
34012	9.459067	-1.786434	-3.443897	0.284222	-0.239562	0.025373	0.193467	0.197636	0.960994	0.797794	-0.601803	-0.036846	0.571048	0.773804	-0.274102
34013	9.509427	-0.551301	-2.655320	0.420132	-0.247094	0.020571	0.195003	0.199448	0.960310	0.800151	-0.598583	-0.038161	0.567214	0.775834	-0.276314
34014	9.430914	-0.016332	-2.263214	0.367524	-0.267361	0.027399	0.196701	0.201380	0.959560	0.802183	-0.595777	-0.039406	0.563748	0.777493	-0.278733
34015	9.513632	0.251491	-2.126100	0.397277	-0.288365	0.034157	0.198560	0.203442	0.958741	0.804354	-0.592747	-0.040807	0.559990	0.779270	-0.281335
34016	9.574213	0.632473	-2.033088	0.406243	-0.305350	0.042771	0.200575	0.205590	0.957863	0.806543	-0.589659	-0.042328	0.556110	0.781048	-0.284088
34017	9.548535	0.287288	-2.085398	0.379270	-0.317344	0.050418	0.202706	0.207794	0.956939	0.808550	-0.586791	-0.043854	0.552411	0.782622	-0.286958
34018	9.392415	-0.325877	-2.321219	0.427527	-0.331789	0.058968	0.204975	0.210068	0.955958	0.810789	-0.583558	-0.045614	0.548275	0.784431	-0.289936
34019	9.466809	-0.550972	-1.993848	0.491495	-0.354633	0.080645	0.207530	0.212404	0.954891	0.813313	-0.579861	-0.047778	0.543556	0.786540	-0.293089
34020	9.533963	-0.827166	-1.773905	0.516317	-0.369168	0.092255	0.210245	0.214797	0.953761	0.815921	-0.575984	-0.050142	0.538581	0.788736	-0.296355
34021	9.439649	-0.068317	-1.478360	0.609572	-0.409035	0.102496	0.213238	0.217459	0.952492	0.818977	-0.571383	-0.052897	0.532735	0.791349	-0.299934
34022	9.171118	1.111437	-0.972801	0.488930	-0.446999	0.134515	0.216677	0.220252	0.951073	0.821288	-0.567797	-0.055617	0.527767	0.793155	-0.303919
34023	9.151415	0.816753	-1.472896	0.303252	-0.492750	0.163632	0.220576	0.223253	0.949476	0.822532	-0.565747	-0.058060	0.524201	0.793781	-0.308423
34024	9.568821	0.399137	-1.926403	0.319527	-0.532765	0.178010	0.224790	0.226496	0.947718	0.823813	-0.563602	-0.060705	0.520386	0.794388	-0.313282
34025	9.736813	0.043735	-2.393334	0.388460	-0.560968	0.196410	0.229278	0.229868	0.945829	0.825387	-0.560956	-0.063751	0.515914	0.795292	-0.318345
34026	9.679450	0.107139	-2.470737	0.541828	-0.591267	0.217093	0.234071	0.233379	0.943793	0.827672	-0.557137	-0.067504	0.510068	0.796952	-0.323571
34027	9.884124	0.560176	-1.840274	0.555490	-0.623533	0.253162	0.239292	0.236965	0.941587	0.829898	-0.553294	-0.071663	0.503993	0.798570	-0.329056
34028	10.055267	0.258811	-1.337830	0.575150	-0.684472	0.283867	0.245045	0.240889	0.939109	0.832099	-0.549367	-0.076205	0.497558	0.800105	-0.335063
34029	10.133076	0.767688	-0.223945	0.525592	-0.755545	0.326435	0.251460	0.245167	0.936302	0.833896	-0.545944	-0.081004	0.491309	0.801148	-0.341727
34030	10.137439	0.316394	0.328254	0.484729	-0.856822	0.352171	0.258548	0.250133	0.933052	0.835374	-0.542924	-0.085934	0.485081	0.801665	-0.349326
34031	10.358971	0.488276	0.785153	0.464624	-0.965529	0.386260	0.266389	0.255797	0.929303	0.836608	-0.540168	-0.091132	0.478668	0.801740	-0.357897
34032	11.080942	0.978330	0.682197	0.427377	-1.084662	0.424220	0.275062	0.262221	0.924976	0.837501	-0.537833	-0.096579	0.472157	0.801234	-0.367548
34033	12.680783	0.466217	0.679519	0.301312	-1.192926	0.480092	0.284638	0.269204	0.920060	0.837582	-0.536688	-0.102090	0.466302	0.799684	-0.378242
34034	12.519710	-0.836500	1.098510	0.180743	-1.236207	0.518507	0.294678	0.276309	0.914778	0.836929	-0.536650	-0.107505	0.461210	0.797283	-0.389390
34035	11.732674	-1.493182	0.786054	0.113019	-1.368351	0.562709	0.305617	0.284187	0.908755	0.835770	-0.537318	-0.113041	0.456166	0.794057	-0.401728
34036	12.263028	-1.763778	1.345462	0.193397	-1.495620	0.609032	0.317445	0.292783	0.901946	0.834760	-0.537533	-0.119309	0.449894	0.790782	-0.415040
34037	12.194576	-1.281944	2.097041	0.134978	-1.598198	0.662243	0.330064	0.301836	0.894401	0.833231	-0.538427	-0.125786	0.443603	0.786760	-0.429214
34038	11.804491	-1.533333	2.205208	0.028511	-1.747793	0.705847	0.343603	0.311751	0.885860	0.830992	-0.540358	-0.132159	0.437481	0.781552	-0.444731
34039	11.829840	-1.286070	2.798867	0.135833	-1.934881	0.763857	0.358286	0.322696	0.876070	0.828914	-0.541712	-0.139464	0.429573	0.776154	-0.461575
34040	12.540611	-0.913621	3.160459	0.229327	-2.116714	0.810947	0.373957	0.334685	0.864952	0.826932	-0.542593	-0.147568	0.419928	0.770441	-0.479669
34041	13.631773	0.390728	4.087783	0.219850	-2.227693	0.848283	0.390156	0.347174	0.852789	0.824619	-0.543785	-0.155890	0.409613	0.764047	-0.498447
34042	14.366986	2.002061	4.668913	-0.057550	-2.312810	0.895579	0.406864	0.359879	0.839612	0.820831	-0.547376	-0.163143	0.400872	0.755557	-0.518107
34043	14.772411	2.784493	4.037465	-0.625409	-2.418487	0.951066	0.424227	0.372761	0.825276	0.814404	-0.555533	-0.167714	0.395951	0.743258	-0.539251
34044	14.801414	1.681447	1.328805	-0.942394	-2.548786	0.982848	0.442209	0.386022	0.809592	0.806447	-0.566183	-0.170529	0.392550	0.728302	-0.561677
34045	14.408593	0.968961	-1.564445	-1.114453	-2.630102	0.949502	0.460061	0.399527	0.792920	0.797824	-0.577921	-0.171710	0.389642	0.711607	-0.584631
34046	13.847027	-0.477205	-4.263645	-1.083188	-2.674769	0.864220	0.477258	0.413309	0.775500	0.789591	-0.589035	-0.172000	0.385708	0.694416	-0.607467
34047	12.585221	-1.517949	-7.380308	-0.861074	-2.658991	0.755609	0.493322	0.427074	0.757787	0.782650	-0.598103	-0.172430	0.379594	0.678145	-0.629307
34048	11.034251	-1.248189	-9.453554	-0.607776	-2.576226	0.630592	0.507884	0.440581	0.740231	0.777229	-0.604900	-0.173236	0.371441	0.663313	-0.649651
34049	9.803351	-1.230011	-9.901432	-0.532924	-2.356758	0.521634	0.520536	0.452884	0.723836	0.772611	-0.610710	-0.173507	0.363476	0.649560	-0.667800
34050	8.324977	-2.475965	-11.075149	-0.411998	-2.132163	0.478588	0.531857	0.463689	0.708605	0.768631	-0.615538	-0.174122	0.355435	0.637264	-0.683784
34051	9.988613	-2.993684	-7.877653	-0.053451	-1.682644	0.495639	0.541519	0.471290	0.696163	0.765807	-0.618175	-0.177199	0.346838	0.629083	-0.695671
34052	9.257206	-1.808182	-3.491179	0.090188	-0.997911	0.498205	0.548728	0.474484	0.688305	0.763422	-0.619948	-0.181250	0.340713	0.624924	-0.702414
34053	7.177109	-0.928758	-4.177383	-0.406307	-0.443249	0.337802	0.552764	0.475146	0.684608	0.760200	-0.624062	-0.180673	0.341392	0.620309	-0.706165
34054	5.656754	-3.708409	-7.594605	-0.690636	0.013210	0.082605	0.553314	0.474568	0.684565	0.757388	-0.628706	-0.176330	0.346710	0.616047	-0.707304
34055	5.006486	-7.207125	-8.873234	-0.115758	0.461757	-0.139505	0.550599	0.472601	0.688105	0.757778	-0.628740	-0.174522	0.350160	0.617523	-0.704311
34056	4.684580	-8.151948	-8.191633	0.815904	0.964544	-0.349536	0.544538	0.468805	0.695485	0.762566	-0.622000	-0.177789	0.349243	0.627167	-0.696198
34057	4.129695	-7.076436	-7.657084	1.510281	1.474383	-0.566746	0.535022	0.462932	0.706715	0.770897	-0.609745	-0.184199	0.345644	0.643355	-0.683099
34058	3.574184	-5.788560	-6.803357	1.902797	1.906938	-0.773426	0.522440	0.455144	0.721041	0.781539	-0.593743	-0.191484	0.340960	0.663561	-0.665908
34059	3.231460	-4.954494	-6.629802	2.034368	2.308665	-0.949428	0.507091	0.445118	0.738057	0.793344	-0.575722	-0.197861	0.336844	0.685867	-0.645075
34060	3.009895	-4.476355	-6.548641	2.069903	2.661681	-1.103092	0.489314	0.432813	0.757129	0.805798	-0.556423	-0.202689	0.333558	0.709272	-0.621025
34061	3.051609	-3.972763	-6.554807	2.068335	2.981767	-1.204119	0.469576	0.417882	0.777736	0.818468	-0.536361	-0.205979	0.331072	0.733275	-0.593885
34062	3.397147	-3.300424	-6.943113	2.003491	3.259933	-1.219892	0.448714	0.400024	0.799148	0.830705	-0.516425	-0.207930	0.329523	0.757157	-0.564028
34063	3.946981	-2.540352	-7.021841	1.952871	3.515199	-1.153747	0.427445	0.378832	0.820839	0.842207	-0.496894	-0.209246	0.328602	0.780758	-0.531450
34064	4.437311	-0.963833	-6.613470	1.592680	3.776479	-1.023835	0.406283	0.353953	0.842408	0.851743	-0.480521	-0.208886	0.330858	0.802382	-0.496705
34065	5.129048	0.075559	-6.531097	0.982994	3.975970	-0.835406	0.385788	0.325649	0.863204	0.858359	-0.469688	-0.206429	0.338213	0.820576	-0.460724
34066	5.563305	-0.408814	-6.713166	0.310654	4.158732	-0.623572	0.366052	0.294149	0.882883	0.861788	-0.465173	-0.202324	0.351180	0.834919	-0.423772
34067	6.090933	-0.247643	-6.778437	-0.323048	4.330328	-0.392907	0.347010	0.259588	0.901220	0.862041	-0.466787	-0.197471	0.369417	0.845413	-0.385756
34068	6.161378	-0.923458	-7.017686	-0.973392	4.464735	-0.179295	0.328412	0.222556	0.917940	0.858949	-0.474608	-0.192237	0.392878	0.851596	-0.347031
34069	6.108145	-2.743740	-7.878356	-1.474602	4.531662	-0.011739	0.309840	0.183963	0.932822	0.853006	-0.487150	-0.187258	0.419976	0.853723	-0.307860
34070	5.960678	-4.875245	-8.964942	-1.399653	4.501381	0.097219	0.291151	0.145050	0.945617	0.846667	-0.499260	-0.184102	0.445405	0.854225	-0.268169
34071	6.485559	-5.539885	-9.363099	-0.955058	4.439851	0.149533	0.272130	0.106347	0.956366	0.841905	-0.507606	-0.183116	0.465983	0.855001	-0.227669
34072	7.186435	-4.576817	-8.628054	-0.337127	4.359650	0.152839	0.252751	0.068258	0.965121	0.839918	-0.510624	-0.183849	0.480265	0.857090	-0.186391
34073	7.773849	-3.075096	-7.817923	0.035212	4.240386	0.100134	0.232967	0.031350	0.971979	0.839856	-0.510369	-0.184838	0.490274	0.859384	-0.145229
34074	8.006400	-2.170350	-7.327799	0.166656	4.084574	-0.008788	0.212672	-0.003725	0.977116	0.840707	-0.508935	-0.184923	0.497978	0.860797	-0.105104
34075	8.464161	-2.081254	-6.279968	0.219626	3.847273	-0.132816	0.192236	-0.036174	0.980682	0.842085	-0.507071	-0.183772	0.503923	0.861145	-0.067015
34076	8.970836	-2.807106	-5.465322	0.324332	3.534762	-0.243202	0.172270	-0.065369	0.982878	0.844175	-0.504405	-0.181506	0.507633	0.860989	-0.031711
34077	8.896780	-2.667070	-4.042628	0.784812	3.118650	-0.338617	0.153554	-0.090543	0.983983	0.848711	-0.497908	-0.178260	0.506074	0.862490	0.000389
34078	8.348853	-0.104840	-1.410275	0.996514	2.623212	-0.406006	0.136846	-0.111179	0.984333	0.854326	-0.489716	-0.174085	0.501399	0.864764	0.027968
34079	10.573221	1.689182	1.474564	0.389374	2.050496	-0.332749	0.123683	-0.127275	0.984126	0.856715	-0.486752	-0.170621	0.500741	0.864219	0.048836
34080	7.284876	1.614563	1.217384	-0.432928	1.357055	-0.206420	0.115049	-0.137953	0.983734	0.854786	-0.490765	-0.168790	0.506067	0.860301	0.061458
34081	6.938268	1.827013	0.983092	-0.880441	0.569302	-0.074788	0.111464	-0.142459	0.983505	0.850384	-0.498428	-0.168573	0.514221	0.855146	0.065588
34082	6.219287	1.923762	0.151619	-1.469186	-0.118275	0.068886	0.112627	-0.141784	0.983470	0.842665	-0.510847	-0.170150	0.526527	0.847899	0.061941
34083	6.123491	0.980483	-2.422251	-1.903323	-0.761842	0.166251	0.118044	-0.136211	0.983622	0.832313	-0.526677	-0.172820	0.541591	0.839081	0.051199
34084	7.498770	0.035799	-4.889614	-1.887025	-1.204618	0.133125	0.125720	-0.126849	0.983923	0.821800	-0.542263	-0.174915	0.555733	0.830578	0.036071
34085	10.854883	-0.820627	-4.567213	-1.495725	-1.145449	0.060396	0.132599	-0.117693	0.984158	0.813335	-0.554568	-0.175902	0.566484	0.823774	0.022189
34086	11.624994	-0.478041	-3.649981	-1.560932	-0.726630	0.018977	0.136877	-0.111825	0.984256	0.804380	-0.567349	-0.176320	0.578133	0.815850	0.012293
34087	10.579295	-2.358930	-3.543889	-1.776426	-0.368068	-0.064124	0.138475	-0.108455	0.984409	0.794081	-0.581831	-0.175804	0.591827	0.806046	0.005553
34088	9.087672	-4.932728	-3.713752	-1.652435	-0.132923	-0.142237	0.138115	-0.106534	0.984670	0.784396	-0.595230	-0.174423	0.604687	0.796462	0.001355
34089	8.362147	-6.431943	-3.751333	-1.187047	-0.056295	-0.176627	0.137039	-0.105010	0.984984	0.777412	-0.604835	-0.172642	0.613882	0.789397	-0.001250
34090	9.372971	-6.568860	-2.941141	-0.616434	-0.111223	-0.177986	0.136311	-0.103034	0.985294	0.773861	-0.609881	-0.170836	0.618513	0.785767	-0.003399
34091	11.848460	-6.085880	-0.597234	-0.377601	-0.227875	-0.150679	0.136523	-0.100306	0.985546	0.771731	-0.613002	-0.169294	0.621123	0.783688	-0.006279
34092	12.707708	-5.173903	1.149017	-0.408383	-0.364852	-0.132555	0.137740	-0.096616	0.985745	0.769375	-0.616334	-0.167915	0.623771	0.781536	-0.010560
34093	11.384807	-4.355789	2.042588	-0.566360	-0.478319	-0.124014	0.139745	-0.092101	0.985895	0.766008	-0.620873	-0.166579	0.627457	0.778482	-0.016214
34094	10.031577	-3.354215	2.161133	-0.536653	-0.564479	-0.120553	0.142343	-0.086943	0.985992	0.762806	-0.625156	-0.165248	0.630765	0.775642	-0.022665
34095	9.618120	-1.226336	1.018549	-0.417805	-0.676699	-0.156343	0.145394	-0.080705	0.986077	0.760396	-0.628527	-0.163559	0.632976	0.773589	-0.030016
34096	10.091941	2.752716	-0.298788	-0.372513	-0.879932	-0.255822	0.148995	-0.072273	0.986193	0.758417	-0.631605	-0.160869	0.634512	0.771914	-0.039293
34097	10.316785	1.675891	-1.924142	-0.679671	-1.032851	-0.281669	0.153401	-0.062516	0.986185	0.754523	-0.637033	-0.157748	0.638094	0.768297	-0.050552
34098	9.936149	-0.901894	-2.931489	-0.561592	-1.004328	-0.286958	0.157630	-0.052959	0.986077	0.751383	-0.641508	-0.154566	0.640762	0.765286	-0.061329
34099	9.491945	-1.452503	-3.859989	-0.451002	-0.881057	-0.310889	0.160917	-0.044209	0.985977	0.748989	-0.645108	-0.151164	0.642745	0.762811	-0.070697
34100	9.121583	-2.306022	-5.044845	-0.299345	-0.826286	-0.349194	0.163586	-0.035634	0.985885	0.747636	-0.647531	-0.147459	0.643646	0.761205	-0.079286
34101	9.519970	-3.175301	-4.809917	0.061890	-0.748537	-0.366922	0.165619	-0.027538	0.985805	0.748643	-0.647178	-0.143854	0.641953	0.761841	-0.086569
34102	9.845952	-2.123839	-3.289921	0.210443	-0.647660	-0.339677	0.167190	-0.020382	0.985714	0.750562	-0.645657	-0.140656	0.639300	0.763355	-0.092649
34103	9.976542	-1.485398	-2.352620	-0.036907	-0.572188	-0.274988	0.168750	-0.014218	0.985556	0.750793	-0.645988	-0.137872	0.638618	0.763215	-0.098336
34104	10.058156	-2.091075	-2.154590	-0.270338	-0.538932	-0.238684	0.170372	-0.008544	0.985343	0.749476	-0.648078	-0.135208	0.639734	0.761526	-0.104011
34105	9.842285	-2.514845	-1.581096	-0.313786	-0.519805	-0.235289	0.171908	-0.003041	0.985108	0.747874	-0.650479	-0.132517	0.641196	0.759518	-0.109548
34106	9.692289	-2.195551	-1.225140	-0.294234	-0.492502	-0.249758	0.173171	0.002344	0.984889	0.746422	-0.652714	-0.129689	0.642546	0.757601	-0.114780
34107	9.714243	-1.670856	-1.551773	-0.105967	-0.515116	-0.291119	0.174277	0.008167	0.984663	0.746253	-0.653502	-0.126660	0.642444	0.756881	-0.119985
34108	9.787737	-0.515108	-1.099430	0.165789	-0.546440	-0.289299	0.175588	0.014216	0.984361	0.747828	-0.652214	-0.123977	0.640252	0.757901	-0.125152
34109	9.784392	0.760042	-0.456651	0.190257	-0.570022	-0.272290	0.177162	0.020335	0.983972	0.749530	-0.650725	-0.121503	0.637824	0.759041	-0.130525
34110	9.741466	0.954779	-0.208312	0.146185	-0.595655	-0.238981	0.179129	0.026434	0.983470	0.750892	-0.649559	-0.119309	0.635668	0.759852	-0.136204
34111	9.797328	0.497620	-0.603266	0.103860	-0.587058	-0.222539	0.181151	0.032362	0.982923	0.751958	-0.648704	-0.117227	0.633832	0.760352	-0.141849
34112	9.592946	-0.177752	-1.329794	0.104789	-0.577633	-0.200226	0.183268	0.038075	0.982325	0.752992	-0.647836	-0.115372	0.631993	0.760827	-0.147398
34113	9.523084	-0.989677	-1.974382	0.151573	-0.576467	-0.181097	0.185507	0.043657	0.981673	0.754288	-0.646609	-0.113782	0.629790	0.761572	-0.152881
34114	9.529302	-1.393600	-2.751561	0.249058	-0.556391	-0.169364	0.187692	0.049013	0.981004	0.756176	-0.644631	-0.112469	0.626873	0.762921	-0.158054
34115	9.634442	-1.119095	-3.276396	0.328829	-0.525235	-0.161238	0.189722	0.054084	0.980347	0.758542	-0.642036	-0.111377	0.623394	0.764765	-0.162833
34116	9.416704	-0.978185	-3.444820	0.382069	-0.497515	-0.156008	0.191596	0.058915	0.979704	0.761220	-0.639020	-0.110440	0.619544	0.766930	-0.167280
34117	9.347382	-0.957661	-2.851131	0.426591	-0.484338	-0.155180	0.193370	0.063647	0.979059	0.764159	-0.635648	-0.109604	0.615361	0.769351	-0.171551
34118	9.185179	-1.257642	-2.026872	0.354663	-0.456354	-0.157681	0.194931	0.068183	0.978444	0.766648	-0.632810	-0.108638	0.611762	0.771299	-0.175626
34119	9.181965	-0.549949	-0.737561	0.319872	-0.481015	-0.126980	0.196858	0.072721	0.977731	0.768854	-0.630250	-0.107926	0.608366	0.772979	-0.179982
34120	9.772278	0.000210	0.452965	0.038013	-0.485869	-0.081487	0.199152	0.077011	0.976938	0.769254	-0.629893	-0.107161	0.607114	0.772854	-0.184685
34121	9.778275	0.172242	1.036601	-0.230495	-0.509456	-0.048244	0.201843	0.081270	0.976040	0.767957	-0.631633	-0.106219	0.607867	0.770996	-0.189902
34122	9.689401	-0.197327	0.405630	-0.415680	-0.542164	-0.041666	0.204792	0.085726	0.975044	0.765517	-0.634795	-0.104973	0.609954	0.767911	-0.195625
34123	9.633557	-0.172991	-0.603765	-0.328229	-0.581964	-0.039883	0.208006	0.090463	0.973935	0.763602	-0.637274	-0.103892	0.611265	0.765309	-0.201634
34124	9.613787	0.217285	-1.309520	-0.302333	-0.613805	-0.041071	0.211416	0.095436	0.972726	0.761846	-0.639543	-0.102836	0.612286	0.762808	-0.207917
34125	9.648051	0.147690	-2.700089	-0.294004	-0.603027	-0.028289	0.214861	0.100231	0.971488	0.760112	-0.641752	-0.101900	0.613241	0.760334	-0.214074
34126	9.376573	0.147893	-3.849401	-0.209837	-0.572398	-0.011384	0.218253	0.104672	0.970263	0.758857	-0.643331	-0.101296	0.613598	0.758399	-0.219840
34127	9.272193	0.162571	-4.521639	-0.194951	-0.524999	0.018455	0.221580	0.108553	0.969081	0.757627	-0.644825	-0.101000	0.613924	0.756582	-0.225123
34128	9.448246	-0.540353	-5.014720	-0.265701	-0.449270	0.044535	0.224646	0.111680	0.968020	0.755903	-0.646879	-0.100790	0.614935	0.754371	-0.229738
34129	9.511030	-1.940444	-5.241635	-0.264493	-0.382018	0.039624	0.227262	0.114326	0.967100	0.754193	-0.648913	-0.100519	0.616072	0.752224	-0.233697
34130	9.432505	-3.355953	-5.113479	-0.110488	-0.317937	0.005573	0.229231	0.116701	0.966351	0.753508	-0.649747	-0.100275	0.616182	0.751139	-0.236877
34131	8.867939	-4.502663	-4.437077	0.107935	-0.276416	-0.042402	0.230580	0.119078	0.965740	0.754277	-0.648883	-0.100082	0.614735	0.751512	-0.239437
34132	8.951079	-3.616977	-3.183682	0.427270	-0.261268	-0.066559	0.231646	0.121497	0.965183	0.757057	-0.645584	-0.100429	0.610905	0.753963	-0.241527
34133	9.745068	-1.018564	-1.707657	0.411243	-0.263149	-0.053130	0.232814	0.123850	0.964603	0.759693	-0.642410	-0.100876	0.607177	0.756287	-0.243651
34134	9.564096	-0.014524	-0.873568	0.108153	-0.283646	-0.026066	0.234304	0.126184	0.963939	0.760418	-0.641556	-0.100852	0.605695	0.756627	-0.246272
34135	9.505584	-0.132004	-0.734248	0.049388	-0.335239	-0.028855	0.236082	0.128930	0.963142	0.760793	-0.641142	-0.100657	0.604533	0.756515	-0.249451
34136	9.212258	0.149444	-0.399454	0.120484	-0.405866	-0.031970	0.238256	0.132227	0.962159	0.761604	-0.640185	-0.100615	0.602656	0.756756	-0.253232
34137	9.689988	0.169312	-0.007878	0.223953	-0.487007	-0.031337	0.240912	0.136138	0.960951	0.763034	-0.638443	-0.100846	0.599784	0.757533	-0.257687
34138	9.734533	0.241780	-0.249568	0.243050	-0.510394	-0.025874	0.243736	0.140192	0.959656	0.764559	-0.636561	-0.101192	0.596693	0.758377	-0.262338
34139	9.494647	0.392735	-1.087126	0.293526	-0.532350	-0.009438	0.246797	0.144315	0.958261	0.766337	-0.634316	-0.101839	0.593144	0.759484	-0.267141
34140	9.685437	0.332448	-2.051042	0.202059	-0.546280	0.029835	0.250225	0.148297	0.956763	0.767467	-0.632820	-0.102632	0.590239	0.759965	-0.272160
34141	9.579740	-0.595823	-3.091339	0.155851	-0.556858	0.051436	0.253865	0.152226	0.955186	0.768264	-0.631709	-0.103511	0.587642	0.760112	-0.277319
34142	9.508267	-1.166132	-3.470145	0.188855	-0.556993	0.061421	0.257569	0.156094	0.953568	0.769223	-0.630363	-0.104589	0.584769	0.760445	-0.282433
34143	9.093384	-1.721261	-3.525236	0.260435	-0.552220	0.054493	0.261174	0.159975	0.951943	0.770609	-0.628463	-0.105809	0.581335	0.761211	-0.287417
34144	8.610530	-1.910999	-2.784603	0.344628	-0.564713	0.051945	0.264813	0.163972	0.950256	0.772478	-0.625917	-0.107265	0.577193	0.762457	-0.292416
34145	8.320030	-1.730004	-1.714429	0.395380	-0.603243	0.054328	0.268667	0.168259	0.948423	0.774615	-0.622985	-0.108908	0.572529	0.763923	-0.297711
34146	8.420893	-0.938646	-0.536316	0.396872	-0.667427	0.060759	0.272910	0.173005	0.946356	0.776723	-0.620049	-0.110639	0.567646	0.765251	-0.303594
34147	8.593267	0.024067	0.472502	0.309037	-0.763645	0.082076	0.277831	0.178364	0.943926	0.778254	-0.617822	-0.112324	0.563144	0.765821	-0.310463
34148	8.927048	1.026950	1.076512	0.225997	-0.879245	0.117954	0.283650	0.184389	0.941033	0.779201	-0.616300	-0.114110	0.558918	0.765621	-0.318489
34149	10.123008	2.124682	1.141152	0.081394	-0.977747	0.169368	0.290381	0.190845	0.937687	0.779178	-0.615989	-0.115924	0.555482	0.764288	-0.327574
34150	10.880324	1.854487	1.250341	-0.163623	-1.054720	0.216606	0.297883	0.197574	0.933933	0.777644	-0.617652	-0.117370	0.553656	0.761230	-0.337630
34151	11.443839	0.460177	0.578033	0.028664	-1.186437	0.258758	0.306402	0.205013	0.929563	0.777032	-0.617949	-0.119837	0.549854	0.759019	-0.348642
34152	12.115155	1.188386	1.325439	0.216419	-1.282853	0.299929	0.315718	0.212910	0.924658	0.777294	-0.616927	-0.123349	0.544184	0.757674	-0.360268
34153	13.074596	1.678994	1.500724	0.237591	-1.405330	0.358221	0.326064	0.221356	0.919067	0.777442	-0.615900	-0.127480	0.537835	0.756088	-0.372914
34154	13.085355	0.280663	0.888508	-0.019920	-1.538553	0.393754	0.337327	0.230554	0.912719	0.776041	-0.616933	-0.130975	0.532889	0.752488	-0.387027
34155	13.663923	-2.428782	-0.155314	0.188518	-1.699736	0.371973	0.349164	0.241043	0.905529	0.775775	-0.616386	-0.135057	0.525601	0.749644	-0.402215
34156	15.919569	-3.205987	0.675456	0.711617	-1.802121	0.346841	0.361192	0.252442	0.897671	0.778254	-0.611899	-0.141065	0.513674	0.749568	-0.417477
34157	15.363073	-3.884366	1.049946	0.909467	-1.854074	0.394852	0.373621	0.263955	0.889233	0.781427	-0.606089	-0.148417	0.499779	0.750322	-0.432709
34158	14.361562	-3.028609	1.680342	0.764719	-1.933425	0.474350	0.386834	0.275612	0.879999	0.783408	-0.601624	-0.155948	0.486447	0.749724	-0.448645
34159	13.429718	-2.501410	1.786908	0.519808	-2.009782	0.600111	0.401145	0.287059	0.869873	0.783558	-0.599411	-0.163534	0.474468	0.747197	-0.465378
34160	12.962602	-1.415228	1.294586	0.174498	-2.055724	0.735868	0.416524	0.297975	0.858905	0.781384	-0.600254	-0.170688	0.464701	0.742230	-0.482853
34161	12.408056	-0.862245	0.568838	-0.291462	-2.074634	0.830942	0.432522	0.308289	0.847280	0.776529	-0.604913	-0.176303	0.458178	0.734192	-0.501034
34162	11.519728	-1.866266	-0.647643	-0.642319	-2.023500	0.841696	0.448230	0.317940	0.835466	0.769908	-0.612221	-0.180075	0.454237	0.723948	-0.519200
34163	10.055415	-1.743672	-2.240040	-0.813329	-1.950291	0.747020	0.462739	0.327349	0.823842	0.762842	-0.620460	-0.181940	0.451603	0.712651	-0.536827
