// General information: 
//  MT Manager version: 2022.2.0 
//  XDA version: 2022.2.0 build 7381 rev 124627 built on 2023-07-19
// Device information: 
//  DeviceId: 00B4CB9F
//  ProductCode: MTW2-3A7G6
//  Firmware Version: 4.6.0
//  Hardware Version: 2.0.0
// Device settings: 
//  Filter Profile: human(46.1)
//  Option Flags: Orientation Smoother Disabled, Position/Velocity Smoother Disabled, Continuous Zero Rotation Update Disabled, AHS Disabled, ICC Disabled
// Coordinate system: ENU
PacketCounter	Acc_X	Acc_Y	Acc_Z	Gyr_X	Gyr_Y	Gyr_Z	Mat[1][1]	Mat[2][1]	Mat[3][1]	Mat[1][2]	Mat[2][2]	Mat[3][2]	Mat[1][3]	Mat[2][3]	Mat[3][3]
27004	9.437293	-0.799005	4.537025	0.433960	0.292035	-0.197979	0.165872	0.114208	0.979512	-0.280594	0.957681	-0.064146	-0.945385	-0.264205	0.190899
27005	9.028874	-0.954062	4.432442	0.487350	0.307771	-0.160408	0.169050	0.113478	0.979053	-0.284893	0.956573	-0.061681	-0.943535	-0.268498	0.194038
27006	8.924840	-0.962816	4.211968	0.569879	0.299807	-0.146652	0.172230	0.112911	0.978564	-0.290064	0.955177	-0.059160	-0.941382	-0.273657	0.197262
27007	9.145355	-0.734642	3.863246	0.665665	0.290252	-0.155131	0.175240	0.112218	0.978109	-0.296069	0.953503	-0.056351	-0.938954	-0.279713	0.200316
27008	9.384293	-0.191888	3.714158	0.723464	0.286469	-0.177771	0.178391	0.111357	0.977638	-0.302589	0.951636	-0.053181	-0.936278	-0.286335	0.203459
27009	9.556513	0.464568	3.765718	0.718169	0.310293	-0.211792	0.181777	0.110231	0.977142	-0.308903	0.949795	-0.049681	-0.933561	-0.292811	0.206701
27010	9.512090	0.999100	3.847500	0.660468	0.348465	-0.242436	0.185714	0.108981	0.976542	-0.314665	0.948089	-0.045965	-0.930858	-0.298747	0.210366
27011	9.332565	1.334923	3.822465	0.555626	0.397079	-0.257633	0.190062	0.107720	0.975845	-0.319353	0.946691	-0.042302	-0.928380	-0.303599	0.214331
27012	9.188011	1.537666	3.806958	0.413192	0.431286	-0.261191	0.194833	0.106586	0.975028	-0.322733	0.945691	-0.038889	-0.926220	-0.307096	0.218650
27013	8.768228	1.582993	3.566369	0.222566	0.446087	-0.250586	0.199624	0.105568	0.974169	-0.324293	0.945272	-0.035983	-0.924654	-0.308733	0.222934
27014	8.629129	1.597461	3.298943	0.010997	0.427316	-0.265117	0.204365	0.104400	0.973312	-0.323910	0.945498	-0.033406	-0.923752	-0.308439	0.227043
27015	8.449740	1.571361	3.053469	-0.223671	0.384854	-0.305733	0.208770	0.102662	0.972561	-0.321199	0.946505	-0.030963	-0.923713	-0.305921	0.230577
27016	8.581299	1.489892	2.648430	-0.435616	0.321904	-0.354183	0.212807	0.100305	0.971932	-0.316478	0.948170	-0.028559	-0.924421	-0.301518	0.233522
27017	8.755122	1.520839	2.302795	-0.623574	0.253163	-0.386111	0.216226	0.097362	0.971477	-0.309876	0.950414	-0.026281	-0.925864	-0.295354	0.235674
27018	8.682153	1.411680	1.879798	-0.776281	0.187244	-0.408059	0.219143	0.094045	0.971150	-0.301844	0.953051	-0.024181	-0.927829	-0.287837	0.237241
27019	8.800907	1.320275	1.601330	-0.876137	0.101301	-0.424592	0.221221	0.090241	0.971040	-0.292738	0.955936	-0.022146	-0.930250	-0.279361	0.237890
27020	8.958150	1.187913	1.364586	-0.932938	0.018112	-0.435719	0.222578	0.086141	0.971102	-0.283133	0.958869	-0.020162	-0.932896	-0.270463	0.237812
27021	9.092844	1.009869	1.208534	-0.942924	-0.048902	-0.438392	0.223213	0.081756	0.971335	-0.273336	0.961748	-0.018137	-0.935662	-0.261453	0.237022
27022	9.206975	0.774999	1.000885	-0.925875	-0.108265	-0.422342	0.223267	0.077434	0.971677	-0.263770	0.964449	-0.016250	-0.938391	-0.252671	0.235755
27023	9.317339	0.473295	0.940997	-0.888194	-0.157131	-0.391512	0.222677	0.073214	0.972139	-0.254531	0.966956	-0.014521	-0.941078	-0.244206	0.233954
27024	9.282084	0.195458	0.872929	-0.828349	-0.195857	-0.356396	0.221658	0.069318	0.972657	-0.245986	0.969186	-0.013013	-0.943588	-0.236376	0.231880
27025	9.157134	-0.131932	0.783442	-0.759752	-0.239398	-0.284753	0.219953	0.065948	0.973279	-0.238150	0.971154	-0.011984	-0.945994	-0.229150	0.229314
27026	9.015348	-0.407448	0.888101	-0.672888	-0.280579	-0.197084	0.217693	0.063424	0.973954	-0.231398	0.972790	-0.011627	-0.948190	-0.222840	0.226446
27027	9.012294	-0.530152	0.957331	-0.572577	-0.298251	-0.112087	0.214982	0.061627	0.974672	-0.225710	0.974123	-0.011808	-0.950178	-0.217455	0.223329
27028	8.437399	-0.517875	0.428224	-0.498364	-0.317524	-0.032881	0.211971	0.060650	0.975392	-0.220953	0.975203	-0.012621	-0.951971	-0.212840	0.220116
27029	7.775480	-0.353650	-0.194588	-0.523772	-0.444473	0.029155	0.207531	0.059953	0.976390	-0.215994	0.976294	-0.014037	-0.954085	-0.207982	0.215560
27030	7.560920	0.077029	-0.546575	-0.610529	-0.639142	0.046704	0.201260	0.059124	0.977752	-0.210310	0.977507	-0.015819	-0.956694	-0.202447	0.209168
27031	8.526532	0.258269	-0.379285	-0.656926	-0.764128	-0.016588	0.193831	0.057392	0.979355	-0.203945	0.978835	-0.016997	-0.959602	-0.196440	0.201433
27032	10.334787	-0.458637	-0.556987	-0.666168	-0.846125	-0.115399	0.185866	0.054652	0.981054	-0.197376	0.980177	-0.017210	-0.962547	-0.190438	0.192969
27033	11.480529	-1.338928	-0.046914	-0.580938	-0.780384	-0.130785	0.178447	0.051860	0.982582	-0.191478	0.981349	-0.017020	-0.965139	-0.185106	0.185048
27034	11.673512	-2.452591	0.329392	-0.504330	-0.771688	0.004822	0.170916	0.050524	0.983989	-0.186665	0.982258	-0.018012	-0.967442	-0.180598	0.177315
27035	11.659564	-4.040754	1.096147	-0.392648	-0.790696	0.211922	0.162707	0.051156	0.985347	-0.183149	0.982866	-0.020785	-0.969527	-0.177083	0.169289
27036	11.659308	-5.374132	2.434563	-0.073763	-0.713415	0.376782	0.155032	0.053626	0.986453	-0.183083	0.982788	-0.024654	-0.970796	-0.176781	0.162182
27037	10.929717	-5.895321	3.845652	0.521447	-0.474908	0.481650	0.149364	0.057486	0.987110	-0.188837	0.981592	-0.028591	-0.970583	-0.182133	0.157470
27038	9.571850	-4.791771	4.151870	1.104710	-0.179769	0.612784	0.146363	0.063185	0.987211	-0.200506	0.979138	-0.032941	-0.968698	-0.193121	0.155979
27039	7.476074	-2.057562	2.837995	1.331121	-0.118906	0.814646	0.143369	0.070911	0.987126	-0.214560	0.975934	-0.038945	-0.966131	-0.206214	0.155133
27040	6.095846	0.872977	1.041788	1.005617	-0.405024	0.912105	0.137386	0.078971	0.987364	-0.225598	0.973113	-0.046440	-0.964485	-0.216367	0.151508
27041	7.942281	3.672429	0.005124	0.477762	-0.785240	0.710904	0.128042	0.084166	0.988191	-0.231138	0.971488	-0.052795	-0.964459	-0.221648	0.143845
27042	11.251784	5.909416	0.063821	0.073377	-0.941443	0.281760	0.118239	0.084835	0.989355	-0.232243	0.971072	-0.055512	-0.965444	-0.223207	0.134521
27043	12.428651	6.424002	1.082480	-0.255697	-0.693565	-0.108221	0.111645	0.082225	0.990341	-0.229613	0.971738	-0.054796	-0.966857	-0.221278	0.127370
27044	10.685534	5.066155	2.075992	-0.411268	-0.395798	-0.289953	0.108409	0.078564	0.990997	-0.225365	0.972860	-0.052472	-0.968224	-0.217647	0.123173
27045	9.555060	2.654203	3.080654	-0.403681	-0.312216	-0.298086	0.105915	0.074949	0.991547	-0.221079	0.973973	-0.050005	-0.969488	-0.213914	0.119728
27046	9.981223	0.134736	3.647105	-0.350902	-0.325508	-0.157107	0.103036	0.072753	0.992013	-0.217560	0.974821	-0.048895	-0.970593	-0.210785	0.116270
27047	10.947122	-1.786843	3.420351	-0.231759	-0.327358	0.025310	0.099676	0.072270	0.992392	-0.215280	0.975302	-0.049402	-0.971452	-0.208718	0.112772
27048	11.364799	-2.937135	2.537150	-0.007105	-0.322222	0.233374	0.095977	0.073899	0.992637	-0.215488	0.975134	-0.051761	-0.971778	-0.208934	0.109515
27049	11.042596	-2.840952	1.806786	0.270289	-0.317187	0.417917	0.091867	0.077271	0.992769	-0.218462	0.974259	-0.055614	-0.971512	-0.211773	0.106383
27050	10.054296	-1.921467	1.285429	0.534941	-0.291477	0.505969	0.087851	0.081597	0.992786	-0.224160	0.972697	-0.060110	-0.970585	-0.217262	0.103744
27051	9.302578	-0.725188	1.138417	0.723644	-0.272102	0.467590	0.084023	0.085515	0.992788	-0.231531	0.970719	-0.064019	-0.969192	-0.224482	0.101362
27052	9.380378	0.316745	1.387867	0.777536	-0.205348	0.342945	0.081161	0.088397	0.992773	-0.239392	0.968631	-0.066677	-0.967525	-0.232250	0.099777
27053	9.565020	0.878036	1.627985	0.719931	-0.100054	0.217097	0.079546	0.090229	0.992739	-0.246502	0.966746	-0.068115	-0.965872	-0.239293	0.099142
27054	9.528655	0.826822	1.827124	0.617716	-0.043753	0.180381	0.078607	0.091890	0.992662	-0.252654	0.965070	-0.069329	-0.964358	-0.245350	0.099077
27055	9.630187	0.186887	2.039365	0.553154	-0.014660	0.188455	0.077866	0.093637	0.992557	-0.258090	0.963534	-0.070652	-0.962978	-0.250668	0.099194
27056	9.625267	-0.743316	2.089401	0.507578	0.014804	0.264321	0.077253	0.096243	0.992355	-0.263228	0.961983	-0.072806	-0.961636	-0.255591	0.099650
27057	9.750997	-1.738097	2.081749	0.469635	0.040210	0.320550	0.076670	0.099389	0.992090	-0.267968	0.960464	-0.075511	-0.960372	-0.260059	0.100272
27058	10.142540	-2.270026	2.048558	0.427709	0.102482	0.319724	0.076723	0.102749	0.991744	-0.272366	0.959004	-0.078286	-0.959130	-0.264111	0.101563
27059	10.455634	-2.351852	1.957907	0.346899	0.195969	0.278361	0.077730	0.105913	0.991333	-0.275855	0.957805	-0.080701	-0.958051	-0.267191	0.103667
27060	10.352438	-2.101399	1.593326	0.212032	0.295685	0.224735	0.079872	0.108880	0.990841	-0.278111	0.956979	-0.082740	-0.957223	-0.268955	0.106716
27061	10.050063	-1.672773	1.300716	0.050723	0.345135	0.180544	0.082565	0.111510	0.990327	-0.278723	0.956649	-0.084480	-0.956816	-0.269052	0.110066
27062	9.782474	-1.313322	0.814064	-0.145136	0.350535	0.119353	0.085520	0.113615	0.989837	-0.277482	0.956886	-0.085859	-0.956917	-0.267320	0.113359
27063	9.510664	-1.196775	0.153752	-0.346866	0.310372	0.063382	0.088198	0.115023	0.989440	-0.274206	0.957737	-0.086895	-0.957618	-0.263647	0.116011
27064	9.221405	-1.330976	-0.701261	-0.539533	0.232935	0.006826	0.090345	0.115719	0.989165	-0.269091	0.959120	-0.087627	-0.958868	-0.258258	0.117791
27065	9.402310	-1.638126	-1.515164	-0.686873	0.139412	-0.052435	0.091699	0.115552	0.989060	-0.262428	0.960936	-0.087936	-0.960585	-0.251493	0.118441
27066	9.666167	-1.824446	-1.974837	-0.741500	0.080640	-0.108782	0.092689	0.114729	0.989063	-0.255247	0.962884	-0.087772	-0.962423	-0.244319	0.118533
27067	9.844090	-2.041056	-2.052876	-0.683026	0.039392	-0.129375	0.093267	0.113560	0.989144	-0.248521	0.964683	-0.087319	-0.964126	-0.237679	0.118195
27068	10.035297	-2.174855	-1.809253	-0.537754	0.025849	-0.133383	0.093778	0.112358	0.989233	-0.243257	0.966082	-0.086668	-0.965418	-0.232510	0.117929
27069	10.296704	-2.142770	-1.277780	-0.344902	0.030773	-0.116730	0.094208	0.111283	0.989313	-0.239814	0.967008	-0.085938	-0.966237	-0.229155	0.117788
27070	10.532789	-1.922257	-0.717983	-0.175757	0.057700	-0.102125	0.094944	0.110453	0.989336	-0.238067	0.967507	-0.085169	-0.966597	-0.227442	0.118154
27071	10.499862	-1.583890	-0.348850	-0.047357	0.085235	-0.071629	0.095785	0.109940	0.989312	-0.237534	0.967693	-0.084539	-0.966645	-0.226898	0.118805
27072	10.312142	-1.076116	-0.300798	-0.007015	0.078997	-0.040137	0.096578	0.109756	0.989255	-0.237476	0.967739	-0.084185	-0.966580	-0.226795	0.119526
27073	10.007157	-0.503796	-0.388939	-0.058498	0.061310	-0.010996	0.097036	0.109777	0.989208	-0.236884	0.967885	-0.084173	-0.966680	-0.226159	0.119924
27074	9.964376	-0.200951	-0.565921	-0.180912	0.042583	0.014616	0.097348	0.110040	0.989148	-0.235197	0.968261	-0.084569	-0.967060	-0.224413	0.120139
27075	9.792663	-0.311686	-0.740845	-0.332490	0.021503	0.016911	0.097348	0.110234	0.989127	-0.232006	0.968980	-0.085155	-0.967831	-0.221194	0.119903
27076	9.639031	-0.845675	-0.741919	-0.443930	-0.022804	0.007330	0.097044	0.110281	0.989151	-0.227763	0.969930	-0.085793	-0.968869	-0.216967	0.119244
27077	9.319827	-1.587364	-0.548708	-0.510091	-0.063443	-0.003845	0.096269	0.110089	0.989249	-0.222818	0.971026	-0.086377	-0.970095	-0.212107	0.118010
27078	9.067683	-2.742767	-0.133407	-0.518954	-0.093107	-0.036714	0.095381	0.109563	0.989393	-0.217794	0.972140	-0.086657	-0.971323	-0.207219	0.116586
27079	9.139876	-3.910431	0.272855	-0.471142	-0.098454	-0.071282	0.094413	0.108657	0.989586	-0.213134	0.973184	-0.086522	-0.972451	-0.202746	0.115039
27080	9.211937	-4.749840	0.664557	-0.330241	-0.064488	-0.109004	0.093950	0.107493	0.989757	-0.209868	0.973953	-0.085855	-0.973206	-0.199652	0.114063
27081	9.426598	-4.932214	1.109685	-0.092147	-0.010455	-0.144593	0.093981	0.106067	0.989908	-0.208822	0.974290	-0.084568	-0.973428	-0.198766	0.113714
27082	9.915113	-4.380276	1.675000	0.170867	0.089979	-0.163083	0.095133	0.104685	0.989945	-0.210379	0.974108	-0.082793	-0.972980	-0.200388	0.114693
27083	9.725753	-3.220657	2.125944	0.344835	0.200021	-0.183292	0.097289	0.103319	0.989879	-0.213581	0.973592	-0.080627	-0.972069	-0.203575	0.116787
27084	9.537056	-1.930733	2.527691	0.426801	0.281804	-0.237510	0.100473	0.101613	0.989737	-0.217542	0.972945	-0.077805	-0.970866	-0.207492	0.119860
27085	9.478241	-0.598363	2.866669	0.434035	0.340875	-0.301500	0.104266	0.099418	0.989568	-0.221468	0.972329	-0.074351	-0.969578	-0.211405	0.123399
27086	9.619617	0.419686	3.229830	0.386536	0.386413	-0.372090	0.108775	0.096651	0.989357	-0.224866	0.971856	-0.070218	-0.968299	-0.214835	0.127447
27087	9.978328	1.135081	3.567903	0.268014	0.428649	-0.414052	0.113691	0.093573	0.989100	-0.227035	0.971659	-0.065827	-0.967228	-0.217077	0.131713
27088	9.900499	1.375250	3.796247	0.101989	0.475505	-0.417426	0.119171	0.090577	0.988734	-0.227585	0.971808	-0.061596	-0.966439	-0.217680	0.136425
27089	9.814642	1.279329	3.986715	-0.067860	0.502329	-0.408478	0.124794	0.087716	0.988298	-0.226427	0.972317	-0.057706	-0.966001	-0.216576	0.141201
27090	9.662125	1.003870	4.036033	-0.214376	0.511669	-0.386289	0.130541	0.085087	0.987785	-0.223913	0.973099	-0.054230	-0.965827	-0.214099	0.146081
27091	9.326135	0.678598	3.760561	-0.346418	0.496926	-0.344617	0.135955	0.082800	0.987249	-0.220115	0.974120	-0.051386	-0.965953	-0.210322	0.150662
27092	9.142592	0.362570	3.226821	-0.462317	0.436735	-0.322566	0.140811	0.080590	0.986751	-0.215252	0.975331	-0.048941	-0.966353	-0.205509	0.154685
27093	9.215495	0.071340	2.768556	-0.568907	0.375410	-0.309140	0.144956	0.078346	0.986331	-0.209319	0.976726	-0.046820	-0.967044	-0.199671	0.157982
27094	9.346350	-0.376572	2.343636	-0.645988	0.332465	-0.317362	0.148762	0.075924	0.985954	-0.202654	0.978227	-0.044753	-0.967885	-0.193150	0.160909
27095	9.437511	-0.814375	1.972176	-0.686880	0.309631	-0.325567	0.152265	0.073337	0.985615	-0.195519	0.979770	-0.042697	-0.968807	-0.186205	0.163524
27096	9.360898	-1.276700	1.559397	-0.675784	0.268037	-0.330106	0.155433	0.070619	0.985319	-0.188513	0.981232	-0.040589	-0.969693	-0.179436	0.165828
27097	9.344414	-1.644674	1.308722	-0.599778	0.214306	-0.327391	0.157985	0.067799	0.985111	-0.182192	0.982513	-0.038401	-0.970488	-0.173412	0.167574
27098	9.309757	-1.784350	1.150471	-0.460838	0.168672	-0.321286	0.160136	0.064958	0.984955	-0.177259	0.983504	-0.036044	-0.971049	-0.168820	0.169008
27099	9.263989	-1.768223	0.964259	-0.286038	0.127517	-0.306193	0.161769	0.062183	0.984867	-0.173990	0.984175	-0.033561	-0.971369	-0.165928	0.170029
27100	9.308306	-1.491959	0.915167	-0.122110	0.080954	-0.294409	0.163002	0.059449	0.984833	-0.172377	0.984546	-0.030901	-0.971451	-0.164726	0.170730
27101	9.386671	-1.030133	0.789370	-0.002755	0.043516	-0.286200	0.163778	0.056728	0.984865	-0.171908	0.984711	-0.028132	-0.971403	-0.164699	0.171026
27102	9.480531	-0.516050	0.780830	0.058801	0.010046	-0.274077	0.164283	0.054075	0.984930	-0.172082	0.984756	-0.025363	-0.971287	-0.165322	0.171084
27103	9.405602	-0.181447	0.791347	0.084313	-0.031438	-0.257877	0.164274	0.051514	0.985069	-0.172482	0.984750	-0.022734	-0.971218	-0.166173	0.170654
27104	9.503471	0.024025	1.002789	0.093400	-0.072287	-0.253068	0.163945	0.048931	0.985255	-0.173026	0.984712	-0.020113	-0.971177	-0.167177	0.169905
27105	9.524673	0.075653	1.194196	0.097854	-0.106303	-0.241038	0.163189	0.046408	0.985503	-0.173587	0.984661	-0.017624	-0.971204	-0.168195	0.168741
27106	9.588448	0.154167	1.404029	0.104915	-0.139361	-0.231607	0.162174	0.043922	0.985784	-0.174281	0.984579	-0.015196	-0.971250	-0.169339	0.167328
27107	9.422272	0.323129	1.529370	0.111113	-0.173400	-0.225643	0.160743	0.041432	0.986126	-0.175003	0.984484	-0.012836	-0.971358	-0.170511	0.165500
27108	9.385728	0.421158	1.683489	0.127471	-0.210325	-0.218847	0.159020	0.038947	0.986507	-0.175943	0.984344	-0.010500	-0.971471	-0.171899	0.163383
27109	9.594949	0.598925	1.892867	0.156678	-0.223998	-0.211693	0.157086	0.036503	0.986910	-0.177111	0.984157	-0.008210	-0.971574	-0.173503	0.161062
27110	9.681832	0.760411	2.056441	0.189301	-0.219400	-0.199299	0.155245	0.034188	0.987284	-0.178691	0.983887	-0.005972	-0.971580	-0.175491	0.158852
27111	9.898196	1.021734	2.169850	0.207082	-0.205074	-0.180581	0.153442	0.032073	0.987637	-0.180410	0.983584	-0.003912	-0.971549	-0.177579	0.156709
27112	9.816961	1.317267	2.147375	0.191798	-0.180584	-0.160777	0.151914	0.030198	0.987932	-0.182079	0.983282	-0.002058	-0.971478	-0.179569	0.154873
27113	9.684520	1.512341	2.158878	0.153672	-0.165121	-0.143425	0.150443	0.028506	0.988208	-0.183360	0.983046	-0.000443	-0.971466	-0.181131	0.153119
27114	9.586461	1.696803	2.256772	0.107253	-0.140546	-0.136142	0.149263	0.026941	0.988430	-0.184249	0.982879	0.001034	-0.971480	-0.182272	0.151672
27115	9.557082	1.701319	2.404442	0.055979	-0.102528	-0.133168	0.148389	0.025457	0.988601	-0.184580	0.982814	0.002397	-0.971551	-0.182832	0.150537
27116	9.637833	1.470910	2.480910	0.010318	-0.058951	-0.135327	0.148001	0.024048	0.988695	-0.184531	0.982820	0.003718	-0.971619	-0.182995	0.149896
27117	9.885380	1.197609	2.686937	0.006178	-0.005367	-0.134822	0.148079	0.022726	0.988714	-0.184337	0.982850	0.005017	-0.971644	-0.182999	0.149729
27118	9.954432	0.988432	2.766802	0.003668	0.068416	-0.144224	0.148945	0.021462	0.988613	-0.184209	0.982866	0.006416	-0.971536	-0.183067	0.150347
27119	9.932170	0.764191	2.853981	0.001524	0.121513	-0.137525	0.150269	0.020336	0.988436	-0.183999	0.982896	0.007751	-0.971372	-0.183036	0.151440
27120	9.947530	0.736755	2.883983	0.031268	0.162981	-0.133049	0.152032	0.019355	0.988186	-0.184153	0.982856	0.009081	-0.971068	-0.183358	0.152990
27121	9.981714	0.747022	2.913234	0.073048	0.210346	-0.132006	0.154198	0.018447	0.987868	-0.184646	0.982749	0.010471	-0.970633	-0.184020	0.154944
27122	10.112816	0.804832	3.088010	0.084371	0.263807	-0.142097	0.156956	0.017565	0.987449	-0.185295	0.982610	0.011974	-0.970067	-0.184849	0.157482
27123	9.822047	0.834740	3.283398	0.059315	0.337325	-0.159733	0.160428	0.016621	0.986908	-0.185583	0.982534	0.013620	-0.969444	-0.185338	0.160710
27124	9.446456	0.873343	3.461313	0.011888	0.408049	-0.186734	0.164664	0.015571	0.986227	-0.185446	0.982533	0.015450	-0.968760	-0.185436	0.164676
27125	9.056379	0.788239	3.635692	-0.006812	0.453818	-0.215019	0.169360	0.014300	0.985450	-0.184973	0.982587	0.017531	-0.968040	-0.185250	0.169056
27126	8.946480	0.786581	3.880864	0.014228	0.475256	-0.231312	0.174322	0.012937	0.984604	-0.184765	0.982583	0.019802	-0.967199	-0.185372	0.173676
27127	8.967630	0.792909	3.976416	0.053054	0.492552	-0.234175	0.179418	0.011548	0.983705	-0.184829	0.982521	0.022177	-0.966254	-0.185796	0.178416
27128	9.160806	0.960008	3.893122	0.114039	0.500709	-0.223359	0.184603	0.010315	0.982759	-0.185576	0.982323	0.024548	-0.965134	-0.186908	0.183254
27129	9.488178	1.178479	3.633324	0.148013	0.536905	-0.176491	0.190026	0.009584	0.981732	-0.186633	0.982071	0.026538	-0.963877	-0.188267	0.188408
27130	9.203688	1.478963	3.139884	0.136117	0.552183	-0.098076	0.195464	0.009693	0.980663	-0.187808	0.981814	0.027730	-0.962560	-0.189596	0.193730
27131	8.612397	1.636404	2.284808	0.041485	0.442049	-0.014598	0.199663	0.010378	0.979810	-0.188150	0.981743	0.027942	-0.961631	-0.189930	0.197971
27132	8.614154	1.416492	1.444919	-0.108596	0.226482	0.054915	0.201674	0.011375	0.979387	-0.187269	0.981933	0.027158	-0.961383	-0.188886	0.200160
27133	9.247409	1.036903	1.005301	-0.248459	0.041457	0.085266	0.201836	0.012275	0.979343	-0.185025	0.982395	0.025819	-0.961784	-0.186414	0.200553
27134	9.797001	0.511646	0.864900	-0.323963	-0.039615	0.071392	0.201260	0.012932	0.979453	-0.182104	0.982975	0.024440	-0.962462	-0.183282	0.200188
27135	9.968675	0.023989	0.836635	-0.315054	-0.035539	0.063632	0.200722	0.013477	0.979556	-0.179181	0.983543	0.023184	-0.963122	-0.180171	0.199834
27136	9.881869	-0.260637	0.974509	-0.219179	0.000704	0.068259	0.200544	0.014179	0.979582	-0.177259	0.983917	0.022048	-0.963515	-0.178062	0.199832
27137	9.765222	-0.309108	1.230896	-0.072940	0.046282	0.070812	0.200784	0.014942	0.979522	-0.176684	0.984039	0.021206	-0.963571	-0.177324	0.200219
27138	9.336847	-0.077896	1.340902	0.046443	0.019435	0.087508	0.200752	0.015867	0.979514	-0.177360	0.983934	0.020412	-0.963453	-0.177824	0.200341
27139	9.115338	0.077275	1.155006	0.080440	-0.072052	0.114706	0.199770	0.016853	0.979698	-0.178342	0.983777	0.019442	-0.963476	-0.178605	0.199535
27140	9.113732	0.315860	0.909225	0.068261	-0.181491	0.157798	0.197675	0.018110	0.980100	-0.179366	0.983618	0.018001	-0.963718	-0.179355	0.197685
27141	9.153916	0.645069	0.695998	0.049800	-0.283154	0.203821	0.194498	0.019591	0.980707	-0.180214	0.983496	0.016094	-0.964206	-0.179868	0.194819
27142	9.036351	0.806592	0.545524	0.057520	-0.367166	0.233162	0.190471	0.021252	0.981463	-0.181270	0.983335	0.013887	-0.964812	-0.180555	0.191149
27143	9.180472	0.854479	0.512212	0.056875	-0.422926	0.245960	0.185855	0.022888	0.982311	-0.182258	0.983183	0.011575	-0.965526	-0.181185	0.186901
27144	9.441523	0.757414	0.767702	0.054221	-0.431206	0.262884	0.181146	0.024719	0.983146	-0.183316	0.983012	0.009061	-0.966220	-0.181867	0.182600
27145	9.933956	0.710566	1.310170	0.067263	-0.415867	0.298247	0.176490	0.026874	0.983936	-0.184464	0.982819	0.006244	-0.966863	-0.182603	0.178415
27146	10.212726	0.777447	1.832742	0.090724	-0.408115	0.324699	0.171877	0.029346	0.984681	-0.185959	0.982552	0.003177	-0.967408	-0.183657	0.174335
27147	10.485531	0.874124	2.303110	0.103436	-0.431999	0.344615	0.166963	0.031914	0.985446	-0.187515	0.982262	-0.000041	-0.967968	-0.184779	0.169986
27148	10.659835	1.060546	2.403084	0.086881	-0.448788	0.360709	0.161874	0.034654	0.986203	-0.189001	0.981971	-0.003483	-0.968543	-0.185829	0.165506
27149	10.520370	1.331775	2.303702	0.046227	-0.462328	0.372629	0.156605	0.037430	0.986952	-0.189994	0.981760	-0.007085	-0.969215	-0.186406	0.160860
27150	10.188049	1.709204	2.053532	-0.004116	-0.477080	0.371715	0.151208	0.040217	0.987684	-0.190578	0.981613	-0.010794	-0.969957	-0.186598	0.156092
27151	9.785996	2.071320	1.627581	-0.092678	-0.510929	0.370459	0.145458	0.042877	0.988435	-0.190172	0.981642	-0.014596	-0.970915	-0.185849	0.150942
27152	9.510567	2.332694	1.226761	-0.232304	-0.552500	0.356468	0.139351	0.045383	0.989203	-0.188474	0.981904	-0.018498	-0.972141	-0.183861	0.145383
27153	9.288202	2.270341	0.950436	-0.396798	-0.580063	0.334225	0.133008	0.047576	0.989972	-0.185012	0.982482	-0.022359	-0.973694	-0.180183	0.139480
27154	9.142839	1.906288	0.595227	-0.554202	-0.582168	0.320643	0.126684	0.049722	0.990696	-0.180078	0.983300	-0.026324	-0.975460	-0.175068	0.133523
27155	9.163121	1.394503	0.225944	-0.690626	-0.578754	0.312306	0.120402	0.051759	0.991375	-0.173675	0.984337	-0.030298	-0.977415	-0.168529	0.127505
27156	9.269593	0.778289	0.061520	-0.754587	-0.582125	0.302482	0.114127	0.053807	0.992008	-0.166697	0.985412	-0.034271	-0.979381	-0.161454	0.121432
27157	9.436162	0.116723	0.074792	-0.756609	-0.578865	0.294548	0.107897	0.055754	0.992597	-0.159544	0.986457	-0.038066	-0.981277	-0.154256	0.115331
27158	9.706815	-0.682801	0.021150	-0.731162	-0.583026	0.291552	0.101652	0.057782	0.993141	-0.152718	0.987385	-0.041816	-0.983028	-0.147420	0.109194
27159	10.334722	-1.437851	-0.063303	-0.653944	-0.588735	0.291673	0.095345	0.059770	0.993648	-0.146520	0.988166	-0.045381	-0.984602	-0.141263	0.102974
27160	10.289439	-1.937398	-0.248722	-0.572812	-0.563103	0.307910	0.089290	0.062065	0.994070	-0.141210	0.988764	-0.049050	-0.985945	-0.135993	0.097051
27161	10.418065	-1.945447	-0.530784	-0.489526	-0.536369	0.355038	0.083422	0.064822	0.994404	-0.136638	0.989201	-0.053021	-0.987102	-0.131451	0.091378
27162	9.941806	-1.557632	-0.509751	-0.324870	-0.488230	0.426019	0.077961	0.068434	0.994605	-0.133823	0.989331	-0.057582	-0.987934	-0.128612	0.086287
27163	9.271976	-1.013313	-0.291896	-0.152690	-0.500558	0.467158	0.072300	0.072385	0.994753	-0.132612	0.989205	-0.062343	-0.988528	-0.127408	0.081118
27164	9.168320	-0.632289	0.053467	-0.060081	-0.533258	0.476822	0.066332	0.076455	0.994864	-0.132397	0.988918	-0.067170	-0.988975	-0.127261	0.075719
27165	9.391809	-0.254091	0.088328	-0.070143	-0.562865	0.447451	0.060078	0.080136	0.994972	-0.131938	0.988664	-0.071661	-0.989436	-0.126969	0.069970
27166	9.790829	0.321917	-0.131151	-0.158237	-0.592729	0.388149	0.053639	0.083256	0.995084	-0.130640	0.988538	-0.075666	-0.989978	-0.125939	0.063901
27167	9.971674	0.649612	-0.134985	-0.265715	-0.600875	0.327546	0.047167	0.085713	0.995203	-0.128137	0.988599	-0.079072	-0.990634	-0.123793	0.057613
27168	9.996385	0.599912	-0.097304	-0.389528	-0.606621	0.285165	0.040732	0.087824	0.995303	-0.124450	0.988819	-0.082159	-0.991389	-0.120519	0.051207
27169	9.876012	0.048363	0.007450	-0.477214	-0.615333	0.266229	0.034206	0.089697	0.995382	-0.119769	0.989155	-0.085020	-0.992212	-0.116308	0.044578
27170	9.802861	-0.752835	0.110061	-0.492069	-0.617341	0.261829	0.027708	0.091615	0.995409	-0.115014	0.989470	-0.087867	-0.992977	-0.112051	0.037954
27171	9.532877	-1.530664	0.076008	-0.428240	-0.605295	0.274570	0.021289	0.093633	0.995379	-0.110787	0.989694	-0.090728	-0.993616	-0.108343	0.031442
27172	9.061121	-2.193259	0.071642	-0.286582	-0.588717	0.291785	0.015056	0.095923	0.995275	-0.108039	0.989716	-0.093752	-0.994033	-0.106117	0.025264
27173	8.964135	-2.782724	0.306358	-0.105063	-0.576323	0.284592	0.008923	0.098102	0.995136	-0.106986	0.989557	-0.096593	-0.994220	-0.105604	0.019325
27174	9.515989	-3.458009	0.672623	0.125353	-0.539748	0.278438	0.003194	0.100315	0.994951	-0.108296	0.989139	-0.099382	-0.994114	-0.107431	0.014023
27175	10.240833	-3.913346	0.877781	0.376413	-0.485788	0.267454	-0.002028	0.102407	0.994740	-0.112022	0.988458	-0.101989	-0.993704	-0.111639	0.009467
27176	10.540548	-3.775945	0.663450	0.566963	-0.436357	0.277845	-0.006745	0.104685	0.994483	-0.117688	0.987511	-0.104749	-0.993028	-0.117745	0.005659
27177	10.374026	-3.220566	0.407561	0.666029	-0.410168	0.296325	-0.011272	0.107103	0.994184	-0.124249	0.986392	-0.107673	-0.992187	-0.124740	0.002188
27178	9.955838	-2.494082	0.168043	0.692812	-0.396310	0.274438	-0.015616	0.109332	0.993883	-0.131128	0.985195	-0.110437	-0.991242	-0.132051	-0.001049
27179	9.627172	-1.564353	-0.169382	0.640552	-0.399588	0.221694	-0.019971	0.110971	0.993623	-0.137416	0.984085	-0.112667	-0.990312	-0.138790	-0.004404
27180	9.542734	-0.822679	-0.479710	0.499394	-0.408393	0.154413	-0.024293	0.111943	0.993418	-0.142371	0.983195	-0.114272	-0.989515	-0.144210	-0.007947
27181	9.528187	-0.518199	-0.517011	0.294576	-0.401241	0.089965	-0.028494	0.112235	0.993273	-0.145273	0.982662	-0.115203	-0.988981	-0.147578	-0.011695
27182	9.479925	-0.687790	-0.483637	0.102137	-0.400558	0.043001	-0.032581	0.112094	0.993163	-0.146314	0.982451	-0.115684	-0.988701	-0.149083	-0.015608
27183	8.653972	-1.128168	-0.757307	-0.034677	-0.404639	0.011144	-0.036700	0.111591	0.993076	-0.145977	0.982488	-0.115796	-0.988607	-0.149216	-0.019768
27184	10.008020	-1.409470	-0.626722	-0.079615	-0.475499	-0.023330	-0.041431	0.110684	0.992992	-0.145244	0.982621	-0.115588	-0.988528	-0.149015	-0.024635
27185	10.138458	-1.389654	-0.813811	-0.091997	-0.410464	0.014245	-0.045613	0.110205	0.992862	-0.144338	0.982740	-0.115713	-0.988477	-0.148586	-0.028919
27186	9.399997	-1.512294	-0.584832	-0.071792	-0.402862	0.053008	-0.049735	0.110159	0.992669	-0.143647	0.982776	-0.116258	-0.988378	-0.148376	-0.033054
27187	9.225521	-1.690380	-0.269687	-0.022495	-0.399878	0.065216	-0.053885	0.110200	0.992448	-0.143401	0.982735	-0.116908	-0.988197	-0.148618	-0.037152
27188	9.552647	-1.923596	0.001036	0.053079	-0.378509	0.066170	-0.057784	0.110316	0.992215	-0.143932	0.982572	-0.117626	-0.987899	-0.149609	-0.040898
27189	9.618403	-2.093228	0.307689	0.107466	-0.335846	0.080719	-0.061322	0.110601	0.991971	-0.144958	0.982318	-0.118486	-0.987536	-0.151060	-0.044205
27190	9.392041	-2.234026	0.554714	0.163535	-0.310098	0.093442	-0.064583	0.111078	0.991711	-0.146557	0.981954	-0.119530	-0.987092	-0.153062	-0.047138
27191	9.207063	-2.353096	0.714276	0.210408	-0.280879	0.099758	-0.067604	0.111625	0.991448	-0.148582	0.981514	-0.120638	-0.986587	-0.155467	-0.049769
27192	9.373546	-2.227619	0.860560	0.253970	-0.253518	0.086592	-0.070298	0.112107	0.991206	-0.151071	0.981007	-0.121668	-0.986020	-0.158295	-0.052027
27193	9.730831	-1.910383	1.036718	0.280873	-0.208442	0.071248	-0.072560	0.112478	0.991001	-0.153807	0.980473	-0.122544	-0.985433	-0.161315	-0.053843
27194	9.924673	-1.254724	1.204387	0.270608	-0.160202	0.049110	-0.074278	0.112728	0.990846	-0.156480	0.979965	-0.123220	-0.984884	-0.164200	-0.055151
27195	10.194360	-0.656876	1.332960	0.212651	-0.129647	0.025516	-0.075689	0.112770	0.990734	-0.158575	0.979578	-0.123615	-0.984441	-0.166462	-0.056261
27196	9.407554	-0.420238	1.371513	0.110545	-0.081679	0.022482	-0.076593	0.112884	0.990652	-0.159689	0.979356	-0.123943	-0.984192	-0.167689	-0.056985
27197	9.477492	-0.312732	1.140480	-0.010949	-0.118467	0.001052	-0.077848	0.112701	0.990575	-0.159601	0.979367	-0.123969	-0.984107	-0.167748	-0.058254
27198	9.430242	-0.400998	0.847263	-0.154153	-0.140689	-0.004725	-0.079289	0.112449	0.990489	-0.158130	0.979617	-0.123873	-0.984230	-0.166448	-0.059891
27199	9.212283	-0.872978	0.358567	-0.314614	-0.189136	0.010464	-0.081249	0.112244	0.990353	-0.155046	0.980119	-0.123804	-0.984561	-0.163609	-0.062231
27200	9.465251	-1.380966	-0.185755	-0.452773	-0.258136	0.011896	-0.083873	0.111974	0.990165	-0.150619	0.980825	-0.123676	-0.985027	-0.159511	-0.065400
27201	9.854512	-1.904453	-0.722322	-0.538434	-0.320156	0.013592	-0.087127	0.111610	0.989925	-0.145324	0.981650	-0.123467	-0.985540	-0.154617	-0.069309
27202	10.119462	-2.126765	-1.179026	-0.606263	-0.358235	0.002860	-0.090726	0.111124	0.989657	-0.139387	0.982556	-0.123105	-0.986073	-0.149114	-0.073654
27203	10.034965	-2.071224	-1.486165	-0.643535	-0.379086	-0.015344	-0.094524	0.110428	0.989379	-0.133076	0.983508	-0.122487	-0.986588	-0.143241	-0.078270
27204	9.544116	-1.981400	-1.651304	-0.635348	-0.397903	-0.044843	-0.098456	0.109460	0.989103	-0.126892	0.984438	-0.121574	-0.987018	-0.137479	-0.083034
27205	9.815155	-1.761753	-1.504003	-0.605216	-0.420016	-0.077702	-0.102588	0.108141	0.988828	-0.121019	0.985332	-0.120314	-0.987335	-0.132010	-0.087996
27206	9.070290	-1.843523	-1.358908	-0.555585	-0.464250	-0.109552	-0.107105	0.106491	0.988528	-0.115690	0.986159	-0.118771	-0.987494	-0.127083	-0.093303
27207	9.380275	-2.060531	-1.061191	-0.524677	-0.525788	-0.148617	-0.112213	0.104384	0.988186	-0.110696	0.986964	-0.116825	-0.987499	-0.122497	-0.099195
27208	9.729621	-2.434470	-0.831499	-0.511765	-0.531853	-0.152684	-0.117362	0.102269	0.987809	-0.105859	0.987728	-0.114838	-0.987431	-0.118046	-0.105095
27209	9.609549	-3.091989	-0.660727	-0.499026	-0.532810	-0.155381	-0.122545	0.100136	0.987398	-0.101145	0.988457	-0.112796	-0.987295	-0.113693	-0.111003
27210	10.011221	-3.467074	-0.375504	-0.434807	-0.516935	-0.151115	-0.127561	0.098096	0.986968	-0.097083	0.989084	-0.110854	-0.987068	-0.109958	-0.116645
27211	10.026702	-3.349085	-0.158675	-0.384912	-0.460191	-0.144983	-0.132047	0.096190	0.986565	-0.093504	0.989634	-0.109004	-0.986824	-0.106641	-0.121684
27212	10.211671	-3.077630	0.099382	-0.374079	-0.415356	-0.166583	-0.136054	0.094138	0.986219	-0.090077	0.990177	-0.106942	-0.986598	-0.103385	-0.126238
27213	10.676315	-2.667021	0.323760	-0.396156	-0.356136	-0.216660	-0.139456	0.091663	0.985977	-0.086504	0.990772	-0.104344	-0.986443	-0.099842	-0.130240
27214	10.627169	-2.074187	0.311674	-0.444715	-0.286777	-0.267134	-0.142120	0.088769	0.985861	-0.082534	0.991440	-0.101169	-0.986403	-0.095745	-0.133577
27215	10.619082	-1.740999	0.384428	-0.500509	-0.243820	-0.344756	-0.144323	0.085159	0.985859	-0.078131	0.992199	-0.097145	-0.986441	-0.091046	-0.136543
27216	10.563982	-1.754817	0.574193	-0.557757	-0.194916	-0.420381	-0.145988	0.080849	0.985977	-0.073279	0.993033	-0.092278	-0.986569	-0.085723	-0.139047
27217	10.096330	-2.033170	0.484618	-0.599161	-0.162733	-0.455504	-0.147340	0.076229	0.986144	-0.068079	0.993879	-0.086999	-0.986740	-0.079954	-0.141249
27218	9.701655	-2.103516	0.306074	-0.616296	-0.188515	-0.474346	-0.148951	0.071403	0.986263	-0.062740	0.994698	-0.081489	-0.986852	-0.074016	-0.143681
27219	9.166186	-2.063717	-0.021249	-0.605036	-0.252493	-0.505299	-0.151202	0.066240	0.986281	-0.057574	0.995468	-0.075684	-0.986825	-0.068228	-0.146703
27220	10.278483	-1.915980	-0.011466	-0.580195	-0.319412	-0.540337	-0.154116	0.060687	0.986187	-0.052714	0.996185	-0.069540	-0.986646	-0.062703	-0.150329
27221	10.530759	-1.840472	-0.178835	-0.584452	-0.294034	-0.558076	-0.156795	0.054998	0.986099	-0.047866	0.996852	-0.063209	-0.986471	-0.057111	-0.153669
27222	10.677377	-1.643599	-0.019116	-0.598116	-0.271944	-0.601955	-0.159264	0.048885	0.986025	-0.042957	0.997484	-0.056392	-0.986301	-0.051337	-0.156763
27223	10.770751	-1.280095	0.463017	-0.653136	-0.202706	-0.658269	-0.161052	0.042272	0.986040	-0.037622	0.998093	-0.048934	-0.986229	-0.044978	-0.159154
27224	11.091297	-0.960000	1.082925	-0.721776	-0.114543	-0.713635	-0.161993	0.035137	0.986166	-0.031695	0.998665	-0.040789	-0.986283	-0.037864	-0.160663
27225	11.691848	-0.629033	1.866913	-0.813605	-0.010348	-0.737481	-0.161933	0.027822	0.986410	-0.024919	0.999168	-0.032273	-0.986487	-0.029806	-0.161105
27226	12.335296	-0.333674	2.636446	-0.897381	0.174372	-0.744609	-0.160113	0.020464	0.986886	-0.017302	0.999573	-0.023534	-0.986947	-0.020844	-0.159691
27227	12.413648	-0.180151	3.611774	-0.948028	0.410957	-0.743063	-0.155991	0.013158	0.987671	-0.009172	0.999849	-0.014769	-0.987716	-0.011362	-0.155847
27228	12.282949	-0.398217	5.180438	-0.986906	0.682659	-0.720050	-0.149267	0.006042	0.988778	-0.000557	0.999981	-0.006194	-0.988797	-0.001476	-0.149261
27229	12.702837	-0.765451	6.729452	-1.005953	0.918415	-0.651075	-0.140220	-0.000443	0.990120	0.008398	0.999963	0.001637	-0.990085	0.008544	-0.140211
27230	12.180866	-0.746746	7.077423	-1.045716	1.083989	-0.565222	-0.129612	-0.006203	0.991545	0.017955	0.999802	0.008601	-0.991402	0.018918	-0.129475
27231	12.386385	0.037154	6.243270	-1.059172	1.143038	-0.506495	-0.118377	-0.011480	0.992902	0.027777	0.999504	0.014868	-0.992580	0.029339	-0.117999
27232	11.544142	1.039251	3.988937	-1.046264	1.204044	-0.501608	-0.106640	-0.016866	0.994155	0.037561	0.999074	0.020978	-0.993588	0.039579	-0.105908
27233	11.147731	1.337591	2.150952	-0.975419	1.226441	-0.536182	-0.094643	-0.022703	0.995252	0.046661	0.998540	0.027215	-0.994417	0.049015	-0.093446
27234	11.452776	0.829308	1.206439	-0.864170	1.284913	-0.633804	-0.082239	-0.029670	0.996171	0.054654	0.997918	0.034234	-0.995113	0.057260	-0.080446
27235	12.011898	-0.325238	0.733125	-0.715097	1.503462	-0.735904	-0.067659	-0.037862	0.996990	0.061168	0.997243	0.042022	-0.995832	0.063827	-0.065156
27236	11.405328	-1.575254	0.651304	-0.529869	1.789880	-0.781309	-0.050380	-0.046790	0.997634	0.065941	0.996567	0.050069	-0.996551	0.068308	-0.047121
27237	10.443314	-2.599832	0.620924	-0.234730	2.045735	-0.730091	-0.030430	-0.055409	0.998000	0.067930	0.996039	0.057372	-0.997226	0.069540	-0.026546
27238	9.274323	-3.096203	0.546524	0.177313	2.182215	-0.623638	-0.009135	-0.063060	0.997968	0.065992	0.995796	0.063527	-0.997778	0.066438	-0.004935
27239	8.323774	-3.352340	0.393738	0.657040	2.159697	-0.458991	0.012177	-0.068904	0.997549	0.059377	0.995912	0.068066	-0.998161	0.058403	0.016219
27240	8.395591	-3.182602	-0.057149	1.038121	2.022704	-0.258743	0.032173	-0.072501	0.996849	0.049024	0.996280	0.070877	-0.998279	0.046590	0.035607
27241	9.630509	-2.365308	-0.457091	1.286200	1.831111	-0.082372	0.050462	-0.073958	0.995984	0.036146	0.996736	0.072182	-0.998072	0.032358	0.052971
27242	11.098801	-1.371149	-0.992965	1.377324	1.654008	0.040026	0.066921	-0.073929	0.995016	0.022330	0.997112	0.072582	-0.997508	0.017362	0.068378
27243	12.103200	-0.482303	-1.407989	1.330968	1.530134	0.157825	0.082243	-0.072416	0.993978	0.008862	0.997370	0.071930	-0.996573	0.002893	0.082668
27244	11.898916	0.202660	-1.251928	1.223504	1.451451	0.213725	0.096646	-0.070190	0.992841	-0.003565	0.997480	0.070865	-0.995312	-0.010388	0.096152
27245	10.762603	0.396543	-0.944463	1.104725	1.350040	0.196331	0.110076	-0.067913	0.991600	-0.014673	0.997443	0.069943	-0.993815	-0.022249	0.108798
27246	9.777530	0.692177	-0.852990	0.973809	1.221164	0.131530	0.122118	-0.066227	0.990304	-0.024547	0.997265	0.069720	-0.992212	-0.032823	0.120159
27247	9.489762	1.420145	-1.145771	0.849822	1.130813	0.063285	0.133324	-0.065081	0.988933	-0.032961	0.996998	0.070055	-0.990524	-0.041937	0.130778
27248	9.388931	2.270964	-1.753409	0.701400	1.074279	0.046140	0.143879	-0.064091	0.987518	-0.040018	0.996707	0.070518	-0.988786	-0.049665	0.140841
27249	9.598623	2.895587	-2.099180	0.492836	1.052583	0.059956	0.154258	-0.062858	0.986029	-0.044913	0.996497	0.070552	-0.987009	-0.055168	0.150895
27250	9.828945	3.022573	-2.042946	0.274770	1.051876	0.062219	0.164543	-0.061603	0.984444	-0.047773	0.996379	0.070335	-0.985212	-0.058603	0.161004
27251	9.848030	2.598471	-1.646965	0.106468	1.062490	0.054817	0.174969	-0.060353	0.982722	-0.048849	0.996358	0.069888	-0.983361	-0.060234	0.171384
27252	9.528227	1.707712	-1.212681	-0.023997	1.062065	0.034934	0.185327	-0.059326	0.980884	-0.048729	0.996393	0.069471	-0.981468	-0.060673	0.181767
27253	9.592590	0.771250	-0.825879	-0.093664	1.070399	0.047179	0.195787	-0.058142	0.978921	-0.047864	0.996484	0.068758	-0.979478	-0.060317	0.192316
27254	9.589256	-0.077196	-0.701110	-0.066997	1.117084	0.124654	0.206597	-0.056189	0.976811	-0.047513	0.996596	0.067377	-0.977272	-0.060331	0.203224
27255	9.433067	-0.565358	-0.407224	0.032744	1.166641	0.222714	0.217856	-0.053199	0.974530	-0.048244	0.996706	0.065195	-0.974788	-0.061219	0.214572
27256	9.361440	-0.824665	-0.164176	0.165058	1.201313	0.328070	0.229329	-0.049143	0.972108	-0.050639	0.996770	0.062336	-0.972031	-0.063522	0.226100
27257	9.253627	-0.711130	0.154386	0.254610	1.232542	0.418994	0.241045	-0.044100	0.969511	-0.054056	0.996806	0.058782	-0.969007	-0.066577	0.237892
27258	9.301266	-0.319706	0.456768	0.264368	1.238291	0.498570	0.252687	-0.038250	0.966792	-0.057899	0.996830	0.054572	-0.965814	-0.069766	0.249671
27259	9.459960	-0.075709	0.669910	0.202604	1.226289	0.564213	0.264143	-0.031688	0.963963	-0.061294	0.996888	0.049566	-0.962534	-0.072177	0.261379
27260	9.541429	-0.034678	0.844478	0.121555	1.209858	0.608741	0.275328	-0.024700	0.961033	-0.064159	0.996969	0.044005	-0.959207	-0.073775	0.272909
27261	9.764244	-0.114461	1.055116	0.032188	1.202201	0.640275	0.286387	-0.017361	0.957957	-0.066240	0.997085	0.037873	-0.955822	-0.074302	0.284402
27262	9.671872	-0.258639	1.303064	-0.077162	1.219272	0.686007	0.297502	-0.009583	0.954673	-0.067563	0.997231	0.031064	-0.952328	-0.073742	0.296031
27263	9.216367	-0.597814	1.577666	-0.152376	1.227214	0.748346	0.308620	-0.001151	0.951185	-0.068403	0.997383	0.023401	-0.948723	-0.072286	0.307734
27264	8.611215	-0.841317	1.897353	-0.199897	1.202892	0.816443	0.319391	0.007886	0.947590	-0.069131	0.997495	0.014999	-0.945098	-0.070298	0.319136
27265	8.129284	-1.004748	2.169665	-0.227998	1.146131	0.880405	0.329550	0.017535	0.943975	-0.069860	0.997540	0.005859	-0.941550	-0.067877	0.329964
27266	7.788412	-1.148579	2.450921	-0.236098	1.047287	0.931414	0.338680	0.027559	0.940498	-0.070810	0.997483	-0.003730	-0.938233	-0.065333	0.339779
27267	7.642399	-1.198128	2.660779	-0.209454	0.916701	0.957582	0.346541	0.037778	0.937274	-0.072168	0.997301	-0.013515	-0.935255	-0.062958	0.348332
27268	7.654446	-1.191963	2.751778	-0.149844	0.781935	0.968697	0.353077	0.047959	0.934364	-0.074215	0.996974	-0.023129	-0.932646	-0.061178	0.355568
27269	7.613027	-1.221389	2.870781	-0.065736	0.657606	0.950025	0.358441	0.057913	0.931754	-0.077036	0.996505	-0.032303	-0.930368	-0.060200	0.361650
