// General information: 
//  MT Manager version: 2022.2.0 
//  XDA version: 2022.2.0 build 7381 rev 124627 built on 2023-07-19
// Device information: 
//  DeviceId: 00B4CB9F
//  ProductCode: MTW2-3A7G6
//  Firmware Version: 4.6.0
//  Hardware Version: 2.0.0
// Device settings: 
//  Filter Profile: human(46.1)
//  Option Flags: Orientation Smoother Disabled, Position/Velocity Smoother Disabled, Continuous Zero Rotation Update Disabled, AHS Disabled, ICC Disabled
// Coordinate system: ENU
PacketCounter	Acc_X	Acc_Y	Acc_Z	Gyr_X	Gyr_Y	Gyr_Z	Mat[1][1]	Mat[2][1]	Mat[3][1]	Mat[1][2]	Mat[2][2]	Mat[3][2]	Mat[1][3]	Mat[2][3]	Mat[3][3]
25017	9.715301	0.109629	-0.298608	-0.074577	0.028500	-0.019143	-0.032961	0.002293	0.999454	0.224245	-0.974485	0.009632	0.973975	0.224440	0.031606
25018	9.706149	0.057801	-0.296388	-0.060062	0.024991	-0.017459	-0.033177	0.002381	0.999447	0.223701	-0.974609	0.009748	0.974093	0.223900	0.031802
25019	9.799921	0.020732	-0.253120	-0.050538	0.027731	-0.009696	-0.033406	0.002393	0.999439	0.223251	-0.974712	0.009796	0.974188	0.223453	0.032027
25020	9.773186	-0.052205	-0.170148	-0.041356	0.037334	-0.003859	-0.033712	0.002321	0.999429	0.222894	-0.974794	0.009782	0.974260	0.223096	0.032345
25021	9.794765	-0.077796	-0.123480	-0.019996	0.042977	-0.008632	-0.034086	0.002288	0.999416	0.222742	-0.974828	0.009828	0.974281	0.222947	0.032718
25022	9.821305	-0.126709	-0.050836	0.001133	0.056235	-0.003440	-0.034575	0.002169	0.999400	0.222799	-0.974815	0.009824	0.974251	0.223005	0.033221
25023	9.846689	-0.119637	-0.067541	0.019233	0.058956	0.001285	-0.035082	0.002004	0.999382	0.223034	-0.974762	0.009784	0.974179	0.223239	0.033750
25024	9.863508	-0.079083	-0.003228	0.051023	0.059911	0.004584	-0.035589	0.001799	0.999365	0.223579	-0.974637	0.009717	0.974036	0.223783	0.034284
25025	9.952708	-0.007143	0.100212	0.077273	0.066334	0.006107	-0.036156	0.001570	0.999345	0.224381	-0.974454	0.009649	0.973831	0.224583	0.034881
25026	9.722248	0.042285	0.127393	0.095512	0.068473	0.013212	-0.036727	0.001260	0.999325	0.225363	-0.974229	0.009511	0.973582	0.225560	0.035496
25027	9.835170	0.098234	0.306737	0.112621	0.065293	0.008866	-0.037277	0.001005	0.999304	0.226508	-0.973964	0.009429	0.973296	0.226702	0.036079
25028	9.912226	0.106054	0.377642	0.119781	0.078370	0.012385	-0.037945	0.000680	0.999280	0.227726	-0.973681	0.009310	0.972986	0.227915	0.036792
25029	9.938070	0.056076	0.453575	0.122285	0.080646	0.013354	-0.038634	0.000345	0.999253	0.228966	-0.973391	0.009189	0.972668	0.229150	0.037527
25030	10.029181	-0.048917	0.561654	0.142895	0.097457	0.003968	-0.039506	0.000057	0.999219	0.230404	-0.973052	0.009165	0.972293	0.230586	0.038429
25031	10.101636	-0.216195	0.712115	0.166340	0.118515	-0.001430	-0.040597	-0.000225	0.999176	0.232067	-0.972656	0.009210	0.971852	0.232249	0.039539
25032	10.096840	-0.535578	0.811734	0.207500	0.142313	0.001878	-0.041908	-0.000601	0.999121	0.234131	-0.972161	0.009236	0.971301	0.234312	0.040882
25033	10.061073	-0.738673	0.860717	0.271259	0.150605	0.008650	-0.043285	-0.001061	0.999062	0.236815	-0.971511	0.009228	0.970590	0.236992	0.042303
25034	10.248246	-0.757027	1.036738	0.346313	0.172919	-0.001907	-0.044900	-0.001481	0.998990	0.240221	-0.970673	0.009358	0.969679	0.240398	0.043939
25035	10.109882	-0.559912	1.445122	0.392026	0.270211	-0.019348	-0.047501	-0.001970	0.998869	0.244059	-0.969712	0.009694	0.968596	0.244244	0.046543
25036	10.042353	-0.457793	1.944610	0.397002	0.356273	-0.043882	-0.050990	-0.002446	0.998696	0.247928	-0.968724	0.010285	0.967436	0.248129	0.050002
25037	10.311010	-0.384579	2.569866	0.377800	0.433894	-0.058550	-0.055267	-0.002986	0.998467	0.251597	-0.967769	0.011032	0.966253	0.251821	0.054237
25038	10.749750	-0.285424	2.986625	0.368832	0.521394	-0.041112	-0.060339	-0.003936	0.998170	0.255183	-0.966823	0.011614	0.965008	0.255416	0.059341
25039	10.531454	-0.235963	3.067119	0.370391	0.653254	-0.031289	-0.066656	-0.005336	0.997762	0.258781	-0.965860	0.012123	0.963633	0.259010	0.065761
25040	10.238045	-0.247288	3.275471	0.407345	0.782833	-0.068662	-0.074305	-0.006740	0.997213	0.262703	-0.964788	0.013054	0.962011	0.262941	0.073459
25041	9.976119	-0.099249	3.638771	0.451489	0.913533	-0.125940	-0.083357	-0.007970	0.996488	0.266990	-0.963588	0.014627	0.960087	0.267272	0.082449
25042	9.804141	0.007110	3.952081	0.482309	1.041142	-0.197257	-0.093805	-0.008900	0.995551	0.271489	-0.962292	0.016978	0.957859	0.271874	0.092684
25043	9.742625	0.227300	4.343130	0.492579	1.146567	-0.271766	-0.105457	-0.009454	0.994379	0.275979	-0.960953	0.020132	0.955361	0.276551	0.103948
25044	9.527567	0.398783	4.595195	0.518933	1.200474	-0.335689	-0.117776	-0.009603	0.992994	0.280604	-0.959523	0.024003	0.952570	0.281465	0.115703
25045	9.404388	0.689632	4.747069	0.538146	1.217634	-0.360843	-0.130321	-0.009624	0.991425	0.285323	-0.958016	0.028205	0.949530	0.286552	0.127596
25046	9.053959	0.933349	4.719686	0.549438	1.160604	-0.361683	-0.142296	-0.009540	0.989778	0.290089	-0.956448	0.032486	0.946362	0.291746	0.138866
25047	9.150346	1.137274	4.409920	0.529301	1.059147	-0.338992	-0.153239	-0.009440	0.988144	0.294639	-0.954909	0.036569	0.943242	0.296749	0.149111
25048	9.571781	1.445000	3.935698	0.475468	1.002862	-0.306289	-0.163525	-0.009537	0.986493	0.298682	-0.953502	0.040292	0.940239	0.301236	0.158770
25049	9.892060	1.582168	3.654778	0.344127	0.979742	-0.272423	-0.173491	-0.009930	0.984785	0.301503	-0.952472	0.043512	0.937548	0.304465	0.168239
25050	10.075974	1.564723	3.560086	0.208733	0.960313	-0.248147	-0.183165	-0.010521	0.983026	0.303066	-0.951845	0.046283	0.935201	0.306399	0.177534
25051	9.921741	1.389385	3.632960	0.063936	0.912304	-0.246665	-0.192389	-0.010992	0.981257	0.303250	-0.951661	0.048795	0.933288	0.306954	0.186422
25052	9.466178	1.311069	3.551469	-0.079014	0.783581	-0.263727	-0.200427	-0.010905	0.979648	0.302047	-0.951917	0.051200	0.931985	0.306161	0.194084
25053	9.651956	1.432597	3.338707	-0.216248	0.626076	-0.302462	-0.207124	-0.009956	0.978264	0.299466	-0.952594	0.053710	0.931354	0.304081	0.200286
25054	9.937596	1.546950	2.738946	-0.351362	0.533869	-0.317961	-0.212975	-0.008561	0.977020	0.295578	-0.953672	0.056075	0.931276	0.300728	0.205638
25055	10.439637	1.423142	2.052439	-0.458653	0.480550	-0.293202	-0.218265	-0.007218	0.975863	0.290723	-0.955050	0.057960	0.931579	0.296357	0.210553
25056	10.662225	1.047104	1.507249	-0.569573	0.446506	-0.231590	-0.223026	-0.006337	0.974792	0.284957	-0.956724	0.058977	0.932233	0.290927	0.215180
25057	10.860789	0.448144	1.225293	-0.700680	0.419476	-0.128283	-0.227255	-0.006336	0.973815	0.278183	-0.958734	0.058681	0.933257	0.284234	0.219640
25058	10.985678	-0.621083	1.100815	-0.755984	0.431756	0.019034	-0.231168	-0.007752	0.972883	0.271220	-0.960841	0.056789	0.934345	0.276993	0.224218
25059	10.542335	-1.455378	0.869805	-0.756139	0.460277	0.157972	-0.235002	-0.010552	0.971938	0.264571	-0.962880	0.053516	0.935295	0.269723	0.229070
25060	9.859642	-2.024828	0.160323	-0.717548	0.475269	0.258843	-0.238706	-0.014336	0.970986	0.258524	-0.964745	0.049311	0.936047	0.262794	0.233997
25061	9.175469	-2.027246	-0.224016	-0.575345	0.498058	0.311909	-0.242522	-0.018667	0.969966	0.253940	-0.966177	0.044899	0.936321	0.257202	0.239059
25062	8.603191	-1.487779	-0.654766	-0.401712	0.489357	0.324262	-0.246219	-0.023075	0.968939	0.251025	-0.967122	0.040757	0.936142	0.253263	0.243916
25063	8.320493	-0.620476	-0.878804	-0.220542	0.467237	0.301634	-0.249786	-0.027198	0.967919	0.249762	-0.967590	0.037267	0.935535	0.251058	0.248483
25064	8.294026	0.174904	-0.688798	-0.088806	0.413590	0.274806	-0.252902	-0.030918	0.966998	0.249677	-0.967720	0.034358	0.934720	0.250126	0.252458
25065	8.363622	0.370270	-0.334084	-0.009843	0.353036	0.244973	-0.255535	-0.034198	0.966195	0.250261	-0.967651	0.031939	0.933848	0.249962	0.255827
25066	8.359806	0.102831	-0.018295	0.060428	0.301653	0.243269	-0.257675	-0.037331	0.965510	0.251503	-0.967400	0.029717	0.932925	0.250486	0.258664
25067	8.288028	-0.431088	0.246933	0.121490	0.257826	0.276862	-0.259325	-0.040682	0.964933	0.253405	-0.966974	0.027335	0.931953	0.251608	0.261070
25068	8.350041	-1.007497	0.231771	0.188072	0.233166	0.351695	-0.260536	-0.044695	0.964429	0.256126	-0.966335	0.024408	0.930871	0.253374	0.263212
25069	8.261666	-1.462330	0.593257	0.241639	0.212671	0.435211	-0.261335	-0.049466	0.963980	0.259563	-0.965502	0.020824	0.929694	0.255655	0.265159
25070	8.433743	-1.935236	1.227039	0.279360	0.211315	0.526872	-0.261855	-0.055117	0.963532	0.263591	-0.964494	0.016463	0.928414	0.258289	0.267086
25071	8.665252	-2.147634	1.686847	0.329191	0.229344	0.634990	-0.262235	-0.061861	0.963019	0.268363	-0.963253	0.011201	0.926938	0.261376	0.269200
25072	8.851956	-2.207143	2.331033	0.426666	0.299190	0.740501	-0.262930	-0.069799	0.962287	0.274312	-0.961627	0.005200	0.924998	0.265334	0.271988
25073	8.772620	-2.221930	3.074177	0.546546	0.363805	0.815276	-0.263965	-0.078634	0.961322	0.281563	-0.959542	-0.001175	0.922521	0.270363	0.275426
25074	8.605631	-2.190945	3.760285	0.693141	0.426730	0.849152	-0.265401	-0.087961	0.960117	0.290248	-0.956922	-0.007436	0.919412	0.276699	0.279499
25075	8.447352	-1.968966	4.460705	0.855698	0.472232	0.857033	-0.267143	-0.097503	0.958712	0.300437	-0.953709	-0.013278	0.915627	0.284485	0.284070
25076	8.419639	-1.464489	5.115211	1.017061	0.492711	0.840591	-0.269003	-0.106950	0.957183	0.312034	-0.949892	-0.018442	0.911193	0.293712	0.288896
25077	8.399243	-0.508123	5.960913	1.134733	0.500983	0.800756	-0.270947	-0.116066	0.955571	0.324562	-0.945589	-0.022825	0.906227	0.303958	0.293875
25078	8.106914	0.735771	6.946895	1.164279	0.491331	0.737350	-0.272881	-0.124561	0.953950	0.337141	-0.941083	-0.026440	0.901039	0.314401	0.298798
25079	7.932767	2.166509	8.158044	1.095986	0.500603	0.624448	-0.275181	-0.132051	0.952280	0.348754	-0.936762	-0.029120	0.895905	0.324099	0.303832
25080	8.151824	3.500918	9.413333	0.910290	0.544927	0.450767	-0.278389	-0.138072	0.950492	0.358189	-0.933146	-0.030642	0.891179	0.331926	0.309234
25081	8.220264	4.592329	9.653166	0.637073	0.624976	0.221793	-0.283094	-0.142256	0.948484	0.364530	-0.930682	-0.030785	0.887116	0.337036	0.315327
25082	7.939971	5.009761	9.243845	0.218554	0.686724	0.009091	-0.289076	-0.144677	0.946311	0.366545	-0.929910	-0.030198	0.884353	0.338136	0.321845
25083	8.160650	4.970985	8.597592	-0.321668	0.691438	-0.123712	-0.295594	-0.145874	0.944111	0.363394	-0.931149	-0.030095	0.883498	0.334188	0.328252
25084	8.624444	4.540595	7.851007	-0.859348	0.670947	-0.209787	-0.302213	-0.146148	0.941970	0.355224	-0.934268	-0.030987	0.884581	0.325246	0.334263
25085	8.742744	3.610221	6.689398	-1.262349	0.626110	-0.265488	-0.308647	-0.145682	0.939954	0.343285	-0.938660	-0.032759	0.887070	0.312561	0.339725
25086	8.746297	2.465747	5.450209	-1.445673	0.556217	-0.271392	-0.314437	-0.144847	0.938162	0.329646	-0.943449	-0.035178	0.890204	0.298201	0.344404
25087	8.614693	1.237427	4.477116	-1.416231	0.474368	-0.230605	-0.319377	-0.144070	0.936612	0.316341	-0.947887	-0.037935	0.893268	0.284173	0.348308
25088	8.731354	0.095585	3.930540	-1.209504	0.418291	-0.156677	-0.323540	-0.143768	0.935229	0.305073	-0.951458	-0.040723	0.895685	0.272138	0.351694
25089	8.750878	-0.826706	3.612810	-0.840380	0.438794	-0.056090	-0.327607	-0.144432	0.933709	0.297414	-0.953772	-0.043183	0.896782	0.263551	0.355419
25090	8.212034	-1.513682	3.044506	-0.451712	0.479144	0.067787	-0.331638	-0.146354	0.931985	0.293643	-0.954834	-0.045452	0.896543	0.258597	0.359635
25091	7.341926	-1.958144	2.506762	-0.097411	0.441481	0.191582	-0.334997	-0.149346	0.930308	0.293464	-0.954784	-0.047601	0.895352	0.257066	0.363678
25092	6.454591	-2.048010	2.065752	0.217829	0.324534	0.307451	-0.336928	-0.153141	0.928993	0.296501	-0.953739	-0.049685	0.893625	0.258707	0.366748
25093	5.374012	-1.841177	1.064490	0.384686	0.042563	0.386578	-0.336118	-0.156962	0.928648	0.301293	-0.952119	-0.051878	0.892327	0.262358	0.367316
25094	5.228844	-1.650311	0.029770	0.401795	-0.324993	0.385227	-0.331983	-0.159790	0.929653	0.306220	-0.950427	-0.054008	0.892198	0.266749	0.364456
25095	5.962092	-1.294318	-0.789760	0.344305	-0.663511	0.324532	-0.325021	-0.161114	0.931882	0.310416	-0.948962	-0.055800	0.893310	0.271135	0.358445
25096	7.165340	-0.584790	-0.896083	0.277275	-0.908594	0.242532	-0.316073	-0.160954	0.934982	0.313729	-0.947794	-0.057103	0.895362	0.275282	0.350068
25097	7.911024	0.083017	-0.229645	0.203879	-1.088298	0.190259	-0.305674	-0.159766	0.938636	0.316204	-0.946904	-0.058199	0.898097	0.279010	0.339963
25098	8.887877	0.736726	1.142395	0.146760	-1.205454	0.149904	-0.294288	-0.157823	0.942596	0.318028	-0.946235	-0.059141	0.901251	0.282368	0.328657
25099	12.039114	1.124428	4.112758	0.058293	-1.119000	0.115228	-0.283776	-0.155764	0.946155	0.318942	-0.945869	-0.060058	0.904294	0.284726	0.318095
25100	16.269108	0.226360	7.824001	0.067330	-0.742469	0.106530	-0.276648	-0.154672	0.948442	0.319904	-0.945492	-0.060879	0.906161	0.286568	0.311049
25101	17.057836	-1.296956	7.579948	0.151932	-0.420509	0.210521	-0.272119	-0.155475	0.949620	0.321913	-0.944709	-0.062425	0.906820	0.288708	0.307123
25102	14.523362	-1.571573	4.546206	0.226623	-0.628152	0.342770	-0.265245	-0.156909	0.951328	0.324943	-0.943496	-0.065018	0.907776	0.291882	0.301244
25103	12.658708	-0.132251	3.169670	0.270419	-0.847081	0.462651	-0.255996	-0.158804	0.953545	0.328660	-0.941951	-0.068638	0.909092	0.295821	0.293328
25104	9.426657	2.281911	0.707947	0.221112	-0.834323	0.566516	-0.246467	-0.161674	0.955571	0.332147	-0.940365	-0.073431	0.910457	0.299292	0.285468
25105	7.297869	4.855056	-1.441407	0.035589	-0.863016	0.546674	-0.236738	-0.164241	0.957591	0.333846	-0.939347	-0.078578	0.912415	0.301085	0.277211
25106	7.278142	6.523616	-1.477716	-0.268990	-0.941958	0.400064	-0.226729	-0.165188	0.959847	0.332367	-0.939476	-0.083173	0.915492	0.300164	0.267909
25107	8.772959	6.738510	-0.428221	-0.701657	-1.075795	0.195668	-0.216167	-0.163839	0.962512	0.326412	-0.941224	-0.086908	0.920178	0.295388	0.256941
25108	10.719071	4.659504	0.024963	-1.334296	-1.220106	0.057992	-0.204644	-0.160868	0.965527	0.314262	-0.944981	-0.090836	0.927017	0.284839	0.243940
25109	11.174211	1.232730	-0.515053	-1.845844	-1.243071	0.059617	-0.192844	-0.157998	0.968425	0.297244	-0.949984	-0.095798	0.935124	0.269385	0.230163
25110	10.838403	-1.947412	-0.680499	-1.928939	-1.232217	0.169307	-0.180717	-0.156415	0.971018	0.279497	-0.954737	-0.101775	0.942986	0.253005	0.216255
25111	9.973023	-4.368786	-0.429184	-1.701952	-1.258370	0.297546	-0.167954	-0.156178	0.973345	0.263959	-0.958441	-0.108240	0.949798	0.238744	0.202199
25112	9.365911	-5.472866	-0.309331	-1.331036	-1.255326	0.392702	-0.154917	-0.157042	0.975366	0.251965	-0.960915	-0.114696	0.955256	0.227990	0.188431
25113	8.572568	-5.628892	-0.486223	-0.858089	-1.135914	0.422364	-0.142948	-0.158565	0.976946	0.244431	-0.962163	-0.120401	0.959072	0.221585	0.176297
25114	8.390699	-5.077600	-0.040373	-0.349977	-1.063382	0.407825	-0.131679	-0.160168	0.978267	0.241681	-0.962269	-0.125017	0.961380	0.219967	0.165420
25115	9.251811	-4.458054	0.755503	0.066298	-1.024764	0.365695	-0.120885	-0.161438	0.979451	0.242831	-0.961519	-0.128512	0.962507	0.222306	0.155435
25116	9.774957	-4.073515	1.410269	0.326740	-0.962359	0.311200	-0.110793	-0.162292	0.980503	0.246387	-0.960264	-0.131101	0.962818	0.227058	0.146377
25117	9.806236	-3.702302	2.114978	0.546483	-0.946401	0.275655	-0.100944	-0.162776	0.981486	0.251989	-0.958540	-0.133054	0.962451	0.233893	0.137776
25118	9.896989	-2.672379	1.937780	0.624795	-0.978530	0.237648	-0.090855	-0.162751	0.982475	0.258277	-0.956650	-0.134588	0.961789	0.241523	0.128952
25119	9.751568	-1.402189	1.855598	0.543233	-0.990773	0.180021	-0.080807	-0.162066	0.983466	0.263704	-0.955009	-0.135709	0.961213	0.248378	0.119909
25120	9.379222	-0.341601	2.007093	0.410884	-0.970166	0.155380	-0.071003	-0.161136	0.984375	0.267819	-0.953708	-0.136798	0.960849	0.253921	0.110871
25121	9.361176	0.145932	2.096920	0.162652	-0.979275	0.137932	-0.061170	-0.159970	0.985225	0.269522	-0.953053	-0.138012	0.961050	0.257097	0.101414
25122	9.213314	-0.386190	1.754984	-0.105365	-0.978024	0.098011	-0.051435	-0.158410	0.986033	0.268611	-0.953150	-0.139115	0.961874	0.257704	0.091576
25123	9.621884	-1.407851	0.843105	-0.337850	-1.004676	0.041614	-0.041603	-0.156245	0.986842	0.265426	-0.953935	-0.139845	0.963233	0.256116	0.081158
25124	10.064915	-2.020580	0.359307	-0.384876	-1.018785	0.008815	-0.031692	-0.153754	0.987601	0.261766	-0.954885	-0.140261	0.964611	0.254075	0.070509
25125	9.941387	-1.890598	0.163052	-0.338086	-1.010763	0.026515	-0.021816	-0.151468	0.988221	0.258557	-0.955684	-0.140773	0.965750	0.252441	0.060012
25126	9.945773	-1.389384	0.092294	-0.343854	-0.990420	0.042582	-0.012069	-0.149407	0.988702	0.255288	-0.956467	-0.141420	0.966790	0.250697	0.049685
25127	9.290546	-1.095286	0.078161	-0.385450	-0.959599	0.034239	-0.002648	-0.147361	0.989079	0.251608	-0.957361	-0.141961	0.967826	0.248485	0.039612
25128	9.317635	-1.160503	0.275947	-0.387256	-0.952386	-0.010518	0.006615	-0.144928	0.989420	0.247904	-0.958317	-0.142030	0.968762	0.246221	0.029589
25129	9.378883	-1.268192	0.502549	-0.369689	-0.927061	-0.036472	0.015561	-0.142327	0.989697	0.244371	-0.959259	-0.141792	0.969557	0.244060	0.019853
25130	9.396728	-1.498377	0.738944	-0.316194	-0.892984	-0.035217	0.024203	-0.139842	0.989878	0.241356	-0.960061	-0.141531	0.970135	0.242338	0.010515
25131	9.624454	-1.739749	1.022062	-0.241039	-0.876711	-0.032329	0.032683	-0.137433	0.989972	0.239071	-0.960672	-0.141258	0.970452	0.241291	0.001458
25132	9.858510	-1.775983	1.332776	-0.204723	-0.805674	-0.020706	0.040520	-0.135318	0.989973	0.237136	-0.961177	-0.141088	0.970631	0.240475	-0.006859
25133	9.917523	-1.652696	1.626828	-0.196949	-0.744725	0.003169	0.047807	-0.133582	0.989884	0.235267	-0.961629	-0.141132	0.970754	0.239634	-0.014545
25134	9.711387	-1.331738	1.692787	-0.227223	-0.679166	0.022970	0.054521	-0.132205	0.989722	0.233093	-0.962125	-0.141359	0.970925	0.238404	-0.021640
25135	9.813208	-0.804022	1.740441	-0.308130	-0.638843	0.019154	0.060818	-0.130896	0.989529	0.230134	-0.962816	-0.141506	0.971257	0.236330	-0.028433
25136	9.705351	-0.622236	1.680475	-0.422461	-0.576213	-0.011556	0.066456	-0.129457	0.989356	0.226080	-0.963806	-0.141300	0.971839	0.233064	-0.034783
25137	9.658690	-0.735519	1.501354	-0.558467	-0.535181	-0.054833	0.071584	-0.127716	0.989224	0.220732	-0.965150	-0.140581	0.972704	0.228416	-0.040898
25138	9.378148	-1.216184	1.257704	-0.659828	-0.495316	-0.109530	0.076233	-0.125567	0.989152	0.214434	-0.966761	-0.139251	0.973759	0.222723	-0.046773
25139	9.408213	-1.735417	0.926465	-0.705846	-0.454977	-0.140547	0.080414	-0.123232	0.989115	0.207710	-0.968472	-0.137547	0.974880	0.216510	-0.052282
25140	9.463605	-1.919989	0.203276	-0.696672	-0.434278	-0.145177	0.084419	-0.120925	0.989066	0.201077	-0.970121	-0.135771	0.975931	0.210340	-0.057581
25141	9.343648	-1.681164	-0.743851	-0.658244	-0.471525	-0.122602	0.088824	-0.118781	0.988939	0.194799	-0.971619	-0.134197	0.976813	0.204565	-0.063164
25142	8.891515	-1.263067	-1.539427	-0.656540	-0.554059	-0.104217	0.094104	-0.116678	0.988702	0.188521	-0.973052	-0.132774	0.977550	0.198886	-0.069572
25143	9.070829	-1.199444	-2.021270	-0.679800	-0.732844	-0.136477	0.101061	-0.113939	0.988334	0.182050	-0.974529	-0.130962	0.978082	0.193162	-0.077744
25144	9.480377	-1.314628	-2.251150	-0.722408	-0.795363	-0.145446	0.108647	-0.111036	0.987860	0.175177	-0.976052	-0.128976	0.978524	0.187063	-0.086594
25145	9.338974	-2.106580	-2.259514	-0.779074	-0.875284	-0.153178	0.116996	-0.107959	0.987247	0.167767	-0.977639	-0.126790	0.978860	0.180461	-0.096268
25146	9.418027	-2.941241	-2.090133	-0.766169	-0.906727	-0.159190	0.125675	-0.104823	0.986518	0.160501	-0.979154	-0.124488	0.979002	0.173982	-0.106231
25147	9.572326	-3.687876	-1.902040	-0.682459	-0.943693	-0.169841	0.134692	-0.101573	0.985668	0.154083	-0.980485	-0.122094	0.978834	0.168319	-0.116413
25148	9.688847	-4.225294	-1.578712	-0.549188	-0.964938	-0.174753	0.143934	-0.098285	0.984694	0.148992	-0.981561	-0.119751	0.978307	0.163948	-0.126636
25149	10.170177	-4.309403	-1.219047	-0.429177	-0.987510	-0.170083	0.153387	-0.095044	0.983585	0.145089	-0.982410	-0.117556	0.977457	0.160739	-0.136899
25150	10.162030	-3.822399	-0.956536	-0.324121	-0.977589	-0.209634	0.162699	-0.091453	0.982428	0.142293	-0.983112	-0.115082	0.976361	0.158517	-0.146938
25151	10.500550	-2.783860	-0.294298	-0.225822	-0.934969	-0.262145	0.171497	-0.087434	0.981297	0.140568	-0.983691	-0.112213	0.975105	0.157184	-0.156410
25152	10.740792	-1.327361	0.540309	-0.214093	-0.864408	-0.326907	0.179527	-0.082895	0.980254	0.139094	-0.984294	-0.108710	0.973870	0.155864	-0.165177
25153	10.808331	-0.373753	1.436994	-0.306184	-0.772276	-0.410397	0.186522	-0.077694	0.979374	0.136905	-0.985086	-0.104221	0.972865	0.153521	-0.173104
25154	10.765355	0.032759	2.166296	-0.458557	-0.685766	-0.499658	0.192579	-0.071761	0.978654	0.133430	-0.986144	-0.098567	0.972167	0.149564	-0.180336
25155	10.980695	0.242207	2.591690	-0.653855	-0.568798	-0.562331	0.197414	-0.065414	0.978135	0.128210	-0.987479	-0.091915	0.971900	0.143552	-0.186555
25156	11.136239	0.134827	2.835820	-0.860556	-0.429146	-0.581170	0.200923	-0.059104	0.977822	0.121040	-0.989031	-0.084653	0.972100	0.135365	-0.191565
25157	11.552050	0.023656	3.117711	-1.044757	-0.274512	-0.569715	0.202966	-0.053143	0.977743	0.112070	-0.990704	-0.077111	0.972751	0.125226	-0.195123
25158	11.220628	-0.273320	3.208145	-1.204927	-0.140880	-0.514856	0.203849	-0.047903	0.977830	0.101427	-0.992394	-0.069761	0.973734	0.113399	-0.197440
25159	10.616069	-0.483533	2.988903	-1.280653	-0.070793	-0.445701	0.204144	-0.043438	0.977977	0.089897	-0.993962	-0.062913	0.974804	0.100761	-0.199007
25160	10.106634	-0.614594	2.578897	-1.321316	-0.035167	-0.430922	0.204186	-0.039153	0.978149	0.077927	-0.995379	-0.056110	0.975825	0.087681	-0.200192
25161	10.063566	-0.918007	2.059821	-1.414215	-0.028054	-0.470464	0.204151	-0.034484	0.978332	0.065118	-0.996688	-0.048720	0.976771	0.073654	-0.201229
25162	10.850446	-1.526033	1.490136	-1.555379	0.012508	-0.536129	0.203778	-0.029182	0.978582	0.051050	-0.997879	-0.040388	0.977685	0.058186	-0.201856
25163	11.858521	-2.073589	1.201977	-1.604031	0.126385	-0.632782	0.202287	-0.022970	0.979057	0.036681	-0.998846	-0.031013	0.978639	0.042187	-0.201211
25164	12.911821	-2.577594	1.761937	-1.506789	0.339468	-0.729621	0.198803	-0.015836	0.979912	0.023427	-0.999507	-0.020906	0.979759	0.027113	-0.198334
25165	13.111628	-3.055454	2.885594	-1.303940	0.595528	-0.800592	0.192840	-0.008001	0.981198	0.012247	-0.999869	-0.010560	0.981154	0.014054	-0.192717
25166	13.406614	-3.328308	4.603723	-1.050660	0.852035	-0.811146	0.184468	-0.000005	0.982839	0.003499	-0.999994	-0.000662	0.982832	0.003561	-0.184466
25167	12.805849	-3.308276	6.358324	-0.782316	1.150919	-0.765524	0.173155	0.007604	0.984865	-0.002792	-0.999962	0.008212	0.984891	-0.004172	-0.173127
25168	11.507439	-2.772906	7.782805	-0.451948	1.459734	-0.654386	0.158848	0.014199	0.987201	-0.006123	-0.999863	0.015367	0.987284	-0.008486	-0.158739
25169	10.197790	-0.593112	8.098237	-0.070787	1.580166	-0.535046	0.143267	0.019633	0.989489	-0.005977	-0.999768	0.020703	0.989666	-0.008880	-0.143116
25170	8.704927	2.453984	6.353531	0.132460	1.686441	-0.423209	0.126637	0.023958	0.991660	-0.004052	-0.999687	0.024670	0.991941	-0.007143	-0.126500
25171	8.713331	4.512848	3.096407	0.025177	1.693425	-0.419621	0.109837	0.028216	0.993549	-0.003268	-0.999581	0.028749	0.993944	-0.006405	-0.109699
25172	10.596802	5.041028	0.540266	-0.424246	1.800848	-0.571196	0.092008	0.034032	0.995177	-0.006870	-0.999370	0.034811	0.995735	-0.010039	-0.091716
25173	12.146524	4.187579	-0.675468	-0.941414	1.977644	-0.795741	0.072387	0.042219	0.996483	-0.015559	-0.998934	0.043453	0.997255	-0.018650	-0.071653
25174	13.060747	1.137011	-0.704791	-1.323553	2.196703	-0.958569	0.050735	0.052292	0.997342	-0.028132	-0.998157	0.053766	0.998316	-0.030785	-0.049170
25175	12.339114	-2.554938	-0.946823	-1.364534	2.369952	-0.975530	0.027404	0.062851	0.997647	-0.041338	-0.997096	0.063952	0.998769	-0.042994	-0.024726
25176	11.686750	-5.942822	-0.845534	-1.090999	2.319284	-0.832596	0.004686	0.072211	0.997378	-0.052055	-0.996019	0.072357	0.998633	-0.052258	-0.000908
25177	11.844606	-8.169576	-1.437441	-0.591452	2.157903	-0.520598	-0.016577	0.078515	0.996775	-0.057951	-0.995312	0.077436	0.998182	-0.056481	0.021049
25178	12.923630	-9.431663	-2.253406	0.136226	2.073334	-0.098448	-0.037155	0.080590	0.996055	-0.056570	-0.995314	0.078420	0.997707	-0.053433	0.041540
25179	13.679500	-9.119514	-2.706572	1.086151	1.964177	0.308365	-0.056908	0.078387	0.995297	-0.045547	-0.996079	0.075845	0.997340	-0.041016	0.060255
25180	13.989986	-7.498084	-3.047441	1.858106	1.882359	0.632689	-0.075848	0.072623	0.994471	-0.026550	-0.997138	0.070793	0.996766	-0.021034	0.077559
25181	13.942689	-5.559085	-2.947800	2.368151	1.855119	0.757632	-0.094436	0.065158	0.993396	-0.002265	-0.997867	0.065236	0.995528	0.003910	0.094382
25182	13.723013	-3.269481	-2.194713	2.693901	1.831983	0.709435	-0.112514	0.057710	0.991973	0.025311	-0.997822	0.060921	0.993328	0.031962	0.110808
25183	12.794262	-1.460427	-1.508320	2.757381	1.843777	0.609845	-0.130551	0.050707	0.990144	0.053449	-0.996879	0.058100	0.990000	0.060507	0.127434
25184	11.392344	0.158970	-1.508368	2.589216	1.723886	0.458947	-0.147217	0.044827	0.988088	0.079720	-0.995185	0.057026	0.985886	0.087166	0.142935
25185	10.270634	1.629306	-1.769219	2.362354	1.630672	0.314758	-0.162955	0.040014	0.985822	0.103497	-0.992971	0.057412	0.981190	0.111385	0.157668
25186	9.643802	2.831421	-1.474472	2.088309	1.551048	0.245574	-0.177793	0.035652	0.983422	0.124407	-0.990511	0.058400	0.976172	0.132728	0.171671
25187	9.235005	3.471093	-0.912196	1.809684	1.491636	0.243536	-0.191974	0.031065	0.980908	0.142529	-0.988020	0.059185	0.970995	0.151170	0.185247
25188	8.807277	3.382839	-0.384635	1.469338	1.490690	0.296129	-0.205903	0.025746	0.978234	0.157401	-0.985766	0.059075	0.965831	0.166139	0.198920
25189	8.388409	2.360922	-0.230815	1.150376	1.476987	0.354402	-0.219533	0.019660	0.975407	0.169290	-0.983862	0.057933	0.960805	0.177845	0.212662
25190	8.379668	1.096704	-0.159046	0.938044	1.466557	0.433439	-0.232769	0.012692	0.972449	0.179314	-0.982211	0.055741	0.955858	0.187349	0.226352
25191	8.678594	0.078109	-0.047171	0.805704	1.482495	0.527882	-0.245910	0.004621	0.969282	0.188313	-0.980708	0.052451	0.950824	0.195426	0.240296
25192	8.950957	-0.415004	0.031983	0.734140	1.520751	0.598569	-0.259114	-0.004300	0.965837	0.196840	-0.979238	0.048449	0.945576	0.202669	0.254581
25193	9.183283	-0.519296	0.173099	0.681737	1.553306	0.652120	-0.272424	-0.013932	0.962076	0.205056	-0.977765	0.043905	0.940073	0.209240	0.269224
25194	9.592777	-0.404465	0.255101	0.638290	1.571041	0.685665	-0.285652	-0.023992	0.958033	0.213007	-0.976270	0.039062	0.934361	0.215225	0.283984
25195	9.809750	-0.327451	0.503374	0.573999	1.591551	0.719854	-0.298889	-0.034532	0.953663	0.220513	-0.974798	0.033814	0.928461	0.220401	0.298971
25196	9.746851	-0.476888	0.842642	0.494828	1.606079	0.745181	-0.312020	-0.045392	0.948990	0.227424	-0.973387	0.028217	0.922454	0.224628	0.314040
25197	9.559043	-0.811275	1.214006	0.402441	1.601417	0.784105	-0.324908	-0.056692	0.944045	0.233679	-0.972064	0.022050	0.916422	0.227768	0.329079
25198	9.185528	-1.123811	1.418359	0.365106	1.574364	0.856654	-0.337196	-0.068646	0.938928	0.239906	-0.970677	0.015190	0.910354	0.230377	0.343777
25199	8.801687	-1.379848	1.590060	0.368012	1.519469	0.935437	-0.348677	-0.081288	0.933711	0.246511	-0.969109	0.007685	0.904244	0.232850	0.357944
25200	8.532064	-1.324892	1.786721	0.384991	1.465361	1.020622	-0.359267	-0.094626	0.928425	0.253650	-0.967296	-0.000434	0.898103	0.235339	0.371519
25201	8.029215	-1.318909	1.978864	0.400792	1.406722	1.088035	-0.369023	-0.108518	0.923063	0.261259	-0.965227	-0.009028	0.891945	0.237827	0.384542
25202	7.505046	-1.218134	2.037390	0.420405	1.308664	1.115920	-0.377634	-0.122431	0.917825	0.269219	-0.962917	-0.017677	0.885954	0.240421	0.396591
25203	7.227022	-0.984303	2.024210	0.424859	1.163801	1.098691	-0.384876	-0.135860	0.912914	0.277220	-0.960453	-0.026062	0.880352	0.243048	0.407318
25204	7.204199	-0.707132	1.803836	0.433516	0.984681	1.050858	-0.390502	-0.148372	0.908567	0.285157	-0.957882	-0.033865	0.875325	0.245860	0.416364
25205	7.449844	-0.338175	1.594302	0.457155	0.793957	0.978221	-0.394570	-0.159743	0.904874	0.293049	-0.955224	-0.040848	0.870883	0.249055	0.423715
25206	7.847268	0.167405	1.341317	0.475346	0.615822	0.905221	-0.397170	-0.169947	0.901873	0.300820	-0.952521	-0.047015	0.867043	0.252628	0.429436
25207	8.026192	0.485152	1.132936	0.494016	0.489369	0.858682	-0.398750	-0.179408	0.899339	0.308573	-0.949743	-0.052647	0.863586	0.256518	0.434070
25208	7.788340	0.702673	0.911388	0.495638	0.375976	0.819506	-0.399368	-0.188175	0.897271	0.316172	-0.946935	-0.057865	0.860547	0.260583	0.437671
25209	7.445994	0.780112	0.800398	0.495040	0.278459	0.791802	-0.399187	-0.196438	0.895579	0.323648	-0.944090	-0.062819	0.857847	0.264775	0.440445
25210	7.107492	0.859770	0.858544	0.504581	0.182714	0.759940	-0.398201	-0.204113	0.894301	0.331056	-0.941200	-0.067409	0.855475	0.269222	0.442359
25211	6.863103	0.954609	1.033801	0.492203	0.091487	0.718800	-0.396535	-0.211159	0.893404	0.338178	-0.938348	-0.071682	0.853461	0.273706	0.443498
25212	6.741088	1.000478	1.286881	0.480874	0.010879	0.674478	-0.394260	-0.217531	0.892883	0.345001	-0.935554	-0.075588	0.851782	0.278244	0.443900
25213	6.802066	1.137639	1.614624	0.481409	-0.045882	0.625786	-0.391646	-0.223288	0.892611	0.351617	-0.932799	-0.079064	0.850281	0.282892	0.443840
25214	6.849231	1.295388	2.124119	0.434993	-0.082082	0.582356	-0.388819	-0.228500	0.892528	0.357641	-0.930221	-0.082348	0.849065	0.287187	0.443409
25215	7.091467	1.345451	2.946350	0.356886	-0.082016	0.529669	-0.386171	-0.233223	0.892457	0.362781	-0.927942	-0.085518	0.848093	0.290742	0.442953
25216	7.306129	1.282963	3.715722	0.270669	-0.093433	0.486701	-0.383538	-0.237482	0.892469	0.367004	-0.925983	-0.088679	0.847470	0.293528	0.442307
25217	7.565033	1.082583	4.664514	0.172149	-0.121119	0.503307	-0.380612	-0.241817	0.892558	0.370445	-0.924244	-0.092433	0.847293	0.295462	0.441358
25218	7.882183	0.939980	5.856987	0.059216	-0.159660	0.555151	-0.377130	-0.246491	0.892757	0.373105	-0.922689	-0.097144	0.847682	0.296456	0.439941
25219	8.237982	0.839674	6.809824	-0.086229	-0.207791	0.604270	-0.373065	-0.251482	0.893073	0.374699	-0.921414	-0.102939	0.848778	0.296231	0.437977
25220	8.562577	0.580377	7.396575	-0.221059	-0.269713	0.650195	-0.368270	-0.256692	0.893581	0.375285	-0.920391	-0.109728	0.850611	0.294938	0.435285
25221	8.771259	0.342397	7.941818	-0.297479	-0.317082	0.701312	-0.362896	-0.262246	0.894167	0.375374	-0.919420	-0.117307	0.852878	0.293077	0.432094
25222	8.574255	0.253371	8.348327	-0.301242	-0.299595	0.727220	-0.357541	-0.268073	0.894595	0.375476	-0.918347	-0.125124	0.855092	0.291162	0.429002
25223	8.151200	0.368701	8.519764	-0.312100	-0.216719	0.703918	-0.353005	-0.273939	0.894620	0.375364	-0.917318	-0.132776	0.857023	0.288938	0.426645
25224	7.472713	0.243475	8.496655	-0.330562	-0.092526	0.655118	-0.349688	-0.279700	0.894140	0.374885	-0.916431	-0.140059	0.858592	0.286222	0.425320
25225	7.068446	0.226182	8.298409	-0.341803	0.019509	0.546673	-0.347774	-0.284798	0.893277	0.373914	-0.915833	-0.146416	0.859792	0.283089	0.424993
25226	6.913462	-0.193166	7.686494	-0.309540	0.105021	0.394415	-0.347139	-0.288726	0.892262	0.372676	-0.915549	-0.151269	0.860585	0.280013	0.425424
25227	6.634027	-0.813561	6.775096	-0.195822	0.118459	0.278268	-0.347091	-0.291638	0.891334	0.372017	-0.915261	-0.154601	0.860890	0.277931	0.426173
25228	6.003962	-1.244543	5.608207	-0.031021	0.062025	0.232918	-0.346692	-0.293962	0.890725	0.372612	-0.914640	-0.156825	0.860793	0.277525	0.426632
25229	4.664298	-1.446061	2.883113	0.029911	-0.172889	0.262304	-0.344194	-0.295914	0.891047	0.373837	-0.913756	-0.159050	0.861265	0.278362	0.425133
25230	3.831164	-1.163234	-0.653131	-0.069407	-0.624940	0.322414	-0.337532	-0.297136	0.893187	0.374391	-0.912968	-0.162236	0.863657	0.279642	0.419401
25231	4.196573	-0.809526	-2.840152	-0.226346	-1.087244	0.294396	-0.326986	-0.296811	0.897209	0.373470	-0.912700	-0.165826	0.868102	0.280858	0.409290
25232	6.149380	-1.276439	-3.497880	-0.398901	-1.404450	0.240445	-0.313790	-0.295078	0.902477	0.370819	-0.913085	-0.169613	0.874087	0.281433	0.395938
25233	7.880918	-1.793365	-3.953162	-0.414510	-1.511638	0.133044	-0.300004	-0.292068	0.908127	0.367651	-0.913835	-0.172448	0.880244	0.282139	0.381533
25234	9.053562	-1.672487	-3.190192	-0.333984	-1.573585	0.018857	-0.285970	-0.287809	0.913995	0.364810	-0.914700	-0.173889	0.886078	0.283708	0.366573
25235	11.250346	-1.422419	-0.058422	-0.145450	-1.646888	-0.095438	-0.271643	-0.282267	0.920074	0.363310	-0.915360	-0.173557	0.891188	0.287126	0.351201
25236	17.379982	-1.487701	8.114098	-0.018181	-1.574070	-0.174658	-0.258148	-0.276135	0.925802	0.362738	-0.915875	-0.172029	0.895422	0.291414	0.336596
25237	31.544473	-4.865679	24.170740	-0.005648	-0.814752	-0.142570	-0.251320	-0.272476	0.928760	0.362381	-0.916256	-0.170748	0.897507	0.293653	0.329013
25238	25.680859	-10.279275	15.727241	0.477214	0.314270	0.272689	-0.253074	-0.275920	0.927266	0.367398	-0.914073	-0.171722	0.894971	0.297217	0.332700
25239	8.713742	-6.701724	-2.879721	1.003505	-1.066777	0.651347	-0.241069	-0.278656	0.929643	0.378041	-0.909195	-0.174496	0.893851	0.309378	0.324523
25240	8.076833	1.866095	-6.548939	1.155766	-1.632817	0.728954	-0.223611	-0.280106	0.933562	0.390114	-0.903469	-0.177635	0.893202	0.324474	0.311299
25241	7.611342	10.105782	-8.411285	0.958862	-1.212771	0.532209	-0.210642	-0.280924	0.936329	0.399885	-0.898777	-0.179698	0.892033	0.336572	0.301657
25242	6.077127	14.633097	-5.457257	0.587493	-1.005654	0.113357	-0.201147	-0.278533	0.939127	0.405408	-0.896432	-0.179037	0.891731	0.344717	0.293234
25243	7.712495	13.868516	-1.790533	-0.444363	-1.211858	-0.294256	-0.191458	-0.271735	0.943135	0.400912	-0.898745	-0.177559	0.895887	0.344119	0.281014
25244	11.237268	6.073440	-0.988301	-1.738214	-1.481705	-0.497541	-0.179997	-0.262249	0.948065	0.384381	-0.905927	-0.177616	0.905457	0.332448	0.263868
25245	11.263902	-1.824630	-2.522076	-2.601377	-1.695874	-0.474915	-0.166259	-0.252458	0.953217	0.359890	-0.915525	-0.179703	0.918061	0.313177	0.243071
25246	11.929069	-6.471641	-2.367287	-2.444352	-1.740282	-0.253041	-0.150996	-0.244857	0.957729	0.336959	-0.923564	-0.182997	0.929333	0.295083	0.221961
25247	12.113101	-9.150221	-1.677512	-1.634108	-1.662634	0.120231	-0.135038	-0.241167	0.961043	0.321931	-0.927983	-0.187636	0.937083	0.284052	0.202952
25248	10.662580	-9.557683	-1.679679	-0.687996	-1.567027	0.396575	-0.118987	-0.240439	0.963344	0.316022	-0.928951	-0.192822	0.941261	0.281495	0.186517
25249	8.800191	-7.621445	-1.658815	-0.011305	-1.406563	0.423983	-0.104344	-0.240410	0.965047	0.316440	-0.927942	-0.196952	0.942856	0.284828	0.172900
25250	8.547714	-5.519132	-1.096288	0.314180	-1.212093	0.226595	-0.092125	-0.239043	0.966629	0.319673	-0.926471	-0.198646	0.943039	0.290705	0.161767
25251	8.764549	-3.813050	-0.419158	0.410372	-1.059361	-0.018885	-0.082143	-0.235774	0.968330	0.323575	-0.925287	-0.197845	0.942630	0.297076	0.152296
25252	8.892292	-2.337577	-0.095590	0.430711	-1.093535	-0.129689	-0.072191	-0.231310	0.970198	0.327581	-0.924273	-0.195986	0.942061	0.303670	0.142497
25253	9.643232	-1.277173	0.196010	0.452727	-1.180813	-0.117447	-0.061402	-0.226618	0.972046	0.331815	-0.923128	-0.194253	0.941344	0.310612	0.131877
25254	10.216632	-0.668841	0.331751	0.458057	-1.210247	-0.044736	-0.050095	-0.222422	0.973663	0.336146	-0.921766	-0.193273	0.940477	0.317611	0.120942
25255	10.470862	-0.267109	0.424112	0.369816	-1.181537	-0.013966	-0.038976	-0.218522	0.975053	0.339664	-0.920587	-0.192738	0.939739	0.323678	0.110105
25256	10.193655	-0.151230	0.787110	0.202379	-1.130657	-0.033329	-0.028397	-0.214549	0.976300	0.341599	-0.919976	-0.192236	0.939417	0.328044	0.099414
25257	9.962307	-0.143082	1.293643	-0.011476	-1.132355	-0.044271	-0.017851	-0.210429	0.977446	0.341527	-0.920085	-0.191843	0.939702	0.330400	0.088292
25258	9.697560	-0.448337	1.392499	-0.273894	-1.158990	-0.044883	-0.007037	-0.206205	0.978484	0.338991	-0.921059	-0.191665	0.940763	0.330348	0.076383
25259	9.480176	-0.812847	1.190373	-0.549899	-1.181522	-0.038205	0.004017	-0.201979	0.979382	0.333857	-0.922924	-0.191705	0.942615	0.327744	0.063724
25260	9.569785	-1.140558	1.060162	-0.740057	-1.219151	-0.038127	0.015467	-0.197676	0.980145	0.326920	-0.925386	-0.191791	0.944925	0.323395	0.050311
25261	9.132749	-1.378104	1.128318	-0.867776	-1.198944	-0.041660	0.026733	-0.193460	0.980744	0.318762	-0.928228	-0.191790	0.947458	0.317751	0.036854
25262	8.999457	-1.764961	1.101298	-0.954885	-1.178052	-0.067716	0.037766	-0.189145	0.981223	0.309767	-0.931338	-0.191451	0.950062	0.311181	0.023418
25263	9.059207	-2.249329	1.208791	-0.991780	-1.115488	-0.110660	0.048095	-0.184696	0.981618	0.300423	-0.934575	-0.190564	0.952593	0.304066	0.010539
25264	8.821946	-2.564493	1.060989	-0.986620	-1.042036	-0.141976	0.057682	-0.180257	0.981927	0.291131	-0.937777	-0.189254	0.954943	0.296786	-0.001614
25265	9.411642	-3.036662	0.915577	-0.912506	-0.998563	-0.170560	0.066792	-0.175742	0.982168	0.282557	-0.940738	-0.187544	0.956922	0.290045	-0.013177
25266	9.924544	-3.525997	0.651317	-0.764583	-0.939842	-0.181338	0.075355	-0.171355	0.982323	0.275406	-0.943229	-0.185662	0.958370	0.284528	-0.023884
25267	10.087236	-3.527557	0.420435	-0.588315	-0.855360	-0.179314	0.083120	-0.167265	0.982402	0.269950	-0.945175	-0.183767	0.959280	0.280474	-0.033410
25268	10.137002	-2.988613	0.342192	-0.440590	-0.770813	-0.190591	0.090073	-0.163333	0.982451	0.265929	-0.946700	-0.181771	0.959775	0.277635	-0.041837
25269	10.080943	-2.184465	0.363652	-0.334679	-0.703473	-0.204218	0.096338	-0.159474	0.982490	0.262950	-0.947937	-0.179649	0.959988	0.275653	-0.049389
25270	9.323502	-1.574235	0.227023	-0.311628	-0.672548	-0.218594	0.102291	-0.155575	0.982514	0.260216	-0.949118	-0.177378	0.960117	0.273810	-0.056603
25271	8.503923	-1.372780	0.137390	-0.360432	-0.729337	-0.231445	0.108747	-0.151410	0.982471	0.257041	-0.950437	-0.174924	0.960262	0.271558	-0.064439
25272	8.259868	-1.505703	-0.159933	-0.461397	-0.792497	-0.249985	0.115788	-0.146915	0.982349	0.252931	-0.952037	-0.172194	0.960531	0.268405	-0.073075
25273	8.560089	-1.860758	-0.654604	-0.582213	-0.886488	-0.278472	0.123659	-0.141923	0.982123	0.247713	-0.953972	-0.169044	0.960909	0.264188	-0.082811
25274	9.415120	-2.049356	-0.984661	-0.656357	-0.939436	-0.292146	0.132039	-0.136697	0.981774	0.241818	-0.956079	-0.165642	0.961296	0.259282	-0.093184
25275	9.325517	-2.061558	-1.312912	-0.729578	-0.983017	-0.299781	0.140827	-0.131330	0.981285	0.235253	-0.958335	-0.162020	0.961678	0.253667	-0.104063
25276	9.524388	-2.018150	-1.238422	-0.820647	-1.050494	-0.321401	0.150253	-0.125639	0.980632	0.227866	-0.960786	-0.158011	0.962030	0.247195	-0.115732
25277	9.522105	-2.016516	-1.104124	-0.862361	-1.082370	-0.354057	0.159925	-0.119620	0.979855	0.220158	-0.963306	-0.153532	0.962265	0.240277	-0.127721
25278	9.120368	-2.186910	-0.863061	-0.855227	-1.104588	-0.411326	0.169730	-0.113062	0.978984	0.212645	-0.965794	-0.148405	0.962275	0.233365	-0.139882
25279	9.349585	-2.468994	-0.270280	-0.803913	-1.113530	-0.457909	0.179536	-0.106098	0.978013	0.205749	-0.968131	-0.142795	0.961995	0.226862	-0.151985
25280	9.565280	-2.917035	0.331336	-0.699243	-1.090192	-0.498732	0.189073	-0.098848	0.976975	0.199981	-0.970194	-0.136864	0.961384	0.221254	-0.163670
25281	9.790473	-3.157196	1.155699	-0.590550	-1.040094	-0.522742	0.198084	-0.091523	0.975903	0.195357	-0.971970	-0.130807	0.960520	0.216560	-0.174652
25282	9.989918	-3.204833	1.999939	-0.500404	-0.989395	-0.534640	0.206612	-0.084226	0.974791	0.191671	-0.973500	-0.124740	0.959465	0.212612	-0.184993
25283	10.506393	-2.994347	3.017130	-0.456163	-0.900806	-0.545650	0.214259	-0.077043	0.973734	0.188483	-0.974888	-0.118608	0.958419	0.208945	-0.194358
