// General information: 
//  MT Manager version: 2022.2.0 
//  XDA version: 2022.2.0 build 7381 rev 124627 built on 2023-07-19
// Device information: 
//  DeviceId: 00B4CAF0
//  ProductCode: MTW2-3A7G6
//  Firmware Version: 4.6.0
//  Hardware Version: 2.0.0
// Device settings: 
//  Filter Profile: human(46.1)
//  Option Flags: Orientation Smoother Disabled, Position/Velocity Smoother Disabled, Continuous Zero Rotation Update Disabled, AHS Disabled, ICC Disabled
// Coordinate system: ENU
PacketCounter	Acc_X	Acc_Y	Acc_Z	Gyr_X	Gyr_Y	Gyr_Z	Mat[1][1]	Mat[2][1]	Mat[3][1]	Mat[1][2]	Mat[2][2]	Mat[3][2]	Mat[1][3]	Mat[2][3]	Mat[3][3]
54711	10.259565	4.544574	5.922707	0.233048	1.515311	0.709823	0.172499	0.850009	0.497723	-0.977668	0.209327	-0.018652	-0.120041	-0.483391	0.867135
54712	11.283603	5.207957	5.348301	0.130327	1.373904	0.317311	0.171025	0.857359	0.485476	-0.978361	0.206014	-0.019164	-0.116445	-0.471693	0.874040
54713	12.035542	5.764462	4.083333	-0.184624	1.208016	-0.120727	0.173629	0.862728	0.474925	-0.977931	0.207947	-0.020225	-0.116208	-0.460933	0.879794
54714	9.857443	4.663365	3.666977	-0.521532	0.841110	-0.444287	0.178974	0.865739	0.467402	-0.976527	0.214186	-0.022798	-0.119848	-0.452350	0.883751
54715	10.873272	-12.738374	-12.105205	-0.128506	-1.468089	0.005829	0.177146	0.859005	0.480343	-0.976373	0.214759	-0.023979	-0.123756	-0.464746	0.876753
54716	5.479320	13.539071	15.697976	2.267118	-0.818889	0.018799	0.176038	0.855283	0.487342	-0.978971	0.203954	-0.004313	-0.103084	-0.476335	0.873200
54717	21.676995	9.287313	23.318351	-0.088708	-1.098287	-0.226963	0.177130	0.849520	0.496931	-0.978470	0.206350	-0.003990	-0.105931	-0.485526	0.867781
54718	11.104613	10.625930	10.904050	-0.613636	0.856934	0.136539	0.176741	0.854012	0.489313	-0.978043	0.208162	-0.010039	-0.110430	-0.476794	0.872051
54719	-9.633427	-6.952460	6.707283	-0.732778	-0.479196	-0.106584	0.177252	0.851482	0.493519	-0.977008	0.212609	-0.015918	-0.118481	-0.479350	0.869590
54720	16.768347	-3.318979	12.805016	-0.044012	-0.692549	0.061717	0.175846	0.848364	0.499356	-0.977060	0.212315	-0.016639	-0.120136	-0.484974	0.866237
54721	-1.062822	-1.623277	7.315797	0.237430	0.339569	-0.029752	0.176557	0.849929	0.496435	-0.977281	0.211454	-0.014453	-0.117257	-0.482605	0.867954
54722	8.406496	3.113369	10.436897	-0.205482	-0.532218	0.006791	0.175879	0.847453	0.500890	-0.977044	0.212412	-0.016308	-0.120215	-0.486524	0.865357
54723	3.519516	-1.693200	8.460421	-0.035229	0.011307	0.024078	0.175674	0.847544	0.500807	-0.977036	0.212415	-0.016754	-0.120579	-0.486364	0.865397
54724	6.802093	-0.371686	8.469837	-0.011786	-0.107648	0.016029	0.175409	0.847140	0.501583	-0.977045	0.212356	-0.016973	-0.120893	-0.487092	0.864943
54725	4.585454	-0.370719	9.246421	-0.010206	-0.013191	-0.000252	0.175413	0.847060	0.501716	-0.977024	0.212443	-0.017081	-0.121055	-0.487193	0.864864
54726	4.860127	-0.573756	9.010989	0.026691	0.007870	-0.003197	0.175474	0.847176	0.501499	-0.977046	0.212361	-0.016871	-0.120792	-0.487027	0.864994
54727	4.793141	0.309265	9.314060	0.043008	0.003800	-0.009423	0.175588	0.847160	0.501487	-0.977073	0.212266	-0.016473	-0.120404	-0.487097	0.865009
54728	4.705163	0.185870	9.369044	0.019988	-0.006520	-0.000857	0.175609	0.847211	0.501393	-0.977091	0.212196	-0.016333	-0.120231	-0.487039	0.865065
54729	4.606207	0.236463	9.365514	0.001736	-0.020322	0.004165	0.175561	0.847106	0.501588	-0.977092	0.212188	-0.016360	-0.120289	-0.487225	0.864952
54730	4.765616	0.621446	9.333397	-0.019635	-0.039466	0.013692	0.175401	0.847027	0.501776	-0.977087	0.212188	-0.016633	-0.120560	-0.487362	0.864837
54731	4.739221	0.635837	9.284047	-0.067355	-0.049257	0.029118	0.175074	0.846834	0.502217	-0.977049	0.212304	-0.017383	-0.121344	-0.487647	0.864567
54732	4.725177	-0.091584	9.137286	-0.095025	-0.060764	0.044163	0.174591	0.846716	0.502584	-0.977006	0.212413	-0.018459	-0.122385	-0.487804	0.864332
54733	4.902049	-0.454585	9.040838	-0.072051	-0.048428	0.034822	0.174209	0.846539	0.503015	-0.976970	0.212505	-0.019278	-0.123212	-0.488072	0.864063
54734	4.899004	-0.186157	9.056207	-0.050197	-0.025588	0.031964	0.173887	0.846566	0.503080	-0.976959	0.212499	-0.019904	-0.123754	-0.488027	0.864011
54735	4.729260	-0.093174	9.081332	-0.035472	-0.024877	0.026297	0.173617	0.846486	0.503308	-0.976952	0.212484	-0.020364	-0.124183	-0.488173	0.863867
54736	4.588759	0.049690	9.158449	-0.038597	-0.024789	0.029895	0.173316	0.846512	0.503367	-0.976951	0.212439	-0.020880	-0.124610	-0.488146	0.863821
54737	4.644094	-0.126189	9.140087	-0.040267	-0.043150	0.033453	0.172953	0.846358	0.503752	-0.976951	0.212387	-0.021418	-0.125117	-0.488436	0.863583
54738	4.938246	-0.293159	9.058389	-0.041917	-0.039760	0.033415	0.172599	0.846319	0.503938	-0.976951	0.212328	-0.021979	-0.125601	-0.488529	0.863460
54739	4.879132	-0.527305	9.102020	-0.035605	-0.022229	0.024153	0.172352	0.846247	0.504144	-0.976940	0.212332	-0.022430	-0.126027	-0.488652	0.863329
54740	4.669333	-0.557202	9.176905	-0.012537	-0.019380	0.017221	0.172182	0.846273	0.504158	-0.976949	0.212266	-0.022656	-0.126189	-0.488636	0.863314
54741	4.565818	-0.231900	9.191621	0.018389	-0.030978	0.004914	0.172112	0.846117	0.504443	-0.976973	0.212170	-0.022543	-0.126102	-0.488947	0.863150
54742	4.687959	-0.172588	9.161483	0.047296	-0.058426	-0.009399	0.172152	0.845896	0.504800	-0.977011	0.212037	-0.022120	-0.125747	-0.489387	0.862953
54743	4.475728	-0.376689	9.137241	0.083384	-0.065779	-0.020134	0.172284	0.845516	0.505391	-0.977073	0.211834	-0.021320	-0.125085	-0.490131	0.862627
54744	4.358271	-0.487052	9.089658	0.122514	-0.094981	-0.030881	0.172490	0.845070	0.506067	-0.977168	0.211513	-0.020139	-0.124059	-0.491038	0.862259
54745	4.901736	-0.288095	9.065614	0.138391	-0.120341	-0.038342	0.172733	0.844383	0.507131	-0.977264	0.211191	-0.018773	-0.122953	-0.492358	0.861665
54746	5.130084	0.106390	9.125380	0.113922	-0.097908	-0.031624	0.172944	0.843919	0.507830	-0.977345	0.210916	-0.017664	-0.122016	-0.493270	0.861276
54747	4.967520	0.146866	9.143969	0.094531	-0.071980	-0.025359	0.173122	0.843495	0.508473	-0.977408	0.210699	-0.016742	-0.121256	-0.494087	0.860915
54748	4.994099	0.157559	9.102984	0.060035	-0.074847	-0.014230	0.173193	0.843181	0.508970	-0.977451	0.210541	-0.016184	-0.120805	-0.494690	0.860632
54749	5.031596	0.432292	9.215255	0.020694	-0.064119	-0.003362	0.173166	0.842841	0.509541	-0.977462	0.210503	-0.016009	-0.120753	-0.495285	0.860297
54750	4.888662	0.191756	9.147764	0.004596	-0.061276	0.005728	0.173059	0.842635	0.509919	-0.977473	0.210451	-0.016028	-0.120819	-0.495658	0.860073
54751	4.870485	0.275189	9.169964	-0.016604	-0.063318	0.014663	0.172856	0.842337	0.510480	-0.977470	0.210445	-0.016267	-0.121130	-0.496167	0.859736
54752	4.875758	0.306002	9.168916	-0.040967	-0.066658	0.026595	0.172539	0.842147	0.510900	-0.977462	0.210444	-0.016783	-0.121649	-0.496490	0.859476
54753	4.878167	-0.022434	9.060619	-0.057422	-0.074212	0.032737	0.172146	0.841832	0.511551	-0.977440	0.210489	-0.017464	-0.122378	-0.497004	0.859075
54754	4.915418	-0.133671	9.081967	-0.054179	-0.068105	0.030223	0.171791	0.841642	0.511983	-0.977421	0.210523	-0.018111	-0.123027	-0.497311	0.858805
54755	4.893756	-0.292769	9.021011	-0.052464	-0.066689	0.030739	0.171426	0.841360	0.512569	-0.977401	0.210560	-0.018739	-0.123693	-0.497773	0.858442
54756	4.852607	-0.163444	9.066745	-0.032874	-0.057841	0.021593	0.171167	0.841203	0.512913	-0.977393	0.210561	-0.019159	-0.124116	-0.498038	0.858227
54757	4.834870	-0.321933	9.040187	-0.026179	-0.067232	0.023600	0.170870	0.840902	0.513505	-0.977393	0.210528	-0.019525	-0.124526	-0.498559	0.857865
54758	4.747092	-0.378813	9.063669	0.009646	-0.060461	0.007319	0.170747	0.840701	0.513874	-0.977413	0.210437	-0.019507	-0.124538	-0.498937	0.857644
54759	4.880791	-0.194708	8.949761	0.036304	-0.063510	0.005713	0.170630	0.840381	0.514437	-0.977460	0.210243	-0.019246	-0.124331	-0.499557	0.857312
54760	4.888862	-0.089496	8.987307	0.048859	-0.059716	-0.006899	0.170647	0.840153	0.514803	-0.977504	0.210076	-0.018818	-0.123958	-0.500010	0.857102
54761	4.965011	0.225313	9.027882	0.049182	-0.052738	-0.003785	0.170636	0.839866	0.515274	-0.977550	0.209897	-0.018398	-0.123606	-0.500567	0.856828
54762	4.776712	0.188890	9.049078	0.026418	-0.047958	0.005044	0.170552	0.839722	0.515537	-0.977587	0.209741	-0.018223	-0.123432	-0.500875	0.856673
54763	4.455811	-0.080466	9.127211	0.013154	-0.078609	0.014041	0.170335	0.839342	0.516227	-0.977619	0.209593	-0.018203	-0.123476	-0.501573	0.856258
54764	4.619483	-0.200046	9.147064	0.000697	-0.123972	0.014706	0.170063	0.838837	0.517138	-0.977641	0.209484	-0.018298	-0.123681	-0.502464	0.855706
54765	4.568150	-0.291618	9.196705	0.003687	-0.149879	0.016268	0.169736	0.838101	0.518436	-0.977665	0.209365	-0.018371	-0.123939	-0.503739	0.854919
54766	4.881353	-0.172980	9.049446	0.025622	-0.181545	0.003774	0.169499	0.837280	0.519839	-0.977699	0.209223	-0.018197	-0.123998	-0.505161	0.854071
54767	5.227703	-0.106410	8.945174	0.036829	-0.176878	-0.003357	0.169329	0.836363	0.521368	-0.977731	0.209100	-0.017885	-0.123977	-0.506729	0.853144
54768	4.926454	-0.137508	9.137160	0.045269	-0.151599	-0.007747	0.169242	0.835664	0.522515	-0.977769	0.208954	-0.017483	-0.123791	-0.507940	0.852451
54769	5.203233	-0.165982	8.897906	0.046349	-0.134936	-0.018799	0.169277	0.834924	0.523687	-0.977787	0.208911	-0.017010	-0.123606	-0.509175	0.851741
54770	4.865860	-0.253594	9.181227	0.045867	-0.152811	-0.020063	0.169309	0.834190	0.524845	-0.977805	0.208863	-0.016538	-0.123417	-0.510396	0.851037
54771	4.793113	-0.398237	9.056008	0.054895	-0.159972	-0.030682	0.169429	0.833292	0.526230	-0.977813	0.208874	-0.015930	-0.123190	-0.511855	0.850193
54772	4.893712	0.016932	9.197325	0.065842	-0.183909	-0.033877	0.169559	0.832367	0.527651	-0.977832	0.208838	-0.015217	-0.122860	-0.513374	0.849325
54773	5.094535	-0.002008	9.088886	0.038747	-0.195327	-0.033448	0.169664	0.831277	0.529333	-0.977815	0.208952	-0.014731	-0.122851	-0.515090	0.848286
54774	5.071989	-0.137696	9.112555	0.044035	-0.195744	-0.029032	0.169733	0.830295	0.530850	-0.977815	0.208986	-0.014228	-0.122753	-0.516658	0.847346
54775	4.930445	-0.310093	9.152784	0.071061	-0.211403	-0.021488	0.169701	0.829140	0.532662	-0.977858	0.208832	-0.013532	-0.122457	-0.518571	0.846220
54776	4.745804	-0.261526	9.264247	0.066973	-0.222664	-0.026165	0.169710	0.828018	0.534402	-0.977891	0.208721	-0.012849	-0.122180	-0.520406	0.845133
54777	4.535565	-0.020481	9.371454	0.129421	-0.308237	-0.017639	0.169524	0.826357	0.537025	-0.978011	0.208227	-0.011682	-0.121477	-0.523236	0.843485
54778	3.710050	0.928926	10.174562	0.001710	-0.401949	-0.053340	0.169582	0.824227	0.540270	-0.977918	0.208678	-0.011404	-0.122142	-0.526406	0.841414
54779	5.169309	0.156516	9.003349	-0.003374	-0.492755	-0.026241	0.169252	0.821552	0.544431	-0.977861	0.208948	-0.011309	-0.123049	-0.530464	0.838729
54780	4.826377	0.282869	9.313496	-0.087397	-0.587876	-0.015641	0.168703	0.818482	0.549206	-0.977722	0.209562	-0.011976	-0.124895	-0.534950	0.835601
54781	4.941570	0.469393	9.231114	-0.081032	-0.618772	0.015318	0.167792	0.815172	0.554382	-0.977638	0.209908	-0.012756	-0.126767	-0.539845	0.832164
54782	5.049542	0.118262	9.137154	-0.107652	-0.674601	0.024928	0.166714	0.811662	0.559832	-0.977538	0.210308	-0.013807	-0.128944	-0.544955	0.828491
54783	4.954114	-0.215985	9.256113	-0.102778	-0.730655	0.033033	0.165458	0.807713	0.565883	-0.977451	0.210640	-0.014861	-0.131201	-0.550664	0.824351
54784	4.799858	-0.415642	9.429007	-0.093735	-0.819509	0.012568	0.164280	0.803300	0.572470	-0.977343	0.211077	-0.015721	-0.133464	-0.556917	0.819775
54785	4.835724	-0.384084	9.292481	-0.068284	-0.919627	-0.003008	0.163089	0.798122	0.580003	-0.977238	0.211520	-0.016280	-0.135676	-0.564146	0.814452
54786	4.912749	-0.461839	9.278402	-0.079390	-1.068902	-0.023158	0.161881	0.792102	0.588531	-0.977087	0.212174	-0.016807	-0.138184	-0.572325	0.808300
54787	4.851774	-0.734745	9.334012	-0.043432	-1.202131	-0.053379	0.160744	0.785035	0.598231	-0.976932	0.212883	-0.016857	-0.140587	-0.581722	0.801146
54788	4.632904	-0.715175	9.426976	-0.026386	-1.377608	-0.090283	0.159702	0.776865	0.609078	-0.976746	0.213761	-0.016542	-0.143048	-0.592272	0.792938
54789	4.532290	-0.941023	9.657524	-0.000882	-1.609119	-0.158550	0.158945	0.766877	0.621801	-0.976483	0.215028	-0.015589	-0.145659	-0.604700	0.783020
54790	4.255499	-1.109042	9.854763	0.073545	-1.916623	-0.252638	0.158628	0.754719	0.636581	-0.976186	0.216520	-0.013449	-0.147982	-0.619288	0.771092
54791	4.089319	-0.704700	9.918566	0.128850	-2.295727	-0.362690	0.158759	0.739494	0.654174	-0.975794	0.218458	-0.010138	-0.150407	-0.636729	0.756276
54792	3.963672	-0.651720	10.140855	0.119024	-2.818930	-0.460380	0.158996	0.720370	0.675120	-0.975238	0.221070	-0.006211	-0.153723	-0.657415	0.737682
54793	3.861257	-0.481375	9.678076	0.232478	-3.341595	-0.606863	0.159740	0.696627	0.699424	-0.974623	0.223852	-0.000364	-0.156821	-0.681617	0.714706
54794	4.465933	-1.252866	9.933500	0.347878	-3.764907	-0.823084	0.161839	0.668756	0.725654	-0.973844	0.227079	0.007919	-0.159485	-0.707955	0.688015
54795	5.577776	-1.415914	10.654525	0.477746	-3.988499	-1.046130	0.165640	0.637560	0.752384	-0.972889	0.230504	0.018858	-0.161404	-0.735109	0.658455
54796	6.270751	-2.342571	10.444161	0.483665	-4.108905	-1.277486	0.171418	0.604000	0.778331	-0.971515	0.234846	0.031720	-0.163629	-0.761598	0.627052
54797	9.719184	-1.386936	12.008367	0.587340	-4.105933	-1.398221	0.178260	0.568870	0.802876	-0.970026	0.238538	0.046358	-0.165145	-0.787075	0.594340
54798	10.179631	-1.772082	11.631245	0.475683	-4.074359	-1.512319	0.186165	0.532864	0.825469	-0.968055	0.243108	0.061389	-0.167966	-0.810527	0.561100
54799	10.510811	-2.311413	11.371474	0.332802	-4.085338	-1.629180	0.194977	0.495269	0.846577	-0.965506	0.248790	0.076819	-0.172574	-0.832353	0.526694
54800	10.693884	-4.528907	11.148543	0.309425	-4.088489	-1.799374	0.205193	0.456498	0.865740	-0.962439	0.254795	0.093760	-0.177785	-0.852460	0.491634
54801	11.417780	-7.132024	10.935016	0.809043	-3.988236	-2.037263	0.217685	0.416870	0.882515	-0.959561	0.256757	0.115406	-0.178482	-0.871949	0.455904
54802	9.628112	-7.248771	10.102638	1.635990	-3.702710	-2.258165	0.232874	0.378724	0.895733	-0.957325	0.251384	0.142599	-0.171168	-0.890716	0.421103
54803	4.852181	-7.535752	8.162314	2.508777	-3.608987	-2.526621	0.251153	0.340019	0.906261	-0.955302	0.237916	0.175481	-0.155947	-0.909826	0.384574
54804	-0.702283	-7.065402	5.712615	3.609291	-3.767590	-2.937296	0.273766	0.298966	0.914151	-0.952774	0.214182	0.215286	-0.131431	-0.929917	0.343483
54805	4.926139	-1.701687	9.231332	4.290557	-3.987594	-3.046953	0.298110	0.255413	0.919725	-0.949059	0.182338	0.256982	-0.102064	-0.949482	0.296759
54806	20.564755	7.681909	20.246180	3.174593	-2.862823	-2.088741	0.315269	0.224786	0.921996	-0.945556	0.157132	0.285016	-0.080808	-0.961655	0.262087
54807	12.556880	6.660289	20.776952	1.283712	-0.969436	-1.300109	0.326820	0.213438	0.920670	-0.942352	0.147649	0.300287	-0.071843	-0.965735	0.249388
54808	7.436092	4.417710	17.659369	-0.503115	0.565500	-0.613903	0.333009	0.218291	0.917308	-0.939956	0.153968	0.304592	-0.074747	-0.963661	0.256457
54809	1.054076	-1.589969	12.324606	-1.396348	1.419990	-0.020797	0.334344	0.231880	0.913480	-0.938775	0.167473	0.301090	-0.083167	-0.958219	0.273676
54810	-1.375513	-4.240623	8.904715	-1.452543	1.651261	0.297893	0.332988	0.248526	0.909590	-0.938499	0.180778	0.294177	-0.091323	-0.951606	0.293438
54811	-0.837922	-3.277006	7.636514	-1.137720	1.704379	0.400013	0.330850	0.265409	0.905592	-0.938748	0.190579	0.287108	-0.096386	-0.945112	0.312205
54812	0.241677	-0.290116	7.492501	-1.014996	1.803951	0.312181	0.329682	0.283383	0.900558	-0.938782	0.199431	0.280919	-0.099991	-0.938041	0.331783
54813	0.541388	2.071458	7.577747	-1.237589	1.926664	0.142892	0.330336	0.301646	0.894365	-0.937973	0.210612	0.275408	-0.105288	-0.929867	0.352509
54814	0.922762	2.614363	7.374012	-1.564452	2.019399	-0.027621	0.332797	0.320655	0.886807	-0.936169	0.225319	0.269850	-0.113285	-0.920006	0.375173
54815	1.693510	2.032505	7.202231	-1.831359	2.108222	-0.195058	0.337132	0.339453	0.878131	-0.933337	0.242749	0.264489	-0.123384	-0.908760	0.398662
54816	2.792557	1.270902	7.206114	-1.952255	2.211289	-0.311360	0.342881	0.359018	0.868066	-0.929761	0.261601	0.259056	-0.134081	-0.895919	0.423499
54817	3.868798	0.687694	7.307564	-1.970504	2.328423	-0.336068	0.349257	0.378783	0.857055	-0.925842	0.280399	0.253364	-0.144347	-0.881987	0.448624
54818	5.547345	0.485184	7.866545	-1.938246	2.490576	-0.239506	0.355182	0.400261	0.844770	-0.922106	0.298421	0.246303	-0.153512	-0.866450	0.475077
54819	6.825590	0.346833	8.425277	-1.901183	2.745875	-0.042973	0.359914	0.423663	0.831247	-0.918947	0.314949	0.237367	-0.161237	-0.849304	0.502678
54820	7.114314	0.554688	8.357444	-1.830170	3.042743	0.217209	0.362915	0.450303	0.815794	-0.916723	0.329503	0.225935	-0.167067	-0.829852	0.532385
54821	7.120233	1.006394	7.802232	-1.784632	3.281132	0.499879	0.363906	0.478840	0.798927	-0.915505	0.341842	0.212122	-0.171534	-0.808614	0.562779
54822	6.814449	0.404146	6.948500	-1.734761	3.435263	0.775327	0.362757	0.509292	0.780403	-0.915311	0.351962	0.195776	-0.174965	-0.785331	0.593837
54823	6.321479	-0.730343	6.277146	-1.547481	3.490240	1.041778	0.359365	0.539967	0.761112	-0.916339	0.358504	0.178318	-0.176576	-0.761518	0.623627
54824	6.343452	-1.673816	6.322929	-1.225183	3.460871	1.313340	0.353399	0.570996	0.740994	-0.918859	0.360499	0.160434	-0.175521	-0.737566	0.652065
54825	7.290169	-1.691980	7.092040	-0.877753	3.445163	1.588627	0.344764	0.601688	0.720492	-0.922868	0.357594	0.142974	-0.171618	-0.714211	0.678564
54826	8.337150	-1.051559	8.004322	-0.629212	3.483831	1.856614	0.333443	0.633072	0.698596	-0.928100	0.350639	0.125235	-0.165672	-0.690125	0.704471
54827	9.659763	-0.294965	9.167447	-0.534392	3.583315	2.099629	0.319724	0.664592	0.675348	-0.934077	0.340673	0.106964	-0.158985	-0.665026	0.729701
54828	12.128750	0.912626	10.362875	-0.526429	3.745567	2.348497	0.303522	0.697159	0.649495	-0.940574	0.328180	0.087285	-0.152300	-0.637391	0.755340
54829	14.617883	2.480637	10.698867	-0.665652	3.973872	2.588007	0.285052	0.730177	0.620956	-0.947184	0.313886	0.065712	-0.146928	-0.606892	0.781086
54830	16.548196	3.325096	9.330843	-0.833933	4.193997	2.768745	0.264807	0.763671	0.588798	-0.953582	0.298169	0.042140	-0.143380	-0.572627	0.807181
54831	17.547050	3.552528	6.824498	-0.921283	4.308653	2.914470	0.243070	0.795986	0.554368	-0.959663	0.280582	0.017906	-0.141292	-0.536359	0.832079
54832	17.686339	3.713686	4.190255	-0.809215	4.222088	2.998599	0.220114	0.826201	0.518595	-0.965467	0.260472	-0.005186	-0.139364	-0.499545	0.855004
54833	17.454906	5.853533	2.810820	-0.598584	3.890029	2.977344	0.196678	0.852386	0.484516	-0.970836	0.238402	-0.025320	-0.137092	-0.465406	0.874416
54834	17.617269	8.587017	1.523288	-0.561806	3.376447	2.633424	0.175664	0.873772	0.453503	-0.974965	0.218207	-0.042773	-0.136332	-0.434636	0.890228
54835	18.870053	11.915244	-0.697564	-0.706856	2.843323	1.826426	0.161760	0.889606	0.427124	-0.977067	0.205114	-0.057176	-0.138473	-0.408080	0.902384
54836	18.634392	13.480293	-1.867223	-1.291455	2.310839	0.850729	0.156755	0.900628	0.405336	-0.976569	0.202615	-0.072528	-0.147448	-0.384470	0.911286
54837	14.812263	-10.065423	-17.655621	0.731530	-0.028419	-0.243557	0.159111	0.900013	0.405784	-0.977229	0.202021	-0.064897	-0.140385	-0.386218	0.911662
54838	16.433356	14.190216	-12.853160	2.368802	-0.459761	-0.886549	0.167191	0.896531	0.410219	-0.978836	0.200743	-0.039783	-0.118015	-0.394886	0.911119
54839	23.189155	14.072055	-11.809241	2.054757	-2.429566	-0.189655	0.166395	0.886236	0.432318	-0.980772	0.194088	-0.020384	-0.101973	-0.420614	0.901491
54840	6.960492	14.526076	7.674435	1.253926	-1.749578	0.178813	0.162953	0.879132	0.447855	-0.982282	0.187145	-0.009956	-0.092566	-0.438297	0.894051
54841	7.683729	8.201575	18.857729	-0.495200	-1.376970	-0.199683	0.163608	0.872628	0.460165	-0.981473	0.191126	-0.013484	-0.099716	-0.449434	0.887731
54842	12.590140	12.182066	25.342144	0.422888	-1.790524	-0.496978	0.166738	0.863549	0.475900	-0.981068	0.193521	-0.007424	-0.098508	-0.465653	0.879468
54843	25.283660	5.049392	20.949300	-0.693725	-1.677421	0.094898	0.164092	0.855799	0.490594	-0.980501	0.196016	-0.013977	-0.108126	-0.478734	0.871276
54844	-3.273865	-16.209746	1.247652	-1.006632	0.659278	-0.212529	0.166954	0.858566	0.484758	-0.979015	0.202629	-0.021701	-0.116858	-0.470963	0.874379
54845	16.616564	4.887538	11.829381	1.305179	-1.553573	0.075382	0.164497	0.851261	0.498292	-0.980591	0.195769	-0.010729	-0.106683	-0.486856	0.866943
54846	3.064099	2.107471	8.525853	-0.452393	0.777297	0.040299	0.164975	0.855153	0.491424	-0.980165	0.197627	-0.014851	-0.109819	-0.479226	0.870794
54847	6.661756	-2.809604	7.899707	-0.129940	-0.281665	0.007345	0.164609	0.853800	0.493893	-0.980026	0.198223	-0.016040	-0.111596	-0.481387	0.869375
54848	3.257292	0.538975	10.197077	0.177290	-0.037573	-0.039546	0.164986	0.853597	0.494117	-0.980154	0.197723	-0.014296	-0.109902	-0.481952	0.869278
54849	5.455713	0.105374	8.742257	0.021392	-0.068768	-0.011650	0.165043	0.853228	0.494736	-0.980151	0.197755	-0.014074	-0.109845	-0.482593	0.868929
54850	5.626018	0.360833	8.921801	0.028677	-0.041229	-0.009994	0.165127	0.853066	0.494986	-0.980162	0.197718	-0.013768	-0.109612	-0.482894	0.868792
54851	5.519764	1.007543	9.136909	-0.002159	0.013684	0.014525	0.165018	0.853146	0.494885	-0.980177	0.197639	-0.013880	-0.109650	-0.482784	0.868848
54852	4.833847	0.788416	9.142353	-0.057393	0.019650	0.037402	0.164705	0.853371	0.494602	-0.980172	0.197613	-0.014553	-0.110159	-0.482398	0.868998
54853	4.705053	0.666746	9.293475	-0.103031	0.013271	0.057555	0.164173	0.853534	0.494497	-0.980145	0.197654	-0.015754	-0.111186	-0.482092	0.869037
54854	4.887456	0.242093	8.922215	-0.103584	0.002077	0.052644	0.163693	0.853703	0.494363	-0.980113	0.197719	-0.016902	-0.112174	-0.481765	0.869091
54855	4.451591	-0.679845	9.071385	-0.105390	0.008727	0.049017	0.163240	0.853828	0.494298	-0.980067	0.197843	-0.018081	-0.113232	-0.481494	0.869104
54856	4.816138	-0.924559	9.015364	-0.049873	0.010362	0.027824	0.163012	0.853988	0.494096	-0.980053	0.197860	-0.018640	-0.113680	-0.481202	0.869207
54857	4.917330	-0.585076	9.089613	-0.005908	0.009277	0.009505	0.162947	0.854037	0.494033	-0.980054	0.197843	-0.018760	-0.113762	-0.481123	0.869241
54858	4.773501	-0.450571	9.149031	0.016777	0.020452	-0.005369	0.163055	0.854180	0.493750	-0.980062	0.197823	-0.018577	-0.113543	-0.480877	0.869405
54859	4.649421	-0.276825	9.173060	0.041087	0.010690	-0.014580	0.163228	0.854188	0.493679	-0.980077	0.197785	-0.018169	-0.113162	-0.480878	0.869454
54860	4.818133	-0.200670	9.156352	0.047743	-0.002760	-0.010929	0.163364	0.854208	0.493599	-0.980110	0.197664	-0.017690	-0.112678	-0.480892	0.869510
54861	4.807849	0.049208	9.099659	0.052506	-0.000869	-0.015408	0.163531	0.854159	0.493629	-0.980137	0.197578	-0.017179	-0.112204	-0.481014	0.869503
54862	4.896671	0.436483	9.072313	0.043315	0.011803	-0.005874	0.163634	0.854260	0.493421	-0.980172	0.197436	-0.016764	-0.111740	-0.480895	0.869629
54863	4.786540	0.500825	9.193215	0.002298	0.004534	0.008546	0.163573	0.854284	0.493400	-0.980182	0.197387	-0.016808	-0.111749	-0.480872	0.869640
54864	4.646932	-0.089313	9.182283	-0.025843	-0.014441	0.018646	0.163406	0.854306	0.493416	-0.980180	0.197367	-0.017113	-0.112004	-0.480841	0.869625
54865	4.747314	-0.262616	9.161277	-0.008039	-0.027510	0.013410	0.163262	0.854186	0.493673	-0.980186	0.197326	-0.017271	-0.112167	-0.481071	0.869476
54866	4.775492	-0.178212	9.178250	-0.008174	-0.030307	0.012181	0.163141	0.854119	0.493828	-0.980194	0.197276	-0.017391	-0.112274	-0.481210	0.869385
54867	4.818929	-0.432831	9.072593	0.003162	-0.039232	0.009184	0.163024	0.853933	0.494187	-0.980205	0.197218	-0.017430	-0.112346	-0.481563	0.869181
54868	4.814695	-0.308426	9.025501	0.027575	-0.028677	-0.004415	0.163067	0.853841	0.494332	-0.980226	0.197138	-0.017158	-0.112102	-0.481759	0.869104
54869	4.841973	-0.149795	9.046017	0.048817	-0.021400	-0.014251	0.163200	0.853696	0.494539	-0.980250	0.197059	-0.016685	-0.111697	-0.482049	0.868995
54870	4.840413	0.046915	9.036797	0.071853	-0.026827	-0.018122	0.163380	0.853585	0.494671	-0.980297	0.196883	-0.015961	-0.111016	-0.482317	0.868934
54871	4.830335	0.375785	9.173558	0.065248	-0.025479	-0.017102	0.163537	0.853414	0.494914	-0.980334	0.196749	-0.015331	-0.110457	-0.482674	0.868807
54872	4.825226	0.058372	9.071335	0.058821	-0.029395	-0.011733	0.163652	0.853304	0.495067	-0.980377	0.196580	-0.014751	-0.109907	-0.482938	0.868730
54873	4.712169	-0.266094	9.086827	0.055370	-0.036250	-0.011192	0.163739	0.853092	0.495402	-0.980412	0.196443	-0.014236	-0.109463	-0.483367	0.868547
54874	4.811057	-0.309533	9.053743	0.064931	-0.042560	-0.016259	0.163884	0.852909	0.495670	-0.980453	0.196284	-0.013580	-0.108875	-0.483756	0.868405
54875	4.905490	-0.126828	9.013572	0.078318	-0.031604	-0.018984	0.164054	0.852704	0.495966	-0.980500	0.196102	-0.012827	-0.108198	-0.484190	0.868247
54876	4.887680	0.171082	9.079212	0.065364	-0.030750	-0.012756	0.164178	0.852584	0.496131	-0.980546	0.195910	-0.012186	-0.107587	-0.484478	0.868162
54877	4.500949	0.154666	9.107907	0.051979	-0.032251	-0.012544	0.164284	0.852389	0.496431	-0.980574	0.195800	-0.011694	-0.107169	-0.484867	0.867997
54878	3.895336	-0.028707	9.313492	0.033215	-0.084667	-0.002604	0.164250	0.852027	0.497063	-0.980602	0.195677	-0.011382	-0.106961	-0.485551	0.867640
54879	4.315706	-0.087474	9.219214	0.021304	-0.179923	-0.001878	0.164094	0.851134	0.498642	-0.980615	0.195624	-0.011209	-0.107087	-0.487137	0.866735
54880	4.746915	0.127048	9.201302	0.035881	-0.192869	-0.003516	0.163954	0.850242	0.500208	-0.980645	0.195495	-0.010869	-0.107030	-0.488744	0.865837
54881	4.841278	-0.179524	9.169182	0.020167	-0.215062	-0.005503	0.163795	0.849163	0.502089	-0.980650	0.195478	-0.010689	-0.107224	-0.490622	0.864750
54882	4.941471	-0.478619	8.997034	0.061094	-0.189540	-0.023835	0.163859	0.848241	0.503624	-0.980673	0.195396	-0.010029	-0.106913	-0.492247	0.863865
54883	5.082086	-0.004918	9.041827	0.082921	-0.193059	-0.043588	0.164098	0.847189	0.505314	-0.980683	0.195392	-0.009115	-0.106456	-0.494057	0.862887
54884	5.305366	0.303386	8.963783	0.083903	-0.152519	-0.040941	0.164370	0.846411	0.506529	-0.980702	0.195340	-0.008173	-0.105863	-0.495410	0.862184
54885	5.009432	0.236570	9.030521	0.061250	-0.140094	-0.033888	0.164572	0.845635	0.507758	-0.980703	0.195358	-0.007494	-0.105532	-0.496726	0.861467
54886	4.793166	0.218909	9.141295	0.053001	-0.158293	-0.026214	0.164695	0.844852	0.509019	-0.980713	0.195332	-0.006893	-0.105252	-0.498066	0.860728
54887	5.134237	0.277762	9.176253	0.030880	-0.178366	-0.025005	0.164770	0.843899	0.510574	-0.980697	0.195425	-0.006521	-0.105282	-0.499644	0.859809
54888	5.047800	0.126191	9.123954	0.017974	-0.168056	-0.021218	0.164834	0.843072	0.511917	-0.980678	0.195530	-0.006246	-0.105361	-0.500996	0.859012
54889	5.169961	0.031257	8.991816	0.019533	-0.162012	-0.023703	0.164913	0.842198	0.513328	-0.980652	0.195667	-0.005977	-0.105475	-0.502411	0.858172
54890	5.131367	0.000161	8.955172	0.017605	-0.156788	-0.027953	0.165055	0.841411	0.514572	-0.980621	0.195831	-0.005670	-0.105540	-0.503665	0.857428
54891	5.073418	-0.101085	8.954373	0.025915	-0.139823	-0.032877	0.165248	0.840626	0.515791	-0.980587	0.196012	-0.005299	-0.105556	-0.504903	0.856698
54892	5.040813	0.039325	8.993886	0.032105	-0.133305	-0.040528	0.165538	0.839929	0.516833	-0.980551	0.196207	-0.004802	-0.105440	-0.505986	0.856073
54893	4.889849	0.005108	9.045126	0.023563	-0.143639	-0.039351	0.165790	0.839109	0.518083	-0.980503	0.196453	-0.004418	-0.105486	-0.507249	0.855319
54894	4.586823	-0.282256	9.355426	0.032138	-0.161993	-0.051352	0.166155	0.838242	0.519368	-0.980449	0.196738	-0.003864	-0.105418	-0.508572	0.854542
54895	4.737708	-0.356345	9.236073	0.055369	-0.222873	-0.054656	0.166474	0.836983	0.521292	-0.980409	0.196949	-0.003127	-0.105285	-0.510559	0.853373
54896	4.669326	0.028016	9.321476	0.080586	-0.263240	-0.059223	0.166811	0.835577	0.523436	-0.980391	0.197049	-0.002120	-0.104914	-0.512818	0.852062
54897	3.795581	1.111389	10.309150	0.028786	-0.313289	-0.083343	0.167317	0.833786	0.526123	-0.980275	0.197633	-0.001457	-0.105194	-0.515501	0.850407
54898	4.959659	-0.022139	9.144545	-0.056218	-0.512100	-0.058978	0.167387	0.831079	0.530367	-0.980113	0.198431	-0.001610	-0.106580	-0.519550	0.847767
54899	4.389102	0.716198	9.790708	-0.117606	-0.577644	-0.047010	0.167243	0.827956	0.535274	-0.979901	0.199471	-0.002375	-0.108738	-0.524119	0.844675
54900	4.708418	0.678123	9.682553	-0.126019	-0.660537	-0.013786	0.166688	0.824511	0.540737	-0.979736	0.200265	-0.003349	-0.111052	-0.529221	0.841185
54901	4.601669	0.105956	9.696407	-0.178844	-0.802920	0.012728	0.165676	0.820247	0.547491	-0.979548	0.201149	-0.004938	-0.114178	-0.535476	0.836797
54902	4.158674	-0.225626	9.974263	-0.159979	-0.964112	0.015828	0.164442	0.815145	0.555426	-0.979386	0.201898	-0.006345	-0.117311	-0.542933	0.831542
54903	4.290472	-0.087867	9.947424	-0.174257	-1.179067	0.017061	0.162887	0.808707	0.565208	-0.979199	0.202750	-0.007902	-0.120986	-0.552164	0.824911
54904	4.306648	-0.402847	9.920733	-0.191435	-1.398494	-0.006771	0.161270	0.800966	0.576580	-0.978949	0.203887	-0.009420	-0.125102	-0.562924	0.816986
54905	4.111427	-0.567085	9.962946	-0.155856	-1.669166	-0.030661	0.159464	0.791382	0.590157	-0.978694	0.205056	-0.010524	-0.129344	-0.575905	0.807220
54906	4.046214	-0.867030	10.077536	-0.123013	-1.978987	-0.105297	0.157931	0.779695	0.605916	-0.978362	0.206616	-0.010866	-0.133664	-0.591089	0.795455
54907	3.863074	-0.809672	9.723962	-0.041517	-2.379918	-0.188176	0.156558	0.765001	0.624710	-0.978001	0.208356	-0.010051	-0.137851	-0.609394	0.780792
54908	3.808395	-0.167264	9.923631	-0.046419	-2.844814	-0.283605	0.155381	0.746853	0.646581	-0.977491	0.210804	-0.008594	-0.142720	-0.630692	0.762797
54909	3.969740	-0.380644	10.405448	-0.006829	-3.430356	-0.354018	0.153868	0.724014	0.672405	-0.976925	0.213490	-0.006324	-0.148130	-0.655916	0.740156
54910	3.779056	-1.217355	10.100846	0.255820	-3.960468	-0.494833	0.152810	0.696506	0.701091	-0.976546	0.215308	-0.001052	-0.151683	-0.684486	0.713071
54911	4.991618	-1.474140	10.772800	0.424491	-4.234701	-0.751190	0.153687	0.665240	0.730641	-0.976035	0.217493	0.007279	-0.154067	-0.714249	0.682723
54912	6.248054	-2.471962	11.120971	0.470357	-4.328562	-0.995113	0.156730	0.631629	0.759263	-0.975215	0.220540	0.017841	-0.156179	-0.743241	0.650539
54913	9.461087	-2.407773	12.082579	0.644190	-4.302556	-1.159769	0.161320	0.596453	0.786269	-0.974369	0.222824	0.030881	-0.156780	-0.771099	0.617112
54914	9.912121	-1.770568	11.695225	0.582162	-4.181500	-1.285170	0.167304	0.560926	0.810784	-0.973167	0.225726	0.044647	-0.157971	-0.796498	0.583640
54915	10.287856	-2.888947	10.609810	0.515466	-4.134897	-1.400883	0.174368	0.524289	0.833497	-0.971584	0.229202	0.059083	-0.160062	-0.820114	0.549356
54916	10.397096	-4.713647	9.840366	0.671322	-4.059735	-1.563715	0.183083	0.487091	0.853945	-0.969858	0.231566	0.075849	-0.160799	-0.842092	0.514805
54917	10.632936	-5.124465	9.269027	1.131286	-3.950067	-1.769124	0.193963	0.449297	0.872073	-0.968312	0.230243	0.096745	-0.157321	-0.863204	0.479718
54918	9.505840	-6.004939	9.063878	1.774281	-3.704077	-1.922800	0.206963	0.412757	0.887016	-0.967153	0.223086	0.121852	-0.147586	-0.883099	0.445370
54919	4.954087	-6.383402	7.470405	2.522052	-3.600415	-2.153752	0.222786	0.375923	0.899471	-0.966028	0.209097	0.151882	-0.130981	-0.902752	0.409736
54920	1.985858	-5.897326	6.116233	3.463041	-3.721276	-2.501245	0.242542	0.337184	0.909659	-0.964307	0.186467	0.187995	-0.106233	-0.922787	0.370375
54921	1.310276	-0.846177	9.100268	4.054284	-3.698479	-2.693852	0.265120	0.298043	0.916996	-0.961166	0.157263	0.226777	-0.076620	-0.941509	0.328163
54922	11.444879	7.832526	17.014086	3.569476	-3.064089	-2.350414	0.285732	0.265808	0.920708	-0.956960	0.130123	0.259415	-0.050850	-0.955204	0.291548
54923	14.509240	10.022671	23.008846	1.284854	-1.299295	-1.559176	0.300034	0.251376	0.920212	-0.952984	0.121889	0.277423	-0.042426	-0.960184	0.276128
54924	7.423610	6.171848	19.456333	-0.558666	0.219447	-1.071936	0.310363	0.252380	0.916504	-0.949451	0.130056	0.285706	-0.047090	-0.958848	0.279987
54925	2.212958	-0.250289	14.009309	-1.652378	1.278940	-0.644083	0.317164	0.263690	0.910974	-0.946547	0.147556	0.286838	-0.058784	-0.953255	0.296395
54926	-0.669495	-4.071427	10.226911	-1.731271	1.746797	-0.382172	0.321936	0.279964	0.904421	-0.944201	0.165151	0.284974	-0.069584	-0.945698	0.317511
54927	-1.290042	-5.124063	7.910008	-1.335677	1.888264	-0.272103	0.325896	0.297258	0.897457	-0.942337	0.178557	0.283052	-0.076108	-0.937953	0.338308
54928	-0.417850	-3.285989	7.371269	-0.937848	1.969273	-0.249750	0.329797	0.315498	0.889772	-0.940782	0.188207	0.281969	-0.078501	-0.930075	0.358885
54929	0.959106	-0.261823	7.678405	-0.889653	2.102638	-0.270420	0.334022	0.334419	0.881245	-0.939170	0.197363	0.281082	-0.079926	-0.921527	0.380000
54930	1.622578	1.533314	7.783977	-1.195581	2.270928	-0.277194	0.338502	0.354980	0.871439	-0.937251	0.209405	0.278765	-0.083527	-0.911120	0.403589
54931	2.317198	1.896971	7.583831	-1.628534	2.421715	-0.268273	0.343139	0.376289	0.860617	-0.934909	0.225164	0.274311	-0.090560	-0.898725	0.429059
54932	3.520893	1.136783	7.296215	-1.979689	2.560689	-0.256112	0.347997	0.398835	0.848427	-0.932125	0.243933	0.267657	-0.100209	-0.883984	0.456652
54933	5.197269	-0.246970	7.159288	-2.143947	2.708236	-0.236987	0.353076	0.421928	0.835054	-0.929022	0.263723	0.259556	-0.110709	-0.867426	0.485094
54934	6.257673	-1.410268	7.199795	-2.082457	2.892385	-0.160191	0.357916	0.446633	0.820009	-0.926042	0.282417	0.250374	-0.119760	-0.848976	0.514682
54935	6.781876	-1.190480	7.388433	-1.927785	3.044597	0.007978	0.361611	0.472184	0.803915	-0.923683	0.298600	0.240100	-0.126678	-0.829385	0.544125
54936	7.338937	-0.181403	7.672614	-1.841524	3.149335	0.277211	0.363144	0.499131	0.786762	-0.922294	0.312453	0.227477	-0.132286	-0.808233	0.573811
54937	7.769555	0.648638	7.343929	-1.914180	3.239768	0.583170	0.362165	0.526786	0.768982	-0.921808	0.324757	0.211668	-0.138228	-0.785513	0.603210
54938	7.300510	0.212384	6.707756	-1.983580	3.282337	0.864915	0.358843	0.555322	0.750233	-0.922112	0.335524	0.192699	-0.144711	-0.760947	0.632470
54939	7.157976	-0.557532	6.333858	-1.928640	3.230498	1.117614	0.353323	0.583277	0.731403	-0.923227	0.343636	0.171946	-0.151045	-0.736004	0.659912
54940	7.913409	-0.448825	6.584440	-1.765534	3.157682	1.376719	0.345455	0.611167	0.712134	-0.925317	0.348278	0.149971	-0.156363	-0.710758	0.685838
54941	8.866201	0.952618	7.277430	-1.642372	3.129313	1.651524	0.335128	0.638756	0.692589	-0.928318	0.349460	0.126895	-0.160978	-0.685469	0.710083
54942	10.586072	3.249848	8.308813	-1.641849	3.169048	1.909134	0.322550	0.666980	0.671639	-0.931907	0.348103	0.101853	-0.165866	-0.658758	0.733844
54943	11.967940	5.073448	8.982930	-1.782452	3.302152	2.084834	0.308678	0.695472	0.648873	-0.935462	0.345424	0.074782	-0.172128	-0.630080	0.757213
54944	12.226526	5.848985	8.980052	-1.895898	3.483970	2.094693	0.295177	0.724317	0.623086	-0.938447	0.342248	0.046723	-0.179407	-0.598524	0.780757
54945	12.175742	6.252576	8.672994	-1.899907	3.603688	1.999402	0.283004	0.752081	0.595216	-0.940736	0.338581	0.019474	-0.186883	-0.565453	0.803330
54946	13.322095	7.459035	8.734923	-1.838222	3.620499	1.833001	0.272650	0.778312	0.565590	-0.942319	0.334657	-0.006267	-0.194156	-0.531258	0.824662
54947	17.283469	9.983922	7.605293	-1.820775	3.638488	1.635477	0.264445	0.802438	0.534940	-0.943096	0.331121	-0.030484	-0.201591	-0.496439	0.844340
54948	20.066664	10.315700	4.537486	-2.013553	3.677637	1.303924	0.259751	0.824496	0.502728	-0.942355	0.330140	-0.054546	-0.210944	-0.459580	0.862722
54949	19.660028	8.234217	0.190317	-1.941008	3.583559	0.807040	0.259889	0.842973	0.471014	-0.940256	0.332013	-0.075403	-0.219945	-0.423277	0.878897
54950	10.956221	-9.483525	-4.032427	-1.617329	2.783793	0.158876	0.264646	0.854999	0.446027	-0.937048	0.337264	-0.090520	-0.227823	-0.393993	0.890430
54951	19.253976	-2.994291	-24.524289	4.872479	0.258026	-0.676878	0.271560	0.853781	0.444199	-0.945189	0.323540	-0.044028	-0.181306	-0.407896	0.894846
54952	20.342636	21.517825	-9.444330	2.666400	-1.244874	-0.480043	0.273992	0.847137	0.455288	-0.948415	0.316512	-0.018166	-0.159493	-0.426825	0.890159
54953	25.531816	2.961134	-13.790080	0.612025	-2.081797	1.959773	0.252043	0.844047	0.473349	-0.954534	0.297300	-0.021870	-0.159186	-0.446315	0.880604
54954	18.414558	-0.660678	22.075482	2.455365	-2.760708	1.259830	0.235824	0.834969	0.497207	-0.961302	0.275418	-0.006571	-0.142426	-0.476416	0.867607
54955	55.786893	59.600255	25.191216	1.452632	1.710898	-0.293282	0.240945	0.842214	0.482308	-0.962531	0.271066	0.007509	-0.124414	-0.466046	0.875969
54956	-43.324009	0.157983	-1.683818	-1.931026	2.422330	-0.060347	0.244727	0.853037	0.460908	-0.959857	0.280340	-0.009193	-0.137053	-0.440156	0.887400
54957	19.068853	-9.227063	29.146336	-2.488454	-4.258123	-0.169879	0.239806	0.833175	0.498310	-0.955598	0.293120	-0.030227	-0.171248	-0.468935	0.866472
54958	10.120724	-19.919587	-12.622593	1.871836	2.193711	0.045319	0.242908	0.843491	0.479081	-0.958694	0.284091	-0.014097	-0.147994	-0.455868	0.877658
54959	0.035889	22.506885	22.676017	0.996044	-1.012708	0.270895	0.238862	0.839561	0.487936	-0.960775	0.277248	-0.006711	-0.140914	-0.467194	0.872854
54960	8.607949	-10.111739	2.427820	-1.841717	-0.234686	-0.371753	0.242111	0.837453	0.489954	-0.957116	0.288948	-0.020926	-0.159096	-0.463876	0.871497
54961	5.728112	2.920347	9.705455	1.243055	0.192501	0.124907	0.241224	0.838689	0.488274	-0.959308	0.282157	-0.010718	-0.146760	-0.465820	0.872624
54962	3.884653	1.470030	9.784253	-0.356291	-0.195054	0.005121	0.240917	0.837826	0.489904	-0.958787	0.283787	-0.013831	-0.150617	-0.466381	0.871667
54963	5.584901	-0.203457	8.721479	0.060448	-0.074507	0.039770	0.240440	0.837575	0.490567	-0.958964	0.283206	-0.013521	-0.150257	-0.467185	0.871299
54964	4.820936	1.119717	9.511084	-0.053310	-0.097205	0.065729	0.239696	0.837339	0.491334	-0.959038	0.282917	-0.014287	-0.150969	-0.467783	0.870854
54965	5.186105	-0.041910	8.901717	-0.088401	-0.069179	0.076569	0.238873	0.837216	0.491944	-0.959077	0.282724	-0.015455	-0.152023	-0.468120	0.870490
54966	4.738251	-0.082181	9.008495	-0.053371	-0.046117	0.057327	0.238286	0.837194	0.492266	-0.959129	0.282505	-0.016178	-0.152611	-0.468291	0.870295
54967	4.620746	-0.293128	9.058615	-0.000578	-0.057713	0.040772	0.237823	0.837023	0.492780	-0.959215	0.282200	-0.016405	-0.152794	-0.468781	0.869999
54968	4.912585	-0.150942	9.081129	0.014398	-0.068763	0.036077	0.237405	0.836834	0.493302	-0.959320	0.281842	-0.016435	-0.152787	-0.469333	0.869703
54969	5.153005	-0.744768	8.931013	0.011381	-0.051461	0.024107	0.237112	0.836645	0.493765	-0.959384	0.281621	-0.016477	-0.152840	-0.469803	0.869439
54970	5.069157	-0.756949	9.009662	0.051196	-0.028295	0.001111	0.237090	0.836547	0.493941	-0.959462	0.281383	-0.016015	-0.152384	-0.470120	0.869348
54971	5.047334	-0.410943	9.073159	0.069729	-0.014902	-0.016183	0.237239	0.836415	0.494092	-0.959519	0.281224	-0.015351	-0.151790	-0.470449	0.869274
54972	5.033606	0.355264	9.132475	0.077884	0.001939	-0.015828	0.237426	0.836412	0.494008	-0.959596	0.281002	-0.014576	-0.151009	-0.470588	0.869335
54973	4.967001	0.367136	9.193982	0.030370	-0.008843	-0.001606	0.237445	0.836350	0.494105	-0.959628	0.280907	-0.014325	-0.150778	-0.470755	0.869284
54974	4.804608	0.284164	9.209137	0.006024	-0.006244	0.010092	0.237371	0.836380	0.494089	-0.959658	0.280806	-0.014301	-0.150705	-0.470761	0.869294
54975	4.832976	-0.172413	9.083228	0.001307	-0.024959	0.010275	0.237251	0.836275	0.494323	-0.959674	0.280748	-0.014362	-0.150791	-0.470982	0.869160
54976	4.869650	-0.322680	9.048719	0.015744	-0.021075	0.002412	0.237228	0.836215	0.494437	-0.959700	0.280666	-0.014216	-0.150659	-0.471139	0.869097
