// General information: 
//  MT Manager version: 2022.2.0 
//  XDA version: 2022.2.0 build 7381 rev 124627 built on 2023-07-19
// Device information: 
//  DeviceId: 00B4CBA7
//  ProductCode: MTW2-3A7G6
//  Firmware Version: 4.6.0
//  Hardware Version: 2.0.0
// Device settings: 
//  Filter Profile: human(46.1)
//  Option Flags: Orientation Smoother Disabled, Position/Velocity Smoother Disabled, Continuous Zero Rotation Update Disabled, AHS Disabled, ICC Disabled
// Coordinate system: ENU
PacketCounter	Acc_X	Acc_Y	Acc_Z	Gyr_X	Gyr_Y	Gyr_Z	Mat[1][1]	Mat[2][1]	Mat[3][1]	Mat[1][2]	Mat[2][2]	Mat[3][2]	Mat[1][3]	Mat[2][3]	Mat[3][3]
07832	9.408462	0.791156	-2.614970	0.000636	-0.001180	0.006302	0.197780	0.189184	0.961817	0.428005	-0.899394	0.088894	0.881870	0.394081	-0.258854
07833	9.402476	0.860057	-2.593803	0.016727	0.001357	0.008768	0.197787	0.189157	0.961821	0.428185	-0.899316	0.088814	0.881781	0.394272	-0.258867
07834	9.398625	0.905402	-2.579420	0.030233	0.008085	0.004169	0.197711	0.189125	0.961843	0.428450	-0.899198	0.088738	0.881669	0.394557	-0.258812
07835	9.422460	0.954011	-2.652080	0.012797	0.000326	0.008444	0.197744	0.189085	0.961844	0.428467	-0.899195	0.088681	0.881654	0.394582	-0.258827
07836	9.438577	0.917249	-2.613868	0.003742	0.005101	0.008200	0.197712	0.189028	0.961862	0.428490	-0.899189	0.088635	0.881650	0.394624	-0.258777
07837	9.394160	0.885426	-2.608235	-0.012081	0.002989	0.010856	0.197724	0.188966	0.961872	0.428347	-0.899259	0.088614	0.881717	0.394493	-0.258748
07838	9.435609	0.829750	-2.582951	-0.006025	0.005021	0.004826	0.197678	0.188941	0.961886	0.428290	-0.899285	0.088626	0.881754	0.394447	-0.258690
07839	9.437831	0.805970	-2.589395	0.005771	0.008128	0.005789	0.197627	0.188903	0.961904	0.428304	-0.899280	0.088608	0.881759	0.394476	-0.258630
07840	9.408772	0.871096	-2.561340	0.011242	0.008779	0.007660	0.197560	0.188837	0.961931	0.428394	-0.899243	0.088548	0.881730	0.394592	-0.258552
07841	9.360454	0.885887	-2.541121	0.001063	0.011321	0.005074	0.197485	0.188783	0.961957	0.428305	-0.899285	0.088554	0.881790	0.394523	-0.258452
07842	9.362747	0.862046	-2.547318	-0.002140	0.007075	0.007115	0.197431	0.188728	0.961979	0.428278	-0.899299	0.088534	0.881815	0.394515	-0.258378
07843	9.360917	0.884630	-2.539852	-0.000998	0.001243	0.008688	0.197439	0.188692	0.961984	0.428252	-0.899315	0.088504	0.881826	0.394498	-0.258368
07844	9.398305	0.875337	-2.500562	0.003426	0.005692	0.005048	0.197388	0.188661	0.962000	0.428279	-0.899304	0.088489	0.881825	0.394538	-0.258312
07845	9.396492	0.897845	-2.493067	0.009262	0.004737	0.008100	0.197422	0.188590	0.962007	0.428116	-0.899384	0.088456	0.881896	0.394388	-0.258297
07846	9.438260	0.887796	-2.534826	0.017728	0.000118	0.000077	0.197399	0.188626	0.962005	0.428279	-0.899307	0.088452	0.881823	0.394546	-0.258307
07847	9.392666	0.943070	-2.478792	0.009310	0.003721	0.006129	0.197360	0.188619	0.962014	0.428450	-0.899230	0.088411	0.881748	0.394726	-0.258286
07848	9.403221	0.871674	-2.580642	0.005741	0.001081	0.006989	0.197359	0.188590	0.962021	0.428493	-0.899213	0.088372	0.881728	0.394778	-0.258277
07849	9.399324	0.917419	-2.566471	0.001761	0.001063	0.008637	0.197384	0.188553	0.962022	0.428456	-0.899234	0.088338	0.881740	0.394748	-0.258281
07850	9.406415	0.910427	-2.543694	-0.008101	0.003017	0.009202	0.197375	0.188496	0.962036	0.428373	-0.899276	0.088312	0.881782	0.394679	-0.258241
07851	9.398622	0.852378	-2.609683	-0.006516	0.001615	0.008783	0.197415	0.188441	0.962038	0.428163	-0.899377	0.088306	0.881875	0.394476	-0.258234
07852	9.364512	0.900410	-2.611798	-0.003486	0.001862	0.013851	0.197436	0.188347	0.962052	0.428111	-0.899410	0.088225	0.881896	0.394446	-0.258209
07853	9.373560	0.869873	-2.596259	-0.013700	-0.002645	0.012470	0.197513	0.188287	0.962048	0.427910	-0.899508	0.088195	0.881976	0.394250	-0.258234
07854	9.396959	0.872906	-2.602367	-0.016868	0.000164	0.013304	0.197546	0.188204	0.962058	0.427741	-0.899593	0.088153	0.882051	0.394097	-0.258213
07855	9.398563	0.802950	-2.542600	-0.006150	0.000012	0.009961	0.197571	0.188167	0.962060	0.427695	-0.899617	0.088122	0.882067	0.394058	-0.258217
07856	9.389797	0.831500	-2.557796	0.014373	0.006988	0.008788	0.197525	0.188098	0.962083	0.427811	-0.899570	0.088042	0.882022	0.394199	-0.258158
07857	9.370190	0.912577	-2.581326	0.012342	0.003964	0.011197	0.197497	0.188046	0.962098	0.428021	-0.899480	0.087944	0.881926	0.394429	-0.258133
07858	9.372403	0.888215	-2.587900	-0.007333	0.006866	0.010353	0.197459	0.187963	0.962123	0.427942	-0.899521	0.087906	0.881973	0.394374	-0.258056
07859	9.399971	0.844557	-2.607366	0.000534	0.008934	0.010995	0.197417	0.187877	0.962148	0.427919	-0.899537	0.087850	0.881993	0.394379	-0.257980
07860	9.423738	0.847168	-2.612277	0.009979	0.017669	0.011981	0.197290	0.187737	0.962201	0.427990	-0.899513	0.087751	0.881987	0.394500	-0.257815
07861	9.333958	0.870811	-2.549721	0.013148	0.014862	0.011145	0.197140	0.187662	0.962247	0.428345	-0.899355	0.087640	0.881849	0.394896	-0.257682
07862	9.364624	0.867494	-2.532088	-0.013576	0.010453	0.008081	0.197060	0.187585	0.962278	0.428215	-0.899417	0.087639	0.881929	0.394792	-0.257566
07863	9.397197	0.841174	-2.521609	-0.005345	0.010916	0.009905	0.196947	0.187528	0.962312	0.428354	-0.899355	0.087592	0.881887	0.394960	-0.257454
07864	9.407374	0.874703	-2.461612	-0.011173	0.003802	0.006090	0.196917	0.187495	0.962325	0.428250	-0.899404	0.087605	0.881944	0.394865	-0.257403
07865	9.439738	0.848649	-2.451782	-0.008414	0.003617	0.006042	0.196893	0.187476	0.962334	0.428180	-0.899436	0.087617	0.881984	0.394801	-0.257366
07866	9.377400	0.876264	-2.477307	0.001400	0.002671	0.007451	0.196879	0.187436	0.962344	0.428184	-0.899437	0.087585	0.881985	0.394817	-0.257338
07867	9.373518	0.922309	-2.463214	-0.024282	-0.005526	0.009889	0.196980	0.187399	0.962331	0.427827	-0.899605	0.087612	0.882135	0.394453	-0.257379
07868	9.404552	0.832688	-2.498196	-0.025859	-0.012190	0.009540	0.197106	0.187399	0.962305	0.427586	-0.899717	0.087629	0.882224	0.394196	-0.257469
07869	9.401296	0.791977	-2.535931	-0.012066	-0.013124	0.009304	0.197207	0.187441	0.962276	0.427658	-0.899686	0.087606	0.882167	0.394248	-0.257585
07870	9.368832	0.817412	-2.546326	0.000366	-0.009677	0.000415	0.197272	0.187513	0.962249	0.427666	-0.899678	0.087643	0.882148	0.394232	-0.257674
07871	9.373528	0.834012	-2.517886	0.004530	-0.015267	0.007054	0.197390	0.187572	0.962213	0.427825	-0.899606	0.087603	0.882045	0.394366	-0.257822
07872	9.399582	0.877406	-2.488692	0.004168	-0.013661	0.005874	0.197514	0.187611	0.962180	0.427856	-0.899594	0.087578	0.882002	0.394377	-0.257953
07873	9.417680	0.863481	-2.525579	0.004936	-0.009818	0.007030	0.197666	0.187605	0.962150	0.427662	-0.899687	0.087566	0.882062	0.394167	-0.258069
07874	9.392225	0.882205	-2.513331	0.002178	-0.009629	0.007077	0.197758	0.187617	0.962129	0.427674	-0.899685	0.087535	0.882036	0.394166	-0.258159
07875	9.376227	0.917537	-2.552172	-0.010393	-0.008490	0.005718	0.197828	0.187660	0.962106	0.427662	-0.899689	0.087549	0.882026	0.394136	-0.258239
07876	9.432356	0.808575	-2.600680	-0.009940	-0.012131	0.002962	0.197926	0.187718	0.962074	0.427575	-0.899727	0.087589	0.882046	0.394023	-0.258343
07877	9.432145	0.808715	-2.601401	0.004430	-0.003631	-0.004400	0.197917	0.187821	0.962056	0.427646	-0.899685	0.087668	0.882013	0.394069	-0.258384
07878	9.394799	0.817569	-2.640797	0.007507	-0.004405	-0.001302	0.197928	0.187888	0.962041	0.427721	-0.899646	0.087704	0.881974	0.394127	-0.258429
07879	9.421077	0.861752	-2.610601	0.005605	-0.002413	-0.004031	0.197925	0.187978	0.962024	0.427753	-0.899623	0.087780	0.881960	0.394135	-0.258466
07880	9.397711	0.858115	-2.604570	0.006373	0.001428	-0.002873	0.197878	0.188035	0.962022	0.427821	-0.899586	0.087834	0.881937	0.394193	-0.258453
07881	9.377437	0.894880	-2.561708	-0.004252	-0.000444	-0.003468	0.197868	0.188106	0.962011	0.427721	-0.899624	0.087933	0.881988	0.394072	-0.258464
07882	9.411489	0.846569	-2.559585	-0.016008	-0.004552	-0.006402	0.197859	0.188219	0.961990	0.427598	-0.899668	0.088079	0.882050	0.393918	-0.258489
07883	9.431644	0.811107	-2.602472	0.000263	0.001959	-0.011037	0.197804	0.188345	0.961977	0.427520	-0.899689	0.088242	0.882100	0.393810	-0.258483
07884	9.415900	0.847885	-2.639822	-0.009280	0.011410	-0.006561	0.197653	0.188397	0.961998	0.427458	-0.899706	0.088372	0.882164	0.393747	-0.258361
07885	9.385834	0.851424	-2.655167	-0.011948	0.009563	-0.010450	0.197533	0.188497	0.962003	0.427318	-0.899754	0.088557	0.882259	0.393588	-0.258279
07886	9.396844	0.800144	-2.645736	-0.025691	0.009486	-0.012183	0.197375	0.188607	0.962014	0.427121	-0.899825	0.088783	0.882389	0.393373	-0.258161
07887	9.429283	0.776276	-2.635076	-0.017331	0.014961	-0.015495	0.197154	0.188740	0.962033	0.427039	-0.899840	0.089023	0.882479	0.393274	-0.258006
07888	9.411262	0.791304	-2.597611	-0.000697	0.019872	-0.018945	0.196875	0.188870	0.962065	0.427076	-0.899800	0.089250	0.882523	0.393303	-0.257810
07889	9.377411	0.842127	-2.598045	0.010019	0.019713	-0.022282	0.196580	0.189057	0.962088	0.427313	-0.899665	0.089479	0.882474	0.393523	-0.257642
07890	9.389608	0.854785	-2.544138	-0.001821	0.017642	-0.021292	0.196311	0.189216	0.962112	0.427345	-0.899625	0.089731	0.882518	0.393538	-0.257467
07891	9.408230	0.844224	-2.578095	-0.004305	0.019802	-0.032294	0.195975	0.189480	0.962129	0.427406	-0.899559	0.090099	0.882563	0.393563	-0.257276
07892	9.413464	0.864032	-2.546450	0.001074	0.022486	-0.026485	0.195641	0.189667	0.962160	0.427474	-0.899497	0.090394	0.882605	0.393613	-0.257056
07893	9.413266	0.820823	-2.477568	-0.010270	0.023827	-0.029460	0.195312	0.189885	0.962183	0.427403	-0.899495	0.090756	0.882712	0.393514	-0.256839
07894	9.411494	0.846818	-2.468680	0.006606	0.014052	-0.027349	0.195049	0.190113	0.962192	0.427520	-0.899409	0.091045	0.882713	0.393598	-0.256706
07895	9.418524	0.843197	-2.444802	0.016650	0.016105	-0.035016	0.194715	0.190430	0.962197	0.427877	-0.899206	0.091376	0.882614	0.393910	-0.256570
07896	9.479613	0.887298	-2.477266	0.017066	0.013489	-0.035811	0.194421	0.190736	0.962196	0.428104	-0.899063	0.091719	0.882569	0.394087	-0.256451
07897	9.430889	0.905780	-2.457124	0.009933	0.008209	-0.034106	0.194238	0.191025	0.962175	0.428015	-0.899068	0.092091	0.882652	0.393938	-0.256395
07898	9.402539	0.888058	-2.480075	-0.004616	0.005288	-0.035046	0.194019	0.191357	0.962153	0.428048	-0.899012	0.092482	0.882684	0.393905	-0.256335
07899	9.362032	0.831907	-2.378407	-0.025389	-0.002126	-0.039027	0.193843	0.191767	0.962107	0.427950	-0.899008	0.092968	0.882770	0.393713	-0.256333
07900	9.473927	0.688269	-2.533285	-0.011542	-0.004047	-0.041228	0.193680	0.192191	0.962055	0.427934	-0.898967	0.093437	0.882814	0.393600	-0.256357
07901	9.483097	0.708954	-2.584399	0.021414	0.006459	-0.051277	0.193327	0.192712	0.962022	0.428525	-0.898637	0.093899	0.882605	0.394097	-0.256313
07902	9.432687	0.815614	-2.514135	0.009187	-0.001084	-0.050276	0.193099	0.193206	0.961969	0.428709	-0.898497	0.094402	0.882565	0.394176	-0.256328
07903	9.522659	0.796203	-2.575528	-0.022607	-0.007785	-0.054089	0.192881	0.193796	0.961894	0.428822	-0.898379	0.095011	0.882558	0.394156	-0.256385
07904	9.570810	0.786309	-2.595220	0.011752	-0.002663	-0.057444	0.192636	0.194360	0.961829	0.429043	-0.898213	0.095576	0.882504	0.394254	-0.256417
07905	9.560483	0.989289	-2.405809	-0.001978	-0.002765	-0.059209	0.192389	0.194956	0.961758	0.429179	-0.898082	0.096196	0.882492	0.394259	-0.256452
07906	9.552063	0.909914	-2.295757	-0.035317	-0.016155	-0.063379	0.192237	0.195626	0.961652	0.428995	-0.898090	0.096938	0.882614	0.393909	-0.256569
07907	9.565398	0.662263	-2.214148	-0.051360	-0.033824	-0.065465	0.192238	0.196402	0.961494	0.428715	-0.898137	0.097744	0.882750	0.393417	-0.256856
07908	9.586046	0.454760	-2.177837	0.029172	-0.033906	-0.086970	0.192142	0.197353	0.961318	0.429146	-0.897843	0.098547	0.882562	0.393611	-0.257207
07909	9.574212	0.595842	-2.035778	0.101041	-0.040435	-0.092161	0.192062	0.198407	0.961117	0.430365	-0.897187	0.099208	0.881985	0.394577	-0.257703
07910	9.696713	0.698648	-1.895238	0.093987	-0.065230	-0.103137	0.192171	0.199627	0.960843	0.431398	-0.896603	0.099999	0.881457	0.395289	-0.258419
07911	9.871661	0.585681	-1.700607	0.096919	-0.081421	-0.104831	0.192401	0.200947	0.960522	0.432561	-0.895953	0.100794	0.880837	0.396091	-0.259304
07912	10.127167	0.601824	-1.312707	0.167496	-0.089278	-0.115798	0.192662	0.202376	0.960169	0.434264	-0.895047	0.101513	0.879941	0.397410	-0.260327
07913	10.434869	0.819242	-0.888618	0.341150	-0.075279	-0.145879	0.192664	0.204036	0.959818	0.437614	-0.893351	0.102064	0.878279	0.400366	-0.261406
07914	10.292491	0.759488	-0.609978	0.487394	-0.053235	-0.184577	0.192296	0.205934	0.959486	0.442251	-0.891003	0.102601	0.876034	0.404604	-0.262411
07915	10.228985	0.603875	-0.486248	0.645774	-0.048960	-0.206708	0.191804	0.208002	0.959138	0.448218	-0.887978	0.102938	0.873105	0.410159	-0.263548
07916	10.316215	0.576024	-0.482167	0.983549	-0.033981	-0.218907	0.191085	0.210119	0.958820	0.457208	-0.883436	0.102481	0.868589	0.418798	-0.264880
07917	10.060719	1.000900	-0.498905	1.285123	-0.010253	-0.225246	0.190122	0.212168	0.958561	0.468670	-0.877548	0.101280	0.862671	0.429994	-0.266278
07918	9.825167	1.496584	-0.311147	1.248753	-0.093275	-0.210633	0.189901	0.214452	0.958096	0.479811	-0.871654	0.100002	0.856574	0.440715	-0.268425
07919	9.623469	1.568774	-0.557550	1.114609	-0.227175	-0.206783	0.190815	0.217286	0.957276	0.489669	-0.866267	0.099022	0.850773	0.449853	-0.271695
07920	9.540775	1.607509	-0.859029	0.960323	-0.360211	-0.187023	0.192921	0.220571	0.956101	0.498178	-0.861494	0.098224	0.845340	0.457359	-0.276084
07921	9.549783	1.764990	-1.125074	0.918976	-0.460530	-0.159983	0.195996	0.224075	0.954660	0.506068	-0.856993	0.097253	0.839929	0.464062	-0.281365
07922	9.730286	1.871862	-1.101346	0.751854	-0.541703	-0.132871	0.199831	0.227775	0.952988	0.512634	-0.853175	0.096425	0.835029	0.469266	-0.287256
07923	9.655196	1.617337	-1.532310	0.602186	-0.635200	-0.103041	0.204610	0.231631	0.951042	0.517580	-0.850262	0.095732	0.830810	0.472653	-0.293860
07924	9.673683	1.482376	-1.665486	0.521467	-0.715618	-0.081722	0.210089	0.235752	0.948833	0.522078	-0.847591	0.094999	0.826618	0.475406	-0.301151
07925	9.718062	1.390049	-2.014261	0.439719	-0.758769	-0.048113	0.216154	0.239741	0.946468	0.525408	-0.845619	0.094204	0.822936	0.476920	-0.308746
07926	9.718795	1.364742	-2.367165	0.362947	-0.800027	-0.018931	0.222597	0.243756	0.943946	0.528437	-0.843831	0.093290	0.819271	0.478050	-0.316644
07927	9.805396	1.360758	-2.672488	0.289382	-0.813066	0.018181	0.229323	0.247489	0.941361	0.530603	-0.842584	0.092261	0.816010	0.478331	-0.324543
07928	9.892209	1.247122	-2.943882	0.190252	-0.815492	0.067953	0.236300	0.250851	0.938742	0.532002	-0.841835	0.091040	0.813103	0.477900	-0.332379
07929	10.062311	0.936688	-3.066132	0.072060	-0.806361	0.111929	0.243422	0.253773	0.936133	0.532241	-0.841816	0.089807	0.810843	0.476387	-0.339985
07930	10.195271	0.521724	-3.189846	0.019652	-0.785498	0.138069	0.250491	0.256380	0.933554	0.532067	-0.842065	0.088491	0.808801	0.474547	-0.347341
07931	10.283893	0.316223	-3.263545	0.048558	-0.759639	0.143943	0.257352	0.258801	0.931017	0.532104	-0.842195	0.087026	0.806620	0.473001	-0.354449
07932	10.229856	0.183810	-3.398355	0.096216	-0.717869	0.122647	0.263760	0.261194	0.928552	0.532568	-0.842049	0.085583	0.804240	0.471944	-0.361202
07933	9.918201	0.338657	-3.455055	0.146677	-0.656485	0.118917	0.269626	0.263322	0.926263	0.533438	-0.841659	0.083992	0.801715	0.471457	-0.367399
07934	9.717813	0.444330	-3.581981	0.144106	-0.570448	0.099524	0.274697	0.265208	0.924233	0.534330	-0.841232	0.082580	0.799395	0.471161	-0.372793
07935	9.508798	0.337657	-3.484212	0.108157	-0.475036	0.068001	0.278815	0.266906	0.922510	0.535015	-0.840893	0.081592	0.797509	0.470808	-0.377252
07936	9.392002	-0.176936	-3.258644	0.104938	-0.342397	0.019710	0.281622	0.268386	0.921226	0.535806	-0.840442	0.081054	0.795991	0.470772	-0.380490
07937	9.254943	-1.026580	-3.082987	0.221350	-0.185721	-0.035975	0.282865	0.269596	0.920492	0.537679	-0.839290	0.080585	0.794285	0.472135	-0.382362
07938	9.213385	-2.051504	-3.379493	0.485277	0.014546	-0.109875	0.282130	0.270482	0.920458	0.541848	-0.836681	0.079781	0.791709	0.476239	-0.382613
07939	9.305857	-2.676514	-3.637583	0.935990	0.217689	-0.186673	0.279353	0.271022	0.921146	0.549776	-0.831666	0.077966	0.787216	0.484643	-0.381330
07940	9.481173	-2.580960	-3.602322	1.430335	0.444148	-0.258244	0.274409	0.271012	0.922633	0.561713	-0.823930	0.074955	0.780499	0.497686	-0.378325
07941	9.510385	-1.936490	-3.384105	1.845661	0.646793	-0.309315	0.267589	0.270296	0.924844	0.576893	-0.813736	0.070909	0.771746	0.514561	-0.373678
07942	9.302430	-0.858062	-3.267047	2.069538	0.829757	-0.334830	0.259237	0.268685	0.927688	0.593654	-0.801978	0.066383	0.761821	0.533516	-0.367409
07943	9.031780	0.318686	-3.230868	2.023008	0.960289	-0.369944	0.249702	0.266438	0.930946	0.609927	-0.789989	0.062499	0.752089	0.552203	-0.359770
07944	8.951662	1.390323	-2.843817	1.730637	1.084472	-0.405519	0.239057	0.263574	0.934548	0.623873	-0.779205	0.060175	0.744066	0.568654	-0.350711
07945	8.886977	1.615072	-2.643284	1.208238	1.186971	-0.436967	0.227464	0.260157	0.938391	0.633871	-0.771098	0.060128	0.739235	0.581142	-0.340303
07946	9.012745	1.037227	-2.776902	0.831666	1.290204	-0.457977	0.214992	0.256145	0.942427	0.641029	-0.765033	0.061695	0.736790	0.590859	-0.328672
07947	9.066317	0.796367	-2.776315	0.658742	1.387421	-0.479968	0.201644	0.251566	0.946601	0.646894	-0.759878	0.064143	0.735437	0.599416	-0.315962
07948	9.060313	0.775154	-2.791613	0.542687	1.478406	-0.489912	0.187563	0.246389	0.950848	0.651843	-0.755375	0.067155	0.734793	0.607208	-0.302287
07949	9.106351	0.811920	-2.788867	0.481192	1.558840	-0.511429	0.172722	0.240736	0.955098	0.656313	-0.751174	0.070647	0.734452	0.614641	-0.287743
07950	9.176643	0.927165	-2.759430	0.451641	1.645208	-0.517470	0.157202	0.234471	0.959328	0.660488	-0.747143	0.074379	0.734195	0.621933	-0.272317
07951	9.086713	1.019087	-2.675258	0.444353	1.705110	-0.510381	0.141260	0.227625	0.963448	0.664524	-0.743169	0.078150	0.733794	0.629195	-0.256242
07952	9.087972	1.195417	-2.491199	0.470056	1.749343	-0.503006	0.125045	0.220311	0.967381	0.668645	-0.739060	0.081883	0.732992	0.636596	-0.239725
07953	9.127600	1.327700	-2.264611	0.480276	1.785816	-0.480351	0.108698	0.212434	0.971111	0.672734	-0.734931	0.085468	0.731856	0.644009	-0.222797
07954	9.254477	1.400162	-2.004740	0.481999	1.804769	-0.461315	0.092357	0.204155	0.974572	0.676724	-0.730841	0.088966	0.730421	0.651300	-0.205655
07955	9.322930	1.388468	-1.924694	0.504925	1.827328	-0.439986	0.075995	0.195410	0.977773	0.680786	-0.726642	0.092308	0.728529	0.658640	-0.188254
07956	9.387345	1.401001	-1.718082	0.548182	1.821475	-0.416672	0.059869	0.186392	0.980650	0.685057	-0.722209	0.095447	0.726025	0.666087	-0.170927
07957	9.282403	1.312859	-1.402581	0.571824	1.803614	-0.383416	0.044121	0.177089	0.983205	0.689406	-0.717671	0.098326	0.723030	0.673490	-0.153750
07958	9.436211	1.154318	-1.525717	0.618331	1.766203	-0.368143	0.028802	0.167789	0.985402	0.694000	-0.712843	0.101094	0.719399	0.680957	-0.136977
07959	9.639520	1.258831	-1.398141	0.700310	1.742169	-0.347011	0.013845	0.158338	0.987288	0.699101	-0.707470	0.103658	0.714889	0.688778	-0.120489
07960	9.801161	1.306546	-1.259645	0.716809	1.705433	-0.327709	-0.000638	0.148863	0.988858	0.704227	-0.701997	0.106133	0.709974	0.696448	-0.104385
07961	9.748229	1.225570	-0.990461	0.701660	1.641288	-0.314605	-0.014519	0.139588	0.990103	0.709170	-0.696621	0.108612	0.704888	0.703729	-0.088877
07962	9.704275	1.198003	-0.734508	0.689406	1.571797	-0.305343	-0.027765	0.130619	0.991044	0.713944	-0.691329	0.111118	0.699652	0.710635	-0.074060
07963	9.689479	1.070425	-0.577634	0.687495	1.487138	-0.292067	-0.040268	0.122028	0.991709	0.718638	-0.686043	0.113596	0.694217	0.717255	-0.060069
07964	9.695624	1.065202	-0.491508	0.682715	1.395662	-0.272691	-0.051918	0.113864	0.992139	0.723229	-0.680800	0.115979	0.688654	0.723565	-0.047004
07965	9.703569	1.185291	-0.403388	0.669491	1.312052	-0.262528	-0.062869	0.106126	0.992363	0.727671	-0.675639	0.118355	0.683039	0.729554	-0.034749
07966	9.490570	1.408654	-0.355992	0.618869	1.218931	-0.231880	-0.072889	0.098788	0.992435	0.731719	-0.670867	0.120519	0.677698	0.734968	-0.023386
07967	9.595031	1.503331	-0.412123	0.485228	1.109669	-0.211259	-0.081980	0.092036	0.992375	0.734833	-0.667081	0.122572	0.673276	0.739278	-0.012943
07968	9.503772	1.456670	-0.480056	0.360914	1.017054	-0.181465	-0.090180	0.085734	0.992228	0.737094	-0.664244	0.124386	0.669746	0.742583	-0.003292
07969	9.290087	1.422989	-0.436585	0.245040	0.918494	-0.133455	-0.097351	0.079803	0.992045	0.738605	-0.662304	0.125758	0.667072	0.744973	0.005534
07970	9.115506	1.308280	-0.467191	0.147193	0.825711	-0.088049	-0.103537	0.074253	0.991850	0.739491	-0.661138	0.126689	0.665156	0.746581	0.013543
07971	8.913924	1.208803	-0.510723	0.072450	0.737063	-0.049887	-0.108850	0.069092	0.991654	0.739917	-0.660555	0.127241	0.663833	0.747592	0.020780
07972	8.777292	1.163488	-0.594638	-0.001116	0.653476	-0.001831	-0.113235	0.064243	0.991489	0.739901	-0.660561	0.127302	0.663118	0.748018	0.027265
07973	8.668798	1.109124	-0.758796	-0.052519	0.580643	0.042143	-0.116818	0.059637	0.991361	0.739597	-0.660976	0.126913	0.662834	0.748034	0.033106
07974	8.533001	1.074170	-0.909573	-0.058769	0.514902	0.080095	-0.119673	0.055282	0.991273	0.739295	-0.661461	0.126141	0.662662	0.747939	0.038289
07975	8.430650	0.975722	-0.835256	-0.091338	0.455315	0.116715	-0.121872	0.051123	0.991228	0.738827	-0.662202	0.124993	0.662784	0.747579	0.042933
07976	8.404988	0.755927	-0.993153	-0.089498	0.409043	0.149481	-0.123515	0.047101	0.991224	0.738410	-0.662945	0.123514	0.662944	0.747185	0.047103
07977	8.305343	0.527067	-1.109428	-0.033767	0.362278	0.169559	-0.124706	0.043289	0.991249	0.738391	-0.663271	0.121861	0.662742	0.747126	0.050750
07978	8.292730	0.375573	-1.310566	0.061868	0.317156	0.185749	-0.125470	0.039713	0.991302	0.739026	-0.662886	0.120095	0.661890	0.747667	0.053823
07979	8.341208	0.404787	-1.363586	0.172284	0.290209	0.194078	-0.125993	0.036277	0.991368	0.740403	-0.661669	0.118310	0.660249	0.748918	0.056506
07980	8.433927	0.477777	-1.497426	0.259533	0.250085	0.202670	-0.126174	0.033088	0.991456	0.742362	-0.659794	0.116493	0.658011	0.750718	0.058685
07981	8.577338	0.522262	-1.529010	0.334298	0.219044	0.214323	-0.126057	0.030052	0.991568	0.744822	-0.657347	0.114611	0.655249	0.752988	0.060479
07982	8.703653	0.558083	-1.737381	0.409382	0.175544	0.239683	-0.125450	0.027181	0.991727	0.747791	-0.654328	0.112527	0.651974	0.755722	0.061760
07983	8.835808	0.648921	-1.736560	0.469627	0.117380	0.260551	-0.124297	0.024617	0.991940	0.751163	-0.650840	0.110278	0.648309	0.758816	0.062406
07984	8.665818	0.761882	-1.741025	0.496283	0.064960	0.283996	-0.122614	0.022305	0.992204	0.754714	-0.647134	0.107813	0.644494	0.762050	0.062514
07985	8.975057	1.021335	-1.346952	0.495575	0.004991	0.289756	-0.120487	0.020424	0.992505	0.758243	-0.643414	0.105289	0.640742	0.765246	0.062037
07986	9.671208	0.872690	-0.222814	0.520144	-0.061685	0.280186	-0.118000	0.019124	0.992829	0.761893	-0.639481	0.102870	0.636863	0.768569	0.060888
07987	8.975736	0.988674	-0.090031	0.595749	-0.272082	0.286011	-0.114120	0.019426	0.993277	0.765998	-0.634950	0.100425	0.632632	0.772309	0.057580
07988	10.227670	2.208107	1.720406	0.671335	-0.286632	0.235925	-0.110537	0.020178	0.993667	0.770488	-0.629799	0.098499	0.627798	0.776496	0.054070
07989	11.526871	2.329549	2.504645	0.493691	-0.200275	0.144802	-0.108199	0.020855	0.993910	0.773728	-0.625991	0.097365	0.624210	0.779551	0.051596
07990	11.279821	2.843848	2.482301	0.737059	-0.132613	0.171173	-0.106083	0.020849	0.994139	0.778485	-0.620265	0.096079	0.618633	0.784115	0.049569
07991	10.650893	5.234660	3.273945	0.810931	-0.225513	0.250448	-0.102776	0.021103	0.994481	0.783731	-0.613942	0.094024	0.612538	0.789069	0.046559
07992	10.420394	7.143706	3.870915	0.356503	-0.486771	0.306677	-0.097430	0.023094	0.994974	0.786212	-0.611194	0.091173	0.610228	0.791144	0.041392
07993	10.259024	5.837695	4.038843	-0.511401	-0.728469	0.355621	-0.090222	0.026691	0.995564	0.783404	-0.615324	0.087492	0.614929	0.787823	0.034606
07994	9.973416	2.064858	2.475940	-0.941269	-0.891442	0.435727	-0.081339	0.031013	0.996204	0.777946	-0.622837	0.082908	0.623044	0.781736	0.026534
07995	9.809820	-0.142409	0.809119	-0.617459	-1.011794	0.509260	-0.071105	0.035744	0.996828	0.774462	-0.627824	0.077756	0.628612	0.777534	0.016959
07996	9.937050	-0.506345	-0.898805	-0.167665	-1.073080	0.551502	-0.060116	0.040637	0.997364	0.773764	-0.629337	0.072280	0.630616	0.776069	0.006390
07997	9.752320	0.187185	-2.111058	0.117712	-1.041977	0.561603	-0.049248	0.045219	0.997762	0.774806	-0.628666	0.066735	0.630277	0.776359	-0.004075
07998	9.360852	1.062467	-2.478409	-0.126037	-1.009703	0.538215	-0.038745	0.049688	0.998013	0.774244	-0.629900	0.061419	0.631700	0.775085	-0.014066
07999	9.331004	0.655478	-2.674781	-0.753872	-1.005836	0.490355	-0.028622	0.054383	0.998110	0.769617	-0.635981	0.056722	0.637864	0.769786	-0.023651
08000	9.822592	-0.768374	-3.057124	-1.214466	-0.957376	0.445403	-0.019095	0.058884	0.998082	0.761916	-0.645531	0.052661	0.647394	0.761460	-0.032538
08001	10.330170	-1.832864	-3.529928	-1.216176	-0.857256	0.379863	-0.010669	0.062937	0.997960	0.754035	-0.654976	0.049368	0.656747	0.753024	-0.040469
08002	10.714972	-1.983396	-3.483550	-0.927845	-0.763006	0.319766	-0.003265	0.066578	0.997776	0.747929	-0.662139	0.046629	0.663771	0.746418	-0.047633
08003	10.707600	-1.299315	-3.253153	-0.572359	-0.680563	0.283750	0.003346	0.069791	0.997556	0.744111	-0.666597	0.044141	0.668048	0.742144	-0.054163
08004	10.463726	-0.276937	-2.560903	-0.229288	-0.544515	0.256415	0.008859	0.072142	0.997355	0.742560	-0.668477	0.041757	0.669721	0.740226	-0.059491
08005	9.958053	0.819493	-2.135086	-0.015359	-0.439020	0.235890	0.013517	0.073848	0.997178	0.742423	-0.668768	0.039464	0.669795	0.739795	-0.063866
08006	9.711972	1.314593	-1.785275	-0.065178	-0.444903	0.237878	0.018228	0.075572	0.996974	0.741947	-0.669426	0.037178	0.670210	0.739024	-0.068273
08007	9.752002	1.005859	-1.372404	-0.051366	-0.419841	0.263033	0.022960	0.076949	0.996771	0.741541	-0.670013	0.034643	0.670515	0.738351	-0.072445
08008	9.599227	0.559613	-1.072552	0.086422	-0.393110	0.287351	0.027691	0.077954	0.996572	0.742047	-0.669596	0.031758	0.669776	0.738624	-0.076387
08009	9.465207	0.739088	-0.509518	0.233802	-0.393301	0.305737	0.032560	0.078854	0.996354	0.743510	-0.668114	0.028579	0.667932	0.739869	-0.080382
08010	9.413945	0.716709	0.146302	0.189259	-0.430018	0.322098	0.037790	0.079913	0.996085	0.744659	-0.666967	0.025258	0.666374	0.740789	-0.084713
08011	9.385179	0.307710	0.652899	0.115490	-0.466745	0.335396	0.043362	0.081173	0.995756	0.745284	-0.666388	0.021868	0.665335	0.741173	-0.089393
08012	9.285401	0.081319	1.287587	0.056984	-0.524842	0.347353	0.049407	0.082775	0.995343	0.745502	-0.666249	0.018401	0.664669	0.741121	-0.094626
08013	9.205916	-0.023272	1.701404	0.038452	-0.588366	0.362453	0.055982	0.084755	0.994828	0.745561	-0.666273	0.014809	0.664082	0.740876	-0.100489
08014	9.243790	0.082834	1.744345	0.021341	-0.689115	0.360671	0.063210	0.087481	0.994159	0.745489	-0.666424	0.011243	0.663514	0.740423	-0.107341
08015	9.260072	0.268279	1.448124	0.042847	-0.762020	0.360959	0.070915	0.090749	0.993346	0.745527	-0.666431	0.007660	0.662692	0.740023	-0.114916
08016	9.273697	0.510174	0.814073	0.023553	-0.835223	0.364970	0.079132	0.094520	0.992373	0.745411	-0.666593	0.004051	0.661892	0.739405	-0.123206
08017	9.406075	0.382297	-0.290702	-0.046622	-0.886823	0.365775	0.087685	0.098663	0.991250	0.744796	-0.667292	0.000534	0.661506	0.738232	-0.131995
08018	9.396710	-0.052332	-1.814357	-0.131991	-0.915191	0.357074	0.096362	0.103052	0.989997	0.743596	-0.668623	-0.002779	0.661649	0.736426	-0.141059
08019	9.487054	-0.429221	-2.994007	-0.182001	-0.918555	0.349558	0.104997	0.107496	0.988646	0.742039	-0.670330	-0.005921	0.662083	0.734236	-0.150149
08020	9.615825	-0.573705	-3.765552	-0.280556	-0.873821	0.339388	0.113267	0.111647	0.987272	0.739813	-0.672755	-0.008797	0.663210	0.731393	-0.158799
08021	9.709188	-0.840947	-4.165351	-0.400437	-0.824253	0.315997	0.121036	0.115561	0.985898	0.736782	-0.676038	-0.011212	0.665209	0.727749	-0.166968
08022	10.063269	-0.996895	-4.451868	-0.379998	-0.767803	0.284284	0.128207	0.119236	0.984554	0.733900	-0.679127	-0.013321	0.667049	0.724272	-0.174576
08023	10.209276	-0.779153	-4.565861	-0.313193	-0.678926	0.262862	0.134631	0.122388	0.983308	0.731462	-0.681711	-0.015300	0.668460	0.721312	-0.181302
08024	10.037949	-0.530298	-4.410368	-0.324838	-0.616602	0.237289	0.140456	0.125232	0.982135	0.728965	-0.684340	-0.016990	0.669986	0.718329	-0.187410
08025	10.038141	-0.461222	-4.210154	-0.354467	-0.572604	0.215038	0.145831	0.127897	0.981007	0.726277	-0.687157	-0.018377	0.671755	0.715163	-0.193098
08026	10.015260	-0.496997	-3.811681	-0.398149	-0.521190	0.202797	0.150773	0.130246	0.979951	0.723302	-0.690255	-0.019543	0.673871	0.711747	-0.198279
08027	10.239598	-0.805692	-3.277688	-0.222195	-0.386177	0.189911	0.154721	0.131716	0.979139	0.721510	-0.692088	-0.020910	0.674896	0.709693	-0.202114
08028	10.095191	-0.818888	-2.901849	0.133654	-0.206030	0.178437	0.157363	0.131971	0.978683	0.722138	-0.691371	-0.022885	0.673613	0.710345	-0.204098
08029	9.700422	-0.568383	-2.382160	0.173360	-0.164623	0.166908	0.159650	0.132026	0.978305	0.723036	-0.690364	-0.024825	0.672109	0.711313	-0.205676
08030	9.661018	-0.686817	-2.128099	0.133433	-0.183983	0.145779	0.161906	0.132356	0.977890	0.723703	-0.689604	-0.026484	0.670851	0.711989	-0.207437
08031	9.595656	-0.655243	-1.859937	0.180592	-0.203090	0.129727	0.164179	0.132947	0.977431	0.724698	-0.688494	-0.028081	0.669222	0.712952	-0.209383
08032	9.487318	-0.272701	-1.520931	0.121604	-0.235843	0.118087	0.166578	0.133843	0.976902	0.725321	-0.687781	-0.029448	0.667953	0.713473	-0.211648
08033	9.314505	-0.155838	-1.393579	-0.028765	-0.282608	0.111642	0.169248	0.135127	0.976266	0.724939	-0.688141	-0.030430	0.667697	0.712884	-0.214425
08034	9.330784	-0.244855	-1.242292	-0.156094	-0.337131	0.109951	0.172262	0.136798	0.975506	0.723714	-0.689398	-0.031123	0.668254	0.711349	-0.217759
08035	9.290547	-0.372794	-1.229882	-0.232046	-0.383880	0.107149	0.175576	0.138821	0.974629	0.721974	-0.691198	-0.031611	0.669273	0.709207	-0.221582
08036	9.305367	-0.429790	-1.293873	-0.290664	-0.431808	0.106913	0.179205	0.141164	0.973631	0.719843	-0.693401	-0.031959	0.670606	0.706589	-0.225877
08037	9.168964	-0.434608	-1.253826	-0.326180	-0.468537	0.099085	0.183034	0.143815	0.972531	0.717473	-0.695845	-0.032132	0.672110	0.703645	-0.230547
08038	9.148249	-0.510627	-1.264975	-0.354023	-0.522056	0.098465	0.187218	0.146821	0.971284	0.714914	-0.698469	-0.032220	0.673682	0.700417	-0.235731
08039	9.259831	-0.535645	-1.346257	-0.361042	-0.572805	0.090076	0.191695	0.150227	0.969889	0.712309	-0.701128	-0.032187	0.675181	0.697031	-0.241411
08040	9.340841	-0.530502	-1.351826	-0.349688	-0.614066	0.081797	0.196393	0.153950	0.968364	0.709793	-0.703679	-0.032082	0.676479	0.693639	-0.247471
08041	9.349922	-0.558907	-1.440699	-0.322297	-0.646083	0.076633	0.201281	0.157915	0.966721	0.707460	-0.706030	-0.031970	0.677485	0.690352	-0.253828
08042	9.248574	-0.409453	-1.363591	-0.250253	-0.678451	0.073184	0.206362	0.162099	0.964955	0.705622	-0.707866	-0.031990	0.677873	0.687495	-0.260457
08043	9.243658	-0.350077	-1.232311	-0.278013	-0.731816	0.066912	0.211765	0.166677	0.963003	0.703600	-0.709882	-0.031855	0.678309	0.684314	-0.267602
08044	9.413886	-0.496992	-1.396217	-0.226617	-0.766205	0.059900	0.217350	0.171512	0.960907	0.701942	-0.711525	-0.031774	0.678260	0.681407	-0.275041
08045	9.320817	-0.406655	-1.477174	-0.108390	-0.777193	0.060696	0.223012	0.176399	0.958723	0.701078	-0.712366	-0.032009	0.677315	0.679277	-0.282536
08046	9.212162	-0.320519	-1.604732	-0.125191	-0.809022	0.065527	0.228914	0.181446	0.956387	0.700090	-0.713327	-0.032236	0.676367	0.676936	-0.290319
08047	9.293738	-0.693360	-1.815298	-0.191760	-0.865670	0.046740	0.235060	0.186990	0.953825	0.698691	-0.714705	-0.032072	0.675705	0.673967	-0.298647
08048	9.217916	-0.748601	-1.924498	-0.036445	-0.868154	0.040281	0.241167	0.192574	0.951186	0.698357	-0.715020	-0.032303	0.673896	0.672058	-0.306924
08049	9.161390	-0.488878	-1.650087	-0.041167	-0.921297	0.035308	0.247579	0.198533	0.948309	0.698001	-0.715360	-0.032466	0.671937	0.669959	-0.315685
08050	9.431303	-0.529564	-1.810977	-0.117309	-0.988881	0.025528	0.254361	0.204990	0.945135	0.697159	-0.716189	-0.032290	0.670276	0.667122	-0.325081
08051	9.553398	-0.271034	-2.209004	-0.004442	-0.993787	0.030422	0.261187	0.211420	0.941851	0.697060	-0.716275	-0.032519	0.667749	0.665020	-0.334454
08052	9.357930	0.151176	-2.452674	-0.080920	-1.023561	0.042131	0.268271	0.217939	0.938367	0.696418	-0.716895	-0.032599	0.665607	0.662241	-0.344099
08053	9.331782	-0.026524	-2.697597	-0.292826	-1.106817	0.043069	0.275897	0.224963	0.934491	0.694363	-0.718916	-0.031935	0.664636	0.657687	-0.354553
08054	9.486672	-0.512399	-3.030152	-0.366892	-1.137701	0.048380	0.283757	0.232096	0.930383	0.691801	-0.721422	-0.031024	0.663998	0.652443	-0.365273
08055	9.533421	-0.460051	-3.255977	-0.222411	-1.136579	0.051898	0.291617	0.239141	0.926160	0.690188	-0.722981	-0.030639	0.662269	0.648159	-0.375885
08056	9.602788	0.262738	-3.188011	-0.174196	-1.135523	0.057271	0.299487	0.246092	0.921817	0.688878	-0.724237	-0.030462	0.660117	0.644142	-0.386427
08057	9.926914	0.865303	-2.744496	-0.301567	-1.183298	0.047646	0.307580	0.253367	0.917169	0.686757	-0.726281	-0.029675	0.658604	0.639000	-0.397391
08058	9.779462	0.566752	-2.253960	-0.468653	-1.222488	0.057856	0.315992	0.260746	0.912228	0.683503	-0.729400	-0.028275	0.658007	0.632445	-0.408705
08059	9.877011	-0.898566	-1.876274	-0.538306	-1.308434	0.035037	0.324798	0.268745	0.906798	0.679863	-0.732866	-0.026317	0.657489	0.625046	-0.420743
08060	10.515228	-1.521703	-1.978781	-0.111667	-1.318490	-0.000577	0.333407	0.276991	0.901175	0.679146	-0.733550	-0.025794	0.653912	0.620629	-0.432688
08061	10.779828	-0.876579	-1.226691	0.101048	-1.324280	-0.011828	0.341911	0.285303	0.895376	0.679860	-0.732877	-0.026089	0.648758	0.617651	-0.444545
08062	11.092946	-0.313427	-0.967459	0.271320	-1.439412	-0.032419	0.350947	0.294445	0.888897	0.681737	-0.731100	-0.026983	0.641927	0.615464	-0.457311
08063	11.758445	1.177957	-0.549906	0.486201	-1.528727	-0.041900	0.360362	0.304176	0.881826	0.685006	-0.727966	-0.028827	0.633171	0.614445	-0.470694
08064	11.792280	2.471301	-0.140448	0.325503	-1.672564	-0.035413	0.370607	0.314716	0.873845	0.687197	-0.725850	-0.030033	0.624828	0.611634	-0.485277
08065	11.695754	2.691930	-0.256742	0.067075	-1.870333	-0.010220	0.382100	0.326201	0.864634	0.687677	-0.725388	-0.030231	0.617333	0.606140	-0.501492
08066	11.712242	2.565094	-1.523431	0.047642	-1.989419	-0.003749	0.394244	0.338254	0.854492	0.687998	-0.725075	-0.030403	0.609286	0.599875	-0.518575
08067	11.026465	2.936963	-2.844369	0.106051	-1.997389	0.022734	0.406424	0.350033	0.843977	0.688576	-0.724497	-0.031109	0.600569	0.593785	-0.535477
08068	9.844006	2.600516	-3.352345	-0.366556	-2.118351	0.067470	0.419512	0.362044	0.832427	0.686123	-0.726881	-0.029641	0.594344	0.583582	-0.553342
08069	9.597479	1.156008	-5.019458	-0.773235	-2.235258	0.082603	0.433251	0.374355	0.819849	0.681219	-0.731620	-0.025923	0.590113	0.569728	-0.571993
08070	9.618161	0.060267	-6.382131	-0.872791	-2.130855	0.074089	0.446260	0.385827	0.807459	0.675775	-0.736796	-0.021420	0.586668	0.555220	-0.589535
08071	9.232002	-0.608235	-7.033996	-1.027639	-2.000540	0.098870	0.458577	0.396074	0.795508	0.669339	-0.742785	-0.016022	0.584545	0.539812	-0.605731
08072	9.269083	-1.253846	-6.618910	-1.017421	-1.875412	0.157356	0.470538	0.404913	0.783989	0.662689	-0.748814	-0.010989	0.582613	0.524712	-0.620677
08073	9.491469	-2.229494	-6.268018	-0.842343	-1.684941	0.199882	0.481591	0.412167	0.773427	0.656870	-0.753969	-0.007216	0.580166	0.511516	-0.633845
08074	9.500599	-3.057542	-6.331735	-0.564795	-1.507683	0.207485	0.491638	0.418262	0.763773	0.652613	-0.757674	-0.005163	0.576531	0.500986	-0.645465
08075	9.591756	-3.202753	-6.129207	-0.133999	-1.444938	0.160143	0.500905	0.424262	0.754385	0.651084	-0.758986	-0.005465	0.570249	0.493905	-0.656410
08076	9.713993	-2.616273	-5.868992	0.337291	-1.436878	0.139182	0.509907	0.430308	0.744869	0.652309	-0.757903	-0.008706	0.560793	0.490323	-0.667154
08077	9.618664	-1.834388	-5.730370	0.591475	-1.456863	0.145375	0.518881	0.436364	0.735084	0.654883	-0.755606	-0.013722	0.549446	0.488514	-0.677837
08078	9.427256	-1.141171	-5.533742	0.695246	-1.503536	0.186261	0.528240	0.442325	0.724783	0.657706	-0.753015	-0.019799	0.537015	0.487153	-0.688692
08079	9.279554	-0.472649	-5.552992	0.743272	-1.539981	0.245234	0.537960	0.448000	0.714069	0.660384	-0.750454	-0.026688	0.523920	0.485917	-0.699566
08080	9.071462	0.043725	-5.580521	0.682177	-1.521463	0.296143	0.547762	0.453191	0.703260	0.662329	-0.748461	-0.033563	0.511152	0.484174	-0.710140
08081	8.687436	0.290165	-5.619860	0.531430	-1.459021	0.324258	0.557217	0.457837	0.692744	0.663269	-0.747333	-0.039593	0.499583	0.481537	-0.720096
08082	8.363194	0.423102	-6.130408	0.407991	-1.354162	0.357140	0.566250	0.461699	0.682785	0.663303	-0.746998	-0.044974	0.489275	0.478360	-0.729234
08083	8.083087	0.559660	-6.384639	0.325907	-1.218478	0.394619	0.574703	0.464587	0.673702	0.662679	-0.747232	-0.050006	0.480179	0.475187	-0.737309
08084	7.667153	0.963528	-6.874072	0.240267	-1.060651	0.436433	0.582614	0.466378	0.665622	0.661322	-0.748107	-0.054678	0.472456	0.472046	-0.744283
08085	7.171404	1.329396	-7.320420	-0.063942	-0.941163	0.483326	0.590155	0.467205	0.658359	0.658236	-0.750623	-0.057365	0.467378	0.467210	-0.750515
08086	6.676442	0.656103	-7.301855	-0.559614	-0.743358	0.467810	0.596663	0.467158	0.652501	0.652871	-0.755382	-0.056186	0.466640	0.459523	-0.755702
08087	7.749231	-0.670938	-5.809054	-0.599258	-0.418051	0.372217	0.600968	0.466275	0.649173	0.647890	-0.759815	-0.054036	0.468056	0.453066	-0.758719
08088	9.558322	-1.679679	-4.884795	-0.132992	0.122162	0.263122	0.602067	0.463751	0.649962	0.645709	-0.761621	-0.054706	0.469655	0.452623	-0.757995
08089	9.960214	-1.785920	-5.378938	0.622256	0.675176	0.195461	0.600086	0.459212	0.654997	0.647508	-0.759641	-0.060649	0.469712	0.460510	-0.753194
08090	9.122720	-0.289863	-5.784917	1.199142	1.110786	0.168716	0.595941	0.452771	0.663214	0.652150	-0.754785	-0.070713	0.468566	0.474656	-0.745082
08091	8.168790	1.490321	-5.665424	1.152335	1.413238	0.133994	0.590113	0.444977	0.673619	0.656815	-0.749785	-0.080101	0.469426	0.489711	-0.734726
08092	7.735818	2.123408	-5.386835	0.644468	1.711294	0.066436	0.582436	0.436024	0.686040	0.659494	-0.746864	-0.085217	0.475222	0.502072	-0.722556
08093	7.566493	1.485939	-5.412924	0.178828	2.029012	-0.017692	0.572489	0.425893	0.700622	0.660509	-0.745838	-0.086334	0.485781	0.512193	-0.708290
08094	7.569734	0.506540	-5.388063	-0.054105	2.351946	-0.101685	0.560200	0.414523	0.717180	0.660842	-0.745673	-0.085202	0.499464	0.521672	-0.691660
08095	7.340245	-0.270427	-5.575047	-0.052853	2.668848	-0.181289	0.545385	0.401835	0.735584	0.661629	-0.745170	-0.083481	0.514589	0.532213	-0.672270
08096	6.887217	-0.478754	-5.733074	-0.028868	2.933740	-0.270009	0.528234	0.388094	0.755216	0.662949	-0.744243	-0.081243	0.530534	0.543586	-0.650421
08097	6.671237	-0.713605	-6.114033	-0.085994	3.154188	-0.364515	0.508727	0.373500	0.775690	0.664427	-0.743287	-0.077859	0.547480	0.554998	-0.626293
08098	6.643960	-0.785379	-6.210647	-0.125268	3.368370	-0.474946	0.486796	0.358170	0.796708	0.666114	-0.742237	-0.073320	0.565085	0.566391	-0.599900
08099	6.690014	-1.117216	-6.358638	-0.198637	3.566046	-0.574420	0.462400	0.342054	0.818038	0.667748	-0.741323	-0.067472	0.583351	0.577442	-0.571193
08100	6.850657	-1.664569	-6.725906	-0.164936	3.729847	-0.701257	0.435584	0.325528	0.839225	0.669938	-0.739931	-0.060706	0.601207	0.588671	-0.540385
