// General information: 
//  MT Manager version: 2022.2.0 
//  XDA version: 2022.2.0 build 7381 rev 124627 built on 2023-07-19
// Device information: 
//  DeviceId: 00B4CBA7
//  ProductCode: MTW2-3A7G6
//  Firmware Version: 4.6.0
//  Hardware Version: 2.0.0
// Device settings: 
//  Filter Profile: human(46.1)
//  Option Flags: Orientation Smoother Disabled, Position/Velocity Smoother Disabled, Continuous Zero Rotation Update Disabled, AHS Disabled, ICC Disabled
// Coordinate system: ENU
PacketCounter	Acc_X	Acc_Y	Acc_Z	Gyr_X	Gyr_Y	Gyr_Z	Mat[1][1]	Mat[2][1]	Mat[3][1]	Mat[1][2]	Mat[2][2]	Mat[3][2]	Mat[1][3]	Mat[2][3]	Mat[3][3]
56924	9.628487	-0.295187	-1.858997	-0.014342	0.036656	0.005736	0.110277	-0.110204	0.987772	-0.538805	-0.841754	-0.033760	0.835182	-0.528494	-0.152205
56925	9.564045	-0.320854	-1.782978	-0.000258	0.035209	0.009469	0.110000	-0.110096	0.987815	-0.538816	-0.841745	-0.033815	0.835211	-0.528531	-0.151913
56926	9.486280	-0.381383	-1.648738	-0.018626	0.034205	0.016197	0.109642	-0.110015	0.987864	-0.538988	-0.841631	-0.033908	0.835147	-0.528729	-0.151575
56927	9.428354	-0.405219	-1.550123	-0.021598	0.025373	0.014027	0.109423	-0.109998	0.987890	-0.539182	-0.841504	-0.033976	0.835051	-0.528935	-0.151388
56928	9.363775	-0.461207	-1.370458	-0.022449	0.021167	0.017744	0.109166	-0.109999	0.987919	-0.539388	-0.841368	-0.034079	0.834951	-0.529151	-0.151180
56929	9.383293	-0.491764	-1.320684	-0.019163	0.010668	0.014489	0.109066	-0.110063	0.987923	-0.539562	-0.841253	-0.034155	0.834852	-0.529320	-0.151138
56930	9.475464	-0.443635	-1.351745	-0.011870	0.003377	0.014322	0.108976	-0.110129	0.987925	-0.539675	-0.841177	-0.034240	0.834790	-0.529427	-0.151102
56931	9.599155	-0.411826	-1.467460	-0.021477	-0.000331	0.014607	0.108966	-0.110252	0.987912	-0.539869	-0.841049	-0.034315	0.834666	-0.529604	-0.151168
56932	9.695715	-0.389501	-1.676783	-0.012393	-0.001915	0.019184	0.108894	-0.110388	0.987905	-0.539992	-0.840965	-0.034447	0.834596	-0.529710	-0.151184
56933	9.847050	-0.267983	-1.835321	0.002897	-0.002627	0.017843	0.108886	-0.110550	0.987888	-0.539986	-0.840963	-0.034591	0.834601	-0.529679	-0.151264
56934	9.964017	-0.239255	-1.974226	-0.004418	0.007044	0.020522	0.108732	-0.110649	0.987894	-0.540044	-0.840919	-0.034748	0.834584	-0.529728	-0.151190
56935	9.787230	-0.286200	-1.918461	-0.006074	-0.006122	0.022928	0.108726	-0.110873	0.987869	-0.540118	-0.840864	-0.034928	0.834537	-0.529768	-0.151309
56936	9.836496	-0.465787	-1.787784	-0.012771	0.001717	0.013202	0.108656	-0.110939	0.987870	-0.540237	-0.840785	-0.035000	0.834468	-0.529881	-0.151290
56937	9.851315	-0.455707	-1.613801	0.009522	0.010828	0.007259	0.108594	-0.110942	0.987876	-0.540164	-0.840829	-0.035049	0.834524	-0.529809	-0.151236
56938	9.724783	-0.613473	-1.509352	0.041345	0.009974	0.006839	0.108490	-0.110910	0.987891	-0.539825	-0.841043	-0.035140	0.834757	-0.529476	-0.151117
56939	9.590373	-0.513915	-1.478819	0.058749	0.016262	0.013890	0.108346	-0.110941	0.987903	-0.539349	-0.841341	-0.035330	0.835083	-0.528996	-0.150992
56940	9.415535	-0.458567	-1.483307	0.058849	0.011352	0.016198	0.108179	-0.110981	0.987917	-0.538873	-0.841637	-0.035540	0.835412	-0.528517	-0.150852
56941	9.437735	-0.366433	-1.422035	0.026016	-0.003121	0.021325	0.108157	-0.111177	0.987898	-0.538678	-0.841753	-0.035754	0.835541	-0.528291	-0.150930
56942	9.351090	-0.451364	-1.389111	0.003292	-0.008447	0.013959	0.108168	-0.111303	0.987882	-0.538664	-0.841757	-0.035858	0.835548	-0.528258	-0.151006
56943	9.272077	-0.497058	-1.312329	0.002927	-0.025782	0.013612	0.108376	-0.111553	0.987831	-0.538653	-0.841760	-0.035961	0.835528	-0.528201	-0.151315
56944	9.337990	-0.452094	-1.313386	0.009277	-0.032368	0.014845	0.108582	-0.111813	0.987779	-0.538590	-0.841795	-0.036083	0.835542	-0.528090	-0.151625
56945	9.476703	-0.314109	-1.447412	0.008009	-0.030573	0.015096	0.108821	-0.112101	0.987720	-0.538538	-0.841823	-0.036209	0.835544	-0.527985	-0.151979
56946	9.607622	-0.229571	-1.574119	-0.007508	-0.036056	0.015108	0.109056	-0.112382	0.987662	-0.538616	-0.841769	-0.036308	0.835464	-0.528011	-0.152331
56947	9.726138	-0.314274	-1.885045	-0.026204	-0.035944	0.020688	0.109310	-0.112745	0.987593	-0.538856	-0.841609	-0.036437	0.835276	-0.528188	-0.152750
56948	9.792740	-0.404661	-2.129145	-0.005960	-0.031794	0.023516	0.109464	-0.113075	0.987538	-0.538930	-0.841554	-0.036622	0.835207	-0.528206	-0.153060
56949	9.841384	-0.459923	-2.294144	0.012625	-0.020018	0.030482	0.109533	-0.113437	0.987489	-0.538857	-0.841588	-0.036907	0.835246	-0.528073	-0.153308
56950	9.789866	-0.387844	-2.364678	0.038960	-0.007724	0.027579	0.109464	-0.113674	0.987469	-0.538561	-0.841765	-0.037200	0.835446	-0.527740	-0.153364
56951	9.710854	-0.421748	-2.338821	0.052033	0.001033	0.042738	0.109294	-0.114029	0.987447	-0.538171	-0.841993	-0.037666	0.835719	-0.527299	-0.153392
56952	9.615453	-0.398701	-2.159549	0.062177	0.012393	0.040064	0.108990	-0.114265	0.987454	-0.537694	-0.842278	-0.038118	0.836066	-0.526793	-0.153240
56953	9.519086	-0.411729	-2.000941	0.062098	0.019694	0.040234	0.108678	-0.114503	0.987460	-0.537217	-0.842561	-0.038576	0.836413	-0.526288	-0.153081
56954	9.456720	-0.398144	-1.777732	0.067081	0.024581	0.044391	0.108250	-0.114712	0.987483	-0.536703	-0.842866	-0.039078	0.836799	-0.525755	-0.152806
56955	9.439327	-0.396427	-1.591761	0.059590	0.025686	0.043211	0.107873	-0.114944	0.987497	-0.536250	-0.843132	-0.039561	0.837138	-0.525278	-0.152590
56956	9.447500	-0.362515	-1.544668	0.050330	0.018544	0.042145	0.107507	-0.115166	0.987512	-0.535872	-0.843350	-0.040015	0.837426	-0.524878	-0.152380
56957	9.526643	-0.367399	-1.463763	0.037907	0.014627	0.044138	0.107218	-0.115464	0.987508	-0.535601	-0.843501	-0.040473	0.837637	-0.524571	-0.152282
56958	9.585239	-0.364763	-1.505789	0.028883	0.011311	0.041902	0.106915	-0.115722	0.987511	-0.535403	-0.843606	-0.040892	0.837803	-0.524344	-0.152152
56959	9.688802	-0.374605	-1.585603	0.021494	0.007370	0.050395	0.106653	-0.116111	0.987494	-0.535276	-0.843663	-0.041388	0.837917	-0.524167	-0.152130
56960	9.718914	-0.433118	-1.690263	0.017718	0.007991	0.046141	0.106354	-0.116422	0.987489	-0.535175	-0.843705	-0.041831	0.838019	-0.524031	-0.152038
56961	9.724346	-0.472099	-1.687722	0.011870	0.003700	0.050696	0.106121	-0.116833	0.987466	-0.535128	-0.843710	-0.042315	0.838079	-0.523930	-0.152056
56962	9.698259	-0.464944	-1.706571	0.009685	0.003832	0.049836	0.105838	-0.117197	0.987453	-0.535099	-0.843705	-0.042783	0.838133	-0.523857	-0.152008
56963	9.647560	-0.438364	-1.618154	0.001629	0.002060	0.056038	0.105591	-0.117662	0.987424	-0.535144	-0.843650	-0.043304	0.838136	-0.523841	-0.152047
56964	9.573835	-0.491716	-1.642691	-0.018405	0.001785	0.052053	0.105312	-0.118055	0.987407	-0.535352	-0.843495	-0.043751	0.838038	-0.524002	-0.152031
56965	9.506872	-0.556738	-1.591316	-0.005596	0.002223	0.048681	0.105103	-0.118457	0.987381	-0.535449	-0.843411	-0.044188	0.838003	-0.524047	-0.152072
56966	9.513353	-0.573499	-1.515616	-0.010169	-0.006245	0.050480	0.104900	-0.118879	0.987352	-0.535586	-0.843301	-0.044633	0.837940	-0.524130	-0.152132
56967	9.493892	-0.578023	-1.459488	0.006698	-0.004997	0.047669	0.104756	-0.119311	0.987315	-0.535579	-0.843281	-0.045079	0.837962	-0.524063	-0.152239
56968	9.498919	-0.616504	-1.458407	0.011452	-0.013498	0.043011	0.104654	-0.119708	0.987278	-0.535527	-0.843292	-0.045482	0.838008	-0.523954	-0.152360
56969	9.544796	-0.596709	-1.475780	0.024927	-0.017620	0.039428	0.104659	-0.120136	0.987225	-0.535359	-0.843378	-0.045876	0.838115	-0.523718	-0.152582
56970	9.688790	-0.563196	-1.523422	0.041534	-0.017819	0.040291	0.104608	-0.120533	0.987182	-0.535052	-0.843550	-0.046298	0.838318	-0.523350	-0.152733
56971	9.762026	-0.475945	-1.658157	0.044949	-0.017230	0.036053	0.104627	-0.120930	0.987132	-0.534712	-0.843743	-0.046690	0.838532	-0.522946	-0.152941
56972	9.896385	-0.517954	-1.771575	0.037095	-0.010250	0.038741	0.104521	-0.121274	0.987101	-0.534440	-0.843893	-0.047090	0.838719	-0.522625	-0.153019
56973	9.804713	-0.490550	-1.876851	0.035914	-0.010957	0.043805	0.104447	-0.121705	0.987056	-0.534184	-0.844030	-0.047544	0.838891	-0.522304	-0.153169
56974	9.749577	-0.543643	-1.959002	0.040594	-0.012173	0.039315	0.104354	-0.122064	0.987021	-0.533884	-0.844197	-0.047956	0.839094	-0.521950	-0.153263
56975	9.742326	-0.565507	-1.930259	0.045621	-0.004901	0.045942	0.104218	-0.122481	0.986984	-0.533548	-0.844381	-0.048446	0.839324	-0.521554	-0.153350
56976	9.640137	-0.513575	-1.880526	0.054571	0.003417	0.038485	0.104000	-0.122752	0.986973	-0.533129	-0.844621	-0.048871	0.839618	-0.521101	-0.153283
56977	9.576105	-0.490723	-1.838512	0.042379	0.003377	0.039315	0.103831	-0.123071	0.986951	-0.532814	-0.844796	-0.049291	0.839838	-0.520744	-0.153290
56978	9.610232	-0.482748	-1.721223	0.019766	0.009136	0.038367	0.103565	-0.123311	0.986949	-0.532687	-0.844854	-0.049661	0.839952	-0.520592	-0.153183
56979	9.562169	-0.547007	-1.725543	0.001023	0.006989	0.041489	0.103354	-0.123630	0.986931	-0.532721	-0.844811	-0.050039	0.839956	-0.520587	-0.153175
56980	9.553474	-0.632906	-1.611553	0.001024	0.004597	0.038993	0.103123	-0.123900	0.986922	-0.532751	-0.844771	-0.050387	0.839965	-0.520588	-0.153123
56981	9.493062	-0.693657	-1.536234	0.008156	0.004660	0.031681	0.102984	-0.124148	0.986905	-0.532715	-0.844776	-0.050680	0.840005	-0.520520	-0.153134
56982	9.454818	-0.681550	-1.475411	0.013558	-0.003624	0.031816	0.102860	-0.124399	0.986886	-0.532633	-0.844810	-0.050975	0.840072	-0.520405	-0.153157
56983	9.463047	-0.645667	-1.430852	0.026644	0.000584	0.027245	0.102779	-0.124632	0.986865	-0.532437	-0.844916	-0.051253	0.840207	-0.520176	-0.153198
56984	9.590126	-0.560176	-1.452304	0.013537	-0.010805	0.024344	0.102755	-0.124857	0.986839	-0.532347	-0.844960	-0.051476	0.840266	-0.520052	-0.153291
56985	9.626186	-0.614525	-1.535360	0.005725	-0.013498	0.024388	0.102807	-0.125138	0.986798	-0.532323	-0.844961	-0.051693	0.840275	-0.519981	-0.153482
56986	9.703476	-0.611039	-1.636766	0.006322	-0.013148	0.021851	0.102816	-0.125355	0.986770	-0.532292	-0.844970	-0.051880	0.840294	-0.519915	-0.153602
56987	9.741037	-0.628748	-1.699096	0.013928	-0.021567	0.022830	0.102944	-0.125666	0.986717	-0.532197	-0.845016	-0.052095	0.840339	-0.519765	-0.153868
56988	9.701010	-0.623919	-1.766809	0.023029	-0.018280	0.025013	0.102980	-0.125936	0.986679	-0.532028	-0.845108	-0.052339	0.840441	-0.519551	-0.154030
56989	9.721291	-0.590609	-1.803542	0.021368	-0.010504	0.021788	0.103019	-0.126180	0.986644	-0.531871	-0.845193	-0.052555	0.840536	-0.519352	-0.154183
56990	9.676230	-0.579959	-1.766704	0.004685	-0.002968	0.021110	0.102947	-0.126338	0.986631	-0.531852	-0.845194	-0.052732	0.840557	-0.519313	-0.154203
56991	9.603815	-0.578483	-1.822705	-0.002959	-0.001736	0.012669	0.102962	-0.126460	0.986614	-0.531890	-0.845164	-0.052822	0.840531	-0.519331	-0.154282
56992	9.529602	-0.642036	-1.794555	0.010623	-0.003617	0.018867	0.102907	-0.126602	0.986601	-0.531819	-0.845199	-0.052986	0.840582	-0.519241	-0.154306
56993	9.517200	-0.669637	-1.609393	0.038204	-0.004433	0.016606	0.102924	-0.126772	0.986578	-0.531515	-0.845378	-0.053179	0.840773	-0.518907	-0.154390
56994	9.451564	-0.680310	-1.589390	0.029716	-0.004969	0.014373	0.102904	-0.126883	0.986565	-0.531279	-0.845517	-0.053327	0.840924	-0.518654	-0.154417
56995	9.465074	-0.677115	-1.543443	0.030700	-0.012988	0.012822	0.103012	-0.127065	0.986531	-0.531033	-0.845662	-0.053471	0.841066	-0.518373	-0.154590
56996	9.552653	-0.611772	-1.526347	0.015932	-0.011799	0.011695	0.103065	-0.127189	0.986509	-0.530910	-0.845733	-0.053573	0.841137	-0.518227	-0.154691
56997	9.571232	-0.627834	-1.532097	0.004400	-0.026057	0.009713	0.103299	-0.127413	0.986456	-0.530883	-0.845745	-0.053646	0.841126	-0.518151	-0.155006
56998	9.641383	-0.639909	-1.605446	-0.007233	-0.025730	0.008039	0.103488	-0.127578	0.986415	-0.530951	-0.845701	-0.053675	0.841059	-0.518183	-0.155258
56999	9.716792	-0.527913	-1.667966	-0.013502	-0.024002	0.009140	0.103707	-0.127787	0.986365	-0.531074	-0.845621	-0.053715	0.840955	-0.518262	-0.155561
57000	9.674919	-0.585842	-1.652354	-0.029499	-0.030695	0.005630	0.103951	-0.127957	0.986317	-0.531327	-0.845464	-0.053686	0.840765	-0.518476	-0.155874
57001	9.698433	-0.620558	-1.710048	-0.019815	-0.029466	0.002779	0.104250	-0.128140	0.986262	-0.531496	-0.845360	-0.053654	0.840621	-0.518601	-0.156234
57002	9.684478	-0.495806	-1.644562	-0.030945	-0.011811	0.001378	0.104357	-0.128177	0.986246	-0.531757	-0.845201	-0.053580	0.840443	-0.518851	-0.156361
57003	9.595010	-0.283135	-1.666852	-0.017475	-0.001513	0.005391	0.104407	-0.128237	0.986232	-0.531909	-0.845105	-0.053577	0.840340	-0.518992	-0.156445
57004	9.351098	0.076147	-1.478454	-0.024135	0.008581	0.005516	0.104320	-0.128203	0.986246	-0.532116	-0.844976	-0.053555	0.840220	-0.519211	-0.156367
57005	9.521783	0.071521	-1.399690	-0.104271	0.009882	0.014314	0.104228	-0.128278	0.986246	-0.533007	-0.844417	-0.053502	0.839667	-0.520100	-0.156385
57006	9.755462	-0.506060	-1.127602	-0.145868	-0.009473	0.005080	0.104295	-0.128334	0.986232	-0.534236	-0.843655	-0.053285	0.838877	-0.521323	-0.156550
57007	9.680740	-1.083762	-0.970705	0.085029	-0.022893	-0.024725	0.104685	-0.128248	0.986202	-0.533497	-0.844131	-0.053143	0.839298	-0.520573	-0.156788
57008	9.194166	-1.067778	0.805975	0.133512	-0.099012	-0.012722	0.105599	-0.128620	0.986056	-0.532362	-0.844844	-0.053188	0.839905	-0.519322	-0.157687
57009	8.089881	-1.311028	0.947406	0.044577	-0.134910	-0.011756	0.106855	-0.129223	0.985842	-0.531973	-0.845094	-0.053113	0.839992	-0.518766	-0.159046
57010	7.987987	-0.871160	1.482007	0.091411	-0.234310	-0.035472	0.109027	-0.130101	0.985488	-0.531166	-0.845617	-0.052871	0.840224	-0.517693	-0.161300
57011	8.081831	-1.510937	1.014560	-0.131229	-0.291577	-0.049594	0.111790	-0.131191	0.985034	-0.532213	-0.845004	-0.052141	0.839198	-0.518419	-0.164285
57012	8.708863	-1.557130	0.569250	-0.098159	-0.371382	-0.113704	0.115526	-0.132121	0.984479	-0.532905	-0.844647	-0.050820	0.838252	-0.518763	-0.167986
57013	10.032396	-1.130678	-0.356706	-0.066586	-0.400027	-0.150949	0.119723	-0.132919	0.983869	-0.533286	-0.844503	-0.049198	0.837420	-0.518794	-0.171991
57014	10.545667	-1.233898	-1.448628	-0.030411	-0.424863	-0.149963	0.124095	-0.133820	0.983205	-0.533356	-0.844549	-0.047631	0.836739	-0.518488	-0.176178
57015	10.397616	-0.753240	-2.167671	0.077630	-0.448987	-0.151069	0.128694	-0.134867	0.982471	-0.532514	-0.845156	-0.046263	0.836581	-0.517225	-0.180585
57016	10.061225	-0.249224	-3.190994	0.016646	-0.430717	-0.159559	0.133161	-0.135708	0.981759	-0.532164	-0.845461	-0.044688	0.836104	-0.516506	-0.184801
57017	9.497568	0.090847	-3.680256	0.001881	-0.392998	-0.159933	0.137335	-0.136384	0.981090	-0.531931	-0.845690	-0.043101	0.835577	-0.515953	-0.188690
57018	9.045330	0.023240	-3.948781	-0.111047	-0.358804	-0.144325	0.141115	-0.136980	0.980471	-0.532655	-0.845318	-0.041435	0.834485	-0.516405	-0.192250
57019	9.133754	-0.324342	-3.948215	-0.204535	-0.313014	-0.147751	0.144559	-0.137352	0.979917	-0.534147	-0.844465	-0.039568	0.832940	-0.517700	-0.195441
57020	9.301612	-0.782936	-3.674565	-0.224992	-0.269128	-0.160043	0.147670	-0.137360	0.979452	-0.535783	-0.843522	-0.037518	0.831343	-0.519233	-0.198158
57021	9.522142	-0.940428	-3.499852	-0.181530	-0.235888	-0.163890	0.150559	-0.137210	0.979033	-0.537046	-0.842804	-0.035529	0.830008	-0.520436	-0.200580
57022	9.931346	-0.692210	-3.558831	-0.178098	-0.196504	-0.152365	0.153023	-0.136914	0.978692	-0.538289	-0.842089	-0.033640	0.828751	-0.521671	-0.202558
57023	10.105852	-0.664338	-3.744586	-0.214338	-0.159026	-0.139324	0.155145	-0.136582	0.978405	-0.539848	-0.841161	-0.031820	0.827342	-0.523253	-0.204235
57024	10.133948	-0.836022	-3.908360	-0.213203	-0.128274	-0.125053	0.156897	-0.136167	0.978183	-0.541412	-0.840217	-0.030121	0.825988	-0.524874	-0.205550
57025	10.275531	-0.658930	-4.168505	-0.224682	-0.084125	-0.115141	0.158275	-0.135656	0.978032	-0.543081	-0.839196	-0.028512	0.824629	-0.526637	-0.206496
57026	10.104110	-0.619234	-4.275462	-0.195311	-0.053270	-0.108647	0.159321	-0.134989	0.977954	-0.544514	-0.838317	-0.027007	0.823481	-0.528207	-0.207065
57027	10.030226	-0.416007	-4.142252	-0.191077	-0.015852	-0.096951	0.160044	-0.134278	0.977934	-0.545929	-0.837439	-0.025643	0.822404	-0.529779	-0.207333
57028	10.022205	-0.353905	-4.298111	-0.128625	0.049464	-0.090308	0.160146	-0.133223	0.978062	-0.546839	-0.836881	-0.024454	0.821779	-0.530926	-0.206875
57029	9.774806	-0.130426	-3.963548	-0.035120	0.100421	-0.091388	0.159890	-0.131945	0.978277	-0.546976	-0.836819	-0.023468	0.821737	-0.531342	-0.205970
57030	9.833414	-0.001625	-3.851393	-0.077517	0.145994	-0.085089	0.159172	-0.130421	0.978598	-0.547474	-0.836522	-0.022438	0.821545	-0.532186	-0.204553
57031	9.942823	-0.418656	-3.544914	-0.093144	0.204870	-0.094539	0.158082	-0.128563	0.979021	-0.548087	-0.836150	-0.021302	0.821347	-0.533221	-0.202643
57032	9.267443	-0.197708	-2.946579	-0.059701	0.223215	-0.089162	0.156753	-0.126590	0.979491	-0.548433	-0.835949	-0.020270	0.821370	-0.534008	-0.200464
57033	9.435178	0.102680	-2.437408	-0.138087	0.228050	-0.090408	0.155454	-0.124640	0.979948	-0.549422	-0.835327	-0.019088	0.820956	-0.535438	-0.198335
57034	9.615722	-0.481916	-2.317507	-0.245472	0.239467	-0.081214	0.153952	-0.122642	0.980438	-0.551307	-0.834113	-0.017770	0.819975	-0.537787	-0.196027
57035	9.449829	-0.543036	-1.923455	-0.262168	0.208359	-0.079757	0.152764	-0.120879	0.980842	-0.553330	-0.832799	-0.016455	0.818834	-0.540216	-0.194108
57036	9.674986	-1.862079	-1.944114	-0.145726	0.183308	-0.064177	0.151635	-0.119318	0.981209	-0.554422	-0.832091	-0.015505	0.818305	-0.541653	-0.192326
57037	9.479675	-1.631983	-1.207573	0.262967	0.194560	-0.033482	0.150302	-0.118016	0.981571	-0.552214	-0.833555	-0.015663	0.820042	-0.539683	-0.190455
57038	9.367666	-0.113936	-0.094223	0.378685	0.213304	-0.010954	0.148627	-0.116741	0.981978	-0.549084	-0.835609	-0.016233	0.822445	-0.536776	-0.188295
57039	9.269845	0.929900	0.170218	0.213817	0.183408	-0.002229	0.147200	-0.115767	0.982309	-0.547319	-0.836759	-0.016597	0.823877	-0.535193	-0.186532
57040	9.572270	1.505578	-0.043521	-0.132300	0.138036	0.001983	0.146068	-0.115008	0.982567	-0.548409	-0.836051	-0.016332	0.823354	-0.536463	-0.185191
57041	9.454056	1.210703	-0.968420	-0.402903	0.083529	-0.015666	0.145534	-0.114446	0.982711	-0.551695	-0.833903	-0.015413	0.821250	-0.539914	-0.184501
57042	9.221874	0.665760	-1.608360	-0.436996	0.025616	-0.035765	0.145538	-0.113974	0.982766	-0.555224	-0.831579	-0.014217	0.818868	-0.543586	-0.184308
57043	9.504950	0.197617	-1.785285	-0.393826	-0.001204	-0.037607	0.145826	-0.113683	0.982757	-0.558386	-0.829478	-0.013096	0.816664	-0.546848	-0.184438
57044	9.867021	-0.431179	-1.927677	-0.274184	0.016513	-0.026200	0.145854	-0.113340	0.982792	-0.560583	-0.828007	-0.012295	0.815153	-0.549143	-0.184304
57045	9.721506	-0.431065	-1.648024	-0.035018	0.018150	-0.016477	0.145866	-0.113119	0.982816	-0.560840	-0.827837	-0.012043	0.814973	-0.549446	-0.184195
57046	9.969408	0.314097	-0.780196	0.063686	0.015294	0.019108	0.145651	-0.113157	0.982844	-0.560346	-0.828167	-0.012310	0.815352	-0.548939	-0.184030
57047	9.857532	0.822172	-0.397530	-0.033466	-0.008222	0.067218	0.145406	-0.113773	0.982809	-0.560714	-0.827909	-0.012884	0.815142	-0.549201	-0.184177
57048	9.506254	0.997722	-0.250312	-0.105907	-0.072119	0.094320	0.145481	-0.114914	0.982665	-0.561711	-0.827222	-0.013576	0.814442	-0.549999	-0.184893
57049	9.434907	0.902925	-0.408293	-0.154268	-0.113992	0.104516	0.145884	-0.116412	0.982429	-0.563115	-0.826255	-0.014288	0.813400	-0.551136	-0.186091
57050	9.410875	0.568383	-0.773715	-0.123336	-0.144968	0.109835	0.146460	-0.118083	0.982144	-0.564275	-0.825449	-0.015097	0.812492	-0.551988	-0.187527
57051	9.510476	0.486539	-1.021430	-0.074826	-0.171444	0.109759	0.147293	-0.119936	0.981794	-0.565041	-0.824908	-0.016001	0.811809	-0.552397	-0.189272
57052	9.546702	0.355649	-1.480044	-0.081875	-0.194213	0.120856	0.148202	-0.121971	0.981407	-0.565881	-0.824312	-0.016993	0.811058	-0.552841	-0.191186
57053	9.418553	0.496568	-1.572223	-0.064816	-0.231913	0.139200	0.149354	-0.124398	0.980927	-0.566610	-0.823785	-0.018199	0.810337	-0.553085	-0.193521
57054	9.475908	0.705168	-1.629072	-0.129729	-0.243117	0.153687	0.150468	-0.126974	0.980427	-0.567888	-0.822877	-0.019415	0.809236	-0.553852	-0.195923
57055	9.602987	0.538655	-1.994234	-0.240450	-0.247195	0.165614	0.151584	-0.129702	0.979898	-0.570079	-0.821333	-0.020526	0.807485	-0.555508	-0.198441
57056	9.765711	0.308623	-2.602416	-0.218540	-0.257640	0.179215	0.152655	-0.132570	0.979348	-0.572111	-0.819886	-0.021807	0.805844	-0.556967	-0.201005
57057	9.955816	0.083442	-3.015662	-0.179614	-0.227760	0.201859	0.153395	-0.135487	0.978833	-0.573862	-0.818618	-0.023380	0.804458	-0.558129	-0.203323
57058	9.706125	-0.202574	-3.068125	-0.077005	-0.221350	0.219083	0.153934	-0.138480	0.978329	-0.574815	-0.817891	-0.025327	0.803674	-0.558459	-0.205502
57059	9.632952	-0.182738	-2.473904	0.010761	-0.219675	0.226360	0.154462	-0.141552	0.977806	-0.575073	-0.817639	-0.027522	0.803388	-0.558059	-0.207697
57060	9.525297	-0.188907	-1.631992	0.034602	-0.224018	0.235018	0.154927	-0.144688	0.977273	-0.575155	-0.817499	-0.029853	0.803240	-0.557459	-0.209871
57061	9.482961	-0.219290	-0.837500	-0.004806	-0.254059	0.232783	0.155694	-0.148001	0.976655	-0.575550	-0.817137	-0.032077	0.802808	-0.557120	-0.212406
57062	9.548154	-0.494134	-0.329623	0.012806	-0.305562	0.234646	0.156813	-0.151585	0.975926	-0.575811	-0.816861	-0.034356	0.802404	-0.556561	-0.215378
57063	9.742019	-0.383227	0.029392	0.037485	-0.341692	0.264267	0.158093	-0.155635	0.975082	-0.575922	-0.816668	-0.036974	0.802073	-0.555725	-0.218743
57064	9.798481	0.018515	0.027759	0.064397	-0.397862	0.277254	0.159704	-0.160072	0.974100	-0.575843	-0.816592	-0.039780	0.801811	-0.554575	-0.222589
57065	10.165826	0.429474	0.347415	0.029015	-0.473768	0.295639	0.161851	-0.165098	0.972906	-0.576084	-0.816276	-0.042682	0.801207	-0.553567	-0.227226
57066	10.109844	-0.273358	0.169281	-0.059808	-0.557349	0.318646	0.164493	-0.170747	0.971487	-0.577079	-0.815414	-0.045604	0.799951	-0.553123	-0.232664
57067	9.984849	-0.707969	0.019716	0.014415	-0.639411	0.334337	0.167722	-0.176985	0.969817	-0.577515	-0.814917	-0.048840	0.798965	-0.551893	-0.238891
57068	9.986066	-0.235218	0.005566	0.078031	-0.692514	0.330187	0.171363	-0.183455	0.967977	-0.577448	-0.814757	-0.052190	0.798241	-0.550013	-0.245555
57069	9.850256	-0.354119	-0.430103	0.075130	-0.767659	0.321390	0.175671	-0.190263	0.965888	-0.577404	-0.814574	-0.055442	0.797336	-0.547968	-0.252956
57070	10.090017	-0.823800	-0.743851	0.197037	-0.814337	0.351231	0.180154	-0.197539	0.963599	-0.576454	-0.814975	-0.059298	0.797023	-0.544788	-0.260693
57071	10.042082	-0.883921	-0.968054	0.258071	-0.857812	0.372310	0.184881	-0.205202	0.961099	-0.575072	-0.815633	-0.063521	0.796939	-0.540957	-0.268801
57072	10.031698	-0.629063	-0.831161	0.342415	-0.912329	0.378299	0.189999	-0.213168	0.958363	-0.573047	-0.816692	-0.068048	0.797193	-0.536258	-0.277326
57073	9.909467	-0.667295	-0.447713	0.377792	-0.980789	0.391893	0.195606	-0.221573	0.955324	-0.570786	-0.817863	-0.072821	0.797459	-0.531042	-0.286450
57074	9.925849	-0.564361	0.293030	0.433942	-1.067487	0.402348	0.201847	-0.230468	0.951915	-0.568120	-0.819252	-0.077884	0.797808	-0.525081	-0.296297
57075	9.917555	-0.406522	1.390025	0.474643	-1.184500	0.415413	0.208965	-0.240018	0.948011	-0.565180	-0.820759	-0.083220	0.798063	-0.518407	-0.307164
57076	9.912819	-0.104725	2.369372	0.461319	-1.306900	0.439829	0.216931	-0.250325	0.943546	-0.562430	-0.822064	-0.088787	0.797880	-0.511418	-0.319122
57077	9.927273	-0.133440	2.814899	0.397014	-1.454861	0.441988	0.226060	-0.261302	0.938413	-0.560237	-0.822959	-0.094196	0.796889	-0.504440	-0.332429
57078	10.340846	-0.212510	2.802902	0.357807	-1.626514	0.422781	0.236659	-0.272894	0.932481	-0.558361	-0.823630	-0.099329	0.795126	-0.497154	-0.347293
57079	11.512113	-0.508231	2.008552	0.349974	-1.770677	0.405055	0.248453	-0.284906	0.925797	-0.556556	-0.824238	-0.104291	0.792790	-0.489346	-0.363351
57080	12.796044	-0.573036	2.273861	0.542989	-1.902713	0.386067	0.261395	-0.297272	0.918315	-0.553233	-0.825754	-0.109833	0.790952	-0.479333	-0.380308
57081	13.733235	-0.764531	2.358229	0.637178	-2.036800	0.417061	0.275164	-0.310295	0.909946	-0.549307	-0.827519	-0.116078	0.789016	-0.467899	-0.398151
57082	14.209766	-0.816538	2.957315	0.784502	-2.187640	0.472196	0.289839	-0.324262	0.900471	-0.544450	-0.829649	-0.123514	0.787126	-0.454463	-0.417009
57083	14.917703	-0.659442	3.487141	0.805840	-2.327518	0.504198	0.305357	-0.338776	0.889937	-0.539603	-0.831599	-0.131419	0.784593	-0.440083	-0.436739
57084	16.087309	-0.805755	3.400767	0.794762	-2.445530	0.560606	0.321507	-0.353986	0.878252	-0.535128	-0.833107	-0.139892	0.781198	-0.425002	-0.457278
57085	15.871518	-1.727214	5.361212	0.733066	-2.577304	0.631489	0.338152	-0.369904	0.865346	-0.531481	-0.833903	-0.148776	0.776647	-0.409606	-0.478583
57086	15.310767	-2.475688	4.407519	0.600040	-2.700318	0.642004	0.355653	-0.386079	0.851149	-0.529056	-0.833901	-0.157190	0.770462	-0.394400	-0.500837
57087	14.544806	-0.871079	2.063322	0.347713	-2.733015	0.561218	0.373543	-0.401236	0.836346	-0.528410	-0.833066	-0.163656	0.762397	-0.380801	-0.523203
57088	12.937382	0.623719	-1.092634	0.431784	-2.823441	0.505734	0.392296	-0.415953	0.820419	-0.527061	-0.832626	-0.170120	0.753864	-0.365673	-0.545868
57089	12.633460	2.135393	-4.039299	0.007241	-2.803742	0.382875	0.411081	-0.429171	0.804254	-0.528658	-0.830974	-0.173215	0.742653	-0.353970	-0.568482
57090	11.659123	1.782704	-7.810243	0.285600	-2.661920	0.203788	0.429661	-0.440068	0.788500	-0.527393	-0.831095	-0.176459	0.732972	-0.340032	-0.589178
57091	11.776389	3.093613	-7.206069	0.726891	-2.521143	0.143637	0.447203	-0.449486	0.773287	-0.522686	-0.832902	-0.181861	0.725816	-0.322857	-0.607416
57092	11.060664	3.276319	-7.924710	0.721828	-2.248080	0.161548	0.462622	-0.457874	0.759165	-0.518190	-0.834458	-0.187509	0.719347	-0.306646	-0.623305
57093	10.108861	3.820278	-9.291882	0.718252	-1.944733	0.196660	0.475461	-0.465193	0.746681	-0.513928	-0.835742	-0.193427	0.714013	-0.291773	-0.636438
57094	9.442569	3.501105	-11.267662	0.343302	-1.575355	0.195764	0.485675	-0.471311	0.736197	-0.512411	-0.835826	-0.197051	0.708205	-0.281533	-0.647444
57095	8.036389	2.519120	-10.739647	0.171043	-1.313258	0.182393	0.493937	-0.476332	0.727416	-0.512062	-0.835485	-0.199394	0.702723	-0.273994	-0.656588
57096	6.594523	1.692518	-8.875466	0.060752	-1.086633	0.113275	0.500980	-0.480190	0.720025	-0.512183	-0.835126	-0.200584	0.697630	-0.268296	-0.664327
57097	5.173867	0.576626	-9.795576	-0.776112	-0.700099	0.065161	0.505448	-0.482469	0.715364	-0.517862	-0.832767	-0.195750	0.690175	-0.271518	-0.670773
57098	4.219442	1.783950	-12.794020	-0.938048	-0.197903	0.028247	0.506676	-0.483214	0.713991	-0.524434	-0.830070	-0.189615	0.684287	-0.278368	-0.673991
57099	4.222354	3.286471	-11.140163	-0.805726	0.244298	-0.030337	0.505130	-0.482120	0.715824	-0.529751	-0.827990	-0.183840	0.681327	-0.286346	-0.673646
57100	4.816706	3.586160	-7.132178	-1.009264	0.790224	0.059094	0.499453	-0.480263	0.721037	-0.536900	-0.824771	-0.177455	0.679915	-0.298495	-0.669788
57101	5.029761	2.977548	-4.083661	-1.872003	1.355748	0.102481	0.489678	-0.476749	0.730018	-0.550077	-0.818535	-0.165579	0.676484	-0.320485	-0.663067
57102	4.697131	2.074410	-4.079027	-2.521549	1.787344	-0.059214	0.477982	-0.470245	0.741891	-0.566765	-0.810385	-0.148507	0.671052	-0.349494	-0.653868
57103	4.785688	1.197364	-5.106116	-3.270890	2.192832	-0.288311	0.465005	-0.459686	0.756610	-0.587195	-0.799735	-0.125004	0.662550	-0.386150	-0.641806
57104	4.922571	0.167939	-7.205191	-3.644985	2.615842	-0.477020	0.450671	-0.445232	0.773734	-0.608970	-0.787090	-0.098214	0.652726	-0.426918	-0.625851
57105	4.499522	-0.700925	-7.838430	-3.637644	2.926482	-0.587988	0.435338	-0.427367	0.792363	-0.629919	-0.773404	-0.071053	0.643182	-0.468193	-0.605898
57106	4.577836	-1.493693	-8.256324	-3.502379	3.148229	-0.649619	0.419403	-0.406983	0.811459	-0.649502	-0.759027	-0.044991	0.634230	-0.508175	-0.582675
57107	5.056314	-1.456109	-8.090044	-3.240680	3.298066	-0.724438	0.403375	-0.383980	0.830571	-0.666937	-0.744834	-0.020438	0.626485	-0.545694	-0.556538
57108	5.251623	-2.358577	-8.470800	-2.840381	3.498760	-0.769657	0.386758	-0.358574	0.849613	-0.681604	-0.731720	0.001460	0.621155	-0.579665	-0.527404
57109	5.734882	-3.727960	-8.362774	-2.213209	3.642088	-0.744063	0.369272	-0.331363	0.868238	-0.692511	-0.721149	0.019307	0.619731	-0.608394	-0.495773
57110	6.374820	-4.705721	-8.324714	-1.267008	3.810435	-0.631772	0.349977	-0.303203	0.886332	-0.698111	-0.715320	0.030954	0.624625	-0.629591	-0.462015
57111	6.679318	-4.217616	-8.266833	-0.293082	3.986152	-0.538557	0.328608	-0.273827	0.903900	-0.698120	-0.715014	0.037192	0.636117	-0.643253	-0.426123
57112	6.566984	-3.178560	-8.075212	0.603809	4.090526	-0.470545	0.305528	-0.243974	0.920396	-0.692725	-0.720143	0.039060	0.653288	-0.649515	-0.389030
57113	6.640420	-1.683533	-7.747072	1.220237	4.199016	-0.429137	0.280611	-0.213432	0.935791	-0.683359	-0.729060	0.038634	0.674002	-0.650322	-0.350433
57114	6.430433	-0.412425	-7.276162	1.662627	4.254166	-0.417164	0.254298	-0.182743	0.949704	-0.670838	-0.740675	0.037106	0.696641	-0.646534	-0.310944
57115	6.634435	0.496206	-6.453809	1.807412	4.277770	-0.444328	0.226973	-0.151771	0.962002	-0.656967	-0.753050	0.036198	0.718942	-0.640220	-0.270631
57116	6.508411	2.071250	-6.711241	1.553486	4.338041	-0.430647	0.198184	-0.120821	0.972690	-0.644725	-0.763542	0.036520	0.738277	-0.634355	-0.229218
57117	5.860126	2.990474	-7.240889	1.109344	4.354022	-0.385488	0.168194	-0.090202	0.981618	-0.635737	-0.770965	0.038084	0.753359	-0.630457	-0.187017
57118	4.848264	3.651767	-7.540511	0.425512	4.317969	-0.298791	0.137372	-0.060633	0.988662	-0.632051	-0.773875	0.040361	0.762653	-0.630430	-0.144632
57119	4.250369	2.798139	-6.528239	-0.296544	4.198768	-0.267675	0.107013	-0.031885	0.993746	-0.633986	-0.772120	0.043498	0.765905	-0.634676	-0.102842
57120	4.437013	1.608260	-6.038126	-0.981125	4.011857	-0.291456	0.078211	-0.003977	0.996929	-0.641218	-0.765903	0.047249	0.763363	-0.642944	-0.062452
57121	5.018618	-0.005083	-5.482742	-1.473856	3.726022	-0.369754	0.052349	0.023107	0.998361	-0.652172	-0.756306	0.051701	0.756262	-0.653810	-0.024522
57122	6.161509	-2.493409	-5.246451	-1.451632	3.393596	-0.418985	0.029596	0.048644	0.998378	-0.662921	-0.746590	0.056027	0.748104	-0.663504	0.010151
57123	7.296678	-4.228054	-5.837478	-0.992136	3.138494	-0.363350	0.008702	0.072347	0.997342	-0.670241	-0.739754	0.059510	0.742093	-0.668977	0.042053
57124	6.815255	-4.795632	-5.776881	-0.157057	2.804854	-0.312118	-0.009984	0.093436	0.995575	-0.671410	-0.738440	0.062570	0.741019	-0.667814	0.070107
57125	6.246922	-3.606112	-6.954787	0.432592	2.421380	-0.330951	-0.025667	0.112051	0.993371	-0.668255	-0.740971	0.066314	0.743489	-0.662123	0.093897
57126	5.983746	-1.750449	-6.165058	1.191795	2.022633	-0.328829	-0.038575	0.127812	0.991048	-0.659460	-0.748394	0.070849	0.750749	-0.650823	0.113156
57127	8.596804	0.888066	-1.511455	1.802215	1.546702	-0.280471	-0.048359	0.139914	0.988982	-0.645948	-0.759601	0.075877	0.761848	-0.635161	0.127111
57128	8.666693	0.434341	-1.366446	0.942019	1.189081	-0.146909	-0.056487	0.148568	0.987288	-0.638827	-0.765323	0.078616	0.767274	-0.626265	0.138140
57129	5.394494	-0.064729	-1.495343	1.132850	0.398993	0.076365	-0.059959	0.150497	0.986791	-0.630047	-0.772474	0.079529	0.774239	-0.616956	0.141137
57130	5.981908	1.994844	-0.866090	0.156541	-0.341844	0.140236	-0.058173	0.147339	0.987374	-0.628756	-0.773640	0.078400	0.775423	-0.616257	0.137646
57131	12.679454	1.419507	1.239162	-0.682396	-0.570423	0.164734	-0.054708	0.142569	0.988272	-0.633937	-0.769648	0.075937	0.771447	-0.622348	0.132486
57132	20.388077	-2.740997	13.137002	-2.271151	0.183785	0.243013	-0.057654	0.141909	0.988199	-0.651160	-0.755657	0.070524	0.756747	-0.639410	0.135972
57133	26.703922	-8.688775	13.893200	-3.415335	0.361805	0.362614	-0.062681	0.141605	0.987937	-0.676397	-0.733899	0.062278	0.733865	-0.664334	0.141783
57134	20.240352	-2.953212	6.705385	-3.456577	-0.386426	0.524320	-0.063480	0.135232	0.988778	-0.701034	-0.711211	0.052263	0.710297	-0.689849	0.139950
57135	10.652432	-1.879741	1.688622	-4.116314	-1.595506	0.392943	-0.055136	0.121274	0.991087	-0.729459	-0.682674	0.042954	0.681799	-0.720589	0.126104
57136	8.590907	-8.321763	-0.301722	-3.945111	-1.908896	-0.029917	-0.042144	0.107474	0.993314	-0.755820	-0.653637	0.038655	0.653422	-0.749138	0.108778
57137	8.767572	-6.517210	-3.410858	-2.313567	-1.699476	-0.178358	-0.029784	0.095770	0.994958	-0.770808	-0.635925	0.038137	0.636370	-0.765786	0.092761
57138	8.698473	-2.251844	-5.629263	-0.953232	-1.410124	-0.037353	-0.020545	0.085185	0.996153	-0.776854	-0.628550	0.037728	0.629346	-0.773090	0.079090
57139	8.187276	0.896375	-6.764973	-0.118453	-1.109423	0.150899	-0.014703	0.075647	0.997026	-0.777575	-0.627750	0.036162	0.628619	-0.774731	0.068051
57140	7.848251	1.822551	-5.968181	0.393787	-0.860124	0.136253	-0.010314	0.068163	0.997621	-0.775079	-0.630890	0.035093	0.631781	-0.772873	0.059339
57141	8.911974	1.431460	-5.248000	0.805845	-0.584743	-0.032774	-0.006295	0.063846	0.997940	-0.769966	-0.637074	0.035902	0.638054	-0.768154	0.053170
57142	9.971431	1.322146	-3.738213	1.097425	-0.414181	-0.170576	-0.002302	0.061802	0.998086	-0.762927	-0.645355	0.038202	0.646480	-0.761379	0.048636
57143	11.560512	0.877966	-2.443027	1.115254	-0.337646	-0.224828	0.001668	0.060675	0.998156	-0.755671	-0.653667	0.040998	0.654950	-0.754346	0.044760
57144	12.543165	1.478058	-2.028374	0.908433	-0.357265	-0.193199	0.005500	0.059290	0.998226	-0.749685	-0.660373	0.043354	0.661772	-0.748593	0.040817
57145	11.844640	2.088911	-1.718901	0.463211	-0.475092	-0.057444	0.009154	0.056088	0.998384	-0.746606	-0.663800	0.044137	0.665203	-0.745804	0.035799
57146	10.416749	1.768560	-1.193934	-0.093750	-0.560696	0.083591	0.012282	0.051379	0.998604	-0.747240	-0.663141	0.043310	0.664440	-0.746729	0.030248
57147	9.035476	0.851838	-0.982652	-0.521648	-0.576925	0.137050	0.015157	0.046120	0.998821	-0.750713	-0.659303	0.041835	0.660455	-0.750462	0.024630
57148	8.461128	0.173919	-0.885764	-0.738244	-0.561243	0.119356	0.017974	0.041141	0.998992	-0.755589	-0.653791	0.040519	0.654799	-0.755556	0.019335
57149	9.095355	-0.186481	-0.999989	-0.821547	-0.524772	0.069526	0.020948	0.036673	0.999108	-0.760954	-0.647588	0.039725	0.648467	-0.761107	0.014341
57150	10.220184	0.049287	-1.619563	-0.721961	-0.495013	0.031681	0.023928	0.032719	0.999178	-0.765624	-0.642083	0.039361	0.642843	-0.765937	0.009687
57151	11.429589	-0.526465	-1.918545	-0.502653	-0.429926	0.019764	0.026616	0.029252	0.999218	-0.768848	-0.638231	0.039164	0.638877	-0.769289	0.005504
57152	10.716888	-0.570827	-1.324981	-0.047384	-0.330383	0.086586	0.028085	0.026187	0.999262	-0.769176	-0.637887	0.038335	0.638420	-0.769685	0.002227
57153	8.957999	0.350931	-0.949480	0.225494	-0.274997	0.126340	0.028957	0.023220	0.999311	-0.767768	-0.639653	0.037110	0.640074	-0.768313	-0.000695
57154	9.243022	0.769440	-0.747827	0.218680	-0.214227	0.100895	0.029582	0.020959	0.999343	-0.766397	-0.641350	0.036137	0.641686	-0.766962	-0.002909
57155	9.666498	1.492551	-0.377668	0.092720	-0.202404	0.055352	0.030543	0.019005	0.999353	-0.765816	-0.642073	0.035616	0.642334	-0.766408	-0.005056
57156	9.726804	1.241578	0.169854	-0.175163	-0.271378	0.011951	0.032218	0.016877	0.999338	-0.766944	-0.640728	0.035547	0.640904	-0.767582	-0.007699
57157	10.159231	-0.111248	0.960495	-0.239091	-0.322880	0.009031	0.034304	0.014294	0.999309	-0.768475	-0.638894	0.035518	0.638960	-0.769162	-0.010932
57158	9.805838	-0.118374	1.659663	-0.083361	-0.342215	0.047005	0.036153	0.011391	0.999281	-0.769024	-0.638255	0.035098	0.638196	-0.769741	-0.014315
57159	9.128562	0.692201	1.822851	-0.013994	-0.390564	0.063364	0.038242	0.007939	0.999237	-0.769135	-0.638155	0.034506	0.637942	-0.769867	-0.018298
57160	8.974207	0.882621	1.725403	-0.093770	-0.448197	0.051031	0.040732	0.004191	0.999161	-0.769753	-0.637433	0.034054	0.637041	-0.770495	-0.022737
57161	9.164518	0.842175	1.470168	-0.158562	-0.504141	0.033533	0.043762	0.000057	0.999042	-0.770774	-0.636212	0.033799	0.635604	-0.771514	-0.027798
57162	9.501839	0.805629	1.109015	-0.159948	-0.537213	0.032790	0.046945	-0.004269	0.998888	-0.771804	-0.634974	0.033559	0.634125	-0.772522	-0.033104
57163	9.625968	0.780382	0.805385	-0.127388	-0.561218	0.047359	0.050213	-0.008936	0.998699	-0.772632	-0.633987	0.033174	0.632866	-0.773292	-0.038739
57164	9.368687	1.090762	0.714637	-0.144962	-0.582418	0.064796	0.053420	-0.013823	0.998476	-0.773582	-0.632856	0.032626	0.631441	-0.774146	-0.044500
57165	9.107783	1.513959	0.677912	-0.286257	-0.600685	0.062599	0.056797	-0.018898	0.998207	-0.775417	-0.630628	0.032181	0.628889	-0.775855	-0.050472
57166	9.135751	1.381330	0.569561	-0.526195	-0.640613	0.033791	0.060575	-0.024062	0.997874	-0.778735	-0.626528	0.032165	0.624422	-0.779027	-0.056690
57167	9.372244	0.666625	0.283262	-0.718322	-0.672991	0.022784	0.064656	-0.029480	0.997472	-0.783209	-0.620912	0.032417	0.618387	-0.783325	-0.063235
57168	9.604511	-0.100980	0.249439	-0.730729	-0.715414	0.010771	0.069000	-0.035137	0.996998	-0.787712	-0.615168	0.032836	0.612167	-0.787613	-0.070124
57169	9.685083	-0.552503	0.077123	-0.644269	-0.741532	0.011453	0.073504	-0.041078	0.996449	-0.791643	-0.610079	0.033246	0.606547	-0.791275	-0.077362
57170	9.528840	-0.755012	-0.169793	-0.500339	-0.768548	0.005969	0.078127	-0.047177	0.995827	-0.794670	-0.606110	0.033631	0.601993	-0.793981	-0.084844
57171	9.297007	-0.840068	-0.241769	-0.348543	-0.787757	0.015178	0.082807	-0.053546	0.995126	-0.796771	-0.603334	0.033837	0.598581	-0.795689	-0.092624
57172	9.211791	-0.598128	-0.442162	-0.211332	-0.803011	0.012971	0.087527	-0.059989	0.994354	-0.798043	-0.601643	0.033951	0.596210	-0.796509	-0.100534
57173	9.258451	-0.315584	-0.741830	-0.108225	-0.823325	-0.002776	0.092519	-0.066547	0.993485	-0.798681	-0.600786	0.034135	0.594600	-0.796636	-0.108734
57174	9.469128	-0.003264	-0.974731	-0.027052	-0.847137	0.007705	0.097517	-0.073312	0.992530	-0.798848	-0.600565	0.034128	0.593576	-0.796208	-0.117130
57175	9.671761	0.050773	-1.566045	-0.006969	-0.850054	0.014034	0.102513	-0.080178	0.991495	-0.798899	-0.600501	0.034040	0.592665	-0.795594	-0.125613
57176	9.870187	0.323920	-2.390377	0.028879	-0.836312	0.042708	0.107153	-0.087056	0.990424	-0.798771	-0.600696	0.033618	0.592017	-0.794724	-0.133904
57177	10.013894	0.365026	-2.924570	-0.031109	-0.806971	0.061907	0.111497	-0.093857	0.989323	-0.799018	-0.600396	0.033090	0.590880	-0.794176	-0.141936
57178	9.587675	0.098822	-3.797112	-0.020199	-0.794704	0.060654	0.115731	-0.100502	0.988183	-0.799204	-0.600178	0.032558	0.589813	-0.793528	-0.149781
57179	9.766997	-0.248553	-3.895043	0.046580	-0.773012	0.052379	0.119939	-0.106969	0.987002	-0.798986	-0.600497	0.032011	0.589268	-0.792440	-0.157489
57180	9.823228	-0.475743	-3.762859	0.199111	-0.738098	0.066485	0.123787	-0.113182	0.985833	-0.797890	-0.602001	0.031073	0.589956	-0.790433	-0.164826
57181	9.592999	0.105553	-2.712455	0.332095	-0.723740	0.067180	0.127598	-0.119326	0.984622	-0.796007	-0.604548	0.029890	0.591685	-0.787580	-0.172124
57182	9.602250	-0.057613	-1.957372	0.337802	-0.723549	0.073761	0.131326	-0.125433	0.983372	-0.794098	-0.607116	0.028610	0.593432	-0.784651	-0.179336
57183	9.804904	0.550719	-0.692387	0.455938	-0.739964	0.085412	0.135121	-0.131775	0.982027	-0.791495	-0.610580	0.026973	0.596052	-0.780914	-0.186801
57184	9.936051	1.032652	0.239986	0.403541	-0.775010	0.115914	0.138859	-0.138494	0.980580	-0.789241	-0.613570	0.025105	0.598178	-0.777400	-0.194505
57185	9.878472	0.986505	0.885398	0.413062	-0.842264	0.154847	0.142754	-0.146003	0.978930	-0.786978	-0.616559	0.022805	0.600238	-0.773653	-0.202917
57186	9.687495	0.811533	0.985135	0.400513	-0.914437	0.178374	0.146876	-0.154133	0.977072	-0.784826	-0.619385	0.020269	0.602060	-0.769808	-0.211940
