// General information: 
//  MT Manager version: 2022.2.0 
//  XDA version: 2022.2.0 build 7381 rev 124627 built on 2023-07-19
// Device information: 
//  DeviceId: 00B4CAF0
//  ProductCode: MTW2-3A7G6
//  Firmware Version: 4.6.0
//  Hardware Version: 2.0.0
// Device settings: 
//  Filter Profile: human(46.1)
//  Option Flags: Orientation Smoother Disabled, Position/Velocity Smoother Disabled, Continuous Zero Rotation Update Disabled, AHS Disabled, ICC Disabled
// Coordinate system: ENU
PacketCounter	Acc_X	Acc_Y	Acc_Z	Gyr_X	Gyr_Y	Gyr_Z	Mat[1][1]	Mat[2][1]	Mat[3][1]	Mat[1][2]	Mat[2][2]	Mat[3][2]	Mat[1][3]	Mat[2][3]	Mat[3][3]
26720	5.536902	-0.351224	8.396757	-0.000304	0.031266	-0.005271	-0.019294	0.824088	0.566133	-0.999119	0.005221	-0.041650	-0.037279	-0.566437	0.823261
26721	5.548170	-0.229327	8.372913	0.011793	0.001079	0.002802	-0.019314	0.824081	0.566142	-0.999121	0.005157	-0.041591	-0.037194	-0.566448	0.823258
26722	5.678489	-0.310909	8.452954	-0.024203	-0.015146	0.013904	-0.019438	0.823983	0.566280	-0.999108	0.005221	-0.041892	-0.037475	-0.566590	0.823147
26723	5.863431	-0.536597	8.391734	-0.020181	-0.018774	0.016383	-0.019590	0.823865	0.566447	-0.999097	0.005238	-0.042171	-0.037710	-0.566761	0.823019
26724	5.916051	-0.543466	8.466112	-0.008215	-0.011505	0.014992	-0.019723	0.823788	0.566555	-0.999089	0.005203	-0.042347	-0.037833	-0.566874	0.822935
26725	5.893373	-0.464076	8.391668	-0.005982	-0.010404	0.011150	-0.019805	0.823718	0.566653	-0.999084	0.005201	-0.042479	-0.037938	-0.566975	0.822861
26726	5.885902	-0.486650	8.426988	-0.006885	0.001129	0.010253	-0.019886	0.823712	0.566659	-0.999078	0.005198	-0.042617	-0.038049	-0.566984	0.822849
26727	5.821907	-0.487940	8.462699	0.005719	-0.000829	0.005433	-0.019906	0.823697	0.566681	-0.999078	0.005177	-0.042620	-0.038039	-0.567007	0.822834
26728	5.768904	-0.429872	8.502580	0.004468	0.000259	0.002616	-0.019911	0.823685	0.566698	-0.999078	0.005172	-0.042621	-0.038037	-0.567024	0.822823
26729	6.206273	-0.652934	8.498358	0.006245	0.017752	-0.007135	-0.019800	0.823774	0.566572	-0.999081	0.005251	-0.042550	-0.038027	-0.566893	0.822913
26730	6.118230	-0.680210	8.430315	0.040448	0.046409	-0.014573	-0.019616	0.824024	0.566216	-0.999098	0.005184	-0.042158	-0.037674	-0.566531	0.823178
26731	6.042772	-0.462115	8.479857	0.051841	0.076615	-0.020110	-0.019366	0.824444	0.565612	-0.999120	0.005096	-0.041637	-0.037210	-0.565921	0.823620
26732	5.528287	-0.221011	8.347097	0.042240	0.083371	-0.011641	-0.019198	0.824902	0.564950	-0.999137	0.004996	-0.041246	-0.036847	-0.565254	0.824094
26733	5.474724	-0.289126	8.481737	0.024656	0.058779	-0.006856	-0.019102	0.825220	0.564488	-0.999146	0.004935	-0.041025	-0.036640	-0.564790	0.824421
26734	5.622779	-0.278092	8.389669	0.018254	0.036780	-0.005814	-0.019010	0.825415	0.564207	-0.999153	0.004922	-0.040865	-0.036508	-0.564506	0.824621
26735	5.999446	-0.514324	8.601319	0.003789	0.030718	-0.004920	-0.018929	0.825575	0.563974	-0.999154	0.004982	-0.040827	-0.036515	-0.564270	0.824783
26736	6.374451	-0.981393	8.642621	0.022472	0.084885	-0.031547	-0.018562	0.826040	0.563306	-0.999167	0.005158	-0.040487	-0.036349	-0.563588	0.825256
26737	5.877032	-0.806426	8.406605	0.079372	0.111949	-0.040881	-0.018098	0.826655	0.562418	-0.999202	0.005082	-0.039621	-0.035611	-0.562686	0.825903
26738	5.527892	-0.217529	8.448624	0.112565	0.099790	-0.040352	-0.017639	0.827201	0.561629	-0.999247	0.004824	-0.038488	-0.034547	-0.561885	0.826494
26739	5.495462	-0.133974	8.325214	0.058920	0.077126	-0.033383	-0.017252	0.827621	0.561022	-0.999272	0.004817	-0.037835	-0.034015	-0.561267	0.826936
26740	5.497995	-0.163037	8.376633	0.048777	0.055502	-0.025322	-0.016960	0.827918	0.560592	-0.999292	0.004795	-0.037313	-0.033580	-0.560828	0.827251
26741	5.417985	-0.020718	8.343736	0.028018	0.026724	-0.004831	-0.016864	0.828057	0.560390	-0.999301	0.004738	-0.037074	-0.033354	-0.560624	0.827398
26742	5.466818	-0.055305	8.434813	-0.006346	-0.000561	0.003442	-0.016878	0.828041	0.560413	-0.999298	0.004787	-0.037169	-0.033460	-0.560647	0.827379
26743	5.613669	-0.267139	8.442422	-0.023621	-0.017768	0.012264	-0.016993	0.827929	0.560576	-0.999287	0.004848	-0.037452	-0.033725	-0.560812	0.827256
26744	5.725886	-0.373632	8.471271	-0.025051	-0.023821	0.018806	-0.017168	0.827783	0.560785	-0.999274	0.004874	-0.037788	-0.034014	-0.561027	0.827098
26745	5.848996	-0.421810	8.503891	-0.025606	-0.021152	0.020438	-0.017352	0.827654	0.560971	-0.999261	0.004897	-0.038134	-0.034309	-0.561218	0.826957
26746	5.813647	-0.496936	8.468240	-0.018400	-0.012825	0.017241	-0.017508	0.827570	0.561090	-0.999250	0.004899	-0.038406	-0.034533	-0.561342	0.826863
26747	5.799561	-0.453936	8.440817	-0.010810	-0.013344	0.016623	-0.017661	0.827483	0.561213	-0.999243	0.004859	-0.038611	-0.034677	-0.561469	0.826771
26748	5.690001	-0.408659	8.493487	-0.011984	-0.010134	0.016845	-0.017812	0.827414	0.561309	-0.999234	0.004829	-0.038828	-0.034837	-0.561571	0.826695
26749	5.441820	-0.310581	8.445717	-0.011491	-0.025539	0.017658	-0.017989	0.827259	0.561533	-0.999226	0.004774	-0.039044	-0.034980	-0.561801	0.826533
26750	5.484892	-0.203492	8.517635	-0.020692	-0.057717	0.021506	-0.018204	0.826923	0.562021	-0.999214	0.004754	-0.039359	-0.035219	-0.562296	0.826186
26751	5.877976	-0.451859	8.506161	-0.053925	-0.055234	0.021251	-0.018433	0.826599	0.562489	-0.999190	0.004900	-0.039945	-0.035774	-0.562770	0.825839
26752	6.243317	-0.801473	8.561904	-0.022706	-0.038946	0.013520	-0.018561	0.826368	0.562825	-0.999178	0.004958	-0.040231	-0.036037	-0.563109	0.825596
26753	6.216321	-0.649396	8.478743	0.010334	0.005624	0.003868	-0.018583	0.826387	0.562796	-0.999180	0.004902	-0.040189	-0.035971	-0.563081	0.825618
26754	5.739724	-0.324448	8.449375	0.018339	0.018634	0.003035	-0.018585	0.826479	0.562661	-0.999185	0.004816	-0.040078	-0.035834	-0.562947	0.825716
26755	5.711232	-0.368478	8.434449	0.001197	0.018209	0.002147	-0.018584	0.826569	0.562528	-0.999184	0.004827	-0.040102	-0.035862	-0.562814	0.825805
26756	5.549923	-0.458125	8.396070	0.003872	0.011617	0.009077	-0.018649	0.826622	0.562448	-0.999182	0.004772	-0.040144	-0.035868	-0.562737	0.825857
26757	4.934910	-0.052898	8.448895	0.007822	-0.035809	0.011984	-0.018768	0.826409	0.562758	-0.999182	0.004662	-0.040169	-0.035820	-0.563052	0.825645
26758	4.830722	0.252747	8.404140	-0.037792	-0.096741	0.021944	-0.019002	0.825852	0.563567	-0.999163	0.004736	-0.040628	-0.036222	-0.563868	0.825070
26759	5.762909	-0.220010	8.558472	-0.069791	-0.155367	0.023467	-0.019287	0.824962	0.564859	-0.999132	0.004957	-0.041355	-0.036916	-0.565167	0.824150
26760	6.458195	-0.852781	8.395103	-0.083496	-0.115086	0.023266	-0.019542	0.824299	0.565817	-0.999095	0.005280	-0.042197	-0.037771	-0.566130	0.823450
26761	6.387218	-1.015042	8.661598	-0.020308	-0.080919	0.012212	-0.019672	0.823830	0.566496	-0.999084	0.005337	-0.042456	-0.038000	-0.566812	0.822970
26762	5.836362	-0.623443	8.317871	0.019070	-0.057196	-0.003301	-0.019640	0.823492	0.566987	-0.999091	0.005299	-0.042304	-0.037841	-0.567303	0.822639
26763	6.138556	-0.387993	8.387244	0.009758	-0.030516	-0.006577	-0.019562	0.823307	0.567260	-0.999095	0.005342	-0.042207	-0.037779	-0.567572	0.822457
26764	5.916555	-0.649458	8.380095	0.008588	-0.017648	-0.006663	-0.019481	0.823193	0.567427	-0.999098	0.005390	-0.042121	-0.037732	-0.567736	0.822346
26765	5.833205	-0.357914	8.383821	0.019928	-0.009843	-0.009473	-0.019371	0.823124	0.567531	-0.999106	0.005394	-0.041925	-0.037571	-0.567836	0.822284
26766	5.934608	-0.371391	8.479836	0.012421	-0.007192	-0.005778	-0.019295	0.823070	0.567612	-0.999111	0.005413	-0.041813	-0.037488	-0.567914	0.822234
26767	5.974372	-0.492737	8.381904	0.010714	0.008349	-0.004221	-0.019224	0.823105	0.567563	-0.999115	0.005434	-0.041721	-0.037425	-0.567863	0.822272
26768	5.938554	-0.441547	8.488642	0.012045	0.020012	-0.003823	-0.019157	0.823206	0.567420	-0.999119	0.005439	-0.041623	-0.037351	-0.567717	0.822376
26769	6.207000	-0.626938	8.555178	0.019083	0.042432	-0.008621	-0.019039	0.823433	0.567094	-0.999126	0.005435	-0.041436	-0.037202	-0.567388	0.822610
26770	6.083762	-0.569111	8.382046	0.040294	0.082856	-0.018999	-0.018798	0.823889	0.566440	-0.999144	0.005406	-0.041020	-0.036858	-0.566726	0.823081
26771	5.728056	-0.414489	8.483516	0.046781	0.088626	-0.021524	-0.018525	0.824378	0.565737	-0.999164	0.005365	-0.040536	-0.036452	-0.566015	0.823589
26772	5.658684	-0.463438	8.409177	0.045960	0.083930	-0.023903	-0.018235	0.824838	0.565075	-0.999184	0.005344	-0.040045	-0.036051	-0.565343	0.824067
26773	5.776585	-0.292962	8.489154	0.055705	0.061137	-0.020468	-0.017982	0.825171	0.564597	-0.999206	0.005246	-0.039492	-0.035550	-0.564859	0.824421
26774	5.762442	-0.457452	8.457524	0.019237	0.070969	-0.015663	-0.017780	0.825558	0.564037	-0.999215	0.005309	-0.039268	-0.035413	-0.564293	0.824815
26775	6.371105	-0.769941	8.761420	0.047964	0.079762	-0.028739	-0.017447	0.825994	0.563409	-0.999235	0.005313	-0.038733	-0.034987	-0.563654	0.825270
26776	6.551300	-1.142948	8.619595	0.063516	0.169745	-0.057502	-0.016793	0.826934	0.562049	-0.999266	0.005473	-0.037909	-0.034424	-0.562273	0.826235
26777	6.161928	-0.875359	8.583428	0.141052	0.215111	-0.068589	-0.016020	0.828125	0.560315	-0.999324	0.005283	-0.036380	-0.033087	-0.560519	0.827480
26778	5.698981	-0.563656	8.588908	0.144338	0.238322	-0.077746	-0.015145	0.829441	0.558388	-0.999382	0.005162	-0.034773	-0.031725	-0.558570	0.828851
26779	5.698113	-0.410370	8.487723	0.156152	0.238897	-0.081043	-0.014239	0.830757	0.556453	-0.999441	0.005007	-0.033049	-0.030242	-0.556612	0.830222
26780	5.728981	-0.520083	8.438598	0.149390	0.231125	-0.068373	-0.013467	0.832026	0.554574	-0.999494	0.004787	-0.031452	-0.028823	-0.554717	0.831540
26781	5.774237	-0.582518	8.570642	0.169583	0.225305	-0.064341	-0.012733	0.833258	0.552737	-0.999549	0.004431	-0.029706	-0.027202	-0.552866	0.832826
26782	5.871010	-0.094016	8.568791	0.233328	0.229453	-0.078825	-0.011864	0.834509	0.550867	-0.999619	0.003843	-0.027350	-0.024940	-0.550981	0.834145
26783	5.643881	-0.123424	8.505085	0.152564	0.249738	-0.056066	-0.011232	0.835867	0.548817	-0.999661	0.003501	-0.025791	-0.023479	-0.548920	0.835545
26784	5.432076	-0.201901	8.467859	0.172292	0.227686	-0.036114	-0.010798	0.837101	0.546941	-0.999704	0.002901	-0.024176	-0.021825	-0.547040	0.836822
26785	5.337556	0.138329	8.549124	0.168846	0.195665	-0.031773	-0.010427	0.838156	0.545331	-0.999742	0.002274	-0.022610	-0.020190	-0.545426	0.837916
26786	5.666645	0.630912	8.734578	0.156284	0.174953	-0.037520	-0.009996	0.839096	0.543892	-0.999775	0.001779	-0.021119	-0.018689	-0.543981	0.838889
26787	5.809697	0.149639	8.532359	0.057948	0.199159	-0.045532	-0.009487	0.840164	0.542250	-0.999790	0.001881	-0.020405	-0.018163	-0.542330	0.839969
26788	5.435597	-0.255156	8.501822	0.044639	0.192365	-0.028539	-0.009145	0.841192	0.540658	-0.999800	0.001920	-0.019900	-0.017778	-0.540732	0.841007
26789	4.918863	-0.171412	8.515397	0.073030	0.154193	-0.013765	-0.008957	0.842013	0.539383	-0.999814	0.001684	-0.019232	-0.017102	-0.539455	0.841841
26790	4.769673	0.275005	8.507673	0.054781	0.093721	-0.008868	-0.008832	0.842506	0.538615	-0.999823	0.001505	-0.018747	-0.016605	-0.538685	0.842343
26791	4.659330	0.300963	8.430907	0.016075	0.030668	-0.007029	-0.008727	0.842659	0.538376	-0.999826	0.001525	-0.018595	-0.016491	-0.538445	0.842499
26792	4.750495	0.119019	8.498786	-0.025845	-0.032456	0.003204	-0.008744	0.842472	0.538668	-0.999821	0.001679	-0.018855	-0.016789	-0.538737	0.842307
26793	5.187676	-0.086128	8.586907	-0.038782	-0.079652	0.011824	-0.008856	0.842032	0.539355	-0.999813	0.001827	-0.019268	-0.017210	-0.539425	0.841858
26794	5.646289	-0.220599	8.585896	-0.048875	-0.091511	0.019623	-0.009047	0.841526	0.540141	-0.999802	0.001967	-0.019810	-0.017733	-0.540213	0.841341
26795	5.892515	-0.375457	8.687157	-0.055043	-0.077325	0.030775	-0.009346	0.841097	0.540804	-0.999789	0.002047	-0.020462	-0.018317	-0.540881	0.840900
26796	6.034630	-0.431185	8.788008	-0.038644	-0.045835	0.025982	-0.009593	0.840837	0.541203	-0.999778	0.002079	-0.020952	-0.018742	-0.541284	0.840631
26797	6.303887	-0.483998	8.823650	-0.016079	-0.007260	0.019477	-0.009768	0.840787	0.541278	-0.999773	0.002042	-0.021215	-0.018943	-0.541363	0.840576
26798	5.839066	-0.443226	8.602382	-0.009430	0.041579	0.017325	-0.009912	0.841000	0.540945	-0.999769	0.001989	-0.021413	-0.019084	-0.541032	0.840786
26799	5.193939	-0.198466	8.587783	0.008769	0.023105	0.022990	-0.010116	0.841113	0.540764	-0.999768	0.001789	-0.021486	-0.019040	-0.540856	0.840900
26800	5.140204	-0.086523	8.540777	-0.010380	-0.002805	0.025865	-0.010354	0.841086	0.540802	-0.999762	0.001669	-0.021738	-0.019186	-0.540898	0.840869
26801	5.304702	-0.077597	8.537247	-0.022857	-0.025221	0.030591	-0.010645	0.840939	0.541026	-0.999754	0.001575	-0.022119	-0.019453	-0.541128	0.840715
26802	5.281323	-0.126894	8.519541	-0.030849	-0.042140	0.038851	-0.011020	0.840699	0.541391	-0.999743	0.001457	-0.022612	-0.019799	-0.541501	0.840467
26803	5.490491	-0.112558	8.611522	-0.031991	-0.064271	0.044263	-0.011454	0.840340	0.541939	-0.999731	0.001299	-0.023144	-0.020153	-0.542059	0.840099
26804	5.609182	-0.127956	8.597374	-0.049163	-0.055108	0.042727	-0.011871	0.840029	0.542411	-0.999716	0.001248	-0.023813	-0.020681	-0.542540	0.839775
26805	5.521426	-0.211107	8.627046	-0.048889	-0.056457	0.041914	-0.012281	0.839712	0.542894	-0.999700	0.001202	-0.024473	-0.021203	-0.543031	0.839445
26806	5.525219	-0.248297	8.638750	-0.043268	-0.060623	0.036200	-0.012634	0.839370	0.543413	-0.999685	0.001175	-0.025058	-0.021671	-0.543559	0.839091
26807	5.731480	-0.310959	8.651637	-0.038967	-0.054125	0.027169	-0.012898	0.839065	0.543879	-0.999673	0.001198	-0.025555	-0.022094	-0.544031	0.838774
26808	5.676341	-0.364354	8.622716	-0.036123	-0.040933	0.022144	-0.013107	0.838830	0.544236	-0.999661	0.001251	-0.026003	-0.022492	-0.544393	0.838529
26809	5.503146	-0.303644	8.581019	-0.023887	-0.044670	0.020424	-0.013300	0.838575	0.544624	-0.999652	0.001250	-0.026337	-0.022766	-0.544785	0.838267
26810	5.614091	-0.275053	8.573078	-0.024822	-0.044956	0.016769	-0.013457	0.838318	0.545016	-0.999644	0.001286	-0.026660	-0.023051	-0.545180	0.838002
26811	5.527809	-0.292428	8.573437	-0.023929	-0.046826	0.017386	-0.013620	0.838051	0.545422	-0.999635	0.001312	-0.026979	-0.023325	-0.545590	0.837727
26812	5.462237	-0.402697	8.541167	-0.025007	-0.054469	0.009818	-0.013710	0.837741	0.545895	-0.999627	0.001408	-0.027266	-0.023610	-0.546065	0.837410
26813	5.660840	-0.452206	8.574313	-0.014050	-0.058068	0.010405	-0.013806	0.837413	0.546397	-0.999622	0.001439	-0.027463	-0.023784	-0.546569	0.837076
26814	5.820136	-0.462553	8.603175	0.003227	-0.050607	0.001968	-0.013817	0.837124	0.546839	-0.999622	0.001446	-0.027471	-0.023787	-0.547012	0.836787
26815	5.842699	-0.406580	8.637475	0.009366	-0.032999	-0.005366	-0.013749	0.836931	0.547135	-0.999624	0.001482	-0.027386	-0.023731	-0.547306	0.836596
26816	5.753952	-0.425936	8.585100	0.019566	-0.018066	-0.015296	-0.013579	0.836820	0.547310	-0.999630	0.001544	-0.027163	-0.023575	-0.547476	0.836489
26817	5.478971	-0.400243	8.530558	0.032530	-0.017119	-0.014725	-0.013416	0.836714	0.547476	-0.999639	0.001529	-0.026833	-0.023288	-0.547638	0.836391
26818	5.329412	-0.138416	8.575738	0.037196	-0.033007	-0.013314	-0.013269	0.836520	0.547775	-0.999648	0.001478	-0.026473	-0.022955	-0.547934	0.836207
26819	5.469006	0.003280	8.553438	0.015183	-0.054247	-0.007157	-0.013191	0.836211	0.548249	-0.999652	0.001493	-0.026330	-0.022836	-0.548406	0.835900
26820	5.811420	-0.111935	8.614877	-0.014706	-0.047025	0.003388	-0.013215	0.835940	0.548661	-0.999648	0.001587	-0.026495	-0.023019	-0.548818	0.835625
26821	5.517909	-0.160324	8.414063	-0.011908	-0.046182	0.014325	-0.013346	0.835675	0.549061	-0.999642	0.001575	-0.026696	-0.023174	-0.549221	0.835356
26822	5.360206	0.061016	8.385396	-0.019810	-0.059150	0.015252	-0.013491	0.835338	0.549571	-0.999635	0.001598	-0.026969	-0.023407	-0.549734	0.835012
26823	5.431589	0.064973	8.401685	-0.033213	-0.075434	0.025375	-0.013741	0.834912	0.550212	-0.999623	0.001611	-0.027409	-0.023770	-0.550381	0.834575
26824	5.597988	0.354752	8.422651	-0.028677	-0.091945	0.045278	-0.014194	0.834394	0.550986	-0.999609	0.001433	-0.027921	-0.024087	-0.551167	0.834047
26825	5.432103	-0.076098	8.364820	-0.111987	-0.084889	0.059807	-0.014791	0.833915	0.551695	-0.999572	0.001593	-0.029207	-0.025235	-0.551891	0.833534
26826	5.614259	-1.098466	8.746507	-0.141883	-0.101237	0.065165	-0.015448	0.833344	0.552539	-0.999525	0.001875	-0.030773	-0.026680	-0.552751	0.832919
26827	5.891959	-1.876843	8.839940	-0.084702	-0.092500	0.027024	-0.015722	0.832821	0.553319	-0.999497	0.002160	-0.031650	-0.027553	-0.553538	0.832368
26828	5.937459	-0.798685	8.688059	0.103379	-0.118989	-0.009495	-0.015638	0.832149	0.554331	-0.999525	0.001708	-0.030761	-0.026544	-0.554549	0.831727
26829	6.480646	-0.257484	8.636905	0.042284	-0.051929	-0.027157	-0.015360	0.831848	0.554790	-0.999540	0.001739	-0.030281	-0.026154	-0.555000	0.831439
26830	5.670553	0.118551	8.311079	0.055283	-0.013526	-0.015777	-0.015185	0.831761	0.554927	-0.999556	0.001605	-0.029757	-0.025642	-0.555132	0.831367
26831	5.512699	0.507861	8.463323	0.025443	-0.028318	0.011223	-0.015283	0.831591	0.555178	-0.999560	0.001412	-0.029631	-0.025424	-0.555386	0.831204
26832	5.649312	-0.320664	8.430401	-0.087091	-0.016654	0.035030	-0.015616	0.831487	0.555325	-0.999531	0.001646	-0.030573	-0.026335	-0.555542	0.831071
26833	5.564553	-1.026187	8.485278	-0.046653	-0.028024	0.035999	-0.015964	0.831319	0.555566	-0.999512	0.001645	-0.031182	-0.026836	-0.555792	0.830888
26834	5.321687	-0.217358	8.596562	0.050264	-0.078473	0.023935	-0.016204	0.830871	0.556230	-0.999521	0.001208	-0.030922	-0.026364	-0.556464	0.830453
26835	5.611451	0.612935	8.623452	0.008741	-0.104277	0.035148	-0.016563	0.830278	0.557103	-0.999517	0.000907	-0.031067	-0.026300	-0.557348	0.829862
26836	5.880614	-0.100637	8.600673	-0.105492	-0.074274	0.044966	-0.017011	0.829852	0.557724	-0.999480	0.001164	-0.032217	-0.027384	-0.557983	0.829401
26837	5.930233	-0.399787	8.553648	-0.049177	-0.082077	0.046969	-0.017480	0.829382	0.558408	-0.999458	0.001092	-0.032909	-0.027904	-0.558680	0.828914
26838	6.126146	-0.524373	8.558387	-0.062828	-0.050509	0.041688	-0.017890	0.829088	0.558832	-0.999432	0.001139	-0.033686	-0.028565	-0.559117	0.828596
26839	6.161439	-0.848153	8.495189	-0.035149	-0.012000	0.031967	-0.018192	0.829009	0.558939	-0.999415	0.001112	-0.034178	-0.028956	-0.559234	0.828504
26840	6.124957	-0.972181	8.599450	0.005787	0.024893	0.013761	-0.018301	0.829136	0.558748	-0.999413	0.001008	-0.034231	-0.028945	-0.559047	0.828631
26841	5.853323	-0.524301	8.433839	0.047556	0.047194	-0.001314	-0.018254	0.829387	0.558376	-0.999427	0.000794	-0.033852	-0.028520	-0.558674	0.828897
26842	5.803567	-0.441357	8.439755	0.033442	0.062185	-0.004153	-0.018173	0.829722	0.557881	-0.999436	0.000684	-0.033575	-0.028239	-0.558177	0.829241
26843	5.611869	-0.424762	8.458044	0.034995	0.061913	0.000894	-0.018141	0.830055	0.557386	-0.999445	0.000526	-0.033312	-0.027944	-0.557681	0.829585
26844	5.500262	-0.280287	8.468417	0.042501	0.038093	0.008386	-0.018193	0.830255	0.557087	-0.999454	0.000261	-0.033029	-0.027568	-0.557384	0.829797
26845	5.337086	-0.078074	8.515530	0.024468	0.016312	0.014964	-0.018319	0.830334	0.556965	-0.999458	0.000040	-0.032932	-0.027367	-0.557266	0.829883
26846	5.484633	-0.423990	8.565736	-0.019214	-0.007716	0.014559	-0.018445	0.830278	0.557044	-0.999449	0.000068	-0.033197	-0.027600	-0.557349	0.829819
26847	5.567970	-0.407836	8.527072	0.009015	-0.036784	0.015103	-0.018585	0.830061	0.557363	-0.999448	-0.000065	-0.033228	-0.027545	-0.557673	0.829604
26848	5.697772	-0.378165	8.638387	-0.014435	-0.049465	0.015001	-0.018727	0.829772	0.557788	-0.999440	-0.000067	-0.033455	-0.027723	-0.558102	0.829309
26849	5.730280	-0.106363	8.567359	0.009434	-0.064887	0.018546	-0.018907	0.829398	0.558338	-0.999439	-0.000229	-0.033504	-0.027660	-0.558658	0.828937
26850	5.569310	-0.157065	8.530728	-0.040831	-0.053974	0.022081	-0.019122	0.829084	0.558797	-0.999422	-0.000142	-0.033989	-0.028100	-0.559124	0.828608
26851	5.746150	-0.303007	8.484565	-0.033776	-0.071121	0.023892	-0.019360	0.828674	0.559397	-0.999407	-0.000111	-0.034425	-0.028465	-0.559731	0.828185
26852	5.842362	-0.318485	8.545265	-0.044528	-0.060136	0.027324	-0.019629	0.828325	0.559905	-0.999388	-0.000046	-0.034970	-0.028941	-0.560249	0.827819
26853	6.111431	-0.530209	8.449387	-0.032887	-0.041026	0.021144	-0.019831	0.828083	0.560255	-0.999374	0.000006	-0.035383	-0.029303	-0.560606	0.827564
26854	6.123128	-0.480734	8.396839	-0.000508	-0.016325	0.015761	-0.019973	0.827978	0.560404	-0.999370	-0.000080	-0.035499	-0.029347	-0.560760	0.827458
26855	5.777862	-0.235542	8.443327	0.014791	0.008006	0.009490	-0.020042	0.828011	0.560353	-0.999371	-0.000197	-0.035452	-0.029244	-0.560711	0.827495
26856	5.708830	-0.304644	8.454464	-0.001615	0.009243	0.013047	-0.020148	0.828050	0.560292	-0.999367	-0.000254	-0.035562	-0.029304	-0.560654	0.827532
26857	5.760420	-0.592237	8.499623	-0.004142	0.009245	0.004356	-0.020168	0.828090	0.560232	-0.999365	-0.000226	-0.035643	-0.029389	-0.560595	0.827568
26858	5.573060	-0.552991	8.446017	0.024042	0.000353	-0.001137	-0.020135	0.828079	0.560249	-0.999371	-0.000309	-0.035461	-0.029191	-0.560611	0.827565
26859	5.672169	-0.226244	8.490688	0.031402	-0.017200	-0.005298	-0.020064	0.827971	0.560412	-0.999380	-0.000397	-0.035193	-0.028916	-0.560771	0.827466
26860	5.618903	-0.172391	8.473931	0.013543	-0.021978	0.004829	-0.020098	0.827835	0.560612	-0.999383	-0.000471	-0.035132	-0.028819	-0.560972	0.827333
26861	5.631928	0.028375	8.491028	0.013785	-0.044462	0.015131	-0.020241	0.827573	0.560993	-0.999383	-0.000632	-0.035125	-0.028714	-0.561358	0.827075
26862	5.756775	-0.135550	8.438713	-0.025978	-0.041964	0.024288	-0.020475	0.827325	0.561351	-0.999369	-0.000645	-0.035500	-0.029008	-0.561724	0.826816
26863	5.708346	-0.222394	8.458904	-0.028525	-0.052267	0.034490	-0.020816	0.827018	0.561789	-0.999353	-0.000731	-0.035952	-0.029322	-0.562174	0.826499
26864	5.724033	-0.168639	8.459129	-0.035963	-0.057075	0.041566	-0.021227	0.826684	0.562265	-0.999333	-0.000831	-0.036506	-0.029712	-0.562665	0.826151
26865	5.899545	-0.650225	8.717434	-0.069277	-0.050038	0.040014	-0.021621	0.826390	0.562683	-0.999303	-0.000730	-0.037325	-0.030434	-0.563097	0.825830
26866	5.734293	-0.777710	8.404547	-0.009820	-0.059039	0.025299	-0.021871	0.826045	0.563180	-0.999294	-0.000842	-0.037572	-0.030562	-0.563604	0.825480
26867	6.024041	-0.469608	8.430740	-0.001832	-0.046337	0.011044	-0.021973	0.825771	0.563577	-0.999290	-0.000879	-0.037671	-0.030612	-0.564005	0.825204
26868	5.835507	-0.555883	8.434728	0.001916	-0.028403	0.008434	-0.022045	0.825598	0.563828	-0.999288	-0.000918	-0.037726	-0.030629	-0.564258	0.825030
26869	5.853949	-0.254828	8.461919	0.027489	-0.029547	0.004110	-0.022072	0.825419	0.564088	-0.999294	-0.001063	-0.037545	-0.030391	-0.564519	0.824860
26870	5.765001	-0.440102	8.464661	-0.003656	-0.014857	0.000492	-0.022061	0.825323	0.564230	-0.999292	-0.001005	-0.037601	-0.030466	-0.564661	0.824761
26871	5.809212	-0.327403	8.338472	0.040359	-0.022352	-0.007042	-0.021979	0.825184	0.564436	-0.999305	-0.001137	-0.037251	-0.030098	-0.564863	0.824636
26872	5.801417	-0.376284	8.388329	0.015400	-0.011429	-0.020180	-0.021760	0.825107	0.564557	-0.999314	-0.001015	-0.037034	-0.029984	-0.564976	0.824563
26873	5.752239	-0.905130	8.433199	0.020157	-0.000996	-0.029075	-0.021447	0.825089	0.564595	-0.999325	-0.000845	-0.036726	-0.029825	-0.565001	0.824551
26874	5.611608	-0.391433	8.562630	0.082319	-0.023143	-0.038634	-0.021047	0.824946	0.564819	-0.999357	-0.000950	-0.035852	-0.029040	-0.565210	0.824436
26875	5.112484	-0.072372	8.694862	0.043322	-0.045152	-0.039228	-0.020646	0.824679	0.565224	-0.999377	-0.000828	-0.035295	-0.028639	-0.565600	0.824182
26876	5.240233	-0.457951	8.723677	0.019568	-0.122142	-0.045992	-0.020200	0.823975	0.566266	-0.999391	-0.000517	-0.034897	-0.028461	-0.566626	0.823484
26877	6.098422	-0.498653	8.480229	0.030830	-0.152086	-0.052487	-0.019697	0.823100	0.567554	-0.999409	-0.000219	-0.034368	-0.028164	-0.567896	0.822618
26878	6.128645	-0.359049	8.355569	0.013843	-0.111456	-0.038534	-0.019322	0.822454	0.568503	-0.999420	0.000062	-0.034058	-0.028047	-0.568831	0.821976
26879	6.043283	-0.321033	8.415084	0.024385	-0.089763	-0.026057	-0.019070	0.821931	0.569268	-0.999431	0.000175	-0.033733	-0.027826	-0.569587	0.821460
26880	6.054822	-0.335436	8.335087	0.009503	-0.072571	-0.016041	-0.018909	0.821504	0.569889	-0.999436	0.000295	-0.033586	-0.027760	-0.570202	0.821035
26881	6.069266	-0.337612	8.364417	0.006737	-0.052580	-0.006193	-0.018841	0.821192	0.570341	-0.999438	0.000349	-0.033519	-0.027724	-0.570652	0.820724
26882	5.691258	-0.391905	8.461937	0.009848	-0.044676	-0.004692	-0.018786	0.820924	0.570728	-0.999441	0.000373	-0.033434	-0.027660	-0.571037	0.820458
26883	5.614102	-0.352734	8.611681	0.011688	-0.072459	-0.014766	-0.018635	0.820498	0.571346	-0.999446	0.000472	-0.033276	-0.027572	-0.571649	0.820035
26884	5.772232	-0.202244	8.526450	0.015204	-0.099292	-0.011617	-0.018525	0.819917	0.572183	-0.999452	0.000523	-0.033108	-0.027445	-0.572482	0.819458
26885	5.770746	-0.229059	8.502487	-0.013740	-0.103822	-0.013017	-0.018400	0.819310	0.573056	-0.999450	0.000753	-0.033168	-0.027606	-0.573350	0.818845
26886	5.739502	-0.167300	8.423975	-0.007906	-0.119657	-0.000789	-0.018405	0.818610	0.574055	-0.999447	0.000847	-0.033251	-0.027706	-0.574349	0.818142
26887	5.572133	-0.306709	8.398160	-0.025253	-0.144614	-0.001725	-0.018404	0.817767	0.575255	-0.999439	0.001051	-0.033470	-0.027975	-0.575549	0.817289
26888	5.440189	-0.301702	8.593648	-0.017604	-0.183334	-0.012073	-0.018314	0.816697	0.576776	-0.999436	0.001294	-0.033567	-0.028160	-0.577065	0.816212
26889	5.491429	-0.071011	8.705543	-0.008912	-0.245577	-0.016802	-0.018195	0.815265	0.578802	-0.999435	0.001524	-0.033565	-0.028247	-0.579086	0.814777
26890	5.339946	0.172134	8.713568	-0.046476	-0.295841	-0.002911	-0.018230	0.813535	0.581230	-0.999422	0.001860	-0.033949	-0.028700	-0.581513	0.813031
26891	5.413872	-0.181256	8.934749	-0.120698	-0.365511	0.003842	-0.018356	0.811392	0.584214	-0.999385	0.002572	-0.034973	-0.029880	-0.584497	0.810846
26892	5.982360	-0.309854	8.487419	-0.095107	-0.413644	0.005086	-0.018512	0.808954	0.587581	-0.999354	0.003131	-0.035795	-0.030796	-0.587864	0.808374
26893	6.030008	-0.043247	8.724964	-0.149399	-0.418180	0.034147	-0.018965	0.806477	0.590961	-0.999300	0.003777	-0.037223	-0.032252	-0.591253	0.805841
26894	5.822756	-0.284726	8.621968	-0.204657	-0.428155	0.041584	-0.019502	0.803927	0.594409	-0.999223	0.004699	-0.039138	-0.034257	-0.594710	0.803210
26895	6.120146	-0.039644	8.599011	-0.215260	-0.492126	0.042870	-0.020081	0.800981	0.598353	-0.999137	0.005684	-0.041141	-0.036354	-0.598663	0.800175
26896	5.366378	0.599454	9.392425	-0.344904	-0.533252	-0.021789	-0.020046	0.797762	0.602640	-0.999009	0.007973	-0.043785	-0.039735	-0.602920	0.796811
26897	3.264498	-0.610671	10.469888	-0.689112	-0.626964	0.103966	-0.021334	0.793964	0.607591	-0.998689	0.011360	-0.049911	-0.046530	-0.607859	0.792681
26898	4.323416	-1.203110	9.126793	-0.001146	-1.118476	0.162451	-0.023455	0.787119	0.616355	-0.998651	0.010126	-0.050935	-0.046334	-0.616718	0.785819
26899	4.761248	0.380196	11.098661	-0.050365	-1.358442	0.141010	-0.025473	0.778671	0.626915	-0.998591	0.009379	-0.052225	-0.046546	-0.627363	0.777335
26900	4.260987	-1.298541	9.865865	-0.331068	-1.582724	0.142689	-0.027637	0.768644	0.639079	-0.998393	0.010416	-0.055704	-0.049473	-0.639592	0.767121
26901	4.886022	-0.489932	10.490154	-0.093764	-1.984809	0.118579	-0.029786	0.755800	0.654125	-0.998311	0.010162	-0.057201	-0.049880	-0.654724	0.754220
26902	5.198950	-0.106108	9.894584	-0.204066	-2.230406	0.137182	-0.032263	0.741009	0.670720	-0.998164	0.010534	-0.059652	-0.051268	-0.671413	0.739308
26903	6.091199	0.423970	10.092890	-0.229730	-2.478211	0.172237	-0.035251	0.724152	0.688739	-0.997985	0.010879	-0.062517	-0.052764	-0.689555	0.722309
26904	6.145318	-0.173338	9.639607	-0.370735	-2.605166	0.241963	-0.039056	0.705956	0.707178	-0.997692	0.011785	-0.066865	-0.055538	-0.708158	0.703866
26905	6.829151	-0.198227	9.533401	-0.379713	-2.780327	0.296925	-0.043578	0.686022	0.726275	-0.997352	0.012489	-0.071640	-0.058217	-0.727474	0.683661
26906	7.506233	-0.960561	9.137715	-0.401220	-2.891107	0.334556	-0.048616	0.664733	0.745498	-0.996958	0.013234	-0.076815	-0.060927	-0.746964	0.662067
26907	7.905511	-0.069669	8.408580	-0.120139	-3.077163	0.395841	-0.054411	0.641475	0.765212	-0.996679	0.011603	-0.080596	-0.060579	-0.767056	0.638714
26908	9.657820	1.925810	8.681849	0.161665	-3.178529	0.328722	-0.059539	0.616788	0.784874	-0.996586	0.008325	-0.082141	-0.057198	-0.787085	0.614187
26909	11.559956	7.101512	10.590119	0.454619	-3.135058	0.377453	-0.064971	0.591823	0.803445	-0.996596	0.002467	-0.082408	-0.050753	-0.806064	0.589648
26910	8.125548	7.483844	12.345310	-1.728338	-2.543326	0.817861	-0.074584	0.571173	0.817434	-0.995013	0.011818	-0.099044	-0.066232	-0.820744	0.567443
26911	5.246254	1.797323	11.528790	-2.136273	-2.091880	0.700154	-0.083110	0.554005	0.828355	-0.992836	0.025577	-0.116719	-0.085850	-0.832121	0.547910
26912	12.011913	-0.060212	14.421409	-0.843102	-1.822620	0.222200	-0.086923	0.538793	0.837942	-0.991892	0.031467	-0.123126	-0.092708	-0.841850	0.531689
26913	6.427791	2.247875	13.046256	-0.151733	-1.085584	-0.188743	-0.086036	0.529553	0.843903	-0.991913	0.033798	-0.122335	-0.093305	-0.847603	0.522362
26914	3.741764	4.315655	12.089520	0.009664	-0.635589	-0.214166	-0.084484	0.524061	0.847480	-0.992103	0.034892	-0.120477	-0.092708	-0.850966	0.516975
26915	2.271828	2.541709	10.738189	-0.486982	-0.308845	-0.029571	-0.084458	0.521415	0.849113	-0.991664	0.039234	-0.122729	-0.097307	-0.852401	0.513755
26916	1.972895	-0.158145	10.057854	-0.373085	-0.021081	0.135046	-0.085799	0.521269	0.849068	-0.991177	0.041758	-0.125795	-0.101028	-0.852370	0.513088
26917	1.898167	-0.342172	10.157536	0.257257	0.217190	0.263684	-0.088169	0.523223	0.847623	-0.991204	0.038227	-0.126701	-0.098695	-0.851338	0.515250
26918	2.150925	0.600002	10.735881	0.412608	0.570195	0.419533	-0.091756	0.528198	0.844149	-0.991224	0.032563	-0.128117	-0.095159	-0.848497	0.520575
26919	2.177819	0.027821	10.415541	0.482955	0.955362	0.547075	-0.096261	0.536441	0.838430	-0.991160	0.025602	-0.130177	-0.091297	-0.843550	0.529234
26920	2.268526	-0.119330	10.228245	0.597420	1.311571	0.622742	-0.101246	0.547573	0.830610	-0.991075	0.017255	-0.132182	-0.086712	-0.836580	0.540939
26921	2.302850	-0.242016	9.813416	0.717566	1.628476	0.656908	-0.106362	0.561211	0.820810	-0.990997	0.007679	-0.133665	-0.081317	-0.827637	0.555341
26922	2.525613	-0.225328	9.210260	0.804409	1.899595	0.658277	-0.111376	0.576829	0.809237	-0.990910	-0.002634	-0.134503	-0.075454	-0.816861	0.571878
26923	2.773166	-0.185824	8.743865	0.857696	2.123422	0.618015	-0.115936	0.594001	0.796067	-0.990830	-0.013169	-0.134474	-0.069394	-0.804357	0.590080
26924	2.977109	-0.370109	8.362153	0.901995	2.291321	0.535838	-0.119706	0.612156	0.781624	-0.990796	-0.023546	-0.133300	-0.063196	-0.790387	0.609340
26925	3.414441	-0.518416	8.220899	0.968626	2.398920	0.402555	-0.122232	0.630830	0.766233	-0.990891	-0.033596	-0.130411	-0.056525	-0.775194	0.629190
26926	4.004864	-0.529289	8.294551	1.009633	2.497978	0.223246	-0.123098	0.649889	0.749994	-0.991153	-0.042723	-0.125660	-0.049623	-0.758827	0.649399
26927	4.754485	-0.734235	8.555714	1.006553	2.579942	0.029547	-0.122172	0.669239	0.732935	-0.991584	-0.050433	-0.119236	-0.042833	-0.741334	0.669768
26928	5.722938	-1.147853	8.688663	1.001603	2.648281	-0.166073	-0.119458	0.688701	0.715137	-0.992181	-0.056593	-0.111236	-0.036137	-0.722833	0.690077
26929	6.507978	-1.185790	8.707557	1.029490	2.720167	-0.350567	-0.115065	0.708317	0.696454	-0.992931	-0.061450	-0.101550	-0.029133	-0.703215	0.710380
26930	7.161821	-1.038703	8.846484	0.971908	2.777715	-0.470703	-0.109649	0.727849	0.676915	-0.993713	-0.064760	-0.091332	-0.022639	-0.682673	0.730373
26931	7.737589	-1.244594	8.951255	0.880016	2.823151	-0.549098	-0.103606	0.747193	0.656482	-0.994474	-0.066589	-0.081157	-0.016926	-0.661263	0.749963
26932	8.196768	-1.299362	9.146216	0.811358	2.861545	-0.612552	-0.097079	0.766196	0.635232	-0.995207	-0.067185	-0.071057	-0.011765	-0.639085	0.769046
26933	8.466631	-1.318400	9.408521	0.743857	2.896380	-0.677988	-0.090031	0.784839	0.613124	-0.995914	-0.066561	-0.061037	-0.007094	-0.616114	0.787625
26934	8.682533	-1.543210	9.542370	0.659797	2.911210	-0.735830	-0.082530	0.802905	0.590366	-0.996584	-0.064664	-0.051374	-0.003073	-0.592589	0.805499
26935	8.829520	-2.057737	9.349258	0.604485	2.887124	-0.757357	-0.074920	0.820161	0.567206	-0.997189	-0.061993	-0.042076	0.000654	-0.568764	0.822500
26936	8.826491	-2.277820	8.692255	0.654444	2.783742	-0.770991	-0.067289	0.836125	0.544396	-0.997720	-0.059212	-0.032379	0.005162	-0.545334	0.838203
26937	8.600078	-2.030238	8.136276	0.675947	2.611698	-0.730850	-0.060172	0.850507	0.522510	-0.998136	-0.056624	-0.022776	0.010216	-0.522906	0.852329
26938	8.118004	-2.560312	7.545096	0.593413	2.382702	-0.634322	-0.054115	0.863062	0.502192	-0.998426	-0.054190	-0.014457	0.014737	-0.502183	0.864636
26939	7.729705	-3.029979	7.008241	0.614091	2.083520	-0.584329	-0.048616	0.873651	0.484119	-0.998622	-0.052110	-0.006246	0.019770	-0.483755	0.874980
26940	7.786842	-2.978565	6.882308	0.760246	1.729108	-0.574124	-0.043261	0.882167	0.468946	-0.998712	-0.050648	0.003146	0.026527	-0.468206	0.883221
26941	8.290820	-2.439845	7.100631	0.698552	1.429128	-0.544050	-0.038228	0.889042	0.456227	-0.998728	-0.049021	0.011840	0.032891	-0.455194	0.889785
26942	7.156044	1.273372	5.461541	0.762280	0.668706	-0.653807	-0.031921	0.892368	0.450177	-0.998681	-0.046604	0.021568	0.040227	-0.448895	0.892679
26943	9.627637	1.153109	2.038696	-1.198740	0.291494	-0.217972	-0.029820	0.893772	0.447529	-0.999159	-0.039255	0.011820	0.028132	-0.446800	0.894191
26944	14.877387	-6.293931	5.283092	-2.119070	0.270237	0.550984	-0.035351	0.894764	0.445137	-0.999352	-0.034692	-0.009631	0.006826	-0.445189	0.895411
26945	11.840449	-10.633561	3.059728	-0.476729	0.173934	-0.316099	-0.032178	0.895641	0.443611	-0.999480	-0.029709	-0.012515	0.001970	-0.443783	0.896132
26946	13.604622	-4.097216	5.124679	0.701373	-0.213119	-1.464423	-0.017505	0.895046	0.445630	-0.999806	-0.019678	0.000249	0.008992	-0.445540	0.895217
26947	14.189448	0.021998	4.899343	0.471912	-0.008273	-1.072807	-0.006755	0.895179	0.445655	-0.999884	-0.012141	0.009232	0.013675	-0.445541	0.895157
26948	11.656400	-1.186718	4.975953	-0.765974	0.212244	-0.518613	-0.001568	0.896155	0.443738	-0.999981	-0.004052	0.004649	0.005964	-0.443722	0.896145
26949	9.750462	-3.663846	3.398138	-0.605571	0.074219	-0.376818	0.002220	0.896485	0.443068	-0.999998	0.002047	0.000868	-0.000129	-0.443069	0.896488
26950	8.653409	-3.041509	3.819833	-0.213697	-0.178480	-0.549111	0.007731	0.895655	0.444681	-0.999967	0.007955	0.001362	-0.002318	-0.444677	0.895688
26951	8.461861	-2.408401	4.823234	-0.211654	-0.277231	-0.489664	0.012639	0.894363	0.447164	-0.999910	0.013318	0.001625	-0.004502	-0.447144	0.894450
26952	8.384753	-1.598816	5.507315	-0.029076	-0.393980	-0.451273	0.017155	0.892514	0.450694	-0.999841	0.017519	0.003363	-0.004894	-0.450680	0.892672
26953	8.107841	-0.614056	5.404519	-0.117993	-0.509564	-0.323117	0.020379	0.890138	0.455236	-0.999773	0.020972	0.003748	-0.006211	-0.455209	0.890363
26954	9.242282	-1.111581	5.796319	-0.299145	-0.540389	-0.153102	0.021889	0.887620	0.460057	-0.999717	0.023740	0.001761	-0.009359	-0.459965	0.887888
26955	10.353470	-1.516641	5.256416	-0.213683	-0.546980	-0.060740	0.022460	0.885068	0.464919	-0.999680	0.025305	0.000121	-0.011658	-0.464773	0.885353
26956	10.633323	-0.799797	4.550817	-0.199035	-0.527971	0.043090	0.021984	0.882602	0.469607	-0.999663	0.025893	-0.001868	-0.013808	-0.469407	0.882874
26957	9.891950	-0.474487	3.007766	-0.248365	-0.601150	0.213236	0.019782	0.879809	0.474915	-0.999669	0.025225	-0.005091	-0.016459	-0.474657	0.880017
26958	8.641142	0.111534	2.464559	-0.257297	-0.738137	0.342566	0.016248	0.876354	0.481393	-0.999683	0.023487	-0.009016	-0.019207	-0.481094	0.876458
26959	6.250339	2.281717	8.435806	0.195919	-0.741840	0.424913	0.011885	0.872840	0.487862	-0.999778	0.018860	-0.009387	-0.017395	-0.487643	0.872870
26960	6.237531	3.525477	13.573611	-0.326715	-0.476673	0.352303	0.008293	0.870558	0.491996	-0.999750	0.017429	-0.013988	-0.020753	-0.491757	0.870485
26961	4.479659	1.184050	11.487629	-0.742943	-0.245096	-0.017192	0.008426	0.869335	0.494151	-0.999566	0.021278	-0.020390	-0.028240	-0.493765	0.869137
26962	1.906078	1.277823	8.486035	-0.463505	-0.403887	-0.490261	0.013223	0.867202	0.497781	-0.999369	0.027871	-0.022008	-0.032960	-0.497176	0.867023
26963	1.470536	1.166522	6.850672	-0.515494	-0.776375	-0.711162	0.020073	0.863076	0.504676	-0.999065	0.036642	-0.022926	-0.038279	-0.503744	0.863005
26964	4.600828	-0.625943	7.731965	-0.570830	-1.045684	-0.751897	0.027173	0.857439	0.513868	-0.998650	0.046051	-0.024033	-0.044271	-0.512521	0.857533
26965	7.038822	-1.689252	9.100043	-0.522193	-1.073914	-0.729486	0.033971	0.851506	0.523243	-0.998179	0.055023	-0.024736	-0.049853	-0.521449	0.851825
26966	8.579154	-3.040935	10.249811	-0.593806	-0.908202	-0.513301	0.038633	0.846422	0.531109	-0.997675	0.062540	-0.027098	-0.056152	-0.528827	0.846870
26967	9.727465	-5.668911	10.511117	-0.769744	-0.602395	-0.044746	0.038737	0.843181	0.536233	-0.997191	0.067046	-0.033387	-0.064104	-0.533433	0.843410
26968	7.375809	-8.713544	9.043516	-0.566850	-0.350699	0.291239	0.035619	0.841488	0.539100	-0.996916	0.067665	-0.039752	-0.069929	-0.536022	0.841303
26969	5.544591	-7.031549	8.377121	0.630349	-0.525642	0.149179	0.033799	0.838742	0.543479	-0.997386	0.063060	-0.035291	-0.063871	-0.540866	0.838680
26970	4.982084	-1.698303	8.691770	1.005259	-0.568677	-0.075715	0.034240	0.835591	0.548284	-0.997949	0.058271	-0.026484	-0.054079	-0.546253	0.835873
26971	4.772143	2.376542	7.960748	1.351852	-0.729883	-0.349165	0.037399	0.831370	0.554460	-0.998463	0.053794	-0.013312	-0.040894	-0.553110	0.832104
26972	7.073493	7.743810	8.680609	1.491918	-0.901250	-0.355267	0.040665	0.826152	0.561978	-0.998824	0.048466	0.001026	-0.026390	-0.561359	0.827152
26973	11.601702	10.475347	10.617423	0.048409	-0.512881	0.297068	0.037584	0.823389	0.566232	-0.998951	0.045786	-0.000274	-0.026151	-0.565628	0.824246
26974	5.374331	1.887833	8.773826	-2.708328	0.355636	0.531221	0.032441	0.825651	0.563248	-0.998061	0.056709	-0.025645	-0.053115	-0.561324	0.825890
26975	5.608552	-3.839274	6.507744	-1.395396	-0.037899	0.979179	0.022668	0.825978	0.563246	-0.997489	0.056493	-0.042700	-0.067089	-0.560864	0.825185
26976	6.526583	-4.874001	9.694902	-0.247802	-0.261482	0.298384	0.019533	0.824662	0.565288	-0.997380	0.055465	-0.046450	-0.069659	-0.562900	0.823585
26977	5.692755	-1.515162	8.251046	0.280431	-0.311120	0.061475	0.018727	0.822926	0.567840	-0.997580	0.053417	-0.044513	-0.066964	-0.565632	0.821934
26978	7.131617	-1.468459	9.962060	-0.071102	-0.252875	0.069886	0.017880	0.821516	0.569905	-0.997541	0.053288	-0.045518	-0.067763	-0.567690	0.820449
26979	5.937823	-3.031851	7.837316	-0.270125	0.007403	0.005345	0.017852	0.821546	0.569862	-0.997352	0.054819	-0.047787	-0.070499	-0.567500	0.820350
26980	6.107039	-1.636735	8.172680	0.308802	-0.262010	-0.056555	0.018255	0.820012	0.572055	-0.997552	0.053570	-0.044956	-0.067509	-0.569834	0.818982
26981	6.179633	-0.048861	8.591790	0.202061	-0.085067	-0.086881	0.019085	0.819466	0.572810	-0.997667	0.053172	-0.042828	-0.065553	-0.570656	0.818568
26982	6.345566	-1.320968	8.030778	-0.107010	-0.018483	-0.054569	0.019638	0.819317	0.573005	-0.997582	0.054272	-0.043414	-0.066668	-0.570767	0.818401
26983	5.965395	-0.056511	8.103351	0.243460	-0.059198	-0.048576	0.020104	0.818938	0.573530	-0.997728	0.053323	-0.041167	-0.064295	-0.571400	0.818149
26984	6.022492	0.879033	8.637612	0.148665	-0.027844	-0.040239	0.020508	0.818743	0.573793	-0.997812	0.052845	-0.039742	-0.062861	-0.571723	0.818035
