// General information: 
//  MT Manager version: 2022.2.0 
//  XDA version: 2022.2.0 build 7381 rev 124627 built on 2023-07-19
// Device information: 
//  DeviceId: 00B4CB9F
//  ProductCode: MTW2-3A7G6
//  Firmware Version: 4.6.0
//  Hardware Version: 2.0.0
// Device settings: 
//  Filter Profile: human(46.1)
//  Option Flags: Orientation Smoother Disabled, Position/Velocity Smoother Disabled, Continuous Zero Rotation Update Disabled, AHS Disabled, ICC Disabled
// Coordinate system: ENU
PacketCounter	Acc_X	Acc_Y	Acc_Z	Gyr_X	Gyr_Y	Gyr_Z	Mat[1][1]	Mat[2][1]	Mat[3][1]	Mat[1][2]	Mat[2][2]	Mat[3][2]	Mat[1][3]	Mat[2][3]	Mat[3][3]
46845	9.729584	0.606176	-0.532837	0.068522	-0.036528	0.041556	-0.008459	0.087039	0.996169	0.729351	-0.680978	0.065693	0.684087	0.727113	-0.057721
46846	9.782711	0.665219	-0.357316	0.050980	-0.024414	0.028426	-0.008027	0.087036	0.996173	0.729735	-0.680600	0.065344	0.683683	0.727467	-0.058050
46847	9.799160	0.758249	-0.213758	0.029363	0.002398	0.020750	-0.007834	0.086887	0.996187	0.729968	-0.680375	0.065082	0.683436	0.727695	-0.058095
46848	9.846457	0.814693	-0.137633	-0.003509	0.012331	0.017185	-0.007734	0.086694	0.996205	0.729977	-0.680386	0.064878	0.683428	0.727708	-0.058022
46849	9.834406	0.928052	-0.081890	-0.023507	0.032664	0.004718	-0.007865	0.086434	0.996227	0.729847	-0.680531	0.064806	0.683565	0.727603	-0.057731
46850	9.845542	0.953061	-0.206671	-0.034785	0.040159	-0.008318	-0.008141	0.086212	0.996244	0.729637	-0.680750	0.064873	0.683786	0.727425	-0.057361
46851	9.838828	0.926069	-0.310227	-0.042150	0.042997	-0.018084	-0.008509	0.086032	0.996256	0.729379	-0.681011	0.065039	0.684057	0.727201	-0.056955
46852	9.722127	0.835721	-0.445124	-0.041777	0.041891	-0.036971	-0.009008	0.085990	0.996255	0.729133	-0.681241	0.065393	0.684313	0.726992	-0.056562
46853	9.678088	0.729875	-0.763819	-0.036109	0.014133	-0.033367	-0.009290	0.086124	0.996241	0.728914	-0.681445	0.065707	0.684542	0.726785	-0.056447
46854	9.709639	0.573034	-1.093025	-0.012761	-0.008488	-0.029354	-0.009388	0.086399	0.996216	0.728858	-0.681479	0.065971	0.684600	0.726720	-0.056575
46855	9.812306	0.424656	-1.105436	0.013344	-0.020110	-0.014985	-0.009302	0.086657	0.996195	0.728979	-0.681339	0.066075	0.684473	0.726820	-0.056833
46856	9.751403	0.490112	-1.049427	0.041836	-0.025453	0.002375	-0.009050	0.086840	0.996181	0.729290	-0.681015	0.065991	0.684145	0.727103	-0.057168
46857	9.780375	0.493233	-0.956257	0.058677	-0.031662	0.026280	-0.008584	0.086901	0.996180	0.729725	-0.680581	0.065657	0.683687	0.727501	-0.057572
46858	9.748502	0.592978	-0.719558	0.064638	-0.022345	0.037564	-0.008098	0.086821	0.996191	0.730200	-0.680115	0.065210	0.683186	0.727946	-0.057889
46859	9.703520	0.725312	-0.523047	0.061772	-0.010851	0.048286	-0.007613	0.086582	0.996216	0.730656	-0.679677	0.064655	0.682703	0.728384	-0.058087
46860	9.750572	0.811647	-0.363463	0.044500	-0.001753	0.054508	-0.007143	0.086237	0.996249	0.730995	-0.679370	0.064049	0.682345	0.728711	-0.058186
46861	9.814318	0.870808	-0.317608	0.029514	0.016041	0.034943	-0.006939	0.085893	0.996280	0.731230	-0.679155	0.063645	0.682096	0.728952	-0.058095
46862	9.823420	0.910844	-0.283318	0.009782	0.030434	0.028704	-0.006879	0.085489	0.996315	0.731334	-0.679074	0.063318	0.681985	0.729075	-0.057850
46863	9.736968	0.844804	-0.318581	-0.018570	0.031897	0.008873	-0.006974	0.085206	0.996339	0.731239	-0.679187	0.063202	0.682086	0.729003	-0.057570
46864	9.691203	0.777389	-0.471799	-0.029739	0.019813	-0.012115	-0.007140	0.085159	0.996342	0.731058	-0.679372	0.063306	0.682278	0.728836	-0.057406
46865	9.652046	0.649558	-0.693225	-0.031434	0.004364	-0.018964	-0.007250	0.085266	0.996332	0.730873	-0.679555	0.063475	0.682475	0.728652	-0.057392
46866	9.745773	0.620253	-0.806928	-0.018177	-0.011073	-0.009560	-0.007185	0.085425	0.996319	0.730779	-0.679650	0.063544	0.682576	0.728545	-0.057543
46867	9.775256	0.592587	-0.797156	-0.012547	-0.018089	0.003873	-0.006976	0.085540	0.996310	0.730724	-0.679715	0.063474	0.682637	0.728471	-0.057765
46868	9.798114	0.625301	-0.720784	-0.013356	-0.016653	0.019734	-0.006661	0.085540	0.996312	0.730674	-0.679791	0.063249	0.682694	0.728401	-0.057974
46869	9.850320	0.662050	-0.547723	-0.019337	-0.008489	0.025159	-0.006361	0.085440	0.996323	0.730574	-0.679923	0.062972	0.682804	0.728288	-0.058096
46870	9.865939	0.731137	-0.407930	-0.027971	-0.003936	0.028271	-0.006069	0.085292	0.996337	0.730405	-0.680133	0.062673	0.682988	0.728110	-0.058170
46871	9.794872	0.736419	-0.305285	-0.051590	0.015149	0.018748	-0.005977	0.085064	0.996358	0.730084	-0.680495	0.062477	0.683331	0.727798	-0.058037
46872	9.787536	0.773160	-0.240850	-0.056850	0.020711	0.006467	-0.006013	0.084883	0.996373	0.729726	-0.680886	0.062410	0.683713	0.727454	-0.057847
46873	9.754625	0.705606	-0.268505	-0.059321	0.016548	-0.005291	-0.006107	0.084809	0.996379	0.729351	-0.681283	0.062459	0.684113	0.727091	-0.057695
46874	9.707912	0.615825	-0.427277	-0.066774	0.018219	-0.016897	-0.006299	0.084805	0.996378	0.728927	-0.681721	0.062631	0.684563	0.726681	-0.057522
46875	9.724193	0.533363	-0.630752	-0.061154	0.008266	-0.016591	-0.006418	0.084867	0.996372	0.728538	-0.682121	0.062794	0.684975	0.726298	-0.057451
46876	9.730022	0.449206	-0.702079	-0.043978	-0.002383	-0.004643	-0.006378	0.084931	0.996366	0.728262	-0.682413	0.062831	0.685269	0.726016	-0.057499
46877	9.775443	0.459335	-0.635770	-0.014377	0.000559	0.008573	-0.006261	0.084878	0.996372	0.728195	-0.682495	0.062715	0.685342	0.725945	-0.057534
46878	9.799692	0.482850	-0.637858	-0.005626	0.003393	0.013498	-0.006128	0.084774	0.996381	0.728187	-0.682518	0.062549	0.685351	0.725936	-0.057549
46879	9.800629	0.504933	-0.632974	0.004918	-0.001176	0.024214	-0.005886	0.084627	0.996395	0.728253	-0.682473	0.062267	0.685283	0.725995	-0.057613
46880	9.772843	0.578622	-0.634617	0.004823	-0.002356	0.022374	-0.005647	0.084507	0.996407	0.728303	-0.682444	0.062006	0.685232	0.726036	-0.057693
46881	9.799696	0.672984	-0.622803	0.005194	-0.000546	0.016622	-0.005464	0.084407	0.996416	0.728370	-0.682391	0.061800	0.685162	0.726098	-0.057751
46882	9.817363	0.757555	-0.557971	-0.006543	0.000707	0.014410	-0.005306	0.084316	0.996425	0.728360	-0.682418	0.061624	0.685175	0.726083	-0.057792
46883	9.822421	0.736448	-0.459063	-0.025461	0.003891	0.013029	-0.005179	0.084209	0.996435	0.728217	-0.682585	0.061470	0.685327	0.725939	-0.057787
46884	9.835822	0.701921	-0.417120	-0.043811	0.011254	0.009567	-0.005129	0.084075	0.996446	0.727947	-0.682882	0.061365	0.685614	0.725675	-0.057700
46885	9.787499	0.652526	-0.410771	-0.048510	0.017725	0.002127	-0.005177	0.083941	0.996457	0.727645	-0.683206	0.061333	0.685934	0.725385	-0.057543
46886	9.799952	0.595877	-0.372248	-0.060306	0.024402	-0.015754	-0.005401	0.083885	0.996461	0.727264	-0.683598	0.061489	0.686337	0.725022	-0.057314
46887	9.729122	0.483000	-0.528443	-0.066837	0.025504	-0.021380	-0.005673	0.083855	0.996462	0.726835	-0.684035	0.061702	0.686789	0.724613	-0.057068
46888	9.684262	0.443056	-0.677755	-0.067318	0.016326	-0.023693	-0.005902	0.083909	0.996456	0.726424	-0.684450	0.061939	0.687222	0.724215	-0.056914
46889	9.716028	0.432580	-0.740969	-0.043238	0.009656	-0.018773	-0.006047	0.083977	0.996449	0.726157	-0.684718	0.062112	0.687503	0.723954	-0.056840
46890	9.773690	0.493547	-0.797091	-0.015047	0.010141	-0.007582	-0.006116	0.083967	0.996450	0.726095	-0.684779	0.062161	0.687567	0.723897	-0.056780
46891	9.772387	0.502248	-0.715604	-0.003053	0.009104	0.007077	-0.006069	0.083862	0.996459	0.726106	-0.684777	0.062053	0.687556	0.723911	-0.056737
46892	9.806263	0.592672	-0.679345	0.005687	0.011916	0.012024	-0.006004	0.083707	0.996472	0.726172	-0.684722	0.061894	0.687487	0.723982	-0.056674
46893	9.843842	0.582274	-0.639861	0.010662	0.006076	0.011870	-0.005901	0.083591	0.996483	0.726277	-0.684625	0.061732	0.687377	0.724087	-0.056670
46894	9.836933	0.585657	-0.662071	0.019404	0.008890	0.016815	-0.005780	0.083425	0.996497	0.726435	-0.684476	0.061517	0.687211	0.724246	-0.056647
46895	9.815397	0.631653	-0.644325	0.014519	0.013013	0.005699	-0.005770	0.083301	0.996508	0.726566	-0.684346	0.061414	0.687072	0.724383	-0.056575
46896	9.806168	0.620932	-0.590934	0.006915	0.000727	-0.000135	-0.005720	0.083310	0.996507	0.726650	-0.684260	0.061376	0.686984	0.724463	-0.056623
46897	9.819394	0.587484	-0.549825	0.000114	0.004481	-0.005066	-0.005729	0.083321	0.996506	0.726682	-0.684226	0.061388	0.686950	0.724495	-0.056628
46898	9.739151	0.552209	-0.480111	-0.009599	0.007298	-0.011646	-0.005807	0.083359	0.996503	0.726657	-0.684244	0.061473	0.686976	0.724473	-0.056600
46899	9.749231	0.588084	-0.527316	-0.017512	0.006000	-0.019346	-0.005931	0.083458	0.996494	0.726567	-0.684325	0.061638	0.687070	0.724385	-0.056579
46900	9.741287	0.571154	-0.554162	-0.023857	0.009455	-0.021286	-0.006092	0.083547	0.996485	0.726439	-0.684445	0.061826	0.687204	0.724262	-0.056522
46901	9.712466	0.625548	-0.559212	-0.036496	0.008037	-0.022619	-0.006254	0.083653	0.996475	0.726218	-0.684660	0.062034	0.687436	0.724046	-0.056468
46902	9.727886	0.609750	-0.592748	-0.040375	0.012741	-0.025912	-0.006473	0.083751	0.996466	0.725973	-0.684897	0.062280	0.687693	0.723811	-0.056367
46903	9.813436	0.595565	-0.647501	-0.040861	0.006438	-0.015106	-0.006569	0.083817	0.996460	0.725722	-0.685151	0.062415	0.687956	0.723563	-0.056327
46904	9.829092	0.635143	-0.590876	-0.039745	0.011497	-0.012342	-0.006678	0.083831	0.996458	0.725478	-0.685399	0.062524	0.688213	0.723326	-0.056240
46905	9.791002	0.678341	-0.542282	-0.037331	0.021078	-0.016236	-0.006883	0.083799	0.996459	0.725251	-0.685626	0.062668	0.688450	0.723115	-0.056056
46906	9.830025	0.718837	-0.491246	-0.046483	0.024787	-0.018002	-0.007128	0.083756	0.996461	0.724967	-0.685911	0.062839	0.688746	0.722850	-0.055831
46907	9.855608	0.573418	-0.502242	-0.056738	0.023452	-0.022549	-0.007395	0.083750	0.996459	0.724606	-0.686272	0.063057	0.689124	0.722507	-0.055611
46908	9.877385	0.528711	-0.516695	-0.060106	0.019526	-0.020317	-0.007620	0.083762	0.996457	0.724217	-0.686664	0.063259	0.689530	0.722133	-0.055430
46909	9.836859	0.444855	-0.572712	-0.044533	0.025209	-0.024224	-0.007911	0.083756	0.996455	0.723939	-0.686936	0.063487	0.689818	0.721875	-0.055200
46910	9.776152	0.455783	-0.601670	-0.024548	0.027041	-0.019988	-0.008184	0.083712	0.996456	0.723790	-0.687077	0.063666	0.689972	0.721746	-0.054967
46911	9.798796	0.490457	-0.519983	-0.013890	0.036415	-0.014983	-0.008485	0.083562	0.996466	0.723724	-0.687135	0.063784	0.690037	0.721708	-0.054645
46912	9.680375	0.497137	-0.400156	-0.011351	0.050514	-0.023934	-0.008948	0.083375	0.996478	0.723671	-0.687172	0.063994	0.690087	0.721695	-0.054187
46913	9.722664	0.522116	-0.507617	-0.029387	0.049092	-0.034396	-0.009477	0.083266	0.996482	0.723496	-0.687326	0.064314	0.690263	0.721561	-0.053729
46914	9.770470	0.495065	-0.602487	-0.037026	0.041844	-0.035929	-0.009967	0.083224	0.996481	0.723266	-0.687537	0.064656	0.690498	0.721365	-0.053340
46915	9.783226	0.548827	-0.721918	-0.021181	0.033191	-0.031044	-0.010363	0.083207	0.996478	0.723148	-0.687634	0.064938	0.690616	0.721274	-0.053045
46916	9.778493	0.628481	-0.726855	0.008021	0.026302	-0.029358	-0.010698	0.083231	0.996473	0.723233	-0.687520	0.065190	0.690521	0.721380	-0.052841
46917	9.820461	0.708853	-0.746956	0.022808	0.010428	-0.018479	-0.010845	0.083292	0.996466	0.723420	-0.687311	0.065324	0.690323	0.721572	-0.052801
46918	9.773640	0.709025	-0.731946	0.016565	0.015070	-0.018602	-0.011027	0.083325	0.996461	0.723562	-0.687147	0.065466	0.690171	0.721724	-0.052714
46919	9.676054	0.644493	-0.637447	-0.002779	0.009082	-0.022414	-0.011193	0.083422	0.996451	0.723572	-0.687119	0.065653	0.690158	0.721739	-0.052671
46920	9.672378	0.528001	-0.661976	-0.024185	-0.002496	-0.036863	-0.011383	0.083706	0.996426	0.723434	-0.687232	0.065996	0.690300	0.721599	-0.052733
46921	9.711261	0.514518	-0.704339	-0.035646	-0.013396	-0.039153	-0.011515	0.084080	0.996392	0.723215	-0.687427	0.066367	0.690527	0.721370	-0.052892
46922	9.694730	0.592808	-0.580357	-0.032730	-0.018634	-0.043718	-0.011647	0.084526	0.996353	0.723027	-0.687584	0.066783	0.690722	0.721168	-0.053107
46923	9.742642	0.727011	-0.490400	-0.035483	-0.021213	-0.056699	-0.011852	0.085078	0.996304	0.722807	-0.687763	0.067329	0.690949	0.720933	-0.053344
46924	9.757372	0.770957	-0.436140	-0.052746	-0.016086	-0.065584	-0.012156	0.085658	0.996250	0.722463	-0.688060	0.067975	0.691303	0.720580	-0.053521
46925	9.668269	0.698164	-0.401523	-0.068542	-0.013566	-0.076765	-0.012558	0.086294	0.996191	0.722011	-0.688458	0.068739	0.691768	0.720124	-0.053659
46926	9.627743	0.619867	-0.462316	-0.074867	-0.035271	-0.083644	-0.012859	0.087137	0.996113	0.721510	-0.688899	0.069577	0.692284	0.719601	-0.054011
46927	9.593656	0.592745	-0.411441	-0.056595	-0.049952	-0.088212	-0.013091	0.088113	0.996024	0.721139	-0.689200	0.070448	0.692667	0.719194	-0.054519
46928	9.507516	0.641286	-0.356320	-0.025747	-0.076670	-0.105737	-0.013265	0.089405	0.995907	0.720981	-0.689258	0.071480	0.692828	0.718978	-0.055316
46929	9.875023	0.743949	-0.483161	-0.022344	-0.076582	-0.123082	-0.013564	0.090813	0.995776	0.720841	-0.689279	0.072680	0.692967	0.718782	-0.056112
46930	10.035756	0.691339	-0.553011	-0.060590	-0.039645	-0.119866	-0.014095	0.091936	0.995665	0.720438	-0.689574	0.073871	0.693376	0.718357	-0.056515
46931	9.938334	0.556306	-0.556950	-0.108751	0.000581	-0.113810	-0.014860	0.092726	0.995581	0.719699	-0.690220	0.075028	0.694127	0.717633	-0.056478
46932	9.879275	0.514114	-0.418490	-0.107349	0.016474	-0.097396	-0.015619	0.093292	0.995516	0.718974	-0.690867	0.076023	0.694861	0.716938	-0.056284
46933	9.924180	0.635854	-0.247746	-0.058260	0.034514	-0.077662	-0.016359	0.093590	0.995476	0.718589	-0.691183	0.076791	0.695243	0.716594	-0.055946
46934	9.922181	0.753953	-0.060650	-0.028270	0.065142	-0.072568	-0.017274	0.093638	0.995456	0.718407	-0.691293	0.077493	0.695409	0.716481	-0.055329
46935	9.967568	0.715733	-0.076725	-0.021704	0.097164	-0.073977	-0.018423	0.093462	0.995452	0.718275	-0.691351	0.078203	0.695516	0.716449	-0.054395
46936	9.895804	0.648135	-0.060391	-0.015029	0.120851	-0.072893	-0.019730	0.093110	0.995460	0.718198	-0.691351	0.078900	0.695559	0.716494	-0.053231
46937	9.941423	0.609917	-0.071252	-0.000551	0.148044	-0.072815	-0.021224	0.092561	0.995481	0.718211	-0.691259	0.079587	0.695502	0.716654	-0.051807
46938	9.889450	0.612135	-0.144806	0.018522	0.177088	-0.067799	-0.022887	0.091770	0.995517	0.718370	-0.691021	0.080216	0.695284	0.716986	-0.050109
46939	9.760957	0.465285	-0.330953	0.042084	0.181552	-0.077140	-0.024645	0.091009	0.995545	0.718677	-0.690619	0.080925	0.694908	0.717469	-0.048386
46940	9.741416	0.319202	-0.759344	0.077576	0.159613	-0.076463	-0.026247	0.090402	0.995559	0.719234	-0.689958	0.081613	0.694272	0.718182	-0.046911
46941	9.722889	0.213873	-0.919861	0.134645	0.142732	-0.076844	-0.027732	0.089915	0.995563	0.720180	-0.688892	0.082278	0.693233	0.719266	-0.045651
46942	9.615874	0.309059	-1.090515	0.200402	0.107370	-0.061900	-0.028861	0.089581	0.995561	0.721572	-0.687374	0.082769	0.691738	0.720758	-0.044800
46943	9.746416	0.615604	-1.107821	0.239551	0.081266	-0.048349	-0.029714	0.089336	0.995558	0.723245	-0.685573	0.083106	0.689952	0.722502	-0.044240
46944	9.870826	0.912970	-0.971912	0.221799	0.074424	-0.030889	-0.030391	0.089022	0.995566	0.724792	-0.683916	0.083280	0.688297	0.724109	-0.043737
46945	9.849591	0.996185	-0.760304	0.169133	0.086381	-0.024493	-0.031105	0.088572	0.995584	0.725980	-0.682639	0.083413	0.687012	0.725368	-0.043068
46946	9.878574	1.062765	-0.462287	0.083268	0.091470	-0.032442	-0.031909	0.088142	0.995597	0.726573	-0.681977	0.083664	0.686348	0.726043	-0.042280
46947	9.852483	1.038254	-0.191720	-0.012051	0.104998	-0.050401	-0.032938	0.087733	0.995599	0.726506	-0.681991	0.084133	0.686371	0.726080	-0.041275
46948	9.703594	0.839101	-0.023639	-0.075340	0.121198	-0.080024	-0.034292	0.087410	0.995582	0.725999	-0.682432	0.084923	0.686840	0.725704	-0.040057
46949	9.641709	0.675934	0.101377	-0.100509	0.138331	-0.107910	-0.035968	0.087153	0.995545	0.725302	-0.683038	0.085999	0.687490	0.725165	-0.038645
46950	9.677071	0.523550	-0.058669	-0.111174	0.142324	-0.123999	-0.037785	0.086981	0.995493	0.724519	-0.683711	0.087240	0.688218	0.724550	-0.037185
46951	9.830865	0.450680	-0.235911	-0.079063	0.153727	-0.125754	-0.039696	0.086737	0.995440	0.723958	-0.684145	0.088483	0.688701	0.724170	-0.035636
46952	9.743876	0.465695	-0.350485	-0.026360	0.155665	-0.130525	-0.041653	0.086514	0.995380	0.723758	-0.684192	0.089753	0.688796	0.724152	-0.034117
46953	9.624151	0.552614	-0.571483	0.014111	0.135311	-0.133984	-0.043496	0.086460	0.995305	0.723830	-0.683945	0.091045	0.688606	0.724392	-0.032833
46954	9.675847	0.620500	-0.822654	0.043862	0.099636	-0.139184	-0.045128	0.086702	0.995212	0.724097	-0.683484	0.092378	0.688220	0.724799	-0.031936
46955	9.642910	0.633645	-0.935181	0.057046	0.063649	-0.142266	-0.046538	0.087222	0.995101	0.724457	-0.682917	0.093739	0.687747	0.725270	-0.031407
46956	9.470901	0.688918	-0.900531	0.062882	0.005630	-0.137819	-0.047514	0.088135	0.994975	0.724851	-0.682317	0.095054	0.687265	0.725725	-0.031465
46957	9.585417	0.995284	-0.875051	0.071018	-0.035288	-0.129263	-0.048151	0.089282	0.994842	0.725310	-0.681657	0.096280	0.686737	0.726204	-0.031935
46958	9.671561	1.307740	-0.766323	0.040061	-0.063066	-0.114521	-0.048485	0.090534	0.994712	0.725550	-0.681246	0.097369	0.686459	0.726435	-0.032657
46959	9.742352	1.374227	-0.679807	-0.019521	-0.089778	-0.103168	-0.048559	0.091899	0.994584	0.725399	-0.681264	0.098365	0.686614	0.726246	-0.033582
46960	9.807187	1.289590	-0.467771	-0.092430	-0.095889	-0.097345	-0.048545	0.093272	0.994457	0.724743	-0.681822	0.099328	0.687307	0.725547	-0.034499
46961	9.752964	1.122173	-0.341737	-0.138062	-0.099336	-0.109301	-0.048595	0.094747	0.994315	0.723773	-0.682691	0.100426	0.688325	0.724538	-0.035400
46962	9.669916	0.923927	-0.421942	-0.148366	-0.111040	-0.131003	-0.048714	0.096462	0.994144	0.722704	-0.683628	0.101745	0.689439	0.723428	-0.036411
46963	9.673187	0.810766	-0.538156	-0.131552	-0.133097	-0.150029	-0.048821	0.098459	0.993943	0.721756	-0.684404	0.103248	0.690424	0.722425	-0.037650
46964	9.680735	0.861110	-0.598814	-0.077351	-0.158298	-0.152294	-0.048763	0.100657	0.993725	0.721176	-0.684786	0.104753	0.691033	0.721759	-0.039199
46965	9.638133	1.098088	-0.608627	-0.027714	-0.186528	-0.136188	-0.048398	0.102945	0.993509	0.720951	-0.684818	0.106080	0.691293	0.721406	-0.041075
46966	9.505951	1.257900	-0.506422	-0.019586	-0.216069	-0.129989	-0.047778	0.105405	0.993281	0.720785	-0.684797	0.107340	0.691510	0.721071	-0.043256
46967	9.606517	1.346643	-0.412730	-0.028468	-0.236081	-0.112838	-0.046900	0.107889	0.993056	0.720568	-0.684853	0.108436	0.691797	0.720650	-0.045622
46968	9.640379	1.343341	-0.136548	-0.047730	-0.239610	-0.091072	-0.045836	0.110252	0.992846	0.720222	-0.685076	0.109325	0.692228	0.720080	-0.048005
46969	9.589433	1.325793	0.189852	-0.061911	-0.234727	-0.075266	-0.044694	0.112466	0.992650	0.719791	-0.685409	0.110065	0.692750	0.719420	-0.050319
46970	9.717552	1.333740	0.520212	-0.068678	-0.223608	-0.059705	-0.043513	0.114497	0.992470	0.719313	-0.685816	0.110657	0.693322	0.718712	-0.052518
46971	9.686348	1.431196	0.764570	-0.058668	-0.200574	-0.052845	-0.042443	0.116310	0.992306	0.718917	-0.686148	0.111174	0.693799	0.718104	-0.054495
46972	9.660299	1.512980	0.849690	-0.048095	-0.185155	-0.051107	-0.041464	0.118003	0.992147	0.718587	-0.686413	0.111671	0.694200	0.717574	-0.056334
46973	9.764917	1.618632	0.952983	-0.039204	-0.153084	-0.052815	-0.040722	0.119472	0.992002	0.718326	-0.686603	0.112179	0.694514	0.717149	-0.057860
46974	9.702620	1.724165	0.928526	-0.007220	-0.133627	-0.041330	-0.040030	0.120725	0.991879	0.718292	-0.686577	0.112554	0.694589	0.716964	-0.059232
46975	9.721440	1.791240	0.740741	0.027520	-0.115509	-0.031892	-0.039399	0.121781	0.991775	0.718503	-0.686313	0.112816	0.694407	0.717038	-0.060460
46976	9.742490	2.026575	0.693885	0.045050	-0.094951	-0.009829	-0.038752	0.122540	0.991707	0.718843	-0.685952	0.112849	0.694092	0.717254	-0.061505
46977	9.560455	2.148413	0.454499	0.078510	-0.081571	0.006370	-0.038082	0.123091	0.991664	0.719422	-0.685369	0.112699	0.693528	0.717717	-0.062454
46978	9.455676	2.181595	0.276609	0.099563	-0.085086	0.025023	-0.037251	0.123543	0.991640	0.720144	-0.684667	0.112352	0.692824	0.718309	-0.063464
46979	9.338695	2.079233	0.020909	0.101581	-0.112384	0.039864	-0.036128	0.124087	0.991613	0.720895	-0.683959	0.111853	0.692102	0.718890	-0.064744
46980	9.416341	1.977476	-0.352197	0.125139	-0.136579	0.062319	-0.034673	0.124653	0.991594	0.721815	-0.683109	0.111113	0.691217	0.719600	-0.066291
46981	9.497009	2.106375	-0.655226	0.133606	-0.175136	0.091177	-0.032747	0.125301	0.991578	0.722801	-0.682233	0.110081	0.690280	0.720318	-0.068227
46982	9.416345	2.162970	-1.002320	0.134522	-0.211449	0.117716	-0.030382	0.126033	0.991561	0.723801	-0.681380	0.108785	0.689340	0.720997	-0.070521
46983	9.580612	2.130079	-1.163190	0.080193	-0.250933	0.147941	-0.027523	0.126844	0.991541	0.724428	-0.680961	0.107222	0.688801	0.721251	-0.073147
46984	9.517427	2.184582	-1.048373	-0.018644	-0.269566	0.163984	-0.024421	0.127684	0.991514	0.724369	-0.681280	0.105574	0.688979	0.720801	-0.075853
46985	9.455241	2.255969	-1.008257	-0.141281	-0.291537	0.153507	-0.021241	0.128746	0.991450	0.723462	-0.682467	0.104122	0.690037	0.719488	-0.078646
46986	9.524272	2.368677	-1.029721	-0.279247	-0.321406	0.143133	-0.017930	0.130088	0.991340	0.721592	-0.684630	0.102891	0.692087	0.717188	-0.081596
46987	9.895782	2.123122	-0.992932	-0.401238	-0.311429	0.129543	-0.014779	0.131437	0.991214	0.718862	-0.687644	0.101901	0.694996	0.714052	-0.084323
46988	9.633067	1.610363	-1.220087	-0.455527	-0.325131	0.106721	-0.011691	0.133032	0.991043	0.715726	-0.691010	0.101200	0.698284	0.710498	-0.087136
46989	9.699818	1.420597	-1.311655	-0.473827	-0.360865	0.103871	-0.008365	0.134877	0.990827	0.712451	-0.694480	0.100552	0.701672	0.706757	-0.090284
46990	9.682073	1.297305	-1.256708	-0.460067	-0.367381	0.104127	-0.004984	0.136753	0.990593	0.709256	-0.697836	0.099906	0.704934	0.703081	-0.093515
46991	9.581322	1.047117	-1.096417	-0.455604	-0.366488	0.127663	-0.001433	0.138438	0.990370	0.706073	-0.701180	0.099035	0.708138	0.699415	-0.096743
46992	9.672413	0.925262	-0.654468	-0.459498	-0.346638	0.154062	0.002169	0.139787	0.990179	0.702836	-0.704579	0.097928	0.711348	0.695722	-0.099775
46993	9.590067	0.890633	-0.178233	-0.408697	-0.332758	0.166446	0.005766	0.140928	0.990003	0.699949	-0.707623	0.096654	0.714170	0.692394	-0.102723
46994	9.776058	1.033821	0.059698	-0.343977	-0.313809	0.167303	0.009237	0.141921	0.989835	0.697506	-0.710211	0.095320	0.716520	0.689535	-0.105551
46995	9.866308	1.224089	0.106632	-0.285848	-0.297437	0.169677	0.012611	0.142768	0.989676	0.695468	-0.712395	0.093906	0.718446	0.687104	-0.108275
46996	9.884499	1.243048	-0.157824	-0.219527	-0.289206	0.153563	0.015814	0.143669	0.989499	0.693894	-0.714099	0.092593	0.719903	0.685144	-0.110984
46997	9.942345	1.006610	-0.505671	-0.131374	-0.284770	0.160697	0.019038	0.144476	0.989325	0.692952	-0.715204	0.091110	0.720733	0.683820	-0.113731
46998	9.779301	0.704185	-0.681300	-0.053324	-0.291866	0.171161	0.022381	0.145256	0.989141	0.692565	-0.715789	0.089444	0.721008	0.683043	-0.116619
46999	9.847423	0.468114	-0.848528	0.045743	-0.296144	0.195522	0.025928	0.145885	0.988962	0.692879	-0.715735	0.087415	0.720587	0.682964	-0.119639
47000	9.929141	0.344753	-0.882916	0.138091	-0.283768	0.229978	0.029621	0.146189	0.988813	0.693840	-0.715103	0.084938	0.719520	0.683562	-0.122613
47001	9.949195	0.260061	-0.583384	0.213812	-0.259426	0.267227	0.033400	0.146060	0.988712	0.695323	-0.714005	0.081990	0.717921	0.684736	-0.125407
47002	9.856530	0.280503	-0.289440	0.290222	-0.234088	0.272869	0.037032	0.145729	0.988631	0.697338	-0.712388	0.078889	0.715786	0.686488	-0.128003
47003	9.681529	0.471301	-0.050522	0.329545	-0.203801	0.267880	0.040418	0.145231	0.988572	0.699619	-0.710486	0.075773	0.713372	0.688561	-0.130323
47004	9.502685	0.742146	0.184518	0.313602	-0.204354	0.258204	0.043736	0.144817	0.988491	0.701774	-0.708673	0.072773	0.711056	0.690515	-0.132624
47005	9.534390	0.991660	0.274815	0.297862	-0.219813	0.251811	0.047125	0.144562	0.988373	0.703804	-0.706952	0.069844	0.708829	0.692330	-0.135058
47006	9.742543	1.286018	0.142232	0.311368	-0.220091	0.260741	0.050574	0.144256	0.988247	0.705910	-0.705144	0.066806	0.706494	0.694235	-0.137493
47007	9.920691	1.493086	0.051731	0.312282	-0.223424	0.274182	0.054146	0.143885	0.988112	0.707999	-0.703342	0.063622	0.704135	0.696137	-0.139954
47008	10.213655	1.613214	-0.026951	0.291301	-0.225367	0.283346	0.057792	0.143475	0.987965	0.709918	-0.701692	0.060374	0.701909	0.697885	-0.142407
47009	10.280782	1.668594	-0.220000	0.238078	-0.215684	0.287682	0.061406	0.142972	0.987820	0.711445	-0.700414	0.057149	0.700054	0.699270	-0.144727
47010	10.210828	1.457355	-0.314544	0.253537	-0.202966	0.295724	0.064983	0.142333	0.987683	0.713059	-0.699035	0.053822	0.698086	0.700779	-0.146917
47011	10.069349	1.249933	-0.187346	0.348780	-0.177768	0.321441	0.068575	0.141345	0.987582	0.715304	-0.697016	0.050089	0.695441	0.702986	-0.148903
47012	9.887237	1.200233	-0.083048	0.443401	-0.156030	0.345518	0.072186	0.140050	0.987510	0.718165	-0.694352	0.045977	0.692119	0.705876	-0.150701
47013	9.827007	1.238365	-0.194841	0.500325	-0.150889	0.368462	0.075937	0.138573	0.987437	0.721374	-0.691299	0.041538	0.688370	0.709157	-0.152458
47014	9.863125	1.221871	-0.332683	0.544869	-0.167342	0.386928	0.079934	0.137104	0.987326	0.724840	-0.687932	0.036846	0.684265	0.712708	-0.154367
47015	9.943296	1.213247	-0.298897	0.555548	-0.178871	0.407861	0.084175	0.135592	0.987182	0.728322	-0.684491	0.031914	0.680045	0.716301	-0.156372
47016	9.947131	1.182572	-0.132011	0.524832	-0.193399	0.423805	0.088630	0.134097	0.986997	0.731542	-0.681267	0.026869	0.676011	0.719648	-0.158478
47017	10.213875	1.106302	0.159383	0.444331	-0.195423	0.428380	0.093145	0.132603	0.986783	0.734176	-0.678607	0.021890	0.672540	0.722433	-0.160562
47018	10.618698	1.204885	0.651111	0.336243	-0.165723	0.428631	0.097456	0.130907	0.986593	0.736051	-0.676711	0.017082	0.669874	0.724518	-0.162304
47019	10.715313	1.472497	1.474579	0.246567	-0.090477	0.416640	0.101189	0.128756	0.986500	0.737313	-0.675435	0.012528	0.667930	0.726091	-0.163280
47020	10.484221	1.733121	2.278827	0.187263	0.025575	0.383614	0.103895	0.125991	0.986576	0.738195	-0.674535	0.008403	0.666539	0.727412	-0.163087
47021	10.227833	2.034348	2.654262	0.184248	0.157277	0.331682	0.105356	0.122620	0.986846	0.739101	-0.673577	0.004789	0.665304	0.728874	-0.161594
47022	10.171156	1.911739	2.539668	0.248209	0.270355	0.319210	0.105966	0.118509	0.987283	0.740439	-0.672122	0.001206	0.663717	0.730895	-0.158971
47023	10.247820	1.437072	2.087481	0.369859	0.355319	0.354470	0.106298	0.113538	0.987831	0.742540	-0.669796	-0.002918	0.661314	0.733814	-0.155505
47024	10.325932	0.940006	1.587493	0.506945	0.422898	0.431911	0.106765	0.107550	0.988450	0.745450	-0.666514	-0.007997	0.657956	0.737694	-0.151334
47025	10.375532	0.459960	1.087769	0.658762	0.458967	0.530661	0.107779	0.100639	0.989068	0.749226	-0.662161	-0.014268	0.653487	0.742573	-0.146768
47026	10.499750	0.244280	0.812190	0.779911	0.481673	0.629727	0.109419	0.092904	0.989645	0.753643	-0.656927	-0.021656	0.648112	0.748209	-0.141897
47027	10.897712	0.520243	0.754290	0.851568	0.520466	0.700000	0.111410	0.084428	0.990182	0.758390	-0.651119	-0.029813	0.642210	0.754265	-0.136570
47028	11.684761	1.187107	0.664406	0.874144	0.588803	0.712686	0.113110	0.075359	0.990721	0.763203	-0.645037	-0.038070	0.636182	0.760426	-0.130474
47029	12.623958	1.842571	0.610723	0.844814	0.690884	0.691805	0.114087	0.065656	0.991299	0.767791	-0.639044	-0.046039	0.630460	0.766363	-0.123317
47030	12.824128	2.048583	0.573112	0.740978	0.845925	0.655751	0.113862	0.054988	0.991974	0.771723	-0.633708	-0.053453	0.625682	0.771615	-0.114591
47031	12.179656	1.922526	0.835990	0.510047	0.996013	0.653642	0.112753	0.043167	0.992685	0.774191	-0.630051	-0.060538	0.622828	0.775353	-0.104460
47032	11.850053	1.742016	1.622615	0.170887	1.188261	0.657783	0.110485	0.029815	0.993431	0.774546	-0.628930	-0.067266	0.622793	0.776890	-0.092580
47033	10.872469	1.284460	2.677415	-0.151966	1.403218	0.649203	0.106807	0.014844	0.994169	0.772917	-0.630221	-0.073627	0.625454	0.776274	-0.078785
47034	10.249635	0.768028	3.527075	-0.388181	1.580868	0.616082	0.101672	-0.001292	0.994817	0.769864	-0.633237	-0.079504	0.630057	0.773957	-0.063388
47035	10.105379	0.206585	4.045785	-0.554358	1.719870	0.599740	0.095447	-0.018369	0.995265	0.765788	-0.637423	-0.085204	0.635970	0.770295	-0.046773
47036	10.108655	-0.272183	4.414755	-0.735223	1.852969	0.606428	0.088258	-0.036468	0.995430	0.760556	-0.642865	-0.090985	0.643245	0.765111	-0.029002
47037	9.827779	-0.600918	4.374116	-0.906892	1.995504	0.612713	0.080035	-0.055616	0.995239	0.754195	-0.649455	-0.096944	0.651755	0.758363	-0.010034
47038	9.561381	-0.886255	4.055566	-1.031106	2.090600	0.599968	0.070850	-0.075300	0.994641	0.747003	-0.656804	-0.102934	0.661035	0.750293	0.009715
47039	9.744962	-0.855321	3.693063	-1.051934	2.172084	0.558392	0.060599	-0.095179	0.993614	0.739661	-0.664138	-0.108730	0.670245	0.741527	0.030154
47040	8.445465	-0.821122	3.508831	-1.012216	2.189331	0.486017	0.049442	-0.114557	0.992186	0.732597	-0.671051	-0.113985	0.678864	0.732508	0.050746
47041	9.304297	-0.377299	3.321962	-0.942779	2.109340	0.347769	0.037634	-0.132250	0.990502	0.726038	-0.677448	-0.118038	0.686624	0.723584	0.070523
47042	10.613868	0.028632	2.959396	-0.888455	2.031589	0.145966	0.024702	-0.147853	0.988701	0.719894	-0.683595	-0.120212	0.693644	0.714729	0.089553
47043	12.239521	0.474583	1.867032	-0.856292	1.972800	-0.096866	0.010317	-0.161192	0.986869	0.713974	-0.689789	-0.120132	0.700096	0.705839	0.107970
47044	13.684532	0.828435	0.566922	-0.832974	1.929510	-0.345261	-0.005672	-0.172333	0.985022	0.708161	-0.696168	-0.117719	0.706028	0.696887	0.125988
47045	13.846388	1.127612	-0.473768	-0.726787	1.954189	-0.534545	-0.023230	-0.182124	0.983001	0.702967	-0.702112	-0.113470	0.710843	0.688382	0.144337
47046	13.581017	1.104061	-1.518729	-0.514192	1.836822	-0.665702	-0.040949	-0.190014	0.980927	0.699127	-0.706834	-0.107735	0.713824	0.681381	0.161788
47047	13.949379	1.516547	-2.629844	-0.239948	1.869073	-0.733481	-0.059360	-0.197499	0.978504	0.697080	-0.709846	-0.100986	0.714532	0.676101	0.179809
47048	13.711231	2.101853	-3.185303	-0.108311	1.969262	-0.765866	-0.078727	-0.205320	0.975523	0.695815	-0.712081	-0.093719	0.713894	0.671405	0.198924
47049	13.031456	2.580194	-3.010286	-0.186880	2.052101	-0.783491	-0.098757	-0.213445	0.971951	0.693821	-0.714933	-0.086506	0.713344	0.665817	0.218697
47050	13.184300	2.828703	-2.556164	-0.336980	2.161840	-0.724361	-0.119159	-0.222566	0.967608	0.690666	-0.718706	-0.080260	0.713289	0.658730	0.239359
47051	12.372725	2.701362	-1.599791	-0.451907	2.219400	-0.657331	-0.139462	-0.232351	0.962582	0.686629	-0.723122	-0.075069	0.713507	0.650467	0.260387
47052	11.529262	2.299286	-0.599062	-0.610456	2.209885	-0.655472	-0.159689	-0.241856	0.957081	0.681329	-0.728581	-0.070434	0.714346	0.640840	0.281130
47053	10.750814	1.610489	0.051481	-0.818397	2.132661	-0.686067	-0.179537	-0.250379	0.951355	0.674349	-0.735431	-0.066290	0.716254	0.629644	0.300880
47054	10.083999	0.805223	0.553352	-1.033842	2.028111	-0.746430	-0.199062	-0.257493	0.945554	0.665555	-0.743734	-0.062418	0.719313	0.616893	0.319425
47055	9.782824	0.044599	0.575333	-1.249997	1.933387	-0.798163	-0.218223	-0.263305	0.939707	0.654912	-0.753398	-0.059015	0.723512	0.602547	0.336850
47056	9.377914	-0.534374	0.422059	-1.454834	1.859829	-0.843530	-0.237165	-0.267958	0.933783	0.642468	-0.764253	-0.056133	0.728689	0.586613	0.353409
47057	9.080289	-0.988386	0.182573	-1.575841	1.781043	-0.869503	-0.255664	-0.271561	0.927842	0.628840	-0.775675	-0.053750	0.734300	0.569722	0.369081
47058	8.729245	-1.351541	0.089371	-1.585307	1.680440	-0.852440	-0.273315	-0.274329	0.921977	0.614944	-0.786866	-0.051831	0.739691	0.552798	0.383760
47059	8.588881	-1.573753	0.141412	-1.506363	1.572402	-0.813895	-0.289878	-0.276450	0.916267	0.601517	-0.797278	-0.050249	0.744411	0.536584	0.397403
47060	8.637017	-1.624371	0.153633	-1.421295	1.496036	-0.779460	-0.305646	-0.278108	0.910624	0.588631	-0.806923	-0.048867	0.748394	0.521086	0.410336
47061	8.566273	-1.824929	0.121191	-1.374695	1.464420	-0.764617	-0.321028	-0.279428	0.904909	0.575969	-0.816081	-0.047667	0.751799	0.505897	0.422927
47062	8.345938	-2.071624	0.213384	-1.332703	1.427158	-0.760704	-0.336074	-0.280301	0.899158	0.563476	-0.824821	-0.046520	0.754685	0.491020	0.435144
47063	8.039021	-2.330531	0.459226	-1.233346	1.369678	-0.745832	-0.350529	-0.280756	0.893479	0.551640	-0.832852	-0.045286	0.756850	0.477005	0.446815
47064	7.789808	-2.568979	0.858195	-1.072774	1.275872	-0.709021	-0.364029	-0.280834	0.888040	0.541028	-0.839862	-0.043818	0.758137	0.464503	0.457673
47065	7.611972	-2.842226	1.137554	-0.863554	1.168865	-0.645214	-0.376300	-0.280773	0.882930	0.532138	-0.845610	-0.042111	0.758437	0.453994	0.467613
47066	7.355917	-2.971116	1.410917	-0.642027	1.071826	-0.586591	-0.387486	-0.280624	0.878126	0.525079	-0.850114	-0.039974	0.757725	0.445596	0.476757
47067	7.074695	-2.729053	1.850034	-0.450017	0.984816	-0.547287	-0.397745	-0.280328	0.873622	0.519572	-0.853610	-0.037355	0.756204	0.439051	0.485170
47068	6.765827	-2.371339	2.259613	-0.309368	0.894872	-0.553249	-0.407324	-0.279509	0.869461	0.515056	-0.856480	-0.034043	0.754191	0.433955	0.492827
47069	6.567092	-1.968378	2.607914	-0.200462	0.785379	-0.584638	-0.416185	-0.277898	0.865773	0.511188	-0.858946	-0.029974	0.751982	0.430098	0.499538
47070	6.535743	-1.653743	2.804714	-0.091936	0.664545	-0.630572	-0.424346	-0.275330	0.862626	0.507896	-0.861056	-0.024983	0.749648	0.427523	0.505225
47071	6.572933	-1.374116	2.936113	0.023917	0.547188	-0.656771	-0.431715	-0.272016	0.860017	0.505313	-0.862722	-0.019213	0.747182	0.426283	0.509904
47072	6.522735	-1.180442	3.098583	0.125820	0.422068	-0.686541	-0.438284	-0.267895	0.857986	0.503314	-0.864011	-0.012669	0.744703	0.426284	0.513517
47073	6.586162	-1.119779	2.917799	0.216602	0.340153	-0.733203	-0.444445	-0.263019	0.856324	0.501737	-0.865004	-0.005276	0.742111	0.427304	0.516413
47074	6.622025	-0.842393	2.960237	0.267744	0.222984	-0.798323	-0.450054	-0.257071	0.855199	0.500199	-0.865905	0.002944	0.739765	0.429095	0.518291
47075	6.777936	-0.561298	2.942056	0.338135	0.121291	-0.852563	-0.455156	-0.250219	0.854531	0.498888	-0.866584	0.011979	0.737525	0.431767	0.519262
47076	6.980466	-0.453310	3.349969	0.425367	0.032229	-0.890701	-0.459791	-0.242645	0.854234	0.497994	-0.866906	0.021800	0.735251	0.435427	0.519432
47077	6.956295	-0.426720	3.603481	0.463983	-0.071685	-0.878676	-0.463586	-0.234725	0.854396	0.497394	-0.866945	0.031708	0.733272	0.439671	0.518654
47078	6.885724	-0.337127	3.754213	0.508831	-0.210805	-0.804638	-0.466002	-0.226825	0.855215	0.497430	-0.866524	0.041222	0.731715	0.444619	0.516631
47079	6.682639	-0.537429	3.840857	0.573922	-0.352508	-0.699418	-0.466855	-0.219200	0.856737	0.498413	-0.865488	0.050157	0.730501	0.450425	0.513309
47080	6.424654	-0.706178	3.869158	0.602895	-0.490761	-0.621649	-0.466332	-0.211604	0.858928	0.499963	-0.864064	0.058572	0.729775	0.456746	0.508735
47081	6.269048	-0.562892	3.978081	0.591775	-0.613864	-0.608681	-0.464849	-0.203535	0.861678	0.501497	-0.862577	0.066794	0.729669	0.463178	0.503040
47082	6.299354	-0.134838	4.222320	0.557322	-0.711397	-0.666540	-0.462959	-0.194478	0.864782	0.502521	-0.861277	0.075333	0.730166	0.469447	0.496465
47083	6.439215	0.584771	4.323173	0.484271	-0.790271	-0.770894	-0.461006	-0.184118	0.868086	0.502548	-0.860421	0.084391	0.731382	0.475159	0.489187
47084	6.890492	1.489664	4.915425	0.310634	-0.842783	-0.885152	-0.459230	-0.172484	0.871411	0.500798	-0.860489	0.093596	0.733695	0.479383	0.481542
47085	7.564834	2.041582	5.686766	0.091122	-0.877359	-0.995380	-0.457691	-0.159706	0.874650	0.496955	-0.861677	0.102712	0.737262	0.481672	0.473748
47086	8.493308	2.263155	6.845235	-0.032076	-0.893720	-1.078910	-0.456374	-0.146094	0.877712	0.491834	-0.863454	0.112013	0.741500	0.482809	0.465912
47087	9.237133	2.146112	8.097616	0.042352	-0.858499	-1.102784	-0.455339	-0.132421	0.880415	0.487172	-0.864758	0.121892	0.745205	0.484416	0.458269
47088	9.518657	2.109752	8.699401	0.250102	-0.860186	-1.070435	-0.454075	-0.118988	0.882982	0.484219	-0.864861	0.132464	0.747896	0.487706	0.450328
47089	9.979582	2.222585	8.830151	0.365773	-0.875389	-0.979555	-0.452201	-0.106240	0.885566	0.482570	-0.864147	0.142747	0.750094	0.491898	0.442036
47090	9.702408	2.353652	8.617116	0.220706	-0.844498	-0.870161	-0.450004	-0.094561	0.888006	0.480350	-0.863906	0.151427	0.752834	0.494697	0.434184
47091	7.518439	2.162503	7.843762	-0.095435	-0.877381	-0.795492	-0.447132	-0.083351	0.890576	0.476112	-0.865060	0.158079	0.757226	0.494695	0.426480
47092	5.753953	2.044424	6.696297	-0.360631	-1.105527	-0.695500	-0.441976	-0.071875	0.894142	0.470324	-0.867355	0.162760	0.763840	0.492473	0.417155
47093	5.962709	1.772906	5.361278	-0.418291	-1.296838	-0.503086	-0.434321	-0.061145	0.898680	0.464959	-0.869719	0.165534	0.771478	0.489744	0.406167
47094	6.223747	1.861919	4.019378	-0.482160	-1.337380	-0.323558	-0.425409	-0.051806	0.903517	0.459876	-0.872231	0.166514	0.779450	0.486342	0.394879
47095	6.706928	2.231595	2.616540	-0.841377	-1.447667	-0.282915	-0.415290	-0.042349	0.908703	0.452137	-0.876405	0.165789	0.789371	0.479709	0.383110
47096	8.727409	1.755506	0.929540	-1.342824	-1.679318	-0.333221	-0.403375	-0.031462	0.914494	0.440133	-0.882872	0.163764	0.802229	0.468558	0.369976
47097	12.102189	0.682762	0.847291	-1.714323	-1.738239	-0.350092	-0.390766	-0.020350	0.920265	0.424918	-0.890848	0.160730	0.816546	0.453845	0.356760
47098	13.757927	0.040233	3.149054	-1.850919	-1.471778	-0.349560	-0.380067	-0.010670	0.924897	0.408380	-0.899132	0.157442	0.829925	0.437548	0.346088
47099	11.965554	0.217267	5.725929	-1.779859	-1.125798	-0.423506	-0.372301	-0.002022	0.928110	0.391965	-0.906785	0.155257	0.841282	0.421588	0.338389
47100	9.358331	0.309301	6.362691	-1.616671	-1.038591	-0.491296	-0.365360	0.006740	0.930842	0.376519	-0.913452	0.154400	0.851320	0.406891	0.331201
47101	8.084618	-0.440346	4.192186	-1.377692	-1.204062	-0.460111	-0.356700	0.015765	0.934086	0.363115	-0.918901	0.154171	0.860763	0.394173	0.322048
47102	8.620557	-2.092850	1.853908	-1.052060	-1.378204	-0.353074	-0.346003	0.024366	0.937917	0.352822	-0.922908	0.154135	0.869367	0.384248	0.310732
47103	11.255563	-3.637183	2.737944	-0.682076	-1.444520	-0.187488	-0.333994	0.031586	0.942046	0.346281	-0.925438	0.153800	0.876663	0.377581	0.298153
47104	14.679324	-3.780282	5.301581	-0.345200	-1.308404	0.023503	-0.322368	0.036269	0.945920	0.343371	-0.926727	0.152553	0.882143	0.373980	0.286293
47105	16.062823	-2.815709	6.301875	-0.137743	-1.056264	0.116445	-0.312577	0.039115	0.949087	0.342574	-0.927270	0.151041	0.885968	0.372345	0.276443
47106	14.114572	-1.396540	4.370447	-0.198609	-0.892852	-0.022105	-0.304686	0.042615	0.951499	0.340792	-0.927984	0.150689	0.889397	0.370176	0.268221
47107	10.844963	-0.818712	1.075760	-0.311784	-0.858548	-0.211145	-0.297697	0.047724	0.953467	0.337428	-0.929022	0.151854	0.893039	0.366933	0.260464
47108	8.479208	-0.841876	-1.301440	-0.165082	-0.832821	-0.258931	-0.291077	0.053157	0.955222	0.335238	-0.929482	0.153879	0.896041	0.365017	0.252731
47109	6.960638	-0.971106	-2.427432	0.194702	-0.789302	-0.218322	-0.284677	0.058055	0.956864	0.336407	-0.928634	0.156427	0.897658	0.366427	0.244831
47110	6.624557	-0.925638	-2.188904	0.644700	-0.801536	-0.174925	-0.278032	0.062616	0.958529	0.341751	-0.926135	0.159628	0.897722	0.371960	0.236096
47111	7.707738	-0.131250	-1.321423	1.047096	-0.858978	-0.145668	-0.270776	0.067181	0.960295	0.350795	-0.922083	0.163422	0.896450	0.381117	0.226111
47112	9.402772	1.001502	-0.486302	1.364461	-0.933599	-0.094411	-0.262709	0.071642	0.962212	0.362807	-0.916721	0.167311	0.894066	0.393052	0.214839
