// General information: 
//  MT Manager version: 2022.2.0 
//  XDA version: 2022.2.0 build 7381 rev 124627 built on 2023-07-19
// Device information: 
//  DeviceId: 00B4CAF0
//  ProductCode: MTW2-3A7G6
//  Firmware Version: 4.6.0
//  Hardware Version: 2.0.0
// Device settings: 
//  Filter Profile: human(46.1)
//  Option Flags: Orientation Smoother Disabled, Position/Velocity Smoother Disabled, Continuous Zero Rotation Update Disabled, AHS Disabled, ICC Disabled
// Coordinate system: ENU
PacketCounter	Acc_X	Acc_Y	Acc_Z	Gyr_X	Gyr_Y	Gyr_Z	Mat[1][1]	Mat[2][1]	Mat[3][1]	Mat[1][2]	Mat[2][2]	Mat[3][2]	Mat[1][3]	Mat[2][3]	Mat[3][3]
27004	7.656071	-0.155031	8.510470	0.300098	0.349807	1.209834	0.149578	0.886137	0.438619	-0.963737	0.229814	-0.135636	-0.220993	-0.402426	0.888378
27005	4.342144	0.565122	10.045681	0.006027	0.762514	1.473137	0.137101	0.892504	0.429698	-0.965859	0.216715	-0.141956	-0.219818	-0.395566	0.891744
27006	1.937112	1.543770	10.183979	-0.041838	0.314645	1.331582	0.124946	0.896535	0.424988	-0.967499	0.205011	-0.148039	-0.219849	-0.392678	0.893012
27007	4.845426	1.410160	10.440788	-0.473741	0.206789	1.133463	0.114496	0.899656	0.421319	-0.967805	0.196708	-0.157031	-0.224151	-0.389775	0.893214
27008	3.754307	1.281051	10.426056	-0.805266	0.413257	0.959137	0.106184	0.903100	0.416095	-0.967017	0.191224	-0.168261	-0.231524	-0.384505	0.893618
27009	2.867232	-0.372371	9.671826	-1.032897	0.425932	0.797275	0.099549	0.906271	0.410806	-0.965402	0.187972	-0.180737	-0.241017	-0.378601	0.893629
27010	3.432330	-1.170229	8.964621	-0.970163	0.287679	0.545190	0.095022	0.908360	0.407251	-0.963538	0.186720	-0.191654	-0.250132	-0.374190	0.892981
27011	3.551430	-1.386911	8.507113	-0.847601	0.272151	0.225140	0.093610	0.909829	0.404287	-0.961604	0.187843	-0.200080	-0.257981	-0.370035	0.892480
27012	4.551484	-1.308785	8.376866	-0.655697	0.163491	-0.122123	0.095234	0.910185	0.403106	-0.959764	0.191415	-0.205457	-0.264164	-0.367320	0.891792
27013	6.069873	-1.727869	8.375526	-0.449160	0.167190	-0.452341	0.100080	0.909951	0.402459	-0.958136	0.197191	-0.207586	-0.268254	-0.364835	0.891591
27014	6.538505	-1.273690	8.244205	-0.063865	0.278407	-0.754739	0.108079	0.909432	0.401563	-0.957165	0.204332	-0.205141	-0.268614	-0.362190	0.892561
27015	6.340319	-0.605378	8.259903	0.174578	0.327117	-0.950972	0.118115	0.908659	0.400485	-0.956565	0.212365	-0.199713	-0.266520	-0.359500	0.894274
27016	4.717018	0.271257	8.995280	0.291462	0.420092	-1.108038	0.129848	0.907743	0.398927	-0.955949	0.221427	-0.192695	-0.263250	-0.356333	0.896508
27017	4.566122	1.078591	8.904124	0.215124	0.182328	-1.206566	0.141917	0.905681	0.399501	-0.954880	0.231623	-0.185888	-0.260889	-0.355095	0.897689
27018	4.544773	0.819317	8.088682	-0.098499	0.118378	-1.253781	0.154209	0.903106	0.400772	-0.952752	0.243353	-0.181776	-0.261692	-0.353805	0.897964
27019	5.216964	-0.471572	8.188655	-0.342261	0.050603	-1.271666	0.166507	0.900130	0.402544	-0.949819	0.256049	-0.179672	-0.264799	-0.352428	0.897595
27020	5.464338	-1.364749	8.501507	-0.324372	0.095687	-1.275851	0.178884	0.897101	0.403993	-0.946737	0.268697	-0.177458	-0.267749	-0.350730	0.897384
27021	4.992066	-1.762519	8.386914	-0.194538	0.133040	-1.254884	0.191171	0.894136	0.404938	-0.943899	0.280639	-0.174059	-0.269274	-0.348945	0.897624
27022	4.000681	-1.760519	7.782906	-0.030350	0.106884	-1.257183	0.203333	0.890890	0.406165	-0.941321	0.292007	-0.169253	-0.269389	-0.347917	0.897989
27023	2.869905	-1.317970	7.162013	0.152163	-0.036444	-1.273117	0.215271	0.886991	0.408540	-0.939069	0.302819	-0.162635	-0.267970	-0.348637	0.898134
27024	1.952196	-0.712389	6.688786	0.259510	-0.306165	-1.290658	0.226583	0.881923	0.413367	-0.936894	0.313366	-0.155021	-0.266252	-0.352156	0.897272
27025	1.456305	-0.422036	6.131210	0.297619	-0.607360	-1.304807	0.237248	0.875623	0.420711	-0.934660	0.323801	-0.146849	-0.264811	-0.358382	0.895230
27026	0.441140	0.143773	6.344479	0.244491	-0.922951	-1.311556	0.247069	0.867938	0.430860	-0.932113	0.334389	-0.139099	-0.264804	-0.367244	0.891634
27027	1.586299	0.439111	6.924218	-0.023202	-1.371108	-1.192345	0.254581	0.858791	0.444597	-0.929061	0.344796	-0.134022	-0.268392	-0.378938	0.885648
27028	3.084898	-0.968375	6.962616	-0.223218	-1.465775	-1.041189	0.260283	0.849488	0.458936	-0.925757	0.354590	-0.131305	-0.274276	-0.390687	0.878713
27029	3.279845	-2.626079	7.498537	-0.181228	-1.476443	-0.920607	0.264779	0.840350	0.472974	-0.922837	0.363113	-0.128536	-0.279758	-0.402444	0.871650
27030	22.460964	-10.445967	30.204137	-0.527665	-2.020697	0.049437	0.258589	0.832223	0.490445	-0.921444	0.364904	-0.133363	-0.289953	-0.417432	0.861207
27031	3.888110	-13.660907	-5.849709	2.101169	2.602242	1.131882	0.255383	0.846946	0.466328	-0.930167	0.346808	-0.120472	-0.263760	-0.402996	0.876370
27032	-14.670257	-0.941749	23.043630	0.818044	1.521827	0.069420	0.258686	0.853220	0.452876	-0.932438	0.343005	-0.113607	-0.252270	-0.392890	0.884306
27033	4.431345	-9.206333	8.135811	-0.651620	-1.335133	1.364250	0.242584	0.852572	0.462898	-0.934177	0.333983	-0.125575	-0.261662	-0.401966	0.877471
27034	1.709695	-5.751129	11.227168	1.269098	0.713641	0.469442	0.240030	0.856959	0.456078	-0.938527	0.324923	-0.116583	-0.248097	-0.400058	0.882271
27035	3.965649	0.088819	10.401044	0.552279	-0.235866	0.086245	0.238693	0.856336	0.457945	-0.940081	0.321991	-0.112113	-0.243460	-0.403745	0.881883
27036	6.279278	-4.503699	7.322450	-0.708831	0.126104	0.218512	0.236975	0.857527	0.456607	-0.938836	0.323010	-0.119380	-0.249860	-0.400389	0.881623
27037	6.630683	-3.915758	7.206279	0.296863	0.255377	-0.094880	0.238549	0.858287	0.454355	-0.939337	0.322664	-0.116340	-0.246457	-0.399039	0.883191
27038	4.864321	-0.136758	9.493295	0.265169	0.594411	-0.134203	0.241288	0.860192	0.449277	-0.939646	0.322806	-0.113406	-0.242580	-0.394798	0.886166
27039	3.548166	-0.855147	9.897781	-0.034036	0.455711	-0.084724	0.243234	0.861749	0.445225	-0.939347	0.323697	-0.113345	-0.241793	-0.390652	0.888216
27040	1.935209	0.507926	10.847807	0.159123	0.606772	-0.156845	0.246190	0.863576	0.440030	-0.939329	0.324474	-0.111254	-0.238854	-0.385943	0.891065
27041	4.349489	1.854101	10.408081	0.250252	-0.204890	-0.021004	0.245949	0.862758	0.441766	-0.939862	0.323713	-0.108944	-0.236998	-0.388404	0.890491
27042	5.538773	-0.484302	9.117549	-0.227846	0.211790	0.056997	0.245941	0.863742	0.439843	-0.939444	0.324145	-0.111243	-0.238659	-0.385849	0.891158
27043	3.961916	-0.244727	9.758352	0.108318	0.178418	0.019760	0.246232	0.864535	0.438120	-0.939741	0.323583	-0.110368	-0.237185	-0.384543	0.892115
27044	4.305580	-0.194247	9.628806	-0.087779	0.171923	0.038673	0.246301	0.865299	0.436570	-0.939611	0.323627	-0.111339	-0.237628	-0.382783	0.892754
27045	2.970808	-1.426784	10.085656	-0.003478	0.107047	0.078890	0.245867	0.866004	0.435415	-0.939788	0.322984	-0.111714	-0.237377	-0.381731	0.893271
27046	4.673247	-1.877390	9.285550	-0.007412	-0.096954	0.057041	0.245125	0.865797	0.436244	-0.939894	0.322560	-0.112048	-0.237726	-0.382558	0.892825
27047	3.910971	-1.326261	9.515568	0.059992	-0.011320	0.037892	0.244795	0.865918	0.436191	-0.940120	0.322028	-0.111679	-0.237171	-0.382733	0.892897
27048	4.234459	-1.713519	9.245562	-0.003995	-0.033267	0.027717	0.244479	0.865859	0.436484	-0.940162	0.321845	-0.111855	-0.237331	-0.383019	0.892732
27049	4.135785	-1.178574	9.384330	0.028366	-0.040394	0.014822	0.244296	0.865794	0.436715	-0.940256	0.321634	-0.111670	-0.237146	-0.383343	0.892642
27050	4.256752	-1.012443	9.311719	0.017581	-0.043643	0.015966	0.244067	0.865658	0.437114	-0.940320	0.321471	-0.111602	-0.237128	-0.383788	0.892455
27051	4.278099	-0.814681	9.257232	0.022298	-0.044784	0.014365	0.243878	0.865574	0.437385	-0.940399	0.321287	-0.111469	-0.237011	-0.384132	0.892339
27052	4.250641	-0.793289	9.274652	0.023500	-0.052129	0.026031	0.243534	0.865437	0.437848	-0.940501	0.321013	-0.111392	-0.236957	-0.384669	0.892122
27053	4.235911	-0.903072	9.294081	0.023704	-0.057797	0.031881	0.243149	0.865358	0.438217	-0.940626	0.320672	-0.111322	-0.236857	-0.385130	0.891949
27054	4.214604	-0.954501	9.302280	0.026471	-0.067006	0.032871	0.242706	0.865185	0.438805	-0.940752	0.320327	-0.111249	-0.236812	-0.385805	0.891669
27055	4.221697	-1.155482	9.203209	0.025683	-0.078075	0.034100	0.242253	0.865034	0.439352	-0.940886	0.319959	-0.111171	-0.236741	-0.386449	0.891410
27056	4.219200	-1.208479	9.240734	0.046352	-0.094528	0.035878	0.241716	0.864762	0.440181	-0.941066	0.319512	-0.110934	-0.236575	-0.387425	0.891030
27057	4.292368	-1.229240	9.337920	0.055203	-0.091316	0.029409	0.241276	0.864544	0.440852	-0.941259	0.319069	-0.110573	-0.236258	-0.388277	0.890743
27058	4.359088	-1.293195	9.316158	0.056117	-0.096794	0.030188	0.240787	0.864243	0.441707	-0.941448	0.318633	-0.110225	-0.236004	-0.389304	0.890362
27059	4.286326	-1.244501	9.381848	0.066666	-0.073799	0.020798	0.240470	0.864063	0.442232	-0.941646	0.318219	-0.109726	-0.235537	-0.390040	0.890164
27060	4.421801	-1.204308	9.428929	0.050628	-0.076431	0.014780	0.240175	0.863791	0.442923	-0.941784	0.317936	-0.109359	-0.235284	-0.390872	0.889865
27061	4.466811	-1.180517	9.346579	0.037540	-0.051413	0.008327	0.240028	0.863658	0.443262	-0.941883	0.317744	-0.109064	-0.235038	-0.391323	0.889732
27062	4.473630	-0.962221	9.400422	0.029970	-0.037723	0.002642	0.239939	0.863498	0.443622	-0.941943	0.317646	-0.108828	-0.234887	-0.391755	0.889582
27063	4.371922	-1.056627	9.391021	0.010798	-0.025137	0.003699	0.239897	0.863452	0.443733	-0.941968	0.317599	-0.108750	-0.234830	-0.391894	0.889536
27064	4.432978	-1.025605	9.299607	-0.000901	-0.030004	0.005363	0.239800	0.863331	0.444021	-0.941963	0.317598	-0.108800	-0.234951	-0.392161	0.889386
27065	4.444870	-1.071117	9.269555	-0.000107	-0.018941	0.004112	0.239769	0.863311	0.444078	-0.941963	0.317590	-0.108821	-0.234981	-0.392213	0.889355
27066	4.473361	-1.020108	9.197990	0.004698	-0.016343	0.007588	0.239684	0.863250	0.444241	-0.941976	0.317548	-0.108832	-0.235017	-0.392380	0.889272
27067	4.430739	-1.068144	9.238287	0.014794	-0.012346	0.004766	0.239662	0.863257	0.444240	-0.942013	0.317476	-0.108723	-0.234892	-0.392423	0.889286
27068	4.433881	-1.051146	9.317522	0.023035	-0.005578	0.008440	0.239594	0.863242	0.444307	-0.942071	0.317355	-0.108574	-0.234729	-0.392555	0.889271
27069	4.437023	-0.933667	9.384845	0.025456	-0.006815	0.004030	0.239592	0.863267	0.444258	-0.942131	0.317248	-0.108367	-0.234490	-0.392585	0.889321
27070	4.371010	-1.006440	9.416441	-0.000272	0.009721	0.013191	0.239514	0.863327	0.444184	-0.942145	0.317177	-0.108447	-0.234510	-0.392511	0.889348
27071	4.380542	-0.951860	9.435202	-0.018025	-0.005581	0.008889	0.239469	0.863373	0.444120	-0.942115	0.317198	-0.108648	-0.234677	-0.392394	0.889356
27072	4.387829	-1.013562	9.386349	-0.018378	0.001394	0.010229	0.239401	0.863390	0.444123	-0.942080	0.317224	-0.108875	-0.234888	-0.392334	0.889326
27073	4.394800	-1.075648	9.337569	-0.026290	0.000815	0.009534	0.239365	0.863463	0.444001	-0.942032	0.317272	-0.109152	-0.235118	-0.392136	0.889353
27074	4.418708	-1.039401	9.366572	-0.028245	0.006922	0.009719	0.239314	0.863500	0.443956	-0.941972	0.317341	-0.109464	-0.235408	-0.391997	0.889337
27075	4.481000	-0.982419	9.375483	-0.038796	0.013237	0.007574	0.239325	0.863615	0.443726	-0.941890	0.317455	-0.109844	-0.235726	-0.391653	0.889405
27076	4.507826	-1.022530	9.277206	-0.046496	0.035342	0.007875	0.239359	0.863758	0.443430	-0.941783	0.317611	-0.110311	-0.236120	-0.391211	0.889495
27077	4.484567	-1.038673	9.228961	-0.037454	0.046072	0.011536	0.239411	0.864012	0.442905	-0.941713	0.317685	-0.110695	-0.236346	-0.390588	0.889709
27078	4.486048	-1.201070	9.254001	-0.043982	0.066181	0.003723	0.239557	0.864262	0.442339	-0.941601	0.317867	-0.111122	-0.236643	-0.389887	0.889937
27079	4.461588	-1.303543	9.179098	-0.039279	0.093347	-0.002715	0.239855	0.864654	0.441410	-0.941492	0.318070	-0.111460	-0.236773	-0.388850	0.890356
27080	4.374658	-1.349243	9.223321	-0.031703	0.101874	-0.007379	0.240189	0.865006	0.440538	-0.941383	0.318299	-0.111728	-0.236868	-0.387879	0.890754
27081	4.347875	-1.347501	9.257374	-0.020422	0.110940	-0.019483	0.240686	0.865411	0.439471	-0.941279	0.318574	-0.111826	-0.236779	-0.386749	0.891269
27082	4.373534	-1.339133	9.341890	-0.019720	0.118198	-0.025753	0.241233	0.865765	0.438473	-0.941153	0.318915	-0.111907	-0.236721	-0.385674	0.891750
27083	4.350425	-1.208198	9.344786	-0.006753	0.131842	-0.031546	0.241892	0.866208	0.437232	-0.941052	0.319241	-0.111833	-0.236453	-0.384407	0.892368
27084	4.341290	-1.093342	9.358321	-0.009841	0.127724	-0.034262	0.242540	0.866569	0.436157	-0.940929	0.319618	-0.111789	-0.236277	-0.383280	0.892900
27085	4.310152	-1.003289	9.362165	-0.006183	0.134247	-0.036063	0.243246	0.867003	0.434900	-0.940817	0.319981	-0.111691	-0.235996	-0.381993	0.893525
27086	4.265579	-0.981353	9.446818	-0.012389	0.132131	-0.036007	0.243921	0.867371	0.433786	-0.940684	0.320383	-0.111664	-0.235832	-0.380818	0.894070
27087	4.256310	-0.866368	9.460216	-0.003999	0.123393	-0.037044	0.244610	0.867757	0.432625	-0.940574	0.320747	-0.111542	-0.235555	-0.379631	0.894647
27088	4.269646	-0.827569	9.435185	-0.016951	0.124768	-0.040305	0.245307	0.868080	0.431580	-0.940419	0.321203	-0.111539	-0.235449	-0.378505	0.895152
27089	4.568310	-0.534694	9.708949	-0.012528	0.108740	-0.018793	0.245790	0.868465	0.430529	-0.940334	0.321440	-0.111572	-0.235286	-0.377418	0.895654
27090	4.102942	-1.065106	9.327027	-0.069502	0.148033	-0.002109	0.246182	0.868996	0.429232	-0.940148	0.321762	-0.112205	-0.235616	-0.375919	0.896197
27091	4.224511	-1.108214	9.314920	-0.041757	0.117485	-0.003478	0.246542	0.869459	0.428086	-0.940032	0.321976	-0.112565	-0.235704	-0.374662	0.896700
27092	4.003355	-1.219318	9.267094	-0.051884	0.113419	-0.000701	0.246840	0.869861	0.427096	-0.939891	0.322218	-0.113047	-0.235953	-0.373520	0.897112
27093	3.959751	-1.217487	9.269924	-0.038611	0.094263	-0.002677	0.247138	0.870238	0.426156	-0.939784	0.322412	-0.113383	-0.236068	-0.372474	0.897516
27094	3.793698	-1.337484	9.191199	-0.047995	0.065632	-0.006734	0.247380	0.870440	0.425602	-0.939638	0.322691	-0.113805	-0.236398	-0.371758	0.897726
27095	3.747908	-1.391705	9.112297	-0.036176	0.018538	-0.012101	0.247587	0.870504	0.425352	-0.939513	0.322957	-0.114080	-0.236678	-0.371379	0.897809
27096	3.879038	-1.444971	9.135247	-0.022562	-0.021927	-0.024670	0.247791	0.870322	0.425604	-0.939382	0.323298	-0.114197	-0.236985	-0.371507	0.897675
27097	3.986535	-1.348516	9.144686	0.000434	-0.040835	-0.031986	0.248044	0.870101	0.425909	-0.939294	0.323601	-0.114061	-0.237069	-0.371762	0.897548
27098	4.125034	-1.268836	9.254186	0.005510	-0.052601	-0.040110	0.248320	0.869755	0.426454	-0.939190	0.323971	-0.113860	-0.237189	-0.372248	0.897314
27099	3.972467	-1.267194	9.239221	0.024369	-0.047367	-0.035757	0.248592	0.869497	0.426822	-0.939150	0.324218	-0.113493	-0.237065	-0.372636	0.897186
27100	4.008144	-1.295244	9.257966	0.063706	-0.092740	-0.028104	0.248661	0.869039	0.427713	-0.939214	0.324267	-0.112821	-0.236739	-0.373660	0.896846
27101	4.341338	-1.028751	9.277378	0.079735	-0.082109	-0.029784	0.248795	0.868670	0.428386	-0.939318	0.324254	-0.111983	-0.236182	-0.374530	0.896630
27102	4.389202	-0.883586	9.323095	0.078351	-0.077891	-0.021135	0.248834	0.868289	0.429134	-0.939434	0.324186	-0.111210	-0.235681	-0.375471	0.896368
27103	4.385237	-0.930316	9.361508	0.081577	-0.054657	-0.010837	0.248856	0.868082	0.429541	-0.939589	0.324000	-0.110436	-0.235039	-0.376109	0.896269
27104	4.658690	-0.567330	9.497942	0.065817	-0.038668	0.008609	0.248708	0.867944	0.429905	-0.939748	0.323720	-0.109903	-0.234558	-0.376668	0.896160
27105	4.063969	-1.091377	9.367293	0.034587	-0.009648	0.021636	0.248531	0.868010	0.429873	-0.939873	0.323429	-0.109689	-0.234244	-0.376765	0.896202
27106	4.406286	-1.047661	9.302142	0.061403	-0.020636	0.017195	0.248345	0.867968	0.430066	-0.940043	0.323090	-0.109231	-0.233760	-0.377154	0.896165
27107	4.254240	-1.016268	9.328885	0.048514	-0.015491	0.018971	0.248180	0.868003	0.430091	-0.940194	0.322771	-0.108881	-0.233330	-0.377346	0.896196
27108	4.317653	-1.051699	9.350746	0.049027	0.000127	0.018725	0.248028	0.868043	0.430096	-0.940338	0.322465	-0.108541	-0.232909	-0.377514	0.896234
27109	4.270845	-1.111096	9.371819	0.043929	0.005456	0.009848	0.247997	0.868128	0.429944	-0.940455	0.322241	-0.108192	-0.232470	-0.377511	0.896350
27110	4.284022	-1.124294	9.383336	0.038258	0.019037	0.009550	0.247976	0.868210	0.429790	-0.940551	0.322056	-0.107910	-0.232104	-0.377480	0.896458
27111	4.272737	-1.077372	9.353634	0.032184	0.021727	0.007875	0.248001	0.868349	0.429494	-0.940635	0.321894	-0.107658	-0.231736	-0.377298	0.896629
27112	4.306671	-0.966120	9.363283	0.034753	0.025225	0.001846	0.248066	0.868430	0.429293	-0.940703	0.321789	-0.107373	-0.231388	-0.377202	0.896760
27113	4.314379	-0.908478	9.323917	0.030817	0.030315	0.003436	0.248153	0.868587	0.428926	-0.940773	0.321671	-0.107114	-0.231011	-0.376942	0.896966
27114	4.286406	-0.943964	9.355964	0.027123	0.037824	0.002928	0.248237	0.868718	0.428611	-0.940827	0.321585	-0.106902	-0.230703	-0.376711	0.897143
27115	4.220613	-1.087074	9.439759	0.017917	0.042521	0.004006	0.248346	0.868922	0.428135	-0.940868	0.321511	-0.106761	-0.230417	-0.376305	0.897387
27116	4.488005	-1.301092	9.691119	-0.014049	0.073506	-0.021002	0.248737	0.869111	0.427524	-0.940767	0.321789	-0.106816	-0.230407	-0.375631	0.897671
27117	4.270877	-1.329389	9.431975	-0.072247	0.107214	-0.050180	0.249504	0.869381	0.426526	-0.940465	0.322524	-0.107253	-0.230808	-0.374372	0.898094
27118	4.075685	-1.002098	9.424089	-0.087852	0.068473	-0.046258	0.250122	0.869468	0.425987	-0.940130	0.323296	-0.107864	-0.231505	-0.373504	0.898276
27119	4.157842	-1.093520	9.568536	-0.103371	0.048537	-0.046337	0.250718	0.869529	0.425512	-0.939764	0.324113	-0.108599	-0.232344	-0.372653	0.898413
27120	4.394943	-1.329046	9.617916	-0.127928	0.028223	-0.057660	0.251350	0.869426	0.425348	-0.939305	0.325133	-0.109522	-0.233516	-0.372003	0.898378
27121	4.563835	-0.968587	9.515080	-0.113931	0.029805	-0.050023	0.251937	0.869404	0.425047	-0.938902	0.326019	-0.110337	-0.234501	-0.371279	0.898421
27122	4.916210	-0.224060	9.541363	-0.121296	0.058039	-0.005599	0.252150	0.869581	0.424559	-0.938586	0.326559	-0.111422	-0.235534	-0.370390	0.898518
27123	4.131086	-0.809004	9.366866	-0.185372	0.122717	0.041064	0.252102	0.870197	0.423323	-0.938242	0.326915	-0.113264	-0.236953	-0.368625	0.898871
27124	4.635480	-0.753503	9.570877	-0.103107	0.099260	0.032526	0.252056	0.870648	0.422421	-0.938062	0.327053	-0.114348	-0.237711	-0.367435	0.899158
27125	3.822428	-1.160209	9.480600	-0.173803	0.148370	0.036470	0.252116	0.871339	0.420959	-0.937730	0.327399	-0.116066	-0.238955	-0.365484	0.899623
27126	4.221050	-1.448343	9.456354	-0.159401	0.075270	0.024928	0.252086	0.871675	0.420280	-0.937394	0.327805	-0.117625	-0.240300	-0.364317	0.899738
27127	3.837975	-1.558411	9.079981	-0.156910	0.117487	0.018645	0.252242	0.872190	0.419116	-0.937054	0.328240	-0.119117	-0.241463	-0.362688	0.900085
27128	3.101696	-1.544790	8.980984	-0.102196	0.044242	0.000459	0.252369	0.872332	0.418744	-0.936791	0.328648	-0.120058	-0.242350	-0.361977	0.900133
27129	3.275172	-1.638334	9.174111	-0.060743	-0.066800	-0.029690	0.252531	0.872021	0.419295	-0.936558	0.329153	-0.120484	-0.243077	-0.362268	0.899820
27130	3.432199	-1.508528	9.064148	-0.010474	-0.107290	-0.059613	0.252852	0.871415	0.420359	-0.936365	0.329753	-0.120347	-0.243487	-0.363179	0.899341
27131	3.637187	-1.382294	9.282404	-0.009459	-0.183743	-0.070629	0.253112	0.870542	0.422008	-0.936153	0.330429	-0.120141	-0.244031	-0.364655	0.898596
27132	4.465175	-1.058550	9.242459	0.047168	-0.209839	-0.080303	0.253376	0.869489	0.424016	-0.936048	0.330996	-0.119397	-0.244162	-0.366647	0.897750
27133	4.347354	-0.613980	9.209200	0.030026	-0.147975	-0.072602	0.253740	0.868734	0.425343	-0.935927	0.331544	-0.118824	-0.244247	-0.367940	0.897198
27134	4.077855	-0.718814	9.248403	0.001382	-0.118076	-0.065724	0.254091	0.868061	0.426508	-0.935746	0.332151	-0.118551	-0.244575	-0.368980	0.896681
27135	3.374899	-1.010643	9.251553	-0.007298	-0.138533	-0.039338	0.254167	0.867447	0.427710	-0.935618	0.332547	-0.118452	-0.244985	-0.370067	0.896121
27136	3.811965	-1.436044	9.175633	0.041743	-0.235740	-0.038610	0.253974	0.866423	0.429894	-0.935605	0.332768	-0.117932	-0.245234	-0.372259	0.895144
27137	4.565962	-1.323016	9.465931	0.049553	-0.249818	-0.046763	0.253846	0.865364	0.432097	-0.935598	0.333015	-0.117291	-0.245394	-0.374495	0.894167
27138	5.204211	-1.005808	8.846003	0.111837	-0.116823	-0.065584	0.254197	0.864687	0.433245	-0.935688	0.333204	-0.116026	-0.244686	-0.375888	0.893777
27139	5.313258	-0.684440	9.149536	0.006520	-0.058795	-0.021213	0.254299	0.864423	0.433710	-0.935640	0.333391	-0.115880	-0.244765	-0.376329	0.893570
27140	4.327006	-1.258899	8.973660	0.084314	0.045331	-0.018386	0.254606	0.864512	0.433354	-0.935782	0.333274	-0.115066	-0.243901	-0.376228	0.893848
27141	4.867031	-1.255846	8.833781	0.107446	0.036611	-0.003710	0.254776	0.864664	0.432949	-0.936024	0.332930	-0.114092	-0.242793	-0.376183	0.894169
27142	4.592556	-1.171203	8.874332	0.141122	0.103159	0.003010	0.255022	0.865042	0.432050	-0.936356	0.332415	-0.112862	-0.241250	-0.375770	0.894760
27143	4.424047	-1.143827	9.068414	0.167471	0.126740	0.013460	0.255247	0.865588	0.430821	-0.936782	0.331699	-0.111424	-0.239350	-0.375145	0.895532
27144	3.026516	-0.116574	9.818117	0.188162	0.149704	0.026053	0.255383	0.866215	0.429478	-0.937280	0.330810	-0.109870	-0.237246	-0.374482	0.896369
27145	4.570324	-0.911071	9.519493	0.082687	0.003299	0.038312	0.255079	0.866380	0.429326	-0.937563	0.330197	-0.109295	-0.236453	-0.374642	0.896512
27146	3.869166	-1.003192	9.481629	0.077791	0.046093	0.051066	0.254733	0.866700	0.428884	-0.937860	0.329504	-0.108835	-0.235647	-0.374509	0.896779
27147	4.343815	-1.176583	9.504379	0.103855	-0.005467	0.047834	0.254319	0.866863	0.428801	-0.938216	0.328729	-0.108110	-0.234676	-0.374814	0.896907
27148	4.220766	-1.163004	9.572940	0.067336	0.002497	0.045748	0.253919	0.867002	0.428756	-0.938473	0.328122	-0.107721	-0.234079	-0.375024	0.896975
27149	4.243773	-1.034087	9.511333	0.073249	-0.030252	0.036114	0.253557	0.867033	0.428909	-0.938726	0.327563	-0.107220	-0.233458	-0.375442	0.896962
27150	4.181742	-0.888854	9.596194	0.043956	-0.046719	0.038273	0.253113	0.866962	0.429314	-0.938909	0.327108	-0.107009	-0.233205	-0.376001	0.896793
27151	4.261892	-0.973863	9.467500	0.017046	-0.061101	0.029767	0.252738	0.866855	0.429751	-0.939013	0.326815	-0.106985	-0.233189	-0.376503	0.896587
27152	4.274734	-0.932401	9.464153	0.003454	-0.065986	0.025986	0.252364	0.866671	0.430341	-0.939070	0.326618	-0.107085	-0.233365	-0.377097	0.896292
27153	4.362867	-0.978958	9.333754	-0.018071	-0.064428	0.020278	0.252070	0.866520	0.430818	-0.939069	0.326540	-0.107334	-0.233687	-0.377512	0.896033
27154	4.332574	-0.891207	9.238993	-0.017319	-0.053432	0.019104	0.251790	0.866360	0.431303	-0.939060	0.326482	-0.107591	-0.234025	-0.377929	0.895769
27155	4.257000	-0.951431	9.256586	-0.021860	-0.050881	0.025354	0.251480	0.866275	0.431654	-0.939063	0.326374	-0.107896	-0.234348	-0.378217	0.895563
27156	4.351353	-1.041145	9.276988	-0.020999	-0.050242	0.031645	0.251090	0.866168	0.432096	-0.939076	0.326221	-0.108239	-0.234712	-0.378594	0.895308
27157	4.326625	-1.110884	9.265713	-0.013354	-0.045020	0.033310	0.250718	0.866131	0.432387	-0.939118	0.326012	-0.108502	-0.234940	-0.378859	0.895136
27158	4.288619	-1.148294	9.323574	-0.014270	-0.046681	0.033789	0.250315	0.866043	0.432794	-0.939153	0.325815	-0.108795	-0.235232	-0.379227	0.894904
27159	4.377491	-1.266182	9.304930	-0.014316	-0.032573	0.031425	0.249991	0.866047	0.432976	-0.939188	0.325627	-0.109059	-0.235438	-0.379382	0.894784
27160	4.297756	-1.240007	9.291904	-0.006110	-0.035612	0.024510	0.249701	0.865971	0.433294	-0.939218	0.325479	-0.109238	-0.235626	-0.379681	0.894608
27161	4.281232	-1.152112	9.288394	-0.000351	-0.037424	0.021993	0.249453	0.865925	0.433530	-0.939262	0.325320	-0.109337	-0.235713	-0.379924	0.894482
27162	4.311187	-1.100363	9.276121	0.005960	-0.037700	0.021563	0.249185	0.865831	0.433870	-0.939313	0.325152	-0.109396	-0.235792	-0.380280	0.894309
27163	4.319624	-1.073456	9.254053	0.004809	-0.041786	0.024141	0.248907	0.865774	0.434143	-0.939374	0.324954	-0.109458	-0.235843	-0.380578	0.894169
27164	4.278341	-0.920959	9.388331	0.002508	-0.049953	0.029293	0.248538	0.865659	0.434584	-0.939436	0.324733	-0.109582	-0.235984	-0.381029	0.893940
27165	4.297710	-0.939601	9.396332	-0.017886	-0.059411	0.030205	0.248160	0.865554	0.435008	-0.939459	0.324569	-0.109873	-0.236291	-0.381406	0.893698
27166	4.346429	-0.993365	9.424773	-0.032955	-0.057663	0.035516	0.247714	0.865429	0.435511	-0.939452	0.324429	-0.110341	-0.236785	-0.381809	0.893395
27167	4.255487	-1.052459	9.411819	-0.022607	-0.080540	0.042194	0.247174	0.865282	0.436111	-0.939493	0.324180	-0.110726	-0.237188	-0.382354	0.893055
27168	4.312071	-1.080563	9.299277	-0.009865	-0.083438	0.040877	0.246616	0.865075	0.436837	-0.939554	0.323906	-0.111012	-0.237527	-0.383055	0.892664
27169	4.276136	-1.132426	9.335716	-0.016722	-0.098895	0.041681	0.246036	0.864854	0.437601	-0.939607	0.323639	-0.111342	-0.237919	-0.383778	0.892249
27170	4.348214	-1.176003	9.292466	-0.013739	-0.098628	0.039401	0.245455	0.864582	0.438463	-0.939654	0.323393	-0.111656	-0.238332	-0.384597	0.891786
27171	4.464192	-1.171094	9.148850	-0.002611	-0.095329	0.035711	0.244938	0.864354	0.439201	-0.939726	0.323123	-0.111835	-0.238582	-0.385336	0.891401
27172	4.411311	-1.117549	9.203479	0.010915	-0.087181	0.033143	0.244443	0.864104	0.439968	-0.939816	0.322837	-0.111902	-0.238733	-0.386135	0.891014
27173	4.312072	-1.024837	9.327463	0.021908	-0.089658	0.037851	0.243919	0.863903	0.440653	-0.939951	0.322455	-0.111873	-0.238738	-0.386904	0.890679
27174	4.310420	-1.178915	9.435953	0.003561	-0.100486	0.037044	0.243355	0.863613	0.441533	-0.940033	0.322163	-0.112024	-0.238991	-0.387794	0.890224
27175	4.394335	-1.250928	9.442991	-0.009274	-0.093277	0.025399	0.242940	0.863356	0.442264	-0.940062	0.322009	-0.112218	-0.239297	-0.388493	0.889837
27176	4.448936	-1.191161	9.357893	-0.012721	-0.090394	0.024020	0.242522	0.863061	0.443068	-0.940074	0.321894	-0.112456	-0.239677	-0.389243	0.889407
27177	4.430187	-1.144893	9.412880	-0.018808	-0.080603	0.021190	0.242175	0.862838	0.443690	-0.940070	0.321813	-0.112717	-0.240042	-0.389803	0.889064
27178	4.478834	-1.113457	9.348481	-0.026041	-0.082007	0.022180	0.241794	0.862569	0.444421	-0.940044	0.321766	-0.113065	-0.240526	-0.390437	0.888654
27179	4.502527	-1.120740	9.314874	-0.033962	-0.068414	0.019087	0.241496	0.862386	0.444937	-0.939998	0.321763	-0.113451	-0.241003	-0.390842	0.888347
27180	4.532661	-1.086659	9.280912	-0.033966	-0.061331	0.017885	0.241204	0.862184	0.445489	-0.939943	0.321784	-0.113851	-0.241512	-0.391273	0.888019
27181	4.495729	-1.126989	9.219137	-0.027772	-0.046114	0.022175	0.240930	0.862097	0.445804	-0.939919	0.321731	-0.114196	-0.241877	-0.391506	0.887817
27182	4.477929	-1.154716	9.267109	-0.036150	-0.043472	0.017773	0.240682	0.861964	0.446196	-0.939858	0.321762	-0.114614	-0.242362	-0.391776	0.887565
27183	4.481357	-1.158747	9.264948	-0.037872	-0.033877	0.009088	0.240560	0.861882	0.446418	-0.939778	0.321862	-0.114990	-0.242793	-0.391872	0.887405
27184	4.575865	-1.137439	9.172587	-0.032017	-0.024844	0.010390	0.240426	0.861798	0.446654	-0.939708	0.321940	-0.115339	-0.243195	-0.391994	0.887241
27185	4.518666	-1.173567	9.142440	-0.029143	-0.007975	0.006043	0.240396	0.861808	0.446650	-0.939642	0.322032	-0.115624	-0.243482	-0.391896	0.887206
27186	4.506997	-1.145107	9.151544	-0.021569	0.000639	0.001273	0.240409	0.861794	0.446670	-0.939576	0.322147	-0.115840	-0.243724	-0.391831	0.887168
27187	4.472936	-1.139999	9.211423	-0.019616	0.008740	-0.001366	0.240489	0.861846	0.446528	-0.939514	0.322266	-0.116007	-0.243881	-0.391621	0.887218
27188	4.459492	-1.212045	9.172782	-0.028223	0.008941	-0.003649	0.240569	0.861848	0.446480	-0.939420	0.322450	-0.116260	-0.244166	-0.391463	0.887209
27189	4.456318	-1.127509	9.201759	-0.029373	0.021130	-0.017019	0.240826	0.861897	0.446246	-0.939297	0.322741	-0.116444	-0.244385	-0.391115	0.887302
27190	4.480909	-1.178070	9.143038	-0.028914	0.017877	-0.013262	0.241018	0.861904	0.446130	-0.939178	0.323011	-0.116660	-0.244655	-0.390878	0.887332
27191	4.437783	-1.215318	9.144365	-0.023178	0.023174	-0.017056	0.241280	0.861960	0.445880	-0.939070	0.323278	-0.116790	-0.244811	-0.390533	0.887441
27192	4.397250	-1.236864	9.225423	-0.013653	0.024631	-0.015249	0.241507	0.861987	0.445706	-0.938982	0.323505	-0.116861	-0.244921	-0.390287	0.887519
27193	4.397927	-1.222924	9.246028	-0.005507	0.020564	-0.015493	0.241748	0.862037	0.445477	-0.938921	0.323689	-0.116842	-0.244918	-0.390021	0.887636
27194	4.369897	-1.174619	9.246274	0.004360	0.015039	-0.015038	0.241950	0.862027	0.445388	-0.938879	0.323844	-0.116754	-0.244882	-0.389917	0.887693
27195	4.369777	-1.072980	9.295138	0.001951	0.002031	-0.008178	0.242076	0.862029	0.445315	-0.938853	0.323937	-0.116702	-0.244854	-0.389835	0.887736
27196	4.367614	-1.086697	9.275270	-0.001836	-0.008351	-0.011347	0.242186	0.861939	0.445430	-0.938805	0.324084	-0.116686	-0.244932	-0.389912	0.887681
27197	4.431480	-1.127173	9.235176	-0.010672	-0.010610	-0.011517	0.242313	0.861880	0.445474	-0.938740	0.324255	-0.116730	-0.245054	-0.389899	0.887653
27198	4.376818	-1.146393	9.225052	-0.008146	-0.015193	-0.009634	0.242390	0.861769	0.445647	-0.938680	0.324412	-0.116777	-0.245208	-0.390014	0.887560
27199	4.387761	-1.191544	9.194991	-0.002868	-0.014796	-0.009198	0.242485	0.861702	0.445726	-0.938640	0.324532	-0.116762	-0.245267	-0.390063	0.887522
27200	4.390055	-1.190938	9.253813	-0.011933	-0.025583	-0.012796	0.242566	0.861540	0.445994	-0.938563	0.324731	-0.116829	-0.245482	-0.390255	0.887378
27201	4.325050	-1.279606	9.263725	-0.014568	-0.040013	-0.010578	0.242611	0.861369	0.446299	-0.938491	0.324909	-0.116912	-0.245711	-0.390483	0.887214
27202	4.411951	-1.209477	9.260219	-0.020883	-0.045828	-0.015613	0.242669	0.861119	0.446751	-0.938385	0.325167	-0.117046	-0.246059	-0.390821	0.886969
27203	4.458056	-1.174714	9.257127	-0.012621	-0.052228	-0.016305	0.242738	0.860881	0.447171	-0.938304	0.325387	-0.117086	-0.246301	-0.391161	0.886752
27204	4.419820	-1.124332	9.284093	-0.017097	-0.055767	-0.015538	0.242770	0.860592	0.447710	-0.938207	0.325630	-0.117187	-0.246638	-0.391595	0.886467
27205	4.508317	-1.053724	9.279740	-0.008711	-0.065544	-0.009918	0.242746	0.860323	0.448241	-0.938151	0.325779	-0.117221	-0.246875	-0.392063	0.886194
27206	4.487635	-1.006541	9.276407	-0.009283	-0.061022	-0.006440	0.242679	0.860041	0.448816	-0.938096	0.325913	-0.117292	-0.247151	-0.392568	0.885893
27207	4.434984	-1.140592	9.255607	-0.018232	-0.068099	-0.004902	0.242601	0.859777	0.449363	-0.938028	0.326057	-0.117432	-0.247484	-0.393026	0.885597
27208	4.526609	-1.156441	9.281694	-0.009961	-0.068429	-0.000056	0.242456	0.859487	0.449996	-0.937986	0.326139	-0.117538	-0.247784	-0.393592	0.885262
27209	4.365948	-1.313985	9.321647	-0.027073	-0.077540	-0.003774	0.242343	0.859189	0.450626	-0.937899	0.326308	-0.117762	-0.248222	-0.394103	0.884911
27210	4.305993	-1.404080	9.329331	-0.022611	-0.094378	-0.007597	0.242204	0.858771	0.451497	-0.937808	0.326505	-0.117945	-0.248704	-0.394851	0.884443
27211	4.131631	-1.170408	9.513294	-0.026764	-0.118185	-0.012425	0.242070	0.858283	0.452496	-0.937701	0.326747	-0.118127	-0.249238	-0.395710	0.883908
27212	4.152671	-0.957554	9.742985	-0.064489	-0.196503	-0.002841	0.241630	0.857474	0.454262	-0.937516	0.327069	-0.118702	-0.250359	-0.397196	0.882925
27213	4.309009	-1.177791	9.593937	-0.110100	-0.220820	-0.003987	0.241157	0.856602	0.456153	-0.937219	0.327572	-0.119656	-0.251920	-0.398660	0.881820
27214	4.251714	-0.973114	9.770541	-0.154177	-0.278054	-0.011158	0.240582	0.855434	0.458643	-0.936785	0.328325	-0.120981	-0.254075	-0.400544	0.880346
27215	4.304787	-0.951567	9.725317	-0.199948	-0.321889	-0.007696	0.239877	0.854137	0.461421	-0.936245	0.329224	-0.122704	-0.256717	-0.402570	0.878655
27216	4.295414	-1.008591	9.649785	-0.243567	-0.363800	-0.014703	0.239098	0.852598	0.464659	-0.935564	0.330375	-0.124791	-0.259909	-0.404881	0.876652
27217	4.361775	-0.965565	9.639765	-0.256763	-0.398060	-0.017457	0.238266	0.850946	0.468103	-0.934840	0.331595	-0.126957	-0.263255	-0.407352	0.874506
27218	4.385979	-0.987446	9.649379	-0.274892	-0.433921	-0.016167	0.237290	0.849097	0.471941	-0.934056	0.332899	-0.129299	-0.266896	-0.410137	0.872097
27219	4.544879	-1.119202	9.442438	-0.261396	-0.480706	-0.016997	0.236203	0.847084	0.476085	-0.933303	0.334148	-0.131493	-0.270468	-0.413273	0.869513
27220	4.538699	-1.147499	9.429159	-0.255014	-0.506249	-0.029645	0.235124	0.844862	0.480546	-0.932522	0.335499	-0.133581	-0.274080	-0.416712	0.866736
27221	4.510400	-1.054509	9.546643	-0.217861	-0.549026	-0.028575	0.233924	0.842491	0.485272	-0.931844	0.336680	-0.135325	-0.277392	-0.420542	0.863828
27222	4.509835	-1.079012	9.471046	-0.231290	-0.607477	-0.033706	0.232564	0.839788	0.490582	-0.931102	0.337984	-0.137171	-0.281003	-0.424881	0.860531
27223	4.426886	-1.190274	9.646769	-0.258250	-0.659180	-0.047041	0.231185	0.836837	0.496244	-0.930253	0.339509	-0.139153	-0.284927	-0.429462	0.856959
27224	4.330158	-1.298919	9.732078	-0.259064	-0.738385	-0.067538	0.229716	0.833394	0.502678	-0.929336	0.341236	-0.141045	-0.289078	-0.434756	0.852890
27225	4.025162	-1.458845	10.039805	-0.307385	-0.847083	-0.088139	0.228115	0.829411	0.509943	-0.928229	0.343341	-0.143209	-0.293863	-0.440675	0.848204
27226	3.741648	-1.725980	10.353840	-0.366245	-1.018110	-0.125872	0.226283	0.824431	0.518757	-0.926838	0.346052	-0.145672	-0.299613	-0.447841	0.842420
27227	3.374082	-2.009991	10.785192	-0.404462	-1.241309	-0.186813	0.224304	0.818199	0.529376	-0.925183	0.349441	-0.148081	-0.306145	-0.456555	0.835364
27228	2.886182	-2.605535	11.485357	-0.438247	-1.515244	-0.252783	0.221966	0.810287	0.542371	-0.923242	0.353567	-0.150381	-0.313617	-0.467360	0.826571
27229	2.264380	-2.916751	11.813113	-0.222485	-1.877629	-0.363491	0.219425	0.800122	0.558262	-0.921726	0.357575	-0.150205	-0.319803	-0.481606	0.815954
27230	2.407865	-2.648254	11.512239	-0.117989	-2.328514	-0.513925	0.216660	0.786823	0.577899	-0.920205	0.362275	-0.148252	-0.326007	-0.499666	0.802530
27231	3.150045	-3.048211	10.961345	-0.021326	-2.737810	-0.660642	0.213781	0.770491	0.600534	-0.918704	0.367552	-0.144529	-0.332086	-0.520815	0.786429
27232	3.339515	-2.972852	10.523445	0.269913	-3.176418	-0.818884	0.210705	0.750491	0.626392	-0.917849	0.372385	-0.137416	-0.336388	-0.545979	0.767301
27233	4.375374	-2.393465	10.669373	0.460180	-3.612353	-0.978456	0.207530	0.726650	0.654913	-0.917347	0.377060	-0.127671	-0.339713	-0.574287	0.744842
27234	5.215633	-2.755345	10.651496	0.535491	-3.975214	-1.092824	0.204003	0.699040	0.685366	-0.916907	0.381738	-0.116432	-0.343021	-0.604665	0.718830
27235	6.226036	-2.575697	11.009128	0.634531	-4.326090	-1.248807	0.200610	0.667466	0.717108	-0.916554	0.386362	-0.103211	-0.345953	-0.636564	0.689277
27236	8.712071	-3.099096	11.088387	0.409524	-4.576280	-1.342243	0.196969	0.632355	0.749220	-0.915295	0.392460	-0.090614	-0.351339	-0.667909	0.656094
27237	11.889517	-5.358783	11.411503	0.090131	-4.432424	-1.429151	0.194350	0.596558	0.778683	-0.912804	0.400660	-0.079126	-0.359190	-0.695406	0.622409
27238	13.282501	-7.220597	11.503946	0.264531	-3.967547	-1.555265	0.194194	0.562166	0.803902	-0.910719	0.407845	-0.065208	-0.364526	-0.719466	0.591177
27239	11.436504	-7.462524	10.622514	0.666033	-3.525650	-1.717577	0.197019	0.529470	0.825134	-0.909772	0.412394	-0.047396	-0.365375	-0.741346	0.562946
27240	9.049787	-5.788837	9.578006	1.255688	-3.350946	-1.931972	0.202457	0.496243	0.844248	-0.910452	0.412897	-0.024364	-0.360678	-0.763714	0.535399
27241	8.880695	-3.061365	10.022305	1.371376	-3.432525	-1.989652	0.208341	0.461561	0.862297	-0.911253	0.411848	-0.000280	-0.355264	-0.785712	0.506403
27242	8.725703	-1.911777	10.156101	1.062460	-3.282538	-1.958011	0.214583	0.427353	0.878250	-0.910853	0.412145	0.022001	-0.352565	-0.804677	0.477695
27243	6.799472	-1.606086	9.702527	0.651617	-3.127278	-1.921326	0.221072	0.394136	0.892067	-0.908944	0.414799	0.041987	-0.353480	-0.820121	0.449948
27244	3.813730	-2.144532	8.323798	0.187833	-3.007331	-1.855568	0.227220	0.361504	0.904260	-0.905433	0.420301	0.059487	-0.358557	-0.832263	0.422818
27245	-0.989594	-3.872575	5.545406	-0.007912	-2.734228	-1.802066	0.233655	0.331143	0.914194	-0.901225	0.426672	0.075789	-0.364964	-0.841603	0.398128
27246	1.202785	-4.548798	7.046398	0.343455	-2.786687	-1.646921	0.238276	0.300462	0.923551	-0.898577	0.429006	0.092262	-0.368488	-0.851866	0.372210
27247	24.485470	-3.952474	10.638435	1.253825	-2.952710	-1.255399	0.238791	0.269943	0.932797	-0.900149	0.421893	0.108341	-0.364294	-0.865527	0.343733
27248	10.942214	1.919676	14.391551	-0.097969	2.827391	-0.740285	0.255681	0.291128	0.921885	-0.897944	0.424854	0.114874	-0.358224	-0.857172	0.370044
27249	0.757458	-5.625828	10.967698	-2.712209	2.752343	1.123532	0.255770	0.319522	0.912408	-0.890838	0.444477	0.094069	-0.375487	-0.836867	0.398326
27250	-4.905394	-11.206235	5.289402	-0.262517	2.367128	1.065334	0.255134	0.343918	0.903674	-0.892556	0.443169	0.083335	-0.371820	-0.827841	0.420034
27251	-4.372693	-4.242043	6.031833	0.284920	2.008454	0.911659	0.254403	0.364720	0.895689	-0.895899	0.437666	0.076247	-0.364204	-0.821844	0.438096
27252	-3.529787	-4.113255	6.199663	-0.317598	1.721870	1.160792	0.250271	0.383840	0.888837	-0.897652	0.435962	0.064485	-0.362747	-0.814005	0.453663
27253	-1.741719	-2.618328	6.485006	-0.255593	1.481966	1.228577	0.244625	0.401428	0.882618	-0.899738	0.433285	0.052306	-0.361428	-0.806920	0.467173
27254	-0.073595	-1.875664	6.741636	-0.526295	1.490791	1.322703	0.238132	0.419084	0.876163	-0.901004	0.432126	0.038190	-0.362607	-0.798521	0.480500
27255	0.966555	-1.468086	7.758969	-0.838288	1.616310	1.421923	0.231242	0.438304	0.868572	-0.901257	0.432748	0.021569	-0.366419	-0.787794	0.495094
27256	2.585960	-1.839683	8.546755	-1.068507	1.781876	1.486044	0.224452	0.458639	0.859809	-0.900677	0.434477	0.003362	-0.372025	-0.775165	0.510605
27257	3.753306	-2.359193	8.887095	-1.174659	2.047917	1.524107	0.218449	0.481259	0.848923	-0.899617	0.436389	-0.015897	-0.378112	-0.760233	0.528278
27258	4.715365	-3.077538	8.853728	-1.154613	2.306997	1.515738	0.213626	0.505200	0.836144	-0.898474	0.437640	-0.034872	-0.383547	-0.743804	0.547400
27259	5.426033	-3.488862	8.852897	-0.989849	2.555825	1.446280	0.210521	0.530577	0.821078	-0.897698	0.437469	-0.052524	-0.387064	-0.726022	0.568395
27260	5.581376	-3.520367	8.785285	-0.773760	2.740346	1.325696	0.209265	0.555981	0.804421	-0.897460	0.435858	-0.067777	-0.388296	-0.707753	0.590180
27261	5.628961	-3.168135	8.957504	-0.570842	2.840796	1.150017	0.209998	0.581081	0.786286	-0.897627	0.433340	-0.080512	-0.387513	-0.688884	0.612594
27262	6.181104	-2.434971	8.952139	-0.454824	2.882871	0.965722	0.212490	0.604808	0.767499	-0.897888	0.430747	-0.090850	-0.385545	-0.669823	0.634580
27263	6.706745	-1.750739	8.996822	-0.414892	2.981766	0.801915	0.216783	0.628180	0.747259	-0.897985	0.428567	-0.099764	-0.382920	-0.649400	0.657002
27264	6.866699	-1.368620	8.867513	-0.505108	3.122916	0.696847	0.222469	0.651068	0.725685	-0.897566	0.427378	-0.108272	-0.380634	-0.627263	0.679455
27265	6.548711	-1.517359	8.804748	-0.624024	3.211461	0.624458	0.229103	0.673736	0.702561	-0.896577	0.427099	-0.117204	-0.379028	-0.603048	0.701905
27266	6.598392	-1.512886	8.739913	-0.675517	3.198713	0.560215	0.236206	0.694995	0.679108	-0.895303	0.427299	-0.125893	-0.377677	-0.578271	0.723162
27267	6.757190	-1.579644	8.852752	-0.739943	3.149197	0.527693	0.243406	0.715285	0.655073	-0.893747	0.427774	-0.135003	-0.376789	-0.552609	0.743407
27268	7.113083	-1.552882	9.215552	-0.786751	3.072280	0.527607	0.250282	0.734101	0.631232	-0.892065	0.428240	-0.144326	-0.376269	-0.526978	0.762047
27269	7.655549	-1.809945	9.484696	-0.815579	3.029426	0.548490	0.256828	0.752224	0.606794	-0.890359	0.428359	-0.154175	-0.375900	-0.500668	0.779764
