// General information: 
//  MT Manager version: 2022.2.0 
//  XDA version: 2022.2.0 build 7381 rev 124627 built on 2023-07-19
// Device information: 
//  DeviceId: 00B4CAF0
//  ProductCode: MTW2-3A7G6
//  Firmware Version: 4.6.0
//  Hardware Version: 2.0.0
// Device settings: 
//  Filter Profile: human(46.1)
//  Option Flags: Orientation Smoother Disabled, Position/Velocity Smoother Disabled, Continuous Zero Rotation Update Disabled, AHS Disabled, ICC Disabled
// Coordinate system: ENU
PacketCounter	Acc_X	Acc_Y	Acc_Z	Gyr_X	Gyr_Y	Gyr_Z	Mat[1][1]	Mat[2][1]	Mat[3][1]	Mat[1][2]	Mat[2][2]	Mat[3][2]	Mat[1][3]	Mat[2][3]	Mat[3][3]
10852	5.650404	-1.000131	8.503741	0.000699	0.003526	0.005292	-0.717861	-0.412875	0.560544	0.438462	-0.893540	-0.096629	0.540764	0.176411	0.822468
10853	5.625318	-1.021370	8.554008	0.005184	0.001160	0.005230	-0.717840	-0.412902	0.560551	0.438491	-0.893525	-0.096640	0.540769	0.176424	0.822462
10854	5.663975	-1.023636	8.524973	0.005010	0.005697	0.004440	-0.717887	-0.412962	0.560447	0.438526	-0.893506	-0.096659	0.540679	0.176380	0.822531
10855	5.614624	-1.023910	8.500954	0.001839	0.004640	0.005230	-0.717885	-0.412995	0.560425	0.438536	-0.893496	-0.096697	0.540673	0.176349	0.822541
10856	5.643534	-1.022540	8.540220	0.001839	0.004640	0.005230	-0.717930	-0.413048	0.560329	0.438543	-0.893488	-0.096746	0.540608	0.176272	0.822600
10857	5.643138	-1.022621	8.540472	0.002730	0.003468	0.004561	-0.717924	-0.413073	0.560318	0.438554	-0.893479	-0.096773	0.540607	0.176254	0.822605
10858	5.613599	-1.024167	8.501600	0.000671	0.000034	0.002007	-0.717961	-0.413083	0.560263	0.438524	-0.893489	-0.096814	0.540581	0.176180	0.822637
10859	5.627940	-1.023517	8.521304	0.002087	0.006926	0.005837	-0.717969	-0.413125	0.560222	0.438541	-0.893477	-0.096854	0.540558	0.176142	0.822661
10860	5.628069	-0.999226	8.520220	0.002481	0.001183	0.003953	-0.717996	-0.413167	0.560156	0.438551	-0.893468	-0.096891	0.540514	0.176090	0.822701
10861	5.632738	-1.001348	8.486176	0.001121	0.001275	0.006689	-0.717969	-0.413207	0.560161	0.438568	-0.893454	-0.096943	0.540536	0.176067	0.822692
10862	5.641713	-1.023123	8.541354	0.002308	0.005719	0.003161	-0.718035	-0.413231	0.560059	0.438548	-0.893460	-0.096977	0.540465	0.175980	0.822757
10863	5.631495	-1.025692	8.487992	0.005652	0.002238	0.003161	-0.718029	-0.413241	0.560059	0.438564	-0.893453	-0.096972	0.540460	0.175993	0.822757
10864	5.645941	-1.024744	8.507665	0.003621	0.002296	0.003891	-0.718058	-0.413290	0.559986	0.438588	-0.893438	-0.096999	0.540401	0.175952	0.822804
10865	5.645075	-1.049034	8.509237	0.003869	0.004582	0.004498	-0.718059	-0.413317	0.559965	0.438604	-0.893428	-0.097016	0.540387	0.175940	0.822816
10866	5.631103	-1.000856	8.487319	0.003420	0.003341	-0.000184	-0.718109	-0.413335	0.559888	0.438602	-0.893429	-0.097022	0.540322	0.175896	0.822868
10867	5.630303	-1.025061	8.488859	0.004291	0.002331	0.005897	-0.718091	-0.413370	0.559884	0.438631	-0.893412	-0.097044	0.540323	0.175896	0.822868
10868	5.659158	-1.023536	8.528184	0.002556	0.008004	0.003767	-0.718155	-0.413421	0.559765	0.438639	-0.893405	-0.097078	0.540231	0.175817	0.822945
10869	5.609156	-1.047983	8.505590	0.007040	0.005637	0.003706	-0.718165	-0.413442	0.559736	0.438667	-0.893392	-0.097065	0.540195	0.175829	0.822966
10870	5.643603	-1.023818	8.509327	0.002701	-0.000024	0.001277	-0.718184	-0.413476	0.559686	0.438683	-0.893382	-0.097085	0.540156	0.175800	0.822998
10871	5.658061	-1.022918	8.528985	0.003199	0.004547	0.002490	-0.718194	-0.413485	0.559668	0.438681	-0.893382	-0.097096	0.540145	0.175782	0.823009
10872	5.627769	-1.048774	8.491610	0.001167	0.004605	0.003220	-0.718236	-0.413533	0.559578	0.438689	-0.893373	-0.097140	0.540082	0.175712	0.823065
10873	5.623539	-0.998044	8.523349	0.001637	0.005684	0.001152	-0.718257	-0.413532	0.559552	0.438669	-0.893381	-0.097157	0.540070	0.175675	0.823081
10874	5.627439	-1.024354	8.490843	0.002059	0.003433	0.002551	-0.718293	-0.413577	0.559473	0.438683	-0.893371	-0.097188	0.540011	0.175622	0.823131
10875	5.656484	-1.022813	8.530044	0.004290	0.002330	0.005896	-0.718275	-0.413612	0.559469	0.438712	-0.893354	-0.097210	0.540012	0.175622	0.823131
10876	5.626764	-1.024112	8.491320	0.007040	0.005636	0.003705	-0.718326	-0.413656	0.559371	0.438742	-0.893340	-0.097208	0.539919	0.175593	0.823198
10877	5.641539	-0.998989	8.509759	-0.002004	0.003550	0.004010	-0.718324	-0.413677	0.559359	0.438723	-0.893342	-0.097271	0.539938	0.175532	0.823198
10878	5.625981	-1.024353	8.491810	0.003398	0.003502	0.006563	-0.718357	-0.413731	0.559277	0.438740	-0.893329	-0.097314	0.539880	0.175471	0.823249
10879	5.625032	-1.048833	8.493416	0.001837	0.004639	0.005225	-0.718355	-0.413764	0.559255	0.438751	-0.893320	-0.097353	0.539874	0.175440	0.823260
10880	5.625636	-1.000151	8.491027	0.002307	0.005718	0.003157	-0.718425	-0.413774	0.559157	0.438715	-0.893334	-0.097387	0.539810	0.175345	0.823322
10881	5.644023	-1.025835	8.478138	0.002085	0.006924	0.005830	-0.718433	-0.413816	0.559116	0.438731	-0.893322	-0.097426	0.539787	0.175307	0.823345
10882	5.619136	-1.022569	8.527226	0.002529	0.004511	0.000482	-0.718483	-0.413843	0.559032	0.438731	-0.893320	-0.097442	0.539720	0.175254	0.823401
10883	5.638585	-0.999327	8.511677	0.004365	0.009150	0.005706	-0.718503	-0.413888	0.558972	0.438758	-0.893304	-0.097462	0.539671	0.175227	0.823438
10884	5.622891	-1.024432	8.493846	0.002479	0.001182	0.003950	-0.718511	-0.413953	0.558913	0.438801	-0.893279	-0.097498	0.539625	0.175198	0.823475
10885	5.617690	-1.022451	8.528193	0.002976	0.005752	0.005161	-0.718516	-0.413988	0.558882	0.438817	-0.893268	-0.097526	0.539607	0.175173	0.823492
10886	5.636274	-1.047940	8.515204	0.005650	0.002235	0.003159	-0.718572	-0.413981	0.558815	0.438787	-0.893283	-0.097532	0.539556	0.175116	0.823537
10887	5.602884	-0.998482	8.507830	0.003198	0.004545	0.002487	-0.718581	-0.413990	0.558796	0.438785	-0.893282	-0.097544	0.539545	0.175098	0.823548
10888	5.655096	-1.048924	8.501086	0.002727	0.003467	0.004555	-0.718606	-0.414052	0.558719	0.438817	-0.893262	-0.097581	0.539486	0.175053	0.823597
10889	5.636211	-0.998774	8.513314	0.005478	0.006771	0.002363	-0.718628	-0.414063	0.558682	0.438827	-0.893258	-0.097573	0.539449	0.175046	0.823622
10890	5.659951	-1.001847	8.465035	0.001886	0.007968	0.001753	-0.718707	-0.414077	0.558569	0.438796	-0.893271	-0.097602	0.539368	0.174950	0.823695
10891	5.648781	-1.022170	8.535224	0.005282	0.011469	0.008313	-0.718728	-0.414150	0.558488	0.438847	-0.893242	-0.097629	0.539299	0.174922	0.823747
10892	5.653592	-0.975523	8.499153	-0.000068	0.014847	0.002289	-0.718845	-0.414175	0.558319	0.438802	-0.893259	-0.097677	0.539179	0.174777	0.823856
10893	5.646384	-1.022539	8.536766	-0.001011	0.012691	0.006424	-0.718881	-0.414233	0.558230	0.438806	-0.893250	-0.097746	0.539128	0.174687	0.823909
10894	5.605824	-1.020539	8.566895	-0.001157	0.020717	0.008902	-0.718992	-0.414342	0.558007	0.438822	-0.893232	-0.097839	0.538968	0.174520	0.824049
10895	5.623230	-1.046752	8.554612	-0.001904	0.013862	0.007088	-0.719031	-0.414408	0.557907	0.438826	-0.893221	-0.097918	0.538913	0.174418	0.824107
10896	5.626925	-1.049165	8.521233	0.001019	0.012629	0.005692	-0.719097	-0.414500	0.557754	0.438861	-0.893197	-0.097976	0.538795	0.174323	0.824204
10897	5.626301	-1.025085	8.520624	0.000127	0.013801	0.006357	-0.719139	-0.414559	0.557655	0.438871	-0.893186	-0.098034	0.538731	0.174238	0.824263
10898	5.609803	-1.050528	8.503273	0.001935	0.014947	0.008300	-0.719224	-0.414647	0.557481	0.438892	-0.893169	-0.098098	0.538601	0.174120	0.824373
10899	5.637992	-1.049179	8.543022	0.000326	0.009104	0.000409	-0.719266	-0.414645	0.557427	0.438860	-0.893182	-0.098122	0.538570	0.174057	0.824407
10900	5.588423	-1.049456	8.519046	0.003888	0.008068	0.007765	-0.719292	-0.414758	0.557311	0.438941	-0.893137	-0.098167	0.538471	0.174016	0.824480
10901	5.588254	-1.025213	8.518155	-0.000146	0.008025	0.002476	-0.719320	-0.414772	0.557264	0.438921	-0.893143	-0.098206	0.538450	0.173953	0.824507
10902	5.602884	-1.000025	8.536709	0.005896	0.004517	0.003763	-0.719355	-0.414822	0.557181	0.438957	-0.893124	-0.098212	0.538372	0.173929	0.824563
10903	5.587258	-1.024957	8.518839	0.003864	0.004577	0.004490	-0.719356	-0.414849	0.557160	0.438973	-0.893114	-0.098230	0.538358	0.173916	0.824575
10904	5.606512	-1.026198	8.504454	0.002475	0.001180	0.003949	-0.719378	-0.414886	0.557105	0.438981	-0.893107	-0.098266	0.538323	0.173868	0.824608
10905	5.587013	-1.024869	8.519011	0.005344	-0.003380	0.006026	-0.719329	-0.414912	0.557148	0.439016	-0.893088	-0.098279	0.538360	0.173902	0.824577
10906	5.621094	-1.049552	8.525034	0.005071	-0.009156	0.002149	-0.719316	-0.414892	0.557180	0.438996	-0.893097	-0.098284	0.538393	0.173902	0.824555
10907	5.603419	-0.999334	8.536439	0.007740	-0.009019	0.010170	-0.719219	-0.414945	0.557265	0.439074	-0.893057	-0.098301	0.538459	0.173981	0.824495
10908	5.603017	-1.048028	8.538684	0.001898	-0.010208	0.002938	-0.719195	-0.414933	0.557305	0.439046	-0.893067	-0.098336	0.538514	0.173960	0.824464
10909	5.603670	-1.072215	8.539266	0.006301	-0.019399	0.003079	-0.719073	-0.414905	0.557484	0.439065	-0.893059	-0.098326	0.538662	0.174068	0.824345
10910	5.639828	-1.048057	8.541949	0.007466	-0.014796	0.006289	-0.719001	-0.414928	0.557559	0.439109	-0.893037	-0.098333	0.538721	0.174127	0.824293
10911	5.640503	-1.072165	8.542523	0.005657	-0.015943	0.004345	-0.718892	-0.414918	0.557707	0.439133	-0.893024	-0.098335	0.538847	0.174216	0.824192
10912	5.622505	-1.070410	8.556167	0.009221	-0.020634	0.001679	-0.718803	-0.414900	0.557835	0.439166	-0.893012	-0.098302	0.538939	0.174323	0.824109
10913	5.618739	-1.098689	8.468785	0.015092	-0.019611	0.002161	-0.718683	-0.414863	0.558017	0.439226	-0.892992	-0.098214	0.539049	0.174511	0.823997
10914	5.596540	-1.069715	8.515219	0.014895	-0.018569	-0.001914	-0.718641	-0.414783	0.558131	0.439221	-0.893005	-0.098115	0.539110	0.174634	0.823932
10915	5.594740	-1.017343	8.545516	0.018875	-0.025513	-0.003182	-0.718513	-0.414689	0.558366	0.439263	-0.893001	-0.097966	0.539247	0.174880	0.823790
10916	5.597189	-1.015618	8.544117	0.017902	-0.031162	-0.002327	-0.718380	-0.414623	0.558585	0.439323	-0.892985	-0.097839	0.539375	0.175114	0.823656
10917	5.565425	-1.037588	8.538890	0.021880	-0.038109	-0.003602	-0.718186	-0.414503	0.558924	0.439379	-0.892977	-0.097663	0.539588	0.175439	0.823447
10918	5.563950	-1.057664	8.572120	0.024634	-0.052992	-0.004626	-0.717958	-0.414357	0.559325	0.439430	-0.892973	-0.097469	0.539849	0.175806	0.823198
10919	5.511126	-1.026821	8.611642	0.028776	-0.064480	-0.005121	-0.717628	-0.414176	0.559883	0.439512	-0.892959	-0.097227	0.540221	0.176302	0.822848
10920	5.496475	-1.095605	8.626705	0.033468	-0.086258	-0.006713	-0.717232	-0.413947	0.560559	0.439591	-0.892951	-0.096949	0.540683	0.176881	0.822420
10921	5.477012	-1.038015	8.701878	0.033002	-0.105708	-0.010265	-0.716701	-0.413647	0.561459	0.439659	-0.892950	-0.096645	0.541332	0.177585	0.821842
10922	5.195887	-0.614000	9.083300	0.007728	-0.129856	-0.039952	-0.716225	-0.413023	0.562525	0.439337	-0.893136	-0.096391	0.542223	0.178100	0.821142
10923	4.933878	-1.376730	8.857094	-0.005867	-0.205880	-0.038335	-0.715271	-0.412292	0.564272	0.438994	-0.893320	-0.096247	0.543758	0.178869	0.819959
10924	5.483970	-0.317043	8.796582	-0.079439	-0.314582	-0.023415	-0.713689	-0.411522	0.566831	0.438363	-0.893570	-0.096800	0.546338	0.179393	0.818127
10925	5.371719	-0.850988	8.878162	-0.048354	-0.374338	-0.008802	-0.711673	-0.410748	0.569919	0.437998	-0.893709	-0.097168	0.549254	0.180471	0.815935
10926	5.461781	-0.833656	8.843794	-0.078946	-0.436619	-0.004513	-0.709321	-0.409916	0.573440	0.437495	-0.893885	-0.097818	0.552686	0.181493	0.813387
10927	5.523517	-0.990543	8.776380	-0.098702	-0.500706	-0.011788	-0.706590	-0.408877	0.577538	0.436827	-0.894128	-0.098575	0.556698	0.182632	0.810390
10928	5.515993	-1.046097	8.759543	-0.122101	-0.565155	-0.029535	-0.703583	-0.407596	0.582097	0.435925	-0.894474	-0.099423	0.561195	0.183798	0.807018
10929	5.620363	-1.130118	8.717708	-0.139829	-0.625428	-0.050816	-0.700273	-0.405966	0.587204	0.434743	-0.894955	-0.100275	0.566229	0.185063	0.803204
10930	5.623513	-1.186480	8.693630	-0.153382	-0.676861	-0.073598	-0.696774	-0.404056	0.592660	0.433328	-0.895547	-0.101102	0.571606	0.186371	0.799082
10931	5.684329	-1.292639	8.656694	-0.154491	-0.742411	-0.092759	-0.692904	-0.401813	0.598690	0.431758	-0.896226	-0.101803	0.577468	0.187950	0.794485
10932	5.730985	-1.272330	8.659379	-0.149448	-0.800561	-0.123823	-0.688830	-0.399183	0.605116	0.429988	-0.897023	-0.102273	0.583629	0.189744	0.789541
10933	5.749858	-1.421937	8.629433	-0.145877	-0.871610	-0.155044	-0.684374	-0.396106	0.612154	0.428029	-0.897934	-0.102499	0.590274	0.191872	0.784068
10934	5.501490	-1.456505	8.829551	-0.143547	-0.966654	-0.213370	-0.679582	-0.392322	0.619881	0.425683	-0.899067	-0.102337	0.597464	0.194326	0.777994
10935	5.354860	-1.490008	9.050589	-0.172711	-1.120167	-0.297768	-0.674099	-0.387428	0.628880	0.422590	-0.900582	-0.101836	0.605812	0.197111	0.770804
10936	5.270183	-1.552977	9.165531	-0.215864	-1.306260	-0.396059	-0.667827	-0.381263	0.639254	0.418575	-0.902547	-0.101012	0.615469	0.200117	0.762333
10937	5.500018	-1.879697	9.380310	-0.241409	-1.517651	-0.501493	-0.660482	-0.373644	0.651270	0.413705	-0.904944	-0.099624	0.626587	0.203634	0.752278
10938	6.159553	-2.346284	9.539126	-0.228566	-1.690779	-0.607092	-0.652324	-0.364666	0.664449	0.408232	-0.907670	-0.097370	0.638608	0.207733	0.740964
10939	6.811805	-2.760505	9.288286	-0.135010	-1.776405	-0.723694	-0.643799	-0.354328	0.678215	0.402632	-0.910572	-0.093521	0.650700	0.212862	0.728889
10940	7.881818	-2.617099	9.471091	-0.150472	-1.807292	-0.806443	-0.635196	-0.343084	0.691968	0.396439	-0.913725	-0.089120	0.662844	0.217715	0.716407
10941	7.543791	-2.599616	8.604451	-0.057574	-1.692773	-0.906936	-0.627442	-0.331030	0.704795	0.390288	-0.916925	-0.083211	0.673789	0.222862	0.704514
10942	7.448473	-1.893253	8.240744	-0.106825	-1.647618	-0.973419	-0.620066	-0.318384	0.717043	0.383437	-0.920345	-0.077076	0.684467	0.227149	0.692755
10943	7.392019	-1.289836	7.747878	-0.186115	-1.590682	-1.014686	-0.612937	-0.305364	0.728739	0.375856	-0.923951	-0.071035	0.695011	0.230362	0.681097
10944	7.657662	-1.132075	7.424172	-0.316666	-1.517878	-1.035466	-0.606204	-0.292273	0.739657	0.367270	-0.927797	-0.065611	0.705429	0.231880	0.669778
10945	7.263696	-1.241975	7.101388	-0.390227	-1.391271	-1.056265	-0.600142	-0.279200	0.749584	0.358085	-0.931737	-0.060353	0.715266	0.232194	0.659151
10946	6.697175	-1.345829	7.111519	-0.412766	-1.244652	-1.046183	-0.594930	-0.266551	0.758293	0.348803	-0.935569	-0.055208	0.724151	0.231650	0.649572
10947	5.705392	-1.649129	7.305676	-0.385463	-1.061513	-1.009684	-0.590669	-0.254609	0.765692	0.339969	-0.939106	-0.050015	0.731800	0.230769	0.641260
10948	4.674693	-2.028263	7.744712	-0.342725	-0.898031	-0.875293	-0.587060	-0.244315	0.771797	0.332232	-0.942099	-0.045516	0.738229	0.229695	0.634238
10949	4.173191	-3.064413	8.252595	-0.318800	-0.715344	-0.583850	-0.583672	-0.237146	0.776588	0.326409	-0.944249	-0.043020	0.743494	0.228376	0.628538
10950	3.680343	-4.316145	8.492986	-0.244957	-0.516747	-0.120977	-0.580268	-0.234836	0.779834	0.323811	-0.945114	-0.043663	0.747285	0.227182	0.624462
10951	3.674585	-5.004014	8.781876	-0.089283	-0.339323	0.428207	-0.576327	-0.238087	0.781769	0.325576	-0.944318	-0.047574	0.749565	0.227107	0.621751
10952	3.927818	-4.929171	9.220073	0.075119	-0.130677	0.973731	-0.572209	-0.246986	0.782032	0.331652	-0.941810	-0.054779	0.750055	0.228017	0.620826
10953	4.211662	-4.437549	9.605682	0.260993	0.101076	1.402842	-0.568233	-0.260377	0.780586	0.341564	-0.937668	-0.064130	0.748628	0.230180	0.621750
10954	4.281604	-3.547404	10.012197	0.447543	0.350517	1.663791	-0.565134	-0.276761	0.777191	0.354249	-0.932190	-0.074365	0.745071	0.233293	0.624855
10955	4.500397	-2.667019	10.144046	0.588903	0.565505	1.792854	-0.562841	-0.294723	0.772236	0.368690	-0.925697	-0.084572	0.739782	0.237115	0.629682
10956	4.817290	-1.854963	10.287699	0.694333	0.766704	1.807222	-0.561767	-0.313241	0.765701	0.383878	-0.918572	-0.094142	0.732841	0.241050	0.636270
10957	4.994801	-1.148884	10.353924	0.744945	0.945504	1.742863	-0.561825	-0.331459	0.757949	0.399056	-0.911161	-0.102663	0.724642	0.244786	0.644184
10958	5.213829	-0.490385	10.420746	0.752656	1.118098	1.579200	-0.563550	-0.348567	0.748941	0.413278	-0.903968	-0.109742	0.715271	0.247676	0.653486
10959	5.525781	-0.002951	10.541825	0.692970	1.292993	1.369863	-0.566976	-0.364094	0.738900	0.425902	-0.897382	-0.115382	0.705086	0.249280	0.663862
10960	5.773134	0.204420	10.519694	0.593555	1.491552	1.142665	-0.572577	-0.378054	0.727482	0.436490	-0.891692	-0.119843	0.693997	0.248919	0.675579
10961	5.736975	0.014744	10.347430	0.480122	1.679926	0.906612	-0.580133	-0.390258	0.714943	0.444979	-0.887037	-0.123123	0.682231	0.246707	0.688256
10962	5.715383	-0.361501	9.936294	0.376913	1.842067	0.681829	-0.589626	-0.400824	0.701200	0.451448	-0.883444	-0.125384	0.669728	0.242626	0.701853
10963	5.744804	-0.765508	9.589115	0.267801	1.961282	0.511571	-0.600307	-0.410017	0.686671	0.456229	-0.880746	-0.127053	0.656877	0.237008	0.715779
10964	5.681478	-1.321115	9.177623	0.173151	2.034952	0.408098	-0.611768	-0.418380	0.671340	0.459766	-0.878676	-0.128624	0.643704	0.229972	0.729903
10965	5.591135	-1.933192	8.705176	0.096437	2.063320	0.372618	-0.623190	-0.426293	0.655674	0.462643	-0.876902	-0.130404	0.630552	0.222077	0.743697
10966	5.545522	-2.296627	8.444470	0.035346	2.059354	0.382533	-0.634361	-0.434147	0.639611	0.465208	-0.875203	-0.132668	0.617387	0.213393	0.757163
10967	5.509651	-2.396357	8.219984	-0.039710	2.033754	0.429598	-0.644778	-0.442126	0.623526	0.467675	-0.873421	-0.135705	0.604600	0.204108	0.769934
10968	5.560878	-2.308228	8.125756	-0.125534	1.994268	0.484124	-0.654537	-0.450334	0.607273	0.470008	-0.871535	-0.139713	0.592177	0.193975	0.782112
10969	5.849378	-2.047523	8.162479	-0.237774	1.974895	0.528091	-0.663623	-0.458632	0.590984	0.472057	-0.869600	-0.144773	0.580317	0.182903	0.793586
10970	6.008187	-1.819277	8.131595	-0.353929	1.991539	0.566201	-0.672478	-0.467078	0.574117	0.473745	-0.867628	-0.150957	0.568629	0.170470	0.804737
10971	6.113367	-1.526636	8.066205	-0.462334	2.017894	0.576103	-0.681101	-0.475354	0.556903	0.475004	-0.865686	-0.157984	0.557201	0.156928	0.815414
10972	6.051510	-1.201379	8.021647	-0.551611	2.065940	0.571037	-0.689866	-0.483386	0.538909	0.475818	-0.863795	-0.165697	0.545603	0.142114	0.825907
10973	6.130363	-0.894780	8.005766	-0.617051	2.100041	0.560241	-0.698532	-0.491021	0.520530	0.476340	-0.861909	-0.173818	0.533998	0.126532	0.835964
10974	6.161003	-0.859521	7.844439	-0.645420	2.124022	0.563605	-0.707144	-0.498390	0.501552	0.476839	-0.859904	-0.182182	0.522084	0.110330	0.845728
10975	6.131837	-1.060700	7.718637	-0.614138	2.128730	0.573586	-0.715388	-0.505476	0.482404	0.477714	-0.857667	-0.190254	0.509911	0.094346	0.855038
10976	6.318266	-1.603278	7.665898	-0.540789	2.082320	0.611515	-0.723027	-0.512515	0.463207	0.479339	-0.855038	-0.197849	0.497460	0.078983	0.863884
10977	6.905017	-1.756338	7.954100	-0.423114	1.997720	0.701797	-0.729464	-0.519924	0.444478	0.482322	-0.851733	-0.204735	0.485024	0.065035	0.872079
10978	7.512621	-1.992244	7.789921	-0.335929	1.903179	0.872818	-0.734417	-0.528448	0.425881	0.487056	-0.847367	-0.211530	0.472661	0.052076	0.879705
10979	7.632569	-2.461180	7.364433	-0.195756	1.788285	1.071877	-0.737502	-0.538314	0.407811	0.493997	-0.841753	-0.217757	0.460498	0.040861	0.886720
10980	7.633846	-2.638081	6.817903	0.000608	1.608368	1.235534	-0.738717	-0.549248	0.390672	0.503075	-0.835047	-0.222738	0.448567	0.031997	0.893176
10981	3.063025	-5.640028	3.651901	0.456413	0.651550	1.193951	-0.735545	-0.559370	0.382203	0.513874	-0.828294	-0.223298	0.441483	0.032159	0.896693
10982	9.993025	1.156299	-1.216493	0.855406	-0.463798	0.997694	-0.728383	-0.567415	0.384055	0.524897	-0.822375	-0.219505	0.440388	0.041706	0.896838
10983	15.906045	1.504170	1.372482	0.684575	-0.928733	0.979943	-0.719085	-0.574990	0.390261	0.534982	-0.816468	-0.217197	0.443522	0.052599	0.894719
10984	17.662473	-0.587650	0.234203	0.390241	-1.001021	0.975618	-0.709411	-0.582341	0.397008	0.543644	-0.810618	-0.217599	0.448539	0.061464	0.891648
10985	15.751699	-1.287989	-1.778537	0.532303	-1.222100	0.668621	-0.700236	-0.586908	0.406459	0.550727	-0.806366	-0.215579	0.454280	0.072892	0.887872
10986	11.605098	-0.319135	0.827731	0.652766	-1.460888	0.260454	-0.692150	-0.587822	0.418800	0.555478	-0.804337	-0.210917	0.460838	0.086648	0.883244
10987	6.475036	-2.864319	10.916369	0.728620	-1.478016	0.064436	-0.684934	-0.586934	0.431711	0.559269	-0.803290	-0.204802	0.466994	0.101166	0.878454
10988	5.684018	-3.386124	12.344103	1.017828	-1.097512	-0.146954	-0.680658	-0.584545	0.441602	0.562980	-0.803070	-0.195275	0.468784	0.115698	0.875703
10989	2.515561	0.613588	10.394089	0.966117	-1.081933	-0.329724	-0.677435	-0.580549	0.451712	0.565246	-0.803822	-0.185385	0.470721	0.129742	0.872690
10990	3.151269	1.851696	9.230670	0.557383	-1.343996	-0.290612	-0.672747	-0.576370	0.463906	0.565878	-0.804770	-0.179243	0.476648	0.141929	0.867562
10991	9.109339	-2.068968	11.224402	0.803761	-1.482125	-0.648590	-0.669311	-0.568908	0.477877	0.565345	-0.807300	-0.169265	0.482087	0.156875	0.861964
10992	11.219577	0.548358	10.873066	0.835863	-0.827458	-0.717673	-0.669404	-0.561746	0.486147	0.564533	-0.810021	-0.158645	0.482908	0.168248	0.859356
10993	3.516188	-1.819205	7.862216	0.737204	-0.695498	-0.604236	-0.669453	-0.555621	0.493070	0.564017	-0.812138	-0.149387	0.483444	0.178092	0.857068
10994	4.965200	-1.340632	9.167481	0.689230	-1.019252	-0.582883	-0.667824	-0.548997	0.502606	0.563423	-0.814113	-0.140622	0.486379	0.189269	0.853002
10995	9.458871	0.702095	10.507790	0.560759	-0.881711	-0.407288	-0.665818	-0.543948	0.510693	0.563409	-0.815270	-0.133812	0.489139	0.198634	0.849286
10996	7.387782	1.261570	9.652539	0.337345	-0.545060	-0.234431	-0.664493	-0.540928	0.515603	0.563468	-0.815881	-0.129775	0.490869	0.204291	0.846943
10997	6.373764	-0.597373	9.304085	0.174868	-0.506159	-0.149763	-0.662846	-0.538640	0.520099	0.563301	-0.816348	-0.127546	0.493283	0.208428	0.844529
10998	6.426027	-1.153395	9.236452	0.163968	-0.393116	-0.088449	-0.661423	-0.537084	0.523508	0.563496	-0.816496	-0.125724	0.494966	0.211838	0.842694
10999	5.906010	-0.288874	9.046051	0.153197	-0.350304	-0.057755	-0.660011	-0.535843	0.526552	0.563840	-0.816499	-0.124157	0.496457	0.214946	0.841028
11000	6.306889	-0.051334	9.119045	0.103135	-0.310030	-0.020952	-0.658609	-0.534994	0.529165	0.564187	-0.816404	-0.123200	0.497923	0.217407	0.839527
11001	5.775866	-1.186712	8.782805	0.047038	-0.241058	-0.001121	-0.657412	-0.534438	0.531211	0.564380	-0.816327	-0.122825	0.499284	0.219058	0.838289
11002	5.108092	-1.975007	8.489136	0.054117	-0.228284	-0.004405	-0.656315	-0.533893	0.533112	0.564596	-0.816246	-0.122367	0.500481	0.220682	0.837149
11003	4.793749	-2.115976	8.453200	0.070512	-0.257265	-0.032364	-0.655208	-0.533038	0.535326	0.564703	-0.816282	-0.121629	0.501810	0.222608	0.835842
11004	5.202063	-2.271281	8.429630	0.094267	-0.295804	-0.048894	-0.654018	-0.531969	0.537838	0.564829	-0.816348	-0.120600	0.503219	0.224912	0.834377
11005	5.506806	-1.876763	8.450336	0.126899	-0.281327	-0.058351	-0.652929	-0.530835	0.540276	0.565052	-0.816391	-0.119253	0.504380	0.227420	0.832995
11006	5.642771	-1.594070	8.535355	0.126152	-0.263391	-0.066088	-0.651995	-0.529684	0.542530	0.565227	-0.816471	-0.117867	0.505392	0.229804	0.831727
11007	5.800520	-1.321062	8.571856	0.122655	-0.240186	-0.063109	-0.651135	-0.528592	0.544622	0.565402	-0.816542	-0.116530	0.506303	0.232054	0.830547
11008	5.692345	-1.028702	8.625002	0.119652	-0.221473	-0.057300	-0.650359	-0.527598	0.546510	0.565604	-0.816585	-0.115246	0.507076	0.234157	0.829485
11009	5.560141	-0.881190	8.697586	0.101097	-0.216971	-0.045832	-0.649516	-0.526692	0.548383	0.565785	-0.816609	-0.114182	0.507953	0.236104	0.828395
11010	7.419979	-0.587255	8.899611	0.071608	-0.227890	-0.018112	-0.648481	-0.525995	0.550274	0.566000	-0.816553	-0.113512	0.509035	0.237845	0.827232
11011	5.059560	-0.830620	8.503221	0.038521	-0.079170	0.008786	-0.648027	-0.525857	0.550941	0.566219	-0.816436	-0.113266	0.509369	0.238554	0.826822
11012	5.771892	-1.033775	8.543010	0.031421	-0.116008	0.015703	-0.647367	-0.525698	0.551867	0.566451	-0.816296	-0.113113	0.509950	0.239380	0.826225
11013	6.048571	-0.787748	8.635441	0.011551	-0.115953	0.024623	-0.646635	-0.525600	0.552819	0.566635	-0.816159	-0.113178	0.510674	0.240061	0.825580
11014	5.880021	-0.872878	8.551306	-0.029584	-0.080045	0.044520	-0.645993	-0.525762	0.553415	0.566743	-0.816013	-0.113689	0.511367	0.240202	0.825110
11015	5.679001	-1.122894	8.524855	-0.041648	-0.078653	0.049051	-0.645311	-0.525952	0.554029	0.566812	-0.815876	-0.114328	0.512150	0.240253	0.824609
11016	5.628518	-1.296625	8.503975	-0.037480	-0.080403	0.044999	-0.644663	-0.526117	0.554627	0.566882	-0.815746	-0.114906	0.512889	0.240332	0.824127
11017	5.566589	-1.387315	8.522172	-0.021435	-0.076500	0.040462	-0.644040	-0.526241	0.555232	0.566998	-0.815605	-0.115332	0.513543	0.240537	0.823660
11018	5.527438	-1.457218	8.522735	0.000957	-0.082370	0.037266	-0.643424	-0.526338	0.555854	0.567214	-0.815424	-0.115551	0.514075	0.240940	0.823210
11019	5.572312	-1.315102	8.517920	0.011624	-0.089355	0.033666	-0.642772	-0.526375	0.556572	0.567456	-0.815239	-0.115667	0.514623	0.241483	0.822708
11020	5.560465	-1.310504	8.528009	0.022289	-0.084743	0.033270	-0.642167	-0.526432	0.557217	0.567755	-0.815028	-0.115689	0.515050	0.242071	0.822268
11021	5.627894	-1.301637	8.475890	0.024600	-0.094067	0.036084	-0.641476	-0.526477	0.557970	0.568079	-0.814799	-0.115712	0.515553	0.242745	0.821754
11022	5.782206	-1.307562	8.417500	0.023941	-0.094093	0.034182	-0.640816	-0.526517	0.558690	0.568392	-0.814579	-0.115727	0.516029	0.243395	0.821263
11023	5.725700	-1.215492	8.461982	0.026667	-0.082993	0.032110	-0.640204	-0.526555	0.559356	0.568700	-0.814365	-0.115711	0.516449	0.244027	0.820811
11024	5.761698	-1.302132	8.403998	0.024171	-0.078236	0.030112	-0.639648	-0.526599	0.559950	0.568988	-0.814166	-0.115702	0.516821	0.244596	0.820408
11025	5.745654	-1.262145	8.479329	0.028337	-0.074184	0.027667	-0.639105	-0.526621	0.560549	0.569277	-0.813971	-0.115649	0.517173	0.245196	0.820007
11026	5.687428	-1.227648	8.463637	0.027050	-0.068405	0.025540	-0.638625	-0.526651	0.561067	0.569549	-0.813789	-0.115591	0.517466	0.245736	0.819660
11027	5.738520	-1.255485	8.486516	0.022114	-0.077292	0.020611	-0.638107	-0.526607	0.561698	0.569761	-0.813647	-0.115549	0.517873	0.246301	0.819233
11028	5.740684	-1.278794	8.485822	0.019473	-0.071263	0.021116	-0.637636	-0.526593	0.562245	0.569966	-0.813506	-0.115529	0.518227	0.246795	0.818861
11029	5.720135	-1.225629	8.471217	0.018986	-0.066737	0.018366	-0.637185	-0.526556	0.562792	0.570147	-0.813383	-0.115501	0.518583	0.247278	0.818489
11030	5.763158	-1.235695	8.437713	0.006997	-0.071376	0.015038	-0.636748	-0.526492	0.563346	0.570248	-0.813305	-0.115549	0.519008	0.247671	0.818101
11031	5.750099	-1.231044	8.448673	0.003155	-0.066359	0.015698	-0.636312	-0.526433	0.563892	0.570330	-0.813236	-0.115636	0.519452	0.248024	0.817712
11032	5.755493	-1.231574	8.444922	0.003056	-0.065365	0.011830	-0.635925	-0.526357	0.564401	0.570390	-0.813185	-0.115698	0.519861	0.248353	0.817353
11033	5.749151	-1.303826	8.451204	-0.003050	-0.063647	0.010293	-0.635534	-0.526261	0.564931	0.570405	-0.813159	-0.115805	0.520322	0.248641	0.816971
11034	5.728058	-1.251666	8.436867	0.001675	-0.058580	0.005861	-0.635214	-0.526152	0.565391	0.570420	-0.813143	-0.115846	0.520696	0.248923	0.816648
11035	5.748281	-1.185577	8.389323	-0.001423	-0.066443	0.002654	-0.634852	-0.525987	0.565952	0.570394	-0.813153	-0.115896	0.521165	0.249239	0.816252
11036	5.712449	-1.199562	8.418828	-0.005357	-0.060418	-0.000518	-0.634559	-0.525821	0.566434	0.570332	-0.813188	-0.115958	0.521591	0.249473	0.815908
11037	5.732661	-1.228872	8.403468	-0.000400	-0.069988	0.003339	-0.634173	-0.525652	0.567022	0.570316	-0.813193	-0.116004	0.522076	0.249815	0.815493
11038	5.727149	-1.205563	8.377011	-0.006128	-0.071807	0.000679	-0.633813	-0.525467	0.567595	0.570257	-0.813224	-0.116079	0.522578	0.250103	0.815084
11039	5.696303	-1.195495	8.402578	0.001280	-0.079609	-0.002102	-0.633408	-0.525229	0.568268	0.570216	-0.813252	-0.116080	0.523114	0.250509	0.814614
11040	5.782979	-1.133658	8.395671	-0.002799	-0.090772	-0.003831	-0.632974	-0.524960	0.569000	0.570145	-0.813299	-0.116102	0.523716	0.250923	0.814100
11041	5.729805	-1.200653	8.377430	-0.004569	-0.092817	-0.001728	-0.632496	-0.524691	0.569779	0.570076	-0.813340	-0.116153	0.524369	0.251351	0.813548
11042	5.770347	-1.263850	8.314672	0.002450	-0.097090	-0.003402	-0.632025	-0.524408	0.570562	0.570035	-0.813371	-0.116135	0.524981	0.251840	0.813002
11043	5.808536	-1.291782	8.316441	0.009533	-0.095807	-0.009783	-0.631576	-0.524066	0.571373	0.569989	-0.813419	-0.116025	0.525571	0.252398	0.812447
11044	5.738574	-1.293522	8.374679	0.013823	-0.093023	-0.014738	-0.631189	-0.523700	0.572135	0.569937	-0.813481	-0.115850	0.526091	0.252957	0.811936
11045	5.768424	-1.301535	8.320334	0.016994	-0.098348	-0.023689	-0.630805	-0.523236	0.572982	0.569842	-0.813583	-0.115600	0.526654	0.253588	0.811374
11046	5.740249	-1.288227	8.344864	0.021722	-0.105936	-0.027600	-0.630423	-0.522732	0.573862	0.569750	-0.813692	-0.115287	0.527211	0.254279	0.810797
11047	5.663176	-1.269869	8.346518	0.015324	-0.108050	-0.038464	-0.630071	-0.522122	0.574804	0.569554	-0.813875	-0.114965	0.527844	0.254945	0.810175
11048	5.869451	-1.247972	8.336815	0.019281	-0.127041	-0.041209	-0.629654	-0.521451	0.575869	0.569363	-0.814060	-0.114593	0.528547	0.255725	0.809471
11049	5.733436	-1.298520	8.483125	0.012981	-0.130174	-0.048248	-0.629238	-0.520703	0.576999	0.569093	-0.814299	-0.114233	0.529332	0.256486	0.808717
11050	5.658345	-1.337672	8.421670	0.017622	-0.162379	-0.061354	-0.628746	-0.519774	0.578371	0.568768	-0.814594	-0.113758	0.530265	0.257433	0.807804
11051	5.659270	-1.178799	8.422136	0.023168	-0.178382	-0.070200	-0.628197	-0.518720	0.579912	0.568414	-0.814919	-0.113188	0.531294	0.258526	0.806778
11052	5.749460	-1.129946	8.445281	0.012155	-0.217561	-0.067172	-0.627441	-0.517598	0.581730	0.568024	-0.815256	-0.112721	0.532604	0.259711	0.805533
11053	5.556103	-0.982244	8.672585	0.011974	-0.265818	-0.060372	-0.626364	-0.516391	0.583959	0.567674	-0.815558	-0.112296	0.534241	0.261160	0.803979
11054	5.677556	-1.105030	8.577809	-0.017656	-0.328617	-0.057542	-0.624951	-0.515050	0.586651	0.567186	-0.815922	-0.112122	0.536410	0.262669	0.802041
11055	5.753603	-1.100430	8.455108	-0.024355	-0.378897	-0.055564	-0.623227	-0.513576	0.589769	0.566674	-0.816293	-0.112013	0.538952	0.264397	0.799766
11056	5.774711	-1.166085	8.476200	-0.036122	-0.419690	-0.057507	-0.621305	-0.511982	0.593173	0.566087	-0.816704	-0.111983	0.541780	0.266212	0.797249
11057	5.777276	-1.190680	8.416643	-0.049754	-0.462907	-0.063866	-0.619149	-0.510201	0.596950	0.565385	-0.817185	-0.112021	0.544971	0.268149	0.794420
11058	5.753554	-1.089720	8.507867	-0.071148	-0.514727	-0.070104	-0.616751	-0.508232	0.601097	0.564529	-0.817754	-0.112186	0.548566	0.270146	0.791263
11059	5.746808	-1.078192	8.522608	-0.098330	-0.579485	-0.063625	-0.613917	-0.506118	0.605764	0.563561	-0.818364	-0.112600	0.552725	0.272258	0.787636
11060	5.722080	-1.202236	8.622466	-0.133178	-0.652792	-0.078334	-0.610755	-0.503682	0.610969	0.562308	-0.819144	-0.113190	0.557483	0.274422	0.783521
11061	5.668219	-1.224190	8.717481	-0.174702	-0.745137	-0.084288	-0.607051	-0.500915	0.616906	0.560781	-0.820071	-0.114059	0.563040	0.276709	0.778728
11062	5.597725	-1.158795	8.897537	-0.234976	-0.855359	-0.104222	-0.602812	-0.497673	0.623649	0.558785	-0.821264	-0.115255	0.569540	0.279009	0.773161
11063	5.471097	-1.000479	9.003206	-0.317950	-0.997349	-0.111766	-0.597713	-0.493938	0.631478	0.556255	-0.822731	-0.117022	0.577338	0.281317	0.766513
11064	5.326232	-0.951045	9.239460	-0.401145	-1.177691	-0.116653	-0.591530	-0.489641	0.640581	0.553193	-0.824458	-0.119358	0.586575	0.283761	0.758557
11065	5.182317	-0.964018	9.424357	-0.481416	-1.390732	-0.130219	-0.584011	-0.484577	0.651242	0.549541	-0.826487	-0.122165	0.597442	0.286538	0.748972
11066	4.986639	-1.066468	9.474715	-0.544473	-1.637619	-0.160320	-0.575027	-0.478524	0.663596	0.545291	-0.828848	-0.125176	0.609919	0.289873	0.737544
11067	5.040144	-1.063969	9.429071	-0.575475	-1.898245	-0.212406	-0.564465	-0.471194	0.677757	0.540493	-0.831558	-0.127975	0.623896	0.294086	0.724063
11068	5.113863	-1.052383	9.231729	-0.575174	-2.143375	-0.285855	-0.552496	-0.462449	0.693462	0.535232	-0.834618	-0.130152	0.638964	0.299254	0.708641
11069	5.140315	-1.062178	9.134667	-0.551333	-2.433780	-0.364560	-0.538683	-0.452014	0.710988	0.529636	-0.837975	-0.131466	0.655215	0.305747	0.690806
11070	5.388498	-1.312685	8.789467	-0.515813	-2.757965	-0.446373	-0.522754	-0.439721	0.730325	0.523810	-0.841581	-0.131773	0.672571	0.313666	0.670270
11071	5.855067	-1.736693	8.673878	-0.457523	-3.097652	-0.552150	-0.504504	-0.425175	0.751467	0.517815	-0.845448	-0.130709	0.690900	0.323178	0.646694
11072	6.175957	-2.290572	8.594077	-0.360932	-3.440835	-0.676531	-0.483923	-0.408127	0.774113	0.511909	-0.849473	-0.127846	0.709765	0.334408	0.620004
11073	6.392634	-2.606610	8.343901	-0.235533	-3.779195	-0.839394	-0.461002	-0.388068	0.798048	0.506209	-0.853640	-0.122683	0.728855	0.347422	0.589973
11074	8.245643	-2.892817	8.807591	-0.204779	-4.093529	-0.979151	-0.435734	-0.365187	0.822663	0.500267	-0.858075	-0.115933	0.748244	0.361035	0.556583
11075	11.011735	-3.906365	9.393259	-0.175373	-4.213335	-1.061546	-0.409081	-0.340532	0.846576	0.494413	-0.862489	-0.108024	0.766948	0.374367	0.521191
11076	12.452263	-2.931916	9.456950	-0.102143	-4.213799	-1.045501	-0.381585	-0.315450	0.868840	0.489441	-0.866332	-0.099582	0.784118	0.387247	0.484974
11077	12.989309	-2.649439	8.696234	-0.200308	-4.056778	-0.998074	-0.354297	-0.290831	0.888758	0.484140	-0.870167	-0.091749	0.800051	0.397777	0.449101
11078	12.708128	-1.977485	8.438588	-0.439253	-3.930810	-0.893143	-0.326883	-0.267272	0.906484	0.477498	-0.874449	-0.085638	0.815563	0.404851	0.413464
11079	11.775874	-1.819236	8.237394	-0.700885	-3.738833	-0.833411	-0.300039	-0.244733	0.921999	0.469075	-0.879455	-0.080793	0.830629	0.408245	0.378669
11080	10.157735	-1.405853	7.627743	-0.968588	-3.533931	-0.812552	-0.274244	-0.223153	0.935411	0.458571	-0.885336	-0.076763	0.845283	0.407900	0.345130
11081	8.701088	-1.484729	6.726190	-1.272141	-3.381646	-0.857597	-0.249274	-0.201778	0.947179	0.445437	-0.892343	-0.072868	0.859912	0.403744	0.312317
11082	7.180462	-1.705790	5.617160	-1.410801	-3.235015	-0.955845	-0.225473	-0.180273	0.957425	0.430882	-0.899846	-0.067959	0.873786	0.397215	0.280567
11083	6.461303	-1.736782	4.956548	-1.442220	-3.081322	-1.103227	-0.203008	-0.158156	0.966320	0.415782	-0.907405	-0.061165	0.886518	0.389361	0.249969
11084	5.163008	-1.545825	3.972663	-1.383307	-2.825797	-1.275681	-0.183066	-0.135674	0.973694	0.400919	-0.914633	-0.052067	0.897636	0.380840	0.221833
11085	3.633883	-0.931561	5.883530	-1.399477	-2.237770	-1.425313	-0.168465	-0.114150	0.979076	0.385742	-0.921691	-0.041087	0.907096	0.370749	0.199305
11086	9.872641	-1.781002	9.159548	-1.420692	-1.260808	-1.435838	-0.162472	-0.096297	0.982003	0.370363	-0.928410	-0.029765	0.914568	0.358862	0.186506
11087	14.624679	-5.124970	12.922932	-1.054764	0.542495	-1.102762	-0.171448	-0.087924	0.981262	0.358817	-0.933173	-0.020922	0.917527	0.348507	0.191539
11088	5.049253	-6.914836	9.466303	-0.519593	1.677083	-0.841967	-0.189896	-0.085887	0.978040	0.352462	-0.935725	-0.013737	0.916357	0.342113	0.207962
11089	-1.515807	-6.211421	6.254518	0.176205	2.031857	-0.673743	-0.210829	-0.086506	0.973688	0.352680	-0.935720	-0.006768	0.911684	0.341973	0.227786
11090	-2.810322	-3.477718	5.539435	0.578722	1.808612	-0.427535	-0.228865	-0.088777	0.969402	0.356910	-0.934138	-0.001285	0.905669	0.345695	0.245476
11091	-0.745203	-1.643343	6.395367	0.561958	1.530525	-0.000837	-0.242672	-0.094063	0.965537	0.361939	-0.932202	0.000152	0.900062	0.349502	0.260264
11092	2.154504	-1.211078	7.597277	0.364069	1.509305	0.568205	-0.254242	-0.104697	0.961457	0.366525	-0.930398	-0.004393	0.894998	0.351281	0.274920
11093	4.166610	-2.491451	8.455405	0.248379	1.761922	1.089606	-0.265928	-0.120989	0.956370	0.371532	-0.928313	-0.014132	0.889520	0.351564	0.291816
11094	5.072899	-3.663912	8.654803	0.409083	2.101834	1.424748	-0.279307	-0.141650	0.949696	0.378947	-0.925038	-0.026523	0.882262	0.352477	0.312047
11095	5.299611	-3.646276	8.623320	0.749171	2.404493	1.603938	-0.294224	-0.164935	0.941397	0.390078	-0.919944	-0.039262	0.872509	0.355666	0.335007
11096	5.610575	-2.529671	8.700904	1.055737	2.625118	1.688581	-0.310379	-0.189877	0.931457	0.404234	-0.913207	-0.051458	0.860383	0.360555	0.360195
11097	12.744771	1.016983	7.770278	1.224843	2.478235	1.721978	-0.324433	-0.214521	0.921262	0.420118	-0.905290	-0.062852	0.847493	0.366648	0.383830
11098	16.361244	1.127613	12.288644	0.941521	3.912683	1.282879	-0.351913	-0.240493	0.904611	0.432266	-0.898960	-0.070830	0.830243	0.366107	0.420313
11099	3.176045	1.225691	5.204764	0.979085	3.889590	1.011308	-0.379409	-0.263750	0.886840	0.443962	-0.892851	-0.075601	0.811755	0.365039	0.455850
11100	8.093573	1.410437	6.221790	0.929959	3.365647	0.660760	-0.403599	-0.281958	0.870407	0.453939	-0.887693	-0.077071	0.794385	0.364006	0.486263
11101	11.470786	1.609430	8.047058	0.618521	3.146484	0.482043	-0.426132	-0.297599	0.854310	0.460762	-0.884077	-0.078139	0.778530	0.360336	0.513856
11102	7.212149	-1.332873	5.552895	0.712690	3.261882	0.546980	-0.448824	-0.314167	0.836574	0.468573	-0.879882	-0.079040	0.760918	0.356521	0.542122
11103	8.296022	-2.979669	6.303876	0.721054	2.943253	0.649817	-0.467892	-0.330292	0.819747	0.476937	-0.875250	-0.080431	0.744049	0.353334	0.567051
11104	8.514982	-3.551374	6.671444	0.824533	2.757456	0.858337	-0.484159	-0.347537	0.803000	0.487017	-0.869472	-0.082665	0.726915	0.351051	0.590219
11105	8.249390	-3.593376	6.780479	0.913172	2.620009	1.130861	-0.497395	-0.366483	0.786313	0.499086	-0.862257	-0.086174	0.709585	0.349576	0.611789
11106	9.718718	-3.429594	7.107686	0.986962	2.561435	1.442050	-0.508165	-0.387830	0.768997	0.513176	-0.853415	-0.091291	0.691679	0.348240	0.632701
11107	9.681938	-3.852964	7.665851	0.948540	2.530478	1.684405	-0.516665	-0.410884	0.751153	0.528245	-0.843416	-0.098010	0.673806	0.346155	0.652812
11108	9.382952	-3.691002	7.267147	1.075855	2.558274	1.709549	-0.524613	-0.434073	0.732367	0.544213	-0.832525	-0.103604	0.654686	0.344212	0.672982
11109	8.790173	-1.888247	8.015529	1.058544	2.587272	1.667069	-0.532094	-0.456708	0.712948	0.559811	-0.821494	-0.108438	0.635207	0.341417	0.692782
11110	9.188898	-0.695859	8.201695	0.871881	2.659977	1.578183	-0.539911	-0.478626	0.692397	0.573645	-0.811210	-0.113444	0.615977	0.335940	0.712542
11111	8.624332	-0.283739	8.372376	0.590462	2.736414	1.398256	-0.548415	-0.498960	0.671029	0.584802	-0.802440	-0.118730	0.597702	0.327305	0.731863
11112	8.482980	0.030371	8.612952	0.288873	2.850131	1.154280	-0.558521	-0.517356	0.648380	0.592818	-0.795695	-0.124242	0.580190	0.314980	0.751111
11113	8.617917	0.457503	8.821463	-0.034470	2.965170	0.892082	-0.570170	-0.533517	0.624713	0.597620	-0.791137	-0.130203	0.563699	0.299103	0.769923
11114	8.461487	0.618725	8.848309	-0.353359	3.088318	0.617453	-0.583751	-0.547344	0.599708	0.599154	-0.788865	-0.136772	0.547950	0.279476	0.788444
11115	8.210606	0.662566	8.672212	-0.654457	3.184508	0.333554	-0.598968	-0.558491	0.573869	0.597554	-0.788797	-0.143971	0.533073	0.256683	0.806193
11116	8.167590	0.607822	8.619177	-0.931709	3.241175	0.071322	-0.615692	-0.566967	0.547241	0.593031	-0.790703	-0.151995	0.518881	0.230949	0.823058
11117	8.299133	0.242042	8.590010	-1.170918	3.261919	-0.139783	-0.633224	-0.572918	0.520378	0.586127	-0.794061	-0.161003	0.505454	0.203056	0.838621
11118	8.520703	-0.436082	8.379575	-1.351647	3.249333	-0.267143	-0.651079	-0.576914	0.493221	0.577621	-0.798169	-0.171116	0.492393	0.173484	0.852908
