// General information: 
//  MT Manager version: 2022.2.0 
//  XDA version: 2022.2.0 build 7381 rev 124627 built on 2023-07-19
// Device information: 
//  DeviceId: 00B4CAF0
//  ProductCode: MTW2-3A7G6
//  Firmware Version: 4.6.0
//  Hardware Version: 2.0.0
// Device settings: 
//  Filter Profile: human(46.1)
//  Option Flags: Orientation Smoother Disabled, Position/Velocity Smoother Disabled, Continuous Zero Rotation Update Disabled, AHS Disabled, ICC Disabled
// Coordinate system: ENU
PacketCounter	Acc_X	Acc_Y	Acc_Z	Gyr_X	Gyr_Y	Gyr_Z	Mat[1][1]	Mat[2][1]	Mat[3][1]	Mat[1][2]	Mat[2][2]	Mat[3][2]	Mat[1][3]	Mat[2][3]	Mat[3][3]
39246	5.704490	-1.395551	8.600560	-0.239521	-0.775708	-0.147119	-0.603337	-0.542994	0.584074	0.600082	-0.791490	-0.115949	0.525249	0.280536	0.803376
39247	5.841368	-1.529523	8.502497	-0.252631	-0.787946	-0.191834	-0.600328	-0.539220	0.590633	0.597553	-0.793269	-0.116855	0.531542	0.282783	0.798434
39248	5.903073	-1.718429	8.360751	-0.248811	-0.768413	-0.244725	-0.597678	-0.535075	0.597056	0.594731	-0.795307	-0.117395	0.537658	0.284923	0.793563
39249	5.812023	-1.649436	8.393242	-0.270071	-0.716805	-0.304190	-0.595613	-0.530569	0.603110	0.591416	-0.797728	-0.117715	0.543574	0.286576	0.788924
39250	5.581211	-1.862128	8.511210	-0.333987	-0.618661	-0.359267	-0.594345	-0.525906	0.608421	0.587431	-0.800599	-0.118179	0.549252	0.287166	0.784766
39251	5.249323	-2.199232	8.667019	-0.340071	-0.513457	-0.403811	-0.593881	-0.521157	0.612944	0.583115	-0.803718	-0.118383	0.554331	0.287111	0.781207
39252	4.931736	-2.219701	8.983266	-0.300765	-0.402304	-0.422086	-0.594101	-0.516571	0.616602	0.578893	-0.806799	-0.118144	0.558504	0.286757	0.778360
39253	4.424572	-2.349038	9.227874	-0.283337	-0.295298	-0.416321	-0.594853	-0.512325	0.619413	0.574790	-0.809780	-0.117781	0.561931	0.285970	0.776180
39254	4.220608	-2.424325	9.516927	-0.204123	-0.201452	-0.388968	-0.595954	-0.508561	0.621454	0.571282	-0.812377	-0.116960	0.564336	0.285323	0.774671
39255	3.792389	-2.326652	9.840523	-0.163694	-0.098876	-0.332972	-0.597297	-0.505535	0.622632	0.568329	-0.814560	-0.116164	0.565896	0.284476	0.773844
39256	3.365499	-2.460600	9.966958	-0.130860	-0.008184	-0.249109	-0.598669	-0.503447	0.623005	0.566057	-0.816216	-0.115635	0.566723	0.283429	0.773623
39257	3.295631	-2.420286	10.221776	-0.085877	0.079787	-0.133715	-0.599882	-0.502545	0.622567	0.564727	-0.817159	-0.115474	0.566767	0.282310	0.774000
39258	3.235873	-2.588773	10.400940	-0.098043	0.170849	0.029691	-0.600688	-0.503237	0.621230	0.564308	-0.817313	-0.116428	0.566330	0.280628	0.774931
39259	3.287278	-2.927122	10.401239	-0.098575	0.252139	0.227851	-0.600833	-0.505767	0.619031	0.565078	-0.816467	-0.118613	0.565409	0.278534	0.776358
39260	3.860613	-3.182170	10.332864	-0.076494	0.305960	0.449497	-0.600022	-0.510250	0.616131	0.567303	-0.814423	-0.121995	0.564039	0.276334	0.778138
39261	6.064496	-3.715861	10.947531	-0.066576	0.420625	0.662395	-0.598625	-0.516756	0.612055	0.570857	-0.811232	-0.126589	0.561934	0.273617	0.780618
39262	6.164041	-3.898102	11.081651	0.112461	0.726951	0.796960	-0.598129	-0.525152	0.605358	0.576214	-0.806801	-0.130572	0.556973	0.270717	0.785171
39263	5.342394	-3.466971	10.654427	0.302612	0.923659	0.828234	-0.598445	-0.534267	0.597011	0.582803	-0.801627	-0.133175	0.549731	0.268242	0.791102
39264	4.739394	-2.507227	10.105428	0.450703	1.009258	0.806765	-0.599227	-0.543380	0.587933	0.590052	-0.796102	-0.134388	0.541079	0.266382	0.797668
39265	4.597091	-1.625974	9.784680	0.475104	1.030806	0.779468	-0.600137	-0.552266	0.578652	0.597235	-0.790600	-0.135139	0.532114	0.264490	0.804301
39266	4.766690	-1.374881	9.651977	0.386798	1.036769	0.761020	-0.601049	-0.560962	0.569265	0.603808	-0.785374	-0.136398	0.523600	0.261744	0.810761
39267	4.956262	-1.481815	9.560211	0.300560	1.034578	0.723249	-0.602043	-0.569280	0.559878	0.609680	-0.780534	-0.138046	0.515591	0.258237	0.816994
39268	5.178172	-1.618114	9.434002	0.251023	1.048812	0.668616	-0.603326	-0.577143	0.550367	0.614955	-0.776086	-0.139715	0.507768	0.254158	0.823150
39269	5.163339	-1.560641	9.319418	0.215568	1.069865	0.587347	-0.605099	-0.584351	0.540730	0.619551	-0.772161	-0.141149	0.500011	0.249600	0.829270
39270	4.988340	-1.413917	9.143819	0.164315	1.081016	0.499747	-0.607369	-0.590845	0.531042	0.623358	-0.768847	-0.142477	0.492472	0.244493	0.835281
39271	4.965441	-1.216822	9.041696	0.075501	1.077642	0.419868	-0.610023	-0.596638	0.521435	0.626244	-0.766201	-0.144066	0.485480	0.238662	0.841041
39272	5.144400	-1.073574	9.024674	-0.045639	1.083599	0.361123	-0.612996	-0.601923	0.511786	0.628194	-0.764171	-0.146335	0.479175	0.231798	0.846558
39273	5.179981	-1.238452	8.852641	-0.168271	1.100995	0.316755	-0.616257	-0.606817	0.501996	0.629301	-0.762670	-0.149383	0.473505	0.223848	0.851872
39274	5.036481	-1.378877	8.581282	-0.236240	1.106280	0.266483	-0.619800	-0.611251	0.492159	0.629798	-0.761592	-0.152745	0.468190	0.215289	0.857000
39275	4.945822	-1.420650	8.418630	-0.274924	1.094462	0.211610	-0.623573	-0.615138	0.482454	0.629795	-0.760903	-0.156154	0.463157	0.206474	0.861890
39276	5.126515	-1.260771	8.331654	-0.321398	1.089542	0.170707	-0.627530	-0.618610	0.472788	0.629345	-0.760526	-0.159767	0.458401	0.197288	0.866572
39277	5.157228	-1.224630	8.161797	-0.382302	1.103309	0.144218	-0.631665	-0.621798	0.462997	0.628470	-0.760395	-0.163779	0.453898	0.187526	0.871097
39278	5.080708	-1.193349	7.855202	-0.446394	1.106196	0.119983	-0.635922	-0.624702	0.453158	0.627177	-0.760488	-0.168248	0.449725	0.177218	0.875409
39279	4.960755	-1.205509	7.622555	-0.500881	1.094403	0.098409	-0.640216	-0.627300	0.443416	0.625523	-0.760761	-0.173100	0.445920	0.166546	0.879442
39280	5.009679	-1.148249	7.405994	-0.552080	1.079910	0.105680	-0.644364	-0.629818	0.433734	0.623713	-0.761011	-0.178451	0.442468	0.155538	0.883193
39281	5.037346	-1.293729	7.165204	-0.598096	1.062443	0.131582	-0.648239	-0.632382	0.424123	0.621888	-0.761104	-0.184326	0.439366	0.144270	0.886647
39282	5.051382	-1.560868	6.940957	-0.583236	1.028309	0.182211	-0.651621	-0.635169	0.414669	0.620481	-0.760784	-0.190293	0.436342	0.133295	0.889853
39283	5.060037	-1.722565	6.810068	-0.531019	0.974853	0.264097	-0.654231	-0.638397	0.405500	0.619858	-0.759809	-0.196128	0.433310	0.123039	0.892807
39284	5.138617	-1.794077	6.657396	-0.445183	0.898991	0.375479	-0.655796	-0.642286	0.396737	0.620357	-0.757957	-0.201638	0.430219	0.113885	0.895512
39285	5.231696	-1.809474	6.409912	-0.337405	0.808108	0.499140	-0.656169	-0.646922	0.388502	0.622147	-0.755137	-0.206643	0.427054	0.106113	0.897978
39286	3.805308	-1.993869	7.155737	-0.237383	0.701178	0.628982	-0.655241	-0.652356	0.380908	0.625223	-0.751320	-0.211221	0.423974	0.099752	0.900164
39287	3.953174	-5.118787	-1.963467	-0.278980	-0.543935	0.365875	-0.650641	-0.654526	0.385048	0.626384	-0.749236	-0.215149	0.429312	0.101203	0.897468
39288	6.210773	-1.113430	1.420554	2.046181	-1.211986	0.275743	-0.643740	-0.655192	0.395377	0.636862	-0.745148	-0.197890	0.424271	0.124411	0.896948
39289	16.496269	7.067434	3.266014	1.617583	-1.328564	0.214258	-0.636752	-0.654965	0.406900	0.645045	-0.741592	-0.184278	0.422449	0.145130	0.894692
39290	12.051254	2.656100	0.933433	-0.588794	-1.495730	0.219006	-0.628935	-0.654348	0.419844	0.643865	-0.741057	-0.190452	0.435750	0.150541	0.887389
39291	6.532757	0.062984	12.215543	0.421092	-1.445865	-0.373266	-0.625002	-0.649282	0.433367	0.643336	-0.742858	-0.185152	0.442145	0.163080	0.881993
39292	8.528172	0.667378	14.957328	0.372234	-0.917709	-0.670836	-0.625247	-0.642719	0.442694	0.640754	-0.746598	-0.178956	0.445533	0.171766	0.878633
39293	5.179775	-2.273077	9.212414	-0.272454	-0.945873	-0.555694	-0.624554	-0.636885	0.452006	0.636020	-0.750655	-0.178874	0.453223	0.175768	0.873896
39294	6.217120	-4.450852	10.004381	-0.144750	-1.171372	-0.295378	-0.621083	-0.632538	0.462766	0.633478	-0.752818	-0.178802	0.461477	0.182101	0.868261
39295	12.102132	-5.759867	9.846061	0.303162	-0.924374	-0.536836	-0.620204	-0.626737	0.471749	0.631513	-0.755662	-0.173683	0.465337	0.190197	0.864457
39296	5.394238	-0.985358	9.167595	1.216303	-0.373345	-0.428624	-0.621201	-0.622734	0.475723	0.634439	-0.755987	-0.161155	0.459997	0.201707	0.864706
39297	2.617758	-0.457939	8.846289	0.332510	-0.706768	-0.436189	-0.620716	-0.617950	0.482545	0.633225	-0.758040	-0.156210	0.462318	0.208598	0.861829
39298	6.868834	-1.384619	9.291057	0.446080	-0.836523	-0.433641	-0.619594	-0.612846	0.490431	0.632562	-0.759790	-0.150280	0.464723	0.217115	0.858425
39299	7.276866	0.105569	9.585860	0.467122	-0.600350	-0.334763	-0.618929	-0.608944	0.496100	0.632624	-0.760833	-0.144639	0.465526	0.224323	0.856134
39300	6.129133	-1.108502	8.984783	0.165543	-0.512798	-0.263094	-0.618210	-0.605746	0.500888	0.631728	-0.762087	-0.141929	0.467692	0.228683	0.853796
39301	6.164374	-1.676091	8.984134	0.230401	-0.459201	-0.206652	-0.617374	-0.603077	0.505121	0.631492	-0.762833	-0.138938	0.469114	0.233203	0.851791
39302	6.151331	-1.105295	9.088746	0.258106	-0.396090	-0.156685	-0.616514	-0.600916	0.508734	0.631696	-0.763200	-0.135964	0.469968	0.237542	0.850120
39303	6.258616	-0.849237	9.093426	0.182115	-0.325060	-0.112928	-0.615707	-0.599244	0.511675	0.631819	-0.763471	-0.133854	0.470860	0.240871	0.848688
39304	5.820732	-1.047358	8.909327	0.120686	-0.265430	-0.081637	-0.614983	-0.597944	0.514061	0.631844	-0.763699	-0.132428	0.471772	0.243366	0.847469
39305	5.735673	-1.132562	8.828326	0.113468	-0.246321	-0.053912	-0.614169	-0.596897	0.516246	0.632010	-0.763773	-0.131202	0.472609	0.245692	0.846331
39306	5.704676	-1.104296	8.839965	0.086543	-0.221524	-0.036944	-0.613365	-0.596035	0.518194	0.632152	-0.763811	-0.130294	0.473462	0.247659	0.845280
39307	5.495764	-1.377809	8.655542	0.047160	-0.201694	-0.022485	-0.612561	-0.595329	0.519954	0.632199	-0.763857	-0.129792	0.474440	0.249209	0.844276
39308	5.380521	-1.517125	8.631449	0.047586	-0.206139	-0.011887	-0.611667	-0.594689	0.521736	0.632312	-0.763840	-0.129344	0.475442	0.250784	0.843245
39309	5.706233	-1.484884	8.649521	0.063893	-0.194128	-0.007379	-0.610799	-0.594111	0.523408	0.632532	-0.763753	-0.128780	0.476264	0.252414	0.842294
39310	5.391795	-1.578638	8.541650	0.051274	-0.174798	-0.011950	-0.610052	-0.593543	0.524922	0.632663	-0.763726	-0.128300	0.477048	0.253829	0.841425
39311	5.572978	-1.532031	8.540646	0.077729	-0.178668	-0.014444	-0.609299	-0.592945	0.526470	0.632907	-0.763643	-0.127583	0.477685	0.255470	0.840566
39312	5.585854	-1.424529	8.582111	0.074433	-0.152228	-0.010730	-0.608650	-0.592439	0.527789	0.633156	-0.763548	-0.126916	0.478182	0.256925	0.839840
39313	5.630411	-1.430553	8.578244	0.076575	-0.142105	-0.009435	-0.608039	-0.591968	0.529021	0.633427	-0.763436	-0.126236	0.478601	0.258339	0.839167
39314	5.521513	-1.256068	8.590323	0.078541	-0.128440	-0.005902	-0.607472	-0.591556	0.530132	0.633726	-0.763300	-0.125561	0.478926	0.259684	0.838567
39315	5.505271	-1.269817	8.588457	0.067552	-0.133132	-0.005521	-0.606878	-0.591134	0.531282	0.633977	-0.763186	-0.124978	0.479345	0.260974	0.837926
39316	5.657202	-1.085304	8.657709	0.075535	-0.132077	-0.000745	-0.606259	-0.590748	0.532415	0.634294	-0.763025	-0.124355	0.479709	0.262316	0.837299
39317	5.700070	-1.093735	8.654209	0.036799	-0.124574	0.009213	-0.605612	-0.590458	0.533473	0.634488	-0.762904	-0.124109	0.480270	0.263321	0.836662
39318	5.624728	-1.229309	8.563339	0.024553	-0.116838	0.013131	-0.604978	-0.590215	0.534461	0.634644	-0.762793	-0.123988	0.480862	0.264183	0.836050
39319	5.844794	-1.190566	8.678719	0.027016	-0.132758	0.012409	-0.604269	-0.589925	0.535581	0.634811	-0.762679	-0.123841	0.481533	0.265160	0.835354
39320	5.568036	-1.182259	8.555189	0.012477	-0.069678	0.019750	-0.603818	-0.589856	0.536165	0.634949	-0.762561	-0.123857	0.481916	0.265651	0.834977
39321	5.505127	-1.262374	8.554044	0.000843	-0.114137	0.019634	-0.603152	-0.589669	0.537120	0.635033	-0.762473	-0.123967	0.482639	0.266318	0.834347
39322	5.483737	-1.341591	8.536755	-0.004891	-0.116667	0.020914	-0.602466	-0.589483	0.538094	0.635095	-0.762394	-0.124134	0.483415	0.266954	0.833694
39323	5.427200	-1.464997	8.500856	0.006412	-0.119167	0.015930	-0.601797	-0.589253	0.539094	0.635183	-0.762314	-0.124179	0.484131	0.267693	0.833041
39324	5.466673	-1.636041	8.432346	0.012004	-0.133132	0.005931	-0.601124	-0.588906	0.540221	0.635236	-0.762278	-0.124125	0.484897	0.268553	0.832319
39325	5.539580	-1.487292	8.406017	0.046674	-0.127350	-0.004741	-0.600546	-0.588494	0.541313	0.635395	-0.762211	-0.123723	0.485405	0.269647	0.831669
39326	5.585612	-1.438929	8.418071	0.036787	-0.123879	-0.006225	-0.599994	-0.588077	0.542377	0.635496	-0.762180	-0.123397	0.485956	0.270641	0.831024
39327	5.530199	-1.547824	8.423831	0.045762	-0.129067	-0.013847	-0.599463	-0.587588	0.543493	0.635596	-0.762168	-0.122954	0.486479	0.271736	0.830360
39328	5.745987	-1.399493	8.455263	0.070656	-0.120395	-0.016706	-0.598993	-0.587098	0.544539	0.635799	-0.762106	-0.122290	0.486792	0.272966	0.829773
39329	5.743101	-1.283266	8.467582	0.059701	-0.105991	-0.018632	-0.598605	-0.586633	0.545467	0.635940	-0.762082	-0.121705	0.487087	0.274031	0.829249
39330	5.890556	-1.247532	8.512223	0.059555	-0.089442	-0.013596	-0.598266	-0.586249	0.546251	0.636107	-0.762030	-0.121151	0.487285	0.274994	0.828814
39331	5.960257	-1.076338	8.569888	0.056937	-0.074014	-0.007160	-0.597959	-0.585957	0.546900	0.636303	-0.761946	-0.120651	0.487404	0.275849	0.828459
39332	5.948791	-0.919582	8.617952	0.040884	-0.046324	0.013862	-0.597655	-0.585900	0.547293	0.636544	-0.761784	-0.120402	0.487463	0.276417	0.828235
39333	5.762513	-1.133292	8.494510	-0.004238	-0.041343	0.024143	-0.597309	-0.585936	0.547632	0.636629	-0.761685	-0.120581	0.487776	0.276615	0.827985
39334	5.731214	-1.159911	8.556493	0.008278	-0.040325	0.029973	-0.596932	-0.586018	0.547956	0.636807	-0.761519	-0.120690	0.488006	0.276899	0.827755
39335	5.694565	-1.273798	8.479680	-0.014593	-0.040185	0.026625	-0.596575	-0.586075	0.548283	0.636856	-0.761433	-0.120968	0.488378	0.277011	0.827498
39336	5.619137	-1.279260	8.507901	-0.007803	-0.044606	0.022238	-0.596225	-0.586086	0.548652	0.636910	-0.761357	-0.121168	0.488735	0.277198	0.827224
39337	5.666436	-1.323423	8.455956	-0.030241	-0.059185	0.015673	-0.595845	-0.586008	0.549148	0.636817	-0.761379	-0.121516	0.489320	0.277302	0.826843
39338	5.695032	-1.364012	8.431670	-0.024838	-0.060620	0.014217	-0.595468	-0.585913	0.549658	0.636738	-0.761397	-0.121813	0.489880	0.277453	0.826461
39339	5.714929	-1.337607	8.391805	-0.028397	-0.059832	0.008826	-0.595127	-0.585781	0.550168	0.636613	-0.761455	-0.122108	0.490457	0.277575	0.826078
39340	5.719557	-1.239004	8.437156	-0.008909	-0.051722	0.009096	-0.594825	-0.585671	0.550611	0.636582	-0.761459	-0.122245	0.490862	0.277795	0.825763
39341	5.712407	-1.312895	8.436795	-0.018333	-0.047833	0.005562	-0.594564	-0.585547	0.551025	0.636487	-0.761507	-0.122438	0.491303	0.277923	0.825458
39342	5.715475	-1.324082	8.392832	-0.008274	-0.043912	0.009281	-0.594299	-0.585461	0.551403	0.636460	-0.761509	-0.122571	0.491658	0.278102	0.825186
39343	5.737268	-1.338334	8.321030	0.003170	-0.034887	0.003080	-0.594116	-0.585353	0.551713	0.636455	-0.761512	-0.122573	0.491884	0.278318	0.824978
39344	5.768598	-1.398948	8.347630	0.011681	-0.027348	0.000422	-0.593989	-0.585245	0.551964	0.636474	-0.761510	-0.122492	0.492014	0.278552	0.824822
39345	5.725974	-1.374690	8.313388	0.036117	-0.014929	-0.003862	-0.593949	-0.585141	0.552118	0.636590	-0.761462	-0.122184	0.491912	0.278902	0.824764
39346	5.724235	-1.318521	8.387736	0.044167	-0.011792	-0.000893	-0.593907	-0.585066	0.552243	0.636760	-0.761376	-0.121828	0.491743	0.279292	0.824733
39347	5.716851	-1.338530	8.364770	0.052041	-0.006017	-0.008991	-0.593943	-0.584947	0.552330	0.636924	-0.761314	-0.121361	0.491486	0.279711	0.824744
39348	5.734099	-1.375610	8.404076	0.065669	0.001145	-0.003402	-0.593981	-0.584889	0.552351	0.637185	-0.761183	-0.120814	0.491103	0.280189	0.824810
39349	5.737351	-1.220800	8.427723	0.071528	0.000053	-0.007014	-0.594034	-0.584802	0.552385	0.637456	-0.761053	-0.120196	0.490686	0.280721	0.824878
39350	5.733069	-1.181342	8.420698	0.065348	-0.000774	-0.005262	-0.594074	-0.584725	0.552424	0.637704	-0.760933	-0.119642	0.490316	0.281207	0.824932
39351	5.686423	-1.192213	8.455042	0.053767	-0.000165	-0.002048	-0.594095	-0.584675	0.552454	0.637917	-0.760824	-0.119198	0.490013	0.281605	0.824976
39352	5.698537	-1.206753	8.445206	0.044022	-0.006246	-0.000419	-0.594078	-0.584619	0.552533	0.638089	-0.760736	-0.118846	0.489811	0.281961	0.824975
39353	5.668551	-1.180173	8.483559	0.043067	-0.020015	0.001051	-0.593982	-0.584537	0.552723	0.638267	-0.760638	-0.118508	0.489694	0.282393	0.824896
39354	5.596288	-1.213013	8.521829	0.039500	-0.025287	0.000919	-0.593862	-0.584437	0.552957	0.638425	-0.760554	-0.118200	0.489634	0.282826	0.824783
39355	5.618349	-1.315906	8.443530	0.013339	-0.045598	0.000053	-0.593648	-0.584275	0.553359	0.638452	-0.760547	-0.118102	0.489859	0.283182	0.824528
39356	5.655169	-1.317067	8.484707	0.032469	-0.052477	-0.004395	-0.593429	-0.584057	0.553823	0.638543	-0.760513	-0.117823	0.490005	0.283720	0.824256
39357	5.672387	-1.232084	8.519698	0.023919	-0.067034	-0.009770	-0.593171	-0.583759	0.554413	0.638564	-0.760533	-0.117583	0.490289	0.284281	0.823894
39358	5.603906	-1.276273	8.513840	0.007499	-0.081292	-0.012270	-0.592861	-0.583399	0.555123	0.638487	-0.760616	-0.117467	0.490765	0.284797	0.823432
39359	5.646510	-1.239935	8.485307	0.008828	-0.097410	-0.018042	-0.592507	-0.582950	0.555972	0.638385	-0.760726	-0.117305	0.491325	0.285420	0.822882
39360	5.545518	-1.228374	8.508394	-0.000501	-0.116266	-0.021370	-0.592082	-0.582420	0.556980	0.638214	-0.760885	-0.117203	0.492059	0.286078	0.822215
39361	5.581640	-1.255467	8.521476	-0.016502	-0.149393	-0.023601	-0.591505	-0.581779	0.558261	0.637955	-0.761100	-0.117218	0.493088	0.286810	0.821343
39362	5.642293	-1.330489	8.471401	-0.022157	-0.160541	-0.034320	-0.590942	-0.581021	0.559645	0.637601	-0.761396	-0.117221	0.494220	0.287559	0.820400
39363	5.768036	-1.311783	8.323580	-0.013746	-0.183351	-0.039265	-0.590293	-0.580160	0.561220	0.637263	-0.761694	-0.117125	0.495429	0.288507	0.819337
39364	5.841488	-1.313113	8.268562	-0.016279	-0.172440	-0.048394	-0.589756	-0.579258	0.562715	0.636855	-0.762055	-0.116999	0.496592	0.289367	0.818329
39365	5.901033	-1.332804	8.291436	-0.005223	-0.165401	-0.056589	-0.589303	-0.578313	0.564160	0.636457	-0.762428	-0.116733	0.497640	0.290272	0.817372
39366	5.813102	-1.397052	8.286433	-0.028082	-0.156774	-0.072482	-0.588993	-0.577269	0.565551	0.635848	-0.762961	-0.116566	0.498783	0.290948	0.816434
39367	5.861065	-1.488513	8.313106	-0.023356	-0.149483	-0.093941	-0.588852	-0.576083	0.566906	0.635139	-0.763601	-0.116235	0.499851	0.291619	0.815541
39368	5.807619	-1.414687	8.333547	-0.005156	-0.144502	-0.110524	-0.588840	-0.574781	0.568238	0.634421	-0.764285	-0.115663	0.500777	0.292395	0.814695
39369	5.683477	-1.265581	8.483781	-0.006655	-0.161804	-0.118596	-0.588790	-0.573366	0.569718	0.633651	-0.765016	-0.115052	0.501811	0.293260	0.813747
39370	5.534723	-1.074533	8.754103	-0.013773	-0.204964	-0.119441	-0.588526	-0.571814	0.571547	0.632836	-0.765773	-0.114495	0.503146	0.294312	0.812542
39371	5.222060	-1.133588	8.985103	-0.038207	-0.326635	-0.115547	-0.587618	-0.569930	0.574356	0.631925	-0.766576	-0.114154	0.505347	0.295871	0.810607
39372	5.262706	-1.204069	9.039163	-0.080255	-0.441931	-0.123385	-0.586166	-0.567637	0.578099	0.630752	-0.767549	-0.114104	0.508489	0.297753	0.807949
39373	5.006641	-1.000511	9.324179	-0.116577	-0.603042	-0.134795	-0.583944	-0.564764	0.583139	0.629330	-0.768691	-0.114271	0.512790	0.300259	0.804295
39374	4.769631	-0.952930	9.580010	-0.213171	-0.829776	-0.143038	-0.580571	-0.561124	0.589981	0.627355	-0.770172	-0.115152	0.519002	0.303274	0.799163
39375	4.633477	-1.022947	9.702933	-0.332472	-1.086917	-0.161740	-0.575904	-0.556526	0.598843	0.624641	-0.772121	-0.116845	0.527407	0.306770	0.792297
39376	4.539519	-1.071495	9.879284	-0.454721	-1.371508	-0.184699	-0.569756	-0.550828	0.609891	0.621119	-0.774579	-0.119322	0.538135	0.310831	0.783451
39377	4.710112	-1.206238	9.765122	-0.555980	-1.669868	-0.219430	-0.562026	-0.543859	0.623173	0.616810	-0.777552	-0.122302	0.551064	0.315642	0.772462
39378	4.965171	-1.184993	9.489097	-0.594855	-1.938510	-0.251071	-0.552753	-0.535692	0.638356	0.612048	-0.780834	-0.125283	0.565563	0.321454	0.759478
39379	5.208297	-1.137471	9.237031	-0.571516	-2.169959	-0.310945	-0.542214	-0.526171	0.655094	0.607029	-0.784372	-0.127576	0.580964	0.328488	0.744699
39380	5.537450	-1.127781	8.720449	-0.505092	-2.359835	-0.398340	-0.530732	-0.515154	0.673008	0.601877	-0.788157	-0.128657	0.596715	0.336785	0.728359
39381	5.913965	-1.284128	8.301424	-0.432382	-2.505702	-0.495669	-0.518556	-0.502645	0.691699	0.596622	-0.792186	-0.128389	0.612489	0.346106	0.710682
39382	6.488565	-1.636548	8.170675	-0.406889	-2.644371	-0.582685	-0.505613	-0.488698	0.711006	0.591072	-0.796533	-0.127159	0.628482	0.355963	0.691593
39383	6.771606	-2.225668	8.065895	-0.333372	-2.778476	-0.688670	-0.491984	-0.473120	0.730828	0.585474	-0.801079	-0.124466	0.644339	0.366646	0.671117
39384	6.907465	-2.378789	7.631749	-0.192923	-2.923955	-0.797122	-0.477568	-0.455784	0.751126	0.580310	-0.805531	-0.119834	0.659673	0.378657	0.649192
39385	8.200313	-2.357802	7.483193	-0.149348	-3.017524	-0.873425	-0.462482	-0.437078	0.771410	0.575168	-0.810034	-0.114133	0.674754	0.390905	0.626019
39386	10.215826	-2.712904	8.172082	-0.208032	-2.974989	-0.896540	-0.447322	-0.417964	0.790702	0.569628	-0.814722	-0.108407	0.689512	0.401913	0.602527
39387	10.616254	-2.412814	8.060682	-0.153808	-2.783282	-0.863559	-0.432846	-0.399543	0.808090	0.564716	-0.818907	-0.102407	0.702667	0.412015	0.580089
39388	10.776123	-2.207738	7.686817	-0.310575	-2.642248	-0.822449	-0.418729	-0.381763	0.823968	0.558969	-0.823441	-0.097458	0.715695	0.419764	0.558193
39389	10.499645	-2.376661	6.840213	-0.367560	-2.511097	-0.830222	-0.405216	-0.364247	0.838525	0.552855	-0.828121	-0.092561	0.728115	0.426075	0.536943
39390	10.321279	-1.858844	7.035827	-0.415848	-2.348105	-0.825938	-0.392521	-0.347287	0.851656	0.546465	-0.832870	-0.087765	0.739799	0.430951	0.516700
39391	9.254849	-1.782296	6.699625	-0.547814	-2.223479	-0.854093	-0.380577	-0.330496	0.863675	0.539038	-0.838161	-0.083206	0.751398	0.433887	0.497135
39392	8.658443	-1.969152	6.133071	-0.637685	-2.126923	-0.924272	-0.369417	-0.313440	0.874807	0.530701	-0.843937	-0.078273	0.762815	0.435346	0.478108
39393	8.646683	-2.043579	6.058998	-0.667981	-2.032140	-1.006491	-0.359098	-0.296022	0.885110	0.521862	-0.849940	-0.072535	0.773763	0.435858	0.459695
39394	8.159219	-2.128060	6.086222	-0.667439	-1.861987	-1.108669	-0.350330	-0.278415	0.894290	0.512688	-0.856060	-0.065672	0.783849	0.435485	0.442644
39395	7.212413	-2.344303	6.212473	-0.661548	-1.587626	-1.219541	-0.344005	-0.260993	0.901966	0.503198	-0.862250	-0.057584	0.792750	0.434058	0.427950
39396	5.968059	-3.241219	6.324445	-0.539208	-1.228297	-1.314031	-0.340777	-0.244267	0.907857	0.494362	-0.867932	-0.047959	0.799673	0.432467	0.416528
39397	5.226131	-3.852233	7.734444	-0.367074	-0.886549	-1.237212	-0.339734	-0.229630	0.912059	0.487167	-0.872473	-0.038198	0.804518	0.431348	0.408277
39398	3.637428	-5.691733	8.649525	-0.256549	-0.487235	-0.939032	-0.340354	-0.219288	0.914370	0.481863	-0.875710	-0.030654	0.807445	0.430168	0.403718
39399	7.273437	-7.550742	8.857204	0.139311	-0.419019	-0.342362	-0.338614	-0.214441	0.916164	0.481784	-0.875875	-0.026944	0.808223	0.432270	0.399898
39400	6.486171	-7.209600	10.263422	0.598562	0.295579	0.320378	-0.339442	-0.218493	0.914899	0.487652	-0.872606	-0.027466	0.804347	0.436830	0.402748
39401	2.827551	-6.636453	8.817300	0.922589	0.517731	0.786415	-0.339711	-0.227570	0.912583	0.497674	-0.866814	-0.030897	0.798071	0.443673	0.407722
39402	2.192184	-4.418782	8.756413	1.261186	0.578826	1.111172	-0.338701	-0.239722	0.909843	0.511412	-0.858588	-0.035838	0.789772	0.453166	0.413401
39403	3.039363	-2.660167	9.287258	1.281683	0.635010	1.340385	-0.336733	-0.254035	0.906685	0.525965	-0.849436	-0.042658	0.781007	0.462520	0.419646
39404	3.902396	-1.709910	9.929309	1.158530	0.807893	1.478462	-0.335130	-0.270265	0.902577	0.539886	-0.840184	-0.051121	0.772147	0.470156	0.427484
39405	4.465897	-1.412077	10.135800	1.028401	1.046209	1.486926	-0.335036	-0.287599	0.897239	0.552723	-0.831199	-0.060039	0.763052	0.475809	0.437444
39406	4.652212	-1.251883	10.140088	0.993215	1.303259	1.397923	-0.337110	-0.305360	0.890568	0.564911	-0.822335	-0.068126	0.753148	0.480126	0.449719
39407	4.832573	-0.941123	10.029632	0.964708	1.538029	1.240442	-0.341533	-0.322875	0.882670	0.576295	-0.813820	-0.074703	0.742454	0.483165	0.464018
39408	5.074450	-0.805871	10.005277	0.907965	1.758539	1.065050	-0.348306	-0.339987	0.873551	0.586621	-0.805924	-0.079767	0.731135	0.484660	0.480152
39409	5.526948	-1.027509	9.851702	0.841947	1.976754	0.917377	-0.357218	-0.356887	0.863150	0.595925	-0.798677	-0.083603	0.719214	0.484507	0.497979
39410	5.833211	-1.628313	9.587600	0.714826	2.182957	0.833431	-0.367795	-0.374046	0.851362	0.604008	-0.792203	-0.087118	0.707037	0.482187	0.517295
39411	5.852156	-2.312314	9.263315	0.710168	2.357013	0.802889	-0.379427	-0.391666	0.838232	0.611944	-0.785747	-0.090145	0.693945	0.478747	0.537812
39412	6.101208	-2.713867	9.053282	0.712553	2.471241	0.838395	-0.391252	-0.409983	0.823915	0.620035	-0.779018	-0.093207	0.680057	0.474389	0.558997
39413	6.511853	-2.783551	8.980345	0.718428	2.581268	0.953279	-0.402669	-0.429514	0.808316	0.628614	-0.771659	-0.096886	0.665358	0.469107	0.580722
39414	7.143012	-3.031165	8.806472	0.676523	2.677858	1.126207	-0.413166	-0.450614	0.791353	0.637624	-0.763579	-0.101894	0.650176	0.462487	0.602808
39415	7.248183	-3.312331	8.586534	0.768911	2.751176	1.350457	-0.422152	-0.473453	0.773065	0.648164	-0.753842	-0.107733	0.633775	0.455593	0.625111
39416	7.713436	-3.964904	7.605708	0.844605	2.736632	1.551302	-0.429129	-0.497415	0.753940	0.660014	-0.742521	-0.114213	0.616627	0.448599	0.646938
39417	6.605137	-3.045748	7.710854	1.226708	2.665967	1.681152	-0.434094	-0.521644	0.734472	0.674678	-0.728512	-0.118657	0.596969	0.444024	0.668185
39418	6.709343	-1.255253	8.401858	1.303685	2.589653	1.694512	-0.437749	-0.545289	0.714867	0.689684	-0.713742	-0.122103	0.576812	0.439582	0.688517
39419	7.891096	-0.538530	9.500566	1.007046	2.621667	1.588737	-0.441580	-0.567916	0.694607	0.702349	-0.700544	-0.126268	0.558312	0.432099	0.708222
39420	7.901499	-1.413493	9.567156	0.700492	2.773060	1.421715	-0.446783	-0.589608	0.672865	0.712484	-0.689358	-0.130970	0.541065	0.420890	0.728079
39421	8.216975	-1.210285	9.709892	0.725296	2.906404	1.202016	-0.453635	-0.609851	0.649843	0.721719	-0.679176	-0.133570	0.522816	0.408412	0.748240
39422	8.022282	-1.167841	9.378840	0.479286	3.035117	1.011253	-0.461924	-0.628823	0.625466	0.728782	-0.671023	-0.136398	0.505472	0.392823	0.768237
39423	7.842810	-1.099602	9.220871	0.352582	3.117334	0.822439	-0.471411	-0.646255	0.600105	0.734338	-0.664461	-0.138702	0.488383	0.375294	0.787805
39424	7.941843	-1.265043	9.117920	0.146830	3.163994	0.649380	-0.481847	-0.662101	0.573974	0.738109	-0.659707	-0.141360	0.472249	0.355541	0.806580
39425	8.172814	-1.516666	9.192436	-0.042636	3.192754	0.487587	-0.493092	-0.676285	0.547265	0.740254	-0.656626	-0.144452	0.457039	0.333887	0.824400
39426	8.494480	-1.830725	9.110107	-0.202008	3.206511	0.356855	-0.504891	-0.688944	0.520040	0.741096	-0.654871	-0.148058	0.442563	0.310647	0.841212
39427	8.689072	-2.042933	8.924158	-0.339471	3.221137	0.257845	-0.517027	-0.700212	0.492328	0.740901	-0.654127	-0.152260	0.428659	0.286044	0.856989
39428	8.699773	-2.149495	8.678774	-0.465329	3.198552	0.198865	-0.529073	-0.710236	0.464378	0.739947	-0.654025	-0.157255	0.415403	0.260416	0.871564
39429	8.750429	-2.338628	8.356031	-0.589889	3.124788	0.198872	-0.540406	-0.719236	0.436647	0.738563	-0.654096	-0.163348	0.403095	0.234217	0.884679
39430	8.863135	-2.585652	8.048862	-0.695114	3.006487	0.241505	-0.550594	-0.727445	0.409477	0.737087	-0.653914	-0.170585	0.391854	0.207897	0.896231
39431	9.070974	-2.963646	7.691482	-0.743742	2.850168	0.316299	-0.559301	-0.735043	0.383266	0.735933	-0.653084	-0.178562	0.381556	0.182188	0.906213
39432	9.285281	-3.020577	7.126294	-0.699511	2.671965	0.417606	-0.566311	-0.742292	0.358182	0.735617	-0.651216	-0.186507	0.371697	0.157864	0.914834
39433	9.034039	-2.884333	6.288926	-0.612374	2.447781	0.527331	-0.571430	-0.749284	0.334726	0.736337	-0.648213	-0.193981	0.362321	0.135624	0.922133
39434	8.549735	-1.608531	5.324416	-0.406587	2.144524	0.642410	-0.574383	-0.756122	0.313630	0.738531	-0.643918	-0.199856	0.353067	0.116831	0.928275
39435	8.224324	0.192687	5.485044	-0.339686	1.759418	0.678710	-0.575523	-0.762370	0.295914	0.741214	-0.639165	-0.205110	0.345507	0.101290	0.932934
39436	9.144371	-0.456745	5.506215	-0.468759	1.417976	0.616151	-0.575837	-0.767613	0.281393	0.743120	-0.634921	-0.211300	0.340859	0.087435	0.936040
39437	8.861212	-2.835376	3.186755	-0.245336	0.883667	0.443826	-0.575549	-0.771136	0.272200	0.744810	-0.631741	-0.214852	0.337640	0.079079	0.937948
39438	10.225143	-1.956155	3.216565	0.436900	0.602099	0.320477	-0.575191	-0.773605	0.265878	0.748082	-0.628952	-0.211643	0.330953	0.077163	0.940487
39439	9.990243	-0.938039	2.272749	0.510789	0.328201	0.314045	-0.573930	-0.775807	0.262162	0.751530	-0.626153	-0.207689	0.325280	0.077824	0.942410
39440	8.670291	-0.480276	1.313410	0.505351	-0.086508	0.345830	-0.571067	-0.777875	0.262285	0.755111	-0.623094	-0.203864	0.322009	0.081634	0.943211
39441	8.407626	-0.124121	1.453712	0.443603	-0.567014	0.409796	-0.566157	-0.779914	0.266834	0.758838	-0.619554	-0.200791	0.321918	0.088805	0.942594
39442	9.238858	-0.411524	1.126959	0.460869	-0.993065	0.462530	-0.559453	-0.781812	0.275286	0.762895	-0.615541	-0.197736	0.324042	0.099390	0.940807
39443	9.420708	0.577494	1.048625	0.697228	-1.376488	0.450027	-0.551549	-0.783077	0.287372	0.767632	-0.611305	-0.192476	0.326396	0.114436	0.938280
39444	9.605406	1.451768	-0.020994	0.760714	-1.764509	0.387715	-0.542794	-0.783233	0.303185	0.772216	-0.607363	-0.186528	0.330238	0.132877	0.934498
39445	10.152371	2.362017	-1.099803	0.755793	-2.198898	0.309621	-0.533086	-0.781922	0.323137	0.776369	-0.603885	-0.180479	0.336258	0.154662	0.928983
39446	3.738622	4.471118	5.645159	0.758200	-2.437462	0.293800	-0.522540	-0.779607	0.345204	0.780461	-0.600367	-0.174471	0.343267	0.178250	0.922168
39447	5.231901	4.164919	13.569554	0.052802	-2.567981	0.143968	-0.512451	-0.775607	0.368549	0.781360	-0.599181	-0.174522	0.356188	0.198535	0.913079
39448	3.913200	-0.674771	10.798813	-0.200352	-2.561636	-0.698133	-0.508598	-0.766053	0.393052	0.777035	-0.605015	-0.173706	0.370871	0.217069	0.902960
39449	5.499381	2.009757	9.910362	0.713118	-2.551891	-0.932258	-0.506290	-0.754517	0.417581	0.774944	-0.610506	-0.163539	0.378329	0.240804	0.893801
39450	2.253852	-1.583657	8.585218	-0.845073	-2.959664	-0.890909	-0.501662	-0.741633	0.445326	0.767132	-0.619313	-0.167209	0.399804	0.257742	0.879617
39451	11.495563	-12.864315	16.574789	-1.419557	-3.645090	-0.941619	-0.493747	-0.726000	0.478683	0.756531	-0.630045	-0.175226	0.428806	0.275622	0.860324
39452	38.681045	-10.879701	9.690484	3.068449	-2.185954	-1.913422	-0.499036	-0.707459	0.500465	0.759965	-0.634803	-0.139563	0.416432	0.310689	0.854434
39453	6.054077	9.410843	12.287035	3.543989	0.512547	-0.223553	-0.502824	-0.707661	0.496371	0.773047	-0.625078	-0.108057	0.386738	0.329385	0.861359
39454	3.700700	3.490185	13.564312	-1.700466	-1.294869	-0.289796	-0.499936	-0.701550	0.507831	0.764815	-0.632748	-0.121195	0.406353	0.327807	0.852889
39455	9.009546	-5.425749	6.217993	-1.443424	-0.450639	0.098134	-0.497342	-0.700679	0.511567	0.759310	-0.636785	-0.133990	0.419641	0.321799	0.848732
39456	5.604496	-1.232178	8.364578	1.751705	-0.538354	-0.204002	-0.496684	-0.697579	0.516420	0.765518	-0.632484	-0.118095	0.409008	0.336673	0.848153
39457	6.320370	2.094159	10.967968	0.327872	-0.280076	-0.130759	-0.496557	-0.695772	0.518973	0.766176	-0.632321	-0.114653	0.407929	0.340693	0.847067
39458	6.480741	-2.071784	8.291153	-0.557402	-0.379725	-0.081248	-0.495634	-0.693932	0.522307	0.763446	-0.634822	-0.118960	0.414122	0.339793	0.844419
39459	6.273744	-0.953990	8.686897	0.452130	-0.220112	-0.029629	-0.494967	-0.692961	0.524226	0.765134	-0.633517	-0.115001	0.411798	0.344182	0.843778
39460	6.013441	-0.119332	9.259217	0.003097	-0.173808	-0.014140	-0.494375	-0.692239	0.525736	0.765042	-0.633645	-0.114916	0.412680	0.345398	0.842850
39461	5.668830	-1.503400	8.508691	-0.024272	-0.146280	-0.000085	-0.493787	-0.691701	0.526995	0.764909	-0.633766	-0.115133	0.413629	0.346252	0.842034
39462	5.337155	-1.417946	8.563999	0.030940	-0.135036	-0.006314	-0.493293	-0.691159	0.528167	0.764970	-0.633742	-0.114855	0.414105	0.347375	0.841337
39463	5.116711	-1.634582	8.436549	0.019491	-0.146684	-0.022275	-0.492871	-0.690477	0.529453	0.764909	-0.633865	-0.114586	0.414720	0.348507	0.840565
39464	5.131318	-1.842519	8.398127	0.038731	-0.167409	-0.040441	-0.492502	-0.689602	0.530934	0.764835	-0.634049	-0.114061	0.415295	0.349901	0.839702
39465	5.096827	-1.821420	8.373413	0.082671	-0.184504	-0.058387	-0.492197	-0.688554	0.532575	0.764858	-0.634198	-0.113070	0.415612	0.351692	0.838797
39466	5.192614	-1.661031	8.428171	0.118949	-0.209911	-0.068698	-0.491867	-0.687344	0.534439	0.764979	-0.634291	-0.111721	0.415781	0.353883	0.837790
39467	5.224530	-1.427963	8.520944	0.132836	-0.220444	-0.072191	-0.491518	-0.686072	0.536391	0.765144	-0.634352	-0.110235	0.415890	0.356234	0.836739
39468	5.108090	-1.528343	8.439647	0.100107	-0.244434	-0.083586	-0.491157	-0.684634	0.538554	0.765114	-0.634608	-0.108964	0.416372	0.358537	0.835515
39469	5.606637	-1.253626	8.559814	0.158203	-0.280989	-0.078404	-0.490602	-0.683094	0.541011	0.765356	-0.634611	-0.107232	0.416581	0.361458	0.834151
39470	5.755108	-0.934871	8.625408	0.145287	-0.263584	-0.069771	-0.490054	-0.681661	0.543310	0.765583	-0.634601	-0.105658	0.416808	0.364170	0.832857
39471	7.141314	-0.848152	8.804519	0.115624	-0.279554	-0.047434	-0.489267	-0.680306	0.545712	0.765801	-0.634539	-0.104450	0.417333	0.366803	0.831438
39472	5.321397	-0.977106	8.553837	0.069168	-0.105027	-0.025853	-0.489043	-0.679722	0.546639	0.765927	-0.634501	-0.103749	0.417364	0.367948	0.830916
39473	6.280754	-0.997999	8.548147	0.069951	-0.150523	-0.001338	-0.488440	-0.679127	0.547916	0.766180	-0.634289	-0.103172	0.417605	0.369409	0.830146
39474	5.711243	-0.934113	8.637220	0.047081	-0.130092	0.004468	-0.487879	-0.678640	0.549019	0.766363	-0.634126	-0.102821	0.417925	0.370584	0.829461
39475	5.843434	-1.082787	8.570414	0.022145	-0.126870	0.010564	-0.487283	-0.678204	0.550086	0.766475	-0.634009	-0.102707	0.418415	0.371580	0.828768
39476	5.700899	-1.205140	8.574516	0.008479	-0.123465	0.007984	-0.486721	-0.677761	0.551128	0.766513	-0.633964	-0.102695	0.418998	0.372463	0.828077
39477	5.727613	-1.377310	8.448106	-0.007101	-0.118636	0.002972	-0.486216	-0.677306	0.552132	0.766466	-0.634008	-0.102782	0.419671	0.373216	0.827397
39478	5.719449	-1.399360	8.480993	0.011252	-0.114621	-0.004327	-0.485785	-0.676816	0.553112	0.766456	-0.634036	-0.102679	0.420188	0.374056	0.826755
39479	5.705010	-1.416410	8.423174	0.012334	-0.112136	-0.010405	-0.485408	-0.676298	0.554075	0.766425	-0.634097	-0.102531	0.420679	0.374888	0.826128
39480	5.705760	-1.360220	8.413559	0.027158	-0.103762	-0.015312	-0.485105	-0.675777	0.554975	0.766429	-0.634140	-0.102237	0.421021	0.375754	0.825560
39481	5.696910	-1.346564	8.435962	0.026784	-0.099589	-0.025949	-0.484900	-0.675206	0.555849	0.766384	-0.634252	-0.101883	0.421340	0.376591	0.825016
39482	5.718452	-1.252143	8.426811	0.035866	-0.104507	-0.022580	-0.484649	-0.674635	0.556761	0.766389	-0.634311	-0.101476	0.421619	0.377516	0.824451
39483	5.891675	-1.197104	8.464181	0.025308	-0.091467	-0.015348	-0.484396	-0.674160	0.557556	0.766390	-0.634356	-0.101193	0.421909	0.378288	0.823948
39484	5.734401	-1.180334	8.393593	0.033415	-0.074460	-0.011951	-0.484190	-0.673767	0.558209	0.766436	-0.634351	-0.100866	0.422061	0.378994	0.823546
39485	5.770079	-1.259795	8.416997	0.010379	-0.070127	-0.014185	-0.484018	-0.673379	0.558826	0.766379	-0.634444	-0.100712	0.422362	0.379526	0.823147
39486	5.809463	-1.195149	8.432919	0.032089	-0.067555	-0.010757	-0.483831	-0.673020	0.559420	0.766426	-0.634437	-0.100403	0.422490	0.380177	0.822781
39487	5.811380	-1.174050	8.378300	0.026586	-0.054425	-0.010309	-0.483696	-0.672716	0.559904	0.766457	-0.634442	-0.100137	0.422591	0.380706	0.822484
39488	5.852724	-1.094638	8.434781	0.028449	-0.048490	-0.007414	-0.483564	-0.672449	0.560337	0.766505	-0.634425	-0.099877	0.422654	0.381205	0.822221
39489	5.831732	-1.143273	8.393159	0.020423	-0.036190	-0.005453	-0.483468	-0.672244	0.560666	0.766532	-0.634421	-0.099689	0.422714	0.381572	0.822019
39490	5.796345	-1.102452	8.395756	0.028191	-0.035771	-0.004672	-0.483369	-0.672043	0.560992	0.766592	-0.634387	-0.099446	0.422718	0.381983	0.821826
39491	5.837820	-1.106456	8.377726	0.014051	-0.032572	-0.005014	-0.483285	-0.671855	0.561290	0.766595	-0.634404	-0.099313	0.422809	0.382286	0.821639
39492	5.763528	-1.092627	8.408584	0.018962	-0.032892	-0.006218	-0.483210	-0.671655	0.561594	0.766609	-0.634415	-0.099137	0.422869	0.382619	0.821453
39493	5.733345	-1.088080	8.363515	0.015036	-0.039428	-0.009730	-0.483133	-0.671410	0.561952	0.766593	-0.634460	-0.098970	0.422986	0.382973	0.821227
39494	5.749640	-1.060696	8.380702	0.014829	-0.052437	-0.010358	-0.483007	-0.671109	0.562421	0.766570	-0.634514	-0.098805	0.423173	0.383411	0.820927
39495	5.759541	-1.192278	8.365520	0.004593	-0.062722	-0.013888	-0.482863	-0.670748	0.562974	0.766490	-0.634627	-0.098700	0.423482	0.383856	0.820560
39496	5.705546	-1.221147	8.378538	0.013473	-0.067164	-0.019655	-0.482746	-0.670331	0.563572	0.766415	-0.634749	-0.098493	0.423750	0.384383	0.820174
39497	5.750568	-1.191942	8.346246	0.021943	-0.080886	-0.027567	-0.482629	-0.669812	0.564288	0.766343	-0.634887	-0.098169	0.424013	0.385059	0.819721
39498	5.663811	-1.133828	8.390413	0.016143	-0.093412	-0.033979	-0.482510	-0.669202	0.565114	0.766211	-0.635094	-0.097859	0.424388	0.385778	0.819189
39499	5.664246	-1.304612	8.464043	-0.009572	-0.111972	-0.039499	-0.482352	-0.668486	0.566095	0.765948	-0.635432	-0.097725	0.425042	0.386461	0.818527
39500	5.641506	-1.364830	8.437970	-0.005923	-0.126707	-0.055645	-0.482255	-0.667607	0.567213	0.765617	-0.635869	-0.097473	0.425746	0.387261	0.817783
39501	5.649054	-1.292975	8.465877	0.001538	-0.149233	-0.078355	-0.482234	-0.666498	0.568534	0.765214	-0.636423	-0.097026	0.426495	0.388261	0.816918
39502	5.594666	-1.248195	8.568919	-0.026301	-0.173428	-0.095879	-0.482243	-0.665178	0.570070	0.764602	-0.637205	-0.096709	0.427580	0.389239	0.815885
39503	5.749300	-1.308459	8.432171	-0.035003	-0.200843	-0.119998	-0.482315	-0.663598	0.571848	0.763841	-0.638176	-0.096320	0.428858	0.390344	0.814685
39504	5.855395	-1.076740	8.433820	-0.009194	-0.211181	-0.131294	-0.482427	-0.661899	0.573720	0.763131	-0.639125	-0.095657	0.429994	0.391676	0.813446
39505	5.767542	-0.861822	8.490562	-0.017453	-0.247724	-0.126469	-0.482339	-0.660085	0.575879	0.762414	-0.640066	-0.095082	0.431363	0.393196	0.811987
39506	5.850091	-0.826665	8.457455	-0.053295	-0.279857	-0.118920	-0.482052	-0.658186	0.578289	0.761573	-0.641102	-0.094843	0.433166	0.394690	0.810301
39507	5.553323	-0.685330	8.679474	-0.022253	-0.339314	-0.095547	-0.481321	-0.656197	0.581150	0.760983	-0.641855	-0.094479	0.435011	0.396771	0.808294
39508	5.719906	-0.777287	8.601137	-0.086968	-0.432100	-0.071380	-0.479994	-0.653984	0.584731	0.760224	-0.642711	-0.094779	0.437797	0.399033	0.805672
39509	5.665220	-0.986460	8.569398	-0.087184	-0.491485	-0.062050	-0.478321	-0.651585	0.588767	0.759511	-0.643502	-0.095125	0.440855	0.401675	0.802686
39510	5.655098	-1.071113	8.679394	-0.132395	-0.562836	-0.058483	-0.476288	-0.648904	0.593357	0.758608	-0.644458	-0.095853	0.444593	0.404472	0.799212
39511	5.570429	-1.294283	8.618027	-0.155455	-0.641681	-0.073560	-0.473993	-0.645791	0.598568	0.757531	-0.645602	-0.096663	0.448861	0.407617	0.795218
