// General information: 
//  MT Manager version: 2022.2.0 
//  XDA version: 2022.2.0 build 7381 rev 124627 built on 2023-07-19
// Device information: 
//  DeviceId: 00B4CBA7
//  ProductCode: MTW2-3A7G6
//  Firmware Version: 4.6.0
//  Hardware Version: 2.0.0
// Device settings: 
//  Filter Profile: human(46.1)
//  Option Flags: Orientation Smoother Disabled, Position/Velocity Smoother Disabled, Continuous Zero Rotation Update Disabled, AHS Disabled, ICC Disabled
// Coordinate system: ENU
PacketCounter	Acc_X	Acc_Y	Acc_Z	Gyr_X	Gyr_Y	Gyr_Z	Mat[1][1]	Mat[2][1]	Mat[3][1]	Mat[1][2]	Mat[2][2]	Mat[3][2]	Mat[1][3]	Mat[2][3]	Mat[3][3]
54711	9.416109	1.785223	-3.810557	0.457570	1.259774	-0.060749	-0.132270	-0.086516	0.987431	-0.541982	0.840390	0.001032	-0.829916	-0.535033	-0.158049
54712	9.116372	3.138395	-3.377029	-0.013027	1.068919	0.002040	-0.123377	-0.080806	0.989065	-0.541873	0.840460	0.001071	-0.831355	-0.535815	-0.147480
54713	8.152755	2.467929	-3.043332	-0.528562	0.864499	0.140903	-0.116956	-0.075034	0.990299	-0.537300	0.843391	0.000447	-0.835243	-0.532035	-0.138955
54714	7.782297	-0.035827	-3.357928	-0.698886	0.614210	0.253989	-0.113143	-0.069665	0.991133	-0.531156	0.847273	-0.001081	-0.839685	-0.526569	-0.132866
54715	10.734671	0.730114	-1.452335	-0.538638	0.353500	0.222984	-0.111375	-0.065956	0.991587	-0.526372	0.850251	-0.002567	-0.842929	-0.522229	-0.129414
54716	7.084420	-2.818878	-1.886773	-0.193864	-0.072935	0.105874	-0.112521	-0.065466	0.991490	-0.524620	0.851330	-0.003326	-0.843868	-0.520530	-0.130137
54717	11.821745	-0.943776	-1.917287	0.665615	-0.479006	-0.187140	-0.115595	-0.069597	0.990855	-0.530434	0.847723	-0.002339	-0.839808	-0.525854	-0.134909
54718	13.122897	2.789291	0.089581	0.817491	-0.543930	-0.336223	-0.118329	-0.075347	0.990112	-0.537675	0.843152	-0.000094	-0.834808	-0.532369	-0.140281
54719	13.409670	3.633028	1.622998	0.963136	-0.523985	-0.324171	-0.120955	-0.080917	0.989354	-0.546073	0.837736	0.001755	-0.828960	-0.540047	-0.145515
54720	11.806729	2.375966	1.586477	1.016225	-0.495325	-0.229742	-0.123756	-0.085560	0.988617	-0.554749	0.832014	0.002563	-0.822763	-0.548117	-0.150431
54721	11.472269	0.448909	-0.588793	0.958287	-0.542923	-0.063486	-0.127860	-0.089119	0.987780	-0.562683	0.826671	0.001749	-0.816725	-0.555583	-0.155844
54722	10.176064	0.178066	-2.310506	0.954891	-0.531655	-0.040618	-0.131930	-0.092456	0.986938	-0.570508	0.821292	0.000676	-0.810627	-0.562967	-0.161100
54723	8.939808	0.502411	-3.705335	0.823424	-0.550995	-0.030671	-0.136212	-0.095864	0.986031	-0.577200	0.816603	-0.000344	-0.805162	-0.569184	-0.166563
54724	9.289827	0.143220	-4.185307	0.651541	-0.561098	0.005830	-0.140724	-0.099052	0.985082	-0.582426	0.812882	-0.001466	-0.800610	-0.573943	-0.172082
54725	9.552961	0.052906	-4.361140	0.479085	-0.509296	0.063015	-0.145172	-0.101513	0.984185	-0.586160	0.810190	-0.002895	-0.797083	-0.577310	-0.177120
54726	9.723390	0.098880	-3.810310	0.418475	-0.432049	0.094201	-0.149136	-0.103280	0.983408	-0.589354	0.807862	-0.004533	-0.793990	-0.580252	-0.181350
54727	10.389812	0.674638	-3.028108	0.466423	-0.376949	0.115002	-0.152820	-0.104592	0.982704	-0.592872	0.805271	-0.006490	-0.790664	-0.583609	-0.185071
54728	10.854930	1.392206	-2.603558	0.484371	-0.341697	0.135081	-0.156291	-0.105534	0.982057	-0.596488	0.802575	-0.008683	-0.787258	-0.587142	-0.188385
54729	10.515357	1.923592	-2.670322	0.488112	-0.313109	0.164576	-0.159753	-0.106108	0.981438	-0.600057	0.799879	-0.011195	-0.783844	-0.590707	-0.191454
54730	9.998355	2.809595	-2.291646	0.435705	-0.300232	0.209117	-0.163332	-0.106244	0.980834	-0.603131	0.797518	-0.014048	-0.780740	-0.593866	-0.194339
54731	9.906822	2.598640	-1.932195	0.180731	-0.295895	0.264943	-0.167252	-0.105947	0.980205	-0.604095	0.796732	-0.016961	-0.779163	-0.594974	-0.197257
54732	9.667764	0.470722	-2.342241	0.006676	-0.277481	0.305797	-0.171232	-0.105188	0.979599	-0.603634	0.797012	-0.019932	-0.778656	-0.594732	-0.199969
54733	9.325085	-0.756870	-2.544122	0.060694	-0.258962	0.321798	-0.175200	-0.104223	0.979001	-0.603540	0.796996	-0.023161	-0.777846	-0.594924	-0.202536
54734	9.285039	-0.040485	-2.215208	0.039634	-0.243575	0.336587	-0.179097	-0.103017	0.978423	-0.603257	0.797107	-0.026497	-0.777178	-0.594986	-0.204905
54735	9.325220	0.827723	-1.674194	-0.187214	-0.241524	0.367186	-0.183197	-0.101582	0.977814	-0.601127	0.798603	-0.029659	-0.777872	-0.593224	-0.207365
54736	9.248971	0.030769	-1.362268	-0.455087	-0.234681	0.390551	-0.187337	-0.099873	0.977205	-0.596863	0.801685	-0.032488	-0.780166	-0.589344	-0.209796
54737	9.329728	-1.911025	-1.504960	-0.505734	-0.234643	0.365196	-0.191350	-0.098377	0.976579	-0.592211	0.805025	-0.034942	-0.782733	-0.585027	-0.212302
54738	9.230607	-3.487804	-1.272205	-0.278739	-0.271502	0.295038	-0.195193	-0.097612	0.975895	-0.589462	0.806939	-0.037188	-0.783858	-0.582512	-0.215048
54739	9.390774	-3.902603	-0.929459	0.056247	-0.344821	0.214544	-0.199170	-0.097943	0.975058	-0.589473	0.806828	-0.039364	-0.782849	-0.582611	-0.218431
54740	9.638679	-2.806447	-0.729125	0.345297	-0.409940	0.146233	-0.203209	-0.099186	0.974099	-0.591883	0.804954	-0.041511	-0.779988	-0.584988	-0.222281
54741	9.745392	-1.203234	-0.829568	0.436864	-0.444295	0.115262	-0.207364	-0.100909	0.973046	-0.595043	0.802511	-0.043585	-0.776482	-0.588042	-0.226457
54742	9.671790	-0.265541	-1.109970	0.331829	-0.465147	0.114075	-0.211621	-0.102763	0.971934	-0.597382	0.800670	-0.045414	-0.773532	-0.590226	-0.230827
54743	9.688484	-0.948556	-2.347376	0.163792	-0.450075	0.135065	-0.215915	-0.104380	0.970817	-0.598357	0.799845	-0.047080	-0.771589	-0.591060	-0.235155
54744	9.677024	-2.154206	-3.929581	0.226786	-0.391786	0.122941	-0.219643	-0.105744	0.969833	-0.599843	0.798630	-0.048772	-0.769380	-0.592459	-0.238843
54745	9.663261	-2.282827	-4.593335	0.406414	-0.320225	0.080569	-0.222598	-0.107042	0.969016	-0.602784	0.796304	-0.050506	-0.766226	-0.595350	-0.241779
54746	9.617974	-1.333257	-4.835130	0.590655	-0.271119	0.033102	-0.224843	-0.108427	0.968344	-0.607230	0.792808	-0.052223	-0.762049	-0.599749	-0.244097
54747	9.749534	0.170813	-4.594003	0.625672	-0.230450	0.006856	-0.226656	-0.109799	0.967766	-0.611967	0.789051	-0.053803	-0.757710	-0.604435	-0.246036
54748	9.853956	1.280931	-4.040496	0.460686	-0.174468	0.012445	-0.228023	-0.110786	0.967332	-0.615428	0.786270	-0.055022	-0.754489	-0.607870	-0.247469
54749	9.852515	1.321098	-3.787805	0.198597	-0.121852	0.044151	-0.229235	-0.111225	0.966995	-0.616820	0.785116	-0.055918	-0.752984	-0.609280	-0.248582
54750	9.643329	0.723616	-3.305366	0.021171	-0.101737	0.073833	-0.230429	-0.111293	0.966704	-0.616816	0.785066	-0.056646	-0.752622	-0.609331	-0.249549
54751	9.547644	0.536567	-2.684667	-0.046928	-0.088742	0.093388	-0.231693	-0.111150	0.966418	-0.616241	0.785463	-0.057403	-0.752705	-0.608847	-0.250482
54752	9.507874	-0.067164	-2.228106	-0.088708	-0.094330	0.096545	-0.232970	-0.110992	0.966129	-0.615356	0.786107	-0.058074	-0.753035	-0.608043	-0.251439
54753	9.533054	-0.426497	-1.957541	-0.105382	-0.120276	0.094002	-0.234473	-0.111036	0.965761	-0.614336	0.786859	-0.058685	-0.753401	-0.607062	-0.252710
54754	9.509497	-0.932748	-1.618000	-0.176945	-0.153264	0.100469	-0.236216	-0.111201	0.965317	-0.612773	0.788041	-0.059168	-0.754129	-0.605496	-0.254289
54755	9.338746	-1.300166	-1.312975	-0.217220	-0.187572	0.094734	-0.238229	-0.111638	0.964772	-0.610904	0.789466	-0.059497	-0.755012	-0.603556	-0.256273
54756	9.184496	-1.238884	-0.823201	-0.244905	-0.234858	0.083589	-0.240485	-0.112419	0.964121	-0.608860	0.791033	-0.059634	-0.755947	-0.601356	-0.258679
54757	9.129494	-1.366820	-0.616495	-0.294815	-0.289624	0.066267	-0.243093	-0.113678	0.963319	-0.606467	0.792881	-0.059476	-0.757036	-0.598679	-0.261686
54758	9.184060	-1.577753	-1.124929	-0.222779	-0.334122	0.062902	-0.245977	-0.115203	0.962405	-0.604633	0.794282	-0.059457	-0.757572	-0.596527	-0.265031
54759	8.998714	-1.505986	-1.706625	-0.108511	-0.365164	0.044650	-0.249024	-0.117066	0.961396	-0.603699	0.794983	-0.059570	-0.757320	-0.595228	-0.268643
54760	9.149892	-0.895511	-2.698502	0.039314	-0.394340	0.028646	-0.252154	-0.119212	0.960316	-0.603932	0.794781	-0.059914	-0.756098	-0.595073	-0.272403
54761	9.319621	0.063816	-2.959576	0.074505	-0.401993	0.026165	-0.255360	-0.121436	0.959190	-0.604428	0.794371	-0.060345	-0.754624	-0.595171	-0.276250
54762	9.360146	0.285777	-3.047665	-0.031745	-0.403525	0.029797	-0.258556	-0.123627	0.958053	-0.604120	0.794593	-0.060504	-0.753782	-0.594423	-0.280132
54763	9.810519	-0.478713	-2.967214	-0.117135	-0.386734	0.029944	-0.261662	-0.125726	0.956936	-0.603159	0.795328	-0.060433	-0.753480	-0.592997	-0.283940
54764	10.003924	-1.062920	-2.642348	-0.131440	-0.356710	0.020775	-0.264447	-0.127700	0.955908	-0.602122	0.796130	-0.060218	-0.753337	-0.591498	-0.287426
54765	10.021798	-1.346310	-2.330983	-0.117447	-0.364052	0.004296	-0.267226	-0.129857	0.954844	-0.601225	0.796832	-0.059893	-0.753073	-0.590082	-0.291008
54766	9.748400	-1.168116	-2.269837	-0.083529	-0.373113	-0.005884	-0.269972	-0.132131	0.953759	-0.600620	0.797313	-0.059554	-0.752576	-0.588925	-0.294613
54767	9.242931	-1.201635	-2.531065	-0.097421	-0.386241	-0.011296	-0.272820	-0.134531	0.952613	-0.599919	0.797872	-0.059133	-0.752108	-0.587623	-0.298383
54768	9.223186	-1.636256	-2.534177	-0.152363	-0.403741	-0.021352	-0.275700	-0.137098	0.951417	-0.598840	0.798734	-0.058434	-0.751917	-0.585857	-0.302311
54769	9.548134	-1.812363	-2.083927	-0.192783	-0.428780	-0.042165	-0.278661	-0.140044	0.950124	-0.597643	0.799704	-0.057410	-0.751778	-0.583833	-0.306542
54770	9.799970	-1.380441	-1.458694	-0.224862	-0.456909	-0.064095	-0.281686	-0.143247	0.948754	-0.596141	0.800920	-0.056069	-0.751844	-0.581385	-0.311003
54771	9.590698	-0.879721	-1.155910	-0.346030	-0.499386	-0.077884	-0.284968	-0.146854	0.947221	-0.593879	0.802726	-0.054214	-0.752397	-0.577984	-0.315965
54772	9.650011	-1.063891	-1.627073	-0.414794	-0.543184	-0.093420	-0.288476	-0.150762	0.945543	-0.591033	0.804972	-0.051970	-0.753300	-0.573839	-0.321320
54773	9.713979	-0.758686	-1.868235	-0.475160	-0.598188	-0.113710	-0.292299	-0.155182	0.943652	-0.587902	0.807427	-0.049325	-0.754276	-0.569193	-0.327242
54774	9.923609	-1.083971	-2.169113	-0.534295	-0.628591	-0.133425	-0.296235	-0.159850	0.941643	-0.584271	0.810239	-0.046265	-0.755561	-0.563880	-0.333417
54775	10.022155	-1.501948	-2.381696	-0.531097	-0.655667	-0.156534	-0.300262	-0.164882	0.939498	-0.580843	0.812880	-0.042976	-0.756614	-0.558605	-0.339847
54776	9.859284	-0.753316	-2.242116	-0.490834	-0.684059	-0.185939	-0.304336	-0.170228	0.937231	-0.577699	0.815293	-0.039509	-0.757393	-0.553461	-0.346464
54777	9.919629	-0.612622	-2.169843	-0.551198	-0.715595	-0.196818	-0.308602	-0.175856	0.934794	-0.574251	0.817900	-0.035711	-0.758288	-0.547827	-0.353391
54778	10.132931	-0.903566	-2.334089	-0.580394	-0.748995	-0.226174	-0.312964	-0.181818	0.932199	-0.570560	0.820652	-0.031490	-0.759286	-0.541731	-0.360573
54779	10.164213	-0.430327	-2.401162	-0.546249	-0.777399	-0.272950	-0.317293	-0.188317	0.929442	-0.567377	0.823017	-0.026937	-0.759874	-0.535891	-0.367984
54780	9.937147	-0.300917	-2.528311	-0.534724	-0.820261	-0.303489	-0.321784	-0.195219	0.926469	-0.564293	0.825279	-0.022095	-0.760282	-0.529909	-0.375722
54781	9.677230	-0.608746	-2.615393	-0.530833	-0.843535	-0.343378	-0.326233	-0.202577	0.923328	-0.561494	0.827308	-0.016878	-0.760458	-0.523950	-0.383641
54782	9.585228	-0.961704	-2.608478	-0.472030	-0.883191	-0.391944	-0.330726	-0.210454	0.919962	-0.559203	0.828952	-0.011399	-0.760206	-0.518215	-0.391842
54783	9.734681	-1.145585	-2.561642	-0.390872	-0.918554	-0.425561	-0.335288	-0.218798	0.916356	-0.557784	0.829965	-0.005919	-0.759248	-0.513114	-0.400320
54784	10.080482	-0.894292	-2.220275	-0.346462	-0.966170	-0.455600	-0.340053	-0.227544	0.912462	-0.556705	0.830710	-0.000314	-0.757920	-0.508079	-0.409160
54785	10.256240	-0.596641	-1.644004	-0.382409	-1.013479	-0.468373	-0.345091	-0.236604	0.908257	-0.555499	0.831499	0.005547	-0.756527	-0.502622	-0.418376
54786	10.281109	-0.635513	-1.240904	-0.441449	-1.072205	-0.480364	-0.350505	-0.245986	0.903680	-0.553844	0.832537	0.011804	-0.755250	-0.496360	-0.428046
54787	10.658321	-0.791451	-0.970422	-0.468041	-1.155046	-0.494626	-0.356447	-0.255838	0.898606	-0.552140	0.833550	0.018301	-0.753715	-0.489633	-0.438375
54788	11.169995	-0.686687	-0.551828	-0.441719	-1.243237	-0.504556	-0.362997	-0.266120	0.892980	-0.550642	0.834372	0.024818	-0.751682	-0.482704	-0.449411
54789	11.681203	-0.152325	0.026203	-0.440212	-1.362412	-0.494338	-0.370446	-0.276816	0.886647	-0.549254	0.835072	0.031232	-0.749059	-0.475425	-0.461391
54790	12.555913	-0.177807	0.521274	-0.488015	-1.479207	-0.477942	-0.378859	-0.287811	0.879563	-0.547408	0.836013	0.037772	-0.746197	-0.467170	-0.474281
54791	12.483137	0.677355	0.944570	-0.473381	-1.601815	-0.469982	-0.388148	-0.299185	0.871682	-0.545780	0.836764	0.044172	-0.742608	-0.458601	-0.488077
54792	11.745284	1.455239	1.216601	-0.586987	-1.739398	-0.466357	-0.398468	-0.311008	0.862842	-0.543278	0.837992	0.051160	-0.738966	-0.448378	-0.502878
54793	11.398481	0.956994	1.531124	-0.790141	-1.875659	-0.470902	-0.409679	-0.323249	0.853038	-0.539407	0.839959	0.059239	-0.735665	-0.435865	-0.518476
54794	11.096426	-0.221489	1.397609	-0.875575	-2.007102	-0.481553	-0.421797	-0.335938	0.842160	-0.534997	0.842116	0.067967	-0.732029	-0.421885	-0.534927
54795	11.027471	-1.233541	0.860526	-0.773189	-2.130579	-0.489558	-0.434644	-0.348897	0.830274	-0.531504	0.843616	0.076264	-0.727041	-0.408146	-0.552112
54796	11.386473	-1.541156	0.428228	-0.587967	-2.228772	-0.483594	-0.448184	-0.361962	0.817383	-0.529398	0.844246	0.083581	-0.720325	-0.395261	-0.570000
54797	11.773622	-1.510444	-0.375946	-0.474969	-2.322585	-0.461100	-0.462301	-0.374847	0.803597	-0.528110	0.844387	0.090057	-0.712304	-0.382754	-0.588322
54798	12.725764	-1.301056	-1.575675	-0.415787	-2.390507	-0.424658	-0.476957	-0.387462	0.788914	-0.527177	0.844320	0.095956	-0.703275	-0.370130	-0.606966
54799	12.950923	-1.324084	-2.882785	-0.434749	-2.407667	-0.386740	-0.491640	-0.399444	0.773779	-0.526051	0.844358	0.101639	-0.693945	-0.357078	-0.625248
54800	12.314587	-1.789165	-4.625223	-0.391391	-2.367701	-0.332234	-0.506186	-0.410583	0.758418	-0.525029	0.844370	0.106698	-0.684193	-0.344183	-0.642976
54801	11.414626	-2.131164	-6.177678	-0.216355	-2.276700	-0.271388	-0.520158	-0.420472	0.743397	-0.524901	0.844012	0.110105	-0.673732	-0.332938	-0.659726
54802	10.485114	-1.360688	-7.107169	-0.048937	-2.191192	-0.156882	-0.533949	-0.429016	0.728590	-0.525420	0.843490	0.111617	-0.662444	-0.323217	-0.675794
54803	10.079289	-0.406503	-8.363664	-0.035039	-1.993555	-0.035650	-0.546804	-0.435559	0.715048	-0.525335	0.843483	0.112064	-0.651942	-0.314363	-0.690035
54804	9.221732	-0.248598	-8.665639	-0.083832	-1.683782	0.066265	-0.558031	-0.440256	0.703403	-0.524446	0.844018	0.112207	-0.643085	-0.306282	-0.701878
54805	8.287185	-0.279018	-8.464925	0.040959	-1.286126	0.147086	-0.567000	-0.442760	0.694603	-0.523777	0.844616	0.110827	-0.635743	-0.300978	-0.710805
54806	6.545354	-0.206285	-9.212966	0.213953	-0.913394	0.208169	-0.573845	-0.443772	0.688308	-0.523963	0.844881	0.107889	-0.629416	-0.298736	-0.717350
54807	5.417461	1.498020	-10.891055	0.235798	-0.720612	0.210462	-0.579431	-0.444003	0.683463	-0.524152	0.845167	0.104684	-0.624120	-0.297581	-0.722441
54808	7.387539	3.462251	-10.555924	-0.153926	-0.480800	0.168066	-0.583282	-0.444036	0.680157	-0.522236	0.846352	0.104681	-0.622135	-0.294144	-0.725553
54809	7.666287	4.064138	-8.221528	-0.713137	-0.038430	0.185812	-0.584476	-0.442413	0.680190	-0.516593	0.849326	0.108524	-0.625716	-0.287951	-0.724958
54810	6.808141	3.289315	-6.038815	-1.071976	0.349367	0.254870	-0.583559	-0.439282	0.683000	-0.508377	0.853479	0.114568	-0.633255	-0.280364	-0.721377
54811	5.955019	3.293484	-4.852282	-1.220690	0.714280	0.399046	-0.580992	-0.433736	0.688709	-0.498148	0.858673	0.120541	-0.643659	-0.273046	-0.714947
54812	5.307966	2.310888	-4.312551	-1.486294	1.056841	0.616556	-0.577127	-0.425611	0.696979	-0.484931	0.865303	0.126856	-0.657089	-0.264775	-0.705782
54813	5.127598	0.402806	-5.216530	-1.372531	1.393959	0.793681	-0.571612	-0.414957	0.707863	-0.471190	0.872273	0.130841	-0.671743	-0.258748	-0.694126
54814	5.411739	0.400141	-5.848165	-1.097591	1.672160	0.874005	-0.564300	-0.403034	0.720507	-0.458793	0.878658	0.132174	-0.686349	-0.255978	-0.680735
54815	5.384737	1.257680	-5.840789	-0.968439	1.943925	0.936595	-0.555000	-0.389695	0.734924	-0.446767	0.884885	0.131823	-0.701694	-0.255178	-0.665214
54816	5.344734	1.502685	-6.098972	-0.885729	2.192525	0.998623	-0.543821	-0.375260	0.750626	-0.435014	0.890953	0.130251	-0.717650	-0.255699	-0.647762
54817	5.347974	1.377621	-6.581285	-0.723000	2.415967	1.070541	-0.530818	-0.359399	0.767505	-0.423989	0.896763	0.126690	-0.733802	-0.258164	-0.628399
54818	5.204030	1.558955	-7.022272	-0.512851	2.625007	1.134578	-0.516081	-0.342390	0.785130	-0.414263	0.902067	0.121082	-0.749698	-0.262762	-0.607379
54819	5.047716	1.779291	-7.476518	-0.394681	2.808241	1.182839	-0.499573	-0.324165	0.803333	-0.405268	0.907063	0.113995	-0.765627	-0.268616	-0.584518
54820	5.104557	1.773482	-7.593079	-0.374878	2.969577	1.203560	-0.481402	-0.305186	0.821653	-0.396481	0.911857	0.106394	-0.781700	-0.274551	-0.559970
54821	4.988395	0.887156	-7.041508	-0.346153	3.135864	1.194041	-0.461231	-0.285535	0.840081	-0.388174	0.916325	0.098331	-0.797864	-0.280744	-0.533475
54822	4.852201	-0.715078	-7.001428	-0.075549	3.293508	1.144077	-0.439090	-0.265680	0.858262	-0.382429	0.919684	0.089042	-0.812987	-0.289127	-0.505428
54823	4.840273	-1.825078	-7.431980	0.476587	3.451546	1.073094	-0.414826	-0.245562	0.876138	-0.381808	0.920999	0.077360	-0.825919	-0.302425	-0.475812
54824	4.893040	-1.372894	-7.708795	1.113189	3.611655	0.977585	-0.388548	-0.225334	0.893451	-0.387145	0.919821	0.063622	-0.836151	-0.321175	-0.444632
54825	5.138370	-0.372702	-7.502610	1.536044	3.780962	0.887994	-0.360191	-0.204574	0.910171	-0.396783	0.916604	0.048997	-0.844290	-0.343492	-0.411324
54826	5.484052	0.343453	-7.518267	1.774767	3.950003	0.814417	-0.329970	-0.183119	0.926060	-0.409027	0.911867	0.034570	-0.850774	-0.367376	-0.375789
54827	6.021508	0.552877	-8.347750	1.945086	4.088145	0.770811	-0.298243	-0.160544	0.940891	-0.423252	0.905782	0.020391	-0.855517	-0.392153	-0.338094
54828	7.011458	1.042120	-7.983910	2.050972	4.113421	0.773394	-0.266301	-0.136958	0.954110	-0.438655	0.898632	0.006561	-0.858292	-0.416778	-0.299383
54829	7.664673	1.574725	-7.394950	1.970137	4.078434	0.734037	-0.234501	-0.112884	0.965539	-0.453786	0.891090	-0.006032	-0.859702	-0.439562	-0.260187
54830	7.406383	1.359369	-7.206640	1.795405	4.033142	0.635636	-0.202718	-0.089140	0.975171	-0.467844	0.883657	-0.016481	-0.860248	-0.459569	-0.220837
54831	7.344231	1.164366	-6.719164	1.738645	3.917007	0.505390	-0.171413	-0.066296	0.982966	-0.481884	0.875880	-0.024959	-0.859305	-0.477954	-0.182084
54832	7.407434	2.646844	-6.846505	1.753250	3.706854	0.376159	-0.141423	-0.045006	0.988926	-0.496342	0.867555	-0.031497	-0.856530	-0.495300	-0.145031
54833	9.332377	6.094476	-5.658838	1.263593	3.399217	0.355259	-0.114109	-0.024868	0.993157	-0.506724	0.861329	-0.036653	-0.854523	-0.507439	-0.110887
54834	9.619003	5.874914	-5.447905	0.008111	3.141142	0.506189	-0.089755	-0.004589	0.995953	-0.506279	0.861363	-0.041657	-0.857686	-0.507969	-0.079635
54835	7.721907	0.452656	-5.080455	-0.633016	2.757353	0.639597	-0.069241	0.014862	0.997489	-0.500336	0.864521	-0.047611	-0.863058	-0.502377	-0.052424
54836	6.760258	-2.907821	-3.477146	-0.405799	2.167932	0.591188	-0.053416	0.030796	0.998097	-0.496464	0.866419	-0.053302	-0.866412	-0.498367	-0.030991
54837	7.891757	-2.021495	-0.581791	-0.114769	1.469297	0.476467	-0.043042	0.042233	0.998180	-0.495248	0.866812	-0.058030	-0.867685	-0.496844	-0.016393
54838	4.332885	-2.259174	-0.802691	0.058721	0.798174	0.359971	-0.037876	0.049288	0.998066	-0.495610	0.866358	-0.061592	-0.867719	-0.496985	-0.008386
54839	3.639541	-1.259070	-1.913489	0.674899	-0.148519	0.074086	-0.039539	0.049187	0.998007	-0.501435	0.862942	-0.062396	-0.864291	-0.502903	-0.009456
54840	4.817644	1.329659	-2.116148	1.221608	-0.894543	-0.311202	-0.045640	0.041933	0.998077	-0.512085	0.856877	-0.059417	-0.857721	-0.513812	-0.017634
54841	10.315953	4.726242	-1.263912	1.790779	-1.316366	-0.587718	-0.053821	0.030053	0.998098	-0.527656	0.847741	-0.053979	-0.847751	-0.529558	-0.029769
54842	15.584630	7.077051	1.764328	1.983684	-1.067137	-0.636495	-0.059370	0.018919	0.998057	-0.544722	0.837226	-0.048273	-0.836513	-0.546529	-0.039400
54843	16.535750	7.013937	3.701608	1.741180	-0.737603	-0.466842	-0.062923	0.010929	0.997959	-0.559488	0.827652	-0.044340	-0.826447	-0.561136	-0.045963
54844	16.297840	2.294931	1.641965	1.288400	-0.932626	-0.182816	-0.069534	0.004111	0.997571	-0.570206	0.820369	-0.043126	-0.818554	-0.571820	-0.054700
54845	13.175216	-4.074271	-2.144779	1.278654	-1.230178	-0.054278	-0.079219	-0.003457	0.996851	-0.580662	0.812991	-0.043326	-0.810282	-0.582266	-0.066412
54846	9.818042	-1.750549	-4.965570	1.444658	-1.576688	-0.026837	-0.091733	-0.012974	0.995699	-0.592321	0.804495	-0.044088	-0.800463	-0.593818	-0.081484
54847	10.497717	5.676247	-3.811751	0.548781	-1.508120	-0.029327	-0.103584	-0.022220	0.994372	-0.596731	0.801220	-0.044258	-0.795728	-0.597957	-0.096253
54848	9.524314	3.568709	-4.943570	-0.261747	-1.210582	0.158229	-0.114133	-0.028203	0.993065	-0.594478	0.802823	-0.045524	-0.795971	-0.595551	-0.108395
54849	9.098040	0.534695	-6.887350	-0.525380	-0.971986	0.238300	-0.123279	-0.032094	0.991853	-0.590003	0.806017	-0.047251	-0.797934	-0.591021	-0.118300
54850	9.582598	-0.131553	-8.163635	-0.478369	-0.792592	0.215535	-0.130850	-0.035050	0.990782	-0.585910	0.808907	-0.048764	-0.799742	-0.586890	-0.126382
54851	10.345207	-0.247878	-8.475893	-0.241127	-0.686240	0.197791	-0.137500	-0.037522	0.989791	-0.583706	0.810402	-0.050365	-0.800238	-0.584672	-0.133332
54852	10.450454	0.863285	-7.153116	-0.000804	-0.566098	0.179751	-0.143049	-0.039403	0.988931	-0.583450	0.810476	-0.052104	-0.799451	-0.584446	-0.138928
54853	10.048906	1.585212	-4.930022	0.051207	-0.404347	0.190839	-0.147410	-0.040286	0.988255	-0.583567	0.810267	-0.054016	-0.798574	-0.584675	-0.142951
54854	9.788374	-0.000040	-2.712916	-0.000742	-0.290337	0.204712	-0.150895	-0.040353	0.987726	-0.583259	0.810354	-0.055998	-0.798148	-0.584549	-0.145815
54855	9.616662	-2.162018	-2.048296	0.113090	-0.232284	0.210061	-0.153994	-0.040083	0.987258	-0.583822	0.809794	-0.058188	-0.797144	-0.585344	-0.148104
54856	9.498145	-3.146871	-1.823180	0.158905	-0.213065	0.202453	-0.156847	-0.039721	0.986824	-0.584776	0.808944	-0.060384	-0.795887	-0.586542	-0.150108
54857	9.408802	-2.989687	-1.365662	0.266061	-0.204307	0.176937	-0.159531	-0.039559	0.986400	-0.586594	0.807467	-0.062487	-0.794013	-0.588585	-0.152021
54858	9.707597	-1.906244	-0.722766	0.214622	-0.204478	0.149769	-0.162005	-0.039584	0.985996	-0.588060	0.806261	-0.064254	-0.792427	-0.590234	-0.153896
54859	9.781308	-1.255502	-0.436195	0.080037	-0.209436	0.140167	-0.164514	-0.039753	0.985573	-0.588450	0.805858	-0.065721	-0.791620	-0.590773	-0.155968
54860	9.626447	-1.385175	-0.680142	-0.018006	-0.229448	0.125190	-0.167039	-0.040128	0.985133	-0.588104	0.806015	-0.066888	-0.791348	-0.590534	-0.158235
54861	9.632465	-1.390605	-0.972396	0.058898	-0.250681	0.110390	-0.169695	-0.040778	0.984653	-0.588370	0.805724	-0.068032	-0.790584	-0.590885	-0.160720
54862	9.397351	-0.053859	-0.602655	0.214566	-0.310253	0.083000	-0.172607	-0.041973	0.984096	-0.589927	0.804489	-0.069159	-0.788792	-0.592482	-0.163622
54863	9.536162	0.324544	-0.109666	0.120197	-0.364544	0.073042	-0.175933	-0.043604	0.983436	-0.590735	0.803820	-0.070040	-0.787452	-0.593272	-0.167177
54864	9.967830	-1.129219	-0.481189	0.045279	-0.404394	0.065184	-0.179473	-0.045507	0.982710	-0.590980	0.803581	-0.070719	-0.786468	-0.593454	-0.171115
54865	9.763658	-2.075510	-0.890188	0.134751	-0.443082	0.048306	-0.183257	-0.047806	0.981902	-0.591940	0.802814	-0.071390	-0.784872	-0.594310	-0.175420
54866	9.560857	-1.931026	-1.285800	0.191842	-0.469013	0.022227	-0.187038	-0.050446	0.981057	-0.593407	0.801684	-0.071910	-0.782869	-0.595616	-0.179880
54867	9.493858	-1.554306	-1.786978	0.140494	-0.470541	0.006921	-0.190776	-0.053245	0.980188	-0.594484	0.800859	-0.072202	-0.781149	-0.596481	-0.184439
54868	9.329866	-1.646135	-1.935407	0.059086	-0.454309	-0.000371	-0.194293	-0.055987	0.979345	-0.594951	0.800506	-0.072270	-0.779926	-0.596703	-0.188842
54869	9.369991	-1.801602	-2.035359	0.125751	-0.450422	-0.020151	-0.197701	-0.058885	0.978492	-0.595962	0.799753	-0.072283	-0.778295	-0.597435	-0.193205
54870	9.244508	-0.825034	-1.847032	0.266915	-0.453005	-0.029453	-0.201018	-0.061859	0.977633	-0.598100	0.798137	-0.072478	-0.775802	-0.599292	-0.197438
54871	9.389432	-0.334337	-1.398949	0.278021	-0.480752	-0.035612	-0.204547	-0.065075	0.976691	-0.600319	0.796454	-0.072658	-0.773161	-0.601188	-0.201978
54872	9.532962	-0.818281	-1.211883	0.245308	-0.500897	-0.038752	-0.208153	-0.068427	0.975700	-0.602298	0.794950	-0.072742	-0.770655	-0.602803	-0.206684
54873	9.487949	-1.682712	-1.684449	0.265676	-0.521690	-0.044943	-0.211912	-0.071978	0.974634	-0.604430	0.793322	-0.072832	-0.767957	-0.604532	-0.211621
54874	9.402279	-1.598150	-2.200228	0.324155	-0.518215	-0.060179	-0.215492	-0.075621	0.973573	-0.607049	0.791314	-0.072901	-0.764889	-0.606716	-0.216427
54875	9.280132	-0.975575	-2.227671	0.290030	-0.518291	-0.071368	-0.219033	-0.079377	0.972483	-0.609413	0.789502	-0.072817	-0.761998	-0.608593	-0.221300
54876	9.361439	-0.316457	-2.185516	0.214130	-0.524350	-0.072127	-0.222554	-0.083168	0.971367	-0.611207	0.788138	-0.072556	-0.759536	-0.609854	-0.226236
54877	9.608542	-0.025074	-1.842290	0.103247	-0.543907	-0.078084	-0.226220	-0.087144	0.970170	-0.612161	0.787447	-0.072010	-0.757683	-0.610191	-0.231482
54878	10.187143	-0.227067	-1.446523	0.038363	-0.531292	-0.084191	-0.229698	-0.091075	0.968991	-0.612650	0.787137	-0.071245	-0.756240	-0.610017	-0.236601
54879	10.272894	-0.416130	-1.133873	-0.012982	-0.531312	-0.093923	-0.233151	-0.095096	0.967779	-0.612765	0.787134	-0.070278	-0.755089	-0.609407	-0.241793
54880	9.843193	-0.696793	-0.939248	-0.078155	-0.567542	-0.093763	-0.236832	-0.099317	0.966461	-0.612403	0.787517	-0.069142	-0.754237	-0.608238	-0.247331
54881	9.610447	-1.197185	-1.223972	-0.142034	-0.606690	-0.100924	-0.240799	-0.103837	0.965004	-0.611571	0.788281	-0.067785	-0.753656	-0.606491	-0.253321
54882	9.501079	-1.645291	-2.097513	-0.108081	-0.637548	-0.091560	-0.245013	-0.108449	0.963435	-0.610986	0.788836	-0.066586	-0.752771	-0.604960	-0.259536
54883	9.407525	-1.316793	-2.823868	-0.001694	-0.633494	-0.105357	-0.249143	-0.113147	0.961835	-0.611233	0.788732	-0.065543	-0.751214	-0.604235	-0.265666
54884	9.201666	-0.526780	-3.391639	0.001553	-0.633495	-0.108618	-0.253205	-0.117856	0.960207	-0.611525	0.788595	-0.064465	-0.749616	-0.603513	-0.271748
54885	9.384520	-0.181176	-3.551040	-0.068906	-0.626530	-0.120127	-0.257174	-0.122618	0.958554	-0.611315	0.788868	-0.063100	-0.748436	-0.602206	-0.277834
54886	9.762198	-0.517003	-3.525392	-0.107708	-0.586310	-0.127430	-0.260753	-0.127177	0.956992	-0.610847	0.789353	-0.061539	-0.747579	-0.600622	-0.283512
54887	9.881692	-0.374640	-3.156805	-0.156861	-0.571254	-0.125764	-0.264265	-0.131635	0.955425	-0.610004	0.790134	-0.059862	-0.747033	-0.598633	-0.289103
54888	9.756756	-0.597870	-2.860444	-0.275778	-0.572500	-0.131893	-0.267711	-0.136124	0.953835	-0.608303	0.791601	-0.057760	-0.747194	-0.595683	-0.294725
54889	9.392712	-1.063067	-2.643476	-0.351581	-0.582731	-0.138900	-0.271235	-0.140725	0.952170	-0.606049	0.793498	-0.055365	-0.747754	-0.592078	-0.300511
54890	9.267057	-1.376150	-2.351417	-0.366166	-0.604408	-0.153771	-0.274798	-0.145541	0.950423	-0.603738	0.795436	-0.052753	-0.748322	-0.588303	-0.306453
54891	9.259712	-1.120946	-1.909442	-0.382870	-0.637408	-0.168748	-0.278564	-0.150660	0.948527	-0.601340	0.797431	-0.049941	-0.748861	-0.584299	-0.312733
54892	9.255101	-0.978129	-1.484079	-0.441213	-0.681922	-0.186823	-0.282525	-0.156148	0.946466	-0.598567	0.799708	-0.046739	-0.749598	-0.579728	-0.319403
54893	9.381457	-1.168516	-1.326225	-0.478401	-0.736426	-0.213705	-0.286761	-0.162198	0.944172	-0.595695	0.802051	-0.043140	-0.750277	-0.574809	-0.326617
54894	10.028532	-1.582312	-1.355096	-0.485361	-0.796168	-0.243938	-0.291260	-0.168741	0.941645	-0.592766	0.804420	-0.039198	-0.750864	-0.569592	-0.334319
54895	10.288496	-0.631858	-1.235339	-0.467470	-0.835690	-0.252442	-0.296028	-0.175593	0.938901	-0.590102	0.806560	-0.035212	-0.751097	-0.564471	-0.342382
54896	10.154367	-0.127906	-1.046116	-0.609157	-0.883594	-0.250196	-0.301170	-0.182601	0.935924	-0.586280	0.809526	-0.030718	-0.752045	-0.557965	-0.350860
54897	10.172351	-0.599043	-1.189900	-0.715121	-0.942764	-0.269819	-0.306690	-0.190041	0.932645	-0.581726	0.812981	-0.025636	-0.753350	-0.550406	-0.359885
54898	10.289796	-0.399605	-1.198502	-0.658268	-0.999754	-0.310267	-0.312399	-0.198063	0.929073	-0.577735	0.815972	-0.020310	-0.754075	-0.543103	-0.369337
54899	10.291183	-0.190179	-1.277601	-0.602888	-1.085704	-0.349129	-0.318569	-0.206797	0.925067	-0.574302	0.818510	-0.014798	-0.754116	-0.535982	-0.379516
54900	10.379027	-0.323375	-1.487818	-0.567716	-1.159362	-0.388461	-0.325057	-0.216183	0.920653	-0.571282	0.820705	-0.008991	-0.753641	-0.528875	-0.390278
54901	10.694524	-0.601224	-1.569313	-0.530722	-1.237844	-0.437861	-0.331871	-0.226303	0.915778	-0.568738	0.822514	-0.002850	-0.752595	-0.521783	-0.401675
54902	11.124700	-0.598539	-1.312805	-0.473202	-1.313765	-0.460806	-0.339105	-0.236935	0.910423	-0.566737	0.823892	0.003323	-0.750878	-0.514843	-0.413665
54903	11.302180	-0.153575	-0.932362	-0.433148	-1.380250	-0.486814	-0.346677	-0.248022	0.904599	-0.565176	0.824914	0.009577	-0.748592	-0.507938	-0.426155
54904	11.558762	0.100806	-0.614497	-0.475601	-1.465197	-0.498858	-0.354787	-0.259556	0.898197	-0.563383	0.826038	0.016168	-0.746141	-0.500292	-0.439297
54905	12.166715	-0.087658	-0.506444	-0.491555	-1.547548	-0.509318	-0.363417	-0.271455	0.891201	-0.561572	0.827110	0.022933	-0.743347	-0.492140	-0.453028
54906	12.423603	0.595524	-0.208248	-0.445198	-1.638043	-0.516812	-0.372640	-0.283756	0.883528	-0.560185	0.827839	0.029605	-0.739819	-0.483907	-0.467442
54907	12.344733	1.567177	0.108841	-0.481642	-1.735947	-0.499108	-0.382615	-0.296217	0.875135	-0.558541	0.828683	0.036296	-0.735961	-0.474911	-0.482516
54908	12.155098	2.000550	0.208131	-0.644819	-1.828483	-0.483933	-0.393319	-0.308846	0.865976	-0.555697	0.830236	0.043707	-0.732463	-0.464029	-0.498172
54909	11.841126	1.491212	0.926457	-0.914811	-1.945700	-0.494692	-0.404749	-0.321857	0.855913	-0.551010	0.832838	0.052616	-0.729772	-0.450320	-0.514437
54910	11.507108	0.105926	1.164806	-1.055917	-2.060990	-0.511946	-0.416930	-0.335280	0.844841	-0.545435	0.835818	0.062526	-0.727097	-0.434737	-0.531351
54911	11.031388	-1.481312	1.019119	-0.980107	-2.156979	-0.528207	-0.429631	-0.348909	0.832874	-0.540594	0.838174	0.072268	-0.723308	-0.419198	-0.548724
54912	11.312026	-2.269253	0.352916	-0.726581	-2.265130	-0.529103	-0.443071	-0.362713	0.819834	-0.537684	0.839273	0.080727	-0.717346	-0.405043	-0.566882
54913	11.552509	-2.251750	-0.661982	-0.455389	-2.324861	-0.507830	-0.456842	-0.376238	0.806065	-0.536757	0.839189	0.087489	-0.709357	-0.392693	-0.585325
54914	11.647299	-1.799550	-2.243655	-0.276453	-2.356738	-0.466751	-0.470918	-0.389305	0.791629	-0.536990	0.838458	0.092894	-0.699912	-0.381352	-0.603899
54915	11.553079	-1.307538	-3.924662	-0.203017	-2.331033	-0.433984	-0.484691	-0.401690	0.776994	-0.537696	0.837477	0.097542	-0.689897	-0.370509	-0.621905
54916	10.783134	-1.097471	-5.484934	-0.167117	-2.269928	-0.368446	-0.498228	-0.413094	0.762313	-0.538380	0.836572	0.101464	-0.679644	-0.359862	-0.639205
54917	9.737842	-1.122605	-6.452299	-0.070430	-2.212386	-0.287962	-0.511496	-0.423338	0.747768	-0.539405	0.835588	0.104086	-0.668890	-0.350110	-0.655751
54918	9.165586	-0.620238	-7.436982	0.036550	-2.152192	-0.191833	-0.524710	-0.432410	0.733281	-0.540660	0.834626	0.105295	-0.657546	-0.341206	-0.671723
54919	9.218952	-0.279483	-8.540224	0.050796	-1.952848	-0.084067	-0.536896	-0.439680	0.720017	-0.541487	0.834057	0.105547	-0.646942	-0.333212	-0.685883
54920	8.800756	-0.320321	-8.802030	0.131122	-1.653051	0.003923	-0.547507	-0.445135	0.708584	-0.542327	0.833625	0.104642	-0.637273	-0.326992	-0.697824
54921	8.270844	-0.272189	-8.620153	0.318448	-1.291933	0.090817	-0.556083	-0.448568	0.699685	-0.543894	0.832963	0.101746	-0.628452	-0.323975	-0.707170
54922	7.457962	0.401582	-8.744893	0.467103	-0.957971	0.162074	-0.562924	-0.450351	0.693038	-0.545924	0.832163	0.097327	-0.620551	-0.323558	-0.714301
54923	6.464098	2.766889	-9.285180	0.287027	-0.645053	0.174706	-0.567774	-0.450969	0.688665	-0.546764	0.831989	0.094041	-0.615372	-0.323143	-0.718955
54924	6.724003	4.537150	-9.429378	-0.360252	-0.378396	0.168317	-0.570995	-0.450811	0.686100	-0.543609	0.833887	0.095507	-0.615186	-0.318436	-0.721211
54925	7.982564	4.034704	-8.148303	-1.085583	0.055968	0.207620	-0.571782	-0.448745	0.686799	-0.535573	0.838322	0.101866	-0.621471	-0.309586	-0.719674
54926	6.907991	2.061036	-6.721788	-1.474340	0.526509	0.288603	-0.569987	-0.444745	0.690881	-0.524703	0.844086	0.110480	-0.632298	-0.299536	-0.714477
54927	5.947657	0.730841	-5.978145	-1.446988	0.944422	0.387517	-0.565965	-0.438535	0.698119	-0.513137	0.850152	0.118036	-0.645270	-0.291427	-0.706185
54928	5.052914	0.458831	-5.621931	-1.324852	1.342292	0.499349	-0.559718	-0.430431	0.708128	-0.501703	0.856130	0.123838	-0.659553	-0.285955	-0.695140
54929	4.792534	0.173576	-5.362829	-1.175256	1.673318	0.632174	-0.551603	-0.420231	0.720513	-0.490396	0.862138	0.127399	-0.674719	-0.283063	-0.681638
54930	4.861533	0.782614	-5.712306	-0.977689	1.963828	0.727951	-0.541709	-0.408410	0.734679	-0.479763	0.867905	0.128721	-0.690202	-0.282742	-0.666092
54931	4.998621	1.669865	-5.857344	-0.947201	2.237549	0.782898	-0.529709	-0.395246	0.750459	-0.468999	0.873710	0.129117	-0.706717	-0.283570	-0.648182
54932	4.956739	2.038321	-5.532919	-1.044882	2.483563	0.866823	-0.515927	-0.380628	0.767426	-0.457007	0.880024	0.129237	-0.724544	-0.284042	-0.627977
54933	4.775370	1.371280	-5.685798	-1.010889	2.685749	0.994947	-0.500624	-0.364183	0.785332	-0.444576	0.886587	0.127735	-0.742784	-0.285193	-0.605753
54934	4.833754	0.475073	-6.538867	-0.746269	2.842888	1.120847	-0.484160	-0.346086	0.803625	-0.433465	0.892696	0.123295	-0.760064	-0.288649	-0.582224
54935	5.445396	0.733912	-7.175607	-0.434334	2.959746	1.212760	-0.466551	-0.326578	0.821996	-0.424407	0.898024	0.115898	-0.776022	-0.294788	-0.557575
54936	5.900002	1.822042	-6.958306	-0.246685	3.086834	1.280886	-0.447726	-0.305860	0.840233	-0.416633	0.902800	0.106629	-0.791175	-0.302328	-0.531638
54937	5.822299	1.773534	-6.521053	-0.176620	3.191832	1.351108	-0.427745	-0.283840	0.858178	-0.409349	0.907308	0.096056	-0.805895	-0.310206	-0.504286
54938	5.759202	0.932281	-7.378048	0.057994	3.307201	1.410487	-0.406582	-0.260631	0.875650	-0.403949	0.910955	0.083578	-0.819461	-0.319737	-0.475659
54939	5.550779	0.883700	-8.053679	0.500150	3.441461	1.452173	-0.383970	-0.236141	0.892639	-0.402375	0.912914	0.068422	-0.831060	-0.332904	-0.445548
54940	5.202070	2.012350	-7.748845	0.874317	3.556504	1.478139	-0.360178	-0.210551	0.908812	-0.404196	0.913228	0.051385	-0.840772	-0.348831	-0.414029
54941	5.492598	3.233288	-7.461369	0.983230	3.683637	1.463500	-0.334929	-0.184026	0.924098	-0.407455	0.912590	0.034057	-0.849590	-0.365122	-0.380635
54942	5.636345	3.913584	-6.813159	0.780553	3.783779	1.461899	-0.308559	-0.156645	0.938218	-0.409428	0.912172	0.017645	-0.858580	-0.378689	-0.345594
54943	5.881996	2.428695	-6.809939	0.434504	3.835257	1.436035	-0.281277	-0.128831	0.950939	-0.408972	0.912543	0.002659	-0.868116	-0.388160	-0.309366
54944	6.263283	0.170822	-7.173239	0.361975	3.840659	1.362163	-0.253310	-0.101373	0.962059	-0.408497	0.912689	-0.011387	-0.876906	-0.395883	-0.272604
54945	7.582814	0.003522	-8.167003	0.527943	3.775184	1.244377	-0.225135	-0.074921	0.971443	-0.410190	0.911664	-0.024752	-0.883775	-0.404048	-0.235980
54946	9.298015	1.891551	-8.128328	0.273055	3.685398	1.136809	-0.197081	-0.049611	0.979131	-0.410217	0.911261	-0.036397	-0.890439	-0.408830	-0.199943
54947	8.823899	3.318405	-4.965819	-0.470310	3.523506	1.039888	-0.169774	-0.025777	0.985146	-0.404116	0.913563	-0.045739	-0.898814	-0.405879	-0.165516
54948	6.990199	0.438473	-5.294480	-1.153438	3.259059	0.962700	-0.144132	-0.003927	0.989551	-0.392184	0.918331	-0.053479	-0.908525	-0.395794	-0.133901
54949	6.579628	-4.796960	-6.469906	-0.904433	2.838744	0.836642	-0.121471	0.014868	0.992484	-0.382830	0.921825	-0.060664	-0.915798	-0.387321	-0.106283
54950	6.720920	-5.461687	-5.014932	-0.122844	2.349256	0.593073	-0.102165	0.029383	0.994333	-0.381041	0.922171	-0.066401	-0.918896	-0.385666	-0.083017
54951	9.901620	-3.421024	-0.859746	0.355310	1.815237	0.472136	-0.087297	0.040745	0.995349	-0.383866	0.920628	-0.071354	-0.919253	-0.388309	-0.064728
54952	4.221949	-3.911434	-2.194292	1.067293	1.049149	0.255797	-0.078644	0.047184	0.995785	-0.393448	0.916324	-0.074492	-0.915977	-0.397648	-0.053499
54953	4.987432	0.145839	-2.999377	2.138132	0.064743	-0.279181	-0.076944	0.044896	0.996024	-0.413167	0.907738	-0.072834	-0.907399	-0.417128	-0.051296
54954	5.455495	0.185958	-3.119349	2.670894	-0.958951	-0.694893	-0.082610	0.034476	0.995985	-0.437797	0.896548	-0.067346	-0.895271	-0.441603	-0.058970
54955	10.642564	-1.859917	-3.838433	3.086014	-1.623421	-0.846425	-0.093216	0.019540	0.995454	-0.465941	0.882713	-0.060958	-0.879892	-0.469505	-0.073179
54956	16.412819	8.291794	-1.243505	3.906393	-1.782313	-0.895308	-0.104365	0.003014	0.994535	-0.500801	0.863802	-0.055171	-0.859247	-0.503822	-0.088641
54957	18.816351	13.492030	4.151965	2.891675	-1.239748	-0.833783	-0.110651	-0.010547	0.993803	-0.526315	0.848842	-0.049592	-0.843059	-0.528541	-0.099476
54958	14.502032	5.946212	0.432792	1.711637	-1.009048	-0.306553	-0.117445	-0.018570	0.992906	-0.541009	0.839629	-0.048290	-0.832776	-0.542842	-0.108657
54959	10.232800	2.386346	-3.945844	1.137967	-1.065279	0.065943	-0.126626	-0.023888	0.991663	-0.550361	0.833417	-0.050200	-0.825269	-0.552129	-0.118679
54960	7.466667	7.008653	-7.556722	0.248369	-1.124450	0.251785	-0.137252	-0.028039	0.990139	-0.552077	0.832109	-0.052964	-0.822419	-0.553903	-0.129688
54961	9.037580	5.294338	-8.326159	-0.976815	-1.018847	0.358139	-0.147605	-0.030705	0.988570	-0.543506	0.837593	-0.055136	-0.826326	-0.545431	-0.140322
54962	10.059996	2.530102	-7.968119	-1.351063	-0.760438	0.410309	-0.156093	-0.031387	0.987244	-0.531680	0.845012	-0.057199	-0.832437	-0.533826	-0.148588
54963	10.417372	-0.008366	-5.761802	-1.456740	-0.542172	0.388397	-0.162667	-0.031025	0.986193	-0.518868	0.852833	-0.058755	-0.839235	-0.521261	-0.154826
54964	10.202843	-3.610222	-5.144165	-0.798900	-0.470906	0.325683	-0.168280	-0.030709	0.985261	-0.511615	0.857070	-0.060669	-0.842575	-0.514283	-0.159939
54965	9.663654	-3.464168	-3.774716	-0.032095	-0.476104	0.233376	-0.173497	-0.031233	0.984339	-0.510927	0.857323	-0.062852	-0.841934	-0.513830	-0.164701
54966	9.691561	-1.833372	-2.413391	0.503002	-0.469424	0.196098	-0.178422	-0.032007	0.983433	-0.514812	0.854791	-0.065581	-0.838531	-0.517985	-0.168991
54967	9.356700	-0.555502	-1.680088	0.600719	-0.414203	0.216864	-0.183028	-0.032386	0.982574	-0.519428	0.851749	-0.068682	-0.834682	-0.522948	-0.172716
54968	9.319106	-0.766056	-1.969345	0.356280	-0.375447	0.226685	-0.187312	-0.032456	0.981764	-0.521983	0.849955	-0.071491	-0.832135	-0.525855	-0.176149
54969	9.623288	-1.865619	-2.336108	0.028002	-0.342839	0.232971	-0.191398	-0.032352	0.980979	-0.521757	0.849899	-0.073770	-0.831346	-0.525952	-0.179549
54970	9.851489	-3.145132	-2.747478	-0.152762	-0.311787	0.222920	-0.195127	-0.032124	0.980252	-0.520061	0.850773	-0.075641	-0.831542	-0.524550	-0.182716
