// General information: 
//  MT Manager version: 2022.2.0 
//  XDA version: 2022.2.0 build 7381 rev 124627 built on 2023-07-19
// Device information: 
//  DeviceId: 00B4CAF0
//  ProductCode: MTW2-3A7G6
//  Firmware Version: 4.6.0
//  Hardware Version: 2.0.0
// Device settings: 
//  Filter Profile: human(46.1)
//  Option Flags: Orientation Smoother Disabled, Position/Velocity Smoother Disabled, Continuous Zero Rotation Update Disabled, AHS Disabled, ICC Disabled
// Coordinate system: ENU
PacketCounter	Acc_X	Acc_Y	Acc_Z	Gyr_X	Gyr_Y	Gyr_Z	Mat[1][1]	Mat[2][1]	Mat[3][1]	Mat[1][2]	Mat[2][2]	Mat[3][2]	Mat[1][3]	Mat[2][3]	Mat[3][3]
03757	6.135371	-0.383563	8.220910	0.007911	-0.008491	-0.004675	0.056643	0.776688	0.627333	-0.990407	0.123036	-0.062903	-0.126041	-0.617752	0.776206
03758	6.205408	-0.502115	8.245986	-0.003438	0.000833	-0.005259	0.056715	0.776671	0.627348	-0.990392	0.123143	-0.062918	-0.126120	-0.617753	0.776193
03759	6.278071	-0.573627	8.182315	-0.007347	-0.011812	-0.002828	0.056689	0.776728	0.627279	-0.990393	0.123124	-0.062953	-0.126131	-0.617684	0.776246
03760	6.303513	-0.396043	8.104836	-0.022675	0.024372	0.006768	0.056671	0.776871	0.627104	-0.990361	0.123255	-0.063193	-0.126387	-0.617478	0.776368
03761	6.210644	-0.656358	8.031484	0.007364	0.029361	0.007055	0.056600	0.777194	0.626710	-0.990385	0.123069	-0.063176	-0.126229	-0.617109	0.776687
03762	6.135181	-0.458490	8.104701	0.002486	0.042974	0.008157	0.056592	0.777453	0.626389	-0.990386	0.123035	-0.063229	-0.126226	-0.616789	0.776942
03763	5.958145	-0.592495	8.285932	-0.001424	0.042150	0.006877	0.056539	0.777854	0.625897	-0.990399	0.122905	-0.063279	-0.126148	-0.616310	0.777335
03764	5.999112	-0.427643	8.284180	0.007087	0.030721	0.008712	0.056509	0.778038	0.625671	-0.990406	0.122838	-0.063300	-0.126106	-0.616091	0.777515
03765	6.060145	-0.488210	8.275222	0.002090	0.019366	0.008604	0.056411	0.778300	0.625354	-0.990424	0.122674	-0.063334	-0.126007	-0.615793	0.777767
03766	6.153244	-0.520151	8.174939	-0.005934	0.020618	0.006507	0.056391	0.778418	0.625208	-0.990414	0.122704	-0.063442	-0.126100	-0.615637	0.777876
03767	6.187582	-0.556761	8.144657	-0.003867	0.022441	0.010884	0.056274	0.778701	0.624866	-0.990425	0.122559	-0.063535	-0.126058	-0.615308	0.778142
03768	6.238136	-0.571929	8.147013	-0.004536	0.029581	0.013486	0.056196	0.778884	0.624646	-0.990421	0.122526	-0.063676	-0.126132	-0.615084	0.778308
03769	6.232245	-0.670468	8.123526	-0.005004	0.039742	0.013760	0.056074	0.779275	0.624168	-0.990432	0.122366	-0.063797	-0.126092	-0.614619	0.778681
03770	5.991839	-0.625740	8.143373	0.002942	0.048784	0.013332	0.056021	0.779575	0.623798	-0.990437	0.122288	-0.063879	-0.126081	-0.614254	0.778971
03771	5.465550	-0.491900	8.489980	0.013931	0.017591	0.003388	0.055973	0.779817	0.623501	-0.990467	0.122094	-0.063787	-0.125868	-0.613986	0.779216
03772	5.691298	-0.328285	8.449852	0.008344	-0.036366	0.000609	0.055940	0.779578	0.623802	-0.990471	0.122082	-0.063747	-0.125851	-0.614292	0.778978
03773	6.091199	-0.332900	8.302794	-0.004874	-0.043575	-0.001132	0.055860	0.779439	0.623983	-0.990475	0.122038	-0.063773	-0.125857	-0.614477	0.778831
03774	6.257703	-0.616724	8.239782	-0.003104	-0.052205	0.008601	0.055727	0.779113	0.624402	-0.990469	0.122034	-0.063872	-0.125962	-0.614891	0.778487
03775	6.511223	-0.662125	8.119713	-0.012672	-0.039502	0.004245	0.055600	0.779004	0.624549	-0.990465	0.121997	-0.063992	-0.126043	-0.615036	0.778360
03776	6.668191	-0.633956	8.037946	0.010985	0.008075	0.007631	0.055553	0.779047	0.624499	-0.990477	0.121914	-0.063976	-0.125975	-0.614998	0.778401
03777	6.530358	-0.712669	8.034211	0.028522	0.079335	0.008218	0.055536	0.779673	0.623720	-0.990527	0.121594	-0.063800	-0.125583	-0.614268	0.779040
03778	6.145544	-0.762749	8.121566	0.035167	0.114635	-0.000486	0.055703	0.780360	0.622845	-0.990564	0.121425	-0.063544	-0.125217	-0.613428	0.779760
03779	5.863034	-0.591795	8.249262	0.064817	0.096161	-0.009461	0.055882	0.781064	0.621945	-0.990650	0.121023	-0.062975	-0.124457	-0.612611	0.780524
03780	5.936239	-0.457633	8.219295	0.042891	0.079616	-0.005145	0.056050	0.781530	0.621345	-0.990694	0.120844	-0.062630	-0.124033	-0.612052	0.781030
03781	5.859031	-0.418350	8.327956	0.022404	0.062134	-0.010925	0.056201	0.782022	0.620711	-0.990725	0.120714	-0.062382	-0.123712	-0.611449	0.781554
03782	6.065705	-0.345859	8.342370	0.022138	0.035509	-0.001180	0.056275	0.782222	0.620453	-0.990745	0.120631	-0.062223	-0.123518	-0.611209	0.781771
03783	6.684852	-0.552130	8.296788	0.015019	0.072049	-0.000427	0.056334	0.782787	0.619734	-0.990774	0.120464	-0.062098	-0.123265	-0.610518	0.782351
03784	6.778198	-0.725579	8.167429	0.029670	0.160073	-0.002372	0.056572	0.783745	0.618501	-0.990802	0.120346	-0.061873	-0.122926	-0.609312	0.783344
03785	6.280412	-0.796554	8.142381	0.035434	0.218339	-0.009902	0.056905	0.785185	0.616642	-0.990850	0.120131	-0.061528	-0.122389	-0.607498	0.784836
03786	6.111232	-0.717079	8.237358	0.053250	0.216176	-0.016685	0.057352	0.786460	0.614972	-0.990898	0.119983	-0.061029	-0.121783	-0.605875	0.786184
03787	6.033680	-0.716716	8.320265	0.025097	0.224695	-0.023326	0.057823	0.787913	0.613065	-0.990925	0.119939	-0.060684	-0.121344	-0.603993	0.787698
03788	6.059088	-0.384855	8.295040	0.053198	0.204273	-0.029435	0.058380	0.789095	0.611491	-0.990966	0.119894	-0.060107	-0.120744	-0.602458	0.788965
03789	6.201923	-1.075944	8.474466	0.022298	0.207677	-0.025637	0.058850	0.790434	0.609714	-0.990987	0.119887	-0.059770	-0.120341	-0.600701	0.790365
03790	5.650541	-0.435073	8.215656	0.094589	0.205303	-0.026814	0.059381	0.791618	0.608124	-0.991078	0.119575	-0.058881	-0.119328	-0.599202	0.791655
03791	5.660169	-0.036511	8.227241	0.068629	0.161660	-0.017171	0.059709	0.792685	0.606701	-0.991158	0.119226	-0.058229	-0.118492	-0.597860	0.792795
03792	5.503992	-0.283824	8.181702	0.022624	0.135725	-0.007890	0.059966	0.793470	0.605647	-0.991174	0.119197	-0.058025	-0.118232	-0.596822	0.793615
03793	5.574395	-0.355566	8.253635	0.021790	0.088874	-0.000210	0.060039	0.794119	0.604789	-0.991208	0.118995	-0.057846	-0.117903	-0.595999	0.794282
03794	5.644482	-0.328807	8.221818	0.007688	0.056698	0.009123	0.060034	0.794453	0.604352	-0.991216	0.118920	-0.057863	-0.117839	-0.595570	0.794614
03795	5.666834	-0.319220	8.204628	-0.012513	0.036324	0.019304	0.059852	0.794810	0.603899	-0.991222	0.118767	-0.058074	-0.117881	-0.595123	0.794942
03796	5.615885	-0.407374	8.305136	-0.014677	-0.000626	0.032832	0.059544	0.794830	0.603904	-0.991218	0.118637	-0.058411	-0.118072	-0.595122	0.794914
03797	5.593191	-0.507352	8.252085	-0.026880	-0.022248	0.045214	0.059037	0.794870	0.603902	-0.991222	0.118364	-0.058893	-0.118292	-0.595124	0.794880
03798	5.599357	-0.520696	8.399959	-0.027747	-0.057501	0.058981	0.058402	0.794581	0.604342	-0.991218	0.118104	-0.059492	-0.118646	-0.595560	0.794501
03799	5.666767	-0.298330	8.359821	-0.041060	-0.067315	0.039783	0.057895	0.794345	0.604701	-0.991201	0.117959	-0.060053	-0.119033	-0.595903	0.794185
03800	5.699598	-0.294671	8.335244	-0.064792	-0.094260	0.047691	0.057328	0.793824	0.605439	-0.991145	0.118010	-0.060879	-0.119775	-0.596588	0.793560
03801	5.921572	-0.642072	8.341183	-0.068429	-0.102346	0.046581	0.056712	0.793386	0.606071	-0.991098	0.117975	-0.061697	-0.120451	-0.597177	0.793014
03802	5.903614	-0.498524	8.319824	-0.055220	-0.112694	0.044246	0.056155	0.792750	0.606955	-0.991050	0.117998	-0.062426	-0.121108	-0.598017	0.792280
03803	5.856711	-0.392200	8.209601	-0.065515	-0.116492	0.049829	0.055489	0.792229	0.607696	-0.991007	0.117922	-0.063241	-0.121762	-0.598722	0.791648
03804	6.029571	-0.593804	8.194716	-0.082163	-0.123052	0.052498	0.054836	0.791538	0.608655	-0.990929	0.118042	-0.064233	-0.122690	-0.599611	0.790831
03805	6.292465	-1.781971	8.313588	-0.073183	-0.098884	0.023854	0.054447	0.791090	0.609272	-0.990861	0.118219	-0.064950	-0.123409	-0.600167	0.790297
03806	5.145297	-0.742586	8.356523	0.109461	-0.158683	-0.021195	0.054481	0.790096	0.610557	-0.990977	0.117773	-0.063979	-0.122456	-0.601563	0.789383
03807	6.114853	-0.394987	8.581392	0.048996	-0.159377	-0.050194	0.054752	0.789194	0.611698	-0.991019	0.117802	-0.063281	-0.122000	-0.602740	0.788556
03808	6.226119	-0.504227	8.399444	0.061895	-0.153803	-0.054069	0.055119	0.788187	0.612963	-0.991058	0.117899	-0.062484	-0.121517	-0.604037	0.787637
03809	6.388162	0.097627	8.304821	0.070252	-0.114353	-0.045131	0.055397	0.787560	0.613743	-0.991127	0.117759	-0.061649	-0.120826	-0.604882	0.787095
03810	6.249754	-0.441708	8.296754	0.028518	-0.082552	-0.031926	0.055632	0.787007	0.614431	-0.991137	0.117881	-0.061251	-0.120634	-0.605578	0.786589
03811	6.301395	-0.560548	8.315581	0.039912	-0.064147	-0.029531	0.055818	0.786700	0.614807	-0.991177	0.117802	-0.060749	-0.120216	-0.605992	0.786334
03812	6.557612	-0.685834	8.126070	0.042280	-0.025696	-0.027600	0.056079	0.786496	0.615044	-0.991206	0.117806	-0.060269	-0.119857	-0.606256	0.786186
03813	6.725592	-0.643148	8.126864	0.043072	0.039999	-0.012758	0.056225	0.786838	0.614593	-0.991259	0.117577	-0.059845	-0.119351	-0.605856	0.786571
03814	6.077148	-0.499389	8.232770	0.058538	0.078045	0.003802	0.056299	0.787300	0.613995	-0.991324	0.117237	-0.059430	-0.118772	-0.605322	0.787069
03815	5.859984	-0.439063	8.232052	0.040900	0.074308	0.002800	0.056331	0.787866	0.613265	-0.991383	0.116900	-0.059119	-0.118269	-0.604650	0.787662
03816	5.884125	-0.363302	8.282592	0.038054	0.056067	0.008435	0.056332	0.788199	0.612837	-0.991426	0.116647	-0.058893	-0.117905	-0.604264	0.788012
03817	5.811436	-0.622592	8.238267	0.020018	0.041973	0.012749	0.056228	0.788581	0.612355	-0.991465	0.116359	-0.058807	-0.117627	-0.603822	0.788392
03818	4.984509	-0.589822	8.522494	0.033369	0.001187	-0.001604	0.056263	0.788570	0.612365	-0.991497	0.116214	-0.058556	-0.117341	-0.603864	0.788403
03819	4.826256	-0.728192	8.974008	0.024153	-0.122877	-0.038041	0.056469	0.787897	0.613213	-0.991512	0.116301	-0.058127	-0.117115	-0.604725	0.787776
03820	6.206106	-0.290433	8.317490	0.049981	-0.213599	-0.066590	0.056897	0.786510	0.614951	-0.991526	0.116566	-0.057346	-0.116786	-0.606477	0.786478
03821	6.550852	-0.384604	8.059033	-0.013887	-0.138283	-0.046620	0.057170	0.785731	0.615920	-0.991491	0.116950	-0.057162	-0.116946	-0.607412	0.785732
03822	6.674451	-0.410903	8.179917	0.031407	-0.111329	-0.041967	0.057475	0.784990	0.616837	-0.991498	0.117133	-0.056679	-0.116744	-0.608335	0.785048
03823	6.500426	-0.110763	8.157380	0.003225	-0.048849	-0.017770	0.057568	0.784785	0.617089	-0.991499	0.117187	-0.056537	-0.116685	-0.608588	0.784860
03824	6.110447	-0.261547	8.309150	-0.027089	-0.039376	-0.001920	0.057559	0.784527	0.617417	-0.991460	0.117411	-0.056760	-0.117021	-0.608877	0.784585
03825	6.173002	-0.259742	8.236830	-0.018276	-0.046434	0.006277	0.057417	0.784364	0.617638	-0.991450	0.117409	-0.056934	-0.117174	-0.609088	0.784399
03826	6.224834	-0.557535	8.113671	-0.042187	-0.034050	0.015235	0.057245	0.784159	0.617914	-0.991403	0.117590	-0.057381	-0.117657	-0.609317	0.784149
03827	6.235628	-0.613431	8.124373	-0.021557	-0.026747	0.013814	0.057052	0.784124	0.617977	-0.991394	0.117550	-0.057628	-0.117830	-0.609370	0.784081
03828	6.193051	-0.780961	8.128073	-0.019257	-0.010120	0.012124	0.056938	0.784060	0.618067	-0.991371	0.117616	-0.057876	-0.118072	-0.609439	0.783992
03829	6.176512	-0.677240	8.102255	0.003633	0.002188	0.002942	0.056887	0.784188	0.617911	-0.991385	0.117508	-0.057858	-0.117981	-0.609296	0.784117
03830	6.193738	-0.740494	8.062877	0.004641	0.011345	-0.006876	0.056987	0.784233	0.617844	-0.991380	0.117577	-0.057801	-0.117974	-0.609224	0.784173
03831	6.182018	-0.641908	8.188457	0.025452	0.015772	-0.008776	0.057069	0.784428	0.617589	-0.991413	0.117429	-0.057541	-0.117660	-0.609001	0.784394
03832	6.449461	-0.438715	8.138029	0.018222	0.028769	-0.000679	0.057127	0.784587	0.617382	-0.991427	0.117368	-0.057416	-0.117508	-0.608809	0.784566
03833	6.418586	-0.337206	8.012577	0.010368	0.066429	0.014188	0.057041	0.785116	0.616717	-0.991455	0.117132	-0.057415	-0.117315	-0.608172	0.785089
03834	6.187143	-0.450287	8.171216	-0.002718	0.084006	0.023369	0.056926	0.785638	0.616062	-0.991459	0.117009	-0.057603	-0.117340	-0.607521	0.785589
03835	6.064758	-0.285951	8.233299	-0.000921	0.087187	0.029416	0.056714	0.786309	0.615225	-0.991482	0.116724	-0.057784	-0.117248	-0.606707	0.786231
03836	5.909295	-0.587142	8.275935	-0.010146	0.082156	0.037577	0.056456	0.786835	0.614576	-0.991485	0.116534	-0.058117	-0.117347	-0.606061	0.786714
03837	5.854028	-0.385795	8.352121	0.011880	0.059151	0.025668	0.056248	0.787329	0.613961	-0.991521	0.116200	-0.058174	-0.117145	-0.605483	0.787189
03838	5.851819	-0.380890	8.331567	-0.005823	0.043823	0.018590	0.056134	0.787601	0.613624	-0.991518	0.116133	-0.058356	-0.117223	-0.605143	0.787439
03839	5.767093	-0.350027	8.334301	-0.008956	0.026962	0.025877	0.055886	0.787899	0.613263	-0.991529	0.115924	-0.058578	-0.117246	-0.604794	0.787704
03840	5.623713	-0.236750	8.476958	0.001409	-0.007189	0.011390	0.055783	0.787854	0.613331	-0.991531	0.115869	-0.058659	-0.117281	-0.604865	0.787645
03841	5.655053	-0.560045	8.346821	-0.013862	-0.026271	-0.002062	0.055751	0.787798	0.613405	-0.991521	0.115910	-0.058748	-0.117381	-0.604929	0.787580
03842	5.817119	-0.728716	8.341535	0.009158	-0.062145	-0.017521	0.055870	0.787386	0.613923	-0.991515	0.116037	-0.058590	-0.117371	-0.605441	0.787188
03843	6.242218	-0.657483	8.115495	0.020241	-0.069961	-0.024984	0.056014	0.787039	0.614355	-0.991532	0.116052	-0.058270	-0.117158	-0.605889	0.786875
03844	6.193070	-0.898702	8.120839	0.028691	-0.054816	-0.039837	0.056363	0.786645	0.614828	-0.991537	0.116235	-0.057821	-0.116950	-0.606366	0.786539
03845	6.103760	-0.818381	8.152994	0.074949	-0.058099	-0.052740	0.056796	0.786336	0.615183	-0.991602	0.116138	-0.056901	-0.116189	-0.606785	0.786329
03846	6.096848	-0.458916	8.287780	0.063843	-0.045800	-0.055724	0.057314	0.785978	0.615593	-0.991638	0.116232	-0.056078	-0.115628	-0.607231	0.786067
03847	6.082415	-0.477384	8.276693	0.077044	-0.045930	-0.060648	0.057841	0.785733	0.615856	-0.991699	0.116184	-0.055093	-0.114841	-0.607557	0.785930
03848	6.096153	-0.261155	8.276089	0.064886	-0.048651	-0.051946	0.058319	0.785361	0.616285	-0.991736	0.116242	-0.054285	-0.114271	-0.608026	0.785650
03849	6.184189	-0.406544	8.242905	0.055306	-0.036121	-0.046602	0.058719	0.785191	0.616463	-0.991779	0.116216	-0.053556	-0.113695	-0.608251	0.785560
03850	6.099291	-0.384538	8.312707	0.050412	-0.034307	-0.041816	0.059113	0.784918	0.616773	-0.991805	0.116281	-0.052924	-0.113260	-0.608590	0.785360
03851	6.164990	-0.311952	8.307435	0.045014	-0.034105	-0.033060	0.059382	0.784776	0.616929	-0.991843	0.116212	-0.052360	-0.112785	-0.608788	0.785275
03852	6.147933	-0.173499	8.260779	0.030846	-0.043140	-0.018261	0.059533	0.784476	0.617295	-0.991861	0.116211	-0.052027	-0.112550	-0.609174	0.785009
03853	6.155937	-0.158794	8.210660	0.024055	-0.052049	-0.006655	0.059521	0.784254	0.617578	-0.991891	0.116063	-0.051790	-0.112294	-0.609488	0.784802
03854	6.267675	-0.139602	8.121084	-0.012508	-0.030613	0.009947	0.059406	0.784063	0.617832	-0.991876	0.116105	-0.051971	-0.112482	-0.609725	0.784591
03855	6.073256	-0.404779	8.289726	-0.004754	-0.030725	0.033298	0.059023	0.784016	0.617928	-0.991897	0.115820	-0.052206	-0.112498	-0.609839	0.784500
03856	4.787750	0.320513	8.987559	0.006049	-0.084211	0.032798	0.058622	0.783525	0.618589	-0.991917	0.115569	-0.052383	-0.112533	-0.610518	0.783967
03857	4.811311	0.339753	9.441500	-0.092967	-0.222702	0.043725	0.057918	0.782317	0.620182	-0.991844	0.115741	-0.053372	-0.113535	-0.612033	0.782640
03858	5.422281	0.164986	9.031376	-0.129319	-0.339667	0.057580	0.056977	0.780285	0.622823	-0.991723	0.116128	-0.054763	-0.115058	-0.614548	0.780443
03859	5.552596	-0.007430	8.879434	-0.207030	-0.410417	0.098378	0.055508	0.777977	0.625836	-0.991545	0.116581	-0.056978	-0.117288	-0.617382	0.777871
03860	5.822921	-0.189651	8.654143	-0.185113	-0.498787	0.127953	0.053667	0.775022	0.629652	-0.991390	0.116777	-0.059239	-0.119441	-0.621051	0.774616
03861	5.289470	0.363930	9.210326	-0.234984	-0.565893	0.143519	0.051545	0.771771	0.633808	-0.991189	0.117074	-0.061948	-0.122012	-0.625030	0.771006
03862	2.399126	-0.451101	11.063163	-0.146360	-0.866852	0.296515	0.047558	0.766654	0.640297	-0.991150	0.115757	-0.064983	-0.123938	-0.631540	0.765374
03863	4.793041	-0.784629	10.590188	-0.104111	-1.366674	0.241402	0.043445	0.758346	0.650403	-0.991138	0.114517	-0.067317	-0.125531	-0.641715	0.756600
03864	3.801810	-0.536220	10.968962	-0.026421	-1.805919	0.226073	0.038946	0.746875	0.663823	-0.991191	0.113031	-0.069020	-0.126582	-0.655288	0.744698
03865	4.715412	-0.601477	10.991434	-0.210214	-2.174009	0.237439	0.033796	0.732850	0.679551	-0.991018	0.112601	-0.072147	-0.129391	-0.671008	0.730072
03866	4.630779	-0.853016	11.073764	-0.184169	-2.548342	0.249514	0.028010	0.715780	0.697764	-0.990847	0.112092	-0.075212	-0.132049	-0.689271	0.712368
03867	4.677162	-0.620749	11.375698	-0.345123	-2.902489	0.301507	0.021119	0.695958	0.717772	-0.990469	0.112304	-0.079749	-0.136110	-0.709246	0.691696
03868	5.593062	0.389125	11.522025	-0.293643	-3.299394	0.387708	0.012748	0.672604	0.739893	-0.990123	0.111813	-0.084585	-0.139622	-0.731506	0.667386
03869	7.128270	-0.187182	11.019910	-0.313866	-3.682905	0.599224	0.001606	0.646040	0.763302	-0.989734	0.110114	-0.091115	-0.142915	-0.755319	0.639584
03870	8.547134	0.440746	10.409704	0.078724	-4.003261	0.751165	-0.011515	0.616079	0.787600	-0.989802	0.104816	-0.096461	-0.141981	-0.780679	0.608590
03871	11.905549	5.527924	11.019155	0.492639	-4.209404	0.579859	-0.023109	0.583424	0.811839	-0.990400	0.097342	-0.098147	-0.136287	-0.806313	0.575574
03872	12.340800	12.600178	13.303355	-0.371144	-3.931879	1.162426	-0.040009	0.552376	0.832634	-0.989517	0.093822	-0.109789	-0.138764	-0.828298	0.542832
03873	9.683239	7.134348	10.909491	-2.666099	-3.406202	1.501660	-0.059941	0.525581	0.848629	-0.984758	0.107924	-0.136397	-0.163276	-0.843870	0.511101
03874	7.617519	3.934458	13.147249	-2.237750	-3.051717	1.212799	-0.077128	0.500991	0.862009	-0.980043	0.120780	-0.157885	-0.183213	-0.856983	0.481677
03875	17.601719	-2.431643	17.482923	-2.407672	-1.853048	0.374327	-0.084325	0.485727	0.870034	-0.975095	0.139523	-0.172402	-0.205130	-0.862904	0.461865
03876	4.174917	-1.077902	12.779486	-0.029652	-1.087793	-0.738970	-0.079330	0.475245	0.876270	-0.975632	0.143379	-0.166087	-0.204571	-0.868093	0.452290
03877	-0.123583	6.824871	14.221502	0.102979	-0.434544	-1.085083	-0.069559	0.470096	0.879870	-0.976683	0.147484	-0.156011	-0.203107	-0.870206	0.448876
03878	-3.030458	2.284395	11.429873	-0.758315	-0.027448	-0.688231	-0.062882	0.468787	0.881070	-0.975562	0.157359	-0.153351	-0.210533	-0.869182	0.447435
03879	-3.545244	-2.456082	10.817767	-0.263626	0.207359	-0.396731	-0.058499	0.470190	0.880624	-0.975283	0.161364	-0.150944	-0.213074	-0.867688	0.449129
03880	-2.705699	-4.201257	11.269985	0.422796	0.541800	-0.108754	-0.056278	0.474690	0.878352	-0.976230	0.158262	-0.148079	-0.209302	-0.865807	0.454500
03881	-0.714921	-3.149527	12.224447	0.984326	1.008904	0.230320	-0.056401	0.484022	0.873236	-0.978154	0.148490	-0.145484	-0.200085	-0.862365	0.465073
03882	0.795689	-2.985942	12.264564	1.182689	1.608405	0.638021	-0.059499	0.498727	0.864715	-0.980080	0.135241	-0.145438	-0.189479	-0.856143	0.480745
03883	1.356914	-3.733104	11.739155	1.323400	2.200609	1.015167	-0.065372	0.519030	0.852253	-0.981912	0.118629	-0.147564	-0.177692	-0.846484	0.501887
03884	1.574437	-4.566731	10.558009	1.564580	2.650098	1.348767	-0.074081	0.542744	0.836625	-0.983641	0.098368	-0.150913	-0.164205	-0.834118	0.526578
03885	1.900432	-4.401807	9.317102	1.887477	2.944788	1.525341	-0.084483	0.568691	0.818201	-0.985407	0.074092	-0.153245	-0.147771	-0.819208	0.554132
03886	2.748854	-2.835689	8.709953	2.029785	3.117377	1.651059	-0.096408	0.594958	0.797954	-0.986735	0.048074	-0.155060	-0.130615	-0.802318	0.582431
03887	3.582599	-1.345304	8.352863	1.981765	3.210413	1.656737	-0.108834	0.621273	0.775999	-0.987483	0.022081	-0.156173	-0.114161	-0.783283	0.611094
03888	4.079331	-0.331246	8.427254	1.718088	3.234278	1.479972	-0.119954	0.646424	0.753490	-0.987635	-0.000538	-0.156768	-0.100933	-0.762978	0.638496
03889	4.872734	-0.652908	8.633278	1.443305	3.192363	1.121326	-0.127992	0.670596	0.730697	-0.987642	-0.018991	-0.155570	-0.090448	-0.741579	0.664740
03890	6.033344	-0.713200	8.700226	1.287973	3.122769	0.645908	-0.131664	0.693236	0.708582	-0.987912	-0.032762	-0.151514	-0.081820	-0.719965	0.689170
03891	6.848681	-0.137650	8.758424	1.107553	3.059844	0.125030	-0.130535	0.715130	0.686695	-0.988626	-0.041704	-0.144500	-0.074698	-0.697747	0.712439
03892	7.530557	0.314240	8.779266	0.859655	3.007150	-0.372615	-0.124653	0.735927	0.665487	-0.989723	-0.044857	-0.135781	-0.070073	-0.675573	0.733956
03893	7.904570	0.293147	8.481752	0.579107	2.973299	-0.805232	-0.114671	0.756264	0.644139	-0.991093	-0.042899	-0.126070	-0.067709	-0.652858	0.754448
03894	6.571021	-0.346202	7.536224	0.357819	2.880650	-1.178247	-0.101019	0.775205	0.623580	-0.992605	-0.036128	-0.115888	-0.067309	-0.630675	0.773122
03895	4.686378	-1.281991	6.674774	0.241765	2.601204	-1.511762	-0.084303	0.792031	0.604632	-0.994176	-0.025974	-0.104592	-0.067135	-0.609928	0.789608
03896	3.833528	-2.274809	6.372533	0.235956	2.161630	-1.793816	-0.064991	0.805366	0.589204	-0.995671	-0.013021	-0.092028	-0.066444	-0.592634	0.802726
03897	4.148768	-2.334793	6.703016	0.296090	1.652702	-2.001944	-0.044026	0.815379	0.577252	-0.996964	0.001286	-0.077852	-0.064221	-0.578927	0.812847
03898	5.548261	-1.869370	7.251716	0.250268	1.178939	-2.080733	-0.022507	0.821945	0.569122	-0.997812	0.016927	-0.063907	-0.062161	-0.569315	0.819766
03899	7.565321	-1.555519	8.140847	0.127158	0.820805	-2.068414	-0.001426	0.826284	0.563251	-0.998147	0.033084	-0.051061	-0.060826	-0.562281	0.824706
03900	9.572705	-1.331520	8.933147	-0.043752	0.605334	-1.980812	0.018734	0.828839	0.559173	-0.997946	0.049765	-0.040331	-0.061255	-0.557269	0.828070
03901	11.528381	-1.527493	9.481992	-0.211626	0.503031	-1.836827	0.037305	0.830777	0.555353	-0.997312	0.066026	-0.031779	-0.063069	-0.552675	0.831007
03902	14.584296	-2.475066	9.228031	-0.375511	0.515163	-1.687762	0.054483	0.832349	0.551568	-0.996290	0.082170	-0.025589	-0.066621	-0.548127	0.833737
03903	18.076080	-3.411420	8.329876	-0.406683	0.653512	-1.576221	0.070560	0.834696	0.546171	-0.995040	0.097385	-0.020282	-0.070118	-0.542031	0.837428
03904	21.635951	-3.226280	6.502468	-0.295026	0.944371	-1.386959	0.085044	0.838320	0.538504	-0.993746	0.110616	-0.015264	-0.072363	-0.533838	0.842485
03905	22.983018	-2.231358	3.995705	-0.271698	1.458713	-1.057953	0.096558	0.844966	0.526031	-0.992601	0.120836	-0.011898	-0.073617	-0.520990	0.850382
03906	21.918039	-1.471281	1.567722	-0.351276	1.996980	-0.579146	0.103809	0.854464	0.509034	-0.991754	0.127598	-0.011933	-0.075148	-0.503598	0.860664
03907	17.192672	-0.341902	-0.400103	-0.455249	2.093494	-0.105573	0.106403	0.864813	0.490690	-0.991309	0.130662	-0.015325	-0.077367	-0.484795	0.871199
03908	11.344589	-1.615652	-8.435831	-1.054690	1.289945	0.566689	0.101862	0.871713	0.479312	-0.991029	0.130828	-0.027322	-0.086525	-0.472229	0.877219
03909	9.186238	-4.945658	-10.517531	-0.862433	0.256722	0.811564	0.094012	0.874080	0.476598	-0.991053	0.127723	-0.038752	-0.094745	-0.468691	0.878267
03910	8.511612	-4.827509	-10.872618	-0.172803	-0.873990	0.362874	0.089595	0.870397	0.484129	-0.991213	0.125414	-0.042038	-0.097307	-0.476109	0.873986
03911	10.079212	1.316517	-8.209477	0.071099	-1.861151	-0.199845	0.089725	0.861226	0.500239	-0.991112	0.126741	-0.040431	-0.098221	-0.492165	0.864943
03912	9.291849	3.150966	-3.793458	-0.836652	-2.495565	0.027948	0.086884	0.848713	0.521668	-0.990264	0.130745	-0.047783	-0.108760	-0.512438	0.851809
03913	7.602349	-3.137646	7.374961	-0.801235	-2.578993	0.247514	0.081484	0.835635	0.543207	-0.989567	0.132805	-0.055858	-0.118818	-0.532988	0.837739
03914	14.036489	-5.428299	12.725162	-0.307231	-2.449565	-0.316329	0.081659	0.821893	0.563758	-0.988929	0.137137	-0.056685	-0.123901	-0.552888	0.823993
03915	13.760914	-0.708572	18.539953	0.451217	-1.761825	-0.757196	0.086979	0.811046	0.578481	-0.988848	0.140755	-0.048661	-0.120891	-0.567797	0.814243
03916	22.224126	-3.006169	14.917757	-0.414750	-0.690605	-0.545920	0.091542	0.806305	0.584374	-0.987842	0.147578	-0.048880	-0.125652	-0.572795	0.810011
03917	14.144085	-6.092104	7.231127	-0.163797	0.135349	-0.211912	0.093799	0.806832	0.583287	-0.987443	0.150197	-0.048970	-0.127118	-0.571369	0.810789
03918	7.559680	-5.216840	6.705867	0.348800	0.394590	-0.048387	0.094789	0.808994	0.580124	-0.987826	0.148642	-0.045880	-0.123347	-0.568713	0.813235
03919	2.534697	-2.819647	8.356424	0.554271	0.245134	0.091553	0.094169	0.810581	0.578005	-0.988582	0.144734	-0.041912	-0.117630	-0.567459	0.814956
03920	0.526016	0.293522	8.697364	0.701486	-0.195664	-0.093820	0.094891	0.809319	0.579654	-0.989288	0.141547	-0.035679	-0.110924	-0.570059	0.814081
03921	4.567179	4.778352	9.409434	0.674996	-0.673824	-0.482242	0.098922	0.804841	0.585189	-0.989552	0.141550	-0.027404	-0.104889	-0.576364	0.810434
03922	11.962250	4.580807	9.958914	-0.123415	-0.481857	-0.116608	0.099585	0.801873	0.589137	-0.989299	0.143243	-0.027742	-0.106635	-0.580070	0.807557
03923	8.679063	-2.687688	8.858474	-0.870953	0.092982	0.356412	0.096158	0.802990	0.588185	-0.988684	0.145407	-0.036877	-0.115138	-0.577983	0.807885
03924	4.535080	-3.659574	6.969117	0.199448	-0.241967	0.062137	0.095285	0.801663	0.590134	-0.988965	0.143796	-0.035656	-0.113443	-0.580224	0.806518
03925	5.294649	3.547350	8.655297	0.151328	-0.255392	-0.104616	0.096024	0.800090	0.592144	-0.989038	0.143737	-0.033829	-0.112179	-0.582405	0.805122
03926	4.926601	3.036077	7.869319	-0.419021	-0.300379	0.202798	0.093693	0.798615	0.594505	-0.988743	0.144603	-0.038425	-0.116654	-0.584213	0.803173
03927	6.041292	-1.208879	8.194467	-0.550636	-0.348212	0.310899	0.090201	0.797091	0.597085	-0.988374	0.145326	-0.044693	-0.122396	-0.586111	0.800932
03928	8.133259	-3.546543	10.194632	-0.379955	-0.369227	0.297162	0.086822	0.795338	0.599916	-0.988157	0.145234	-0.049534	-0.126524	-0.588510	0.798528
03929	4.920108	-1.909424	7.108261	0.058419	-0.251454	0.058469	0.085922	0.794003	0.601811	-0.988283	0.144406	-0.049424	-0.126148	-0.590514	0.797108
03930	7.332913	0.214080	8.896221	0.028588	-0.313689	-0.017853	0.085721	0.792105	0.604336	-0.988297	0.144422	-0.049111	-0.126181	-0.593053	0.795215
03931	5.739856	-1.577494	8.128159	-0.145716	-0.194689	-0.006857	0.085537	0.791001	0.605806	-0.988108	0.145324	-0.050234	-0.127773	-0.594305	0.794025
03932	6.368206	-0.768784	8.411313	0.075217	-0.225622	-0.043281	0.085694	0.789579	0.607636	-0.988159	0.145261	-0.049397	-0.127269	-0.596208	0.792678
03933	6.532298	-0.100642	8.284757	-0.006272	-0.166855	-0.051976	0.085990	0.788569	0.608904	-0.988109	0.145692	-0.049139	-0.127462	-0.597438	0.791721
03934	6.618749	0.069719	8.199692	0.007722	-0.119819	-0.033960	0.086191	0.787787	0.609887	-0.988082	0.145957	-0.048893	-0.127534	-0.598404	0.790979
03935	6.526872	-0.107977	8.289083	-0.018569	-0.077599	-0.021192	0.086297	0.787353	0.610433	-0.988042	0.146219	-0.048917	-0.127772	-0.598912	0.790556
03936	6.227949	0.079234	8.360635	-0.015579	-0.069695	-0.007588	0.086301	0.786908	0.611006	-0.988008	0.146415	-0.049016	-0.128032	-0.599448	0.790107
03937	6.364821	-0.089079	8.221365	-0.039989	-0.054972	0.011655	0.086113	0.786656	0.611357	-0.987969	0.146548	-0.049409	-0.128461	-0.599747	0.789811
03938	6.416247	-0.374670	8.146277	-0.041117	-0.045073	0.024455	0.085831	0.786405	0.611719	-0.987929	0.146646	-0.049905	-0.128952	-0.600052	0.789499
03939	6.332545	-0.459749	8.166271	-0.050018	-0.023684	0.029923	0.085503	0.786366	0.611815	-0.987892	0.146696	-0.050488	-0.129453	-0.600091	0.789388
03940	6.264842	-0.572198	8.105288	-0.039908	-0.012625	0.040793	0.085101	0.786334	0.611912	-0.987868	0.146658	-0.051075	-0.129904	-0.600142	0.789275
03941	6.325757	-0.606954	8.076465	-0.039963	0.006531	0.034224	0.084770	0.786482	0.611768	-0.987847	0.146614	-0.051605	-0.130280	-0.599959	0.789352
03942	6.269291	-0.800243	8.047070	-0.035022	0.019443	0.033247	0.084484	0.786631	0.611616	-0.987822	0.146606	-0.052107	-0.130655	-0.599765	0.789437
03943	6.249235	-0.735219	8.065852	-0.013400	0.034790	0.030187	0.084230	0.786942	0.611251	-0.987831	0.146435	-0.052403	-0.130747	-0.599399	0.789700
03944	6.173086	-0.620696	8.043376	-0.009467	0.043062	0.028520	0.084022	0.787225	0.610915	-0.987835	0.146311	-0.052674	-0.130850	-0.599057	0.789942
03945	6.141631	-0.737755	8.063474	-0.002891	0.049086	0.019372	0.083893	0.787604	0.610444	-0.987849	0.146163	-0.052821	-0.130826	-0.598595	0.790297
03946	6.031961	-0.421530	8.143645	0.019622	0.045511	0.017327	0.083799	0.787886	0.610093	-0.987882	0.145952	-0.052794	-0.130640	-0.598276	0.790569
03947	5.865252	-0.480681	8.319923	0.001059	0.042696	0.013911	0.083716	0.788218	0.609676	-0.987897	0.145823	-0.052877	-0.130584	-0.597870	0.790885
03948	5.776810	-0.323521	8.331431	0.016863	0.006805	0.004199	0.083701	0.788249	0.609638	-0.987914	0.145733	-0.052792	-0.130457	-0.597851	0.790920
03949	5.822502	-0.221689	8.387828	0.004287	-0.012259	0.003258	0.083651	0.788236	0.609660	-0.987924	0.145669	-0.052784	-0.130415	-0.597883	0.790903
03950	5.871360	-0.308004	8.366972	0.001896	-0.030294	-0.010666	0.083735	0.788024	0.609924	-0.987910	0.145785	-0.052727	-0.130467	-0.598135	0.790704
03951	5.896169	-0.363188	8.300424	0.007398	-0.049570	-0.012799	0.083795	0.787765	0.610250	-0.987911	0.145829	-0.052596	-0.130425	-0.598465	0.790461
03952	6.042517	-0.385643	8.225891	0.005338	-0.067623	-0.019784	0.083921	0.787315	0.610813	-0.987894	0.145996	-0.052455	-0.130475	-0.599016	0.790036
03953	6.253809	-0.563528	8.114006	0.008956	-0.057984	-0.019809	0.084040	0.786995	0.611209	-0.987890	0.146086	-0.052268	-0.130424	-0.599414	0.789742
03954	6.213268	-0.509956	8.171703	0.018762	-0.048322	-0.024409	0.084236	0.786654	0.611621	-0.987887	0.146209	-0.051993	-0.130325	-0.599833	0.789440
03955	6.350314	-0.375207	8.088619	0.014785	-0.036060	-0.020745	0.084393	0.786463	0.611845	-0.987890	0.146271	-0.051755	-0.130199	-0.600068	0.789283
03956	6.303450	-0.389415	8.103920	0.023365	-0.017988	-0.011413	0.084500	0.786322	0.612011	-0.987903	0.146264	-0.051523	-0.130029	-0.600254	0.789169
03957	6.272799	-0.473007	8.103102	0.011560	-0.001604	-0.012127	0.084617	0.786350	0.611959	-0.987909	0.146279	-0.051363	-0.129906	-0.600214	0.789220
03958	6.327151	-0.907861	8.040765	0.017090	0.014449	-0.018201	0.084834	0.786393	0.611873	-0.987908	0.146363	-0.051139	-0.129771	-0.600136	0.789301
03959	6.304462	-0.610736	8.093993	0.056757	0.020815	-0.028086	0.085138	0.786532	0.611653	-0.987959	0.146233	-0.050525	-0.129183	-0.599987	0.789511
03960	6.323854	-0.467079	8.084189	0.039086	0.035792	-0.025867	0.085458	0.786692	0.611402	-0.987980	0.146245	-0.050081	-0.128813	-0.599773	0.789734
03961	6.290542	-0.498805	7.998749	0.065439	0.053643	-0.024656	0.085770	0.787031	0.610922	-0.988044	0.146037	-0.049419	-0.128112	-0.599379	0.790147
03962	6.050220	-0.281646	8.268645	0.057116	0.070761	-0.021307	0.086089	0.787408	0.610391	-0.988091	0.145906	-0.048860	-0.127533	-0.598916	0.790592
03963	5.911723	-0.407728	8.353260	0.052770	0.053559	-0.022406	0.086379	0.787749	0.609910	-0.988140	0.145758	-0.048312	-0.126957	-0.598503	0.790997
03964	5.978717	-0.247050	8.327033	0.055170	0.033510	-0.021630	0.086653	0.787902	0.609674	-0.988184	0.145641	-0.047766	-0.126429	-0.598330	0.791212
03965	5.447733	-0.138847	8.515630	0.042617	0.014431	-0.022531	0.086895	0.788008	0.609502	-0.988219	0.145555	-0.047297	-0.125987	-0.598211	0.791373
03966	5.381967	-0.116143	8.792053	0.032672	-0.073044	-0.033279	0.087150	0.787506	0.610114	-0.988224	0.145665	-0.046858	-0.125773	-0.598845	0.790927
03967	5.991455	-0.261915	8.339104	0.020197	-0.120084	-0.033109	0.087327	0.786792	0.611009	-0.988221	0.145795	-0.046501	-0.125669	-0.599751	0.790257
03968	6.229575	-0.592905	8.134899	-0.014108	-0.114850	-0.035567	0.087552	0.786035	0.611951	-0.988165	0.146203	-0.046417	-0.125955	-0.600644	0.789533
03969	6.203411	-0.409934	8.096400	0.038987	-0.124668	-0.036334	0.087755	0.785286	0.612882	-0.988183	0.146245	-0.045892	-0.125669	-0.601613	0.788840
03970	6.160625	-0.338444	8.178922	0.003409	-0.118372	-0.021872	0.087840	0.784525	0.613844	-0.988161	0.146440	-0.045753	-0.125786	-0.602558	0.788100
03971	5.963096	-0.163318	8.302648	0.018551	-0.138555	-0.013537	0.087801	0.783723	0.614873	-0.988173	0.146425	-0.045529	-0.125715	-0.603604	0.787311
03972	5.644893	0.061944	8.505921	-0.019613	-0.175695	0.008136	0.087517	0.782657	0.616270	-0.988148	0.146524	-0.045755	-0.126109	-0.604962	0.786205
03973	5.373253	0.130132	8.847117	-0.045034	-0.239444	0.020733	0.087012	0.781291	0.618073	-0.988111	0.146626	-0.046240	-0.126753	-0.606701	0.784760
03974	5.140172	0.369709	9.234591	-0.114242	-0.335952	0.046690	0.086140	0.779300	0.620702	-0.987998	0.146999	-0.047447	-0.128218	-0.609165	0.782610
03975	5.272967	0.624089	9.369697	-0.188043	-0.444341	0.056429	0.085011	0.776726	0.624076	-0.987804	0.147699	-0.049269	-0.130443	-0.612276	0.779809
03976	5.312631	0.934266	9.637040	-0.311047	-0.593896	0.107336	0.083183	0.773220	0.628659	-0.987476	0.148822	-0.052382	-0.134061	-0.616428	0.775915
03977	3.476423	1.012050	11.286090	-0.493082	-0.773360	0.194834	0.080206	0.768782	0.634461	-0.986962	0.150359	-0.057424	-0.139544	-0.621583	0.770819
03978	0.014856	-1.251379	12.864138	-0.142595	-1.656658	0.414499	0.073798	0.758983	0.646914	-0.987073	0.148132	-0.061192	-0.142272	-0.634036	0.760104
03979	2.621997	0.518614	13.764255	-0.043517	-2.371418	0.353364	0.066914	0.744328	0.664454	-0.987262	0.145735	-0.063832	-0.144346	-0.651719	0.744598
03980	2.825244	-1.666141	12.707134	-0.323433	-3.114087	0.368112	0.058721	0.724200	0.687085	-0.987010	0.145222	-0.068712	-0.149541	-0.674125	0.723320
03981	4.510650	-2.264915	12.725171	-0.235845	-3.770706	0.358937	0.049461	0.698886	0.713521	-0.986851	0.144261	-0.072893	-0.153877	-0.700534	0.696832
03982	5.169696	-1.388783	12.297940	-0.362186	-4.276925	0.317234	0.039648	0.668745	0.742434	-0.986417	0.144727	-0.077685	-0.159402	-0.729269	0.665400
03983	6.884649	-0.389177	12.192772	-0.456424	-4.749723	0.399777	0.027995	0.634066	0.772772	-0.985817	0.145486	-0.083660	-0.165473	-0.759469	0.629146
03984	8.732740	1.182718	11.651573	-0.079122	-4.997263	0.472367	0.015036	0.596002	0.802842	-0.985779	0.143241	-0.087875	-0.167373	-0.790103	0.589680
03985	10.983137	3.730842	12.462141	-0.106561	-4.963811	0.611576	0.000678	0.557055	0.830475	-0.985655	0.140532	-0.093459	-0.168770	-0.818499	0.549159
03986	12.084268	5.770284	10.495923	-0.320978	-4.952619	0.773369	-0.015358	0.516922	0.855895	-0.985045	0.139096	-0.101683	-0.171614	-0.844656	0.507055
03987	11.291121	10.757551	11.362411	-1.068678	-4.694456	1.145735	-0.034873	0.478489	0.877401	-0.982884	0.142490	-0.116772	-0.180895	-0.866455	0.465330
03988	8.519021	7.629765	13.017753	-2.700616	-4.033677	1.545753	-0.057802	0.445546	0.893391	-0.976941	0.158997	-0.142502	-0.205538	-0.881027	0.426082
03989	14.371502	1.162693	17.586460	-2.793638	-3.129604	1.442698	-0.078606	0.420394	0.903930	-0.969886	0.177425	-0.166857	-0.230526	-0.889825	0.393788
03990	14.411841	-8.731703	21.058597	-2.160466	-0.879920	0.665030	-0.087140	0.413777	0.906198	-0.964127	0.193921	-0.181256	-0.250731	-0.889485	0.382035
03991	1.528539	-3.845820	15.260057	1.107354	-0.272863	-0.340115	-0.084458	0.410861	0.907778	-0.967162	0.185372	-0.173882	-0.239718	-0.892654	0.381713
03992	-5.187423	5.443610	13.227423	1.010569	0.382192	-0.498696	-0.078714	0.413343	0.907167	-0.969935	0.178453	-0.165471	-0.230283	-0.892918	0.386869
03993	-6.778790	3.734476	10.900556	0.281106	0.603062	0.180722	-0.079016	0.419231	0.904435	-0.970466	0.175092	-0.165945	-0.227929	-0.890836	0.393014
03994	-5.156503	-0.836369	10.612212	0.305254	0.775683	0.585750	-0.082927	0.427118	0.900385	-0.970676	0.169947	-0.170019	-0.225635	-0.888081	0.400500
03995	-2.777678	-3.704698	11.186574	0.763105	1.096162	0.838779	-0.088567	0.438427	0.894392	-0.971686	0.159433	-0.174375	-0.219046	-0.884513	0.411893
03996	0.005939	-3.252977	11.902740	1.415542	1.586713	0.966352	-0.094574	0.453861	0.886040	-0.973808	0.142684	-0.177030	-0.206770	-0.879575	0.428479
03997	1.977374	-2.553905	11.711400	1.660622	2.221933	1.082820	-0.100639	0.474983	0.874221	-0.976099	0.122979	-0.179184	-0.192620	-0.871359	0.451254
03998	2.620120	-2.721539	10.763424	1.772092	2.809910	1.194816	-0.107087	0.500628	0.859013	-0.978138	0.101860	-0.181301	-0.178263	-0.859649	0.478775
03999	2.339821	-3.257215	9.255816	1.871041	3.205693	1.285516	-0.114158	0.529350	0.840688	-0.979941	0.079143	-0.182900	-0.163353	-0.844704	0.509697
04000	2.472378	-3.190588	7.901457	1.971408	3.378617	1.344541	-0.122067	0.558491	0.820480	-0.981418	0.055390	-0.183714	-0.148049	-0.827659	0.541352
04001	3.122555	-2.025210	7.204146	1.993931	3.396904	1.331332	-0.130352	0.587102	0.798949	-0.982559	0.031288	-0.183301	-0.132614	-0.808908	0.572784
04002	3.689425	-0.884833	7.221076	1.767197	3.329196	1.187697	-0.137808	0.613937	0.777232	-0.983193	0.010080	-0.182288	-0.119748	-0.789290	0.602230
04003	4.695340	-1.304860	7.470329	1.438656	3.234463	0.887700	-0.142815	0.639378	0.755513	-0.983618	-0.006853	-0.180134	-0.109996	-0.768862	0.629882
04004	6.238910	-1.939884	7.572679	1.278086	3.130382	0.476551	-0.144169	0.663048	0.734563	-0.984287	-0.019606	-0.175483	-0.101952	-0.748321	0.655456
04005	7.629258	-1.341116	7.792174	1.168469	3.093414	-0.006007	-0.141072	0.686082	0.713716	-0.985458	-0.028344	-0.167537	-0.094715	-0.726972	0.680104
04006	8.236509	-1.239272	7.841304	0.947197	3.120520	-0.482508	-0.133416	0.708556	0.692928	-0.986993	-0.031715	-0.157606	-0.089697	-0.704942	0.703571
04007	8.201198	-1.525024	7.715964	0.760986	3.129879	-0.923685	-0.121554	0.730749	0.671736	-0.988849	-0.030496	-0.145762	-0.086031	-0.681964	0.726308
04008	7.677594	-1.631047	7.566576	0.598556	3.114474	-1.292119	-0.106101	0.751973	0.650599	-0.990827	-0.024883	-0.132826	-0.083692	-0.658724	0.747715
04009	7.250482	-1.933986	7.626406	0.425583	3.036981	-1.544978	-0.088280	0.772128	0.629306	-0.992691	-0.016004	-0.119620	-0.082291	-0.635266	0.767897
04010	7.168367	-3.102785	7.710868	0.264106	2.909733	-1.719969	-0.068781	0.790443	0.608661	-0.994257	-0.004168	-0.106942	-0.081994	-0.612521	0.786190
04011	7.924897	-4.722366	7.582551	0.210093	2.726133	-1.837704	-0.048303	0.806975	0.588608	-0.995512	0.009116	-0.094192	-0.081376	-0.590516	0.802913
04012	9.672754	-5.959621	7.105856	0.347668	2.487492	-1.978060	-0.026587	0.821081	0.570192	-0.996529	0.023244	-0.079937	-0.078888	-0.570338	0.817613
04013	12.785137	-5.441090	6.368320	0.511470	2.274836	-2.143784	-0.003517	0.833350	0.552734	-0.997250	0.037994	-0.063628	-0.074025	-0.551438	0.830925
04014	15.546124	-2.998456	5.643650	0.404820	2.127092	-2.155136	0.019528	0.843890	0.536161	-0.997366	0.053913	-0.048531	-0.069861	-0.533800	0.842720
04015	18.257312	-1.394801	4.631768	-0.103186	2.070373	-1.997822	0.040854	0.853654	0.519236	-0.996698	0.071317	-0.038829	-0.070177	-0.515935	0.853749
04016	18.338152	-1.668695	3.869070	-0.647711	2.094492	-1.606664	0.058404	0.862971	0.501866	-0.995424	0.088431	-0.036218	-0.075635	-0.497454	0.864187
04017	14.085380	-5.252945	-10.008463	-1.462246	-0.162140	-1.061615	0.068789	0.861264	0.503480	-0.993544	0.104777	-0.043488	-0.090208	-0.497239	0.862911
04018	15.754836	-3.879366	-13.891227	-0.217279	-0.524792	-1.180596	0.080052	0.857326	0.508511	-0.992461	0.116047	-0.039414	-0.092802	-0.501522	0.860153
04019	23.151031	-1.313060	-12.823863	-0.338306	-1.785357	-0.538652	0.083669	0.847701	0.523834	-0.991705	0.122306	-0.039524	-0.097573	-0.516182	0.850903
04020	27.573920	-2.432759	-6.477740	-0.389050	-1.932884	-0.257190	0.084298	0.837237	0.540304	-0.991092	0.126553	-0.041472	-0.103099	-0.531995	0.840447
04021	26.786310	-3.575748	-6.464487	-0.257062	-1.680922	-0.477684	0.087257	0.827630	0.554450	-0.990416	0.131892	-0.041007	-0.107066	-0.545558	0.831206
