// General information: 
//  MT Manager version: 2022.2.0 
//  XDA version: 2022.2.0 build 7381 rev 124627 built on 2023-07-19
// Device information: 
//  DeviceId: 00B4CBA7
//  ProductCode: MTW2-3A7G6
//  Firmware Version: 4.6.0
//  Hardware Version: 2.0.0
// Device settings: 
//  Filter Profile: human(46.1)
//  Option Flags: Orientation Smoother Disabled, Position/Velocity Smoother Disabled, Continuous Zero Rotation Update Disabled, AHS Disabled, ICC Disabled
// Coordinate system: ENU
PacketCounter	Acc_X	Acc_Y	Acc_Z	Gyr_X	Gyr_Y	Gyr_Z	Mat[1][1]	Mat[2][1]	Mat[3][1]	Mat[1][2]	Mat[2][2]	Mat[3][2]	Mat[1][3]	Mat[2][3]	Mat[3][3]
55848	9.874879	-1.347521	-2.820606	-0.291000	-0.262163	0.155938	0.136373	0.050223	0.989384	0.663380	-0.746364	-0.053551	0.735751	0.663641	-0.135101
55849	9.840113	-1.331188	-2.884059	-0.278525	-0.238575	0.132010	0.138973	0.050845	0.988990	0.661156	-0.748271	-0.054436	0.737265	0.661442	-0.137606
55850	9.830002	-1.363262	-2.722211	-0.298036	-0.226063	0.112336	0.141352	0.051523	0.988618	0.658807	-0.750292	-0.055093	0.738914	0.659095	-0.139999
55851	9.841994	-1.491575	-2.776906	-0.307392	-0.216016	0.087096	0.143492	0.052319	0.988268	0.656417	-0.752355	-0.055479	0.740626	0.656677	-0.142300
55852	9.782319	-1.471457	-2.781701	-0.200848	-0.185590	0.066012	0.145269	0.053066	0.987968	0.654842	-0.753703	-0.055804	0.741673	0.655069	-0.144240
55853	9.797923	-0.947160	-2.398531	-0.111178	-0.168624	0.056179	0.146858	0.053776	0.987695	0.653944	-0.754456	-0.056157	0.742152	0.654144	-0.145964
55854	9.742372	-0.409534	-1.981708	-0.115263	-0.160651	0.051955	0.148359	0.054461	0.987433	0.653020	-0.755233	-0.056461	0.742667	0.653190	-0.147610
55855	9.744878	-0.505161	-1.474582	-0.212756	-0.153239	0.044618	0.149760	0.055152	0.987183	0.651382	-0.756640	-0.056545	0.743824	0.651501	-0.149239
55856	9.912014	-1.163448	-1.466714	-0.118838	-0.073287	0.020538	0.150408	0.055501	0.987065	0.650475	-0.757421	-0.056530	0.744486	0.650564	-0.150024
55857	9.717608	-1.260168	-1.249484	0.100692	-0.023780	0.003390	0.150577	0.055660	0.987030	0.651229	-0.756762	-0.056674	0.743793	0.651316	-0.150199
55858	9.644898	-0.911708	-1.204235	0.144341	-0.045315	-0.003249	0.150862	0.056007	0.986967	0.652315	-0.755815	-0.056819	0.742783	0.652385	-0.150558
55859	9.703184	-0.510239	-1.260281	0.132802	-0.046177	-0.014451	0.151081	0.056447	0.986908	0.653332	-0.754935	-0.056837	0.741844	0.653366	-0.150935
55860	9.539277	-0.109842	-1.150519	0.045247	-0.065261	-0.005032	0.151501	0.056938	0.986816	0.653684	-0.754632	-0.056815	0.741448	0.653673	-0.151548
55861	9.521757	-0.077552	-1.020501	-0.108956	-0.100125	-0.013587	0.152126	0.057724	0.986674	0.652905	-0.755331	-0.056475	0.742006	0.652796	-0.152594
55862	9.419794	-0.311714	-0.869894	-0.211780	-0.132305	-0.006354	0.153036	0.058662	0.986478	0.651351	-0.756704	-0.056048	0.743184	0.651121	-0.154012
55863	9.316866	-0.455495	-0.729577	-0.187011	-0.148073	-0.004422	0.154078	0.059688	0.986254	0.649977	-0.757912	-0.055675	0.744171	0.649620	-0.155573
55864	9.385825	-0.519218	-0.001942	-0.177036	-0.159391	0.003604	0.155258	0.060722	0.986006	0.648661	-0.759059	-0.055394	0.745073	0.648184	-0.157238
55865	9.501790	-1.005709	0.191721	-0.140321	-0.161380	0.000755	0.156436	0.061790	0.985753	0.647624	-0.759963	-0.055139	0.745729	0.647023	-0.158902
55866	9.463128	-1.049228	0.386610	0.031777	-0.184750	0.003058	0.157802	0.062990	0.985460	0.647864	-0.759754	-0.055180	0.745232	0.647152	-0.160700
55867	9.165489	-0.470690	1.137914	0.050013	-0.266014	0.006799	0.159797	0.064688	0.985028	0.648235	-0.759430	-0.055288	0.744484	0.647365	-0.163288
55868	9.562158	-1.149575	0.894323	-0.252769	-0.411380	-0.016194	0.162727	0.067498	0.984360	0.646387	-0.761048	-0.054671	0.745455	0.645174	-0.167472
55869	10.177297	-1.688063	-0.894861	0.052090	-0.398622	-0.046334	0.165366	0.070450	0.983713	0.646861	-0.760675	-0.054263	0.744463	0.645298	-0.171361
55870	9.680121	0.015339	-1.414812	0.575547	-0.309902	-0.034267	0.167413	0.072743	0.983200	0.651199	-0.756920	-0.054880	0.740211	0.649446	-0.174089
55871	9.124697	1.232744	-1.484529	0.040174	-0.430966	-0.011731	0.170493	0.075658	0.982450	0.651525	-0.756645	-0.054796	0.739220	0.649433	-0.178296
55872	9.578046	0.297456	-2.906548	-0.420092	-0.472588	-0.017368	0.173848	0.078878	0.981608	0.648455	-0.759347	-0.053827	0.741136	0.645887	-0.183160
55873	9.666653	-0.412671	-3.464407	-0.380060	-0.364152	-0.032298	0.176310	0.081498	0.980955	0.645701	-0.761765	-0.052766	0.742957	0.642707	-0.186930
55874	9.297216	-0.773305	-3.398089	-0.461675	-0.324909	-0.032794	0.178486	0.083858	0.980362	0.642333	-0.764691	-0.051534	0.745353	0.638918	-0.190351
55875	9.504633	-1.270674	-3.335301	-0.652118	-0.340731	-0.034068	0.180783	0.086315	0.979728	0.637532	-0.768806	-0.049907	0.748913	0.633630	-0.194016
55876	9.968988	-1.876160	-3.686734	-0.575076	-0.288358	-0.063240	0.182515	0.088651	0.979198	0.633341	-0.772375	-0.048123	0.752042	0.628950	-0.197117
55877	10.205501	-1.806410	-3.780715	-0.220856	-0.171846	-0.097948	0.183159	0.090516	0.978907	0.631868	-0.773668	-0.046688	0.753124	0.627092	-0.198899
55878	9.929299	-1.036344	-3.522397	-0.067457	-0.112011	-0.108319	0.183289	0.092085	0.978737	0.631568	-0.773987	-0.045453	0.753344	0.626470	-0.200021
55879	9.816800	-0.776900	-3.444040	-0.152413	-0.114770	-0.121758	0.183356	0.093775	0.978564	0.630653	-0.774821	-0.043917	0.754093	0.625187	-0.201208
55880	9.826486	-0.834680	-3.520681	-0.103964	-0.079833	-0.138066	0.183058	0.095372	0.978465	0.630132	-0.775334	-0.042317	0.754601	0.624309	-0.202029
55881	9.702030	-0.658478	-3.261874	0.018115	-0.020738	-0.150214	0.182240	0.096696	0.978488	0.630554	-0.775070	-0.040844	0.754447	0.624433	-0.202220
55882	9.581759	-0.263704	-3.022769	0.055145	0.006798	-0.148350	0.181222	0.097831	0.978564	0.631249	-0.774576	-0.039465	0.754111	0.624869	-0.202126
55883	9.590809	0.090969	-2.739193	0.009622	0.024914	-0.150048	0.180059	0.098867	0.978675	0.631603	-0.774361	-0.037977	0.754093	0.624972	-0.201875
55884	9.525192	0.195778	-2.463070	-0.065167	0.042408	-0.136206	0.178849	0.099685	0.978814	0.631366	-0.774627	-0.036473	0.754579	0.624513	-0.201479
55885	9.466270	0.207406	-2.222722	-0.110084	0.057768	-0.129239	0.177569	0.100356	0.978978	0.630776	-0.775178	-0.034947	0.755375	0.623721	-0.200950
55886	9.485372	-0.018523	-2.076776	-0.176612	0.056371	-0.122273	0.176342	0.100982	0.979135	0.629667	-0.776149	-0.033356	0.756587	0.622411	-0.200453
55887	9.454052	-0.136921	-1.954702	-0.138149	0.071523	-0.114297	0.175053	0.101455	0.979318	0.628832	-0.776885	-0.031921	0.757579	0.621414	-0.199794
55888	9.433358	-0.135779	-1.751119	-0.105438	0.076236	-0.100494	0.173814	0.101791	0.979504	0.628218	-0.777432	-0.030687	0.758374	0.620676	-0.199075
55889	9.399293	-0.035214	-1.609803	-0.102998	0.069663	-0.090582	0.172688	0.102093	0.979671	0.627604	-0.777972	-0.029555	0.759139	0.619949	-0.198421
55890	9.429528	0.040327	-1.617054	-0.091585	0.073022	-0.084033	0.171577	0.102323	0.979843	0.627062	-0.778447	-0.028511	0.759838	0.619314	-0.197726
55891	9.362497	0.164229	-1.465820	-0.106031	0.065698	-0.075090	0.170579	0.102532	0.979995	0.626395	-0.779019	-0.027526	0.760613	0.618560	-0.197109
55892	9.452409	0.030850	-1.347266	-0.181364	0.035949	-0.071384	0.169828	0.102894	0.980087	0.625146	-0.780060	-0.026430	0.761808	0.617186	-0.196800
55893	9.502053	-0.150904	-1.417693	-0.174620	0.023291	-0.064002	0.169223	0.103281	0.980151	0.623933	-0.781064	-0.025419	0.762936	0.615851	-0.196614
55894	9.527090	-0.075812	-1.387356	-0.090715	0.018770	-0.058961	0.168682	0.103655	0.980205	0.623350	-0.781555	-0.024624	0.763532	0.615164	-0.196447
55895	9.418536	0.162733	-1.192511	-0.124740	0.001776	-0.053691	0.168305	0.104094	0.980223	0.622498	-0.782259	-0.023812	0.764310	0.614195	-0.196457
55896	9.520170	-0.039163	-1.290120	-0.217985	-0.030259	-0.043450	0.168237	0.104648	0.980176	0.620913	-0.783545	-0.022918	0.765613	0.612459	-0.196799
55897	9.496387	-0.334004	-1.499354	-0.193930	-0.033646	-0.046700	0.168177	0.105251	0.980122	0.619516	-0.784675	-0.022039	0.766757	0.610907	-0.197168
55898	9.474159	-0.415566	-1.587946	-0.139108	-0.034858	-0.046497	0.168127	0.105857	0.980065	0.618536	-0.785469	-0.021269	0.767559	0.609781	-0.197535
55899	9.519691	-0.286358	-1.690174	-0.093743	-0.047788	-0.044999	0.168187	0.106532	0.979982	0.617902	-0.785985	-0.020603	0.768056	0.608998	-0.198019
55900	9.502190	-0.218076	-1.783567	-0.106954	-0.054175	-0.050197	0.168264	0.107286	0.979886	0.617174	-0.786576	-0.019859	0.768625	0.608102	-0.198566
55901	9.654439	-0.174649	-1.859390	-0.083205	-0.048179	-0.049089	0.168303	0.107995	0.979802	0.616627	-0.787022	-0.019173	0.769055	0.607399	-0.199050
55902	9.753787	-0.044049	-1.967328	0.030872	0.019513	-0.050242	0.167813	0.108301	0.979852	0.616958	-0.786774	-0.018702	0.768896	0.607666	-0.198848
55903	9.500027	0.089201	-1.865627	0.001564	0.031766	-0.039089	0.167299	0.108445	0.979924	0.617046	-0.786715	-0.018283	0.768938	0.607716	-0.198532
55904	9.510403	-0.171296	-1.998467	-0.070030	0.000574	-0.035190	0.167048	0.108748	0.979933	0.616575	-0.787096	-0.017759	0.769370	0.607169	-0.198534
55905	9.535375	-0.292518	-2.078258	-0.007281	-0.002823	-0.033402	0.166835	0.109058	0.979935	0.616585	-0.787096	-0.017377	0.769408	0.607112	-0.198559
55906	9.511697	-0.143651	-1.986250	-0.032897	-0.027310	-0.033145	0.166812	0.109514	0.979888	0.616397	-0.787254	-0.016948	0.769564	0.606827	-0.198827
55907	9.652568	-0.201661	-2.086508	-0.023181	-0.020191	-0.034674	0.166725	0.109940	0.979855	0.616286	-0.787349	-0.016522	0.769672	0.606626	-0.199025
55908	9.780496	-0.097757	-2.159962	0.104587	0.044635	-0.030873	0.166161	0.109940	0.979951	0.617151	-0.786674	-0.016388	0.769100	0.607501	-0.198565
55909	10.104942	-0.137172	-2.085024	0.415706	0.223583	-0.016975	0.164310	0.108742	0.980396	0.620382	-0.784115	-0.017002	0.766895	0.611014	-0.196300
55910	9.446064	0.085168	-1.935496	0.432416	0.286209	-0.013282	0.162006	0.107120	0.980958	0.623724	-0.781445	-0.017675	0.764671	0.614711	-0.193413
55911	9.314853	-0.022772	-2.095937	0.118755	0.154189	-0.022033	0.160661	0.106374	0.981261	0.624677	-0.780683	-0.017648	0.764177	0.615807	-0.191875
55912	9.603863	-0.252353	-2.428420	0.108861	0.107159	-0.022129	0.159675	0.105915	0.981471	0.625553	-0.779983	-0.017599	0.763667	0.616773	-0.190799
55913	9.538710	-0.097937	-2.247429	0.046011	0.079623	-0.023998	0.158887	0.105641	0.981629	0.625953	-0.779667	-0.017411	0.763504	0.617220	-0.190006
55914	9.584007	-0.323877	-2.300619	-0.112586	0.028857	-0.025977	0.158475	0.105694	0.981690	0.625143	-0.780327	-0.016903	0.764253	0.616375	-0.189736
55915	9.601490	-0.593355	-2.330937	-0.125809	0.006962	-0.031082	0.158199	0.105924	0.981709	0.624240	-0.781062	-0.016319	0.765047	0.615404	-0.189685
55916	9.610676	-0.535816	-2.190258	-0.109309	-0.003070	-0.040833	0.157938	0.106291	0.981712	0.623477	-0.781685	-0.015671	0.765723	0.614550	-0.189727
55917	9.592869	-0.434295	-2.068776	-0.095173	-0.013215	-0.046966	0.157718	0.106770	0.981695	0.622832	-0.782212	-0.014989	0.766293	0.613795	-0.189868
55918	9.608359	-0.329293	-2.086350	-0.096366	-0.023358	-0.052767	0.157539	0.107355	0.981660	0.622185	-0.782740	-0.014249	0.766855	0.613019	-0.190106
55919	9.548080	-0.101777	-2.059446	-0.093976	-0.029915	-0.054097	0.157403	0.107992	0.981612	0.621559	-0.783251	-0.013499	0.767390	0.612255	-0.190410
55920	9.536463	0.039692	-1.955025	-0.156292	-0.055851	-0.053977	0.157467	0.108785	0.981514	0.620453	-0.784142	-0.012632	0.768272	0.610973	-0.190973
55921	9.524177	-0.050921	-1.988157	-0.214492	-0.074370	-0.054037	0.157676	0.109694	0.981379	0.618899	-0.785384	-0.011651	0.769482	0.609212	-0.191725
55922	9.527100	-0.132898	-1.993140	-0.212768	-0.082652	-0.050350	0.157972	0.110621	0.981228	0.617349	-0.786616	-0.010709	0.770665	0.607452	-0.192555
55923	9.620646	-0.177667	-1.975196	-0.159208	-0.066958	-0.053873	0.158128	0.111482	0.981105	0.616217	-0.787515	-0.009833	0.771539	0.606128	-0.193225
55924	9.552448	-0.169275	-1.846788	-0.140010	-0.059246	-0.058787	0.158194	0.112333	0.980997	0.615238	-0.788291	-0.008946	0.772306	0.604962	-0.193814
55925	9.605322	-0.159079	-1.861121	-0.107717	-0.056074	-0.053937	0.158267	0.113128	0.980894	0.614501	-0.788874	-0.008168	0.772878	0.604053	-0.194370
55926	9.546757	0.017229	-1.761711	-0.065563	-0.045877	-0.057404	0.158240	0.113887	0.980811	0.614094	-0.789198	-0.007438	0.773207	0.603487	-0.194820
55927	9.643323	0.100943	-1.757033	-0.078103	-0.039530	-0.054198	0.158185	0.114584	0.980739	0.613585	-0.789600	-0.006714	0.773622	0.602829	-0.195210
55928	9.561767	0.148302	-1.768865	-0.043219	-0.020754	-0.048920	0.158016	0.115124	0.980702	0.613337	-0.789797	-0.006110	0.773853	0.602467	-0.195411
55929	9.490163	0.153765	-1.594291	-0.085767	-0.030716	-0.042852	0.157963	0.115679	0.980646	0.612751	-0.790257	-0.005482	0.774328	0.601758	-0.195714
55930	9.596159	-0.086121	-1.767358	-0.132529	-0.041609	-0.049668	0.157952	0.116351	0.980568	0.611812	-0.790989	-0.004696	0.775073	0.600665	-0.196123
55931	9.620202	-0.133254	-1.908978	-0.067644	-0.021982	-0.047217	0.157805	0.116887	0.980528	0.611372	-0.791333	-0.004060	0.775449	0.600108	-0.196338
55932	9.609366	-0.055897	-1.884804	-0.054668	-0.022036	-0.044037	0.157678	0.117397	0.980487	0.611026	-0.791603	-0.003482	0.775748	0.599653	-0.196551
55933	9.568740	-0.145072	-1.960466	-0.064296	-0.016066	-0.053665	0.157447	0.117949	0.980458	0.610622	-0.791917	-0.002789	0.776113	0.599128	-0.196707
55934	9.624328	-0.176511	-2.039890	-0.011255	0.007134	-0.057390	0.157012	0.118390	0.980475	0.610634	-0.791910	-0.002165	0.776192	0.599051	-0.196632
55935	9.583376	-0.145627	-1.943741	0.037700	0.022773	-0.060798	0.156435	0.118766	0.980522	0.611031	-0.791605	-0.001603	0.775995	0.599380	-0.196405
55936	9.552185	-0.095877	-1.917423	0.034587	0.012110	-0.065457	0.155912	0.119240	0.980547	0.611411	-0.791313	-0.000989	0.775802	0.599672	-0.196280
55937	9.599836	-0.015776	-1.940887	0.024924	0.007049	-0.070572	0.155398	0.119787	0.980562	0.611724	-0.791071	-0.000307	0.775658	0.599881	-0.196207
55938	9.561486	-0.004164	-1.902463	0.002908	-0.009566	-0.072506	0.154999	0.120447	0.980545	0.611868	-0.790960	0.000438	0.775624	0.599896	-0.196296
55939	9.608117	-0.003287	-2.026456	-0.013247	-0.017884	-0.069214	0.154686	0.121133	0.980510	0.611882	-0.790948	0.001183	0.775675	0.599773	-0.196468
55940	9.523334	0.064906	-1.980977	-0.026716	-0.021875	-0.067584	0.154413	0.121827	0.980467	0.611788	-0.791019	0.001937	0.775804	0.599539	-0.196676
55941	9.538200	0.080305	-1.953836	-0.063309	-0.034923	-0.069463	0.154231	0.122617	0.980397	0.611414	-0.791306	0.002783	0.776135	0.598999	-0.197014
55942	9.597868	0.020011	-1.950556	-0.075072	-0.040387	-0.066622	0.154108	0.123415	0.980316	0.610943	-0.791667	0.003624	0.776531	0.598358	-0.197402
55943	9.588311	0.139262	-1.900061	-0.073940	-0.048007	-0.065002	0.154056	0.124248	0.980219	0.610478	-0.792021	0.004447	0.776906	0.597717	-0.197866
55944	9.439142	0.105586	-1.876818	-0.104514	-0.055167	-0.061673	0.154080	0.125095	0.980108	0.609770	-0.792561	0.005298	0.777458	0.596824	-0.198397
55945	9.461353	0.070276	-1.823353	-0.137278	-0.071590	-0.063516	0.154221	0.126057	0.979962	0.608810	-0.793292	0.006233	0.778182	0.595649	-0.199087
55946	9.487569	0.035335	-1.813481	-0.161119	-0.084605	-0.066360	0.154447	0.127116	0.979790	0.607666	-0.794159	0.007244	0.779030	0.594266	-0.199900
55947	9.539598	-0.003568	-1.716940	-0.146430	-0.086100	-0.061962	0.154714	0.128150	0.979613	0.606631	-0.794942	0.008184	0.779784	0.592997	-0.200729
55948	9.591845	0.008752	-1.734195	-0.147424	-0.087632	-0.072246	0.154931	0.129273	0.979431	0.605601	-0.795715	0.009228	0.780540	0.591715	-0.201569
55949	9.574761	0.010924	-1.772153	-0.135134	-0.082746	-0.084121	0.155040	0.130463	0.979256	0.604686	-0.796396	0.010364	0.781228	0.590536	-0.202363
55950	9.644447	-0.006873	-1.829602	-0.122505	-0.075868	-0.087405	0.155076	0.131636	0.979093	0.603873	-0.796997	0.011508	0.781849	0.589464	-0.203087
55951	9.522280	0.028220	-1.819669	-0.083112	-0.069480	-0.089584	0.155051	0.132791	0.978941	0.603372	-0.797360	0.012594	0.782241	0.588713	-0.203753
55952	9.525854	0.058327	-1.854937	-0.071895	-0.087887	-0.096321	0.155128	0.134105	0.978750	0.602968	-0.797648	0.013723	0.782538	0.588026	-0.204599
55953	9.611933	0.068027	-1.869518	-0.066098	-0.092808	-0.090954	0.155279	0.135407	0.978547	0.602601	-0.797905	0.014788	0.782790	0.587377	-0.205494
55954	9.703975	0.117177	-1.897988	-0.052317	-0.093455	-0.092777	0.155422	0.136726	0.978340	0.602345	-0.798079	0.015843	0.782959	0.586836	-0.206395
55955	9.664209	0.339850	-1.782093	-0.043896	-0.091667	-0.078067	0.155642	0.137917	0.978138	0.602133	-0.798221	0.016737	0.783079	0.586364	-0.207281
55956	9.565691	0.256960	-1.616982	-0.117241	-0.116111	-0.074192	0.156076	0.139219	0.977885	0.601339	-0.798797	0.017746	0.783602	0.585270	-0.208391
55957	9.621193	-0.082368	-1.570002	-0.173872	-0.152596	-0.080448	0.156761	0.140785	0.977551	0.600111	-0.799692	0.018936	0.784406	0.583671	-0.209848
55958	9.578192	-0.213715	-1.306843	-0.049881	-0.161893	-0.077999	0.157534	0.142383	0.977195	0.599852	-0.799865	0.019842	0.784449	0.583046	-0.211415
55959	9.569671	0.081019	-1.052819	0.059994	-0.181408	-0.084469	0.158422	0.144147	0.976793	0.600465	-0.799386	0.020580	0.783801	0.583270	-0.213195
55960	9.571998	0.167583	-1.013940	0.035543	-0.207463	-0.088606	0.159486	0.146095	0.976330	0.600893	-0.799043	0.021408	0.783257	0.583256	-0.215224
55961	9.500269	0.020041	-1.478901	0.088636	-0.205810	-0.090720	0.160524	0.148050	0.975865	0.601742	-0.798384	0.022142	0.782393	0.583665	-0.217248
55962	9.271050	0.056014	-1.686099	0.129345	-0.211594	-0.102649	0.161531	0.150135	0.975381	0.602927	-0.797467	0.022900	0.781272	0.584385	-0.219336
55963	9.382799	0.112182	-1.783488	0.059169	-0.254646	-0.104070	0.162863	0.152483	0.974795	0.603568	-0.796956	0.023824	0.780501	0.584475	-0.221828
55964	9.643372	-0.047093	-1.889105	-0.001517	-0.288181	-0.113632	0.164397	0.155101	0.974124	0.603751	-0.796782	0.024973	0.780037	0.584023	-0.224631
55965	9.794117	-0.154401	-1.850186	0.027808	-0.295519	-0.120525	0.165944	0.157817	0.973425	0.604177	-0.796422	0.026123	0.779380	0.583786	-0.227511
55966	9.751166	-0.171995	-1.627880	0.075599	-0.305151	-0.130190	0.167505	0.160664	0.972692	0.604992	-0.795765	0.027256	0.778413	0.583905	-0.230495
55967	9.663326	-0.074805	-1.311648	0.063487	-0.350849	-0.134268	0.169393	0.163810	0.971840	0.605721	-0.795168	0.028453	0.777437	0.583844	-0.233919
55968	9.716467	-0.082675	-0.907449	0.037946	-0.416512	-0.140131	0.171751	0.167384	0.970816	0.606265	-0.794706	0.029764	0.776495	0.583460	-0.237970
55969	9.860239	-0.095484	-0.842437	0.127802	-0.450849	-0.155753	0.174274	0.171281	0.969686	0.607535	-0.793687	0.031007	0.774939	0.583715	-0.242378
55970	9.915752	0.204099	-1.123378	0.322136	-0.448602	-0.163679	0.176718	0.175230	0.968538	0.610324	-0.791512	0.031844	0.772189	0.585494	-0.246822
55971	9.782376	0.819740	-1.205374	0.416553	-0.457669	-0.153581	0.179275	0.179158	0.967348	0.613816	-0.788787	0.032331	0.768824	0.587978	-0.251379
55972	9.653735	1.382059	-1.180805	0.303523	-0.527144	-0.121088	0.182546	0.183244	0.965970	0.616374	-0.786771	0.032770	0.766002	0.589417	-0.256569
55973	9.903375	1.558056	-0.736964	0.103299	-0.612971	-0.109099	0.186533	0.187742	0.964344	0.617375	-0.785951	0.033593	0.764234	0.589096	-0.262513
55974	10.521236	1.629942	-0.615125	0.030101	-0.692137	-0.136377	0.190945	0.192916	0.962457	0.617873	-0.785505	0.034866	0.762741	0.588018	-0.269186
55975	10.549967	1.259615	-0.825936	0.051981	-0.710595	-0.147591	0.195416	0.198278	0.960468	0.618564	-0.784901	0.036182	0.761046	0.587040	-0.276030
55976	10.582889	1.117291	-1.111253	0.204822	-0.704334	-0.134287	0.199905	0.203495	0.958451	0.620396	-0.783419	0.036936	0.758385	0.587235	-0.282857
55977	10.733136	1.161496	-1.215230	0.284191	-0.695053	-0.097531	0.204528	0.208370	0.956426	0.622753	-0.781538	0.037096	0.755213	0.588030	-0.289610
55978	11.012872	1.109701	-1.249706	0.354479	-0.695828	-0.058631	0.209374	0.212953	0.954365	0.625556	-0.779318	0.036655	0.751560	0.589334	-0.296383
55979	11.491036	0.746105	-1.166763	0.534342	-0.625210	-0.014331	0.213936	0.216785	0.952489	0.629600	-0.776121	0.035231	0.746884	0.592150	-0.302528
55980	11.242799	0.380629	-1.240476	0.841151	-0.542100	-0.006055	0.217899	0.220085	0.950833	0.635879	-0.771093	0.032759	0.740390	0.597476	-0.307968
55981	10.841015	0.750424	-0.979129	0.924987	-0.637246	-0.022777	0.222415	0.224111	0.948844	0.642754	-0.765480	0.030136	0.733075	0.603170	-0.314303
55982	10.848825	0.902713	-1.042182	0.833047	-0.784624	-0.001507	0.228099	0.228901	0.946348	0.648846	-0.760422	0.027538	0.725927	0.607753	-0.321973
55983	11.010683	0.925478	-1.356159	0.786853	-0.833933	0.012753	0.234172	0.233915	0.943635	0.654510	-0.755643	0.024891	0.718874	0.611790	-0.330050
55984	10.564973	1.155971	-2.145033	0.792388	-0.823409	0.050119	0.240360	0.238619	0.940897	0.660071	-0.750886	0.021810	0.711711	0.615817	-0.337989
55985	10.251854	1.562855	-2.372985	0.542187	-0.921256	0.090141	0.247451	0.243650	0.937765	0.663704	-0.747750	0.019146	0.705878	0.617661	-0.346743
55986	10.359919	1.433992	-2.801918	0.212496	-0.986869	0.151765	0.255375	0.248634	0.934326	0.664831	-0.746800	0.017016	0.701985	0.616823	-0.356014
55987	10.332761	1.100492	-3.010291	0.069784	-0.980132	0.235840	0.263773	0.252933	0.930832	0.664718	-0.746951	0.014604	0.698980	0.614889	-0.365155
55988	9.909360	0.980978	-3.681297	0.016924	-0.929494	0.326425	0.272396	0.256226	0.927442	0.663975	-0.747666	0.011545	0.696375	0.612653	-0.373788
55989	9.503478	1.097214	-4.316409	-0.033031	-0.876084	0.417273	0.281218	0.258484	0.924176	0.662601	-0.748931	0.007846	0.694173	0.610154	-0.381885
55990	9.141051	1.358643	-4.568538	-0.143393	-0.780836	0.494698	0.289875	0.259554	0.921197	0.660208	-0.751073	0.003871	0.692891	0.607060	-0.389077
55991	8.849936	1.469539	-4.656245	-0.334867	-0.656049	0.533462	0.297897	0.259532	0.918641	0.656331	-0.754473	0.000316	0.693171	0.602839	-0.395094
55992	8.587486	1.375624	-4.612385	-0.504814	-0.478310	0.526630	0.304630	0.258446	0.916737	0.651256	-0.758854	-0.002475	0.695030	0.597784	-0.399484
55993	8.319265	0.948651	-4.453798	-0.605094	-0.227223	0.475740	0.309262	0.256203	0.915815	0.645593	-0.763669	-0.004371	0.698260	0.592595	-0.401576
55994	8.053757	0.264495	-4.176630	-0.571772	0.055620	0.399872	0.311413	0.252840	0.916021	0.640363	-0.768051	-0.005702	0.702109	0.588362	-0.401091
55995	7.914579	-0.310011	-4.042904	-0.466881	0.393525	0.294938	0.310489	0.248286	0.917579	0.636172	-0.771520	-0.006502	0.706316	0.585756	-0.397501
55996	7.795584	-0.988869	-3.814525	-0.296318	0.715118	0.161389	0.306418	0.242881	0.920390	0.633590	-0.773640	-0.006781	0.710403	0.585227	-0.390944
55997	7.822220	-1.757283	-3.646548	-0.107167	1.016079	0.027163	0.299318	0.236743	0.924317	0.632757	-0.774322	-0.006578	0.714162	0.586837	-0.381569
55998	8.161149	-2.604801	-3.687028	0.205011	1.310428	-0.127945	0.289101	0.230040	0.929248	0.634615	-0.772805	-0.006125	0.716718	0.591485	-0.369406
55999	8.464943	-2.537021	-3.406240	0.701038	1.618290	-0.277296	0.275699	0.222558	0.935125	0.640435	-0.767989	-0.006037	0.716822	0.600551	-0.354267
56000	8.329555	-1.620179	-2.977609	1.034436	1.878372	-0.413114	0.259556	0.214350	0.941640	0.648960	-0.760801	-0.005696	0.715179	0.612565	-0.336575
56001	8.097103	-0.762231	-2.840291	1.075412	2.075690	-0.555232	0.241065	0.205732	0.948452	0.658043	-0.752970	-0.003923	0.713349	0.625068	-0.316896
56002	8.247982	-0.140071	-2.717813	0.941186	2.233940	-0.694208	0.220512	0.196868	0.955310	0.666366	-0.745625	-0.000160	0.712272	0.636621	-0.295606
56003	8.521527	0.085500	-2.581114	0.672878	2.379143	-0.838459	0.197909	0.187858	0.962050	0.672924	-0.739688	0.006007	0.712745	0.646198	-0.272805
56004	8.664002	-0.135093	-2.529323	0.416597	2.492392	-0.944616	0.173710	0.178650	0.968457	0.677662	-0.735239	0.014077	0.714562	0.653841	-0.248783
56005	8.928370	-0.485886	-2.511710	0.294256	2.576641	-1.044715	0.148134	0.169402	0.974351	0.681456	-0.731479	0.023572	0.716710	0.660486	-0.223797
56006	9.095378	-0.723866	-2.492639	0.273643	2.639467	-1.128010	0.121454	0.160141	0.979594	0.684948	-0.727795	0.034055	0.718397	0.666835	-0.198082
56007	9.288777	-0.671679	-2.557189	0.337382	2.668849	-1.190831	0.094056	0.150921	0.984061	0.688661	-0.723675	0.045165	0.718957	0.673437	-0.172000
56008	9.490186	-0.177786	-2.440125	0.428511	2.668952	-1.225415	0.066381	0.141718	0.987679	0.692729	-0.718973	0.056605	0.718136	0.680436	-0.145898
56009	9.633686	0.308728	-2.254473	0.463351	2.641362	-1.225634	0.038883	0.132459	0.990426	0.696700	-0.714118	0.068154	0.716308	0.687380	-0.120051
56010	9.792737	0.654350	-2.064205	0.542197	2.600674	-1.191014	0.011938	0.122987	0.992336	0.700882	-0.708842	0.079420	0.713177	0.694562	-0.094662
56011	9.723399	1.190653	-1.918897	0.662784	2.535325	-1.107602	-0.013911	0.113121	0.993484	0.705583	-0.702900	0.089914	0.708491	0.702236	-0.070038
56012	9.561311	1.824125	-1.343274	0.725247	2.446851	-0.989972	-0.038219	0.102796	0.993968	0.710444	-0.696703	0.099370	0.702715	0.709956	-0.046403
56013	9.107654	2.199181	-0.826787	0.736271	2.297975	-0.837300	-0.060300	0.092227	0.993910	0.715181	-0.690627	0.107475	0.696334	0.717306	-0.024314
56014	8.823243	2.657044	-0.156074	0.674979	2.097239	-0.652641	-0.079553	0.081629	0.993483	0.719402	-0.685190	0.113905	0.690023	0.723775	-0.004215
56015	8.626738	2.696870	0.556744	0.493981	1.866238	-0.440636	-0.095597	0.071110	0.992877	0.722409	-0.681262	0.118348	0.684825	0.728577	0.013756
56016	8.217583	2.404718	1.415250	0.321415	1.616240	-0.218270	-0.108245	0.060816	0.992262	0.724380	-0.678766	0.120624	0.680850	0.731832	0.029419
56017	8.306451	2.327083	4.886265	0.199462	1.248741	-0.058463	-0.117192	0.052084	0.991743	0.725665	-0.677268	0.121319	0.677995	0.733890	0.041575
56018	7.819125	1.106605	0.618771	-0.067247	0.809034	0.145623	-0.121652	0.045184	0.991544	0.725380	-0.677828	0.119885	0.677513	0.733831	0.049683
56019	6.501925	2.355797	-0.149330	0.049692	0.308705	0.344839	-0.121278	0.040603	0.991788	0.726131	-0.677609	0.116534	0.676776	0.734301	0.052696
56020	6.946769	1.890005	-0.179958	-0.781643	-0.141907	0.493827	-0.116773	0.038305	0.992420	0.721403	-0.683519	0.111266	0.682599	0.728927	0.052183
56021	7.188857	-0.247246	-2.497834	-0.871677	-0.475238	0.566302	-0.109481	0.037888	0.993266	0.716059	-0.690059	0.105249	0.689400	0.722761	0.048418
56022	6.928348	0.267163	-3.872833	-0.421645	-0.793588	0.612788	-0.099647	0.039397	0.994243	0.713783	-0.693333	0.099012	0.693242	0.719540	0.040968
56023	8.155983	2.666065	-3.009768	-0.075601	-1.002207	0.580936	-0.088583	0.042598	0.995158	0.713802	-0.694112	0.093250	0.694723	0.718606	0.031080
56024	11.839979	4.889059	1.651054	-0.214079	-0.813931	0.327801	-0.080614	0.046186	0.995675	0.712589	-0.695789	0.089970	0.696935	0.716759	0.023179
56025	12.447854	2.402529	2.106439	-0.687721	-0.578529	0.161660	-0.075457	0.049215	0.995934	0.707902	-0.700775	0.088263	0.702269	0.711683	0.018039
56026	11.158164	0.162640	1.781809	-0.327234	-0.660864	0.297612	-0.068735	0.051845	0.996287	0.705813	-0.703245	0.085291	0.705056	0.709054	0.011745
56027	11.280689	-1.031562	1.250870	-0.513071	-0.871436	0.508851	-0.059028	0.054443	0.996771	0.702508	-0.707140	0.080226	0.709224	0.704975	0.003494
56028	11.436608	-2.576919	-2.721674	-0.172928	-1.013801	0.644705	-0.047335	0.057042	0.997249	0.701623	-0.708712	0.073841	0.710974	0.703188	-0.006475
56029	10.729989	-0.191202	-3.482489	0.461846	-0.991848	0.685370	-0.035514	0.059208	0.997614	0.705183	-0.705853	0.066996	0.708135	0.705880	-0.016685
56030	9.867411	1.575132	-3.370793	-0.126407	-1.001206	0.646965	-0.023891	0.061722	0.997807	0.704481	-0.707131	0.060609	0.709321	0.704384	-0.026588
56031	10.013310	0.309444	-3.743866	-0.849928	-0.989516	0.549844	-0.013021	0.064780	0.997815	0.698528	-0.713432	0.055432	0.715464	0.697723	-0.035961
56032	10.497604	-1.475002	-4.034862	-1.144253	-0.901916	0.455722	-0.003399	0.067789	0.997694	0.690335	-0.721663	0.051385	0.723482	0.688917	-0.044344
56033	10.699889	-2.703144	-5.111086	-0.801860	-0.783972	0.332783	0.004548	0.070781	0.997482	0.684512	-0.727387	0.048494	0.728988	0.682567	-0.051758
56034	10.665692	-1.732290	-5.141869	0.073195	-0.662454	0.298514	0.011387	0.073158	0.997255	0.685024	-0.727097	0.045517	0.728431	0.682626	-0.058394
56035	10.372859	1.044802	-3.819699	0.593281	-0.545799	0.310107	0.017450	0.074673	0.997055	0.689292	-0.723259	0.042104	0.724273	0.686528	-0.064093
56036	10.513683	3.138871	-2.135743	0.401831	-0.421308	0.355410	0.022918	0.075031	0.996918	0.692128	-0.720756	0.038335	0.721411	0.689116	-0.068449
56037	9.911291	3.109474	-1.378460	-0.200418	-0.357625	0.389689	0.028162	0.074709	0.996808	0.690586	-0.722420	0.034634	0.722702	0.687406	-0.071938
56038	9.679131	1.425630	-0.853482	-0.695670	-0.401971	0.399948	0.033796	0.074588	0.996642	0.685422	-0.727477	0.031202	0.727361	0.682066	-0.075710
56039	9.687366	-0.495372	-0.352825	-0.786734	-0.418258	0.374002	0.039369	0.074727	0.996427	0.679547	-0.733092	0.028130	0.732575	0.676012	-0.079641
56040	9.639221	-1.348524	0.031298	-0.368490	-0.393868	0.351176	0.044608	0.074831	0.996198	0.676700	-0.735835	0.024972	0.734906	0.673013	-0.083462
56041	9.275497	-0.361952	0.878910	0.090209	-0.393613	0.354361	0.049866	0.074903	0.995943	0.677201	-0.735487	0.021408	0.734106	0.673386	-0.087400
56042	9.172810	0.925341	1.623054	0.148261	-0.457014	0.388912	0.055822	0.075150	0.995609	0.678087	-0.734774	0.017443	0.732858	0.674136	-0.091975
56043	9.020883	1.428474	1.998276	-0.040703	-0.547128	0.437233	0.062762	0.075652	0.995157	0.677536	-0.735372	0.013173	0.732807	0.673428	-0.097410
56044	8.875147	1.107953	2.168201	-0.215428	-0.677413	0.463253	0.070832	0.076822	0.994526	0.675651	-0.737168	0.008821	0.733811	0.671328	-0.104120
56045	8.916524	0.408975	2.009705	-0.188208	-0.796408	0.477687	0.079868	0.078664	0.993697	0.673916	-0.738796	0.004320	0.734479	0.669323	-0.112019
56046	9.038285	0.157432	1.469023	-0.162327	-0.889537	0.484663	0.089634	0.081052	0.992671	0.672318	-0.740262	-0.000265	0.734816	0.667415	-0.120845
56047	9.481964	-0.350946	0.111081	-0.231022	-0.905235	0.473732	0.099434	0.083599	0.991526	0.670178	-0.742186	-0.004632	0.735509	0.664960	-0.129825
56048	9.328077	-0.954156	-1.600799	-0.254352	-0.892644	0.462431	0.109066	0.086113	0.990298	0.667831	-0.744261	-0.008832	0.736279	0.662315	-0.138682
56049	9.450047	-1.160002	-2.453417	-0.329491	-0.918320	0.440804	0.118735	0.088922	0.988936	0.664908	-0.746818	-0.012680	0.737428	0.659057	-0.147799
56050	9.907010	-1.646454	-3.322479	-0.506732	-0.902273	0.383320	0.127909	0.092005	0.987509	0.660700	-0.750487	-0.015656	0.739672	0.654450	-0.156782
56051	10.041051	-2.122318	-4.271920	-0.449348	-0.846451	0.339733	0.136382	0.095000	0.986091	0.656931	-0.753730	-0.018243	0.741513	0.650282	-0.165204
56052	10.014004	-1.660308	-4.622002	-0.285742	-0.774818	0.295831	0.144040	0.097822	0.984725	0.654404	-0.755863	-0.020635	0.742299	0.647381	-0.172889
56053	9.942097	-1.188566	-4.597436	-0.333246	-0.718408	0.249890	0.150976	0.100598	0.983405	0.651569	-0.758257	-0.022465	0.743414	0.644148	-0.180025
56054	10.026024	-1.095850	-4.522249	-0.336774	-0.686822	0.218653	0.157477	0.103378	0.982097	0.648735	-0.760637	-0.023956	0.744543	0.640893	-0.186848
56055	10.105590	-0.804585	-4.115906	-0.260477	-0.631814	0.197364	0.163430	0.105946	0.980850	0.646488	-0.762503	-0.025357	0.745214	0.638252	-0.193109
56056	9.921721	-0.680211	-3.366885	-0.277149	-0.603108	0.186437	0.169100	0.108391	0.979621	0.644121	-0.764461	-0.026602	0.745999	0.635492	-0.199087
56057	9.982274	-0.804194	-3.030361	-0.292248	-0.587151	0.163601	0.174504	0.110892	0.978392	0.641669	-0.766486	-0.027573	0.746867	0.632615	-0.204911
56058	10.029560	-0.758994	-2.773061	-0.137185	-0.525275	0.139499	0.179291	0.113169	0.977265	0.640407	-0.767503	-0.028613	0.746816	0.630977	-0.210081
56059	9.906228	-0.067739	-2.360117	0.050179	-0.428254	0.138552	0.183345	0.114838	0.976318	0.640541	-0.767336	-0.030032	0.745716	0.630878	-0.214246
56060	9.828760	0.368506	-1.819930	0.056832	-0.331272	0.132496	0.186632	0.115939	0.975565	0.640729	-0.767124	-0.031409	0.744738	0.630935	-0.217456
56061	9.500492	0.016815	-1.770582	0.021140	-0.288573	0.122114	0.189533	0.116853	0.974896	0.640668	-0.767125	-0.032605	0.744057	0.630765	-0.220260
56062	9.297485	-0.123576	-1.566669	-0.056048	-0.339183	0.122130	0.192808	0.118082	0.974106	0.640028	-0.767615	-0.033632	0.743767	0.629939	-0.223578
56063	9.253576	-0.191611	-1.458840	-0.155061	-0.397301	0.127289	0.196548	0.119634	0.973168	0.638638	-0.768734	-0.034481	0.743983	0.628280	-0.227496
56064	9.119436	-0.251937	-1.305763	-0.249545	-0.448579	0.130047	0.200686	0.121474	0.972095	0.636533	-0.770449	-0.035133	0.744682	0.625822	-0.231940
56065	9.119921	-0.533337	-1.335216	-0.337764	-0.501574	0.127413	0.205203	0.123653	0.970877	0.633769	-0.772706	-0.035539	0.745807	0.622604	-0.236929
56066	9.027362	-0.670944	-1.213632	-0.338970	-0.549742	0.122503	0.210050	0.126147	0.969518	0.630996	-0.774956	-0.035876	0.746809	0.619298	-0.242378
56067	8.938617	-0.766523	-1.027900	-0.361979	-0.605631	0.122987	0.215321	0.128962	0.967991	0.628041	-0.777341	-0.036139	0.747798	0.615719	-0.248371
56068	8.907091	-0.953513	-0.854491	-0.321179	-0.656280	0.112194	0.220904	0.132147	0.966302	0.625405	-0.779452	-0.036377	0.748378	0.612366	-0.254829
56069	8.829949	-0.877527	-0.584959	-0.225105	-0.711341	0.111301	0.226892	0.135655	0.964426	0.623483	-0.780969	-0.036831	0.748190	0.609660	-0.261774
56070	8.928018	-0.768525	-0.541228	-0.207922	-0.779724	0.109923	0.233378	0.139568	0.962318	0.621687	-0.782377	-0.037299	0.747690	0.606965	-0.269357
56071	8.985124	-0.969391	-0.917293	-0.180543	-0.837202	0.108709	0.240279	0.143817	0.959991	0.620093	-0.783617	-0.037811	0.746827	0.604369	-0.277467
56072	9.251481	-0.948552	-1.458812	-0.087455	-0.874726	0.102045	0.247408	0.148324	0.957491	0.619204	-0.784286	-0.038505	0.745235	0.602409	-0.285881
56073	9.378802	-0.859782	-1.855837	-0.072938	-0.923508	0.100515	0.254873	0.153118	0.954774	0.618421	-0.784868	-0.039215	0.743367	0.600448	-0.294734
56074	9.412059	-0.667601	-2.036550	-0.050656	-0.970554	0.101044	0.262673	0.158172	0.951832	0.617797	-0.785320	-0.039989	0.741168	0.598543	-0.304001
56075	9.569794	-0.635424	-2.415833	-0.073029	-0.995752	0.092088	0.270580	0.163427	0.948724	0.617024	-0.785897	-0.040600	0.738964	0.596371	-0.313486
56076	9.523435	-0.342221	-2.689490	-0.028398	-0.998301	0.098407	0.278522	0.168626	0.945511	0.616558	-0.786220	-0.041404	0.736398	0.594494	-0.322948
56077	9.693913	-0.095079	-2.914244	-0.133767	-1.030821	0.095417	0.286660	0.174018	0.942095	0.615318	-0.787169	-0.041828	0.734309	0.591678	-0.332726
56078	9.745995	0.037008	-3.290366	-0.173036	-1.032710	0.105316	0.294851	0.179311	0.938568	0.613757	-0.788367	-0.042196	0.732369	0.588494	-0.342504
56079	9.547238	0.121109	-3.468431	-0.288343	-1.036932	0.111870	0.303094	0.184537	0.934923	0.611327	-0.790252	-0.042205	0.731036	0.584335	-0.352333
56080	9.761031	-0.006420	-3.681359	-0.420486	-1.064562	0.110007	0.311514	0.189888	0.931075	0.607931	-0.792894	-0.041691	0.730328	0.579017	-0.362437
56081	9.832118	-0.129127	-3.409721	-0.494216	-1.064594	0.106970	0.319905	0.195200	0.927123	0.604000	-0.795938	-0.040831	0.729962	0.573045	-0.372525
56082	10.280491	-0.106124	-2.825419	-0.549073	-1.113988	0.080089	0.328489	0.200938	0.922886	0.599749	-0.799215	-0.039461	0.729655	0.566462	-0.383045
56083	10.182531	0.198754	-2.028683	-0.380406	-1.105006	0.067356	0.336917	0.206658	0.918575	0.596767	-0.801487	-0.038567	0.728256	0.561169	-0.393361
56084	9.876745	0.063123	-1.133177	-0.410010	-1.187700	0.058430	0.345876	0.212850	0.913819	0.593601	-0.803888	-0.037431	0.726641	0.555390	-0.404393
56085	10.321483	-0.189625	-0.187912	-0.286876	-1.237923	0.070354	0.355241	0.219157	0.908721	0.591290	-0.805616	-0.036859	0.724003	0.550411	-0.415773
56086	10.428343	-0.565350	0.827886	-0.302501	-1.364512	0.076369	0.365522	0.226044	0.902939	0.588846	-0.807432	-0.036238	0.720870	0.544938	-0.428239
56087	11.306198	-0.487334	0.673592	-0.015135	-1.492367	0.058600	0.376553	0.233705	0.896432	0.588536	-0.807639	-0.036663	0.715425	0.541388	-0.441662
56088	11.323270	1.059337	0.318657	0.315624	-1.565640	0.083436	0.388156	0.241529	0.889381	0.590481	-0.806119	-0.038789	0.707578	0.540218	-0.455518
56089	10.880852	2.422208	-0.302451	0.138357	-1.735845	0.131502	0.401117	0.249845	0.881296	0.590951	-0.805687	-0.040558	0.699916	0.537072	-0.470821
56090	10.631308	2.218679	-1.874011	-0.207377	-1.904768	0.176504	0.415400	0.258620	0.872100	0.588805	-0.807231	-0.041077	0.693363	0.530560	-0.487600
56091	10.639350	1.617321	-3.459663	-0.228434	-1.974129	0.179040	0.430037	0.267604	0.862239	0.586489	-0.808895	-0.041460	0.686367	0.523523	-0.504801
56092	10.352111	1.521635	-4.337810	-0.274785	-1.981869	0.158635	0.444471	0.276650	0.852004	0.583939	-0.810742	-0.041376	0.679309	0.515909	-0.521898
56093	9.887268	1.282097	-4.892627	-0.383582	-2.017499	0.160765	0.459009	0.285691	0.841244	0.580638	-0.813146	-0.040666	0.672436	0.507124	-0.539124
56094	9.833443	0.653520	-5.124657	-0.638720	-2.052884	0.146905	0.473575	0.294821	0.829944	0.575698	-0.816762	-0.038361	0.666557	0.495964	-0.556526
56095	9.882130	-0.443903	-5.585952	-0.842558	-2.015018	0.113307	0.487573	0.303783	0.818528	0.569576	-0.821214	-0.034499	0.661707	0.483035	-0.573429
56096	9.924940	-1.624912	-5.874720	-0.816193	-1.918170	0.080767	0.500650	0.312294	0.807355	0.563818	-0.825340	-0.030379	0.656855	0.470411	-0.589284
56097	10.040759	-2.418901	-5.817727	-0.538999	-1.694791	0.069458	0.512092	0.319636	0.797242	0.559961	-0.828056	-0.027689	0.651311	0.460603	-0.603025
56098	9.493463	-2.814887	-5.674934	-0.310522	-1.535423	0.053820	0.522320	0.326236	0.787878	0.557693	-0.829634	-0.026194	0.645106	0.453075	-0.615273
56099	9.626582	-3.459717	-5.418804	-0.328813	-1.554208	0.000355	0.532266	0.333239	0.778232	0.555600	-0.831100	-0.024121	0.638750	0.445224	-0.627514
56100	10.091517	-4.048582	-5.341094	-0.128621	-1.523826	-0.051597	0.541630	0.340437	0.768596	0.555084	-0.831479	-0.022877	0.631283	0.439027	-0.639325
56101	10.161193	-3.989449	-5.349460	0.308856	-1.482540	-0.078574	0.550447	0.347604	0.759065	0.557468	-0.829845	-0.024239	0.621480	0.436497	-0.650564
56102	9.896537	-3.090108	-5.493843	0.649025	-1.472887	-0.095195	0.558955	0.354855	0.749432	0.562016	-0.826661	-0.027750	0.609678	0.436704	-0.661500
56103	9.822366	-1.985244	-5.191455	0.746211	-1.530821	-0.094856	0.567623	0.362349	0.739261	0.567072	-0.823047	-0.031994	0.596853	0.437375	-0.672658
56104	9.914272	-1.234342	-5.632925	0.785960	-1.512935	-0.059712	0.576187	0.369495	0.729028	0.572078	-0.819371	-0.036858	0.583725	0.438298	-0.683491
56105	9.197211	-0.500747	-5.753789	0.812069	-1.484847	-0.029264	0.584556	0.376271	0.718828	0.576955	-0.815685	-0.042212	0.570454	0.439407	-0.693905
56106	8.593661	0.417737	-5.916225	0.762571	-1.391152	0.018601	0.592485	0.382270	0.709105	0.581173	-0.812384	-0.047646	0.557852	0.440343	-0.703491
56107	8.340050	1.117962	-5.887927	0.591965	-1.307203	0.078300	0.600128	0.387410	0.699828	0.583996	-0.810066	-0.052363	0.546621	0.440121	-0.712389
56108	8.049119	1.483840	-6.308738	0.412816	-1.169640	0.176252	0.607470	0.391154	0.691360	0.585195	-0.808920	-0.056520	0.537147	0.438914	-0.720296
56109	7.383491	1.894042	-6.756538	0.255505	-0.982333	0.268643	0.614249	0.393304	0.684113	0.584938	-0.808841	-0.060190	0.529666	0.437135	-0.726889
56110	6.435404	1.334190	-7.090230	-0.196163	-0.774972	0.321090	0.620186	0.394104	0.678271	0.581948	-0.810941	-0.060921	0.526028	0.432500	-0.732282
56111	6.725650	-0.314720	-6.503015	-0.335471	-0.528989	0.272076	0.624511	0.394190	0.674240	0.578514	-0.813443	-0.060271	0.524698	0.427697	-0.736049
56112	8.048603	-1.203090	-5.164534	0.140625	-0.093818	0.178901	0.626011	0.393167	0.673446	0.578159	-0.813528	-0.062487	0.523299	0.428477	-0.736590
56113	8.624483	-1.625583	-5.127145	0.629036	0.353203	0.115372	0.624801	0.390725	0.675987	0.580747	-0.811251	-0.067864	0.521878	0.434979	-0.733782
56114	8.309152	-1.281985	-6.008308	1.190654	0.731044	0.085138	0.621464	0.386842	0.681275	0.586443	-0.806311	-0.077118	0.519487	0.447455	-0.727954
