// General information: 
//  MT Manager version: 2022.2.0 
//  XDA version: 2022.2.0 build 7381 rev 124627 built on 2023-07-19
// Device information: 
//  DeviceId: 00B4CAF0
//  ProductCode: MTW2-3A7G6
//  Firmware Version: 4.6.0
//  Hardware Version: 2.0.0
// Device settings: 
//  Filter Profile: human(46.1)
//  Option Flags: Orientation Smoother Disabled, Position/Velocity Smoother Disabled, Continuous Zero Rotation Update Disabled, AHS Disabled, ICC Disabled
// Coordinate system: ENU
PacketCounter	Acc_X	Acc_Y	Acc_Z	Gyr_X	Gyr_Y	Gyr_Z	Mat[1][1]	Mat[2][1]	Mat[3][1]	Mat[1][2]	Mat[2][2]	Mat[3][2]	Mat[1][3]	Mat[2][3]	Mat[3][3]
33675	4.636713	-1.029793	9.161531	-0.002937	0.003214	0.006337	-0.171044	-0.878827	0.445430	0.965923	-0.238708	-0.100056	0.194259	0.413137	0.889709
33676	4.638490	-1.064877	9.158833	-0.005062	0.006880	0.010522	-0.170998	-0.878859	0.445383	0.965914	-0.238698	-0.100166	0.194344	0.413074	0.889719
33677	4.643186	-1.043203	9.103987	-0.000911	0.008848	0.008357	-0.170961	-0.878897	0.445323	0.965914	-0.238672	-0.100229	0.194377	0.413008	0.889743
33678	4.636301	-1.066047	9.159805	-0.000914	0.019139	0.007789	-0.170947	-0.878976	0.445172	0.965913	-0.238649	-0.100291	0.194393	0.412853	0.889811
33679	4.600483	-1.066250	9.135610	0.008606	0.017965	0.008201	-0.170929	-0.879051	0.445030	0.965931	-0.238585	-0.100269	0.194319	0.412730	0.889884
33680	4.614850	-1.045543	9.114225	0.009665	0.025783	0.013230	-0.170901	-0.879167	0.444813	0.965954	-0.238497	-0.100259	0.194231	0.412534	0.889994
33681	4.583576	-1.069642	9.178354	0.012478	0.028537	0.010425	-0.170882	-0.879291	0.444575	0.965983	-0.238398	-0.100213	0.194102	0.412327	0.890118
33682	4.588656	-1.080688	9.121811	0.018161	0.030418	0.010736	-0.170865	-0.879423	0.444320	0.966024	-0.238275	-0.100117	0.193916	0.412117	0.890256
33683	4.543751	-1.067636	9.156379	0.018636	0.032807	0.007617	-0.170882	-0.879558	0.444047	0.966060	-0.238175	-0.100003	0.193719	0.411887	0.890405
33684	4.549299	-1.033994	9.193603	0.017639	0.031658	0.007950	-0.170897	-0.879689	0.443782	0.966094	-0.238080	-0.099900	0.193537	0.411662	0.890549
33685	4.527689	-1.018721	9.220459	0.018140	0.027088	0.008075	-0.170898	-0.879801	0.443559	0.966130	-0.237978	-0.099793	0.193355	0.411481	0.890672
33686	4.534040	-0.985137	9.257244	0.014927	0.019603	0.004555	-0.170930	-0.879872	0.443405	0.966151	-0.237933	-0.099698	0.193222	0.411355	0.890759
33687	4.525848	-1.051045	9.219868	0.008461	0.020609	0.009075	-0.170908	-0.879960	0.443239	0.966170	-0.237862	-0.099681	0.193145	0.411208	0.890844
33688	4.555080	-1.060502	9.155257	0.008618	0.017973	0.008224	-0.170895	-0.880034	0.443096	0.966187	-0.237804	-0.099660	0.193074	0.411083	0.890917
33689	4.530519	-1.062170	9.163568	0.008744	0.012002	0.004694	-0.170899	-0.880076	0.443011	0.966199	-0.237770	-0.099621	0.193009	0.411012	0.890964
33690	4.491765	-1.033565	9.214785	0.009085	0.010066	0.005667	-0.170893	-0.880113	0.442941	0.966213	-0.237729	-0.099584	0.192945	0.410958	0.891003
33691	4.524155	-0.992392	9.170240	0.007054	0.004430	0.003641	-0.170893	-0.880121	0.442925	0.966220	-0.237712	-0.099555	0.192909	0.410950	0.891014
33692	4.534457	-0.994023	9.203264	0.003032	0.006787	0.001701	-0.170898	-0.880138	0.442889	0.966221	-0.237710	-0.099555	0.192901	0.410915	0.891032
33693	4.557312	-0.991884	9.195862	-0.000291	-0.001686	0.004950	-0.170874	-0.880124	0.442926	0.966216	-0.237711	-0.099598	0.192947	0.410943	0.891009
33694	4.574159	-1.056710	9.149925	-0.001971	0.001036	0.003331	-0.170875	-0.880117	0.442941	0.966204	-0.237739	-0.099649	0.193007	0.410944	0.890996
33695	4.543210	-1.047482	9.215322	-0.007975	-0.005865	0.005287	-0.170839	-0.880087	0.443014	0.966185	-0.237769	-0.099761	0.193134	0.410991	0.890947
33696	4.596588	-1.062225	9.214814	-0.008345	-0.007265	0.001635	-0.170840	-0.880042	0.443104	0.966158	-0.237838	-0.099862	0.193269	0.411048	0.890891
33697	4.546484	-0.998616	9.235119	-0.004138	-0.008922	0.005402	-0.170797	-0.879999	0.443204	0.966146	-0.237851	-0.099941	0.193364	0.411130	0.890832
33698	4.561877	-1.029588	9.191528	-0.007479	-0.010436	0.005408	-0.170767	-0.879949	0.443316	0.966124	-0.237895	-0.100049	0.193501	0.411213	0.890764
33699	4.581665	-1.044589	9.165625	-0.008479	-0.011586	0.005735	-0.170716	-0.879896	0.443440	0.966105	-0.237924	-0.100168	0.193643	0.411309	0.890689
33700	4.559464	-1.047781	9.172589	-0.008819	-0.009650	0.004763	-0.170661	-0.879853	0.443546	0.966087	-0.237944	-0.100288	0.193778	0.411389	0.890623
33701	4.560304	-1.048647	9.172073	-0.003610	-0.010158	0.008203	-0.170589	-0.879812	0.443655	0.966082	-0.237931	-0.100374	0.193870	0.411484	0.890559
33702	4.558867	-1.014859	9.174443	-0.003507	-0.009171	0.001426	-0.170630	-0.879750	0.443762	0.966052	-0.238027	-0.100429	0.193980	0.411561	0.890499
33703	4.570365	-1.017670	9.206751	-0.010127	-0.005528	0.006799	-0.170581	-0.879725	0.443831	0.966032	-0.238053	-0.100567	0.194127	0.411600	0.890449
33704	4.545723	-1.071474	9.193284	-0.007445	-0.007100	0.008092	-0.170495	-0.879701	0.443913	0.966023	-0.238034	-0.100689	0.194243	0.411663	0.890395
33705	4.562880	-1.052170	9.170388	-0.007631	-0.007799	0.006266	-0.170445	-0.879665	0.444002	0.966007	-0.238054	-0.100803	0.194370	0.411728	0.890337
33706	4.580835	-1.073274	9.217659	-0.006971	-0.004713	0.004967	-0.170386	-0.879645	0.444065	0.965996	-0.238052	-0.100907	0.194473	0.411772	0.890294
33707	4.551741	-1.058105	9.209896	-0.006476	-0.009285	0.005087	-0.170345	-0.879600	0.444169	0.965980	-0.238078	-0.101006	0.194591	0.411853	0.890231
33708	4.545968	-1.040994	9.194460	-0.010972	-0.009312	0.006276	-0.170292	-0.879558	0.444272	0.965956	-0.238111	-0.101150	0.194754	0.411923	0.890163
33709	4.562197	-1.028258	9.244282	-0.015872	-0.014072	0.001134	-0.170280	-0.879484	0.444423	0.965915	-0.238211	-0.101314	0.194971	0.412023	0.890069
33710	4.592458	-1.005307	9.180634	-0.013135	-0.019268	0.008352	-0.170177	-0.879409	0.444613	0.965893	-0.238223	-0.101488	0.195166	0.412178	0.889955
33711	4.615148	-1.055189	9.151406	-0.013661	-0.018031	0.005556	-0.170114	-0.879329	0.444794	0.965863	-0.238274	-0.101652	0.195368	0.412318	0.889846
33712	4.644021	-1.038309	9.160739	-0.009945	-0.015120	0.009200	-0.170021	-0.879270	0.444946	0.965847	-0.238277	-0.101800	0.195530	0.412441	0.889753
33713	4.636296	-1.071802	9.124547	-0.007439	-0.007100	0.008100	-0.169956	-0.879242	0.445027	0.965834	-0.238281	-0.101920	0.195654	0.412500	0.889698
33714	4.632173	-1.088704	9.106560	0.000277	0.000408	0.010432	-0.169889	-0.879248	0.445039	0.965837	-0.238239	-0.101983	0.195694	0.412510	0.889685
33715	4.623042	-1.121038	9.071210	0.008619	0.007667	0.008784	-0.169846	-0.879282	0.444988	0.965856	-0.238170	-0.101963	0.195638	0.412477	0.889713
33716	4.639360	-1.140512	9.119493	0.015622	0.015713	0.006493	-0.169837	-0.879344	0.444870	0.965886	-0.238090	-0.101872	0.195499	0.412392	0.889783
33717	4.585059	-1.125167	9.120659	0.020931	0.016189	0.003150	-0.169865	-0.879400	0.444749	0.965919	-0.238019	-0.101718	0.195310	0.412313	0.889861
33718	4.598418	-1.109071	9.172320	0.026310	0.023335	0.005171	-0.169881	-0.879491	0.444564	0.965968	-0.237904	-0.101526	0.195054	0.412187	0.889975
33719	4.529163	-1.062712	9.216902	0.026092	0.019302	0.000668	-0.169939	-0.879553	0.444418	0.966007	-0.237834	-0.101315	0.194809	0.412093	0.890072
33720	4.578019	-1.040161	9.220655	0.020410	0.017429	0.000361	-0.169976	-0.879611	0.444290	0.966040	-0.237770	-0.101154	0.194615	0.412008	0.890154
33721	4.502678	-0.976124	9.249938	0.018409	0.015131	0.001017	-0.170022	-0.879657	0.444180	0.966065	-0.237730	-0.101013	0.194451	0.411932	0.890225
33722	4.523424	-0.978992	9.315958	0.008060	0.005574	0.003313	-0.170013	-0.879673	0.444153	0.966077	-0.237695	-0.100975	0.194398	0.411919	0.890243
33723	4.510165	-1.026985	9.262844	0.006211	0.000639	0.003114	-0.170011	-0.879664	0.444170	0.966082	-0.237686	-0.100952	0.194377	0.411942	0.890237
33724	4.545700	-1.020483	9.214988	0.002020	-0.004658	0.002594	-0.169987	-0.879635	0.444238	0.966081	-0.237682	-0.100965	0.194400	0.412008	0.890201
33725	4.575845	-1.036857	9.222106	-0.007347	-0.006109	0.001314	-0.169989	-0.879594	0.444318	0.966057	-0.237745	-0.101054	0.194521	0.412058	0.890152
33726	4.563545	-1.001032	9.191779	-0.000304	-0.011978	0.005522	-0.169907	-0.879545	0.444445	0.966061	-0.237708	-0.101102	0.194572	0.412183	0.890082
33727	4.606369	-1.098420	9.134998	-0.007974	-0.005857	0.005296	-0.169871	-0.879515	0.444519	0.966042	-0.237738	-0.101214	0.194699	0.412230	0.890033
33728	4.583682	-1.101232	9.142251	-0.002476	-0.004683	0.003782	-0.169862	-0.879485	0.444582	0.966028	-0.237770	-0.101271	0.194775	0.412277	0.889995
33729	4.586137	-1.050940	9.162662	0.000679	-0.003872	0.001948	-0.169862	-0.879455	0.444641	0.966020	-0.237794	-0.101292	0.194815	0.412327	0.889963
33730	4.598591	-1.046868	9.122287	0.000527	-0.001236	0.002801	-0.169830	-0.879445	0.444673	0.966020	-0.237780	-0.101320	0.194840	0.412356	0.889944
33731	4.577620	-1.083237	9.127052	0.005058	0.002125	0.004293	-0.169820	-0.879445	0.444677	0.966025	-0.237765	-0.101312	0.194827	0.412364	0.889943
33732	4.580461	-1.072664	9.217916	0.009707	-0.000486	0.002252	-0.169799	-0.879434	0.444707	0.966041	-0.237723	-0.101256	0.194765	0.412412	0.889934
33733	4.611489	-1.081778	9.152425	0.007652	0.000836	-0.003022	-0.169856	-0.879412	0.444729	0.966038	-0.237762	-0.101192	0.194729	0.412437	0.889931
33734	4.588443	-1.083020	9.160048	0.009333	-0.001887	-0.001401	-0.169886	-0.879383	0.444774	0.966043	-0.237773	-0.101122	0.194680	0.412491	0.889916
33735	4.606989	-1.011290	9.158321	0.011558	0.004449	0.002452	-0.169897	-0.879389	0.444758	0.966057	-0.237747	-0.101048	0.194600	0.412494	0.889932
33736	4.576997	-1.078982	9.127868	0.013186	0.005346	-0.001856	-0.169956	-0.879389	0.444736	0.966065	-0.237757	-0.100941	0.194506	0.412489	0.889955
33737	4.587302	-0.994770	9.184359	0.014527	0.004560	-0.001207	-0.170003	-0.879386	0.444723	0.966079	-0.237752	-0.100825	0.194397	0.412498	0.889975
33738	4.531967	-1.030245	9.164286	0.010218	0.005236	0.001806	-0.169996	-0.879398	0.444703	0.966096	-0.237710	-0.100761	0.194320	0.412497	0.889992
33739	4.479816	-0.971218	9.258104	0.005177	-0.003847	0.000763	-0.170008	-0.879365	0.444763	0.966094	-0.237726	-0.100737	0.194316	0.412557	0.889965
33740	4.470956	-1.009907	9.294968	-0.010744	-0.021250	-0.000783	-0.169974	-0.879262	0.444980	0.966066	-0.237793	-0.100849	0.194485	0.412738	0.889844
33741	4.440629	-1.051645	9.338505	-0.016139	-0.038688	-0.002222	-0.169947	-0.879079	0.445352	0.966018	-0.237923	-0.101001	0.194747	0.413054	0.889640
33742	4.455987	-1.055443	9.368880	-0.028268	-0.055528	-0.009565	-0.169954	-0.878809	0.445882	0.965935	-0.238163	-0.101228	0.195153	0.413489	0.889349
33743	4.443785	-1.128398	9.367477	-0.032092	-0.078734	-0.020644	-0.170026	-0.878416	0.446629	0.965825	-0.238522	-0.101440	0.195637	0.414118	0.888950
33744	4.454677	-1.079764	9.383707	-0.032219	-0.102356	-0.030735	-0.170130	-0.877904	0.447595	0.965701	-0.238949	-0.101608	0.196155	0.414956	0.888445
33745	4.348224	-1.190084	9.538750	-0.049774	-0.127308	-0.033217	-0.170227	-0.877277	0.448786	0.965534	-0.239491	-0.101919	0.196892	0.415968	0.887809
33746	4.299897	-1.097857	9.595203	-0.029423	-0.212447	-0.035585	-0.170165	-0.876290	0.450733	0.965406	-0.239956	-0.102039	0.197572	0.417777	0.886808
33747	4.560752	-1.004498	9.472998	-0.030563	-0.255091	-0.043093	-0.170102	-0.875099	0.453064	0.965260	-0.240505	-0.102133	0.198341	0.419951	0.885608
33748	4.284156	-1.523882	9.568357	-0.101662	-0.284006	-0.056370	-0.170085	-0.873753	0.455660	0.964954	-0.241446	-0.102796	0.199836	0.422207	0.884198
33749	4.290236	-1.379139	9.828253	-0.039591	-0.327788	-0.088280	-0.170307	-0.872132	0.458673	0.964712	-0.242429	-0.102759	0.200815	0.424987	0.882643
33750	4.238706	-1.515896	9.889173	-0.104971	-0.417863	-0.132211	-0.170744	-0.870014	0.462518	0.964267	-0.244049	-0.103095	0.202571	0.428388	0.880596
33751	4.185922	-1.749710	10.036056	-0.115561	-0.487714	-0.209942	-0.171801	-0.867381	0.467050	0.963659	-0.246415	-0.103152	0.204560	0.432355	0.878194
33752	4.174551	-1.961927	10.188696	-0.099184	-0.613854	-0.299317	-0.173424	-0.863956	0.472762	0.962933	-0.249453	-0.102634	0.206604	0.437439	0.875193
33753	4.056930	-1.837349	10.238032	-0.060288	-0.724174	-0.415839	-0.175949	-0.859701	0.479537	0.962068	-0.253347	-0.101197	0.208489	0.443542	0.871667
33754	4.372058	-1.963614	9.998567	-0.115265	-0.831233	-0.550136	-0.179466	-0.854572	0.487338	0.960850	-0.258562	-0.099560	0.211089	0.450392	0.867519
33755	4.745642	-2.116258	9.932415	-0.163380	-0.928262	-0.696194	-0.184201	-0.848512	0.496081	0.959223	-0.265277	-0.097566	0.214385	0.457881	0.862777
33756	5.200621	-2.776748	9.665108	-0.198938	-0.968663	-0.825109	-0.189989	-0.841814	0.505226	0.957250	-0.273158	-0.095167	0.218119	0.465547	0.857724
33757	5.108952	-2.211113	9.653487	-0.086678	-1.069339	-0.969831	-0.196941	-0.834077	0.515296	0.955169	-0.281737	-0.090974	0.221057	0.474278	0.852170
33758	5.756186	-1.989899	9.550366	-0.207113	-1.177889	-1.094882	-0.204771	-0.825278	0.526293	0.952495	-0.291849	-0.087047	0.225436	0.483467	0.845836
33759	5.942156	-2.801150	9.462951	-0.399586	-1.147099	-1.188569	-0.213476	-0.816124	0.537001	0.949081	-0.303596	-0.084109	0.231675	0.491702	0.839378
33760	5.961446	-3.178357	9.360266	-0.339879	-1.186343	-1.275576	-0.222801	-0.806268	0.547989	0.945485	-0.315675	-0.080046	0.237525	0.500281	0.832647
33761	6.516107	-3.621265	9.711077	-0.420653	-1.146897	-1.319557	-0.232513	-0.796212	0.558555	0.941451	-0.328414	-0.076246	0.244145	0.508125	0.825955
33762	5.879270	-4.981198	8.846602	-0.289800	-0.979562	-1.363315	-0.242928	-0.786617	0.567644	0.937478	-0.340732	-0.070970	0.249240	0.514913	0.820210
33763	6.117706	-4.355723	8.633235	0.216537	-1.037948	-1.488370	-0.254292	-0.776052	0.577130	0.934301	-0.351281	-0.060692	0.249835	0.523780	0.814394
33764	4.576531	-1.963199	8.498447	0.467400	-0.906607	-1.594831	-0.266936	-0.765559	0.585376	0.931289	-0.361152	-0.047643	0.247883	0.532437	0.809361
33765	3.827821	-1.231168	8.885096	0.212614	-0.792785	-1.475120	-0.278706	-0.755882	0.592423	0.927774	-0.371279	-0.037250	0.248111	0.539253	0.804765
33766	1.321827	-2.950094	9.306822	-0.278309	-0.404516	-1.147254	-0.288339	-0.749354	0.596095	0.923806	-0.381464	-0.032684	0.251880	0.541252	0.802249
33767	0.584973	-6.963624	9.175694	-0.508752	-0.461103	-0.485321	-0.291663	-0.744962	0.599970	0.921083	-0.387892	-0.033865	0.257952	0.542745	0.799305
33768	4.564305	-6.974450	10.866873	-0.137748	-0.512071	0.247458	-0.288078	-0.743109	0.603987	0.921423	-0.386847	-0.036471	0.260752	0.546021	0.796159
33769	2.145559	-6.869831	11.067180	-0.359761	0.334752	0.990970	-0.279838	-0.748711	0.600935	0.923275	-0.381456	-0.045318	0.263161	0.542147	0.798012
33770	-0.018324	-6.825538	10.505020	-0.175898	0.597708	1.514459	-0.267422	-0.757612	0.595407	0.926936	-0.371046	-0.055804	0.263201	0.536981	0.801484
33771	-2.094092	-5.318165	10.209098	-0.090889	0.769653	1.889775	-0.251905	-0.768576	0.588077	0.931587	-0.357154	-0.067728	0.262088	0.530783	0.805965
33772	-2.384746	-3.620148	10.294397	-0.061590	0.715568	2.098247	-0.234199	-0.779663	0.580755	0.936506	-0.341283	-0.080510	0.260973	0.525025	0.810087
33773	-1.513180	-2.141327	10.989665	-0.158344	0.736987	2.216565	-0.215336	-0.790867	0.572853	0.941059	-0.324747	-0.094593	0.260843	0.518719	0.814182
33774	-0.497847	-1.126936	11.695886	-0.294438	0.866328	2.288586	-0.196040	-0.802553	0.563452	0.944979	-0.308075	-0.110024	0.261885	0.510881	0.818790
33775	-0.009344	-0.486181	12.098848	-0.418287	1.079582	2.314540	-0.176992	-0.814931	0.551871	0.948180	-0.291517	-0.126380	0.263871	0.500905	0.824297
33776	0.176516	-0.267578	12.215056	-0.483888	1.269555	2.270814	-0.158819	-0.827638	0.538323	0.950694	-0.275306	-0.142787	0.266380	0.489102	0.830554
33777	0.562431	-0.179393	12.364714	-0.480183	1.401920	2.149425	-0.142139	-0.840134	0.523423	0.952628	-0.259744	-0.158216	0.268879	0.476139	0.837255
33778	1.453091	-0.246812	12.533971	-0.435805	1.532961	1.956424	-0.127647	-0.852255	0.507314	0.954075	-0.245275	-0.171989	0.271010	0.462062	0.844425
33779	2.368931	-0.346067	12.658116	-0.339949	1.678987	1.696597	-0.116035	-0.863918	0.490084	0.955205	-0.232306	-0.183349	0.272248	0.446856	0.852175
33780	3.085796	-0.214170	12.681706	-0.241315	1.855107	1.398218	-0.107748	-0.875215	0.471581	0.956098	-0.221247	-0.192164	0.272520	0.430172	0.860630
33781	3.393130	-0.107309	12.435069	-0.189428	2.032070	1.070601	-0.103068	-0.886076	0.451936	0.956697	-0.212660	-0.198763	0.272228	0.411880	0.869625
33782	3.434695	-0.033865	12.034776	-0.178979	2.147874	0.753017	-0.101728	-0.896285	0.431654	0.956967	-0.206709	-0.203680	0.271782	0.392359	0.878743
33783	3.438747	0.076294	11.573351	-0.226653	2.181816	0.467622	-0.103207	-0.905568	0.411454	0.956817	-0.203405	-0.207672	0.271753	0.372253	0.887456
33784	3.722746	-0.067781	11.274627	-0.329034	2.134511	0.233685	-0.106806	-0.913767	0.391946	0.956153	-0.202510	-0.211570	0.272698	0.352163	0.895330
33785	4.234440	-0.427216	10.881247	-0.447581	2.054757	0.076253	-0.111726	-0.920940	0.373345	0.954997	-0.203385	-0.215905	0.274768	0.332421	0.902219
33786	4.535056	-0.745418	10.464376	-0.516711	1.965968	-0.032512	-0.117488	-0.927213	0.355629	0.953519	-0.205389	-0.220491	0.277485	0.313194	0.908246
33787	4.668386	-0.908036	9.983671	-0.562950	1.846083	-0.084278	-0.123467	-0.932637	0.339033	0.951832	-0.207926	-0.225348	0.280662	0.294880	0.913386
33788	4.825137	-1.119554	9.692732	-0.594937	1.686799	-0.110763	-0.129307	-0.937229	0.323853	0.949997	-0.210701	-0.230456	0.284226	0.277860	0.917611
33789	5.343628	-1.561165	9.542327	-0.564355	1.516983	-0.117929	-0.134787	-0.941064	0.310213	0.948213	-0.213374	-0.235294	0.287618	0.262433	0.921089
33790	5.852258	-1.886015	9.389144	-0.471994	1.378432	-0.127087	-0.139996	-0.944305	0.297808	0.946660	-0.215811	-0.239292	0.290235	0.248423	0.924148
33791	6.312706	-1.929657	9.218721	-0.356862	1.259752	-0.123814	-0.144857	-0.947073	0.286478	0.945430	-0.217886	-0.242257	0.291855	0.235752	0.926953
33792	6.627881	-1.834230	9.017433	-0.284162	1.170544	-0.114234	-0.149381	-0.949506	0.275904	0.944415	-0.219656	-0.244604	0.292857	0.224029	0.929541
33793	6.632919	-1.699216	8.623466	-0.241439	1.094074	-0.095653	-0.153515	-0.951674	0.265988	0.943547	-0.221132	-0.246617	0.293517	0.213113	0.931896
33794	6.378933	-1.722988	8.121741	-0.239115	1.016834	-0.085278	-0.157329	-0.953592	0.256727	0.942696	-0.222475	-0.248655	0.294231	0.202895	0.933949
33795	6.046157	-1.668477	7.654723	-0.234364	0.898818	-0.098920	-0.160933	-0.955142	0.248605	0.941832	-0.223922	-0.250622	0.295048	0.193811	0.935620
33796	5.884035	-1.661707	7.430989	-0.271230	0.740194	-0.141420	-0.164475	-0.956222	0.242047	0.940784	-0.225822	-0.252845	0.296436	0.186127	0.936740
33797	6.162424	-1.684867	7.251363	-0.285057	0.583256	-0.193591	-0.168052	-0.956838	0.237106	0.939598	-0.228233	-0.255079	0.298185	0.179918	0.937398
33798	6.458743	-1.745207	7.092549	-0.313728	0.463937	-0.238862	-0.171706	-0.957104	0.233387	0.938236	-0.231109	-0.257490	0.300382	0.174759	0.937672
33799	6.619809	-1.857110	6.913406	-0.324985	0.383050	-0.290382	-0.175606	-0.957077	0.230579	0.936735	-0.234486	-0.259890	0.302803	0.170353	0.937705
33800	6.544122	-1.764232	6.583600	-0.312006	0.308403	-0.355394	-0.179892	-0.956747	0.228634	0.935138	-0.238446	-0.262031	0.305215	0.166667	0.937585
33801	6.376787	-1.650569	6.243340	-0.306628	0.223860	-0.434512	-0.184660	-0.956059	0.227711	0.933389	-0.243146	-0.263941	0.307710	0.163804	0.937274
33802	6.224483	-1.519115	6.005680	-0.289347	0.120388	-0.534994	-0.190042	-0.954929	0.228021	0.931475	-0.248763	-0.265464	0.310223	0.161947	0.936768
33803	6.124980	-1.271221	5.836366	-0.267207	0.005569	-0.617777	-0.195830	-0.953370	0.229645	0.929433	-0.255126	-0.266580	0.312738	0.161236	0.936055
33804	5.876697	-1.243082	5.660038	-0.297402	-0.076714	-0.679978	-0.201923	-0.951477	0.232204	0.927128	-0.262116	-0.267823	0.315692	0.161203	0.935068
33805	5.748201	-1.304427	5.589621	-0.289135	-0.162348	-0.710019	-0.208004	-0.949315	0.235659	0.924737	-0.269369	-0.268890	0.318741	0.161992	0.933897
33806	5.570960	-1.122303	5.453301	-0.245058	-0.229782	-0.715245	-0.213896	-0.946977	0.239754	0.922424	-0.276584	-0.269508	0.321530	0.163508	0.932675
33807	4.844901	-0.954484	5.530549	-0.221212	-0.262465	-0.684790	-0.219380	-0.944615	0.244080	0.920208	-0.283461	-0.269939	0.324176	0.165385	0.931428
33808	1.691013	-6.180997	4.805974	-0.374957	-0.287307	-0.447263	-0.222575	-0.942847	0.247993	0.917976	-0.288341	-0.272358	0.328299	0.167032	0.929688
33809	4.261617	-2.846066	2.291854	2.171096	-1.716849	-0.991070	-0.226220	-0.936887	0.266586	0.922687	-0.293823	-0.249635	0.312208	0.189503	0.930921
33810	6.530530	1.007686	4.111077	2.569132	-2.083899	-1.106215	-0.230170	-0.929363	0.288629	0.927920	-0.298967	-0.222671	0.293233	0.216572	0.931188
33811	8.651741	3.534981	5.154302	2.393511	-2.007202	-1.296051	-0.236535	-0.920823	0.310059	0.931687	-0.305503	-0.196537	0.275700	0.242390	0.930181
33812	5.800410	4.606028	8.807362	1.558690	-0.780361	-1.053494	-0.244280	-0.915620	0.319324	0.933335	-0.311345	-0.178747	0.263084	0.254372	0.930635
33813	4.358848	1.407987	11.196861	-0.059590	-0.461727	-0.641654	-0.249068	-0.912402	0.324789	0.931577	-0.317401	-0.177258	0.264819	0.258417	0.929027
33814	-4.634002	1.467300	10.791885	1.147245	-0.058701	-0.977466	-0.258048	-0.909101	0.327027	0.932058	-0.323354	-0.163430	0.254320	0.262636	0.930776
33815	0.684644	2.262048	14.132995	1.837857	-2.845453	-0.902544	-0.259396	-0.898226	0.354830	0.934290	-0.326432	-0.143330	0.244571	0.294335	0.923879
33816	32.952718	-11.949160	25.367173	-2.000168	-4.424731	-0.460515	-0.252221	-0.882930	0.396004	0.927902	-0.336789	-0.159910	0.274559	0.327121	0.904218
33817	22.729591	-7.310728	5.449217	3.607114	0.505572	-0.501568	-0.258219	-0.882913	0.392158	0.935880	-0.329322	-0.125205	0.239691	0.334682	0.911338
33818	-5.937250	7.569000	9.364622	2.810911	3.624222	-2.246961	-0.287312	-0.887091	0.361277	0.935962	-0.340163	-0.090906	0.203535	0.312023	0.928017
33819	-4.934145	9.802764	15.949450	-0.220660	-1.906960	-0.595930	-0.288955	-0.878923	0.379474	0.933770	-0.346172	-0.090760	0.211134	0.328116	0.920740
33820	12.806077	-0.349550	9.531890	-2.394339	-2.745711	1.735212	-0.266570	-0.875620	0.402778	0.933158	-0.339036	-0.119458	0.241156	0.344011	0.907469
33821	5.219214	-6.997848	3.281541	-0.336285	1.096161	0.382228	-0.265672	-0.880604	0.392371	0.933347	-0.336859	-0.124056	0.241418	0.333260	0.911403
33822	1.060564	0.030249	13.827463	1.439315	-0.212888	-0.378526	-0.268733	-0.878595	0.394782	0.935700	-0.335385	-0.109463	0.228578	0.339981	0.912231
33823	7.959623	1.607047	10.123272	0.773963	-1.184851	-0.305481	-0.268933	-0.873445	0.405916	0.936615	-0.335421	-0.101215	0.224559	0.352967	0.908288
33824	6.060992	0.352624	9.069172	0.015169	0.319108	0.068010	-0.269036	-0.874775	0.402975	0.936815	-0.334815	-0.101372	0.223600	0.350240	0.909580
33825	2.841936	-2.627231	10.259562	-0.283854	0.024538	0.091202	-0.268262	-0.875146	0.402685	0.936405	-0.335051	-0.104341	0.226234	0.349085	0.909372
33826	5.428596	-0.050955	9.789415	0.578197	-0.377472	-0.014709	-0.267579	-0.873749	0.406158	0.937644	-0.333187	-0.099046	0.221868	0.354329	0.908419
33827	4.142627	-0.649901	9.541415	-0.079405	-0.025617	0.091689	-0.266687	-0.873943	0.406326	0.937695	-0.332709	-0.100160	0.222722	0.354299	0.908222
33828	4.229113	-1.953679	9.189801	0.108940	-0.172512	0.049621	-0.265863	-0.873475	0.407871	0.938053	-0.331930	-0.099392	0.222201	0.356180	0.907614
33829	4.378111	-1.027327	9.481179	0.073163	-0.118986	0.044416	-0.265207	-0.873178	0.408933	0.938317	-0.331323	-0.098930	0.221872	0.357472	0.907186
33830	4.280653	-1.436151	9.262880	0.088838	-0.111393	0.036908	-0.264638	-0.872880	0.409934	0.938595	-0.330724	-0.098294	0.221374	0.358750	0.906803
33831	4.276159	-1.084104	9.449100	0.079035	-0.097705	0.027148	-0.264192	-0.872599	0.410820	0.938824	-0.330245	-0.097709	0.220932	0.359874	0.906465
33832	4.300395	-1.115096	9.474704	0.056739	-0.109862	0.031060	-0.263683	-0.872285	0.411813	0.939015	-0.329811	-0.097342	0.220730	0.361031	0.906054
33833	4.395776	-1.016457	9.380887	0.062261	-0.086019	0.014558	-0.263382	-0.872002	0.412605	0.939174	-0.329501	-0.096858	0.220414	0.361997	0.905746
33834	4.374336	-0.857472	9.378609	0.063198	-0.069339	0.012121	-0.263140	-0.871770	0.413249	0.939328	-0.329208	-0.096355	0.220044	0.362822	0.905506
33835	4.373115	-0.958219	9.371298	0.059473	-0.061951	0.008290	-0.262951	-0.871552	0.413828	0.939464	-0.328961	-0.095870	0.219689	0.363568	0.905293
33836	4.361680	-0.910352	9.430947	0.045394	-0.054274	0.006028	-0.262800	-0.871354	0.414341	0.939563	-0.328786	-0.095503	0.219447	0.364202	0.905097
33837	4.330997	-0.983211	9.434234	0.034427	-0.054009	0.001374	-0.262694	-0.871141	0.414855	0.939626	-0.328690	-0.095217	0.219306	0.364796	0.904892
33838	4.329406	-1.028500	9.376986	0.016191	-0.048523	0.001078	-0.262603	-0.870947	0.415321	0.939647	-0.328664	-0.095094	0.219323	0.365283	0.904691
33839	4.328686	-0.869015	9.368852	0.013629	-0.050958	-0.004629	-0.262559	-0.870725	0.415813	0.939649	-0.328696	-0.094971	0.219370	0.365782	0.904478
33840	4.317975	-0.890418	9.387735	0.007310	-0.056042	0.006214	-0.262403	-0.870520	0.416341	0.939664	-0.328657	-0.094950	0.219489	0.366306	0.904237
33841	4.223185	-0.765288	9.386493	0.002992	-0.059550	0.004630	-0.262254	-0.870296	0.416902	0.939666	-0.328648	-0.094962	0.219659	0.366845	0.903977
33842	4.224505	-0.856150	9.397159	-0.011147	-0.079508	0.009577	-0.262014	-0.870015	0.417639	0.939650	-0.328647	-0.095121	0.220013	0.367511	0.903620
33843	4.225635	-0.905388	9.338286	-0.013304	-0.087010	0.012182	-0.261733	-0.869715	0.418440	0.939636	-0.328632	-0.095312	0.220407	0.368235	0.903230
33844	4.159670	-0.886478	9.357411	-0.019049	-0.101928	0.014977	-0.261392	-0.869368	0.419373	0.939617	-0.328614	-0.095566	0.220894	0.369070	0.902770
33845	4.240849	-1.008235	9.251708	-0.038119	-0.120806	0.018430	-0.260977	-0.868961	0.420473	0.939564	-0.328637	-0.096006	0.221609	0.370005	0.902212
33846	4.256000	-1.039541	9.333312	-0.046231	-0.125311	0.012385	-0.260607	-0.868517	0.421618	0.939477	-0.328742	-0.096494	0.222411	0.370954	0.901625
33847	4.227918	-1.153359	9.295717	-0.065232	-0.140390	0.010283	-0.260223	-0.868009	0.422900	0.939342	-0.328937	-0.097145	0.223430	0.371968	0.900954
33848	4.235541	-1.060313	9.333386	-0.068284	-0.149883	0.001355	-0.259899	-0.867434	0.424276	0.939176	-0.329222	-0.097784	0.224502	0.373056	0.900238
33849	4.366558	-1.111373	9.251738	-0.084135	-0.172339	-0.003044	-0.259565	-0.866760	0.425856	0.938962	-0.329605	-0.098547	0.225781	0.374283	0.899408
33850	4.322851	-1.010445	9.286958	-0.093876	-0.165719	-0.009827	-0.259307	-0.866085	0.427383	0.938707	-0.330084	-0.099368	0.227133	0.375421	0.898593
33851	4.425502	-1.026573	9.305944	-0.105215	-0.171826	-0.015792	-0.259088	-0.865367	0.428969	0.938409	-0.330659	-0.100264	0.228607	0.376571	0.897738
33852	4.382681	-0.992663	9.300264	-0.116709	-0.170863	-0.024661	-0.258952	-0.864620	0.430554	0.938061	-0.331354	-0.101224	0.230186	0.377674	0.896871
33853	4.466388	-1.129115	9.261458	-0.111890	-0.185365	-0.021561	-0.258751	-0.863826	0.432264	0.937730	-0.332006	-0.102152	0.231756	0.378915	0.895942
33854	4.489036	-1.360844	9.215899	-0.091991	-0.174283	-0.027727	-0.258631	-0.863051	0.433881	0.937427	-0.332637	-0.102874	0.233110	0.380125	0.895078
33855	4.538582	-1.116156	9.215234	-0.061205	-0.184805	-0.036955	-0.258570	-0.862204	0.435599	0.937172	-0.333231	-0.103280	0.234203	0.381526	0.894196
33856	4.501679	-1.236078	9.214634	-0.091023	-0.162264	-0.046359	-0.258648	-0.861408	0.437124	0.936821	-0.334020	-0.103909	0.235516	0.382631	0.893379
33857	4.539995	-1.107068	9.281885	-0.084764	-0.160901	-0.051540	-0.258775	-0.860598	0.438641	0.936470	-0.334831	-0.104459	0.236768	0.383743	0.892571
33858	4.567938	-1.040781	9.275167	-0.093299	-0.159481	-0.053798	-0.258924	-0.859784	0.440148	0.936092	-0.335694	-0.105073	0.238095	0.384813	0.891756
33859	4.372145	-0.851731	9.549370	-0.095590	-0.164341	-0.050120	-0.259025	-0.858961	0.441692	0.935717	-0.336536	-0.105722	0.239456	0.385914	0.890916
33860	4.476905	-0.808431	9.516461	-0.122752	-0.209375	-0.041239	-0.258932	-0.857991	0.443627	0.935298	-0.337407	-0.106650	0.241188	0.387309	0.889843
33861	4.504987	-0.968027	9.436967	-0.151045	-0.211274	-0.038008	-0.258800	-0.857022	0.445573	0.934817	-0.338361	-0.107842	0.243188	0.388620	0.888726
33862	4.469064	-0.932515	9.520823	-0.164636	-0.247200	-0.031893	-0.258519	-0.855930	0.447831	0.934314	-0.339317	-0.109179	0.245407	0.390190	0.887428
33863	4.505628	-1.005711	9.426020	-0.185652	-0.266984	-0.019647	-0.258068	-0.854798	0.450246	0.933788	-0.340254	-0.110755	0.247871	0.391852	0.886009
33864	4.454430	-1.028098	9.491627	-0.194550	-0.293691	-0.022236	-0.257568	-0.853547	0.452898	0.933229	-0.341250	-0.112394	0.250485	0.393708	0.884450
33865	4.451540	-1.108257	9.499502	-0.223011	-0.323084	-0.017431	-0.256940	-0.852191	0.455799	0.932604	-0.342321	-0.114303	0.253438	0.395711	0.882713
33866	4.511461	-0.969219	9.505041	-0.228035	-0.353871	-0.013317	-0.256186	-0.850719	0.458962	0.931971	-0.343382	-0.116269	0.256512	0.397953	0.880815
33867	4.383059	-0.924752	9.585047	-0.238338	-0.394406	-0.008150	-0.255268	-0.849095	0.462468	0.931317	-0.344445	-0.118346	0.259782	0.400494	0.878702
33868	4.459463	-1.007385	9.637814	-0.278204	-0.444449	-0.010610	-0.254227	-0.847250	0.466407	0.930545	-0.345695	-0.120754	0.263544	0.403314	0.876289
33869	4.309004	-1.105121	9.768353	-0.283931	-0.498071	-0.014886	-0.253067	-0.845160	0.470810	0.929735	-0.347014	-0.123185	0.267489	0.406555	0.873592
33870	4.195840	-1.056132	9.993644	-0.302691	-0.589473	-0.031961	-0.251798	-0.842618	0.476017	0.928820	-0.348562	-0.125689	0.271829	0.410486	0.870408
33871	3.938426	-1.080176	10.174720	-0.320767	-0.708858	-0.052906	-0.250368	-0.839485	0.482267	0.927789	-0.350374	-0.128238	0.276627	0.415336	0.866587
33872	3.837219	-0.874731	10.363634	-0.334871	-0.860887	-0.068876	-0.248626	-0.835619	0.489823	0.926664	-0.352394	-0.130812	0.281920	0.421378	0.861952
33873	3.706589	-0.572385	10.543132	-0.357020	-1.044313	-0.083962	-0.246451	-0.830860	0.498933	0.925421	-0.354654	-0.133479	0.287851	0.428827	0.856300
33874	3.799430	-0.693046	10.443375	-0.415680	-1.260839	-0.099278	-0.243718	-0.825021	0.509845	0.923948	-0.357319	-0.136537	0.294824	0.437794	0.849362
33875	3.568547	-1.196656	10.676951	-0.446960	-1.460444	-0.124284	-0.240526	-0.818082	0.522388	0.922294	-0.360364	-0.139688	0.302526	0.448197	0.841188
33876	3.195714	-1.696801	11.136312	-0.354746	-1.723366	-0.173359	-0.236868	-0.809598	0.537071	0.920775	-0.363429	-0.141748	0.309946	0.460946	0.831542
33877	3.057202	-1.999259	10.927831	-0.305322	-2.041937	-0.250909	-0.232791	-0.799088	0.554316	0.919209	-0.366922	-0.142913	0.317590	0.476263	0.819945
33878	2.952505	-2.781417	10.653317	-0.313819	-2.356745	-0.353105	-0.228473	-0.786331	0.574007	0.917366	-0.371285	-0.143482	0.325945	0.493793	0.806182
33879	3.028448	-3.045716	10.701188	-0.146550	-2.739775	-0.518424	-0.224211	-0.770554	0.596638	0.915690	-0.376104	-0.141627	0.333529	0.514580	0.789915
33880	2.908542	-3.086901	10.632494	0.020820	-3.169771	-0.669824	-0.219680	-0.751298	0.622328	0.914255	-0.381133	-0.137390	0.340411	0.538784	0.770605
33881	3.006571	-2.576719	10.704671	0.227930	-3.676863	-0.839385	-0.214744	-0.727722	0.651387	0.913194	-0.386126	-0.130320	0.346354	0.566858	0.747470
33882	3.154739	-2.410080	11.106078	0.287194	-4.233069	-0.974154	-0.208858	-0.699249	0.683688	0.912116	-0.391446	-0.121715	0.352736	0.598182	0.719553
33883	3.244876	-2.933761	11.659746	0.373115	-4.857834	-1.079629	-0.201424	-0.665059	0.719114	0.911210	-0.396560	-0.111521	0.359340	0.632800	0.685885
33884	4.082949	-3.567630	12.139562	0.515809	-5.574640	-1.232587	-0.192463	-0.623773	0.757539	0.910633	-0.401184	-0.098985	0.365657	0.670789	0.645242
33885	6.487409	-3.710779	12.846917	0.541817	-6.258942	-1.418161	-0.182289	-0.574775	0.797750	0.909956	-0.405987	-0.084583	0.372493	0.710499	0.597027
33886	11.947044	-4.425364	13.120297	0.430083	-6.681153	-1.518017	-0.170959	-0.519778	0.837021	0.908875	-0.411200	-0.069714	0.380419	0.748829	0.542712
33887	18.564546	-5.361576	13.543350	0.355132	-6.236892	-1.573702	-0.161318	-0.465507	0.870218	0.907605	-0.416282	-0.054434	0.387596	0.781033	0.489650
33888	16.983760	-7.208788	13.611596	0.305115	-5.073143	-1.627765	-0.156302	-0.418434	0.894697	0.906192	-0.421099	-0.038631	0.392921	0.804729	0.445000
33889	13.856980	-8.258002	13.013578	1.062735	-4.774012	-1.842654	-0.154324	-0.371667	0.915449	0.907475	-0.419745	-0.017434	0.390735	0.828057	0.402055
33890	12.407203	-5.030763	13.551262	1.509998	-4.658765	-1.940682	-0.153931	-0.324446	0.933295	0.910317	-0.413865	0.006267	0.384225	0.850559	0.359055
33891	7.719168	-3.765299	13.635523	1.241249	-4.224835	-1.818872	-0.154394	-0.280608	0.947323	0.912234	-0.408739	0.027601	0.379463	0.868442	0.319087
33892	1.139809	-1.744759	13.515548	0.820279	-4.191623	-1.753972	-0.154532	-0.236739	0.959205	0.912615	-0.406133	0.046790	0.378488	0.882616	0.278812
33893	-2.467021	-1.013623	12.221196	0.007006	-4.423652	-1.582331	-0.152080	-0.190987	0.969740	0.910197	-0.409495	0.062094	0.385245	0.892097	0.236112
33894	-8.776884	-5.379812	9.263907	-0.832365	-4.002602	-1.383339	-0.148963	-0.149462	0.977482	0.904833	-0.419328	0.073774	0.398859	0.895447	0.197703
33895	9.269461	-9.400320	10.973346	0.163894	-5.336375	-0.627363	-0.133207	-0.098805	0.986151	0.904587	-0.418670	0.080242	0.404943	0.902748	0.145148
33896	29.998949	-9.381320	15.991302	1.063635	-0.513487	0.138424	-0.129915	-0.094724	0.986990	0.909011	-0.408943	0.080404	0.396006	0.907631	0.139233
33897	5.599614	-8.357679	23.222326	-1.312599	3.912883	1.590133	-0.131134	-0.136596	0.981909	0.905824	-0.418990	0.062687	0.402848	0.897657	0.178676
33898	-2.614597	-15.728465	9.136653	1.356872	3.342121	1.890097	-0.127144	-0.174386	0.976434	0.913603	-0.403903	0.046828	0.386219	0.898027	0.210674
33899	-6.791017	-7.087816	8.698721	1.885514	3.902769	1.799483	-0.125280	-0.216486	0.968214	0.922930	-0.383491	0.033674	0.364012	0.897813	0.247845
33900	-5.992858	-5.243381	7.980301	1.624041	3.588682	1.849654	-0.120866	-0.255595	0.959199	0.930946	-0.364599	0.020152	0.344572	0.895399	0.282013
33901	-4.504256	-2.375489	7.630804	1.702057	3.601676	1.669055	-0.117333	-0.293667	0.948680	0.938612	-0.344847	0.009339	0.324407	0.891538	0.316101
33902	-2.618356	0.720400	7.785441	1.341964	3.621920	1.465972	-0.114993	-0.330786	0.936673	0.944543	-0.328388	-0.000011	0.307596	0.884727	0.350204
33903	-1.382567	2.523053	7.760024	0.490298	3.889467	1.414458	-0.113422	-0.369516	0.922276	0.947630	-0.319169	-0.011337	0.298552	0.872691	0.386365
33904	-1.324880	2.255734	8.059386	-0.778669	4.115277	1.446431	-0.112083	-0.409694	0.905311	0.946912	-0.320296	-0.027715	0.301322	0.854144	0.423844
33905	-0.399615	-0.706554	8.517957	-1.747560	4.053426	1.298316	-0.112295	-0.448041	0.886932	0.942982	-0.329499	-0.047058	0.313327	0.831077	0.459496
33906	2.116882	-2.830908	9.513526	-1.639307	3.954427	0.980534	-0.115696	-0.483730	0.867537	0.938860	-0.338396	-0.063479	0.324278	0.807151	0.493306
33907	5.605047	-3.133370	10.400149	-1.483870	4.125275	0.731604	-0.122429	-0.518975	0.845976	0.934836	-0.346561	-0.077314	0.333307	0.781383	0.527586
33908	7.866820	-4.288794	10.564775	-1.379047	4.517721	0.569985	-0.132351	-0.555640	0.820821	0.930901	-0.354109	-0.089607	0.340450	0.752244	0.564113
33909	8.085700	-4.316119	10.499344	-0.937158	4.985874	0.301779	-0.146590	-0.593402	0.791445	0.928106	-0.359322	-0.097507	0.342245	0.720251	0.603413
33910	7.690041	-2.811642	10.498482	-0.765384	5.209359	0.072809	-0.163740	-0.630310	0.758880	0.925587	-0.364291	-0.102863	0.341289	0.685566	0.643056
33911	7.656686	-1.663551	10.510063	-0.840861	5.268675	-0.125117	-0.182869	-0.664969	0.724138	0.922487	-0.370757	-0.107504	0.339966	0.648349	0.681225
33912	7.898231	-1.487386	10.337210	-1.166335	5.215944	-0.270851	-0.203133	-0.696753	0.687948	0.917978	-0.379964	-0.113772	0.340667	0.608410	0.716787
33913	7.999240	-2.860123	10.184579	-1.474073	5.128995	-0.339358	-0.223803	-0.725548	0.650763	0.912192	-0.391082	-0.122314	0.343247	0.566246	0.749364
33914	8.219465	-4.086503	10.262420	-1.564605	4.987613	-0.282958	-0.243581	-0.751615	0.612979	0.906121	-0.401727	-0.132517	0.345852	0.523155	0.778907
33915	8.181510	-4.877491	10.708273	-1.508602	4.854460	-0.083071	-0.261179	-0.775604	0.574650	0.900661	-0.409973	-0.143988	0.347269	0.479958	0.805633
33916	8.080674	-4.499320	11.258897	-1.409592	4.651339	0.230182	-0.275286	-0.797907	0.536247	0.896362	-0.414656	-0.156832	0.347496	0.437498	0.829363
33917	8.454845	-3.855589	11.941794	-1.428979	4.400214	0.614009	-0.285116	-0.818774	0.498315	0.893091	-0.415689	-0.172022	0.347992	0.395995	0.849759
33918	9.268835	-2.792481	12.552828	-1.510035	4.134547	1.023921	-0.290419	-0.838563	0.460943	0.890750	-0.412901	-0.189942	0.349602	0.355422	0.866864
33919	10.574125	-2.161392	13.002537	-1.627267	3.920990	1.391668	-0.291824	-0.857400	0.423915	0.889064	-0.406597	-0.210341	0.352709	0.315505	0.880939
33920	12.115055	-1.376867	13.349534	-1.635471	3.742392	1.633065	-0.290595	-0.875051	0.387092	0.888001	-0.397310	-0.231516	0.356384	0.276460	0.892502
33921	13.583047	-0.494073	13.116255	-1.577597	3.682667	1.761448	-0.288165	-0.891400	0.349809	0.887426	-0.385845	-0.252187	0.359772	0.237759	0.902239
33922	11.657088	-1.781047	15.271952	-1.749220	3.928161	1.844315	-0.286037	-0.906920	0.309320	0.886369	-0.373067	-0.274172	0.364049	0.195748	0.910577
33923	5.904782	-7.765513	6.279445	0.507876	2.346271	1.426541	-0.281782	-0.916490	0.283980	0.892218	-0.359152	-0.273782	0.352911	0.176225	0.918912
33924	23.986497	7.143287	4.510769	3.780983	-1.309992	-0.261993	-0.279724	-0.913082	0.296707	0.904235	-0.354421	-0.238211	0.322666	0.201659	0.924781
33925	29.550713	10.671064	4.632230	-0.293485	2.260924	0.170669	-0.285456	-0.917984	0.275355	0.903755	-0.353455	-0.241447	0.318970	0.179931	0.930529
33926	25.249069	6.113284	4.579775	-0.225344	1.438135	0.398183	-0.286447	-0.921870	0.260969	0.904157	-0.350203	-0.244660	0.316937	0.165875	0.933829
33927	23.139291	4.415399	0.611064	0.007255	1.963289	0.165980	-0.291133	-0.925513	0.242212	0.904638	-0.348694	-0.245036	0.311242	0.147776	0.938771
33928	18.986256	2.811684	-2.011891	-0.090878	1.133055	0.151424	-0.293294	-0.927648	0.231189	0.904778	-0.347445	-0.246291	0.308797	0.136939	0.941219
33929	17.150053	2.223568	-1.725827	0.070635	0.416973	0.171955	-0.293043	-0.928792	0.226871	0.905479	-0.345788	-0.246047	0.306976	0.133324	0.942333
33930	16.440600	2.478484	0.110555	-0.030189	-0.359892	0.517267	-0.287268	-0.930075	0.228992	0.906865	-0.341049	-0.247552	0.308339	0.136551	0.941425
33931	14.862468	1.738502	1.723864	-0.081930	-0.784989	1.026291	-0.275537	-0.932413	0.233850	0.909479	-0.331642	-0.250724	0.311333	0.143597	0.939389
33932	12.636734	0.322949	2.407680	-0.078611	-1.121196	1.494670	-0.258424	-0.935590	0.240601	0.913201	-0.317829	-0.255046	0.315089	0.153807	0.936516
33933	9.814571	-0.842462	2.271921	0.338530	-1.336268	1.589050	-0.239682	-0.938358	0.249074	0.918206	-0.302432	-0.255797	0.315357	0.167391	0.934093
33934	6.501975	0.281667	1.894809	1.304623	-1.711044	1.227569	-0.223061	-0.938940	0.261982	0.925088	-0.288629	-0.246791	0.307338	0.187307	0.932984
33935	3.407895	2.427331	1.557446	1.913662	-2.015763	0.773932	-0.209834	-0.937096	0.278964	0.932499	-0.277590	-0.231063	0.293966	0.211648	0.932089
33936	0.862035	4.231458	2.145710	1.848151	-2.155458	0.442068	-0.199521	-0.933460	0.298067	0.938699	-0.269347	-0.215166	0.281132	0.236865	0.929978
33937	0.130287	5.063791	2.483039	1.695133	-2.708923	0.489854	-0.187461	-0.927923	0.322207	0.944306	-0.260559	-0.200985	0.270452	0.266585	0.925088
33938	4.818957	5.513883	2.579288	1.651446	-3.627949	0.296945	-0.175022	-0.918317	0.355052	0.949220	-0.253142	-0.186816	0.261435	0.304325	0.915990
33939	24.124447	0.359165	4.637846	1.166626	-4.957518	-0.412684	-0.166070	-0.900973	0.400835	0.951537	-0.253107	-0.174686	0.258841	0.352399	0.899342
33940	45.317697	1.368571	21.993482	4.008988	-1.164172	-3.931285	-0.200756	-0.886373	0.417182	0.953966	-0.273739	-0.122539	0.222814	0.373377	0.900524
