// General information: 
//  MT Manager version: 2022.2.0 
//  XDA version: 2022.2.0 build 7381 rev 124627 built on 2023-07-19
// Device information: 
//  DeviceId: 00B4CBA7
//  ProductCode: MTW2-3A7G6
//  Firmware Version: 4.6.0
//  Hardware Version: 2.0.0
// Device settings: 
//  Filter Profile: human(46.1)
//  Option Flags: Orientation Smoother Disabled, Position/Velocity Smoother Disabled, Continuous Zero Rotation Update Disabled, AHS Disabled, ICC Disabled
// Coordinate system: ENU
PacketCounter	Acc_X	Acc_Y	Acc_Z	Gyr_X	Gyr_Y	Gyr_Z	Mat[1][1]	Mat[2][1]	Mat[3][1]	Mat[1][2]	Mat[2][2]	Mat[3][2]	Mat[1][3]	Mat[2][3]	Mat[3][3]
30636	9.490691	-0.452659	-2.378394	0.001527	-0.001524	0.006105	0.249460	-0.030187	0.967914	0.082696	-0.995199	-0.052352	0.964848	0.093103	-0.245766
30637	9.490630	-0.453078	-2.378556	-0.015255	-0.001229	0.006180	0.249470	-0.030220	0.967911	0.082522	-0.995214	-0.052342	0.964860	0.092932	-0.245782
30638	9.488807	-0.502407	-2.378429	-0.019850	-0.004165	0.013845	0.249522	-0.030307	0.967895	0.082309	-0.995229	-0.052382	0.964865	0.092737	-0.245837
30639	9.439032	-0.502079	-2.475822	-0.004536	0.001620	0.003066	0.249501	-0.030311	0.967900	0.082246	-0.995235	-0.052369	0.964875	0.092672	-0.245820
30640	9.465149	-0.477824	-2.378771	-0.000074	-0.004570	0.001547	0.249520	-0.030267	0.967896	0.082276	-0.995235	-0.052332	0.964868	0.092692	-0.245841
30641	9.465731	-0.453845	-2.403573	-0.013675	0.001796	0.006159	0.249501	-0.030302	0.967900	0.082117	-0.995248	-0.052326	0.964887	0.092537	-0.245827
30642	9.464006	-0.502877	-2.403085	-0.009133	0.000182	0.004619	0.249524	-0.030306	0.967894	0.082018	-0.995257	-0.052307	0.964889	0.092436	-0.245855
30643	9.464228	-0.503007	-2.378621	-0.004522	0.001633	0.006118	0.249506	-0.030340	0.967898	0.081948	-0.995262	-0.052323	0.964900	0.092372	-0.245838
30644	9.439595	-0.502879	-2.402737	0.006124	-0.000088	0.004551	0.249426	-0.030326	0.967919	0.081899	-0.995268	-0.052288	0.964924	0.092314	-0.245762
30645	9.464812	-0.479980	-2.403231	0.004578	-0.001580	0.006091	0.249439	-0.030357	0.967915	0.081917	-0.995265	-0.052326	0.964920	0.092341	-0.245771
30646	9.489812	-0.457191	-2.428128	0.015256	-0.000271	-0.000069	0.249466	-0.030308	0.967909	0.082070	-0.995252	-0.052317	0.964900	0.092487	-0.245795
30647	9.467605	-0.407560	-2.379444	0.000055	0.001553	0.006097	0.249449	-0.030342	0.967912	0.082044	-0.995253	-0.052343	0.964906	0.092468	-0.245776
30648	9.488948	-0.482640	-2.427685	-0.018231	0.001900	0.010758	0.249389	-0.030398	0.967926	0.081827	-0.995271	-0.052340	0.964940	0.092256	-0.245722
30649	9.438813	-0.529765	-2.378075	-0.000033	-0.003031	0.004592	0.249414	-0.030413	0.967919	0.081804	-0.995272	-0.052352	0.964935	0.092237	-0.245747
30650	9.464884	-0.482292	-2.378924	0.019806	-0.001881	-0.000082	0.249408	-0.030362	0.967922	0.081855	-0.995270	-0.052312	0.964933	0.092277	-0.245743
30651	9.465533	-0.458545	-2.403462	-0.001450	0.003099	0.004571	0.249374	-0.030382	0.967930	0.081819	-0.995273	-0.052320	0.964945	0.092242	-0.245710
30652	9.489940	-0.459945	-2.403540	-0.003016	0.000089	0.007644	0.249344	-0.030409	0.967938	0.081718	-0.995281	-0.052319	0.964961	0.092143	-0.245682
30653	9.466181	-0.458799	-2.330179	-0.013737	-0.001259	0.004647	0.249352	-0.030426	0.967935	0.081562	-0.995295	-0.052298	0.964972	0.091987	-0.245697
30654	9.439944	-0.507178	-2.329772	-0.015254	-0.002723	0.012291	0.249377	-0.030503	0.967926	0.081340	-0.995312	-0.052322	0.964984	0.091779	-0.245727
30655	9.436301	-0.581926	-2.426983	0.007622	-0.001643	0.004551	0.249390	-0.030518	0.967922	0.081390	-0.995306	-0.052352	0.964977	0.091836	-0.245735
30656	9.465486	-0.460825	-2.379655	0.022815	-0.003478	-0.003142	0.249435	-0.030430	0.967913	0.081670	-0.995284	-0.052337	0.964942	0.092104	-0.245773
30657	9.490047	-0.461882	-2.355649	-0.001524	-0.001471	0.006118	0.249446	-0.030461	0.967909	0.081629	-0.995286	-0.052360	0.964942	0.092070	-0.245784
30658	9.464648	-0.485995	-2.355566	-0.003126	-0.006013	0.007673	0.249517	-0.030488	0.967890	0.081614	-0.995286	-0.052391	0.964925	0.092066	-0.245853
30659	9.464156	-0.486755	-2.380911	0.005869	-0.013828	0.003088	0.249646	-0.030478	0.967857	0.081652	-0.995282	-0.052403	0.964889	0.092109	-0.245980
30660	9.488669	-0.464261	-2.431253	0.005966	-0.009237	0.006119	0.249748	-0.030473	0.967831	0.081737	-0.995274	-0.052429	0.964855	0.092202	-0.246077
30661	9.487937	-0.465484	-2.480927	0.004448	-0.009202	0.007652	0.249836	-0.030513	0.967807	0.081749	-0.995270	-0.052482	0.964831	0.092229	-0.246160
30662	9.512525	-0.443115	-2.530913	0.010583	-0.006283	0.003031	0.249906	-0.030492	0.967790	0.081899	-0.995257	-0.052505	0.964800	0.092383	-0.246224
30663	9.463894	-0.441663	-2.506234	0.004627	0.001463	0.004549	0.249889	-0.030510	0.967794	0.081921	-0.995254	-0.052528	0.964803	0.092409	-0.246203
30664	9.488089	-0.466945	-2.433000	-0.009129	-0.001309	0.010733	0.249942	-0.030568	0.967778	0.081891	-0.995253	-0.052585	0.964792	0.092395	-0.246252
30665	9.486938	-0.492252	-2.457126	-0.006009	0.003198	0.007645	0.249910	-0.030619	0.967785	0.081802	-0.995259	-0.052612	0.964807	0.092315	-0.246221
30666	9.461909	-0.516238	-2.432024	0.010737	0.001358	0.006047	0.249934	-0.030627	0.967778	0.081893	-0.995250	-0.052645	0.964793	0.092412	-0.246239
30667	9.464179	-0.467844	-2.383482	0.012263	0.001330	0.006039	0.249919	-0.030660	0.967781	0.081985	-0.995239	-0.052701	0.964790	0.092515	-0.246216
30668	9.464134	-0.468890	-2.383456	0.003083	-0.001525	0.012202	0.249930	-0.030733	0.967776	0.082018	-0.995232	-0.052787	0.964784	0.092568	-0.246218
30669	9.461779	-0.519386	-2.431860	0.004637	-0.000027	0.012187	0.249933	-0.030826	0.967772	0.082021	-0.995227	-0.052883	0.964783	0.092595	-0.246212
30670	9.487026	-0.497036	-2.432287	0.018337	-0.000310	0.006018	0.249957	-0.030840	0.967766	0.082284	-0.995200	-0.052967	0.964754	0.092871	-0.246219
30671	9.463810	-0.472478	-2.407543	0.015399	0.005849	0.006002	0.249898	-0.030876	0.967780	0.082407	-0.995187	-0.053030	0.964759	0.093004	-0.246151
30672	9.486812	-0.499434	-2.456161	0.010682	-0.003190	0.012174	0.249856	-0.030939	0.967789	0.082451	-0.995179	-0.053101	0.964766	0.093062	-0.246101
30673	9.462662	-0.499373	-2.431269	0.007800	0.007516	0.006030	0.249781	-0.030977	0.967807	0.082500	-0.995173	-0.053146	0.964781	0.093119	-0.246020
30674	9.488325	-0.476750	-2.406641	0.018473	0.005813	0.010566	0.249732	-0.031034	0.967818	0.082735	-0.995147	-0.053259	0.964774	0.093373	-0.245952
30675	9.465434	-0.451925	-2.357168	-0.002879	0.007716	0.006079	0.249655	-0.031073	0.967836	0.082681	-0.995151	-0.053278	0.964799	0.093323	-0.245875
30676	9.487211	-0.526824	-2.355973	0.003217	0.006099	0.010637	0.249592	-0.031131	0.967851	0.082642	-0.995152	-0.053321	0.964818	0.093293	-0.245809
30677	9.489201	-0.478863	-2.355668	0.006325	0.010588	0.004495	0.249486	-0.031157	0.967877	0.082681	-0.995147	-0.053347	0.964842	0.093334	-0.245699
30678	9.441930	-0.452856	-2.305932	-0.005966	0.004746	0.010686	0.249431	-0.031219	0.967889	0.082556	-0.995156	-0.053373	0.964867	0.093218	-0.245645
30679	9.438025	-0.551453	-2.329151	-0.021301	0.000465	0.012305	0.249429	-0.031313	0.967887	0.082309	-0.995175	-0.053407	0.964889	0.092987	-0.245649
30680	9.437220	-0.576410	-2.304746	-0.003088	-0.004466	0.010720	0.249449	-0.031365	0.967880	0.082173	-0.995185	-0.053428	0.964895	0.092861	-0.245671
30681	9.464739	-0.480811	-2.355127	0.015191	-0.003349	-0.001579	0.249473	-0.031318	0.967875	0.082313	-0.995174	-0.053418	0.964877	0.092995	-0.245691
30682	9.491092	-0.433136	-2.331855	-0.003131	-0.006006	0.007676	0.249539	-0.031343	0.967858	0.082351	-0.995169	-0.053459	0.964857	0.093044	-0.245752
30683	9.464187	-0.482286	-2.380571	-0.027497	-0.005496	0.016944	0.249598	-0.031478	0.967838	0.082033	-0.995191	-0.053523	0.964869	0.092754	-0.245816
30684	9.436314	-0.555810	-2.429125	-0.003160	-0.007533	0.007683	0.249601	-0.031488	0.967837	0.081992	-0.995195	-0.053523	0.964871	0.092714	-0.245820
30685	9.463983	-0.483357	-2.357642	0.002891	-0.009197	0.003084	0.249685	-0.031481	0.967815	0.082001	-0.995194	-0.053527	0.964849	0.092727	-0.245903
30686	9.463494	-0.484245	-2.382926	-0.009269	-0.008919	0.012298	0.249787	-0.031547	0.967787	0.081782	-0.995211	-0.053549	0.964841	0.092524	-0.246010
30687	9.486208	-0.510808	-2.432624	-0.006241	-0.009000	0.007705	0.249873	-0.031587	0.967763	0.081692	-0.995217	-0.053576	0.964826	0.092446	-0.246097
30688	9.462230	-0.486430	-2.457982	0.005935	-0.010760	0.007654	0.249994	-0.031597	0.967732	0.081769	-0.995208	-0.053617	0.964789	0.092534	-0.246212
30689	9.488494	-0.438983	-2.435158	-0.007744	-0.007451	0.006179	0.250063	-0.031622	0.967713	0.081668	-0.995216	-0.053625	0.964779	0.092441	-0.246284
30690	9.460839	-0.512140	-2.459205	-0.007655	-0.004371	0.012269	0.250106	-0.031693	0.967700	0.081551	-0.995223	-0.053671	0.964778	0.092340	-0.246326
30691	9.461152	-0.512274	-2.410963	0.002911	-0.007680	0.001549	0.250174	-0.031672	0.967683	0.081564	-0.995223	-0.053660	0.964759	0.092353	-0.246395
30692	9.460972	-0.512617	-2.411595	0.007525	-0.006236	0.003045	0.250247	-0.031647	0.967665	0.081683	-0.995212	-0.053672	0.964730	0.092473	-0.246464
30693	9.439069	-0.462725	-2.339100	-0.004626	-0.004452	0.007676	0.250289	-0.031690	0.967652	0.081608	-0.995217	-0.053701	0.964726	0.092409	-0.246506
30694	9.461366	-0.513190	-2.339524	-0.007751	-0.008954	0.010766	0.250422	-0.031751	0.967616	0.081486	-0.995224	-0.053746	0.964702	0.092307	-0.246638
30695	9.436739	-0.512958	-2.340060	0.013598	-0.007882	0.003021	0.250493	-0.031745	0.967598	0.081599	-0.995213	-0.053775	0.964673	0.092426	-0.246704
30696	9.487136	-0.466720	-2.342092	0.004312	-0.015316	0.006157	0.250700	-0.031753	0.967544	0.081694	-0.995203	-0.053829	0.964612	0.092537	-0.246904
30697	9.484710	-0.493027	-2.441016	-0.007874	-0.016559	0.015384	0.250866	-0.031862	0.967497	0.081569	-0.995208	-0.053925	0.964579	0.092445	-0.247065
30698	9.457526	-0.542225	-2.490267	-0.001642	-0.007569	0.006150	0.250939	-0.031865	0.967478	0.081570	-0.995207	-0.053936	0.964560	0.092451	-0.247137
30699	9.460851	-0.445518	-2.516425	0.012050	-0.009372	0.004560	0.251026	-0.031873	0.967455	0.081664	-0.995197	-0.053977	0.964529	0.092556	-0.247218
30700	9.509994	-0.447609	-2.468689	-0.007646	-0.002864	0.007686	0.251046	-0.031887	0.967450	0.081666	-0.995196	-0.053994	0.964524	0.092563	-0.247236
30701	9.436002	-0.469692	-2.443563	-0.009138	-0.002805	0.013799	0.251077	-0.031993	0.967438	0.081533	-0.995203	-0.054072	0.964527	0.092455	-0.247264
30702	9.506859	-0.522547	-2.468575	-0.003061	-0.002948	0.009188	0.251159	-0.032038	0.967416	0.081556	-0.995198	-0.054132	0.964504	0.092494	-0.247340
30703	9.457967	-0.521535	-2.468259	0.007648	-0.001634	0.009124	0.251175	-0.032098	0.967409	0.081597	-0.995190	-0.054206	0.964496	0.092553	-0.247348
30704	9.458689	-0.521908	-2.395146	0.003080	-0.001536	0.010674	0.251208	-0.032150	0.967399	0.081550	-0.995192	-0.054250	0.964492	0.092520	-0.247378
30705	9.506418	-0.549623	-2.395460	0.015332	-0.000239	0.013654	0.251214	-0.032256	0.967394	0.081654	-0.995176	-0.054386	0.964481	0.092654	-0.247369
30706	9.485110	-0.476544	-2.371672	0.028911	-0.005142	0.002920	0.251325	-0.032237	0.967366	0.081962	-0.995147	-0.054457	0.964426	0.092973	-0.247463
30707	9.412046	-0.474312	-2.346912	0.015168	-0.006377	0.006054	0.251385	-0.032262	0.967349	0.082082	-0.995133	-0.054520	0.964400	0.093108	-0.247513
30708	9.486003	-0.454152	-2.348507	0.003023	-0.006079	0.016803	0.251446	-0.032380	0.967330	0.082050	-0.995129	-0.054639	0.964387	0.093108	-0.247564
30709	9.432804	-0.551502	-2.371907	0.007574	-0.006194	0.012200	0.251509	-0.032467	0.967310	0.082082	-0.995121	-0.054742	0.964368	0.093167	-0.247617
30710	9.458930	-0.504886	-2.373357	0.025776	-0.009654	0.004486	0.251618	-0.032454	0.967282	0.082290	-0.995101	-0.054793	0.964322	0.093385	-0.247715
30711	9.460237	-0.481035	-2.325530	0.015145	-0.007897	0.007588	0.251693	-0.032493	0.967261	0.082407	-0.995087	-0.054871	0.964292	0.093519	-0.247779
30712	9.458714	-0.506928	-2.350439	-0.001623	-0.009041	0.015321	0.251691	-0.032583	0.967259	0.082263	-0.995096	-0.054927	0.964305	0.093394	-0.247776
30713	9.456093	-0.557325	-2.375439	0.011957	-0.015447	0.010699	0.251841	-0.032646	0.967218	0.082341	-0.995084	-0.055027	0.964259	0.093499	-0.247915
30714	9.458652	-0.485406	-2.377644	0.021093	-0.015650	0.007595	0.251979	-0.032658	0.967181	0.082501	-0.995067	-0.055094	0.964210	0.093676	-0.248042
30715	9.484322	-0.439292	-2.404287	0.011976	-0.015430	0.013752	0.252132	-0.032752	0.967138	0.082571	-0.995054	-0.055223	0.964164	0.093781	-0.248181
30716	9.457179	-0.488972	-2.429341	0.002810	-0.016751	0.016867	0.252316	-0.032854	0.967087	0.082513	-0.995053	-0.055332	0.964121	0.093758	-0.248357
30717	9.481810	-0.467451	-2.455807	0.015017	-0.015502	0.012208	0.252468	-0.032932	0.967045	0.082616	-0.995037	-0.055454	0.964072	0.093894	-0.248495
30718	9.456749	-0.468241	-2.481043	0.009050	-0.009265	0.013734	0.252617	-0.033014	0.967003	0.082675	-0.995026	-0.055569	0.964028	0.093984	-0.248631
30719	9.454079	-0.519079	-2.505846	0.012067	-0.012354	0.018313	0.252744	-0.033156	0.966965	0.082734	-0.995011	-0.055742	0.963989	0.094090	-0.248740
30720	9.455342	-0.496325	-2.458259	0.025860	-0.009589	0.018211	0.252797	-0.033274	0.966947	0.082872	-0.994991	-0.055905	0.963964	0.094266	-0.248774
30721	9.459410	-0.400741	-2.435822	0.036510	-0.009839	0.013567	0.252896	-0.033370	0.966918	0.083179	-0.994955	-0.056093	0.963911	0.094613	-0.248845
30722	9.435613	-0.401359	-2.363232	0.018218	-0.012432	0.025909	0.253032	-0.033567	0.966876	0.083264	-0.994934	-0.056331	0.963868	0.094760	-0.248955
30723	9.434210	-0.428860	-2.363877	0.013745	-0.009247	0.032022	0.253140	-0.033848	0.966837	0.083305	-0.994913	-0.056642	0.963836	0.094881	-0.249033
30724	9.382866	-0.502433	-2.290105	0.018225	-0.013921	0.032023	0.253302	-0.034107	0.966786	0.083352	-0.994892	-0.056937	0.963790	0.095006	-0.249166
30725	9.409467	-0.457858	-2.243580	0.030394	-0.017205	0.036545	0.253492	-0.034425	0.966725	0.083542	-0.994854	-0.057332	0.963723	0.095295	-0.249311
30726	9.412554	-0.411639	-2.124166	0.039307	-0.028092	0.035032	0.253800	-0.034705	0.966634	0.083832	-0.994806	-0.057728	0.963617	0.095686	-0.249572
30727	9.389767	-0.365800	-2.103101	0.037581	-0.038707	0.039695	0.254199	-0.035034	0.966517	0.084083	-0.994759	-0.058172	0.963490	0.096055	-0.249921
30728	9.367539	-0.319588	-2.034036	0.014619	-0.044254	0.047523	0.254671	-0.035417	0.966379	0.084139	-0.994728	-0.058629	0.963360	0.096242	-0.250349
30729	9.366306	-0.394725	-1.818146	-0.029859	-0.058431	0.061676	0.255279	-0.035945	0.966199	0.083684	-0.994737	-0.059117	0.963239	0.095947	-0.250928
30730	9.360064	-0.544621	-1.700742	-0.044090	-0.080994	0.063464	0.256103	-0.036436	0.965963	0.083155	-0.994755	-0.059569	0.963066	0.095581	-0.251730
30731	9.503468	-0.510796	-1.907789	0.020973	-0.105386	0.061594	0.257162	-0.036919	0.965663	0.083189	-0.994715	-0.060183	0.962781	0.095809	-0.252732
30732	9.619950	-0.430962	-2.360261	0.014977	-0.100669	0.061614	0.258101	-0.037362	0.965395	0.083199	-0.994680	-0.060738	0.962529	0.095997	-0.253619
30733	9.589595	-0.321625	-2.859329	0.018194	-0.100619	0.079904	0.259129	-0.038030	0.965094	0.083158	-0.994636	-0.061522	0.962256	0.096197	-0.254576
30734	9.654385	-0.288854	-3.261392	-0.064048	-0.095561	0.086745	0.260135	-0.038749	0.964794	0.082253	-0.994673	-0.062126	0.962062	0.095518	-0.255562
30735	9.688200	-0.447132	-3.512284	-0.113345	-0.060632	0.109896	0.260801	-0.039755	0.964574	0.080866	-0.994741	-0.062863	0.962000	0.094396	-0.256215
30736	9.602098	-0.550696	-3.807247	-0.095846	-0.027552	0.098835	0.261112	-0.040654	0.964452	0.079720	-0.994792	-0.063516	0.962011	0.093471	-0.256511
30737	9.505925	-0.549852	-3.708645	-0.061460	0.015688	0.070763	0.261010	-0.041343	0.964450	0.078934	-0.994823	-0.064007	0.962104	0.092835	-0.256395
30738	9.588041	-0.459656	-3.538413	-0.042671	0.030518	0.079653	0.260784	-0.042109	0.964478	0.078327	-0.994832	-0.064613	0.962214	0.092395	-0.256138
30739	9.535533	-0.561493	-3.531855	-0.027843	0.068347	0.089998	0.260190	-0.043038	0.964598	0.077815	-0.994822	-0.065376	0.962417	0.092070	-0.255494
30740	9.484725	-0.664287	-3.473826	0.003192	0.085863	0.094191	0.259421	-0.044000	0.964761	0.077607	-0.994781	-0.066237	0.962641	0.092056	-0.254653
30741	9.514062	-0.651082	-3.416215	0.083149	0.108120	0.091812	0.258445	-0.044983	0.964978	0.078160	-0.994667	-0.067300	0.962859	0.092816	-0.253550
30742	9.575526	-0.565693	-3.186265	0.121951	0.134482	0.082176	0.257209	-0.045863	0.965267	0.079162	-0.994516	-0.068346	0.963108	0.093992	-0.252168
30743	9.535202	-0.502840	-3.147830	0.175802	0.145281	0.096949	0.255880	-0.046935	0.965568	0.080597	-0.994307	-0.069691	0.963343	0.095654	-0.250641
30744	9.546868	-0.396060	-3.109497	0.219072	0.163895	0.096516	0.254440	-0.048000	0.965897	0.082475	-0.994052	-0.071125	0.963565	0.097759	-0.248968
30745	9.558474	-0.336388	-2.898205	0.227212	0.179006	0.107044	0.252797	-0.049211	0.966267	0.084383	-0.993779	-0.072689	0.963832	0.099912	-0.247072
30746	9.589563	-0.352974	-2.732768	0.209879	0.207236	0.134382	0.250990	-0.050714	0.966660	0.085987	-0.993511	-0.074449	0.964163	0.101806	-0.245001
30747	9.518262	-0.438952	-2.611370	0.241067	0.227741	0.141688	0.248910	-0.052327	0.967112	0.087947	-0.993193	-0.076373	0.964525	0.104064	-0.242614
30748	9.553959	-0.382754	-2.394079	0.302744	0.248600	0.129059	0.246654	-0.053808	0.967609	0.090488	-0.992817	-0.078276	0.964870	0.106865	-0.240014
30749	9.562416	-0.371589	-2.098901	0.337916	0.297982	0.137556	0.243898	-0.055467	0.968213	0.093401	-0.992379	-0.080380	0.965293	0.110037	-0.236859
30750	9.559255	-0.528632	-1.719987	0.410116	0.358378	0.145863	0.240586	-0.057249	0.968938	0.096996	-0.991844	-0.082687	0.965769	0.113877	-0.233071
30751	9.216430	-0.618860	-1.511244	0.387300	0.360905	0.161112	0.237252	-0.059235	0.969641	0.100342	-0.991306	-0.085110	0.966252	0.117488	-0.229245
30752	9.183771	-0.767926	-1.106738	0.315598	0.313869	0.128186	0.234430	-0.060838	0.970227	0.102980	-0.990870	-0.087015	0.966663	0.120313	-0.226025
30753	9.179494	-0.851746	-0.954008	0.271840	0.242433	0.146209	0.232232	-0.062552	0.970647	0.105255	-0.990454	-0.089011	0.966949	0.122837	-0.223431
30754	9.050088	-0.981080	-0.953699	0.196321	0.177723	0.137968	0.230639	-0.064057	0.970928	0.106878	-0.990125	-0.090712	0.967152	0.124693	-0.221516
30755	9.100541	-0.974106	-0.939682	0.163025	0.099335	0.130304	0.229811	-0.065442	0.971032	0.108143	-0.989841	-0.092304	0.967208	0.126223	-0.220400
30756	9.175054	-0.969457	-0.956492	0.148341	0.031072	0.127172	0.229656	-0.066675	0.970985	0.109215	-0.989584	-0.093784	0.967125	0.127584	-0.219982
30757	9.326753	-0.925287	-1.052769	0.155789	-0.014999	0.128317	0.229935	-0.067896	0.970835	0.110415	-0.989302	-0.095338	0.966922	0.129116	-0.219979
30758	9.383235	-0.820939	-1.059467	0.159058	-0.050305	0.126151	0.230608	-0.069030	0.970595	0.111587	-0.989024	-0.096853	0.966627	0.130641	-0.220374
30759	9.436795	-0.802985	-1.310417	0.148090	-0.093695	0.145497	0.231669	-0.070316	0.970250	0.112670	-0.988732	-0.098558	0.966248	0.132151	-0.221136
30760	9.372100	-1.020121	-1.505448	0.093281	-0.124631	0.165789	0.233117	-0.071739	0.969799	0.113069	-0.988511	-0.100303	0.965853	0.133037	-0.222327
30761	9.463565	-1.105736	-1.733854	0.140077	-0.176867	0.167469	0.235007	-0.073129	0.969239	0.114018	-0.988207	-0.102205	0.965283	0.134530	-0.223898
30762	9.612635	-1.076498	-1.994309	0.197014	-0.168860	0.153825	0.236861	-0.074377	0.968693	0.115395	-0.987854	-0.104064	0.964666	0.136431	-0.225401
30763	9.614525	-0.731268	-2.076896	0.280489	-0.148612	0.127684	0.238435	-0.075404	0.968227	0.117784	-0.987376	-0.105900	0.963989	0.139292	-0.226544
30764	9.582458	-0.498140	-2.029962	0.148758	-0.117709	0.158371	0.239809	-0.076772	0.967780	0.118747	-0.987063	-0.107726	0.963530	0.140755	-0.227590
30765	9.451845	-0.844669	-1.948366	-0.050231	-0.120812	0.228119	0.241235	-0.078824	0.967260	0.117702	-0.986962	-0.109785	0.963302	0.140333	-0.228812
30766	9.347211	-1.470827	-2.365079	-0.093499	-0.130160	0.260395	0.242816	-0.081170	0.966670	0.116056	-0.986906	-0.112021	0.963105	0.139388	-0.230217
30767	9.362779	-1.805264	-2.677167	0.004426	-0.130606	0.188788	0.244286	-0.082821	0.966160	0.115626	-0.986750	-0.113821	0.962785	0.139518	-0.231473
30768	9.425728	-1.615892	-2.846331	0.182368	-0.118772	0.092390	0.245565	-0.083524	0.965775	0.116982	-0.986447	-0.115056	0.962296	0.141232	-0.232465
30769	9.551635	-1.019038	-2.745038	0.186317	-0.100416	0.049051	0.246581	-0.083836	0.965489	0.118641	-0.986146	-0.115930	0.961833	0.143133	-0.233219
30770	9.562576	-0.872338	-2.567158	0.038708	-0.086653	0.120428	0.247558	-0.084838	0.965152	0.118654	-0.986006	-0.117105	0.961580	0.143510	-0.234028
30771	9.394959	-1.322362	-2.742840	-0.084809	-0.081055	0.160027	0.248520	-0.086270	0.964777	0.117429	-0.985996	-0.118416	0.961482	0.142722	-0.234909
30772	9.326117	-1.747036	-2.774100	-0.051104	-0.079060	0.129380	0.249437	-0.087373	0.964441	0.116505	-0.985980	-0.119457	0.961357	0.142159	-0.235761
30773	9.402872	-1.684504	-2.688353	0.055986	-0.075608	0.064961	0.250233	-0.087877	0.964189	0.116868	-0.985849	-0.120181	0.961106	0.142756	-0.236422
30774	9.475449	-1.423765	-2.613936	0.081867	-0.077314	0.051223	0.251069	-0.088246	0.963938	0.117410	-0.985707	-0.120820	0.960822	0.143510	-0.237119
30775	9.477755	-1.378508	-2.550745	0.032736	-0.083022	0.083600	0.251958	-0.088922	0.963644	0.117501	-0.985591	-0.121669	0.960578	0.143885	-0.237879
30776	9.523628	-1.388555	-2.509159	0.071008	-0.080988	0.063579	0.252846	-0.089420	0.963365	0.117837	-0.985461	-0.122399	0.960304	0.144468	-0.238633
30777	9.547943	-1.136570	-2.262388	0.200105	-0.065558	0.032164	0.253507	-0.089612	0.963174	0.119663	-0.985147	-0.123152	0.959904	0.146476	-0.239018
30778	9.556957	-0.795808	-2.192388	0.161798	-0.067954	0.040012	0.254277	-0.089949	0.962939	0.120780	-0.984917	-0.123896	0.959560	0.147808	-0.239578
30779	9.574110	-0.857198	-2.218765	0.037057	-0.059652	0.098236	0.254962	-0.090799	0.962679	0.120872	-0.984780	-0.124896	0.959367	0.148205	-0.240106
30780	9.546210	-1.113267	-2.257178	-0.044717	-0.076062	0.122033	0.255876	-0.091876	0.962334	0.119957	-0.984762	-0.125912	0.959238	0.147657	-0.240956
30781	9.548041	-1.315979	-2.202671	-0.058141	-0.068309	0.105010	0.256650	-0.092780	0.962041	0.119116	-0.984757	-0.126748	0.959136	0.147125	-0.241686
30782	9.408089	-1.469933	-2.027433	-0.085721	-0.069820	0.108245	0.257477	-0.093729	0.961728	0.117879	-0.984804	-0.127537	0.959067	0.146206	-0.242516
30783	9.389409	-1.636066	-1.853802	-0.096938	-0.078750	0.097903	0.258341	-0.094550	0.961416	0.116683	-0.984859	-0.128209	0.958981	0.145302	-0.243397
30784	9.254059	-1.743454	-1.730697	-0.028913	-0.063025	0.081744	0.259105	-0.095317	0.961134	0.115824	-0.984871	-0.128895	0.958879	0.144720	-0.244145
30785	9.141052	-1.650452	-1.546865	-0.002816	-0.085591	0.042595	0.259968	-0.095584	0.960875	0.115672	-0.984841	-0.129263	0.958664	0.144750	-0.244971
30786	9.231465	-1.485647	-1.471077	-0.030688	-0.119570	0.033185	0.261203	-0.095781	0.960520	0.115034	-0.984885	-0.129493	0.958405	0.144317	-0.246237
30787	9.298389	-1.509116	-1.679299	-0.056131	-0.139226	0.044707	0.262583	-0.095992	0.960123	0.114364	-0.984929	-0.129749	0.958108	0.143874	-0.247647
30788	9.198412	-1.469521	-1.964185	-0.086295	-0.157945	0.030257	0.264157	-0.096081	0.959682	0.113292	-0.985046	-0.129805	0.957803	0.143014	-0.249322
30789	9.290916	-1.467123	-2.154398	-0.128395	-0.172604	0.026497	0.265834	-0.096067	0.959220	0.111978	-0.985210	-0.129703	0.957493	0.141891	-0.251145
30790	9.180775	-1.514549	-2.338161	-0.154120	-0.166814	0.020444	0.267487	-0.096094	0.958758	0.110166	-0.985440	-0.129504	0.957243	0.140263	-0.253006
30791	9.240980	-1.576218	-2.476746	-0.159743	-0.185028	0.014963	0.269269	-0.095954	0.958273	0.108582	-0.985655	-0.129207	0.956924	0.138842	-0.254987
30792	9.368324	-1.656568	-2.812704	-0.135258	-0.183499	0.008549	0.271061	-0.095796	0.957783	0.107063	-0.985861	-0.128904	0.956589	0.137484	-0.256972
30793	9.331922	-1.462220	-2.987699	-0.031275	-0.173653	-0.035771	0.272678	-0.095176	0.957386	0.106846	-0.985944	-0.128446	0.956154	0.137317	-0.258676
30794	9.450682	-1.022070	-2.910714	-0.010401	-0.178478	-0.057290	0.274346	-0.094417	0.956985	0.106674	-0.986038	-0.127864	0.955696	0.137165	-0.260444
30795	9.607517	-0.867910	-3.014342	-0.105121	-0.162601	-0.002948	0.275891	-0.094137	0.956568	0.105662	-0.986191	-0.127527	0.955364	0.136257	-0.262135
30796	9.470045	-1.132726	-3.231098	-0.161821	-0.142151	0.017165	0.277269	-0.094114	0.956172	0.103910	-0.986416	-0.127223	0.955157	0.134630	-0.263723
30797	9.453045	-1.289085	-3.065670	-0.144897	-0.135865	0.001453	0.278562	-0.093918	0.955815	0.102506	-0.986615	-0.126819	0.954932	0.133304	-0.265207
30798	9.490498	-1.240910	-2.668062	-0.105556	-0.137063	-0.020535	0.279873	-0.093571	0.955466	0.101377	-0.986794	-0.126334	0.954670	0.132220	-0.266691
30799	9.380217	-1.223449	-2.214236	-0.084244	-0.138261	-0.022378	0.281165	-0.093139	0.955129	0.100620	-0.986932	-0.125860	0.954370	0.131493	-0.268119
30800	9.360285	-1.290253	-1.760285	-0.112719	-0.157991	-0.016763	0.282650	-0.092746	0.954729	0.099534	-0.987106	-0.125358	0.954045	0.130460	-0.269774
30801	9.394337	-1.559388	-1.277124	-0.193178	-0.185102	0.009882	0.284420	-0.092575	0.954220	0.097648	-0.987353	-0.124895	0.953714	0.128700	-0.271784
30802	9.269538	-1.672568	-0.944776	-0.100467	-0.209445	-0.031011	0.286378	-0.091974	0.953692	0.096750	-0.987518	-0.124289	0.953219	0.127864	-0.273905
30803	9.202440	-1.336163	-0.417991	-0.085860	-0.260416	-0.082005	0.288775	-0.090804	0.953081	0.096153	-0.987708	-0.123236	0.952556	0.127229	-0.276495
30804	9.284438	-1.149194	-0.115881	-0.170848	-0.317940	-0.054283	0.291770	-0.089917	0.952253	0.094464	-0.987995	-0.122236	0.951812	0.125618	-0.279774
30805	9.107255	-1.422814	-0.154571	-0.324130	-0.377504	-0.003411	0.295354	-0.089386	0.951197	0.091375	-0.988407	-0.121255	0.951008	0.122728	-0.283762
30806	9.155439	-1.623545	-0.754038	-0.312978	-0.447364	-0.023478	0.299540	-0.088519	0.949968	0.088549	-0.988810	-0.120059	0.949966	0.120081	-0.288350
30807	9.235662	-1.499718	-1.300037	-0.315455	-0.474108	-0.064054	0.303981	-0.087293	0.948670	0.085732	-0.989246	-0.118498	0.948813	0.117353	-0.293228
30808	9.385041	-1.330776	-1.905275	-0.383861	-0.527158	-0.062420	0.308911	-0.086068	0.947189	0.082208	-0.989753	-0.116747	0.947531	0.113931	-0.298670
30809	9.721015	-1.166051	-2.919479	-0.415189	-0.539464	-0.067184	0.313961	-0.084770	0.945644	0.078471	-0.990282	-0.114824	0.946188	0.110256	-0.304257
30810	9.764563	-0.981235	-3.767527	-0.453881	-0.507266	-0.084542	0.318680	-0.083388	0.944187	0.074379	-0.990851	-0.112614	0.944940	0.106116	-0.309562
30811	9.693851	-0.689855	-4.213272	-0.515437	-0.475382	-0.097796	0.323095	-0.081897	0.942816	0.069811	-0.991472	-0.110047	0.943788	0.101375	-0.314622
30812	9.554948	-0.849970	-4.590586	-0.642402	-0.419768	-0.054893	0.327006	-0.080979	0.941546	0.063769	-0.992160	-0.107479	0.942868	0.095188	-0.319279
30813	9.386319	-1.292058	-4.690068	-0.625251	-0.376445	-0.061946	0.330512	-0.079988	0.940406	0.058066	-0.992791	-0.104851	0.942014	0.089260	-0.323485
30814	9.284630	-1.686062	-4.403276	-0.581408	-0.331422	-0.088478	0.333576	-0.078838	0.939421	0.052801	-0.993370	-0.102115	0.941243	0.083666	-0.327202
30815	9.224599	-1.939062	-3.874568	-0.433827	-0.329574	-0.139624	0.336602	-0.077153	0.938481	0.049174	-0.993838	-0.099341	0.940362	0.079587	-0.330734
30816	9.281799	-1.891725	-3.501323	-0.220937	-0.342812	-0.183514	0.339725	-0.075084	0.937523	0.047602	-0.994158	-0.096869	0.939319	0.077537	-0.334166
30817	9.538905	-1.620126	-2.851383	-0.132189	-0.369902	-0.218535	0.343090	-0.072597	0.936493	0.047094	-0.994425	-0.094342	0.938121	0.076471	-0.337759
30818	9.794898	-1.200844	-2.373236	0.026081	-0.389300	-0.275699	0.346621	-0.069650	0.935416	0.048067	-0.994610	-0.091869	0.936773	0.076806	-0.341405
30819	9.892144	-0.444690	-1.827954	0.123603	-0.395125	-0.334452	0.350152	-0.065988	0.934366	0.050376	-0.994745	-0.089131	0.935337	0.078279	-0.344988
30820	10.014213	0.066049	-1.316017	-0.008361	-0.443164	-0.278080	0.354146	-0.062891	0.933073	0.051201	-0.994936	-0.086494	0.933788	0.078406	-0.349132
30821	9.886126	0.174252	-1.199399	-0.243846	-0.476447	-0.174075	0.358500	-0.060762	0.931550	0.049534	-0.995236	-0.083978	0.932215	0.076249	-0.353782
30822	9.549929	-0.172975	-1.284481	-0.457471	-0.520105	-0.110617	0.363268	-0.059240	0.929800	0.045672	-0.995644	-0.081279	0.930565	0.071992	-0.358980
30823	9.401201	-0.511152	-1.643515	-0.513672	-0.556331	-0.105549	0.368391	-0.057773	0.927874	0.041271	-0.996067	-0.078404	0.928755	0.067177	-0.364557
30824	9.249977	-0.477410	-2.025016	-0.480295	-0.583632	-0.139946	0.373728	-0.055936	0.925850	0.037394	-0.996460	-0.075296	0.926784	0.062761	-0.370313
30825	9.244840	-0.231075	-2.325119	-0.507901	-0.619515	-0.142801	0.379409	-0.054110	0.923645	0.033218	-0.996848	-0.072043	0.924632	0.058016	-0.376416
30826	9.258995	-0.032666	-2.606077	-0.583926	-0.644734	-0.122116	0.385299	-0.052491	0.921298	0.028295	-0.997239	-0.068651	0.922358	0.052520	-0.382750
30827	9.149232	-0.020937	-2.776177	-0.708818	-0.656315	-0.086613	0.391320	-0.051275	0.918825	0.022092	-0.997635	-0.065082	0.919989	0.045766	-0.389262
30828	9.040865	-0.127090	-3.025696	-0.793550	-0.660089	-0.070590	0.397351	-0.050242	0.916290	0.015099	-0.998007	-0.061270	0.917542	0.038181	-0.395800
30829	8.889563	-0.139449	-2.966606	-0.786210	-0.647987	-0.096814	0.403275	-0.049023	0.913765	0.008273	-0.998328	-0.057211	0.915041	0.030631	-0.402195
30830	8.785861	-0.085706	-2.810134	-0.784835	-0.640304	-0.118026	0.409100	-0.047625	0.911246	0.001596	-0.998598	-0.052906	0.912488	0.023098	-0.408451
30831	8.775307	-0.021112	-2.568849	-0.781876	-0.665688	-0.108094	0.415165	-0.046387	0.908563	-0.005092	-0.998802	-0.048667	0.909732	0.015579	-0.414904
30832	8.854630	-0.031954	-2.501234	-0.722320	-0.714658	-0.092012	0.421645	-0.045339	0.905627	-0.011260	-0.998934	-0.044767	0.906691	0.008678	-0.421706
30833	9.072813	0.005204	-2.261757	-0.602122	-0.737341	-0.093546	0.428330	-0.044332	0.902534	-0.016321	-0.999012	-0.041325	0.903475	0.002970	-0.428631
30834	9.176017	0.085841	-2.247604	-0.461842	-0.729475	-0.104159	0.434909	-0.043247	0.899435	-0.020037	-0.999064	-0.038349	0.900251	-0.001344	-0.435368
30835	9.107947	0.209643	-2.345035	-0.430753	-0.753768	-0.106732	0.441704	-0.042176	0.896169	-0.023448	-0.999096	-0.035463	0.896854	-0.005349	-0.442294
30836	9.353055	0.281693	-2.367820	-0.474947	-0.802245	-0.102337	0.448890	-0.041173	0.892638	-0.027240	-0.999104	-0.032385	0.893172	-0.009778	-0.449610
30837	9.716459	0.245924	-2.081282	-0.484280	-0.789110	-0.091347	0.455949	-0.040326	0.889092	-0.031151	-0.999084	-0.029340	0.889460	-0.014318	-0.456788
30838	9.690411	0.218346	-2.185306	-0.511910	-0.805126	-0.071823	0.463098	-0.039697	0.885418	-0.035356	-0.999029	-0.026298	0.885602	-0.019126	-0.464052
30839	9.679314	0.083347	-2.207295	-0.655811	-0.855627	-0.038311	0.470671	-0.039475	0.881425	-0.040978	-0.998899	-0.022854	0.881357	-0.025363	-0.471770
30840	9.869109	-0.308162	-2.292195	-0.700469	-0.905565	0.012593	0.478604	-0.039812	0.877128	-0.047185	-0.998694	-0.019583	0.876762	-0.032015	-0.479857
30841	10.003541	-0.620343	-3.156977	-0.536977	-0.993084	0.046764	0.487262	-0.040592	0.872312	-0.052112	-0.998490	-0.017355	0.871700	-0.037001	-0.488642
30842	9.993677	-0.618446	-3.626871	-0.407703	-1.042718	0.000346	0.496299	-0.040955	0.867185	-0.055648	-0.998333	-0.015300	0.866366	-0.040663	-0.497751
30843	10.433277	-0.197125	-3.721257	-0.373192	-1.154963	-0.014180	0.506279	-0.041272	0.861382	-0.058804	-0.998181	-0.013264	0.860363	-0.043938	-0.507785
30844	10.874602	0.232377	-3.731359	-0.404184	-1.253971	0.081809	0.516951	-0.042618	0.854953	-0.062680	-0.997963	-0.011847	0.853717	-0.047464	-0.518570
30845	11.125433	0.563294	-4.095105	-0.607869	-1.257666	0.160955	0.527539	-0.044826	0.848347	-0.068693	-0.997588	-0.009995	0.846749	-0.053003	-0.529346
30846	11.040598	0.562063	-4.711929	-0.932300	-1.216195	0.260719	0.537577	-0.048075	0.841843	-0.077931	-0.996933	-0.007167	0.839606	-0.061753	-0.539675
30847	10.930481	0.330853	-5.334175	-1.173556	-1.229274	0.320354	0.547584	-0.052065	0.835130	-0.089481	-0.995983	-0.003422	0.831953	-0.072855	-0.550043
30848	11.028454	0.132439	-5.563781	-1.129153	-1.242702	0.361850	0.557504	-0.056585	0.828244	-0.100813	-0.994905	-0.000112	0.824031	-0.083435	-0.560368
30849	11.053916	0.316694	-6.016745	-0.975872	-1.191940	0.371842	0.566887	-0.061301	0.821511	-0.110910	-0.993828	0.002375	0.816295	-0.092460	-0.570187
30850	10.517258	0.760106	-6.772932	-0.982205	-1.034829	0.423271	0.574782	-0.066453	0.815604	-0.121290	-0.992606	0.004602	0.809268	-0.101569	-0.578593
30851	9.736767	1.059763	-6.974362	-1.190925	-0.855128	0.478840	0.581067	-0.072090	0.810657	-0.133658	-0.990998	0.007677	0.802806	-0.112812	-0.585471
30852	9.105108	1.215327	-7.177430	-1.268624	-0.708133	0.546781	0.585941	-0.078281	0.806564	-0.146970	-0.989082	0.010772	0.796915	-0.124852	-0.591049
30853	8.268290	1.189928	-6.906079	-1.271633	-0.555863	0.609647	0.589421	-0.085003	0.803341	-0.160654	-0.986919	0.013446	0.791690	-0.136986	-0.595367
30854	7.617295	1.097875	-6.644406	-1.253123	-0.310434	0.617268	0.590820	-0.091460	0.801603	-0.174158	-0.984587	0.016025	0.787782	-0.149074	-0.597642
30855	6.772626	0.882377	-7.153507	-1.192577	0.012452	0.672908	0.589509	-0.098028	0.801792	-0.187513	-0.982101	0.017794	0.785696	-0.160836	-0.597339
30856	6.287659	0.358709	-7.561163	-1.161588	0.224426	0.720968	0.586330	-0.104648	0.803284	-0.200833	-0.979441	0.018995	0.784782	-0.172463	-0.595293
30857	7.047135	-0.270686	-5.625104	-1.003681	0.491678	0.673688	0.581081	-0.110335	0.806332	-0.212647	-0.976933	0.019565	0.785573	-0.182833	-0.591140
30858	7.293626	-0.616013	-5.668234	-0.593236	0.803075	0.670620	0.573290	-0.115311	0.811198	-0.221151	-0.975079	0.017685	0.788943	-0.189536	-0.584504
30859	6.549818	-0.590454	-6.453312	-0.183854	1.115596	0.578134	0.563168	-0.118784	0.817761	-0.225894	-0.974050	0.014081	0.794867	-0.192657	-0.575386
30860	6.302467	0.029914	-6.419213	0.169710	1.298822	0.448994	0.551763	-0.120590	0.825237	-0.227013	-0.973846	0.009477	0.802511	-0.192569	-0.564707
30861	6.544378	0.477769	-5.870447	0.230248	1.508842	0.510105	0.538432	-0.122625	0.833699	-0.227938	-0.973667	0.003998	0.811255	-0.192184	-0.552205
30862	6.769793	-0.089152	-5.598716	-0.022344	1.811369	0.537880	0.522402	-0.124293	0.843592	-0.230947	-0.972966	-0.000339	0.820829	-0.194647	-0.536985
30863	6.672480	-1.044721	-6.023807	0.132225	2.046529	0.535646	0.504256	-0.125478	0.854389	-0.232608	-0.972555	-0.005548	0.831637	-0.195940	-0.519604
30864	6.494592	-1.344581	-6.111121	0.605461	2.150858	0.414239	0.485267	-0.125271	0.865346	-0.229566	-0.973217	-0.012152	0.843692	-0.192757	-0.501028
30865	6.851183	-0.834636	-5.862876	0.918294	2.239497	0.245574	0.465678	-0.123385	0.876310	-0.222933	-0.974653	-0.018764	0.856414	-0.186620	-0.481382
30866	7.311302	-0.205871	-5.354320	1.029776	2.346889	0.212297	0.444946	-0.121115	0.887330	-0.215005	-0.976281	-0.025444	0.869365	-0.179459	-0.460433
30867	7.544522	-0.096506	-5.325955	0.940148	2.508925	0.184811	0.422585	-0.118466	0.898547	-0.207580	-0.977718	-0.031279	0.882231	-0.173302	-0.437760
30868	7.830608	-0.229548	-5.330257	0.893377	2.664637	0.124137	0.398637	-0.115093	0.909858	-0.200145	-0.979099	-0.036162	0.895003	-0.167688	-0.413340
30869	7.999024	-0.387400	-4.913146	0.952974	2.808177	0.045232	0.373239	-0.110884	0.921085	-0.191739	-0.980616	-0.040355	0.907705	-0.161546	-0.387264
30870	8.208800	-0.370673	-4.568777	1.090190	2.917955	-0.049269	0.346643	-0.105754	0.932016	-0.181595	-0.982392	-0.043930	0.920251	-0.154022	-0.359744
30871	8.400356	-0.162135	-4.237969	1.224393	3.024014	-0.149858	0.318894	-0.099727	0.942529	-0.169765	-0.984377	-0.046717	0.932463	-0.145110	-0.330842
30872	8.684412	0.195728	-4.022095	1.281636	3.106555	-0.207823	0.290069	-0.093279	0.952449	-0.157106	-0.986378	-0.048755	0.944022	-0.135493	-0.300772
30873	8.802322	0.524386	-3.548154	1.261407	3.168787	-0.220582	0.260318	-0.086929	0.961602	-0.144537	-0.988225	-0.050207	0.954643	-0.125917	-0.269818
30874	9.028107	0.712879	-3.255258	1.158559	3.198183	-0.225591	0.229931	-0.080764	0.969850	-0.132865	-0.989825	-0.050928	0.964095	-0.117149	-0.238322
30875	9.344574	0.693407	-2.791764	1.061987	3.223620	-0.202248	0.198976	-0.075083	0.977124	-0.122163	-0.991184	-0.051287	0.972360	-0.109164	-0.206394
30876	9.407029	0.711886	-2.519992	1.099262	3.166258	-0.152150	0.168236	-0.070201	0.983244	-0.111145	-0.992451	-0.051841	0.979461	-0.100561	-0.174769
30877	9.639166	0.917074	-2.132142	1.172546	3.073999	-0.127736	0.138169	-0.065957	0.988210	-0.099447	-0.993661	-0.052417	0.985403	-0.091032	-0.143852
30878	9.930961	1.177063	-1.505245	1.214784	2.976156	-0.064045	0.108814	-0.062705	0.992082	-0.087349	-0.994751	-0.053293	0.990217	-0.080858	-0.113720
30879	9.733979	1.294440	-0.872704	1.123517	2.828880	0.061712	0.080699	-0.061134	0.994862	-0.076281	-0.995569	-0.054990	0.993815	-0.071452	-0.085004
30880	9.924159	1.462008	-0.946121	1.037064	2.521069	0.118706	0.055514	-0.060561	0.996620	-0.066012	-0.996198	-0.056858	0.996273	-0.062632	-0.059301
30881	12.309577	0.764801	4.015275	0.891599	2.583119	0.010800	0.029749	-0.059115	0.997808	-0.057148	-0.996717	-0.057346	0.997922	-0.055316	-0.033030
30882	9.284889	0.535066	0.984439	0.387159	1.873926	0.238116	0.010897	-0.060406	0.998114	-0.053289	-0.996790	-0.059744	0.998520	-0.052537	-0.014081
30883	6.318815	0.070191	0.880095	0.376369	1.214596	0.349291	-0.001413	-0.063237	0.997998	-0.049570	-0.996767	-0.063230	0.998770	-0.049560	-0.001727
30884	6.034202	0.192756	0.772894	-0.108233	0.361745	0.073085	-0.005076	-0.063711	0.997956	-0.050601	-0.996674	-0.063886	0.998706	-0.050822	0.001836
30885	6.450007	0.167630	-2.602200	-0.467364	-0.629104	0.499277	0.000941	-0.068988	0.997617	-0.055281	-0.996096	-0.068831	0.998470	-0.055084	-0.004751
30886	6.691690	0.371509	-6.056626	-0.655068	-1.042990	0.497411	0.011050	-0.074469	0.997162	-0.061798	-0.995368	-0.073650	0.998027	-0.060809	-0.015601
30887	7.501444	2.306423	-5.657705	-0.502693	-1.110246	0.189019	0.022006	-0.077018	0.996787	-0.066868	-0.994909	-0.075396	0.997519	-0.064994	-0.027044
30888	11.329299	2.691862	1.073381	-1.441172	-0.699510	0.284803	0.028765	-0.080265	0.996358	-0.081241	-0.993661	-0.077702	0.996279	-0.078710	-0.035104
30889	13.026407	0.559463	2.002058	-3.648527	-0.577182	0.802390	0.033707	-0.088749	0.995483	-0.117798	-0.989460	-0.084224	0.992465	-0.114427	-0.043807
30890	11.168850	-4.529969	-4.439356	-4.270001	-0.344046	1.562046	0.034940	-0.104516	0.993909	-0.160504	-0.982194	-0.097641	0.986417	-0.156115	-0.051093
30891	8.633398	-8.843037	-5.182321	-2.736080	-0.041608	1.166333	0.033321	-0.115978	0.992693	-0.187849	-0.976269	-0.107754	0.981633	-0.182886	-0.054316
30892	6.921718	-6.829978	-5.140379	-0.528987	-0.817192	-0.248765	0.041812	-0.114993	0.992486	-0.192908	-0.975592	-0.104909	0.980326	-0.187072	-0.062974
30893	10.018955	-1.543409	-4.709197	0.930731	-1.273950	-0.875525	0.055959	-0.108726	0.992496	-0.183371	-0.978263	-0.096828	0.981450	-0.176577	-0.074680
30894	12.409072	1.951954	-3.371253	0.646641	-0.626882	-0.330149	0.062708	-0.106530	0.992330	-0.176820	-0.979744	-0.094005	0.982244	-0.169569	-0.080274
30895	9.071414	1.895004	-2.190313	-0.650753	-0.408911	0.514721	0.065797	-0.112243	0.991500	-0.183558	-0.978057	-0.098541	0.980804	-0.175514	-0.084957
30896	8.549116	-0.035079	-4.316827	-0.995770	-0.730066	0.542468	0.071931	-0.118793	0.990310	-0.193658	-0.975651	-0.102968	0.978428	-0.184375	-0.093185
30897	9.724063	-0.876617	-4.373965	0.053296	-0.933403	0.425479	0.080241	-0.124626	0.988954	-0.193481	-0.975230	-0.107198	0.977817	-0.182742	-0.102367
30898	12.345906	-1.099221	-3.488392	0.049026	-0.819946	0.340875	0.087607	-0.129378	0.987718	-0.193259	-0.974899	-0.110557	0.977229	-0.181200	-0.110411
30899	13.783285	-2.226758	-2.567216	-0.096090	-0.381380	0.410515	0.090541	-0.134040	0.986831	-0.194583	-0.974184	-0.114469	0.976698	-0.181656	-0.114285
