// General information: 
//  MT Manager version: 2022.2.0 
//  XDA version: 2022.2.0 build 7381 rev 124627 built on 2023-07-19
// Device information: 
//  DeviceId: 00B4CBA7
//  ProductCode: MTW2-3A7G6
//  Firmware Version: 4.6.0
//  Hardware Version: 2.0.0
// Device settings: 
//  Filter Profile: human(46.1)
//  Option Flags: Orientation Smoother Disabled, Position/Velocity Smoother Disabled, Continuous Zero Rotation Update Disabled, AHS Disabled, ICC Disabled
// Coordinate system: ENU
PacketCounter	Acc_X	Acc_Y	Acc_Z	Gyr_X	Gyr_Y	Gyr_Z	Mat[1][1]	Mat[2][1]	Mat[3][1]	Mat[1][2]	Mat[2][2]	Mat[3][2]	Mat[1][3]	Mat[2][3]	Mat[3][3]
31177	9.591487	0.651553	-1.437331	0.004748	-0.045343	0.011402	0.160513	0.035873	0.986382	-0.208088	-0.975649	0.069345	0.964850	-0.216385	-0.149140
31178	9.610831	0.676154	-1.398024	0.019831	-0.046120	0.010416	0.160938	0.035707	0.986318	-0.207926	-0.975690	0.069250	0.964814	-0.216226	-0.149602
31179	9.675494	0.700573	-1.461250	0.012425	-0.049185	0.011160	0.161391	0.035529	0.986251	-0.207826	-0.975718	0.069159	0.964760	-0.216130	-0.150089
31180	9.725923	0.822894	-1.466927	-0.000044	-0.048407	0.013137	0.161835	0.035334	0.986185	-0.207843	-0.975721	0.069067	0.964682	-0.216149	-0.150562
31181	9.689629	0.711031	-1.498701	-0.037355	-0.047648	0.013324	0.162268	0.035138	0.986121	-0.208226	-0.975642	0.069029	0.964526	-0.216538	-0.150999
31182	9.684023	0.624852	-1.586671	-0.016727	-0.046136	0.011758	0.162692	0.034962	0.986057	-0.208400	-0.975608	0.068975	0.964417	-0.216716	-0.151437
31183	9.681826	0.619317	-1.614958	0.015508	-0.043064	0.012786	0.163082	0.034781	0.985999	-0.208273	-0.975643	0.068864	0.964379	-0.216587	-0.151866
31184	9.666256	0.677488	-1.579099	0.013286	-0.038226	0.011392	0.163430	0.034623	0.985947	-0.208176	-0.975671	0.068769	0.964341	-0.216489	-0.152246
31185	9.644069	0.645865	-1.650525	0.032139	-0.036192	0.011077	0.163757	0.034474	0.985898	-0.207885	-0.975741	0.068648	0.964348	-0.216195	-0.152618
31186	9.643610	0.644045	-1.653913	0.036112	-0.029516	0.014984	0.164014	0.034300	0.985862	-0.207570	-0.975820	0.068483	0.964372	-0.215867	-0.152928
31187	9.609732	0.680371	-1.636998	0.025215	-0.033119	0.012502	0.164309	0.034144	0.985818	-0.207349	-0.975876	0.068359	0.964370	-0.215640	-0.153266
31188	9.645407	0.683532	-1.618194	0.000231	-0.023652	0.012380	0.164513	0.034004	0.985789	-0.207405	-0.975870	0.068275	0.964323	-0.215689	-0.153490
31189	9.627788	0.592989	-1.627670	0.006843	-0.019842	0.010438	0.164684	0.033897	0.985764	-0.207358	-0.975885	0.068199	0.964304	-0.215637	-0.153684
31190	9.629143	0.595874	-1.605823	0.053013	-0.020386	0.010700	0.164861	0.033784	0.985738	-0.206873	-0.975998	0.068049	0.964378	-0.215141	-0.153915
31191	9.630946	0.670730	-1.572566	0.036857	-0.021121	0.013087	0.165039	0.033649	0.985713	-0.206540	-0.976079	0.067901	0.964419	-0.214796	-0.154142
31192	9.628581	0.698213	-1.604515	0.045674	-0.010109	0.016305	0.165106	0.033504	0.985707	-0.206136	-0.976178	0.067708	0.964494	-0.214369	-0.154267
31193	9.581401	0.726078	-1.533866	0.040608	-0.018316	0.013770	0.165256	0.033368	0.985686	-0.205769	-0.976267	0.067547	0.964546	-0.213986	-0.154468
31194	9.603666	0.720669	-1.461933	0.004204	-0.016966	0.016295	0.165389	0.033207	0.985669	-0.205768	-0.976276	0.067418	0.964524	-0.213970	-0.154632
31195	9.589316	0.744778	-1.417595	-0.005679	-0.017444	0.018222	0.165521	0.033030	0.985653	-0.205855	-0.976267	0.067284	0.964483	-0.214038	-0.154793
31196	9.590876	0.641677	-1.400597	-0.035128	-0.020776	0.013555	0.165696	0.032890	0.985628	-0.206218	-0.976193	0.067242	0.964375	-0.214396	-0.154969
31197	9.660113	0.606981	-1.401126	-0.012238	-0.022850	0.014404	0.165888	0.032737	0.985601	-0.206362	-0.976168	0.067157	0.964311	-0.214531	-0.155179
31198	9.685455	0.617607	-1.531736	0.019829	-0.022402	0.013215	0.166079	0.032597	0.985574	-0.206193	-0.976213	0.067033	0.964314	-0.214351	-0.155407
31199	9.729417	0.649104	-1.642539	0.055102	-0.014521	0.014741	0.166190	0.032460	0.985559	-0.205688	-0.976332	0.066840	0.964403	-0.213826	-0.155580
31200	9.724823	0.705311	-1.704899	0.093963	-0.015597	0.017855	0.166306	0.032288	0.985545	-0.204818	-0.976535	0.066555	0.964568	-0.212926	-0.155791
31201	9.659175	0.817109	-1.649166	0.052794	-0.017268	0.022162	0.166429	0.032072	0.985532	-0.204347	-0.976651	0.066292	0.964647	-0.212423	-0.155989
31202	9.672033	0.537142	-1.724619	0.051516	-0.010601	0.024082	0.166483	0.031851	0.985530	-0.203891	-0.976766	0.066011	0.964734	-0.211930	-0.156121
31203	9.641529	0.614561	-1.664440	0.119030	-0.009254	0.024867	0.166523	0.031626	0.985530	-0.202785	-0.977022	0.065618	0.964960	-0.210778	-0.156284
31204	9.628611	0.674809	-1.602275	0.087399	-0.004828	0.025657	0.166519	0.031404	0.985538	-0.201975	-0.977214	0.065265	0.965131	-0.209922	-0.156382
31205	9.610729	0.722102	-1.611433	0.059346	-0.001445	0.023929	0.166487	0.031204	0.985550	-0.201443	-0.977343	0.064974	0.965248	-0.209350	-0.156429
31206	9.611920	0.651166	-1.598995	0.023015	-0.000010	0.026509	0.166435	0.030979	0.985566	-0.201289	-0.977392	0.064714	0.965289	-0.209154	-0.156436
31207	9.558327	0.554427	-1.627142	0.030606	0.003996	0.022097	0.166353	0.030809	0.985585	-0.201031	-0.977460	0.064486	0.965356	-0.208861	-0.156410
31208	9.594598	0.556758	-1.605600	0.012640	-0.000337	0.017897	0.166322	0.030669	0.985594	-0.200945	-0.977488	0.064327	0.965380	-0.208749	-0.156415
31209	9.592842	0.443417	-1.634066	0.026064	0.004838	0.027065	0.166223	0.030452	0.985618	-0.200740	-0.977548	0.064057	0.965440	-0.208501	-0.156378
31210	9.575845	0.563619	-1.631060	0.061943	0.007682	0.021810	0.166107	0.030291	0.985642	-0.200183	-0.977680	0.063783	0.965575	-0.207904	-0.156336
31211	9.545784	0.642082	-1.569348	0.047677	0.007766	0.024035	0.165985	0.030110	0.985668	-0.199764	-0.977784	0.063509	0.965683	-0.207443	-0.156283
31212	9.580504	0.639351	-1.571201	0.030233	0.009588	0.020483	0.165854	0.029965	0.985695	-0.199517	-0.977848	0.063298	0.965756	-0.207161	-0.156202
31213	9.617375	0.607730	-1.542408	0.012582	0.010441	0.020555	0.165714	0.029823	0.985723	-0.199431	-0.977877	0.063113	0.965798	-0.207043	-0.156100
31214	9.666154	0.579226	-1.589913	0.037162	0.007750	0.020110	0.165601	0.029680	0.985746	-0.199098	-0.977959	0.062894	0.965886	-0.206676	-0.156042
31215	9.723708	0.679630	-1.513607	0.053099	0.008714	0.022363	0.165474	0.029517	0.985772	-0.198624	-0.978073	0.062628	0.966006	-0.206161	-0.155983
31216	9.670015	0.723097	-1.542997	0.026669	0.010652	0.023001	0.165328	0.029352	0.985802	-0.198399	-0.978133	0.062397	0.966077	-0.205898	-0.155890
31217	9.656722	0.712809	-1.489694	0.005488	0.012595	0.025600	0.165157	0.029165	0.985836	-0.198390	-0.978149	0.062174	0.966108	-0.205849	-0.155762
31218	9.657063	0.710303	-1.488684	-0.011818	0.007856	0.027275	0.165029	0.028952	0.985864	-0.198544	-0.978132	0.061960	0.966098	-0.205962	-0.155672
31219	9.573908	0.628018	-1.441837	-0.004040	0.003650	0.022333	0.164951	0.028778	0.985882	-0.198621	-0.978127	0.061784	0.966096	-0.206008	-0.155627
31220	9.573213	0.553558	-1.452328	-0.016514	0.003225	0.023297	0.164876	0.028594	0.985900	-0.198823	-0.978096	0.061617	0.966067	-0.206179	-0.155579
31221	9.583692	0.550059	-1.552056	-0.006665	0.003649	0.021352	0.164799	0.028430	0.985917	-0.198924	-0.978086	0.061455	0.966059	-0.206251	-0.155533
31222	9.599212	0.560374	-1.580089	0.003960	0.003317	0.020586	0.164728	0.028272	0.985934	-0.198921	-0.978098	0.061282	0.966072	-0.206217	-0.155496
31223	9.599383	0.558435	-1.579732	-0.019142	0.003227	0.022314	0.164653	0.028098	0.985951	-0.199144	-0.978062	0.061130	0.966039	-0.206411	-0.155446
31224	9.647706	0.564206	-1.633843	-0.016155	0.006780	0.021802	0.164546	0.027936	0.985974	-0.199328	-0.978034	0.060977	0.966019	-0.206565	-0.155363
31225	9.632569	0.550266	-1.604709	-0.024020	0.006790	0.018861	0.164444	0.027803	0.985995	-0.199592	-0.977987	0.060866	0.965982	-0.206806	-0.155275
31226	9.637148	0.630171	-1.545043	-0.012395	0.009572	0.022469	0.164310	0.027640	0.986022	-0.199757	-0.977963	0.060701	0.965971	-0.206939	-0.155168
31227	9.590605	0.659354	-1.472007	-0.040125	0.006155	0.021277	0.164209	0.027482	0.986043	-0.200181	-0.977884	0.060591	0.965900	-0.207337	-0.155076
31228	9.585490	0.504183	-1.540747	-0.055639	0.010053	0.018585	0.164077	0.027356	0.986068	-0.200763	-0.977768	0.060532	0.965802	-0.207898	-0.154937
31229	9.583735	0.532160	-1.570024	0.010933	0.010619	0.017132	0.163941	0.027248	0.986094	-0.200687	-0.977793	0.060384	0.965841	-0.207796	-0.154832
31230	9.635531	0.546964	-1.575718	0.009308	0.013738	0.020524	0.163769	0.027112	0.986126	-0.200636	-0.977814	0.060204	0.965880	-0.207712	-0.154696
31231	9.698831	0.632543	-1.670171	0.010526	0.017829	0.021279	0.163556	0.026979	0.986165	-0.200571	-0.977839	0.060016	0.965930	-0.207612	-0.154520
31232	9.699317	0.630580	-1.668086	-0.018086	0.024661	0.020493	0.163279	0.026866	0.986214	-0.200779	-0.977805	0.059879	0.965934	-0.207788	-0.154260
31233	9.667673	0.565684	-1.626372	-0.035197	0.023811	0.025341	0.162999	0.026706	0.986265	-0.201162	-0.977736	0.059721	0.965901	-0.208133	-0.153998
31234	9.637353	0.539244	-1.567218	-0.027963	0.024233	0.022423	0.162723	0.026574	0.986314	-0.201466	-0.977682	0.059580	0.965884	-0.208404	-0.153737
31235	9.573359	0.619437	-1.501100	-0.036836	0.024029	0.021911	0.162448	0.026448	0.986363	-0.201859	-0.977608	0.059458	0.965849	-0.208765	-0.153472
31236	9.611866	0.592967	-1.446581	-0.043865	0.024576	0.021202	0.162171	0.026327	0.986411	-0.202329	-0.977517	0.059354	0.965797	-0.209205	-0.153198
31237	9.578148	0.558054	-1.435202	-0.048119	0.024806	0.016792	0.161898	0.026252	0.986458	-0.202823	-0.977418	0.059299	0.965739	-0.209677	-0.152918
31238	9.647752	0.522820	-1.430790	-0.040036	0.025758	0.016122	0.161617	0.026187	0.986506	-0.203226	-0.977338	0.059238	0.965701	-0.210057	-0.152633
31239	9.695081	0.491171	-1.500319	-0.040192	0.023175	0.013986	0.161367	0.026136	0.986548	-0.203638	-0.977255	0.059199	0.965656	-0.210451	-0.152374
31240	9.690439	0.510545	-1.575774	-0.001338	0.031077	0.014068	0.161041	0.026100	0.986603	-0.203681	-0.977252	0.059099	0.965702	-0.210470	-0.152062
31241	9.723357	0.572288	-1.611802	0.003829	0.029769	0.014970	0.160725	0.026054	0.986655	-0.203670	-0.977261	0.058984	0.965757	-0.210432	-0.151763
31242	9.723706	0.605042	-1.615115	-0.018013	0.032189	0.011654	0.160392	0.026043	0.986710	-0.203876	-0.977221	0.058933	0.965769	-0.210619	-0.151429
31243	9.657255	0.575000	-1.576867	-0.029533	0.034876	0.016959	0.160022	0.025989	0.986771	-0.204190	-0.977161	0.058848	0.965764	-0.210906	-0.151061
31244	9.623662	0.539887	-1.564790	-0.007396	0.034720	0.017729	0.159653	0.025924	0.986833	-0.204304	-0.977145	0.058722	0.965801	-0.210989	-0.150708
31245	9.594442	0.585875	-1.493513	-0.008033	0.038051	0.018681	0.159249	0.025859	0.986900	-0.204414	-0.977130	0.058588	0.965844	-0.211066	-0.150321
31246	9.635702	0.635826	-1.402640	-0.013521	0.037081	0.020318	0.158850	0.025777	0.986966	-0.204564	-0.977107	0.058443	0.965878	-0.211182	-0.149940
31247	9.630415	0.548307	-1.482137	-0.029734	0.035166	0.021616	0.158467	0.025677	0.987030	-0.204888	-0.977047	0.058312	0.965872	-0.211471	-0.149569
31248	9.629486	0.542395	-1.502473	-0.007888	0.037735	0.013996	0.158077	0.025658	0.987093	-0.204977	-0.977034	0.058223	0.965917	-0.211535	-0.149187
31249	9.578556	0.524382	-1.492222	-0.005135	0.040293	0.017115	0.157654	0.025614	0.987162	-0.205055	-0.977025	0.058099	0.965970	-0.211582	-0.148780
31250	9.561908	0.539916	-1.490601	-0.009993	0.035991	0.017794	0.157272	0.025557	0.987225	-0.205145	-0.977013	0.057974	0.966013	-0.211642	-0.148414
31251	9.564088	0.542761	-1.463131	-0.005528	0.036726	0.018592	0.156881	0.025490	0.987289	-0.205230	-0.977003	0.057836	0.966059	-0.211695	-0.148042
31252	9.578638	0.582922	-1.518278	-0.012236	0.031676	0.019458	0.156539	0.025406	0.987345	-0.205369	-0.976982	0.057699	0.966085	-0.211802	-0.147718
31253	9.618412	0.560663	-1.439010	-0.027062	0.033552	0.016822	0.156181	0.025350	0.987403	-0.205659	-0.976927	0.057611	0.966081	-0.212066	-0.147364
31254	9.637672	0.580690	-1.415926	-0.032557	0.032583	0.018449	0.155831	0.025278	0.987460	-0.205983	-0.976864	0.057513	0.966068	-0.212363	-0.147019
31255	9.639901	0.549848	-1.382145	-0.037609	0.036456	0.019660	0.155440	0.025201	0.987524	-0.206379	-0.976786	0.057412	0.966047	-0.212728	-0.146631
31256	9.690591	0.560459	-1.409112	-0.025931	0.028454	0.020653	0.155125	0.025097	0.987576	-0.206654	-0.976736	0.057282	0.966038	-0.212973	-0.146330
31257	9.691028	0.592715	-1.412360	-0.022169	0.031233	0.021343	0.154781	0.024993	0.987633	-0.206904	-0.976691	0.057142	0.966040	-0.213189	-0.146002
31258	9.693069	0.595401	-1.385362	-0.029586	0.028231	0.022085	0.154464	0.024874	0.987685	-0.207228	-0.976631	0.057004	0.966021	-0.213481	-0.145700
31259	9.690630	0.584974	-1.430231	-0.033689	0.031048	0.019794	0.154125	0.024784	0.987740	-0.207586	-0.976561	0.056895	0.965999	-0.213810	-0.145368
31260	9.692651	0.587895	-1.403208	-0.022326	0.028650	0.019203	0.153811	0.024698	0.987792	-0.207802	-0.976522	0.056774	0.966002	-0.213997	-0.145067
31261	9.658717	0.586457	-1.398214	-0.028780	0.028736	0.024321	0.153484	0.024560	0.987846	-0.208119	-0.976464	0.056613	0.965986	-0.214279	-0.144760
31262	9.660821	0.521192	-1.358887	-0.040361	0.027275	0.021699	0.153178	0.024445	0.987896	-0.208530	-0.976383	0.056493	0.965946	-0.214659	-0.144463
31263	9.658410	0.476852	-1.397895	-0.010972	0.026243	0.018615	0.152887	0.024357	0.987943	-0.208666	-0.976361	0.056363	0.965963	-0.214767	-0.144191
31264	9.643031	0.530705	-1.379650	0.005192	0.026857	0.016301	0.152598	0.024292	0.987990	-0.208639	-0.976375	0.056232	0.966014	-0.214714	-0.143924
31265	9.640564	0.554264	-1.431165	-0.013539	0.027537	0.018680	0.152294	0.024207	0.988039	-0.208800	-0.976348	0.056104	0.966027	-0.214847	-0.143638
31266	9.672649	0.543450	-1.478337	-0.017123	0.028601	0.021179	0.151978	0.024100	0.988090	-0.208986	-0.976316	0.055957	0.966037	-0.215001	-0.143342
31267	9.657395	0.529410	-1.447369	-0.034903	0.028230	0.020052	0.151665	0.024002	0.988141	-0.209356	-0.976244	0.055846	0.966006	-0.215343	-0.143037
31268	9.689526	0.484787	-1.488176	-0.016051	0.030104	0.019813	0.151335	0.023912	0.988193	-0.209525	-0.976215	0.055710	0.966021	-0.215482	-0.142725
31269	9.639806	0.504987	-1.461267	0.003828	0.032209	0.017149	0.150989	0.023852	0.988248	-0.209516	-0.976225	0.055572	0.966077	-0.215444	-0.142402
31270	9.644648	0.550363	-1.392337	0.003118	0.034252	0.017033	0.150625	0.023798	0.988304	-0.209496	-0.976237	0.055436	0.966138	-0.215396	-0.142060
31271	9.605108	0.565292	-1.489349	0.006179	0.031191	0.021754	0.150280	0.023690	0.988360	-0.209471	-0.976253	0.055250	0.966198	-0.215335	-0.141749
31272	9.576855	0.580856	-1.388552	-0.006618	0.029799	0.026222	0.149940	0.023535	0.988415	-0.209575	-0.976242	0.055037	0.966228	-0.215400	-0.141445
31273	9.609011	0.501563	-1.423097	-0.010778	0.031342	0.022858	0.149591	0.023417	0.988471	-0.209716	-0.976222	0.054864	0.966251	-0.215505	-0.141123
31274	9.661360	0.549884	-1.432135	-0.013343	0.032637	0.022922	0.149230	0.023302	0.988528	-0.209869	-0.976199	0.054693	0.966274	-0.215623	-0.140788
31275	9.666045	0.526937	-1.350861	-0.004524	0.031530	0.022426	0.148880	0.023188	0.988583	-0.209948	-0.976191	0.054516	0.966311	-0.215668	-0.140468
31276	9.665132	0.486466	-1.365656	-0.011888	0.029821	0.024211	0.148545	0.023052	0.988637	-0.210107	-0.976168	0.054330	0.966328	-0.215790	-0.140161
31277	9.681658	0.530614	-1.396786	-0.008124	0.032589	0.024915	0.148179	0.022917	0.988695	-0.210224	-0.976153	0.054133	0.966358	-0.215869	-0.139828
31278	9.703438	0.490658	-1.313228	-0.040802	0.032865	0.019992	0.147823	0.022829	0.988750	-0.210653	-0.976067	0.054030	0.966320	-0.216270	-0.139476
31279	9.653333	0.409525	-1.267903	-0.041057	0.027741	0.015719	0.147523	0.022773	0.988796	-0.211075	-0.975979	0.053969	0.966273	-0.216672	-0.139173
31280	9.653647	0.374264	-1.258980	-0.003708	0.027899	0.016798	0.147221	0.022707	0.988843	-0.211130	-0.975974	0.053845	0.966307	-0.216701	-0.138890
31281	9.638421	0.462323	-1.246906	0.002378	0.024252	0.013175	0.146961	0.022669	0.988882	-0.211128	-0.975979	0.053749	0.966347	-0.216680	-0.138645
31282	9.638872	0.494836	-1.251010	0.011583	0.018822	0.015346	0.146750	0.022599	0.988915	-0.211023	-0.976009	0.053618	0.966402	-0.216552	-0.138461
31283	9.619594	0.569535	-1.311601	0.012463	0.020612	0.018660	0.146513	0.022498	0.988953	-0.210932	-0.976038	0.053454	0.966458	-0.216434	-0.138257
31284	9.600070	0.576073	-1.360225	0.015277	0.012432	0.019119	0.146356	0.022376	0.988979	-0.210808	-0.976074	0.053281	0.966509	-0.216282	-0.138137
31285	9.602839	0.548993	-1.305196	-0.013695	0.006344	0.017946	0.146258	0.022252	0.988996	-0.210968	-0.976046	0.053160	0.966489	-0.216422	-0.138060
31286	9.586909	0.501184	-1.270271	-0.013368	0.008619	0.015404	0.146146	0.022160	0.989015	-0.211093	-0.976025	0.053062	0.966479	-0.216529	-0.137964
31287	9.621560	0.499299	-1.271322	-0.003776	0.006742	0.016105	0.146049	0.022055	0.989032	-0.211155	-0.976018	0.052946	0.966480	-0.216572	-0.137889
31288	9.607037	0.489608	-1.219053	-0.012682	-0.001304	0.019647	0.146022	0.021897	0.989039	-0.211309	-0.975992	0.052806	0.966450	-0.216704	-0.137889
31289	9.602925	0.441310	-1.284974	-0.015914	-0.002075	0.011719	0.146019	0.021816	0.989041	-0.211482	-0.975957	0.052750	0.966413	-0.216867	-0.137894
31290	9.623093	0.499517	-1.247459	-0.016577	-0.006631	0.016799	0.146050	0.021676	0.989040	-0.211652	-0.975926	0.052643	0.966371	-0.217021	-0.137946
31291	9.668021	0.458819	-1.367648	-0.019198	-0.006610	0.015793	0.146082	0.021545	0.989038	-0.211863	-0.975886	0.052551	0.966320	-0.217217	-0.137995
31292	9.669334	0.462052	-1.344223	-0.022643	-0.007100	0.012539	0.146127	0.021446	0.989033	-0.212083	-0.975841	0.052494	0.966265	-0.217428	-0.138048
31293	9.680886	0.392785	-1.432514	-0.021612	-0.006868	0.010113	0.146174	0.021369	0.989028	-0.212309	-0.975793	0.052462	0.966208	-0.217648	-0.138098
31294	9.700668	0.383517	-1.382938	-0.016103	-0.005913	0.008514	0.146216	0.021309	0.989023	-0.212491	-0.975755	0.052438	0.966162	-0.217826	-0.138143
31295	9.716576	0.395511	-1.411538	-0.002640	-0.007859	0.003120	0.146288	0.021299	0.989013	-0.212523	-0.975747	0.052448	0.966144	-0.217861	-0.138213
31296	9.699188	0.378477	-1.408055	0.012217	-0.001903	0.001705	0.146305	0.021314	0.989010	-0.212422	-0.975769	0.052452	0.966163	-0.217762	-0.138233
31297	9.649303	0.467952	-1.396635	0.031217	0.002492	0.003654	0.146275	0.021321	0.989014	-0.212128	-0.975835	0.052410	0.966232	-0.217464	-0.138218
31298	9.651242	0.573052	-1.391221	0.032074	-0.003602	0.011094	0.146289	0.021243	0.989014	-0.211824	-0.975908	0.052293	0.966297	-0.217147	-0.138265
31299	9.668988	0.656722	-1.407649	-0.006424	0.001369	0.006159	0.146265	0.021223	0.989018	-0.211897	-0.975893	0.052279	0.966285	-0.217217	-0.138242
31300	9.700275	0.545015	-1.438748	-0.020648	0.004086	0.010372	0.146207	0.021169	0.989028	-0.212098	-0.975851	0.052241	0.966249	-0.217409	-0.138186
31301	9.661875	0.531711	-1.508405	-0.002864	0.004411	0.011545	0.146141	0.021103	0.989039	-0.212145	-0.975845	0.052169	0.966249	-0.217444	-0.138134
31302	9.664730	0.539105	-1.459842	0.011659	0.008082	0.012667	0.146040	0.021038	0.989055	-0.212019	-0.975878	0.052063	0.966292	-0.217302	-0.138057
31303	9.668035	0.614299	-1.423311	-0.000829	0.008988	0.014568	0.145924	0.020953	0.989074	-0.212051	-0.975876	0.051958	0.966303	-0.217316	-0.137961
31304	9.684935	0.528075	-1.408051	-0.030187	0.007250	0.010734	0.145835	0.020902	0.989088	-0.212348	-0.975813	0.051931	0.966251	-0.217605	-0.137869
31305	9.647753	0.484851	-1.447182	0.014395	0.010608	0.015807	0.145701	0.020808	0.989110	-0.212235	-0.975845	0.051792	0.966296	-0.217469	-0.137765
31306	9.617753	0.530491	-1.378614	0.009642	0.008886	0.018584	0.145577	0.020684	0.989131	-0.212156	-0.975871	0.051631	0.966332	-0.217366	-0.137677
31307	9.563725	0.537973	-1.425856	-0.007691	0.013401	0.017001	0.145414	0.020584	0.989157	-0.212257	-0.975855	0.051511	0.966334	-0.217446	-0.137534
31308	9.616696	0.489104	-1.394071	-0.019205	0.013267	0.015407	0.145254	0.020497	0.989182	-0.212493	-0.975809	0.051423	0.966306	-0.217664	-0.137385
31309	9.633839	0.436670	-1.384372	-0.028043	0.014384	0.015882	0.145084	0.020410	0.989209	-0.212790	-0.975748	0.051342	0.966267	-0.217942	-0.137222
31310	9.656307	0.401637	-1.278521	-0.030332	0.016686	0.012336	0.144899	0.020364	0.989237	-0.213089	-0.975685	0.051298	0.966229	-0.218228	-0.137036
31311	9.694471	0.345431	-1.194765	-0.038768	0.009373	0.007587	0.144794	0.020348	0.989253	-0.213476	-0.975600	0.051313	0.966159	-0.218612	-0.136917
31312	9.678304	0.298751	-1.159808	-0.021859	0.007902	0.005455	0.144708	0.020349	0.989265	-0.213694	-0.975551	0.051326	0.966123	-0.218827	-0.136822
31313	9.698907	0.391855	-1.127317	0.025505	0.004292	-0.003118	0.144675	0.020427	0.989268	-0.213445	-0.975604	0.051360	0.966183	-0.218585	-0.136786
31314	9.682611	0.510588	-1.147532	0.049013	0.002779	0.004865	0.144641	0.020421	0.989273	-0.212983	-0.975709	0.051282	0.966290	-0.218116	-0.136778
31315	9.701558	0.564800	-1.133946	0.044993	-0.005095	-0.000123	0.144692	0.020449	0.989265	-0.212550	-0.975805	0.051259	0.966378	-0.217685	-0.136845
31316	9.714058	0.631656	-1.247001	0.040173	-0.008094	0.001583	0.144771	0.020455	0.989254	-0.212148	-0.975894	0.051225	0.966455	-0.217284	-0.136941
31317	9.714452	0.698852	-1.260595	0.028687	-0.014829	0.005177	0.144905	0.020409	0.989235	-0.211881	-0.975955	0.051172	0.966493	-0.217015	-0.137096
31318	9.663526	0.652360	-1.226333	0.003534	-0.016831	0.005768	0.145058	0.020353	0.989214	-0.211864	-0.975960	0.051148	0.966474	-0.216998	-0.137259
31319	9.639003	0.579609	-1.338025	-0.008430	-0.021793	0.004580	0.145261	0.020298	0.989185	-0.211954	-0.975940	0.051152	0.966424	-0.217092	-0.137464
31320	9.572253	0.554747	-1.282232	0.008431	-0.019164	0.010314	0.145427	0.020195	0.989163	-0.211862	-0.975964	0.051074	0.966419	-0.216993	-0.137653
31321	9.572050	0.553600	-1.284243	0.003616	-0.022160	0.012025	0.145617	0.020067	0.989137	-0.211847	-0.975972	0.050987	0.966394	-0.216970	-0.137867
31322	9.619570	0.555570	-1.364418	-0.017519	-0.028276	0.013859	0.145863	0.019907	0.989104	-0.212046	-0.975933	0.050912	0.966313	-0.217161	-0.138132
31323	9.652116	0.515566	-1.386643	-0.028154	-0.026619	0.015582	0.146089	0.019734	0.989075	-0.212343	-0.975872	0.050834	0.966214	-0.217449	-0.138374
31324	9.670297	0.501467	-1.362946	-0.028161	-0.026623	0.015579	0.146316	0.019562	0.989044	-0.212631	-0.975813	0.050756	0.966116	-0.217728	-0.138618
31325	9.684363	0.474505	-1.411163	-0.043277	-0.025682	0.016477	0.146531	0.019382	0.989016	-0.213076	-0.975720	0.050691	0.965985	-0.218163	-0.138843
31326	9.770161	0.455110	-1.414715	-0.040631	-0.017828	0.013356	0.146678	0.019251	0.988997	-0.213481	-0.975633	0.050652	0.965873	-0.218562	-0.138994
31327	9.679779	0.459982	-1.486584	-0.013670	-0.016370	0.011499	0.146814	0.019140	0.988979	-0.213632	-0.975603	0.050595	0.965819	-0.218706	-0.139143
31328	9.646812	0.497691	-1.468301	-0.001333	-0.015741	0.015331	0.146936	0.018994	0.988964	-0.213662	-0.975602	0.050482	0.965794	-0.218722	-0.139292
31329	9.645564	0.526173	-1.499725	-0.014311	-0.013048	0.012454	0.147037	0.018881	0.988951	-0.213821	-0.975571	0.050417	0.965744	-0.218872	-0.139408
31330	9.661966	0.439838	-1.486476	-0.023025	-0.009370	0.015075	0.147097	0.018752	0.988944	-0.214054	-0.975524	0.050336	0.965683	-0.219092	-0.139483
31331	9.680729	0.459434	-1.467007	0.011510	-0.002392	0.014642	0.147091	0.018641	0.988947	-0.213967	-0.975550	0.050213	0.965703	-0.218988	-0.139506
31332	9.667101	0.551513	-1.433552	0.013091	-0.002657	0.018067	0.147081	0.018497	0.988952	-0.213855	-0.975582	0.050052	0.965729	-0.218854	-0.139534
31333	9.684258	0.532381	-1.431636	-0.000924	-0.000195	0.017617	0.147047	0.018362	0.988959	-0.213892	-0.975581	0.049917	0.965726	-0.218871	-0.139528
31334	9.688240	0.509602	-1.353610	-0.005405	-0.000908	0.016793	0.147023	0.018234	0.988965	-0.213961	-0.975572	0.049795	0.965715	-0.218921	-0.139530
31335	9.737826	0.417786	-1.365173	0.003895	0.002798	0.015905	0.146963	0.018123	0.988976	-0.213949	-0.975581	0.049670	0.965726	-0.218890	-0.139497
31336	9.700008	0.340028	-1.398851	0.054932	0.004708	0.014783	0.146888	0.018026	0.988989	-0.213437	-0.975703	0.049484	0.965851	-0.218356	-0.139472
31337	9.716835	0.417720	-1.438567	0.095432	0.010820	0.017517	0.146748	0.017916	0.989012	-0.212543	-0.975911	0.049215	0.966069	-0.217430	-0.139406
31338	9.753212	0.584164	-1.470524	0.068663	0.009100	0.014700	0.146632	0.017829	0.989030	-0.211900	-0.976062	0.049012	0.966228	-0.216763	-0.139344
31339	9.647988	0.643188	-1.524158	0.022782	0.016593	0.019443	0.146433	0.017713	0.989062	-0.211711	-0.976112	0.048825	0.966300	-0.216545	-0.139185
31340	9.664737	0.556103	-1.507947	-0.030367	0.019587	0.019163	0.146206	0.017607	0.989098	-0.212019	-0.976051	0.048714	0.966267	-0.216830	-0.138971
31341	9.644906	0.397794	-1.501172	-0.026594	0.022339	0.019870	0.145949	0.017499	0.989137	-0.212307	-0.975994	0.048592	0.966242	-0.217093	-0.138731
31342	9.633481	0.397076	-1.398711	-0.021438	0.027604	0.015616	0.145651	0.017442	0.989182	-0.212543	-0.975947	0.048504	0.966236	-0.217309	-0.138441
31343	9.655486	0.425229	-1.328116	0.003308	0.026000	0.016475	0.145367	0.017375	0.989225	-0.212538	-0.975955	0.048374	0.966280	-0.217280	-0.138178
31344	9.659394	0.500282	-1.290057	0.001323	0.022706	0.014519	0.145119	0.017318	0.989263	-0.212558	-0.975956	0.048266	0.966312	-0.217280	-0.137948
31345	9.646449	0.495330	-1.211806	-0.028950	0.023370	0.015248	0.144862	0.017258	0.989301	-0.212862	-0.975893	0.048193	0.966284	-0.217566	-0.137697
31346	9.625410	0.367361	-1.235303	-0.028158	0.018495	0.008558	0.144669	0.017252	0.989330	-0.213139	-0.975833	0.048184	0.966252	-0.217836	-0.137496
31347	9.638788	0.238845	-1.260933	0.038251	0.020382	0.002981	0.144468	0.017305	0.989358	-0.212776	-0.975914	0.048140	0.966362	-0.217467	-0.137306
31348	9.705677	0.260676	-1.317080	0.192788	0.019016	0.008335	0.144269	0.017302	0.989387	-0.210923	-0.976332	0.047830	0.966798	-0.215585	-0.137205
31349	9.793941	0.408255	-1.348351	0.217624	0.018306	0.005536	0.144082	0.017325	0.989414	-0.208829	-0.976797	0.047514	0.967280	-0.213464	-0.137121
31350	9.811458	0.616376	-1.436745	0.160922	0.024931	0.009774	0.143823	0.017318	0.989452	-0.207298	-0.977137	0.047234	0.967648	-0.211905	-0.136945
31351	9.788175	0.608294	-1.557045	0.115688	0.029151	0.013501	0.143514	0.017285	0.989497	-0.206200	-0.977381	0.046980	0.967928	-0.210777	-0.136704
31352	9.722801	0.746743	-1.552867	0.101039	0.028364	0.019168	0.143203	0.017195	0.989544	-0.205242	-0.977597	0.046689	0.968178	-0.209782	-0.136466
31353	9.635689	0.724681	-1.566567	-0.005020	0.033307	0.017475	0.142846	0.017131	0.989597	-0.205318	-0.977587	0.046560	0.968215	-0.209833	-0.136127
31354	9.563530	0.516431	-1.544905	-0.014984	0.043677	0.021946	0.142383	0.017046	0.989665	-0.205489	-0.977559	0.046401	0.968247	-0.209972	-0.135685
31355	9.513230	0.469184	-1.504642	-0.020844	0.040480	0.026089	0.141939	0.016914	0.989731	-0.205730	-0.977517	0.046209	0.968261	-0.210176	-0.135268
31356	9.532238	0.357172	-1.430927	-0.042173	0.047916	0.022173	0.141432	0.016836	0.989805	-0.206162	-0.977432	0.046083	0.968243	-0.210578	-0.134769
31357	9.549553	0.304479	-1.417357	-0.054303	0.051148	0.021507	0.140894	0.016771	0.989883	-0.206721	-0.977319	0.045981	0.968202	-0.211108	-0.134231
31358	9.600563	0.280573	-1.435449	-0.039550	0.055724	0.019013	0.140318	0.016738	0.989965	-0.207143	-0.977234	0.045884	0.968196	-0.211503	-0.133656
31359	9.690890	0.337280	-1.395600	-0.041828	0.058020	0.015454	0.139726	0.016748	0.990049	-0.207572	-0.977146	0.045824	0.968189	-0.211909	-0.133056
31360	9.674268	0.319707	-1.385831	-0.031128	0.058859	0.015869	0.139126	0.016754	0.990133	-0.207897	-0.977080	0.045745	0.968206	-0.212210	-0.132454
31361	9.658672	0.370087	-1.388529	-0.025287	0.062043	0.011729	0.138502	0.016809	0.990219	-0.208161	-0.977026	0.045700	0.968239	-0.212455	-0.131821
31362	9.623894	0.365907	-1.404589	-0.044442	0.065890	0.010263	0.137846	0.016882	0.990310	-0.208643	-0.976924	0.045696	0.968229	-0.212920	-0.131142
31363	9.678233	0.322624	-1.342826	-0.059656	0.070918	0.003772	0.137153	0.017034	0.990403	-0.209229	-0.976795	0.045774	0.968201	-0.213499	-0.130406
31364	9.695526	0.335208	-1.363533	-0.052269	0.073833	0.003065	0.136434	0.017201	0.990500	-0.209714	-0.976687	0.045847	0.968197	-0.213977	-0.129646
31365	9.748631	0.287930	-1.325191	-0.030644	0.073967	-0.001784	0.135723	0.017414	0.990594	-0.210011	-0.976619	0.045942	0.968233	-0.214271	-0.128893
31366	9.737815	0.357390	-1.230355	-0.011464	0.077968	-0.004450	0.134980	0.017663	0.990691	-0.210095	-0.976596	0.046037	0.968318	-0.214353	-0.128111
31367	9.735912	0.379059	-1.300628	-0.019611	0.083654	-0.009108	0.134191	0.017969	0.990793	-0.210275	-0.976550	0.046190	0.968389	-0.214537	-0.127266
31368	9.734204	0.337783	-1.333987	-0.017131	0.087642	-0.015435	0.133377	0.018347	0.990896	-0.210389	-0.976516	0.046399	0.968477	-0.214662	-0.126385
31369	9.719408	0.425114	-1.340252	-0.021373	0.086651	-0.020961	0.132583	0.018775	0.990994	-0.210571	-0.976464	0.046672	0.968546	-0.214863	-0.125509
31370	9.734846	0.367712	-1.370486	-0.068475	0.098009	-0.021478	0.131683	0.019233	0.991105	-0.211195	-0.976313	0.047007	0.968533	-0.215507	-0.124502
31371	9.819431	0.245838	-1.366235	-0.068585	0.103290	-0.027772	0.130743	0.019765	0.991219	-0.211826	-0.976157	0.047405	0.968523	-0.216164	-0.123439
31372	9.887227	0.205259	-1.400117	-0.035734	0.110386	-0.031432	0.129744	0.020348	0.991339	-0.212122	-0.976074	0.047797	0.968592	-0.216486	-0.122323
31373	9.927881	0.386342	-1.372763	0.008656	0.118855	-0.032331	0.128663	0.020958	0.991467	-0.211999	-0.976083	0.048144	0.968763	-0.216385	-0.121142
31374	9.895011	0.454281	-1.395660	-0.029817	0.125191	-0.036560	0.127530	0.021623	0.991599	-0.212238	-0.976010	0.048579	0.968861	-0.216651	-0.119881
31375	9.807609	0.337306	-1.382458	-0.028131	0.129926	-0.044086	0.126367	0.022372	0.991731	-0.212458	-0.975937	0.049087	0.968965	-0.216904	-0.118573
31376	9.700710	0.225266	-1.443314	0.002789	0.141607	-0.053785	0.125112	0.023242	0.991870	-0.212343	-0.975933	0.049653	0.969153	-0.216829	-0.117165
31377	9.652880	0.257098	-1.382632	0.031173	0.149279	-0.057166	0.123788	0.024161	0.992014	-0.211973	-0.975984	0.050222	0.969404	-0.216497	-0.115694
31378	9.704557	0.171673	-1.378129	0.064774	0.158153	-0.057411	0.122380	0.025100	0.992166	-0.211279	-0.976107	0.050754	0.969734	-0.215835	-0.114153
31379	9.684354	0.070065	-1.466635	0.134653	0.166741	-0.068900	0.120909	0.026168	0.992319	-0.209892	-0.976377	0.051322	0.970220	-0.214485	-0.112560
31380	9.655330	0.249594	-1.456534	0.177172	0.172875	-0.075256	0.119392	0.027312	0.992472	-0.208043	-0.976741	0.051906	0.970806	-0.212674	-0.110933
31381	9.609321	0.417408	-1.418859	0.139635	0.180539	-0.081116	0.117808	0.028524	0.992627	-0.206594	-0.977012	0.052595	0.971308	-0.211267	-0.109207
31382	9.649703	0.479456	-1.288722	0.073473	0.188606	-0.083230	0.116151	0.029772	0.992785	-0.205777	-0.977142	0.053378	0.971681	-0.210492	-0.107369
31383	9.617419	0.457837	-1.239348	0.050845	0.196881	-0.084086	0.114412	0.031045	0.992948	-0.205189	-0.977221	0.054196	0.972012	-0.209943	-0.105435
31384	9.657581	0.526115	-1.083462	-0.009435	0.199015	-0.087254	0.112661	0.032354	0.993107	-0.205159	-0.977176	0.055108	0.972223	-0.209953	-0.103452
31385	9.639673	0.407815	-1.089542	-0.054340	0.199883	-0.095798	0.110915	0.033747	0.993257	-0.205583	-0.977027	0.056153	0.972334	-0.210425	-0.101430
31386	9.571674	0.350762	-1.056291	0.001349	0.203132	-0.103487	0.109156	0.035225	0.993400	-0.205410	-0.977002	0.057214	0.972570	-0.210300	-0.099410
31387	9.626861	0.395199	-0.944842	-0.027306	0.199255	-0.107782	0.107441	0.036735	0.993533	-0.205562	-0.976903	0.058349	0.972728	-0.210502	-0.097409
31388	9.627978	0.371959	-0.919209	-0.005830	0.200666	-0.111318	0.105721	0.038282	0.993659	-0.205479	-0.976851	0.059496	0.972934	-0.210466	-0.095407
31389	9.648377	0.426515	-0.759502	0.018928	0.194965	-0.117851	0.104067	0.039880	0.993770	-0.205175	-0.976842	0.060687	0.973177	-0.210213	-0.093474
31390	9.650025	0.510454	-0.729757	-0.012649	0.186271	-0.122844	0.102510	0.041511	0.993865	-0.205131	-0.976772	0.061954	0.973351	-0.210224	-0.091614
31391	9.703055	0.523016	-0.613201	-0.009551	0.179054	-0.125933	0.101027	0.043155	0.993947	-0.205100	-0.976695	0.063252	0.973513	-0.210249	-0.089821
31392	9.668630	0.472535	-0.559391	-0.041851	0.169812	-0.133242	0.099649	0.044851	0.994011	-0.205342	-0.976553	0.064648	0.973604	-0.210554	-0.088103
31393	9.686211	0.477937	-0.492226	-0.023305	0.158906	-0.143628	0.098399	0.046625	0.994054	-0.205430	-0.976435	0.066134	0.973713	-0.210716	-0.086502
31394	9.721405	0.645244	-0.406524	0.011262	0.147529	-0.141682	0.097256	0.048357	0.994084	-0.205159	-0.976394	0.067568	0.973885	-0.210516	-0.085039
31395	9.738544	0.804611	-0.270827	-0.017187	0.133225	-0.144054	0.096255	0.050081	0.994096	-0.205191	-0.976283	0.069052	0.973977	-0.210626	-0.083696
31396	9.668499	0.759631	-0.197928	-0.051430	0.116971	-0.141355	0.095410	0.051745	0.994092	-0.205546	-0.976102	0.070536	0.973986	-0.211061	-0.082494
31397	9.581452	0.611839	-0.207267	-0.052496	0.097491	-0.144285	0.094758	0.053396	0.994067	-0.205924	-0.975912	0.072050	0.973969	-0.211530	-0.081480
31398	9.563609	0.507341	-0.176720	-0.020819	0.080363	-0.154472	0.094296	0.055111	0.994018	-0.205956	-0.975787	0.073638	0.974007	-0.211668	-0.080662
31399	9.597637	0.454595	-0.157499	0.036083	0.057711	-0.160335	0.094065	0.056835	0.993942	-0.205458	-0.975769	0.075240	0.974135	-0.211291	-0.080109
31400	9.543488	0.653701	-0.013703	0.023362	0.031949	-0.165781	0.094098	0.058557	0.993839	-0.205063	-0.975723	0.076905	0.974215	-0.211037	-0.079806
31401	9.542427	0.640207	0.018243	-0.011778	0.003944	-0.170231	0.094410	0.060264	0.993708	-0.205022	-0.975593	0.078644	0.974193	-0.211157	-0.079751
31402	9.609854	0.724887	0.005436	-0.051655	-0.022018	-0.168841	0.094973	0.061900	0.993553	-0.205357	-0.975379	0.080398	0.974068	-0.211669	-0.079923
31403	9.695417	0.716130	-0.041765	-0.079792	-0.044237	-0.167049	0.095749	0.063473	0.993380	-0.205979	-0.975101	0.082159	0.973861	-0.212482	-0.080291
31404	9.815129	0.742082	-0.097299	-0.048944	-0.066662	-0.168485	0.096747	0.065012	0.993184	-0.206261	-0.974893	0.083906	0.973703	-0.212972	-0.080908
31405	9.846681	0.869886	-0.075005	-0.067142	-0.090976	-0.170400	0.097986	0.066516	0.992962	-0.206752	-0.974634	0.085690	0.973474	-0.213694	-0.081748
31406	9.862882	0.877652	-0.231570	-0.091933	-0.114028	-0.166340	0.099441	0.067929	0.992722	-0.207481	-0.974322	0.087453	0.973172	-0.214667	-0.082794
31407	9.773956	0.943703	-0.252318	-0.061878	-0.131852	-0.165898	0.101070	0.069299	0.992463	-0.207921	-0.974071	0.089189	0.972910	-0.215368	-0.084041
31408	9.738746	0.890740	-0.451816	-0.069709	-0.154886	-0.162472	0.102916	0.070583	0.992183	-0.208430	-0.973804	0.090895	0.972608	-0.216155	-0.085508
31409	9.873131	0.955800	-0.797202	-0.030205	-0.151511	-0.167868	0.104741	0.071927	0.991895	-0.208553	-0.973615	0.092624	0.972386	-0.216564	-0.086977
31410	9.973947	0.962280	-0.883450	-0.070646	-0.138350	-0.170001	0.106441	0.073318	0.991612	-0.209049	-0.973338	0.094406	0.972095	-0.217344	-0.088276
31411	9.834674	0.878936	-1.051333	-0.058044	-0.121785	-0.176766	0.107996	0.074811	0.991333	-0.209427	-0.973076	0.096248	0.971842	-0.218006	-0.089421
31412	9.914786	0.996748	-1.204784	0.002913	-0.119859	-0.184081	0.109547	0.076378	0.991043	-0.209178	-0.972944	0.098105	0.971722	-0.218051	-0.090606
31413	10.081191	1.117788	-1.258754	-0.030761	-0.098174	-0.188322	0.110896	0.078033	0.990764	-0.209273	-0.972727	0.100036	0.971549	-0.218434	-0.091542
31414	10.061990	1.069069	-1.354252	-0.082745	-0.083012	-0.190082	0.112102	0.079736	0.990492	-0.209855	-0.972394	0.102030	0.971285	-0.219297	-0.092274
31415	10.099728	0.861006	-1.469345	-0.101009	-0.064635	-0.186352	0.113123	0.081443	0.990237	-0.210629	-0.972017	0.104007	0.970999	-0.220338	-0.092803
31416	9.980556	0.753653	-1.476548	-0.041572	-0.048238	-0.185477	0.113985	0.083176	0.989994	-0.210828	-0.971768	0.105919	0.970855	-0.220792	-0.093232
31417	9.886927	0.939505	-1.410460	-0.039655	-0.041470	-0.185038	0.114780	0.084919	0.989755	-0.211005	-0.971520	0.107825	0.970723	-0.221219	-0.093593
31418	9.764679	0.941533	-1.384902	-0.084401	-0.023369	-0.187282	0.115406	0.086723	0.989525	-0.211612	-0.971167	0.109794	0.970516	-0.222066	-0.093727
31419	9.631564	0.790362	-1.330909	-0.134943	-0.015043	-0.190844	0.115958	0.088580	0.989296	-0.212704	-0.970694	0.111846	0.970212	-0.223397	-0.093719
31420	9.473157	0.425581	-1.289163	-0.144663	-0.010070	-0.193376	0.116473	0.090471	0.989065	-0.213877	-0.970194	0.113931	0.969892	-0.224808	-0.093652
31421	9.470666	0.083816	-1.252876	-0.070496	-0.014877	-0.201866	0.117051	0.092433	0.988815	-0.214328	-0.969846	0.116031	0.969723	-0.225512	-0.093711
31422	9.617829	-0.086562	-1.172843	0.062509	-0.016764	-0.203380	0.117650	0.094405	0.988558	-0.213447	-0.969800	0.118017	0.969845	-0.224890	-0.093946
31423	9.766155	0.137331	-0.937651	0.199054	-0.018261	-0.206307	0.118267	0.096403	0.988291	-0.211276	-0.970044	0.119906	0.970245	-0.222983	-0.094356
31424	9.948242	0.363321	-0.702785	0.396169	0.008253	-0.210676	0.118631	0.098501	0.988041	-0.207182	-0.970710	0.121649	0.971083	-0.219135	-0.094748
31425	9.574406	0.639461	-0.424648	0.411110	0.051889	-0.207256	0.118553	0.100664	0.987832	-0.202945	-0.971391	0.123344	0.971987	-0.215098	-0.094732
31426	9.116094	0.470307	-0.440777	0.352066	-0.019221	-0.177548	0.119099	0.102384	0.987589	-0.199297	-0.971960	0.124798	0.972675	-0.211687	-0.095355
31427	9.008814	0.240322	-0.304332	0.478154	-0.124603	-0.141539	0.120591	0.103537	0.987288	-0.194478	-0.972810	0.125773	0.973466	-0.207173	-0.097177
31428	9.221958	0.498720	-0.097053	0.307431	-0.249719	-0.090898	0.123197	0.103942	0.986924	-0.191362	-0.973347	0.126400	0.973757	-0.204431	-0.100023
31429	9.472386	0.442751	0.208382	0.166524	-0.339430	-0.032471	0.126565	0.103604	0.986533	-0.189703	-0.973647	0.126588	0.973650	-0.203170	-0.103576
31430	9.746551	0.198889	0.194139	-0.213393	-0.382814	0.029494	0.130236	0.102568	0.986163	-0.191828	-0.973234	0.126557	0.972749	-0.205656	-0.107075
31431	9.754932	-0.241041	0.187517	-0.435195	-0.437244	0.093337	0.134306	0.100788	0.985801	-0.196184	-0.972419	0.126148	0.971326	-0.210341	-0.110829
31432	9.772965	-0.221996	0.208737	-0.570329	-0.504498	0.139411	0.138926	0.098390	0.985403	-0.201919	-0.971334	0.125453	0.969499	-0.216400	-0.115077
31433	9.912823	-0.269003	0.134384	-0.662129	-0.525607	0.166945	0.143675	0.095651	0.984992	-0.208569	-0.970035	0.124622	0.967397	-0.223344	-0.119420
31434	10.077119	-0.189416	-0.017127	-0.617725	-0.555580	0.198638	0.148622	0.092501	0.984558	-0.214811	-0.968822	0.123449	0.965281	-0.229841	-0.124118
31435	10.560536	0.353250	-0.233318	-0.549652	-0.536656	0.190843	0.153383	0.089441	0.984111	-0.220401	-0.967711	0.122303	0.963274	-0.235658	-0.128718
31436	10.379631	0.584146	-0.542435	-0.592665	-0.526062	0.145982	0.158122	0.086807	0.983596	-0.226331	-0.966421	0.121676	0.961130	-0.241858	-0.133165
31437	10.259214	0.356513	-1.051377	-0.479390	-0.559151	0.140512	0.163171	0.084121	0.983005	-0.231161	-0.965364	0.120982	0.959135	-0.246973	-0.138074
31438	9.976219	0.575411	-1.227720	-0.275322	-0.585763	0.142285	0.168455	0.081325	0.982349	-0.234025	-0.964796	0.120003	0.957526	-0.250109	-0.143493
31439	9.842577	0.946650	-1.113059	-0.142214	-0.602091	0.188764	0.173776	0.078030	0.981689	-0.235710	-0.964585	0.118395	0.956161	-0.251968	-0.149229
31440	9.908837	1.412443	-1.098989	-0.081696	-0.599465	0.241853	0.178933	0.074216	0.981058	-0.236910	-0.964560	0.116178	0.954912	-0.253210	-0.155009
31441	9.914345	1.331231	-1.073646	-0.164465	-0.579465	0.260602	0.183845	0.070267	0.980440	-0.238953	-0.964326	0.113919	0.953469	-0.255222	-0.160496
31442	10.050648	0.806898	-1.140221	-0.130205	-0.549021	0.241465	0.188498	0.066565	0.979815	-0.240647	-0.964153	0.111797	0.952133	-0.256863	-0.165722
31443	10.043964	0.199699	-1.257970	0.006855	-0.525802	0.215501	0.192986	0.063173	0.979166	-0.240993	-0.964306	0.109712	0.951146	-0.257145	-0.170873
