// General information: 
//  MT Manager version: 2022.2.0 
//  XDA version: 2022.2.0 build 7381 rev 124627 built on 2023-07-19
// Device information: 
//  DeviceId: 00B4CB9F
//  ProductCode: MTW2-3A7G6
//  Firmware Version: 4.6.0
//  Hardware Version: 2.0.0
// Device settings: 
//  Filter Profile: human(46.1)
//  Option Flags: Orientation Smoother Disabled, Position/Velocity Smoother Disabled, Continuous Zero Rotation Update Disabled, AHS Disabled, ICC Disabled
// Coordinate system: ENU
PacketCounter	Acc_X	Acc_Y	Acc_Z	Gyr_X	Gyr_Y	Gyr_Z	Mat[1][1]	Mat[2][1]	Mat[3][1]	Mat[1][2]	Mat[2][2]	Mat[3][2]	Mat[1][3]	Mat[2][3]	Mat[3][3]
04113	10.170311	1.437540	-0.207951	-0.106633	0.188642	0.153868	-0.027219	0.089846	0.995584	0.671498	-0.736139	0.084791	0.740506	0.670840	-0.040294
04114	10.239191	1.440673	0.369364	-0.273048	0.225162	0.131146	-0.027948	0.087377	0.995783	0.669548	-0.738055	0.083554	0.742243	0.669059	-0.037876
04115	10.601014	1.481139	1.689306	-0.480101	0.261014	0.098211	-0.029164	0.084921	0.995961	0.666044	-0.741312	0.082712	0.745342	0.665766	-0.034942
04116	10.803081	1.481078	3.131204	-0.705662	0.378609	0.030209	-0.031735	0.082191	0.996111	0.660815	-0.745989	0.082606	0.749877	0.660867	-0.030640
04117	10.702140	1.383536	4.256266	-0.866448	0.538137	-0.043341	-0.036000	0.078987	0.996225	0.654320	-0.751623	0.083238	0.755361	0.654846	-0.024624
04118	10.098964	1.155724	4.863058	-0.971645	0.663280	-0.092480	-0.041575	0.075366	0.996289	0.646954	-0.757852	0.084327	0.761395	0.648059	-0.017250
04119	10.445132	0.806266	5.984555	-1.039816	0.785356	-0.130053	-0.048346	0.071305	0.996282	0.638987	-0.764427	0.085719	0.767697	0.640755	-0.008606
04120	10.101226	0.197129	6.390479	-1.049627	0.952970	-0.125954	-0.056439	0.066199	0.996209	0.630869	-0.770999	0.086975	0.773834	0.633386	0.001752
04121	10.130502	-0.435886	7.128179	-1.013499	1.100942	-0.089570	-0.065481	0.059967	0.996050	0.622985	-0.777296	0.087753	0.779488	0.626271	0.013540
04122	10.379401	-0.991654	7.544778	-0.895605	1.293728	-0.013650	-0.075631	0.052006	0.995779	0.616012	-0.782843	0.087672	0.784098	0.620043	0.027171
04123	10.199257	-1.077364	7.438116	-0.688003	1.471622	0.057893	-0.086767	0.042469	0.995323	0.610698	-0.787090	0.086821	0.787096	0.615375	0.042358
04124	10.388369	-0.853704	7.077367	-0.456636	1.642741	0.099627	-0.099057	0.031589	0.994580	0.607231	-0.789904	0.085566	0.788326	0.612416	0.059064
04125	10.651567	-0.511372	5.658692	-0.147822	1.720222	0.131086	-0.111744	0.020030	0.993535	0.606249	-0.790812	0.084129	0.787385	0.611731	0.076225
04126	11.117083	-0.122259	4.056406	0.134290	1.725291	0.132815	-0.124448	0.008404	0.992191	0.607499	-0.789984	0.082888	0.784511	0.613070	0.093206
04127	11.557409	0.180640	1.970860	0.380216	1.619365	0.093295	-0.136478	-0.002278	0.990640	0.610640	-0.787618	0.082316	0.780059	0.616159	0.108883
04128	12.571081	1.219533	1.023161	0.623656	1.459242	-0.004147	-0.147794	-0.011281	0.988954	0.615518	-0.783735	0.083045	0.774141	0.620993	0.122775
04129	12.617021	1.609587	-0.882564	0.803172	1.369685	-0.131765	-0.159094	-0.018791	0.987085	0.621551	-0.778710	0.085355	0.767049	0.627103	0.135568
04130	12.509186	2.324613	-2.607142	1.021687	1.204520	-0.297823	-0.170104	-0.024100	0.985131	0.628897	-0.772297	0.089699	0.758652	0.634805	0.146527
04131	11.796291	2.407038	-3.314832	1.158695	1.094225	-0.458156	-0.181185	-0.027563	0.983063	0.636875	-0.764975	0.095932	0.749374	0.643470	0.156156
04132	10.840316	2.250367	-4.213148	1.266967	0.991107	-0.535616	-0.191954	-0.029925	0.980948	0.645350	-0.756885	0.103194	0.739376	0.652863	0.164599
04133	10.272250	2.146155	-5.194380	1.282466	0.927053	-0.549079	-0.202259	-0.031876	0.978813	0.653730	-0.748586	0.110706	0.729197	0.662271	0.172247
04134	10.143297	2.236718	-6.035105	1.147789	1.001185	-0.537535	-0.212999	-0.034551	0.976441	0.660971	-0.741082	0.117960	0.719548	0.670525	0.180687
04135	9.220723	2.481547	-5.416049	0.916934	1.008132	-0.587794	-0.224044	-0.036992	0.973877	0.666292	-0.735078	0.125361	0.711238	0.676972	0.189337
04136	9.617344	2.848490	-4.150056	0.640634	1.045435	-0.666825	-0.235847	-0.039204	0.970999	0.669336	-0.730947	0.133064	0.704532	0.681308	0.198632
04137	8.818891	3.243596	-3.726576	0.314050	1.094691	-0.745289	-0.248457	-0.041218	0.967766	0.669782	-0.729067	0.140903	0.699758	0.683200	0.208748
04138	8.420136	3.086749	-3.584958	0.004406	0.991117	-0.774672	-0.260508	-0.042333	0.964543	0.667885	-0.729325	0.148376	0.697184	0.682857	0.218268
04139	8.174220	2.577443	-3.455293	-0.290766	0.913878	-0.737150	-0.271719	-0.043164	0.961408	0.663943	-0.731585	0.154802	0.696670	0.680383	0.227443
04140	7.712887	2.004927	-3.071727	-0.535000	0.862878	-0.654866	-0.282010	-0.044202	0.958393	0.658444	-0.735463	0.159828	0.697798	0.676121	0.236513
04141	7.379512	1.408468	-2.766773	-0.713628	0.792426	-0.610189	-0.291480	-0.045022	0.955517	0.651753	-0.740504	0.163926	0.700184	0.670542	0.245185
04142	6.955152	0.934277	-2.611305	-0.824893	0.664991	-0.616302	-0.300082	-0.044866	0.952858	0.644186	-0.746250	0.167735	0.703544	0.664152	0.252838
04143	6.477926	0.887750	-2.489686	-0.864356	0.451827	-0.635493	-0.307272	-0.043079	0.950646	0.636205	-0.752206	0.171551	0.707691	0.657519	0.258539
04144	6.031814	1.003928	-2.461154	-0.847488	0.137133	-0.630135	-0.312169	-0.039204	0.949217	0.628282	-0.757974	0.175318	0.712609	0.651105	0.261247
04145	6.699818	1.240452	-2.001222	-0.816166	-0.157912	-0.601511	-0.314729	-0.033594	0.948587	0.620607	-0.763448	0.178872	0.718187	0.644996	0.261128
04146	7.064896	0.908781	-1.303608	-0.876268	-0.281689	-0.579879	-0.316209	-0.027328	0.948296	0.612505	-0.769212	0.182072	0.724465	0.638409	0.259970
04147	7.320089	-0.071125	-0.690249	-0.774764	-0.361808	-0.518731	-0.316669	-0.021016	0.948303	0.605278	-0.774227	0.184963	0.730315	0.632559	0.257894
04148	6.828572	-0.890737	-1.196798	-0.541532	-0.392114	-0.406203	-0.316178	-0.015377	0.948575	0.600075	-0.777681	0.187410	0.734807	0.628471	0.255113
04149	6.355218	-0.902819	-1.638041	-0.282558	-0.536432	-0.283935	-0.313860	-0.009792	0.949419	0.597150	-0.779457	0.189367	0.738176	0.626380	0.250487
04150	7.185299	-0.468642	-0.075611	-0.165650	-0.617238	-0.279413	-0.310890	-0.003735	0.950439	0.595102	-0.780478	0.191592	0.741081	0.625172	0.244866
04151	8.203070	0.249092	1.574630	-0.141607	-0.582939	-0.372924	-0.308711	0.002826	0.951152	0.592946	-0.781332	0.194771	0.743716	0.624109	0.239530
04152	9.061039	1.451896	2.551598	-0.016940	-0.557124	-0.565391	-0.307837	0.010735	0.951378	0.591128	-0.781366	0.200088	0.745523	0.623981	0.234188
04153	10.189006	2.453268	3.875553	0.151281	-0.597084	-0.822855	-0.308175	0.020897	0.951100	0.589772	-0.780259	0.208241	0.746457	0.625107	0.228131
04154	10.939644	3.123070	5.485440	0.316632	-0.572300	-1.049511	-0.310017	0.032672	0.950169	0.588943	-0.777963	0.218908	0.746349	0.627461	0.221939
04155	11.349996	3.698372	7.955764	0.518946	-0.573672	-1.123922	-0.312294	0.045015	0.948918	0.589366	-0.774229	0.230691	0.745064	0.631303	0.215257
04156	11.482445	4.793399	9.839398	0.814939	-0.435495	-1.058431	-0.315241	0.055954	0.947361	0.592153	-0.768493	0.242433	0.741605	0.637407	0.209127
04157	10.110286	5.182397	9.423765	0.897268	-0.263031	-0.902038	-0.318589	0.064554	0.945692	0.595978	-0.762169	0.252802	0.737096	0.644152	0.204346
04158	7.948102	3.593381	8.419662	0.641425	-0.228802	-0.668639	-0.320838	0.071125	0.944460	0.598607	-0.757537	0.260398	0.733984	0.648906	0.200471
04159	6.615771	2.125716	6.970681	0.333765	-0.217503	-0.444291	-0.321838	0.075909	0.943747	0.599677	-0.755010	0.265231	0.732672	0.651305	0.197470
04160	5.302167	2.058928	4.937934	0.129689	-0.340077	-0.228942	-0.320662	0.079862	0.943821	0.599939	-0.753956	0.267625	0.732973	0.652052	0.193853
04161	6.337861	3.842391	4.586731	-0.145248	-0.775762	-0.003567	-0.314918	0.084951	0.945310	0.598911	-0.754868	0.267357	0.736297	0.650351	0.186843
04162	9.782810	8.258264	6.265631	-0.739709	-1.106807	0.113740	-0.305992	0.091259	0.947650	0.593835	-0.759726	0.264909	0.744130	0.643808	0.178278
04163	13.689296	8.482603	7.901071	-1.948876	-1.286261	0.182563	-0.295184	0.098048	0.950396	0.579782	-0.772260	0.259745	0.759421	0.627695	0.171112
04164	15.174831	2.496396	8.896900	-3.177255	-1.036506	0.446591	-0.284616	0.100932	0.953314	0.556657	-0.792212	0.250067	0.780466	0.601842	0.169292
04165	13.055179	-3.136372	6.810742	-3.424395	-0.667813	0.745887	-0.275207	0.098875	0.956287	0.531716	-0.813060	0.237087	0.800961	0.573721	0.171187
04166	10.800094	-4.190084	3.590747	-2.665373	-0.469648	0.725861	-0.267573	0.095553	0.958788	0.512181	-0.828739	0.225529	0.816134	0.551418	0.172808
04167	8.850744	-3.499966	0.435544	-1.433598	-0.470706	0.353215	-0.261853	0.095179	0.960403	0.501407	-0.836867	0.219645	0.824636	0.539068	0.171413
04168	8.601107	-2.379819	-1.122367	-0.350589	-0.597207	-0.009728	-0.256917	0.098457	0.961405	0.498533	-0.838721	0.219116	0.827924	0.535587	0.166397
04169	9.776042	-1.784903	-1.803961	0.400267	-0.543096	-0.140925	-0.253058	0.102554	0.962000	0.501539	-0.836406	0.221097	0.827297	0.538431	0.160224
04170	9.764926	-1.421464	-2.901791	1.044531	-0.322592	-0.108128	-0.250888	0.105192	0.962284	0.509934	-0.830605	0.223748	0.822814	0.546837	0.154748
04171	9.693827	-0.388466	-3.013744	1.507424	-0.287771	-0.051665	-0.248728	0.107213	0.962621	0.522207	-0.822190	0.226503	0.815742	0.559025	0.148515
04172	10.450872	0.887998	-2.042113	1.607082	-0.271690	-0.022323	-0.246581	0.108919	0.962982	0.535248	-0.813057	0.229017	0.807903	0.571905	0.142185
04173	10.774738	2.046338	-0.558287	1.367683	-0.247211	0.023033	-0.244398	0.110165	0.963397	0.546358	-0.805160	0.230673	0.801100	0.582736	0.136591
04174	10.495153	2.221378	0.223029	0.944592	-0.228579	0.080020	-0.242069	0.110853	0.963906	0.554147	-0.799686	0.231133	0.796444	0.590096	0.132150
04175	9.789858	1.546445	0.332861	0.633874	-0.272139	0.074317	-0.239423	0.111879	0.964448	0.559416	-0.795987	0.231211	0.793556	0.594885	0.127991
04176	10.432172	1.592091	1.043494	0.558802	-0.317626	0.022522	-0.236716	0.113587	0.964916	0.563946	-0.792653	0.231658	0.791158	0.598998	0.123577
04177	9.975827	2.621175	0.761698	0.600021	-0.292122	-0.063036	-0.234697	0.115849	0.965141	0.568586	-0.788947	0.232965	0.788433	0.603442	0.119293
04178	9.413971	3.847233	0.788707	0.599874	-0.310882	-0.114207	-0.232837	0.118623	0.965254	0.573089	-0.785156	0.234730	0.785720	0.607831	0.114832
04179	9.181983	4.705847	1.122692	0.506510	-0.379705	-0.096192	-0.230342	0.121699	0.965470	0.576890	-0.781926	0.236197	0.783671	0.611376	0.109904
04180	8.618134	4.780199	0.890945	0.323221	-0.373845	-0.055004	-0.227669	0.124412	0.965758	0.579344	-0.779855	0.237039	0.782642	0.613472	0.105471
04181	8.513024	4.025329	0.698488	0.156098	-0.400327	0.011502	-0.224400	0.126788	0.966214	0.580640	-0.778884	0.237058	0.782625	0.614219	0.101163
04182	9.018059	3.105668	0.705011	0.014266	-0.383177	0.063270	-0.220969	0.128645	0.966759	0.580940	-0.778853	0.236424	0.783378	0.613872	0.097368
04183	9.527382	2.072491	0.436373	-0.063057	-0.322925	0.107331	-0.217746	0.129797	0.967336	0.580730	-0.779352	0.235295	0.784436	0.612996	0.094323
04184	9.610609	1.347864	0.095843	-0.037573	-0.306231	0.135449	-0.214493	0.130615	0.967953	0.580775	-0.779734	0.233913	0.785298	0.612336	0.091389
04185	9.598803	1.060312	-0.278052	0.036215	-0.340385	0.134418	-0.210969	0.131658	0.968586	0.581394	-0.779662	0.232612	0.785794	0.612204	0.087939
04186	9.480073	1.212043	-0.654981	0.126337	-0.381919	0.101116	-0.207314	0.133206	0.969163	0.582646	-0.778997	0.231703	0.785840	0.612714	0.083885
04187	9.319821	1.365503	-1.423095	0.223611	-0.460271	0.068168	-0.203231	0.135506	0.969709	0.584591	-0.777691	0.231192	0.785462	0.613869	0.078835
04188	10.081196	1.733870	-1.123593	0.216933	-0.551681	0.076196	-0.198386	0.138301	0.970317	0.586496	-0.776438	0.230579	0.785281	0.614830	0.072922
04189	10.130761	2.032575	-0.735557	0.096086	-0.534929	0.089856	-0.193587	0.140900	0.970912	0.587474	-0.775946	0.229741	0.785747	0.614861	0.067438
04190	9.830768	2.425418	-0.239570	-0.002108	-0.590258	0.104889	-0.188262	0.143712	0.971548	0.587706	-0.776084	0.228681	0.786867	0.614036	0.061647
04191	9.438936	2.899817	0.700162	-0.148905	-0.628568	0.104850	-0.182624	0.146758	0.972168	0.586775	-0.777123	0.227541	0.788888	0.611998	0.055807
04192	9.394674	2.726930	1.268377	-0.283418	-0.642691	0.073769	-0.177045	0.150106	0.972689	0.584715	-0.778939	0.226634	0.791684	0.608870	0.050138
04193	9.433271	2.060506	1.331756	-0.343147	-0.624667	0.030394	-0.171843	0.153668	0.973065	0.582094	-0.781042	0.226141	0.794756	0.605276	0.044767
04194	9.862223	1.444627	1.452614	-0.271145	-0.604664	0.008315	-0.166913	0.157252	0.973351	0.579997	-0.782669	0.225905	0.797336	0.602247	0.039432
04195	9.937467	1.353194	1.492420	-0.137490	-0.551942	0.021053	-0.162316	0.160413	0.973613	0.578981	-0.783504	0.225615	0.799021	0.600324	0.034299
04196	9.843628	1.494514	1.571984	0.007623	-0.521795	0.033088	-0.157885	0.163280	0.973864	0.579142	-0.783489	0.225253	0.799792	0.599570	0.029139
04197	10.000883	2.002981	2.250416	0.063924	-0.434236	0.005844	-0.154308	0.165844	0.974005	0.579710	-0.783091	0.225178	0.800078	0.599387	0.024696
04198	9.961072	2.229504	2.941590	0.086055	-0.319135	-0.048606	-0.151970	0.168133	0.973980	0.580371	-0.782472	0.225629	0.800047	0.599558	0.021333
04199	9.679826	2.432378	3.352736	0.080437	-0.159747	-0.088648	-0.151137	0.169791	0.973822	0.580927	-0.781815	0.226473	0.799801	0.599947	0.019525
04200	9.003337	2.616183	2.547358	0.130256	-0.103875	-0.116571	-0.150919	0.171319	0.973588	0.581838	-0.780812	0.227589	0.799180	0.600818	0.018160
04201	8.749699	2.615049	1.602662	0.156251	-0.149514	-0.122773	-0.150370	0.173182	0.973343	0.582948	-0.779636	0.228776	0.798474	0.601810	0.016278
04202	8.838233	2.198415	0.521610	0.209404	-0.204831	-0.112660	-0.149330	0.175287	0.973126	0.584496	-0.778157	0.229861	0.797537	0.603113	0.013748
04203	9.266055	1.991659	-0.221443	0.292382	-0.230485	-0.084124	-0.147916	0.177340	0.972970	0.586747	-0.776218	0.230680	0.796146	0.605009	0.010761
04204	9.438804	1.854124	-0.881797	0.351062	-0.219902	-0.055184	-0.146429	0.179094	0.972874	0.589503	-0.773970	0.231206	0.794383	0.607368	0.007755
04205	9.671472	2.109917	-1.017118	0.359235	-0.197661	-0.027159	-0.144952	0.180515	0.972833	0.592361	-0.771710	0.231457	0.792526	0.609818	0.004931
04206	9.685876	2.433001	-1.003467	0.334295	-0.196701	-0.014239	-0.143415	0.181821	0.972817	0.595032	-0.769620	0.231564	0.790803	0.612067	0.002186
04207	9.812856	2.576594	-0.614045	0.261290	-0.205994	-0.016540	-0.141816	0.183219	0.972789	0.597119	-0.767964	0.231691	0.789517	0.613728	-0.000494
04208	9.720926	2.482973	-0.702101	0.186152	-0.208983	-0.028583	-0.140273	0.184717	0.972730	0.598592	-0.766746	0.231922	0.788677	0.614801	-0.003016
04209	9.620090	2.317018	-0.790910	0.151685	-0.228899	-0.023715	-0.138541	0.186315	0.972673	0.599801	-0.765744	0.232109	0.788064	0.615567	-0.005665
04210	9.429995	2.385653	-1.035099	0.136147	-0.259514	-0.020859	-0.136557	0.188069	0.972616	0.600890	-0.764844	0.232259	0.787581	0.616152	-0.008564
04211	9.484447	2.476217	-0.977463	0.125237	-0.307192	-0.024685	-0.134216	0.190159	0.972536	0.601888	-0.764001	0.232449	0.787221	0.616556	-0.011913
04212	9.522456	2.481955	-1.070936	0.105868	-0.339679	-0.025634	-0.131632	0.192447	0.972439	0.602732	-0.763277	0.232641	0.787011	0.616743	-0.015523
04213	9.540117	2.501315	-0.922762	0.095241	-0.387432	-0.010692	-0.128577	0.194926	0.972354	0.603514	-0.762644	0.232691	0.786918	0.616747	-0.019582
04214	9.546378	2.633548	-0.639391	0.042110	-0.412073	0.007681	-0.125221	0.197406	0.972291	0.603899	-0.762378	0.232563	0.787163	0.616288	-0.023747
04215	9.259085	2.917884	-0.063829	-0.007797	-0.422800	0.011122	-0.121755	0.199933	0.972215	0.603897	-0.762423	0.232419	0.787708	0.615416	-0.027910
04216	9.417205	3.119018	0.489653	-0.078159	-0.466439	-0.000391	-0.118015	0.202801	0.972082	0.603325	-0.762881	0.232403	0.788715	0.613909	-0.032324
04217	9.304774	3.071604	0.635307	-0.154824	-0.441687	-0.005066	-0.114488	0.205555	0.971926	0.602142	-0.763796	0.232467	0.790137	0.611852	-0.036328
04218	9.271880	2.656907	0.611795	-0.163246	-0.464135	-0.001078	-0.110759	0.208396	0.971753	0.600894	-0.764769	0.232497	0.791618	0.609671	-0.040519
04219	9.391321	2.319131	0.730772	-0.135499	-0.458269	0.018974	-0.106944	0.211048	0.971608	0.599886	-0.765610	0.232332	0.792906	0.607701	-0.044728
04220	9.444745	2.233216	0.881902	-0.072216	-0.442925	0.023018	-0.103228	0.213558	0.971461	0.599381	-0.766076	0.232098	0.793780	0.606235	-0.048922
04221	9.466071	2.245245	1.290450	-0.004918	-0.416822	0.012836	-0.099771	0.215992	0.971284	0.599400	-0.766110	0.231937	0.794207	0.605328	-0.053030
04222	9.285807	2.354508	1.384689	0.067310	-0.366908	-0.000918	-0.096800	0.218216	0.971088	0.599977	-0.765680	0.231865	0.794140	0.605075	-0.056807
04223	8.731969	2.481013	0.754224	0.135923	-0.362530	-0.012051	-0.093924	0.220510	0.970852	0.601089	-0.764808	0.231863	0.793644	0.605346	-0.060713
04224	9.135985	2.361335	0.206290	0.248954	-0.440156	0.000663	-0.090367	0.223167	0.970582	0.603107	-0.763281	0.231655	0.792525	0.606299	-0.065618
04225	9.293725	2.066858	-1.039497	0.343330	-0.425031	0.064262	-0.086543	0.225266	0.970446	0.605926	-0.761318	0.230758	0.790800	0.607989	-0.070607
04226	9.593970	1.881609	-1.707221	0.434728	-0.447911	0.149841	-0.082034	0.226852	0.970468	0.609527	-0.758988	0.228941	0.788509	0.610308	-0.076009
04227	9.785335	2.070632	-1.825297	0.441466	-0.409495	0.218908	-0.077401	0.227705	0.970649	0.613221	-0.756763	0.226429	0.786110	0.612748	-0.081059
04228	10.067703	2.292869	-1.678489	0.403140	-0.393258	0.241774	-0.072765	0.228289	0.970871	0.616609	-0.754819	0.223700	0.783900	0.614925	-0.085840
04229	9.740787	2.387377	-1.514643	0.334439	-0.354706	0.225497	-0.068524	0.228781	0.971063	0.619430	-0.753251	0.221176	0.782056	0.616661	-0.090098
04230	9.744046	2.204633	-0.881019	0.301071	-0.377096	0.198732	-0.064281	0.229612	0.971157	0.621955	-0.751827	0.218922	0.780410	0.618089	-0.094480
04231	9.394939	2.474628	-0.371366	0.296218	-0.359891	0.178808	-0.060291	0.230505	0.971202	0.624419	-0.750382	0.216858	0.778759	0.619511	-0.098690
04232	9.151249	2.700879	-0.065882	0.312453	-0.334556	0.165892	-0.056587	0.231334	0.971227	0.626987	-0.748806	0.214887	0.776972	0.621107	-0.102671
04233	9.201830	2.931996	0.172221	0.341657	-0.368579	0.157356	-0.052668	0.232459	0.971179	0.629767	-0.747023	0.212959	0.774997	0.622832	-0.107051
04234	9.177753	3.167282	0.410345	0.330081	-0.346689	0.156799	-0.048933	0.233450	0.971137	0.632441	-0.745308	0.211031	0.773061	0.624513	-0.111173
04235	9.362766	3.372569	0.812328	0.306626	-0.341481	0.163463	-0.045191	0.234378	0.971095	0.634928	-0.743750	0.209054	0.771249	0.626022	-0.115203
04236	9.455320	3.439179	1.066343	0.282333	-0.262664	0.174050	-0.042000	0.234730	0.971153	0.637218	-0.742367	0.206990	0.769538	0.627530	-0.118394
04237	8.860682	3.428648	0.853705	0.260637	-0.232360	0.180366	-0.038992	0.234861	0.971246	0.639336	-0.741129	0.204883	0.767938	0.628942	-0.121257
04238	9.136316	3.110503	0.979786	0.227361	-0.228550	0.206287	-0.035861	0.234771	0.971389	0.641196	-0.740161	0.202558	0.766539	0.630114	-0.123992
04239	9.437809	2.687549	0.926986	0.223284	-0.183958	0.235632	-0.032869	0.234199	0.971633	0.643028	-0.739281	0.199946	0.765137	0.631359	-0.126297
04240	9.460047	2.551261	0.968439	0.263648	-0.135219	0.272529	-0.030024	0.233039	0.972004	0.645166	-0.738230	0.196920	0.763452	0.633017	-0.128184
04241	9.372308	2.496768	0.162240	0.334320	-0.103542	0.288991	-0.027297	0.231574	0.972434	0.647838	-0.736757	0.193636	0.761289	0.635266	-0.129912
04242	9.473045	2.304321	-0.884771	0.468016	-0.147491	0.304377	-0.024145	0.230273	0.972826	0.651510	-0.734457	0.190020	0.758256	0.638394	-0.132292
04243	9.757103	1.877836	-1.553389	0.580416	-0.193113	0.311559	-0.020577	0.229237	0.973153	0.656009	-0.731432	0.186168	0.754472	0.642228	-0.135331
04244	10.037444	1.155290	-1.358279	0.639791	-0.299429	0.334993	-0.016065	0.228721	0.973360	0.660921	-0.728055	0.181987	0.750283	0.646237	-0.139470
04245	10.634574	1.132873	0.177229	0.706062	-0.276217	0.376414	-0.011431	0.227790	0.973643	0.666293	-0.724310	0.177280	0.745602	0.650758	-0.143495
04246	10.305682	2.298701	1.559148	0.739834	-0.277978	0.444913	-0.006335	0.226391	0.974016	0.671866	-0.720466	0.171828	0.740645	0.655497	-0.147540
04247	10.737566	3.489621	2.801725	0.724770	-0.172442	0.409530	-0.002230	0.224595	0.974450	0.677272	-0.716595	0.166714	0.735729	0.660340	-0.150514
04248	10.737152	4.115949	3.478067	0.663190	-0.024042	0.385846	0.000619	0.221994	0.975048	0.682174	-0.713038	0.161908	0.731189	0.665052	-0.151880
04249	11.685753	4.287069	4.635973	0.601568	0.114462	0.410251	0.002662	0.218325	0.975872	0.686592	-0.709901	0.156949	0.727038	0.669608	-0.151790
04250	11.049570	4.297257	5.276013	0.531122	0.408660	0.447557	0.002824	0.212405	0.977178	0.690465	-0.707272	0.151741	0.723361	0.674278	-0.148655
04251	10.976235	5.227873	6.188419	0.523966	0.577834	0.402082	0.001508	0.205670	0.978620	0.694274	-0.704539	0.146999	0.719709	0.679209	-0.143854
04252	12.478365	5.538779	7.409599	0.343496	0.787335	0.285247	-0.002128	0.198295	0.980140	0.696775	-0.702750	0.143688	0.717287	0.683243	-0.136671
04253	12.567453	4.481220	7.398910	0.019413	1.135586	0.153652	-0.009132	0.189457	0.981846	0.696960	-0.702887	0.142112	0.717052	0.685606	-0.125625
04254	12.538256	2.797565	7.408549	-0.254936	1.366310	0.023095	-0.018750	0.179914	0.983504	0.695165	-0.704654	0.142156	0.718605	0.686363	-0.111857
04255	10.675601	1.001835	6.447913	-0.476686	1.679498	-0.085171	-0.031365	0.169006	0.985116	0.691750	-0.707747	0.143445	0.721456	0.685953	-0.094711
04256	9.170214	-1.612942	3.625774	-0.329158	1.729386	-0.102598	-0.044540	0.157852	0.986458	0.689366	-0.709813	0.144709	0.723043	0.686475	-0.077202
04257	9.968425	-3.998389	-0.453710	0.179642	1.543435	0.136941	-0.054670	0.146271	0.987733	0.690770	-0.708755	0.143192	0.721005	0.690124	-0.062292
04258	11.618967	-4.390192	-2.116072	0.790912	1.305805	0.466147	-0.060786	0.133901	0.989129	0.696750	-0.703894	0.138106	0.714734	0.697570	-0.050509
04259	12.736370	-3.067270	-1.401032	1.284937	1.337013	0.559324	-0.066283	0.120605	0.990485	0.706265	-0.695541	0.131954	0.704838	0.708291	-0.039076
04260	12.200091	-1.453384	-0.998038	1.608061	1.374022	0.471341	-0.072498	0.107514	0.991557	0.717860	-0.684559	0.126713	0.692402	0.720986	-0.027551
04261	11.642044	0.941100	-0.529424	1.746186	1.503434	0.299226	-0.080569	0.094562	0.992253	0.730098	-0.672120	0.123336	0.678576	0.734379	-0.014887
04262	10.516154	3.626795	-0.202547	1.725046	1.535426	0.019654	-0.090707	0.083039	0.992410	0.741733	-0.659327	0.122963	0.664533	0.747257	-0.001788
04263	10.357086	5.497543	-0.009244	1.552727	1.474567	-0.305598	-0.102624	0.073954	0.991967	0.751693	-0.647359	0.126029	0.651480	0.758589	0.010844
04264	9.739357	6.267149	-0.476810	1.164220	1.378835	-0.567111	-0.115792	0.067068	0.991007	0.758631	-0.638046	0.131822	0.641148	0.767072	0.023001
04265	10.032040	6.441465	-0.455952	0.740661	1.080438	-0.766302	-0.128443	0.063639	0.989673	0.762456	-0.631806	0.139581	0.634164	0.772510	0.032629
04266	10.285715	6.175485	-0.445345	0.219137	0.945864	-0.891861	-0.141205	0.061940	0.988041	0.762671	-0.629517	0.148461	0.631184	0.774514	0.041651
04267	10.326614	5.402775	-0.684530	-0.275800	0.837886	-0.991605	-0.153978	0.061728	0.986144	0.759504	-0.631001	0.158088	0.632016	0.773322	0.050277
04268	10.225335	3.959742	-1.366527	-0.650443	0.738662	-0.990090	-0.166131	0.062295	0.984134	0.753828	-0.635372	0.167471	0.635724	0.769689	0.058595
04269	10.349996	2.735457	-1.976262	-0.857425	0.734413	-0.886774	-0.177406	0.062343	0.982161	0.746871	-0.641360	0.175617	0.640868	0.764703	0.067219
04270	10.683371	1.699442	-2.474418	-0.953062	0.692730	-0.692612	-0.186991	0.061529	0.980433	0.739505	-0.648159	0.181717	0.646658	0.759015	0.075699
04271	11.425418	1.565815	-2.127357	-1.030978	0.703513	-0.531999	-0.195409	0.059700	0.978903	0.731830	-0.655593	0.186071	0.652871	0.752751	0.084419
04272	13.156612	1.690200	-1.560234	-1.148725	0.916361	-0.465410	-0.204784	0.055904	0.977209	0.723395	-0.663899	0.189575	0.659366	0.745730	0.095515
04273	13.666328	1.146294	-1.893395	-1.294895	1.309991	-0.536561	-0.217253	0.049793	0.974844	0.713724	-0.673184	0.193445	0.665882	0.737797	0.110713
04274	12.154947	0.255460	-2.115561	-1.283557	1.502473	-0.635606	-0.231778	0.043074	0.971815	0.703748	-0.682276	0.198085	0.671578	0.729825	0.127823
04275	10.636309	-0.126916	-1.706306	-1.146079	1.563260	-0.697210	-0.247118	0.036524	0.968297	0.694401	-0.690286	0.203255	0.675825	0.722615	0.145219
04276	9.620852	-0.183392	-1.728466	-0.982695	1.521446	-0.702934	-0.262242	0.030452	0.964521	0.685993	-0.697089	0.208522	0.678707	0.716338	0.161916
04277	9.289918	-0.241073	-1.642315	-0.864032	1.440424	-0.680829	-0.276611	0.024957	0.960658	0.678331	-0.703029	0.213582	0.680701	0.710723	0.177537
04278	9.200160	-0.117724	-1.701023	-0.753267	1.376033	-0.629745	-0.290201	0.019653	0.956764	0.671453	-0.708192	0.218209	0.681861	0.705746	0.192322
04279	9.178208	-0.017967	-1.825814	-0.679154	1.333600	-0.602973	-0.303262	0.014571	0.952796	0.665077	-0.712831	0.222587	0.682426	0.701185	0.206483
04280	9.325180	0.223450	-1.913016	-0.622045	1.242921	-0.565989	-0.315455	0.009928	0.948889	0.659121	-0.717078	0.226625	0.682677	0.696922	0.219662
04281	8.868963	0.337245	-1.949830	-0.635001	1.215715	-0.574850	-0.327461	0.005631	0.944848	0.652984	-0.721409	0.230608	0.682921	0.692486	0.232556
04282	8.598281	0.157039	-1.920525	-0.665271	1.213648	-0.599348	-0.339603	0.001592	0.940567	0.646483	-0.725947	0.234649	0.683176	0.687749	0.245505
04283	7.784850	-0.019320	-2.026332	-0.702131	1.201319	-0.622397	-0.351750	-0.002092	0.936092	0.639582	-0.730724	0.238699	0.683526	0.682670	0.258370
04284	7.292974	-0.410772	-1.854436	-0.709908	1.123357	-0.614730	-0.363295	-0.005225	0.931659	0.632574	-0.735543	0.242543	0.684008	0.677458	0.270525
04285	6.818585	-0.538096	-1.583855	-0.663447	1.004266	-0.568083	-0.373677	-0.007800	0.927526	0.625990	-0.740023	0.245973	0.684472	0.672536	0.281413
04286	6.437447	-0.549326	-1.313457	-0.621245	0.849031	-0.500453	-0.382560	-0.009777	0.923879	0.619889	-0.744199	0.248808	0.685117	0.667886	0.290761
04287	6.198574	-0.356007	-0.792929	-0.577751	0.737839	-0.462733	-0.390409	-0.011224	0.920573	0.614190	-0.748059	0.251353	0.685822	0.663537	0.298942
04288	6.138384	-0.232227	-0.652692	-0.561920	0.668700	-0.426167	-0.397551	-0.012452	0.917495	0.608702	-0.751795	0.253548	0.686611	0.659280	0.306456
04289	5.510399	-0.403441	-0.855878	-0.499526	0.574412	-0.411668	-0.403929	-0.013115	0.914696	0.603671	-0.755096	0.255754	0.687330	0.655483	0.312922
04290	5.245287	-0.342117	-0.471861	-0.405385	0.443271	-0.377272	-0.409192	-0.013160	0.912353	0.599398	-0.757766	0.257900	0.687956	0.652394	0.317960
04291	5.179609	-0.090412	-0.246405	-0.255529	0.322180	-0.351522	-0.413446	-0.012582	0.910442	0.596245	-0.759442	0.260270	0.688152	0.650454	0.321490
04292	5.240262	0.366700	-0.123592	-0.126613	0.171067	-0.322311	-0.416485	-0.011246	0.909073	0.594086	-0.760272	0.262771	0.688188	0.649507	0.323323
04293	5.516824	0.757452	-0.277758	-0.058104	-0.071556	-0.295643	-0.417683	-0.008522	0.908553	0.592504	-0.760645	0.265253	0.688825	0.649113	0.322758
04294	6.153147	1.119217	-0.330209	-0.026091	-0.350147	-0.268709	-0.416801	-0.004206	0.908988	0.591252	-0.760800	0.267588	0.690433	0.648972	0.319589
04295	6.917708	1.397868	-0.073602	0.016973	-0.574668	-0.199102	-0.413939	0.001049	0.910304	0.590594	-0.760660	0.269435	0.692714	0.649150	0.314247
04296	8.210581	2.196685	1.223030	0.072148	-0.751856	-0.099028	-0.409246	0.006685	0.912400	0.590738	-0.760157	0.270538	0.695375	0.649705	0.307141
04297	8.999751	5.038503	2.454402	0.251039	-0.853558	-0.079827	-0.403710	0.012856	0.914797	0.592213	-0.758482	0.272009	0.697354	0.651567	0.298593
04298	12.009303	9.338706	8.378096	0.398798	-1.148235	-0.292928	-0.397366	0.022574	0.917382	0.593875	-0.755795	0.275836	0.699580	0.654419	0.286921
04299	14.692904	10.874018	11.962637	0.150841	-0.725879	-0.588202	-0.395706	0.031781	0.917827	0.592651	-0.754615	0.281641	0.701557	0.655398	0.279771
04300	12.715906	7.127989	11.259611	-0.106124	-0.318207	-0.549474	-0.396665	0.038016	0.917176	0.589776	-0.755088	0.286367	0.703435	0.654520	0.277096
04301	10.440442	2.227524	11.046388	-0.214817	-0.239105	-0.187614	-0.396021	0.041008	0.917326	0.587571	-0.756386	0.287474	0.705641	0.652839	0.275449
04302	9.478150	-0.644642	10.841243	-0.437514	-0.170380	0.237126	-0.393376	0.040319	0.918493	0.585459	-0.759303	0.284073	0.708868	0.649488	0.275086
04303	9.976047	0.431219	11.929999	-0.612895	0.045283	0.430902	-0.391116	0.036756	0.919607	0.582845	-0.763403	0.278401	0.712264	0.644876	0.277156
04304	9.157815	1.482023	10.399526	-0.658535	0.385606	0.343658	-0.391824	0.031639	0.919496	0.579539	-0.767725	0.273375	0.714569	0.639998	0.282477
04305	7.000112	2.263614	7.591440	-0.469183	0.381573	0.128372	-0.393746	0.028225	0.918786	0.576739	-0.770726	0.270839	0.715777	0.636541	0.287191
04306	4.413609	2.286826	3.351350	-0.511776	0.198905	-0.008885	-0.395181	0.027018	0.918206	0.573081	-0.773946	0.269418	0.717921	0.632675	0.290365
04307	1.941680	1.154514	-2.998420	-0.419537	-0.393193	-0.027676	-0.392444	0.029723	0.919296	0.570004	-0.776554	0.268440	0.721861	0.629349	0.287812
04308	5.668208	2.404763	-2.114600	-0.198477	-1.394784	0.063387	-0.381926	0.037982	0.923412	0.568855	-0.777797	0.267273	0.728379	0.627367	0.275455
04309	11.711780	5.229515	2.724438	-0.424949	-1.569791	0.104837	-0.369767	0.046991	0.927936	0.566189	-0.780469	0.265140	0.736684	0.623426	0.261986
04310	13.889027	3.870446	4.118548	-0.747005	-1.167212	0.094493	-0.360542	0.053479	0.931209	0.561045	-0.785125	0.262313	0.745143	0.617025	0.253066
04311	15.032844	1.235302	3.808659	-0.571222	-0.972647	0.182500	-0.352175	0.058028	0.934133	0.557472	-0.788707	0.259165	0.751796	0.612025	0.245414
04312	15.670923	0.768292	2.943807	-0.392531	-0.629052	0.241828	-0.346042	0.059943	0.936302	0.555403	-0.791221	0.255923	0.756163	0.608585	0.240503
04313	13.809195	-1.087941	0.780411	-0.331416	-0.485241	0.196530	-0.341208	0.061339	0.937984	0.553618	-0.793323	0.253267	0.759660	0.605702	0.236730
04314	11.373874	-2.766708	1.189199	-0.196785	-0.469268	0.058735	-0.337263	0.063695	0.939253	0.552368	-0.794527	0.252223	0.762328	0.603879	0.232782
04315	8.639897	-3.365072	-0.262869	0.229090	-0.537729	-0.092117	-0.333606	0.067684	0.940280	0.553858	-0.793053	0.253592	0.762856	0.605381	0.227079
04316	7.777250	-2.405858	-2.006757	1.015978	-0.795184	-0.099498	-0.328053	0.073296	0.941811	0.561312	-0.786772	0.256747	0.759809	0.612877	0.216961
04317	8.853908	0.693575	-2.245782	1.605950	-0.834405	-0.124091	-0.322377	0.079438	0.943272	0.573111	-0.776709	0.261280	0.753404	0.624830	0.204867
04318	9.400065	3.237468	-2.931455	1.784980	-0.725077	-0.228884	-0.318212	0.085765	0.944132	0.585803	-0.765226	0.266953	0.745370	0.638023	0.193263
04319	9.570391	4.282445	-2.856875	1.700623	-0.702165	-0.312505	-0.314788	0.092672	0.944627	0.597474	-0.753962	0.273069	0.737519	0.650349	0.181969
04320	10.045245	4.632725	-1.946338	1.531259	-0.697918	-0.275056	-0.311263	0.099298	0.945122	0.607900	-0.743632	0.278332	0.730461	0.661174	0.171101
04321	10.292095	4.848837	-1.242400	1.278200	-0.640300	-0.137904	-0.307382	0.104592	0.945821	0.616823	-0.734953	0.281735	0.724601	0.670004	0.161397
04322	10.050020	4.672190	-0.561620	0.946133	-0.586601	0.016666	-0.302979	0.108414	0.946811	0.623757	-0.728576	0.283027	0.720507	0.676331	0.153119
04323	9.164728	4.612161	0.080168	0.628124	-0.556123	0.110123	-0.298222	0.111399	0.947974	0.628655	-0.724405	0.282895	0.718231	0.680314	0.146002
04324	8.553401	4.438472	0.397661	0.359624	-0.625047	0.158111	-0.292676	0.114512	0.949330	0.631752	-0.722107	0.281870	0.717796	0.682238	0.139000
04325	8.134646	4.111937	0.500714	0.088339	-0.704195	0.175390	-0.286440	0.118064	0.950796	0.632942	-0.721678	0.280295	0.719261	0.682087	0.131990
04326	8.385452	3.670430	0.766183	-0.144281	-0.792309	0.165068	-0.279623	0.122267	0.952293	0.632416	-0.722832	0.278503	0.722400	0.680121	0.124796
04327	9.151301	3.071907	1.179902	-0.319641	-0.826265	0.150858	-0.272616	0.126795	0.953731	0.630564	-0.725158	0.276648	0.726684	0.676808	0.117738
04328	9.315921	2.368913	1.326766	-0.414547	-0.796645	0.134907	-0.265898	0.131190	0.955033	0.627952	-0.728103	0.274850	0.731420	0.672796	0.111220
04329	9.358496	2.254313	1.772047	-0.363350	-0.765668	0.119865	-0.259462	0.135466	0.956205	0.625649	-0.730671	0.273282	0.735692	0.669155	0.104827
04330	9.310464	2.594949	2.180289	-0.299786	-0.712709	0.085219	-0.253611	0.139599	0.957180	0.623703	-0.732764	0.272124	0.739376	0.666009	0.098769
04331	9.173242	2.602176	1.886301	-0.240090	-0.676084	0.047805	-0.248236	0.143754	0.957974	0.622091	-0.734399	0.271405	0.742550	0.663320	0.092876
04332	9.025802	2.338741	1.412863	-0.146934	-0.659729	0.015845	-0.243169	0.148005	0.958626	0.621083	-0.735370	0.271083	0.745067	0.661305	0.086896
04333	9.316274	1.934879	1.165276	-0.014582	-0.659461	-0.023817	-0.238330	0.152550	0.959128	0.620965	-0.735402	0.271267	0.746727	0.660236	0.080540
04334	9.520665	1.745579	0.893559	0.105603	-0.597120	-0.049642	-0.234116	0.156853	0.959472	0.621682	-0.734604	0.271786	0.747463	0.660116	0.074469
04335	9.593918	1.926619	0.802341	0.218675	-0.564178	-0.056568	-0.230183	0.161007	0.959736	0.623233	-0.733042	0.272453	0.747393	0.660853	0.068389
04336	9.797860	2.352074	0.813328	0.257650	-0.497025	-0.049164	-0.226714	0.164651	0.959943	0.625091	-0.731234	0.273053	0.746901	0.661957	0.062859
04337	9.791238	2.749851	0.615484	0.252505	-0.430154	-0.041926	-0.223697	0.167819	0.960102	0.626929	-0.729463	0.273575	0.746271	0.663114	0.057968
04338	9.646342	3.008519	0.318041	0.235231	-0.393412	-0.053134	-0.221033	0.170814	0.960191	0.628611	-0.727789	0.274175	0.745649	0.664189	0.053490
04339	9.415427	3.103076	0.163565	0.219571	-0.396451	-0.071210	-0.218458	0.173979	0.960212	0.630138	-0.726178	0.274938	0.745119	0.665129	0.049008
04340	9.149848	3.234254	0.070183	0.204410	-0.412254	-0.093081	-0.215912	0.177395	0.960163	0.631504	-0.724631	0.275886	0.744705	0.665913	0.044431
04341	9.717395	3.307523	-0.190841	0.194687	-0.462342	-0.092389	-0.212985	0.181157	0.960114	0.632802	-0.723141	0.276821	0.744446	0.666521	0.039381
04342	9.349639	3.132088	-0.880461	0.162051	-0.417500	-0.083732	-0.210345	0.184544	0.960051	0.633876	-0.721884	0.277644	0.744283	0.666954	0.034867
04343	9.529550	2.970442	-0.926497	0.164525	-0.482709	-0.062335	-0.207079	0.188227	0.960046	0.635016	-0.720642	0.278261	0.744226	0.667267	0.029703
04344	9.420433	2.889568	-0.989997	0.111236	-0.453390	-0.018368	-0.203758	0.191384	0.960133	0.635851	-0.719842	0.278426	0.744430	0.667233	0.024982
04345	9.469295	3.048921	-1.025447	0.100148	-0.480292	0.008658	-0.200058	0.194539	0.960277	0.636661	-0.719163	0.278331	0.744741	0.667053	0.020019
04346	9.385438	3.155228	-1.179303	0.075332	-0.483011	0.019161	-0.196274	0.197623	0.960428	0.637305	-0.718674	0.278118	0.745198	0.666673	0.015111
04347	9.406010	3.226396	-1.131711	0.045777	-0.520099	0.029951	-0.192137	0.200886	0.960587	0.637750	-0.718402	0.277801	0.745894	0.665990	0.009916
04348	9.549521	3.334424	-0.919928	-0.013375	-0.559313	0.038340	-0.187652	0.204334	0.960747	0.637768	-0.718545	0.277390	0.747020	0.664786	0.004519
04349	9.431646	3.247173	-0.696528	-0.098503	-0.574830	0.052186	-0.182952	0.207787	0.960913	0.637173	-0.719280	0.276851	0.748691	0.662918	-0.000803
04350	9.193471	3.217618	-0.041688	-0.185410	-0.601380	0.079240	-0.177873	0.211198	0.961123	0.635971	-0.720649	0.276054	0.750934	0.660348	-0.006132
04351	9.265900	3.130156	0.550416	-0.260442	-0.625498	0.091276	-0.172518	0.214672	0.961329	0.634217	-0.722533	0.275163	0.753662	0.657162	-0.011498
04352	9.273477	3.109146	1.137404	-0.328448	-0.581308	0.074093	-0.167595	0.217948	0.961463	0.631907	-0.724823	0.274454	0.756707	0.653552	-0.016246
04353	9.211942	3.054554	1.473437	-0.317253	-0.533498	0.035611	-0.163256	0.221179	0.961472	0.629606	-0.726944	0.274133	0.759568	0.650102	-0.020577
04354	8.950937	2.780900	1.454402	-0.269828	-0.499577	0.013410	-0.159307	0.224322	0.961406	0.627619	-0.728702	0.274023	0.762047	0.647050	-0.024701
04355	8.896550	2.599373	1.261039	-0.170509	-0.469859	0.009955	-0.155590	0.227296	0.961316	0.626379	-0.729800	0.273936	0.763833	0.644770	-0.028823
04356	8.976323	2.476065	1.085514	-0.028766	-0.458020	0.017982	-0.151915	0.230114	0.961233	0.626230	-0.730005	0.273730	0.764694	0.643537	-0.033206
04357	9.131421	2.438718	1.016643	0.087171	-0.422702	0.042281	-0.148348	0.232536	0.961207	0.627006	-0.729518	0.273254	0.764759	0.643219	-0.037579
04358	9.286799	2.514749	1.015433	0.184994	-0.380870	0.076064	-0.144896	0.234431	0.961274	0.628574	-0.728484	0.272407	0.764133	0.643703	-0.041803
04359	9.407759	2.804914	1.105757	0.237076	-0.323642	0.096262	-0.141750	0.235827	0.961401	0.630568	-0.727158	0.271340	0.763080	0.644691	-0.045631
04360	9.226671	2.823817	0.445679	0.269258	-0.293725	0.099925	-0.138818	0.236995	0.961542	0.632803	-0.725636	0.270208	0.761768	0.645976	-0.049240
04361	9.145337	2.758541	-0.217789	0.308672	-0.292073	0.103754	-0.135868	0.238144	0.961680	0.635339	-0.723862	0.269014	0.760187	0.647543	-0.052952
04362	9.125214	2.634649	-1.185649	0.383279	-0.328820	0.125100	-0.132514	0.239370	0.961843	0.638459	-0.721654	0.267556	0.758163	0.649552	-0.057199
04363	9.213879	2.452029	-2.358336	0.484451	-0.372213	0.171232	-0.128531	0.240572	0.962084	0.642393	-0.718887	0.265581	0.755521	0.652171	-0.062142
04364	9.409206	2.115152	-2.982387	0.537498	-0.435484	0.248058	-0.123587	0.241638	0.962464	0.646800	-0.715950	0.262801	0.752579	0.655001	-0.067809
04365	10.096311	2.078987	-2.559164	0.534698	-0.454471	0.320667	-0.118022	0.242342	0.962985	0.651247	-0.713192	0.259296	0.749632	0.657744	-0.073652
04366	9.504632	2.287281	-2.527818	0.546183	-0.451665	0.351617	-0.112282	0.242818	0.963552	0.655780	-0.710423	0.255446	0.746556	0.660560	-0.079467
04367	9.810363	2.861954	-1.488785	0.502218	-0.507573	0.348012	-0.106141	0.243722	0.964020	0.659945	-0.707921	0.251637	0.743779	0.662909	-0.085703
04368	9.536087	3.039937	-0.905175	0.409912	-0.526501	0.316469	-0.100073	0.244981	0.964349	0.663356	-0.705951	0.248176	0.741582	0.664543	-0.091863
04369	9.468697	3.289018	-0.118273	0.332483	-0.532422	0.274255	-0.094237	0.246602	0.964524	0.666128	-0.704389	0.245175	0.739860	0.665601	-0.097889
04370	9.154009	3.432091	0.302102	0.261041	-0.554985	0.247104	-0.088422	0.248561	0.964572	0.668323	-0.703240	0.242483	0.738597	0.666087	-0.103937
04371	9.054844	3.562623	0.861684	0.187872	-0.574006	0.220243	-0.082641	0.250850	0.964492	0.669940	-0.702513	0.240116	0.737801	0.665995	-0.109997
04372	9.529075	3.390072	1.447562	0.161808	-0.544192	0.213184	-0.077137	0.252979	0.964392	0.671343	-0.701950	0.237833	0.737122	0.665783	-0.115689
04373	9.379088	3.428085	1.938670	0.191526	-0.460533	0.222078	-0.072182	0.254501	0.964375	0.672960	-0.701214	0.235423	0.736148	0.665979	-0.120654
04374	9.805268	3.232152	2.452831	0.247724	-0.346107	0.229607	-0.068030	0.255201	0.964492	0.674981	-0.700126	0.232860	0.734692	0.666856	-0.124626
04375	9.574466	2.802357	2.691455	0.349088	-0.209676	0.271657	-0.064585	0.254715	0.964857	0.677763	-0.698462	0.229757	0.732439	0.668783	-0.127526
04376	9.429357	2.198680	2.837896	0.455388	-0.082369	0.346068	-0.061575	0.252854	0.965543	0.681347	-0.696266	0.225788	0.729366	0.671773	-0.129409
04377	9.469938	1.629978	3.174018	0.584990	0.035043	0.413027	-0.058937	0.249763	0.966512	0.685890	-0.693336	0.220995	0.725314	0.675946	-0.130447
04378	9.661143	1.791267	3.915865	0.742695	0.197063	0.451562	-0.057198	0.245302	0.967758	0.691556	-0.689391	0.215617	0.720054	0.681592	-0.130208
04379	9.377414	2.297381	4.071159	0.890266	0.333766	0.457647	-0.056342	0.239887	0.969164	0.698237	-0.684376	0.209988	0.713646	0.688538	-0.128939
04380	9.422943	2.863998	3.708569	1.025215	0.318835	0.467734	-0.055272	0.234489	0.970546	0.705812	-0.678363	0.204091	0.706240	0.696303	-0.128010
04381	10.211291	3.331774	3.796310	1.072258	0.268796	0.439973	-0.053968	0.229653	0.971775	0.713621	-0.671848	0.198405	0.698450	0.704187	-0.127627
