// General information: 
//  MT Manager version: 2022.2.0 
//  XDA version: 2022.2.0 build 7381 rev 124627 built on 2023-07-19
// Device information: 
//  DeviceId: 00B4CBA7
//  ProductCode: MTW2-3A7G6
//  Firmware Version: 4.6.0
//  Hardware Version: 2.0.0
// Device settings: 
//  Filter Profile: human(46.1)
//  Option Flags: Orientation Smoother Disabled, Position/Velocity Smoother Disabled, Continuous Zero Rotation Update Disabled, AHS Disabled, ICC Disabled
// Coordinate system: ENU
PacketCounter	Acc_X	Acc_Y	Acc_Z	Gyr_X	Gyr_Y	Gyr_Z	Mat[1][1]	Mat[2][1]	Mat[3][1]	Mat[1][2]	Mat[2][2]	Mat[3][2]	Mat[1][3]	Mat[2][3]	Mat[3][3]
36053	9.646153	1.082340	-1.431617	-0.045401	0.047294	0.040431	-0.105461	-0.134884	0.985233	-0.327288	0.940268	0.093695	-0.939021	-0.312573	-0.143307
36054	9.609476	0.988235	-1.447099	-0.076330	0.050124	0.043496	-0.105119	-0.134346	0.985343	-0.326537	0.940558	0.093404	-0.939321	-0.311933	-0.142739
36055	9.639721	0.945790	-1.438209	-0.050647	0.052879	0.045289	-0.104873	-0.133787	0.985445	-0.326078	0.940755	0.093018	-0.939508	-0.311577	-0.142285
36056	9.616884	0.986779	-1.412681	-0.041675	0.054810	0.047269	-0.104499	-0.133199	0.985565	-0.325650	0.940941	0.092639	-0.939698	-0.311268	-0.141704
36057	9.675107	1.023157	-1.429013	-0.051313	0.055331	0.049743	-0.104204	-0.132559	0.985682	-0.325120	0.941167	0.092202	-0.939914	-0.310858	-0.141171
36058	9.671476	1.013398	-1.446055	-0.059903	0.060738	0.051648	-0.103788	-0.131911	0.985813	-0.324516	0.941415	0.091805	-0.940169	-0.310384	-0.140515
36059	9.644316	1.021015	-1.410826	-0.053468	0.058164	0.050932	-0.103454	-0.131318	0.985927	-0.324004	0.941628	0.091420	-0.940382	-0.309987	-0.139963
36060	9.660206	0.997133	-1.402614	-0.063522	0.065590	0.055165	-0.103003	-0.130622	0.986067	-0.323362	0.941890	0.090992	-0.940653	-0.309485	-0.139256
36061	9.599592	1.010599	-1.361261	-0.055204	0.063596	0.054135	-0.102564	-0.129992	0.986196	-0.322775	0.942128	0.090615	-0.940902	-0.309026	-0.138587
36062	9.538930	0.960212	-1.356079	-0.052734	0.063307	0.054941	-0.102133	-0.129306	0.986331	-0.322235	0.942355	0.090174	-0.941134	-0.308621	-0.137912
36063	9.573835	0.949167	-1.355231	-0.032043	0.063426	0.058882	-0.101740	-0.128632	0.986460	-0.321884	0.942520	0.089704	-0.941297	-0.308400	-0.137297
36064	9.623179	0.918128	-1.352811	-0.033965	0.062826	0.059189	-0.101326	-0.127907	0.986597	-0.321517	0.942694	0.089195	-0.941467	-0.308170	-0.136644
36065	9.624358	0.940278	-1.378528	-0.029391	0.064419	0.060695	-0.100977	-0.127184	0.986726	-0.321213	0.942848	0.088657	-0.941608	-0.307997	-0.136059
36066	9.645485	0.865957	-1.282717	-0.053513	0.065714	0.059360	-0.100536	-0.126449	0.986865	-0.320662	0.943081	0.088172	-0.941843	-0.307585	-0.135361
36067	9.671018	0.761242	-1.231847	-0.066556	0.061311	0.056941	-0.100188	-0.125749	0.986990	-0.320000	0.943349	0.087707	-0.942105	-0.307049	-0.134752
36068	9.629217	0.696698	-1.202319	-0.044380	0.062524	0.054885	-0.099762	-0.125067	0.987120	-0.319539	0.943547	0.087252	-0.942307	-0.306719	-0.134094
36069	9.841152	0.728815	-1.146266	-0.009821	0.064217	0.052229	-0.099373	-0.124449	0.987237	-0.319417	0.943630	0.086800	-0.942389	-0.306715	-0.133523
36070	9.779930	0.943616	-1.229955	0.018057	0.065564	0.043662	-0.098883	-0.123863	0.987360	-0.319557	0.943622	0.086373	-0.942394	-0.306977	-0.132889
36071	9.747619	1.000352	-1.282510	0.003960	0.062655	0.049279	-0.098475	-0.123218	0.987482	-0.319542	0.943672	0.085885	-0.942441	-0.307084	-0.132302
36072	9.672411	1.060685	-1.276168	0.013975	0.061543	0.052564	-0.098051	-0.122560	0.987606	-0.319634	0.943687	0.085376	-0.942454	-0.307302	-0.131704
36073	9.635584	1.120273	-1.251865	-0.030482	0.062252	0.052880	-0.097678	-0.121883	0.987726	-0.319323	0.943836	0.084889	-0.942599	-0.307112	-0.131112
36074	9.564724	0.976583	-1.198116	-0.060722	0.056126	0.054086	-0.097310	-0.121228	0.987843	-0.318710	0.944082	0.084462	-0.942844	-0.306616	-0.130505
36075	9.589242	0.780765	-1.152074	-0.026560	0.059922	0.051376	-0.096920	-0.120611	0.987957	-0.318392	0.944227	0.084038	-0.942992	-0.306413	-0.129916
36076	9.614259	0.758433	-1.198645	0.016146	0.051999	0.054208	-0.096590	-0.119967	0.988068	-0.318504	0.944236	0.083509	-0.942988	-0.306637	-0.129414
36077	9.653544	0.751833	-1.176006	0.024680	0.048148	0.057935	-0.096358	-0.119310	0.988170	-0.318689	0.944225	0.082928	-0.942949	-0.306928	-0.129007
36078	9.712468	0.813617	-1.224481	0.017988	0.052552	0.053891	-0.096023	-0.118667	0.988280	-0.318819	0.944227	0.082400	-0.942939	-0.307170	-0.128500
36079	9.699580	0.819157	-1.321538	0.033047	0.054000	0.055149	-0.095779	-0.117968	0.988388	-0.319132	0.944177	0.081766	-0.942858	-0.307594	-0.128079
36080	9.701063	0.840765	-1.348450	0.035521	0.058441	0.057868	-0.095401	-0.117269	0.988507	-0.319424	0.944129	0.081177	-0.942798	-0.308008	-0.127529
36081	9.673546	0.847112	-1.314305	0.005574	0.059956	0.052627	-0.095068	-0.116546	0.988625	-0.319431	0.944177	0.080589	-0.942829	-0.308136	-0.126989
36082	9.655264	0.764999	-1.337442	0.004723	0.064239	0.052374	-0.094618	-0.115880	0.988746	-0.319438	0.944216	0.080093	-0.942872	-0.308265	-0.126356
36083	9.627743	0.771857	-1.302601	0.022323	0.068523	0.050776	-0.094118	-0.115197	0.988874	-0.319554	0.944220	0.079581	-0.942882	-0.308509	-0.125680
36084	9.619503	0.791996	-1.274671	0.035732	0.069069	0.047770	-0.093608	-0.114559	0.988996	-0.319858	0.944158	0.079091	-0.942830	-0.308935	-0.125024
36085	9.664100	0.818760	-1.258635	0.031496	0.074790	0.050133	-0.093116	-0.113869	0.989122	-0.320138	0.944109	0.078549	-0.942784	-0.309341	-0.124366
36086	9.684740	0.826864	-1.258786	0.022882	0.070760	0.048180	-0.092592	-0.113222	0.989246	-0.320321	0.944086	0.078072	-0.942773	-0.309647	-0.123682
36087	9.738077	0.737475	-1.267648	0.013494	0.078899	0.044159	-0.091984	-0.112639	0.989369	-0.320391	0.944093	0.077697	-0.942809	-0.309838	-0.122930
36088	9.724395	0.661444	-1.265812	0.032104	0.080147	0.043848	-0.091357	-0.112004	0.989499	-0.320666	0.944037	0.077252	-0.942776	-0.310241	-0.122160
36089	9.765063	0.710156	-1.304110	0.078523	0.085791	0.046331	-0.090693	-0.111387	0.989630	-0.321342	0.943845	0.076785	-0.942610	-0.311045	-0.121393
36090	9.739568	0.799266	-1.364118	0.078301	0.092330	0.043491	-0.089951	-0.110716	0.989773	-0.322052	0.943643	0.076288	-0.942439	-0.311897	-0.120538
36091	9.708301	0.928052	-1.278634	0.069558	0.099358	0.050879	-0.089179	-0.109979	0.989925	-0.322657	0.943480	0.075752	-0.942305	-0.312651	-0.119624
36092	9.661663	0.921721	-1.234339	0.001261	0.095218	0.052216	-0.088439	-0.109216	0.990076	-0.322635	0.943527	0.075262	-0.942383	-0.312777	-0.118681
36093	9.589181	0.778732	-1.177479	-0.014205	0.103804	0.048915	-0.087614	-0.108399	0.990239	-0.322428	0.943636	0.074770	-0.942531	-0.312730	-0.117627
36094	9.536149	0.712914	-1.091676	0.021544	0.098797	0.046935	-0.086822	-0.107674	0.990388	-0.322602	0.943613	0.074308	-0.942544	-0.313050	-0.116663
36095	9.531821	0.775646	-0.969898	0.025903	0.094320	0.045592	-0.086092	-0.106974	0.990528	-0.322794	0.943584	0.073848	-0.942545	-0.313379	-0.115766
36096	9.590505	0.782837	-0.949559	0.024986	0.090733	0.047148	-0.085378	-0.106271	0.990665	-0.323001	0.943549	0.073380	-0.942540	-0.313721	-0.114884
36097	9.624251	0.744087	-0.913858	0.014318	0.084882	0.044453	-0.084678	-0.105687	0.990787	-0.323047	0.943560	0.073040	-0.942587	-0.313886	-0.114041
36098	9.637365	0.665115	-0.839735	0.007171	0.075747	0.043874	-0.084094	-0.105063	0.990904	-0.323089	0.943578	0.072626	-0.942625	-0.314043	-0.113294
36099	9.686586	0.597782	-0.903301	0.010346	0.072987	0.040268	-0.083559	-0.104490	0.991009	-0.323157	0.943584	0.072242	-0.942649	-0.314215	-0.112612
36100	9.761031	0.640091	-0.947162	0.064237	0.068155	0.041749	-0.083040	-0.103909	0.991114	-0.323739	0.943419	0.071784	-0.942495	-0.314902	-0.111981
36101	9.765459	0.781337	-1.002233	0.063547	0.061143	0.042438	-0.082623	-0.103375	0.991205	-0.324313	0.943256	0.071341	-0.942335	-0.315566	-0.111460
36102	9.718892	0.803439	-0.994014	0.027956	0.062748	0.043415	-0.082161	-0.102794	0.991304	-0.324552	0.943206	0.070907	-0.942293	-0.315904	-0.110857
36103	9.687191	0.769273	-1.051782	0.030269	0.056429	0.041384	-0.081748	-0.102302	0.991389	-0.324778	0.943156	0.070544	-0.942251	-0.316215	-0.110326
36104	9.676104	0.735905	-0.960687	0.011227	0.057387	0.041436	-0.081330	-0.101757	0.991479	-0.324862	0.943156	0.070149	-0.942258	-0.316388	-0.109764
36105	9.691862	0.675135	-1.021088	0.032110	0.056961	0.041091	-0.080897	-0.101238	0.991568	-0.325088	0.943107	0.069768	-0.942217	-0.316703	-0.109206
36106	9.688349	0.665217	-1.039467	0.043177	0.051164	0.040191	-0.080534	-0.100724	0.991650	-0.325474	0.943005	0.069350	-0.942115	-0.317171	-0.108727
36107	9.680131	0.814175	-0.942423	0.048908	0.050990	0.044035	-0.080205	-0.100158	0.991734	-0.325897	0.942893	0.068869	-0.941997	-0.317680	-0.108266
36108	9.705524	0.727697	-1.024490	-0.003036	0.051748	0.040267	-0.079837	-0.099641	0.991815	-0.325848	0.942937	0.068501	-0.942045	-0.317712	-0.107749
36109	9.680808	0.613875	-1.039534	0.004218	0.049555	0.041822	-0.079524	-0.099158	0.991889	-0.325855	0.942961	0.068142	-0.942069	-0.317793	-0.107299
36110	9.673298	0.662378	-1.046105	0.034252	0.047474	0.042776	-0.079204	-0.098631	0.991967	-0.326155	0.942888	0.067709	-0.941992	-0.318172	-0.106850
36111	9.736077	0.739366	-0.970635	0.014078	0.045458	0.038646	-0.078897	-0.098195	0.992035	-0.326231	0.942885	0.067384	-0.941992	-0.318316	-0.106425
36112	9.652701	0.651221	-0.930431	-0.008803	0.047179	0.034518	-0.078554	-0.097746	0.992106	-0.326133	0.942941	0.067080	-0.942055	-0.318289	-0.105950
36113	9.636568	0.613519	-0.863688	0.001080	0.043083	0.031358	-0.078243	-0.097300	0.992175	-0.326094	0.942977	0.066759	-0.942094	-0.318318	-0.105511
36114	9.675892	0.496090	-0.788454	0.010453	0.038011	0.031776	-0.077977	-0.096906	0.992234	-0.326179	0.942969	0.066461	-0.942087	-0.318463	-0.105139
36115	9.677781	0.520351	-0.817510	0.054488	0.032607	0.024462	-0.077784	-0.096586	0.992281	-0.326686	0.942814	0.066162	-0.941927	-0.319018	-0.104889
36116	9.675783	0.603021	-0.834848	0.055841	0.032175	0.027747	-0.077560	-0.096248	0.992331	-0.327202	0.942657	0.065856	-0.941766	-0.319585	-0.104605
36117	9.694572	0.661685	-0.927174	0.043775	0.023704	0.025455	-0.077443	-0.095987	0.992365	-0.327608	0.942534	0.065601	-0.941635	-0.320027	-0.104439
36118	9.643323	0.680225	-0.946562	0.029964	0.020692	0.026311	-0.077323	-0.095700	0.992403	-0.327881	0.942457	0.065337	-0.941549	-0.320338	-0.104252
36119	9.639832	0.735726	-0.932957	0.035740	0.015797	0.028312	-0.077237	-0.095449	0.992433	-0.328170	0.942373	0.065094	-0.941456	-0.320659	-0.104109
36120	9.617099	0.842587	-0.877475	0.007833	0.015047	0.026162	-0.077170	-0.095181	0.992464	-0.328235	0.942367	0.064855	-0.941439	-0.320756	-0.103964
36121	9.625898	0.851361	-0.829646	-0.009511	0.007516	0.026734	-0.077155	-0.094874	0.992495	-0.328082	0.942439	0.064584	-0.941493	-0.320637	-0.103841
36122	9.617219	0.761858	-0.755343	-0.044141	0.000288	0.026011	-0.077227	-0.094655	0.992510	-0.327658	0.942599	0.064400	-0.941635	-0.320230	-0.103808
36123	9.674965	0.594419	-0.725942	-0.050903	-0.009090	0.020862	-0.077324	-0.094586	0.992509	-0.327095	0.942797	0.064365	-0.941823	-0.319667	-0.103840
36124	9.706464	0.494254	-0.734407	-0.020654	-0.014665	0.021011	-0.077520	-0.094462	0.992506	-0.326895	0.942877	0.064206	-0.941876	-0.319468	-0.103971
36125	9.736780	0.442480	-0.831631	0.014743	-0.019565	0.023877	-0.077746	-0.094354	0.992498	-0.326978	0.942861	0.064022	-0.941829	-0.319547	-0.104155
36126	9.726513	0.578494	-0.865441	0.031889	-0.025880	0.022304	-0.078051	-0.094254	0.992484	-0.327271	0.942774	0.063796	-0.941701	-0.319832	-0.104431
36127	9.683338	0.609129	-0.842735	-0.004352	-0.029238	0.019159	-0.078363	-0.094230	0.992462	-0.327187	0.942811	0.063682	-0.941705	-0.319730	-0.104712
36128	9.612936	0.579405	-0.928048	-0.022193	-0.032788	0.014871	-0.078709	-0.094222	0.992435	-0.326978	0.942890	0.063587	-0.941749	-0.319499	-0.105022
36129	9.679096	0.499870	-0.975526	-0.000389	-0.034459	0.011146	-0.079022	-0.094311	0.992402	-0.326917	0.942912	0.063576	-0.941743	-0.319409	-0.105343
36130	9.716002	0.609879	-1.012484	0.041139	-0.032039	0.011410	-0.079349	-0.094333	0.992373	-0.327307	0.942786	0.063448	-0.941581	-0.319776	-0.105685
36131	9.738464	0.675851	-1.087299	0.020996	-0.033993	0.007276	-0.079691	-0.094375	0.992342	-0.327496	0.942726	0.063357	-0.941486	-0.319939	-0.106034
36132	9.706209	0.709214	-1.118564	0.015104	-0.032213	0.008995	-0.080012	-0.094421	0.992312	-0.327642	0.942680	0.063280	-0.941408	-0.320060	-0.106362
36133	9.705046	0.745423	-1.053677	-0.014213	-0.027785	0.005450	-0.080258	-0.094554	0.992279	-0.327461	0.942739	0.063347	-0.941450	-0.319849	-0.106625
36134	9.628268	0.608403	-1.009348	-0.035428	-0.034572	0.001900	-0.080578	-0.094674	0.992242	-0.327137	0.942848	0.063395	-0.941535	-0.319491	-0.106944
36135	9.626436	0.581403	-0.980012	-0.025996	-0.031829	0.000456	-0.080865	-0.094793	0.992207	-0.326868	0.942938	0.063446	-0.941604	-0.319190	-0.107236
36136	9.628147	0.596875	-0.859520	-0.027485	-0.034526	0.000885	-0.081182	-0.094923	0.992169	-0.326619	0.943021	0.063496	-0.941663	-0.318907	-0.107560
36137	9.615366	0.568418	-0.777325	-0.039758	-0.044265	-0.002391	-0.081630	-0.095065	0.992118	-0.326281	0.943136	0.063526	-0.941742	-0.318524	-0.108006
36138	9.715402	0.547606	-0.795003	-0.040739	-0.045989	-0.005538	-0.082034	-0.095292	0.992064	-0.325913	0.943255	0.063654	-0.941834	-0.318104	-0.108435
36139	9.749161	0.504535	-0.872088	-0.043505	-0.054818	-0.005545	-0.082531	-0.095579	0.991995	-0.325515	0.943381	0.063813	-0.941928	-0.317643	-0.108971
36140	9.722368	0.471840	-1.017454	-0.000440	-0.054416	-0.007646	-0.083007	-0.095851	0.991929	-0.325529	0.943369	0.063918	-0.941882	-0.317595	-0.109509
36141	9.817544	0.698193	-1.197124	0.058815	-0.054447	-0.006082	-0.083470	-0.096080	0.991868	-0.326061	0.943185	0.063924	-0.941657	-0.318074	-0.110055
36142	9.743336	0.792541	-1.236645	0.011112	-0.046955	-0.001797	-0.083895	-0.096273	0.991813	-0.326178	0.943142	0.063959	-0.941578	-0.318142	-0.110527
36143	9.740932	0.740781	-1.432222	0.000150	-0.038006	-0.004615	-0.084274	-0.096464	0.991762	-0.326229	0.943121	0.064011	-0.941527	-0.318147	-0.110950
36144	9.720811	0.728441	-1.428557	0.001904	-0.026179	-0.005896	-0.084490	-0.096630	0.991728	-0.326263	0.943104	0.064096	-0.941496	-0.318148	-0.111210
36145	9.664106	0.705762	-1.286694	-0.029857	-0.018565	-0.003636	-0.084631	-0.096773	0.991702	-0.325958	0.943200	0.064224	-0.941589	-0.317818	-0.111368
36146	9.692107	0.629864	-1.351481	-0.028078	-0.011458	-0.006780	-0.084705	-0.096901	0.991683	-0.325710	0.943277	0.064351	-0.941668	-0.317550	-0.111462
36147	9.649106	0.663330	-1.326269	-0.001164	-0.003005	-0.004146	-0.084733	-0.096967	0.991674	-0.325723	0.943269	0.064403	-0.941661	-0.317554	-0.111510
36148	9.672603	0.718941	-1.241633	-0.012441	0.006255	-0.002378	-0.084655	-0.096997	0.991678	-0.325619	0.943301	0.064469	-0.941704	-0.317452	-0.111439
36149	9.656677	0.648506	-1.246193	-0.032313	0.008708	-0.009169	-0.084521	-0.097106	0.991679	-0.325292	0.943401	0.064654	-0.941829	-0.317120	-0.111325
36150	9.703490	0.659297	-1.179556	-0.028158	0.012384	-0.007748	-0.084368	-0.097168	0.991686	-0.325044	0.943477	0.064791	-0.941928	-0.316875	-0.111183
36151	9.673213	0.645733	-1.117797	-0.009963	0.015631	-0.008090	-0.084226	-0.097259	0.991689	-0.324983	0.943488	0.064930	-0.941962	-0.316813	-0.111073
36152	9.715672	0.650349	-1.073960	0.013582	0.020842	-0.004725	-0.084003	-0.097265	0.991707	-0.325126	0.943435	0.064991	-0.941932	-0.316970	-0.110874
36153	9.716594	0.714764	-1.036516	0.015090	0.018818	-0.007022	-0.083798	-0.097241	0.991727	-0.325280	0.943380	0.065016	-0.941898	-0.317140	-0.110684
36154	9.701534	0.707940	-1.004658	-0.000245	0.017836	-0.003831	-0.083606	-0.097248	0.991742	-0.325291	0.943371	0.065082	-0.941911	-0.317164	-0.110506
36155	9.695902	0.675469	-0.994117	0.008123	0.015752	-0.004717	-0.083434	-0.097297	0.991752	-0.325345	0.943346	0.065178	-0.941907	-0.317224	-0.110362
36156	9.643634	0.734283	-0.945822	0.011334	0.012993	-0.008306	-0.083273	-0.097362	0.991759	-0.325470	0.943297	0.065276	-0.941878	-0.317352	-0.110239
36157	9.628471	0.727466	-0.914741	0.009931	0.008458	-0.003161	-0.083173	-0.097409	0.991763	-0.325552	0.943263	0.065343	-0.941859	-0.317436	-0.110165
36158	9.628523	0.727554	-0.914125	0.007340	0.005639	-0.000299	-0.083107	-0.097421	0.991767	-0.325632	0.943234	0.065367	-0.941837	-0.317519	-0.110113
36159	9.658986	0.742131	-0.974198	0.009663	-0.000674	-0.002315	-0.083048	-0.097461	0.991768	-0.325668	0.943218	0.065419	-0.941830	-0.317554	-0.110072
36160	9.736065	0.766366	-0.969149	0.000406	-0.002145	0.000139	-0.083057	-0.097494	0.991764	-0.325682	0.943211	0.065446	-0.941824	-0.317564	-0.110092
36161	9.785406	0.729821	-1.071867	-0.010635	-0.001043	-0.000830	-0.083076	-0.097528	0.991759	-0.325593	0.943240	0.065483	-0.941853	-0.317470	-0.110115
36162	9.726285	0.767400	-1.171743	-0.013254	0.000858	0.003899	-0.083069	-0.097516	0.991761	-0.325475	0.943280	0.065487	-0.941895	-0.317354	-0.110097
36163	9.707385	0.717805	-1.232433	-0.039525	0.004101	0.002403	-0.082995	-0.097548	0.991764	-0.325045	0.943421	0.065592	-0.942050	-0.316924	-0.110007
36164	9.740954	0.711362	-1.235847	-0.046395	0.013840	-0.005571	-0.082835	-0.097584	0.991774	-0.324623	0.943557	0.065727	-0.942209	-0.316508	-0.109838
36165	9.694036	0.562532	-1.214909	-0.064261	0.017872	-0.001373	-0.082666	-0.097516	0.991795	-0.324023	0.943759	0.065785	-0.942430	-0.315927	-0.109614
36166	9.714801	0.463481	-1.167204	-0.042560	0.022780	-0.007996	-0.082414	-0.097547	0.991813	-0.323639	0.943880	0.065940	-0.942584	-0.315555	-0.109359
36167	9.677228	0.466154	-1.183245	-0.006560	0.031438	-0.008776	-0.082065	-0.097590	0.991837	-0.323543	0.943902	0.066104	-0.942648	-0.315477	-0.109036
36168	9.591625	0.532796	-1.128499	-0.024153	0.032286	-0.015743	-0.081698	-0.097665	0.991860	-0.323339	0.943957	0.066315	-0.942750	-0.315289	-0.108698
36169	9.600623	0.546145	-1.078287	-0.042756	0.036133	-0.023992	-0.081291	-0.097837	0.991877	-0.322953	0.944065	0.066653	-0.942917	-0.314911	-0.108341
36170	9.480224	0.493525	-1.089844	-0.018559	0.040750	-0.029745	-0.080800	-0.098018	0.991899	-0.322813	0.944089	0.066997	-0.943008	-0.314784	-0.107923
36171	9.569449	0.409828	-1.081940	-0.002484	0.039300	-0.037355	-0.080304	-0.098295	0.991912	-0.322807	0.944061	0.067419	-0.943052	-0.314782	-0.107542
36172	9.675930	0.425523	-1.100488	0.021852	0.042336	-0.048679	-0.079736	-0.098648	0.991923	-0.323062	0.943938	0.067907	-0.943013	-0.315038	-0.107136
36173	9.764236	0.456413	-1.144089	0.040650	0.049709	-0.056266	-0.079086	-0.099024	0.991937	-0.323489	0.943755	0.068423	-0.942921	-0.315470	-0.106671
36174	9.766395	0.552406	-1.135928	0.086587	0.052463	-0.055454	-0.078400	-0.099409	0.991953	-0.324359	0.943421	0.068909	-0.942679	-0.316347	-0.106209
36175	9.871901	0.910229	-1.030487	0.041686	0.057382	-0.050271	-0.077724	-0.099654	0.991982	-0.324827	0.943231	0.069306	-0.942574	-0.316836	-0.105682
36176	9.917738	0.797507	-1.029943	-0.097410	0.063262	-0.055065	-0.076938	-0.100001	0.992008	-0.323962	0.943478	0.069983	-0.942937	-0.315988	-0.104986
36177	9.800559	0.434141	-1.193805	-0.087937	0.069130	-0.060217	-0.076080	-0.100405	0.992034	-0.323157	0.943698	0.070730	-0.943282	-0.315202	-0.104243
36178	9.752364	0.504516	-1.116716	-0.019593	0.066614	-0.068508	-0.075219	-0.100869	0.992052	-0.323034	0.943686	0.071459	-0.943393	-0.315092	-0.103567
36179	9.797728	0.634417	-1.095936	0.001238	0.075846	-0.075347	-0.074228	-0.101399	0.992073	-0.323064	0.943613	0.072274	-0.943461	-0.315139	-0.102801
36180	9.761664	0.658423	-0.983699	-0.055772	0.077138	-0.080993	-0.073228	-0.101948	0.992091	-0.322608	0.943701	0.073163	-0.943696	-0.314699	-0.101994
36181	9.718323	0.622871	-0.830207	-0.054819	0.079069	-0.088154	-0.072193	-0.102534	0.992106	-0.322153	0.943783	0.074098	-0.943931	-0.314260	-0.101166
36182	9.682072	0.520404	-0.789527	-0.067275	0.075794	-0.094354	-0.071162	-0.103214	0.992110	-0.321595	0.943892	0.075130	-0.944199	-0.313711	-0.100363
36183	9.604326	0.209386	-0.744228	-0.001717	0.066205	-0.096962	-0.070244	-0.103951	0.992099	-0.321675	0.943786	0.076113	-0.944241	-0.313787	-0.099734
36184	9.576601	0.117844	-0.659045	0.177737	0.053437	-0.109710	-0.069375	-0.104846	0.992066	-0.323439	0.943107	0.077053	-0.943702	-0.315527	-0.099339
36185	9.655007	0.322283	-0.485800	0.244788	0.043078	-0.113603	-0.068607	-0.105814	0.992016	-0.325844	0.942203	0.077966	-0.942931	-0.317893	-0.099121
36186	9.801329	0.541837	-0.355773	0.347725	0.027335	-0.123723	-0.067933	-0.106919	0.991944	-0.329215	0.940955	0.078877	-0.941808	-0.321205	-0.099122
36187	9.768209	0.810727	-0.030983	0.289303	0.009597	-0.129974	-0.067445	-0.108094	0.991850	-0.332087	0.939863	0.079847	-0.940835	-0.323995	-0.099286
36188	9.738243	0.696686	0.079831	0.179010	-0.017895	-0.140263	-0.067135	-0.109497	0.991717	-0.333875	0.939123	0.081088	-0.940224	-0.325665	-0.099606
36189	9.678302	0.579879	0.092927	0.160148	-0.046872	-0.142113	-0.067116	-0.111000	0.991552	-0.335507	0.938432	0.082343	-0.939644	-0.327146	-0.100225
36190	9.737860	0.510735	0.275056	0.164056	-0.083306	-0.152887	-0.067373	-0.112734	0.991338	-0.337161	0.937717	0.083722	-0.939033	-0.328600	-0.101186
36191	9.724893	0.498330	0.349852	0.239362	-0.125480	-0.159388	-0.067976	-0.114720	0.991069	-0.339497	0.936745	0.085146	-0.938148	-0.330677	-0.102624
36192	10.248195	0.840961	0.619570	0.177405	-0.156485	-0.170485	-0.068852	-0.116862	0.990759	-0.341287	0.935954	0.086680	-0.937434	-0.332165	-0.104326
36193	10.121186	1.263438	0.671674	0.154853	-0.188270	-0.187532	-0.069954	-0.119286	0.990392	-0.342880	0.935209	0.088421	-0.936771	-0.333400	-0.106323
36194	9.951320	1.461212	0.862914	0.002593	-0.243850	-0.190270	-0.071574	-0.121905	0.989958	-0.343049	0.934964	0.090331	-0.936587	-0.333139	-0.108739
36195	9.830707	1.011638	0.724419	-0.069560	-0.295422	-0.188659	-0.073660	-0.124669	0.989460	-0.342533	0.934961	0.092303	-0.936614	-0.332124	-0.111573
36196	9.753619	0.950189	0.753534	0.047260	-0.351159	-0.190497	-0.076284	-0.127644	0.988882	-0.343129	0.934557	0.094162	-0.936186	-0.332131	-0.115090
36197	9.642074	1.051268	0.818157	0.048541	-0.408617	-0.194463	-0.079437	-0.130833	0.988217	-0.343786	0.934124	0.096037	-0.935682	-0.332106	-0.119182
36198	9.659527	1.066764	0.644947	0.079203	-0.464540	-0.196868	-0.083093	-0.134242	0.987459	-0.344697	0.933594	0.097913	-0.935029	-0.332238	-0.123847
36199	9.822102	1.152270	0.650476	0.058313	-0.516133	-0.195153	-0.087237	-0.137767	0.986615	-0.345459	0.933117	0.099751	-0.934370	-0.332133	-0.128995
36200	9.925982	1.040146	0.380274	0.007267	-0.555268	-0.199713	-0.091722	-0.141500	0.985680	-0.345716	0.932807	0.101739	-0.933846	-0.331433	-0.134478
36201	10.213233	1.003756	0.072776	-0.015193	-0.596379	-0.201192	-0.096598	-0.145350	0.984653	-0.345839	0.932543	0.103730	-0.933308	-0.330511	-0.140350
36202	10.357316	1.126386	-0.073903	-0.081684	-0.640585	-0.202985	-0.101863	-0.149382	0.983519	-0.345289	0.932506	0.105872	-0.932952	-0.328813	-0.146568
36203	10.522399	1.016315	-0.270759	-0.205181	-0.665482	-0.201637	-0.107362	-0.153443	0.982308	-0.343639	0.932852	0.108159	-0.932944	-0.325948	-0.152881
36204	10.572697	0.685689	-0.595548	-0.231221	-0.704941	-0.193802	-0.113263	-0.157564	0.980992	-0.341707	0.933294	0.110450	-0.932956	-0.322702	-0.159548
36205	10.730396	0.630765	-0.868385	-0.251130	-0.724490	-0.178428	-0.119441	-0.161492	0.979619	-0.339692	0.933782	0.112518	-0.932922	-0.319330	-0.166390
36206	10.780178	0.415590	-1.363335	-0.221897	-0.730164	-0.152365	-0.125725	-0.165262	0.978203	-0.337821	0.934230	0.114414	-0.932776	-0.316073	-0.173285
36207	10.697059	0.480327	-1.746080	-0.204731	-0.720533	-0.129220	-0.132033	-0.168714	0.976782	-0.336198	0.934622	0.115988	-0.932490	-0.313078	-0.180122
36208	10.755892	0.510761	-1.998202	-0.295337	-0.695123	-0.089782	-0.138203	-0.171743	0.975399	-0.333577	0.935380	0.117433	-0.932537	-0.309142	-0.186562
36209	10.562691	0.348289	-2.184755	-0.289674	-0.644523	-0.069198	-0.143973	-0.174338	0.974104	-0.331056	0.936127	0.118611	-0.932563	-0.305406	-0.192493
36210	10.165299	-0.009137	-2.415740	-0.264085	-0.560274	-0.046290	-0.149035	-0.176499	0.972953	-0.328673	0.936840	0.119603	-0.932611	-0.301959	-0.197632
36211	9.539392	-0.106777	-2.486716	-0.285922	-0.543663	-0.015527	-0.154087	-0.178213	0.971853	-0.326180	0.937632	0.120222	-0.932665	-0.298474	-0.202606
36212	9.190704	-0.605522	-2.400882	-0.304859	-0.587370	0.033230	-0.159663	-0.179670	0.970684	-0.323298	0.938587	0.120551	-0.932731	-0.294572	-0.207944
36213	8.761274	-0.699592	-2.031452	-0.352528	-0.649396	0.080083	-0.165982	-0.180728	0.969426	-0.320008	0.939733	0.120402	-0.932762	-0.290240	-0.213813
36214	9.197820	-1.186767	-2.211014	-0.450955	-0.675000	0.137884	-0.172707	-0.181398	0.968126	-0.315581	0.941271	0.120069	-0.933049	-0.284785	-0.219810
36215	9.472779	-1.209862	-2.047146	-0.538102	-0.657782	0.175729	-0.179454	-0.181537	0.966872	-0.310465	0.943051	0.119441	-0.933492	-0.278746	-0.225595
36216	9.358588	-1.260137	-2.387758	-0.563397	-0.618665	0.209144	-0.185865	-0.181293	0.965705	-0.304836	0.944975	0.118731	-0.934093	-0.272314	-0.230902
36217	9.298931	-1.108780	-2.631202	-0.732038	-0.598930	0.218314	-0.192112	-0.180836	0.964568	-0.297711	0.947297	0.118304	-0.935126	-0.264435	-0.235824
36218	8.923867	-1.182566	-3.399276	-0.513783	-0.539003	0.238756	-0.197849	-0.180009	0.963563	-0.292454	0.949064	0.117251	-0.935589	-0.258600	-0.240415
36219	8.498850	-0.257375	-3.804414	-0.363379	-0.504241	0.288657	-0.203485	-0.178479	0.962673	-0.288714	0.950461	0.115188	-0.935541	-0.254498	-0.244934
36220	8.613031	0.654137	-3.794231	-0.278134	-0.476040	0.354832	-0.208948	-0.176334	0.961898	-0.285396	0.951786	0.112485	-0.935355	-0.251018	-0.249199
36221	8.874645	1.779560	-3.078587	-0.306449	-0.374285	0.417729	-0.213683	-0.173177	0.961431	-0.281853	0.953239	0.109058	-0.935360	-0.247679	-0.252502
36222	8.951458	1.217487	-2.837270	-0.426789	-0.248192	0.450366	-0.217255	-0.169515	0.961283	-0.276905	0.955051	0.105834	-0.936015	-0.243191	-0.254429
36223	8.486354	-0.907681	-2.499604	-0.355714	-0.171103	0.460567	-0.220226	-0.165383	0.961327	-0.272804	0.956639	0.102081	-0.936525	-0.239773	-0.255794
36224	8.501089	-2.868993	-2.492910	0.317457	-0.067331	0.469930	-0.222135	-0.161076	0.961619	-0.274752	0.956633	0.096773	-0.935504	-0.242711	-0.256757
36225	8.745449	-2.992968	-2.308170	1.289816	0.106168	0.483959	-0.222570	-0.156081	0.962341	-0.285938	0.954142	0.088620	-0.932042	-0.255445	-0.256993
36226	8.906308	-3.007280	-2.444208	2.169672	0.297319	0.540254	-0.221395	-0.150174	0.963552	-0.304915	0.949190	0.077876	-0.926289	-0.276561	-0.255936
36227	9.071988	-2.009482	-2.732355	3.057464	0.504892	0.594117	-0.218763	-0.142877	0.965261	-0.332065	0.941080	0.064039	-0.917538	-0.306520	-0.253318
36228	9.131377	-0.711540	-2.538684	3.535030	0.698186	0.602787	-0.214479	-0.135001	0.967354	-0.363024	0.930471	0.049365	-0.906759	-0.340585	-0.248575
36229	8.400609	1.165561	0.090916	3.383498	0.745998	0.513043	-0.209762	-0.127437	0.969412	-0.392638	0.918994	0.035850	-0.895453	-0.373108	-0.242806
36230	9.217867	1.270544	-1.768764	3.285102	0.886377	0.403610	-0.203506	-0.120331	0.971651	-0.421050	0.906717	0.024103	-0.883913	-0.404209	-0.235187
36231	9.826902	2.387827	-1.343812	2.541310	1.066943	0.246859	-0.195242	-0.113495	0.974166	-0.443088	0.896342	0.015625	-0.874959	-0.428591	-0.225292
36232	10.295215	1.264247	-1.660904	1.943592	1.235866	0.150595	-0.185135	-0.106762	0.976897	-0.459762	0.887987	0.009914	-0.868530	-0.447304	-0.213483
36233	10.530659	1.128880	-0.970047	1.329143	1.346181	0.074820	-0.173881	-0.099820	0.979695	-0.471312	0.881945	0.006210	-0.864656	-0.460662	-0.200400
36234	10.384138	0.566867	-0.779911	1.143933	1.426435	0.053664	-0.161811	-0.092718	0.982456	-0.481111	0.876653	0.003493	-0.861597	-0.472105	-0.186460
36235	10.809415	0.922968	-0.391440	0.651594	1.415324	0.060881	-0.149908	-0.085270	0.985016	-0.486754	0.873538	0.001541	-0.860580	-0.479230	-0.172456
36236	10.908524	0.050360	-0.799703	0.224817	1.372126	0.134272	-0.138735	-0.077523	0.987291	-0.488511	0.872558	-0.000133	-0.861458	-0.482321	-0.158925
36237	10.929349	1.490846	-0.831063	0.443883	1.296757	0.183444	-0.128490	-0.069393	0.989280	-0.492227	0.870462	-0.002873	-0.860931	-0.487320	-0.146003
36238	11.506942	3.553687	-0.789210	0.109312	1.299089	0.165084	-0.118099	-0.061636	0.991087	-0.492980	0.870028	-0.004637	-0.861988	-0.489134	-0.133134
36239	11.310032	4.747934	-0.098530	-0.614284	1.366089	0.159055	-0.107050	-0.053372	0.992820	-0.487593	0.873053	-0.005641	-0.866483	-0.484696	-0.119484
36240	10.316759	3.829707	0.045185	-1.199629	1.398500	0.205083	-0.095858	-0.044886	0.994382	-0.476961	0.878902	-0.006305	-0.873682	-0.474886	-0.105658
36241	9.648137	2.744395	-0.108811	-1.478982	1.368723	0.278093	-0.085064	-0.035832	0.995731	-0.463779	0.885917	-0.007739	-0.881858	-0.462458	-0.091978
36242	9.576461	1.762677	-0.219953	-1.373928	1.344241	0.337237	-0.074691	-0.026718	0.996849	-0.451357	0.892289	-0.009903	-0.889212	-0.450674	-0.078705
36243	9.421550	1.376642	-0.149142	-1.054709	1.312928	0.348723	-0.064483	-0.017565	0.997764	-0.441759	0.897043	-0.012758	-0.894813	-0.441594	-0.065603
36244	9.512704	1.381423	0.036995	-0.743045	1.270381	0.329895	-0.054524	-0.009053	0.998471	-0.434913	0.900338	-0.015586	-0.898820	-0.435098	-0.053027
36245	9.634998	1.488196	0.308321	-0.673285	1.219344	0.301719	-0.044720	-0.000856	0.998999	-0.428710	0.903255	-0.018417	-0.902335	-0.429104	-0.040760
36246	9.770171	1.485565	0.457202	-0.654938	1.164434	0.273744	-0.035347	0.006561	0.999354	-0.422693	0.906032	-0.020899	-0.905583	-0.423158	-0.029252
36247	9.871078	1.247553	0.765361	-0.691062	1.119466	0.236653	-0.026069	0.013528	0.999569	-0.416364	0.908903	-0.023160	-0.908824	-0.416788	-0.018061
36248	10.534258	0.393543	0.995993	-0.622016	1.045894	0.199012	-0.017360	0.019647	0.999656	-0.410672	0.911439	-0.025045	-0.911618	-0.410965	-0.007754
36249	10.336619	-0.419323	1.353005	-0.503520	1.030129	0.131104	-0.008440	0.025337	0.999643	-0.406077	0.913452	-0.026581	-0.913800	-0.406157	0.002579
36250	9.060443	-0.902442	0.612138	0.160544	0.856984	0.085843	-0.000949	0.029585	0.999562	-0.407552	0.912771	-0.027404	-0.913181	-0.407400	0.011191
36251	9.129915	-0.385211	0.332613	0.477495	0.706761	0.041061	0.005374	0.033085	0.999438	-0.411928	0.910788	-0.027935	-0.911200	-0.411547	0.018523
36252	9.092379	0.242881	0.137733	0.636579	0.531469	0.016196	0.010154	0.035414	0.999321	-0.417734	0.908140	-0.027938	-0.908513	-0.417167	0.024015
36253	9.315561	0.727947	0.129112	0.648169	0.404275	0.006683	0.013934	0.037308	0.999207	-0.423601	0.905419	-0.027899	-0.905742	-0.422876	0.028419
36254	9.107576	0.861301	0.023355	0.596416	0.288627	0.012118	0.016504	0.038625	0.999117	-0.429009	0.902872	-0.027818	-0.903150	-0.428171	0.031472
36255	9.145246	0.601503	-0.209844	0.574686	0.188591	0.026823	0.018089	0.039895	0.999040	-0.434227	0.900365	-0.028092	-0.900622	-0.433302	0.033610
36256	9.007556	0.604816	-0.297564	0.611406	0.094405	0.059064	0.018692	0.040817	0.998992	-0.439748	0.897670	-0.028449	-0.897927	-0.438773	0.034729
36257	8.856731	0.694718	-0.268534	0.518026	0.022120	0.094526	0.018607	0.041899	0.998949	-0.444361	0.895369	-0.029277	-0.895654	-0.443349	0.035279
36258	8.601602	0.609120	-0.331188	0.359756	-0.033734	0.132597	0.017727	0.042915	0.998921	-0.447617	0.893707	-0.030452	-0.894050	-0.446594	0.035052
36259	8.470745	0.255858	-0.177349	0.312316	-0.072331	0.152754	0.016454	0.044152	0.998889	-0.450403	0.892251	-0.032019	-0.892674	-0.449376	0.034567
36260	8.175676	0.353787	-0.493939	0.224748	-0.132145	0.184288	0.014456	0.045181	0.998874	-0.452449	0.891151	-0.033760	-0.891673	-0.451451	0.033324
36261	8.229669	0.296193	-0.810855	-0.044136	-0.218551	0.215691	0.011582	0.046206	0.998865	-0.452070	0.891256	-0.035986	-0.891907	-0.451140	0.031211
36262	8.227874	0.297850	-1.125974	-0.172358	-0.293721	0.239762	0.007892	0.047001	0.998864	-0.450567	0.891916	-0.038409	-0.892708	-0.449752	0.028216
36263	8.230977	0.262580	-1.486167	-0.274365	-0.374437	0.260345	0.003446	0.047738	0.998854	-0.448084	0.893045	-0.041135	-0.893985	-0.447429	0.024468
36264	8.477377	0.159347	-1.770084	-0.435276	-0.437459	0.274844	-0.001683	0.048226	0.998835	-0.444203	0.894847	-0.043954	-0.895925	-0.443759	0.019916
36265	8.773134	-0.002835	-2.070392	-0.464325	-0.475688	0.284147	-0.007146	0.048705	0.998788	-0.439993	0.896777	-0.046878	-0.897973	-0.439795	0.015022
36266	8.847685	0.125111	-2.171814	-0.477390	-0.495972	0.276663	-0.012804	0.048998	0.998717	-0.435686	0.898727	-0.049678	-0.900008	-0.435763	0.009841
36267	8.641896	0.024896	-2.061227	-0.570287	-0.520516	0.261120	-0.018611	0.049151	0.998618	-0.430473	0.901083	-0.052373	-0.902411	-0.430853	0.004388
36268	9.449062	-0.311266	-1.879230	-0.481255	-0.541767	0.216159	-0.024419	0.048758	0.998512	-0.426092	0.903036	-0.054516	-0.904350	-0.426789	-0.001276
36269	9.192206	0.453167	-1.128345	-0.099686	-0.576184	0.099583	-0.030042	0.047233	0.998432	-0.425119	0.903433	-0.055530	-0.904639	-0.426120	-0.007062
36270	9.341455	-0.569587	-0.107970	-0.624995	-0.615615	0.011641	-0.035656	0.044712	0.998363	-0.419466	0.906069	-0.055559	-0.907070	-0.420761	-0.013552
36271	9.946525	-2.159416	-0.318918	0.057134	-0.688036	-0.005529	-0.041855	0.041739	0.998251	-0.419972	0.905840	-0.055484	-0.906571	-0.421560	-0.020385
36272	10.479004	-1.471499	-0.794553	1.007592	-0.845433	0.026660	-0.049601	0.038357	0.998032	-0.429084	0.901529	-0.055973	-0.901902	-0.431016	-0.028259
36273	11.146660	0.988205	-0.352254	1.331015	-0.990806	0.060403	-0.058752	0.034588	0.997673	-0.440995	0.895696	-0.057022	-0.895584	-0.443319	-0.037371
36274	11.629363	1.500671	0.463689	1.173672	-1.003279	0.089780	-0.068096	0.030868	0.997201	-0.451429	0.890395	-0.058389	-0.889705	-0.454141	-0.046697
36275	11.559766	1.471008	0.910180	1.008425	-0.935372	0.143861	-0.077031	0.027862	0.996639	-0.460233	0.885746	-0.060333	-0.884450	-0.463334	-0.055407
36276	11.420616	1.116601	0.100632	0.748494	-0.891363	0.245851	-0.086022	0.025856	0.995958	-0.466651	0.882180	-0.063207	-0.880248	-0.470202	-0.063822
36277	11.211225	1.145852	-0.281878	0.518911	-0.835811	0.322287	-0.094904	0.024743	0.995179	-0.470891	0.879660	-0.066777	-0.877072	-0.474959	-0.071832
36278	10.692417	0.674697	-0.682774	0.170287	-0.694476	0.362679	-0.102687	0.024609	0.994409	-0.472039	0.878755	-0.070491	-0.875576	-0.476639	-0.078620
36279	10.093044	0.098014	-1.885089	0.118715	-0.568551	0.383279	-0.109477	0.025249	0.993669	-0.472639	0.878111	-0.074386	-0.874430	-0.477790	-0.084200
36280	9.879515	-0.120260	-3.382976	0.083892	-0.548016	0.393418	-0.116114	0.026064	0.992894	-0.472943	0.877603	-0.078345	-0.873409	-0.478679	-0.089575
36281	9.719675	0.133663	-4.761612	-0.011183	-0.574819	0.399053	-0.123025	0.026763	0.992043	-0.472329	0.877577	-0.082249	-0.872795	-0.478689	-0.095322
36282	9.619608	1.330719	-5.673721	-0.034372	-0.597828	0.376394	-0.130004	0.027187	0.991141	-0.471567	0.877634	-0.085927	-0.872195	-0.478560	-0.101276
36283	9.888790	1.684388	-5.589330	-0.804394	-0.556408	0.338684	-0.136463	0.027471	0.990264	-0.464022	0.881402	-0.088396	-0.875249	-0.471567	-0.107532
36284	10.293235	-0.693047	-5.392031	-1.218987	-0.434204	0.284223	-0.141565	0.027941	0.989535	-0.452942	0.887002	-0.089845	-0.880229	-0.460920	-0.112913
36285	9.761359	-3.149881	-5.161616	-0.737196	-0.316640	0.292627	-0.145659	0.029024	0.988909	-0.445923	0.890350	-0.091813	-0.883140	-0.454351	-0.116745
36286	9.476380	-3.475117	-4.778798	-0.012971	-0.259787	0.301826	-0.149286	0.030512	0.988323	-0.445378	0.890314	-0.094761	-0.882809	-0.454324	-0.119322
36287	9.623229	-2.439738	-4.190338	0.373671	-0.211981	0.296828	-0.152469	0.032110	0.987787	-0.448135	0.888572	-0.098057	-0.880868	-0.457612	-0.121090
36288	10.016753	-1.274763	-3.305481	0.394483	-0.118897	0.270172	-0.154718	0.033943	0.987375	-0.451206	0.886665	-0.101183	-0.878906	-0.461164	-0.121867
36289	9.975261	-0.993691	-2.746054	0.134062	-0.013251	0.218581	-0.155810	0.035753	0.987140	-0.451945	0.886030	-0.103426	-0.878333	-0.462248	-0.121894
36290	9.782803	-1.523758	-2.476104	0.011536	0.040214	0.188658	-0.156297	0.037591	0.986994	-0.451767	0.885902	-0.105281	-0.878338	-0.462347	-0.121482
36291	9.353857	-1.706585	-2.027860	0.043479	0.071149	0.183205	-0.156489	0.039458	0.986891	-0.451771	0.885688	-0.107048	-0.878302	-0.462600	-0.120774
36292	9.022861	-1.431323	-1.505824	0.302143	0.076243	0.184083	-0.156641	0.041422	0.986787	-0.454149	0.884207	-0.109207	-0.877047	-0.465254	-0.119692
36293	8.932249	-0.501488	-0.864542	0.456873	0.069237	0.173187	-0.156840	0.043208	0.986678	-0.457804	0.882047	-0.111398	-0.875110	-0.469177	-0.118559
36294	9.132691	0.139199	-0.086004	0.434150	0.061606	0.171074	-0.157075	0.044987	0.986561	-0.461345	0.879921	-0.113577	-0.873206	-0.472986	-0.117459
36295	9.411807	0.446468	0.419680	0.338033	0.037681	0.192700	-0.157626	0.046768	0.986391	-0.463892	0.878294	-0.115774	-0.871756	-0.475828	-0.116747
36296	9.550421	-0.228828	0.749441	0.101502	0.000839	0.211406	-0.158588	0.048609	0.986148	-0.464457	0.877705	-0.117956	-0.871280	-0.476730	-0.116616
36297	9.611614	-0.979801	0.828017	0.117469	-0.063974	0.223577	-0.160170	0.050173	0.985813	-0.465021	0.877102	-0.120195	-0.870690	-0.477676	-0.117154
36298	9.620588	-1.547245	0.951191	0.078754	-0.120358	0.218596	-0.162222	0.051496	0.985410	-0.465369	0.876610	-0.122421	-0.870124	-0.478438	-0.118241
36299	9.609254	-1.835580	1.208726	0.156321	-0.190474	0.216827	-0.164872	0.052421	0.984921	-0.466290	0.875803	-0.124669	-0.869132	-0.479813	-0.119952
36300	9.655388	-1.930847	1.236018	0.237508	-0.242694	0.217108	-0.167981	0.053135	0.984357	-0.468006	0.874542	-0.127073	-0.867613	-0.482030	-0.122039
36301	9.274583	-1.451360	1.150319	0.368881	-0.307066	0.198249	-0.171571	0.053312	0.983728	-0.470811	0.872692	-0.129409	-0.865390	-0.485352	-0.124629
36302	9.308707	-1.215269	0.957277	0.150962	-0.387510	0.187402	-0.175793	0.053044	0.982997	-0.471805	0.871854	-0.131421	-0.864001	-0.486886	-0.128239
36303	9.489746	-1.798046	0.661241	0.134869	-0.449156	0.177392	-0.180501	0.052340	0.982181	-0.472605	0.871138	-0.133275	-0.862592	-0.488240	-0.132505
36304	9.747505	-1.587987	0.369323	0.139602	-0.504394	0.167185	-0.185626	0.051310	0.981280	-0.473517	0.870365	-0.135084	-0.861002	-0.489727	-0.137266
36305	9.848840	-1.645527	-0.240614	0.061843	-0.537963	0.156858	-0.190978	0.049973	0.980321	-0.473703	0.870021	-0.136633	-0.859728	-0.490475	-0.142483
36306	9.840463	-1.779127	-0.956605	0.035629	-0.555692	0.144946	-0.196426	0.048487	0.979319	-0.473743	0.869770	-0.138084	-0.858478	-0.491069	-0.147875
36307	10.072742	-1.891357	-1.731331	0.034521	-0.533016	0.134355	-0.201611	0.046972	0.978339	-0.473715	0.869580	-0.139372	-0.857290	-0.491553	-0.153066
36308	10.032939	-1.979476	-2.568157	0.002074	-0.492884	0.123476	-0.206406	0.045603	0.977403	-0.473496	0.869508	-0.140561	-0.856270	-0.491809	-0.157879
36309	9.750884	-1.830297	-3.117709	0.047937	-0.459348	0.106812	-0.210821	0.044226	0.976524	-0.473640	0.869257	-0.141622	-0.855114	-0.492378	-0.162310
36310	9.622588	-1.471655	-3.356417	0.001306	-0.418560	0.081833	-0.214773	0.042857	0.975723	-0.473492	0.869211	-0.142402	-0.854212	-0.492581	-0.166391
36311	9.600572	-1.668181	-3.259088	-0.131573	-0.371679	0.061529	-0.218206	0.041548	0.975018	-0.472199	0.869858	-0.142744	-0.854058	-0.491550	-0.170189
36312	9.597341	-1.906967	-2.924282	-0.107451	-0.326856	0.042671	-0.221186	0.040294	0.974399	-0.471202	0.870363	-0.142954	-0.853841	-0.490758	-0.173525
36313	9.531594	-1.836312	-2.550964	-0.072017	-0.298372	0.027595	-0.223845	0.039036	0.973843	-0.470489	0.870734	-0.143048	-0.853542	-0.490203	-0.176543
36314	9.573237	-1.727552	-2.225988	-0.079299	-0.278363	0.013318	-0.226270	0.037769	0.973332	-0.469797	0.871113	-0.143016	-0.853283	-0.489629	-0.179363
36315	9.645130	-1.669495	-2.053970	-0.043968	-0.259035	-0.002600	-0.228469	0.036413	0.972870	-0.469384	0.871363	-0.142844	-0.852925	-0.489285	-0.181987
