// General information: 
//  MT Manager version: 2022.2.0 
//  XDA version: 2022.2.0 build 7381 rev 124627 built on 2023-07-19
// Device information: 
//  DeviceId: 00B4CBA7
//  ProductCode: MTW2-3A7G6
//  Firmware Version: 4.6.0
//  Hardware Version: 2.0.0
// Device settings: 
//  Filter Profile: human(46.1)
//  Option Flags: Orientation Smoother Disabled, Position/Velocity Smoother Disabled, Continuous Zero Rotation Update Disabled, AHS Disabled, ICC Disabled
// Coordinate system: ENU
PacketCounter	Acc_X	Acc_Y	Acc_Z	Gyr_X	Gyr_Y	Gyr_Z	Mat[1][1]	Mat[2][1]	Mat[3][1]	Mat[1][2]	Mat[2][2]	Mat[3][2]	Mat[1][3]	Mat[2][3]	Mat[3][3]
53611	9.435688	0.446493	-2.543787	-0.040100	-0.059232	0.012200	0.146047	0.155169	0.977033	0.559301	-0.827584	0.047829	0.815998	0.539470	-0.207653
53612	9.476616	0.337128	-2.572811	-0.063796	-0.047742	0.018223	0.146506	0.155309	0.976942	0.558759	-0.827950	0.047830	0.816287	0.538868	-0.208080
53613	9.448030	0.235228	-2.461088	-0.071918	-0.034400	0.020833	0.146877	0.155350	0.976880	0.558149	-0.828362	0.047812	0.816637	0.538222	-0.208375
53614	9.510573	0.099848	-2.480244	-0.079330	-0.019376	0.014651	0.147083	0.155366	0.976846	0.557485	-0.828805	0.047880	0.817054	0.537535	-0.208518
53615	9.515919	0.011421	-2.414345	-0.063965	-0.009543	0.005078	0.147163	0.155403	0.976828	0.556959	-0.829152	0.048001	0.817398	0.536990	-0.208573
53616	9.539415	-0.098760	-2.316150	-0.046619	0.002196	-0.000171	0.147111	0.155426	0.976832	0.556584	-0.829395	0.048146	0.817663	0.536606	-0.208521
53617	9.542001	-0.155234	-2.205036	0.059439	0.004011	-0.007086	0.147013	0.155491	0.976837	0.557089	-0.829057	0.048127	0.817336	0.537110	-0.208505
53618	9.482018	0.002515	-2.191463	0.160896	0.008568	-0.008028	0.146865	0.155546	0.976850	0.558421	-0.828173	0.047916	0.816454	0.538457	-0.208489
53619	9.529838	0.135877	-2.084653	0.210920	0.009818	-0.006816	0.146721	0.155576	0.976867	0.560160	-0.827017	0.047577	0.815288	0.540221	-0.208489
53620	9.577883	0.434040	-2.034547	0.250528	0.010115	-0.012762	0.146534	0.155661	0.976882	0.562225	-0.825635	0.047226	0.813899	0.542307	-0.208500
53621	9.559760	0.566229	-1.987578	0.167623	0.009179	-0.009763	0.146378	0.155718	0.976896	0.563607	-0.824704	0.047007	0.812970	0.543705	-0.208482
53622	9.631982	0.556981	-1.976599	0.145159	0.012073	-0.012681	0.146175	0.155790	0.976915	0.564811	-0.823888	0.046875	0.812171	0.544920	-0.208424
53623	9.568534	0.555387	-1.884257	0.090738	0.007228	-0.016051	0.146000	0.155911	0.976922	0.565578	-0.823362	0.046879	0.811669	0.545681	-0.208390
53624	9.571427	0.385534	-1.851263	0.108412	-0.003288	-0.012750	0.145920	0.156067	0.976909	0.566481	-0.822743	0.046823	0.811053	0.546568	-0.208464
53625	9.601676	0.344078	-1.915620	0.148332	-0.006811	-0.010702	0.145889	0.156218	0.976889	0.567706	-0.821908	0.046653	0.810202	0.547780	-0.208593
53626	9.637553	0.434447	-1.930641	0.217688	-0.008418	-0.007844	0.145878	0.156362	0.976868	0.569485	-0.820695	0.046321	0.808954	0.549554	-0.208768
53627	9.703050	0.654825	-1.893545	0.233749	-0.012914	-0.007363	0.145914	0.156519	0.976837	0.571391	-0.819391	0.045941	0.807602	0.551452	-0.208995
53628	9.699508	0.878347	-1.892027	0.131252	-0.014765	-0.005678	0.145967	0.156681	0.976803	0.572464	-0.818651	0.045768	0.806832	0.552504	-0.209190
53629	9.618430	0.726634	-1.949783	0.048053	-0.017019	-0.000423	0.146075	0.156805	0.976767	0.572860	-0.818378	0.045707	0.806532	0.552874	-0.209372
53630	9.546039	0.511332	-1.943159	0.038715	-0.027888	-0.000029	0.146265	0.156993	0.976709	0.573178	-0.818157	0.045673	0.806272	0.553147	-0.209653
53631	9.605687	0.379570	-1.936608	0.043010	-0.028497	0.000332	0.146470	0.157173	0.976649	0.573527	-0.817915	0.045615	0.805986	0.553454	-0.209943
53632	9.614270	0.228246	-1.932843	0.076618	-0.029194	0.001664	0.146680	0.157355	0.976588	0.574148	-0.817487	0.045484	0.805505	0.554034	-0.210254
53633	9.656066	0.250849	-2.036393	0.185745	-0.032341	0.010686	0.146975	0.157473	0.976525	0.575634	-0.816467	0.045025	0.804390	0.555503	-0.210648
53634	9.661337	0.514781	-2.069943	0.210897	-0.030016	0.011134	0.147247	0.157583	0.976466	0.577318	-0.815305	0.044517	0.803133	0.557177	-0.211026
53635	9.600858	0.526422	-2.160282	0.080950	-0.033549	0.014417	0.147572	0.157678	0.976402	0.577952	-0.814871	0.044241	0.802617	0.557784	-0.211382
53636	9.585631	0.424553	-2.295479	0.077300	-0.025043	0.011139	0.147803	0.157760	0.976353	0.578561	-0.814451	0.044015	0.802136	0.558374	-0.211652
53637	9.479839	0.417546	-2.260523	0.073293	-0.024681	0.006472	0.148011	0.157871	0.976304	0.579144	-0.814046	0.043833	0.801676	0.558933	-0.211918
53638	9.449349	0.341261	-2.276346	0.066833	-0.021665	0.007900	0.148196	0.157961	0.976261	0.579674	-0.813678	0.043660	0.801259	0.559443	-0.212150
53639	9.430997	0.360037	-2.310163	0.075049	-0.012770	0.006483	0.148309	0.158006	0.976237	0.580271	-0.813262	0.043474	0.800806	0.560034	-0.212300
53640	9.415843	0.373533	-2.367071	0.072868	-0.008241	0.010229	0.148400	0.158002	0.976224	0.580845	-0.812864	0.043266	0.800373	0.560614	-0.212403
53641	9.436682	0.402784	-2.321656	0.039237	-0.005313	0.010874	0.148477	0.157969	0.976217	0.581147	-0.812656	0.043113	0.800139	0.560924	-0.212464
53642	9.460777	0.398936	-2.318094	0.000666	0.006503	0.011360	0.148457	0.157873	0.976236	0.581141	-0.812664	0.043046	0.800148	0.560940	-0.212392
53643	9.476002	0.353187	-2.280508	-0.020972	0.011830	0.013676	0.148416	0.157723	0.976266	0.580960	-0.812796	0.042993	0.800286	0.560791	-0.212262
53644	9.485129	0.346754	-2.176353	-0.045118	0.009308	0.014440	0.148391	0.157586	0.976292	0.580583	-0.813065	0.042994	0.800565	0.560439	-0.212143
53645	9.497450	0.220010	-2.171576	-0.049195	0.018179	0.017613	0.148320	0.157368	0.976338	0.580168	-0.813363	0.042963	0.800879	0.560068	-0.211938
53646	9.545902	0.243060	-2.143682	-0.006847	0.016004	0.017501	0.148259	0.157169	0.976380	0.580093	-0.813422	0.042853	0.800944	0.560037	-0.211770
53647	9.531426	0.257308	-2.197691	0.016154	0.018731	0.017731	0.148185	0.156945	0.976427	0.580203	-0.813353	0.042681	0.800878	0.560202	-0.211587
53648	9.523091	0.347730	-2.241819	0.021992	0.021804	0.014558	0.148060	0.156738	0.976479	0.580364	-0.813246	0.042538	0.800785	0.560415	-0.211374
53649	9.493474	0.416302	-2.157827	-0.002777	0.025413	0.013558	0.147909	0.156511	0.976538	0.580325	-0.813278	0.042448	0.800841	0.560431	-0.211118
53650	9.502842	0.351604	-2.090307	-0.031380	0.025750	0.018065	0.147773	0.156253	0.976600	0.580052	-0.813476	0.042384	0.801063	0.560216	-0.210845
53651	9.539278	0.280040	-2.042688	-0.037119	0.028231	0.008703	0.147572	0.156051	0.976663	0.579750	-0.813690	0.042412	0.801319	0.559962	-0.210548
53652	9.554707	0.206150	-2.022455	-0.028656	0.024977	0.009625	0.147393	0.155866	0.976720	0.579512	-0.813859	0.042425	0.801524	0.559768	-0.210283
53653	9.564420	0.247916	-2.053111	0.008249	0.023626	0.010167	0.147236	0.155677	0.976773	0.579572	-0.813820	0.042342	0.801510	0.559876	-0.210050
53654	9.508179	0.401625	-2.065863	0.009650	0.027428	0.008793	0.147033	0.155485	0.976835	0.579642	-0.813774	0.042282	0.801497	0.559997	-0.209777
53655	9.517930	0.471910	-2.077478	-0.008329	0.022089	0.012425	0.146902	0.155287	0.976886	0.579567	-0.813831	0.042213	0.801575	0.559969	-0.209553
53656	9.515301	0.505047	-2.032614	-0.038919	0.020501	0.012611	0.146777	0.155103	0.976934	0.579242	-0.814062	0.042218	0.801833	0.559684	-0.209327
53657	9.557718	0.423710	-2.032825	-0.060664	0.021681	0.013139	0.146652	0.154902	0.976984	0.578744	-0.814414	0.042253	0.802215	0.559227	-0.209084
53658	9.572891	0.407600	-1.975045	-0.079645	0.016415	0.015598	0.146576	0.154716	0.977025	0.578087	-0.814877	0.042313	0.802702	0.558604	-0.208881
53659	9.557826	0.288706	-1.950357	-0.066744	0.012424	0.014732	0.146535	0.154554	0.977057	0.577536	-0.815267	0.042345	0.803107	0.558080	-0.208726
53660	9.528732	0.291985	-2.079403	-0.018557	0.013349	0.011511	0.146460	0.154419	0.977090	0.577375	-0.815382	0.042317	0.803236	0.557950	-0.208579
53661	9.517460	0.330873	-2.138271	-0.010279	0.014443	0.018519	0.146424	0.154214	0.977127	0.577274	-0.815460	0.042194	0.803315	0.557892	-0.208427
53662	9.500033	0.408318	-2.130308	-0.030619	0.019423	0.017673	0.146336	0.153995	0.977175	0.577007	-0.815651	0.042131	0.803522	0.557672	-0.208215
53663	9.497406	0.383974	-2.123735	-0.056492	0.018985	0.013708	0.146236	0.153805	0.977220	0.576540	-0.815981	0.042151	0.803876	0.557242	-0.208000
53664	9.461423	0.291285	-2.107186	-0.065208	0.018189	0.013171	0.146131	0.153629	0.977263	0.576002	-0.816358	0.042204	0.804281	0.556738	-0.207786
53665	9.509941	0.228974	-2.136140	-0.066371	0.020485	0.016129	0.146032	0.153411	0.977312	0.575451	-0.816746	0.042221	0.804693	0.556230	-0.207552
53666	9.507365	0.204598	-2.129281	-0.034670	0.026109	0.018915	0.145897	0.153144	0.977375	0.575150	-0.816961	0.042154	0.804933	0.555987	-0.207273
53667	9.547503	0.320109	-2.145893	-0.038205	0.020488	0.018129	0.145810	0.152910	0.977424	0.574822	-0.817195	0.042093	0.805183	0.555707	-0.207052
53668	9.584629	0.354815	-2.196140	-0.063850	0.028264	0.017717	0.145650	0.152642	0.977490	0.574287	-0.817571	0.042098	0.805593	0.555228	-0.206740
53669	9.609343	0.352316	-2.189361	-0.081021	0.030684	0.016258	0.145470	0.152365	0.977560	0.573618	-0.818038	0.042142	0.806102	0.554615	-0.206399
53670	9.586127	0.326447	-2.208892	-0.080610	0.034562	0.013734	0.145236	0.152094	0.977637	0.572953	-0.818500	0.042220	0.806617	0.554008	-0.206019
53671	9.566150	0.353047	-2.213151	-0.072649	0.041537	0.014718	0.144960	0.151773	0.977728	0.572356	-0.818915	0.042261	0.807090	0.553483	-0.205578
53672	9.536820	0.308256	-2.203799	-0.071351	0.041206	0.011579	0.144660	0.151483	0.977817	0.571769	-0.819321	0.042341	0.807560	0.552961	-0.205136
53673	9.573183	0.265770	-2.135541	-0.071974	0.049398	0.011836	0.144302	0.151140	0.977923	0.571179	-0.819729	0.042408	0.808042	0.552449	-0.204617
53674	9.646296	0.258505	-2.119271	-0.053264	0.052758	0.011777	0.143909	0.150786	0.978036	0.570737	-0.820035	0.042448	0.808424	0.552092	-0.204070
53675	9.590001	0.220466	-2.088731	-0.022131	0.060332	0.008953	0.143446	0.150406	0.978162	0.570549	-0.820166	0.042442	0.808639	0.552002	-0.203464
53676	9.624870	0.260102	-2.111434	-0.006867	0.064303	0.011861	0.142960	0.149987	0.978298	0.570482	-0.820215	0.042386	0.808772	0.552042	-0.202823
53677	9.566930	0.390870	-2.114500	-0.021451	0.068216	0.006070	0.142417	0.149588	0.978438	0.570306	-0.820337	0.042405	0.808992	0.551970	-0.202141
53678	9.513963	0.376678	-2.087534	-0.038319	0.064689	0.010614	0.141921	0.149177	0.978573	0.569986	-0.820558	0.042425	0.809305	0.551752	-0.201483
53679	9.472047	0.321884	-2.000694	-0.043627	0.067468	0.011049	0.141411	0.148742	0.978713	0.569625	-0.820808	0.042441	0.809648	0.551498	-0.200799
53680	9.443051	0.276934	-1.989389	-0.069768	0.065052	0.009347	0.140904	0.148340	0.978847	0.569052	-0.821201	0.042535	0.810139	0.551021	-0.200124
53681	9.441198	0.253350	-1.978679	-0.041325	0.067012	0.009099	0.140386	0.147923	0.978984	0.568707	-0.821438	0.042565	0.810472	0.550780	-0.199443
53682	9.480759	0.205237	-1.932368	-0.020711	0.063989	0.007658	0.139877	0.147541	0.979115	0.568533	-0.821558	0.042578	0.810681	0.550704	-0.198799
53683	9.460936	0.288311	-1.895800	-0.030995	0.059459	0.010582	0.139430	0.147155	0.979237	0.568274	-0.821737	0.042572	0.810940	0.550539	-0.198199
53684	9.461935	0.316629	-1.870727	-0.046276	0.057542	0.009615	0.138984	0.146793	0.979355	0.567891	-0.822000	0.042616	0.811285	0.550244	-0.197607
53685	9.500961	0.297128	-1.806125	-0.033622	0.047539	0.007155	0.138613	0.146500	0.979451	0.567612	-0.822191	0.042649	0.811544	0.550036	-0.197122
53686	9.590435	0.294689	-1.888810	-0.038614	0.050137	0.003269	0.138191	0.146231	0.979551	0.567299	-0.822402	0.042740	0.811834	0.549792	-0.196605
53687	9.673505	0.332298	-1.754264	-0.052308	0.042012	0.005167	0.137853	0.145985	0.979635	0.566873	-0.822691	0.042828	0.812189	0.549424	-0.196166
53688	9.653627	0.330620	-1.777961	-0.041532	0.036322	0.002164	0.137537	0.145802	0.979707	0.566537	-0.822917	0.042934	0.812477	0.549136	-0.195783
53689	9.640118	0.376909	-1.810570	-0.049066	0.033224	-0.001387	0.137234	0.145659	0.979770	0.566151	-0.823175	0.043079	0.812798	0.548786	-0.195433
53690	9.634273	0.330463	-1.798702	-0.043171	0.034242	-0.006474	0.136886	0.145558	0.979834	0.565814	-0.823397	0.043273	0.813091	0.548480	-0.195070
53691	9.600646	0.348333	-1.728197	-0.046735	0.030723	-0.005331	0.136580	0.145460	0.979891	0.565446	-0.823640	0.043452	0.813399	0.548141	-0.194743
53692	9.611120	0.364244	-1.777232	-0.045096	0.020336	-0.006424	0.136344	0.145435	0.979928	0.565093	-0.823872	0.043649	0.813683	0.547799	-0.194515
53693	9.587871	0.311066	-1.818362	-0.030217	0.016250	-0.004905	0.136158	0.145413	0.979957	0.564857	-0.824026	0.043792	0.813878	0.547572	-0.194336
53694	9.611904	0.338066	-1.793184	-0.022336	0.017075	-0.007640	0.135942	0.145417	0.979987	0.564690	-0.824132	0.043957	0.814030	0.547413	-0.194150
53695	9.618775	0.358435	-1.819667	-0.021583	0.010888	-0.008103	0.135782	0.145450	0.980004	0.564533	-0.824231	0.044113	0.814166	0.547255	-0.194027
53696	9.632437	0.369370	-1.894040	-0.004426	0.008516	-0.006564	0.135642	0.145492	0.980017	0.564511	-0.824240	0.044232	0.814204	0.547231	-0.193933
53697	9.584852	0.346879	-1.920794	-0.014263	0.005809	-0.008163	0.135523	0.145555	0.980024	0.564413	-0.824299	0.044376	0.814292	0.547125	-0.193864
53698	9.560534	0.407533	-1.884981	-0.030561	0.006071	-0.008354	0.135392	0.145624	0.980032	0.564181	-0.824448	0.044564	0.814475	0.546882	-0.193782
53699	9.547198	0.369202	-1.978998	-0.030560	0.006067	-0.008354	0.135270	0.145688	0.980039	0.563951	-0.824596	0.044741	0.814654	0.546642	-0.193704
53700	9.584867	0.379295	-1.899267	-0.021821	0.004797	-0.009740	0.135143	0.145776	0.980044	0.563791	-0.824695	0.044925	0.814786	0.546469	-0.193639
53701	9.608708	0.406397	-1.874877	-0.032762	0.010518	-0.004574	0.135005	0.145783	0.980062	0.563537	-0.824860	0.045069	0.814984	0.546217	-0.193515
53702	9.533708	0.391187	-1.882017	-0.039000	-0.000694	-0.002948	0.134961	0.145845	0.980059	0.563228	-0.825063	0.045220	0.815205	0.545894	-0.193495
53703	9.530755	0.340006	-1.897198	-0.030854	0.004137	-0.006022	0.134867	0.145900	0.980063	0.562988	-0.825218	0.045375	0.815387	0.545644	-0.193434
53704	9.483610	0.260666	-1.963569	0.005039	0.003155	-0.006428	0.134771	0.145969	0.980066	0.563043	-0.825176	0.045475	0.815365	0.545691	-0.193397
53705	9.523654	0.377287	-1.979928	0.038435	0.004716	-0.000724	0.134703	0.145977	0.980074	0.563366	-0.824957	0.045444	0.815153	0.546019	-0.193363
53706	9.506203	0.427031	-1.991787	0.007823	0.005005	0.001239	0.134635	0.145973	0.980084	0.563433	-0.824910	0.045463	0.815118	0.546091	-0.193308
53707	9.554050	0.450396	-1.963389	-0.017808	0.012614	0.000744	0.134510	0.145925	0.980109	0.563293	-0.825002	0.045526	0.815235	0.545964	-0.193170
53708	9.544583	0.379562	-1.950138	-0.037581	0.003103	-0.004277	0.134427	0.145977	0.980112	0.562997	-0.825195	0.045686	0.815453	0.545659	-0.193113
53709	9.634376	0.294152	-1.944824	-0.035392	0.011045	0.001705	0.134322	0.145930	0.980134	0.562715	-0.825383	0.045773	0.815665	0.545387	-0.192984
53710	9.634345	0.322939	-1.924055	-0.009068	0.011348	-0.000638	0.134192	0.145908	0.980155	0.562647	-0.825425	0.045843	0.815734	0.545329	-0.192860
53711	9.613815	0.349292	-1.931052	0.007067	0.011186	0.001714	0.134085	0.145859	0.980177	0.562709	-0.825382	0.045848	0.815708	0.545407	-0.192747
53712	9.545383	0.380541	-1.946025	0.003932	0.011584	0.000347	0.133958	0.145827	0.980199	0.562746	-0.825356	0.045883	0.815704	0.545456	-0.192627
53713	9.575994	0.425575	-1.949099	0.006209	0.013287	0.000370	0.133827	0.145779	0.980224	0.562802	-0.825316	0.045904	0.815686	0.545529	-0.192494
53714	9.596524	0.455669	-1.900346	0.009447	0.016965	0.003555	0.133675	0.145691	0.980258	0.562879	-0.825264	0.045897	0.815658	0.545632	-0.192324
53715	9.593452	0.459762	-1.874708	-0.004470	0.022990	0.005194	0.133492	0.145551	0.980304	0.562843	-0.825289	0.045890	0.815713	0.545631	-0.192091
53716	9.569882	0.462085	-1.876802	-0.022289	0.015352	0.004497	0.133358	0.145464	0.980335	0.562660	-0.825411	0.045935	0.815861	0.545470	-0.191922
53717	9.581262	0.364101	-1.854951	-0.029151	0.012319	0.006414	0.133268	0.145371	0.980361	0.562419	-0.825574	0.045965	0.816042	0.545248	-0.191782
53718	9.581535	0.363771	-1.853606	-0.012884	0.014151	0.008606	0.133167	0.145256	0.980391	0.562307	-0.825651	0.045951	0.816135	0.545162	-0.191628
53719	9.609253	0.356235	-1.871948	-0.011567	0.013879	0.005467	0.133058	0.145163	0.980420	0.562210	-0.825717	0.045956	0.816220	0.545087	-0.191480
53720	9.564848	0.384687	-1.882757	-0.001999	0.012600	0.007418	0.132963	0.145066	0.980447	0.562189	-0.825732	0.045934	0.816250	0.545089	-0.191347
53721	9.517214	0.389053	-1.889599	0.002289	0.012013	0.007806	0.132884	0.144966	0.980473	0.562204	-0.825724	0.045890	0.816252	0.545128	-0.191226
53722	9.496951	0.386294	-1.916533	0.006342	0.005355	0.006545	0.132844	0.144916	0.980486	0.562252	-0.825693	0.045860	0.816226	0.545188	-0.191168
53723	9.541562	0.385205	-1.883832	-0.002692	0.014617	0.003916	0.132720	0.144832	0.980515	0.562230	-0.825708	0.045863	0.816261	0.545188	-0.191017
53724	9.559291	0.334413	-1.870525	-0.012294	0.008054	0.010287	0.132679	0.144737	0.980534	0.562121	-0.825784	0.045832	0.816343	0.545098	-0.190924
53725	9.586668	0.354933	-1.869705	-0.010016	0.009755	0.010312	0.132632	0.144626	0.980557	0.562033	-0.825847	0.045786	0.816411	0.545033	-0.190819
53726	9.614608	0.318562	-1.908050	-0.003450	0.010869	0.010727	0.132570	0.144512	0.980582	0.561995	-0.825875	0.045733	0.816447	0.545020	-0.190702
53727	9.604084	0.387279	-1.947160	0.003177	0.007828	0.007165	0.132521	0.144438	0.980600	0.562018	-0.825862	0.045693	0.816440	0.545059	-0.190621
53728	9.610550	0.462636	-1.934582	-0.015191	0.014518	0.010566	0.132428	0.144305	0.980632	0.561885	-0.825954	0.045665	0.816547	0.544955	-0.190463
53729	9.573398	0.426100	-1.881672	-0.031591	0.010689	0.008534	0.132363	0.144204	0.980655	0.561625	-0.826130	0.045677	0.816736	0.544715	-0.190338
53730	9.560400	0.359027	-1.844495	-0.041157	0.011962	0.006580	0.132269	0.144118	0.980681	0.561285	-0.826358	0.045736	0.816985	0.544392	-0.190193
53731	9.550075	0.372499	-1.772231	-0.047331	0.006902	0.011991	0.132254	0.144009	0.980699	0.560888	-0.826627	0.045745	0.817260	0.544012	-0.190098
53732	9.564159	0.326267	-1.735624	-0.036611	0.005429	0.012966	0.132249	0.143906	0.980715	0.560576	-0.826839	0.045733	0.817474	0.543717	-0.190019
53733	9.588163	0.323253	-1.731322	-0.027944	-0.001971	0.007775	0.132284	0.143880	0.980714	0.560347	-0.826993	0.045746	0.817626	0.543489	-0.190021
53734	9.639977	0.312447	-1.897391	0.006042	0.003429	0.008878	0.132272	0.143822	0.980724	0.560390	-0.826967	0.045693	0.817598	0.543544	-0.189981
53735	9.598687	0.364219	-1.913338	0.020060	0.001485	0.009065	0.132286	0.143765	0.980730	0.560549	-0.826865	0.045601	0.817487	0.543715	-0.189970
53736	9.588340	0.404413	-1.972884	0.000330	0.000210	0.009804	0.132305	0.143717	0.980735	0.560544	-0.826871	0.045550	0.817488	0.543718	-0.189959
53737	9.564458	0.406284	-1.976786	-0.023552	0.001516	0.009987	0.132324	0.143656	0.980741	0.560349	-0.827004	0.045533	0.817618	0.543532	-0.189930
53738	9.520274	0.350355	-1.897197	-0.031138	0.002577	0.010385	0.132327	0.143590	0.980750	0.560085	-0.827183	0.045537	0.817798	0.543278	-0.189881
53739	9.534250	0.304327	-1.861001	-0.034106	0.002894	0.006859	0.132316	0.143544	0.980759	0.559801	-0.827373	0.045571	0.817994	0.543000	-0.189831
53740	9.544408	0.291070	-1.781658	-0.019369	-0.003149	0.008553	0.132356	0.143524	0.980756	0.559636	-0.827484	0.045570	0.818101	0.542835	-0.189844
53741	9.540616	0.323427	-1.738488	-0.012773	-0.004106	0.006979	0.132404	0.143517	0.980751	0.559532	-0.827555	0.045561	0.818164	0.542729	-0.189874
53742	9.588379	0.317585	-1.731173	-0.000316	-0.011849	0.008643	0.132516	0.143544	0.980732	0.559523	-0.827564	0.045523	0.818153	0.542709	-0.189981
53743	9.649852	0.321968	-1.799576	0.008424	-0.013098	0.007262	0.132638	0.143583	0.980709	0.559585	-0.827524	0.045474	0.818090	0.542759	-0.190108
53744	9.670197	0.350705	-1.903883	0.032441	-0.012409	0.006908	0.132744	0.143627	0.980689	0.559846	-0.827352	0.045390	0.817894	0.543010	-0.190236
53745	9.682700	0.501677	-1.881548	0.027570	-0.005732	0.004846	0.132793	0.143646	0.980679	0.560069	-0.827205	0.045327	0.817734	0.543229	-0.190298
53746	9.617525	0.528205	-1.922221	0.001302	-0.010195	0.003185	0.132860	0.143709	0.980661	0.560080	-0.827197	0.045340	0.817715	0.543225	-0.190390
53747	9.552863	0.442309	-1.891360	-0.021725	-0.010988	0.004718	0.132950	0.143756	0.980642	0.559903	-0.827315	0.045371	0.817822	0.543032	-0.190482
53748	9.522212	0.397163	-1.888125	-0.028185	-0.008037	0.006128	0.133017	0.143783	0.980629	0.559669	-0.827471	0.045411	0.817972	0.542787	-0.190539
53749	9.515693	0.320800	-1.900744	-0.017901	-0.013422	0.009586	0.133155	0.143804	0.980607	0.559514	-0.827577	0.045387	0.818055	0.542620	-0.190656
53750	9.567332	0.253958	-1.956704	-0.014915	-0.003813	0.006792	0.133191	0.143802	0.980602	0.559388	-0.827662	0.045395	0.818135	0.542491	-0.190678
53751	9.591402	0.222600	-1.972846	-0.004032	-0.005357	0.005601	0.133240	0.143812	0.980594	0.559353	-0.827687	0.045384	0.818151	0.542451	-0.190723
53752	9.580946	0.263397	-2.032671	0.007094	-0.000835	0.006070	0.133248	0.143800	0.980595	0.559407	-0.827651	0.045357	0.818113	0.542509	-0.190725
53753	9.587559	0.310151	-2.040625	0.021354	0.003283	0.007907	0.133239	0.143744	0.980604	0.559576	-0.827541	0.045275	0.817999	0.542691	-0.190697
53754	9.539227	0.399560	-1.988926	-0.002091	0.008509	0.005614	0.133168	0.143685	0.980623	0.559557	-0.827555	0.045270	0.818024	0.542685	-0.190604
53755	9.552833	0.409948	-1.913173	-0.021239	0.001139	0.008037	0.133178	0.143639	0.980628	0.559376	-0.827677	0.045267	0.818146	0.542511	-0.190576
53756	9.518711	0.397436	-1.865333	-0.038552	0.003560	0.008648	0.133163	0.143582	0.980638	0.559054	-0.827893	0.045302	0.818368	0.542197	-0.190515
53757	9.594206	0.328841	-1.765651	-0.040504	0.001699	0.004306	0.133148	0.143565	0.980643	0.558721	-0.828113	0.045374	0.818598	0.541865	-0.190474
53758	9.618137	0.326364	-1.761655	-0.026761	-0.004242	0.004815	0.133176	0.143582	0.980637	0.558501	-0.828259	0.045424	0.818744	0.541637	-0.190495
53759	9.587539	0.281152	-1.758101	-0.003870	-0.005437	0.003441	0.133214	0.143611	0.980627	0.558471	-0.828279	0.045434	0.818758	0.541599	-0.190541
53760	9.546128	0.333715	-1.774822	0.012154	-0.009669	0.003975	0.133282	0.143664	0.980610	0.558570	-0.828213	0.045418	0.818679	0.541686	-0.190632
53761	9.613911	0.386610	-1.700590	-0.001808	-0.011870	-0.000185	0.133352	0.143757	0.980587	0.558558	-0.828219	0.045460	0.818676	0.541653	-0.190742
53762	9.562462	0.367963	-1.706166	0.004079	-0.020737	0.001054	0.133495	0.143895	0.980548	0.558595	-0.828192	0.045488	0.818627	0.541657	-0.190938
53763	9.541048	0.451070	-1.676942	0.006140	-0.027173	-0.002573	0.133677	0.144091	0.980494	0.558656	-0.828148	0.045538	0.818556	0.541672	-0.191201
53764	9.558065	0.372395	-1.687643	0.007713	-0.033386	0.000274	0.133918	0.144303	0.980430	0.558724	-0.828101	0.045566	0.818470	0.541687	-0.191523
53765	9.564152	0.391468	-1.719183	0.017751	-0.044847	0.002062	0.134270	0.144556	0.980344	0.558873	-0.828001	0.045548	0.818310	0.541773	-0.191964
53766	9.583749	0.420683	-1.826539	0.025310	-0.043850	0.003647	0.134616	0.144797	0.980261	0.559081	-0.827863	0.045509	0.818112	0.541919	-0.192397
53767	9.620499	0.428003	-1.752007	0.019325	-0.051081	0.004914	0.135036	0.145062	0.980164	0.559241	-0.827758	0.045460	0.817933	0.542010	-0.192902
53768	9.612172	0.521189	-1.801042	-0.015794	-0.058377	0.002862	0.135496	0.145388	0.980053	0.559113	-0.827841	0.045508	0.817944	0.541794	-0.193458
53769	9.604954	0.388471	-1.857614	-0.023402	-0.055251	0.005269	0.135951	0.145671	0.979948	0.558919	-0.827971	0.045539	0.818002	0.541521	-0.193982
53770	9.583343	0.386535	-1.890727	-0.009362	-0.059291	0.003433	0.136422	0.145997	0.979834	0.558843	-0.828021	0.045569	0.817975	0.541356	-0.194549
53771	9.606111	0.412140	-1.872622	-0.031257	-0.058215	0.006029	0.136905	0.146290	0.979722	0.558584	-0.828193	0.045608	0.818072	0.541013	-0.195099
53772	9.580818	0.357582	-2.071735	-0.016020	-0.052138	0.011001	0.137360	0.146515	0.979625	0.558443	-0.828290	0.045578	0.818092	0.540804	-0.195594
53773	9.541857	0.377059	-2.135904	0.010592	-0.049902	0.006281	0.137777	0.146760	0.979530	0.558528	-0.828235	0.045532	0.817963	0.540822	-0.196082
53774	9.578159	0.383794	-2.211839	0.007233	-0.043204	0.013057	0.138170	0.146920	0.979451	0.558574	-0.828209	0.045436	0.817865	0.540818	-0.196499
53775	9.550083	0.389905	-2.195485	-0.017953	-0.031670	0.010154	0.138460	0.147034	0.979392	0.558422	-0.828314	0.045407	0.817921	0.540627	-0.196796
53776	9.549595	0.304520	-2.257475	-0.027407	-0.026309	0.010064	0.138698	0.147127	0.979345	0.558189	-0.828471	0.045409	0.818039	0.540361	-0.197032
53777	9.535911	0.265182	-2.204006	-0.010566	-0.018549	0.009549	0.138877	0.147176	0.979312	0.558095	-0.828536	0.045373	0.818073	0.540248	-0.197203
53778	9.543002	0.227622	-2.122458	-0.014561	-0.016033	0.006854	0.139013	0.147239	0.979283	0.557971	-0.828618	0.045380	0.818134	0.540104	-0.197344
53779	9.515491	0.234501	-2.103604	-0.017154	-0.007620	0.004834	0.139077	0.147269	0.979270	0.557832	-0.828711	0.045403	0.818218	0.539954	-0.197406
53780	9.556706	0.209621	-2.068711	0.000721	-0.004116	0.001503	0.139086	0.147312	0.979262	0.557841	-0.828703	0.045433	0.818211	0.539954	-0.197438
53781	9.553331	0.270357	-2.005554	0.011852	0.000419	0.001932	0.139067	0.147322	0.979263	0.557942	-0.828636	0.045427	0.818145	0.540055	-0.197434
53782	9.532554	0.409666	-1.934506	-0.002865	-0.005566	0.004629	0.139105	0.147348	0.979254	0.557917	-0.828652	0.045434	0.818155	0.540023	-0.197478
53783	9.556405	0.407005	-1.931237	-0.021131	-0.007178	0.000149	0.139139	0.147414	0.979239	0.557752	-0.828759	0.045510	0.818262	0.539840	-0.197533
53784	9.549668	0.387883	-1.904113	-0.026861	-0.008338	0.003089	0.139192	0.147467	0.979224	0.557533	-0.828903	0.045579	0.818403	0.539605	-0.197594
53785	9.570153	0.418235	-1.857499	-0.026842	-0.010417	0.001097	0.139257	0.147542	0.979203	0.557317	-0.829043	0.045658	0.818538	0.539369	-0.197678
53786	9.598071	0.383185	-1.747948	-0.016239	-0.015970	0.000193	0.139356	0.147660	0.979171	0.557189	-0.829125	0.045734	0.818609	0.539210	-0.197818
53787	9.556394	0.379499	-1.804992	0.005770	-0.022957	0.005698	0.139549	0.147764	0.979128	0.557232	-0.829098	0.045704	0.818547	0.539224	-0.198039
53788	9.631223	0.423039	-1.779804	0.010487	-0.019613	0.003578	0.139696	0.147874	0.979091	0.557318	-0.829041	0.045694	0.818463	0.539282	-0.198227
53789	9.610137	0.420787	-1.809673	0.005652	-0.027042	0.003871	0.139913	0.148015	0.979038	0.557362	-0.829012	0.045682	0.818396	0.539288	-0.198488
53790	9.670657	0.397300	-1.900060	0.018690	-0.030962	0.000824	0.140138	0.148209	0.978977	0.557519	-0.828906	0.045682	0.818250	0.539397	-0.198790
53791	9.638544	0.408008	-2.009649	0.041675	-0.026012	0.003169	0.140342	0.148351	0.978926	0.557861	-0.828680	0.045605	0.817982	0.539704	-0.199058
53792	9.582488	0.477640	-2.083367	0.031676	-0.028665	0.003757	0.140564	0.148509	0.978870	0.558120	-0.828509	0.045552	0.817767	0.539924	-0.199344
53793	9.506744	0.461059	-2.093343	-0.006372	-0.025321	0.006114	0.140779	0.148622	0.978822	0.558063	-0.828548	0.045541	0.817769	0.539834	-0.199582
53794	9.530213	0.458132	-2.091915	-0.031536	-0.025827	0.007582	0.140999	0.148732	0.978774	0.557800	-0.828723	0.045576	0.817911	0.539534	-0.199812
53795	9.492509	0.337138	-2.101827	-0.040250	-0.026659	0.007019	0.141230	0.148845	0.978723	0.557464	-0.828947	0.045625	0.818100	0.539159	-0.200048
53796	9.512610	0.254082	-2.135789	-0.028981	-0.020122	0.007268	0.141401	0.148927	0.978686	0.557222	-0.829108	0.045658	0.818236	0.538889	-0.200222
53797	9.546082	0.294589	-2.165231	-0.030730	-0.011739	0.008583	0.141519	0.148947	0.978666	0.556968	-0.829278	0.045672	0.818388	0.538622	-0.200318
53798	9.590590	0.294095	-2.134805	-0.051717	-0.009014	0.000292	0.141561	0.149028	0.978648	0.556549	-0.829550	0.045818	0.818666	0.538179	-0.200373
53799	9.628494	0.218273	-2.116015	-0.055868	-0.006432	-0.000233	0.141587	0.149092	0.978634	0.556097	-0.829845	0.045969	0.818968	0.537707	-0.200405
53800	9.625195	0.223866	-2.092423	-0.043298	-0.000143	-0.003130	0.141537	0.149152	0.978632	0.555752	-0.830067	0.046132	0.819211	0.537347	-0.200377
53801	9.594716	0.208216	-2.068236	-0.019991	0.002612	-0.007116	0.141452	0.149225	0.978633	0.555609	-0.830155	0.046277	0.819323	0.537191	-0.200338
53802	9.598237	0.289523	-2.031850	0.003437	0.009456	-0.009272	0.141289	0.149286	0.978648	0.555655	-0.830117	0.046407	0.819320	0.537234	-0.200238
53803	9.632140	0.331047	-2.059087	0.004312	0.005262	-0.009933	0.141166	0.149366	0.978653	0.555709	-0.830074	0.046531	0.819304	0.537278	-0.200182
53804	9.714038	0.366854	-2.078660	0.041876	0.014244	-0.010156	0.140959	0.149408	0.978677	0.556072	-0.829827	0.046593	0.819094	0.537647	-0.200053
53805	9.765573	0.385541	-2.073661	0.062180	0.019400	-0.015653	0.140687	0.149461	0.978707	0.556609	-0.829463	0.046658	0.818775	0.538193	-0.199887
53806	9.817215	0.404231	-2.068128	0.081319	0.026797	-0.018164	0.140333	0.149502	0.978752	0.557306	-0.828992	0.046720	0.818362	0.538908	-0.199653
53807	9.667374	0.428692	-2.040870	0.134924	0.029377	-0.019910	0.139956	0.149536	0.978801	0.558443	-0.828228	0.046682	0.817651	0.540071	-0.199423
53808	9.510971	0.347940	-2.045192	0.168651	0.030675	-0.018634	0.139568	0.149559	0.978853	0.559853	-0.827282	0.046574	0.816753	0.541513	-0.199193
53809	9.333952	0.378068	-1.998022	0.168483	0.032704	-0.014465	0.139196	0.149529	0.978910	0.561256	-0.826339	0.046416	0.815853	0.542959	-0.198947
53810	9.156968	0.323563	-2.009725	0.107722	0.035083	-0.014797	0.138793	0.149494	0.978973	0.562161	-0.825726	0.046393	0.815299	0.543901	-0.198645
53811	9.024721	0.184335	-2.048743	0.049981	0.033047	-0.015614	0.138410	0.149470	0.979031	0.562593	-0.825426	0.046483	0.815065	0.544362	-0.198338
53812	9.159341	0.097707	-2.010718	0.054465	0.028186	-0.021370	0.138026	0.149527	0.979076	0.563072	-0.825091	0.046630	0.814800	0.544854	-0.198079
53813	9.436768	0.052122	-2.060927	0.026761	0.029886	-0.027934	0.137601	0.149622	0.979122	0.563334	-0.824898	0.046887	0.814691	0.545121	-0.197794
53814	9.683672	0.076367	-2.027453	-0.007148	0.040652	-0.031436	0.137059	0.149693	0.979187	0.563324	-0.824884	0.047255	0.814789	0.545123	-0.197383
53815	9.748473	0.250661	-1.997351	-0.011259	0.039069	-0.035952	0.136513	0.149804	0.979246	0.563290	-0.824884	0.047664	0.814904	0.545093	-0.196990
53816	9.752198	0.335683	-1.958400	-0.037945	0.038559	-0.043345	0.135921	0.149985	0.979301	0.563045	-0.825019	0.048209	0.815173	0.544837	-0.196586
53817	9.746537	0.236664	-1.985646	-0.037293	0.036125	-0.053957	0.135297	0.150261	0.979345	0.562818	-0.825136	0.048847	0.815433	0.544584	-0.196208
53818	9.764419	0.249864	-1.930376	-0.025926	0.042155	-0.069970	0.134526	0.150643	0.979393	0.562706	-0.825166	0.049629	0.815638	0.544433	-0.195773
53819	9.796156	0.275468	-1.799482	-0.026856	0.045919	-0.083437	0.133656	0.151108	0.979440	0.562604	-0.825181	0.050535	0.815851	0.544283	-0.195305
53820	9.750260	0.147962	-1.750740	-0.005222	0.040783	-0.085686	0.132808	0.151627	0.979475	0.562680	-0.825073	0.051430	0.815937	0.544301	-0.194894
53821	9.735181	0.008640	-1.746401	0.049224	0.030938	-0.093720	0.132002	0.152258	0.979486	0.563210	-0.824658	0.052288	0.815702	0.544754	-0.194610
53822	9.655223	-0.132553	-1.801475	0.108882	0.034487	-0.102548	0.131109	0.152948	0.979498	0.564238	-0.823901	0.053127	0.815136	0.545704	-0.194320
53823	9.637866	-0.075999	-1.960946	0.188613	0.029147	-0.110106	0.130225	0.153723	0.979495	0.565925	-0.822694	0.053874	0.814107	0.547306	-0.194131
53824	9.646512	0.086061	-2.062354	0.271304	0.033247	-0.120445	0.129238	0.154564	0.979494	0.568293	-0.821014	0.054573	0.812613	0.549587	-0.193944
53825	9.622865	0.345194	-2.062500	0.242466	0.034695	-0.126042	0.128213	0.155433	0.979491	0.570432	-0.819476	0.055373	0.811276	0.551633	-0.193732
53826	9.650525	0.346674	-2.079748	0.159383	0.031470	-0.137589	0.127138	0.156420	0.979474	0.571904	-0.818375	0.056458	0.810408	0.552987	-0.193504
53827	9.683717	0.233662	-2.047165	0.121209	0.038346	-0.145546	0.125969	0.157424	0.979464	0.573076	-0.817469	0.057684	0.809762	0.554041	-0.193192
53828	9.780660	0.207812	-2.046787	0.119602	0.044360	-0.148411	0.124725	0.158424	0.979462	0.574235	-0.816565	0.058953	0.809134	0.555088	-0.192819
53829	9.813484	0.318222	-2.032393	0.122774	0.049459	-0.157350	0.123395	0.159459	0.979462	0.575428	-0.815627	0.060293	0.808490	0.556170	-0.192402
53830	9.814951	0.441344	-1.974651	0.108953	0.049008	-0.161648	0.122034	0.160537	0.979457	0.576511	-0.814755	0.061713	0.807925	0.557137	-0.191979
53831	9.720759	0.545330	-1.952195	0.083646	0.054075	-0.168481	0.120599	0.161633	0.979454	0.577396	-0.814012	0.063237	0.807508	0.557907	-0.191496
53832	9.644573	0.599991	-1.916796	0.081554	0.052091	-0.170622	0.119159	0.162763	0.979443	0.578263	-0.813273	0.064798	0.807102	0.558655	-0.191029
53833	9.571771	0.650359	-1.905013	0.040812	0.055257	-0.176345	0.117667	0.163914	0.979432	0.578806	-0.812751	0.066483	0.806931	0.559078	-0.190508
53834	9.492755	0.547285	-1.786573	0.004960	0.053878	-0.177982	0.116167	0.165092	0.979413	0.579058	-0.812424	0.068263	0.806968	0.559207	-0.189975
53835	9.489471	0.544081	-1.626510	0.019083	0.055294	-0.190042	0.114594	0.166352	0.979385	0.579433	-0.811997	0.070124	0.806923	0.559452	-0.189440
53836	9.378926	0.563654	-1.412959	0.009342	0.032231	-0.190748	0.113194	0.167753	0.979309	0.579730	-0.811620	0.072020	0.806908	0.559582	-0.189122
53837	9.232412	0.518322	-1.168217	0.000225	0.017007	-0.194349	0.111905	0.169259	0.979198	0.579954	-0.811285	0.073956	0.806926	0.559614	-0.188949
53838	9.208327	0.321357	-1.127620	0.047002	-0.011622	-0.196463	0.110824	0.170950	0.979027	0.580556	-0.810681	0.075837	0.806643	0.559976	-0.189089
53839	9.389039	0.335693	-1.176446	0.125068	-0.028415	-0.201535	0.109856	0.172768	0.978817	0.581794	-0.809625	0.077608	0.805883	0.560944	-0.189458
53840	9.540570	0.385512	-1.188622	0.157928	-0.047032	-0.200292	0.109034	0.174685	0.978569	0.583289	-0.808383	0.079315	0.804914	0.562140	-0.190033
53841	9.944988	0.591116	-1.171233	0.157662	-0.079520	-0.200354	0.108477	0.176777	0.978255	0.584779	-0.807138	0.081010	0.803907	0.563275	-0.190931
53842	10.204046	0.731332	-1.065048	0.088365	-0.105206	-0.204476	0.108091	0.179052	0.977884	0.585714	-0.806269	0.082886	0.803278	0.563801	-0.192024
53843	10.229291	0.883522	-0.899462	0.055717	-0.137643	-0.207115	0.107956	0.181522	0.977443	0.586390	-0.805573	0.084839	0.802802	0.564004	-0.193409
53844	10.062808	0.889755	-0.685613	-0.002611	-0.178689	-0.205473	0.108151	0.184217	0.976917	0.586595	-0.805205	0.086898	0.802627	0.563657	-0.195144
53845	10.014487	0.596400	-0.545776	-0.045246	-0.220180	-0.209030	0.108663	0.187164	0.976300	0.586461	-0.805066	0.089064	0.802655	0.562884	-0.197246
53846	10.098051	0.228714	-0.475951	0.016638	-0.263048	-0.212962	0.109490	0.190391	0.975584	0.586831	-0.804562	0.091155	0.802273	0.562522	-0.199819
53847	10.160516	0.102695	-0.339281	0.097067	-0.320921	-0.223831	0.110719	0.194019	0.974730	0.587855	-0.803582	0.093178	0.801353	0.562684	-0.203027
53848	10.382870	0.137078	-0.219298	0.155088	-0.379719	-0.225498	0.112397	0.198000	0.973737	0.589353	-0.802259	0.095103	0.800019	0.563185	-0.206863
53849	10.551014	-0.001243	-0.126453	0.277225	-0.398819	-0.236296	0.114158	0.202163	0.972676	0.591839	-0.800216	0.096857	0.797931	0.564611	-0.210999
53850	10.359687	0.110268	-0.186880	0.322151	-0.378904	-0.260084	0.115599	0.206416	0.971612	0.594709	-0.797854	0.098745	0.795587	0.566411	-0.214989
53851	9.950706	0.086240	-0.499548	0.278856	-0.430295	-0.267517	0.117393	0.211009	0.970409	0.597239	-0.795708	0.100772	0.793426	0.567736	-0.219433
53852	9.878528	-0.037402	-0.799005	0.329378	-0.484762	-0.262639	0.119626	0.215884	0.969063	0.600164	-0.793265	0.102634	0.790881	0.569319	-0.224461
53853	9.759034	-0.008912	-1.093268	0.311302	-0.565043	-0.248657	0.122559	0.221093	0.967521	0.602926	-0.790941	0.104367	0.788327	0.570552	-0.230240
53854	9.959493	-0.233783	-1.298122	0.328106	-0.626213	-0.241982	0.125989	0.226613	0.965802	0.605813	-0.788516	0.105986	0.785568	0.571742	-0.236630
53855	10.056990	-0.528453	-1.505432	0.389705	-0.679007	-0.232385	0.129869	0.232348	0.963923	0.609171	-0.785743	0.107325	0.782333	0.573256	-0.243584
53856	10.150947	-0.396233	-1.589550	0.363718	-0.719655	-0.205307	0.134199	0.238120	0.961920	0.612287	-0.783163	0.108448	0.779164	0.574417	-0.250897
53857	10.185448	-0.800557	-1.510347	0.230949	-0.762751	-0.172633	0.139042	0.243870	0.959789	0.614324	-0.781412	0.109551	0.776707	0.574389	-0.258464
53858	10.506250	-1.227213	-1.578277	0.061228	-0.768316	-0.144503	0.144080	0.249437	0.957613	0.615009	-0.780694	0.110821	0.775245	0.572973	-0.265889
53859	10.455695	-1.423922	-1.812416	0.098206	-0.753774	-0.131373	0.149075	0.254791	0.955436	0.615963	-0.779795	0.111844	0.773541	0.571841	-0.273189
53860	10.214540	-1.472523	-2.094621	-0.046002	-0.742340	-0.153988	0.153830	0.260259	0.953206	0.615847	-0.779650	0.113486	0.772703	0.569571	-0.280213
53861	10.006292	-1.717410	-2.574850	0.036178	-0.737778	-0.188245	0.158332	0.265934	0.950900	0.616419	-0.778945	0.115205	0.771336	0.567911	-0.287259
53862	9.734520	-1.504496	-3.136598	0.130985	-0.723094	-0.210481	0.162568	0.271706	0.948550	0.617772	-0.777625	0.116868	0.769370	0.566988	-0.294269
53863	9.387834	-1.210892	-3.766075	0.258193	-0.701293	-0.226341	0.166521	0.277454	0.946198	0.620124	-0.775536	0.118276	0.766627	0.567065	-0.301199
53864	9.094833	-0.687388	-4.114867	0.436328	-0.648435	-0.226397	0.170035	0.282919	0.943952	0.623849	-0.772412	0.119131	0.762824	0.568626	-0.307836
53865	9.216542	0.063493	-3.968112	0.467496	-0.579847	-0.214246	0.173075	0.287888	0.941894	0.627774	-0.769132	0.119729	0.758910	0.570575	-0.313847
53866	9.185808	-0.356559	-3.886086	0.533101	-0.468619	-0.223099	0.175180	0.292311	0.940142	0.632204	-0.765424	0.120187	0.754738	0.573307	-0.318887
53867	8.533378	-2.082639	-4.183215	0.836872	-0.394616	-0.245729	0.176553	0.296471	0.938581	0.638928	-0.759875	0.119837	0.748732	0.578528	-0.323582
53868	8.248323	-3.592937	-4.178779	1.377927	-0.343546	-0.250957	0.177455	0.300401	0.937160	0.649631	-0.751077	0.117742	0.739249	0.587914	-0.328432
53869	8.406964	-3.544264	-3.855844	2.275760	-0.220520	-0.228390	0.177535	0.303425	0.936170	0.666688	-0.736816	0.112381	0.723884	0.604182	-0.333101
53870	8.573599	-2.868276	-3.623841	3.151300	-0.046928	-0.165653	0.176709	0.304947	0.935832	0.689465	-0.716898	0.103418	0.702433	0.626948	-0.336932
53871	8.427770	-1.616849	-3.544180	3.880354	0.169963	-0.099746	0.174809	0.304565	0.936313	0.716387	-0.691710	0.091252	0.675449	0.654811	-0.339104
53872	8.205114	-0.329859	-3.326110	4.251681	0.394594	-0.056797	0.171748	0.302332	0.937602	0.744569	-0.663042	0.077411	0.645073	0.684814	-0.338983
53873	7.992753	1.074952	-2.774688	4.366749	0.583480	-0.046138	0.167699	0.298548	0.939546	0.772129	-0.632325	0.063110	0.612939	0.714867	-0.336558
53874	7.641550	2.170735	-1.424676	3.959363	0.672309	-0.083330	0.162983	0.294190	0.941748	0.795952	-0.603233	0.050692	0.583007	0.741324	-0.332478
53875	8.400963	3.067575	-2.492003	3.791555	0.846640	-0.112347	0.157232	0.288468	0.944492	0.817694	-0.574311	0.039283	0.553764	0.766129	-0.326178
53876	8.919969	2.657132	-2.587306	2.841249	1.029718	-0.170590	0.150190	0.281460	0.947746	0.833387	-0.551774	0.031798	0.531892	0.785064	-0.317437
53877	9.177095	2.165726	-2.601855	2.241454	1.194162	-0.167234	0.142503	0.272896	0.951431	0.845371	-0.533526	0.026412	0.514821	0.800548	-0.306728
53878	9.487296	1.872677	-2.593090	1.691660	1.330630	-0.157859	0.134350	0.263009	0.955393	0.854199	-0.519443	0.022877	0.502290	0.813022	-0.294449
53879	9.645110	1.537551	-2.675514	1.216068	1.458306	-0.119916	0.126024	0.251691	0.959567	0.860418	-0.509174	0.020552	0.493760	0.823039	-0.280728
53880	9.808966	1.423004	-2.549410	0.718052	1.538500	-0.071454	0.117800	0.239349	0.963761	0.864040	-0.503052	0.019322	0.489447	0.830452	-0.266067
