// General information: 
//  MT Manager version: 2022.2.0 
//  XDA version: 2022.2.0 build 7381 rev 124627 built on 2023-07-19
// Device information: 
//  DeviceId: 00B4CB9F
//  ProductCode: MTW2-3A7G6
//  Firmware Version: 4.6.0
//  Hardware Version: 2.0.0
// Device settings: 
//  Filter Profile: human(46.1)
//  Option Flags: Orientation Smoother Disabled, Position/Velocity Smoother Disabled, Continuous Zero Rotation Update Disabled, AHS Disabled, ICC Disabled
// Coordinate system: ENU
PacketCounter	Acc_X	Acc_Y	Acc_Z	Gyr_X	Gyr_Y	Gyr_Z	Mat[1][1]	Mat[2][1]	Mat[3][1]	Mat[1][2]	Mat[2][2]	Mat[3][2]	Mat[1][3]	Mat[2][3]	Mat[3][3]
09333	9.659247	-0.562250	-1.967935	-0.013004	-0.006749	0.000740	-0.213294	-0.058814	0.975216	-0.519065	0.852475	-0.062115	-0.827694	-0.519449	-0.212356
09334	9.593907	-0.610080	-2.032967	-0.010825	-0.003984	-0.002650	-0.213365	-0.058850	0.975198	-0.518984	0.852525	-0.062102	-0.827726	-0.519363	-0.212441
09335	9.565057	-0.628403	-2.036375	-0.007664	-0.002462	-0.003262	-0.213440	-0.058801	0.975185	-0.518812	0.852627	-0.062142	-0.827815	-0.519201	-0.212491
09336	9.534142	-0.612425	-2.035477	-0.004599	-0.004182	-0.006226	-0.213493	-0.058869	0.975169	-0.518790	0.852643	-0.062106	-0.827815	-0.519168	-0.212574
09337	9.537077	-0.640719	-2.082319	-0.003354	-0.008002	-0.004090	-0.213652	-0.058904	0.975132	-0.518733	0.852675	-0.062148	-0.827810	-0.519111	-0.212731
09338	9.607219	-0.655595	-2.069367	-0.000407	-0.011738	0.004244	-0.213823	-0.058922	0.975094	-0.518724	0.852675	-0.062223	-0.827772	-0.519109	-0.212885
09339	9.628095	-0.647839	-2.125805	0.005692	-0.011749	0.004646	-0.214005	-0.058927	0.975054	-0.518791	0.852625	-0.062336	-0.827682	-0.519189	-0.213036
09340	9.584189	-0.580609	-2.133471	-0.000532	-0.011551	0.008225	-0.214194	-0.058909	0.975013	-0.518772	0.852628	-0.062451	-0.827645	-0.519187	-0.213189
09341	9.563690	-0.584271	-2.121197	-0.008584	-0.011251	0.009587	-0.214469	-0.058829	0.974958	-0.518593	0.852725	-0.062626	-0.827686	-0.519038	-0.213391
09342	9.548223	-0.651152	-2.159532	-0.017607	-0.011908	0.015492	-0.214700	-0.058751	0.974911	-0.518418	0.852820	-0.062775	-0.827736	-0.518889	-0.213558
09343	9.609569	-0.682767	-2.163597	-0.020738	-0.016855	0.009777	-0.214960	-0.058719	0.974856	-0.518216	0.852934	-0.062894	-0.827795	-0.518706	-0.213776
09344	9.579453	-0.707679	-2.126143	-0.016757	-0.010765	0.014936	-0.215178	-0.058640	0.974813	-0.518049	0.853025	-0.063039	-0.827843	-0.518565	-0.213930
09345	9.620693	-0.742375	-2.116328	-0.006528	-0.008300	0.010179	-0.215450	-0.058541	0.974759	-0.517883	0.853111	-0.063232	-0.827876	-0.518434	-0.214120
09346	9.595301	-0.683291	-2.052844	0.005988	-0.002034	0.011699	-0.215579	-0.058444	0.974736	-0.517911	0.853082	-0.063395	-0.827825	-0.518493	-0.214176
09347	9.624035	-0.665687	-2.049840	0.011947	0.000342	0.008759	-0.215769	-0.058305	0.974702	-0.517886	0.853081	-0.063614	-0.827791	-0.518510	-0.214264
09348	9.615403	-0.682442	-2.066019	0.016078	0.002820	0.003602	-0.215816	-0.058252	0.974695	-0.518014	0.852995	-0.063720	-0.827698	-0.518658	-0.214266
09349	9.551649	-0.618185	-2.058846	0.020485	0.000518	0.005125	-0.215867	-0.058157	0.974689	-0.518166	0.852892	-0.063870	-0.827590	-0.518839	-0.214247
09350	9.572938	-0.655774	-2.034467	0.021955	-0.000249	0.005634	-0.215951	-0.058103	0.974674	-0.518339	0.852776	-0.064008	-0.827460	-0.519034	-0.214275
09351	9.554448	-0.649217	-2.105123	0.025294	-0.006747	0.009350	-0.216021	-0.058028	0.974663	-0.518589	0.852612	-0.064177	-0.827285	-0.519313	-0.214275
09352	9.561776	-0.595001	-2.126837	0.015897	-0.005863	0.006227	-0.216154	-0.057998	0.974635	-0.518710	0.852528	-0.064307	-0.827174	-0.519453	-0.214361
09353	9.606104	-0.658721	-2.162472	0.006837	-0.000885	0.011143	-0.216201	-0.057852	0.974633	-0.518745	0.852495	-0.064470	-0.827140	-0.519525	-0.214320
09354	9.576242	-0.684057	-2.123670	0.013199	-0.003476	0.010904	-0.216338	-0.057770	0.974608	-0.518834	0.852428	-0.064640	-0.827049	-0.519644	-0.214385
09355	9.574074	-0.651180	-2.119639	0.013200	-0.003476	0.010905	-0.216411	-0.057707	0.974595	-0.519049	0.852285	-0.064791	-0.826894	-0.519884	-0.214397
09356	9.604792	-0.667849	-2.121140	0.013685	-0.002998	0.008634	-0.216532	-0.057641	0.974572	-0.519147	0.852214	-0.064941	-0.826801	-0.520008	-0.214456
09357	9.565200	-0.669390	-2.136387	0.008794	-0.001173	0.009382	-0.216683	-0.057616	0.974540	-0.519339	0.852086	-0.065095	-0.826641	-0.520222	-0.214555
09358	9.570036	-0.630738	-2.031423	0.011780	0.008361	0.004432	-0.216689	-0.057528	0.974544	-0.519430	0.852022	-0.065200	-0.826582	-0.520336	-0.214505
09359	9.592077	-0.515157	-1.972871	-0.000420	0.008394	0.003629	-0.216707	-0.057421	0.974546	-0.519432	0.852013	-0.065303	-0.826576	-0.520362	-0.214464
09360	9.602869	-0.533947	-1.959894	-0.010066	0.009657	0.008464	-0.216723	-0.057292	0.974551	-0.519334	0.852065	-0.065400	-0.826634	-0.520291	-0.214416
09361	9.613931	-0.700129	-2.022499	-0.028588	0.006655	0.008892	-0.216823	-0.057228	0.974532	-0.519211	0.852134	-0.065478	-0.826685	-0.520185	-0.214475
09362	9.618989	-0.763692	-2.072236	-0.018377	0.012540	0.010471	-0.216825	-0.057066	0.974541	-0.519040	0.852230	-0.065577	-0.826791	-0.520045	-0.214405
09363	9.582568	-0.793996	-2.132634	-0.004571	0.009349	0.015126	-0.216915	-0.056820	0.974536	-0.518883	0.852309	-0.065801	-0.826867	-0.519943	-0.214361
09364	9.537243	-0.795914	-2.289501	0.007924	0.001108	0.016281	-0.217042	-0.056668	0.974516	-0.518917	0.852272	-0.066013	-0.826812	-0.520020	-0.214385
09365	9.524476	-0.745287	-2.297325	0.019537	-0.002647	0.017008	-0.217234	-0.056601	0.974477	-0.519220	0.852069	-0.066255	-0.826571	-0.520361	-0.214487
09366	9.527142	-0.776113	-2.343957	0.023117	-0.009523	0.012763	-0.217431	-0.056535	0.974437	-0.519387	0.851950	-0.066465	-0.826414	-0.520562	-0.214604
09367	9.557671	-0.793192	-2.345929	0.025557	-0.009338	0.008730	-0.217701	-0.056492	0.974379	-0.519560	0.851827	-0.066696	-0.826235	-0.520768	-0.214795
09368	9.562330	-0.755380	-2.241435	0.042204	0.002819	0.011432	-0.217790	-0.056373	0.974366	-0.519887	0.851608	-0.066934	-0.826005	-0.521138	-0.214779
09369	9.587352	-0.714901	-2.149670	0.039271	0.004355	0.010420	-0.217799	-0.056215	0.974373	-0.520211	0.851393	-0.067161	-0.825799	-0.521508	-0.214676
09370	9.585475	-0.682594	-2.144409	0.036182	0.011711	0.012394	-0.217818	-0.056041	0.974379	-0.520487	0.851206	-0.067396	-0.825620	-0.521832	-0.214577
09371	9.560564	-0.623922	-2.079325	0.031674	0.010772	0.008519	-0.217821	-0.055879	0.974388	-0.520730	0.851041	-0.067602	-0.825466	-0.522118	-0.214473
09372	9.581851	-0.514333	-1.978506	0.021529	0.013763	0.008294	-0.217803	-0.055729	0.974400	-0.520893	0.850928	-0.067765	-0.825368	-0.522318	-0.214363
09373	9.568516	-0.423405	-2.022822	-0.000203	0.014886	0.008323	-0.217810	-0.055543	0.974409	-0.520854	0.850940	-0.067922	-0.825391	-0.522319	-0.214273
09374	9.642892	-0.360125	-1.940551	-0.031841	0.019862	0.013816	-0.217770	-0.055314	0.974431	-0.520565	0.851108	-0.068024	-0.825584	-0.522068	-0.214140
09375	9.685702	-0.433825	-1.889757	-0.083501	0.028249	0.018227	-0.217724	-0.054964	0.974461	-0.519794	0.851572	-0.068106	-0.826081	-0.521348	-0.213978
09376	9.617031	-0.560901	-2.018448	-0.106563	0.033392	0.020135	-0.217605	-0.054611	0.974508	-0.518874	0.852133	-0.068110	-0.826691	-0.520468	-0.213765
09377	9.551178	-0.658695	-1.958598	-0.109719	0.037510	0.019806	-0.217373	-0.054328	0.974575	-0.518193	0.852552	-0.068054	-0.827179	-0.519811	-0.213474
09378	9.506415	-0.601310	-1.878368	-0.097127	0.038131	0.022374	-0.217226	-0.053931	0.974630	-0.517345	0.853063	-0.068101	-0.827748	-0.519013	-0.213208
09379	9.538849	-0.759020	-1.994820	-0.079000	0.025949	0.019885	-0.217143	-0.053626	0.974666	-0.516736	0.853427	-0.068167	-0.828150	-0.518447	-0.213026
09380	9.579728	-0.901393	-2.095678	-0.052392	0.020771	0.026432	-0.217160	-0.053285	0.974681	-0.516249	0.853707	-0.068349	-0.828449	-0.518021	-0.212899
09381	9.545482	-0.921599	-2.239635	-0.015436	0.015640	0.031550	-0.217110	-0.053079	0.974703	-0.516491	0.853543	-0.068564	-0.828312	-0.518311	-0.212727
09382	9.537108	-0.895383	-2.334114	0.028452	0.013828	0.029183	-0.217198	-0.052751	0.974701	-0.516668	0.853405	-0.068945	-0.828178	-0.518572	-0.212613
09383	9.564374	-0.654436	-2.328582	0.055643	0.012354	0.035814	-0.217349	-0.052382	0.974687	-0.517126	0.853085	-0.069469	-0.827852	-0.519136	-0.212506
09384	9.908846	-0.361844	-2.321630	0.039608	0.033130	0.037974	-0.217323	-0.051879	0.974720	-0.517377	0.852893	-0.069959	-0.827703	-0.519501	-0.212195
09385	9.857794	-0.211233	-2.184302	0.003661	0.068426	0.033097	-0.216917	-0.051258	0.974843	-0.517473	0.852807	-0.070304	-0.827749	-0.519705	-0.211513
09386	9.380460	-0.371670	-1.955325	-0.097481	0.065731	0.015772	-0.216506	-0.050774	0.974960	-0.516636	0.853315	-0.070288	-0.828379	-0.518917	-0.210980
09387	9.268309	-0.372535	-1.854707	-0.170002	0.037454	0.034548	-0.216447	-0.050259	0.975000	-0.515151	0.854209	-0.070329	-0.829319	-0.517495	-0.210782
09388	9.325592	-0.443631	-1.960733	-0.199936	0.003489	0.061192	-0.216784	-0.049711	0.974953	-0.513364	0.855267	-0.070540	-0.830338	-0.515798	-0.210928
09389	9.500440	-0.515611	-2.023508	-0.224984	-0.013203	0.076897	-0.217360	-0.049246	0.974848	-0.511614	0.856292	-0.070817	-0.831267	-0.514139	-0.211319
09390	9.650701	-0.669335	-2.142190	-0.264235	-0.015854	0.088398	-0.217995	-0.048563	0.974741	-0.509229	0.857685	-0.071155	-0.832565	-0.511878	-0.211700
09391	9.608894	-0.925057	-2.352363	-0.269022	-0.008187	0.092496	-0.218578	-0.047830	0.974647	-0.506897	0.859034	-0.071523	-0.833834	-0.509679	-0.212011
09392	9.540637	-1.126083	-2.456741	-0.232986	-0.007667	0.080301	-0.219100	-0.047171	0.974561	-0.504783	0.860251	-0.071847	-0.834979	-0.507684	-0.212292
09393	9.454964	-1.071761	-2.397142	-0.167768	-0.011620	0.072051	-0.219585	-0.046613	0.974479	-0.503306	0.861085	-0.072224	-0.835742	-0.506321	-0.212542
09394	9.471297	-1.043515	-2.366816	-0.119633	-0.022658	0.058256	-0.220119	-0.046218	0.974378	-0.502183	0.861711	-0.072573	-0.836277	-0.505291	-0.212889
09395	9.610291	-1.078809	-2.342594	-0.077002	-0.028837	0.057851	-0.220719	-0.045796	0.974262	-0.501340	0.862161	-0.073052	-0.836625	-0.504560	-0.213254
09396	9.636487	-1.030416	-2.337165	-0.035006	-0.021827	0.054495	-0.221226	-0.045428	0.974164	-0.500932	0.862356	-0.073544	-0.836736	-0.504260	-0.213532
09397	9.488944	-0.779827	-2.462625	0.029293	-0.023789	0.048910	-0.221660	-0.045130	0.974079	-0.501200	0.862152	-0.074108	-0.836460	-0.504635	-0.213723
09398	9.434454	-0.517539	-2.398978	0.029164	-0.036011	0.041057	-0.222218	-0.044949	0.973960	-0.501358	0.862018	-0.074606	-0.836217	-0.504881	-0.214091
09399	9.468640	-0.500576	-2.299752	-0.045181	-0.061426	0.058552	-0.223084	-0.044749	0.973772	-0.500887	0.862246	-0.075126	-0.836269	-0.504509	-0.214767
09400	9.615249	-0.748770	-2.266956	-0.095458	-0.067588	0.075455	-0.224078	-0.044430	0.973558	-0.499925	0.862755	-0.075691	-0.836579	-0.503667	-0.215536
09401	9.673730	-0.919446	-2.082615	-0.099729	-0.052865	0.085926	-0.224940	-0.043979	0.973380	-0.499068	0.863194	-0.076330	-0.836859	-0.502953	-0.216115
09402	9.649258	-0.808222	-1.828527	-0.085585	-0.038646	0.089465	-0.225761	-0.043392	0.973216	-0.498156	0.863657	-0.077052	-0.837181	-0.502209	-0.216596
09403	9.654705	-0.812410	-1.731965	-0.061551	-0.028441	0.083350	-0.226488	-0.042841	0.973071	-0.497543	0.863946	-0.077770	-0.837350	-0.501758	-0.216989
09404	9.611278	-0.617851	-1.576976	-0.035807	-0.018246	0.083435	-0.227107	-0.042203	0.972955	-0.497059	0.864155	-0.078540	-0.837469	-0.501453	-0.217233
09405	9.666499	-0.428113	-1.362424	-0.045128	-0.017234	0.080409	-0.227682	-0.041656	0.972844	-0.496685	0.864306	-0.079235	-0.837535	-0.501238	-0.217477
09406	9.689256	-0.540619	-1.351477	-0.078221	-0.021034	0.074629	-0.228280	-0.041108	0.972727	-0.495866	0.864723	-0.079826	-0.837858	-0.500565	-0.217783
09407	9.730428	-0.703103	-1.233302	-0.082857	-0.004673	0.076051	-0.228700	-0.040615	0.972649	-0.495361	0.864963	-0.080357	-0.838042	-0.500190	-0.217936
09408	9.700232	-0.815142	-1.121950	-0.048741	0.011386	0.075471	-0.229030	-0.039897	0.972601	-0.494786	0.865230	-0.081020	-0.838292	-0.499785	-0.217904
09409	9.718475	-0.957586	-1.255331	0.027008	0.013061	0.057898	-0.229226	-0.039272	0.972581	-0.494869	0.865118	-0.081702	-0.838189	-0.500028	-0.217742
09410	9.712612	-1.000603	-1.358587	0.125880	0.019270	0.053425	-0.229381	-0.038705	0.972567	-0.495807	0.864502	-0.082532	-0.837592	-0.501137	-0.217490
09411	9.775983	-1.108062	-1.368172	0.188244	0.028574	0.047640	-0.229333	-0.038133	0.972601	-0.497428	0.863484	-0.083436	-0.836643	-0.502933	-0.216994
09412	9.805546	-1.178246	-1.284951	0.261557	0.047328	0.043692	-0.229206	-0.037509	0.972655	-0.499520	0.862175	-0.084463	-0.835430	-0.505221	-0.216352
09413	9.792002	-1.105053	-1.235701	0.346449	0.070242	0.036299	-0.228784	-0.036905	0.972778	-0.502603	0.860272	-0.085569	-0.833696	-0.508497	-0.215365
09414	9.786442	-0.942339	-1.199361	0.438051	0.093708	0.031343	-0.228212	-0.036150	0.972940	-0.506185	0.858041	-0.086850	-0.831683	-0.512308	-0.214114
09415	9.702325	-0.698674	-1.266842	0.516182	0.109293	0.024096	-0.227397	-0.035383	0.973159	-0.510638	0.855258	-0.088224	-0.829180	-0.516993	-0.212551
09416	9.719092	-0.489048	-1.322183	0.560790	0.124203	0.023882	-0.226542	-0.034527	0.973389	-0.515232	0.852346	-0.089679	-0.826568	-0.521837	-0.210882
09417	9.783265	-0.271133	-1.304537	0.528156	0.139175	0.041765	-0.225614	-0.033488	0.973641	-0.519745	0.849437	-0.091221	-0.823992	-0.526626	-0.209050
09418	9.853017	-0.112110	-1.379228	0.465133	0.165484	0.047193	-0.224549	-0.032206	0.973930	-0.523473	0.846986	-0.092683	-0.821921	-0.530638	-0.207049
09419	9.894481	0.014886	-1.186910	0.399345	0.205493	0.054933	-0.223204	-0.030704	0.974288	-0.526787	0.844777	-0.094062	-0.820168	-0.534237	-0.204732
09420	10.059519	0.149295	-0.843075	0.336836	0.271646	0.050330	-0.221295	-0.028818	0.974781	-0.529442	0.842979	-0.095273	-0.818975	-0.537174	-0.201804
09421	10.345300	0.544647	-0.260598	0.184372	0.338785	0.036457	-0.218773	-0.026757	0.975409	-0.531039	0.841890	-0.096012	-0.818618	-0.538985	-0.198392
09422	10.588732	0.646603	0.495300	0.016169	0.413072	0.025438	-0.215576	-0.024311	0.976184	-0.531123	0.841801	-0.096327	-0.819412	-0.539240	-0.194384
09423	10.657633	0.618740	1.299216	-0.112136	0.542566	0.001697	-0.211084	-0.021431	0.977233	-0.530507	0.842213	-0.096120	-0.820979	-0.538718	-0.189147
09424	10.790225	0.657045	2.346203	-0.133068	0.741889	-0.034498	-0.204853	-0.017723	0.978632	-0.529492	0.842914	-0.095571	-0.823209	-0.537756	-0.182058
09425	10.744878	1.321825	3.547552	-0.074934	0.950634	-0.098810	-0.196470	-0.013457	0.980417	-0.529287	0.843165	-0.094493	-0.825382	-0.537487	-0.172779
09426	10.828250	1.729822	4.367781	-0.033072	1.131677	-0.145034	-0.186399	-0.008593	0.982436	-0.529299	0.843317	-0.093049	-0.827706	-0.537347	-0.161742
09427	10.987310	1.919419	5.049359	-0.055304	1.275627	-0.160326	-0.175029	-0.003090	0.984558	-0.529168	0.843577	-0.091425	-0.830268	-0.536999	-0.149285
09428	11.647089	2.007899	5.464609	-0.102789	1.411611	-0.176046	-0.162408	0.003004	0.986719	-0.528620	0.844119	-0.089578	-0.833178	-0.536147	-0.135503
09429	12.224957	2.008867	5.886643	-0.246062	1.562117	-0.207248	-0.148276	0.009590	0.988900	-0.527038	0.845354	-0.087222	-0.836806	-0.534121	-0.120291
09430	11.809476	1.644659	4.653094	-0.301202	1.602598	-0.288607	-0.133367	0.015692	0.990942	-0.524929	0.846985	-0.084060	-0.840632	-0.531385	-0.104723
09431	12.132342	1.032643	4.476033	-0.542027	1.685726	-0.335867	-0.117418	0.021749	0.992844	-0.520866	0.849861	-0.080217	-0.845524	-0.526558	-0.088461
09432	11.600377	0.270137	3.370414	-0.550640	1.653044	-0.318966	-0.101800	0.027702	0.994419	-0.516559	0.852815	-0.076638	-0.850179	-0.521478	-0.072507
09433	11.480367	0.059736	2.535693	-0.605857	1.607519	-0.278016	-0.086687	0.033675	0.995666	-0.511715	0.856005	-0.073504	-0.854771	-0.515869	-0.056973
09434	11.535069	-0.407207	1.499773	-0.635325	1.451201	-0.250514	-0.073027	0.038976	0.996568	-0.506483	0.859344	-0.070724	-0.859152	-0.509910	-0.043015
09435	11.752344	-0.566906	0.646993	-0.623773	1.331924	-0.208672	-0.060501	0.043913	0.997202	-0.501562	0.862413	-0.068407	-0.863003	-0.504297	-0.030152
09436	12.036889	-0.701380	-0.175971	-0.624489	1.193590	-0.205437	-0.049204	0.048129	0.997628	-0.496288	0.865627	-0.066238	-0.866762	-0.498371	-0.018707
09437	12.221718	-0.195905	-0.549965	-0.580043	1.115317	-0.283978	-0.038219	0.051224	0.997956	-0.491036	0.868829	-0.063401	-0.870301	-0.492455	-0.008053
09438	12.530573	0.248694	-0.432339	-0.564356	1.121064	-0.423103	-0.026429	0.053039	0.998243	-0.486268	0.871802	-0.059196	-0.873410	-0.486978	0.002751
09439	12.185809	0.090539	-1.332864	-0.544972	1.180243	-0.567378	-0.013414	0.053827	0.998460	-0.481436	0.874839	-0.053631	-0.876379	-0.481414	0.014179
09440	11.660869	-0.078938	-2.393271	-0.536267	1.127074	-0.666341	-0.000381	0.053393	0.998574	-0.476792	0.877753	-0.047114	-0.879016	-0.476130	0.025123
09441	10.929942	-0.860652	-2.706337	-0.589346	1.141521	-0.742641	0.013181	0.052304	0.998544	-0.471293	0.881072	-0.039930	-0.881878	-0.470080	0.036264
09442	10.679666	-1.559352	-2.786625	-0.529141	1.179904	-0.755566	0.027091	0.051161	0.998323	-0.466486	0.883926	-0.032640	-0.884114	-0.464819	0.047812
09443	10.350231	-2.076459	-3.316525	-0.420394	1.192709	-0.730837	0.041042	0.050258	0.997893	-0.462417	0.886293	-0.025619	-0.885712	-0.460391	0.059616
09444	9.991871	-2.041263	-3.567613	-0.199193	1.157393	-0.684771	0.054403	0.049509	0.997291	-0.460344	0.887538	-0.018949	-0.886072	-0.458066	0.071077
09445	9.926916	-1.138033	-3.458701	0.026387	1.122865	-0.654023	0.067355	0.048903	0.996530	-0.460144	0.887757	-0.012465	-0.885286	-0.457708	0.082297
09446	10.030306	0.251410	-3.161036	0.096421	1.177157	-0.664176	0.080774	0.048407	0.995556	-0.460525	0.887628	-0.005795	-0.883964	-0.458010	0.093990
09447	9.858658	1.248895	-2.868939	-0.028412	1.223764	-0.702068	0.094809	0.047827	0.994346	-0.459749	0.888048	0.001122	-0.882973	-0.457256	0.106183
09448	9.798741	1.469233	-2.544148	-0.300006	1.198703	-0.712910	0.108608	0.046962	0.992975	-0.456395	0.889743	0.007839	-0.883124	-0.454040	0.118066
09449	9.607984	0.826355	-2.381496	-0.575689	1.186063	-0.714441	0.122320	0.045982	0.991425	-0.450544	0.892641	0.014186	-0.884335	-0.448416	0.129905
09450	9.516022	0.084663	-2.158179	-0.741723	1.185385	-0.742385	0.136079	0.044626	0.989692	-0.443041	0.896267	0.020503	-0.886114	-0.441264	0.141735
09451	9.288738	-0.571131	-1.794479	-0.802771	1.201234	-0.754126	0.150030	0.043129	0.987740	-0.434882	0.900090	0.026753	-0.887901	-0.433564	0.153797
09452	9.104414	-1.169021	-1.554223	-0.792137	1.201838	-0.762050	0.163943	0.041432	0.985599	-0.426669	0.903807	0.032977	-0.889425	-0.425931	0.165851
09453	8.733063	-1.635622	-1.338546	-0.705347	1.181320	-0.755594	0.177631	0.039602	0.983300	-0.419138	0.907077	0.039184	-0.890377	-0.419099	0.177724
09454	8.245846	-1.801320	-1.032615	-0.581323	1.160356	-0.726910	0.190937	0.037841	0.980873	-0.412645	0.909768	0.045228	-0.890655	-0.413388	0.189324
09455	7.815508	-1.837692	-0.748399	-0.482441	1.138848	-0.680959	0.203845	0.036345	0.978328	-0.407047	0.911986	0.050932	-0.890371	-0.408608	0.200697
09456	7.535882	-1.756944	-0.556349	-0.406393	1.084544	-0.633550	0.216011	0.034983	0.975764	-0.402124	0.913855	0.056257	-0.889739	-0.404530	0.211471
09457	7.351819	-1.457534	-0.462713	-0.356964	1.000034	-0.585154	0.227215	0.033692	0.973262	-0.397702	0.915474	0.061155	-0.888935	-0.400964	0.221409
09458	7.242804	-0.970043	-0.501419	-0.311298	0.898873	-0.548118	0.237321	0.032273	0.970895	-0.393688	0.916889	0.065753	-0.888081	-0.397835	0.230303
09459	7.141488	-0.652365	-0.433576	-0.298809	0.794726	-0.514256	0.246357	0.030742	0.968692	-0.389847	0.918215	0.070005	-0.887315	-0.394888	0.238193
09460	7.040508	-0.287092	-0.170303	-0.317842	0.705751	-0.491975	0.254476	0.029011	0.966644	-0.385821	0.919603	0.073971	-0.886783	-0.391776	0.245210
09461	7.068632	-0.074252	-0.063949	-0.340134	0.600964	-0.463490	0.261545	0.027128	0.964810	-0.381664	0.921041	0.077566	-0.886525	-0.388520	0.251248
09462	7.174027	0.062833	-0.199750	-0.395765	0.482085	-0.413939	0.267341	0.025190	0.963273	-0.377087	0.922671	0.080526	-0.886755	-0.384765	0.256167
09463	7.113828	0.007216	-0.299404	-0.438681	0.346480	-0.332452	0.271620	0.023482	0.962118	-0.372351	0.924413	0.082558	-0.887456	-0.380670	0.259833
09464	6.867605	-0.160641	-0.283341	-0.512489	0.088555	-0.217904	0.273164	0.021815	0.961720	-0.367231	0.926393	0.083294	-0.889113	-0.375927	0.261068
09465	7.205401	-0.568436	-0.411675	-0.609601	-0.198257	-0.113045	0.271767	0.020060	0.962154	-0.361543	0.928675	0.082758	-0.891868	-0.370351	0.259636
09466	7.501607	-1.211492	-0.424625	-0.598836	-0.405221	-0.032550	0.268215	0.018283	0.963186	-0.356131	0.930875	0.081501	-0.895115	-0.364880	0.256186
09467	8.465363	-1.785000	-0.504022	-0.442987	-0.467169	0.024591	0.263892	0.016854	0.964405	-0.352276	0.932462	0.080099	-0.897921	-0.360875	0.252006
09468	8.612893	-1.161139	-0.252124	-0.075451	-0.474653	0.047643	0.259410	0.015602	0.965641	-0.351749	0.932719	0.079424	-0.899432	-0.360267	0.247444
09469	8.684935	2.555013	0.042316	0.473642	-0.645135	-0.148749	0.254081	0.011920	0.967109	-0.355686	0.931004	0.081972	-0.899405	-0.364815	0.240790
09470	9.776365	4.793438	1.410337	0.673884	-0.478716	-0.433493	0.251282	0.006143	0.967894	-0.360674	0.928555	0.087744	-0.898204	-0.371143	0.235545
09471	10.974596	3.897984	4.113090	0.661960	-0.260796	-0.504031	0.250718	0.000510	0.968060	-0.365378	0.926087	0.094141	-0.896459	-0.377310	0.232373
09472	10.554973	1.919981	6.793612	0.823216	-0.178267	-0.392701	0.250521	-0.003785	0.968104	-0.371789	0.922935	0.099818	-0.893875	-0.384937	0.229807
09473	9.701387	-0.754913	7.991724	0.958647	-0.315195	-0.112783	0.248083	-0.006039	0.968720	-0.380088	0.919190	0.103068	-0.891060	-0.393768	0.225740
09474	8.432204	-3.307468	7.727802	0.705240	-0.543167	0.256894	0.242212	-0.005824	0.970206	-0.387023	0.916398	0.102121	-0.889689	-0.400227	0.219709
09475	8.982549	-1.874517	8.012662	0.497525	-0.577905	0.314382	0.235806	-0.005221	0.971786	-0.392270	0.914387	0.100098	-0.889112	-0.404806	0.213570
09476	10.158125	0.637629	8.440522	0.324409	-0.606221	0.305386	0.229163	-0.004880	0.973376	-0.395890	0.913077	0.097783	-0.889244	-0.407758	0.207311
09477	9.808903	2.762992	8.385559	0.150771	-0.750943	0.280959	0.221334	-0.005302	0.975184	-0.397973	0.912435	0.095287	-0.890297	-0.409187	0.199843
09478	7.424344	2.802114	5.284477	-0.095901	-1.013606	0.155626	0.211628	-0.008011	0.977317	-0.397480	0.912829	0.093553	-0.892874	-0.408262	0.189996
09479	6.218707	1.707815	2.931230	-0.373355	-1.185145	0.064379	0.200745	-0.012158	0.979568	-0.394385	0.914311	0.092170	-0.896751	-0.404830	0.178748
09480	5.712601	1.663149	0.756310	-0.361283	-1.412659	0.054188	0.187785	-0.017343	0.982057	-0.391268	0.915768	0.090989	-0.900914	-0.401334	0.165181
09481	6.752999	1.593390	-0.630507	-0.429805	-1.696397	0.108988	0.172016	-0.023041	0.984825	-0.387688	0.917466	0.089181	-0.905598	-0.397145	0.148886
09482	8.900851	0.730793	-0.728721	-0.508993	-1.849975	0.177493	0.154482	-0.028696	0.987579	-0.383380	0.919514	0.086689	-0.910580	-0.392009	0.131046
09483	11.726419	-0.451121	0.127792	-0.421785	-1.804937	0.217111	0.137156	-0.033669	0.989977	-0.379941	0.921192	0.083969	-0.914786	-0.387650	0.113554
09484	15.038335	-0.269232	4.432613	-0.202812	-1.281898	0.179530	0.124683	-0.036955	0.991508	-0.378341	0.922032	0.081942	-0.917231	-0.385345	0.100980
09485	14.892251	0.165433	6.251704	-0.191206	-0.781987	0.106142	0.117081	-0.038908	0.992360	-0.376823	0.922769	0.080638	-0.918856	-0.383385	0.093377
09486	13.461671	-0.568342	4.341114	-0.237963	-0.581840	0.030470	0.111566	-0.040836	0.992918	-0.374692	0.923684	0.080089	-0.920412	-0.380973	0.087751
09487	13.062895	-0.466396	4.048043	-0.182673	-0.333305	0.043368	0.108320	-0.041612	0.993245	-0.373192	0.924348	0.079424	-0.921409	-0.379274	0.084596
09488	12.494150	0.285439	4.214363	-0.279410	-0.204680	0.083077	0.106074	-0.041602	0.993488	-0.370727	0.925432	0.078334	-0.922664	-0.376622	0.082741
09489	11.376389	0.171997	2.820868	-0.427347	-0.308087	0.065030	0.102979	-0.042050	0.993794	-0.367003	0.927006	0.077254	-0.924502	-0.372681	0.080030
09490	10.079546	-0.368041	0.204622	-0.381012	-0.507598	-0.056219	0.098437	-0.044439	0.994151	-0.363444	0.928388	0.077486	-0.926401	-0.368945	0.075237
09491	8.678953	-0.144923	-1.692379	-0.159735	-0.677456	-0.193482	0.092852	-0.048620	0.994492	-0.361943	0.928829	0.079203	-0.927564	-0.367304	0.068646
09492	7.641601	0.811553	-2.533499	0.020119	-0.783511	-0.238694	0.086396	-0.053699	0.994813	-0.361939	0.928627	0.081559	-0.928190	-0.367107	0.060794
09493	7.440197	1.325303	-3.070952	0.040718	-0.916573	-0.171068	0.078494	-0.058551	0.995194	-0.362331	0.928329	0.083195	-0.928738	-0.367120	0.051654
09494	8.009257	1.436897	-3.083169	-0.070457	-1.022599	-0.039954	0.069087	-0.062654	0.995641	-0.361670	0.928557	0.083528	-0.929743	-0.365864	0.041491
09495	9.281908	0.979415	-2.966478	-0.262801	-1.058986	0.045356	0.059052	-0.066005	0.996070	-0.359388	0.929499	0.082900	-0.931318	-0.362872	0.031168
09496	10.515849	-0.234060	-2.748631	-0.447864	-0.992822	0.049626	0.049568	-0.069106	0.996377	-0.355262	0.931141	0.082255	-0.933452	-0.358052	0.021604
09497	11.128122	-1.427386	-2.465872	-0.488198	-0.844635	-0.004726	0.041670	-0.072076	0.996528	-0.350819	0.932834	0.082139	-0.935516	-0.353023	0.013585
09498	10.937925	-1.817866	-1.887980	-0.391839	-0.700244	-0.088154	0.035371	-0.075340	0.996530	-0.347137	0.934139	0.082944	-0.937147	-0.348867	0.006888
09499	10.426189	-1.446378	-1.543018	-0.243239	-0.627572	-0.153098	0.029991	-0.078868	0.996434	-0.344941	0.934825	0.084374	-0.938145	-0.346241	0.000832
09500	10.124179	-0.918051	-1.217723	-0.115104	-0.609612	-0.206033	0.024930	-0.082884	0.996247	-0.343825	0.935051	0.086396	-0.938703	-0.344689	-0.005186
09501	9.836151	-0.431601	-0.746023	-0.025102	-0.607919	-0.251185	0.020063	-0.087235	0.995986	-0.343687	0.934876	0.088805	-0.938870	-0.344089	-0.011225
09502	9.618755	0.280000	-0.387199	0.048037	-0.635237	-0.279752	0.015012	-0.092018	0.995644	-0.344110	0.934455	0.091551	-0.938809	-0.343986	-0.017637
09503	9.577475	0.953563	-0.117265	0.075689	-0.664182	-0.280866	0.009718	-0.096840	0.995253	-0.344924	0.933888	0.094237	-0.938580	-0.344202	-0.024327
09504	9.558984	1.229968	-0.043478	0.092657	-0.671952	-0.284228	0.004344	-0.101790	0.994796	-0.345795	0.933282	0.097006	-0.938300	-0.344417	-0.031144
09505	9.535281	1.552239	0.060950	0.163479	-0.660376	-0.308740	-0.000803	-0.106860	0.994274	-0.347473	0.932351	0.099924	-0.937690	-0.345403	-0.037879
09506	9.506403	1.772307	-0.089194	0.213376	-0.656367	-0.304976	-0.005941	-0.111956	0.993695	-0.349504	0.931274	0.102833	-0.936916	-0.346690	-0.044662
09507	9.414583	1.771671	-0.530898	0.232053	-0.673515	-0.271316	-0.011322	-0.116741	0.993098	-0.351833	0.930118	0.105326	-0.935994	-0.348212	-0.051604
09508	9.362477	1.618523	-1.004654	0.243188	-0.664673	-0.224605	-0.016796	-0.121131	0.992494	-0.354160	0.928999	0.107388	-0.935034	-0.349698	-0.058504
09509	9.441351	1.545749	-1.408924	0.257771	-0.650274	-0.177726	-0.022267	-0.124986	0.991909	-0.356729	0.927839	0.108904	-0.933943	-0.351418	-0.065246
09510	9.572246	1.359265	-1.783857	0.264678	-0.633459	-0.132589	-0.027754	-0.128430	0.991330	-0.359253	0.926734	0.110003	-0.932827	-0.353086	-0.071860
09511	9.745654	1.206600	-1.956289	0.255706	-0.612334	-0.109266	-0.033091	-0.131537	0.990759	-0.361801	0.925647	0.110809	-0.931668	-0.354790	-0.078221
09512	9.874552	1.091283	-1.937081	0.234552	-0.565548	-0.109144	-0.038011	-0.134541	0.990179	-0.364044	0.924664	0.111665	-0.930606	-0.356224	-0.084126
09513	9.923018	1.294095	-1.689474	0.194656	-0.519887	-0.118059	-0.042442	-0.137423	0.989603	-0.366014	0.923774	0.112584	-0.929641	-0.357430	-0.089505
09514	9.797437	1.281687	-1.823266	0.136888	-0.505165	-0.117940	-0.046753	-0.140302	0.989004	-0.367359	0.923117	0.113589	-0.928903	-0.358009	-0.094700
09515	9.794194	1.197439	-1.634506	0.105858	-0.462462	-0.145932	-0.050536	-0.143241	0.988397	-0.368535	0.922492	0.114847	-0.928239	-0.358455	-0.099409
09516	9.802367	1.141136	-1.341294	0.088692	-0.424484	-0.152579	-0.053962	-0.146154	0.987789	-0.369458	0.921950	0.116229	-0.927679	-0.358674	-0.103748
09517	9.950085	1.058491	-1.025695	0.058572	-0.388787	-0.155880	-0.057024	-0.148925	0.987203	-0.370190	0.921479	0.117626	-0.927204	-0.358746	-0.107677
09518	10.124351	1.100210	-0.496011	0.025438	-0.344243	-0.149621	-0.059711	-0.151521	0.986649	-0.370534	0.921159	0.119040	-0.926898	-0.358479	-0.111147
09519	10.099336	1.208608	-0.317920	0.040919	-0.297708	-0.155264	-0.061922	-0.153960	0.986135	-0.371112	0.920743	0.120447	-0.926521	-0.358508	-0.114150
09520	9.934844	1.288612	-0.383100	0.070067	-0.262024	-0.157969	-0.063812	-0.156337	0.985640	-0.371880	0.920244	0.121888	-0.926085	-0.358762	-0.116861
09521	9.670448	1.457569	-0.452397	0.125234	-0.245826	-0.166683	-0.065490	-0.158690	0.985154	-0.373271	0.919492	0.123300	-0.925408	-0.359655	-0.119452
09522	9.614779	1.622472	-0.745897	0.190187	-0.266056	-0.172743	-0.067354	-0.161220	0.984617	-0.375165	0.918527	0.124735	-0.924508	-0.360992	-0.122351
09523	9.579941	1.705650	-1.293470	0.230163	-0.295999	-0.169646	-0.069481	-0.163791	0.984045	-0.377501	0.917391	0.126042	-0.923399	-0.362721	-0.125573
09524	9.208620	1.429097	-1.588449	0.267990	-0.332376	-0.162375	-0.071983	-0.166472	0.983415	-0.380109	0.916145	0.127262	-0.922136	-0.364644	-0.129224
09525	9.115879	1.550034	-1.921733	0.342129	-0.379596	-0.151945	-0.074929	-0.169194	0.982730	-0.383475	0.914606	0.128227	-0.920507	-0.367244	-0.133412
09526	9.203079	1.729778	-2.197394	0.398487	-0.429794	-0.122832	-0.078458	-0.171885	0.981988	-0.387253	0.912924	0.128856	-0.918629	-0.370168	-0.138189
09527	9.359201	2.082971	-1.983210	0.391445	-0.436599	-0.097460	-0.082114	-0.174342	0.981255	-0.391030	0.911266	0.129184	-0.916707	-0.373093	-0.143001
09528	9.619804	2.112090	-1.784190	0.319206	-0.432505	-0.060466	-0.085888	-0.176495	0.980547	-0.394024	0.909963	0.129277	-0.915078	-0.375256	-0.147698
09529	9.953123	1.907454	-1.314548	0.202929	-0.386401	-0.029560	-0.089329	-0.178165	0.979937	-0.396023	0.909107	0.129187	-0.913885	-0.376538	-0.151767
09530	10.103059	1.835841	-0.700230	0.095765	-0.305356	-0.000312	-0.092167	-0.179303	0.979467	-0.396918	0.908743	0.129006	-0.913215	-0.376877	-0.154925
09531	10.071059	1.841909	-0.298244	0.046342	-0.239821	0.003256	-0.094402	-0.180131	0.979102	-0.397421	0.908548	0.128833	-0.912768	-0.376954	-0.157356
09532	9.625984	1.795746	-0.295952	0.058598	-0.212962	-0.000414	-0.096393	-0.180922	0.978762	-0.397975	0.908323	0.128707	-0.912318	-0.377117	-0.159559
09533	9.277041	1.655272	-0.986790	0.125415	-0.264735	-0.000182	-0.098838	-0.181877	0.978341	-0.399203	0.907822	0.128437	-0.911520	-0.377862	-0.162333
09534	8.928109	1.479266	-1.752008	0.214748	-0.335925	-0.002025	-0.101940	-0.183151	0.977785	-0.401180	0.907002	0.128067	-0.910309	-0.379213	-0.165936
09535	8.887529	1.090235	-2.860092	0.336981	-0.439927	0.003838	-0.105991	-0.184751	0.977053	-0.404288	0.905715	0.127404	-0.908470	-0.381507	-0.170690
09536	8.980894	1.030648	-3.272321	0.425917	-0.500421	0.028492	-0.110697	-0.186394	0.976219	-0.408141	0.904133	0.126350	-0.906183	-0.384448	-0.176160
09537	9.286654	1.185259	-3.573025	0.463302	-0.541398	0.050145	-0.115837	-0.187986	0.975317	-0.412369	0.902407	0.124956	-0.903622	-0.387716	-0.182052
09538	9.607552	1.577908	-3.378875	0.431673	-0.530224	0.078809	-0.120998	-0.189324	0.974431	-0.416190	0.900872	0.123352	-0.901191	-0.390623	-0.187799
09539	9.891680	1.883988	-2.669774	0.283249	-0.479996	0.092113	-0.125727	-0.190337	0.973635	-0.418735	0.899896	0.121849	-0.899363	-0.392376	-0.192842
09540	9.981833	1.993487	-1.930243	0.093270	-0.417473	0.099647	-0.129948	-0.191063	0.972938	-0.419465	0.899717	0.120660	-0.898423	-0.392434	-0.197060
09541	9.838271	1.581457	-1.531657	-0.038992	-0.382013	0.095238	-0.133815	-0.191673	0.972294	-0.419045	0.900033	0.119755	-0.898050	-0.391410	-0.200757
09542	9.640629	1.384741	-1.270889	-0.057238	-0.366048	0.090072	-0.137529	-0.192277	0.971656	-0.418427	0.900426	0.118958	-0.897778	-0.390207	-0.204289
09543	9.374858	1.571357	-0.865615	-0.036842	-0.391272	0.107467	-0.141534	-0.192803	0.970976	-0.417980	0.900769	0.117935	-0.897363	-0.389157	-0.208077
09544	9.909156	1.278420	-1.018810	0.032417	-0.372875	0.062617	-0.145190	-0.193674	0.970263	-0.418199	0.900760	0.117221	-0.896677	-0.388743	-0.211776
09545	9.749672	1.578943	-0.285566	0.069138	-0.330709	0.043675	-0.148375	-0.194535	0.969609	-0.418797	0.900564	0.116596	-0.895876	-0.388769	-0.215092
09546	9.901552	1.641904	0.437526	0.096105	-0.258367	0.043470	-0.150921	-0.195134	0.969095	-0.419610	0.900271	0.115928	-0.895070	-0.389146	-0.217749
09547	9.590160	1.378081	0.426302	0.186388	-0.253519	0.058836	-0.153466	-0.195555	0.968611	-0.421275	0.899628	0.114882	-0.893855	-0.390421	-0.220444
09548	9.326778	0.951111	-0.369041	0.353780	-0.311084	0.062383	-0.156557	-0.196198	0.967986	-0.424354	0.898361	0.113453	-0.891860	-0.393007	-0.223902
09549	8.817524	0.657701	-1.768427	0.558841	-0.401471	0.070605	-0.160446	-0.197119	0.967161	-0.429323	0.896249	0.111444	-0.888785	-0.397344	-0.228428
09550	8.433333	0.354054	-3.421002	0.807254	-0.529069	0.080776	-0.165537	-0.198501	0.966020	-0.436365	0.893173	0.108756	-0.884411	-0.403534	-0.234471
09551	8.237517	0.211542	-4.563558	1.038727	-0.681790	0.101287	-0.172015	-0.200349	0.964506	-0.445407	0.889120	0.105254	-0.878649	-0.411492	-0.242178
09552	8.985175	0.270890	-5.412305	1.154221	-0.804527	0.110169	-0.179603	-0.202704	0.962629	-0.455333	0.884539	0.101306	-0.872017	-0.420122	-0.251164
09553	9.679934	0.712324	-5.408934	1.162575	-0.804188	0.112354	-0.187136	-0.205095	0.960685	-0.465309	0.879797	0.097187	-0.865140	-0.428829	-0.260074
09554	9.971813	1.520509	-4.664124	0.993598	-0.733468	0.152448	-0.194225	-0.206916	0.958886	-0.473600	0.875810	0.093060	-0.859057	-0.436054	-0.268099
09555	10.042104	1.909350	-3.408273	0.702417	-0.677431	0.143496	-0.200745	-0.208607	0.957175	-0.479424	0.872986	0.089711	-0.854315	-0.440884	-0.275259
09556	9.889515	2.385075	-2.060277	0.415803	-0.590430	0.137890	-0.206493	-0.210002	0.955646	-0.482704	0.871432	0.087195	-0.851092	-0.443289	-0.281314
09557	9.800949	2.478078	-0.878983	0.147620	-0.552181	0.128738	-0.211841	-0.211314	0.954185	-0.483738	0.871026	0.085501	-0.849188	-0.443463	-0.286740
09558	9.958402	2.084696	-0.243831	0.021786	-0.454617	0.120838	-0.216334	-0.212263	0.952966	-0.483679	0.871181	0.084246	-0.848089	-0.442704	-0.291133
09559	9.955014	2.116578	0.924872	-0.012562	-0.380075	0.107535	-0.220114	-0.212981	0.951940	-0.483398	0.871439	0.083195	-0.847276	-0.441853	-0.294770
09560	10.374467	2.360988	2.069106	0.051441	-0.296512	0.100089	-0.223159	-0.213406	0.951135	-0.483626	0.871421	0.082051	-0.846349	-0.441683	-0.297674
09561	10.660026	2.814334	3.306542	0.092486	-0.153356	0.089706	-0.224902	-0.213295	0.950749	-0.484283	0.871165	0.080883	-0.845511	-0.442241	-0.299222
09562	10.897365	2.668904	4.255391	0.154984	-0.030995	0.038064	-0.225398	-0.213089	0.950678	-0.485521	0.870555	0.080017	-0.844668	-0.443539	-0.299681
09563	11.019935	2.149059	4.539163	0.279655	0.162942	-0.000767	-0.224020	-0.212357	0.951167	-0.487950	0.869275	0.079151	-0.843635	-0.446391	-0.298355
09564	10.515898	1.798563	4.666004	0.446326	0.311373	-0.000686	-0.221443	-0.210954	0.952083	-0.491728	0.867267	0.077792	-0.842120	-0.450939	-0.295782
09565	10.433975	1.601006	4.264292	0.665631	0.413349	-0.006003	-0.217925	-0.209106	0.953301	-0.497426	0.864185	0.075847	-0.839688	-0.457668	-0.292342
09566	9.958655	1.261644	2.312381	0.929012	0.407083	0.039196	-0.214761	-0.206876	0.954505	-0.505139	0.859968	0.072731	-0.835890	-0.466538	-0.289189
09567	8.459649	1.138877	0.441261	1.372339	0.213269	0.158677	-0.213774	-0.204475	0.955244	-0.516367	0.853728	0.067187	-0.829256	-0.478893	-0.288089
09568	8.581098	1.682582	0.731579	1.554701	-0.041680	0.282130	-0.215643	-0.202269	0.955293	-0.528604	0.846748	0.059962	-0.821021	-0.492041	-0.289515
09569	9.065118	2.107864	-0.717355	1.613986	-0.243231	0.341908	-0.219430	-0.200569	0.954789	-0.541181	0.839301	0.051934	-0.811772	-0.505318	-0.292712
09570	9.929558	2.732308	-1.262767	1.625522	-0.323878	0.274241	-0.223596	-0.199927	0.953957	-0.553705	0.831524	0.044486	-0.802132	-0.518264	-0.296626
09571	10.545695	3.104030	-0.986187	1.514271	-0.198997	0.144360	-0.225959	-0.199760	0.953435	-0.565605	0.823775	0.038549	-0.793116	-0.530557	-0.299125
09572	11.295980	3.195501	-0.356927	1.358723	0.059615	0.071145	-0.225946	-0.198850	0.953628	-0.576182	0.816624	0.033766	-0.785470	-0.541834	-0.299087
09573	12.259835	3.748703	0.988042	1.160319	0.401497	0.075470	-0.223215	-0.196010	0.954859	-0.585214	0.810340	0.029539	-0.779551	-0.552203	-0.295588
09574	13.362786	3.276763	2.618167	0.677688	0.840726	0.063827	-0.217096	-0.190816	0.957318	-0.590363	0.806689	0.026912	-0.777394	-0.559323	-0.287780
09575	13.712354	2.807375	3.771212	0.151742	1.373591	0.156428	-0.207295	-0.181818	0.961234	-0.591354	0.806027	0.024933	-0.779313	-0.563261	-0.274604
09576	12.857198	2.195627	3.252244	-0.242827	1.786605	0.272892	-0.194988	-0.169537	0.966042	-0.588921	0.807866	0.022909	-0.784316	-0.564455	-0.257368
09577	12.053696	1.628935	2.735167	-0.348197	1.947212	0.369113	-0.181789	-0.155503	0.970964	-0.585638	0.810323	0.020130	-0.789924	-0.564974	-0.238376
09578	11.826866	0.597292	2.531785	-0.384455	1.846113	0.401503	-0.169550	-0.141811	0.975265	-0.581901	0.813081	0.017065	-0.795389	-0.564614	-0.220378
09579	12.532924	-0.489062	1.425012	-0.392070	1.583423	0.405823	-0.159221	-0.129526	0.978709	-0.578282	0.815719	0.013878	-0.800149	-0.563760	-0.204782
09580	12.519751	0.443041	1.998421	-0.336661	1.377317	0.350362	-0.150243	-0.118900	0.981473	-0.575056	0.818039	0.011072	-0.804200	-0.562738	-0.191279
09581	12.790933	1.152198	1.715274	-0.492847	1.069417	0.209708	-0.142773	-0.111102	0.983500	-0.570969	0.820912	0.009849	-0.808461	-0.560142	-0.180640
09582	13.222211	1.166375	0.136996	-0.468146	1.013092	0.036421	-0.134820	-0.105135	0.985277	-0.567142	0.823556	0.010274	-0.812510	-0.557407	-0.170658
09583	13.792258	1.271321	-1.866078	-0.311992	0.979690	-0.073766	-0.126375	-0.100214	0.986908	-0.564905	0.825077	0.011444	-0.815421	-0.556062	-0.160880
09584	14.248537	1.863388	-2.031405	-0.298801	1.148824	-0.090942	-0.116528	-0.094577	0.988674	-0.562593	0.826636	0.012768	-0.818481	-0.554733	-0.149535
09585	14.775739	1.829759	-2.845719	-0.466550	1.167732	-0.011226	-0.106831	-0.088131	0.990364	-0.558970	0.829078	0.013482	-0.822277	-0.552143	-0.137834
09586	14.865651	0.654445	-4.104799	-0.670475	1.268935	-0.039063	-0.096199	-0.081470	0.992022	-0.553500	0.832719	0.014713	-0.827275	-0.547669	-0.125201
09587	13.923753	-0.407094	-4.898736	-0.689938	1.364933	-0.043827	-0.084588	-0.074310	0.993641	-0.547986	0.836336	0.015896	-0.832200	-0.543157	-0.111465
09588	13.489407	-1.775775	-5.961741	-0.510890	1.630856	-0.056912	-0.070723	-0.065946	0.995314	-0.543789	0.839050	0.016953	-0.836236	-0.540042	-0.095201
09589	11.849952	-2.224784	-5.993261	-0.172967	1.870989	-0.086597	-0.054551	-0.056491	0.996912	-0.542558	0.839828	0.017901	-0.838245	-0.539906	-0.076463
09590	11.561633	-2.232491	-5.054256	0.078264	2.025012	-0.148377	-0.036816	-0.046778	0.998227	-0.543305	0.839314	0.019293	-0.838728	-0.541631	-0.056315
09591	11.082260	-1.058103	-5.295790	0.293677	2.099271	-0.211688	-0.018040	-0.037066	0.999150	-0.545979	0.837530	0.021212	-0.837605	-0.545132	-0.035346
09592	11.463396	-0.286314	-4.915156	0.264688	2.092589	-0.296233	0.001044	-0.028098	0.999605	-0.548243	0.835972	0.024071	-0.836318	-0.548052	-0.014532
09593	11.924135	0.619671	-4.690811	0.170823	2.105655	-0.332474	0.020484	-0.019239	0.999605	-0.549776	0.834865	0.027335	-0.835061	-0.550119	0.006524
09594	10.681512	0.119313	-5.276006	-0.029034	2.042663	-0.355824	0.039442	-0.010964	0.999162	-0.549452	0.834955	0.030852	-0.834594	-0.550209	0.026908
