// General information: 
//  MT Manager version: 2022.2.0 
//  XDA version: 2022.2.0 build 7381 rev 124627 built on 2023-07-19
// Device information: 
//  DeviceId: 00B4CAF0
//  ProductCode: MTW2-3A7G6
//  Firmware Version: 4.6.0
//  Hardware Version: 2.0.0
// Device settings: 
//  Filter Profile: human(46.1)
//  Option Flags: Orientation Smoother Disabled, Position/Velocity Smoother Disabled, Continuous Zero Rotation Update Disabled, AHS Disabled, ICC Disabled
// Coordinate system: ENU
PacketCounter	Acc_X	Acc_Y	Acc_Z	Gyr_X	Gyr_Y	Gyr_Z	Mat[1][1]	Mat[2][1]	Mat[3][1]	Mat[1][2]	Mat[2][2]	Mat[3][2]	Mat[1][3]	Mat[2][3]	Mat[3][3]
56294	4.346992	-0.105007	9.250730	0.028198	0.016233	-0.002198	0.400864	0.809106	0.429717	-0.891716	0.452173	-0.019546	-0.210121	-0.375350	0.902752
56295	4.417547	-0.129511	9.240895	0.019998	0.007720	-0.000030	0.400812	0.809150	0.429682	-0.891787	0.452040	-0.019385	-0.209919	-0.375415	0.902772
56296	4.418475	-0.208556	9.230711	0.008872	0.009748	0.005498	0.400807	0.809189	0.429612	-0.891807	0.452002	-0.019349	-0.209843	-0.375376	0.902806
56297	4.365648	-0.184515	9.269707	0.007115	0.004297	0.002465	0.400846	0.809168	0.429616	-0.891789	0.452038	-0.019331	-0.209844	-0.375378	0.902805
56298	4.388292	-0.191752	9.274267	0.003589	-0.001391	0.007007	0.400804	0.809172	0.429646	-0.891804	0.452008	-0.019349	-0.209860	-0.375405	0.902790
56299	4.442225	-0.184182	9.280202	-0.002239	-0.004034	0.005624	0.400742	0.809167	0.429715	-0.891816	0.451982	-0.019409	-0.209929	-0.375449	0.902756
56300	4.415146	-0.204219	9.254551	-0.003864	-0.007655	0.004664	0.400709	0.809137	0.429802	-0.891806	0.451999	-0.019485	-0.210036	-0.375492	0.902713
56301	4.481188	-0.223212	9.291340	-0.004878	-0.013557	0.005029	0.400639	0.809092	0.429951	-0.891809	0.451988	-0.019553	-0.210154	-0.375601	0.902640
56302	4.475289	-0.170445	9.280700	0.000539	-0.000590	0.005592	0.400612	0.809093	0.429975	-0.891812	0.451981	-0.019593	-0.210193	-0.375607	0.902628
56303	4.405400	-0.269075	9.338405	-0.004003	-0.001579	0.005291	0.400622	0.809060	0.430028	-0.891779	0.452042	-0.019679	-0.210312	-0.375606	0.902601
56304	4.745240	-0.256400	9.358390	0.019999	0.007714	-0.000031	0.400663	0.809067	0.429977	-0.891801	0.452008	-0.019519	-0.210145	-0.375633	0.902629
56305	4.342086	-0.207775	9.220157	0.018568	0.020041	0.002215	0.400781	0.809092	0.429820	-0.891794	0.452028	-0.019353	-0.209949	-0.375554	0.902707
56306	4.661971	-0.248552	9.373531	0.026636	0.026712	-0.002026	0.400879	0.809161	0.429598	-0.891821	0.451984	-0.019124	-0.209646	-0.375458	0.902818
56307	4.356531	-0.161420	9.192995	0.032868	0.037525	-0.002331	0.400982	0.809265	0.429306	-0.891862	0.451914	-0.018861	-0.209273	-0.375319	0.902962
56308	4.390851	-0.084633	9.261565	0.031992	0.025542	-0.002587	0.401083	0.809327	0.429095	-0.891898	0.451855	-0.018582	-0.208928	-0.375256	0.903068
56309	4.343676	-0.178387	9.198277	0.026707	0.014407	-0.001074	0.401148	0.809345	0.428999	-0.891927	0.451808	-0.018353	-0.208679	-0.375274	0.903118
56310	4.389414	-0.160018	9.252654	0.018703	0.013948	0.001595	0.401188	0.809383	0.428892	-0.891951	0.451765	-0.018212	-0.208499	-0.375244	0.903172
56311	4.302385	-0.057034	9.197787	0.008061	0.003977	0.003671	0.401265	0.809355	0.428871	-0.891930	0.451810	-0.018129	-0.208441	-0.375249	0.903184
56312	4.388689	-0.158756	9.253020	-0.000479	-0.006482	0.005961	0.401222	0.809336	0.428948	-0.891932	0.451804	-0.018180	-0.208514	-0.375298	0.903146
56313	4.306439	-0.106328	9.231615	-0.004412	-0.009746	0.006984	0.401225	0.809276	0.429059	-0.891902	0.451861	-0.018243	-0.208638	-0.375359	0.903092
56314	4.380934	-0.103148	9.265397	-0.016209	-0.019540	0.010052	0.401118	0.809226	0.429252	-0.891887	0.451881	-0.018453	-0.208903	-0.375443	0.902996
56315	4.496836	-0.254345	9.231950	-0.015261	-0.019857	0.011257	0.401065	0.809144	0.429456	-0.891848	0.451951	-0.018637	-0.209173	-0.375535	0.902896
56316	4.438095	-0.255165	9.272691	-0.009631	-0.014668	0.006926	0.400997	0.809098	0.429606	-0.891835	0.451971	-0.018774	-0.209360	-0.375609	0.902821
56317	4.418511	-0.173042	9.254063	-0.014850	-0.019588	0.006869	0.400942	0.809019	0.429806	-0.891803	0.452027	-0.018933	-0.209601	-0.375711	0.902723
56318	4.480363	-0.219904	9.269691	-0.010712	-0.016188	0.003651	0.400900	0.808953	0.429970	-0.891774	0.452078	-0.019066	-0.209804	-0.375793	0.902642
56319	4.398743	-0.213031	9.306041	-0.015121	-0.015346	0.005422	0.400789	0.808914	0.430147	-0.891769	0.452081	-0.019257	-0.210039	-0.375874	0.902553
56320	4.473308	-0.165135	9.281751	-0.007933	-0.012748	0.003619	0.400754	0.808860	0.430281	-0.891746	0.452122	-0.019365	-0.210203	-0.375940	0.902487
56321	4.463248	-0.139881	9.249869	-0.006375	-0.015344	0.006148	0.400817	0.808746	0.430437	-0.891676	0.452258	-0.019428	-0.210381	-0.376023	0.902412
56322	4.441746	-0.133425	9.244751	-0.010445	-0.012535	0.007798	0.400746	0.808712	0.430567	-0.891664	0.452275	-0.019577	-0.210567	-0.376076	0.902346
56323	4.467263	-0.222424	9.238155	-0.007056	-0.011374	0.009090	0.400696	0.808665	0.430701	-0.891647	0.452302	-0.019693	-0.210732	-0.376142	0.902280
56324	4.331569	-0.178290	9.210784	-0.010107	-0.010570	0.007676	0.400630	0.808638	0.430814	-0.891636	0.452319	-0.019837	-0.210907	-0.376181	0.902223
56325	4.221521	-0.156052	9.289994	-0.025298	-0.040052	0.011975	0.400434	0.808528	0.431202	-0.891626	0.452324	-0.020127	-0.211316	-0.376412	0.902031
56326	5.000628	-0.337816	9.427147	0.012609	-0.021459	0.003776	0.400380	0.808442	0.431414	-0.891647	0.452287	-0.020050	-0.211332	-0.376642	0.901931
56327	4.399331	-0.149644	9.211016	0.014713	0.004472	0.004171	0.400453	0.808416	0.431394	-0.891639	0.452309	-0.019921	-0.211228	-0.376670	0.901944
56328	4.501244	-0.249814	9.318360	0.010645	0.007283	0.005823	0.400441	0.808447	0.431346	-0.891664	0.452262	-0.019871	-0.211146	-0.376659	0.901968
56329	4.460012	-0.273025	9.217406	0.022919	0.005064	-0.000701	0.400574	0.808389	0.431333	-0.891638	0.452322	-0.019671	-0.211004	-0.376713	0.901978
56330	4.443344	-0.160508	9.220762	0.017223	0.004254	-0.000007	0.400607	0.808382	0.431314	-0.891653	0.452297	-0.019536	-0.210875	-0.376756	0.901990
56331	4.448007	-0.288449	9.244554	0.011797	-0.000804	0.002135	0.400615	0.808359	0.431350	-0.891665	0.452277	-0.019446	-0.210810	-0.376829	0.901975
56332	4.403995	-0.196281	9.222367	0.012476	0.003130	0.001889	0.400629	0.808357	0.431341	-0.891678	0.452255	-0.019362	-0.210728	-0.376860	0.901981
56333	4.451347	-0.134499	9.217932	0.007728	-0.005902	0.001091	0.400624	0.808308	0.431437	-0.891674	0.452265	-0.019338	-0.210755	-0.376954	0.901936
56334	4.472785	-0.217427	9.235602	0.005560	-0.001023	-0.002765	0.400671	0.808269	0.431466	-0.891654	0.452306	-0.019296	-0.210752	-0.376987	0.901923
56335	4.409636	-0.122605	9.184902	0.002372	-0.004741	0.001661	0.400659	0.808233	0.431546	-0.891647	0.452318	-0.019308	-0.210802	-0.377051	0.901884
56336	4.243165	-0.137652	9.214029	-0.007396	-0.021249	0.006527	0.400580	0.808160	0.431756	-0.891637	0.452334	-0.019424	-0.210995	-0.377189	0.901781
56337	4.435989	-0.176703	9.245629	-0.016891	-0.031407	0.007628	0.400452	0.808055	0.432071	-0.891620	0.452359	-0.019627	-0.211311	-0.377383	0.901626
56338	4.365779	-0.027455	9.207123	-0.030791	-0.032813	0.013199	0.400289	0.807969	0.432383	-0.891586	0.452410	-0.019982	-0.211759	-0.377508	0.901469
56339	4.414882	-0.091590	9.272304	-0.046390	-0.044069	0.019391	0.400067	0.807857	0.432797	-0.891541	0.452477	-0.020475	-0.212372	-0.377665	0.901259
56340	4.594372	-0.260696	9.298208	-0.051271	-0.039130	0.021920	0.399812	0.807786	0.433165	-0.891498	0.452534	-0.021052	-0.213027	-0.377749	0.901069
56341	4.855866	-0.414974	9.458342	-0.019870	-0.019200	0.015255	0.399616	0.807776	0.433364	-0.891521	0.452477	-0.021308	-0.213299	-0.377838	0.900967
56342	4.742886	-0.323404	9.252035	0.021043	0.029436	0.004972	0.399659	0.807888	0.433117	-0.891565	0.452398	-0.021160	-0.213036	-0.377695	0.901090
56343	4.445960	-0.190923	9.240555	0.038325	0.024085	-0.002015	0.399785	0.807927	0.432927	-0.891603	0.452340	-0.020808	-0.212642	-0.377681	0.901189
56344	4.344519	-0.135754	9.168881	0.024629	0.022815	0.001368	0.399845	0.807997	0.432741	-0.891640	0.452276	-0.020612	-0.212373	-0.377607	0.901283
56345	4.398296	-0.250878	9.222987	0.024551	0.008678	0.000243	0.399814	0.808036	0.432697	-0.891709	0.452149	-0.020417	-0.212141	-0.377677	0.901308
56346	4.410567	-0.198838	9.241353	0.022449	0.009168	0.000034	0.399858	0.808048	0.432634	-0.891736	0.452104	-0.020235	-0.211946	-0.377704	0.901342
56347	4.418186	-0.174357	9.238691	0.014580	0.002633	0.002093	0.399865	0.808042	0.432639	-0.891758	0.452065	-0.020120	-0.211839	-0.377764	0.901343
56348	4.421269	-0.177760	9.214959	0.005493	0.000667	0.001499	0.399877	0.808029	0.432652	-0.891755	0.452073	-0.020097	-0.211829	-0.377783	0.901337
56349	4.447408	-0.189629	9.195526	-0.004138	-0.003405	0.003225	0.399902	0.807989	0.432702	-0.891725	0.452130	-0.020136	-0.211907	-0.377799	0.901312
56350	4.176502	-0.068150	9.186484	-0.008144	-0.012892	0.005827	0.399848	0.807945	0.432836	-0.891710	0.452154	-0.020255	-0.212074	-0.377866	0.901245
56351	4.434467	-0.126213	9.255046	-0.022063	-0.040729	0.011231	0.399727	0.807797	0.433224	-0.891670	0.452222	-0.020495	-0.212469	-0.378100	0.901053
56352	4.486916	-0.148202	9.238281	-0.021926	-0.038909	0.013305	0.399550	0.807687	0.433591	-0.891655	0.452238	-0.020770	-0.212862	-0.378315	0.900871
56353	4.786299	-0.338819	9.410095	-0.020362	-0.030901	0.010619	0.399385	0.807604	0.433898	-0.891649	0.452240	-0.021017	-0.213199	-0.378491	0.900717
56354	5.197417	-0.510482	9.421338	0.036109	0.038563	0.001080	0.399482	0.807732	0.433570	-0.891709	0.452135	-0.020716	-0.212765	-0.378343	0.900882
56355	4.200413	-0.229728	9.215448	0.054085	0.055655	-0.008670	0.399764	0.807843	0.433104	-0.891734	0.452109	-0.020203	-0.212131	-0.378137	0.901118
56356	4.367232	-0.103134	9.218966	0.043220	0.037609	-0.007065	0.399931	0.807931	0.432785	-0.891776	0.452043	-0.019804	-0.211638	-0.378028	0.901279
56357	4.432775	-0.278429	9.236539	0.032015	0.017610	-0.005338	0.400015	0.807956	0.432660	-0.891815	0.451980	-0.019509	-0.211316	-0.378049	0.901346
56358	4.307251	-0.135363	9.170608	0.028225	0.026778	-0.007457	0.400163	0.808001	0.432439	-0.891823	0.451974	-0.019243	-0.211000	-0.377959	0.901458
56359	4.380606	-0.052680	9.192222	0.016211	0.008937	-0.004862	0.400287	0.807966	0.432389	-0.891798	0.452032	-0.019082	-0.210871	-0.377965	0.901485
56360	4.300519	-0.047937	9.205772	-0.004002	-0.001569	0.005296	0.400261	0.807962	0.432421	-0.891790	0.452045	-0.019161	-0.210955	-0.377959	0.901468
56361	4.377846	-0.049025	9.215800	-0.012692	-0.016555	0.013448	0.400142	0.807919	0.432613	-0.891781	0.452052	-0.019376	-0.211218	-0.378043	0.901372
56362	4.485144	-0.112165	9.240327	-0.024491	-0.018436	0.019229	0.399956	0.807913	0.432795	-0.891785	0.452030	-0.019701	-0.211553	-0.378080	0.901277
56363	4.403480	-0.218602	9.221691	-0.028354	-0.015486	0.018685	0.399749	0.807934	0.432948	-0.891805	0.451977	-0.020023	-0.211860	-0.378101	0.901197
56364	4.535462	-0.258794	9.295098	-0.023211	-0.024708	0.017618	0.399564	0.807897	0.433186	-0.891805	0.451963	-0.020329	-0.212208	-0.378195	0.901075
56365	4.546839	-0.274438	9.222728	-0.022114	-0.012587	0.015674	0.399557	0.807831	0.433317	-0.891733	0.452093	-0.020577	-0.212523	-0.378181	0.901007
56366	4.435856	-0.207718	9.244564	-0.019810	-0.012946	0.013689	0.399432	0.807821	0.433450	-0.891725	0.452098	-0.020835	-0.212793	-0.378196	0.900937
56367	4.541548	-0.190764	9.279458	-0.020835	-0.018855	0.014060	0.399350	0.807752	0.433655	-0.891679	0.452176	-0.021109	-0.213140	-0.378251	0.900832
56368	4.520983	-0.265698	9.264071	-0.017013	0.001108	0.008435	0.399302	0.807771	0.433663	-0.891655	0.452213	-0.021319	-0.213329	-0.378165	0.900823
56369	4.428920	-0.156797	9.256623	-0.011672	-0.010677	0.013078	0.399187	0.807761	0.433788	-0.891661	0.452194	-0.021497	-0.213521	-0.378210	0.900759
56370	4.510852	-0.243057	9.232163	-0.015127	-0.007440	0.008145	0.399123	0.807747	0.433872	-0.891640	0.452226	-0.021689	-0.213727	-0.378201	0.900713
56371	4.221900	-0.198945	9.184593	-0.013026	-0.007936	0.008354	0.399014	0.807748	0.433971	-0.891649	0.452200	-0.021854	-0.213894	-0.378229	0.900662
56372	4.390428	-0.195765	9.279983	-0.018031	-0.043558	0.009577	0.398860	0.807604	0.434380	-0.891627	0.452232	-0.022078	-0.214271	-0.378499	0.900459
56373	4.621882	-0.228974	9.264289	-0.011309	-0.036854	0.008510	0.398752	0.807463	0.434743	-0.891602	0.452273	-0.022233	-0.214574	-0.378752	0.900280
56374	4.559519	-0.256906	9.283791	-0.017115	-0.023665	0.012535	0.398614	0.807407	0.434972	-0.891595	0.452277	-0.022461	-0.214864	-0.378865	0.900164
56375	5.090619	-0.429046	9.634001	0.006556	-0.016369	0.007286	0.398541	0.807344	0.435156	-0.891610	0.452247	-0.022464	-0.214935	-0.379036	0.900075
56376	4.865920	-0.179724	9.312360	0.049045	0.088624	0.000483	0.398752	0.807659	0.434378	-0.891696	0.452098	-0.022045	-0.214186	-0.378542	0.900461
56377	5.126138	-0.270360	9.520276	0.075484	0.088683	0.000434	0.399019	0.807941	0.433608	-0.891808	0.451908	-0.021370	-0.213217	-0.378168	0.900848
56378	4.375832	-0.161576	9.057926	0.096406	0.157595	-0.005346	0.399426	0.808489	0.432208	-0.891971	0.451628	-0.020499	-0.211770	-0.377329	0.901541
56379	4.256377	0.024249	9.116689	0.098037	0.083674	-0.002773	0.399701	0.808745	0.431474	-0.892127	0.451360	-0.019587	-0.210592	-0.377101	0.901912
56380	3.936131	-0.271997	9.131536	0.067757	0.063607	0.002889	0.399834	0.808975	0.430920	-0.892260	0.451122	-0.019009	-0.209775	-0.376892	0.902190
56381	4.367887	-0.101563	9.189629	0.080944	0.042503	0.000139	0.399915	0.809123	0.430567	-0.892426	0.450823	-0.018295	-0.208913	-0.376932	0.902373
56382	4.346368	-0.217393	9.210834	0.044914	0.026090	0.002818	0.399969	0.809212	0.430350	-0.892510	0.450672	-0.017922	-0.208450	-0.376924	0.902484
56383	4.359246	-0.368981	9.267824	0.035096	0.032496	0.001492	0.400065	0.809306	0.430083	-0.892561	0.450582	-0.017615	-0.208043	-0.376829	0.902617
56384	4.337998	-0.206637	9.237154	0.026264	0.018406	-0.000342	0.400131	0.809351	0.429937	-0.892594	0.450526	-0.017396	-0.207777	-0.376798	0.902691
56385	4.325166	-0.179193	9.206558	0.004972	0.017040	0.001277	0.400126	0.809424	0.429804	-0.892623	0.450469	-0.017356	-0.207662	-0.376708	0.902755
56386	4.449425	-0.087040	9.257850	-0.004402	0.008762	0.004444	0.400129	0.809455	0.429744	-0.892611	0.450491	-0.017435	-0.207708	-0.376618	0.902783
56387	5.107860	-0.452840	9.668733	0.024975	0.016752	-0.001417	0.400255	0.809462	0.429612	-0.892614	0.450494	-0.017188	-0.207451	-0.376598	0.902850
56388	4.923984	-0.042852	9.272349	0.111706	0.115348	-0.009579	0.400604	0.809831	0.428591	-0.892786	0.450192	-0.016159	-0.206034	-0.376167	0.903354
56389	4.319349	0.013400	9.184616	0.109900	0.091339	-0.010008	0.400980	0.810058	0.427809	-0.892905	0.449991	-0.015152	-0.204784	-0.375917	0.903742
56390	4.261194	-0.113465	9.207169	0.097477	0.099607	-0.002905	0.401234	0.810397	0.426928	-0.893071	0.449689	-0.014279	-0.203557	-0.375548	0.904173
56391	4.137962	-0.098949	9.143169	0.082446	0.078255	0.001934	0.401386	0.810681	0.426245	-0.893237	0.449382	-0.013542	-0.202524	-0.375302	0.904507
56392	3.985662	0.135238	9.081601	0.062876	0.040201	0.001112	0.401483	0.810815	0.425900	-0.893348	0.449177	-0.012998	-0.201844	-0.375259	0.904677
56393	4.008828	-0.197981	9.175176	0.023516	0.018428	0.006063	0.401502	0.810881	0.425757	-0.893397	0.449086	-0.012810	-0.201589	-0.375226	0.904747
56394	3.616920	-0.127617	9.029690	-0.002209	-0.031153	0.015556	0.401325	0.810811	0.426056	-0.893434	0.449008	-0.012917	-0.201776	-0.375469	0.904605
56395	4.146328	-0.079381	9.243294	-0.019494	-0.118707	0.018960	0.400944	0.810423	0.427152	-0.893451	0.448967	-0.013178	-0.202456	-0.376355	0.904084
56396	4.437210	-0.263505	9.237623	-0.043533	-0.097140	0.020653	0.400587	0.810127	0.428046	-0.893425	0.449004	-0.013680	-0.203277	-0.376947	0.903653
56397	4.417250	-0.252168	9.275785	-0.049925	-0.109789	0.018937	0.400316	0.809715	0.429079	-0.893317	0.449200	-0.014250	-0.204281	-0.377600	0.903154
56398	4.739105	-0.522928	9.490199	-0.032340	-0.101063	0.010929	0.400037	0.809359	0.430010	-0.893274	0.449275	-0.014609	-0.205016	-0.378272	0.902706
56399	4.562026	-0.158432	9.191206	-0.009133	-0.059072	0.002899	0.399991	0.809090	0.430559	-0.893214	0.449393	-0.014684	-0.205370	-0.378708	0.902443
56400	4.526462	-0.138976	9.429203	-0.034913	-0.065745	0.007876	0.399810	0.808854	0.431170	-0.893152	0.449502	-0.015053	-0.205987	-0.379082	0.902145
56401	5.030576	-0.142785	9.420735	-0.061840	-0.028325	0.023527	0.399592	0.808818	0.431439	-0.893092	0.449600	-0.015698	-0.206672	-0.379042	0.902005
56402	4.219626	0.158385	9.150053	-0.091395	0.010165	0.033383	0.399339	0.808984	0.431362	-0.893015	0.449717	-0.016687	-0.207490	-0.378549	0.902025
56403	4.410380	0.064942	9.241418	-0.108788	-0.029347	0.042805	0.398926	0.809026	0.431665	-0.892925	0.449848	-0.017903	-0.208668	-0.378302	0.901857
56404	4.561438	-0.210470	9.234030	-0.092666	-0.029432	0.047473	0.398465	0.809106	0.431941	-0.892900	0.449856	-0.018964	-0.209655	-0.378123	0.901703
56405	4.385822	-0.288300	9.220725	-0.079485	-0.019777	0.041208	0.398054	0.809202	0.432140	-0.892891	0.449834	-0.019872	-0.210472	-0.377943	0.901588
56406	4.402294	-0.372105	9.284991	-0.075932	-0.034336	0.034945	0.397694	0.809207	0.432462	-0.892849	0.449879	-0.020728	-0.211329	-0.377880	0.901414
56407	4.349754	-0.419066	9.232625	-0.070568	-0.032845	0.026468	0.397444	0.809156	0.432787	-0.892765	0.450010	-0.021500	-0.212156	-0.377832	0.901240
56408	4.088821	-0.312040	9.173768	-0.081325	-0.046325	0.022232	0.397172	0.809059	0.433219	-0.892659	0.450178	-0.022349	-0.213108	-0.377841	0.901011
56409	4.240755	-0.188010	9.191581	-0.090834	-0.089002	0.022572	0.396831	0.808788	0.434037	-0.892524	0.450399	-0.023260	-0.214302	-0.378158	0.900595
56410	4.321305	0.011419	9.184380	-0.101693	-0.108764	0.019924	0.396444	0.808443	0.435031	-0.892364	0.450663	-0.024282	-0.215683	-0.378579	0.900088
56411	4.054534	-0.148189	9.268882	-0.110520	-0.127383	0.021762	0.395990	0.808033	0.436205	-0.892191	0.450944	-0.025398	-0.217226	-0.379121	0.899489
56412	5.409945	-1.382159	9.656565	-0.085505	-0.140493	0.011585	0.395606	0.807529	0.437485	-0.892029	0.451216	-0.026237	-0.218587	-0.379870	0.898843
56413	4.661332	0.022820	9.276688	0.039031	-0.115410	-0.018933	0.395562	0.806962	0.438569	-0.892001	0.451294	-0.025847	-0.218781	-0.380980	0.898326
56414	5.345218	0.250667	9.272614	0.039484	0.005287	-0.000586	0.395603	0.806957	0.438541	-0.892064	0.451189	-0.025509	-0.218450	-0.381115	0.898349
56415	4.707818	-0.255442	9.230817	-0.012098	0.033904	0.017366	0.395543	0.807135	0.438267	-0.892084	0.451138	-0.025720	-0.218478	-0.380798	0.898477
56416	4.507007	-0.285107	9.261071	0.004084	0.011953	0.015925	0.395452	0.807230	0.438176	-0.892134	0.451035	-0.025772	-0.218437	-0.380720	0.898520
56417	4.697105	-0.203045	9.222882	0.017689	0.039522	0.014895	0.395486	0.807391	0.437848	-0.892180	0.450949	-0.025688	-0.218188	-0.380480	0.898682
56418	4.379471	-0.540890	9.168670	-0.001962	0.041748	0.017568	0.395445	0.807606	0.437488	-0.892224	0.450856	-0.025803	-0.218082	-0.380133	0.898854
56419	4.293632	-0.532805	9.207645	-0.006133	0.023561	0.003213	0.395476	0.807692	0.437301	-0.892213	0.450872	-0.025879	-0.218070	-0.379931	0.898943
56420	4.251508	-0.491773	9.220597	-0.024618	0.016026	-0.002090	0.395554	0.807721	0.437178	-0.892130	0.451024	-0.026111	-0.218268	-0.379691	0.898996
56421	4.308685	-0.208968	9.152807	-0.019325	-0.010563	-0.015052	0.395760	0.807550	0.437307	-0.891969	0.451336	-0.026230	-0.218555	-0.379683	0.898930
56422	4.198591	-0.141494	9.175020	-0.045955	-0.023108	-0.011815	0.395839	0.807386	0.437538	-0.891800	0.451647	-0.026611	-0.219098	-0.379662	0.898806
56423	4.399810	-0.125326	9.270748	-0.029355	-0.057087	-0.016714	0.395955	0.807031	0.438088	-0.891609	0.452010	-0.026818	-0.219663	-0.379984	0.898532
56424	4.562638	-0.167682	9.195666	-0.028297	-0.063520	-0.016137	0.395984	0.806693	0.438683	-0.891462	0.452289	-0.027021	-0.220209	-0.380369	0.898236
56425	4.584920	-0.169360	9.244799	-0.035802	-0.060196	-0.011473	0.396062	0.806342	0.439259	-0.891269	0.452652	-0.027307	-0.220850	-0.380682	0.897945
56426	5.084121	-0.006975	9.277494	-0.018734	-0.038618	0.000349	0.395998	0.806173	0.439625	-0.891207	0.452762	-0.027496	-0.221212	-0.380909	0.897760
56427	4.702031	-0.199197	9.160790	-0.033117	0.018613	0.013608	0.396022	0.806237	0.439486	-0.891123	0.452906	-0.027865	-0.221511	-0.380601	0.897817
56428	4.473734	-0.295155	9.223490	-0.022267	0.018091	0.014501	0.395958	0.806349	0.439339	-0.891109	0.452915	-0.028148	-0.221680	-0.380354	0.897880
56429	4.549427	-0.378916	9.223374	-0.030670	0.020077	0.013691	0.396001	0.806414	0.439180	-0.891025	0.453060	-0.028478	-0.221940	-0.380043	0.897947
56430	4.452567	-0.459105	9.174945	-0.043861	0.013017	0.012085	0.395947	0.806495	0.439080	-0.890954	0.453170	-0.028945	-0.222322	-0.379739	0.897982
56431	4.288537	-0.415649	9.295324	-0.060550	0.001307	0.002845	0.396006	0.806457	0.439097	-0.890778	0.453479	-0.029510	-0.222920	-0.379452	0.897955
56432	4.419837	-0.324315	9.194879	-0.055620	-0.020425	0.004858	0.395942	0.806379	0.439299	-0.890652	0.453692	-0.030050	-0.223538	-0.379364	0.897838
56433	4.268161	-0.293378	9.242366	-0.057664	-0.031196	-0.006607	0.396022	0.806171	0.439609	-0.890440	0.454074	-0.030543	-0.224238	-0.379350	0.897670
56434	4.487120	-0.188136	9.273840	-0.035512	-0.068938	-0.006474	0.395950	0.805856	0.440249	-0.890313	0.454302	-0.030853	-0.224869	-0.379744	0.897345
56435	4.625465	-0.255075	9.148699	-0.044362	-0.065619	0.001402	0.395834	0.805572	0.440873	-0.890182	0.454530	-0.031285	-0.225592	-0.380073	0.897024
56436	4.461157	-0.313454	9.257962	-0.036866	-0.068971	-0.003267	0.395732	0.805272	0.441512	-0.890064	0.454738	-0.031620	-0.226235	-0.380461	0.896698
56437	4.977238	-0.171924	9.170053	-0.013559	-0.064705	0.003725	0.395613	0.805002	0.442110	-0.890014	0.454827	-0.031748	-0.226641	-0.380924	0.896399
56438	4.717870	-0.263350	9.150207	-0.017510	-0.013438	0.011752	0.395503	0.804981	0.442247	-0.889998	0.454841	-0.031976	-0.226892	-0.380952	0.896323
56439	4.614457	-0.373968	9.229978	-0.007521	-0.007362	0.009871	0.395455	0.804958	0.442332	-0.889987	0.454856	-0.032081	-0.227021	-0.380983	0.896277
56440	4.766823	-0.285434	9.134420	-0.000903	0.017832	0.008524	0.395444	0.805042	0.442190	-0.889997	0.454832	-0.032146	-0.227001	-0.380835	0.896345
56441	4.461908	-0.378764	9.187709	-0.011257	0.022129	0.009615	0.395415	0.805149	0.442020	-0.889996	0.454822	-0.032310	-0.227055	-0.380620	0.896423
56442	4.508215	-0.318928	9.184048	0.002905	0.006942	0.006317	0.395400	0.805181	0.441976	-0.890006	0.454802	-0.032331	-0.227044	-0.380577	0.896444
56443	4.106576	-0.472868	9.085076	-0.000515	0.008554	-0.002870	0.395455	0.805174	0.441939	-0.889972	0.454865	-0.032360	-0.227078	-0.380516	0.896461
56444	3.979945	-0.749625	9.414279	0.013683	-0.072446	-0.024438	0.395533	0.804764	0.442616	-0.889885	0.455051	-0.032149	-0.227285	-0.381161	0.896135
56445	4.420727	-0.350995	9.222278	0.031656	-0.130110	-0.043019	0.395707	0.804012	0.443824	-0.889730	0.455386	-0.031686	-0.227587	-0.382345	0.895553
56446	4.644670	-0.258900	9.078360	0.004029	-0.117792	-0.042712	0.395844	0.803343	0.444912	-0.889548	0.455755	-0.031480	-0.228060	-0.383310	0.895021
56447	4.518608	-0.184773	9.243176	0.016962	-0.129556	-0.036449	0.395979	0.802611	0.446113	-0.889375	0.456115	-0.031179	-0.228503	-0.384415	0.894434
56448	4.976139	-0.143294	9.160054	0.021995	-0.135544	-0.029010	0.395952	0.801933	0.447353	-0.889288	0.456304	-0.030871	-0.228886	-0.385603	0.893824
56449	4.785056	-0.201514	9.140825	-0.009695	-0.076383	-0.014842	0.395909	0.801553	0.448072	-0.889196	0.456480	-0.030916	-0.229316	-0.386184	0.893463
56450	4.824116	-0.277120	9.253705	-0.011484	-0.072255	-0.010875	0.395864	0.801201	0.448741	-0.889105	0.456653	-0.030988	-0.229747	-0.386710	0.893125
56451	4.974768	-0.170183	9.075717	-0.014554	-0.027428	-0.000128	0.395808	0.801078	0.449011	-0.889062	0.456727	-0.031125	-0.230009	-0.386879	0.892984
56452	4.603523	-0.363789	9.188027	-0.039892	0.006644	0.004287	0.395810	0.801099	0.448970	-0.888966	0.456888	-0.031520	-0.230380	-0.386643	0.892991
56453	4.779025	-0.330101	9.152688	-0.022328	-0.007422	0.002216	0.395785	0.801056	0.449070	-0.888904	0.456991	-0.031756	-0.230659	-0.386611	0.892932
56454	4.834195	-0.284185	9.076717	-0.029968	0.026802	0.005726	0.395821	0.801162	0.448848	-0.888836	0.457103	-0.032068	-0.230862	-0.386259	0.893032
56455	4.613370	-0.358086	9.139036	-0.038246	0.042987	0.006127	0.395926	0.801311	0.448490	-0.888731	0.457280	-0.032444	-0.231084	-0.385742	0.893199
56456	4.540860	-0.303951	9.197506	-0.045216	0.038819	0.001524	0.396027	0.801444	0.448163	-0.888610	0.457483	-0.032874	-0.231374	-0.385223	0.893347
56457	4.619162	-0.236155	9.171712	-0.039919	0.029708	-0.001816	0.396163	0.801508	0.447928	-0.888474	0.457721	-0.033234	-0.231663	-0.384806	0.893452
56458	4.489076	-0.296795	9.192181	-0.053742	0.036164	0.006597	0.396213	0.801654	0.447623	-0.888354	0.457916	-0.033763	-0.232040	-0.384270	0.893585
56459	4.419723	-0.403446	9.227204	-0.037024	0.016330	0.002678	0.396223	0.801708	0.447516	-0.888264	0.458062	-0.034147	-0.232366	-0.383983	0.893624
56460	4.395056	-0.273475	9.177115	-0.031277	-0.007610	0.003742	0.396197	0.801673	0.447603	-0.888184	0.458194	-0.034462	-0.232716	-0.383900	0.893568
56461	4.271403	-0.458430	9.241120	-0.035746	-0.035044	0.001001	0.396146	0.801504	0.447951	-0.888070	0.458388	-0.034814	-0.233239	-0.384020	0.893380
56462	4.531507	-0.348139	9.200131	-0.014531	-0.094528	-0.006331	0.396006	0.801088	0.448817	-0.887989	0.458536	-0.034935	-0.233785	-0.384710	0.892940
56463	4.621682	-0.277071	9.168616	-0.009767	-0.095079	-0.012535	0.395956	0.800616	0.449702	-0.887871	0.458761	-0.034986	-0.234316	-0.385425	0.892493
56464	4.765591	-0.355077	9.142569	-0.015896	-0.114946	-0.004933	0.395755	0.800126	0.450750	-0.887792	0.458903	-0.035124	-0.234954	-0.386271	0.891959
56465	4.780768	-0.408953	9.147550	-0.005522	-0.077465	-0.014589	0.395802	0.799693	0.451477	-0.887655	0.459168	-0.035125	-0.235393	-0.386854	0.891591
56466	4.665324	-0.630242	9.116473	-0.029246	-0.071433	-0.022221	0.395856	0.799291	0.452142	-0.887476	0.459501	-0.035304	-0.235978	-0.387290	0.891247
56467	4.758364	-0.567547	9.037939	-0.024682	-0.061386	-0.031416	0.396039	0.798874	0.452719	-0.887265	0.459902	-0.035369	-0.236462	-0.387674	0.890952
56468	4.569258	-0.727966	9.089256	-0.051516	-0.031388	-0.046481	0.396402	0.798514	0.453035	-0.886936	0.460515	-0.035637	-0.237086	-0.387687	0.890780
56469	4.565741	-0.560879	9.158217	-0.027667	-0.047474	-0.064524	0.396923	0.797989	0.453503	-0.886576	0.461212	-0.035588	-0.237560	-0.387939	0.890544
56470	4.658557	-0.350828	9.206314	-0.028105	-0.045036	-0.068023	0.397444	0.797477	0.453948	-0.886217	0.461905	-0.035549	-0.238030	-0.388168	0.890319
56471	4.553871	-0.217308	9.343974	-0.062275	-0.041067	-0.072902	0.398006	0.796954	0.454374	-0.885756	0.462767	-0.035804	-0.238804	-0.388215	0.890091
56472	4.631268	-0.092438	9.328180	-0.103854	-0.077401	-0.068811	0.398454	0.796311	0.455108	-0.885211	0.463760	-0.036434	-0.240074	-0.388350	0.889691
56473	3.741095	-0.113487	9.823176	-0.147228	-0.039425	-0.064610	0.398972	0.795823	0.455508	-0.884569	0.464902	-0.037455	-0.241574	-0.387984	0.889444
56474	2.777959	-0.288673	10.506283	-0.014902	-0.272183	-0.046753	0.398751	0.794522	0.457964	-0.884324	0.465374	-0.037392	-0.242834	-0.390079	0.888184
56475	5.032609	-0.040476	9.700921	0.145371	-0.505238	-0.034715	0.397824	0.792363	0.462489	-0.884528	0.465098	-0.035979	-0.243611	-0.394772	0.885894
56476	4.173047	-0.473611	9.854955	-0.017408	-0.397052	-0.040845	0.397239	0.790576	0.466038	-0.884300	0.465532	-0.035962	-0.245386	-0.397832	0.884034
56477	4.626856	-0.591851	9.773265	0.126047	-0.493061	-0.076309	0.396774	0.788197	0.470442	-0.884255	0.465727	-0.034511	-0.246299	-0.402298	0.881756
56478	4.672732	-0.413148	9.797404	0.088275	-0.531374	-0.099771	0.396368	0.785558	0.475175	-0.884055	0.466197	-0.033279	-0.247668	-0.406889	0.879262
56479	4.696008	-0.528145	9.691019	0.103706	-0.574008	-0.143784	0.396191	0.782537	0.480280	-0.883748	0.466888	-0.031698	-0.249042	-0.411888	0.876542
56480	4.671134	-0.181053	9.749950	0.137082	-0.673182	-0.164929	0.395991	0.778949	0.486240	-0.883415	0.467649	-0.029719	-0.250539	-0.417783	0.873320
56481	4.718672	-0.075236	9.700853	0.157169	-0.761292	-0.168823	0.395607	0.774921	0.492942	-0.883110	0.468357	-0.027540	-0.252214	-0.424427	0.869626
56482	4.629173	0.020121	9.961454	0.128265	-0.847355	-0.148793	0.394798	0.770573	0.500352	-0.882824	0.469000	-0.025704	-0.254472	-0.431575	0.865440
56483	4.717982	0.137991	10.247334	0.067834	-1.026644	-0.096167	0.392979	0.765652	0.509259	-0.882627	0.469426	-0.024669	-0.257947	-0.439791	0.860260
56484	4.830283	0.543475	10.969206	-0.089483	-1.188805	-0.006332	0.389960	0.760317	0.519470	-0.882346	0.469915	-0.025419	-0.263433	-0.448440	0.854111
56485	4.479249	0.837449	11.233343	-0.299465	-1.391328	0.146636	0.384983	0.754678	0.531272	-0.882086	0.470210	-0.028741	-0.271500	-0.457563	0.846714
56486	3.981950	1.876522	11.816670	-0.259906	-1.732939	0.361091	0.377038	0.748316	0.545771	-0.882721	0.468744	-0.032888	-0.280438	-0.469364	0.837289
56487	3.723948	3.000520	12.396297	-0.377306	-2.113442	0.664483	0.365044	0.741378	0.563118	-0.884142	0.465525	-0.039743	-0.291610	-0.483368	0.825421
56488	4.347900	3.693460	12.365440	-0.605240	-2.462511	1.040185	0.348504	0.734078	0.582816	-0.886022	0.460866	-0.050667	-0.305794	-0.498730	0.811023
56489	5.587785	5.000193	12.484338	-0.890993	-2.726624	1.476343	0.326786	0.727028	0.603855	-0.888210	0.454580	-0.066636	-0.322947	-0.514575	0.794304
56490	5.645140	5.023986	11.356247	-1.350914	-3.017700	1.885192	0.299978	0.719743	0.626085	-0.889586	0.448044	-0.088839	-0.344455	-0.530307	0.774677
56491	7.994713	5.664168	13.566872	-1.469049	-3.713685	2.006298	0.268836	0.708608	0.652381	-0.890066	0.441627	-0.112907	-0.368116	-0.550309	0.749434
56492	14.110334	8.304441	16.449117	-1.374319	-3.651836	2.155555	0.235829	0.697564	0.676601	-0.890276	0.434213	-0.137361	-0.389607	-0.569968	0.723425
56493	7.740197	6.276266	12.650966	-2.379255	-3.232582	2.560100	0.199867	0.690007	0.695660	-0.886286	0.430048	-0.171919	-0.417793	-0.582193	0.697496
56494	6.236066	4.070110	11.046551	-2.566909	-3.282104	2.766640	0.161261	0.682526	0.712848	-0.880166	0.426199	-0.208958	-0.446434	-0.593728	0.669465
56495	4.794818	1.941795	9.727391	-2.538470	-3.415800	2.909554	0.119861	0.674350	0.728619	-0.872617	0.421568	-0.246619	-0.473470	-0.606245	0.638979
56496	3.592697	1.703292	8.604370	-2.197670	-3.619521	3.016649	0.076115	0.664722	0.743203	-0.864895	0.414903	-0.282512	-0.496149	-0.621289	0.606495
56497	2.190649	0.342158	7.509308	-2.059044	-3.773614	3.178340	0.029524	0.653990	0.755927	-0.856180	0.406819	-0.318520	-0.515834	-0.637805	0.571944
56498	0.022811	-0.511187	6.022881	-1.720192	-4.056210	3.245385	-0.019339	0.640740	0.767514	-0.847321	0.396991	-0.352768	-0.530728	-0.657153	0.535235
56499	1.722617	2.197687	8.360359	-1.681654	-4.501791	3.060910	-0.069347	0.622666	0.779408	-0.836941	0.388858	-0.385123	-0.542882	-0.679026	0.494169
56500	9.972129	8.842177	9.402747	-1.712967	-4.278325	1.189879	-0.102687	0.597822	0.795024	-0.826507	0.393442	-0.402604	-0.553481	-0.698436	0.453703
56501	22.121576	4.326165	9.672680	-1.832419	-2.279923	-0.004139	-0.115407	0.581802	0.805101	-0.816269	0.406312	-0.410628	-0.566027	-0.704568	0.428016
56502	9.017861	1.088605	14.690910	-1.186836	0.866938	-1.680354	-0.096764	0.580859	0.808232	-0.811252	0.424430	-0.402155	-0.576634	-0.694595	0.430153
56503	9.241954	4.742819	13.525702	0.634824	0.914008	-2.767658	-0.068958	0.575277	0.815047	-0.817207	0.436028	-0.376899	-0.572204	-0.692052	0.440053
56504	4.908016	6.548896	9.391455	-0.019667	2.142014	-3.171208	-0.030730	0.575819	0.816999	-0.818655	0.454462	-0.351096	-0.573463	-0.679630	0.457431
56505	0.627469	3.248617	6.175906	-0.234369	2.291959	-3.309459	0.009540	0.575847	0.817502	-0.817677	0.475087	-0.325109	-0.575598	-0.665351	0.475389
56506	0.495068	2.150585	5.552839	-0.295591	2.287472	-3.359052	0.050167	0.574553	0.816928	-0.814947	0.496401	-0.299078	-0.577360	-0.650749	0.493133
56507	0.073175	0.025269	4.998025	-0.500881	2.308906	-3.242290	0.089884	0.572956	0.814643	-0.809801	0.518203	-0.275113	-0.579778	-0.634970	0.510559
56508	0.239381	-1.930756	4.836874	-0.279232	2.103624	-3.069697	0.126882	0.569936	0.811834	-0.804829	0.537544	-0.251588	-0.579785	-0.621466	0.526905
56509	1.108364	-2.014051	5.310326	0.192318	1.847103	-2.868084	0.160599	0.565719	0.808808	-0.801850	0.552604	-0.227301	-0.575539	-0.612038	0.542369
56510	1.822010	-1.937502	5.726941	0.361440	1.796981	-2.627448	0.191938	0.561927	0.804610	-0.799260	0.565264	-0.204109	-0.569511	-0.603916	0.557621
56511	2.051888	-2.069516	5.964903	0.493012	1.741633	-2.435173	0.221223	0.558533	0.799438	-0.797061	0.575889	-0.181784	-0.561920	-0.596986	0.572585
56512	2.980276	-2.755416	6.311731	0.583738	1.675275	-2.256146	0.248541	0.555357	0.793603	-0.794988	0.585029	-0.160423	-0.553373	-0.591033	0.586906
56513	4.322804	-2.783212	7.123697	0.762160	1.602121	-2.075775	0.273799	0.552638	0.787163	-0.793797	0.591969	-0.139492	-0.543065	-0.586655	0.600763
56514	6.621089	-2.268327	8.445110	0.831867	1.624044	-1.830438	0.297067	0.551217	0.779687	-0.793014	0.597249	-0.120094	-0.531865	-0.582627	0.614545
56515	8.182623	-2.208501	9.023358	0.693048	1.835558	-1.527234	0.318806	0.552782	0.769931	-0.792020	0.601579	-0.103959	-0.520641	-0.576658	0.629602
56516	8.637599	-2.299044	8.781007	0.563448	2.101038	-1.187911	0.339045	0.557613	0.757705	-0.790983	0.604989	-0.091290	-0.509307	-0.568380	0.646181
56517	8.199555	-2.705667	8.379698	0.473013	2.284011	-0.855678	0.357278	0.565388	0.743431	-0.790451	0.607040	-0.081786	-0.497533	-0.558426	0.663793
56518	7.522580	-2.700785	8.019167	0.460096	2.332172	-0.583608	0.373370	0.574713	0.728217	-0.790550	0.607861	-0.074398	-0.485413	-0.547914	0.681296
56519	6.810216	-2.615085	7.637879	0.479969	2.256105	-0.369246	0.387061	0.584817	0.712862	-0.791516	0.607303	-0.068450	-0.472954	-0.537748	0.697956
56520	6.670340	-2.014679	7.723453	0.585805	2.121761	-0.244202	0.398910	0.594620	0.698067	-0.793259	0.605658	-0.062598	-0.460012	-0.528777	0.713291
56521	7.117850	-1.182689	8.012086	0.646079	2.006785	-0.230316	0.409788	0.603866	0.683680	-0.795330	0.603549	-0.056379	-0.446680	-0.520648	0.727600
56522	7.641906	-0.394065	8.445872	0.666613	1.952654	-0.306169	0.420835	0.612081	0.669519	-0.796962	0.602005	-0.049418	-0.433301	-0.512784	0.741149
56523	8.139435	-0.172222	8.460452	0.624806	1.964739	-0.435587	0.432636	0.619562	0.654957	-0.797841	0.601410	-0.041890	-0.419851	-0.504428	0.754504
56524	8.504048	0.224830	8.325605	0.644188	1.954371	-0.607794	0.445575	0.625653	0.640329	-0.797803	0.602011	-0.033059	-0.406169	-0.496126	0.767389
56525	10.113483	-0.127977	8.776321	0.669224	1.907926	-0.738338	0.459027	0.630699	0.625710	-0.797203	0.603264	-0.023237	-0.392124	-0.488152	0.779710
56526	12.802426	-2.084287	9.155443	0.694781	2.057813	-0.795286	0.473295	0.635819	0.609693	-0.796138	0.604978	-0.012872	-0.377035	-0.479307	0.792533
56527	12.715010	-2.790559	8.631705	0.935307	2.509531	-0.951818	0.490038	0.642047	0.589608	-0.795048	0.606547	0.000292	-0.357437	-0.468910	0.807689
56528	10.248980	-2.578168	7.678658	1.014504	2.746806	-1.044790	0.507876	0.648392	0.567142	-0.793321	0.608628	0.014598	-0.335713	-0.457340	0.823490
56529	8.884927	-2.029265	7.178795	1.040456	2.729591	-1.021602	0.524787	0.654577	0.544176	-0.791474	0.610520	0.028894	-0.313317	-0.445864	0.838473
56530	8.578848	-1.480312	7.229974	0.891927	2.589333	-0.918395	0.539909	0.660327	0.521983	-0.789258	0.612670	0.041314	-0.292523	-0.434285	0.851955
56531	9.392978	-1.784053	7.413620	0.703734	2.441985	-0.871377	0.553647	0.665514	0.500565	-0.786531	0.615377	0.051779	-0.273577	-0.422377	0.864149
56532	10.354112	-2.519344	6.666203	0.557220	2.376392	-0.843964	0.566584	0.670168	0.479435	-0.783251	0.618731	0.060745	-0.255933	-0.409935	0.875472
56533	11.438776	-3.643237	5.907488	0.622641	2.279186	-0.768841	0.578190	0.674678	0.458810	-0.780424	0.621342	0.069806	-0.237981	-0.398428	0.885788
56534	13.233513	-4.037614	5.175257	0.743170	2.180860	-0.565045	0.587604	0.679715	0.438986	-0.778803	0.622281	0.078941	-0.219516	-0.388270	0.895019
56535	14.260550	-4.731052	4.281058	0.848077	2.148941	-0.311167	0.594515	0.686067	0.419362	-0.778766	0.621128	0.087877	-0.200188	-0.378829	0.903556
56536	16.105640	-6.089850	3.982641	1.043230	2.135380	0.029875	0.598355	0.694226	0.400027	-0.780898	0.617049	0.097200	-0.179357	-0.370540	0.911335
56537	16.685702	-6.838612	3.020426	1.336653	2.266868	0.353387	0.599378	0.704722	0.379623	-0.785254	0.609676	0.108034	-0.155314	-0.362854	0.918812
56538	14.410150	-7.684277	1.416969	1.518698	2.312487	0.607956	0.597902	0.716680	0.359003	-0.791033	0.599935	0.119772	-0.129541	-0.355595	0.925619
56539	10.779527	-6.604826	1.267471	1.919663	2.042185	0.703860	0.594695	0.728075	0.340947	-0.797437	0.588082	0.135107	-0.102137	-0.352232	0.930323
56540	7.265425	11.323558	6.663683	1.924553	0.054639	-0.101136	0.595577	0.727653	0.340308	-0.798628	0.581971	0.153307	-0.086495	-0.363086	0.927732
56541	21.248859	-4.427472	-9.942492	-2.687664	-0.863071	2.352372	0.575841	0.738117	0.351554	-0.809686	0.574418	0.120217	-0.113205	-0.353874	0.928417
56542	10.750245	-1.387125	3.208320	-2.485382	0.087908	0.339206	0.573228	0.740355	0.351118	-0.808554	0.580556	0.095888	-0.132852	-0.338864	0.931408
56543	1.835461	-5.446358	12.822207	-4.189044	1.209409	1.224993	0.565178	0.751299	0.340770	-0.809320	0.585019	0.052486	-0.159924	-0.305455	0.938681
56544	0.275250	-12.610330	17.033411	-2.185514	0.282217	0.386330	0.562550	0.754383	0.338296	-0.807802	0.588658	0.030613	-0.176047	-0.290498	0.940542
56545	3.782171	-6.558057	8.061836	1.717923	-1.136207	-1.030006	0.568946	0.744845	0.348577	-0.804891	0.591291	0.050260	-0.168674	-0.309162	0.935932
56546	-0.517491	3.779320	11.327233	1.557384	-1.021162	-0.680441	0.572753	0.737553	0.357729	-0.803557	0.591424	0.067181	-0.162021	-0.325933	0.931406
56547	2.198265	-2.425314	6.837238	-1.106819	-1.012642	0.244746	0.569109	0.735655	0.367324	-0.803043	0.593285	0.055989	-0.176739	-0.326841	0.928406
56548	6.995436	-3.856007	10.740634	0.570865	-1.396127	-0.145827	0.567811	0.730106	0.380178	-0.803208	0.592485	0.061795	-0.180133	-0.340450	0.922847
56549	9.684505	1.848219	13.798509	1.198087	-1.371429	-0.467193	0.569137	0.722515	0.392499	-0.802665	0.591746	0.074603	-0.178357	-0.357504	0.916722
56550	6.912596	2.812961	10.761355	0.213523	-0.600707	-0.431438	0.571541	0.717766	0.397684	-0.800562	0.594120	0.078241	-0.180114	-0.363089	0.914180
56551	5.555803	0.121221	10.164311	-0.193528	-0.579275	-0.404895	0.573767	0.713187	0.402687	-0.797844	0.597786	0.078083	-0.185033	-0.366082	0.912001
56552	7.283622	2.512458	11.218150	0.226144	-0.705293	-0.494823	0.576417	0.707591	0.408728	-0.795394	0.600503	0.082128	-0.187330	-0.372440	0.908953
56553	7.988415	3.107216	10.531653	-0.222807	-0.361528	-0.469998	0.579511	0.703351	0.411660	-0.792208	0.604714	0.082027	-0.191243	-0.373655	0.907639
56554	4.452484	1.009000	9.966479	-0.750406	0.141624	-0.465118	0.583482	0.701023	0.410019	-0.788023	0.610799	0.077101	-0.196390	-0.368091	0.908812
56555	2.946753	-1.034097	8.885644	-0.609581	-0.075468	-0.364245	0.586250	0.698444	0.410472	-0.784623	0.615655	0.073051	-0.201687	-0.364891	0.908943
56556	4.075155	-2.156899	10.033276	-0.559601	-0.097410	-0.125637	0.587057	0.697287	0.411284	-0.782717	0.618602	0.068459	-0.206686	-0.362109	0.908933
56557	3.826292	-3.786889	9.893441	-0.654155	0.067646	0.182935	0.585812	0.698605	0.410823	-0.782373	0.619741	0.061752	-0.211464	-0.357592	0.909622
56558	3.818759	-2.013756	9.650189	-0.390025	0.071758	0.277722	0.583812	0.700554	0.410351	-0.783140	0.619223	0.057042	-0.214138	-0.354664	0.910142
56559	4.416143	1.383975	9.527036	-0.413698	0.099285	0.249807	0.582106	0.702403	0.409614	-0.783663	0.618986	0.052236	-0.216854	-0.351406	0.910762
