// General information: 
//  MT Manager version: 2022.2.0 
//  XDA version: 2022.2.0 build 7381 rev 124627 built on 2023-07-19
// Device information: 
//  DeviceId: 00B4CBA7
//  ProductCode: MTW2-3A7G6
//  Firmware Version: 4.6.0
//  Hardware Version: 2.0.0
// Device settings: 
//  Filter Profile: human(46.1)
//  Option Flags: Orientation Smoother Disabled, Position/Velocity Smoother Disabled, Continuous Zero Rotation Update Disabled, AHS Disabled, ICC Disabled
// Coordinate system: ENU
PacketCounter	Acc_X	Acc_Y	Acc_Z	Gyr_X	Gyr_Y	Gyr_Z	Mat[1][1]	Mat[2][1]	Mat[3][1]	Mat[1][2]	Mat[2][2]	Mat[3][2]	Mat[1][3]	Mat[2][3]	Mat[3][3]
34991	9.715838	0.753174	-0.582638	0.000693	-0.002230	-0.005617	-0.014912	-0.091345	0.995708	-0.466995	0.881171	0.073844	-0.884134	-0.463889	-0.055798
34992	9.748868	0.760357	-0.590324	0.003247	-0.001544	-0.012660	-0.014823	-0.091489	0.995696	-0.466963	0.881174	0.074015	-0.884153	-0.463856	-0.055783
34993	9.735986	0.770533	-0.559737	-0.010000	-0.002103	-0.008210	-0.014780	-0.091595	0.995687	-0.466875	0.881210	0.074134	-0.884200	-0.463766	-0.055788
34994	9.699320	0.707562	-0.536763	-0.009545	-0.003297	-0.010172	-0.014695	-0.091724	0.995676	-0.466760	0.881258	0.074295	-0.884262	-0.463650	-0.055764
34995	9.719556	0.723823	-0.513883	0.002036	-0.004929	-0.006152	-0.014687	-0.091825	0.995667	-0.466779	0.881240	0.074386	-0.884252	-0.463664	-0.055805
34996	9.710150	0.791237	-0.499327	0.000446	-0.005478	-0.007848	-0.014661	-0.091938	0.995657	-0.466674	0.881286	0.074505	-0.884308	-0.463555	-0.055826
34997	9.700496	0.738807	-0.507603	-0.004379	-0.009651	-0.008118	-0.014686	-0.092077	0.995644	-0.466636	0.881296	0.074620	-0.884327	-0.463507	-0.055909
34998	9.707935	0.763954	-0.454548	-0.000309	-0.010057	-0.003301	-0.014715	-0.092170	0.995635	-0.466520	0.881351	0.074695	-0.884388	-0.463384	-0.055968
34999	9.695667	0.772976	-0.501975	-0.003512	-0.010276	-0.001341	-0.014776	-0.092252	0.995626	-0.466489	0.881364	0.074742	-0.884404	-0.463344	-0.056058
35000	9.714448	0.759907	-0.510801	-0.005599	-0.017323	-0.007497	-0.014865	-0.092432	0.995608	-0.466401	0.881399	0.074865	-0.884448	-0.463240	-0.056212
35001	9.719002	0.726950	-0.519901	0.000766	-0.015124	-0.000717	-0.014972	-0.092532	0.995597	-0.466408	0.881393	0.074904	-0.884443	-0.463233	-0.056354
35002	9.733665	0.746628	-0.598672	-0.004948	-0.017792	-0.002415	-0.015069	-0.092671	0.995583	-0.466363	0.881409	0.074985	-0.884465	-0.463174	-0.056500
35003	9.701892	0.769602	-0.561991	-0.009257	-0.016349	-0.003575	-0.015173	-0.092801	0.995569	-0.466282	0.881446	0.075057	-0.884506	-0.463077	-0.056646
35004	9.751776	0.734109	-0.532284	-0.007696	-0.019204	-0.002418	-0.015301	-0.092954	0.995553	-0.466231	0.881467	0.075136	-0.884531	-0.463008	-0.056825
35005	9.715339	0.790494	-0.488379	-0.003151	-0.021684	-0.004917	-0.015446	-0.093121	0.995535	-0.466203	0.881474	0.075218	-0.884543	-0.462960	-0.057029
35006	9.714201	0.761870	-0.598410	-0.007008	-0.021434	-0.008040	-0.015589	-0.093350	0.995511	-0.466225	0.881451	0.075354	-0.884529	-0.462958	-0.057263
35007	9.724838	0.724669	-0.584759	-0.011819	-0.021324	-0.002422	-0.015743	-0.093494	0.995495	-0.466120	0.881501	0.075416	-0.884581	-0.462834	-0.057457
35008	9.731282	0.720287	-0.640821	-0.004308	-0.022547	-0.003228	-0.015826	-0.093647	0.995480	-0.466085	0.881511	0.075516	-0.884598	-0.462783	-0.057598
35009	9.726476	0.753863	-0.635134	-0.001982	-0.016537	-0.000728	-0.015945	-0.093753	0.995468	-0.466067	0.881517	0.075556	-0.884606	-0.462750	-0.057751
35010	9.709390	0.796208	-0.675615	-0.000155	-0.017024	-0.002692	-0.016047	-0.093890	0.995453	-0.466048	0.881521	0.075632	-0.884614	-0.462715	-0.057903
35011	9.749988	0.827358	-0.630789	0.002593	-0.015611	-0.002692	-0.016149	-0.094010	0.995440	-0.466071	0.881504	0.075688	-0.884600	-0.462724	-0.058051
35012	9.709133	0.796845	-0.678561	-0.009448	-0.012790	-0.004735	-0.016201	-0.094141	0.995427	-0.465945	0.881562	0.075789	-0.884665	-0.462587	-0.058146
35013	9.757600	0.732550	-0.679017	-0.006669	-0.007972	-0.004197	-0.016228	-0.094238	0.995417	-0.465887	0.881586	0.075866	-0.884696	-0.462520	-0.058211
35014	9.725942	0.755660	-0.641161	-0.000689	-0.002934	-0.005622	-0.016241	-0.094337	0.995408	-0.465786	0.881632	0.075955	-0.884748	-0.462413	-0.058259
35015	9.742890	0.713861	-0.602567	-0.005716	-0.002669	-0.001694	-0.016233	-0.094388	0.995403	-0.465735	0.881654	0.076006	-0.884775	-0.462360	-0.058272
35016	9.705102	0.741169	-0.587689	0.006370	-0.002964	-0.004467	-0.016179	-0.094481	0.995395	-0.465840	0.881590	0.076107	-0.884721	-0.462464	-0.058277
35017	9.716093	0.823646	-0.549607	0.014131	-0.000937	-0.003044	-0.016150	-0.094536	0.995390	-0.465965	0.881519	0.076161	-0.884656	-0.462587	-0.058287
35018	9.736819	0.839002	-0.603742	0.001826	-0.000486	-0.001964	-0.016153	-0.094592	0.995385	-0.465900	0.881549	0.076214	-0.884690	-0.462519	-0.058310
35019	9.703717	0.832902	-0.596169	-0.012072	-0.000585	-0.002579	-0.016123	-0.094641	0.995381	-0.465793	0.881600	0.076278	-0.884747	-0.462412	-0.058297
35020	9.687598	0.784739	-0.549946	-0.008012	-0.005275	-0.003658	-0.016126	-0.094753	0.995370	-0.465806	0.881585	0.076375	-0.884740	-0.462418	-0.058353
35021	9.734837	0.811181	-0.557968	-0.006199	-0.004882	-0.000269	-0.016144	-0.094802	0.995365	-0.465751	0.881611	0.076413	-0.884769	-0.462358	-0.058387
35022	9.695552	0.809313	-0.574141	-0.008275	-0.007644	-0.000539	-0.016256	-0.094907	0.995353	-0.465701	0.881633	0.076458	-0.884793	-0.462294	-0.058530
35023	9.708207	0.800532	-0.605337	-0.012994	-0.002484	-0.004543	-0.016233	-0.094982	0.995347	-0.465587	0.881686	0.076543	-0.884853	-0.462178	-0.058535
35024	9.725186	0.758622	-0.566706	-0.013710	-0.003661	0.000540	-0.016298	-0.095031	0.995341	-0.465328	0.881820	0.076573	-0.884988	-0.461912	-0.058593
35025	9.744028	0.745118	-0.574868	-0.008758	-0.009857	0.000884	-0.016367	-0.095092	0.995334	-0.465250	0.881859	0.076601	-0.885028	-0.461825	-0.058675
35026	9.780420	0.808918	-0.599026	-0.002854	-0.010750	0.003732	-0.016479	-0.095145	0.995327	-0.465144	0.881914	0.076603	-0.885081	-0.461708	-0.058789
35027	9.714594	0.795576	-0.661844	-0.011708	-0.006831	0.005082	-0.016540	-0.095155	0.995325	-0.465039	0.881971	0.076591	-0.885136	-0.461598	-0.058839
35028	9.741490	0.805864	-0.693258	-0.009443	-0.007631	0.006506	-0.016609	-0.095187	0.995321	-0.465044	0.881969	0.076586	-0.885132	-0.461596	-0.058915
35029	9.744326	0.743120	-0.654946	-0.007818	-0.003677	0.008741	-0.016659	-0.095151	0.995323	-0.464973	0.882011	0.076536	-0.885168	-0.461523	-0.058936
35030	9.713155	0.764507	-0.694043	-0.002584	-0.003222	0.011859	-0.016730	-0.095122	0.995325	-0.465056	0.881972	0.076472	-0.885123	-0.461602	-0.058993
35031	9.708260	0.796972	-0.609177	-0.006160	0.003681	0.011517	-0.016728	-0.095027	0.995334	-0.464999	0.882009	0.076393	-0.885153	-0.461551	-0.058942
35032	9.687632	0.780724	-0.555036	-0.006895	-0.001779	0.010705	-0.016766	-0.094966	0.995339	-0.464821	0.882108	0.076332	-0.885246	-0.461375	-0.058931
35033	9.706578	0.766339	-0.562432	-0.000431	0.005472	0.007859	-0.016731	-0.094895	0.995347	-0.464815	0.882115	0.076286	-0.885249	-0.461376	-0.058867
35034	9.745905	0.767527	-0.546573	-0.005961	-0.000757	0.007316	-0.016773	-0.094881	0.995347	-0.464746	0.882154	0.076259	-0.885285	-0.461305	-0.058892
35035	9.700537	0.769283	-0.585337	-0.009832	0.000371	0.009550	-0.016791	-0.094819	0.995353	-0.464657	0.882206	0.076202	-0.885331	-0.461218	-0.058872
35036	9.730291	0.717178	-0.577123	-0.004554	0.003353	0.007857	-0.016803	-0.094790	0.995355	-0.464658	0.882208	0.076171	-0.885331	-0.461220	-0.058869
35037	9.711491	0.729990	-0.569382	0.004299	-0.000569	0.006506	-0.016816	-0.094759	0.995358	-0.464694	0.882192	0.076135	-0.885312	-0.461257	-0.058869
35038	9.698839	0.738573	-0.538648	0.003859	-0.000253	0.003118	-0.016759	-0.094750	0.995360	-0.464656	0.882211	0.076156	-0.885333	-0.461223	-0.058811
35039	9.717718	0.724605	-0.546506	0.011106	-0.003848	0.005425	-0.016795	-0.094744	0.995360	-0.464752	0.882162	0.076127	-0.885281	-0.461317	-0.058849
35040	9.694245	0.770962	-0.531653	0.015010	-0.001573	0.003731	-0.016798	-0.094768	0.995358	-0.464952	0.882056	0.076134	-0.885176	-0.461515	-0.058880
35041	9.725777	0.747978	-0.570712	0.012195	-0.009794	0.002648	-0.016874	-0.094814	0.995352	-0.465060	0.882000	0.076132	-0.885119	-0.461613	-0.058977
35042	9.719585	0.751890	-0.594817	0.016087	-0.006642	0.006306	-0.016976	-0.094834	0.995348	-0.465153	0.881954	0.076097	-0.885068	-0.461697	-0.059084
35043	9.748047	0.790860	-0.595583	0.012667	-0.006704	0.006576	-0.017042	-0.094831	0.995347	-0.465263	0.881899	0.076056	-0.885008	-0.461802	-0.059151
35044	9.708806	0.788304	-0.611746	0.009060	-0.003204	0.005693	-0.017069	-0.094828	0.995347	-0.465288	0.881887	0.076039	-0.884995	-0.461826	-0.059175
35045	9.744650	0.731999	-0.581139	0.006278	-0.008021	0.005153	-0.017141	-0.094843	0.995345	-0.465342	0.881861	0.076016	-0.884965	-0.461873	-0.059250
35046	9.721498	0.777966	-0.643747	0.014074	-0.002594	0.007114	-0.017214	-0.094853	0.995342	-0.465518	0.881771	0.075979	-0.884871	-0.462042	-0.059335
35047	9.738503	0.735016	-0.605502	0.007872	-0.007472	0.006846	-0.017289	-0.094851	0.995341	-0.465586	0.881739	0.075938	-0.884834	-0.462104	-0.059406
35048	9.732324	0.738932	-0.629240	0.009995	-0.002185	0.002303	-0.017307	-0.094872	0.995339	-0.465574	0.881744	0.075949	-0.884840	-0.462090	-0.059430
35049	9.724262	0.714431	-0.606518	0.015425	-0.006173	0.001220	-0.017344	-0.094913	0.995334	-0.465710	0.881671	0.075959	-0.884767	-0.462220	-0.059494
35050	9.752703	0.753886	-0.607229	0.021594	-0.004700	0.000946	-0.017397	-0.094966	0.995329	-0.465820	0.881612	0.075974	-0.884709	-0.462322	-0.059574
35051	9.729218	0.800576	-0.592750	0.018844	-0.006111	0.000947	-0.017432	-0.095009	0.995324	-0.465986	0.881523	0.075985	-0.884621	-0.462482	-0.059640
35052	9.721145	0.776133	-0.570247	0.015425	-0.006173	0.001218	-0.017466	-0.095072	0.995317	-0.466159	0.881429	0.076013	-0.884528	-0.462649	-0.059713
35053	9.714928	0.780398	-0.594104	0.017953	-0.004606	-0.000479	-0.017481	-0.095122	0.995312	-0.466318	0.881343	0.076039	-0.884445	-0.462802	-0.059764
35054	9.700660	0.760507	-0.594697	0.011785	-0.006078	-0.000204	-0.017502	-0.095173	0.995307	-0.466293	0.881353	0.076077	-0.884457	-0.462773	-0.059804
35055	9.711424	0.722767	-0.579650	0.014313	-0.004511	-0.001901	-0.017510	-0.095235	0.995301	-0.466419	0.881282	0.076120	-0.884390	-0.462895	-0.059850
35056	9.722854	0.804616	-0.619218	0.019998	-0.005250	-0.000753	-0.017546	-0.095301	0.995294	-0.466515	0.881229	0.076154	-0.884339	-0.462983	-0.059922
35057	9.708578	0.784876	-0.619718	0.008629	-0.003772	-0.003051	-0.017543	-0.095369	0.995287	-0.466591	0.881184	0.076212	-0.884299	-0.463055	-0.059957
35058	9.706693	0.756307	-0.573916	0.011300	-0.008289	0.001220	-0.017621	-0.095437	0.995280	-0.466631	0.881161	0.076232	-0.884277	-0.463085	-0.060061
35059	9.700465	0.760553	-0.597809	0.012488	-0.004022	0.000062	-0.017634	-0.095479	0.995275	-0.466740	0.881101	0.076256	-0.884219	-0.463190	-0.060101
35060	9.720861	0.775957	-0.575306	0.009035	-0.007489	-0.000202	-0.017642	-0.095534	0.995270	-0.466714	0.881110	0.076303	-0.884232	-0.463161	-0.060132
35061	9.706584	0.756157	-0.575952	0.004725	-0.006044	-0.001351	-0.017667	-0.095598	0.995263	-0.466755	0.881085	0.076345	-0.884210	-0.463196	-0.060187
35062	9.731802	0.737884	-0.638480	0.009671	-0.012245	-0.001010	-0.017731	-0.095697	0.995253	-0.466819	0.881047	0.076399	-0.884175	-0.463248	-0.060295
35063	9.743171	0.819692	-0.678639	0.008330	-0.009545	-0.000471	-0.017790	-0.095769	0.995245	-0.466892	0.881005	0.076431	-0.884136	-0.463312	-0.060387
35064	9.738517	0.853018	-0.671835	0.002231	-0.004205	0.000884	-0.017782	-0.095817	0.995240	-0.466922	0.880986	0.076474	-0.884120	-0.463339	-0.060405
35065	9.730483	0.828618	-0.648932	-0.006431	-0.003838	0.003400	-0.017809	-0.095829	0.995238	-0.466863	0.881017	0.076476	-0.884150	-0.463278	-0.060429
35066	9.716239	0.808664	-0.649192	-0.008247	-0.004233	0.000015	-0.017857	-0.095888	0.995232	-0.466704	0.881097	0.076518	-0.884233	-0.463112	-0.060485
35067	9.728860	0.799508	-0.680110	-0.005464	0.000584	0.000548	-0.017832	-0.095905	0.995231	-0.466654	0.881121	0.076547	-0.884260	-0.463063	-0.060466
35068	9.711642	0.841952	-0.641646	-0.010706	0.001012	0.002789	-0.017810	-0.095931	0.995229	-0.466676	0.881107	0.076579	-0.884249	-0.463085	-0.060461
35069	9.722712	0.803556	-0.702839	-0.015466	0.003651	0.003603	-0.017772	-0.095907	0.995232	-0.466537	0.881180	0.076585	-0.884323	-0.462952	-0.060404
35070	9.710153	0.812442	-0.671339	-0.012682	0.008467	0.004136	-0.017664	-0.095866	0.995237	-0.466428	0.881236	0.076607	-0.884383	-0.462854	-0.060281
35071	9.727240	0.770080	-0.631655	-0.018401	0.005801	0.002450	-0.017601	-0.095842	0.995241	-0.466264	0.881321	0.076626	-0.884471	-0.462696	-0.060200
35072	9.714687	0.778911	-0.599961	-0.019971	0.009539	0.006647	-0.017533	-0.095769	0.995249	-0.465969	0.881478	0.076613	-0.884627	-0.462412	-0.060080
35073	9.708573	0.782968	-0.622199	-0.019072	0.007151	0.002718	-0.017459	-0.095736	0.995254	-0.465798	0.881567	0.076629	-0.884719	-0.462250	-0.059985
35074	9.706822	0.754069	-0.574676	-0.022907	0.011689	0.005493	-0.017317	-0.095658	0.995264	-0.465533	0.881706	0.076644	-0.884861	-0.462000	-0.059800
35075	9.730096	0.707196	-0.511548	-0.025912	0.007029	0.003261	-0.017247	-0.095621	0.995268	-0.465301	0.881826	0.076659	-0.884984	-0.461778	-0.059701
35076	9.723943	0.711545	-0.534045	-0.011114	0.004729	-0.000065	-0.017176	-0.095640	0.995268	-0.465197	0.881877	0.076716	-0.885041	-0.461678	-0.059638
35077	9.704240	0.815679	-0.611281	-0.006584	0.003126	0.002778	-0.017138	-0.095626	0.995270	-0.465137	0.881908	0.076724	-0.885073	-0.461622	-0.059593
35078	9.718514	0.835361	-0.610955	-0.023233	0.001629	0.002176	-0.017118	-0.095649	0.995268	-0.464980	0.881987	0.076765	-0.885156	-0.461465	-0.059572
35079	9.708890	0.782256	-0.618140	-0.027093	0.001883	-0.000940	-0.017074	-0.095673	0.995266	-0.464739	0.882109	0.076823	-0.885283	-0.461227	-0.059524
35080	9.751180	0.721999	-0.640563	-0.018659	0.002552	0.000207	-0.017029	-0.095713	0.995263	-0.464660	0.882145	0.076884	-0.885325	-0.461150	-0.059496
35081	9.754684	0.779509	-0.655493	-0.011310	0.009169	0.004132	-0.016944	-0.095659	0.995270	-0.464558	0.882199	0.076882	-0.885380	-0.461058	-0.059387
35082	9.723248	0.802027	-0.616382	-0.018660	0.002552	0.000205	-0.016875	-0.095678	0.995269	-0.464373	0.882291	0.076944	-0.885479	-0.460877	-0.059319
35083	9.719557	0.744520	-0.523071	-0.019560	0.004936	0.004133	-0.016828	-0.095643	0.995273	-0.464198	0.882383	0.076946	-0.885572	-0.460709	-0.059246
35084	9.724210	0.710868	-0.530081	-0.012720	0.005058	0.003590	-0.016799	-0.095612	0.995277	-0.463885	0.882547	0.076953	-0.885736	-0.460401	-0.059179
35085	9.694638	0.761931	-0.537478	-0.005880	0.005180	0.003048	-0.016744	-0.095586	0.995280	-0.463831	0.882575	0.076958	-0.885766	-0.460353	-0.059114
35086	9.728062	0.767770	-0.621736	-0.009300	0.005119	0.003318	-0.016742	-0.095595	0.995279	-0.463810	0.882585	0.076969	-0.885777	-0.460332	-0.059114
35087	9.720040	0.743334	-0.598125	-0.012975	0.001811	0.001353	-0.016709	-0.095599	0.995280	-0.463693	0.882644	0.076996	-0.885838	-0.460218	-0.059077
35088	9.726248	0.738754	-0.574676	0.002300	0.002602	0.001965	-0.016702	-0.095611	0.995279	-0.463637	0.882672	0.077013	-0.885868	-0.460162	-0.059071
35089	9.721960	0.772047	-0.643906	-0.002670	0.004524	-0.004267	-0.016619	-0.095652	0.995276	-0.463613	0.882678	0.077089	-0.885882	-0.460141	-0.059015
35090	9.699675	0.728176	-0.620112	-0.005616	0.007551	-0.000068	-0.016528	-0.095656	0.995277	-0.463536	0.882714	0.077140	-0.885924	-0.460072	-0.058930
35091	9.747026	0.754539	-0.627069	0.002125	0.005290	-0.004537	-0.016437	-0.095696	0.995275	-0.463554	0.882698	0.077216	-0.885916	-0.460094	-0.058870
35092	9.723596	0.801755	-0.611222	0.007845	0.007953	-0.002842	-0.016296	-0.095728	0.995274	-0.463722	0.882603	0.077298	-0.885831	-0.460271	-0.058774
35093	9.728221	0.768700	-0.618086	0.005580	0.008755	-0.004266	-0.016176	-0.095750	0.995274	-0.463771	0.882571	0.077370	-0.885808	-0.460327	-0.058682
35094	9.713676	0.749374	-0.540201	0.008515	0.006603	-0.003114	-0.016080	-0.095796	0.995271	-0.463912	0.882489	0.077446	-0.885735	-0.460473	-0.058631
35095	9.715271	0.778508	-0.508556	0.012674	0.012124	-0.002571	-0.015938	-0.095788	0.995274	-0.464024	0.882426	0.077496	-0.885679	-0.460596	-0.058512
35096	9.704496	0.816657	-0.523553	0.012351	0.002068	-0.005889	-0.015891	-0.095865	0.995268	-0.464021	0.882420	0.077586	-0.885682	-0.460592	-0.058506
35097	9.696431	0.792525	-0.500078	0.007798	0.005424	0.001966	-0.015830	-0.095847	0.995270	-0.464088	0.882384	0.077594	-0.885647	-0.460665	-0.058449
35098	9.688370	0.768177	-0.476837	0.006806	-0.003282	-0.001080	-0.015840	-0.095905	0.995264	-0.464061	0.882394	0.077643	-0.885662	-0.460633	-0.058483
35099	9.702935	0.787690	-0.554405	0.012040	-0.002831	0.002037	-0.015852	-0.095925	0.995262	-0.464166	0.882338	0.077648	-0.885606	-0.460736	-0.058512
35100	9.725247	0.831442	-0.578029	0.006089	-0.004461	0.004000	-0.015956	-0.095968	0.995256	-0.464204	0.882319	0.077636	-0.885585	-0.460763	-0.058627
35101	9.698671	0.820120	-0.624828	0.001780	-0.003015	0.002847	-0.015973	-0.095982	0.995255	-0.464218	0.882312	0.077639	-0.885577	-0.460775	-0.058650
35102	9.717190	0.806470	-0.555654	-0.003500	-0.005993	0.004540	-0.016001	-0.096008	0.995252	-0.464219	0.882310	0.077649	-0.885576	-0.460772	-0.058687
35103	9.729885	0.796765	-0.586912	0.002438	-0.003488	0.007927	-0.016046	-0.095978	0.995254	-0.464238	0.882305	0.077601	-0.885565	-0.460789	-0.058714
35104	9.747642	0.873436	-0.602888	0.005858	-0.003427	0.007656	-0.016080	-0.095960	0.995255	-0.464241	0.882306	0.077569	-0.885563	-0.460791	-0.058736
35105	9.711896	0.928435	-0.634565	-0.006481	-0.006369	0.008197	-0.016151	-0.095941	0.995256	-0.464181	0.882341	0.077524	-0.885593	-0.460727	-0.058785
35106	9.756943	0.804800	-0.618932	-0.026088	-0.003958	0.017133	-0.016330	-0.095866	0.995260	-0.463872	0.882515	0.077395	-0.885752	-0.460410	-0.058881
35107	9.734714	0.759378	-0.595942	-0.012848	-0.003401	0.012663	-0.016396	-0.095794	0.995266	-0.463755	0.882584	0.077309	-0.885812	-0.460292	-0.058896
35108	9.755522	0.773333	-0.650313	-0.003074	-0.005434	0.013274	-0.016482	-0.095745	0.995269	-0.463748	0.882595	0.077226	-0.885814	-0.460281	-0.058948
35109	9.732529	0.818682	-0.712278	-0.009807	0.004660	0.015439	-0.016489	-0.095612	0.995282	-0.463657	0.882653	0.077111	-0.885862	-0.460198	-0.058885
35110	9.724594	0.793140	-0.688488	-0.015711	0.005561	0.012592	-0.016499	-0.095517	0.995291	-0.463443	0.882772	0.077036	-0.885973	-0.459990	-0.058832
35111	9.801666	0.766720	-0.687324	-0.001995	0.009204	0.012053	-0.016451	-0.095393	0.995304	-0.463422	0.882791	0.076949	-0.885985	-0.459979	-0.058730
35112	9.746962	0.835199	-0.632260	-0.007121	0.018970	0.010560	-0.016301	-0.095254	0.995319	-0.463386	0.882814	0.076898	-0.886007	-0.459963	-0.058530
35113	9.715088	0.736977	-0.614969	-0.005782	0.016270	0.010018	-0.016181	-0.095116	0.995335	-0.463331	0.882848	0.076834	-0.886037	-0.459927	-0.058355
35114	9.727609	0.726702	-0.566949	0.004904	0.017003	0.017945	-0.016139	-0.094933	0.995353	-0.463352	0.882850	0.076690	-0.886027	-0.459961	-0.058236
35115	9.740495	0.716148	-0.596000	0.004734	0.019692	0.011443	-0.015995	-0.094766	0.995371	-0.463390	0.882837	0.076606	-0.886010	-0.460020	-0.058035
35116	9.731586	0.781674	-0.578950	0.025473	0.019883	0.011523	-0.015879	-0.094624	0.995386	-0.463629	0.882719	0.076517	-0.885887	-0.460275	-0.057887
35117	9.731228	0.871171	-0.662269	0.019338	0.021821	0.012327	-0.015721	-0.094439	0.995406	-0.463797	0.882640	0.076416	-0.885802	-0.460465	-0.057676
35118	9.737205	0.865533	-0.559949	0.001748	0.019319	0.015089	-0.015637	-0.094268	0.995424	-0.463785	0.882656	0.076303	-0.885810	-0.460470	-0.057522
35119	9.680291	0.785052	-0.558340	0.016331	0.017165	0.010091	-0.015509	-0.094125	0.995440	-0.463926	0.882588	0.076226	-0.885738	-0.460629	-0.057355
35120	9.752845	0.791639	-0.548676	0.000101	0.016245	0.018199	-0.015462	-0.093941	0.995458	-0.463928	0.882600	0.076085	-0.885738	-0.460644	-0.057229
35121	9.718375	0.754807	-0.570309	0.021111	0.018800	0.015170	-0.015343	-0.093745	0.995478	-0.464111	0.882515	0.075954	-0.885644	-0.460846	-0.057049
35122	9.718117	0.753348	-0.491795	0.013255	0.010857	0.018010	-0.015358	-0.093593	0.995492	-0.464233	0.882463	0.075804	-0.885580	-0.460976	-0.057001
35123	9.712598	0.665182	-0.428832	0.028528	0.011628	0.018632	-0.015319	-0.093400	0.995511	-0.464481	0.882347	0.075635	-0.885451	-0.461237	-0.056899
35124	9.696360	0.915919	-0.529942	0.064858	0.002047	0.021111	-0.015354	-0.093241	0.995525	-0.465073	0.882052	0.075440	-0.885139	-0.461834	-0.056907
35125	9.688047	0.979815	-0.592162	0.022696	0.003924	0.026545	-0.015420	-0.093013	0.995545	-0.465268	0.881970	0.075195	-0.885035	-0.462036	-0.056876
35126	9.664577	0.813249	-0.514096	0.005578	0.004528	0.033227	-0.015479	-0.092735	0.995571	-0.465347	0.881952	0.074916	-0.884993	-0.462126	-0.056805
35127	9.710991	0.716288	-0.466715	0.022893	0.004643	0.033576	-0.015571	-0.092442	0.995596	-0.465542	0.881876	0.074602	-0.884889	-0.462331	-0.056768
35128	9.654844	0.753594	-0.443963	0.049525	0.003899	0.036503	-0.015703	-0.092153	0.995621	-0.466023	0.881651	0.074255	-0.884634	-0.462816	-0.056790
35129	9.631851	0.796783	-0.429419	0.034780	-0.007544	0.039349	-0.015930	-0.091866	0.995644	-0.466322	0.881525	0.073876	-0.884471	-0.463114	-0.056882
35130	9.661503	0.741012	-0.422482	0.033068	-0.013136	0.047268	-0.016269	-0.091557	0.995667	-0.466578	0.881427	0.073428	-0.884330	-0.463362	-0.057058
35131	9.679910	0.813606	-0.440685	0.046968	-0.030269	0.046897	-0.016733	-0.091309	0.995682	-0.466984	0.881250	0.072967	-0.884107	-0.463747	-0.057386
35132	9.724117	0.867057	-0.598496	0.033286	-0.030473	0.047965	-0.017189	-0.091063	0.995697	-0.467256	0.881143	0.072520	-0.883955	-0.463999	-0.057696
35133	9.745409	0.786456	-0.569985	0.017823	-0.026772	0.051531	-0.017644	-0.090759	0.995717	-0.467403	0.881105	0.072030	-0.883868	-0.464130	-0.057967
35134	9.714263	0.804006	-0.534936	0.041374	-0.034723	0.057010	-0.018188	-0.090457	0.995734	-0.467749	0.880966	0.071487	-0.883674	-0.464454	-0.058334
35135	9.737576	0.841439	-0.638952	0.038708	-0.029314	0.058064	-0.018696	-0.090106	0.995757	-0.468079	0.880836	0.070919	-0.883489	-0.464767	-0.058645
35136	9.724868	0.935633	-0.620071	0.036554	-0.034587	0.062594	-0.019267	-0.089763	0.995777	-0.468465	0.880679	0.070324	-0.883272	-0.465132	-0.059019
35137	9.713018	0.937676	-0.669982	0.018331	-0.031376	0.071510	-0.019857	-0.089304	0.995806	-0.468611	0.880656	0.069633	-0.883181	-0.465264	-0.059336
35138	9.684359	0.891656	-0.595509	0.012686	-0.026319	0.076216	-0.020398	-0.088789	0.995842	-0.468686	0.880672	0.068921	-0.883129	-0.465331	-0.059578
35139	9.696905	0.875555	-0.475142	0.027945	-0.037609	0.087017	-0.021115	-0.088223	0.995877	-0.468913	0.880617	0.068070	-0.882992	-0.465542	-0.059964
35140	9.774657	0.839087	-0.633214	0.011381	-0.044205	0.097711	-0.021989	-0.087627	0.995911	-0.468992	0.880648	0.067130	-0.882929	-0.465598	-0.060461
35141	9.731339	0.862397	-0.491179	0.035123	-0.038595	0.105248	-0.022801	-0.086905	0.995956	-0.469277	0.880574	0.066094	-0.882757	-0.465872	-0.060860
35142	9.711398	0.835703	-0.519786	0.056401	-0.067289	0.124888	-0.023982	-0.086175	0.995991	-0.469789	0.880393	0.064861	-0.882453	-0.466350	-0.061598
35143	9.747570	0.856337	-0.658196	0.068731	-0.063555	0.129574	-0.025129	-0.085356	0.996034	-0.470362	0.880182	0.063561	-0.882116	-0.466899	-0.062266
35144	9.764680	0.801405	-0.547817	0.054181	-0.046621	0.140297	-0.026160	-0.084372	0.996091	-0.470728	0.880084	0.062183	-0.881890	-0.467262	-0.062739
35145	9.732463	0.780837	-0.621447	0.031652	-0.032370	0.142629	-0.027094	-0.083293	0.996157	-0.470968	0.880054	0.060775	-0.881734	-0.467512	-0.063073
35146	9.689527	0.708742	-0.547082	0.036365	-0.034172	0.147077	-0.028042	-0.082195	0.996222	-0.471230	0.880012	0.059343	-0.881565	-0.467785	-0.063410
35147	9.688737	0.755878	-0.590498	0.025160	-0.045631	0.151348	-0.029135	-0.081102	0.996280	-0.471407	0.880016	0.057852	-0.881434	-0.467968	-0.063872
35148	9.659550	0.611585	-0.508323	0.018159	-0.040335	0.161331	-0.030277	-0.079918	0.996342	-0.471367	0.880140	0.056273	-0.881417	-0.467939	-0.064319
35149	9.568118	0.428560	0.120575	0.070107	-0.087188	0.173700	-0.031842	-0.078822	0.996380	-0.471930	0.879948	0.054530	-0.881061	-0.468485	-0.065218
35150	9.824096	0.575284	-0.596084	0.136966	-0.137644	0.178989	-0.033934	-0.077943	0.996380	-0.472960	0.879507	0.052693	-0.880430	-0.469460	-0.066709
35151	9.833833	0.669606	-0.792593	0.089817	-0.043178	0.175195	-0.035120	-0.076631	0.996441	-0.473689	0.879219	0.050920	-0.879992	-0.470214	-0.067178
35152	9.555963	0.749072	-0.396759	0.058772	-0.054410	0.170850	-0.036331	-0.075404	0.996491	-0.474047	0.879122	0.049239	-0.879750	-0.470594	-0.067684
35153	9.606200	0.846642	-0.498458	0.011427	-0.087010	0.174940	-0.037903	-0.074300	0.996515	-0.474081	0.879198	0.047521	-0.879665	-0.470628	-0.068548
35154	9.601574	0.772033	-0.567619	-0.066797	-0.091038	0.163759	-0.039427	-0.073332	0.996528	-0.473481	0.879602	0.045994	-0.879921	-0.470023	-0.069401
35155	9.644269	0.507753	-0.634949	-0.118790	-0.108863	0.158480	-0.041112	-0.072473	0.996523	-0.472370	0.880275	0.044531	-0.880441	-0.468897	-0.070424
35156	9.732144	0.391587	-0.790728	-0.121929	-0.105632	0.160854	-0.042779	-0.071587	0.996517	-0.471128	0.881013	0.043065	-0.881027	-0.467645	-0.071415
35157	9.640808	0.448425	-0.761364	-0.116560	-0.092400	0.158915	-0.044318	-0.070643	0.996517	-0.470030	0.881669	0.041598	-0.881537	-0.466550	-0.072279
35158	9.669210	0.382519	-0.685457	-0.139537	-0.112301	0.159342	-0.046018	-0.069802	0.996499	-0.468718	0.882434	0.040167	-0.882148	-0.465229	-0.073325
35159	9.678578	0.392846	-0.641656	-0.137481	-0.103520	0.153553	-0.047628	-0.068953	0.996482	-0.467432	0.883178	0.038771	-0.882745	-0.463941	-0.074294
35160	9.687887	0.341305	-0.636065	-0.170069	-0.116115	0.143903	-0.049250	-0.068252	0.996452	-0.465872	0.884056	0.037528	-0.883481	-0.462370	-0.075337
35161	9.717155	0.242233	-0.723787	-0.171016	-0.115494	0.137059	-0.050886	-0.067598	0.996414	-0.464291	0.884938	0.036325	-0.884220	-0.460777	-0.076416
35162	9.680917	0.321219	-0.680366	-0.163250	-0.113672	0.138254	-0.052509	-0.066941	0.996374	-0.462759	0.885788	0.035124	-0.884928	-0.459236	-0.077489
35163	9.642149	0.309068	-0.628751	-0.170787	-0.119276	0.139561	-0.054187	-0.066277	0.996329	-0.461171	0.886663	0.033900	-0.885655	-0.457641	-0.078611
35164	9.642314	0.234192	-0.602585	-0.143641	-0.149889	0.144011	-0.056087	-0.065704	0.996262	-0.459790	0.887428	0.032642	-0.886255	-0.456240	-0.079983
35165	9.781969	0.044015	-0.874079	-0.127911	-0.148142	0.137628	-0.058010	-0.065183	0.996186	-0.458577	0.888100	0.031407	-0.886759	-0.455006	-0.081410
35166	9.670810	0.089693	-0.792752	-0.094256	-0.130512	0.128923	-0.059704	-0.064658	0.996120	-0.457614	0.888636	0.030254	-0.887144	-0.454032	-0.082644
35167	9.639468	0.226765	-0.843604	-0.070882	-0.144310	0.124445	-0.061532	-0.064233	0.996036	-0.456909	0.889037	0.029106	-0.887383	-0.453307	-0.084052
35168	9.741101	0.133676	-0.852282	-0.080835	-0.146298	0.118020	-0.063360	-0.063884	0.995944	-0.456051	0.889512	0.028044	-0.887695	-0.452425	-0.085494
35169	9.698887	0.310598	-0.995780	-0.061535	-0.141190	0.111929	-0.065101	-0.063552	0.995853	-0.455433	0.889860	0.027015	-0.887887	-0.451785	-0.086875
35170	9.708517	0.324240	-0.954804	-0.089427	-0.130072	0.109360	-0.066761	-0.063213	0.995765	-0.454524	0.890353	0.026047	-0.888229	-0.450860	-0.088172
35171	9.715538	0.122720	-0.829287	-0.106787	-0.128048	0.099158	-0.068326	-0.062932	0.995676	-0.453508	0.890896	0.025188	-0.888629	-0.449826	-0.089412
35172	9.713256	-0.010193	-0.842654	-0.063978	-0.133389	0.089162	-0.069881	-0.062766	0.995579	-0.452816	0.891270	0.024406	-0.888861	-0.449109	-0.090704
35173	9.651529	0.125399	-0.806593	-0.020009	-0.135204	0.091675	-0.071475	-0.062581	0.995477	-0.452573	0.891416	0.023545	-0.888858	-0.448843	-0.092037
35174	9.684667	0.373576	-0.696433	-0.017805	-0.159785	0.100868	-0.073393	-0.062451	0.995346	-0.452278	0.891591	0.022592	-0.888852	-0.448515	-0.093682
35175	9.747813	0.406183	-0.721100	-0.064932	-0.157260	0.105528	-0.075246	-0.062241	0.995221	-0.451622	0.891947	0.021636	-0.889031	-0.447836	-0.095224
35176	9.718253	0.292496	-0.828293	-0.091797	-0.148616	0.100836	-0.076953	-0.062024	0.995104	-0.450687	0.892440	0.020772	-0.889359	-0.446882	-0.096630
35177	9.747943	0.131069	-0.937988	-0.111836	-0.155018	0.092888	-0.078728	-0.061912	0.994972	-0.449620	0.892996	0.019990	-0.889744	-0.445785	-0.098141
35178	9.772686	0.037328	-1.031252	-0.081015	-0.137848	0.087814	-0.080322	-0.061769	0.994853	-0.448766	0.893442	0.019240	-0.890032	-0.444910	-0.099483
35179	9.715063	-0.020790	-1.144037	-0.105950	-0.147420	0.084929	-0.081993	-0.061691	0.994722	-0.447753	0.893965	0.018535	-0.890390	-0.443870	-0.100922
35180	9.844483	-0.200575	-1.289582	-0.116997	-0.151175	0.076624	-0.083678	-0.061713	0.994580	-0.446595	0.894556	0.017933	-0.890815	-0.442674	-0.102416
35181	9.851445	0.034726	-1.486555	-0.066846	-0.137715	0.075943	-0.085222	-0.061669	0.994452	-0.445935	0.894898	0.017279	-0.890999	-0.441989	-0.103765
35182	9.866186	0.360495	-1.611298	-0.084623	-0.123798	0.066338	-0.086684	-0.061675	0.994325	-0.445045	0.895352	0.016738	-0.891303	-0.441068	-0.105061
35183	9.948356	0.346226	-1.780916	-0.092206	-0.110773	0.069345	-0.087958	-0.061569	0.994220	-0.444162	0.895801	0.016179	-0.891619	-0.440171	-0.106139
35184	9.882631	0.582644	-1.845073	-0.065770	-0.076871	0.064346	-0.088916	-0.061380	0.994146	-0.443526	0.896125	0.015659	-0.891840	-0.439538	-0.106903
35185	9.818074	0.471096	-1.935096	-0.144008	-0.057632	0.058104	-0.089666	-0.061138	0.994094	-0.442190	0.896792	0.015269	-0.892428	-0.438209	-0.107446
35186	9.874936	0.230058	-2.036380	-0.128092	0.013701	0.036972	-0.089716	-0.060790	0.994110	-0.440951	0.897404	0.015082	-0.893036	-0.437001	-0.107317
35187	9.648308	0.420737	-1.787763	-0.110318	0.035040	0.040870	-0.089561	-0.060296	0.994154	-0.439929	0.897910	0.014827	-0.893555	-0.436029	-0.106944
35188	9.814512	0.028342	-1.823341	-0.138774	0.021204	0.034114	-0.089505	-0.059944	0.994181	-0.438628	0.898549	0.014688	-0.894200	-0.434761	-0.106717
35189	9.810542	-0.060575	-1.548637	-0.026645	0.097183	0.037544	-0.088778	-0.059210	0.994290	-0.438356	0.898687	0.014377	-0.894406	-0.434576	-0.105739
35190	9.649449	-0.020084	-1.190434	0.047123	0.108791	0.041338	-0.088024	-0.058422	0.994404	-0.438672	0.898539	0.013958	-0.894326	-0.434988	-0.104721
35191	9.640914	0.180647	-0.526866	0.138370	0.089781	0.079031	-0.087547	-0.057347	0.994508	-0.439839	0.897981	0.013061	-0.893799	-0.436280	-0.103839
35192	9.649819	0.008540	-0.299132	0.139921	0.062890	0.108166	-0.087463	-0.056148	0.994584	-0.440947	0.897454	0.011888	-0.893261	-0.437519	-0.103253
35193	9.752258	-0.028696	-0.591180	0.173901	0.066913	0.107373	-0.087318	-0.054918	0.994666	-0.442405	0.896752	0.010675	-0.892554	-0.439113	-0.102599
35194	9.651219	0.109850	-0.491734	0.174097	0.095030	0.103765	-0.086884	-0.053620	0.994774	-0.443904	0.896024	0.009526	-0.891852	-0.440757	-0.101652
35195	9.644008	0.299184	-0.358132	0.073219	0.045737	0.097287	-0.086887	-0.052573	0.994830	-0.444472	0.895752	0.008517	-0.891569	-0.441434	-0.101196
35196	9.656051	-0.069715	-0.337619	0.000270	0.020382	0.087453	-0.087043	-0.051724	0.994861	-0.444361	0.895815	0.007696	-0.891609	-0.441408	-0.100958
35197	9.645121	-0.259382	-0.324292	0.004738	-0.017781	0.073348	-0.087505	-0.051171	0.994849	-0.444339	0.895831	0.006995	-0.891575	-0.441438	-0.101127
35198	9.656354	-0.434351	-0.291984	-0.021642	-0.051788	0.061112	-0.088180	-0.050864	0.994805	-0.444036	0.895986	0.006452	-0.891659	-0.441160	-0.101593
35199	9.590269	-0.541086	-0.120327	0.019563	-0.097046	0.057728	-0.089280	-0.050801	0.994710	-0.444158	0.895929	0.005891	-0.891489	-0.441283	-0.102552
35200	9.694057	-0.416713	-0.420198	0.053154	-0.147807	0.055720	-0.090851	-0.051002	0.994558	-0.444570	0.895728	0.005323	-0.891125	-0.441667	-0.104051
35201	9.687367	-0.359565	-0.757309	-0.015429	-0.135779	0.040287	-0.092218	-0.051266	0.994418	-0.444395	0.895817	0.004972	-0.891072	-0.441456	-0.105393
35202	9.691247	-0.468509	-1.058768	-0.039185	-0.145360	0.013387	-0.093593	-0.051813	0.994261	-0.443943	0.896042	0.004905	-0.891154	-0.440937	-0.106865
35203	9.720165	-0.277743	-1.402856	-0.036374	-0.123771	-0.013803	-0.094613	-0.052509	0.994128	-0.443632	0.896195	0.005115	-0.891201	-0.440543	-0.108086
35204	9.676947	-0.180003	-1.589030	-0.060483	-0.116176	-0.032407	-0.095473	-0.053348	0.994001	-0.443155	0.896428	0.005547	-0.891346	-0.439967	-0.109226
35205	9.749417	-0.271558	-1.697779	-0.066956	-0.106698	-0.054054	-0.096163	-0.054328	0.993882	-0.442610	0.896693	0.006191	-0.891543	-0.439306	-0.110275
35206	9.780905	-0.386111	-1.640982	-0.046339	-0.077979	-0.074788	-0.096457	-0.055331	0.993798	-0.442200	0.896889	0.007016	-0.891715	-0.438781	-0.110979
35207	9.779550	-0.276143	-1.414215	-0.019023	-0.060736	-0.081144	-0.096618	-0.056351	0.993725	-0.442109	0.896927	0.007877	-0.891743	-0.438574	-0.111573
35208	9.716224	-0.112163	-1.128232	-0.002375	-0.058085	-0.090854	-0.096676	-0.057448	0.993657	-0.442208	0.896869	0.008829	-0.891687	-0.438550	-0.112110
35209	9.638800	0.062377	-0.887775	-0.007567	-0.063682	-0.082840	-0.096855	-0.058497	0.993578	-0.442221	0.896854	0.009694	-0.891661	-0.438442	-0.112734
35210	9.678690	-0.055972	-0.805951	-0.037425	-0.075510	-0.094114	-0.097091	-0.059682	0.993484	-0.441919	0.896991	0.010698	-0.891785	-0.438001	-0.113464
35211	9.592015	-0.098468	-0.694000	-0.027153	-0.081087	-0.103035	-0.097337	-0.060987	0.993381	-0.441776	0.897048	0.011785	-0.891829	-0.437705	-0.114259
35212	9.528859	-0.279589	-0.308985	-0.074301	-0.110245	-0.110668	-0.097820	-0.062480	0.993241	-0.441184	0.897323	0.012996	-0.892070	-0.436930	-0.115341
35213	9.503881	-0.741316	0.204170	-0.084528	-0.157226	-0.123561	-0.098656	-0.064302	0.993042	-0.440550	0.897613	0.014355	-0.892290	-0.436069	-0.116883
35214	9.413274	-0.711288	0.377294	-0.021567	-0.213419	-0.133526	-0.099938	-0.066481	0.992770	-0.440580	0.897575	0.015755	-0.892133	-0.435821	-0.118992
35215	9.315342	-0.319772	0.739013	-0.024042	-0.265686	-0.144898	-0.101648	-0.068965	0.992427	-0.440512	0.897581	0.017255	-0.891974	-0.435422	-0.121617
35216	9.280154	-0.139182	1.025735	-0.113633	-0.339468	-0.149798	-0.103969	-0.071745	0.991989	-0.439552	0.898019	0.018880	-0.892180	-0.434068	-0.124902
35217	9.283356	-0.306550	1.211234	-0.147604	-0.414203	-0.184821	-0.106832	-0.075226	0.991427	-0.438430	0.898522	0.020933	-0.892394	-0.432435	-0.128973
35218	9.298716	-0.615341	1.113197	-0.206624	-0.512586	-0.203090	-0.110499	-0.079314	0.990707	-0.436916	0.899202	0.023256	-0.892689	-0.430286	-0.134014
35219	9.413323	-0.639616	0.564748	-0.148196	-0.568261	-0.236490	-0.114518	-0.083907	0.989871	-0.435859	0.899644	0.025834	-0.892699	-0.428486	-0.139597
35220	9.350867	-0.732471	0.183804	-0.263333	-0.635637	-0.268915	-0.119028	-0.089094	0.988886	-0.433916	0.900490	0.028901	-0.893056	-0.425653	-0.145843
35221	9.798164	-0.941717	-0.711387	-0.254156	-0.732577	-0.299181	-0.124255	-0.094923	0.987700	-0.432011	0.901291	0.032271	-0.893268	-0.422687	-0.152997
35222	9.906478	-0.384705	-1.709827	-0.142782	-0.710344	-0.328394	-0.129168	-0.100924	0.986474	-0.431273	0.901513	0.035761	-0.892927	-0.420820	-0.159972
35223	9.997438	0.965536	-2.511169	-0.065006	-0.707425	-0.340464	-0.133993	-0.106992	0.985190	-0.431142	0.901430	0.039257	-0.892280	-0.419496	-0.166914
35224	10.033792	1.859151	-3.141363	-0.235050	-0.694501	-0.330162	-0.138801	-0.112910	0.983862	-0.429539	0.902028	0.042921	-0.892318	-0.416650	-0.173702
35225	10.164891	1.276024	-3.882044	-0.438728	-0.670515	-0.335338	-0.143332	-0.118742	0.982525	-0.426096	0.903455	0.047027	-0.893251	-0.411910	-0.180089
35226	10.382920	0.654045	-4.292886	-0.439120	-0.581855	-0.363373	-0.147027	-0.124440	0.981274	-0.422697	0.904812	0.051409	-0.894265	-0.407223	-0.185632
35227	10.435882	0.388227	-4.081116	-0.417889	-0.486315	-0.373188	-0.149786	-0.129815	0.980159	-0.419513	0.906027	0.055888	-0.895306	-0.402818	-0.190169
35228	10.329461	-0.003636	-3.418449	-0.389012	-0.419307	-0.377627	-0.151995	-0.134953	0.979125	-0.416602	0.907083	0.060352	-0.896293	-0.398732	-0.194094
35229	10.215207	0.042219	-2.680489	-0.234784	-0.368819	-0.367695	-0.153752	-0.139782	0.978173	-0.415061	0.907508	0.064444	-0.896708	-0.396093	-0.197549
35230	9.944429	0.133778	-2.043011	-0.185333	-0.315194	-0.335310	-0.155230	-0.144135	0.977307	-0.413968	0.907739	0.068123	-0.896958	-0.393999	-0.200576
35231	9.575175	0.547507	-0.666886	-0.009401	-0.335886	-0.300645	-0.156977	-0.148213	0.976418	-0.414354	0.907333	0.071112	-0.896476	-0.393420	-0.203843
35232	9.771940	0.376104	-1.065609	-0.060672	-0.455870	-0.301865	-0.159885	-0.152857	0.975229	-0.414400	0.907062	0.074233	-0.895941	-0.392266	-0.208370
35233	10.143259	0.367577	-0.214465	0.120722	-0.417627	-0.320379	-0.162274	-0.157428	0.974107	-0.415999	0.906088	0.077135	-0.894769	-0.392710	-0.212524
35234	10.080546	0.726854	1.229083	0.151078	-0.472505	-0.345304	-0.165134	-0.162560	0.972782	-0.418084	0.904858	0.080238	-0.893273	-0.393454	-0.217386
35235	9.808387	0.733554	1.320752	0.223580	-0.575653	-0.367033	-0.168711	-0.168174	0.971213	-0.420694	0.903366	0.083346	-0.891377	-0.394522	-0.223157
35236	9.587239	0.372952	1.016128	0.174850	-0.602365	-0.366856	-0.172567	-0.173946	0.969517	-0.422978	0.901997	0.086545	-0.889556	-0.395150	-0.229230
35237	9.240998	0.481164	0.971233	0.231152	-0.701334	-0.366712	-0.177221	-0.180052	0.967561	-0.425676	0.900430	0.089591	-0.887352	-0.395990	-0.236219
35238	9.210299	0.586170	0.407075	0.151367	-0.805200	-0.361736	-0.182956	-0.186575	0.965255	-0.427688	0.899157	0.092734	-0.885217	-0.395861	-0.244302
35239	9.277646	0.613258	0.126291	0.103304	-0.886720	-0.362301	-0.189224	-0.193365	0.962707	-0.429278	0.898055	0.096003	-0.883128	-0.395103	-0.252941
35240	9.477622	0.804289	-0.247973	0.099432	-0.958637	-0.354421	-0.196263	-0.200356	0.959864	-0.430823	0.896975	0.099139	-0.880836	-0.394074	-0.262361
35241	9.604017	1.140707	-0.534444	0.054936	-1.021388	-0.339167	-0.203765	-0.207440	0.956791	-0.431988	0.896062	0.102275	-0.878559	-0.392482	-0.272198
35242	9.681148	1.464055	-0.923479	0.012255	-1.088475	-0.325440	-0.212053	-0.214729	0.953376	-0.432868	0.895279	0.105364	-0.876161	-0.390343	-0.282796
35243	9.777943	1.710291	-1.297283	-0.048600	-1.146885	-0.299192	-0.220773	-0.221894	0.949748	-0.433094	0.894809	0.108384	-0.873893	-0.387402	-0.293651
35244	9.909829	1.773732	-1.716733	-0.153940	-1.173447	-0.279428	-0.229916	-0.229064	0.945869	-0.432546	0.894687	0.111528	-0.871804	-0.383490	-0.304784
35245	9.855819	1.694660	-1.898766	-0.192799	-1.190918	-0.259983	-0.239144	-0.235957	0.941878	-0.431481	0.894812	0.114613	-0.869847	-0.378994	-0.315801
35246	10.024094	1.589350	-2.050161	-0.197978	-1.242735	-0.249229	-0.248936	-0.242961	0.937551	-0.430486	0.894903	0.117607	-0.867590	-0.374325	-0.327364
35247	10.243803	1.589963	-2.245381	-0.168630	-1.249289	-0.227510	-0.258761	-0.249672	0.933117	-0.429607	0.894963	0.120329	-0.865148	-0.369737	-0.338843
35248	10.375497	1.247194	-2.184143	-0.211777	-1.258672	-0.215546	-0.268754	-0.256378	0.928462	-0.428546	0.895093	0.123116	-0.862624	-0.364801	-0.350430
35249	10.487812	0.698339	-2.405857	-0.188822	-1.282965	-0.215545	-0.278862	-0.262983	0.923621	-0.427516	0.895210	0.125817	-0.859922	-0.359777	-0.362070
35250	10.525712	0.564562	-2.358108	-0.127108	-1.293403	-0.219555	-0.289106	-0.269739	0.918509	-0.427232	0.894984	0.128357	-0.856674	-0.355308	-0.373987
35251	10.638257	0.459226	-2.388879	-0.092676	-1.351372	-0.221544	-0.299693	-0.276520	0.913083	-0.427099	0.894699	0.130770	-0.853095	-0.350786	-0.386237
35252	10.959906	0.496897	-2.203651	-0.087914	-1.410503	-0.191779	-0.311000	-0.283178	0.907243	-0.426956	0.894463	0.132830	-0.849110	-0.346043	-0.399083
