// General information: 
//  MT Manager version: 2022.2.0 
//  XDA version: 2022.2.0 build 7381 rev 124627 built on 2023-07-19
// Device information: 
//  DeviceId: 00B4CAF0
//  ProductCode: MTW2-3A7G6
//  Firmware Version: 4.6.0
//  Hardware Version: 2.0.0
// Device settings: 
//  Filter Profile: human(46.1)
//  Option Flags: Orientation Smoother Disabled, Position/Velocity Smoother Disabled, Continuous Zero Rotation Update Disabled, AHS Disabled, ICC Disabled
// Coordinate system: ENU
PacketCounter	Acc_X	Acc_Y	Acc_Z	Gyr_X	Gyr_Y	Gyr_Z	Mat[1][1]	Mat[2][1]	Mat[3][1]	Mat[1][2]	Mat[2][2]	Mat[3][2]	Mat[1][3]	Mat[2][3]	Mat[3][3]
65398	4.756273	-0.822456	9.056843	0.003768	0.002371	0.003482	-0.884080	-0.065834	0.462675	0.030919	-0.996099	-0.082654	0.466312	-0.058767	0.882666
65399	4.758581	-0.825322	9.032798	0.007069	-0.002477	0.001719	-0.884059	-0.065818	0.462718	0.030915	-0.996101	-0.082622	0.466352	-0.058738	0.882647
65400	4.753747	-0.818501	9.081102	0.004577	0.005911	0.005586	-0.884118	-0.065623	0.462633	0.030691	-0.996107	-0.082642	0.466255	-0.058866	0.882690
65401	4.755662	-0.821432	9.057258	0.005168	0.002607	0.000200	-0.884121	-0.065589	0.462631	0.030665	-0.996109	-0.082620	0.466250	-0.058859	0.882693
65402	4.755531	-0.820987	9.057367	0.005542	0.000134	0.001478	-0.884099	-0.065406	0.462699	0.030497	-0.996121	-0.082536	0.466302	-0.058859	0.882665
65403	4.778668	-0.835965	9.037018	0.001713	0.003025	0.003312	-0.884104	-0.065402	0.462691	0.030482	-0.996120	-0.082559	0.466295	-0.058887	0.882667
65404	4.734025	-0.808640	9.054048	0.004545	0.004704	0.001166	-0.884114	-0.065397	0.462673	0.030490	-0.996122	-0.082534	0.466276	-0.058863	0.882679
65405	4.733705	-0.808362	9.054240	0.004671	0.001856	0.004690	-0.884112	-0.065408	0.462674	0.030501	-0.996121	-0.082537	0.466278	-0.058860	0.882678
65406	4.787549	-0.810842	9.060102	0.007128	0.006006	0.001266	-0.884133	-0.065228	0.462661	0.030338	-0.996132	-0.082464	0.466250	-0.058873	0.882692
65407	4.739299	-0.837403	9.084075	0.003519	0.001995	0.005728	-0.884131	-0.065249	0.462660	0.030353	-0.996130	-0.082482	0.466252	-0.058882	0.882690
65408	4.753679	-0.819562	9.058468	0.003519	0.001995	0.005728	-0.884116	-0.065197	0.462696	0.030305	-0.996134	-0.082455	0.466283	-0.058878	0.882674
65409	4.776649	-0.834563	9.038215	0.004545	0.004702	0.001166	-0.884129	-0.065171	0.462676	0.030284	-0.996136	-0.082443	0.466260	-0.058879	0.882686
65410	4.767631	-0.801228	9.033132	0.004919	0.002230	0.002446	-0.884135	-0.065240	0.462654	0.030365	-0.996133	-0.082440	0.466243	-0.058840	0.882698
65411	4.730660	-0.864097	9.038161	0.004141	-0.000103	0.004762	-0.884125	-0.065253	0.462672	0.030374	-0.996132	-0.082448	0.466263	-0.058841	0.882687
65412	4.773649	-0.830473	9.062730	0.005448	0.004187	0.002375	-0.884104	-0.065348	0.462698	0.030507	-0.996133	-0.082395	0.466293	-0.058730	0.882679
65413	4.740093	-0.839258	9.060921	0.004670	0.001854	0.004691	-0.884102	-0.065359	0.462700	0.030518	-0.996132	-0.082398	0.466295	-0.058728	0.882678
65414	4.754425	-0.821172	9.035365	0.006351	0.003671	0.003583	-0.884129	-0.065300	0.462657	0.030464	-0.996135	-0.082379	0.466248	-0.058740	0.882702
65415	4.761734	-0.793280	9.082077	0.004016	0.002744	0.001237	-0.884133	-0.065276	0.462653	0.030441	-0.996137	-0.082372	0.466243	-0.058744	0.882704
65416	4.749205	-0.814137	9.083870	0.003518	0.001994	0.005729	-0.884141	-0.065278	0.462638	0.030434	-0.996135	-0.082391	0.466229	-0.058765	0.882710
65417	4.759984	-0.850274	9.065220	0.003767	0.002369	0.003483	-0.884142	-0.065276	0.462636	0.030430	-0.996135	-0.082396	0.466227	-0.058772	0.882711
65418	4.755582	-0.823475	9.011987	0.006880	0.005627	0.003512	-0.884163	-0.065206	0.462605	0.030372	-0.996140	-0.082360	0.466190	-0.058769	0.882730
65419	4.748069	-0.813453	9.084526	0.002241	0.004981	0.003241	-0.884176	-0.065201	0.462581	0.030359	-0.996139	-0.082377	0.466165	-0.058793	0.882742
65420	4.783307	-0.807596	9.062632	0.003518	0.001993	0.005729	-0.884153	-0.065338	0.462607	0.030522	-0.996135	-0.082358	0.466200	-0.058698	0.882730
65421	4.768445	-0.825257	9.088501	0.003767	0.002368	0.003483	-0.884154	-0.065337	0.462605	0.030518	-0.996135	-0.082363	0.466198	-0.058704	0.882730
65422	4.749553	-0.816529	9.060906	0.001463	0.002649	0.005557	-0.884136	-0.065354	0.462637	0.030540	-0.996135	-0.082355	0.466231	-0.058684	0.882715
65423	4.737004	-0.837600	9.062690	0.003517	0.001993	0.005729	-0.884134	-0.065376	0.462636	0.030555	-0.996133	-0.082373	0.466232	-0.058693	0.882713
65424	4.728090	-0.804428	9.057523	0.004016	0.002742	0.001238	-0.884143	-0.065276	0.462633	0.030454	-0.996138	-0.082351	0.466222	-0.058721	0.882717
65425	4.736612	-0.837337	9.062919	0.002739	-0.000339	0.008046	-0.884130	-0.065322	0.462651	0.030486	-0.996134	-0.082386	0.466244	-0.058736	0.882704
65426	4.748720	-0.816390	9.061355	0.000809	0.003538	0.002103	-0.884146	-0.065285	0.462627	0.030439	-0.996134	-0.082400	0.466218	-0.058772	0.882716
65427	4.763055	-0.798629	9.035776	0.002615	0.002507	0.004521	-0.884148	-0.065294	0.462623	0.030439	-0.996133	-0.082420	0.466215	-0.058790	0.882716
65428	4.745815	-0.813106	9.085734	0.002615	0.002507	0.004521	-0.884155	-0.065339	0.462602	0.030478	-0.996130	-0.082444	0.466199	-0.058795	0.882724
65429	4.747803	-0.816322	9.061842	0.003144	0.004464	0.004449	-0.884166	-0.065346	0.462581	0.030479	-0.996128	-0.082460	0.466178	-0.058809	0.882734
65430	4.768597	-0.828221	9.065595	0.002707	-0.001547	0.003626	-0.884150	-0.065338	0.462611	0.030466	-0.996128	-0.082465	0.466208	-0.058818	0.882718
65431	4.747639	-0.816303	9.061929	0.000933	0.000691	0.005629	-0.884143	-0.065360	0.462622	0.030467	-0.996125	-0.082505	0.466222	-0.058852	0.882708
65432	4.745034	-0.813014	9.086151	0.004296	0.004323	0.003413	-0.884148	-0.065573	0.462583	0.030704	-0.996116	-0.082520	0.466198	-0.058757	0.882727
65433	4.747129	-0.816246	9.062201	0.001835	0.000175	0.006838	-0.884137	-0.065607	0.462598	0.030720	-0.996113	-0.082558	0.466216	-0.058781	0.882716
65434	4.778038	-0.804064	9.088281	0.000653	-0.000891	0.003455	-0.884111	-0.065460	0.462668	0.030563	-0.996120	-0.082532	0.466275	-0.058827	0.882681
65435	4.734816	-0.837454	9.063847	0.002987	0.000034	0.005801	-0.884101	-0.065483	0.462685	0.030576	-0.996117	-0.082554	0.466295	-0.058840	0.882671
65436	4.770348	-0.831697	9.041806	0.002085	0.000550	0.004592	-0.884094	-0.065505	0.462695	0.030591	-0.996116	-0.082571	0.466306	-0.058846	0.882664
65437	4.734676	-0.837487	9.063917	0.002987	0.000034	0.005801	-0.884084	-0.065528	0.462712	0.030604	-0.996113	-0.082593	0.466325	-0.058859	0.882653
65438	4.746911	-0.816625	9.062281	0.000683	0.000315	0.007875	-0.884084	-0.065501	0.462715	0.030553	-0.996112	-0.082631	0.466328	-0.058916	0.882648
65439	4.769912	-0.831944	9.042013	0.002492	0.005353	0.000995	-0.884100	-0.065473	0.462689	0.030521	-0.996112	-0.082636	0.466300	-0.058937	0.882661
65440	4.746279	-0.816425	9.062630	0.005821	0.001708	0.003656	-0.884079	-0.065629	0.462707	0.030712	-0.996109	-0.082605	0.466328	-0.058819	0.882654
65441	4.771875	-0.834882	9.018164	0.001305	-0.001782	0.006910	-0.884059	-0.065664	0.462739	0.030727	-0.996105	-0.082648	0.466363	-0.058847	0.882634
65442	4.736307	-0.840674	9.040216	0.004139	-0.000108	0.004765	-0.884051	-0.065703	0.462750	0.030770	-0.996104	-0.082648	0.466377	-0.058826	0.882628
65443	4.743888	-0.812972	9.086752	0.003237	0.000408	0.003556	-0.884043	-0.065704	0.462765	0.030764	-0.996103	-0.082658	0.466393	-0.058837	0.882619
65444	4.748564	-0.819512	9.038597	0.000652	-0.000891	0.003455	-0.884035	-0.065517	0.462807	0.030552	-0.996110	-0.082654	0.466422	-0.058929	0.882597
65445	4.777259	-0.804151	9.088683	-0.001932	-0.002190	0.003354	-0.884015	-0.065517	0.462845	0.030520	-0.996106	-0.082709	0.466462	-0.058990	0.882572
65446	4.748676	-0.819787	9.038513	0.005571	0.001332	0.005903	-0.883994	-0.065729	0.462854	0.030763	-0.996100	-0.082700	0.466485	-0.058868	0.882568
65447	4.745983	-0.816463	9.062782	0.000189	0.005634	0.003068	-0.884011	-0.065722	0.462824	0.030739	-0.996097	-0.082735	0.466455	-0.058912	0.882581
65448	4.727171	-0.807844	9.035133	0.002456	-0.001924	0.005874	-0.883955	-0.065918	0.462902	0.030963	-0.996092	-0.082719	0.466546	-0.058787	0.882541
65449	4.764573	-0.825438	9.090516	-0.000128	-0.003223	0.005773	-0.883929	-0.065943	0.462948	0.030961	-0.996088	-0.082769	0.466595	-0.058829	0.882513
65450	4.757023	-0.853088	9.043966	0.003237	0.000407	0.003556	-0.883935	-0.065861	0.462948	0.030863	-0.996090	-0.082779	0.466590	-0.058883	0.882512
65451	4.736125	-0.840910	9.040289	0.004760	-0.002207	0.003800	-0.883915	-0.065866	0.462986	0.030867	-0.996090	-0.082777	0.466628	-0.058877	0.882492
65452	4.743847	-0.813062	9.086766	0.005291	-0.000251	0.003728	-0.883880	-0.066064	0.463024	0.031101	-0.996085	-0.082750	0.466678	-0.058741	0.882474
65453	4.756191	-0.791951	9.085096	0.000652	-0.000892	0.003455	-0.883866	-0.066064	0.463051	0.031082	-0.996083	-0.082783	0.466706	-0.058776	0.882457
65454	4.736343	-0.840527	9.040210	0.004510	-0.002582	0.006046	-0.883816	-0.066052	0.463148	0.031093	-0.996087	-0.082722	0.466800	-0.058710	0.882412
65455	4.736497	-0.840495	9.040133	0.002456	-0.001925	0.005874	-0.883796	-0.066077	0.463182	0.031104	-0.996085	-0.082750	0.466836	-0.058727	0.882392
65456	4.769833	-0.831716	9.042076	-0.001652	-0.000609	0.005529	-0.883790	-0.066194	0.463177	0.031198	-0.996076	-0.082824	0.466842	-0.058749	0.882387
65457	4.769628	-0.831809	9.042176	0.004298	0.004318	0.003412	-0.883800	-0.066191	0.463158	0.031196	-0.996076	-0.082824	0.466823	-0.058752	0.882397
65458	4.748452	-0.819561	9.038651	0.004388	0.000265	0.002519	-0.883826	-0.065974	0.463141	0.030951	-0.996083	-0.082826	0.466792	-0.058869	0.882406
65459	4.743644	-0.812686	9.086906	0.004919	0.002220	0.002447	-0.883826	-0.065963	0.463142	0.030944	-0.996084	-0.082816	0.466791	-0.058864	0.882407
65460	4.733500	-0.836829	9.064592	0.002084	0.000547	0.004593	-0.883839	-0.065876	0.463129	0.030833	-0.996085	-0.082844	0.466773	-0.058941	0.882411
65461	4.768962	-0.831023	9.042599	0.004669	0.001845	0.004694	-0.883838	-0.065887	0.463130	0.030844	-0.996085	-0.082847	0.466776	-0.058938	0.882410
65462	4.766518	-0.827777	9.066730	-0.001402	-0.000234	0.003283	-0.883833	-0.065871	0.463141	0.030803	-0.996083	-0.082888	0.466787	-0.058993	0.882400
65463	4.747915	-0.819121	9.038973	0.005040	-0.000628	0.005975	-0.883820	-0.065897	0.463164	0.030827	-0.996082	-0.082893	0.466811	-0.058985	0.882388
65464	4.747865	-0.819127	9.038999	0.000932	0.000689	0.005630	-0.883836	-0.065916	0.463130	0.030815	-0.996076	-0.082960	0.466781	-0.059051	0.882399
65465	4.766329	-0.828111	9.066798	-0.001121	0.001347	0.005458	-0.883832	-0.065934	0.463135	0.030806	-0.996072	-0.083017	0.466789	-0.059106	0.882391
65466	4.735179	-0.840571	9.040816	0.002615	0.002502	0.004521	-0.883852	-0.065947	0.463095	0.030804	-0.996069	-0.083052	0.466751	-0.059140	0.882409
65467	4.775952	-0.803980	9.089385	0.002986	0.000030	0.005803	-0.883842	-0.065970	0.463111	0.030817	-0.996067	-0.083075	0.466770	-0.059153	0.882398
65468	4.770651	-0.834901	9.018810	0.001553	-0.001409	0.004666	-0.883818	-0.066105	0.463136	0.030956	-0.996061	-0.083095	0.466805	-0.059104	0.882383
65469	4.718008	-0.855089	9.090719	0.001183	0.001063	0.003384	-0.883813	-0.066103	0.463146	0.030939	-0.996059	-0.083123	0.466815	-0.059136	0.882375
65470	4.768303	-0.831798	9.042875	0.002204	-0.002302	0.008122	-0.883801	-0.066197	0.463157	0.031017	-0.996052	-0.083175	0.466834	-0.059144	0.882365
65471	4.732670	-0.837706	9.064944	-0.000871	0.001722	0.003211	-0.883799	-0.066193	0.463161	0.030989	-0.996049	-0.083220	0.466839	-0.059197	0.882359
65472	4.759578	-0.799183	9.037558	0.002735	-0.000347	0.008050	-0.883770	-0.066139	0.463223	0.030934	-0.996053	-0.083199	0.466897	-0.059199	0.882328
65473	4.753444	-0.849903	9.068686	0.003236	0.000404	0.003557	-0.883762	-0.066140	0.463239	0.030928	-0.996052	-0.083209	0.466913	-0.059210	0.882319
65474	4.734828	-0.841253	9.040937	-0.000501	-0.000751	0.004493	-0.883740	-0.066290	0.463260	0.031075	-0.996044	-0.083249	0.466946	-0.059175	0.882304
65475	4.765721	-0.829130	9.067025	0.001183	0.001063	0.003384	-0.883735	-0.066289	0.463269	0.031058	-0.996042	-0.083277	0.466956	-0.059206	0.882296
65476	4.765586	-0.829261	9.067084	0.000031	0.001205	0.004421	-0.883745	-0.066437	0.463228	0.031187	-0.996032	-0.083354	0.466928	-0.059217	0.882310
65477	4.759141	-0.799562	9.037755	0.003768	0.002359	0.003485	-0.883746	-0.066436	0.463226	0.031183	-0.996032	-0.083359	0.466926	-0.059223	0.882311
65478	4.779811	-0.811556	9.041572	0.001464	0.002643	0.005559	-0.883750	-0.066399	0.463225	0.031134	-0.996032	-0.083374	0.466923	-0.059259	0.882310
65479	4.773610	-0.862515	9.072709	0.000149	-0.001644	0.007950	-0.883731	-0.066445	0.463255	0.031153	-0.996026	-0.083431	0.466958	-0.059299	0.882289
65480	4.767548	-0.832973	9.043165	0.002172	-0.003508	0.003701	-0.883709	-0.066424	0.463300	0.031122	-0.996027	-0.083438	0.467001	-0.059316	0.882265
65481	4.779968	-0.812074	9.041443	0.000031	0.001204	0.004421	-0.883704	-0.066432	0.463307	0.031109	-0.996024	-0.083480	0.467011	-0.059359	0.882257
65482	4.748908	-0.824465	9.015416	0.002084	0.000545	0.004594	-0.883690	-0.066565	0.463316	0.031250	-0.996018	-0.083495	0.467029	-0.059305	0.882251
65483	4.762613	-0.826761	9.091422	-0.000590	0.003302	0.005386	-0.883694	-0.066582	0.463304	0.031243	-0.996014	-0.083547	0.467020	-0.059355	0.882252
65484	4.743883	-0.818310	9.063715	0.000400	-0.001269	0.005703	-0.883675	-0.066593	0.463341	0.031240	-0.996012	-0.083571	0.467058	-0.059375	0.882231
65485	4.754568	-0.854868	9.045088	-0.000058	0.005257	0.005314	-0.883689	-0.066608	0.463312	0.031234	-0.996008	-0.083618	0.467032	-0.059421	0.882242
65486	4.776713	-0.809835	9.065909	0.000400	-0.001269	0.005703	-0.883657	-0.066860	0.463336	0.031493	-0.995996	-0.083661	0.467075	-0.059336	0.882225
65487	4.756832	-0.858674	9.021002	-0.000133	-0.003225	0.005776	-0.883631	-0.066885	0.463382	0.031491	-0.995992	-0.083711	0.467123	-0.059378	0.882196
65488	4.746088	-0.822685	9.039609	0.000149	-0.001646	0.007950	-0.883627	-0.066844	0.463396	0.031417	-0.995990	-0.083763	0.467137	-0.059457	0.882184
65489	4.752259	-0.852777	9.069038	-0.002023	0.001864	0.004249	-0.883625	-0.066851	0.463397	0.031393	-0.995986	-0.083823	0.467141	-0.059521	0.882177
65490	4.752101	-0.853061	9.069093	0.000932	0.000685	0.005631	-0.883631	-0.066886	0.463382	0.031405	-0.995981	-0.083876	0.467130	-0.059563	0.882180
65491	4.766600	-0.835531	9.043429	0.001464	0.002640	0.005559	-0.883633	-0.066905	0.463376	0.031409	-0.995978	-0.083911	0.467126	-0.059592	0.882180
65492	4.740885	-0.817162	9.087944	-0.000753	-0.001128	0.006741	-0.883627	-0.066785	0.463404	0.031254	-0.995980	-0.083944	0.467147	-0.059692	0.882162
65493	4.775036	-0.869300	9.048778	-0.003707	0.000050	0.005358	-0.883617	-0.066804	0.463421	0.031232	-0.995974	-0.084023	0.467168	-0.059771	0.882146
65494	4.730748	-0.842410	9.065511	-0.001122	0.001345	0.005459	-0.883612	-0.066731	0.463440	0.031133	-0.995975	-0.084052	0.467184	-0.059842	0.882133
65495	4.754182	-0.858142	9.044982	-0.003001	-0.006100	0.003500	-0.883574	-0.066735	0.463513	0.031097	-0.995971	-0.084117	0.467259	-0.059910	0.882089
65496	4.738047	-0.873212	9.094276	-0.009519	-0.014180	0.001269	-0.883490	-0.066688	0.463679	0.030992	-0.995967	-0.084193	0.467424	-0.060013	0.881994
65497	4.756358	-0.859752	9.043685	-0.013406	-0.013687	-0.005745	-0.883419	-0.066605	0.463826	0.030826	-0.995963	-0.084306	0.467569	-0.060180	0.881906
65498	4.770104	-0.839796	9.041186	-0.014190	-0.016021	-0.003425	-0.883321	-0.066519	0.464025	0.030666	-0.995960	-0.084398	0.467765	-0.060321	0.881792
65499	4.762856	-0.807767	9.035068	-0.011973	-0.012253	-0.004606	-0.883256	-0.066446	0.464159	0.030517	-0.995956	-0.084504	0.467897	-0.060475	0.881712
65500	4.784804	-0.820576	9.038117	-0.008204	-0.009898	-0.001121	-0.883185	-0.066393	0.464303	0.030416	-0.995954	-0.084559	0.468038	-0.060559	0.881631
65501	4.797987	-0.800459	9.035932	-0.009324	-0.008555	0.004338	-0.883134	-0.066406	0.464396	0.030359	-0.995945	-0.084683	0.468137	-0.060688	0.881570
65502	4.750585	-0.827971	9.059326	-0.006856	-0.004407	0.000910	-0.883110	-0.066330	0.464453	0.030229	-0.995943	-0.084757	0.468191	-0.060810	0.881532
65503	4.772124	-0.841058	9.062557	-0.013062	-0.009711	0.005277	-0.883054	-0.066354	0.464557	0.030162	-0.995931	-0.084919	0.468301	-0.060976	0.881462
65504	4.760440	-0.863273	9.063752	-0.009693	-0.006082	0.003058	-0.883012	-0.066407	0.464628	0.030159	-0.995922	-0.085027	0.468380	-0.061067	0.881414
65505	4.740475	-0.852322	9.059502	-0.012107	-0.015488	0.001170	-0.882931	-0.066394	0.464785	0.030060	-0.995914	-0.085161	0.468540	-0.061220	0.881318
65506	4.775080	-0.844719	9.060659	-0.017116	-0.013651	-0.000380	-0.882851	-0.066327	0.464945	0.029899	-0.995907	-0.085298	0.468700	-0.061404	0.881221
65507	4.757716	-0.837465	9.032136	-0.016215	-0.014172	0.000829	-0.882776	-0.066309	0.465091	0.029778	-0.995896	-0.085466	0.468850	-0.061598	0.881127
65508	4.782035	-0.854362	9.010955	-0.016550	-0.010498	0.003972	-0.882712	-0.066335	0.465208	0.029707	-0.995883	-0.085638	0.468974	-0.061774	0.881049
65509	4.785313	-0.859048	8.986212	-0.011292	-0.011959	0.003275	-0.882646	-0.066340	0.465333	0.029630	-0.995874	-0.085774	0.469103	-0.061920	0.880970
65510	4.775148	-0.823824	9.004550	-0.005268	-0.004630	0.009999	-0.882605	-0.066431	0.465398	0.029674	-0.995864	-0.085873	0.469178	-0.061981	0.880926
65511	4.771743	-0.878686	9.011194	-0.005303	-0.005830	0.005577	-0.882567	-0.066455	0.465467	0.029646	-0.995857	-0.085967	0.469251	-0.062073	0.880880
65512	4.796861	-0.837372	9.007612	-0.004521	-0.003494	0.003258	-0.882542	-0.066475	0.465512	0.029627	-0.995851	-0.086040	0.469300	-0.062142	0.880850
65513	4.787111	-0.862356	8.984938	-0.004366	-0.005151	0.011208	-0.882505	-0.066556	0.465569	0.029653	-0.995841	-0.086152	0.469367	-0.062224	0.880808
65514	4.782899	-0.856779	9.032829	-0.004367	-0.005152	0.011209	-0.882455	-0.066740	0.465638	0.029807	-0.995828	-0.086244	0.469452	-0.062228	0.880763
65515	4.790921	-0.830085	9.079155	-0.001246	-0.001898	0.011236	-0.882434	-0.066819	0.465667	0.029848	-0.995819	-0.086329	0.469489	-0.062281	0.880739
65516	4.770827	-0.879263	9.034182	-0.001496	-0.002278	0.013483	-0.882407	-0.066909	0.465705	0.029903	-0.995811	-0.086410	0.469536	-0.062322	0.880711
65517	4.760713	-0.903966	9.011717	0.004830	0.000175	0.012642	-0.882395	-0.067000	0.465715	0.029985	-0.995805	-0.086448	0.469553	-0.062316	0.880702
65518	4.772936	-0.883246	9.010116	0.002776	0.000835	0.012472	-0.882355	-0.067212	0.465760	0.030212	-0.995797	-0.086464	0.469614	-0.062220	0.880677
65519	4.793791	-0.895949	9.013700	-0.002648	-0.002139	0.014523	-0.882331	-0.067324	0.465789	0.030276	-0.995785	-0.086577	0.469654	-0.062287	0.880651
65520	4.734997	-0.886968	9.056244	0.000438	-0.000083	0.010127	-0.882290	-0.067585	0.465828	0.030547	-0.995773	-0.086617	0.469713	-0.062192	0.880626
65521	4.758233	-0.902819	9.035697	-0.003336	-0.002437	0.006644	-0.882268	-0.067619	0.465866	0.030537	-0.995766	-0.086699	0.469756	-0.062265	0.880598
65522	4.764663	-0.852616	9.004478	-0.001817	-0.005055	0.006885	-0.882224	-0.067706	0.465936	0.030605	-0.995760	-0.086747	0.469834	-0.062270	0.880556
65523	4.760401	-0.846510	9.052457	-0.001033	-0.002718	0.004566	-0.882201	-0.067719	0.465978	0.030588	-0.995756	-0.086799	0.469879	-0.062320	0.880528
65524	4.786187	-0.865415	9.007695	-0.000666	-0.005196	0.005847	-0.882185	-0.067619	0.466022	0.030444	-0.995756	-0.086850	0.469917	-0.062430	0.880500
65525	4.771861	-0.883432	9.033229	0.000770	-0.003760	0.006984	-0.882156	-0.067656	0.466071	0.030457	-0.995752	-0.086898	0.469971	-0.062462	0.880469
65526	4.784466	-0.862983	9.031409	-0.004487	-0.002297	0.007683	-0.882131	-0.067723	0.466111	0.030486	-0.995744	-0.086980	0.470017	-0.062518	0.880440
65527	4.793169	-0.896557	9.036524	-0.000132	-0.003239	0.005775	-0.882105	-0.067748	0.466156	0.030484	-0.995739	-0.087029	0.470066	-0.062559	0.880411
65528	4.782823	-0.860739	9.055066	-0.005593	-0.007409	0.003403	-0.882042	-0.067783	0.466269	0.030488	-0.995735	-0.087079	0.470183	-0.062592	0.880347
65529	4.806499	-0.876598	9.034270	-0.002470	-0.004155	0.003430	-0.882012	-0.067786	0.466325	0.030455	-0.995731	-0.087138	0.470241	-0.062655	0.880311
65530	4.763429	-0.910076	9.009666	-0.001568	-0.004677	0.004638	-0.881992	-0.067732	0.466372	0.030363	-0.995729	-0.087189	0.470285	-0.062739	0.880281
65531	4.807061	-0.877222	9.033911	-0.000249	-0.000381	0.002248	-0.881980	-0.067720	0.466395	0.030329	-0.995727	-0.087223	0.470309	-0.062783	0.880266
65532	4.798676	-0.844321	9.028570	0.000118	-0.002860	0.003528	-0.881957	-0.067683	0.466446	0.030274	-0.995727	-0.087243	0.470357	-0.062823	0.880237
65533	4.778064	-0.832576	9.024780	-0.002720	-0.004537	0.005678	-0.881925	-0.067708	0.466503	0.030259	-0.995721	-0.087315	0.470419	-0.062889	0.880200
65534	4.763607	-0.850665	9.050381	0.000403	-0.001283	0.005704	-0.881900	-0.067826	0.466531	0.030369	-0.995714	-0.087353	0.470457	-0.062869	0.880181
65535	4.795262	-0.899258	9.035144	0.000938	0.000674	0.005632	-0.881893	-0.067847	0.466543	0.030370	-0.995711	-0.087393	0.470471	-0.062902	0.880171
00000	4.765747	-0.854309	9.026323	0.000938	0.000674	0.005632	-0.881882	-0.067824	0.466567	0.030332	-0.995710	-0.087413	0.470494	-0.062936	0.880156
00001	4.790179	-0.812428	9.023199	0.002793	0.006927	0.003170	-0.881904	-0.067817	0.466525	0.030321	-0.995710	-0.087425	0.470452	-0.062955	0.880177
00002	4.739607	-0.835979	9.071241	-0.001899	-0.001003	0.007782	-0.881900	-0.067849	0.466528	0.030314	-0.995703	-0.087505	0.470460	-0.063028	0.880167
00003	4.765392	-0.855241	9.026422	-0.005844	-0.007790	0.005652	-0.881853	-0.067876	0.466614	0.030284	-0.995695	-0.087604	0.470551	-0.063123	0.880112
00004	4.766036	-0.856115	9.025999	-0.006995	-0.007650	0.006691	-0.881823	-0.067843	0.466674	0.030178	-0.995688	-0.087724	0.470613	-0.063274	0.880068
00005	4.800011	-0.848111	9.027505	-0.004943	-0.008313	0.006861	-0.881773	-0.067882	0.466763	0.030163	-0.995679	-0.087821	0.470708	-0.063359	0.880011
00006	4.789873	-0.812484	9.045952	-0.003256	-0.006496	0.005750	-0.881733	-0.067918	0.466833	0.030162	-0.995674	-0.087888	0.470783	-0.063413	0.879967
00007	4.824429	-0.865144	9.006179	-0.010984	-0.009190	0.009882	-0.881678	-0.067988	0.466928	0.030145	-0.995660	-0.088053	0.470887	-0.063558	0.879901
00008	4.834544	-0.781722	9.069477	-0.005521	-0.005024	0.012254	-0.881649	-0.067974	0.466984	0.030065	-0.995652	-0.088164	0.470947	-0.063690	0.879860
00009	4.812336	-0.828182	9.048388	-0.011065	-0.005136	0.010780	-0.881613	-0.068050	0.467042	0.030056	-0.995637	-0.088334	0.471015	-0.063839	0.879812
00010	4.774981	-0.832313	9.094229	-0.017144	-0.007207	0.009377	-0.881553	-0.068175	0.467136	0.030084	-0.995619	-0.088530	0.471125	-0.063990	0.879742
00011	4.764252	-0.915909	9.053783	-0.023354	-0.018965	0.004005	-0.881454	-0.068193	0.467321	0.029957	-0.995601	-0.088775	0.471320	-0.064252	0.879619
00012	4.810326	-0.945847	9.035508	-0.030545	-0.026148	-0.001677	-0.881320	-0.068185	0.467575	0.029782	-0.995582	-0.089046	0.471581	-0.064553	0.879457
00013	4.797894	-0.885533	8.999508	-0.029762	-0.023813	-0.003994	-0.881200	-0.068126	0.467810	0.029554	-0.995565	-0.089311	0.471820	-0.064875	0.879305
00014	4.801965	-0.830620	9.015275	-0.028286	-0.027631	-0.008178	-0.881081	-0.068021	0.468048	0.029285	-0.995551	-0.089556	0.472057	-0.065200	0.879154
00015	4.768846	-0.838701	9.035951	-0.032354	-0.025125	-0.004084	-0.880955	-0.067963	0.468294	0.029043	-0.995532	-0.089843	0.472308	-0.065547	0.878993
00016	4.782181	-0.937925	8.974281	-0.026888	-0.020960	-0.001714	-0.880867	-0.067884	0.468471	0.028800	-0.995516	-0.090104	0.472487	-0.065878	0.878872
00017	4.766340	-0.813709	9.004245	-0.029428	-0.014954	-0.006681	-0.880789	-0.067793	0.468630	0.028550	-0.995501	-0.090353	0.472647	-0.066203	0.878762
00018	4.837931	-1.003010	8.960165	-0.025451	-0.019534	-0.000575	-0.880705	-0.067614	0.468814	0.028206	-0.995489	-0.090585	0.472824	-0.066555	0.878640
00019	4.770285	-0.959638	9.020736	-0.029806	-0.018603	0.001344	-0.880608	-0.067605	0.468998	0.028025	-0.995468	-0.090875	0.473016	-0.066881	0.878512
00020	4.799746	-1.064647	9.010798	-0.028043	-0.020843	-0.000667	-0.880490	-0.067662	0.469211	0.027935	-0.995447	-0.091126	0.473241	-0.067129	0.878372
00021	4.776930	-1.088184	8.911344	-0.019781	-0.016173	-0.004877	-0.880406	-0.067590	0.469380	0.027746	-0.995437	-0.091298	0.473409	-0.067356	0.878264
00022	4.786080	-1.001868	8.998401	-0.016868	-0.018547	-0.007932	-0.880328	-0.067363	0.469558	0.027406	-0.995435	-0.091424	0.473573	-0.067615	0.878155
00023	4.835872	-0.976059	8.973456	-0.008901	-0.021576	-0.005027	-0.880218	-0.067293	0.469774	0.027267	-0.995432	-0.091500	0.473786	-0.067731	0.878032
00024	4.789269	-0.942739	9.037816	-0.003431	-0.017401	-0.002660	-0.880136	-0.067246	0.469934	0.027176	-0.995430	-0.091545	0.473943	-0.067801	0.877942
00025	4.766369	-0.963932	8.938654	0.004371	-0.018745	-0.007707	-0.880040	-0.067148	0.470128	0.027077	-0.995438	-0.091492	0.474126	-0.067787	0.877843
00026	4.795350	-1.004979	8.970521	0.009918	-0.018628	-0.006244	-0.879935	-0.067174	0.470322	0.027146	-0.995445	-0.091387	0.474318	-0.067647	0.877751
00027	4.908874	-0.895721	9.015198	0.014852	-0.016413	-0.003809	-0.879849	-0.067112	0.470491	0.027130	-0.995457	-0.091260	0.474479	-0.067530	0.877673
00028	4.926548	-0.879724	8.964976	0.012567	-0.003574	-0.001268	-0.879819	-0.067146	0.470542	0.027218	-0.995464	-0.091161	0.474529	-0.067398	0.877656
00029	4.925451	-0.757920	9.048123	0.013899	0.007174	0.006094	-0.879842	-0.067168	0.470496	0.027285	-0.995469	-0.091089	0.474482	-0.067306	0.877688
00030	4.915939	-0.724415	9.043589	0.008120	0.013107	0.016632	-0.879870	-0.067282	0.470428	0.027429	-0.995467	-0.091071	0.474423	-0.067227	0.877726
00031	4.868832	-0.754417	9.044112	0.008165	0.014293	0.021059	-0.879923	-0.067447	0.470305	0.027601	-0.995457	-0.091119	0.474315	-0.067197	0.877787
00032	4.842572	-0.796758	9.048120	0.003767	0.014037	0.018554	-0.879975	-0.067596	0.470186	0.027745	-0.995447	-0.091185	0.474209	-0.067195	0.877844
00033	4.848232	-0.827744	9.077602	-0.004759	-0.003591	0.024566	-0.879942	-0.067808	0.470217	0.027886	-0.995427	-0.091363	0.474262	-0.067282	0.877809
00034	4.815267	-0.838222	9.075407	-0.007028	-0.008566	0.021325	-0.879886	-0.067977	0.470298	0.027978	-0.995409	-0.091532	0.474360	-0.067379	0.877748
00035	4.803536	-0.800940	9.117731	-0.018756	-0.019266	0.018917	-0.879780	-0.068143	0.470471	0.028003	-0.995383	-0.091806	0.474555	-0.067595	0.877626
00036	4.808033	-0.867565	9.050838	-0.028754	-0.026958	0.019825	-0.879634	-0.068436	0.470702	0.028114	-0.995346	-0.092176	0.474819	-0.067847	0.877464
00037	4.824954	-0.853299	9.023523	-0.026045	-0.028541	0.023445	-0.879483	-0.068654	0.470953	0.028144	-0.995312	-0.092536	0.475098	-0.068129	0.877292
00038	4.794392	-0.925817	8.978552	-0.026094	-0.029734	0.019021	-0.879315	-0.068912	0.471229	0.028235	-0.995279	-0.092861	0.475403	-0.068349	0.877109
00039	4.798524	-0.871637	8.994434	-0.020375	-0.025179	0.019137	-0.879180	-0.069085	0.471454	0.028254	-0.995251	-0.093151	0.475651	-0.068576	0.876957
00040	4.800841	-0.874424	8.992927	-0.023555	-0.029632	0.014691	-0.879019	-0.069276	0.471726	0.028293	-0.995223	-0.093435	0.475946	-0.068785	0.876781
00041	4.797496	-0.988595	8.980524	-0.024950	-0.029893	0.017986	-0.878863	-0.069442	0.471994	0.028280	-0.995193	-0.093760	0.476236	-0.069054	0.876602
00042	4.798017	-0.988434	9.002902	-0.026200	-0.032130	0.010178	-0.878719	-0.069423	0.472264	0.028071	-0.995171	-0.094060	0.476513	-0.069396	0.876424
00043	4.784289	-1.045784	8.907890	-0.030969	-0.029897	0.006406	-0.878566	-0.069473	0.472542	0.027928	-0.995144	-0.094383	0.476804	-0.069725	0.876240
00044	4.749297	-1.051126	8.952639	-0.029995	-0.028339	-0.002587	-0.878412	-0.069439	0.472833	0.027730	-0.995126	-0.094627	0.477099	-0.070010	0.876057
00045	4.827215	-1.129065	8.917952	-0.021000	-0.028636	-0.004265	-0.878267	-0.069383	0.473110	0.027540	-0.995114	-0.094812	0.477376	-0.070241	0.875887
00046	4.789769	-1.048838	8.927215	-0.012075	-0.024867	-0.005040	-0.878146	-0.069314	0.473344	0.027385	-0.995109	-0.094913	0.477608	-0.070385	0.875749
00047	4.896189	-0.968887	8.924554	-0.003619	-0.027124	-0.006652	-0.878009	-0.069232	0.473610	0.027257	-0.995110	-0.094934	0.477867	-0.070444	0.875603
00048	4.935763	-0.986416	8.978545	0.006801	-0.014573	-0.011164	-0.877954	-0.069018	0.473743	0.027048	-0.995124	-0.094849	0.477980	-0.070459	0.875540
00049	4.920126	-0.979042	8.926477	0.016077	-0.008045	-0.005337	-0.877908	-0.068936	0.473841	0.027026	-0.995139	-0.094704	0.478066	-0.070336	0.875503
00050	4.891011	-0.931645	8.918199	0.026010	0.003722	-0.005354	-0.877896	-0.068951	0.473862	0.027183	-0.995159	-0.094444	0.478080	-0.070031	0.875520
00051	4.907037	-0.934690	8.970512	0.034919	0.012739	-0.000802	-0.877947	-0.068900	0.473773	0.027290	-0.995183	-0.094155	0.477979	-0.069734	0.875599
00052	4.928446	-0.886350	8.992459	0.037682	0.018490	-0.002057	-0.878009	-0.068812	0.473673	0.027396	-0.995214	-0.093796	0.477860	-0.069377	0.875692
00053	4.909973	-0.957892	9.002249	0.040552	0.026605	0.005542	-0.878125	-0.068814	0.473457	0.027586	-0.995238	-0.093488	0.477636	-0.069033	0.875842
00054	4.951066	-0.982008	8.986830	0.041313	0.034196	0.008554	-0.878298	-0.068705	0.473152	0.027653	-0.995264	-0.093187	0.477314	-0.068762	0.876038
00055	4.849922	-1.007761	8.959602	0.050843	0.035846	0.006809	-0.878458	-0.068714	0.472854	0.027903	-0.995294	-0.092795	0.477005	-0.068322	0.876241
00056	4.870936	-0.901344	9.000195	0.050697	0.043954	0.008617	-0.878655	-0.068741	0.472484	0.028181	-0.995323	-0.092402	0.476626	-0.067875	0.876482
00057	4.870475	-0.722147	9.078879	0.058954	0.042464	0.013699	-0.878844	-0.068814	0.472121	0.028530	-0.995353	-0.091971	0.476256	-0.067359	0.876723
00058	4.782052	-0.928001	9.027362	0.049193	0.035151	0.012373	-0.878984	-0.068888	0.471849	0.028843	-0.995379	-0.091590	0.475978	-0.066897	0.876909
00059	4.771158	-0.891592	9.023853	0.034639	0.017520	0.006816	-0.879056	-0.068909	0.471711	0.029015	-0.995397	-0.091340	0.475834	-0.066606	0.877010
00060	4.847242	-0.968041	8.968188	0.030556	0.013594	0.001167	-0.879107	-0.068932	0.471614	0.029185	-0.995415	-0.091090	0.475730	-0.066314	0.877088
00061	4.827116	-0.956591	8.941618	0.026086	0.017406	-0.000439	-0.879181	-0.068882	0.471483	0.029253	-0.995432	-0.090880	0.475590	-0.066108	0.877180
00062	4.786316	-1.074550	8.930515	0.015484	0.017965	-0.007863	-0.879244	-0.068771	0.471381	0.029235	-0.995449	-0.090698	0.475473	-0.065965	0.877254
00063	4.840864	-1.078917	8.912984	0.026385	0.025103	-0.007568	-0.879357	-0.068645	0.471190	0.029242	-0.995471	-0.090452	0.475265	-0.065761	0.877382
00064	4.842299	-1.022578	8.907777	0.015933	0.035355	-0.011025	-0.879514	-0.068361	0.470937	0.029053	-0.995496	-0.090247	0.474985	-0.065692	0.877539
00065	4.725964	-1.007672	8.947378	0.012876	0.045847	-0.006179	-0.879724	-0.068235	0.470562	0.029008	-0.995508	-0.090126	0.474598	-0.065636	0.877752
00066	4.677319	-1.176634	8.968180	0.013863	0.029564	-0.020931	-0.879873	-0.067888	0.470334	0.028743	-0.995534	-0.089925	0.474339	-0.065603	0.877895
00067	4.807600	-0.937159	8.999333	0.019566	0.027663	-0.030560	-0.880004	-0.067531	0.470141	0.028515	-0.995567	-0.089630	0.474110	-0.065469	0.878028
00068	4.836672	-0.922299	9.026677	0.009742	0.024436	-0.031005	-0.880105	-0.067202	0.469999	0.028282	-0.995595	-0.089394	0.473936	-0.065384	0.878128
00069	4.821743	-0.880632	9.070940	0.005678	0.026950	-0.026913	-0.880231	-0.066882	0.469809	0.028020	-0.995616	-0.089239	0.473718	-0.065387	0.878246
00070	4.774612	-0.968991	9.030657	0.006076	0.019210	-0.030949	-0.880332	-0.066430	0.469683	0.027620	-0.995644	-0.089052	0.473552	-0.065422	0.878333
00071	4.846968	-0.781554	9.062858	-0.008499	0.024660	-0.025448	-0.880447	-0.066126	0.469511	0.027303	-0.995655	-0.089028	0.473358	-0.065565	0.878427
00072	4.820648	-0.964381	9.086417	-0.017000	0.025730	-0.028292	-0.880563	-0.065832	0.469334	0.026970	-0.995661	-0.089058	0.473161	-0.065763	0.878518
00073	4.864134	-0.854581	9.027401	-0.020661	0.026955	-0.018497	-0.880686	-0.065596	0.469136	0.026657	-0.995659	-0.089173	0.472949	-0.066028	0.878612
00074	4.872851	-0.952354	8.968551	-0.022010	0.034007	-0.020086	-0.880831	-0.065314	0.468903	0.026309	-0.995660	-0.089265	0.472698	-0.066291	0.878727
00075	4.892428	-0.908045	8.990872	-0.017986	0.036731	-0.018850	-0.881001	-0.065067	0.468619	0.026006	-0.995660	-0.089355	0.472400	-0.066535	0.878869
00076	4.838829	-0.932165	9.040510	-0.019872	0.041820	-0.020365	-0.881212	-0.064698	0.468273	0.025562	-0.995662	-0.089460	0.472030	-0.066863	0.879043
00077	4.737201	-0.902156	9.053591	-0.014785	0.035913	-0.019714	-0.881377	-0.064443	0.467997	0.025266	-0.995665	-0.089519	0.471737	-0.067075	0.879184
00078	4.780113	-0.953441	9.115630	-0.018196	0.031075	-0.021916	-0.881529	-0.064139	0.467754	0.024900	-0.995667	-0.089600	0.471474	-0.067338	0.879305
00079	4.808071	-1.060189	9.084113	-0.028065	0.020538	-0.017507	-0.881620	-0.063916	0.467611	0.024561	-0.995658	-0.089786	0.471320	-0.067672	0.879362
00080	4.745462	-0.968472	9.091153	-0.031223	0.016083	-0.021958	-0.881683	-0.063686	0.467525	0.024213	-0.995651	-0.089964	0.471221	-0.067999	0.879390
00081	4.737647	-0.880081	9.103485	-0.035450	0.007713	-0.026272	-0.881716	-0.063384	0.467503	0.023762	-0.995643	-0.090174	0.471181	-0.068399	0.879380
00082	4.679127	-0.872791	9.145716	-0.042061	-0.008873	-0.028064	-0.881667	-0.063124	0.467631	0.023321	-0.995630	-0.090428	0.471296	-0.068821	0.879286
00083	4.780327	-0.966433	9.091592	-0.050024	-0.030957	-0.031897	-0.881519	-0.062793	0.467955	0.022752	-0.995615	-0.090739	0.471600	-0.069342	0.879082
00084	4.737437	-0.999069	9.089437	-0.046244	-0.022513	-0.037696	-0.881430	-0.062385	0.468177	0.022128	-0.995605	-0.091005	0.471797	-0.069855	0.878936
00085	4.751763	-1.038324	9.068322	-0.065045	-0.044488	-0.046724	-0.881220	-0.061917	0.468633	0.021357	-0.995587	-0.091379	0.472223	-0.070517	0.878654
00086	4.804397	-1.015095	9.041734	-0.072515	-0.047193	-0.063868	-0.880998	-0.061208	0.469143	0.020330	-0.995578	-0.091713	0.472682	-0.071262	0.878347
00087	4.932675	-1.675788	8.786771	-0.119212	-0.107427	-0.113033	-0.880503	-0.060125	0.470213	0.018717	-0.995560	-0.092250	0.473671	-0.072425	0.877719
00088	4.104053	-0.759276	9.647742	-0.132829	-0.067072	-0.115915	-0.880180	-0.059063	0.470952	0.017110	-0.995531	-0.092872	0.474332	-0.073686	0.877257
00089	4.760478	-1.005889	9.189704	-0.106380	-0.102700	-0.135926	-0.879704	-0.057751	0.472001	0.015357	-0.995530	-0.093185	0.475273	-0.074727	0.876659
00090	3.855455	-0.854524	9.795408	-0.092574	-0.183997	-0.130920	-0.878828	-0.056514	0.473779	0.013681	-0.995537	-0.093373	0.476942	-0.075577	0.875680
00091	4.503913	-1.000452	9.288997	-0.098376	-0.339515	-0.127861	-0.877211	-0.055464	0.476891	0.012035	-0.995533	-0.093647	0.479955	-0.076408	0.873959
00092	4.517401	-0.809942	9.393343	-0.065256	-0.428168	-0.139158	-0.875146	-0.054462	0.480784	0.010554	-0.995557	-0.093564	0.483743	-0.076808	0.871833
00093	4.556964	-0.841908	9.277143	-0.049767	-0.484307	-0.140753	-0.872797	-0.053399	0.485154	0.009029	-0.995594	-0.093337	0.488000	-0.077084	0.869433
00094	4.690242	-1.003644	9.205247	-0.032834	-0.557310	-0.146950	-0.870073	-0.052366	0.490134	0.007573	-0.995644	-0.092930	0.492865	-0.077144	0.866679
00095	4.699122	-1.025957	9.201888	-0.011473	-0.623985	-0.162090	-0.866981	-0.051198	0.495704	0.006056	-0.995717	-0.092250	0.498305	-0.076977	0.863578
00096	4.825290	-1.115927	9.113621	0.013649	-0.660846	-0.185214	-0.863643	-0.049877	0.501631	0.004545	-0.995823	-0.091189	0.504084	-0.076474	0.860262
00097	4.893608	-0.930413	9.134299	0.090817	-0.707711	-0.206512	-0.860051	-0.048323	0.507915	0.003173	-0.995992	-0.089385	0.510199	-0.075264	0.856757
00098	4.946658	-0.982440	9.155202	0.063240	-0.781739	-0.216318	-0.856008	-0.046839	0.514836	0.001742	-0.996143	-0.087731	0.516959	-0.074201	0.852788
00099	4.933193	-0.902311	9.227049	0.101315	-0.853684	-0.232294	-0.851555	-0.045118	0.522320	0.000233	-0.996322	-0.085682	0.524265	-0.072841	0.848434
00100	4.985085	-1.074798	9.280852	0.144625	-0.928515	-0.257829	-0.846612	-0.043360	0.530441	-0.001025	-0.996541	-0.083097	0.532209	-0.070894	0.843639
00101	4.920118	-1.115064	9.337070	0.192603	-1.020607	-0.286492	-0.841120	-0.041182	0.539279	-0.002462	-0.996795	-0.079961	0.540843	-0.068585	0.838322
00102	4.955014	-1.146426	9.343143	0.255671	-1.126013	-0.335980	-0.834916	-0.038808	0.549007	-0.003616	-0.997103	-0.075982	0.550365	-0.065423	0.832357
00103	4.837986	-1.203604	9.471511	0.314149	-1.272730	-0.392573	-0.827815	-0.035668	0.559867	-0.005188	-0.997447	-0.071216	0.560978	-0.061858	0.825516
00104	4.891816	-1.290495	9.502942	0.369194	-1.425825	-0.463683	-0.819656	-0.031952	0.571965	-0.006826	-0.997828	-0.065524	0.572816	-0.057612	0.817657
00105	5.052875	-1.356234	9.548683	0.408663	-1.597805	-0.537154	-0.810344	-0.027441	0.585312	-0.008890	-0.998212	-0.059107	0.585888	-0.053101	0.808651
00106	5.122484	-1.579403	9.563863	0.474449	-1.758865	-0.613578	-0.799828	-0.022205	0.599818	-0.011008	-0.998605	-0.051648	0.600128	-0.047912	0.798468
00107	5.245415	-1.569580	9.514032	0.524686	-1.949219	-0.690945	-0.787881	-0.016149	0.615616	-0.013359	-0.998973	-0.043301	0.615683	-0.042340	0.786855
00108	5.283291	-1.431126	9.666972	0.561836	-2.125150	-0.788942	-0.774459	-0.009281	0.632556	-0.015778	-0.999298	-0.033979	0.632427	-0.036296	0.773769
00109	5.839049	-1.336963	9.895105	0.533815	-2.311775	-0.879386	-0.759464	-0.001233	0.650549	-0.019154	-0.999522	-0.024255	0.650268	-0.030882	0.759077
00110	7.316264	-1.722492	10.463982	0.466132	-2.442604	-0.953735	-0.743083	0.007497	0.669157	-0.023062	-0.999630	-0.014410	0.668801	-0.026140	0.742981
00111	7.512444	-1.889115	10.403305	0.569398	-2.439929	-1.064348	-0.726261	0.017600	0.687194	-0.027077	-0.999629	-0.003014	0.686886	-0.020797	0.726468
00112	7.667353	-1.800114	10.355458	0.536989	-2.485121	-1.142962	-0.708553	0.028462	0.705083	-0.031339	-0.999470	0.008852	0.704961	-0.015825	0.709069
00113	7.838980	-1.521087	10.392404	0.544080	-2.527883	-1.249364	-0.690066	0.040640	0.722604	-0.036247	-0.999110	0.021575	0.722838	-0.011304	0.690925
00114	7.872518	-0.971630	10.298059	0.477633	-2.580346	-1.330572	-0.670605	0.053621	0.739874	-0.041673	-0.998532	0.034596	0.740643	-0.007633	0.671856
00115	7.709082	-0.910273	9.885376	0.365324	-2.649256	-1.405484	-0.650098	0.067510	0.756845	-0.048272	-0.997703	0.047531	0.758315	-0.005634	0.651863
00116	7.665976	-1.059958	9.595168	0.291178	-2.697427	-1.482006	-0.628605	0.082113	0.773377	-0.055446	-0.996612	0.060748	0.775745	-0.004694	0.631028
00117	7.448772	-0.974388	9.309083	0.269491	-2.739615	-1.555539	-0.606176	0.097516	0.789329	-0.062993	-0.995224	0.074576	0.792832	-0.004515	0.609424
00118	7.021293	-0.844762	8.778314	0.281727	-2.734589	-1.623015	-0.583173	0.113555	0.804372	-0.070426	-0.993521	0.089199	0.809289	-0.004631	0.587392
00119	5.991913	-0.946872	8.294443	0.325978	-2.718281	-1.677220	-0.559697	0.130111	0.818419	-0.077402	-0.991488	0.104692	0.825074	-0.004752	0.565004
00120	4.361400	-1.608995	8.044485	0.388094	-2.536875	-1.603877	-0.537293	0.145918	0.830677	-0.083039	-0.989287	0.120068	0.839297	-0.004467	0.543654
00121	6.838459	-3.367155	10.015544	0.488385	-2.185396	-1.048487	-0.517920	0.156236	0.841040	-0.084497	-0.987715	0.131449	0.851246	-0.002986	0.524759
00122	12.237473	-4.379875	13.085794	0.373794	-1.067575	-0.136947	-0.508686	0.157608	0.846403	-0.082089	-0.987501	0.134546	0.857030	-0.001039	0.515266
00123	4.366557	-4.619293	11.478152	0.489712	-0.120387	0.500599	-0.508026	0.152699	0.847698	-0.075399	-0.988266	0.132833	0.858035	0.003567	0.513579
00124	0.456228	-3.422346	8.808245	0.618630	0.222844	0.863284	-0.510548	0.144191	0.847673	-0.065797	-0.989500	0.128687	0.857328	0.009926	0.514675
00125	0.113959	-1.788380	8.272836	0.633547	0.255749	1.056615	-0.513357	0.133730	0.847692	-0.055014	-0.990880	0.123004	0.856410	0.016510	0.516032
00126	1.053334	-0.985013	8.742014	0.532783	0.379735	1.176627	-0.517200	0.122035	0.847120	-0.044495	-0.992278	0.115780	0.854707	0.022189	0.518636
