// General information: 
//  MT Manager version: 2022.2.0 
//  XDA version: 2022.2.0 build 7381 rev 124627 built on 2023-07-19
// Device information: 
//  DeviceId: 00B4CAF0
//  ProductCode: MTW2-3A7G6
//  Firmware Version: 4.6.0
//  Hardware Version: 2.0.0
// Device settings: 
//  Filter Profile: human(46.1)
//  Option Flags: Orientation Smoother Disabled, Position/Velocity Smoother Disabled, Continuous Zero Rotation Update Disabled, AHS Disabled, ICC Disabled
// Coordinate system: ENU
PacketCounter	Acc_X	Acc_Y	Acc_Z	Gyr_X	Gyr_Y	Gyr_Z	Mat[1][1]	Mat[2][1]	Mat[3][1]	Mat[1][2]	Mat[2][2]	Mat[3][2]	Mat[1][3]	Mat[2][3]	Mat[3][3]
27307	4.423168	-0.395224	9.320779	0.031694	0.036030	-0.006646	0.455373	0.783741	0.422358	-0.854624	0.517755	-0.039335	-0.249506	-0.343045	0.905575
27308	4.403603	-0.364361	9.310320	0.024267	0.037599	-0.006281	0.455556	0.783791	0.422066	-0.854616	0.517785	-0.039117	-0.249199	-0.342884	0.905721
27309	4.398850	-0.412861	9.343390	0.022340	0.040090	-0.006860	0.455730	0.783880	0.421714	-0.854623	0.517790	-0.038908	-0.248859	-0.342675	0.905894
27310	4.365392	-0.394045	9.275955	0.020963	0.044548	-0.003512	0.456017	0.783916	0.421337	-0.854554	0.517917	-0.038716	-0.248568	-0.342399	0.906078
27311	4.364618	-0.401979	9.299947	0.015990	0.038164	-0.007314	0.456189	0.783995	0.421002	-0.854543	0.517948	-0.038563	-0.248290	-0.342172	0.906240
27312	4.350611	-0.250919	9.315965	0.013918	0.037372	-0.002875	0.456355	0.784064	0.420693	-0.854528	0.517983	-0.038420	-0.248036	-0.341961	0.906389
27313	4.311263	-0.376425	9.319890	0.004900	0.032849	0.001852	0.456436	0.784173	0.420404	-0.854531	0.517979	-0.038406	-0.247877	-0.341718	0.906524
27314	4.343092	-0.329950	9.283137	0.006191	0.028668	-0.001434	0.456588	0.784207	0.420175	-0.854487	0.518055	-0.038350	-0.247748	-0.341524	0.906632
27315	4.281062	-0.288141	9.310733	0.008578	0.020923	0.001395	0.456644	0.784272	0.419993	-0.854497	0.518043	-0.038300	-0.247612	-0.341393	0.906719
27316	4.296899	-0.406095	9.310307	-0.000573	0.020592	0.001310	0.456655	0.784346	0.419843	-0.854516	0.518011	-0.038302	-0.247525	-0.341271	0.906788
27317	4.362280	-0.416170	9.297504	-0.000736	0.013622	0.002005	0.456687	0.784389	0.419727	-0.854506	0.518026	-0.038339	-0.247502	-0.341150	0.906840
27318	4.375417	-0.353805	9.324006	0.002254	0.015176	0.001211	0.456756	0.784406	0.419619	-0.854484	0.518063	-0.038322	-0.247450	-0.341054	0.906891
27319	4.343350	-0.388186	9.286542	-0.000344	0.016098	0.001422	0.456799	0.784455	0.419482	-0.854472	0.518080	-0.038354	-0.247412	-0.340915	0.906953
27320	4.388361	-0.381829	9.337775	-0.000573	0.020586	0.001306	0.456949	0.784457	0.419314	-0.854402	0.518195	-0.038358	-0.247377	-0.340735	0.907030
27321	4.331124	-0.329146	9.288756	0.001291	0.014552	-0.000092	0.457001	0.784493	0.419191	-0.854387	0.518219	-0.038368	-0.247332	-0.340617	0.907087
27322	4.358860	-0.375324	9.291901	-0.002029	0.017790	0.005281	0.456895	0.784606	0.419095	-0.854452	0.518106	-0.038450	-0.247304	-0.340529	0.907128
27323	4.338497	-0.308108	9.325141	0.002484	0.010682	0.001325	0.456925	0.784636	0.419006	-0.854446	0.518115	-0.038455	-0.247267	-0.340447	0.907169
27324	4.283696	-0.345725	9.262143	0.001027	0.007890	0.005301	0.457021	0.784606	0.418956	-0.854386	0.518212	-0.038475	-0.247296	-0.340367	0.907191
27325	4.338643	-0.398641	9.312237	-0.000380	0.004945	0.006929	0.456990	0.784645	0.418918	-0.854399	0.518187	-0.038530	-0.247310	-0.340315	0.907206
27326	4.294580	-0.385682	9.351112	0.001255	0.003402	0.005417	0.456928	0.784669	0.418941	-0.854423	0.518144	-0.038579	-0.247344	-0.340325	0.907194
27327	4.324939	-0.380969	9.322322	-0.001065	-0.000315	0.003395	0.456914	0.784672	0.418951	-0.854418	0.518149	-0.038625	-0.247387	-0.340311	0.907187
27328	4.367230	-0.445498	9.314960	-0.002750	0.001381	0.007255	0.456949	0.784643	0.418968	-0.854372	0.518219	-0.038697	-0.247480	-0.340272	0.907176
27329	4.334909	-0.390116	9.290405	-0.003663	0.000609	0.003605	0.456935	0.784650	0.418970	-0.854362	0.518231	-0.038767	-0.247542	-0.340237	0.907172
27330	4.401797	-0.371119	9.344040	-0.004284	0.002618	0.004070	0.456961	0.784618	0.419000	-0.854308	0.518311	-0.038880	-0.247678	-0.340188	0.907154
27331	4.368024	-0.396088	9.283814	-0.001686	0.001695	0.003860	0.456948	0.784630	0.418992	-0.854304	0.518314	-0.038933	-0.247718	-0.340156	0.907155
27332	4.314865	-0.324154	9.323449	-0.003725	0.012059	0.002791	0.457025	0.784631	0.418906	-0.854257	0.518388	-0.038975	-0.247737	-0.340041	0.907193
27333	4.307317	-0.355553	9.310634	0.001761	-0.005725	0.003301	0.456998	0.784615	0.418966	-0.854258	0.518384	-0.038995	-0.247782	-0.340084	0.907164
27334	4.344325	-0.370472	9.325783	0.000747	-0.006193	0.004347	0.456928	0.784595	0.419079	-0.854268	0.518364	-0.039054	-0.247877	-0.340161	0.907109
27335	4.395531	-0.352479	9.299893	0.002548	-0.000772	0.002138	0.456924	0.784589	0.419095	-0.854266	0.518367	-0.039062	-0.247892	-0.340170	0.907102
27336	4.338882	-0.320695	9.348381	0.012218	-0.002152	0.006460	0.456963	0.784540	0.419145	-0.854249	0.518399	-0.038996	-0.247878	-0.340234	0.907082
27337	4.330627	-0.431943	9.299561	0.000747	-0.006193	0.004347	0.456926	0.784527	0.419208	-0.854253	0.518391	-0.039030	-0.247934	-0.340276	0.907051
27338	4.345322	-0.369810	9.325345	-0.001685	0.001695	0.003860	0.456940	0.784510	0.419226	-0.854229	0.518426	-0.039069	-0.247987	-0.340263	0.907041
27339	4.346727	-0.430929	9.378894	-0.002255	0.003553	0.001977	0.456948	0.784518	0.419202	-0.854215	0.518447	-0.039119	-0.248024	-0.340213	0.907050
27340	4.391519	-0.393478	9.308952	-0.001065	-0.000315	0.003395	0.456852	0.784545	0.419257	-0.854255	0.518377	-0.039170	-0.248064	-0.340257	0.907022
27341	4.362219	-0.347853	9.306521	-0.005247	0.002000	0.002768	0.456849	0.784552	0.419247	-0.854236	0.518401	-0.039252	-0.248133	-0.340204	0.907023
27342	4.354529	-0.379629	9.293757	-0.004510	0.007105	0.003954	0.456977	0.784500	0.419203	-0.854141	0.518552	-0.039316	-0.248222	-0.340092	0.907041
27343	4.323480	-0.385270	9.322822	-0.006932	0.003693	0.006627	0.456946	0.784533	0.419176	-0.854136	0.518552	-0.039429	-0.248298	-0.340017	0.907048
27344	4.379854	-0.387778	9.341523	-0.002926	0.005713	0.004790	0.457032	0.784504	0.419136	-0.854078	0.518645	-0.039459	-0.248338	-0.339941	0.907066
27345	4.348863	-0.422627	9.303495	-0.004233	0.002466	0.001721	0.457039	0.784507	0.419122	-0.854058	0.518675	-0.039526	-0.248397	-0.339890	0.907069
27346	4.319356	-0.376790	9.301176	0.002270	0.003866	0.004370	0.457016	0.784508	0.419146	-0.854054	0.518676	-0.039578	-0.248450	-0.339886	0.907056
27347	4.321961	-0.386810	9.323463	-0.002255	0.003552	0.001976	0.457024	0.784516	0.419123	-0.854039	0.518697	-0.039629	-0.248487	-0.339836	0.907064
27348	4.349238	-0.372219	9.272620	0.000343	0.002628	0.001767	0.457109	0.784467	0.419121	-0.853983	0.518789	-0.039630	-0.248523	-0.339807	0.907065
27349	4.322918	-0.336114	9.292329	0.001482	-0.001089	0.005532	0.457075	0.784478	0.419138	-0.853994	0.518769	-0.039662	-0.248549	-0.339813	0.907056
27350	4.302744	-0.349538	9.289105	-0.003488	-0.003728	0.006067	0.457094	0.784432	0.419203	-0.853950	0.518836	-0.039733	-0.248666	-0.339816	0.907023
27351	4.397948	-0.457028	9.309225	-0.000890	-0.004652	0.005858	0.457049	0.784432	0.419252	-0.853956	0.518822	-0.039788	-0.248728	-0.339837	0.906998
27352	4.342975	-0.374868	9.326236	0.002773	-0.005260	0.002254	0.457021	0.784405	0.419333	-0.853963	0.518812	-0.039777	-0.248756	-0.339916	0.906961
27353	4.373802	-0.511514	9.315012	-0.004334	0.002768	0.006417	0.456989	0.784433	0.419315	-0.853963	0.518805	-0.039866	-0.248814	-0.339861	0.906965
27354	4.326735	-0.347515	9.314001	0.000344	0.002628	0.001767	0.456876	0.784482	0.419347	-0.854023	0.518703	-0.039898	-0.248816	-0.339904	0.906949
27355	4.285995	-0.373648	9.307761	0.002153	-0.003250	0.002719	0.456860	0.784471	0.419385	-0.854022	0.518703	-0.039912	-0.248846	-0.339930	0.906931
27356	4.353464	-0.383999	9.294076	-0.005810	-0.007442	0.004045	0.456831	0.784428	0.419498	-0.853995	0.518741	-0.040010	-0.248996	-0.339971	0.906874
27357	4.343947	-0.376068	9.325735	0.004306	-0.006502	0.005437	0.456784	0.784420	0.419564	-0.854012	0.518713	-0.040016	-0.249022	-0.340034	0.906843
27358	4.263120	-0.287036	9.295205	0.001589	-0.012693	0.003996	0.456821	0.784332	0.419688	-0.853971	0.518781	-0.039995	-0.249096	-0.340130	0.906787
27359	4.379636	-0.381217	9.317970	-0.000834	-0.016107	0.006668	0.456740	0.784298	0.419841	-0.853981	0.518761	-0.040053	-0.249210	-0.340242	0.906714
27360	4.407000	-0.387878	9.364837	0.007868	-0.006810	0.006527	0.456671	0.784291	0.419928	-0.854024	0.518693	-0.040003	-0.249188	-0.340360	0.906675
27361	4.350709	-0.415118	9.279009	0.005940	-0.008047	0.003924	0.456633	0.784269	0.420009	-0.854038	0.518671	-0.039988	-0.249208	-0.340444	0.906639
27362	4.333910	-0.437748	9.297760	0.002823	-0.005413	-0.000095	0.456700	0.784190	0.420084	-0.853987	0.518757	-0.039963	-0.249260	-0.340495	0.906605
27363	4.343297	-0.355158	9.279061	0.009157	-0.010984	0.003247	0.456661	0.784155	0.420191	-0.854006	0.518729	-0.039915	-0.249265	-0.340618	0.906557
27364	4.422852	-0.404488	9.353758	0.000125	-0.004187	0.004810	0.456662	0.784124	0.420248	-0.853993	0.518750	-0.039924	-0.249309	-0.340658	0.906530
27365	4.399652	-0.407884	9.328451	-0.000099	0.000301	0.004695	0.456639	0.784135	0.420253	-0.853996	0.518742	-0.039967	-0.249342	-0.340644	0.906526
27366	4.358732	-0.434273	9.322315	-0.000719	0.002312	0.005160	0.456649	0.784121	0.420270	-0.853973	0.518776	-0.040016	-0.249403	-0.340626	0.906516
27367	4.365927	-0.403232	9.335294	0.002498	-0.000624	0.004484	0.456625	0.784127	0.420283	-0.853981	0.518761	-0.040034	-0.249418	-0.340634	0.906509
27368	4.339217	-0.396514	9.288123	0.002049	0.008353	0.004253	0.456667	0.784129	0.420234	-0.853962	0.518793	-0.040035	-0.249407	-0.340581	0.906532
27369	4.283505	-0.314319	9.305529	0.001434	-0.000941	0.007878	0.456614	0.784152	0.420249	-0.853983	0.518755	-0.040077	-0.249432	-0.340586	0.906524
27370	4.260695	-0.317671	9.280046	0.000004	-0.011305	0.003159	0.456578	0.784096	0.420392	-0.853971	0.518772	-0.040112	-0.249539	-0.340688	0.906455
27371	4.272183	-0.326086	9.247439	0.002281	-0.018748	0.010686	0.456457	0.784073	0.420568	-0.854007	0.518710	-0.040158	-0.249639	-0.340837	0.906372
27372	4.127954	-0.288222	9.283036	-0.002139	-0.041976	0.009915	0.456381	0.783910	0.420952	-0.853976	0.518757	-0.040196	-0.249882	-0.341138	0.906192
27373	4.439695	-0.325466	9.331376	-0.019127	-0.050686	0.015964	0.456135	0.783805	0.421415	-0.853982	0.518726	-0.040458	-0.250310	-0.341426	0.905965
27374	4.507939	-0.469169	9.311264	-0.013984	-0.041090	0.014724	0.455906	0.783722	0.421818	-0.854005	0.518674	-0.040658	-0.250650	-0.341698	0.905769
27375	4.387414	-0.429410	9.371996	-0.009682	-0.024982	0.013843	0.455741	0.783694	0.422048	-0.854025	0.518627	-0.040825	-0.250880	-0.341834	0.905654
27376	4.541044	-0.569456	9.342184	-0.010600	-0.025753	0.010193	0.455715	0.783566	0.422313	-0.853948	0.518742	-0.040991	-0.251190	-0.341953	0.905523
27377	4.476918	-0.509331	9.323760	-0.003782	-0.006516	0.001951	0.455699	0.783539	0.422381	-0.853929	0.518768	-0.041055	-0.251286	-0.341975	0.905488
27378	4.404455	-0.479465	9.292937	0.004752	-0.004186	0.002498	0.455638	0.783528	0.422466	-0.853955	0.518725	-0.041048	-0.251306	-0.342064	0.905449
27379	4.219283	-0.365124	9.261459	-0.000794	0.006357	-0.001991	0.455687	0.783525	0.422419	-0.853926	0.518772	-0.041068	-0.251317	-0.342000	0.905470
27380	3.732424	-0.175496	9.170268	-0.030342	-0.036768	0.005306	0.455606	0.783374	0.422786	-0.853825	0.518913	-0.041381	-0.251806	-0.342132	0.905284
27381	4.494771	-0.226400	9.582732	-0.085064	-0.118483	0.012839	0.455213	0.783021	0.423863	-0.853650	0.519133	-0.042227	-0.253106	-0.342608	0.904742
27382	4.289143	-0.314497	9.195467	-0.137991	-0.081725	0.021380	0.455001	0.782746	0.424597	-0.853284	0.519624	-0.043544	-0.254715	-0.342489	0.904335
27383	4.563487	-0.359689	9.301749	-0.107178	-0.072920	0.022247	0.454641	0.782597	0.425256	-0.853093	0.519847	-0.044630	-0.255995	-0.342493	0.903972
27384	4.534862	-0.466706	9.366900	-0.085724	-0.086389	0.020208	0.454314	0.782340	0.426080	-0.852898	0.520088	-0.045537	-0.257224	-0.342715	0.903539
27385	4.567815	-0.630749	9.262072	-0.075569	-0.051598	0.021435	0.454014	0.782259	0.426546	-0.852782	0.520209	-0.046332	-0.258137	-0.342715	0.903278
27386	4.548941	-0.469795	9.284917	-0.050267	-0.036059	0.008878	0.454109	0.782034	0.426858	-0.852529	0.520581	-0.046786	-0.258803	-0.342662	0.903108
27387	4.569248	-0.734006	9.297803	-0.037883	-0.031174	0.010017	0.453960	0.781964	0.427144	-0.852458	0.520662	-0.047193	-0.259301	-0.342699	0.902951
27388	4.441226	-0.563154	9.231768	-0.018331	-0.011933	-0.001649	0.453820	0.781948	0.427324	-0.852454	0.520648	-0.047408	-0.259556	-0.342759	0.902855
27389	4.485164	-0.458541	9.273457	-0.014702	-0.012437	0.004012	0.453770	0.781911	0.427444	-0.852415	0.520696	-0.047580	-0.259772	-0.342770	0.902789
27390	4.421888	-0.489212	9.241676	-0.017941	-0.013190	0.004993	0.453838	0.781793	0.427586	-0.852287	0.520888	-0.047772	-0.260072	-0.342746	0.902711
27391	4.300261	-0.450860	9.304132	-0.038065	-0.019250	0.009361	0.453725	0.781761	0.427766	-0.852211	0.520975	-0.048177	-0.260518	-0.342688	0.902605
27392	4.413843	-0.448985	9.316657	-0.037383	-0.040407	0.010126	0.453605	0.781624	0.428144	-0.852112	0.521103	-0.048545	-0.261051	-0.342806	0.902406
27393	4.505883	-0.398565	9.272773	-0.029197	-0.036909	0.013256	0.453412	0.781551	0.428481	-0.852077	0.521129	-0.048887	-0.261501	-0.342932	0.902228
27394	4.497314	-0.474063	9.266790	-0.029817	-0.034888	0.013734	0.453208	0.781474	0.428836	-0.852040	0.521156	-0.049246	-0.261975	-0.343067	0.902039
27395	4.496566	-0.467264	9.243445	-0.027970	-0.018216	0.013063	0.453066	0.781465	0.429004	-0.852006	0.521179	-0.049576	-0.262330	-0.343053	0.901941
27396	4.496969	-0.379750	9.256985	-0.014894	-0.015551	0.018304	0.452946	0.781450	0.429158	-0.851996	0.521176	-0.049783	-0.262570	-0.343091	0.901857
27397	4.397789	-0.508100	9.294091	-0.016181	-0.011356	0.014676	0.452808	0.781472	0.429263	-0.852000	0.521147	-0.050014	-0.262793	-0.343086	0.901794
27398	4.515373	-0.411668	9.267582	-0.004900	-0.014212	0.012821	0.452778	0.781418	0.429393	-0.851974	0.521183	-0.050087	-0.262931	-0.343153	0.901728
27399	4.461124	-0.591261	9.220409	-0.012151	-0.001813	0.014627	0.452666	0.781472	0.429412	-0.851988	0.521141	-0.050280	-0.263077	-0.343094	0.901708
27400	4.419668	-0.528093	9.228496	0.000967	-0.010701	0.011333	0.452573	0.781454	0.429544	-0.852006	0.521105	-0.050343	-0.263179	-0.343190	0.901641
27401	4.459086	-0.463917	9.279432	-0.006107	-0.006476	0.011193	0.452477	0.781474	0.429607	-0.852022	0.521068	-0.050468	-0.263294	-0.343199	0.901604
27402	4.411304	-0.521818	9.259864	-0.005219	-0.009402	0.008180	0.452385	0.781470	0.429712	-0.852042	0.521028	-0.050537	-0.263385	-0.343271	0.901551
27403	4.444367	-0.437158	9.266845	0.002923	-0.005760	0.006721	0.452330	0.781470	0.429771	-0.852061	0.520995	-0.050560	-0.263420	-0.343321	0.901521
27404	4.338099	-0.543479	9.260375	-0.004171	-0.005247	0.009169	0.452272	0.781457	0.429856	-0.852053	0.520998	-0.050663	-0.263545	-0.343346	0.901475
27405	4.379206	-0.449735	9.378313	0.011704	-0.026978	0.008592	0.452144	0.781393	0.430105	-0.852103	0.520920	-0.050616	-0.263601	-0.343608	0.901359
27406	4.528550	-0.465952	9.240245	-0.003870	-0.029011	0.010447	0.451908	0.781367	0.430401	-0.852178	0.520790	-0.050702	-0.263766	-0.343866	0.901213
27407	4.477261	-0.474590	9.243092	-0.001875	-0.027952	0.013008	0.451740	0.781323	0.430657	-0.852212	0.520725	-0.050796	-0.263942	-0.344064	0.901085
27408	4.467446	-0.547636	9.237707	-0.006653	-0.019877	0.010314	0.451658	0.781257	0.430864	-0.852193	0.520745	-0.050913	-0.264146	-0.344184	0.900980
27409	4.392239	-0.559538	9.215703	-0.010086	-0.031410	0.009884	0.451507	0.781184	0.431152	-0.852191	0.520733	-0.051067	-0.264408	-0.344367	0.900833
27410	4.316763	-0.644934	9.322201	-0.006095	-0.044541	0.009054	0.451269	0.781073	0.431603	-0.852224	0.520666	-0.051197	-0.264710	-0.344718	0.900610
27411	4.420609	-0.548566	9.214795	-0.006000	-0.052523	0.002518	0.451125	0.780890	0.432085	-0.852200	0.520697	-0.051283	-0.265032	-0.345088	0.900374
27412	4.415160	-0.591983	9.275196	0.002464	-0.065200	-0.002849	0.451074	0.780588	0.432684	-0.852132	0.520813	-0.051229	-0.265336	-0.345596	0.900089
27413	4.385100	-0.457517	9.339256	-0.002182	-0.068982	-0.004902	0.450949	0.780308	0.433318	-0.852085	0.520889	-0.051248	-0.265700	-0.346113	0.899783
27414	4.423335	-0.401725	9.275870	-0.010454	-0.079825	-0.002846	0.450832	0.779962	0.434062	-0.851991	0.521034	-0.051332	-0.266198	-0.346674	0.899419
27415	4.231814	-0.603664	9.317622	-0.015922	-0.092355	-0.005833	0.450653	0.779595	0.434906	-0.851903	0.521164	-0.051471	-0.266784	-0.347302	0.899004
27416	4.413797	-0.469752	9.349155	-0.006967	-0.129589	-0.012488	0.450493	0.779018	0.436104	-0.851766	0.521386	-0.051489	-0.267489	-0.348263	0.898422
27417	4.641894	-0.365379	9.196420	-0.015330	-0.128686	-0.006472	0.450220	0.778520	0.437273	-0.851676	0.521520	-0.051620	-0.268234	-0.349175	0.897846
27418	4.646316	-0.488086	9.163026	-0.021539	-0.115820	-0.001062	0.449871	0.778114	0.438356	-0.851632	0.521572	-0.051825	-0.268959	-0.350003	0.897306
27419	4.664562	-0.548813	9.156562	-0.013447	-0.096785	-0.001185	0.449637	0.777753	0.439235	-0.851571	0.521658	-0.051961	-0.269543	-0.350676	0.896868
27420	4.765960	-0.544666	9.085965	-0.005099	-0.082386	-0.001262	0.449499	0.777399	0.440001	-0.851494	0.521779	-0.052009	-0.270015	-0.351281	0.896490
27421	4.672499	-0.619924	9.090914	-0.005708	-0.042292	-0.003192	0.449429	0.777218	0.440393	-0.851445	0.521854	-0.052067	-0.270288	-0.351570	0.896294
27422	4.720791	-0.552827	9.086125	0.003389	-0.022722	-0.004334	0.449372	0.777109	0.440644	-0.851441	0.521863	-0.052039	-0.270396	-0.351797	0.896172
27423	4.742155	-0.538938	9.088528	0.011301	0.004532	-0.007090	0.449461	0.777072	0.440618	-0.851420	0.521908	-0.051927	-0.270313	-0.351811	0.896192
27424	4.644307	-0.532274	9.133794	0.014284	0.025221	-0.006764	0.449761	0.777024	0.440396	-0.851318	0.522092	-0.051743	-0.270133	-0.351645	0.896311
27425	4.615939	-0.494332	9.155892	0.018003	0.035792	-0.008879	0.449951	0.777087	0.440090	-0.851307	0.522128	-0.051563	-0.269853	-0.351451	0.896472
27426	4.554983	-0.490085	9.140610	0.016912	0.047014	-0.008492	0.450125	0.777203	0.439708	-0.851324	0.522119	-0.051376	-0.269510	-0.351209	0.896670
27427	4.662697	-0.362917	9.237202	0.032178	0.042576	-0.002723	0.450280	0.777322	0.439339	-0.851378	0.522057	-0.051096	-0.269078	-0.351036	0.896867
27428	4.713073	-0.390574	9.190030	0.044514	0.070716	0.006252	0.450500	0.777536	0.438734	-0.851459	0.521961	-0.050740	-0.268454	-0.350706	0.897183
27429	4.619238	-0.479465	9.191666	0.051742	0.092657	0.009135	0.450688	0.777893	0.437908	-0.851619	0.521739	-0.050336	-0.267630	-0.350245	0.897609
27430	4.252353	-0.410715	9.388520	0.037279	0.086841	0.005501	0.450847	0.778220	0.437163	-0.851753	0.521549	-0.050027	-0.266933	-0.349800	0.897990
27431	4.637572	-0.358219	9.274061	0.045833	0.070190	0.011875	0.450950	0.778511	0.436537	-0.851909	0.521327	-0.049687	-0.266261	-0.349483	0.898313
27432	4.385335	-0.652073	9.259598	0.032410	0.061087	0.014392	0.450956	0.778794	0.436026	-0.852069	0.521086	-0.049476	-0.265739	-0.349213	0.898573
27433	4.424720	-0.493256	9.273171	0.012280	0.047276	0.007728	0.451033	0.778983	0.435608	-0.852117	0.521013	-0.049420	-0.265455	-0.348899	0.898779
27434	4.501342	-0.469814	9.219390	0.010228	0.038831	0.010350	0.451082	0.779120	0.435312	-0.852140	0.520974	-0.049427	-0.265296	-0.348651	0.898922
27435	4.354603	-0.582335	9.299135	0.004284	0.035505	0.007271	0.451131	0.779266	0.435000	-0.852165	0.520933	-0.049441	-0.265133	-0.348387	0.899072
27436	4.425484	-0.471095	9.313113	0.005558	0.019811	0.002374	0.451169	0.779326	0.434853	-0.852179	0.520912	-0.049405	-0.265023	-0.348283	0.899145
27437	4.545979	-0.512344	9.249964	0.003038	0.024297	0.002295	0.451231	0.779407	0.434644	-0.852178	0.520914	-0.049408	-0.264921	-0.348100	0.899246
27438	4.519288	-0.424450	9.240361	0.011065	0.020700	0.001405	0.451280	0.779457	0.434504	-0.852192	0.520898	-0.049345	-0.264794	-0.348012	0.899317
27439	4.537399	-0.410839	9.244452	0.005756	0.030593	0.003777	0.451346	0.779567	0.434238	-0.852204	0.520879	-0.049330	-0.264641	-0.347794	0.899447
27440	4.521217	-0.511731	9.174611	0.006181	0.033050	0.007826	0.451455	0.779653	0.433969	-0.852185	0.520911	-0.049327	-0.264517	-0.347553	0.899576
27441	4.452267	-0.471805	9.258004	0.014406	0.040235	0.008343	0.451508	0.779820	0.433614	-0.852241	0.520826	-0.049254	-0.264247	-0.347305	0.899752
27442	4.410877	-0.506876	9.275978	0.013075	0.037015	0.009893	0.451577	0.779955	0.433299	-0.852279	0.520770	-0.049175	-0.264004	-0.347086	0.899907
27443	4.343504	-0.534515	9.246541	0.020542	0.020019	0.008147	0.451578	0.780051	0.433126	-0.852351	0.520666	-0.049046	-0.263773	-0.347027	0.899998
27444	4.333782	-0.495676	9.346550	0.022861	0.004752	0.006831	0.451629	0.780038	0.433096	-0.852376	0.520641	-0.048861	-0.263601	-0.347094	0.900023
27445	4.568304	-0.479140	9.265347	0.015960	0.000801	0.004761	0.451608	0.780049	0.433097	-0.852420	0.520579	-0.048758	-0.263495	-0.347161	0.900027
27446	4.586920	-0.493521	9.201523	0.025535	0.014918	0.001135	0.451753	0.780025	0.432990	-0.852406	0.520622	-0.048550	-0.263294	-0.347150	0.900090
27447	4.476631	-0.438192	9.323357	0.032095	0.019963	0.001149	0.451813	0.780084	0.432820	-0.852476	0.520532	-0.048287	-0.262965	-0.347152	0.900186
27448	4.807725	-0.344769	9.236242	0.054641	0.044782	0.009253	0.452000	0.780196	0.432423	-0.852563	0.520432	-0.047825	-0.262360	-0.347051	0.900401
27449	4.597680	-0.468100	9.209948	0.087672	0.065414	0.009385	0.452109	0.780456	0.431841	-0.852815	0.520085	-0.047097	-0.261351	-0.346988	0.900719
27450	4.452064	-0.530794	9.282303	0.106446	0.072000	0.003925	0.452235	0.780714	0.431242	-0.853110	0.519683	-0.046187	-0.260168	-0.347009	0.901053
27451	4.485030	-0.547302	9.323048	0.085772	0.071577	0.010794	0.452346	0.781002	0.430603	-0.853361	0.519332	-0.045482	-0.259147	-0.346886	0.901395
27452	4.511273	-0.775895	9.323830	0.092939	0.089657	-0.004654	0.452690	0.781238	0.429812	-0.853534	0.519124	-0.044608	-0.257975	-0.346666	0.901816
27453	4.296427	-0.372763	9.237532	0.085749	0.071387	-0.010087	0.452977	0.781417	0.429184	-0.853690	0.518936	-0.043812	-0.256954	-0.346544	0.902154
27454	4.339272	-0.398975	9.246023	0.057907	0.071720	-0.009971	0.453290	0.781572	0.428571	-0.853756	0.518873	-0.043253	-0.256179	-0.346289	0.902472
27455	4.310731	-0.367167	9.290914	0.049558	0.053562	-0.007262	0.453507	0.781704	0.428101	-0.853831	0.518789	-0.042796	-0.255548	-0.346118	0.902717
27456	4.323191	-0.249822	9.287288	0.036053	0.033399	-0.001536	0.453656	0.781763	0.427835	-0.853870	0.518749	-0.042482	-0.255150	-0.346043	0.902858
27457	4.674107	-0.559907	9.423271	0.032381	0.026467	-0.001988	0.453759	0.781828	0.427607	-0.853924	0.518683	-0.042202	-0.254787	-0.345995	0.902979
27458	4.699970	-0.529700	9.298677	0.058474	0.085000	-0.000007	0.454035	0.782056	0.426896	-0.854005	0.518588	-0.041737	-0.254025	-0.345621	0.903337
27459	4.798748	-0.499692	9.460963	0.068692	0.104508	-0.004761	0.454358	0.782376	0.425965	-0.854137	0.518419	-0.041118	-0.252998	-0.345151	0.903805
27460	4.788464	-0.561548	9.355808	0.082393	0.154287	-0.006011	0.454933	0.782797	0.424576	-0.854236	0.518319	-0.040318	-0.251627	-0.344346	0.904494
27461	4.310478	-0.195083	9.181141	0.091787	0.180195	-0.005872	0.455453	0.783370	0.422959	-0.854420	0.518080	-0.039484	-0.250057	-0.343402	0.905288
27462	4.276891	-0.320970	9.293157	0.082840	0.163929	-0.002741	0.455820	0.783923	0.421537	-0.854633	0.517783	-0.038770	-0.248658	-0.342587	0.905982
27463	4.146343	-0.530769	9.246220	0.084156	0.148143	-0.005246	0.456250	0.784386	0.420207	-0.854798	0.517567	-0.038007	-0.247298	-0.341852	0.906632
27464	4.153346	-0.278199	9.249902	0.082928	0.133176	-0.009860	0.456740	0.784732	0.419028	-0.854902	0.517454	-0.037216	-0.246032	-0.341230	0.907210
27465	4.137725	-0.312001	9.264544	0.063308	0.106592	-0.009065	0.457098	0.785032	0.418075	-0.854996	0.517340	-0.036624	-0.245038	-0.340711	0.907674
27466	3.833234	-0.368474	9.171578	0.056186	0.084479	-0.007202	0.457496	0.785196	0.417331	-0.855011	0.517353	-0.036088	-0.244243	-0.340312	0.908038
27467	4.046034	-0.191467	9.328553	0.050441	0.012540	-0.005068	0.457588	0.785196	0.417229	-0.855091	0.517252	-0.035630	-0.243789	-0.340465	0.908102
27468	4.326163	-0.247448	9.267301	0.039353	0.007190	0.001760	0.457639	0.785188	0.417189	-0.855157	0.517167	-0.035284	-0.243461	-0.340615	0.908134
27469	4.346661	-0.291986	9.324926	0.024680	0.013598	0.006621	0.457634	0.785252	0.417074	-0.855228	0.517062	-0.035109	-0.243223	-0.340627	0.908194
27470	4.752562	-0.594618	9.650980	0.018334	0.007921	0.006470	0.457562	0.785305	0.417053	-0.855305	0.516941	-0.035010	-0.243086	-0.340688	0.908208
27471	4.932853	-0.514720	9.449866	0.041987	0.111918	0.000024	0.457852	0.785669	0.416048	-0.855387	0.516829	-0.034651	-0.242249	-0.340017	0.908682
27472	4.088623	-0.166634	9.279664	0.053803	0.110999	-0.002468	0.458222	0.785965	0.415081	-0.855436	0.516779	-0.034185	-0.241373	-0.339410	0.909142
27473	4.186417	-0.257379	9.363134	0.044289	0.085410	-0.000209	0.458448	0.786237	0.414315	-0.855522	0.516661	-0.033803	-0.240638	-0.338959	0.909506
27474	4.225523	-0.307535	9.284137	0.033712	0.082204	0.001315	0.458536	0.786545	0.413633	-0.855648	0.516469	-0.033557	-0.240023	-0.338537	0.909825
27475	4.209675	-0.245625	9.287466	0.026347	0.076058	0.002195	0.458717	0.786797	0.412951	-0.855702	0.516393	-0.033348	-0.239484	-0.338066	0.910142
27476	4.164281	-0.420411	9.325747	0.016251	0.063782	0.001688	0.458831	0.787017	0.412405	-0.855756	0.516312	-0.033217	-0.239072	-0.337677	0.910395
27477	4.321537	-0.485976	9.306504	0.019590	0.060496	-0.003651	0.459025	0.787186	0.411867	-0.855767	0.516305	-0.033046	-0.238662	-0.337293	0.910645
27478	4.169411	-0.303427	9.324416	0.020739	0.060611	-0.009394	0.459348	0.787272	0.411342	-0.855702	0.516426	-0.032825	-0.238271	-0.336908	0.910890
27479	4.253986	-0.308075	9.339936	0.023402	0.059489	-0.011942	0.459610	0.787394	0.410815	-0.855683	0.516473	-0.032585	-0.237832	-0.336552	0.911136
27480	4.104945	-0.306069	9.332314	0.019034	0.047494	-0.018117	0.459839	0.787469	0.410414	-0.855668	0.516514	-0.032331	-0.237445	-0.336311	0.911326
27481	4.613925	-0.479679	9.572060	0.032541	0.056279	-0.025303	0.460207	0.787511	0.409921	-0.855609	0.516635	-0.031953	-0.236942	-0.336027	0.911561
27482	4.264457	-0.394412	9.383156	0.038576	0.089249	-0.024845	0.460691	0.787627	0.409154	-0.855533	0.516787	-0.031527	-0.236277	-0.335521	0.911920
27483	4.050982	-0.197720	9.359610	0.045437	0.074400	-0.025807	0.461105	0.787727	0.408495	-0.855502	0.516869	-0.031029	-0.235580	-0.335161	0.912233
27484	4.438840	-0.255482	9.530052	0.046368	0.052414	-0.020313	0.461348	0.787808	0.408065	-0.855541	0.516834	-0.030543	-0.234964	-0.335025	0.912442
27485	4.493792	-0.211257	9.355874	0.058238	0.104006	-0.024939	0.461824	0.788011	0.407134	-0.855543	0.516866	-0.029932	-0.234021	-0.334497	0.912878
27486	3.884392	0.079594	9.230391	0.055602	0.089731	-0.014296	0.462117	0.788237	0.406362	-0.855619	0.516772	-0.029390	-0.233162	-0.334110	0.913239
27487	4.202191	-0.360639	9.353005	0.046704	0.062307	-0.012372	0.462386	0.788365	0.405808	-0.855651	0.516744	-0.028935	-0.232510	-0.333851	0.913500
27488	4.226891	-0.349962	9.327749	0.076280	0.075037	-0.017395	0.462748	0.788494	0.405144	-0.855722	0.516669	-0.028156	-0.231527	-0.333661	0.913819
27489	4.159052	-0.210344	9.367464	0.065645	0.060690	-0.012589	0.463014	0.788615	0.404604	-0.855796	0.516581	-0.027527	-0.230719	-0.333513	0.914078
27490	4.099973	-0.444459	9.381084	0.035622	0.068138	-0.008929	0.463284	0.788754	0.404023	-0.855800	0.516591	-0.027189	-0.230160	-0.333166	0.914345
27491	4.163131	-0.429242	9.460573	0.049078	0.047118	-0.015732	0.463545	0.788814	0.403607	-0.855821	0.516583	-0.026699	-0.229557	-0.333039	0.914543
27492	4.157815	-0.305206	9.353717	0.032307	0.052648	-0.008919	0.463733	0.788931	0.403162	-0.855851	0.516549	-0.026381	-0.229066	-0.332812	0.914748
27493	4.238158	-0.179138	9.425598	0.013491	0.042037	0.008180	0.463777	0.789097	0.402786	-0.855900	0.516471	-0.026313	-0.228790	-0.332542	0.914916
27494	4.188796	-0.045711	9.355913	-0.006655	0.050857	0.020288	0.463705	0.789358	0.402358	-0.855975	0.516338	-0.026482	-0.228656	-0.332129	0.915099
27495	4.075048	-0.225884	9.294261	-0.022365	0.034198	0.028014	0.463562	0.789599	0.402049	-0.856035	0.516222	-0.026821	-0.228724	-0.331735	0.915225
27496	4.117758	-0.281455	9.401467	-0.016469	0.030136	0.024876	0.463406	0.789817	0.401801	-0.856110	0.516083	-0.027088	-0.228757	-0.331434	0.915326
27497	4.062591	-0.322026	9.338557	-0.005859	0.021918	0.024342	0.463266	0.789998	0.401605	-0.856190	0.515941	-0.027261	-0.228741	-0.331222	0.915407
27498	4.092146	-0.378599	9.365617	0.000963	0.015200	0.011411	0.463157	0.790119	0.401495	-0.856268	0.515809	-0.027309	-0.228672	-0.331139	0.915454
27499	3.910919	-0.305979	9.283532	-0.015028	0.007102	0.014077	0.463071	0.790198	0.401438	-0.856280	0.515779	-0.027525	-0.228803	-0.330997	0.915473
27500	4.100550	-0.441081	9.366143	-0.020290	-0.028069	0.008628	0.462957	0.790112	0.401740	-0.856241	0.515830	-0.027781	-0.229179	-0.331125	0.915332
27501	4.091484	-0.202726	9.388392	-0.014817	-0.023247	0.005128	0.462878	0.790044	0.401963	-0.856211	0.515869	-0.027959	-0.229449	-0.331223	0.915229
27502	4.215364	-0.207044	9.372875	-0.013776	-0.034127	0.005060	0.462663	0.790002	0.402293	-0.856262	0.515777	-0.028101	-0.229694	-0.331467	0.915079
27503	3.954448	-0.124750	9.408771	-0.001716	-0.035516	-0.004346	0.462637	0.789845	0.402631	-0.856218	0.515848	-0.028121	-0.229908	-0.331730	0.914930
27504	4.465430	-0.452632	9.558952	0.002666	-0.042296	-0.003482	0.462747	0.789561	0.403061	-0.856077	0.516084	-0.028116	-0.230212	-0.332040	0.914741
27505	4.136853	-0.349670	9.397134	0.016751	-0.020146	-0.016936	0.462864	0.789390	0.403261	-0.856017	0.516193	-0.027916	-0.230197	-0.332277	0.914659
27506	4.147285	-0.175606	9.388453	0.009031	-0.032756	-0.010554	0.462937	0.789176	0.403597	-0.855941	0.516325	-0.027810	-0.230335	-0.332581	0.914514
27507	4.097624	-0.213464	9.323223	-0.002329	-0.033541	-0.003920	0.462912	0.789027	0.403917	-0.855898	0.516395	-0.027838	-0.230545	-0.332825	0.914372
27508	3.964227	0.107949	9.260010	-0.006340	-0.062102	0.007074	0.462830	0.788778	0.404497	-0.855835	0.516494	-0.027920	-0.230943	-0.333261	0.914113
27509	4.271528	0.059512	9.390800	-0.031839	-0.084918	0.029498	0.462399	0.788630	0.405276	-0.855879	0.516399	-0.028352	-0.231643	-0.333758	0.913754
27510	4.237378	-0.285578	9.354667	-0.074323	-0.067195	0.042218	0.461818	0.788639	0.405922	-0.855928	0.516267	-0.029231	-0.232617	-0.333941	0.913440
27511	4.517291	-0.503649	9.577876	-0.047800	-0.067182	0.041288	0.461327	0.788611	0.406534	-0.855988	0.516133	-0.029857	-0.233371	-0.334215	0.913147
27512	4.126368	-0.407871	9.263375	-0.047636	-0.026276	0.037616	0.461066	0.788631	0.406791	-0.855963	0.516140	-0.030455	-0.233978	-0.334156	0.913014
27513	4.116449	-0.364410	9.337189	-0.036453	-0.066453	0.034597	0.460633	0.788571	0.407398	-0.856017	0.516020	-0.030950	-0.234632	-0.334483	0.912726
27514	4.165523	-0.615824	9.304725	-0.059779	-0.035439	0.032022	0.460339	0.788557	0.407758	-0.855966	0.516062	-0.031661	-0.235395	-0.334452	0.912541
27515	3.990417	-0.234139	9.248579	-0.029280	-0.059403	0.020041	0.460046	0.788444	0.408306	-0.855969	0.516033	-0.032031	-0.235954	-0.334761	0.912283
27516	3.902983	-0.071249	9.167970	-0.049419	-0.087964	0.023912	0.459555	0.788301	0.409135	-0.856003	0.515943	-0.032601	-0.236789	-0.335239	0.911891
27517	3.780800	-0.267467	9.097372	-0.063136	-0.111102	0.025565	0.459090	0.788043	0.410151	-0.855950	0.515984	-0.033302	-0.237875	-0.335780	0.911409
27518	3.847018	-0.033249	9.269202	-0.036720	-0.175067	0.027631	0.458450	0.787551	0.411810	-0.855950	0.515951	-0.033821	-0.239109	-0.336984	0.910642
27519	4.280871	-0.270831	9.219059	-0.039577	-0.188448	0.024574	0.457806	0.787024	0.413529	-0.855948	0.515923	-0.034304	-0.240347	-0.338255	0.909845
27520	3.421647	-0.288836	9.283859	-0.048605	-0.207987	0.014322	0.457275	0.786322	0.415448	-0.855825	0.516092	-0.034823	-0.241791	-0.339627	0.908950
27521	6.055202	-0.877360	10.466668	0.000750	-0.317401	0.019918	0.456353	0.785326	0.418335	-0.855898	0.515964	-0.034921	-0.243270	-0.342116	0.907621
27522	4.037786	-0.583809	8.990181	-0.013013	-0.029080	-0.019263	0.456424	0.785117	0.418650	-0.855777	0.516161	-0.034992	-0.243563	-0.342300	0.907473
27523	5.394530	-0.471413	9.803846	0.019221	-0.082151	-0.003410	0.456272	0.784801	0.419408	-0.855788	0.516153	-0.034824	-0.243809	-0.343035	0.907130
27524	4.721987	-0.295070	9.293376	0.000857	0.000924	0.005977	0.456192	0.784831	0.419440	-0.855822	0.516093	-0.034872	-0.243839	-0.343058	0.907113
27525	4.247313	-0.172142	9.407171	-0.023072	0.007460	0.015456	0.456096	0.784919	0.419379	-0.855816	0.516083	-0.035167	-0.244038	-0.342872	0.907130
27526	4.516381	-0.398589	9.330031	-0.018340	0.003249	0.017982	0.456002	0.784979	0.419370	-0.855813	0.516072	-0.035418	-0.244227	-0.342751	0.907124
27527	4.236470	-0.319635	9.293597	-0.018349	0.014673	0.017089	0.455910	0.785100	0.419242	-0.855826	0.516032	-0.035677	-0.244353	-0.342533	0.907173
27528	4.209562	-0.285514	9.313071	-0.018394	0.003397	0.020319	0.455732	0.785207	0.419236	-0.855872	0.515937	-0.035944	-0.244523	-0.342431	0.907166
27529	4.280078	-0.429279	9.242892	-0.023010	-0.004135	0.013994	0.455620	0.785248	0.419280	-0.855860	0.515937	-0.036233	-0.244774	-0.342336	0.907134
27530	3.956714	-0.185114	9.202476	-0.011604	-0.018902	0.013010	0.455567	0.785165	0.419492	-0.855805	0.516015	-0.036425	-0.245063	-0.342410	0.907028
27531	4.172793	-0.318155	9.304876	-0.018300	-0.050051	0.012890	0.455353	0.785043	0.419953	-0.855799	0.516008	-0.036666	-0.245484	-0.342700	0.906805
27532	4.212402	-0.214830	9.209977	-0.015699	-0.062449	0.013558	0.455216	0.784800	0.420555	-0.855720	0.516122	-0.036892	-0.246011	-0.343084	0.906517
27533	4.251890	-0.303463	9.352871	-0.027438	-0.084636	0.015434	0.454894	0.784572	0.421329	-0.855703	0.516127	-0.037227	-0.246666	-0.343598	0.906144
27534	4.508641	-0.312055	9.261435	-0.027029	-0.082205	0.014818	0.454462	0.784403	0.422109	-0.855754	0.516017	-0.037566	-0.247282	-0.344150	0.905766
27535	4.456604	-0.363570	9.271350	-0.022964	-0.061394	0.018369	0.454172	0.784269	0.422670	-0.855761	0.515984	-0.037873	-0.247793	-0.344504	0.905492
27536	4.551038	-0.595878	9.452008	-0.022352	-0.063433	0.017901	0.453882	0.784110	0.423275	-0.855760	0.515963	-0.038174	-0.248327	-0.344895	0.905197
27537	4.658984	-0.633347	9.286981	-0.003036	-0.016708	0.013512	0.453744	0.784105	0.423433	-0.855793	0.515900	-0.038280	-0.248465	-0.345002	0.905118
27538	4.460725	-0.339416	9.386764	0.013293	-0.017307	0.013396	0.453562	0.784101	0.423635	-0.855882	0.515754	-0.038257	-0.248488	-0.345230	0.905025
27539	4.631844	-0.496855	9.295669	-0.003243	-0.000766	0.012510	0.453472	0.784146	0.423649	-0.855911	0.515698	-0.038360	-0.248555	-0.345211	0.905014
27540	4.351788	-0.415629	9.260766	-0.003246	0.022141	0.010779	0.453358	0.784291	0.423503	-0.855978	0.515578	-0.038486	-0.248533	-0.345061	0.905077
27541	4.198733	-0.417400	9.307477	-0.003855	0.012702	0.012099	0.453304	0.784380	0.423395	-0.856003	0.515529	-0.038594	-0.248544	-0.344933	0.905123
27542	4.282846	-0.405969	9.275045	0.003716	-0.004680	0.003558	0.453089	0.784458	0.423480	-0.856124	0.515327	-0.038612	-0.248520	-0.345057	0.905082
27543	4.046440	-0.357024	9.299408	0.026298	-0.006876	-0.000370	0.453094	0.784415	0.423555	-0.856167	0.515270	-0.038394	-0.248362	-0.345238	0.905056
27544	4.217202	-0.441404	9.319017	0.033918	-0.047328	-0.009522	0.452928	0.784254	0.424030	-0.856276	0.515112	-0.038082	-0.248289	-0.345839	0.904847
27545	4.376683	-0.215149	9.286687	0.033107	-0.052295	-0.008346	0.452887	0.784013	0.424519	-0.856301	0.515095	-0.037768	-0.248278	-0.346411	0.904631
27546	4.270622	-0.418359	9.343148	0.032499	-0.050296	-0.007900	0.452765	0.783807	0.425029	-0.856366	0.515006	-0.037486	-0.248274	-0.347008	0.904403
27547	4.678304	-0.218112	9.319960	0.037726	-0.067619	-0.002596	0.452638	0.783542	0.425653	-0.856428	0.514927	-0.037155	-0.248293	-0.347724	0.904123
27548	4.627673	-0.283279	9.188266	0.025427	-0.026915	0.006599	0.452485	0.783473	0.425944	-0.856521	0.514785	-0.036994	-0.248253	-0.348091	0.903993
27549	4.404368	-0.473454	9.374895	0.025965	-0.013425	0.007338	0.452406	0.783447	0.426075	-0.856599	0.514668	-0.036812	-0.248127	-0.348321	0.903939
27550	4.701096	-0.269228	9.262241	0.030804	-0.014176	0.009471	0.452316	0.783428	0.426205	-0.856704	0.514511	-0.036559	-0.247929	-0.348595	0.903888
27551	4.465711	-0.491915	9.249964	0.005600	0.019670	0.015966	0.452246	0.783562	0.426034	-0.856770	0.514398	-0.036598	-0.247828	-0.348462	0.903967
27552	4.407137	-0.368259	9.311599	0.020625	0.015718	0.008150	0.452197	0.783666	0.425894	-0.856873	0.514238	-0.036431	-0.247561	-0.348463	0.904039
27553	4.388046	-0.510794	9.252538	0.003196	0.016159	0.004795	0.452213	0.783730	0.425759	-0.856883	0.514221	-0.036444	-0.247496	-0.348345	0.904103
27554	4.357939	-0.464061	9.250257	0.008611	0.013496	0.001887	0.452346	0.783711	0.425652	-0.856836	0.514305	-0.036370	-0.247419	-0.348263	0.904156
27555	4.261795	-0.375375	9.328003	0.013992	0.010941	-0.005607	0.452439	0.783703	0.425568	-0.856825	0.514332	-0.036240	-0.247285	-0.348241	0.904201
27556	4.255543	-0.354248	9.283783	0.017613	-0.001063	-0.012924	0.452662	0.783542	0.425628	-0.856717	0.514524	-0.036058	-0.247249	-0.348321	0.904180
27557	4.128560	-0.379103	9.288038	0.033920	-0.028359	-0.015617	0.452744	0.783345	0.425902	-0.856711	0.514560	-0.035706	-0.247122	-0.348709	0.904064
27558	4.259440	-0.398293	9.313420	0.024331	-0.061540	-0.019626	0.452838	0.782975	0.426483	-0.856628	0.514719	-0.035402	-0.247238	-0.349306	0.903802
27559	4.348548	-0.202402	9.302680	0.027508	-0.064440	-0.017983	0.452851	0.782640	0.427084	-0.856594	0.514796	-0.035098	-0.247330	-0.349944	0.903530
27560	4.218217	-0.278014	9.390819	0.033042	-0.078981	-0.020118	0.452860	0.782205	0.427870	-0.856535	0.514915	-0.034775	-0.247519	-0.350738	0.903171
27561	4.550295	-0.260255	9.296144	0.020242	-0.116768	-0.011320	0.452685	0.781720	0.428941	-0.856514	0.514965	-0.034565	-0.247910	-0.351747	0.902671
27562	4.665245	-0.323851	9.248879	0.018119	-0.086862	-0.011520	0.452467	0.781401	0.429750	-0.856567	0.514890	-0.034363	-0.248126	-0.352562	0.902294
27563	4.725402	-0.334934	9.339942	0.004374	-0.064196	-0.004085	0.452361	0.781137	0.430343	-0.856539	0.514939	-0.034327	-0.248414	-0.353078	0.902012
27564	4.745482	-0.343010	9.252124	-0.007529	-0.009400	0.003671	0.452234	0.781141	0.430468	-0.856568	0.514884	-0.034445	-0.248547	-0.353148	0.901948
27565	4.424366	-0.519512	9.220334	-0.010345	0.018974	-0.002614	0.452322	0.781177	0.430310	-0.856510	0.514972	-0.034548	-0.248586	-0.352939	0.902020
27566	4.417636	-0.379725	9.255168	-0.003643	0.000510	-0.010251	0.452401	0.781107	0.430354	-0.856443	0.515082	-0.034572	-0.248672	-0.352933	0.901998
27567	4.402292	-0.442533	9.230288	-0.013330	0.002003	-0.014498	0.452549	0.781022	0.430354	-0.856325	0.515274	-0.034651	-0.248813	-0.352841	0.901995
27568	4.295835	-0.406831	9.206572	0.003398	0.003825	-0.019902	0.452685	0.780939	0.430361	-0.856258	0.515391	-0.034560	-0.248793	-0.352856	0.901995
27569	4.173136	-0.381675	9.367112	0.014788	-0.022529	-0.029333	0.452898	0.780691	0.430587	-0.856142	0.515599	-0.034321	-0.248804	-0.353100	0.901896
27570	4.285547	-0.222369	9.337546	0.027121	-0.055734	-0.029937	0.453114	0.780253	0.431154	-0.855987	0.515879	-0.033993	-0.248947	-0.353659	0.901638
27571	4.288803	-0.410742	9.386921	0.012564	-0.060956	-0.026457	0.453207	0.779883	0.431725	-0.855878	0.516073	-0.033787	-0.249151	-0.354192	0.901372
27572	4.196583	-0.483345	9.392252	-0.006494	-0.089711	-0.044402	0.453352	0.779325	0.432578	-0.855657	0.516447	-0.033674	-0.249647	-0.354872	0.900967
27573	4.435807	-0.329951	9.341207	-0.029002	-0.122141	-0.047024	0.453467	0.778631	0.433707	-0.855351	0.516948	-0.033753	-0.250485	-0.355666	0.900422
