// General information: 
//  MT Manager version: 2022.2.0 
//  XDA version: 2022.2.0 build 7381 rev 124627 built on 2023-07-19
// Device information: 
//  DeviceId: 00B4CAF0
//  ProductCode: MTW2-3A7G6
//  Firmware Version: 4.6.0
//  Hardware Version: 2.0.0
// Device settings: 
//  Filter Profile: human(46.1)
//  Option Flags: Orientation Smoother Disabled, Position/Velocity Smoother Disabled, Continuous Zero Rotation Update Disabled, AHS Disabled, ICC Disabled
// Coordinate system: ENU
PacketCounter	Acc_X	Acc_Y	Acc_Z	Gyr_X	Gyr_Y	Gyr_Z	Mat[1][1]	Mat[2][1]	Mat[3][1]	Mat[1][2]	Mat[2][2]	Mat[3][2]	Mat[1][3]	Mat[2][3]	Mat[3][3]
26266	4.462332	0.836897	9.275528	-0.053186	-0.044992	-0.004363	-0.185475	-0.882268	0.432668	0.982619	-0.169987	0.074599	0.007732	0.438984	0.898462
26267	4.292824	0.692440	9.179816	-0.069521	-0.052149	-0.001939	-0.185515	-0.882020	0.433157	0.982604	-0.170368	0.073923	0.008595	0.439336	0.898282
26268	4.595309	0.739471	9.258448	-0.074263	-0.060881	-0.001034	-0.185538	-0.881739	0.433718	0.982591	-0.170739	0.073229	0.009484	0.439755	0.898068
26269	4.559480	0.706564	9.231664	-0.062754	-0.041991	-0.005193	-0.185610	-0.881529	0.434114	0.982570	-0.171119	0.072628	0.010261	0.440028	0.897925
26270	4.558253	0.771356	9.188275	-0.037658	-0.044175	-0.006049	-0.185683	-0.881313	0.434521	0.982551	-0.171373	0.072285	0.010760	0.440361	0.897756
26271	4.594076	0.752031	9.270787	-0.043521	-0.033472	-0.004327	-0.185747	-0.881142	0.434841	0.982532	-0.171661	0.071853	0.011332	0.440592	0.897636
26272	4.682507	0.631619	9.207474	-0.029736	-0.020077	-0.006552	-0.185827	-0.881031	0.435032	0.982513	-0.171885	0.071584	0.011708	0.440726	0.897565
26273	4.788430	0.630385	9.322903	-0.006468	-0.000099	-0.004734	-0.185899	-0.881006	0.435052	0.982497	-0.172013	0.071486	0.011855	0.440727	0.897563
26274	4.833984	0.535652	9.301586	0.021550	0.035560	-0.014749	-0.186065	-0.881126	0.434737	0.982469	-0.172083	0.071713	0.011623	0.440459	0.897698
26275	4.522304	0.730722	9.216517	0.038727	0.048951	-0.017940	-0.186272	-0.881294	0.434308	0.982434	-0.172129	0.072079	0.011234	0.440105	0.897876
26276	4.473562	0.602110	9.217430	0.042968	0.055165	-0.019669	-0.186489	-0.881492	0.433813	0.982398	-0.172148	0.072518	0.010756	0.439701	0.898080
26277	4.328519	0.729878	9.196759	0.054418	0.044657	-0.022290	-0.186738	-0.881633	0.433419	0.982357	-0.172163	0.073044	0.010221	0.439412	0.898227
26278	4.307880	0.772198	9.161870	0.039169	0.032185	-0.016906	-0.186925	-0.881734	0.433133	0.982325	-0.172175	0.073438	0.009822	0.439204	0.898333
26279	4.361417	0.711655	9.235836	0.013730	0.015867	-0.013710	-0.187087	-0.881764	0.433003	0.982295	-0.172294	0.073561	0.009740	0.439099	0.898386
26280	4.496757	0.713161	9.205390	0.004251	0.013175	-0.012670	-0.187230	-0.881789	0.432890	0.982268	-0.172422	0.073623	0.009720	0.438998	0.898435
26281	4.508761	0.799918	9.188326	0.017314	0.014563	-0.012266	-0.187377	-0.881815	0.432773	0.982241	-0.172512	0.073772	0.009605	0.438911	0.898479
26282	4.458033	0.731053	9.223355	-0.020702	0.024262	-0.010749	-0.187503	-0.881892	0.432562	0.982215	-0.172732	0.073601	0.009810	0.438669	0.898595
26283	4.329853	0.714420	9.184374	0.001304	0.007298	-0.016513	-0.187691	-0.881878	0.432507	0.982179	-0.172929	0.073624	0.009865	0.438618	0.898619
26284	4.408493	0.715750	9.246560	0.004887	0.005998	-0.015068	-0.187857	-0.881868	0.432457	0.982147	-0.173076	0.073702	0.009852	0.438582	0.898637
26285	4.302103	0.774714	9.141938	0.001919	-0.010696	-0.013053	-0.188010	-0.881781	0.432567	0.982117	-0.173241	0.073717	0.009936	0.438691	0.898583
26286	4.426459	0.796689	9.204704	-0.010251	-0.016091	-0.012906	-0.188153	-0.881677	0.432717	0.982088	-0.173435	0.073649	0.010114	0.438823	0.898517
26287	4.445092	0.758886	9.240197	-0.014740	-0.021617	-0.009047	-0.188264	-0.881550	0.432927	0.982064	-0.173636	0.073496	0.010381	0.438999	0.898428
26288	4.499562	0.591805	9.259535	-0.038359	-0.016542	-0.006291	-0.188342	-0.881456	0.433086	0.982044	-0.173895	0.073148	0.010835	0.439086	0.898380
26289	4.513353	0.509656	9.253491	-0.018834	-0.022796	-0.011317	-0.188474	-0.881319	0.433305	0.982015	-0.174133	0.072968	0.011144	0.439265	0.898288
26290	4.672295	0.575289	9.310741	0.029311	-0.022244	-0.017057	-0.188657	-0.881181	0.433507	0.981982	-0.174190	0.073274	0.010945	0.439520	0.898166
26291	4.518598	0.851368	9.150054	0.067615	0.000650	-0.017177	-0.188851	-0.881137	0.433512	0.981951	-0.174101	0.073897	0.010362	0.439643	0.898113
26292	4.468096	0.734363	9.195854	0.039063	0.002193	-0.010831	-0.188975	-0.881117	0.433499	0.981931	-0.174060	0.074263	0.010020	0.439700	0.898089
26293	4.437259	0.803119	9.176530	0.057445	0.000630	-0.014284	-0.189140	-0.881078	0.433506	0.981904	-0.173990	0.074782	0.009537	0.439805	0.898043
26294	4.239522	0.823035	9.169648	0.030808	-0.000755	-0.010822	-0.189264	-0.881045	0.433519	0.981882	-0.173985	0.075074	0.009282	0.439874	0.898012
26295	4.117642	0.803882	9.105597	0.025157	-0.030979	-0.003815	-0.189323	-0.880886	0.433817	0.981872	-0.173965	0.075258	0.009175	0.440201	0.897852
26296	4.604378	0.808230	9.273387	0.013049	-0.046616	-0.002329	-0.189359	-0.880665	0.434249	0.981865	-0.173963	0.075354	0.009182	0.440643	0.897636
26297	4.494648	0.765571	9.214961	-0.001608	-0.026596	-0.002214	-0.189404	-0.880527	0.434509	0.981855	-0.174047	0.075290	0.009330	0.440885	0.897515
26298	4.508914	0.797732	9.207978	0.001531	-0.029786	-0.006132	-0.189479	-0.880374	0.434786	0.981840	-0.174130	0.075299	0.009418	0.441158	0.897380
26299	4.531903	0.754982	9.219450	-0.012684	-0.026472	-0.004948	-0.189551	-0.880232	0.435043	0.981823	-0.174287	0.075149	0.009674	0.441379	0.897268
26300	4.645270	0.749805	9.210154	0.000830	-0.016258	-0.010148	-0.189667	-0.880131	0.435196	0.981800	-0.174408	0.075169	0.009743	0.441532	0.897193
26301	4.090600	0.838936	9.085045	0.017162	-0.019928	-0.006732	-0.189755	-0.880015	0.435392	0.981784	-0.174447	0.075294	0.009693	0.441748	0.897087
26302	4.364091	0.671917	9.210636	0.014991	-0.068214	-0.009521	-0.189859	-0.879686	0.436011	0.981763	-0.174499	0.075439	0.009722	0.442383	0.896774
26303	4.476736	0.732759	9.234026	0.014427	-0.071294	-0.005803	-0.189933	-0.879344	0.436669	0.981748	-0.174542	0.075535	0.009796	0.443045	0.896446
26304	4.546770	0.554873	9.179841	0.050757	-0.083283	-0.007182	-0.190013	-0.878951	0.437425	0.981736	-0.174415	0.075990	0.009502	0.443874	0.896039
26305	4.493147	0.681735	9.214904	0.037515	-0.079525	-0.004885	-0.190078	-0.878573	0.438156	0.981724	-0.174348	0.076289	0.009366	0.444649	0.895656
26306	4.549330	0.642545	9.177172	0.034844	-0.078368	-0.000687	-0.190095	-0.878211	0.438872	0.981722	-0.174235	0.076573	0.009219	0.445406	0.895281
26307	4.622260	0.791702	9.173759	0.076969	-0.087570	0.004465	-0.190068	-0.877812	0.439681	0.981732	-0.173909	0.077184	0.008711	0.446320	0.894831
26308	4.607222	0.778730	9.246952	-0.015048	-0.047736	0.008937	-0.189994	-0.877603	0.440130	0.981744	-0.173933	0.076979	0.008996	0.446721	0.894628
26309	4.368473	0.722562	9.173750	-0.006703	-0.055082	0.010225	-0.189912	-0.877359	0.440653	0.981758	-0.173929	0.076816	0.009247	0.447203	0.894385
26310	4.655846	0.754140	9.201836	-0.019766	-0.056485	0.009878	-0.189827	-0.877112	0.441181	0.981771	-0.173966	0.076565	0.009594	0.447672	0.894146
26311	4.581658	0.804197	9.126482	-0.022147	-0.036770	0.011694	-0.189733	-0.876951	0.441541	0.981785	-0.174019	0.076258	0.009962	0.447967	0.893995
26312	4.211396	0.895742	9.204006	-0.040091	-0.052552	0.020835	-0.189541	-0.876741	0.442041	0.981817	-0.174051	0.075776	0.010502	0.448366	0.893788
26313	4.738175	0.822768	9.261781	-0.060452	-0.067879	0.032050	-0.189243	-0.876476	0.442694	0.981865	-0.174098	0.075037	0.011304	0.448866	0.893528
26314	4.694849	0.639763	9.217905	-0.056962	-0.048077	0.026280	-0.188997	-0.876294	0.443158	0.981904	-0.174159	0.074380	0.012001	0.449196	0.893353
26315	4.616895	0.634005	9.255724	-0.041401	-0.042695	0.025075	-0.188768	-0.876130	0.443580	0.981941	-0.174180	0.073842	0.012568	0.449509	0.893188
26316	4.647964	0.466113	9.219719	0.003631	-0.042326	0.013377	-0.188649	-0.875951	0.443983	0.981963	-0.174082	0.073784	0.012658	0.449894	0.892992
26317	4.459021	0.642953	9.176847	0.042415	-0.054244	0.005234	-0.188614	-0.875700	0.444493	0.981973	-0.173901	0.074082	0.012425	0.450453	0.892714
26318	4.408757	0.592791	9.179115	0.028613	-0.060745	-0.003399	-0.188658	-0.875409	0.445048	0.981966	-0.173838	0.074321	0.012304	0.451043	0.892417
26319	4.470593	0.761581	9.169964	0.041870	-0.083289	-0.010059	-0.188769	-0.874999	0.445805	0.981947	-0.173792	0.074682	0.012131	0.451855	0.892009
26320	4.478155	0.764499	9.166030	0.009766	-0.083726	-0.014567	-0.188920	-0.874584	0.446556	0.981916	-0.173911	0.074803	0.012239	0.452612	0.891623
26321	4.480596	0.665249	9.209767	0.007942	-0.098337	-0.025052	-0.189176	-0.874079	0.447436	0.981865	-0.174148	0.074929	0.012426	0.453496	0.891172
26322	4.489894	0.667471	9.205077	0.004554	-0.108958	-0.048392	-0.189655	-0.873488	0.448385	0.981770	-0.174586	0.075155	0.012634	0.454464	0.890675
26323	4.399897	0.819019	9.203339	-0.007272	-0.120676	-0.078602	-0.190436	-0.872785	0.449422	0.981613	-0.175363	0.075386	0.013016	0.455515	0.890133
26324	4.189661	0.991573	9.382816	-0.046323	-0.152029	-0.126264	-0.191672	-0.871858	0.450694	0.981362	-0.176711	0.075511	0.013808	0.456767	0.889479
26325	3.930523	0.386816	9.405211	-0.112855	-0.204233	-0.175609	-0.193385	-0.870596	0.452399	0.981002	-0.178809	0.075244	0.015386	0.458355	0.888636
26326	2.633594	0.289688	10.263727	-0.144671	-0.375178	-0.233386	-0.195629	-0.868439	0.455569	0.980520	-0.181540	0.074989	0.017581	0.461364	0.887036
26327	3.117307	0.309955	9.788646	-0.045552	-0.770704	-0.182102	-0.197297	-0.864509	0.462274	0.980147	-0.183388	0.075364	0.019623	0.467966	0.883529
26328	3.520471	1.050932	10.207309	0.075621	-0.988655	-0.105519	-0.198148	-0.859634	0.470921	0.979950	-0.183977	0.076493	0.020883	0.476635	0.878853
26329	3.956173	0.793345	10.133628	0.076697	-1.205200	-0.028792	-0.198192	-0.853759	0.481473	0.979903	-0.183913	0.077245	0.022601	0.487106	0.873050
26330	4.691744	1.903515	9.928973	0.454865	-1.478508	0.015875	-0.197731	-0.846474	0.494352	0.980029	-0.181569	0.081092	0.021117	0.500514	0.865471
26331	4.025148	0.956733	10.295570	0.273941	-1.721299	0.050774	-0.196885	-0.837807	0.509231	0.980182	-0.179809	0.083142	0.021907	0.515508	0.856604
26332	3.693264	0.710957	10.404906	0.464050	-2.122587	0.073080	-0.195725	-0.826785	0.527369	0.980422	-0.176803	0.086684	0.021571	0.534010	0.845203
26333	3.998417	1.227693	11.179215	0.331662	-2.532873	0.090981	-0.194284	-0.813135	0.548693	0.980668	-0.174309	0.088922	0.023336	0.555362	0.831281
26334	4.864107	1.608308	11.075735	0.158461	-2.866227	0.139789	-0.192204	-0.797110	0.572427	0.980973	-0.172325	0.089418	0.027368	0.578722	0.815066
26335	6.273079	3.092315	12.564940	-0.015423	-3.010924	0.243534	-0.188919	-0.779733	0.596931	0.981427	-0.170556	0.087819	0.033334	0.602435	0.797472
26336	7.209724	3.725131	13.413092	-0.823874	-2.945345	0.409769	-0.183731	-0.762362	0.620521	0.981854	-0.172488	0.078802	0.046957	0.623740	0.780220
26337	6.769508	3.264812	12.125518	-1.321377	-2.787594	0.509710	-0.177181	-0.745595	0.642414	0.982027	-0.177069	0.065338	0.065036	0.642445	0.763568
26338	7.808548	0.728830	9.579452	-1.530099	-2.659361	0.439602	-0.170889	-0.729063	0.662771	0.981640	-0.183830	0.050890	0.084735	0.659298	0.747091
26339	7.271521	0.095857	7.985631	-1.183671	-2.453994	0.353211	-0.165164	-0.713344	0.681074	0.981128	-0.189235	0.039727	0.100544	0.674782	0.731136
26340	6.581598	0.651184	7.990211	-0.974570	-2.230308	0.287526	-0.159969	-0.698674	0.697327	0.980543	-0.193892	0.030673	0.113776	0.688666	0.716097
26341	5.434381	0.792664	7.715404	-1.034105	-1.990534	0.217345	-0.155454	-0.685269	0.711506	0.979630	-0.199628	0.021769	0.127119	0.700396	0.702343
26342	2.980873	1.223095	8.063857	-0.952954	-1.644315	0.071394	-0.152583	-0.673804	0.722984	0.978463	-0.205905	0.014602	0.139027	0.709642	0.690710
26343	0.879168	2.695199	8.668058	-0.770626	-1.174626	-0.199404	-0.152857	-0.665010	0.731024	0.977039	-0.212789	0.010725	0.148421	0.715879	0.682267
26344	-1.079615	4.088027	9.188339	-0.736013	-0.650692	-0.577164	-0.157513	-0.659072	0.735401	0.975011	-0.221932	0.009937	0.156660	0.718589	0.677559
26345	-2.308071	5.830731	9.877757	-0.754866	-0.036854	-1.105941	-0.168234	-0.656284	0.735519	0.971988	-0.234677	0.012926	0.164126	0.717090	0.677381
26346	-2.337395	6.885032	10.493027	-0.933212	0.590811	-1.694214	-0.185672	-0.656359	0.731245	0.967410	-0.252503	0.018992	0.172176	0.710940	0.681850
26347	-0.054812	5.694836	10.957092	-0.982439	1.311531	-2.187606	-0.209091	-0.659862	0.721708	0.961354	-0.273875	0.028115	0.179106	0.699696	0.691626
26348	-0.651128	4.684191	10.481456	-1.072441	2.083954	-2.519062	-0.237021	-0.667047	0.706306	0.953771	-0.298046	0.038586	0.184773	0.682801	0.706854
26349	-0.388783	3.314373	9.585324	-1.086455	2.598323	-2.689420	-0.267428	-0.676179	0.686487	0.944947	-0.323454	0.049516	0.188566	0.661936	0.725454
26350	1.111056	2.770110	8.776104	-1.069062	3.003434	-2.719512	-0.298699	-0.686538	0.662906	0.935210	-0.348976	0.059979	0.190160	0.637872	0.746297
26351	2.315280	2.254106	8.401482	-1.030530	3.340809	-2.683912	-0.330022	-0.697720	0.635824	0.924805	-0.374025	0.069581	0.189266	0.610976	0.768691
26352	3.996811	2.288814	8.554441	-0.927230	3.597211	-2.644570	-0.361093	-0.708952	0.605805	0.913913	-0.398199	0.078744	0.185406	0.582086	0.791707
26353	6.208609	2.960887	9.053984	-0.847052	3.828683	-2.604123	-0.391739	-0.719996	0.572841	0.902555	-0.421640	0.087261	0.178705	0.551204	0.815008
26354	8.488781	3.639336	9.282381	-0.926961	4.029767	-2.535501	-0.421530	-0.730535	0.537243	0.890608	-0.445025	0.093647	0.170674	0.517948	0.838212
26355	10.492989	3.067140	8.454901	-1.157451	4.140630	-2.274252	-0.448578	-0.740883	0.499870	0.878770	-0.467577	0.095579	0.162914	0.482146	0.860810
26356	12.357035	0.926814	6.995799	-1.443034	4.075957	-1.717902	-0.470120	-0.751559	0.462759	0.868555	-0.487122	0.091245	0.156844	0.444828	0.881776
26357	24.918705	-3.667544	13.330152	-1.233722	3.675713	-0.852414	-0.483153	-0.763095	0.429242	0.862587	-0.498882	0.084026	0.150021	0.410856	0.899272
26358	20.879655	-3.499191	11.721482	-1.357347	3.981160	0.238908	-0.486929	-0.779887	0.393288	0.861746	-0.502392	0.070685	0.142459	0.373333	0.916694
26359	17.855851	-0.615519	-12.578974	-4.321033	-0.389334	2.376533	-0.465777	-0.790375	0.397945	0.866049	-0.499492	0.021609	0.181691	0.354705	0.917155
26360	36.306811	-25.499242	-16.434904	-1.775917	-0.139004	2.770323	-0.441404	-0.803491	0.399456	0.875229	-0.483675	-0.005756	0.197831	0.347074	0.916735
26361	21.475257	4.134060	11.790241	6.249739	0.768799	-0.884318	-0.450492	-0.802014	0.392213	0.881804	-0.468392	0.055043	0.139564	0.370651	0.918226
26362	-6.976892	11.652091	21.161791	-0.332166	0.879889	-0.225223	-0.453713	-0.804164	0.384012	0.880310	-0.471448	0.052828	0.138560	0.362018	0.921816
26363	-4.479398	-4.547057	3.094206	-1.831782	-0.101738	0.012276	-0.453473	-0.803833	0.384986	0.877653	-0.477954	0.035838	0.155198	0.354136	0.922226
26364	5.982141	-0.544312	10.965967	1.435979	-0.579701	0.005713	-0.452566	-0.801759	0.390343	0.879822	-0.472771	0.049006	0.145252	0.365610	0.919364
26365	4.590796	-1.404851	9.474777	-0.187797	-0.350449	-0.119471	-0.453120	-0.799884	0.393533	0.878982	-0.474463	0.047693	0.148568	0.367519	0.918073
26366	4.370292	0.991558	8.320450	0.552650	-0.396990	-0.079457	-0.453248	-0.798022	0.397149	0.879420	-0.473082	0.053042	0.145555	0.373303	0.916220
26367	4.428147	3.264850	9.629311	0.217948	-0.324777	-0.105496	-0.453721	-0.796280	0.400094	0.879236	-0.473153	0.055401	0.145191	0.376914	0.914798
26368	4.690997	1.528169	9.242621	0.048915	-0.275851	-0.128229	-0.454460	-0.794614	0.402560	0.878711	-0.474019	0.056331	0.146060	0.379334	0.913659
26369	4.542530	0.607298	9.701395	0.032811	-0.214941	-0.138775	-0.455381	-0.793113	0.404473	0.878106	-0.475043	0.057137	0.146826	0.381189	0.912763
26370	4.152610	0.696009	9.561135	0.088961	-0.227086	-0.119442	-0.456110	-0.791662	0.406491	0.877677	-0.475680	0.058400	0.147127	0.383405	0.911786
26371	5.245039	1.129175	9.787180	0.125696	-0.198860	-0.091209	-0.456635	-0.790439	0.408279	0.877424	-0.475965	0.059864	0.147008	0.385570	0.910892
26372	4.521568	0.744853	9.357783	-0.014697	-0.097339	-0.062233	-0.457050	-0.789751	0.409143	0.877104	-0.476545	0.059952	0.147628	0.386262	0.910498
26373	3.964093	0.158603	9.368705	-0.048069	-0.097860	-0.048855	-0.457351	-0.789114	0.410035	0.876787	-0.477163	0.059662	0.148574	0.386800	0.910116
26374	3.689085	0.052563	9.264990	-0.017641	-0.161250	-0.043070	-0.457501	-0.788269	0.411492	0.876549	-0.477602	0.059646	0.149512	0.387981	0.909460
26375	3.863896	0.511355	9.221263	0.041125	-0.220849	-0.032865	-0.457475	-0.787227	0.413509	0.876439	-0.477748	0.060102	0.150239	0.389910	0.908514
26376	4.221160	1.310534	9.269330	0.066038	-0.252198	-0.022380	-0.457305	-0.786119	0.415800	0.876421	-0.477697	0.060762	0.150860	0.392203	0.907424
26377	4.169931	1.628532	9.185133	0.001850	-0.234613	0.001509	-0.456953	-0.785179	0.417958	0.876409	-0.477724	0.060720	0.151992	0.394048	0.906435
26378	4.170758	1.559463	9.273541	-0.063223	-0.236965	0.029886	-0.456342	-0.784370	0.420138	0.876434	-0.477771	0.059990	0.153675	0.395599	0.905475
26379	4.240736	1.095314	9.238891	-0.130437	-0.234841	0.049812	-0.455558	-0.783653	0.422321	0.876437	-0.477943	0.058549	0.155963	0.396811	0.904553
26380	4.366186	0.954311	9.301272	-0.136290	-0.237637	0.064395	-0.454633	-0.783000	0.424522	0.876501	-0.478012	0.057013	0.158286	0.398014	0.903621
26381	4.716304	0.660662	9.429847	-0.140363	-0.225174	0.056405	-0.453795	-0.782348	0.426616	0.876512	-0.478175	0.055455	0.160612	0.399100	0.902731
26382	4.951927	0.356817	9.489758	-0.112338	-0.185304	0.038082	-0.453175	-0.781774	0.428325	0.876488	-0.478357	0.054247	0.162484	0.400005	0.901995
26383	4.807893	0.130285	9.412583	-0.083888	-0.147564	0.024574	-0.452734	-0.781276	0.429697	0.876441	-0.478547	0.053335	0.163961	0.400751	0.901396
26384	4.872647	0.328412	9.383689	-0.021929	-0.133398	0.006566	-0.452470	-0.780756	0.430918	0.876419	-0.478615	0.053078	0.164803	0.401681	0.900829
26385	4.887218	0.586501	9.346751	0.010331	-0.094521	-0.002026	-0.452348	-0.780341	0.431798	0.876405	-0.478635	0.053129	0.165214	0.402463	0.900404
26386	4.738521	0.700708	9.265624	0.020509	-0.054259	-0.000737	-0.452277	-0.780103	0.432301	0.876420	-0.478590	0.053286	0.165326	0.402977	0.900154
26387	4.825884	0.679979	9.277683	0.019092	-0.019952	-0.000036	-0.452260	-0.779997	0.432510	0.876430	-0.478559	0.053408	0.165323	0.403219	0.900046
26388	4.491816	0.841695	9.244101	0.017871	-0.000511	-0.004450	-0.452311	-0.779958	0.432528	0.876424	-0.478553	0.053557	0.165216	0.403302	0.900029
26389	4.332868	0.765981	9.221134	-0.000790	0.004085	0.005546	-0.452284	-0.779976	0.432524	0.876426	-0.478559	0.053476	0.165278	0.403261	0.900035
26390	4.363989	0.658962	9.204402	-0.011418	-0.004921	0.007476	-0.452224	-0.779976	0.432587	0.876425	-0.478578	0.053310	0.165447	0.403238	0.900015
26391	4.402936	0.465062	9.215915	-0.011483	-0.003382	0.000463	-0.452229	-0.779939	0.432647	0.876387	-0.478666	0.053155	0.165636	0.403205	0.899995
26392	4.442534	0.531744	9.219628	0.007643	-0.019198	-0.005538	-0.452259	-0.779819	0.432832	0.876359	-0.478710	0.053216	0.165702	0.403384	0.899902
26393	4.344575	0.573766	9.201710	0.008178	-0.022144	-0.013468	-0.452355	-0.779640	0.433054	0.876290	-0.478827	0.053299	0.165804	0.403591	0.899791
26394	4.031278	0.646171	9.123659	0.004354	-0.039935	-0.011813	-0.452406	-0.779406	0.433422	0.876228	-0.478933	0.053358	0.165993	0.403916	0.899610
26395	4.259438	0.893501	9.248259	-0.007912	-0.073947	-0.000814	-0.452305	-0.779079	0.434116	0.876190	-0.479017	0.053242	0.166469	0.404450	0.899282
26396	4.356068	0.658393	9.142062	-0.043331	-0.085247	0.004034	-0.452140	-0.778737	0.434900	0.876120	-0.479192	0.052803	0.167281	0.404899	0.898929
26397	4.460551	0.528903	9.255759	-0.044154	-0.094950	0.002062	-0.451978	-0.778337	0.435783	0.876034	-0.479400	0.052349	0.168169	0.405422	0.898528
26398	4.940001	0.461723	9.350933	-0.027959	-0.094723	0.000883	-0.451823	-0.777941	0.436650	0.875975	-0.479538	0.052063	0.168888	0.406018	0.898124
26399	4.554545	0.552396	9.209980	-0.019206	-0.066555	-0.011269	-0.451824	-0.777592	0.437271	0.875870	-0.479748	0.051891	0.169430	0.406438	0.897832
26400	4.592340	0.689118	9.282445	-0.010109	-0.060515	-0.008573	-0.451809	-0.777289	0.437825	0.875799	-0.479888	0.051807	0.169838	0.406853	0.897566
26401	4.588459	0.706098	9.228963	0.002146	-0.041101	-0.007371	-0.451819	-0.777061	0.438219	0.875748	-0.479981	0.051811	0.170077	0.407178	0.897374
26402	4.546873	0.710316	9.294360	-0.004934	-0.035323	-0.003491	-0.451802	-0.776885	0.438549	0.875708	-0.480060	0.051750	0.170326	0.407422	0.897216
26403	4.540597	0.657575	9.218723	-0.000475	-0.032497	0.000173	-0.451760	-0.776728	0.438870	0.875686	-0.480105	0.051698	0.170549	0.407667	0.897062
26404	4.541109	0.623058	9.217959	-0.002146	-0.027574	-0.002466	-0.451747	-0.776588	0.439131	0.875656	-0.480165	0.051658	0.170738	0.407864	0.896937
26405	4.438316	0.525468	9.178743	-0.000099	-0.026891	-0.002352	-0.451736	-0.776442	0.439400	0.875624	-0.480228	0.051620	0.170932	0.408068	0.896807
26406	4.267220	0.623125	9.098707	0.023383	-0.046671	0.000116	-0.451668	-0.776236	0.439834	0.875648	-0.480163	0.051798	0.170984	0.408535	0.896584
26407	4.242902	0.820287	9.258900	0.023558	-0.078891	0.006092	-0.451494	-0.775918	0.440573	0.875695	-0.480064	0.051935	0.171205	0.409256	0.896213
26408	4.406615	0.620115	9.184927	0.016400	-0.100043	0.007620	-0.451269	-0.775528	0.441488	0.875742	-0.479969	0.052018	0.171560	0.410104	0.895758
26409	4.525326	0.717872	9.193672	0.011696	-0.110095	0.013476	-0.450976	-0.775117	0.442510	0.875801	-0.479861	0.052016	0.172024	0.411009	0.895254
26410	4.615004	0.626463	9.202937	0.003735	-0.107674	0.015122	-0.450671	-0.774730	0.443496	0.875860	-0.479760	0.051952	0.172523	0.411854	0.894769
26411	4.629246	0.694620	9.196849	-0.004399	-0.101487	0.015451	-0.450374	-0.774361	0.444441	0.875901	-0.479702	0.051797	0.173089	0.412614	0.894310
26412	4.693793	0.446729	9.182841	-0.020435	-0.086037	0.012565	-0.450128	-0.774050	0.445232	0.875907	-0.479721	0.051528	0.173702	0.413175	0.893932
26413	4.600582	0.521280	9.186780	-0.002957	-0.088040	0.004550	-0.449949	-0.773683	0.446049	0.875901	-0.479742	0.051435	0.174194	0.413838	0.893529
26414	4.740870	0.513116	9.227065	0.000447	-0.071636	-0.000529	-0.449842	-0.773368	0.446704	0.875883	-0.479776	0.051410	0.174559	0.414387	0.893204
26415	4.686942	0.586306	9.188516	0.015964	-0.064663	0.004827	-0.449700	-0.773099	0.447312	0.875912	-0.479716	0.051485	0.174780	0.414959	0.892895
26416	4.695763	0.586575	9.161543	0.008973	-0.052079	0.003852	-0.449588	-0.772885	0.447794	0.875929	-0.479681	0.051517	0.174982	0.415398	0.892651
26417	4.684170	0.605462	9.156521	0.007486	-0.041908	0.003339	-0.449500	-0.772702	0.448198	0.875936	-0.479668	0.051523	0.175174	0.415753	0.892448
26418	4.669400	0.589619	9.152632	0.002712	-0.032389	0.003797	-0.449422	-0.772569	0.448504	0.875942	-0.479660	0.051500	0.175342	0.416009	0.892296
26419	4.636775	0.626315	9.169988	-0.009865	-0.024152	0.007270	-0.449330	-0.772479	0.448752	0.875936	-0.479688	0.051334	0.175607	0.416144	0.892181
26420	4.579980	0.508033	9.163822	-0.005445	-0.026145	0.004167	-0.449261	-0.772374	0.449003	0.875930	-0.479710	0.051235	0.175818	0.416313	0.892060
26421	4.538567	0.666823	9.176385	0.009595	-0.036413	0.010175	-0.449121	-0.772247	0.449361	0.875971	-0.479635	0.051230	0.175967	0.416636	0.891880
26422	4.597840	0.575514	9.110929	0.008249	-0.040970	0.021827	-0.448871	-0.772164	0.449753	0.876068	-0.479464	0.051175	0.176125	0.416985	0.891686
26423	4.605455	0.679586	9.131066	0.015988	-0.046490	0.023697	-0.448595	-0.772060	0.450207	0.876182	-0.479258	0.051165	0.176263	0.417416	0.891457
26424	4.694693	0.620946	9.117921	-0.006328	-0.037602	0.031153	-0.448268	-0.772036	0.450573	0.876294	-0.479076	0.050938	0.176533	0.417669	0.891285
26425	4.582361	0.678162	9.098442	-0.005655	-0.037302	0.036957	-0.447892	-0.772032	0.450953	0.876429	-0.478857	0.050676	0.176818	0.417925	0.891108
26426	4.631662	0.690137	9.152049	-0.025944	-0.036734	0.043727	-0.447457	-0.772072	0.451317	0.876563	-0.478660	0.050217	0.177257	0.418078	0.890949
26427	4.650938	0.666774	9.153416	-0.037798	-0.030397	0.047337	-0.447002	-0.772147	0.451640	0.876687	-0.478496	0.049622	0.177792	0.418128	0.890819
26428	4.685545	0.519071	9.111115	-0.051723	-0.033765	0.050043	-0.446515	-0.772229	0.451980	0.876802	-0.478358	0.048904	0.178443	0.418134	0.890686
26429	4.722157	0.509850	9.114975	-0.053419	-0.015621	0.042282	-0.446130	-0.772342	0.452168	0.876875	-0.478297	0.048193	0.179049	0.417995	0.890630
26430	4.644452	0.594956	9.101179	-0.050942	-0.015700	0.040123	-0.445763	-0.772452	0.452342	0.876946	-0.478233	0.047527	0.179612	0.417866	0.890577
26431	4.588875	0.644859	9.165237	-0.063736	-0.021719	0.040691	-0.445381	-0.772532	0.452583	0.876992	-0.478227	0.046731	0.180336	0.417725	0.890497
26432	4.607844	0.583729	9.143664	-0.062912	-0.021031	0.041860	-0.444988	-0.772628	0.452805	0.877049	-0.478199	0.045951	0.181028	0.417579	0.890425
26433	4.615364	0.645251	9.141734	-0.053479	-0.031555	0.046310	-0.444538	-0.772693	0.453134	0.877137	-0.478106	0.045221	0.181704	0.417564	0.890294
26434	4.639717	0.498575	9.171493	-0.056041	-0.034147	0.047389	-0.444073	-0.772761	0.453475	0.877229	-0.478007	0.044477	0.182394	0.417553	0.890159
26435	4.723203	0.364867	9.159340	-0.047095	-0.037712	0.036530	-0.443697	-0.772754	0.453854	0.877285	-0.477963	0.043848	0.183042	0.417615	0.889996
26436	4.629109	0.437397	9.142756	0.000622	-0.033010	0.020886	-0.443466	-0.772700	0.454173	0.877362	-0.477831	0.043728	0.183229	0.417866	0.889840
26437	4.672019	0.643089	9.215177	0.016774	-0.045991	0.024685	-0.443179	-0.772602	0.454620	0.877482	-0.477613	0.043722	0.183353	0.418298	0.889612
26438	4.694374	0.708917	9.115266	-0.000745	-0.044476	0.037379	-0.442782	-0.772578	0.455047	0.877630	-0.477359	0.043515	0.183603	0.418631	0.889403
26439	4.539055	0.441139	9.122774	-0.010010	-0.046622	0.050724	-0.442264	-0.772601	0.455512	0.877815	-0.477051	0.043152	0.183963	0.418940	0.889183
26440	4.552070	0.388785	9.171170	0.049511	-0.083678	0.058075	-0.441613	-0.772510	0.456296	0.878147	-0.476427	0.043296	0.183945	0.419815	0.888774
26441	4.549714	0.514616	9.186602	0.086061	-0.107962	0.061188	-0.440890	-0.772324	0.457309	0.878555	-0.475635	0.043739	0.183732	0.421055	0.888232
26442	4.587237	0.638825	9.180937	0.089280	-0.134364	0.075005	-0.439997	-0.772097	0.458550	0.879033	-0.474712	0.044157	0.183585	0.422510	0.887571
26443	4.591227	0.660013	9.122953	0.081864	-0.148036	0.091158	-0.438937	-0.771879	0.459931	0.879563	-0.473703	0.044422	0.183582	0.424037	0.886843
26444	4.425536	0.749209	9.212501	0.114164	-0.172598	0.108896	-0.437675	-0.771645	0.461525	0.880234	-0.472410	0.044902	0.183381	0.425902	0.885990
26445	4.359942	0.918682	9.285313	0.129286	-0.239381	0.155971	-0.435875	-0.771334	0.463741	0.881132	-0.470696	0.045283	0.183353	0.428355	0.884813
26446	4.613853	0.506483	9.288934	0.113962	-0.289154	0.182146	-0.433752	-0.770931	0.466395	0.882118	-0.468835	0.045413	0.183652	0.431114	0.883410
26447	4.181444	0.239392	9.472153	0.109482	-0.374773	0.146855	-0.431779	-0.769974	0.469795	0.882935	-0.467271	0.045651	0.184372	0.434510	0.881594
26448	4.949432	0.335379	9.093694	0.188617	-0.428084	0.111205	-0.430020	-0.768607	0.473631	0.883746	-0.465625	0.046757	0.184597	0.438676	0.879481
26449	4.925170	0.303695	9.139915	0.207777	-0.432239	0.081953	-0.428510	-0.767060	0.477492	0.884462	-0.464122	0.048151	0.184680	0.442956	0.877316
26450	4.789570	0.371658	9.170454	0.242048	-0.447133	0.058368	-0.427181	-0.765323	0.481453	0.885142	-0.462630	0.049962	0.184498	0.447498	0.875047
26451	4.623820	0.531562	9.094729	0.313271	-0.512356	0.057762	-0.425738	-0.763260	0.485984	0.885946	-0.460821	0.052378	0.183973	0.452855	0.872397
26452	4.669027	0.646060	9.013763	0.394699	-0.590412	0.063435	-0.424105	-0.760843	0.491175	0.886924	-0.458571	0.055477	0.183030	0.459163	0.869293
26453	4.722343	0.814944	9.318454	0.420927	-0.656822	0.077587	-0.422230	-0.758137	0.496941	0.888002	-0.456077	0.058704	0.182138	0.466071	0.865796
26454	4.786243	0.776992	9.236414	0.380607	-0.742030	0.087728	-0.420113	-0.755033	0.503418	0.889049	-0.453660	0.061525	0.181928	0.473411	0.861850
26455	4.656925	0.931998	9.246849	0.387998	-0.828597	0.098196	-0.417744	-0.751499	0.510626	0.890147	-0.451110	0.064322	0.182011	0.481402	0.857394
26456	4.754580	0.789569	9.286493	0.318462	-0.949883	0.107949	-0.415061	-0.747355	0.518831	0.891163	-0.448790	0.066461	0.183176	0.489948	0.852290
26457	4.736181	0.719610	9.259351	0.290852	-1.081624	0.113172	-0.412072	-0.742489	0.528115	0.892148	-0.446551	0.068300	0.185118	0.499301	0.846421
26458	4.665149	0.727621	9.292556	0.288816	-1.242077	0.111410	-0.408775	-0.736702	0.538677	0.893128	-0.444305	0.070113	0.187685	0.509768	0.839590
26459	4.642755	0.931494	9.430059	0.282876	-1.448611	0.117436	-0.404994	-0.729730	0.550885	0.894123	-0.442028	0.071799	0.191112	0.521637	0.831487
26460	4.773421	1.163711	9.387380	0.269604	-1.669395	0.139936	-0.400528	-0.721510	0.564801	0.895192	-0.439625	0.073222	0.195471	0.534933	0.821972
26461	4.890384	1.379190	9.551634	0.280310	-1.923335	0.180103	-0.395116	-0.711846	0.580654	0.896445	-0.436857	0.074442	0.200671	0.549938	0.810740
26462	4.821797	1.252342	9.781129	0.229037	-2.194801	0.228847	-0.388599	-0.700573	0.598489	0.897793	-0.433999	0.074911	0.207263	0.566429	0.797621
26463	4.400379	1.020623	10.250362	0.192407	-2.596762	0.281912	-0.380586	-0.686819	0.619221	0.899266	-0.430979	0.074680	0.215580	0.585267	0.781657
26464	4.870736	0.656773	9.888749	0.136670	-3.144266	0.337901	-0.370611	-0.669503	0.643749	0.900821	-0.427911	0.073579	0.226206	0.607172	0.761691
26465	5.577372	0.985348	10.806932	0.256036	-3.619336	0.427804	-0.358376	-0.648878	0.671210	0.902955	-0.423548	0.072655	0.237146	0.632111	0.737698
26466	5.972828	1.849281	11.281116	0.125533	-4.032935	0.547836	-0.343606	-0.625143	0.700807	0.905167	-0.419288	0.069786	0.250214	0.658327	0.709929
26467	8.637549	2.879080	12.852743	0.009559	-4.263406	0.742445	-0.325913	-0.599597	0.730934	0.907659	-0.414720	0.064510	0.264453	0.684464	0.679393
26468	8.935039	3.099238	13.049570	-0.539658	-4.139565	0.939689	-0.306065	-0.574672	0.758997	0.909135	-0.412997	0.053909	0.282484	0.706531	0.648858
26469	10.422808	1.814060	11.617606	-0.755248	-4.071574	0.973494	-0.285332	-0.549509	0.785255	0.909791	-0.412978	0.041588	0.301440	0.726284	0.617774
26470	10.146313	1.290381	11.316881	-0.342760	-3.876952	0.906736	-0.265129	-0.524685	0.808957	0.911211	-0.410673	0.032282	0.315278	0.745690	0.586981
26471	8.839420	1.107691	10.894990	-0.100046	-3.793792	0.888554	-0.244871	-0.499657	0.830892	0.913138	-0.406918	0.024410	0.325908	0.764696	0.555898
26472	8.495351	1.444230	10.659467	0.126678	-3.714985	0.910388	-0.224306	-0.474559	0.851164	0.915673	-0.401545	0.017428	0.333510	0.783298	0.524610
26473	8.322874	1.850549	10.441012	0.263327	-3.487184	0.954229	-0.203848	-0.450740	0.869068	0.918584	-0.395084	0.010553	0.338598	0.800463	0.494580
26474	6.635771	2.064795	9.166530	0.244229	-3.194354	1.024878	-0.183548	-0.428924	0.884497	0.921383	-0.388646	0.002735	0.342583	0.815462	0.466538
26475	4.534703	2.070705	7.664152	0.061509	-3.241230	1.141042	-0.161853	-0.406676	0.899121	0.923551	-0.383409	-0.007167	0.347646	0.829224	0.437641
26476	3.716494	1.748079	7.851505	0.020435	-3.489641	1.324142	-0.137398	-0.382514	0.913677	0.925586	-0.378056	-0.019086	0.352722	0.843064	0.405993
26477	2.831964	1.803205	8.233593	-0.160890	-3.628292	1.541322	-0.110233	-0.357493	0.927387	0.926909	-0.373752	-0.033899	0.358732	0.855867	0.372563
26478	14.126525	0.213870	13.882065	0.106073	-3.050614	1.429009	-0.086008	-0.336491	0.937751	0.928675	-0.367923	-0.046845	0.360783	0.866837	0.344136
26479	13.960792	3.265814	15.408592	0.142918	-0.429876	0.938642	-0.075764	-0.336212	0.938734	0.929939	-0.363554	-0.055154	0.359824	0.868786	0.340201
26480	4.647586	2.669520	12.660100	-0.181129	1.281182	0.545924	-0.075314	-0.349273	0.933990	0.929682	-0.363296	-0.060891	0.360583	0.863727	0.352073
26481	-1.722758	3.045357	7.610711	-0.202219	1.759683	0.228866	-0.079571	-0.365272	0.927494	0.929122	-0.364239	-0.063737	0.361111	0.856683	0.368365
26482	-4.156938	2.998822	4.848949	-0.283693	1.397858	0.031693	-0.084346	-0.377298	0.922243	0.928104	-0.366587	-0.065092	0.362642	0.850447	0.381092
26483	-2.128191	2.727073	5.584679	-0.359518	1.076239	-0.159078	-0.089776	-0.385872	0.918174	0.926652	-0.370258	-0.065000	0.365043	0.844992	0.390810
26484	0.604680	2.234908	7.650224	-0.498449	1.170368	-0.349272	-0.097312	-0.394399	0.913772	0.924479	-0.375860	-0.063775	0.368604	0.838557	0.401190
26485	1.835865	1.868534	8.595558	-0.599393	1.561417	-0.509433	-0.107844	-0.405538	0.907694	0.921732	-0.382910	-0.061564	0.372532	0.830011	0.415092
26486	1.634605	1.378181	8.517971	-0.636317	1.974419	-0.623006	-0.120979	-0.419389	0.899709	0.918618	-0.390772	-0.058633	0.376171	0.819396	0.432534
26487	1.553801	0.908482	8.356624	-0.595134	2.270131	-0.686714	-0.135890	-0.435196	0.890021	0.915488	-0.398554	-0.055104	0.378703	0.807316	0.452576
26488	2.003190	0.552586	8.491687	-0.520246	2.493022	-0.689586	-0.151660	-0.452364	0.878843	0.912504	-0.405824	-0.051420	0.379916	0.794150	0.474331
26489	2.730573	0.251389	8.725856	-0.424354	2.720841	-0.640255	-0.167871	-0.471219	0.865894	0.909868	-0.412125	-0.047882	0.379420	0.779811	0.497931
26490	3.450624	0.032108	8.731560	-0.295365	2.951689	-0.553029	-0.184071	-0.491695	0.851090	0.907758	-0.417111	-0.044649	0.376952	0.764365	0.523118
26491	3.839319	-0.022798	8.609210	-0.142045	3.149029	-0.436061	-0.199867	-0.513747	0.834336	0.906389	-0.420379	-0.041724	0.372173	0.747894	0.549675
26492	4.215109	0.235111	8.845389	0.019800	3.278965	-0.286244	-0.214562	-0.536765	0.815994	0.905848	-0.421779	-0.039260	0.365242	0.730744	0.576725
26493	5.147475	0.039162	9.432911	0.163742	3.393929	-0.143114	-0.228145	-0.560729	0.795948	0.906123	-0.421382	-0.037130	0.356218	0.712756	0.604225
26494	6.349463	-0.392739	10.334833	0.372991	3.577806	-0.039254	-0.241047	-0.585708	0.773849	0.907318	-0.419024	-0.034528	0.344485	0.693804	0.632428
26495	7.747422	-0.896595	10.974980	0.655772	3.854496	0.050530	-0.253607	-0.612342	0.748813	0.909653	-0.414236	-0.030662	0.328961	0.673384	0.662072
26496	8.582767	-1.075066	10.724052	0.941577	4.178653	0.129389	-0.265781	-0.640531	0.720473	0.912977	-0.407229	-0.025248	0.309570	0.651064	0.693024
26497	8.458621	-0.614760	10.578906	1.278780	4.434124	0.180080	-0.277368	-0.669668	0.688921	0.917275	-0.397873	-0.017447	0.285787	0.627090	0.724627
26498	8.157701	-0.067529	10.127941	1.506170	4.534148	0.168704	-0.288185	-0.698182	0.655356	0.921839	-0.387500	-0.007455	0.259155	0.601985	0.755283
26499	7.806554	0.815574	10.219732	1.547655	4.524641	0.070483	-0.298664	-0.725163	0.620434	0.925845	-0.377882	0.004014	0.231540	0.575625	0.784248
26500	7.594426	1.000169	10.530683	1.525279	4.371308	-0.112922	-0.309248	-0.749311	0.585576	0.928810	-0.370173	0.016835	0.204150	0.549095	0.810443
26501	7.982337	0.319880	10.626651	1.543473	4.149739	-0.305350	-0.320012	-0.770501	0.551290	0.930790	-0.364216	0.031264	0.176700	0.523140	0.833727
26502	8.621183	0.110981	10.819479	1.527261	3.931064	-0.432953	-0.330476	-0.788991	0.517956	0.931861	-0.359830	0.046443	0.149733	0.498011	0.854146
26503	9.029902	0.361167	10.875576	1.395389	3.671440	-0.464586	-0.339855	-0.805219	0.485922	0.932217	-0.356754	0.060819	0.124382	0.473654	0.871883
26504	9.787627	0.632680	11.674447	1.235478	3.382055	-0.433390	-0.347727	-0.819294	0.455899	0.932109	-0.354600	0.073696	0.101283	0.450574	0.886975
26505	10.719414	0.563787	12.410964	1.112942	3.174645	-0.405579	-0.354391	-0.831855	0.427111	0.931692	-0.353060	0.085430	0.079731	0.428212	0.900154
26506	11.470782	0.053274	12.867566	1.064853	3.081641	-0.370546	-0.359994	-0.843392	0.398866	0.931097	-0.351755	0.096577	0.058851	0.406150	0.911910
26507	12.581345	-0.636361	13.224346	1.169254	3.103129	-0.346026	-0.364704	-0.854474	0.369952	0.930400	-0.350080	0.108628	0.036693	0.383820	0.922679
26508	13.091487	-0.937644	12.847187	1.412913	3.222000	-0.323037	-0.368506	-0.865335	0.339703	0.929550	-0.347627	0.122847	0.011786	0.361041	0.932475
26509	13.613918	-0.758056	12.147442	1.681749	3.350844	-0.310635	-0.371323	-0.875995	0.307817	0.928362	-0.344467	0.139597	-0.016254	0.337601	0.941149
26510	13.405805	-0.473963	10.874678	1.784019	3.480375	-0.368761	-0.373682	-0.886042	0.274394	0.926430	-0.341941	0.157494	-0.045720	0.313059	0.948632
26511	10.777276	-1.528654	7.906667	1.413276	3.418293	-0.489616	-0.376210	-0.894650	0.240974	0.923762	-0.342072	0.172192	-0.071621	0.287383	0.955134
26512	12.296966	-0.077210	5.097747	1.227310	2.463375	-0.242133	-0.376445	-0.900670	0.216983	0.921842	-0.340857	0.184453	-0.092172	0.269461	0.958590
26513	11.692055	-2.895768	3.445187	0.745844	2.534408	-0.198104	-0.375731	-0.906577	0.192209	0.920347	-0.340731	0.192000	-0.108571	0.249039	0.962389
26514	17.028139	-1.250508	3.851158	1.310456	2.238291	-0.316928	-0.376004	-0.910884	0.170034	0.917597	-0.340478	0.205157	-0.128981	0.233163	0.963846
26515	16.377325	1.484810	1.872265	0.987967	2.056714	-0.432279	-0.377147	-0.914048	0.149251	0.914611	-0.342216	0.215347	-0.145761	0.217724	0.965065
26516	13.797073	3.236461	-2.835494	0.087722	1.495214	-0.417742	-0.378756	-0.915757	0.133917	0.912902	-0.345879	0.216746	-0.152168	0.204347	0.966999
26517	10.916604	1.941260	-7.084578	-0.893741	0.422652	-0.404751	-0.381831	-0.915192	0.128949	0.912692	-0.351397	0.208597	-0.145594	0.197340	0.969463
26518	10.046618	-0.071498	-8.752702	-1.101100	-0.936843	-0.579401	-0.388436	-0.911254	0.136871	0.911988	-0.358912	0.198647	-0.131893	0.201986	0.970467
26519	11.910959	0.029373	-5.881717	-0.967206	-2.107064	-1.037146	-0.400491	-0.903046	0.155291	0.909088	-0.370367	0.190757	-0.114748	0.217569	0.969276
26520	7.305085	-2.797616	3.013252	-1.028147	-1.960806	-1.047452	-0.412095	-0.894693	0.172344	0.905919	-0.382117	0.182474	-0.097403	0.231326	0.967988
26521	6.332484	-2.491929	14.278964	0.343898	-2.298790	-1.266249	-0.425710	-0.884209	0.192213	0.900288	-0.392567	0.188078	-0.090844	0.253114	0.963162
26522	-2.587386	1.704858	16.905996	-0.948240	-1.814770	-0.829714	-0.434687	-0.876194	0.208160	0.897498	-0.402356	0.180576	-0.074465	0.265317	0.961281
26523	-1.156820	-2.860860	11.790593	-2.036725	-2.054781	0.103645	-0.435021	-0.871050	0.228096	0.899183	-0.406976	0.160751	-0.047192	0.275030	0.960277
26524	1.962732	-5.980314	8.500632	-2.209624	-2.278630	1.064157	-0.426176	-0.868962	0.251553	0.904473	-0.403943	0.136964	-0.017404	0.285894	0.958103
26525	6.378051	-7.179871	8.091117	-1.646464	-2.219111	1.472323	-0.412946	-0.868353	0.274661	0.910730	-0.395993	0.117308	0.006899	0.298583	0.954359
26526	5.917894	-4.120077	9.759871	-0.215549	-1.958538	1.347719	-0.400418	-0.867597	0.294857	0.916177	-0.384985	0.111382	0.016881	0.314740	0.949028
26527	2.675996	1.608831	10.954734	0.555884	-2.031736	0.873391	-0.392045	-0.864309	0.315073	0.919731	-0.375653	0.113928	0.019889	0.334448	0.942204
26528	4.429956	5.614474	10.902775	-0.015068	-2.211731	0.547214	-0.386485	-0.858731	0.336467	0.921849	-0.371021	0.111969	0.028685	0.353446	0.935015
26529	5.723876	1.858756	10.072184	-0.387409	-2.189655	0.152485	-0.384336	-0.851353	0.357049	0.922293	-0.371156	0.107790	0.040753	0.370731	0.927846
26530	11.910586	-0.130713	16.607897	0.103504	-2.052217	0.010231	-0.383350	-0.843586	0.376038	0.922369	-0.370708	0.108675	0.047724	0.388507	0.920209
26531	18.555871	-3.699036	17.968731	-0.708821	-1.019786	0.335395	-0.379731	-0.840819	0.385781	0.923263	-0.370696	0.100844	0.058216	0.394471	0.917062
26532	2.660765	0.927421	7.565144	-0.045288	-0.340985	0.065548	-0.378940	-0.839699	0.388987	0.923476	-0.370357	0.100142	0.059975	0.397167	0.915784
26533	5.687301	4.604786	12.464068	0.211395	-0.840045	0.030327	-0.378168	-0.836419	0.396726	0.923707	-0.369297	0.101909	0.061271	0.404997	0.912263
