// General information: 
//  MT Manager version: 2022.2.0 
//  XDA version: 2022.2.0 build 7381 rev 124627 built on 2023-07-19
// Device information: 
//  DeviceId: 00B4CAF0
//  ProductCode: MTW2-3A7G6
//  Firmware Version: 4.6.0
//  Hardware Version: 2.0.0
// Device settings: 
//  Filter Profile: human(46.1)
//  Option Flags: Orientation Smoother Disabled, Position/Velocity Smoother Disabled, Continuous Zero Rotation Update Disabled, AHS Disabled, ICC Disabled
// Coordinate system: ENU
PacketCounter	Acc_X	Acc_Y	Acc_Z	Gyr_X	Gyr_Y	Gyr_Z	Mat[1][1]	Mat[2][1]	Mat[3][1]	Mat[1][2]	Mat[2][2]	Mat[3][2]	Mat[1][3]	Mat[2][3]	Mat[3][3]
49767	4.793813	-0.385274	9.211476	0.022464	0.034827	-0.011708	-0.681635	-0.574308	0.453370	0.637655	-0.770138	-0.016871	0.358847	0.277594	0.891163
49768	4.693129	-0.187040	9.123373	0.036748	0.064730	-0.014352	-0.681974	-0.574341	0.452818	0.637649	-0.770150	-0.016494	0.358211	0.277491	0.891451
49769	4.557366	-0.189330	9.174241	0.008496	0.072206	-0.014192	-0.682342	-0.574396	0.452193	0.637539	-0.770244	-0.016376	0.357705	0.277117	0.891770
49770	4.541458	-0.189066	9.199220	0.003344	0.051782	-0.010957	-0.682613	-0.574419	0.451755	0.637437	-0.770329	-0.016312	0.357370	0.276831	0.891993
49771	4.417863	-0.241187	9.170802	-0.024254	0.037408	-0.012575	-0.682849	-0.574387	0.451439	0.637217	-0.770508	-0.016494	0.357311	0.276402	0.892149
49772	4.420367	0.000973	9.210249	-0.013200	0.007721	-0.004353	-0.682920	-0.574338	0.451393	0.637101	-0.770601	-0.016608	0.357382	0.276241	0.892171
49773	4.390337	-0.075672	9.220187	-0.034917	-0.011416	0.003057	-0.682883	-0.574291	0.451510	0.636949	-0.770719	-0.016956	0.357725	0.276010	0.892105
49774	4.384620	-0.152345	9.239329	-0.018937	-0.039350	0.003009	-0.682738	-0.574169	0.451883	0.636863	-0.770787	-0.017154	0.358154	0.276076	0.891912
49775	4.619944	-0.243774	9.206278	-0.011547	-0.046995	-0.001737	-0.682599	-0.573991	0.452319	0.636766	-0.770863	-0.017272	0.358590	0.276231	0.891689
49776	4.655272	-0.266519	9.137221	-0.010525	-0.037635	0.000202	-0.682479	-0.573853	0.452676	0.636691	-0.770923	-0.017382	0.358954	0.276352	0.891505
49777	4.845309	-0.238182	9.195968	0.009130	-0.034315	0.003015	-0.682352	-0.573751	0.452997	0.636705	-0.770912	-0.017339	0.359169	0.276594	0.891343
49778	4.907168	-0.161033	9.118953	-0.004149	0.012386	0.003976	-0.682387	-0.573779	0.452908	0.636678	-0.770933	-0.017409	0.359151	0.276477	0.891387
49779	4.681547	-0.268328	9.200759	-0.005692	0.027895	0.010138	-0.682437	-0.573904	0.452674	0.636688	-0.770922	-0.017531	0.359037	0.276249	0.891504
49780	4.516123	-0.347266	9.150355	-0.030427	0.021361	0.009280	-0.682471	-0.573999	0.452504	0.636603	-0.770985	-0.017859	0.359124	0.275877	0.891584
49781	4.575286	-0.201986	9.130905	-0.038629	0.005594	0.011906	-0.682432	-0.574072	0.452468	0.636504	-0.771057	-0.018280	0.359372	0.275523	0.891593
49782	4.131588	-0.245903	9.219754	-0.038813	-0.016200	0.006818	-0.682347	-0.574044	0.452633	0.636372	-0.771156	-0.018672	0.359769	0.275302	0.891501
49783	4.357692	-0.292634	9.264076	-0.026845	-0.087804	-0.001120	-0.682058	-0.573756	0.453432	0.636222	-0.771274	-0.018928	0.360581	0.275573	0.891090
49784	4.528440	-0.040704	9.075255	-0.019632	-0.115904	0.003115	-0.681635	-0.573424	0.454486	0.636133	-0.771342	-0.019132	0.361535	0.276072	0.890548
49785	4.176893	-0.331811	9.401984	-0.031958	-0.133218	0.003247	-0.681149	-0.573049	0.455687	0.636000	-0.771444	-0.019455	0.362685	0.276565	0.889927
49786	4.781606	-0.114044	9.215726	0.036290	-0.215168	0.002681	-0.680366	-0.572437	0.457622	0.636110	-0.771360	-0.019159	0.363959	0.278063	0.888940
49787	5.043870	-0.196525	8.965978	0.000346	-0.156272	0.006803	-0.679771	-0.572020	0.459025	0.636115	-0.771355	-0.019211	0.365060	0.278934	0.888215
49788	4.783287	-0.333091	9.151819	-0.014090	-0.117499	0.013704	-0.679270	-0.571761	0.460088	0.636117	-0.771348	-0.019413	0.365988	0.279483	0.887661
49789	4.903380	-0.523730	9.027960	-0.012480	-0.095463	0.005056	-0.678908	-0.571498	0.460949	0.636061	-0.771391	-0.019571	0.366757	0.279905	0.887211
49790	4.853878	-0.381231	9.084847	-0.005617	-0.060828	-0.006928	-0.678744	-0.571238	0.461512	0.635954	-0.771478	-0.019603	0.367245	0.280195	0.886917
49791	4.849257	-0.336464	9.160479	-0.036202	-0.039376	-0.003767	-0.678641	-0.571064	0.461878	0.635753	-0.771635	-0.019929	0.367782	0.280116	0.886719
49792	4.709418	-0.121363	9.050696	-0.051530	-0.011403	-0.006576	-0.678657	-0.570945	0.462003	0.635480	-0.771849	-0.020370	0.368226	0.279769	0.886644
49793	4.360199	-0.095375	9.294354	-0.069812	-0.044637	0.007650	-0.678460	-0.570846	0.462414	0.635233	-0.772034	-0.021046	0.369013	0.279461	0.886414
49794	4.545159	-0.042272	9.131900	-0.041914	-0.116193	0.012352	-0.677968	-0.570580	0.463463	0.635122	-0.772112	-0.021490	0.370107	0.279786	0.885856
49795	4.328104	-0.029470	9.158387	-0.032088	-0.139588	0.018712	-0.677349	-0.570300	0.464711	0.635088	-0.772130	-0.021884	0.371297	0.280309	0.885192
49796	4.363141	-0.260591	9.416468	-0.027428	-0.219160	0.022936	-0.676403	-0.569825	0.466667	0.635102	-0.772108	-0.022248	0.372994	0.281332	0.884153
49797	4.852264	-0.165281	9.134489	0.061182	-0.282038	0.020276	-0.675236	-0.569154	0.469170	0.635428	-0.771852	-0.021824	0.374551	0.283387	0.882838
49798	4.874522	-0.137070	9.123064	0.054750	-0.221570	0.040282	-0.674164	-0.568799	0.471138	0.635865	-0.771499	-0.021545	0.375737	0.285055	0.881796
49799	4.327323	-0.341071	9.683719	-0.028397	-0.195657	0.026456	-0.673272	-0.568416	0.472872	0.635899	-0.771460	-0.021944	0.377275	0.285925	0.880858
49800	5.168415	-0.733021	8.785179	0.024288	-0.316230	0.004097	-0.672065	-0.567504	0.475676	0.635979	-0.771399	-0.021763	0.379287	0.287894	0.879351
49801	5.298717	-0.269611	8.998286	0.045092	-0.170967	0.001613	-0.671421	-0.566992	0.477194	0.636123	-0.771291	-0.021395	0.380186	0.289189	0.878538
49802	4.992611	-0.449431	9.059163	0.001231	-0.116973	0.007557	-0.670943	-0.566675	0.478241	0.636139	-0.771277	-0.021434	0.381003	0.289847	0.877967
49803	4.940897	-0.158275	9.065138	0.001593	-0.118350	-0.001742	-0.670519	-0.566285	0.479296	0.636092	-0.771316	-0.021434	0.381826	0.290505	0.877392
49804	4.556631	-0.355217	9.493869	-0.062434	-0.115632	-0.016345	-0.670196	-0.565787	0.480336	0.635704	-0.771622	-0.021916	0.383038	0.290663	0.876811
49805	5.068946	-0.104936	8.992327	0.084497	-0.176109	-0.031078	-0.669736	-0.565000	0.481900	0.635777	-0.771586	-0.021049	0.383720	0.292284	0.875973
49806	5.060590	-0.144067	8.787790	-0.005977	-0.130699	-0.009719	-0.669311	-0.564506	0.483069	0.635649	-0.771691	-0.021068	0.384673	0.292961	0.875329
49807	4.672863	-0.364575	9.294318	0.015550	-0.107099	-0.009625	-0.668978	-0.564082	0.484025	0.635600	-0.771735	-0.020906	0.385332	0.293660	0.874805
49808	4.976601	-0.341279	8.908264	0.058043	-0.148390	-0.025126	-0.668581	-0.563414	0.485349	0.635616	-0.771738	-0.020290	0.385994	0.294930	0.874085
49809	5.035588	-0.263572	8.976983	0.034971	-0.125358	-0.020029	-0.668242	-0.562854	0.486464	0.635574	-0.771784	-0.019908	0.386651	0.295880	0.873474
49810	5.084729	-0.280242	8.880165	0.033664	-0.117545	-0.021715	-0.667940	-0.562302	0.487517	0.635519	-0.771838	-0.019522	0.387261	0.296787	0.872895
49811	5.150921	-0.150417	8.797392	0.030111	-0.098915	-0.020555	-0.667710	-0.561809	0.488400	0.635449	-0.771904	-0.019179	0.387773	0.297548	0.872409
49812	5.095255	-0.295185	8.760718	0.010378	-0.078969	-0.016372	-0.667522	-0.561410	0.489114	0.635341	-0.771998	-0.019021	0.388273	0.298057	0.872013
49813	5.126571	-0.245925	8.822268	0.002949	-0.061886	-0.019119	-0.667423	-0.561042	0.489672	0.635179	-0.772133	-0.018922	0.388708	0.298400	0.871701
49814	5.077741	-0.271889	8.822653	-0.021187	-0.048210	-0.015900	-0.667352	-0.560738	0.490117	0.634951	-0.772318	-0.019042	0.389203	0.298492	0.871449
49815	5.042983	-0.227723	8.912027	-0.021046	-0.037292	-0.017245	-0.667331	-0.560462	0.490461	0.634714	-0.772510	-0.019162	0.389625	0.298515	0.871253
49816	4.984587	-0.159029	8.993085	-0.008752	-0.038718	-0.016391	-0.667299	-0.560183	0.490823	0.634531	-0.772660	-0.019171	0.389978	0.298650	0.871049
49817	4.979726	-0.039286	9.071355	-0.000208	-0.048162	-0.003972	-0.667156	-0.559971	0.491258	0.634457	-0.772721	-0.019174	0.390342	0.298890	0.870803
49818	4.996713	-0.107444	8.912863	0.011220	-0.049805	0.009147	-0.666919	-0.559856	0.491712	0.634522	-0.772668	-0.019134	0.390642	0.299241	0.870548
49819	4.851455	-0.309814	9.025945	0.014147	-0.045113	0.009804	-0.666699	-0.559761	0.492119	0.634598	-0.772607	-0.019080	0.390894	0.299577	0.870319
49820	4.877683	-0.403467	8.975477	0.040455	-0.064923	0.003764	-0.666436	-0.559558	0.492705	0.634741	-0.772497	-0.018759	0.391110	0.300238	0.869994
49821	4.907150	-0.423554	8.980868	0.044417	-0.072452	-0.008026	-0.666218	-0.559246	0.493353	0.634821	-0.772441	-0.018355	0.391352	0.300962	0.869635
49822	4.880684	-0.544232	9.064424	0.043536	-0.078364	-0.026960	-0.666097	-0.558765	0.494061	0.634772	-0.772493	-0.017857	0.391636	0.301722	0.869244
49823	5.048696	-0.407703	8.919929	0.048661	-0.085779	-0.044739	-0.666061	-0.558127	0.494830	0.634623	-0.772630	-0.017233	0.391939	0.302552	0.868819
49824	5.005778	-0.380492	8.974986	0.024685	-0.087413	-0.057228	-0.666097	-0.557383	0.495621	0.634299	-0.772907	-0.016748	0.392404	0.303216	0.868378
49825	5.061030	-0.274158	8.914534	0.030620	-0.088651	-0.071640	-0.666219	-0.556526	0.496418	0.633899	-0.773247	-0.016148	0.392840	0.303921	0.867934
49826	5.043952	-0.195649	8.903006	0.020372	-0.082620	-0.067319	-0.666336	-0.555717	0.497167	0.633491	-0.773592	-0.015649	0.393301	0.304523	0.867514
49827	5.055156	-0.167596	8.953851	0.012906	-0.084238	-0.068795	-0.666459	-0.554891	0.497924	0.633038	-0.773971	-0.015214	0.393821	0.305065	0.867087
49828	5.124565	-0.111579	8.923873	0.013194	-0.081214	-0.062474	-0.666549	-0.554123	0.498658	0.632634	-0.774309	-0.014801	0.394317	0.305603	0.866672
49829	5.122745	-0.108680	8.942400	0.003943	-0.079898	-0.054914	-0.666599	-0.553417	0.499375	0.632239	-0.774638	-0.014513	0.394867	0.306050	0.866264
49830	5.218007	-0.172215	8.787161	0.003844	-0.070692	-0.047016	-0.666632	-0.552799	0.500016	0.631901	-0.774918	-0.014257	0.395353	0.306456	0.865899
49831	5.168294	-0.147670	8.789109	-0.008398	-0.052302	-0.041307	-0.666699	-0.552287	0.500491	0.631553	-0.775204	-0.014145	0.395794	0.306656	0.865626
49832	5.188543	-0.219963	8.816550	-0.009472	-0.039955	-0.036653	-0.666787	-0.551843	0.500863	0.631231	-0.775467	-0.014055	0.396159	0.306788	0.865412
49833	5.100993	-0.100501	8.836323	-0.010394	-0.019816	-0.033397	-0.666933	-0.551493	0.501056	0.630928	-0.775715	-0.013999	0.396396	0.306794	0.865302
49834	5.059529	-0.152979	8.947313	-0.007917	-0.022943	-0.029864	-0.667045	-0.551153	0.501280	0.630658	-0.775936	-0.013930	0.396638	0.306844	0.865173
49835	5.089717	-0.173543	8.877382	0.000869	-0.027524	-0.026700	-0.667122	-0.550825	0.501538	0.630438	-0.776117	-0.013808	0.396858	0.306976	0.865026
49836	5.091268	-0.147295	8.876665	0.012545	-0.025854	-0.022883	-0.667178	-0.550531	0.501786	0.630295	-0.776237	-0.013597	0.396990	0.307201	0.864885
49837	5.027065	-0.174121	8.978960	0.022859	-0.031967	-0.019454	-0.667191	-0.550247	0.502080	0.630213	-0.776308	-0.013322	0.397099	0.307529	0.864719
49838	5.130552	-0.188682	8.858482	0.029020	-0.041210	-0.018425	-0.667158	-0.549940	0.502460	0.630165	-0.776352	-0.012991	0.397230	0.307966	0.864503
49839	5.138829	-0.186443	8.910870	0.025039	-0.038100	-0.022244	-0.667164	-0.549615	0.502809	0.630073	-0.776432	-0.012682	0.397367	0.308345	0.864305
49840	5.148862	-0.254247	8.830227	0.021002	-0.031886	-0.026023	-0.667215	-0.549277	0.503109	0.629943	-0.776543	-0.012382	0.397487	0.308668	0.864134
49841	5.181425	-0.201137	8.816251	0.011924	-0.027339	-0.027682	-0.667301	-0.548939	0.503364	0.629758	-0.776696	-0.012160	0.397636	0.308883	0.863989
49842	5.164398	-0.176411	8.861238	0.002647	-0.011924	-0.029205	-0.667452	-0.548638	0.503492	0.629534	-0.776881	-0.012002	0.397738	0.308954	0.863917
49843	5.172259	-0.125896	8.839360	-0.013011	-0.002980	-0.021170	-0.667592	-0.548427	0.503536	0.629294	-0.777074	-0.012028	0.397881	0.308843	0.863890
49844	5.229057	-0.073119	8.758731	-0.013952	0.001594	-0.016615	-0.667717	-0.548266	0.503546	0.629088	-0.777240	-0.012077	0.397997	0.308710	0.863884
49845	5.243794	0.000796	8.715446	-0.022657	0.009022	-0.004171	-0.667796	-0.548226	0.503484	0.628927	-0.777368	-0.012272	0.398120	0.308459	0.863918
49846	5.240601	0.047124	8.717513	-0.027838	0.022634	0.013707	-0.667815	-0.548366	0.503308	0.628867	-0.777411	-0.012593	0.398182	0.308104	0.864016
49847	5.239836	-0.004818	8.717825	-0.018674	0.036507	0.029663	-0.667792	-0.548671	0.503005	0.628945	-0.777342	-0.012923	0.398097	0.307732	0.864187
49848	5.145931	-0.134802	8.757758	-0.020473	0.040995	0.038716	-0.667727	-0.549061	0.502666	0.629082	-0.777225	-0.013307	0.397991	0.307333	0.864378
49849	5.204125	-0.110742	8.733509	-0.008737	0.055128	0.041189	-0.667702	-0.549516	0.502202	0.629281	-0.777059	-0.013608	0.397718	0.306940	0.864644
49850	5.198357	-0.234685	8.679180	-0.011920	0.068949	0.048576	-0.667685	-0.550068	0.501620	0.629518	-0.776860	-0.013968	0.397372	0.306453	0.864975
49851	5.051802	-0.246661	8.837125	-0.000680	0.075384	0.046174	-0.667714	-0.550619	0.500976	0.629776	-0.776646	-0.014224	0.396913	0.306005	0.865344
49852	5.037887	-0.297830	8.862241	0.017322	0.071071	0.041790	-0.667747	-0.551124	0.500376	0.630084	-0.776396	-0.014296	0.396369	0.305733	0.865690
49853	5.154728	-0.194607	8.814199	0.026807	0.075902	0.040585	-0.667810	-0.551635	0.499729	0.630416	-0.776126	-0.014287	0.395734	0.305496	0.866064
49854	5.080435	-0.223996	8.921877	0.019181	0.083591	0.039237	-0.667908	-0.552157	0.499021	0.630714	-0.775883	-0.014329	0.395094	0.305169	0.866472
49855	5.083755	-0.151547	8.959877	0.018523	0.088206	0.042291	-0.668004	-0.552722	0.498266	0.631029	-0.775625	-0.014400	0.394427	0.304801	0.866904
49856	5.139611	-0.173706	8.937060	0.016841	0.099077	0.042136	-0.668143	-0.553314	0.497423	0.631337	-0.775373	-0.014477	0.393698	0.304369	0.867388
49857	5.176909	-0.195255	8.828594	-0.000612	0.105039	0.043502	-0.668300	-0.553933	0.496521	0.631580	-0.775171	-0.014718	0.393042	0.303757	0.867900
49858	5.181285	-0.073983	8.792188	-0.000218	0.118976	0.048460	-0.668476	-0.554632	0.495503	0.631863	-0.774936	-0.014973	0.392287	0.303081	0.868477
49859	5.285954	0.001073	8.769485	0.002344	0.129759	0.058458	-0.668631	-0.555444	0.494383	0.632221	-0.774638	-0.015262	0.391445	0.302355	0.869110
49860	5.312164	0.073180	8.742903	0.004686	0.155976	0.076429	-0.668772	-0.556470	0.493037	0.632710	-0.774231	-0.015611	0.390412	0.301509	0.869868
49861	5.318920	0.093823	8.761962	-0.001198	0.189975	0.088234	-0.668968	-0.557692	0.491387	0.633257	-0.773775	-0.016075	0.389188	0.300421	0.870793
49862	5.490029	0.170259	8.695322	0.019616	0.221122	0.106828	-0.669165	-0.559145	0.489465	0.634008	-0.773151	-0.016441	0.387623	0.299323	0.871868
49863	5.185023	-0.017896	8.823850	-0.016629	0.306042	0.127340	-0.669563	-0.561001	0.486789	0.634747	-0.772528	-0.017227	0.385723	0.297453	0.873350
49864	4.437280	-0.669148	9.256135	-0.071233	0.314866	0.127405	-0.669981	-0.562881	0.484036	0.635286	-0.772056	-0.018481	0.384105	0.295119	0.874853
49865	4.588850	-0.520637	9.030518	-0.009604	0.232017	0.096567	-0.670271	-0.564276	0.482006	0.635857	-0.771572	-0.019052	0.382653	0.293717	0.875961
49866	4.179872	-0.791760	9.397776	-0.076127	0.242570	0.078511	-0.670714	-0.565555	0.479886	0.636053	-0.771384	-0.020110	0.381550	0.291745	0.877100
49867	4.349234	-0.576551	9.519632	-0.003210	0.119187	0.047918	-0.670877	-0.566240	0.478848	0.636323	-0.771153	-0.020390	0.380811	0.291023	0.877661
49868	4.755316	-0.294168	9.288114	-0.014535	0.095907	0.035884	-0.671029	-0.566759	0.478020	0.636469	-0.771025	-0.020703	0.380299	0.290353	0.878105
49869	4.855927	-0.294098	9.286115	-0.011333	0.082037	0.028538	-0.671178	-0.567181	0.477310	0.636572	-0.770932	-0.020961	0.379862	0.289774	0.878485
49870	5.028274	-0.283697	8.995820	0.006320	0.083808	0.025975	-0.671346	-0.567588	0.476590	0.636731	-0.770799	-0.021043	0.379299	0.289333	0.878874
49871	5.392687	-0.145462	8.687962	0.007794	0.107102	0.032872	-0.671557	-0.568120	0.475658	0.636943	-0.770621	-0.021153	0.378569	0.288761	0.879376
49872	5.343009	-0.248768	8.783027	-0.013679	0.192393	0.049988	-0.671981	-0.569023	0.473976	0.637187	-0.770408	-0.021525	0.377403	0.287547	0.880274
49873	5.403015	-0.320570	8.614141	-0.039568	0.256107	0.051804	-0.672634	-0.570121	0.471726	0.637343	-0.770262	-0.022140	0.375975	0.285759	0.881467
49874	5.259101	-0.277374	8.473031	-0.063228	0.338681	0.049676	-0.673603	-0.571430	0.468749	0.637400	-0.770191	-0.022945	0.374138	0.283325	0.883033
49875	3.583161	-1.435151	9.452451	-0.326474	0.345958	0.054943	-0.674568	-0.572788	0.465695	0.636503	-0.770832	-0.026108	0.373927	0.278805	0.884560
49876	4.283829	-0.341331	9.317428	0.332362	0.116362	0.010493	-0.674950	-0.573158	0.464685	0.637772	-0.769875	-0.023230	0.371064	0.280684	0.885171
49877	4.019933	-0.408702	9.528651	0.038462	0.139029	0.011961	-0.675405	-0.573607	0.463468	0.637955	-0.769731	-0.022968	0.369920	0.280159	0.885816
49878	4.267136	-0.075906	9.496432	0.147483	-0.006447	-0.010587	-0.675465	-0.573471	0.463549	0.638389	-0.769410	-0.021627	0.369062	0.281316	0.885807
49879	3.694933	-0.208707	9.822217	0.046635	-0.024294	-0.020005	-0.675523	-0.573213	0.463784	0.638381	-0.769430	-0.021143	0.368969	0.281788	0.885696
49880	4.704024	-0.214385	9.326640	0.126656	-0.235625	-0.035561	-0.674896	-0.572236	0.465899	0.638570	-0.769308	-0.019871	0.369790	0.284098	0.884615
49881	5.034439	0.003186	9.090074	0.053057	-0.134849	-0.031131	-0.674611	-0.571582	0.467112	0.638516	-0.769367	-0.019281	0.370401	0.285252	0.883988
49882	5.007287	-0.187139	9.114554	0.060956	-0.097389	-0.025821	-0.674431	-0.571068	0.468000	0.638528	-0.769373	-0.018636	0.370709	0.286263	0.883532
49883	5.458302	-0.071032	9.070509	0.079847	-0.059930	-0.013515	-0.674315	-0.570757	0.468547	0.638689	-0.769257	-0.017889	0.370643	0.287193	0.883258
49884	5.017149	-0.095826	8.925380	0.060903	0.014614	-0.000957	-0.674390	-0.570755	0.468440	0.638869	-0.769120	-0.017361	0.370195	0.287564	0.883325
49885	4.707739	-0.294086	9.024254	0.076356	0.024119	-0.000684	-0.674502	-0.570786	0.468242	0.639104	-0.768938	-0.016704	0.369584	0.287989	0.883442
49886	4.763886	-0.312391	9.076748	0.049348	0.008325	-0.005041	-0.674581	-0.570734	0.468191	0.639213	-0.768857	-0.016259	0.369252	0.288306	0.883477
49887	4.540247	-0.215392	9.034618	0.024497	0.009659	-0.005612	-0.674667	-0.570688	0.468123	0.639227	-0.768851	-0.016039	0.369070	0.288416	0.883518
49888	4.551546	-0.338070	9.195472	0.015761	-0.029319	-0.014169	-0.674665	-0.570458	0.468406	0.639151	-0.768918	-0.015847	0.369207	0.288691	0.883371
49889	4.744391	-0.159358	9.122472	0.014169	-0.048063	-0.013170	-0.674586	-0.570187	0.468850	0.639076	-0.768984	-0.015682	0.369480	0.289052	0.883139
49890	4.548676	-0.286049	9.214810	0.010655	-0.049590	-0.018611	-0.674538	-0.569864	0.469313	0.638950	-0.769092	-0.015515	0.369786	0.289402	0.882896
49891	4.754789	-0.058475	9.173624	0.020518	-0.072869	-0.019922	-0.674417	-0.569461	0.469974	0.638845	-0.769184	-0.015261	0.370187	0.289948	0.882548
49892	4.898647	-0.124114	9.042314	0.003020	-0.062132	-0.018808	-0.674322	-0.569100	0.470547	0.638690	-0.769315	-0.015160	0.370626	0.290311	0.882245
49893	4.797797	-0.126197	9.099179	0.013121	-0.058952	-0.015084	-0.674216	-0.568781	0.471085	0.638598	-0.769395	-0.014996	0.370980	0.290723	0.881960
49894	5.257898	-0.112340	9.030774	0.012784	-0.037214	-0.007104	-0.674139	-0.568582	0.471436	0.638558	-0.769430	-0.014864	0.371189	0.291019	0.881775
49895	4.985977	-0.215251	8.987332	-0.005847	0.015565	-0.002607	-0.674232	-0.568571	0.471316	0.638475	-0.769498	-0.014924	0.371162	0.290861	0.881838
49896	4.835471	-0.196171	9.083387	0.005416	0.020293	0.002934	-0.674304	-0.568616	0.471158	0.638476	-0.769498	-0.014905	0.371030	0.290773	0.881923
49897	4.961153	-0.168237	9.035106	-0.012101	0.032579	0.004072	-0.674420	-0.568705	0.470885	0.638412	-0.769548	-0.015053	0.370930	0.290467	0.882066
49898	4.764576	-0.296630	9.055318	-0.012326	0.051291	0.004244	-0.674598	-0.568850	0.470454	0.638355	-0.769592	-0.015196	0.370702	0.290066	0.882294
49899	4.791860	-0.151063	9.102157	-0.004063	0.037358	0.002702	-0.674737	-0.568945	0.470139	0.638316	-0.769623	-0.015266	0.370515	0.289797	0.882460
49900	4.818913	-0.198825	9.036197	-0.012233	0.043499	0.004170	-0.674887	-0.569067	0.469777	0.638260	-0.769667	-0.015408	0.370339	0.289441	0.882651
49901	4.460513	-0.187034	9.175501	-0.018464	0.038757	0.004358	-0.675018	-0.569182	0.469449	0.638182	-0.769727	-0.015613	0.370234	0.289055	0.882821
49902	4.553285	-0.260053	9.268580	0.013447	-0.020099	-0.003637	-0.674983	-0.569059	0.469649	0.638168	-0.769741	-0.015492	0.370324	0.289259	0.882717
49903	4.751024	-0.274576	9.006592	-0.009875	-0.021888	-0.003905	-0.674943	-0.568932	0.469860	0.638065	-0.769825	-0.015581	0.370575	0.289285	0.882603
49904	4.630336	-0.279793	9.164003	0.017072	-0.040232	-0.012472	-0.674889	-0.568683	0.470239	0.638004	-0.769879	-0.015386	0.370777	0.289631	0.882405
49905	4.811190	-0.028357	9.114313	0.014030	-0.035575	-0.013058	-0.674858	-0.568444	0.470572	0.637926	-0.769947	-0.015221	0.370968	0.289919	0.882230
49906	4.945071	-0.216680	9.004643	0.016349	-0.032473	-0.009414	-0.674813	-0.568241	0.470882	0.637884	-0.769986	-0.015046	0.371122	0.290215	0.882068
49907	5.123949	-0.138462	9.083721	0.020564	-0.010610	-0.008271	-0.674842	-0.568114	0.470993	0.637864	-0.770006	-0.014849	0.371103	0.290409	0.882012
49908	5.134952	-0.059917	8.932253	0.024283	0.045465	0.000961	-0.675020	-0.568217	0.470614	0.637921	-0.769962	-0.014653	0.370681	0.290323	0.882218
49909	4.894607	-0.162223	8.988467	0.026079	0.065701	0.006250	-0.675243	-0.568420	0.470048	0.638017	-0.769887	-0.014473	0.370111	0.290126	0.882522
49910	4.817933	-0.212106	9.092770	0.034098	0.072044	0.004895	-0.675493	-0.568631	0.469433	0.638136	-0.769792	-0.014210	0.369446	0.289964	0.882854
49911	4.809061	-0.233123	9.041548	0.027400	0.079761	0.006684	-0.675765	-0.568876	0.468745	0.638239	-0.769711	-0.014019	0.368774	0.289697	0.883222
49912	4.470794	-0.266051	9.191107	0.017448	0.071993	-0.004870	-0.676076	-0.569011	0.468131	0.638231	-0.769721	-0.013857	0.368215	0.289408	0.883550
49913	4.596173	-0.308489	9.143117	0.028181	0.030035	-0.009291	-0.676262	-0.568995	0.467884	0.638232	-0.769724	-0.013587	0.367872	0.289430	0.883686
49914	4.554814	-0.232205	9.048926	0.013331	0.023676	-0.012514	-0.676444	-0.568930	0.467698	0.638157	-0.769789	-0.013425	0.367666	0.289384	0.883786
49915	4.520770	-0.283294	9.246684	0.012595	-0.012191	-0.014616	-0.676509	-0.568750	0.467824	0.638064	-0.769869	-0.013267	0.367709	0.289527	0.883722
49916	4.751293	-0.077900	9.085234	0.010253	-0.038711	-0.016957	-0.676490	-0.568470	0.468190	0.637948	-0.769968	-0.013111	0.367945	0.289811	0.883530
49917	4.757979	-0.223624	9.081284	-0.010869	-0.028052	-0.013527	-0.676488	-0.568254	0.468456	0.637779	-0.770107	-0.013164	0.368241	0.289866	0.883389
49918	4.823276	-0.147991	9.056260	0.005045	-0.030985	-0.014863	-0.676485	-0.568014	0.468753	0.637657	-0.770209	-0.013064	0.368458	0.290066	0.883233
49919	4.900379	-0.167803	9.007612	0.021061	-0.016742	-0.017555	-0.676555	-0.567793	0.468919	0.637571	-0.770285	-0.012817	0.368478	0.290298	0.883148
49920	4.955718	-0.162814	9.004723	0.040586	-0.000957	-0.014811	-0.676661	-0.567639	0.468951	0.637581	-0.770283	-0.012403	0.368265	0.290602	0.883137
49921	5.062128	-0.105426	9.001326	0.066582	0.032161	-0.021437	-0.676936	-0.567532	0.468684	0.637638	-0.770247	-0.011735	0.367663	0.290907	0.883288
49922	4.873589	-0.080553	9.056337	0.048013	0.069277	-0.009398	-0.677266	-0.567625	0.468095	0.637711	-0.770193	-0.011281	0.366927	0.290869	0.883606
49923	4.792615	-0.079419	9.106955	0.026608	0.076793	-0.004509	-0.677593	-0.567779	0.467434	0.637736	-0.770175	-0.011046	0.366278	0.290615	0.883959
49924	4.773980	-0.101772	9.078023	0.014277	0.075034	0.002211	-0.677870	-0.567977	0.466792	0.637764	-0.770154	-0.010944	0.365718	0.290284	0.884300
49925	4.725472	-0.102800	9.115951	0.003556	0.063927	0.009180	-0.678067	-0.568194	0.466241	0.637793	-0.770130	-0.010976	0.365303	0.289923	0.884589
49926	4.762831	-0.126017	9.083868	-0.000284	0.056049	0.012965	-0.678204	-0.568420	0.465766	0.637840	-0.770089	-0.011053	0.364964	0.289588	0.884839
49927	4.672704	-0.105625	9.155945	-0.003031	0.054406	0.018604	-0.678302	-0.568685	0.465299	0.637913	-0.770027	-0.011187	0.364654	0.289232	0.885083
49928	4.702192	-0.154444	9.145031	0.001403	0.032588	0.020903	-0.678304	-0.568904	0.465029	0.638021	-0.769937	-0.011286	0.364464	0.289043	0.885223
49929	4.615604	-0.279973	9.159298	-0.008044	0.029428	0.014167	-0.678339	-0.569062	0.464784	0.638045	-0.769914	-0.011444	0.364356	0.288790	0.885350
49930	4.762931	-0.203135	9.122395	0.005327	0.017124	0.010671	-0.678349	-0.569158	0.464653	0.638097	-0.769871	-0.011461	0.364245	0.288719	0.885419
49931	4.740631	-0.276711	9.112338	0.003544	0.023411	0.004107	-0.678426	-0.569223	0.464461	0.638096	-0.769871	-0.011470	0.364104	0.288589	0.885519
49932	4.802293	-0.152860	9.145182	0.011983	0.021971	0.001221	-0.678514	-0.569259	0.464288	0.638109	-0.769862	-0.011384	0.363918	0.288542	0.885611
49933	4.807909	-0.175228	9.069530	0.006974	0.039080	0.001869	-0.678664	-0.569349	0.463958	0.638102	-0.769868	-0.011350	0.363648	0.288349	0.885785
49934	4.814618	-0.101268	9.104786	0.013543	0.042292	0.000190	-0.678833	-0.569436	0.463605	0.638114	-0.769860	-0.011246	0.363314	0.288198	0.885971
49935	4.711714	-0.127022	9.088890	0.006760	0.056251	0.001984	-0.679043	-0.569578	0.463122	0.638109	-0.769864	-0.011216	0.362929	0.287906	0.886224
49936	4.685531	-0.150996	9.080873	0.011183	0.043865	-0.003424	-0.679240	-0.569642	0.462755	0.638087	-0.769884	-0.011115	0.362599	0.287728	0.886417
49937	4.703393	-0.124892	9.093228	0.011884	0.039220	-0.006438	-0.679441	-0.569670	0.462424	0.638045	-0.769921	-0.011001	0.362297	0.287572	0.886591
49938	4.622670	-0.198793	9.031630	-0.007340	0.042112	-0.004317	-0.679637	-0.569721	0.462073	0.637949	-0.769999	-0.011061	0.362097	0.287262	0.886773
49939	4.669516	-0.176363	9.217404	-0.014963	0.029541	-0.004520	-0.679793	-0.569735	0.461827	0.637820	-0.770104	-0.011194	0.362032	0.286953	0.886899
49940	4.674898	-0.176629	9.141937	-0.020385	0.027888	-0.001024	-0.679916	-0.569771	0.461601	0.637700	-0.770200	-0.011384	0.362012	0.286623	0.887014
49941	4.747134	-0.175764	9.096695	-0.017060	0.026372	-0.001880	-0.680041	-0.569799	0.461383	0.637585	-0.770293	-0.011548	0.361981	0.286318	0.887126
49942	4.712942	-0.227267	9.109721	-0.023221	0.041931	-0.003065	-0.680228	-0.569859	0.461033	0.637441	-0.770409	-0.011755	0.361883	0.285885	0.887305
49943	4.636860	-0.257100	9.212332	-0.030071	0.045026	-0.007643	-0.680459	-0.569892	0.460650	0.637237	-0.770574	-0.012007	0.361808	0.285373	0.887500
49944	4.760266	-0.182372	9.167011	-0.033555	0.043483	-0.013099	-0.680715	-0.569879	0.460288	0.636987	-0.770777	-0.012259	0.361765	0.284852	0.887685
49945	4.709877	-0.138153	9.149842	-0.061907	0.060349	-0.012842	-0.681032	-0.569918	0.459770	0.636635	-0.771060	-0.012771	0.361789	0.284008	0.887946
49946	4.536605	-0.249555	9.288186	-0.110498	0.067627	-0.012406	-0.681372	-0.569978	0.459193	0.636111	-0.771476	-0.013710	0.362071	0.282756	0.888231
49947	4.591548	-0.160499	9.213537	-0.151487	0.048504	-0.016861	-0.681675	-0.569948	0.458779	0.635403	-0.772035	-0.015000	0.362743	0.281285	0.888424
49948	4.599572	-0.201303	9.247455	-0.212101	0.052499	-0.011297	-0.681953	-0.569972	0.458337	0.634516	-0.772726	-0.016847	0.363771	0.279333	0.888619
49949	4.408476	-0.322433	9.133101	-0.254966	0.038082	-0.014599	-0.682203	-0.569929	0.458018	0.633444	-0.773554	-0.019069	0.365169	0.277120	0.888739
49950	3.655046	-0.040237	9.765934	-0.308922	-0.015404	-0.022466	-0.682304	-0.569676	0.458181	0.632120	-0.774566	-0.021726	0.367268	0.274802	0.888593
49951	2.050530	0.196301	10.699252	-0.475243	-0.201675	-0.096110	-0.682181	-0.568347	0.460011	0.629668	-0.776445	-0.025527	0.371682	0.272240	0.887546
49952	2.804746	-2.037512	10.598532	-0.151199	-0.540292	0.002610	-0.680159	-0.566855	0.464821	0.629081	-0.776875	-0.026894	0.376353	0.274118	0.884996
49953	4.486574	-0.798206	9.875660	0.117884	-0.873221	-0.130114	-0.677684	-0.563394	0.472581	0.628604	-0.777315	-0.025266	0.381579	0.279944	0.880925
49954	5.062025	0.521559	10.374537	0.288722	-0.790609	-0.153548	-0.675633	-0.559924	0.479589	0.628632	-0.777392	-0.022011	0.385153	0.286614	0.877217
49955	4.799922	-0.850332	10.002536	-0.027901	-0.672068	-0.159119	-0.674044	-0.556716	0.485523	0.627409	-0.778393	-0.021508	0.389901	0.290124	0.873960
49956	4.522716	-0.411181	10.099929	0.120083	-0.864221	-0.247793	-0.672220	-0.552217	0.493129	0.626172	-0.779447	-0.019261	0.395005	0.295836	0.869743
49957	4.484944	0.298808	10.741342	0.128935	-1.064673	-0.286903	-0.669788	-0.546763	0.502428	0.624723	-0.780667	-0.016736	0.401380	0.302669	0.864457
49958	4.353528	0.520819	11.121987	0.069986	-1.243431	-0.257859	-0.666371	-0.540903	0.513200	0.623244	-0.781887	-0.014835	0.409289	0.309963	0.858141
49959	4.294307	1.007997	12.147095	-0.004088	-1.569901	-0.098780	-0.660493	-0.535165	0.526637	0.622531	-0.782463	-0.014373	0.419766	0.318355	0.849969
49960	4.246844	1.488234	12.334441	-0.237741	-1.991991	0.137426	-0.651144	-0.529774	0.543462	0.622376	-0.782531	-0.017127	0.434349	0.327086	0.839259
49961	3.419027	2.681279	13.238172	-0.092578	-2.465010	0.466871	-0.637337	-0.525173	0.563910	0.624931	-0.780411	-0.020499	0.450847	0.339340	0.825582
49962	2.187889	4.294859	14.355977	-0.122039	-3.097232	0.904157	-0.617398	-0.521426	0.589012	0.630000	-0.776135	-0.026716	0.471083	0.354583	0.807683
49963	3.477203	5.227466	14.760326	-0.705417	-3.697961	1.290484	-0.591325	-0.518022	0.618051	0.634347	-0.772006	-0.040144	0.497935	0.368320	0.785112
49964	2.989118	2.628485	11.764375	-1.298042	-4.142257	1.423185	-0.561002	-0.513461	0.649334	0.635834	-0.769553	-0.059187	0.530087	0.379665	0.758196
49965	11.398664	2.686357	13.571460	-0.575205	-4.791948	1.386721	-0.526017	-0.505406	0.684010	0.640202	-0.764755	-0.072739	0.559863	0.399643	0.725837
49966	11.927619	5.110848	13.512543	-1.286046	-3.881387	1.493923	-0.494182	-0.501075	0.710428	0.640402	-0.762473	-0.092311	0.587937	0.409341	0.697689
49967	8.404793	3.812485	11.143651	-1.826778	-3.525412	1.681298	-0.462187	-0.499349	0.732826	0.637395	-0.761608	-0.116962	0.616532	0.413041	0.670288
49968	6.429606	1.809415	9.866997	-2.087684	-3.510721	1.808053	-0.428560	-0.498548	0.753516	0.632234	-0.761261	-0.144092	0.645459	0.414646	0.641445
49969	6.128866	0.610118	9.329805	-1.913139	-3.421965	1.819081	-0.394528	-0.498116	0.772158	0.627072	-0.760185	-0.169994	0.671660	0.417132	0.612269
49970	2.655819	-0.040335	8.018600	-1.677613	-3.440914	1.777927	-0.359909	-0.497148	0.789500	0.622274	-0.758407	-0.193893	0.695155	0.421502	0.582319
49971	-1.001498	1.198252	8.750392	-1.447705	-3.591478	1.686104	-0.324097	-0.494624	0.806417	0.617793	-0.756222	-0.215547	0.716444	0.428341	0.550665
49972	0.275609	6.024157	8.535001	-1.316396	-3.458908	1.042474	-0.292586	-0.487533	0.822620	0.611414	-0.756822	-0.231072	0.735232	0.435353	0.519520
49973	30.069978	0.520636	7.759827	-0.861111	-2.478557	0.371610	-0.271961	-0.479467	0.834355	0.606065	-0.758814	-0.238509	0.747478	0.440808	0.496956
49974	8.612418	-0.870247	16.648010	-1.470311	3.501167	-1.366259	-0.306296	-0.483914	0.819762	0.591093	-0.771706	-0.234689	0.746184	0.412671	0.522409
49975	5.251995	2.546490	10.959338	1.487440	2.115541	-2.002864	-0.333821	-0.477142	0.812957	0.595656	-0.775197	-0.210389	0.730587	0.414011	0.542990
49976	2.601722	6.221214	5.729366	0.689025	3.281553	-2.368555	-0.371617	-0.472059	0.799413	0.592242	-0.783655	-0.187443	0.714948	0.403789	0.570793
49977	-1.985261	2.195107	2.968953	-0.430924	3.565522	-1.970901	-0.408496	-0.470523	0.782138	0.581490	-0.794652	-0.174350	0.703563	0.383584	0.598216
49978	-2.318106	0.233034	1.584417	0.193373	3.047128	-1.635862	-0.439196	-0.468920	0.766304	0.575861	-0.801639	-0.160496	0.689559	0.370795	0.622109
49979	-0.140594	-0.509344	1.891081	0.533841	2.559393	-1.192925	-0.463536	-0.468708	0.751962	0.574111	-0.805283	-0.148041	0.674930	0.363088	0.642368
49980	1.494478	-1.173032	2.041005	0.804783	2.285072	-0.878314	-0.483837	-0.469838	0.738345	0.575278	-0.806531	-0.136248	0.659512	0.358832	0.660517
49981	1.620491	-0.765986	2.674957	1.109740	2.042362	-0.723250	-0.501332	-0.471313	0.725625	0.578935	-0.805965	-0.123512	0.643041	0.358169	0.676915
49982	2.007313	-1.180456	3.638304	1.179114	1.906493	-0.680570	-0.517395	-0.472625	0.713392	0.582910	-0.804982	-0.110542	0.626513	0.358650	0.691991
49983	3.421725	-1.445707	4.472708	1.351500	1.813145	-0.768910	-0.533113	-0.472949	0.701505	0.587211	-0.803764	-0.095636	0.609075	0.360947	0.706218
49984	5.144796	-1.199895	5.492417	1.500698	1.834964	-0.900313	-0.549432	-0.472332	0.689222	0.591296	-0.802608	-0.078670	0.590334	0.364310	0.720267
49985	7.269271	-1.104893	6.424454	1.515273	1.960998	-1.002904	-0.566778	-0.471445	0.675649	0.594481	-0.801809	-0.060786	0.570399	0.367209	0.734713
49986	9.030538	-0.944673	6.578772	1.483025	2.261621	-1.074775	-0.585843	-0.471109	0.659428	0.596542	-0.801450	-0.042598	0.548567	0.368421	0.750560
49987	9.470914	-1.526856	5.970454	1.319406	2.617595	-1.109126	-0.606533	-0.471825	0.639921	0.596999	-0.801841	-0.025361	0.525080	0.366650	0.768022
49988	9.167048	-1.144890	5.143022	1.338651	2.813799	-1.101726	-0.627541	-0.473230	0.618260	0.597018	-0.802187	-0.008031	0.499761	0.364072	0.785933
49989	8.949280	-0.734206	4.600652	1.274872	2.869506	-0.994164	-0.647464	-0.475638	0.595448	0.596870	-0.802296	0.008143	0.473853	0.360678	0.803352
49990	8.905899	-0.750259	4.345118	1.111297	2.831258	-0.796988	-0.665293	-0.479352	0.572370	0.596723	-0.802151	0.021809	0.448672	0.356056	0.819706
49991	9.575325	-1.014896	4.883959	1.080526	2.675159	-0.615864	-0.680662	-0.483867	0.550065	0.597276	-0.801306	0.034209	0.424218	0.351825	0.834421
49992	9.214677	-1.692081	5.501523	1.044054	2.525373	-0.448638	-0.693774	-0.489072	0.528665	0.598457	-0.799867	0.045400	0.400658	0.347881	0.847616
49993	9.009762	-2.701809	6.029408	1.158640	2.325708	-0.314751	-0.704725	-0.494606	0.508652	0.600743	-0.797413	0.056922	0.377452	0.345684	0.859088
49994	8.497690	-3.945851	6.126586	1.248907	2.238829	-0.216986	-0.714236	-0.500567	0.489184	0.603732	-0.794214	0.068787	0.354084	0.344465	0.869464
49995	7.473787	-4.776541	6.039224	1.509861	2.165098	-0.317421	-0.723571	-0.505501	0.470014	0.606586	-0.790621	0.083504	0.329392	0.345525	0.878700
49996	7.962720	-1.950068	6.920305	2.053184	1.903577	-0.512121	-0.732721	-0.508065	0.452759	0.609310	-0.786087	0.103965	0.303086	0.352048	0.885551
49997	8.905671	-1.246051	7.622589	1.611072	1.962139	-0.670771	-0.742532	-0.509711	0.434558	0.609023	-0.783829	0.121257	0.278813	0.354693	0.892444
49998	10.980900	-0.806982	8.377510	1.578902	1.776743	-1.067931	-0.753784	-0.507634	0.417273	0.605217	-0.783667	0.139924	0.255973	0.358013	0.897944
49999	13.891473	1.223926	8.489829	1.407363	1.609953	-1.526107	-0.766930	-0.501416	0.400501	0.597040	-0.786332	0.158823	0.235291	0.360921	0.902427
50000	14.388439	2.886923	7.712759	0.523649	1.749301	-1.758442	-0.781307	-0.493762	0.381783	0.584578	-0.793237	0.170424	0.218695	0.356336	0.908404
50001	8.514845	4.314720	11.619367	-0.583520	2.079259	-1.743817	-0.795799	-0.487061	0.359827	0.569557	-0.803851	0.171551	0.205691	0.341462	0.917112
50002	4.689938	9.666303	5.370659	-2.253645	-0.893860	-1.095746	-0.800055	-0.475153	0.366254	0.555915	-0.816691	0.154835	0.225547	0.327483	0.917542
50003	15.263699	-14.156835	-10.240343	-4.665318	0.074306	0.549809	-0.797207	-0.479876	0.366307	0.549164	-0.828464	0.109845	0.250761	0.288732	0.923988
50004	-7.706013	14.230051	14.016504	-1.548125	0.923961	-0.081166	-0.799988	-0.481750	0.357682	0.544585	-0.833219	0.095776	0.251887	0.271408	0.928919
50005	-3.706599	-4.658614	15.499017	-6.490762	-0.576833	1.581004	-0.789859	-0.493546	0.364054	0.539478	-0.841477	0.029676	0.291697	0.219839	0.930905
50006	-4.429600	-39.478541	3.497068	-1.644326	-0.893293	-0.005304	-0.787224	-0.491543	0.372377	0.534467	-0.845066	0.014392	0.307609	0.210353	0.927970
50007	6.873776	5.541582	20.427809	4.381778	-4.438579	-0.815111	-0.777720	-0.474012	0.412873	0.541775	-0.838532	0.057826	0.318797	0.268657	0.908951
50008	44.825529	-10.632989	27.659892	-1.974839	-2.287007	1.364268	-0.762698	-0.479326	0.434210	0.545665	-0.837307	0.034165	0.347191	0.262991	0.900163
50009	2.093904	-0.601087	4.613646	0.986999	4.125851	-0.958257	-0.781482	-0.481864	0.396349	0.541462	-0.839406	0.047087	0.310008	0.251406	0.916892
50010	-16.329579	9.225324	3.152683	0.080136	-0.481021	0.123559	-0.779326	-0.481646	0.400833	0.542634	-0.838636	0.047311	0.313366	0.254377	0.914929
50011	18.151898	-7.213621	15.996057	0.153533	-2.991506	0.522434	-0.766785	-0.478141	0.428278	0.547129	-0.835755	0.046516	0.335694	0.269991	0.902449
50012	5.914558	-2.196610	9.401923	0.854638	1.806408	-0.419342	-0.774988	-0.479462	0.411716	0.546645	-0.835490	0.056004	0.317132	0.268465	0.909590
50013	-3.594425	0.472546	8.925812	-1.082879	0.408115	-0.346189	-0.778185	-0.477595	0.407837	0.540460	-0.840026	0.047533	0.319892	0.257409	0.911817
50014	8.840582	-1.099270	8.269977	1.283084	-1.291793	-0.072048	-0.774437	-0.473518	0.419558	0.543984	-0.836985	0.059475	0.323001	0.274292	0.905778
50015	6.263321	4.176981	10.584218	0.469843	0.358921	-0.306714	-0.777269	-0.471900	0.416130	0.543062	-0.837174	0.064987	0.317705	0.276497	0.906980
50016	2.601180	0.347379	8.568857	-0.440583	0.428481	-0.087640	-0.779116	-0.472299	0.412203	0.540941	-0.838821	0.061333	0.316797	0.270763	0.909025
50017	4.398067	2.121563	9.291215	0.659895	-0.238014	-0.152082	-0.779203	-0.470333	0.414283	0.541795	-0.837761	0.067928	0.315121	0.277386	0.907610
50018	4.653793	0.969245	9.459722	0.107268	0.059162	-0.105574	-0.779974	-0.469574	0.413692	0.541268	-0.837988	0.069322	0.314117	0.277987	0.907774
50019	4.942392	-0.218836	9.358671	0.346853	-0.022500	-0.149432	-0.780727	-0.468219	0.413806	0.541143	-0.837751	0.073062	0.312457	0.280969	0.907429
50020	3.448213	0.996247	8.929562	0.266144	0.146106	-0.187597	-0.782210	-0.467021	0.412359	0.540463	-0.837907	0.076235	0.309915	0.282497	0.907826
50021	3.460623	1.771648	8.903001	0.275528	-0.064529	-0.144959	-0.782809	-0.465583	0.412847	0.540136	-0.837833	0.079307	0.308972	0.285076	0.907341
50022	4.126867	2.136717	8.951477	0.234172	-0.093287	-0.139518	-0.783287	-0.464109	0.413599	0.539725	-0.837839	0.081991	0.308477	0.287452	0.906760
50023	3.848147	1.097819	9.173158	0.090201	-0.099603	-0.141297	-0.783757	-0.462598	0.414401	0.538851	-0.838266	0.083368	0.308812	0.288640	0.906268
50024	4.523332	-0.513319	9.870286	0.095893	-0.128826	-0.160653	-0.784237	-0.460840	0.415451	0.537847	-0.838758	0.084886	0.309344	0.290020	0.905646
50025	4.523537	-0.433435	9.483085	0.114764	-0.037317	-0.155448	-0.784972	-0.459388	0.415671	0.536936	-0.839172	0.086546	0.309061	0.291125	0.905388
50026	4.436732	0.018840	9.655852	0.097656	-0.001152	-0.137256	-0.785718	-0.458193	0.415580	0.536119	-0.839545	0.087983	0.308585	0.291930	0.905291
50027	4.330035	1.000320	9.443140	0.083387	0.033578	-0.104218	-0.786395	-0.457377	0.415199	0.535510	-0.839811	0.089144	0.307916	0.292446	0.905353
50028	4.164158	1.367494	9.137077	0.026630	0.021676	-0.047033	-0.786726	-0.457006	0.414979	0.535181	-0.839976	0.089564	0.307641	0.292551	0.905412
50029	3.960830	1.626909	9.052054	-0.033721	0.017262	0.015642	-0.786711	-0.457148	0.414851	0.535154	-0.840035	0.089167	0.307727	0.292158	0.905510
50030	4.610833	1.077871	9.402706	-0.062879	-0.006168	0.054171	-0.786415	-0.457546	0.414974	0.535345	-0.839999	0.088356	0.308151	0.291638	0.905533
50031	4.573713	0.398782	9.509401	-0.019204	0.048415	0.035105	-0.786391	-0.457943	0.414581	0.535517	-0.839926	0.088010	0.307914	0.291226	0.905746
50032	4.313549	0.478687	9.494519	0.068272	0.001797	-0.035556	-0.786600	-0.457610	0.414552	0.535406	-0.839918	0.088759	0.307573	0.291771	0.905687
50033	3.998166	-0.366175	9.449886	0.024181	0.043630	-0.064804	-0.787096	-0.457153	0.414114	0.534924	-0.840176	0.089220	0.307141	0.291744	0.905842
