// General information: 
//  MT Manager version: 2022.2.0 
//  XDA version: 2022.2.0 build 7381 rev 124627 built on 2023-07-19
// Device information: 
//  DeviceId: 00B4CAF0
//  ProductCode: MTW2-3A7G6
//  Firmware Version: 4.6.0
//  Hardware Version: 2.0.0
// Device settings: 
//  Filter Profile: human(46.1)
//  Option Flags: Orientation Smoother Disabled, Position/Velocity Smoother Disabled, Continuous Zero Rotation Update Disabled, AHS Disabled, ICC Disabled
// Coordinate system: ENU
PacketCounter	Acc_X	Acc_Y	Acc_Z	Gyr_X	Gyr_Y	Gyr_Z	Mat[1][1]	Mat[2][1]	Mat[3][1]	Mat[1][2]	Mat[2][2]	Mat[3][2]	Mat[1][3]	Mat[2][3]	Mat[3][3]
30636	4.440672	-1.409108	9.153900	0.006135	0.002990	0.001531	-0.885292	0.169232	0.433149	-0.246508	-0.960580	-0.128527	0.394324	-0.220559	0.892111
30637	4.463915	-1.407572	9.203351	0.004586	0.001487	0.001544	-0.885295	0.169189	0.433160	-0.246481	-0.960583	-0.128562	0.394334	-0.220581	0.892101
30638	4.464279	-1.408171	9.179056	0.004549	-0.000010	0.003097	-0.885291	0.169171	0.433177	-0.246456	-0.960592	-0.128542	0.394360	-0.220556	0.892096
30639	4.466704	-1.361025	9.128484	0.003000	-0.001513	0.003110	-0.885284	0.169184	0.433184	-0.246489	-0.960578	-0.128579	0.394354	-0.220604	0.892087
30640	4.465799	-1.385096	9.129518	0.006158	0.004515	0.001502	-0.885293	0.169190	0.433163	-0.246472	-0.960588	-0.128538	0.394344	-0.220556	0.892103
30641	4.439699	-1.381232	9.202411	0.004572	0.001516	0.003069	-0.885269	0.169262	0.433184	-0.246557	-0.960566	-0.128539	0.394345	-0.220596	0.892093
30642	4.489104	-1.384362	9.154791	0.001566	0.004612	0.002982	-0.885282	0.169255	0.433160	-0.246545	-0.960568	-0.128546	0.394323	-0.220593	0.892103
30643	4.439984	-1.382777	9.153983	0.004572	0.001516	0.003069	-0.885261	0.169332	0.433173	-0.246634	-0.960545	-0.128548	0.394315	-0.220634	0.892097
30644	4.439463	-1.407732	9.130674	0.006121	0.003019	0.003056	-0.885268	0.169321	0.433163	-0.246604	-0.960557	-0.128514	0.394318	-0.220589	0.892106
30645	4.463731	-1.382893	9.154887	0.003077	0.004618	0.004523	-0.885279	0.169323	0.433140	-0.246618	-0.960548	-0.128556	0.394284	-0.220628	0.892112
30646	4.439388	-1.382877	9.130233	0.006106	0.003047	0.004582	-0.885290	0.169297	0.433128	-0.246575	-0.960563	-0.128529	0.394287	-0.220584	0.892121
30647	4.464057	-1.358962	9.130086	0.003115	0.006115	0.002969	-0.885289	0.169343	0.433112	-0.246632	-0.960545	-0.128554	0.394254	-0.220627	0.892125
30648	4.437911	-1.406900	9.131557	0.002984	-0.001484	0.004637	-0.885282	0.169307	0.433140	-0.246600	-0.960553	-0.128555	0.394289	-0.220620	0.892112
30649	4.437378	-1.380479	9.179618	0.004664	0.007618	0.002956	-0.885268	0.169378	0.433142	-0.246676	-0.960534	-0.128553	0.394274	-0.220650	0.892111
30650	4.436647	-1.405364	9.156426	0.007623	0.001470	0.003101	-0.885269	0.169363	0.433146	-0.246640	-0.960549	-0.128506	0.394294	-0.220593	0.892116
30651	4.437556	-1.381588	9.131318	0.001581	0.004583	0.001456	-0.885258	0.169464	0.433128	-0.246755	-0.960517	-0.128526	0.394246	-0.220655	0.892122
30652	4.485904	-1.382858	9.132568	0.004618	0.004567	0.003013	-0.885271	0.169457	0.433104	-0.246732	-0.960526	-0.128506	0.394232	-0.220623	0.892136
30653	4.411835	-1.379353	9.155706	0.007632	0.003025	0.004598	-0.885225	0.169485	0.433188	-0.246775	-0.960518	-0.128485	0.394308	-0.220638	0.892099
30654	4.460028	-1.405808	9.133448	0.003069	0.003064	0.003025	-0.885232	0.169475	0.433178	-0.246758	-0.960523	-0.128478	0.394303	-0.220623	0.892105
30655	4.434751	-1.403962	9.157560	0.004603	0.004596	0.004538	-0.885252	0.169465	0.433139	-0.246753	-0.960520	-0.128512	0.394260	-0.220644	0.892118
30656	4.459495	-1.380055	9.157379	0.004595	0.003041	0.003041	-0.885259	0.169455	0.433129	-0.246729	-0.960528	-0.128492	0.394259	-0.220614	0.892126
30657	4.434625	-1.379139	9.157130	0.003101	0.006144	0.004494	-0.885296	0.169438	0.433062	-0.246718	-0.960524	-0.128548	0.394185	-0.220647	0.892151
30658	4.410106	-1.379190	9.132544	0.003131	0.006086	0.001442	-0.885311	0.169449	0.433027	-0.246714	-0.960526	-0.128534	0.394153	-0.220626	0.892170
30659	4.457221	-1.403848	9.159132	0.004595	0.003041	0.003041	-0.885323	0.169479	0.432990	-0.246747	-0.960515	-0.128557	0.394105	-0.220653	0.892184
30660	4.433534	-1.404780	9.109995	0.003045	0.001538	0.003054	-0.885324	0.169465	0.432993	-0.246730	-0.960520	-0.128550	0.394114	-0.220641	0.892184
30661	4.480632	-1.403214	9.184345	0.004595	0.003041	0.003041	-0.885339	0.169471	0.432961	-0.246741	-0.960514	-0.128579	0.394074	-0.220665	0.892195
30662	4.433561	-1.353806	9.157227	0.001504	0.001591	0.004564	-0.885344	0.169443	0.432962	-0.246717	-0.960518	-0.128593	0.394078	-0.220668	0.892193
30663	4.456951	-1.378851	9.158799	0.003084	0.003034	0.001500	-0.885352	0.169441	0.432944	-0.246728	-0.960510	-0.128633	0.394051	-0.220705	0.892196
30664	4.455999	-1.403197	9.159827	0.001465	0.000095	0.006119	-0.885355	0.169395	0.432957	-0.246690	-0.960517	-0.128654	0.394069	-0.220711	0.892186
30665	4.456675	-1.378846	9.158933	0.003006	0.000042	0.004609	-0.885356	0.169396	0.432956	-0.246710	-0.960505	-0.128699	0.394055	-0.220759	0.892180
30666	4.455847	-1.403300	9.159885	-0.000045	0.000088	0.004577	-0.885355	0.169364	0.432970	-0.246692	-0.960506	-0.128727	0.394069	-0.220779	0.892169
30667	4.433312	-1.354801	9.133183	0.003030	0.001568	0.004580	-0.885348	0.169389	0.432973	-0.246736	-0.960490	-0.128762	0.394056	-0.220829	0.892163
30668	4.432912	-1.380024	9.109797	0.003022	0.000013	0.003083	-0.885343	0.169372	0.432990	-0.246719	-0.960495	-0.128757	0.394077	-0.220821	0.892155
30669	4.456781	-1.379751	9.134732	0.001496	0.000036	0.003067	-0.885342	0.169308	0.433018	-0.246687	-0.960495	-0.128824	0.394100	-0.220873	0.892132
30670	4.455421	-1.403120	9.160120	0.003045	0.001538	0.003054	-0.885343	0.169294	0.433021	-0.246670	-0.960500	-0.128818	0.394109	-0.220862	0.892131
30671	4.457106	-1.380557	9.110440	0.001472	-0.001490	0.003097	-0.885335	0.169319	0.433029	-0.246720	-0.960481	-0.128865	0.394096	-0.220925	0.892121
30672	4.456160	-1.378806	9.159190	-0.001556	0.000082	0.003035	-0.885330	0.169302	0.433045	-0.246722	-0.960476	-0.128900	0.394106	-0.220961	0.892108
30673	4.454573	-1.427678	9.161064	0.003006	0.000042	0.004609	-0.885336	0.169266	0.433047	-0.246707	-0.960472	-0.128952	0.394102	-0.221002	0.892100
30674	4.455694	-1.404204	9.135810	0.001520	0.001561	0.003038	-0.885337	0.169253	0.433050	-0.246696	-0.960474	-0.128960	0.394106	-0.221005	0.892097
30675	4.432784	-1.354619	9.133466	0.002998	-0.001513	0.003113	-0.885307	0.169306	0.433089	-0.246774	-0.960451	-0.128983	0.394124	-0.221065	0.892075
30676	4.456087	-1.405013	9.111485	0.001520	0.001561	0.003038	-0.885308	0.169292	0.433092	-0.246764	-0.960453	-0.128991	0.394128	-0.221068	0.892072
30677	4.455144	-1.403049	9.160265	0.002974	-0.003038	0.003142	-0.885283	0.169279	0.433149	-0.246781	-0.960443	-0.129029	0.394173	-0.221120	0.892039
30678	4.456489	-1.379548	9.134905	0.001496	0.000036	0.003067	-0.885279	0.169262	0.433165	-0.246771	-0.960444	-0.129037	0.394190	-0.221126	0.892030
30679	4.453941	-1.426278	9.185598	0.004547	-0.000011	0.003099	-0.885243	0.169351	0.433204	-0.246876	-0.960418	-0.129034	0.394205	-0.221174	0.892012
30680	4.456428	-1.379062	9.135009	0.004578	-0.000070	0.000048	-0.885230	0.169362	0.433225	-0.246880	-0.960421	-0.129002	0.394231	-0.221151	0.892006
30681	4.455087	-1.402146	9.160431	0.004572	0.001515	0.003070	-0.885215	0.169411	0.433237	-0.246941	-0.960404	-0.129013	0.394226	-0.221188	0.891998
30682	4.431253	-1.376937	9.159093	0.001490	0.001621	0.006090	-0.885224	0.169369	0.433236	-0.246904	-0.960410	-0.129034	0.394230	-0.221192	0.891996
30683	4.455214	-1.402919	9.136242	0.006058	-0.000005	0.004641	-0.885225	0.169285	0.433266	-0.246836	-0.960424	-0.129068	0.394270	-0.221200	0.891976
30684	4.456416	-1.379248	9.110976	0.003022	0.000013	0.003083	-0.885220	0.169267	0.433283	-0.246820	-0.960428	-0.129063	0.394292	-0.221192	0.891969
30685	4.454492	-1.401579	9.160807	0.003070	0.003064	0.003025	-0.885215	0.169330	0.433268	-0.246894	-0.960406	-0.129086	0.394255	-0.221240	0.891973
30686	4.454655	-1.402319	9.136607	0.004596	0.003040	0.003041	-0.885222	0.169320	0.433258	-0.246872	-0.960414	-0.129067	0.394254	-0.221212	0.891981
30687	4.430146	-1.401284	9.136189	0.004523	-0.001537	0.003129	-0.885195	0.169411	0.433277	-0.246977	-0.960387	-0.129070	0.394248	-0.221262	0.891971
30688	4.454665	-1.376313	9.160292	0.006161	0.004512	0.001502	-0.885204	0.169419	0.433256	-0.246963	-0.960396	-0.129030	0.394237	-0.221216	0.891987
30689	4.453720	-1.400310	9.161377	0.004523	-0.001536	0.003129	-0.885200	0.169464	0.433247	-0.247017	-0.960379	-0.129049	0.394212	-0.221254	0.891988
30690	4.455775	-1.352332	9.135115	0.003006	0.000043	0.004609	-0.885199	0.169432	0.433262	-0.246988	-0.960387	-0.129051	0.394233	-0.221246	0.891981
30691	4.454106	-1.400958	9.137083	0.003061	0.001508	0.001528	-0.885185	0.169454	0.433282	-0.247030	-0.960372	-0.129079	0.394239	-0.221293	0.891967
30692	4.454714	-1.376398	9.136247	0.003046	0.001538	0.003054	-0.885186	0.169441	0.433285	-0.247014	-0.960377	-0.129074	0.394247	-0.221282	0.891966
30693	4.478080	-1.401328	9.137866	0.004596	0.003040	0.003041	-0.885171	0.169469	0.433304	-0.247055	-0.960364	-0.129089	0.394253	-0.221316	0.891955
30694	4.453490	-1.400322	9.137481	0.004532	0.000019	0.004626	-0.885170	0.169437	0.433319	-0.247020	-0.960375	-0.129077	0.394278	-0.221294	0.891949
30695	4.429679	-1.375069	9.136126	0.001544	0.003088	0.003008	-0.885168	0.169382	0.433345	-0.246996	-0.960373	-0.129142	0.394299	-0.221347	0.891927
30696	4.477780	-1.375415	9.161682	0.007569	0.000002	0.006184	-0.885170	0.169335	0.433358	-0.246934	-0.960393	-0.129110	0.394331	-0.221295	0.891925
30697	4.452977	-1.399723	9.137823	0.001550	0.001502	-0.000014	-0.885159	0.169398	0.433356	-0.247016	-0.960367	-0.129142	0.394304	-0.221357	0.891922
30698	4.476643	-1.399409	9.162866	0.003055	0.003094	0.004550	-0.885170	0.169374	0.433343	-0.246987	-0.960375	-0.129143	0.394298	-0.221344	0.891928
30699	4.452279	-1.373113	9.185940	0.004572	0.001514	0.003070	-0.885195	0.169345	0.433304	-0.246963	-0.960375	-0.129183	0.394258	-0.221362	0.891942
30700	4.452275	-1.399396	9.138215	-0.000021	0.001616	0.004547	-0.885200	0.169318	0.433304	-0.246946	-0.960376	-0.129212	0.394257	-0.221381	0.891937
30701	4.476486	-1.400159	9.138826	0.003061	0.001508	0.001528	-0.885203	0.169300	0.433305	-0.246945	-0.960371	-0.129253	0.394251	-0.221417	0.891931
30702	4.452694	-1.374868	9.137462	0.003030	0.001569	0.004580	-0.885208	0.169272	0.433306	-0.246916	-0.960378	-0.129255	0.394258	-0.221408	0.891930
30703	4.451928	-1.373821	9.161997	0.003055	0.003094	0.004550	-0.885207	0.169290	0.433300	-0.246951	-0.960364	-0.129293	0.394238	-0.221455	0.891927
30704	4.451785	-1.400106	9.114343	0.001545	0.003088	0.003008	-0.885214	0.169281	0.433290	-0.246942	-0.960365	-0.129301	0.394228	-0.221456	0.891931
30705	4.475552	-1.399833	9.139333	0.004492	-0.001476	0.006182	-0.885209	0.169288	0.433296	-0.246965	-0.960355	-0.129332	0.394224	-0.221495	0.891923
30706	4.427344	-1.373835	9.137443	0.001569	0.004613	0.002978	-0.885222	0.169282	0.433272	-0.246956	-0.960356	-0.129340	0.394201	-0.221494	0.891934
30707	4.475230	-1.399690	9.139512	0.002972	-0.003038	0.003144	-0.885187	0.169260	0.433352	-0.246970	-0.960347	-0.129378	0.394270	-0.221549	0.891890
30708	4.426903	-1.372723	9.161829	0.001470	-0.001489	0.003098	-0.885177	0.169240	0.433383	-0.246960	-0.960349	-0.129388	0.394301	-0.221559	0.891874
30709	4.451008	-1.398890	9.138909	0.001480	0.000067	0.004593	-0.885155	0.169254	0.433420	-0.247007	-0.960330	-0.129435	0.394319	-0.221628	0.891848
30710	4.450950	-1.398925	9.138932	0.001495	0.000037	0.003068	-0.885150	0.169237	0.433437	-0.246997	-0.960331	-0.129444	0.394336	-0.221635	0.891839
30711	4.450413	-1.397948	9.163344	0.001495	0.000037	0.003068	-0.885105	0.169313	0.433499	-0.247107	-0.960300	-0.129468	0.394369	-0.221713	0.891805
30712	4.451431	-1.399799	9.114563	0.003012	-0.001543	0.001588	-0.885090	0.169308	0.433532	-0.247105	-0.960302	-0.129457	0.394404	-0.221709	0.891791
30713	4.451514	-1.399630	9.114549	0.004491	-0.001476	0.006182	-0.885055	0.169314	0.433601	-0.247140	-0.960290	-0.129478	0.394460	-0.221755	0.891754
30714	4.475410	-1.399328	9.139480	0.003006	0.000043	0.004610	-0.885054	0.169283	0.433616	-0.247112	-0.960297	-0.129480	0.394481	-0.221748	0.891747
30715	4.450876	-1.398479	9.139037	0.003031	0.001569	0.004580	-0.885045	0.169311	0.433624	-0.247158	-0.960281	-0.129514	0.394472	-0.221800	0.891738
30716	4.474656	-1.398173	9.164025	0.003021	0.000012	0.003084	-0.885040	0.169294	0.433641	-0.247143	-0.960285	-0.129510	0.394493	-0.221793	0.891730
30717	4.451494	-1.373956	9.138183	0.001480	0.000068	0.004593	-0.885032	0.169368	0.433627	-0.247237	-0.960255	-0.129551	0.394451	-0.221866	0.891731
30718	4.450202	-1.397428	9.163526	0.001455	-0.001458	0.004624	-0.885025	0.169333	0.433655	-0.247215	-0.960259	-0.129568	0.394481	-0.221877	0.891715
30719	4.475810	-1.374845	9.138728	0.003016	0.001599	0.006105	-0.884996	0.169350	0.433709	-0.247262	-0.960242	-0.129601	0.394517	-0.221936	0.891684
30720	4.450667	-1.398551	9.139127	-0.000121	-0.004484	0.004668	-0.884977	0.169309	0.433764	-0.247246	-0.960242	-0.129632	0.394571	-0.221967	0.891653
30721	4.451527	-1.374485	9.138088	-0.001562	0.001673	0.006056	-0.884960	0.169317	0.433795	-0.247298	-0.960218	-0.129709	0.394576	-0.222064	0.891626
30722	4.450509	-1.399071	9.139125	0.001521	0.001562	0.003038	-0.884960	0.169305	0.433799	-0.247290	-0.960219	-0.129719	0.394580	-0.222070	0.891623
30723	4.474717	-1.399994	9.139717	-0.001531	0.001611	0.003005	-0.884938	0.169412	0.433802	-0.247430	-0.960176	-0.129771	0.394541	-0.222175	0.891614
30724	4.474926	-1.401248	9.115424	-0.000011	0.003174	0.006042	-0.884953	0.169374	0.433787	-0.247401	-0.960179	-0.129807	0.394527	-0.222193	0.891616
30725	4.497517	-1.425741	9.141502	-0.001471	0.006219	0.004440	-0.884947	0.169444	0.433771	-0.247501	-0.960144	-0.129872	0.394477	-0.222289	0.891614
30726	4.449388	-1.401057	9.115367	0.000040	0.006225	0.005982	-0.884973	0.169414	0.433730	-0.247473	-0.960147	-0.129907	0.394436	-0.222301	0.891629
30727	4.472061	-1.400252	9.164975	-0.001476	0.007805	0.007461	-0.884999	0.169354	0.433700	-0.247445	-0.960140	-0.130010	0.394395	-0.222375	0.891629
30728	4.473478	-1.352559	9.138989	0.004649	0.006089	0.002980	-0.885018	0.169352	0.433663	-0.247425	-0.960148	-0.129991	0.394366	-0.222343	0.891649
30729	4.447198	-1.401456	9.116375	0.000106	0.009245	0.004396	-0.885044	0.169373	0.433601	-0.247460	-0.960130	-0.130057	0.394285	-0.222405	0.891670
30730	4.394809	-1.446880	9.166454	-0.001378	0.010764	0.002824	-0.885080	0.169384	0.433523	-0.247465	-0.960124	-0.130091	0.394200	-0.222423	0.891703
30731	4.345968	-1.446564	9.141214	-0.001573	0.000117	0.004560	-0.885124	0.169376	0.433437	-0.247477	-0.960108	-0.130188	0.394095	-0.222498	0.891731
30732	4.395862	-1.424028	9.141141	-0.000159	-0.007566	0.003202	-0.885089	0.169342	0.433521	-0.247474	-0.960105	-0.130213	0.394176	-0.222535	0.891686
30733	4.445687	-1.400560	9.165240	-0.003237	-0.009041	0.003199	-0.885021	0.169414	0.433632	-0.247612	-0.960060	-0.130283	0.394240	-0.222676	0.891622
30734	4.495665	-1.403578	9.141507	-0.001716	-0.007480	0.006237	-0.884994	0.169351	0.433711	-0.247589	-0.960058	-0.130335	0.394316	-0.222728	0.891576
30735	4.471948	-1.403180	9.140584	-0.001727	-0.009036	0.004741	-0.884943	0.169411	0.433793	-0.247705	-0.960019	-0.130402	0.394358	-0.222851	0.891526
30736	4.497831	-1.380110	9.139743	-0.003258	-0.007424	0.007746	-0.884920	0.169334	0.433870	-0.247675	-0.960017	-0.130475	0.394429	-0.222918	0.891478
30737	4.499809	-1.357424	9.113958	-0.006304	-0.008960	0.004692	-0.884884	0.169279	0.433965	-0.247700	-0.959993	-0.130608	0.394494	-0.223066	0.891413
30738	4.475778	-1.383177	9.089481	-0.012469	-0.008737	0.010730	-0.884863	0.169171	0.434050	-0.247680	-0.959975	-0.130775	0.394554	-0.223223	0.891346
30739	4.499780	-1.383443	9.138280	-0.007865	-0.007288	0.010749	-0.884849	0.169062	0.434120	-0.247657	-0.959958	-0.130948	0.394598	-0.223382	0.891287
30740	4.474724	-1.433430	9.114867	-0.004814	-0.007338	0.010781	-0.884834	0.168956	0.434192	-0.247606	-0.959957	-0.131047	0.394665	-0.223464	0.891237
30741	4.476414	-1.384583	9.136962	-0.003303	-0.007333	0.012323	-0.884823	0.168859	0.434252	-0.247576	-0.959947	-0.131181	0.394708	-0.223583	0.891188
30742	4.475598	-1.408707	9.161952	-0.000251	-0.007384	0.012355	-0.884811	0.168738	0.434323	-0.247494	-0.959959	-0.131247	0.394786	-0.223621	0.891144
30743	4.451917	-1.408259	9.161034	0.004248	-0.012038	0.012492	-0.884779	0.168659	0.434420	-0.247461	-0.959959	-0.131309	0.394879	-0.223681	0.891088
30744	4.454340	-1.358421	9.182939	0.010246	-0.018242	0.012676	-0.884725	0.168510	0.434588	-0.247334	-0.959995	-0.131282	0.395079	-0.223637	0.891010
30745	4.480294	-1.385378	9.134940	0.008676	-0.018125	0.017237	-0.884684	0.168300	0.434752	-0.247176	-0.960028	-0.131339	0.395270	-0.223654	0.890921
30746	4.458388	-1.360048	9.132694	0.010137	-0.022758	0.015817	-0.884620	0.168111	0.434955	-0.247021	-0.960069	-0.131328	0.395510	-0.223618	0.890824
30747	4.484446	-1.386064	9.108782	0.010043	-0.027303	0.017433	-0.884498	0.168016	0.435240	-0.247000	-0.960074	-0.131336	0.395796	-0.223671	0.890683
30748	4.438005	-1.358083	9.154440	0.005426	-0.030306	0.015922	-0.884404	0.167810	0.435511	-0.246863	-0.960105	-0.131367	0.396091	-0.223693	0.890547
30749	4.466866	-1.336798	9.103809	0.002348	-0.033366	0.012901	-0.884296	0.167678	0.435781	-0.246830	-0.960102	-0.131449	0.396353	-0.223804	0.890402
30750	4.442404	-1.408991	9.129049	-0.011370	-0.034746	0.008221	-0.884165	0.167536	0.436101	-0.246829	-0.960082	-0.131596	0.396646	-0.223995	0.890224
30751	4.473235	-1.339783	9.100243	-0.028263	-0.042143	0.005161	-0.883984	0.167405	0.436519	-0.246946	-0.960008	-0.131921	0.396977	-0.224413	0.889971
30752	4.450745	-1.390528	9.099498	-0.029721	-0.039096	0.003561	-0.883824	0.167297	0.436883	-0.247058	-0.959939	-0.132211	0.397263	-0.224787	0.889749
30753	4.502667	-1.395565	9.098336	-0.038767	-0.031249	0.006381	-0.883682	0.167189	0.437211	-0.247218	-0.959840	-0.132631	0.397478	-0.225290	0.889526
30754	4.505213	-1.425662	9.048610	-0.038712	-0.028198	0.006322	-0.883573	0.167079	0.437474	-0.247342	-0.959755	-0.133013	0.397645	-0.225732	0.889339
30755	4.507926	-1.404499	9.070304	-0.046272	-0.023459	0.007694	-0.883484	0.166992	0.437687	-0.247527	-0.959639	-0.133505	0.397727	-0.226289	0.889161
30756	4.482705	-1.455287	9.118925	-0.047738	-0.017213	0.013668	-0.883436	0.166836	0.437843	-0.247622	-0.959546	-0.134000	0.397774	-0.226800	0.889009
30757	4.460679	-1.462320	9.043908	-0.050747	-0.014079	0.015111	-0.883409	0.166661	0.437964	-0.247722	-0.959440	-0.134573	0.397772	-0.227376	0.888863
30758	4.459156	-1.514496	9.093144	-0.050707	-0.012582	0.013558	-0.883379	0.166517	0.438079	-0.247830	-0.959338	-0.135093	0.397770	-0.227907	0.888728
30759	4.437561	-1.444185	9.137522	-0.055308	-0.012445	0.016571	-0.883345	0.166409	0.438188	-0.248014	-0.959206	-0.135697	0.397731	-0.228544	0.888582
30760	4.510410	-1.502170	9.114655	-0.055340	-0.015551	0.013574	-0.883304	0.166258	0.438329	-0.248140	-0.959093	-0.136258	0.397744	-0.229125	0.888426
30761	4.461248	-1.528795	9.161930	-0.055390	-0.017022	0.016653	-0.883245	0.166202	0.438468	-0.248383	-0.958946	-0.136851	0.397722	-0.229781	0.888267
30762	4.464933	-1.486185	9.134218	-0.044781	-0.021817	0.015294	-0.883183	0.166020	0.438662	-0.248453	-0.958860	-0.137326	0.397817	-0.230271	0.888097
30763	4.491643	-1.466579	9.156533	-0.044770	-0.021843	0.013769	-0.883098	0.165879	0.438888	-0.248589	-0.958753	-0.137829	0.397922	-0.230819	0.887908
30764	4.519803	-1.449371	9.105500	-0.043373	-0.029524	0.012384	-0.882998	0.165707	0.439154	-0.248679	-0.958665	-0.138278	0.398088	-0.231308	0.887706
30765	4.546494	-1.454972	9.103985	-0.047866	-0.024865	0.012272	-0.882898	0.165570	0.439406	-0.248837	-0.958548	-0.138802	0.398210	-0.231889	0.887500
30766	4.547956	-1.485184	9.078569	-0.050878	-0.023309	0.010698	-0.882818	0.165428	0.439620	-0.248972	-0.958439	-0.139311	0.398303	-0.232439	0.887314
30767	4.473703	-1.533832	9.150551	-0.047741	-0.018788	0.010647	-0.882715	0.165342	0.439860	-0.249174	-0.958313	-0.139818	0.398405	-0.233021	0.887116
30768	4.525043	-1.542091	9.100725	-0.047893	-0.026391	0.012295	-0.882627	0.165177	0.440098	-0.249283	-0.958213	-0.140307	0.398532	-0.233548	0.886920
30769	4.531346	-1.424129	9.119478	-0.043269	-0.023400	0.013807	-0.882540	0.165091	0.440306	-0.249464	-0.958096	-0.140786	0.398612	-0.234090	0.886741
30770	4.531590	-1.477474	9.119236	-0.043326	-0.026450	0.013854	-0.882455	0.164911	0.440542	-0.249541	-0.958008	-0.141242	0.398751	-0.234573	0.886551
30771	4.582280	-1.509594	9.070049	-0.038758	-0.026512	0.015413	-0.882372	0.164784	0.440757	-0.249668	-0.957909	-0.141692	0.398856	-0.235068	0.886373
30772	4.532397	-1.584222	9.094313	-0.035611	-0.022016	0.013839	-0.882305	0.164614	0.440954	-0.249715	-0.957839	-0.142079	0.398975	-0.235470	0.886213
30773	4.535260	-1.564126	9.067750	-0.027933	-0.019084	0.015371	-0.882245	0.164533	0.441103	-0.249827	-0.957758	-0.142428	0.399036	-0.235856	0.886082
30774	4.535335	-1.590762	9.091706	-0.023260	-0.014617	0.013807	-0.882208	0.164381	0.441235	-0.249825	-0.957717	-0.142706	0.399120	-0.236127	0.885972
30775	4.512244	-1.593128	9.066032	-0.021648	-0.011663	0.009195	-0.882156	0.164355	0.441348	-0.249951	-0.957644	-0.142975	0.399156	-0.236442	0.885872
30776	4.514882	-1.545916	9.088085	-0.015678	-0.016242	0.016931	-0.882120	0.164170	0.441489	-0.249891	-0.957626	-0.143200	0.399273	-0.236644	0.885766
30777	4.491304	-1.545985	9.135475	-0.023339	-0.019216	0.012349	-0.882031	0.164058	0.441709	-0.249971	-0.957560	-0.143504	0.399420	-0.236989	0.885607
30778	4.518789	-1.525730	9.109336	-0.020387	-0.025420	0.009404	-0.881939	0.163922	0.441942	-0.249996	-0.957518	-0.143736	0.399606	-0.237251	0.885453
30779	4.544674	-1.553937	9.084492	-0.017344	-0.025456	0.010949	-0.881805	0.163890	0.442221	-0.250146	-0.957445	-0.143965	0.399808	-0.237569	0.885276
30780	4.547765	-1.530686	9.106680	-0.011368	-0.031653	0.012599	-0.881696	0.163709	0.442505	-0.250108	-0.957430	-0.144132	0.400072	-0.237755	0.885107
30781	4.501024	-1.554528	9.105083	-0.006892	-0.037887	0.009661	-0.881584	0.163524	0.442797	-0.250065	-0.957417	-0.144293	0.400346	-0.237934	0.884935
30782	4.551625	-1.607545	9.056452	-0.003819	-0.036399	0.011183	-0.881453	0.163346	0.443125	-0.250009	-0.957417	-0.144387	0.400670	-0.238055	0.884756
30783	4.554708	-1.608955	9.030493	-0.000648	-0.030356	0.011114	-0.881300	0.163221	0.443475	-0.250020	-0.957400	-0.144484	0.401000	-0.238211	0.884565
30784	4.558186	-1.584925	9.028466	0.002448	-0.028933	0.008057	-0.881190	0.163090	0.443741	-0.249966	-0.957410	-0.144508	0.401274	-0.238260	0.884427
30785	4.560946	-1.559901	9.051141	0.002671	-0.018299	0.004853	-0.881094	0.163164	0.443904	-0.250105	-0.957370	-0.144532	0.401399	-0.238369	0.884341
30786	4.561516	-1.584961	9.026778	0.002791	-0.012197	0.004767	-0.881043	0.163104	0.444027	-0.250080	-0.957376	-0.144539	0.401526	-0.238387	0.884278
30787	4.561778	-1.583062	9.075315	0.012102	-0.004770	0.003179	-0.881012	0.163062	0.444103	-0.250039	-0.957392	-0.144501	0.401618	-0.238350	0.884246
30788	4.563711	-1.559773	9.001429	0.013658	-0.003275	0.003165	-0.880993	0.163039	0.444150	-0.249984	-0.957421	-0.144405	0.401694	-0.238250	0.884239
30789	4.564207	-1.532738	9.049759	0.016829	0.002767	0.003093	-0.881014	0.163052	0.444105	-0.249946	-0.957444	-0.144319	0.401674	-0.238149	0.884275
30790	4.588386	-1.533834	9.001752	0.015447	0.010447	0.004501	-0.881053	0.163049	0.444028	-0.249872	-0.957479	-0.144213	0.401633	-0.238009	0.884331
30791	4.535216	-1.603133	9.028633	0.015574	0.016526	0.002887	-0.881089	0.163143	0.443921	-0.249905	-0.957484	-0.144128	0.401534	-0.237927	0.884399
30792	4.560123	-1.554083	9.028394	0.015507	0.013498	0.004458	-0.881141	0.163148	0.443817	-0.249831	-0.957519	-0.144021	0.401466	-0.237782	0.884468
30793	4.583566	-1.528480	9.053439	0.020272	0.022538	0.002822	-0.881193	0.163316	0.443652	-0.249903	-0.957520	-0.143885	0.401307	-0.237661	0.884573
30794	4.533323	-1.499015	9.102262	0.020212	0.019487	0.002867	-0.881264	0.163350	0.443497	-0.249825	-0.957564	-0.143730	0.401199	-0.237461	0.884676
30795	4.531411	-1.496746	9.127747	0.015582	0.016503	0.001361	-0.881299	0.163436	0.443397	-0.249850	-0.957571	-0.143642	0.401107	-0.237374	0.884741
30796	4.579419	-1.498652	9.080367	0.020023	0.010358	0.004530	-0.881338	0.163433	0.443320	-0.249758	-0.957617	-0.143496	0.401079	-0.237191	0.884803
30797	4.553991	-1.495238	9.105171	0.021466	0.005728	0.003081	-0.881356	0.163467	0.443273	-0.249722	-0.957646	-0.143366	0.401063	-0.237051	0.884848
30798	4.528569	-1.517847	9.081643	0.016760	-0.000260	0.004673	-0.881352	0.163437	0.443290	-0.249642	-0.957684	-0.143249	0.401120	-0.236917	0.884858
30799	4.505372	-1.491337	9.080705	0.013587	-0.006302	0.004749	-0.881293	0.163445	0.443407	-0.249658	-0.957688	-0.143193	0.401241	-0.236895	0.884809
30800	4.553782	-1.516627	9.081873	0.012047	-0.007844	0.001711	-0.881251	0.163426	0.443495	-0.249623	-0.957710	-0.143105	0.401353	-0.236818	0.884778
30801	4.526021	-1.611285	9.108812	0.015068	-0.009430	0.001752	-0.881244	0.163368	0.443532	-0.249539	-0.957743	-0.143034	0.401423	-0.236726	0.884772
30802	4.479200	-1.583616	9.107264	0.015022	-0.012528	-0.001253	-0.881176	0.163366	0.443666	-0.249518	-0.957767	-0.142906	0.401583	-0.236628	0.884725
30803	4.528098	-1.608395	9.108291	0.018097	-0.011039	0.000266	-0.881109	0.163457	0.443766	-0.249590	-0.957767	-0.142782	0.401686	-0.236566	0.884695
30804	4.506356	-1.584001	9.033817	0.009002	-0.009429	-0.005911	-0.881043	0.163507	0.443880	-0.249634	-0.957770	-0.142687	0.401804	-0.236521	0.884653
30805	4.528122	-1.654503	9.109312	0.012068	-0.009538	-0.008947	-0.880955	0.163650	0.444001	-0.249777	-0.957748	-0.142582	0.401908	-0.236510	0.884609
30806	4.528898	-1.653796	9.084910	0.010761	0.001146	-0.010648	-0.880919	0.163771	0.444028	-0.249857	-0.957747	-0.142450	0.401937	-0.236431	0.884617
30807	4.529892	-1.627812	9.084417	0.012332	0.002593	-0.013716	-0.880875	0.163957	0.444047	-0.250008	-0.957726	-0.142327	0.401940	-0.236388	0.884627
30808	4.504225	-1.648473	9.109723	0.013954	0.005492	-0.021386	-0.880829	0.164191	0.444050	-0.250169	-0.957715	-0.142120	0.401939	-0.236271	0.884659
30809	4.429593	-1.665020	9.183284	0.022959	-0.002313	-0.021215	-0.880746	0.164489	0.444106	-0.250392	-0.957695	-0.141862	0.401983	-0.236145	0.884673
30810	4.554975	-1.620252	9.109999	0.021366	-0.006934	-0.025728	-0.880640	0.164736	0.444225	-0.250562	-0.957693	-0.141569	0.402110	-0.235978	0.884659
30811	4.513110	-1.467661	9.129033	0.030365	-0.016336	-0.030109	-0.880474	0.165061	0.444432	-0.250813	-0.957681	-0.141211	0.402315	-0.235802	0.884613
30812	4.539821	-1.463980	9.153042	0.023992	-0.029924	-0.028392	-0.880269	0.165278	0.444758	-0.250995	-0.957681	-0.140884	0.402652	-0.235648	0.884501
30813	4.517950	-1.509354	9.128459	0.017503	-0.051240	-0.032652	-0.879965	0.165509	0.445274	-0.251281	-0.957643	-0.140632	0.403138	-0.235640	0.884282
30814	4.598721	-1.460187	9.125211	0.017286	-0.063494	-0.035502	-0.879605	0.165716	0.445907	-0.251552	-0.957616	-0.140332	0.403752	-0.235606	0.884010
30815	4.527710	-1.600644	9.126094	0.012226	-0.090994	-0.042697	-0.879087	0.165976	0.446832	-0.251989	-0.957538	-0.140080	0.404609	-0.235739	0.883583
30816	4.391436	-1.539078	9.241377	0.015277	-0.092703	-0.050288	-0.878570	0.166255	0.447743	-0.252398	-0.957481	-0.139731	0.405474	-0.235773	0.883177
30817	4.133874	-1.492497	9.502321	0.011431	-0.136936	-0.052609	-0.877879	0.166457	0.449021	-0.252859	-0.957401	-0.139444	0.406682	-0.235955	0.882573
30818	4.319394	-1.598961	9.328445	-0.000614	-0.214723	-0.062011	-0.876833	0.166561	0.451023	-0.253435	-0.957287	-0.139182	0.408577	-0.236344	0.881593
30819	4.248953	-1.491299	9.436248	-0.004720	-0.275841	-0.070138	-0.875519	0.166604	0.453552	-0.254120	-0.957139	-0.138955	0.410961	-0.236915	0.880331
30820	4.326039	-1.540782	9.375901	-0.008811	-0.337012	-0.081308	-0.873908	0.166599	0.456650	-0.254897	-0.956973	-0.138674	0.413899	-0.237587	0.878772
30821	4.360759	-1.564162	9.311769	-0.015946	-0.398160	-0.093992	-0.872020	0.166536	0.460268	-0.255790	-0.956769	-0.138436	0.417315	-0.238451	0.876920
30822	4.426975	-1.515917	9.217876	-0.021377	-0.448685	-0.108371	-0.869847	0.166517	0.464369	-0.256853	-0.956528	-0.138133	0.421180	-0.239429	0.874803
30823	4.470591	-1.561588	9.198236	-0.022126	-0.493160	-0.121340	-0.867412	0.166589	0.468877	-0.258134	-0.956231	-0.137800	0.425399	-0.240562	0.872448
30824	4.567948	-1.583780	9.174672	-0.027471	-0.534646	-0.141952	-0.864743	0.166673	0.473751	-0.259511	-0.955919	-0.137381	0.429970	-0.241742	0.869877
30825	4.574420	-1.528139	9.172667	-0.020599	-0.577767	-0.158076	-0.861806	0.166756	0.479043	-0.260979	-0.955594	-0.136860	0.434948	-0.242967	0.867057
30826	4.678969	-1.525222	9.094616	-0.022913	-0.616289	-0.180277	-0.858623	0.166994	0.484645	-0.262660	-0.955227	-0.136200	0.440201	-0.244241	0.864042
30827	4.812366	-1.448477	9.010626	-0.022103	-0.648734	-0.201099	-0.855207	0.167323	0.490534	-0.264511	-0.954822	-0.135460	0.445707	-0.245598	0.860829
30828	4.920593	-1.491473	8.929049	-0.013489	-0.676577	-0.214524	-0.851587	0.167721	0.496658	-0.266432	-0.954420	-0.134526	0.451457	-0.246886	0.857458
30829	4.964111	-1.429465	8.943365	0.019691	-0.698507	-0.224071	-0.847781	0.168128	0.502991	-0.268286	-0.954074	-0.133286	0.457482	-0.247943	0.853952
30830	5.028588	-1.464766	8.885619	0.043660	-0.721882	-0.234987	-0.843808	0.168593	0.509475	-0.270103	-0.953777	-0.131734	0.463717	-0.248768	0.850342
30831	5.048902	-1.422433	8.851499	0.067507	-0.748353	-0.248983	-0.839609	0.169019	0.516226	-0.271841	-0.953530	-0.129935	0.470275	-0.249426	0.846539
30832	5.053138	-1.520482	8.920395	0.080481	-0.788539	-0.265507	-0.835134	0.169597	0.523248	-0.273713	-0.953271	-0.127885	0.477109	-0.250021	0.842530
30833	5.017604	-1.541295	9.013443	0.105368	-0.841144	-0.288409	-0.830279	0.170134	0.530746	-0.275536	-0.953060	-0.125529	0.484476	-0.250464	0.838183
30834	4.940119	-1.487191	9.081879	0.105386	-0.922850	-0.318972	-0.824873	0.170875	0.538876	-0.277691	-0.952770	-0.122951	0.492415	-0.251060	0.833364
30835	4.991187	-1.482727	9.113773	0.096125	-1.009265	-0.352029	-0.818855	0.171632	0.547739	-0.280085	-0.952410	-0.120284	0.501028	-0.251909	0.827957
30836	5.042288	-1.642685	9.271351	0.097488	-1.114195	-0.386725	-0.812115	0.172518	0.557410	-0.282776	-0.951980	-0.117351	0.510399	-0.252925	0.821902
30837	4.957020	-1.607415	9.384844	0.103265	-1.236190	-0.425890	-0.804497	0.173383	0.568087	-0.285672	-0.951505	-0.114150	0.520746	-0.254119	0.815013
30838	4.927553	-1.597660	9.417015	0.103925	-1.386198	-0.476381	-0.795813	0.174397	0.579886	-0.288967	-0.950931	-0.110579	0.532147	-0.255568	0.807158
30839	5.057831	-1.774666	9.554689	0.092046	-1.547480	-0.533371	-0.785837	0.175454	0.593023	-0.292709	-0.950225	-0.106743	0.544777	-0.257466	0.798079
30840	5.183096	-1.896829	9.807992	0.045833	-1.720524	-0.601105	-0.774556	0.176725	0.607315	-0.297176	-0.949275	-0.102778	0.558346	-0.260087	0.787785
30841	5.647160	-2.153230	10.099595	-0.002567	-1.857978	-0.689042	-0.761902	0.178299	0.622667	-0.302433	-0.948058	-0.098586	0.572747	-0.263429	0.776252
30842	6.259825	-2.252736	10.362782	-0.051377	-1.959644	-0.788207	-0.748107	0.180579	0.638536	-0.308713	-0.946497	-0.094016	0.587395	-0.267459	0.763828
30843	6.509190	-2.131999	10.249654	-0.099313	-2.026628	-0.881881	-0.733239	0.183328	0.654791	-0.315746	-0.944652	-0.089091	0.602217	-0.272073	0.750541
30844	6.725176	-2.261209	10.021829	-0.194116	-2.089115	-0.962345	-0.717407	0.186679	0.671177	-0.323940	-0.942327	-0.084157	0.616758	-0.277796	0.736505
30845	7.094852	-2.274907	9.990567	-0.265180	-2.135231	-1.053235	-0.700528	0.190381	0.687761	-0.332872	-0.939662	-0.078941	0.631234	-0.284236	0.721632
30846	7.172237	-1.815605	10.082557	-0.349501	-2.159537	-1.139340	-0.682875	0.194863	0.704066	-0.343013	-0.936450	-0.073509	0.644999	-0.291702	0.706319
30847	6.980206	-1.692335	9.790275	-0.483832	-2.219441	-1.223089	-0.664072	0.199514	0.720557	-0.354195	-0.932683	-0.068180	0.658448	-0.300494	0.690036
30848	7.134311	-1.887438	9.456258	-0.591526	-2.262605	-1.304352	-0.644305	0.204750	0.736850	-0.366691	-0.928227	-0.062708	0.671125	-0.310599	0.673142
30849	7.101625	-1.980131	9.072908	-0.644792	-2.260772	-1.391936	-0.623717	0.210297	0.752829	-0.379676	-0.923385	-0.056620	0.683245	-0.321146	0.655776
30850	6.650599	-1.830105	8.684338	-0.655060	-2.218049	-1.478488	-0.602701	0.216679	0.767986	-0.393284	-0.918077	-0.049616	0.694320	-0.331940	0.638542
30851	6.072305	-1.677660	8.212338	-0.664850	-2.063145	-1.569596	-0.581941	0.223830	0.781822	-0.406908	-0.912520	-0.041630	0.704110	-0.342356	0.622111
30852	4.136449	-1.086542	8.650269	-0.673753	-1.764879	-1.625784	-0.562694	0.232495	0.793298	-0.421011	-0.906456	-0.032968	0.711425	-0.352538	0.607940
30853	1.949496	-1.218844	9.553003	-0.733905	-1.303109	-1.609881	-0.546545	0.242235	0.801630	-0.434994	-0.900098	-0.024586	0.715589	-0.362141	0.597315
30854	5.804794	-1.693481	10.754949	-0.863418	-0.896286	-1.400821	-0.533911	0.251517	0.807266	-0.448773	-0.893456	-0.018439	0.716618	-0.372124	0.589900
30855	5.521868	-3.362007	11.600448	-0.880220	0.034099	-0.993557	-0.529688	0.260375	0.807239	-0.460196	-0.887679	-0.015646	0.712496	-0.379776	0.590017
30856	1.359092	-3.320368	9.411114	-0.751222	0.693640	-0.650864	-0.531556	0.268798	0.803241	-0.469003	-0.883072	-0.014856	0.705326	-0.384619	0.595469
30857	-0.460519	-2.290264	7.739951	-0.633350	0.943151	-0.388117	-0.536410	0.275712	0.797651	-0.475316	-0.879677	-0.015579	0.697380	-0.387493	0.602918
30858	-0.146503	-1.509605	7.526254	-0.613226	1.002933	-0.120908	-0.542759	0.280683	0.791599	-0.480247	-0.876942	-0.018338	0.689039	-0.390116	0.610765
30859	0.858417	-1.373857	8.109866	-0.625309	1.120780	0.153590	-0.551258	0.283562	0.784671	-0.483467	-0.875049	-0.023429	0.679982	-0.392277	0.619470
30860	1.790789	-1.357558	8.686824	-0.606756	1.374817	0.390452	-0.562400	0.285559	0.775991	-0.485413	-0.873761	-0.030265	0.669388	-0.393698	0.630017
30861	2.058008	-1.085991	8.856470	-0.570819	1.686584	0.559024	-0.576410	0.287118	0.765058	-0.485738	-0.873268	-0.038237	0.657123	-0.393658	0.642825
30862	2.211531	-0.748490	8.869693	-0.533886	1.961934	0.656553	-0.592329	0.289108	0.752039	-0.485399	-0.873045	-0.046688	0.643067	-0.392694	0.657462
30863	2.560652	-0.523980	8.981630	-0.513193	2.189287	0.721825	-0.609876	0.291124	0.737088	-0.483964	-0.873326	-0.055505	0.627559	-0.390575	0.673514
30864	3.241414	-0.417935	9.236589	-0.506917	2.395265	0.781224	-0.628452	0.293633	0.720297	-0.482291	-0.873622	-0.064657	0.610281	-0.388026	0.690646
30865	3.881734	-0.521534	9.434572	-0.493162	2.599515	0.839299	-0.648292	0.295989	0.701504	-0.479420	-0.874452	-0.074092	0.591501	-0.384349	0.708804
30866	4.313429	-0.680851	9.447235	-0.446413	2.778239	0.906094	-0.668749	0.298688	0.680852	-0.476075	-0.875425	-0.083565	0.571076	-0.380020	0.727638
30867	4.754034	-0.805052	9.642871	-0.400837	2.908823	0.953631	-0.689764	0.300914	0.658541	-0.471334	-0.877046	-0.092923	0.549609	-0.374488	0.746786
30868	5.337903	-0.939160	9.942922	-0.352762	3.010089	1.002168	-0.710644	0.303308	0.634815	-0.466242	-0.878749	-0.102077	0.526882	-0.368518	0.765892
30869	5.825512	-1.079887	10.031075	-0.304763	3.103744	1.048064	-0.731720	0.304913	0.609602	-0.459635	-0.881147	-0.110976	0.503310	-0.361398	0.784901
30870	6.019361	-1.145079	10.034480	-0.261431	3.166743	1.084919	-0.752199	0.306678	0.583220	-0.452895	-0.883515	-0.119530	0.478626	-0.354048	0.803472
30871	6.271579	-1.130821	10.036683	-0.236836	3.180050	1.106860	-0.772250	0.307427	0.555985	-0.444877	-0.886429	-0.127780	0.453558	-0.346022	0.821312
30872	6.583724	-1.100580	10.186056	-0.237439	3.169642	1.114489	-0.791115	0.308390	0.528235	-0.437236	-0.889035	-0.135801	0.427740	-0.338397	0.838168
30873	6.820496	-1.108289	10.244528	-0.240145	3.156123	1.099410	-0.809256	0.308452	0.499962	-0.428650	-0.892000	-0.143508	0.401701	-0.330443	0.854075
30874	6.931338	-1.056016	10.161157	-0.253394	3.114730	1.053311	-0.825814	0.309232	0.471600	-0.421047	-0.894412	-0.150819	0.375167	-0.323114	0.868819
30875	7.187407	-1.010975	10.020950	-0.265864	3.047821	0.974500	-0.840928	0.310248	0.443382	-0.413888	-0.896577	-0.157626	0.348623	-0.316062	0.882364
30876	7.379352	-1.024104	9.844158	-0.294086	2.961766	0.870498	-0.854424	0.311710	0.415688	-0.407519	-0.898351	-0.163990	0.322317	-0.309518	0.894601
30877	7.566077	-0.889835	9.614240	-0.356635	2.838500	0.748713	-0.866249	0.313685	0.388863	-0.402179	-0.899596	-0.170233	0.296420	-0.303856	0.905432
30878	7.814278	-0.868656	9.265273	-0.447890	2.681037	0.620635	-0.876329	0.316199	0.363410	-0.398066	-0.900186	-0.176657	0.271278	-0.299471	0.914727
30879	7.900778	-0.961609	8.861888	-0.551416	2.482069	0.496814	-0.884743	0.319124	0.339691	-0.395119	-0.900118	-0.183490	0.247206	-0.296560	0.922465
30880	4.923565	-4.511379	5.624502	-0.306302	1.035912	0.353056	-0.888628	0.319026	0.329490	-0.392753	-0.900324	-0.187516	0.236825	-0.296040	0.925351
30881	13.410451	1.701820	1.993791	0.053270	0.030914	0.177224	-0.889398	0.317532	0.328854	-0.391065	-0.901033	-0.187636	0.236728	-0.295486	0.925553
30882	18.732878	0.930852	3.193170	0.011730	-0.194488	0.295770	-0.890075	0.314302	0.330122	-0.388428	-0.901989	-0.188517	0.238515	-0.296023	0.924922
30883	18.580343	2.156091	1.583918	0.246010	-0.311864	0.205986	-0.890116	0.311544	0.332616	-0.386034	-0.903340	-0.186959	0.242219	-0.294817	0.924344
30884	16.530887	5.934395	-0.143344	0.354618	-0.622869	-0.101686	-0.888180	0.310641	0.338582	-0.386091	-0.904054	-0.183357	0.249138	-0.293578	0.922899
30885	15.532079	7.757501	-0.011303	0.196858	-1.062443	-0.640681	-0.882976	0.313326	0.349544	-0.391302	-0.902612	-0.179371	0.259301	-0.295158	0.919590
30886	14.102411	7.163515	2.922652	0.062601	-1.276219	-1.264475	-0.874562	0.320937	0.363512	-0.402272	-0.898775	-0.174303	0.270775	-0.298669	0.915138
30887	10.696322	-1.477480	13.698494	-0.038201	-1.098881	-1.415746	-0.865740	0.330332	0.375999	-0.414714	-0.894039	-0.169428	0.280190	-0.302613	0.910999
30888	4.922534	-6.864135	10.876872	0.449614	-0.622371	-1.397715	-0.858087	0.340938	0.383990	-0.425509	-0.890691	-0.160038	0.287454	-0.300718	0.909362
30889	2.357257	-8.350200	8.065626	0.299716	-0.958572	-1.045510	-0.850776	0.347369	0.394353	-0.433601	-0.887974	-0.153270	0.296935	-0.301390	0.906087
30890	8.899942	-8.421421	10.128602	0.422538	-1.049224	-0.433220	-0.845705	0.348064	0.404517	-0.436022	-0.887728	-0.147731	0.307681	-0.301315	0.902519
30891	6.611418	2.787101	10.599571	0.404481	-0.699774	-0.273529	-0.842295	0.348436	0.411255	-0.437150	-0.887944	-0.143020	0.315338	-0.300245	0.900230
30892	5.462104	0.937475	10.242338	0.127504	-0.627242	-0.183191	-0.839481	0.348187	0.417178	-0.438309	-0.887676	-0.141127	0.321180	-0.301326	0.897801
30893	5.324715	-2.327987	9.624016	0.123358	-0.570059	-0.102207	-0.837158	0.347408	0.422463	-0.438827	-0.887657	-0.139628	0.326494	-0.302279	0.895561
30894	5.788794	-0.800406	9.764372	0.118128	-0.489928	-0.077260	-0.835191	0.346622	0.426976	-0.439109	-0.887732	-0.138256	0.331118	-0.302959	0.893631
30895	5.596174	-0.350580	9.704170	0.087599	-0.361456	-0.041027	-0.833778	0.345926	0.430291	-0.439222	-0.887819	-0.137335	0.334513	-0.303500	0.892182
30896	5.976117	-0.102625	9.866434	0.057492	-0.275465	0.036973	-0.832998	0.344772	0.432719	-0.438746	-0.888108	-0.136994	0.337070	-0.303969	0.891059
30897	5.336561	-0.329876	9.487364	0.031839	-0.171266	0.077358	-0.832730	0.343595	0.434169	-0.438051	-0.888438	-0.137078	0.338633	-0.304337	0.890341
30898	5.118104	-1.480244	9.987740	0.003241	-0.158112	0.079983	-0.832527	0.342414	0.435490	-0.437398	-0.888708	-0.137409	0.339972	-0.304879	0.889645
30899	4.088057	-2.026265	9.333433	-0.036357	-0.190675	0.045876	-0.832050	0.341453	0.437152	-0.437194	-0.888722	-0.137963	0.341399	-0.305913	0.888743
30900	5.043514	-2.100491	9.022559	-0.051438	-0.147008	0.032900	-0.831675	0.340721	0.438436	-0.437121	-0.888663	-0.138576	0.342406	-0.306900	0.888015
