// General information: 
//  MT Manager version: 2022.2.0 
//  XDA version: 2022.2.0 build 7381 rev 124627 built on 2023-07-19
// Device information: 
//  DeviceId: 00B4CBA7
//  ProductCode: MTW2-3A7G6
//  Firmware Version: 4.6.0
//  Hardware Version: 2.0.0
// Device settings: 
//  Filter Profile: human(46.1)
//  Option Flags: Orientation Smoother Disabled, Position/Velocity Smoother Disabled, Continuous Zero Rotation Update Disabled, AHS Disabled, ICC Disabled
// Coordinate system: ENU
PacketCounter	Acc_X	Acc_Y	Acc_Z	Gyr_X	Gyr_Y	Gyr_Z	Mat[1][1]	Mat[2][1]	Mat[3][1]	Mat[1][2]	Mat[2][2]	Mat[3][2]	Mat[1][3]	Mat[2][3]	Mat[3][3]
56656	9.788419	-0.809837	-1.994489	-0.363445	-0.153491	0.021893	-0.109354	0.012753	0.993921	-0.286145	0.957186	-0.043764	-0.951926	-0.289191	-0.101023
56657	9.789361	-0.986885	-2.070492	-0.227453	-0.122341	0.020031	-0.110567	0.012553	0.993789	-0.283940	0.957846	-0.043689	-0.952446	-0.287007	-0.102342
56658	9.747098	-0.830922	-1.943056	-0.164507	-0.091334	0.012767	-0.111462	0.012381	0.993692	-0.282363	0.958316	-0.043613	-0.952810	-0.285443	-0.103319
56659	9.777135	-0.781561	-2.003414	-0.126875	-0.059751	0.012255	-0.112056	0.012295	0.993626	-0.281119	0.958684	-0.043566	-0.953109	-0.284208	-0.103970
56660	9.732392	-0.689562	-1.801745	-0.066997	-0.034398	0.006502	-0.112391	0.012227	0.993589	-0.280477	0.958873	-0.043526	-0.953258	-0.283571	-0.104339
56661	9.669462	-0.594578	-1.559719	-0.053253	-0.014563	0.000088	-0.112520	0.012147	0.993575	-0.279958	0.959029	-0.043429	-0.953395	-0.283046	-0.104510
56662	9.622887	-0.516936	-1.322136	-0.004033	-0.002165	-0.008344	-0.112506	0.012029	0.993578	-0.279933	0.959042	-0.043308	-0.953404	-0.283008	-0.104531
56663	9.679592	-0.550087	-1.179994	0.064454	0.006246	-0.008464	-0.112419	0.011930	0.993589	-0.280530	0.958870	-0.043254	-0.953239	-0.283594	-0.104448
56664	9.707188	-0.535389	-1.055815	0.190128	0.005676	-0.010406	-0.112324	0.011815	0.993601	-0.282358	0.958331	-0.043315	-0.952710	-0.285417	-0.104308
56665	9.833300	-0.256508	-0.938391	0.284897	0.002157	-0.010732	-0.112253	0.011683	0.993611	-0.285082	0.957517	-0.043466	-0.951907	-0.288140	-0.104154
56666	9.920638	-0.048482	-0.818974	0.211816	0.006235	-0.004393	-0.112170	0.011627	0.993621	-0.287107	0.956905	-0.043609	-0.951308	-0.290167	-0.103998
56667	9.985155	-0.231802	-0.910693	0.125168	0.007015	-0.000550	-0.112082	0.011603	0.993631	-0.288301	0.956543	-0.043690	-0.950958	-0.291361	-0.103866
56668	9.901448	-0.268742	-1.027202	0.135076	0.003534	0.002659	-0.112045	0.011607	0.993635	-0.289586	0.956148	-0.043823	-0.950571	-0.292653	-0.103770
56669	9.898767	-0.315034	-1.102415	0.106133	0.006073	0.012381	-0.112004	0.011707	0.993639	-0.290576	0.955839	-0.044016	-0.950274	-0.293658	-0.103656
56670	9.803400	-0.325253	-1.132374	0.061182	0.009005	0.007560	-0.111929	0.011773	0.993646	-0.291153	0.955658	-0.044120	-0.950106	-0.294242	-0.103538
56671	9.714092	-0.389907	-1.185303	0.047096	0.010402	0.010493	-0.111853	0.011871	0.993654	-0.291562	0.955528	-0.044236	-0.949990	-0.294660	-0.103418
56672	9.647953	-0.447821	-1.195343	0.018808	0.017282	0.004832	-0.111692	0.011936	0.993671	-0.291740	0.955473	-0.044270	-0.949954	-0.294838	-0.103236
56673	9.713547	-0.501327	-1.360697	0.039183	0.028000	0.003225	-0.111426	0.012008	0.993700	-0.292098	0.955362	-0.044299	-0.949875	-0.295194	-0.102945
56674	9.713427	-0.389402	-1.290125	0.056761	0.034280	0.004223	-0.111101	0.012118	0.993735	-0.292637	0.955194	-0.044365	-0.949747	-0.295732	-0.102577
56675	9.737223	-0.414912	-1.351068	0.033695	0.044794	0.003970	-0.110672	0.012248	0.993781	-0.292947	0.955097	-0.044396	-0.949702	-0.296039	-0.102115
56676	9.753880	-0.433414	-1.351950	0.070659	0.056166	0.003373	-0.110137	0.012415	0.993839	-0.293619	0.954888	-0.044467	-0.949557	-0.296707	-0.101523
56677	9.717498	-0.540211	-1.337558	0.093048	0.064474	0.006585	-0.109528	0.012628	0.993903	-0.294493	0.954613	-0.044582	-0.949356	-0.297581	-0.100838
56678	9.755117	-0.680001	-1.328803	0.182405	0.073113	0.002078	-0.108828	0.012834	0.993978	-0.296227	0.954069	-0.044752	-0.948897	-0.299313	-0.100028
56679	9.784299	-0.536309	-1.273742	0.265895	0.083283	-0.000064	-0.108025	0.013048	0.994063	-0.298734	0.953276	-0.044976	-0.948203	-0.301819	-0.099080
56680	9.817343	-0.300142	-1.178641	0.261364	0.098239	-0.000324	-0.107081	0.013311	0.994161	-0.301216	0.952484	-0.045197	-0.947524	-0.304297	-0.097984
56681	9.740023	-0.249962	-1.134408	0.256970	0.102833	0.002398	-0.106090	0.013602	0.994263	-0.303665	0.951696	-0.045421	-0.946854	-0.306741	-0.096835
56682	9.671718	-0.129529	-0.966508	0.187754	0.108712	0.005812	-0.105067	0.013959	0.994367	-0.305440	0.951118	-0.045625	-0.946397	-0.308513	-0.095667
56683	9.637675	-0.272654	-0.829893	0.129430	0.107569	0.007985	-0.104053	0.014333	0.994468	-0.306647	0.950721	-0.045788	-0.946119	-0.309715	-0.094530
56684	9.654488	-0.535906	-0.700468	0.136358	0.103711	0.002410	-0.103067	0.014646	0.994567	-0.307938	0.950298	-0.045906	-0.945807	-0.310996	-0.093435
56685	9.632859	-0.545585	-0.620771	0.165346	0.096206	-0.000050	-0.102133	0.014906	0.994659	-0.309506	0.949784	-0.046014	-0.945397	-0.312552	-0.092391
56686	9.608355	-0.406701	-0.481797	0.138389	0.084660	0.001890	-0.101327	0.015157	0.994738	-0.310816	0.949350	-0.046126	-0.945054	-0.313854	-0.091483
56687	9.628306	-0.331791	-0.441045	0.092345	0.074100	-0.000709	-0.100620	0.015347	0.994807	-0.311662	0.949071	-0.046165	-0.944851	-0.314688	-0.090712
56688	9.643125	-0.315518	-0.444780	0.061161	0.061655	-0.000175	-0.100024	0.015508	0.994864	-0.312243	0.948879	-0.046184	-0.944722	-0.315259	-0.090069
56689	9.659397	-0.333467	-0.445097	0.074341	0.040978	0.001962	-0.099629	0.015623	0.994902	-0.312924	0.948652	-0.046233	-0.944538	-0.315935	-0.089624
56690	9.616380	-0.222424	-0.382219	0.055225	0.025525	0.006454	-0.099396	0.015733	0.994924	-0.313443	0.948477	-0.046313	-0.944391	-0.316455	-0.089343
56691	9.601894	-0.239163	-0.481638	0.015044	0.012757	0.011336	-0.099303	0.015843	0.994931	-0.313556	0.948436	-0.046398	-0.944363	-0.316574	-0.089215
56692	9.597362	-0.137930	-0.496291	0.006079	-0.000523	0.010843	-0.099330	0.015912	0.994927	-0.313606	0.948415	-0.046477	-0.944344	-0.316632	-0.089216
56693	9.611844	-0.122810	-0.507499	-0.032678	-0.013057	0.020193	-0.099502	0.016024	0.994908	-0.313268	0.948521	-0.046607	-0.944438	-0.316310	-0.089359
56694	9.648295	-0.262185	-0.505226	-0.073342	-0.026988	0.024190	-0.099820	0.016137	0.994875	-0.312555	0.948749	-0.046748	-0.944641	-0.315619	-0.089660
56695	9.658465	-0.502142	-0.584985	-0.081537	-0.034142	0.026050	-0.100208	0.016230	0.994834	-0.311760	0.949003	-0.046886	-0.944862	-0.314848	-0.090038
56696	9.678854	-0.543325	-0.621208	-0.028562	-0.040637	0.030336	-0.100675	0.016358	0.994785	-0.311463	0.949089	-0.047128	-0.944910	-0.314584	-0.090454
56697	9.699403	-0.503551	-0.700049	-0.003693	-0.052827	0.026000	-0.101227	0.016412	0.994728	-0.311389	0.949102	-0.047347	-0.944876	-0.314540	-0.090964
56698	9.679943	-0.420085	-0.709792	-0.018510	-0.054231	0.024628	-0.101804	0.016443	0.994669	-0.311193	0.949157	-0.047541	-0.944878	-0.314374	-0.091511
56699	9.735318	-0.483056	-0.790753	-0.045232	-0.059677	0.020531	-0.102407	0.016405	0.994607	-0.310759	0.949293	-0.047654	-0.944956	-0.313964	-0.092116
56700	9.801301	-0.622249	-0.921038	-0.030784	-0.063212	0.020474	-0.103055	0.016369	0.994541	-0.310451	0.949387	-0.047795	-0.944987	-0.313682	-0.092758
56701	9.723143	-0.603511	-1.001264	0.041008	-0.062544	0.020512	-0.103699	0.016327	0.994475	-0.310807	0.949260	-0.047994	-0.944799	-0.314067	-0.093363
56702	9.691634	-0.327929	-1.009554	-0.012147	-0.058809	0.020505	-0.104306	0.016305	0.994412	-0.310675	0.949296	-0.048153	-0.944776	-0.313962	-0.093952
56703	9.590426	-0.397081	-1.090161	-0.071328	-0.058493	0.021238	-0.104899	0.016291	0.994349	-0.309974	0.949520	-0.048257	-0.944940	-0.313285	-0.094554
56704	9.592823	-0.385511	-1.127802	-0.056541	-0.057092	0.022610	-0.105496	0.016295	0.994286	-0.309420	0.949693	-0.048394	-0.945055	-0.312757	-0.095147
56705	9.575415	-0.336061	-1.020621	-0.102364	-0.049001	0.016680	-0.105986	0.016259	0.994235	-0.308444	0.950009	-0.048416	-0.945320	-0.311797	-0.095673
56706	9.611087	-0.473787	-1.022544	-0.154144	-0.051375	0.012774	-0.106499	0.016188	0.994181	-0.306977	0.950487	-0.048361	-0.945739	-0.310341	-0.096256
56707	9.614005	-0.624559	-0.864989	-0.134663	-0.047239	0.006613	-0.106967	0.016060	0.994133	-0.305677	0.950912	-0.048252	-0.946107	-0.309045	-0.096807
56708	9.616229	-0.774128	-0.819435	-0.069900	-0.051920	0.007743	-0.107470	0.015942	0.994081	-0.305012	0.951127	-0.048227	-0.946265	-0.308389	-0.097355
56709	9.656735	-0.625393	-0.647329	-0.020035	-0.060580	-0.000449	-0.108035	0.015711	0.994023	-0.304809	0.951195	-0.048162	-0.946266	-0.308190	-0.097973
56710	9.731093	-0.722352	-0.874194	-0.055301	-0.062292	-0.003222	-0.108602	0.015456	0.993965	-0.304293	0.951366	-0.048042	-0.946367	-0.307674	-0.098617
56711	9.761515	-0.673968	-1.044842	0.058063	-0.060337	-0.002028	-0.109156	0.015213	0.993908	-0.304834	0.951193	-0.048038	-0.946129	-0.308221	-0.099191
56712	9.818307	-0.380125	-0.961068	0.025930	-0.059283	-0.002348	-0.109698	0.014976	0.993852	-0.305086	0.951114	-0.048007	-0.945986	-0.308477	-0.099766
56713	9.821014	-0.399210	-1.105523	-0.002326	-0.055243	-0.004056	-0.110210	0.014736	0.993799	-0.305033	0.951135	-0.047931	-0.945943	-0.308424	-0.100329
56714	9.692962	-0.258223	-1.064829	0.006595	-0.057753	-0.004367	-0.110731	0.014484	0.993745	-0.305105	0.951115	-0.047860	-0.945859	-0.308496	-0.100899
56715	9.635819	-0.244200	-0.957508	-0.054380	-0.053363	-0.004904	-0.111205	0.014238	0.993695	-0.304588	0.951288	-0.047717	-0.945970	-0.307974	-0.101451
56716	9.610797	-0.378390	-0.927726	-0.117207	-0.057400	-0.009511	-0.111707	0.013939	0.993643	-0.303494	0.951650	-0.047469	-0.946263	-0.306867	-0.102076
56717	9.597504	-0.622288	-0.943306	-0.109291	-0.058939	-0.013375	-0.112215	0.013589	0.993591	-0.302469	0.951991	-0.047181	-0.946531	-0.305825	-0.102718
56718	9.624526	-0.634012	-0.934369	-0.075748	-0.062819	-0.018927	-0.112741	0.013185	0.993537	-0.301778	0.952225	-0.046881	-0.946689	-0.305113	-0.103376
56719	9.697847	-0.664132	-0.947832	-0.065264	-0.062295	-0.018932	-0.113246	0.012789	0.993485	-0.301170	0.952432	-0.046590	-0.946822	-0.304484	-0.104007
56720	9.695743	-0.659531	-1.066119	-0.029144	-0.064110	-0.020648	-0.113778	0.012365	0.993429	-0.300922	0.952523	-0.046321	-0.946837	-0.304215	-0.104656
56721	9.677344	-0.556102	-1.219213	0.036852	-0.063633	-0.022249	-0.114290	0.011926	0.993376	-0.301295	0.952416	-0.046099	-0.946657	-0.304568	-0.105258
56722	9.686799	-0.403069	-1.142249	-0.011628	-0.057838	-0.019630	-0.114766	0.011531	0.993326	-0.301211	0.952454	-0.045858	-0.946626	-0.304464	-0.105836
56723	9.823749	-0.503025	-1.178773	-0.063518	-0.053613	-0.026803	-0.115186	0.011079	0.993282	-0.300622	0.952658	-0.045488	-0.946762	-0.303842	-0.106403
56724	9.744007	-0.493896	-1.113277	-0.015888	-0.049266	-0.028638	-0.115555	0.010624	0.993244	-0.300509	0.952710	-0.045152	-0.946753	-0.303697	-0.106898
56725	9.683378	-0.457497	-0.977955	0.039224	-0.054210	-0.031721	-0.115961	0.010116	0.993202	-0.300920	0.952595	-0.044836	-0.946573	-0.304073	-0.107420
56726	9.791797	-0.477197	-0.926834	0.022411	-0.053927	-0.027972	-0.116376	0.009653	0.993158	-0.301169	0.952530	-0.044548	-0.946443	-0.304292	-0.107944
56727	9.704819	-0.493108	-0.909685	0.051993	-0.060300	-0.029878	-0.116846	0.009147	0.993108	-0.301689	0.952378	-0.044268	-0.946219	-0.304782	-0.108522
56728	9.650770	-0.269602	-0.808799	0.062972	-0.061896	-0.027231	-0.117338	0.008667	0.993054	-0.302321	0.952189	-0.044032	-0.945957	-0.305387	-0.109107
56729	9.662024	-0.150092	-0.727933	-0.022159	-0.071756	-0.026706	-0.117931	0.008160	0.992988	-0.302125	0.952266	-0.043706	-0.945946	-0.305160	-0.109837
56730	9.600325	-0.177457	-0.809315	-0.071776	-0.080798	-0.028300	-0.118598	0.007612	0.992913	-0.301483	0.952487	-0.043312	-0.946067	-0.304484	-0.110668
56731	9.535722	-0.233254	-0.716182	-0.094939	-0.089340	-0.027509	-0.119354	0.007040	0.992827	-0.300608	0.952783	-0.042895	-0.946250	-0.303572	-0.111602
56732	9.581335	-0.149861	-0.538309	-0.159324	-0.100703	-0.034885	-0.120191	0.006371	0.992730	-0.299146	0.953268	-0.042336	-0.946607	-0.302060	-0.112668
56733	9.695805	-0.352092	-0.439254	-0.235178	-0.115646	-0.034081	-0.121171	0.005668	0.992615	-0.296944	0.953984	-0.041696	-0.947176	-0.299804	-0.113912
56734	9.668718	-0.544833	-0.350147	-0.200273	-0.139179	-0.038970	-0.122362	0.004848	0.992474	-0.295099	0.954585	-0.041046	-0.947599	-0.297900	-0.115375
56735	9.686579	-0.608613	-0.224152	-0.176083	-0.162325	-0.039112	-0.123778	0.003959	0.992302	-0.293461	0.955116	-0.040417	-0.947924	-0.296205	-0.117060
56736	9.768056	-0.434489	-0.031612	-0.140033	-0.190582	-0.041138	-0.125452	0.002971	0.992095	-0.292189	0.955532	-0.039809	-0.948097	-0.294874	-0.119005
56737	9.703495	-0.148733	0.421708	-0.180111	-0.229605	-0.039249	-0.127493	0.001882	0.991838	-0.290543	0.956060	-0.039161	-0.948330	-0.293164	-0.121344
56738	9.522875	-0.269581	0.744836	-0.251004	-0.288273	-0.041018	-0.130097	0.000616	0.991501	-0.288220	0.956794	-0.038412	-0.948685	-0.290768	-0.124298
56739	9.441229	-0.642929	0.959606	-0.286341	-0.346923	-0.049760	-0.133234	-0.000892	0.991084	-0.285555	0.957627	-0.037526	-0.949056	-0.288009	-0.127843
56740	9.344825	-1.080030	0.930596	-0.288524	-0.407936	-0.057406	-0.136932	-0.002644	0.990577	-0.282899	0.958453	-0.036548	-0.949325	-0.285238	-0.131990
56741	9.667232	-1.259648	0.956873	-0.047738	-0.473781	-0.060051	-0.141233	-0.004601	0.989966	-0.282545	0.958584	-0.035854	-0.948800	-0.284773	-0.136684
56742	10.072647	-0.493033	0.961786	0.157608	-0.533566	-0.082135	-0.146048	-0.006944	0.989253	-0.284162	0.958129	-0.035227	-0.947587	-0.286253	-0.141906
56743	10.300365	0.232059	1.096227	0.267717	-0.601571	-0.106054	-0.151443	-0.009724	0.988418	-0.286858	0.957351	-0.034533	-0.945927	-0.288765	-0.147773
56744	10.056297	0.512406	0.910454	0.202945	-0.674711	-0.102425	-0.157513	-0.012691	0.987435	-0.288939	0.956751	-0.033794	-0.944301	-0.290632	-0.154368
56745	10.276388	0.750090	1.016816	0.139702	-0.766820	-0.098802	-0.164445	-0.015902	0.986258	-0.290432	0.956326	-0.033006	-0.942660	-0.291868	-0.161882
56746	10.730534	0.588372	1.001031	-0.025344	-0.833988	-0.105850	-0.171982	-0.019380	0.984909	-0.290377	0.956381	-0.031887	-0.941331	-0.291479	-0.170108
56747	10.856776	0.567438	1.159294	-0.109698	-0.899790	-0.119777	-0.180097	-0.023172	0.983376	-0.289553	0.956676	-0.030487	-0.940066	-0.290230	-0.179004
56748	10.747262	-0.041359	0.882864	-0.246583	-0.963251	-0.132832	-0.188753	-0.027258	0.981646	-0.287488	0.957354	-0.028695	-0.939001	-0.287627	-0.188539
56749	10.939180	-0.591087	0.152330	-0.157023	-1.012201	-0.133543	-0.197847	-0.031477	0.979727	-0.286300	0.957758	-0.027045	-0.937491	-0.285847	-0.198502
56750	10.997411	-0.553909	-1.043913	0.034916	-1.026296	-0.129375	-0.207076	-0.035682	0.977674	-0.286897	0.957614	-0.025816	-0.935313	-0.285837	-0.208535
56751	10.897309	-0.238064	-2.133975	0.047578	-1.034310	-0.112246	-0.216400	-0.039740	0.975496	-0.287593	0.957432	-0.024794	-0.932985	-0.285911	-0.218617
56752	10.915850	-0.107772	-3.233302	0.004351	-1.051134	-0.071317	-0.225978	-0.043459	0.973163	-0.287799	0.957388	-0.024076	-0.930648	-0.285516	-0.228856
56753	10.748344	0.501211	-3.472250	-0.041093	-1.032728	-0.029136	-0.235490	-0.046714	0.970754	-0.287496	0.957489	-0.023666	-0.928381	-0.284661	-0.238909
56754	10.597864	0.638549	-3.270366	-0.282603	-0.979979	-0.031849	-0.244478	-0.049826	0.968374	-0.284960	0.958272	-0.022636	-0.926838	-0.281481	-0.248475
56755	10.560875	0.043155	-2.863485	-0.369675	-0.921485	-0.040973	-0.252892	-0.052824	0.966051	-0.281643	0.959284	-0.021274	-0.925593	-0.277461	-0.257473
56756	10.702272	-0.716980	-2.179262	-0.486569	-0.791880	-0.112461	-0.259894	-0.056113	0.964005	-0.277438	0.960558	-0.018884	-0.924923	-0.272360	-0.265211
56757	10.487457	-1.706535	-1.942993	-0.426092	-0.653143	-0.159102	-0.265499	-0.059434	0.962278	-0.273914	0.961618	-0.016182	-0.924382	-0.267878	-0.271588
56758	9.861481	-2.314726	-2.055435	-0.067749	-0.640316	-0.194793	-0.270869	-0.063051	0.960549	-0.273820	0.961678	-0.014090	-0.922850	-0.266835	-0.277753
56759	9.270779	-2.576291	-2.488220	0.406560	-0.670141	-0.201406	-0.276508	-0.066820	0.958686	-0.278126	0.960453	-0.013276	-0.919885	-0.270306	-0.284158
56760	9.164134	-1.932052	-2.698221	0.545921	-0.701811	-0.193178	-0.282398	-0.070620	0.956694	-0.283688	0.958829	-0.012962	-0.916391	-0.275063	-0.290806
56761	9.244699	-1.734937	-3.471171	0.777712	-0.705352	-0.186344	-0.288316	-0.074414	0.954640	-0.291370	0.956516	-0.013438	-0.912128	-0.282028	-0.297461
56762	9.199447	-1.253125	-3.626669	0.755391	-0.670464	-0.169723	-0.293905	-0.077981	0.952648	-0.298749	0.954228	-0.014058	-0.907948	-0.288735	-0.303749
56763	8.935787	-1.231352	-3.484248	0.714068	-0.724650	-0.160493	-0.299985	-0.081637	0.950444	-0.305712	0.952010	-0.014719	-0.903631	-0.294977	-0.310547
56764	9.091360	-0.657602	-4.469825	0.747943	-0.709555	-0.116427	-0.306009	-0.084893	0.948236	-0.312817	0.949680	-0.015929	-0.899168	-0.301499	-0.317167
56765	8.928641	-0.183953	-4.682971	0.408443	-0.648132	-0.068252	-0.311597	-0.087537	0.946174	-0.316738	0.948368	-0.016569	-0.895870	-0.304852	-0.323235
56766	8.606232	-0.276454	-5.120210	0.250275	-0.577113	-0.014454	-0.316702	-0.089471	0.944296	-0.319034	0.947587	-0.017216	-0.893262	-0.306715	-0.328647
56767	8.394094	0.056140	-4.676192	0.061478	-0.457630	0.035627	-0.320874	-0.090571	0.942781	-0.319517	0.947415	-0.017731	-0.891599	-0.306924	-0.332940
56768	8.062771	0.211825	-4.025656	-0.081643	-0.271888	0.081338	-0.323545	-0.090666	0.941859	-0.318539	0.947735	-0.018192	-0.890984	-0.305905	-0.335515
56769	7.541182	0.315340	-3.192844	-0.191893	-0.013798	0.128125	-0.324041	-0.089524	0.941798	-0.316459	0.948421	-0.018729	-0.891544	-0.304109	-0.335658
56770	7.014708	-0.024296	-2.762016	-0.202127	0.285252	0.179253	-0.322048	-0.086990	0.942718	-0.314087	0.949189	-0.019710	-0.893104	-0.302444	-0.333008
56771	6.893289	-0.497453	-2.278513	-0.178269	0.616061	0.228090	-0.317224	-0.082992	0.944712	-0.311802	0.949909	-0.021251	-0.895627	-0.301304	-0.327212
56772	6.988523	-1.275274	-1.967745	-0.104804	0.981562	0.252193	-0.309189	-0.077671	0.947824	-0.310083	0.950425	-0.023268	-0.899028	-0.301098	-0.317945
56773	7.365488	-2.242241	-2.064032	0.070485	1.349087	0.249070	-0.297775	-0.071255	0.951973	-0.310003	0.950385	-0.025832	-0.902900	-0.302807	-0.305090
56774	7.930513	-3.365780	-2.461033	0.415425	1.722241	0.208837	-0.282831	-0.064044	0.957029	-0.313166	0.949255	-0.029026	-0.906606	-0.307918	-0.288535
56775	8.178904	-3.684147	-2.877028	0.827192	2.017158	0.142025	-0.264929	-0.056415	0.962616	-0.320339	0.946739	-0.032678	-0.909503	-0.317021	-0.268891
56776	8.859282	-3.576991	-2.992719	1.099973	2.230380	0.068268	-0.244828	-0.048602	0.968348	-0.330191	0.943222	-0.036142	-0.911610	-0.328588	-0.246975
56777	9.930876	-3.253472	-2.732238	1.280190	2.430711	-0.009366	-0.222581	-0.040548	0.974071	-0.341952	0.938905	-0.039054	-0.912977	-0.341778	-0.222848
56778	10.517928	-2.301191	-1.875935	1.375446	2.604249	-0.074033	-0.198523	-0.032192	0.979567	-0.354679	0.934081	-0.041184	-0.913669	-0.355608	-0.196854
56779	10.171073	-0.928578	0.897774	0.916962	2.576663	-0.142312	-0.174418	-0.024231	0.984373	-0.363391	0.930713	-0.041478	-0.915164	-0.364947	-0.171139
56780	10.933421	-0.559759	-0.347683	0.975502	2.713337	-0.176756	-0.148910	-0.015871	0.988723	-0.372614	0.927070	-0.041237	-0.915961	-0.374553	-0.143964
56781	11.205789	0.121903	0.590840	0.030305	2.777389	-0.183840	-0.122684	-0.007159	0.992420	-0.373212	0.926907	-0.039451	-0.919599	-0.375223	-0.116388
56782	11.559788	0.115162	0.868756	-0.399061	2.748490	-0.081957	-0.097027	0.002314	0.995279	-0.369627	0.928395	-0.038192	-0.924100	-0.371588	-0.089224
56783	11.941153	0.284435	1.324687	-0.906289	2.703039	0.044446	-0.072076	0.012668	0.997319	-0.361258	0.931693	-0.037943	-0.929676	-0.363025	-0.062576
56784	11.444210	-0.212581	1.250089	-1.064021	2.623384	0.189219	-0.048276	0.023791	0.998551	-0.351226	0.935467	-0.039268	-0.935045	-0.352613	-0.036804
56785	12.626019	-0.312066	3.096509	-1.579808	2.488797	0.293431	-0.025872	0.035135	0.999048	-0.336371	0.940801	-0.041797	-0.941374	-0.337132	-0.012522
56786	9.353970	-1.887374	0.177595	-0.929680	2.252190	0.402059	-0.005952	0.046376	0.998906	-0.327540	0.943728	-0.045766	-0.944819	-0.327454	0.009573
56787	8.244148	0.278537	2.432669	-0.499103	1.799283	0.429467	0.009744	0.056306	0.998366	-0.322905	0.945102	-0.050150	-0.946381	-0.321889	0.027390
56788	7.788651	0.711462	1.691115	-0.575278	1.358097	0.472671	0.021107	0.065074	0.997657	-0.317529	0.946650	-0.055029	-0.948014	-0.315624	0.040644
56789	8.597658	2.199309	2.501203	-0.475338	0.974952	0.462386	0.028953	0.072535	0.996946	-0.313207	0.947796	-0.059863	-0.949244	-0.310517	0.050160
56790	8.778667	2.567745	2.347795	-0.540647	0.725542	0.418373	0.034557	0.078704	0.996299	-0.308203	0.949146	-0.064289	-0.950693	-0.304841	0.057057
56791	8.263171	2.044431	1.907033	-0.786106	0.458921	0.362448	0.037870	0.083554	0.995783	-0.300911	0.951198	-0.068369	-0.952900	-0.297053	0.061164
56792	8.166085	1.043087	1.432151	-0.790736	0.163108	0.336930	0.038437	0.087209	0.995448	-0.293495	0.953232	-0.072178	-0.955188	-0.289385	0.062234
56793	8.220929	0.069232	1.200906	-0.830357	-0.117288	0.312812	0.036455	0.089867	0.995286	-0.285732	0.955308	-0.075792	-0.957616	-0.281622	0.060504
56794	8.206211	-1.102062	0.668890	-0.510157	-0.346444	0.278563	0.032357	0.091530	0.995276	-0.280938	0.956483	-0.078829	-0.959180	-0.277060	0.056663
56795	8.076185	-1.746635	0.195474	-0.039131	-0.606773	0.222935	0.025956	0.091990	0.995422	-0.280687	0.956370	-0.081062	-0.959448	-0.277298	0.050644
56796	8.239314	-1.886794	-0.298588	0.514565	-0.861976	0.185692	0.017177	0.091318	0.995674	-0.285661	0.954761	-0.082637	-0.958177	-0.283005	0.042486
56797	8.398202	-1.391391	-0.698028	1.012516	-1.055071	0.157048	0.006658	0.089786	0.995939	-0.295415	0.951685	-0.083821	-0.955346	-0.293657	0.032860
56798	8.247887	-1.442126	-1.377263	1.358314	-1.185228	0.142208	-0.005059	0.087541	0.996148	-0.308366	0.947478	-0.084830	-0.951254	-0.307607	0.022202
56799	8.150064	-1.259074	-1.884081	1.568919	-1.298537	0.127396	-0.017754	0.084655	0.996252	-0.323285	0.942400	-0.085840	-0.946135	-0.323597	0.010636
56800	7.788384	-1.623697	-2.586127	1.256554	-1.416478	0.146547	-0.031594	0.081325	0.996187	-0.335111	0.938133	-0.087214	-0.941649	-0.336589	-0.002386
56801	8.337645	-2.539564	-4.109778	1.506728	-1.497901	0.182550	-0.046255	0.077879	0.995889	-0.349237	0.932782	-0.089165	-0.935892	-0.351926	-0.015948
56802	9.319214	-1.260280	-3.845500	1.715186	-1.409757	0.153763	-0.059936	0.074196	0.995441	-0.365153	0.926485	-0.091043	-0.929016	-0.368945	-0.028437
56803	10.393883	0.143953	-2.542362	1.492508	-1.240427	0.088824	-0.071724	0.070352	0.994940	-0.378961	0.920785	-0.092427	-0.922629	-0.383673	-0.039381
56804	10.975888	1.336021	-1.908256	1.376093	-0.968989	-0.016540	-0.080556	0.066388	0.994537	-0.391632	0.915427	-0.092829	-0.916589	-0.396971	-0.047744
56805	11.113852	1.936660	-2.047512	0.876166	-0.725820	-0.150440	-0.086581	0.062094	0.994308	-0.399807	0.911994	-0.091767	-0.912501	-0.405477	-0.054136
56806	10.262708	0.597776	-2.439966	0.785109	-0.626246	-0.173745	-0.091567	0.057919	0.994113	-0.407115	0.908887	-0.090453	-0.908775	-0.413001	-0.059644
56807	9.487142	-0.202147	-3.177704	0.524543	-0.683927	-0.125546	-0.097238	0.053930	0.993799	-0.412015	0.906769	-0.089520	-0.905974	-0.418165	-0.065953
56808	10.366316	-1.712219	-3.891756	0.363631	-0.723477	-0.102547	-0.103345	0.049932	0.993391	-0.415413	0.905296	-0.088720	-0.903743	-0.421836	-0.072815
56809	10.829878	-1.655261	-4.620689	0.835383	-0.788226	-0.006677	-0.110409	0.046495	0.992798	-0.422974	0.901734	-0.089269	-0.899390	-0.429784	-0.079894
56810	11.677043	0.957213	-3.873066	0.992460	-0.832514	0.087421	-0.118233	0.043635	0.992027	-0.431779	0.897384	-0.090933	-0.894197	-0.439088	-0.087259
56811	11.587791	3.535615	-4.206186	1.075430	-0.798323	0.109527	-0.125794	0.041053	0.991207	-0.441252	0.892555	-0.092966	-0.888523	-0.449067	-0.094163
56812	11.226767	5.177052	-4.408679	0.365371	-0.720619	0.051511	-0.132399	0.038234	0.990459	-0.444433	0.890888	-0.093800	-0.885974	-0.452611	-0.100960
56813	10.774835	2.742891	-5.065125	-0.512639	-0.602694	0.021162	-0.137809	0.035668	0.989816	-0.439863	0.893192	-0.093427	-0.887429	-0.448258	-0.107401
56814	10.021553	0.195333	-5.635856	-0.177120	-0.479364	0.094935	-0.142463	0.034341	0.989204	-0.438163	0.893952	-0.094138	-0.887534	-0.446844	-0.112309
56815	9.788943	0.181734	-5.052824	0.177322	-0.385468	0.210583	-0.146791	0.034455	0.988567	-0.439408	0.893103	-0.096375	-0.886213	-0.448531	-0.115960
56816	9.925219	0.583373	-4.185137	-0.001526	-0.252229	0.278485	-0.150232	0.035781	0.988003	-0.438986	0.893013	-0.099092	-0.885845	-0.448607	-0.118452
56817	10.116018	0.034555	-3.249494	-0.207978	-0.132962	0.258210	-0.152545	0.037443	0.987587	-0.436711	0.893875	-0.101345	-0.886574	-0.446750	-0.120004
56818	9.837159	-1.228630	-2.483025	-0.486342	-0.063209	0.207445	-0.153990	0.038989	0.987303	-0.432083	0.895959	-0.102774	-0.888590	-0.442423	-0.121123
56819	9.979393	-2.708113	-1.623752	-0.536595	-0.008589	0.154029	-0.154724	0.040283	0.987136	-0.427029	0.898285	-0.103590	-0.890902	-0.437564	-0.121784
56820	9.593531	-3.453497	-1.191280	-0.327899	0.009390	0.131519	-0.155184	0.041477	0.987014	-0.423908	0.899662	-0.104455	-0.892312	-0.434613	-0.122031
56821	9.005563	-3.602014	-0.919321	-0.179252	0.014541	0.111378	-0.155525	0.042502	0.986917	-0.422094	0.900417	-0.105293	-0.893112	-0.432948	-0.122098
56822	8.845098	-3.313949	-0.820693	0.004479	-0.014980	0.090861	-0.156027	0.043225	0.986807	-0.421999	0.900359	-0.106162	-0.893069	-0.432995	-0.122239
56823	8.682078	-2.500982	-0.832555	0.241649	-0.044726	0.048680	-0.156619	0.043428	0.986704	-0.424058	0.899305	-0.106891	-0.891989	-0.435161	-0.122432
56824	8.733074	-1.770763	-1.011416	0.554825	-0.086625	0.047886	-0.157579	0.043449	0.986550	-0.428931	0.896857	-0.108010	-0.889487	-0.440182	-0.122689
56825	9.159202	0.293823	-0.607162	0.779714	-0.133884	0.073858	-0.159085	0.043466	0.986308	-0.435725	0.893376	-0.109650	-0.885909	-0.447203	-0.123183
56826	9.843437	1.143250	-0.028379	0.413279	-0.139919	0.101917	-0.160752	0.043718	0.986026	-0.439226	0.891476	-0.111133	-0.883878	-0.450953	-0.124105
56827	10.091699	-0.025544	-0.358637	0.313425	-0.157383	0.140018	-0.162746	0.044216	0.985677	-0.441743	0.890014	-0.112862	-0.882256	-0.453784	-0.125314
56828	10.113928	0.061866	-0.333806	0.372495	-0.213959	0.152531	-0.165291	0.044568	0.985237	-0.444782	0.888251	-0.114801	-0.880254	-0.457192	-0.126997
56829	10.096106	-0.016544	-0.088742	0.115124	-0.248936	0.154115	-0.168158	0.044742	0.984744	-0.445529	0.887667	-0.116411	-0.879333	-0.458307	-0.129334
56830	9.889347	-0.896848	-0.167187	-0.038778	-0.270069	0.157957	-0.171219	0.044877	0.984210	-0.444926	0.887775	-0.117882	-0.879048	-0.458084	-0.132037
56831	9.710809	-1.392436	-0.175043	-0.139786	-0.283378	0.143158	-0.174325	0.044811	0.983668	-0.443431	0.888366	-0.119055	-0.879193	-0.456943	-0.134994
56832	9.639133	-2.029970	-0.302689	-0.225487	-0.310514	0.131418	-0.177620	0.044534	0.983091	-0.441224	0.889337	-0.120005	-0.879643	-0.455079	-0.138315
56833	9.646810	-1.977498	-0.304044	-0.050229	-0.352759	0.120803	-0.181228	0.043966	0.982458	-0.440552	0.889525	-0.121073	-0.879244	-0.454766	-0.141838
56834	9.820273	-1.308995	-0.119046	-0.009000	-0.394315	0.112949	-0.185175	0.043148	0.981758	-0.440273	0.889518	-0.122136	-0.878561	-0.454858	-0.145720
56835	9.885569	-1.150009	-0.133633	-0.070145	-0.406379	0.107054	-0.189197	0.042216	0.981031	-0.439446	0.889802	-0.123040	-0.878118	-0.454389	-0.149796
56836	9.686751	-1.604400	-0.394976	-0.029315	-0.430260	0.099417	-0.193394	0.041117	0.980259	-0.439006	0.889895	-0.123937	-0.877424	-0.454308	-0.154050
56837	9.594446	-1.913555	-0.955273	0.053766	-0.454327	0.085526	-0.197738	0.039770	0.979448	-0.439308	0.889623	-0.124813	-0.876304	-0.454960	-0.158441
56838	9.599808	-1.711834	-1.373554	0.159263	-0.469622	0.082563	-0.202196	0.038334	0.978595	-0.440545	0.888866	-0.125844	-0.874664	-0.456560	-0.162837
56839	9.652641	-1.639264	-2.032941	0.178221	-0.467513	0.077987	-0.206602	0.036858	0.977731	-0.441939	0.888030	-0.126861	-0.872929	-0.458307	-0.167180
56840	9.679800	-1.702245	-2.422264	0.127710	-0.444451	0.076897	-0.210802	0.035471	0.976885	-0.442900	0.887416	-0.127796	-0.871437	-0.459602	-0.171359
56841	9.545345	-1.732572	-2.646508	0.093907	-0.418670	0.068393	-0.214728	0.034116	0.976078	-0.443572	0.886967	-0.128583	-0.870136	-0.460571	-0.175324
56842	9.487595	-1.555973	-2.554060	0.091243	-0.401067	0.046873	-0.218406	0.032653	0.975311	-0.444272	0.886532	-0.129169	-0.868862	-0.461514	-0.179117
56843	9.571796	-1.648228	-2.291383	-0.050095	-0.390555	0.033082	-0.221923	0.031108	0.974568	-0.443763	0.886759	-0.129357	-0.868231	-0.461184	-0.182988
56844	9.647304	-1.994008	-2.159664	-0.044339	-0.390177	0.009191	-0.225334	0.029362	0.973839	-0.443366	0.886961	-0.129331	-0.867555	-0.460910	-0.186844
56845	9.846195	-1.746272	-1.802680	0.100875	-0.394992	0.001640	-0.228744	0.027519	0.973098	-0.444236	0.886501	-0.129496	-0.866216	-0.461907	-0.190556
56846	10.272747	-1.333764	-1.444530	0.081130	-0.394550	-0.010696	-0.232094	0.025571	0.972357	-0.444972	0.886130	-0.129515	-0.864946	-0.462731	-0.194287
56847	10.109781	-0.859007	-1.234110	0.125746	-0.390226	-0.031951	-0.235304	0.023445	0.971639	-0.446135	0.885560	-0.129410	-0.863479	-0.463933	-0.197916
56848	9.753729	-0.800729	-1.028897	-0.010396	-0.407859	-0.041474	-0.238622	0.021156	0.970882	-0.446152	0.885618	-0.128953	-0.862559	-0.463932	-0.201889
56849	9.641931	-1.310784	-0.919739	0.009404	-0.441289	-0.054190	-0.242160	0.018595	0.970058	-0.446366	0.885590	-0.128404	-0.861461	-0.464095	-0.206155
56850	9.459033	-1.122432	-0.600152	0.180268	-0.477347	-0.068135	-0.245946	0.015743	0.969156	-0.448093	0.884764	-0.128086	-0.859490	-0.465774	-0.210550
56851	9.334000	-0.853571	-0.319153	0.104489	-0.525424	-0.062145	-0.250152	0.012711	0.968123	-0.449150	0.884289	-0.127665	-0.857723	-0.466768	-0.215498
56852	9.269945	-1.186565	-0.178579	-0.002569	-0.577236	-0.070325	-0.254766	0.009365	0.966957	-0.449314	0.884308	-0.126947	-0.856277	-0.466810	-0.221084
56853	9.014282	-1.801648	-0.471271	-0.070405	-0.627532	-0.075212	-0.259772	0.005739	0.965653	-0.448915	0.884644	-0.126021	-0.854982	-0.466232	-0.227229
56854	9.165684	-2.569735	-1.171286	-0.058259	-0.678913	-0.086198	-0.265167	0.001783	0.964201	-0.448653	0.884918	-0.125022	-0.853462	-0.465743	-0.233851
56855	9.573422	-2.623276	-2.098808	0.168417	-0.707016	-0.103100	-0.270702	-0.002455	0.962660	-0.450379	0.884130	-0.124392	-0.850811	-0.467235	-0.240441
56856	9.879786	-1.797087	-2.634198	0.250303	-0.700302	-0.129566	-0.276047	-0.006909	0.961119	-0.452869	0.882951	-0.123723	-0.847766	-0.469415	-0.246865
56857	10.487261	-1.219011	-3.250323	0.119759	-0.688606	-0.131499	-0.281254	-0.011336	0.959566	-0.454267	0.882372	-0.122724	-0.845303	-0.470416	-0.253320
56858	10.583989	-0.103032	-3.439364	0.221435	-0.641630	-0.134917	-0.286037	-0.015579	0.958092	-0.456529	0.881309	-0.121965	-0.842475	-0.472283	-0.259200
56859	10.055282	0.969138	-2.848357	-0.089227	-0.618037	-0.125823	-0.290638	-0.019632	0.956632	-0.456155	0.881705	-0.120492	-0.841101	-0.471392	-0.265213
56860	9.638489	0.129091	-2.762188	-0.267840	-0.612929	-0.140014	-0.295138	-0.023778	0.955159	-0.454324	0.882933	-0.118403	-0.840526	-0.468897	-0.271390
56861	9.006855	-0.031040	-1.920248	-0.072328	-0.639682	-0.146842	-0.299815	-0.028104	0.953583	-0.454164	0.883234	-0.116762	-0.838955	-0.468090	-0.277571
56862	8.792007	-0.660879	-1.233073	-0.089434	-0.682813	-0.156269	-0.304811	-0.032707	0.951851	-0.453898	0.883603	-0.114990	-0.837297	-0.467093	-0.284178
56863	8.546622	-1.399490	-0.709221	0.117764	-0.749044	-0.164006	-0.310298	-0.037691	0.949892	-0.455397	0.882995	-0.113726	-0.834463	-0.467867	-0.291156
56864	8.503616	-1.464673	-0.094483	0.145267	-0.835590	-0.161033	-0.316505	-0.043055	0.947613	-0.457123	0.882248	-0.112595	-0.831182	-0.468813	-0.298917
56865	8.817205	-2.045173	0.073968	0.027032	-0.918052	-0.149160	-0.323409	-0.048702	0.945005	-0.457842	0.882048	-0.111229	-0.828123	-0.468635	-0.307560
56866	9.106400	-1.620121	0.433950	0.028982	-1.017580	-0.129108	-0.331209	-0.054637	0.941974	-0.458516	0.881843	-0.110070	-0.824660	-0.468366	-0.317127
56867	9.280091	-0.824643	0.894085	-0.259755	-1.118803	-0.108765	-0.339888	-0.060849	0.938495	-0.456768	0.882984	-0.108174	-0.822094	-0.465442	-0.327910
56868	9.767607	-0.717028	1.231327	-0.621883	-1.239608	-0.097266	-0.349611	-0.067469	0.934462	-0.452008	0.885794	-0.105154	-0.820647	-0.459147	-0.340180
56869	10.326829	-0.200451	1.647120	-0.727799	-1.386208	-0.103074	-0.360474	-0.074725	0.929771	-0.446441	0.889022	-0.101636	-0.818992	-0.451725	-0.353830
56870	11.046870	0.661022	1.719885	-0.928052	-1.519318	-0.113360	-0.372388	-0.082556	0.924398	-0.439276	0.893078	-0.097201	-0.817535	-0.442262	-0.368837
56871	11.895325	0.531759	0.503847	-1.054578	-1.608232	-0.120294	-0.384956	-0.090684	0.918469	-0.431160	0.897563	-0.092091	-0.816033	-0.431458	-0.384622
56872	12.248687	0.932715	-0.918317	-1.015001	-1.674082	-0.146156	-0.397958	-0.099162	0.912028	-0.423474	0.901746	-0.086736	-0.813817	-0.420738	-0.400850
56873	12.725363	1.650799	-1.924422	-1.136615	-1.702713	-0.170127	-0.411034	-0.107789	0.905225	-0.414972	0.906265	-0.080513	-0.811696	-0.408736	-0.417235
56874	12.730832	2.317339	-1.937533	-1.230996	-1.757329	-0.190337	-0.424482	-0.116616	0.897895	-0.405804	0.910998	-0.073527	-0.809406	-0.395580	-0.434025
56875	13.107219	2.744175	-0.733389	-1.558641	-1.822522	-0.212494	-0.438316	-0.125648	0.889995	-0.394163	0.916761	-0.064696	-0.807784	-0.379160	-0.451356
56876	13.180368	2.391834	0.838518	-1.778019	-1.882419	-0.248079	-0.452532	-0.134921	0.881482	-0.380934	0.923007	-0.054285	-0.806290	-0.360352	-0.469087
56877	13.337438	1.943486	1.850179	-1.772048	-1.963754	-0.255014	-0.467329	-0.144204	0.872243	-0.367887	0.928850	-0.043544	-0.803904	-0.341236	-0.487130
56878	13.062643	1.810898	2.024426	-1.784911	-2.022003	-0.224893	-0.482727	-0.153032	0.862297	-0.354651	0.934427	-0.032706	-0.800748	-0.321602	-0.505346
56879	12.470028	0.215010	-0.675849	-1.676568	-2.077945	-0.140178	-0.498767	-0.160866	0.851677	-0.342005	0.939420	-0.022849	-0.796407	-0.302674	-0.523568
56880	11.742328	-0.656138	-2.745402	-1.234157	-2.089327	-0.088591	-0.515028	-0.167898	0.840569	-0.332682	0.942912	-0.015498	-0.789980	-0.287624	-0.541482
56881	10.912973	-1.599296	-3.717272	-1.352358	-2.086594	-0.089432	-0.531080	-0.174611	0.829135	-0.322573	0.946517	-0.007285	-0.783518	-0.271325	-0.559001
56882	10.500855	-3.303737	-4.903414	-1.013429	-2.103395	-0.123322	-0.547071	-0.181378	0.817200	-0.315357	0.948973	-0.000489	-0.775412	-0.257977	-0.576354
56883	10.629907	-5.169735	-5.337265	-0.642732	-2.126254	-0.180959	-0.562813	-0.188515	0.804800	-0.311484	0.950240	0.004755	-0.765649	-0.248006	-0.593527
56884	11.221377	-7.282533	-6.153210	-0.273906	-2.067513	-0.203639	-0.577885	-0.195542	0.792346	-0.310583	0.950512	0.008056	-0.754710	-0.241434	-0.610019
56885	10.921896	-7.113505	-6.796423	0.963184	-2.073449	-0.206684	-0.592648	-0.202604	0.779564	-0.319088	0.947718	0.003726	-0.739562	-0.246541	-0.626311
56886	10.201554	-4.732953	-6.939381	1.619582	-1.947181	-0.212903	-0.606178	-0.209559	0.767224	-0.332226	0.943187	-0.004868	-0.722616	-0.257843	-0.641361
56887	8.583255	-3.309406	-7.969106	1.597146	-1.804413	-0.211979	-0.618268	-0.216354	0.755603	-0.345053	0.938484	-0.013619	-0.706175	-0.269144	-0.654889
56888	7.541560	-2.469874	-8.380813	1.398952	-1.662036	-0.226629	-0.629071	-0.223059	0.744658	-0.356261	0.934147	-0.021142	-0.690904	-0.278592	-0.667112
56889	6.351154	-2.099612	-8.410464	1.138332	-1.513207	-0.246958	-0.638446	-0.229681	0.734597	-0.365739	0.930326	-0.026989	-0.677216	-0.285902	-0.677967
56890	5.660508	-2.068120	-8.156350	0.802848	-1.355389	-0.237310	-0.646656	-0.235821	0.725413	-0.372677	0.927453	-0.030715	-0.665544	-0.290206	-0.687628
56891	5.641441	-1.370991	-6.442621	0.478270	-1.137907	-0.214288	-0.653290	-0.241170	0.717669	-0.377357	0.925497	-0.032496	-0.656364	-0.292047	-0.695626
56892	5.882366	-1.309084	-6.292803	0.450149	-0.877787	-0.144604	-0.658456	-0.245110	0.711587	-0.381267	0.923818	-0.034585	-0.648900	-0.294077	-0.701746
56893	5.166883	0.128847	-7.219309	0.409146	-0.717255	-0.116665	-0.662558	-0.248357	0.706636	-0.384807	0.922269	-0.036660	-0.642604	-0.296208	-0.706626
56894	4.015921	-0.971995	-6.839743	-0.973103	-0.572792	-0.110237	-0.665803	-0.251073	0.702615	-0.379310	0.924816	-0.028962	-0.642519	-0.285792	-0.710980
56895	4.846301	-2.291161	-5.210762	-1.058643	-0.258906	-0.034260	-0.667261	-0.252170	0.700838	-0.372848	0.927650	-0.021205	-0.644785	-0.275456	-0.713006
56896	5.510180	-1.951210	-4.301206	-0.476811	0.215703	0.021606	-0.665932	-0.251410	0.702372	-0.369646	0.929000	-0.017938	-0.647994	-0.271574	-0.711584
56897	6.545070	-2.193642	-3.990997	-0.214832	0.649614	0.082456	-0.661929	-0.248935	0.707023	-0.367830	0.929737	-0.017020	-0.653109	-0.271331	-0.706986
56898	7.175737	-2.846472	-4.373175	0.240835	1.088316	0.166923	-0.655387	-0.244434	0.714646	-0.368334	0.929481	-0.019877	-0.659391	-0.276256	-0.699203
56899	6.787605	-2.334565	-4.367069	0.571432	1.466109	0.266482	-0.646565	-0.237894	0.724817	-0.370527	0.928463	-0.025791	-0.666830	-0.285240	-0.688459
56900	6.764512	-2.146612	-4.480543	0.727981	1.782386	0.358661	-0.635921	-0.229416	0.736867	-0.373136	0.927177	-0.033353	-0.675554	-0.296162	-0.675215
56901	6.600113	-1.521262	-4.810655	0.979718	2.078050	0.370399	-0.623088	-0.219734	0.750651	-0.377615	0.924978	-0.042680	-0.684958	-0.310051	-0.659318
56902	6.150023	-0.854435	-5.190193	0.764961	2.331133	0.305018	-0.608129	-0.209577	0.765674	-0.381043	0.923207	-0.049943	-0.696409	-0.322126	-0.641288
56903	6.277021	-0.817021	-5.626516	0.322005	2.536930	0.259136	-0.591186	-0.198949	0.781613	-0.381901	0.922623	-0.054016	-0.710388	-0.330432	-0.621421
56904	6.416409	-0.882560	-5.697278	0.029022	2.659110	0.245313	-0.573011	-0.187856	0.797727	-0.380702	0.922994	-0.056105	-0.725757	-0.335845	-0.600403
56905	6.599490	-1.177362	-5.559593	-0.267034	2.772979	0.276133	-0.553617	-0.175988	0.813964	-0.377332	0.924335	-0.056791	-0.742381	-0.338575	-0.578133
56906	7.058715	-1.697324	-5.339700	-0.406538	2.881573	0.345694	-0.533257	-0.163046	0.830092	-0.372419	0.926294	-0.057303	-0.759566	-0.339700	-0.554674
56907	7.075131	-1.913585	-5.312869	-0.195548	3.002108	0.395391	-0.511590	-0.149161	0.846183	-0.368997	0.927518	-0.059592	-0.775962	-0.342726	-0.529549
56908	7.313470	-1.828227	-5.342503	-0.015343	3.097815	0.418827	-0.488836	-0.134621	0.861926	-0.366800	0.928160	-0.063062	-0.791516	-0.346982	-0.503097
56909	7.470783	-1.450317	-5.650577	0.246612	3.221977	0.421984	-0.464568	-0.119434	0.877446	-0.366904	0.927772	-0.067975	-0.805951	-0.353518	-0.474834
56910	7.697903	-0.610517	-5.694136	0.280016	3.310104	0.407257	-0.439138	-0.103880	0.892394	-0.367357	0.927224	-0.072839	-0.819882	-0.359813	-0.445340
56911	7.922719	0.006360	-5.329084	0.084755	3.365616	0.382339	-0.412635	-0.088159	0.906620	-0.366571	0.927225	-0.076677	-0.833881	-0.363981	-0.414922
56912	8.193784	0.317689	-4.886519	-0.146341	3.426693	0.355615	-0.385099	-0.072392	0.920032	-0.363937	0.928041	-0.079311	-0.848085	-0.365376	-0.383734
56913	8.380509	0.237227	-4.569731	-0.328444	3.490550	0.329556	-0.356370	-0.056586	0.932630	-0.360041	0.929397	-0.081187	-0.862189	-0.364718	-0.351583
56914	8.557001	-0.333188	-4.358254	-0.436785	3.552048	0.298446	-0.326552	-0.040924	0.944293	-0.355239	0.931128	-0.082493	-0.875882	-0.362388	-0.318599
56915	8.990592	-0.985286	-4.087442	-0.330621	3.592203	0.270580	-0.295755	-0.025406	0.954926	-0.351609	0.932362	-0.084093	-0.888201	-0.360631	-0.284683
