// General information: 
//  MT Manager version: 2022.2.0 
//  XDA version: 2022.2.0 build 7381 rev 124627 built on 2023-07-19
// Device information: 
//  DeviceId: 00B4CB9F
//  ProductCode: MTW2-3A7G6
//  Firmware Version: 4.6.0
//  Hardware Version: 2.0.0
// Device settings: 
//  Filter Profile: human(46.1)
//  Option Flags: Orientation Smoother Disabled, Position/Velocity Smoother Disabled, Continuous Zero Rotation Update Disabled, AHS Disabled, ICC Disabled
// Coordinate system: ENU
PacketCounter	Acc_X	Acc_Y	Acc_Z	Gyr_X	Gyr_Y	Gyr_Z	Mat[1][1]	Mat[2][1]	Mat[3][1]	Mat[1][2]	Mat[2][2]	Mat[3][2]	Mat[1][3]	Mat[2][3]	Mat[3][3]
49015	9.573988	0.214727	-0.199247	-0.102878	0.027050	0.000627	-0.024731	-0.060313	0.997873	0.051587	-0.996926	-0.058977	0.998362	0.050019	0.027766
49016	9.750599	-0.111167	-0.372083	-0.184378	0.003499	-0.020232	-0.024723	-0.060152	0.997883	0.049786	-0.997024	-0.058866	0.998454	0.048225	0.027644
49017	10.005791	-0.671937	-0.385238	-0.219733	-0.021354	-0.017693	-0.024472	-0.060004	0.997898	0.047642	-0.997133	-0.058790	0.998565	0.046103	0.027260
49018	10.220257	-1.302578	-0.366407	-0.212541	-0.032815	-0.000205	-0.024091	-0.060027	0.997906	0.045613	-0.997222	-0.058885	0.998669	0.044099	0.026762
49019	10.184404	-1.706461	-0.375612	-0.166479	-0.036642	0.025621	-0.023667	-0.060306	0.997899	0.044011	-0.997274	-0.059224	0.998751	0.042517	0.026257
49020	10.112922	-1.725675	-0.393102	-0.098824	-0.046877	0.051078	-0.023127	-0.060830	0.997880	0.042989	-0.997284	-0.059798	0.998808	0.041515	0.025679
49021	10.024776	-1.445256	-0.412230	-0.028362	-0.049395	0.059760	-0.022562	-0.061445	0.997855	0.042774	-0.997255	-0.060441	0.998830	0.041318	0.025128
49022	9.898310	-1.018788	-0.392375	0.026754	-0.065206	0.056453	-0.021834	-0.062020	0.997836	0.043112	-0.997204	-0.061037	0.998832	0.041686	0.024447
49023	9.834301	-0.718156	-0.264561	0.040823	-0.069442	0.049674	-0.021073	-0.062525	0.997821	0.043585	-0.997151	-0.061563	0.998827	0.042193	0.023738
49024	9.727858	-0.480875	-0.259760	0.030789	-0.086001	0.036131	-0.020146	-0.062887	0.997817	0.043898	-0.997113	-0.061957	0.998833	0.042554	0.022848
49025	9.722969	-0.385221	-0.216654	0.027445	-0.097519	0.031404	-0.019112	-0.063198	0.997818	0.044233	-0.997077	-0.062304	0.998838	0.042946	0.021851
49026	9.777265	-0.306122	-0.205912	0.042778	-0.102141	0.028104	-0.018027	-0.063473	0.997821	0.044711	-0.997036	-0.062615	0.998837	0.043484	0.020812
49027	9.812840	-0.316172	-0.107565	0.049518	-0.108724	0.030968	-0.016881	-0.063773	0.997822	0.045265	-0.996989	-0.062954	0.998832	0.044104	0.019717
49028	9.837422	-0.344003	0.092003	0.051943	-0.106554	0.036992	-0.015743	-0.064134	0.997817	0.045828	-0.996938	-0.063355	0.998825	0.044731	0.018634
49029	9.797419	-0.401580	0.262867	0.056060	-0.087664	0.044233	-0.014801	-0.064575	0.997803	0.046449	-0.996879	-0.063826	0.998811	0.045403	0.017754
49030	9.799573	-0.426008	0.269871	0.051398	-0.070270	0.059105	-0.014020	-0.065169	0.997776	0.046988	-0.996814	-0.064446	0.998797	0.045980	0.017037
49031	9.758438	-0.395355	0.318504	0.060248	-0.054683	0.054970	-0.013401	-0.065731	0.997747	0.047652	-0.996745	-0.065025	0.998774	0.046673	0.016490
49032	9.721664	-0.403474	0.397558	0.054218	-0.043182	0.057049	-0.012886	-0.066320	0.997715	0.048307	-0.996674	-0.065627	0.998749	0.047351	0.016047
49033	9.725209	-0.403218	0.360341	0.035118	-0.029678	0.058710	-0.012515	-0.066930	0.997679	0.048719	-0.996613	-0.066247	0.998734	0.047777	0.015733
49034	9.662080	-0.457409	0.343499	0.011148	-0.011319	0.056656	-0.012320	-0.067529	0.997641	0.048925	-0.996563	-0.066851	0.998726	0.047986	0.015581
49035	9.595214	-0.516990	0.362032	0.000702	0.002669	0.052604	-0.012274	-0.068093	0.997603	0.048993	-0.996521	-0.067416	0.998724	0.048048	0.015568
49036	9.580678	-0.535279	0.306159	0.004749	0.011367	0.053426	-0.012308	-0.068669	0.997564	0.049104	-0.996477	-0.067989	0.998718	0.048147	0.015637
49037	9.712128	-0.561928	0.300430	0.002952	0.015564	0.051864	-0.012392	-0.069233	0.997524	0.049194	-0.996434	-0.068546	0.998712	0.048223	0.015753
49038	9.753569	-0.638532	0.118995	-0.012882	0.027974	0.054232	-0.012595	-0.069822	0.997480	0.049089	-0.996399	-0.069127	0.998715	0.048095	0.015977
49039	9.878045	-0.667646	-0.009865	-0.024386	0.023807	0.059232	-0.012757	-0.070463	0.997433	0.048908	-0.996364	-0.069762	0.998722	0.047892	0.016157
49040	9.899224	-0.649019	-0.018911	-0.030869	0.022141	0.060708	-0.012899	-0.071115	0.997385	0.048633	-0.996332	-0.070411	0.998733	0.047597	0.016310
49041	9.913592	-0.632219	-0.152649	-0.031991	0.015699	0.061072	-0.012980	-0.071770	0.997337	0.048376	-0.996298	-0.071066	0.998745	0.047324	0.016404
49042	9.930423	-0.679428	-0.209817	-0.038779	0.004309	0.057598	-0.012941	-0.072385	0.997293	0.048096	-0.996267	-0.071687	0.998759	0.047038	0.016374
49043	9.921901	-0.756272	-0.223224	-0.053286	-0.005912	0.049693	-0.012812	-0.072916	0.997256	0.047625	-0.996250	-0.072231	0.998783	0.046569	0.016237
49044	9.878244	-0.809965	-0.202472	-0.060401	-0.013928	0.046700	-0.012594	-0.073416	0.997222	0.047144	-0.996236	-0.072748	0.998809	0.046097	0.016008
49045	9.835897	-0.793492	-0.293696	-0.065089	-0.019786	0.049727	-0.012327	-0.073941	0.997186	0.046554	-0.996223	-0.073294	0.998840	0.045520	0.015722
49046	9.817478	-0.816840	-0.319214	-0.056287	-0.026150	0.047866	-0.011981	-0.074450	0.997153	0.046185	-0.996201	-0.073824	0.998861	0.045169	0.015374
49047	9.757994	-0.758848	-0.353649	-0.055503	-0.035792	0.047843	-0.011555	-0.074949	0.997120	0.045691	-0.996185	-0.074350	0.998889	0.044700	0.014936
49048	9.700526	-0.720176	-0.374176	-0.043401	-0.040831	0.044274	-0.011067	-0.075415	0.997091	0.045445	-0.996159	-0.074840	0.998906	0.044485	0.014452
49049	9.665392	-0.746741	-0.280566	-0.039823	-0.045325	0.044485	-0.010548	-0.075877	0.997061	0.045107	-0.996138	-0.075330	0.998926	0.044179	0.013930
49050	9.655293	-0.698249	-0.294947	-0.030187	-0.049714	0.048523	-0.009975	-0.076377	0.997029	0.044815	-0.996111	-0.075858	0.998946	0.043925	0.013359
49051	9.639936	-0.681056	-0.227568	-0.031079	-0.054149	0.045016	-0.009368	-0.076841	0.996999	0.044563	-0.996085	-0.076351	0.998963	0.043714	0.012755
49052	9.727685	-0.757154	-0.218348	-0.034929	-0.054109	0.051067	-0.008750	-0.077364	0.996965	0.044255	-0.996056	-0.076905	0.998982	0.043448	0.012140
49053	9.742025	-0.794502	-0.104641	-0.028606	-0.055917	0.053916	-0.008122	-0.077916	0.996927	0.044028	-0.996021	-0.077486	0.998997	0.043263	0.011520
49054	9.796815	-0.868633	-0.045519	-0.019980	-0.048761	0.058948	-0.007549	-0.078523	0.996884	0.043993	-0.995973	-0.078118	0.999003	0.043266	0.010973
49055	9.816361	-0.875812	-0.013198	-0.004658	-0.048247	0.066809	-0.006992	-0.079207	0.996834	0.044005	-0.995917	-0.078825	0.999007	0.043315	0.010449
49056	9.805061	-0.900124	0.083929	-0.000683	-0.040576	0.069580	-0.006510	-0.079916	0.996780	0.043938	-0.995862	-0.079555	0.999013	0.043279	0.009995
49057	9.872372	-0.943448	0.186999	0.017920	-0.030922	0.069964	-0.006124	-0.080639	0.996725	0.044176	-0.995792	-0.080292	0.999005	0.043539	0.009661
49058	9.875070	-0.864952	0.217582	0.036516	-0.017361	0.067463	-0.005870	-0.081340	0.996669	0.044541	-0.995718	-0.081000	0.998990	0.043917	0.009468
49059	9.923692	-0.801987	0.304411	0.043972	-0.004916	0.064190	-0.005746	-0.082016	0.996614	0.045038	-0.995641	-0.081676	0.998969	0.044416	0.009414
49060	9.955359	-0.607391	0.325231	0.041632	0.008487	0.061229	-0.005741	-0.082671	0.996560	0.045600	-0.995562	-0.082326	0.998943	0.044971	0.009485
49061	9.831936	-0.428356	0.222296	0.028393	0.018875	0.056526	-0.005857	-0.083282	0.996509	0.045941	-0.995496	-0.082927	0.998927	0.045295	0.009657
49062	9.689077	-0.337693	0.207437	-0.010619	0.007753	0.051346	-0.005861	-0.083832	0.996463	0.045787	-0.995457	-0.083478	0.998934	0.045135	0.009673
49063	9.676151	-0.454118	0.099092	-0.073950	0.000568	0.044053	-0.005800	-0.084310	0.996423	0.045104	-0.995447	-0.083965	0.998965	0.044456	0.009577
49064	9.650524	-0.647431	0.009664	-0.121141	-0.017223	0.045050	-0.005555	-0.084789	0.996383	0.043922	-0.995458	-0.084465	0.999020	0.043294	0.009254
49065	9.672301	-0.955227	-0.079403	-0.133680	-0.033450	0.037717	-0.005158	-0.085189	0.996351	0.042643	-0.995477	-0.084894	0.999077	0.042049	0.008767
49066	9.675610	-1.201780	-0.126716	-0.132970	-0.045546	0.040065	-0.004636	-0.085606	0.996318	0.041347	-0.995493	-0.085342	0.999134	0.040799	0.008155
49067	9.707964	-1.378428	-0.124683	-0.113531	-0.050962	0.043747	-0.004063	-0.086060	0.996282	0.040268	-0.995496	-0.085828	0.999181	0.039770	0.007510
49068	9.707516	-1.427886	-0.068234	-0.073431	-0.046541	0.043102	-0.003528	-0.086508	0.996245	0.039518	-0.995485	-0.086302	0.999213	0.039065	0.006931
49069	9.716088	-1.360699	-0.058902	-0.024829	-0.028198	0.043675	-0.003183	-0.086971	0.996206	0.039325	-0.995451	-0.086780	0.999221	0.038900	0.006589
49070	9.653667	-1.182989	-0.052884	0.016593	-0.017819	0.041240	-0.002933	-0.087415	0.996168	0.039530	-0.995403	-0.087231	0.999214	0.039123	0.006375
49071	9.722916	-1.074582	0.008375	0.038520	-0.014768	0.045664	-0.002721	-0.087903	0.996125	0.039971	-0.995343	-0.087725	0.999197	0.039577	0.006222
49072	9.830431	-1.028511	0.062944	0.059393	-0.013229	0.045623	-0.002520	-0.088389	0.996083	0.040578	-0.995275	-0.088215	0.999173	0.040197	0.006095
49073	9.868576	-1.016231	0.122351	0.058572	-0.008501	0.050477	-0.002369	-0.088928	0.996035	0.041219	-0.995200	-0.088755	0.999147	0.040845	0.006023
49074	9.924726	-1.110411	0.200548	0.066189	-0.006830	0.053917	-0.002219	-0.089502	0.995984	0.041969	-0.995117	-0.089331	0.999116	0.041603	0.005965
49075	9.874911	-1.150637	0.242466	0.078409	-0.004248	0.059131	-0.002105	-0.090128	0.995928	0.042808	-0.995025	-0.089956	0.999081	0.042444	0.005953
49076	9.803611	-1.090623	0.300289	0.087855	0.003495	0.055949	-0.002065	-0.090725	0.995874	0.043694	-0.994933	-0.090549	0.999043	0.043327	0.006019
49077	9.756840	-0.945897	0.428922	0.092816	0.015241	0.046186	-0.002151	-0.091230	0.995828	0.044677	-0.994844	-0.091044	0.998999	0.044294	0.006215
49078	9.785007	-0.780288	0.534760	0.078075	0.035817	0.033237	-0.002430	-0.091620	0.995791	0.045641	-0.994766	-0.091414	0.998955	0.045227	0.006599
49079	9.774573	-0.720500	0.707897	0.056903	0.057240	0.019370	-0.002946	-0.091878	0.995766	0.046264	-0.994717	-0.091644	0.998925	0.045798	0.007182
49080	9.807268	-0.690572	0.793913	0.043760	0.074049	0.009393	-0.003638	-0.092041	0.995749	0.046608	-0.994689	-0.091772	0.998907	0.046076	0.007908
49081	9.760388	-0.709619	0.617987	0.023069	0.088088	0.012476	-0.004465	-0.092244	0.995726	0.046893	-0.994660	-0.091935	0.998890	0.046282	0.008767
49082	9.786937	-0.689851	0.403739	-0.001827	0.078941	0.009734	-0.005194	-0.092418	0.995707	0.046925	-0.994646	-0.092074	0.998885	0.046245	0.009503
49083	9.781122	-0.666225	0.238136	-0.048676	0.066768	0.002540	-0.005814	-0.092513	0.995695	0.046493	-0.994660	-0.092145	0.998902	0.045757	0.010084
49084	9.867923	-0.773647	0.129595	-0.083825	0.066371	-0.000859	-0.006426	-0.092572	0.995685	0.045640	-0.994695	-0.092185	0.998937	0.044850	0.010617
49085	9.755697	-0.943204	-0.083140	-0.109538	0.049885	-0.006186	-0.006881	-0.092572	0.995682	0.044599	-0.994743	-0.092176	0.998981	0.043772	0.010974
49086	9.776498	-1.166778	-0.099252	-0.102565	0.031675	-0.014132	-0.007156	-0.092482	0.995689	0.043581	-0.994797	-0.092086	0.999024	0.042734	0.011149
49087	9.786831	-1.317491	-0.140700	-0.079806	0.022131	-0.008754	-0.007335	-0.092443	0.995691	0.042837	-0.994833	-0.092048	0.999055	0.041977	0.011257
49088	9.735773	-1.331538	-0.112178	-0.052665	0.027150	-0.009240	-0.007556	-0.092403	0.995693	0.042353	-0.994858	-0.092004	0.999074	0.041475	0.011431
49089	9.717595	-1.349010	-0.133276	-0.020069	0.019051	-0.006556	-0.007703	-0.092385	0.995694	0.042206	-0.994866	-0.091981	0.999079	0.041315	0.011563
49090	9.748487	-1.309371	0.126209	0.026177	0.029792	-0.008548	-0.007956	-0.092350	0.995695	0.042443	-0.994860	-0.091933	0.999067	0.041528	0.011834
49091	9.686733	-1.251249	0.133750	0.061146	0.046635	0.000881	-0.008375	-0.092417	0.995685	0.043108	-0.994828	-0.091975	0.999035	0.042151	0.012316
49092	9.662232	-1.066835	0.062649	0.089971	0.041062	0.007227	-0.008723	-0.092550	0.995670	0.044153	-0.994772	-0.092080	0.998987	0.043158	0.012764
49093	9.696397	-0.821884	0.026005	0.094834	0.043978	0.005163	-0.009114	-0.092660	0.995656	0.045155	-0.994720	-0.092159	0.998938	0.044119	0.013250
49094	9.680849	-0.690818	-0.036530	0.072719	0.037501	0.004993	-0.009451	-0.092757	0.995644	0.045695	-0.994688	-0.092234	0.998911	0.044625	0.013639
49095	9.692245	-0.673952	-0.134675	0.041313	0.022834	0.006526	-0.009630	-0.092871	0.995632	0.046163	-0.994657	-0.092334	0.998888	0.045072	0.013866
49096	9.700534	-0.772692	-0.060305	0.023959	0.016806	0.006700	-0.009737	-0.092987	0.995620	0.046506	-0.994632	-0.092440	0.998871	0.045402	0.014009
49097	9.730219	-0.971384	-0.000962	0.019616	0.017896	0.001054	-0.009869	-0.093045	0.995613	0.046756	-0.994615	-0.092488	0.998858	0.045638	0.014166
49098	9.757251	-1.006139	0.033579	0.019271	0.022723	0.001068	-0.010046	-0.093103	0.995606	0.046937	-0.994602	-0.092536	0.998847	0.045802	0.014362
49099	9.700972	-0.962389	0.019614	0.022223	0.024939	0.002268	-0.010248	-0.093176	0.995597	0.047214	-0.994584	-0.092596	0.998832	0.046057	0.014591
49100	9.675682	-0.868087	0.070697	0.015852	0.024336	0.001808	-0.010439	-0.093244	0.995589	0.047364	-0.994571	-0.092652	0.998823	0.046188	0.014799
49101	9.704442	-0.842628	0.186508	0.002079	0.025517	-0.006458	-0.010651	-0.093231	0.995588	0.047439	-0.994570	-0.092628	0.998817	0.046243	0.015015
49102	9.733165	-0.816719	0.302757	-0.011408	0.035420	-0.007835	-0.010960	-0.093206	0.995586	0.047279	-0.994581	-0.092592	0.998822	0.046056	0.015307
49103	9.691649	-0.947813	0.420518	-0.001403	0.051060	-0.021576	-0.011434	-0.093054	0.995595	0.047317	-0.994595	-0.092417	0.998814	0.046052	0.015775
49104	9.692575	-1.010622	0.503437	0.003263	0.066520	-0.014804	-0.012054	-0.092976	0.995595	0.047400	-0.994602	-0.092310	0.998803	0.046078	0.016396
49105	9.810180	-1.080822	0.317220	0.022709	0.059599	-0.010535	-0.012608	-0.092938	0.995592	0.047680	-0.994594	-0.092241	0.998783	0.046307	0.016971
49106	9.968109	-1.029723	0.209022	0.043120	0.051747	0.000609	-0.013067	-0.093011	0.995579	0.048197	-0.994566	-0.092283	0.998752	0.046778	0.017479
49107	9.995481	-0.910288	0.044036	0.046028	0.046144	0.007582	-0.013478	-0.093147	0.995561	0.048712	-0.994531	-0.092391	0.998722	0.047250	0.017941
49108	9.944663	-0.771692	-0.127802	0.032252	0.034130	0.008432	-0.013774	-0.093279	0.995545	0.048884	-0.994511	-0.092506	0.998709	0.047392	0.018259
49109	9.857568	-0.699516	-0.140404	0.019340	0.021279	0.001564	-0.013940	-0.093344	0.995536	0.049131	-0.994494	-0.092558	0.998695	0.047622	0.018449
49110	9.712143	-0.797024	-0.048422	0.011822	0.022058	-0.004330	-0.014119	-0.093345	0.995534	0.049121	-0.994496	-0.092551	0.998693	0.047595	0.018627
49111	9.639679	-0.979421	0.002715	0.015169	0.027270	-0.008909	-0.014350	-0.093308	0.995534	0.049325	-0.994490	-0.092499	0.998680	0.047778	0.018873
49112	9.742044	-1.182137	0.088887	0.027434	0.025579	-0.016766	-0.014559	-0.093194	0.995542	0.049635	-0.994487	-0.092369	0.998661	0.048069	0.019104
49113	9.823690	-1.239504	0.127057	0.055750	0.029231	-0.011739	-0.014810	-0.093130	0.995544	0.050244	-0.994465	-0.092281	0.998627	0.048654	0.019408
49114	9.763249	-1.120646	0.214097	0.075998	0.035041	-0.008265	-0.015119	-0.093100	0.995542	0.050937	-0.994435	-0.092222	0.998587	0.049316	0.019777
49115	9.729675	-0.927691	0.193769	0.068467	0.038651	-0.000542	-0.015459	-0.093152	0.995532	0.051675	-0.994395	-0.092243	0.998544	0.050018	0.020186
49116	9.749102	-0.739768	0.161600	0.060007	0.047088	-0.002585	-0.015883	-0.093187	0.995522	0.052223	-0.994366	-0.092245	0.998509	0.050524	0.020660
49117	9.759941	-0.687015	0.194312	0.044561	0.051002	-0.011980	-0.016352	-0.093132	0.995519	0.052720	-0.994348	-0.092157	0.998475	0.050977	0.021170
49118	9.836257	-0.605364	0.257610	0.029281	0.059813	-0.026205	-0.016924	-0.092933	0.995528	0.052861	-0.994362	-0.091926	0.998458	0.051069	0.021742
49119	9.797735	-0.648706	0.410770	0.016186	0.078049	-0.036826	-0.017677	-0.092646	0.995542	0.053071	-0.994381	-0.091596	0.998434	0.051215	0.022494
49120	9.798166	-0.709363	0.496583	0.006979	0.088329	-0.033101	-0.018528	-0.092399	0.995550	0.053119	-0.994405	-0.091304	0.998416	0.051191	0.023333
49121	9.828635	-0.719350	0.648916	0.016456	0.108189	-0.028896	-0.019577	-0.092206	0.995548	0.053333	-0.994417	-0.091052	0.998385	0.051313	0.024385
49122	9.880026	-0.766227	0.711530	0.015870	0.121699	-0.017220	-0.020763	-0.092127	0.995531	0.053350	-0.994429	-0.090912	0.998360	0.051224	0.025563
49123	9.985120	-0.710159	0.622754	-0.014663	0.127461	-0.007882	-0.021993	-0.092152	0.995502	0.053257	-0.994437	-0.090877	0.998339	0.051018	0.026779
49124	10.003001	-0.706869	0.514352	-0.046937	0.121410	-0.004584	-0.023149	-0.092212	0.995470	0.052948	-0.994453	-0.090887	0.998329	0.050604	0.027904
49125	9.937219	-0.734659	0.495132	-0.079017	0.114897	-0.002754	-0.024251	-0.092281	0.995438	0.052213	-0.994488	-0.090921	0.998341	0.049770	0.028936
49126	9.772457	-0.722377	0.416182	-0.102790	0.115054	-0.007068	-0.025338	-0.092316	0.995407	0.051417	-0.994529	-0.090925	0.998356	0.048877	0.029946
49127	9.616670	-0.826796	0.424179	-0.110280	0.117290	-0.013499	-0.026469	-0.092277	0.995382	0.050367	-0.994589	-0.090864	0.998380	0.047729	0.030974
49128	9.528884	-0.942099	0.492207	-0.105647	0.128964	-0.018424	-0.027706	-0.092200	0.995355	0.049486	-0.994643	-0.090756	0.998390	0.046742	0.032120
49129	9.488614	-0.918983	0.414671	-0.081034	0.148387	-0.018761	-0.029150	-0.092121	0.995321	0.048727	-0.994691	-0.090635	0.998387	0.045857	0.033484
49130	9.402946	-0.860131	0.267867	-0.069026	0.156838	-0.015308	-0.030661	-0.092087	0.995279	0.048234	-0.994723	-0.090550	0.998365	0.045230	0.034941
49131	9.532220	-0.714283	0.094170	-0.105056	0.148032	-0.019811	-0.032102	-0.091995	0.995242	0.047234	-0.994782	-0.090429	0.998368	0.044107	0.036280
49132	9.806876	-0.639025	-0.107372	-0.160187	0.148030	-0.018093	-0.033534	-0.091919	0.995202	0.045692	-0.994861	-0.090348	0.998393	0.042443	0.037562
49133	9.630629	-0.611424	-0.416320	-0.212124	0.117767	-0.025644	-0.034675	-0.091752	0.995178	0.043621	-0.994967	-0.090213	0.998446	0.040282	0.038503
49134	9.900299	-0.793313	-0.438589	-0.239413	0.089460	-0.037487	-0.035534	-0.091451	0.995175	0.041234	-0.995090	-0.089971	0.998517	0.037838	0.039130
49135	10.018344	-1.078986	-0.344004	-0.244369	0.083252	-0.045791	-0.036337	-0.091065	0.995182	0.038832	-0.995216	-0.089651	0.998585	0.035387	0.039700
49136	9.930927	-1.354693	-0.384176	-0.225644	0.087492	-0.041734	-0.037189	-0.090706	0.995183	0.036401	-0.995334	-0.089360	0.998645	0.032902	0.040317
49137	9.774129	-1.540480	-0.418517	-0.184516	0.081162	-0.030013	-0.037964	-0.090473	0.995175	0.034602	-0.995415	-0.089175	0.998680	0.031049	0.040921
49138	9.821605	-1.554653	-0.232161	-0.110596	0.079578	-0.025576	-0.038711	-0.090285	0.995163	0.033573	-0.995465	-0.089007	0.998686	0.029965	0.041567
49139	9.717049	-1.524907	-0.093023	-0.038040	0.090455	-0.017149	-0.039575	-0.090181	0.995139	0.033241	-0.995487	-0.088891	0.998664	0.029562	0.042394
49140	9.549943	-1.439058	0.049283	0.016891	0.091763	-0.004526	-0.040429	-0.090213	0.995102	0.033582	-0.995476	-0.088882	0.998618	0.029824	0.043276
49141	9.507929	-1.325257	0.304145	0.055467	0.086229	0.000256	-0.041244	-0.090281	0.995062	0.034192	-0.995454	-0.088899	0.998564	0.030356	0.044143
49142	9.648059	-1.284753	0.607903	0.084671	0.094526	-0.005323	-0.042144	-0.090290	0.995023	0.034973	-0.995431	-0.088846	0.998499	0.031054	0.045110
49143	9.792446	-1.197553	0.976217	0.108417	0.120363	-0.015533	-0.043306	-0.090213	0.994980	0.036104	-0.995406	-0.088680	0.998409	0.032082	0.046364
49144	9.935694	-1.108489	1.348134	0.132459	0.158839	-0.021673	-0.044852	-0.090083	0.994924	0.037335	-0.995381	-0.088441	0.998296	0.033179	0.048008
49145	9.964474	-1.034590	1.669475	0.139757	0.214232	-0.032068	-0.046957	-0.089876	0.994845	0.038771	-0.995358	-0.088092	0.998144	0.034434	0.050223
49146	10.060098	-1.009460	2.086760	0.152277	0.277531	-0.049253	-0.049701	-0.089517	0.994744	0.040241	-0.995346	-0.087561	0.997953	0.035677	0.053072
49147	10.110787	-1.088944	2.575152	0.170999	0.366278	-0.064209	-0.053336	-0.089051	0.994598	0.041969	-0.995336	-0.086866	0.997694	0.037110	0.056824
49148	10.105445	-1.114865	3.021545	0.232307	0.463150	-0.073221	-0.057928	-0.088550	0.994386	0.044435	-0.995300	-0.086043	0.997331	0.039201	0.061590
49149	10.046443	-1.145775	3.344186	0.305133	0.550611	-0.089048	-0.063413	-0.087926	0.994107	0.047479	-0.995249	-0.084998	0.996857	0.041810	0.067286
49150	9.864415	-0.933044	3.144350	0.337293	0.596408	-0.080436	-0.069345	-0.087425	0.993755	0.050841	-0.995168	-0.084002	0.996296	0.044698	0.073455
49151	9.665125	-0.398607	2.478260	0.318496	0.569431	-0.090498	-0.075018	-0.086826	0.993395	0.054004	-0.995094	-0.082896	0.995719	0.047429	0.079338
49152	9.389890	0.249703	1.840620	0.203255	0.469200	-0.120551	-0.079713	-0.085884	0.993111	0.055904	-0.995099	-0.081568	0.995249	0.049017	0.084123
49153	9.275147	0.507852	1.437917	-0.021915	0.369191	-0.156609	-0.083427	-0.084544	0.992921	0.055615	-0.995237	-0.080068	0.994961	0.048541	0.087732
49154	9.423047	0.513382	1.248625	-0.273088	0.308693	-0.166102	-0.086537	-0.083075	0.992779	0.052786	-0.995500	-0.078701	0.994849	0.045594	0.090533
49155	9.677518	0.008797	1.185794	-0.474788	0.293248	-0.177392	-0.089498	-0.081474	0.992649	0.047964	-0.995845	-0.077412	0.994831	0.040683	0.093034
49156	9.894010	-0.812690	1.144464	-0.579668	0.309869	-0.185417	-0.092620	-0.079776	0.992501	0.042024	-0.996210	-0.076153	0.994814	0.034656	0.095622
49157	10.262109	-1.689622	1.385844	-0.565664	0.360876	-0.177330	-0.096234	-0.078163	0.992285	0.036287	-0.996525	-0.074978	0.994697	0.028792	0.098735
49158	10.592043	-2.416340	1.757064	-0.454652	0.442576	-0.159398	-0.100655	-0.076704	0.991960	0.031455	-0.996771	-0.073884	0.994424	0.023765	0.102743
49159	10.634512	-2.761273	2.225169	-0.274179	0.534193	-0.144816	-0.105964	-0.075419	0.991506	0.028637	-0.996937	-0.072772	0.993957	0.020683	0.107799
49160	10.542224	-2.662493	2.533545	-0.046624	0.626882	-0.151727	-0.112190	-0.074077	0.990922	0.028082	-0.997056	-0.071356	0.993290	0.019821	0.113940
49161	10.202028	-2.281598	2.369238	0.188030	0.667793	-0.159736	-0.118822	-0.072661	0.990253	0.029822	-0.997130	-0.069588	0.992468	0.021263	0.120647
49162	9.927885	-1.405028	2.423481	0.370999	0.641491	-0.189729	-0.125197	-0.070976	0.989590	0.033443	-0.997173	-0.067288	0.991568	0.024670	0.127217
49163	9.615649	-0.318080	2.333749	0.364426	0.564688	-0.231348	-0.130830	-0.068857	0.989011	0.036817	-0.997234	-0.064559	0.990721	0.027966	0.133003
49164	9.229877	0.569112	2.367891	0.200115	0.457785	-0.272140	-0.135435	-0.066257	0.988568	0.038123	-0.997371	-0.061624	0.990053	0.029342	0.137605
49165	9.082368	0.903817	2.539825	-0.003920	0.377091	-0.283054	-0.139229	-0.063584	0.988217	0.037755	-0.997552	-0.058865	0.989540	0.029114	0.141289
49166	9.166830	0.823168	2.595268	-0.207039	0.342489	-0.261999	-0.142657	-0.061139	0.987882	0.035559	-0.997763	-0.056615	0.989133	0.027051	0.144512
49167	9.588255	0.360807	2.788991	-0.314400	0.379970	-0.229797	-0.146447	-0.058982	0.987458	0.032176	-0.997977	-0.054838	0.988695	0.023742	0.148049
49168	9.967297	-0.200229	2.943032	-0.330757	0.490024	-0.214558	-0.151309	-0.057006	0.986841	0.028733	-0.998167	-0.053255	0.988069	0.020297	0.152670
49169	10.091744	-0.582483	3.278819	-0.283639	0.591319	-0.230398	-0.157167	-0.054857	0.986047	0.025636	-0.998346	-0.051455	0.987239	0.017191	0.158313
49170	10.079658	-0.732027	3.779998	-0.218728	0.630959	-0.239240	-0.163405	-0.052638	0.985154	0.023291	-0.998503	-0.049488	0.986284	0.014859	0.164386
49171	9.992586	-0.583374	3.776853	-0.197911	0.576823	-0.205146	-0.169092	-0.050710	0.984295	0.021059	-0.998633	-0.047831	0.985375	0.012640	0.169929
49172	10.380402	-0.232734	3.375189	-0.300832	0.508193	-0.143099	-0.174089	-0.049380	0.983491	0.017924	-0.998735	-0.046973	0.984567	0.009450	0.174754
49173	10.660020	-0.326426	2.609681	-0.474452	0.491825	-0.080893	-0.178897	-0.048647	0.982664	0.013171	-0.998806	-0.047049	0.983780	0.004526	0.179324
49174	10.675085	-0.580222	2.136293	-0.578439	0.503554	-0.017424	-0.183810	-0.048527	0.981763	0.007520	-0.998821	-0.047962	0.982933	-0.001433	0.183958
49175	10.467975	-0.977407	1.803079	-0.636625	0.544511	0.019823	-0.189114	-0.048740	0.980745	0.001363	-0.998779	-0.049374	0.981954	-0.008001	0.188950
49176	10.232433	-1.693995	1.473971	-0.644285	0.590163	0.056123	-0.194870	-0.049281	0.979590	-0.004774	-0.998677	-0.051191	0.980817	-0.014652	0.194377
49177	10.126090	-2.334193	1.252214	-0.552555	0.645142	0.097331	-0.201158	-0.050182	0.978273	-0.009937	-0.998531	-0.053264	0.979508	-0.020435	0.200364
49178	10.151621	-2.839337	1.236660	-0.377215	0.706634	0.133513	-0.208053	-0.051402	0.976766	-0.013291	-0.998377	-0.055370	0.978027	-0.024502	0.207032
49179	10.209244	-3.109039	1.412237	-0.122205	0.748079	0.175642	-0.215344	-0.053009	0.975098	-0.014052	-0.998254	-0.057371	0.976437	-0.026057	0.214223
49180	10.034625	-3.195975	1.383080	0.134033	0.764026	0.226639	-0.222790	-0.055124	0.973307	-0.012183	-0.998165	-0.059320	0.974790	-0.025073	0.221710
49181	9.797684	-2.923724	1.503685	0.373895	0.749784	0.279118	-0.230078	-0.057777	0.971456	-0.007847	-0.998093	-0.061219	0.973141	-0.021709	0.229186
49182	9.433224	-2.273187	1.519229	0.531395	0.702758	0.292821	-0.236887	-0.060614	0.969644	-0.001930	-0.998021	-0.062859	0.971535	-0.016762	0.236301
49183	9.151898	-1.341777	1.239087	0.602832	0.643575	0.292841	-0.243088	-0.063488	0.967924	0.004686	-0.997921	-0.064279	0.969993	-0.011089	0.242880
49184	8.441906	-0.526241	0.563465	0.595780	0.547826	0.278309	-0.248336	-0.066270	0.966404	0.011212	-0.997787	-0.065541	0.968609	-0.005441	0.248530
49185	8.133623	0.259868	0.111482	0.542216	0.422938	0.221395	-0.252356	-0.068508	0.965206	0.017077	-0.997651	-0.066346	0.967484	-0.000260	0.252933
49186	8.004545	0.877262	-0.031948	0.440152	0.334153	0.172974	-0.255512	-0.070289	0.964247	0.021839	-0.997519	-0.066927	0.966559	0.003958	0.256413
49187	7.894245	0.960307	-0.182336	0.275198	0.288875	0.136771	-0.258227	-0.071709	0.963419	0.024912	-0.997404	-0.067562	0.965763	0.006554	0.259343
49188	7.756568	0.572420	-0.201769	0.122010	0.259481	0.122809	-0.260658	-0.073000	0.962667	0.026473	-0.997303	-0.068458	0.965068	0.007641	0.261888
49189	7.774724	-0.075603	-0.066184	0.016409	0.243678	0.133849	-0.262929	-0.074394	0.961943	0.027045	-0.997199	-0.069729	0.964436	0.007682	0.264205
49190	7.876988	-0.693000	0.165316	-0.020101	0.224150	0.159396	-0.265003	-0.076047	0.961244	0.027336	-0.997077	-0.071346	0.963860	0.007370	0.266307
49191	8.026203	-1.223278	0.358651	-0.008269	0.209493	0.188453	-0.266925	-0.077982	0.960557	0.027820	-0.996929	-0.073204	0.963316	0.007183	0.268275
49192	8.091930	-1.665246	0.501293	0.022420	0.191472	0.214970	-0.268663	-0.080185	0.959891	0.028676	-0.996753	-0.075239	0.962807	0.007312	0.270090
49193	8.053773	-2.123969	0.694828	0.052962	0.171469	0.235533	-0.270201	-0.082587	0.959255	0.029883	-0.996554	-0.077380	0.962340	0.007757	0.271737
49194	7.995915	-2.529498	0.836116	0.095379	0.155648	0.267555	-0.271569	-0.085313	0.958630	0.031589	-0.996317	-0.079718	0.961900	0.008634	0.273264
49195	8.088686	-2.839058	1.136036	0.169945	0.155669	0.294023	-0.272925	-0.088297	0.957975	0.034087	-0.996041	-0.082094	0.961431	0.010249	0.274855
49196	8.134742	-2.950615	1.501637	0.290125	0.183826	0.305909	-0.274534	-0.091414	0.957222	0.037777	-0.995728	-0.084256	0.960835	0.013030	0.276815
49197	8.422754	-2.970654	2.200310	0.457406	0.241682	0.298017	-0.276691	-0.094458	0.956305	0.043054	-0.995377	-0.085860	0.959994	0.017416	0.279478
49198	9.065755	-2.971196	3.686690	0.679748	0.347869	0.270887	-0.279853	-0.097275	0.955102	0.050394	-0.994970	-0.086570	0.958719	0.023905	0.283347
49199	9.955818	-3.173020	5.092529	0.968690	0.489499	0.262906	-0.284350	-0.100070	0.953484	0.060477	-0.994429	-0.086332	0.956811	0.033115	0.288818
49200	10.223819	-3.026851	5.955514	1.247896	0.616951	0.303522	-0.289994	-0.103379	0.951429	0.073338	-0.993626	-0.085610	0.954214	0.044949	0.295727
49201	9.668561	-2.275007	6.159332	1.431672	0.619118	0.375648	-0.295544	-0.107468	0.949265	0.088141	-0.992482	-0.084919	0.951254	0.058572	0.302794
49202	8.977489	-0.905581	6.279816	1.487550	0.500737	0.404071	-0.299865	-0.111856	0.947401	0.103541	-0.991052	-0.084238	0.948346	0.072835	0.308763
49203	8.351112	0.679660	6.256363	1.428070	0.370055	0.354729	-0.302929	-0.115701	0.945963	0.118198	-0.989500	-0.083176	0.945655	0.086614	0.313424
49204	7.769158	2.255924	6.242573	1.264419	0.256572	0.228842	-0.305021	-0.118252	0.944975	0.130904	-0.988049	-0.081389	0.943306	0.098876	0.316856
49205	7.636327	3.811404	6.435677	0.957491	0.186276	0.086111	-0.306613	-0.119331	0.944324	0.140254	-0.986945	-0.079178	0.941444	0.108168	0.319346
49206	7.919377	4.549252	6.554380	0.529600	0.162436	-0.032505	-0.308143	-0.119237	0.943838	0.145205	-0.986385	-0.077206	0.940193	0.113260	0.321261
49207	8.192208	4.407138	6.382968	0.078612	0.168150	-0.084774	-0.309799	-0.118628	0.943373	0.145745	-0.986385	-0.076174	0.939565	0.113894	0.322871
49208	8.636859	3.521331	6.417955	-0.312237	0.170990	-0.071330	-0.311467	-0.118159	0.942882	0.142659	-0.986808	-0.076539	0.939487	0.110672	0.324215
49209	8.897760	2.301244	6.370533	-0.585573	0.209173	-0.037576	-0.313437	-0.118050	0.942243	0.137103	-0.987472	-0.078109	0.939659	0.104702	0.325696
49210	9.154490	1.205054	6.140327	-0.726665	0.243379	-0.002634	-0.315690	-0.118311	0.941458	0.130336	-0.988198	-0.080481	0.939868	0.097298	0.327384
49211	9.241650	0.277497	5.534466	-0.717280	0.252577	0.009746	-0.318005	-0.118681	0.940632	0.123688	-0.988848	-0.082948	0.939986	0.089967	0.329138
49212	9.494292	-0.654442	5.388775	-0.577737	0.209306	0.018408	-0.319914	-0.119086	0.939933	0.118386	-0.989319	-0.085050	0.940021	0.084067	0.330595
49213	9.616853	-1.536492	5.597487	-0.287711	0.200576	0.026034	-0.321722	-0.119547	0.939257	0.115829	-0.989516	-0.086269	0.939723	0.081039	0.332196
49214	9.595118	-2.029756	5.919463	0.067776	0.227791	0.054923	-0.323763	-0.120318	0.938457	0.116714	-0.989384	-0.086581	0.938912	0.081500	0.334369
49215	9.350002	-1.988690	6.056281	0.412455	0.279209	0.104040	-0.326212	-0.121617	0.937441	0.120986	-0.988905	-0.086193	0.937522	0.085300	0.337307
49216	8.719872	-1.703376	5.851532	0.647348	0.267747	0.130581	-0.328525	-0.123188	0.936427	0.127550	-0.988162	-0.085246	0.935843	0.091436	0.340348
49217	8.029485	-1.179046	5.323991	0.811874	0.166749	0.133800	-0.329861	-0.124705	0.935757	0.135645	-0.987212	-0.083746	0.934234	0.099306	0.342558
49218	7.350555	-0.538233	4.382015	0.881219	-0.074634	0.120485	-0.328963	-0.125860	0.935918	0.144344	-0.986134	-0.081878	0.933246	0.108159	0.342568
49219	7.134002	0.120955	2.649537	0.856190	-0.380423	0.087339	-0.325235	-0.126328	0.937157	0.152683	-0.985048	-0.079796	0.933226	0.117136	0.339660
49220	7.562179	0.951401	0.766113	0.741210	-0.632689	0.033111	-0.319243	-0.125929	0.939269	0.159784	-0.984095	-0.077631	0.934105	0.125297	0.334287
49221	8.654417	1.908109	-0.919309	0.469107	-0.787828	-0.050903	-0.311911	-0.124454	0.941925	0.164073	-0.983545	-0.075622	0.935837	0.130957	0.327199
49222	9.701704	2.405678	-1.454667	0.123996	-0.780634	-0.120709	-0.304761	-0.122275	0.944547	0.164933	-0.983517	-0.074104	0.938039	0.133203	0.319905
49223	10.552028	1.793759	-0.299076	-0.194353	-0.678193	-0.085224	-0.298483	-0.120572	0.946768	0.162914	-0.983866	-0.073935	0.940408	0.132173	0.313310
49224	10.896922	0.440557	0.659313	-0.493090	-0.553296	0.010034	-0.293220	-0.119987	0.948486	0.158369	-0.984483	-0.075582	0.942837	0.128048	0.307672
49225	10.982330	-0.807397	0.790470	-0.683884	-0.528591	0.155692	-0.287939	-0.120895	0.949987	0.152427	-0.985139	-0.079168	0.945440	0.122008	0.302087
49226	10.840634	-1.996544	1.246222	-0.676882	-0.591166	0.308897	-0.281841	-0.123271	0.951509	0.146966	-0.985556	-0.084150	0.948139	0.116122	0.295886
49227	10.403835	-3.149594	1.321818	-0.529967	-0.694711	0.408166	-0.274604	-0.126538	0.953195	0.143132	-0.985639	-0.089610	0.950845	0.111825	0.288772
49228	9.907529	-3.627451	0.320761	-0.240335	-0.851238	0.383849	-0.265912	-0.129411	0.955272	0.141948	-0.985403	-0.093980	0.953489	0.110608	0.280400
49229	9.942141	-3.104774	-1.029315	0.083768	-0.989700	0.295398	-0.255993	-0.131251	0.957727	0.143580	-0.984913	-0.096599	0.955956	0.112782	0.270976
49230	10.525182	-1.782032	-1.617741	0.331108	-1.042578	0.185827	-0.245702	-0.131919	0.960327	0.147281	-0.984275	-0.097527	0.958091	0.117475	0.261267
49231	10.881930	-0.327330	-1.448746	0.487633	-1.042718	0.105701	-0.235495	-0.131737	0.962906	0.152273	-0.983536	-0.097318	0.959872	0.123706	0.251678
49232	10.846830	0.606381	-1.204936	0.459814	-1.035925	0.083227	-0.225368	-0.131280	0.965388	0.156945	-0.982831	-0.097013	0.961549	0.129650	0.242102
49233	10.648183	1.188390	-0.943069	0.308029	-1.073605	0.128701	-0.214781	-0.131163	0.967815	0.160254	-0.982243	-0.097554	0.963425	0.134143	0.231987
49234	10.341000	1.353466	-1.077925	0.079521	-1.143689	0.188493	-0.203398	-0.131501	0.970225	0.161476	-0.981875	-0.099228	0.965689	0.136485	0.220945
49235	10.215356	1.009556	-0.730865	-0.111123	-1.226520	0.233990	-0.191110	-0.132155	0.972631	0.160923	-0.981706	-0.101768	0.968287	0.137070	0.208881
49236	10.355929	0.311350	-0.311826	-0.271239	-1.271461	0.249885	-0.178331	-0.132903	0.974954	0.158812	-0.981733	-0.104779	0.971070	0.136149	0.196180
49237	10.499384	-0.407213	-0.210396	-0.410365	-1.254624	0.251384	-0.165685	-0.133712	0.977072	0.155313	-0.981939	-0.108041	0.973872	0.133851	0.183460
49238	10.321478	-0.981685	-0.088496	-0.447799	-1.232547	0.252147	-0.153227	-0.134586	0.978983	0.151404	-0.982183	-0.111329	0.976524	0.131164	0.170873
49239	10.018000	-1.515839	0.183753	-0.435806	-1.199909	0.271115	-0.141040	-0.135726	0.980656	0.147601	-0.982370	-0.114735	0.978939	0.128563	0.158586
49240	9.439128	-1.819486	0.194845	-0.350703	-1.169587	0.298396	-0.129089	-0.137195	0.982097	0.144621	-0.982398	-0.118228	0.981030	0.126770	0.146658
49241	9.197446	-1.758465	0.243406	-0.223840	-1.146333	0.303260	-0.117347	-0.138759	0.983349	0.142855	-0.982251	-0.121557	0.982762	0.126212	0.135087
49242	9.026360	-1.539954	0.225315	-0.077602	-1.088015	0.298689	-0.106167	-0.140346	0.984394	0.142479	-0.981920	-0.124627	0.984088	0.127024	0.124244
49243	8.927828	-1.387926	0.512541	0.042228	-1.027522	0.290144	-0.095586	-0.141914	0.985253	0.143244	-0.981444	-0.127469	0.985061	0.128948	0.114141
49244	9.069705	-1.379283	1.128550	0.123552	-0.980919	0.275699	-0.085468	-0.143373	0.985971	0.144764	-0.980878	-0.130084	0.985768	0.131615	0.104589
49245	9.291507	-1.555325	1.462889	0.169608	-0.952092	0.257720	-0.075655	-0.144667	0.986584	0.146700	-0.980268	-0.132491	0.986284	0.134708	0.095385
49246	9.785118	-1.895465	1.870200	0.213044	-0.935870	0.237358	-0.066017	-0.145747	0.987117	0.149022	-0.979620	-0.134674	0.986628	0.138211	0.086391
49247	10.309712	-2.400000	2.160079	0.278643	-0.912528	0.220181	-0.056632	-0.146658	0.987565	0.151962	-0.978894	-0.136656	0.986763	0.142333	0.077723
49248	10.329456	-2.695206	2.567751	0.332416	-0.860373	0.206595	-0.047770	-0.147467	0.987913	0.155401	-0.978096	-0.138487	0.986696	0.146907	0.069641
49249	9.969872	-2.552404	2.772264	0.358655	-0.802404	0.198696	-0.039491	-0.148245	0.988162	0.159081	-0.977253	-0.140251	0.986475	0.151659	0.062176
49250	9.394946	-1.979586	2.838745	0.376792	-0.734250	0.154430	-0.031947	-0.148655	0.988373	0.162905	-0.976429	-0.141593	0.986124	0.156487	0.055411
49251	9.287519	-1.583209	2.851779	0.352293	-0.688244	0.084234	-0.024972	-0.148418	0.988609	0.166456	-0.975730	-0.142280	0.985733	0.161007	0.049071
49252	9.612102	-1.408783	2.901152	0.290863	-0.609153	0.015314	-0.018891	-0.147608	0.988866	0.169379	-0.975219	-0.142335	0.985370	0.164804	0.043424
49253	9.826061	-1.470868	2.770128	0.232230	-0.506193	-0.034550	-0.013912	-0.146462	0.989118	0.171715	-0.974868	-0.141937	0.985048	0.167872	0.038712
49254	10.091522	-1.562290	2.825938	0.157202	-0.415967	-0.051316	-0.009853	-0.145292	0.989340	0.173310	-0.974662	-0.141410	0.984818	0.170070	0.034784
49255	9.952679	-1.432789	2.460974	0.041061	-0.361829	-0.019890	-0.006273	-0.144513	0.989483	0.173766	-0.974606	-0.141239	0.984767	0.171053	0.031225
49256	9.488346	-0.907437	1.396641	-0.103837	-0.369224	0.001871	-0.002584	-0.143934	0.989584	0.172798	-0.974765	-0.141327	0.984954	0.170633	0.027391
49257	9.477804	-0.578955	0.674474	-0.259777	-0.429761	-0.000781	0.001699	-0.143230	0.989688	0.170292	-0.975192	-0.141424	0.985392	0.168776	0.022734
49258	9.515363	-0.717009	0.122821	-0.433749	-0.460374	-0.000164	0.006285	-0.142492	0.989776	0.166070	-0.975902	-0.141549	0.986094	0.165262	0.017530
49259	9.353109	-1.234935	-0.373965	-0.572474	-0.514244	-0.005130	0.011401	-0.141638	0.989853	0.160475	-0.976827	-0.141622	0.986974	0.160462	0.011593
49260	9.528311	-2.228592	-0.595950	-0.624052	-0.559954	-0.010329	0.016962	-0.140686	0.989909	0.154368	-0.977812	-0.141612	0.987868	0.155213	0.005132
49261	9.825032	-3.040762	-0.863042	-0.559372	-0.591790	-0.001032	0.022859	-0.139804	0.989915	0.148893	-0.978655	-0.141652	0.988589	0.150629	-0.001555
49262	10.139886	-3.391182	-0.845022	-0.422349	-0.592107	-0.019230	0.028734	-0.138768	0.989908	0.144775	-0.979297	-0.141483	0.989047	0.147379	-0.008049
49263	9.869709	-3.248670	-0.703100	-0.267858	-0.578331	-0.046567	0.034437	-0.137499	0.989903	0.142191	-0.979740	-0.141034	0.989240	0.145613	-0.014189
49264	9.993078	-2.801472	-0.460208	-0.111661	-0.554685	-0.087628	0.039849	-0.135869	0.989925	0.141172	-0.980009	-0.140191	0.989183	0.145337	-0.019872
49265	9.880164	-2.132206	-0.420549	-0.009839	-0.520561	-0.114109	0.044887	-0.134026	0.989961	0.141175	-0.980164	-0.139101	0.988967	0.146001	-0.025075
49266	9.667573	-1.560924	-0.181790	0.018287	-0.499952	-0.129653	0.049697	-0.132060	0.989995	0.141469	-0.980295	-0.137867	0.988694	0.146905	-0.030035
49267	9.693914	-1.230119	0.058774	0.014925	-0.463408	-0.132133	0.054140	-0.130116	0.990020	0.141736	-0.980433	-0.136607	0.988423	0.147718	-0.034639
49268	9.620251	-1.116019	0.139904	-0.009827	-0.437408	-0.123947	0.058337	-0.128290	0.990020	0.141761	-0.980594	-0.135421	0.988180	0.148246	-0.039018
49269	9.728730	-1.061622	0.245504	-0.070218	-0.439056	-0.117575	0.062558	-0.126520	0.989990	0.141189	-0.980835	-0.134272	0.988004	0.148175	-0.043496
49270	9.603065	-1.283969	0.471419	-0.107242	-0.436827	-0.122475	0.066750	-0.124708	0.989946	0.140261	-0.981134	-0.133056	0.987862	0.147732	-0.047999
49271	9.253392	-1.545826	0.457969	-0.145731	-0.439951	-0.123781	0.070973	-0.122879	0.989881	0.138957	-0.981488	-0.131801	0.987752	0.146905	-0.052584
49272	9.123062	-1.835265	0.608982	-0.166103	-0.451904	-0.143535	0.075286	-0.120845	0.989812	0.137473	-0.981893	-0.130335	0.987640	0.145885	-0.057310
49273	8.760205	-2.268730	0.512397	-0.155946	-0.463502	-0.155092	0.079701	-0.118682	0.989728	0.136103	-0.982293	-0.128751	0.987484	0.144967	-0.062136
49274	9.213289	-2.544880	0.440042	-0.128257	-0.498053	-0.157277	0.084452	-0.116454	0.989599	0.135018	-0.982650	-0.127159	0.987237	0.144353	-0.067264
49275	9.354929	-2.541448	0.168693	-0.101201	-0.500709	-0.161482	0.089227	-0.114179	0.989445	0.134209	-0.982969	-0.125535	0.986928	0.143993	-0.072383
49276	9.500333	-2.263214	-0.201133	-0.086525	-0.507030	-0.173205	0.094045	-0.111785	0.989272	0.133567	-0.983276	-0.123805	0.986568	0.143777	-0.077541
49277	9.707323	-1.906316	-0.719789	-0.094796	-0.501303	-0.169297	0.098813	-0.109435	0.989070	0.132844	-0.983587	-0.122100	0.986199	0.143457	-0.082654
49278	9.862254	-1.578422	-1.191927	-0.119560	-0.517182	-0.158295	0.103749	-0.107176	0.988812	0.131878	-0.983917	-0.120482	0.985822	0.142903	-0.087947
49279	10.169303	-1.036307	-1.559371	-0.130485	-0.530943	-0.166964	0.108812	-0.104810	0.988521	0.130818	-0.984268	-0.118759	0.985417	0.142239	-0.093390
49280	10.122031	-0.496939	-1.791956	-0.177462	-0.526853	-0.167335	0.113832	-0.102456	0.988203	0.129308	-0.984680	-0.116985	0.985049	0.141099	-0.098840
