// General information: 
//  MT Manager version: 2022.2.0 
//  XDA version: 2022.2.0 build 7381 rev 124627 built on 2023-07-19
// Device information: 
//  DeviceId: 00B4CB9F
//  ProductCode: MTW2-3A7G6
//  Firmware Version: 4.6.0
//  Hardware Version: 2.0.0
// Device settings: 
//  Filter Profile: human(46.1)
//  Option Flags: Orientation Smoother Disabled, Position/Velocity Smoother Disabled, Continuous Zero Rotation Update Disabled, AHS Disabled, ICC Disabled
// Coordinate system: ENU
PacketCounter	Acc_X	Acc_Y	Acc_Z	Gyr_X	Gyr_Y	Gyr_Z	Mat[1][1]	Mat[2][1]	Mat[3][1]	Mat[1][2]	Mat[2][2]	Mat[3][2]	Mat[1][3]	Mat[2][3]	Mat[3][3]
65398	9.560744	-2.102464	0.709692	-0.022727	0.012196	-0.010691	-0.101178	-0.192448	0.976077	-0.129889	-0.970159	-0.204745	0.986353	-0.147497	0.073162
65399	9.551043	-2.083610	0.697174	-0.008219	0.013560	-0.012517	-0.101296	-0.192353	0.976084	-0.130167	-0.970134	-0.204688	0.986304	-0.147788	0.073233
65400	9.561017	-2.100585	0.711567	-0.006936	0.010039	-0.007010	-0.101350	-0.192310	0.976087	-0.130204	-0.970135	-0.204657	0.986294	-0.147832	0.073284
65401	9.562603	-2.065426	0.712769	0.000172	0.008833	-0.007442	-0.101390	-0.192287	0.976087	-0.130140	-0.970148	-0.204636	0.986298	-0.147776	0.073339
65402	9.551318	-2.081497	0.699711	-0.000420	0.006645	-0.004457	-0.101414	-0.192274	0.976087	-0.130110	-0.970155	-0.204624	0.986299	-0.147750	0.073370
65403	9.562706	-2.064427	0.714279	0.002479	0.009063	-0.004396	-0.101348	-0.192330	0.976083	-0.129374	-0.970255	-0.204615	0.986403	-0.147017	0.073451
65404	9.544994	-2.028711	0.730798	0.008576	0.012313	-0.006299	-0.101425	-0.192291	0.976082	-0.129257	-0.970278	-0.204579	0.986410	-0.146915	0.073556
65405	9.564230	-2.028954	0.717071	0.002610	0.012212	-0.001847	-0.101460	-0.192346	0.976068	-0.128768	-0.970338	-0.204602	0.986471	-0.146445	0.073683
65406	9.544474	-1.993043	0.691547	0.000434	0.015132	-0.002343	-0.101571	-0.192341	0.976058	-0.128727	-0.970342	-0.204611	0.986465	-0.146427	0.073799
65407	9.571564	-2.010838	0.649148	-0.011748	0.016839	-0.002470	-0.101699	-0.192345	0.976043	-0.128928	-0.970307	-0.204649	0.986425	-0.146652	0.073881
65408	9.540911	-2.026740	0.651523	-0.019149	0.014269	-0.001079	-0.101803	-0.192354	0.976031	-0.129079	-0.970280	-0.204684	0.986395	-0.146823	0.073948
65409	9.549235	-2.078927	0.665524	-0.014346	0.012836	-0.004554	-0.101888	-0.192353	0.976022	-0.129121	-0.970271	-0.204698	0.986380	-0.146882	0.074022
65410	9.578324	-2.097238	0.664721	-0.010297	0.008583	-0.001536	-0.101935	-0.192365	0.976015	-0.129185	-0.970258	-0.204723	0.986367	-0.146955	0.074052
65411	9.572308	-2.080319	0.736550	-0.007970	0.011657	-0.003483	-0.101975	-0.192389	0.976006	-0.129020	-0.970276	-0.204740	0.986385	-0.146803	0.074122
65412	9.562896	-2.097155	0.765975	-0.003467	0.011810	-0.004934	-0.102049	-0.192364	0.976003	-0.129020	-0.970279	-0.204726	0.986377	-0.146816	0.074197
65413	9.524361	-2.095497	0.797116	0.001305	0.012895	-0.002350	-0.102089	-0.192406	0.975991	-0.128632	-0.970327	-0.204744	0.986424	-0.146446	0.074310
65414	9.557878	-2.010226	0.797992	0.002038	0.012871	-0.003849	-0.102175	-0.192390	0.975985	-0.128577	-0.970335	-0.204737	0.986422	-0.146408	0.074408
65415	9.538541	-2.009256	0.814655	-0.003489	0.022541	-0.002800	-0.102408	-0.192353	0.975968	-0.129103	-0.970258	-0.204775	0.986329	-0.146971	0.074529
65416	9.565648	-2.026952	0.772723	-0.006818	0.018561	-0.003389	-0.102551	-0.192333	0.975957	-0.129134	-0.970253	-0.204778	0.986310	-0.147030	0.074664
65417	9.534978	-2.042783	0.775319	-0.007842	0.014808	-0.000932	-0.102546	-0.192423	0.975939	-0.128415	-0.970341	-0.204812	0.986405	-0.146328	0.074794
65418	9.552270	-2.042812	0.719519	-0.006248	0.017908	-0.001377	-0.102684	-0.192423	0.975925	-0.128439	-0.970333	-0.204835	0.986387	-0.146380	0.074923
65419	9.553658	-2.008229	0.721405	-0.005376	0.015667	-0.001392	-0.102815	-0.192445	0.975907	-0.128464	-0.970321	-0.204878	0.986370	-0.146433	0.075041
65420	9.563003	-1.991032	0.694319	-0.008577	0.014835	0.000569	-0.102926	-0.192469	0.975890	-0.128509	-0.970305	-0.204922	0.986353	-0.146502	0.075136
65421	9.582165	-1.991827	0.680535	-0.011044	0.013978	0.001030	-0.102974	-0.192543	0.975871	-0.128339	-0.970314	-0.204989	0.986370	-0.146351	0.075206
65422	9.550351	-2.077581	0.724125	-0.013512	0.013122	0.001491	-0.103069	-0.192579	0.975854	-0.128431	-0.970289	-0.205046	0.986348	-0.146464	0.075274
65423	9.577851	-2.130873	0.722967	-0.013803	0.009343	0.002448	-0.103016	-0.192698	0.975836	-0.127943	-0.970339	-0.205119	0.986417	-0.145982	0.075306
65424	9.558059	-2.095539	0.696924	-0.002796	0.011462	0.004627	-0.103099	-0.192766	0.975813	-0.127926	-0.970324	-0.205198	0.986410	-0.145988	0.075379
65425	9.561155	-2.062260	0.740808	-0.006010	0.015997	0.007657	-0.103249	-0.192873	0.975776	-0.128043	-0.970280	-0.205335	0.986380	-0.146142	0.075484
65426	9.568897	-2.080128	0.713483	-0.002074	0.016806	0.004201	-0.103384	-0.192930	0.975751	-0.128020	-0.970267	-0.205409	0.986368	-0.146151	0.075611
65427	9.519957	-2.026293	0.689795	-0.002948	0.019049	0.004217	-0.103532	-0.193012	0.975719	-0.127783	-0.970280	-0.205495	0.986384	-0.145955	0.075792
65428	9.542346	-1.993448	0.719192	-0.003378	0.017488	0.003691	-0.103674	-0.193063	0.975694	-0.127773	-0.970267	-0.205565	0.986370	-0.145979	0.075923
65429	9.561413	-1.994632	0.705791	-0.008618	0.017361	0.006636	-0.103790	-0.193179	0.975658	-0.127552	-0.970271	-0.205681	0.986386	-0.145795	0.076064
65430	9.559399	-1.994630	0.664746	-0.020056	0.013683	0.003925	-0.103894	-0.193237	0.975636	-0.127706	-0.970233	-0.205766	0.986355	-0.145973	0.076124
65431	9.585293	-2.082856	0.663295	-0.018490	0.013935	0.008475	-0.104053	-0.193340	0.975599	-0.128092	-0.970149	-0.205922	0.986289	-0.146393	0.076181
65432	9.556245	-2.100265	0.707494	-0.019489	0.013030	0.005938	-0.104153	-0.193419	0.975572	-0.128239	-0.970107	-0.206027	0.986259	-0.146565	0.076236
65433	9.567329	-2.084317	0.722229	-0.012378	0.011820	0.005516	-0.104254	-0.193519	0.975542	-0.128259	-0.970080	-0.206142	0.986246	-0.146613	0.076314
65434	9.567158	-2.084805	0.723095	-0.009605	0.011091	0.003031	-0.104331	-0.193573	0.975523	-0.128311	-0.970058	-0.206211	0.986231	-0.146684	0.076370
65435	9.547692	-2.084598	0.738879	-0.010341	0.011116	0.004530	-0.104399	-0.193669	0.975496	-0.128305	-0.970037	-0.206316	0.986224	-0.146700	0.076422
65436	9.526725	-2.118941	0.753963	-0.013669	0.007135	0.003931	-0.104439	-0.193737	0.975479	-0.128396	-0.970008	-0.206397	0.986208	-0.146804	0.076431
65437	9.566926	-2.121509	0.766859	-0.010939	0.008922	0.007511	-0.104494	-0.193857	0.975449	-0.128379	-0.969983	-0.206523	0.986205	-0.146808	0.076470
65438	9.539108	-2.069370	0.769303	-0.014574	0.006529	0.008939	-0.104534	-0.193974	0.975421	-0.128474	-0.969943	-0.206653	0.986188	-0.146919	0.076471
65439	9.500241	-2.069018	0.799682	-0.009207	0.009804	0.008553	-0.104628	-0.194098	0.975387	-0.128599	-0.969895	-0.206799	0.986162	-0.147071	0.076518
65440	9.532390	-2.054323	0.841842	-0.013083	0.014703	0.002031	-0.104740	-0.194136	0.975367	-0.128687	-0.969870	-0.206861	0.986139	-0.147183	0.076601
65441	9.538736	-2.106363	0.813645	-0.011781	0.014022	0.002543	-0.104851	-0.194206	0.975341	-0.128644	-0.969858	-0.206943	0.986132	-0.147170	0.076708
65442	9.506193	-2.122094	0.773548	-0.010784	0.014927	0.005084	-0.104969	-0.194273	0.975315	-0.128706	-0.969831	-0.207033	0.986112	-0.147261	0.076798
65443	9.559330	-2.108891	0.843237	-0.014726	0.014121	0.008539	-0.105075	-0.194396	0.975279	-0.128774	-0.969791	-0.207176	0.986091	-0.147360	0.076868
65444	9.534748	-2.142234	0.774202	-0.013990	0.014098	0.007041	-0.105188	-0.194484	0.975250	-0.128866	-0.969755	-0.207287	0.986068	-0.147480	0.076944
65445	9.534286	-2.107873	0.733400	-0.005439	0.009980	0.008611	-0.105299	-0.194602	0.975214	-0.128990	-0.969708	-0.207431	0.986039	-0.147635	0.077008
65446	9.553394	-2.109248	0.719179	-0.005563	0.006832	0.006052	-0.105339	-0.194691	0.975192	-0.128999	-0.969687	-0.207526	0.986034	-0.147659	0.077031
65447	9.543334	-2.056518	0.664402	-0.002911	0.002952	0.001007	-0.105346	-0.194747	0.975180	-0.129098	-0.969660	-0.207591	0.986020	-0.147763	0.077008
65448	9.551466	-2.109321	0.677476	-0.010931	0.003559	0.006435	-0.105354	-0.194845	0.975160	-0.129160	-0.969629	-0.207694	0.986011	-0.147833	0.076988
65449	9.551534	-2.145062	0.719185	-0.012357	0.001093	0.003364	-0.105321	-0.194947	0.975143	-0.129051	-0.969625	-0.207782	0.986029	-0.147727	0.076964
65450	9.540128	-2.162221	0.705093	-0.007455	-0.000051	0.007438	-0.105294	-0.195059	0.975123	-0.129077	-0.969598	-0.207892	0.986028	-0.147756	0.076915
65451	9.522161	-2.127862	0.720526	0.000519	0.001855	0.008079	-0.105302	-0.195193	0.975096	-0.128928	-0.969592	-0.208014	0.986047	-0.147621	0.076934
65452	9.547831	-2.061579	0.791332	0.003294	0.001124	0.005593	-0.105284	-0.195286	0.975079	-0.128850	-0.969584	-0.208098	0.986059	-0.147548	0.076919
65453	9.539655	-2.044966	0.820287	-0.001214	0.000977	0.007037	-0.105293	-0.195402	0.975055	-0.128910	-0.969550	-0.208219	0.986051	-0.147618	0.076897
65454	9.526679	-2.096635	0.806012	-0.001349	0.003197	0.005558	-0.105296	-0.195492	0.975036	-0.128878	-0.969535	-0.208306	0.986054	-0.147595	0.076893
65455	9.516938	-2.114580	0.834511	-0.003253	0.001684	0.008025	-0.105308	-0.195625	0.975008	-0.128809	-0.969517	-0.208436	0.986062	-0.147540	0.076899
65456	9.534570	-2.150320	0.819261	0.000690	0.002490	0.004571	-0.105303	-0.195706	0.974993	-0.128758	-0.969507	-0.208512	0.986069	-0.147495	0.076893
65457	9.532727	-2.150081	0.777328	0.002422	0.003369	0.005613	-0.105319	-0.195820	0.974968	-0.128548	-0.969514	-0.208610	0.986095	-0.147300	0.076936
65458	9.524400	-2.098113	0.764812	0.003159	0.003345	0.004115	-0.105321	-0.195895	0.974953	-0.128473	-0.969509	-0.208680	0.986105	-0.147234	0.076943
65459	9.543587	-2.099189	0.750505	-0.000623	0.008544	0.005142	-0.105418	-0.195980	0.974925	-0.128605	-0.969468	-0.208789	0.986077	-0.147390	0.076995
65460	9.543435	-2.099602	0.751285	-0.004960	0.009031	0.003076	-0.105475	-0.196037	0.974907	-0.128611	-0.969453	-0.208854	0.986070	-0.147413	0.077041
65461	9.594995	-2.085219	0.778345	-0.002615	0.006737	0.000059	-0.105476	-0.196098	0.974895	-0.128474	-0.969460	-0.208905	0.986088	-0.147283	0.077061
65462	9.572131	-2.083547	0.709405	-0.007172	0.009106	0.007573	-0.105540	-0.196198	0.974868	-0.128498	-0.969433	-0.209016	0.986078	-0.147328	0.077103
65463	9.521918	-2.063921	0.684214	-0.003180	0.007396	-0.001950	-0.105540	-0.196251	0.974857	-0.128191	-0.969468	-0.209044	0.986118	-0.147030	0.077160
65464	9.512266	-2.081317	0.712910	-0.009459	0.003516	0.003437	-0.105544	-0.196319	0.974843	-0.128241	-0.969445	-0.209117	0.986111	-0.147086	0.077143
65465	9.529844	-2.081609	0.655586	-0.011918	-0.002709	0.002810	-0.105447	-0.196432	0.974831	-0.128039	-0.969454	-0.209199	0.986148	-0.146876	0.077075
65466	9.531639	-2.117878	0.738960	-0.012348	-0.004270	0.002279	-0.105372	-0.196501	0.974825	-0.128119	-0.969430	-0.209262	0.986145	-0.146944	0.076975
65467	9.568748	-2.153870	0.708021	-0.007840	-0.004124	0.000836	-0.105307	-0.196565	0.974819	-0.128339	-0.969386	-0.209333	0.986123	-0.147152	0.076856
65468	9.531727	-2.153623	0.779784	0.002862	-0.000440	0.005063	-0.105273	-0.196655	0.974805	-0.128267	-0.969378	-0.209412	0.986137	-0.147080	0.076825
65469	9.552691	-2.155275	0.807138	0.007678	-0.001881	0.001589	-0.105268	-0.196719	0.974792	-0.128372	-0.969349	-0.209483	0.986123	-0.147188	0.076789
65470	9.583252	-2.139612	0.806285	0.010406	-0.000099	0.005174	-0.105238	-0.196809	0.974777	-0.128225	-0.969352	-0.209557	0.986146	-0.147044	0.076777
65471	9.553885	-2.086385	0.766595	0.010089	0.006858	0.008288	-0.105304	-0.196930	0.974746	-0.128175	-0.969332	-0.209684	0.986145	-0.147018	0.076833
65472	9.557105	-2.088237	0.851951	0.007964	0.007273	0.001726	-0.105342	-0.196977	0.974732	-0.128056	-0.969338	-0.209726	0.986157	-0.146913	0.076888
65473	9.543986	-2.104316	0.796759	0.009390	0.009739	0.004800	-0.105412	-0.197070	0.974706	-0.127859	-0.969345	-0.209814	0.986175	-0.146742	0.076984
65474	9.504981	-2.068293	0.786109	0.008211	0.013573	0.006850	-0.105520	-0.197157	0.974677	-0.127732	-0.969342	-0.209906	0.986180	-0.146647	0.077101
65475	9.512765	-2.086213	0.758623	0.001232	0.012575	0.008749	-0.105621	-0.197286	0.974640	-0.127696	-0.969316	-0.210047	0.986173	-0.146643	0.077187
65476	9.535090	-2.053805	0.787772	-0.000634	0.013918	0.006227	-0.105730	-0.197367	0.974611	-0.127657	-0.969301	-0.210140	0.986167	-0.146634	0.077289
65477	9.542793	-2.036606	0.718310	-0.007480	0.010698	0.009603	-0.105824	-0.197501	0.974574	-0.127701	-0.969263	-0.210291	0.986151	-0.146708	0.077350
65478	9.531288	-2.053937	0.705014	-0.015711	0.007868	0.004917	-0.105872	-0.197578	0.974553	-0.127812	-0.969228	-0.210383	0.986131	-0.146833	0.077361
65479	9.568315	-2.125544	0.716920	-0.020354	0.009946	0.004881	-0.105946	-0.197673	0.974526	-0.127826	-0.969203	-0.210490	0.986122	-0.146870	0.077415
65480	9.535862	-2.141367	0.675783	-0.023553	0.003748	0.005751	-0.105954	-0.197764	0.974507	-0.128013	-0.969155	-0.210596	0.986096	-0.147063	0.077370
65481	9.606673	-2.128327	0.687265	-0.014144	0.002743	0.008388	-0.105956	-0.197905	0.974478	-0.128049	-0.969119	-0.210740	0.986092	-0.147110	0.077342
65482	9.558096	-2.145348	0.745448	-0.008948	0.005377	0.011521	-0.105988	-0.198049	0.974445	-0.128086	-0.969082	-0.210891	0.986083	-0.147164	0.077344
65483	9.565854	-2.163757	0.716925	-0.001271	0.003492	0.013113	-0.106028	-0.198223	0.974405	-0.128174	-0.969030	-0.211077	0.986068	-0.147273	0.077337
65484	9.570386	-2.132135	0.802597	0.000452	0.009742	0.015244	-0.106108	-0.198397	0.974361	-0.128114	-0.968998	-0.211257	0.986067	-0.147246	0.077401
65485	9.550639	-2.132816	0.818631	0.006562	0.012985	0.013370	-0.106250	-0.198554	0.974314	-0.128142	-0.968955	-0.211436	0.986048	-0.147315	0.077508
65486	9.569579	-2.134785	0.805165	0.010896	0.012495	0.015439	-0.106357	-0.198725	0.974267	-0.127979	-0.968939	-0.211610	0.986058	-0.147192	0.077621
65487	9.522371	-2.117654	0.865235	0.011327	0.014058	0.015973	-0.106480	-0.198919	0.974214	-0.127874	-0.968909	-0.211812	0.986058	-0.147131	0.077733
65488	9.497605	-2.151723	0.796836	0.011705	0.018140	0.022581	-0.106652	-0.199151	0.974148	-0.127696	-0.968879	-0.212055	0.986062	-0.147011	0.077902
65489	9.488935	-2.101402	0.785623	0.013575	0.011425	0.024021	-0.106779	-0.199418	0.974079	-0.127555	-0.968838	-0.212328	0.986067	-0.146921	0.078014
65490	9.501252	-2.052647	0.801531	0.008193	0.013535	0.025483	-0.106909	-0.199686	0.974010	-0.127408	-0.968797	-0.212602	0.986072	-0.146826	0.078132
65491	9.540898	-2.092414	0.857191	0.003682	0.013397	0.026924	-0.107032	-0.199987	0.973935	-0.127293	-0.968744	-0.212911	0.986073	-0.146763	0.078230
65492	9.546684	-2.111383	0.787585	0.003551	0.015621	0.025448	-0.107183	-0.200251	0.973864	-0.127192	-0.968697	-0.213188	0.986070	-0.146718	0.078357
65493	9.584723	-2.115342	0.759439	0.002071	0.015677	0.028448	-0.107351	-0.200555	0.973783	-0.127203	-0.968623	-0.213515	0.986050	-0.146790	0.078472
65494	9.553405	-2.098679	0.720125	0.003371	0.014994	0.028963	-0.107501	-0.200854	0.973705	-0.127100	-0.968568	-0.213826	0.986047	-0.146745	0.078593
65495	9.567117	-2.170435	0.663324	0.008138	0.010691	0.030485	-0.107673	-0.201166	0.973621	-0.127272	-0.968468	-0.214176	0.986006	-0.146976	0.078675
65496	9.574296	-2.225922	0.677195	0.010993	0.004880	0.034472	-0.107730	-0.201533	0.973539	-0.127088	-0.968413	-0.214535	0.986024	-0.146837	0.078714
65497	9.553972	-2.263600	0.734793	0.031582	0.006578	0.035828	-0.107790	-0.201936	0.973449	-0.126649	-0.968387	-0.214910	0.986074	-0.146451	0.078807
65498	9.535625	-2.196246	0.709861	0.046973	0.005645	0.034047	-0.107853	-0.202298	0.973367	-0.126110	-0.968385	-0.215236	0.986136	-0.145965	0.078931
65499	9.551156	-2.114498	0.768672	0.054332	0.005352	0.037692	-0.107933	-0.202711	0.973272	-0.125503	-0.968381	-0.215610	0.986205	-0.145420	0.079079
65500	9.495881	-2.011149	0.773965	0.058406	0.003933	0.035733	-0.107981	-0.203091	0.973188	-0.124849	-0.968391	-0.215943	0.986282	-0.144820	0.079212
65501	9.519792	-1.911370	0.761858	0.051166	0.002025	0.033585	-0.108011	-0.203472	0.973105	-0.124331	-0.968382	-0.216284	0.986345	-0.144348	0.079298
65502	9.509285	-1.931751	0.791035	0.034543	-0.001398	0.041333	-0.108013	-0.203914	0.973012	-0.123907	-0.968345	-0.216691	0.986398	-0.143968	0.079327
65503	9.562920	-2.041645	0.787723	0.014442	-0.004052	0.034428	-0.107977	-0.204311	0.972933	-0.123707	-0.968287	-0.217064	0.986427	-0.143797	0.079278
65504	9.537647	-2.112804	0.759170	0.016798	-0.008883	0.043975	-0.107908	-0.204790	0.972840	-0.123455	-0.968219	-0.217511	0.986466	-0.143573	0.079196
65505	9.532212	-2.065472	0.829936	0.010300	-0.010827	0.040322	-0.107849	-0.205242	0.972751	-0.123481	-0.968116	-0.217954	0.986469	-0.143623	0.079067
65506	9.552393	-2.070639	0.856793	0.011044	-0.005477	0.039905	-0.107809	-0.205676	0.972664	-0.123291	-0.968047	-0.218365	0.986497	-0.143462	0.079006
65507	9.520825	-2.090201	0.857352	0.007090	-0.006253	0.043361	-0.107762	-0.206158	0.972567	-0.123242	-0.967948	-0.218835	0.986508	-0.143443	0.078901
65508	9.506478	-2.180313	0.884168	-0.000027	-0.010379	0.042692	-0.107677	-0.206627	0.972477	-0.123157	-0.967857	-0.219282	0.986528	-0.143379	0.078768
65509	9.513543	-2.202081	0.854172	0.001330	-0.016114	0.049699	-0.107557	-0.207183	0.972372	-0.123064	-0.967749	-0.219810	0.986553	-0.143306	0.078591
65510	9.512632	-2.206723	0.852333	0.000881	-0.023048	0.048095	-0.107353	-0.207722	0.972279	-0.122965	-0.967648	-0.220309	0.986588	-0.143207	0.078337
65511	9.521563	-2.194349	0.821778	0.009098	-0.025598	0.051729	-0.107158	-0.208306	0.972176	-0.122882	-0.967534	-0.220856	0.986619	-0.143129	0.078082
65512	9.499370	-2.232702	0.834136	0.014042	-0.023905	0.050829	-0.106949	-0.208873	0.972077	-0.122651	-0.967446	-0.221372	0.986671	-0.142901	0.077849
65513	9.498736	-2.202525	0.790010	0.031200	-0.034425	0.055513	-0.106640	-0.209517	0.971972	-0.122271	-0.967364	-0.221939	0.986751	-0.142511	0.077542
65514	9.472895	-2.119481	0.789502	0.039339	-0.037302	0.051584	-0.106299	-0.210110	0.971882	-0.121789	-0.967309	-0.222442	0.986847	-0.142010	0.077235
65515	9.488864	-2.074322	0.885156	0.031591	-0.043585	0.053920	-0.105943	-0.210732	0.971786	-0.121694	-0.967192	-0.223003	0.986898	-0.141886	0.076822
65516	9.482150	-2.182673	0.880373	0.020392	-0.046242	0.055240	-0.105518	-0.211372	0.971693	-0.121396	-0.967102	-0.223556	0.986980	-0.141549	0.076387
65517	9.465756	-2.273506	0.861570	0.019263	-0.052791	0.062725	-0.105059	-0.212104	0.971583	-0.121157	-0.966982	-0.224201	0.987058	-0.141268	0.075892
65518	9.420387	-2.345780	0.843553	0.017314	-0.059636	0.064146	-0.104512	-0.212849	0.971480	-0.120880	-0.966868	-0.224843	0.987150	-0.140932	0.075320
65519	9.411314	-2.369029	0.909429	0.030121	-0.053869	0.062402	-0.104002	-0.213590	0.971372	-0.120510	-0.966766	-0.225480	0.987249	-0.140511	0.074806
65520	9.431358	-2.376264	0.932327	0.042953	-0.058512	0.066090	-0.103468	-0.214351	0.971261	-0.119979	-0.966682	-0.226122	0.987370	-0.139928	0.074303
65521	9.403720	-2.328310	0.929722	0.050105	-0.056936	0.060681	-0.102974	-0.215066	0.971155	-0.119480	-0.966602	-0.226727	0.987482	-0.139381	0.073839
65522	9.432154	-2.231888	0.996003	0.054781	-0.056199	0.055730	-0.102450	-0.215723	0.971065	-0.118844	-0.966555	-0.227260	0.987613	-0.138688	0.073386
65523	9.451067	-2.202679	0.934929	0.053770	-0.057092	0.053203	-0.101944	-0.216361	0.970977	-0.118446	-0.966478	-0.227794	0.987714	-0.138230	0.072900
65524	9.436641	-2.258196	0.916461	0.044596	-0.060445	0.053567	-0.101374	-0.217002	0.970893	-0.117913	-0.966421	-0.228314	0.987836	-0.137626	0.072383
65525	9.482048	-2.282828	0.852825	0.041047	-0.064982	0.056526	-0.100834	-0.217668	0.970800	-0.117740	-0.966306	-0.228890	0.987912	-0.137382	0.071808
65526	9.479372	-2.287723	0.804852	0.026300	-0.072155	0.060828	-0.100157	-0.218395	0.970707	-0.117382	-0.966206	-0.229494	0.988023	-0.136929	0.071137
65527	9.478591	-2.293108	0.798711	0.020553	-0.068740	0.056761	-0.099599	-0.219063	0.970614	-0.117535	-0.966045	-0.230092	0.988062	-0.136998	0.070470
65528	9.428026	-2.277598	0.766283	0.010436	-0.080576	0.055038	-0.098832	-0.219745	0.970538	-0.117340	-0.965935	-0.230652	0.988162	-0.136678	0.069680
65529	9.439167	-2.266106	0.772456	0.003906	-0.082487	0.051426	-0.098099	-0.220396	0.970465	-0.117414	-0.965794	-0.231204	0.988226	-0.136627	0.068866
65530	9.392650	-2.285683	0.865333	-0.006283	-0.086739	0.049270	-0.097263	-0.221030	0.970405	-0.117390	-0.965674	-0.231718	0.988311	-0.136454	0.067978
65531	9.411447	-2.291587	0.841810	-0.007924	-0.089788	0.049756	-0.096433	-0.221680	0.970339	-0.117547	-0.965524	-0.232262	0.988374	-0.136458	0.067050
65532	9.451514	-2.299021	0.845260	-0.008496	-0.089120	0.047757	-0.095572	-0.222303	0.970282	-0.117548	-0.965403	-0.232764	0.988458	-0.136300	0.066135
65533	9.427372	-2.180513	0.796732	-0.007887	-0.086940	0.044770	-0.094798	-0.222890	0.970223	-0.117802	-0.965253	-0.233258	0.988502	-0.136407	0.065248
65534	9.408046	-2.183372	0.802983	-0.029682	-0.092553	0.038462	-0.093893	-0.223428	0.970188	-0.118022	-0.965123	-0.233683	0.988562	-0.136445	0.064249
65535	9.408248	-2.273489	0.721991	-0.044210	-0.093709	0.040359	-0.093072	-0.223968	0.970142	-0.118995	-0.964886	-0.234170	0.988523	-0.137237	0.063153
00000	9.455808	-2.263182	0.653177	-0.034997	-0.097902	0.040443	-0.092117	-0.224532	0.970103	-0.119267	-0.964744	-0.234617	0.988580	-0.137313	0.062090
00001	9.496147	-2.079118	0.600547	-0.027029	-0.098613	0.034975	-0.091222	-0.225040	0.970070	-0.119824	-0.964573	-0.235032	0.988595	-0.137678	0.061026
00002	9.460293	-2.010930	0.578915	-0.050850	-0.100887	0.035805	-0.090232	-0.225564	0.970041	-0.120258	-0.964419	-0.235443	0.988634	-0.137899	0.059896
00003	9.491060	-2.050653	0.452405	-0.087241	-0.110404	0.036515	-0.089150	-0.226128	0.970010	-0.121050	-0.964208	-0.235901	0.988635	-0.138451	0.058586
00004	9.476202	-2.156279	0.312338	-0.114961	-0.110565	0.035874	-0.088064	-0.226667	0.969983	-0.122119	-0.963964	-0.236348	0.988601	-0.139267	0.057211
00005	9.503919	-2.195042	0.140429	-0.140284	-0.135686	0.033587	-0.086772	-0.227223	0.969969	-0.123612	-0.963662	-0.236804	0.988530	-0.140448	0.055532
00006	9.514917	-2.267837	0.065185	-0.169252	-0.150176	0.033433	-0.085294	-0.227798	0.969966	-0.125220	-0.963344	-0.237253	0.988456	-0.141695	0.053643
00007	9.528013	-2.270577	-0.053988	-0.190244	-0.172905	0.028240	-0.083649	-0.228354	0.969978	-0.127348	-0.962958	-0.237683	0.988324	-0.143407	0.051470
00008	9.499090	-2.097439	-0.084504	-0.201119	-0.186370	0.018645	-0.081796	-0.228842	0.970021	-0.129284	-0.962623	-0.237998	0.988228	-0.144876	0.049153
00009	9.505083	-2.015083	0.049668	-0.211558	-0.198243	0.009597	-0.079899	-0.229257	0.970081	-0.131666	-0.962238	-0.238248	0.988069	-0.146762	0.046696
00010	9.518702	-2.141476	0.205804	-0.241217	-0.204335	0.007226	-0.077854	-0.229668	0.970150	-0.134007	-0.961862	-0.238460	0.987917	-0.148572	0.044108
00011	9.502866	-2.490997	0.299971	-0.246341	-0.214158	0.023552	-0.075855	-0.230240	0.970173	-0.137045	-0.961335	-0.238858	0.987656	-0.151076	0.041369
00012	9.575299	-2.709732	0.375057	-0.217528	-0.225493	0.033673	-0.073640	-0.230947	0.970176	-0.139133	-0.960924	-0.239305	0.987532	-0.152605	0.038630
00013	9.603263	-2.719052	0.458931	-0.172556	-0.228033	0.045763	-0.071511	-0.231772	0.970138	-0.141181	-0.960484	-0.239873	0.987398	-0.154118	0.035964
00014	9.596200	-2.486503	0.639350	-0.129535	-0.221428	0.043708	-0.069352	-0.232575	0.970103	-0.142394	-0.960179	-0.240375	0.987378	-0.154807	0.033473
00015	9.541741	-2.354487	0.808093	-0.123609	-0.214093	0.049976	-0.067390	-0.233418	0.970039	-0.144061	-0.959784	-0.240958	0.987271	-0.155983	0.031053
00016	9.535844	-2.485706	0.936608	-0.138219	-0.210324	0.056891	-0.065361	-0.234333	0.969957	-0.145353	-0.959432	-0.241585	0.987219	-0.156776	0.028648
00017	9.496481	-2.525054	0.943623	-0.127530	-0.212033	0.059941	-0.063427	-0.235277	0.969857	-0.147080	-0.958998	-0.242261	0.987089	-0.158012	0.026222
00018	9.496269	-2.588728	1.074032	-0.131140	-0.208870	0.062707	-0.061424	-0.236250	0.969749	-0.148300	-0.958639	-0.242936	0.987033	-0.158736	0.023847
00019	9.500963	-2.740223	1.215632	-0.136650	-0.189332	0.062170	-0.059784	-0.237174	0.969626	-0.150335	-0.958145	-0.243635	0.986826	-0.160334	0.021626
00020	9.379455	-2.880075	1.285732	-0.134692	-0.162761	0.064652	-0.058241	-0.238096	0.969494	-0.151591	-0.957771	-0.244324	0.986726	-0.161196	0.019688
00021	9.520051	-2.813653	1.314265	-0.121734	-0.151850	0.063689	-0.056981	-0.238974	0.969353	-0.153379	-0.957309	-0.245021	0.986523	-0.162640	0.017895
00022	9.594939	-2.370238	1.098278	-0.147940	-0.102461	0.074043	-0.056050	-0.239891	0.969180	-0.154762	-0.956887	-0.245798	0.986361	-0.163769	0.016508
00023	9.321917	-2.209494	0.834285	-0.220352	-0.087669	0.069072	-0.055380	-0.240738	0.969009	-0.157362	-0.956265	-0.246565	0.985987	-0.166140	0.015075
00024	9.266786	-2.306286	0.538101	-0.266911	-0.089345	0.067550	-0.054572	-0.241574	0.968847	-0.159922	-0.955652	-0.247292	0.985620	-0.168435	0.013519
00025	9.270859	-2.602978	-0.016417	-0.282102	-0.098101	0.055234	-0.053937	-0.242282	0.968705	-0.163905	-0.954811	-0.247933	0.985000	-0.172149	0.011789
00026	9.317134	-2.780281	-0.529298	-0.266735	-0.116340	0.055301	-0.052849	-0.243053	0.968572	-0.166469	-0.954212	-0.248533	0.984629	-0.174372	0.009969
00027	8.985657	-2.915480	-1.219171	-0.228182	-0.156241	0.043235	-0.051587	-0.243763	0.968462	-0.169684	-0.953513	-0.249039	0.984147	-0.177179	0.007826
00028	9.582915	-2.777101	-1.562129	-0.159425	-0.206621	0.039279	-0.049587	-0.244546	0.968369	-0.171199	-0.953131	-0.249465	0.983988	-0.178154	0.005397
00029	9.678878	-2.548251	-1.852023	-0.091801	-0.214273	0.037593	-0.047708	-0.245322	0.968267	-0.172889	-0.952712	-0.249899	0.983785	-0.179324	0.003039
00030	9.348822	-2.376542	-2.030587	-0.034740	-0.243312	0.028555	-0.045330	-0.246072	0.968191	-0.173184	-0.952576	-0.250211	0.983846	-0.179017	0.000565
00031	9.317722	-2.433035	-1.971028	0.045138	-0.295901	0.017897	-0.042772	-0.246789	0.968125	-0.174213	-0.952324	-0.250457	0.983779	-0.179372	-0.002261
00032	9.393349	-2.646033	-1.749959	0.120775	-0.337879	0.011128	-0.039433	-0.247539	0.968075	-0.172987	-0.952509	-0.250605	0.984134	-0.177346	-0.005260
00033	9.771884	-2.715099	-1.456107	0.213557	-0.361302	0.010305	-0.036183	-0.248308	0.968005	-0.172239	-0.952595	-0.250793	0.984390	-0.175803	-0.008300
00034	9.693948	-2.490252	-1.065883	0.292254	-0.365766	0.023440	-0.032588	-0.249209	0.967901	-0.169320	-0.953041	-0.251084	0.985022	-0.172068	-0.011138
00035	9.645651	-2.119129	-0.471577	0.333783	-0.359871	0.027265	-0.029356	-0.250120	0.967770	-0.167197	-0.953318	-0.251456	0.985486	-0.169190	-0.013833
00036	9.670415	-2.061005	0.069878	0.323732	-0.344218	0.041001	-0.025997	-0.251127	0.967605	-0.163962	-0.953753	-0.251937	0.986124	-0.165200	-0.016381
00037	9.765236	-2.210208	0.480363	0.283471	-0.322393	0.058791	-0.023072	-0.252266	0.967383	-0.161920	-0.953921	-0.252618	0.986534	-0.162467	-0.018838
00038	9.753948	-2.312190	0.808985	0.236638	-0.294964	0.072693	-0.020245	-0.253475	0.967130	-0.159538	-0.954114	-0.253403	0.986984	-0.159424	-0.021123
00039	9.670141	-2.248049	1.013949	0.180389	-0.266415	0.084311	-0.017638	-0.254758	0.966844	-0.157386	-0.954232	-0.254306	0.987380	-0.156653	-0.023265
00040	9.609916	-2.131897	1.133993	0.076762	-0.231287	0.081383	-0.015448	-0.255936	0.966570	-0.156583	-0.954139	-0.255147	0.987544	-0.155290	-0.025336
00041	9.634682	-2.267229	1.290944	-0.031460	-0.190685	0.069994	-0.013657	-0.256958	0.966326	-0.156930	-0.953889	-0.255868	0.987515	-0.155140	-0.027297
00042	9.545047	-2.617046	1.414691	-0.137361	-0.130748	0.057595	-0.012422	-0.257751	0.966132	-0.158247	-0.953523	-0.256422	0.987321	-0.156073	-0.028943
00043	9.469842	-2.932078	1.483437	-0.199937	-0.076596	0.045088	-0.011731	-0.258354	0.965979	-0.160265	-0.953071	-0.256848	0.987004	-0.157825	-0.030225
00044	9.568428	-2.897258	1.502715	-0.253686	-0.023558	0.036408	-0.011523	-0.258780	0.965868	-0.162732	-0.952569	-0.257158	0.986603	-0.160141	-0.031135
00045	9.467286	-2.886154	1.209278	-0.326138	0.007293	0.037747	-0.011688	-0.259181	0.965758	-0.166142	-0.951896	-0.257471	0.986033	-0.163462	-0.031935
00046	9.243826	-2.841245	0.820993	-0.387694	0.022480	0.026533	-0.011921	-0.259437	0.965686	-0.169929	-0.951182	-0.257638	0.985384	-0.167169	-0.032747
00047	9.137245	-2.811142	0.199977	-0.465550	0.010192	0.018057	-0.012071	-0.259647	0.965628	-0.174679	-0.950302	-0.257710	0.984552	-0.171785	-0.033884
00048	9.065141	-2.983220	-0.484128	-0.505407	-0.012484	0.007957	-0.011929	-0.259786	0.965593	-0.179620	-0.949397	-0.257648	0.983664	-0.176513	-0.035337
00049	9.011962	-3.213202	-0.937072	-0.514283	-0.033363	-0.012135	-0.011549	-0.259786	0.965597	-0.184637	-0.948502	-0.257395	0.982739	-0.181258	-0.037012
00050	9.034943	-3.328628	-1.283208	-0.481892	-0.064145	-0.036419	-0.010818	-0.259600	0.965656	-0.189344	-0.947709	-0.256897	0.981851	-0.185620	-0.038901
00051	9.280111	-3.298326	-1.438789	-0.413810	-0.101041	-0.052078	-0.009699	-0.259354	0.965734	-0.193378	-0.947061	-0.256282	0.981076	-0.189238	-0.040968
00052	9.357356	-3.230803	-1.382663	-0.345135	-0.125102	-0.050520	-0.008341	-0.259156	0.965799	-0.196737	-0.946530	-0.255685	0.980421	-0.192141	-0.043090
00053	9.314311	-3.311273	-1.306915	-0.275108	-0.156050	-0.055501	-0.006694	-0.258994	0.965856	-0.199493	-0.946116	-0.255083	0.979876	-0.194389	-0.045334
00054	9.204393	-3.252796	-1.410879	-0.200844	-0.194322	-0.052927	-0.004652	-0.258914	0.965889	-0.201433	-0.945858	-0.254515	0.979491	-0.195746	-0.047753
00055	9.233969	-3.086243	-1.513288	-0.155284	-0.236664	-0.052591	-0.002222	-0.258946	0.965889	-0.203024	-0.945659	-0.253989	0.979171	-0.196663	-0.050471
00056	9.297001	-2.831078	-1.443861	-0.126691	-0.277807	-0.063031	0.000659	-0.258939	0.965894	-0.204234	-0.945570	-0.253351	0.978922	-0.197101	-0.053507
00057	9.346669	-2.501298	-1.181841	-0.097672	-0.305693	-0.085415	0.003844	-0.258798	0.965924	-0.205201	-0.945580	-0.252530	0.978712	-0.197238	-0.056741
00058	9.323051	-2.382324	-0.784653	-0.090829	-0.317460	-0.106650	0.007202	-0.258458	0.965996	-0.206054	-0.945673	-0.251484	0.978514	-0.197236	-0.060067
00059	9.472286	-2.690777	-0.209666	-0.085854	-0.315779	-0.116802	0.010553	-0.258041	0.966076	-0.206893	-0.945788	-0.250361	0.978307	-0.197232	-0.063367
00060	9.530446	-3.288977	0.167703	-0.043403	-0.317976	-0.115691	0.013935	-0.257615	0.966147	-0.207273	-0.945997	-0.249253	0.978184	-0.196783	-0.066579
00061	9.437648	-3.254360	0.384707	0.001448	-0.320017	-0.102621	0.017301	-0.257337	0.966167	-0.207238	-0.946250	-0.248322	0.978138	-0.195930	-0.069701
00062	9.406196	-3.091640	0.661927	-0.006928	-0.312413	-0.091502	0.020578	-0.257125	0.966159	-0.207258	-0.946469	-0.247470	0.978070	-0.195152	-0.072768
00063	9.367039	-3.238648	0.899717	-0.035038	-0.286010	-0.090381	0.023582	-0.256894	0.966152	-0.207589	-0.946615	-0.246632	0.977932	-0.194747	-0.075651
00064	9.531577	-3.474122	1.168105	-0.036761	-0.248337	-0.100031	0.026250	-0.256472	0.966195	-0.207894	-0.946797	-0.245675	0.977799	-0.194417	-0.078172
00065	9.466515	-3.501667	1.486164	-0.012304	-0.197817	-0.109323	0.028427	-0.255890	0.966288	-0.207996	-0.947034	-0.244673	0.977717	-0.194029	-0.080146
00066	9.366032	-3.246781	1.567485	-0.004155	-0.173324	-0.113931	0.030390	-0.255189	0.966413	-0.207974	-0.947314	-0.243606	0.977662	-0.193585	-0.081862
00067	9.406706	-2.923838	1.515334	-0.044778	-0.164293	-0.115801	0.032254	-0.254479	0.966540	-0.208373	-0.947506	-0.242514	0.977517	-0.193579	-0.083588
00068	9.346642	-2.456669	1.263735	-0.117174	-0.161672	-0.118950	0.034115	-0.253708	0.966679	-0.209450	-0.947578	-0.241303	0.977224	-0.194239	-0.085465
00069	9.255234	-2.104008	0.948858	-0.211486	-0.162351	-0.125972	0.035978	-0.252901	0.966823	-0.211476	-0.947467	-0.239968	0.976721	-0.195826	-0.087571
00070	9.116484	-2.089150	0.350133	-0.306565	-0.177668	-0.130439	0.038022	-0.252058	0.966965	-0.214392	-0.947189	-0.238473	0.976007	-0.198242	-0.090053
00071	9.184859	-2.419740	-0.427416	-0.393388	-0.209628	-0.134565	0.040372	-0.251271	0.967074	-0.218174	-0.946726	-0.236876	0.975074	-0.201427	-0.093042
00072	9.282351	-2.718843	-1.317322	-0.454084	-0.244673	-0.148651	0.043115	-0.250404	0.967181	-0.222508	-0.946173	-0.235046	0.973977	-0.205072	-0.096511
00073	9.225935	-2.838553	-1.849219	-0.459320	-0.285235	-0.185433	0.046320	-0.249310	0.967315	-0.226901	-0.945669	-0.232866	0.972816	-0.208698	-0.100373
00074	8.414718	-3.145827	-2.328440	-0.412133	-0.338767	-0.218818	0.050146	-0.247996	0.967462	-0.230774	-0.945344	-0.230365	0.971714	-0.211713	-0.104636
00075	8.598945	-3.633806	-2.385486	-0.303614	-0.502640	-0.256312	0.055635	-0.246714	0.967490	-0.233592	-0.945315	-0.227627	0.970742	-0.213334	-0.110223
00076	10.055656	-3.324349	-2.074288	-0.139807	-0.501207	-0.270163	0.061162	-0.245272	0.967523	-0.234763	-0.945679	-0.224894	0.970127	-0.213384	-0.115420
00077	9.692842	-2.847729	-1.678179	-0.045890	-0.504685	-0.274153	0.066714	-0.243829	0.967521	-0.235037	-0.946234	-0.222258	0.969694	-0.212576	-0.120436
00078	9.331169	-3.069812	-1.110930	0.009160	-0.534467	-0.271236	0.072563	-0.242437	0.967450	-0.234732	-0.946911	-0.219684	0.969348	-0.211150	-0.125618
00079	9.882003	-3.269639	-0.481215	0.095041	-0.537276	-0.258673	0.078389	-0.241193	0.967306	-0.233618	-0.947718	-0.217376	0.969163	-0.208940	-0.130638
00080	10.255633	-2.692829	-0.013763	0.169491	-0.518300	-0.246251	0.084016	-0.239976	0.967136	-0.231748	-0.948660	-0.215259	0.969141	-0.206047	-0.135316
00081	9.839592	-1.956514	0.383077	0.143485	-0.460544	-0.254436	0.089078	-0.238584	0.967028	-0.230149	-0.949543	-0.213070	0.969070	-0.203581	-0.139493
00082	9.731244	-1.678131	0.675811	0.059129	-0.399254	-0.270796	0.093599	-0.236864	0.967024	-0.229302	-0.950305	-0.210575	0.968845	-0.202031	-0.143261
00083	9.627243	-1.804396	0.664693	-0.069471	-0.351880	-0.277112	0.097651	-0.235019	0.967073	-0.229721	-0.950799	-0.207868	0.968345	-0.201858	-0.146836
00084	9.623591	-2.097158	0.700745	-0.183305	-0.306515	-0.281838	0.101298	-0.233002	0.967186	-0.231189	-0.951086	-0.204910	0.967621	-0.202845	-0.150211
00085	9.791907	-2.413989	0.721855	-0.267034	-0.245807	-0.290433	0.104358	-0.230819	0.967384	-0.233487	-0.951196	-0.201769	0.966744	-0.204816	-0.153158
00086	9.953964	-2.559141	0.782184	-0.322453	-0.158083	-0.303095	0.106628	-0.228305	0.967733	-0.236257	-0.951225	-0.198379	0.965822	-0.207481	-0.155366
00087	10.177269	-2.603650	1.035755	-0.360470	-0.053902	-0.313230	0.107897	-0.225518	0.968246	-0.239419	-0.951162	-0.194859	0.964902	-0.210792	-0.156621
00088	9.990925	-2.730230	1.234377	-0.381332	0.054824	-0.305367	0.108135	-0.222540	0.968908	-0.242741	-0.951033	-0.191343	0.964045	-0.214503	-0.156859
00089	9.777318	-2.607922	1.214846	-0.377922	0.135926	-0.296082	0.107550	-0.219510	0.969664	-0.246083	-0.950850	-0.187957	0.963263	-0.218403	-0.156282
00090	9.711028	-2.266463	1.059390	-0.366269	0.187060	-0.298794	0.106518	-0.216301	0.970499	-0.249264	-0.950693	-0.184528	0.962560	-0.222255	-0.155182
00091	9.927494	-2.112836	0.973989	-0.348293	0.212829	-0.322322	0.105278	-0.212840	0.971399	-0.252294	-0.950584	-0.180937	0.961907	-0.226030	-0.153774
00092	9.776220	-1.504924	0.429941	-0.291469	0.227580	-0.343481	0.103989	-0.209101	0.972349	-0.254712	-0.950644	-0.177193	0.961409	-0.229243	-0.152118
00093	9.600654	-0.985309	-0.205032	-0.315482	0.216364	-0.346527	0.102795	-0.205387	0.973267	-0.257404	-0.950615	-0.173420	0.960821	-0.232697	-0.150586
00094	9.604919	-0.971990	-0.967931	-0.399979	0.208835	-0.330521	0.101675	-0.201799	0.974135	-0.260882	-0.950348	-0.169642	0.960001	-0.236886	-0.149272
00095	9.577839	-1.048099	-1.546283	-0.436012	0.196400	-0.311119	0.100606	-0.198450	0.974934	-0.264767	-0.949911	-0.166035	0.959050	-0.241426	-0.148110
00096	9.716414	-1.064313	-2.042958	-0.463968	0.172805	-0.298546	0.099775	-0.195239	0.975667	-0.268889	-0.949368	-0.162478	0.957989	-0.246135	-0.147221
00097	9.849172	-1.072016	-2.318925	-0.488634	0.166149	-0.304291	0.099008	-0.192014	0.976385	-0.273279	-0.948726	-0.158863	0.956826	-0.251096	-0.146405
00098	10.102227	-1.145897	-2.239242	-0.488040	0.164156	-0.325206	0.098363	-0.188558	0.977124	-0.277599	-0.948108	-0.155014	0.955648	-0.256001	-0.145602
00099	10.403424	-1.098657	-1.901068	-0.478927	0.211463	-0.358498	0.097346	-0.184688	0.977964	-0.281834	-0.947525	-0.150886	0.954512	-0.260936	-0.144289
00100	10.447060	-1.095243	-1.266375	-0.477220	0.257362	-0.408766	0.096079	-0.180183	0.978929	-0.285966	-0.947015	-0.146242	0.953411	-0.265889	-0.142515
00101	11.138226	-1.005612	-0.590841	-0.496242	0.352032	-0.450580	0.094024	-0.175046	0.980060	-0.290276	-0.946469	-0.141198	0.952313	-0.271212	-0.139802
00102	11.238573	-1.002680	-0.241134	-0.528285	0.506377	-0.461943	0.090583	-0.169333	0.981387	-0.294852	-0.945818	-0.135980	0.951240	-0.277047	-0.135603
00103	10.747078	-1.199251	0.183670	-0.519539	0.618082	-0.445447	0.086031	-0.163462	0.982791	-0.299406	-0.945092	-0.130982	0.950239	-0.282985	-0.130249
00104	10.780540	-1.241985	0.931291	-0.473479	0.715715	-0.395450	0.080452	-0.157727	0.984200	-0.303548	-0.944377	-0.126531	0.949414	-0.288572	-0.123855
00105	10.643700	-1.277749	1.273656	-0.448949	0.808638	-0.331992	0.073792	-0.152307	0.985575	-0.307558	-0.943574	-0.122788	0.948664	-0.294060	-0.116471
00106	10.975710	-1.389726	1.584141	-0.444862	0.898121	-0.241792	0.066050	-0.147407	0.986868	-0.311581	-0.942619	-0.119944	0.947921	-0.299567	-0.108189
00107	10.820519	-1.380516	1.681628	-0.449743	1.018416	-0.151037	0.056872	-0.142972	0.988091	-0.315753	-0.941469	-0.118052	0.947136	-0.305278	-0.098687
00108	10.530718	-1.371651	1.800300	-0.442541	1.119753	-0.068943	0.046516	-0.138920	0.989211	-0.319880	-0.940207	-0.116996	0.946316	-0.310986	-0.088173
00109	10.204781	-1.234893	1.852692	-0.435652	1.205001	-0.012040	0.035153	-0.135091	0.990209	-0.323996	-0.938848	-0.116582	0.945405	-0.316725	-0.076772
00110	10.303689	-1.085806	2.000385	-0.418040	1.295477	0.049604	0.022776	-0.131464	0.991059	-0.327933	-0.937451	-0.116816	0.944427	-0.322340	-0.064463
00111	9.808506	-1.248400	1.883764	-0.421982	1.368017	0.088055	0.009567	-0.127903	0.991740	-0.331927	-0.935958	-0.117507	0.943257	-0.328061	-0.051409
00112	11.446123	-1.187768	2.107454	-0.418852	1.447685	0.161544	-0.004592	-0.124671	0.992188	-0.335850	-0.934373	-0.118961	0.941904	-0.333773	-0.037580
00113	10.726482	-1.453360	1.729591	-0.437315	1.580754	0.207402	-0.020177	-0.121345	0.992405	-0.339934	-0.932639	-0.120948	0.940233	-0.339793	-0.022431
00114	10.477099	-1.701923	1.535426	-0.416247	1.569504	0.255309	-0.035768	-0.118394	0.992322	-0.343743	-0.930913	-0.123457	0.938382	-0.345520	-0.007400
00115	11.106629	-1.743916	1.401405	-0.386339	1.589161	0.309607	-0.051743	-0.115799	0.991924	-0.347221	-0.929200	-0.126589	0.936355	-0.350967	0.007872
00116	11.496372	-1.697194	0.966230	-0.372199	1.586002	0.341207	-0.067742	-0.113407	0.991237	-0.350468	-0.927499	-0.130066	0.934122	-0.356207	0.023086
00117	11.968793	-1.543629	0.623612	-0.375820	1.589438	0.376871	-0.083907	-0.111255	0.990243	-0.353678	-0.925723	-0.133975	0.931596	-0.361469	0.038326
00118	10.865881	-1.516332	0.314690	-0.344858	1.525186	0.354537	-0.099331	-0.109033	0.989063	-0.356530	-0.924084	-0.137676	0.928988	-0.366306	0.052917
00119	11.233387	-1.246999	0.155831	-0.299950	1.422538	0.318969	-0.113680	-0.106795	0.987761	-0.358962	-0.922630	-0.141066	0.926403	-0.370605	0.066549
00120	11.307827	-1.100021	-0.214287	-0.279886	1.360581	0.288877	-0.127283	-0.104438	0.986353	-0.361171	-0.921290	-0.144156	0.923772	-0.374590	0.079545
00121	10.525621	-1.442897	-0.796034	-0.253872	1.317700	0.265773	-0.140410	-0.101982	0.984827	-0.363144	-0.920056	-0.147049	0.921093	-0.378281	0.092151
00122	10.283302	-1.515562	-1.334694	-0.211280	1.215423	0.236500	-0.152428	-0.099589	0.983284	-0.364708	-0.919023	-0.149617	0.918561	-0.381417	0.103764
00123	10.215492	-2.098631	-1.340775	-0.169318	1.149910	0.236737	-0.163849	-0.097420	0.981663	-0.365874	-0.918137	-0.152184	0.916128	-0.384100	0.114793
