// General information: 
//  MT Manager version: 2022.2.0 
//  XDA version: 2022.2.0 build 7381 rev 124627 built on 2023-07-19
// Device information: 
//  DeviceId: 00B4CB9F
//  ProductCode: MTW2-3A7G6
//  Firmware Version: 4.6.0
//  Hardware Version: 2.0.0
// Device settings: 
//  Filter Profile: human(46.1)
//  Option Flags: Orientation Smoother Disabled, Position/Velocity Smoother Disabled, Continuous Zero Rotation Update Disabled, AHS Disabled, ICC Disabled
// Coordinate system: ENU
PacketCounter	Acc_X	Acc_Y	Acc_Z	Gyr_X	Gyr_Y	Gyr_Z	Mat[1][1]	Mat[2][1]	Mat[3][1]	Mat[1][2]	Mat[2][2]	Mat[3][2]	Mat[1][3]	Mat[2][3]	Mat[3][3]
34991	9.683389	-0.052765	1.050856	0.003311	-0.006440	-0.015526	0.102056	0.048612	0.993590	-0.406355	0.913711	-0.002965	-0.907998	-0.403447	0.113003
34992	9.763845	-0.032417	1.031928	0.001212	-0.006111	-0.014821	0.102009	0.048463	0.993602	-0.406377	0.913701	-0.002844	-0.907993	-0.403487	0.112900
34993	9.789549	-0.058338	1.051336	0.004694	0.004822	-0.014165	0.101992	0.048301	0.993612	-0.406181	0.913789	-0.002727	-0.908083	-0.403308	0.112818
34994	9.698661	-0.050473	1.181871	0.021397	0.018000	-0.003100	0.102117	0.048356	0.993596	-0.406398	0.913692	-0.002700	-0.907972	-0.403520	0.112955
34995	9.739941	-0.092319	1.191850	0.026956	0.015738	0.000339	0.102229	0.048521	0.993577	-0.406877	0.913479	-0.002746	-0.907745	-0.403983	0.113126
34996	9.739723	-0.092177	1.193639	0.025755	0.020514	0.003198	0.102351	0.048645	0.993558	-0.407141	0.913361	-0.002777	-0.907613	-0.404234	0.113289
34997	9.705276	-0.031843	1.172814	0.014456	0.017453	0.008294	0.102399	0.048813	0.993545	-0.407344	0.913270	-0.002887	-0.907516	-0.404419	0.113402
34998	9.705154	-0.032274	1.173816	0.010921	0.003094	0.003662	0.102361	0.048870	0.993546	-0.407473	0.913212	-0.002939	-0.907462	-0.404543	0.113391
34999	9.739326	-0.092905	1.196817	0.011401	0.002805	-0.001368	0.102311	0.048881	0.993551	-0.407569	0.913170	-0.002957	-0.907425	-0.404638	0.113350
35000	9.716231	-0.096070	1.222646	0.011667	0.004373	-0.001893	0.102307	0.048893	0.993551	-0.407699	0.913111	-0.002953	-0.907367	-0.404768	0.113351
35001	9.697793	-0.050523	1.188969	-0.001324	-0.000731	0.006857	0.102220	0.049009	0.993554	-0.407728	0.913098	-0.003092	-0.907364	-0.404783	0.113320
35002	9.769606	-0.071408	1.157282	-0.014712	-0.004809	0.000697	0.102123	0.049008	0.993564	-0.407621	0.913146	-0.003144	-0.907423	-0.404677	0.113229
35003	9.753843	-0.056858	1.168157	-0.022581	-0.000359	0.002463	0.101996	0.048989	0.993578	-0.407270	0.913302	-0.003222	-0.907595	-0.404325	0.113104
35004	9.728103	-0.102477	1.138476	-0.037124	-0.003341	-0.001092	0.101919	0.048976	0.993586	-0.406958	0.913441	-0.003281	-0.907743	-0.404013	0.113028
35005	9.705109	-0.106491	1.163404	-0.039075	-0.006948	0.003086	0.101758	0.048985	0.993602	-0.406612	0.913594	-0.003398	-0.907916	-0.403665	0.112883
35006	9.762586	-0.091532	1.169461	-0.049731	-0.015570	-0.005337	0.101587	0.048884	0.993625	-0.406182	0.913786	-0.003429	-0.908128	-0.403244	0.112685
35007	9.718511	-0.091119	1.105173	-0.052544	-0.003646	-0.002563	0.101458	0.048823	0.993641	-0.405640	0.914026	-0.003492	-0.908384	-0.402706	0.112540
35008	9.708674	-0.078897	1.074023	-0.058890	-0.006074	-0.004432	0.101370	0.048769	0.993653	-0.405127	0.914253	-0.003542	-0.908623	-0.402197	0.112435
35009	9.707394	-0.099788	1.045739	-0.052850	-0.008621	-0.006024	0.101228	0.048687	0.993671	-0.404635	0.914471	-0.003585	-0.908858	-0.401711	0.112271
35010	9.733168	-0.127496	1.064324	-0.047237	-0.007468	0.001399	0.101104	0.048681	0.993684	-0.404234	0.914648	-0.003679	-0.909051	-0.401309	0.112153
35011	9.773439	-0.118470	1.054420	-0.043713	-0.007312	-0.002435	0.100958	0.048635	0.993701	-0.403824	0.914829	-0.003747	-0.909249	-0.400902	0.111999
35012	9.779432	-0.120821	1.011571	-0.055829	-0.012712	-0.007479	0.100821	0.048527	0.993720	-0.403335	0.915045	-0.003763	-0.909481	-0.400423	0.111828
35013	9.739361	-0.129956	1.019595	-0.045690	-0.008556	-0.009964	0.100704	0.048420	0.993737	-0.402910	0.915232	-0.003765	-0.909683	-0.400008	0.111676
35014	9.715088	-0.153959	1.016326	-0.042184	-0.014179	-0.006086	0.100548	0.048319	0.993758	-0.402547	0.915392	-0.003779	-0.909860	-0.399654	0.111492
35015	9.713846	-0.174707	0.987485	-0.031848	-0.010560	-0.001117	0.100401	0.048325	0.993773	-0.402378	0.915466	-0.003864	-0.909951	-0.399484	0.111358
35016	9.713964	-0.175233	0.986225	-0.012560	-0.014585	0.007433	0.100187	0.048346	0.993793	-0.402298	0.915500	-0.003980	-0.910010	-0.399402	0.111171
35017	9.752974	-0.114597	0.958465	0.001236	-0.014230	0.004575	0.100021	0.048438	0.993806	-0.402493	0.915414	-0.004109	-0.909942	-0.399589	0.111057
35018	9.770271	-0.036710	0.984603	0.007970	0.002373	0.006194	0.099966	0.048516	0.993807	-0.402599	0.915367	-0.004190	-0.909902	-0.399687	0.111038
35019	9.656971	0.025233	1.008840	0.007563	0.011845	0.007504	0.099969	0.048662	0.993800	-0.402738	0.915305	-0.004305	-0.909840	-0.399811	0.111101
35020	9.650981	0.026770	1.051904	-0.001507	0.013971	0.007908	0.100013	0.048801	0.993789	-0.402760	0.915295	-0.004414	-0.909825	-0.399817	0.111197
35021	9.701006	0.095124	1.085331	-0.012043	0.019297	0.011702	0.100079	0.049029	0.993771	-0.402702	0.915320	-0.004604	-0.909844	-0.399732	0.111349
35022	9.750332	0.030721	1.240117	-0.022897	0.019643	0.012027	0.100158	0.049229	0.993753	-0.402533	0.915393	-0.004777	-0.909910	-0.399539	0.111500
35023	9.736822	-0.059210	1.287839	-0.018846	0.022935	0.007152	0.100287	0.049452	0.993729	-0.402522	0.915397	-0.004932	-0.909900	-0.399503	0.111709
35024	9.759562	-0.128866	1.253404	-0.032921	0.006833	0.002015	0.100290	0.049510	0.993726	-0.402252	0.915515	-0.005016	-0.910019	-0.399225	0.111733
35025	9.759469	-0.201475	1.242850	-0.039015	-0.008204	-0.008890	0.100160	0.049398	0.993744	-0.401864	0.915686	-0.005014	-0.910205	-0.398848	0.111566
35026	9.830134	-0.169382	1.192806	-0.050137	-0.016512	-0.012306	0.100007	0.049231	0.993768	-0.401423	0.915879	-0.004976	-0.910416	-0.398424	0.111357
35027	9.828283	-0.077447	1.014920	-0.068846	-0.018790	-0.014454	0.099866	0.049115	0.993788	-0.400915	0.916102	-0.004988	-0.910656	-0.397926	0.111179
35028	9.802779	-0.049644	0.993834	-0.077698	-0.017190	-0.006596	0.099685	0.048998	0.993812	-0.400228	0.916402	-0.005037	-0.910978	-0.397249	0.110962
35029	9.761365	-0.080364	0.973728	-0.081723	-0.013383	0.002539	0.099461	0.048966	0.993836	-0.399417	0.916755	-0.005196	-0.911358	-0.396438	0.110739
35030	9.742956	-0.107890	0.928195	-0.068931	-0.015896	0.005750	0.099241	0.048968	0.993858	-0.398822	0.917013	-0.005357	-0.911643	-0.395840	0.110535
35031	9.704318	-0.098017	0.963189	-0.058606	-0.019378	0.006456	0.098912	0.048891	0.993894	-0.398051	0.917347	-0.005511	-0.912015	-0.395075	0.110198
35032	9.728777	-0.147187	0.953026	-0.045179	-0.013239	0.004659	0.098722	0.048893	0.993913	-0.397671	0.917511	-0.005636	-0.912202	-0.394694	0.110022
35033	9.773134	-0.149351	1.015297	-0.024736	-0.005511	0.007158	0.098544	0.048922	0.993929	-0.397296	0.917672	-0.005779	-0.912384	-0.394315	0.109868
35034	9.751504	-0.133294	1.068534	-0.007220	0.007318	0.004494	0.098541	0.049004	0.993926	-0.397262	0.917687	-0.005860	-0.912399	-0.394271	0.109897
35035	9.680930	-0.165572	1.118326	-0.001340	0.015797	0.003709	0.098584	0.049113	0.993916	-0.397245	0.917693	-0.005945	-0.912402	-0.394242	0.109979
35036	9.646463	-0.177421	1.086649	-0.004549	0.006449	0.002480	0.098581	0.049173	0.993913	-0.397233	0.917698	-0.006003	-0.912408	-0.394224	0.110000
35037	9.699198	-0.212226	1.153087	-0.000311	0.002110	0.000790	0.098558	0.049260	0.993911	-0.397299	0.917669	-0.006085	-0.912381	-0.394280	0.110015
35038	9.759181	-0.228201	1.205405	0.004673	0.006158	-0.002173	0.098571	0.049277	0.993909	-0.397367	0.917640	-0.006086	-0.912351	-0.394346	0.110034
35039	9.767581	-0.260985	1.209326	0.015850	0.016577	-0.006710	0.098736	0.049398	0.993887	-0.397768	0.917466	-0.006084	-0.912158	-0.394736	0.110236
35040	9.725930	-0.217456	1.203180	0.013553	0.017464	-0.013454	0.098897	0.049356	0.993873	-0.397906	0.917407	-0.005964	-0.912080	-0.394878	0.110368
35041	9.688929	-0.123809	1.137702	0.007720	0.005306	-0.012943	0.098935	0.049306	0.993872	-0.398054	0.917343	-0.005885	-0.912012	-0.395032	0.110383
35042	9.740944	-0.044794	1.055850	-0.006807	-0.003426	-0.008814	0.098887	0.049224	0.993880	-0.398011	0.917362	-0.005834	-0.912036	-0.394998	0.110307
35043	9.764002	-0.040464	1.030154	-0.007018	-0.001594	-0.004298	0.098837	0.049235	0.993885	-0.398011	0.917362	-0.005864	-0.912041	-0.394997	0.110266
35044	9.773934	-0.052888	1.060516	0.008382	-0.001317	-0.002829	0.098785	0.049216	0.993891	-0.398112	0.917318	-0.005855	-0.912002	-0.395102	0.110211
35045	9.752217	-0.108415	1.102786	0.013040	-0.000963	0.002692	0.098723	0.049317	0.993892	-0.398444	0.917174	-0.005933	-0.911864	-0.395425	0.110196
35046	9.767926	-0.195832	1.080651	0.017597	-0.000329	0.004487	0.098651	0.049369	0.993897	-0.398637	0.917089	-0.005987	-0.911788	-0.395613	0.110152
35047	9.736294	-0.238742	1.092394	0.027812	-0.003545	0.001468	0.098555	0.049425	0.993904	-0.399003	0.916930	-0.006032	-0.911638	-0.395976	0.110088
35048	9.744954	-0.199852	1.105564	0.027751	-0.005667	0.009436	0.098414	0.049501	0.993914	-0.399293	0.916803	-0.006124	-0.911526	-0.396260	0.109991
35049	9.752142	-0.254085	1.080355	0.028757	-0.002790	0.003371	0.098312	0.049570	0.993920	-0.399661	0.916642	-0.006184	-0.911376	-0.396623	0.109928
35050	9.773923	-0.198408	1.037502	0.032998	-0.007126	0.001685	0.098189	0.049570	0.993932	-0.399991	0.916498	-0.006193	-0.911244	-0.396956	0.109817
35051	9.745098	-0.199630	1.104335	0.038564	-0.003615	-0.002586	0.098113	0.049599	0.993939	-0.400514	0.916270	-0.006188	-0.911023	-0.397480	0.109763
35052	9.759637	-0.161595	1.075702	0.044755	-0.004325	-0.008433	0.098055	0.049517	0.993948	-0.400942	0.916083	-0.006084	-0.910841	-0.397919	0.109680
35053	9.718199	-0.117862	1.067534	0.042249	-0.001607	-0.010665	0.098057	0.049515	0.993948	-0.401536	0.915824	-0.006010	-0.910579	-0.398516	0.109684
35054	9.725443	-0.097946	1.053452	0.041628	0.002619	-0.009091	0.098065	0.049454	0.993950	-0.401934	0.915650	-0.005903	-0.910402	-0.398924	0.109671
35055	9.718279	-0.042390	1.078276	0.037018	-0.001423	-0.014879	0.098034	0.049342	0.993959	-0.402324	0.915479	-0.005765	-0.910233	-0.399329	0.109600
35056	9.719697	-0.019901	1.105603	0.028315	-0.005083	-0.015526	0.097999	0.049192	0.993970	-0.402595	0.915361	-0.005608	-0.910117	-0.399618	0.109509
35057	9.735549	-0.033437	1.093775	0.011689	-0.006405	-0.006411	0.097899	0.049151	0.993982	-0.402791	0.915275	-0.005588	-0.910041	-0.399820	0.109402
35058	9.744091	-0.138766	1.085961	0.011116	0.001225	-0.000847	0.097862	0.049161	0.993985	-0.402920	0.915218	-0.005596	-0.909988	-0.399949	0.109373
35059	9.734123	-0.125813	1.055761	0.010389	0.005718	-0.003002	0.097810	0.049116	0.993992	-0.402823	0.915261	-0.005588	-0.910037	-0.399856	0.109307
35060	9.726837	-0.143852	1.070537	0.022763	0.005590	-0.002731	0.097820	0.049126	0.993991	-0.403056	0.915159	-0.005564	-0.909933	-0.400089	0.109322
35061	9.743981	-0.137462	1.087105	0.022861	-0.001769	-0.003263	0.097727	0.049097	0.994002	-0.403271	0.915064	-0.005550	-0.909847	-0.400310	0.109226
35062	9.758409	-0.172362	1.048250	0.023391	0.001370	-0.004302	0.097705	0.049075	0.994005	-0.403509	0.914959	-0.005510	-0.909744	-0.400551	0.109198
35063	9.774228	-0.114171	1.047556	0.020452	0.000673	-0.001771	0.097693	0.049163	0.994002	-0.403908	0.914783	-0.005548	-0.909568	-0.400943	0.109225
35064	9.765680	-0.080276	1.044504	0.015262	-0.002838	-0.006251	0.097640	0.049107	0.994009	-0.404069	0.914712	-0.005498	-0.909502	-0.401112	0.109156
35065	9.754443	-0.015061	0.996445	0.001945	-0.003469	-0.008424	0.097574	0.049049	0.994019	-0.404095	0.914700	-0.005469	-0.909498	-0.401145	0.109071
35066	9.728745	0.013064	0.976838	-0.018244	-0.002576	-0.007172	0.097528	0.048986	0.994027	-0.403951	0.914764	-0.005447	-0.909567	-0.401007	0.109003
35067	9.735993	-0.040234	0.951769	-0.028571	-0.006187	-0.012141	0.097420	0.048845	0.994044	-0.403643	0.914900	-0.005397	-0.909715	-0.400714	0.108846
35068	9.766266	-0.017306	0.911689	-0.040049	-0.001623	-0.010244	0.097395	0.048757	0.994051	-0.403298	0.915053	-0.005368	-0.909871	-0.400376	0.108785
35069	9.747309	-0.103415	0.999389	-0.027144	0.008481	-0.006755	0.097386	0.048711	0.994054	-0.403023	0.915174	-0.005363	-0.909994	-0.400104	0.108757
35070	9.728719	-0.129463	0.956183	-0.022948	0.007827	-0.008168	0.097438	0.048680	0.994050	-0.402835	0.915257	-0.005335	-0.910071	-0.399918	0.108791
35071	9.738585	-0.068992	0.997944	-0.027506	0.007187	-0.009962	0.097438	0.048596	0.994054	-0.402455	0.915424	-0.005303	-0.910239	-0.399546	0.108755
35072	9.785946	-0.112763	0.964617	-0.043441	0.003750	-0.010391	0.097461	0.048528	0.994055	-0.402079	0.915590	-0.005276	-0.910403	-0.399174	0.108747
35073	9.764198	-0.095379	1.018539	-0.039293	0.013865	-0.007275	0.097499	0.048485	0.994054	-0.401602	0.915799	-0.005279	-0.910610	-0.398699	0.108761
35074	9.700825	-0.108418	1.054787	-0.027599	0.021641	-0.005160	0.097664	0.048537	0.994035	-0.401374	0.915899	-0.005286	-0.910692	-0.398464	0.108932
35075	9.758001	-0.165530	1.053133	-0.021584	0.013293	0.000939	0.097761	0.048711	0.994017	-0.401461	0.915860	-0.005397	-0.910643	-0.398532	0.109091
35076	9.755971	-0.174681	1.168820	-0.007284	0.018078	0.009016	0.097837	0.048878	0.994001	-0.401433	0.915872	-0.005524	-0.910648	-0.398484	0.109227
35077	9.702966	-0.213832	1.093989	-0.002776	0.022399	0.011082	0.097944	0.049136	0.993978	-0.401591	0.915801	-0.005699	-0.910567	-0.398614	0.109429
35078	9.764640	-0.149612	1.044030	-0.006605	0.010179	0.007171	0.097956	0.049254	0.993971	-0.401567	0.915811	-0.005807	-0.910576	-0.398577	0.109488
35079	9.749989	-0.114904	1.084377	-0.000726	0.018668	0.006380	0.098033	0.049423	0.993955	-0.401593	0.915799	-0.005928	-0.910556	-0.398584	0.109627
35080	9.718165	-0.085896	1.108629	-0.007065	0.016247	0.004502	0.098111	0.049542	0.993942	-0.401562	0.915812	-0.006010	-0.910561	-0.398540	0.109745
35081	9.774021	-0.091655	1.089552	-0.003929	0.009312	0.005160	0.098101	0.049641	0.993938	-0.401444	0.915863	-0.006120	-0.910614	-0.398410	0.109775
35082	9.753525	-0.127069	1.160412	-0.019960	0.006154	0.000990	0.098101	0.049687	0.993935	-0.401293	0.915929	-0.006181	-0.910681	-0.398253	0.109792
35083	9.703398	-0.124113	1.139303	-0.037508	0.002787	-0.003780	0.098093	0.049730	0.993934	-0.401065	0.916028	-0.006250	-0.910782	-0.398019	0.109800
35084	9.702092	-0.144772	1.111554	-0.054641	-0.002963	-0.005613	0.098036	0.049679	0.993942	-0.400591	0.916235	-0.006284	-0.910997	-0.397548	0.109725
35085	9.716567	-0.107696	1.083342	-0.062638	0.005456	-0.007276	0.098024	0.049648	0.993945	-0.400036	0.916478	-0.006326	-0.911242	-0.396994	0.109698
35086	9.726376	-0.120579	1.114560	-0.058702	0.010320	-0.003899	0.098082	0.049666	0.993938	-0.399527	0.916699	-0.006381	-0.911459	-0.396479	0.109754
35087	9.716431	-0.180395	1.074033	-0.052672	0.007773	-0.005500	0.098128	0.049730	0.993931	-0.399287	0.916803	-0.006451	-0.911560	-0.396230	0.109820
35088	9.757891	-0.222577	1.082565	-0.025853	0.007171	-0.005643	0.098164	0.049719	0.993928	-0.399075	0.916896	-0.006452	-0.911649	-0.396018	0.109848
35089	9.753900	-0.284111	1.000244	-0.002243	0.011370	0.001533	0.098210	0.049841	0.993917	-0.399159	0.916858	-0.006535	-0.911607	-0.396089	0.109939
35090	9.712278	-0.241694	0.993298	0.012164	0.007504	-0.002891	0.098238	0.049857	0.993913	-0.399297	0.916798	-0.006522	-0.911543	-0.396226	0.109972
35091	9.689126	-0.245100	1.019590	0.034474	0.009665	-0.000829	0.098281	0.049953	0.993904	-0.399716	0.916616	-0.006543	-0.911355	-0.396637	0.110053
35092	9.747679	-0.208505	1.055348	0.046575	0.000879	-0.004306	0.098254	0.049930	0.993908	-0.400166	0.916420	-0.006478	-0.911160	-0.397092	0.110022
35093	9.787838	-0.198002	1.046829	0.058579	0.006541	-0.002958	0.098301	0.050023	0.993899	-0.400838	0.916126	-0.006464	-0.910860	-0.397757	0.110108
35094	9.757354	-0.147064	1.098258	0.073310	0.014743	0.000378	0.098382	0.050099	0.993887	-0.401536	0.915821	-0.006417	-0.910544	-0.398450	0.110216
35095	9.749877	-0.092421	1.124713	0.067873	0.016768	0.000672	0.098505	0.050269	0.993866	-0.402342	0.915467	-0.006426	-0.910175	-0.399241	0.110403
35096	9.752207	-0.050334	1.182032	0.071041	0.022734	-0.002100	0.098668	0.050354	0.993846	-0.403016	0.915171	-0.006356	-0.909859	-0.399909	0.110592
35097	9.705797	-0.056697	1.234794	0.066279	0.016853	-0.003652	0.098781	0.050441	0.993830	-0.403672	0.914882	-0.006311	-0.909555	-0.400558	0.110734
35098	9.741956	-0.035544	1.154845	0.044948	0.011747	-0.004084	0.098852	0.050463	0.993822	-0.404107	0.914691	-0.006250	-0.909355	-0.400992	0.110812
35099	9.733242	-0.001420	1.152995	0.033834	0.010519	-0.003255	0.098931	0.050577	0.993808	-0.404657	0.914447	-0.006256	-0.909101	-0.401533	0.110934
35100	9.724617	-0.039978	1.140493	0.016063	0.008972	-0.003524	0.098975	0.050594	0.993803	-0.404830	0.914371	-0.006232	-0.909020	-0.401704	0.110982
35101	9.703583	-0.034913	1.052491	0.001907	0.007310	-0.003897	0.099003	0.050653	0.993797	-0.405000	0.914295	-0.006254	-0.908941	-0.401869	0.111032
35102	9.766810	-0.021207	1.018801	-0.006267	0.006779	-0.005596	0.099035	0.050642	0.993794	-0.404968	0.914310	-0.006235	-0.908952	-0.401837	0.111057
35103	9.782555	-0.035872	1.008570	0.001058	0.013375	0.002184	0.099100	0.050796	0.993780	-0.405211	0.914202	-0.006321	-0.908836	-0.402064	0.111180
35104	9.873856	-0.009064	1.050572	0.004938	0.021927	0.005822	0.099224	0.050950	0.993760	-0.405292	0.914165	-0.006403	-0.908787	-0.402127	0.111356
35105	9.810226	-0.022638	1.087812	0.025779	0.036801	0.003852	0.099467	0.051163	0.993725	-0.405571	0.914040	-0.006464	-0.908635	-0.402383	0.111667
35106	9.756061	-0.009493	0.997125	0.014804	0.031616	0.008136	0.099670	0.051377	0.993693	-0.405744	0.913963	-0.006558	-0.908536	-0.402532	0.111940
35107	9.735151	-0.045040	1.070221	0.012175	0.028804	0.009876	0.099786	0.051558	0.993672	-0.405714	0.913975	-0.006680	-0.908536	-0.402481	0.112120
35108	9.747150	-0.089775	1.148313	0.008964	0.026535	0.012919	0.099923	0.051796	0.993646	-0.405839	0.913919	-0.006828	-0.908466	-0.402578	0.112342
35109	9.681021	-0.073156	1.139985	-0.004160	0.018263	0.013908	0.100004	0.052096	0.993622	-0.406055	0.913821	-0.007044	-0.908360	-0.402761	0.112539
35110	9.708893	-0.093579	1.046366	-0.024924	0.005504	0.007896	0.099970	0.052203	0.993620	-0.405867	0.913904	-0.007180	-0.908448	-0.402560	0.112550
35111	9.747930	-0.178347	0.999469	-0.032912	-0.002664	0.009385	0.099841	0.052321	0.993627	-0.405658	0.913995	-0.007367	-0.908556	-0.402337	0.112478
35112	9.779667	-0.209185	0.976601	-0.024110	-0.006359	0.009522	0.099692	0.052395	0.993638	-0.405479	0.914074	-0.007518	-0.908652	-0.402150	0.112371
35113	9.780936	-0.262063	0.993406	-0.002497	0.000326	0.009458	0.099592	0.052533	0.993641	-0.405592	0.914022	-0.007672	-0.908612	-0.402248	0.112337
35114	9.747916	-0.254097	0.988822	0.039973	0.012394	0.014878	0.099592	0.052732	0.993630	-0.406001	0.913840	-0.007804	-0.908430	-0.402637	0.112421
35115	9.705121	-0.272787	1.113349	0.075265	0.013918	0.015972	0.099630	0.053049	0.993609	-0.407010	0.913389	-0.007954	-0.907974	-0.403616	0.112592
35116	9.730528	-0.228300	1.144743	0.091853	0.013150	0.014876	0.099637	0.053251	0.993598	-0.407889	0.912996	-0.008028	-0.907579	-0.404478	0.112688
35117	9.730390	-0.155910	1.156184	0.092450	0.005525	0.009322	0.099561	0.053363	0.993600	-0.408691	0.912637	-0.008063	-0.907226	-0.405272	0.112671
35118	9.688896	-0.113423	1.148185	0.082545	-0.000462	0.007273	0.099474	0.053440	0.993604	-0.409478	0.912284	-0.008072	-0.906881	-0.406056	0.112632
35119	9.719413	-0.018255	1.118566	0.062172	-0.006136	-0.003235	0.099377	0.053439	0.993614	-0.410119	0.911996	-0.008031	-0.906602	-0.406702	0.112548
35120	9.740192	-0.021852	1.207079	0.058964	-0.001287	0.004055	0.099296	0.053484	0.993619	-0.410689	0.911740	-0.008035	-0.906353	-0.407271	0.112498
35121	9.715797	-0.045713	1.204997	0.058836	0.002668	0.000585	0.099253	0.053545	0.993621	-0.411310	0.911460	-0.008031	-0.906076	-0.407889	0.112489
35122	9.702393	-0.133792	1.250909	0.067207	-0.004413	0.005507	0.099138	0.053590	0.993630	-0.411955	0.911169	-0.008040	-0.905795	-0.408534	0.112408
35123	9.723165	-0.171623	1.170061	0.086314	-0.007874	0.006663	0.098993	0.053695	0.993638	-0.412937	0.910724	-0.008075	-0.905364	-0.409511	0.112328
35124	9.739100	-0.113527	1.168404	0.098989	-0.006397	0.006446	0.098856	0.053740	0.993650	-0.413870	0.910300	-0.008057	-0.904952	-0.410446	0.112230
35125	9.763556	-0.015560	1.180084	0.105358	-0.001591	-0.003380	0.098758	0.053676	0.993663	-0.414613	0.909963	-0.007947	-0.904623	-0.411201	0.112121
35126	9.634307	0.063685	1.213922	0.099160	0.008611	-0.005034	0.098805	0.053678	0.993658	-0.415536	0.909543	-0.007815	-0.904195	-0.412128	0.112172
35127	9.663507	0.100991	1.316457	0.104373	0.005062	-0.004778	0.098783	0.053642	0.993662	-0.416299	0.909195	-0.007696	-0.903846	-0.412900	0.112144
35128	9.594043	0.091994	1.392415	0.096118	-0.006982	0.008992	0.098630	0.053707	0.993674	-0.417207	0.908779	-0.007708	-0.903444	-0.413808	0.112040
35129	9.606455	0.159584	1.316876	0.067926	-0.025093	0.007256	0.098282	0.053670	0.993710	-0.417769	0.908520	-0.007750	-0.903222	-0.414379	0.111713
35130	9.648345	0.189558	1.332225	0.045328	-0.034901	0.017174	0.097843	0.053694	0.993752	-0.418226	0.908309	-0.007900	-0.903058	-0.414840	0.111327
35131	9.667184	0.142475	1.362691	0.018963	-0.040671	0.023711	0.097334	0.053807	0.993796	-0.418538	0.908162	-0.008179	-0.902968	-0.415145	0.110915
35132	9.778593	0.107872	1.291239	0.008179	-0.040593	0.027738	0.096799	0.053904	0.993843	-0.418670	0.908099	-0.008475	-0.902965	-0.415272	0.110470
35133	9.816672	-0.000587	1.214072	0.003854	-0.038303	0.037366	0.096207	0.054089	0.993891	-0.418721	0.908072	-0.008888	-0.903005	-0.415307	0.110011
35134	9.788893	-0.019067	1.135985	0.003548	-0.036179	0.038137	0.095668	0.054298	0.993931	-0.418820	0.908022	-0.009293	-0.903016	-0.415389	0.109610
35135	9.785441	-0.013389	1.060175	0.017805	-0.031046	0.042471	0.095141	0.054597	0.993966	-0.419130	0.907874	-0.009750	-0.902928	-0.415673	0.109259
35136	9.749222	0.073651	0.988677	0.015172	-0.033843	0.044232	0.094597	0.054870	0.994002	-0.419340	0.907772	-0.010203	-0.902887	-0.415859	0.108882
35137	9.736785	0.199614	1.060476	0.016817	-0.035246	0.036603	0.094067	0.055111	0.994039	-0.419667	0.907616	-0.010605	-0.902790	-0.416168	0.108505
35138	9.665761	0.289845	1.097455	0.009819	-0.040579	0.032071	0.093514	0.055246	0.994084	-0.419817	0.907543	-0.010944	-0.902778	-0.416310	0.108061
35139	9.652045	0.322794	1.131066	-0.002007	-0.057554	0.033783	0.092764	0.055318	0.994150	-0.419821	0.907536	-0.011325	-0.902854	-0.416315	0.107410
35140	9.697090	0.318933	1.188098	-0.034069	-0.073633	0.036728	0.091892	0.055358	0.994229	-0.419578	0.907643	-0.011757	-0.903056	-0.416076	0.106632
35141	9.774948	0.232532	1.239518	-0.068838	-0.085126	0.041928	0.090894	0.055427	0.994317	-0.419051	0.907879	-0.012301	-0.903401	-0.415552	0.105748
35142	9.750155	0.181752	1.201788	-0.087491	-0.093386	0.051274	0.089783	0.055517	0.994413	-0.418338	0.908199	-0.012934	-0.903843	-0.414839	0.104766
35143	9.676804	0.154199	1.168917	-0.118551	-0.108614	0.056145	0.088456	0.055561	0.994529	-0.417296	0.908668	-0.013649	-0.904456	-0.413806	0.103562
35144	9.682371	0.123239	1.088816	-0.130437	-0.120186	0.066335	0.087039	0.055680	0.994648	-0.416205	0.909156	-0.014473	-0.905095	-0.412717	0.102307
35145	9.725095	0.072995	1.084826	-0.133253	-0.135246	0.064156	0.085481	0.055741	0.994779	-0.415160	0.909620	-0.015295	-0.905724	-0.411685	0.100896
35146	9.741171	0.101940	1.042937	-0.131912	-0.136506	0.065280	0.083920	0.055787	0.994910	-0.414051	0.910111	-0.016107	-0.906377	-0.410592	0.099476
35147	9.701804	0.012105	1.028946	-0.128767	-0.141730	0.074196	0.082273	0.055923	0.995040	-0.413038	0.910555	-0.017023	-0.906990	-0.409588	0.098012
35148	9.665897	-0.036616	1.069487	-0.128254	-0.144001	0.077147	0.080595	0.056050	0.995170	-0.411968	0.911022	-0.017946	-0.907627	-0.408532	0.096515
35149	9.691248	-0.094276	1.046684	-0.138960	-0.152935	0.084989	0.078795	0.056234	0.995303	-0.410850	0.911505	-0.018974	-0.908291	-0.407426	0.094926
35150	9.744623	-0.151510	0.955580	-0.149015	-0.153235	0.087798	0.076990	0.056425	0.995434	-0.409596	0.912048	-0.020019	-0.909013	-0.406184	0.093330
35151	9.845551	-0.117412	0.965876	-0.141630	-0.131884	0.096574	0.075336	0.056816	0.995538	-0.408541	0.912495	-0.021161	-0.909626	-0.405124	0.091956
35152	9.796398	-0.000264	0.926154	-0.146818	-0.117175	0.097188	0.073821	0.057243	0.995627	-0.407308	0.913019	-0.022293	-0.910302	-0.403882	0.090715
35153	9.800574	0.082092	0.954172	-0.142929	-0.091826	0.093901	0.072525	0.057727	0.995695	-0.405964	0.913590	-0.023397	-0.911007	-0.402519	0.089694
35154	9.723609	0.198488	0.986803	-0.152404	-0.079849	0.091991	0.071372	0.058261	0.995747	-0.404672	0.914134	-0.024480	-0.911672	-0.401204	0.088820
35155	9.666849	0.164693	1.087688	-0.170884	-0.069335	0.090306	0.070337	0.058862	0.995785	-0.403272	0.914723	-0.025586	-0.912373	-0.399772	0.088076
35156	9.652669	-0.007919	1.115018	-0.207632	-0.078204	0.100961	0.069164	0.059488	0.995830	-0.401478	0.915477	-0.026804	-0.913254	-0.397950	0.087201
35157	9.661679	-0.230473	1.131481	-0.245556	-0.089306	0.110244	0.067871	0.060208	0.995876	-0.399502	0.916300	-0.028170	-0.914217	-0.395942	0.086244
35158	9.695828	-0.296683	1.028090	-0.294730	-0.106640	0.120710	0.066362	0.060908	0.995935	-0.396917	0.917375	-0.029656	-0.915452	-0.393336	0.085055
35159	9.666061	-0.281171	1.040190	-0.332459	-0.111467	0.109855	0.064834	0.061500	0.995999	-0.394032	0.918572	-0.031070	-0.916807	-0.390441	0.083788
35160	9.630414	-0.388364	1.098344	-0.358336	-0.114413	0.108723	0.063305	0.062069	0.996062	-0.390845	0.919883	-0.032482	-0.918277	-0.387249	0.082493
35161	9.662291	-0.483997	1.077864	-0.380374	-0.115265	0.090737	0.061857	0.062519	0.996125	-0.387547	0.921232	-0.033753	-0.919772	-0.383957	0.081213
35162	9.683733	-0.564806	1.025984	-0.395911	-0.126872	0.081608	0.060322	0.062801	0.996201	-0.383983	0.922680	-0.034916	-0.921368	-0.380418	0.079772
35163	9.706746	-0.613203	0.886576	-0.416106	-0.137158	0.075267	0.058722	0.063034	0.996282	-0.380408	0.924116	-0.036047	-0.922953	-0.376877	0.078245
35164	9.725181	-0.619282	0.887059	-0.434129	-0.129760	0.073527	0.057193	0.063243	0.996358	-0.376471	0.925683	-0.037147	-0.924661	-0.372976	0.076752
35165	9.690846	-0.692403	0.855078	-0.434304	-0.121471	0.075550	0.055757	0.063570	0.996419	-0.372754	0.927140	-0.038292	-0.926254	-0.369284	0.075391
35166	9.645830	-0.751386	0.793071	-0.417414	-0.128022	0.081767	0.054215	0.063874	0.996484	-0.368960	0.928608	-0.039450	-0.927863	-0.365524	0.073912
35167	9.701889	-0.820864	0.769441	-0.393555	-0.138335	0.083553	0.052593	0.064223	0.996549	-0.365599	0.929885	-0.040632	-0.929285	-0.362201	0.072386
35168	9.754633	-0.856104	0.701836	-0.366648	-0.138686	0.070477	0.050995	0.064396	0.996621	-0.362258	0.931148	-0.041629	-0.930682	-0.358911	0.070812
35169	9.752788	-0.798251	0.557993	-0.343177	-0.126906	0.070633	0.049514	0.064657	0.996678	-0.359247	0.932268	-0.042632	-0.931928	-0.355943	0.069389
35170	9.747107	-0.787815	0.655997	-0.301513	-0.123685	0.064118	0.048080	0.064834	0.996737	-0.356498	0.933282	-0.043510	-0.933058	-0.353243	0.067985
35171	9.752739	-0.844718	0.798180	-0.252085	-0.118207	0.059970	0.046729	0.065048	0.996787	-0.354365	0.934055	-0.044342	-0.933939	-0.351155	0.066699
35172	9.725797	-0.891705	0.937782	-0.208701	-0.112088	0.061782	0.045412	0.065250	0.996835	-0.352476	0.934732	-0.045127	-0.934719	-0.349311	0.065447
35173	9.689780	-0.802026	0.865059	-0.209907	-0.122827	0.051312	0.044032	0.065348	0.996891	-0.350563	0.935417	-0.045834	-0.935504	-0.347455	0.064097
35174	9.677343	-0.563383	0.837683	-0.243269	-0.143866	0.033081	0.042519	0.065176	0.996968	-0.348332	0.936225	-0.046350	-0.936406	-0.345305	0.062510
35175	9.726782	-0.344459	0.858062	-0.282773	-0.152793	0.018313	0.041014	0.064928	0.997047	-0.345977	0.937076	-0.046791	-0.937346	-0.343036	0.060897
35176	9.730322	-0.311828	0.942592	-0.322294	-0.143436	0.005543	0.039599	0.064508	0.997131	-0.342988	0.938160	-0.047072	-0.938505	-0.340140	0.059275
35177	9.688038	-0.378600	0.992851	-0.353346	-0.145711	0.009322	0.038154	0.064159	0.997210	-0.339758	0.939316	-0.047435	-0.939739	-0.337000	0.057637
35178	9.691677	-0.523820	0.859588	-0.401949	-0.170275	0.007107	0.036477	0.063674	0.997304	-0.336012	0.940646	-0.047766	-0.941151	-0.333364	0.055707
35179	9.746044	-0.638816	0.657556	-0.435839	-0.189140	0.012329	0.034604	0.063213	0.997400	-0.331987	0.942053	-0.048187	-0.942649	-0.329456	0.053585
35180	9.745107	-0.784520	0.559464	-0.478537	-0.211108	0.022036	0.032488	0.062748	0.997500	-0.327511	0.943592	-0.048690	-0.944289	-0.325111	0.051207
35181	9.775234	-0.760375	0.267532	-0.526006	-0.252619	0.024654	0.029931	0.062166	0.997617	-0.322387	0.945327	-0.049235	-0.946135	-0.320145	0.048336
35182	9.752546	-0.673371	-0.058310	-0.559597	-0.286774	0.019834	0.027101	0.061462	0.997741	-0.317125	0.947079	-0.049727	-0.947997	-0.315061	0.045158
35183	9.764660	-0.574778	-0.354222	-0.576878	-0.307232	0.006337	0.024085	0.060576	0.997873	-0.311561	0.948905	-0.050084	-0.949921	-0.309692	0.041727
35184	9.877419	-0.484934	-0.615411	-0.583460	-0.324277	-0.016176	0.021001	0.059447	0.998011	-0.306041	0.950694	-0.050189	-0.951787	-0.304378	0.038158
35185	9.878629	-0.544452	-0.752290	-0.559240	-0.308393	-0.034377	0.018112	0.058234	0.998139	-0.300769	0.952380	-0.050107	-0.953525	-0.299302	0.034764
35186	9.776553	-0.736839	-0.777421	-0.489300	-0.303943	-0.039221	0.015278	0.056978	0.998259	-0.296125	0.953844	-0.049911	-0.955027	-0.294847	0.031445
35187	9.712925	-1.029986	-0.750715	-0.383545	-0.303158	-0.044359	0.012514	0.055773	0.998365	-0.292843	0.954869	-0.049673	-0.956079	-0.291743	0.028282
35188	9.593673	-1.279835	-0.782012	-0.257836	-0.308289	-0.053633	0.009671	0.054385	0.998473	-0.290403	0.955637	-0.049239	-0.956856	-0.289483	0.025036
35189	9.674303	-1.511226	-0.671728	-0.119899	-0.321881	-0.060674	0.006703	0.052908	0.998577	-0.289305	0.955997	-0.048710	-0.957213	-0.288567	0.021715
35190	9.808272	-1.518761	-0.554434	0.038619	-0.311328	-0.069753	0.003875	0.051363	0.998673	-0.289703	0.955910	-0.048039	-0.957109	-0.289132	0.018584
35191	9.838752	-1.327310	-0.311875	0.193073	-0.293300	-0.067690	0.001217	0.049917	0.998753	-0.291672	0.955344	-0.047392	-0.956518	-0.291251	0.015722
35192	9.855185	-1.068476	-0.062602	0.328819	-0.278057	-0.061802	-0.001311	0.048533	0.998821	-0.294847	0.954399	-0.046761	-0.955543	-0.294561	0.013059
35193	9.904740	-0.754351	0.292330	0.414608	-0.256662	-0.049850	-0.003664	0.047357	0.998871	-0.298887	0.953165	-0.046286	-0.954281	-0.298719	0.010662
35194	9.970321	-0.407591	0.466158	0.465483	-0.231133	-0.035604	-0.005811	0.046342	0.998909	-0.303359	0.951769	-0.045920	-0.952859	-0.303295	0.008527
35195	10.073103	-0.109091	0.723013	0.453284	-0.201298	-0.026359	-0.007670	0.045564	0.998932	-0.307903	0.950319	-0.045711	-0.951387	-0.307925	0.006741
35196	9.989749	-0.063675	0.957410	0.385484	-0.173959	-0.020286	-0.009312	0.044853	0.998950	-0.311601	0.949122	-0.045520	-0.950167	-0.311698	0.005138
35197	9.914400	-0.240011	1.041598	0.275647	-0.153299	-0.017567	-0.010721	0.044299	0.998961	-0.314540	0.948157	-0.045422	-0.949184	-0.314700	0.003769
35198	9.903461	-0.573457	0.967312	0.147451	-0.150707	-0.013784	-0.012158	0.043713	0.998970	-0.315972	0.947686	-0.045314	-0.948691	-0.316198	0.002290
35199	9.927087	-0.850046	0.955025	0.047576	-0.136140	-0.006810	-0.013451	0.043304	0.998971	-0.316638	0.947462	-0.045335	-0.948451	-0.316922	0.000967
35200	9.701223	-0.994034	1.024116	-0.049072	-0.148414	0.007336	-0.014933	0.042923	0.998967	-0.316203	0.947603	-0.045443	-0.948574	-0.316554	-0.000578
35201	9.507328	-1.052106	0.870688	-0.148102	-0.169825	-0.000185	-0.016649	0.042375	0.998963	-0.314653	0.948117	-0.045462	-0.949061	-0.315084	-0.002451
35202	9.532291	-1.229187	0.546866	-0.214877	-0.188110	-0.015461	-0.018437	0.041657	0.998962	-0.312647	0.948787	-0.045335	-0.949690	-0.313158	-0.004468
35203	9.509488	-1.435071	0.286769	-0.219846	-0.220837	-0.036845	-0.020458	0.040687	0.998962	-0.310733	0.949430	-0.045033	-0.950277	-0.311332	-0.006781
35204	9.472750	-1.398384	-0.218874	-0.210287	-0.263612	-0.061356	-0.022825	0.039306	0.998966	-0.308779	0.950095	-0.044438	-0.950860	-0.309474	-0.009549
35205	9.522218	-1.473351	-0.491789	-0.187762	-0.297095	-0.087693	-0.025438	0.037607	0.998969	-0.307093	0.950680	-0.043609	-0.951340	-0.307885	-0.012635
35206	9.693292	-1.494152	-0.534942	-0.125046	-0.311884	-0.105603	-0.028133	0.035664	0.998968	-0.305962	0.951091	-0.042571	-0.951628	-0.306844	-0.015845
35207	9.792462	-1.393591	-0.474198	-0.042029	-0.311219	-0.126508	-0.030811	0.033542	0.998962	-0.305435	0.951314	-0.041362	-0.951714	-0.306392	-0.019066
35208	9.867414	-1.254870	-0.226955	0.037554	-0.302026	-0.132896	-0.033329	0.031372	0.998952	-0.305865	0.951231	-0.040078	-0.951491	-0.306881	-0.022108
35209	9.874423	-0.986050	-0.041910	0.093810	-0.283959	-0.135549	-0.035649	0.029286	0.998935	-0.307006	0.950915	-0.038834	-0.951040	-0.308064	-0.024908
35210	9.800040	-0.809611	0.194862	0.122224	-0.266140	-0.141482	-0.037795	0.027140	0.998917	-0.308251	0.950566	-0.037489	-0.950554	-0.309334	-0.027561
35211	9.653810	-0.637219	0.530328	0.126973	-0.270684	-0.145022	-0.039932	0.025000	0.998890	-0.309831	0.950104	-0.036164	-0.949953	-0.310931	-0.030194
35212	9.672958	-0.642643	0.939981	0.115892	-0.304066	-0.144480	-0.042422	0.022700	0.998842	-0.311022	0.949766	-0.034794	-0.949456	-0.312138	-0.033230
35213	9.804356	-0.766506	1.397542	0.081764	-0.313353	-0.134844	-0.045026	0.020481	0.998776	-0.312016	0.949485	-0.033536	-0.949009	-0.313144	-0.036361
35214	9.687864	-0.817448	1.673919	0.008328	-0.319921	-0.119735	-0.047739	0.018362	0.998691	-0.312181	0.949471	-0.032380	-0.948822	-0.313318	-0.039594
35215	9.627663	-0.497425	1.856729	-0.110897	-0.337670	-0.110247	-0.050644	0.016373	0.998583	-0.311290	0.949797	-0.031361	-0.948965	-0.312437	-0.043004
35216	9.635575	-0.208089	2.163316	-0.287227	-0.356323	-0.106935	-0.053745	0.014269	0.998453	-0.308649	0.950696	-0.030201	-0.949656	-0.309795	-0.046691
35217	9.760612	-0.018460	2.420915	-0.496419	-0.355782	-0.104425	-0.056794	0.012303	0.998310	-0.304371	0.952111	-0.029049	-0.950859	-0.305506	-0.050329
35218	9.847429	-0.262142	2.511932	-0.681870	-0.318768	-0.088449	-0.059612	0.010517	0.998166	-0.297963	0.954171	-0.027848	-0.952714	-0.299077	-0.053746
35219	10.010643	-0.822577	2.238191	-0.827522	-0.289704	-0.058975	-0.062233	0.009180	0.998019	-0.290303	0.956557	-0.026900	-0.954909	-0.291402	-0.056864
35220	10.018637	-1.595824	1.505685	-0.933951	-0.209245	-0.030623	-0.064196	0.008308	0.997903	-0.281423	0.959229	-0.026090	-0.957434	-0.282507	-0.059240
35221	9.999927	-2.264619	0.476105	-0.988386	-0.163123	-0.021839	-0.065673	0.007767	0.997811	-0.272409	0.961846	-0.025416	-0.959938	-0.273482	-0.061051
35222	10.018517	-2.116356	-0.722873	-1.055285	-0.124797	-0.049945	-0.066788	0.006974	0.997743	-0.262328	0.964673	-0.024303	-0.962665	-0.263359	-0.062599
35223	10.232988	-1.203519	-1.809129	-1.127388	-0.101262	-0.116946	-0.067494	0.005676	0.997704	-0.251755	0.967528	-0.022535	-0.965434	-0.252698	-0.063874
35224	10.357388	-0.042870	-2.372162	-1.134620	-0.023639	-0.167789	-0.067358	0.004016	0.997721	-0.240930	0.970333	-0.020171	-0.968202	-0.241740	-0.064392
35225	9.887265	0.444911	-2.398361	-1.064668	0.038849	-0.200779	-0.066508	0.002280	0.997783	-0.231084	0.972774	-0.017626	-0.970658	-0.231744	-0.064171
35226	9.670450	0.390030	-1.988883	-0.935627	-0.028188	-0.212648	-0.066348	0.000171	0.997797	-0.222165	0.974895	-0.014940	-0.972749	-0.222667	-0.064645
35227	9.591257	-0.051012	-1.710996	-0.921797	-0.163830	-0.236138	-0.067460	-0.002394	0.997719	-0.213553	0.976857	-0.012095	-0.974600	-0.213882	-0.066410
35228	9.748240	-0.795475	-1.770315	-0.979157	-0.327146	-0.248308	-0.070180	-0.005480	0.997519	-0.204204	0.978887	-0.008989	-0.976409	-0.204328	-0.069817
35229	10.230411	-1.278664	-1.809797	-1.005982	-0.423920	-0.265735	-0.073843	-0.008827	0.997231	-0.194690	0.980848	-0.005735	-0.978081	-0.194575	-0.074147
35230	10.223966	-1.390832	-1.621085	-0.962364	-0.401113	-0.270374	-0.077302	-0.012215	0.996933	-0.185506	0.982640	-0.002344	-0.979598	-0.185119	-0.078226
35231	9.958210	-1.349489	-1.043345	-0.823566	-0.373158	-0.263053	-0.080435	-0.015325	0.996642	-0.178154	0.984002	0.000752	-0.980710	-0.177495	-0.081879
35232	10.230090	-1.041699	-0.325971	-0.682099	-0.338187	-0.265064	-0.083336	-0.018495	0.996350	-0.171711	0.985140	0.003925	-0.981616	-0.170757	-0.085273
35233	10.895053	-0.759818	-0.110328	-0.558540	-0.209342	-0.261955	-0.084872	-0.021289	0.996164	-0.167099	0.985916	0.006834	-0.982280	-0.165878	-0.087234
35234	11.174829	-0.951035	-0.360590	-0.357211	-0.012396	-0.220438	-0.084675	-0.023454	0.996132	-0.163808	0.986448	0.009302	-0.982851	-0.162387	-0.087370
35235	10.998359	-0.971129	0.077416	0.011535	0.112548	-0.117845	-0.083427	-0.024264	0.996218	-0.164135	0.986384	0.010280	-0.982904	-0.162657	-0.086273
35236	10.297515	-0.660700	1.048695	0.356857	0.196886	-0.022522	-0.081501	-0.024133	0.996381	-0.167693	0.985787	0.010160	-0.982465	-0.166258	-0.084389
35237	9.845316	-0.249247	1.816989	0.483371	0.266659	-0.009846	-0.078773	-0.023591	0.996613	-0.173140	0.984850	0.009628	-0.981742	-0.171795	-0.081664
35238	9.609501	0.096853	2.115086	0.419574	0.348712	-0.039787	-0.075327	-0.023348	0.996886	-0.177321	0.984106	0.009650	-0.981266	-0.176042	-0.078269
35239	9.641970	0.237586	1.859611	0.270025	0.426258	-0.056014	-0.071056	-0.022934	0.997209	-0.180335	0.983557	0.009770	-0.981035	-0.179137	-0.074023
35240	9.863716	0.134347	1.182428	0.171693	0.504748	-0.057461	-0.066046	-0.022561	0.997561	-0.182091	0.983229	0.010181	-0.981061	-0.180975	-0.069046
35241	9.990087	0.111343	0.765038	0.131653	0.570008	-0.041160	-0.060317	-0.021767	0.997942	-0.184009	0.982870	0.010316	-0.981072	-0.183008	-0.063289
35242	10.110237	0.223711	0.469049	0.152018	0.628039	-0.022471	-0.054160	-0.020804	0.998316	-0.185547	0.982580	0.010410	-0.981142	-0.184670	-0.057077
35243	10.083344	0.491404	0.270902	0.228650	0.681789	-0.003188	-0.047311	-0.019287	0.998694	-0.188854	0.981954	0.010017	-0.980865	-0.188133	-0.050100
35244	10.054638	0.659783	0.100201	0.322198	0.726919	-0.003822	-0.040221	-0.017916	0.999030	-0.192050	0.981336	0.009867	-0.980561	-0.191467	-0.042911
35245	10.038440	0.787152	-0.032533	0.396878	0.773090	-0.016081	-0.032626	-0.016412	0.999333	-0.196237	0.980508	0.009696	-0.980013	-0.195790	-0.035210
35246	10.148935	0.899295	-0.078315	0.449338	0.830655	-0.039060	-0.024457	-0.015121	0.999587	-0.200686	0.979606	0.009908	-0.979350	-0.200361	-0.026992
35247	10.303351	0.828169	-0.136051	0.500689	0.888489	-0.062436	-0.015605	-0.013729	0.999784	-0.206099	0.978478	0.010219	-0.978407	-0.205895	-0.018099
35248	10.372210	0.545137	-0.152104	0.579116	0.944500	-0.085364	-0.006238	-0.012563	0.999902	-0.211808	0.977250	0.010957	-0.977291	-0.211719	-0.008757
35249	10.388056	0.247080	0.065593	0.675290	0.985026	-0.078776	0.003474	-0.011127	0.999932	-0.218341	0.975803	0.011617	-0.975866	-0.218366	0.000960
35250	10.377580	-0.218443	0.278095	0.760465	1.025261	-0.064075	0.013565	-0.009446	0.999863	-0.225787	0.974100	0.012266	-0.974082	-0.225922	0.011081
35251	10.477494	-0.659335	0.440053	0.878279	1.066948	-0.031734	0.023938	-0.007168	0.999688	-0.234264	0.972092	0.012579	-0.971878	-0.234492	0.021591
35252	10.563047	-1.008729	0.573314	1.047731	1.119582	0.009908	0.034732	-0.004361	0.999387	-0.244472	0.969573	0.012727	-0.969034	-0.244764	0.032609
35253	10.790554	-1.070878	0.644834	1.272126	1.205033	0.034251	0.046216	-0.000892	0.998931	-0.256727	0.966400	0.012741	-0.965378	-0.257042	0.044434
35254	11.033373	-1.011890	0.654162	1.484300	1.350489	0.038460	0.059073	0.003073	0.998249	-0.271081	0.962468	0.013079	-0.960742	-0.271379	0.057689
35255	10.979915	-0.875168	0.623890	1.714649	1.526650	0.015553	0.073558	0.007588	0.997262	-0.287446	0.957696	0.013915	-0.954968	-0.287682	0.072628
